01/01/2000,SLC,UT,ANM,WE,Combined TRACON& Tower with Radar,349,175,23,4,551,50,0,0,5,55,399,175,23,9,606,32,0,32,638
01/02/2000,SLC,UT,ANM,WE,Combined TRACON& Tower with Radar,450,229,70,3,752,0,0,73,0,73,450,229,143,3,825,0,0,0,825
01/03/2000,SLC,UT,ANM,WE,Combined TRACON& Tower with Radar,468,272,67,1,808,0,8,83,2,93,468,280,150,3,901,0,0,0,901
01/04/2000,SLC,UT,ANM,WE,Combined TRACON& Tower with Radar,502,289,77,7,875,0,22,84,1,107,502,311,161,8,982,20,0,20,1002
01/05/2000,SLC,UT,ANM,WE,Combined TRACON& Tower with Radar,507,294,79,7,887,0,27,51,6,84,507,321,130,13,971,8,0,8,979
01/06/2000,SLC,UT,ANM,WE,Combined TRACON& Tower with Radar,495,286,76,7,864,0,30,165,10,205,495,316,241,17,1069,20,0,20,1089
01/07/2000,SLC,UT,ANM,WE,Combined TRACON& Tower with Radar,491,287,77,7,862,0,34,61,6,101,491,321,138,13,963,6,0,6,969
01/08/2000,SLC,UT,ANM,WE,Combined TRACON& Tower with Radar,437,247,66,5,755,29,1,50,0,80,466,248,116,5,835,0,0,0,835
01/09/2000,SLC,UT,ANM,WE,Combined TRACON& Tower with Radar,418,225,63,6,712,41,0,21,6,68,459,225,84,12,780,0,2,2,782
01/10/2000,SLC,UT,ANM,WE,Combined TRACON& Tower with Radar,460,270,52,2,784,0,18,4,0,22,460,288,56,2,806,0,0,0,806
01/11/2000,SLC,UT,ANM,WE,Combined TRACON& Tower with Radar,495,294,79,7,875,0,35,50,1,86,495,329,129,8,961,4,0,4,965
01/12/2000,SLC,UT,ANM,WE,Combined TRACON& Tower with Radar,498,283,74,7,862,0,21,173,5,199,498,304,247,12,1061,18,0,18,1079
01/13/2000,SLC,UT,ANM,WE,Combined TRACON& Tower with Radar,495,287,75,7,864,0,14,195,5,214,495,301,270,12,1078,6,0,6,1084
01/14/2000,SLC,UT,ANM,WE,Combined TRACON& Tower with Radar,500,299,78,7,884,0,2,195,1,198,500,301,273,8,1082,4,0,4,1086
01/15/2000,SLC,UT,ANM,WE,Combined TRACON& Tower with Radar,425,240,64,3,732,44,15,95,0,154,469,255,159,3,886,0,0,0,886
01/16/2000,SLC,UT,ANM,WE,Combined TRACON& Tower with Radar,430,244,65,3,742,32,3,12,0,47,462,247,77,3,789,0,0,0,789
01/17/2000,SLC,UT,ANM,WE,Combined TRACON& Tower with Radar,468,269,72,5,814,0,10,152,7,169,468,279,224,12,983,0,0,0,983
01/18/2000,SLC,UT,ANM,WE,Combined TRACON& Tower with Radar,485,284,76,6,851,0,5,65,2,72,485,289,141,8,923,32,0,32,955
01/19/2000,SLC,UT,ANM,WE,Combined TRACON& Tower with Radar,489,295,79,6,869,0,40,179,9,228,489,335,258,15,1097,14,0,14,1111
01/20/2000,SLC,UT,ANM,WE,Combined TRACON& Tower with Radar,505,295,79,6,885,0,14,178,8,200,505,309,257,14,1085,26,0,26,1111
01/21/2000,SLC,UT,ANM,WE,Combined TRACON& Tower with Radar,492,307,111,13,923,0,4,100,0,104,492,311,211,13,1027,0,2,2,1029
01/22/2000,SLC,UT,ANM,WE,Combined TRACON& Tower with Radar,461,235,46,5,747,0,11,42,2,55,461,246,88,7,802,8,0,8,810
01/23/2000,SLC,UT,ANM,WE,Combined TRACON& Tower with Radar,432,235,65,5,737,20,0,111,3,134,452,235,176,8,871,0,0,0,871
01/24/2000,SLC,UT,ANM,WE,Combined TRACON& Tower with Radar,468,270,72,1,811,0,17,96,0,113,468,287,168,1,924,0,0,0,924
01/25/2000,SLC,UT,ANM,WE,Combined TRACON& Tower with Radar,477,301,71,8,857,0,8,14,0,22,477,309,85,8,879,4,0,4,883
01/26/2000,SLC,UT,ANM,WE,Combined TRACON& Tower with Radar,491,291,78,6,866,0,36,50,10,96,491,327,128,16,962,6,0,6,968
01/27/2000,SLC,UT,ANM,WE,Combined TRACON& Tower with Radar,487,289,77,6,859,0,23,183,10,216,487,312,260,16,1075,4,0,4,1079
01/28/2000,SLC,UT,ANM,WE,Combined TRACON& Tower with Radar,481,290,77,6,854,0,16,222,6,244,481,306,299,12,1098,4,0,4,1102
01/29/2000,SLC,UT,ANM,WE,Combined TRACON& Tower with Radar,418,236,63,4,721,31,4,221,0,256,449,240,284,4,977,0,0,0,977
01/30/2000,SLC,UT,ANM,WE,Combined TRACON& Tower with Radar,425,225,64,5,719,26,0,119,0,145,451,225,183,5,864,6,0,6,870
01/31/2000,SLC,UT,ANM,WE,Combined TRACON& Tower with Radar,437,256,96,4,793,0,1,4,1,6,437,257,100,5,799,0,0,0,799
02/01/2000,SLC,UT,ANM,WE,Combined TRACON& Tower with Radar,496,297,84,7,884,0,12,121,10,143,496,309,205,17,1027,24,0,24,1051
02/02/2000,SLC,UT,ANM,WE,Combined TRACON& Tower with Radar,490,292,82,7,871,0,28,154,10,192,490,320,236,17,1063,32,0,32,1095
02/03/2000,SLC,UT,ANM,WE,Combined TRACON& Tower with Radar,498,300,85,7,890,0,10,91,5,106,498,310,176,12,996,18,0,18,1014
02/04/2000,SLC,UT,ANM,WE,Combined TRACON& Tower with Radar,492,294,83,7,876,0,17,164,5,186,492,311,247,12,1062,20,0,20,1082
02/05/2000,SLC,UT,ANM,WE,Combined TRACON& Tower with Radar,422,236,71,5,734,46,0,154,1,201,468,236,225,6,935,2,0,2,937
02/06/2000,SLC,UT,ANM,WE,Combined TRACON& Tower with Radar,455,224,71,8,758,3,8,108,1,120,458,232,179,9,878,2,0,2,880
02/07/2000,SLC,UT,ANM,WE,Combined TRACON& Tower with Radar,454,259,68,1,782,3,8,156,9,176,457,267,224,10,958,4,0,4,962
02/08/2000,SLC,UT,ANM,WE,Combined TRACON& Tower with Radar,483,303,84,7,877,3,10,177,2,192,486,313,261,9,1069,12,0,12,1081
02/09/2000,SLC,UT,ANM,WE,Combined TRACON& Tower with Radar,478,306,78,6,868,3,10,136,1,150,481,316,214,7,1018,2,0,2,1020
02/10/2000,SLC,UT,ANM,WE,Combined TRACON& Tower with Radar,497,304,85,7,893,0,44,83,8,135,497,348,168,15,1028,8,0,8,1036
02/11/2000,SLC,UT,ANM,WE,Combined TRACON& Tower with Radar,475,293,85,6,859,0,44,87,4,135,475,337,172,10,994,2,0,2,996
02/12/2000,SLC,UT,ANM,WE,Combined TRACON& Tower with Radar,437,258,46,2,743,48,0,0,0,48,485,258,46,2,791,0,0,0,791
02/13/2000,SLC,UT,ANM,WE,Combined TRACON& Tower with Radar,416,245,71,3,735,26,0,21,0,47,442,245,92,3,782,8,0,8,790
02/14/2000,SLC,UT,ANM,WE,Combined TRACON& Tower with Radar,441,255,63,6,765,40,0,0,1,41,481,255,63,7,806,2,0,2,808
02/15/2000,SLC,UT,ANM,WE,Combined TRACON& Tower with Radar,522,317,90,8,937,0,31,149,7,187,522,348,239,15,1124,4,0,4,1128
02/16/2000,SLC,UT,ANM,WE,Combined TRACON& Tower with Radar,455,282,79,7,823,0,43,80,6,129,455,325,159,13,952,2,0,2,954
02/17/2000,SLC,UT,ANM,WE,Combined TRACON& Tower with Radar,491,295,86,8,880,0,0,28,6,34,491,295,114,14,914,0,0,0,914
02/18/2000,SLC,UT,ANM,WE,Combined TRACON& Tower with Radar,419,283,81,7,790,0,31,226,0,257,419,314,307,7,1047,14,0,14,1061
02/19/2000,SLC,UT,ANM,WE,Combined TRACON& Tower with Radar,454,251,76,4,785,20,0,246,0,266,474,251,322,4,1051,0,0,0,1051
02/20/2000,SLC,UT,ANM,WE,Combined TRACON& Tower with Radar,441,227,47,6,721,3,20,96,1,120,444,247,143,7,841,2,0,2,843
02/21/2000,SLC,UT,ANM,WE,Combined TRACON& Tower with Radar,456,263,76,6,801,6,0,115,0,121,462,263,191,6,922,10,0,10,932
02/22/2000,SLC,UT,ANM,WE,Combined TRACON& Tower with Radar,482,294,83,7,866,0,23,138,2,163,482,317,221,9,1029,0,0,0,1029
02/23/2000,SLC,UT,ANM,WE,Combined TRACON& Tower with Radar,504,306,86,8,904,0,13,48,5,66,504,319,134,13,970,4,0,4,974
02/24/2000,SLC,UT,ANM,WE,Combined TRACON& Tower with Radar,476,293,84,7,860,0,6,14,0,20,476,299,98,7,880,0,0,0,880
02/25/2000,SLC,UT,ANM,WE,Combined TRACON& Tower with Radar,480,299,84,7,870,0,15,96,7,118,480,314,180,14,988,0,0,0,988
02/26/2000,SLC,UT,ANM,WE,Combined TRACON& Tower with Radar,435,258,73,0,766,37,0,95,0,132,472,258,168,0,898,14,0,14,912
02/27/2000,SLC,UT,ANM,WE,Combined TRACON& Tower with Radar,457,228,78,3,766,3,4,47,0,54,460,232,125,3,820,4,0,4,824
02/28/2000,SLC,UT,ANM,WE,Combined TRACON& Tower with Radar,469,280,79,4,832,0,25,26,0,51,469,305,105,4,883,8,0,8,891
02/29/2000,SLC,UT,ANM,WE,Combined TRACON& Tower with Radar,497,298,85,7,887,0,29,135,14,178,497,327,220,21,1065,10,8,18,1083
03/01/2000,SLC,UT,ANM,WE,Combined TRACON& Tower with Radar,502,298,85,5,890,0,16,43,5,64,502,314,128,10,954,16,0,16,970
03/02/2000,SLC,UT,ANM,WE,Combined TRACON& Tower with Radar,496,296,85,5,882,0,29,181,6,216,496,325,266,11,1098,6,0,6,1104
03/03/2000,SLC,UT,ANM,WE,Combined TRACON& Tower with Radar,498,300,86,5,889,0,23,247,5,275,498,323,333,10,1164,2,0,2,1166
03/04/2000,SLC,UT,ANM,WE,Combined TRACON& Tower with Radar,403,234,67,4,708,28,14,225,2,269,431,248,292,6,977,26,0,26,1003
03/05/2000,SLC,UT,ANM,WE,Combined TRACON& Tower with Radar,428,238,71,2,739,24,0,40,0,64,452,238,111,2,803,0,0,0,803
03/06/2000,SLC,UT,ANM,WE,Combined TRACON& Tower with Radar,446,260,75,4,785,13,22,18,0,53,459,282,93,4,838,4,0,4,842
03/07/2000,SLC,UT,ANM,WE,Combined TRACON& Tower with Radar,489,298,86,5,878,0,31,142,7,180,489,329,228,12,1058,14,0,14,1072
03/08/2000,SLC,UT,ANM,WE,Combined TRACON& Tower with Radar,503,319,114,3,939,0,7,40,2,49,503,326,154,5,988,4,0,4,992
03/09/2000,SLC,UT,ANM,WE,Combined TRACON& Tower with Radar,496,313,94,7,910,0,8,25,3,36,496,321,119,10,946,6,0,6,952
03/10/2000,SLC,UT,ANM,WE,Combined TRACON& Tower with Radar,481,309,89,5,884,0,37,132,3,172,481,346,221,8,1056,4,0,4,1060
03/11/2000,SLC,UT,ANM,WE,Combined TRACON& Tower with Radar,470,242,65,4,781,0,6,124,0,130,470,248,189,4,911,8,0,8,919
03/12/2000,SLC,UT,ANM,WE,Combined TRACON& Tower with Radar,434,229,72,5,740,26,0,137,0,163,460,229,209,5,903,2,0,2,905
03/13/2000,SLC,UT,ANM,WE,Combined TRACON& Tower with Radar,454,263,76,6,799,13,15,176,17,221,467,278,252,23,1020,10,0,10,1030
03/14/2000,SLC,UT,ANM,WE,Combined TRACON& Tower with Radar,504,293,84,6,887,2,29,143,6,180,506,322,227,12,1067,26,0,26,1093
03/15/2000,SLC,UT,ANM,WE,Combined TRACON& Tower with Radar,500,295,85,6,886,0,29,69,7,105,500,324,154,13,991,17,8,25,1016
03/16/2000,SLC,UT,ANM,WE,Combined TRACON& Tower with Radar,517,303,118,16,954,0,18,186,3,207,517,321,304,19,1161,2,0,2,1163
03/17/2000,SLC,UT,ANM,WE,Combined TRACON& Tower with Radar,500,301,87,6,894,0,14,111,4,129,500,315,198,10,1023,2,0,2,1025
03/18/2000,SLC,UT,ANM,WE,Combined TRACON& Tower with Radar,425,247,71,3,746,9,27,226,0,262,434,274,297,3,1008,12,0,12,1020
03/19/2000,SLC,UT,ANM,WE,Combined TRACON& Tower with Radar,451,224,74,3,752,0,1,30,0,31,451,225,104,3,783,0,0,0,783
03/20/2000,SLC,UT,ANM,WE,Combined TRACON& Tower with Radar,461,269,75,5,810,0,10,24,6,40,461,279,99,11,850,0,0,0,850
03/21/2000,SLC,UT,ANM,WE,Combined TRACON& Tower with Radar,492,298,63,4,857,0,8,107,8,123,492,306,170,12,980,0,0,0,980
03/22/2000,SLC,UT,ANM,WE,Combined TRACON& Tower with Radar,496,291,84,6,877,0,24,216,8,248,496,315,300,14,1125,6,0,6,1131
03/23/2000,SLC,UT,ANM,WE,Combined TRACON& Tower with Radar,496,295,85,6,882,0,36,150,7,193,496,331,235,13,1075,28,0,28,1103
03/24/2000,SLC,UT,ANM,WE,Combined TRACON& Tower with Radar,489,289,84,5,867,0,31,194,11,236,489,320,278,16,1103,2,0,2,1105
03/25/2000,SLC,UT,ANM,WE,Combined TRACON& Tower with Radar,394,229,66,4,693,24,15,165,0,204,418,244,231,4,897,18,0,18,915
03/26/2000,SLC,UT,ANM,WE,Combined TRACON& Tower with Radar,431,241,73,4,749,32,0,145,1,178,463,241,218,5,927,14,0,14,941
03/27/2000,SLC,UT,ANM,WE,Combined TRACON& Tower with Radar,469,273,79,5,826,6,20,158,6,190,475,293,237,11,1016,2,0,2,1018
03/28/2000,SLC,UT,ANM,WE,Combined TRACON& Tower with Radar,497,289,84,5,875,4,29,44,10,87,501,318,128,15,962,6,0,6,968
03/29/2000,SLC,UT,ANM,WE,Combined TRACON& Tower with Radar,499,300,87,5,891,0,31,166,6,203,499,331,253,11,1094,12,0,12,1106
03/30/2000,SLC,UT,ANM,WE,Combined TRACON& Tower with Radar,492,288,84,5,869,0,32,45,8,85,492,320,129,13,954,88,0,88,1042
03/31/2000,SLC,UT,ANM,WE,Combined TRACON& Tower with Radar,487,284,82,5,858,3,30,112,5,150,490,314,194,10,1008,10,0,10,1018
04/01/2000,SLC,UT,ANM,WE,Combined TRACON& Tower with Radar,440,249,60,2,751,31,15,183,0,229,471,264,243,2,980,40,0,40,1020
04/02/2000,SLC,UT,ANM,WE,Combined TRACON& Tower with Radar,411,217,55,1,684,9,0,145,0,154,420,217,200,1,838,30,0,30,868
04/03/2000,SLC,UT,ANM,WE,Combined TRACON& Tower with Radar,470,272,70,1,813,1,16,156,12,185,471,288,226,13,998,0,0,0,998
04/04/2000,SLC,UT,ANM,WE,Combined TRACON& Tower with Radar,490,284,67,5,846,0,20,191,8,219,490,304,258,13,1065,0,0,0,1065
04/05/2000,SLC,UT,ANM,WE,Combined TRACON& Tower with Radar,494,294,69,5,862,0,18,223,14,255,494,312,292,19,1117,6,0,6,1123
04/06/2000,SLC,UT,ANM,WE,Combined TRACON& Tower with Radar,488,289,68,5,850,0,27,184,10,221,488,316,252,15,1071,36,0,36,1107
04/07/2000,SLC,UT,ANM,WE,Combined TRACON& Tower with Radar,474,279,66,5,824,0,36,221,7,264,474,315,287,12,1088,0,0,0,1088
04/08/2000,SLC,UT,ANM,WE,Combined TRACON& Tower with Radar,432,243,57,4,736,24,32,184,0,240,456,275,241,4,976,16,0,16,992
04/09/2000,SLC,UT,ANM,WE,Combined TRACON& Tower with Radar,425,230,56,4,715,21,0,111,0,132,446,230,167,4,847,38,0,38,885
04/10/2000,SLC,UT,ANM,WE,Combined TRACON& Tower with Radar,468,266,63,5,802,0,21,160,4,185,468,287,223,9,987,38,0,38,1025
04/11/2000,SLC,UT,ANM,WE,Combined TRACON& Tower with Radar,480,277,66,5,828,0,34,219,7,260,480,311,285,12,1088,4,0,4,1092
04/12/2000,SLC,UT,ANM,WE,Combined TRACON& Tower with Radar,489,288,68,5,850,0,58,201,14,273,489,346,269,19,1123,16,0,16,1139
04/13/2000,SLC,UT,ANM,WE,Combined TRACON& Tower with Radar,489,285,67,5,846,0,28,124,10,162,489,313,191,15,1008,32,0,32,1040
04/14/2000,SLC,UT,ANM,WE,Combined TRACON& Tower with Radar,478,279,66,4,827,0,30,56,0,86,478,309,122,4,913,4,0,4,917
04/15/2000,SLC,UT,ANM,WE,Combined TRACON& Tower with Radar,425,239,56,4,724,29,15,112,0,156,454,254,168,4,880,16,0,16,896
04/16/2000,SLC,UT,ANM,WE,Combined TRACON& Tower with Radar,414,233,54,4,705,23,16,54,3,96,437,249,108,7,801,0,0,0,801
04/17/2000,SLC,UT,ANM,WE,Combined TRACON& Tower with Radar,439,249,59,4,751,0,19,112,8,139,439,268,171,12,890,20,0,20,910
04/18/2000,SLC,UT,ANM,WE,Combined TRACON& Tower with Radar,487,283,67,5,842,0,46,58,4,108,487,329,125,9,950,8,0,8,958
04/19/2000,SLC,UT,ANM,WE,Combined TRACON& Tower with Radar,488,291,69,5,853,0,32,172,12,216,488,323,241,17,1069,0,0,0,1069
04/20/2000,SLC,UT,ANM,WE,Combined TRACON& Tower with Radar,473,285,67,5,830,0,30,263,11,304,473,315,330,16,1134,24,0,24,1158
04/21/2000,SLC,UT,ANM,WE,Combined TRACON& Tower with Radar,470,266,63,5,804,0,63,166,2,231,470,329,229,7,1035,24,0,24,1059
04/22/2000,SLC,UT,ANM,WE,Combined TRACON& Tower with Radar,443,249,58,5,755,45,2,78,0,125,488,251,136,5,880,8,0,8,888
04/23/2000,SLC,UT,ANM,WE,Combined TRACON& Tower with Radar,404,219,53,0,676,41,0,39,0,80,445,219,92,0,756,4,0,4,760
04/24/2000,SLC,UT,ANM,WE,Combined TRACON& Tower with Radar,453,258,60,5,776,0,18,156,5,179,453,276,216,10,955,10,0,10,965
04/25/2000,SLC,UT,ANM,WE,Combined TRACON& Tower with Radar,490,282,66,4,842,0,43,202,13,258,490,325,268,17,1100,20,0,20,1120
04/26/2000,SLC,UT,ANM,WE,Combined TRACON& Tower with Radar,491,282,66,4,843,0,44,227,14,285,491,326,293,18,1128,48,0,48,1176
04/27/2000,SLC,UT,ANM,WE,Combined TRACON& Tower with Radar,496,291,68,4,859,0,39,251,10,300,496,330,319,14,1159,0,0,0,1159
04/28/2000,SLC,UT,ANM,WE,Combined TRACON& Tower with Radar,476,273,64,4,817,0,47,120,5,172,476,320,184,9,989,20,0,20,1009
04/29/2000,SLC,UT,ANM,WE,Combined TRACON& Tower with Radar,416,235,55,3,709,37,38,76,3,154,453,273,131,6,863,10,0,10,873
04/30/2000,SLC,UT,ANM,WE,Combined TRACON& Tower with Radar,410,232,54,3,699,37,6,150,0,193,447,238,204,3,892,12,0,12,904
05/01/2000,SLC,UT,ANM,WE,Combined TRACON& Tower with Radar,465,262,62,2,791,1,15,175,10,201,466,277,237,12,992,6,0,6,998
05/02/2000,SLC,UT,ANM,WE,Combined TRACON& Tower with Radar,488,284,65,5,842,0,19,187,12,218,488,303,252,17,1060,18,0,18,1078
05/03/2000,SLC,UT,ANM,WE,Combined TRACON& Tower with Radar,495,286,65,5,851,0,46,165,16,227,495,332,230,21,1078,14,0,14,1092
05/04/2000,SLC,UT,ANM,WE,Combined TRACON& Tower with Radar,498,289,66,5,858,0,44,184,10,238,498,333,250,15,1096,12,0,12,1108
05/05/2000,SLC,UT,ANM,WE,Combined TRACON& Tower with Radar,491,270,81,8,850,1,22,152,2,177,492,292,233,10,1027,24,0,24,1051
05/06/2000,SLC,UT,ANM,WE,Combined TRACON& Tower with Radar,423,241,55,3,722,25,13,162,0,200,448,254,217,3,922,48,0,48,970
05/07/2000,SLC,UT,ANM,WE,Combined TRACON& Tower with Radar,400,217,52,2,671,49,0,16,0,65,449,217,68,2,736,12,0,12,748
05/08/2000,SLC,UT,ANM,WE,Combined TRACON& Tower with Radar,451,270,62,5,788,0,24,78,8,110,451,294,140,13,898,6,0,6,904
05/09/2000,SLC,UT,ANM,WE,Combined TRACON& Tower with Radar,496,286,65,5,852,0,46,133,6,185,496,332,198,11,1037,44,0,44,1081
05/10/2000,SLC,UT,ANM,WE,Combined TRACON& Tower with Radar,479,281,64,5,829,0,15,103,5,123,479,296,167,10,952,12,0,12,964
05/11/2000,SLC,UT,ANM,WE,Combined TRACON& Tower with Radar,461,275,61,5,802,0,22,77,11,110,461,297,138,16,912,12,0,12,924
05/12/2000,SLC,UT,ANM,WE,Combined TRACON& Tower with Radar,479,278,62,5,824,0,28,201,4,233,479,306,263,9,1057,4,0,4,1061
05/13/2000,SLC,UT,ANM,WE,Combined TRACON& Tower with Radar,430,245,54,4,733,29,25,176,0,230,459,270,230,4,963,46,0,46,1009
05/14/2000,SLC,UT,ANM,WE,Combined TRACON& Tower with Radar,412,235,52,2,701,34,9,76,0,119,446,244,128,2,820,28,0,28,848
05/15/2000,SLC,UT,ANM,WE,Combined TRACON& Tower with Radar,464,268,60,5,797,0,16,142,7,165,464,284,202,12,962,18,0,18,980
05/16/2000,SLC,UT,ANM,WE,Combined TRACON& Tower with Radar,499,291,65,5,860,0,27,85,10,122,499,318,150,15,982,0,0,0,982
05/17/2000,SLC,UT,ANM,WE,Combined TRACON& Tower with Radar,488,288,64,5,845,0,20,124,13,157,488,308,188,18,1002,6,0,6,1008
05/18/2000,SLC,UT,ANM,WE,Combined TRACON& Tower with Radar,465,290,65,5,825,0,47,181,8,236,465,337,246,13,1061,18,2,20,1081
05/19/2000,SLC,UT,ANM,WE,Combined TRACON& Tower with Radar,463,279,62,5,809,0,51,208,12,271,463,330,270,17,1080,20,4,24,1104
05/20/2000,SLC,UT,ANM,WE,Combined TRACON& Tower with Radar,417,238,53,5,713,34,29,176,3,242,451,267,229,8,955,28,0,28,983
05/21/2000,SLC,UT,ANM,WE,Combined TRACON& Tower with Radar,409,233,52,4,698,30,4,131,2,167,439,237,183,6,865,4,0,4,869
05/22/2000,SLC,UT,ANM,WE,Combined TRACON& Tower with Radar,461,267,61,4,793,0,40,164,10,214,461,307,225,14,1007,20,0,20,1027
05/23/2000,SLC,UT,ANM,WE,Combined TRACON& Tower with Radar,535,314,71,5,925,0,46,180,11,237,535,360,251,16,1162,8,0,8,1170
05/24/2000,SLC,UT,ANM,WE,Combined TRACON& Tower with Radar,450,268,61,4,783,0,27,148,10,185,450,295,209,14,968,24,2,26,994
05/25/2000,SLC,UT,ANM,WE,Combined TRACON& Tower with Radar,501,298,67,5,871,0,40,123,1,164,501,338,190,6,1035,4,0,4,1039
05/26/2000,SLC,UT,ANM,WE,Combined TRACON& Tower with Radar,497,299,68,5,869,0,28,218,6,252,497,327,286,11,1121,4,0,4,1125
05/27/2000,SLC,UT,ANM,WE,Combined TRACON& Tower with Radar,416,237,54,1,708,33,24,155,0,212,449,261,209,1,920,12,0,12,932
05/28/2000,SLC,UT,ANM,WE,Combined TRACON& Tower with Radar,381,218,49,2,650,48,6,88,0,142,429,224,137,2,792,14,0,14,806
05/29/2000,SLC,UT,ANM,WE,Combined TRACON& Tower with Radar,416,236,54,3,709,27,7,149,0,183,443,243,203,3,892,4,0,4,896
05/30/2000,SLC,UT,ANM,WE,Combined TRACON& Tower with Radar,463,275,62,0,800,0,23,164,13,200,463,298,226,13,1000,62,0,62,1062
05/31/2000,SLC,UT,ANM,WE,Combined TRACON& Tower with Radar,490,293,67,5,855,0,46,198,9,253,490,339,265,14,1108,34,0,34,1142
06/01/2000,SLC,UT,ANM,WE,Combined TRACON& Tower with Radar,501,316,70,9,896,0,14,215,9,238,501,330,285,18,1134,8,0,8,1142
06/02/2000,SLC,UT,ANM,WE,Combined TRACON& Tower with Radar,488,302,66,9,865,0,23,239,4,266,488,325,305,13,1131,0,0,0,1131
06/03/2000,SLC,UT,ANM,WE,Combined TRACON& Tower with Radar,472,252,34,8,766,2,50,172,4,228,474,302,206,12,994,0,0,0,994
06/04/2000,SLC,UT,ANM,WE,Combined TRACON& Tower with Radar,412,254,55,8,729,30,19,108,7,164,442,273,163,15,893,2,0,2,895
06/05/2000,SLC,UT,ANM,WE,Combined TRACON& Tower with Radar,454,280,61,9,804,5,28,139,9,181,459,308,200,18,985,2,0,2,987
06/06/2000,SLC,UT,ANM,WE,Combined TRACON& Tower with Radar,491,302,66,9,868,4,31,163,6,204,495,333,229,15,1072,4,0,4,1076
06/07/2000,SLC,UT,ANM,WE,Combined TRACON& Tower with Radar,490,315,69,10,884,0,18,154,5,177,490,333,223,15,1061,57,0,57,1118
06/08/2000,SLC,UT,ANM,WE,Combined TRACON& Tower with Radar,503,312,68,10,893,0,29,101,13,143,503,341,169,23,1036,26,0,26,1062
06/09/2000,SLC,UT,ANM,WE,Combined TRACON& Tower with Radar,482,296,65,9,852,3,36,113,7,159,485,332,178,16,1011,12,0,12,1023
06/10/2000,SLC,UT,ANM,WE,Combined TRACON& Tower with Radar,480,310,67,10,867,0,68,127,3,198,480,378,194,13,1065,12,0,12,1077
06/11/2000,SLC,UT,ANM,WE,Combined TRACON& Tower with Radar,424,261,57,8,750,35,3,117,1,156,459,264,174,9,906,18,0,18,924
06/12/2000,SLC,UT,ANM,WE,Combined TRACON& Tower with Radar,465,292,64,9,830,0,23,143,29,195,465,315,207,38,1025,0,0,0,1025
06/13/2000,SLC,UT,ANM,WE,Combined TRACON& Tower with Radar,484,305,67,9,865,0,34,150,18,202,484,339,217,27,1067,20,0,20,1087
06/14/2000,SLC,UT,ANM,WE,Combined TRACON& Tower with Radar,480,308,67,10,865,0,46,204,15,265,480,354,271,25,1130,26,0,26,1156
06/15/2000,SLC,UT,ANM,WE,Combined TRACON& Tower with Radar,502,314,68,10,894,0,45,217,15,277,502,359,285,25,1171,30,0,30,1201
06/16/2000,SLC,UT,ANM,WE,Combined TRACON& Tower with Radar,489,312,68,10,879,0,28,213,14,255,489,340,281,24,1134,6,0,6,1140
06/17/2000,SLC,UT,ANM,WE,Combined TRACON& Tower with Radar,457,282,61,9,809,31,16,193,6,246,488,298,254,15,1055,8,0,8,1063
06/18/2000,SLC,UT,ANM,WE,Combined TRACON& Tower with Radar,435,260,59,8,762,34,0,68,4,106,469,260,127,12,868,8,0,8,876
06/19/2000,SLC,UT,ANM,WE,Combined TRACON& Tower with Radar,469,294,64,9,836,0,5,167,11,183,469,299,231,20,1019,2,0,2,1021
06/20/2000,SLC,UT,ANM,WE,Combined TRACON& Tower with Radar,489,306,67,9,871,0,43,246,7,296,489,349,313,16,1167,0,0,0,1167
06/21/2000,SLC,UT,ANM,WE,Combined TRACON& Tower with Radar,494,304,66,9,873,0,40,212,2,254,494,344,278,11,1127,10,0,10,1137
06/22/2000,SLC,UT,ANM,WE,Combined TRACON& Tower with Radar,501,312,68,10,891,0,20,275,2,297,501,332,343,12,1188,32,0,32,1220
06/23/2000,SLC,UT,ANM,WE,Combined TRACON& Tower with Radar,486,307,60,5,858,2,29,192,5,228,488,336,252,10,1086,68,0,68,1154
06/24/2000,SLC,UT,ANM,WE,Combined TRACON& Tower with Radar,448,273,60,9,790,38,15,174,2,229,486,288,234,11,1019,34,0,34,1053
06/25/2000,SLC,UT,ANM,WE,Combined TRACON& Tower with Radar,430,265,58,2,755,29,7,114,0,150,459,272,172,2,905,20,0,20,925
06/26/2000,SLC,UT,ANM,WE,Combined TRACON& Tower with Radar,467,287,71,4,829,1,17,149,16,183,468,304,220,20,1012,10,0,10,1022
06/27/2000,SLC,UT,ANM,WE,Combined TRACON& Tower with Radar,483,308,67,9,867,0,62,203,5,270,483,370,270,14,1137,0,0,0,1137
06/28/2000,SLC,UT,ANM,WE,Combined TRACON& Tower with Radar,510,323,71,9,913,0,28,262,10,300,510,351,333,19,1213,4,0,4,1217
06/29/2000,SLC,UT,ANM,WE,Combined TRACON& Tower with Radar,508,315,69,9,901,0,37,180,10,227,508,352,249,19,1128,38,0,38,1166
06/30/2000,SLC,UT,ANM,WE,Combined TRACON& Tower with Radar,480,305,67,8,860,0,40,156,9,205,480,345,223,17,1065,46,0,46,1111
07/01/2000,SLC,UT,ANM,WE,Combined TRACON& Tower with Radar,471,282,65,6,824,10,9,146,3,168,481,291,211,9,992,0,0,0,992
07/02/2000,SLC,UT,ANM,WE,Combined TRACON& Tower with Radar,419,252,58,4,733,27,10,92,0,129,446,262,150,4,862,0,0,0,862
07/03/2000,SLC,UT,ANM,WE,Combined TRACON& Tower with Radar,421,254,59,5,739,7,58,58,9,132,428,312,117,14,871,0,0,0,871
07/04/2000,SLC,UT,ANM,WE,Combined TRACON& Tower with Radar,408,245,57,5,715,7,19,123,0,149,415,264,180,5,864,6,0,6,870
07/05/2000,SLC,UT,ANM,WE,Combined TRACON& Tower with Radar,433,270,63,5,771,0,38,178,5,221,433,308,241,10,992,12,0,12,1004
07/06/2000,SLC,UT,ANM,WE,Combined TRACON& Tower with Radar,502,306,71,6,885,0,46,198,12,256,502,352,269,18,1141,34,0,34,1175
07/07/2000,SLC,UT,ANM,WE,Combined TRACON& Tower with Radar,486,297,69,6,858,0,26,226,7,259,486,323,295,13,1117,40,0,40,1157
07/08/2000,SLC,UT,ANM,WE,Combined TRACON& Tower with Radar,448,270,63,2,783,32,17,110,0,159,480,287,173,2,942,0,0,0,942
07/09/2000,SLC,UT,ANM,WE,Combined TRACON& Tower with Radar,429,258,60,4,751,30,7,91,0,128,459,265,151,4,879,18,0,18,897
07/10/2000,SLC,UT,ANM,WE,Combined TRACON& Tower with Radar,470,282,65,7,824,2,26,114,10,152,472,308,179,17,976,14,0,14,990
07/11/2000,SLC,UT,ANM,WE,Combined TRACON& Tower with Radar,495,320,74,7,896,0,21,242,14,277,495,341,316,21,1173,4,0,4,1177
07/12/2000,SLC,UT,ANM,WE,Combined TRACON& Tower with Radar,495,312,71,7,885,0,40,233,15,288,495,352,304,22,1173,24,0,24,1197
07/13/2000,SLC,UT,ANM,WE,Combined TRACON& Tower with Radar,456,286,65,7,814,0,23,210,6,239,456,309,275,13,1053,40,0,40,1093
07/14/2000,SLC,UT,ANM,WE,Combined TRACON& Tower with Radar,475,311,67,8,861,0,37,199,14,250,475,348,266,22,1111,86,0,86,1197
07/15/2000,SLC,UT,ANM,WE,Combined TRACON& Tower with Radar,445,268,62,5,780,32,7,175,0,214,477,275,237,5,994,0,0,0,994
07/16/2000,SLC,UT,ANM,WE,Combined TRACON& Tower with Radar,446,267,61,6,780,4,0,113,1,118,450,267,174,7,898,12,0,12,910
07/17/2000,SLC,UT,ANM,WE,Combined TRACON& Tower with Radar,433,272,63,6,774,0,41,143,6,190,433,313,206,12,964,2,0,2,966
07/18/2000,SLC,UT,ANM,WE,Combined TRACON& Tower with Radar,482,306,70,7,865,0,40,183,10,233,482,346,253,17,1098,2,0,2,1100
07/19/2000,SLC,UT,ANM,WE,Combined TRACON& Tower with Radar,500,308,70,7,885,0,24,262,11,297,500,332,332,18,1182,4,0,4,1186
07/20/2000,SLC,UT,ANM,WE,Combined TRACON& Tower with Radar,488,303,69,7,867,0,52,245,23,320,488,355,314,30,1187,84,0,84,1271
07/21/2000,SLC,UT,ANM,WE,Combined TRACON& Tower with Radar,489,300,69,7,865,0,44,219,8,271,489,344,288,15,1136,108,0,108,1244
07/22/2000,SLC,UT,ANM,WE,Combined TRACON& Tower with Radar,420,253,58,6,737,26,22,204,16,268,446,275,262,22,1005,46,0,46,1051
07/23/2000,SLC,UT,ANM,WE,Combined TRACON& Tower with Radar,444,268,61,6,779,12,3,233,23,271,456,271,294,29,1050,30,0,30,1080
07/24/2000,SLC,UT,ANM,WE,Combined TRACON& Tower with Radar,463,278,64,7,812,7,38,175,4,224,470,316,239,11,1036,10,0,10,1046
07/25/2000,SLC,UT,ANM,WE,Combined TRACON& Tower with Radar,510,313,72,6,901,0,41,150,14,205,510,354,222,20,1106,22,0,22,1128
07/26/2000,SLC,UT,ANM,WE,Combined TRACON& Tower with Radar,498,310,71,6,885,0,43,132,25,200,498,353,203,31,1085,28,2,30,1115
07/27/2000,SLC,UT,ANM,WE,Combined TRACON& Tower with Radar,451,279,64,5,799,0,55,145,7,207,451,334,209,12,1006,4,0,4,1010
07/28/2000,SLC,UT,ANM,WE,Combined TRACON& Tower with Radar,486,300,68,6,860,0,57,174,10,241,486,357,242,16,1101,88,0,88,1189
07/29/2000,SLC,UT,ANM,WE,Combined TRACON& Tower with Radar,458,277,64,5,804,34,21,145,0,200,492,298,209,5,1004,70,0,70,1074
07/30/2000,SLC,UT,ANM,WE,Combined TRACON& Tower with Radar,447,270,62,4,783,1,9,116,0,126,448,279,178,4,909,8,0,8,917
07/31/2000,SLC,UT,ANM,WE,Combined TRACON& Tower with Radar,468,285,65,6,824,0,19,142,20,181,468,304,207,26,1005,4,0,4,1009
08/01/2000,SLC,UT,ANM,WE,Combined TRACON& Tower with Radar,511,324,75,6,916,0,39,169,14,222,511,363,244,20,1138,52,0,52,1190
08/02/2000,SLC,UT,ANM,WE,Combined TRACON& Tower with Radar,497,316,73,6,892,0,31,152,9,192,497,347,225,15,1084,14,0,14,1098
08/03/2000,SLC,UT,ANM,WE,Combined TRACON& Tower with Radar,488,309,71,5,873,0,41,158,9,208,488,350,229,14,1081,16,0,16,1097
08/04/2000,SLC,UT,ANM,WE,Combined TRACON& Tower with Radar,431,278,64,5,778,0,25,176,6,207,431,303,240,11,985,0,0,0,985
08/05/2000,SLC,UT,ANM,WE,Combined TRACON& Tower with Radar,441,272,62,3,778,43,20,163,0,226,484,292,225,3,1004,22,0,22,1026
08/06/2000,SLC,UT,ANM,WE,Combined TRACON& Tower with Radar,454,296,68,1,819,0,92,91,0,183,454,388,159,1,1002,20,0,20,1022
08/07/2000,SLC,UT,ANM,WE,Combined TRACON& Tower with Radar,462,286,65,5,818,10,25,179,15,229,472,311,244,20,1047,8,0,8,1055
08/08/2000,SLC,UT,ANM,WE,Combined TRACON& Tower with Radar,502,314,72,6,894,0,34,166,10,210,502,348,238,16,1104,4,0,4,1108
08/09/2000,SLC,UT,ANM,WE,Combined TRACON& Tower with Radar,496,318,73,6,893,0,37,191,14,242,496,355,264,20,1135,2,0,2,1137
08/10/2000,SLC,UT,ANM,WE,Combined TRACON& Tower with Radar,507,321,74,6,908,0,33,198,16,247,507,354,272,22,1155,28,0,28,1183
08/11/2000,SLC,UT,ANM,WE,Combined TRACON& Tower with Radar,481,305,70,5,861,0,32,219,12,263,481,337,289,17,1124,44,0,44,1168
08/12/2000,SLC,UT,ANM,WE,Combined TRACON& Tower with Radar,455,282,65,5,807,33,9,207,4,253,488,291,272,9,1060,4,0,4,1064
08/13/2000,SLC,UT,ANM,WE,Combined TRACON& Tower with Radar,436,270,62,5,773,20,7,104,1,132,456,277,166,6,905,0,0,0,905
08/14/2000,SLC,UT,ANM,WE,Combined TRACON& Tower with Radar,480,297,69,5,851,0,10,164,11,185,480,307,233,16,1036,4,0,4,1040
08/15/2000,SLC,UT,ANM,WE,Combined TRACON& Tower with Radar,505,321,74,6,906,0,40,151,7,198,505,361,225,13,1104,16,0,16,1120
08/16/2000,SLC,UT,ANM,WE,Combined TRACON& Tower with Radar,455,297,69,5,826,0,44,193,10,247,455,341,262,15,1073,8,0,8,1081
08/17/2000,SLC,UT,ANM,WE,Combined TRACON& Tower with Radar,490,310,72,5,877,0,37,185,10,232,490,347,257,15,1109,4,0,4,1113
08/18/2000,SLC,UT,ANM,WE,Combined TRACON& Tower with Radar,495,314,73,7,889,0,26,129,10,165,495,340,202,17,1054,4,0,4,1058
08/19/2000,SLC,UT,ANM,WE,Combined TRACON& Tower with Radar,445,275,64,4,788,39,11,107,0,157,484,286,171,4,945,22,0,22,967
08/20/2000,SLC,UT,ANM,WE,Combined TRACON& Tower with Radar,445,276,64,6,791,23,2,145,3,173,468,278,209,9,964,14,0,14,978
08/21/2000,SLC,UT,ANM,WE,Combined TRACON& Tower with Radar,441,273,63,6,783,0,23,150,5,178,441,296,213,11,961,24,0,24,985
08/22/2000,SLC,UT,ANM,WE,Combined TRACON& Tower with Radar,503,325,76,7,911,0,45,177,10,232,503,370,253,17,1143,36,0,36,1179
08/23/2000,SLC,UT,ANM,WE,Combined TRACON& Tower with Radar,496,315,74,6,891,0,37,119,7,163,496,352,193,13,1054,24,0,24,1078
08/24/2000,SLC,UT,ANM,WE,Combined TRACON& Tower with Radar,482,312,73,6,873,0,28,215,11,254,482,340,288,17,1127,12,0,12,1139
08/25/2000,SLC,UT,ANM,WE,Combined TRACON& Tower with Radar,495,308,73,5,881,0,37,185,13,235,495,345,258,18,1116,36,0,36,1152
08/26/2000,SLC,UT,ANM,WE,Combined TRACON& Tower with Radar,437,271,64,5,777,52,25,119,4,200,489,296,183,9,977,22,0,22,999
08/27/2000,SLC,UT,ANM,WE,Combined TRACON& Tower with Radar,424,262,62,5,753,31,13,110,3,157,455,275,172,8,910,32,0,32,942
08/28/2000,SLC,UT,ANM,WE,Combined TRACON& Tower with Radar,455,282,67,5,809,13,33,138,14,198,468,315,205,19,1007,6,0,6,1013
08/29/2000,SLC,UT,ANM,WE,Combined TRACON& Tower with Radar,493,314,74,6,887,0,27,173,8,208,493,341,247,14,1095,20,0,20,1115
08/30/2000,SLC,UT,ANM,WE,Combined TRACON& Tower with Radar,467,304,112,12,895,1,1,0,0,2,468,305,112,12,897,2,0,2,899
08/31/2000,SLC,UT,ANM,WE,Combined TRACON& Tower with Radar,506,316,74,6,902,0,43,95,10,148,506,359,169,16,1050,4,0,4,1054
09/01/2000,SLC,UT,ANM,WE,Combined TRACON& Tower with Radar,485,292,67,4,848,0,34,88,7,129,485,326,155,11,977,16,0,16,993
09/02/2000,SLC,UT,ANM,WE,Combined TRACON& Tower with Radar,422,248,57,3,730,14,24,120,1,159,436,272,177,4,889,4,0,4,893
09/03/2000,SLC,UT,ANM,WE,Combined TRACON& Tower with Radar,393,231,52,2,678,8,25,103,0,136,401,256,155,2,814,16,0,16,830
09/04/2000,SLC,UT,ANM,WE,Combined TRACON& Tower with Radar,423,249,57,3,732,8,17,125,1,151,431,266,182,4,883,42,0,42,925
09/05/2000,SLC,UT,ANM,WE,Combined TRACON& Tower with Radar,466,283,65,4,818,0,27,196,10,233,466,310,261,14,1051,6,0,6,1057
09/06/2000,SLC,UT,ANM,WE,Combined TRACON& Tower with Radar,498,297,69,4,868,0,52,156,14,222,498,349,225,18,1090,28,0,28,1118
09/07/2000,SLC,UT,ANM,WE,Combined TRACON& Tower with Radar,500,306,71,4,881,0,20,251,12,283,500,326,322,16,1164,64,0,64,1228
09/08/2000,SLC,UT,ANM,WE,Combined TRACON& Tower with Radar,498,298,69,4,869,0,28,168,5,201,498,326,237,9,1070,54,0,54,1124
09/09/2000,SLC,UT,ANM,WE,Combined TRACON& Tower with Radar,456,267,62,0,785,29,7,166,0,202,485,274,228,0,987,24,0,24,1011
09/10/2000,SLC,UT,ANM,WE,Combined TRACON& Tower with Radar,445,254,60,4,763,11,0,153,5,169,456,254,213,9,932,76,0,76,1008
09/11/2000,SLC,UT,ANM,WE,Combined TRACON& Tower with Radar,477,288,54,4,823,1,20,156,11,188,478,308,210,15,1011,18,0,18,1029
09/12/2000,SLC,UT,ANM,WE,Combined TRACON& Tower with Radar,496,304,71,4,875,0,43,172,11,226,496,347,243,15,1101,24,0,24,1125
09/13/2000,SLC,UT,ANM,WE,Combined TRACON& Tower with Radar,509,309,70,5,893,0,30,192,8,230,509,339,262,13,1123,6,0,6,1129
09/14/2000,SLC,UT,ANM,WE,Combined TRACON& Tower with Radar,498,298,68,5,869,0,31,247,7,285,498,329,315,12,1154,108,0,108,1262
09/15/2000,SLC,UT,ANM,WE,Combined TRACON& Tower with Radar,496,297,68,5,866,0,40,195,8,243,496,337,263,13,1109,34,0,34,1143
09/16/2000,SLC,UT,ANM,WE,Combined TRACON& Tower with Radar,451,264,60,5,780,36,1,124,5,166,487,265,184,10,946,0,0,0,946
09/17/2000,SLC,UT,ANM,WE,Combined TRACON& Tower with Radar,441,257,59,4,761,25,0,85,0,110,466,257,144,4,871,0,0,0,871
09/18/2000,SLC,UT,ANM,WE,Combined TRACON& Tower with Radar,476,272,69,6,823,1,19,123,9,152,477,291,192,15,975,8,0,8,983
09/19/2000,SLC,UT,ANM,WE,Combined TRACON& Tower with Radar,489,289,66,5,849,0,28,141,11,180,489,317,207,16,1029,20,0,20,1049
09/20/2000,SLC,UT,ANM,WE,Combined TRACON& Tower with Radar,507,283,75,6,871,1,27,206,7,241,508,310,281,13,1112,10,0,10,1122
09/21/2000,SLC,UT,ANM,WE,Combined TRACON& Tower with Radar,503,296,67,5,871,0,23,119,22,164,503,319,186,27,1035,26,0,26,1061
09/22/2000,SLC,UT,ANM,WE,Combined TRACON& Tower with Radar,491,300,69,5,865,0,23,100,6,129,491,323,169,11,994,4,0,4,998
09/23/2000,SLC,UT,ANM,WE,Combined TRACON& Tower with Radar,459,269,61,4,793,40,4,4,0,48,499,273,65,4,841,0,0,0,841
09/24/2000,SLC,UT,ANM,WE,Combined TRACON& Tower with Radar,439,257,59,4,759,19,2,146,2,169,458,259,205,6,928,14,4,18,946
09/25/2000,SLC,UT,ANM,WE,Combined TRACON& Tower with Radar,473,269,61,3,806,1,25,171,9,206,474,294,232,12,1012,28,0,28,1040
09/26/2000,SLC,UT,ANM,WE,Combined TRACON& Tower with Radar,469,279,64,5,817,0,35,201,8,244,469,314,265,13,1061,20,0,20,1081
09/27/2000,SLC,UT,ANM,WE,Combined TRACON& Tower with Radar,503,296,68,4,871,0,42,221,17,280,503,338,289,21,1151,24,0,24,1175
09/28/2000,SLC,UT,ANM,WE,Combined TRACON& Tower with Radar,460,276,63,4,803,0,40,204,12,256,460,316,267,16,1059,66,0,66,1125
09/29/2000,SLC,UT,ANM,WE,Combined TRACON& Tower with Radar,503,304,70,4,881,0,54,200,7,261,503,358,270,11,1142,48,0,48,1190
09/30/2000,SLC,UT,ANM,WE,Combined TRACON& Tower with Radar,452,264,60,1,777,18,32,200,0,250,470,296,260,1,1027,88,0,88,1115
10/01/2000,SLC,UT,ANM,WE,Combined TRACON& Tower with Radar,427,229,55,0,711,26,13,112,0,151,453,242,167,0,862,26,0,26,888
10/02/2000,SLC,UT,ANM,WE,Combined TRACON& Tower with Radar,467,251,59,5,782,4,18,183,8,213,471,269,242,13,995,28,0,28,1023
10/03/2000,SLC,UT,ANM,WE,Combined TRACON& Tower with Radar,449,253,60,5,767,0,39,178,9,226,449,292,238,14,993,70,0,70,1063
10/04/2000,SLC,UT,ANM,WE,Combined TRACON& Tower with Radar,480,271,65,5,821,0,54,226,9,289,480,325,291,14,1110,28,4,32,1142
10/05/2000,SLC,UT,ANM,WE,Combined TRACON& Tower with Radar,482,277,66,5,830,0,42,246,6,294,482,319,312,11,1124,22,0,22,1146
10/06/2000,SLC,UT,ANM,WE,Combined TRACON& Tower with Radar,489,272,64,5,830,0,31,214,6,251,489,303,278,11,1081,90,0,90,1171
10/07/2000,SLC,UT,ANM,WE,Combined TRACON& Tower with Radar,453,242,58,5,758,29,8,155,2,194,482,250,213,7,952,12,0,12,964
10/08/2000,SLC,UT,ANM,WE,Combined TRACON& Tower with Radar,426,229,54,1,710,23,1,160,0,184,449,230,214,1,894,30,0,30,924
10/09/2000,SLC,UT,ANM,WE,Combined TRACON& Tower with Radar,452,242,58,2,754,12,42,140,0,194,464,284,198,2,948,18,0,18,966
10/10/2000,SLC,UT,ANM,WE,Combined TRACON& Tower with Radar,458,270,71,4,803,0,10,39,1,50,458,280,110,5,853,14,0,14,867
10/11/2000,SLC,UT,ANM,WE,Combined TRACON& Tower with Radar,499,277,65,4,845,0,24,62,7,93,499,301,127,11,938,12,0,12,950
10/12/2000,SLC,UT,ANM,WE,Combined TRACON& Tower with Radar,490,266,63,4,823,0,42,118,4,164,490,308,181,8,987,36,0,36,1023
10/13/2000,SLC,UT,ANM,WE,Combined TRACON& Tower with Radar,486,269,63,4,822,0,24,85,4,113,486,293,148,8,935,0,0,0,935
10/14/2000,SLC,UT,ANM,WE,Combined TRACON& Tower with Radar,408,220,53,3,684,29,10,159,4,202,437,230,212,7,886,6,0,6,892
10/15/2000,SLC,UT,ANM,WE,Combined TRACON& Tower with Radar,418,202,45,1,666,0,10,163,1,174,418,212,208,2,840,0,0,0,840
10/16/2000,SLC,UT,ANM,WE,Combined TRACON& Tower with Radar,471,254,61,4,790,7,14,165,6,192,478,268,226,10,982,14,0,14,996
10/17/2000,SLC,UT,ANM,WE,Combined TRACON& Tower with Radar,497,269,65,4,835,2,40,197,10,249,499,309,262,14,1084,140,0,140,1224
10/18/2000,SLC,UT,ANM,WE,Combined TRACON& Tower with Radar,498,281,68,4,851,0,39,272,12,323,498,320,340,16,1174,10,0,10,1184
10/19/2000,SLC,UT,ANM,WE,Combined TRACON& Tower with Radar,482,274,66,4,826,0,42,261,18,321,482,316,327,22,1147,88,0,88,1235
10/20/2000,SLC,UT,ANM,WE,Combined TRACON& Tower with Radar,496,276,66,4,842,0,27,201,14,242,496,303,267,18,1084,46,0,46,1130
10/21/2000,SLC,UT,ANM,WE,Combined TRACON& Tower with Radar,446,241,58,3,748,27,18,40,3,88,473,259,98,6,836,14,0,14,850
10/22/2000,SLC,UT,ANM,WE,Combined TRACON& Tower with Radar,426,229,56,3,714,17,0,59,5,81,443,229,115,8,795,4,0,4,799
10/23/2000,SLC,UT,ANM,WE,Combined TRACON& Tower with Radar,428,187,55,4,674,47,0,171,6,224,475,187,226,10,898,2,0,2,900
10/24/2000,SLC,UT,ANM,WE,Combined TRACON& Tower with Radar,491,293,61,7,852,0,18,139,3,160,491,311,200,10,1012,16,0,16,1028
10/25/2000,SLC,UT,ANM,WE,Combined TRACON& Tower with Radar,486,281,67,5,839,0,42,195,7,244,486,323,262,12,1083,22,0,22,1105
10/26/2000,SLC,UT,ANM,WE,Combined TRACON& Tower with Radar,500,287,68,5,860,0,21,170,5,196,500,308,238,10,1056,10,2,12,1068
10/27/2000,SLC,UT,ANM,WE,Combined TRACON& Tower with Radar,497,287,68,4,856,0,21,82,0,103,497,308,150,4,959,0,0,0,959
10/28/2000,SLC,UT,ANM,WE,Combined TRACON& Tower with Radar,441,238,57,4,740,31,19,4,3,57,472,257,61,7,797,10,0,10,807
10/29/2000,SLC,UT,ANM,WE,Combined TRACON& Tower with Radar,412,207,52,2,673,44,0,53,0,97,456,207,105,2,770,0,0,0,770
10/30/2000,SLC,UT,ANM,WE,Combined TRACON& Tower with Radar,475,264,63,3,805,0,25,44,0,69,475,289,107,3,874,0,0,0,874
10/31/2000,SLC,UT,ANM,WE,Combined TRACON& Tower with Radar,493,289,67,4,853,0,15,18,0,33,493,304,85,4,886,0,0,0,886
11/01/2000,SLC,UT,ANM,WE,Combined TRACON& Tower with Radar,487,273,66,4,830,0,36,98,2,136,487,309,164,6,966,6,0,6,972
11/02/2000,SLC,UT,ANM,WE,Combined TRACON& Tower with Radar,494,272,66,4,836,0,25,191,11,227,494,297,257,15,1063,10,0,10,1073
11/03/2000,SLC,UT,ANM,WE,Combined TRACON& Tower with Radar,503,276,67,4,850,0,42,258,2,302,503,318,325,6,1152,24,0,24,1176
11/04/2000,SLC,UT,ANM,WE,Combined TRACON& Tower with Radar,398,216,52,3,669,37,21,211,3,272,435,237,263,6,941,2,0,2,943
11/05/2000,SLC,UT,ANM,WE,Combined TRACON& Tower with Radar,415,220,54,1,690,26,0,27,0,53,441,220,81,1,743,10,0,10,753
11/06/2000,SLC,UT,ANM,WE,Combined TRACON& Tower with Radar,469,254,62,2,787,1,18,14,0,33,470,272,76,2,820,22,0,22,842
11/07/2000,SLC,UT,ANM,WE,Combined TRACON& Tower with Radar,489,271,65,4,829,0,35,182,8,225,489,306,247,12,1054,12,0,12,1066
11/08/2000,SLC,UT,ANM,WE,Combined TRACON& Tower with Radar,490,275,67,4,836,0,31,76,8,115,490,306,143,12,951,40,0,40,991
11/09/2000,SLC,UT,ANM,WE,Combined TRACON& Tower with Radar,472,271,66,2,811,0,16,25,0,41,472,287,91,2,852,2,0,2,854
11/10/2000,SLC,UT,ANM,WE,Combined TRACON& Tower with Radar,494,268,65,4,831,14,14,14,0,42,508,282,79,4,873,0,0,0,873
11/11/2000,SLC,UT,ANM,WE,Combined TRACON& Tower with Radar,431,231,56,2,720,28,0,118,0,146,459,231,174,2,866,0,0,0,866
11/12/2000,SLC,UT,ANM,WE,Combined TRACON& Tower with Radar,405,219,39,3,666,22,8,0,3,33,427,227,39,6,699,0,0,0,699
11/13/2000,SLC,UT,ANM,WE,Combined TRACON& Tower with Radar,474,265,64,4,807,0,6,156,11,173,474,271,220,15,980,8,0,8,988
11/14/2000,SLC,UT,ANM,WE,Combined TRACON& Tower with Radar,500,280,68,6,854,0,26,94,5,125,500,306,162,11,979,18,2,20,999
11/15/2000,SLC,UT,ANM,WE,Combined TRACON& Tower with Radar,504,277,70,6,857,0,9,16,0,25,504,286,86,6,882,0,0,0,882
11/16/2000,SLC,UT,ANM,WE,Combined TRACON& Tower with Radar,505,281,68,6,860,0,13,133,19,165,505,294,201,25,1025,14,2,16,1041
11/17/2000,SLC,UT,ANM,WE,Combined TRACON& Tower with Radar,474,270,66,5,815,0,17,93,0,110,474,287,159,5,925,0,0,0,925
11/18/2000,SLC,UT,ANM,WE,Combined TRACON& Tower with Radar,451,238,59,5,753,38,0,225,0,263,489,238,284,5,1016,14,0,14,1030
11/19/2000,SLC,UT,ANM,WE,Combined TRACON& Tower with Radar,424,222,55,5,706,37,0,127,0,164,461,222,182,5,870,8,0,8,878
11/20/2000,SLC,UT,ANM,WE,Combined TRACON& Tower with Radar,466,258,61,5,790,0,11,206,16,233,466,269,267,21,1023,4,0,4,1027
11/21/2000,SLC,UT,ANM,WE,Combined TRACON& Tower with Radar,510,289,68,5,872,0,29,233,0,262,510,318,301,5,1134,22,0,22,1156
11/22/2000,SLC,UT,ANM,WE,Combined TRACON& Tower with Radar,510,283,67,6,866,0,35,167,0,202,510,318,234,6,1068,6,0,6,1074
11/23/2000,SLC,UT,ANM,WE,Combined TRACON& Tower with Radar,344,188,44,1,577,9,28,56,0,93,353,216,100,1,670,22,0,22,692
11/24/2000,SLC,UT,ANM,WE,Combined TRACON& Tower with Radar,341,192,45,2,580,0,36,37,0,73,341,228,82,2,653,8,0,8,661
11/25/2000,SLC,UT,ANM,WE,Combined TRACON& Tower with Radar,393,214,51,2,660,11,14,178,0,203,404,228,229,2,863,8,0,8,871
11/26/2000,SLC,UT,ANM,WE,Combined TRACON& Tower with Radar,430,228,55,0,713,20,0,122,0,142,450,228,177,0,855,0,0,0,855
11/27/2000,SLC,UT,ANM,WE,Combined TRACON& Tower with Radar,484,270,64,5,823,0,16,97,5,118,484,286,161,10,941,0,0,0,941
11/28/2000,SLC,UT,ANM,WE,Combined TRACON& Tower with Radar,511,285,68,5,869,0,15,177,13,205,511,300,245,18,1074,4,2,6,1080
11/29/2000,SLC,UT,ANM,WE,Combined TRACON& Tower with Radar,513,280,67,5,865,1,37,116,5,159,514,317,183,10,1024,14,0,14,1038
11/30/2000,SLC,UT,ANM,WE,Combined TRACON& Tower with Radar,506,295,80,6,887,0,17,204,7,228,506,312,284,13,1115,20,0,20,1135
12/01/2000,SLC,UT,ANM,WE,Combined TRACON& Tower with Radar,473,282,78,5,838,0,35,210,5,250,473,317,288,10,1088,46,0,46,1134
12/02/2000,SLC,UT,ANM,WE,Combined TRACON& Tower with Radar,410,235,66,4,715,45,0,150,0,195,455,235,216,4,910,72,0,72,982
12/03/2000,SLC,UT,ANM,WE,Combined TRACON& Tower with Radar,433,216,36,3,688,0,5,114,1,120,433,221,150,4,808,0,0,0,808
12/04/2000,SLC,UT,ANM,WE,Combined TRACON& Tower with Radar,440,255,71,5,771,0,21,161,2,184,440,276,232,7,955,6,0,6,961
12/05/2000,SLC,UT,ANM,WE,Combined TRACON& Tower with Radar,458,265,74,5,802,0,23,176,6,205,458,288,250,11,1007,40,4,44,1051
12/06/2000,SLC,UT,ANM,WE,Combined TRACON& Tower with Radar,512,301,84,5,902,0,7,196,10,213,512,308,280,15,1115,10,0,10,1125
12/07/2000,SLC,UT,ANM,WE,Combined TRACON& Tower with Radar,486,291,81,5,863,0,34,160,7,201,486,325,241,12,1064,4,0,4,1068
12/08/2000,SLC,UT,ANM,WE,Combined TRACON& Tower with Radar,483,291,90,9,873,0,6,140,1,147,483,297,230,10,1020,20,0,20,1040
12/09/2000,SLC,UT,ANM,WE,Combined TRACON& Tower with Radar,420,243,69,3,735,37,4,62,1,104,457,247,131,4,839,2,0,2,841
12/10/2000,SLC,UT,ANM,WE,Combined TRACON& Tower with Radar,401,232,42,3,678,27,4,0,2,33,428,236,42,5,711,0,0,0,711
12/11/2000,SLC,UT,ANM,WE,Combined TRACON& Tower with Radar,444,297,73,2,816,0,18,90,1,109,444,315,163,3,925,10,0,10,935
12/12/2000,SLC,UT,ANM,WE,Combined TRACON& Tower with Radar,467,305,93,4,869,0,4,14,0,18,467,309,107,4,887,0,0,0,887
12/13/2000,SLC,UT,ANM,WE,Combined TRACON& Tower with Radar,465,288,82,4,839,0,27,34,0,61,465,315,116,4,900,0,0,0,900
12/14/2000,SLC,UT,ANM,WE,Combined TRACON& Tower with Radar,511,309,88,4,912,0,20,72,9,101,511,329,160,13,1013,14,0,14,1027
12/15/2000,SLC,UT,ANM,WE,Combined TRACON& Tower with Radar,489,287,81,4,861,0,11,56,5,72,489,298,137,9,933,4,0,4,937
12/16/2000,SLC,UT,ANM,WE,Combined TRACON& Tower with Radar,447,258,72,0,777,14,22,177,0,213,461,280,249,0,990,6,0,6,996
12/17/2000,SLC,UT,ANM,WE,Combined TRACON& Tower with Radar,404,232,51,0,687,35,0,0,0,35,439,232,51,0,722,0,0,0,722
12/18/2000,SLC,UT,ANM,WE,Combined TRACON& Tower with Radar,463,268,75,4,810,4,28,169,11,212,467,296,244,15,1022,2,0,2,1024
12/19/2000,SLC,UT,ANM,WE,Combined TRACON& Tower with Radar,503,302,93,4,902,0,23,168,5,196,503,325,261,9,1098,16,0,16,1114
12/20/2000,SLC,UT,ANM,WE,Combined TRACON& Tower with Radar,526,310,88,5,929,0,7,190,5,202,526,317,278,10,1131,0,0,0,1131
12/21/2000,SLC,UT,ANM,WE,Combined TRACON& Tower with Radar,497,311,88,5,901,0,12,239,0,251,497,323,327,5,1152,36,0,36,1188
12/22/2000,SLC,UT,ANM,WE,Combined TRACON& Tower with Radar,511,312,88,6,917,0,27,164,0,191,511,339,252,6,1108,12,0,12,1120
12/23/2000,SLC,UT,ANM,WE,Combined TRACON& Tower with Radar,453,263,73,1,790,3,37,156,0,196,456,300,229,1,986,4,0,4,990
12/24/2000,SLC,UT,ANM,WE,Combined TRACON& Tower with Radar,399,201,27,0,627,0,3,4,0,7,399,204,31,0,634,0,0,0,634
12/25/2000,SLC,UT,ANM,WE,Combined TRACON& Tower with Radar,337,196,44,0,577,30,22,0,0,52,367,218,44,0,629,2,0,2,631
12/26/2000,SLC,UT,ANM,WE,Combined TRACON& Tower with Radar,410,267,124,1,802,0,21,85,3,109,410,288,209,4,911,14,0,14,925
12/27/2000,SLC,UT,ANM,WE,Combined TRACON& Tower with Radar,502,296,82,5,885,0,20,153,1,174,502,316,235,6,1059,0,0,0,1059
12/28/2000,SLC,UT,ANM,WE,Combined TRACON& Tower with Radar,492,293,81,5,871,0,15,78,7,100,492,308,159,12,971,0,0,0,971
12/29/2000,SLC,UT,ANM,WE,Combined TRACON& Tower with Radar,484,272,76,5,837,6,0,0,15,21,490,272,76,20,858,8,0,8,866
12/30/2000,SLC,UT,ANM,WE,Combined TRACON& Tower with Radar,434,226,68,7,735,0,3,2,0,5,434,229,70,7,740,0,0,0,740
12/31/2000,SLC,UT,ANM,WE,Combined TRACON& Tower with Radar,368,205,50,4,627,10,0,0,10,20,378,205,50,14,647,0,0,0,647
01/01/2001,SLC,UT,ANM,WE,Combined TRACON& Tower with Radar,394,218,74,31,717,0,4,3,0,7,394,222,77,31,724,2,0,2,726
01/02/2001,SLC,UT,ANM,WE,Combined TRACON& Tower with Radar,439,288,84,2,813,0,18,41,0,59,439,306,125,2,872,0,0,0,872
01/03/2001,SLC,UT,ANM,WE,Combined TRACON& Tower with Radar,504,326,73,6,909,0,4,2,0,6,504,330,75,6,915,0,0,0,915
01/04/2001,SLC,UT,ANM,WE,Combined TRACON& Tower with Radar,478,328,78,11,895,0,4,0,0,4,478,332,78,11,899,0,0,0,899
01/05/2001,SLC,UT,ANM,WE,Combined TRACON& Tower with Radar,481,319,100,9,909,0,4,0,0,4,481,323,100,9,913,0,0,0,913
01/06/2001,SLC,UT,ANM,WE,Combined TRACON& Tower with Radar,437,255,70,4,766,7,0,0,4,11,444,255,70,8,777,0,0,0,777
01/07/2001,SLC,UT,ANM,WE,Combined TRACON& Tower with Radar,432,226,76,1,735,31,0,12,0,43,463,226,88,1,778,0,0,0,778
01/08/2001,SLC,UT,ANM,WE,Combined TRACON& Tower with Radar,466,276,68,5,815,0,12,7,2,21,466,288,75,7,836,0,0,0,836
01/09/2001,SLC,UT,ANM,WE,Combined TRACON& Tower with Radar,478,304,89,5,876,0,23,28,10,61,478,327,117,15,937,0,0,0,937
01/10/2001,SLC,UT,ANM,WE,Combined TRACON& Tower with Radar,398,238,70,4,710,0,0,26,0,26,398,238,96,4,736,0,0,0,736
01/11/2001,SLC,UT,ANM,WE,Combined TRACON& Tower with Radar,499,301,88,5,893,0,39,85,4,128,499,340,173,9,1021,42,0,42,1063
01/12/2001,SLC,UT,ANM,WE,Combined TRACON& Tower with Radar,470,294,86,5,855,0,51,125,2,178,470,345,211,7,1033,10,0,10,1043
01/13/2001,SLC,UT,ANM,WE,Combined TRACON& Tower with Radar,433,258,75,2,768,36,7,49,0,92,469,265,124,2,860,6,0,6,866
01/14/2001,SLC,UT,ANM,WE,Combined TRACON& Tower with Radar,415,243,49,0,707,39,0,0,0,39,454,243,49,0,746,2,0,2,748
01/15/2001,SLC,UT,ANM,WE,Combined TRACON& Tower with Radar,465,279,82,4,830,0,9,92,0,101,465,288,174,4,931,2,0,2,933
01/16/2001,SLC,UT,ANM,WE,Combined TRACON& Tower with Radar,475,283,83,5,846,3,32,130,4,169,478,315,213,9,1015,22,8,30,1045
01/17/2001,SLC,UT,ANM,WE,Combined TRACON& Tower with Radar,495,296,87,5,883,0,21,162,22,205,495,317,249,27,1088,4,12,16,1104
01/18/2001,SLC,UT,ANM,WE,Combined TRACON& Tower with Radar,479,307,104,6,896,0,31,188,7,226,479,338,292,13,1122,26,0,26,1148
01/19/2001,SLC,UT,ANM,WE,Combined TRACON& Tower with Radar,472,297,87,5,861,0,22,209,6,237,472,319,296,11,1098,0,0,0,1098
01/20/2001,SLC,UT,ANM,WE,Combined TRACON& Tower with Radar,406,232,71,4,713,36,0,48,0,84,442,232,119,4,797,4,0,4,801
01/21/2001,SLC,UT,ANM,WE,Combined TRACON& Tower with Radar,423,236,73,5,737,28,0,119,3,150,451,236,192,8,887,0,0,0,887
01/22/2001,SLC,UT,ANM,WE,Combined TRACON& Tower with Radar,452,276,80,6,814,0,33,114,5,152,452,309,194,11,966,0,0,0,966
01/23/2001,SLC,UT,ANM,WE,Combined TRACON& Tower with Radar,489,293,85,6,873,0,22,167,15,204,489,315,252,21,1077,16,0,16,1093
01/24/2001,SLC,UT,ANM,WE,Combined TRACON& Tower with Radar,488,293,85,6,872,0,24,137,7,168,488,317,222,13,1040,10,0,10,1050
01/25/2001,SLC,UT,ANM,WE,Combined TRACON& Tower with Radar,483,301,87,6,877,0,31,34,3,68,483,332,121,9,945,26,0,26,971
01/26/2001,SLC,UT,ANM,WE,Combined TRACON& Tower with Radar,480,303,88,6,877,0,24,167,0,191,480,327,255,6,1068,4,0,4,1072
01/27/2001,SLC,UT,ANM,WE,Combined TRACON& Tower with Radar,426,254,74,1,755,40,4,127,0,171,466,258,201,1,926,6,0,6,932
01/28/2001,SLC,UT,ANM,WE,Combined TRACON& Tower with Radar,414,247,71,0,732,37,7,41,0,85,451,254,112,0,817,16,0,16,833
01/29/2001,SLC,UT,ANM,WE,Combined TRACON& Tower with Radar,450,282,81,6,819,0,28,160,1,189,450,310,241,7,1008,6,0,6,1014
01/30/2001,SLC,UT,ANM,WE,Combined TRACON& Tower with Radar,479,286,82,6,853,3,36,93,8,140,482,322,175,14,993,8,0,8,1001
01/31/2001,SLC,UT,ANM,WE,Combined TRACON& Tower with Radar,435,267,77,6,785,0,34,142,3,179,435,301,219,9,964,4,0,4,968
02/01/2001,SLC,UT,ANM,WE,Combined TRACON& Tower with Radar,441,276,79,4,800,0,14,162,7,183,441,290,241,11,983,18,0,18,1001
02/02/2001,SLC,UT,ANM,WE,Combined TRACON& Tower with Radar,469,296,84,4,853,0,7,213,1,221,469,303,297,5,1074,8,0,8,1082
02/03/2001,SLC,UT,ANM,WE,Combined TRACON& Tower with Radar,425,265,76,3,769,42,13,36,0,91,467,278,112,3,860,34,0,34,894
02/04/2001,SLC,UT,ANM,WE,Combined TRACON& Tower with Radar,416,259,75,0,750,19,1,112,0,132,435,260,187,0,882,8,0,8,890
02/05/2001,SLC,UT,ANM,WE,Combined TRACON& Tower with Radar,437,273,79,4,793,14,36,185,6,241,451,309,264,10,1034,2,0,2,1036
02/06/2001,SLC,UT,ANM,WE,Combined TRACON& Tower with Radar,459,289,83,4,835,0,48,94,5,147,459,337,177,9,982,12,0,12,994
02/07/2001,SLC,UT,ANM,WE,Combined TRACON& Tower with Radar,484,305,82,4,875,0,15,0,6,21,484,320,82,10,896,0,0,0,896
02/08/2001,SLC,UT,ANM,WE,Combined TRACON& Tower with Radar,476,302,87,4,869,0,33,172,2,207,476,335,259,6,1076,0,0,0,1076
02/09/2001,SLC,UT,ANM,WE,Combined TRACON& Tower with Radar,473,299,86,4,862,0,26,161,3,190,473,325,247,7,1052,8,0,8,1060
02/10/2001,SLC,UT,ANM,WE,Combined TRACON& Tower with Radar,461,242,36,3,742,3,18,120,1,142,464,260,156,4,884,10,0,10,894
02/11/2001,SLC,UT,ANM,WE,Combined TRACON& Tower with Radar,403,251,73,4,731,37,9,12,3,61,440,260,85,7,792,0,0,0,792
02/12/2001,SLC,UT,ANM,WE,Combined TRACON& Tower with Radar,451,280,81,3,815,7,19,21,1,48,458,299,102,4,863,16,0,16,879
02/13/2001,SLC,UT,ANM,WE,Combined TRACON& Tower with Radar,474,304,80,3,861,0,17,0,7,24,474,321,80,10,885,0,0,0,885
02/14/2001,SLC,UT,ANM,WE,Combined TRACON& Tower with Radar,432,285,82,3,802,0,22,28,6,56,432,307,110,9,858,0,0,0,858
02/15/2001,SLC,UT,ANM,WE,Combined TRACON& Tower with Radar,484,317,92,4,897,0,14,202,13,229,484,331,294,17,1126,2,0,2,1128
02/16/2001,SLC,UT,ANM,WE,Combined TRACON& Tower with Radar,484,320,92,4,900,0,26,245,4,275,484,346,337,8,1175,24,0,24,1199
02/17/2001,SLC,UT,ANM,WE,Combined TRACON& Tower with Radar,460,286,83,3,832,21,5,193,1,220,481,291,276,4,1052,22,0,22,1074
02/18/2001,SLC,UT,ANM,WE,Combined TRACON& Tower with Radar,405,252,73,3,733,22,15,79,0,116,427,267,152,3,849,14,0,14,863
02/19/2001,SLC,UT,ANM,WE,Combined TRACON& Tower with Radar,463,297,87,3,850,0,29,148,1,178,463,326,235,4,1028,10,0,10,1038
02/20/2001,SLC,UT,ANM,WE,Combined TRACON& Tower with Radar,464,298,86,3,851,0,24,125,3,152,464,322,211,6,1003,2,0,2,1005
02/21/2001,SLC,UT,ANM,WE,Combined TRACON& Tower with Radar,474,301,87,3,865,0,48,210,0,258,474,349,297,3,1123,26,0,26,1149
02/22/2001,SLC,UT,ANM,WE,Combined TRACON& Tower with Radar,477,303,87,3,870,0,36,170,11,217,477,339,257,14,1087,4,0,4,1091
02/23/2001,SLC,UT,ANM,WE,Combined TRACON& Tower with Radar,452,294,85,4,835,0,16,19,1,36,452,310,104,5,871,2,0,2,873
02/24/2001,SLC,UT,ANM,WE,Combined TRACON& Tower with Radar,437,271,78,4,790,20,13,86,1,120,457,284,164,5,910,2,0,2,912
02/25/2001,SLC,UT,ANM,WE,Combined TRACON& Tower with Radar,422,263,75,4,764,20,17,67,2,106,442,280,142,6,870,8,0,8,878
02/26/2001,SLC,UT,ANM,WE,Combined TRACON& Tower with Radar,447,278,79,4,808,18,17,121,6,162,465,295,200,10,970,4,0,4,974
02/27/2001,SLC,UT,ANM,WE,Combined TRACON& Tower with Radar,454,289,82,4,829,0,23,165,1,189,454,312,247,5,1018,0,0,0,1018
02/28/2001,SLC,UT,ANM,WE,Combined TRACON& Tower with Radar,472,299,86,1,858,0,38,115,0,153,472,337,201,1,1011,10,0,10,1021
03/01/2001,SLC,UT,ANM,WE,Combined TRACON& Tower with Radar,473,318,89,4,884,0,18,168,1,187,473,336,257,5,1071,44,0,44,1115
03/02/2001,SLC,UT,ANM,WE,Combined TRACON& Tower with Radar,468,299,84,4,855,0,20,154,4,178,468,319,238,8,1033,22,0,22,1055
03/03/2001,SLC,UT,ANM,WE,Combined TRACON& Tower with Radar,438,268,77,3,786,31,0,60,0,91,469,268,137,3,877,2,0,2,879
03/04/2001,SLC,UT,ANM,WE,Combined TRACON& Tower with Radar,382,240,67,3,692,15,12,97,0,124,397,252,164,3,816,20,0,20,836
03/05/2001,SLC,UT,ANM,WE,Combined TRACON& Tower with Radar,432,271,76,4,783,17,27,157,1,202,449,298,233,5,985,20,0,20,1005
03/06/2001,SLC,UT,ANM,WE,Combined TRACON& Tower with Radar,450,284,79,4,817,0,41,188,5,234,450,325,267,9,1051,4,0,4,1055
03/07/2001,SLC,UT,ANM,WE,Combined TRACON& Tower with Radar,480,313,87,4,884,0,38,193,11,242,480,351,280,15,1126,0,0,0,1126
03/08/2001,SLC,UT,ANM,WE,Combined TRACON& Tower with Radar,477,315,120,8,920,0,31,255,7,293,477,346,375,15,1213,0,0,0,1213
03/09/2001,SLC,UT,ANM,WE,Combined TRACON& Tower with Radar,458,311,87,4,860,0,20,108,1,129,458,331,195,5,989,0,0,0,989
03/10/2001,SLC,UT,ANM,WE,Combined TRACON& Tower with Radar,471,274,60,7,812,0,17,33,0,50,471,291,93,7,862,0,0,0,862
03/11/2001,SLC,UT,ANM,WE,Combined TRACON& Tower with Radar,418,262,74,3,757,15,0,6,0,21,433,262,80,3,778,0,0,0,778
03/12/2001,SLC,UT,ANM,WE,Combined TRACON& Tower with Radar,451,283,80,2,816,2,19,178,0,199,453,302,258,2,1015,14,0,14,1029
03/13/2001,SLC,UT,ANM,WE,Combined TRACON& Tower with Radar,472,300,85,4,861,0,43,233,21,297,472,343,318,25,1158,64,0,64,1222
03/14/2001,SLC,UT,ANM,WE,Combined TRACON& Tower with Radar,469,318,92,13,892,0,27,85,0,112,469,345,177,13,1004,30,0,30,1034
03/15/2001,SLC,UT,ANM,WE,Combined TRACON& Tower with Radar,469,298,83,4,854,0,41,225,7,273,469,339,308,11,1127,8,0,8,1135
03/16/2001,SLC,UT,ANM,WE,Combined TRACON& Tower with Radar,475,307,86,3,871,0,5,24,0,29,475,312,110,3,900,4,0,4,904
03/17/2001,SLC,UT,ANM,WE,Combined TRACON& Tower with Radar,435,274,76,2,787,30,3,147,0,180,465,277,223,2,967,24,0,24,991
03/18/2001,SLC,UT,ANM,WE,Combined TRACON& Tower with Radar,403,248,71,3,725,3,0,135,2,140,406,248,206,5,865,8,0,8,873
03/19/2001,SLC,UT,ANM,WE,Combined TRACON& Tower with Radar,458,289,81,4,832,3,22,201,3,229,461,311,282,7,1061,2,0,2,1063
03/20/2001,SLC,UT,ANM,WE,Combined TRACON& Tower with Radar,470,297,83,4,854,5,55,190,4,254,475,352,273,8,1108,0,0,0,1108
03/21/2001,SLC,UT,ANM,WE,Combined TRACON& Tower with Radar,469,298,83,4,854,0,33,155,2,190,469,331,238,6,1044,24,0,24,1068
03/22/2001,SLC,UT,ANM,WE,Combined TRACON& Tower with Radar,473,303,84,2,862,0,37,213,0,250,473,340,297,2,1112,24,0,24,1136
03/23/2001,SLC,UT,ANM,WE,Combined TRACON& Tower with Radar,463,308,86,4,861,0,28,199,7,234,463,336,285,11,1095,32,0,32,1127
03/24/2001,SLC,UT,ANM,WE,Combined TRACON& Tower with Radar,391,247,68,2,708,28,20,206,0,254,419,267,274,2,962,24,0,24,986
03/25/2001,SLC,UT,ANM,WE,Combined TRACON& Tower with Radar,410,257,73,3,743,21,0,102,4,127,431,257,175,7,870,36,0,36,906
03/26/2001,SLC,UT,ANM,WE,Combined TRACON& Tower with Radar,451,284,79,4,818,6,6,196,10,218,457,290,275,14,1036,24,0,24,1060
03/27/2001,SLC,UT,ANM,WE,Combined TRACON& Tower with Radar,477,304,74,6,861,0,21,191,9,221,477,325,265,15,1082,8,0,8,1090
03/28/2001,SLC,UT,ANM,WE,Combined TRACON& Tower with Radar,464,302,84,4,854,0,38,77,6,121,464,340,161,10,975,36,0,36,1011
03/29/2001,SLC,UT,ANM,WE,Combined TRACON& Tower with Radar,477,313,88,4,882,0,20,111,8,139,477,333,199,12,1021,12,0,12,1033
03/30/2001,SLC,UT,ANM,WE,Combined TRACON& Tower with Radar,465,306,85,4,860,0,22,220,2,244,465,328,305,6,1104,4,0,4,1108
03/31/2001,SLC,UT,ANM,WE,Combined TRACON& Tower with Radar,431,271,76,4,782,33,14,195,0,242,464,285,271,4,1024,24,0,24,1048
04/01/2001,SLC,UT,ANM,WE,Combined TRACON& Tower with Radar,429,246,55,2,732,6,0,181,2,189,435,246,236,4,921,22,0,22,943
04/02/2001,SLC,UT,ANM,WE,Combined TRACON& Tower with Radar,463,277,59,3,802,0,28,40,8,76,463,305,99,11,878,0,0,0,878
04/03/2001,SLC,UT,ANM,WE,Combined TRACON& Tower with Radar,469,289,61,3,822,0,33,63,7,103,469,322,124,10,925,0,0,0,925
04/04/2001,SLC,UT,ANM,WE,Combined TRACON& Tower with Radar,486,313,72,6,877,0,15,54,4,73,486,328,126,10,950,2,0,2,952
04/05/2001,SLC,UT,ANM,WE,Combined TRACON& Tower with Radar,462,296,63,3,824,0,43,60,0,103,462,339,123,3,927,4,0,4,931
04/06/2001,SLC,UT,ANM,WE,Combined TRACON& Tower with Radar,465,292,62,3,822,0,32,75,6,113,465,324,137,9,935,8,0,8,943
04/07/2001,SLC,UT,ANM,WE,Combined TRACON& Tower with Radar,477,261,44,6,788,0,11,8,0,19,477,272,52,6,807,0,0,0,807
04/08/2001,SLC,UT,ANM,WE,Combined TRACON& Tower with Radar,408,242,52,1,703,35,0,4,0,39,443,242,56,1,742,0,0,0,742
04/09/2001,SLC,UT,ANM,WE,Combined TRACON& Tower with Radar,449,271,57,4,781,0,23,211,2,236,449,294,268,6,1017,6,0,6,1023
04/10/2001,SLC,UT,ANM,WE,Combined TRACON& Tower with Radar,457,293,62,4,816,0,48,155,1,204,457,341,217,5,1020,28,0,28,1048
04/11/2001,SLC,UT,ANM,WE,Combined TRACON& Tower with Radar,449,308,64,2,823,0,20,151,1,172,449,328,215,3,995,12,0,12,1007
04/12/2001,SLC,UT,ANM,WE,Combined TRACON& Tower with Radar,553,328,70,4,955,27,0,6,4,37,580,328,76,8,992,0,0,0,992
04/13/2001,SLC,UT,ANM,WE,Combined TRACON& Tower with Radar,460,292,62,4,818,0,32,164,4,200,460,324,226,8,1018,74,0,74,1092
04/14/2001,SLC,UT,ANM,WE,Combined TRACON& Tower with Radar,433,259,55,1,748,31,8,107,0,146,464,267,162,1,894,12,0,12,906
04/15/2001,SLC,UT,ANM,WE,Combined TRACON& Tower with Radar,400,240,50,3,693,31,8,84,0,123,431,248,134,3,816,24,0,24,840
04/16/2001,SLC,UT,ANM,WE,Combined TRACON& Tower with Radar,450,277,59,3,789,0,9,223,5,237,450,286,282,8,1026,8,0,8,1034
04/17/2001,SLC,UT,ANM,WE,Combined TRACON& Tower with Radar,487,292,63,3,845,1,32,235,3,271,488,324,298,6,1116,56,0,56,1172
04/18/2001,SLC,UT,ANM,WE,Combined TRACON& Tower with Radar,475,293,63,3,834,0,27,168,3,198,475,320,231,6,1032,66,0,66,1098
04/19/2001,SLC,UT,ANM,WE,Combined TRACON& Tower with Radar,476,307,81,2,866,0,28,179,6,213,476,335,260,8,1079,8,0,8,1087
04/20/2001,SLC,UT,ANM,WE,Combined TRACON& Tower with Radar,462,285,61,3,811,0,28,29,1,58,462,313,90,4,869,40,0,40,909
04/21/2001,SLC,UT,ANM,WE,Combined TRACON& Tower with Radar,436,259,57,2,754,20,0,10,2,32,456,259,67,4,786,22,0,22,808
04/22/2001,SLC,UT,ANM,WE,Combined TRACON& Tower with Radar,419,244,55,2,720,21,0,68,6,95,440,244,123,8,815,0,0,0,815
04/23/2001,SLC,UT,ANM,WE,Combined TRACON& Tower with Radar,423,265,58,2,748,0,22,158,10,190,423,287,216,12,938,4,0,4,942
04/24/2001,SLC,UT,ANM,WE,Combined TRACON& Tower with Radar,475,287,62,3,827,0,36,213,2,251,475,323,275,5,1078,2,0,2,1080
04/25/2001,SLC,UT,ANM,WE,Combined TRACON& Tower with Radar,478,295,63,3,839,0,19,233,2,254,478,314,296,5,1093,34,0,34,1127
04/26/2001,SLC,UT,ANM,WE,Combined TRACON& Tower with Radar,485,291,63,3,842,0,40,259,3,302,485,331,322,6,1144,60,0,60,1204
04/27/2001,SLC,UT,ANM,WE,Combined TRACON& Tower with Radar,458,281,60,3,802,0,40,153,3,196,458,321,213,6,998,48,0,48,1046
04/28/2001,SLC,UT,ANM,WE,Combined TRACON& Tower with Radar,423,254,54,2,733,24,14,116,1,155,447,268,170,3,888,20,0,20,908
04/29/2001,SLC,UT,ANM,WE,Combined TRACON& Tower with Radar,414,249,53,2,718,27,7,135,1,170,441,256,188,3,888,0,0,0,888
04/30/2001,SLC,UT,ANM,WE,Combined TRACON& Tower with Radar,450,268,71,6,795,0,28,173,6,207,450,296,244,12,1002,24,0,24,1026
05/01/2001,SLC,UT,ANM,WE,Combined TRACON& Tower with Radar,459,290,61,2,812,7,20,130,5,162,466,310,191,7,974,44,0,44,1018
05/02/2001,SLC,UT,ANM,WE,Combined TRACON& Tower with Radar,468,307,64,2,841,0,27,117,5,149,468,334,181,7,990,8,0,8,998
05/03/2001,SLC,UT,ANM,WE,Combined TRACON& Tower with Radar,467,309,64,2,842,0,16,52,4,72,467,325,116,6,914,0,0,0,914
05/04/2001,SLC,UT,ANM,WE,Combined TRACON& Tower with Radar,467,300,63,2,832,0,22,154,15,191,467,322,217,17,1023,0,0,0,1023
05/05/2001,SLC,UT,ANM,WE,Combined TRACON& Tower with Radar,412,261,54,2,729,27,21,150,2,200,439,282,204,4,929,16,0,16,945
05/06/2001,SLC,UT,ANM,WE,Combined TRACON& Tower with Radar,403,255,53,0,711,26,0,118,0,144,429,255,171,0,855,30,0,30,885
05/07/2001,SLC,UT,ANM,WE,Combined TRACON& Tower with Radar,442,282,59,3,786,1,26,183,9,219,443,308,242,12,1005,12,0,12,1017
05/08/2001,SLC,UT,ANM,WE,Combined TRACON& Tower with Radar,465,306,68,1,840,0,36,245,11,292,465,342,313,12,1132,50,0,50,1182
05/09/2001,SLC,UT,ANM,WE,Combined TRACON& Tower with Radar,461,294,60,3,818,0,43,231,0,274,461,337,291,3,1092,58,0,58,1150
05/10/2001,SLC,UT,ANM,WE,Combined TRACON& Tower with Radar,457,301,62,3,823,0,32,271,8,311,457,333,333,11,1134,46,0,46,1180
05/11/2001,SLC,UT,ANM,WE,Combined TRACON& Tower with Radar,469,305,63,3,840,0,16,244,5,265,469,321,307,8,1105,96,0,96,1201
05/12/2001,SLC,UT,ANM,WE,Combined TRACON& Tower with Radar,419,263,54,3,739,31,3,148,3,185,450,266,202,6,924,56,0,56,980
05/13/2001,SLC,UT,ANM,WE,Combined TRACON& Tower with Radar,422,237,38,0,697,0,12,67,0,79,422,249,105,0,776,2,0,2,778
05/14/2001,SLC,UT,ANM,WE,Combined TRACON& Tower with Radar,442,293,68,3,806,0,33,192,2,227,442,326,260,5,1033,18,0,18,1051
05/15/2001,SLC,UT,ANM,WE,Combined TRACON& Tower with Radar,465,300,65,2,832,0,20,147,11,178,465,320,212,13,1010,30,0,30,1040
05/16/2001,SLC,UT,ANM,WE,Combined TRACON& Tower with Radar,472,298,61,3,834,0,38,168,7,213,472,336,229,10,1047,16,2,18,1065
05/17/2001,SLC,UT,ANM,WE,Combined TRACON& Tower with Radar,466,302,62,3,833,0,25,224,10,259,466,327,286,13,1092,20,0,20,1112
05/18/2001,SLC,UT,ANM,WE,Combined TRACON& Tower with Radar,461,295,61,3,820,0,21,141,2,164,461,316,202,5,984,110,8,118,1102
05/19/2001,SLC,UT,ANM,WE,Combined TRACON& Tower with Radar,411,257,53,3,724,24,19,165,3,211,435,276,218,6,935,0,0,0,935
05/20/2001,SLC,UT,ANM,WE,Combined TRACON& Tower with Radar,394,247,51,3,695,28,1,78,2,109,422,248,129,5,804,6,0,6,810
05/21/2001,SLC,UT,ANM,WE,Combined TRACON& Tower with Radar,423,265,55,3,746,5,22,163,7,197,428,287,218,10,943,0,0,0,943
05/22/2001,SLC,UT,ANM,WE,Combined TRACON& Tower with Radar,463,295,61,3,822,0,39,193,4,236,463,334,254,7,1058,2,0,2,1060
05/23/2001,SLC,UT,ANM,WE,Combined TRACON& Tower with Radar,463,308,63,3,837,0,43,216,5,264,463,351,279,8,1101,20,0,20,1121
05/24/2001,SLC,UT,ANM,WE,Combined TRACON& Tower with Radar,420,278,57,2,757,0,27,238,5,270,420,305,295,7,1027,16,0,16,1043
05/25/2001,SLC,UT,ANM,WE,Combined TRACON& Tower with Radar,457,294,60,2,813,0,28,213,4,245,457,322,273,6,1058,48,0,48,1106
05/26/2001,SLC,UT,ANM,WE,Combined TRACON& Tower with Radar,401,252,52,2,707,19,14,151,10,194,420,266,203,12,901,68,8,76,977
05/27/2001,SLC,UT,ANM,WE,Combined TRACON& Tower with Radar,347,219,45,1,612,31,36,54,1,122,378,255,99,2,734,0,0,0,734
05/28/2001,SLC,UT,ANM,WE,Combined TRACON& Tower with Radar,389,245,51,0,685,26,11,101,0,138,415,256,152,0,823,0,0,0,823
05/29/2001,SLC,UT,ANM,WE,Combined TRACON& Tower with Radar,437,276,56,2,771,3,29,150,7,189,440,305,206,9,960,22,0,22,982
05/30/2001,SLC,UT,ANM,WE,Combined TRACON& Tower with Radar,456,303,62,2,823,0,49,218,12,279,456,352,280,14,1102,38,0,38,1140
05/31/2001,SLC,UT,ANM,WE,Combined TRACON& Tower with Radar,469,307,63,2,841,0,48,242,11,301,469,355,305,13,1142,58,0,58,1200
06/01/2001,SLC,UT,ANM,WE,Combined TRACON& Tower with Radar,450,334,63,4,851,0,49,223,1,273,450,383,286,5,1124,32,0,32,1156
06/02/2001,SLC,UT,ANM,WE,Combined TRACON& Tower with Radar,404,296,56,2,758,35,14,83,0,132,439,310,139,2,890,0,0,0,890
06/03/2001,SLC,UT,ANM,WE,Combined TRACON& Tower with Radar,378,277,53,0,708,34,4,53,0,91,412,281,106,0,799,8,0,8,807
06/04/2001,SLC,UT,ANM,WE,Combined TRACON& Tower with Radar,436,318,61,4,819,9,15,161,3,188,445,333,222,7,1007,20,0,20,1027
06/05/2001,SLC,UT,ANM,WE,Combined TRACON& Tower with Radar,454,334,63,4,855,0,44,187,5,236,454,378,250,9,1091,12,0,12,1103
06/06/2001,SLC,UT,ANM,WE,Combined TRACON& Tower with Radar,443,333,63,4,843,0,28,207,14,249,443,361,270,18,1092,16,0,16,1108
06/07/2001,SLC,UT,ANM,WE,Combined TRACON& Tower with Radar,463,342,65,5,875,0,46,215,3,264,463,388,280,8,1139,40,0,40,1179
06/08/2001,SLC,UT,ANM,WE,Combined TRACON& Tower with Radar,453,329,62,5,849,2,35,186,7,230,455,364,248,12,1079,36,0,36,1115
06/09/2001,SLC,UT,ANM,WE,Combined TRACON& Tower with Radar,444,284,36,14,778,1,21,159,7,188,445,305,195,21,966,16,0,16,982
06/10/2001,SLC,UT,ANM,WE,Combined TRACON& Tower with Radar,408,296,56,5,765,29,10,132,2,173,437,306,188,7,938,0,0,0,938
06/11/2001,SLC,UT,ANM,WE,Combined TRACON& Tower with Radar,444,322,61,5,832,2,32,195,0,229,446,354,256,5,1061,12,0,12,1073
06/12/2001,SLC,UT,ANM,WE,Combined TRACON& Tower with Radar,466,344,65,5,880,0,37,72,3,112,466,381,137,8,992,8,0,8,1000
06/13/2001,SLC,UT,ANM,WE,Combined TRACON& Tower with Radar,458,360,68,4,890,0,28,77,6,111,458,388,145,10,1001,14,0,14,1015
06/14/2001,SLC,UT,ANM,WE,Combined TRACON& Tower with Radar,451,342,64,4,861,0,52,247,5,304,451,394,311,9,1165,30,0,30,1195
06/15/2001,SLC,UT,ANM,WE,Combined TRACON& Tower with Radar,452,337,63,4,856,0,38,230,8,276,452,375,293,12,1132,18,0,18,1150
06/16/2001,SLC,UT,ANM,WE,Combined TRACON& Tower with Radar,437,319,60,4,820,13,0,176,9,198,450,319,236,13,1018,4,0,4,1022
06/17/2001,SLC,UT,ANM,WE,Combined TRACON& Tower with Radar,407,296,56,3,762,27,19,98,0,144,434,315,154,3,906,8,0,8,914
06/18/2001,SLC,UT,ANM,WE,Combined TRACON& Tower with Radar,451,332,63,4,850,0,29,171,5,205,451,361,234,9,1055,10,0,10,1065
06/19/2001,SLC,UT,ANM,WE,Combined TRACON& Tower with Radar,471,358,67,4,900,0,50,214,18,282,471,408,281,22,1182,34,0,34,1216
06/20/2001,SLC,UT,ANM,WE,Combined TRACON& Tower with Radar,463,348,65,4,880,0,41,236,7,284,463,389,301,11,1164,34,0,34,1198
06/21/2001,SLC,UT,ANM,WE,Combined TRACON& Tower with Radar,468,350,66,4,888,0,20,263,4,287,468,370,329,8,1175,64,0,64,1239
06/22/2001,SLC,UT,ANM,WE,Combined TRACON& Tower with Radar,447,334,63,4,848,0,38,227,6,271,447,372,290,10,1119,28,0,28,1147
06/23/2001,SLC,UT,ANM,WE,Combined TRACON& Tower with Radar,424,309,58,4,795,37,4,126,3,170,461,313,184,7,965,8,0,8,973
06/24/2001,SLC,UT,ANM,WE,Combined TRACON& Tower with Radar,423,308,58,4,793,16,2,87,4,109,439,310,145,8,902,0,0,0,902
06/25/2001,SLC,UT,ANM,WE,Combined TRACON& Tower with Radar,456,333,63,4,856,6,8,180,3,197,462,341,243,7,1053,22,0,22,1075
06/26/2001,SLC,UT,ANM,WE,Combined TRACON& Tower with Radar,461,363,57,4,885,1,22,127,6,156,462,385,184,10,1041,30,0,30,1071
06/27/2001,SLC,UT,ANM,WE,Combined TRACON& Tower with Radar,466,354,66,4,890,0,39,175,2,216,466,393,241,6,1106,34,0,34,1140
06/28/2001,SLC,UT,ANM,WE,Combined TRACON& Tower with Radar,475,367,69,4,915,0,25,256,8,289,475,392,325,12,1204,14,0,14,1218
06/29/2001,SLC,UT,ANM,WE,Combined TRACON& Tower with Radar,454,349,66,4,873,0,36,235,12,283,454,385,301,16,1156,24,2,26,1182
06/30/2001,SLC,UT,ANM,WE,Combined TRACON& Tower with Radar,435,317,59,4,815,20,14,204,1,239,455,331,263,5,1054,36,0,36,1090
07/01/2001,SLC,UT,ANM,WE,Combined TRACON& Tower with Radar,413,314,56,5,788,26,19,142,0,187,439,333,198,5,975,8,0,8,983
07/02/2001,SLC,UT,ANM,WE,Combined TRACON& Tower with Radar,451,345,61,5,862,0,20,159,7,186,451,365,220,12,1048,6,0,6,1054
07/03/2001,SLC,UT,ANM,WE,Combined TRACON& Tower with Radar,455,356,63,5,879,0,42,187,2,231,455,398,250,7,1110,38,0,38,1148
07/04/2001,SLC,UT,ANM,WE,Combined TRACON& Tower with Radar,408,311,56,2,777,38,17,103,0,158,446,328,159,2,935,16,0,16,951
07/05/2001,SLC,UT,ANM,WE,Combined TRACON& Tower with Radar,450,343,62,4,859,1,38,182,10,231,451,381,244,14,1090,12,0,12,1102
07/06/2001,SLC,UT,ANM,WE,Combined TRACON& Tower with Radar,445,339,62,4,850,8,24,182,3,217,453,363,244,7,1067,48,0,48,1115
07/07/2001,SLC,UT,ANM,WE,Combined TRACON& Tower with Radar,417,318,58,3,796,39,29,98,0,166,456,347,156,3,962,12,0,12,974
07/08/2001,SLC,UT,ANM,WE,Combined TRACON& Tower with Radar,403,282,49,0,734,3,16,89,0,108,406,298,138,0,842,4,0,4,846
07/09/2001,SLC,UT,ANM,WE,Combined TRACON& Tower with Radar,413,324,58,5,800,0,27,152,4,183,413,351,210,9,983,0,0,0,983
07/10/2001,SLC,UT,ANM,WE,Combined TRACON& Tower with Radar,503,403,72,6,984,0,21,192,8,221,503,424,264,14,1205,10,8,18,1223
07/11/2001,SLC,UT,ANM,WE,Combined TRACON& Tower with Radar,482,383,68,6,939,0,21,228,11,260,482,404,296,17,1199,4,0,4,1203
07/12/2001,SLC,UT,ANM,WE,Combined TRACON& Tower with Radar,486,374,67,6,933,0,31,220,7,258,486,405,287,13,1191,10,0,10,1201
07/13/2001,SLC,UT,ANM,WE,Combined TRACON& Tower with Radar,480,365,66,5,916,0,29,220,4,253,480,394,286,9,1169,74,0,74,1243
07/14/2001,SLC,UT,ANM,WE,Combined TRACON& Tower with Radar,379,288,51,2,720,26,6,138,0,170,405,294,189,2,890,0,0,0,890
07/15/2001,SLC,UT,ANM,WE,Combined TRACON& Tower with Radar,446,216,79,0,741,2,9,117,0,128,448,225,196,0,869,0,0,0,869
07/16/2001,SLC,UT,ANM,WE,Combined TRACON& Tower with Radar,444,344,61,5,854,0,37,130,2,169,444,381,191,7,1023,12,0,12,1035
07/17/2001,SLC,UT,ANM,WE,Combined TRACON& Tower with Radar,424,332,59,5,820,0,45,117,5,167,424,377,176,10,987,0,0,0,987
07/18/2001,SLC,UT,ANM,WE,Combined TRACON& Tower with Radar,435,342,82,5,864,2,25,193,2,222,437,367,275,7,1086,10,0,10,1096
07/19/2001,SLC,UT,ANM,WE,Combined TRACON& Tower with Radar,473,369,66,6,914,0,39,190,0,229,473,408,256,6,1143,56,0,56,1199
07/20/2001,SLC,UT,ANM,WE,Combined TRACON& Tower with Radar,462,363,65,5,895,0,54,170,2,226,462,417,235,7,1121,26,0,26,1147
07/21/2001,SLC,UT,ANM,WE,Combined TRACON& Tower with Radar,420,319,57,5,801,27,12,149,4,192,447,331,206,9,993,20,0,20,1013
07/22/2001,SLC,UT,ANM,WE,Combined TRACON& Tower with Radar,441,304,50,1,796,2,11,143,0,156,443,315,193,1,952,24,2,26,978
07/23/2001,SLC,UT,ANM,WE,Combined TRACON& Tower with Radar,443,342,61,5,851,0,35,210,2,247,443,377,271,7,1098,26,2,28,1126
07/24/2001,SLC,UT,ANM,WE,Combined TRACON& Tower with Radar,472,365,66,5,908,0,41,198,5,244,472,406,264,10,1152,42,0,42,1194
07/25/2001,SLC,UT,ANM,WE,Combined TRACON& Tower with Radar,463,363,66,5,897,0,55,207,7,269,463,418,273,12,1166,24,0,24,1190
07/26/2001,SLC,UT,ANM,WE,Combined TRACON& Tower with Radar,469,396,65,7,937,2,32,186,5,225,471,428,251,12,1162,46,0,46,1208
07/27/2001,SLC,UT,ANM,WE,Combined TRACON& Tower with Radar,455,366,66,5,892,0,29,205,13,247,455,395,271,18,1139,106,0,106,1245
07/28/2001,SLC,UT,ANM,WE,Combined TRACON& Tower with Radar,429,325,58,5,817,17,8,149,13,187,446,333,207,18,1004,30,0,30,1034
07/29/2001,SLC,UT,ANM,WE,Combined TRACON& Tower with Radar,421,299,57,5,782,20,0,142,8,170,441,299,199,13,952,34,0,34,986
07/30/2001,SLC,UT,ANM,WE,Combined TRACON& Tower with Radar,463,351,63,5,882,5,30,103,4,142,468,381,166,9,1024,2,0,2,1026
07/31/2001,SLC,UT,ANM,WE,Combined TRACON& Tower with Radar,466,365,65,5,901,0,53,198,8,259,466,418,263,13,1160,0,6,6,1166
08/01/2001,SLC,UT,ANM,WE,Combined TRACON& Tower with Radar,439,333,73,5,850,0,0,125,0,125,439,333,198,5,975,8,0,8,983
08/02/2001,SLC,UT,ANM,WE,Combined TRACON& Tower with Radar,451,363,70,8,892,0,2,150,4,156,451,365,220,12,1048,6,0,6,1054
08/03/2001,SLC,UT,ANM,WE,Combined TRACON& Tower with Radar,451,357,69,7,884,4,41,181,0,226,455,398,250,7,1110,38,0,38,1148
08/04/2001,SLC,UT,ANM,WE,Combined TRACON& Tower with Radar,410,323,63,2,798,36,5,96,0,137,446,328,159,2,935,16,0,16,951
08/05/2001,SLC,UT,ANM,WE,Combined TRACON& Tower with Radar,403,318,61,7,789,48,63,183,7,301,451,381,244,14,1090,12,0,12,1102
08/06/2001,SLC,UT,ANM,WE,Combined TRACON& Tower with Radar,437,346,67,7,857,16,17,177,0,210,453,363,244,7,1067,48,0,48,1115
08/07/2001,SLC,UT,ANM,WE,Combined TRACON& Tower with Radar,456,347,72,3,878,0,0,84,0,84,456,347,156,3,962,12,0,12,974
08/08/2001,SLC,UT,ANM,WE,Combined TRACON& Tower with Radar,406,298,73,0,777,0,0,65,0,65,406,298,138,0,842,4,0,4,846
08/09/2001,SLC,UT,ANM,WE,Combined TRACON& Tower with Radar,413,351,73,8,845,0,0,137,1,138,413,351,210,9,983,0,0,0,983
08/10/2001,SLC,UT,ANM,WE,Combined TRACON& Tower with Radar,467,369,71,8,915,36,55,193,6,290,503,424,264,14,1205,10,8,18,1223
08/11/2001,SLC,UT,ANM,WE,Combined TRACON& Tower with Radar,426,336,65,7,834,56,68,231,10,365,482,404,296,17,1199,4,0,4,1203
08/12/2001,SLC,UT,ANM,WE,Combined TRACON& Tower with Radar,415,329,63,7,814,71,76,224,6,377,486,405,287,13,1191,10,0,10,1201
08/13/2001,SLC,UT,ANM,WE,Combined TRACON& Tower with Radar,457,361,70,7,895,23,33,216,2,274,480,394,286,9,1169,74,0,74,1243
08/14/2001,SLC,UT,ANM,WE,Combined TRACON& Tower with Radar,405,294,71,2,772,0,0,118,0,118,405,294,189,2,890,0,0,0,890
08/15/2001,SLC,UT,ANM,WE,Combined TRACON& Tower with Radar,442,225,67,0,734,6,0,129,0,135,448,225,196,0,869,0,0,0,869
08/16/2001,SLC,UT,ANM,WE,Combined TRACON& Tower with Radar,444,376,71,7,898,0,5,120,0,125,444,381,191,7,1023,12,0,12,1035
08/17/2001,SLC,UT,ANM,WE,Combined TRACON& Tower with Radar,411,324,62,8,805,13,53,114,2,182,424,377,176,10,987,0,0,0,987
08/18/2001,SLC,UT,ANM,WE,Combined TRACON& Tower with Radar,407,322,61,7,797,30,45,214,0,289,437,367,275,7,1086,10,0,10,1096
08/19/2001,SLC,UT,ANM,WE,Combined TRACON& Tower with Radar,426,336,64,6,832,47,72,192,0,311,473,408,256,6,1143,56,0,56,1199
08/20/2001,SLC,UT,ANM,WE,Combined TRACON& Tower with Radar,432,340,65,7,844,30,77,170,0,277,462,417,235,7,1121,26,0,26,1147
08/21/2001,SLC,UT,ANM,WE,Combined TRACON& Tower with Radar,447,331,73,9,860,0,0,133,0,133,447,331,206,9,993,20,0,20,1013
08/22/2001,SLC,UT,ANM,WE,Combined TRACON& Tower with Radar,443,315,73,1,832,0,0,120,0,120,443,315,193,1,952,24,2,26,978
08/23/2001,SLC,UT,ANM,WE,Combined TRACON& Tower with Radar,443,376,72,7,898,0,1,199,0,200,443,377,271,7,1098,26,2,28,1126
08/24/2001,SLC,UT,ANM,WE,Combined TRACON& Tower with Radar,472,382,73,9,936,0,24,191,1,216,472,406,264,10,1152,42,0,42,1194
08/25/2001,SLC,UT,ANM,WE,Combined TRACON& Tower with Radar,421,332,63,7,823,42,86,210,5,343,463,418,273,12,1166,24,0,24,1190
08/26/2001,SLC,UT,ANM,WE,Combined TRACON& Tower with Radar,437,344,66,7,854,34,84,185,5,308,471,428,251,12,1162,46,0,46,1208
08/27/2001,SLC,UT,ANM,WE,Combined TRACON& Tower with Radar,438,345,66,7,856,17,50,205,11,283,455,395,271,18,1139,106,0,106,1245
08/28/2001,SLC,UT,ANM,WE,Combined TRACON& Tower with Radar,446,333,71,8,858,0,0,136,10,146,446,333,207,18,1004,30,0,30,1034
08/29/2001,SLC,UT,ANM,WE,Combined TRACON& Tower with Radar,441,299,70,8,818,0,0,129,5,134,441,299,199,13,952,34,0,34,986
08/30/2001,SLC,UT,ANM,WE,Combined TRACON& Tower with Radar,468,373,71,8,920,0,8,95,1,104,468,381,166,9,1024,2,0,2,1026
08/31/2001,SLC,UT,ANM,WE,Combined TRACON& Tower with Radar,466,373,71,8,918,0,45,192,5,242,466,418,263,13,1160,0,6,6,1166
09/01/2001,SLC,UT,ANM,WE,Combined TRACON& Tower with Radar,382,339,57,5,783,21,0,147,0,168,403,339,204,5,951,94,0,94,1045
09/02/2001,SLC,UT,ANM,WE,Combined TRACON& Tower with Radar,331,297,50,0,678,34,38,67,0,139,365,335,117,0,817,72,0,72,889
09/03/2001,SLC,UT,ANM,WE,Combined TRACON& Tower with Radar,365,326,55,4,750,37,0,152,0,189,402,326,207,4,939,8,0,8,947
09/04/2001,SLC,UT,ANM,WE,Combined TRACON& Tower with Radar,413,366,62,7,848,27,0,147,6,180,440,366,209,13,1028,22,0,22,1050
09/05/2001,SLC,UT,ANM,WE,Combined TRACON& Tower with Radar,422,381,63,7,873,11,4,170,10,195,433,385,233,17,1068,46,0,46,1114
09/06/2001,SLC,UT,ANM,WE,Combined TRACON& Tower with Radar,471,425,71,8,975,0,12,140,14,166,471,437,211,22,1141,22,0,22,1163
09/07/2001,SLC,UT,ANM,WE,Combined TRACON& Tower with Radar,430,387,64,7,888,6,36,233,8,283,436,423,297,15,1171,20,0,20,1191
09/08/2001,SLC,UT,ANM,WE,Combined TRACON& Tower with Radar,395,356,60,5,816,38,7,211,4,260,433,363,271,9,1076,58,0,58,1134
09/09/2001,SLC,UT,ANM,WE,Combined TRACON& Tower with Radar,433,304,48,15,800,0,21,184,0,205,433,325,232,15,1005,178,0,178,1183
09/10/2001,SLC,UT,ANM,WE,Combined TRACON& Tower with Radar,413,371,63,6,853,17,12,175,9,213,430,383,238,15,1066,32,0,32,1098
09/11/2001,SLC,UT,ANM,WE,Combined TRACON& Tower with Radar,86,89,15,1,191,0,27,20,4,51,86,116,35,5,242,14,0,14,256
09/12/2001,SLC,UT,ANM,WE,Combined TRACON& Tower with Radar,0,16,0,5,21,0,15,0,0,15,0,31,0,5,36,0,0,0,36
09/13/2001,SLC,UT,ANM,WE,Combined TRACON& Tower with Radar,89,104,6,1,200,0,68,0,32,100,89,172,6,33,300,8,6,14,314
09/14/2001,SLC,UT,ANM,WE,Combined TRACON& Tower with Radar,280,290,23,4,597,0,87,0,29,116,280,377,23,33,713,4,66,70,783
09/15/2001,SLC,UT,ANM,WE,Combined TRACON& Tower with Radar,356,321,46,1,724,0,43,0,0,43,356,364,46,1,767,0,0,0,767
09/16/2001,SLC,UT,ANM,WE,Combined TRACON& Tower with Radar,358,323,35,0,716,30,21,0,0,51,388,344,35,0,767,0,0,0,767
09/17/2001,SLC,UT,ANM,WE,Combined TRACON& Tower with Radar,382,395,64,10,851,0,22,3,1,26,382,417,67,11,877,4,2,6,883
09/18/2001,SLC,UT,ANM,WE,Combined TRACON& Tower with Radar,404,396,65,3,868,0,65,0,0,65,404,461,65,3,933,2,0,2,935
09/19/2001,SLC,UT,ANM,WE,Combined TRACON& Tower with Radar,413,392,67,6,878,0,37,10,3,50,413,429,77,9,928,2,0,2,930
09/20/2001,SLC,UT,ANM,WE,Combined TRACON& Tower with Radar,412,403,68,6,889,0,43,22,3,68,412,446,90,9,957,2,0,2,959
09/21/2001,SLC,UT,ANM,WE,Combined TRACON& Tower with Radar,415,394,67,6,882,0,36,13,1,50,415,430,80,7,932,0,0,0,932
09/22/2001,SLC,UT,ANM,WE,Combined TRACON& Tower with Radar,373,336,57,5,771,22,27,56,2,107,395,363,113,7,878,74,0,74,952
09/23/2001,SLC,UT,ANM,WE,Combined TRACON& Tower with Radar,381,340,58,5,784,22,0,78,5,105,403,340,136,10,889,24,0,24,913
09/24/2001,SLC,UT,ANM,WE,Combined TRACON& Tower with Radar,403,390,94,0,887,0,33,87,8,128,403,423,181,8,1015,44,0,44,1059
09/25/2001,SLC,UT,ANM,WE,Combined TRACON& Tower with Radar,416,405,69,6,896,0,36,137,3,176,416,441,206,9,1072,30,0,30,1102
09/26/2001,SLC,UT,ANM,WE,Combined TRACON& Tower with Radar,418,396,67,6,887,0,46,138,5,189,418,442,205,11,1076,38,0,38,1114
09/27/2001,SLC,UT,ANM,WE,Combined TRACON& Tower with Radar,385,370,62,6,823,0,23,161,5,189,385,393,223,11,1012,22,0,22,1034
09/28/2001,SLC,UT,ANM,WE,Combined TRACON& Tower with Radar,418,388,66,6,878,0,37,137,0,174,418,425,203,6,1052,26,0,26,1078
09/29/2001,SLC,UT,ANM,WE,Combined TRACON& Tower with Radar,373,335,57,3,768,24,23,96,0,143,397,358,153,3,911,14,0,14,925
09/30/2001,SLC,UT,ANM,WE,Combined TRACON& Tower with Radar,397,357,61,0,815,8,13,100,0,121,405,370,161,0,936,0,0,0,936
10/01/2001,SLC,UT,ANM,WE,Combined TRACON& Tower with Radar,389,372,64,5,830,7,22,118,9,156,396,394,182,14,986,44,0,44,1030
10/02/2001,SLC,UT,ANM,WE,Combined TRACON& Tower with Radar,401,405,70,6,882,0,32,186,9,227,401,437,256,15,1109,106,0,106,1215
10/03/2001,SLC,UT,ANM,WE,Combined TRACON& Tower with Radar,401,405,70,6,882,0,56,156,9,221,401,461,226,15,1103,84,0,84,1187
10/04/2001,SLC,UT,ANM,WE,Combined TRACON& Tower with Radar,404,405,70,6,885,0,49,184,2,235,404,454,254,8,1120,86,0,86,1206
10/05/2001,SLC,UT,ANM,WE,Combined TRACON& Tower with Radar,406,407,70,6,889,0,48,155,0,203,406,455,225,6,1092,46,0,46,1138
10/06/2001,SLC,UT,ANM,WE,Combined TRACON& Tower with Radar,316,279,52,4,651,63,0,71,1,135,379,279,123,5,786,22,0,22,808
10/07/2001,SLC,UT,ANM,WE,Combined TRACON& Tower with Radar,380,352,63,5,800,11,0,60,29,100,391,352,123,34,900,96,0,96,996
10/08/2001,SLC,UT,ANM,WE,Combined TRACON& Tower with Radar,382,365,64,5,816,6,21,84,2,113,388,386,148,7,929,72,20,92,1021
10/09/2001,SLC,UT,ANM,WE,Combined TRACON& Tower with Radar,398,383,67,5,853,0,27,77,5,109,398,410,144,10,962,38,0,38,1000
10/10/2001,SLC,UT,ANM,WE,Combined TRACON& Tower with Radar,402,416,73,6,897,0,39,219,2,260,402,455,292,8,1157,86,0,86,1243
10/11/2001,SLC,UT,ANM,WE,Combined TRACON& Tower with Radar,407,399,69,7,882,0,53,50,0,103,407,452,119,7,985,20,0,20,1005
10/12/2001,SLC,UT,ANM,WE,Combined TRACON& Tower with Radar,406,399,69,7,881,0,30,169,5,204,406,429,238,12,1085,20,0,20,1105
10/13/2001,SLC,UT,ANM,WE,Combined TRACON& Tower with Radar,354,339,58,5,756,23,37,83,0,143,377,376,141,5,899,34,0,34,933
10/14/2001,SLC,UT,ANM,WE,Combined TRACON& Tower with Radar,366,350,60,6,782,17,12,95,2,126,383,362,155,8,908,50,0,50,958
10/15/2001,SLC,UT,ANM,WE,Combined TRACON& Tower with Radar,399,384,66,6,855,0,19,146,3,168,399,403,212,9,1023,40,0,40,1063
10/16/2001,SLC,UT,ANM,WE,Combined TRACON& Tower with Radar,398,404,69,7,878,0,43,200,7,250,398,447,269,14,1128,12,0,12,1140
10/17/2001,SLC,UT,ANM,WE,Combined TRACON& Tower with Radar,368,368,63,6,805,0,44,260,11,315,368,412,323,17,1120,48,10,58,1178
10/18/2001,SLC,UT,ANM,WE,Combined TRACON& Tower with Radar,402,417,72,7,898,0,33,267,14,314,402,450,339,21,1212,136,0,136,1348
10/19/2001,SLC,UT,ANM,WE,Combined TRACON& Tower with Radar,397,391,68,6,862,0,32,261,6,299,397,423,329,12,1161,60,0,60,1221
10/20/2001,SLC,UT,ANM,WE,Combined TRACON& Tower with Radar,359,343,59,5,766,16,22,188,0,226,375,365,247,5,992,102,0,102,1094
10/21/2001,SLC,UT,ANM,WE,Combined TRACON& Tower with Radar,351,335,58,5,749,28,18,119,0,165,379,353,177,5,914,56,0,56,970
10/22/2001,SLC,UT,ANM,WE,Combined TRACON& Tower with Radar,383,366,63,6,818,3,51,166,1,221,386,417,229,7,1039,40,0,40,1079
10/23/2001,SLC,UT,ANM,WE,Combined TRACON& Tower with Radar,403,387,66,6,862,0,72,49,2,123,403,459,115,8,985,12,0,12,997
10/24/2001,SLC,UT,ANM,WE,Combined TRACON& Tower with Radar,391,385,66,6,848,0,55,217,8,280,391,440,283,14,1128,144,0,144,1272
10/25/2001,SLC,UT,ANM,WE,Combined TRACON& Tower with Radar,404,420,77,7,908,0,44,224,4,272,404,464,301,11,1180,64,0,64,1244
10/26/2001,SLC,UT,ANM,WE,Combined TRACON& Tower with Radar,404,398,69,1,872,0,27,231,3,261,404,425,300,4,1133,72,0,72,1205
10/27/2001,SLC,UT,ANM,WE,Combined TRACON& Tower with Radar,326,313,54,5,698,23,33,174,1,231,349,346,228,6,929,40,2,42,971
10/28/2001,SLC,UT,ANM,WE,Combined TRACON& Tower with Radar,315,301,52,1,669,33,26,94,0,153,348,327,146,1,822,8,0,8,830
10/29/2001,SLC,UT,ANM,WE,Combined TRACON& Tower with Radar,388,373,64,5,830,10,19,144,5,178,398,392,208,10,1008,44,0,44,1052
10/30/2001,SLC,UT,ANM,WE,Combined TRACON& Tower with Radar,409,399,69,6,883,0,27,79,0,106,409,426,148,6,989,10,0,10,999
10/31/2001,SLC,UT,ANM,WE,Combined TRACON& Tower with Radar,409,393,67,5,874,10,33,94,3,140,419,426,161,8,1014,64,0,64,1078
11/01/2001,SLC,UT,ANM,WE,Combined TRACON& Tower with Radar,420,408,56,5,889,0,13,208,15,236,420,421,264,20,1125,62,0,62,1187
11/02/2001,SLC,UT,ANM,WE,Combined TRACON& Tower with Radar,419,410,56,6,891,0,18,319,5,342,419,428,375,11,1233,108,0,108,1341
11/03/2001,SLC,UT,ANM,WE,Combined TRACON& Tower with Radar,383,339,33,6,761,2,28,232,2,264,385,367,265,8,1025,114,0,114,1139
11/04/2001,SLC,UT,ANM,WE,Combined TRACON& Tower with Radar,358,345,48,5,756,31,6,169,14,220,389,351,217,19,976,44,0,44,1020
11/05/2001,SLC,UT,ANM,WE,Combined TRACON& Tower with Radar,396,382,53,5,836,19,29,143,1,192,415,411,196,6,1028,22,0,22,1050
11/06/2001,SLC,UT,ANM,WE,Combined TRACON& Tower with Radar,418,404,56,6,884,15,39,131,4,189,433,443,187,10,1073,38,0,38,1111
11/07/2001,SLC,UT,ANM,WE,Combined TRACON& Tower with Radar,378,389,55,5,827,0,43,131,13,187,378,432,186,18,1014,50,0,50,1064
11/08/2001,SLC,UT,ANM,WE,Combined TRACON& Tower with Radar,414,424,59,6,903,0,49,242,6,297,414,473,301,12,1200,20,0,20,1220
11/09/2001,SLC,UT,ANM,WE,Combined TRACON& Tower with Radar,422,419,58,3,902,0,27,245,0,272,422,446,303,3,1174,60,0,60,1234
11/10/2001,SLC,UT,ANM,WE,Combined TRACON& Tower with Radar,372,360,50,4,786,28,26,125,0,179,400,386,175,4,965,54,0,54,1019
11/11/2001,SLC,UT,ANM,WE,Combined TRACON& Tower with Radar,336,319,45,5,705,29,0,104,1,134,365,319,149,6,839,32,0,32,871
11/12/2001,SLC,UT,ANM,WE,Combined TRACON& Tower with Radar,392,384,54,5,835,0,31,168,3,202,392,415,222,8,1037,56,0,56,1093
11/13/2001,SLC,UT,ANM,WE,Combined TRACON& Tower with Radar,426,421,58,3,908,0,31,129,0,160,426,452,187,3,1068,58,0,58,1126
11/14/2001,SLC,UT,ANM,WE,Combined TRACON& Tower with Radar,428,421,58,6,913,0,15,191,8,214,428,436,249,14,1127,40,0,40,1167
11/15/2001,SLC,UT,ANM,WE,Combined TRACON& Tower with Radar,432,417,58,6,913,0,27,200,8,235,432,444,258,14,1148,40,0,40,1188
11/16/2001,SLC,UT,ANM,WE,Combined TRACON& Tower with Radar,418,414,57,6,895,0,36,210,5,251,418,450,267,11,1146,54,0,54,1200
11/17/2001,SLC,UT,ANM,WE,Combined TRACON& Tower with Radar,372,359,50,3,784,36,16,191,0,243,408,375,241,3,1027,16,0,16,1043
11/18/2001,SLC,UT,ANM,WE,Combined TRACON& Tower with Radar,365,346,49,4,764,22,0,59,0,81,387,346,108,4,845,0,0,0,845
11/19/2001,SLC,UT,ANM,WE,Combined TRACON& Tower with Radar,403,389,54,4,850,0,26,175,4,205,403,415,229,8,1055,20,0,20,1075
11/20/2001,SLC,UT,ANM,WE,Combined TRACON& Tower with Radar,423,434,60,5,922,0,41,243,9,293,423,475,303,14,1215,42,0,42,1257
11/21/2001,SLC,UT,ANM,WE,Combined TRACON& Tower with Radar,421,423,59,5,908,0,51,153,4,208,421,474,212,9,1116,0,0,0,1116
11/22/2001,SLC,UT,ANM,WE,Combined TRACON& Tower with Radar,349,329,15,2,695,51,0,0,0,51,400,329,15,2,746,0,0,0,746
11/23/2001,SLC,UT,ANM,WE,Combined TRACON& Tower with Radar,251,302,37,2,592,0,73,0,0,73,251,375,37,2,665,0,0,0,665
11/24/2001,SLC,UT,ANM,WE,Combined TRACON& Tower with Radar,351,337,47,2,737,12,28,32,0,72,363,365,79,2,809,14,0,14,823
11/25/2001,SLC,UT,ANM,WE,Combined TRACON& Tower with Radar,391,312,43,0,746,1,7,0,0,8,392,319,43,0,754,0,0,0,754
11/26/2001,SLC,UT,ANM,WE,Combined TRACON& Tower with Radar,392,403,62,2,859,1,14,2,0,17,393,417,64,2,876,0,0,0,876
11/27/2001,SLC,UT,ANM,WE,Combined TRACON& Tower with Radar,441,434,60,5,940,0,33,121,6,160,441,467,181,11,1100,40,0,40,1140
11/28/2001,SLC,UT,ANM,WE,Combined TRACON& Tower with Radar,416,430,48,6,900,1,29,153,6,189,417,459,201,12,1089,6,0,6,1095
11/29/2001,SLC,UT,ANM,WE,Combined TRACON& Tower with Radar,418,412,57,4,891,0,17,3,0,20,418,429,60,4,911,0,0,0,911
11/30/2001,SLC,UT,ANM,WE,Combined TRACON& Tower with Radar,417,415,57,5,894,0,26,87,2,115,417,441,144,7,1009,92,0,92,1101
12/01/2001,SLC,UT,ANM,WE,Combined TRACON& Tower with Radar,363,352,56,2,773,22,18,20,0,60,385,370,76,2,833,60,0,60,893
12/02/2001,SLC,UT,ANM,WE,Combined TRACON& Tower with Radar,356,343,54,4,757,39,0,6,1,46,395,343,60,5,803,2,0,2,805
12/03/2001,SLC,UT,ANM,WE,Combined TRACON& Tower with Radar,398,385,58,5,846,9,6,0,0,15,407,391,58,5,861,2,0,2,863
12/04/2001,SLC,UT,ANM,WE,Combined TRACON& Tower with Radar,413,415,65,5,898,0,37,27,2,66,413,452,92,7,964,22,0,22,986
12/05/2001,SLC,UT,ANM,WE,Combined TRACON& Tower with Radar,421,412,65,5,903,0,38,31,0,69,421,450,96,5,972,0,0,0,972
12/06/2001,SLC,UT,ANM,WE,Combined TRACON& Tower with Radar,419,414,65,5,903,0,13,69,6,88,419,427,134,11,991,26,0,26,1017
12/07/2001,SLC,UT,ANM,WE,Combined TRACON& Tower with Radar,320,370,59,4,753,0,61,187,9,257,320,431,246,13,1010,80,0,80,1090
12/08/2001,SLC,UT,ANM,WE,Combined TRACON& Tower with Radar,371,358,56,4,789,29,0,247,4,280,400,358,303,8,1069,24,0,24,1093
12/09/2001,SLC,UT,ANM,WE,Combined TRACON& Tower with Radar,359,341,55,4,759,40,0,81,1,122,399,341,136,5,881,6,0,6,887
12/10/2001,SLC,UT,ANM,WE,Combined TRACON& Tower with Radar,379,367,66,4,816,3,18,94,2,117,382,385,160,6,933,44,0,44,977
12/11/2001,SLC,UT,ANM,WE,Combined TRACON& Tower with Radar,418,408,53,3,882,0,31,0,0,31,418,439,53,3,913,0,0,0,913
12/12/2001,SLC,UT,ANM,WE,Combined TRACON& Tower with Radar,419,410,64,5,898,0,37,98,4,139,419,447,162,9,1037,66,6,72,1109
12/13/2001,SLC,UT,ANM,WE,Combined TRACON& Tower with Radar,422,411,65,5,903,0,32,116,0,148,422,443,181,5,1051,48,0,48,1099
12/14/2001,SLC,UT,ANM,WE,Combined TRACON& Tower with Radar,405,394,62,5,866,0,25,12,0,37,405,419,74,5,903,8,0,8,911
12/15/2001,SLC,UT,ANM,WE,Combined TRACON& Tower with Radar,430,361,50,0,841,3,11,15,0,29,433,372,65,0,870,15,0,15,885
12/16/2001,SLC,UT,ANM,WE,Combined TRACON& Tower with Radar,348,329,53,4,734,29,0,130,2,161,377,329,183,6,895,44,0,44,939
12/17/2001,SLC,UT,ANM,WE,Combined TRACON& Tower with Radar,381,367,58,4,810,4,34,99,0,137,385,401,157,4,947,20,0,20,967
12/18/2001,SLC,UT,ANM,WE,Combined TRACON& Tower with Radar,440,413,66,4,923,10,0,51,0,61,450,413,117,4,984,0,0,0,984
12/19/2001,SLC,UT,ANM,WE,Combined TRACON& Tower with Radar,414,413,65,5,897,0,27,107,4,138,414,440,172,9,1035,50,0,50,1085
12/20/2001,SLC,UT,ANM,WE,Combined TRACON& Tower with Radar,468,469,74,6,1017,0,0,191,0,191,468,469,265,6,1208,32,0,32,1240
12/21/2001,SLC,UT,ANM,WE,Combined TRACON& Tower with Radar,410,403,63,3,879,0,19,33,0,52,410,422,96,3,931,16,0,16,947
12/22/2001,SLC,UT,ANM,WE,Combined TRACON& Tower with Radar,408,385,61,5,859,20,0,135,2,157,428,385,196,7,1016,88,0,88,1104
12/23/2001,SLC,UT,ANM,WE,Combined TRACON& Tower with Radar,392,356,59,4,811,42,0,44,3,89,434,356,103,7,900,0,0,0,900
12/24/2001,SLC,UT,ANM,WE,Combined TRACON& Tower with Radar,342,351,55,3,751,0,59,63,3,125,342,410,118,6,876,14,0,14,890
12/25/2001,SLC,UT,ANM,WE,Combined TRACON& Tower with Radar,337,308,19,0,664,3,2,1,0,6,340,310,20,0,670,0,0,0,670
12/26/2001,SLC,UT,ANM,WE,Combined TRACON& Tower with Radar,422,426,67,5,920,0,0,37,4,41,422,426,104,9,961,0,0,0,961
12/27/2001,SLC,UT,ANM,WE,Combined TRACON& Tower with Radar,419,449,69,5,942,0,29,36,0,65,419,478,105,5,1007,0,0,0,1007
12/28/2001,SLC,UT,ANM,WE,Combined TRACON& Tower with Radar,426,431,67,5,929,0,30,49,3,82,426,461,116,8,1011,8,0,8,1019
12/29/2001,SLC,UT,ANM,WE,Combined TRACON& Tower with Radar,395,367,59,3,824,23,0,2,0,25,418,367,61,3,849,0,0,0,849
12/30/2001,SLC,UT,ANM,WE,Combined TRACON& Tower with Radar,400,360,32,2,794,3,0,1,0,4,403,360,33,2,798,0,0,0,798
12/31/2001,SLC,UT,ANM,WE,Combined TRACON& Tower with Radar,402,395,32,0,829,3,0,0,0,3,405,395,32,0,832,0,0,0,832
01/01/2002,SLC,UT,ANM,WE,Combined TRACON& Tower with Radar,406,320,66,3,795,0,5,1,0,6,406,325,67,3,801,0,0,0,801
01/02/2002,SLC,UT,ANM,WE,Combined TRACON& Tower with Radar,406,430,91,7,934,0,10,131,16,157,406,440,222,23,1091,16,0,16,1107
01/03/2002,SLC,UT,ANM,WE,Combined TRACON& Tower with Radar,387,398,71,6,862,0,65,64,11,140,387,463,135,17,1002,8,0,8,1010
01/04/2002,SLC,UT,ANM,WE,Combined TRACON& Tower with Radar,390,340,64,5,799,21,0,81,7,109,411,340,145,12,908,8,0,8,916
01/05/2002,SLC,UT,ANM,WE,Combined TRACON& Tower with Radar,408,379,67,6,860,0,35,191,28,254,408,414,258,34,1114,64,0,64,1178
01/06/2002,SLC,UT,ANM,WE,Combined TRACON& Tower with Radar,390,363,64,5,822,9,2,51,6,68,399,365,115,11,890,14,0,14,904
01/07/2002,SLC,UT,ANM,WE,Combined TRACON& Tower with Radar,411,390,69,6,876,0,19,50,3,72,411,409,119,9,948,0,0,0,948
01/08/2002,SLC,UT,ANM,WE,Combined TRACON& Tower with Radar,433,421,75,6,935,0,21,11,6,38,433,442,86,12,973,0,0,0,973
01/09/2002,SLC,UT,ANM,WE,Combined TRACON& Tower with Radar,438,415,74,6,933,0,12,39,2,53,438,427,113,8,986,20,0,20,1006
01/10/2002,SLC,UT,ANM,WE,Combined TRACON& Tower with Radar,440,418,74,6,938,0,3,142,2,147,440,421,216,8,1085,32,0,32,1117
01/11/2002,SLC,UT,ANM,WE,Combined TRACON& Tower with Radar,440,425,76,6,947,0,16,173,31,220,440,441,249,37,1167,30,0,30,1197
01/12/2002,SLC,UT,ANM,WE,Combined TRACON& Tower with Radar,348,297,57,6,708,60,0,136,7,203,408,297,193,13,911,20,0,20,931
01/13/2002,SLC,UT,ANM,WE,Combined TRACON& Tower with Radar,392,366,65,6,829,10,14,162,10,196,402,380,227,16,1025,74,0,74,1099
01/14/2002,SLC,UT,ANM,WE,Combined TRACON& Tower with Radar,410,382,67,7,866,14,31,145,30,220,424,413,212,37,1086,36,0,36,1122
01/15/2002,SLC,UT,ANM,WE,Combined TRACON& Tower with Radar,434,406,72,7,919,0,33,15,10,58,434,439,87,17,977,46,0,46,1023
01/16/2002,SLC,UT,ANM,WE,Combined TRACON& Tower with Radar,431,421,81,16,949,0,22,99,33,154,431,443,180,49,1103,74,0,74,1177
01/17/2002,SLC,UT,ANM,WE,Combined TRACON& Tower with Radar,449,442,78,8,977,0,29,103,43,175,449,471,181,51,1152,28,4,32,1184
01/18/2002,SLC,UT,ANM,WE,Combined TRACON& Tower with Radar,428,428,76,7,939,0,25,52,5,82,428,453,128,12,1021,40,0,40,1061
01/19/2002,SLC,UT,ANM,WE,Combined TRACON& Tower with Radar,406,377,67,7,857,8,25,132,16,181,414,402,199,23,1038,38,0,38,1076
01/20/2002,SLC,UT,ANM,WE,Combined TRACON& Tower with Radar,375,350,62,6,793,30,4,36,6,76,405,354,98,12,869,8,0,8,877
01/21/2002,SLC,UT,ANM,WE,Combined TRACON& Tower with Radar,431,409,73,5,918,0,5,94,0,99,431,414,167,5,1017,10,0,10,1027
01/22/2002,SLC,UT,ANM,WE,Combined TRACON& Tower with Radar,424,394,70,7,895,9,55,41,24,129,433,449,111,31,1024,44,2,46,1070
01/23/2002,SLC,UT,ANM,WE,Combined TRACON& Tower with Radar,439,419,74,7,939,0,73,86,42,201,439,492,160,49,1140,0,36,36,1176
01/24/2002,SLC,UT,ANM,WE,Combined TRACON& Tower with Radar,445,419,76,6,946,0,24,159,47,230,445,443,235,53,1176,40,4,44,1220
01/25/2002,SLC,UT,ANM,WE,Combined TRACON& Tower with Radar,435,408,74,6,923,0,33,156,41,230,435,441,230,47,1153,64,0,64,1217
01/26/2002,SLC,UT,ANM,WE,Combined TRACON& Tower with Radar,378,352,64,5,799,32,22,83,10,147,410,374,147,15,946,68,0,68,1014
01/27/2002,SLC,UT,ANM,WE,Combined TRACON& Tower with Radar,383,357,57,5,802,35,1,0,2,38,418,358,57,7,840,0,0,0,840
01/28/2002,SLC,UT,ANM,WE,Combined TRACON& Tower with Radar,422,393,57,5,877,0,22,0,0,22,422,415,57,5,899,0,0,0,899
01/29/2002,SLC,UT,ANM,WE,Combined TRACON& Tower with Radar,434,420,75,6,935,0,48,87,24,159,434,468,162,30,1094,38,0,38,1132
01/30/2002,SLC,UT,ANM,WE,Combined TRACON& Tower with Radar,426,397,71,6,900,0,53,159,42,254,426,450,230,48,1154,62,4,66,1220
01/31/2002,SLC,UT,ANM,WE,Combined TRACON& Tower with Radar,437,425,77,6,945,0,50,166,27,243,437,475,243,33,1188,58,0,58,1246
02/01/2002,SLC,UT,ANM,WE,Combined TRACON& Tower with Radar,444,442,85,8,979,0,50,172,24,246,444,492,257,32,1225,32,0,32,1257
02/02/2002,SLC,UT,ANM,WE,Combined TRACON& Tower with Radar,350,348,67,6,771,33,50,172,4,259,383,398,239,10,1030,6,0,6,1036
02/03/2002,SLC,UT,ANM,WE,Combined TRACON& Tower with Radar,387,384,73,7,851,20,5,98,3,126,407,389,171,10,977,0,0,0,977
02/04/2002,SLC,UT,ANM,WE,Combined TRACON& Tower with Radar,429,428,82,8,947,0,20,82,2,104,429,448,164,10,1051,22,0,22,1073
02/05/2002,SLC,UT,ANM,WE,Combined TRACON& Tower with Radar,429,433,82,8,952,0,50,37,7,94,429,483,119,15,1046,20,0,20,1066
02/06/2002,SLC,UT,ANM,WE,Combined TRACON& Tower with Radar,444,442,85,8,979,0,106,8,0,114,444,548,93,8,1093,0,0,0,1093
02/07/2002,SLC,UT,ANM,WE,Combined TRACON& Tower with Radar,441,516,98,10,1065,0,49,179,7,235,441,565,277,17,1300,16,0,16,1316
02/08/2002,SLC,UT,ANM,WE,Combined TRACON& Tower with Radar,341,338,65,6,750,11,26,5,45,87,352,364,70,51,837,0,0,0,837
02/09/2002,SLC,UT,ANM,WE,Combined TRACON& Tower with Radar,403,401,47,8,859,29,68,0,35,132,432,469,47,43,991,0,0,0,991
02/10/2002,SLC,UT,ANM,WE,Combined TRACON& Tower with Radar,364,361,68,8,801,14,32,15,21,82,378,393,83,29,883,0,0,0,883
02/11/2002,SLC,UT,ANM,WE,Combined TRACON& Tower with Radar,397,394,74,8,873,3,67,31,20,121,400,461,105,28,994,0,0,0,994
02/12/2002,SLC,UT,ANM,WE,Combined TRACON& Tower with Radar,441,463,87,10,1001,0,67,29,39,135,441,530,116,49,1136,2,2,4,1140
02/13/2002,SLC,UT,ANM,WE,Combined TRACON& Tower with Radar,424,422,54,9,909,19,105,0,20,144,443,527,54,29,1053,0,0,0,1053
02/14/2002,SLC,UT,ANM,WE,Combined TRACON& Tower with Radar,439,447,85,9,980,0,56,10,11,77,439,503,95,20,1057,0,0,0,1057
02/15/2002,SLC,UT,ANM,WE,Combined TRACON& Tower with Radar,447,452,85,9,993,0,122,16,10,148,447,574,101,19,1141,0,0,0,1141
02/16/2002,SLC,UT,ANM,WE,Combined TRACON& Tower with Radar,405,400,76,8,889,22,101,7,23,153,427,501,83,31,1042,0,0,0,1042
02/17/2002,SLC,UT,ANM,WE,Combined TRACON& Tower with Radar,379,375,71,8,833,35,39,0,14,88,414,414,71,22,921,0,0,0,921
02/18/2002,SLC,UT,ANM,WE,Combined TRACON& Tower with Radar,433,438,83,9,963,0,49,40,14,103,433,487,123,23,1066,0,2,2,1068
02/19/2002,SLC,UT,ANM,WE,Combined TRACON& Tower with Radar,436,431,75,9,951,0,75,0,23,98,436,506,75,32,1049,0,0,0,1049
02/20/2002,SLC,UT,ANM,WE,Combined TRACON& Tower with Radar,447,448,83,9,987,0,72,0,14,86,447,520,83,23,1073,0,0,0,1073
02/21/2002,SLC,UT,ANM,WE,Combined TRACON& Tower with Radar,451,469,88,10,1018,0,106,52,23,181,451,575,140,33,1199,0,0,0,1199
02/22/2002,SLC,UT,ANM,WE,Combined TRACON& Tower with Radar,438,433,82,8,961,0,78,14,13,105,438,511,96,21,1066,0,0,0,1066
02/23/2002,SLC,UT,ANM,WE,Combined TRACON& Tower with Radar,395,392,74,7,868,19,45,12,60,136,414,437,86,67,1004,0,0,0,1004
02/24/2002,SLC,UT,ANM,WE,Combined TRACON& Tower with Radar,319,317,59,6,701,2,49,46,7,104,321,366,105,13,805,0,6,6,811
02/25/2002,SLC,UT,ANM,WE,Combined TRACON& Tower with Radar,497,562,106,10,1175,0,5,213,8,226,497,567,319,18,1401,0,0,0,1401
02/26/2002,SLC,UT,ANM,WE,Combined TRACON& Tower with Radar,425,422,79,8,934,24,48,123,4,199,449,470,202,12,1133,32,0,32,1165
02/27/2002,SLC,UT,ANM,WE,Combined TRACON& Tower with Radar,421,418,78,8,925,24,31,138,7,200,445,449,216,15,1125,46,0,46,1171
02/28/2002,SLC,UT,ANM,WE,Combined TRACON& Tower with Radar,398,402,76,7,883,0,32,61,10,103,398,434,137,17,986,10,0,10,996
03/01/2002,SLC,UT,ANM,WE,Combined TRACON& Tower with Radar,432,424,72,6,934,0,42,122,6,170,432,466,194,12,1104,34,0,34,1138
03/02/2002,SLC,UT,ANM,WE,Combined TRACON& Tower with Radar,379,365,62,5,811,24,19,151,9,203,403,384,213,14,1014,20,0,20,1034
03/03/2002,SLC,UT,ANM,WE,Combined TRACON& Tower with Radar,380,367,62,5,814,33,23,91,2,149,413,390,153,7,963,0,0,0,963
03/04/2002,SLC,UT,ANM,WE,Combined TRACON& Tower with Radar,402,387,66,6,861,12,50,117,23,202,414,437,183,29,1063,32,0,32,1095
03/05/2002,SLC,UT,ANM,WE,Combined TRACON& Tower with Radar,433,418,72,6,929,1,47,148,37,233,434,465,220,43,1162,54,0,54,1216
03/06/2002,SLC,UT,ANM,WE,Combined TRACON& Tower with Radar,434,439,75,6,954,0,43,102,25,170,434,482,177,31,1124,26,0,26,1150
03/07/2002,SLC,UT,ANM,WE,Combined TRACON& Tower with Radar,434,437,75,6,952,0,45,35,8,88,434,482,110,14,1040,6,0,6,1046
03/08/2002,SLC,UT,ANM,WE,Combined TRACON& Tower with Radar,436,442,76,6,960,0,31,47,4,82,436,473,123,10,1042,0,6,6,1048
03/09/2002,SLC,UT,ANM,WE,Combined TRACON& Tower with Radar,402,388,66,6,862,3,62,234,27,326,405,450,300,33,1188,8,0,8,1196
03/10/2002,SLC,UT,ANM,WE,Combined TRACON& Tower with Radar,391,376,64,6,837,20,33,73,6,132,411,409,137,12,969,18,0,18,987
03/11/2002,SLC,UT,ANM,WE,Combined TRACON& Tower with Radar,419,409,70,6,904,0,56,184,23,263,419,465,254,29,1167,32,0,32,1199
03/12/2002,SLC,UT,ANM,WE,Combined TRACON& Tower with Radar,432,428,73,6,939,0,41,110,27,178,432,469,183,33,1117,4,0,4,1121
03/13/2002,SLC,UT,ANM,WE,Combined TRACON& Tower with Radar,431,433,69,6,939,0,55,0,2,57,431,488,69,8,996,0,0,0,996
03/14/2002,SLC,UT,ANM,WE,Combined TRACON& Tower with Radar,435,448,77,6,966,0,65,93,28,186,435,513,170,34,1152,34,0,34,1186
03/15/2002,SLC,UT,ANM,WE,Combined TRACON& Tower with Radar,443,433,115,6,997,0,34,178,28,240,443,467,293,34,1237,40,0,40,1277
03/16/2002,SLC,UT,ANM,WE,Combined TRACON& Tower with Radar,398,383,66,5,852,12,35,97,11,155,410,418,163,16,1007,42,0,42,1049
03/17/2002,SLC,UT,ANM,WE,Combined TRACON& Tower with Radar,393,380,65,5,843,8,10,30,2,50,401,390,95,7,893,4,0,4,897
03/18/2002,SLC,UT,ANM,WE,Combined TRACON& Tower with Radar,424,409,71,5,909,5,44,100,14,163,429,453,171,19,1072,18,0,18,1090
03/19/2002,SLC,UT,ANM,WE,Combined TRACON& Tower with Radar,426,424,74,5,929,0,43,202,43,288,426,467,276,48,1217,72,0,72,1289
03/20/2002,SLC,UT,ANM,WE,Combined TRACON& Tower with Radar,442,448,77,5,972,0,28,209,37,274,442,476,286,42,1246,78,0,78,1324
03/21/2002,SLC,UT,ANM,WE,Combined TRACON& Tower with Radar,439,441,91,3,974,0,34,189,36,259,439,475,280,39,1233,30,8,38,1271
03/22/2002,SLC,UT,ANM,WE,Combined TRACON& Tower with Radar,406,402,69,5,882,0,31,191,26,248,406,433,260,31,1130,12,0,12,1142
03/23/2002,SLC,UT,ANM,WE,Combined TRACON& Tower with Radar,394,381,66,5,846,32,13,59,9,113,426,394,125,14,959,58,0,58,1017
03/24/2002,SLC,UT,ANM,WE,Combined TRACON& Tower with Radar,391,379,65,2,837,23,11,2,0,36,414,390,67,2,873,30,0,30,903
03/25/2002,SLC,UT,ANM,WE,Combined TRACON& Tower with Radar,420,407,70,5,902,3,31,61,23,118,423,438,131,28,1020,40,0,40,1060
03/26/2002,SLC,UT,ANM,WE,Combined TRACON& Tower with Radar,435,422,73,5,935,1,59,169,53,282,436,481,242,58,1217,44,0,44,1261
03/27/2002,SLC,UT,ANM,WE,Combined TRACON& Tower with Radar,439,432,75,6,952,0,49,157,27,233,439,481,232,33,1185,10,0,10,1195
03/28/2002,SLC,UT,ANM,WE,Combined TRACON& Tower with Radar,433,436,75,6,950,0,45,179,42,266,433,481,254,48,1216,20,0,20,1236
03/29/2002,SLC,UT,ANM,WE,Combined TRACON& Tower with Radar,425,426,74,6,931,0,47,178,35,260,425,473,252,41,1191,28,0,28,1219
03/30/2002,SLC,UT,ANM,WE,Combined TRACON& Tower with Radar,395,381,66,6,848,17,11,215,23,266,412,392,281,29,1114,96,0,96,1210
03/31/2002,SLC,UT,ANM,WE,Combined TRACON& Tower with Radar,373,361,63,5,802,24,0,119,4,147,397,361,182,9,949,0,0,0,949
04/01/2002,SLC,UT,ANM,WE,Combined TRACON& Tower with Radar,415,404,57,5,881,0,15,163,36,214,415,419,220,41,1095,10,0,10,1105
04/02/2002,SLC,UT,ANM,WE,Combined TRACON& Tower with Radar,436,426,60,5,927,0,42,185,47,274,436,468,245,52,1201,54,0,54,1255
04/03/2002,SLC,UT,ANM,WE,Combined TRACON& Tower with Radar,439,424,60,5,928,0,47,189,31,267,439,471,249,36,1195,26,0,26,1221
04/04/2002,SLC,UT,ANM,WE,Combined TRACON& Tower with Radar,441,421,58,6,926,0,39,166,29,234,441,460,224,35,1160,96,0,96,1256
04/05/2002,SLC,UT,ANM,WE,Combined TRACON& Tower with Radar,442,424,59,6,931,0,28,190,39,257,442,452,249,45,1188,74,0,74,1262
04/06/2002,SLC,UT,ANM,WE,Combined TRACON& Tower with Radar,387,365,50,5,807,17,21,178,13,229,404,386,228,18,1036,104,0,104,1140
04/07/2002,SLC,UT,ANM,WE,Combined TRACON& Tower with Radar,374,352,49,5,780,5,8,132,6,151,379,360,181,11,931,16,0,16,947
04/08/2002,SLC,UT,ANM,WE,Combined TRACON& Tower with Radar,421,396,55,6,878,12,8,149,26,195,433,404,204,32,1073,20,0,20,1093
04/09/2002,SLC,UT,ANM,WE,Combined TRACON& Tower with Radar,428,415,58,6,907,0,54,88,24,166,428,469,146,30,1073,32,0,32,1105
04/10/2002,SLC,UT,ANM,WE,Combined TRACON& Tower with Radar,426,410,57,6,899,0,41,90,24,155,426,451,147,30,1054,22,0,22,1076
04/11/2002,SLC,UT,ANM,WE,Combined TRACON& Tower with Radar,429,404,56,6,895,1,60,146,40,247,430,464,202,46,1142,100,0,100,1242
04/12/2002,SLC,UT,ANM,WE,Combined TRACON& Tower with Radar,421,407,56,6,890,0,50,204,39,293,421,457,260,45,1183,88,0,88,1271
04/13/2002,SLC,UT,ANM,WE,Combined TRACON& Tower with Radar,377,355,49,5,786,27,23,207,21,278,404,378,256,26,1064,116,0,116,1180
04/14/2002,SLC,UT,ANM,WE,Combined TRACON& Tower with Radar,370,348,48,5,771,18,25,57,8,108,388,373,105,13,879,0,0,0,879
04/15/2002,SLC,UT,ANM,WE,Combined TRACON& Tower with Radar,390,368,51,0,809,34,0,10,0,44,424,368,61,0,853,6,0,6,859
04/16/2002,SLC,UT,ANM,WE,Combined TRACON& Tower with Radar,422,425,59,6,912,0,57,85,25,167,422,482,144,31,1079,34,0,34,1113
04/17/2002,SLC,UT,ANM,WE,Combined TRACON& Tower with Radar,433,401,63,6,903,1,12,12,3,28,434,413,75,9,931,16,2,18,949
04/18/2002,SLC,UT,ANM,WE,Combined TRACON& Tower with Radar,429,429,60,6,924,0,17,33,15,65,429,446,93,21,989,18,0,18,1007
04/19/2002,SLC,UT,ANM,WE,Combined TRACON& Tower with Radar,422,415,58,6,901,0,29,32,3,64,422,444,90,9,965,8,0,8,973
04/20/2002,SLC,UT,ANM,WE,Combined TRACON& Tower with Radar,382,357,39,1,779,27,22,0,0,49,409,379,39,1,828,0,0,0,828
04/21/2002,SLC,UT,ANM,WE,Combined TRACON& Tower with Radar,373,351,49,4,777,19,17,127,21,184,392,368,176,25,961,24,0,24,985
04/22/2002,SLC,UT,ANM,WE,Combined TRACON& Tower with Radar,420,395,55,5,875,0,40,188,27,255,420,435,243,32,1130,54,0,54,1184
04/23/2002,SLC,UT,ANM,WE,Combined TRACON& Tower with Radar,423,411,57,5,896,0,44,199,38,281,423,455,256,43,1177,0,0,0,1177
04/24/2002,SLC,UT,ANM,WE,Combined TRACON& Tower with Radar,426,412,57,5,900,0,40,222,35,297,426,452,279,40,1197,70,0,70,1267
04/25/2002,SLC,UT,ANM,WE,Combined TRACON& Tower with Radar,439,422,59,5,925,0,30,188,22,240,439,452,247,27,1165,50,0,50,1215
04/26/2002,SLC,UT,ANM,WE,Combined TRACON& Tower with Radar,445,427,60,5,937,0,36,117,34,187,445,463,177,39,1124,72,0,72,1196
04/27/2002,SLC,UT,ANM,WE,Combined TRACON& Tower with Radar,378,356,49,4,787,21,18,33,0,72,399,374,82,4,859,4,0,4,863
04/28/2002,SLC,UT,ANM,WE,Combined TRACON& Tower with Radar,365,343,48,2,758,26,15,54,0,95,391,358,102,2,853,42,0,42,895
04/29/2002,SLC,UT,ANM,WE,Combined TRACON& Tower with Radar,424,398,55,5,882,6,20,144,35,205,430,418,199,40,1087,18,0,18,1105
04/30/2002,SLC,UT,ANM,WE,Combined TRACON& Tower with Radar,435,408,57,5,905,0,51,142,20,213,435,459,199,25,1118,24,0,24,1142
05/01/2002,SLC,UT,ANM,WE,Combined TRACON& Tower with Radar,426,408,53,12,899,1,20,101,26,148,427,428,154,38,1047,32,18,50,1097
05/02/2002,SLC,UT,ANM,WE,Combined TRACON& Tower with Radar,423,421,55,5,904,0,31,213,24,268,423,452,268,29,1172,38,0,38,1210
05/03/2002,SLC,UT,ANM,WE,Combined TRACON& Tower with Radar,421,422,55,5,903,0,45,191,26,262,421,467,246,31,1165,42,0,42,1207
05/04/2002,SLC,UT,ANM,WE,Combined TRACON& Tower with Radar,377,368,47,4,796,23,22,217,17,279,400,390,264,21,1075,76,12,88,1163
05/05/2002,SLC,UT,ANM,WE,Combined TRACON& Tower with Radar,341,333,43,4,721,18,24,104,4,150,359,357,147,8,871,50,0,50,921
05/06/2002,SLC,UT,ANM,WE,Combined TRACON& Tower with Radar,408,398,51,5,862,1,38,130,15,184,409,436,181,20,1046,18,0,18,1064
05/07/2002,SLC,UT,ANM,WE,Combined TRACON& Tower with Radar,425,421,55,5,906,0,38,113,17,168,425,459,168,22,1074,22,0,22,1096
05/08/2002,SLC,UT,ANM,WE,Combined TRACON& Tower with Radar,416,424,55,5,900,0,27,176,47,250,416,451,231,52,1150,20,4,24,1174
05/09/2002,SLC,UT,ANM,WE,Combined TRACON& Tower with Radar,417,411,53,5,886,0,32,187,42,261,417,443,240,47,1147,50,0,50,1197
05/10/2002,SLC,UT,ANM,WE,Combined TRACON& Tower with Radar,415,413,52,5,885,0,53,106,20,179,415,466,158,25,1064,32,0,32,1096
05/11/2002,SLC,UT,ANM,WE,Combined TRACON& Tower with Radar,368,358,45,4,775,20,34,37,38,129,388,392,82,42,904,108,0,108,1012
05/12/2002,SLC,UT,ANM,WE,Combined TRACON& Tower with Radar,364,353,45,5,767,16,25,78,15,134,380,378,123,20,901,14,0,14,915
05/13/2002,SLC,UT,ANM,WE,Combined TRACON& Tower with Radar,413,402,51,6,872,0,27,195,35,257,413,429,246,41,1129,40,0,40,1169
05/14/2002,SLC,UT,ANM,WE,Combined TRACON& Tower with Radar,426,414,53,6,899,0,73,154,60,287,426,487,207,66,1186,26,0,26,1212
05/15/2002,SLC,UT,ANM,WE,Combined TRACON& Tower with Radar,421,426,54,6,907,0,59,221,41,321,421,485,275,47,1228,54,0,54,1282
05/16/2002,SLC,UT,ANM,WE,Combined TRACON& Tower with Radar,425,419,53,6,903,0,57,213,31,301,425,476,266,37,1204,80,0,80,1284
05/17/2002,SLC,UT,ANM,WE,Combined TRACON& Tower with Radar,417,428,55,6,906,0,39,214,55,308,417,467,269,61,1214,54,0,54,1268
05/18/2002,SLC,UT,ANM,WE,Combined TRACON& Tower with Radar,376,365,46,5,792,26,18,80,9,133,402,383,126,14,925,22,0,22,947
05/19/2002,SLC,UT,ANM,WE,Combined TRACON& Tower with Radar,363,353,45,5,766,20,31,60,5,116,383,384,105,10,882,14,0,14,896
05/20/2002,SLC,UT,ANM,WE,Combined TRACON& Tower with Radar,418,405,53,5,881,0,27,41,20,88,418,432,94,25,969,22,2,24,993
05/21/2002,SLC,UT,ANM,WE,Combined TRACON& Tower with Radar,414,415,54,5,888,0,58,19,4,81,414,473,73,9,969,30,0,30,999
05/22/2002,SLC,UT,ANM,WE,Combined TRACON& Tower with Radar,429,423,55,5,912,0,48,120,23,191,429,471,175,28,1103,12,0,12,1115
05/23/2002,SLC,UT,ANM,WE,Combined TRACON& Tower with Radar,420,421,55,5,901,0,45,185,52,282,420,466,240,57,1183,52,0,52,1235
05/24/2002,SLC,UT,ANM,WE,Combined TRACON& Tower with Radar,420,427,72,8,927,0,39,198,54,291,420,466,270,62,1218,36,0,36,1254
05/25/2002,SLC,UT,ANM,WE,Combined TRACON& Tower with Radar,371,360,47,4,782,18,39,145,32,234,389,399,192,36,1016,30,0,30,1046
05/26/2002,SLC,UT,ANM,WE,Combined TRACON& Tower with Radar,359,331,21,2,713,0,16,86,13,115,359,347,107,15,828,18,0,18,846
05/27/2002,SLC,UT,ANM,WE,Combined TRACON& Tower with Radar,361,351,45,4,761,16,46,129,19,210,377,397,174,23,971,20,0,20,991
05/28/2002,SLC,UT,ANM,WE,Combined TRACON& Tower with Radar,416,393,81,5,895,0,36,133,43,212,416,429,214,48,1107,22,0,22,1129
05/29/2002,SLC,UT,ANM,WE,Combined TRACON& Tower with Radar,421,413,54,5,893,0,63,189,44,296,421,476,243,49,1189,18,0,18,1207
05/30/2002,SLC,UT,ANM,WE,Combined TRACON& Tower with Radar,426,417,54,5,902,0,63,210,45,318,426,480,264,50,1220,118,0,118,1338
05/31/2002,SLC,UT,ANM,WE,Combined TRACON& Tower with Radar,420,413,53,5,891,0,35,195,46,276,420,448,248,51,1167,74,0,74,1241
06/01/2002,SLC,UT,ANM,WE,Combined TRACON& Tower with Radar,395,385,53,4,837,38,30,34,3,105,433,415,87,7,942,24,0,24,966
06/02/2002,SLC,UT,ANM,WE,Combined TRACON& Tower with Radar,365,356,49,3,773,16,45,18,12,91,381,401,67,15,864,54,0,54,918
06/03/2002,SLC,UT,ANM,WE,Combined TRACON& Tower with Radar,395,384,53,4,836,16,40,112,47,215,411,424,165,51,1051,48,0,48,1099
06/04/2002,SLC,UT,ANM,WE,Combined TRACON& Tower with Radar,414,414,57,4,889,0,52,149,73,274,414,466,206,77,1163,58,12,70,1233
06/05/2002,SLC,UT,ANM,WE,Combined TRACON& Tower with Radar,428,428,58,4,918,0,89,206,54,349,428,517,264,58,1267,36,0,36,1303
06/06/2002,SLC,UT,ANM,WE,Combined TRACON& Tower with Radar,431,420,58,4,913,1,41,163,57,262,432,461,221,61,1175,38,0,38,1213
06/07/2002,SLC,UT,ANM,WE,Combined TRACON& Tower with Radar,433,439,60,4,936,0,41,149,61,251,433,480,209,65,1187,66,0,66,1253
06/08/2002,SLC,UT,ANM,WE,Combined TRACON& Tower with Radar,374,364,50,4,792,26,45,124,16,211,400,409,174,20,1003,98,0,98,1101
06/09/2002,SLC,UT,ANM,WE,Combined TRACON& Tower with Radar,398,387,53,4,842,21,14,27,15,77,419,401,80,19,919,86,0,86,1005
06/10/2002,SLC,UT,ANM,WE,Combined TRACON& Tower with Radar,409,399,54,5,867,5,44,162,39,250,414,443,216,44,1117,28,0,28,1145
06/11/2002,SLC,UT,ANM,WE,Combined TRACON& Tower with Radar,427,417,57,5,906,0,39,132,54,225,427,456,189,59,1131,56,0,56,1187
06/12/2002,SLC,UT,ANM,WE,Combined TRACON& Tower with Radar,430,440,60,5,935,0,41,229,72,342,430,481,289,77,1277,80,0,80,1357
06/13/2002,SLC,UT,ANM,WE,Combined TRACON& Tower with Radar,426,421,57,5,909,0,64,219,71,354,426,485,276,76,1263,46,2,48,1311
06/14/2002,SLC,UT,ANM,WE,Combined TRACON& Tower with Radar,435,431,58,5,929,0,61,155,46,262,435,492,213,51,1191,126,0,126,1317
06/15/2002,SLC,UT,ANM,WE,Combined TRACON& Tower with Radar,371,360,49,4,784,28,33,128,42,231,399,393,177,46,1015,74,0,74,1089
06/16/2002,SLC,UT,ANM,WE,Combined TRACON& Tower with Radar,376,364,49,5,794,17,13,88,9,127,393,377,137,14,921,32,0,32,953
06/17/2002,SLC,UT,ANM,WE,Combined TRACON& Tower with Radar,412,400,54,5,871,7,44,162,37,250,419,444,216,42,1121,42,0,42,1163
06/18/2002,SLC,UT,ANM,WE,Combined TRACON& Tower with Radar,430,429,58,5,922,0,25,143,64,232,430,454,201,69,1154,62,0,62,1216
06/19/2002,SLC,UT,ANM,WE,Combined TRACON& Tower with Radar,431,436,59,5,931,0,37,170,64,271,431,473,229,69,1202,102,0,102,1304
06/20/2002,SLC,UT,ANM,WE,Combined TRACON& Tower with Radar,431,431,58,5,925,0,46,165,61,272,431,477,223,66,1197,32,0,32,1229
06/21/2002,SLC,UT,ANM,WE,Combined TRACON& Tower with Radar,429,425,58,5,917,0,48,143,45,236,429,473,201,50,1153,64,0,64,1217
06/22/2002,SLC,UT,ANM,WE,Combined TRACON& Tower with Radar,384,373,50,5,812,13,38,129,38,218,397,411,179,43,1030,52,0,52,1082
06/23/2002,SLC,UT,ANM,WE,Combined TRACON& Tower with Radar,381,370,50,4,805,11,5,133,25,174,392,375,183,29,979,2,0,2,981
06/24/2002,SLC,UT,ANM,WE,Combined TRACON& Tower with Radar,382,368,46,7,803,0,43,118,44,205,382,411,164,51,1008,24,4,28,1036
06/25/2002,SLC,UT,ANM,WE,Combined TRACON& Tower with Radar,430,423,57,4,914,0,51,161,44,256,430,474,218,48,1170,32,0,32,1202
06/26/2002,SLC,UT,ANM,WE,Combined TRACON& Tower with Radar,431,435,59,4,929,0,46,141,39,226,431,481,200,43,1155,16,0,16,1171
06/27/2002,SLC,UT,ANM,WE,Combined TRACON& Tower with Radar,432,441,60,4,937,0,64,155,50,269,432,505,215,54,1206,40,0,40,1246
06/28/2002,SLC,UT,ANM,WE,Combined TRACON& Tower with Radar,431,455,61,5,952,0,80,170,47,297,431,535,231,52,1249,44,0,44,1293
06/29/2002,SLC,UT,ANM,WE,Combined TRACON& Tower with Radar,397,386,52,4,839,3,53,125,16,197,400,439,177,20,1036,164,0,164,1200
06/30/2002,SLC,UT,ANM,WE,Combined TRACON& Tower with Radar,402,391,53,4,850,7,30,91,4,132,409,421,144,8,982,40,0,40,1022
07/01/2002,SLC,UT,ANM,WE,Combined TRACON& Tower with Radar,407,414,56,5,882,13,34,144,23,214,420,448,200,28,1096,58,0,58,1154
07/02/2002,SLC,UT,ANM,WE,Combined TRACON& Tower with Radar,428,440,59,6,933,0,40,169,41,250,428,480,228,47,1183,86,0,86,1269
07/03/2002,SLC,UT,ANM,WE,Combined TRACON& Tower with Radar,425,446,60,6,937,0,68,140,39,247,425,514,200,45,1184,40,0,40,1224
07/04/2002,SLC,UT,ANM,WE,Combined TRACON& Tower with Radar,368,375,50,5,798,13,25,70,25,133,381,400,120,30,931,46,0,46,977
07/05/2002,SLC,UT,ANM,WE,Combined TRACON& Tower with Radar,380,398,54,5,837,0,47,157,34,238,380,445,211,39,1075,18,0,18,1093
07/06/2002,SLC,UT,ANM,WE,Combined TRACON& Tower with Radar,380,386,52,5,823,9,50,97,23,179,389,436,149,28,1002,62,0,62,1064
07/07/2002,SLC,UT,ANM,WE,Combined TRACON& Tower with Radar,400,408,55,5,868,0,14,106,9,129,400,422,161,14,997,34,0,34,1031
07/08/2002,SLC,UT,ANM,WE,Combined TRACON& Tower with Radar,415,435,58,6,914,0,34,162,42,238,415,469,220,48,1152,86,0,86,1238
07/09/2002,SLC,UT,ANM,WE,Combined TRACON& Tower with Radar,427,470,63,7,967,0,53,214,57,324,427,523,277,64,1291,112,0,112,1403
07/10/2002,SLC,UT,ANM,WE,Combined TRACON& Tower with Radar,423,437,59,7,926,0,78,155,45,278,423,515,214,52,1204,20,0,20,1224
07/11/2002,SLC,UT,ANM,WE,Combined TRACON& Tower with Radar,438,467,78,11,994,0,45,175,49,269,438,512,253,60,1263,48,0,48,1311
07/12/2002,SLC,UT,ANM,WE,Combined TRACON& Tower with Radar,432,446,60,7,945,0,32,133,57,222,432,478,193,64,1167,34,0,34,1201
07/13/2002,SLC,UT,ANM,WE,Combined TRACON& Tower with Radar,386,393,53,6,838,19,34,140,23,216,405,427,193,29,1054,36,0,36,1090
07/14/2002,SLC,UT,ANM,WE,Combined TRACON& Tower with Radar,397,410,55,6,868,0,29,113,11,153,397,439,168,17,1021,44,0,44,1065
07/15/2002,SLC,UT,ANM,WE,Combined TRACON& Tower with Radar,406,414,55,6,881,11,53,109,38,211,417,467,164,44,1092,18,0,18,1110
07/16/2002,SLC,UT,ANM,WE,Combined TRACON& Tower with Radar,432,445,60,7,944,0,46,141,44,231,432,491,201,51,1175,58,14,72,1247
07/17/2002,SLC,UT,ANM,WE,Combined TRACON& Tower with Radar,424,449,60,7,940,0,57,127,46,230,424,506,187,53,1170,46,2,48,1218
07/18/2002,SLC,UT,ANM,WE,Combined TRACON& Tower with Radar,428,450,60,7,945,0,46,108,37,191,428,496,168,44,1136,46,0,46,1182
07/19/2002,SLC,UT,ANM,WE,Combined TRACON& Tower with Radar,440,449,59,7,955,2,44,145,56,247,442,493,204,63,1202,46,0,46,1248
07/20/2002,SLC,UT,ANM,WE,Combined TRACON& Tower with Radar,384,392,52,6,834,24,20,132,39,215,408,412,184,45,1049,34,0,34,1083
07/21/2002,SLC,UT,ANM,WE,Combined TRACON& Tower with Radar,378,387,51,6,822,19,16,100,16,151,397,403,151,22,973,44,0,44,1017
07/22/2002,SLC,UT,ANM,WE,Combined TRACON& Tower with Radar,416,425,56,7,904,8,34,115,35,192,424,459,171,42,1096,58,0,58,1154
07/23/2002,SLC,UT,ANM,WE,Combined TRACON& Tower with Radar,417,445,60,6,928,0,44,128,48,220,417,489,188,54,1148,40,0,40,1188
07/24/2002,SLC,UT,ANM,WE,Combined TRACON& Tower with Radar,424,434,58,6,922,0,50,151,21,222,424,484,209,27,1144,56,0,56,1200
07/25/2002,SLC,UT,ANM,WE,Combined TRACON& Tower with Radar,443,458,61,6,968,0,27,159,40,226,443,485,220,46,1194,4,0,4,1198
07/26/2002,SLC,UT,ANM,WE,Combined TRACON& Tower with Radar,392,408,55,5,860,0,45,213,41,299,392,453,268,46,1159,78,0,78,1237
07/27/2002,SLC,UT,ANM,WE,Combined TRACON& Tower with Radar,383,392,52,5,832,17,28,136,22,203,400,420,188,27,1035,32,0,32,1067
07/28/2002,SLC,UT,ANM,WE,Combined TRACON& Tower with Radar,387,395,53,5,840,12,23,119,24,178,399,418,172,29,1018,86,0,86,1104
07/29/2002,SLC,UT,ANM,WE,Combined TRACON& Tower with Radar,410,420,56,6,892,10,35,161,28,234,420,455,217,34,1126,16,0,16,1142
07/30/2002,SLC,UT,ANM,WE,Combined TRACON& Tower with Radar,432,441,59,6,938,2,43,137,44,226,434,484,196,50,1164,18,0,18,1182
07/31/2002,SLC,UT,ANM,WE,Combined TRACON& Tower with Radar,433,450,60,6,949,0,54,187,50,291,433,504,247,56,1240,28,0,28,1268
08/01/2002,SLC,UT,ANM,WE,Combined TRACON& Tower with Radar,430,449,64,7,950,0,65,170,34,269,430,514,234,41,1219,44,0,44,1263
08/02/2002,SLC,UT,ANM,WE,Combined TRACON& Tower with Radar,444,447,64,7,962,16,24,90,26,156,460,471,154,33,1118,16,0,16,1134
08/03/2002,SLC,UT,ANM,WE,Combined TRACON& Tower with Radar,395,398,57,6,856,12,38,95,20,165,407,436,152,26,1021,10,0,10,1031
08/04/2002,SLC,UT,ANM,WE,Combined TRACON& Tower with Radar,399,402,58,6,865,1,12,89,9,111,400,414,147,15,976,24,0,24,1000
08/05/2002,SLC,UT,ANM,WE,Combined TRACON& Tower with Radar,417,420,61,6,904,7,43,107,15,172,424,463,168,21,1076,48,0,48,1124
08/06/2002,SLC,UT,ANM,WE,Combined TRACON& Tower with Radar,437,450,64,7,958,0,40,113,22,175,437,490,177,29,1133,8,0,8,1141
08/07/2002,SLC,UT,ANM,WE,Combined TRACON& Tower with Radar,433,470,66,12,981,0,39,120,18,177,433,509,186,30,1158,10,0,10,1168
08/08/2002,SLC,UT,ANM,WE,Combined TRACON& Tower with Radar,431,449,65,7,952,0,18,175,67,260,431,467,240,74,1212,10,0,10,1222
08/09/2002,SLC,UT,ANM,WE,Combined TRACON& Tower with Radar,435,459,66,7,967,0,48,198,28,274,435,507,264,35,1241,20,0,20,1261
08/10/2002,SLC,UT,ANM,WE,Combined TRACON& Tower with Radar,398,402,58,6,864,7,21,131,26,185,405,423,189,32,1049,34,0,34,1083
08/11/2002,SLC,UT,ANM,WE,Combined TRACON& Tower with Radar,387,391,56,6,840,6,26,102,2,136,393,417,158,8,976,18,0,18,994
08/12/2002,SLC,UT,ANM,WE,Combined TRACON& Tower with Radar,423,426,61,7,917,5,36,139,18,198,428,462,200,25,1115,0,0,0,1115
08/13/2002,SLC,UT,ANM,WE,Combined TRACON& Tower with Radar,426,441,63,7,937,0,65,133,37,235,426,506,196,44,1172,52,0,52,1224
08/14/2002,SLC,UT,ANM,WE,Combined TRACON& Tower with Radar,439,455,65,7,966,0,38,168,42,248,439,493,233,49,1214,42,0,42,1256
08/15/2002,SLC,UT,ANM,WE,Combined TRACON& Tower with Radar,443,465,67,7,982,0,36,195,61,292,443,501,262,68,1274,54,0,54,1328
08/16/2002,SLC,UT,ANM,WE,Combined TRACON& Tower with Radar,443,453,65,7,968,0,43,181,58,282,443,496,246,65,1250,8,0,8,1258
08/17/2002,SLC,UT,ANM,WE,Combined TRACON& Tower with Radar,394,398,57,6,855,15,32,160,15,222,409,430,217,21,1077,116,0,116,1193
08/18/2002,SLC,UT,ANM,WE,Combined TRACON& Tower with Radar,395,398,57,6,856,3,35,112,5,155,398,433,169,11,1011,10,0,10,1021
08/19/2002,SLC,UT,ANM,WE,Combined TRACON& Tower with Radar,427,432,62,7,928,5,37,133,25,200,432,469,195,32,1128,38,0,38,1166
08/20/2002,SLC,UT,ANM,WE,Combined TRACON& Tower with Radar,453,457,66,7,983,5,21,89,16,131,458,478,155,23,1114,30,0,30,1144
08/21/2002,SLC,UT,ANM,WE,Combined TRACON& Tower with Radar,432,442,63,7,944,0,60,132,35,227,432,502,195,42,1171,10,0,10,1181
08/22/2002,SLC,UT,ANM,WE,Combined TRACON& Tower with Radar,437,441,84,6,968,0,53,165,40,258,437,494,249,46,1226,40,0,40,1266
08/23/2002,SLC,UT,ANM,WE,Combined TRACON& Tower with Radar,433,448,63,8,952,0,48,159,32,239,433,496,222,40,1191,36,0,36,1227
08/24/2002,SLC,UT,ANM,WE,Combined TRACON& Tower with Radar,384,389,55,7,835,29,36,148,16,229,413,425,203,23,1064,86,0,86,1150
08/25/2002,SLC,UT,ANM,WE,Combined TRACON& Tower with Radar,390,396,56,7,849,16,20,108,10,154,406,416,164,17,1003,26,0,26,1029
08/26/2002,SLC,UT,ANM,WE,Combined TRACON& Tower with Radar,418,425,60,8,911,5,39,132,35,211,423,464,192,43,1122,22,0,22,1144
08/27/2002,SLC,UT,ANM,WE,Combined TRACON& Tower with Radar,438,445,63,8,954,0,23,161,63,247,438,468,224,71,1201,60,0,60,1261
08/28/2002,SLC,UT,ANM,WE,Combined TRACON& Tower with Radar,427,435,61,8,931,0,50,159,60,269,427,485,220,68,1200,32,0,32,1232
08/29/2002,SLC,UT,ANM,WE,Combined TRACON& Tower with Radar,445,455,64,8,972,0,33,155,40,228,445,488,219,48,1200,84,0,84,1284
08/30/2002,SLC,UT,ANM,WE,Combined TRACON& Tower with Radar,433,451,64,8,956,0,70,194,25,289,433,521,258,33,1245,24,0,24,1269
08/31/2002,SLC,UT,ANM,WE,Combined TRACON& Tower with Radar,380,385,54,7,826,2,44,150,27,223,382,429,204,34,1049,110,0,110,1159
09/01/2002,SLC,UT,ANM,WE,Combined TRACON& Tower with Radar,338,347,46,5,736,0,47,67,23,137,338,394,113,28,873,30,0,30,903
09/02/2002,SLC,UT,ANM,WE,Combined TRACON& Tower with Radar,398,406,54,6,864,13,14,127,16,170,411,420,181,22,1034,8,0,8,1042
09/03/2002,SLC,UT,ANM,WE,Combined TRACON& Tower with Radar,385,393,52,6,836,10,30,116,25,181,395,423,168,31,1017,24,0,24,1041
09/04/2002,SLC,UT,ANM,WE,Combined TRACON& Tower with Radar,436,449,59,7,951,0,46,143,69,258,436,495,202,76,1209,18,0,18,1227
09/05/2002,SLC,UT,ANM,WE,Combined TRACON& Tower with Radar,431,445,59,7,942,0,48,130,20,198,431,493,189,27,1140,74,0,74,1214
09/06/2002,SLC,UT,ANM,WE,Combined TRACON& Tower with Radar,430,436,58,6,930,4,29,49,9,91,434,465,107,15,1021,0,0,0,1021
09/07/2002,SLC,UT,ANM,WE,Combined TRACON& Tower with Radar,370,375,50,5,800,24,36,23,11,94,394,411,73,16,894,10,0,10,904
09/08/2002,SLC,UT,ANM,WE,Combined TRACON& Tower with Radar,375,382,51,6,814,20,36,4,3,63,395,418,55,9,877,32,0,32,909
09/09/2002,SLC,UT,ANM,WE,Combined TRACON& Tower with Radar,411,417,55,6,889,0,43,147,61,251,411,460,202,67,1140,34,4,38,1178
09/10/2002,SLC,UT,ANM,WE,Combined TRACON& Tower with Radar,399,406,54,6,865,5,31,162,104,302,404,437,216,110,1167,52,0,52,1219
09/11/2002,SLC,UT,ANM,WE,Combined TRACON& Tower with Radar,402,417,54,7,880,0,71,138,48,257,402,488,192,55,1137,42,18,60,1197
09/12/2002,SLC,UT,ANM,WE,Combined TRACON& Tower with Radar,421,438,57,7,923,0,20,139,67,226,421,458,196,74,1149,88,0,88,1237
09/13/2002,SLC,UT,ANM,WE,Combined TRACON& Tower with Radar,424,449,58,8,939,0,45,230,69,344,424,494,288,77,1283,68,0,68,1351
09/14/2002,SLC,UT,ANM,WE,Combined TRACON& Tower with Radar,378,385,50,7,820,12,26,164,46,248,390,411,214,53,1068,46,0,46,1114
09/15/2002,SLC,UT,ANM,WE,Combined TRACON& Tower with Radar,374,380,50,6,810,14,17,94,21,146,388,397,144,27,956,22,0,22,978
09/16/2002,SLC,UT,ANM,WE,Combined TRACON& Tower with Radar,405,411,54,7,877,5,33,67,17,122,410,444,121,24,999,0,0,0,999
09/17/2002,SLC,UT,ANM,WE,Combined TRACON& Tower with Radar,423,430,56,7,916,3,56,80,42,181,426,486,136,49,1097,40,0,40,1137
09/18/2002,SLC,UT,ANM,WE,Combined TRACON& Tower with Radar,421,444,58,8,931,0,56,130,59,245,421,500,188,67,1176,82,0,82,1258
09/19/2002,SLC,UT,ANM,WE,Combined TRACON& Tower with Radar,423,445,58,8,934,0,47,194,84,325,423,492,252,92,1259,32,0,32,1291
09/20/2002,SLC,UT,ANM,WE,Combined TRACON& Tower with Radar,432,450,59,8,949,0,46,209,79,334,432,496,268,87,1283,74,0,74,1357
09/21/2002,SLC,UT,ANM,WE,Combined TRACON& Tower with Radar,381,388,50,6,825,13,40,154,54,261,394,428,204,60,1086,86,0,86,1172
09/22/2002,SLC,UT,ANM,WE,Combined TRACON& Tower with Radar,376,383,50,6,815,7,32,101,36,176,383,415,151,42,991,68,0,68,1059
09/23/2002,SLC,UT,ANM,WE,Combined TRACON& Tower with Radar,419,427,55,6,907,3,38,183,67,291,422,465,238,73,1198,46,0,46,1244
09/24/2002,SLC,UT,ANM,WE,Combined TRACON& Tower with Radar,423,442,58,6,929,0,35,201,76,312,423,477,259,82,1241,48,0,48,1289
09/25/2002,SLC,UT,ANM,WE,Combined TRACON& Tower with Radar,423,453,59,7,942,0,39,211,67,317,423,492,270,74,1259,48,0,48,1307
09/26/2002,SLC,UT,ANM,WE,Combined TRACON& Tower with Radar,426,458,60,7,951,0,59,209,93,361,426,517,269,100,1312,52,0,52,1364
09/27/2002,SLC,UT,ANM,WE,Combined TRACON& Tower with Radar,426,446,58,7,937,0,51,163,81,295,426,497,221,88,1232,110,0,110,1342
09/28/2002,SLC,UT,ANM,WE,Combined TRACON& Tower with Radar,383,390,50,6,829,11,40,152,26,229,394,430,202,32,1058,96,0,96,1154
09/29/2002,SLC,UT,ANM,WE,Combined TRACON& Tower with Radar,376,384,50,6,816,15,32,48,10,105,391,416,98,16,921,36,0,36,957
09/30/2002,SLC,UT,ANM,WE,Combined TRACON& Tower with Radar,404,416,54,6,880,0,48,115,55,218,404,464,169,61,1098,38,0,38,1136
10/01/2002,SLC,UT,ANM,WE,Combined TRACON& Tower with Radar,420,422,58,6,906,0,48,5,0,53,420,470,63,6,959,16,0,16,975
10/02/2002,SLC,UT,ANM,WE,Combined TRACON& Tower with Radar,425,429,59,7,920,0,36,127,52,215,425,465,186,59,1135,36,0,36,1171
10/03/2002,SLC,UT,ANM,WE,Combined TRACON& Tower with Radar,421,425,58,7,911,0,39,120,67,226,421,464,178,74,1137,4,0,4,1141
10/04/2002,SLC,UT,ANM,WE,Combined TRACON& Tower with Radar,416,422,58,6,902,0,41,151,71,263,416,463,209,77,1165,86,0,86,1251
10/05/2002,SLC,UT,ANM,WE,Combined TRACON& Tower with Radar,372,363,50,6,791,24,34,118,45,221,396,397,168,51,1012,32,0,32,1044
10/06/2002,SLC,UT,ANM,WE,Combined TRACON& Tower with Radar,369,361,50,5,785,16,25,132,17,190,385,386,182,22,975,18,0,18,993
10/07/2002,SLC,UT,ANM,WE,Combined TRACON& Tower with Radar,404,399,54,6,863,0,43,170,72,285,404,442,224,78,1148,6,0,6,1154
10/08/2002,SLC,UT,ANM,WE,Combined TRACON& Tower with Radar,423,415,56,7,901,0,41,176,79,296,423,456,232,86,1197,42,2,44,1241
10/09/2002,SLC,UT,ANM,WE,Combined TRACON& Tower with Radar,416,421,57,7,901,0,54,247,76,377,416,475,304,83,1278,54,0,54,1332
10/10/2002,SLC,UT,ANM,WE,Combined TRACON& Tower with Radar,422,436,59,8,925,0,34,229,58,321,422,470,288,66,1246,100,0,100,1346
10/11/2002,SLC,UT,ANM,WE,Combined TRACON& Tower with Radar,419,416,56,7,898,0,30,128,64,222,419,446,184,71,1120,58,0,58,1178
10/12/2002,SLC,UT,ANM,WE,Combined TRACON& Tower with Radar,378,370,50,7,805,18,17,189,39,263,396,387,239,46,1068,32,0,32,1100
10/13/2002,SLC,UT,ANM,WE,Combined TRACON& Tower with Radar,362,355,48,6,771,25,10,131,17,183,387,365,179,23,954,56,0,56,1010
10/14/2002,SLC,UT,ANM,WE,Combined TRACON& Tower with Radar,409,400,54,7,870,2,26,159,32,219,411,426,213,39,1089,34,0,34,1123
10/15/2002,SLC,UT,ANM,WE,Combined TRACON& Tower with Radar,424,417,56,7,904,0,30,186,64,280,424,447,242,71,1184,22,0,22,1206
10/16/2002,SLC,UT,ANM,WE,Combined TRACON& Tower with Radar,417,422,57,7,903,0,36,205,52,293,417,458,262,59,1196,16,6,22,1218
10/17/2002,SLC,UT,ANM,WE,Combined TRACON& Tower with Radar,432,426,57,8,923,0,51,197,47,295,432,477,254,55,1218,34,0,34,1252
10/18/2002,SLC,UT,ANM,WE,Combined TRACON& Tower with Radar,427,416,57,7,907,0,57,188,33,278,427,473,245,40,1185,76,18,94,1279
10/19/2002,SLC,UT,ANM,WE,Combined TRACON& Tower with Radar,371,361,49,6,787,25,25,152,27,229,396,386,201,33,1016,0,0,0,1016
10/20/2002,SLC,UT,ANM,WE,Combined TRACON& Tower with Radar,374,365,49,7,795,10,14,137,23,184,384,379,186,30,979,56,0,56,1035
10/21/2002,SLC,UT,ANM,WE,Combined TRACON& Tower with Radar,403,393,53,7,856,7,38,108,30,183,410,431,161,37,1039,54,0,54,1093
10/22/2002,SLC,UT,ANM,WE,Combined TRACON& Tower with Radar,422,412,56,7,897,0,62,111,28,201,422,474,167,35,1098,72,0,72,1170
10/23/2002,SLC,UT,ANM,WE,Combined TRACON& Tower with Radar,428,435,59,8,930,0,29,108,33,170,428,464,167,41,1100,22,0,22,1122
10/24/2002,SLC,UT,ANM,WE,Combined TRACON& Tower with Radar,429,418,56,7,910,0,21,168,50,239,429,439,224,57,1149,116,0,116,1265
10/25/2002,SLC,UT,ANM,WE,Combined TRACON& Tower with Radar,426,420,57,7,910,0,39,192,71,302,426,459,249,78,1212,44,0,44,1256
10/26/2002,SLC,UT,ANM,WE,Combined TRACON& Tower with Radar,370,360,49,6,785,25,23,136,41,225,395,383,185,47,1010,68,0,68,1078
10/27/2002,SLC,UT,ANM,WE,Combined TRACON& Tower with Radar,366,356,48,6,776,12,27,81,19,139,378,383,129,25,915,28,0,28,943
10/28/2002,SLC,UT,ANM,WE,Combined TRACON& Tower with Radar,410,404,54,6,874,0,46,68,37,151,410,450,122,43,1025,38,0,38,1063
10/29/2002,SLC,UT,ANM,WE,Combined TRACON& Tower with Radar,424,416,56,6,902,0,23,82,24,129,424,439,138,30,1031,78,0,78,1109
10/30/2002,SLC,UT,ANM,WE,Combined TRACON& Tower with Radar,423,424,57,7,911,0,33,119,48,200,423,457,176,55,1111,50,0,50,1161
10/31/2002,SLC,UT,ANM,WE,Combined TRACON& Tower with Radar,422,419,57,6,904,0,13,81,27,121,422,432,138,33,1025,62,0,62,1087
11/01/2002,SLC,UT,ANM,WE,Combined TRACON& Tower with Radar,409,414,51,4,878,0,31,133,58,222,409,445,184,62,1100,32,0,32,1132
11/02/2002,SLC,UT,ANM,WE,Combined TRACON& Tower with Radar,388,399,106,35,928,0,0,63,0,63,388,399,169,35,991,18,0,18,1009
11/03/2002,SLC,UT,ANM,WE,Combined TRACON& Tower with Radar,368,368,45,4,785,16,23,136,48,223,384,391,181,52,1008,14,0,14,1022
11/04/2002,SLC,UT,ANM,WE,Combined TRACON& Tower with Radar,407,409,50,4,870,0,36,169,42,247,407,445,219,46,1117,34,0,34,1151
11/05/2002,SLC,UT,ANM,WE,Combined TRACON& Tower with Radar,422,427,52,5,906,0,32,190,75,297,422,459,242,80,1203,4,0,4,1207
11/06/2002,SLC,UT,ANM,WE,Combined TRACON& Tower with Radar,416,416,51,4,887,9,25,194,73,301,425,441,245,77,1188,56,0,56,1244
11/07/2002,SLC,UT,ANM,WE,Combined TRACON& Tower with Radar,415,427,52,5,899,0,29,64,15,108,415,456,116,20,1007,12,0,12,1019
11/08/2002,SLC,UT,ANM,WE,Combined TRACON& Tower with Radar,383,399,51,2,835,2,9,8,2,21,385,408,59,4,856,0,0,0,856
11/09/2002,SLC,UT,ANM,WE,Combined TRACON& Tower with Radar,406,406,49,4,865,31,24,8,4,67,437,430,57,8,932,0,0,0,932
11/10/2002,SLC,UT,ANM,WE,Combined TRACON& Tower with Radar,361,359,44,4,768,18,28,2,3,51,379,387,46,7,819,28,0,28,847
11/11/2002,SLC,UT,ANM,WE,Combined TRACON& Tower with Radar,367,366,44,4,781,6,37,76,28,147,373,403,120,32,928,36,0,36,964
11/12/2002,SLC,UT,ANM,WE,Combined TRACON& Tower with Radar,431,434,53,5,923,0,27,193,75,295,431,461,246,80,1218,42,0,42,1260
11/13/2002,SLC,UT,ANM,WE,Combined TRACON& Tower with Radar,429,435,53,5,922,0,33,102,27,162,429,468,155,32,1084,86,0,86,1170
11/14/2002,SLC,UT,ANM,WE,Combined TRACON& Tower with Radar,423,436,53,5,917,0,35,128,29,192,423,471,181,34,1109,50,0,50,1159
11/15/2002,SLC,UT,ANM,WE,Combined TRACON& Tower with Radar,426,426,52,5,909,3,21,232,52,308,429,447,284,57,1217,90,0,90,1307
11/16/2002,SLC,UT,ANM,WE,Combined TRACON& Tower with Radar,364,364,44,4,776,33,32,158,43,266,397,396,202,47,1042,60,0,60,1102
11/17/2002,SLC,UT,ANM,WE,Combined TRACON& Tower with Radar,360,359,43,4,766,16,21,86,24,147,376,380,129,28,913,72,0,72,985
11/18/2002,SLC,UT,ANM,WE,Combined TRACON& Tower with Radar,407,432,53,5,897,0,37,171,63,271,407,469,224,68,1168,22,0,22,1190
11/19/2002,SLC,UT,ANM,WE,Combined TRACON& Tower with Radar,422,429,52,5,908,0,31,186,62,279,422,460,238,67,1187,32,0,32,1219
11/20/2002,SLC,UT,ANM,WE,Combined TRACON& Tower with Radar,422,442,54,5,923,0,24,222,70,316,422,466,276,75,1239,32,0,32,1271
11/21/2002,SLC,UT,ANM,WE,Combined TRACON& Tower with Radar,425,444,54,5,928,0,29,221,59,309,425,473,275,64,1237,54,0,54,1291
11/22/2002,SLC,UT,ANM,WE,Combined TRACON& Tower with Radar,426,457,56,5,944,0,58,230,66,354,426,515,286,71,1298,96,0,96,1394
11/23/2002,SLC,UT,ANM,WE,Combined TRACON& Tower with Radar,331,320,41,3,695,41,0,40,13,94,372,320,81,16,789,4,0,4,793
11/24/2002,SLC,UT,ANM,WE,Combined TRACON& Tower with Radar,361,360,45,4,770,19,18,87,15,139,380,378,132,19,909,14,0,14,923
11/25/2002,SLC,UT,ANM,WE,Combined TRACON& Tower with Radar,410,410,51,4,875,5,20,114,48,187,415,430,165,52,1062,50,0,50,1112
11/26/2002,SLC,UT,ANM,WE,Combined TRACON& Tower with Radar,428,432,54,5,919,0,36,189,72,297,428,468,243,77,1216,46,0,46,1262
11/27/2002,SLC,UT,ANM,WE,Combined TRACON& Tower with Radar,430,437,54,5,926,0,33,170,59,262,430,470,224,64,1188,38,2,40,1228
11/28/2002,SLC,UT,ANM,WE,Combined TRACON& Tower with Radar,297,297,36,3,633,5,57,41,0,103,302,354,77,3,736,32,0,32,768
11/29/2002,SLC,UT,ANM,WE,Combined TRACON& Tower with Radar,313,330,41,3,687,0,59,162,29,250,313,389,203,32,937,36,0,36,973
11/30/2002,SLC,UT,ANM,WE,Combined TRACON& Tower with Radar,358,357,44,4,763,10,44,107,21,182,368,401,151,25,945,6,0,6,951
12/01/2002,SLC,UT,ANM,WE,Combined TRACON& Tower with Radar,384,378,55,4,821,12,0,70,8,90,396,378,125,12,911,10,0,10,921
12/02/2002,SLC,UT,ANM,WE,Combined TRACON& Tower with Radar,402,399,57,5,863,6,23,136,45,210,408,422,193,50,1073,18,0,18,1091
12/03/2002,SLC,UT,ANM,WE,Combined TRACON& Tower with Radar,431,428,61,5,925,0,41,133,64,238,431,469,194,69,1163,72,0,72,1235
12/04/2002,SLC,UT,ANM,WE,Combined TRACON& Tower with Radar,434,425,56,17,932,2,30,135,55,222,436,455,191,72,1154,14,0,14,1168
12/05/2002,SLC,UT,ANM,WE,Combined TRACON& Tower with Radar,425,423,60,5,913,6,12,151,56,225,431,435,211,61,1138,6,0,6,1144
12/06/2002,SLC,UT,ANM,WE,Combined TRACON& Tower with Radar,428,427,61,4,920,0,48,140,53,241,428,475,201,57,1161,80,0,80,1241
12/07/2002,SLC,UT,ANM,WE,Combined TRACON& Tower with Radar,368,365,52,3,788,31,11,110,23,175,399,376,162,26,963,44,0,44,1007
12/08/2002,SLC,UT,ANM,WE,Combined TRACON& Tower with Radar,374,371,53,3,801,9,1,19,5,34,383,372,72,8,835,0,0,0,835
12/09/2002,SLC,UT,ANM,WE,Combined TRACON& Tower with Radar,413,363,68,1,845,1,3,4,1,9,414,366,72,2,854,0,0,0,854
12/10/2002,SLC,UT,ANM,WE,Combined TRACON& Tower with Radar,422,446,64,4,936,0,38,55,24,117,422,484,119,28,1053,6,0,6,1059
12/11/2002,SLC,UT,ANM,WE,Combined TRACON& Tower with Radar,431,439,63,4,937,0,32,78,42,152,431,471,141,46,1089,22,0,22,1111
12/12/2002,SLC,UT,ANM,WE,Combined TRACON& Tower with Radar,434,440,63,4,941,0,40,136,38,214,434,480,199,42,1155,48,0,48,1203
12/13/2002,SLC,UT,ANM,WE,Combined TRACON& Tower with Radar,429,430,61,4,924,0,47,170,32,249,429,477,231,36,1173,26,0,26,1199
12/14/2002,SLC,UT,ANM,WE,Combined TRACON& Tower with Radar,365,362,52,3,782,21,10,116,13,160,386,372,168,16,942,34,0,34,976
12/15/2002,SLC,UT,ANM,WE,Combined TRACON& Tower with Radar,377,375,54,3,809,9,40,3,10,62,386,415,57,13,871,44,0,44,915
12/16/2002,SLC,UT,ANM,WE,Combined TRACON& Tower with Radar,400,420,60,4,884,0,31,59,0,90,400,451,119,4,974,16,0,16,990
12/17/2002,SLC,UT,ANM,WE,Combined TRACON& Tower with Radar,433,429,57,4,923,1,20,0,11,32,434,449,57,15,955,26,0,26,981
12/18/2002,SLC,UT,ANM,WE,Combined TRACON& Tower with Radar,439,447,64,4,954,0,36,44,16,96,439,483,108,20,1050,22,0,22,1072
12/19/2002,SLC,UT,ANM,WE,Combined TRACON& Tower with Radar,435,458,65,4,962,0,41,179,51,271,435,499,244,55,1233,20,0,20,1253
12/20/2002,SLC,UT,ANM,WE,Combined TRACON& Tower with Radar,448,468,67,4,987,0,17,85,1,103,448,485,152,5,1090,24,0,24,1114
12/21/2002,SLC,UT,ANM,WE,Combined TRACON& Tower with Radar,405,403,57,4,869,11,12,98,13,134,416,415,155,17,1003,28,0,28,1031
12/22/2002,SLC,UT,ANM,WE,Combined TRACON& Tower with Radar,385,383,55,3,826,11,19,8,12,50,396,402,63,15,876,40,0,40,916
12/23/2002,SLC,UT,ANM,WE,Combined TRACON& Tower with Radar,411,417,61,4,893,0,58,121,44,223,411,475,182,48,1116,92,0,92,1208
12/24/2002,SLC,UT,ANM,WE,Combined TRACON& Tower with Radar,366,362,53,3,784,29,12,65,10,116,395,374,118,13,900,48,0,48,948
12/25/2002,SLC,UT,ANM,WE,Combined TRACON& Tower with Radar,310,307,24,1,642,28,5,0,0,33,338,312,24,1,675,0,0,0,675
12/26/2002,SLC,UT,ANM,WE,Combined TRACON& Tower with Radar,397,429,62,4,892,0,8,143,19,170,397,437,205,23,1062,6,0,6,1068
12/27/2002,SLC,UT,ANM,WE,Combined TRACON& Tower with Radar,435,449,65,4,953,0,37,132,8,177,435,486,197,12,1130,0,0,0,1130
12/28/2002,SLC,UT,ANM,WE,Combined TRACON& Tower with Radar,393,389,57,3,842,6,4,69,0,79,399,393,126,3,921,6,0,6,927
12/29/2002,SLC,UT,ANM,WE,Combined TRACON& Tower with Radar,381,378,46,1,806,12,22,0,0,34,393,400,46,1,840,0,0,0,840
12/30/2002,SLC,UT,ANM,WE,Combined TRACON& Tower with Radar,415,422,60,5,902,0,41,132,31,204,415,463,192,36,1106,34,0,34,1140
12/31/2002,SLC,UT,ANM,WE,Combined TRACON& Tower with Radar,384,381,45,4,814,28,10,0,1,39,412,391,45,5,853,0,0,0,853
01/01/2003,SLC,UT,ANM,WE,Combined TRACON& Tower with Radar,325,334,56,2,717,32,1,45,23,101,357,335,101,25,818,36,0,36,854
01/02/2003,SLC,UT,ANM,WE,Combined TRACON& Tower with Radar,404,429,71,3,907,0,9,162,22,193,404,438,233,25,1100,16,0,16,1116
01/03/2003,SLC,UT,ANM,WE,Combined TRACON& Tower with Radar,434,455,76,3,968,0,12,135,33,180,434,467,211,36,1148,18,0,18,1166
01/04/2003,SLC,UT,ANM,WE,Combined TRACON& Tower with Radar,393,412,68,4,877,0,16,135,12,163,393,428,203,16,1040,16,0,16,1056
01/05/2003,SLC,UT,ANM,WE,Combined TRACON& Tower with Radar,388,388,66,2,844,0,0,43,0,43,388,388,109,2,887,2,0,2,889
01/06/2003,SLC,UT,ANM,WE,Combined TRACON& Tower with Radar,408,417,69,4,898,8,17,158,29,212,416,434,227,33,1110,10,0,10,1120
01/07/2003,SLC,UT,ANM,WE,Combined TRACON& Tower with Radar,422,431,71,4,928,2,27,163,34,226,424,458,234,38,1154,52,0,52,1206
01/08/2003,SLC,UT,ANM,WE,Combined TRACON& Tower with Radar,392,379,66,4,841,21,0,45,5,71,413,379,111,9,912,22,0,22,934
01/09/2003,SLC,UT,ANM,WE,Combined TRACON& Tower with Radar,421,445,74,4,944,0,30,37,13,80,421,475,111,17,1024,4,0,4,1028
01/10/2003,SLC,UT,ANM,WE,Combined TRACON& Tower with Radar,404,413,68,3,888,5,2,3,0,10,409,415,71,3,898,0,0,0,898
01/11/2003,SLC,UT,ANM,WE,Combined TRACON& Tower with Radar,398,365,38,2,803,1,3,4,0,8,399,368,42,2,811,0,0,0,811
01/12/2003,SLC,UT,ANM,WE,Combined TRACON& Tower with Radar,362,370,61,4,797,10,22,77,22,131,372,392,138,26,928,0,0,0,928
01/13/2003,SLC,UT,ANM,WE,Combined TRACON& Tower with Radar,400,407,67,4,878,12,18,107,41,178,412,425,174,45,1056,6,0,6,1062
01/14/2003,SLC,UT,ANM,WE,Combined TRACON& Tower with Radar,411,419,70,4,904,5,26,106,59,196,416,445,176,63,1100,62,0,62,1162
01/15/2003,SLC,UT,ANM,WE,Combined TRACON& Tower with Radar,421,431,71,4,927,0,33,84,24,141,421,464,155,28,1068,38,0,38,1106
01/16/2003,SLC,UT,ANM,WE,Combined TRACON& Tower with Radar,421,451,75,4,951,0,32,200,39,271,421,483,275,43,1222,14,0,14,1236
01/17/2003,SLC,UT,ANM,WE,Combined TRACON& Tower with Radar,418,450,74,4,946,0,42,196,36,274,418,492,270,40,1220,20,0,20,1240
01/18/2003,SLC,UT,ANM,WE,Combined TRACON& Tower with Radar,366,373,61,4,804,14,30,153,30,227,380,403,214,34,1031,48,0,48,1079
01/19/2003,SLC,UT,ANM,WE,Combined TRACON& Tower with Radar,366,373,61,4,804,10,10,103,17,140,376,383,164,21,944,34,0,34,978
01/20/2003,SLC,UT,ANM,WE,Combined TRACON& Tower with Radar,408,435,72,4,919,0,24,191,23,238,408,459,263,27,1157,32,0,32,1189
01/21/2003,SLC,UT,ANM,WE,Combined TRACON& Tower with Radar,420,429,71,4,924,9,35,107,27,178,429,464,178,31,1102,72,0,72,1174
01/22/2003,SLC,UT,ANM,WE,Combined TRACON& Tower with Radar,411,421,70,4,906,0,34,107,33,174,411,455,177,37,1080,0,4,4,1084
01/23/2003,SLC,UT,ANM,WE,Combined TRACON& Tower with Radar,431,440,73,4,948,1,34,107,38,180,432,474,180,42,1128,0,0,0,1128
01/24/2003,SLC,UT,ANM,WE,Combined TRACON& Tower with Radar,429,443,73,3,948,0,32,77,46,155,429,475,150,49,1103,24,2,26,1129
01/25/2003,SLC,UT,ANM,WE,Combined TRACON& Tower with Radar,365,373,61,3,802,11,54,66,21,152,376,427,127,24,954,22,0,22,976
01/26/2003,SLC,UT,ANM,WE,Combined TRACON& Tower with Radar,365,375,62,3,805,8,29,81,16,134,373,404,143,19,939,0,0,0,939
01/27/2003,SLC,UT,ANM,WE,Combined TRACON& Tower with Radar,409,424,70,3,906,0,18,53,16,87,409,442,123,19,993,0,0,0,993
01/28/2003,SLC,UT,ANM,WE,Combined TRACON& Tower with Radar,420,447,68,3,938,1,22,94,30,147,421,469,162,33,1085,64,0,64,1149
01/29/2003,SLC,UT,ANM,WE,Combined TRACON& Tower with Radar,428,441,73,3,945,0,40,138,42,220,428,481,211,45,1165,10,0,10,1175
01/30/2003,SLC,UT,ANM,WE,Combined TRACON& Tower with Radar,425,443,73,3,944,0,39,87,32,158,425,482,160,35,1102,42,0,42,1144
01/31/2003,SLC,UT,ANM,WE,Combined TRACON& Tower with Radar,427,445,73,3,948,0,54,137,46,237,427,499,210,49,1185,42,0,42,1227
02/01/2003,SLC,UT,ANM,WE,Combined TRACON& Tower with Radar,359,377,61,4,801,15,18,81,7,121,374,395,142,11,922,32,0,32,954
02/02/2003,SLC,UT,ANM,WE,Combined TRACON& Tower with Radar,361,379,47,1,788,7,23,0,0,30,368,402,47,1,818,0,0,0,818
02/03/2003,SLC,UT,ANM,WE,Combined TRACON& Tower with Radar,399,420,66,6,891,17,13,101,36,167,416,433,167,42,1058,54,0,54,1112
02/04/2003,SLC,UT,ANM,WE,Combined TRACON& Tower with Radar,394,409,48,6,857,1,12,8,3,24,395,421,56,9,881,16,0,16,897
02/05/2003,SLC,UT,ANM,WE,Combined TRACON& Tower with Radar,422,444,70,6,942,3,44,62,31,140,425,488,132,37,1082,52,0,52,1134
02/06/2003,SLC,UT,ANM,WE,Combined TRACON& Tower with Radar,424,452,72,6,954,0,35,109,50,194,424,487,181,56,1148,14,0,14,1162
02/07/2003,SLC,UT,ANM,WE,Combined TRACON& Tower with Radar,416,442,70,6,934,0,40,169,61,270,416,482,239,67,1204,42,0,42,1246
02/08/2003,SLC,UT,ANM,WE,Combined TRACON& Tower with Radar,355,370,59,5,789,17,32,156,46,251,372,402,215,51,1040,84,0,84,1124
02/09/2003,SLC,UT,ANM,WE,Combined TRACON& Tower with Radar,368,385,61,5,819,0,18,61,34,113,368,403,122,39,932,8,0,8,940
02/10/2003,SLC,UT,ANM,WE,Combined TRACON& Tower with Radar,412,431,68,6,917,1,16,181,40,238,413,447,249,46,1155,50,0,50,1205
02/11/2003,SLC,UT,ANM,WE,Combined TRACON& Tower with Radar,401,423,67,6,897,0,63,149,55,267,401,486,216,61,1164,22,2,24,1188
02/12/2003,SLC,UT,ANM,WE,Combined TRACON& Tower with Radar,423,442,70,6,941,3,27,153,47,230,426,469,223,53,1171,8,0,8,1179
02/13/2003,SLC,UT,ANM,WE,Combined TRACON& Tower with Radar,436,460,73,6,975,0,4,81,4,89,436,464,154,10,1064,2,0,2,1066
02/14/2003,SLC,UT,ANM,WE,Combined TRACON& Tower with Radar,439,474,75,6,994,0,16,58,0,74,439,490,133,6,1068,0,0,0,1068
02/15/2003,SLC,UT,ANM,WE,Combined TRACON& Tower with Radar,392,410,65,6,873,2,22,159,26,209,394,432,224,32,1082,38,0,38,1120
02/16/2003,SLC,UT,ANM,WE,Combined TRACON& Tower with Radar,353,369,55,1,778,20,21,0,0,41,373,390,55,1,819,0,0,0,819
02/17/2003,SLC,UT,ANM,WE,Combined TRACON& Tower with Radar,393,430,68,6,897,0,27,168,34,229,393,457,236,40,1126,8,0,8,1134
02/18/2003,SLC,UT,ANM,WE,Combined TRACON& Tower with Radar,423,468,75,6,972,0,21,147,46,214,423,489,222,52,1186,10,2,12,1198
02/19/2003,SLC,UT,ANM,WE,Combined TRACON& Tower with Radar,431,451,71,6,959,0,35,121,37,193,431,486,192,43,1152,22,0,22,1174
02/20/2003,SLC,UT,ANM,WE,Combined TRACON& Tower with Radar,425,452,72,6,955,0,30,85,61,176,425,482,157,67,1131,14,0,14,1145
02/21/2003,SLC,UT,ANM,WE,Combined TRACON& Tower with Radar,433,465,73,6,977,0,28,117,37,182,433,493,190,43,1159,20,0,20,1179
02/22/2003,SLC,UT,ANM,WE,Combined TRACON& Tower with Radar,389,406,64,4,863,5,26,2,0,33,394,432,66,4,896,26,0,26,922
02/23/2003,SLC,UT,ANM,WE,Combined TRACON& Tower with Radar,375,391,62,5,833,12,25,70,19,126,387,416,132,24,959,0,0,0,959
02/24/2003,SLC,UT,ANM,WE,Combined TRACON& Tower with Radar,405,425,67,5,902,6,42,62,6,116,411,467,129,11,1018,14,0,14,1032
02/25/2003,SLC,UT,ANM,WE,Combined TRACON& Tower with Radar,416,454,67,2,939,0,11,0,0,11,416,465,67,2,950,0,0,0,950
02/26/2003,SLC,UT,ANM,WE,Combined TRACON& Tower with Radar,423,461,75,5,964,0,118,67,12,197,423,579,142,17,1161,14,0,14,1175
02/27/2003,SLC,UT,ANM,WE,Combined TRACON& Tower with Radar,431,465,66,4,966,0,23,119,39,181,431,488,185,43,1147,40,0,40,1187
02/28/2003,SLC,UT,ANM,WE,Combined TRACON& Tower with Radar,419,442,70,5,936,0,44,120,34,198,419,486,190,39,1134,80,0,80,1214
03/01/2003,SLC,UT,ANM,WE,Combined TRACON& Tower with Radar,361,385,63,1,810,37,11,1,0,49,398,396,64,1,859,18,0,18,877
03/02/2003,SLC,UT,ANM,WE,Combined TRACON& Tower with Radar,377,404,67,2,850,0,30,109,19,158,377,434,176,21,1008,8,0,8,1016
03/03/2003,SLC,UT,ANM,WE,Combined TRACON& Tower with Radar,407,434,71,2,914,7,34,61,18,120,414,468,132,20,1034,12,0,12,1046
03/04/2003,SLC,UT,ANM,WE,Combined TRACON& Tower with Radar,408,436,72,2,918,4,45,31,19,99,412,481,103,21,1017,26,0,26,1043
03/05/2003,SLC,UT,ANM,WE,Combined TRACON& Tower with Radar,424,481,79,2,986,0,28,101,46,175,424,509,180,48,1161,58,0,58,1219
03/06/2003,SLC,UT,ANM,WE,Combined TRACON& Tower with Radar,422,464,76,2,964,0,16,98,44,158,422,480,174,46,1122,22,0,22,1144
03/07/2003,SLC,UT,ANM,WE,Combined TRACON& Tower with Radar,429,483,80,2,994,0,0,207,56,263,429,483,287,58,1257,78,0,78,1335
03/08/2003,SLC,UT,ANM,WE,Combined TRACON& Tower with Radar,389,413,68,2,872,0,36,221,47,304,389,449,289,49,1176,58,0,58,1234
03/09/2003,SLC,UT,ANM,WE,Combined TRACON& Tower with Radar,372,399,66,2,839,0,8,116,7,131,372,407,182,9,970,30,0,30,1000
03/10/2003,SLC,UT,ANM,WE,Combined TRACON& Tower with Radar,408,432,71,2,913,9,45,124,48,226,417,477,195,50,1139,24,0,24,1163
03/11/2003,SLC,UT,ANM,WE,Combined TRACON& Tower with Radar,420,446,74,2,942,2,47,137,65,251,422,493,211,67,1193,62,0,62,1255
03/12/2003,SLC,UT,ANM,WE,Combined TRACON& Tower with Radar,421,447,74,2,944,3,23,167,60,253,424,470,241,62,1197,60,0,60,1257
03/13/2003,SLC,UT,ANM,WE,Combined TRACON& Tower with Radar,423,457,76,2,958,0,37,146,32,215,423,494,222,34,1173,52,0,52,1225
03/14/2003,SLC,UT,ANM,WE,Combined TRACON& Tower with Radar,429,468,76,3,976,0,33,70,8,111,429,501,146,11,1087,22,0,22,1109
03/15/2003,SLC,UT,ANM,WE,Combined TRACON& Tower with Radar,373,395,64,3,835,13,18,55,4,90,386,413,119,7,925,20,0,20,945
03/16/2003,SLC,UT,ANM,WE,Combined TRACON& Tower with Radar,374,397,65,3,839,1,20,47,15,83,375,417,112,18,922,14,2,16,938
03/17/2003,SLC,UT,ANM,WE,Combined TRACON& Tower with Radar,398,422,65,3,888,15,28,0,4,47,413,450,65,7,935,8,0,8,943
03/18/2003,SLC,UT,ANM,WE,Combined TRACON& Tower with Radar,413,440,72,3,928,0,86,11,10,107,413,526,83,13,1035,0,0,0,1035
03/19/2003,SLC,UT,ANM,WE,Combined TRACON& Tower with Radar,413,455,74,3,945,0,47,104,59,210,413,502,178,62,1155,64,0,64,1219
03/20/2003,SLC,UT,ANM,WE,Combined TRACON& Tower with Radar,425,483,79,3,990,0,44,146,67,257,425,527,225,70,1247,18,0,18,1265
03/21/2003,SLC,UT,ANM,WE,Combined TRACON& Tower with Radar,435,490,80,2,1007,0,38,192,64,294,435,528,272,66,1301,16,0,16,1317
03/22/2003,SLC,UT,ANM,WE,Combined TRACON& Tower with Radar,379,403,65,2,849,18,19,158,14,209,397,422,223,16,1058,46,0,46,1104
03/23/2003,SLC,UT,ANM,WE,Combined TRACON& Tower with Radar,379,404,66,2,851,8,7,16,3,34,387,411,82,5,885,8,0,8,893
03/24/2003,SLC,UT,ANM,WE,Combined TRACON& Tower with Radar,408,434,70,2,914,9,16,85,29,139,417,450,155,31,1053,16,0,16,1069
03/25/2003,SLC,UT,ANM,WE,Combined TRACON& Tower with Radar,415,441,72,2,930,9,30,145,58,242,424,471,217,60,1172,46,0,46,1218
03/26/2003,SLC,UT,ANM,WE,Combined TRACON& Tower with Radar,427,456,74,2,959,0,39,19,23,81,427,495,93,25,1040,40,0,40,1080
03/27/2003,SLC,UT,ANM,WE,Combined TRACON& Tower with Radar,421,456,74,2,953,0,24,33,19,76,421,480,107,21,1029,24,0,24,1053
03/28/2003,SLC,UT,ANM,WE,Combined TRACON& Tower with Radar,421,449,73,2,945,7,44,110,66,227,428,493,183,68,1172,36,0,36,1208
03/29/2003,SLC,UT,ANM,WE,Combined TRACON& Tower with Radar,376,401,65,2,844,18,38,179,33,268,394,439,244,35,1112,16,0,16,1128
03/30/2003,SLC,UT,ANM,WE,Combined TRACON& Tower with Radar,366,389,64,1,820,8,44,113,16,181,374,433,177,17,1001,0,0,0,1001
03/31/2003,SLC,UT,ANM,WE,Combined TRACON& Tower with Radar,395,420,68,2,885,8,33,106,30,177,403,453,174,32,1062,40,0,40,1102
04/01/2003,SLC,UT,ANM,WE,Combined TRACON& Tower with Radar,416,448,59,2,925,6,6,57,7,76,422,454,116,9,1001,0,0,0,1001
04/02/2003,SLC,UT,ANM,WE,Combined TRACON& Tower with Radar,407,438,52,2,899,11,20,0,6,37,418,458,52,8,936,0,0,0,936
04/03/2003,SLC,UT,ANM,WE,Combined TRACON& Tower with Radar,420,453,60,2,935,0,19,27,7,53,420,472,87,9,988,2,0,2,990
04/04/2003,SLC,UT,ANM,WE,Combined TRACON& Tower with Radar,417,456,59,3,935,0,34,106,60,200,417,490,165,63,1135,14,0,14,1149
04/05/2003,SLC,UT,ANM,WE,Combined TRACON& Tower with Radar,361,388,30,0,779,20,21,0,0,41,381,409,30,0,820,8,0,8,828
04/06/2003,SLC,UT,ANM,WE,Combined TRACON& Tower with Radar,320,356,46,2,724,0,20,39,1,60,320,376,85,3,784,12,0,12,796
04/07/2003,SLC,UT,ANM,WE,Combined TRACON& Tower with Radar,381,420,54,3,858,0,39,117,4,160,381,459,171,7,1018,36,0,36,1054
04/08/2003,SLC,UT,ANM,WE,Combined TRACON& Tower with Radar,398,424,67,2,891,1,26,200,11,238,399,450,267,13,1129,34,4,38,1167
04/09/2003,SLC,UT,ANM,WE,Combined TRACON& Tower with Radar,403,449,58,3,913,0,60,271,13,344,403,509,329,16,1257,34,0,34,1291
04/10/2003,SLC,UT,ANM,WE,Combined TRACON& Tower with Radar,403,440,57,3,903,0,30,213,13,256,403,470,270,16,1159,40,0,40,1199
04/11/2003,SLC,UT,ANM,WE,Combined TRACON& Tower with Radar,400,432,56,3,891,0,30,217,10,257,400,462,273,13,1148,46,0,46,1194
04/12/2003,SLC,UT,ANM,WE,Combined TRACON& Tower with Radar,350,374,48,2,774,4,46,118,0,168,354,420,166,2,942,46,0,46,988
04/13/2003,SLC,UT,ANM,WE,Combined TRACON& Tower with Radar,344,368,48,0,760,10,16,23,0,49,354,384,71,0,809,0,0,0,809
04/14/2003,SLC,UT,ANM,WE,Combined TRACON& Tower with Radar,380,417,54,3,854,0,43,28,6,77,380,460,82,9,931,0,0,0,931
04/15/2003,SLC,UT,ANM,WE,Combined TRACON& Tower with Radar,397,439,57,3,896,0,42,6,6,54,397,481,63,9,950,0,0,0,950
04/16/2003,SLC,UT,ANM,WE,Combined TRACON& Tower with Radar,403,444,58,3,908,0,39,269,11,319,403,483,327,14,1227,74,0,74,1301
04/17/2003,SLC,UT,ANM,WE,Combined TRACON& Tower with Radar,400,440,57,3,900,0,30,137,2,169,400,470,194,5,1069,92,0,92,1161
04/18/2003,SLC,UT,ANM,WE,Combined TRACON& Tower with Radar,399,439,57,3,898,0,37,8,3,48,399,476,65,6,946,10,0,10,956
04/19/2003,SLC,UT,ANM,WE,Combined TRACON& Tower with Radar,313,336,44,1,694,13,44,154,8,219,326,380,198,9,913,20,0,20,933
04/20/2003,SLC,UT,ANM,WE,Combined TRACON& Tower with Radar,332,356,47,0,735,20,11,88,0,119,352,367,135,0,854,46,0,46,900
04/21/2003,SLC,UT,ANM,WE,Combined TRACON& Tower with Radar,384,418,54,2,858,0,26,83,6,115,384,444,137,8,973,28,0,28,1001
04/22/2003,SLC,UT,ANM,WE,Combined TRACON& Tower with Radar,400,450,58,2,910,0,52,31,2,85,400,502,89,4,995,32,2,34,1029
04/23/2003,SLC,UT,ANM,WE,Combined TRACON& Tower with Radar,395,436,56,2,889,0,37,104,10,151,395,473,160,12,1040,8,0,8,1048
04/24/2003,SLC,UT,ANM,WE,Combined TRACON& Tower with Radar,405,438,57,2,902,0,33,182,13,228,405,471,239,15,1130,26,0,26,1156
04/25/2003,SLC,UT,ANM,WE,Combined TRACON& Tower with Radar,400,430,54,2,886,0,19,90,9,118,400,449,144,11,1004,42,0,42,1046
04/26/2003,SLC,UT,ANM,WE,Combined TRACON& Tower with Radar,303,292,42,1,638,53,0,81,1,135,356,292,123,2,773,22,0,22,795
04/27/2003,SLC,UT,ANM,WE,Combined TRACON& Tower with Radar,342,368,48,0,758,11,13,111,0,135,353,381,159,0,893,48,0,48,941
04/28/2003,SLC,UT,ANM,WE,Combined TRACON& Tower with Radar,389,418,54,2,863,1,18,128,6,153,390,436,182,8,1016,12,0,12,1028
04/29/2003,SLC,UT,ANM,WE,Combined TRACON& Tower with Radar,401,430,56,2,889,2,30,138,9,179,403,460,194,11,1068,26,0,26,1094
04/30/2003,SLC,UT,ANM,WE,Combined TRACON& Tower with Radar,391,430,56,2,879,0,27,146,14,187,391,457,202,16,1066,0,0,0,1066
05/01/2003,SLC,UT,ANM,WE,Combined TRACON& Tower with Radar,405,414,58,7,884,0,44,124,6,174,405,458,182,13,1058,10,0,10,1068
05/02/2003,SLC,UT,ANM,WE,Combined TRACON& Tower with Radar,384,404,56,7,851,0,27,216,1,244,384,431,272,8,1095,2,0,2,1097
05/03/2003,SLC,UT,ANM,WE,Combined TRACON& Tower with Radar,332,338,32,2,704,19,39,0,0,58,351,377,32,2,762,0,0,0,762
05/04/2003,SLC,UT,ANM,WE,Combined TRACON& Tower with Radar,334,339,44,3,720,4,39,0,0,43,338,378,44,3,763,0,0,0,763
05/05/2003,SLC,UT,ANM,WE,Combined TRACON& Tower with Radar,375,381,53,6,815,2,50,129,7,188,377,431,182,13,1003,54,0,54,1057
05/06/2003,SLC,UT,ANM,WE,Combined TRACON& Tower with Radar,391,409,57,7,864,0,29,211,12,252,391,438,268,19,1116,28,0,28,1144
05/07/2003,SLC,UT,ANM,WE,Combined TRACON& Tower with Radar,387,417,68,7,879,0,16,31,3,50,387,433,99,10,929,46,0,46,975
05/08/2003,SLC,UT,ANM,WE,Combined TRACON& Tower with Radar,392,433,72,6,903,0,12,68,1,81,392,445,140,7,984,30,0,30,1014
05/09/2003,SLC,UT,ANM,WE,Combined TRACON& Tower with Radar,391,418,58,7,874,0,21,43,7,71,391,439,101,14,945,18,0,18,963
05/10/2003,SLC,UT,ANM,WE,Combined TRACON& Tower with Radar,335,341,47,3,726,5,26,45,0,76,340,367,92,3,802,50,0,50,852
05/11/2003,SLC,UT,ANM,WE,Combined TRACON& Tower with Radar,336,341,47,5,729,8,10,97,0,115,344,351,144,5,844,34,0,34,878
05/12/2003,SLC,UT,ANM,WE,Combined TRACON& Tower with Radar,396,404,56,7,863,2,21,227,28,278,398,425,283,35,1141,0,6,6,1147
05/13/2003,SLC,UT,ANM,WE,Combined TRACON& Tower with Radar,399,406,56,7,868,1,12,227,22,262,400,418,283,29,1130,64,0,64,1194
05/14/2003,SLC,UT,ANM,WE,Combined TRACON& Tower with Radar,396,409,57,7,869,0,26,218,11,255,396,435,275,18,1124,36,8,44,1168
05/15/2003,SLC,UT,ANM,WE,Combined TRACON& Tower with Radar,389,402,56,6,853,0,34,189,16,239,389,436,245,22,1092,16,0,16,1108
05/16/2003,SLC,UT,ANM,WE,Combined TRACON& Tower with Radar,390,398,55,5,848,1,28,260,12,301,391,426,315,17,1149,54,0,54,1203
05/17/2003,SLC,UT,ANM,WE,Combined TRACON& Tower with Radar,339,345,48,4,736,6,26,123,0,155,345,371,171,4,891,40,0,40,931
05/18/2003,SLC,UT,ANM,WE,Combined TRACON& Tower with Radar,329,337,47,5,718,10,23,112,1,146,339,360,159,6,864,6,0,6,870
05/19/2003,SLC,UT,ANM,WE,Combined TRACON& Tower with Radar,376,388,54,5,823,0,18,213,12,243,376,406,267,17,1066,10,12,22,1088
05/20/2003,SLC,UT,ANM,WE,Combined TRACON& Tower with Radar,387,408,57,6,858,0,32,209,16,257,387,440,266,22,1115,82,0,82,1197
05/21/2003,SLC,UT,ANM,WE,Combined TRACON& Tower with Radar,385,396,55,5,841,0,46,190,13,249,385,442,245,18,1090,80,0,80,1170
05/22/2003,SLC,UT,ANM,WE,Combined TRACON& Tower with Radar,368,381,53,5,807,0,26,213,21,260,368,407,266,26,1067,90,0,90,1157
05/23/2003,SLC,UT,ANM,WE,Combined TRACON& Tower with Radar,388,398,56,5,847,0,32,245,8,285,388,430,301,13,1132,92,0,92,1224
05/24/2003,SLC,UT,ANM,WE,Combined TRACON& Tower with Radar,332,339,47,3,721,17,22,141,0,180,349,361,188,3,901,52,0,52,953
05/25/2003,SLC,UT,ANM,WE,Combined TRACON& Tower with Radar,307,313,44,1,665,14,21,56,0,91,321,334,100,1,756,6,0,6,762
05/26/2003,SLC,UT,ANM,WE,Combined TRACON& Tower with Radar,344,359,35,0,738,0,12,109,0,121,344,371,144,0,859,14,0,14,873
05/27/2003,SLC,UT,ANM,WE,Combined TRACON& Tower with Radar,380,394,56,5,835,0,42,183,3,228,380,436,239,8,1063,18,0,18,1081
05/28/2003,SLC,UT,ANM,WE,Combined TRACON& Tower with Radar,387,395,55,6,843,2,50,203,10,265,389,445,258,16,1108,20,0,20,1128
05/29/2003,SLC,UT,ANM,WE,Combined TRACON& Tower with Radar,392,406,56,7,861,0,62,196,10,268,392,468,252,17,1129,38,0,38,1167
05/30/2003,SLC,UT,ANM,WE,Combined TRACON& Tower with Radar,387,400,56,6,849,0,38,171,5,214,387,438,227,11,1063,32,0,32,1095
05/31/2003,SLC,UT,ANM,WE,Combined TRACON& Tower with Radar,342,351,49,6,748,9,34,159,2,204,351,385,208,8,952,12,0,12,964
06/01/2003,SLC,UT,ANM,WE,Combined TRACON& Tower with Radar,350,374,49,3,776,11,24,115,6,156,361,398,164,9,932,4,0,4,936
06/02/2003,SLC,UT,ANM,WE,Combined TRACON& Tower with Radar,390,417,54,4,865,12,29,161,12,214,402,446,215,16,1079,6,0,6,1085
06/03/2003,SLC,UT,ANM,WE,Combined TRACON& Tower with Radar,412,445,58,4,919,0,28,202,7,237,412,473,260,11,1156,24,0,24,1180
06/04/2003,SLC,UT,ANM,WE,Combined TRACON& Tower with Radar,411,438,58,4,911,1,26,196,8,231,412,464,254,12,1142,64,2,66,1208
06/05/2003,SLC,UT,ANM,WE,Combined TRACON& Tower with Radar,414,452,60,4,930,0,31,235,17,283,414,483,295,21,1213,196,8,204,1417
06/06/2003,SLC,UT,ANM,WE,Combined TRACON& Tower with Radar,412,440,58,4,914,0,28,199,10,237,412,468,257,14,1151,62,0,62,1213
06/07/2003,SLC,UT,ANM,WE,Combined TRACON& Tower with Radar,360,384,52,3,799,17,39,123,9,188,377,423,175,12,987,28,0,28,1015
06/08/2003,SLC,UT,ANM,WE,Combined TRACON& Tower with Radar,349,372,49,3,773,25,13,94,0,132,374,385,143,3,905,22,0,22,927
06/09/2003,SLC,UT,ANM,WE,Combined TRACON& Tower with Radar,397,423,55,5,880,4,6,61,11,82,401,429,116,16,962,6,0,6,968
06/10/2003,SLC,UT,ANM,WE,Combined TRACON& Tower with Radar,419,428,45,11,903,1,44,83,10,138,420,472,128,21,1041,22,0,22,1063
06/11/2003,SLC,UT,ANM,WE,Combined TRACON& Tower with Radar,413,441,57,5,916,7,38,155,24,224,420,479,212,29,1140,50,0,50,1190
06/12/2003,SLC,UT,ANM,WE,Combined TRACON& Tower with Radar,415,451,59,5,930,0,21,166,16,203,415,472,225,21,1133,18,0,18,1151
06/13/2003,SLC,UT,ANM,WE,Combined TRACON& Tower with Radar,429,464,61,5,959,0,40,162,8,210,429,504,223,13,1169,24,0,24,1193
06/14/2003,SLC,UT,ANM,WE,Combined TRACON& Tower with Radar,378,403,52,5,838,15,34,156,1,206,393,437,208,6,1044,46,0,46,1090
06/15/2003,SLC,UT,ANM,WE,Combined TRACON& Tower with Radar,380,405,53,3,841,8,22,97,0,127,388,427,150,3,968,26,0,26,994
06/16/2003,SLC,UT,ANM,WE,Combined TRACON& Tower with Radar,406,433,57,5,901,3,37,165,12,217,409,470,222,17,1118,18,0,18,1136
06/17/2003,SLC,UT,ANM,WE,Combined TRACON& Tower with Radar,324,412,54,5,795,0,97,167,10,274,324,509,221,15,1069,28,0,28,1097
06/18/2003,SLC,UT,ANM,WE,Combined TRACON& Tower with Radar,430,466,61,5,962,0,37,166,6,209,430,503,227,11,1171,4,0,4,1175
06/19/2003,SLC,UT,ANM,WE,Combined TRACON& Tower with Radar,426,474,62,5,967,0,37,187,1,225,426,511,249,6,1192,16,0,16,1208
06/20/2003,SLC,UT,ANM,WE,Combined TRACON& Tower with Radar,416,444,58,5,923,11,34,114,6,165,427,478,172,11,1088,10,0,10,1098
06/21/2003,SLC,UT,ANM,WE,Combined TRACON& Tower with Radar,342,365,48,4,759,17,17,82,1,117,359,382,130,5,876,4,0,4,880
06/22/2003,SLC,UT,ANM,WE,Combined TRACON& Tower with Radar,397,414,52,3,866,1,14,88,0,103,398,428,140,3,969,18,0,18,987
06/23/2003,SLC,UT,ANM,WE,Combined TRACON& Tower with Radar,411,443,58,4,916,0,27,34,7,68,411,470,92,11,984,0,0,0,984
06/24/2003,SLC,UT,ANM,WE,Combined TRACON& Tower with Radar,423,458,60,4,945,0,53,57,7,117,423,511,117,11,1062,24,0,24,1086
06/25/2003,SLC,UT,ANM,WE,Combined TRACON& Tower with Radar,419,464,60,4,947,0,46,215,11,272,419,510,275,15,1219,12,0,12,1231
06/26/2003,SLC,UT,ANM,WE,Combined TRACON& Tower with Radar,429,465,60,4,958,0,49,236,13,298,429,514,296,17,1256,46,0,46,1302
06/27/2003,SLC,UT,ANM,WE,Combined TRACON& Tower with Radar,424,448,79,2,953,0,55,198,20,273,424,503,277,22,1226,94,0,94,1320
06/28/2003,SLC,UT,ANM,WE,Combined TRACON& Tower with Radar,373,398,52,3,826,17,34,133,0,184,390,432,185,3,1010,4,0,4,1014
06/29/2003,SLC,UT,ANM,WE,Combined TRACON& Tower with Radar,381,405,53,4,843,13,14,88,3,118,394,419,141,7,961,14,0,14,975
06/30/2003,SLC,UT,ANM,WE,Combined TRACON& Tower with Radar,409,449,58,4,920,0,56,164,6,226,409,505,222,10,1146,38,0,38,1184
07/01/2003,SLC,UT,ANM,WE,Combined TRACON& Tower with Radar,423,455,67,5,950,0,52,161,16,229,423,507,228,21,1179,32,2,34,1213
07/02/2003,SLC,UT,ANM,WE,Combined TRACON& Tower with Radar,424,457,67,5,953,0,46,188,12,246,424,503,255,17,1199,56,0,56,1255
07/03/2003,SLC,UT,ANM,WE,Combined TRACON& Tower with Radar,307,330,50,3,690,117,155,225,18,515,424,485,275,21,1205,34,0,34,1239
07/04/2003,SLC,UT,ANM,WE,Combined TRACON& Tower with Radar,309,335,50,1,695,0,40,79,0,119,309,375,129,1,814,34,0,34,848
07/05/2003,SLC,UT,ANM,WE,Combined TRACON& Tower with Radar,315,407,61,4,787,0,0,95,0,95,315,407,156,4,882,8,0,8,890
07/06/2003,SLC,UT,ANM,WE,Combined TRACON& Tower with Radar,386,420,66,0,872,0,0,98,0,98,386,420,164,0,970,8,0,8,978
07/07/2003,SLC,UT,ANM,WE,Combined TRACON& Tower with Radar,413,472,71,5,961,0,0,160,14,174,413,472,231,19,1135,14,2,16,1151
07/08/2003,SLC,UT,ANM,WE,Combined TRACON& Tower with Radar,419,465,69,5,958,0,50,223,14,287,419,515,292,19,1245,22,0,22,1267
07/09/2003,SLC,UT,ANM,WE,Combined TRACON& Tower with Radar,423,472,70,5,970,0,32,210,14,256,423,504,280,19,1226,40,0,40,1266
07/10/2003,SLC,UT,ANM,WE,Combined TRACON& Tower with Radar,426,456,66,6,954,2,57,227,13,299,428,513,293,19,1253,30,0,30,1283
07/11/2003,SLC,UT,ANM,WE,Combined TRACON& Tower with Radar,371,397,58,5,831,63,111,200,10,384,434,508,258,15,1215,58,0,58,1273
07/12/2003,SLC,UT,ANM,WE,Combined TRACON& Tower with Radar,395,422,62,4,883,2,16,118,0,136,397,438,180,4,1019,18,0,18,1037
07/13/2003,SLC,UT,ANM,WE,Combined TRACON& Tower with Radar,385,434,63,3,885,0,5,126,0,131,385,439,189,3,1016,14,0,14,1030
07/14/2003,SLC,UT,ANM,WE,Combined TRACON& Tower with Radar,409,450,66,6,931,0,30,125,3,158,409,480,191,9,1089,4,0,4,1093
07/15/2003,SLC,UT,ANM,WE,Combined TRACON& Tower with Radar,412,448,65,6,931,0,61,137,9,207,412,509,202,15,1138,98,0,98,1236
07/16/2003,SLC,UT,ANM,WE,Combined TRACON& Tower with Radar,423,461,67,6,957,0,39,140,9,188,423,500,207,15,1145,28,0,28,1173
07/17/2003,SLC,UT,ANM,WE,Combined TRACON& Tower with Radar,418,448,65,6,937,8,75,152,7,242,426,523,217,13,1179,56,0,56,1235
07/18/2003,SLC,UT,ANM,WE,Combined TRACON& Tower with Radar,370,395,58,5,828,52,95,185,12,344,422,490,243,17,1172,50,0,50,1222
07/19/2003,SLC,UT,ANM,WE,Combined TRACON& Tower with Radar,383,410,60,2,855,13,25,124,0,162,396,435,184,2,1017,22,0,22,1039
07/20/2003,SLC,UT,ANM,WE,Combined TRACON& Tower with Radar,387,449,68,6,910,0,0,90,0,90,387,449,158,6,1000,30,0,30,1030
07/21/2003,SLC,UT,ANM,WE,Combined TRACON& Tower with Radar,406,439,64,6,915,0,44,151,11,206,406,483,215,17,1121,40,0,40,1161
07/22/2003,SLC,UT,ANM,WE,Combined TRACON& Tower with Radar,419,452,66,6,943,0,49,187,7,243,419,501,253,13,1186,46,0,46,1232
07/23/2003,SLC,UT,ANM,WE,Combined TRACON& Tower with Radar,431,462,67,5,965,3,38,188,8,237,434,500,255,13,1202,44,0,44,1246
07/24/2003,SLC,UT,ANM,WE,Combined TRACON& Tower with Radar,426,457,66,5,954,8,65,144,2,219,434,522,210,7,1173,58,0,58,1231
07/25/2003,SLC,UT,ANM,WE,Combined TRACON& Tower with Radar,408,439,64,5,916,5,60,110,6,181,413,499,174,11,1097,32,0,32,1129
07/26/2003,SLC,UT,ANM,WE,Combined TRACON& Tower with Radar,404,434,63,4,905,0,30,141,2,173,404,464,204,6,1078,6,0,6,1084
07/27/2003,SLC,UT,ANM,WE,Combined TRACON& Tower with Radar,378,405,59,4,846,5,30,89,7,131,383,435,148,11,977,28,0,28,1005
07/28/2003,SLC,UT,ANM,WE,Combined TRACON& Tower with Radar,407,447,65,5,924,0,49,174,17,240,407,496,239,22,1164,46,0,46,1210
07/29/2003,SLC,UT,ANM,WE,Combined TRACON& Tower with Radar,425,458,67,5,955,0,59,163,12,234,425,517,230,17,1189,74,0,74,1263
07/30/2003,SLC,UT,ANM,WE,Combined TRACON& Tower with Radar,423,459,67,5,954,0,38,171,15,224,423,497,238,20,1178,66,0,66,1244
07/31/2003,SLC,UT,ANM,WE,Combined TRACON& Tower with Radar,427,458,67,5,957,0,57,136,16,209,427,515,203,21,1166,64,0,64,1230
08/01/2003,SLC,UT,ANM,WE,Combined TRACON& Tower with Radar,421,461,67,6,955,0,56,178,10,244,421,517,245,16,1199,52,0,52,1251
08/02/2003,SLC,UT,ANM,WE,Combined TRACON& Tower with Radar,374,406,59,4,843,18,28,112,0,158,392,434,171,4,1001,72,0,72,1073
08/03/2003,SLC,UT,ANM,WE,Combined TRACON& Tower with Radar,373,405,58,2,838,4,12,69,0,85,377,417,127,2,923,4,0,4,927
08/04/2003,SLC,UT,ANM,WE,Combined TRACON& Tower with Radar,408,451,65,7,931,0,37,155,10,202,408,488,220,17,1133,8,2,10,1143
08/05/2003,SLC,UT,ANM,WE,Combined TRACON& Tower with Radar,425,469,67,7,968,0,43,200,10,253,425,512,267,17,1221,20,0,20,1241
08/06/2003,SLC,UT,ANM,WE,Combined TRACON& Tower with Radar,419,466,67,7,959,0,45,143,16,204,419,511,210,23,1163,48,8,56,1219
08/07/2003,SLC,UT,ANM,WE,Combined TRACON& Tower with Radar,428,472,68,7,975,0,48,174,11,233,428,520,242,18,1208,16,2,18,1226
08/08/2003,SLC,UT,ANM,WE,Combined TRACON& Tower with Radar,425,459,62,7,953,1,49,110,5,165,426,508,172,12,1118,34,0,34,1152
08/09/2003,SLC,UT,ANM,WE,Combined TRACON& Tower with Radar,381,414,59,6,860,5,42,91,2,140,386,456,150,8,1000,44,0,44,1044
08/10/2003,SLC,UT,ANM,WE,Combined TRACON& Tower with Radar,376,409,59,3,847,13,15,75,0,103,389,424,134,3,950,26,0,26,976
08/11/2003,SLC,UT,ANM,WE,Combined TRACON& Tower with Radar,395,430,62,7,894,11,39,129,6,185,406,469,191,13,1079,38,0,38,1117
08/12/2003,SLC,UT,ANM,WE,Combined TRACON& Tower with Radar,423,460,66,7,956,2,33,119,20,174,425,493,185,27,1130,32,0,32,1162
08/13/2003,SLC,UT,ANM,WE,Combined TRACON& Tower with Radar,418,457,66,7,948,0,52,170,14,236,418,509,236,21,1184,80,0,80,1264
08/14/2003,SLC,UT,ANM,WE,Combined TRACON& Tower with Radar,424,471,68,7,970,0,38,175,15,228,424,509,243,22,1198,72,0,72,1270
08/15/2003,SLC,UT,ANM,WE,Combined TRACON& Tower with Radar,426,465,67,7,965,0,18,153,9,180,426,483,220,16,1145,58,0,58,1203
08/16/2003,SLC,UT,ANM,WE,Combined TRACON& Tower with Radar,377,410,59,6,852,7,35,96,4,142,384,445,155,10,994,8,0,8,1002
08/17/2003,SLC,UT,ANM,WE,Combined TRACON& Tower with Radar,372,404,59,6,841,16,13,81,1,111,388,417,140,7,952,40,0,40,992
08/18/2003,SLC,UT,ANM,WE,Combined TRACON& Tower with Radar,407,442,63,7,919,10,23,193,12,238,417,465,256,19,1157,16,0,16,1173
08/19/2003,SLC,UT,ANM,WE,Combined TRACON& Tower with Radar,420,468,67,7,962,0,27,219,18,264,420,495,286,25,1226,8,0,8,1234
08/20/2003,SLC,UT,ANM,WE,Combined TRACON& Tower with Radar,420,472,68,7,967,0,31,169,11,211,420,503,237,18,1178,22,0,22,1200
08/21/2003,SLC,UT,ANM,WE,Combined TRACON& Tower with Radar,412,454,65,7,938,0,43,117,9,169,412,497,182,16,1107,8,0,8,1115
08/22/2003,SLC,UT,ANM,WE,Combined TRACON& Tower with Radar,416,453,65,7,941,0,31,101,7,139,416,484,166,14,1080,70,0,70,1150
08/23/2003,SLC,UT,ANM,WE,Combined TRACON& Tower with Radar,391,432,42,2,867,0,25,132,3,160,391,457,174,5,1027,24,0,24,1051
08/24/2003,SLC,UT,ANM,WE,Combined TRACON& Tower with Radar,380,411,60,1,852,4,16,89,0,109,384,427,149,1,961,16,0,16,977
08/25/2003,SLC,UT,ANM,WE,Combined TRACON& Tower with Radar,404,439,63,6,912,0,36,169,11,216,404,475,232,17,1128,16,0,16,1144
08/26/2003,SLC,UT,ANM,WE,Combined TRACON& Tower with Radar,409,457,66,6,938,0,43,192,21,256,409,500,258,27,1194,58,0,58,1252
08/27/2003,SLC,UT,ANM,WE,Combined TRACON& Tower with Radar,421,470,67,6,964,0,37,185,11,233,421,507,252,17,1197,42,2,44,1241
08/28/2003,SLC,UT,ANM,WE,Combined TRACON& Tower with Radar,422,462,67,6,957,0,46,200,11,257,422,508,267,17,1214,72,0,72,1286
08/29/2003,SLC,UT,ANM,WE,Combined TRACON& Tower with Radar,422,468,67,4,961,0,42,103,0,145,422,510,170,4,1106,48,0,48,1154
08/30/2003,SLC,UT,ANM,WE,Combined TRACON& Tower with Radar,369,400,58,5,832,7,23,159,0,189,376,423,217,5,1021,8,0,8,1029
08/31/2003,SLC,UT,ANM,WE,Combined TRACON& Tower with Radar,333,362,52,5,752,21,30,148,4,203,354,392,200,9,955,58,0,58,1013
09/01/2003,SLC,UT,ANM,WE,Combined TRACON& Tower with Radar,345,408,49,1,803,1,18,129,3,151,346,426,178,4,954,32,0,32,986
09/02/2003,SLC,UT,ANM,WE,Combined TRACON& Tower with Radar,385,444,64,7,900,3,38,141,3,185,388,482,205,10,1085,22,2,24,1109
09/03/2003,SLC,UT,ANM,WE,Combined TRACON& Tower with Radar,407,473,68,8,956,0,38,216,13,267,407,511,284,21,1223,40,0,40,1263
09/04/2003,SLC,UT,ANM,WE,Combined TRACON& Tower with Radar,403,466,67,8,944,3,41,197,22,263,406,507,264,30,1207,68,0,68,1275
09/05/2003,SLC,UT,ANM,WE,Combined TRACON& Tower with Radar,402,464,66,8,940,12,60,167,5,244,414,524,233,13,1184,108,0,108,1292
09/06/2003,SLC,UT,ANM,WE,Combined TRACON& Tower with Radar,356,411,59,7,833,15,44,161,6,226,371,455,220,13,1059,48,0,48,1107
09/07/2003,SLC,UT,ANM,WE,Combined TRACON& Tower with Radar,362,418,60,7,847,15,14,99,2,130,377,432,159,9,977,16,0,16,993
09/08/2003,SLC,UT,ANM,WE,Combined TRACON& Tower with Radar,387,450,65,8,910,0,43,101,0,144,387,493,166,8,1054,26,2,28,1082
09/09/2003,SLC,UT,ANM,WE,Combined TRACON& Tower with Radar,405,474,68,8,955,0,36,108,10,154,405,510,176,18,1109,66,0,66,1175
09/10/2003,SLC,UT,ANM,WE,Combined TRACON& Tower with Radar,413,480,69,8,970,0,32,92,6,130,413,512,161,14,1100,38,0,38,1138
09/11/2003,SLC,UT,ANM,WE,Combined TRACON& Tower with Radar,404,471,67,8,950,0,36,251,24,311,404,507,318,32,1261,34,0,34,1295
09/12/2003,SLC,UT,ANM,WE,Combined TRACON& Tower with Radar,422,489,70,8,989,0,25,263,17,305,422,514,333,25,1294,68,0,68,1362
09/13/2003,SLC,UT,ANM,WE,Combined TRACON& Tower with Radar,355,410,59,6,830,12,37,218,4,271,367,447,277,10,1101,56,0,56,1157
09/14/2003,SLC,UT,ANM,WE,Combined TRACON& Tower with Radar,362,419,60,6,847,2,20,164,4,190,364,439,224,10,1037,22,0,22,1059
09/15/2003,SLC,UT,ANM,WE,Combined TRACON& Tower with Radar,385,444,64,6,899,8,34,167,6,215,393,478,231,12,1114,42,0,42,1156
09/16/2003,SLC,UT,ANM,WE,Combined TRACON& Tower with Radar,400,476,68,7,951,0,53,152,13,218,400,529,220,20,1169,8,0,8,1177
09/17/2003,SLC,UT,ANM,WE,Combined TRACON& Tower with Radar,402,475,68,7,952,0,53,90,7,150,402,528,158,14,1102,10,0,10,1112
09/18/2003,SLC,UT,ANM,WE,Combined TRACON& Tower with Radar,395,473,68,7,943,0,36,272,15,323,395,509,340,22,1266,46,4,50,1316
09/19/2003,SLC,UT,ANM,WE,Combined TRACON& Tower with Radar,410,478,68,7,963,0,41,235,12,288,410,519,303,19,1251,30,0,30,1281
09/20/2003,SLC,UT,ANM,WE,Combined TRACON& Tower with Radar,360,394,53,5,812,1,30,228,10,269,361,424,281,15,1081,38,0,38,1119
09/21/2003,SLC,UT,ANM,WE,Combined TRACON& Tower with Radar,347,399,57,2,805,18,25,108,0,151,365,424,165,2,956,10,0,10,966
09/22/2003,SLC,UT,ANM,WE,Combined TRACON& Tower with Radar,392,452,65,7,916,2,43,165,9,219,394,495,230,16,1135,36,0,36,1171
09/23/2003,SLC,UT,ANM,WE,Combined TRACON& Tower with Radar,399,476,68,7,950,0,51,255,7,313,399,527,323,14,1263,58,0,58,1321
09/24/2003,SLC,UT,ANM,WE,Combined TRACON& Tower with Radar,404,474,67,8,953,0,31,214,9,254,404,505,281,17,1207,32,0,32,1239
09/25/2003,SLC,UT,ANM,WE,Combined TRACON& Tower with Radar,404,480,68,8,960,0,38,201,11,250,404,518,269,19,1210,16,0,16,1226
09/26/2003,SLC,UT,ANM,WE,Combined TRACON& Tower with Radar,410,477,67,8,962,0,57,207,6,270,410,534,274,14,1232,88,0,88,1320
09/27/2003,SLC,UT,ANM,WE,Combined TRACON& Tower with Radar,358,412,58,7,835,13,13,190,6,222,371,425,248,13,1057,94,0,94,1151
09/28/2003,SLC,UT,ANM,WE,Combined TRACON& Tower with Radar,363,417,59,7,846,10,6,141,5,162,373,423,200,12,1008,32,0,32,1040
09/29/2003,SLC,UT,ANM,WE,Combined TRACON& Tower with Radar,390,452,64,8,914,0,45,174,7,226,390,497,238,15,1140,34,2,36,1176
09/30/2003,SLC,UT,ANM,WE,Combined TRACON& Tower with Radar,397,472,67,8,944,0,39,236,9,284,397,511,303,17,1228,60,0,60,1288
10/01/2003,SLC,UT,ANM,WE,Combined TRACON& Tower with Radar,398,473,64,7,942,0,22,176,13,211,398,495,240,20,1153,60,0,60,1213
10/02/2003,SLC,UT,ANM,WE,Combined TRACON& Tower with Radar,409,472,64,7,952,2,18,157,10,187,411,490,221,17,1139,56,0,56,1195
10/03/2003,SLC,UT,ANM,WE,Combined TRACON& Tower with Radar,402,464,63,6,935,10,32,195,2,239,412,496,258,8,1174,10,0,10,1184
10/04/2003,SLC,UT,ANM,WE,Combined TRACON& Tower with Radar,349,403,54,5,811,9,40,183,15,247,358,443,237,20,1058,14,0,14,1072
10/05/2003,SLC,UT,ANM,WE,Combined TRACON& Tower with Radar,358,409,56,5,828,0,0,180,5,185,358,409,236,10,1013,32,0,32,1045
10/06/2003,SLC,UT,ANM,WE,Combined TRACON& Tower with Radar,380,441,59,6,886,0,49,156,4,209,380,490,215,10,1095,40,4,44,1139
10/07/2003,SLC,UT,ANM,WE,Combined TRACON& Tower with Radar,403,473,64,6,946,0,21,170,3,194,403,494,234,9,1140,56,0,56,1196
10/08/2003,SLC,UT,ANM,WE,Combined TRACON& Tower with Radar,402,472,64,6,944,0,39,206,11,256,402,511,270,17,1200,84,0,84,1284
10/09/2003,SLC,UT,ANM,WE,Combined TRACON& Tower with Radar,395,466,63,6,930,0,28,154,15,197,395,494,217,21,1127,42,0,42,1169
10/10/2003,SLC,UT,ANM,WE,Combined TRACON& Tower with Radar,404,469,63,6,942,0,28,157,7,192,404,497,220,13,1134,10,0,10,1144
10/11/2003,SLC,UT,ANM,WE,Combined TRACON& Tower with Radar,344,397,54,5,800,17,34,162,4,217,361,431,216,9,1017,56,0,56,1073
10/12/2003,SLC,UT,ANM,WE,Combined TRACON& Tower with Radar,343,396,53,5,797,13,18,95,3,129,356,414,148,8,926,36,0,36,962
10/13/2003,SLC,UT,ANM,WE,Combined TRACON& Tower with Radar,372,429,58,6,865,6,18,192,5,221,378,447,250,11,1086,32,0,32,1118
10/14/2003,SLC,UT,ANM,WE,Combined TRACON& Tower with Radar,388,455,61,7,911,0,39,227,8,274,388,494,288,15,1185,60,0,60,1245
10/15/2003,SLC,UT,ANM,WE,Combined TRACON& Tower with Radar,408,475,63,7,953,0,56,206,14,276,408,531,269,21,1229,56,0,56,1285
10/16/2003,SLC,UT,ANM,WE,Combined TRACON& Tower with Radar,396,467,62,7,932,0,45,199,13,257,396,512,261,20,1189,56,10,66,1255
10/17/2003,SLC,UT,ANM,WE,Combined TRACON& Tower with Radar,403,470,63,7,943,0,37,204,10,251,403,507,267,17,1194,62,0,62,1256
10/18/2003,SLC,UT,ANM,WE,Combined TRACON& Tower with Radar,353,406,54,5,818,13,43,139,0,195,366,449,193,5,1013,24,0,24,1037
10/19/2003,SLC,UT,ANM,WE,Combined TRACON& Tower with Radar,347,399,53,4,803,11,24,131,0,166,358,423,184,4,969,66,0,66,1035
10/20/2003,SLC,UT,ANM,WE,Combined TRACON& Tower with Radar,382,439,58,7,886,8,54,141,0,203,390,493,199,7,1089,24,0,24,1113
10/21/2003,SLC,UT,ANM,WE,Combined TRACON& Tower with Radar,390,469,63,7,929,0,43,216,6,265,390,512,279,13,1194,32,0,32,1226
10/22/2003,SLC,UT,ANM,WE,Combined TRACON& Tower with Radar,396,476,63,7,942,0,56,239,15,310,396,532,302,22,1252,40,0,40,1292
10/23/2003,SLC,UT,ANM,WE,Combined TRACON& Tower with Radar,403,468,62,7,940,0,30,188,16,234,403,498,250,23,1174,46,0,46,1220
10/24/2003,SLC,UT,ANM,WE,Combined TRACON& Tower with Radar,398,470,63,7,938,0,43,194,13,250,398,513,257,20,1188,10,0,10,1198
10/25/2003,SLC,UT,ANM,WE,Combined TRACON& Tower with Radar,311,358,47,6,722,21,33,150,5,209,332,391,197,11,931,58,0,58,989
10/26/2003,SLC,UT,ANM,WE,Combined TRACON& Tower with Radar,333,383,51,6,773,12,23,103,0,138,345,406,154,6,911,6,0,6,917
10/27/2003,SLC,UT,ANM,WE,Combined TRACON& Tower with Radar,375,433,58,7,873,0,25,148,6,179,375,458,206,13,1052,12,0,12,1064
10/28/2003,SLC,UT,ANM,WE,Combined TRACON& Tower with Radar,395,454,60,7,916,7,40,176,3,226,402,494,236,10,1142,50,0,50,1192
10/29/2003,SLC,UT,ANM,WE,Combined TRACON& Tower with Radar,406,466,62,7,941,0,25,60,2,87,406,491,122,9,1028,26,0,26,1054
10/30/2003,SLC,UT,ANM,WE,Combined TRACON& Tower with Radar,396,467,62,6,931,0,18,12,0,30,396,485,74,6,961,4,0,4,965
10/31/2003,SLC,UT,ANM,WE,Combined TRACON& Tower with Radar,396,455,61,1,913,0,45,7,0,52,396,500,68,1,965,0,0,0,965
11/01/2003,SLC,UT,ANM,WE,Combined TRACON& Tower with Radar,341,408,21,1,771,29,3,0,0,32,370,411,21,1,803,0,0,0,803
11/02/2003,SLC,UT,ANM,WE,Combined TRACON& Tower with Radar,347,415,49,0,811,9,13,2,0,24,356,428,51,0,835,22,0,22,857
11/03/2003,SLC,UT,ANM,WE,Combined TRACON& Tower with Radar,382,456,54,4,896,2,12,3,3,20,384,468,57,7,916,12,0,12,928
11/04/2003,SLC,UT,ANM,WE,Combined TRACON& Tower with Radar,395,477,57,4,933,0,9,23,6,38,395,486,80,10,971,4,0,4,975
11/05/2003,SLC,UT,ANM,WE,Combined TRACON& Tower with Radar,416,521,61,5,1003,0,17,34,6,57,416,538,95,11,1060,26,0,26,1086
11/06/2003,SLC,UT,ANM,WE,Combined TRACON& Tower with Radar,399,493,58,4,954,0,24,221,22,267,399,517,279,26,1221,18,8,26,1247
11/07/2003,SLC,UT,ANM,WE,Combined TRACON& Tower with Radar,425,517,61,5,1008,0,53,190,4,247,425,570,251,9,1255,64,0,64,1319
11/08/2003,SLC,UT,ANM,WE,Combined TRACON& Tower with Radar,343,409,48,4,804,22,23,137,5,187,365,432,185,9,991,42,0,42,1033
11/09/2003,SLC,UT,ANM,WE,Combined TRACON& Tower with Radar,342,408,48,3,801,17,17,23,0,57,359,425,71,3,858,44,0,44,902
11/10/2003,SLC,UT,ANM,WE,Combined TRACON& Tower with Radar,370,441,52,4,867,9,35,82,2,128,379,476,134,6,995,72,0,72,1067
11/11/2003,SLC,UT,ANM,WE,Combined TRACON& Tower with Radar,384,458,54,4,900,9,34,173,0,216,393,492,227,4,1116,88,0,88,1204
11/12/2003,SLC,UT,ANM,WE,Combined TRACON& Tower with Radar,388,482,56,5,931,0,32,226,6,264,388,514,282,11,1195,86,8,94,1289
11/13/2003,SLC,UT,ANM,WE,Combined TRACON& Tower with Radar,400,489,57,5,951,0,20,37,5,62,400,509,94,10,1013,20,0,20,1033
11/14/2003,SLC,UT,ANM,WE,Combined TRACON& Tower with Radar,408,494,58,5,965,0,15,192,6,213,408,509,250,11,1178,74,0,74,1252
11/15/2003,SLC,UT,ANM,WE,Combined TRACON& Tower with Radar,343,408,47,5,803,17,31,141,0,189,360,439,188,5,992,70,0,70,1062
11/16/2003,SLC,UT,ANM,WE,Combined TRACON& Tower with Radar,341,407,47,5,800,16,6,4,1,27,357,413,51,6,827,0,0,0,827
11/17/2003,SLC,UT,ANM,WE,Combined TRACON& Tower with Radar,380,454,53,5,892,0,25,23,2,50,380,479,76,7,942,0,0,0,942
11/18/2003,SLC,UT,ANM,WE,Combined TRACON& Tower with Radar,402,491,57,5,955,0,31,292,18,341,402,522,349,23,1296,34,0,34,1330
11/19/2003,SLC,UT,ANM,WE,Combined TRACON& Tower with Radar,406,507,59,6,978,0,39,240,25,304,406,546,299,31,1282,84,0,84,1366
11/20/2003,SLC,UT,ANM,WE,Combined TRACON& Tower with Radar,407,500,58,6,971,0,28,152,13,193,407,528,210,19,1164,116,0,116,1280
11/21/2003,SLC,UT,ANM,WE,Combined TRACON& Tower with Radar,399,475,55,2,931,6,24,8,0,38,405,499,63,2,969,0,0,0,969
11/22/2003,SLC,UT,ANM,WE,Combined TRACON& Tower with Radar,351,417,48,0,816,2,33,25,0,60,353,450,73,0,876,82,0,82,958
11/23/2003,SLC,UT,ANM,WE,Combined TRACON& Tower with Radar,337,403,47,1,788,23,36,172,0,231,360,439,219,1,1019,6,0,6,1025
11/24/2003,SLC,UT,ANM,WE,Combined TRACON& Tower with Radar,378,459,53,5,895,0,36,134,10,180,378,495,187,15,1075,20,0,20,1095
11/25/2003,SLC,UT,ANM,WE,Combined TRACON& Tower with Radar,400,498,58,4,960,0,27,127,9,163,400,525,185,13,1123,56,0,56,1179
11/26/2003,SLC,UT,ANM,WE,Combined TRACON& Tower with Radar,403,503,58,5,969,0,26,50,0,76,403,529,108,5,1045,22,0,22,1067
11/27/2003,SLC,UT,ANM,WE,Combined TRACON& Tower with Radar,289,346,40,1,676,9,31,57,0,97,298,377,97,1,773,6,0,6,779
11/28/2003,SLC,UT,ANM,WE,Combined TRACON& Tower with Radar,311,383,45,3,742,0,55,133,10,198,311,438,178,13,940,50,0,50,990
11/29/2003,SLC,UT,ANM,WE,Combined TRACON& Tower with Radar,334,398,47,3,782,15,6,83,2,106,349,404,130,5,888,24,0,24,912
11/30/2003,SLC,UT,ANM,WE,Combined TRACON& Tower with Radar,358,427,50,2,837,0,0,118,0,118,358,427,168,2,955,6,0,6,961
12/01/2003,SLC,UT,ANM,WE,Combined TRACON& Tower with Radar,387,461,61,5,914,0,31,115,6,152,387,492,176,11,1066,24,0,24,1090
12/02/2003,SLC,UT,ANM,WE,Combined TRACON& Tower with Radar,408,492,65,5,970,0,0,68,5,73,408,492,133,10,1043,30,8,38,1081
12/03/2003,SLC,UT,ANM,WE,Combined TRACON& Tower with Radar,400,483,64,5,952,0,12,183,14,209,400,495,247,19,1161,32,0,32,1193
12/04/2003,SLC,UT,ANM,WE,Combined TRACON& Tower with Radar,411,489,64,5,969,0,21,227,7,255,411,510,291,12,1224,86,0,86,1310
12/05/2003,SLC,UT,ANM,WE,Combined TRACON& Tower with Radar,389,474,62,5,930,0,24,192,5,221,389,498,254,10,1151,52,0,52,1203
12/06/2003,SLC,UT,ANM,WE,Combined TRACON& Tower with Radar,339,403,54,4,800,11,20,67,11,109,350,423,121,15,909,2,0,2,911
12/07/2003,SLC,UT,ANM,WE,Combined TRACON& Tower with Radar,339,403,44,2,788,14,18,0,0,32,353,421,44,2,820,8,0,8,828
12/08/2003,SLC,UT,ANM,WE,Combined TRACON& Tower with Radar,386,467,62,5,920,0,21,19,5,45,386,488,81,10,965,18,0,18,983
12/09/2003,SLC,UT,ANM,WE,Combined TRACON& Tower with Radar,408,484,64,5,961,4,21,245,22,292,412,505,309,27,1253,56,0,56,1309
12/10/2003,SLC,UT,ANM,WE,Combined TRACON& Tower with Radar,408,485,64,5,962,2,17,114,7,140,410,502,178,12,1102,92,0,92,1194
12/11/2003,SLC,UT,ANM,WE,Combined TRACON& Tower with Radar,407,499,66,5,977,0,34,87,4,125,407,533,153,9,1102,88,0,88,1190
12/12/2003,SLC,UT,ANM,WE,Combined TRACON& Tower with Radar,400,481,62,5,948,0,27,87,0,114,400,508,149,5,1062,16,0,16,1078
12/13/2003,SLC,UT,ANM,WE,Combined TRACON& Tower with Radar,345,410,54,1,810,24,40,62,0,126,369,450,116,1,936,64,0,64,1000
12/14/2003,SLC,UT,ANM,WE,Combined TRACON& Tower with Radar,341,403,42,4,790,17,26,0,0,43,358,429,42,4,833,6,0,6,839
12/15/2003,SLC,UT,ANM,WE,Combined TRACON& Tower with Radar,388,467,61,6,922,0,50,126,5,181,388,517,187,11,1103,42,0,42,1145
12/16/2003,SLC,UT,ANM,WE,Combined TRACON& Tower with Radar,408,482,63,6,959,6,27,202,10,245,414,509,265,16,1204,68,0,68,1272
12/17/2003,SLC,UT,ANM,WE,Combined TRACON& Tower with Radar,420,498,65,6,989,0,17,314,9,340,420,515,379,15,1329,136,0,136,1465
12/18/2003,SLC,UT,ANM,WE,Combined TRACON& Tower with Radar,412,487,64,6,969,6,44,209,9,268,418,531,273,15,1237,118,0,118,1355
12/19/2003,SLC,UT,ANM,WE,Combined TRACON& Tower with Radar,412,508,66,6,992,0,13,184,8,205,412,521,250,14,1197,0,0,0,1197
12/20/2003,SLC,UT,ANM,WE,Combined TRACON& Tower with Radar,368,437,57,5,867,1,29,178,0,208,369,466,235,5,1075,102,0,102,1177
12/21/2003,SLC,UT,ANM,WE,Combined TRACON& Tower with Radar,361,426,36,0,823,27,0,0,0,27,388,426,36,0,850,0,0,0,850
12/22/2003,SLC,UT,ANM,WE,Combined TRACON& Tower with Radar,358,400,55,5,818,29,0,14,1,44,387,400,69,6,862,0,0,0,862
12/23/2003,SLC,UT,ANM,WE,Combined TRACON& Tower with Radar,425,527,68,7,1027,0,49,170,18,237,425,576,238,25,1264,34,0,34,1298
12/24/2003,SLC,UT,ANM,WE,Combined TRACON& Tower with Radar,396,475,62,6,939,0,59,70,0,129,396,534,132,6,1068,4,0,4,1072
12/25/2003,SLC,UT,ANM,WE,Combined TRACON& Tower with Radar,315,372,21,2,710,0,54,0,0,54,315,426,21,2,764,0,0,0,764
12/26/2003,SLC,UT,ANM,WE,Combined TRACON& Tower with Radar,283,271,43,0,597,35,0,32,0,67,318,271,75,0,664,0,0,0,664
12/27/2003,SLC,UT,ANM,WE,Combined TRACON& Tower with Radar,336,465,60,3,864,0,1,68,0,69,336,466,128,3,933,0,0,0,933
12/28/2003,SLC,UT,ANM,WE,Combined TRACON& Tower with Radar,370,440,57,0,867,4,17,49,0,70,374,457,106,0,937,16,0,16,953
12/29/2003,SLC,UT,ANM,WE,Combined TRACON& Tower with Radar,365,433,57,1,856,26,1,12,0,39,391,434,69,1,895,0,0,0,895
12/30/2003,SLC,UT,ANM,WE,Combined TRACON& Tower with Radar,407,505,66,5,983,0,32,6,8,46,407,537,72,13,1029,4,0,4,1033
12/31/2003,SLC,UT,ANM,WE,Combined TRACON& Tower with Radar,372,474,62,2,910,0,63,34,0,97,372,537,96,2,1007,20,0,20,1027
01/01/2004,SLC,UT,ANM,WE,Combined TRACON& Tower with Radar,286,423,38,2,749,44,9,0,0,53,330,432,38,2,802,0,0,0,802
01/02/2004,SLC,UT,ANM,WE,Combined TRACON& Tower with Radar,342,507,74,1,924,22,8,77,0,107,364,515,151,1,1031,8,0,8,1039
01/03/2004,SLC,UT,ANM,WE,Combined TRACON& Tower with Radar,337,455,73,0,865,12,0,50,0,62,349,455,123,0,927,2,0,2,929
01/04/2004,SLC,UT,ANM,WE,Combined TRACON& Tower with Radar,343,475,74,4,896,28,0,83,0,111,371,475,157,4,1007,12,0,12,1019
01/05/2004,SLC,UT,ANM,WE,Combined TRACON& Tower with Radar,340,498,73,7,918,48,0,90,1,139,388,498,163,8,1057,50,0,50,1107
01/06/2004,SLC,UT,ANM,WE,Combined TRACON& Tower with Radar,350,519,76,7,952,44,7,63,9,123,394,526,139,16,1075,36,0,36,1111
01/07/2004,SLC,UT,ANM,WE,Combined TRACON& Tower with Radar,350,531,55,2,938,0,55,0,0,55,350,586,55,2,993,2,0,2,995
01/08/2004,SLC,UT,ANM,WE,Combined TRACON& Tower with Radar,335,493,72,7,907,3,0,20,3,26,338,493,92,10,933,4,0,4,937
01/09/2004,SLC,UT,ANM,WE,Combined TRACON& Tower with Radar,333,469,72,7,881,24,0,21,6,51,357,469,93,13,932,18,0,18,950
01/10/2004,SLC,UT,ANM,WE,Combined TRACON& Tower with Radar,313,465,47,7,832,8,11,0,9,28,321,476,47,16,860,0,0,0,860
01/11/2004,SLC,UT,ANM,WE,Combined TRACON& Tower with Radar,299,423,65,5,792,32,0,3,0,35,331,423,68,5,827,26,0,26,853
01/12/2004,SLC,UT,ANM,WE,Combined TRACON& Tower with Radar,320,473,69,6,868,11,7,15,0,33,331,480,84,6,901,0,0,0,901
01/13/2004,SLC,UT,ANM,WE,Combined TRACON& Tower with Radar,346,541,79,8,974,0,14,25,17,56,346,555,104,25,1030,0,0,0,1030
01/14/2004,SLC,UT,ANM,WE,Combined TRACON& Tower with Radar,358,553,80,9,1000,0,15,39,3,57,358,568,119,12,1057,4,0,4,1061
01/15/2004,SLC,UT,ANM,WE,Combined TRACON& Tower with Radar,354,578,85,9,1026,0,0,72,2,74,354,578,157,11,1100,0,0,0,1100
01/16/2004,SLC,UT,ANM,WE,Combined TRACON& Tower with Radar,354,578,84,1,1017,0,27,30,0,57,354,605,114,1,1074,0,0,0,1074
01/17/2004,SLC,UT,ANM,WE,Combined TRACON& Tower with Radar,323,489,71,2,885,0,17,18,0,35,323,506,89,2,920,8,0,8,928
01/18/2004,SLC,UT,ANM,WE,Combined TRACON& Tower with Radar,331,487,70,8,896,0,0,0,17,17,331,487,70,25,913,0,0,0,913
01/19/2004,SLC,UT,ANM,WE,Combined TRACON& Tower with Radar,343,563,81,2,989,0,20,59,0,79,343,583,140,2,1068,0,0,0,1068
01/20/2004,SLC,UT,ANM,WE,Combined TRACON& Tower with Radar,352,558,80,9,999,0,24,8,6,38,352,582,88,15,1037,0,0,0,1037
01/21/2004,SLC,UT,ANM,WE,Combined TRACON& Tower with Radar,357,562,81,9,1009,0,33,19,0,52,357,595,100,9,1061,0,0,0,1061
01/22/2004,SLC,UT,ANM,WE,Combined TRACON& Tower with Radar,356,556,80,9,1001,0,38,60,3,101,356,594,140,12,1102,34,4,38,1140
01/23/2004,SLC,UT,ANM,WE,Combined TRACON& Tower with Radar,350,545,79,9,983,0,25,50,4,79,350,570,129,13,1062,38,0,38,1100
01/24/2004,SLC,UT,ANM,WE,Combined TRACON& Tower with Radar,327,482,49,7,865,18,13,0,0,31,345,495,49,7,896,0,0,0,896
01/25/2004,SLC,UT,ANM,WE,Combined TRACON& Tower with Radar,322,475,56,4,857,5,50,0,0,55,327,525,56,4,912,0,0,0,912
01/26/2004,SLC,UT,ANM,WE,Combined TRACON& Tower with Radar,342,518,75,7,942,0,50,116,0,166,342,568,191,7,1108,44,0,44,1152
01/27/2004,SLC,UT,ANM,WE,Combined TRACON& Tower with Radar,350,530,76,9,965,0,56,101,5,162,350,586,177,14,1127,68,0,68,1195
01/28/2004,SLC,UT,ANM,WE,Combined TRACON& Tower with Radar,355,531,77,9,972,0,52,131,8,191,355,583,208,17,1163,44,2,46,1209
01/29/2004,SLC,UT,ANM,WE,Combined TRACON& Tower with Radar,364,544,78,8,994,0,34,142,9,185,364,578,220,17,1179,38,0,38,1217
01/30/2004,SLC,UT,ANM,WE,Combined TRACON& Tower with Radar,360,547,79,8,994,0,24,106,0,130,360,571,185,8,1124,34,0,34,1158
01/31/2004,SLC,UT,ANM,WE,Combined TRACON& Tower with Radar,322,475,68,5,870,13,39,158,0,210,335,514,226,5,1080,66,0,66,1146
02/01/2004,SLC,UT,ANM,WE,Combined TRACON& Tower with Radar,323,500,70,1,894,9,19,115,0,143,332,519,185,1,1037,72,0,72,1109
02/02/2004,SLC,UT,ANM,WE,Combined TRACON& Tower with Radar,328,528,74,5,935,0,42,95,3,140,328,570,169,8,1075,76,0,76,1151
02/03/2004,SLC,UT,ANM,WE,Combined TRACON& Tower with Radar,354,556,68,6,984,0,26,0,0,26,354,582,68,6,1010,0,0,0,1010
02/04/2004,SLC,UT,ANM,WE,Combined TRACON& Tower with Radar,358,555,58,6,977,0,20,0,1,21,358,575,58,7,998,0,0,0,998
02/05/2004,SLC,UT,ANM,WE,Combined TRACON& Tower with Radar,365,582,81,6,1034,0,14,79,8,101,365,596,160,14,1135,80,0,80,1215
02/06/2004,SLC,UT,ANM,WE,Combined TRACON& Tower with Radar,356,559,78,6,999,0,39,203,9,251,356,598,281,15,1250,36,0,36,1286
02/07/2004,SLC,UT,ANM,WE,Combined TRACON& Tower with Radar,308,476,56,4,844,32,26,0,0,58,340,502,56,4,902,12,0,12,914
02/08/2004,SLC,UT,ANM,WE,Combined TRACON& Tower with Radar,322,493,69,3,887,11,0,24,0,35,333,493,93,3,922,30,0,30,952
02/09/2004,SLC,UT,ANM,WE,Combined TRACON& Tower with Radar,343,530,74,5,952,9,6,21,7,43,352,536,95,12,995,28,0,28,1023
02/10/2004,SLC,UT,ANM,WE,Combined TRACON& Tower with Radar,358,556,76,7,997,0,35,125,3,163,358,591,201,10,1160,50,0,50,1210
02/11/2004,SLC,UT,ANM,WE,Combined TRACON& Tower with Radar,360,561,77,7,1005,0,42,129,8,179,360,603,206,15,1184,42,0,42,1226
02/12/2004,SLC,UT,ANM,WE,Combined TRACON& Tower with Radar,363,589,81,7,1040,0,85,227,9,321,363,674,308,16,1361,18,0,18,1379
02/13/2004,SLC,UT,ANM,WE,Combined TRACON& Tower with Radar,355,592,81,7,1035,0,53,227,3,283,355,645,308,10,1318,56,0,56,1374
02/14/2004,SLC,UT,ANM,WE,Combined TRACON& Tower with Radar,334,515,71,2,922,9,24,132,0,165,343,539,203,2,1087,46,0,46,1133
02/15/2004,SLC,UT,ANM,WE,Combined TRACON& Tower with Radar,337,521,72,3,933,0,46,75,0,121,337,567,147,3,1054,12,0,12,1066
02/16/2004,SLC,UT,ANM,WE,Combined TRACON& Tower with Radar,345,570,78,4,997,0,10,159,0,169,345,580,237,4,1166,24,0,24,1190
02/17/2004,SLC,UT,ANM,WE,Combined TRACON& Tower with Radar,358,551,76,7,992,3,50,113,8,174,361,601,189,15,1166,16,0,16,1182
02/18/2004,SLC,UT,ANM,WE,Combined TRACON& Tower with Radar,362,561,77,7,1007,0,34,203,4,241,362,595,280,11,1248,90,0,90,1338
02/19/2004,SLC,UT,ANM,WE,Combined TRACON& Tower with Radar,364,576,79,7,1026,0,10,26,6,42,364,586,105,13,1068,12,0,12,1080
02/20/2004,SLC,UT,ANM,WE,Combined TRACON& Tower with Radar,366,587,81,7,1041,0,25,240,17,282,366,612,321,24,1323,40,4,44,1367
02/21/2004,SLC,UT,ANM,WE,Combined TRACON& Tower with Radar,337,519,71,5,932,9,9,3,0,21,346,528,74,5,953,18,0,18,971
02/22/2004,SLC,UT,ANM,WE,Combined TRACON& Tower with Radar,320,494,56,4,874,11,9,0,0,20,331,503,56,4,894,0,0,0,894
02/23/2004,SLC,UT,ANM,WE,Combined TRACON& Tower with Radar,357,550,76,7,990,3,4,13,3,23,360,554,89,10,1013,0,0,0,1013
02/24/2004,SLC,UT,ANM,WE,Combined TRACON& Tower with Radar,361,557,77,7,1002,0,0,34,6,40,361,557,111,13,1042,36,0,36,1078
02/25/2004,SLC,UT,ANM,WE,Combined TRACON& Tower with Radar,363,565,78,6,1012,0,27,178,0,205,363,592,256,6,1217,30,0,30,1247
02/26/2004,SLC,UT,ANM,WE,Combined TRACON& Tower with Radar,349,548,75,7,979,0,20,6,4,30,349,568,81,11,1009,4,0,4,1013
02/27/2004,SLC,UT,ANM,WE,Combined TRACON& Tower with Radar,339,524,72,1,936,7,41,42,0,90,346,565,114,1,1026,82,0,82,1108
02/28/2004,SLC,UT,ANM,WE,Combined TRACON& Tower with Radar,305,461,37,5,808,33,0,0,4,37,338,461,37,9,845,0,0,0,845
02/29/2004,SLC,UT,ANM,WE,Combined TRACON& Tower with Radar,329,507,60,3,899,16,8,0,0,24,345,515,60,3,923,10,0,10,933
03/01/2004,SLC,UT,ANM,WE,Combined TRACON& Tower with Radar,340,531,80,6,957,2,45,165,7,219,342,576,245,13,1176,12,0,12,1188
03/02/2004,SLC,UT,ANM,WE,Combined TRACON& Tower with Radar,360,561,84,7,1012,4,20,124,18,166,364,581,208,25,1178,64,0,64,1242
03/03/2004,SLC,UT,ANM,WE,Combined TRACON& Tower with Radar,366,594,89,7,1056,0,52,163,9,224,366,646,252,16,1280,20,0,20,1300
03/04/2004,SLC,UT,ANM,WE,Combined TRACON& Tower with Radar,359,581,87,7,1034,0,25,54,7,86,359,606,141,14,1120,76,0,76,1196
03/05/2004,SLC,UT,ANM,WE,Combined TRACON& Tower with Radar,357,596,90,7,1050,0,31,130,5,166,357,627,220,12,1216,20,0,20,1236
03/06/2004,SLC,UT,ANM,WE,Combined TRACON& Tower with Radar,319,499,75,3,896,13,54,73,0,140,332,553,148,3,1036,14,0,14,1050
03/07/2004,SLC,UT,ANM,WE,Combined TRACON& Tower with Radar,334,521,78,5,938,8,23,214,0,245,342,544,292,5,1183,20,0,20,1203
03/08/2004,SLC,UT,ANM,WE,Combined TRACON& Tower with Radar,341,531,80,6,958,6,37,220,3,266,347,568,300,9,1224,34,0,34,1258
03/09/2004,SLC,UT,ANM,WE,Combined TRACON& Tower with Radar,364,568,85,7,1024,0,51,226,15,292,364,619,311,22,1316,26,0,26,1342
03/10/2004,SLC,UT,ANM,WE,Combined TRACON& Tower with Radar,365,569,85,8,1027,10,50,189,9,258,375,619,274,17,1285,22,0,22,1307
03/11/2004,SLC,UT,ANM,WE,Combined TRACON& Tower with Radar,360,568,85,8,1021,0,48,258,9,315,360,616,343,17,1336,92,0,92,1428
03/12/2004,SLC,UT,ANM,WE,Combined TRACON& Tower with Radar,360,590,88,8,1046,0,31,239,6,276,360,621,327,14,1322,76,0,76,1398
03/13/2004,SLC,UT,ANM,WE,Combined TRACON& Tower with Radar,332,515,77,7,931,2,67,172,3,244,334,582,249,10,1175,12,0,12,1187
03/14/2004,SLC,UT,ANM,WE,Combined TRACON& Tower with Radar,340,536,80,3,959,0,19,129,0,148,340,555,209,3,1107,18,0,18,1125
03/15/2004,SLC,UT,ANM,WE,Combined TRACON& Tower with Radar,346,537,80,7,970,6,49,145,7,207,352,586,225,14,1177,30,0,30,1207
03/16/2004,SLC,UT,ANM,WE,Combined TRACON& Tower with Radar,362,562,84,8,1016,3,43,203,7,256,365,605,287,15,1272,28,0,28,1300
03/17/2004,SLC,UT,ANM,WE,Combined TRACON& Tower with Radar,361,566,84,8,1019,0,48,229,13,290,361,614,313,21,1309,52,0,52,1361
03/18/2004,SLC,UT,ANM,WE,Combined TRACON& Tower with Radar,364,591,88,8,1051,0,32,231,11,274,364,623,319,19,1325,96,0,96,1421
03/19/2004,SLC,UT,ANM,WE,Combined TRACON& Tower with Radar,366,580,86,8,1040,0,32,212,9,253,366,612,298,17,1293,42,0,42,1335
03/20/2004,SLC,UT,ANM,WE,Combined TRACON& Tower with Radar,330,513,76,5,924,3,57,177,0,237,333,570,253,5,1161,62,0,62,1223
03/21/2004,SLC,UT,ANM,WE,Combined TRACON& Tower with Radar,315,490,73,6,884,19,21,111,0,151,334,511,184,6,1035,6,0,6,1041
03/22/2004,SLC,UT,ANM,WE,Combined TRACON& Tower with Radar,344,535,80,7,966,3,22,184,11,220,347,557,264,18,1186,14,0,14,1200
03/23/2004,SLC,UT,ANM,WE,Combined TRACON& Tower with Radar,350,545,81,8,984,15,47,141,10,213,365,592,222,18,1197,28,0,28,1225
03/24/2004,SLC,UT,ANM,WE,Combined TRACON& Tower with Radar,363,564,84,8,1019,0,47,153,6,206,363,611,237,14,1225,12,0,12,1237
03/25/2004,SLC,UT,ANM,WE,Combined TRACON& Tower with Radar,364,566,84,8,1022,6,58,197,6,267,370,624,281,14,1289,18,0,18,1307
03/26/2004,SLC,UT,ANM,WE,Combined TRACON& Tower with Radar,363,577,86,8,1034,0,24,40,4,68,363,601,126,12,1102,24,0,24,1126
03/27/2004,SLC,UT,ANM,WE,Combined TRACON& Tower with Radar,325,504,75,3,907,10,36,13,0,59,335,540,88,3,966,12,0,12,978
03/28/2004,SLC,UT,ANM,WE,Combined TRACON& Tower with Radar,336,525,79,7,947,0,13,171,0,184,336,538,250,7,1131,42,0,42,1173
03/29/2004,SLC,UT,ANM,WE,Combined TRACON& Tower with Radar,341,530,78,6,955,11,24,193,3,231,352,554,271,9,1186,32,0,32,1218
03/30/2004,SLC,UT,ANM,WE,Combined TRACON& Tower with Radar,359,561,83,7,1010,0,39,181,12,232,359,600,264,19,1242,34,0,34,1276
03/31/2004,SLC,UT,ANM,WE,Combined TRACON& Tower with Radar,362,562,83,7,1014,3,26,137,8,174,365,588,220,15,1188,66,0,66,1254
04/01/2004,SLC,UT,ANM,WE,Combined TRACON& Tower with Radar,361,571,64,8,1004,0,11,83,4,98,361,582,147,12,1102,23,0,23,1125
04/02/2004,SLC,UT,ANM,WE,Combined TRACON& Tower with Radar,368,563,64,7,1002,4,47,144,2,197,372,610,208,9,1199,54,0,54,1253
04/03/2004,SLC,UT,ANM,WE,Combined TRACON& Tower with Radar,321,491,55,2,869,9,33,113,0,155,330,524,168,2,1024,0,0,0,1024
04/04/2004,SLC,UT,ANM,WE,Combined TRACON& Tower with Radar,305,468,53,6,832,3,12,148,2,165,308,480,201,8,997,40,0,40,1037
04/05/2004,SLC,UT,ANM,WE,Combined TRACON& Tower with Radar,350,535,60,7,952,0,27,161,8,196,350,562,221,15,1148,30,0,30,1178
04/06/2004,SLC,UT,ANM,WE,Combined TRACON& Tower with Radar,355,562,62,8,987,0,23,176,19,218,355,585,238,27,1205,25,0,25,1230
04/07/2004,SLC,UT,ANM,WE,Combined TRACON& Tower with Radar,361,559,62,7,989,0,32,73,0,105,361,591,135,7,1094,28,0,28,1122
04/08/2004,SLC,UT,ANM,WE,Combined TRACON& Tower with Radar,342,546,61,8,957,0,8,78,9,95,342,554,139,17,1052,0,0,0,1052
04/09/2004,SLC,UT,ANM,WE,Combined TRACON& Tower with Radar,336,531,59,8,934,0,25,170,3,198,336,556,229,11,1132,64,0,64,1196
04/10/2004,SLC,UT,ANM,WE,Combined TRACON& Tower with Radar,302,463,51,6,822,2,42,42,0,86,304,505,93,6,908,0,0,0,908
04/11/2004,SLC,UT,ANM,WE,Combined TRACON& Tower with Radar,322,490,54,7,873,3,18,130,14,165,325,508,184,21,1038,26,0,26,1064
04/12/2004,SLC,UT,ANM,WE,Combined TRACON& Tower with Radar,340,525,58,8,931,0,20,194,2,216,340,545,252,10,1147,22,0,22,1169
04/13/2004,SLC,UT,ANM,WE,Combined TRACON& Tower with Radar,359,547,61,8,975,6,36,154,7,203,365,583,215,15,1178,28,0,28,1206
04/14/2004,SLC,UT,ANM,WE,Combined TRACON& Tower with Radar,373,568,63,8,1012,1,12,182,11,206,374,580,245,19,1218,10,4,14,1232
04/15/2004,SLC,UT,ANM,WE,Combined TRACON& Tower with Radar,365,557,62,8,992,6,32,101,4,143,371,589,163,12,1135,2,0,2,1137
04/16/2004,SLC,UT,ANM,WE,Combined TRACON& Tower with Radar,338,515,57,8,918,4,27,153,3,187,342,542,210,11,1105,40,0,40,1145
04/17/2004,SLC,UT,ANM,WE,Combined TRACON& Tower with Radar,312,475,53,7,847,17,38,33,8,96,329,513,86,15,943,16,0,16,959
04/18/2004,SLC,UT,ANM,WE,Combined TRACON& Tower with Radar,318,484,54,7,863,0,26,26,1,53,318,510,80,8,916,8,0,8,924
04/19/2004,SLC,UT,ANM,WE,Combined TRACON& Tower with Radar,333,510,56,8,907,0,18,89,8,115,333,528,145,16,1022,0,0,0,1022
04/20/2004,SLC,UT,ANM,WE,Combined TRACON& Tower with Radar,357,544,61,8,970,2,32,78,6,118,359,576,139,14,1088,42,0,42,1130
04/21/2004,SLC,UT,ANM,WE,Combined TRACON& Tower with Radar,358,545,61,8,972,4,17,48,5,74,362,562,109,13,1046,12,0,12,1058
04/22/2004,SLC,UT,ANM,WE,Combined TRACON& Tower with Radar,360,550,61,8,979,0,33,44,5,82,360,583,105,13,1061,0,0,0,1061
04/23/2004,SLC,UT,ANM,WE,Combined TRACON& Tower with Radar,360,549,61,7,977,4,32,158,0,194,364,581,219,7,1171,14,0,14,1185
04/24/2004,SLC,UT,ANM,WE,Combined TRACON& Tower with Radar,312,475,53,5,845,4,66,217,0,287,316,541,270,5,1132,12,0,12,1144
04/25/2004,SLC,UT,ANM,WE,Combined TRACON& Tower with Radar,317,490,54,5,866,0,52,175,0,227,317,542,229,5,1093,6,0,6,1099
04/26/2004,SLC,UT,ANM,WE,Combined TRACON& Tower with Radar,335,511,56,7,909,8,15,169,4,196,343,526,225,11,1105,2,0,2,1107
04/27/2004,SLC,UT,ANM,WE,Combined TRACON& Tower with Radar,361,552,61,7,981,0,9,210,16,235,361,561,271,23,1216,58,0,58,1274
04/28/2004,SLC,UT,ANM,WE,Combined TRACON& Tower with Radar,349,532,59,6,946,9,17,23,0,49,358,549,82,6,995,12,0,12,1007
04/29/2004,SLC,UT,ANM,WE,Combined TRACON& Tower with Radar,358,571,63,8,1000,0,33,67,8,108,358,604,130,16,1108,14,0,14,1122
04/30/2004,SLC,UT,ANM,WE,Combined TRACON& Tower with Radar,361,556,62,7,986,0,31,190,6,227,361,587,252,13,1213,8,0,8,1221
05/01/2004,SLC,UT,ANM,WE,Combined TRACON& Tower with Radar,315,503,51,5,874,0,35,207,1,243,315,538,258,6,1117,20,0,20,1137
05/02/2004,SLC,UT,ANM,WE,Combined TRACON& Tower with Radar,312,497,50,5,864,5,31,116,2,154,317,528,166,7,1018,36,0,36,1054
05/03/2004,SLC,UT,ANM,WE,Combined TRACON& Tower with Radar,334,539,55,5,933,0,28,197,10,235,334,567,252,15,1168,8,0,8,1176
05/04/2004,SLC,UT,ANM,WE,Combined TRACON& Tower with Radar,345,548,56,5,954,14,26,177,9,226,359,574,233,14,1180,40,0,40,1220
05/05/2004,SLC,UT,ANM,WE,Combined TRACON& Tower with Radar,361,574,59,5,999,3,32,224,8,267,364,606,283,13,1266,32,0,32,1298
05/06/2004,SLC,UT,ANM,WE,Combined TRACON& Tower with Radar,362,579,59,5,1005,0,38,162,23,223,362,617,221,28,1228,14,0,14,1242
05/07/2004,SLC,UT,ANM,WE,Combined TRACON& Tower with Radar,352,559,57,5,973,3,33,169,10,215,355,592,226,15,1188,46,0,46,1234
05/08/2004,SLC,UT,ANM,WE,Combined TRACON& Tower with Radar,307,490,50,5,852,16,29,135,2,182,323,519,185,7,1034,32,0,32,1066
05/09/2004,SLC,UT,ANM,WE,Combined TRACON& Tower with Radar,307,488,50,5,850,5,26,126,3,160,312,514,176,8,1010,36,0,36,1046
05/10/2004,SLC,UT,ANM,WE,Combined TRACON& Tower with Radar,325,514,52,5,896,12,0,69,4,85,337,514,121,9,981,16,0,16,997
05/11/2004,SLC,UT,ANM,WE,Combined TRACON& Tower with Radar,365,585,59,6,1015,0,27,55,13,95,365,612,114,19,1110,0,0,0,1110
05/12/2004,SLC,UT,ANM,WE,Combined TRACON& Tower with Radar,355,564,58,5,982,3,25,75,2,105,358,589,133,7,1087,32,0,32,1119
05/13/2004,SLC,UT,ANM,WE,Combined TRACON& Tower with Radar,347,576,58,6,987,0,31,245,10,286,347,607,303,16,1273,24,0,24,1297
05/14/2004,SLC,UT,ANM,WE,Combined TRACON& Tower with Radar,357,583,59,6,1005,0,35,258,14,307,357,618,317,20,1312,50,0,50,1362
05/15/2004,SLC,UT,ANM,WE,Combined TRACON& Tower with Radar,320,505,50,6,881,6,23,172,1,202,326,528,222,7,1083,2,0,2,1085
05/16/2004,SLC,UT,ANM,WE,Combined TRACON& Tower with Radar,313,512,51,6,882,0,28,132,9,169,313,540,183,15,1051,0,0,0,1051
05/17/2004,SLC,UT,ANM,WE,Combined TRACON& Tower with Radar,334,529,53,6,922,3,31,154,16,204,337,560,207,22,1126,22,0,22,1148
05/18/2004,SLC,UT,ANM,WE,Combined TRACON& Tower with Radar,355,562,57,6,980,7,17,74,7,105,362,579,131,13,1085,22,0,22,1107
05/19/2004,SLC,UT,ANM,WE,Combined TRACON& Tower with Radar,356,568,57,6,987,0,36,195,17,248,356,604,252,23,1235,4,0,4,1239
05/20/2004,SLC,UT,ANM,WE,Combined TRACON& Tower with Radar,357,564,56,6,983,1,45,162,12,220,358,609,218,18,1203,14,0,14,1217
05/21/2004,SLC,UT,ANM,WE,Combined TRACON& Tower with Radar,352,556,56,6,970,4,32,178,1,215,356,588,234,7,1185,22,0,22,1207
05/22/2004,SLC,UT,ANM,WE,Combined TRACON& Tower with Radar,312,494,49,6,861,7,47,126,2,182,319,541,175,8,1043,18,0,18,1061
05/23/2004,SLC,UT,ANM,WE,Combined TRACON& Tower with Radar,300,475,48,5,828,11,23,20,1,55,311,498,68,6,883,0,0,0,883
05/24/2004,SLC,UT,ANM,WE,Combined TRACON& Tower with Radar,335,551,55,6,947,0,34,186,5,225,335,585,241,11,1172,8,0,8,1180
05/25/2004,SLC,UT,ANM,WE,Combined TRACON& Tower with Radar,352,564,56,6,978,0,49,135,2,186,352,613,191,8,1164,0,0,0,1164
05/26/2004,SLC,UT,ANM,WE,Combined TRACON& Tower with Radar,331,543,54,6,934,0,40,232,16,288,331,583,286,22,1222,52,8,60,1282
05/27/2004,SLC,UT,ANM,WE,Combined TRACON& Tower with Radar,356,582,59,6,1003,0,39,199,9,247,356,621,258,15,1250,64,0,64,1314
05/28/2004,SLC,UT,ANM,WE,Combined TRACON& Tower with Radar,350,554,55,6,965,5,21,67,3,96,355,575,122,9,1061,0,0,0,1061
05/29/2004,SLC,UT,ANM,WE,Combined TRACON& Tower with Radar,324,514,51,0,889,0,50,21,0,71,324,564,72,0,960,6,0,6,966
05/30/2004,SLC,UT,ANM,WE,Combined TRACON& Tower with Radar,294,467,46,4,811,0,37,71,0,108,294,504,117,4,919,34,0,34,953
05/31/2004,SLC,UT,ANM,WE,Combined TRACON& Tower with Radar,306,493,49,5,853,0,29,178,2,209,306,522,227,7,1062,0,0,0,1062
06/01/2004,SLC,UT,ANM,WE,Combined TRACON& Tower with Radar,345,515,53,5,918,3,31,169,7,210,348,546,222,12,1128,0,0,0,1128
06/02/2004,SLC,UT,ANM,WE,Combined TRACON& Tower with Radar,369,551,56,6,982,5,13,213,4,235,374,564,269,10,1217,0,0,0,1217
06/03/2004,SLC,UT,ANM,WE,Combined TRACON& Tower with Radar,379,567,57,6,1009,0,17,198,6,221,379,584,255,12,1230,4,1,5,1235
06/04/2004,SLC,UT,ANM,WE,Combined TRACON& Tower with Radar,372,556,56,2,986,7,14,185,0,206,379,570,241,2,1192,0,0,0,1192
06/05/2004,SLC,UT,ANM,WE,Combined TRACON& Tower with Radar,338,505,52,2,897,8,24,187,0,219,346,529,239,2,1116,0,0,0,1116
06/06/2004,SLC,UT,ANM,WE,Combined TRACON& Tower with Radar,328,490,50,2,870,8,10,137,0,155,336,500,187,2,1025,0,0,0,1025
06/07/2004,SLC,UT,ANM,WE,Combined TRACON& Tower with Radar,356,542,54,2,954,0,29,170,0,199,356,571,224,2,1153,0,0,0,1153
06/08/2004,SLC,UT,ANM,WE,Combined TRACON& Tower with Radar,377,565,56,7,1005,0,14,196,2,212,377,579,252,9,1217,0,0,0,1217
06/09/2004,SLC,UT,ANM,WE,Combined TRACON& Tower with Radar,367,564,56,7,994,0,27,115,5,147,367,591,171,12,1141,0,0,0,1141
06/10/2004,SLC,UT,ANM,WE,Combined TRACON& Tower with Radar,370,535,55,7,967,9,0,71,6,86,379,535,126,13,1053,0,0,0,1053
06/11/2004,SLC,UT,ANM,WE,Combined TRACON& Tower with Radar,388,604,60,7,1059,0,19,223,2,244,388,623,283,9,1303,0,0,0,1303
06/12/2004,SLC,UT,ANM,WE,Combined TRACON& Tower with Radar,340,508,51,6,905,13,22,106,1,142,353,530,157,7,1047,0,0,0,1047
06/13/2004,SLC,UT,ANM,WE,Combined TRACON& Tower with Radar,336,503,50,6,895,6,5,128,0,139,342,508,178,6,1034,0,0,0,1034
06/14/2004,SLC,UT,ANM,WE,Combined TRACON& Tower with Radar,358,545,54,5,962,0,15,190,0,205,358,560,244,5,1167,0,0,0,1167
06/15/2004,SLC,UT,ANM,WE,Combined TRACON& Tower with Radar,377,560,56,7,1000,1,18,192,2,213,378,578,248,9,1213,0,0,0,1213
06/16/2004,SLC,UT,ANM,WE,Combined TRACON& Tower with Radar,381,566,56,5,1008,2,16,216,0,234,383,582,272,5,1242,0,0,0,1242
06/17/2004,SLC,UT,ANM,WE,Combined TRACON& Tower with Radar,382,579,58,5,1024,0,12,161,0,173,382,591,219,5,1197,0,0,0,1197
06/18/2004,SLC,UT,ANM,WE,Combined TRACON& Tower with Radar,364,531,54,6,955,7,0,191,0,198,371,531,245,6,1153,0,0,0,1153
06/19/2004,SLC,UT,ANM,WE,Combined TRACON& Tower with Radar,366,545,54,3,968,8,11,165,0,184,374,556,219,3,1152,0,0,0,1152
06/20/2004,SLC,UT,ANM,WE,Combined TRACON& Tower with Radar,340,505,51,3,899,1,20,113,0,134,341,525,164,3,1033,0,0,0,1033
06/21/2004,SLC,UT,ANM,WE,Combined TRACON& Tower with Radar,356,547,54,6,963,0,13,180,2,195,356,560,234,8,1158,0,0,0,1158
06/22/2004,SLC,UT,ANM,WE,Combined TRACON& Tower with Radar,375,564,56,6,1001,0,22,271,5,298,375,586,327,11,1299,0,0,0,1299
06/23/2004,SLC,UT,ANM,WE,Combined TRACON& Tower with Radar,383,587,58,6,1034,0,4,272,3,279,383,591,330,9,1313,0,0,0,1313
06/24/2004,SLC,UT,ANM,WE,Combined TRACON& Tower with Radar,376,560,56,6,998,3,11,239,7,260,379,571,295,13,1258,0,0,0,1258
06/25/2004,SLC,UT,ANM,WE,Combined TRACON& Tower with Radar,382,569,57,6,1014,0,9,170,9,188,382,578,227,15,1202,0,0,0,1202
06/26/2004,SLC,UT,ANM,WE,Combined TRACON& Tower with Radar,349,518,52,5,924,5,21,244,1,271,354,539,296,6,1195,0,0,0,1195
06/27/2004,SLC,UT,ANM,WE,Combined TRACON& Tower with Radar,306,456,45,5,812,13,5,96,0,114,319,461,141,5,926,0,0,0,926
06/28/2004,SLC,UT,ANM,WE,Combined TRACON& Tower with Radar,384,582,58,6,1030,0,26,159,0,185,384,608,217,6,1215,0,0,0,1215
06/29/2004,SLC,UT,ANM,WE,Combined TRACON& Tower with Radar,386,572,58,6,1022,1,0,152,7,160,387,572,210,13,1182,0,0,0,1182
06/30/2004,SLC,UT,ANM,WE,Combined TRACON& Tower with Radar,376,571,57,6,1010,0,17,228,5,250,376,588,285,11,1260,0,0,0,1260
07/01/2004,SLC,UT,ANM,WE,Combined TRACON& Tower with Radar,388,597,58,1,1044,0,22,240,0,262,388,619,298,1,1306,0,0,0,1306
07/02/2004,SLC,UT,ANM,WE,Combined TRACON& Tower with Radar,381,577,57,4,1019,0,0,251,0,251,381,577,308,4,1270,0,0,0,1270
07/03/2004,SLC,UT,ANM,WE,Combined TRACON& Tower with Radar,332,501,49,2,884,2,41,101,0,144,334,542,150,2,1028,0,0,0,1028
07/04/2004,SLC,UT,ANM,WE,Combined TRACON& Tower with Radar,314,474,46,3,837,6,24,39,0,69,320,498,85,3,906,0,0,0,906
07/05/2004,SLC,UT,ANM,WE,Combined TRACON& Tower with Radar,333,522,50,3,908,0,18,179,0,197,333,540,229,3,1105,0,0,0,1105
07/06/2004,SLC,UT,ANM,WE,Combined TRACON& Tower with Radar,358,546,52,5,961,0,21,206,4,231,358,567,258,9,1192,0,0,0,1192
07/07/2004,SLC,UT,ANM,WE,Combined TRACON& Tower with Radar,376,567,54,5,1002,0,14,174,6,194,376,581,228,11,1196,0,0,0,1196
07/08/2004,SLC,UT,ANM,WE,Combined TRACON& Tower with Radar,384,578,56,5,1023,1,20,210,3,234,385,598,266,8,1257,0,0,0,1257
07/09/2004,SLC,UT,ANM,WE,Combined TRACON& Tower with Radar,369,553,53,5,980,13,3,188,0,204,382,556,241,5,1184,0,0,0,1184
07/10/2004,SLC,UT,ANM,WE,Combined TRACON& Tower with Radar,337,510,48,4,899,0,21,178,0,199,337,531,226,4,1098,0,0,0,1098
07/11/2004,SLC,UT,ANM,WE,Combined TRACON& Tower with Radar,337,511,49,1,898,0,21,120,0,141,337,532,169,1,1039,0,0,0,1039
07/12/2004,SLC,UT,ANM,WE,Combined TRACON& Tower with Radar,352,563,54,5,974,0,15,239,1,255,352,578,293,6,1229,0,0,0,1229
07/13/2004,SLC,UT,ANM,WE,Combined TRACON& Tower with Radar,375,562,54,5,996,0,11,210,1,222,375,573,264,6,1218,0,0,0,1218
07/14/2004,SLC,UT,ANM,WE,Combined TRACON& Tower with Radar,372,557,53,5,987,4,0,231,7,242,376,557,284,12,1229,0,0,0,1229
07/15/2004,SLC,UT,ANM,WE,Combined TRACON& Tower with Radar,389,579,56,5,1029,8,0,203,6,217,397,579,259,11,1246,0,0,0,1246
07/16/2004,SLC,UT,ANM,WE,Combined TRACON& Tower with Radar,373,560,54,5,992,0,32,157,0,189,373,592,211,5,1181,0,0,0,1181
07/17/2004,SLC,UT,ANM,WE,Combined TRACON& Tower with Radar,327,491,47,5,870,1,9,186,2,198,328,500,233,7,1068,0,0,0,1068
07/18/2004,SLC,UT,ANM,WE,Combined TRACON& Tower with Radar,343,524,50,3,920,0,31,95,0,126,343,555,145,3,1046,0,0,0,1046
07/19/2004,SLC,UT,ANM,WE,Combined TRACON& Tower with Radar,365,549,52,4,970,0,13,187,0,200,365,562,239,4,1170,0,0,0,1170
07/20/2004,SLC,UT,ANM,WE,Combined TRACON& Tower with Radar,375,563,54,5,997,3,12,200,6,221,378,575,254,11,1218,0,0,0,1218
07/21/2004,SLC,UT,ANM,WE,Combined TRACON& Tower with Radar,375,569,54,5,1003,0,9,204,3,216,375,578,258,8,1219,0,0,0,1219
07/22/2004,SLC,UT,ANM,WE,Combined TRACON& Tower with Radar,372,556,53,5,986,3,0,256,1,260,375,556,309,6,1246,0,0,0,1246
07/23/2004,SLC,UT,ANM,WE,Combined TRACON& Tower with Radar,385,577,56,5,1023,4,11,220,4,239,389,588,276,9,1262,0,0,0,1262
07/24/2004,SLC,UT,ANM,WE,Combined TRACON& Tower with Radar,337,505,48,4,894,4,28,160,2,194,341,533,208,6,1088,0,0,0,1088
07/25/2004,SLC,UT,ANM,WE,Combined TRACON& Tower with Radar,326,494,47,4,871,0,21,97,1,119,326,515,144,5,990,0,0,0,990
07/26/2004,SLC,UT,ANM,WE,Combined TRACON& Tower with Radar,357,536,51,4,948,5,19,166,5,195,362,555,217,9,1143,0,0,0,1143
07/27/2004,SLC,UT,ANM,WE,Combined TRACON& Tower with Radar,374,561,54,4,993,3,13,194,6,216,377,574,248,10,1209,0,0,0,1209
07/28/2004,SLC,UT,ANM,WE,Combined TRACON& Tower with Radar,380,571,55,4,1010,0,9,217,3,229,380,580,272,7,1239,0,0,0,1239
07/29/2004,SLC,UT,ANM,WE,Combined TRACON& Tower with Radar,381,564,55,4,1004,15,0,246,6,267,396,564,301,10,1271,0,0,0,1271
07/30/2004,SLC,UT,ANM,WE,Combined TRACON& Tower with Radar,374,562,54,4,994,7,3,236,6,252,381,565,290,10,1246,0,0,0,1246
07/31/2004,SLC,UT,ANM,WE,Combined TRACON& Tower with Radar,335,503,48,0,886,0,15,171,0,186,335,518,219,0,1072,0,0,0,1072
08/01/2004,SLC,UT,ANM,WE,Combined TRACON& Tower with Radar,335,508,55,3,901,0,8,103,0,111,335,516,158,3,1012,0,0,0,1012
08/02/2004,SLC,UT,ANM,WE,Combined TRACON& Tower with Radar,362,542,59,5,968,1,0,139,1,141,363,542,198,6,1109,0,0,0,1109
08/03/2004,SLC,UT,ANM,WE,Combined TRACON& Tower with Radar,383,576,63,5,1027,0,17,166,4,187,383,593,229,9,1214,0,0,0,1214
08/04/2004,SLC,UT,ANM,WE,Combined TRACON& Tower with Radar,384,576,63,5,1028,0,8,198,2,208,384,584,261,7,1236,0,0,0,1236
08/05/2004,SLC,UT,ANM,WE,Combined TRACON& Tower with Radar,381,571,63,5,1020,2,13,184,2,201,383,584,247,7,1221,0,0,0,1221
08/06/2004,SLC,UT,ANM,WE,Combined TRACON& Tower with Radar,376,565,62,5,1008,7,20,145,2,174,383,585,207,7,1182,0,0,0,1182
08/07/2004,SLC,UT,ANM,WE,Combined TRACON& Tower with Radar,343,520,57,5,925,0,21,211,1,233,343,541,268,6,1158,0,0,0,1158
08/08/2004,SLC,UT,ANM,WE,Combined TRACON& Tower with Radar,335,517,57,3,912,0,0,150,0,150,335,517,207,3,1062,0,0,0,1062
08/09/2004,SLC,UT,ANM,WE,Combined TRACON& Tower with Radar,357,537,59,5,958,3,11,204,0,218,360,548,263,5,1176,0,0,0,1176
08/10/2004,SLC,UT,ANM,WE,Combined TRACON& Tower with Radar,382,570,62,5,1019,5,0,249,9,263,387,570,311,14,1282,0,0,0,1282
08/11/2004,SLC,UT,ANM,WE,Combined TRACON& Tower with Radar,376,565,62,5,1008,0,14,211,9,234,376,579,273,14,1242,0,0,0,1242
08/12/2004,SLC,UT,ANM,WE,Combined TRACON& Tower with Radar,381,581,62,6,1030,0,10,243,15,268,381,591,305,21,1298,0,0,0,1298
08/13/2004,SLC,UT,ANM,WE,Combined TRACON& Tower with Radar,383,571,61,4,1019,0,17,198,0,215,383,588,259,4,1234,0,0,0,1234
08/14/2004,SLC,UT,ANM,WE,Combined TRACON& Tower with Radar,333,499,54,0,886,0,20,135,0,155,333,519,189,0,1041,0,0,0,1041
08/15/2004,SLC,UT,ANM,WE,Combined TRACON& Tower with Radar,331,496,53,3,883,0,26,92,0,118,331,522,145,3,1001,0,0,0,1001
08/16/2004,SLC,UT,ANM,WE,Combined TRACON& Tower with Radar,364,559,60,6,989,0,28,114,1,143,364,587,174,7,1132,0,0,0,1132
08/17/2004,SLC,UT,ANM,WE,Combined TRACON& Tower with Radar,371,570,61,6,1008,0,29,109,1,139,371,599,170,7,1147,0,0,0,1147
08/18/2004,SLC,UT,ANM,WE,Combined TRACON& Tower with Radar,376,561,61,6,1004,2,5,129,4,140,378,566,190,10,1144,0,0,0,1144
08/19/2004,SLC,UT,ANM,WE,Combined TRACON& Tower with Radar,377,561,61,6,1005,5,0,206,2,213,382,561,267,8,1218,0,0,0,1218
08/20/2004,SLC,UT,ANM,WE,Combined TRACON& Tower with Radar,369,550,59,4,982,12,15,181,0,208,381,565,240,4,1190,0,0,0,1190
08/21/2004,SLC,UT,ANM,WE,Combined TRACON& Tower with Radar,333,497,54,4,888,0,29,145,0,174,333,526,199,4,1062,0,0,0,1062
08/22/2004,SLC,UT,ANM,WE,Combined TRACON& Tower with Radar,338,509,55,3,905,0,7,97,0,104,338,516,152,3,1009,0,0,0,1009
08/23/2004,SLC,UT,ANM,WE,Combined TRACON& Tower with Radar,361,555,60,3,979,0,13,119,0,132,361,568,179,3,1111,0,0,0,1111
08/24/2004,SLC,UT,ANM,WE,Combined TRACON& Tower with Radar,374,563,60,6,1003,0,10,154,0,164,374,573,214,6,1167,0,0,0,1167
08/25/2004,SLC,UT,ANM,WE,Combined TRACON& Tower with Radar,370,565,61,6,1002,0,16,161,1,178,370,581,222,7,1180,0,0,0,1180
08/26/2004,SLC,UT,ANM,WE,Combined TRACON& Tower with Radar,383,573,61,5,1022,7,9,137,4,157,390,582,198,9,1179,0,0,0,1179
08/27/2004,SLC,UT,ANM,WE,Combined TRACON& Tower with Radar,370,552,59,1,982,7,19,216,0,242,377,571,275,1,1224,0,0,0,1224
08/28/2004,SLC,UT,ANM,WE,Combined TRACON& Tower with Radar,330,493,53,2,878,5,28,166,0,199,335,521,219,2,1077,0,0,0,1077
08/29/2004,SLC,UT,ANM,WE,Combined TRACON& Tower with Radar,328,491,53,0,872,9,19,106,0,134,337,510,159,0,1006,0,0,0,1006
08/30/2004,SLC,UT,ANM,WE,Combined TRACON& Tower with Radar,354,529,57,5,945,3,28,216,3,250,357,557,273,8,1195,0,0,0,1195
08/31/2004,SLC,UT,ANM,WE,Combined TRACON& Tower with Radar,206,307,33,2,548,12,4,102,8,126,218,311,135,10,674,0,0,0,674
09/01/2004,SLC,UT,ANM,WE,Combined TRACON& Tower with Radar,363,557,58,3,981,8,4,226,6,244,371,561,284,9,1225,0,0,0,1225
09/02/2004,SLC,UT,ANM,WE,Combined TRACON& Tower with Radar,373,580,60,4,1017,0,5,160,3,168,373,585,220,7,1185,0,0,0,1185
09/03/2004,SLC,UT,ANM,WE,Combined TRACON& Tower with Radar,377,597,62,3,1039,0,2,61,0,63,377,599,123,3,1102,0,0,0,1102
09/04/2004,SLC,UT,ANM,WE,Combined TRACON& Tower with Radar,310,494,51,3,858,0,34,112,0,146,310,528,163,3,1004,0,0,0,1004
09/05/2004,SLC,UT,ANM,WE,Combined TRACON& Tower with Radar,292,456,47,2,797,0,27,127,0,154,292,483,174,2,951,0,0,0,951
09/06/2004,SLC,UT,ANM,WE,Combined TRACON& Tower with Radar,323,514,52,3,892,0,0,217,0,217,323,514,269,3,1109,0,0,0,1109
09/07/2004,SLC,UT,ANM,WE,Combined TRACON& Tower with Radar,311,484,49,3,847,0,11,191,0,202,311,495,240,3,1049,0,0,0,1049
09/08/2004,SLC,UT,ANM,WE,Combined TRACON& Tower with Radar,372,570,58,5,1005,2,13,264,0,279,374,583,322,5,1284,0,0,0,1284
09/09/2004,SLC,UT,ANM,WE,Combined TRACON& Tower with Radar,364,566,58,4,992,0,23,264,8,295,364,589,322,12,1287,0,0,0,1287
09/10/2004,SLC,UT,ANM,WE,Combined TRACON& Tower with Radar,371,566,58,4,999,5,8,226,8,247,376,574,284,12,1246,0,0,0,1246
09/11/2004,SLC,UT,ANM,WE,Combined TRACON& Tower with Radar,321,493,50,4,868,0,27,176,0,203,321,520,226,4,1071,0,0,0,1071
09/12/2004,SLC,UT,ANM,WE,Combined TRACON& Tower with Radar,323,493,50,3,869,0,20,74,0,94,323,513,124,3,963,0,0,0,963
09/13/2004,SLC,UT,ANM,WE,Combined TRACON& Tower with Radar,355,547,56,4,962,0,16,211,1,228,355,563,267,5,1190,0,0,0,1190
09/14/2004,SLC,UT,ANM,WE,Combined TRACON& Tower with Radar,356,543,56,4,959,5,11,194,5,215,361,554,250,9,1174,0,0,0,1174
09/15/2004,SLC,UT,ANM,WE,Combined TRACON& Tower with Radar,387,572,60,5,1024,15,0,237,0,252,402,572,297,5,1276,0,0,0,1276
09/16/2004,SLC,UT,ANM,WE,Combined TRACON& Tower with Radar,371,566,58,4,999,3,18,256,7,284,374,584,314,11,1283,0,0,0,1283
09/17/2004,SLC,UT,ANM,WE,Combined TRACON& Tower with Radar,365,556,57,4,982,11,1,191,3,206,376,557,248,7,1188,0,0,0,1188
09/18/2004,SLC,UT,ANM,WE,Combined TRACON& Tower with Radar,305,479,49,3,836,0,39,48,0,87,305,518,97,3,923,0,0,0,923
09/19/2004,SLC,UT,ANM,WE,Combined TRACON& Tower with Radar,323,492,50,2,867,7,10,11,0,28,330,502,61,2,895,0,0,0,895
09/20/2004,SLC,UT,ANM,WE,Combined TRACON& Tower with Radar,359,548,56,4,967,0,19,85,4,108,359,567,141,8,1075,3,0,3,1078
09/21/2004,SLC,UT,ANM,WE,Combined TRACON& Tower with Radar,367,560,58,3,988,0,23,156,0,179,367,583,214,3,1167,0,0,0,1167
09/22/2004,SLC,UT,ANM,WE,Combined TRACON& Tower with Radar,365,556,57,4,982,5,17,207,3,232,370,573,264,7,1214,0,0,0,1214
09/23/2004,SLC,UT,ANM,WE,Combined TRACON& Tower with Radar,365,556,57,3,981,8,0,210,4,222,373,556,267,7,1203,0,0,0,1203
09/24/2004,SLC,UT,ANM,WE,Combined TRACON& Tower with Radar,373,572,58,4,1007,5,8,296,1,310,378,580,354,5,1317,0,0,0,1317
09/25/2004,SLC,UT,ANM,WE,Combined TRACON& Tower with Radar,303,464,47,3,817,5,35,177,1,218,308,499,224,4,1035,0,0,0,1035
09/26/2004,SLC,UT,ANM,WE,Combined TRACON& Tower with Radar,321,491,50,1,863,4,12,143,0,159,325,503,193,1,1022,0,0,0,1022
09/27/2004,SLC,UT,ANM,WE,Combined TRACON& Tower with Radar,344,532,54,3,933,0,18,186,3,207,344,550,240,6,1140,0,0,0,1140
09/28/2004,SLC,UT,ANM,WE,Combined TRACON& Tower with Radar,362,553,56,3,974,2,18,162,9,191,364,571,218,12,1165,0,0,0,1165
09/29/2004,SLC,UT,ANM,WE,Combined TRACON& Tower with Radar,374,575,58,4,1011,0,0,147,5,152,374,575,205,9,1163,0,0,0,1163
09/30/2004,SLC,UT,ANM,WE,Combined TRACON& Tower with Radar,367,572,58,3,1000,0,13,197,0,210,367,585,255,3,1210,0,0,0,1210
10/01/2004,SLC,UT,ANM,WE,Combined TRACON& Tower with Radar,376,587,77,2,1042,0,0,258,0,258,376,587,335,2,1300,0,0,0,1300
10/02/2004,SLC,UT,ANM,WE,Combined TRACON& Tower with Radar,283,456,164,0,903,0,0,0,0,0,283,456,164,0,903,0,0,0,903
10/03/2004,SLC,UT,ANM,WE,Combined TRACON& Tower with Radar,325,521,196,2,1044,0,0,0,0,0,325,521,196,2,1044,0,0,0,1044
10/04/2004,SLC,UT,ANM,WE,Combined TRACON& Tower with Radar,341,553,234,0,1128,0,0,0,0,0,341,553,234,0,1128,0,0,0,1128
10/05/2004,SLC,UT,ANM,WE,Combined TRACON& Tower with Radar,368,581,258,10,1217,0,0,0,0,0,368,581,258,10,1217,0,0,0,1217
10/06/2004,SLC,UT,ANM,WE,Combined TRACON& Tower with Radar,366,570,261,7,1204,0,0,0,0,0,366,570,261,7,1204,0,0,0,1204
10/07/2004,SLC,UT,ANM,WE,Combined TRACON& Tower with Radar,355,519,288,9,1171,17,39,13,3,72,372,558,301,12,1243,0,0,0,1243
10/08/2004,SLC,UT,ANM,WE,Combined TRACON& Tower with Radar,361,572,284,6,1223,0,0,0,0,0,361,572,284,6,1223,0,0,0,1223
10/09/2004,SLC,UT,ANM,WE,Combined TRACON& Tower with Radar,315,517,116,2,950,1,2,0,0,3,316,519,116,2,953,0,0,0,953
10/10/2004,SLC,UT,ANM,WE,Combined TRACON& Tower with Radar,327,501,112,3,943,0,0,0,0,0,327,501,112,3,943,0,0,0,943
10/11/2004,SLC,UT,ANM,WE,Combined TRACON& Tower with Radar,346,543,224,4,1117,0,0,0,0,0,346,543,224,4,1117,0,0,0,1117
10/12/2004,SLC,UT,ANM,WE,Combined TRACON& Tower with Radar,359,554,331,11,1255,3,1,0,0,4,362,555,331,11,1259,0,0,0,1259
10/13/2004,SLC,UT,ANM,WE,Combined TRACON& Tower with Radar,364,579,287,13,1243,3,2,1,0,6,367,581,288,13,1249,0,0,0,1249
10/14/2004,SLC,UT,ANM,WE,Combined TRACON& Tower with Radar,346,521,297,16,1180,15,31,5,1,52,361,552,302,17,1232,0,0,0,1232
10/15/2004,SLC,UT,ANM,WE,Combined TRACON& Tower with Radar,365,563,312,11,1251,0,0,0,0,0,365,563,312,11,1251,0,0,0,1251
10/16/2004,SLC,UT,ANM,WE,Combined TRACON& Tower with Radar,316,502,191,2,1011,0,0,0,0,0,316,502,191,2,1011,0,0,0,1011
10/17/2004,SLC,UT,ANM,WE,Combined TRACON& Tower with Radar,331,485,78,5,899,0,0,0,0,0,331,485,78,5,899,0,0,0,899
10/18/2004,SLC,UT,ANM,WE,Combined TRACON& Tower with Radar,354,560,177,10,1101,0,0,0,0,0,354,560,177,10,1101,0,0,0,1101
10/19/2004,SLC,UT,ANM,WE,Combined TRACON& Tower with Radar,361,572,64,7,1004,1,0,0,0,1,362,572,64,7,1005,0,0,0,1005
10/20/2004,SLC,UT,ANM,WE,Combined TRACON& Tower with Radar,368,574,73,12,1027,0,0,0,0,0,368,574,73,12,1027,0,0,0,1027
10/21/2004,SLC,UT,ANM,WE,Combined TRACON& Tower with Radar,367,563,68,3,1001,2,10,0,0,12,369,573,68,3,1013,0,0,0,1013
10/22/2004,SLC,UT,ANM,WE,Combined TRACON& Tower with Radar,370,570,194,8,1142,1,0,0,1,2,371,570,194,9,1144,0,0,0,1144
10/23/2004,SLC,UT,ANM,WE,Combined TRACON& Tower with Radar,313,498,68,6,885,0,0,0,0,0,313,498,68,6,885,0,0,0,885
10/24/2004,SLC,UT,ANM,WE,Combined TRACON& Tower with Radar,332,494,98,1,925,0,0,0,0,0,332,494,98,1,925,0,0,0,925
10/25/2004,SLC,UT,ANM,WE,Combined TRACON& Tower with Radar,346,539,57,0,942,0,0,0,0,0,346,539,57,0,942,0,0,0,942
10/26/2004,SLC,UT,ANM,WE,Combined TRACON& Tower with Radar,370,561,199,9,1139,1,7,0,0,8,371,568,199,9,1147,0,0,0,1147
10/27/2004,SLC,UT,ANM,WE,Combined TRACON& Tower with Radar,365,585,169,7,1126,2,2,0,1,5,367,587,169,8,1131,0,0,0,1131
10/28/2004,SLC,UT,ANM,WE,Combined TRACON& Tower with Radar,359,556,71,10,996,7,24,0,0,31,366,580,71,10,1027,0,0,0,1027
10/29/2004,SLC,UT,ANM,WE,Combined TRACON& Tower with Radar,371,590,100,4,1065,0,0,0,0,0,371,590,100,4,1065,0,0,0,1065
10/30/2004,SLC,UT,ANM,WE,Combined TRACON& Tower with Radar,303,509,188,4,1004,0,0,0,0,0,303,509,188,4,1004,0,0,0,1004
10/31/2004,SLC,UT,ANM,WE,Combined TRACON& Tower with Radar,327,489,32,0,848,0,0,0,0,0,327,489,32,0,848,0,0,0,848
11/01/2004,SLC,UT,ANM,WE,Towers with Radar,348,524,45,2,919,0,19,193,1,213,348,543,238,3,1132,6,0,6,1138
11/02/2004,SLC,UT,ANM,WE,Towers with Radar,371,531,32,9,943,0,23,257,0,280,371,554,289,9,1223,10,2,12,1235
11/03/2004,SLC,UT,ANM,WE,Towers with Radar,366,524,61,5,956,0,20,185,0,205,366,544,246,5,1161,64,0,64,1225
11/04/2004,SLC,UT,ANM,WE,Towers with Radar,369,518,67,5,959,0,30,258,2,290,369,548,325,7,1249,22,0,22,1271
11/05/2004,SLC,UT,ANM,WE,Towers with Radar,369,535,55,0,959,0,28,250,3,281,369,563,305,3,1240,74,0,74,1314
11/06/2004,SLC,UT,ANM,WE,Towers with Radar,318,499,220,0,1037,0,17,213,0,230,318,516,433,0,1267,12,0,12,1279
11/07/2004,SLC,UT,ANM,WE,Towers with Radar,326,484,176,4,990,0,2,147,1,150,326,486,323,5,1140,8,0,8,1148
11/08/2004,SLC,UT,ANM,WE,Towers with Radar,356,550,151,3,1060,0,23,97,0,120,356,573,248,3,1180,50,0,50,1230
11/09/2004,SLC,UT,ANM,WE,Towers with Radar,367,547,67,15,996,0,8,32,1,41,367,555,99,16,1037,52,0,52,1089
11/10/2004,SLC,UT,ANM,WE,Towers with Radar,367,560,73,10,1010,0,22,196,1,219,367,582,269,11,1229,32,0,32,1261
11/11/2004,SLC,UT,ANM,WE,Towers with Radar,369,554,65,2,990,0,20,93,0,113,369,574,158,2,1103,8,0,8,1111
11/12/2004,SLC,UT,ANM,WE,Towers with Radar,371,549,159,2,1081,0,29,103,0,132,371,578,262,2,1213,106,0,106,1319
11/13/2004,SLC,UT,ANM,WE,Towers with Radar,309,488,209,3,1009,0,8,176,0,184,309,496,385,3,1193,42,0,42,1235
11/14/2004,SLC,UT,ANM,WE,Towers with Radar,326,501,94,0,921,0,5,46,0,51,326,506,140,0,972,106,0,106,1078
11/15/2004,SLC,UT,ANM,WE,Towers with Radar,327,489,32,0,848,0,0,0,0,0,327,489,32,0,848,0,0,0,848
11/16/2004,SLC,UT,ANM,WE,Towers with Radar,369,544,56,7,976,0,18,205,0,223,369,562,261,7,1199,14,0,14,1213
11/17/2004,SLC,UT,ANM,WE,Towers with Radar,367,550,76,11,1004,0,12,142,1,155,367,562,218,12,1159,14,0,14,1173
11/18/2004,SLC,UT,ANM,WE,Towers with Radar,366,518,94,7,985,0,18,117,0,135,366,536,211,7,1120,28,4,32,1152
11/19/2004,SLC,UT,ANM,WE,Towers with Radar,363,543,53,3,962,0,12,91,0,103,363,555,144,3,1065,142,0,142,1207
11/20/2004,SLC,UT,ANM,WE,Towers with Radar,316,492,45,0,853,0,3,51,0,54,316,495,96,0,907,42,0,42,949
11/21/2004,SLC,UT,ANM,WE,Towers with Radar,316,497,31,8,852,0,10,96,0,106,316,507,127,8,958,32,0,32,990
11/22/2004,SLC,UT,ANM,WE,Towers with Radar,353,535,61,8,957,0,13,169,2,184,353,548,230,10,1141,36,0,36,1177
11/23/2004,SLC,UT,ANM,WE,Towers with Radar,364,548,78,7,997,0,25,231,1,257,364,573,309,8,1254,30,0,30,1284
11/24/2004,SLC,UT,ANM,WE,Towers with Radar,365,571,80,1,1017,4,19,179,0,202,369,590,259,1,1219,8,0,8,1227
11/25/2004,SLC,UT,ANM,WE,Towers with Radar,271,461,21,4,757,0,4,29,0,33,271,465,50,4,790,24,0,24,814
11/26/2004,SLC,UT,ANM,WE,Towers with Radar,288,530,29,1,848,0,14,104,0,118,288,544,133,1,966,0,0,0,966
11/27/2004,SLC,UT,ANM,WE,Towers with Radar,300,478,26,0,804,0,1,10,0,11,300,479,36,0,815,0,0,0,815
11/28/2004,SLC,UT,ANM,WE,Towers with Radar,334,542,104,2,982,0,5,13,0,18,334,547,117,2,1000,0,0,0,1000
11/29/2004,SLC,UT,ANM,WE,Towers with Radar,354,556,49,1,960,0,24,166,1,191,354,580,215,2,1151,2,0,2,1153
11/30/2004,SLC,UT,ANM,WE,Towers with Radar,360,544,46,5,955,0,19,210,6,235,360,563,256,11,1190,54,0,54,1244
12/01/2004,SLC,UT,ANM,WE,Towers with Radar,383,563,50,14,1010,0,16,167,0,183,383,579,217,14,1193,54,0,54,1247
12/02/2004,SLC,UT,ANM,WE,Towers with Radar,381,549,47,10,987,0,18,228,0,246,381,567,275,10,1233,32,0,32,1265
12/03/2004,SLC,UT,ANM,WE,Towers with Radar,372,550,47,5,974,0,16,196,0,212,372,566,243,5,1186,26,0,26,1212
12/04/2004,SLC,UT,ANM,WE,Towers with Radar,318,485,22,3,828,0,12,213,1,226,318,497,235,4,1054,42,0,42,1096
12/05/2004,SLC,UT,ANM,WE,Towers with Radar,334,498,39,3,874,0,2,50,0,52,334,500,89,3,926,30,0,30,956
12/06/2004,SLC,UT,ANM,WE,Towers with Radar,348,514,60,2,924,0,3,14,0,17,348,517,74,2,941,0,0,0,941
12/07/2004,SLC,UT,ANM,WE,Towers with Radar,379,577,60,6,1022,0,4,12,0,16,379,581,72,6,1038,0,0,0,1038
12/08/2004,SLC,UT,ANM,WE,Towers with Radar,381,558,60,8,1007,0,7,10,0,17,381,565,70,8,1024,0,0,0,1024
12/09/2004,SLC,UT,ANM,WE,Towers with Radar,317,543,72,9,941,0,9,36,0,45,317,552,108,9,986,40,0,40,1026
12/10/2004,SLC,UT,ANM,WE,Towers with Radar,353,508,57,6,924,0,23,176,1,200,353,531,233,7,1124,24,0,24,1148
12/11/2004,SLC,UT,ANM,WE,Towers with Radar,326,492,43,1,862,0,15,224,0,239,326,507,267,1,1101,40,0,40,1141
12/12/2004,SLC,UT,ANM,WE,Towers with Radar,333,492,40,2,867,0,7,137,2,146,333,499,177,4,1013,6,0,6,1019
12/13/2004,SLC,UT,ANM,WE,Towers with Radar,355,530,52,1,938,0,23,185,2,210,355,553,237,3,1148,16,0,16,1164
12/14/2004,SLC,UT,ANM,WE,Towers with Radar,387,556,75,8,1026,1,24,202,0,227,388,580,277,8,1253,20,0,20,1273
12/15/2004,SLC,UT,ANM,WE,Towers with Radar,390,585,72,10,1057,0,14,127,0,141,390,599,199,10,1198,28,0,28,1226
12/16/2004,SLC,UT,ANM,WE,Towers with Radar,383,541,63,4,991,0,25,205,0,230,383,566,268,4,1221,24,0,24,1245
12/17/2004,SLC,UT,ANM,WE,Towers with Radar,391,570,82,4,1047,0,23,196,2,221,391,593,278,6,1268,30,0,30,1298
12/18/2004,SLC,UT,ANM,WE,Towers with Radar,329,320,76,1,726,0,1,6,0,7,329,321,82,1,733,0,0,0,733
12/19/2004,SLC,UT,ANM,WE,Towers with Radar,342,397,88,1,828,0,2,3,0,5,342,399,91,1,833,0,0,0,833
12/20/2004,SLC,UT,ANM,WE,Towers with Radar,367,565,74,1,1007,0,0,2,0,2,367,565,76,1,1009,0,0,0,1009
12/21/2004,SLC,UT,ANM,WE,Towers with Radar,400,590,67,11,1068,0,3,64,0,67,400,593,131,11,1135,12,0,12,1147
12/22/2004,SLC,UT,ANM,WE,Towers with Radar,376,573,89,3,1041,0,11,83,0,94,376,584,172,3,1135,6,0,6,1141
12/23/2004,SLC,UT,ANM,WE,Towers with Radar,374,571,65,0,1010,0,24,143,0,167,374,595,208,0,1177,14,0,14,1191
12/24/2004,SLC,UT,ANM,WE,Towers with Radar,370,569,45,0,984,0,17,91,0,108,370,586,136,0,1092,6,0,6,1098
12/25/2004,SLC,UT,ANM,WE,Towers with Radar,316,440,24,0,780,0,3,41,0,44,316,443,65,0,824,0,0,0,824
12/26/2004,SLC,UT,ANM,WE,Towers with Radar,368,509,113,0,990,0,2,82,0,84,368,511,195,0,1074,0,0,0,1074
12/27/2004,SLC,UT,ANM,WE,Towers with Radar,366,557,94,1,1018,0,12,121,0,133,366,569,215,1,1151,6,0,6,1157
12/28/2004,SLC,UT,ANM,WE,Towers with Radar,388,588,63,0,1039,0,19,132,1,152,388,607,195,1,1191,12,0,12,1203
12/29/2004,SLC,UT,ANM,WE,Towers with Radar,384,576,67,2,1029,0,5,13,0,18,384,581,80,2,1047,2,0,2,1049
12/30/2004,SLC,UT,ANM,WE,Towers with Radar,403,597,64,1,1065,0,4,27,1,32,403,601,91,2,1097,10,0,10,1107
12/31/2004,SLC,UT,ANM,WE,Towers with Radar,382,535,54,3,974,0,7,20,0,27,382,542,74,3,1001,0,0,0,1001
01/01/2005,SLC,UT,ANM,WE,Towers with Radar,323,504,84,1,912,0,3,56,0,59,323,507,140,1,971,0,0,0,971
01/02/2005,SLC,UT,ANM,WE,Towers with Radar,378,560,152,0,1090,0,3,42,0,45,378,563,194,0,1135,6,0,6,1141
01/03/2005,SLC,UT,ANM,WE,Towers with Radar,378,563,83,0,1024,0,13,83,0,96,378,576,166,0,1120,2,0,2,1122
01/04/2005,SLC,UT,ANM,WE,Towers with Radar,401,533,49,4,987,0,7,72,0,79,401,540,121,4,1066,54,0,54,1120
01/05/2005,SLC,UT,ANM,WE,Towers with Radar,381,542,71,0,994,0,0,3,0,3,381,542,74,0,997,0,0,0,997
01/06/2005,SLC,UT,ANM,WE,Towers with Radar,395,577,52,9,1033,0,10,18,0,28,395,587,70,9,1061,24,0,24,1085
01/07/2005,SLC,UT,ANM,WE,Towers with Radar,374,556,45,9,984,0,13,69,1,83,374,569,114,10,1067,2,0,2,1069
01/08/2005,SLC,UT,ANM,WE,Towers with Radar,341,480,32,9,862,0,5,16,0,21,341,485,48,9,883,12,0,12,895
01/09/2005,SLC,UT,ANM,WE,Towers with Radar,353,488,48,5,894,0,2,25,0,27,353,490,73,5,921,0,0,0,921
01/10/2005,SLC,UT,ANM,WE,Towers with Radar,380,539,49,2,970,0,3,7,0,10,380,542,56,2,980,0,0,0,980
01/11/2005,SLC,UT,ANM,WE,Towers with Radar,384,540,59,5,988,0,0,7,0,7,384,540,66,5,995,0,0,0,995
01/12/2005,SLC,UT,ANM,WE,Towers with Radar,380,553,74,9,1016,0,20,110,1,131,380,573,184,10,1147,40,0,40,1187
01/13/2005,SLC,UT,ANM,WE,Towers with Radar,381,535,75,4,995,0,20,186,0,206,381,555,261,4,1201,14,0,14,1215
01/14/2005,SLC,UT,ANM,WE,Towers with Radar,389,580,105,6,1080,0,17,202,1,220,389,597,307,7,1300,46,0,46,1346
01/15/2005,SLC,UT,ANM,WE,Towers with Radar,334,486,40,4,864,0,7,163,0,170,334,493,203,4,1034,14,0,14,1048
01/16/2005,SLC,UT,ANM,WE,Towers with Radar,358,500,41,4,903,0,2,101,0,103,358,502,142,4,1006,20,0,20,1026
01/17/2005,SLC,UT,ANM,WE,Towers with Radar,368,567,106,0,1041,0,14,168,0,182,368,581,274,0,1223,0,0,0,1223
01/18/2005,SLC,UT,ANM,WE,Towers with Radar,381,525,58,5,969,0,9,153,2,164,381,534,211,7,1133,10,0,10,1143
01/19/2005,SLC,UT,ANM,WE,Towers with Radar,390,589,72,2,1053,0,12,133,0,145,390,601,205,2,1198,12,2,14,1212
01/20/2005,SLC,UT,ANM,WE,Towers with Radar,370,262,97,1,730,0,0,6,0,6,370,262,103,1,736,0,0,0,736
01/21/2005,SLC,UT,ANM,WE,Towers with Radar,375,404,88,2,869,0,0,0,0,0,375,404,88,2,869,0,0,0,869
01/22/2005,SLC,UT,ANM,WE,Towers with Radar,333,468,61,0,862,0,0,3,0,3,333,468,64,0,865,0,0,0,865
01/23/2005,SLC,UT,ANM,WE,Towers with Radar,345,508,77,2,932,0,0,0,0,0,345,508,77,2,932,0,0,0,932
01/24/2005,SLC,UT,ANM,WE,Towers with Radar,370,547,83,3,1003,0,0,3,0,3,370,547,86,3,1006,0,0,0,1006
01/25/2005,SLC,UT,ANM,WE,Towers with Radar,378,559,81,6,1024,0,0,0,0,0,378,559,81,6,1024,0,0,0,1024
01/26/2005,SLC,UT,ANM,WE,Towers with Radar,375,561,100,4,1040,0,0,1,0,1,375,561,101,4,1041,0,0,0,1041
01/27/2005,SLC,UT,ANM,WE,Towers with Radar,377,563,70,0,1010,0,0,1,0,1,377,563,71,0,1011,0,0,0,1011
01/28/2005,SLC,UT,ANM,WE,Towers with Radar,388,583,89,16,1076,0,2,105,0,107,388,585,194,16,1183,0,0,0,1183
01/29/2005,SLC,UT,ANM,WE,Towers with Radar,330,507,55,3,895,0,1,20,0,21,330,508,75,3,916,16,0,16,932
01/30/2005,SLC,UT,ANM,WE,Towers with Radar,351,513,81,1,946,0,0,31,1,32,351,513,112,2,978,0,0,0,978
01/31/2005,SLC,UT,ANM,WE,Towers with Radar,386,632,65,7,1090,0,17,206,0,223,386,649,271,7,1313,0,0,0,1313
02/01/2005,SLC,UT,ANM,WE,Towers with Radar,406,662,44,15,1127,0,11,142,2,155,406,673,186,17,1282,0,0,0,1282
02/02/2005,SLC,UT,ANM,WE,Towers with Radar,406,627,86,12,1131,0,22,189,1,212,406,649,275,13,1343,48,0,48,1391
02/03/2005,SLC,UT,ANM,WE,Towers with Radar,409,628,78,15,1130,0,16,194,2,212,409,644,272,17,1342,8,0,8,1350
02/04/2005,SLC,UT,ANM,WE,Towers with Radar,409,640,78,12,1139,0,17,206,3,226,409,657,284,15,1365,42,0,42,1407
02/05/2005,SLC,UT,ANM,WE,Towers with Radar,383,550,65,18,1016,0,11,180,0,191,383,561,245,18,1207,26,0,26,1233
02/06/2005,SLC,UT,ANM,WE,Towers with Radar,378,593,54,6,1031,0,1,53,0,54,378,594,107,6,1085,12,0,12,1097
02/07/2005,SLC,UT,ANM,WE,Towers with Radar,381,631,59,5,1076,0,1,1,0,2,381,632,60,5,1078,0,0,0,1078
02/08/2005,SLC,UT,ANM,WE,Towers with Radar,410,667,54,18,1149,0,11,127,1,139,410,678,181,19,1288,18,0,18,1306
02/09/2005,SLC,UT,ANM,WE,Towers with Radar,419,653,73,15,1160,0,14,195,1,210,419,667,268,16,1370,42,0,42,1412
02/10/2005,SLC,UT,ANM,WE,Towers with Radar,408,664,71,17,1160,0,17,184,0,201,408,681,255,17,1361,10,0,10,1371
02/11/2005,SLC,UT,ANM,WE,Towers with Radar,406,670,92,7,1175,0,7,148,0,155,406,677,240,7,1330,28,0,28,1358
02/12/2005,SLC,UT,ANM,WE,Towers with Radar,368,585,39,0,992,0,0,0,0,0,368,585,39,0,992,0,0,0,992
02/13/2005,SLC,UT,ANM,WE,Towers with Radar,374,615,56,13,1058,0,1,79,0,80,374,616,135,13,1138,0,0,0,1138
02/14/2005,SLC,UT,ANM,WE,Towers with Radar,388,667,52,12,1119,0,0,17,0,17,388,667,69,12,1136,0,0,0,1136
02/15/2005,SLC,UT,ANM,WE,Towers with Radar,416,678,69,14,1177,0,10,109,0,119,416,688,178,14,1296,8,0,8,1304
02/16/2005,SLC,UT,ANM,WE,Towers with Radar,429,689,90,15,1223,0,10,83,0,93,429,699,173,15,1316,44,0,44,1360
02/17/2005,SLC,UT,ANM,WE,Towers with Radar,425,697,112,11,1245,0,16,209,1,226,425,713,321,12,1471,16,0,16,1487
02/18/2005,SLC,UT,ANM,WE,Towers with Radar,414,722,141,7,1284,0,6,107,0,113,414,728,248,7,1397,0,0,0,1397
02/19/2005,SLC,UT,ANM,WE,Towers with Radar,370,637,58,4,1069,0,1,39,0,40,370,638,97,4,1109,20,0,20,1129
02/20/2005,SLC,UT,ANM,WE,Towers with Radar,380,599,48,4,1031,0,0,19,0,19,380,599,67,4,1050,6,0,6,1056
02/21/2005,SLC,UT,ANM,WE,Towers with Radar,393,683,150,6,1232,0,7,166,0,173,393,690,316,6,1405,0,0,0,1405
02/22/2005,SLC,UT,ANM,WE,Towers with Radar,405,674,75,12,1166,0,12,111,1,124,405,686,186,13,1290,0,0,0,1290
02/23/2005,SLC,UT,ANM,WE,Towers with Radar,404,642,93,14,1153,0,19,184,1,204,404,661,277,15,1357,4,0,4,1361
02/24/2005,SLC,UT,ANM,WE,Towers with Radar,419,672,96,24,1211,0,14,177,1,192,419,686,273,25,1403,12,0,12,1415
02/25/2005,SLC,UT,ANM,WE,Towers with Radar,419,674,94,13,1200,0,20,242,0,262,419,694,336,13,1462,8,0,8,1470
02/26/2005,SLC,UT,ANM,WE,Towers with Radar,371,608,67,7,1053,0,7,217,0,224,371,615,284,7,1277,0,0,0,1277
02/27/2005,SLC,UT,ANM,WE,Towers with Radar,375,617,69,0,1061,0,3,118,0,121,375,620,187,0,1182,18,0,18,1200
02/28/2005,SLC,UT,ANM,WE,Towers with Radar,383,654,70,10,1117,0,3,111,1,115,383,657,181,11,1232,0,0,0,1232
03/01/2005,SLC,UT,ANM,WE,Towers with Radar,414,668,59,15,1156,0,11,158,0,169,414,679,217,15,1325,58,0,58,1383
03/02/2005,SLC,UT,ANM,WE,Towers with Radar,409,701,123,15,1248,0,14,174,1,189,409,715,297,16,1437,0,0,0,1437
03/03/2005,SLC,UT,ANM,WE,Towers with Radar,517,596,80,6,1199,1,23,163,7,194,518,619,243,13,1393,20,0,20,1413
03/04/2005,SLC,UT,ANM,WE,Towers with Radar,473,566,111,4,1154,0,27,209,3,239,473,593,320,7,1393,30,0,30,1423
03/05/2005,SLC,UT,ANM,WE,Towers with Radar,460,505,38,1,1004,0,14,196,4,214,460,519,234,5,1218,6,0,6,1224
03/06/2005,SLC,UT,ANM,WE,Towers with Radar,468,525,66,1,1060,0,10,121,4,135,468,535,187,5,1195,8,0,8,1203
03/07/2005,SLC,UT,ANM,WE,Towers with Radar,487,554,50,0,1091,0,33,168,3,204,487,587,218,3,1295,22,0,22,1317
03/08/2005,SLC,UT,ANM,WE,Towers with Radar,498,576,53,10,1137,0,30,201,4,235,498,606,254,14,1372,40,0,40,1412
03/09/2005,SLC,UT,ANM,WE,Towers with Radar,498,579,75,9,1161,0,29,222,4,255,498,608,297,13,1416,22,0,22,1438
03/10/2005,SLC,UT,ANM,WE,Towers with Radar,406,579,69,8,1062,100,35,190,7,332,506,614,259,15,1394,0,0,0,1394
03/11/2005,SLC,UT,ANM,WE,Towers with Radar,510,590,86,4,1190,0,25,221,4,250,510,615,307,8,1440,48,0,48,1488
03/12/2005,SLC,UT,ANM,WE,Towers with Radar,460,505,60,4,1029,0,14,158,2,174,460,519,218,6,1203,16,0,16,1219
03/13/2005,SLC,UT,ANM,WE,Towers with Radar,465,537,64,4,1070,0,1,72,1,74,465,538,136,5,1144,8,0,8,1152
03/14/2005,SLC,UT,ANM,WE,Towers with Radar,484,566,48,3,1101,0,29,99,4,132,484,595,147,7,1233,14,0,14,1247
03/15/2005,SLC,UT,ANM,WE,Towers with Radar,499,573,60,8,1140,0,21,200,5,226,499,594,260,13,1366,46,0,46,1412
03/16/2005,SLC,UT,ANM,WE,Towers with Radar,496,582,72,10,1160,0,31,201,2,234,496,613,273,12,1394,6,0,6,1400
03/17/2005,SLC,UT,ANM,WE,Towers with Radar,506,593,86,7,1192,0,20,48,1,69,506,613,134,8,1261,8,0,8,1269
03/18/2005,SLC,UT,ANM,WE,Towers with Radar,513,616,113,6,1248,0,22,185,1,208,513,638,298,7,1456,22,0,22,1478
03/19/2005,SLC,UT,ANM,WE,Towers with Radar,465,532,61,0,1058,0,4,81,0,85,465,536,142,0,1143,6,0,6,1149
03/20/2005,SLC,UT,ANM,WE,Towers with Radar,464,520,82,3,1069,0,6,11,0,17,464,526,93,3,1086,0,0,0,1086
03/21/2005,SLC,UT,ANM,WE,Towers with Radar,486,589,54,1,1130,0,23,97,5,125,486,612,151,6,1255,36,0,36,1291
03/22/2005,SLC,UT,ANM,WE,Towers with Radar,506,583,60,8,1157,0,12,64,2,78,506,595,124,10,1235,6,0,6,1241
03/23/2005,SLC,UT,ANM,WE,Towers with Radar,461,522,73,7,1063,0,8,12,4,24,461,530,85,11,1087,0,0,0,1087
03/24/2005,SLC,UT,ANM,WE,Towers with Radar,503,619,94,12,1228,0,8,6,6,20,503,627,100,18,1248,0,0,0,1248
03/25/2005,SLC,UT,ANM,WE,Towers with Radar,510,626,67,4,1207,0,13,4,4,21,510,639,71,8,1228,0,0,0,1228
03/26/2005,SLC,UT,ANM,WE,Towers with Radar,479,525,56,2,1062,0,18,213,4,235,479,543,269,6,1297,0,0,0,1297
03/27/2005,SLC,UT,ANM,WE,Towers with Radar,460,516,58,1,1035,0,7,80,3,90,460,523,138,4,1125,24,0,24,1149
03/28/2005,SLC,UT,ANM,WE,Towers with Radar,480,568,85,2,1135,0,6,18,3,27,480,574,103,5,1162,0,0,0,1162
03/29/2005,SLC,UT,ANM,WE,Towers with Radar,502,593,65,4,1164,0,11,52,4,67,502,604,117,8,1231,6,0,6,1237
03/30/2005,SLC,UT,ANM,WE,Towers with Radar,508,597,86,6,1197,0,8,27,3,38,508,605,113,9,1235,0,0,0,1235
03/31/2005,SLC,UT,ANM,WE,Towers with Radar,502,572,81,8,1163,0,32,255,6,293,502,604,336,14,1456,72,0,72,1528
04/01/2005,SLC,UT,ANM,WE,Towers with Radar,503,566,72,4,1145,0,28,283,6,317,503,594,355,10,1462,16,0,16,1478
04/02/2005,SLC,UT,ANM,WE,Towers with Radar,449,491,45,2,987,0,11,195,3,209,449,502,240,5,1196,48,0,48,1244
04/03/2005,SLC,UT,ANM,WE,Towers with Radar,446,491,58,1,996,0,4,65,1,70,446,495,123,2,1066,24,0,24,1090
04/04/2005,SLC,UT,ANM,WE,Towers with Radar,478,574,50,0,1102,0,6,13,7,26,478,580,63,7,1128,0,0,0,1128
04/05/2005,SLC,UT,ANM,WE,Towers with Radar,497,580,43,4,1124,0,42,219,4,265,497,622,262,8,1389,0,0,0,1389
04/06/2005,SLC,UT,ANM,WE,Towers with Radar,485,563,55,9,1112,0,31,281,3,315,485,594,336,12,1427,36,0,36,1463
04/07/2005,SLC,UT,ANM,WE,Towers with Radar,481,582,61,8,1132,0,37,146,3,186,481,619,207,11,1318,12,0,12,1330
04/08/2005,SLC,UT,ANM,WE,Towers with Radar,492,571,64,5,1132,0,17,26,3,46,492,588,90,8,1178,38,0,38,1216
04/09/2005,SLC,UT,ANM,WE,Towers with Radar,434,523,32,0,989,0,12,37,3,52,434,535,69,3,1041,12,0,12,1053
04/10/2005,SLC,UT,ANM,WE,Towers with Radar,435,496,44,3,978,0,6,85,6,97,435,502,129,9,1075,17,2,19,1094
04/11/2005,SLC,UT,ANM,WE,Towers with Radar,466,565,78,0,1109,0,29,236,10,275,466,594,314,10,1384,2,0,2,1386
04/12/2005,SLC,UT,ANM,WE,Towers with Radar,486,588,44,12,1130,0,31,176,9,216,486,619,220,21,1346,42,0,42,1388
04/13/2005,SLC,UT,ANM,WE,Towers with Radar,481,568,55,5,1109,0,32,69,5,106,481,600,124,10,1215,32,0,32,1247
04/14/2005,SLC,UT,ANM,WE,Towers with Radar,496,576,56,11,1139,0,30,204,4,238,496,606,260,15,1377,4,0,4,1381
04/15/2005,SLC,UT,ANM,WE,Towers with Radar,485,570,45,13,1113,0,33,251,5,289,485,603,296,18,1402,6,0,6,1408
04/16/2005,SLC,UT,ANM,WE,Towers with Radar,444,495,28,5,972,0,19,216,2,237,444,514,244,7,1209,0,0,0,1209
04/17/2005,SLC,UT,ANM,WE,Towers with Radar,444,495,25,4,968,0,8,84,1,93,444,503,109,5,1061,0,0,0,1061
04/18/2005,SLC,UT,ANM,WE,Towers with Radar,468,568,51,4,1091,0,14,63,6,83,468,582,114,10,1174,0,0,0,1174
04/19/2005,SLC,UT,ANM,WE,Towers with Radar,486,587,63,6,1142,0,12,54,3,69,486,599,117,9,1211,18,0,18,1229
04/20/2005,SLC,UT,ANM,WE,Towers with Radar,481,584,62,10,1137,0,11,24,5,40,481,595,86,15,1177,36,0,36,1213
04/21/2005,SLC,UT,ANM,WE,Towers with Radar,495,579,48,14,1136,0,22,139,6,167,495,601,187,20,1303,18,0,18,1321
04/22/2005,SLC,UT,ANM,WE,Towers with Radar,484,573,53,2,1112,0,53,226,7,286,484,626,279,9,1398,0,0,0,1398
04/23/2005,SLC,UT,ANM,WE,Towers with Radar,444,504,24,0,972,0,22,203,7,232,444,526,227,7,1204,28,0,28,1232
04/24/2005,SLC,UT,ANM,WE,Towers with Radar,443,508,40,2,993,0,7,12,0,19,443,515,52,2,1012,18,0,18,1030
04/25/2005,SLC,UT,ANM,WE,Towers with Radar,464,567,69,4,1104,0,18,67,3,88,464,585,136,7,1192,12,0,12,1204
04/26/2005,SLC,UT,ANM,WE,Towers with Radar,477,600,63,6,1146,0,22,225,7,254,477,622,288,13,1400,0,0,0,1400
04/27/2005,SLC,UT,ANM,WE,Towers with Radar,482,571,54,7,1114,0,22,103,2,127,482,593,157,9,1241,52,0,52,1293
04/28/2005,SLC,UT,ANM,WE,Towers with Radar,484,573,60,7,1124,0,29,46,5,80,484,602,106,12,1204,2,0,2,1206
04/29/2005,SLC,UT,ANM,WE,Towers with Radar,482,594,53,5,1134,0,22,136,3,161,482,616,189,8,1295,10,0,10,1305
04/30/2005,SLC,UT,ANM,WE,Towers with Radar,431,483,30,2,946,0,11,58,3,72,431,494,88,5,1018,8,0,8,1026
05/01/2005,SLC,UT,ANM,WE,Towers with Radar,441,500,41,3,985,0,14,58,4,76,441,514,99,7,1061,18,0,18,1079
05/02/2005,SLC,UT,ANM,WE,Towers with Radar,450,555,209,4,1218,0,0,0,0,0,450,555,209,4,1218,3,0,3,1221
05/03/2005,SLC,UT,ANM,WE,Towers with Radar,494,592,197,9,1292,0,0,0,0,0,494,592,197,9,1292,24,0,24,1316
05/04/2005,SLC,UT,ANM,WE,Towers with Radar,487,592,293,9,1381,0,0,0,0,0,487,592,293,9,1381,48,0,48,1429
05/05/2005,SLC,UT,ANM,WE,Towers with Radar,494,604,152,15,1265,0,0,0,0,0,494,604,152,15,1265,22,0,22,1287
05/06/2005,SLC,UT,ANM,WE,Towers with Radar,489,580,112,3,1184,0,0,0,0,0,489,580,112,3,1184,38,0,38,1222
05/07/2005,SLC,UT,ANM,WE,Towers with Radar,442,511,83,2,1038,0,0,0,0,0,442,511,83,2,1038,6,0,6,1044
05/08/2005,SLC,UT,ANM,WE,Towers with Radar,450,497,91,2,1040,0,0,0,0,0,450,497,91,2,1040,0,0,0,1040
05/09/2005,SLC,UT,ANM,WE,Towers with Radar,472,568,91,3,1134,0,0,0,0,0,472,568,91,3,1134,24,0,24,1158
05/10/2005,SLC,UT,ANM,WE,Towers with Radar,487,616,95,7,1205,0,0,0,0,0,487,616,95,7,1205,0,0,0,1205
05/11/2005,SLC,UT,ANM,WE,Towers with Radar,486,593,73,9,1161,0,0,0,0,0,486,593,73,9,1161,0,0,0,1161
05/12/2005,SLC,UT,ANM,WE,Towers with Radar,498,614,118,4,1234,0,0,0,0,0,498,614,118,4,1234,6,0,6,1240
05/13/2005,SLC,UT,ANM,WE,Towers with Radar,497,605,303,7,1412,0,0,0,0,0,497,605,303,7,1412,4,0,4,1416
05/14/2005,SLC,UT,ANM,WE,Towers with Radar,446,519,215,5,1185,0,0,0,0,0,446,519,215,5,1185,22,0,22,1207
05/15/2005,SLC,UT,ANM,WE,Towers with Radar,445,505,37,5,992,0,19,112,2,133,445,524,149,7,1125,0,0,0,1125
05/16/2005,SLC,UT,ANM,WE,Towers with Radar,479,538,43,2,1062,0,22,78,1,101,479,560,121,3,1163,0,0,0,1163
05/17/2005,SLC,UT,ANM,WE,Towers with Radar,502,579,55,3,1139,0,19,106,0,125,502,598,161,3,1264,2,0,2,1266
05/18/2005,SLC,UT,ANM,WE,Towers with Radar,492,558,53,8,1111,0,22,198,0,220,492,580,251,8,1331,58,4,62,1393
05/19/2005,SLC,UT,ANM,WE,Towers with Radar,495,569,56,6,1126,0,27,214,1,242,495,596,270,7,1368,8,0,8,1376
05/20/2005,SLC,UT,ANM,WE,Towers with Radar,492,597,244,7,1340,0,0,0,0,0,492,597,244,7,1340,20,0,20,1360
05/21/2005,SLC,UT,ANM,WE,Towers with Radar,441,501,230,0,1172,0,0,0,0,0,441,501,230,0,1172,42,0,42,1214
05/22/2005,SLC,UT,ANM,WE,Towers with Radar,445,495,24,0,964,0,8,114,0,122,445,503,138,0,1086,10,0,10,1096
05/23/2005,SLC,UT,ANM,WE,Towers with Radar,470,548,62,2,1082,0,30,179,0,209,470,578,241,2,1291,30,0,30,1321
05/24/2005,SLC,UT,ANM,WE,Towers with Radar,477,567,56,5,1105,0,26,191,0,217,477,593,247,5,1322,6,0,6,1328
05/25/2005,SLC,UT,ANM,WE,Towers with Radar,488,581,60,3,1132,0,32,252,0,284,488,613,312,3,1416,4,0,4,1420
05/26/2005,SLC,UT,ANM,WE,Towers with Radar,487,588,74,11,1160,0,41,231,0,272,487,629,305,11,1432,74,2,76,1508
05/27/2005,SLC,UT,ANM,WE,Towers with Radar,485,629,282,6,1402,0,0,0,0,0,485,629,282,6,1402,14,0,14,1416
05/28/2005,SLC,UT,ANM,WE,Towers with Radar,427,506,203,1,1137,0,0,0,0,0,427,506,203,1,1137,22,0,22,1159
05/29/2005,SLC,UT,ANM,WE,Towers with Radar,406,441,24,1,872,0,9,50,0,59,406,450,74,1,931,4,0,4,935
05/30/2005,SLC,UT,ANM,WE,Towers with Radar,429,507,30,1,967,0,11,40,0,51,429,518,70,1,1018,6,0,6,1024
05/31/2005,SLC,UT,ANM,WE,Towers with Radar,465,561,18,4,1048,0,35,211,0,246,465,596,229,4,1294,4,0,4,1298
06/01/2005,SLC,UT,ANM,WE,Towers with Radar,494,605,43,12,1154,0,21,89,0,110,494,626,132,12,1264,42,0,42,1306
06/02/2005,SLC,UT,ANM,WE,Towers with Radar,502,636,223,7,1368,0,0,0,0,0,502,636,223,7,1368,60,0,60,1428
06/03/2005,SLC,UT,ANM,WE,Towers with Radar,497,575,44,6,1122,0,35,204,0,239,497,610,248,6,1361,10,0,10,1371
06/04/2005,SLC,UT,ANM,WE,Towers with Radar,457,485,39,3,984,0,28,197,0,225,457,513,236,3,1209,16,0,16,1225
06/05/2005,SLC,UT,ANM,WE,Towers with Radar,476,501,25,4,1006,0,6,60,0,66,476,507,85,4,1072,0,0,0,1072
06/06/2005,SLC,UT,ANM,WE,Towers with Radar,488,559,60,2,1109,0,23,33,1,57,488,582,93,3,1166,2,0,2,1168
06/07/2005,SLC,UT,ANM,WE,Towers with Radar,494,569,64,1,1128,0,25,381,0,406,494,594,445,1,1534,8,0,8,1542
06/08/2005,SLC,UT,ANM,WE,Towers with Radar,501,588,63,8,1160,0,20,167,0,187,501,608,230,8,1347,28,0,28,1375
06/09/2005,SLC,UT,ANM,WE,Towers with Radar,505,589,70,12,1176,0,31,205,0,236,505,620,275,12,1412,12,0,12,1424
06/10/2005,SLC,UT,ANM,WE,Towers with Radar,509,612,269,5,1395,0,0,0,0,0,509,612,269,5,1395,88,0,88,1483
06/11/2005,SLC,UT,ANM,WE,Towers with Radar,472,508,29,9,1018,0,26,88,0,114,472,534,117,9,1132,0,0,0,1132
06/12/2005,SLC,UT,ANM,WE,Towers with Radar,454,505,31,3,993,0,8,46,1,55,454,513,77,4,1048,50,0,50,1098
06/13/2005,SLC,UT,ANM,WE,Towers with Radar,487,552,59,5,1103,0,28,182,0,210,487,580,241,5,1313,2,0,2,1315
06/14/2005,SLC,UT,ANM,WE,Towers with Radar,493,577,50,6,1126,0,32,207,0,239,493,609,257,6,1365,16,0,16,1381
06/15/2005,SLC,UT,ANM,WE,Towers with Radar,499,565,72,6,1142,0,27,140,0,167,499,592,212,6,1309,36,0,36,1345
06/16/2005,SLC,UT,ANM,WE,Towers with Radar,508,571,87,10,1176,0,27,170,0,197,508,598,257,10,1373,46,0,46,1419
06/17/2005,SLC,UT,ANM,WE,Towers with Radar,516,636,115,5,1272,0,0,0,0,0,516,636,115,5,1272,18,0,18,1290
06/18/2005,SLC,UT,ANM,WE,Towers with Radar,473,536,186,2,1197,0,0,0,0,0,473,536,186,2,1197,18,0,18,1215
06/19/2005,SLC,UT,ANM,WE,Towers with Radar,462,522,30,1,1015,0,21,107,0,128,462,543,137,1,1143,0,0,0,1143
06/20/2005,SLC,UT,ANM,WE,Towers with Radar,494,563,60,0,1117,0,24,145,2,171,494,587,205,2,1288,30,0,30,1318
06/21/2005,SLC,UT,ANM,WE,Towers with Radar,508,595,68,6,1177,0,37,187,0,224,508,632,255,6,1401,44,0,44,1445
06/22/2005,SLC,UT,ANM,WE,Towers with Radar,496,599,67,7,1169,0,18,138,0,156,496,617,205,7,1325,54,0,54,1379
06/23/2005,SLC,UT,ANM,WE,Towers with Radar,462,526,48,5,1041,0,22,165,0,187,462,548,213,5,1228,0,0,0,1228
06/24/2005,SLC,UT,ANM,WE,Towers with Radar,514,623,255,6,1398,0,0,0,0,0,514,623,255,6,1398,34,0,34,1432
06/25/2005,SLC,UT,ANM,WE,Towers with Radar,462,544,127,2,1135,0,0,0,0,0,462,544,127,2,1135,60,0,60,1195
06/26/2005,SLC,UT,ANM,WE,Towers with Radar,469,517,37,4,1027,0,15,58,2,75,469,532,95,6,1102,6,0,6,1108
06/27/2005,SLC,UT,ANM,WE,Towers with Radar,490,546,43,4,1083,0,41,123,0,164,490,587,166,4,1247,12,0,12,1259
06/28/2005,SLC,UT,ANM,WE,Towers with Radar,502,572,36,6,1116,0,25,102,0,127,502,597,138,6,1243,0,0,0,1243
06/29/2005,SLC,UT,ANM,WE,Towers with Radar,492,580,57,8,1137,0,29,256,0,285,492,609,313,8,1422,54,0,54,1476
06/30/2005,SLC,UT,ANM,WE,Towers with Radar,508,618,83,6,1215,0,37,215,1,253,508,655,298,7,1468,34,0,34,1502
07/01/2005,SLC,UT,ANM,WE,Towers with Radar,498,624,314,3,1439,0,0,0,0,0,498,624,314,3,1439,88,0,88,1527
07/02/2005,SLC,UT,ANM,WE,Towers with Radar,490,546,188,2,1226,0,0,0,0,0,490,546,188,2,1226,44,0,44,1270
07/03/2005,SLC,UT,ANM,WE,Towers with Radar,447,485,27,0,959,0,8,86,0,94,447,493,113,0,1053,0,0,0,1053
07/04/2005,SLC,UT,ANM,WE,Towers with Radar,468,541,126,2,1137,0,0,0,0,0,468,541,126,2,1137,0,0,0,1137
07/05/2005,SLC,UT,ANM,WE,Towers with Radar,480,565,77,1,1123,0,29,154,1,184,480,594,231,2,1307,0,0,0,1307
07/06/2005,SLC,UT,ANM,WE,Towers with Radar,498,580,61,4,1143,0,37,181,0,218,498,617,242,4,1361,10,0,10,1371
07/07/2005,SLC,UT,ANM,WE,Towers with Radar,515,596,47,13,1171,0,26,222,2,250,515,622,269,15,1421,0,0,0,1421
07/08/2005,SLC,UT,ANM,WE,Towers with Radar,511,616,234,4,1365,0,0,0,0,0,511,616,234,4,1365,66,0,66,1431
07/09/2005,SLC,UT,ANM,WE,Towers with Radar,482,551,161,7,1201,0,0,0,0,0,482,551,161,7,1201,42,0,42,1243
07/10/2005,SLC,UT,ANM,WE,Towers with Radar,470,523,44,6,1043,0,12,98,0,110,470,535,142,6,1153,8,0,8,1161
07/11/2005,SLC,UT,ANM,WE,Towers with Radar,491,574,49,2,1116,0,38,166,0,204,491,612,215,2,1320,0,0,0,1320
07/12/2005,SLC,UT,ANM,WE,Towers with Radar,515,582,49,9,1155,0,30,217,0,247,515,612,266,9,1402,4,0,4,1406
07/13/2005,SLC,UT,ANM,WE,Towers with Radar,521,576,60,10,1167,0,38,216,0,254,521,614,276,10,1421,12,0,12,1433
07/14/2005,SLC,UT,ANM,WE,Towers with Radar,513,576,44,10,1143,0,39,172,0,211,513,615,216,10,1354,0,0,0,1354
07/15/2005,SLC,UT,ANM,WE,Towers with Radar,515,596,53,7,1171,0,34,216,0,250,515,630,269,7,1421,0,0,0,1421
07/16/2005,SLC,UT,ANM,WE,Towers with Radar,492,513,30,4,1039,0,17,203,1,221,492,530,233,5,1260,0,0,0,1260
07/17/2005,SLC,UT,ANM,WE,Towers with Radar,461,538,31,2,1032,0,18,117,1,136,461,556,148,3,1168,0,0,0,1168
07/18/2005,SLC,UT,ANM,WE,Towers with Radar,500,552,69,5,1126,0,44,160,1,205,500,596,229,6,1331,10,0,10,1341
07/19/2005,SLC,UT,ANM,WE,Towers with Radar,513,584,58,9,1164,0,32,194,1,227,513,616,252,10,1391,48,0,48,1439
07/20/2005,SLC,UT,ANM,WE,Towers with Radar,503,580,76,6,1165,0,41,228,0,269,503,621,304,6,1434,0,0,0,1434
07/21/2005,SLC,UT,ANM,WE,Towers with Radar,531,592,77,9,1209,0,51,214,1,266,531,643,291,10,1475,0,0,0,1475
07/22/2005,SLC,UT,ANM,WE,Towers with Radar,522,562,67,7,1158,0,46,176,0,222,522,608,243,7,1380,0,0,0,1380
07/23/2005,SLC,UT,ANM,WE,Towers with Radar,484,522,44,6,1056,0,18,121,1,140,484,540,165,7,1196,0,0,0,1196
07/24/2005,SLC,UT,ANM,WE,Towers with Radar,469,517,39,3,1028,0,19,70,0,89,469,536,109,3,1117,10,0,10,1127
07/25/2005,SLC,UT,ANM,WE,Towers with Radar,499,580,66,6,1151,0,38,150,1,189,499,618,216,7,1340,0,0,0,1340
07/26/2005,SLC,UT,ANM,WE,Towers with Radar,515,585,53,1,1154,0,27,173,0,200,515,612,226,1,1354,40,0,40,1394
07/27/2005,SLC,UT,ANM,WE,Towers with Radar,510,591,64,9,1174,0,35,197,1,233,510,626,261,10,1407,0,0,0,1407
07/28/2005,SLC,UT,ANM,WE,Towers with Radar,527,600,65,13,1205,0,21,187,2,210,527,621,252,15,1415,0,0,0,1415
07/29/2005,SLC,UT,ANM,WE,Towers with Radar,515,585,46,16,1162,0,193,135,0,328,515,778,181,16,1490,0,0,0,1490
07/30/2005,SLC,UT,ANM,WE,Towers with Radar,483,524,29,0,1036,0,24,121,1,146,483,548,150,1,1182,26,0,26,1208
07/31/2005,SLC,UT,ANM,WE,Towers with Radar,464,537,42,5,1048,0,16,73,4,93,464,553,115,9,1141,0,0,0,1141
08/01/2005,SLC,UT,ANM,WE,Towers with Radar,508,575,46,17,1146,0,43,95,2,140,508,618,141,19,1286,18,0,18,1304
08/02/2005,SLC,UT,ANM,WE,Towers with Radar,487,564,58,20,1129,0,34,152,3,189,487,598,210,23,1318,0,0,0,1318
08/03/2005,SLC,UT,ANM,WE,Towers with Radar,544,614,63,18,1239,0,45,163,1,209,544,659,226,19,1448,0,0,0,1448
08/04/2005,SLC,UT,ANM,WE,Towers with Radar,531,597,70,20,1218,0,43,159,0,202,531,640,229,20,1420,0,0,0,1420
08/05/2005,SLC,UT,ANM,WE,Towers with Radar,516,580,45,11,1152,0,36,155,1,192,516,616,200,12,1344,0,0,0,1344
08/06/2005,SLC,UT,ANM,WE,Towers with Radar,489,519,43,4,1055,0,25,125,2,152,489,544,168,6,1207,0,0,0,1207
08/07/2005,SLC,UT,ANM,WE,Towers with Radar,472,543,39,0,1054,0,9,82,0,91,472,552,121,0,1145,0,0,0,1145
08/08/2005,SLC,UT,ANM,WE,Towers with Radar,502,581,54,12,1149,0,42,117,0,159,502,623,171,12,1308,0,0,0,1308
08/09/2005,SLC,UT,ANM,WE,Towers with Radar,516,585,52,19,1172,0,46,131,0,177,516,631,183,19,1349,0,0,0,1349
08/10/2005,SLC,UT,ANM,WE,Towers with Radar,530,599,77,25,1231,0,34,183,0,217,530,633,260,25,1448,0,0,0,1448
08/11/2005,SLC,UT,ANM,WE,Towers with Radar,522,605,88,29,1244,0,29,210,0,239,522,634,298,29,1483,8,0,8,1491
08/12/2005,SLC,UT,ANM,WE,Towers with Radar,509,583,46,22,1160,0,56,186,2,244,509,639,232,24,1404,8,0,8,1412
08/13/2005,SLC,UT,ANM,WE,Towers with Radar,482,513,40,3,1038,0,29,142,0,171,482,542,182,3,1209,0,0,0,1209
08/14/2005,SLC,UT,ANM,WE,Towers with Radar,471,511,49,9,1040,0,11,116,1,128,471,522,165,10,1168,46,0,46,1214
08/15/2005,SLC,UT,ANM,WE,Towers with Radar,504,573,57,16,1150,0,30,139,3,172,504,603,196,19,1322,0,0,0,1322
08/16/2005,SLC,UT,ANM,WE,Towers with Radar,514,603,47,23,1187,0,32,68,2,102,514,635,115,25,1289,0,0,0,1289
08/17/2005,SLC,UT,ANM,WE,Towers with Radar,523,597,81,26,1227,0,26,144,0,170,523,623,225,26,1397,0,0,0,1397
08/18/2005,SLC,UT,ANM,WE,Towers with Radar,526,569,47,23,1165,0,34,148,0,182,526,603,195,23,1347,0,0,0,1347
08/19/2005,SLC,UT,ANM,WE,Towers with Radar,470,534,47,17,1068,0,39,148,1,188,470,573,195,18,1256,0,0,0,1256
08/20/2005,SLC,UT,ANM,WE,Towers with Radar,483,511,37,5,1036,0,17,125,0,142,483,528,162,5,1178,0,0,0,1178
08/21/2005,SLC,UT,ANM,WE,Towers with Radar,471,549,50,2,1072,0,6,88,0,94,471,555,138,2,1166,0,0,0,1166
08/22/2005,SLC,UT,ANM,WE,Towers with Radar,503,567,52,13,1135,0,31,104,0,135,503,598,156,13,1270,15,0,15,1285
08/23/2005,SLC,UT,ANM,WE,Towers with Radar,508,591,64,27,1190,0,45,160,3,208,508,636,224,30,1398,84,0,84,1482
08/24/2005,SLC,UT,ANM,WE,Towers with Radar,521,578,68,22,1189,0,31,204,4,239,521,609,272,26,1428,0,0,0,1428
08/25/2005,SLC,UT,ANM,WE,Towers with Radar,517,579,62,23,1181,1,40,182,1,224,518,619,244,24,1405,44,0,44,1449
08/26/2005,SLC,UT,ANM,WE,Towers with Radar,512,581,53,10,1156,0,35,193,1,229,512,616,246,11,1385,0,0,0,1385
08/27/2005,SLC,UT,ANM,WE,Towers with Radar,476,510,36,3,1025,0,14,153,0,167,476,524,189,3,1192,0,0,0,1192
08/28/2005,SLC,UT,ANM,WE,Towers with Radar,458,528,52,8,1046,0,8,111,0,119,458,536,163,8,1165,0,0,0,1165
08/29/2005,SLC,UT,ANM,WE,Towers with Radar,482,559,49,16,1106,0,28,116,3,147,482,587,165,19,1253,0,0,0,1253
08/30/2005,SLC,UT,ANM,WE,Towers with Radar,515,565,52,26,1158,0,49,156,2,207,515,614,208,28,1365,0,0,0,1365
08/31/2005,SLC,UT,ANM,WE,Towers with Radar,498,575,68,24,1165,0,60,204,4,268,498,635,272,28,1433,0,0,0,1433
09/01/2005,SLC,UT,ANM,WE,Towers with Radar,513,573,73,10,1169,0,47,191,1,239,513,620,264,11,1408,14,0,14,1422
09/02/2005,SLC,UT,ANM,WE,Towers with Radar,509,578,66,12,1165,0,34,176,1,211,509,612,242,13,1376,6,0,6,1382
09/03/2005,SLC,UT,ANM,WE,Towers with Radar,466,514,26,5,1011,0,13,112,0,125,466,527,138,5,1136,16,0,16,1152
09/04/2005,SLC,UT,ANM,WE,Towers with Radar,435,484,21,11,951,0,11,64,2,77,435,495,85,13,1028,0,0,0,1028
09/05/2005,SLC,UT,ANM,WE,Towers with Radar,460,522,52,6,1040,0,18,164,0,182,460,540,216,6,1222,6,0,6,1228
09/06/2005,SLC,UT,ANM,WE,Towers with Radar,485,555,53,5,1098,0,44,194,1,239,485,599,247,6,1337,10,0,10,1347
09/07/2005,SLC,UT,ANM,WE,Towers with Radar,506,579,41,11,1137,0,52,171,0,223,506,631,212,11,1360,0,0,0,1360
09/08/2005,SLC,UT,ANM,WE,Towers with Radar,502,596,62,20,1180,0,39,211,2,252,502,635,273,22,1432,0,0,0,1432
09/09/2005,SLC,UT,ANM,WE,Towers with Radar,502,584,48,10,1144,0,33,102,1,136,502,617,150,11,1280,0,0,0,1280
09/10/2005,SLC,UT,ANM,WE,Towers with Radar,465,531,86,4,1086,0,14,106,4,124,465,545,192,8,1210,0,0,0,1210
09/11/2005,SLC,UT,ANM,WE,Towers with Radar,459,523,37,14,1033,0,11,86,0,97,459,534,123,14,1130,0,0,0,1130
09/12/2005,SLC,UT,ANM,WE,Towers with Radar,476,576,49,5,1106,0,27,119,1,147,476,603,168,6,1253,0,0,0,1253
09/13/2005,SLC,UT,ANM,WE,Towers with Radar,500,585,48,5,1138,0,48,214,0,262,500,633,262,5,1400,0,0,0,1400
09/14/2005,SLC,UT,ANM,WE,Towers with Radar,503,581,77,23,1184,0,42,218,0,260,503,623,295,23,1444,18,0,18,1462
09/15/2005,SLC,UT,ANM,WE,Towers with Radar,509,580,51,13,1153,0,56,206,3,265,509,636,257,16,1418,4,0,4,1422
09/16/2005,SLC,UT,ANM,WE,Towers with Radar,509,584,43,6,1142,0,44,163,2,209,509,628,206,8,1351,0,0,0,1351
09/17/2005,SLC,UT,ANM,WE,Towers with Radar,440,513,28,1,982,0,32,177,0,209,440,545,205,1,1191,0,0,0,1191
09/18/2005,SLC,UT,ANM,WE,Towers with Radar,453,518,45,4,1020,0,19,111,0,130,453,537,156,4,1150,0,0,0,1150
09/19/2005,SLC,UT,ANM,WE,Towers with Radar,481,573,44,4,1102,0,29,165,2,196,481,602,209,6,1298,0,0,0,1298
09/20/2005,SLC,UT,ANM,WE,Towers with Radar,496,580,52,3,1131,0,39,215,0,254,496,619,267,3,1385,0,0,0,1385
09/21/2005,SLC,UT,ANM,WE,Towers with Radar,497,583,60,10,1150,0,34,56,1,91,497,617,116,11,1241,0,0,0,1241
09/22/2005,SLC,UT,ANM,WE,Towers with Radar,502,604,69,3,1178,0,40,229,3,272,502,644,298,6,1450,30,0,30,1480
09/23/2005,SLC,UT,ANM,WE,Towers with Radar,504,580,55,0,1139,0,42,139,0,181,504,622,194,0,1320,0,0,0,1320
09/24/2005,SLC,UT,ANM,WE,Towers with Radar,430,522,35,2,989,0,26,173,0,199,430,548,208,2,1188,0,0,0,1188
09/25/2005,SLC,UT,ANM,WE,Towers with Radar,457,518,56,4,1035,0,11,117,0,128,457,529,173,4,1163,14,0,14,1177
09/26/2005,SLC,UT,ANM,WE,Towers with Radar,479,572,74,0,1125,0,34,189,0,223,479,606,263,0,1348,4,0,4,1352
09/27/2005,SLC,UT,ANM,WE,Towers with Radar,493,604,55,2,1154,0,38,76,0,114,493,642,131,2,1268,60,0,60,1328
09/28/2005,SLC,UT,ANM,WE,Towers with Radar,483,594,63,0,1140,0,47,173,0,220,483,641,236,0,1360,16,0,16,1376
09/29/2005,SLC,UT,ANM,WE,Towers with Radar,507,600,68,0,1175,0,33,219,0,252,507,633,287,0,1427,2,0,2,1429
09/30/2005,SLC,UT,ANM,WE,Towers with Radar,497,598,70,0,1165,0,34,254,0,288,497,632,324,0,1453,42,0,42,1495
10/01/2005,SLC,UT,ANM,WE,Towers with Radar,437,493,20,2,952,0,11,129,0,140,437,504,149,2,1092,10,0,10,1102
10/02/2005,SLC,UT,ANM,WE,Towers with Radar,462,506,51,0,1019,0,11,69,0,80,462,517,120,0,1099,0,0,0,1099
10/03/2005,SLC,UT,ANM,WE,Towers with Radar,493,569,45,5,1112,0,27,31,0,58,493,596,76,5,1170,0,0,0,1170
10/04/2005,SLC,UT,ANM,WE,Towers with Radar,489,610,45,2,1146,0,15,20,0,35,489,625,65,2,1181,0,0,0,1181
10/05/2005,SLC,UT,ANM,WE,Towers with Radar,490,591,79,3,1163,0,40,213,1,254,490,631,292,4,1417,22,0,22,1439
10/06/2005,SLC,UT,ANM,WE,Towers with Radar,498,573,42,9,1122,0,34,245,0,279,498,607,287,9,1401,0,0,0,1401
10/07/2005,SLC,UT,ANM,WE,Towers with Radar,499,569,43,2,1113,0,36,287,0,323,499,605,330,2,1436,0,0,0,1436
10/08/2005,SLC,UT,ANM,WE,Towers with Radar,442,501,32,5,980,0,11,103,0,114,442,512,135,5,1094,0,0,0,1094
10/09/2005,SLC,UT,ANM,WE,Towers with Radar,447,505,43,2,997,0,10,46,0,56,447,515,89,2,1053,0,0,0,1053
10/10/2005,SLC,UT,ANM,WE,Towers with Radar,468,550,55,2,1075,0,38,157,0,195,468,588,212,2,1270,32,0,32,1302
10/11/2005,SLC,UT,ANM,WE,Towers with Radar,496,585,65,1,1147,0,39,204,0,243,496,624,269,1,1390,0,0,0,1390
10/12/2005,SLC,UT,ANM,WE,Towers with Radar,493,582,39,5,1119,0,50,181,0,231,493,632,220,5,1350,24,0,24,1374
10/13/2005,SLC,UT,ANM,WE,Towers with Radar,494,574,41,6,1115,0,52,204,1,257,494,626,245,7,1372,88,0,88,1460
10/14/2005,SLC,UT,ANM,WE,Towers with Radar,505,577,61,7,1150,0,48,213,0,261,505,625,274,7,1411,32,0,32,1443
10/15/2005,SLC,UT,ANM,WE,Towers with Radar,454,500,34,6,994,0,15,139,0,154,454,515,173,6,1148,0,0,0,1148
10/16/2005,SLC,UT,ANM,WE,Towers with Radar,470,504,26,4,1004,0,8,106,1,115,470,512,132,5,1119,36,0,36,1155
10/17/2005,SLC,UT,ANM,WE,Towers with Radar,490,549,53,1,1093,0,41,168,0,209,490,590,221,1,1302,10,0,10,1312
10/18/2005,SLC,UT,ANM,WE,Towers with Radar,502,601,39,11,1153,0,31,148,1,180,502,632,187,12,1333,0,0,0,1333
10/19/2005,SLC,UT,ANM,WE,Towers with Radar,509,603,53,7,1172,0,42,151,3,196,509,645,204,10,1368,0,0,0,1368
10/20/2005,SLC,UT,ANM,WE,Towers with Radar,501,603,52,4,1160,0,42,204,0,246,501,645,256,4,1406,0,0,0,1406
10/21/2005,SLC,UT,ANM,WE,Towers with Radar,501,577,43,7,1128,0,38,208,0,246,501,615,251,7,1374,0,0,0,1374
10/22/2005,SLC,UT,ANM,WE,Towers with Radar,0,0,0,0,0,0,0,0,0,0,0,0,0,0,0,46,0,46,46
10/23/2005,SLC,UT,ANM,WE,Towers with Radar,457,507,33,1,998,0,6,132,0,138,457,513,165,1,1136,12,0,12,1148
10/24/2005,SLC,UT,ANM,WE,Towers with Radar,481,549,43,2,1075,0,37,155,0,192,481,586,198,2,1267,0,0,0,1267
10/25/2005,SLC,UT,ANM,WE,Towers with Radar,495,580,68,4,1147,0,33,135,0,168,495,613,203,4,1315,0,0,0,1315
10/26/2005,SLC,UT,ANM,WE,Towers with Radar,496,566,59,6,1127,1,33,183,2,219,497,599,242,8,1346,0,0,0,1346
10/27/2005,SLC,UT,ANM,WE,Towers with Radar,500,606,52,5,1163,0,33,116,0,149,500,639,168,5,1312,48,0,48,1360
10/28/2005,SLC,UT,ANM,WE,Towers with Radar,505,601,54,4,1164,0,25,25,0,50,505,626,79,4,1214,2,0,2,1216
10/29/2005,SLC,UT,ANM,WE,Towers with Radar,444,491,29,3,967,0,19,51,0,70,444,510,80,3,1037,0,0,0,1037
10/30/2005,SLC,UT,ANM,WE,Towers with Radar,447,500,26,4,977,0,9,78,0,87,447,509,104,4,1064,0,0,0,1064
10/31/2005,SLC,UT,ANM,WE,Towers with Radar,461,571,41,22,1095,0,43,174,0,217,461,614,215,22,1312,0,0,0,1312
11/01/2005,SLC,UT,ANM,WE,Towers with Radar,471,520,54,5,1050,0,27,181,1,209,471,547,235,6,1259,6,0,6,1265
11/02/2005,SLC,UT,ANM,WE,Towers with Radar,487,574,60,0,1121,0,42,65,0,107,487,616,125,0,1228,0,0,0,1228
11/03/2005,SLC,UT,ANM,WE,Towers with Radar,513,591,70,14,1188,0,27,141,0,168,513,618,211,14,1356,4,0,4,1360
11/04/2005,SLC,UT,ANM,WE,Towers with Radar,503,594,54,17,1168,0,24,48,0,72,503,618,102,17,1240,26,0,26,1266
11/05/2005,SLC,UT,ANM,WE,Towers with Radar,428,448,32,7,915,0,16,147,0,163,428,464,179,7,1078,28,0,28,1106
11/06/2005,SLC,UT,ANM,WE,Towers with Radar,453,472,50,4,979,0,7,52,0,59,453,479,102,4,1038,24,0,24,1062
11/07/2005,SLC,UT,ANM,WE,Towers with Radar,493,556,69,4,1122,0,19,140,0,159,493,575,209,4,1281,0,0,0,1281
11/08/2005,SLC,UT,ANM,WE,Towers with Radar,478,538,61,5,1082,0,22,54,0,76,478,560,115,5,1158,0,0,0,1158
11/09/2005,SLC,UT,ANM,WE,Towers with Radar,490,584,56,7,1137,0,20,169,0,189,490,604,225,7,1326,0,0,0,1326
11/10/2005,SLC,UT,ANM,WE,Towers with Radar,521,595,49,6,1171,0,35,227,1,263,521,630,276,7,1434,0,0,0,1434
11/11/2005,SLC,UT,ANM,WE,Towers with Radar,515,585,65,0,1165,0,16,131,0,147,515,601,196,0,1312,28,0,28,1340
11/12/2005,SLC,UT,ANM,WE,Towers with Radar,419,451,27,0,897,0,17,158,0,175,419,468,185,0,1072,28,0,28,1100
11/13/2005,SLC,UT,ANM,WE,Towers with Radar,455,479,34,0,968,0,7,44,0,51,455,486,78,0,1019,28,0,28,1047
11/14/2005,SLC,UT,ANM,WE,Towers with Radar,492,585,44,2,1123,0,31,31,0,62,492,616,75,2,1185,0,0,0,1185
11/15/2005,SLC,UT,ANM,WE,Towers with Radar,474,520,60,13,1067,0,32,210,1,243,474,552,270,14,1310,46,0,46,1356
11/16/2005,SLC,UT,ANM,WE,Towers with Radar,496,574,58,8,1136,0,34,229,2,265,496,608,287,10,1401,56,0,56,1457
11/17/2005,SLC,UT,ANM,WE,Towers with Radar,523,575,81,10,1189,0,44,231,0,275,523,619,312,10,1464,32,0,32,1496
11/18/2005,SLC,UT,ANM,WE,Towers with Radar,517,582,61,7,1167,0,36,239,0,275,517,618,300,7,1442,22,0,22,1464
11/19/2005,SLC,UT,ANM,WE,Towers with Radar,434,433,27,0,894,0,20,189,0,209,434,453,216,0,1103,8,0,8,1111
11/20/2005,SLC,UT,ANM,WE,Towers with Radar,452,463,42,6,963,0,14,112,0,126,452,477,154,6,1089,20,0,20,1109
11/21/2005,SLC,UT,ANM,WE,Towers with Radar,495,555,58,2,1110,1,42,171,0,214,496,597,229,2,1324,30,0,30,1354
11/22/2005,SLC,UT,ANM,WE,Towers with Radar,515,592,88,8,1203,0,44,212,0,256,515,636,300,8,1459,16,0,16,1475
11/23/2005,SLC,UT,ANM,WE,Towers with Radar,525,590,80,6,1201,0,52,179,0,231,525,642,259,6,1432,12,0,12,1444
11/24/2005,SLC,UT,ANM,WE,Towers with Radar,359,495,11,0,865,0,12,52,0,64,359,507,63,0,929,0,0,0,929
11/25/2005,SLC,UT,ANM,WE,Towers with Radar,423,526,27,2,978,0,26,158,0,184,423,552,185,2,1162,8,0,8,1170
11/26/2005,SLC,UT,ANM,WE,Towers with Radar,454,521,28,0,1003,0,18,15,0,33,454,539,43,0,1036,2,0,2,1038
11/27/2005,SLC,UT,ANM,WE,Towers with Radar,467,516,87,0,1070,0,9,14,0,23,467,525,101,0,1093,0,0,0,1093
11/28/2005,SLC,UT,ANM,WE,Towers with Radar,485,581,51,4,1121,0,25,93,0,118,485,606,144,4,1239,12,0,12,1251
11/29/2005,SLC,UT,ANM,WE,Towers with Radar,474,543,49,6,1072,0,24,35,0,59,474,567,84,6,1131,0,0,0,1131
11/30/2005,SLC,UT,ANM,WE,Towers with Radar,498,597,39,11,1145,0,31,121,0,152,498,628,160,11,1297,0,0,0,1297
12/01/2005,SLC,UT,ANM,WE,Towers with Radar,443,545,41,3,1032,0,28,76,0,104,443,573,117,3,1136,6,0,6,1142
12/02/2005,SLC,UT,ANM,WE,Towers with Radar,453,546,62,8,1069,0,19,17,0,36,453,565,79,8,1105,20,0,20,1125
12/03/2005,SLC,UT,ANM,WE,Towers with Radar,370,391,44,2,807,0,9,35,7,51,370,400,79,9,858,2,0,2,860
12/04/2005,SLC,UT,ANM,WE,Towers with Radar,386,413,38,6,843,0,10,31,4,45,386,423,69,10,888,0,0,0,888
12/05/2005,SLC,UT,ANM,WE,Towers with Radar,442,511,49,7,1009,0,34,173,0,207,442,545,222,7,1216,18,4,22,1238
12/06/2005,SLC,UT,ANM,WE,Towers with Radar,409,466,47,7,929,0,11,22,0,33,409,477,69,7,962,0,0,0,962
12/07/2005,SLC,UT,ANM,WE,Towers with Radar,424,479,41,8,952,0,51,153,2,206,424,530,194,10,1158,40,0,40,1198
12/08/2005,SLC,UT,ANM,WE,Towers with Radar,446,516,75,12,1049,0,52,180,0,232,446,568,255,12,1281,10,0,10,1291
12/09/2005,SLC,UT,ANM,WE,Towers with Radar,451,513,52,7,1023,0,42,179,0,221,451,555,231,7,1244,16,0,16,1260
12/10/2005,SLC,UT,ANM,WE,Towers with Radar,367,384,40,2,793,0,27,167,1,195,367,411,207,3,988,20,0,20,1008
12/11/2005,SLC,UT,ANM,WE,Towers with Radar,385,399,40,2,826,0,24,90,0,114,385,423,130,2,940,8,0,8,948
12/12/2005,SLC,UT,ANM,WE,Towers with Radar,424,485,43,5,957,0,48,133,0,181,424,533,176,5,1138,16,0,16,1154
12/13/2005,SLC,UT,ANM,WE,Towers with Radar,425,461,69,8,963,0,43,76,0,119,425,504,145,8,1082,2,0,2,1084
12/14/2005,SLC,UT,ANM,WE,Towers with Radar,438,453,46,6,943,0,41,129,0,170,438,494,175,6,1113,0,0,0,1113
12/15/2005,SLC,UT,ANM,WE,Towers with Radar,454,503,63,6,1026,0,36,165,0,201,454,539,228,6,1227,32,0,32,1259
12/16/2005,SLC,UT,ANM,WE,Towers with Radar,468,545,91,3,1107,0,39,165,0,204,468,584,256,3,1311,72,0,72,1383
12/17/2005,SLC,UT,ANM,WE,Towers with Radar,384,416,71,0,871,0,24,16,0,40,384,440,87,0,911,0,0,0,911
12/18/2005,SLC,UT,ANM,WE,Towers with Radar,412,416,61,2,891,0,10,5,0,15,412,426,66,2,906,0,0,0,906
12/19/2005,SLC,UT,ANM,WE,Towers with Radar,443,558,74,3,1078,0,12,0,0,12,443,570,74,3,1090,0,0,0,1090
12/20/2005,SLC,UT,ANM,WE,Towers with Radar,453,509,80,7,1049,0,33,74,0,107,453,542,154,7,1156,0,0,0,1156
12/21/2005,SLC,UT,ANM,WE,Towers with Radar,476,542,76,14,1108,0,46,137,2,185,476,588,213,16,1293,30,0,30,1323
12/22/2005,SLC,UT,ANM,WE,Towers with Radar,477,576,86,0,1139,0,28,121,0,149,477,604,207,0,1288,0,0,0,1288
12/23/2005,SLC,UT,ANM,WE,Towers with Radar,471,547,47,0,1065,0,47,128,0,175,471,594,175,0,1240,0,0,0,1240
12/24/2005,SLC,UT,ANM,WE,Towers with Radar,382,401,43,0,826,0,28,113,0,141,382,429,156,0,967,0,0,0,967
12/25/2005,SLC,UT,ANM,WE,Towers with Radar,360,360,22,0,742,0,6,13,0,19,360,366,35,0,761,0,0,0,761
12/26/2005,SLC,UT,ANM,WE,Towers with Radar,423,516,114,0,1053,0,17,32,0,49,423,533,146,0,1102,0,0,0,1102
12/27/2005,SLC,UT,ANM,WE,Towers with Radar,439,532,82,2,1055,0,29,121,0,150,439,561,203,2,1205,48,0,48,1253
12/28/2005,SLC,UT,ANM,WE,Towers with Radar,456,551,74,8,1089,0,32,83,0,115,456,583,157,8,1204,18,0,18,1222
12/29/2005,SLC,UT,ANM,WE,Towers with Radar,462,537,49,6,1054,0,25,79,0,104,462,562,128,6,1158,0,0,0,1158
12/30/2005,SLC,UT,ANM,WE,Towers with Radar,459,530,57,0,1046,0,19,45,0,64,459,549,102,0,1110,0,0,0,1110
12/31/2005,SLC,UT,ANM,WE,Towers with Radar,383,424,50,0,857,0,7,11,0,18,383,431,61,0,875,0,0,0,875
01/01/2006,SLC,UT,ANM,WE,Towers with Radar,362,425,98,0,885,0,14,37,0,51,362,439,135,0,936,0,0,0,936
01/02/2006,SLC,UT,ANM,WE,Towers with Radar,422,537,118,1,1078,0,14,15,0,29,422,551,133,1,1107,0,0,0,1107
01/03/2006,SLC,UT,ANM,WE,Towers with Radar,439,536,109,1,1085,0,35,92,0,127,439,571,201,1,1212,0,0,0,1212
01/04/2006,SLC,UT,ANM,WE,Towers with Radar,435,474,64,9,982,0,31,127,0,158,435,505,191,9,1140,0,0,0,1140
01/05/2006,SLC,UT,ANM,WE,Towers with Radar,462,500,65,22,1049,0,42,191,0,233,462,542,256,22,1282,54,6,60,1342
01/06/2006,SLC,UT,ANM,WE,Towers with Radar,459,505,60,10,1034,0,40,189,3,232,459,545,249,13,1266,42,0,42,1308
01/07/2006,SLC,UT,ANM,WE,Towers with Radar,380,386,39,1,806,0,16,105,5,126,380,402,144,6,932,0,0,0,932
01/08/2006,SLC,UT,ANM,WE,Towers with Radar,406,411,58,4,879,0,16,36,2,54,406,427,94,6,933,0,0,0,933
01/09/2006,SLC,UT,ANM,WE,Towers with Radar,439,494,47,3,983,0,27,129,0,156,439,521,176,3,1139,0,0,0,1139
01/10/2006,SLC,UT,ANM,WE,Towers with Radar,409,440,75,7,931,0,35,126,0,161,409,475,201,7,1092,0,0,0,1092
01/11/2006,SLC,UT,ANM,WE,Towers with Radar,417,463,53,7,940,0,14,37,1,52,417,477,90,8,992,0,0,0,992
01/12/2006,SLC,UT,ANM,WE,Towers with Radar,463,519,73,9,1064,0,34,130,0,164,463,553,203,9,1228,0,0,0,1228
01/13/2006,SLC,UT,ANM,WE,Towers with Radar,452,519,100,9,1080,0,33,216,2,251,452,552,316,11,1331,0,0,0,1331
01/14/2006,SLC,UT,ANM,WE,Towers with Radar,373,392,46,9,820,0,14,47,0,61,373,406,93,9,881,0,0,0,881
01/15/2006,SLC,UT,ANM,WE,Towers with Radar,396,385,54,2,837,0,5,6,0,11,396,390,60,2,848,0,0,0,848
01/16/2006,SLC,UT,ANM,WE,Towers with Radar,436,535,145,3,1119,0,17,129,0,146,436,552,274,3,1265,0,0,0,1265
01/17/2006,SLC,UT,ANM,WE,Towers with Radar,421,455,65,5,946,0,23,87,0,110,421,478,152,5,1056,38,0,38,1094
01/18/2006,SLC,UT,ANM,WE,Towers with Radar,418,468,77,12,975,0,22,12,0,34,418,490,89,12,1009,0,0,0,1009
01/19/2006,SLC,UT,ANM,WE,Towers with Radar,463,573,119,7,1162,0,23,49,0,72,463,596,168,7,1234,44,0,44,1278
01/20/2006,SLC,UT,ANM,WE,Towers with Radar,454,543,116,5,1118,0,22,188,0,210,454,565,304,5,1328,52,0,52,1380
01/21/2006,SLC,UT,ANM,WE,Towers with Radar,378,401,73,0,852,0,21,82,0,103,378,422,155,0,955,0,0,0,955
01/22/2006,SLC,UT,ANM,WE,Towers with Radar,400,442,132,3,977,0,15,109,0,124,400,457,241,3,1101,44,0,44,1145
01/23/2006,SLC,UT,ANM,WE,Towers with Radar,443,518,97,0,1058,0,32,137,0,169,443,550,234,0,1227,24,0,24,1251
01/24/2006,SLC,UT,ANM,WE,Towers with Radar,426,466,83,4,979,0,33,194,0,227,426,499,277,4,1206,0,0,0,1206
01/25/2006,SLC,UT,ANM,WE,Towers with Radar,432,484,94,6,1016,0,31,62,0,93,432,515,156,6,1109,0,0,0,1109
01/26/2006,SLC,UT,ANM,WE,Towers with Radar,459,531,82,5,1077,0,17,63,0,80,459,548,145,5,1157,80,0,80,1237
01/27/2006,SLC,UT,ANM,WE,Towers with Radar,454,555,89,2,1100,0,5,12,0,17,454,560,101,2,1117,0,0,0,1117
01/28/2006,SLC,UT,ANM,WE,Towers with Radar,378,391,47,0,816,0,12,61,0,73,378,403,108,0,889,0,0,0,889
01/29/2006,SLC,UT,ANM,WE,Towers with Radar,410,432,97,0,939,0,10,22,0,32,410,442,119,0,971,12,0,12,983
01/30/2006,SLC,UT,ANM,WE,Towers with Radar,427,513,75,0,1015,0,15,73,0,88,427,528,148,0,1103,12,0,12,1115
01/31/2006,SLC,UT,ANM,WE,Towers with Radar,423,451,68,8,950,0,28,103,0,131,423,479,171,8,1081,0,0,0,1081
02/01/2006,SLC,UT,ANM,WE,Towers with Radar,425,480,54,6,965,0,16,12,0,28,425,496,66,6,993,0,0,0,993
02/02/2006,SLC,UT,ANM,WE,Towers with Radar,458,548,71,9,1086,0,21,34,0,55,458,569,105,9,1141,32,0,32,1173
02/03/2006,SLC,UT,ANM,WE,Towers with Radar,452,537,94,8,1091,0,25,208,2,235,452,562,302,10,1326,0,0,0,1326
02/04/2006,SLC,UT,ANM,WE,Towers with Radar,383,391,36,1,811,0,18,132,1,151,383,409,168,2,962,14,0,14,976
02/05/2006,SLC,UT,ANM,WE,Towers with Radar,400,409,58,5,872,0,12,62,4,78,400,421,120,9,950,10,0,10,960
02/06/2006,SLC,UT,ANM,WE,Towers with Radar,426,486,68,0,980,0,33,202,0,235,426,519,270,0,1215,42,0,42,1257
02/07/2006,SLC,UT,ANM,WE,Towers with Radar,417,455,62,9,943,0,32,200,0,232,417,487,262,9,1175,0,0,0,1175
02/08/2006,SLC,UT,ANM,WE,Towers with Radar,413,469,58,12,952,0,33,199,0,232,413,502,257,12,1184,16,0,16,1200
02/09/2006,SLC,UT,ANM,WE,Towers with Radar,453,544,73,10,1080,0,43,197,1,241,453,587,270,11,1321,26,0,26,1347
02/10/2006,SLC,UT,ANM,WE,Towers with Radar,443,520,70,8,1041,0,35,149,1,185,443,555,219,9,1226,34,0,34,1260
02/11/2006,SLC,UT,ANM,WE,Towers with Radar,368,400,35,2,805,0,15,208,0,223,368,415,243,2,1028,20,0,20,1048
02/12/2006,SLC,UT,ANM,WE,Towers with Radar,378,422,56,2,858,0,8,120,0,128,378,430,176,2,986,6,0,6,992
02/13/2006,SLC,UT,ANM,WE,Towers with Radar,425,502,53,3,983,0,40,172,1,213,425,542,225,4,1196,16,0,16,1212
02/14/2006,SLC,UT,ANM,WE,Towers with Radar,423,452,43,10,928,0,27,126,0,153,423,479,169,10,1081,6,0,6,1087
02/15/2006,SLC,UT,ANM,WE,Towers with Radar,407,480,69,0,956,0,6,0,0,6,407,486,69,0,962,0,0,0,962
02/16/2006,SLC,UT,ANM,WE,Towers with Radar,471,573,113,6,1163,0,33,87,0,120,471,606,200,6,1283,32,0,32,1315
02/17/2006,SLC,UT,ANM,WE,Towers with Radar,480,556,112,9,1157,0,37,187,0,224,480,593,299,9,1381,34,0,34,1415
02/18/2006,SLC,UT,ANM,WE,Towers with Radar,387,419,62,1,869,0,9,33,0,42,387,428,95,1,911,12,0,12,923
02/19/2006,SLC,UT,ANM,WE,Towers with Radar,414,431,49,2,896,0,13,11,0,24,414,444,60,2,920,0,0,0,920
02/20/2006,SLC,UT,ANM,WE,Towers with Radar,462,554,166,0,1182,0,13,49,0,62,462,567,215,0,1244,0,0,0,1244
02/21/2006,SLC,UT,ANM,WE,Towers with Radar,435,487,86,1,1009,0,34,167,0,201,435,521,253,1,1210,10,0,10,1220
02/22/2006,SLC,UT,ANM,WE,Towers with Radar,435,494,63,7,999,0,34,147,1,182,435,528,210,8,1181,0,0,0,1181
02/23/2006,SLC,UT,ANM,WE,Towers with Radar,455,537,74,10,1076,0,44,195,4,243,455,581,269,14,1319,22,0,22,1341
02/24/2006,SLC,UT,ANM,WE,Towers with Radar,449,522,80,9,1060,0,44,224,0,268,449,566,304,9,1328,22,0,22,1350
02/25/2006,SLC,UT,ANM,WE,Towers with Radar,383,409,55,1,848,0,27,166,1,194,383,436,221,2,1042,22,0,22,1064
02/26/2006,SLC,UT,ANM,WE,Towers with Radar,400,423,79,4,906,0,8,87,0,95,400,431,166,4,1001,0,0,0,1001
02/27/2006,SLC,UT,ANM,WE,Towers with Radar,441,492,66,1,1000,0,20,58,0,78,441,512,124,1,1078,0,0,0,1078
02/28/2006,SLC,UT,ANM,WE,Towers with Radar,425,478,59,6,968,0,9,2,0,11,425,487,61,6,979,0,0,0,979
03/01/2006,SLC,UT,ANM,WE,Towers with Radar,422,501,117,9,1049,0,41,165,1,207,422,542,282,10,1256,0,0,0,1256
03/02/2006,SLC,UT,ANM,WE,Towers with Radar,444,551,94,10,1099,0,40,164,2,206,444,591,258,12,1305,2,0,2,1307
03/03/2006,SLC,UT,ANM,WE,Towers with Radar,456,551,110,8,1125,0,35,92,0,127,456,586,202,8,1252,2,0,2,1254
03/04/2006,SLC,UT,ANM,WE,Towers with Radar,411,425,54,0,890,0,16,140,0,156,411,441,194,0,1046,0,0,0,1046
03/05/2006,SLC,UT,ANM,WE,Towers with Radar,417,432,66,2,917,0,12,114,4,130,417,444,180,6,1047,8,0,8,1055
03/06/2006,SLC,UT,ANM,WE,Towers with Radar,461,528,60,2,1051,0,19,59,0,78,461,547,119,2,1129,0,0,0,1129
03/07/2006,SLC,UT,ANM,WE,Towers with Radar,452,493,50,3,998,0,24,72,0,96,452,517,122,3,1094,2,0,2,1096
03/08/2006,SLC,UT,ANM,WE,Towers with Radar,473,538,64,9,1084,0,34,86,0,120,473,572,150,9,1204,0,0,0,1204
03/09/2006,SLC,UT,ANM,WE,Towers with Radar,470,511,79,2,1062,0,30,18,0,48,470,541,97,2,1110,0,0,0,1110
03/10/2006,SLC,UT,ANM,WE,Towers with Radar,482,532,94,7,1115,0,42,185,0,227,482,574,279,7,1342,0,0,0,1342
03/11/2006,SLC,UT,ANM,WE,Towers with Radar,434,445,69,0,948,0,20,70,1,91,434,465,139,1,1039,0,0,0,1039
03/12/2006,SLC,UT,ANM,WE,Towers with Radar,427,424,77,2,930,0,9,6,0,15,427,433,83,2,945,0,0,0,945
03/13/2006,SLC,UT,ANM,WE,Towers with Radar,469,525,48,0,1042,0,38,99,0,137,469,563,147,0,1179,0,0,0,1179
03/14/2006,SLC,UT,ANM,WE,Towers with Radar,467,454,35,1,957,0,31,79,0,110,467,485,114,1,1067,0,0,0,1067
03/15/2006,SLC,UT,ANM,WE,Towers with Radar,475,526,70,4,1075,0,42,69,0,111,475,568,139,4,1186,0,0,0,1186
03/16/2006,SLC,UT,ANM,WE,Towers with Radar,473,535,93,5,1106,0,34,186,2,222,473,569,279,7,1328,0,0,0,1328
03/17/2006,SLC,UT,ANM,WE,Towers with Radar,480,565,78,6,1129,0,22,79,1,102,480,587,157,7,1231,0,0,0,1231
03/18/2006,SLC,UT,ANM,WE,Towers with Radar,425,471,95,3,994,0,22,37,0,59,425,493,132,3,1053,2,0,2,1055
03/19/2006,SLC,UT,ANM,WE,Towers with Radar,418,435,89,3,945,0,11,0,0,11,418,446,89,3,956,0,0,0,956
03/20/2006,SLC,UT,ANM,WE,Towers with Radar,458,544,86,6,1094,0,19,31,0,50,458,563,117,6,1144,0,0,0,1144
03/21/2006,SLC,UT,ANM,WE,Towers with Radar,468,495,63,11,1037,0,30,35,0,65,468,525,98,11,1102,0,0,0,1102
03/22/2006,SLC,UT,ANM,WE,Towers with Radar,481,532,80,7,1100,0,42,183,0,225,481,574,263,7,1325,0,0,0,1325
03/23/2006,SLC,UT,ANM,WE,Towers with Radar,482,512,81,6,1081,0,63,212,0,275,482,575,293,6,1356,4,0,4,1360
03/24/2006,SLC,UT,ANM,WE,Towers with Radar,472,521,99,4,1096,0,51,224,2,277,472,572,323,6,1373,14,0,14,1387
03/25/2006,SLC,UT,ANM,WE,Towers with Radar,422,441,71,2,936,0,31,63,0,94,422,472,134,2,1030,8,0,8,1038
03/26/2006,SLC,UT,ANM,WE,Towers with Radar,421,435,63,2,921,0,17,39,0,56,421,452,102,2,977,42,0,42,1019
03/27/2006,SLC,UT,ANM,WE,Towers with Radar,450,490,64,0,1004,0,44,151,0,195,450,534,215,0,1199,46,0,46,1245
03/28/2006,SLC,UT,ANM,WE,Towers with Radar,448,482,62,6,998,0,21,23,0,44,448,503,85,6,1042,0,0,0,1042
03/29/2006,SLC,UT,ANM,WE,Towers with Radar,493,557,60,2,1112,0,23,10,0,33,493,580,70,2,1145,0,0,0,1145
03/30/2006,SLC,UT,ANM,WE,Towers with Radar,465,536,58,4,1063,0,41,173,0,214,465,577,231,4,1277,0,0,0,1277
03/31/2006,SLC,UT,ANM,WE,Towers with Radar,464,532,73,1,1070,0,36,106,0,142,464,568,179,1,1212,0,0,0,1212
04/01/2006,SLC,UT,ANM,WE,Towers with Radar,436,441,28,1,906,0,14,18,0,32,436,455,46,1,938,6,0,6,944
04/02/2006,SLC,UT,ANM,WE,Towers with Radar,415,433,69,2,919,0,8,103,0,111,415,441,172,2,1030,0,0,0,1030
04/03/2006,SLC,UT,ANM,WE,Towers with Radar,432,487,65,1,985,0,37,110,0,147,432,524,175,1,1132,48,0,48,1180
04/04/2006,SLC,UT,ANM,WE,Towers with Radar,433,461,56,9,959,0,23,38,0,61,433,484,94,9,1020,0,0,0,1020
04/05/2006,SLC,UT,ANM,WE,Towers with Radar,453,489,56,6,1004,0,25,13,0,38,453,514,69,6,1042,0,0,0,1042
04/06/2006,SLC,UT,ANM,WE,Towers with Radar,451,533,62,9,1055,0,8,0,0,8,451,541,62,9,1063,0,0,0,1063
04/07/2006,SLC,UT,ANM,WE,Towers with Radar,445,516,74,8,1043,0,38,215,0,253,445,554,289,8,1296,4,0,4,1300
04/08/2006,SLC,UT,ANM,WE,Towers with Radar,411,409,36,4,860,0,26,137,6,169,411,435,173,10,1029,30,0,30,1059
04/09/2006,SLC,UT,ANM,WE,Towers with Radar,412,440,59,4,915,0,17,96,4,117,412,457,155,8,1032,28,0,28,1060
04/10/2006,SLC,UT,ANM,WE,Towers with Radar,435,489,74,2,1000,0,38,82,0,120,435,527,156,2,1120,6,0,6,1126
04/11/2006,SLC,UT,ANM,WE,Towers with Radar,434,468,70,9,981,0,29,80,1,110,434,497,150,10,1091,0,0,0,1091
04/12/2006,SLC,UT,ANM,WE,Towers with Radar,449,510,74,10,1043,0,48,127,1,176,449,558,201,11,1219,0,0,0,1219
04/13/2006,SLC,UT,ANM,WE,Towers with Radar,454,502,69,14,1039,0,52,176,1,229,454,554,245,15,1268,36,0,36,1304
04/14/2006,SLC,UT,ANM,WE,Towers with Radar,460,507,86,6,1059,0,42,108,0,150,460,549,194,6,1209,31,0,31,1240
04/15/2006,SLC,UT,ANM,WE,Towers with Radar,22,7,2,0,31,0,0,1,0,1,22,7,3,0,32,24,0,24,56
04/16/2006,SLC,UT,ANM,WE,Towers with Radar,396,429,33,1,859,0,7,31,0,38,396,436,64,1,897,0,0,0,897
04/17/2006,SLC,UT,ANM,WE,Towers with Radar,439,494,50,2,985,0,9,8,0,17,439,503,58,2,1002,6,0,6,1008
04/18/2006,SLC,UT,ANM,WE,Towers with Radar,453,527,40,8,1028,0,37,89,0,126,453,564,129,8,1154,0,0,0,1154
04/19/2006,SLC,UT,ANM,WE,Towers with Radar,454,504,66,10,1034,0,60,237,1,298,454,564,303,11,1332,0,0,0,1332
04/20/2006,SLC,UT,ANM,WE,Towers with Radar,458,495,68,8,1029,0,53,248,4,305,458,548,316,12,1334,38,0,38,1372
04/21/2006,SLC,UT,ANM,WE,Towers with Radar,452,498,65,5,1020,0,45,209,4,258,452,543,274,9,1278,22,0,22,1300
04/22/2006,SLC,UT,ANM,WE,Towers with Radar,396,398,14,1,809,0,21,153,1,175,396,419,167,2,984,36,0,36,1020
04/23/2006,SLC,UT,ANM,WE,Towers with Radar,414,445,39,1,899,0,18,89,0,107,414,463,128,1,1006,30,0,30,1036
04/24/2006,SLC,UT,ANM,WE,Towers with Radar,438,480,54,4,976,0,20,56,0,76,438,500,110,4,1052,0,0,0,1052
04/25/2006,SLC,UT,ANM,WE,Towers with Radar,461,458,62,6,987,0,54,151,0,205,461,512,213,6,1192,90,0,90,1282
04/26/2006,SLC,UT,ANM,WE,Towers with Radar,441,481,61,6,989,0,52,175,2,229,441,533,236,8,1218,32,0,32,1250
04/27/2006,SLC,UT,ANM,WE,Towers with Radar,448,482,71,10,1011,0,55,164,2,221,448,537,235,12,1232,73,0,73,1305
04/28/2006,SLC,UT,ANM,WE,Towers with Radar,446,488,50,3,987,0,46,140,0,186,446,534,190,3,1173,16,0,16,1189
04/29/2006,SLC,UT,ANM,WE,Towers with Radar,406,365,33,0,804,0,30,147,0,177,406,395,180,0,981,22,0,22,1003
04/30/2006,SLC,UT,ANM,WE,Towers with Radar,414,406,52,1,873,0,20,96,0,116,414,426,148,1,989,54,0,54,1043
05/01/2006,SLC,UT,ANM,WE,Towers with Radar,440,459,43,0,942,0,39,155,0,194,440,498,198,0,1136,42,0,42,1178
05/02/2006,SLC,UT,ANM,WE,Towers with Radar,440,431,52,11,934,0,34,170,1,205,440,465,222,12,1139,76,0,76,1215
05/03/2006,SLC,UT,ANM,WE,Towers with Radar,458,485,73,8,1024,0,40,119,0,159,458,525,192,8,1183,14,0,14,1197
05/04/2006,SLC,UT,ANM,WE,Towers with Radar,464,483,59,13,1019,0,37,80,0,117,464,520,139,13,1136,42,0,42,1178
05/05/2006,SLC,UT,ANM,WE,Towers with Radar,466,501,49,10,1026,0,26,81,1,108,466,527,130,11,1134,4,0,4,1138
05/06/2006,SLC,UT,ANM,WE,Towers with Radar,418,372,23,0,813,0,27,141,0,168,418,399,164,0,981,42,0,42,1023
05/07/2006,SLC,UT,ANM,WE,Towers with Radar,425,401,55,5,886,0,14,99,1,114,425,415,154,6,1000,20,0,20,1020
05/08/2006,SLC,UT,ANM,WE,Towers with Radar,437,477,52,2,968,0,28,80,0,108,437,505,132,2,1076,64,0,64,1140
05/09/2006,SLC,UT,ANM,WE,Towers with Radar,436,426,57,7,926,0,38,162,0,200,436,464,219,7,1126,16,0,16,1142
05/10/2006,SLC,UT,ANM,WE,Towers with Radar,453,472,93,12,1030,0,46,192,0,238,453,518,285,12,1268,52,0,52,1320
05/11/2006,SLC,UT,ANM,WE,Towers with Radar,463,511,82,11,1067,0,46,174,2,222,463,557,256,13,1289,0,0,0,1289
05/12/2006,SLC,UT,ANM,WE,Towers with Radar,469,500,64,2,1035,0,50,202,0,252,469,550,266,2,1287,16,0,16,1303
05/13/2006,SLC,UT,ANM,WE,Towers with Radar,411,381,36,0,828,0,31,182,0,213,411,412,218,0,1041,28,0,28,1069
05/14/2006,SLC,UT,ANM,WE,Towers with Radar,420,411,26,0,857,0,11,77,1,89,420,422,103,1,946,0,0,0,946
05/15/2006,SLC,UT,ANM,WE,Towers with Radar,445,455,54,2,956,0,39,136,0,175,445,494,190,2,1131,0,0,0,1131
05/16/2006,SLC,UT,ANM,WE,Towers with Radar,428,451,42,3,924,0,63,170,2,235,428,514,212,5,1159,6,0,6,1165
05/17/2006,SLC,UT,ANM,WE,Towers with Radar,450,491,63,8,1012,0,51,178,0,229,450,542,241,8,1241,26,0,26,1267
05/18/2006,SLC,UT,ANM,WE,Towers with Radar,461,492,59,8,1020,0,55,166,3,224,461,547,225,11,1244,8,0,8,1252
05/19/2006,SLC,UT,ANM,WE,Towers with Radar,466,479,49,5,999,0,53,134,0,187,466,532,183,5,1186,0,0,0,1186
05/20/2006,SLC,UT,ANM,WE,Towers with Radar,415,367,28,0,810,0,25,78,0,103,415,392,106,0,913,0,0,0,913
05/21/2006,SLC,UT,ANM,WE,Towers with Radar,419,415,26,1,861,0,12,48,0,60,419,427,74,1,921,6,0,6,927
05/22/2006,SLC,UT,ANM,WE,Towers with Radar,440,479,42,5,966,0,31,61,0,92,440,510,103,5,1058,24,0,24,1082
05/23/2006,SLC,UT,ANM,WE,Towers with Radar,438,454,48,6,946,0,40,168,1,209,438,494,216,7,1155,18,0,18,1173
05/24/2006,SLC,UT,ANM,WE,Towers with Radar,452,481,53,3,989,0,48,197,3,248,452,529,250,6,1237,42,0,42,1279
05/25/2006,SLC,UT,ANM,WE,Towers with Radar,465,502,54,6,1027,0,56,174,2,232,465,558,228,8,1259,8,0,8,1267
05/26/2006,SLC,UT,ANM,WE,Towers with Radar,485,498,62,1,1046,0,64,123,2,189,485,562,185,3,1235,10,0,10,1245
05/27/2006,SLC,UT,ANM,WE,Towers with Radar,415,385,25,0,825,0,17,21,0,38,415,402,46,0,863,0,0,0,863
05/28/2006,SLC,UT,ANM,WE,Towers with Radar,388,400,32,0,820,0,6,6,0,12,388,406,38,0,832,10,0,10,842
05/29/2006,SLC,UT,ANM,WE,Towers with Radar,410,445,38,1,894,0,26,124,0,150,410,471,162,1,1044,4,0,4,1048
05/30/2006,SLC,UT,ANM,WE,Towers with Radar,435,470,42,0,947,0,50,160,2,212,435,520,202,2,1159,12,2,14,1173
05/31/2006,SLC,UT,ANM,WE,Towers with Radar,455,479,30,6,970,0,51,178,0,229,455,530,208,6,1199,0,0,0,1199
06/01/2006,SLC,UT,ANM,WE,Towers with Radar,461,488,55,10,1014,0,43,170,2,215,461,531,225,12,1229,8,0,8,1237
06/02/2006,SLC,UT,ANM,WE,Towers with Radar,463,485,79,8,1035,0,52,167,0,219,463,537,246,8,1254,6,0,6,1260
06/03/2006,SLC,UT,ANM,WE,Towers with Radar,421,375,22,2,820,0,32,153,4,189,421,407,175,6,1009,4,0,4,1013
06/04/2006,SLC,UT,ANM,WE,Towers with Radar,425,415,41,2,883,0,17,104,0,121,425,432,145,2,1004,0,0,0,1004
06/05/2006,SLC,UT,ANM,WE,Towers with Radar,451,466,63,2,982,0,50,149,0,199,451,516,212,2,1181,40,0,40,1221
06/06/2006,SLC,UT,ANM,WE,Towers with Radar,450,453,67,1,971,0,41,148,0,189,450,494,215,1,1160,0,0,0,1160
06/07/2006,SLC,UT,ANM,WE,Towers with Radar,446,484,55,4,989,0,56,92,0,148,446,540,147,4,1137,0,0,0,1137
06/08/2006,SLC,UT,ANM,WE,Towers with Radar,499,486,40,6,1031,0,39,88,0,127,499,525,128,6,1158,0,0,0,1158
06/09/2006,SLC,UT,ANM,WE,Towers with Radar,508,506,42,13,1069,0,38,46,0,84,508,544,88,13,1153,0,0,0,1153
06/10/2006,SLC,UT,ANM,WE,Towers with Radar,446,453,24,1,924,0,33,125,1,159,446,486,149,2,1083,0,0,0,1083
06/11/2006,SLC,UT,ANM,WE,Towers with Radar,453,451,35,2,941,0,26,67,1,94,453,477,102,3,1035,0,0,0,1035
06/12/2006,SLC,UT,ANM,WE,Towers with Radar,493,504,46,0,1043,0,42,130,2,174,493,546,176,2,1217,0,0,0,1217
06/13/2006,SLC,UT,ANM,WE,Towers with Radar,486,502,49,7,1044,0,49,115,0,164,486,551,164,7,1208,0,0,0,1208
06/14/2006,SLC,UT,ANM,WE,Towers with Radar,444,466,62,5,977,0,31,75,0,106,444,497,137,5,1083,0,0,0,1083
06/15/2006,SLC,UT,ANM,WE,Towers with Radar,518,510,57,12,1097,0,56,164,0,220,518,566,221,12,1317,0,0,0,1317
06/16/2006,SLC,UT,ANM,WE,Towers with Radar,499,501,57,10,1067,0,57,170,0,227,499,558,227,10,1294,0,0,0,1294
06/17/2006,SLC,UT,ANM,WE,Towers with Radar,450,439,40,8,937,0,30,161,1,192,450,469,201,9,1129,0,0,0,1129
06/18/2006,SLC,UT,ANM,WE,Towers with Radar,460,443,29,0,932,0,23,89,0,112,460,466,118,0,1044,0,0,0,1044
06/19/2006,SLC,UT,ANM,WE,Towers with Radar,478,499,84,1,1062,0,49,121,1,171,478,548,205,2,1233,0,0,0,1233
06/20/2006,SLC,UT,ANM,WE,Towers with Radar,501,496,63,6,1066,0,53,172,3,228,501,549,235,9,1294,0,0,0,1294
06/21/2006,SLC,UT,ANM,WE,Towers with Radar,493,517,89,8,1107,0,55,184,1,240,493,572,273,9,1347,0,0,0,1347
06/22/2006,SLC,UT,ANM,WE,Towers with Radar,553,596,94,11,1254,0,45,173,5,223,553,641,267,16,1477,0,0,0,1477
06/23/2006,SLC,UT,ANM,WE,Towers with Radar,528,520,49,4,1101,0,57,192,1,250,528,577,241,5,1351,0,0,0,1351
06/24/2006,SLC,UT,ANM,WE,Towers with Radar,449,439,35,0,923,0,29,136,0,165,449,468,171,0,1088,0,0,0,1088
06/25/2006,SLC,UT,ANM,WE,Towers with Radar,449,448,28,0,925,0,18,75,0,93,449,466,103,0,1018,0,0,0,1018
06/26/2006,SLC,UT,ANM,WE,Towers with Radar,493,478,63,4,1038,0,38,133,2,173,493,516,196,6,1211,0,0,0,1211
06/27/2006,SLC,UT,ANM,WE,Towers with Radar,486,500,54,7,1047,0,50,173,2,225,486,550,227,9,1272,0,0,0,1272
06/28/2006,SLC,UT,ANM,WE,Towers with Radar,508,505,53,7,1073,0,55,170,0,225,508,560,223,7,1298,0,0,0,1298
06/29/2006,SLC,UT,ANM,WE,Towers with Radar,504,519,83,7,1113,0,59,129,2,190,504,578,212,9,1303,0,0,0,1303
06/30/2006,SLC,UT,ANM,WE,Towers with Radar,561,599,78,12,1250,0,60,120,1,181,561,659,198,13,1431,0,0,0,1431
07/01/2006,SLC,UT,ANM,WE,Towers with Radar,549,578,42,5,1174,0,31,154,0,185,549,609,196,5,1359,0,0,0,1359
07/02/2006,SLC,UT,ANM,WE,Towers with Radar,453,445,19,0,917,0,18,56,0,74,453,463,75,0,991,0,0,0,991
07/03/2006,SLC,UT,ANM,WE,Towers with Radar,467,493,23,0,983,0,29,86,1,116,467,522,109,1,1099,0,0,0,1099
07/04/2006,SLC,UT,ANM,WE,Towers with Radar,434,435,18,2,889,0,12,99,2,113,434,447,117,4,1002,0,0,0,1002
07/05/2006,SLC,UT,ANM,WE,Towers with Radar,501,522,85,5,1113,0,31,98,0,129,501,553,183,5,1242,0,0,0,1242
07/06/2006,SLC,UT,ANM,WE,Towers with Radar,505,516,53,12,1086,0,39,93,0,132,505,555,146,12,1218,0,0,0,1218
07/07/2006,SLC,UT,ANM,WE,Towers with Radar,561,633,52,5,1251,0,51,177,0,228,561,684,229,5,1479,0,0,0,1479
07/08/2006,SLC,UT,ANM,WE,Towers with Radar,549,583,57,7,1196,0,13,149,0,162,549,596,206,7,1358,0,0,0,1358
07/09/2006,SLC,UT,ANM,WE,Towers with Radar,496,501,49,6,1052,0,18,64,4,86,496,519,113,10,1138,0,0,0,1138
07/10/2006,SLC,UT,ANM,WE,Towers with Radar,479,498,64,4,1045,0,31,115,0,146,479,529,179,4,1191,0,0,0,1191
07/11/2006,SLC,UT,ANM,WE,Towers with Radar,480,525,62,9,1076,1,42,132,0,175,481,567,194,9,1251,0,0,0,1251
07/12/2006,SLC,UT,ANM,WE,Towers with Radar,498,532,62,8,1100,0,45,94,4,143,498,577,156,12,1243,0,0,0,1243
07/13/2006,SLC,UT,ANM,WE,Towers with Radar,501,524,63,15,1103,0,42,207,0,249,501,566,270,15,1352,0,0,0,1352
07/14/2006,SLC,UT,ANM,WE,Towers with Radar,501,517,62,2,1082,0,47,178,0,225,501,564,240,2,1307,0,0,0,1307
07/15/2006,SLC,UT,ANM,WE,Towers with Radar,452,457,49,2,960,0,34,140,1,175,452,491,189,3,1135,0,0,0,1135
07/16/2006,SLC,UT,ANM,WE,Towers with Radar,458,459,62,6,985,0,26,61,0,87,458,485,123,6,1072,0,0,0,1072
07/17/2006,SLC,UT,ANM,WE,Towers with Radar,478,492,60,1,1031,0,33,137,0,170,478,525,197,1,1201,0,0,0,1201
07/18/2006,SLC,UT,ANM,WE,Towers with Radar,493,515,55,11,1074,0,53,138,2,193,493,568,193,13,1267,0,0,0,1267
07/19/2006,SLC,UT,ANM,WE,Towers with Radar,515,530,56,9,1110,0,35,125,0,160,515,565,181,9,1270,0,0,0,1270
07/20/2006,SLC,UT,ANM,WE,Towers with Radar,495,538,55,7,1095,1,38,164,1,204,496,576,219,8,1299,0,0,0,1299
07/21/2006,SLC,UT,ANM,WE,Towers with Radar,500,515,72,7,1094,0,44,190,1,235,500,559,262,8,1329,0,0,0,1329
07/22/2006,SLC,UT,ANM,WE,Towers with Radar,456,459,27,2,944,0,18,125,0,143,456,477,152,2,1087,0,0,0,1087
07/23/2006,SLC,UT,ANM,WE,Towers with Radar,449,453,34,1,937,0,22,52,1,75,449,475,86,2,1012,0,0,0,1012
07/24/2006,SLC,UT,ANM,WE,Towers with Radar,473,507,56,1,1037,0,34,102,4,140,473,541,158,5,1177,0,0,0,1177
07/25/2006,SLC,UT,ANM,WE,Towers with Radar,494,527,43,5,1069,0,57,125,1,183,494,584,168,6,1252,0,0,0,1252
07/26/2006,SLC,UT,ANM,WE,Towers with Radar,499,536,63,16,1114,0,37,129,0,166,499,573,192,16,1280,0,0,0,1280
07/27/2006,SLC,UT,ANM,WE,Towers with Radar,501,545,65,12,1123,0,46,151,0,197,501,591,216,12,1320,0,0,0,1320
07/28/2006,SLC,UT,ANM,WE,Towers with Radar,505,529,58,6,1098,0,47,137,0,184,505,576,195,6,1282,0,0,0,1282
07/29/2006,SLC,UT,ANM,WE,Towers with Radar,456,469,49,4,978,0,37,98,1,136,456,506,147,5,1114,0,0,0,1114
07/30/2006,SLC,UT,ANM,WE,Towers with Radar,453,463,34,2,952,0,23,51,0,74,453,486,85,2,1026,0,0,0,1026
07/31/2006,SLC,UT,ANM,WE,Towers with Radar,487,503,52,2,1044,0,37,94,0,131,487,540,146,2,1175,0,0,0,1175
08/01/2006,SLC,UT,ANM,WE,Towers with Radar,489,541,70,6,1106,0,26,68,0,94,489,567,138,6,1200,0,0,0,1200
08/02/2006,SLC,UT,ANM,WE,Towers with Radar,495,531,71,15,1112,0,48,132,1,181,495,579,203,16,1293,0,0,0,1293
08/03/2006,SLC,UT,ANM,WE,Towers with Radar,501,550,85,9,1145,0,45,109,1,155,501,595,194,10,1300,0,0,0,1300
08/04/2006,SLC,UT,ANM,WE,Towers with Radar,506,528,50,12,1096,0,59,132,0,191,506,587,182,12,1287,0,0,0,1287
08/05/2006,SLC,UT,ANM,WE,Towers with Radar,453,465,38,2,958,0,29,130,3,162,453,494,168,5,1120,0,0,0,1120
08/06/2006,SLC,UT,ANM,WE,Towers with Radar,457,474,56,1,988,0,9,62,0,71,457,483,118,1,1059,0,0,0,1059
08/07/2006,SLC,UT,ANM,WE,Towers with Radar,486,512,46,3,1047,0,25,95,0,120,486,537,141,3,1167,0,0,0,1167
08/08/2006,SLC,UT,ANM,WE,Towers with Radar,494,526,61,8,1089,0,35,118,0,153,494,561,179,8,1242,0,0,0,1242
08/09/2006,SLC,UT,ANM,WE,Towers with Radar,503,525,61,11,1100,0,53,162,0,215,503,578,223,11,1315,0,0,0,1315
08/10/2006,SLC,UT,ANM,WE,Towers with Radar,508,539,68,9,1124,0,43,162,0,205,508,582,230,9,1329,0,0,0,1329
08/11/2006,SLC,UT,ANM,WE,Towers with Radar,511,538,82,7,1138,0,55,113,1,169,511,593,195,8,1307,0,0,0,1307
08/12/2006,SLC,UT,ANM,WE,Towers with Radar,460,480,40,2,982,0,22,116,3,141,460,502,156,5,1123,0,0,0,1123
08/13/2006,SLC,UT,ANM,WE,Towers with Radar,463,482,50,0,995,0,21,107,0,128,463,503,157,0,1123,0,0,0,1123
08/14/2006,SLC,UT,ANM,WE,Towers with Radar,489,495,62,4,1050,0,36,119,1,156,489,531,181,5,1206,0,0,0,1206
08/15/2006,SLC,UT,ANM,WE,Towers with Radar,490,532,51,12,1085,0,39,109,1,149,490,571,160,13,1234,0,0,0,1234
08/16/2006,SLC,UT,ANM,WE,Towers with Radar,503,526,65,6,1100,0,43,113,1,157,503,569,178,7,1257,0,0,0,1257
08/17/2006,SLC,UT,ANM,WE,Towers with Radar,514,533,68,10,1125,0,53,177,3,233,514,586,245,13,1358,0,0,0,1358
08/18/2006,SLC,UT,ANM,WE,Towers with Radar,502,521,55,3,1081,0,45,197,0,242,502,566,252,3,1323,0,0,0,1323
08/19/2006,SLC,UT,ANM,WE,Towers with Radar,459,456,24,4,943,0,19,137,0,156,459,475,161,4,1099,0,0,0,1099
08/20/2006,SLC,UT,ANM,WE,Towers with Radar,465,476,49,5,995,0,35,84,0,119,465,511,133,5,1114,0,0,0,1114
08/21/2006,SLC,UT,ANM,WE,Towers with Radar,487,495,51,5,1038,0,42,122,2,166,487,537,173,7,1204,0,0,0,1204
08/22/2006,SLC,UT,ANM,WE,Towers with Radar,495,519,61,9,1084,0,59,151,1,211,495,578,212,10,1295,0,0,0,1295
08/23/2006,SLC,UT,ANM,WE,Towers with Radar,509,521,73,9,1112,0,43,88,5,136,509,564,161,14,1248,0,0,0,1248
08/24/2006,SLC,UT,ANM,WE,Towers with Radar,504,530,68,11,1113,0,41,167,2,210,504,571,235,13,1323,0,0,0,1323
08/25/2006,SLC,UT,ANM,WE,Towers with Radar,510,525,55,6,1096,0,46,112,0,158,510,571,167,6,1254,0,0,0,1254
08/26/2006,SLC,UT,ANM,WE,Towers with Radar,446,457,26,4,933,0,31,127,0,158,446,488,153,4,1091,0,0,0,1091
08/27/2006,SLC,UT,ANM,WE,Towers with Radar,456,470,54,2,982,0,13,118,0,131,456,483,172,2,1113,0,0,0,1113
08/28/2006,SLC,UT,ANM,WE,Towers with Radar,485,487,46,2,1020,0,47,129,4,180,485,534,175,6,1200,0,0,0,1200
08/29/2006,SLC,UT,ANM,WE,Towers with Radar,493,516,84,16,1109,0,63,119,8,190,493,579,203,24,1299,0,0,0,1299
08/30/2006,SLC,UT,ANM,WE,Towers with Radar,482,512,43,6,1043,0,50,108,2,160,482,562,151,8,1203,0,0,0,1203
08/31/2006,SLC,UT,ANM,WE,Towers with Radar,518,529,29,12,1088,0,34,105,1,140,518,563,134,13,1228,0,0,0,1228
09/01/2006,SLC,UT,ANM,WE,Towers with Radar,507,529,68,4,1108,1,43,197,2,243,508,572,265,6,1351,0,0,0,1351
09/02/2006,SLC,UT,ANM,WE,Towers with Radar,462,440,42,0,944,0,15,120,0,135,462,455,162,0,1079,0,0,0,1079
09/03/2006,SLC,UT,ANM,WE,Towers with Radar,438,420,40,0,898,0,23,77,2,102,438,443,117,2,1000,0,0,0,1000
09/04/2006,SLC,UT,ANM,WE,Towers with Radar,453,462,51,2,968,0,26,167,1,194,453,488,218,3,1162,0,0,0,1162
09/05/2006,SLC,UT,ANM,WE,Towers with Radar,480,504,38,1,1023,0,47,141,0,188,480,551,179,1,1211,0,0,0,1211
09/06/2006,SLC,UT,ANM,WE,Towers with Radar,454,469,54,10,987,0,46,169,0,215,454,515,223,10,1202,0,0,0,1202
09/07/2006,SLC,UT,ANM,WE,Towers with Radar,470,497,63,6,1036,0,43,149,2,194,470,540,212,8,1230,0,0,0,1230
09/08/2006,SLC,UT,ANM,WE,Towers with Radar,476,508,55,6,1045,0,27,145,2,174,476,535,200,8,1219,0,0,0,1219
09/09/2006,SLC,UT,ANM,WE,Towers with Radar,427,404,28,1,860,0,16,98,5,119,427,420,126,6,979,0,0,0,979
09/10/2006,SLC,UT,ANM,WE,Towers with Radar,424,433,38,0,895,0,11,110,2,123,424,444,148,2,1018,0,0,0,1018
09/11/2006,SLC,UT,ANM,WE,Towers with Radar,448,500,51,0,999,0,34,159,0,193,448,534,210,0,1192,0,0,0,1192
09/12/2006,SLC,UT,ANM,WE,Towers with Radar,443,445,49,12,949,0,42,177,2,221,443,487,226,14,1170,0,0,0,1170
09/13/2006,SLC,UT,ANM,WE,Towers with Radar,451,483,57,4,995,0,43,166,1,210,451,526,223,5,1205,0,0,0,1205
09/14/2006,SLC,UT,ANM,WE,Towers with Radar,471,509,65,7,1052,0,42,66,1,109,471,551,131,8,1161,0,0,0,1161
09/15/2006,SLC,UT,ANM,WE,Towers with Radar,445,496,70,4,1015,0,32,29,1,62,445,528,99,5,1077,0,0,0,1077
09/16/2006,SLC,UT,ANM,WE,Towers with Radar,439,451,35,2,927,0,12,28,1,41,439,463,63,3,968,0,0,0,968
09/17/2006,SLC,UT,ANM,WE,Towers with Radar,425,430,48,5,908,0,13,87,0,100,425,443,135,5,1008,0,0,0,1008
09/18/2006,SLC,UT,ANM,WE,Towers with Radar,454,496,50,1,1001,0,43,200,0,243,454,539,250,1,1244,0,0,0,1244
09/19/2006,SLC,UT,ANM,WE,Towers with Radar,436,451,51,4,942,0,32,140,0,172,436,483,191,4,1114,0,0,0,1114
09/20/2006,SLC,UT,ANM,WE,Towers with Radar,450,483,73,9,1015,0,39,20,0,59,450,522,93,9,1074,0,0,0,1074
09/21/2006,SLC,UT,ANM,WE,Towers with Radar,469,510,73,9,1061,0,21,70,0,91,469,531,143,9,1152,0,0,0,1152
09/22/2006,SLC,UT,ANM,WE,Towers with Radar,461,543,66,4,1074,0,20,44,0,64,461,563,110,4,1138,0,0,0,1138
09/23/2006,SLC,UT,ANM,WE,Towers with Radar,417,426,31,0,874,0,22,152,0,174,417,448,183,0,1048,0,0,0,1048
09/24/2006,SLC,UT,ANM,WE,Towers with Radar,436,447,48,0,931,0,3,126,0,129,436,450,174,0,1060,0,0,0,1060
09/25/2006,SLC,UT,ANM,WE,Towers with Radar,454,485,48,0,987,0,25,193,0,218,454,510,241,0,1205,0,0,0,1205
09/26/2006,SLC,UT,ANM,WE,Towers with Radar,433,460,59,3,955,0,27,209,0,236,433,487,268,3,1191,0,0,0,1191
09/27/2006,SLC,UT,ANM,WE,Towers with Radar,449,447,54,8,958,0,36,196,0,232,449,483,250,8,1190,0,0,0,1190
09/28/2006,SLC,UT,ANM,WE,Towers with Radar,468,522,70,1,1061,0,42,218,0,260,468,564,288,1,1321,0,0,0,1321
09/29/2006,SLC,UT,ANM,WE,Towers with Radar,477,516,68,5,1066,0,35,209,0,244,477,551,277,5,1310,0,0,0,1310
09/30/2006,SLC,UT,ANM,WE,Towers with Radar,414,405,44,0,863,0,23,146,0,169,414,428,190,0,1032,0,0,0,1032
10/01/2006,SLC,UT,ANM,WE,Towers with Radar,421,413,31,0,865,0,12,104,0,116,421,425,135,0,981,0,0,0,981
10/02/2006,SLC,UT,ANM,WE,Towers with Radar,444,485,54,5,988,0,16,55,0,71,444,501,109,5,1059,0,0,0,1059
10/03/2006,SLC,UT,ANM,WE,Towers with Radar,445,471,65,5,986,0,32,165,0,197,445,503,230,5,1183,0,0,0,1183
10/04/2006,SLC,UT,ANM,WE,Towers with Radar,440,477,56,3,976,0,27,93,2,122,440,504,149,5,1098,0,0,0,1098
10/05/2006,SLC,UT,ANM,WE,Towers with Radar,468,510,61,7,1046,0,28,48,1,77,468,538,109,8,1123,0,0,0,1123
10/06/2006,SLC,UT,ANM,WE,Towers with Radar,470,508,67,4,1049,0,12,40,0,52,470,520,107,4,1101,0,0,0,1101
10/07/2006,SLC,UT,ANM,WE,Towers with Radar,425,404,24,0,853,0,18,76,0,94,425,422,100,0,947,0,0,0,947
10/08/2006,SLC,UT,ANM,WE,Towers with Radar,422,422,47,2,893,0,1,116,0,117,422,423,163,2,1010,0,0,0,1010
10/09/2006,SLC,UT,ANM,WE,Towers with Radar,446,468,62,1,977,0,20,152,1,173,446,488,214,2,1150,0,0,0,1150
10/10/2006,SLC,UT,ANM,WE,Towers with Radar,435,461,44,3,943,0,34,137,3,174,435,495,181,6,1117,0,0,0,1117
10/11/2006,SLC,UT,ANM,WE,Towers with Radar,447,472,51,7,977,0,43,185,0,228,447,515,236,7,1205,0,0,0,1205
10/12/2006,SLC,UT,ANM,WE,Towers with Radar,473,492,60,12,1037,0,37,214,0,251,473,529,274,12,1288,0,0,0,1288
10/13/2006,SLC,UT,ANM,WE,Towers with Radar,479,502,41,1,1023,0,40,193,0,233,479,542,234,1,1256,0,0,0,1256
10/14/2006,SLC,UT,ANM,WE,Towers with Radar,424,342,28,0,794,0,16,127,1,144,424,358,155,1,938,0,0,0,938
10/15/2006,SLC,UT,ANM,WE,Towers with Radar,427,435,22,3,887,0,14,97,0,111,427,449,119,3,998,0,0,0,998
10/16/2006,SLC,UT,ANM,WE,Towers with Radar,451,499,53,1,1004,1,22,38,0,61,452,521,91,1,1065,0,0,0,1065
10/17/2006,SLC,UT,ANM,WE,Towers with Radar,434,462,49,9,954,0,23,66,0,89,434,485,115,9,1043,0,0,0,1043
10/18/2006,SLC,UT,ANM,WE,Towers with Radar,458,481,49,3,991,0,44,164,2,210,458,525,213,5,1201,0,0,0,1201
10/19/2006,SLC,UT,ANM,WE,Towers with Radar,475,513,73,8,1069,0,22,156,2,180,475,535,229,10,1249,0,0,0,1249
10/20/2006,SLC,UT,ANM,WE,Towers with Radar,474,503,48,6,1031,0,26,76,0,102,474,529,124,6,1133,0,0,0,1133
10/21/2006,SLC,UT,ANM,WE,Towers with Radar,425,394,17,2,838,0,26,168,1,195,425,420,185,3,1033,0,0,0,1033
10/22/2006,SLC,UT,ANM,WE,Towers with Radar,416,405,30,0,851,0,9,133,0,142,416,414,163,0,993,0,0,0,993
10/23/2006,SLC,UT,ANM,WE,Towers with Radar,459,488,45,7,999,0,35,165,0,200,459,523,210,7,1199,0,0,0,1199
10/24/2006,SLC,UT,ANM,WE,Towers with Radar,437,442,50,8,937,0,31,179,1,211,437,473,229,9,1148,0,0,0,1148
10/25/2006,SLC,UT,ANM,WE,Towers with Radar,446,487,61,7,1001,0,23,11,1,35,446,510,72,8,1036,0,0,0,1036
10/26/2006,SLC,UT,ANM,WE,Towers with Radar,543,587,89,21,1240,0,25,215,2,242,543,612,304,23,1482,0,0,0,1482
10/27/2006,SLC,UT,ANM,WE,Towers with Radar,555,631,77,1,1264,0,35,262,3,300,555,666,339,4,1564,0,0,0,1564
10/28/2006,SLC,UT,ANM,WE,Towers with Radar,510,504,35,6,1055,0,28,213,0,241,510,532,248,6,1296,0,0,0,1296
10/29/2006,SLC,UT,ANM,WE,Towers with Radar,491,517,38,4,1050,0,16,138,0,154,491,533,176,4,1204,0,0,0,1204
10/30/2006,SLC,UT,ANM,WE,Towers with Radar,440,486,36,2,964,0,35,134,0,169,440,521,170,2,1133,0,0,0,1133
10/31/2006,SLC,UT,ANM,WE,Towers with Radar,433,445,39,9,926,0,35,173,1,209,433,480,212,10,1135,0,0,0,1135
11/01/2006,SLC,UT,ANM,WE,Towers with Radar,446,468,59,8,981,0,28,195,2,225,446,496,254,10,1206,0,0,0,1206
11/02/2006,SLC,UT,ANM,WE,Towers with Radar,466,491,60,12,1029,0,45,164,1,210,466,536,224,13,1239,0,0,0,1239
11/03/2006,SLC,UT,ANM,WE,Towers with Radar,471,485,55,0,1011,0,21,172,0,193,471,506,227,0,1204,0,0,0,1204
11/04/2006,SLC,UT,ANM,WE,Towers with Radar,414,391,32,2,839,0,17,71,0,88,414,408,103,2,927,0,0,0,927
11/05/2006,SLC,UT,ANM,WE,Towers with Radar,414,422,49,5,890,0,12,93,0,105,414,434,142,5,995,0,0,0,995
11/06/2006,SLC,UT,ANM,WE,Towers with Radar,447,475,51,3,976,0,35,153,1,189,447,510,204,4,1165,0,0,0,1165
11/07/2006,SLC,UT,ANM,WE,Towers with Radar,441,451,62,9,963,0,29,167,0,196,441,480,229,9,1159,0,0,0,1159
11/08/2006,SLC,UT,ANM,WE,Towers with Radar,441,466,58,8,973,0,38,162,0,200,441,504,220,8,1173,0,0,0,1173
11/09/2006,SLC,UT,ANM,WE,Towers with Radar,468,514,70,0,1052,0,12,28,0,40,468,526,98,0,1092,0,0,0,1092
11/10/2006,SLC,UT,ANM,WE,Towers with Radar,473,500,58,0,1031,0,36,201,0,237,473,536,259,0,1268,0,0,0,1268
11/11/2006,SLC,UT,ANM,WE,Towers with Radar,414,396,25,1,836,0,18,32,0,50,414,414,57,1,886,0,0,0,886
11/12/2006,SLC,UT,ANM,WE,Towers with Radar,425,423,46,0,894,0,10,116,0,126,425,433,162,0,1020,0,0,0,1020
11/13/2006,SLC,UT,ANM,WE,Towers with Radar,438,492,47,3,980,2,21,17,0,40,440,513,64,3,1020,0,0,0,1020
11/14/2006,SLC,UT,ANM,WE,Towers with Radar,440,489,53,6,988,0,28,30,0,58,440,517,83,6,1046,0,0,0,1046
11/15/2006,SLC,UT,ANM,WE,Towers with Radar,433,470,65,4,972,0,32,164,2,198,433,502,229,6,1170,0,0,0,1170
11/16/2006,SLC,UT,ANM,WE,Towers with Radar,472,502,74,10,1058,0,19,153,0,172,472,521,227,10,1230,0,0,0,1230
11/17/2006,SLC,UT,ANM,WE,Towers with Radar,476,502,64,9,1051,0,32,177,0,209,476,534,241,9,1260,0,0,0,1260
11/18/2006,SLC,UT,ANM,WE,Towers with Radar,419,405,36,2,862,0,16,161,0,177,419,421,197,2,1039,0,0,0,1039
11/19/2006,SLC,UT,ANM,WE,Towers with Radar,427,426,38,1,892,0,11,137,1,149,427,437,175,2,1041,0,0,0,1041
11/20/2006,SLC,UT,ANM,WE,Towers with Radar,435,436,49,3,923,0,41,165,0,206,435,477,214,3,1129,0,0,0,1129
11/21/2006,SLC,UT,ANM,WE,Towers with Radar,468,526,85,3,1082,0,41,107,0,148,468,567,192,3,1230,0,0,0,1230
11/22/2006,SLC,UT,ANM,WE,Towers with Radar,479,528,70,2,1079,0,39,140,0,179,479,567,210,2,1258,0,0,0,1258
11/23/2006,SLC,UT,ANM,WE,Towers with Radar,312,305,16,4,637,0,10,21,0,31,312,315,37,4,668,0,0,0,668
11/24/2006,SLC,UT,ANM,WE,Towers with Radar,329,358,27,0,714,0,31,160,0,191,329,389,187,0,905,0,0,0,905
11/25/2006,SLC,UT,ANM,WE,Towers with Radar,429,432,49,0,910,0,18,157,0,175,429,450,206,0,1085,0,0,0,1085
11/26/2006,SLC,UT,ANM,WE,Towers with Radar,437,440,101,1,979,0,6,111,0,117,437,446,212,1,1096,0,0,0,1096
11/27/2006,SLC,UT,ANM,WE,Towers with Radar,448,494,66,1,1009,0,16,17,0,33,448,510,83,1,1042,0,0,0,1042
11/28/2006,SLC,UT,ANM,WE,Towers with Radar,463,471,47,7,988,0,15,6,0,21,463,486,53,7,1009,0,0,0,1009
11/29/2006,SLC,UT,ANM,WE,Towers with Radar,460,452,46,7,965,0,33,91,0,124,460,485,137,7,1089,0,0,0,1089
11/30/2006,SLC,UT,ANM,WE,Towers with Radar,465,490,73,8,1036,0,17,167,4,188,465,507,240,12,1224,0,0,0,1224
12/01/2006,SLC,UT,ANM,WE,Towers with Radar,451,513,61,2,1027,2,34,103,0,139,453,547,164,2,1166,0,0,0,1166
12/02/2006,SLC,UT,ANM,WE,Towers with Radar,435,394,42,2,873,0,23,144,0,167,435,417,186,2,1040,0,0,0,1040
12/03/2006,SLC,UT,ANM,WE,Towers with Radar,435,419,49,2,905,0,11,86,0,97,435,430,135,2,1002,0,0,0,1002
12/04/2006,SLC,UT,ANM,WE,Towers with Radar,456,474,67,2,999,0,45,144,0,189,456,519,211,2,1188,0,0,0,1188
12/05/2006,SLC,UT,ANM,WE,Towers with Radar,453,481,43,4,981,2,33,143,0,178,455,514,186,4,1159,0,0,0,1159
12/06/2006,SLC,UT,ANM,WE,Towers with Radar,458,470,50,5,983,0,23,176,0,199,458,493,226,5,1182,0,0,0,1182
12/07/2006,SLC,UT,ANM,WE,Towers with Radar,479,494,52,5,1030,0,34,161,0,195,479,528,213,5,1225,0,0,0,1225
12/08/2006,SLC,UT,ANM,WE,Towers with Radar,469,497,60,1,1027,0,33,121,0,154,469,530,181,1,1181,0,0,0,1181
12/09/2006,SLC,UT,ANM,WE,Towers with Radar,419,389,36,0,844,0,21,122,0,143,419,410,158,0,987,0,0,0,987
12/10/2006,SLC,UT,ANM,WE,Towers with Radar,418,410,34,0,862,0,13,22,0,35,418,423,56,0,897,0,0,0,897
12/11/2006,SLC,UT,ANM,WE,Towers with Radar,462,510,65,2,1039,0,19,60,0,79,462,529,125,2,1118,0,0,0,1118
12/12/2006,SLC,UT,ANM,WE,Towers with Radar,462,489,53,4,1008,0,16,43,0,59,462,505,96,4,1067,0,0,0,1067
12/13/2006,SLC,UT,ANM,WE,Towers with Radar,459,505,80,0,1044,0,21,75,0,96,459,526,155,0,1140,0,0,0,1140
12/14/2006,SLC,UT,ANM,WE,Towers with Radar,482,519,58,0,1059,0,14,96,1,111,482,533,154,1,1170,0,0,0,1170
12/15/2006,SLC,UT,ANM,WE,Towers with Radar,465,510,89,3,1067,0,26,65,0,91,465,536,154,3,1158,0,0,0,1158
12/16/2006,SLC,UT,ANM,WE,Towers with Radar,456,475,60,1,992,0,18,27,0,45,456,493,87,1,1037,0,0,0,1037
12/17/2006,SLC,UT,ANM,WE,Towers with Radar,427,403,45,0,875,0,4,1,0,5,427,407,46,0,880,0,0,0,880
12/18/2006,SLC,UT,ANM,WE,Towers with Radar,473,508,96,2,1079,0,21,80,2,103,473,529,176,4,1182,0,0,0,1182
12/19/2006,SLC,UT,ANM,WE,Towers with Radar,484,498,92,2,1076,0,31,147,0,178,484,529,239,2,1254,0,0,0,1254
12/20/2006,SLC,UT,ANM,WE,Towers with Radar,488,556,99,5,1148,0,57,158,1,216,488,613,257,6,1364,0,0,0,1364
12/21/2006,SLC,UT,ANM,WE,Towers with Radar,480,562,124,6,1172,0,34,154,0,188,480,596,278,6,1360,0,0,0,1360
12/22/2006,SLC,UT,ANM,WE,Towers with Radar,483,568,144,0,1195,0,3,2,0,5,483,571,146,0,1200,0,0,0,1200
12/23/2006,SLC,UT,ANM,WE,Towers with Radar,472,568,86,0,1126,0,28,40,0,68,472,596,126,0,1194,0,0,0,1194
12/24/2006,SLC,UT,ANM,WE,Towers with Radar,425,399,35,0,859,0,11,37,0,48,425,410,72,0,907,0,0,0,907
12/25/2006,SLC,UT,ANM,WE,Towers with Radar,359,363,21,0,743,0,8,12,0,20,359,371,33,0,763,0,0,0,763
12/26/2006,SLC,UT,ANM,WE,Towers with Radar,456,542,115,0,1113,0,15,70,0,85,456,557,185,0,1198,0,0,0,1198
12/27/2006,SLC,UT,ANM,WE,Towers with Radar,478,551,96,0,1125,0,12,9,0,21,478,563,105,0,1146,0,0,0,1146
12/28/2006,SLC,UT,ANM,WE,Towers with Radar,487,542,78,0,1107,0,14,26,0,40,487,556,104,0,1147,0,0,0,1147
12/29/2006,SLC,UT,ANM,WE,Towers with Radar,480,521,56,2,1059,0,23,160,0,183,480,544,216,2,1242,0,0,0,1242
12/30/2006,SLC,UT,ANM,WE,Towers with Radar,463,492,65,0,1020,0,10,125,0,135,463,502,190,0,1155,0,0,0,1155
12/31/2006,SLC,UT,ANM,WE,Towers with Radar,421,406,47,0,874,0,13,58,0,71,421,419,105,0,945,0,0,0,945
01/01/2007,SLC,UT,ANM,WE,Towers with Radar,402,436,103,0,941,0,10,25,0,35,402,446,128,0,976,0,0,0,976
01/02/2007,SLC,UT,ANM,WE,Towers with Radar,471,544,121,0,1136,0,16,105,0,121,471,560,226,0,1257,0,0,0,1257
01/03/2007,SLC,UT,ANM,WE,Towers with Radar,482,541,80,7,1110,0,25,125,1,151,482,566,205,8,1261,0,0,0,1261
01/04/2007,SLC,UT,ANM,WE,Towers with Radar,458,416,81,4,959,0,9,4,0,13,458,425,85,4,972,0,0,0,972
01/05/2007,SLC,UT,ANM,WE,Towers with Radar,500,555,57,3,1115,0,25,60,0,85,500,580,117,3,1200,0,0,0,1200
01/06/2007,SLC,UT,ANM,WE,Towers with Radar,430,445,87,6,968,0,14,68,1,83,430,459,155,7,1051,0,0,0,1051
01/07/2007,SLC,UT,ANM,WE,Towers with Radar,428,462,46,4,940,0,9,80,0,89,428,471,126,4,1029,0,0,0,1029
01/08/2007,SLC,UT,ANM,WE,Towers with Radar,465,511,57,0,1033,0,13,114,0,127,465,524,171,0,1160,0,0,0,1160
01/09/2007,SLC,UT,ANM,WE,Towers with Radar,445,487,66,15,1013,0,39,188,1,228,445,526,254,16,1241,0,0,0,1241
01/10/2007,SLC,UT,ANM,WE,Towers with Radar,446,499,57,10,1012,0,21,132,0,153,446,520,189,10,1165,0,0,0,1165
01/11/2007,SLC,UT,ANM,WE,Towers with Radar,456,496,88,3,1043,0,10,4,0,14,456,506,92,3,1057,0,0,0,1057
01/12/2007,SLC,UT,ANM,WE,Towers with Radar,470,555,99,3,1127,0,17,16,0,33,470,572,115,3,1160,0,0,0,1160
01/13/2007,SLC,UT,ANM,WE,Towers with Radar,412,420,43,1,876,0,10,95,0,105,412,430,138,1,981,0,0,0,981
01/14/2007,SLC,UT,ANM,WE,Towers with Radar,420,409,49,1,879,0,26,55,0,81,420,435,104,1,960,0,0,0,960
01/15/2007,SLC,UT,ANM,WE,Towers with Radar,447,534,107,0,1088,0,24,128,0,152,447,558,235,0,1240,0,0,0,1240
01/16/2007,SLC,UT,ANM,WE,Towers with Radar,438,473,70,5,986,0,32,156,0,188,438,505,226,5,1174,0,0,0,1174
01/17/2007,SLC,UT,ANM,WE,Towers with Radar,460,564,80,8,1112,0,39,136,0,175,460,603,216,8,1287,0,0,0,1287
01/18/2007,SLC,UT,ANM,WE,Towers with Radar,480,573,132,7,1192,0,35,144,0,179,480,608,276,7,1371,0,0,0,1371
01/19/2007,SLC,UT,ANM,WE,Towers with Radar,472,528,118,4,1122,0,39,134,3,176,472,567,252,7,1298,0,0,0,1298
01/20/2007,SLC,UT,ANM,WE,Towers with Radar,417,449,61,1,928,0,13,37,0,50,417,462,98,1,978,0,0,0,978
01/21/2007,SLC,UT,ANM,WE,Towers with Radar,417,458,101,3,979,0,10,26,0,36,417,468,127,3,1015,0,0,0,1015
01/22/2007,SLC,UT,ANM,WE,Towers with Radar,460,533,80,4,1077,0,25,126,0,151,460,558,206,4,1228,0,0,0,1228
01/23/2007,SLC,UT,ANM,WE,Towers with Radar,454,498,77,9,1038,0,37,176,0,213,454,535,253,9,1251,0,0,0,1251
01/24/2007,SLC,UT,ANM,WE,Towers with Radar,451,519,90,4,1064,0,48,168,0,216,451,567,258,4,1280,0,0,0,1280
01/25/2007,SLC,UT,ANM,WE,Towers with Radar,455,511,103,9,1078,1,31,123,0,155,456,542,226,9,1233,0,0,0,1233
01/26/2007,SLC,UT,ANM,WE,Towers with Radar,447,413,111,4,975,0,3,2,4,9,447,416,113,8,984,0,0,0,984
01/27/2007,SLC,UT,ANM,WE,Towers with Radar,440,469,72,0,981,0,4,2,0,6,440,473,74,0,987,0,0,0,987
01/28/2007,SLC,UT,ANM,WE,Towers with Radar,428,456,108,1,993,0,13,30,0,43,428,469,138,1,1036,0,0,0,1036
01/29/2007,SLC,UT,ANM,WE,Towers with Radar,457,500,72,4,1033,0,26,25,0,51,457,526,97,4,1084,0,0,0,1084
01/30/2007,SLC,UT,ANM,WE,Towers with Radar,450,501,83,9,1043,0,16,25,6,47,450,517,108,15,1090,0,0,0,1090
01/31/2007,SLC,UT,ANM,WE,Towers with Radar,444,476,64,4,988,0,27,62,0,89,444,503,126,4,1077,0,0,0,1077
02/01/2007,SLC,UT,ANM,WE,Towers with Radar,459,521,83,10,1073,0,12,24,0,36,459,533,107,10,1109,0,0,0,1109
02/02/2007,SLC,UT,ANM,WE,Towers with Radar,471,526,83,6,1086,0,22,176,0,198,471,548,259,6,1284,0,0,0,1284
02/03/2007,SLC,UT,ANM,WE,Towers with Radar,422,429,37,2,890,1,24,194,0,219,423,453,231,2,1109,0,0,0,1109
02/04/2007,SLC,UT,ANM,WE,Towers with Radar,423,457,59,2,941,0,12,60,0,72,423,469,119,2,1013,0,0,0,1013
02/05/2007,SLC,UT,ANM,WE,Towers with Radar,448,489,65,4,1006,0,28,150,0,178,448,517,215,4,1184,0,0,0,1184
02/06/2007,SLC,UT,ANM,WE,Towers with Radar,447,479,62,8,996,0,37,209,3,249,447,516,271,11,1245,0,0,0,1245
02/07/2007,SLC,UT,ANM,WE,Towers with Radar,444,484,73,5,1006,0,34,177,0,211,444,518,250,5,1217,0,0,0,1217
02/08/2007,SLC,UT,ANM,WE,Towers with Radar,475,505,79,12,1071,0,23,172,0,195,475,528,251,12,1266,0,0,0,1266
02/09/2007,SLC,UT,ANM,WE,Towers with Radar,462,525,69,3,1059,0,18,147,0,165,462,543,216,3,1224,0,0,0,1224
02/10/2007,SLC,UT,ANM,WE,Towers with Radar,421,452,46,4,923,0,23,151,2,176,421,475,197,6,1099,0,0,0,1099
02/11/2007,SLC,UT,ANM,WE,Towers with Radar,416,441,61,2,920,0,10,10,0,20,416,451,71,2,940,0,0,0,940
02/12/2007,SLC,UT,ANM,WE,Towers with Radar,442,506,82,7,1037,0,32,140,0,172,442,538,222,7,1209,0,0,0,1209
02/13/2007,SLC,UT,ANM,WE,Towers with Radar,417,456,64,5,942,0,21,160,2,183,417,477,224,7,1125,0,0,0,1125
02/14/2007,SLC,UT,ANM,WE,Towers with Radar,413,484,87,4,988,0,20,160,0,180,413,504,247,4,1168,0,0,0,1168
02/15/2007,SLC,UT,ANM,WE,Towers with Radar,467,576,129,11,1183,0,13,12,0,25,467,589,141,11,1208,0,0,0,1208
02/16/2007,SLC,UT,ANM,WE,Towers with Radar,471,590,146,4,1211,0,30,123,0,153,471,620,269,4,1364,0,0,0,1364
02/17/2007,SLC,UT,ANM,WE,Towers with Radar,419,429,73,2,923,0,31,250,0,281,419,460,323,2,1204,0,0,0,1204
02/18/2007,SLC,UT,ANM,WE,Towers with Radar,415,425,61,0,901,0,16,88,0,104,415,441,149,0,1005,0,0,0,1005
02/19/2007,SLC,UT,ANM,WE,Towers with Radar,442,577,154,0,1173,0,21,68,0,89,442,598,222,0,1262,0,0,0,1262
02/20/2007,SLC,UT,ANM,WE,Towers with Radar,549,608,93,11,1261,0,28,178,0,206,549,636,271,11,1467,0,0,0,1467
02/21/2007,SLC,UT,ANM,WE,Towers with Radar,463,539,100,9,1111,0,39,138,0,177,463,578,238,9,1288,0,0,0,1288
02/22/2007,SLC,UT,ANM,WE,Towers with Radar,475,547,70,5,1097,0,24,50,0,74,475,571,120,5,1171,0,0,0,1171
02/23/2007,SLC,UT,ANM,WE,Towers with Radar,468,534,84,0,1086,0,12,4,0,16,468,546,88,0,1102,0,0,0,1102
02/24/2007,SLC,UT,ANM,WE,Towers with Radar,437,508,66,2,1013,0,32,162,0,194,437,540,228,2,1207,0,0,0,1207
02/25/2007,SLC,UT,ANM,WE,Towers with Radar,405,456,59,3,923,0,10,16,0,26,405,466,75,3,949,0,0,0,949
02/26/2007,SLC,UT,ANM,WE,Towers with Radar,472,538,86,2,1098,0,16,90,0,106,472,554,176,2,1204,0,0,0,1204
02/27/2007,SLC,UT,ANM,WE,Towers with Radar,443,470,52,4,969,0,24,26,0,50,443,494,78,4,1019,0,0,0,1019
02/28/2007,SLC,UT,ANM,WE,Towers with Radar,449,552,151,5,1157,0,33,116,1,150,449,585,267,6,1307,0,0,0,1307
03/01/2007,SLC,UT,ANM,WE,Towers with Radar,486,569,127,13,1195,0,18,31,0,49,486,587,158,13,1244,0,0,0,1244
03/02/2007,SLC,UT,ANM,WE,Towers with Radar,468,582,148,3,1201,0,22,82,0,104,468,604,230,3,1305,0,0,0,1305
03/03/2007,SLC,UT,ANM,WE,Towers with Radar,434,469,56,4,963,0,22,159,4,185,434,491,215,8,1148,0,0,0,1148
03/04/2007,SLC,UT,ANM,WE,Towers with Radar,434,475,76,2,987,0,15,116,0,131,434,490,192,2,1118,0,0,0,1118
03/05/2007,SLC,UT,ANM,WE,Towers with Radar,457,521,71,4,1053,0,26,142,0,168,457,547,213,4,1221,0,0,0,1221
03/06/2007,SLC,UT,ANM,WE,Towers with Radar,459,492,64,10,1025,0,28,188,0,216,459,520,252,10,1241,0,0,0,1241
03/07/2007,SLC,UT,ANM,WE,Towers with Radar,461,513,94,4,1072,0,23,169,1,193,461,536,263,5,1265,0,0,0,1265
03/08/2007,SLC,UT,ANM,WE,Towers with Radar,474,547,104,14,1139,0,29,154,6,189,474,576,258,20,1328,0,0,0,1328
03/09/2007,SLC,UT,ANM,WE,Towers with Radar,483,544,85,4,1116,0,22,182,0,204,483,566,267,4,1320,0,0,0,1320
03/10/2007,SLC,UT,ANM,WE,Towers with Radar,427,453,72,2,954,0,32,136,1,169,427,485,208,3,1123,0,0,0,1123
03/11/2007,SLC,UT,ANM,WE,Towers with Radar,440,457,84,5,986,0,7,116,0,123,440,464,200,5,1109,0,0,0,1109
03/12/2007,SLC,UT,ANM,WE,Towers with Radar,462,521,54,5,1042,0,30,197,0,227,462,551,251,5,1269,0,0,0,1269
03/13/2007,SLC,UT,ANM,WE,Towers with Radar,451,485,78,14,1028,0,37,188,1,226,451,522,266,15,1254,0,0,0,1254
03/14/2007,SLC,UT,ANM,WE,Towers with Radar,468,510,92,8,1078,0,38,204,0,242,468,548,296,8,1320,0,0,0,1320
03/15/2007,SLC,UT,ANM,WE,Towers with Radar,489,534,90,9,1122,0,45,218,2,265,489,579,308,11,1387,0,0,0,1387
03/16/2007,SLC,UT,ANM,WE,Towers with Radar,466,544,83,9,1102,0,34,222,0,256,466,578,305,9,1358,0,0,0,1358
03/17/2007,SLC,UT,ANM,WE,Towers with Radar,436,455,67,0,958,0,28,191,4,223,436,483,258,4,1181,0,0,0,1181
03/18/2007,SLC,UT,ANM,WE,Towers with Radar,453,482,76,4,1015,0,21,116,0,137,453,503,192,4,1152,0,0,0,1152
03/19/2007,SLC,UT,ANM,WE,Towers with Radar,467,521,55,5,1048,0,30,180,0,210,467,551,235,5,1258,0,0,0,1258
03/20/2007,SLC,UT,ANM,WE,Towers with Radar,464,480,56,10,1010,0,32,156,0,188,464,512,212,10,1198,0,0,0,1198
03/21/2007,SLC,UT,ANM,WE,Towers with Radar,464,527,86,7,1084,0,18,63,0,81,464,545,149,7,1165,0,0,0,1165
03/22/2007,SLC,UT,ANM,WE,Towers with Radar,478,536,90,15,1119,0,33,181,0,214,478,569,271,15,1333,0,0,0,1333
03/23/2007,SLC,UT,ANM,WE,Towers with Radar,491,521,81,3,1096,0,29,144,0,173,491,550,225,3,1269,0,0,0,1269
03/24/2007,SLC,UT,ANM,WE,Towers with Radar,447,445,63,2,957,0,13,183,0,196,447,458,246,2,1153,0,0,0,1153
03/25/2007,SLC,UT,ANM,WE,Towers with Radar,450,456,65,2,973,0,12,81,2,95,450,468,146,4,1068,0,0,0,1068
03/26/2007,SLC,UT,ANM,WE,Towers with Radar,467,524,65,3,1059,0,36,124,0,160,467,560,189,3,1219,0,0,0,1219
03/27/2007,SLC,UT,ANM,WE,Towers with Radar,460,497,65,8,1030,0,21,11,0,32,460,518,76,8,1062,0,0,0,1062
03/28/2007,SLC,UT,ANM,WE,Towers with Radar,470,533,86,2,1091,0,5,0,0,5,470,538,86,2,1096,0,0,0,1096
03/29/2007,SLC,UT,ANM,WE,Towers with Radar,495,535,64,7,1101,0,28,77,0,105,495,563,141,7,1206,0,0,0,1206
03/30/2007,SLC,UT,ANM,WE,Towers with Radar,484,527,98,2,1111,0,32,153,0,185,484,559,251,2,1296,0,0,0,1296
03/31/2007,SLC,UT,ANM,WE,Towers with Radar,447,460,48,3,958,0,32,165,1,198,447,492,213,4,1156,0,0,0,1156
04/01/2007,SLC,UT,ANM,WE,Towers with Radar,442,460,50,3,955,0,7,99,0,106,442,467,149,3,1061,0,0,0,1061
04/02/2007,SLC,UT,ANM,WE,Towers with Radar,459,505,67,3,1034,0,29,123,0,152,459,534,190,3,1186,0,0,0,1186
04/03/2007,SLC,UT,ANM,WE,Towers with Radar,450,454,83,10,997,0,35,186,2,223,450,489,269,12,1220,0,0,0,1220
04/04/2007,SLC,UT,ANM,WE,Towers with Radar,468,506,98,7,1079,0,45,183,1,229,468,551,281,8,1308,0,0,0,1308
04/05/2007,SLC,UT,ANM,WE,Towers with Radar,475,514,69,15,1073,0,41,194,0,235,475,555,263,15,1308,0,0,0,1308
04/06/2007,SLC,UT,ANM,WE,Towers with Radar,476,510,53,7,1046,0,44,201,0,245,476,554,254,7,1291,0,0,0,1291
04/07/2007,SLC,UT,ANM,WE,Towers with Radar,426,406,21,0,853,0,15,159,0,174,426,421,180,0,1027,0,0,0,1027
04/08/2007,SLC,UT,ANM,WE,Towers with Radar,419,415,41,1,876,0,12,53,0,65,419,427,94,1,941,0,0,0,941
04/09/2007,SLC,UT,ANM,WE,Towers with Radar,442,497,88,10,1037,0,20,103,4,127,442,517,191,14,1164,0,0,0,1164
04/10/2007,SLC,UT,ANM,WE,Towers with Radar,459,483,48,13,1003,0,17,18,0,35,459,500,66,13,1038,0,0,0,1038
04/11/2007,SLC,UT,ANM,WE,Towers with Radar,448,512,62,7,1029,0,39,178,1,218,448,551,240,8,1247,0,0,0,1247
04/12/2007,SLC,UT,ANM,WE,Towers with Radar,458,528,56,12,1054,0,23,119,0,142,458,551,175,12,1196,0,0,0,1196
04/13/2007,SLC,UT,ANM,WE,Towers with Radar,475,509,61,2,1047,0,33,168,0,201,475,542,229,2,1248,0,0,0,1248
04/14/2007,SLC,UT,ANM,WE,Towers with Radar,447,418,42,5,912,1,28,171,0,200,448,446,213,5,1112,0,0,0,1112
04/15/2007,SLC,UT,ANM,WE,Towers with Radar,427,429,28,2,886,1,17,57,0,75,428,446,85,2,961,0,0,0,961
04/16/2007,SLC,UT,ANM,WE,Towers with Radar,455,493,55,11,1014,0,31,120,0,151,455,524,175,11,1165,0,0,0,1165
04/17/2007,SLC,UT,ANM,WE,Towers with Radar,423,457,53,10,943,0,36,160,2,198,423,493,213,12,1141,0,0,0,1141
04/18/2007,SLC,UT,ANM,WE,Towers with Radar,437,474,59,5,975,0,15,7,1,23,437,489,66,6,998,0,0,0,998
04/19/2007,SLC,UT,ANM,WE,Towers with Radar,470,501,75,10,1056,0,37,158,0,195,470,538,233,10,1251,0,0,0,1251
04/20/2007,SLC,UT,ANM,WE,Towers with Radar,463,512,61,0,1036,0,34,163,1,198,463,546,224,1,1234,0,0,0,1234
04/21/2007,SLC,UT,ANM,WE,Towers with Radar,407,381,33,4,825,0,22,114,0,136,407,403,147,4,961,0,0,0,961
04/22/2007,SLC,UT,ANM,WE,Towers with Radar,412,409,33,3,857,0,6,32,1,39,412,415,65,4,896,0,0,0,896
04/23/2007,SLC,UT,ANM,WE,Towers with Radar,455,495,52,5,1007,0,19,80,0,99,455,514,132,5,1106,0,0,0,1106
04/24/2007,SLC,UT,ANM,WE,Towers with Radar,424,435,77,7,943,0,17,186,0,203,424,452,263,7,1146,0,0,0,1146
04/25/2007,SLC,UT,ANM,WE,Towers with Radar,450,454,61,11,976,0,31,211,0,242,450,485,272,11,1218,0,0,0,1218
04/26/2007,SLC,UT,ANM,WE,Towers with Radar,474,488,61,13,1036,0,22,149,1,172,474,510,210,14,1208,0,0,0,1208
04/27/2007,SLC,UT,ANM,WE,Towers with Radar,464,476,56,0,996,0,26,228,0,254,464,502,284,0,1250,0,0,0,1250
04/28/2007,SLC,UT,ANM,WE,Towers with Radar,418,360,29,1,808,0,23,225,0,248,418,383,254,1,1056,0,0,0,1056
04/29/2007,SLC,UT,ANM,WE,Towers with Radar,433,401,34,2,870,0,29,92,0,121,433,430,126,2,991,0,0,0,991
04/30/2007,SLC,UT,ANM,WE,Towers with Radar,451,467,44,7,969,0,35,146,2,183,451,502,190,9,1152,0,0,0,1152
05/01/2007,SLC,UT,ANM,WE,Towers with Radar,433,455,48,8,944,0,32,126,0,158,433,487,174,8,1102,0,0,0,1102
05/02/2007,SLC,UT,ANM,WE,Towers with Radar,441,471,68,7,987,0,23,91,6,120,441,494,159,13,1107,0,0,0,1107
05/03/2007,SLC,UT,ANM,WE,Towers with Radar,458,496,83,19,1056,0,13,40,0,53,458,509,123,19,1109,0,0,0,1109
05/04/2007,SLC,UT,ANM,WE,Towers with Radar,462,497,68,3,1030,0,33,60,0,93,462,530,128,3,1123,0,0,0,1123
05/05/2007,SLC,UT,ANM,WE,Towers with Radar,403,375,35,3,816,0,10,17,0,27,403,385,52,3,843,0,0,0,843
05/06/2007,SLC,UT,ANM,WE,Towers with Radar,422,409,59,3,893,0,16,75,3,94,422,425,134,6,987,0,0,0,987
05/07/2007,SLC,UT,ANM,WE,Towers with Radar,454,472,64,5,995,0,45,209,0,254,454,517,273,5,1249,0,0,0,1249
05/08/2007,SLC,UT,ANM,WE,Towers with Radar,423,452,57,9,941,0,44,207,0,251,423,496,264,9,1192,0,0,0,1192
05/09/2007,SLC,UT,ANM,WE,Towers with Radar,431,470,55,7,963,0,34,193,1,228,431,504,248,8,1191,0,0,0,1191
05/10/2007,SLC,UT,ANM,WE,Towers with Radar,460,494,80,14,1048,1,42,145,0,188,461,536,225,14,1236,0,0,0,1236
05/11/2007,SLC,UT,ANM,WE,Towers with Radar,462,475,56,1,994,0,32,155,1,188,462,507,211,2,1182,0,0,0,1182
05/12/2007,SLC,UT,ANM,WE,Towers with Radar,407,388,37,0,832,0,19,82,0,101,407,407,119,0,933,0,0,0,933
05/13/2007,SLC,UT,ANM,WE,Towers with Radar,420,407,37,0,864,0,14,43,0,57,420,421,80,0,921,0,0,0,921
05/14/2007,SLC,UT,ANM,WE,Towers with Radar,444,465,63,5,977,0,30,190,2,222,444,495,253,7,1199,0,0,0,1199
05/15/2007,SLC,UT,ANM,WE,Towers with Radar,423,437,66,12,938,0,30,188,3,221,423,467,254,15,1159,0,0,0,1159
05/16/2007,SLC,UT,ANM,WE,Towers with Radar,429,462,56,6,953,0,32,200,0,232,429,494,256,6,1185,0,0,0,1185
05/17/2007,SLC,UT,ANM,WE,Towers with Radar,464,479,57,10,1010,0,30,138,0,168,464,509,195,10,1178,0,0,0,1178
05/18/2007,SLC,UT,ANM,WE,Towers with Radar,464,481,45,3,993,0,26,130,0,156,464,507,175,3,1149,0,0,0,1149
05/19/2007,SLC,UT,ANM,WE,Towers with Radar,409,373,38,2,822,0,24,111,0,135,409,397,149,2,957,0,0,0,957
05/20/2007,SLC,UT,ANM,WE,Towers with Radar,414,405,29,5,853,0,12,71,0,83,414,417,100,5,936,0,0,0,936
05/21/2007,SLC,UT,ANM,WE,Towers with Radar,441,476,62,2,981,0,14,30,0,44,441,490,92,2,1025,0,0,0,1025
05/22/2007,SLC,UT,ANM,WE,Towers with Radar,422,445,58,9,934,0,25,140,1,166,422,470,198,10,1100,0,0,0,1100
05/23/2007,SLC,UT,ANM,WE,Towers with Radar,432,457,77,7,973,0,34,220,0,254,432,491,297,7,1227,0,0,0,1227
05/24/2007,SLC,UT,ANM,WE,Towers with Radar,454,500,68,14,1036,0,30,143,0,173,454,530,211,14,1209,0,0,0,1209
05/25/2007,SLC,UT,ANM,WE,Towers with Radar,474,520,68,1,1063,0,30,190,0,220,474,550,258,1,1283,0,0,0,1283
05/26/2007,SLC,UT,ANM,WE,Towers with Radar,374,381,41,1,797,0,15,126,0,141,374,396,167,1,938,0,0,0,938
05/27/2007,SLC,UT,ANM,WE,Towers with Radar,362,337,40,4,743,0,11,46,1,58,362,348,86,5,801,0,0,0,801
05/28/2007,SLC,UT,ANM,WE,Towers with Radar,407,427,67,1,902,0,14,116,0,130,407,441,183,1,1032,0,0,0,1032
05/29/2007,SLC,UT,ANM,WE,Towers with Radar,421,478,50,10,959,0,34,173,0,207,421,512,223,10,1166,0,0,0,1166
05/30/2007,SLC,UT,ANM,WE,Towers with Radar,434,476,53,4,967,0,26,202,0,228,434,502,255,4,1195,0,0,0,1195
05/31/2007,SLC,UT,ANM,WE,Towers with Radar,464,507,45,13,1029,0,32,206,0,238,464,539,251,13,1267,0,0,0,1267
06/01/2007,SLC,UT,ANM,WE,Towers with Radar,447,507,48,1,1003,0,35,183,2,220,447,542,231,3,1223,0,0,0,1223
06/02/2007,SLC,UT,ANM,WE,Towers with Radar,412,388,32,5,837,0,28,115,1,144,412,416,147,6,981,0,0,0,981
06/03/2007,SLC,UT,ANM,WE,Towers with Radar,415,434,31,6,886,0,15,84,0,99,415,449,115,6,985,0,0,0,985
06/04/2007,SLC,UT,ANM,WE,Towers with Radar,451,479,47,4,981,0,30,163,0,193,451,509,210,4,1174,0,0,0,1174
06/05/2007,SLC,UT,ANM,WE,Towers with Radar,427,470,49,3,949,0,23,49,1,73,427,493,98,4,1022,0,0,0,1022
06/06/2007,SLC,UT,ANM,WE,Towers with Radar,442,488,71,5,1006,0,20,9,0,29,442,508,80,5,1035,0,0,0,1035
06/07/2007,SLC,UT,ANM,WE,Towers with Radar,483,591,58,11,1143,0,19,74,0,93,483,610,132,11,1236,0,0,0,1236
06/08/2007,SLC,UT,ANM,WE,Towers with Radar,456,569,70,4,1099,0,30,191,0,221,456,599,261,4,1320,0,0,0,1320
06/09/2007,SLC,UT,ANM,WE,Towers with Radar,455,480,34,1,970,0,20,137,0,157,455,500,171,1,1127,0,0,0,1127
06/10/2007,SLC,UT,ANM,WE,Towers with Radar,440,485,36,4,965,0,14,74,0,88,440,499,110,4,1053,0,0,0,1053
06/11/2007,SLC,UT,ANM,WE,Towers with Radar,464,547,54,6,1071,0,32,147,0,179,464,579,201,6,1250,0,0,0,1250
06/12/2007,SLC,UT,ANM,WE,Towers with Radar,495,566,49,9,1119,0,23,178,0,201,495,589,227,9,1320,0,0,0,1320
06/13/2007,SLC,UT,ANM,WE,Towers with Radar,496,574,57,8,1135,0,31,196,0,227,496,605,253,8,1362,0,0,0,1362
06/14/2007,SLC,UT,ANM,WE,Towers with Radar,481,573,57,11,1122,0,44,152,1,197,481,617,209,12,1319,0,0,0,1319
06/15/2007,SLC,UT,ANM,WE,Towers with Radar,473,569,47,5,1094,0,30,141,1,172,473,599,188,6,1266,0,0,0,1266
06/16/2007,SLC,UT,ANM,WE,Towers with Radar,442,487,30,5,964,0,27,98,0,125,442,514,128,5,1089,0,0,0,1089
06/17/2007,SLC,UT,ANM,WE,Towers with Radar,434,503,43,2,982,0,30,70,0,100,434,533,113,2,1082,0,0,0,1082
06/18/2007,SLC,UT,ANM,WE,Towers with Radar,465,565,64,2,1096,0,27,172,0,199,465,592,236,2,1295,0,0,0,1295
06/19/2007,SLC,UT,ANM,WE,Towers with Radar,483,574,58,2,1117,0,34,198,0,232,483,608,256,2,1349,0,0,0,1349
06/20/2007,SLC,UT,ANM,WE,Towers with Radar,496,581,68,3,1148,0,29,126,0,155,496,610,194,3,1303,0,0,0,1303
06/21/2007,SLC,UT,ANM,WE,Towers with Radar,488,575,74,2,1139,1,33,184,1,219,489,608,258,3,1358,0,0,0,1358
06/22/2007,SLC,UT,ANM,WE,Towers with Radar,481,575,59,6,1121,0,42,190,0,232,481,617,249,6,1353,0,0,0,1353
06/23/2007,SLC,UT,ANM,WE,Towers with Radar,445,519,34,4,1002,0,23,130,0,153,445,542,164,4,1155,0,0,0,1155
06/24/2007,SLC,UT,ANM,WE,Towers with Radar,444,498,53,4,999,0,22,64,0,86,444,520,117,4,1085,0,0,0,1085
06/25/2007,SLC,UT,ANM,WE,Towers with Radar,451,569,56,8,1084,0,44,148,0,192,451,613,204,8,1276,0,0,0,1276
06/26/2007,SLC,UT,ANM,WE,Towers with Radar,480,579,62,12,1133,0,47,151,1,199,480,626,213,13,1332,0,0,0,1332
06/27/2007,SLC,UT,ANM,WE,Towers with Radar,478,571,54,10,1113,0,53,184,1,238,478,624,238,11,1351,0,0,0,1351
06/28/2007,SLC,UT,ANM,WE,Towers with Radar,479,592,65,11,1147,0,44,135,0,179,479,636,200,11,1326,0,0,0,1326
06/29/2007,SLC,UT,ANM,WE,Towers with Radar,484,597,62,1,1144,0,44,102,0,146,484,641,164,1,1290,0,0,0,1290
06/30/2007,SLC,UT,ANM,WE,Towers with Radar,449,501,37,2,989,0,19,177,0,196,449,520,214,2,1185,0,0,0,1185
07/01/2007,SLC,UT,ANM,WE,Towers with Radar,441,500,33,1,975,0,11,77,0,88,441,511,110,1,1063,0,0,0,1063
07/02/2007,SLC,UT,ANM,WE,Towers with Radar,459,539,43,0,1041,0,31,170,0,201,459,570,213,0,1242,0,0,0,1242
07/03/2007,SLC,UT,ANM,WE,Towers with Radar,468,467,59,8,1002,0,28,194,7,229,468,495,253,15,1231,0,0,0,1231
07/04/2007,SLC,UT,ANM,WE,Towers with Radar,397,393,26,5,821,0,16,83,1,100,397,409,109,6,921,0,0,0,921
07/05/2007,SLC,UT,ANM,WE,Towers with Radar,451,487,49,2,989,0,25,149,0,174,451,512,198,2,1163,0,0,0,1163
07/06/2007,SLC,UT,ANM,WE,Towers with Radar,475,558,41,2,1076,0,29,149,0,178,475,587,190,2,1254,0,0,0,1254
07/07/2007,SLC,UT,ANM,WE,Towers with Radar,454,477,35,4,970,0,17,103,1,121,454,494,138,5,1091,0,0,0,1091
07/08/2007,SLC,UT,ANM,WE,Towers with Radar,449,499,52,0,1000,0,20,86,0,106,449,519,138,0,1106,0,0,0,1106
07/09/2007,SLC,UT,ANM,WE,Towers with Radar,458,560,75,7,1100,0,34,134,0,168,458,594,209,7,1268,0,0,0,1268
07/10/2007,SLC,UT,ANM,WE,Towers with Radar,481,569,55,9,1114,0,49,163,0,212,481,618,218,9,1326,0,0,0,1326
07/11/2007,SLC,UT,ANM,WE,Towers with Radar,485,598,59,13,1155,0,29,187,0,216,485,627,246,13,1371,0,0,0,1371
07/12/2007,SLC,UT,ANM,WE,Towers with Radar,495,578,78,12,1163,0,29,135,0,164,495,607,213,12,1327,0,0,0,1327
07/13/2007,SLC,UT,ANM,WE,Towers with Radar,487,560,46,4,1097,0,37,167,0,204,487,597,213,4,1301,0,0,0,1301
07/14/2007,SLC,UT,ANM,WE,Towers with Radar,455,482,34,1,972,0,26,122,0,148,455,508,156,1,1120,0,0,0,1120
07/15/2007,SLC,UT,ANM,WE,Towers with Radar,446,491,56,0,993,0,20,85,0,105,446,511,141,0,1098,0,0,0,1098
07/16/2007,SLC,UT,ANM,WE,Towers with Radar,464,568,57,5,1094,0,30,96,0,126,464,598,153,5,1220,0,0,0,1220
07/17/2007,SLC,UT,ANM,WE,Towers with Radar,484,564,77,5,1130,0,29,143,0,172,484,593,220,5,1302,0,0,0,1302
07/18/2007,SLC,UT,ANM,WE,Towers with Radar,482,567,51,7,1107,0,30,164,1,195,482,597,215,8,1302,0,0,0,1302
07/19/2007,SLC,UT,ANM,WE,Towers with Radar,503,588,76,10,1177,0,45,184,1,230,503,633,260,11,1407,0,0,0,1407
07/20/2007,SLC,UT,ANM,WE,Towers with Radar,509,566,60,0,1135,0,60,142,0,202,509,626,202,0,1337,0,0,0,1337
07/21/2007,SLC,UT,ANM,WE,Towers with Radar,458,491,40,0,989,0,28,126,3,157,458,519,166,3,1146,0,0,0,1146
07/22/2007,SLC,UT,ANM,WE,Towers with Radar,448,502,42,0,992,0,28,110,0,138,448,530,152,0,1130,0,0,0,1130
07/23/2007,SLC,UT,ANM,WE,Towers with Radar,461,576,62,5,1104,0,27,108,1,136,461,603,170,6,1240,0,0,0,1240
07/24/2007,SLC,UT,ANM,WE,Towers with Radar,488,560,47,0,1095,0,26,108,0,134,488,586,155,0,1229,0,0,0,1229
07/25/2007,SLC,UT,ANM,WE,Towers with Radar,468,565,58,2,1093,0,22,84,0,106,468,587,142,2,1199,0,0,0,1199
07/26/2007,SLC,UT,ANM,WE,Towers with Radar,478,563,47,9,1097,0,32,131,0,163,478,595,178,9,1260,0,0,0,1260
07/27/2007,SLC,UT,ANM,WE,Towers with Radar,507,592,71,4,1174,0,36,131,2,169,507,628,202,6,1343,0,0,0,1343
07/28/2007,SLC,UT,ANM,WE,Towers with Radar,457,498,38,1,994,0,20,114,0,134,457,518,152,1,1128,0,0,0,1128
07/29/2007,SLC,UT,ANM,WE,Towers with Radar,441,499,44,1,985,0,10,101,0,111,441,509,145,1,1096,0,0,0,1096
07/30/2007,SLC,UT,ANM,WE,Towers with Radar,457,553,70,7,1087,0,33,133,0,166,457,586,203,7,1253,0,0,0,1253
07/31/2007,SLC,UT,ANM,WE,Towers with Radar,495,573,67,10,1145,0,36,141,0,177,495,609,208,10,1322,0,0,0,1322
08/01/2007,SLC,UT,ANM,WE,Towers with Radar,488,582,84,6,1160,0,29,144,2,175,488,611,228,8,1335,0,0,0,1335
08/02/2007,SLC,UT,ANM,WE,Towers with Radar,494,565,65,9,1133,0,41,83,0,124,494,606,148,9,1257,0,0,0,1257
08/03/2007,SLC,UT,ANM,WE,Towers with Radar,482,590,71,8,1151,0,31,80,0,111,482,621,151,8,1262,0,0,0,1262
08/04/2007,SLC,UT,ANM,WE,Towers with Radar,459,496,43,0,998,0,26,119,0,145,459,522,162,0,1143,0,0,0,1143
08/05/2007,SLC,UT,ANM,WE,Towers with Radar,449,508,68,5,1030,0,10,49,1,60,449,518,117,6,1090,0,0,0,1090
08/06/2007,SLC,UT,ANM,WE,Towers with Radar,473,570,65,5,1113,2,33,94,0,129,475,603,159,5,1242,0,0,0,1242
08/07/2007,SLC,UT,ANM,WE,Towers with Radar,503,569,58,7,1137,0,40,122,0,162,503,609,180,7,1299,0,0,0,1299
08/08/2007,SLC,UT,ANM,WE,Towers with Radar,494,576,74,5,1149,0,48,183,1,232,494,624,257,6,1381,0,0,0,1381
08/09/2007,SLC,UT,ANM,WE,Towers with Radar,481,563,88,8,1140,0,49,117,1,167,481,612,205,9,1307,0,0,0,1307
08/10/2007,SLC,UT,ANM,WE,Towers with Radar,483,554,71,2,1110,0,39,107,0,146,483,593,178,2,1256,0,0,0,1256
08/11/2007,SLC,UT,ANM,WE,Towers with Radar,452,492,47,3,994,0,14,94,0,108,452,506,141,3,1102,0,0,0,1102
08/12/2007,SLC,UT,ANM,WE,Towers with Radar,465,491,47,0,1003,0,22,70,0,92,465,513,117,0,1095,0,0,0,1095
08/13/2007,SLC,UT,ANM,WE,Towers with Radar,471,559,75,6,1111,0,32,124,0,156,471,591,199,6,1267,0,0,0,1267
08/14/2007,SLC,UT,ANM,WE,Towers with Radar,493,563,59,5,1120,0,44,103,0,147,493,607,162,5,1267,0,0,0,1267
08/15/2007,SLC,UT,ANM,WE,Towers with Radar,490,570,70,9,1139,0,27,152,0,179,490,597,222,9,1318,0,0,0,1318
08/16/2007,SLC,UT,ANM,WE,Towers with Radar,478,566,72,12,1128,0,41,141,0,182,478,607,213,12,1310,0,0,0,1310
08/17/2007,SLC,UT,ANM,WE,Towers with Radar,476,568,65,6,1115,0,32,98,1,131,476,600,163,7,1246,0,0,0,1246
08/18/2007,SLC,UT,ANM,WE,Towers with Radar,473,513,41,2,1029,0,17,73,1,91,473,530,114,3,1120,0,0,0,1120
08/19/2007,SLC,UT,ANM,WE,Towers with Radar,455,504,62,2,1023,0,12,67,0,79,455,516,129,2,1102,0,0,0,1102
08/20/2007,SLC,UT,ANM,WE,Towers with Radar,483,549,83,6,1121,0,29,184,2,215,483,578,267,8,1336,0,0,0,1336
08/21/2007,SLC,UT,ANM,WE,Towers with Radar,487,518,76,10,1091,0,33,161,3,197,487,551,237,13,1288,0,0,0,1288
08/22/2007,SLC,UT,ANM,WE,Towers with Radar,479,518,64,3,1064,0,33,142,3,178,479,551,206,6,1242,0,0,0,1242
08/23/2007,SLC,UT,ANM,WE,Towers with Radar,487,535,68,15,1105,0,27,143,4,174,487,562,211,19,1279,0,0,0,1279
08/24/2007,SLC,UT,ANM,WE,Towers with Radar,475,554,61,15,1105,0,37,153,2,192,475,591,214,17,1297,0,0,0,1297
08/25/2007,SLC,UT,ANM,WE,Towers with Radar,444,411,24,2,881,0,32,131,0,163,444,443,155,2,1044,0,0,0,1044
08/26/2007,SLC,UT,ANM,WE,Towers with Radar,436,467,43,0,946,0,13,77,0,90,436,480,120,0,1036,0,0,0,1036
08/27/2007,SLC,UT,ANM,WE,Towers with Radar,484,523,50,6,1063,0,32,127,0,159,484,555,177,6,1222,0,0,0,1222
08/28/2007,SLC,UT,ANM,WE,Towers with Radar,477,495,61,7,1040,0,36,156,0,192,477,531,217,7,1232,0,0,0,1232
08/29/2007,SLC,UT,ANM,WE,Towers with Radar,473,523,62,6,1064,0,49,174,2,225,473,572,236,8,1289,0,0,0,1289
08/30/2007,SLC,UT,ANM,WE,Towers with Radar,497,528,71,7,1103,0,48,202,1,251,497,576,273,8,1354,0,0,0,1354
08/31/2007,SLC,UT,ANM,WE,Towers with Radar,506,537,63,7,1113,0,37,166,0,203,506,574,229,7,1316,0,0,0,1316
09/01/2007,SLC,UT,ANM,WE,Towers with Radar,415,388,33,0,836,0,24,133,1,158,415,412,166,1,994,0,0,0,994
09/02/2007,SLC,UT,ANM,WE,Towers with Radar,385,348,16,0,749,0,18,48,0,66,385,366,64,0,815,0,0,0,815
09/03/2007,SLC,UT,ANM,WE,Towers with Radar,427,460,49,3,939,0,26,155,1,182,427,486,204,4,1121,0,0,0,1121
09/04/2007,SLC,UT,ANM,WE,Towers with Radar,424,451,53,6,934,0,27,112,0,139,424,478,165,6,1073,0,0,0,1073
09/05/2007,SLC,UT,ANM,WE,Towers with Radar,505,550,65,2,1122,0,45,75,0,120,505,595,140,2,1242,0,0,0,1242
09/06/2007,SLC,UT,ANM,WE,Towers with Radar,484,511,61,15,1071,0,37,183,0,220,484,548,244,15,1291,0,0,0,1291
09/07/2007,SLC,UT,ANM,WE,Towers with Radar,482,505,64,8,1059,11,43,190,2,246,493,548,254,10,1305,0,0,0,1305
09/08/2007,SLC,UT,ANM,WE,Towers with Radar,425,387,35,6,853,0,22,117,6,145,425,409,152,12,998,0,0,0,998
09/09/2007,SLC,UT,ANM,WE,Towers with Radar,0,0,0,0,0,0,0,0,0,0,0,0,0,0,0,9,0,9,9
09/10/2007,SLC,UT,ANM,WE,Towers with Radar,464,493,62,2,1021,0,29,136,0,165,464,522,198,2,1186,0,0,0,1186
09/11/2007,SLC,UT,ANM,WE,Towers with Radar,459,447,66,16,988,0,35,193,2,230,459,482,259,18,1218,0,0,0,1218
09/12/2007,SLC,UT,ANM,WE,Towers with Radar,463,467,68,6,1004,0,35,191,0,226,463,502,259,6,1230,0,0,0,1230
09/13/2007,SLC,UT,ANM,WE,Towers with Radar,468,500,61,6,1035,0,48,186,0,234,468,548,247,6,1269,0,0,0,1269
09/14/2007,SLC,UT,ANM,WE,Towers with Radar,472,528,53,3,1056,0,30,112,0,142,472,558,165,3,1198,0,0,0,1198
09/15/2007,SLC,UT,ANM,WE,Towers with Radar,431,395,40,1,867,0,12,104,1,117,431,407,144,2,984,0,0,0,984
09/16/2007,SLC,UT,ANM,WE,Towers with Radar,446,450,46,1,943,0,10,57,1,68,446,460,103,2,1011,0,0,0,1011
09/17/2007,SLC,UT,ANM,WE,Towers with Radar,462,484,42,3,991,0,27,120,0,147,462,511,162,3,1138,0,0,0,1138
09/18/2007,SLC,UT,ANM,WE,Towers with Radar,451,457,55,7,970,0,21,170,0,191,451,478,225,7,1161,0,0,0,1161
09/19/2007,SLC,UT,ANM,WE,Towers with Radar,478,481,51,1,1011,0,29,101,0,130,478,510,152,1,1141,0,0,0,1141
09/20/2007,SLC,UT,ANM,WE,Towers with Radar,482,530,53,4,1069,0,24,159,1,184,482,554,212,5,1253,0,0,0,1253
09/21/2007,SLC,UT,ANM,WE,Towers with Radar,483,507,56,2,1048,0,42,145,2,189,483,549,201,4,1237,0,0,0,1237
09/22/2007,SLC,UT,ANM,WE,Towers with Radar,423,388,32,2,845,0,16,57,0,73,423,404,89,2,918,0,0,0,918
09/23/2007,SLC,UT,ANM,WE,Towers with Radar,442,443,35,3,923,0,11,13,0,24,442,454,48,3,947,0,0,0,947
09/24/2007,SLC,UT,ANM,WE,Towers with Radar,461,508,60,6,1035,0,19,95,0,114,461,527,155,6,1149,0,0,0,1149
09/25/2007,SLC,UT,ANM,WE,Towers with Radar,460,458,51,6,975,0,34,190,0,224,460,492,241,6,1199,0,0,0,1199
09/26/2007,SLC,UT,ANM,WE,Towers with Radar,469,462,65,6,1002,0,37,200,0,237,469,499,265,6,1239,0,0,0,1239
09/27/2007,SLC,UT,ANM,WE,Towers with Radar,475,515,75,2,1067,0,31,211,1,243,475,546,286,3,1310,0,0,0,1310
09/28/2007,SLC,UT,ANM,WE,Towers with Radar,471,503,56,6,1036,0,21,77,0,98,471,524,133,6,1134,0,0,0,1134
09/29/2007,SLC,UT,ANM,WE,Towers with Radar,421,383,23,0,827,0,6,4,0,10,421,389,27,0,837,0,0,0,837
09/30/2007,SLC,UT,ANM,WE,Towers with Radar,446,436,43,0,925,0,9,111,0,120,446,445,154,0,1045,0,0,0,1045
10/01/2007,SLC,UT,ANM,WE,Towers with Radar,472,473,44,10,999,0,19,70,0,89,472,514,114,10,1110,0,0,0,1129
10/02/2007,SLC,UT,ANM,WE,Towers with Radar,459,421,55,3,938,0,27,194,1,222,459,465,249,4,1177,0,0,0,1222
10/03/2007,SLC,UT,ANM,WE,Towers with Radar,477,457,53,3,990,0,37,141,0,178,477,514,194,3,1188,0,0,0,1230
10/04/2007,SLC,UT,ANM,WE,Towers with Radar,489,496,55,5,1045,0,28,141,0,169,490,532,196,5,1223,0,0,0,1257
10/05/2007,SLC,UT,ANM,WE,Towers with Radar,488,498,48,3,1037,0,20,64,0,84,492,534,112,3,1141,0,0,0,1163
10/06/2007,SLC,UT,ANM,WE,Towers with Radar,436,366,24,2,828,0,3,2,0,5,436,380,26,2,844,0,0,0,847
10/07/2007,SLC,UT,ANM,WE,Towers with Radar,434,426,33,2,895,0,20,105,0,125,434,461,138,2,1035,0,0,0,1062
10/08/2007,SLC,UT,ANM,WE,Towers with Radar,473,464,54,2,993,0,33,175,1,209,473,517,229,3,1222,0,0,0,1266
10/09/2007,SLC,UT,ANM,WE,Towers with Radar,459,436,51,8,954,0,47,207,1,255,459,497,258,9,1223,0,0,0,1275
10/10/2007,SLC,UT,ANM,WE,Towers with Radar,477,471,64,6,1018,0,30,134,0,164,479,521,198,6,1204,0,0,0,1229
10/11/2007,SLC,UT,ANM,WE,Towers with Radar,497,487,64,8,1056,0,41,233,2,276,497,566,297,10,1370,0,0,0,1420
10/12/2007,SLC,UT,ANM,WE,Towers with Radar,479,472,73,4,1028,0,25,191,2,218,479,515,264,6,1264,0,0,0,1313
10/13/2007,SLC,UT,ANM,WE,Towers with Radar,428,366,31,1,826,0,14,82,0,96,428,388,113,1,930,0,0,0,946
10/14/2007,SLC,UT,ANM,WE,Towers with Radar,443,423,39,7,912,0,7,69,0,76,444,454,108,7,1013,0,0,0,1035
10/15/2007,SLC,UT,ANM,WE,Towers with Radar,472,484,46,9,1011,0,20,167,2,189,474,513,213,11,1211,0,0,0,1254
10/16/2007,SLC,UT,ANM,WE,Towers with Radar,456,421,61,6,944,0,12,109,0,121,457,451,170,6,1084,0,0,0,1113
10/17/2007,SLC,UT,ANM,WE,Towers with Radar,471,475,62,5,1013,0,23,27,0,50,472,523,89,5,1089,0,0,0,1093
10/18/2007,SLC,UT,ANM,WE,Towers with Radar,497,498,59,15,1069,0,22,164,1,187,497,541,223,16,1277,0,0,0,1320
10/19/2007,SLC,UT,ANM,WE,Towers with Radar,491,494,44,7,1036,0,32,128,0,160,491,552,172,7,1222,0,0,0,1265
10/20/2007,SLC,UT,ANM,WE,Towers with Radar,416,369,19,0,804,0,19,9,0,28,416,405,28,0,849,0,0,0,850
10/21/2007,SLC,UT,ANM,WE,Towers with Radar,447,425,29,1,902,0,13,74,0,87,447,449,103,1,1000,0,0,0,1014
10/22/2007,SLC,UT,ANM,WE,Towers with Radar,472,473,48,4,997,0,26,175,0,201,473,518,223,4,1218,0,0,0,1264
10/23/2007,SLC,UT,ANM,WE,Towers with Radar,462,420,54,7,943,0,40,199,0,239,462,489,253,7,1211,0,0,0,1258
10/24/2007,SLC,UT,ANM,WE,Towers with Radar,474,444,55,3,976,0,45,181,2,228,474,512,236,5,1227,0,0,0,1283
10/25/2007,SLC,UT,ANM,WE,Towers with Radar,497,477,57,8,1039,0,41,199,0,240,498,528,256,8,1290,0,0,0,1347
10/26/2007,SLC,UT,ANM,WE,Towers with Radar,491,483,56,0,1030,0,32,206,0,238,491,538,262,0,1291,0,0,0,1350
10/27/2007,SLC,UT,ANM,WE,Towers with Radar,419,357,41,0,817,0,19,169,1,189,420,403,210,1,1034,0,0,0,1075
10/28/2007,SLC,UT,ANM,WE,Towers with Radar,448,424,33,0,905,0,9,92,0,101,448,450,125,0,1023,0,0,0,1036
10/29/2007,SLC,UT,ANM,WE,Towers with Radar,480,479,43,7,1009,0,37,151,0,188,480,551,194,7,1232,0,0,0,1279
10/30/2007,SLC,UT,ANM,WE,Towers with Radar,452,446,53,10,961,0,25,129,1,155,452,481,182,11,1126,0,0,0,1150
10/31/2007,SLC,UT,ANM,WE,Towers with Radar,451,430,50,9,940,0,34,140,0,174,452,483,190,9,1134,0,0,0,1163
11/01/2007,SLC,UT,ANM,WE,Towers with Radar,488,473,65,10,1036,0,51,171,0,222,488,545,236,10,1279,0,0,0,1316
11/02/2007,SLC,UT,ANM,WE,Towers with Radar,493,466,32,3,994,0,37,198,3,238,493,521,230,6,1250,0,0,0,1293
11/03/2007,SLC,UT,ANM,WE,Towers with Radar,423,374,30,2,829,0,37,143,1,181,423,426,173,3,1025,0,0,0,1057
11/04/2007,SLC,UT,ANM,WE,Towers with Radar,460,422,48,1,931,0,17,79,2,98,460,451,127,3,1041,0,0,0,1072
11/05/2007,SLC,UT,ANM,WE,Towers with Radar,483,464,42,8,997,0,22,137,0,159,483,503,179,8,1173,0,0,0,1222
11/06/2007,SLC,UT,ANM,WE,Towers with Radar,469,431,34,9,943,0,45,183,0,228,469,489,217,9,1184,0,0,0,1234
11/07/2007,SLC,UT,ANM,WE,Towers with Radar,483,465,71,4,1023,0,37,180,0,217,483,518,251,4,1256,0,0,0,1302
11/08/2007,SLC,UT,ANM,WE,Towers with Radar,496,477,74,7,1054,0,38,156,0,194,497,530,230,7,1264,0,0,0,1321
11/09/2007,SLC,UT,ANM,WE,Towers with Radar,501,469,68,12,1050,0,34,161,2,197,501,522,229,14,1266,0,0,0,1339
11/10/2007,SLC,UT,ANM,WE,Towers with Radar,429,371,42,9,851,0,19,147,2,168,429,399,189,11,1028,0,0,0,1062
11/11/2007,SLC,UT,ANM,WE,Towers with Radar,461,424,54,4,943,0,9,15,2,26,461,440,69,6,976,0,0,0,980
11/12/2007,SLC,UT,ANM,WE,Towers with Radar,484,457,45,5,991,0,26,141,2,169,484,491,186,7,1168,0,0,0,1206
11/13/2007,SLC,UT,ANM,WE,Towers with Radar,470,450,56,5,981,0,32,114,0,146,471,504,170,5,1150,0,0,0,1174
11/14/2007,SLC,UT,ANM,WE,Towers with Radar,487,463,53,6,1009,0,45,166,2,213,487,530,219,8,1244,0,0,0,1286
11/15/2007,SLC,UT,ANM,WE,Towers with Radar,503,466,50,10,1029,0,38,174,0,212,503,522,224,10,1259,0,0,0,1308
11/16/2007,SLC,UT,ANM,WE,Towers with Radar,504,487,55,5,1051,0,38,157,0,195,504,541,212,5,1262,0,0,0,1305
11/17/2007,SLC,UT,ANM,WE,Towers with Radar,439,357,33,4,833,0,23,114,0,137,439,408,147,4,998,0,0,0,1029
11/18/2007,SLC,UT,ANM,WE,Towers with Radar,444,388,33,9,874,0,8,82,0,90,444,410,115,9,978,0,0,0,996
11/19/2007,SLC,UT,ANM,WE,Towers with Radar,443,410,64,4,921,0,23,110,0,133,443,448,174,4,1069,0,0,0,1099
11/20/2007,SLC,UT,ANM,WE,Towers with Radar,505,502,85,10,1102,0,25,108,0,133,506,536,193,10,1245,0,0,0,1268
11/21/2007,SLC,UT,ANM,WE,Towers with Radar,508,488,69,3,1068,0,33,151,1,185,508,530,220,4,1262,0,0,0,1318
11/22/2007,SLC,UT,ANM,WE,Towers with Radar,320,287,9,1,617,0,4,22,0,26,321,302,31,1,655,0,0,0,680
11/23/2007,SLC,UT,ANM,WE,Towers with Radar,364,328,20,0,712,0,32,112,1,145,364,372,132,1,869,0,0,0,920
11/24/2007,SLC,UT,ANM,WE,Towers with Radar,441,440,45,0,926,0,10,94,0,104,442,465,139,0,1046,0,0,0,1072
11/25/2007,SLC,UT,ANM,WE,Towers with Radar,471,455,74,0,1000,0,10,79,0,89,471,480,153,0,1104,0,0,0,1126
11/26/2007,SLC,UT,ANM,WE,Towers with Radar,500,491,63,7,1061,0,22,155,0,177,501,533,218,7,1259,0,0,0,1289
11/27/2007,SLC,UT,ANM,WE,Towers with Radar,457,445,48,9,959,0,9,29,0,38,458,462,77,9,1006,0,0,0,1017
11/28/2007,SLC,UT,ANM,WE,Towers with Radar,507,476,48,10,1041,0,29,111,0,140,508,512,159,10,1189,0,0,0,1213
11/29/2007,SLC,UT,ANM,WE,Towers with Radar,502,488,61,13,1064,0,30,112,0,142,502,530,173,13,1218,0,0,0,1243
11/30/2007,SLC,UT,ANM,WE,Towers with Radar,494,486,53,7,1040,0,18,73,0,91,496,506,126,7,1135,0,0,0,1149
12/01/2007,SLC,UT,ANM,WE,Towers with Radar,394,351,34,4,783,0,5,3,0,8,399,363,37,4,803,0,0,0,809
12/02/2007,SLC,UT,ANM,WE,Towers with Radar,458,410,33,4,905,0,14,49,4,67,458,439,82,8,987,0,0,0,995
12/03/2007,SLC,UT,ANM,WE,Towers with Radar,457,468,73,3,1001,0,24,127,0,151,458,509,200,3,1170,0,0,0,1204
12/04/2007,SLC,UT,ANM,WE,Towers with Radar,420,446,55,8,929,0,17,118,0,135,420,467,173,8,1068,0,0,0,1084
12/05/2007,SLC,UT,ANM,WE,Towers with Radar,478,438,56,10,982,0,16,144,0,160,478,458,200,10,1146,0,0,0,1164
12/06/2007,SLC,UT,ANM,WE,Towers with Radar,481,477,72,5,1035,0,9,70,0,79,481,491,142,5,1119,0,0,0,1126
12/07/2007,SLC,UT,ANM,WE,Towers with Radar,463,455,58,3,979,0,2,1,0,3,463,458,59,3,983,0,0,0,983
12/08/2007,SLC,UT,ANM,WE,Towers with Radar,412,362,37,0,811,0,2,0,0,2,412,364,37,0,813,0,0,0,814
12/09/2007,SLC,UT,ANM,WE,Towers with Radar,443,405,46,0,894,0,4,1,0,5,443,409,47,0,899,0,0,0,901
12/10/2007,SLC,UT,ANM,WE,Towers with Radar,451,465,45,4,965,0,5,16,0,21,451,472,61,4,988,0,0,0,989
12/11/2007,SLC,UT,ANM,WE,Towers with Radar,441,440,61,18,960,0,31,132,3,166,441,478,193,21,1133,0,0,0,1160
12/12/2007,SLC,UT,ANM,WE,Towers with Radar,484,456,95,6,1041,0,26,151,0,177,484,492,246,6,1228,0,0,0,1247
12/13/2007,SLC,UT,ANM,WE,Towers with Radar,480,485,76,6,1047,0,17,54,0,71,480,504,130,6,1120,0,0,0,1127
12/14/2007,SLC,UT,ANM,WE,Towers with Radar,513,483,97,0,1093,0,22,81,0,103,513,508,178,0,1199,0,0,0,1217
12/15/2007,SLC,UT,ANM,WE,Towers with Radar,435,371,54,0,860,0,11,126,0,137,435,388,180,0,1003,0,0,0,1034
12/16/2007,SLC,UT,ANM,WE,Towers with Radar,451,413,56,0,920,0,17,85,0,102,451,441,141,0,1033,0,0,0,1045
12/17/2007,SLC,UT,ANM,WE,Towers with Radar,464,469,59,10,1002,0,28,92,0,120,464,504,151,10,1129,0,0,0,1148
12/18/2007,SLC,UT,ANM,WE,Towers with Radar,488,498,54,9,1049,0,28,96,1,125,488,532,150,10,1180,0,0,0,1197
12/19/2007,SLC,UT,ANM,WE,Towers with Radar,519,532,79,6,1136,0,23,48,1,72,519,559,127,7,1212,0,0,0,1226
12/20/2007,SLC,UT,ANM,WE,Towers with Radar,487,517,103,7,1114,0,12,2,0,14,488,534,105,7,1134,0,0,0,1137
12/21/2007,SLC,UT,ANM,WE,Towers with Radar,536,566,103,5,1210,0,35,52,0,87,536,610,155,5,1306,0,0,0,1334
12/22/2007,SLC,UT,ANM,WE,Towers with Radar,503,525,65,2,1095,0,38,129,0,167,503,581,194,2,1280,0,0,0,1311
12/23/2007,SLC,UT,ANM,WE,Towers with Radar,495,475,48,0,1018,0,11,60,0,71,495,498,108,0,1101,0,0,0,1108
12/24/2007,SLC,UT,ANM,WE,Towers with Radar,434,451,26,0,911,0,18,8,0,26,435,472,34,0,941,0,0,0,946
12/25/2007,SLC,UT,ANM,WE,Towers with Radar,370,368,30,0,768,0,9,7,0,16,370,388,37,0,795,0,0,0,798
12/26/2007,SLC,UT,ANM,WE,Towers with Radar,464,509,116,5,1094,0,8,20,0,28,464,524,136,5,1129,0,0,0,1134
12/27/2007,SLC,UT,ANM,WE,Towers with Radar,527,527,108,14,1176,0,21,78,2,101,527,554,186,16,1283,0,0,0,1320
12/28/2007,SLC,UT,ANM,WE,Towers with Radar,513,535,76,2,1126,0,9,27,0,36,513,551,103,2,1169,0,0,0,1183
12/29/2007,SLC,UT,ANM,WE,Towers with Radar,485,489,66,0,1040,0,9,31,0,40,485,502,97,0,1084,0,0,0,1089
12/30/2007,SLC,UT,ANM,WE,Towers with Radar,478,476,41,0,995,0,10,5,0,15,478,486,46,0,1010,0,0,0,1012
12/31/2007,SLC,UT,ANM,WE,Towers with Radar,455,470,62,1,988,0,27,58,0,85,455,505,120,1,1081,0,0,0,1101
01/01/2008,SLC,UT,ANM,WE,Towers with Radar,444,410,78,0,932,0,21,65,0,86,444,452,143,0,1039,0,0,0,1054
01/02/2008,SLC,UT,ANM,WE,Towers with Radar,499,525,91,5,1120,0,32,119,0,151,499,566,210,5,1280,0,0,0,1308
01/03/2008,SLC,UT,ANM,WE,Towers with Radar,515,514,86,14,1129,0,37,109,0,146,515,563,195,14,1287,0,0,0,1313
01/04/2008,SLC,UT,ANM,WE,Towers with Radar,488,453,77,4,1022,0,25,26,0,51,488,482,103,4,1077,0,0,0,1083
01/05/2008,SLC,UT,ANM,WE,Towers with Radar,420,370,78,2,870,0,16,16,2,34,421,398,94,4,917,0,0,0,925
01/06/2008,SLC,UT,ANM,WE,Towers with Radar,447,411,84,2,944,0,9,1,0,10,448,425,85,2,960,0,0,0,960
01/07/2008,SLC,UT,ANM,WE,Towers with Radar,503,485,52,6,1046,0,28,92,1,121,503,522,144,7,1176,0,0,0,1190
01/08/2008,SLC,UT,ANM,WE,Towers with Radar,466,463,65,5,999,0,36,57,4,97,466,507,122,9,1104,0,0,0,1118
01/09/2008,SLC,UT,ANM,WE,Towers with Radar,473,458,68,2,1001,0,14,9,0,23,474,477,77,2,1030,0,0,0,1037
01/10/2008,SLC,UT,ANM,WE,Towers with Radar,471,484,71,5,1031,0,27,97,0,124,472,517,168,5,1162,0,0,0,1185
01/11/2008,SLC,UT,ANM,WE,Towers with Radar,488,490,76,2,1056,0,22,43,0,65,489,520,119,2,1130,0,0,0,1138
01/12/2008,SLC,UT,ANM,WE,Towers with Radar,431,391,31,0,853,0,15,134,0,149,431,427,165,0,1023,0,0,0,1037
01/13/2008,SLC,UT,ANM,WE,Towers with Radar,428,420,57,0,905,0,6,6,0,12,428,431,63,0,922,0,0,0,923
01/14/2008,SLC,UT,ANM,WE,Towers with Radar,477,490,77,4,1048,0,24,125,1,150,477,524,202,5,1208,0,0,0,1235
01/15/2008,SLC,UT,ANM,WE,Towers with Radar,459,453,69,6,987,0,26,60,1,87,459,482,129,7,1077,0,0,0,1089
01/16/2008,SLC,UT,ANM,WE,Towers with Radar,474,453,94,6,1027,0,22,118,0,140,474,492,212,6,1184,0,0,0,1212
01/17/2008,SLC,UT,ANM,WE,Towers with Radar,464,525,131,9,1129,0,23,97,1,121,464,559,228,10,1261,0,0,0,1281
01/18/2008,SLC,UT,ANM,WE,Towers with Radar,499,549,163,3,1214,0,20,57,0,77,499,577,220,3,1299,0,0,0,1311
01/19/2008,SLC,UT,ANM,WE,Towers with Radar,447,403,69,1,920,0,12,122,0,134,447,433,191,1,1072,0,0,0,1091
01/20/2008,SLC,UT,ANM,WE,Towers with Radar,434,445,75,0,954,0,15,35,0,50,434,470,110,0,1014,0,0,0,1023
01/21/2008,SLC,UT,ANM,WE,Towers with Radar,424,474,134,0,1032,0,13,7,0,20,425,497,141,0,1063,0,0,0,1068
01/22/2008,SLC,UT,ANM,WE,Towers with Radar,495,562,86,10,1153,0,16,74,0,90,497,583,160,10,1250,0,0,0,1270
01/23/2008,SLC,UT,ANM,WE,Towers with Radar,479,490,108,9,1086,0,18,40,0,58,482,515,148,9,1154,0,0,0,1165
01/24/2008,SLC,UT,ANM,WE,Towers with Radar,484,495,93,2,1074,0,5,9,2,16,484,503,102,4,1093,0,0,0,1095
01/25/2008,SLC,UT,ANM,WE,Towers with Radar,492,502,97,7,1098,0,13,44,0,57,492,526,141,7,1166,0,0,0,1178
01/26/2008,SLC,UT,ANM,WE,Towers with Radar,440,411,59,2,912,1,18,132,0,151,441,447,191,2,1081,0,0,0,1113
01/27/2008,SLC,UT,ANM,WE,Towers with Radar,424,427,89,8,948,0,4,5,0,9,424,439,94,8,965,0,0,0,969
01/28/2008,SLC,UT,ANM,WE,Towers with Radar,449,408,60,6,923,0,11,1,0,12,451,423,61,6,941,0,0,0,943
01/29/2008,SLC,UT,ANM,WE,Towers with Radar,481,496,60,2,1039,0,23,93,0,116,481,534,153,2,1170,0,0,0,1180
01/30/2008,SLC,UT,ANM,WE,Towers with Radar,469,463,72,5,1009,0,19,37,1,57,469,484,109,6,1068,0,0,0,1081
01/31/2008,SLC,UT,ANM,WE,Towers with Radar,473,472,90,5,1040,0,21,68,4,93,473,501,158,9,1141,0,0,0,1156
02/01/2008,SLC,UT,ANM,WE,Towers with Radar,475,507,73,4,1059,0,19,72,0,91,475,534,145,4,1158,0,0,0,1166
02/02/2008,SLC,UT,ANM,WE,Towers with Radar,455,400,45,6,906,0,17,135,0,152,455,438,180,6,1079,0,0,0,1107
02/03/2008,SLC,UT,ANM,WE,Towers with Radar,417,396,42,0,855,0,3,0,0,3,418,400,42,0,860,0,0,0,860
02/04/2008,SLC,UT,ANM,WE,Towers with Radar,466,506,71,3,1046,0,24,32,0,56,466,538,103,3,1110,0,0,0,1127
02/05/2008,SLC,UT,ANM,WE,Towers with Radar,482,456,62,8,1008,0,35,157,1,193,482,501,219,9,1211,0,0,0,1237
02/06/2008,SLC,UT,ANM,WE,Towers with Radar,454,479,75,1,1009,0,42,69,0,111,455,534,144,1,1134,0,0,0,1151
02/07/2008,SLC,UT,ANM,WE,Towers with Radar,477,487,79,8,1051,0,22,22,0,44,478,523,101,8,1110,0,0,0,1116
02/08/2008,SLC,UT,ANM,WE,Towers with Radar,498,520,100,4,1122,0,58,166,0,224,498,587,266,4,1355,0,0,0,1382
02/09/2008,SLC,UT,ANM,WE,Towers with Radar,434,398,56,0,888,0,27,169,0,196,434,435,225,0,1094,0,0,0,1121
02/10/2008,SLC,UT,ANM,WE,Towers with Radar,426,426,90,4,946,2,15,104,1,122,428,455,194,5,1082,0,0,0,1102
02/11/2008,SLC,UT,ANM,WE,Towers with Radar,465,477,69,10,1021,0,35,168,0,203,465,526,237,10,1238,0,0,0,1268
02/12/2008,SLC,UT,ANM,WE,Towers with Radar,463,460,48,10,981,0,29,199,1,229,463,502,247,11,1223,0,0,0,1262
02/13/2008,SLC,UT,ANM,WE,Towers with Radar,446,448,70,4,968,0,14,25,0,39,448,468,95,4,1015,0,0,0,1023
02/14/2008,SLC,UT,ANM,WE,Towers with Radar,526,550,109,15,1200,0,31,50,0,81,526,587,159,15,1287,0,0,0,1301
02/15/2008,SLC,UT,ANM,WE,Towers with Radar,489,515,104,9,1117,0,32,189,0,221,489,565,293,9,1356,0,0,0,1383
02/16/2008,SLC,UT,ANM,WE,Towers with Radar,446,422,41,3,912,0,25,148,2,175,446,468,189,5,1108,0,0,0,1132
02/17/2008,SLC,UT,ANM,WE,Towers with Radar,439,443,56,3,941,0,4,90,1,95,440,471,146,4,1061,0,0,0,1072
02/18/2008,SLC,UT,ANM,WE,Towers with Radar,466,509,129,0,1104,0,26,167,0,193,466,548,296,0,1310,0,0,0,1342
02/19/2008,SLC,UT,ANM,WE,Towers with Radar,469,465,81,1,1016,0,30,169,0,199,469,504,250,1,1224,0,0,0,1247
02/20/2008,SLC,UT,ANM,WE,Towers with Radar,475,501,68,8,1052,0,11,69,0,80,476,527,137,8,1148,0,0,0,1168
02/21/2008,SLC,UT,ANM,WE,Towers with Radar,490,510,89,10,1099,0,9,18,0,27,491,525,107,10,1133,0,0,0,1136
02/22/2008,SLC,UT,ANM,WE,Towers with Radar,480,530,70,1,1081,0,14,38,0,52,481,548,108,1,1138,0,0,0,1155
02/23/2008,SLC,UT,ANM,WE,Towers with Radar,460,460,57,2,979,0,10,51,1,62,461,483,108,3,1055,0,0,0,1067
02/24/2008,SLC,UT,ANM,WE,Towers with Radar,435,445,77,0,957,0,12,8,0,20,436,464,85,0,985,0,0,0,987
02/25/2008,SLC,UT,ANM,WE,Towers with Radar,476,487,90,5,1058,0,21,62,0,83,476,522,152,5,1155,0,0,0,1168
02/26/2008,SLC,UT,ANM,WE,Towers with Radar,483,474,60,13,1030,0,41,163,0,204,483,539,223,13,1258,0,0,0,1293
02/27/2008,SLC,UT,ANM,WE,Towers with Radar,489,489,85,8,1071,0,28,173,1,202,489,537,258,9,1293,0,0,0,1322
02/28/2008,SLC,UT,ANM,WE,Towers with Radar,491,523,94,12,1120,0,38,163,0,201,491,579,257,12,1339,0,0,0,1379
02/29/2008,SLC,UT,ANM,WE,Towers with Radar,487,481,74,1,1043,2,34,186,0,222,489,525,260,1,1275,0,0,0,1304
03/01/2008,SLC,UT,ANM,WE,Towers with Radar,440,407,51,8,906,0,11,27,0,38,441,432,78,8,959,0,0,0,962
03/02/2008,SLC,UT,ANM,WE,Towers with Radar,458,473,78,4,1013,0,8,54,0,62,458,497,132,4,1091,0,0,0,1098
03/03/2008,SLC,UT,ANM,WE,Towers with Radar,475,514,67,7,1063,0,45,190,0,235,475,575,257,7,1314,0,0,0,1347
03/04/2008,SLC,UT,ANM,WE,Towers with Radar,464,460,59,8,991,0,32,87,2,121,464,504,146,10,1124,0,0,0,1146
03/05/2008,SLC,UT,ANM,WE,Towers with Radar,476,514,120,12,1122,0,44,154,2,200,476,564,274,14,1328,0,0,0,1362
03/06/2008,SLC,UT,ANM,WE,Towers with Radar,497,513,109,15,1134,0,31,168,0,199,497,561,277,15,1350,0,0,0,1388
03/07/2008,SLC,UT,ANM,WE,Towers with Radar,475,516,129,8,1128,0,29,201,0,230,475,551,330,8,1364,0,0,0,1403
03/08/2008,SLC,UT,ANM,WE,Towers with Radar,451,425,61,3,940,0,7,63,4,74,451,445,124,7,1027,0,0,0,1035
03/09/2008,SLC,UT,ANM,WE,Towers with Radar,452,457,72,3,984,0,12,94,0,106,452,484,166,3,1105,0,0,0,1119
03/10/2008,SLC,UT,ANM,WE,Towers with Radar,485,472,68,8,1033,0,49,148,0,197,485,531,216,8,1240,0,0,0,1259
03/11/2008,SLC,UT,ANM,WE,Towers with Radar,468,433,52,6,959,0,35,145,1,181,468,479,197,7,1151,0,0,0,1178
03/12/2008,SLC,UT,ANM,WE,Towers with Radar,477,481,75,8,1041,0,40,160,0,200,477,539,235,8,1259,0,0,0,1284
03/13/2008,SLC,UT,ANM,WE,Towers with Radar,496,505,83,10,1094,0,14,31,0,45,496,529,114,10,1149,0,0,0,1167
03/14/2008,SLC,UT,ANM,WE,Towers with Radar,486,523,93,3,1105,0,26,50,0,76,486,557,143,3,1189,0,0,0,1201
03/15/2008,SLC,UT,ANM,WE,Towers with Radar,444,432,84,2,962,0,19,58,0,77,444,460,142,2,1048,0,0,0,1052
03/16/2008,SLC,UT,ANM,WE,Towers with Radar,456,471,82,0,1009,0,11,28,0,39,457,495,110,0,1062,0,0,0,1066
03/17/2008,SLC,UT,ANM,WE,Towers with Radar,494,510,62,3,1069,0,23,172,0,195,494,554,234,3,1285,0,0,0,1308
03/18/2008,SLC,UT,ANM,WE,Towers with Radar,463,471,69,5,1008,0,39,141,0,180,463,518,210,5,1196,0,0,0,1224
03/19/2008,SLC,UT,ANM,WE,Towers with Radar,475,503,72,6,1056,0,26,151,0,177,475,541,223,6,1245,0,0,0,1263
03/20/2008,SLC,UT,ANM,WE,Towers with Radar,488,529,110,6,1133,0,40,94,0,134,488,587,204,6,1285,0,0,0,1313
03/21/2008,SLC,UT,ANM,WE,Towers with Radar,487,502,70,3,1062,0,30,192,1,223,487,544,262,4,1297,0,0,0,1320
03/22/2008,SLC,UT,ANM,WE,Towers with Radar,450,429,62,3,944,0,17,141,0,158,450,458,203,3,1114,0,0,0,1138
03/23/2008,SLC,UT,ANM,WE,Towers with Radar,447,432,59,0,938,0,17,78,0,95,447,462,137,0,1046,0,0,0,1063
03/24/2008,SLC,UT,ANM,WE,Towers with Radar,472,494,63,3,1032,0,32,142,0,174,472,535,205,3,1215,0,0,0,1244
03/25/2008,SLC,UT,ANM,WE,Towers with Radar,460,451,62,9,982,0,30,172,0,202,460,501,234,9,1204,0,0,0,1229
03/26/2008,SLC,UT,ANM,WE,Towers with Radar,482,479,74,5,1040,0,44,98,1,143,482,535,172,6,1195,0,0,0,1215
03/27/2008,SLC,UT,ANM,WE,Towers with Radar,486,510,72,10,1078,0,33,57,2,92,486,561,129,12,1188,0,0,0,1215
03/28/2008,SLC,UT,ANM,WE,Towers with Radar,496,488,82,6,1072,0,38,135,0,173,496,533,217,6,1252,0,0,0,1272
03/29/2008,SLC,UT,ANM,WE,Towers with Radar,461,421,50,5,937,0,16,38,0,54,461,441,88,5,995,0,0,0,1009
03/30/2008,SLC,UT,ANM,WE,Towers with Radar,434,444,82,2,962,0,2,3,0,5,436,451,85,2,974,0,0,0,975
03/31/2008,SLC,UT,ANM,WE,Towers with Radar,475,506,42,6,1029,0,34,95,0,129,475,545,137,6,1163,0,0,0,1183
04/01/2008,SLC,UT,ANM,WE,Towers with Radar,488,440,45,6,979,0,33,176,1,210,488,483,221,7,1199,0,0,0,1241
04/02/2008,SLC,UT,ANM,WE,Towers with Radar,485,485,63,9,1042,1,13,60,0,74,486,506,123,9,1124,0,0,0,1137
04/03/2008,SLC,UT,ANM,WE,Towers with Radar,499,483,59,8,1049,0,35,210,0,245,500,529,269,8,1306,0,0,0,1326
04/04/2008,SLC,UT,ANM,WE,Towers with Radar,488,478,69,3,1038,0,26,163,0,189,488,511,232,3,1234,0,0,0,1255
04/05/2008,SLC,UT,ANM,WE,Towers with Radar,452,396,30,5,883,0,11,97,0,108,452,409,127,5,993,0,0,0,1005
04/06/2008,SLC,UT,ANM,WE,Towers with Radar,446,440,54,4,944,0,13,64,1,78,446,462,118,5,1031,0,0,0,1049
04/07/2008,SLC,UT,ANM,WE,Towers with Radar,472,473,58,6,1009,0,34,31,0,65,472,514,89,6,1081,0,0,0,1088
04/08/2008,SLC,UT,ANM,WE,Towers with Radar,453,398,47,11,909,0,32,157,0,189,453,440,204,11,1108,0,0,0,1133
04/09/2008,SLC,UT,ANM,WE,Towers with Radar,451,463,62,9,985,0,18,21,0,39,451,484,83,9,1027,0,0,0,1028
04/10/2008,SLC,UT,ANM,WE,Towers with Radar,478,450,72,9,1009,0,26,132,1,159,478,484,204,10,1176,0,0,0,1205
04/11/2008,SLC,UT,ANM,WE,Towers with Radar,482,471,56,6,1015,0,37,161,0,198,482,517,217,6,1222,0,0,0,1254
04/12/2008,SLC,UT,ANM,WE,Towers with Radar,412,303,22,0,737,0,18,150,0,168,413,348,172,0,933,0,0,0,961
04/13/2008,SLC,UT,ANM,WE,Towers with Radar,437,430,51,4,922,0,16,72,1,89,438,455,123,5,1021,0,0,0,1033
04/14/2008,SLC,UT,ANM,WE,Towers with Radar,465,493,61,3,1022,0,29,124,0,153,465,531,185,3,1184,0,0,0,1209
04/15/2008,SLC,UT,ANM,WE,Towers with Radar,448,391,51,8,898,0,30,39,0,69,449,432,90,8,979,0,0,0,990
04/16/2008,SLC,UT,ANM,WE,Towers with Radar,471,453,70,13,1007,0,33,129,0,162,471,496,199,13,1179,0,0,0,1203
04/17/2008,SLC,UT,ANM,WE,Towers with Radar,494,427,47,9,977,0,38,224,1,263,494,469,271,10,1244,0,0,0,1281
04/18/2008,SLC,UT,ANM,WE,Towers with Radar,489,434,56,2,981,0,38,127,0,165,489,484,183,2,1158,0,0,0,1191
04/19/2008,SLC,UT,ANM,WE,Towers with Radar,413,310,28,0,751,0,16,32,0,48,413,347,60,0,820,0,0,0,829
04/20/2008,SLC,UT,ANM,WE,Towers with Radar,438,391,37,1,867,0,8,11,0,19,438,408,48,1,895,0,0,0,897
04/21/2008,SLC,UT,ANM,WE,Towers with Radar,472,427,56,4,959,0,40,159,0,199,472,474,215,4,1165,0,0,0,1188
04/22/2008,SLC,UT,ANM,WE,Towers with Radar,447,386,66,8,907,0,27,204,1,232,447,421,270,9,1147,0,0,0,1183
04/23/2008,SLC,UT,ANM,WE,Towers with Radar,475,449,53,9,986,0,28,81,1,110,476,486,134,10,1106,0,0,0,1118
04/24/2008,SLC,UT,ANM,WE,Towers with Radar,484,449,56,5,994,0,26,19,0,45,484,478,75,5,1042,0,0,0,1054
04/25/2008,SLC,UT,ANM,WE,Towers with Radar,484,433,47,7,971,0,43,181,1,225,484,487,228,8,1207,0,0,0,1238
04/26/2008,SLC,UT,ANM,WE,Towers with Radar,416,300,24,0,740,0,22,170,0,192,416,343,194,0,953,0,0,0,986
04/27/2008,SLC,UT,ANM,WE,Towers with Radar,439,399,33,3,874,0,13,88,0,101,439,424,121,3,987,0,0,0,999
04/28/2008,SLC,UT,ANM,WE,Towers with Radar,476,432,41,5,954,0,33,183,0,216,476,472,224,5,1177,0,0,0,1227
04/29/2008,SLC,UT,ANM,WE,Towers with Radar,444,407,50,9,910,0,32,76,0,108,446,450,126,9,1031,0,0,0,1057
04/30/2008,SLC,UT,ANM,WE,Towers with Radar,475,457,63,7,1002,0,26,65,0,91,476,490,128,7,1101,0,0,0,1122
05/01/2008,SLC,UT,ANM,WE,Towers with Radar,492,445,64,10,1011,0,32,34,0,66,492,488,98,10,1088,0,0,0,1096
05/02/2008,SLC,UT,ANM,WE,Towers with Radar,492,428,55,2,977,0,31,176,1,208,492,469,231,3,1195,0,0,0,1236
05/03/2008,SLC,UT,ANM,WE,Towers with Radar,415,295,29,1,740,0,39,128,6,173,415,355,157,7,934,0,0,0,969
05/04/2008,SLC,UT,ANM,WE,Towers with Radar,440,355,32,3,830,2,31,80,2,115,442,394,112,5,953,0,0,0,969
05/05/2008,SLC,UT,ANM,WE,Towers with Radar,469,415,46,5,935,0,29,141,0,170,469,456,187,5,1117,0,0,0,1140
05/06/2008,SLC,UT,ANM,WE,Towers with Radar,443,390,51,6,890,0,40,207,0,247,443,440,258,6,1147,0,0,0,1176
05/07/2008,SLC,UT,ANM,WE,Towers with Radar,466,435,44,6,951,0,32,68,0,100,466,478,112,6,1062,0,0,0,1079
05/08/2008,SLC,UT,ANM,WE,Towers with Radar,488,434,50,12,984,0,47,157,3,207,488,496,207,15,1206,0,0,0,1239
05/09/2008,SLC,UT,ANM,WE,Towers with Radar,479,441,70,2,992,0,36,88,0,124,479,490,158,2,1129,0,0,0,1152
05/10/2008,SLC,UT,ANM,WE,Towers with Radar,416,303,36,4,759,0,16,170,1,187,416,329,206,5,956,0,0,0,981
05/11/2008,SLC,UT,ANM,WE,Towers with Radar,440,371,27,4,842,0,11,56,0,67,440,404,83,4,931,0,0,0,947
05/12/2008,SLC,UT,ANM,WE,Towers with Radar,478,436,45,3,962,0,34,86,0,120,481,477,131,3,1092,0,0,0,1104
05/13/2008,SLC,UT,ANM,WE,Towers with Radar,448,374,37,8,867,0,50,194,0,244,448,446,231,8,1133,0,0,0,1165
05/14/2008,SLC,UT,ANM,WE,Towers with Radar,466,419,66,8,959,0,32,169,2,203,466,459,235,10,1170,0,0,0,1206
05/15/2008,SLC,UT,ANM,WE,Towers with Radar,489,443,61,15,1008,0,36,142,0,178,489,485,203,15,1192,0,0,0,1220
05/16/2008,SLC,UT,ANM,WE,Towers with Radar,480,450,52,2,984,0,43,184,0,227,480,495,236,2,1213,0,0,0,1247
05/17/2008,SLC,UT,ANM,WE,Towers with Radar,356,265,32,5,658,0,17,127,1,145,365,312,159,6,842,0,0,0,878
05/18/2008,SLC,UT,ANM,WE,Towers with Radar,438,372,25,4,839,0,10,57,0,67,441,404,82,4,931,0,0,0,949
05/19/2008,SLC,UT,ANM,WE,Towers with Radar,473,427,43,4,947,0,32,150,1,183,476,477,193,5,1151,0,0,0,1171
05/20/2008,SLC,UT,ANM,WE,Towers with Radar,452,389,43,7,891,0,32,128,1,161,455,439,171,8,1073,0,0,0,1094
05/21/2008,SLC,UT,ANM,WE,Towers with Radar,479,443,64,5,991,0,27,32,0,59,479,479,96,5,1059,0,0,0,1074
05/22/2008,SLC,UT,ANM,WE,Towers with Radar,496,439,56,10,1001,0,23,26,0,49,496,480,82,10,1068,0,0,0,1079
05/23/2008,SLC,UT,ANM,WE,Towers with Radar,492,451,54,3,1000,0,22,49,0,71,492,483,103,3,1081,0,0,0,1096
05/24/2008,SLC,UT,ANM,WE,Towers with Radar,414,300,24,1,739,0,17,50,2,69,414,332,74,3,823,0,0,0,843
05/25/2008,SLC,UT,ANM,WE,Towers with Radar,367,283,16,5,671,0,15,51,2,68,367,306,67,7,747,0,0,0,758
05/26/2008,SLC,UT,ANM,WE,Towers with Radar,436,378,35,0,849,0,14,9,0,23,436,401,44,0,881,0,0,0,890
05/27/2008,SLC,UT,ANM,WE,Towers with Radar,460,428,44,8,940,0,38,184,0,222,460,474,228,8,1170,0,0,0,1212
05/28/2008,SLC,UT,ANM,WE,Towers with Radar,478,435,39,9,961,0,34,112,4,150,478,491,151,13,1133,0,0,0,1160
05/29/2008,SLC,UT,ANM,WE,Towers with Radar,488,443,54,18,1003,0,35,57,11,103,489,493,111,29,1122,0,0,0,1146
05/30/2008,SLC,UT,ANM,WE,Towers with Radar,483,429,39,3,954,0,46,192,3,241,484,492,231,6,1213,0,0,0,1237
05/31/2008,SLC,UT,ANM,WE,Towers with Radar,411,296,26,2,735,0,25,158,0,183,411,325,184,2,922,0,0,0,942
06/01/2008,SLC,UT,ANM,WE,Towers with Radar,462,383,34,2,881,0,14,83,0,97,462,414,117,2,995,0,0,0,1008
06/02/2008,SLC,UT,ANM,WE,Towers with Radar,475,412,46,0,933,0,36,159,1,196,475,452,205,1,1133,0,0,0,1158
06/03/2008,SLC,UT,ANM,WE,Towers with Radar,458,379,38,6,881,0,44,134,0,178,458,435,172,6,1071,0,0,0,1096
06/04/2008,SLC,UT,ANM,WE,Towers with Radar,482,453,66,13,1014,0,15,17,0,32,483,473,83,13,1052,0,0,0,1066
06/05/2008,SLC,UT,ANM,WE,Towers with Radar,524,439,58,9,1030,0,37,126,0,163,524,496,184,9,1213,0,0,0,1236
06/06/2008,SLC,UT,ANM,WE,Towers with Radar,534,440,55,1,1030,0,29,107,0,136,535,492,162,1,1190,0,0,0,1215
06/07/2008,SLC,UT,ANM,WE,Towers with Radar,478,381,29,8,896,0,12,97,4,113,478,407,126,12,1023,0,0,0,1032
06/08/2008,SLC,UT,ANM,WE,Towers with Radar,490,394,45,3,932,1,8,76,0,85,491,421,121,3,1036,0,0,0,1053
06/09/2008,SLC,UT,ANM,WE,Towers with Radar,516,448,58,2,1024,0,40,169,0,209,517,497,227,2,1243,0,0,0,1263
06/10/2008,SLC,UT,ANM,WE,Towers with Radar,506,425,57,7,995,0,39,76,0,115,506,479,133,7,1125,0,0,0,1148
06/11/2008,SLC,UT,ANM,WE,Towers with Radar,536,441,66,14,1057,0,32,67,0,99,536,483,133,14,1166,0,0,0,1195
06/12/2008,SLC,UT,ANM,WE,Towers with Radar,533,441,43,11,1028,0,49,140,2,191,534,506,183,13,1236,0,0,0,1261
06/13/2008,SLC,UT,ANM,WE,Towers with Radar,527,436,57,3,1023,0,40,217,0,257,527,485,274,3,1289,0,0,0,1322
06/14/2008,SLC,UT,ANM,WE,Towers with Radar,481,381,26,4,892,0,27,126,0,153,481,426,152,4,1063,0,0,0,1081
06/15/2008,SLC,UT,ANM,WE,Towers with Radar,489,385,27,1,902,0,15,79,1,95,489,406,106,2,1003,0,0,0,1015
06/16/2008,SLC,UT,ANM,WE,Towers with Radar,504,423,64,4,995,0,32,162,0,194,504,477,226,4,1211,0,0,0,1252
06/17/2008,SLC,UT,ANM,WE,Towers with Radar,519,416,50,6,991,0,37,133,1,171,519,466,183,7,1175,0,0,0,1212
06/18/2008,SLC,UT,ANM,WE,Towers with Radar,527,431,42,9,1009,0,48,166,1,215,527,492,208,10,1237,0,0,0,1272
06/19/2008,SLC,UT,ANM,WE,Towers with Radar,524,432,83,12,1051,0,42,178,0,220,525,488,261,12,1286,0,0,0,1317
06/20/2008,SLC,UT,ANM,WE,Towers with Radar,530,429,67,6,1032,0,31,155,3,189,530,464,222,9,1225,0,0,0,1247
06/21/2008,SLC,UT,ANM,WE,Towers with Radar,476,370,20,0,866,0,15,120,1,136,476,396,140,1,1013,0,0,0,1025
06/22/2008,SLC,UT,ANM,WE,Towers with Radar,484,397,37,2,920,0,17,68,2,87,484,431,105,4,1024,0,0,0,1050
06/23/2008,SLC,UT,ANM,WE,Towers with Radar,522,424,45,8,999,0,36,129,0,165,522,465,174,8,1169,0,0,0,1199
06/24/2008,SLC,UT,ANM,WE,Towers with Radar,520,422,46,6,994,0,52,152,1,205,520,485,198,7,1210,0,0,0,1254
06/25/2008,SLC,UT,ANM,WE,Towers with Radar,523,437,46,5,1011,0,61,114,0,175,523,504,160,5,1192,0,0,0,1233
06/26/2008,SLC,UT,ANM,WE,Towers with Radar,538,432,53,7,1030,0,38,151,1,190,538,482,204,8,1232,0,0,0,1268
06/27/2008,SLC,UT,ANM,WE,Towers with Radar,529,432,49,1,1011,0,39,166,1,206,529,487,215,2,1233,0,0,0,1263
06/28/2008,SLC,UT,ANM,WE,Towers with Radar,482,378,25,4,889,0,38,114,1,153,482,431,139,5,1057,0,0,0,1091
06/29/2008,SLC,UT,ANM,WE,Towers with Radar,480,402,27,0,909,0,10,50,0,60,480,427,77,0,984,0,0,0,1000
06/30/2008,SLC,UT,ANM,WE,Towers with Radar,527,429,48,4,1008,0,32,121,0,153,527,467,169,4,1167,0,0,0,1203
07/01/2008,SLC,UT,ANM,WE,Towers with Radar,523,408,55,6,992,0,39,124,0,163,523,447,179,6,1155,0,0,0,1155
07/02/2008,SLC,UT,ANM,WE,Towers with Radar,526,435,64,1,1026,0,44,145,0,189,526,479,209,1,1215,0,0,0,1215
07/03/2008,SLC,UT,ANM,WE,Towers with Radar,524,433,63,1,1021,0,47,137,1,185,524,480,200,2,1206,0,0,0,1206
07/04/2008,SLC,UT,ANM,WE,Towers with Radar,381,288,16,1,686,0,20,31,2,53,381,308,47,3,739,0,0,0,739
07/05/2008,SLC,UT,ANM,WE,Towers with Radar,438,325,13,2,778,0,22,91,1,114,438,347,104,3,892,0,0,0,892
07/06/2008,SLC,UT,ANM,WE,Towers with Radar,489,414,39,1,943,0,14,57,0,71,489,428,96,1,1014,0,0,0,1014
07/07/2008,SLC,UT,ANM,WE,Towers with Radar,520,443,50,2,1015,0,36,155,0,191,520,479,205,2,1206,0,0,0,1206
07/08/2008,SLC,UT,ANM,WE,Towers with Radar,511,422,68,4,1005,0,39,161,0,200,511,461,229,4,1205,0,0,0,1205
07/09/2008,SLC,UT,ANM,WE,Towers with Radar,518,446,63,4,1031,0,36,155,0,191,518,482,218,4,1222,0,0,0,1222
07/10/2008,SLC,UT,ANM,WE,Towers with Radar,520,421,73,6,1020,0,34,169,0,203,520,455,242,6,1223,0,0,0,1223
07/11/2008,SLC,UT,ANM,WE,Towers with Radar,541,445,44,3,1033,0,37,128,2,167,541,482,172,5,1200,0,0,0,1200
07/12/2008,SLC,UT,ANM,WE,Towers with Radar,475,386,30,1,892,0,12,114,2,128,475,398,144,3,1020,0,0,0,1020
07/13/2008,SLC,UT,ANM,WE,Towers with Radar,470,411,36,3,920,0,9,48,2,59,470,420,84,5,979,0,0,0,979
07/14/2008,SLC,UT,ANM,WE,Towers with Radar,521,424,50,1,996,0,42,124,1,167,521,466,174,2,1163,0,0,0,1163
07/15/2008,SLC,UT,ANM,WE,Towers with Radar,508,414,54,5,981,0,36,159,2,197,508,450,213,7,1178,0,0,0,1178
07/16/2008,SLC,UT,ANM,WE,Towers with Radar,524,437,69,1,1031,0,32,118,2,152,524,469,187,3,1183,0,0,0,1183
07/17/2008,SLC,UT,ANM,WE,Towers with Radar,525,444,67,7,1043,0,42,146,2,190,525,486,213,9,1233,0,0,0,1233
07/18/2008,SLC,UT,ANM,WE,Towers with Radar,526,442,50,8,1026,0,30,152,3,185,526,472,202,11,1211,0,0,0,1211
07/19/2008,SLC,UT,ANM,WE,Towers with Radar,479,391,25,2,897,0,36,89,4,129,479,427,114,6,1026,0,0,0,1026
07/20/2008,SLC,UT,ANM,WE,Towers with Radar,488,425,45,2,960,0,10,56,1,67,488,435,101,3,1027,0,0,0,1027
07/21/2008,SLC,UT,ANM,WE,Towers with Radar,516,446,45,2,1009,0,32,95,2,129,516,478,140,4,1138,0,0,0,1138
07/22/2008,SLC,UT,ANM,WE,Towers with Radar,501,418,35,8,962,0,49,118,2,169,501,467,153,10,1131,0,0,0,1131
07/23/2008,SLC,UT,ANM,WE,Towers with Radar,515,453,63,4,1035,0,39,145,2,186,515,492,208,6,1221,0,0,0,1221
07/24/2008,SLC,UT,ANM,WE,Towers with Radar,527,437,41,3,1008,0,35,121,0,156,527,472,162,3,1164,0,0,0,1164
07/25/2008,SLC,UT,ANM,WE,Towers with Radar,524,448,42,2,1016,0,39,100,0,139,524,487,142,2,1155,0,0,0,1155
07/26/2008,SLC,UT,ANM,WE,Towers with Radar,471,390,33,0,894,0,20,93,0,113,471,410,126,0,1007,0,0,0,1007
07/27/2008,SLC,UT,ANM,WE,Towers with Radar,485,428,36,0,949,0,10,38,0,48,485,438,74,0,997,0,0,0,997
07/28/2008,SLC,UT,ANM,WE,Towers with Radar,511,447,39,3,1000,0,24,111,0,135,511,471,150,3,1135,0,0,0,1135
07/29/2008,SLC,UT,ANM,WE,Towers with Radar,504,433,51,7,995,0,30,147,4,181,504,463,198,11,1176,0,0,0,1176
07/30/2008,SLC,UT,ANM,WE,Towers with Radar,524,447,44,1,1016,0,46,140,0,186,524,493,184,1,1202,0,0,0,1202
07/31/2008,SLC,UT,ANM,WE,Towers with Radar,520,441,66,8,1035,0,33,154,0,187,520,474,220,8,1222,0,0,0,1222
08/01/2008,SLC,UT,ANM,WE,Towers with Radar,529,445,45,4,1023,0,36,117,0,153,529,481,162,4,1176,0,0,0,1176
08/02/2008,SLC,UT,ANM,WE,Towers with Radar,461,386,35,4,886,0,28,70,4,102,461,414,105,8,988,0,0,0,988
08/03/2008,SLC,UT,ANM,WE,Towers with Radar,478,409,39,4,930,0,19,55,0,74,478,428,94,4,1004,0,0,0,1004
08/04/2008,SLC,UT,ANM,WE,Towers with Radar,509,439,46,9,1003,0,40,114,0,154,509,479,160,9,1157,0,0,0,1157
08/05/2008,SLC,UT,ANM,WE,Towers with Radar,508,411,49,8,976,0,36,112,0,148,508,447,161,8,1124,0,0,0,1124
08/06/2008,SLC,UT,ANM,WE,Towers with Radar,508,452,58,7,1025,0,27,131,0,158,508,479,189,7,1183,0,0,0,1183
08/07/2008,SLC,UT,ANM,WE,Towers with Radar,527,446,53,10,1036,0,35,120,0,155,527,481,173,10,1191,2,0,2,1193
08/08/2008,SLC,UT,ANM,WE,Towers with Radar,528,473,53,1,1055,0,43,79,0,122,528,516,132,1,1177,0,0,0,1177
08/09/2008,SLC,UT,ANM,WE,Towers with Radar,473,379,41,3,896,0,17,69,0,86,473,396,110,3,982,0,0,0,982
08/10/2008,SLC,UT,ANM,WE,Towers with Radar,483,441,59,5,988,0,14,55,0,69,483,455,114,5,1057,0,0,0,1057
08/11/2008,SLC,UT,ANM,WE,Towers with Radar,504,451,66,4,1025,0,42,146,0,188,504,493,212,4,1213,0,0,0,1213
08/12/2008,SLC,UT,ANM,WE,Towers with Radar,508,413,49,9,979,0,36,157,2,195,508,449,206,11,1174,0,0,0,1174
08/13/2008,SLC,UT,ANM,WE,Towers with Radar,524,447,48,5,1024,0,27,131,0,158,524,474,179,5,1182,0,0,0,1182
08/14/2008,SLC,UT,ANM,WE,Towers with Radar,514,461,66,11,1052,0,43,112,0,155,514,504,178,11,1207,0,0,0,1207
08/15/2008,SLC,UT,ANM,WE,Towers with Radar,528,446,44,3,1021,0,39,113,4,156,528,485,157,7,1177,0,0,0,1177
08/16/2008,SLC,UT,ANM,WE,Towers with Radar,462,373,34,1,870,0,25,82,5,112,462,398,116,6,982,0,0,0,982
08/17/2008,SLC,UT,ANM,WE,Towers with Radar,490,407,36,4,937,0,14,76,0,90,490,421,112,4,1027,0,0,0,1027
08/18/2008,SLC,UT,ANM,WE,Towers with Radar,513,446,55,5,1019,0,33,126,0,159,513,479,181,5,1178,0,0,0,1178
08/19/2008,SLC,UT,ANM,WE,Towers with Radar,492,399,57,6,954,0,34,73,1,108,492,433,130,7,1062,0,0,0,1062
08/20/2008,SLC,UT,ANM,WE,Towers with Radar,487,428,64,0,979,0,46,128,3,177,487,474,192,3,1156,0,0,0,1156
08/21/2008,SLC,UT,ANM,WE,Towers with Radar,507,431,56,6,1000,0,40,110,1,151,507,471,166,7,1151,0,0,0,1151
08/22/2008,SLC,UT,ANM,WE,Towers with Radar,515,443,58,12,1028,0,32,125,0,157,515,475,183,12,1185,0,0,0,1185
08/23/2008,SLC,UT,ANM,WE,Towers with Radar,388,361,24,7,780,0,29,104,3,136,388,390,128,10,916,0,0,0,916
08/24/2008,SLC,UT,ANM,WE,Towers with Radar,467,397,51,12,927,0,13,66,2,81,467,410,117,14,1008,0,0,0,1008
08/25/2008,SLC,UT,ANM,WE,Towers with Radar,492,424,36,0,952,0,32,79,0,111,492,456,115,0,1063,0,0,0,1063
08/26/2008,SLC,UT,ANM,WE,Towers with Radar,485,394,48,7,934,0,35,144,1,180,485,429,192,8,1114,0,0,0,1114
08/27/2008,SLC,UT,ANM,WE,Towers with Radar,491,418,60,6,975,0,37,122,1,160,491,455,182,7,1135,0,0,0,1135
08/28/2008,SLC,UT,ANM,WE,Towers with Radar,504,432,74,9,1019,0,40,179,0,219,504,472,253,9,1238,0,0,0,1238
08/29/2008,SLC,UT,ANM,WE,Towers with Radar,502,436,61,0,999,0,39,180,0,219,502,475,241,0,1218,0,0,0,1218
08/30/2008,SLC,UT,ANM,WE,Towers with Radar,377,314,41,0,732,0,33,78,0,111,377,347,119,0,843,0,0,0,843
08/31/2008,SLC,UT,ANM,WE,Towers with Radar,372,264,11,3,650,0,22,17,1,40,372,286,28,4,690,0,0,0,690
09/01/2008,SLC,UT,ANM,WE,Towers with Radar,440,388,32,1,861,0,11,41,0,52,440,399,73,1,913,0,0,0,913
09/02/2008,SLC,UT,ANM,WE,Towers with Radar,423,380,40,10,853,0,27,129,0,156,423,407,169,10,1009,0,0,0,1009
09/03/2008,SLC,UT,ANM,WE,Towers with Radar,436,371,43,4,854,0,35,162,0,197,436,406,205,4,1051,0,0,0,1051
09/04/2008,SLC,UT,ANM,WE,Towers with Radar,456,383,31,12,882,0,39,150,0,189,456,422,181,12,1071,0,0,0,1071
09/05/2008,SLC,UT,ANM,WE,Towers with Radar,453,386,33,1,873,0,36,137,0,173,453,422,170,1,1046,0,0,0,1046
09/06/2008,SLC,UT,ANM,WE,Towers with Radar,355,271,34,2,662,0,22,112,0,134,355,293,146,2,796,0,0,0,796
09/07/2008,SLC,UT,ANM,WE,Towers with Radar,431,352,25,2,810,0,7,97,1,105,431,359,122,3,915,0,0,0,915
09/08/2008,SLC,UT,ANM,WE,Towers with Radar,430,367,43,5,845,0,30,146,0,176,430,397,189,5,1021,0,0,0,1021
09/09/2008,SLC,UT,ANM,WE,Towers with Radar,425,363,70,7,865,0,22,94,1,117,425,385,164,8,982,0,0,0,982
09/10/2008,SLC,UT,ANM,WE,Towers with Radar,441,376,63,7,887,0,22,79,0,101,441,398,142,7,988,0,0,0,988
09/11/2008,SLC,UT,ANM,WE,Towers with Radar,461,384,54,11,910,0,30,142,0,172,461,414,196,11,1082,0,0,0,1082
09/12/2008,SLC,UT,ANM,WE,Towers with Radar,446,392,51,5,894,0,43,219,3,265,446,435,270,8,1159,0,0,0,1159
09/13/2008,SLC,UT,ANM,WE,Towers with Radar,351,279,20,8,658,0,12,123,1,136,351,291,143,9,794,0,0,0,794
09/14/2008,SLC,UT,ANM,WE,Towers with Radar,414,346,50,3,813,0,4,75,0,79,414,350,125,3,892,0,0,0,892
09/15/2008,SLC,UT,ANM,WE,Towers with Radar,419,373,36,2,830,0,33,152,2,187,419,406,188,4,1017,0,0,0,1017
09/16/2008,SLC,UT,ANM,WE,Towers with Radar,431,350,55,14,850,0,35,201,0,236,431,385,256,14,1086,0,0,0,1086
09/17/2008,SLC,UT,ANM,WE,Towers with Radar,435,384,71,7,897,0,26,126,2,154,435,410,197,9,1051,0,0,0,1051
09/18/2008,SLC,UT,ANM,WE,Towers with Radar,459,387,73,9,928,0,24,181,0,205,459,411,254,9,1133,0,0,0,1133
09/19/2008,SLC,UT,ANM,WE,Towers with Radar,467,373,57,10,907,0,45,121,1,167,467,418,178,11,1074,0,0,0,1074
09/20/2008,SLC,UT,ANM,WE,Towers with Radar,362,279,31,3,675,0,12,75,2,89,362,291,106,5,764,0,0,0,764
09/21/2008,SLC,UT,ANM,WE,Towers with Radar,428,360,48,3,839,0,6,66,0,72,428,366,114,3,911,0,0,0,911
09/22/2008,SLC,UT,ANM,WE,Towers with Radar,421,361,42,1,825,0,26,85,0,111,421,387,127,1,936,0,0,0,936
09/23/2008,SLC,UT,ANM,WE,Towers with Radar,435,348,61,11,855,0,32,193,1,226,435,380,254,12,1081,0,0,0,1081
09/24/2008,SLC,UT,ANM,WE,Towers with Radar,437,369,44,6,856,0,44,169,0,213,437,413,213,6,1069,0,0,0,1069
09/25/2008,SLC,UT,ANM,WE,Towers with Radar,457,388,43,2,890,0,39,195,0,234,457,427,238,2,1124,0,0,0,1124
09/26/2008,SLC,UT,ANM,WE,Towers with Radar,462,386,58,2,908,0,34,163,1,198,462,420,221,3,1106,0,0,0,1106
09/27/2008,SLC,UT,ANM,WE,Towers with Radar,355,288,19,2,664,0,22,112,0,134,355,310,131,2,798,0,0,0,798
09/28/2008,SLC,UT,ANM,WE,Towers with Radar,427,349,34,5,815,0,8,77,0,85,427,357,111,5,900,0,0,0,900
09/29/2008,SLC,UT,ANM,WE,Towers with Radar,421,361,37,0,819,0,34,171,1,206,421,395,208,1,1025,0,0,0,1025
09/30/2008,SLC,UT,ANM,WE,Towers with Radar,436,353,43,1,833,0,46,180,1,227,436,399,223,2,1060,0,0,0,1060
10/01/2008,SLC,UT,ANM,WE,Towers with Radar,446,351,47,10,854,0,32,175,3,210,446,383,222,13,1064,0,0,0,1064
10/02/2008,SLC,UT,ANM,WE,Towers with Radar,466,386,59,13,924,0,44,178,2,224,466,430,237,15,1148,0,0,0,1148
10/03/2008,SLC,UT,ANM,WE,Towers with Radar,463,375,52,8,898,0,25,123,4,152,463,400,175,12,1050,0,0,0,1050
10/04/2008,SLC,UT,ANM,WE,Towers with Radar,357,280,28,3,668,0,4,4,0,8,357,284,32,3,676,0,0,0,676
10/05/2008,SLC,UT,ANM,WE,Towers with Radar,432,326,44,3,805,0,8,29,1,38,432,334,73,4,843,0,0,0,843
10/06/2008,SLC,UT,ANM,WE,Towers with Radar,431,354,57,1,843,0,39,129,0,168,431,393,186,1,1011,0,0,0,1011
10/07/2008,SLC,UT,ANM,WE,Towers with Radar,429,348,42,12,831,0,42,170,1,213,429,390,212,13,1044,0,0,0,1044
10/08/2008,SLC,UT,ANM,WE,Towers with Radar,445,358,44,13,860,0,37,170,3,210,445,395,214,16,1070,0,0,0,1070
10/09/2008,SLC,UT,ANM,WE,Towers with Radar,461,374,41,14,890,0,41,148,2,191,461,415,189,16,1081,0,0,0,1081
10/10/2008,SLC,UT,ANM,WE,Towers with Radar,461,377,43,3,884,0,26,153,1,180,461,403,196,4,1064,0,0,0,1064
10/11/2008,SLC,UT,ANM,WE,Towers with Radar,364,281,27,0,672,0,6,14,0,20,364,287,41,0,692,0,0,0,692
10/12/2008,SLC,UT,ANM,WE,Towers with Radar,431,333,21,1,786,0,7,6,0,13,431,340,27,1,799,0,0,0,799
10/13/2008,SLC,UT,ANM,WE,Towers with Radar,433,336,32,3,804,0,31,114,1,146,433,367,146,4,950,0,0,0,950
10/14/2008,SLC,UT,ANM,WE,Towers with Radar,435,344,44,13,836,0,37,155,0,192,435,381,199,13,1028,0,0,0,1028
10/15/2008,SLC,UT,ANM,WE,Towers with Radar,439,355,42,12,848,0,29,162,6,197,439,384,204,18,1045,0,0,0,1045
10/16/2008,SLC,UT,ANM,WE,Towers with Radar,460,387,48,10,905,0,40,147,2,189,460,427,195,12,1094,0,0,0,1094
10/17/2008,SLC,UT,ANM,WE,Towers with Radar,462,379,35,4,880,0,42,163,2,207,462,421,198,6,1087,0,0,0,1087
10/18/2008,SLC,UT,ANM,WE,Towers with Radar,345,266,29,4,644,0,25,98,0,123,345,291,127,4,767,0,0,0,767
10/19/2008,SLC,UT,ANM,WE,Towers with Radar,428,335,38,5,806,0,5,77,0,82,428,340,115,5,888,0,0,0,888
10/20/2008,SLC,UT,ANM,WE,Towers with Radar,429,344,42,3,818,0,28,134,2,164,429,372,176,5,982,0,0,0,982
10/21/2008,SLC,UT,ANM,WE,Towers with Radar,439,337,55,11,842,0,36,112,1,149,439,373,167,12,991,0,0,0,991
10/22/2008,SLC,UT,ANM,WE,Towers with Radar,440,351,46,14,851,0,29,191,0,220,440,380,237,14,1071,0,0,0,1071
10/23/2008,SLC,UT,ANM,WE,Towers with Radar,461,362,48,11,882,1,34,181,0,216,462,396,229,11,1098,0,0,0,1098
10/24/2008,SLC,UT,ANM,WE,Towers with Radar,454,367,33,4,858,0,40,176,0,216,454,407,209,4,1074,0,0,0,1074
10/25/2008,SLC,UT,ANM,WE,Towers with Radar,355,255,31,1,642,0,22,137,0,159,355,277,168,1,801,0,0,0,801
10/26/2008,SLC,UT,ANM,WE,Towers with Radar,417,313,34,1,765,0,4,109,0,113,417,317,143,1,878,0,0,0,878
10/27/2008,SLC,UT,ANM,WE,Towers with Radar,431,355,39,0,825,0,27,148,0,175,431,382,187,0,1000,0,0,0,1000
10/28/2008,SLC,UT,ANM,WE,Towers with Radar,434,337,49,10,830,0,23,176,0,199,434,360,225,10,1029,0,0,0,1029
10/29/2008,SLC,UT,ANM,WE,Towers with Radar,445,351,49,10,855,0,27,191,0,218,445,378,240,10,1073,0,0,0,1073
10/30/2008,SLC,UT,ANM,WE,Towers with Radar,454,363,40,15,872,0,32,178,2,212,454,395,218,17,1084,0,0,0,1084
10/31/2008,SLC,UT,ANM,WE,Towers with Radar,433,358,41,2,834,0,29,130,0,159,433,387,171,2,993,0,0,0,993
11/01/2008,SLC,UT,ANM,WE,Towers with Radar,361,254,25,0,640,0,16,81,0,97,361,270,106,0,737,0,0,0,737
11/02/2008,SLC,UT,ANM,WE,Towers with Radar,415,350,23,3,791,1,8,4,0,13,416,358,27,3,804,0,0,0,804
11/03/2008,SLC,UT,ANM,WE,Towers with Radar,431,365,41,4,841,0,31,134,0,165,431,396,175,4,1006,0,0,0,1006
11/04/2008,SLC,UT,ANM,WE,Towers with Radar,435,362,50,9,856,0,14,13,0,27,435,376,63,9,883,0,0,0,883
11/05/2008,SLC,UT,ANM,WE,Towers with Radar,447,368,54,10,879,0,14,10,0,24,447,382,64,10,903,0,0,0,903
11/06/2008,SLC,UT,ANM,WE,Towers with Radar,467,380,68,7,922,0,19,178,1,198,467,399,246,8,1120,0,0,0,1120
11/07/2008,SLC,UT,ANM,WE,Towers with Radar,457,386,40,2,885,0,17,168,0,185,457,403,208,2,1070,0,0,0,1070
11/08/2008,SLC,UT,ANM,WE,Towers with Radar,352,270,31,3,656,0,13,199,0,212,352,283,230,3,868,0,0,0,868
11/09/2008,SLC,UT,ANM,WE,Towers with Radar,416,336,28,3,783,0,3,35,0,38,416,339,63,3,821,0,0,0,821
11/10/2008,SLC,UT,ANM,WE,Towers with Radar,437,371,44,3,855,0,8,9,0,17,437,379,53,3,872,0,0,0,872
11/11/2008,SLC,UT,ANM,WE,Towers with Radar,436,361,45,1,843,0,7,127,0,134,436,368,172,1,977,0,0,0,977
11/12/2008,SLC,UT,ANM,WE,Towers with Radar,442,375,49,7,873,0,9,31,1,41,442,384,80,8,914,0,0,0,914
11/13/2008,SLC,UT,ANM,WE,Towers with Radar,456,404,38,9,907,0,33,99,0,132,456,437,137,9,1039,0,0,0,1039
11/14/2008,SLC,UT,ANM,WE,Towers with Radar,458,379,39,2,878,0,37,187,4,228,458,416,226,6,1106,0,0,0,1106
11/15/2008,SLC,UT,ANM,WE,Towers with Radar,353,265,24,2,644,0,26,197,0,223,353,291,221,2,867,0,0,0,867
11/16/2008,SLC,UT,ANM,WE,Towers with Radar,423,333,33,1,790,0,9,117,0,126,423,342,150,1,916,0,0,0,916
11/17/2008,SLC,UT,ANM,WE,Towers with Radar,434,354,42,1,831,0,31,157,0,188,434,385,199,1,1019,12,0,12,1031
11/18/2008,SLC,UT,ANM,WE,Towers with Radar,433,352,50,12,847,0,34,166,1,201,433,386,216,13,1048,0,0,0,1048
11/19/2008,SLC,UT,ANM,WE,Towers with Radar,443,360,53,11,867,0,36,171,0,207,443,396,224,11,1074,48,0,48,1122
11/20/2008,SLC,UT,ANM,WE,Towers with Radar,464,384,46,13,907,0,29,179,0,208,464,413,225,13,1115,0,0,0,1115
11/21/2008,SLC,UT,ANM,WE,Towers with Radar,459,378,54,2,893,0,35,169,0,204,459,413,223,2,1097,6,0,6,1103
11/22/2008,SLC,UT,ANM,WE,Towers with Radar,360,274,31,1,666,0,22,144,0,166,360,296,175,1,832,0,0,0,832
11/23/2008,SLC,UT,ANM,WE,Towers with Radar,421,338,18,3,780,0,5,84,2,91,421,343,102,5,871,6,0,6,877
11/24/2008,SLC,UT,ANM,WE,Towers with Radar,438,331,24,3,796,0,38,153,0,191,438,369,177,3,987,0,0,0,987
11/25/2008,SLC,UT,ANM,WE,Towers with Radar,462,374,33,15,884,1,48,178,0,227,463,422,211,15,1111,0,0,0,1111
11/26/2008,SLC,UT,ANM,WE,Towers with Radar,460,377,32,4,873,0,30,132,0,162,460,407,164,4,1035,12,0,12,1047
11/27/2008,SLC,UT,ANM,WE,Towers with Radar,258,183,10,0,451,0,4,6,0,10,258,187,16,0,461,0,0,0,461
11/28/2008,SLC,UT,ANM,WE,Towers with Radar,343,241,22,0,606,0,24,47,0,71,343,265,69,0,677,12,0,12,689
11/29/2008,SLC,UT,ANM,WE,Towers with Radar,413,355,29,0,797,0,13,78,0,91,413,368,107,0,888,2,0,2,890
11/30/2008,SLC,UT,ANM,WE,Towers with Radar,452,385,57,0,894,0,10,59,0,69,452,395,116,0,963,0,0,0,963
12/01/2008,SLC,UT,ANM,WE,Towers with Radar,467,389,36,3,895,0,26,104,0,130,467,415,140,3,1025,8,0,8,1033
12/02/2008,SLC,UT,ANM,WE,Towers with Radar,449,358,50,7,864,0,27,65,0,92,449,385,115,7,956,0,0,0,956
12/03/2008,SLC,UT,ANM,WE,Towers with Radar,455,354,56,7,872,0,32,146,1,179,455,386,202,8,1051,28,0,28,1079
12/04/2008,SLC,UT,ANM,WE,Towers with Radar,466,384,55,6,911,0,40,114,0,154,466,424,169,6,1065,10,0,10,1075
12/05/2008,SLC,UT,ANM,WE,Towers with Radar,461,384,45,2,892,0,28,182,0,210,461,412,227,2,1102,0,0,0,1102
12/06/2008,SLC,UT,ANM,WE,Towers with Radar,347,258,27,2,634,0,13,172,2,187,347,271,199,4,821,0,0,0,821
12/07/2008,SLC,UT,ANM,WE,Towers with Radar,415,342,34,7,798,0,12,123,0,135,415,354,157,7,933,16,0,16,949
12/08/2008,SLC,UT,ANM,WE,Towers with Radar,430,368,47,0,845,0,15,5,0,20,430,383,52,0,865,0,0,0,865
12/09/2008,SLC,UT,ANM,WE,Towers with Radar,434,344,38,11,827,0,35,138,0,173,434,379,176,11,1000,18,0,18,1018
12/10/2008,SLC,UT,ANM,WE,Towers with Radar,437,371,48,8,864,0,47,221,2,270,437,418,269,10,1134,0,0,0,1134
12/11/2008,SLC,UT,ANM,WE,Towers with Radar,471,371,74,12,928,0,37,174,0,211,471,408,248,12,1139,40,0,40,1179
12/12/2008,SLC,UT,ANM,WE,Towers with Radar,463,388,46,2,899,0,24,121,0,145,463,412,167,2,1044,96,0,96,1140
12/13/2008,SLC,UT,ANM,WE,Towers with Radar,353,269,16,0,638,0,6,4,0,10,353,275,20,0,648,0,0,0,648
12/14/2008,SLC,UT,ANM,WE,Towers with Radar,418,333,33,2,786,0,17,10,0,27,418,350,43,2,813,12,0,12,825
12/15/2008,SLC,UT,ANM,WE,Towers with Radar,446,360,44,1,851,0,14,15,0,29,446,374,59,1,880,0,0,0,880
12/16/2008,SLC,UT,ANM,WE,Towers with Radar,444,374,45,6,869,0,25,15,0,40,444,399,60,6,909,0,0,0,909
12/17/2008,SLC,UT,ANM,WE,Towers with Radar,478,379,54,11,922,0,21,152,0,173,478,400,206,11,1095,12,0,12,1107
12/18/2008,SLC,UT,ANM,WE,Towers with Radar,492,412,68,1,973,0,30,90,0,120,492,442,158,1,1093,0,0,0,1093
12/19/2008,SLC,UT,ANM,WE,Towers with Radar,446,385,73,1,905,0,15,3,0,18,446,400,76,1,923,4,0,4,927
12/20/2008,SLC,UT,ANM,WE,Towers with Radar,474,419,85,2,980,0,15,66,0,81,474,434,151,2,1061,86,0,86,1147
12/21/2008,SLC,UT,ANM,WE,Towers with Radar,452,373,40,1,866,0,8,33,0,41,452,381,73,1,907,0,0,0,907
12/22/2008,SLC,UT,ANM,WE,Towers with Radar,484,406,45,0,935,0,19,1,0,20,484,425,46,0,955,0,0,0,955
12/23/2008,SLC,UT,ANM,WE,Towers with Radar,496,454,71,2,1023,0,24,11,0,35,496,478,82,2,1058,0,0,0,1058
12/24/2008,SLC,UT,ANM,WE,Towers with Radar,431,321,43,1,796,0,16,44,0,60,431,337,87,1,856,8,0,8,864
12/25/2008,SLC,UT,ANM,WE,Towers with Radar,339,225,12,0,576,0,1,0,0,1,339,226,12,0,577,0,0,0,577
12/26/2008,SLC,UT,ANM,WE,Towers with Radar,476,455,101,0,1032,0,21,1,0,22,476,476,102,0,1054,14,0,14,1068
12/27/2008,SLC,UT,ANM,WE,Towers with Radar,451,418,99,0,968,0,16,50,0,66,451,434,149,0,1034,0,0,0,1034
12/28/2008,SLC,UT,ANM,WE,Towers with Radar,457,376,61,0,894,0,9,5,0,14,457,385,66,0,908,0,0,0,908
12/29/2008,SLC,UT,ANM,WE,Towers with Radar,476,396,51,2,925,0,26,87,2,115,476,422,138,4,1040,0,0,0,1040
12/30/2008,SLC,UT,ANM,WE,Towers with Radar,489,404,57,8,958,0,25,147,0,172,489,429,204,8,1130,0,0,0,1130
12/31/2008,SLC,UT,ANM,WE,Towers with Radar,455,332,56,3,846,0,38,115,0,153,455,370,171,3,999,6,0,6,1005
01/01/2009,SLC,UT,ANM,WE,Towers with Radar,442,349,43,0,834,0,7,35,0,42,442,356,78,0,876,0,0,0,876
01/02/2009,SLC,UT,ANM,WE,Towers with Radar,463,430,81,1,975,0,16,24,0,40,463,446,105,1,1015,0,0,0,1015
01/03/2009,SLC,UT,ANM,WE,Towers with Radar,482,419,96,0,997,0,18,80,0,98,482,437,176,0,1095,0,0,0,1095
01/04/2009,SLC,UT,ANM,WE,Towers with Radar,449,371,99,0,919,0,15,65,0,80,449,386,164,0,999,18,0,18,1017
01/05/2009,SLC,UT,ANM,WE,Towers with Radar,464,416,50,3,933,0,11,18,0,29,464,427,68,3,962,0,0,0,962
01/06/2009,SLC,UT,ANM,WE,Towers with Radar,444,369,42,6,861,0,1,2,0,3,444,370,44,6,864,0,0,0,864
01/07/2009,SLC,UT,ANM,WE,Towers with Radar,472,392,54,7,925,0,33,120,4,157,472,425,174,11,1082,10,0,10,1092
01/08/2009,SLC,UT,ANM,WE,Towers with Radar,477,398,62,15,952,0,31,125,0,156,477,429,187,15,1108,1,0,1,1109
01/09/2009,SLC,UT,ANM,WE,Towers with Radar,467,397,43,7,914,0,32,78,1,111,467,429,121,8,1025,10,0,10,1035
01/10/2009,SLC,UT,ANM,WE,Towers with Radar,374,276,36,0,686,0,17,121,1,139,374,293,157,1,825,0,0,0,825
01/11/2009,SLC,UT,ANM,WE,Towers with Radar,428,351,39,1,819,0,8,75,3,86,428,359,114,4,905,6,0,6,911
01/12/2009,SLC,UT,ANM,WE,Towers with Radar,463,395,60,5,923,0,21,88,1,110,463,416,148,6,1033,0,0,0,1033
01/13/2009,SLC,UT,ANM,WE,Towers with Radar,445,332,63,9,849,0,29,139,6,174,445,361,202,15,1023,0,0,0,1023
01/14/2009,SLC,UT,ANM,WE,Towers with Radar,458,375,70,4,907,0,26,150,0,176,458,401,220,4,1083,10,0,10,1093
01/15/2009,SLC,UT,ANM,WE,Towers with Radar,464,401,107,4,976,0,27,157,3,187,464,428,264,7,1163,0,0,0,1163
01/16/2009,SLC,UT,ANM,WE,Towers with Radar,477,379,84,11,951,0,29,155,1,185,477,408,239,12,1136,0,0,0,1136
01/17/2009,SLC,UT,ANM,WE,Towers with Radar,391,285,37,1,714,0,21,117,2,140,391,306,154,3,854,0,0,0,854
01/18/2009,SLC,UT,ANM,WE,Towers with Radar,407,310,43,1,761,0,8,40,0,48,407,318,83,1,809,0,0,0,809
01/19/2009,SLC,UT,ANM,WE,Towers with Radar,464,437,91,5,997,0,18,76,0,94,464,455,167,5,1091,0,0,0,1091
01/20/2009,SLC,UT,ANM,WE,Towers with Radar,443,348,77,3,871,1,16,70,0,87,444,364,147,3,958,0,0,0,958
01/21/2009,SLC,UT,ANM,WE,Towers with Radar,467,418,53,6,944,0,8,57,0,65,467,426,110,6,1009,0,0,0,1009
01/22/2009,SLC,UT,ANM,WE,Towers with Radar,475,408,65,11,959,0,4,27,0,31,475,412,92,11,990,0,0,0,990
01/23/2009,SLC,UT,ANM,WE,Towers with Radar,433,283,45,7,768,0,0,4,0,4,433,283,49,7,772,0,0,0,772
01/24/2009,SLC,UT,ANM,WE,Towers with Radar,400,332,48,7,787,0,4,13,0,17,400,336,61,7,804,0,0,0,804
01/25/2009,SLC,UT,ANM,WE,Towers with Radar,433,365,64,5,867,0,2,5,0,7,433,367,69,5,874,0,0,0,874
01/26/2009,SLC,UT,ANM,WE,Towers with Radar,472,399,45,2,918,0,7,25,0,32,472,406,70,2,950,0,0,0,950
01/27/2009,SLC,UT,ANM,WE,Towers with Radar,438,354,67,6,865,0,14,136,0,150,438,368,203,6,1015,0,0,0,1015
01/28/2009,SLC,UT,ANM,WE,Towers with Radar,461,403,44,9,917,0,15,44,0,59,461,418,88,9,976,0,0,0,976
01/29/2009,SLC,UT,ANM,WE,Towers with Radar,473,420,58,8,959,0,44,182,0,226,473,464,240,8,1185,0,0,0,1185
01/30/2009,SLC,UT,ANM,WE,Towers with Radar,469,390,67,2,928,1,31,224,1,257,470,421,291,3,1185,0,0,0,1185
01/31/2009,SLC,UT,ANM,WE,Towers with Radar,391,275,29,5,700,0,15,160,0,175,391,290,189,5,875,0,0,0,875
02/01/2009,SLC,UT,ANM,WE,Towers with Radar,434,356,31,2,823,0,0,74,0,74,434,356,105,2,897,0,0,0,897
02/02/2009,SLC,UT,ANM,WE,Towers with Radar,455,380,51,3,889,0,21,130,1,152,455,401,181,4,1041,0,0,0,1041
02/03/2009,SLC,UT,ANM,WE,Towers with Radar,441,323,46,9,819,0,32,163,0,195,441,355,209,9,1014,0,0,0,1014
02/04/2009,SLC,UT,ANM,WE,Towers with Radar,465,367,55,6,893,0,34,150,2,186,465,401,205,8,1079,0,0,0,1079
02/05/2009,SLC,UT,ANM,WE,Towers with Radar,471,389,53,11,924,0,36,165,0,201,471,425,218,11,1125,0,0,0,1125
02/06/2009,SLC,UT,ANM,WE,Towers with Radar,470,408,57,2,937,0,22,52,0,74,470,430,109,2,1011,0,0,0,1011
02/07/2009,SLC,UT,ANM,WE,Towers with Radar,393,285,32,4,714,0,20,89,0,109,393,305,121,4,823,0,0,0,823
02/08/2009,SLC,UT,ANM,WE,Towers with Radar,436,368,47,0,851,0,11,35,0,46,436,379,82,0,897,0,0,0,897
02/09/2009,SLC,UT,ANM,WE,Towers with Radar,463,399,47,2,911,0,14,12,0,26,463,413,59,2,937,0,0,0,937
02/10/2009,SLC,UT,ANM,WE,Towers with Radar,440,349,55,8,852,0,20,24,0,44,440,369,79,8,896,0,0,0,896
02/11/2009,SLC,UT,ANM,WE,Towers with Radar,469,386,62,8,925,0,21,38,0,59,469,407,100,8,984,0,0,0,984
02/12/2009,SLC,UT,ANM,WE,Towers with Radar,488,426,101,10,1025,0,22,49,1,72,488,448,150,11,1097,0,0,0,1097
02/13/2009,SLC,UT,ANM,WE,Towers with Radar,483,423,98,2,1006,0,22,170,0,192,483,445,268,2,1198,0,0,0,1198
02/14/2009,SLC,UT,ANM,WE,Towers with Radar,439,318,32,1,790,0,8,14,0,22,439,326,46,1,812,0,0,0,812
02/15/2009,SLC,UT,ANM,WE,Towers with Radar,448,353,36,3,840,1,8,74,0,83,449,361,110,3,923,0,0,0,923
02/16/2009,SLC,UT,ANM,WE,Towers with Radar,479,420,103,2,1004,0,20,88,0,108,479,440,191,2,1112,0,0,0,1112
02/17/2009,SLC,UT,ANM,WE,Towers with Radar,467,400,69,5,941,0,10,1,0,11,467,410,70,5,952,0,0,0,952
02/18/2009,SLC,UT,ANM,WE,Towers with Radar,472,390,63,6,931,0,29,152,0,181,472,419,215,6,1112,0,0,0,1112
02/19/2009,SLC,UT,ANM,WE,Towers with Radar,480,374,63,11,928,0,31,203,2,236,480,405,266,13,1164,0,0,0,1164
02/20/2009,SLC,UT,ANM,WE,Towers with Radar,482,389,59,5,935,0,35,180,0,215,482,424,239,5,1150,0,0,0,1150
02/21/2009,SLC,UT,ANM,WE,Towers with Radar,435,320,43,2,800,0,20,185,4,209,435,340,228,6,1009,0,0,0,1009
02/22/2009,SLC,UT,ANM,WE,Towers with Radar,458,349,60,1,868,0,10,50,0,60,458,359,110,1,928,0,0,0,928
02/23/2009,SLC,UT,ANM,WE,Towers with Radar,477,391,50,6,924,0,26,57,0,83,477,417,107,6,1007,0,0,0,1007
02/24/2009,SLC,UT,ANM,WE,Towers with Radar,466,356,54,5,881,0,29,88,1,118,466,385,142,6,999,0,0,0,999
02/25/2009,SLC,UT,ANM,WE,Towers with Radar,484,369,66,1,920,0,23,90,1,114,484,392,156,2,1034,0,0,0,1034
02/26/2009,SLC,UT,ANM,WE,Towers with Radar,485,377,57,3,922,0,23,81,0,104,485,400,138,3,1026,0,0,0,1026
02/27/2009,SLC,UT,ANM,WE,Towers with Radar,490,393,54,1,938,0,23,102,0,125,490,416,156,1,1063,0,0,0,1063
02/28/2009,SLC,UT,ANM,WE,Towers with Radar,432,304,45,0,781,0,13,165,0,178,432,317,210,0,959,0,0,0,959
03/01/2009,SLC,UT,ANM,WE,Towers with Radar,446,345,47,6,844,0,4,53,0,57,446,349,100,6,901,0,0,0,901
03/02/2009,SLC,UT,ANM,WE,Towers with Radar,470,390,42,4,906,0,24,95,0,119,470,414,137,4,1025,0,0,0,1025
03/03/2009,SLC,UT,ANM,WE,Towers with Radar,475,374,43,10,902,0,25,58,0,83,475,399,101,10,985,0,0,0,985
03/04/2009,SLC,UT,ANM,WE,Towers with Radar,484,423,66,4,977,0,18,15,0,33,484,441,81,4,1010,0,0,0,1010
03/05/2009,SLC,UT,ANM,WE,Towers with Radar,484,407,61,8,960,0,20,98,0,118,484,427,159,8,1078,0,0,0,1078
03/06/2009,SLC,UT,ANM,WE,Towers with Radar,495,413,54,1,963,0,24,64,0,88,495,437,118,1,1051,0,0,0,1051
03/07/2009,SLC,UT,ANM,WE,Towers with Radar,415,315,40,4,774,0,11,108,0,119,415,326,148,4,893,0,0,0,893
03/08/2009,SLC,UT,ANM,WE,Towers with Radar,448,355,49,4,856,0,9,26,0,35,448,364,75,4,891,0,0,0,891
03/09/2009,SLC,UT,ANM,WE,Towers with Radar,475,403,55,2,935,0,4,4,0,8,475,407,59,2,943,0,0,0,943
03/10/2009,SLC,UT,ANM,WE,Towers with Radar,457,373,64,6,900,0,17,128,0,145,457,390,192,6,1045,0,0,0,1045
03/11/2009,SLC,UT,ANM,WE,Towers with Radar,476,398,75,0,949,0,30,205,0,235,476,428,280,0,1184,0,0,0,1184
03/12/2009,SLC,UT,ANM,WE,Towers with Radar,485,403,73,4,965,0,22,190,0,212,485,425,263,4,1177,0,0,0,1177
03/13/2009,SLC,UT,ANM,WE,Towers with Radar,482,403,83,1,969,0,18,183,0,201,482,421,266,1,1170,0,0,0,1170
03/14/2009,SLC,UT,ANM,WE,Towers with Radar,421,346,79,7,853,0,11,152,0,163,421,357,231,7,1016,0,0,0,1016
03/15/2009,SLC,UT,ANM,WE,Towers with Radar,455,358,54,4,871,0,3,31,2,36,455,361,85,6,907,0,0,0,907
03/16/2009,SLC,UT,ANM,WE,Towers with Radar,474,396,39,6,915,0,11,68,0,79,474,407,107,6,994,0,0,0,994
03/17/2009,SLC,UT,ANM,WE,Towers with Radar,465,373,67,10,915,0,17,151,0,168,465,390,218,10,1083,0,0,0,1083
03/18/2009,SLC,UT,ANM,WE,Towers with Radar,472,413,66,1,952,0,21,153,0,174,472,434,219,1,1126,0,0,0,1126
03/19/2009,SLC,UT,ANM,WE,Towers with Radar,487,410,79,10,986,0,16,180,2,198,487,426,259,12,1184,0,0,0,1184
03/20/2009,SLC,UT,ANM,WE,Towers with Radar,484,396,73,7,960,0,25,209,0,234,484,421,282,7,1194,0,0,0,1194
03/21/2009,SLC,UT,ANM,WE,Towers with Radar,437,329,53,2,821,0,6,73,0,79,437,335,126,2,900,0,0,0,900
03/22/2009,SLC,UT,ANM,WE,Towers with Radar,456,356,45,2,859,0,4,5,0,9,456,360,50,2,868,0,0,0,868
03/23/2009,SLC,UT,ANM,WE,Towers with Radar,475,405,65,7,952,0,3,1,0,4,475,408,66,7,956,0,0,0,956
03/24/2009,SLC,UT,ANM,WE,Towers with Radar,458,371,59,9,897,0,16,118,1,135,458,387,177,10,1032,0,0,0,1032
03/25/2009,SLC,UT,ANM,WE,Towers with Radar,473,415,36,1,925,0,7,10,0,17,473,422,46,1,942,0,0,0,942
03/26/2009,SLC,UT,ANM,WE,Towers with Radar,462,417,61,8,948,0,20,39,0,59,462,437,100,8,1007,0,0,0,1007
03/27/2009,SLC,UT,ANM,WE,Towers with Radar,479,417,84,10,990,0,20,201,1,222,479,437,285,11,1212,0,0,0,1212
03/28/2009,SLC,UT,ANM,WE,Towers with Radar,426,314,59,10,809,0,11,161,0,172,426,325,220,10,981,0,0,0,981
03/29/2009,SLC,UT,ANM,WE,Towers with Radar,447,344,41,4,836,0,10,3,0,13,447,354,44,4,849,0,0,0,849
03/30/2009,SLC,UT,ANM,WE,Towers with Radar,476,389,54,1,920,0,15,65,0,80,476,404,119,1,1000,0,0,0,1000
03/31/2009,SLC,UT,ANM,WE,Towers with Radar,462,379,53,5,899,0,15,105,0,120,462,394,158,5,1019,0,0,0,1019
04/01/2009,SLC,UT,ANM,WE,Towers with Radar,485,392,52,2,931,0,10,29,0,39,485,402,81,2,970,0,0,0,970
04/02/2009,SLC,UT,ANM,WE,Towers with Radar,490,398,54,8,950,0,3,37,0,40,490,401,91,8,990,0,0,0,990
04/03/2009,SLC,UT,ANM,WE,Towers with Radar,498,418,44,0,960,0,2,12,0,14,498,420,56,0,974,0,0,0,974
04/04/2009,SLC,UT,ANM,WE,Towers with Radar,400,274,24,4,702,0,7,2,0,9,400,281,26,4,711,0,0,0,711
04/05/2009,SLC,UT,ANM,WE,Towers with Radar,473,330,56,1,860,0,16,87,0,103,473,346,143,1,963,0,0,0,963
04/06/2009,SLC,UT,ANM,WE,Towers with Radar,498,375,67,0,940,0,17,169,1,187,498,392,236,1,1127,0,0,0,1127
04/07/2009,SLC,UT,ANM,WE,Towers with Radar,460,343,51,4,858,0,14,204,0,218,460,357,255,4,1076,0,0,0,1076
04/08/2009,SLC,UT,ANM,WE,Towers with Radar,492,388,51,1,932,0,4,35,0,39,492,392,86,1,971,0,0,0,971
04/09/2009,SLC,UT,ANM,WE,Towers with Radar,506,398,61,4,969,0,8,71,0,79,506,406,132,4,1048,0,0,0,1048
04/10/2009,SLC,UT,ANM,WE,Towers with Radar,501,381,59,6,947,0,12,156,0,168,501,393,215,6,1115,0,0,0,1115
04/11/2009,SLC,UT,ANM,WE,Towers with Radar,400,275,29,1,705,0,8,61,0,69,400,283,90,1,774,0,0,0,774
04/12/2009,SLC,UT,ANM,WE,Towers with Radar,469,330,47,2,848,0,7,62,0,69,469,337,109,2,917,0,0,0,917
04/13/2009,SLC,UT,ANM,WE,Towers with Radar,491,373,75,5,944,0,20,148,1,169,491,393,223,6,1113,0,0,0,1113
04/14/2009,SLC,UT,ANM,WE,Towers with Radar,467,375,28,5,875,0,5,15,0,20,467,380,43,5,895,0,0,0,895
04/15/2009,SLC,UT,ANM,WE,Towers with Radar,494,392,44,2,932,0,5,0,0,5,494,397,44,2,937,0,0,0,937
04/16/2009,SLC,UT,ANM,WE,Towers with Radar,495,390,55,4,944,0,7,54,0,61,495,397,109,4,1005,0,0,0,1005
04/17/2009,SLC,UT,ANM,WE,Towers with Radar,489,394,48,3,934,0,12,156,1,169,489,406,204,4,1103,0,0,0,1103
04/18/2009,SLC,UT,ANM,WE,Towers with Radar,399,259,34,1,693,0,19,172,0,191,399,278,206,1,884,0,0,0,884
04/19/2009,SLC,UT,ANM,WE,Towers with Radar,465,336,44,2,847,0,9,85,1,95,465,345,129,3,942,0,0,0,942
04/20/2009,SLC,UT,ANM,WE,Towers with Radar,484,377,63,2,926,0,17,196,0,213,484,394,259,2,1139,0,0,0,1139
04/21/2009,SLC,UT,ANM,WE,Towers with Radar,453,338,47,8,846,0,23,192,5,220,453,361,239,13,1066,0,0,0,1066
04/22/2009,SLC,UT,ANM,WE,Towers with Radar,494,372,58,1,925,0,24,181,0,205,494,396,239,1,1130,0,0,0,1130
04/23/2009,SLC,UT,ANM,WE,Towers with Radar,499,383,70,6,958,0,13,146,1,160,499,396,216,7,1118,0,0,0,1118
04/24/2009,SLC,UT,ANM,WE,Towers with Radar,496,386,52,8,942,0,11,87,1,99,496,397,139,9,1041,0,0,0,1041
04/25/2009,SLC,UT,ANM,WE,Towers with Radar,394,263,40,2,699,0,7,30,2,39,394,270,70,4,738,0,0,0,738
04/26/2009,SLC,UT,ANM,WE,Towers with Radar,474,337,36,2,849,0,6,15,3,24,474,343,51,5,873,0,0,0,873
04/27/2009,SLC,UT,ANM,WE,Towers with Radar,488,380,54,0,922,0,20,121,0,141,488,400,175,0,1063,0,0,0,1063
04/28/2009,SLC,UT,ANM,WE,Towers with Radar,467,351,44,3,865,0,14,80,0,94,467,365,124,3,959,0,0,0,959
04/29/2009,SLC,UT,ANM,WE,Towers with Radar,488,376,61,1,926,0,25,174,0,199,488,401,235,1,1125,0,0,0,1125
04/30/2009,SLC,UT,ANM,WE,Towers with Radar,505,383,66,6,960,0,20,192,0,212,505,403,258,6,1172,0,0,0,1172
05/01/2009,SLC,UT,ANM,WE,Towers with Radar,496,394,57,1,948,0,9,123,0,132,496,403,180,1,1080,0,0,0,1080
05/02/2009,SLC,UT,ANM,WE,Towers with Radar,395,262,29,2,688,0,4,19,0,23,395,266,48,2,711,0,0,0,711
05/03/2009,SLC,UT,ANM,WE,Towers with Radar,463,330,40,3,836,0,10,40,0,50,463,340,80,3,886,0,0,0,886
05/04/2009,SLC,UT,ANM,WE,Towers with Radar,494,375,45,2,916,0,14,117,0,131,494,389,162,2,1047,0,0,0,1047
05/05/2009,SLC,UT,ANM,WE,Towers with Radar,459,356,58,9,882,0,21,137,0,158,459,377,195,9,1040,0,0,0,1040
05/06/2009,SLC,UT,ANM,WE,Towers with Radar,487,373,72,3,935,0,23,150,0,173,487,396,222,3,1108,0,0,0,1108
05/07/2009,SLC,UT,ANM,WE,Towers with Radar,499,370,72,5,946,0,21,184,2,207,499,391,256,7,1153,0,0,0,1153
05/08/2009,SLC,UT,ANM,WE,Towers with Radar,498,365,67,4,934,0,14,166,0,180,498,379,233,4,1114,0,0,0,1114
05/09/2009,SLC,UT,ANM,WE,Towers with Radar,408,251,34,5,698,0,13,137,0,150,408,264,171,5,848,0,0,0,848
05/10/2009,SLC,UT,ANM,WE,Towers with Radar,470,334,52,1,857,0,9,59,0,68,470,343,111,1,925,0,0,0,925
05/11/2009,SLC,UT,ANM,WE,Towers with Radar,495,378,43,4,920,0,19,145,0,164,495,397,188,4,1084,0,0,0,1084
05/12/2009,SLC,UT,ANM,WE,Towers with Radar,453,356,42,7,858,0,16,107,0,123,453,372,149,7,981,0,0,0,981
05/13/2009,SLC,UT,ANM,WE,Towers with Radar,496,380,67,4,947,0,16,184,0,200,496,396,251,4,1147,0,0,0,1147
05/14/2009,SLC,UT,ANM,WE,Towers with Radar,503,380,66,10,959,0,22,167,1,190,503,402,233,11,1149,0,0,0,1149
05/15/2009,SLC,UT,ANM,WE,Towers with Radar,498,383,62,5,948,0,19,125,0,144,498,402,187,5,1092,0,0,0,1092
05/16/2009,SLC,UT,ANM,WE,Towers with Radar,411,251,44,1,707,0,18,138,4,160,411,269,182,5,867,0,0,0,867
05/17/2009,SLC,UT,ANM,WE,Towers with Radar,468,330,54,2,854,0,11,90,1,102,468,341,144,3,956,0,0,0,956
05/18/2009,SLC,UT,ANM,WE,Towers with Radar,487,377,54,3,921,0,28,148,0,176,487,405,202,3,1097,0,0,0,1097
05/19/2009,SLC,UT,ANM,WE,Towers with Radar,458,360,56,14,888,0,30,85,3,118,458,390,141,17,1006,0,0,0,1006
05/20/2009,SLC,UT,ANM,WE,Towers with Radar,493,377,52,6,928,0,23,166,0,189,493,400,218,6,1117,0,0,0,1117
05/21/2009,SLC,UT,ANM,WE,Towers with Radar,504,387,71,14,976,0,24,172,0,196,504,411,243,14,1172,0,0,0,1172
05/22/2009,SLC,UT,ANM,WE,Towers with Radar,500,404,52,9,965,0,35,163,12,210,500,439,215,21,1175,0,0,0,1175
05/23/2009,SLC,UT,ANM,WE,Towers with Radar,409,255,26,5,695,0,12,93,0,105,409,267,119,5,800,0,0,0,800
05/24/2009,SLC,UT,ANM,WE,Towers with Radar,401,227,16,4,648,0,5,15,0,20,401,232,31,4,668,0,0,0,668
05/25/2009,SLC,UT,ANM,WE,Towers with Radar,464,333,46,1,844,0,8,81,0,89,464,341,127,1,933,0,0,0,933
05/26/2009,SLC,UT,ANM,WE,Towers with Radar,440,362,49,3,854,0,17,139,0,156,440,379,188,3,1010,0,0,0,1010
05/27/2009,SLC,UT,ANM,WE,Towers with Radar,487,379,62,7,935,0,19,176,0,195,487,398,238,7,1130,0,0,0,1130
05/28/2009,SLC,UT,ANM,WE,Towers with Radar,492,393,66,8,959,0,30,151,0,181,492,423,217,8,1140,0,0,0,1140
05/29/2009,SLC,UT,ANM,WE,Towers with Radar,486,381,54,10,931,0,27,115,0,142,486,408,169,10,1073,0,0,0,1073
05/30/2009,SLC,UT,ANM,WE,Towers with Radar,403,251,24,3,681,0,13,91,2,106,403,264,115,5,787,0,0,0,787
05/31/2009,SLC,UT,ANM,WE,Towers with Radar,462,336,45,5,848,0,6,50,1,57,462,342,95,6,905,0,0,0,905
06/01/2009,SLC,UT,ANM,WE,Towers with Radar,478,376,49,9,912,0,13,107,1,121,478,389,156,10,1033,0,0,0,1033
06/02/2009,SLC,UT,ANM,WE,Towers with Radar,453,385,70,12,920,0,27,132,1,160,453,412,202,13,1080,0,0,0,1080
06/03/2009,SLC,UT,ANM,WE,Towers with Radar,489,391,73,11,964,0,27,147,0,174,489,418,220,11,1138,0,0,0,1138
06/04/2009,SLC,UT,ANM,WE,Towers with Radar,522,411,73,5,1011,0,29,141,2,172,522,440,214,7,1183,0,0,0,1183
06/05/2009,SLC,UT,ANM,WE,Towers with Radar,542,405,57,3,1007,0,14,58,1,73,542,419,115,4,1080,0,0,0,1080
06/06/2009,SLC,UT,ANM,WE,Towers with Radar,479,329,38,3,849,0,10,67,6,83,479,339,105,9,932,0,0,0,932
06/07/2009,SLC,UT,ANM,WE,Towers with Radar,502,362,46,7,917,0,3,13,5,21,502,365,59,12,938,0,0,0,938
06/08/2009,SLC,UT,ANM,WE,Towers with Radar,527,423,61,12,1023,0,20,93,2,115,527,443,154,14,1138,0,0,0,1138
06/09/2009,SLC,UT,ANM,WE,Towers with Radar,534,413,47,9,1003,0,17,72,0,89,534,430,119,9,1092,0,0,0,1092
06/10/2009,SLC,UT,ANM,WE,Towers with Radar,533,413,43,6,995,0,21,48,0,69,533,434,91,6,1064,0,0,0,1064
06/11/2009,SLC,UT,ANM,WE,Towers with Radar,523,449,47,12,1031,0,21,40,2,63,523,470,87,14,1094,0,0,0,1094
06/12/2009,SLC,UT,ANM,WE,Towers with Radar,552,426,68,1,1047,0,17,144,0,161,552,443,212,1,1208,0,0,0,1208
06/13/2009,SLC,UT,ANM,WE,Towers with Radar,478,340,31,0,849,0,17,67,0,84,478,357,98,0,933,0,0,0,933
06/14/2009,SLC,UT,ANM,WE,Towers with Radar,503,369,32,2,906,0,16,45,2,63,503,385,77,4,969,0,0,0,969
06/15/2009,SLC,UT,ANM,WE,Towers with Radar,524,412,49,4,989,0,22,120,0,142,524,434,169,4,1131,0,0,0,1131
06/16/2009,SLC,UT,ANM,WE,Towers with Radar,533,407,46,12,998,0,23,114,0,137,533,430,160,12,1135,0,0,0,1135
06/17/2009,SLC,UT,ANM,WE,Towers with Radar,541,423,58,5,1027,0,5,77,0,82,541,428,135,5,1109,0,0,0,1109
06/18/2009,SLC,UT,ANM,WE,Towers with Radar,541,427,60,10,1038,0,39,113,0,152,541,466,173,10,1190,0,0,0,1190
06/19/2009,SLC,UT,ANM,WE,Towers with Radar,531,400,65,3,999,0,31,175,0,206,531,431,240,3,1205,0,0,0,1205
06/20/2009,SLC,UT,ANM,WE,Towers with Radar,488,335,29,0,852,0,10,37,0,47,488,345,66,0,899,0,0,0,899
06/21/2009,SLC,UT,ANM,WE,Towers with Radar,501,364,38,0,903,0,16,32,0,48,501,380,70,0,951,0,0,0,951
06/22/2009,SLC,UT,ANM,WE,Towers with Radar,526,416,60,6,1008,0,38,119,0,157,526,454,179,6,1165,0,0,0,1165
06/23/2009,SLC,UT,ANM,WE,Towers with Radar,541,395,64,8,1008,0,24,195,0,219,541,419,259,8,1227,0,0,0,1227
06/24/2009,SLC,UT,ANM,WE,Towers with Radar,544,424,61,4,1033,0,32,158,2,192,544,456,219,6,1225,0,0,0,1225
06/25/2009,SLC,UT,ANM,WE,Towers with Radar,535,428,64,8,1035,0,25,88,0,113,535,453,152,8,1148,0,0,0,1148
06/26/2009,SLC,UT,ANM,WE,Towers with Radar,541,425,51,5,1022,0,14,72,0,86,541,439,123,5,1108,0,0,0,1108
06/27/2009,SLC,UT,ANM,WE,Towers with Radar,482,337,45,3,867,0,22,133,0,155,482,359,178,3,1022,0,0,0,1022
06/28/2009,SLC,UT,ANM,WE,Towers with Radar,495,377,51,5,928,0,8,69,1,78,495,385,120,6,1006,0,0,0,1006
06/29/2009,SLC,UT,ANM,WE,Towers with Radar,527,413,50,8,998,0,27,149,4,180,527,440,199,12,1178,0,0,0,1178
06/30/2009,SLC,UT,ANM,WE,Towers with Radar,522,397,75,8,1002,0,32,119,1,152,522,429,194,9,1154,0,0,0,1154
07/01/2009,SLC,UT,ANM,WE,Towers with Radar,562,433,57,10,1062,0,29,105,0,134,562,462,162,10,1196,0,0,0,1196
07/02/2009,SLC,UT,ANM,WE,Towers with Radar,554,443,60,1,1058,0,20,114,0,134,554,463,174,1,1192,0,0,0,1192
07/03/2009,SLC,UT,ANM,WE,Towers with Radar,556,427,41,4,1028,0,17,114,0,131,556,444,155,4,1159,0,0,0,1159
07/04/2009,SLC,UT,ANM,WE,Towers with Radar,401,248,18,2,669,0,1,53,0,54,401,249,71,2,723,0,0,0,723
07/05/2009,SLC,UT,ANM,WE,Towers with Radar,521,378,67,1,967,0,6,55,0,61,521,384,122,1,1028,0,0,0,1028
07/06/2009,SLC,UT,ANM,WE,Towers with Radar,551,421,70,7,1049,0,25,91,1,117,551,446,161,8,1166,0,0,0,1166
07/07/2009,SLC,UT,ANM,WE,Towers with Radar,552,404,60,9,1025,0,23,130,0,153,552,427,190,9,1178,0,0,0,1178
07/08/2009,SLC,UT,ANM,WE,Towers with Radar,570,426,49,6,1051,0,26,138,4,168,570,452,187,10,1219,0,0,0,1219
07/09/2009,SLC,UT,ANM,WE,Towers with Radar,563,430,59,5,1057,0,32,148,0,180,563,462,207,5,1237,0,0,0,1237
07/10/2009,SLC,UT,ANM,WE,Towers with Radar,556,418,59,5,1038,0,25,166,0,191,556,443,225,5,1229,0,0,0,1229
07/11/2009,SLC,UT,ANM,WE,Towers with Radar,503,328,38,0,869,0,13,99,2,114,503,341,137,2,983,0,0,0,983
07/12/2009,SLC,UT,ANM,WE,Towers with Radar,527,386,55,6,974,0,8,59,0,67,527,394,114,6,1041,0,0,0,1041
07/13/2009,SLC,UT,ANM,WE,Towers with Radar,560,416,73,6,1055,0,19,162,0,181,560,435,235,6,1236,0,0,0,1236
07/14/2009,SLC,UT,ANM,WE,Towers with Radar,549,405,63,8,1025,0,28,184,0,212,549,433,247,8,1237,0,0,0,1237
07/15/2009,SLC,UT,ANM,WE,Towers with Radar,559,419,60,5,1043,0,15,151,0,166,559,434,211,5,1209,0,0,0,1209
07/16/2009,SLC,UT,ANM,WE,Towers with Radar,566,423,62,9,1060,0,17,194,0,211,566,440,256,9,1271,0,0,0,1271
07/17/2009,SLC,UT,ANM,WE,Towers with Radar,561,413,48,5,1027,0,21,149,0,170,561,434,197,5,1197,0,0,0,1197
07/18/2009,SLC,UT,ANM,WE,Towers with Radar,494,325,49,0,868,0,3,92,0,95,494,328,141,0,963,0,0,0,963
07/19/2009,SLC,UT,ANM,WE,Towers with Radar,530,378,59,3,970,0,6,44,2,52,530,384,103,5,1022,0,0,0,1022
07/20/2009,SLC,UT,ANM,WE,Towers with Radar,547,426,62,5,1040,0,27,104,0,131,547,453,166,5,1171,0,0,0,1171
07/21/2009,SLC,UT,ANM,WE,Towers with Radar,559,405,75,9,1048,0,32,141,1,174,559,437,216,10,1222,0,0,0,1222
07/22/2009,SLC,UT,ANM,WE,Towers with Radar,557,426,79,4,1066,0,34,177,0,211,557,460,256,4,1277,0,0,0,1277
07/23/2009,SLC,UT,ANM,WE,Towers with Radar,557,418,89,4,1068,0,28,128,1,157,557,446,217,5,1225,0,0,0,1225
07/24/2009,SLC,UT,ANM,WE,Towers with Radar,560,406,71,5,1042,0,17,109,2,128,560,423,180,7,1170,0,0,0,1170
07/25/2009,SLC,UT,ANM,WE,Towers with Radar,500,323,43,0,866,0,7,103,0,110,500,330,146,0,976,0,0,0,976
07/26/2009,SLC,UT,ANM,WE,Towers with Radar,525,374,52,2,953,0,9,55,1,65,525,383,107,3,1018,0,0,0,1018
07/27/2009,SLC,UT,ANM,WE,Towers with Radar,556,409,70,10,1045,0,20,98,0,118,556,429,168,10,1163,0,0,0,1163
07/28/2009,SLC,UT,ANM,WE,Towers with Radar,553,418,73,11,1055,0,30,148,0,178,553,448,221,11,1233,0,0,0,1233
07/29/2009,SLC,UT,ANM,WE,Towers with Radar,559,425,74,10,1068,0,36,145,0,181,559,461,219,10,1249,0,0,0,1249
07/30/2009,SLC,UT,ANM,WE,Towers with Radar,564,411,49,13,1037,0,21,152,0,173,564,432,201,13,1210,0,0,0,1210
07/31/2009,SLC,UT,ANM,WE,Towers with Radar,557,419,77,8,1061,0,34,125,1,160,557,453,202,9,1221,0,0,0,1221
08/01/2009,SLC,UT,ANM,WE,Towers with Radar,498,327,61,5,891,0,12,112,1,125,498,339,173,6,1016,0,0,0,1016
08/02/2009,SLC,UT,ANM,WE,Towers with Radar,517,380,55,8,960,2,12,52,0,66,519,392,107,8,1026,0,0,0,1026
08/03/2009,SLC,UT,ANM,WE,Towers with Radar,548,416,68,8,1040,0,25,120,1,146,548,441,188,9,1186,0,0,0,1186
08/04/2009,SLC,UT,ANM,WE,Towers with Radar,546,407,70,13,1036,0,21,155,1,177,546,428,225,14,1213,0,0,0,1213
08/05/2009,SLC,UT,ANM,WE,Towers with Radar,546,421,60,5,1032,0,26,113,0,139,546,447,173,5,1171,0,0,0,1171
08/06/2009,SLC,UT,ANM,WE,Towers with Radar,547,428,50,4,1029,0,26,52,0,78,547,454,102,4,1107,0,0,0,1107
08/07/2009,SLC,UT,ANM,WE,Towers with Radar,563,432,54,10,1059,0,35,104,0,139,563,467,158,10,1198,0,0,0,1198
08/08/2009,SLC,UT,ANM,WE,Towers with Radar,492,332,32,4,860,0,35,77,8,120,492,367,109,12,980,0,0,0,980
08/09/2009,SLC,UT,ANM,WE,Towers with Radar,516,378,71,3,968,0,19,80,1,100,516,397,151,4,1068,0,0,0,1068
08/10/2009,SLC,UT,ANM,WE,Towers with Radar,543,426,69,4,1042,0,25,129,0,154,543,451,198,4,1196,0,0,0,1196
08/11/2009,SLC,UT,ANM,WE,Towers with Radar,539,420,74,11,1044,0,24,160,3,187,539,444,234,14,1231,0,0,0,1231
08/12/2009,SLC,UT,ANM,WE,Towers with Radar,552,424,86,8,1070,0,31,145,1,177,552,455,231,9,1247,0,0,0,1247
08/13/2009,SLC,UT,ANM,WE,Towers with Radar,556,423,63,9,1051,0,23,122,0,145,556,446,185,9,1196,0,0,0,1196
08/14/2009,SLC,UT,ANM,WE,Towers with Radar,555,433,74,2,1064,0,21,104,1,126,555,454,178,3,1190,0,0,0,1190
08/15/2009,SLC,UT,ANM,WE,Towers with Radar,489,345,38,3,875,0,21,100,0,121,489,366,138,3,996,0,0,0,996
08/16/2009,SLC,UT,ANM,WE,Towers with Radar,508,376,44,5,933,0,22,97,0,119,508,398,141,5,1052,0,0,0,1052
08/17/2009,SLC,UT,ANM,WE,Towers with Radar,537,420,59,11,1027,0,34,156,0,190,537,454,215,11,1217,0,0,0,1217
08/18/2009,SLC,UT,ANM,WE,Towers with Radar,508,359,67,13,947,0,33,187,3,223,508,392,254,16,1170,0,0,0,1170
08/19/2009,SLC,UT,ANM,WE,Towers with Radar,534,371,51,6,962,0,22,169,4,195,534,393,220,10,1157,0,0,0,1157
08/20/2009,SLC,UT,ANM,WE,Towers with Radar,545,381,73,11,1010,0,22,166,0,188,545,403,239,11,1198,0,0,0,1198
08/21/2009,SLC,UT,ANM,WE,Towers with Radar,530,390,61,3,984,0,22,137,0,159,530,412,198,3,1143,0,0,0,1143
08/22/2009,SLC,UT,ANM,WE,Towers with Radar,458,293,45,3,799,0,19,103,1,123,458,312,148,4,922,0,0,0,922
08/23/2009,SLC,UT,ANM,WE,Towers with Radar,498,340,47,3,888,0,12,30,1,43,498,352,77,4,931,0,0,0,931
08/24/2009,SLC,UT,ANM,WE,Towers with Radar,534,398,53,4,989,0,33,111,0,144,534,431,164,4,1133,0,0,0,1133
08/25/2009,SLC,UT,ANM,WE,Towers with Radar,525,366,72,10,973,0,25,122,0,147,525,391,194,10,1120,0,0,0,1120
08/26/2009,SLC,UT,ANM,WE,Towers with Radar,535,364,75,4,978,0,26,154,0,180,535,390,229,4,1158,0,0,0,1158
08/27/2009,SLC,UT,ANM,WE,Towers with Radar,543,394,65,10,1012,0,44,147,0,191,543,438,212,10,1203,0,0,0,1203
08/28/2009,SLC,UT,ANM,WE,Towers with Radar,526,388,74,3,991,0,27,168,0,195,526,415,242,3,1186,0,0,0,1186
08/29/2009,SLC,UT,ANM,WE,Towers with Radar,443,293,51,1,788,0,12,130,0,142,443,305,181,1,930,0,0,0,930
08/30/2009,SLC,UT,ANM,WE,Towers with Radar,501,343,45,3,892,0,19,68,0,87,501,362,113,3,979,0,0,0,979
08/31/2009,SLC,UT,ANM,WE,Towers with Radar,518,395,57,11,981,0,31,135,0,166,518,426,192,11,1147,0,0,0,1147
09/01/2009,SLC,UT,ANM,WE,Towers with Radar,472,324,81,9,886,0,43,191,2,236,472,367,272,11,1122,0,0,0,1122
09/02/2009,SLC,UT,ANM,WE,Towers with Radar,490,329,92,8,919,0,31,144,0,175,490,360,236,8,1094,0,0,0,1094
09/03/2009,SLC,UT,ANM,WE,Towers with Radar,515,354,83,6,958,0,27,140,0,167,515,381,223,6,1125,0,0,0,1125
09/04/2009,SLC,UT,ANM,WE,Towers with Radar,506,359,70,0,935,0,39,173,0,212,506,398,243,0,1147,0,0,0,1147
09/05/2009,SLC,UT,ANM,WE,Towers with Radar,402,253,48,8,711,0,17,34,0,51,402,270,82,8,762,0,0,0,762
09/06/2009,SLC,UT,ANM,WE,Towers with Radar,394,253,44,0,691,0,7,36,0,43,394,260,80,0,734,0,0,0,734
09/07/2009,SLC,UT,ANM,WE,Towers with Radar,480,308,64,8,860,0,9,126,0,135,480,317,190,8,995,0,0,0,995
09/08/2009,SLC,UT,ANM,WE,Towers with Radar,466,312,47,5,830,0,18,191,0,209,466,330,238,5,1039,0,0,0,1039
09/09/2009,SLC,UT,ANM,WE,Towers with Radar,474,321,52,9,856,0,27,169,2,198,474,348,221,11,1054,0,0,0,1054
09/10/2009,SLC,UT,ANM,WE,Towers with Radar,514,358,81,6,959,0,33,179,0,212,514,391,260,6,1171,0,0,0,1171
09/11/2009,SLC,UT,ANM,WE,Towers with Radar,508,355,69,9,941,0,30,163,0,193,508,385,232,9,1134,0,0,0,1134
09/12/2009,SLC,UT,ANM,WE,Towers with Radar,394,266,42,1,703,0,13,136,1,150,394,279,178,2,853,0,0,0,853
09/13/2009,SLC,UT,ANM,WE,Towers with Radar,468,312,55,2,837,0,13,58,0,71,468,325,113,2,908,0,0,0,908
09/14/2009,SLC,UT,ANM,WE,Towers with Radar,484,344,53,5,886,0,17,47,3,67,484,361,100,8,953,0,0,0,953
09/15/2009,SLC,UT,ANM,WE,Towers with Radar,475,323,82,11,891,0,28,102,1,131,475,351,184,12,1022,0,0,0,1022
09/16/2009,SLC,UT,ANM,WE,Towers with Radar,474,333,71,7,885,0,21,161,1,183,474,354,232,8,1068,0,0,0,1068
09/17/2009,SLC,UT,ANM,WE,Towers with Radar,511,350,73,16,950,0,28,179,0,207,511,378,252,16,1157,0,0,0,1157
09/18/2009,SLC,UT,ANM,WE,Towers with Radar,513,371,81,8,973,0,39,177,1,217,513,410,258,9,1190,0,0,0,1190
09/19/2009,SLC,UT,ANM,WE,Towers with Radar,395,269,58,5,727,0,22,113,0,135,395,291,171,5,862,0,0,0,862
09/20/2009,SLC,UT,ANM,WE,Towers with Radar,466,304,50,6,826,0,8,41,1,50,466,312,91,7,876,0,0,0,876
09/21/2009,SLC,UT,ANM,WE,Towers with Radar,480,315,60,4,859,0,21,122,2,145,480,336,182,6,1004,0,0,0,1004
09/22/2009,SLC,UT,ANM,WE,Towers with Radar,478,334,57,11,880,0,22,153,1,176,478,356,210,12,1056,0,0,0,1056
09/23/2009,SLC,UT,ANM,WE,Towers with Radar,482,336,74,9,901,0,16,180,1,197,482,352,254,10,1098,0,0,0,1098
09/24/2009,SLC,UT,ANM,WE,Towers with Radar,511,359,74,10,954,0,31,158,0,189,511,390,232,10,1143,0,0,0,1143
09/25/2009,SLC,UT,ANM,WE,Towers with Radar,512,362,76,1,951,0,14,155,0,169,512,376,231,1,1120,0,0,0,1120
09/26/2009,SLC,UT,ANM,WE,Towers with Radar,395,261,37,1,694,0,15,136,0,151,395,276,173,1,845,0,0,0,845
09/27/2009,SLC,UT,ANM,WE,Towers with Radar,469,306,47,1,823,0,6,98,0,104,469,312,145,1,927,0,0,0,927
09/28/2009,SLC,UT,ANM,WE,Towers with Radar,479,329,53,7,868,0,21,106,1,128,479,350,159,8,996,0,0,0,996
09/29/2009,SLC,UT,ANM,WE,Towers with Radar,475,319,71,9,874,0,22,40,2,64,475,341,111,11,938,0,0,0,938
09/30/2009,SLC,UT,ANM,WE,Towers with Radar,485,340,45,6,876,0,13,3,1,17,485,353,48,7,893,0,0,0,893
10/01/2009,SLC,UT,ANM,WE,Towers with Radar,517,366,67,7,957,0,14,144,2,160,517,380,211,9,1117,0,0,0,1117
10/02/2009,SLC,UT,ANM,WE,Towers with Radar,510,348,56,5,919,0,18,185,0,203,510,366,241,5,1122,0,0,0,1122
10/03/2009,SLC,UT,ANM,WE,Towers with Radar,403,240,22,3,668,0,10,122,1,133,403,250,144,4,801,0,0,0,801
10/04/2009,SLC,UT,ANM,WE,Towers with Radar,470,301,36,2,809,0,1,0,0,1,470,302,36,2,810,0,0,0,810
10/05/2009,SLC,UT,ANM,WE,Towers with Radar,487,329,50,7,873,0,11,80,0,91,487,340,130,7,964,0,0,0,964
10/06/2009,SLC,UT,ANM,WE,Towers with Radar,476,298,66,13,853,0,34,158,0,192,476,332,224,13,1045,0,0,0,1045
10/07/2009,SLC,UT,ANM,WE,Towers with Radar,490,332,50,6,878,0,33,153,0,186,490,365,203,6,1064,0,0,0,1064
10/08/2009,SLC,UT,ANM,WE,Towers with Radar,512,347,66,16,941,0,26,134,1,161,512,373,200,17,1102,0,0,0,1102
10/09/2009,SLC,UT,ANM,WE,Towers with Radar,509,340,63,2,914,0,16,132,1,149,509,356,195,3,1063,0,0,0,1063
10/10/2009,SLC,UT,ANM,WE,Towers with Radar,402,241,37,2,682,0,10,149,0,159,402,251,186,2,841,0,0,0,841
10/11/2009,SLC,UT,ANM,WE,Towers with Radar,470,304,36,0,810,0,11,52,0,63,470,315,88,0,873,0,0,0,873
10/12/2009,SLC,UT,ANM,WE,Towers with Radar,491,338,59,5,893,0,13,94,2,109,491,351,153,7,1002,0,0,0,1002
10/13/2009,SLC,UT,ANM,WE,Towers with Radar,475,311,65,4,855,0,17,16,0,33,475,328,81,4,888,0,0,0,888
10/14/2009,SLC,UT,ANM,WE,Towers with Radar,488,333,62,4,887,0,9,31,0,40,488,342,93,4,927,0,0,0,927
10/15/2009,SLC,UT,ANM,WE,Towers with Radar,516,350,67,13,946,0,16,166,0,182,516,366,233,13,1128,0,0,0,1128
10/16/2009,SLC,UT,ANM,WE,Towers with Radar,507,338,62,8,915,0,17,177,0,194,507,355,239,8,1109,0,0,0,1109
10/17/2009,SLC,UT,ANM,WE,Towers with Radar,400,246,42,0,688,0,17,135,0,152,400,263,177,0,840,0,0,0,840
10/18/2009,SLC,UT,ANM,WE,Towers with Radar,470,292,49,5,816,0,5,73,0,78,470,297,122,5,894,0,0,0,894
10/19/2009,SLC,UT,ANM,WE,Towers with Radar,472,331,48,1,852,0,9,40,0,49,472,340,88,1,901,0,0,0,901
10/20/2009,SLC,UT,ANM,WE,Towers with Radar,471,327,44,7,849,0,12,64,0,76,471,339,108,7,925,0,0,0,925
10/21/2009,SLC,UT,ANM,WE,Towers with Radar,481,349,58,8,896,0,15,161,0,176,481,364,219,8,1072,0,0,0,1072
10/22/2009,SLC,UT,ANM,WE,Towers with Radar,516,343,68,15,942,0,24,160,0,184,516,367,228,15,1126,0,0,0,1126
10/23/2009,SLC,UT,ANM,WE,Towers with Radar,505,352,83,8,948,0,15,138,0,153,505,367,221,8,1101,0,0,0,1101
10/24/2009,SLC,UT,ANM,WE,Towers with Radar,405,243,42,0,690,0,8,62,0,70,405,251,104,0,760,0,0,0,760
10/25/2009,SLC,UT,ANM,WE,Towers with Radar,395,251,39,5,690,0,9,70,0,79,395,260,109,5,769,0,0,0,769
10/26/2009,SLC,UT,ANM,WE,Towers with Radar,328,209,38,4,579,0,10,94,1,105,328,219,132,5,684,0,0,0,684
10/27/2009,SLC,UT,ANM,WE,Towers with Radar,473,304,51,5,833,0,2,2,0,4,473,306,53,5,837,0,0,0,837
10/28/2009,SLC,UT,ANM,WE,Towers with Radar,482,342,65,6,895,0,24,29,0,53,482,366,94,6,948,0,0,0,948
10/29/2009,SLC,UT,ANM,WE,Towers with Radar,493,344,87,10,934,0,17,152,0,169,493,361,239,10,1103,0,0,0,1103
10/30/2009,SLC,UT,ANM,WE,Towers with Radar,510,351,42,1,904,0,9,70,0,79,510,360,112,1,983,0,0,0,983
10/31/2009,SLC,UT,ANM,WE,Towers with Radar,392,227,34,0,653,0,21,137,0,158,392,248,171,0,811,0,0,0,811
11/01/2009,SLC,UT,ANM,WE,Towers with Radar,461,307,47,0,815,0,11,67,0,78,461,318,114,0,893,0,0,0,893
11/02/2009,SLC,UT,ANM,WE,Towers with Radar,466,329,66,4,865,0,11,163,0,174,466,340,229,4,1039,0,0,0,1039
11/03/2009,SLC,UT,ANM,WE,Towers with Radar,449,304,53,10,816,0,11,205,1,217,449,315,258,11,1033,2,0,2,1035
11/04/2009,SLC,UT,ANM,WE,Towers with Radar,472,336,63,7,878,0,16,176,3,195,472,352,239,10,1073,43,0,43,1116
11/05/2009,SLC,UT,ANM,WE,Towers with Radar,490,352,102,11,955,0,15,141,0,156,490,367,243,11,1111,0,0,0,1111
11/06/2009,SLC,UT,ANM,WE,Towers with Radar,496,349,68,1,914,0,16,127,2,145,496,365,195,3,1059,0,0,0,1059
11/07/2009,SLC,UT,ANM,WE,Towers with Radar,386,226,39,4,655,0,18,146,2,166,386,244,185,6,821,0,0,0,821
11/08/2009,SLC,UT,ANM,WE,Towers with Radar,456,310,48,8,822,0,6,63,0,69,456,316,111,8,891,14,0,14,905
11/09/2009,SLC,UT,ANM,WE,Towers with Radar,463,315,68,5,851,0,18,147,0,165,463,333,215,5,1016,0,0,0,1016
11/10/2009,SLC,UT,ANM,WE,Towers with Radar,456,296,68,14,834,0,11,139,0,150,456,307,207,14,984,0,0,0,984
11/11/2009,SLC,UT,ANM,WE,Towers with Radar,465,314,75,3,857,0,12,122,0,134,465,326,197,3,991,26,0,26,1017
11/12/2009,SLC,UT,ANM,WE,Towers with Radar,490,344,44,7,885,0,10,34,0,44,490,354,78,7,929,0,0,0,929
11/13/2009,SLC,UT,ANM,WE,Towers with Radar,485,360,53,7,905,0,16,123,0,139,485,376,176,7,1044,0,0,0,1044
11/14/2009,SLC,UT,ANM,WE,Towers with Radar,376,248,23,2,649,0,5,4,0,9,376,253,27,2,658,4,0,4,662
11/15/2009,SLC,UT,ANM,WE,Towers with Radar,459,297,38,0,794,0,4,57,0,61,459,301,95,0,855,18,0,18,873
11/16/2009,SLC,UT,ANM,WE,Towers with Radar,469,322,70,6,867,0,19,139,0,158,469,341,209,6,1025,0,0,0,1025
11/17/2009,SLC,UT,ANM,WE,Towers with Radar,452,318,63,10,843,0,24,174,1,199,452,342,237,11,1042,0,0,0,1042
11/18/2009,SLC,UT,ANM,WE,Towers with Radar,470,320,78,5,873,0,11,157,0,168,470,331,235,5,1041,52,0,52,1093
11/19/2009,SLC,UT,ANM,WE,Towers with Radar,486,338,92,10,926,0,14,161,7,182,486,352,253,17,1108,0,0,0,1108
11/20/2009,SLC,UT,ANM,WE,Towers with Radar,484,350,76,4,914,0,16,72,7,95,484,366,148,11,1009,0,0,0,1009
11/21/2009,SLC,UT,ANM,WE,Towers with Radar,374,243,35,0,652,0,4,51,1,56,374,247,86,1,708,44,0,44,752
11/22/2009,SLC,UT,ANM,WE,Towers with Radar,460,298,34,5,797,0,6,19,0,25,460,304,53,5,822,4,0,4,826
11/23/2009,SLC,UT,ANM,WE,Towers with Radar,454,313,69,6,842,0,17,133,0,150,454,330,202,6,992,8,0,8,1000
11/24/2009,SLC,UT,ANM,WE,Towers with Radar,495,348,87,12,942,0,23,151,2,176,495,371,238,14,1118,12,0,12,1130
11/25/2009,SLC,UT,ANM,WE,Towers with Radar,494,361,61,4,920,0,24,122,0,146,494,385,183,4,1066,0,0,0,1066
11/26/2009,SLC,UT,ANM,WE,Towers with Radar,263,162,22,0,447,0,2,47,0,49,263,164,69,0,496,0,0,0,496
11/27/2009,SLC,UT,ANM,WE,Towers with Radar,347,257,39,0,643,0,16,71,0,87,347,273,110,0,730,12,0,12,742
11/28/2009,SLC,UT,ANM,WE,Towers with Radar,461,317,41,0,819,0,16,57,0,73,461,333,98,0,892,6,0,6,898
11/29/2009,SLC,UT,ANM,WE,Towers with Radar,487,349,71,1,908,0,7,72,0,79,487,356,143,1,987,0,0,0,987
11/30/2009,SLC,UT,ANM,WE,Towers with Radar,486,378,65,4,933,0,17,78,0,95,486,395,143,4,1028,4,0,4,1032
12/01/2009,SLC,UT,ANM,WE,Towers with Radar,460,320,55,7,842,0,13,133,0,146,460,333,188,7,988,0,0,0,988
12/02/2009,SLC,UT,ANM,WE,Towers with Radar,466,325,68,7,866,0,14,129,0,143,466,339,197,7,1009,6,0,6,1015
12/03/2009,SLC,UT,ANM,WE,Towers with Radar,492,355,70,5,922,0,12,124,1,137,492,367,194,6,1059,4,0,4,1063
12/04/2009,SLC,UT,ANM,WE,Towers with Radar,485,356,84,2,927,0,17,138,0,155,485,373,222,2,1082,4,0,4,1086
12/05/2009,SLC,UT,ANM,WE,Towers with Radar,376,242,39,6,663,0,3,17,0,20,376,245,56,6,683,0,0,0,683
12/06/2009,SLC,UT,ANM,WE,Towers with Radar,461,299,54,2,816,0,6,24,0,30,461,305,78,2,846,0,0,0,846
12/07/2009,SLC,UT,ANM,WE,Towers with Radar,452,338,58,2,850,0,3,11,0,14,452,341,69,2,864,0,0,0,864
12/08/2009,SLC,UT,ANM,WE,Towers with Radar,449,307,51,7,814,0,12,9,0,21,449,319,60,7,835,0,0,0,835
12/09/2009,SLC,UT,ANM,WE,Towers with Radar,467,336,52,6,861,0,21,83,4,108,467,357,135,10,969,16,0,16,985
12/10/2009,SLC,UT,ANM,WE,Towers with Radar,499,352,73,9,933,0,17,143,2,162,499,369,216,11,1095,32,0,32,1127
12/11/2009,SLC,UT,ANM,WE,Towers with Radar,485,362,60,2,909,0,19,123,2,144,485,381,183,4,1053,0,0,0,1053
12/12/2009,SLC,UT,ANM,WE,Towers with Radar,395,224,37,2,658,0,3,12,0,15,395,227,49,2,673,0,0,0,673
12/13/2009,SLC,UT,ANM,WE,Towers with Radar,440,290,29,2,761,0,1,0,0,1,440,291,29,2,762,0,0,0,762
12/14/2009,SLC,UT,ANM,WE,Towers with Radar,454,344,68,6,872,0,15,87,2,104,454,359,155,8,976,0,0,0,976
12/15/2009,SLC,UT,ANM,WE,Towers with Radar,462,314,81,8,865,0,25,134,6,165,462,339,215,14,1030,28,0,28,1058
12/16/2009,SLC,UT,ANM,WE,Towers with Radar,477,349,62,2,890,0,10,107,0,117,477,359,169,2,1007,0,0,0,1007
12/17/2009,SLC,UT,ANM,WE,Towers with Radar,496,399,80,0,975,0,19,102,0,121,496,418,182,0,1096,12,0,12,1108
12/18/2009,SLC,UT,ANM,WE,Towers with Radar,498,402,111,4,1015,0,16,79,1,96,498,418,190,5,1111,0,0,0,1111
12/19/2009,SLC,UT,ANM,WE,Towers with Radar,447,366,68,2,883,0,11,32,0,43,447,377,100,2,926,0,0,0,926
12/20/2009,SLC,UT,ANM,WE,Towers with Radar,469,356,39,2,866,0,1,0,0,1,469,357,39,2,867,0,0,0,867
12/21/2009,SLC,UT,ANM,WE,Towers with Radar,488,401,53,4,946,0,0,0,0,0,488,401,53,4,946,0,0,0,946
12/22/2009,SLC,UT,ANM,WE,Towers with Radar,511,402,42,4,959,0,0,0,0,0,511,402,42,4,959,0,0,0,959
12/23/2009,SLC,UT,ANM,WE,Towers with Radar,516,448,104,2,1070,0,5,34,0,39,516,453,138,2,1109,0,0,0,1109
12/24/2009,SLC,UT,ANM,WE,Towers with Radar,436,324,38,1,799,0,8,55,0,63,436,332,93,1,862,0,0,0,862
12/25/2009,SLC,UT,ANM,WE,Towers with Radar,381,236,22,0,639,0,2,5,0,7,381,238,27,0,646,0,0,0,646
12/26/2009,SLC,UT,ANM,WE,Towers with Radar,470,369,106,1,946,0,5,75,0,80,470,374,181,1,1026,4,0,4,1030
12/27/2009,SLC,UT,ANM,WE,Towers with Radar,487,359,103,1,950,0,3,24,0,27,487,362,127,1,977,0,0,0,977
12/28/2009,SLC,UT,ANM,WE,Towers with Radar,491,398,51,5,945,0,6,41,0,47,491,404,92,5,992,0,0,0,992
12/29/2009,SLC,UT,ANM,WE,Towers with Radar,507,381,59,6,953,0,2,1,0,3,507,383,60,6,956,10,0,10,966
12/30/2009,SLC,UT,ANM,WE,Towers with Radar,508,412,66,1,987,0,1,1,0,2,508,413,67,1,989,0,0,0,989
12/31/2009,SLC,UT,ANM,WE,Towers with Radar,429,339,53,0,821,0,8,81,0,89,429,347,134,0,910,24,0,24,934
01/01/2010,SLC,UT,ANM,WE,Towers with Radar,460,338,45,0,843,0,13,15,0,28,460,351,60,0,871,0,0,0,871
01/02/2010,SLC,UT,ANM,WE,Towers with Radar,490,410,129,0,1029,0,6,23,0,29,490,416,152,0,1058,0,0,0,1058
01/03/2010,SLC,UT,ANM,WE,Towers with Radar,486,351,109,1,947,0,4,50,0,54,486,355,159,1,1001,0,0,0,1001
01/04/2010,SLC,UT,ANM,WE,Towers with Radar,498,380,53,6,937,0,11,94,0,105,498,391,147,6,1042,0,0,0,1042
01/05/2010,SLC,UT,ANM,WE,Towers with Radar,462,323,48,9,842,0,3,29,1,33,462,326,77,10,875,0,0,0,875
01/06/2010,SLC,UT,ANM,WE,Towers with Radar,491,347,68,7,913,0,8,57,4,69,491,355,125,11,982,0,0,0,982
01/07/2010,SLC,UT,ANM,WE,Towers with Radar,486,365,53,9,913,0,26,154,0,180,486,391,207,9,1093,12,0,12,1105
01/08/2010,SLC,UT,ANM,WE,Towers with Radar,497,338,46,10,891,0,28,143,3,174,497,366,189,13,1065,0,0,0,1065
01/09/2010,SLC,UT,ANM,WE,Towers with Radar,393,248,43,1,685,0,5,106,2,113,393,253,149,3,798,12,0,12,810
01/10/2010,SLC,UT,ANM,WE,Towers with Radar,466,310,47,4,827,0,1,40,0,41,466,311,87,4,868,0,0,0,868
01/11/2010,SLC,UT,ANM,WE,Towers with Radar,492,333,59,5,889,0,17,52,0,69,492,350,111,5,958,10,0,10,968
01/12/2010,SLC,UT,ANM,WE,Towers with Radar,452,314,60,11,837,0,10,69,1,80,452,324,129,12,917,0,0,0,917
01/13/2010,SLC,UT,ANM,WE,Towers with Radar,491,345,67,4,907,0,21,77,1,99,491,366,144,5,1006,0,0,0,1006
01/14/2010,SLC,UT,ANM,WE,Towers with Radar,501,350,73,13,937,0,1,19,0,20,501,351,92,13,957,0,0,0,957
01/15/2010,SLC,UT,ANM,WE,Towers with Radar,505,400,94,8,1007,0,4,51,1,56,505,404,145,9,1063,0,0,0,1063
01/16/2010,SLC,UT,ANM,WE,Towers with Radar,383,255,56,0,694,0,1,6,0,7,383,256,62,0,701,0,0,0,701
01/17/2010,SLC,UT,ANM,WE,Towers with Radar,422,268,46,3,739,0,1,20,0,21,422,269,66,3,760,0,0,0,760
01/18/2010,SLC,UT,ANM,WE,Towers with Radar,490,363,60,0,913,0,11,73,0,84,490,374,133,0,997,0,0,0,997
01/19/2010,SLC,UT,ANM,WE,Towers with Radar,451,322,68,7,848,0,13,76,1,90,451,335,144,8,938,0,0,0,938
01/20/2010,SLC,UT,ANM,WE,Towers with Radar,495,356,48,3,902,0,15,41,1,57,495,371,89,4,959,0,0,0,959
01/21/2010,SLC,UT,ANM,WE,Towers with Radar,507,383,102,5,997,0,12,106,0,118,507,395,208,5,1115,0,0,0,1115
01/22/2010,SLC,UT,ANM,WE,Towers with Radar,505,375,76,0,956,0,6,9,0,15,505,381,85,0,971,8,0,8,979
01/23/2010,SLC,UT,ANM,WE,Towers with Radar,392,267,44,1,704,0,4,45,0,49,392,271,89,1,753,30,0,30,783
01/24/2010,SLC,UT,ANM,WE,Towers with Radar,464,321,102,2,889,0,2,75,0,77,464,323,177,2,966,0,0,0,966
01/25/2010,SLC,UT,ANM,WE,Towers with Radar,493,347,85,5,930,1,23,141,0,165,494,370,226,5,1095,0,0,0,1095
01/26/2010,SLC,UT,ANM,WE,Towers with Radar,448,339,66,15,868,0,25,55,0,80,448,364,121,15,948,0,0,0,948
01/27/2010,SLC,UT,ANM,WE,Towers with Radar,490,352,68,8,918,0,18,32,0,50,490,370,100,8,968,0,0,0,968
01/28/2010,SLC,UT,ANM,WE,Towers with Radar,501,364,70,10,945,0,26,171,0,197,501,390,241,10,1142,44,0,44,1186
01/29/2010,SLC,UT,ANM,WE,Towers with Radar,486,366,64,4,920,0,22,168,0,190,486,388,232,4,1110,0,0,0,1110
01/30/2010,SLC,UT,ANM,WE,Towers with Radar,387,245,42,0,674,0,15,129,0,144,387,260,171,0,818,10,0,10,828
01/31/2010,SLC,UT,ANM,WE,Towers with Radar,454,351,87,2,894,0,6,23,0,29,454,357,110,2,923,10,0,10,933
02/01/2010,SLC,UT,ANM,WE,Towers with Radar,494,335,61,5,895,0,32,192,0,224,494,367,253,5,1119,0,0,0,1119
02/02/2010,SLC,UT,ANM,WE,Towers with Radar,451,315,66,12,844,0,36,187,0,223,451,351,253,12,1067,0,0,0,1067
02/03/2010,SLC,UT,ANM,WE,Towers with Radar,495,348,84,5,932,0,18,156,0,174,495,366,240,5,1106,0,0,0,1106
02/04/2010,SLC,UT,ANM,WE,Towers with Radar,496,367,76,8,947,0,33,136,0,169,496,400,212,8,1116,0,0,0,1116
02/05/2010,SLC,UT,ANM,WE,Towers with Radar,491,386,56,2,935,0,8,26,0,34,491,394,82,2,969,0,0,0,969
02/06/2010,SLC,UT,ANM,WE,Towers with Radar,383,263,44,3,693,0,3,39,1,43,383,266,83,4,736,0,0,0,736
02/07/2010,SLC,UT,ANM,WE,Towers with Radar,458,316,44,1,819,0,5,23,0,28,458,321,67,1,847,6,0,6,853
02/08/2010,SLC,UT,ANM,WE,Towers with Radar,485,334,57,5,881,0,35,165,2,202,485,369,222,7,1083,0,0,0,1083
02/09/2010,SLC,UT,ANM,WE,Towers with Radar,441,312,60,8,821,0,24,174,1,199,441,336,234,9,1020,0,0,0,1020
02/10/2010,SLC,UT,ANM,WE,Towers with Radar,465,345,94,4,908,0,27,128,0,155,465,372,222,4,1063,0,0,0,1063
02/11/2010,SLC,UT,ANM,WE,Towers with Radar,482,389,86,6,963,0,19,83,0,102,482,408,169,6,1065,0,0,0,1065
02/12/2010,SLC,UT,ANM,WE,Towers with Radar,499,411,123,3,1036,0,20,124,0,144,499,431,247,3,1180,0,0,0,1180
02/13/2010,SLC,UT,ANM,WE,Towers with Radar,414,297,62,4,777,0,2,71,0,73,414,299,133,4,850,10,0,10,860
02/14/2010,SLC,UT,ANM,WE,Towers with Radar,448,318,56,6,828,0,14,117,2,133,448,332,173,8,961,0,0,0,961
02/15/2010,SLC,UT,ANM,WE,Towers with Radar,487,416,109,2,1014,0,8,49,0,57,487,424,158,2,1071,0,0,0,1071
02/16/2010,SLC,UT,ANM,WE,Towers with Radar,493,347,97,8,945,0,23,99,0,122,493,370,196,8,1067,8,0,8,1075
02/17/2010,SLC,UT,ANM,WE,Towers with Radar,500,361,76,8,945,0,15,60,0,75,500,376,136,8,1020,0,0,0,1020
02/18/2010,SLC,UT,ANM,WE,Towers with Radar,508,362,74,10,954,0,31,71,2,104,508,393,145,12,1058,0,0,0,1058
02/19/2010,SLC,UT,ANM,WE,Towers with Radar,505,382,86,3,976,0,11,28,2,41,505,393,114,5,1017,0,0,0,1017
02/20/2010,SLC,UT,ANM,WE,Towers with Radar,446,299,58,1,804,0,12,120,0,132,446,311,178,1,936,16,0,16,952
02/21/2010,SLC,UT,ANM,WE,Towers with Radar,464,317,68,4,853,0,6,28,1,35,464,323,96,5,888,0,0,0,888
02/22/2010,SLC,UT,ANM,WE,Towers with Radar,498,332,65,4,899,0,25,166,2,193,498,357,231,6,1092,0,0,0,1092
02/23/2010,SLC,UT,ANM,WE,Towers with Radar,492,332,56,11,891,0,33,203,2,238,492,365,259,13,1129,16,0,16,1145
02/24/2010,SLC,UT,ANM,WE,Towers with Radar,499,351,92,2,944,0,1,17,0,18,499,352,109,2,962,0,0,0,962
02/25/2010,SLC,UT,ANM,WE,Towers with Radar,508,346,71,8,933,0,21,99,2,122,508,367,170,10,1055,0,0,0,1055
02/26/2010,SLC,UT,ANM,WE,Towers with Radar,496,355,50,2,903,0,32,208,0,240,496,387,258,2,1143,0,0,0,1143
02/27/2010,SLC,UT,ANM,WE,Towers with Radar,441,271,48,3,763,0,5,78,0,83,441,276,126,3,846,0,0,0,846
02/28/2010,SLC,UT,ANM,WE,Towers with Radar,472,307,57,3,839,0,5,68,0,73,472,312,125,3,912,0,0,0,912
03/01/2010,SLC,UT,ANM,WE,Towers with Radar,493,334,49,5,881,0,25,137,0,162,493,359,186,5,1043,0,0,0,1043
03/02/2010,SLC,UT,ANM,WE,Towers with Radar,488,327,58,11,884,0,31,159,4,194,488,358,217,15,1078,0,0,0,1078
03/03/2010,SLC,UT,ANM,WE,Towers with Radar,495,342,63,4,904,0,21,44,1,66,495,363,107,5,970,0,0,0,970
03/04/2010,SLC,UT,ANM,WE,Towers with Radar,503,369,56,7,935,0,12,34,0,46,503,381,90,7,981,0,0,0,981
03/05/2010,SLC,UT,ANM,WE,Towers with Radar,506,373,58,0,937,0,20,37,0,57,506,393,95,0,994,0,0,0,994
03/06/2010,SLC,UT,ANM,WE,Towers with Radar,445,269,53,0,767,0,14,164,0,178,445,283,217,0,945,6,0,6,951
03/07/2010,SLC,UT,ANM,WE,Towers with Radar,474,321,58,5,858,0,6,27,0,33,474,327,85,5,891,8,0,8,899
03/08/2010,SLC,UT,ANM,WE,Towers with Radar,505,337,53,5,900,0,24,122,0,146,505,361,175,5,1046,0,0,0,1046
03/09/2010,SLC,UT,ANM,WE,Towers with Radar,479,338,58,8,883,0,6,47,0,53,479,344,105,8,936,0,0,0,936
03/10/2010,SLC,UT,ANM,WE,Towers with Radar,498,343,72,4,917,0,24,129,0,153,498,367,201,4,1070,0,0,0,1070
03/11/2010,SLC,UT,ANM,WE,Towers with Radar,505,341,72,10,928,0,30,179,0,209,505,371,251,10,1137,0,0,0,1137
03/12/2010,SLC,UT,ANM,WE,Towers with Radar,493,368,68,3,932,0,22,204,4,230,493,390,272,7,1162,0,0,0,1162
03/13/2010,SLC,UT,ANM,WE,Towers with Radar,438,288,51,1,778,0,7,7,0,14,438,295,58,1,792,0,0,0,792
03/14/2010,SLC,UT,ANM,WE,Towers with Radar,471,314,69,2,856,0,2,54,0,56,471,316,123,2,912,0,0,0,912
03/15/2010,SLC,UT,ANM,WE,Towers with Radar,498,328,62,6,894,0,25,179,0,204,498,353,241,6,1098,0,0,0,1098
03/16/2010,SLC,UT,ANM,WE,Towers with Radar,497,319,60,10,886,0,36,207,1,244,497,355,267,11,1130,0,0,0,1130
03/17/2010,SLC,UT,ANM,WE,Towers with Radar,502,338,76,7,923,0,24,207,0,231,502,362,283,7,1154,36,0,36,1190
03/18/2010,SLC,UT,ANM,WE,Towers with Radar,506,354,78,8,946,0,19,80,0,99,506,373,158,8,1045,0,0,0,1045
03/19/2010,SLC,UT,ANM,WE,Towers with Radar,507,355,71,7,940,0,20,104,0,124,507,375,175,7,1064,0,0,0,1064
03/20/2010,SLC,UT,ANM,WE,Towers with Radar,450,287,67,6,810,0,19,201,2,222,450,306,268,8,1032,0,0,0,1032
03/21/2010,SLC,UT,ANM,WE,Towers with Radar,477,296,61,5,839,0,5,88,1,94,477,301,149,6,933,0,0,0,933
03/22/2010,SLC,UT,ANM,WE,Towers with Radar,501,337,58,8,904,0,18,108,2,128,501,355,166,10,1032,0,0,0,1032
03/23/2010,SLC,UT,ANM,WE,Towers with Radar,504,320,61,9,894,0,26,133,4,163,504,346,194,13,1057,0,0,0,1057
03/24/2010,SLC,UT,ANM,WE,Towers with Radar,490,324,56,7,877,0,31,200,6,237,490,355,256,13,1114,68,0,68,1182
03/25/2010,SLC,UT,ANM,WE,Towers with Radar,515,361,76,7,959,0,29,52,1,82,515,390,128,8,1041,0,0,0,1041
03/26/2010,SLC,UT,ANM,WE,Towers with Radar,504,362,66,2,934,0,17,15,0,32,504,379,81,2,966,10,0,10,976
03/27/2010,SLC,UT,ANM,WE,Towers with Radar,449,284,61,0,794,0,9,180,2,191,449,293,241,2,985,0,0,0,985
03/28/2010,SLC,UT,ANM,WE,Towers with Radar,479,318,50,1,848,0,4,125,0,129,479,322,175,1,977,0,0,0,977
03/29/2010,SLC,UT,ANM,WE,Towers with Radar,496,330,55,4,885,0,26,79,0,105,496,356,134,4,990,8,0,8,998
03/30/2010,SLC,UT,ANM,WE,Towers with Radar,493,331,38,3,865,0,18,4,0,22,493,349,42,3,887,8,0,8,895
03/31/2010,SLC,UT,ANM,WE,Towers with Radar,503,347,52,1,903,0,1,0,0,1,503,348,52,1,904,0,0,0,904
04/01/2010,SLC,UT,ANM,WE,Towers with Radar,498,334,75,10,917,0,14,30,1,45,498,348,105,11,962,0,0,0,962
04/02/2010,SLC,UT,ANM,WE,Towers with Radar,497,346,83,7,933,0,12,121,0,133,497,358,204,7,1066,24,0,24,1090
04/03/2010,SLC,UT,ANM,WE,Towers with Radar,444,273,36,8,761,0,12,86,1,99,444,285,122,9,860,0,0,0,860
04/04/2010,SLC,UT,ANM,WE,Towers with Radar,469,307,50,1,827,0,9,53,0,62,469,316,103,1,889,0,0,0,889
04/05/2010,SLC,UT,ANM,WE,Towers with Radar,484,328,74,2,888,0,7,6,0,13,484,335,80,2,901,0,0,0,901
04/06/2010,SLC,UT,ANM,WE,Towers with Radar,477,307,58,14,856,0,19,25,0,44,477,326,83,14,900,0,0,0,900
04/07/2010,SLC,UT,ANM,WE,Towers with Radar,503,310,65,9,887,0,29,216,0,245,503,339,281,9,1132,32,0,32,1164
04/08/2010,SLC,UT,ANM,WE,Towers with Radar,514,316,69,12,911,0,29,207,2,238,514,345,276,14,1149,0,0,0,1149
04/09/2010,SLC,UT,ANM,WE,Towers with Radar,514,312,58,4,888,0,31,180,0,211,514,343,238,4,1099,0,0,0,1099
04/10/2010,SLC,UT,ANM,WE,Towers with Radar,388,222,39,1,650,0,22,193,0,215,388,244,232,1,865,0,0,0,865
04/11/2010,SLC,UT,ANM,WE,Towers with Radar,480,286,41,3,810,0,2,30,0,32,480,288,71,3,842,23,0,23,865
04/12/2010,SLC,UT,ANM,WE,Towers with Radar,507,316,46,6,875,0,8,26,0,34,507,324,72,6,909,0,0,0,909
04/13/2010,SLC,UT,ANM,WE,Towers with Radar,464,295,52,10,821,0,14,72,0,86,464,309,124,10,907,8,0,8,915
04/14/2010,SLC,UT,ANM,WE,Towers with Radar,511,305,78,5,899,0,22,226,2,250,511,327,304,7,1149,8,0,8,1157
04/15/2010,SLC,UT,ANM,WE,Towers with Radar,508,315,66,7,896,0,24,185,0,209,508,339,251,7,1105,24,0,24,1129
04/16/2010,SLC,UT,ANM,WE,Towers with Radar,510,302,48,1,861,0,27,181,0,208,510,329,229,1,1069,0,0,0,1069
04/17/2010,SLC,UT,ANM,WE,Towers with Radar,384,213,21,2,620,0,12,153,0,165,384,225,174,2,785,0,0,0,785
04/18/2010,SLC,UT,ANM,WE,Towers with Radar,475,272,30,5,782,0,10,100,1,111,475,282,130,6,893,0,0,0,893
04/19/2010,SLC,UT,ANM,WE,Towers with Radar,499,296,57,10,862,0,27,157,0,184,499,323,214,10,1046,0,0,0,1046
04/20/2010,SLC,UT,ANM,WE,Towers with Radar,461,275,50,14,800,0,24,82,0,106,461,299,132,14,906,0,0,0,906
04/21/2010,SLC,UT,ANM,WE,Towers with Radar,495,315,59,4,873,0,13,7,0,20,495,328,66,4,893,0,0,0,893
04/22/2010,SLC,UT,ANM,WE,Towers with Radar,509,319,69,7,904,0,17,74,2,93,509,336,143,9,997,0,0,0,997
04/23/2010,SLC,UT,ANM,WE,Towers with Radar,510,310,61,7,888,0,21,47,0,68,510,331,108,7,956,0,0,0,956
04/24/2010,SLC,UT,ANM,WE,Towers with Radar,385,209,35,2,631,0,15,141,0,156,385,224,176,2,787,0,0,0,787
04/25/2010,SLC,UT,ANM,WE,Towers with Radar,478,268,38,5,789,0,7,93,1,101,478,275,131,6,890,16,0,16,906
04/26/2010,SLC,UT,ANM,WE,Towers with Radar,502,296,46,5,849,0,33,204,0,237,502,329,250,5,1086,0,0,0,1086
04/27/2010,SLC,UT,ANM,WE,Towers with Radar,458,289,55,8,810,0,11,42,0,53,458,300,97,8,863,0,0,0,863
04/28/2010,SLC,UT,ANM,WE,Towers with Radar,503,309,51,7,870,0,14,20,0,34,503,323,71,7,904,0,0,0,904
04/29/2010,SLC,UT,ANM,WE,Towers with Radar,520,317,42,9,888,0,13,2,0,15,520,330,44,9,903,0,0,0,903
04/30/2010,SLC,UT,ANM,WE,Towers with Radar,506,331,59,4,900,0,17,78,0,95,506,348,137,4,995,0,0,0,995
05/01/2010,SLC,UT,ANM,WE,Towers with Radar,401,205,29,1,636,0,15,40,0,55,401,220,69,1,691,0,0,0,691
05/02/2010,SLC,UT,ANM,WE,Towers with Radar,485,273,32,11,801,0,12,42,0,54,485,285,74,11,855,0,0,0,855
05/03/2010,SLC,UT,ANM,WE,Towers with Radar,513,300,46,5,864,0,28,109,0,137,513,328,155,5,1001,6,0,6,1007
05/04/2010,SLC,UT,ANM,WE,Towers with Radar,479,267,47,11,804,0,28,163,0,191,479,295,210,11,995,2,0,2,997
05/05/2010,SLC,UT,ANM,WE,Towers with Radar,525,293,63,4,885,0,22,148,0,170,525,315,211,4,1055,0,0,0,1055
05/06/2010,SLC,UT,ANM,WE,Towers with Radar,530,312,59,10,911,0,26,123,4,153,530,338,182,14,1064,0,0,0,1064
05/07/2010,SLC,UT,ANM,WE,Towers with Radar,515,309,43,2,869,0,29,202,3,234,515,338,245,5,1103,0,0,0,1103
05/08/2010,SLC,UT,ANM,WE,Towers with Radar,410,198,39,7,654,0,18,143,0,161,410,216,182,7,815,10,0,10,825
05/09/2010,SLC,UT,ANM,WE,Towers with Radar,502,276,30,1,809,0,8,56,0,64,502,284,86,1,873,16,0,16,889
05/10/2010,SLC,UT,ANM,WE,Towers with Radar,509,314,42,3,868,0,10,63,1,74,509,324,105,4,942,0,0,0,942
05/11/2010,SLC,UT,ANM,WE,Towers with Radar,490,285,58,6,839,0,10,15,0,25,490,295,73,6,864,0,0,0,864
05/12/2010,SLC,UT,ANM,WE,Towers with Radar,523,286,67,6,882,0,25,112,0,137,523,311,179,6,1019,0,0,0,1019
05/13/2010,SLC,UT,ANM,WE,Towers with Radar,528,293,61,5,887,0,24,155,0,179,528,317,216,5,1066,0,0,0,1066
05/14/2010,SLC,UT,ANM,WE,Towers with Radar,513,290,57,3,863,0,25,105,0,130,513,315,162,3,993,0,0,0,993
05/15/2010,SLC,UT,ANM,WE,Towers with Radar,416,197,19,5,637,0,16,165,0,181,416,213,184,5,818,8,0,8,826
05/16/2010,SLC,UT,ANM,WE,Towers with Radar,493,271,31,3,798,0,8,117,0,125,493,279,148,3,923,30,0,30,953
05/17/2010,SLC,UT,ANM,WE,Towers with Radar,518,286,42,9,855,0,27,121,0,148,518,313,163,9,1003,22,0,22,1025
05/18/2010,SLC,UT,ANM,WE,Towers with Radar,480,291,46,8,825,0,2,35,0,37,480,293,81,8,862,0,0,0,862
05/19/2010,SLC,UT,ANM,WE,Towers with Radar,518,296,53,5,872,0,25,181,1,207,518,321,234,6,1079,0,0,0,1079
05/20/2010,SLC,UT,ANM,WE,Towers with Radar,535,300,70,12,917,0,29,158,0,187,535,329,228,12,1104,0,0,0,1104
05/21/2010,SLC,UT,ANM,WE,Towers with Radar,530,296,56,1,883,0,24,156,4,184,530,320,212,5,1067,0,0,0,1067
05/22/2010,SLC,UT,ANM,WE,Towers with Radar,412,216,23,1,652,0,6,65,0,71,412,222,88,1,723,42,0,42,765
05/23/2010,SLC,UT,ANM,WE,Towers with Radar,497,264,32,0,793,0,3,74,1,78,497,267,106,1,871,12,0,12,883
05/24/2010,SLC,UT,ANM,WE,Towers with Radar,514,303,36,6,859,0,14,28,0,42,514,317,64,6,901,28,0,28,929
05/25/2010,SLC,UT,ANM,WE,Towers with Radar,478,287,44,12,821,0,36,249,2,287,478,323,293,14,1108,6,0,6,1114
05/26/2010,SLC,UT,ANM,WE,Towers with Radar,532,289,41,8,870,0,28,175,3,206,532,317,216,11,1076,16,0,16,1092
05/27/2010,SLC,UT,ANM,WE,Towers with Radar,535,307,53,15,910,0,30,71,0,101,535,337,124,15,1011,0,0,0,1011
05/28/2010,SLC,UT,ANM,WE,Towers with Radar,534,293,52,5,884,0,26,66,0,92,534,319,118,5,976,0,0,0,976
05/29/2010,SLC,UT,ANM,WE,Towers with Radar,414,204,27,4,649,0,13,106,0,119,414,217,133,4,768,0,0,0,768
05/30/2010,SLC,UT,ANM,WE,Towers with Radar,393,193,13,0,599,0,4,85,1,90,393,197,98,1,689,0,0,0,689
05/31/2010,SLC,UT,ANM,WE,Towers with Radar,488,269,55,0,812,0,6,118,0,124,488,275,173,0,936,0,0,0,936
06/01/2010,SLC,UT,ANM,WE,Towers with Radar,512,296,55,6,869,0,26,88,0,114,512,322,143,6,983,0,0,0,983
06/02/2010,SLC,UT,ANM,WE,Towers with Radar,517,310,56,4,887,0,32,196,0,228,517,342,252,4,1115,0,0,0,1115
06/03/2010,SLC,UT,ANM,WE,Towers with Radar,513,305,63,12,893,0,25,163,1,189,513,330,226,13,1082,0,0,0,1082
06/04/2010,SLC,UT,ANM,WE,Towers with Radar,514,331,41,4,890,0,26,150,4,180,514,357,191,8,1070,0,0,0,1070
06/05/2010,SLC,UT,ANM,WE,Towers with Radar,409,207,26,5,647,0,9,129,2,140,409,216,155,7,787,32,0,32,819
06/06/2010,SLC,UT,ANM,WE,Towers with Radar,478,279,23,5,785,0,4,103,1,108,478,283,126,6,893,4,0,4,897
06/07/2010,SLC,UT,ANM,WE,Towers with Radar,500,306,43,9,858,0,27,126,0,153,500,333,169,9,1011,26,0,26,1037
06/08/2010,SLC,UT,ANM,WE,Towers with Radar,462,281,52,10,805,0,29,169,0,198,462,310,221,10,1003,12,0,12,1015
06/09/2010,SLC,UT,ANM,WE,Towers with Radar,500,319,56,7,882,0,34,178,1,213,500,353,234,8,1095,0,0,0,1095
06/10/2010,SLC,UT,ANM,WE,Towers with Radar,528,366,44,6,944,0,26,90,0,116,528,392,134,6,1060,10,0,10,1070
06/11/2010,SLC,UT,ANM,WE,Towers with Radar,523,396,49,3,971,0,8,87,2,97,523,404,136,5,1068,0,0,0,1068
06/12/2010,SLC,UT,ANM,WE,Towers with Radar,470,308,18,2,798,0,5,62,0,67,470,313,80,2,865,0,0,0,865
06/13/2010,SLC,UT,ANM,WE,Towers with Radar,502,330,33,2,867,0,22,39,0,61,502,352,72,2,928,4,0,4,932
06/14/2010,SLC,UT,ANM,WE,Towers with Radar,524,369,42,7,942,0,35,185,0,220,524,404,227,7,1162,0,0,0,1162
06/15/2010,SLC,UT,ANM,WE,Towers with Radar,536,372,46,5,959,0,25,113,2,140,536,397,159,7,1099,40,0,40,1139
06/16/2010,SLC,UT,ANM,WE,Towers with Radar,526,386,47,9,968,0,16,33,0,49,526,402,80,9,1017,0,0,0,1017
06/17/2010,SLC,UT,ANM,WE,Towers with Radar,549,372,73,6,1000,0,26,204,1,231,549,398,277,7,1231,15,0,15,1246
06/18/2010,SLC,UT,ANM,WE,Towers with Radar,529,364,44,8,945,0,29,242,0,271,529,393,286,8,1216,17,0,17,1233
06/19/2010,SLC,UT,ANM,WE,Towers with Radar,476,305,39,1,821,0,15,108,11,134,476,320,147,12,955,28,0,28,983
06/20/2010,SLC,UT,ANM,WE,Towers with Radar,502,331,30,3,866,0,3,57,2,62,502,334,87,5,928,0,0,0,928
06/21/2010,SLC,UT,ANM,WE,Towers with Radar,527,352,58,4,941,0,35,196,0,231,527,387,254,4,1172,20,0,20,1192
06/22/2010,SLC,UT,ANM,WE,Towers with Radar,534,352,49,7,942,0,26,187,0,213,534,378,236,7,1155,0,0,0,1155
06/23/2010,SLC,UT,ANM,WE,Towers with Radar,537,365,40,7,949,0,37,195,1,233,537,402,235,8,1182,0,0,0,1182
06/24/2010,SLC,UT,ANM,WE,Towers with Radar,553,366,63,6,988,0,31,207,2,240,553,397,270,8,1228,7,0,7,1235
06/25/2010,SLC,UT,ANM,WE,Towers with Radar,564,354,33,1,952,0,37,129,0,166,564,391,162,1,1118,24,0,24,1142
06/26/2010,SLC,UT,ANM,WE,Towers with Radar,481,322,21,4,828,0,17,117,0,134,481,339,138,4,962,16,0,16,978
06/27/2010,SLC,UT,ANM,WE,Towers with Radar,510,345,36,2,893,0,10,96,1,107,510,355,132,3,1000,0,0,0,1000
06/28/2010,SLC,UT,ANM,WE,Towers with Radar,528,370,57,8,963,0,41,144,0,185,528,411,201,8,1148,0,0,0,1148
06/29/2010,SLC,UT,ANM,WE,Towers with Radar,538,373,64,14,989,0,30,117,1,148,538,403,181,15,1137,0,0,0,1137
06/30/2010,SLC,UT,ANM,WE,Towers with Radar,549,385,67,3,1004,0,35,77,5,117,549,420,144,8,1121,0,0,0,1121
07/01/2010,SLC,UT,ANM,WE,Towers with Radar,551,386,60,7,1004,0,29,102,0,131,551,415,162,7,1135,3,0,3,1138
07/02/2010,SLC,UT,ANM,WE,Towers with Radar,539,386,56,4,985,0,40,82,0,122,539,426,138,4,1107,0,0,0,1107
07/03/2010,SLC,UT,ANM,WE,Towers with Radar,477,310,26,3,816,0,12,113,2,127,477,322,139,5,943,0,0,0,943
07/04/2010,SLC,UT,ANM,WE,Towers with Radar,405,242,8,1,656,0,8,59,1,68,405,250,67,2,724,0,0,0,724
07/05/2010,SLC,UT,ANM,WE,Towers with Radar,498,351,59,2,910,0,6,133,0,139,498,357,192,2,1049,0,0,0,1049
07/06/2010,SLC,UT,ANM,WE,Towers with Radar,543,373,42,7,965,0,29,165,1,195,543,402,207,8,1160,0,0,0,1160
07/07/2010,SLC,UT,ANM,WE,Towers with Radar,548,377,49,9,983,0,36,147,2,185,548,413,196,11,1168,42,0,42,1210
07/08/2010,SLC,UT,ANM,WE,Towers with Radar,542,392,48,11,993,0,34,136,0,170,542,426,184,11,1163,14,0,14,1177
07/09/2010,SLC,UT,ANM,WE,Towers with Radar,548,375,41,3,967,0,41,125,0,166,548,416,166,3,1133,0,0,0,1133
07/10/2010,SLC,UT,ANM,WE,Towers with Radar,475,323,43,7,848,0,11,130,0,141,475,334,173,7,989,0,0,0,989
07/11/2010,SLC,UT,ANM,WE,Towers with Radar,523,365,47,4,939,0,22,46,2,70,523,387,93,6,1009,0,0,0,1009
07/12/2010,SLC,UT,ANM,WE,Towers with Radar,540,355,37,7,939,0,36,140,0,176,540,391,177,7,1115,0,0,0,1115
07/13/2010,SLC,UT,ANM,WE,Towers with Radar,540,377,59,10,986,0,25,153,0,178,540,402,212,10,1164,44,0,44,1208
07/14/2010,SLC,UT,ANM,WE,Towers with Radar,547,379,55,9,990,0,30,128,0,158,547,409,183,9,1148,0,0,0,1148
07/15/2010,SLC,UT,ANM,WE,Towers with Radar,543,373,58,9,983,0,35,171,0,206,543,408,229,9,1189,0,0,0,1189
07/16/2010,SLC,UT,ANM,WE,Towers with Radar,542,366,37,8,953,1,41,135,0,177,543,407,172,8,1130,0,0,0,1130
07/17/2010,SLC,UT,ANM,WE,Towers with Radar,479,310,38,13,840,0,22,112,0,134,479,332,150,13,974,14,0,14,988
07/18/2010,SLC,UT,ANM,WE,Towers with Radar,515,353,25,3,896,1,3,55,0,59,516,356,80,3,955,0,0,0,955
07/19/2010,SLC,UT,ANM,WE,Towers with Radar,536,373,43,5,957,0,33,125,0,158,536,406,168,5,1115,0,0,0,1115
07/20/2010,SLC,UT,ANM,WE,Towers with Radar,546,381,49,14,990,0,34,149,0,183,546,415,198,14,1173,0,0,0,1173
07/21/2010,SLC,UT,ANM,WE,Towers with Radar,551,391,71,7,1020,0,47,70,0,117,551,438,141,7,1137,62,0,62,1199
07/22/2010,SLC,UT,ANM,WE,Towers with Radar,553,365,57,7,982,0,36,176,2,214,553,401,233,9,1196,0,0,0,1196
07/23/2010,SLC,UT,ANM,WE,Towers with Radar,541,361,52,5,959,0,27,150,0,177,541,388,202,5,1136,0,0,0,1136
07/24/2010,SLC,UT,ANM,WE,Towers with Radar,468,312,29,16,825,0,20,94,4,118,468,332,123,20,943,10,0,10,953
07/25/2010,SLC,UT,ANM,WE,Towers with Radar,512,339,42,2,895,0,8,64,1,73,512,347,106,3,968,0,0,0,968
07/26/2010,SLC,UT,ANM,WE,Towers with Radar,537,366,44,3,950,0,27,70,0,97,537,393,114,3,1047,0,0,0,1047
07/27/2010,SLC,UT,ANM,WE,Towers with Radar,545,369,49,6,969,0,31,132,0,163,545,400,181,6,1132,0,0,0,1132
07/28/2010,SLC,UT,ANM,WE,Towers with Radar,542,383,59,7,991,0,30,102,0,132,542,413,161,7,1123,2,0,2,1125
07/29/2010,SLC,UT,ANM,WE,Towers with Radar,546,386,58,10,1000,0,28,120,0,148,546,414,178,10,1148,0,0,0,1148
07/30/2010,SLC,UT,ANM,WE,Towers with Radar,543,386,44,2,975,0,40,83,0,123,543,426,127,2,1098,0,0,0,1098
07/31/2010,SLC,UT,ANM,WE,Towers with Radar,477,320,35,0,832,0,14,95,0,109,477,334,130,0,941,16,0,16,957
08/01/2010,SLC,UT,ANM,WE,Towers with Radar,502,347,41,0,890,0,7,60,0,67,502,354,101,0,957,0,0,0,957
08/02/2010,SLC,UT,ANM,WE,Towers with Radar,531,363,52,6,952,0,39,93,0,132,531,402,145,6,1084,0,0,0,1084
08/03/2010,SLC,UT,ANM,WE,Towers with Radar,543,372,60,9,984,0,28,150,0,178,543,400,210,9,1162,10,0,10,1172
08/04/2010,SLC,UT,ANM,WE,Towers with Radar,536,384,56,4,980,0,33,80,1,114,536,417,136,5,1094,0,0,0,1094
08/05/2010,SLC,UT,ANM,WE,Towers with Radar,555,380,60,9,1004,0,28,85,2,115,555,408,145,11,1119,0,0,0,1119
08/06/2010,SLC,UT,ANM,WE,Towers with Radar,554,371,65,4,994,0,33,115,0,148,554,404,180,4,1142,0,0,0,1142
08/07/2010,SLC,UT,ANM,WE,Towers with Radar,492,320,31,1,844,0,18,81,2,101,492,338,112,3,945,0,0,0,945
08/08/2010,SLC,UT,ANM,WE,Towers with Radar,510,348,44,2,904,0,11,58,0,69,510,359,102,2,973,54,0,54,1027
08/09/2010,SLC,UT,ANM,WE,Towers with Radar,534,378,48,4,964,0,23,96,0,119,534,401,144,4,1083,0,0,0,1083
08/10/2010,SLC,UT,ANM,WE,Towers with Radar,539,359,65,8,971,0,25,129,14,168,539,384,194,22,1139,0,0,0,1139
08/11/2010,SLC,UT,ANM,WE,Towers with Radar,543,373,63,4,983,0,28,107,0,135,543,401,170,4,1118,112,0,112,1230
08/12/2010,SLC,UT,ANM,WE,Towers with Radar,547,386,69,8,1010,0,32,171,0,203,547,418,240,8,1213,0,0,0,1213
08/13/2010,SLC,UT,ANM,WE,Towers with Radar,536,393,46,2,977,0,26,133,1,160,536,419,179,3,1137,0,0,0,1137
08/14/2010,SLC,UT,ANM,WE,Towers with Radar,478,318,39,3,838,0,21,138,0,159,478,339,177,3,997,16,0,16,1013
08/15/2010,SLC,UT,ANM,WE,Towers with Radar,497,342,55,1,895,0,10,86,5,101,497,352,141,6,996,26,0,26,1022
08/16/2010,SLC,UT,ANM,WE,Towers with Radar,531,361,62,8,962,0,37,157,1,195,531,398,219,9,1157,0,0,0,1157
08/17/2010,SLC,UT,ANM,WE,Towers with Radar,531,349,59,7,946,0,34,216,0,250,531,383,275,7,1196,0,0,0,1196
08/18/2010,SLC,UT,ANM,WE,Towers with Radar,543,342,49,5,939,0,32,98,0,130,543,374,147,5,1069,0,0,0,1069
08/19/2010,SLC,UT,ANM,WE,Towers with Radar,550,382,59,6,997,0,32,65,0,97,550,414,124,6,1094,86,0,86,1180
08/20/2010,SLC,UT,ANM,WE,Towers with Radar,540,370,49,8,967,0,21,165,0,186,540,391,214,8,1153,50,0,50,1203
08/21/2010,SLC,UT,ANM,WE,Towers with Radar,449,282,35,1,767,0,27,102,1,130,449,309,137,2,897,0,0,0,897
08/22/2010,SLC,UT,ANM,WE,Towers with Radar,498,332,49,2,881,0,4,33,1,38,498,336,82,3,919,0,0,0,919
08/23/2010,SLC,UT,ANM,WE,Towers with Radar,526,348,68,6,948,0,35,162,2,199,526,383,230,8,1147,0,0,0,1147
08/24/2010,SLC,UT,ANM,WE,Towers with Radar,544,350,46,8,948,0,36,143,4,183,544,386,189,12,1131,32,0,32,1163
08/25/2010,SLC,UT,ANM,WE,Towers with Radar,536,349,57,2,944,0,29,139,0,168,536,378,196,2,1112,36,0,36,1148
08/26/2010,SLC,UT,ANM,WE,Towers with Radar,546,350,52,4,952,0,32,155,0,187,546,382,207,4,1139,30,0,30,1169
08/27/2010,SLC,UT,ANM,WE,Towers with Radar,546,354,51,3,954,0,25,92,2,119,546,379,143,5,1073,44,0,44,1117
08/28/2010,SLC,UT,ANM,WE,Towers with Radar,449,266,39,2,756,0,17,24,1,42,449,283,63,3,798,40,0,40,838
08/29/2010,SLC,UT,ANM,WE,Towers with Radar,505,326,40,12,883,0,9,67,1,77,505,335,107,13,960,14,0,14,974
08/30/2010,SLC,UT,ANM,WE,Towers with Radar,532,342,44,3,921,0,22,50,0,72,532,364,94,3,993,0,0,0,993
08/31/2010,SLC,UT,ANM,WE,Towers with Radar,533,361,40,4,938,0,22,198,0,220,533,383,238,4,1158,0,0,0,1158
09/01/2010,SLC,UT,ANM,WE,Towers with Radar,537,339,52,5,933,0,36,198,1,235,537,375,250,6,1168,42,0,42,1210
09/02/2010,SLC,UT,ANM,WE,Towers with Radar,547,346,68,0,961,0,28,205,0,233,547,374,273,0,1194,0,0,0,1194
09/03/2010,SLC,UT,ANM,WE,Towers with Radar,538,336,64,0,938,0,38,195,0,233,538,374,259,0,1171,0,0,0,1171
09/04/2010,SLC,UT,ANM,WE,Towers with Radar,420,244,21,0,685,0,20,170,0,190,420,264,191,0,875,10,0,10,885
09/05/2010,SLC,UT,ANM,WE,Towers with Radar,403,249,25,0,677,0,7,53,1,61,403,256,78,1,738,40,0,40,778
09/06/2010,SLC,UT,ANM,WE,Towers with Radar,505,316,52,0,873,0,14,172,0,186,505,330,224,0,1059,20,0,20,1079
09/07/2010,SLC,UT,ANM,WE,Towers with Radar,539,300,44,6,889,0,33,164,0,197,539,333,208,6,1086,0,0,0,1086
09/08/2010,SLC,UT,ANM,WE,Towers with Radar,551,318,53,4,926,0,25,37,0,62,551,343,90,4,988,0,0,0,988
09/09/2010,SLC,UT,ANM,WE,Towers with Radar,553,333,37,6,929,0,21,41,0,62,553,354,78,6,991,0,0,0,991
09/10/2010,SLC,UT,ANM,WE,Towers with Radar,545,327,41,0,913,0,23,234,0,257,545,350,275,0,1170,0,0,0,1170
09/11/2010,SLC,UT,ANM,WE,Towers with Radar,424,240,33,2,699,0,15,169,0,184,424,255,202,2,883,62,0,62,945
09/12/2010,SLC,UT,ANM,WE,Towers with Radar,503,283,45,0,831,0,7,116,0,123,503,290,161,0,954,22,0,22,976
09/13/2010,SLC,UT,ANM,WE,Towers with Radar,538,310,38,5,891,0,25,187,0,212,538,335,225,5,1103,24,0,24,1127
09/14/2010,SLC,UT,ANM,WE,Towers with Radar,504,286,51,4,845,0,31,108,4,143,504,317,159,8,988,0,0,0,988
09/15/2010,SLC,UT,ANM,WE,Towers with Radar,547,307,49,2,905,0,31,180,2,213,547,338,229,4,1118,22,0,22,1140
09/16/2010,SLC,UT,ANM,WE,Towers with Radar,552,311,60,9,932,0,31,186,3,220,552,342,246,12,1152,0,0,0,1152
09/17/2010,SLC,UT,ANM,WE,Towers with Radar,546,302,58,0,906,0,43,156,5,204,546,345,214,5,1110,0,0,0,1110
09/18/2010,SLC,UT,ANM,WE,Towers with Radar,426,239,30,3,698,0,15,108,3,126,426,254,138,6,824,0,0,0,824
09/19/2010,SLC,UT,ANM,WE,Towers with Radar,507,274,36,3,820,0,9,90,4,103,507,283,126,7,923,3,0,3,926
09/20/2010,SLC,UT,ANM,WE,Towers with Radar,529,299,38,1,867,0,43,159,1,203,529,342,197,2,1070,0,0,0,1070
09/21/2010,SLC,UT,ANM,WE,Towers with Radar,498,290,49,6,843,0,35,197,0,232,498,325,246,6,1075,0,0,0,1075
09/22/2010,SLC,UT,ANM,WE,Towers with Radar,555,317,65,2,939,0,36,92,0,128,555,353,157,2,1067,10,0,10,1077
09/23/2010,SLC,UT,ANM,WE,Towers with Radar,544,311,48,7,910,0,32,197,0,229,544,343,245,7,1139,0,0,0,1139
09/24/2010,SLC,UT,ANM,WE,Towers with Radar,545,299,52,6,902,0,26,186,1,213,545,325,238,7,1115,0,0,0,1115
09/25/2010,SLC,UT,ANM,WE,Towers with Radar,425,234,35,5,699,0,21,198,1,220,425,255,233,6,919,0,0,0,919
09/26/2010,SLC,UT,ANM,WE,Towers with Radar,510,284,31,1,826,0,4,125,0,129,510,288,156,1,955,24,0,24,979
09/27/2010,SLC,UT,ANM,WE,Towers with Radar,535,303,55,1,894,0,28,143,0,171,535,331,198,1,1065,0,0,0,1065
09/28/2010,SLC,UT,ANM,WE,Towers with Radar,504,297,51,8,860,0,42,186,2,230,504,339,237,10,1090,0,0,0,1090
09/29/2010,SLC,UT,ANM,WE,Towers with Radar,545,303,36,2,886,0,30,203,0,233,545,333,239,2,1119,36,0,36,1155
09/30/2010,SLC,UT,ANM,WE,Towers with Radar,538,324,52,6,920,0,36,178,4,218,538,360,230,10,1138,0,0,0,1138
10/01/2010,SLC,UT,ANM,WE,Towers with Radar,550,292,49,4,895,0,34,194,1,229,550,326,243,5,1124,0,0,0,1124
10/02/2010,SLC,UT,ANM,WE,Towers with Radar,421,243,32,3,699,0,24,158,0,182,421,267,190,3,881,0,0,0,881
10/03/2010,SLC,UT,ANM,WE,Towers with Radar,506,264,49,6,825,0,7,75,1,83,506,271,124,7,908,0,0,0,908
10/04/2010,SLC,UT,ANM,WE,Towers with Radar,536,288,48,2,874,0,22,36,0,58,536,310,84,2,932,0,0,0,932
10/05/2010,SLC,UT,ANM,WE,Towers with Radar,499,270,60,3,832,0,20,106,0,126,499,290,166,3,958,0,0,0,958
10/06/2010,SLC,UT,ANM,WE,Towers with Radar,538,301,41,5,885,0,22,64,0,86,538,323,105,5,971,0,0,0,971
10/07/2010,SLC,UT,ANM,WE,Towers with Radar,551,305,48,6,910,0,36,65,1,102,551,341,113,7,1012,0,0,0,1012
10/08/2010,SLC,UT,ANM,WE,Towers with Radar,555,291,49,3,898,0,28,130,0,158,555,319,179,3,1056,0,0,0,1056
10/09/2010,SLC,UT,ANM,WE,Towers with Radar,425,224,20,2,671,1,11,148,0,160,426,235,168,2,831,0,0,0,831
10/10/2010,SLC,UT,ANM,WE,Towers with Radar,511,259,29,0,799,0,8,107,0,115,511,267,136,0,914,0,0,0,914
10/11/2010,SLC,UT,ANM,WE,Towers with Radar,536,281,46,3,866,0,31,100,1,132,536,312,146,4,998,0,0,0,998
10/12/2010,SLC,UT,ANM,WE,Towers with Radar,495,268,47,3,813,0,22,173,0,195,495,290,220,3,1008,0,0,0,1008
10/13/2010,SLC,UT,ANM,WE,Towers with Radar,534,292,43,5,874,0,28,190,0,218,534,320,233,5,1092,0,0,0,1092
10/14/2010,SLC,UT,ANM,WE,Towers with Radar,538,299,43,14,894,0,23,167,0,190,538,322,210,14,1084,0,0,0,1084
10/15/2010,SLC,UT,ANM,WE,Towers with Radar,546,297,39,6,888,0,28,160,0,188,546,325,199,6,1076,0,0,0,1076
10/16/2010,SLC,UT,ANM,WE,Towers with Radar,418,232,27,2,679,0,8,142,1,151,418,240,169,3,830,0,0,0,830
10/17/2010,SLC,UT,ANM,WE,Towers with Radar,500,260,27,3,790,0,5,65,0,70,500,265,92,3,860,0,0,0,860
10/18/2010,SLC,UT,ANM,WE,Towers with Radar,538,289,44,1,872,0,35,134,0,169,538,324,178,1,1041,0,0,0,1041
10/19/2010,SLC,UT,ANM,WE,Towers with Radar,494,276,58,2,830,0,36,159,3,198,494,312,217,5,1028,0,0,0,1028
10/20/2010,SLC,UT,ANM,WE,Towers with Radar,537,282,61,2,882,0,33,152,0,185,537,315,213,2,1067,0,0,0,1067
10/21/2010,SLC,UT,ANM,WE,Towers with Radar,544,294,57,5,900,0,31,157,0,188,544,325,214,5,1088,0,0,0,1088
10/22/2010,SLC,UT,ANM,WE,Towers with Radar,541,295,52,6,894,0,38,163,0,201,541,333,215,6,1095,0,0,0,1095
10/23/2010,SLC,UT,ANM,WE,Towers with Radar,422,229,27,5,683,0,5,48,0,53,422,234,75,5,736,0,0,0,736
10/24/2010,SLC,UT,ANM,WE,Towers with Radar,492,267,53,3,815,0,10,7,2,19,492,277,60,5,834,0,0,0,834
10/25/2010,SLC,UT,ANM,WE,Towers with Radar,531,283,67,3,884,0,24,26,0,50,531,307,93,3,934,0,0,0,934
10/26/2010,SLC,UT,ANM,WE,Towers with Radar,482,293,61,9,845,0,6,82,0,88,482,299,143,9,933,0,0,0,933
10/27/2010,SLC,UT,ANM,WE,Towers with Radar,525,306,69,8,908,0,21,112,0,133,525,327,181,8,1041,0,0,0,1041
10/28/2010,SLC,UT,ANM,WE,Towers with Radar,545,303,66,2,916,0,22,189,1,212,545,325,255,3,1128,0,0,0,1128
10/29/2010,SLC,UT,ANM,WE,Towers with Radar,547,291,50,1,889,0,26,154,0,180,547,317,204,1,1069,0,0,0,1069
10/30/2010,SLC,UT,ANM,WE,Towers with Radar,422,230,14,0,666,0,10,67,0,77,422,240,81,0,743,0,0,0,743
10/31/2010,SLC,UT,ANM,WE,Towers with Radar,481,274,25,0,780,0,12,74,0,86,481,286,99,0,866,0,0,0,866
11/01/2010,SLC,UT,ANM,WE,Towers with Radar,509,291,36,3,839,0,27,109,0,136,509,318,145,3,975,16,0,16,991
11/02/2010,SLC,UT,ANM,WE,Towers with Radar,472,284,35,6,797,0,25,206,0,231,472,309,241,6,1028,2,0,2,1030
11/03/2010,SLC,UT,ANM,WE,Towers with Radar,520,298,37,7,862,0,30,178,2,210,520,328,215,9,1072,16,0,16,1088
11/04/2010,SLC,UT,ANM,WE,Towers with Radar,519,302,50,6,877,0,20,196,0,216,519,322,246,6,1093,0,0,0,1093
11/05/2010,SLC,UT,ANM,WE,Towers with Radar,515,301,49,6,871,0,26,198,0,224,515,327,247,6,1095,0,0,0,1095
11/06/2010,SLC,UT,ANM,WE,Towers with Radar,408,221,44,0,673,0,15,167,1,183,408,236,211,1,856,0,0,0,856
11/07/2010,SLC,UT,ANM,WE,Towers with Radar,477,273,44,3,797,0,7,61,0,68,477,280,105,3,865,4,0,4,869
11/08/2010,SLC,UT,ANM,WE,Towers with Radar,497,326,52,1,876,0,3,1,0,4,497,329,53,1,880,0,0,0,880
11/09/2010,SLC,UT,ANM,WE,Towers with Radar,460,295,56,4,815,0,14,80,0,94,460,309,136,4,909,14,0,14,923
11/10/2010,SLC,UT,ANM,WE,Towers with Radar,507,316,50,2,875,0,13,61,0,74,507,329,111,2,949,6,0,6,955
11/11/2010,SLC,UT,ANM,WE,Towers with Radar,504,314,50,0,868,1,10,169,0,180,505,324,219,0,1048,11,0,11,1059
11/12/2010,SLC,UT,ANM,WE,Towers with Radar,509,308,50,1,868,0,23,198,0,221,509,331,248,1,1089,26,0,26,1115
11/13/2010,SLC,UT,ANM,WE,Towers with Radar,399,229,38,1,667,0,10,111,0,121,399,239,149,1,788,0,0,0,788
11/14/2010,SLC,UT,ANM,WE,Towers with Radar,485,280,39,2,806,0,6,14,0,20,485,286,53,2,826,0,0,0,826
11/15/2010,SLC,UT,ANM,WE,Towers with Radar,509,306,55,2,872,1,17,87,0,105,510,323,142,2,977,0,0,0,977
11/16/2010,SLC,UT,ANM,WE,Towers with Radar,461,287,53,3,804,0,22,28,0,50,461,309,81,3,854,0,0,0,854
11/17/2010,SLC,UT,ANM,WE,Towers with Radar,503,313,59,3,878,0,21,186,1,208,503,334,245,4,1086,0,0,0,1086
11/18/2010,SLC,UT,ANM,WE,Towers with Radar,511,304,72,4,891,0,22,65,1,88,511,326,137,5,979,8,0,8,987
11/19/2010,SLC,UT,ANM,WE,Towers with Radar,517,299,67,1,884,0,16,22,0,38,517,315,89,1,922,0,0,0,922
11/20/2010,SLC,UT,ANM,WE,Towers with Radar,410,222,20,2,654,0,4,0,0,4,410,226,20,2,658,0,0,0,658
11/21/2010,SLC,UT,ANM,WE,Towers with Radar,468,296,27,2,793,0,7,0,0,7,468,303,27,2,800,0,0,0,800
11/22/2010,SLC,UT,ANM,WE,Towers with Radar,488,334,61,6,889,0,21,40,0,61,488,355,101,6,950,10,0,10,960
11/23/2010,SLC,UT,ANM,WE,Towers with Radar,465,268,50,8,791,0,6,6,0,12,465,274,56,8,803,0,0,0,803
11/24/2010,SLC,UT,ANM,WE,Towers with Radar,533,348,72,0,953,0,20,39,0,59,533,368,111,0,1012,6,0,6,1018
11/25/2010,SLC,UT,ANM,WE,Towers with Radar,276,157,8,0,441,0,4,20,0,24,276,161,28,0,465,0,0,0,465
11/26/2010,SLC,UT,ANM,WE,Towers with Radar,348,203,35,0,586,0,24,101,0,125,348,227,136,0,711,0,0,0,711
11/27/2010,SLC,UT,ANM,WE,Towers with Radar,459,301,41,0,801,0,13,86,0,99,459,314,127,0,900,0,0,0,900
11/28/2010,SLC,UT,ANM,WE,Towers with Radar,480,276,63,0,819,0,0,0,0,0,480,276,63,0,819,0,0,0,819
11/29/2010,SLC,UT,ANM,WE,Towers with Radar,511,328,59,5,903,0,21,70,0,91,511,349,129,5,994,30,0,30,1024
11/30/2010,SLC,UT,ANM,WE,Towers with Radar,468,312,44,13,837,0,17,137,2,156,468,329,181,15,993,0,0,0,993
12/01/2010,SLC,UT,ANM,WE,Towers with Radar,505,325,67,5,902,0,20,63,2,85,505,345,130,7,987,0,0,0,987
12/02/2010,SLC,UT,ANM,WE,Towers with Radar,526,303,60,11,900,0,21,109,2,132,526,324,169,13,1032,0,0,0,1032
12/03/2010,SLC,UT,ANM,WE,Towers with Radar,511,303,44,0,858,0,14,60,0,74,511,317,104,0,932,0,0,0,932
12/04/2010,SLC,UT,ANM,WE,Towers with Radar,401,216,48,2,667,0,5,33,0,38,401,221,81,2,705,0,0,0,705
12/05/2010,SLC,UT,ANM,WE,Towers with Radar,421,163,20,1,605,0,0,1,0,1,421,163,21,1,606,0,0,0,606
12/06/2010,SLC,UT,ANM,WE,Towers with Radar,500,304,32,7,843,0,11,36,0,47,500,315,68,7,890,10,0,10,900
12/07/2010,SLC,UT,ANM,WE,Towers with Radar,475,265,53,10,803,0,31,167,0,198,475,296,220,10,1001,18,0,18,1019
12/08/2010,SLC,UT,ANM,WE,Towers with Radar,512,301,64,9,886,0,75,148,3,226,512,376,212,12,1112,28,0,28,1140
12/09/2010,SLC,UT,ANM,WE,Towers with Radar,483,301,48,11,843,0,25,123,0,148,483,326,171,11,991,0,0,0,991
12/10/2010,SLC,UT,ANM,WE,Towers with Radar,499,333,59,7,898,0,38,143,3,184,499,371,202,10,1082,0,0,0,1082
12/11/2010,SLC,UT,ANM,WE,Towers with Radar,484,346,53,2,885,0,34,123,2,159,484,380,176,4,1044,0,0,0,1044
12/12/2010,SLC,UT,ANM,WE,Towers with Radar,394,221,35,2,652,0,3,9,0,12,394,224,44,2,664,6,0,6,670
12/13/2010,SLC,UT,ANM,WE,Towers with Radar,441,287,29,2,759,0,1,0,0,1,441,288,29,2,760,18,0,18,778
12/14/2010,SLC,UT,ANM,WE,Towers with Radar,471,278,54,15,818,0,22,115,3,140,471,300,169,18,958,0,0,0,958
12/15/2010,SLC,UT,ANM,WE,Towers with Radar,507,309,57,8,881,0,27,83,0,110,507,336,140,8,991,0,0,0,991
12/16/2010,SLC,UT,ANM,WE,Towers with Radar,527,309,65,11,912,0,34,139,1,174,527,343,204,12,1086,10,0,10,1096
12/17/2010,SLC,UT,ANM,WE,Towers with Radar,523,352,104,5,984,0,19,116,0,135,523,371,220,5,1119,0,0,0,1119
12/18/2010,SLC,UT,ANM,WE,Towers with Radar,481,300,67,3,851,0,11,33,0,44,481,311,100,3,895,0,0,0,895
12/19/2010,SLC,UT,ANM,WE,Towers with Radar,495,297,65,2,859,0,7,17,0,24,495,304,82,2,883,0,0,0,883
12/20/2010,SLC,UT,ANM,WE,Towers with Radar,505,364,68,11,948,0,6,7,0,13,505,370,75,11,961,0,0,0,961
12/21/2010,SLC,UT,ANM,WE,Towers with Radar,527,380,55,9,971,0,3,7,0,10,527,383,62,9,981,0,0,0,981
12/22/2010,SLC,UT,ANM,WE,Towers with Radar,535,374,80,0,989,0,2,7,0,9,535,376,87,0,998,0,0,0,998
12/23/2010,SLC,UT,ANM,WE,Towers with Radar,531,360,71,0,962,0,2,2,0,4,531,362,73,0,966,0,0,0,966
12/24/2010,SLC,UT,ANM,WE,Towers with Radar,438,282,35,0,755,0,3,13,0,16,438,285,48,0,771,0,0,0,771
12/25/2010,SLC,UT,ANM,WE,Towers with Radar,403,216,13,0,632,0,5,8,0,13,403,221,21,0,645,0,0,0,645
12/26/2010,SLC,UT,ANM,WE,Towers with Radar,476,326,141,0,943,0,5,4,0,9,476,331,145,0,952,0,0,0,952
12/27/2010,SLC,UT,ANM,WE,Towers with Radar,484,333,102,6,925,0,25,121,0,146,484,358,223,6,1071,0,0,0,1071
12/28/2010,SLC,UT,ANM,WE,Towers with Radar,511,373,84,8,976,0,10,120,0,130,511,383,204,8,1106,0,0,0,1106
12/29/2010,SLC,UT,ANM,WE,Towers with Radar,485,325,45,3,858,0,1,0,0,1,485,326,45,3,859,0,0,0,859
12/30/2010,SLC,UT,ANM,WE,Towers with Radar,514,331,69,0,914,0,16,15,0,31,514,347,84,0,945,0,0,0,945
12/31/2010,SLC,UT,ANM,WE,Towers with Radar,421,298,57,0,776,0,1,14,0,15,421,299,71,0,791,0,0,0,791
01/01/2011,SLC,UT,ANM,WE,Towers with Radar,431,289,72,2,794,0,9,55,0,64,431,298,127,2,858,0,0,0,858
01/02/2011,SLC,UT,ANM,WE,Towers with Radar,484,343,162,0,989,0,2,64,0,66,484,345,226,0,1055,0,0,0,1055
01/03/2011,SLC,UT,ANM,WE,Towers with Radar,510,337,84,1,932,0,14,91,0,105,510,351,175,1,1037,0,0,0,1037
01/04/2011,SLC,UT,ANM,WE,Towers with Radar,466,298,52,7,823,0,13,51,1,65,466,311,103,8,888,0,0,0,888
01/05/2011,SLC,UT,ANM,WE,Towers with Radar,485,319,47,4,855,0,14,89,0,103,485,333,136,4,958,0,0,0,958
01/06/2011,SLC,UT,ANM,WE,Towers with Radar,465,308,50,2,825,0,1,3,0,4,465,309,53,2,829,0,0,0,829
01/07/2011,SLC,UT,ANM,WE,Towers with Radar,486,332,49,0,867,0,1,4,0,5,486,333,53,0,872,0,0,0,872
01/08/2011,SLC,UT,ANM,WE,Towers with Radar,403,228,34,0,665,0,0,0,0,0,403,228,34,0,665,0,0,0,665
01/09/2011,SLC,UT,ANM,WE,Towers with Radar,457,273,41,1,772,0,3,48,0,51,457,276,89,1,823,0,0,0,823
01/10/2011,SLC,UT,ANM,WE,Towers with Radar,484,300,51,10,845,0,11,102,0,113,484,311,153,10,958,14,0,14,972
01/11/2011,SLC,UT,ANM,WE,Towers with Radar,440,296,60,13,809,0,18,162,0,180,440,314,222,13,989,0,0,0,989
01/12/2011,SLC,UT,ANM,WE,Towers with Radar,492,305,80,12,889,0,28,134,1,163,492,333,214,13,1052,0,0,0,1052
01/13/2011,SLC,UT,ANM,WE,Towers with Radar,493,338,77,8,916,0,9,96,0,105,493,347,173,8,1021,0,0,0,1021
01/14/2011,SLC,UT,ANM,WE,Towers with Radar,497,361,85,5,948,0,15,58,0,73,497,376,143,5,1021,24,0,24,1045
01/15/2011,SLC,UT,ANM,WE,Towers with Radar,403,227,45,4,679,0,6,74,0,80,403,233,119,4,759,0,0,0,759
01/16/2011,SLC,UT,ANM,WE,Towers with Radar,449,253,36,1,739,0,16,29,0,45,449,269,65,1,784,10,0,10,794
01/17/2011,SLC,UT,ANM,WE,Towers with Radar,475,353,92,1,921,0,17,125,0,142,475,370,217,1,1063,12,0,12,1075
01/18/2011,SLC,UT,ANM,WE,Towers with Radar,456,295,63,8,822,0,19,146,0,165,456,314,209,8,987,0,0,0,987
01/19/2011,SLC,UT,ANM,WE,Towers with Radar,496,309,63,7,875,0,21,54,0,75,496,330,117,7,950,0,0,0,950
01/20/2011,SLC,UT,ANM,WE,Towers with Radar,490,335,93,12,930,0,20,169,0,189,490,355,262,12,1119,0,0,0,1119
01/21/2011,SLC,UT,ANM,WE,Towers with Radar,492,318,86,12,908,0,19,161,0,180,492,337,247,12,1088,0,0,0,1088
01/22/2011,SLC,UT,ANM,WE,Towers with Radar,404,225,43,5,677,0,12,82,0,94,404,237,125,5,771,0,0,0,771
01/23/2011,SLC,UT,ANM,WE,Towers with Radar,470,296,88,4,858,0,4,114,0,118,470,300,202,4,976,0,0,0,976
01/24/2011,SLC,UT,ANM,WE,Towers with Radar,492,315,73,8,888,0,18,135,0,153,492,333,208,8,1041,0,0,0,1041
01/25/2011,SLC,UT,ANM,WE,Towers with Radar,458,306,67,12,843,0,16,20,0,36,458,322,87,12,879,0,0,0,879
01/26/2011,SLC,UT,ANM,WE,Towers with Radar,496,319,100,8,923,0,16,42,0,58,496,335,142,8,981,18,0,18,999
01/27/2011,SLC,UT,ANM,WE,Towers with Radar,485,321,76,8,890,0,8,157,0,165,485,329,233,8,1055,18,0,18,1073
01/28/2011,SLC,UT,ANM,WE,Towers with Radar,494,332,100,1,927,0,0,35,0,35,494,332,135,1,962,0,0,0,962
01/29/2011,SLC,UT,ANM,WE,Towers with Radar,410,221,40,4,675,0,0,16,0,16,410,221,56,4,691,0,0,0,691
01/30/2011,SLC,UT,ANM,WE,Towers with Radar,473,287,82,1,843,0,6,3,0,9,473,293,85,1,852,0,0,0,852
01/31/2011,SLC,UT,ANM,WE,Towers with Radar,482,314,58,4,858,0,16,38,0,54,482,330,96,4,912,0,0,0,912
02/01/2011,SLC,UT,ANM,WE,Towers with Radar,396,292,77,11,776,0,25,110,0,135,396,317,187,11,911,0,0,0,911
02/02/2011,SLC,UT,ANM,WE,Towers with Radar,457,311,87,10,865,1,24,187,0,212,458,335,274,10,1077,0,0,0,1077
02/03/2011,SLC,UT,ANM,WE,Towers with Radar,486,318,81,8,893,0,23,221,0,244,486,341,302,8,1137,0,0,0,1137
02/04/2011,SLC,UT,ANM,WE,Towers with Radar,484,311,83,1,879,0,16,153,0,169,484,327,236,1,1048,0,0,0,1048
02/05/2011,SLC,UT,ANM,WE,Towers with Radar,406,221,32,1,660,0,13,131,0,144,406,234,163,1,804,0,0,0,804
02/06/2011,SLC,UT,ANM,WE,Towers with Radar,467,282,41,4,794,0,6,69,0,75,467,288,110,4,869,0,0,0,869
02/07/2011,SLC,UT,ANM,WE,Towers with Radar,490,317,55,5,867,0,18,40,0,58,490,335,95,5,925,0,0,0,925
02/08/2011,SLC,UT,ANM,WE,Towers with Radar,458,292,54,15,819,0,26,125,0,151,458,318,179,15,970,38,1,39,1009
02/09/2011,SLC,UT,ANM,WE,Towers with Radar,488,313,54,7,862,0,26,148,0,174,488,339,202,7,1036,0,0,0,1036
02/10/2011,SLC,UT,ANM,WE,Towers with Radar,502,314,83,13,912,0,25,164,0,189,502,339,247,13,1101,0,0,0,1101
02/11/2011,SLC,UT,ANM,WE,Towers with Radar,499,309,63,5,876,0,28,197,0,225,499,337,260,5,1101,0,0,0,1101
02/12/2011,SLC,UT,ANM,WE,Towers with Radar,407,221,35,6,669,0,23,174,0,197,407,244,209,6,866,0,0,0,866
02/13/2011,SLC,UT,ANM,WE,Towers with Radar,464,283,47,3,797,0,9,117,0,126,464,292,164,3,923,6,0,6,929
02/14/2011,SLC,UT,ANM,WE,Towers with Radar,477,299,32,7,815,0,15,80,0,95,477,314,112,7,910,0,0,0,910
02/15/2011,SLC,UT,ANM,WE,Towers with Radar,455,281,58,10,804,0,21,124,0,145,455,302,182,10,949,0,0,0,949
02/16/2011,SLC,UT,ANM,WE,Towers with Radar,495,296,69,6,866,1,8,19,0,28,496,304,88,6,894,8,0,8,902
02/17/2011,SLC,UT,ANM,WE,Towers with Radar,521,361,104,22,1008,0,25,120,0,145,521,386,224,22,1153,0,0,0,1153
02/18/2011,SLC,UT,ANM,WE,Towers with Radar,504,389,89,5,987,0,25,91,0,116,504,414,180,5,1103,0,0,0,1103
02/19/2011,SLC,UT,ANM,WE,Towers with Radar,440,277,28,0,745,0,7,38,0,45,440,284,66,0,790,0,0,0,790
02/20/2011,SLC,UT,ANM,WE,Towers with Radar,449,287,42,1,779,0,6,8,0,14,449,293,50,1,793,0,8,8,801
02/21/2011,SLC,UT,ANM,WE,Towers with Radar,490,364,129,4,987,0,21,142,0,163,490,385,271,4,1150,2,0,2,1152
02/22/2011,SLC,UT,ANM,WE,Towers with Radar,510,341,89,10,950,0,16,80,0,96,510,357,169,10,1046,0,0,0,1046
02/23/2011,SLC,UT,ANM,WE,Towers with Radar,503,313,94,8,918,0,21,167,0,188,503,334,261,8,1106,0,0,0,1106
02/24/2011,SLC,UT,ANM,WE,Towers with Radar,503,333,88,12,936,0,25,90,0,115,503,358,178,12,1051,0,0,0,1051
02/25/2011,SLC,UT,ANM,WE,Towers with Radar,497,346,76,4,923,0,18,24,0,42,497,364,100,4,965,0,0,0,965
02/26/2011,SLC,UT,ANM,WE,Towers with Radar,444,269,50,0,763,0,5,20,0,25,444,274,70,0,788,0,0,0,788
02/27/2011,SLC,UT,ANM,WE,Towers with Radar,468,302,85,2,857,0,5,101,0,106,468,307,186,2,963,0,0,0,963
02/28/2011,SLC,UT,ANM,WE,Towers with Radar,490,317,63,4,874,0,27,124,0,151,490,344,187,4,1025,4,0,4,1029
03/01/2011,SLC,UT,ANM,WE,Towers with Radar,513,312,51,13,889,0,44,140,4,188,513,356,191,17,1077,16,0,16,1093
03/02/2011,SLC,UT,ANM,WE,Towers with Radar,508,334,66,12,920,0,21,128,1,150,508,355,194,13,1070,10,0,10,1080
03/03/2011,SLC,UT,ANM,WE,Towers with Radar,506,345,78,8,937,0,16,56,0,72,506,361,134,8,1009,0,0,0,1009
03/04/2011,SLC,UT,ANM,WE,Towers with Radar,499,330,59,3,891,0,24,198,2,224,499,354,257,5,1115,0,0,0,1115
03/05/2011,SLC,UT,ANM,WE,Towers with Radar,449,261,50,6,766,0,11,158,0,169,449,272,208,6,935,0,0,0,935
03/06/2011,SLC,UT,ANM,WE,Towers with Radar,476,303,55,1,835,0,8,30,0,38,476,311,85,1,873,0,0,0,873
03/07/2011,SLC,UT,ANM,WE,Towers with Radar,497,325,57,4,883,0,8,49,0,57,497,333,106,4,940,0,0,0,940
03/08/2011,SLC,UT,ANM,WE,Towers with Radar,513,342,45,7,907,0,32,117,2,151,513,374,162,9,1058,0,0,0,1058
03/09/2011,SLC,UT,ANM,WE,Towers with Radar,502,329,61,11,903,0,16,149,0,165,502,345,210,11,1068,36,0,36,1104
03/10/2011,SLC,UT,ANM,WE,Towers with Radar,505,322,66,5,898,0,18,88,3,109,505,340,154,8,1007,0,0,0,1007
03/11/2011,SLC,UT,ANM,WE,Towers with Radar,506,329,64,8,907,0,20,187,0,207,506,349,251,8,1114,0,0,0,1114
03/12/2011,SLC,UT,ANM,WE,Towers with Radar,448,269,52,10,779,0,15,132,1,148,448,284,184,11,927,0,0,0,927
03/13/2011,SLC,UT,ANM,WE,Towers with Radar,479,300,50,3,832,0,7,130,2,139,479,307,180,5,971,0,0,0,971
03/14/2011,SLC,UT,ANM,WE,Towers with Radar,502,332,61,5,900,2,31,80,2,115,504,363,141,7,1015,8,0,8,1023
03/15/2011,SLC,UT,ANM,WE,Towers with Radar,500,326,58,8,892,0,26,154,0,180,500,352,212,8,1072,4,0,4,1076
03/16/2011,SLC,UT,ANM,WE,Towers with Radar,509,328,73,4,914,0,20,21,6,47,509,348,94,10,961,6,0,6,967
03/17/2011,SLC,UT,ANM,WE,Towers with Radar,512,339,62,6,919,0,25,118,6,149,512,364,180,12,1068,0,0,0,1068
03/18/2011,SLC,UT,ANM,WE,Towers with Radar,501,356,66,2,925,0,20,133,0,153,501,376,199,2,1078,0,0,0,1078
03/19/2011,SLC,UT,ANM,WE,Towers with Radar,454,272,50,1,777,0,15,24,0,39,454,287,74,1,816,0,0,0,816
03/20/2011,SLC,UT,ANM,WE,Towers with Radar,471,318,66,4,859,0,2,49,0,51,471,320,115,4,910,0,0,0,910
03/21/2011,SLC,UT,ANM,WE,Towers with Radar,499,327,67,0,893,0,16,16,0,32,499,343,83,0,925,0,0,0,925
03/22/2011,SLC,UT,ANM,WE,Towers with Radar,502,354,57,10,923,0,16,99,0,115,502,370,156,10,1038,16,0,16,1054
03/23/2011,SLC,UT,ANM,WE,Towers with Radar,503,329,84,5,921,0,29,176,4,209,503,358,260,9,1130,0,0,0,1130
03/24/2011,SLC,UT,ANM,WE,Towers with Radar,503,339,75,11,928,0,14,17,0,31,503,353,92,11,959,0,0,0,959
03/25/2011,SLC,UT,ANM,WE,Towers with Radar,508,333,66,4,911,0,19,28,0,47,508,352,94,4,958,0,0,0,958
03/26/2011,SLC,UT,ANM,WE,Towers with Radar,447,267,60,0,774,0,10,98,0,108,447,277,158,0,882,0,0,0,882
03/27/2011,SLC,UT,ANM,WE,Towers with Radar,478,308,51,0,837,0,5,71,0,76,478,313,122,0,913,0,0,0,913
03/28/2011,SLC,UT,ANM,WE,Towers with Radar,499,319,54,17,889,0,23,24,0,47,499,342,78,17,936,0,0,0,936
03/29/2011,SLC,UT,ANM,WE,Towers with Radar,504,319,51,11,885,0,27,164,0,191,504,346,215,11,1076,0,0,0,1076
03/30/2011,SLC,UT,ANM,WE,Towers with Radar,489,331,69,6,895,0,13,95,1,109,489,344,164,7,1004,28,0,28,1032
03/31/2011,SLC,UT,ANM,WE,Towers with Radar,507,317,71,7,902,0,28,169,1,198,507,345,240,8,1100,0,0,0,1100
04/01/2011,SLC,UT,ANM,WE,Towers with Radar,502,284,81,5,872,6,26,187,1,220,508,310,268,6,1092,0,0,0,1092
04/02/2011,SLC,UT,ANM,WE,Towers with Radar,407,238,34,1,680,0,15,42,0,57,407,253,76,1,737,0,0,0,737
04/03/2011,SLC,UT,ANM,WE,Towers with Radar,461,267,46,3,777,0,8,19,0,27,461,275,65,3,804,0,0,0,804
04/04/2011,SLC,UT,ANM,WE,Towers with Radar,498,304,44,7,853,0,23,120,0,143,498,327,164,7,996,0,0,0,996
04/05/2011,SLC,UT,ANM,WE,Towers with Radar,463,288,50,11,812,0,15,84,0,99,463,303,134,11,911,0,0,0,911
04/06/2011,SLC,UT,ANM,WE,Towers with Radar,500,314,55,10,879,0,15,120,0,135,500,329,175,10,1014,12,0,12,1026
04/07/2011,SLC,UT,ANM,WE,Towers with Radar,486,326,44,12,868,0,3,9,0,12,486,329,53,12,880,0,0,0,880
04/08/2011,SLC,UT,ANM,WE,Towers with Radar,516,319,48,2,885,0,4,5,0,9,516,323,53,2,894,0,0,0,894
04/09/2011,SLC,UT,ANM,WE,Towers with Radar,401,233,18,4,656,0,1,1,0,2,401,234,19,4,658,0,0,0,658
04/10/2011,SLC,UT,ANM,WE,Towers with Radar,463,272,39,5,779,0,8,72,0,80,463,280,111,5,859,0,0,0,859
04/11/2011,SLC,UT,ANM,WE,Towers with Radar,487,312,33,10,842,0,15,159,0,174,487,327,192,10,1016,18,0,18,1034
04/12/2011,SLC,UT,ANM,WE,Towers with Radar,460,283,44,16,803,0,22,78,0,100,460,305,122,16,903,0,0,0,903
04/13/2011,SLC,UT,ANM,WE,Towers with Radar,492,320,61,9,882,0,20,58,0,78,492,340,119,9,960,0,0,0,960
04/14/2011,SLC,UT,ANM,WE,Towers with Radar,497,308,47,12,864,0,26,90,0,116,497,334,137,12,980,0,0,0,980
04/15/2011,SLC,UT,ANM,WE,Towers with Radar,496,308,45,3,852,0,19,193,1,213,496,327,238,4,1065,0,0,0,1065
04/16/2011,SLC,UT,ANM,WE,Towers with Radar,403,231,20,1,655,0,12,162,0,174,403,243,182,1,829,0,0,0,829
04/17/2011,SLC,UT,ANM,WE,Towers with Radar,457,280,34,0,771,0,5,44,0,49,457,285,78,0,820,0,0,0,820
04/18/2011,SLC,UT,ANM,WE,Towers with Radar,476,309,41,7,833,0,6,25,0,31,476,315,66,7,864,0,0,0,864
04/19/2011,SLC,UT,ANM,WE,Towers with Radar,462,276,57,14,809,0,17,185,0,202,462,293,242,14,1011,0,0,0,1011
04/20/2011,SLC,UT,ANM,WE,Towers with Radar,486,312,53,12,863,0,28,130,0,158,486,340,183,12,1021,14,0,14,1035
04/21/2011,SLC,UT,ANM,WE,Towers with Radar,506,299,56,7,868,0,24,51,0,75,506,323,107,7,943,0,0,0,943
04/22/2011,SLC,UT,ANM,WE,Towers with Radar,498,286,46,6,836,0,23,260,0,283,498,309,306,6,1119,0,0,0,1119
04/23/2011,SLC,UT,ANM,WE,Towers with Radar,401,222,21,1,645,0,5,130,0,135,401,227,151,1,780,0,0,0,780
04/24/2011,SLC,UT,ANM,WE,Towers with Radar,450,274,16,4,744,0,5,33,0,38,450,279,49,4,782,8,0,8,790
04/25/2011,SLC,UT,ANM,WE,Towers with Radar,482,320,68,5,875,0,22,49,0,71,482,342,117,5,946,0,0,0,946
04/26/2011,SLC,UT,ANM,WE,Towers with Radar,463,304,49,12,828,0,25,12,0,37,463,329,61,12,865,0,0,0,865
04/27/2011,SLC,UT,ANM,WE,Towers with Radar,494,310,71,6,881,0,32,149,0,181,494,342,220,6,1062,20,0,20,1082
04/28/2011,SLC,UT,ANM,WE,Towers with Radar,496,307,64,15,882,0,26,103,1,130,496,333,167,16,1012,6,0,6,1018
04/29/2011,SLC,UT,ANM,WE,Towers with Radar,499,296,61,2,858,0,17,27,0,44,499,313,88,2,902,0,0,0,902
04/30/2011,SLC,UT,ANM,WE,Towers with Radar,406,218,42,0,666,0,7,85,0,92,406,225,127,0,758,0,0,0,758
05/01/2011,SLC,UT,ANM,WE,Towers with Radar,467,268,42,4,781,0,5,76,0,81,467,273,118,4,862,0,0,0,862
05/02/2011,SLC,UT,ANM,WE,Towers with Radar,500,280,50,8,838,0,23,185,0,208,500,303,235,8,1046,64,0,64,1110
05/03/2011,SLC,UT,ANM,WE,Towers with Radar,461,280,42,10,793,0,25,138,0,163,461,305,180,10,956,0,0,0,956
05/04/2011,SLC,UT,ANM,WE,Towers with Radar,496,302,65,7,870,0,36,204,0,240,496,338,269,7,1110,0,0,0,1110
05/05/2011,SLC,UT,ANM,WE,Towers with Radar,544,317,62,6,929,0,65,175,0,240,544,382,237,6,1169,0,0,0,1169
05/06/2011,SLC,UT,ANM,WE,Towers with Radar,516,311,58,0,885,0,42,150,0,192,516,353,208,0,1077,0,0,0,1077
05/07/2011,SLC,UT,ANM,WE,Towers with Radar,400,215,33,2,650,0,14,187,0,201,400,229,220,2,851,0,0,0,851
05/08/2011,SLC,UT,ANM,WE,Towers with Radar,478,265,27,0,770,0,9,28,1,38,478,274,55,1,808,10,0,10,818
05/09/2011,SLC,UT,ANM,WE,Towers with Radar,495,305,45,2,847,0,2,4,0,6,495,307,49,2,853,0,0,0,853
05/10/2011,SLC,UT,ANM,WE,Towers with Radar,458,281,50,9,798,0,13,45,0,58,458,294,95,9,856,10,0,10,866
05/11/2011,SLC,UT,ANM,WE,Towers with Radar,479,299,59,5,842,0,29,138,3,170,479,328,197,8,1012,0,0,0,1012
05/12/2011,SLC,UT,ANM,WE,Towers with Radar,511,292,72,12,887,0,46,172,0,218,511,338,244,12,1105,26,0,26,1131
05/13/2011,SLC,UT,ANM,WE,Towers with Radar,505,289,53,3,850,0,29,158,2,189,505,318,211,5,1039,0,0,0,1039
05/14/2011,SLC,UT,ANM,WE,Towers with Radar,411,208,22,3,644,0,15,96,1,112,411,223,118,4,756,0,0,0,756
05/15/2011,SLC,UT,ANM,WE,Towers with Radar,464,265,21,0,750,0,6,25,0,31,464,271,46,0,781,0,0,0,781
05/16/2011,SLC,UT,ANM,WE,Towers with Radar,494,294,43,7,838,0,14,177,17,208,494,308,220,24,1046,0,0,0,1046
05/17/2011,SLC,UT,ANM,WE,Towers with Radar,470,291,43,10,814,0,16,65,1,82,470,307,108,11,896,0,0,0,896
05/18/2011,SLC,UT,ANM,WE,Towers with Radar,492,317,51,6,866,0,5,15,1,21,492,322,66,7,887,20,0,20,907
05/19/2011,SLC,UT,ANM,WE,Towers with Radar,505,326,75,8,914,0,9,29,11,49,505,335,104,19,963,30,0,30,993
05/20/2011,SLC,UT,ANM,WE,Towers with Radar,492,302,57,4,855,0,25,124,16,165,492,327,181,20,1020,0,0,0,1020
05/21/2011,SLC,UT,ANM,WE,Towers with Radar,396,217,27,5,645,0,20,223,11,254,396,237,250,16,899,0,0,0,899
05/22/2011,SLC,UT,ANM,WE,Towers with Radar,462,260,34,1,757,0,15,39,0,54,462,275,73,1,811,0,0,0,811
05/23/2011,SLC,UT,ANM,WE,Towers with Radar,482,312,37,4,835,0,14,79,25,118,482,326,116,29,953,236,0,236,1189
05/24/2011,SLC,UT,ANM,WE,Towers with Radar,467,282,55,7,811,0,20,213,9,242,467,302,268,16,1053,0,0,0,1053
05/25/2011,SLC,UT,ANM,WE,Towers with Radar,487,292,64,7,850,0,36,159,9,204,487,328,223,16,1054,102,0,102,1156
05/26/2011,SLC,UT,ANM,WE,Towers with Radar,493,298,54,12,857,0,28,143,9,180,493,326,197,21,1037,120,0,120,1157
05/27/2011,SLC,UT,ANM,WE,Towers with Radar,501,305,59,3,868,0,30,155,13,198,501,335,214,16,1066,0,0,0,1066
05/28/2011,SLC,UT,ANM,WE,Towers with Radar,407,227,24,8,666,0,6,194,14,214,407,233,218,22,880,0,0,0,880
05/29/2011,SLC,UT,ANM,WE,Towers with Radar,381,207,18,2,608,0,6,7,0,13,381,213,25,2,621,10,0,10,631
05/30/2011,SLC,UT,ANM,WE,Towers with Radar,467,270,44,7,788,0,5,55,1,61,467,275,99,8,849,0,0,0,849
05/31/2011,SLC,UT,ANM,WE,Towers with Radar,459,275,38,9,781,0,31,158,0,189,459,306,196,9,970,0,0,0,970
06/01/2011,SLC,UT,ANM,WE,Towers with Radar,505,301,52,13,871,0,27,79,4,110,505,328,131,17,981,170,0,170,1151
06/02/2011,SLC,UT,ANM,WE,Towers with Radar,508,309,47,16,880,0,40,121,5,166,508,349,168,21,1046,86,0,86,1132
06/03/2011,SLC,UT,ANM,WE,Towers with Radar,507,301,53,2,863,2,25,167,14,208,509,326,220,16,1071,126,0,126,1197
06/04/2011,SLC,UT,ANM,WE,Towers with Radar,404,222,33,5,664,0,18,140,32,190,404,240,173,37,854,290,0,290,1144
06/05/2011,SLC,UT,ANM,WE,Towers with Radar,469,265,34,7,775,0,16,87,14,117,469,281,121,21,892,122,0,122,1014
06/06/2011,SLC,UT,ANM,WE,Towers with Radar,484,304,50,11,849,0,21,59,1,81,484,325,109,12,930,60,0,60,990
06/07/2011,SLC,UT,ANM,WE,Towers with Radar,467,289,57,17,830,0,29,267,0,296,467,318,324,17,1126,0,0,0,1126
06/08/2011,SLC,UT,ANM,WE,Towers with Radar,497,305,55,7,864,0,33,120,10,163,497,338,175,17,1027,68,0,68,1095
06/09/2011,SLC,UT,ANM,WE,Towers with Radar,523,294,54,5,876,0,25,118,0,143,523,319,172,5,1019,0,0,0,1019
06/10/2011,SLC,UT,ANM,WE,Towers with Radar,531,297,54,5,887,0,36,136,3,175,531,333,190,8,1062,124,0,124,1186
06/11/2011,SLC,UT,ANM,WE,Towers with Radar,468,256,32,9,765,0,13,145,2,160,468,269,177,11,925,0,0,0,925
06/12/2011,SLC,UT,ANM,WE,Towers with Radar,494,279,39,2,814,0,12,75,2,89,494,291,114,4,903,8,0,8,911
06/13/2011,SLC,UT,ANM,WE,Towers with Radar,528,290,41,6,865,0,24,89,22,135,528,314,130,28,1000,138,0,138,1138
06/14/2011,SLC,UT,ANM,WE,Towers with Radar,532,301,45,10,888,0,35,160,26,221,532,336,205,36,1109,220,0,220,1329
06/15/2011,SLC,UT,ANM,WE,Towers with Radar,535,293,54,8,890,0,32,146,31,209,535,325,200,39,1099,192,0,192,1291
06/16/2011,SLC,UT,ANM,WE,Towers with Radar,537,307,68,10,922,0,30,121,22,173,537,337,189,32,1095,154,0,154,1249
06/17/2011,SLC,UT,ANM,WE,Towers with Radar,529,288,45,9,871,0,35,139,23,197,529,323,184,32,1068,282,0,282,1350
06/18/2011,SLC,UT,ANM,WE,Towers with Radar,471,264,30,3,768,0,14,103,17,134,471,278,133,20,902,160,0,160,1062
06/19/2011,SLC,UT,ANM,WE,Towers with Radar,506,282,40,3,831,0,8,14,0,22,506,290,54,3,853,0,0,0,853
06/20/2011,SLC,UT,ANM,WE,Towers with Radar,525,294,41,10,870,0,24,144,16,184,525,318,185,26,1054,82,0,82,1136
06/21/2011,SLC,UT,ANM,WE,Towers with Radar,523,302,52,16,893,0,32,138,7,177,523,334,190,23,1070,38,0,38,1108
06/22/2011,SLC,UT,ANM,WE,Towers with Radar,523,312,68,7,910,0,33,151,4,188,523,345,219,11,1098,76,0,76,1174
06/23/2011,SLC,UT,ANM,WE,Towers with Radar,543,307,67,10,927,0,27,178,23,228,543,334,245,33,1155,96,0,96,1251
06/24/2011,SLC,UT,ANM,WE,Towers with Radar,527,305,46,5,883,0,39,152,23,214,527,344,198,28,1097,178,0,178,1275
06/25/2011,SLC,UT,ANM,WE,Towers with Radar,479,262,27,1,769,0,21,239,33,293,479,283,266,34,1062,0,0,0,1062
06/26/2011,SLC,UT,ANM,WE,Towers with Radar,498,282,35,7,822,0,2,118,9,129,498,284,153,16,951,128,0,128,1079
06/27/2011,SLC,UT,ANM,WE,Towers with Radar,526,311,55,4,896,0,37,138,29,204,526,348,193,33,1100,0,0,0,1100
06/28/2011,SLC,UT,ANM,WE,Towers with Radar,531,296,67,10,904,0,35,76,6,117,531,331,143,16,1021,184,0,184,1205
06/29/2011,SLC,UT,ANM,WE,Towers with Radar,544,317,62,7,930,0,28,66,6,100,544,345,128,13,1030,0,0,0,1030
06/30/2011,SLC,UT,ANM,WE,Towers with Radar,539,315,60,10,924,0,31,161,21,213,539,346,221,31,1137,148,0,148,1285
07/01/2011,SLC,UT,ANM,WE,Towers with Radar,539,309,51,3,902,0,28,142,26,196,539,337,193,29,1098,228,0,228,1326
07/02/2011,SLC,UT,ANM,WE,Towers with Radar,459,278,24,1,762,0,19,164,12,195,459,297,188,13,957,38,0,38,995
07/03/2011,SLC,UT,ANM,WE,Towers with Radar,418,218,21,1,658,0,11,62,0,73,418,229,83,1,731,0,0,0,731
07/04/2011,SLC,UT,ANM,WE,Towers with Radar,501,283,37,2,823,0,5,75,2,82,501,288,112,4,905,1,0,1,906
07/05/2011,SLC,UT,ANM,WE,Towers with Radar,517,316,64,8,905,0,27,115,36,178,517,343,179,44,1083,153,0,153,1236
07/06/2011,SLC,UT,ANM,WE,Towers with Radar,529,321,45,11,906,0,31,132,30,193,529,352,177,41,1099,122,0,122,1221
07/07/2011,SLC,UT,ANM,WE,Towers with Radar,537,305,45,11,898,1,32,104,38,175,538,337,149,49,1073,114,0,114,1187
07/08/2011,SLC,UT,ANM,WE,Towers with Radar,545,309,43,7,904,0,42,104,31,177,545,351,147,38,1081,138,0,138,1219
07/09/2011,SLC,UT,ANM,WE,Towers with Radar,478,274,25,6,783,0,18,107,29,154,478,292,132,35,937,204,0,204,1141
07/10/2011,SLC,UT,ANM,WE,Towers with Radar,508,282,32,5,827,0,8,50,24,82,508,290,82,29,909,0,0,0,909
07/11/2011,SLC,UT,ANM,WE,Towers with Radar,526,299,63,6,894,0,23,104,28,155,526,322,167,34,1049,0,0,0,1049
07/12/2011,SLC,UT,ANM,WE,Towers with Radar,544,316,43,12,915,0,31,131,21,183,544,347,174,33,1098,0,0,0,1098
07/13/2011,SLC,UT,ANM,WE,Towers with Radar,534,320,44,6,904,0,45,127,13,185,534,365,171,19,1089,184,0,184,1273
07/14/2011,SLC,UT,ANM,WE,Towers with Radar,542,307,71,9,929,0,42,129,15,186,542,349,200,24,1115,98,0,98,1213
07/15/2011,SLC,UT,ANM,WE,Towers with Radar,532,307,42,8,889,0,34,274,18,326,532,341,316,26,1215,42,0,42,1257
07/16/2011,SLC,UT,ANM,WE,Towers with Radar,465,278,39,3,785,0,22,102,23,147,465,300,141,26,932,0,0,0,932
07/17/2011,SLC,UT,ANM,WE,Towers with Radar,515,304,49,9,877,0,10,97,1,108,515,314,146,10,985,30,0,30,1015
07/18/2011,SLC,UT,ANM,WE,Towers with Radar,526,306,47,7,886,0,21,108,14,143,526,327,155,21,1029,76,0,76,1105
07/19/2011,SLC,UT,ANM,WE,Towers with Radar,538,311,51,10,910,0,31,94,13,138,538,342,145,23,1048,0,0,0,1048
07/20/2011,SLC,UT,ANM,WE,Towers with Radar,535,312,53,8,908,0,31,154,34,219,535,343,207,42,1127,95,0,95,1222
07/21/2011,SLC,UT,ANM,WE,Towers with Radar,545,317,61,10,933,0,34,148,41,223,545,351,209,51,1156,122,0,122,1278
07/22/2011,SLC,UT,ANM,WE,Towers with Radar,538,299,42,6,885,0,45,138,19,202,538,344,180,25,1087,0,0,0,1087
07/23/2011,SLC,UT,ANM,WE,Towers with Radar,473,271,43,7,794,0,18,123,35,176,473,289,166,42,970,238,0,238,1208
07/24/2011,SLC,UT,ANM,WE,Towers with Radar,497,287,41,2,827,0,8,240,25,273,497,295,281,27,1100,0,0,0,1100
07/25/2011,SLC,UT,ANM,WE,Towers with Radar,525,303,47,7,882,0,31,360,22,413,525,334,407,29,1295,0,0,0,1295
07/26/2011,SLC,UT,ANM,WE,Towers with Radar,530,308,53,16,907,0,27,106,45,178,530,335,159,61,1085,0,0,0,1085
07/27/2011,SLC,UT,ANM,WE,Towers with Radar,533,307,52,6,898,0,33,115,36,184,533,340,167,42,1082,113,0,113,1195
07/28/2011,SLC,UT,ANM,WE,Towers with Radar,536,305,47,15,903,0,31,321,21,373,536,336,368,36,1276,0,0,0,1276
07/29/2011,SLC,UT,ANM,WE,Towers with Radar,544,297,51,1,893,0,36,156,15,207,544,333,207,16,1100,0,0,0,1100
07/30/2011,SLC,UT,ANM,WE,Towers with Radar,473,276,36,2,787,0,13,105,19,137,473,289,141,21,924,71,0,71,995
07/31/2011,SLC,UT,ANM,WE,Towers with Radar,509,290,40,2,841,0,2,58,0,60,509,292,98,2,901,10,0,10,911
08/01/2011,SLC,UT,ANM,WE,Towers with Radar,532,308,41,7,888,0,25,92,0,117,532,333,133,7,1005,0,0,0,1005
08/02/2011,SLC,UT,ANM,WE,Towers with Radar,554,298,42,11,905,0,47,109,23,179,554,345,151,34,1084,128,0,128,1212
08/03/2011,SLC,UT,ANM,WE,Towers with Radar,529,300,46,9,884,0,24,160,19,203,529,324,206,28,1087,78,0,78,1165
08/04/2011,SLC,UT,ANM,WE,Towers with Radar,543,316,72,12,943,0,29,122,22,173,543,345,194,34,1116,0,0,0,1116
08/05/2011,SLC,UT,ANM,WE,Towers with Radar,537,299,62,1,899,30,29,162,22,243,567,328,224,23,1142,0,0,0,1142
08/06/2011,SLC,UT,ANM,WE,Towers with Radar,470,277,32,2,781,0,22,134,20,176,470,299,166,22,957,142,0,142,1099
08/07/2011,SLC,UT,ANM,WE,Towers with Radar,507,279,46,7,839,0,4,92,15,111,507,283,138,22,950,120,0,120,1070
08/08/2011,SLC,UT,ANM,WE,Towers with Radar,531,306,46,6,889,0,25,135,17,177,531,331,181,23,1066,136,0,136,1202
08/09/2011,SLC,UT,ANM,WE,Towers with Radar,549,293,61,9,912,0,35,161,22,218,549,328,222,31,1130,0,0,0,1130
08/10/2011,SLC,UT,ANM,WE,Towers with Radar,534,292,62,6,894,0,34,147,26,207,534,326,209,32,1101,113,0,113,1214
08/11/2011,SLC,UT,ANM,WE,Towers with Radar,547,297,52,8,904,0,33,132,26,191,547,330,184,34,1095,144,0,144,1239
08/12/2011,SLC,UT,ANM,WE,Towers with Radar,539,292,59,5,895,0,42,121,25,188,539,334,180,30,1083,131,0,131,1214
08/13/2011,SLC,UT,ANM,WE,Towers with Radar,473,266,38,5,782,0,14,114,26,154,473,280,152,31,936,145,0,145,1081
08/14/2011,SLC,UT,ANM,WE,Towers with Radar,494,284,37,4,819,0,8,59,0,67,494,292,96,4,886,0,0,0,886
08/15/2011,SLC,UT,ANM,WE,Towers with Radar,541,303,38,6,888,0,21,96,16,133,541,324,134,22,1021,119,0,119,1140
08/16/2011,SLC,UT,ANM,WE,Towers with Radar,503,281,37,10,831,0,29,126,57,212,503,310,163,67,1043,0,0,0,1043
08/17/2011,SLC,UT,ANM,WE,Towers with Radar,528,291,63,3,885,0,26,139,91,256,528,317,202,94,1141,158,0,158,1299
08/18/2011,SLC,UT,ANM,WE,Towers with Radar,528,285,60,10,883,0,38,126,78,242,528,323,186,88,1125,176,0,176,1301
08/19/2011,SLC,UT,ANM,WE,Towers with Radar,518,282,51,6,857,138,27,119,50,334,656,309,170,56,1191,0,0,0,1191
08/20/2011,SLC,UT,ANM,WE,Towers with Radar,437,240,33,1,711,0,16,89,50,155,437,256,122,51,866,71,0,71,937
08/21/2011,SLC,UT,ANM,WE,Towers with Radar,495,265,47,4,811,0,5,77,28,110,495,270,124,32,921,88,0,88,1009
08/22/2011,SLC,UT,ANM,WE,Towers with Radar,537,271,37,10,855,0,26,107,18,151,537,297,144,28,1006,0,0,0,1006
08/23/2011,SLC,UT,ANM,WE,Towers with Radar,494,276,48,13,831,0,29,259,25,313,494,305,307,38,1144,0,0,0,1144
08/24/2011,SLC,UT,ANM,WE,Towers with Radar,528,280,49,6,863,0,21,107,25,153,528,301,156,31,1016,172,0,172,1188
08/25/2011,SLC,UT,ANM,WE,Towers with Radar,539,290,57,18,904,0,24,102,29,155,539,314,159,47,1059,0,0,0,1059
08/26/2011,SLC,UT,ANM,WE,Towers with Radar,522,292,70,2,886,0,30,129,20,179,522,322,199,22,1065,133,0,133,1198
08/27/2011,SLC,UT,ANM,WE,Towers with Radar,429,234,27,4,694,0,15,222,25,262,429,249,249,29,956,54,0,54,1010
08/28/2011,SLC,UT,ANM,WE,Towers with Radar,472,254,34,3,763,0,6,92,21,119,472,260,126,24,882,123,0,123,1005
08/29/2011,SLC,UT,ANM,WE,Towers with Radar,503,288,34,9,834,0,23,116,26,165,503,311,150,35,999,82,0,82,1081
08/30/2011,SLC,UT,ANM,WE,Towers with Radar,491,261,55,14,821,2,38,131,19,190,493,299,186,33,1011,136,0,136,1147
08/31/2011,SLC,UT,ANM,WE,Towers with Radar,531,273,57,10,871,0,30,71,11,112,531,303,128,21,983,102,0,102,1085
09/01/2011,SLC,UT,ANM,WE,Towers with Radar,529,271,66,12,878,0,30,105,32,167,529,301,171,44,1045,170,0,170,1215
09/02/2011,SLC,UT,ANM,WE,Towers with Radar,524,280,66,4,874,0,29,144,20,193,524,309,210,24,1067,76,0,76,1143
09/03/2011,SLC,UT,ANM,WE,Towers with Radar,417,207,27,1,652,0,21,147,32,200,417,228,174,33,852,130,0,130,982
09/04/2011,SLC,UT,ANM,WE,Towers with Radar,391,189,25,1,606,0,12,80,13,105,391,201,105,14,711,0,0,0,711
09/05/2011,SLC,UT,ANM,WE,Towers with Radar,491,258,38,2,789,0,5,89,8,102,491,263,127,10,891,0,0,0,891
09/06/2011,SLC,UT,ANM,WE,Towers with Radar,484,257,31,6,778,0,24,96,18,138,484,281,127,24,916,100,0,100,1016
09/07/2011,SLC,UT,ANM,WE,Towers with Radar,469,265,43,7,784,20,42,154,2,218,489,307,197,9,1002,0,0,0,1002
09/08/2011,SLC,UT,ANM,WE,Towers with Radar,516,252,56,9,833,1,29,173,5,208,517,281,229,14,1041,0,0,0,1041
09/09/2011,SLC,UT,ANM,WE,Towers with Radar,514,255,46,3,818,0,35,112,17,164,514,290,158,20,982,0,0,0,982
09/10/2011,SLC,UT,ANM,WE,Towers with Radar,415,212,31,3,661,0,21,103,26,150,415,233,134,29,811,76,0,76,887
09/11/2011,SLC,UT,ANM,WE,Towers with Radar,475,222,35,4,736,0,6,59,0,65,475,228,94,4,801,180,0,180,981
09/12/2011,SLC,UT,ANM,WE,Towers with Radar,508,253,35,7,803,0,26,91,19,136,508,279,126,26,939,0,0,0,939
09/13/2011,SLC,UT,ANM,WE,Towers with Radar,469,228,38,10,745,0,34,135,28,197,469,262,173,38,942,146,0,146,1088
09/14/2011,SLC,UT,ANM,WE,Towers with Radar,466,239,38,16,759,49,25,136,8,218,515,264,174,24,977,0,0,0,977
09/15/2011,SLC,UT,ANM,WE,Towers with Radar,514,259,52,11,836,0,31,170,23,224,514,290,222,34,1060,50,0,50,1110
09/16/2011,SLC,UT,ANM,WE,Towers with Radar,512,269,51,3,835,0,25,69,7,101,512,294,120,10,936,54,0,54,990
09/17/2011,SLC,UT,ANM,WE,Towers with Radar,417,205,27,9,658,0,21,118,18,157,417,226,145,27,815,0,0,0,815
09/18/2011,SLC,UT,ANM,WE,Towers with Radar,476,227,39,3,745,0,3,116,0,119,476,230,155,3,864,46,0,46,910
09/19/2011,SLC,UT,ANM,WE,Towers with Radar,498,254,44,8,804,0,25,167,8,200,498,279,211,16,1004,64,0,64,1068
09/20/2011,SLC,UT,ANM,WE,Towers with Radar,460,243,39,10,752,0,27,152,5,184,460,270,191,15,936,76,0,76,1012
09/21/2011,SLC,UT,ANM,WE,Towers with Radar,468,242,65,7,782,0,36,150,25,211,468,278,215,32,993,228,0,228,1221
09/22/2011,SLC,UT,ANM,WE,Towers with Radar,512,263,64,10,849,0,21,147,5,173,512,284,211,15,1022,116,0,116,1138
09/23/2011,SLC,UT,ANM,WE,Towers with Radar,509,272,55,4,840,0,34,157,1,192,509,306,212,5,1032,28,0,28,1060
09/24/2011,SLC,UT,ANM,WE,Towers with Radar,414,205,24,2,645,0,20,122,2,144,414,225,146,4,789,0,0,0,789
09/25/2011,SLC,UT,ANM,WE,Towers with Radar,468,232,37,1,738,0,9,89,0,98,468,241,126,1,836,0,0,0,836
09/26/2011,SLC,UT,ANM,WE,Towers with Radar,509,260,43,8,820,0,23,96,0,119,509,283,139,8,939,58,0,58,997
09/27/2011,SLC,UT,ANM,WE,Towers with Radar,473,245,40,5,763,0,26,143,1,170,473,271,183,6,933,54,0,54,987
09/28/2011,SLC,UT,ANM,WE,Towers with Radar,468,246,53,4,771,0,39,131,7,177,468,285,184,11,948,52,0,52,1000
09/29/2011,SLC,UT,ANM,WE,Towers with Radar,507,264,69,5,845,0,31,158,4,193,507,295,227,9,1038,110,0,110,1148
09/30/2011,SLC,UT,ANM,WE,Towers with Radar,516,269,52,5,842,0,38,167,10,215,516,307,219,15,1057,74,0,74,1131
10/01/2011,SLC,UT,ANM,WE,Towers with Radar,414,187,28,11,640,0,22,82,0,104,414,209,110,11,744,0,0,0,744
10/02/2011,SLC,UT,ANM,WE,Towers with Radar,474,221,45,0,740,0,4,78,5,87,474,225,123,5,827,0,0,0,827
10/03/2011,SLC,UT,ANM,WE,Towers with Radar,488,272,43,9,812,0,22,76,2,100,488,294,119,11,912,0,0,0,912
10/04/2011,SLC,UT,ANM,WE,Towers with Radar,460,239,33,11,743,0,21,79,7,107,460,260,112,18,850,10,0,10,860
10/05/2011,SLC,UT,ANM,WE,Towers with Radar,471,250,48,7,776,0,11,38,2,51,471,261,86,9,827,76,0,76,903
10/06/2011,SLC,UT,ANM,WE,Towers with Radar,492,283,41,11,827,0,5,8,0,13,492,288,49,11,840,32,0,32,872
10/07/2011,SLC,UT,ANM,WE,Towers with Radar,500,278,43,8,829,0,7,80,0,87,500,285,123,8,916,0,0,0,916
10/08/2011,SLC,UT,ANM,WE,Towers with Radar,405,196,32,2,635,0,16,75,0,91,405,212,107,2,726,44,0,44,770
10/09/2011,SLC,UT,ANM,WE,Towers with Radar,465,232,36,1,734,0,5,109,0,114,465,237,145,1,848,0,0,0,848
10/10/2011,SLC,UT,ANM,WE,Towers with Radar,484,278,37,2,801,0,8,99,14,121,484,286,136,16,922,0,0,0,922
10/11/2011,SLC,UT,ANM,WE,Towers with Radar,464,246,40,13,763,0,24,130,3,157,464,270,170,16,920,52,0,52,972
10/12/2011,SLC,UT,ANM,WE,Towers with Radar,467,251,56,17,791,0,26,175,4,205,467,277,231,21,996,150,1,151,1147
10/13/2011,SLC,UT,ANM,WE,Towers with Radar,495,265,63,16,839,0,31,289,8,328,495,296,352,24,1167,0,0,0,1167
10/14/2011,SLC,UT,ANM,WE,Towers with Radar,488,260,48,6,802,0,25,176,12,213,488,285,224,18,1015,80,0,80,1095
10/15/2011,SLC,UT,ANM,WE,Towers with Radar,405,196,33,1,635,0,20,120,10,150,405,216,153,11,785,0,0,0,785
10/16/2011,SLC,UT,ANM,WE,Towers with Radar,470,235,31,2,738,0,4,76,4,84,470,239,107,6,822,84,0,84,906
10/17/2011,SLC,UT,ANM,WE,Towers with Radar,483,265,34,5,787,0,20,134,2,156,483,285,168,7,943,0,0,0,943
10/18/2011,SLC,UT,ANM,WE,Towers with Radar,467,235,59,11,772,0,35,160,6,201,467,270,219,17,973,122,0,122,1095
10/19/2011,SLC,UT,ANM,WE,Towers with Radar,465,244,48,2,759,0,30,140,7,177,465,274,188,9,936,262,0,262,1198
10/20/2011,SLC,UT,ANM,WE,Towers with Radar,492,270,57,3,822,0,25,162,2,189,492,295,219,5,1011,89,0,89,1100
10/21/2011,SLC,UT,ANM,WE,Towers with Radar,489,262,66,2,819,0,29,130,1,160,489,291,196,3,979,4,0,4,983
10/22/2011,SLC,UT,ANM,WE,Towers with Radar,398,197,29,0,624,0,25,130,0,155,398,222,159,0,779,0,0,0,779
10/23/2011,SLC,UT,ANM,WE,Towers with Radar,468,240,42,1,751,4,10,110,1,125,472,250,152,2,876,0,0,0,876
10/24/2011,SLC,UT,ANM,WE,Towers with Radar,493,261,53,7,814,0,22,99,1,122,493,283,152,8,936,0,0,0,936
10/25/2011,SLC,UT,ANM,WE,Towers with Radar,461,231,41,12,745,0,20,99,0,119,461,251,140,12,864,0,0,0,864
10/26/2011,SLC,UT,ANM,WE,Towers with Radar,467,248,76,6,797,0,24,116,2,142,467,272,192,8,939,12,0,12,951
10/27/2011,SLC,UT,ANM,WE,Towers with Radar,499,256,47,7,809,0,26,152,1,179,499,282,199,8,988,40,0,40,1028
10/28/2011,SLC,UT,ANM,WE,Towers with Radar,499,254,67,5,825,0,26,134,0,160,499,280,201,5,985,2,0,2,987
10/29/2011,SLC,UT,ANM,WE,Towers with Radar,391,196,27,1,615,30,21,118,1,170,421,217,145,2,785,0,0,0,785
10/30/2011,SLC,UT,ANM,WE,Towers with Radar,480,218,36,0,734,0,11,105,0,116,480,229,141,0,850,22,0,22,872
10/31/2011,SLC,UT,ANM,WE,Towers with Radar,468,244,40,5,757,0,19,127,0,146,468,263,167,5,903,0,0,0,903
11/01/2011,SLC,UT,ANM,WE,Towers with Radar,458,232,52,5,747,0,17,22,0,39,458,249,74,5,786,4,0,4,790
11/02/2011,SLC,UT,ANM,WE,Towers with Radar,470,234,34,6,744,0,28,173,0,201,470,262,207,6,945,14,0,14,959
11/03/2011,SLC,UT,ANM,WE,Towers with Radar,492,253,32,10,787,0,21,105,0,126,492,274,137,10,913,12,0,12,925
11/04/2011,SLC,UT,ANM,WE,Towers with Radar,487,259,50,0,796,0,22,47,0,69,487,281,97,0,865,0,0,0,865
11/05/2011,SLC,UT,ANM,WE,Towers with Radar,395,220,22,1,638,2,14,36,0,52,397,234,58,1,690,0,0,0,690
11/06/2011,SLC,UT,ANM,WE,Towers with Radar,484,207,36,0,727,0,8,41,0,49,484,215,77,0,776,2,0,2,778
11/07/2011,SLC,UT,ANM,WE,Towers with Radar,496,231,56,6,789,5,18,63,0,86,501,249,119,6,875,0,0,0,875
11/08/2011,SLC,UT,ANM,WE,Towers with Radar,446,224,49,12,731,0,20,135,0,155,446,244,184,12,886,0,0,0,886
11/09/2011,SLC,UT,ANM,WE,Towers with Radar,463,231,55,6,755,0,28,130,0,158,463,259,185,6,913,0,0,0,913
11/10/2011,SLC,UT,ANM,WE,Towers with Radar,502,250,50,5,807,0,31,142,1,174,502,281,192,6,981,8,0,8,989
11/11/2011,SLC,UT,ANM,WE,Towers with Radar,501,240,33,11,785,0,25,131,0,156,501,265,164,11,941,0,0,0,941
11/12/2011,SLC,UT,ANM,WE,Towers with Radar,362,173,25,0,560,0,5,11,0,16,362,178,36,0,576,0,0,0,576
11/13/2011,SLC,UT,ANM,WE,Towers with Radar,471,202,32,1,706,0,4,39,0,43,471,206,71,1,749,0,0,0,749
11/14/2011,SLC,UT,ANM,WE,Towers with Radar,507,251,39,12,809,0,26,111,4,141,507,277,150,16,950,22,0,22,972
11/15/2011,SLC,UT,ANM,WE,Towers with Radar,459,225,49,5,738,0,12,107,1,120,459,237,156,6,858,0,0,0,858
11/16/2011,SLC,UT,ANM,WE,Towers with Radar,467,227,58,11,763,0,25,151,0,176,467,252,209,11,939,12,0,12,951
11/17/2011,SLC,UT,ANM,WE,Towers with Radar,505,244,57,7,813,0,18,112,1,131,505,262,169,8,944,12,0,12,956
11/18/2011,SLC,UT,ANM,WE,Towers with Radar,503,253,50,2,808,0,21,55,0,76,503,274,105,2,884,0,0,0,884
11/19/2011,SLC,UT,ANM,WE,Towers with Radar,373,172,23,0,568,0,22,73,0,95,373,194,96,0,663,0,0,0,663
11/20/2011,SLC,UT,ANM,WE,Towers with Radar,422,197,25,0,644,0,6,46,0,52,422,203,71,0,696,0,0,0,696
11/21/2011,SLC,UT,ANM,WE,Towers with Radar,450,238,42,7,737,0,19,32,0,51,450,257,74,7,788,10,0,10,798
11/22/2011,SLC,UT,ANM,WE,Towers with Radar,473,225,56,9,763,0,29,142,0,171,473,254,198,9,934,4,0,4,938
11/23/2011,SLC,UT,ANM,WE,Towers with Radar,514,256,52,5,827,1,36,147,1,185,515,292,199,6,1012,0,0,0,1012
11/24/2011,SLC,UT,ANM,WE,Towers with Radar,267,123,12,0,402,0,5,22,0,27,267,128,34,0,429,0,0,0,429
11/25/2011,SLC,UT,ANM,WE,Towers with Radar,349,178,13,0,540,0,17,61,0,78,349,195,74,0,618,0,0,0,618
11/26/2011,SLC,UT,ANM,WE,Towers with Radar,441,219,24,0,684,0,18,118,0,136,441,237,142,0,820,0,0,0,820
11/27/2011,SLC,UT,ANM,WE,Towers with Radar,508,210,59,1,778,0,8,82,0,90,508,218,141,1,868,0,0,0,868
11/28/2011,SLC,UT,ANM,WE,Towers with Radar,503,244,58,5,810,0,29,111,0,140,503,273,169,5,950,0,0,0,950
11/29/2011,SLC,UT,ANM,WE,Towers with Radar,481,229,34,9,753,0,37,178,0,215,481,266,212,9,968,0,0,0,968
11/30/2011,SLC,UT,ANM,WE,Towers with Radar,495,238,40,6,779,0,26,54,0,80,495,264,94,6,859,0,0,0,859
12/01/2011,SLC,UT,ANM,WE,Towers with Radar,494,244,41,3,782,0,19,6,0,25,494,263,47,3,807,0,0,0,807
12/02/2011,SLC,UT,ANM,WE,Towers with Radar,488,248,57,10,803,0,13,116,0,129,488,261,173,10,932,0,0,0,932
12/03/2011,SLC,UT,ANM,WE,Towers with Radar,354,154,35,4,547,0,15,108,0,123,354,169,143,4,670,0,0,0,670
12/04/2011,SLC,UT,ANM,WE,Towers with Radar,439,195,39,5,678,0,3,31,1,35,439,198,70,6,713,24,0,24,737
12/05/2011,SLC,UT,ANM,WE,Towers with Radar,476,237,37,4,754,0,19,118,1,138,476,256,155,5,892,0,0,0,892
12/06/2011,SLC,UT,ANM,WE,Towers with Radar,442,220,32,8,702,0,25,141,0,166,442,245,173,8,868,0,0,0,868
12/07/2011,SLC,UT,ANM,WE,Towers with Radar,453,226,42,2,723,0,24,135,0,159,453,250,177,2,882,12,0,12,894
12/08/2011,SLC,UT,ANM,WE,Towers with Radar,488,239,49,7,783,0,22,108,1,131,488,261,157,8,914,6,0,6,920
12/09/2011,SLC,UT,ANM,WE,Towers with Radar,490,241,49,4,784,1,22,147,0,170,491,263,196,4,954,4,0,4,958
12/10/2011,SLC,UT,ANM,WE,Towers with Radar,344,176,32,1,553,0,11,147,0,158,344,187,179,1,711,0,0,0,711
12/11/2011,SLC,UT,ANM,WE,Towers with Radar,430,202,28,0,660,0,2,72,0,74,430,204,100,0,734,0,0,0,734
12/12/2011,SLC,UT,ANM,WE,Towers with Radar,461,246,36,6,749,0,13,73,0,86,461,259,109,6,835,7,0,7,842
12/13/2011,SLC,UT,ANM,WE,Towers with Radar,449,245,67,10,771,0,2,4,0,6,449,247,71,10,777,0,0,0,777
12/14/2011,SLC,UT,ANM,WE,Towers with Radar,455,247,75,3,780,0,10,4,0,14,455,257,79,3,794,0,0,0,794
12/15/2011,SLC,UT,ANM,WE,Towers with Radar,500,266,69,5,840,1,2,11,0,14,501,268,80,5,854,22,0,22,876
12/16/2011,SLC,UT,ANM,WE,Towers with Radar,495,285,102,3,885,0,12,41,0,53,495,297,143,3,938,0,0,0,938
12/17/2011,SLC,UT,ANM,WE,Towers with Radar,434,221,56,1,712,0,2,41,0,43,434,223,97,1,755,14,0,14,769
12/18/2011,SLC,UT,ANM,WE,Towers with Radar,475,223,64,2,764,0,0,15,0,15,475,223,79,2,779,0,0,0,779
12/19/2011,SLC,UT,ANM,WE,Towers with Radar,508,283,63,7,861,0,4,28,0,32,508,287,91,7,893,0,0,0,893
12/20/2011,SLC,UT,ANM,WE,Towers with Radar,539,288,70,5,902,0,5,42,0,47,539,293,112,5,949,0,0,0,949
12/21/2011,SLC,UT,ANM,WE,Towers with Radar,544,299,67,5,915,20,15,50,0,85,564,314,117,5,1000,0,0,0,1000
12/22/2011,SLC,UT,ANM,WE,Towers with Radar,538,280,85,8,911,0,24,96,0,120,538,304,181,8,1031,0,0,0,1031
12/23/2011,SLC,UT,ANM,WE,Towers with Radar,541,281,57,1,880,0,28,111,0,139,541,309,168,1,1019,0,0,0,1019
12/24/2011,SLC,UT,ANM,WE,Towers with Radar,383,182,20,0,585,0,14,73,0,87,383,196,93,0,672,0,0,0,672
12/25/2011,SLC,UT,ANM,WE,Towers with Radar,373,171,20,0,564,0,0,18,0,18,373,171,38,0,582,0,0,0,582
12/26/2011,SLC,UT,ANM,WE,Towers with Radar,503,269,96,0,868,0,8,71,0,79,503,277,167,0,947,0,0,0,947
12/27/2011,SLC,UT,ANM,WE,Towers with Radar,512,267,83,4,866,0,14,102,0,116,512,281,185,4,982,0,0,0,982
12/28/2011,SLC,UT,ANM,WE,Towers with Radar,532,277,66,9,884,0,13,49,1,63,532,290,115,10,947,0,0,0,947
12/29/2011,SLC,UT,ANM,WE,Towers with Radar,519,284,44,9,856,0,30,74,0,104,519,314,118,9,960,0,0,0,960
12/30/2011,SLC,UT,ANM,WE,Towers with Radar,512,291,72,4,879,0,21,66,0,87,512,312,138,4,966,0,0,0,966
12/31/2011,SLC,UT,ANM,WE,Towers with Radar,380,191,51,0,622,0,11,81,0,92,380,202,132,0,714,0,0,0,714
01/01/2012,SLC,UT,ANM,WE,Towers with Radar,436,235,75,0,746,0,4,41,0,45,436,239,116,0,791,0,0,0,791
01/02/2012,SLC,UT,ANM,WE,Towers with Radar,503,256,104,0,863,0,3,120,0,123,503,259,224,0,986,0,0,0,986
01/03/2012,SLC,UT,ANM,WE,Towers with Radar,525,247,72,10,854,0,19,89,0,108,525,266,161,10,962,0,0,0,962
01/04/2012,SLC,UT,ANM,WE,Towers with Radar,484,236,44,7,771,0,17,108,0,125,484,253,152,7,896,12,0,12,908
01/05/2012,SLC,UT,ANM,WE,Towers with Radar,495,248,43,7,793,0,31,102,1,134,495,279,145,8,927,24,0,24,951
01/06/2012,SLC,UT,ANM,WE,Towers with Radar,490,234,58,3,785,0,23,99,0,122,490,257,157,3,907,6,0,6,913
01/07/2012,SLC,UT,ANM,WE,Towers with Radar,379,186,42,4,611,0,4,22,0,26,379,190,64,4,637,0,0,0,637
01/08/2012,SLC,UT,ANM,WE,Towers with Radar,460,204,36,4,704,0,6,64,1,71,460,210,100,5,775,12,0,12,787
01/09/2012,SLC,UT,ANM,WE,Towers with Radar,481,231,30,2,744,0,20,93,0,113,481,251,123,2,857,0,0,0,857
01/10/2012,SLC,UT,ANM,WE,Towers with Radar,458,228,41,13,740,0,22,99,0,121,458,250,140,13,861,0,0,0,861
01/11/2012,SLC,UT,ANM,WE,Towers with Radar,469,223,50,8,750,0,23,109,0,132,469,246,159,8,882,12,0,12,894
01/12/2012,SLC,UT,ANM,WE,Towers with Radar,486,249,66,9,810,0,23,111,4,138,486,272,177,13,948,24,0,24,972
01/13/2012,SLC,UT,ANM,WE,Towers with Radar,487,237,61,8,793,0,20,105,0,125,487,257,166,8,918,20,0,20,938
01/14/2012,SLC,UT,ANM,WE,Towers with Radar,368,175,21,3,567,0,12,135,0,147,368,187,156,3,714,0,0,0,714
01/15/2012,SLC,UT,ANM,WE,Towers with Radar,433,182,33,2,650,0,7,26,0,33,433,189,59,2,683,0,0,0,683
01/16/2012,SLC,UT,ANM,WE,Towers with Radar,488,248,70,2,808,0,13,14,0,27,488,261,84,2,835,0,0,0,835
01/17/2012,SLC,UT,ANM,WE,Towers with Radar,457,219,62,9,747,0,16,130,3,149,457,235,192,12,896,0,0,0,896
01/18/2012,SLC,UT,ANM,WE,Towers with Radar,461,217,76,8,762,0,3,18,0,21,461,220,94,8,783,0,0,0,783
01/19/2012,SLC,UT,ANM,WE,Towers with Radar,472,291,114,6,883,0,7,43,2,52,472,298,157,8,935,0,0,0,935
01/20/2012,SLC,UT,ANM,WE,Towers with Radar,475,278,72,8,833,0,14,58,0,72,475,292,130,8,905,0,0,0,905
01/21/2012,SLC,UT,ANM,WE,Towers with Radar,378,202,50,4,634,0,5,0,0,5,378,207,50,4,639,0,0,0,639
01/22/2012,SLC,UT,ANM,WE,Towers with Radar,465,232,90,1,788,0,11,71,0,82,465,243,161,1,870,0,0,0,870
01/23/2012,SLC,UT,ANM,WE,Towers with Radar,476,263,68,7,814,0,5,66,0,71,476,268,134,7,885,0,0,0,885
01/24/2012,SLC,UT,ANM,WE,Towers with Radar,462,245,83,13,803,0,24,121,0,145,462,269,204,13,948,0,0,0,948
01/25/2012,SLC,UT,ANM,WE,Towers with Radar,472,224,74,9,779,0,24,137,0,161,472,248,211,9,940,2,0,2,942
01/26/2012,SLC,UT,ANM,WE,Towers with Radar,492,270,75,16,853,0,18,60,0,78,492,288,135,16,931,0,0,0,931
01/27/2012,SLC,UT,ANM,WE,Towers with Radar,485,254,64,4,807,0,20,129,0,149,485,274,193,4,956,8,0,8,964
01/28/2012,SLC,UT,ANM,WE,Towers with Radar,377,172,35,1,585,0,14,156,0,170,377,186,191,1,755,0,0,0,755
01/29/2012,SLC,UT,ANM,WE,Towers with Radar,460,237,54,2,753,0,1,103,0,104,460,238,157,2,857,0,0,0,857
01/30/2012,SLC,UT,ANM,WE,Towers with Radar,481,254,68,3,806,0,21,86,1,108,481,275,154,4,914,0,0,0,914
01/31/2012,SLC,UT,ANM,WE,Towers with Radar,453,215,36,8,712,0,18,131,0,149,453,233,167,8,861,0,0,0,861
02/01/2012,SLC,UT,ANM,WE,Towers with Radar,458,234,59,7,758,0,16,85,0,101,458,250,144,7,859,0,0,0,859
02/02/2012,SLC,UT,ANM,WE,Towers with Radar,490,261,70,6,827,0,21,64,0,85,490,282,134,6,912,0,0,0,912
02/03/2012,SLC,UT,ANM,WE,Towers with Radar,469,256,56,5,786,0,22,150,0,172,469,278,206,5,958,0,0,0,958
02/04/2012,SLC,UT,ANM,WE,Towers with Radar,367,181,39,1,588,0,12,122,0,134,367,193,161,1,722,0,0,0,722
02/05/2012,SLC,UT,ANM,WE,Towers with Radar,451,224,44,1,720,0,3,77,0,80,451,227,121,1,800,0,0,0,800
02/06/2012,SLC,UT,ANM,WE,Towers with Radar,474,250,60,10,794,0,21,100,0,121,474,271,160,10,915,0,0,0,915
02/07/2012,SLC,UT,ANM,WE,Towers with Radar,451,232,53,6,742,0,20,184,0,204,451,252,237,6,946,0,0,0,946
02/08/2012,SLC,UT,ANM,WE,Towers with Radar,463,242,72,8,785,0,8,93,0,101,463,250,165,8,886,0,0,0,886
02/09/2012,SLC,UT,ANM,WE,Towers with Radar,483,282,81,10,856,0,3,83,0,86,483,285,164,10,942,0,0,0,942
02/10/2012,SLC,UT,ANM,WE,Towers with Radar,481,271,70,4,826,0,14,142,0,156,481,285,212,4,982,0,0,0,982
02/11/2012,SLC,UT,ANM,WE,Towers with Radar,373,193,38,2,606,0,10,127,0,137,373,203,165,2,743,0,0,0,743
02/12/2012,SLC,UT,ANM,WE,Towers with Radar,462,223,52,3,740,0,3,2,0,5,462,226,54,3,745,0,0,0,745
02/13/2012,SLC,UT,ANM,WE,Towers with Radar,481,261,38,5,785,8,20,95,0,123,489,281,133,5,908,0,0,0,908
02/14/2012,SLC,UT,ANM,WE,Towers with Radar,458,243,42,7,750,0,17,84,1,102,458,260,126,8,852,0,0,0,852
02/15/2012,SLC,UT,ANM,WE,Towers with Radar,467,246,71,4,788,0,19,35,0,54,467,265,106,4,842,0,0,0,842
02/16/2012,SLC,UT,ANM,WE,Towers with Radar,502,307,114,11,934,0,28,145,0,173,502,335,259,11,1107,0,0,0,1107
02/17/2012,SLC,UT,ANM,WE,Towers with Radar,491,312,96,1,900,0,23,149,0,172,491,335,245,1,1072,0,0,0,1072
02/18/2012,SLC,UT,ANM,WE,Towers with Radar,404,220,48,0,672,0,21,111,0,132,404,241,159,0,804,0,0,0,804
02/19/2012,SLC,UT,ANM,WE,Towers with Radar,450,222,41,2,715,0,7,21,0,28,450,229,62,2,743,0,0,0,743
02/20/2012,SLC,UT,ANM,WE,Towers with Radar,485,311,107,0,903,1,17,103,0,121,486,328,210,0,1024,0,0,0,1024
02/21/2012,SLC,UT,ANM,WE,Towers with Radar,452,283,75,9,819,0,11,49,1,61,452,294,124,10,880,0,0,0,880
02/22/2012,SLC,UT,ANM,WE,Towers with Radar,487,293,68,9,857,0,15,87,2,104,487,308,155,11,961,20,0,20,981
02/23/2012,SLC,UT,ANM,WE,Towers with Radar,495,274,75,8,852,0,21,132,7,160,495,295,207,15,1012,0,0,0,1012
02/24/2012,SLC,UT,ANM,WE,Towers with Radar,492,285,45,7,829,0,23,167,0,190,492,308,212,7,1019,0,0,0,1019
02/25/2012,SLC,UT,ANM,WE,Towers with Radar,401,220,62,1,684,0,11,13,0,24,401,231,75,1,708,0,0,0,708
02/26/2012,SLC,UT,ANM,WE,Towers with Radar,465,252,73,5,795,0,6,88,0,94,465,258,161,5,889,0,0,0,889
02/27/2012,SLC,UT,ANM,WE,Towers with Radar,481,294,68,8,851,0,17,106,0,123,481,311,174,8,974,0,0,0,974
02/28/2012,SLC,UT,ANM,WE,Towers with Radar,442,262,54,8,766,0,14,38,0,52,442,276,92,8,818,0,0,0,818
02/29/2012,SLC,UT,ANM,WE,Towers with Radar,483,276,82,2,843,0,10,11,0,21,483,286,93,2,864,0,0,0,864
03/01/2012,SLC,UT,ANM,WE,Towers with Radar,492,298,73,10,873,0,8,41,0,49,492,306,114,10,922,0,0,0,922
03/02/2012,SLC,UT,ANM,WE,Towers with Radar,520,283,84,3,890,0,24,116,0,140,520,307,200,3,1030,0,0,0,1030
03/03/2012,SLC,UT,ANM,WE,Towers with Radar,450,223,23,1,697,0,14,107,0,121,450,237,130,1,818,32,0,32,850
03/04/2012,SLC,UT,ANM,WE,Towers with Radar,488,231,59,5,783,0,3,69,0,72,488,234,128,5,855,2,0,2,857
03/05/2012,SLC,UT,ANM,WE,Towers with Radar,513,255,43,5,816,0,16,87,0,103,513,271,130,5,919,28,0,28,947
03/06/2012,SLC,UT,ANM,WE,Towers with Radar,501,267,53,8,829,0,9,35,0,44,501,276,88,8,873,0,0,0,873
03/07/2012,SLC,UT,ANM,WE,Towers with Radar,519,260,67,4,850,0,20,61,0,81,519,280,128,4,931,0,0,0,931
03/08/2012,SLC,UT,ANM,WE,Towers with Radar,514,268,74,10,866,0,19,151,0,170,514,287,225,10,1036,6,0,6,1042
03/09/2012,SLC,UT,ANM,WE,Towers with Radar,517,261,63,3,844,0,29,143,0,172,517,290,206,3,1016,2,0,2,1018
03/10/2012,SLC,UT,ANM,WE,Towers with Radar,453,218,59,2,732,0,10,184,0,194,453,228,243,2,926,0,0,0,926
03/11/2012,SLC,UT,ANM,WE,Towers with Radar,491,244,81,5,821,0,0,69,0,69,491,244,150,5,890,20,0,20,910
03/12/2012,SLC,UT,ANM,WE,Towers with Radar,513,265,62,7,847,0,22,75,0,97,513,287,137,7,944,0,0,0,944
03/13/2012,SLC,UT,ANM,WE,Towers with Radar,508,253,59,3,823,0,14,48,0,62,508,267,107,3,885,0,0,0,885
03/14/2012,SLC,UT,ANM,WE,Towers with Radar,516,263,58,0,837,0,14,81,0,95,516,277,139,0,932,0,0,0,932
03/15/2012,SLC,UT,ANM,WE,Towers with Radar,519,266,84,5,874,0,17,143,0,160,519,283,227,5,1034,0,0,0,1034
03/16/2012,SLC,UT,ANM,WE,Towers with Radar,526,296,53,6,881,0,19,37,0,56,526,315,90,6,937,0,0,0,937
03/17/2012,SLC,UT,ANM,WE,Towers with Radar,460,231,67,1,759,0,15,3,0,18,460,246,70,1,777,0,0,0,777
03/18/2012,SLC,UT,ANM,WE,Towers with Radar,494,240,65,4,803,0,3,5,0,8,494,243,70,4,811,0,0,0,811
03/19/2012,SLC,UT,ANM,WE,Towers with Radar,510,285,65,6,866,0,19,88,0,107,510,304,153,6,973,0,0,0,973
03/20/2012,SLC,UT,ANM,WE,Towers with Radar,514,263,75,8,860,16,21,154,2,193,530,284,229,10,1053,0,0,0,1053
03/21/2012,SLC,UT,ANM,WE,Towers with Radar,521,250,65,8,844,0,22,171,0,193,521,272,236,8,1037,34,0,34,1071
03/22/2012,SLC,UT,ANM,WE,Towers with Radar,517,277,84,8,886,0,15,154,0,169,517,292,238,8,1055,34,0,34,1089
03/23/2012,SLC,UT,ANM,WE,Towers with Radar,513,293,63,2,871,0,18,89,0,107,513,311,152,2,978,30,0,30,1008
03/24/2012,SLC,UT,ANM,WE,Towers with Radar,461,218,57,3,739,0,13,157,0,170,461,231,214,3,909,0,0,0,909
03/25/2012,SLC,UT,ANM,WE,Towers with Radar,477,231,49,2,759,0,10,73,0,83,477,241,122,2,842,0,0,0,842
03/26/2012,SLC,UT,ANM,WE,Towers with Radar,492,280,43,8,823,0,13,14,0,27,492,293,57,8,850,0,0,0,850
03/27/2012,SLC,UT,ANM,WE,Towers with Radar,492,254,40,8,794,0,16,151,0,167,492,270,191,8,961,0,0,0,961
03/28/2012,SLC,UT,ANM,WE,Towers with Radar,508,271,67,7,853,0,13,73,0,86,508,284,140,7,939,24,0,24,963
03/29/2012,SLC,UT,ANM,WE,Towers with Radar,506,280,46,10,842,0,23,121,0,144,506,303,167,10,986,40,0,40,1026
03/30/2012,SLC,UT,ANM,WE,Towers with Radar,507,279,58,2,846,0,19,161,0,180,507,298,219,2,1026,0,0,0,1026
03/31/2012,SLC,UT,ANM,WE,Towers with Radar,439,226,40,2,707,0,19,17,0,36,439,245,57,2,743,10,0,10,753
04/01/2012,SLC,UT,ANM,WE,Towers with Radar,482,238,54,3,777,0,7,10,0,17,482,245,64,3,794,0,0,0,794
04/02/2012,SLC,UT,ANM,WE,Towers with Radar,491,246,46,6,789,0,24,77,0,101,491,270,123,6,890,0,0,0,890
04/03/2012,SLC,UT,ANM,WE,Towers with Radar,484,248,57,16,805,0,16,181,1,198,484,264,238,17,1003,38,0,38,1041
04/04/2012,SLC,UT,ANM,WE,Towers with Radar,494,247,45,7,793,0,22,121,3,146,494,269,166,10,939,10,0,10,949
04/05/2012,SLC,UT,ANM,WE,Towers with Radar,501,244,51,12,808,0,20,101,0,121,501,264,152,12,929,20,0,20,949
04/06/2012,SLC,UT,ANM,WE,Towers with Radar,499,263,44,0,806,0,21,51,0,72,499,284,95,0,878,1,0,1,879
04/07/2012,SLC,UT,ANM,WE,Towers with Radar,397,192,36,1,626,6,8,180,0,194,403,200,216,1,820,11,0,11,831
04/08/2012,SLC,UT,ANM,WE,Towers with Radar,458,178,36,0,672,0,4,98,0,102,458,182,134,0,774,4,0,4,778
04/09/2012,SLC,UT,ANM,WE,Towers with Radar,505,244,59,9,817,0,41,139,0,180,505,285,198,9,997,28,0,28,1025
04/10/2012,SLC,UT,ANM,WE,Towers with Radar,469,248,35,6,758,0,26,163,0,189,469,274,198,6,947,8,0,8,955
04/11/2012,SLC,UT,ANM,WE,Towers with Radar,508,261,42,6,817,0,19,57,0,76,508,280,99,6,893,22,0,22,915
04/12/2012,SLC,UT,ANM,WE,Towers with Radar,507,273,49,11,840,0,23,34,1,58,507,296,83,12,898,0,0,0,898
04/13/2012,SLC,UT,ANM,WE,Towers with Radar,499,264,41,2,806,0,24,86,0,110,499,288,127,2,916,0,0,0,916
04/14/2012,SLC,UT,ANM,WE,Towers with Radar,393,188,21,5,607,0,5,50,0,55,393,193,71,5,662,0,0,0,662
04/15/2012,SLC,UT,ANM,WE,Towers with Radar,461,226,32,6,725,0,5,58,0,63,461,231,90,6,788,0,0,0,788
04/16/2012,SLC,UT,ANM,WE,Towers with Radar,495,241,43,9,788,0,20,124,0,144,495,261,167,9,932,14,0,14,946
04/17/2012,SLC,UT,ANM,WE,Towers with Radar,467,235,48,11,761,0,20,100,0,120,467,255,148,11,881,28,0,28,909
04/18/2012,SLC,UT,ANM,WE,Towers with Radar,491,238,53,4,786,0,22,83,0,105,491,260,136,4,891,14,0,14,905
04/19/2012,SLC,UT,ANM,WE,Towers with Radar,509,248,55,8,820,0,30,139,0,169,509,278,194,8,989,0,0,0,989
04/20/2012,SLC,UT,ANM,WE,Towers with Radar,502,254,42,4,802,0,23,190,0,213,502,277,232,4,1015,0,0,0,1015
04/21/2012,SLC,UT,ANM,WE,Towers with Radar,390,179,25,6,600,0,11,157,0,168,390,190,182,6,768,36,0,36,804
04/22/2012,SLC,UT,ANM,WE,Towers with Radar,469,202,34,4,709,0,8,93,0,101,469,210,127,4,810,0,0,0,810
04/23/2012,SLC,UT,ANM,WE,Towers with Radar,506,226,40,6,778,0,20,137,0,157,506,246,177,6,935,0,0,0,935
04/24/2012,SLC,UT,ANM,WE,Towers with Radar,485,229,53,6,773,0,24,117,0,141,485,253,170,6,914,6,0,6,920
04/25/2012,SLC,UT,ANM,WE,Towers with Radar,498,223,61,6,788,0,18,122,0,140,498,241,183,6,928,0,0,0,928
04/26/2012,SLC,UT,ANM,WE,Towers with Radar,513,248,55,8,824,0,18,54,0,72,513,266,109,8,896,0,0,0,896
04/27/2012,SLC,UT,ANM,WE,Towers with Radar,515,240,47,0,802,0,22,92,0,114,515,262,139,0,916,0,0,0,916
04/28/2012,SLC,UT,ANM,WE,Towers with Radar,392,170,18,0,580,0,21,122,0,143,392,191,140,0,723,6,0,6,729
04/29/2012,SLC,UT,ANM,WE,Towers with Radar,478,203,35,1,717,0,11,90,0,101,478,214,125,1,818,0,0,0,818
04/30/2012,SLC,UT,ANM,WE,Towers with Radar,499,230,35,11,775,0,17,110,0,127,499,247,145,11,902,7,0,7,909
05/01/2012,SLC,UT,ANM,WE,Towers with Radar,479,222,43,8,752,0,21,105,0,126,479,243,148,8,878,4,0,4,882
05/02/2012,SLC,UT,ANM,WE,Towers with Radar,506,235,48,14,803,0,31,175,0,206,506,266,223,14,1009,28,0,28,1037
05/03/2012,SLC,UT,ANM,WE,Towers with Radar,512,233,66,8,819,0,17,94,0,111,512,250,160,8,930,0,0,0,930
05/04/2012,SLC,UT,ANM,WE,Towers with Radar,516,239,45,7,807,0,21,149,0,170,516,260,194,7,977,2,0,2,979
05/05/2012,SLC,UT,ANM,WE,Towers with Radar,375,158,37,8,578,0,8,92,0,100,375,166,129,8,678,8,0,8,686
05/06/2012,SLC,UT,ANM,WE,Towers with Radar,468,185,19,3,675,0,0,88,0,88,468,185,107,3,763,0,0,0,763
05/07/2012,SLC,UT,ANM,WE,Towers with Radar,498,235,47,13,793,0,21,76,0,97,498,256,123,13,890,28,0,28,918
05/08/2012,SLC,UT,ANM,WE,Towers with Radar,478,222,43,13,756,0,23,134,2,159,478,245,177,15,915,0,0,0,915
05/09/2012,SLC,UT,ANM,WE,Towers with Radar,499,250,71,4,824,0,20,124,6,150,499,270,195,10,974,0,0,0,974
05/10/2012,SLC,UT,ANM,WE,Towers with Radar,504,243,42,9,798,0,23,97,0,120,504,266,139,9,918,0,0,0,918
05/11/2012,SLC,UT,ANM,WE,Towers with Radar,505,245,43,4,797,0,32,145,8,185,505,277,188,12,982,34,0,34,1016
05/12/2012,SLC,UT,ANM,WE,Towers with Radar,371,159,18,0,548,0,11,95,0,106,371,170,113,0,654,0,0,0,654
05/13/2012,SLC,UT,ANM,WE,Towers with Radar,444,186,18,1,649,0,5,82,0,87,444,191,100,1,736,0,0,0,736
05/14/2012,SLC,UT,ANM,WE,Towers with Radar,497,229,56,8,790,0,17,132,0,149,497,246,188,8,939,42,0,42,981
05/15/2012,SLC,UT,ANM,WE,Towers with Radar,470,233,40,10,753,0,23,110,11,144,470,256,150,21,897,42,0,42,939
05/16/2012,SLC,UT,ANM,WE,Towers with Radar,498,234,31,10,773,0,17,91,1,109,498,251,122,11,882,28,0,28,910
05/17/2012,SLC,UT,ANM,WE,Towers with Radar,523,242,51,9,825,0,21,72,5,98,523,263,123,14,923,12,0,12,935
05/18/2012,SLC,UT,ANM,WE,Towers with Radar,507,240,44,5,796,0,16,46,0,62,507,256,90,5,858,0,0,0,858
05/19/2012,SLC,UT,ANM,WE,Towers with Radar,374,152,17,0,543,2,9,127,0,138,376,161,144,0,681,4,0,4,685
05/20/2012,SLC,UT,ANM,WE,Towers with Radar,466,199,35,2,702,0,2,83,0,85,466,201,118,2,787,0,0,0,787
05/21/2012,SLC,UT,ANM,WE,Towers with Radar,497,232,46,4,779,0,18,123,2,143,497,250,169,6,922,38,0,38,960
05/22/2012,SLC,UT,ANM,WE,Towers with Radar,471,232,45,6,754,0,18,113,0,131,471,250,158,6,885,20,0,20,905
05/23/2012,SLC,UT,ANM,WE,Towers with Radar,496,229,49,6,780,0,17,131,0,148,496,246,180,6,928,0,0,0,928
05/24/2012,SLC,UT,ANM,WE,Towers with Radar,511,249,76,7,843,0,27,152,0,179,511,276,228,7,1022,30,0,30,1052
05/25/2012,SLC,UT,ANM,WE,Towers with Radar,511,242,52,0,805,0,18,71,0,89,511,260,123,0,894,2,0,2,896
05/26/2012,SLC,UT,ANM,WE,Towers with Radar,347,160,19,1,527,0,7,25,0,32,347,167,44,1,559,2,0,2,561
05/27/2012,SLC,UT,ANM,WE,Towers with Radar,324,121,18,2,465,0,2,45,0,47,324,123,63,2,512,0,0,0,512
05/28/2012,SLC,UT,ANM,WE,Towers with Radar,461,212,38,0,711,0,13,119,0,132,461,225,157,0,843,20,0,20,863
05/29/2012,SLC,UT,ANM,WE,Towers with Radar,464,234,36,6,740,0,26,135,0,161,464,260,171,6,901,54,0,54,955
05/30/2012,SLC,UT,ANM,WE,Towers with Radar,498,238,49,4,789,0,29,139,0,168,498,267,188,4,957,0,0,0,957
05/31/2012,SLC,UT,ANM,WE,Towers with Radar,508,252,48,9,817,0,21,127,2,150,508,273,175,11,967,0,0,0,967
06/01/2012,SLC,UT,ANM,WE,Towers with Radar,500,252,44,3,799,0,24,107,6,137,500,276,151,9,936,0,0,0,936
06/02/2012,SLC,UT,ANM,WE,Towers with Radar,374,178,31,3,586,0,7,66,0,73,374,185,97,3,659,0,0,0,659
06/03/2012,SLC,UT,ANM,WE,Towers with Radar,468,212,25,5,710,0,5,65,0,70,468,217,90,5,780,20,0,20,800
06/04/2012,SLC,UT,ANM,WE,Towers with Radar,490,249,36,7,782,0,34,66,0,100,490,283,102,7,882,0,0,0,882
06/05/2012,SLC,UT,ANM,WE,Towers with Radar,471,265,34,9,779,0,18,30,0,48,471,283,64,9,827,0,0,0,827
06/06/2012,SLC,UT,ANM,WE,Towers with Radar,508,236,47,7,798,0,24,161,0,185,508,260,208,7,983,0,0,0,983
06/07/2012,SLC,UT,ANM,WE,Towers with Radar,532,249,54,15,850,0,30,162,0,192,532,279,216,15,1042,0,0,0,1042
06/08/2012,SLC,UT,ANM,WE,Towers with Radar,537,262,42,2,843,0,23,135,0,158,537,285,177,2,1001,0,0,0,1001
06/09/2012,SLC,UT,ANM,WE,Towers with Radar,471,208,37,3,719,0,9,50,0,59,471,217,87,3,778,0,0,0,778
06/10/2012,SLC,UT,ANM,WE,Towers with Radar,499,221,29,8,757,1,5,77,0,83,500,226,106,8,840,0,0,0,840
06/11/2012,SLC,UT,ANM,WE,Towers with Radar,529,252,50,9,840,0,21,134,0,155,529,273,184,9,995,0,0,0,995
06/12/2012,SLC,UT,ANM,WE,Towers with Radar,523,249,45,9,826,0,28,140,10,178,523,277,185,19,1004,0,0,0,1004
06/13/2012,SLC,UT,ANM,WE,Towers with Radar,544,255,66,9,874,0,24,128,3,155,544,279,194,12,1029,0,0,0,1029
06/14/2012,SLC,UT,ANM,WE,Towers with Radar,534,260,48,8,850,0,26,151,2,179,534,286,199,10,1029,0,0,0,1029
06/15/2012,SLC,UT,ANM,WE,Towers with Radar,534,254,42,2,832,0,27,125,0,152,534,281,167,2,984,0,0,0,984
06/16/2012,SLC,UT,ANM,WE,Towers with Radar,471,211,27,0,709,16,14,103,4,137,487,225,130,4,846,0,0,0,846
06/17/2012,SLC,UT,ANM,WE,Towers with Radar,505,214,21,0,740,0,9,61,0,70,505,223,82,0,810,0,0,0,810
06/18/2012,SLC,UT,ANM,WE,Towers with Radar,538,256,48,3,845,14,24,70,0,108,552,280,118,3,953,0,0,0,953
06/19/2012,SLC,UT,ANM,WE,Towers with Radar,528,248,56,13,845,0,20,128,2,150,528,268,184,15,995,0,0,0,995
06/20/2012,SLC,UT,ANM,WE,Towers with Radar,533,259,41,4,837,0,31,121,0,152,533,290,162,4,989,0,0,0,989
06/21/2012,SLC,UT,ANM,WE,Towers with Radar,545,259,63,6,873,0,22,133,0,155,545,281,196,6,1028,0,0,0,1028
06/22/2012,SLC,UT,ANM,WE,Towers with Radar,530,252,87,4,873,0,28,69,0,97,530,280,156,4,970,0,0,0,970
06/23/2012,SLC,UT,ANM,WE,Towers with Radar,472,210,33,6,721,0,16,30,2,48,472,226,63,8,769,0,0,0,769
06/24/2012,SLC,UT,ANM,WE,Towers with Radar,516,232,48,6,802,0,3,36,1,40,516,235,84,7,842,0,0,0,842
06/25/2012,SLC,UT,ANM,WE,Towers with Radar,531,259,48,6,844,0,19,84,0,103,531,278,132,6,947,0,0,0,947
06/26/2012,SLC,UT,ANM,WE,Towers with Radar,540,262,63,9,874,0,22,55,2,79,540,284,118,11,953,0,0,0,953
06/27/2012,SLC,UT,ANM,WE,Towers with Radar,536,258,73,8,875,0,34,160,5,199,536,292,233,13,1074,22,0,22,1096
06/28/2012,SLC,UT,ANM,WE,Towers with Radar,543,253,62,5,863,0,26,118,0,144,543,279,180,5,1007,8,0,8,1015
06/29/2012,SLC,UT,ANM,WE,Towers with Radar,542,261,56,1,860,0,32,110,0,142,542,293,166,1,1002,0,0,0,1002
06/30/2012,SLC,UT,ANM,WE,Towers with Radar,470,216,28,0,714,0,20,112,0,132,470,236,140,0,846,0,0,0,846
07/01/2012,SLC,UT,ANM,WE,Towers with Radar,512,222,32,2,768,0,5,44,0,49,512,227,76,2,817,32,0,32,849
07/02/2012,SLC,UT,ANM,WE,Towers with Radar,515,256,39,6,816,0,23,128,1,152,515,279,167,7,968,0,0,0,968
07/03/2012,SLC,UT,ANM,WE,Towers with Radar,456,233,36,5,730,0,22,112,1,135,456,255,148,6,865,34,0,34,899
07/04/2012,SLC,UT,ANM,WE,Towers with Radar,373,161,15,1,550,0,4,61,2,67,373,165,76,3,617,0,0,0,617
07/05/2012,SLC,UT,ANM,WE,Towers with Radar,458,253,41,7,759,0,29,51,0,80,458,282,92,7,839,22,0,22,861
07/06/2012,SLC,UT,ANM,WE,Towers with Radar,520,260,41,6,827,0,24,233,0,257,520,284,274,6,1084,0,0,0,1084
07/07/2012,SLC,UT,ANM,WE,Towers with Radar,460,215,39,3,717,0,9,103,0,112,460,224,142,3,829,0,0,0,829
07/08/2012,SLC,UT,ANM,WE,Towers with Radar,508,232,53,3,796,0,4,66,0,70,508,236,119,3,866,0,0,0,866
07/09/2012,SLC,UT,ANM,WE,Towers with Radar,522,264,51,5,842,0,27,102,0,129,522,291,153,5,971,34,0,34,1005
07/10/2012,SLC,UT,ANM,WE,Towers with Radar,520,264,54,9,847,0,22,108,0,130,520,286,162,9,977,22,0,22,999
07/11/2012,SLC,UT,ANM,WE,Towers with Radar,542,278,63,8,891,0,13,82,0,95,542,291,145,8,986,4,0,4,990
07/12/2012,SLC,UT,ANM,WE,Towers with Radar,530,262,52,7,851,0,39,116,4,159,530,301,168,11,1010,0,0,0,1010
07/13/2012,SLC,UT,ANM,WE,Towers with Radar,537,281,58,2,878,0,20,83,0,103,537,301,141,2,981,18,0,18,999
07/14/2012,SLC,UT,ANM,WE,Towers with Radar,462,229,26,0,717,0,10,44,0,54,462,239,70,0,771,0,0,0,771
07/15/2012,SLC,UT,ANM,WE,Towers with Radar,495,228,35,4,762,0,0,70,0,70,495,228,105,4,832,0,0,0,832
07/16/2012,SLC,UT,ANM,WE,Towers with Radar,517,274,45,6,842,25,27,75,0,127,542,301,120,6,969,0,0,0,969
07/17/2012,SLC,UT,ANM,WE,Towers with Radar,527,257,46,8,838,0,23,121,6,150,527,280,167,14,988,0,0,0,988
07/18/2012,SLC,UT,ANM,WE,Towers with Radar,518,259,60,6,843,0,29,149,2,180,518,288,209,8,1023,0,0,0,1023
07/19/2012,SLC,UT,ANM,WE,Towers with Radar,537,267,54,9,867,0,26,172,6,204,537,293,226,15,1071,0,0,0,1071
07/20/2012,SLC,UT,ANM,WE,Towers with Radar,532,267,43,2,844,0,14,135,2,151,532,281,178,4,995,0,0,0,995
07/21/2012,SLC,UT,ANM,WE,Towers with Radar,462,219,30,1,712,0,16,86,1,103,462,235,116,2,815,10,0,10,825
07/22/2012,SLC,UT,ANM,WE,Towers with Radar,492,233,32,4,761,0,2,75,0,77,492,235,107,4,838,0,0,0,838
07/23/2012,SLC,UT,ANM,WE,Towers with Radar,520,269,60,7,856,0,23,73,0,96,520,292,133,7,952,0,0,0,952
07/24/2012,SLC,UT,ANM,WE,Towers with Radar,519,257,31,4,811,0,30,84,2,116,519,287,115,6,927,0,0,0,927
07/25/2012,SLC,UT,ANM,WE,Towers with Radar,525,271,44,1,841,0,25,122,6,153,525,296,166,7,994,6,0,6,1000
07/26/2012,SLC,UT,ANM,WE,Towers with Radar,524,272,44,3,843,0,16,127,2,145,524,288,171,5,988,0,0,0,988
07/27/2012,SLC,UT,ANM,WE,Towers with Radar,524,266,36,7,833,0,22,89,3,114,524,288,125,10,947,16,0,16,963
07/28/2012,SLC,UT,ANM,WE,Towers with Radar,463,210,35,2,710,0,13,98,0,111,463,223,133,2,821,34,0,34,855
07/29/2012,SLC,UT,ANM,WE,Towers with Radar,507,230,55,2,794,0,8,66,1,75,507,238,121,3,869,0,0,0,869
07/30/2012,SLC,UT,ANM,WE,Towers with Radar,520,266,44,0,830,0,22,107,0,129,520,288,151,0,959,0,0,0,959
07/31/2012,SLC,UT,ANM,WE,Towers with Radar,526,272,50,2,850,8,27,118,2,155,534,299,168,4,1005,0,0,0,1005
08/01/2012,SLC,UT,ANM,WE,Towers with Radar,527,266,61,3,857,0,24,138,0,162,527,290,199,3,1019,36,0,36,1055
08/02/2012,SLC,UT,ANM,WE,Towers with Radar,528,267,55,4,854,0,22,138,0,160,528,289,193,4,1014,11,0,11,1025
08/03/2012,SLC,UT,ANM,WE,Towers with Radar,532,271,64,3,870,0,25,109,2,136,532,296,173,5,1006,22,0,22,1028
08/04/2012,SLC,UT,ANM,WE,Towers with Radar,460,226,47,0,733,0,14,122,0,136,460,240,169,0,869,6,0,6,875
08/05/2012,SLC,UT,ANM,WE,Towers with Radar,503,226,52,5,786,0,10,69,0,79,503,236,121,5,865,0,0,0,865
08/06/2012,SLC,UT,ANM,WE,Towers with Radar,524,260,55,5,844,0,36,106,0,142,524,296,161,5,986,30,0,30,1016
08/07/2012,SLC,UT,ANM,WE,Towers with Radar,525,279,52,9,865,0,30,116,4,150,525,309,168,13,1015,18,0,18,1033
08/08/2012,SLC,UT,ANM,WE,Towers with Radar,535,266,61,7,869,0,21,126,1,148,535,287,187,8,1017,0,0,0,1017
08/09/2012,SLC,UT,ANM,WE,Towers with Radar,529,272,42,8,851,0,30,132,0,162,529,302,174,8,1013,0,0,0,1013
08/10/2012,SLC,UT,ANM,WE,Towers with Radar,533,272,63,7,875,0,36,94,0,130,533,308,157,7,1005,0,0,0,1005
08/11/2012,SLC,UT,ANM,WE,Towers with Radar,467,222,28,1,718,0,27,102,0,129,467,249,130,1,847,11,0,11,858
08/12/2012,SLC,UT,ANM,WE,Towers with Radar,502,231,53,2,788,0,9,43,0,52,502,240,96,2,840,0,0,0,840
08/13/2012,SLC,UT,ANM,WE,Towers with Radar,514,272,72,6,864,0,23,116,0,139,514,295,188,6,1003,82,8,90,1093
08/14/2012,SLC,UT,ANM,WE,Towers with Radar,472,255,69,7,803,0,20,124,6,150,472,275,193,13,953,24,0,24,977
08/15/2012,SLC,UT,ANM,WE,Towers with Radar,520,250,59,5,834,0,19,128,8,155,520,269,187,13,989,0,0,0,989
08/16/2012,SLC,UT,ANM,WE,Towers with Radar,523,252,70,9,854,0,23,127,2,152,523,275,197,11,1006,40,0,40,1046
08/17/2012,SLC,UT,ANM,WE,Towers with Radar,522,246,54,3,825,0,16,104,4,124,522,262,158,7,949,0,0,0,949
08/18/2012,SLC,UT,ANM,WE,Towers with Radar,420,196,39,5,660,0,10,71,0,81,420,206,110,5,741,0,0,0,741
08/19/2012,SLC,UT,ANM,WE,Towers with Radar,487,210,50,8,755,0,5,62,0,67,487,215,112,8,822,0,0,0,822
08/20/2012,SLC,UT,ANM,WE,Towers with Radar,509,251,53,8,821,0,24,97,1,122,509,275,150,9,943,0,0,0,943
08/21/2012,SLC,UT,ANM,WE,Towers with Radar,473,252,53,7,785,0,25,104,9,138,473,277,157,16,923,12,0,12,935
08/22/2012,SLC,UT,ANM,WE,Towers with Radar,505,246,66,6,823,0,29,89,4,122,505,275,155,10,945,0,0,0,945
08/23/2012,SLC,UT,ANM,WE,Towers with Radar,516,251,68,6,841,0,26,118,0,144,516,277,186,6,985,0,0,0,985
08/24/2012,SLC,UT,ANM,WE,Towers with Radar,521,248,57,3,829,0,25,104,4,133,521,273,161,7,962,54,0,54,1016
08/25/2012,SLC,UT,ANM,WE,Towers with Radar,421,184,33,4,642,0,14,91,0,105,421,198,124,4,747,24,1,25,772
08/26/2012,SLC,UT,ANM,WE,Towers with Radar,482,212,43,2,739,0,6,48,0,54,482,218,91,2,793,0,0,0,793
08/27/2012,SLC,UT,ANM,WE,Towers with Radar,512,247,37,10,806,0,18,96,0,114,512,265,133,10,920,12,0,12,932
08/28/2012,SLC,UT,ANM,WE,Towers with Radar,468,237,37,7,749,0,20,114,2,136,468,257,151,9,885,0,0,0,885
08/29/2012,SLC,UT,ANM,WE,Towers with Radar,514,249,58,6,827,0,23,151,2,176,514,272,209,8,1003,0,0,0,1003
08/30/2012,SLC,UT,ANM,WE,Towers with Radar,514,244,55,9,822,0,31,131,3,165,514,275,186,12,987,0,0,0,987
08/31/2012,SLC,UT,ANM,WE,Towers with Radar,525,270,77,0,872,0,16,93,0,109,525,286,170,0,981,32,0,32,1013
09/01/2012,SLC,UT,ANM,WE,Towers with Radar,356,175,25,0,556,0,12,54,0,66,356,187,79,0,622,4,0,4,626
09/02/2012,SLC,UT,ANM,WE,Towers with Radar,348,149,37,2,536,0,3,105,0,108,348,152,142,2,644,0,0,0,644
09/03/2012,SLC,UT,ANM,WE,Towers with Radar,476,218,61,0,755,0,7,142,0,149,476,225,203,0,904,20,0,20,924
09/04/2012,SLC,UT,ANM,WE,Towers with Radar,470,232,47,5,754,0,30,126,0,156,470,262,173,5,910,0,0,0,910
09/05/2012,SLC,UT,ANM,WE,Towers with Radar,512,234,53,8,807,0,27,184,4,215,512,261,237,12,1022,0,0,0,1022
09/06/2012,SLC,UT,ANM,WE,Towers with Radar,501,253,35,8,797,0,24,163,0,187,501,277,198,8,984,0,0,0,984
09/07/2012,SLC,UT,ANM,WE,Towers with Radar,500,243,62,8,813,0,24,178,1,203,500,267,240,9,1016,0,0,0,1016
09/08/2012,SLC,UT,ANM,WE,Towers with Radar,383,167,28,2,580,0,13,160,0,173,383,180,188,2,753,44,0,44,797
09/09/2012,SLC,UT,ANM,WE,Towers with Radar,469,205,34,5,713,0,8,106,0,114,469,213,140,5,827,8,0,8,835
09/10/2012,SLC,UT,ANM,WE,Towers with Radar,485,245,53,8,791,0,30,74,0,104,485,275,127,8,895,0,0,0,895
09/11/2012,SLC,UT,ANM,WE,Towers with Radar,462,239,48,6,755,0,29,133,1,163,462,268,181,7,918,48,0,48,966
09/12/2012,SLC,UT,ANM,WE,Towers with Radar,502,239,50,6,797,0,32,157,2,191,502,271,207,8,988,0,0,0,988
09/13/2012,SLC,UT,ANM,WE,Towers with Radar,505,249,39,7,800,0,26,191,0,217,505,275,230,7,1017,60,0,60,1077
09/14/2012,SLC,UT,ANM,WE,Towers with Radar,503,249,42,7,801,0,37,187,0,224,503,286,229,7,1025,28,0,28,1053
09/15/2012,SLC,UT,ANM,WE,Towers with Radar,393,163,20,4,580,0,17,194,4,215,393,180,214,8,795,0,0,0,795
09/16/2012,SLC,UT,ANM,WE,Towers with Radar,474,203,34,3,714,0,4,119,0,123,474,207,153,3,837,36,0,36,873
09/17/2012,SLC,UT,ANM,WE,Towers with Radar,489,240,37,7,773,0,21,143,0,164,489,261,180,7,937,0,0,0,937
09/18/2012,SLC,UT,ANM,WE,Towers with Radar,460,238,47,7,752,0,15,171,4,190,460,253,218,11,942,0,0,0,942
09/19/2012,SLC,UT,ANM,WE,Towers with Radar,504,239,50,6,799,0,22,191,0,213,504,261,241,6,1012,74,0,74,1086
09/20/2012,SLC,UT,ANM,WE,Towers with Radar,505,249,64,8,826,0,24,163,0,187,505,273,227,8,1013,46,0,46,1059
09/21/2012,SLC,UT,ANM,WE,Towers with Radar,499,257,53,8,817,0,26,188,0,214,499,283,241,8,1031,0,0,0,1031
09/22/2012,SLC,UT,ANM,WE,Towers with Radar,381,165,35,4,585,0,10,144,0,154,381,175,179,4,739,3,0,3,742
09/23/2012,SLC,UT,ANM,WE,Towers with Radar,472,196,44,8,720,0,3,103,0,106,472,199,147,8,826,12,0,12,838
09/24/2012,SLC,UT,ANM,WE,Towers with Radar,486,249,55,8,798,0,24,119,0,143,486,273,174,8,941,30,0,30,971
09/25/2012,SLC,UT,ANM,WE,Towers with Radar,463,249,57,0,769,0,22,98,0,120,463,271,155,0,889,20,0,20,909
09/26/2012,SLC,UT,ANM,WE,Towers with Radar,497,239,58,2,796,0,20,180,0,200,497,259,238,2,996,14,0,14,1010
09/27/2012,SLC,UT,ANM,WE,Towers with Radar,505,249,54,2,810,0,17,178,2,197,505,266,232,4,1007,34,0,34,1041
09/28/2012,SLC,UT,ANM,WE,Towers with Radar,498,246,52,4,800,0,17,200,0,217,498,263,252,4,1017,8,0,8,1025
09/29/2012,SLC,UT,ANM,WE,Towers with Radar,384,161,24,0,569,0,15,161,2,178,384,176,185,2,747,7,0,7,754
09/30/2012,SLC,UT,ANM,WE,Towers with Radar,477,202,38,1,718,0,9,146,1,156,477,211,184,2,874,16,0,16,890
10/01/2012,SLC,UT,ANM,WE,Towers with Radar,491,217,44,9,761,0,19,149,5,173,491,236,193,14,934,16,0,16,950
10/02/2012,SLC,UT,ANM,WE,Towers with Radar,454,228,50,13,745,0,26,175,1,202,454,254,225,14,947,18,0,18,965
10/03/2012,SLC,UT,ANM,WE,Towers with Radar,500,226,48,4,778,0,24,151,2,177,500,250,199,6,955,52,0,52,1007
10/04/2012,SLC,UT,ANM,WE,Towers with Radar,498,243,55,10,806,0,24,182,3,209,498,267,237,13,1015,82,0,82,1097
10/05/2012,SLC,UT,ANM,WE,Towers with Radar,498,227,58,2,785,0,25,184,0,209,498,252,242,2,994,0,0,0,994
10/06/2012,SLC,UT,ANM,WE,Towers with Radar,366,155,21,1,543,0,12,133,0,145,366,167,154,1,688,10,0,10,698
10/07/2012,SLC,UT,ANM,WE,Towers with Radar,468,197,43,2,710,0,9,122,0,131,468,206,165,2,841,16,0,16,857
10/08/2012,SLC,UT,ANM,WE,Towers with Radar,487,228,33,4,752,0,17,136,0,153,487,245,169,4,905,0,0,0,905
10/09/2012,SLC,UT,ANM,WE,Towers with Radar,456,210,53,2,721,0,27,212,1,240,456,237,265,3,961,0,0,0,961
10/10/2012,SLC,UT,ANM,WE,Towers with Radar,492,235,54,6,787,1,29,156,3,189,493,264,210,9,976,50,0,50,1026
10/11/2012,SLC,UT,ANM,WE,Towers with Radar,490,230,68,7,795,0,18,273,1,292,490,248,341,8,1087,0,0,0,1087
10/12/2012,SLC,UT,ANM,WE,Towers with Radar,502,264,47,4,817,0,7,116,0,123,502,271,163,4,940,16,0,16,956
10/13/2012,SLC,UT,ANM,WE,Towers with Radar,372,158,29,7,566,0,2,108,1,111,372,160,137,8,677,32,0,32,709
10/14/2012,SLC,UT,ANM,WE,Towers with Radar,483,178,34,3,698,0,9,90,0,99,483,187,124,3,797,10,0,10,807
10/15/2012,SLC,UT,ANM,WE,Towers with Radar,508,208,48,5,769,0,20,134,1,155,508,228,182,6,924,0,0,0,924
10/16/2012,SLC,UT,ANM,WE,Towers with Radar,477,206,45,12,740,0,15,73,0,88,477,221,118,12,828,0,0,0,828
10/17/2012,SLC,UT,ANM,WE,Towers with Radar,507,214,39,2,762,0,22,174,0,196,507,236,213,2,958,12,0,12,970
10/18/2012,SLC,UT,ANM,WE,Towers with Radar,523,224,55,10,812,0,32,162,0,194,523,256,217,10,1006,56,0,56,1062
10/19/2012,SLC,UT,ANM,WE,Towers with Radar,519,217,50,4,790,0,20,175,0,195,519,237,225,4,985,32,0,32,1017
10/20/2012,SLC,UT,ANM,WE,Towers with Radar,385,158,27,1,571,0,12,140,0,152,385,170,167,1,723,6,0,6,729
10/21/2012,SLC,UT,ANM,WE,Towers with Radar,485,185,47,4,721,0,2,121,0,123,485,187,168,4,844,0,0,0,844
10/22/2012,SLC,UT,ANM,WE,Towers with Radar,512,221,49,11,793,0,10,38,0,48,512,231,87,11,841,0,0,0,841
10/23/2012,SLC,UT,ANM,WE,Towers with Radar,472,215,57,4,748,0,8,31,0,39,472,223,88,4,787,30,0,30,817
10/24/2012,SLC,UT,ANM,WE,Towers with Radar,503,218,65,8,794,0,18,75,1,94,503,236,140,9,888,18,0,18,906
10/25/2012,SLC,UT,ANM,WE,Towers with Radar,520,225,56,11,812,0,9,6,0,15,520,234,62,11,827,4,2,6,833
10/26/2012,SLC,UT,ANM,WE,Towers with Radar,518,228,47,5,798,0,14,152,0,166,518,242,199,5,964,0,0,0,964
10/27/2012,SLC,UT,ANM,WE,Towers with Radar,376,151,33,1,561,0,11,144,0,155,376,162,177,1,716,12,0,12,728
10/28/2012,SLC,UT,ANM,WE,Towers with Radar,484,169,42,4,699,0,4,93,0,97,484,173,135,4,796,20,0,20,816
10/29/2012,SLC,UT,ANM,WE,Towers with Radar,483,199,40,7,729,0,23,141,0,164,483,222,181,7,893,8,0,8,901
10/30/2012,SLC,UT,ANM,WE,Towers with Radar,451,196,41,9,697,0,27,165,5,197,451,223,206,14,894,80,0,80,974
10/31/2012,SLC,UT,ANM,WE,Towers with Radar,414,202,50,5,671,0,16,159,1,176,414,218,209,6,847,0,0,0,847
11/01/2012,SLC,UT,ANM,WE,Towers with Radar,520,224,66,4,814,0,28,138,0,166,520,252,204,4,980,38,0,38,1018
11/02/2012,SLC,UT,ANM,WE,Towers with Radar,504,226,48,8,786,0,17,162,1,180,504,243,210,9,966,30,0,30,996
11/03/2012,SLC,UT,ANM,WE,Towers with Radar,381,155,17,7,560,0,15,152,4,171,381,170,169,11,731,32,0,32,763
11/04/2012,SLC,UT,ANM,WE,Towers with Radar,454,197,22,2,675,0,11,91,0,102,454,208,113,2,777,0,0,0,777
11/05/2012,SLC,UT,ANM,WE,Towers with Radar,488,217,31,8,744,0,21,146,1,168,488,238,177,9,912,54,0,54,966
11/06/2012,SLC,UT,ANM,WE,Towers with Radar,433,206,53,12,704,0,21,142,2,165,433,227,195,14,869,56,0,56,925
11/07/2012,SLC,UT,ANM,WE,Towers with Radar,483,236,53,8,780,0,20,174,1,195,483,256,227,9,975,22,0,22,997
11/08/2012,SLC,UT,ANM,WE,Towers with Radar,495,239,59,9,802,0,19,50,0,69,495,258,109,9,871,0,0,0,871
11/09/2012,SLC,UT,ANM,WE,Towers with Radar,502,233,42,1,778,0,1,1,0,2,502,234,43,1,780,10,0,10,790
11/10/2012,SLC,UT,ANM,WE,Towers with Radar,375,164,33,2,574,0,1,0,0,1,375,165,33,2,575,0,0,0,575
11/11/2012,SLC,UT,ANM,WE,Towers with Radar,461,192,30,1,684,0,11,25,0,36,461,203,55,1,720,0,0,0,720
11/12/2012,SLC,UT,ANM,WE,Towers with Radar,484,228,56,1,769,0,17,113,0,130,484,245,169,1,899,0,0,0,899
11/13/2012,SLC,UT,ANM,WE,Towers with Radar,447,245,49,4,745,0,24,192,0,216,447,269,241,4,961,0,0,0,961
11/14/2012,SLC,UT,ANM,WE,Towers with Radar,492,227,58,6,783,0,10,143,0,153,492,237,201,6,936,28,0,28,964
11/15/2012,SLC,UT,ANM,WE,Towers with Radar,511,237,72,14,834,0,16,183,0,199,511,253,255,14,1033,0,0,0,1033
11/16/2012,SLC,UT,ANM,WE,Towers with Radar,492,241,52,8,793,0,14,126,0,140,492,255,178,8,933,18,0,18,951
11/17/2012,SLC,UT,ANM,WE,Towers with Radar,378,154,33,2,567,0,5,93,0,98,378,159,126,2,665,6,0,6,671
11/18/2012,SLC,UT,ANM,WE,Towers with Radar,410,166,34,2,612,0,0,54,2,56,410,166,88,4,668,0,0,0,668
11/19/2012,SLC,UT,ANM,WE,Towers with Radar,425,195,39,6,665,0,27,142,0,169,425,222,181,6,834,64,0,64,898
11/20/2012,SLC,UT,ANM,WE,Towers with Radar,446,221,47,14,728,0,21,155,0,176,446,242,202,14,904,12,0,12,916
11/21/2012,SLC,UT,ANM,WE,Towers with Radar,508,236,64,3,811,0,23,95,1,119,508,259,159,4,930,0,0,0,930
11/22/2012,SLC,UT,ANM,WE,Towers with Radar,270,99,11,0,380,0,3,39,0,42,270,102,50,0,422,0,0,0,422
11/23/2012,SLC,UT,ANM,WE,Towers with Radar,329,178,28,2,537,0,17,113,0,130,329,195,141,2,667,10,0,10,677
11/24/2012,SLC,UT,ANM,WE,Towers with Radar,451,190,24,0,665,0,18,129,0,147,451,208,153,0,812,6,0,6,818
11/25/2012,SLC,UT,ANM,WE,Towers with Radar,496,192,53,2,743,0,5,68,0,73,496,197,121,2,816,10,0,10,826
11/26/2012,SLC,UT,ANM,WE,Towers with Radar,508,228,57,3,796,0,28,119,0,147,508,256,176,3,943,0,0,0,943
11/27/2012,SLC,UT,ANM,WE,Towers with Radar,451,202,41,8,702,0,25,157,3,185,451,227,198,11,887,0,0,0,887
11/28/2012,SLC,UT,ANM,WE,Towers with Radar,454,221,50,8,733,0,22,148,3,173,454,243,198,11,906,0,0,0,906
11/29/2012,SLC,UT,ANM,WE,Towers with Radar,480,226,49,10,765,0,19,144,0,163,480,245,193,10,928,20,0,20,948
11/30/2012,SLC,UT,ANM,WE,Towers with Radar,490,241,29,6,766,0,16,75,0,91,490,257,104,6,857,0,0,0,857
12/01/2012,SLC,UT,ANM,WE,Towers with Radar,358,167,29,4,558,0,8,108,0,116,358,175,137,4,674,8,0,8,682
12/02/2012,SLC,UT,ANM,WE,Towers with Radar,452,181,23,4,660,0,0,3,0,3,452,181,26,4,663,0,0,0,663
12/03/2012,SLC,UT,ANM,WE,Towers with Radar,468,215,53,7,743,0,18,126,2,146,468,233,179,9,889,22,0,22,911
12/04/2012,SLC,UT,ANM,WE,Towers with Radar,445,228,61,15,749,0,15,115,0,130,445,243,176,15,879,4,0,4,883
12/05/2012,SLC,UT,ANM,WE,Towers with Radar,456,226,46,5,733,0,21,62,0,83,456,247,108,5,816,42,0,42,858
12/06/2012,SLC,UT,ANM,WE,Towers with Radar,490,246,79,12,827,0,11,13,0,24,490,257,92,12,851,0,0,0,851
12/07/2012,SLC,UT,ANM,WE,Towers with Radar,487,249,60,6,802,0,16,164,2,182,487,265,224,8,984,14,0,14,998
12/08/2012,SLC,UT,ANM,WE,Towers with Radar,362,168,27,2,559,0,5,39,1,45,362,173,66,3,604,0,0,0,604
12/09/2012,SLC,UT,ANM,WE,Towers with Radar,448,193,29,2,672,0,3,29,0,32,448,196,58,2,704,0,0,0,704
12/10/2012,SLC,UT,ANM,WE,Towers with Radar,467,236,55,4,762,0,21,27,0,48,467,257,82,4,810,2,0,2,812
12/11/2012,SLC,UT,ANM,WE,Towers with Radar,457,227,50,6,740,0,23,140,0,163,457,250,190,6,903,20,0,20,923
12/12/2012,SLC,UT,ANM,WE,Towers with Radar,459,224,62,6,751,0,21,86,0,107,459,245,148,6,858,0,0,0,858
12/13/2012,SLC,UT,ANM,WE,Towers with Radar,497,231,46,10,784,0,22,114,0,136,497,253,160,10,920,32,0,32,952
12/14/2012,SLC,UT,ANM,WE,Towers with Radar,491,274,69,3,837,0,21,86,0,107,491,295,155,3,944,0,0,0,944
12/15/2012,SLC,UT,ANM,WE,Towers with Radar,406,181,56,0,643,0,2,1,0,3,406,183,57,0,646,0,0,0,646
12/16/2012,SLC,UT,ANM,WE,Towers with Radar,487,193,36,3,719,0,7,28,0,35,487,200,64,3,754,0,0,0,754
12/17/2012,SLC,UT,ANM,WE,Towers with Radar,515,260,36,8,819,0,37,12,0,49,515,297,48,8,868,0,0,0,868
12/18/2012,SLC,UT,ANM,WE,Towers with Radar,513,239,52,8,812,0,31,86,0,117,513,270,138,8,929,0,0,0,929
12/19/2012,SLC,UT,ANM,WE,Towers with Radar,545,253,56,8,862,0,33,147,0,180,545,286,203,8,1042,28,0,28,1070
12/20/2012,SLC,UT,ANM,WE,Towers with Radar,535,255,69,4,863,0,29,177,0,206,535,284,246,4,1069,64,0,64,1133
12/21/2012,SLC,UT,ANM,WE,Towers with Radar,548,268,85,6,907,0,31,131,0,162,548,299,216,6,1069,8,0,8,1077
12/22/2012,SLC,UT,ANM,WE,Towers with Radar,436,218,54,0,708,0,10,89,0,99,436,228,143,0,807,27,0,27,834
12/23/2012,SLC,UT,ANM,WE,Towers with Radar,422,191,40,3,656,0,9,55,0,64,422,200,95,3,720,4,0,4,724
12/24/2012,SLC,UT,ANM,WE,Towers with Radar,398,228,21,0,647,0,9,0,0,9,398,237,21,0,656,0,0,0,656
12/25/2012,SLC,UT,ANM,WE,Towers with Radar,355,165,32,0,552,0,11,19,0,30,355,176,51,0,582,0,0,0,582
12/26/2012,SLC,UT,ANM,WE,Towers with Radar,516,311,96,0,923,0,3,0,0,3,516,314,96,0,926,0,0,0,926
12/27/2012,SLC,UT,ANM,WE,Towers with Radar,535,311,96,4,946,0,10,12,0,22,535,321,108,4,968,0,0,0,968
12/28/2012,SLC,UT,ANM,WE,Towers with Radar,531,275,96,0,902,0,22,70,0,92,531,297,166,0,994,4,0,4,998
12/29/2012,SLC,UT,ANM,WE,Towers with Radar,405,197,69,0,671,0,10,94,1,105,405,207,163,1,776,14,0,14,790
12/30/2012,SLC,UT,ANM,WE,Towers with Radar,402,202,48,3,655,0,9,46,0,55,402,211,94,3,710,18,0,18,728
12/31/2012,SLC,UT,ANM,WE,Towers with Radar,401,222,40,2,665,0,19,22,0,41,401,241,62,2,706,0,0,0,706
01/01/2013,SLC,UT,ANM,WE,Towers with Radar,378,185,75,0,638,0,2,50,0,52,378,187,125,0,690,0,0,0,690
01/02/2013,SLC,UT,ANM,WE,Towers with Radar,529,292,96,5,922,0,15,94,0,109,529,307,190,5,1031,16,0,16,1047
01/03/2013,SLC,UT,ANM,WE,Towers with Radar,489,272,73,6,840,0,19,96,2,117,489,291,169,8,957,0,0,0,957
01/04/2013,SLC,UT,ANM,WE,Towers with Radar,478,288,75,2,843,0,21,80,0,101,478,309,155,2,944,0,0,0,944
01/05/2013,SLC,UT,ANM,WE,Towers with Radar,364,193,76,0,633,0,10,66,0,76,364,203,142,0,709,4,0,4,713
01/06/2013,SLC,UT,ANM,WE,Towers with Radar,443,227,85,2,757,0,3,11,0,14,443,230,96,2,771,0,0,0,771
01/07/2013,SLC,UT,ANM,WE,Towers with Radar,464,244,47,8,763,0,10,36,0,46,464,254,83,8,809,0,0,0,809
01/08/2013,SLC,UT,ANM,WE,Towers with Radar,432,247,41,11,731,0,7,82,0,89,432,254,123,11,820,11,0,11,831
01/09/2013,SLC,UT,ANM,WE,Towers with Radar,442,248,68,6,764,0,18,148,0,166,442,266,216,6,930,0,0,0,930
01/10/2013,SLC,UT,ANM,WE,Towers with Radar,481,244,46,6,777,0,13,34,0,47,481,257,80,6,824,0,0,0,824
01/11/2013,SLC,UT,ANM,WE,Towers with Radar,479,294,49,4,826,0,0,9,0,9,479,294,58,4,835,0,0,0,835
01/12/2013,SLC,UT,ANM,WE,Towers with Radar,359,203,38,2,602,2,11,28,0,41,361,214,66,2,643,14,0,14,657
01/13/2013,SLC,UT,ANM,WE,Towers with Radar,450,205,50,3,708,0,12,89,0,101,450,217,139,3,809,0,0,0,809
01/14/2013,SLC,UT,ANM,WE,Towers with Radar,457,241,55,3,756,0,27,109,0,136,457,268,164,3,892,8,0,8,900
01/15/2013,SLC,UT,ANM,WE,Towers with Radar,427,243,63,8,741,0,20,115,0,135,427,263,178,8,876,0,0,0,876
01/16/2013,SLC,UT,ANM,WE,Towers with Radar,443,256,76,10,785,0,20,112,0,132,443,276,188,10,917,20,0,20,937
01/17/2013,SLC,UT,ANM,WE,Towers with Radar,476,284,138,11,909,0,20,91,0,111,476,304,229,11,1020,2,0,2,1022
01/18/2013,SLC,UT,ANM,WE,Towers with Radar,479,295,110,5,889,0,5,49,0,54,479,300,159,5,943,0,0,0,943
01/19/2013,SLC,UT,ANM,WE,Towers with Radar,359,196,47,2,604,0,4,37,0,41,359,200,84,2,645,0,0,0,645
01/20/2013,SLC,UT,ANM,WE,Towers with Radar,379,201,57,3,640,0,2,31,0,33,379,203,88,3,673,0,0,0,673
01/21/2013,SLC,UT,ANM,WE,Towers with Radar,461,275,116,1,853,0,14,80,0,94,461,289,196,1,947,0,0,0,947
01/22/2013,SLC,UT,ANM,WE,Towers with Radar,443,239,71,5,758,0,13,83,0,96,443,252,154,5,854,0,0,0,854
01/23/2013,SLC,UT,ANM,WE,Towers with Radar,444,251,67,12,774,0,18,76,0,94,444,269,143,12,868,0,0,0,868
01/24/2013,SLC,UT,ANM,WE,Towers with Radar,357,200,59,1,617,0,3,1,0,4,357,203,60,1,621,0,0,0,621
01/25/2013,SLC,UT,ANM,WE,Towers with Radar,474,282,87,4,847,0,0,6,0,6,474,282,93,4,853,0,0,0,853
01/26/2013,SLC,UT,ANM,WE,Towers with Radar,374,189,45,1,609,0,0,1,0,1,374,189,46,1,610,0,0,0,610
01/27/2013,SLC,UT,ANM,WE,Towers with Radar,399,174,57,1,631,0,0,16,0,16,399,174,73,1,647,0,0,0,647
01/28/2013,SLC,UT,ANM,WE,Towers with Radar,475,272,79,5,831,0,17,103,0,120,475,289,182,5,951,0,0,0,951
01/29/2013,SLC,UT,ANM,WE,Towers with Radar,426,260,55,8,749,0,3,27,0,30,426,263,82,8,779,0,0,0,779
01/30/2013,SLC,UT,ANM,WE,Towers with Radar,443,251,65,6,765,0,8,49,1,58,443,259,114,7,823,0,0,0,823
01/31/2013,SLC,UT,ANM,WE,Towers with Radar,470,280,83,12,845,0,12,183,2,197,470,292,266,14,1042,34,0,34,1076
02/01/2013,SLC,UT,ANM,WE,Towers with Radar,473,263,53,3,792,0,19,251,0,270,473,282,304,3,1062,12,0,12,1074
02/02/2013,SLC,UT,ANM,WE,Towers with Radar,357,176,35,6,574,0,9,179,0,188,357,185,214,6,762,10,0,10,772
02/03/2013,SLC,UT,ANM,WE,Towers with Radar,420,197,66,0,683,0,1,5,0,6,420,198,71,0,689,0,0,0,689
02/04/2013,SLC,UT,ANM,WE,Towers with Radar,471,263,71,3,808,0,12,66,0,78,471,275,137,3,886,0,0,0,886
02/05/2013,SLC,UT,ANM,WE,Towers with Radar,440,264,64,10,778,0,11,94,0,105,440,275,158,10,883,28,0,28,911
02/06/2013,SLC,UT,ANM,WE,Towers with Radar,450,263,107,7,827,0,0,3,0,3,450,263,110,7,830,0,0,0,830
02/07/2013,SLC,UT,ANM,WE,Towers with Radar,490,273,74,12,849,0,14,142,3,159,490,287,216,15,1008,18,0,18,1026
02/08/2013,SLC,UT,ANM,WE,Towers with Radar,460,267,88,4,819,0,21,80,0,101,460,288,168,4,920,0,0,0,920
02/09/2013,SLC,UT,ANM,WE,Towers with Radar,355,194,34,4,587,0,2,41,0,43,355,196,75,4,630,0,0,0,630
02/10/2013,SLC,UT,ANM,WE,Towers with Radar,441,223,68,10,742,0,8,30,0,38,441,231,98,10,780,0,0,0,780
02/11/2013,SLC,UT,ANM,WE,Towers with Radar,465,250,59,8,782,0,28,186,0,214,465,278,245,8,996,78,0,78,1074
02/12/2013,SLC,UT,ANM,WE,Towers with Radar,430,246,60,10,746,0,6,182,0,188,430,252,242,10,934,0,0,0,934
02/13/2013,SLC,UT,ANM,WE,Towers with Radar,446,250,40,8,744,0,18,190,0,208,446,268,230,8,952,22,0,22,974
02/14/2013,SLC,UT,ANM,WE,Towers with Radar,484,294,85,7,870,0,46,160,0,206,484,340,245,7,1076,0,0,0,1076
02/15/2013,SLC,UT,ANM,WE,Towers with Radar,488,295,97,3,883,0,19,178,3,200,488,314,275,6,1083,12,0,12,1095
02/16/2013,SLC,UT,ANM,WE,Towers with Radar,379,179,50,5,613,0,10,151,2,163,379,189,201,7,776,0,0,0,776
02/17/2013,SLC,UT,ANM,WE,Towers with Radar,407,208,51,1,667,0,2,45,0,47,407,210,96,1,714,26,0,26,740
02/18/2013,SLC,UT,ANM,WE,Towers with Radar,476,274,110,1,861,0,20,162,0,182,476,294,272,1,1043,0,0,0,1043
02/19/2013,SLC,UT,ANM,WE,Towers with Radar,464,239,74,9,786,0,21,145,0,166,464,260,219,9,952,0,0,0,952
02/20/2013,SLC,UT,ANM,WE,Towers with Radar,479,276,83,7,845,0,12,127,0,139,479,288,210,7,984,14,0,14,998
02/21/2013,SLC,UT,ANM,WE,Towers with Radar,480,267,80,10,837,0,22,149,0,171,480,289,229,10,1008,6,0,6,1014
02/22/2013,SLC,UT,ANM,WE,Towers with Radar,494,275,67,7,843,0,17,94,0,111,494,292,161,7,954,8,0,8,962
02/23/2013,SLC,UT,ANM,WE,Towers with Radar,395,185,44,1,625,0,6,8,0,14,395,191,52,1,639,0,0,0,639
02/24/2013,SLC,UT,ANM,WE,Towers with Radar,446,230,57,3,736,0,7,86,0,93,446,237,143,3,829,0,0,0,829
02/25/2013,SLC,UT,ANM,WE,Towers with Radar,482,253,57,6,798,0,19,154,0,173,482,272,211,6,971,0,0,0,971
02/26/2013,SLC,UT,ANM,WE,Towers with Radar,451,235,49,8,743,0,16,130,0,146,451,251,179,8,889,0,0,0,889
02/27/2013,SLC,UT,ANM,WE,Towers with Radar,476,223,84,2,785,0,23,189,0,212,476,246,273,2,997,22,0,22,1019
02/28/2013,SLC,UT,ANM,WE,Towers with Radar,493,260,76,0,829,0,22,191,0,213,493,282,267,0,1042,0,0,0,1042
03/01/2013,SLC,UT,ANM,WE,Towers with Radar,500,244,68,2,814,0,19,167,0,186,500,263,235,2,1000,0,0,0,1000
03/02/2013,SLC,UT,ANM,WE,Towers with Radar,475,195,45,0,715,0,14,160,0,174,475,209,205,0,889,0,0,0,889
03/03/2013,SLC,UT,ANM,WE,Towers with Radar,492,217,60,2,771,0,2,35,0,37,492,219,95,2,808,11,0,11,819
03/04/2013,SLC,UT,ANM,WE,Towers with Radar,507,256,67,2,832,0,24,164,0,188,507,280,231,2,1020,16,0,16,1036
03/05/2013,SLC,UT,ANM,WE,Towers with Radar,497,245,51,4,797,0,18,192,0,210,497,263,243,4,1007,18,0,18,1025
03/06/2013,SLC,UT,ANM,WE,Towers with Radar,508,244,72,4,828,0,25,60,0,85,508,269,132,4,913,8,0,8,921
03/07/2013,SLC,UT,ANM,WE,Towers with Radar,505,262,69,6,842,0,15,144,0,159,505,277,213,6,1001,0,0,0,1001
03/08/2013,SLC,UT,ANM,WE,Towers with Radar,505,262,50,2,819,0,22,119,0,141,505,284,169,2,960,0,0,0,960
03/09/2013,SLC,UT,ANM,WE,Towers with Radar,468,202,62,0,732,0,19,109,0,128,468,221,171,0,860,38,0,38,898
03/10/2013,SLC,UT,ANM,WE,Towers with Radar,479,220,55,0,754,0,6,122,0,128,479,226,177,0,882,0,0,0,882
03/11/2013,SLC,UT,ANM,WE,Towers with Radar,509,252,87,6,854,0,23,152,0,175,509,275,239,6,1029,22,0,22,1051
03/12/2013,SLC,UT,ANM,WE,Towers with Radar,513,240,57,3,813,0,29,167,3,199,513,269,224,6,1012,8,0,8,1020
03/13/2013,SLC,UT,ANM,WE,Towers with Radar,525,249,61,6,841,0,19,200,4,223,525,268,261,10,1064,0,0,0,1064
03/14/2013,SLC,UT,ANM,WE,Towers with Radar,519,256,83,2,860,0,20,184,0,204,519,276,267,2,1064,0,0,0,1064
03/15/2013,SLC,UT,ANM,WE,Towers with Radar,518,272,86,5,881,0,21,215,0,236,518,293,301,5,1117,0,0,0,1117
03/16/2013,SLC,UT,ANM,WE,Towers with Radar,470,206,64,3,743,0,12,168,1,181,470,218,232,4,924,20,0,20,944
03/17/2013,SLC,UT,ANM,WE,Towers with Radar,485,223,54,4,766,0,2,57,0,59,485,225,111,4,825,18,0,18,843
03/18/2013,SLC,UT,ANM,WE,Towers with Radar,500,236,52,2,790,0,20,177,0,197,500,256,229,2,987,6,0,6,993
03/19/2013,SLC,UT,ANM,WE,Towers with Radar,537,238,58,2,835,0,25,180,0,205,537,263,238,2,1040,12,0,12,1052
03/20/2013,SLC,UT,ANM,WE,Towers with Radar,515,265,78,2,860,0,30,163,0,193,515,295,241,2,1053,10,0,10,1063
03/21/2013,SLC,UT,ANM,WE,Towers with Radar,513,274,84,4,875,0,22,107,0,129,513,296,191,4,1004,0,0,0,1004
03/22/2013,SLC,UT,ANM,WE,Towers with Radar,504,285,91,0,880,0,19,59,0,78,504,304,150,0,958,0,0,0,958
03/23/2013,SLC,UT,ANM,WE,Towers with Radar,470,210,72,1,753,0,9,119,0,128,470,219,191,1,881,6,0,6,887
03/24/2013,SLC,UT,ANM,WE,Towers with Radar,483,215,62,1,761,0,6,118,0,124,483,221,180,1,885,0,0,0,885
03/25/2013,SLC,UT,ANM,WE,Towers with Radar,510,258,44,2,814,0,16,159,0,175,510,274,203,2,989,24,0,24,1013
03/26/2013,SLC,UT,ANM,WE,Towers with Radar,527,250,57,5,839,0,17,177,1,195,527,267,234,6,1034,36,0,36,1070
03/27/2013,SLC,UT,ANM,WE,Towers with Radar,522,242,80,4,848,0,26,170,0,196,522,268,250,4,1044,12,0,12,1056
03/28/2013,SLC,UT,ANM,WE,Towers with Radar,509,245,66,12,832,0,29,179,0,208,509,274,245,12,1040,6,0,6,1046
03/29/2013,SLC,UT,ANM,WE,Towers with Radar,519,250,54,3,826,0,19,196,0,215,519,269,250,3,1041,0,0,0,1041
03/30/2013,SLC,UT,ANM,WE,Towers with Radar,476,200,41,1,718,0,15,180,0,195,476,215,221,1,913,0,0,0,913
03/31/2013,SLC,UT,ANM,WE,Towers with Radar,473,203,47,4,727,0,3,93,0,96,473,206,140,4,823,16,0,16,839
04/01/2013,SLC,UT,ANM,WE,Towers with Radar,510,245,61,6,822,0,13,69,0,82,510,258,130,6,904,0,0,0,904
04/02/2013,SLC,UT,ANM,WE,Towers with Radar,504,253,54,11,822,0,27,161,0,188,504,280,215,11,1010,10,0,10,1020
04/03/2013,SLC,UT,ANM,WE,Towers with Radar,513,247,64,4,828,0,23,155,0,178,513,270,219,4,1006,0,0,0,1006
04/04/2013,SLC,UT,ANM,WE,Towers with Radar,520,251,61,10,842,0,20,140,0,160,520,271,201,10,1002,0,0,0,1002
04/05/2013,SLC,UT,ANM,WE,Towers with Radar,510,249,55,4,818,0,25,104,0,129,510,274,159,4,947,0,0,0,947
04/06/2013,SLC,UT,ANM,WE,Towers with Radar,466,191,32,6,695,0,13,122,0,135,466,204,154,6,830,0,0,0,830
04/07/2013,SLC,UT,ANM,WE,Towers with Radar,487,206,52,4,749,0,2,82,0,84,487,208,134,4,833,16,0,16,849
04/08/2013,SLC,UT,ANM,WE,Towers with Radar,508,235,48,6,797,0,7,36,0,43,508,242,84,6,840,0,0,0,840
04/09/2013,SLC,UT,ANM,WE,Towers with Radar,477,242,53,8,780,0,52,62,0,114,477,294,115,8,894,48,0,48,942
04/10/2013,SLC,UT,ANM,WE,Towers with Radar,487,246,67,6,806,0,37,205,0,242,487,283,272,6,1048,18,0,18,1066
04/11/2013,SLC,UT,ANM,WE,Towers with Radar,515,233,49,5,802,0,17,152,1,170,515,250,201,6,972,0,0,0,972
04/12/2013,SLC,UT,ANM,WE,Towers with Radar,509,224,50,1,784,0,29,200,0,229,509,253,250,1,1013,22,0,22,1035
04/13/2013,SLC,UT,ANM,WE,Towers with Radar,416,167,25,0,608,0,29,62,0,91,416,196,87,0,699,0,0,0,699
04/14/2013,SLC,UT,ANM,WE,Towers with Radar,478,195,44,1,718,0,10,110,0,120,478,205,154,1,838,8,0,8,846
04/15/2013,SLC,UT,ANM,WE,Towers with Radar,489,230,40,13,772,0,15,86,0,101,489,245,126,13,873,0,0,0,873
04/16/2013,SLC,UT,ANM,WE,Towers with Radar,476,241,41,9,767,0,13,123,0,136,476,254,164,9,903,14,0,14,917
04/17/2013,SLC,UT,ANM,WE,Towers with Radar,478,236,45,4,763,14,25,149,3,191,492,261,194,7,954,8,0,8,962
04/18/2013,SLC,UT,ANM,WE,Towers with Radar,489,234,62,7,792,2,26,219,2,249,491,260,281,9,1041,0,0,0,1041
04/19/2013,SLC,UT,ANM,WE,Towers with Radar,502,241,62,6,811,0,10,162,0,172,502,251,224,6,983,0,0,0,983
04/20/2013,SLC,UT,ANM,WE,Towers with Radar,403,154,28,1,586,0,4,111,0,115,403,158,139,1,701,0,0,0,701
04/21/2013,SLC,UT,ANM,WE,Towers with Radar,471,193,23,8,695,0,13,120,1,134,471,206,143,9,829,0,0,0,829
04/22/2013,SLC,UT,ANM,WE,Towers with Radar,483,231,49,5,768,0,22,143,1,166,483,253,192,6,934,0,0,0,934
04/23/2013,SLC,UT,ANM,WE,Towers with Radar,483,235,54,8,780,0,24,194,0,218,483,259,248,8,998,0,0,0,998
04/24/2013,SLC,UT,ANM,WE,Towers with Radar,502,238,60,6,806,0,26,192,0,218,502,264,252,6,1024,0,0,0,1024
04/25/2013,SLC,UT,ANM,WE,Towers with Radar,504,230,48,11,793,0,19,191,0,210,504,249,239,11,1003,12,0,12,1015
04/26/2013,SLC,UT,ANM,WE,Towers with Radar,503,222,38,1,764,0,24,189,1,214,503,246,227,2,978,0,0,0,978
04/27/2013,SLC,UT,ANM,WE,Towers with Radar,404,151,22,5,582,0,21,161,2,184,404,172,183,7,766,28,0,28,794
04/28/2013,SLC,UT,ANM,WE,Towers with Radar,475,192,39,2,708,0,14,133,0,147,475,206,172,2,855,0,0,0,855
04/29/2013,SLC,UT,ANM,WE,Towers with Radar,496,220,49,5,770,0,26,146,1,173,496,246,195,6,943,18,0,18,961
04/30/2013,SLC,UT,ANM,WE,Towers with Radar,487,237,43,6,773,0,21,162,0,183,487,258,205,6,956,30,0,30,986
05/01/2013,SLC,UT,ANM,WE,Towers with Radar,501,234,50,4,789,0,24,161,2,187,501,258,211,6,976,8,0,8,984
05/02/2013,SLC,UT,ANM,WE,Towers with Radar,514,219,56,8,797,0,28,203,0,231,514,247,259,8,1028,0,0,0,1028
05/03/2013,SLC,UT,ANM,WE,Towers with Radar,505,231,54,4,794,0,30,183,0,213,505,261,237,4,1007,12,0,12,1019
05/04/2013,SLC,UT,ANM,WE,Towers with Radar,388,157,23,6,574,0,6,150,0,156,388,163,173,6,730,12,0,12,742
05/05/2013,SLC,UT,ANM,WE,Towers with Radar,472,199,31,3,705,0,5,99,0,104,472,204,130,3,809,0,0,0,809
05/06/2013,SLC,UT,ANM,WE,Towers with Radar,516,235,50,15,816,0,20,89,0,109,516,255,139,15,925,2,0,2,927
05/07/2013,SLC,UT,ANM,WE,Towers with Radar,484,231,52,13,780,0,16,107,0,123,484,247,159,13,903,0,0,0,903
05/08/2013,SLC,UT,ANM,WE,Towers with Radar,495,235,61,4,795,0,25,134,0,159,495,260,195,4,954,0,0,0,954
05/09/2013,SLC,UT,ANM,WE,Towers with Radar,498,237,46,12,793,0,25,150,0,175,498,262,196,12,968,0,0,0,968
05/10/2013,SLC,UT,ANM,WE,Towers with Radar,497,228,53,2,780,0,34,175,0,209,497,262,228,2,989,16,0,16,1005
05/11/2013,SLC,UT,ANM,WE,Towers with Radar,365,144,20,0,529,0,10,143,0,153,365,154,163,0,682,16,0,16,698
05/12/2013,SLC,UT,ANM,WE,Towers with Radar,427,182,28,0,637,0,7,98,0,105,427,189,126,0,742,12,0,12,754
05/13/2013,SLC,UT,ANM,WE,Towers with Radar,490,216,41,5,752,0,27,132,0,159,490,243,173,5,911,38,0,38,949
05/14/2013,SLC,UT,ANM,WE,Towers with Radar,482,231,59,8,780,0,22,167,0,189,482,253,226,8,969,14,0,14,983
05/15/2013,SLC,UT,ANM,WE,Towers with Radar,503,252,63,7,825,0,31,155,1,187,503,283,218,8,1012,22,0,22,1034
05/16/2013,SLC,UT,ANM,WE,Towers with Radar,512,229,68,8,817,0,27,178,1,206,512,256,246,9,1023,6,0,6,1029
05/17/2013,SLC,UT,ANM,WE,Towers with Radar,508,224,41,2,775,0,33,124,0,157,508,257,165,2,932,10,0,10,942
05/18/2013,SLC,UT,ANM,WE,Towers with Radar,392,159,25,0,576,0,13,80,0,93,392,172,105,0,669,0,0,0,669
05/19/2013,SLC,UT,ANM,WE,Towers with Radar,478,198,25,2,703,0,10,69,0,79,478,208,94,2,782,0,0,0,782
05/20/2013,SLC,UT,ANM,WE,Towers with Radar,492,214,46,6,758,0,17,129,0,146,492,231,175,6,904,0,0,0,904
05/21/2013,SLC,UT,ANM,WE,Towers with Radar,493,234,54,12,793,0,24,181,0,205,493,258,235,12,998,0,0,0,998
05/22/2013,SLC,UT,ANM,WE,Towers with Radar,499,238,58,6,801,0,24,77,0,101,499,262,135,6,902,4,0,4,906
05/23/2013,SLC,UT,ANM,WE,Towers with Radar,508,241,52,8,809,0,28,154,2,184,508,269,206,10,993,22,0,22,1015
05/24/2013,SLC,UT,ANM,WE,Towers with Radar,504,219,56,1,780,0,22,141,0,163,504,241,197,1,943,0,0,0,943
05/25/2013,SLC,UT,ANM,WE,Towers with Radar,366,148,13,1,528,0,12,81,0,93,366,160,94,1,621,0,0,0,621
05/26/2013,SLC,UT,ANM,WE,Towers with Radar,327,135,19,0,481,0,7,76,0,83,327,142,95,0,564,0,0,0,564
05/27/2013,SLC,UT,ANM,WE,Towers with Radar,454,185,39,2,680,0,8,116,0,124,454,193,155,2,804,12,0,12,816
05/28/2013,SLC,UT,ANM,WE,Towers with Radar,479,233,47,6,765,0,5,49,0,54,479,238,96,6,819,0,0,0,819
05/29/2013,SLC,UT,ANM,WE,Towers with Radar,506,232,53,7,798,0,21,126,0,147,506,253,179,7,945,0,0,0,945
05/30/2013,SLC,UT,ANM,WE,Towers with Radar,508,226,50,2,786,0,29,160,0,189,508,255,210,2,975,24,0,24,999
05/31/2013,SLC,UT,ANM,WE,Towers with Radar,499,215,53,4,771,0,34,168,0,202,499,249,221,4,973,36,0,36,1009
06/01/2013,SLC,UT,ANM,WE,Towers with Radar,400,155,24,5,584,0,21,147,0,168,400,176,171,5,752,30,0,30,782
06/02/2013,SLC,UT,ANM,WE,Towers with Radar,482,210,35,4,731,0,2,84,0,86,482,212,119,4,817,2,0,2,819
06/03/2013,SLC,UT,ANM,WE,Towers with Radar,493,231,31,5,760,0,26,132,1,159,493,257,163,6,919,0,0,0,919
06/04/2013,SLC,UT,ANM,WE,Towers with Radar,488,231,47,9,775,0,21,165,0,186,488,252,212,9,961,18,0,18,979
06/05/2013,SLC,UT,ANM,WE,Towers with Radar,501,242,55,6,804,0,24,155,2,181,501,266,210,8,985,10,0,10,995
06/06/2013,SLC,UT,ANM,WE,Towers with Radar,513,248,67,8,836,0,33,168,6,207,513,281,235,14,1043,0,0,0,1043
06/07/2013,SLC,UT,ANM,WE,Towers with Radar,509,246,42,3,800,0,27,148,0,175,509,273,190,3,975,0,0,0,975
06/08/2013,SLC,UT,ANM,WE,Towers with Radar,408,174,33,0,615,0,12,120,0,132,408,186,153,0,747,0,0,0,747
06/09/2013,SLC,UT,ANM,WE,Towers with Radar,492,195,49,3,739,0,8,85,0,93,492,203,134,3,832,0,0,0,832
06/10/2013,SLC,UT,ANM,WE,Towers with Radar,518,229,37,6,790,0,20,68,1,89,518,249,105,7,879,0,0,0,879
06/11/2013,SLC,UT,ANM,WE,Towers with Radar,544,239,30,6,819,0,28,156,0,184,544,267,186,6,1003,0,0,0,1003
06/12/2013,SLC,UT,ANM,WE,Towers with Radar,537,243,38,3,821,0,29,114,0,143,537,272,152,3,964,18,0,18,982
06/13/2013,SLC,UT,ANM,WE,Towers with Radar,551,228,65,3,847,0,49,83,1,133,551,277,148,4,980,0,0,0,980
06/14/2013,SLC,UT,ANM,WE,Towers with Radar,559,240,44,5,848,0,23,147,7,177,559,263,191,12,1025,14,0,14,1039
06/15/2013,SLC,UT,ANM,WE,Towers with Radar,507,190,36,2,735,0,18,145,0,163,507,208,181,2,898,16,0,16,914
06/16/2013,SLC,UT,ANM,WE,Towers with Radar,515,208,33,3,759,0,9,80,1,90,515,217,113,4,849,30,0,30,879
06/17/2013,SLC,UT,ANM,WE,Towers with Radar,533,228,49,3,813,0,14,121,2,137,533,242,170,5,950,0,0,0,950
06/18/2013,SLC,UT,ANM,WE,Towers with Radar,541,238,44,10,833,0,38,139,0,177,541,276,183,10,1010,10,0,10,1020
06/19/2013,SLC,UT,ANM,WE,Towers with Radar,546,257,57,5,865,0,90,95,1,186,546,347,152,6,1051,62,0,62,1113
06/20/2013,SLC,UT,ANM,WE,Towers with Radar,542,257,55,8,862,0,35,145,3,183,542,292,200,11,1045,62,0,62,1107
06/21/2013,SLC,UT,ANM,WE,Towers with Radar,534,249,47,5,835,0,23,149,2,174,534,272,196,7,1009,20,0,20,1029
06/22/2013,SLC,UT,ANM,WE,Towers with Radar,508,186,21,4,719,0,14,115,0,129,508,200,136,4,848,0,0,0,848
06/23/2013,SLC,UT,ANM,WE,Towers with Radar,507,217,36,5,765,0,4,91,0,95,507,221,127,5,860,38,0,38,898
06/24/2013,SLC,UT,ANM,WE,Towers with Radar,534,239,58,5,836,0,21,69,0,90,534,260,127,5,926,0,0,0,926
06/25/2013,SLC,UT,ANM,WE,Towers with Radar,543,248,63,6,860,0,21,169,4,194,543,269,232,10,1054,0,0,0,1054
06/26/2013,SLC,UT,ANM,WE,Towers with Radar,538,256,58,7,859,0,17,191,0,208,538,273,249,7,1067,0,0,0,1067
06/27/2013,SLC,UT,ANM,WE,Towers with Radar,545,232,72,6,855,0,27,166,0,193,545,259,238,6,1048,16,0,16,1064
06/28/2013,SLC,UT,ANM,WE,Towers with Radar,544,237,58,3,842,0,36,125,36,197,544,273,183,39,1039,0,0,0,1039
06/29/2013,SLC,UT,ANM,WE,Towers with Radar,505,201,51,0,757,0,26,94,0,120,505,227,145,0,877,0,0,0,877
06/30/2013,SLC,UT,ANM,WE,Towers with Radar,463,211,47,0,721,0,10,73,0,83,463,221,120,0,804,0,0,0,804
07/01/2013,SLC,UT,ANM,WE,Towers with Radar,481,211,39,6,737,0,23,128,0,151,481,234,167,6,888,0,0,0,888
07/02/2013,SLC,UT,ANM,WE,Towers with Radar,495,233,49,10,787,0,31,122,4,157,495,264,171,14,944,20,0,20,964
07/03/2013,SLC,UT,ANM,WE,Towers with Radar,547,254,41,6,848,0,39,127,0,166,547,293,168,6,1014,0,0,0,1014
07/04/2013,SLC,UT,ANM,WE,Towers with Radar,338,141,15,0,494,0,4,68,0,72,338,145,83,0,566,0,0,0,566
07/05/2013,SLC,UT,ANM,WE,Towers with Radar,398,179,28,0,605,0,30,77,0,107,398,209,105,0,712,0,0,0,712
07/06/2013,SLC,UT,ANM,WE,Towers with Radar,513,195,30,0,738,0,22,76,0,98,513,217,106,0,836,6,0,6,842
07/07/2013,SLC,UT,ANM,WE,Towers with Radar,561,241,80,2,884,0,2,79,0,81,561,243,159,2,965,0,0,0,965
07/08/2013,SLC,UT,ANM,WE,Towers with Radar,547,228,47,4,826,0,25,77,0,102,547,253,124,4,928,0,0,0,928
07/09/2013,SLC,UT,ANM,WE,Towers with Radar,557,248,57,6,868,0,24,120,2,146,557,272,177,8,1014,0,0,0,1014
07/10/2013,SLC,UT,ANM,WE,Towers with Radar,552,234,44,8,838,0,32,126,6,164,552,266,170,14,1002,0,0,0,1002
07/11/2013,SLC,UT,ANM,WE,Towers with Radar,553,248,50,4,855,0,33,96,0,129,553,281,146,4,984,14,0,14,998
07/12/2013,SLC,UT,ANM,WE,Towers with Radar,542,237,68,3,850,0,24,118,0,142,542,261,186,3,992,18,0,18,1010
07/13/2013,SLC,UT,ANM,WE,Towers with Radar,516,190,37,1,744,0,12,80,1,93,516,202,117,2,837,0,0,0,837
07/14/2013,SLC,UT,ANM,WE,Towers with Radar,511,211,49,2,773,0,2,82,0,84,511,213,131,2,857,0,0,0,857
07/15/2013,SLC,UT,ANM,WE,Towers with Radar,550,231,61,4,846,0,20,134,0,154,550,251,195,4,1000,0,0,0,1000
07/16/2013,SLC,UT,ANM,WE,Towers with Radar,555,243,52,2,852,0,23,101,0,124,555,266,153,2,976,0,0,0,976
07/17/2013,SLC,UT,ANM,WE,Towers with Radar,545,244,48,4,841,0,24,147,0,171,545,268,195,4,1012,4,0,4,1016
07/18/2013,SLC,UT,ANM,WE,Towers with Radar,543,237,58,6,844,0,29,136,0,165,543,266,194,6,1009,24,0,24,1033
07/19/2013,SLC,UT,ANM,WE,Towers with Radar,556,250,62,13,881,0,24,140,0,164,556,274,202,13,1045,16,0,16,1061
07/20/2013,SLC,UT,ANM,WE,Towers with Radar,505,180,21,3,709,0,15,119,0,134,505,195,140,3,843,0,0,0,843
07/21/2013,SLC,UT,ANM,WE,Towers with Radar,511,209,28,5,753,0,6,77,0,83,511,215,105,5,836,0,0,0,836
07/22/2013,SLC,UT,ANM,WE,Towers with Radar,543,231,30,11,815,0,21,113,0,134,543,252,143,11,949,0,0,0,949
07/23/2013,SLC,UT,ANM,WE,Towers with Radar,551,226,51,11,839,0,32,124,9,165,551,258,175,20,1004,36,0,36,1040
07/24/2013,SLC,UT,ANM,WE,Towers with Radar,551,250,76,6,883,0,28,132,2,162,551,278,208,8,1045,24,0,24,1069
07/25/2013,SLC,UT,ANM,WE,Towers with Radar,557,247,70,4,878,0,24,123,0,147,557,271,193,4,1025,0,0,0,1025
07/26/2013,SLC,UT,ANM,WE,Towers with Radar,556,225,51,4,836,0,28,136,1,165,556,253,187,5,1001,22,0,22,1023
07/27/2013,SLC,UT,ANM,WE,Towers with Radar,500,190,43,0,733,0,13,79,0,92,500,203,122,0,825,4,0,4,829
07/28/2013,SLC,UT,ANM,WE,Towers with Radar,510,222,41,1,774,0,9,78,0,87,510,231,119,1,861,0,0,0,861
07/29/2013,SLC,UT,ANM,WE,Towers with Radar,544,238,53,7,842,0,25,103,1,129,544,263,156,8,971,0,0,0,971
07/30/2013,SLC,UT,ANM,WE,Towers with Radar,552,251,49,10,862,0,37,139,3,179,552,288,188,13,1041,0,0,0,1041
07/31/2013,SLC,UT,ANM,WE,Towers with Radar,551,249,56,6,862,0,29,136,0,165,551,278,192,6,1027,0,0,0,1027
08/01/2013,SLC,UT,ANM,WE,Towers with Radar,556,241,65,10,872,0,26,82,15,123,556,267,147,25,995,6,0,6,1001
08/02/2013,SLC,UT,ANM,WE,Towers with Radar,541,243,52,1,837,0,24,143,0,167,541,267,195,1,1004,12,0,12,1016
08/03/2013,SLC,UT,ANM,WE,Towers with Radar,504,200,25,1,730,0,13,130,0,143,504,213,155,1,873,0,0,0,873
08/04/2013,SLC,UT,ANM,WE,Towers with Radar,512,212,56,0,780,0,3,100,0,103,512,215,156,0,883,4,0,4,887
08/05/2013,SLC,UT,ANM,WE,Towers with Radar,540,228,46,7,821,0,24,145,2,171,540,252,191,9,992,20,0,20,1012
08/06/2013,SLC,UT,ANM,WE,Towers with Radar,553,242,50,14,859,0,27,141,4,172,553,269,191,18,1031,8,0,8,1039
08/07/2013,SLC,UT,ANM,WE,Towers with Radar,551,250,43,4,848,2,23,152,1,178,553,273,195,5,1026,12,0,12,1038
08/08/2013,SLC,UT,ANM,WE,Towers with Radar,554,253,50,14,871,0,26,122,0,148,554,279,172,14,1019,4,0,4,1023
08/09/2013,SLC,UT,ANM,WE,Towers with Radar,545,246,54,7,852,2,24,106,0,132,547,270,160,7,984,0,0,0,984
08/10/2013,SLC,UT,ANM,WE,Towers with Radar,508,195,43,0,746,0,18,87,0,105,508,213,130,0,851,0,0,0,851
08/11/2013,SLC,UT,ANM,WE,Towers with Radar,513,210,58,3,784,0,5,56,0,61,513,215,114,3,845,0,0,0,845
08/12/2013,SLC,UT,ANM,WE,Towers with Radar,539,240,56,6,841,0,24,103,5,132,539,264,159,11,973,20,4,24,997
08/13/2013,SLC,UT,ANM,WE,Towers with Radar,541,245,56,13,855,0,33,104,0,137,541,278,160,13,992,22,0,22,1014
08/14/2013,SLC,UT,ANM,WE,Towers with Radar,548,245,52,8,853,0,35,126,0,161,548,280,178,8,1014,46,0,46,1060
08/15/2013,SLC,UT,ANM,WE,Towers with Radar,554,234,64,12,864,0,34,98,2,134,554,268,162,14,998,76,0,76,1074
08/16/2013,SLC,UT,ANM,WE,Towers with Radar,543,246,72,4,865,0,24,116,0,140,543,270,188,4,1005,0,0,0,1005
08/17/2013,SLC,UT,ANM,WE,Towers with Radar,491,197,40,0,728,0,18,67,0,85,491,215,107,0,813,0,0,0,813
08/18/2013,SLC,UT,ANM,WE,Towers with Radar,522,218,42,1,783,0,17,74,0,91,522,235,116,1,874,6,0,6,880
08/19/2013,SLC,UT,ANM,WE,Towers with Radar,536,225,66,7,834,0,31,114,0,145,536,256,180,7,979,0,0,0,979
08/20/2013,SLC,UT,ANM,WE,Towers with Radar,517,241,72,10,840,0,22,83,4,109,517,263,155,14,949,0,0,0,949
08/21/2013,SLC,UT,ANM,WE,Towers with Radar,530,242,66,6,844,0,36,130,2,168,530,278,196,8,1012,0,0,0,1012
08/22/2013,SLC,UT,ANM,WE,Towers with Radar,522,245,51,8,826,0,25,61,0,86,522,270,112,8,912,0,0,0,912
08/23/2013,SLC,UT,ANM,WE,Towers with Radar,530,255,69,4,858,0,21,59,0,80,530,276,128,4,938,0,0,0,938
08/24/2013,SLC,UT,ANM,WE,Towers with Radar,455,189,35,1,680,0,7,69,0,76,455,196,104,1,756,0,0,0,756
08/25/2013,SLC,UT,ANM,WE,Towers with Radar,496,214,37,4,751,0,13,46,0,59,496,227,83,4,810,18,0,18,828
08/26/2013,SLC,UT,ANM,WE,Towers with Radar,517,247,39,7,810,0,25,81,0,106,517,272,120,7,916,28,4,32,948
08/27/2013,SLC,UT,ANM,WE,Towers with Radar,505,248,46,14,813,0,35,79,0,114,505,283,125,14,927,30,0,30,957
08/28/2013,SLC,UT,ANM,WE,Towers with Radar,518,269,55,4,846,0,32,92,8,132,518,301,147,12,978,144,0,144,1122
08/29/2013,SLC,UT,ANM,WE,Towers with Radar,531,252,68,7,858,0,22,130,0,152,531,274,198,7,1010,6,0,6,1016
08/30/2013,SLC,UT,ANM,WE,Towers with Radar,524,252,63,0,839,0,19,134,1,154,524,271,197,1,993,38,0,38,1031
08/31/2013,SLC,UT,ANM,WE,Towers with Radar,344,169,23,0,536,0,11,86,0,97,344,180,109,0,633,0,0,0,633
09/01/2013,SLC,UT,ANM,WE,Towers with Radar,335,139,23,0,497,0,12,50,0,62,335,151,73,0,559,0,0,0,559
09/02/2013,SLC,UT,ANM,WE,Towers with Radar,486,226,59,0,771,0,6,66,0,72,486,232,125,0,843,0,0,0,843
09/03/2013,SLC,UT,ANM,WE,Towers with Radar,486,226,50,4,766,0,29,74,1,104,486,255,124,5,870,0,0,0,870
09/04/2013,SLC,UT,ANM,WE,Towers with Radar,516,228,58,4,806,0,24,103,3,130,516,252,161,7,936,8,4,12,948
09/05/2013,SLC,UT,ANM,WE,Towers with Radar,523,253,59,6,841,0,26,127,2,155,523,279,186,8,996,20,0,20,1016
09/06/2013,SLC,UT,ANM,WE,Towers with Radar,532,246,60,8,846,0,16,116,4,136,532,262,176,12,982,14,0,14,996
09/07/2013,SLC,UT,ANM,WE,Towers with Radar,396,168,27,3,594,2,7,96,0,105,398,175,123,3,699,0,0,0,699
09/08/2013,SLC,UT,ANM,WE,Towers with Radar,492,213,40,6,751,0,10,52,0,62,492,223,92,6,813,0,0,0,813
09/09/2013,SLC,UT,ANM,WE,Towers with Radar,512,216,51,6,785,0,29,153,0,182,512,245,204,6,967,0,0,0,967
09/10/2013,SLC,UT,ANM,WE,Towers with Radar,484,225,68,11,788,0,19,121,4,144,484,244,189,15,932,0,0,0,932
09/11/2013,SLC,UT,ANM,WE,Towers with Radar,508,233,60,2,803,0,27,117,1,145,508,260,177,3,948,0,0,0,948
09/12/2013,SLC,UT,ANM,WE,Towers with Radar,520,248,60,10,838,0,22,69,0,91,520,270,129,10,929,0,0,0,929
09/13/2013,SLC,UT,ANM,WE,Towers with Radar,522,257,54,3,836,0,23,80,0,103,522,280,134,3,939,24,0,24,963
09/14/2013,SLC,UT,ANM,WE,Towers with Radar,405,180,30,1,616,0,14,90,3,107,405,194,120,4,723,0,0,0,723
09/15/2013,SLC,UT,ANM,WE,Towers with Radar,486,201,50,3,740,0,7,110,7,124,486,208,160,10,864,50,0,50,914
09/16/2013,SLC,UT,ANM,WE,Towers with Radar,508,224,48,8,788,0,23,129,0,152,508,247,177,8,940,0,0,0,940
09/17/2013,SLC,UT,ANM,WE,Towers with Radar,476,227,53,8,764,0,21,57,0,78,476,248,110,8,842,0,0,0,842
09/18/2013,SLC,UT,ANM,WE,Towers with Radar,511,235,62,6,814,0,29,170,2,201,511,264,232,8,1015,40,0,40,1055
09/19/2013,SLC,UT,ANM,WE,Towers with Radar,530,240,72,6,848,0,30,186,10,226,530,270,258,16,1074,0,0,0,1074
09/20/2013,SLC,UT,ANM,WE,Towers with Radar,528,238,44,4,814,0,31,181,0,212,528,269,225,4,1026,0,0,0,1026
09/21/2013,SLC,UT,ANM,WE,Towers with Radar,395,165,29,0,589,0,18,104,0,122,395,183,133,0,711,10,0,10,721
09/22/2013,SLC,UT,ANM,WE,Towers with Radar,499,193,33,2,727,0,3,75,0,78,499,196,108,2,805,34,0,34,839
09/23/2013,SLC,UT,ANM,WE,Towers with Radar,516,225,35,8,784,0,18,178,0,196,516,243,213,8,980,0,0,0,980
09/24/2013,SLC,UT,ANM,WE,Towers with Radar,472,228,54,6,760,0,23,115,0,138,472,251,169,6,898,0,0,0,898
09/25/2013,SLC,UT,ANM,WE,Towers with Radar,512,249,50,0,811,0,9,71,0,80,512,258,121,0,891,0,0,0,891
09/26/2013,SLC,UT,ANM,WE,Towers with Radar,511,261,50,6,828,0,28,128,0,156,511,289,178,6,984,0,0,0,984
09/27/2013,SLC,UT,ANM,WE,Towers with Radar,513,258,59,2,832,0,23,92,0,115,513,281,151,2,947,40,0,40,987
09/28/2013,SLC,UT,ANM,WE,Towers with Radar,388,163,33,0,584,0,18,135,1,154,388,181,168,1,738,20,0,20,758
09/29/2013,SLC,UT,ANM,WE,Towers with Radar,496,220,44,3,763,0,8,88,0,96,496,228,132,3,859,0,0,0,859
09/30/2013,SLC,UT,ANM,WE,Towers with Radar,502,242,39,2,785,0,22,81,0,103,502,264,120,2,888,0,0,0,888
10/01/2013,SLC,UT,ANM,WE,Towers with Radar,462,219,57,0,738,0,31,173,0,204,462,250,230,0,942,18,0,18,960
10/02/2013,SLC,UT,ANM,WE,Towers with Radar,503,243,65,3,814,0,22,156,0,178,503,265,221,3,992,26,0,26,1018
10/03/2013,SLC,UT,ANM,WE,Towers with Radar,504,250,61,4,819,0,18,87,0,105,504,268,148,4,924,0,0,0,924
10/04/2013,SLC,UT,ANM,WE,Towers with Radar,498,235,62,0,795,0,30,126,0,156,498,265,188,0,951,0,0,0,951
10/05/2013,SLC,UT,ANM,WE,Towers with Radar,383,175,26,2,586,0,16,159,0,175,383,191,185,2,761,0,0,0,761
10/06/2013,SLC,UT,ANM,WE,Towers with Radar,471,207,40,0,718,0,13,120,0,133,471,220,160,0,851,0,0,0,851
10/07/2013,SLC,UT,ANM,WE,Towers with Radar,496,239,49,3,787,0,14,145,0,159,496,253,194,3,946,0,0,0,946
10/08/2013,SLC,UT,ANM,WE,Towers with Radar,464,225,54,2,745,0,24,153,0,177,464,249,207,2,922,0,0,0,922
10/09/2013,SLC,UT,ANM,WE,Towers with Radar,491,264,49,2,806,0,13,120,0,133,491,277,169,2,939,0,0,0,939
10/10/2013,SLC,UT,ANM,WE,Towers with Radar,507,253,57,4,821,0,2,64,0,66,507,255,121,4,887,0,0,0,887
10/11/2013,SLC,UT,ANM,WE,Towers with Radar,502,253,53,4,812,0,25,172,0,197,502,278,225,4,1009,0,0,0,1009
10/12/2013,SLC,UT,ANM,WE,Towers with Radar,380,172,27,1,580,0,10,138,0,148,380,182,165,1,728,16,0,16,744
10/13/2013,SLC,UT,ANM,WE,Towers with Radar,461,205,34,1,701,0,7,49,0,56,461,212,83,1,757,6,0,6,763
10/14/2013,SLC,UT,ANM,WE,Towers with Radar,494,225,38,4,761,0,27,141,0,168,494,252,179,4,929,0,0,0,929
10/15/2013,SLC,UT,ANM,WE,Towers with Radar,469,213,43,4,729,0,43,148,0,191,469,256,191,4,920,48,0,48,968
10/16/2013,SLC,UT,ANM,WE,Towers with Radar,504,259,50,4,817,0,40,168,0,208,504,299,218,4,1025,0,0,0,1025
10/17/2013,SLC,UT,ANM,WE,Towers with Radar,500,234,60,7,801,0,23,159,0,182,500,257,219,7,983,0,0,0,983
10/18/2013,SLC,UT,ANM,WE,Towers with Radar,492,240,43,2,777,0,20,167,8,195,492,260,210,10,972,0,0,0,972
10/19/2013,SLC,UT,ANM,WE,Towers with Radar,383,156,20,0,559,0,18,148,0,166,383,174,168,0,725,0,0,0,725
10/20/2013,SLC,UT,ANM,WE,Towers with Radar,480,209,47,4,740,0,7,102,0,109,480,216,149,4,849,0,0,0,849
10/21/2013,SLC,UT,ANM,WE,Towers with Radar,491,220,51,5,767,0,23,149,0,172,491,243,200,5,939,0,0,0,939
10/22/2013,SLC,UT,ANM,WE,Towers with Radar,462,223,52,6,743,0,26,152,0,178,462,249,204,6,921,0,0,0,921
10/23/2013,SLC,UT,ANM,WE,Towers with Radar,495,231,48,4,778,0,30,162,2,194,495,261,210,6,972,18,0,18,990
10/24/2013,SLC,UT,ANM,WE,Towers with Radar,501,238,47,8,794,0,25,162,0,187,501,263,209,8,981,50,0,50,1031
10/25/2013,SLC,UT,ANM,WE,Towers with Radar,507,246,44,10,807,0,24,182,0,206,507,270,226,10,1013,0,0,0,1013
10/26/2013,SLC,UT,ANM,WE,Towers with Radar,381,163,26,0,570,0,13,152,1,166,381,176,178,1,736,0,0,0,736
10/27/2013,SLC,UT,ANM,WE,Towers with Radar,476,202,22,4,704,0,3,69,0,72,476,205,91,4,776,0,0,0,776
10/28/2013,SLC,UT,ANM,WE,Towers with Radar,491,232,47,6,776,0,18,45,0,63,491,250,92,6,839,0,0,0,839
10/29/2013,SLC,UT,ANM,WE,Towers with Radar,461,223,34,6,724,0,20,100,0,120,461,243,134,6,844,0,0,0,844
10/30/2013,SLC,UT,ANM,WE,Towers with Radar,505,255,52,7,819,0,21,97,0,118,505,276,149,7,937,0,0,0,937
10/31/2013,SLC,UT,ANM,WE,Towers with Radar,416,203,36,4,659,0,33,153,0,186,416,236,189,4,845,16,0,16,861
11/01/2013,SLC,UT,ANM,WE,Towers with Radar,494,231,42,2,769,0,19,165,0,184,494,250,207,2,953,0,0,0,953
11/02/2013,SLC,UT,ANM,WE,Towers with Radar,388,162,24,0,574,0,13,118,0,131,388,175,142,0,705,10,0,10,715
11/03/2013,SLC,UT,ANM,WE,Towers with Radar,465,197,25,10,697,0,9,37,0,46,465,206,62,10,743,6,0,6,749
11/04/2013,SLC,UT,ANM,WE,Towers with Radar,491,212,37,5,745,0,20,79,0,99,491,232,116,5,844,0,0,0,844
11/05/2013,SLC,UT,ANM,WE,Towers with Radar,461,219,48,14,742,0,14,95,8,117,461,233,143,22,859,0,0,0,859
11/06/2013,SLC,UT,ANM,WE,Towers with Radar,501,242,54,10,807,0,24,153,0,177,501,266,207,10,984,0,0,0,984
11/07/2013,SLC,UT,ANM,WE,Towers with Radar,511,233,48,10,802,0,17,143,10,170,511,250,191,20,972,18,0,18,990
11/08/2013,SLC,UT,ANM,WE,Towers with Radar,509,236,51,3,799,0,20,157,0,177,509,256,208,3,976,0,0,0,976
11/09/2013,SLC,UT,ANM,WE,Towers with Radar,376,169,28,1,574,0,20,152,0,172,376,189,180,1,746,0,0,0,746
11/10/2013,SLC,UT,ANM,WE,Towers with Radar,467,194,27,3,691,0,8,127,0,135,467,202,154,3,826,0,0,0,826
11/11/2013,SLC,UT,ANM,WE,Towers with Radar,495,218,49,0,762,0,20,147,0,167,495,238,196,0,929,0,0,0,929
11/12/2013,SLC,UT,ANM,WE,Towers with Radar,444,214,41,8,707,0,23,152,0,175,444,237,193,8,882,0,0,0,882
11/13/2013,SLC,UT,ANM,WE,Towers with Radar,505,232,65,9,811,0,24,107,36,167,505,256,172,45,978,0,0,0,978
11/14/2013,SLC,UT,ANM,WE,Towers with Radar,508,229,50,10,797,0,26,147,0,173,508,255,197,10,970,16,0,16,986
11/15/2013,SLC,UT,ANM,WE,Towers with Radar,512,264,42,8,826,0,14,31,0,45,512,278,73,8,871,8,4,12,883
11/16/2013,SLC,UT,ANM,WE,Towers with Radar,376,168,23,2,569,0,5,41,0,46,376,173,64,2,615,0,0,0,615
11/17/2013,SLC,UT,ANM,WE,Towers with Radar,461,186,29,3,679,0,2,82,0,84,461,188,111,3,763,0,0,0,763
11/18/2013,SLC,UT,ANM,WE,Towers with Radar,500,219,45,9,773,0,22,142,0,164,500,241,187,9,937,0,0,0,937
11/19/2013,SLC,UT,ANM,WE,Towers with Radar,465,224,43,17,749,0,2,124,6,132,465,226,167,23,881,0,0,0,881
11/20/2013,SLC,UT,ANM,WE,Towers with Radar,498,247,51,11,807,0,4,137,0,141,498,251,188,11,948,18,0,18,966
11/21/2013,SLC,UT,ANM,WE,Towers with Radar,509,250,52,10,821,0,8,18,0,26,509,258,70,10,847,0,0,0,847
11/22/2013,SLC,UT,ANM,WE,Towers with Radar,505,256,54,3,818,0,22,138,0,160,505,278,192,3,978,0,0,0,978
11/23/2013,SLC,UT,ANM,WE,Towers with Radar,400,158,29,0,587,0,13,109,0,122,400,171,138,0,709,0,0,0,709
11/24/2013,SLC,UT,ANM,WE,Towers with Radar,409,164,37,0,610,0,14,110,0,124,409,178,147,0,734,22,0,22,756
11/25/2013,SLC,UT,ANM,WE,Towers with Radar,418,200,48,1,667,0,16,140,0,156,418,216,188,1,823,0,0,0,823
11/26/2013,SLC,UT,ANM,WE,Towers with Radar,468,239,60,7,774,0,27,150,3,180,468,266,210,10,954,8,0,8,962
11/27/2013,SLC,UT,ANM,WE,Towers with Radar,517,244,62,2,825,0,29,139,0,168,517,273,201,2,993,0,0,0,993
11/28/2013,SLC,UT,ANM,WE,Towers with Radar,252,102,8,0,362,0,3,35,0,38,252,105,43,0,400,0,0,0,400
11/29/2013,SLC,UT,ANM,WE,Towers with Radar,322,147,24,1,494,0,23,139,0,162,322,170,163,1,656,0,0,0,656
11/30/2013,SLC,UT,ANM,WE,Towers with Radar,482,202,47,0,731,0,13,138,0,151,482,215,185,0,882,0,0,0,882
12/01/2013,SLC,UT,ANM,WE,Towers with Radar,545,220,64,3,832,0,4,76,0,80,545,224,140,3,912,14,0,14,926
12/02/2013,SLC,UT,ANM,WE,Towers with Radar,547,243,63,6,859,0,9,59,0,68,547,252,122,6,927,0,0,0,927
12/03/2013,SLC,UT,ANM,WE,Towers with Radar,473,212,39,5,729,0,5,0,0,5,473,217,39,5,734,0,0,0,734
12/04/2013,SLC,UT,ANM,WE,Towers with Radar,469,218,50,2,739,0,38,82,0,120,469,256,132,2,859,0,0,0,859
12/05/2013,SLC,UT,ANM,WE,Towers with Radar,494,228,72,4,798,0,28,145,0,173,494,256,217,4,971,0,0,0,971
12/06/2013,SLC,UT,ANM,WE,Towers with Radar,479,227,54,6,766,2,24,125,1,152,481,251,179,7,918,34,0,34,952
12/07/2013,SLC,UT,ANM,WE,Towers with Radar,360,158,38,2,558,0,3,12,0,15,360,161,50,2,573,0,0,0,573
12/08/2013,SLC,UT,ANM,WE,Towers with Radar,424,182,34,5,645,0,3,44,0,47,424,185,78,5,692,0,0,0,692
12/09/2013,SLC,UT,ANM,WE,Towers with Radar,469,213,50,9,741,0,22,90,0,112,469,235,140,9,853,0,0,0,853
12/10/2013,SLC,UT,ANM,WE,Towers with Radar,451,214,43,13,721,0,40,135,0,175,451,254,178,13,896,0,0,0,896
12/11/2013,SLC,UT,ANM,WE,Towers with Radar,473,207,53,10,743,0,28,141,0,169,473,235,194,10,912,0,0,0,912
12/12/2013,SLC,UT,ANM,WE,Towers with Radar,490,217,54,10,771,0,18,135,0,153,490,235,189,10,924,18,0,18,942
12/13/2013,SLC,UT,ANM,WE,Towers with Radar,498,239,68,5,810,0,8,51,0,59,498,247,119,5,869,10,0,10,879
12/14/2013,SLC,UT,ANM,WE,Towers with Radar,361,180,36,2,579,0,5,32,0,37,361,185,68,2,616,0,0,0,616
12/15/2013,SLC,UT,ANM,WE,Towers with Radar,453,184,31,2,670,0,0,51,0,51,453,184,82,2,721,0,0,0,721
12/16/2013,SLC,UT,ANM,WE,Towers with Radar,473,175,45,4,697,0,3,59,0,62,473,178,104,4,759,0,0,0,759
12/17/2013,SLC,UT,ANM,WE,Towers with Radar,477,215,71,6,769,0,0,39,0,39,477,215,110,6,808,0,0,0,808
12/18/2013,SLC,UT,ANM,WE,Towers with Radar,490,222,63,6,781,0,13,46,1,60,490,235,109,7,841,0,0,0,841
12/19/2013,SLC,UT,ANM,WE,Towers with Radar,370,161,51,0,582,0,0,1,0,1,370,161,52,0,583,0,0,0,583
12/20/2013,SLC,UT,ANM,WE,Towers with Radar,590,301,109,3,1003,0,31,85,0,116,590,332,194,3,1119,0,0,0,1119
12/21/2013,SLC,UT,ANM,WE,Towers with Radar,519,270,66,0,855,0,2,3,0,5,519,272,69,0,860,0,0,0,860
12/22/2013,SLC,UT,ANM,WE,Towers with Radar,434,219,49,1,703,0,7,13,0,20,434,226,62,1,723,0,0,0,723
12/23/2013,SLC,UT,ANM,WE,Towers with Radar,446,271,60,8,785,0,15,64,1,80,446,286,124,9,865,0,0,0,865
12/24/2013,SLC,UT,ANM,WE,Towers with Radar,415,217,23,0,655,0,22,52,0,74,415,239,75,0,729,0,0,0,729
12/25/2013,SLC,UT,ANM,WE,Towers with Radar,352,170,15,0,537,0,3,25,0,28,352,173,40,0,565,0,0,0,565
12/26/2013,SLC,UT,ANM,WE,Towers with Radar,525,303,95,0,923,0,51,99,0,150,525,354,194,0,1073,0,0,0,1073
12/27/2013,SLC,UT,ANM,WE,Towers with Radar,536,278,88,0,902,0,18,71,0,89,536,296,159,0,991,0,0,0,991
12/28/2013,SLC,UT,ANM,WE,Towers with Radar,515,255,67,0,837,0,2,18,0,20,515,257,85,0,857,0,0,0,857
12/29/2013,SLC,UT,ANM,WE,Towers with Radar,418,198,40,0,656,0,4,31,0,35,418,202,71,0,691,32,0,32,723
12/30/2013,SLC,UT,ANM,WE,Towers with Radar,427,235,44,6,712,0,22,69,0,91,427,257,113,6,803,0,0,0,803
12/31/2013,SLC,UT,ANM,WE,Towers with Radar,401,232,49,6,688,0,24,59,1,84,401,256,108,7,772,8,0,8,780
01/01/2014,SLC,UT,ANM,WE,Towers with Radar,363,189,49,0,601,0,6,32,0,38,363,195,81,0,639,0,0,0,639
01/02/2014,SLC,UT,ANM,WE,Towers with Radar,525,294,73,2,894,0,19,77,0,96,525,313,150,2,990,2,0,2,992
01/03/2014,SLC,UT,ANM,WE,Towers with Radar,541,313,75,0,929,0,16,44,0,60,541,329,119,0,989,0,0,0,989
01/04/2014,SLC,UT,ANM,WE,Towers with Radar,481,256,73,2,812,0,4,63,0,67,481,260,136,2,879,0,0,0,879
01/05/2014,SLC,UT,ANM,WE,Towers with Radar,483,245,67,0,795,0,7,74,0,81,483,252,141,0,876,4,0,4,880
01/06/2014,SLC,UT,ANM,WE,Towers with Radar,467,222,55,4,748,0,22,98,2,122,467,244,153,6,870,0,0,0,870
01/07/2014,SLC,UT,ANM,WE,Towers with Radar,437,232,72,8,749,0,24,80,0,104,437,256,152,8,853,0,0,0,853
01/08/2014,SLC,UT,ANM,WE,Towers with Radar,446,257,58,2,763,0,1,0,0,1,446,258,58,2,764,0,0,0,764
01/09/2014,SLC,UT,ANM,WE,Towers with Radar,487,252,61,4,804,0,8,5,0,13,487,260,66,4,817,0,0,0,817
01/10/2014,SLC,UT,ANM,WE,Towers with Radar,479,245,59,3,786,0,11,63,0,74,479,256,122,3,860,0,0,0,860
01/11/2014,SLC,UT,ANM,WE,Towers with Radar,375,163,32,0,570,0,11,54,0,65,375,174,86,0,635,0,0,0,635
01/12/2014,SLC,UT,ANM,WE,Towers with Radar,454,199,56,0,709,0,2,31,0,33,454,201,87,0,742,0,0,0,742
01/13/2014,SLC,UT,ANM,WE,Towers with Radar,463,230,47,4,744,0,16,107,0,123,463,246,154,4,867,40,0,40,907
01/14/2014,SLC,UT,ANM,WE,Towers with Radar,450,213,51,8,722,0,20,125,0,145,450,233,176,8,867,10,0,10,877
01/15/2014,SLC,UT,ANM,WE,Towers with Radar,445,241,77,8,771,0,20,146,2,168,445,261,223,10,939,0,0,0,939
01/16/2014,SLC,UT,ANM,WE,Towers with Radar,470,278,99,8,855,0,16,94,0,110,470,294,193,8,965,0,0,0,965
01/17/2014,SLC,UT,ANM,WE,Towers with Radar,475,264,107,0,846,0,31,128,0,159,475,295,235,0,1005,4,0,4,1009
01/18/2014,SLC,UT,ANM,WE,Towers with Radar,362,160,46,3,571,0,11,105,0,116,362,171,151,3,687,10,0,10,697
01/19/2014,SLC,UT,ANM,WE,Towers with Radar,398,192,70,2,662,0,4,53,0,57,398,196,123,2,719,6,0,6,725
01/20/2014,SLC,UT,ANM,WE,Towers with Radar,470,289,121,0,880,0,15,64,0,79,470,304,185,0,959,0,0,0,959
01/21/2014,SLC,UT,ANM,WE,Towers with Radar,446,242,95,11,794,0,14,77,0,91,446,256,172,11,885,0,0,0,885
01/22/2014,SLC,UT,ANM,WE,Towers with Radar,450,262,89,6,807,0,3,37,0,40,450,265,126,6,847,24,0,24,871
01/23/2014,SLC,UT,ANM,WE,Towers with Radar,495,261,100,11,867,0,23,44,1,68,495,284,144,12,935,0,0,0,935
01/24/2014,SLC,UT,ANM,WE,Towers with Radar,468,241,66,5,780,0,20,129,0,149,468,261,195,5,929,24,0,24,953
01/25/2014,SLC,UT,ANM,WE,Towers with Radar,375,176,36,1,588,0,16,112,0,128,375,192,148,1,716,0,0,0,716
01/26/2014,SLC,UT,ANM,WE,Towers with Radar,451,207,59,3,720,0,5,67,0,72,451,212,126,3,792,20,0,20,812
01/27/2014,SLC,UT,ANM,WE,Towers with Radar,464,229,47,9,749,0,13,93,0,106,464,242,140,9,855,6,0,6,861
01/28/2014,SLC,UT,ANM,WE,Towers with Radar,419,220,58,10,707,0,28,139,0,167,419,248,197,10,874,10,0,10,884
01/29/2014,SLC,UT,ANM,WE,Towers with Radar,446,256,64,8,774,0,13,37,0,50,446,269,101,8,824,22,0,22,846
01/30/2014,SLC,UT,ANM,WE,Towers with Radar,464,252,70,12,798,0,4,46,0,50,464,256,116,12,848,0,0,0,848
01/31/2014,SLC,UT,ANM,WE,Towers with Radar,487,268,59,0,814,0,23,34,0,57,487,291,93,0,871,0,0,0,871
02/01/2014,SLC,UT,ANM,WE,Towers with Radar,348,157,42,1,548,0,10,56,0,66,348,167,98,1,614,34,0,34,648
02/02/2014,SLC,UT,ANM,WE,Towers with Radar,392,185,48,0,625,0,9,83,0,92,392,194,131,0,717,0,0,0,717
02/03/2014,SLC,UT,ANM,WE,Towers with Radar,469,240,70,5,784,0,18,110,0,128,469,258,180,5,912,28,0,28,940
02/04/2014,SLC,UT,ANM,WE,Towers with Radar,441,246,61,11,759,0,28,48,0,76,441,274,109,11,835,0,0,0,835
02/05/2014,SLC,UT,ANM,WE,Towers with Radar,436,239,67,10,752,0,19,153,0,172,436,258,220,10,924,0,0,0,924
02/06/2014,SLC,UT,ANM,WE,Towers with Radar,481,251,96,8,836,0,24,93,0,117,481,275,189,8,953,0,0,0,953
02/07/2014,SLC,UT,ANM,WE,Towers with Radar,477,256,58,3,794,0,31,64,0,95,477,287,122,3,889,0,0,0,889
02/08/2014,SLC,UT,ANM,WE,Towers with Radar,375,169,42,1,587,0,7,32,0,39,375,176,74,1,626,0,0,0,626
02/09/2014,SLC,UT,ANM,WE,Towers with Radar,443,200,65,3,711,0,3,20,0,23,443,203,85,3,734,0,0,0,734
02/10/2014,SLC,UT,ANM,WE,Towers with Radar,471,213,48,4,736,0,17,51,0,68,471,230,99,4,804,0,0,0,804
02/11/2014,SLC,UT,ANM,WE,Towers with Radar,437,228,55,11,731,0,20,129,0,149,437,248,184,11,880,36,0,36,916
02/12/2014,SLC,UT,ANM,WE,Towers with Radar,418,266,78,12,774,0,16,68,0,84,418,282,146,12,858,0,0,0,858
02/13/2014,SLC,UT,ANM,WE,Towers with Radar,467,279,103,8,857,0,18,80,0,98,467,297,183,8,955,0,0,0,955
02/14/2014,SLC,UT,ANM,WE,Towers with Radar,504,296,100,5,905,3,14,122,0,139,507,310,222,5,1044,0,0,0,1044
02/15/2014,SLC,UT,ANM,WE,Towers with Radar,380,171,57,0,608,0,8,138,0,146,380,179,195,0,754,0,0,0,754
02/16/2014,SLC,UT,ANM,WE,Towers with Radar,404,204,36,1,645,0,6,37,0,43,404,210,73,1,688,0,0,0,688
02/17/2014,SLC,UT,ANM,WE,Towers with Radar,486,243,100,2,831,0,15,151,0,166,486,258,251,2,997,0,0,0,997
02/18/2014,SLC,UT,ANM,WE,Towers with Radar,469,264,92,11,836,0,25,167,2,194,469,289,259,13,1030,14,0,14,1044
02/19/2014,SLC,UT,ANM,WE,Towers with Radar,477,245,87,9,818,0,19,40,0,59,477,264,127,9,877,0,0,0,877
02/20/2014,SLC,UT,ANM,WE,Towers with Radar,498,256,87,10,851,0,28,162,0,190,498,284,249,10,1041,16,0,16,1057
02/21/2014,SLC,UT,ANM,WE,Towers with Radar,492,242,78,5,817,0,24,155,0,179,492,266,233,5,996,40,0,40,1036
02/22/2014,SLC,UT,ANM,WE,Towers with Radar,409,178,44,1,632,0,9,113,0,122,409,187,157,1,754,14,0,14,768
02/23/2014,SLC,UT,ANM,WE,Towers with Radar,477,215,63,3,758,0,11,115,0,126,477,226,178,3,884,2,0,2,886
02/24/2014,SLC,UT,ANM,WE,Towers with Radar,490,223,63,7,783,0,23,118,0,141,490,246,181,7,924,0,0,0,924
02/25/2014,SLC,UT,ANM,WE,Towers with Radar,450,237,43,10,740,0,28,125,2,155,450,265,168,12,895,0,0,0,895
02/26/2014,SLC,UT,ANM,WE,Towers with Radar,475,243,66,8,792,0,27,138,0,165,475,270,204,8,957,0,0,0,957
02/27/2014,SLC,UT,ANM,WE,Towers with Radar,498,253,77,14,842,0,9,35,0,44,498,262,112,14,886,0,0,0,886
02/28/2014,SLC,UT,ANM,WE,Towers with Radar,499,253,47,7,806,0,14,58,1,73,499,267,105,8,879,0,0,0,879
03/01/2014,SLC,UT,ANM,WE,Towers with Radar,405,175,43,4,627,0,5,22,0,27,405,180,65,4,654,0,0,0,654
03/02/2014,SLC,UT,ANM,WE,Towers with Radar,480,230,60,0,770,0,3,70,0,73,480,233,130,0,843,0,0,0,843
03/03/2014,SLC,UT,ANM,WE,Towers with Radar,488,239,51,8,786,0,14,138,0,152,488,253,189,8,938,28,0,28,966
03/04/2014,SLC,UT,ANM,WE,Towers with Radar,482,242,54,7,785,0,21,71,0,92,482,263,125,7,877,0,0,0,877
03/05/2014,SLC,UT,ANM,WE,Towers with Radar,494,258,54,14,820,0,19,157,2,178,494,277,211,16,998,0,0,0,998
03/06/2014,SLC,UT,ANM,WE,Towers with Radar,511,271,69,11,862,0,3,115,0,118,511,274,184,11,980,0,0,0,980
03/07/2014,SLC,UT,ANM,WE,Towers with Radar,506,258,64,9,837,0,18,95,0,113,506,276,159,9,950,54,0,54,1004
03/08/2014,SLC,UT,ANM,WE,Towers with Radar,449,211,47,2,709,0,18,153,0,171,449,229,200,2,880,0,0,0,880
03/09/2014,SLC,UT,ANM,WE,Towers with Radar,479,228,63,3,773,0,7,66,0,73,479,235,129,3,846,0,0,0,846
03/10/2014,SLC,UT,ANM,WE,Towers with Radar,498,271,73,7,849,0,6,73,2,81,498,277,146,9,930,0,0,0,930
03/11/2014,SLC,UT,ANM,WE,Towers with Radar,495,246,63,9,813,0,17,71,0,88,495,263,134,9,901,4,0,4,905
03/12/2014,SLC,UT,ANM,WE,Towers with Radar,496,248,55,15,814,0,19,203,0,222,496,267,258,15,1036,66,0,66,1102
03/13/2014,SLC,UT,ANM,WE,Towers with Radar,500,255,90,10,855,0,16,131,0,147,500,271,221,10,1002,0,0,0,1002
03/14/2014,SLC,UT,ANM,WE,Towers with Radar,508,274,91,3,876,0,18,136,0,154,508,292,227,3,1030,0,0,0,1030
03/15/2014,SLC,UT,ANM,WE,Towers with Radar,446,217,40,3,706,0,12,88,0,100,446,229,128,3,806,54,0,54,860
03/16/2014,SLC,UT,ANM,WE,Towers with Radar,476,229,67,0,772,0,4,82,0,86,476,233,149,0,858,0,0,0,858
03/17/2014,SLC,UT,ANM,WE,Towers with Radar,495,266,53,5,819,0,25,12,0,37,495,291,65,5,856,30,0,30,886
03/18/2014,SLC,UT,ANM,WE,Towers with Radar,501,239,82,14,836,0,21,140,0,161,501,260,222,14,997,12,0,12,1009
03/19/2014,SLC,UT,ANM,WE,Towers with Radar,502,253,75,17,847,0,23,170,0,193,502,276,245,17,1040,26,0,26,1066
03/20/2014,SLC,UT,ANM,WE,Towers with Radar,513,257,67,9,846,0,26,150,0,176,513,283,217,9,1022,42,0,42,1064
03/21/2014,SLC,UT,ANM,WE,Towers with Radar,505,260,76,6,847,0,25,153,0,178,505,285,229,6,1025,26,0,26,1051
03/22/2014,SLC,UT,ANM,WE,Towers with Radar,452,209,37,1,699,0,22,136,0,158,452,231,173,1,857,6,0,6,863
03/23/2014,SLC,UT,ANM,WE,Towers with Radar,475,225,65,4,769,0,6,77,0,83,475,231,142,4,852,0,0,0,852
03/24/2014,SLC,UT,ANM,WE,Towers with Radar,494,245,52,6,797,0,20,127,0,147,494,265,179,6,944,0,0,0,944
03/25/2014,SLC,UT,ANM,WE,Towers with Radar,497,241,54,11,803,0,34,120,0,154,497,275,174,11,957,8,0,8,965
03/26/2014,SLC,UT,ANM,WE,Towers with Radar,502,262,62,12,838,0,23,42,0,65,502,285,104,12,903,16,0,16,919
03/27/2014,SLC,UT,ANM,WE,Towers with Radar,517,273,58,11,859,0,11,16,0,27,517,284,74,11,886,4,0,4,890
03/28/2014,SLC,UT,ANM,WE,Towers with Radar,503,272,58,7,840,0,18,155,1,174,503,290,213,8,1014,16,0,16,1030
03/29/2014,SLC,UT,ANM,WE,Towers with Radar,454,198,38,0,690,0,10,43,0,53,454,208,81,0,743,0,0,0,743
03/30/2014,SLC,UT,ANM,WE,Towers with Radar,488,220,48,0,756,0,0,10,0,10,488,220,58,0,766,0,0,0,766
03/31/2014,SLC,UT,ANM,WE,Towers with Radar,496,252,56,4,808,0,21,123,0,144,496,273,179,4,952,28,0,28,980
04/01/2014,SLC,UT,ANM,WE,Towers with Radar,492,236,40,12,780,0,7,35,0,42,492,243,75,12,822,0,0,0,822
04/02/2014,SLC,UT,ANM,WE,Towers with Radar,495,243,36,10,784,0,20,84,0,104,495,263,120,10,888,0,0,0,888
04/03/2014,SLC,UT,ANM,WE,Towers with Radar,498,239,65,10,812,0,32,175,0,207,498,271,240,10,1019,0,0,0,1019
04/04/2014,SLC,UT,ANM,WE,Towers with Radar,507,240,63,0,810,0,14,142,0,156,507,254,205,0,966,8,0,8,974
04/05/2014,SLC,UT,ANM,WE,Towers with Radar,414,167,33,1,615,0,8,50,0,58,414,175,83,1,673,0,0,0,673
04/06/2014,SLC,UT,ANM,WE,Towers with Radar,470,205,46,7,728,0,11,48,0,59,470,216,94,7,787,0,0,0,787
04/07/2014,SLC,UT,ANM,WE,Towers with Radar,490,221,47,7,765,0,21,130,2,153,490,242,177,9,918,0,0,0,918
04/08/2014,SLC,UT,ANM,WE,Towers with Radar,488,201,36,10,735,0,30,168,0,198,488,231,204,10,933,14,0,14,947
04/09/2014,SLC,UT,ANM,WE,Towers with Radar,495,222,61,11,789,0,18,152,4,174,495,240,213,15,963,28,0,28,991
04/10/2014,SLC,UT,ANM,WE,Towers with Radar,506,232,53,8,799,0,26,127,0,153,506,258,180,8,952,0,0,0,952
04/11/2014,SLC,UT,ANM,WE,Towers with Radar,504,236,56,6,802,0,17,113,0,130,504,253,169,6,932,0,0,0,932
04/12/2014,SLC,UT,ANM,WE,Towers with Radar,403,154,33,5,595,0,7,107,0,114,403,161,140,5,709,8,0,8,717
04/13/2014,SLC,UT,ANM,WE,Towers with Radar,480,198,42,2,722,0,8,16,0,24,480,206,58,2,746,0,0,0,746
04/14/2014,SLC,UT,ANM,WE,Towers with Radar,503,218,43,6,770,0,18,134,0,152,503,236,177,6,922,66,0,66,988
04/15/2014,SLC,UT,ANM,WE,Towers with Radar,491,206,56,10,763,0,28,95,0,123,491,234,151,10,886,0,0,0,886
04/16/2014,SLC,UT,ANM,WE,Towers with Radar,502,216,58,7,783,0,24,97,0,121,502,240,155,7,904,12,0,12,916
04/17/2014,SLC,UT,ANM,WE,Towers with Radar,499,239,52,9,799,0,21,151,0,172,499,260,203,9,971,8,0,8,979
04/18/2014,SLC,UT,ANM,WE,Towers with Radar,454,211,46,3,714,0,29,151,0,180,454,240,197,3,894,0,0,0,894
04/19/2014,SLC,UT,ANM,WE,Towers with Radar,373,151,17,3,544,0,15,132,0,147,373,166,149,3,691,4,0,4,695
04/20/2014,SLC,UT,ANM,WE,Towers with Radar,402,181,23,0,606,0,11,75,0,86,402,192,98,0,692,0,0,0,692
04/21/2014,SLC,UT,ANM,WE,Towers with Radar,496,220,46,10,772,0,20,130,2,152,496,240,176,12,924,0,0,0,924
04/22/2014,SLC,UT,ANM,WE,Towers with Radar,490,220,51,1,762,0,10,32,0,42,490,230,83,1,804,0,0,0,804
04/23/2014,SLC,UT,ANM,WE,Towers with Radar,504,240,57,12,813,0,17,176,1,194,504,257,233,13,1007,20,0,20,1027
04/24/2014,SLC,UT,ANM,WE,Towers with Radar,500,231,45,8,784,0,32,142,0,174,500,263,187,8,958,32,0,32,990
04/25/2014,SLC,UT,ANM,WE,Towers with Radar,522,251,37,6,816,0,11,92,0,103,522,262,129,6,919,0,0,0,919
04/26/2014,SLC,UT,ANM,WE,Towers with Radar,405,171,23,0,599,0,7,8,0,15,405,178,31,0,614,0,0,0,614
04/27/2014,SLC,UT,ANM,WE,Towers with Radar,482,188,33,5,708,0,3,76,0,79,482,191,109,5,787,0,0,0,787
04/28/2014,SLC,UT,ANM,WE,Towers with Radar,492,223,46,7,768,0,14,98,0,112,492,237,144,7,880,0,0,0,880
04/29/2014,SLC,UT,ANM,WE,Towers with Radar,486,212,48,8,754,0,25,147,0,172,486,237,195,8,926,4,0,4,930
04/30/2014,SLC,UT,ANM,WE,Towers with Radar,504,237,60,9,810,0,27,155,0,182,504,264,215,9,992,0,0,0,992
05/01/2014,SLC,UT,ANM,WE,Towers with Radar,509,236,57,2,804,0,30,157,0,187,509,266,214,2,991,0,0,0,991
05/02/2014,SLC,UT,ANM,WE,Towers with Radar,498,221,27,9,755,0,27,149,3,179,498,248,176,12,934,36,0,36,970
05/03/2014,SLC,UT,ANM,WE,Towers with Radar,391,151,17,1,560,0,14,111,1,126,391,165,128,2,686,6,0,6,692
05/04/2014,SLC,UT,ANM,WE,Towers with Radar,484,183,28,3,698,0,2,96,1,99,484,185,124,4,797,20,0,20,817
05/05/2014,SLC,UT,ANM,WE,Towers with Radar,495,201,41,13,750,2,22,108,1,133,497,223,149,14,883,18,0,18,901
05/06/2014,SLC,UT,ANM,WE,Towers with Radar,490,224,48,12,774,0,12,68,0,80,490,236,116,12,854,0,0,0,854
05/07/2014,SLC,UT,ANM,WE,Towers with Radar,492,240,59,8,799,0,13,45,0,58,492,253,104,8,857,0,0,0,857
05/08/2014,SLC,UT,ANM,WE,Towers with Radar,505,235,59,12,811,0,17,154,2,173,505,252,213,14,984,0,0,0,984
05/09/2014,SLC,UT,ANM,WE,Towers with Radar,518,244,46,3,811,0,16,53,0,69,518,260,99,3,880,10,0,10,890
05/10/2014,SLC,UT,ANM,WE,Towers with Radar,360,157,35,0,552,0,13,42,1,56,360,170,77,1,608,6,0,6,614
05/11/2014,SLC,UT,ANM,WE,Towers with Radar,434,174,20,0,628,0,7,30,1,38,434,181,50,1,666,0,0,0,666
05/12/2014,SLC,UT,ANM,WE,Towers with Radar,491,209,58,10,768,0,30,96,1,127,491,239,154,11,895,10,0,10,905
05/13/2014,SLC,UT,ANM,WE,Towers with Radar,491,208,46,19,764,0,20,199,3,222,491,228,245,22,986,14,0,14,1000
05/14/2014,SLC,UT,ANM,WE,Towers with Radar,504,225,51,9,789,0,26,177,1,204,504,251,228,10,993,0,0,0,993
05/15/2014,SLC,UT,ANM,WE,Towers with Radar,500,222,67,13,802,0,24,146,1,171,500,246,213,14,973,0,0,0,973
05/16/2014,SLC,UT,ANM,WE,Towers with Radar,507,221,43,8,779,0,23,104,1,128,507,244,147,9,907,8,0,8,915
05/17/2014,SLC,UT,ANM,WE,Towers with Radar,399,154,21,0,574,0,15,98,1,114,399,169,119,1,688,0,0,0,688
05/18/2014,SLC,UT,ANM,WE,Towers with Radar,489,172,25,3,689,0,5,69,0,74,489,177,94,3,763,0,0,0,763
05/19/2014,SLC,UT,ANM,WE,Towers with Radar,508,207,40,5,760,0,24,101,0,125,508,231,141,5,885,0,0,0,885
05/20/2014,SLC,UT,ANM,WE,Towers with Radar,487,221,58,10,776,0,22,115,0,137,487,243,173,10,913,20,0,20,933
05/21/2014,SLC,UT,ANM,WE,Towers with Radar,507,236,55,7,805,0,32,114,3,149,507,268,169,10,954,0,0,0,954
05/22/2014,SLC,UT,ANM,WE,Towers with Radar,514,226,39,8,787,0,33,105,0,138,514,259,144,8,925,56,0,56,981
05/23/2014,SLC,UT,ANM,WE,Towers with Radar,511,212,33,0,756,0,29,95,0,124,511,241,128,0,880,6,0,6,886
05/24/2014,SLC,UT,ANM,WE,Towers with Radar,372,145,27,2,546,0,5,66,0,71,372,150,93,2,617,0,0,0,617
05/25/2014,SLC,UT,ANM,WE,Towers with Radar,350,121,26,0,497,0,5,69,0,74,350,126,95,0,571,20,0,20,591
05/26/2014,SLC,UT,ANM,WE,Towers with Radar,460,179,38,0,677,0,3,104,0,107,460,182,142,0,784,40,0,40,824
05/27/2014,SLC,UT,ANM,WE,Towers with Radar,486,206,38,5,735,0,28,122,0,150,486,234,160,5,885,12,0,12,897
05/28/2014,SLC,UT,ANM,WE,Towers with Radar,515,222,49,7,793,0,27,78,0,105,515,249,127,7,898,0,0,0,898
05/29/2014,SLC,UT,ANM,WE,Towers with Radar,512,227,62,5,806,0,33,106,0,139,512,260,168,5,945,20,0,20,965
05/30/2014,SLC,UT,ANM,WE,Towers with Radar,515,218,38,1,772,0,30,109,0,139,515,248,147,1,911,36,0,36,947
05/31/2014,SLC,UT,ANM,WE,Towers with Radar,400,150,23,0,573,0,15,57,0,72,400,165,80,0,645,38,0,38,683
06/01/2014,SLC,UT,ANM,WE,Towers with Radar,492,181,25,2,700,0,6,61,0,67,492,187,86,2,767,0,0,0,767
06/02/2014,SLC,UT,ANM,WE,Towers with Radar,506,203,34,2,745,0,30,104,2,136,506,233,138,4,881,28,0,28,909
06/03/2014,SLC,UT,ANM,WE,Towers with Radar,493,211,45,6,755,0,33,106,0,139,493,244,151,6,894,26,0,26,920
06/04/2014,SLC,UT,ANM,WE,Towers with Radar,517,223,53,9,802,0,30,116,0,146,517,253,169,9,948,0,0,0,948
06/05/2014,SLC,UT,ANM,WE,Towers with Radar,532,220,61,6,819,0,30,129,0,159,532,250,190,6,978,83,0,83,1061
06/06/2014,SLC,UT,ANM,WE,Towers with Radar,537,202,48,4,791,0,28,126,2,156,537,230,174,6,947,0,4,4,951
06/07/2014,SLC,UT,ANM,WE,Towers with Radar,474,162,27,4,667,1,16,116,0,133,475,178,143,4,800,10,0,10,810
06/08/2014,SLC,UT,ANM,WE,Towers with Radar,502,185,34,6,727,0,10,67,1,78,502,195,101,7,805,0,0,0,805
06/09/2014,SLC,UT,ANM,WE,Towers with Radar,531,200,37,5,773,0,26,126,0,152,531,226,163,5,925,48,0,48,973
06/10/2014,SLC,UT,ANM,WE,Towers with Radar,537,210,61,7,815,0,24,113,0,137,537,234,174,7,952,6,0,6,958
06/11/2014,SLC,UT,ANM,WE,Towers with Radar,544,212,58,4,818,0,29,134,0,163,544,241,192,4,981,20,0,20,1001
06/12/2014,SLC,UT,ANM,WE,Towers with Radar,555,224,42,7,828,0,36,83,2,121,555,260,125,9,949,24,0,24,973
06/13/2014,SLC,UT,ANM,WE,Towers with Radar,558,218,54,4,834,0,32,127,0,159,558,250,181,4,993,28,0,28,1021
06/14/2014,SLC,UT,ANM,WE,Towers with Radar,500,173,23,5,701,0,10,95,0,105,500,183,118,5,806,0,0,0,806
06/15/2014,SLC,UT,ANM,WE,Towers with Radar,537,178,26,2,743,0,4,82,0,86,537,182,108,2,829,0,0,0,829
06/16/2014,SLC,UT,ANM,WE,Towers with Radar,551,211,68,4,834,0,22,84,0,106,551,233,152,4,940,0,0,0,940
06/17/2014,SLC,UT,ANM,WE,Towers with Radar,556,233,72,4,865,0,3,45,0,48,556,236,117,4,913,0,0,0,913
06/18/2014,SLC,UT,ANM,WE,Towers with Radar,549,217,62,6,834,0,23,136,0,159,549,240,198,6,993,0,0,0,993
06/19/2014,SLC,UT,ANM,WE,Towers with Radar,562,211,68,6,847,0,26,145,0,171,562,237,213,6,1018,0,0,0,1018
06/20/2014,SLC,UT,ANM,WE,Towers with Radar,561,212,39,5,817,0,27,120,0,147,561,239,159,5,964,0,0,0,964
06/21/2014,SLC,UT,ANM,WE,Towers with Radar,509,171,43,3,726,0,22,142,0,164,509,193,185,3,890,28,0,28,918
06/22/2014,SLC,UT,ANM,WE,Towers with Radar,522,184,41,10,757,0,8,69,0,77,522,192,110,10,834,36,0,36,870
06/23/2014,SLC,UT,ANM,WE,Towers with Radar,540,200,46,4,790,0,32,121,3,156,540,232,167,7,946,0,0,0,946
06/24/2014,SLC,UT,ANM,WE,Towers with Radar,560,222,51,8,841,0,25,107,2,134,560,247,158,10,975,0,0,0,975
06/25/2014,SLC,UT,ANM,WE,Towers with Radar,569,213,54,4,840,0,44,113,0,157,569,257,167,4,997,26,30,56,1053
06/26/2014,SLC,UT,ANM,WE,Towers with Radar,567,242,68,5,882,0,19,54,0,73,567,261,122,5,955,0,0,0,955
06/27/2014,SLC,UT,ANM,WE,Towers with Radar,573,225,54,4,856,0,24,130,8,162,573,249,184,12,1018,8,0,8,1026
06/28/2014,SLC,UT,ANM,WE,Towers with Radar,506,164,26,4,700,0,25,116,2,143,506,189,142,6,843,0,0,0,843
06/29/2014,SLC,UT,ANM,WE,Towers with Radar,500,193,48,1,742,0,11,101,2,114,500,204,149,3,856,0,0,0,856
06/30/2014,SLC,UT,ANM,WE,Towers with Radar,514,179,41,5,739,0,45,122,0,167,514,224,163,5,906,36,0,36,942
07/01/2014,SLC,UT,ANM,WE,Towers with Radar,524,194,60,5,783,0,30,153,0,183,524,224,213,5,966,0,0,0,966
07/02/2014,SLC,UT,ANM,WE,Towers with Radar,567,228,67,6,868,84,39,108,0,231,651,267,175,6,1099,0,0,0,1099
07/03/2014,SLC,UT,ANM,WE,Towers with Radar,556,253,59,8,876,0,32,82,0,114,556,285,141,8,990,0,0,0,990
07/04/2014,SLC,UT,ANM,WE,Towers with Radar,369,120,23,0,512,0,10,41,2,53,369,130,64,2,565,28,2,30,595
07/05/2014,SLC,UT,ANM,WE,Towers with Radar,461,159,31,0,651,0,23,63,0,86,461,182,94,0,737,0,0,0,737
07/06/2014,SLC,UT,ANM,WE,Towers with Radar,531,203,54,1,789,0,4,77,0,81,531,207,131,1,870,30,0,30,900
07/07/2014,SLC,UT,ANM,WE,Towers with Radar,551,232,45,2,830,0,30,113,2,145,551,262,158,4,975,0,0,0,975
07/08/2014,SLC,UT,ANM,WE,Towers with Radar,570,218,47,15,850,0,23,157,2,182,570,241,204,17,1032,46,0,46,1078
07/09/2014,SLC,UT,ANM,WE,Towers with Radar,573,229,60,5,867,0,22,82,2,106,573,251,142,7,973,62,0,62,1035
07/10/2014,SLC,UT,ANM,WE,Towers with Radar,556,246,55,11,868,0,36,94,1,131,556,282,149,12,999,6,0,6,1005
07/11/2014,SLC,UT,ANM,WE,Towers with Radar,577,246,62,2,887,0,34,102,14,150,577,280,164,16,1037,36,0,36,1073
07/12/2014,SLC,UT,ANM,WE,Towers with Radar,509,183,24,3,719,0,24,102,2,128,509,207,126,5,847,64,0,64,911
07/13/2014,SLC,UT,ANM,WE,Towers with Radar,527,195,38,2,762,0,16,56,0,72,527,211,94,2,834,48,0,48,882
07/14/2014,SLC,UT,ANM,WE,Towers with Radar,541,217,56,7,821,0,20,87,1,108,541,237,143,8,929,38,0,38,967
07/15/2014,SLC,UT,ANM,WE,Towers with Radar,566,219,63,9,857,0,29,100,6,135,566,248,163,15,992,58,0,58,1050
07/16/2014,SLC,UT,ANM,WE,Towers with Radar,566,229,52,8,855,0,35,111,4,150,566,264,163,12,1005,32,0,32,1037
07/17/2014,SLC,UT,ANM,WE,Towers with Radar,564,253,77,10,904,0,46,137,1,184,564,299,214,11,1088,98,0,98,1186
07/18/2014,SLC,UT,ANM,WE,Towers with Radar,556,226,47,5,834,0,36,106,0,142,556,262,153,5,976,4,0,4,980
07/19/2014,SLC,UT,ANM,WE,Towers with Radar,501,189,20,14,724,0,17,87,1,105,501,206,107,15,829,96,0,96,925
07/20/2014,SLC,UT,ANM,WE,Towers with Radar,530,195,43,5,773,0,5,70,1,76,530,200,113,6,849,24,0,24,873
07/21/2014,SLC,UT,ANM,WE,Towers with Radar,561,216,45,4,826,0,27,75,0,102,561,243,120,4,928,12,0,12,940
07/22/2014,SLC,UT,ANM,WE,Towers with Radar,573,215,55,8,851,0,37,106,5,148,573,252,161,13,999,32,0,32,1031
07/23/2014,SLC,UT,ANM,WE,Towers with Radar,559,226,57,8,850,0,30,98,0,128,559,256,155,8,978,0,0,0,978
07/24/2014,SLC,UT,ANM,WE,Towers with Radar,575,223,49,3,850,0,40,81,1,122,575,263,130,4,972,0,0,0,972
07/25/2014,SLC,UT,ANM,WE,Towers with Radar,565,237,52,5,859,0,39,117,1,157,565,276,169,6,1016,0,0,0,1016
07/26/2014,SLC,UT,ANM,WE,Towers with Radar,503,185,49,8,745,0,23,77,0,100,503,208,126,8,845,0,0,0,845
07/27/2014,SLC,UT,ANM,WE,Towers with Radar,529,197,51,3,780,0,9,69,0,78,529,206,120,3,858,0,0,0,858
07/28/2014,SLC,UT,ANM,WE,Towers with Radar,560,234,38,5,837,0,25,71,2,98,560,259,109,7,935,0,0,0,935
07/29/2014,SLC,UT,ANM,WE,Towers with Radar,564,242,63,4,873,0,31,72,2,105,564,273,135,6,978,0,0,0,978
07/30/2014,SLC,UT,ANM,WE,Towers with Radar,561,242,77,7,887,0,26,81,6,113,561,268,158,13,1000,0,0,0,1000
07/31/2014,SLC,UT,ANM,WE,Towers with Radar,573,242,61,10,886,0,25,123,3,151,573,267,184,13,1037,62,0,62,1099
08/01/2014,SLC,UT,ANM,WE,Towers with Radar,561,246,38,2,847,0,29,135,0,164,561,275,173,2,1011,0,0,0,1011
08/02/2014,SLC,UT,ANM,WE,Towers with Radar,509,195,41,3,748,0,18,113,0,131,509,213,154,3,879,0,0,0,879
08/03/2014,SLC,UT,ANM,WE,Towers with Radar,527,213,51,7,798,0,7,48,0,55,527,220,99,7,853,0,0,0,853
08/04/2014,SLC,UT,ANM,WE,Towers with Radar,570,227,55,8,860,0,16,88,0,104,570,243,143,8,964,0,0,0,964
08/05/2014,SLC,UT,ANM,WE,Towers with Radar,569,232,60,10,871,0,32,93,18,143,569,264,153,28,1014,0,0,0,1014
08/06/2014,SLC,UT,ANM,WE,Towers with Radar,563,255,52,8,878,0,36,117,0,153,563,291,169,8,1031,0,0,0,1031
08/07/2014,SLC,UT,ANM,WE,Towers with Radar,566,245,73,9,893,0,24,111,0,135,566,269,184,9,1028,0,0,0,1028
08/08/2014,SLC,UT,ANM,WE,Towers with Radar,566,244,67,3,880,0,19,123,2,144,566,263,190,5,1024,0,0,0,1024
08/09/2014,SLC,UT,ANM,WE,Towers with Radar,510,189,38,2,739,0,15,87,0,102,510,204,125,2,841,0,0,0,841
08/10/2014,SLC,UT,ANM,WE,Towers with Radar,533,197,57,2,789,0,5,61,1,67,533,202,118,3,856,0,0,0,856
08/11/2014,SLC,UT,ANM,WE,Towers with Radar,553,225,63,9,850,0,22,57,0,79,553,247,120,9,929,0,0,0,929
08/12/2014,SLC,UT,ANM,WE,Towers with Radar,558,230,70,13,871,0,9,77,0,86,558,239,147,13,957,0,0,0,957
08/13/2014,SLC,UT,ANM,WE,Towers with Radar,556,242,63,10,871,0,26,88,3,117,556,268,151,13,988,6,0,6,994
08/14/2014,SLC,UT,ANM,WE,Towers with Radar,562,239,62,10,873,0,20,95,0,115,562,259,157,10,988,0,0,0,988
08/15/2014,SLC,UT,ANM,WE,Towers with Radar,559,235,58,4,856,0,30,117,1,148,559,265,175,5,1004,0,0,0,1004
08/16/2014,SLC,UT,ANM,WE,Towers with Radar,493,186,47,3,729,0,12,81,0,93,493,198,128,3,822,0,0,0,822
08/17/2014,SLC,UT,ANM,WE,Towers with Radar,522,202,55,1,780,0,4,56,0,60,522,206,111,1,840,0,0,0,840
08/18/2014,SLC,UT,ANM,WE,Towers with Radar,559,231,49,5,844,0,25,85,0,110,559,256,134,5,954,0,0,0,954
08/19/2014,SLC,UT,ANM,WE,Towers with Radar,549,229,71,4,853,0,24,34,1,59,549,253,105,5,912,0,0,0,912
08/20/2014,SLC,UT,ANM,WE,Towers with Radar,556,240,71,4,871,0,13,85,1,99,556,253,156,5,970,0,0,0,970
08/21/2014,SLC,UT,ANM,WE,Towers with Radar,550,236,66,10,862,0,18,82,3,103,550,254,148,13,965,0,0,0,965
08/22/2014,SLC,UT,ANM,WE,Towers with Radar,555,241,52,3,851,0,12,82,0,94,555,253,134,3,945,0,0,0,945
08/23/2014,SLC,UT,ANM,WE,Towers with Radar,482,158,19,1,660,0,10,92,0,102,482,168,111,1,762,0,0,0,762
08/24/2014,SLC,UT,ANM,WE,Towers with Radar,523,189,36,2,750,0,2,95,0,97,523,191,131,2,847,0,0,0,847
08/25/2014,SLC,UT,ANM,WE,Towers with Radar,546,214,59,6,825,0,28,64,0,92,546,242,123,6,917,0,0,0,917
08/26/2014,SLC,UT,ANM,WE,Towers with Radar,557,232,45,2,836,0,27,97,4,128,557,259,142,6,964,0,0,0,964
08/27/2014,SLC,UT,ANM,WE,Towers with Radar,561,215,55,3,834,0,33,87,2,122,561,248,142,5,956,0,0,0,956
08/28/2014,SLC,UT,ANM,WE,Towers with Radar,554,250,44,6,854,0,33,144,5,182,554,283,188,11,1036,0,0,0,1036
08/29/2014,SLC,UT,ANM,WE,Towers with Radar,562,243,76,4,885,0,31,123,0,154,562,274,199,4,1039,0,0,0,1039
08/30/2014,SLC,UT,ANM,WE,Towers with Radar,402,147,28,1,578,0,25,77,0,102,402,172,105,1,680,0,0,0,680
08/31/2014,SLC,UT,ANM,WE,Towers with Radar,367,139,25,0,531,0,16,63,0,79,367,155,88,0,610,0,0,0,610
09/01/2014,SLC,UT,ANM,WE,Towers with Radar,483,184,66,0,733,0,13,91,0,104,483,197,157,0,837,0,0,0,837
09/02/2014,SLC,UT,ANM,WE,Towers with Radar,495,216,56,8,775,0,32,95,0,127,495,248,151,8,902,12,0,12,914
09/03/2014,SLC,UT,ANM,WE,Towers with Radar,506,197,63,12,778,0,32,100,2,134,506,229,163,14,912,0,0,0,912
09/04/2014,SLC,UT,ANM,WE,Towers with Radar,487,215,58,3,763,0,28,171,2,201,487,243,229,5,964,0,0,0,964
09/05/2014,SLC,UT,ANM,WE,Towers with Radar,482,226,56,9,773,0,26,136,0,162,482,252,192,9,935,0,0,0,935
09/06/2014,SLC,UT,ANM,WE,Towers with Radar,387,132,41,4,564,0,12,95,0,107,387,144,136,4,671,0,0,0,671
09/07/2014,SLC,UT,ANM,WE,Towers with Radar,507,188,41,4,740,0,1,112,0,113,507,189,153,4,853,0,0,0,853
09/08/2014,SLC,UT,ANM,WE,Towers with Radar,534,229,49,5,817,0,19,92,3,114,534,248,141,8,931,6,0,6,937
09/09/2014,SLC,UT,ANM,WE,Towers with Radar,504,217,58,6,785,0,24,79,0,103,504,241,137,6,888,2,0,2,890
09/10/2014,SLC,UT,ANM,WE,Towers with Radar,538,209,58,8,813,0,39,138,0,177,538,248,196,8,990,56,0,56,1046
09/11/2014,SLC,UT,ANM,WE,Towers with Radar,539,226,51,10,826,0,29,173,1,203,539,255,224,11,1029,30,0,30,1059
09/12/2014,SLC,UT,ANM,WE,Towers with Radar,537,228,64,8,837,0,54,151,3,208,537,282,215,11,1045,8,0,8,1053
09/13/2014,SLC,UT,ANM,WE,Towers with Radar,420,156,38,2,616,0,14,118,0,132,420,170,156,2,748,0,0,0,748
09/14/2014,SLC,UT,ANM,WE,Towers with Radar,507,181,42,0,730,2,4,92,2,100,509,185,134,2,830,0,0,0,830
09/15/2014,SLC,UT,ANM,WE,Towers with Radar,530,219,61,9,819,0,20,104,0,124,530,239,165,9,943,0,0,0,943
09/16/2014,SLC,UT,ANM,WE,Towers with Radar,497,218,60,8,783,0,24,156,2,182,497,242,216,10,965,0,0,0,965
09/17/2014,SLC,UT,ANM,WE,Towers with Radar,544,224,78,6,852,0,30,158,0,188,544,254,236,6,1040,26,0,26,1066
09/18/2014,SLC,UT,ANM,WE,Towers with Radar,547,225,46,6,824,0,22,135,0,157,547,247,181,6,981,20,0,20,1001
09/19/2014,SLC,UT,ANM,WE,Towers with Radar,535,231,57,2,825,0,15,134,0,149,535,246,191,2,974,0,0,0,974
09/20/2014,SLC,UT,ANM,WE,Towers with Radar,423,162,19,1,605,0,15,127,0,142,423,177,146,1,747,20,0,20,767
09/21/2014,SLC,UT,ANM,WE,Towers with Radar,510,188,46,2,746,0,1,32,0,33,510,189,78,2,779,0,0,0,779
09/22/2014,SLC,UT,ANM,WE,Towers with Radar,524,224,42,1,791,0,20,119,0,139,524,244,161,1,930,20,0,20,950
09/23/2014,SLC,UT,ANM,WE,Towers with Radar,499,208,47,2,756,0,28,161,0,189,499,236,208,2,945,20,0,20,965
09/24/2014,SLC,UT,ANM,WE,Towers with Radar,532,234,44,2,812,0,32,144,0,176,532,266,188,2,988,12,0,12,1000
09/25/2014,SLC,UT,ANM,WE,Towers with Radar,531,224,37,1,793,0,28,125,1,154,531,252,162,2,947,0,0,0,947
09/26/2014,SLC,UT,ANM,WE,Towers with Radar,513,215,53,0,781,0,29,107,0,136,513,244,160,0,917,14,0,14,931
09/27/2014,SLC,UT,ANM,WE,Towers with Radar,429,162,24,2,617,0,0,5,0,5,429,162,29,2,622,0,0,0,622
09/28/2014,SLC,UT,ANM,WE,Towers with Radar,505,188,45,0,738,0,5,29,0,34,505,193,74,0,772,0,0,0,772
09/29/2014,SLC,UT,ANM,WE,Towers with Radar,521,231,40,4,796,0,8,92,0,100,521,239,132,4,896,0,0,0,896
09/30/2014,SLC,UT,ANM,WE,Towers with Radar,501,223,44,3,771,0,17,84,0,101,501,240,128,3,872,0,0,0,872
10/01/2014,SLC,UT,ANM,WE,Towers with Radar,524,232,53,11,820,0,20,146,2,168,524,252,199,13,988,0,0,0,988
10/02/2014,SLC,UT,ANM,WE,Towers with Radar,513,214,69,4,800,0,26,150,2,178,513,240,219,6,978,52,0,52,1030
10/03/2014,SLC,UT,ANM,WE,Towers with Radar,524,214,61,4,803,0,25,145,0,170,524,239,206,4,973,0,0,0,973
10/04/2014,SLC,UT,ANM,WE,Towers with Radar,414,144,42,1,601,0,21,133,0,154,414,165,175,1,755,0,0,0,755
10/05/2014,SLC,UT,ANM,WE,Towers with Radar,503,180,59,2,744,0,5,101,0,106,503,185,160,2,850,0,0,0,850
10/06/2014,SLC,UT,ANM,WE,Towers with Radar,521,205,50,5,781,0,31,140,5,176,521,236,190,10,957,0,0,0,957
10/07/2014,SLC,UT,ANM,WE,Towers with Radar,509,193,60,11,773,0,21,148,3,172,509,214,208,14,945,46,0,46,991
10/08/2014,SLC,UT,ANM,WE,Towers with Radar,531,221,62,6,820,0,28,131,0,159,531,249,193,6,979,0,0,0,979
10/09/2014,SLC,UT,ANM,WE,Towers with Radar,533,221,50,6,810,1,25,176,4,206,534,246,226,10,1016,0,0,0,1016
10/10/2014,SLC,UT,ANM,WE,Towers with Radar,530,223,59,2,814,1,40,161,0,202,531,263,220,2,1016,0,0,0,1016
10/11/2014,SLC,UT,ANM,WE,Towers with Radar,413,141,31,2,587,0,19,98,0,117,413,160,129,2,704,0,0,0,704
10/12/2014,SLC,UT,ANM,WE,Towers with Radar,506,172,27,3,708,0,2,43,0,45,506,174,70,3,753,0,0,0,753
10/13/2014,SLC,UT,ANM,WE,Towers with Radar,513,195,39,2,749,0,29,129,0,158,513,224,168,2,907,28,0,28,935
10/14/2014,SLC,UT,ANM,WE,Towers with Radar,489,200,33,2,724,0,30,114,2,146,489,230,147,4,870,0,0,0,870
10/15/2014,SLC,UT,ANM,WE,Towers with Radar,535,233,47,7,822,0,30,38,4,72,535,263,85,11,894,0,0,0,894
10/16/2014,SLC,UT,ANM,WE,Towers with Radar,528,211,49,13,801,0,30,130,2,162,528,241,179,15,963,0,0,0,963
10/17/2014,SLC,UT,ANM,WE,Towers with Radar,526,224,37,4,791,0,34,117,1,152,526,258,154,5,943,0,0,0,943
10/18/2014,SLC,UT,ANM,WE,Towers with Radar,412,140,25,0,577,0,15,93,4,112,412,155,118,4,689,0,0,0,689
10/19/2014,SLC,UT,ANM,WE,Towers with Radar,506,177,41,4,728,0,3,63,0,66,506,180,104,4,794,0,0,0,794
10/20/2014,SLC,UT,ANM,WE,Towers with Radar,517,211,50,6,784,0,27,110,0,137,517,238,160,6,921,0,0,0,921
10/21/2014,SLC,UT,ANM,WE,Towers with Radar,499,196,58,8,761,0,19,54,0,73,499,215,112,8,834,0,0,0,834
10/22/2014,SLC,UT,ANM,WE,Towers with Radar,522,220,69,9,820,0,33,153,0,186,522,253,222,9,1006,0,0,0,1006
10/23/2014,SLC,UT,ANM,WE,Towers with Radar,527,220,65,7,819,0,49,116,1,166,527,269,181,8,985,88,0,88,1073
10/24/2014,SLC,UT,ANM,WE,Towers with Radar,536,211,65,2,814,0,38,139,0,177,536,249,204,2,991,2,0,2,993
10/25/2014,SLC,UT,ANM,WE,Towers with Radar,406,151,26,2,585,0,12,60,0,72,406,163,86,2,657,20,0,20,677
10/26/2014,SLC,UT,ANM,WE,Towers with Radar,502,172,37,7,718,0,8,43,0,51,502,180,80,7,769,0,0,0,769
10/27/2014,SLC,UT,ANM,WE,Towers with Radar,510,203,38,9,760,0,29,100,4,133,510,232,138,13,893,0,0,0,893
10/28/2014,SLC,UT,ANM,WE,Towers with Radar,463,205,39,7,714,0,28,131,0,159,463,233,170,7,873,0,0,0,873
10/29/2014,SLC,UT,ANM,WE,Towers with Radar,472,204,62,8,746,0,26,111,0,137,472,230,173,8,883,0,0,0,883
10/30/2014,SLC,UT,ANM,WE,Towers with Radar,472,210,51,9,742,0,31,143,0,174,472,241,194,9,916,46,0,46,962
10/31/2014,SLC,UT,ANM,WE,Towers with Radar,451,196,46,1,694,0,27,101,0,128,451,223,147,1,822,50,0,50,872
11/01/2014,SLC,UT,ANM,WE,Towers with Radar,363,134,24,0,521,0,6,33,0,39,363,140,57,0,560,0,0,0,560
11/02/2014,SLC,UT,ANM,WE,Towers with Radar,480,193,40,0,713,0,11,15,3,29,480,204,55,3,742,0,0,0,742
11/03/2014,SLC,UT,ANM,WE,Towers with Radar,502,204,46,4,756,0,20,98,7,125,502,224,144,11,881,0,0,0,881
11/04/2014,SLC,UT,ANM,WE,Towers with Radar,437,185,55,11,688,0,32,163,0,195,437,217,218,11,883,10,0,10,893
11/05/2014,SLC,UT,ANM,WE,Towers with Radar,510,209,55,10,784,0,23,128,6,157,510,232,183,16,941,0,0,0,941
11/06/2014,SLC,UT,ANM,WE,Towers with Radar,513,218,53,11,795,0,24,145,2,171,513,242,198,13,966,22,0,22,988
11/07/2014,SLC,UT,ANM,WE,Towers with Radar,508,211,48,7,774,0,37,141,0,178,508,248,189,7,952,2,0,2,954
11/08/2014,SLC,UT,ANM,WE,Towers with Radar,402,138,20,2,562,0,7,122,0,129,402,145,142,2,691,20,0,20,711
11/09/2014,SLC,UT,ANM,WE,Towers with Radar,475,172,25,2,674,0,10,80,0,90,475,182,105,2,764,32,0,32,796
11/10/2014,SLC,UT,ANM,WE,Towers with Radar,497,201,54,4,756,0,18,81,0,99,497,219,135,4,855,0,0,0,855
11/11/2014,SLC,UT,ANM,WE,Towers with Radar,480,203,47,2,732,0,27,113,0,140,480,230,160,2,872,143,0,143,1015
11/12/2014,SLC,UT,ANM,WE,Towers with Radar,502,227,63,8,800,0,26,88,4,118,502,253,151,12,918,0,0,0,918
11/13/2014,SLC,UT,ANM,WE,Towers with Radar,523,215,58,6,802,0,13,39,0,52,523,228,97,6,854,0,0,0,854
11/14/2014,SLC,UT,ANM,WE,Towers with Radar,534,224,47,3,808,0,22,51,0,73,534,246,98,3,881,0,0,0,881
11/15/2014,SLC,UT,ANM,WE,Towers with Radar,394,158,25,3,580,0,11,40,0,51,394,169,65,3,631,0,0,0,631
11/16/2014,SLC,UT,ANM,WE,Towers with Radar,505,173,33,3,714,0,9,76,0,85,505,182,109,3,799,0,0,0,799
11/17/2014,SLC,UT,ANM,WE,Towers with Radar,520,204,40,7,771,0,33,149,0,182,520,237,189,7,953,0,0,0,953
11/18/2014,SLC,UT,ANM,WE,Towers with Radar,488,211,65,11,775,0,21,148,0,169,488,232,213,11,944,0,0,0,944
11/19/2014,SLC,UT,ANM,WE,Towers with Radar,518,219,50,4,791,0,22,116,1,139,518,241,166,5,930,0,0,0,930
11/20/2014,SLC,UT,ANM,WE,Towers with Radar,544,221,55,12,832,0,21,142,1,164,544,242,197,13,996,0,0,0,996
11/21/2014,SLC,UT,ANM,WE,Towers with Radar,532,207,52,4,795,0,39,140,0,179,532,246,192,4,974,0,0,0,974
11/22/2014,SLC,UT,ANM,WE,Towers with Radar,430,157,36,0,623,0,3,1,0,4,430,160,37,0,627,0,0,0,627
11/23/2014,SLC,UT,ANM,WE,Towers with Radar,435,145,24,0,604,0,3,28,0,31,435,148,52,0,635,0,0,0,635
11/24/2014,SLC,UT,ANM,WE,Towers with Radar,457,202,56,6,721,0,17,84,0,101,457,219,140,6,822,18,0,18,840
11/25/2014,SLC,UT,ANM,WE,Towers with Radar,530,239,69,9,847,0,9,61,0,70,530,248,130,9,917,4,0,4,921
11/26/2014,SLC,UT,ANM,WE,Towers with Radar,516,241,62,4,823,0,25,139,0,164,516,266,201,4,987,40,0,40,1027
11/27/2014,SLC,UT,ANM,WE,Towers with Radar,291,98,14,0,403,0,3,23,0,26,291,101,37,0,429,0,0,0,429
11/28/2014,SLC,UT,ANM,WE,Towers with Radar,349,138,18,0,505,0,22,59,0,81,349,160,77,0,586,0,0,0,586
11/29/2014,SLC,UT,ANM,WE,Towers with Radar,498,195,37,1,731,0,12,25,0,37,498,207,62,1,768,0,0,0,768
11/30/2014,SLC,UT,ANM,WE,Towers with Radar,550,206,98,0,854,0,6,18,0,24,550,212,116,0,878,0,0,0,878
12/01/2014,SLC,UT,ANM,WE,Towers with Radar,550,223,52,5,830,0,20,101,2,123,550,243,153,7,953,28,2,30,983
12/02/2014,SLC,UT,ANM,WE,Towers with Radar,481,191,57,8,737,0,27,124,1,152,481,218,181,9,889,0,0,0,889
12/03/2014,SLC,UT,ANM,WE,Towers with Radar,481,209,66,3,759,0,11,62,1,74,481,220,128,4,833,0,0,0,833
12/04/2014,SLC,UT,ANM,WE,Towers with Radar,529,204,56,10,799,0,25,116,0,141,529,229,172,10,940,0,0,0,940
12/05/2014,SLC,UT,ANM,WE,Towers with Radar,510,215,55,12,792,0,25,148,0,173,510,240,203,12,965,0,0,0,965
12/06/2014,SLC,UT,ANM,WE,Towers with Radar,368,133,39,5,545,0,8,109,4,121,368,141,148,9,666,18,0,18,684
12/07/2014,SLC,UT,ANM,WE,Towers with Radar,472,157,39,7,675,0,7,72,0,79,472,164,111,7,754,0,0,0,754
12/08/2014,SLC,UT,ANM,WE,Towers with Radar,498,190,46,5,739,0,16,89,4,109,498,206,135,9,848,4,0,4,852
12/09/2014,SLC,UT,ANM,WE,Towers with Radar,469,186,56,8,719,0,29,132,4,165,469,215,188,12,884,2,0,2,886
12/10/2014,SLC,UT,ANM,WE,Towers with Radar,474,216,57,11,758,0,22,130,4,156,474,238,187,15,914,0,0,0,914
12/11/2014,SLC,UT,ANM,WE,Towers with Radar,523,207,61,11,802,0,19,52,7,78,523,226,113,18,880,16,0,16,896
12/12/2014,SLC,UT,ANM,WE,Towers with Radar,523,209,63,4,799,0,23,66,0,89,523,232,129,4,888,0,0,0,888
12/13/2014,SLC,UT,ANM,WE,Towers with Radar,373,140,45,0,558,0,3,12,0,15,373,143,57,0,573,0,0,0,573
12/14/2014,SLC,UT,ANM,WE,Towers with Radar,475,178,46,4,703,0,11,14,0,25,475,189,60,4,728,0,0,0,728
12/15/2014,SLC,UT,ANM,WE,Towers with Radar,504,205,42,8,759,0,20,119,4,143,504,225,161,12,902,0,0,0,902
12/16/2014,SLC,UT,ANM,WE,Towers with Radar,469,214,62,13,758,0,18,91,2,111,469,232,153,15,869,0,0,0,869
12/17/2014,SLC,UT,ANM,WE,Towers with Radar,480,224,47,7,758,0,20,92,1,113,480,244,139,8,871,0,0,0,871
12/18/2014,SLC,UT,ANM,WE,Towers with Radar,535,223,74,7,839,0,14,68,0,82,535,237,142,7,921,0,0,0,921
12/19/2014,SLC,UT,ANM,WE,Towers with Radar,537,249,88,2,876,0,15,95,1,111,537,264,183,3,987,0,0,0,987
12/20/2014,SLC,UT,ANM,WE,Towers with Radar,546,240,88,0,874,0,9,30,0,39,546,249,118,0,913,0,0,0,913
12/21/2014,SLC,UT,ANM,WE,Towers with Radar,556,211,60,2,829,0,2,3,0,5,556,213,63,2,834,0,0,0,834
12/22/2014,SLC,UT,ANM,WE,Towers with Radar,538,267,75,5,885,0,8,16,0,24,538,275,91,5,909,0,0,0,909
12/23/2014,SLC,UT,ANM,WE,Towers with Radar,548,244,77,6,875,0,50,106,0,156,548,294,183,6,1031,0,0,0,1031
12/24/2014,SLC,UT,ANM,WE,Towers with Radar,453,197,29,2,681,0,26,35,0,61,453,223,64,2,742,0,0,0,742
12/25/2014,SLC,UT,ANM,WE,Towers with Radar,392,129,23,0,544,0,1,0,0,1,392,130,23,0,545,0,0,0,545
12/26/2014,SLC,UT,ANM,WE,Towers with Radar,542,291,106,0,939,0,30,27,0,57,542,321,133,0,996,0,0,0,996
12/27/2014,SLC,UT,ANM,WE,Towers with Radar,538,248,98,0,884,0,12,49,0,61,538,260,147,0,945,0,0,0,945
12/28/2014,SLC,UT,ANM,WE,Towers with Radar,546,232,68,0,846,0,5,5,0,10,546,237,73,0,856,0,0,0,856
12/29/2014,SLC,UT,ANM,WE,Towers with Radar,531,232,60,2,825,0,10,2,0,12,531,242,62,2,837,0,0,0,837
12/30/2014,SLC,UT,ANM,WE,Towers with Radar,527,239,59,5,830,0,24,28,0,52,527,263,87,5,882,0,0,0,882
12/31/2014,SLC,UT,ANM,WE,Towers with Radar,437,186,43,0,666,0,33,69,1,103,437,219,112,1,769,0,0,0,769
01/01/2015,SLC,UT,ANM,WE,Towers with Radar,382,165,38,0,585,0,20,38,0,58,382,185,76,0,643,0,0,0,643
01/02/2015,SLC,UT,ANM,WE,Towers with Radar,550,259,76,0,885,0,35,77,1,113,550,294,153,1,998,0,0,0,998
01/03/2015,SLC,UT,ANM,WE,Towers with Radar,531,251,130,1,913,0,12,46,0,58,531,263,176,1,971,0,0,0,971
01/04/2015,SLC,UT,ANM,WE,Towers with Radar,542,232,78,4,856,0,0,20,0,20,542,232,98,4,876,6,0,6,882
01/05/2015,SLC,UT,ANM,WE,Towers with Radar,533,222,58,6,819,0,16,50,8,74,533,238,108,14,893,0,0,0,893
01/06/2015,SLC,UT,ANM,WE,Towers with Radar,482,192,52,9,735,0,31,78,5,114,482,223,130,14,849,0,0,0,849
01/07/2015,SLC,UT,ANM,WE,Towers with Radar,482,214,49,5,750,0,21,78,2,101,482,235,127,7,851,12,0,12,863
01/08/2015,SLC,UT,ANM,WE,Towers with Radar,535,218,55,7,815,0,16,42,0,58,535,234,97,7,873,2,0,2,875
01/09/2015,SLC,UT,ANM,WE,Towers with Radar,511,228,80,1,820,0,13,23,0,36,511,241,103,1,856,0,0,0,856
01/10/2015,SLC,UT,ANM,WE,Towers with Radar,408,142,35,5,590,0,0,2,0,2,408,142,37,5,592,0,0,0,592
01/11/2015,SLC,UT,ANM,WE,Towers with Radar,479,172,38,1,690,0,0,2,0,2,479,172,40,1,692,0,0,0,692
01/12/2015,SLC,UT,ANM,WE,Towers with Radar,510,198,36,7,751,0,0,0,0,0,510,198,36,7,751,0,0,0,751
01/13/2015,SLC,UT,ANM,WE,Towers with Radar,487,187,81,6,761,0,17,37,0,54,487,204,118,6,815,8,0,8,823
01/14/2015,SLC,UT,ANM,WE,Towers with Radar,479,233,83,10,805,0,13,41,4,58,479,246,124,14,863,0,0,0,863
01/15/2015,SLC,UT,ANM,WE,Towers with Radar,520,230,85,8,843,0,17,111,2,130,520,247,196,10,973,46,0,46,1019
01/16/2015,SLC,UT,ANM,WE,Towers with Radar,512,237,94,9,852,0,10,28,0,38,512,247,122,9,890,0,0,0,890
01/17/2015,SLC,UT,ANM,WE,Towers with Radar,399,132,46,7,584,0,16,82,1,99,399,148,128,8,683,8,0,8,691
01/18/2015,SLC,UT,ANM,WE,Towers with Radar,473,164,57,1,695,0,7,51,0,58,473,171,108,1,753,0,0,0,753
01/19/2015,SLC,UT,ANM,WE,Towers with Radar,501,214,80,4,799,0,31,85,2,118,501,245,165,6,917,0,0,0,917
01/20/2015,SLC,UT,ANM,WE,Towers with Radar,477,188,64,5,734,0,32,107,0,139,477,220,171,5,873,0,0,0,873
01/21/2015,SLC,UT,ANM,WE,Towers with Radar,474,209,59,6,748,0,30,97,0,127,474,239,156,6,875,0,0,0,875
01/22/2015,SLC,UT,ANM,WE,Towers with Radar,518,243,97,8,866,0,22,100,0,122,518,265,197,8,988,0,0,0,988
01/23/2015,SLC,UT,ANM,WE,Towers with Radar,508,232,85,4,829,0,20,109,2,131,508,252,194,6,960,0,0,0,960
01/24/2015,SLC,UT,ANM,WE,Towers with Radar,412,137,38,6,593,0,11,79,2,92,412,148,117,8,685,0,0,0,685
01/25/2015,SLC,UT,ANM,WE,Towers with Radar,491,194,78,2,765,0,2,71,2,75,491,196,149,4,840,0,0,0,840
01/26/2015,SLC,UT,ANM,WE,Towers with Radar,499,214,82,7,802,0,30,80,1,111,499,244,162,8,913,54,0,54,967
01/27/2015,SLC,UT,ANM,WE,Towers with Radar,466,206,56,4,732,0,11,50,2,63,466,217,106,6,795,0,0,0,795
01/28/2015,SLC,UT,ANM,WE,Towers with Radar,484,237,78,6,805,0,17,62,0,79,484,254,140,6,884,0,0,0,884
01/29/2015,SLC,UT,ANM,WE,Towers with Radar,520,223,83,5,831,0,20,63,0,83,520,243,146,5,914,0,0,0,914
01/30/2015,SLC,UT,ANM,WE,Towers with Radar,500,244,80,7,831,0,14,94,0,108,500,258,174,7,939,8,0,8,947
01/31/2015,SLC,UT,ANM,WE,Towers with Radar,394,135,41,4,574,0,9,74,0,83,394,144,115,4,657,24,0,24,681
02/01/2015,SLC,UT,ANM,WE,Towers with Radar,428,176,59,1,664,0,7,45,0,52,428,183,104,1,716,0,0,0,716
02/02/2015,SLC,UT,ANM,WE,Towers with Radar,484,209,55,3,751,0,9,72,1,82,484,218,127,4,833,4,0,4,837
02/03/2015,SLC,UT,ANM,WE,Towers with Radar,479,200,64,3,746,0,16,79,0,95,479,216,143,3,841,0,0,0,841
02/04/2015,SLC,UT,ANM,WE,Towers with Radar,485,190,60,3,738,0,25,102,0,127,485,215,162,3,865,0,0,0,865
02/05/2015,SLC,UT,ANM,WE,Towers with Radar,511,208,83,7,809,0,25,125,0,150,511,233,208,7,959,0,0,0,959
02/06/2015,SLC,UT,ANM,WE,Towers with Radar,512,209,63,10,794,0,14,86,0,100,512,223,149,10,894,104,0,104,998
02/07/2015,SLC,UT,ANM,WE,Towers with Radar,422,144,40,1,607,0,13,66,0,79,422,157,106,1,686,8,0,8,694
02/08/2015,SLC,UT,ANM,WE,Towers with Radar,485,198,64,5,752,0,7,86,2,95,485,205,150,7,847,0,0,0,847
02/09/2015,SLC,UT,ANM,WE,Towers with Radar,517,211,32,4,764,0,15,55,1,71,517,226,87,5,835,12,0,12,847
02/10/2015,SLC,UT,ANM,WE,Towers with Radar,477,182,53,5,717,0,34,103,2,139,477,216,156,7,856,0,0,0,856
02/11/2015,SLC,UT,ANM,WE,Towers with Radar,474,201,72,4,751,0,25,121,0,146,474,226,193,4,897,22,0,22,919
02/12/2015,SLC,UT,ANM,WE,Towers with Radar,514,227,88,3,832,0,27,101,4,132,514,254,189,7,964,0,0,0,964
02/13/2015,SLC,UT,ANM,WE,Towers with Radar,514,243,106,4,867,0,23,128,0,151,514,266,234,4,1018,0,0,0,1018
02/14/2015,SLC,UT,ANM,WE,Towers with Radar,400,144,49,7,600,1,15,102,0,118,401,159,151,7,718,0,0,0,718
02/15/2015,SLC,UT,ANM,WE,Towers with Radar,452,190,40,0,682,0,8,51,0,59,452,198,91,0,741,0,0,0,741
02/16/2015,SLC,UT,ANM,WE,Towers with Radar,492,242,104,2,840,0,24,72,0,96,492,266,176,2,936,0,0,0,936
02/17/2015,SLC,UT,ANM,WE,Towers with Radar,501,228,58,4,791,0,29,111,2,142,501,257,169,6,933,0,0,0,933
02/18/2015,SLC,UT,ANM,WE,Towers with Radar,508,228,60,11,807,2,36,127,1,166,510,264,187,12,973,0,0,0,973
02/19/2015,SLC,UT,ANM,WE,Towers with Radar,511,219,78,6,814,0,24,131,3,158,511,243,209,9,972,0,0,0,972
02/20/2015,SLC,UT,ANM,WE,Towers with Radar,510,235,87,4,836,0,15,65,0,80,510,250,152,4,916,0,0,0,916
02/21/2015,SLC,UT,ANM,WE,Towers with Radar,408,178,51,2,639,0,6,53,2,61,408,184,104,4,700,10,0,10,710
02/22/2015,SLC,UT,ANM,WE,Towers with Radar,485,212,62,3,762,0,10,45,0,55,485,222,107,3,817,6,0,6,823
02/23/2015,SLC,UT,ANM,WE,Towers with Radar,509,215,63,12,799,0,25,67,0,92,509,240,130,12,891,0,0,0,891
02/24/2015,SLC,UT,ANM,WE,Towers with Radar,505,211,46,4,766,2,30,146,0,178,507,241,192,4,944,0,0,0,944
02/25/2015,SLC,UT,ANM,WE,Towers with Radar,505,215,66,6,792,0,32,109,5,146,505,247,175,11,938,6,0,6,944
02/26/2015,SLC,UT,ANM,WE,Towers with Radar,517,235,63,2,817,0,19,16,1,36,517,254,79,3,853,0,0,0,853
02/27/2015,SLC,UT,ANM,WE,Towers with Radar,510,246,57,5,818,0,25,70,1,96,510,271,127,6,914,26,0,26,940
02/28/2015,SLC,UT,ANM,WE,Towers with Radar,410,144,39,0,593,0,11,43,0,54,410,155,82,0,647,0,0,0,647
03/01/2015,SLC,UT,ANM,WE,Towers with Radar,477,199,87,2,765,0,0,34,0,34,477,199,121,2,799,0,0,0,799
03/02/2015,SLC,UT,ANM,WE,Towers with Radar,540,235,59,7,841,0,3,8,0,11,540,238,67,7,852,0,0,0,852
03/03/2015,SLC,UT,ANM,WE,Towers with Radar,519,203,59,1,782,0,21,13,4,38,519,224,72,5,820,0,0,0,820
03/04/2015,SLC,UT,ANM,WE,Towers with Radar,524,225,71,6,826,0,33,134,2,169,524,258,205,8,995,14,0,14,1009
03/05/2015,SLC,UT,ANM,WE,Towers with Radar,505,218,71,0,794,0,22,129,2,153,505,240,200,2,947,0,0,0,947
03/06/2015,SLC,UT,ANM,WE,Towers with Radar,535,233,66,3,837,0,30,130,1,161,535,263,196,4,998,126,0,126,1124
03/07/2015,SLC,UT,ANM,WE,Towers with Radar,470,160,44,2,676,0,14,57,3,74,470,174,101,5,750,0,0,0,750
03/08/2015,SLC,UT,ANM,WE,Towers with Radar,502,192,57,0,751,0,4,53,2,59,502,196,110,2,810,0,0,0,810
03/09/2015,SLC,UT,ANM,WE,Towers with Radar,536,215,52,1,804,0,18,87,2,107,536,233,139,3,911,0,0,0,911
03/10/2015,SLC,UT,ANM,WE,Towers with Radar,522,202,46,3,773,0,27,98,4,129,522,229,144,7,902,4,0,4,906
03/11/2015,SLC,UT,ANM,WE,Towers with Radar,517,226,65,7,815,0,18,68,3,89,517,244,133,10,904,0,0,0,904
03/12/2015,SLC,UT,ANM,WE,Towers with Radar,532,227,69,5,833,0,28,71,2,101,532,255,140,7,934,0,0,0,934
03/13/2015,SLC,UT,ANM,WE,Towers with Radar,540,215,69,3,827,0,18,87,7,112,540,233,156,10,939,0,0,0,939
03/14/2015,SLC,UT,ANM,WE,Towers with Radar,473,164,51,1,689,0,10,98,1,109,473,174,149,2,798,0,0,0,798
03/15/2015,SLC,UT,ANM,WE,Towers with Radar,510,191,52,4,757,0,7,58,0,65,510,198,110,4,822,0,0,0,822
03/16/2015,SLC,UT,ANM,WE,Towers with Radar,529,217,46,6,798,0,25,89,2,116,529,242,135,8,914,0,0,0,914
03/17/2015,SLC,UT,ANM,WE,Towers with Radar,526,201,67,6,800,0,20,94,3,117,526,221,161,9,917,0,0,0,917
03/18/2015,SLC,UT,ANM,WE,Towers with Radar,527,220,67,9,823,0,22,105,4,131,527,242,172,13,954,0,0,0,954
03/19/2015,SLC,UT,ANM,WE,Towers with Radar,533,217,72,8,830,0,23,135,0,158,533,240,207,8,988,0,0,0,988
03/20/2015,SLC,UT,ANM,WE,Towers with Radar,528,223,67,4,822,0,19,151,0,170,528,242,218,4,992,8,0,8,1000
03/21/2015,SLC,UT,ANM,WE,Towers with Radar,479,161,40,4,684,0,16,113,2,131,479,177,153,6,815,28,12,40,855
03/22/2015,SLC,UT,ANM,WE,Towers with Radar,520,199,54,4,777,0,3,76,0,79,520,202,130,4,856,24,0,24,880
03/23/2015,SLC,UT,ANM,WE,Towers with Radar,509,223,44,6,782,0,22,14,0,36,509,245,58,6,818,20,0,20,838
03/24/2015,SLC,UT,ANM,WE,Towers with Radar,525,214,46,4,789,0,18,82,3,103,525,232,128,7,892,0,0,0,892
03/25/2015,SLC,UT,ANM,WE,Towers with Radar,525,211,50,4,790,0,30,104,4,138,525,241,154,8,928,10,0,10,938
03/26/2015,SLC,UT,ANM,WE,Towers with Radar,537,219,85,6,847,0,29,111,6,146,537,248,196,12,993,0,0,0,993
03/27/2015,SLC,UT,ANM,WE,Towers with Radar,534,214,59,5,812,0,18,139,0,157,534,232,198,5,969,44,0,44,1013
03/28/2015,SLC,UT,ANM,WE,Towers with Radar,479,168,47,0,694,0,14,99,0,113,479,182,146,0,807,0,0,0,807
03/29/2015,SLC,UT,ANM,WE,Towers with Radar,507,190,29,4,730,0,6,93,0,99,507,196,122,4,829,28,0,28,857
03/30/2015,SLC,UT,ANM,WE,Towers with Radar,512,203,52,7,774,0,23,100,3,126,512,226,152,10,900,18,0,18,918
03/31/2015,SLC,UT,ANM,WE,Towers with Radar,541,195,36,8,780,0,24,60,2,86,541,219,96,10,866,52,0,52,918
04/01/2015,SLC,UT,ANM,WE,Towers with Radar,521,213,54,7,795,0,28,106,0,134,521,241,160,7,929,0,0,0,929
04/02/2015,SLC,UT,ANM,WE,Towers with Radar,531,219,49,5,804,0,14,56,1,71,531,233,105,6,875,40,0,40,915
04/03/2015,SLC,UT,ANM,WE,Towers with Radar,503,203,63,4,773,0,17,69,2,88,503,220,132,6,861,0,0,0,861
04/04/2015,SLC,UT,ANM,WE,Towers with Radar,445,151,32,7,635,0,9,83,0,92,445,160,115,7,727,0,0,0,727
04/05/2015,SLC,UT,ANM,WE,Towers with Radar,512,171,34,4,721,0,2,31,1,34,512,173,65,5,755,0,0,0,755
04/06/2015,SLC,UT,ANM,WE,Towers with Radar,516,191,41,9,757,8,26,59,3,96,524,217,100,12,853,0,0,0,853
04/07/2015,SLC,UT,ANM,WE,Towers with Radar,527,188,60,0,775,0,25,57,3,85,527,213,117,3,860,0,0,0,860
04/08/2015,SLC,UT,ANM,WE,Towers with Radar,521,226,45,6,798,0,2,0,0,2,521,228,45,6,800,0,0,0,800
04/09/2015,SLC,UT,ANM,WE,Towers with Radar,511,212,47,2,772,0,19,100,8,127,511,231,147,10,899,0,0,0,899
04/10/2015,SLC,UT,ANM,WE,Towers with Radar,520,201,50,4,775,0,24,154,3,181,520,225,204,7,956,0,0,0,956
04/11/2015,SLC,UT,ANM,WE,Towers with Radar,426,128,30,4,588,0,22,83,3,108,426,150,113,7,696,0,0,0,696
04/12/2015,SLC,UT,ANM,WE,Towers with Radar,502,172,31,0,705,0,4,58,0,62,502,176,89,0,767,0,0,0,767
04/13/2015,SLC,UT,ANM,WE,Towers with Radar,515,184,43,5,747,0,19,98,3,120,515,203,141,8,867,36,0,36,903
04/14/2015,SLC,UT,ANM,WE,Towers with Radar,526,193,37,0,756,0,7,8,0,15,526,200,45,0,771,20,0,20,791
04/15/2015,SLC,UT,ANM,WE,Towers with Radar,518,223,41,5,787,0,0,0,0,0,518,223,41,5,787,0,0,0,787
04/16/2015,SLC,UT,ANM,WE,Towers with Radar,517,203,60,10,790,0,20,72,1,93,517,223,132,11,883,0,0,0,883
04/17/2015,SLC,UT,ANM,WE,Towers with Radar,522,210,49,4,785,0,26,117,0,143,522,236,166,4,928,0,0,0,928
04/18/2015,SLC,UT,ANM,WE,Towers with Radar,430,120,23,1,574,0,11,98,0,109,430,131,121,1,683,20,0,20,703
04/19/2015,SLC,UT,ANM,WE,Towers with Radar,503,160,26,5,694,0,1,88,0,89,503,161,114,5,783,30,0,30,813
04/20/2015,SLC,UT,ANM,WE,Towers with Radar,507,195,47,7,756,0,29,85,2,116,507,224,132,9,872,0,0,0,872
04/21/2015,SLC,UT,ANM,WE,Towers with Radar,507,194,51,9,761,0,19,122,11,152,507,213,173,20,913,0,0,0,913
04/22/2015,SLC,UT,ANM,WE,Towers with Radar,515,211,54,5,785,0,19,59,4,82,515,230,113,9,867,34,0,34,901
04/23/2015,SLC,UT,ANM,WE,Towers with Radar,520,225,55,11,811,0,10,86,2,98,520,235,141,13,909,0,0,0,909
04/24/2015,SLC,UT,ANM,WE,Towers with Radar,513,220,45,0,778,0,11,39,0,50,513,231,84,0,828,0,0,0,828
04/25/2015,SLC,UT,ANM,WE,Towers with Radar,442,146,37,0,625,0,4,27,0,31,442,150,64,0,656,0,0,0,656
04/26/2015,SLC,UT,ANM,WE,Towers with Radar,506,165,28,8,707,0,2,36,0,38,506,167,64,8,745,60,0,60,805
04/27/2015,SLC,UT,ANM,WE,Towers with Radar,505,197,42,7,751,0,21,115,4,140,505,218,157,11,891,0,0,0,891
04/28/2015,SLC,UT,ANM,WE,Towers with Radar,509,199,55,9,772,0,20,134,1,155,509,219,189,10,927,14,0,14,941
04/29/2015,SLC,UT,ANM,WE,Towers with Radar,505,204,65,8,782,0,33,107,2,142,505,237,172,10,924,0,0,0,924
04/30/2015,SLC,UT,ANM,WE,Towers with Radar,510,196,64,5,775,0,29,122,1,152,510,225,186,6,927,0,0,0,927
05/01/2015,SLC,UT,ANM,WE,Towers with Radar,514,204,50,2,770,0,25,115,0,140,514,229,165,2,910,0,0,0,910
05/02/2015,SLC,UT,ANM,WE,Towers with Radar,414,149,22,7,592,0,23,64,2,89,414,172,86,9,681,0,0,0,681
05/03/2015,SLC,UT,ANM,WE,Towers with Radar,509,159,31,2,701,0,0,40,0,40,509,159,71,2,741,0,0,0,741
05/04/2015,SLC,UT,ANM,WE,Towers with Radar,515,187,47,7,756,0,19,76,7,102,515,206,123,14,858,14,0,14,872
05/05/2015,SLC,UT,ANM,WE,Towers with Radar,511,190,44,5,750,0,14,59,1,74,511,204,103,6,824,0,0,0,824
05/06/2015,SLC,UT,ANM,WE,Towers with Radar,512,218,52,4,786,0,18,55,2,75,512,236,107,6,861,36,0,36,897
05/07/2015,SLC,UT,ANM,WE,Towers with Radar,535,193,41,9,778,0,8,78,2,88,535,201,119,11,866,0,0,0,866
05/08/2015,SLC,UT,ANM,WE,Towers with Radar,531,200,52,4,787,0,17,76,4,97,531,217,128,8,884,0,0,0,884
05/09/2015,SLC,UT,ANM,WE,Towers with Radar,390,151,17,3,561,0,4,1,0,5,390,155,18,3,566,0,0,0,566
05/10/2015,SLC,UT,ANM,WE,Towers with Radar,464,164,35,1,664,0,3,22,0,25,464,167,57,1,689,0,0,0,689
05/11/2015,SLC,UT,ANM,WE,Towers with Radar,508,195,41,17,761,0,34,98,4,136,508,229,139,21,897,16,0,16,913
05/12/2015,SLC,UT,ANM,WE,Towers with Radar,518,186,36,16,756,0,27,54,1,82,518,213,90,17,838,16,0,16,854
05/13/2015,SLC,UT,ANM,WE,Towers with Radar,520,184,66,24,794,0,21,113,8,142,520,205,179,32,936,0,0,0,936
05/14/2015,SLC,UT,ANM,WE,Towers with Radar,531,198,91,14,834,0,19,84,2,105,531,217,175,16,939,8,0,8,947
05/15/2015,SLC,UT,ANM,WE,Towers with Radar,526,209,49,14,798,0,11,34,2,47,526,220,83,16,845,2,0,2,847
05/16/2015,SLC,UT,ANM,WE,Towers with Radar,413,145,35,4,597,0,1,14,0,15,413,146,49,4,612,0,0,0,612
05/17/2015,SLC,UT,ANM,WE,Towers with Radar,490,172,50,3,715,0,10,26,0,36,490,182,76,3,751,0,0,0,751
05/18/2015,SLC,UT,ANM,WE,Towers with Radar,513,184,43,10,750,0,11,56,1,68,513,195,99,11,818,0,0,0,818
05/19/2015,SLC,UT,ANM,WE,Towers with Radar,514,186,47,18,765,0,14,57,2,73,514,200,104,20,838,14,0,14,852
05/20/2015,SLC,UT,ANM,WE,Towers with Radar,521,206,64,10,801,0,23,78,1,102,521,229,142,11,903,0,0,0,903
05/21/2015,SLC,UT,ANM,WE,Towers with Radar,535,195,74,5,809,0,26,96,0,122,535,221,170,5,931,0,0,0,931
05/22/2015,SLC,UT,ANM,WE,Towers with Radar,523,208,49,4,784,0,20,62,1,83,523,228,111,5,867,36,0,36,903
05/23/2015,SLC,UT,ANM,WE,Towers with Radar,377,144,23,6,550,0,14,22,1,37,377,158,45,7,587,2,12,14,601
05/24/2015,SLC,UT,ANM,WE,Towers with Radar,389,128,15,6,538,0,3,29,0,32,389,131,44,6,570,0,0,0,570
05/25/2015,SLC,UT,ANM,WE,Towers with Radar,482,168,54,1,705,0,4,48,0,52,482,172,102,1,757,2,0,2,759
05/26/2015,SLC,UT,ANM,WE,Towers with Radar,507,191,42,5,745,0,14,41,3,58,507,205,83,8,803,0,0,0,803
05/27/2015,SLC,UT,ANM,WE,Towers with Radar,518,194,50,6,768,0,22,68,1,91,518,216,118,7,859,0,0,0,859
05/28/2015,SLC,UT,ANM,WE,Towers with Radar,536,200,55,2,793,0,30,81,9,120,536,230,136,11,913,0,0,0,913
05/29/2015,SLC,UT,ANM,WE,Towers with Radar,534,197,54,11,796,0,31,93,0,124,534,228,147,11,920,0,0,0,920
05/30/2015,SLC,UT,ANM,WE,Towers with Radar,417,148,28,7,600,0,13,74,0,87,417,161,102,7,687,22,0,22,709
05/31/2015,SLC,UT,ANM,WE,Towers with Radar,519,179,45,7,750,0,8,68,0,76,519,187,113,7,826,0,0,0,826
06/01/2015,SLC,UT,ANM,WE,Towers with Radar,524,187,40,12,763,0,25,51,0,76,524,212,91,12,839,0,0,0,839
06/02/2015,SLC,UT,ANM,WE,Towers with Radar,528,184,63,9,784,0,29,97,2,128,528,213,160,11,912,0,0,0,912
06/03/2015,SLC,UT,ANM,WE,Towers with Radar,522,176,50,8,756,0,38,87,0,125,522,214,137,8,881,6,0,6,887
06/04/2015,SLC,UT,ANM,WE,Towers with Radar,564,207,57,5,833,0,28,78,19,125,564,235,135,24,958,15,0,15,973
06/05/2015,SLC,UT,ANM,WE,Towers with Radar,547,194,50,4,795,0,19,48,6,73,547,213,98,10,868,26,0,26,894
06/06/2015,SLC,UT,ANM,WE,Towers with Radar,484,147,31,6,668,0,9,27,2,38,484,156,58,8,706,0,0,0,706
06/07/2015,SLC,UT,ANM,WE,Towers with Radar,526,165,36,3,730,0,8,42,11,61,526,173,78,14,791,0,0,0,791
06/08/2015,SLC,UT,ANM,WE,Towers with Radar,529,170,37,15,751,0,23,86,11,120,529,193,123,26,871,30,0,30,901
06/09/2015,SLC,UT,ANM,WE,Towers with Radar,547,177,47,9,780,0,26,68,10,104,547,203,115,19,884,0,0,0,884
06/10/2015,SLC,UT,ANM,WE,Towers with Radar,540,198,59,9,806,0,23,94,13,130,540,221,153,22,936,0,0,0,936
06/11/2015,SLC,UT,ANM,WE,Towers with Radar,553,211,59,9,832,0,27,65,14,106,553,238,124,23,938,0,0,0,938
06/12/2015,SLC,UT,ANM,WE,Towers with Radar,548,200,49,7,804,0,16,73,16,105,548,216,122,23,909,0,0,0,909
06/13/2015,SLC,UT,ANM,WE,Towers with Radar,487,135,40,4,666,0,17,62,3,82,487,152,102,7,748,0,0,0,748
06/14/2015,SLC,UT,ANM,WE,Towers with Radar,533,158,33,4,728,0,5,41,8,54,533,163,74,12,782,0,0,0,782
06/15/2015,SLC,UT,ANM,WE,Towers with Radar,535,181,39,5,760,0,27,65,11,103,535,208,104,16,863,6,0,6,869
06/16/2015,SLC,UT,ANM,WE,Towers with Radar,544,180,58,6,788,0,25,88,16,129,544,205,146,22,917,10,0,10,927
06/17/2015,SLC,UT,ANM,WE,Towers with Radar,537,188,71,6,802,0,20,70,46,136,537,208,141,52,938,0,0,0,938
06/18/2015,SLC,UT,ANM,WE,Towers with Radar,553,187,69,5,814,0,34,65,24,123,553,221,134,29,937,0,0,0,937
06/19/2015,SLC,UT,ANM,WE,Towers with Radar,557,193,42,2,794,0,25,75,16,116,557,218,117,18,910,8,0,8,918
06/20/2015,SLC,UT,ANM,WE,Towers with Radar,493,146,31,1,671,0,12,63,5,80,493,158,94,6,751,0,0,0,751
06/21/2015,SLC,UT,ANM,WE,Towers with Radar,531,164,34,5,734,0,11,35,5,51,531,175,69,10,785,10,0,10,795
06/22/2015,SLC,UT,ANM,WE,Towers with Radar,542,182,54,7,785,0,29,64,16,109,542,211,118,23,894,0,0,0,894
06/23/2015,SLC,UT,ANM,WE,Towers with Radar,548,189,30,11,778,0,33,62,10,105,548,222,92,21,883,0,0,0,883
06/24/2015,SLC,UT,ANM,WE,Towers with Radar,560,195,46,10,811,0,42,66,23,131,560,237,112,33,942,0,0,0,942
06/25/2015,SLC,UT,ANM,WE,Towers with Radar,558,189,51,8,806,0,35,65,5,105,558,224,116,13,911,0,0,0,911
06/26/2015,SLC,UT,ANM,WE,Towers with Radar,543,197,44,7,791,0,31,63,16,110,543,228,107,23,901,2,0,2,903
06/27/2015,SLC,UT,ANM,WE,Towers with Radar,484,148,34,2,668,0,14,54,13,81,484,162,88,15,749,0,0,0,749
06/28/2015,SLC,UT,ANM,WE,Towers with Radar,505,152,39,3,699,0,22,43,8,73,505,174,82,11,772,2,0,2,774
06/29/2015,SLC,UT,ANM,WE,Towers with Radar,489,167,53,7,716,0,37,72,17,126,489,204,125,24,842,0,0,0,842
06/30/2015,SLC,UT,ANM,WE,Towers with Radar,493,185,51,10,739,2,32,63,18,115,495,217,114,28,854,0,0,0,854
07/01/2015,SLC,UT,ANM,WE,Towers with Radar,534,215,73,6,828,0,34,60,11,105,534,249,133,17,933,0,0,0,933
07/02/2015,SLC,UT,ANM,WE,Towers with Radar,564,206,64,0,834,0,34,79,22,135,564,240,143,22,969,0,0,0,969
07/03/2015,SLC,UT,ANM,WE,Towers with Radar,442,186,50,0,678,0,35,79,12,126,442,221,129,12,804,0,0,0,804
07/04/2015,SLC,UT,ANM,WE,Towers with Radar,361,111,10,0,482,0,7,18,3,28,361,118,28,3,510,26,0,26,536
07/05/2015,SLC,UT,ANM,WE,Towers with Radar,535,205,73,0,813,0,7,29,12,48,535,212,102,12,861,0,0,0,861
07/06/2015,SLC,UT,ANM,WE,Towers with Radar,544,204,58,8,814,0,26,61,11,98,544,230,119,19,912,20,0,20,932
07/07/2015,SLC,UT,ANM,WE,Towers with Radar,569,191,64,7,831,0,22,75,18,115,569,213,139,25,946,52,0,52,998
07/08/2015,SLC,UT,ANM,WE,Towers with Radar,532,207,45,12,796,0,20,27,9,56,532,227,72,21,852,0,0,0,852
07/09/2015,SLC,UT,ANM,WE,Towers with Radar,565,205,56,7,833,0,29,61,10,100,565,234,117,17,933,0,0,0,933
07/10/2015,SLC,UT,ANM,WE,Towers with Radar,565,204,48,2,819,0,20,52,20,92,565,224,100,22,911,2,0,2,913
07/11/2015,SLC,UT,ANM,WE,Towers with Radar,478,161,31,1,671,0,18,54,17,89,478,179,85,18,760,0,0,0,760
07/12/2015,SLC,UT,ANM,WE,Towers with Radar,523,188,54,0,765,0,10,39,7,56,523,198,93,7,821,32,0,32,853
07/13/2015,SLC,UT,ANM,WE,Towers with Radar,548,197,52,6,803,0,28,75,31,134,548,225,127,37,937,30,0,30,967
07/14/2015,SLC,UT,ANM,WE,Towers with Radar,564,177,66,6,813,0,42,80,19,141,564,219,146,25,954,72,0,72,1026
07/15/2015,SLC,UT,ANM,WE,Towers with Radar,562,200,53,7,822,0,35,73,25,133,562,235,126,32,955,0,0,0,955
07/16/2015,SLC,UT,ANM,WE,Towers with Radar,560,190,59,7,816,0,27,90,14,131,560,217,149,21,947,8,0,8,955
07/17/2015,SLC,UT,ANM,WE,Towers with Radar,557,214,59,0,830,1,36,84,22,143,558,250,143,22,973,25,0,25,998
07/18/2015,SLC,UT,ANM,WE,Towers with Radar,491,148,32,1,672,0,17,49,25,91,491,165,81,26,763,22,0,22,785
07/19/2015,SLC,UT,ANM,WE,Towers with Radar,527,172,50,4,753,0,5,46,3,54,527,177,96,7,807,0,0,0,807
07/20/2015,SLC,UT,ANM,WE,Towers with Radar,550,197,54,13,814,0,23,52,15,90,550,220,106,28,904,94,0,94,998
07/21/2015,SLC,UT,ANM,WE,Towers with Radar,555,189,72,11,827,0,27,66,20,113,555,216,138,31,940,0,0,0,940
07/22/2015,SLC,UT,ANM,WE,Towers with Radar,544,209,69,7,829,0,27,55,29,111,544,236,124,36,940,0,0,0,940
07/23/2015,SLC,UT,ANM,WE,Towers with Radar,568,194,56,8,826,0,24,82,14,120,568,218,138,22,946,0,0,0,946
07/24/2015,SLC,UT,ANM,WE,Towers with Radar,556,198,51,0,805,0,31,89,21,141,556,229,140,21,946,0,0,0,946
07/25/2015,SLC,UT,ANM,WE,Towers with Radar,482,151,37,2,672,0,10,44,18,72,482,161,81,20,744,24,0,24,768
07/26/2015,SLC,UT,ANM,WE,Towers with Radar,541,185,51,2,779,0,6,49,5,60,541,191,100,7,839,56,0,56,895
07/27/2015,SLC,UT,ANM,WE,Towers with Radar,547,185,40,12,784,0,31,58,19,108,547,216,98,31,892,0,0,0,892
07/28/2015,SLC,UT,ANM,WE,Towers with Radar,549,183,69,8,809,0,33,92,24,149,549,216,161,32,958,16,0,16,974
07/29/2015,SLC,UT,ANM,WE,Towers with Radar,549,211,49,10,819,0,32,80,18,130,549,243,129,28,949,80,0,80,1029
07/30/2015,SLC,UT,ANM,WE,Towers with Radar,556,200,68,4,828,0,28,71,19,118,556,228,139,23,946,56,0,56,1002
07/31/2015,SLC,UT,ANM,WE,Towers with Radar,555,194,52,2,803,0,24,77,21,122,555,218,129,23,925,0,0,0,925
08/01/2015,SLC,UT,ANM,WE,Towers with Radar,485,150,51,3,689,0,13,78,17,108,485,163,129,20,797,0,0,0,797
08/02/2015,SLC,UT,ANM,WE,Towers with Radar,539,177,32,1,749,0,4,46,5,55,539,181,78,6,804,0,0,0,804
08/03/2015,SLC,UT,ANM,WE,Towers with Radar,544,201,80,7,832,0,17,14,3,34,544,218,94,10,866,20,0,20,886
08/04/2015,SLC,UT,ANM,WE,Towers with Radar,552,197,90,10,849,0,36,87,13,136,552,233,177,23,985,6,0,6,991
08/05/2015,SLC,UT,ANM,WE,Towers with Radar,556,210,56,10,832,0,27,78,8,113,556,237,134,18,945,0,0,0,945
08/06/2015,SLC,UT,ANM,WE,Towers with Radar,558,218,78,12,866,0,32,78,8,118,558,250,156,20,984,0,0,0,984
08/07/2015,SLC,UT,ANM,WE,Towers with Radar,555,229,66,1,851,0,13,24,6,43,555,242,90,7,894,30,0,30,924
08/08/2015,SLC,UT,ANM,WE,Towers with Radar,495,155,38,1,689,0,18,38,19,75,495,173,76,20,764,8,0,8,772
08/09/2015,SLC,UT,ANM,WE,Towers with Radar,526,181,41,7,755,0,4,47,8,59,526,185,88,15,814,4,0,4,818
08/10/2015,SLC,UT,ANM,WE,Towers with Radar,571,196,49,11,827,0,19,63,22,104,571,215,112,33,931,0,0,0,931
08/11/2015,SLC,UT,ANM,WE,Towers with Radar,580,195,53,11,839,0,29,59,7,95,580,224,112,18,934,2,4,6,940
08/12/2015,SLC,UT,ANM,WE,Towers with Radar,555,199,82,11,847,0,30,62,22,114,555,229,144,33,961,0,0,0,961
08/13/2015,SLC,UT,ANM,WE,Towers with Radar,572,198,57,10,837,0,35,66,5,106,572,233,123,15,943,22,0,22,965
08/14/2015,SLC,UT,ANM,WE,Towers with Radar,578,190,48,5,821,2,29,55,20,106,580,219,103,25,927,10,0,10,937
08/15/2015,SLC,UT,ANM,WE,Towers with Radar,488,155,33,2,678,0,13,56,14,83,488,168,89,16,761,0,0,0,761
08/16/2015,SLC,UT,ANM,WE,Towers with Radar,534,174,44,3,755,0,5,32,0,37,534,179,76,3,792,6,0,6,798
08/17/2015,SLC,UT,ANM,WE,Towers with Radar,548,187,51,10,796,0,25,66,25,116,548,212,117,35,912,4,0,4,916
08/18/2015,SLC,UT,ANM,WE,Towers with Radar,541,181,65,13,800,0,21,71,25,117,541,202,136,38,917,0,0,0,917
08/19/2015,SLC,UT,ANM,WE,Towers with Radar,549,204,61,9,823,0,22,66,18,106,549,226,127,27,929,0,0,0,929
08/20/2015,SLC,UT,ANM,WE,Towers with Radar,546,212,64,5,827,0,23,57,25,105,546,235,121,30,932,0,0,0,932
08/21/2015,SLC,UT,ANM,WE,Towers with Radar,561,199,58,4,822,0,24,64,28,116,561,223,122,32,938,0,0,0,938
08/22/2015,SLC,UT,ANM,WE,Towers with Radar,457,134,33,2,626,0,18,63,17,98,457,152,96,19,724,10,0,10,734
08/23/2015,SLC,UT,ANM,WE,Towers with Radar,524,179,58,2,763,0,3,43,10,56,524,182,101,12,819,4,0,4,823
08/24/2015,SLC,UT,ANM,WE,Towers with Radar,534,203,41,6,784,0,24,63,34,121,534,227,104,40,905,10,0,10,915
08/25/2015,SLC,UT,ANM,WE,Towers with Radar,543,180,48,6,777,0,23,66,25,114,543,203,114,31,891,0,0,0,891
08/26/2015,SLC,UT,ANM,WE,Towers with Radar,545,210,56,3,814,0,35,33,16,84,545,245,89,19,898,22,0,22,920
08/27/2015,SLC,UT,ANM,WE,Towers with Radar,557,191,63,11,822,0,31,78,29,138,557,222,141,40,960,0,0,0,960
08/28/2015,SLC,UT,ANM,WE,Towers with Radar,553,195,54,7,809,0,26,55,40,121,553,221,109,47,930,0,0,0,930
08/29/2015,SLC,UT,ANM,WE,Towers with Radar,443,134,24,5,606,0,12,54,16,82,443,146,78,21,688,0,0,0,688
08/30/2015,SLC,UT,ANM,WE,Towers with Radar,515,178,46,4,743,0,3,28,11,42,515,181,74,15,785,0,0,0,785
08/31/2015,SLC,UT,ANM,WE,Towers with Radar,530,183,45,8,766,0,27,92,40,159,530,210,137,48,925,24,0,24,949
09/01/2015,SLC,UT,ANM,WE,Towers with Radar,520,183,54,12,769,0,23,69,30,122,520,206,123,42,891,8,0,8,899
09/02/2015,SLC,UT,ANM,WE,Towers with Radar,525,181,53,10,769,0,27,75,12,114,525,208,128,22,883,0,0,0,883
09/03/2015,SLC,UT,ANM,WE,Towers with Radar,543,200,66,5,814,0,29,51,8,88,543,229,117,13,902,0,0,0,902
09/04/2015,SLC,UT,ANM,WE,Towers with Radar,538,203,99,1,841,0,23,32,22,77,538,226,131,23,918,0,0,0,918
09/05/2015,SLC,UT,ANM,WE,Towers with Radar,383,122,27,2,534,0,11,34,4,49,383,133,61,6,583,0,0,0,583
09/06/2015,SLC,UT,ANM,WE,Towers with Radar,373,112,22,1,508,0,13,40,16,69,373,125,62,17,577,0,0,0,577
09/07/2015,SLC,UT,ANM,WE,Towers with Radar,470,164,68,1,703,0,7,84,19,110,470,171,152,20,813,0,0,0,813
09/08/2015,SLC,UT,ANM,WE,Towers with Radar,493,166,42,4,705,0,24,66,39,129,493,190,108,43,834,0,0,0,834
09/09/2015,SLC,UT,ANM,WE,Towers with Radar,464,163,71,14,712,0,23,85,32,140,464,186,156,46,852,0,0,0,852
09/10/2015,SLC,UT,ANM,WE,Towers with Radar,474,169,57,10,710,0,21,86,44,151,474,190,143,54,861,30,0,30,891
09/11/2015,SLC,UT,ANM,WE,Towers with Radar,475,178,50,6,709,0,39,78,37,154,475,217,128,43,863,0,0,0,863
09/12/2015,SLC,UT,ANM,WE,Towers with Radar,384,126,36,3,549,0,13,87,22,122,384,139,123,25,671,0,0,0,671
09/13/2015,SLC,UT,ANM,WE,Towers with Radar,506,173,40,4,723,0,2,51,12,65,506,175,91,16,788,4,0,4,792
09/14/2015,SLC,UT,ANM,WE,Towers with Radar,524,205,70,3,802,0,17,25,5,47,524,222,95,8,849,0,0,0,849
09/15/2015,SLC,UT,ANM,WE,Towers with Radar,516,208,75,4,803,0,15,8,0,23,516,223,83,4,826,0,0,0,826
09/16/2015,SLC,UT,ANM,WE,Towers with Radar,529,199,58,12,798,0,15,12,0,27,529,214,70,12,825,0,0,0,825
09/17/2015,SLC,UT,ANM,WE,Towers with Radar,545,212,62,8,827,0,23,51,41,115,545,235,113,49,942,48,0,48,990
09/18/2015,SLC,UT,ANM,WE,Towers with Radar,535,195,60,0,790,0,26,117,38,181,535,221,177,38,971,0,0,0,971
09/19/2015,SLC,UT,ANM,WE,Towers with Radar,414,121,29,6,570,0,12,61,20,93,414,133,90,26,663,0,0,0,663
09/20/2015,SLC,UT,ANM,WE,Towers with Radar,519,178,48,2,747,0,11,42,11,64,519,189,90,13,811,0,0,0,811
09/21/2015,SLC,UT,ANM,WE,Towers with Radar,521,185,50,4,760,0,30,84,36,150,521,215,134,40,910,0,0,0,910
09/22/2015,SLC,UT,ANM,WE,Towers with Radar,511,172,75,7,765,0,31,84,48,163,511,203,159,55,928,0,0,0,928
09/23/2015,SLC,UT,ANM,WE,Towers with Radar,510,186,45,11,752,0,27,59,40,126,510,213,104,51,878,46,0,46,924
09/24/2015,SLC,UT,ANM,WE,Towers with Radar,529,198,56,10,793,0,31,81,27,139,529,229,137,37,932,64,0,64,996
09/25/2015,SLC,UT,ANM,WE,Towers with Radar,528,196,59,4,787,0,22,63,20,105,528,218,122,24,892,58,0,58,950
09/26/2015,SLC,UT,ANM,WE,Towers with Radar,408,142,37,4,591,0,14,40,8,62,408,156,77,12,653,0,0,0,653
09/27/2015,SLC,UT,ANM,WE,Towers with Radar,505,179,48,1,733,0,11,55,12,78,505,190,103,13,811,6,0,6,817
09/28/2015,SLC,UT,ANM,WE,Towers with Radar,510,193,52,2,757,0,27,44,35,106,510,220,96,37,863,38,0,38,901
09/29/2015,SLC,UT,ANM,WE,Towers with Radar,516,180,60,3,759,0,29,65,40,134,516,209,125,43,893,0,0,0,893
09/30/2015,SLC,UT,ANM,WE,Towers with Radar,529,199,32,0,760,0,30,144,33,207,529,229,176,33,967,0,0,0,967
10/01/2015,SLC,UT,ANM,WE,Towers with Radar,535,199,44,8,786,0,27,51,30,108,535,226,95,38,894,0,0,0,894
10/02/2015,SLC,UT,ANM,WE,Towers with Radar,528,199,69,3,799,0,20,26,11,57,528,219,95,14,856,0,0,0,856
10/03/2015,SLC,UT,ANM,WE,Towers with Radar,409,134,19,2,564,0,9,47,13,69,409,143,66,15,633,0,0,0,633
10/04/2015,SLC,UT,ANM,WE,Towers with Radar,499,157,44,2,702,0,6,53,22,81,499,163,97,24,783,0,0,0,783
10/05/2015,SLC,UT,ANM,WE,Towers with Radar,517,195,57,7,776,0,27,98,20,145,517,222,155,27,921,0,0,0,921
10/06/2015,SLC,UT,ANM,WE,Towers with Radar,514,165,66,10,755,0,19,27,30,76,514,184,93,40,831,16,0,16,847
10/07/2015,SLC,UT,ANM,WE,Towers with Radar,526,191,78,8,803,0,23,88,33,144,526,214,166,41,947,0,0,0,947
10/08/2015,SLC,UT,ANM,WE,Towers with Radar,531,191,63,6,791,0,23,108,52,183,531,214,171,58,974,0,0,0,974
10/09/2015,SLC,UT,ANM,WE,Towers with Radar,524,190,46,5,765,0,34,81,36,151,524,224,127,41,916,8,0,8,924
10/10/2015,SLC,UT,ANM,WE,Towers with Radar,412,126,33,2,573,0,11,60,10,81,412,137,93,12,654,0,0,0,654
10/11/2015,SLC,UT,ANM,WE,Towers with Radar,498,156,39,1,694,0,3,33,10,46,498,159,72,11,740,0,0,0,740
10/12/2015,SLC,UT,ANM,WE,Towers with Radar,513,182,43,0,738,0,29,86,10,125,513,211,129,10,863,0,0,0,863
10/13/2015,SLC,UT,ANM,WE,Towers with Radar,512,176,40,7,735,0,31,56,22,109,512,207,96,29,844,4,0,4,848
10/14/2015,SLC,UT,ANM,WE,Towers with Radar,521,192,65,8,786,0,33,73,21,127,521,225,138,29,913,6,0,6,919
10/15/2015,SLC,UT,ANM,WE,Towers with Radar,528,202,59,6,795,0,31,71,14,116,528,233,130,20,911,38,0,38,949
10/16/2015,SLC,UT,ANM,WE,Towers with Radar,541,183,59,6,789,0,30,50,10,90,541,213,109,16,879,0,0,0,879
10/17/2015,SLC,UT,ANM,WE,Towers with Radar,419,132,35,2,588,0,5,22,7,34,419,137,57,9,622,20,0,20,642
10/18/2015,SLC,UT,ANM,WE,Towers with Radar,500,165,42,3,710,0,6,24,10,40,500,171,66,13,750,0,0,0,750
10/19/2015,SLC,UT,ANM,WE,Towers with Radar,526,198,56,6,786,0,27,31,12,70,526,225,87,18,856,0,0,0,856
10/20/2015,SLC,UT,ANM,WE,Towers with Radar,519,188,54,5,766,0,20,84,38,142,519,208,138,43,908,0,0,0,908
10/21/2015,SLC,UT,ANM,WE,Towers with Radar,515,203,60,8,786,0,29,115,41,185,515,232,175,49,971,0,0,0,971
10/22/2015,SLC,UT,ANM,WE,Towers with Radar,534,187,75,3,799,0,26,57,43,126,534,213,132,46,925,0,0,0,925
10/23/2015,SLC,UT,ANM,WE,Towers with Radar,527,183,48,4,762,0,22,88,26,136,527,205,136,30,898,40,0,40,938
10/24/2015,SLC,UT,ANM,WE,Towers with Radar,410,126,34,2,572,0,15,51,16,82,410,141,85,18,654,2,0,2,656
10/25/2015,SLC,UT,ANM,WE,Towers with Radar,510,160,30,0,700,0,8,31,14,53,510,168,61,14,753,10,0,10,763
10/26/2015,SLC,UT,ANM,WE,Towers with Radar,515,190,47,2,754,0,38,111,27,176,515,228,158,29,930,0,0,0,930
10/27/2015,SLC,UT,ANM,WE,Towers with Radar,475,174,51,19,719,0,26,92,39,157,475,200,143,58,876,0,0,0,876
10/28/2015,SLC,UT,ANM,WE,Towers with Radar,475,179,58,8,720,0,30,77,43,150,475,209,135,51,870,0,0,0,870
10/29/2015,SLC,UT,ANM,WE,Towers with Radar,495,220,60,10,785,0,10,38,14,62,495,230,98,24,847,4,0,4,851
10/30/2015,SLC,UT,ANM,WE,Towers with Radar,491,184,39,5,719,0,19,56,25,100,491,203,95,30,819,0,0,0,819
10/31/2015,SLC,UT,ANM,WE,Towers with Radar,369,116,26,0,511,0,12,62,24,98,369,128,88,24,609,0,0,0,609
11/01/2015,SLC,UT,ANM,WE,Towers with Radar,518,159,36,5,718,0,3,29,22,54,518,162,65,27,772,0,0,0,772
11/02/2015,SLC,UT,ANM,WE,Towers with Radar,521,182,46,6,755,0,10,37,16,63,521,192,83,22,818,0,0,0,818
11/03/2015,SLC,UT,ANM,WE,Towers with Radar,515,168,40,2,725,0,12,7,0,19,515,180,47,2,744,6,0,6,750
11/04/2015,SLC,UT,ANM,WE,Towers with Radar,529,177,50,8,764,0,27,39,20,86,529,204,89,28,850,0,0,0,850
11/05/2015,SLC,UT,ANM,WE,Towers with Radar,540,202,57,3,802,0,19,51,30,100,540,221,108,33,902,0,0,0,902
11/06/2015,SLC,UT,ANM,WE,Towers with Radar,536,190,60,2,788,0,21,45,46,112,536,211,105,48,900,14,0,14,914
11/07/2015,SLC,UT,ANM,WE,Towers with Radar,405,108,36,2,551,0,23,76,30,129,405,131,112,32,680,20,0,20,700
11/08/2015,SLC,UT,ANM,WE,Towers with Radar,508,155,44,6,713,0,1,44,22,67,508,156,88,28,780,36,0,36,816
11/09/2015,SLC,UT,ANM,WE,Towers with Radar,519,195,45,2,761,0,5,24,7,36,519,200,69,9,797,18,0,18,815
11/10/2015,SLC,UT,ANM,WE,Towers with Radar,516,175,65,7,763,0,16,10,0,26,516,191,75,7,789,0,0,0,789
11/11/2015,SLC,UT,ANM,WE,Towers with Radar,519,173,58,1,751,0,35,59,35,129,519,208,117,36,880,34,0,34,914
11/12/2015,SLC,UT,ANM,WE,Towers with Radar,540,183,65,5,793,0,24,122,42,188,540,207,187,47,981,0,0,0,981
11/13/2015,SLC,UT,ANM,WE,Towers with Radar,548,176,54,0,778,0,23,62,38,123,548,199,116,38,901,0,0,0,901
11/14/2015,SLC,UT,ANM,WE,Towers with Radar,400,110,24,0,534,0,19,62,21,102,400,129,86,21,636,0,0,0,636
11/15/2015,SLC,UT,ANM,WE,Towers with Radar,505,150,35,2,692,0,9,28,2,39,505,159,63,4,731,0,0,0,731
11/16/2015,SLC,UT,ANM,WE,Towers with Radar,529,200,39,6,774,0,24,6,0,30,529,224,45,6,804,0,0,0,804
11/17/2015,SLC,UT,ANM,WE,Towers with Radar,519,170,39,8,736,0,20,58,26,104,519,190,97,34,840,0,0,0,840
11/18/2015,SLC,UT,ANM,WE,Towers with Radar,524,173,49,8,754,0,24,69,34,127,524,197,118,42,881,24,0,24,905
11/19/2015,SLC,UT,ANM,WE,Towers with Radar,536,198,68,12,814,0,14,50,18,82,536,212,118,30,896,0,0,0,896
11/20/2015,SLC,UT,ANM,WE,Towers with Radar,541,201,51,6,799,0,25,60,23,108,541,226,111,29,907,0,0,0,907
11/21/2015,SLC,UT,ANM,WE,Towers with Radar,393,131,45,2,571,0,9,91,21,121,393,140,136,23,692,0,0,0,692
11/22/2015,SLC,UT,ANM,WE,Towers with Radar,453,142,36,0,631,0,7,62,13,82,453,149,98,13,713,0,0,0,713
11/23/2015,SLC,UT,ANM,WE,Towers with Radar,457,171,51,6,685,0,21,105,35,161,457,192,156,41,846,36,0,36,882
11/24/2015,SLC,UT,ANM,WE,Towers with Radar,540,190,57,15,802,0,24,76,25,125,540,214,133,40,927,0,0,0,927
11/25/2015,SLC,UT,ANM,WE,Towers with Radar,535,212,46,4,797,0,12,9,13,34,535,224,55,17,831,0,0,0,831
11/26/2015,SLC,UT,ANM,WE,Towers with Radar,294,86,17,0,397,0,8,8,4,20,294,94,25,4,417,0,0,0,417
11/27/2015,SLC,UT,ANM,WE,Towers with Radar,346,128,25,1,500,0,17,47,13,77,346,145,72,14,577,0,0,0,577
11/28/2015,SLC,UT,ANM,WE,Towers with Radar,503,193,46,1,743,0,4,0,0,4,503,197,46,1,747,0,0,0,747
11/29/2015,SLC,UT,ANM,WE,Towers with Radar,537,169,82,0,788,0,1,5,3,9,537,170,87,3,797,0,0,0,797
11/30/2015,SLC,UT,ANM,WE,Towers with Radar,530,186,35,7,758,0,15,59,33,107,530,201,94,40,865,12,2,14,879
12/01/2015,SLC,UT,ANM,WE,Towers with Radar,506,171,41,10,728,0,30,62,32,124,506,201,103,42,852,12,0,12,864
12/02/2015,SLC,UT,ANM,WE,Towers with Radar,503,177,53,7,740,0,36,54,26,116,503,213,107,33,856,0,0,0,856
12/03/2015,SLC,UT,ANM,WE,Towers with Radar,528,188,77,7,800,0,29,76,29,134,528,217,153,36,934,0,0,0,934
12/04/2015,SLC,UT,ANM,WE,Towers with Radar,523,187,54,1,765,0,25,52,27,104,523,212,106,28,869,0,10,10,879
12/05/2015,SLC,UT,ANM,WE,Towers with Radar,390,124,32,2,548,0,21,75,24,120,390,145,107,26,668,0,0,0,668
12/06/2015,SLC,UT,ANM,WE,Towers with Radar,489,135,37,0,661,0,4,40,12,56,489,139,77,12,717,0,0,0,717
12/07/2015,SLC,UT,ANM,WE,Towers with Radar,499,181,33,6,719,0,21,59,24,104,499,202,92,30,823,0,0,0,823
12/08/2015,SLC,UT,ANM,WE,Towers with Radar,493,178,39,18,728,0,33,66,36,135,493,211,105,54,863,24,0,24,887
12/09/2015,SLC,UT,ANM,WE,Towers with Radar,506,172,59,9,746,0,24,57,25,106,506,196,116,34,852,0,0,0,852
12/10/2015,SLC,UT,ANM,WE,Towers with Radar,528,200,41,6,775,0,4,16,7,27,528,204,57,13,802,0,0,0,802
12/11/2015,SLC,UT,ANM,WE,Towers with Radar,529,188,72,5,794,0,29,43,18,90,529,217,115,23,884,0,0,0,884
12/12/2015,SLC,UT,ANM,WE,Towers with Radar,390,124,30,3,547,0,9,37,14,60,390,133,67,17,607,8,0,8,615
12/13/2015,SLC,UT,ANM,WE,Towers with Radar,476,152,55,0,683,0,13,27,12,52,476,165,82,12,735,0,0,0,735
12/14/2015,SLC,UT,ANM,WE,Towers with Radar,500,172,28,2,702,0,0,0,0,0,500,172,28,2,702,0,0,0,702
12/15/2015,SLC,UT,ANM,WE,Towers with Radar,502,203,63,9,777,0,11,23,9,43,502,214,86,18,820,0,0,0,820
12/16/2015,SLC,UT,ANM,WE,Towers with Radar,514,209,81,5,809,0,13,26,14,53,514,222,107,19,862,0,0,0,862
12/17/2015,SLC,UT,ANM,WE,Towers with Radar,565,194,83,2,844,0,25,76,27,128,565,219,159,29,972,0,0,0,972
12/18/2015,SLC,UT,ANM,WE,Towers with Radar,561,207,101,3,872,0,14,51,26,91,561,221,152,29,963,0,0,0,963
12/19/2015,SLC,UT,ANM,WE,Towers with Radar,562,202,80,2,846,0,15,37,4,56,562,217,117,6,902,6,0,6,908
12/20/2015,SLC,UT,ANM,WE,Towers with Radar,562,193,48,2,805,0,5,1,0,6,562,198,49,2,811,0,0,0,811
12/21/2015,SLC,UT,ANM,WE,Towers with Radar,555,214,62,8,839,0,14,16,2,32,555,228,78,10,871,0,0,0,871
12/22/2015,SLC,UT,ANM,WE,Towers with Radar,601,226,56,4,887,0,0,0,0,0,601,226,56,4,887,0,0,0,887
12/23/2015,SLC,UT,ANM,WE,Towers with Radar,569,226,79,0,874,0,31,16,0,47,569,257,95,0,921,0,0,0,921
12/24/2015,SLC,UT,ANM,WE,Towers with Radar,476,182,29,0,687,0,12,21,2,35,476,194,50,2,722,0,0,0,722
12/25/2015,SLC,UT,ANM,WE,Towers with Radar,351,117,27,0,495,0,5,2,0,7,351,122,29,0,502,0,0,0,502
12/26/2015,SLC,UT,ANM,WE,Towers with Radar,522,231,101,3,857,0,13,38,6,57,522,244,139,9,914,0,0,0,914
12/27/2015,SLC,UT,ANM,WE,Towers with Radar,546,226,82,0,854,0,18,30,5,53,546,244,112,5,907,0,0,0,907
12/28/2015,SLC,UT,ANM,WE,Towers with Radar,529,198,64,0,791,0,14,40,6,60,529,212,104,6,851,0,0,0,851
12/29/2015,SLC,UT,ANM,WE,Towers with Radar,577,244,59,2,882,0,11,1,0,12,577,255,60,2,894,0,0,0,894
12/30/2015,SLC,UT,ANM,WE,Towers with Radar,567,247,91,2,907,0,17,19,3,39,567,264,110,5,946,0,0,0,946
12/31/2015,SLC,UT,ANM,WE,Towers with Radar,439,154,50,1,644,0,26,61,8,95,439,180,111,9,739,0,0,0,739
01/01/2016,SLC,UT,ANM,WE,Towers with Radar,402,150,63,0,615,0,6,21,3,30,402,156,84,3,645,0,0,0,645
01/02/2016,SLC,UT,ANM,WE,Towers with Radar,530,206,88,0,824,0,12,38,11,61,530,218,126,11,885,4,0,4,889
01/03/2016,SLC,UT,ANM,WE,Towers with Radar,538,222,115,0,875,0,4,23,8,35,538,226,138,8,910,0,0,0,910
01/04/2016,SLC,UT,ANM,WE,Towers with Radar,539,194,73,6,812,0,17,38,15,70,539,211,111,21,882,6,6,12,894
01/05/2016,SLC,UT,ANM,WE,Towers with Radar,525,193,62,6,786,0,20,19,4,43,525,213,81,10,829,0,0,0,829
01/06/2016,SLC,UT,ANM,WE,Towers with Radar,507,206,66,4,783,0,7,17,9,33,507,213,83,13,816,16,0,16,832
01/07/2016,SLC,UT,ANM,WE,Towers with Radar,528,180,68,4,780,0,0,0,0,0,528,180,68,4,780,0,0,0,780
01/08/2016,SLC,UT,ANM,WE,Towers with Radar,530,214,82,3,829,0,11,12,30,53,530,225,94,33,882,0,0,0,882
01/09/2016,SLC,UT,ANM,WE,Towers with Radar,421,130,48,3,602,0,12,33,16,61,421,142,81,19,663,18,0,18,681
01/10/2016,SLC,UT,ANM,WE,Towers with Radar,493,154,51,1,699,0,4,9,3,16,493,158,60,4,715,0,0,0,715
01/11/2016,SLC,UT,ANM,WE,Towers with Radar,521,177,59,7,764,0,43,69,23,135,521,220,128,30,899,0,0,0,899
01/12/2016,SLC,UT,ANM,WE,Towers with Radar,508,175,68,9,760,0,18,89,21,128,508,193,157,30,888,14,0,14,902
01/13/2016,SLC,UT,ANM,WE,Towers with Radar,516,187,83,6,792,0,25,84,22,131,516,212,167,28,923,4,0,4,927
01/14/2016,SLC,UT,ANM,WE,Towers with Radar,531,211,90,8,840,0,19,28,7,54,531,230,118,15,894,0,0,0,894
01/15/2016,SLC,UT,ANM,WE,Towers with Radar,529,218,93,1,841,0,11,4,0,15,529,229,97,1,856,0,0,0,856
01/16/2016,SLC,UT,ANM,WE,Towers with Radar,399,123,50,0,572,0,4,14,13,31,399,127,64,13,603,8,0,8,611
01/17/2016,SLC,UT,ANM,WE,Towers with Radar,433,148,46,2,629,0,5,23,14,42,433,153,69,16,671,0,0,0,671
01/18/2016,SLC,UT,ANM,WE,Towers with Radar,520,216,109,2,847,0,3,4,0,7,520,219,113,2,854,0,0,0,854
01/19/2016,SLC,UT,ANM,WE,Towers with Radar,500,196,74,7,777,0,4,57,25,86,500,200,131,32,863,0,0,0,863
01/20/2016,SLC,UT,ANM,WE,Towers with Radar,504,201,68,8,781,0,29,39,18,86,504,230,107,26,867,8,0,8,875
01/21/2016,SLC,UT,ANM,WE,Towers with Radar,525,219,83,6,833,0,30,118,50,198,525,249,201,56,1031,0,0,0,1031
01/22/2016,SLC,UT,ANM,WE,Towers with Radar,516,198,104,3,821,0,25,59,26,110,516,223,163,29,931,0,0,0,931
01/23/2016,SLC,UT,ANM,WE,Towers with Radar,403,147,55,0,605,0,10,26,12,48,403,157,81,12,653,0,0,0,653
01/24/2016,SLC,UT,ANM,WE,Towers with Radar,485,216,80,3,784,0,1,0,0,1,485,217,80,3,785,0,0,0,785
01/25/2016,SLC,UT,ANM,WE,Towers with Radar,516,208,96,11,831,0,26,54,32,112,516,234,150,43,943,4,0,4,947
01/26/2016,SLC,UT,ANM,WE,Towers with Radar,503,196,81,10,790,0,27,63,34,124,503,223,144,44,914,22,0,22,936
01/27/2016,SLC,UT,ANM,WE,Towers with Radar,507,188,84,6,785,0,33,90,37,160,507,221,174,43,945,24,0,24,969
01/28/2016,SLC,UT,ANM,WE,Towers with Radar,532,220,92,7,851,0,27,80,30,137,532,247,172,37,988,0,0,0,988
01/29/2016,SLC,UT,ANM,WE,Towers with Radar,540,230,64,6,840,0,12,43,21,76,540,242,107,27,916,0,0,0,916
01/30/2016,SLC,UT,ANM,WE,Towers with Radar,414,155,49,0,618,0,9,3,0,12,414,164,52,0,630,6,0,6,636
01/31/2016,SLC,UT,ANM,WE,Towers with Radar,506,200,72,1,779,0,5,6,0,11,506,205,78,1,790,0,0,0,790
02/01/2016,SLC,UT,ANM,WE,Towers with Radar,524,190,57,5,776,0,17,7,5,29,524,207,64,10,805,6,0,6,811
02/02/2016,SLC,UT,ANM,WE,Towers with Radar,497,193,74,6,770,0,26,81,26,133,497,219,155,32,903,0,0,0,903
02/03/2016,SLC,UT,ANM,WE,Towers with Radar,509,195,95,8,807,0,27,76,32,135,509,222,171,40,942,20,0,20,962
02/04/2016,SLC,UT,ANM,WE,Towers with Radar,531,217,88,6,842,0,7,21,8,36,531,224,109,14,878,6,0,6,884
02/05/2016,SLC,UT,ANM,WE,Towers with Radar,529,191,108,4,832,0,24,54,30,108,529,215,162,34,940,0,0,0,940
02/06/2016,SLC,UT,ANM,WE,Towers with Radar,402,126,41,0,569,0,11,64,17,92,402,137,105,17,661,0,0,0,661
02/07/2016,SLC,UT,ANM,WE,Towers with Radar,428,128,60,1,617,0,10,28,8,46,428,138,88,9,663,0,0,0,663
02/08/2016,SLC,UT,ANM,WE,Towers with Radar,511,206,80,5,802,0,24,86,32,142,511,230,166,37,944,0,0,0,944
02/09/2016,SLC,UT,ANM,WE,Towers with Radar,506,206,80,6,798,0,10,58,20,88,506,216,138,26,886,0,0,0,886
02/10/2016,SLC,UT,ANM,WE,Towers with Radar,518,206,86,5,815,0,0,0,0,0,518,206,86,5,815,0,0,0,815
02/11/2016,SLC,UT,ANM,WE,Towers with Radar,544,240,108,8,900,0,1,2,0,3,544,241,110,8,903,0,0,0,903
02/12/2016,SLC,UT,ANM,WE,Towers with Radar,544,237,117,2,900,0,0,4,0,4,544,237,121,2,904,0,0,0,904
02/13/2016,SLC,UT,ANM,WE,Towers with Radar,431,149,56,1,637,0,2,5,0,7,431,151,61,1,644,8,0,8,652
02/14/2016,SLC,UT,ANM,WE,Towers with Radar,457,181,52,1,691,0,2,2,0,4,457,183,54,1,695,0,0,0,695
02/15/2016,SLC,UT,ANM,WE,Towers with Radar,526,242,105,3,876,0,14,78,24,116,526,256,183,27,992,0,0,0,992
02/16/2016,SLC,UT,ANM,WE,Towers with Radar,535,217,87,2,841,0,21,101,36,158,535,238,188,38,999,0,0,0,999
02/17/2016,SLC,UT,ANM,WE,Towers with Radar,544,199,91,4,838,0,13,38,26,77,544,212,129,30,915,0,0,0,915
02/18/2016,SLC,UT,ANM,WE,Towers with Radar,544,227,56,5,832,0,12,6,3,21,544,239,62,8,853,0,0,0,853
02/19/2016,SLC,UT,ANM,WE,Towers with Radar,543,208,87,7,845,0,22,84,22,128,543,230,171,29,973,12,0,12,985
02/20/2016,SLC,UT,ANM,WE,Towers with Radar,453,143,55,7,658,0,10,83,9,102,453,153,138,16,760,0,0,0,760
02/21/2016,SLC,UT,ANM,WE,Towers with Radar,511,192,57,4,764,0,6,36,10,52,511,198,93,14,816,0,0,0,816
02/22/2016,SLC,UT,ANM,WE,Towers with Radar,531,180,47,6,764,0,18,15,7,40,531,198,62,13,804,0,0,0,804
02/23/2016,SLC,UT,ANM,WE,Towers with Radar,537,180,77,11,805,0,28,96,26,150,537,208,173,37,955,10,0,10,965
02/24/2016,SLC,UT,ANM,WE,Towers with Radar,531,207,82,10,830,0,25,113,35,173,531,232,195,45,1003,0,0,0,1003
02/25/2016,SLC,UT,ANM,WE,Towers with Radar,549,207,77,9,842,0,25,77,31,133,549,232,154,40,975,0,0,0,975
02/26/2016,SLC,UT,ANM,WE,Towers with Radar,544,195,73,8,820,0,25,79,15,119,544,220,152,23,939,0,0,0,939
02/27/2016,SLC,UT,ANM,WE,Towers with Radar,448,127,44,2,621,0,8,40,7,55,448,135,84,9,676,4,0,4,680
02/28/2016,SLC,UT,ANM,WE,Towers with Radar,525,175,56,1,757,0,1,48,6,55,525,176,104,7,812,4,0,4,816
02/29/2016,SLC,UT,ANM,WE,Towers with Radar,532,179,55,4,770,0,12,84,25,121,532,191,139,29,891,0,0,0,891
03/01/2016,SLC,UT,ANM,WE,Towers with Radar,518,199,49,2,768,0,29,70,27,126,518,228,119,29,894,0,0,0,894
03/02/2016,SLC,UT,ANM,WE,Towers with Radar,530,180,58,9,777,0,28,110,21,159,530,208,168,30,936,14,0,14,950
03/03/2016,SLC,UT,ANM,WE,Towers with Radar,567,207,55,8,837,0,25,94,21,140,567,232,149,29,977,0,0,0,977
03/04/2016,SLC,UT,ANM,WE,Towers with Radar,565,200,78,6,849,0,21,99,23,143,565,221,177,29,992,0,0,0,992
03/05/2016,SLC,UT,ANM,WE,Towers with Radar,501,158,31,3,693,0,8,61,8,77,501,166,92,11,770,0,0,0,770
03/06/2016,SLC,UT,ANM,WE,Towers with Radar,554,192,57,5,808,0,3,2,4,9,554,195,59,9,817,0,0,0,817
03/07/2016,SLC,UT,ANM,WE,Towers with Radar,565,171,42,5,783,0,21,65,18,104,565,192,107,23,887,0,0,0,887
03/08/2016,SLC,UT,ANM,WE,Towers with Radar,559,179,57,16,811,0,19,102,22,143,559,198,159,38,954,0,0,0,954
03/09/2016,SLC,UT,ANM,WE,Towers with Radar,564,189,75,10,838,0,25,48,8,81,564,214,123,18,919,0,0,0,919
03/10/2016,SLC,UT,ANM,WE,Towers with Radar,578,208,85,4,875,0,18,77,21,116,578,226,162,25,991,20,0,20,1011
03/11/2016,SLC,UT,ANM,WE,Towers with Radar,565,192,65,4,826,0,19,51,9,79,565,211,116,13,905,4,0,4,909
03/12/2016,SLC,UT,ANM,WE,Towers with Radar,511,149,44,4,708,0,9,57,9,75,511,158,101,13,783,0,0,0,783
03/13/2016,SLC,UT,ANM,WE,Towers with Radar,528,173,62,0,763,0,6,21,3,30,528,179,83,3,793,0,0,0,793
03/14/2016,SLC,UT,ANM,WE,Towers with Radar,565,202,76,1,844,0,13,4,1,18,565,215,80,2,862,0,0,0,862
03/15/2016,SLC,UT,ANM,WE,Towers with Radar,563,222,72,9,866,0,5,19,5,29,563,227,91,14,895,10,0,10,905
03/16/2016,SLC,UT,ANM,WE,Towers with Radar,561,199,75,9,844,0,18,75,22,115,561,217,150,31,959,4,0,4,963
03/17/2016,SLC,UT,ANM,WE,Towers with Radar,570,205,95,8,878,0,27,87,27,141,570,232,182,35,1019,22,0,22,1041
03/18/2016,SLC,UT,ANM,WE,Towers with Radar,574,200,86,0,860,0,22,95,25,142,574,222,181,25,1002,20,0,20,1022
03/19/2016,SLC,UT,ANM,WE,Towers with Radar,499,144,56,3,702,0,11,65,34,110,499,155,121,37,812,10,0,10,822
03/20/2016,SLC,UT,ANM,WE,Towers with Radar,536,172,73,1,782,0,6,54,5,65,536,178,127,6,847,0,0,0,847
03/21/2016,SLC,UT,ANM,WE,Towers with Radar,557,209,55,3,824,0,23,82,23,128,557,232,137,26,952,0,0,0,952
03/22/2016,SLC,UT,ANM,WE,Towers with Radar,567,202,36,3,808,0,14,3,0,17,567,216,39,3,825,0,0,0,825
03/23/2016,SLC,UT,ANM,WE,Towers with Radar,539,215,66,6,826,0,29,53,28,110,539,244,119,34,936,18,0,18,954
03/24/2016,SLC,UT,ANM,WE,Towers with Radar,563,205,89,7,864,0,20,111,34,165,563,225,200,41,1029,0,0,0,1029
03/25/2016,SLC,UT,ANM,WE,Towers with Radar,573,215,57,4,849,0,22,35,13,70,573,237,92,17,919,12,0,12,931
03/26/2016,SLC,UT,ANM,WE,Towers with Radar,508,148,29,5,690,0,10,50,9,69,508,158,79,14,759,0,0,0,759
03/27/2016,SLC,UT,ANM,WE,Towers with Radar,547,161,51,2,761,0,2,29,5,36,547,163,80,7,797,4,0,4,801
03/28/2016,SLC,UT,ANM,WE,Towers with Radar,575,206,72,7,860,0,0,2,0,2,575,206,74,7,862,0,0,0,862
03/29/2016,SLC,UT,ANM,WE,Towers with Radar,567,190,50,8,815,0,19,13,5,37,567,209,63,13,852,0,0,0,852
03/30/2016,SLC,UT,ANM,WE,Towers with Radar,574,199,70,7,850,0,28,25,20,73,574,227,95,27,923,0,0,0,923
03/31/2016,SLC,UT,ANM,WE,Towers with Radar,569,218,73,10,870,0,26,80,24,130,569,244,153,34,1000,0,0,0,1000
04/01/2016,SLC,UT,ANM,WE,Towers with Radar,571,214,66,2,853,0,25,112,15,152,571,239,178,17,1005,0,0,0,1005
04/02/2016,SLC,UT,ANM,WE,Towers with Radar,500,148,26,1,675,0,13,90,13,116,500,161,116,14,791,0,0,0,791
04/03/2016,SLC,UT,ANM,WE,Towers with Radar,547,184,49,4,784,0,7,73,7,87,547,191,122,11,871,32,0,32,903
04/04/2016,SLC,UT,ANM,WE,Towers with Radar,559,206,54,7,826,0,22,91,20,133,559,228,145,27,959,0,0,0,959
04/05/2016,SLC,UT,ANM,WE,Towers with Radar,547,172,68,8,795,0,24,102,19,145,547,196,170,27,940,0,0,0,940
04/06/2016,SLC,UT,ANM,WE,Towers with Radar,546,179,73,8,806,0,29,100,28,157,546,208,173,36,963,36,0,36,999
04/07/2016,SLC,UT,ANM,WE,Towers with Radar,553,186,63,8,810,0,27,111,22,160,553,213,174,30,970,0,0,0,970
04/08/2016,SLC,UT,ANM,WE,Towers with Radar,563,187,71,5,826,0,34,69,20,123,563,221,140,25,949,0,0,0,949
04/09/2016,SLC,UT,ANM,WE,Towers with Radar,461,126,28,0,615,0,8,28,7,43,461,134,56,7,658,0,0,0,658
04/10/2016,SLC,UT,ANM,WE,Towers with Radar,525,152,40,0,717,0,3,28,12,43,525,155,68,12,760,0,0,0,760
04/11/2016,SLC,UT,ANM,WE,Towers with Radar,543,169,64,7,783,0,23,63,25,111,543,192,127,32,894,32,0,32,926
04/12/2016,SLC,UT,ANM,WE,Towers with Radar,546,181,48,8,783,0,26,122,24,172,546,207,170,32,955,0,0,0,955
04/13/2016,SLC,UT,ANM,WE,Towers with Radar,557,206,68,7,838,0,18,17,7,42,557,224,85,14,880,0,0,0,880
04/14/2016,SLC,UT,ANM,WE,Towers with Radar,563,202,47,6,818,0,11,2,1,14,563,213,49,7,832,0,0,0,832
04/15/2016,SLC,UT,ANM,WE,Towers with Radar,557,181,46,4,788,0,17,10,0,27,557,198,56,4,815,28,0,28,843
04/16/2016,SLC,UT,ANM,WE,Towers with Radar,449,122,35,2,608,0,10,38,7,55,449,132,73,9,663,0,0,0,663
04/17/2016,SLC,UT,ANM,WE,Towers with Radar,513,148,30,2,693,0,4,45,4,53,513,152,75,6,746,4,0,4,750
04/18/2016,SLC,UT,ANM,WE,Towers with Radar,543,169,41,8,761,0,23,65,25,113,543,192,106,33,874,26,0,26,900
04/19/2016,SLC,UT,ANM,WE,Towers with Radar,539,187,51,11,788,0,23,90,22,135,539,210,141,33,923,0,0,0,923
04/20/2016,SLC,UT,ANM,WE,Towers with Radar,549,182,46,6,783,0,26,67,18,111,549,208,113,24,894,34,0,34,928
04/21/2016,SLC,UT,ANM,WE,Towers with Radar,562,186,60,0,808,0,25,102,18,145,562,211,162,18,953,0,0,0,953
04/22/2016,SLC,UT,ANM,WE,Towers with Radar,556,190,45,0,791,0,13,35,8,56,556,203,80,8,847,0,0,0,847
04/23/2016,SLC,UT,ANM,WE,Towers with Radar,456,131,19,0,606,0,8,3,0,11,456,139,22,0,617,10,0,10,627
04/24/2016,SLC,UT,ANM,WE,Towers with Radar,526,140,33,2,701,0,5,31,7,43,526,145,64,9,744,6,0,6,750
04/25/2016,SLC,UT,ANM,WE,Towers with Radar,553,174,39,1,767,0,15,5,4,24,553,189,44,5,791,0,0,0,791
04/26/2016,SLC,UT,ANM,WE,Towers with Radar,551,195,49,9,804,0,14,9,8,31,551,209,58,17,835,0,0,0,835
04/27/2016,SLC,UT,ANM,WE,Towers with Radar,560,198,69,8,835,0,20,51,15,86,560,218,120,23,921,46,0,46,967
04/28/2016,SLC,UT,ANM,WE,Towers with Radar,559,197,49,8,813,0,15,16,9,40,559,212,65,17,853,0,0,0,853
04/29/2016,SLC,UT,ANM,WE,Towers with Radar,554,172,54,3,783,0,35,56,16,107,554,207,110,19,890,0,0,0,890
04/30/2016,SLC,UT,ANM,WE,Towers with Radar,456,140,21,6,623,0,12,25,15,52,456,152,46,21,675,0,0,0,675
05/01/2016,SLC,UT,ANM,WE,Towers with Radar,528,149,24,5,706,0,8,13,4,25,528,157,37,9,731,0,0,0,731
05/02/2016,SLC,UT,ANM,WE,Towers with Radar,559,165,35,9,768,0,21,83,26,130,559,186,118,35,898,68,0,68,966
05/03/2016,SLC,UT,ANM,WE,Towers with Radar,564,173,60,12,809,0,26,87,22,135,564,199,147,34,944,38,0,38,982
05/04/2016,SLC,UT,ANM,WE,Towers with Radar,567,171,54,6,798,0,19,116,26,161,567,190,170,32,959,12,0,12,971
05/05/2016,SLC,UT,ANM,WE,Towers with Radar,575,180,46,6,807,0,25,60,17,102,575,205,106,23,909,0,0,0,909
05/06/2016,SLC,UT,ANM,WE,Towers with Radar,578,190,45,2,815,0,15,16,2,33,578,205,61,4,848,2,0,2,850
05/07/2016,SLC,UT,ANM,WE,Towers with Radar,462,132,26,1,621,0,15,9,3,27,462,147,35,4,648,0,0,0,648
05/08/2016,SLC,UT,ANM,WE,Towers with Radar,530,129,29,2,690,0,2,6,2,10,530,131,35,4,700,0,0,0,700
05/09/2016,SLC,UT,ANM,WE,Towers with Radar,565,166,65,6,802,0,25,34,36,95,565,191,99,42,897,12,0,12,909
05/10/2016,SLC,UT,ANM,WE,Towers with Radar,567,184,45,13,809,0,35,62,8,105,567,219,107,21,914,42,0,42,956
05/11/2016,SLC,UT,ANM,WE,Towers with Radar,573,172,54,9,808,0,21,89,18,128,573,193,143,27,936,56,0,56,992
05/12/2016,SLC,UT,ANM,WE,Towers with Radar,570,179,58,8,815,0,22,105,11,138,570,201,163,19,953,0,0,0,953
05/13/2016,SLC,UT,ANM,WE,Towers with Radar,575,162,56,1,794,0,22,99,15,136,575,184,155,16,930,0,0,0,930
05/14/2016,SLC,UT,ANM,WE,Towers with Radar,461,117,29,6,613,0,12,50,7,69,461,129,79,13,682,0,0,0,682
05/15/2016,SLC,UT,ANM,WE,Towers with Radar,544,139,34,2,719,0,3,18,2,23,544,142,52,4,742,44,0,44,786
05/16/2016,SLC,UT,ANM,WE,Towers with Radar,565,167,50,9,791,0,24,32,7,63,565,191,82,16,854,0,0,0,854
05/17/2016,SLC,UT,ANM,WE,Towers with Radar,575,171,45,9,800,0,15,37,8,60,575,186,82,17,860,4,0,4,864
05/18/2016,SLC,UT,ANM,WE,Towers with Radar,567,172,59,10,808,0,24,134,19,177,567,196,193,29,985,0,0,0,985
05/19/2016,SLC,UT,ANM,WE,Towers with Radar,603,180,59,7,849,0,17,61,10,88,603,197,120,17,937,0,0,0,937
05/20/2016,SLC,UT,ANM,WE,Towers with Radar,581,186,49,2,818,0,11,24,4,39,581,197,73,6,857,0,0,0,857
05/21/2016,SLC,UT,ANM,WE,Towers with Radar,460,131,17,3,611,0,6,6,0,12,460,137,23,3,623,0,0,0,623
05/22/2016,SLC,UT,ANM,WE,Towers with Radar,547,141,30,7,725,0,1,37,4,42,547,142,67,11,767,18,0,18,785
05/23/2016,SLC,UT,ANM,WE,Towers with Radar,557,168,35,4,764,0,13,97,13,123,557,181,132,17,887,0,0,0,887
05/24/2016,SLC,UT,ANM,WE,Towers with Radar,574,172,49,8,803,1,29,52,8,90,575,201,101,16,893,12,0,12,905
05/25/2016,SLC,UT,ANM,WE,Towers with Radar,573,191,60,5,829,0,31,80,9,120,573,222,140,14,949,0,0,0,949
05/26/2016,SLC,UT,ANM,WE,Towers with Radar,589,178,61,10,838,0,21,83,13,117,589,199,144,23,955,0,0,0,955
05/27/2016,SLC,UT,ANM,WE,Towers with Radar,588,181,70,6,845,0,19,83,8,110,588,200,153,14,955,52,0,52,1007
05/28/2016,SLC,UT,ANM,WE,Towers with Radar,453,119,14,1,587,0,12,71,6,89,453,131,85,7,676,0,0,0,676
05/29/2016,SLC,UT,ANM,WE,Towers with Radar,437,112,19,2,570,0,3,26,1,30,437,115,45,3,600,0,0,0,600
05/30/2016,SLC,UT,ANM,WE,Towers with Radar,516,137,42,0,695,0,1,54,7,62,516,138,96,7,757,0,0,0,757
05/31/2016,SLC,UT,ANM,WE,Towers with Radar,559,171,32,7,769,0,23,101,10,134,559,194,133,17,903,40,0,40,943
06/01/2016,SLC,UT,ANM,WE,Towers with Radar,587,194,47,7,835,0,21,82,19,122,587,215,129,26,957,0,0,0,957
06/02/2016,SLC,UT,ANM,WE,Towers with Radar,589,187,49,8,833,0,20,71,15,106,589,207,120,23,939,0,0,0,939
06/03/2016,SLC,UT,ANM,WE,Towers with Radar,587,177,44,2,810,0,26,72,26,124,587,203,116,28,934,22,0,22,956
06/04/2016,SLC,UT,ANM,WE,Towers with Radar,486,125,27,12,650,0,14,65,11,90,486,139,92,23,740,0,0,0,740
06/05/2016,SLC,UT,ANM,WE,Towers with Radar,553,161,29,3,746,0,0,45,6,51,553,161,74,9,797,0,0,0,797
06/06/2016,SLC,UT,ANM,WE,Towers with Radar,592,179,44,5,820,0,16,50,18,84,592,195,94,23,904,0,0,0,904
06/07/2016,SLC,UT,ANM,WE,Towers with Radar,585,180,55,5,825,0,24,70,16,110,585,204,125,21,935,0,0,0,935
06/08/2016,SLC,UT,ANM,WE,Towers with Radar,590,187,55,8,840,0,28,69,6,103,590,215,124,14,943,0,0,0,943
06/09/2016,SLC,UT,ANM,WE,Towers with Radar,613,188,63,6,870,0,25,72,13,110,613,213,135,19,980,0,0,0,980
06/10/2016,SLC,UT,ANM,WE,Towers with Radar,604,191,64,4,863,0,22,54,15,91,604,213,118,19,954,0,0,0,954
06/11/2016,SLC,UT,ANM,WE,Towers with Radar,537,142,37,1,717,0,16,22,2,40,537,158,59,3,757,32,0,32,789
06/12/2016,SLC,UT,ANM,WE,Towers with Radar,570,146,41,4,761,0,5,25,5,35,570,151,66,9,796,0,0,0,796
06/13/2016,SLC,UT,ANM,WE,Towers with Radar,593,185,54,6,838,0,15,29,8,52,593,200,83,14,890,32,0,32,922
06/14/2016,SLC,UT,ANM,WE,Towers with Radar,607,185,46,8,846,0,21,40,23,84,607,206,86,31,930,18,0,18,948
06/15/2016,SLC,UT,ANM,WE,Towers with Radar,610,189,73,9,881,0,19,43,6,68,610,208,116,15,949,0,0,0,949
06/16/2016,SLC,UT,ANM,WE,Towers with Radar,609,193,54,4,860,0,29,97,25,151,609,222,151,29,1011,0,0,0,1011
06/17/2016,SLC,UT,ANM,WE,Towers with Radar,605,185,53,4,847,0,27,83,13,123,605,212,136,17,970,68,0,68,1038
06/18/2016,SLC,UT,ANM,WE,Towers with Radar,545,122,38,1,706,0,8,51,5,64,545,130,89,6,770,0,0,0,770
06/19/2016,SLC,UT,ANM,WE,Towers with Radar,573,152,38,0,763,0,9,31,9,49,573,161,69,9,812,0,0,0,812
06/20/2016,SLC,UT,ANM,WE,Towers with Radar,597,181,49,4,831,0,26,68,13,107,597,207,117,17,938,14,0,14,952
06/21/2016,SLC,UT,ANM,WE,Towers with Radar,608,176,55,7,846,0,34,79,22,135,608,210,134,29,981,0,0,0,981
06/22/2016,SLC,UT,ANM,WE,Towers with Radar,595,178,37,7,817,0,43,71,9,123,595,221,108,16,940,0,0,0,940
06/23/2016,SLC,UT,ANM,WE,Towers with Radar,610,185,66,3,864,0,44,86,25,155,610,229,152,28,1019,0,0,0,1019
06/24/2016,SLC,UT,ANM,WE,Towers with Radar,613,180,47,5,845,0,28,88,18,134,613,208,135,23,979,30,0,30,1009
06/25/2016,SLC,UT,ANM,WE,Towers with Radar,529,135,32,1,697,0,13,64,3,80,529,148,96,4,777,0,0,0,777
06/26/2016,SLC,UT,ANM,WE,Towers with Radar,568,160,50,5,783,0,4,51,9,64,568,164,101,14,847,0,0,0,847
06/27/2016,SLC,UT,ANM,WE,Towers with Radar,583,178,43,8,812,0,23,86,9,118,583,201,129,17,930,34,0,34,964
06/28/2016,SLC,UT,ANM,WE,Towers with Radar,599,190,38,5,832,0,18,71,17,106,599,208,109,22,938,0,0,0,938
06/29/2016,SLC,UT,ANM,WE,Towers with Radar,603,186,52,13,854,0,32,58,11,101,603,218,110,24,955,0,0,0,955
06/30/2016,SLC,UT,ANM,WE,Towers with Radar,611,203,59,5,878,0,22,180,14,216,611,225,239,19,1094,0,0,0,1094
07/01/2016,SLC,UT,ANM,WE,Towers with Radar,592,206,69,1,868,0,25,94,14,133,592,231,163,15,1001,0,0,0,1001
07/02/2016,SLC,UT,ANM,WE,Towers with Radar,546,129,42,0,717,0,13,60,10,83,546,142,102,10,800,0,0,0,800
07/03/2016,SLC,UT,ANM,WE,Towers with Radar,470,125,30,2,627,0,6,28,2,36,470,131,58,4,663,0,0,0,663
07/04/2016,SLC,UT,ANM,WE,Towers with Radar,460,119,33,0,612,0,2,40,2,44,460,121,73,2,656,0,0,0,656
07/05/2016,SLC,UT,ANM,WE,Towers with Radar,586,201,68,1,856,0,24,86,15,125,586,225,154,16,981,0,0,0,981
07/06/2016,SLC,UT,ANM,WE,Towers with Radar,613,194,65,10,882,0,30,72,10,112,613,224,137,20,994,0,0,0,994
07/07/2016,SLC,UT,ANM,WE,Towers with Radar,604,201,49,8,862,0,24,84,11,119,604,225,133,19,981,0,0,0,981
07/08/2016,SLC,UT,ANM,WE,Towers with Radar,598,191,54,2,845,0,28,57,16,101,598,219,111,18,946,0,0,0,946
07/09/2016,SLC,UT,ANM,WE,Towers with Radar,543,147,37,5,732,0,18,49,8,75,543,165,86,13,807,0,0,0,807
07/10/2016,SLC,UT,ANM,WE,Towers with Radar,591,166,50,3,810,0,4,23,2,29,591,170,73,5,839,0,0,0,839
07/11/2016,SLC,UT,ANM,WE,Towers with Radar,595,185,44,4,828,0,18,97,22,137,595,203,141,26,965,14,0,14,979
07/12/2016,SLC,UT,ANM,WE,Towers with Radar,609,200,53,6,868,0,23,87,12,122,609,223,140,18,990,62,0,62,1052
07/13/2016,SLC,UT,ANM,WE,Towers with Radar,599,193,53,6,851,0,24,85,21,130,599,217,138,27,981,0,0,0,981
07/14/2016,SLC,UT,ANM,WE,Towers with Radar,620,207,66,6,899,0,43,102,21,166,620,250,168,27,1065,0,0,0,1065
07/15/2016,SLC,UT,ANM,WE,Towers with Radar,605,203,41,4,853,0,24,69,13,106,605,227,110,17,959,0,0,0,959
07/16/2016,SLC,UT,ANM,WE,Towers with Radar,525,151,25,3,704,0,17,38,4,59,525,168,63,7,763,140,0,140,903
07/17/2016,SLC,UT,ANM,WE,Towers with Radar,593,174,53,4,824,0,4,37,2,43,593,178,90,6,867,0,0,0,867
07/18/2016,SLC,UT,ANM,WE,Towers with Radar,587,177,56,5,825,0,20,23,9,52,587,197,79,14,877,0,0,0,877
07/19/2016,SLC,UT,ANM,WE,Towers with Radar,622,192,75,10,899,0,20,67,3,90,622,212,142,13,989,0,0,0,989
07/20/2016,SLC,UT,ANM,WE,Towers with Radar,597,200,55,9,861,0,31,82,12,125,597,231,137,21,986,0,0,0,986
07/21/2016,SLC,UT,ANM,WE,Towers with Radar,564,234,58,6,862,0,20,72,12,104,564,254,130,18,966,40,0,40,1006
07/22/2016,SLC,UT,ANM,WE,Towers with Radar,577,236,50,2,865,0,30,79,8,117,577,266,129,10,982,24,0,24,1006
07/23/2016,SLC,UT,ANM,WE,Towers with Radar,498,181,30,0,709,0,25,89,9,123,498,206,119,9,832,32,0,32,864
07/24/2016,SLC,UT,ANM,WE,Towers with Radar,559,218,52,2,831,0,9,37,0,46,559,227,89,2,877,8,0,8,885
07/25/2016,SLC,UT,ANM,WE,Towers with Radar,558,224,24,7,813,0,27,72,15,114,558,251,96,22,927,0,0,0,927
07/26/2016,SLC,UT,ANM,WE,Towers with Radar,571,240,31,4,846,0,20,135,12,167,571,260,166,16,1013,0,0,0,1013
07/27/2016,SLC,UT,ANM,WE,Towers with Radar,556,257,69,8,890,0,23,81,25,129,556,280,150,33,1019,14,0,14,1033
07/28/2016,SLC,UT,ANM,WE,Towers with Radar,564,238,53,8,863,0,33,76,9,118,564,271,129,17,981,12,0,12,993
07/29/2016,SLC,UT,ANM,WE,Towers with Radar,576,245,68,3,892,0,32,112,15,159,576,277,180,18,1051,0,0,0,1051
07/30/2016,SLC,UT,ANM,WE,Towers with Radar,503,179,44,0,726,0,5,49,5,59,503,184,93,5,785,0,0,0,785
07/31/2016,SLC,UT,ANM,WE,Towers with Radar,551,195,57,1,804,0,3,36,2,41,551,198,93,3,845,0,0,0,845
08/01/2016,SLC,UT,ANM,WE,Towers with Radar,567,218,47,6,838,0,33,48,7,88,567,251,95,13,926,18,0,18,944
08/02/2016,SLC,UT,ANM,WE,Towers with Radar,577,228,73,8,886,0,26,97,15,138,577,254,170,23,1024,14,0,14,1038
08/03/2016,SLC,UT,ANM,WE,Towers with Radar,577,239,65,10,891,0,28,54,4,86,577,267,119,14,977,0,0,0,977
08/04/2016,SLC,UT,ANM,WE,Towers with Radar,567,231,56,7,861,0,31,66,7,104,567,262,122,14,965,112,0,112,1077
08/05/2016,SLC,UT,ANM,WE,Towers with Radar,576,228,65,6,875,0,18,48,11,77,576,246,113,17,952,118,0,118,1070
08/06/2016,SLC,UT,ANM,WE,Towers with Radar,498,180,46,2,726,0,14,54,6,74,498,194,100,8,800,0,0,0,800
08/07/2016,SLC,UT,ANM,WE,Towers with Radar,571,194,54,5,824,0,15,22,3,40,571,209,76,8,864,0,0,0,864
08/08/2016,SLC,UT,ANM,WE,Towers with Radar,511,216,56,6,789,0,23,62,13,98,511,239,118,19,887,96,0,96,983
08/09/2016,SLC,UT,ANM,WE,Towers with Radar,536,235,70,12,853,0,19,40,10,69,536,254,110,22,922,0,0,0,922
08/10/2016,SLC,UT,ANM,WE,Towers with Radar,545,249,66,11,871,0,26,60,5,91,545,275,126,16,962,0,0,0,962
08/11/2016,SLC,UT,ANM,WE,Towers with Radar,581,250,70,6,907,0,28,110,21,159,581,278,180,27,1066,0,0,0,1066
08/12/2016,SLC,UT,ANM,WE,Towers with Radar,565,230,49,6,850,0,15,70,19,104,565,245,119,25,954,14,0,14,968
08/13/2016,SLC,UT,ANM,WE,Towers with Radar,491,181,55,5,732,0,13,52,14,79,491,194,107,19,811,0,0,0,811
08/14/2016,SLC,UT,ANM,WE,Towers with Radar,572,199,66,2,839,0,4,44,5,53,572,203,110,7,892,2,0,2,894
08/15/2016,SLC,UT,ANM,WE,Towers with Radar,558,216,53,3,830,0,19,54,13,86,558,235,107,16,916,0,0,0,916
08/16/2016,SLC,UT,ANM,WE,Towers with Radar,579,231,70,9,889,0,25,76,6,107,579,256,146,15,996,0,0,0,996
08/17/2016,SLC,UT,ANM,WE,Towers with Radar,576,241,51,4,872,0,17,48,10,75,576,258,99,14,947,0,0,0,947
08/18/2016,SLC,UT,ANM,WE,Towers with Radar,572,247,58,12,889,0,16,61,7,84,572,263,119,19,973,0,0,0,973
08/19/2016,SLC,UT,ANM,WE,Towers with Radar,552,266,76,4,898,0,20,58,7,85,552,286,134,11,983,0,0,0,983
08/20/2016,SLC,UT,ANM,WE,Towers with Radar,470,159,27,3,659,0,12,50,9,71,470,171,77,12,730,0,0,0,730
08/21/2016,SLC,UT,ANM,WE,Towers with Radar,539,211,48,5,803,0,3,36,1,40,539,214,84,6,843,0,0,0,843
08/22/2016,SLC,UT,ANM,WE,Towers with Radar,570,220,52,7,849,0,18,46,4,68,570,238,98,11,917,0,0,0,917
08/23/2016,SLC,UT,ANM,WE,Towers with Radar,554,226,59,14,853,0,21,66,20,107,554,247,125,34,960,0,0,0,960
08/24/2016,SLC,UT,ANM,WE,Towers with Radar,559,233,56,7,855,0,15,47,23,85,559,248,103,30,940,0,0,0,940
08/25/2016,SLC,UT,ANM,WE,Towers with Radar,575,222,52,4,853,0,15,64,14,93,575,237,116,18,946,0,0,0,946
08/26/2016,SLC,UT,ANM,WE,Towers with Radar,558,236,49,2,845,0,20,46,18,84,558,256,95,20,929,0,0,0,929
08/27/2016,SLC,UT,ANM,WE,Towers with Radar,442,151,34,3,630,0,11,37,13,61,442,162,71,16,691,0,0,0,691
08/28/2016,SLC,UT,ANM,WE,Towers with Radar,526,188,61,3,778,0,5,46,13,64,526,193,107,16,842,0,0,0,842
08/29/2016,SLC,UT,ANM,WE,Towers with Radar,548,215,56,2,821,0,17,39,11,67,548,232,95,13,888,16,0,16,904
08/30/2016,SLC,UT,ANM,WE,Towers with Radar,553,216,51,5,825,0,23,53,24,100,553,239,104,29,925,0,0,0,925
08/31/2016,SLC,UT,ANM,WE,Towers with Radar,554,240,62,6,862,0,27,55,33,115,554,267,117,39,977,0,0,0,977
09/01/2016,SLC,UT,ANM,WE,Towers with Radar,583,236,47,6,872,0,22,34,20,76,583,258,81,26,948,0,0,0,948
09/02/2016,SLC,UT,ANM,WE,Towers with Radar,570,223,56,0,849,0,14,30,16,60,570,237,86,16,909,0,0,0,909
09/03/2016,SLC,UT,ANM,WE,Towers with Radar,376,139,19,1,535,0,8,41,5,54,376,147,60,6,589,0,0,0,589
09/04/2016,SLC,UT,ANM,WE,Towers with Radar,396,144,30,0,570,0,7,22,12,41,396,151,52,12,611,0,0,0,611
09/05/2016,SLC,UT,ANM,WE,Towers with Radar,502,188,54,0,744,0,2,48,5,55,502,190,102,5,799,0,0,0,799
09/06/2016,SLC,UT,ANM,WE,Towers with Radar,521,196,48,3,768,0,13,61,35,109,521,209,109,38,877,0,0,0,877
09/07/2016,SLC,UT,ANM,WE,Towers with Radar,517,226,49,11,803,0,18,67,38,123,517,244,116,49,926,0,0,0,926
09/08/2016,SLC,UT,ANM,WE,Towers with Radar,532,232,63,17,844,0,13,92,34,139,532,245,155,51,983,0,0,0,983
09/09/2016,SLC,UT,ANM,WE,Towers with Radar,527,227,44,1,799,0,13,78,17,108,527,240,122,18,907,0,0,0,907
09/10/2016,SLC,UT,ANM,WE,Towers with Radar,387,155,32,2,576,0,8,52,15,75,387,163,84,17,651,0,0,0,651
09/11/2016,SLC,UT,ANM,WE,Towers with Radar,512,199,37,4,752,0,7,39,18,64,512,206,76,22,816,8,0,8,824
09/12/2016,SLC,UT,ANM,WE,Towers with Radar,540,213,43,8,804,0,25,29,32,86,540,238,72,40,890,0,0,0,890
09/13/2016,SLC,UT,ANM,WE,Towers with Radar,550,232,53,6,841,0,21,50,30,101,550,253,103,36,942,0,0,0,942
09/14/2016,SLC,UT,ANM,WE,Towers with Radar,550,255,58,5,868,0,17,38,17,72,550,272,96,22,940,0,0,0,940
09/15/2016,SLC,UT,ANM,WE,Towers with Radar,595,208,61,6,870,0,24,52,41,117,595,232,113,47,987,0,0,0,987
09/16/2016,SLC,UT,ANM,WE,Towers with Radar,587,197,52,1,837,0,16,72,23,111,587,213,124,24,948,0,0,0,948
09/17/2016,SLC,UT,ANM,WE,Towers with Radar,451,127,36,6,620,0,12,49,10,71,451,139,85,16,691,0,0,0,691
09/18/2016,SLC,UT,ANM,WE,Towers with Radar,563,155,47,6,771,0,7,44,13,64,563,162,91,19,835,0,0,0,835
09/19/2016,SLC,UT,ANM,WE,Towers with Radar,570,180,62,8,820,0,27,61,33,121,570,207,123,41,941,8,0,8,949
09/20/2016,SLC,UT,ANM,WE,Towers with Radar,576,194,63,9,842,0,21,44,30,95,576,215,107,39,937,2,0,2,939
09/21/2016,SLC,UT,ANM,WE,Towers with Radar,580,199,58,16,853,0,27,37,19,83,580,226,95,35,936,8,0,8,944
09/22/2016,SLC,UT,ANM,WE,Towers with Radar,607,208,66,10,891,0,11,11,12,34,607,219,77,22,925,0,0,0,925
09/23/2016,SLC,UT,ANM,WE,Towers with Radar,587,199,49,5,840,0,11,3,2,16,587,210,52,7,856,0,0,0,856
09/24/2016,SLC,UT,ANM,WE,Towers with Radar,458,116,29,0,603,0,8,36,12,56,458,124,65,12,659,0,0,0,659
09/25/2016,SLC,UT,ANM,WE,Towers with Radar,555,153,39,5,752,0,7,50,20,77,555,160,89,25,829,0,0,0,829
09/26/2016,SLC,UT,ANM,WE,Towers with Radar,573,170,32,3,778,0,20,65,32,117,573,190,97,35,895,0,0,0,895
09/27/2016,SLC,UT,ANM,WE,Towers with Radar,576,181,46,5,808,0,19,75,34,128,576,200,121,39,936,2,0,2,938
09/28/2016,SLC,UT,ANM,WE,Towers with Radar,587,179,54,8,828,0,24,61,31,116,587,203,115,39,944,0,0,0,944
09/29/2016,SLC,UT,ANM,WE,Towers with Radar,606,196,63,9,874,0,22,50,24,96,606,218,113,33,970,0,0,0,970
09/30/2016,SLC,UT,ANM,WE,Towers with Radar,585,195,48,1,829,0,24,61,31,116,585,219,109,32,945,0,0,0,945
10/01/2016,SLC,UT,ANM,WE,Towers with Radar,460,109,27,0,596,0,9,32,7,48,460,118,59,7,644,0,0,0,644
10/02/2016,SLC,UT,ANM,WE,Towers with Radar,548,141,34,1,724,0,7,25,4,36,548,148,59,5,760,20,0,20,780
10/03/2016,SLC,UT,ANM,WE,Towers with Radar,560,188,36,2,786,0,16,10,2,28,560,204,46,4,814,0,0,0,814
10/04/2016,SLC,UT,ANM,WE,Towers with Radar,573,184,49,8,814,0,20,92,35,147,573,204,141,43,961,0,0,0,961
10/05/2016,SLC,UT,ANM,WE,Towers with Radar,582,181,56,8,827,0,16,64,19,99,582,197,120,27,926,0,0,0,926
10/06/2016,SLC,UT,ANM,WE,Towers with Radar,582,173,61,4,820,0,18,62,16,96,582,191,123,20,916,0,0,0,916
10/07/2016,SLC,UT,ANM,WE,Towers with Radar,582,179,54,1,816,0,25,102,16,143,582,204,156,17,959,22,0,22,981
10/08/2016,SLC,UT,ANM,WE,Towers with Radar,462,119,27,5,613,0,14,77,12,103,462,133,104,17,716,0,0,0,716
10/09/2016,SLC,UT,ANM,WE,Towers with Radar,552,131,34,0,717,0,4,41,4,49,552,135,75,4,766,0,0,0,766
10/10/2016,SLC,UT,ANM,WE,Towers with Radar,570,171,40,0,781,0,26,65,21,112,570,197,105,21,893,0,0,0,893
10/11/2016,SLC,UT,ANM,WE,Towers with Radar,585,167,51,6,809,0,19,130,23,172,585,186,181,29,981,0,0,0,981
10/12/2016,SLC,UT,ANM,WE,Towers with Radar,578,180,71,4,833,0,21,100,31,152,578,201,171,35,985,0,0,0,985
10/13/2016,SLC,UT,ANM,WE,Towers with Radar,592,175,67,8,842,0,34,107,43,184,592,209,174,51,1026,0,0,0,1026
10/14/2016,SLC,UT,ANM,WE,Towers with Radar,598,186,60,3,847,0,18,28,6,52,598,204,88,9,899,0,0,0,899
10/15/2016,SLC,UT,ANM,WE,Towers with Radar,456,129,36,3,624,0,9,39,5,53,456,138,75,8,677,0,0,0,677
10/16/2016,SLC,UT,ANM,WE,Towers with Radar,552,145,41,4,742,0,8,10,1,19,552,153,51,5,761,0,0,0,761
10/17/2016,SLC,UT,ANM,WE,Towers with Radar,558,179,55,6,798,0,18,29,25,72,558,197,84,31,870,0,0,0,870
10/18/2016,SLC,UT,ANM,WE,Towers with Radar,594,175,48,6,823,0,29,44,20,93,594,204,92,26,916,0,0,0,916
10/19/2016,SLC,UT,ANM,WE,Towers with Radar,580,167,63,9,819,0,19,82,16,117,580,186,145,25,936,0,0,0,936
10/20/2016,SLC,UT,ANM,WE,Towers with Radar,588,176,75,6,845,0,24,73,27,124,588,200,148,33,969,0,0,0,969
10/21/2016,SLC,UT,ANM,WE,Towers with Radar,586,176,61,1,824,0,24,79,20,123,586,200,140,21,947,0,0,0,947
10/22/2016,SLC,UT,ANM,WE,Towers with Radar,456,127,25,0,608,0,20,44,5,69,456,147,69,5,677,0,0,0,677
10/23/2016,SLC,UT,ANM,WE,Towers with Radar,559,148,46,2,755,0,1,47,16,64,559,149,93,18,819,0,0,0,819
10/24/2016,SLC,UT,ANM,WE,Towers with Radar,552,166,51,0,769,0,7,13,2,22,552,173,64,2,791,54,0,54,845
10/25/2016,SLC,UT,ANM,WE,Towers with Radar,576,174,60,8,818,0,14,73,38,125,576,188,133,46,943,0,0,0,943
10/26/2016,SLC,UT,ANM,WE,Towers with Radar,566,176,62,14,818,0,22,62,20,104,566,198,124,34,922,0,0,0,922
10/27/2016,SLC,UT,ANM,WE,Towers with Radar,587,162,60,6,815,0,23,36,35,94,587,185,96,41,909,12,0,12,921
10/28/2016,SLC,UT,ANM,WE,Towers with Radar,596,197,76,3,872,0,9,24,5,38,596,206,100,8,910,26,0,26,936
10/29/2016,SLC,UT,ANM,WE,Towers with Radar,456,126,37,0,619,0,15,47,12,74,456,141,84,12,693,0,0,0,693
10/30/2016,SLC,UT,ANM,WE,Towers with Radar,516,136,33,2,687,0,7,8,6,21,516,143,41,8,708,0,0,0,708
10/31/2016,SLC,UT,ANM,WE,Towers with Radar,525,169,52,3,749,0,25,60,18,103,525,194,112,21,852,0,0,0,852
11/01/2016,SLC,UT,ANM,WE,Towers with Radar,581,184,58,8,831,0,21,39,31,91,581,205,97,39,922,0,0,0,922
11/02/2016,SLC,UT,ANM,WE,Towers with Radar,552,167,59,8,786,0,13,96,35,144,552,180,155,43,930,0,0,0,930
11/03/2016,SLC,UT,ANM,WE,Towers with Radar,564,172,55,8,799,0,16,78,35,129,564,188,133,43,928,0,0,0,928
11/04/2016,SLC,UT,ANM,WE,Towers with Radar,567,174,53,9,803,0,25,67,48,140,567,199,120,57,943,6,0,6,949
11/05/2016,SLC,UT,ANM,WE,Towers with Radar,452,106,19,1,578,0,15,79,22,116,452,121,98,23,694,0,0,0,694
11/06/2016,SLC,UT,ANM,WE,Towers with Radar,538,135,30,2,705,0,6,46,40,92,538,141,76,42,797,0,0,0,797
11/07/2016,SLC,UT,ANM,WE,Towers with Radar,506,166,50,8,730,0,24,56,22,102,506,190,106,30,832,0,0,0,832
11/08/2016,SLC,UT,ANM,WE,Towers with Radar,491,165,62,9,727,0,12,55,44,111,491,177,117,53,838,0,0,0,838
11/09/2016,SLC,UT,ANM,WE,Towers with Radar,567,186,60,6,819,0,23,57,38,118,567,209,117,44,937,0,0,0,937
11/10/2016,SLC,UT,ANM,WE,Towers with Radar,571,177,58,2,808,0,17,55,22,94,571,194,113,24,902,0,0,0,902
11/11/2016,SLC,UT,ANM,WE,Towers with Radar,580,191,48,1,820,0,9,70,23,102,580,200,118,24,922,0,0,0,922
11/12/2016,SLC,UT,ANM,WE,Towers with Radar,428,108,33,0,569,0,13,59,6,78,428,121,92,6,647,0,0,0,647
11/13/2016,SLC,UT,ANM,WE,Towers with Radar,548,136,44,0,728,0,4,38,15,57,548,140,82,15,785,0,0,0,785
11/14/2016,SLC,UT,ANM,WE,Towers with Radar,557,170,41,4,772,0,13,54,44,111,557,183,95,48,883,0,0,0,883
11/15/2016,SLC,UT,ANM,WE,Towers with Radar,570,178,43,5,796,0,11,60,37,108,570,189,103,42,904,0,0,0,904
11/16/2016,SLC,UT,ANM,WE,Towers with Radar,566,188,56,7,817,0,17,26,21,64,566,205,82,28,881,0,0,0,881
11/17/2016,SLC,UT,ANM,WE,Towers with Radar,582,169,64,5,820,0,16,18,16,50,582,185,82,21,870,0,0,0,870
11/18/2016,SLC,UT,ANM,WE,Towers with Radar,571,181,57,3,812,0,13,58,37,108,571,194,115,40,920,0,0,0,920
11/19/2016,SLC,UT,ANM,WE,Towers with Radar,448,108,26,0,582,0,9,37,15,61,448,117,63,15,643,2,0,2,645
11/20/2016,SLC,UT,ANM,WE,Towers with Radar,496,116,47,2,661,0,2,21,7,30,496,118,68,9,691,0,0,0,691
11/21/2016,SLC,UT,ANM,WE,Towers with Radar,524,160,52,7,743,0,5,9,10,24,524,165,61,17,767,0,0,0,767
11/22/2016,SLC,UT,ANM,WE,Towers with Radar,567,177,60,6,810,0,19,54,39,112,567,196,114,45,922,24,0,24,946
11/23/2016,SLC,UT,ANM,WE,Towers with Radar,568,198,59,1,826,0,4,26,17,47,568,202,85,18,873,0,0,0,873
11/24/2016,SLC,UT,ANM,WE,Towers with Radar,333,79,21,0,433,0,8,8,0,16,333,87,29,0,449,0,0,0,449
11/25/2016,SLC,UT,ANM,WE,Towers with Radar,393,120,24,1,538,0,14,32,13,59,393,134,56,14,597,0,0,0,597
11/26/2016,SLC,UT,ANM,WE,Towers with Radar,547,152,34,6,739,0,20,23,5,48,547,172,57,11,787,0,0,0,787
11/27/2016,SLC,UT,ANM,WE,Towers with Radar,574,149,68,1,792,0,5,2,2,9,574,154,70,3,801,0,0,0,801
11/28/2016,SLC,UT,ANM,WE,Towers with Radar,565,180,45,3,793,0,5,0,0,5,565,185,45,3,798,0,0,0,798
11/29/2016,SLC,UT,ANM,WE,Towers with Radar,553,196,76,5,830,0,15,48,27,90,553,211,124,32,920,20,0,20,940
11/30/2016,SLC,UT,ANM,WE,Towers with Radar,533,187,65,5,790,0,18,60,40,118,533,205,125,45,908,0,0,0,908
12/01/2016,SLC,UT,ANM,WE,Towers with Radar,556,188,58,4,806,0,11,6,2,19,556,199,64,6,825,0,0,0,825
12/02/2016,SLC,UT,ANM,WE,Towers with Radar,537,177,53,6,773,0,13,70,25,108,537,190,123,31,881,0,0,0,881
12/03/2016,SLC,UT,ANM,WE,Towers with Radar,402,119,33,0,554,0,2,32,21,55,402,121,65,21,609,0,0,0,609
12/04/2016,SLC,UT,ANM,WE,Towers with Radar,501,129,33,0,663,0,4,35,18,57,501,133,68,18,720,0,0,0,720
12/05/2016,SLC,UT,ANM,WE,Towers with Radar,535,194,43,11,783,0,18,55,24,97,535,212,98,35,880,0,0,0,880
12/06/2016,SLC,UT,ANM,WE,Towers with Radar,536,198,51,5,790,0,10,21,16,47,536,208,72,21,837,0,0,0,837
12/07/2016,SLC,UT,ANM,WE,Towers with Radar,542,192,60,4,798,2,14,48,37,101,544,206,108,41,899,0,0,0,899
12/08/2016,SLC,UT,ANM,WE,Towers with Radar,552,189,65,4,810,0,10,15,19,44,552,199,80,23,854,0,0,0,854
12/09/2016,SLC,UT,ANM,WE,Towers with Radar,552,204,74,4,834,0,17,21,9,47,552,221,95,13,881,0,0,0,881
12/10/2016,SLC,UT,ANM,WE,Towers with Radar,403,124,25,1,553,0,3,2,0,5,403,127,27,1,558,0,0,0,558
12/11/2016,SLC,UT,ANM,WE,Towers with Radar,509,146,41,4,700,0,6,35,18,59,509,152,76,22,759,0,0,0,759
12/12/2016,SLC,UT,ANM,WE,Towers with Radar,537,191,43,4,775,0,9,86,28,123,537,200,129,32,898,0,0,0,898
12/13/2016,SLC,UT,ANM,WE,Towers with Radar,550,186,48,4,788,0,17,50,28,95,550,203,98,32,883,0,0,0,883
12/14/2016,SLC,UT,ANM,WE,Towers with Radar,566,198,62,4,830,0,0,2,0,2,566,198,64,4,832,0,0,0,832
12/15/2016,SLC,UT,ANM,WE,Towers with Radar,590,202,57,7,856,0,11,19,6,36,590,213,76,13,892,0,0,0,892
12/16/2016,SLC,UT,ANM,WE,Towers with Radar,596,206,90,0,892,0,11,3,2,16,596,217,93,2,908,0,0,0,908
12/17/2016,SLC,UT,ANM,WE,Towers with Radar,543,192,60,1,796,0,9,12,1,22,543,201,72,2,818,0,0,0,818
12/18/2016,SLC,UT,ANM,WE,Towers with Radar,551,180,70,3,804,0,5,27,8,40,551,185,97,11,844,4,0,4,848
12/19/2016,SLC,UT,ANM,WE,Towers with Radar,561,207,74,6,848,0,11,60,12,83,561,218,134,18,931,0,0,0,931
12/20/2016,SLC,UT,ANM,WE,Towers with Radar,605,213,68,8,894,0,13,60,12,85,605,226,128,20,979,0,0,0,979
12/21/2016,SLC,UT,ANM,WE,Towers with Radar,610,239,87,5,941,0,9,26,11,46,610,248,113,16,987,0,0,0,987
12/22/2016,SLC,UT,ANM,WE,Towers with Radar,632,248,79,4,963,0,21,50,24,95,632,269,129,28,1058,0,0,0,1058
12/23/2016,SLC,UT,ANM,WE,Towers with Radar,606,261,93,0,960,0,6,38,9,53,606,267,131,9,1013,2,0,2,1015
12/24/2016,SLC,UT,ANM,WE,Towers with Radar,471,163,27,0,661,0,5,0,2,7,471,168,27,2,668,0,0,0,668
12/25/2016,SLC,UT,ANM,WE,Towers with Radar,400,112,28,0,540,0,4,0,0,4,400,116,28,0,544,0,0,0,544
12/26/2016,SLC,UT,ANM,WE,Towers with Radar,553,204,123,0,880,0,8,23,2,33,553,212,146,2,913,0,0,0,913
12/27/2016,SLC,UT,ANM,WE,Towers with Radar,623,231,95,0,949,0,17,27,10,54,623,248,122,10,1003,0,0,0,1003
12/28/2016,SLC,UT,ANM,WE,Towers with Radar,611,246,74,9,940,0,14,36,6,56,611,260,110,15,996,0,0,0,996
12/29/2016,SLC,UT,ANM,WE,Towers with Radar,599,220,52,4,875,0,3,35,7,45,599,223,87,11,920,0,0,0,920
12/30/2016,SLC,UT,ANM,WE,Towers with Radar,594,213,71,2,880,0,0,0,1,1,594,213,71,3,881,0,0,0,881
12/31/2016,SLC,UT,ANM,WE,Towers with Radar,466,155,58,0,679,0,0,1,0,1,466,155,59,0,680,0,0,0,680
01/01/2017,SLC,UT,ANM,WE,Towers with Radar,487,178,88,1,754,0,1,0,0,1,487,179,88,1,755,0,0,0,755
01/02/2017,SLC,UT,ANM,WE,Towers with Radar,545,214,133,0,892,0,3,4,2,9,545,217,137,2,901,0,0,0,901
01/03/2017,SLC,UT,ANM,WE,Towers with Radar,574,200,64,1,839,0,21,42,28,91,574,221,106,29,930,0,0,0,930
01/04/2017,SLC,UT,ANM,WE,Towers with Radar,539,193,55,4,791,0,2,0,0,2,539,195,55,4,793,0,0,0,793
01/05/2017,SLC,UT,ANM,WE,Towers with Radar,600,203,76,5,884,0,17,20,8,45,600,220,96,13,929,0,0,0,929
01/06/2017,SLC,UT,ANM,WE,Towers with Radar,558,207,71,6,842,0,15,58,9,82,558,222,129,15,924,20,0,20,944
01/07/2017,SLC,UT,ANM,WE,Towers with Radar,472,138,44,0,654,0,9,10,5,24,472,147,54,5,678,0,0,0,678
01/08/2017,SLC,UT,ANM,WE,Towers with Radar,544,133,54,1,732,0,2,0,0,2,544,135,54,1,734,0,0,0,734
01/09/2017,SLC,UT,ANM,WE,Towers with Radar,585,173,63,4,825,0,10,4,3,17,585,183,67,7,842,0,0,0,842
01/10/2017,SLC,UT,ANM,WE,Towers with Radar,574,202,51,3,830,0,11,23,6,40,574,213,74,9,870,12,0,12,882
01/11/2017,SLC,UT,ANM,WE,Towers with Radar,578,192,58,4,832,0,5,26,0,31,578,197,84,4,863,48,0,48,911
01/12/2017,SLC,UT,ANM,WE,Towers with Radar,598,215,90,1,904,0,2,0,0,2,598,217,90,1,906,0,0,0,906
01/13/2017,SLC,UT,ANM,WE,Towers with Radar,584,231,105,3,923,0,20,26,7,53,584,251,131,10,976,0,0,0,976
01/14/2017,SLC,UT,ANM,WE,Towers with Radar,426,112,54,0,592,0,0,10,4,14,426,112,64,4,606,0,0,0,606
01/15/2017,SLC,UT,ANM,WE,Towers with Radar,472,127,44,2,645,0,0,4,1,5,472,127,48,3,650,8,0,8,658
01/16/2017,SLC,UT,ANM,WE,Towers with Radar,561,228,103,0,892,0,11,33,14,58,561,239,136,14,950,0,0,0,950
01/17/2017,SLC,UT,ANM,WE,Towers with Radar,561,188,56,7,812,0,33,73,25,131,561,221,129,32,943,6,2,8,951
01/18/2017,SLC,UT,ANM,WE,Towers with Radar,568,176,84,9,837,0,14,48,20,82,568,190,132,29,919,0,0,0,919
01/19/2017,SLC,UT,ANM,WE,Towers with Radar,595,230,109,7,941,0,2,0,0,2,595,232,109,7,943,0,0,0,943
01/20/2017,SLC,UT,ANM,WE,Towers with Radar,589,229,103,6,927,0,13,13,4,30,589,242,116,10,957,0,0,0,957
01/21/2017,SLC,UT,ANM,WE,Towers with Radar,467,141,50,2,660,0,11,2,5,18,467,152,52,7,678,0,0,0,678
01/22/2017,SLC,UT,ANM,WE,Towers with Radar,533,165,88,2,788,0,6,4,6,16,533,171,92,8,804,0,0,0,804
01/23/2017,SLC,UT,ANM,WE,Towers with Radar,586,184,70,3,843,0,5,0,0,5,586,189,70,3,848,0,0,0,848
01/24/2017,SLC,UT,ANM,WE,Towers with Radar,560,214,81,5,860,0,12,25,9,46,560,226,106,14,906,0,0,0,906
01/25/2017,SLC,UT,ANM,WE,Towers with Radar,566,221,78,7,872,0,4,6,2,12,566,225,84,9,884,0,0,0,884
01/26/2017,SLC,UT,ANM,WE,Towers with Radar,575,220,77,11,883,0,21,33,21,75,575,241,110,32,958,0,0,0,958
01/27/2017,SLC,UT,ANM,WE,Towers with Radar,591,212,80,4,887,0,25,77,28,130,591,237,157,32,1017,0,0,0,1017
01/28/2017,SLC,UT,ANM,WE,Towers with Radar,456,126,42,2,626,0,14,51,24,89,456,140,93,26,715,0,0,0,715
01/29/2017,SLC,UT,ANM,WE,Towers with Radar,510,178,73,5,766,0,10,26,17,53,510,188,99,22,819,0,0,0,819
01/30/2017,SLC,UT,ANM,WE,Towers with Radar,592,189,61,11,853,0,3,28,15,46,592,192,89,26,899,0,0,0,899
01/31/2017,SLC,UT,ANM,WE,Towers with Radar,560,206,55,10,831,0,7,8,13,28,560,213,63,23,859,0,0,0,859
02/01/2017,SLC,UT,ANM,WE,Towers with Radar,587,202,69,15,873,0,25,35,13,73,587,227,104,28,946,0,0,0,946
02/02/2017,SLC,UT,ANM,WE,Towers with Radar,586,213,69,12,880,0,11,17,7,35,586,224,86,19,915,0,0,0,915
02/03/2017,SLC,UT,ANM,WE,Towers with Radar,580,205,64,2,851,0,16,27,27,70,580,221,91,29,921,0,0,0,921
02/04/2017,SLC,UT,ANM,WE,Towers with Radar,432,110,38,4,584,0,5,36,14,55,432,115,74,18,639,6,0,6,645
02/05/2017,SLC,UT,ANM,WE,Towers with Radar,464,119,63,2,648,0,12,38,20,70,464,131,101,22,718,0,0,0,718
02/06/2017,SLC,UT,ANM,WE,Towers with Radar,553,192,64,4,813,0,13,3,5,21,553,205,67,9,834,0,0,0,834
02/07/2017,SLC,UT,ANM,WE,Towers with Radar,564,207,72,5,848,0,2,3,4,9,564,209,75,9,857,0,0,0,857
02/08/2017,SLC,UT,ANM,WE,Towers with Radar,577,194,74,7,852,0,15,72,41,128,577,209,146,48,980,0,0,0,980
02/09/2017,SLC,UT,ANM,WE,Towers with Radar,563,206,78,6,853,0,9,54,24,87,563,215,132,30,940,0,0,0,940
02/10/2017,SLC,UT,ANM,WE,Towers with Radar,597,195,77,0,869,0,5,11,15,31,597,200,88,15,900,0,0,0,900
02/11/2017,SLC,UT,ANM,WE,Towers with Radar,463,124,47,2,636,0,6,35,13,54,463,130,82,15,690,0,0,0,690
02/12/2017,SLC,UT,ANM,WE,Towers with Radar,550,152,86,1,789,0,4,70,31,105,550,156,156,32,894,8,0,8,902
02/13/2017,SLC,UT,ANM,WE,Towers with Radar,569,176,54,6,805,0,19,98,28,145,569,195,152,34,950,0,0,0,950
02/14/2017,SLC,UT,ANM,WE,Towers with Radar,566,183,58,3,810,0,9,90,25,124,566,192,148,28,934,0,0,0,934
02/15/2017,SLC,UT,ANM,WE,Towers with Radar,570,192,64,5,831,0,26,86,22,134,570,218,150,27,965,0,0,0,965
02/16/2017,SLC,UT,ANM,WE,Towers with Radar,591,208,113,8,920,0,11,54,32,97,591,219,167,40,1017,4,0,4,1021
02/17/2017,SLC,UT,ANM,WE,Towers with Radar,596,230,127,2,955,0,15,50,24,89,596,245,177,26,1044,0,0,0,1044
02/18/2017,SLC,UT,ANM,WE,Towers with Radar,458,141,41,3,643,0,5,33,13,51,458,146,74,16,694,0,0,0,694
02/19/2017,SLC,UT,ANM,WE,Towers with Radar,478,140,44,0,662,0,4,6,3,13,478,144,50,3,675,0,0,0,675
02/20/2017,SLC,UT,ANM,WE,Towers with Radar,581,242,114,0,937,0,12,16,0,28,581,254,130,0,965,0,0,0,965
02/21/2017,SLC,UT,ANM,WE,Towers with Radar,596,230,70,4,900,0,7,9,2,18,596,237,79,6,918,0,0,0,918
02/22/2017,SLC,UT,ANM,WE,Towers with Radar,594,217,68,8,887,0,8,14,9,31,594,225,82,17,918,0,0,0,918
02/23/2017,SLC,UT,ANM,WE,Towers with Radar,603,197,59,3,862,0,1,0,0,1,603,198,59,3,863,0,0,0,863
02/24/2017,SLC,UT,ANM,WE,Towers with Radar,598,223,60,2,883,0,8,46,12,66,598,231,106,14,949,0,0,0,949
02/25/2017,SLC,UT,ANM,WE,Towers with Radar,491,170,69,3,733,0,10,45,3,58,491,180,114,6,791,0,0,0,791
02/26/2017,SLC,UT,ANM,WE,Towers with Radar,570,176,56,0,802,0,10,62,31,103,570,186,118,31,905,0,0,0,905
02/27/2017,SLC,UT,ANM,WE,Towers with Radar,583,195,68,3,849,0,15,1,0,16,583,210,69,3,865,0,0,0,865
02/28/2017,SLC,UT,ANM,WE,Towers with Radar,595,214,88,7,904,0,22,11,11,44,595,236,99,18,948,0,0,0,948
03/01/2017,SLC,UT,ANM,WE,Towers with Radar,575,194,68,8,845,0,21,99,24,144,575,215,167,32,989,0,0,0,989
03/02/2017,SLC,UT,ANM,WE,Towers with Radar,607,201,75,9,892,0,26,96,31,153,607,227,171,40,1045,0,0,0,1045
03/03/2017,SLC,UT,ANM,WE,Towers with Radar,604,187,90,6,887,0,20,84,25,129,604,207,174,31,1016,0,0,0,1016
03/04/2017,SLC,UT,ANM,WE,Towers with Radar,495,136,38,6,675,0,13,28,7,48,495,149,66,13,723,0,0,0,723
03/05/2017,SLC,UT,ANM,WE,Towers with Radar,557,154,69,0,780,0,6,5,0,11,557,160,74,0,791,0,0,0,791
03/06/2017,SLC,UT,ANM,WE,Towers with Radar,613,188,68,8,877,0,12,12,10,34,613,200,80,18,911,0,0,0,911
03/07/2017,SLC,UT,ANM,WE,Towers with Radar,599,196,63,3,861,0,5,50,42,97,599,201,113,45,958,20,0,20,978
03/08/2017,SLC,UT,ANM,WE,Towers with Radar,599,195,65,5,864,0,19,93,22,134,599,214,158,27,998,8,0,8,1006
03/09/2017,SLC,UT,ANM,WE,Towers with Radar,614,203,75,7,899,0,16,106,29,151,614,219,181,36,1050,0,0,0,1050
03/10/2017,SLC,UT,ANM,WE,Towers with Radar,608,215,75,2,900,0,12,74,28,114,608,227,149,30,1014,0,0,0,1014
03/11/2017,SLC,UT,ANM,WE,Towers with Radar,543,151,50,3,747,0,6,70,13,89,543,157,120,16,836,0,0,0,836
03/12/2017,SLC,UT,ANM,WE,Towers with Radar,583,168,66,2,819,0,7,38,12,57,583,175,104,14,876,0,0,0,876
03/13/2017,SLC,UT,ANM,WE,Towers with Radar,600,196,49,2,847,0,16,63,6,85,600,212,112,8,932,0,0,0,932
03/14/2017,SLC,UT,ANM,WE,Towers with Radar,614,184,55,7,860,0,25,58,4,87,614,209,113,11,947,0,0,0,947
03/15/2017,SLC,UT,ANM,WE,Towers with Radar,612,196,78,3,889,0,21,84,9,114,612,217,162,12,1003,32,0,32,1035
03/16/2017,SLC,UT,ANM,WE,Towers with Radar,627,207,76,7,917,0,25,46,13,84,627,232,122,20,1001,2,0,2,1003
03/17/2017,SLC,UT,ANM,WE,Towers with Radar,614,189,59,3,865,0,18,59,10,87,614,207,118,13,952,8,0,8,960
03/18/2017,SLC,UT,ANM,WE,Towers with Radar,533,161,51,3,748,0,13,43,4,60,533,174,94,7,808,46,0,46,854
03/19/2017,SLC,UT,ANM,WE,Towers with Radar,590,170,73,3,836,0,6,31,6,43,590,176,104,9,879,0,0,0,879
03/20/2017,SLC,UT,ANM,WE,Towers with Radar,605,186,50,6,847,0,17,51,22,90,605,203,101,28,937,0,0,0,937
03/21/2017,SLC,UT,ANM,WE,Towers with Radar,617,194,54,9,874,0,18,28,22,68,617,212,82,31,942,0,0,0,942
03/22/2017,SLC,UT,ANM,WE,Towers with Radar,617,184,69,7,877,0,26,19,2,47,617,210,88,9,924,0,0,0,924
03/23/2017,SLC,UT,ANM,WE,Towers with Radar,619,201,67,11,898,0,14,1,0,15,619,215,68,11,913,0,0,0,913
03/24/2017,SLC,UT,ANM,WE,Towers with Radar,603,183,76,3,865,0,12,105,44,161,603,195,181,47,1026,0,0,0,1026
03/25/2017,SLC,UT,ANM,WE,Towers with Radar,539,140,43,2,724,0,6,0,0,6,539,146,43,2,730,0,0,0,730
03/26/2017,SLC,UT,ANM,WE,Towers with Radar,591,162,57,1,811,0,8,49,19,76,591,170,106,20,887,0,0,0,887
03/27/2017,SLC,UT,ANM,WE,Towers with Radar,623,185,54,11,873,0,5,8,1,14,623,190,62,12,887,0,0,0,887
03/28/2017,SLC,UT,ANM,WE,Towers with Radar,614,189,45,15,863,0,19,53,35,107,614,208,98,50,970,42,0,42,1012
03/29/2017,SLC,UT,ANM,WE,Towers with Radar,622,170,74,11,877,0,13,99,46,158,622,183,173,57,1035,0,0,0,1035
03/30/2017,SLC,UT,ANM,WE,Towers with Radar,615,199,62,11,887,0,12,30,13,55,615,211,92,24,942,0,0,0,942
03/31/2017,SLC,UT,ANM,WE,Towers with Radar,630,201,76,1,908,0,9,19,11,39,630,210,95,12,947,0,0,0,947
04/01/2017,SLC,UT,ANM,WE,Towers with Radar,492,131,33,2,658,0,12,48,23,83,492,143,81,25,741,0,0,0,741
04/02/2017,SLC,UT,ANM,WE,Towers with Radar,582,159,43,1,785,0,12,32,5,49,582,171,75,6,834,0,0,0,834
04/03/2017,SLC,UT,ANM,WE,Towers with Radar,593,174,45,5,817,0,18,67,32,117,593,192,112,37,934,0,0,0,934
04/04/2017,SLC,UT,ANM,WE,Towers with Radar,592,185,50,8,835,0,19,84,17,120,592,204,134,25,955,0,0,0,955
04/05/2017,SLC,UT,ANM,WE,Towers with Radar,572,170,43,8,793,0,20,86,26,132,572,190,129,34,925,0,0,0,925
04/06/2017,SLC,UT,ANM,WE,Towers with Radar,579,173,64,8,824,0,16,54,25,95,579,189,118,33,919,0,0,0,919
04/07/2017,SLC,UT,ANM,WE,Towers with Radar,574,193,48,4,819,0,17,13,6,36,574,210,61,10,855,0,0,0,855
04/08/2017,SLC,UT,ANM,WE,Towers with Radar,469,136,23,3,631,0,6,0,6,12,469,142,23,9,643,0,0,0,643
04/09/2017,SLC,UT,ANM,WE,Towers with Radar,553,147,49,1,750,0,16,34,16,66,553,163,83,17,816,0,0,0,816
04/10/2017,SLC,UT,ANM,WE,Towers with Radar,592,184,34,7,817,0,24,64,23,111,592,208,98,30,928,0,0,0,928
04/11/2017,SLC,UT,ANM,WE,Towers with Radar,602,164,56,5,827,0,12,82,33,127,602,176,138,38,954,28,0,28,982
04/12/2017,SLC,UT,ANM,WE,Towers with Radar,600,168,49,5,822,0,19,64,29,112,600,187,113,34,934,0,0,0,934
04/13/2017,SLC,UT,ANM,WE,Towers with Radar,607,199,52,7,865,0,18,20,8,46,607,217,72,15,911,0,0,0,911
04/14/2017,SLC,UT,ANM,WE,Towers with Radar,596,181,65,1,843,0,11,74,24,109,596,192,139,25,952,0,0,0,952
04/15/2017,SLC,UT,ANM,WE,Towers with Radar,444,108,28,0,580,0,11,82,15,108,444,119,110,15,688,0,0,0,688
04/16/2017,SLC,UT,ANM,WE,Towers with Radar,496,145,22,2,665,0,3,44,15,62,496,148,66,17,727,0,0,0,727
04/17/2017,SLC,UT,ANM,WE,Towers with Radar,574,167,58,7,806,0,11,54,20,85,574,178,112,27,891,44,0,44,935
04/18/2017,SLC,UT,ANM,WE,Towers with Radar,600,182,51,6,839,0,6,45,10,61,600,188,96,16,900,0,0,0,900
04/19/2017,SLC,UT,ANM,WE,Towers with Radar,587,172,51,10,820,0,17,65,26,108,587,189,116,36,928,0,0,0,928
04/20/2017,SLC,UT,ANM,WE,Towers with Radar,594,178,50,3,825,0,15,24,6,45,594,193,74,9,870,0,0,0,870
04/21/2017,SLC,UT,ANM,WE,Towers with Radar,602,173,68,3,846,0,11,50,23,84,602,184,118,26,930,30,0,30,960
04/22/2017,SLC,UT,ANM,WE,Towers with Radar,475,121,20,2,618,0,14,89,16,119,475,135,109,18,737,0,0,0,737
04/23/2017,SLC,UT,ANM,WE,Towers with Radar,558,143,25,0,726,0,11,29,15,55,558,154,54,15,781,0,0,0,781
04/24/2017,SLC,UT,ANM,WE,Towers with Radar,600,180,48,5,833,0,13,14,13,40,600,193,62,18,873,16,0,16,889
04/25/2017,SLC,UT,ANM,WE,Towers with Radar,592,186,72,2,852,0,19,12,5,36,592,205,84,7,888,0,0,0,888
04/26/2017,SLC,UT,ANM,WE,Towers with Radar,593,179,63,3,838,0,3,27,12,42,593,182,90,15,880,0,0,0,880
04/27/2017,SLC,UT,ANM,WE,Towers with Radar,602,186,53,9,850,0,21,18,1,40,602,207,71,10,890,0,0,0,890
04/28/2017,SLC,UT,ANM,WE,Towers with Radar,597,184,42,3,826,0,20,8,0,28,597,204,50,3,854,0,0,0,854
04/29/2017,SLC,UT,ANM,WE,Towers with Radar,466,122,25,3,616,0,19,74,23,116,466,141,99,26,732,0,0,0,732
04/30/2017,SLC,UT,ANM,WE,Towers with Radar,545,142,23,0,710,0,11,50,21,82,545,153,73,21,792,0,0,0,792
05/01/2017,SLC,UT,ANM,WE,Towers with Radar,598,158,30,8,794,0,17,80,32,129,598,175,110,40,923,30,0,30,953
05/02/2017,SLC,UT,ANM,WE,Towers with Radar,604,147,56,10,817,0,21,52,22,95,604,168,108,32,912,0,0,0,912
05/03/2017,SLC,UT,ANM,WE,Towers with Radar,599,157,67,10,833,0,22,94,32,148,599,179,161,42,981,0,0,0,981
05/04/2017,SLC,UT,ANM,WE,Towers with Radar,608,172,74,5,859,0,14,95,29,138,608,186,169,34,997,0,0,0,997
05/05/2017,SLC,UT,ANM,WE,Towers with Radar,615,171,64,3,853,0,15,73,15,103,615,186,137,18,956,0,0,0,956
05/06/2017,SLC,UT,ANM,WE,Towers with Radar,481,120,39,3,643,0,10,53,2,65,481,130,92,5,708,0,0,0,708
05/07/2017,SLC,UT,ANM,WE,Towers with Radar,563,135,31,2,731,0,2,51,9,62,563,137,82,11,793,0,0,0,793
05/08/2017,SLC,UT,ANM,WE,Towers with Radar,609,158,64,3,834,0,10,39,6,55,609,168,103,9,889,24,0,24,913
05/09/2017,SLC,UT,ANM,WE,Towers with Radar,601,173,58,8,840,0,15,88,18,121,601,188,146,26,961,30,0,30,991
05/10/2017,SLC,UT,ANM,WE,Towers with Radar,610,181,66,9,866,0,21,93,18,132,610,202,159,27,998,0,0,0,998
05/11/2017,SLC,UT,ANM,WE,Towers with Radar,605,174,75,6,860,0,18,77,18,113,605,192,152,24,973,18,0,18,991
05/12/2017,SLC,UT,ANM,WE,Towers with Radar,613,180,65,4,862,0,8,51,5,64,613,188,116,9,926,0,0,0,926
05/13/2017,SLC,UT,ANM,WE,Towers with Radar,445,104,32,11,592,0,11,61,3,75,445,115,93,14,667,0,0,0,667
05/14/2017,SLC,UT,ANM,WE,Towers with Radar,491,125,24,1,641,0,1,46,12,59,491,126,70,13,700,0,0,0,700
05/15/2017,SLC,UT,ANM,WE,Towers with Radar,595,172,51,6,824,0,17,58,14,89,595,189,109,20,913,6,0,6,919
05/16/2017,SLC,UT,ANM,WE,Towers with Radar,594,181,45,1,821,0,14,17,8,39,594,195,62,9,860,40,0,40,900
05/17/2017,SLC,UT,ANM,WE,Towers with Radar,604,167,44,6,821,0,8,19,2,29,604,175,63,8,850,0,0,0,850
05/18/2017,SLC,UT,ANM,WE,Towers with Radar,601,181,56,7,845,0,16,50,16,82,601,197,106,23,927,0,0,0,927
05/19/2017,SLC,UT,ANM,WE,Towers with Radar,607,176,56,0,839,0,19,93,20,132,607,195,149,20,971,12,0,12,983
05/20/2017,SLC,UT,ANM,WE,Towers with Radar,474,112,24,0,610,0,18,85,12,115,474,130,109,12,725,0,0,0,725
05/21/2017,SLC,UT,ANM,WE,Towers with Radar,563,138,39,2,742,0,9,17,0,26,563,147,56,2,768,0,0,0,768
05/22/2017,SLC,UT,ANM,WE,Towers with Radar,590,165,44,4,803,0,21,93,21,135,590,186,137,25,938,0,0,0,938
05/23/2017,SLC,UT,ANM,WE,Towers with Radar,592,177,55,11,835,0,38,102,26,166,592,215,157,37,1001,22,0,22,1023
05/24/2017,SLC,UT,ANM,WE,Towers with Radar,608,172,68,8,856,0,21,87,12,120,608,193,155,20,976,0,0,0,976
05/25/2017,SLC,UT,ANM,WE,Towers with Radar,615,191,62,6,874,0,21,98,21,140,615,212,160,27,1014,42,4,46,1060
05/26/2017,SLC,UT,ANM,WE,Towers with Radar,610,177,79,2,868,0,14,71,14,99,610,191,150,16,967,98,0,98,1065
05/27/2017,SLC,UT,ANM,WE,Towers with Radar,461,106,27,1,595,0,9,70,18,97,461,115,97,19,692,0,0,0,692
05/28/2017,SLC,UT,ANM,WE,Towers with Radar,450,100,21,1,572,0,8,42,4,54,450,108,63,5,626,0,0,0,626
05/29/2017,SLC,UT,ANM,WE,Towers with Radar,572,126,33,1,732,0,2,83,5,90,572,128,116,6,822,0,0,0,822
05/30/2017,SLC,UT,ANM,WE,Towers with Radar,588,166,50,5,809,0,22,88,20,130,588,188,138,25,939,52,0,52,991
05/31/2017,SLC,UT,ANM,WE,Towers with Radar,602,191,52,4,849,0,15,103,15,133,602,206,155,19,982,0,0,0,982
06/01/2017,SLC,UT,ANM,WE,Towers with Radar,616,197,66,4,883,0,14,61,10,85,616,211,127,14,968,0,0,0,968
06/02/2017,SLC,UT,ANM,WE,Towers with Radar,608,184,57,6,855,0,25,99,13,137,608,209,156,19,992,0,0,0,992
06/03/2017,SLC,UT,ANM,WE,Towers with Radar,481,122,30,7,640,0,12,74,15,101,481,134,104,22,741,0,0,0,741
06/04/2017,SLC,UT,ANM,WE,Towers with Radar,569,157,40,6,772,0,3,35,14,52,569,160,75,20,824,0,0,0,824
06/05/2017,SLC,UT,ANM,WE,Towers with Radar,607,178,43,4,832,0,29,76,19,124,607,207,119,23,956,10,0,10,966
06/06/2017,SLC,UT,ANM,WE,Towers with Radar,605,164,48,4,821,0,19,109,14,142,605,183,157,18,963,0,0,0,963
06/07/2017,SLC,UT,ANM,WE,Towers with Radar,608,177,45,7,837,0,17,76,10,103,608,194,121,17,940,44,0,44,984
06/08/2017,SLC,UT,ANM,WE,Towers with Radar,609,176,59,4,848,0,20,44,11,75,609,196,103,15,923,70,0,70,993
06/09/2017,SLC,UT,ANM,WE,Towers with Radar,650,169,48,16,883,0,33,33,17,83,650,202,81,33,966,6,0,6,972
06/10/2017,SLC,UT,ANM,WE,Towers with Radar,515,131,25,3,674,0,14,55,10,79,515,145,80,13,753,0,0,0,753
06/11/2017,SLC,UT,ANM,WE,Towers with Radar,586,149,35,5,775,0,8,14,2,24,586,157,49,7,799,0,0,0,799
06/12/2017,SLC,UT,ANM,WE,Towers with Radar,646,164,43,2,855,0,12,17,1,30,646,176,60,3,885,0,0,0,885
06/13/2017,SLC,UT,ANM,WE,Towers with Radar,636,166,44,10,856,0,16,44,15,75,636,182,88,25,931,0,0,0,931
06/14/2017,SLC,UT,ANM,WE,Towers with Radar,652,159,68,32,911,0,23,104,18,145,652,182,172,50,1056,0,0,0,1056
06/15/2017,SLC,UT,ANM,WE,Towers with Radar,634,172,59,4,869,0,24,113,30,167,634,196,172,34,1036,102,0,102,1138
06/16/2017,SLC,UT,ANM,WE,Towers with Radar,650,169,56,1,876,0,18,81,15,114,650,187,137,16,990,54,0,54,1044
06/17/2017,SLC,UT,ANM,WE,Towers with Radar,548,125,39,1,713,0,9,60,11,80,548,134,99,12,793,20,0,20,813
06/18/2017,SLC,UT,ANM,WE,Towers with Radar,609,152,39,0,800,0,7,43,3,53,609,159,82,3,853,0,0,0,853
06/19/2017,SLC,UT,ANM,WE,Towers with Radar,620,170,51,6,847,0,11,61,21,93,620,181,112,27,940,0,0,0,940
06/20/2017,SLC,UT,ANM,WE,Towers with Radar,629,174,47,6,856,0,29,73,8,110,629,203,120,14,966,0,0,0,966
06/21/2017,SLC,UT,ANM,WE,Towers with Radar,646,184,64,9,903,0,20,71,24,115,646,204,135,33,1018,0,0,0,1018
06/22/2017,SLC,UT,ANM,WE,Towers with Radar,644,181,60,6,891,0,34,105,16,155,644,215,165,22,1046,0,0,0,1046
06/23/2017,SLC,UT,ANM,WE,Towers with Radar,645,186,67,2,900,0,14,69,8,91,645,200,136,10,991,0,0,0,991
06/24/2017,SLC,UT,ANM,WE,Towers with Radar,547,135,43,0,725,0,16,53,13,82,547,151,96,13,807,0,0,0,807
06/25/2017,SLC,UT,ANM,WE,Towers with Radar,615,143,45,3,806,0,7,38,10,55,615,150,83,13,861,0,0,0,861
06/26/2017,SLC,UT,ANM,WE,Towers with Radar,644,168,52,9,873,0,22,63,12,97,644,190,115,21,970,0,0,0,970
06/27/2017,SLC,UT,ANM,WE,Towers with Radar,636,171,42,8,857,0,20,91,19,130,636,191,133,27,987,0,0,0,987
06/28/2017,SLC,UT,ANM,WE,Towers with Radar,653,172,48,4,877,0,30,91,23,144,653,202,139,27,1021,0,0,0,1021
06/29/2017,SLC,UT,ANM,WE,Towers with Radar,660,182,45,7,894,0,31,86,24,141,660,213,131,31,1035,18,0,18,1053
06/30/2017,SLC,UT,ANM,WE,Towers with Radar,651,194,63,5,913,0,19,68,14,101,651,213,131,19,1014,0,0,0,1014
07/01/2017,SLC,UT,ANM,WE,Towers with Radar,553,139,56,0,748,0,5,66,10,81,553,144,122,10,829,32,0,32,861
07/02/2017,SLC,UT,ANM,WE,Towers with Radar,522,118,27,0,667,0,8,30,3,41,522,126,57,3,708,0,0,0,708
07/03/2017,SLC,UT,ANM,WE,Towers with Radar,510,147,46,0,703,0,20,60,3,83,510,167,106,3,786,0,0,0,786
07/04/2017,SLC,UT,ANM,WE,Towers with Radar,502,108,27,0,637,0,7,33,2,42,502,115,60,2,679,0,0,0,679
07/05/2017,SLC,UT,ANM,WE,Towers with Radar,626,184,69,5,884,0,17,55,9,81,626,201,124,14,965,0,0,0,965
07/06/2017,SLC,UT,ANM,WE,Towers with Radar,624,193,59,6,882,0,37,68,14,119,624,230,127,20,1001,0,0,0,1001
07/07/2017,SLC,UT,ANM,WE,Towers with Radar,616,192,62,7,877,0,22,49,4,75,616,214,111,11,952,30,0,30,982
07/08/2017,SLC,UT,ANM,WE,Towers with Radar,552,146,35,7,740,0,17,69,16,102,552,163,104,23,842,0,0,0,842
07/09/2017,SLC,UT,ANM,WE,Towers with Radar,619,153,60,0,832,0,10,33,10,53,619,163,93,10,885,0,0,0,885
07/10/2017,SLC,UT,ANM,WE,Towers with Radar,636,169,54,5,864,0,21,75,21,117,636,190,129,26,981,0,0,0,981
07/11/2017,SLC,UT,ANM,WE,Towers with Radar,647,177,57,4,885,0,18,65,13,96,647,195,122,17,981,0,0,0,981
07/12/2017,SLC,UT,ANM,WE,Towers with Radar,644,196,66,4,910,0,24,91,22,137,644,220,157,26,1047,0,0,0,1047
07/13/2017,SLC,UT,ANM,WE,Towers with Radar,660,197,54,2,913,0,23,80,14,117,660,220,134,16,1030,30,0,30,1060
07/14/2017,SLC,UT,ANM,WE,Towers with Radar,650,182,63,0,895,0,22,69,18,109,650,204,132,18,1004,0,0,0,1004
07/15/2017,SLC,UT,ANM,WE,Towers with Radar,569,138,46,0,753,0,10,52,12,74,569,148,98,12,827,0,0,0,827
07/16/2017,SLC,UT,ANM,WE,Towers with Radar,626,162,35,0,823,0,9,27,7,43,626,171,62,7,866,12,0,12,878
07/17/2017,SLC,UT,ANM,WE,Towers with Radar,632,177,59,3,871,0,16,53,20,89,632,193,112,23,960,0,0,0,960
07/18/2017,SLC,UT,ANM,WE,Towers with Radar,663,170,54,7,894,0,24,86,5,115,663,194,140,12,1009,48,0,48,1057
07/19/2017,SLC,UT,ANM,WE,Towers with Radar,663,182,65,14,924,0,21,55,15,91,663,203,120,29,1015,0,0,0,1015
07/20/2017,SLC,UT,ANM,WE,Towers with Radar,655,186,56,4,901,0,15,58,4,77,655,201,114,8,978,0,0,0,978
07/21/2017,SLC,UT,ANM,WE,Towers with Radar,639,183,56,2,880,0,17,87,18,122,639,200,143,20,1002,0,0,0,1002
07/22/2017,SLC,UT,ANM,WE,Towers with Radar,558,118,42,2,720,0,13,78,18,109,558,131,120,20,829,0,0,0,829
07/23/2017,SLC,UT,ANM,WE,Towers with Radar,608,150,43,3,804,0,5,56,10,71,608,155,99,13,875,0,0,0,875
07/24/2017,SLC,UT,ANM,WE,Towers with Radar,648,161,47,2,858,0,16,72,10,98,648,177,119,12,956,0,0,0,956
07/25/2017,SLC,UT,ANM,WE,Towers with Radar,659,181,38,5,883,0,17,55,5,77,659,198,93,10,960,14,0,14,974
07/26/2017,SLC,UT,ANM,WE,Towers with Radar,663,188,52,3,906,0,18,61,17,96,663,206,113,20,1002,0,0,0,1002
07/27/2017,SLC,UT,ANM,WE,Towers with Radar,657,205,51,4,917,0,17,80,7,104,657,222,131,11,1021,32,0,32,1053
07/28/2017,SLC,UT,ANM,WE,Towers with Radar,665,185,74,2,926,0,33,62,10,105,665,218,136,12,1031,0,0,0,1031
07/29/2017,SLC,UT,ANM,WE,Towers with Radar,560,137,34,7,738,0,23,75,18,116,560,160,109,25,854,0,0,0,854
07/30/2017,SLC,UT,ANM,WE,Towers with Radar,618,161,42,0,821,0,9,49,8,66,618,170,91,8,887,0,0,0,887
07/31/2017,SLC,UT,ANM,WE,Towers with Radar,643,176,48,5,872,0,31,55,20,106,643,207,103,25,978,20,0,20,998
08/01/2017,SLC,UT,ANM,WE,Towers with Radar,643,173,42,8,866,0,25,83,16,124,643,198,125,24,990,48,0,48,1038
08/02/2017,SLC,UT,ANM,WE,Towers with Radar,651,169,65,2,887,0,26,67,23,116,651,195,132,25,1003,0,0,0,1003
08/03/2017,SLC,UT,ANM,WE,Towers with Radar,659,182,66,9,916,0,25,56,29,110,659,207,122,38,1026,0,0,0,1026
08/04/2017,SLC,UT,ANM,WE,Towers with Radar,656,183,64,1,904,0,23,63,9,95,656,206,127,10,999,8,0,8,1007
08/05/2017,SLC,UT,ANM,WE,Towers with Radar,575,126,24,3,728,0,6,41,9,56,575,132,65,12,784,0,0,0,784
08/06/2017,SLC,UT,ANM,WE,Towers with Radar,611,154,38,3,806,0,2,26,12,40,611,156,64,15,846,22,0,22,868
08/07/2017,SLC,UT,ANM,WE,Towers with Radar,638,158,50,5,851,0,21,41,12,74,638,179,91,17,925,0,0,0,925
08/08/2017,SLC,UT,ANM,WE,Towers with Radar,651,170,43,13,877,0,20,50,18,88,651,190,93,31,965,0,0,0,965
08/09/2017,SLC,UT,ANM,WE,Towers with Radar,659,201,66,6,932,0,11,57,11,79,659,212,123,17,1011,34,0,34,1045
08/10/2017,SLC,UT,ANM,WE,Towers with Radar,647,183,59,17,906,0,22,102,10,134,647,205,161,27,1040,0,0,0,1040
08/11/2017,SLC,UT,ANM,WE,Towers with Radar,659,171,56,3,889,0,23,62,9,94,659,194,118,12,983,6,0,6,989
08/12/2017,SLC,UT,ANM,WE,Towers with Radar,555,136,38,0,729,0,19,49,20,88,555,155,87,20,817,0,0,0,817
08/13/2017,SLC,UT,ANM,WE,Towers with Radar,611,143,50,3,807,0,11,35,4,50,611,154,85,7,857,0,0,0,857
08/14/2017,SLC,UT,ANM,WE,Towers with Radar,644,161,53,7,865,0,18,49,13,80,644,179,102,20,945,0,0,0,945
08/15/2017,SLC,UT,ANM,WE,Towers with Radar,633,168,48,6,855,0,26,56,24,106,633,194,104,30,961,18,0,18,979
08/16/2017,SLC,UT,ANM,WE,Towers with Radar,646,158,61,11,876,0,31,77,34,142,646,189,138,45,1018,0,0,0,1018
08/17/2017,SLC,UT,ANM,WE,Towers with Radar,630,183,72,11,896,0,32,69,20,121,630,215,141,31,1017,0,0,0,1017
08/18/2017,SLC,UT,ANM,WE,Towers with Radar,642,195,83,3,923,0,26,75,15,116,642,221,158,18,1039,0,0,0,1039
08/19/2017,SLC,UT,ANM,WE,Towers with Radar,550,131,53,2,736,0,22,65,14,101,550,153,118,16,837,0,0,0,837
08/20/2017,SLC,UT,ANM,WE,Towers with Radar,617,186,59,3,865,0,14,50,8,72,617,200,109,11,937,0,0,0,937
08/21/2017,SLC,UT,ANM,WE,Towers with Radar,616,200,93,9,918,0,24,82,13,119,616,224,175,22,1037,0,0,0,1037
08/22/2017,SLC,UT,ANM,WE,Towers with Radar,627,198,65,6,896,0,24,55,14,93,627,222,120,20,989,0,0,0,989
08/23/2017,SLC,UT,ANM,WE,Towers with Radar,629,185,74,10,898,0,23,58,21,102,629,208,132,31,1000,8,0,8,1008
08/24/2017,SLC,UT,ANM,WE,Towers with Radar,642,177,63,6,888,0,22,64,28,114,642,199,127,34,1002,10,0,10,1012
08/25/2017,SLC,UT,ANM,WE,Towers with Radar,630,193,44,2,869,0,23,59,25,107,630,216,103,27,976,0,0,0,976
08/26/2017,SLC,UT,ANM,WE,Towers with Radar,473,125,28,3,629,0,6,60,13,79,473,131,88,16,708,0,0,0,708
08/27/2017,SLC,UT,ANM,WE,Towers with Radar,555,160,38,0,753,0,11,48,12,71,555,171,86,12,824,0,0,0,824
08/28/2017,SLC,UT,ANM,WE,Towers with Radar,583,176,54,7,820,0,28,57,21,106,583,204,111,28,926,0,0,0,926
08/29/2017,SLC,UT,ANM,WE,Towers with Radar,584,179,57,7,827,0,17,43,33,93,584,196,100,40,920,0,0,0,920
08/30/2017,SLC,UT,ANM,WE,Towers with Radar,608,184,61,4,857,0,16,68,22,106,608,200,129,26,963,0,0,0,963
08/31/2017,SLC,UT,ANM,WE,Towers with Radar,608,213,78,7,906,0,16,62,26,104,608,229,140,33,1010,0,0,0,1010
09/01/2017,SLC,UT,ANM,WE,Towers with Radar,615,196,71,2,884,0,22,81,17,120,615,218,152,19,1004,30,0,30,1034
09/02/2017,SLC,UT,ANM,WE,Towers with Radar,439,106,27,3,575,0,17,67,5,89,439,123,94,8,664,24,0,24,688
09/03/2017,SLC,UT,ANM,WE,Towers with Radar,430,104,24,3,561,0,6,19,9,34,430,110,43,12,595,0,0,0,595
09/04/2017,SLC,UT,ANM,WE,Towers with Radar,564,164,69,2,799,0,9,63,12,84,564,173,132,14,883,0,0,0,883
09/05/2017,SLC,UT,ANM,WE,Towers with Radar,550,181,61,6,798,0,12,49,22,83,550,193,110,28,881,0,0,0,881
09/06/2017,SLC,UT,ANM,WE,Towers with Radar,570,187,64,10,831,0,10,55,14,79,570,197,119,24,910,0,0,0,910
09/07/2017,SLC,UT,ANM,WE,Towers with Radar,575,196,60,27,858,0,14,48,29,91,575,210,108,56,949,40,0,40,989
09/08/2017,SLC,UT,ANM,WE,Towers with Radar,565,183,54,2,804,0,19,67,19,105,565,202,121,21,909,20,0,20,929
09/09/2017,SLC,UT,ANM,WE,Towers with Radar,445,113,32,2,592,0,13,46,17,76,445,126,78,19,668,0,0,0,668
09/10/2017,SLC,UT,ANM,WE,Towers with Radar,553,149,35,0,737,0,8,24,22,54,553,157,59,22,791,0,0,0,791
09/11/2017,SLC,UT,ANM,WE,Towers with Radar,594,173,44,6,817,0,21,59,31,111,594,194,103,37,928,0,0,0,928
09/12/2017,SLC,UT,ANM,WE,Towers with Radar,590,187,64,16,857,0,26,54,25,105,590,213,118,41,962,22,0,22,984
09/13/2017,SLC,UT,ANM,WE,Towers with Radar,614,175,52,7,848,0,32,68,22,122,614,207,120,29,970,0,0,0,970
09/14/2017,SLC,UT,ANM,WE,Towers with Radar,610,186,67,8,871,0,20,33,16,69,610,206,100,24,940,18,0,18,958
09/15/2017,SLC,UT,ANM,WE,Towers with Radar,622,174,57,7,860,0,14,15,13,42,622,188,72,20,902,0,0,0,902
09/16/2017,SLC,UT,ANM,WE,Towers with Radar,470,120,29,6,625,0,10,71,23,104,470,130,100,29,729,20,0,20,749
09/17/2017,SLC,UT,ANM,WE,Towers with Radar,560,153,49,7,769,0,13,35,24,72,560,166,84,31,841,0,0,0,841
09/18/2017,SLC,UT,ANM,WE,Towers with Radar,589,181,42,10,822,0,26,40,22,88,589,207,82,32,910,0,0,0,910
09/19/2017,SLC,UT,ANM,WE,Towers with Radar,588,194,56,8,846,0,18,34,17,69,588,212,90,25,915,18,0,18,933
09/20/2017,SLC,UT,ANM,WE,Towers with Radar,619,196,59,16,890,0,21,58,26,105,619,217,117,42,995,0,0,0,995
09/21/2017,SLC,UT,ANM,WE,Towers with Radar,609,207,79,8,903,0,4,13,8,25,609,211,92,16,928,0,0,0,928
09/22/2017,SLC,UT,ANM,WE,Towers with Radar,611,190,60,5,866,0,16,10,0,26,611,206,70,5,892,0,0,0,892
09/23/2017,SLC,UT,ANM,WE,Towers with Radar,474,126,46,1,647,0,5,48,16,69,474,131,94,17,716,28,0,28,744
09/24/2017,SLC,UT,ANM,WE,Towers with Radar,567,153,53,3,776,0,0,6,1,7,567,153,59,4,783,52,0,52,835
09/25/2017,SLC,UT,ANM,WE,Towers with Radar,603,164,50,8,825,0,22,74,21,117,603,186,124,29,942,48,0,48,990
09/26/2017,SLC,UT,ANM,WE,Towers with Radar,595,169,54,12,830,0,26,89,53,168,595,195,143,65,998,34,0,34,1032
09/27/2017,SLC,UT,ANM,WE,Towers with Radar,602,178,66,5,851,0,26,64,22,112,602,204,130,27,963,0,0,0,963
09/28/2017,SLC,UT,ANM,WE,Towers with Radar,612,183,64,13,872,0,27,91,34,152,612,210,155,47,1024,70,0,70,1094
09/29/2017,SLC,UT,ANM,WE,Towers with Radar,610,193,54,3,860,0,32,109,24,165,610,225,163,27,1025,20,0,20,1045
09/30/2017,SLC,UT,ANM,WE,Towers with Radar,471,125,37,4,637,0,6,28,10,44,471,131,65,14,681,10,0,10,691
10/01/2017,SLC,UT,ANM,WE,Towers with Radar,553,147,39,0,739,0,6,30,13,49,553,153,69,13,788,8,0,8,796
10/02/2017,SLC,UT,ANM,WE,Towers with Radar,597,180,39,5,821,0,21,42,3,66,597,201,81,8,887,0,0,0,887
10/03/2017,SLC,UT,ANM,WE,Towers with Radar,580,164,44,13,801,0,23,76,31,130,580,187,120,44,931,92,0,92,1023
10/04/2017,SLC,UT,ANM,WE,Towers with Radar,600,172,51,8,831,0,19,37,3,59,600,191,88,11,890,20,0,20,910
10/05/2017,SLC,UT,ANM,WE,Towers with Radar,606,172,71,7,856,0,31,76,47,154,606,203,147,54,1010,0,0,0,1010
10/06/2017,SLC,UT,ANM,WE,Towers with Radar,608,171,48,5,832,0,21,83,26,130,608,192,131,31,962,10,0,10,972
10/07/2017,SLC,UT,ANM,WE,Towers with Radar,462,114,29,1,606,0,11,56,12,79,462,125,85,13,685,0,0,0,685
10/08/2017,SLC,UT,ANM,WE,Towers with Radar,539,138,55,2,734,0,3,20,4,27,539,141,75,6,761,0,0,0,761
10/09/2017,SLC,UT,ANM,WE,Towers with Radar,590,179,55,0,824,0,24,39,18,81,590,203,94,18,905,0,0,0,905
10/10/2017,SLC,UT,ANM,WE,Towers with Radar,589,173,55,7,824,0,22,84,28,134,589,195,139,35,958,0,0,0,958
10/11/2017,SLC,UT,ANM,WE,Towers with Radar,601,169,63,9,842,0,28,42,4,74,601,197,105,13,916,0,0,0,916
10/12/2017,SLC,UT,ANM,WE,Towers with Radar,597,185,52,6,840,0,28,72,50,150,597,213,124,56,990,4,0,4,994
10/13/2017,SLC,UT,ANM,WE,Towers with Radar,597,169,44,5,815,0,28,69,18,115,597,197,113,23,930,50,0,50,980
10/14/2017,SLC,UT,ANM,WE,Towers with Radar,453,114,35,5,607,0,24,48,24,96,453,138,83,29,703,0,0,0,703
10/15/2017,SLC,UT,ANM,WE,Towers with Radar,548,136,50,3,737,0,9,66,19,94,548,145,116,22,831,0,0,0,831
10/16/2017,SLC,UT,ANM,WE,Towers with Radar,592,159,51,8,810,0,19,78,24,121,592,178,129,32,931,0,0,0,931
10/17/2017,SLC,UT,ANM,WE,Towers with Radar,581,162,50,5,798,0,29,65,21,115,581,191,115,26,913,0,0,0,913
10/18/2017,SLC,UT,ANM,WE,Towers with Radar,588,170,66,12,836,0,20,77,31,128,588,190,143,43,964,0,0,0,964
10/19/2017,SLC,UT,ANM,WE,Towers with Radar,595,173,71,8,847,0,27,79,17,123,595,200,150,25,970,12,0,12,982
10/20/2017,SLC,UT,ANM,WE,Towers with Radar,613,170,61,2,846,0,16,21,4,41,613,186,82,6,887,0,0,0,887
10/21/2017,SLC,UT,ANM,WE,Towers with Radar,451,119,44,1,615,0,15,66,6,87,451,134,110,7,702,40,0,40,742
10/22/2017,SLC,UT,ANM,WE,Towers with Radar,548,135,44,6,733,0,4,47,6,57,548,139,91,12,790,0,0,0,790
10/23/2017,SLC,UT,ANM,WE,Towers with Radar,590,160,50,11,811,0,25,71,27,123,590,185,121,38,934,0,0,0,934
10/24/2017,SLC,UT,ANM,WE,Towers with Radar,561,167,50,10,788,0,22,80,32,134,561,189,130,42,922,0,0,0,922
10/25/2017,SLC,UT,ANM,WE,Towers with Radar,566,176,62,12,816,0,24,66,44,134,566,200,128,56,950,0,0,0,950
10/26/2017,SLC,UT,ANM,WE,Towers with Radar,591,174,66,5,836,0,29,66,26,121,591,203,132,31,957,32,0,32,989
10/27/2017,SLC,UT,ANM,WE,Towers with Radar,606,167,66,13,852,0,20,70,19,109,606,187,136,32,961,56,0,56,1017
10/28/2017,SLC,UT,ANM,WE,Towers with Radar,448,117,26,2,593,0,19,60,15,94,448,136,86,17,687,0,0,0,687
10/29/2017,SLC,UT,ANM,WE,Towers with Radar,532,136,27,6,701,0,3,51,8,62,532,139,78,14,763,0,0,0,763
10/30/2017,SLC,UT,ANM,WE,Towers with Radar,508,153,50,9,720,0,21,48,22,91,508,174,98,31,811,58,0,58,869
10/31/2017,SLC,UT,ANM,WE,Towers with Radar,503,139,52,4,698,0,27,63,24,114,503,166,115,28,812,8,0,8,820
11/01/2017,SLC,UT,ANM,WE,Towers with Radar,567,163,45,6,781,0,22,71,23,116,567,185,116,29,897,0,0,0,897
11/02/2017,SLC,UT,ANM,WE,Towers with Radar,573,176,57,6,812,0,14,59,17,90,573,190,116,23,902,28,0,28,930
11/03/2017,SLC,UT,ANM,WE,Towers with Radar,577,171,54,7,809,0,17,28,2,47,577,188,82,9,856,0,0,0,856
11/04/2017,SLC,UT,ANM,WE,Towers with Radar,457,111,32,6,606,0,8,32,11,51,457,119,64,17,657,0,0,0,657
11/05/2017,SLC,UT,ANM,WE,Towers with Radar,531,133,38,4,706,0,4,10,2,16,531,137,48,6,722,0,0,0,722
11/06/2017,SLC,UT,ANM,WE,Towers with Radar,571,166,64,5,806,0,12,31,9,52,571,178,95,14,858,0,0,0,858
11/07/2017,SLC,UT,ANM,WE,Towers with Radar,562,197,55,15,829,0,22,53,27,102,562,219,108,42,931,116,0,116,1047
11/08/2017,SLC,UT,ANM,WE,Towers with Radar,581,172,63,11,827,0,11,119,30,160,581,183,182,41,987,0,0,0,987
11/09/2017,SLC,UT,ANM,WE,Towers with Radar,603,174,57,2,836,0,20,79,28,127,603,194,136,30,963,36,0,36,999
11/10/2017,SLC,UT,ANM,WE,Towers with Radar,599,179,57,3,838,0,9,58,21,88,599,188,115,24,926,0,0,0,926
11/11/2017,SLC,UT,ANM,WE,Towers with Radar,442,111,42,0,595,0,6,66,15,87,442,117,108,15,682,0,0,0,682
11/12/2017,SLC,UT,ANM,WE,Towers with Radar,552,124,38,2,716,0,7,44,16,67,552,131,82,18,783,0,0,0,783
11/13/2017,SLC,UT,ANM,WE,Towers with Radar,593,163,59,4,819,0,12,43,22,77,593,175,102,26,896,24,0,24,920
11/14/2017,SLC,UT,ANM,WE,Towers with Radar,574,170,57,8,809,0,20,61,27,108,574,190,118,35,917,24,8,32,949
11/15/2017,SLC,UT,ANM,WE,Towers with Radar,592,172,56,8,828,0,13,67,25,105,592,185,123,33,933,0,0,0,933
11/16/2017,SLC,UT,ANM,WE,Towers with Radar,614,198,53,4,869,0,11,7,4,22,614,209,60,8,891,0,0,0,891
11/17/2017,SLC,UT,ANM,WE,Towers with Radar,597,182,66,3,848,0,10,4,3,17,597,192,70,6,865,0,0,0,865
11/18/2017,SLC,UT,ANM,WE,Towers with Radar,459,109,44,5,617,0,10,83,17,110,459,119,127,22,727,0,0,0,727
11/19/2017,SLC,UT,ANM,WE,Towers with Radar,519,122,29,6,676,0,15,48,19,82,519,137,77,25,758,0,0,0,758
11/20/2017,SLC,UT,ANM,WE,Towers with Radar,541,177,55,6,779,0,16,56,24,96,541,193,111,30,875,0,0,0,875
11/21/2017,SLC,UT,ANM,WE,Towers with Radar,563,173,52,8,796,0,16,66,23,105,563,189,118,31,901,0,0,0,901
11/22/2017,SLC,UT,ANM,WE,Towers with Radar,593,179,54,5,831,0,17,75,18,110,593,196,129,23,941,0,0,0,941
11/23/2017,SLC,UT,ANM,WE,Towers with Radar,336,76,15,0,427,0,1,26,1,28,336,77,41,1,455,0,0,0,455
11/24/2017,SLC,UT,ANM,WE,Towers with Radar,407,115,20,0,542,0,10,50,0,60,407,125,70,0,602,0,0,0,602
11/25/2017,SLC,UT,ANM,WE,Towers with Radar,575,118,38,1,732,0,8,48,2,58,575,126,86,3,790,0,0,0,790
11/26/2017,SLC,UT,ANM,WE,Towers with Radar,611,140,69,0,820,0,6,41,6,53,611,146,110,6,873,0,0,0,873
11/27/2017,SLC,UT,ANM,WE,Towers with Radar,611,188,67,8,874,0,8,7,2,17,611,196,74,10,891,0,0,0,891
11/28/2017,SLC,UT,ANM,WE,Towers with Radar,568,176,52,8,804,0,19,60,22,101,568,195,112,30,905,0,0,0,905
11/29/2017,SLC,UT,ANM,WE,Towers with Radar,578,182,65,6,831,0,21,75,25,121,578,203,140,31,952,0,0,0,952
11/30/2017,SLC,UT,ANM,WE,Towers with Radar,594,186,63,9,852,0,22,107,14,143,594,208,170,23,995,66,0,66,1061
12/01/2017,SLC,UT,ANM,WE,Towers with Radar,591,184,77,3,855,1,8,79,30,118,592,192,156,33,973,0,0,0,973
12/02/2017,SLC,UT,ANM,WE,Towers with Radar,430,95,34,4,563,0,13,79,14,106,430,108,113,18,669,0,0,0,669
12/03/2017,SLC,UT,ANM,WE,Towers with Radar,542,128,38,3,711,0,8,1,0,9,542,136,39,3,720,0,0,0,720
12/04/2017,SLC,UT,ANM,WE,Towers with Radar,570,176,56,4,806,0,13,10,12,35,570,189,66,16,841,0,0,0,841
12/05/2017,SLC,UT,ANM,WE,Towers with Radar,561,162,56,9,788,0,27,66,27,120,561,189,122,36,908,8,0,8,916
12/06/2017,SLC,UT,ANM,WE,Towers with Radar,577,169,66,7,819,0,24,68,29,121,577,193,134,36,940,23,0,23,963
12/07/2017,SLC,UT,ANM,WE,Towers with Radar,585,173,70,11,839,0,14,66,21,101,585,187,136,32,940,28,0,28,968
12/08/2017,SLC,UT,ANM,WE,Towers with Radar,581,172,60,0,813,0,22,86,21,129,581,194,146,21,942,20,0,20,962
12/09/2017,SLC,UT,ANM,WE,Towers with Radar,435,97,32,4,568,0,11,66,8,85,435,108,98,12,653,22,0,22,675
12/10/2017,SLC,UT,ANM,WE,Towers with Radar,535,126,38,3,702,0,5,32,15,52,535,131,70,18,754,0,0,0,754
12/11/2017,SLC,UT,ANM,WE,Towers with Radar,568,165,57,1,791,0,0,3,0,3,568,165,60,1,794,0,0,0,794
12/12/2017,SLC,UT,ANM,WE,Towers with Radar,575,159,48,4,786,0,0,0,0,0,575,159,48,4,786,0,0,0,786
12/13/2017,SLC,UT,ANM,WE,Towers with Radar,581,195,65,8,849,0,1,1,0,2,581,196,66,8,851,0,0,0,851
12/14/2017,SLC,UT,ANM,WE,Towers with Radar,585,170,61,8,824,0,13,37,5,55,585,183,98,13,879,0,0,0,879
12/15/2017,SLC,UT,ANM,WE,Towers with Radar,617,179,65,2,863,0,19,70,11,100,617,198,135,13,963,0,0,0,963
12/16/2017,SLC,UT,ANM,WE,Towers with Radar,458,121,47,1,627,0,3,3,0,6,458,124,50,1,633,0,0,0,633
12/17/2017,SLC,UT,ANM,WE,Towers with Radar,542,142,61,0,745,0,6,24,10,40,542,148,85,10,785,0,0,0,785
12/18/2017,SLC,UT,ANM,WE,Towers with Radar,577,184,59,13,833,0,16,58,16,90,577,200,117,29,923,0,0,0,923
12/19/2017,SLC,UT,ANM,WE,Towers with Radar,586,207,69,8,870,0,22,107,5,134,586,229,176,13,1004,80,0,80,1084
12/20/2017,SLC,UT,ANM,WE,Towers with Radar,618,218,76,0,912,0,8,8,0,16,618,226,84,0,928,0,0,0,928
12/21/2017,SLC,UT,ANM,WE,Towers with Radar,635,234,64,4,937,0,16,39,14,69,635,250,103,18,1006,0,0,0,1006
12/22/2017,SLC,UT,ANM,WE,Towers with Radar,641,224,81,1,947,0,22,49,4,75,641,246,130,5,1022,0,0,0,1022
12/23/2017,SLC,UT,ANM,WE,Towers with Radar,627,219,84,0,930,0,4,1,0,5,627,223,85,0,935,0,0,0,935
12/24/2017,SLC,UT,ANM,WE,Towers with Radar,476,111,32,0,619,0,7,11,0,18,476,118,43,0,637,0,0,0,637
12/25/2017,SLC,UT,ANM,WE,Towers with Radar,439,115,28,0,582,0,9,1,0,10,439,124,29,0,592,0,0,0,592
12/26/2017,SLC,UT,ANM,WE,Towers with Radar,605,239,108,0,952,0,2,6,1,9,605,241,114,1,961,0,0,0,961
12/27/2017,SLC,UT,ANM,WE,Towers with Radar,637,225,90,11,963,0,19,45,4,68,637,244,135,15,1031,0,0,0,1031
12/28/2017,SLC,UT,ANM,WE,Towers with Radar,638,240,78,3,959,0,16,45,16,77,638,256,123,19,1036,0,0,0,1036
12/29/2017,SLC,UT,ANM,WE,Towers with Radar,618,219,50,1,888,0,5,45,1,51,618,224,95,2,939,0,0,0,939
12/30/2017,SLC,UT,ANM,WE,Towers with Radar,615,174,81,0,870,0,5,31,5,41,615,179,112,5,911,0,0,0,911
12/31/2017,SLC,UT,ANM,WE,Towers with Radar,496,144,37,1,678,0,6,30,4,40,496,150,67,5,718,0,0,0,718
01/01/2018,SLC,UT,ANM,WE,Towers with Radar,490,162,90,0,742,0,0,21,2,23,490,162,111,2,765,24,0,24,789
01/02/2018,SLC,UT,ANM,WE,Towers with Radar,599,224,113,3,939,0,9,67,7,83,599,233,180,10,1022,12,0,12,1034
01/03/2018,SLC,UT,ANM,WE,Towers with Radar,598,209,71,6,884,0,22,59,5,86,598,231,130,11,970,0,0,0,970
01/04/2018,SLC,UT,ANM,WE,Towers with Radar,587,192,59,4,842,0,20,95,4,119,587,212,154,8,961,0,0,0,961
01/05/2018,SLC,UT,ANM,WE,Towers with Radar,583,191,73,0,847,0,22,44,3,69,583,213,117,3,916,26,0,26,942
01/06/2018,SLC,UT,ANM,WE,Towers with Radar,487,129,67,3,686,0,4,1,0,5,487,133,68,3,691,0,0,0,691
01/07/2018,SLC,UT,ANM,WE,Towers with Radar,517,122,49,1,689,0,1,5,2,8,517,123,54,3,697,0,0,0,697
01/08/2018,SLC,UT,ANM,WE,Towers with Radar,606,166,49,8,829,0,2,4,1,7,606,168,53,9,836,0,0,0,836
01/09/2018,SLC,UT,ANM,WE,Towers with Radar,581,194,68,4,847,0,7,14,2,23,581,201,82,6,870,0,0,0,870
01/10/2018,SLC,UT,ANM,WE,Towers with Radar,592,186,67,4,849,0,21,22,4,47,592,207,89,8,896,0,0,0,896
01/11/2018,SLC,UT,ANM,WE,Towers with Radar,605,179,86,8,878,0,9,39,17,65,605,188,125,25,943,40,0,40,983
01/12/2018,SLC,UT,ANM,WE,Towers with Radar,610,174,96,8,888,0,17,58,15,90,610,191,154,23,978,8,0,8,986
01/13/2018,SLC,UT,ANM,WE,Towers with Radar,461,111,50,1,623,0,6,77,10,93,461,117,127,11,716,0,0,0,716
01/14/2018,SLC,UT,ANM,WE,Towers with Radar,475,103,41,0,619,0,5,44,9,58,475,108,85,9,677,0,0,0,677
01/15/2018,SLC,UT,ANM,WE,Towers with Radar,602,168,69,5,844,0,10,71,5,86,602,178,140,10,930,8,0,8,938
01/16/2018,SLC,UT,ANM,WE,Towers with Radar,578,180,68,0,826,1,11,65,15,92,579,191,133,15,918,0,7,7,925
01/17/2018,SLC,UT,ANM,WE,Towers with Radar,588,167,70,5,830,0,11,87,19,117,588,178,157,24,947,6,0,6,953
01/18/2018,SLC,UT,ANM,WE,Towers with Radar,619,202,97,5,923,0,16,66,29,111,619,218,163,34,1034,0,0,0,1034
01/19/2018,SLC,UT,ANM,WE,Towers with Radar,627,194,63,1,885,0,10,9,0,19,627,204,72,1,904,0,0,0,904
01/20/2018,SLC,UT,ANM,WE,Towers with Radar,485,114,52,0,651,0,6,1,2,9,485,120,53,2,660,0,0,0,660
01/21/2018,SLC,UT,ANM,WE,Towers with Radar,553,176,68,2,799,0,7,30,7,44,553,183,98,9,843,0,0,0,843
01/22/2018,SLC,UT,ANM,WE,Towers with Radar,596,181,79,1,857,0,6,37,14,57,596,187,116,15,914,0,0,0,914
01/23/2018,SLC,UT,ANM,WE,Towers with Radar,583,191,73,0,847,0,8,67,31,106,583,199,140,31,953,24,0,24,977
01/24/2018,SLC,UT,ANM,WE,Towers with Radar,588,181,61,4,834,0,22,78,35,135,588,203,139,39,969,22,0,22,991
01/25/2018,SLC,UT,ANM,WE,Towers with Radar,614,187,91,6,898,0,18,15,1,34,614,205,106,7,932,0,0,0,932
01/26/2018,SLC,UT,ANM,WE,Towers with Radar,611,198,61,11,881,0,19,46,24,89,611,217,107,35,970,0,0,0,970
01/27/2018,SLC,UT,ANM,WE,Towers with Radar,481,122,42,4,649,0,10,62,12,84,481,132,104,16,733,0,0,0,733
01/28/2018,SLC,UT,ANM,WE,Towers with Radar,568,161,61,4,794,0,5,45,15,65,568,166,106,19,859,0,0,0,859
01/29/2018,SLC,UT,ANM,WE,Towers with Radar,600,175,75,12,862,0,18,77,36,131,600,193,152,48,993,0,0,0,993
01/30/2018,SLC,UT,ANM,WE,Towers with Radar,582,172,52,5,811,0,9,65,19,93,582,181,117,24,904,16,0,16,920
01/31/2018,SLC,UT,ANM,WE,Towers with Radar,592,169,65,6,832,0,16,69,25,110,592,185,134,31,942,0,0,0,942
02/01/2018,SLC,UT,ANM,WE,Towers with Radar,618,179,70,6,873,0,16,87,14,117,618,195,157,20,990,0,0,0,990
02/02/2018,SLC,UT,ANM,WE,Towers with Radar,622,178,59,2,861,0,23,76,24,123,622,201,135,26,984,8,0,8,992
02/03/2018,SLC,UT,ANM,WE,Towers with Radar,457,114,50,4,625,0,22,67,70,159,457,136,117,74,784,2,0,2,786
02/04/2018,SLC,UT,ANM,WE,Towers with Radar,476,122,43,0,641,0,5,24,11,40,476,127,67,11,681,44,0,44,725
02/05/2018,SLC,UT,ANM,WE,Towers with Radar,597,177,74,7,855,0,19,50,24,93,597,196,124,31,948,0,0,0,948
02/06/2018,SLC,UT,ANM,WE,Towers with Radar,582,186,48,10,826,0,14,72,19,105,582,200,120,29,931,0,0,0,931
02/07/2018,SLC,UT,ANM,WE,Towers with Radar,594,186,54,6,840,0,22,85,15,122,594,208,139,21,962,102,0,102,1064
02/08/2018,SLC,UT,ANM,WE,Towers with Radar,625,175,93,12,905,0,20,83,20,123,625,195,176,32,1028,0,0,0,1028
02/09/2018,SLC,UT,ANM,WE,Towers with Radar,613,198,89,8,908,0,11,74,32,117,613,209,163,40,1025,0,0,0,1025
02/10/2018,SLC,UT,ANM,WE,Towers with Radar,486,117,49,6,658,0,10,28,13,51,486,127,77,19,709,0,0,0,709
02/11/2018,SLC,UT,ANM,WE,Towers with Radar,551,153,69,9,782,0,5,38,11,54,551,158,107,20,836,0,0,0,836
02/12/2018,SLC,UT,ANM,WE,Towers with Radar,607,174,59,9,849,0,17,32,16,65,607,191,91,25,914,0,0,0,914
02/13/2018,SLC,UT,ANM,WE,Towers with Radar,587,179,69,8,843,0,8,69,10,87,587,187,138,18,930,12,0,12,942
02/14/2018,SLC,UT,ANM,WE,Towers with Radar,560,179,63,3,805,0,11,33,30,74,560,190,96,33,879,0,0,0,879
02/15/2018,SLC,UT,ANM,WE,Towers with Radar,624,204,97,5,930,0,22,17,3,42,624,226,114,8,972,0,0,0,972
02/16/2018,SLC,UT,ANM,WE,Towers with Radar,646,210,126,10,992,0,16,88,21,125,646,226,214,31,1117,0,0,0,1117
02/17/2018,SLC,UT,ANM,WE,Towers with Radar,489,122,37,0,648,0,10,59,8,77,489,132,96,8,725,0,0,0,725
02/18/2018,SLC,UT,ANM,WE,Towers with Radar,519,162,35,0,716,0,3,5,0,8,519,165,40,0,724,0,0,0,724
02/19/2018,SLC,UT,ANM,WE,Towers with Radar,606,230,121,0,957,0,7,7,0,14,606,237,128,0,971,0,0,0,971
02/20/2018,SLC,UT,ANM,WE,Towers with Radar,613,212,84,6,915,0,14,20,2,36,613,226,104,8,951,0,0,0,951
02/21/2018,SLC,UT,ANM,WE,Towers with Radar,614,194,86,7,901,0,24,89,28,141,614,218,175,35,1042,8,0,8,1050
02/22/2018,SLC,UT,ANM,WE,Towers with Radar,619,198,61,5,883,0,25,41,20,86,619,223,102,25,969,6,0,6,975
02/23/2018,SLC,UT,ANM,WE,Towers with Radar,618,190,72,2,882,0,2,0,1,3,618,192,72,3,885,0,0,0,885
02/24/2018,SLC,UT,ANM,WE,Towers with Radar,526,146,47,3,722,0,10,24,5,39,526,156,71,8,761,0,0,0,761
02/25/2018,SLC,UT,ANM,WE,Towers with Radar,582,181,96,5,864,0,11,59,16,86,582,192,155,21,950,0,0,0,950
02/26/2018,SLC,UT,ANM,WE,Towers with Radar,621,189,81,5,896,0,10,36,10,56,621,199,117,15,952,0,0,0,952
02/27/2018,SLC,UT,ANM,WE,Towers with Radar,605,196,85,8,894,0,11,35,13,59,605,207,120,21,953,32,0,32,985
02/28/2018,SLC,UT,ANM,WE,Towers with Radar,611,169,100,9,889,0,19,105,26,150,611,188,205,35,1039,26,0,26,1065
03/01/2018,SLC,UT,ANM,WE,Towers with Radar,610,187,95,2,894,0,11,25,6,42,610,198,120,8,936,0,0,0,936
03/02/2018,SLC,UT,ANM,WE,Towers with Radar,666,203,78,1,948,0,15,4,0,19,666,218,82,1,967,0,0,0,967
03/03/2018,SLC,UT,ANM,WE,Towers with Radar,554,117,33,5,709,0,8,15,2,25,554,125,48,7,734,0,0,0,734
03/04/2018,SLC,UT,ANM,WE,Towers with Radar,596,158,62,0,816,0,3,7,0,10,596,161,69,0,826,0,0,0,826
03/05/2018,SLC,UT,ANM,WE,Towers with Radar,645,166,49,7,867,0,12,65,24,101,645,178,114,31,968,0,0,0,968
03/06/2018,SLC,UT,ANM,WE,Towers with Radar,656,163,71,9,899,0,14,93,39,146,656,177,164,48,1045,125,0,125,1170
03/07/2018,SLC,UT,ANM,WE,Towers with Radar,645,175,64,7,891,0,19,82,30,131,645,194,146,37,1022,26,0,26,1048
03/08/2018,SLC,UT,ANM,WE,Towers with Radar,639,181,86,8,914,0,19,77,28,124,639,200,163,36,1038,6,0,6,1044
03/09/2018,SLC,UT,ANM,WE,Towers with Radar,666,208,71,6,951,0,19,84,36,139,666,227,155,42,1090,0,0,0,1090
03/10/2018,SLC,UT,ANM,WE,Towers with Radar,558,132,45,2,737,0,3,72,11,86,558,135,117,13,823,0,0,0,823
03/11/2018,SLC,UT,ANM,WE,Towers with Radar,611,151,65,2,829,0,1,37,10,48,611,152,102,12,877,0,0,0,877
03/12/2018,SLC,UT,ANM,WE,Towers with Radar,646,180,51,4,881,0,20,77,22,119,646,200,128,26,1000,0,0,0,1000
03/13/2018,SLC,UT,ANM,WE,Towers with Radar,637,176,58,8,879,0,15,68,23,106,637,191,126,31,985,6,0,6,991
03/14/2018,SLC,UT,ANM,WE,Towers with Radar,637,193,82,3,915,0,11,13,0,24,637,204,95,3,939,0,0,0,939
03/15/2018,SLC,UT,ANM,WE,Towers with Radar,647,200,89,2,938,0,12,3,0,15,647,212,92,2,953,0,0,0,953
03/16/2018,SLC,UT,ANM,WE,Towers with Radar,651,186,82,2,921,0,7,46,10,63,651,193,128,12,984,0,0,0,984
03/17/2018,SLC,UT,ANM,WE,Towers with Radar,569,145,33,2,749,0,1,2,7,10,569,146,35,9,759,0,0,0,759
03/18/2018,SLC,UT,ANM,WE,Towers with Radar,615,155,69,0,839,0,7,16,0,23,615,162,85,0,862,0,0,0,862
03/19/2018,SLC,UT,ANM,WE,Towers with Radar,641,172,45,5,863,0,15,71,17,103,641,187,116,22,966,0,0,0,966
03/20/2018,SLC,UT,ANM,WE,Towers with Radar,629,168,62,9,868,0,10,91,27,128,629,178,153,36,996,128,0,128,1124
03/21/2018,SLC,UT,ANM,WE,Towers with Radar,633,172,73,9,887,0,7,37,6,50,633,179,110,15,937,0,0,0,937
03/22/2018,SLC,UT,ANM,WE,Towers with Radar,650,204,73,5,932,0,8,10,2,20,650,212,83,7,952,0,0,0,952
03/23/2018,SLC,UT,ANM,WE,Towers with Radar,675,197,92,4,968,0,16,23,7,46,675,213,115,11,1014,0,0,0,1014
03/24/2018,SLC,UT,ANM,WE,Towers with Radar,568,131,49,0,748,0,2,30,4,36,568,133,79,4,784,0,0,0,784
03/25/2018,SLC,UT,ANM,WE,Towers with Radar,625,153,65,1,844,0,4,4,2,10,625,157,69,3,854,0,0,0,854
03/26/2018,SLC,UT,ANM,WE,Towers with Radar,647,170,59,4,880,0,16,37,1,54,647,186,96,5,934,26,0,26,960
03/27/2018,SLC,UT,ANM,WE,Towers with Radar,639,172,57,8,876,0,23,103,23,149,639,195,160,31,1025,0,0,0,1025
03/28/2018,SLC,UT,ANM,WE,Towers with Radar,638,179,77,6,900,0,18,81,19,118,638,197,158,25,1018,110,0,110,1128
03/29/2018,SLC,UT,ANM,WE,Towers with Radar,662,171,75,9,917,0,18,91,46,155,662,189,166,55,1072,86,0,86,1158
03/30/2018,SLC,UT,ANM,WE,Towers with Radar,659,177,65,3,904,0,14,107,26,147,659,191,172,29,1051,0,0,0,1051
03/31/2018,SLC,UT,ANM,WE,Towers with Radar,566,130,43,0,739,0,13,61,12,86,566,143,104,12,825,0,0,0,825
04/01/2018,SLC,UT,ANM,WE,Towers with Radar,615,107,45,0,767,0,3,42,9,54,615,110,87,9,821,0,0,0,821
04/02/2018,SLC,UT,ANM,WE,Towers with Radar,651,153,66,5,875,0,19,21,0,40,651,172,87,5,915,0,0,0,915
04/03/2018,SLC,UT,ANM,WE,Towers with Radar,621,166,49,6,842,0,25,92,24,141,621,191,141,30,983,30,0,30,1013
04/04/2018,SLC,UT,ANM,WE,Towers with Radar,625,164,47,9,845,0,11,89,30,130,625,175,136,39,975,54,0,54,1029
04/05/2018,SLC,UT,ANM,WE,Towers with Radar,624,177,57,4,862,0,28,68,15,111,624,205,125,19,973,96,0,96,1069
04/06/2018,SLC,UT,ANM,WE,Towers with Radar,617,171,50,0,838,0,8,12,1,21,617,179,62,1,859,12,0,12,871
04/07/2018,SLC,UT,ANM,WE,Towers with Radar,529,115,31,0,675,0,13,6,2,21,529,128,37,2,696,0,0,0,696
04/08/2018,SLC,UT,ANM,WE,Towers with Radar,593,124,49,0,766,0,5,23,4,32,593,129,72,4,798,24,0,24,822
04/09/2018,SLC,UT,ANM,WE,Towers with Radar,618,159,55,10,842,0,26,92,29,147,618,185,147,39,989,0,0,0,989
04/10/2018,SLC,UT,ANM,WE,Towers with Radar,622,170,62,11,865,0,15,89,34,138,622,185,151,45,1003,0,0,0,1003
04/11/2018,SLC,UT,ANM,WE,Towers with Radar,635,163,47,6,851,0,28,81,32,141,635,191,128,38,992,20,0,20,1012
04/12/2018,SLC,UT,ANM,WE,Towers with Radar,646,156,49,5,856,0,11,6,0,17,646,167,55,5,873,0,0,0,873
04/13/2018,SLC,UT,ANM,WE,Towers with Radar,624,150,53,4,831,0,16,39,4,59,624,166,92,8,890,0,0,0,890
04/14/2018,SLC,UT,ANM,WE,Towers with Radar,497,117,47,3,664,0,2,102,8,112,497,119,149,11,776,0,0,0,776
04/15/2018,SLC,UT,ANM,WE,Towers with Radar,566,118,29,5,718,0,10,49,11,70,566,128,78,16,788,0,0,0,788
04/16/2018,SLC,UT,ANM,WE,Towers with Radar,611,163,44,7,825,0,11,14,0,25,611,174,58,7,850,0,0,0,850
04/17/2018,SLC,UT,ANM,WE,Towers with Radar,642,169,33,6,850,0,13,20,8,41,642,182,53,14,891,80,0,80,971
04/18/2018,SLC,UT,ANM,WE,Towers with Radar,622,169,64,2,857,0,16,142,21,179,622,185,206,23,1036,12,0,12,1048
04/19/2018,SLC,UT,ANM,WE,Towers with Radar,631,165,44,4,844,0,23,68,27,118,631,188,112,31,962,0,0,0,962
04/20/2018,SLC,UT,ANM,WE,Towers with Radar,629,153,39,1,822,0,9,56,5,70,629,162,95,6,892,28,0,28,920
04/21/2018,SLC,UT,ANM,WE,Towers with Radar,497,117,35,2,651,0,16,104,9,129,497,133,139,11,780,31,0,31,811
04/22/2018,SLC,UT,ANM,WE,Towers with Radar,586,131,27,1,745,0,8,75,20,103,586,139,102,21,848,0,0,0,848
04/23/2018,SLC,UT,ANM,WE,Towers with Radar,616,148,45,5,814,0,19,82,11,112,616,167,127,16,926,0,0,0,926
04/24/2018,SLC,UT,ANM,WE,Towers with Radar,620,155,49,9,833,0,26,77,27,130,620,181,126,36,963,18,0,18,981
04/25/2018,SLC,UT,ANM,WE,Towers with Radar,609,165,63,8,845,0,23,92,18,133,609,188,155,26,978,72,0,72,1050
04/26/2018,SLC,UT,ANM,WE,Towers with Radar,634,159,66,7,866,0,22,75,25,122,634,181,141,32,988,0,0,0,988
04/27/2018,SLC,UT,ANM,WE,Towers with Radar,619,150,50,5,824,0,20,95,27,142,619,170,145,32,966,0,0,0,966
04/28/2018,SLC,UT,ANM,WE,Towers with Radar,499,102,34,2,637,0,5,56,4,65,499,107,90,6,702,0,0,0,702
04/29/2018,SLC,UT,ANM,WE,Towers with Radar,596,109,43,4,752,0,4,46,13,63,596,113,89,17,815,0,0,0,815
04/30/2018,SLC,UT,ANM,WE,Towers with Radar,617,159,38,5,819,0,9,23,7,39,617,168,61,12,858,64,0,64,922
05/01/2018,SLC,UT,ANM,WE,Towers with Radar,617,150,46,5,818,0,22,69,11,102,617,172,115,16,920,0,0,0,920
05/02/2018,SLC,UT,ANM,WE,Towers with Radar,615,156,57,4,832,0,23,33,13,69,615,179,90,17,901,28,0,28,929
05/03/2018,SLC,UT,ANM,WE,Towers with Radar,631,166,50,7,854,0,30,130,22,182,631,196,180,29,1036,0,0,0,1036
05/04/2018,SLC,UT,ANM,WE,Towers with Radar,628,168,59,12,867,0,26,119,9,154,628,194,178,21,1021,25,0,25,1046
05/05/2018,SLC,UT,ANM,WE,Towers with Radar,499,94,25,8,626,0,4,68,13,85,499,98,93,21,711,0,0,0,711
05/06/2018,SLC,UT,ANM,WE,Towers with Radar,588,115,57,5,765,0,11,47,8,66,588,126,104,13,831,0,0,0,831
05/07/2018,SLC,UT,ANM,WE,Towers with Radar,624,137,54,10,825,0,21,76,17,114,624,158,130,27,939,0,0,0,939
05/08/2018,SLC,UT,ANM,WE,Towers with Radar,627,151,52,5,835,0,29,92,20,141,627,180,144,25,976,90,0,90,1066
05/09/2018,SLC,UT,ANM,WE,Towers with Radar,623,150,59,12,844,0,27,84,11,122,623,177,143,23,966,0,0,0,966
05/10/2018,SLC,UT,ANM,WE,Towers with Radar,635,164,53,0,852,0,23,55,10,88,635,187,108,10,940,0,0,0,940
05/11/2018,SLC,UT,ANM,WE,Towers with Radar,640,170,51,0,861,0,11,11,1,23,640,181,62,1,884,0,0,0,884
05/12/2018,SLC,UT,ANM,WE,Towers with Radar,468,116,32,0,616,0,7,7,0,14,468,123,39,0,630,0,0,0,630
05/13/2018,SLC,UT,ANM,WE,Towers with Radar,525,121,21,0,667,0,4,24,4,32,525,125,45,4,699,0,0,0,699
05/14/2018,SLC,UT,ANM,WE,Towers with Radar,615,152,36,5,808,0,19,41,1,61,615,171,77,6,869,0,0,0,869
05/15/2018,SLC,UT,ANM,WE,Towers with Radar,623,150,50,13,836,0,30,73,31,134,623,180,123,44,970,0,0,0,970
05/16/2018,SLC,UT,ANM,WE,Towers with Radar,632,155,62,10,859,0,23,82,15,120,632,178,144,25,979,70,0,70,1049
05/17/2018,SLC,UT,ANM,WE,Towers with Radar,641,158,50,8,857,0,23,69,20,112,641,181,119,28,969,146,0,146,1115
05/18/2018,SLC,UT,ANM,WE,Towers with Radar,623,147,51,0,821,0,18,34,8,60,623,165,85,8,881,12,0,12,893
05/19/2018,SLC,UT,ANM,WE,Towers with Radar,500,103,36,0,639,0,11,61,8,80,500,114,97,8,719,14,0,14,733
05/20/2018,SLC,UT,ANM,WE,Towers with Radar,598,120,37,2,757,0,13,19,4,36,598,133,56,6,793,0,0,0,793
05/21/2018,SLC,UT,ANM,WE,Towers with Radar,632,142,49,6,829,0,31,59,16,106,632,173,108,22,935,0,0,0,935
05/22/2018,SLC,UT,ANM,WE,Towers with Radar,641,154,54,8,857,0,19,48,6,73,641,173,102,14,930,0,0,0,930
05/23/2018,SLC,UT,ANM,WE,Towers with Radar,634,152,70,4,860,0,16,55,23,94,634,168,125,27,954,0,0,0,954
05/24/2018,SLC,UT,ANM,WE,Towers with Radar,647,153,52,4,856,0,19,114,22,155,647,172,166,26,1011,20,0,20,1031
05/25/2018,SLC,UT,ANM,WE,Towers with Radar,636,150,49,0,835,0,27,92,16,135,636,177,141,16,970,26,0,26,996
05/26/2018,SLC,UT,ANM,WE,Towers with Radar,477,109,15,3,604,0,17,43,1,61,477,126,58,4,665,10,0,10,675
05/27/2018,SLC,UT,ANM,WE,Towers with Radar,468,90,19,0,577,0,0,11,1,12,468,90,30,1,589,0,0,0,589
05/28/2018,SLC,UT,ANM,WE,Towers with Radar,580,128,40,3,751,0,10,28,4,42,580,138,68,7,793,44,0,44,837
05/29/2018,SLC,UT,ANM,WE,Towers with Radar,609,154,49,3,815,0,21,65,19,105,609,175,114,22,920,78,0,78,998
05/30/2018,SLC,UT,ANM,WE,Towers with Radar,669,152,46,8,875,0,34,76,16,126,669,186,122,24,1001,0,0,0,1001
05/31/2018,SLC,UT,ANM,WE,Towers with Radar,647,147,49,5,848,0,21,44,12,77,647,168,93,17,925,4,0,4,929
06/01/2018,SLC,UT,ANM,WE,Towers with Radar,626,144,41,3,814,0,20,65,7,92,626,164,106,10,906,14,0,14,920
06/02/2018,SLC,UT,ANM,WE,Towers with Radar,515,92,25,0,632,0,3,88,3,94,515,95,113,3,726,0,0,0,726
06/03/2018,SLC,UT,ANM,WE,Towers with Radar,609,103,32,4,748,0,7,48,8,63,609,110,80,12,811,0,0,0,811
06/04/2018,SLC,UT,ANM,WE,Towers with Radar,625,142,29,7,803,0,21,76,31,128,625,163,105,38,931,36,0,36,967
06/05/2018,SLC,UT,ANM,WE,Towers with Radar,641,142,42,8,833,0,23,83,23,129,641,165,125,31,962,42,0,42,1004
06/06/2018,SLC,UT,ANM,WE,Towers with Radar,633,146,46,11,836,0,30,79,8,117,633,176,125,19,953,0,0,0,953
06/07/2018,SLC,UT,ANM,WE,Towers with Radar,650,158,50,5,863,0,25,61,14,100,650,183,111,19,963,48,0,48,1011
06/08/2018,SLC,UT,ANM,WE,Towers with Radar,684,137,42,12,875,0,32,92,22,146,684,169,134,34,1021,56,0,56,1077
06/09/2018,SLC,UT,ANM,WE,Towers with Radar,560,112,34,5,711,0,13,28,0,41,560,125,62,5,752,0,0,0,752
06/10/2018,SLC,UT,ANM,WE,Towers with Radar,626,126,34,6,792,0,7,39,10,56,626,133,73,16,848,0,0,0,848
06/11/2018,SLC,UT,ANM,WE,Towers with Radar,669,127,45,7,848,0,21,74,23,118,669,148,119,30,966,16,0,16,982
06/12/2018,SLC,UT,ANM,WE,Towers with Radar,673,112,64,12,861,0,37,113,19,169,673,149,177,31,1030,0,0,0,1030
06/13/2018,SLC,UT,ANM,WE,Towers with Radar,662,120,60,8,850,0,30,116,17,163,662,150,176,25,1013,30,0,30,1043
06/14/2018,SLC,UT,ANM,WE,Towers with Radar,674,148,60,3,885,0,25,73,10,108,674,173,133,13,993,36,0,36,1029
06/15/2018,SLC,UT,ANM,WE,Towers with Radar,699,162,68,3,932,0,24,71,8,103,699,186,139,11,1035,30,0,30,1065
06/16/2018,SLC,UT,ANM,WE,Towers with Radar,572,111,26,6,715,0,9,59,3,71,572,120,85,9,786,0,0,0,786
06/17/2018,SLC,UT,ANM,WE,Towers with Radar,644,102,37,0,783,0,13,16,0,29,644,115,53,0,812,0,0,0,812
06/18/2018,SLC,UT,ANM,WE,Towers with Radar,674,144,53,6,877,0,20,66,7,93,674,164,119,13,970,80,0,80,1050
06/19/2018,SLC,UT,ANM,WE,Towers with Radar,669,153,64,14,900,0,26,78,15,119,669,179,142,29,1019,4,0,4,1023
06/20/2018,SLC,UT,ANM,WE,Towers with Radar,678,140,60,10,888,0,32,90,14,136,678,172,150,24,1024,40,0,40,1064
06/21/2018,SLC,UT,ANM,WE,Towers with Radar,685,159,62,4,910,0,27,70,13,110,685,186,132,17,1020,10,0,10,1030
06/22/2018,SLC,UT,ANM,WE,Towers with Radar,681,135,69,3,888,0,32,85,6,123,681,167,154,9,1011,12,0,12,1023
06/23/2018,SLC,UT,ANM,WE,Towers with Radar,575,103,37,5,720,0,4,51,0,55,575,107,88,5,775,0,0,0,775
06/24/2018,SLC,UT,ANM,WE,Towers with Radar,633,107,40,1,781,0,8,28,0,36,633,115,68,1,817,0,0,0,817
06/25/2018,SLC,UT,ANM,WE,Towers with Radar,673,143,56,7,879,0,23,64,8,95,673,166,120,15,974,10,0,10,984
06/26/2018,SLC,UT,ANM,WE,Towers with Radar,679,150,65,12,906,0,30,77,11,118,679,180,142,23,1024,0,0,0,1024
06/27/2018,SLC,UT,ANM,WE,Towers with Radar,673,144,66,12,895,0,26,81,9,116,673,170,147,21,1011,0,0,0,1011
06/28/2018,SLC,UT,ANM,WE,Towers with Radar,678,166,60,5,909,0,24,44,10,78,678,190,104,15,987,20,0,20,1007
06/29/2018,SLC,UT,ANM,WE,Towers with Radar,701,155,75,2,933,0,32,58,17,107,701,187,133,19,1040,0,0,0,1040
06/30/2018,SLC,UT,ANM,WE,Towers with Radar,584,111,36,1,732,0,12,74,6,92,584,123,110,7,824,48,0,48,872
07/01/2018,SLC,UT,ANM,WE,Towers with Radar,573,103,67,0,743,0,5,59,3,67,573,108,126,3,810,0,0,0,810
07/02/2018,SLC,UT,ANM,WE,Towers with Radar,578,117,59,5,759,0,29,81,15,125,578,146,140,20,884,0,0,0,884
07/03/2018,SLC,UT,ANM,WE,Towers with Radar,580,153,49,5,787,0,25,56,5,86,580,178,105,10,873,74,0,74,947
07/04/2018,SLC,UT,ANM,WE,Towers with Radar,518,90,18,2,628,0,13,37,8,58,518,103,55,10,686,18,0,18,704
07/05/2018,SLC,UT,ANM,WE,Towers with Radar,578,138,58,3,777,0,22,69,19,110,578,160,127,22,887,114,0,114,1001
07/06/2018,SLC,UT,ANM,WE,Towers with Radar,606,134,55,4,799,0,22,43,16,81,606,156,98,20,880,46,0,46,926
07/07/2018,SLC,UT,ANM,WE,Towers with Radar,589,101,40,6,736,0,4,49,12,65,589,105,89,18,801,0,0,0,801
07/08/2018,SLC,UT,ANM,WE,Towers with Radar,663,126,64,2,855,0,2,33,8,43,663,128,97,10,898,18,0,18,916
07/09/2018,SLC,UT,ANM,WE,Towers with Radar,676,147,59,8,890,0,19,54,12,85,676,166,113,20,975,0,0,0,975
07/10/2018,SLC,UT,ANM,WE,Towers with Radar,693,146,67,7,913,0,17,52,17,86,693,163,119,24,999,0,0,0,999
07/11/2018,SLC,UT,ANM,WE,Towers with Radar,694,163,72,7,936,0,24,66,25,115,694,187,138,32,1051,30,0,30,1081
07/12/2018,SLC,UT,ANM,WE,Towers with Radar,695,151,58,8,912,0,14,82,19,115,695,165,140,27,1027,0,0,0,1027
07/13/2018,SLC,UT,ANM,WE,Towers with Radar,687,162,65,2,916,0,28,77,27,132,687,190,142,29,1048,0,0,0,1048
07/14/2018,SLC,UT,ANM,WE,Towers with Radar,597,104,35,0,736,0,6,70,11,87,597,110,105,11,823,28,0,28,851
07/15/2018,SLC,UT,ANM,WE,Towers with Radar,643,141,63,1,848,0,10,51,5,66,643,151,114,6,914,46,0,46,960
07/16/2018,SLC,UT,ANM,WE,Towers with Radar,686,139,55,3,883,0,19,64,14,97,686,158,119,17,980,0,0,0,980
07/17/2018,SLC,UT,ANM,WE,Towers with Radar,699,149,61,9,918,0,21,80,15,116,699,170,141,24,1034,14,0,14,1048
07/18/2018,SLC,UT,ANM,WE,Towers with Radar,704,161,65,6,936,0,21,86,26,133,704,182,151,32,1069,0,0,0,1069
07/19/2018,SLC,UT,ANM,WE,Towers with Radar,688,162,55,4,909,0,24,103,9,136,688,186,158,13,1045,38,0,38,1083
07/20/2018,SLC,UT,ANM,WE,Towers with Radar,688,168,62,3,921,0,21,70,18,109,688,189,132,21,1030,62,0,62,1092
07/21/2018,SLC,UT,ANM,WE,Towers with Radar,604,101,37,0,742,0,9,74,22,105,604,110,111,22,847,0,0,0,847
07/22/2018,SLC,UT,ANM,WE,Towers with Radar,643,124,44,2,813,0,6,24,7,37,643,130,68,9,850,0,0,0,850
07/23/2018,SLC,UT,ANM,WE,Towers with Radar,689,152,33,3,877,0,20,82,19,121,689,172,115,22,998,0,0,0,998
07/24/2018,SLC,UT,ANM,WE,Towers with Radar,686,141,49,4,880,0,16,82,14,112,686,157,131,18,992,0,0,0,992
07/25/2018,SLC,UT,ANM,WE,Towers with Radar,698,140,79,7,924,0,22,86,10,118,698,162,165,17,1042,26,0,26,1068
07/26/2018,SLC,UT,ANM,WE,Towers with Radar,702,161,57,8,928,0,21,111,15,147,702,182,168,23,1075,30,0,30,1105
07/27/2018,SLC,UT,ANM,WE,Towers with Radar,682,165,61,3,911,0,40,79,11,130,682,205,140,14,1041,0,0,0,1041
07/28/2018,SLC,UT,ANM,WE,Towers with Radar,596,98,42,0,736,0,5,73,20,98,596,103,115,20,834,0,0,0,834
07/29/2018,SLC,UT,ANM,WE,Towers with Radar,643,127,43,6,819,0,12,49,8,69,643,139,92,14,888,0,0,0,888
07/30/2018,SLC,UT,ANM,WE,Towers with Radar,689,149,62,7,907,1,20,62,16,99,690,169,124,23,1006,0,0,0,1006
07/31/2018,SLC,UT,ANM,WE,Towers with Radar,687,152,49,5,893,0,24,77,13,114,687,176,126,18,1007,40,0,40,1047
08/01/2018,SLC,UT,ANM,WE,Towers with Radar,693,151,61,12,917,0,24,90,14,128,693,175,151,26,1045,0,0,0,1045
08/02/2018,SLC,UT,ANM,WE,Towers with Radar,688,170,69,5,932,0,19,28,7,54,688,189,97,12,986,0,0,0,986
08/03/2018,SLC,UT,ANM,WE,Towers with Radar,702,172,44,4,922,0,26,74,26,126,702,198,118,30,1048,0,0,0,1048
08/04/2018,SLC,UT,ANM,WE,Towers with Radar,618,105,39,0,762,0,6,48,12,66,618,111,87,12,828,0,0,0,828
08/05/2018,SLC,UT,ANM,WE,Towers with Radar,655,120,58,3,836,0,7,41,9,57,655,127,99,12,893,0,0,0,893
08/06/2018,SLC,UT,ANM,WE,Towers with Radar,674,152,55,4,885,0,20,85,16,121,674,172,140,20,1006,26,0,26,1032
08/07/2018,SLC,UT,ANM,WE,Towers with Radar,697,141,52,6,896,0,22,79,16,117,697,163,131,22,1013,12,0,12,1025
08/08/2018,SLC,UT,ANM,WE,Towers with Radar,685,153,65,12,915,0,30,95,14,139,685,183,160,26,1054,80,0,80,1134
08/09/2018,SLC,UT,ANM,WE,Towers with Radar,694,168,85,2,949,0,18,100,18,136,694,186,185,20,1085,8,0,8,1093
08/10/2018,SLC,UT,ANM,WE,Towers with Radar,693,165,58,7,923,0,19,90,7,116,693,184,148,14,1039,0,0,0,1039
08/11/2018,SLC,UT,ANM,WE,Towers with Radar,598,99,51,1,749,0,2,66,6,74,598,101,117,7,823,0,0,0,823
08/12/2018,SLC,UT,ANM,WE,Towers with Radar,663,120,60,6,849,0,7,37,7,51,663,127,97,13,900,0,0,0,900
08/13/2018,SLC,UT,ANM,WE,Towers with Radar,676,158,63,7,904,0,21,85,13,119,676,179,148,20,1023,0,0,0,1023
08/14/2018,SLC,UT,ANM,WE,Towers with Radar,687,163,71,4,925,0,23,76,16,115,687,186,147,20,1040,54,0,54,1094
08/15/2018,SLC,UT,ANM,WE,Towers with Radar,702,138,80,9,929,0,26,83,14,123,702,164,163,23,1052,62,0,62,1114
08/16/2018,SLC,UT,ANM,WE,Towers with Radar,697,155,68,6,926,0,25,83,11,119,697,180,151,17,1045,70,0,70,1115
08/17/2018,SLC,UT,ANM,WE,Towers with Radar,691,152,56,1,900,0,22,66,10,98,691,174,122,11,998,0,0,0,998
08/18/2018,SLC,UT,ANM,WE,Towers with Radar,567,101,56,1,725,0,12,59,8,79,567,113,115,9,804,0,0,0,804
08/19/2018,SLC,UT,ANM,WE,Towers with Radar,655,119,61,2,837,0,3,43,7,53,655,122,104,9,890,12,0,12,902
08/20/2018,SLC,UT,ANM,WE,Towers with Radar,686,148,37,7,878,0,22,41,14,77,686,170,78,21,955,12,0,12,967
08/21/2018,SLC,UT,ANM,WE,Towers with Radar,670,158,62,2,892,0,18,56,4,78,670,176,118,6,970,8,0,8,978
08/22/2018,SLC,UT,ANM,WE,Towers with Radar,698,155,53,6,912,0,16,47,14,77,698,171,100,20,989,0,0,0,989
08/23/2018,SLC,UT,ANM,WE,Towers with Radar,684,164,45,8,901,0,13,68,28,109,684,177,113,36,1010,0,0,0,1010
08/24/2018,SLC,UT,ANM,WE,Towers with Radar,688,160,51,6,905,0,19,53,16,88,688,179,104,22,993,0,0,0,993
08/25/2018,SLC,UT,ANM,WE,Towers with Radar,533,104,38,2,677,0,9,50,11,70,533,113,88,13,747,28,0,28,775
08/26/2018,SLC,UT,ANM,WE,Towers with Radar,642,120,44,1,807,0,5,41,11,57,642,125,85,12,864,0,0,0,864
08/27/2018,SLC,UT,ANM,WE,Towers with Radar,659,146,47,9,861,0,17,80,22,119,659,163,127,31,980,38,0,38,1018
08/28/2018,SLC,UT,ANM,WE,Towers with Radar,639,148,46,11,844,0,21,98,26,145,639,169,144,37,989,58,0,58,1047
08/29/2018,SLC,UT,ANM,WE,Towers with Radar,657,159,59,9,884,0,16,103,22,141,657,175,162,31,1025,154,0,154,1179
08/30/2018,SLC,UT,ANM,WE,Towers with Radar,670,164,81,7,922,0,24,69,16,109,670,188,150,23,1031,62,0,62,1093
08/31/2018,SLC,UT,ANM,WE,Towers with Radar,680,161,75,5,921,0,17,101,19,137,680,178,176,24,1058,54,0,54,1112
09/01/2018,SLC,UT,ANM,WE,Towers with Radar,483,105,24,0,612,0,4,68,8,80,483,109,92,8,692,0,0,0,692
09/02/2018,SLC,UT,ANM,WE,Towers with Radar,470,91,27,3,591,0,7,36,16,59,470,98,63,19,650,0,0,0,650
09/03/2018,SLC,UT,ANM,WE,Towers with Radar,595,127,58,0,780,0,5,60,13,78,595,132,118,13,858,0,0,0,858
09/04/2018,SLC,UT,ANM,WE,Towers with Radar,630,144,62,6,842,0,18,87,27,132,630,162,149,33,974,68,0,68,1042
09/05/2018,SLC,UT,ANM,WE,Towers with Radar,609,143,72,2,826,0,26,104,29,159,609,169,176,31,985,58,0,58,1043
09/06/2018,SLC,UT,ANM,WE,Towers with Radar,596,159,44,2,801,0,26,86,15,127,596,185,130,17,928,24,0,24,952
09/07/2018,SLC,UT,ANM,WE,Towers with Radar,615,154,62,3,834,0,22,105,21,148,615,176,167,24,982,64,0,64,1046
09/08/2018,SLC,UT,ANM,WE,Towers with Radar,481,92,24,0,597,0,5,52,8,65,481,97,76,8,662,20,0,20,682
09/09/2018,SLC,UT,ANM,WE,Towers with Radar,603,130,46,0,779,0,8,46,14,68,603,138,92,14,847,0,0,0,847
09/10/2018,SLC,UT,ANM,WE,Towers with Radar,647,145,56,2,850,0,19,62,23,104,647,164,118,25,954,0,0,0,954
09/11/2018,SLC,UT,ANM,WE,Towers with Radar,643,146,49,5,843,0,35,92,18,145,643,181,141,23,988,32,0,32,1020
09/12/2018,SLC,UT,ANM,WE,Towers with Radar,663,160,61,4,888,0,18,89,22,129,663,178,150,26,1017,22,6,28,1045
09/13/2018,SLC,UT,ANM,WE,Towers with Radar,669,163,59,2,893,0,25,107,31,163,669,188,166,33,1056,0,0,0,1056
09/14/2018,SLC,UT,ANM,WE,Towers with Radar,673,145,55,10,883,0,25,77,15,117,673,170,132,25,1000,0,0,0,1000
09/15/2018,SLC,UT,ANM,WE,Towers with Radar,505,91,33,9,638,0,1,29,6,36,505,92,62,15,674,0,0,0,674
09/16/2018,SLC,UT,ANM,WE,Towers with Radar,607,122,50,5,784,0,4,30,4,38,607,126,80,9,822,0,0,0,822
09/17/2018,SLC,UT,ANM,WE,Towers with Radar,657,148,57,5,867,0,16,88,29,133,657,164,145,34,1000,0,0,0,1000
09/18/2018,SLC,UT,ANM,WE,Towers with Radar,639,153,71,2,865,0,20,76,12,108,639,173,147,14,973,0,0,0,973
09/19/2018,SLC,UT,ANM,WE,Towers with Radar,655,159,61,3,878,0,17,95,22,134,655,176,156,25,1012,0,0,0,1012
09/20/2018,SLC,UT,ANM,WE,Towers with Radar,651,160,70,7,888,0,12,92,24,128,651,172,162,31,1016,0,0,0,1016
09/21/2018,SLC,UT,ANM,WE,Towers with Radar,662,165,84,2,913,0,13,77,36,126,662,178,161,38,1039,0,0,0,1039
09/22/2018,SLC,UT,ANM,WE,Towers with Radar,510,95,51,0,656,0,10,51,10,71,510,105,102,10,727,0,0,0,727
09/23/2018,SLC,UT,ANM,WE,Towers with Radar,616,127,45,0,788,0,6,27,12,45,616,133,72,12,833,36,0,36,869
09/24/2018,SLC,UT,ANM,WE,Towers with Radar,657,156,66,2,881,0,15,78,21,114,657,171,144,23,995,30,0,30,1025
09/25/2018,SLC,UT,ANM,WE,Towers with Radar,627,156,38,10,831,0,24,97,25,146,627,180,135,35,977,42,0,42,1019
09/26/2018,SLC,UT,ANM,WE,Towers with Radar,657,165,51,5,878,0,19,108,21,148,657,184,159,26,1026,0,0,0,1026
09/27/2018,SLC,UT,ANM,WE,Towers with Radar,665,150,53,6,874,0,29,82,22,133,665,179,135,28,1007,0,0,0,1007
09/28/2018,SLC,UT,ANM,WE,Towers with Radar,667,150,63,5,885,0,19,93,17,129,667,169,156,22,1014,14,0,14,1028
09/29/2018,SLC,UT,ANM,WE,Towers with Radar,503,87,23,3,616,0,5,39,11,55,503,92,62,14,671,0,0,0,671
09/30/2018,SLC,UT,ANM,WE,Towers with Radar,617,117,42,3,779,0,3,12,6,21,617,120,54,9,800,0,0,0,800
10/01/2018,SLC,UT,ANM,WE,Towers with Radar,659,133,45,2,839,0,9,73,14,96,659,142,118,16,935,0,0,0,935
10/02/2018,SLC,UT,ANM,WE,Towers with Radar,649,151,39,6,845,0,12,30,0,42,649,163,69,6,887,0,0,0,887
10/03/2018,SLC,UT,ANM,WE,Towers with Radar,660,153,63,4,880,0,14,34,12,60,660,167,97,16,940,10,0,10,950
10/04/2018,SLC,UT,ANM,WE,Towers with Radar,664,150,52,4,870,0,7,14,3,24,664,157,66,7,894,0,0,0,894
10/05/2018,SLC,UT,ANM,WE,Towers with Radar,669,169,83,4,925,0,21,73,16,110,669,190,156,20,1035,0,0,0,1035
10/06/2018,SLC,UT,ANM,WE,Towers with Radar,502,101,39,0,642,0,13,21,11,45,502,114,60,11,687,0,0,0,687
10/07/2018,SLC,UT,ANM,WE,Towers with Radar,604,124,57,2,787,0,7,7,2,16,604,131,64,4,803,0,0,0,803
10/08/2018,SLC,UT,ANM,WE,Towers with Radar,647,157,78,0,882,0,8,51,19,78,647,165,129,19,960,62,0,62,1022
10/09/2018,SLC,UT,ANM,WE,Towers with Radar,641,149,47,15,852,0,8,43,17,68,641,157,90,32,920,0,0,0,920
10/10/2018,SLC,UT,ANM,WE,Towers with Radar,654,161,67,8,890,0,6,13,7,26,654,167,80,15,916,28,0,28,944
10/11/2018,SLC,UT,ANM,WE,Towers with Radar,664,165,59,6,894,0,12,60,22,94,664,177,119,28,988,20,0,20,1008
10/12/2018,SLC,UT,ANM,WE,Towers with Radar,675,146,66,0,887,0,16,98,26,140,675,162,164,26,1027,20,0,20,1047
10/13/2018,SLC,UT,ANM,WE,Towers with Radar,505,88,24,2,619,0,7,67,12,86,505,95,91,14,705,0,0,0,705
10/14/2018,SLC,UT,ANM,WE,Towers with Radar,620,116,42,0,778,0,15,34,8,57,620,131,76,8,835,0,0,0,835
10/15/2018,SLC,UT,ANM,WE,Towers with Radar,643,130,49,13,835,0,22,88,27,137,643,152,137,40,972,26,0,26,998
10/16/2018,SLC,UT,ANM,WE,Towers with Radar,671,151,43,5,870,0,20,94,30,144,671,171,137,35,1014,24,0,24,1038
10/17/2018,SLC,UT,ANM,WE,Towers with Radar,651,146,61,10,868,0,21,82,17,120,651,167,143,27,988,0,0,0,988
10/18/2018,SLC,UT,ANM,WE,Towers with Radar,667,153,57,2,879,0,12,79,15,106,667,165,136,17,985,0,0,0,985
10/19/2018,SLC,UT,ANM,WE,Towers with Radar,672,148,66,2,888,0,8,81,11,100,672,156,147,13,988,0,0,0,988
10/20/2018,SLC,UT,ANM,WE,Towers with Radar,508,90,26,1,625,0,3,54,7,64,508,93,80,8,689,0,0,0,689
10/21/2018,SLC,UT,ANM,WE,Towers with Radar,617,116,47,0,780,0,4,52,5,61,617,120,99,5,841,0,0,0,841
10/22/2018,SLC,UT,ANM,WE,Towers with Radar,649,144,61,4,858,0,12,38,14,64,649,156,99,18,922,0,0,0,922
10/23/2018,SLC,UT,ANM,WE,Towers with Radar,657,159,63,2,881,0,18,67,18,103,657,177,130,20,984,0,0,0,984
10/24/2018,SLC,UT,ANM,WE,Towers with Radar,652,147,67,2,868,0,13,107,15,135,652,160,174,17,1003,10,0,10,1013
10/25/2018,SLC,UT,ANM,WE,Towers with Radar,668,146,53,0,867,0,10,48,22,80,668,156,101,22,947,34,0,34,981
10/26/2018,SLC,UT,ANM,WE,Towers with Radar,665,137,57,1,860,0,12,84,10,106,665,149,141,11,966,0,0,0,966
10/27/2018,SLC,UT,ANM,WE,Towers with Radar,488,91,28,4,611,0,22,64,7,93,488,113,92,11,704,0,0,0,704
10/28/2018,SLC,UT,ANM,WE,Towers with Radar,537,89,39,9,674,0,0,53,7,60,537,89,92,16,734,2,0,2,736
10/29/2018,SLC,UT,ANM,WE,Towers with Radar,557,126,50,8,741,0,10,56,19,85,557,136,106,27,826,0,0,0,826
10/30/2018,SLC,UT,ANM,WE,Towers with Radar,536,136,41,7,720,0,15,82,21,118,536,151,123,28,838,0,0,0,838
10/31/2018,SLC,UT,ANM,WE,Towers with Radar,495,140,37,7,679,0,19,72,21,112,495,159,109,28,791,0,0,0,791
11/01/2018,SLC,UT,ANM,WE,Towers with Radar,567,150,52,6,775,0,4,32,2,38,567,154,84,8,813,6,0,6,819
11/02/2018,SLC,UT,ANM,WE,Towers with Radar,600,149,54,2,805,0,19,71,20,110,600,168,125,22,915,0,0,0,915
11/03/2018,SLC,UT,ANM,WE,Towers with Radar,491,83,21,4,599,0,1,74,13,88,491,84,95,17,687,0,0,0,687
11/04/2018,SLC,UT,ANM,WE,Towers with Radar,590,116,54,0,760,0,1,12,2,15,590,117,66,2,775,0,0,0,775
11/05/2018,SLC,UT,ANM,WE,Towers with Radar,615,144,48,7,814,0,5,83,14,102,615,149,131,21,916,0,0,0,916
11/06/2018,SLC,UT,ANM,WE,Towers with Radar,579,157,52,10,798,0,12,83,24,119,579,169,135,34,917,20,0,20,937
11/07/2018,SLC,UT,ANM,WE,Towers with Radar,610,164,71,3,848,0,8,119,18,145,610,172,190,21,993,8,0,8,1001
11/08/2018,SLC,UT,ANM,WE,Towers with Radar,633,137,58,5,833,0,7,88,29,124,633,144,146,34,957,24,0,24,981
11/09/2018,SLC,UT,ANM,WE,Towers with Radar,653,153,62,4,872,0,7,109,20,136,653,160,171,24,1008,0,0,0,1008
11/10/2018,SLC,UT,ANM,WE,Towers with Radar,498,88,13,3,602,0,7,74,17,98,498,95,87,20,700,0,0,0,700
11/11/2018,SLC,UT,ANM,WE,Towers with Radar,618,111,33,0,762,0,5,47,8,60,618,116,80,8,822,44,0,44,866
11/12/2018,SLC,UT,ANM,WE,Towers with Radar,646,147,48,1,842,0,13,96,14,123,646,160,144,15,965,0,0,0,965
11/13/2018,SLC,UT,ANM,WE,Towers with Radar,644,145,56,1,846,0,16,80,27,123,644,161,136,28,969,0,0,0,969
11/14/2018,SLC,UT,ANM,WE,Towers with Radar,635,150,57,8,850,0,15,96,30,141,635,165,153,38,991,12,0,12,1003
11/15/2018,SLC,UT,ANM,WE,Towers with Radar,640,150,57,6,853,0,15,98,12,125,640,165,155,18,978,78,0,78,1056
11/16/2018,SLC,UT,ANM,WE,Towers with Radar,661,155,75,2,893,0,16,99,17,132,661,171,174,19,1025,24,0,24,1049
11/17/2018,SLC,UT,ANM,WE,Towers with Radar,510,102,37,1,650,0,1,30,2,33,510,103,67,3,683,0,0,0,683
11/18/2018,SLC,UT,ANM,WE,Towers with Radar,545,98,38,3,684,0,7,49,10,66,545,105,87,13,750,0,0,0,750
11/19/2018,SLC,UT,ANM,WE,Towers with Radar,567,143,42,11,763,0,14,79,25,118,567,157,121,36,881,44,0,44,925
11/20/2018,SLC,UT,ANM,WE,Towers with Radar,613,149,64,7,833,0,22,85,17,124,613,171,149,24,957,28,0,28,985
11/21/2018,SLC,UT,ANM,WE,Towers with Radar,650,159,55,6,870,1,9,69,2,81,651,168,124,8,951,0,0,0,951
11/22/2018,SLC,UT,ANM,WE,Towers with Radar,379,63,14,0,456,0,2,2,0,4,379,65,16,0,460,0,0,0,460
11/23/2018,SLC,UT,ANM,WE,Towers with Radar,413,115,23,0,551,0,5,14,1,20,413,120,37,1,571,0,0,0,571
11/24/2018,SLC,UT,ANM,WE,Towers with Radar,617,128,51,0,796,0,4,7,0,11,617,132,58,0,807,0,0,0,807
11/25/2018,SLC,UT,ANM,WE,Towers with Radar,677,149,61,0,887,0,4,37,6,47,677,153,98,6,934,0,0,0,934
11/26/2018,SLC,UT,ANM,WE,Towers with Radar,664,148,60,10,882,0,14,84,21,119,664,162,144,31,1001,0,0,0,1001
11/27/2018,SLC,UT,ANM,WE,Towers with Radar,632,149,46,7,834,0,15,102,19,136,632,164,148,26,970,0,0,0,970
11/28/2018,SLC,UT,ANM,WE,Towers with Radar,631,163,56,8,858,0,10,12,2,24,631,173,68,10,882,54,0,54,936
11/29/2018,SLC,UT,ANM,WE,Towers with Radar,654,175,41,7,877,0,5,2,2,9,654,180,43,9,886,0,0,0,886
11/30/2018,SLC,UT,ANM,WE,Towers with Radar,656,163,60,1,880,0,5,3,0,8,656,168,63,1,888,0,0,0,888
12/01/2018,SLC,UT,ANM,WE,Towers with Radar,459,91,36,4,590,0,7,50,8,65,459,98,86,12,655,0,0,0,655
12/02/2018,SLC,UT,ANM,WE,Towers with Radar,563,108,35,0,706,0,3,0,0,3,563,111,35,0,709,0,0,0,709
12/03/2018,SLC,UT,ANM,WE,Towers with Radar,621,158,66,8,853,0,7,51,15,73,621,165,117,23,926,0,0,0,926
12/04/2018,SLC,UT,ANM,WE,Towers with Radar,624,153,60,9,846,0,16,96,25,137,624,169,156,34,983,0,0,0,983
12/05/2018,SLC,UT,ANM,WE,Towers with Radar,624,167,69,2,862,0,10,49,18,77,624,177,118,20,939,0,0,0,939
12/06/2018,SLC,UT,ANM,WE,Towers with Radar,639,166,71,5,881,0,14,31,6,51,639,180,102,11,932,0,0,0,932
12/07/2018,SLC,UT,ANM,WE,Towers with Radar,649,149,85,5,888,0,16,57,7,80,649,165,142,12,968,8,0,8,976
12/08/2018,SLC,UT,ANM,WE,Towers with Radar,461,87,42,3,593,0,0,17,0,17,461,87,59,3,610,0,0,0,610
12/09/2018,SLC,UT,ANM,WE,Towers with Radar,573,120,42,5,740,0,0,2,0,2,573,120,44,5,742,0,0,0,742
12/10/2018,SLC,UT,ANM,WE,Towers with Radar,627,163,64,8,862,0,9,14,4,27,627,172,78,12,889,0,0,0,889
12/11/2018,SLC,UT,ANM,WE,Towers with Radar,632,174,74,6,886,0,5,3,5,13,632,179,77,11,899,0,0,0,899
12/12/2018,SLC,UT,ANM,WE,Towers with Radar,623,173,67,3,866,0,10,8,0,18,623,183,75,3,884,0,0,0,884
12/13/2018,SLC,UT,ANM,WE,Towers with Radar,647,156,50,3,856,0,12,116,17,145,647,168,166,20,1001,0,0,0,1001
12/14/2018,SLC,UT,ANM,WE,Towers with Radar,651,149,71,1,872,0,18,117,14,149,651,167,188,15,1021,8,0,8,1029
12/15/2018,SLC,UT,ANM,WE,Towers with Radar,462,93,51,0,606,0,2,75,8,85,462,95,126,8,691,0,0,0,691
12/16/2018,SLC,UT,ANM,WE,Towers with Radar,574,110,40,1,725,0,5,46,6,57,574,115,86,7,782,18,0,18,800
12/17/2018,SLC,UT,ANM,WE,Towers with Radar,630,155,65,5,855,0,12,58,8,78,630,167,123,13,933,0,0,0,933
12/18/2018,SLC,UT,ANM,WE,Towers with Radar,639,167,67,8,881,0,20,78,13,111,639,187,145,21,992,0,0,0,992
12/19/2018,SLC,UT,ANM,WE,Towers with Radar,667,170,94,9,940,0,20,94,7,121,667,190,188,16,1061,0,0,0,1061
12/20/2018,SLC,UT,ANM,WE,Towers with Radar,673,178,53,1,905,0,17,93,10,120,673,195,146,11,1025,64,0,64,1089
12/21/2018,SLC,UT,ANM,WE,Towers with Radar,685,208,88,4,985,0,9,46,4,59,685,217,134,8,1044,0,0,0,1044
12/22/2018,SLC,UT,ANM,WE,Towers with Radar,684,154,65,0,903,0,11,70,0,81,684,165,135,0,984,0,0,0,984
12/23/2018,SLC,UT,ANM,WE,Towers with Radar,662,143,44,0,849,0,12,28,0,40,662,155,72,0,889,0,0,0,889
12/24/2018,SLC,UT,ANM,WE,Towers with Radar,512,155,33,0,700,0,5,7,0,12,512,160,40,0,712,0,0,0,712
12/25/2018,SLC,UT,ANM,WE,Towers with Radar,437,110,29,0,576,0,3,0,0,3,437,113,29,0,579,0,0,0,579
12/26/2018,SLC,UT,ANM,WE,Towers with Radar,673,209,130,4,1016,0,11,21,2,34,673,220,151,6,1050,0,0,0,1050
12/27/2018,SLC,UT,ANM,WE,Towers with Radar,681,225,124,2,1032,0,5,1,0,6,681,230,125,2,1038,0,0,0,1038
12/28/2018,SLC,UT,ANM,WE,Towers with Radar,695,208,78,2,983,0,17,57,5,79,695,225,135,7,1062,0,0,0,1062
12/29/2018,SLC,UT,ANM,WE,Towers with Radar,658,164,79,0,901,0,9,45,7,61,658,173,124,7,962,0,0,0,962
12/30/2018,SLC,UT,ANM,WE,Towers with Radar,675,162,57,0,894,0,1,0,0,1,675,163,57,0,895,0,0,0,895
12/31/2018,SLC,UT,ANM,WE,Towers with Radar,547,178,39,0,764,0,18,25,0,43,547,196,64,0,807,0,0,0,807
01/01/2019,SLC,UT,ANM,WE,Towers with Radar,535,134,86,0,755,0,7,29,6,42,535,141,115,6,797,0,0,0,797
01/02/2019,SLC,UT,ANM,WE,Towers with Radar,670,185,82,3,940,0,14,34,3,51,670,199,116,6,991,0,0,0,991
01/03/2019,SLC,UT,ANM,WE,Towers with Radar,632,189,84,3,908,0,16,65,12,93,632,205,149,15,1001,0,0,0,1001
01/04/2019,SLC,UT,ANM,WE,Towers with Radar,632,189,67,3,891,0,9,64,13,86,632,198,131,16,977,0,0,0,977
01/05/2019,SLC,UT,ANM,WE,Towers with Radar,511,127,67,1,706,0,6,7,2,15,511,133,74,3,721,0,0,0,721
01/06/2019,SLC,UT,ANM,WE,Towers with Radar,609,152,74,1,836,0,3,4,3,10,609,155,78,4,846,0,0,0,846
01/07/2019,SLC,UT,ANM,WE,Towers with Radar,647,159,55,7,868,0,12,3,0,15,647,171,58,7,883,0,0,0,883
01/08/2019,SLC,UT,ANM,WE,Towers with Radar,651,151,55,10,867,0,27,85,12,124,651,178,140,22,991,66,0,66,1057
01/09/2019,SLC,UT,ANM,WE,Towers with Radar,650,154,78,4,886,0,17,95,13,125,650,171,173,17,1011,22,0,22,1033
01/10/2019,SLC,UT,ANM,WE,Towers with Radar,643,172,78,7,900,0,5,15,4,24,643,177,93,11,924,0,0,0,924
01/11/2019,SLC,UT,ANM,WE,Towers with Radar,656,167,79,3,905,0,0,2,0,2,656,167,81,3,907,0,0,0,907
01/12/2019,SLC,UT,ANM,WE,Towers with Radar,508,101,46,3,658,0,1,0,3,4,508,102,46,6,662,0,0,0,662
01/13/2019,SLC,UT,ANM,WE,Towers with Radar,610,119,74,1,804,0,2,6,4,12,610,121,80,5,816,0,0,0,816
01/14/2019,SLC,UT,ANM,WE,Towers with Radar,639,154,61,9,863,0,5,34,7,46,639,159,95,16,909,18,0,18,927
01/15/2019,SLC,UT,ANM,WE,Towers with Radar,640,166,78,14,898,0,20,22,4,46,640,186,100,18,944,0,0,0,944
01/16/2019,SLC,UT,ANM,WE,Towers with Radar,639,153,70,10,872,0,3,15,2,20,639,156,85,12,892,0,0,0,892
01/17/2019,SLC,UT,ANM,WE,Towers with Radar,651,198,103,12,964,0,4,2,2,8,651,202,105,14,972,2,0,2,974
01/18/2019,SLC,UT,ANM,WE,Towers with Radar,655,200,113,2,970,0,11,29,3,43,655,211,142,5,1013,0,0,0,1013
01/19/2019,SLC,UT,ANM,WE,Towers with Radar,455,106,38,0,599,0,3,59,5,67,455,109,97,5,666,20,4,24,690
01/20/2019,SLC,UT,ANM,WE,Towers with Radar,479,92,67,2,640,0,4,71,3,78,479,96,138,5,718,0,0,0,718
01/21/2019,SLC,UT,ANM,WE,Towers with Radar,612,202,82,0,896,0,11,2,2,15,612,213,84,2,911,0,0,0,911
01/22/2019,SLC,UT,ANM,WE,Towers with Radar,647,180,61,4,892,0,20,82,33,135,647,200,143,37,1027,0,0,0,1027
01/23/2019,SLC,UT,ANM,WE,Towers with Radar,637,167,80,9,893,0,13,57,19,89,637,180,137,28,982,0,0,0,982
01/24/2019,SLC,UT,ANM,WE,Towers with Radar,655,194,92,8,949,0,16,90,34,140,655,210,182,42,1089,0,0,0,1089
01/25/2019,SLC,UT,ANM,WE,Towers with Radar,663,169,87,5,924,0,10,97,31,138,663,179,184,36,1062,0,0,0,1062
01/26/2019,SLC,UT,ANM,WE,Towers with Radar,513,106,45,1,665,0,8,93,8,109,513,114,138,9,774,0,0,0,774
01/27/2019,SLC,UT,ANM,WE,Towers with Radar,602,145,88,3,838,0,10,49,2,61,602,155,137,5,899,0,0,0,899
01/28/2019,SLC,UT,ANM,WE,Towers with Radar,630,172,66,9,877,0,21,74,24,119,630,193,140,33,996,0,0,0,996
01/29/2019,SLC,UT,ANM,WE,Towers with Radar,644,160,63,7,874,0,24,80,27,131,644,184,143,34,1005,0,0,0,1005
01/30/2019,SLC,UT,ANM,WE,Towers with Radar,619,162,83,9,873,0,10,97,27,134,619,172,180,36,1007,0,0,0,1007
01/31/2019,SLC,UT,ANM,WE,Towers with Radar,645,169,84,5,903,0,6,93,19,118,645,175,177,24,1021,22,0,22,1043
02/01/2019,SLC,UT,ANM,WE,Towers with Radar,650,176,71,5,902,0,5,90,24,119,650,181,161,29,1021,0,0,0,1021
02/02/2019,SLC,UT,ANM,WE,Towers with Radar,469,116,52,2,639,0,11,22,3,36,469,127,74,5,675,24,0,24,699
02/03/2019,SLC,UT,ANM,WE,Towers with Radar,515,155,65,4,739,0,4,5,2,11,515,159,70,6,750,0,0,0,750
02/04/2019,SLC,UT,ANM,WE,Towers with Radar,626,186,64,5,881,0,14,9,3,26,626,200,73,8,907,0,0,0,907
02/05/2019,SLC,UT,ANM,WE,Towers with Radar,652,180,59,7,898,0,9,0,0,9,652,189,59,7,907,0,0,0,907
02/06/2019,SLC,UT,ANM,WE,Towers with Radar,628,182,77,0,887,0,3,0,8,11,628,185,77,8,898,0,0,0,898
02/07/2019,SLC,UT,ANM,WE,Towers with Radar,649,170,97,6,922,0,8,70,18,96,649,178,167,24,1018,0,0,0,1018
02/08/2019,SLC,UT,ANM,WE,Towers with Radar,658,153,71,3,885,0,8,101,8,117,658,161,172,11,1002,4,0,4,1006
02/09/2019,SLC,UT,ANM,WE,Towers with Radar,507,107,45,4,663,0,6,37,6,49,507,113,82,10,712,40,0,40,752
02/10/2019,SLC,UT,ANM,WE,Towers with Radar,591,134,69,6,800,0,3,5,1,9,591,137,74,7,809,0,0,0,809
02/11/2019,SLC,UT,ANM,WE,Towers with Radar,651,152,69,5,877,0,14,66,17,97,651,166,135,22,974,36,0,36,1010
02/12/2019,SLC,UT,ANM,WE,Towers with Radar,639,163,76,9,887,0,17,84,17,118,639,180,160,26,1005,10,0,10,1015
02/13/2019,SLC,UT,ANM,WE,Towers with Radar,652,175,87,1,915,0,8,3,3,14,652,183,90,4,929,0,0,0,929
02/14/2019,SLC,UT,ANM,WE,Towers with Radar,659,212,112,5,988,0,4,5,0,9,659,216,117,5,997,0,0,0,997
02/15/2019,SLC,UT,ANM,WE,Towers with Radar,652,210,113,0,975,0,5,30,0,35,652,215,143,0,1010,0,0,0,1010
02/16/2019,SLC,UT,ANM,WE,Towers with Radar,504,134,63,7,708,4,13,36,10,63,508,147,99,17,771,16,0,16,787
02/17/2019,SLC,UT,ANM,WE,Towers with Radar,499,119,65,0,683,0,5,32,4,41,499,124,97,4,724,0,0,0,724
02/18/2019,SLC,UT,ANM,WE,Towers with Radar,626,196,112,0,934,0,21,57,17,95,626,217,169,17,1029,50,0,50,1079
02/19/2019,SLC,UT,ANM,WE,Towers with Radar,649,184,79,6,918,0,9,21,2,32,649,193,100,8,950,0,0,0,950
02/20/2019,SLC,UT,ANM,WE,Towers with Radar,639,168,73,4,884,0,14,19,3,36,639,182,92,7,920,0,0,0,920
02/21/2019,SLC,UT,ANM,WE,Towers with Radar,672,177,67,2,918,0,16,59,15,90,672,193,126,17,1008,0,0,0,1008
02/22/2019,SLC,UT,ANM,WE,Towers with Radar,674,172,62,12,920,0,20,81,15,116,674,192,143,27,1036,0,0,0,1036
02/23/2019,SLC,UT,ANM,WE,Towers with Radar,515,134,77,5,731,0,8,78,12,98,515,142,155,17,829,0,0,0,829
02/24/2019,SLC,UT,ANM,WE,Towers with Radar,597,138,68,7,810,0,13,25,8,46,597,151,93,15,856,0,0,0,856
02/25/2019,SLC,UT,ANM,WE,Towers with Radar,624,169,73,6,872,0,8,7,3,18,624,177,80,9,890,0,0,0,890
02/26/2019,SLC,UT,ANM,WE,Towers with Radar,657,160,79,5,901,0,6,22,2,30,657,166,101,7,931,0,0,0,931
02/27/2019,SLC,UT,ANM,WE,Towers with Radar,638,160,88,7,893,0,13,44,8,65,638,173,132,15,958,0,0,0,958
02/28/2019,SLC,UT,ANM,WE,Towers with Radar,660,173,86,9,928,0,6,55,19,80,660,179,141,28,1008,4,0,4,1012
03/01/2019,SLC,UT,ANM,WE,Towers with Radar,671,177,76,7,931,0,15,88,22,125,671,192,164,29,1056,0,0,0,1056
03/02/2019,SLC,UT,ANM,WE,Towers with Radar,569,138,56,2,765,0,5,2,0,7,569,143,58,2,772,0,0,0,772
03/03/2019,SLC,UT,ANM,WE,Towers with Radar,659,149,90,7,905,0,7,22,0,29,659,156,112,7,934,0,0,0,934
03/04/2019,SLC,UT,ANM,WE,Towers with Radar,676,151,89,10,926,0,13,81,25,119,676,164,170,35,1045,0,0,0,1045
03/05/2019,SLC,UT,ANM,WE,Towers with Radar,686,181,74,14,955,0,12,68,25,105,686,193,142,39,1060,22,0,22,1082
03/06/2019,SLC,UT,ANM,WE,Towers with Radar,666,172,85,18,941,0,14,8,1,23,666,186,93,19,964,0,0,0,964
03/07/2019,SLC,UT,ANM,WE,Towers with Radar,686,187,95,13,981,0,16,25,4,45,686,203,120,17,1026,10,0,10,1036
03/08/2019,SLC,UT,ANM,WE,Towers with Radar,681,192,89,5,967,0,3,2,0,5,681,195,91,5,972,12,0,12,984
03/09/2019,SLC,UT,ANM,WE,Towers with Radar,577,137,66,12,792,0,12,70,10,92,577,149,136,22,884,44,0,44,928
03/10/2019,SLC,UT,ANM,WE,Towers with Radar,631,136,84,12,863,0,12,11,3,26,631,148,95,15,889,40,0,40,929
03/11/2019,SLC,UT,ANM,WE,Towers with Radar,675,154,74,14,917,0,16,93,3,112,675,170,167,17,1029,0,0,0,1029
03/12/2019,SLC,UT,ANM,WE,Towers with Radar,683,149,52,14,898,0,12,74,8,94,683,161,126,22,992,0,0,0,992
03/13/2019,SLC,UT,ANM,WE,Towers with Radar,642,162,70,3,877,0,3,0,0,3,642,165,70,3,880,0,0,0,880
03/14/2019,SLC,UT,ANM,WE,Towers with Radar,663,186,72,4,925,0,11,54,5,70,663,197,126,9,995,0,0,0,995
03/15/2019,SLC,UT,ANM,WE,Towers with Radar,687,164,96,5,952,0,18,80,7,105,687,182,176,12,1057,0,0,0,1057
03/16/2019,SLC,UT,ANM,WE,Towers with Radar,578,126,49,0,753,0,5,86,12,103,578,131,135,12,856,32,0,32,888
03/17/2019,SLC,UT,ANM,WE,Towers with Radar,638,130,61,2,831,0,6,58,5,69,638,136,119,7,900,0,0,0,900
03/18/2019,SLC,UT,ANM,WE,Towers with Radar,668,159,55,8,890,0,19,90,23,132,668,178,145,31,1022,36,0,36,1058
03/19/2019,SLC,UT,ANM,WE,Towers with Radar,685,158,54,5,902,0,20,110,29,159,685,178,164,34,1061,0,0,0,1061
03/20/2019,SLC,UT,ANM,WE,Towers with Radar,672,180,67,8,927,0,14,78,12,104,672,194,145,20,1031,0,0,0,1031
03/21/2019,SLC,UT,ANM,WE,Towers with Radar,683,185,122,3,993,0,16,19,8,43,683,201,141,11,1036,0,0,0,1036
03/22/2019,SLC,UT,ANM,WE,Towers with Radar,682,190,81,0,953,0,12,10,2,24,682,202,91,2,977,4,0,4,981
03/23/2019,SLC,UT,ANM,WE,Towers with Radar,581,134,92,0,807,0,4,59,11,74,581,138,151,11,881,0,0,0,881
03/24/2019,SLC,UT,ANM,WE,Towers with Radar,637,142,80,0,859,0,3,8,1,12,637,145,88,1,871,0,0,0,871
03/25/2019,SLC,UT,ANM,WE,Towers with Radar,681,151,55,8,895,0,17,142,17,176,681,168,197,25,1071,84,0,84,1155
03/26/2019,SLC,UT,ANM,WE,Towers with Radar,699,150,69,9,927,0,12,97,21,130,699,162,166,30,1057,0,0,0,1057
03/27/2019,SLC,UT,ANM,WE,Towers with Radar,678,149,88,4,919,0,12,72,14,98,678,161,160,18,1017,100,0,100,1117
03/28/2019,SLC,UT,ANM,WE,Towers with Radar,662,167,73,6,908,0,16,32,16,64,662,183,105,22,972,0,0,0,972
03/29/2019,SLC,UT,ANM,WE,Towers with Radar,711,161,70,1,943,0,7,8,1,16,711,168,78,2,959,0,0,0,959
03/30/2019,SLC,UT,ANM,WE,Towers with Radar,578,115,51,5,749,0,11,94,12,117,578,126,145,17,866,0,0,0,866
03/31/2019,SLC,UT,ANM,WE,Towers with Radar,628,136,54,0,818,0,8,81,8,97,628,144,135,8,915,0,0,0,915
04/01/2019,SLC,UT,ANM,WE,Towers with Radar,670,141,52,5,868,0,12,80,31,123,670,153,132,36,991,72,0,72,1063
04/02/2019,SLC,UT,ANM,WE,Towers with Radar,661,148,55,5,869,0,7,29,10,46,661,155,84,15,915,0,0,0,915
04/03/2019,SLC,UT,ANM,WE,Towers with Radar,652,167,60,8,887,0,13,32,6,51,652,180,92,14,938,0,0,0,938
04/04/2019,SLC,UT,ANM,WE,Towers with Radar,660,148,77,12,897,0,19,119,25,163,660,167,196,37,1060,0,0,0,1060
04/05/2019,SLC,UT,ANM,WE,Towers with Radar,680,145,45,12,882,0,10,83,12,105,680,155,128,24,987,0,0,0,987
04/06/2019,SLC,UT,ANM,WE,Towers with Radar,518,100,34,5,657,0,4,70,11,85,518,104,104,16,742,42,0,42,784
04/07/2019,SLC,UT,ANM,WE,Towers with Radar,619,115,57,1,792,0,8,73,15,96,619,123,130,16,888,0,0,0,888
04/08/2019,SLC,UT,ANM,WE,Towers with Radar,675,136,54,7,872,0,13,119,31,163,675,149,173,38,1035,0,0,0,1035
04/09/2019,SLC,UT,ANM,WE,Towers with Radar,655,152,48,5,860,0,8,23,7,38,655,160,71,12,898,0,0,0,898
04/10/2019,SLC,UT,ANM,WE,Towers with Radar,650,144,48,5,847,0,7,1,2,10,650,151,49,7,857,0,0,0,857
04/11/2019,SLC,UT,ANM,WE,Towers with Radar,651,148,85,7,891,1,7,22,15,45,652,155,107,22,936,6,0,6,942
04/12/2019,SLC,UT,ANM,WE,Towers with Radar,670,140,69,7,886,0,10,11,4,25,670,150,80,11,911,0,0,0,911
04/13/2019,SLC,UT,ANM,WE,Towers with Radar,522,85,30,2,639,0,6,114,27,147,522,91,144,29,786,0,0,0,786
04/14/2019,SLC,UT,ANM,WE,Towers with Radar,582,106,51,2,741,0,5,23,6,34,582,111,74,8,775,36,0,36,811
04/15/2019,SLC,UT,ANM,WE,Towers with Radar,645,149,52,5,851,0,2,5,0,7,645,151,57,5,858,0,0,0,858
04/16/2019,SLC,UT,ANM,WE,Towers with Radar,665,130,61,4,860,0,11,6,0,17,665,141,67,4,877,26,0,26,903
04/17/2019,SLC,UT,ANM,WE,Towers with Radar,649,135,79,10,873,0,4,143,31,178,649,139,222,41,1051,88,0,88,1139
04/18/2019,SLC,UT,ANM,WE,Towers with Radar,653,138,72,6,869,0,27,171,33,231,653,165,243,39,1100,0,0,0,1100
04/19/2019,SLC,UT,ANM,WE,Towers with Radar,661,126,67,4,858,0,11,136,34,181,661,137,203,38,1039,10,0,10,1049
04/20/2019,SLC,UT,ANM,WE,Towers with Radar,506,88,29,3,626,0,9,74,8,91,506,97,103,11,717,10,0,10,727
04/21/2019,SLC,UT,ANM,WE,Towers with Radar,571,91,34,1,697,0,4,4,2,10,571,95,38,3,707,0,0,0,707
04/22/2019,SLC,UT,ANM,WE,Towers with Radar,649,133,63,9,854,0,10,95,15,120,649,143,158,24,974,0,0,0,974
04/23/2019,SLC,UT,ANM,WE,Towers with Radar,650,146,66,9,871,0,13,137,36,186,650,159,203,45,1057,0,0,0,1057
04/24/2019,SLC,UT,ANM,WE,Towers with Radar,667,145,57,10,879,0,9,95,28,132,667,154,152,38,1011,0,0,0,1011
04/25/2019,SLC,UT,ANM,WE,Towers with Radar,663,142,58,8,871,0,19,112,37,168,663,161,170,45,1039,0,0,0,1039
04/26/2019,SLC,UT,ANM,WE,Towers with Radar,663,120,40,3,826,0,21,22,6,49,663,141,62,9,875,0,0,0,875
04/27/2019,SLC,UT,ANM,WE,Towers with Radar,522,88,35,1,646,0,5,132,18,155,522,93,167,19,801,20,0,20,821
04/28/2019,SLC,UT,ANM,WE,Towers with Radar,618,101,40,2,761,0,5,34,15,54,618,106,74,17,815,28,0,28,843
04/29/2019,SLC,UT,ANM,WE,Towers with Radar,644,151,58,8,861,0,21,71,24,116,644,172,129,32,977,12,0,12,989
04/30/2019,SLC,UT,ANM,WE,Towers with Radar,647,146,61,12,866,0,5,41,15,61,647,151,102,27,927,0,0,0,927
05/01/2019,SLC,UT,ANM,WE,Towers with Radar,662,140,66,18,886,0,14,119,30,163,662,154,185,48,1049,0,0,0,1049
05/02/2019,SLC,UT,ANM,WE,Towers with Radar,660,143,64,9,876,0,14,117,14,145,660,157,181,23,1021,62,0,62,1083
05/03/2019,SLC,UT,ANM,WE,Towers with Radar,657,142,53,0,852,0,9,106,1,116,657,151,159,1,968,14,0,14,982
05/04/2019,SLC,UT,ANM,WE,Towers with Radar,534,85,45,6,670,0,16,88,1,105,534,101,133,7,775,24,0,24,799
05/05/2019,SLC,UT,ANM,WE,Towers with Radar,609,98,44,3,754,0,4,44,0,48,609,102,88,3,802,0,0,0,802
05/06/2019,SLC,UT,ANM,WE,Towers with Radar,666,142,58,5,871,0,10,60,0,70,666,152,118,5,941,0,0,0,941
05/07/2019,SLC,UT,ANM,WE,Towers with Radar,660,153,62,7,882,0,8,28,2,38,660,161,90,9,920,0,0,0,920
05/08/2019,SLC,UT,ANM,WE,Towers with Radar,654,148,76,9,887,1,20,57,2,80,655,168,133,11,967,0,0,0,967
05/09/2019,SLC,UT,ANM,WE,Towers with Radar,668,149,87,6,910,0,13,103,6,122,668,162,190,12,1032,12,0,12,1044
05/10/2019,SLC,UT,ANM,WE,Towers with Radar,686,129,77,1,893,1,18,124,5,148,687,147,201,6,1041,0,0,0,1041
05/11/2019,SLC,UT,ANM,WE,Towers with Radar,472,92,34,4,602,0,8,95,0,103,472,100,129,4,705,0,0,0,705
05/12/2019,SLC,UT,ANM,WE,Towers with Radar,546,95,40,0,681,0,11,52,0,63,546,106,92,0,744,0,0,0,744
05/13/2019,SLC,UT,ANM,WE,Towers with Radar,656,121,42,6,825,0,13,115,8,136,656,134,157,14,961,0,0,0,961
05/14/2019,SLC,UT,ANM,WE,Towers with Radar,660,137,55,9,861,0,17,94,6,117,660,154,149,15,978,0,0,0,978
05/15/2019,SLC,UT,ANM,WE,Towers with Radar,656,139,47,6,848,0,10,38,4,52,656,149,85,10,900,0,0,0,900
05/16/2019,SLC,UT,ANM,WE,Towers with Radar,676,136,70,6,888,0,4,19,0,23,676,140,89,6,911,0,0,0,911
05/17/2019,SLC,UT,ANM,WE,Towers with Radar,678,155,66,0,899,0,18,21,6,45,678,173,87,6,944,0,0,0,944
05/18/2019,SLC,UT,ANM,WE,Towers with Radar,522,104,48,1,675,0,5,39,2,46,522,109,87,3,721,0,0,0,721
05/19/2019,SLC,UT,ANM,WE,Towers with Radar,613,105,51,4,773,0,4,9,0,13,613,109,60,4,786,0,0,0,786
05/20/2019,SLC,UT,ANM,WE,Towers with Radar,664,128,45,11,848,1,7,69,9,86,665,135,114,20,934,58,0,58,992
05/21/2019,SLC,UT,ANM,WE,Towers with Radar,654,167,54,7,882,0,8,15,2,25,654,175,69,9,907,24,0,24,931
05/22/2019,SLC,UT,ANM,WE,Towers with Radar,663,145,71,5,884,0,5,6,0,11,663,150,77,5,895,0,0,0,895
05/23/2019,SLC,UT,ANM,WE,Towers with Radar,675,155,72,6,908,0,4,42,2,48,675,159,114,8,956,0,0,0,956
05/24/2019,SLC,UT,ANM,WE,Towers with Radar,684,164,56,4,908,0,12,40,2,54,684,176,96,6,962,0,0,0,962
05/25/2019,SLC,UT,ANM,WE,Towers with Radar,495,100,31,0,626,0,2,62,3,67,495,102,93,3,693,0,0,0,693
05/26/2019,SLC,UT,ANM,WE,Towers with Radar,489,109,19,1,618,0,5,61,8,74,489,114,80,9,692,30,0,30,722
05/27/2019,SLC,UT,ANM,WE,Towers with Radar,605,108,38,1,752,0,5,43,1,49,605,113,81,2,801,0,0,0,801
05/28/2019,SLC,UT,ANM,WE,Towers with Radar,634,154,49,8,845,0,12,25,3,40,634,166,74,11,885,48,0,48,933
05/29/2019,SLC,UT,ANM,WE,Towers with Radar,663,124,55,7,849,0,21,142,15,178,663,145,197,22,1027,34,0,34,1061
05/30/2019,SLC,UT,ANM,WE,Towers with Radar,681,140,67,8,896,0,19,102,6,127,681,159,169,14,1023,0,0,0,1023
05/31/2019,SLC,UT,ANM,WE,Towers with Radar,690,128,58,4,880,2,16,110,2,130,692,144,168,6,1010,60,0,60,1070
06/01/2019,SLC,UT,ANM,WE,Towers with Radar,542,93,39,1,675,0,7,69,0,76,542,100,108,1,751,48,0,48,799
06/02/2019,SLC,UT,ANM,WE,Towers with Radar,628,107,43,2,780,0,4,57,3,64,628,111,100,5,844,0,0,0,844
06/03/2019,SLC,UT,ANM,WE,Towers with Radar,672,141,57,5,875,0,12,134,6,152,672,153,191,11,1027,0,0,0,1027
06/04/2019,SLC,UT,ANM,WE,Towers with Radar,653,137,55,9,854,0,9,166,8,183,653,146,221,17,1037,138,0,138,1175
06/05/2019,SLC,UT,ANM,WE,Towers with Radar,665,144,80,7,896,0,12,153,7,172,665,156,233,14,1068,121,0,121,1189
06/06/2019,SLC,UT,ANM,WE,Towers with Radar,688,154,77,0,919,0,7,34,5,46,688,161,111,5,965,0,0,0,965
06/07/2019,SLC,UT,ANM,WE,Towers with Radar,723,148,53,9,933,0,10,40,6,56,723,158,93,15,989,0,0,0,989
06/08/2019,SLC,UT,ANM,WE,Towers with Radar,560,118,48,2,728,0,10,93,2,105,560,128,141,4,833,0,0,0,833
06/09/2019,SLC,UT,ANM,WE,Towers with Radar,637,129,38,4,808,0,2,58,4,64,637,131,96,8,872,0,0,0,872
06/10/2019,SLC,UT,ANM,WE,Towers with Radar,662,155,49,7,873,0,13,111,3,127,662,168,160,10,1000,0,0,0,1000
06/11/2019,SLC,UT,ANM,WE,Towers with Radar,689,162,58,5,914,0,25,144,5,174,689,187,202,10,1088,54,0,54,1142
06/12/2019,SLC,UT,ANM,WE,Towers with Radar,697,158,61,8,924,0,15,113,17,145,697,173,174,25,1069,14,0,14,1083
06/13/2019,SLC,UT,ANM,WE,Towers with Radar,664,164,49,3,880,0,15,102,6,123,664,179,151,9,1003,0,0,0,1003
06/14/2019,SLC,UT,ANM,WE,Towers with Radar,709,158,68,3,938,0,13,102,6,121,709,171,170,9,1059,68,0,68,1127
06/15/2019,SLC,UT,ANM,WE,Towers with Radar,577,112,43,1,733,0,6,109,2,117,577,118,152,3,850,0,0,0,850
06/16/2019,SLC,UT,ANM,WE,Towers with Radar,649,120,48,3,820,0,6,35,2,43,649,126,83,5,863,0,0,0,863
06/17/2019,SLC,UT,ANM,WE,Towers with Radar,686,147,50,8,891,0,28,48,3,79,686,175,98,11,970,0,0,0,970
06/18/2019,SLC,UT,ANM,WE,Towers with Radar,704,171,47,9,931,0,21,102,7,130,704,192,149,16,1061,0,0,0,1061
06/19/2019,SLC,UT,ANM,WE,Towers with Radar,699,144,64,4,911,0,14,114,0,128,699,158,178,4,1039,6,0,6,1045
06/20/2019,SLC,UT,ANM,WE,Towers with Radar,696,166,58,9,929,0,8,64,3,75,696,174,122,12,1004,0,0,0,1004
06/21/2019,SLC,UT,ANM,WE,Towers with Radar,689,180,54,2,925,0,16,103,4,123,689,196,157,6,1048,86,0,86,1134
06/22/2019,SLC,UT,ANM,WE,Towers with Radar,578,115,26,2,721,0,7,81,5,93,578,122,107,7,814,0,0,0,814
06/23/2019,SLC,UT,ANM,WE,Towers with Radar,647,127,46,1,821,0,4,67,4,75,647,131,113,5,896,0,0,0,896
06/24/2019,SLC,UT,ANM,WE,Towers with Radar,703,150,55,3,911,0,18,127,3,148,703,168,182,6,1059,64,0,64,1123
06/25/2019,SLC,UT,ANM,WE,Towers with Radar,701,166,66,9,942,0,18,117,2,137,701,184,183,11,1079,130,0,130,1209
06/26/2019,SLC,UT,ANM,WE,Towers with Radar,707,163,73,6,949,1,12,48,2,63,708,175,121,8,1012,64,0,64,1076
06/27/2019,SLC,UT,ANM,WE,Towers with Radar,684,183,50,8,925,0,11,54,2,67,684,194,104,10,992,0,0,0,992
06/28/2019,SLC,UT,ANM,WE,Towers with Radar,710,176,52,1,939,0,15,67,3,85,710,191,119,4,1024,0,0,0,1024
06/29/2019,SLC,UT,ANM,WE,Towers with Radar,600,124,30,2,756,0,13,75,1,89,600,137,105,3,845,32,0,32,877
06/30/2019,SLC,UT,ANM,WE,Towers with Radar,586,135,74,0,795,0,9,30,2,41,586,144,104,2,836,8,0,8,844
07/01/2019,SLC,UT,ANM,WE,Towers with Radar,620,149,46,5,820,0,14,110,8,132,620,163,156,13,952,0,0,0,952
07/02/2019,SLC,UT,ANM,WE,Towers with Radar,620,169,60,8,857,0,23,104,8,135,620,192,164,16,992,112,0,112,1104
07/03/2019,SLC,UT,ANM,WE,Towers with Radar,652,166,71,12,901,0,12,107,5,124,652,178,178,17,1025,32,0,32,1057
07/04/2019,SLC,UT,ANM,WE,Towers with Radar,499,100,22,0,621,0,4,37,2,43,499,104,59,2,664,0,0,0,664
07/05/2019,SLC,UT,ANM,WE,Towers with Radar,521,140,36,0,697,0,7,56,9,72,521,147,92,9,769,0,0,0,769
07/06/2019,SLC,UT,ANM,WE,Towers with Radar,606,118,37,0,761,0,3,68,3,74,606,121,105,3,835,10,0,10,845
07/07/2019,SLC,UT,ANM,WE,Towers with Radar,670,145,103,0,918,0,8,37,2,47,670,153,140,2,965,30,0,30,995
07/08/2019,SLC,UT,ANM,WE,Towers with Radar,695,153,76,12,936,0,17,54,3,74,695,170,130,15,1010,34,0,34,1044
07/09/2019,SLC,UT,ANM,WE,Towers with Radar,719,165,58,5,947,0,11,151,9,171,719,176,209,14,1118,0,0,0,1118
07/10/2019,SLC,UT,ANM,WE,Towers with Radar,703,160,58,4,925,0,3,105,2,110,703,163,163,6,1035,60,0,60,1095
07/11/2019,SLC,UT,ANM,WE,Towers with Radar,682,184,60,5,931,0,12,109,6,127,682,196,169,11,1058,0,0,0,1058
07/12/2019,SLC,UT,ANM,WE,Towers with Radar,711,168,42,3,924,0,17,110,11,138,711,185,152,14,1062,48,0,48,1110
07/13/2019,SLC,UT,ANM,WE,Towers with Radar,603,122,39,0,764,0,1,64,2,67,603,123,103,2,831,0,0,0,831
07/14/2019,SLC,UT,ANM,WE,Towers with Radar,662,123,49,3,837,0,6,89,2,97,662,129,138,5,934,0,0,0,934
07/15/2019,SLC,UT,ANM,WE,Towers with Radar,697,162,60,12,931,0,11,132,6,149,697,173,192,18,1080,44,0,44,1124
07/16/2019,SLC,UT,ANM,WE,Towers with Radar,698,161,60,4,923,0,13,95,10,118,698,174,155,14,1041,0,0,0,1041
07/17/2019,SLC,UT,ANM,WE,Towers with Radar,694,176,69,5,944,0,6,106,15,127,694,182,175,20,1071,0,0,0,1071
07/18/2019,SLC,UT,ANM,WE,Towers with Radar,696,169,75,6,946,0,10,115,7,132,696,179,190,13,1078,12,0,12,1090
07/19/2019,SLC,UT,ANM,WE,Towers with Radar,698,161,75,6,940,0,10,95,10,115,698,171,170,16,1055,12,0,12,1067
07/20/2019,SLC,UT,ANM,WE,Towers with Radar,599,122,45,2,768,0,10,91,1,102,599,132,136,3,870,14,0,14,884
07/21/2019,SLC,UT,ANM,WE,Towers with Radar,660,127,63,1,851,0,8,59,1,68,660,135,122,2,919,20,0,20,939
07/22/2019,SLC,UT,ANM,WE,Towers with Radar,683,160,60,7,910,0,16,82,5,103,683,176,142,12,1013,0,0,0,1013
07/23/2019,SLC,UT,ANM,WE,Towers with Radar,714,171,70,8,963,0,12,90,8,110,714,183,160,16,1073,38,0,38,1111
07/24/2019,SLC,UT,ANM,WE,Towers with Radar,705,159,63,10,937,0,15,79,5,99,705,174,142,15,1036,40,0,40,1076
07/25/2019,SLC,UT,ANM,WE,Towers with Radar,691,166,58,8,923,0,13,130,8,151,691,179,188,16,1074,0,0,0,1074
07/26/2019,SLC,UT,ANM,WE,Towers with Radar,707,164,64,3,938,0,16,45,3,64,707,180,109,6,1002,0,0,0,1002
07/27/2019,SLC,UT,ANM,WE,Towers with Radar,588,128,35,5,756,0,4,68,6,78,588,132,103,11,834,0,0,0,834
07/28/2019,SLC,UT,ANM,WE,Towers with Radar,654,123,54,1,832,0,6,84,7,97,654,129,138,8,929,22,0,22,951
07/29/2019,SLC,UT,ANM,WE,Towers with Radar,692,151,55,5,903,0,13,82,3,98,692,164,137,8,1001,8,0,8,1009
07/30/2019,SLC,UT,ANM,WE,Towers with Radar,709,179,46,5,939,0,14,114,8,136,709,193,160,13,1075,0,0,0,1075
07/31/2019,SLC,UT,ANM,WE,Towers with Radar,719,171,58,11,959,0,6,53,2,61,719,177,111,13,1020,4,0,4,1024
08/01/2019,SLC,UT,ANM,WE,Towers with Radar,686,169,72,4,931,0,10,108,1,119,686,179,180,5,1050,60,0,60,1110
08/02/2019,SLC,UT,ANM,WE,Towers with Radar,702,162,56,3,923,0,8,127,7,142,702,170,183,10,1065,10,0,10,1075
08/03/2019,SLC,UT,ANM,WE,Towers with Radar,600,115,25,2,742,0,1,65,2,68,600,116,90,4,810,0,0,0,810
08/04/2019,SLC,UT,ANM,WE,Towers with Radar,666,122,43,6,837,0,8,64,6,78,666,130,107,12,915,0,0,0,915
08/05/2019,SLC,UT,ANM,WE,Towers with Radar,694,154,58,6,912,0,8,110,11,129,694,162,168,17,1041,50,0,50,1091
08/06/2019,SLC,UT,ANM,WE,Towers with Radar,705,170,56,8,939,0,16,121,8,145,705,186,177,16,1084,0,0,0,1084
08/07/2019,SLC,UT,ANM,WE,Towers with Radar,696,166,71,9,942,0,7,93,14,114,696,173,164,23,1056,10,0,10,1066
08/08/2019,SLC,UT,ANM,WE,Towers with Radar,700,167,58,4,929,0,11,50,12,73,700,178,108,16,1002,20,0,20,1022
08/09/2019,SLC,UT,ANM,WE,Towers with Radar,702,169,69,2,942,0,18,93,9,120,702,187,162,11,1062,48,0,48,1110
08/10/2019,SLC,UT,ANM,WE,Towers with Radar,587,129,41,0,757,0,7,52,3,62,587,136,93,3,819,0,0,0,819
08/11/2019,SLC,UT,ANM,WE,Towers with Radar,651,126,67,0,844,0,7,79,0,86,651,133,146,0,930,0,0,0,930
08/12/2019,SLC,UT,ANM,WE,Towers with Radar,697,162,46,5,910,0,11,78,7,96,697,173,124,12,1006,28,0,28,1034
08/13/2019,SLC,UT,ANM,WE,Towers with Radar,692,141,58,5,896,0,23,105,7,135,692,164,163,12,1031,66,0,66,1097
08/14/2019,SLC,UT,ANM,WE,Towers with Radar,703,150,65,7,925,0,12,140,12,164,703,162,205,19,1089,72,0,72,1161
08/15/2019,SLC,UT,ANM,WE,Towers with Radar,693,174,76,2,945,0,10,110,6,126,693,184,186,8,1071,0,0,0,1071
08/16/2019,SLC,UT,ANM,WE,Towers with Radar,707,161,48,5,921,0,15,131,0,146,707,176,179,5,1067,0,0,0,1067
08/17/2019,SLC,UT,ANM,WE,Towers with Radar,568,124,39,1,732,0,13,79,7,99,568,137,118,8,831,0,0,0,831
08/18/2019,SLC,UT,ANM,WE,Towers with Radar,644,133,48,2,827,0,1,71,3,75,644,134,119,5,902,0,0,0,902
08/19/2019,SLC,UT,ANM,WE,Towers with Radar,692,149,51,12,904,0,8,66,3,77,692,157,117,15,981,40,0,40,1021
08/20/2019,SLC,UT,ANM,WE,Towers with Radar,667,157,54,7,885,0,11,79,10,100,667,168,133,17,985,0,0,0,985
08/21/2019,SLC,UT,ANM,WE,Towers with Radar,691,165,66,10,932,0,13,93,12,118,691,178,159,22,1050,0,0,0,1050
08/22/2019,SLC,UT,ANM,WE,Towers with Radar,685,168,57,12,922,0,6,63,7,76,685,174,120,19,998,0,0,0,998
08/23/2019,SLC,UT,ANM,WE,Towers with Radar,705,170,58,2,935,0,21,125,10,156,705,191,183,12,1091,0,0,0,1091
08/24/2019,SLC,UT,ANM,WE,Towers with Radar,552,122,31,1,706,0,5,99,7,111,552,127,130,8,817,0,0,0,817
08/25/2019,SLC,UT,ANM,WE,Towers with Radar,651,131,34,3,819,0,5,47,8,60,651,136,81,11,879,0,0,0,879
08/26/2019,SLC,UT,ANM,WE,Towers with Radar,682,142,44,10,878,0,13,93,5,111,682,155,137,15,989,54,0,54,1043
08/27/2019,SLC,UT,ANM,WE,Towers with Radar,666,155,59,7,887,0,10,104,4,118,666,165,163,11,1005,0,0,0,1005
08/28/2019,SLC,UT,ANM,WE,Towers with Radar,681,142,69,3,895,0,6,87,7,100,681,148,156,10,995,0,0,0,995
08/29/2019,SLC,UT,ANM,WE,Towers with Radar,683,173,68,6,930,0,26,120,6,152,683,199,188,12,1082,0,0,0,1082
08/30/2019,SLC,UT,ANM,WE,Towers with Radar,693,168,83,2,946,0,12,118,11,141,693,180,201,13,1087,0,0,0,1087
08/31/2019,SLC,UT,ANM,WE,Towers with Radar,504,103,27,0,634,0,10,103,2,115,504,113,130,2,749,0,0,0,749
09/01/2019,SLC,UT,ANM,WE,Towers with Radar,468,100,21,0,589,0,6,61,3,70,468,106,82,3,659,0,0,0,659
09/02/2019,SLC,UT,ANM,WE,Towers with Radar,602,133,70,0,805,0,3,80,4,87,602,136,150,4,892,0,0,0,892
09/03/2019,SLC,UT,ANM,WE,Towers with Radar,601,141,41,7,790,0,14,55,9,78,601,155,96,16,868,0,0,0,868
09/04/2019,SLC,UT,ANM,WE,Towers with Radar,606,165,62,6,839,0,14,127,16,157,606,179,189,22,996,66,0,66,1062
09/05/2019,SLC,UT,ANM,WE,Towers with Radar,609,161,77,4,851,0,13,94,13,120,609,174,171,17,971,0,0,0,971
09/06/2019,SLC,UT,ANM,WE,Towers with Radar,610,149,75,6,840,0,10,64,8,82,610,159,139,14,922,0,0,0,922
09/07/2019,SLC,UT,ANM,WE,Towers with Radar,487,104,30,2,623,0,5,98,2,105,487,109,128,4,728,0,0,0,728
09/08/2019,SLC,UT,ANM,WE,Towers with Radar,612,102,40,1,755,1,6,18,1,26,613,108,58,2,781,52,0,52,833
09/09/2019,SLC,UT,ANM,WE,Towers with Radar,668,148,44,7,867,0,18,135,4,157,668,166,179,11,1024,34,0,34,1058
09/10/2019,SLC,UT,ANM,WE,Towers with Radar,653,151,56,4,864,1,12,20,1,34,654,163,76,5,898,32,0,32,930
09/11/2019,SLC,UT,ANM,WE,Towers with Radar,673,151,67,6,897,0,14,24,2,40,673,165,91,8,937,0,0,0,937
09/12/2019,SLC,UT,ANM,WE,Towers with Radar,670,161,79,4,914,0,10,151,7,168,670,171,230,11,1082,10,0,10,1092
09/13/2019,SLC,UT,ANM,WE,Towers with Radar,678,159,47,1,885,0,14,123,6,143,678,173,170,7,1028,0,0,0,1028
09/14/2019,SLC,UT,ANM,WE,Towers with Radar,528,100,34,1,663,0,1,93,4,98,528,101,127,5,761,0,0,0,761
09/15/2019,SLC,UT,ANM,WE,Towers with Radar,608,132,45,5,790,0,1,42,1,44,608,133,87,6,834,20,0,20,854
09/16/2019,SLC,UT,ANM,WE,Towers with Radar,665,134,68,5,872,0,14,30,0,44,665,148,98,5,916,0,0,0,916
09/17/2019,SLC,UT,ANM,WE,Towers with Radar,660,150,57,11,878,0,11,105,9,125,660,161,162,20,1003,62,0,62,1065
09/18/2019,SLC,UT,ANM,WE,Towers with Radar,665,157,78,6,906,0,17,82,11,110,665,174,160,17,1016,0,0,0,1016
09/19/2019,SLC,UT,ANM,WE,Towers with Radar,665,159,70,6,900,0,9,79,12,100,665,168,149,18,1000,0,0,0,1000
09/20/2019,SLC,UT,ANM,WE,Towers with Radar,674,166,61,4,905,0,8,25,4,37,674,174,86,8,942,0,0,0,942
09/21/2019,SLC,UT,ANM,WE,Towers with Radar,533,109,38,5,685,0,9,117,5,131,533,118,155,10,816,22,0,22,838
09/22/2019,SLC,UT,ANM,WE,Towers with Radar,616,122,71,1,810,0,8,97,4,109,616,130,168,5,919,26,0,26,945
09/23/2019,SLC,UT,ANM,WE,Towers with Radar,658,147,52,5,862,0,11,118,2,131,658,158,170,7,993,0,0,0,993
09/24/2019,SLC,UT,ANM,WE,Towers with Radar,661,135,56,7,859,0,20,130,0,150,661,155,186,7,1009,40,0,40,1049
09/25/2019,SLC,UT,ANM,WE,Towers with Radar,669,158,64,8,899,0,21,132,2,155,669,179,196,10,1054,0,0,0,1054
09/26/2019,SLC,UT,ANM,WE,Towers with Radar,669,151,80,6,906,0,14,138,2,154,669,165,218,8,1060,0,0,0,1060
09/27/2019,SLC,UT,ANM,WE,Towers with Radar,661,153,67,1,882,0,13,108,11,132,661,166,175,12,1014,0,0,0,1014
09/28/2019,SLC,UT,ANM,WE,Towers with Radar,536,111,35,0,682,0,6,1,3,10,536,117,36,3,692,0,0,0,692
09/29/2019,SLC,UT,ANM,WE,Towers with Radar,614,124,29,1,768,0,4,1,2,7,614,128,30,3,775,0,0,0,775
09/30/2019,SLC,UT,ANM,WE,Towers with Radar,666,146,51,4,867,0,12,83,0,95,666,158,134,4,962,0,0,0,962
10/01/2019,SLC,UT,ANM,WE,Towers with Radar,656,159,48,4,867,1,11,147,4,163,657,170,195,8,1030,0,0,0,1030
10/02/2019,SLC,UT,ANM,WE,Towers with Radar,666,158,54,6,884,0,9,101,8,118,666,167,155,14,1002,0,0,0,1002
10/03/2019,SLC,UT,ANM,WE,Towers with Radar,674,169,62,6,911,0,15,154,6,175,674,184,216,12,1086,0,0,0,1086
10/04/2019,SLC,UT,ANM,WE,Towers with Radar,671,155,58,4,888,0,8,51,3,62,671,163,109,7,950,0,0,0,950
10/05/2019,SLC,UT,ANM,WE,Towers with Radar,511,99,35,1,646,0,7,93,3,103,511,106,128,4,749,0,0,0,749
10/06/2019,SLC,UT,ANM,WE,Towers with Radar,608,120,55,2,785,0,4,72,3,79,608,124,127,5,864,0,0,0,864
10/07/2019,SLC,UT,ANM,WE,Towers with Radar,658,161,67,3,889,0,13,122,14,149,658,174,189,17,1038,0,0,0,1038
10/08/2019,SLC,UT,ANM,WE,Towers with Radar,663,163,70,7,903,0,9,131,2,142,663,172,201,9,1045,0,0,0,1045
10/09/2019,SLC,UT,ANM,WE,Towers with Radar,671,167,60,6,904,0,8,20,2,30,671,175,80,8,934,0,0,0,934
10/10/2019,SLC,UT,ANM,WE,Towers with Radar,667,174,57,4,902,0,10,126,4,140,667,184,183,8,1042,68,0,68,1110
10/11/2019,SLC,UT,ANM,WE,Towers with Radar,667,152,61,0,880,0,11,119,10,140,667,163,180,10,1020,0,0,0,1020
10/12/2019,SLC,UT,ANM,WE,Towers with Radar,521,93,33,1,648,0,4,87,3,94,521,97,120,4,742,0,0,0,742
10/13/2019,SLC,UT,ANM,WE,Towers with Radar,619,115,33,2,769,0,2,58,1,61,619,117,91,3,830,0,0,0,830
10/14/2019,SLC,UT,ANM,WE,Towers with Radar,666,141,43,0,850,1,10,72,2,85,667,151,115,2,935,0,0,0,935
10/15/2019,SLC,UT,ANM,WE,Towers with Radar,653,164,64,6,887,0,12,137,5,154,653,176,201,11,1041,106,0,106,1147
10/16/2019,SLC,UT,ANM,WE,Towers with Radar,675,158,65,8,906,0,14,126,12,152,675,172,191,20,1058,0,0,0,1058
10/17/2019,SLC,UT,ANM,WE,Towers with Radar,670,156,61,2,889,0,4,23,1,28,670,160,84,3,917,0,0,0,917
10/18/2019,SLC,UT,ANM,WE,Towers with Radar,675,158,59,2,894,0,10,135,3,148,675,168,194,5,1042,28,0,28,1070
10/19/2019,SLC,UT,ANM,WE,Towers with Radar,540,105,46,0,691,0,1,17,0,18,540,106,63,0,709,0,0,0,709
10/20/2019,SLC,UT,ANM,WE,Towers with Radar,614,118,52,0,784,0,5,15,2,22,614,123,67,2,806,0,0,0,806
10/21/2019,SLC,UT,ANM,WE,Towers with Radar,677,140,52,1,870,0,5,52,5,62,677,145,104,6,932,0,0,0,932
10/22/2019,SLC,UT,ANM,WE,Towers with Radar,671,161,70,3,905,0,12,121,6,139,671,173,191,9,1044,0,0,0,1044
10/23/2019,SLC,UT,ANM,WE,Towers with Radar,665,148,56,5,874,0,12,66,8,86,665,160,122,13,960,0,0,0,960
10/24/2019,SLC,UT,ANM,WE,Towers with Radar,669,149,64,3,885,0,12,108,13,133,669,161,172,16,1018,0,0,0,1018
10/25/2019,SLC,UT,ANM,WE,Towers with Radar,682,145,60,5,892,0,12,111,2,125,682,157,171,7,1017,0,0,0,1017
10/26/2019,SLC,UT,ANM,WE,Towers with Radar,499,90,25,1,615,0,12,57,1,70,499,102,82,2,685,48,0,48,733
10/27/2019,SLC,UT,ANM,WE,Towers with Radar,554,99,24,0,677,0,6,3,3,12,554,105,27,3,689,0,0,0,689
10/28/2019,SLC,UT,ANM,WE,Towers with Radar,592,126,49,7,774,0,8,60,3,71,592,134,109,10,845,30,0,30,875
10/29/2019,SLC,UT,ANM,WE,Towers with Radar,587,136,57,4,784,0,4,5,2,11,587,140,62,6,795,0,0,0,795
10/30/2019,SLC,UT,ANM,WE,Towers with Radar,566,141,67,5,779,0,22,130,4,156,566,163,197,9,935,0,0,0,935
10/31/2019,SLC,UT,ANM,WE,Towers with Radar,497,131,44,5,677,0,4,115,6,125,497,135,159,11,802,20,0,20,822
11/01/2019,SLC,UT,ANM,WE,Towers with Radar,545,129,56,3,733,0,15,127,4,146,545,144,183,7,879,40,0,40,919
11/02/2019,SLC,UT,ANM,WE,Towers with Radar,482,96,42,0,620,0,1,93,5,99,482,97,135,5,719,20,0,20,739
11/03/2019,SLC,UT,ANM,WE,Towers with Radar,595,97,37,3,732,0,5,85,1,91,595,102,122,4,823,20,0,20,843
11/04/2019,SLC,UT,ANM,WE,Towers with Radar,620,159,42,6,827,0,18,122,5,145,620,177,164,11,972,16,0,16,988
11/05/2019,SLC,UT,ANM,WE,Towers with Radar,588,179,49,7,823,0,15,144,5,164,588,194,193,12,987,28,0,28,1015
11/06/2019,SLC,UT,ANM,WE,Towers with Radar,619,159,65,3,846,0,14,139,5,158,619,173,204,8,1004,0,0,0,1004
11/07/2019,SLC,UT,ANM,WE,Towers with Radar,643,153,48,2,846,0,6,147,8,161,643,159,195,10,1007,18,0,18,1025
11/08/2019,SLC,UT,ANM,WE,Towers with Radar,645,151,68,0,864,0,16,113,3,132,645,167,181,3,996,88,0,88,1084
11/09/2019,SLC,UT,ANM,WE,Towers with Radar,491,98,50,1,640,0,10,123,0,133,491,108,173,1,773,0,0,0,773
11/10/2019,SLC,UT,ANM,WE,Towers with Radar,611,97,20,0,728,0,12,58,1,71,611,109,78,1,799,0,0,0,799
11/11/2019,SLC,UT,ANM,WE,Towers with Radar,622,145,55,0,822,0,5,95,0,100,622,150,150,0,922,12,0,12,934
11/12/2019,SLC,UT,ANM,WE,Towers with Radar,635,158,58,7,858,0,6,117,8,131,635,164,175,15,989,0,0,0,989
11/13/2019,SLC,UT,ANM,WE,Towers with Radar,635,156,62,8,861,0,6,115,2,123,635,162,177,10,984,0,0,0,984
11/14/2019,SLC,UT,ANM,WE,Towers with Radar,643,154,55,3,855,0,7,145,2,154,643,161,200,5,1009,0,0,0,1009
11/15/2019,SLC,UT,ANM,WE,Towers with Radar,639,153,57,1,850,0,4,124,0,128,639,157,181,1,978,18,0,18,996
11/16/2019,SLC,UT,ANM,WE,Towers with Radar,492,95,18,0,605,0,10,72,2,84,492,105,90,2,689,20,0,20,709
11/17/2019,SLC,UT,ANM,WE,Towers with Radar,612,106,42,1,761,0,16,55,0,71,612,122,97,1,832,40,0,40,872
11/18/2019,SLC,UT,ANM,WE,Towers with Radar,642,151,54,5,852,0,13,101,1,115,642,164,155,6,967,0,0,0,967
11/19/2019,SLC,UT,ANM,WE,Towers with Radar,647,165,67,3,882,0,6,110,3,119,647,171,177,6,1001,48,0,48,1049
11/20/2019,SLC,UT,ANM,WE,Towers with Radar,627,165,50,4,846,0,11,17,0,28,627,176,67,4,874,0,0,0,874
11/21/2019,SLC,UT,ANM,WE,Towers with Radar,643,157,60,0,860,0,8,36,2,46,643,165,96,2,906,0,0,0,906
11/22/2019,SLC,UT,ANM,WE,Towers with Radar,647,171,68,1,887,0,5,43,2,50,647,176,111,3,937,10,0,10,947
11/23/2019,SLC,UT,ANM,WE,Towers with Radar,495,101,39,2,637,0,6,127,2,135,495,107,166,4,772,6,0,6,778
11/24/2019,SLC,UT,ANM,WE,Towers with Radar,547,101,49,3,700,0,14,84,2,100,547,115,133,5,800,48,0,48,848
11/25/2019,SLC,UT,ANM,WE,Towers with Radar,534,152,40,4,730,0,6,3,0,9,534,158,43,4,739,0,0,0,739
11/26/2019,SLC,UT,ANM,WE,Towers with Radar,598,171,70,3,842,0,15,59,3,77,598,186,129,6,919,0,0,0,919
11/27/2019,SLC,UT,ANM,WE,Towers with Radar,639,169,52,0,860,1,4,1,0,6,640,173,53,0,866,0,0,0,866
11/28/2019,SLC,UT,ANM,WE,Towers with Radar,371,53,13,0,437,0,5,0,0,5,371,58,13,0,442,0,0,0,442
11/29/2019,SLC,UT,ANM,WE,Towers with Radar,411,116,34,0,561,0,0,3,0,3,411,116,37,0,564,0,0,0,564
11/30/2019,SLC,UT,ANM,WE,Towers with Radar,611,128,57,1,797,0,5,39,0,44,611,133,96,1,841,0,0,0,841
12/01/2019,SLC,UT,ANM,WE,Towers with Radar,672,125,55,0,852,0,4,52,0,56,672,129,107,0,908,0,0,0,908
12/02/2019,SLC,UT,ANM,WE,Towers with Radar,643,160,51,5,859,0,6,67,0,73,643,166,118,5,932,0,0,0,932
12/03/2019,SLC,UT,ANM,WE,Towers with Radar,649,158,66,7,880,0,2,74,2,78,649,160,140,9,958,0,0,0,958
12/04/2019,SLC,UT,ANM,WE,Towers with Radar,639,140,69,2,850,0,0,0,2,2,639,140,69,4,852,0,0,0,852
12/05/2019,SLC,UT,ANM,WE,Towers with Radar,657,175,73,4,909,0,0,0,0,0,657,175,73,4,909,0,0,0,909
12/06/2019,SLC,UT,ANM,WE,Towers with Radar,645,142,73,2,862,1,1,23,0,25,646,143,96,2,887,0,0,0,887
12/07/2019,SLC,UT,ANM,WE,Towers with Radar,507,110,40,3,660,0,1,7,0,8,507,111,47,3,668,0,0,0,668
12/08/2019,SLC,UT,ANM,WE,Towers with Radar,590,129,49,2,770,0,2,13,0,15,590,131,62,2,785,10,0,10,795
12/09/2019,SLC,UT,ANM,WE,Towers with Radar,627,166,77,7,877,0,16,106,1,123,627,182,183,8,1000,30,0,30,1030
12/10/2019,SLC,UT,ANM,WE,Towers with Radar,617,169,69,10,865,0,11,155,2,168,617,180,224,12,1033,0,0,0,1033
12/11/2019,SLC,UT,ANM,WE,Towers with Radar,621,170,76,11,878,0,11,111,3,125,621,181,187,14,1003,0,0,0,1003
12/12/2019,SLC,UT,ANM,WE,Towers with Radar,649,170,75,7,901,0,6,6,0,12,649,176,81,7,913,0,0,0,913
12/13/2019,SLC,UT,ANM,WE,Towers with Radar,642,174,86,2,904,0,8,44,4,56,642,182,130,6,960,0,0,0,960
12/14/2019,SLC,UT,ANM,WE,Towers with Radar,478,117,37,0,632,0,7,10,0,17,478,124,47,0,649,0,0,0,649
12/15/2019,SLC,UT,ANM,WE,Towers with Radar,593,114,45,0,752,0,10,60,2,72,593,124,105,2,824,46,0,46,870
12/16/2019,SLC,UT,ANM,WE,Towers with Radar,626,146,55,4,831,0,8,73,1,82,626,154,128,5,913,42,0,42,955
12/17/2019,SLC,UT,ANM,WE,Towers with Radar,643,151,50,7,851,0,10,135,6,151,643,161,185,13,1002,0,0,0,1002
12/18/2019,SLC,UT,ANM,WE,Towers with Radar,652,172,67,7,898,0,10,133,5,148,652,182,200,12,1046,0,0,0,1046
12/19/2019,SLC,UT,ANM,WE,Towers with Radar,682,171,73,0,926,0,9,128,7,144,682,180,201,7,1070,0,0,0,1070
12/20/2019,SLC,UT,ANM,WE,Towers with Radar,690,198,101,0,989,0,24,137,1,162,690,222,238,1,1151,0,0,0,1151
12/21/2019,SLC,UT,ANM,WE,Towers with Radar,700,173,71,0,944,0,2,53,0,55,700,175,124,0,999,52,0,52,1051
12/22/2019,SLC,UT,ANM,WE,Towers with Radar,725,164,59,0,948,0,10,37,0,47,725,174,96,0,995,16,0,16,1011
12/23/2019,SLC,UT,ANM,WE,Towers with Radar,711,186,59,6,962,1,9,48,4,62,712,195,107,10,1024,0,0,0,1024
12/24/2019,SLC,UT,ANM,WE,Towers with Radar,528,144,38,0,710,0,10,13,0,23,528,154,51,0,733,0,0,0,733
12/25/2019,SLC,UT,ANM,WE,Towers with Radar,464,106,21,0,591,0,0,2,0,2,464,106,23,0,593,0,0,0,593
12/26/2019,SLC,UT,ANM,WE,Towers with Radar,690,223,93,0,1006,0,5,9,2,16,690,228,102,2,1022,0,0,0,1022
12/27/2019,SLC,UT,ANM,WE,Towers with Radar,712,213,104,0,1029,1,3,39,0,43,713,216,143,0,1072,0,0,0,1072
12/28/2019,SLC,UT,ANM,WE,Towers with Radar,667,162,76,0,905,0,4,61,0,65,667,166,137,0,970,0,0,0,970
12/29/2019,SLC,UT,ANM,WE,Towers with Radar,702,149,47,0,898,0,5,10,0,15,702,154,57,0,913,0,0,0,913
12/30/2019,SLC,UT,ANM,WE,Towers with Radar,711,196,90,5,1002,0,2,3,0,5,711,198,93,5,1007,0,0,0,1007
12/31/2019,SLC,UT,ANM,WE,Towers with Radar,538,193,82,3,816,0,12,41,3,56,538,205,123,6,872,0,0,0,872
01/01/2020,SLC,UT,ANM,WE,Towers with Radar,549,149,62,0,760,0,5,0,1,6,549,154,62,1,766,0,0,0,766
01/02/2020,SLC,UT,ANM,WE,Towers with Radar,652,223,79,0,954,0,13,42,4,59,652,236,121,4,1013,0,0,0,1013
01/03/2020,SLC,UT,ANM,WE,Towers with Radar,655,208,98,0,961,0,6,119,2,127,655,214,217,2,1088,0,0,0,1088
01/04/2020,SLC,UT,ANM,WE,Towers with Radar,594,178,72,0,844,0,4,79,6,89,594,182,151,6,933,0,0,0,933
01/05/2020,SLC,UT,ANM,WE,Towers with Radar,663,160,88,0,911,0,2,27,0,29,663,162,115,0,940,0,0,0,940
01/06/2020,SLC,UT,ANM,WE,Towers with Radar,660,186,60,5,911,0,16,103,0,119,660,202,163,5,1030,0,0,0,1030
01/07/2020,SLC,UT,ANM,WE,Towers with Radar,653,175,45,5,878,0,16,133,3,152,653,191,178,8,1030,0,0,0,1030
01/08/2020,SLC,UT,ANM,WE,Towers with Radar,641,177,83,7,908,0,8,38,1,47,641,185,121,8,955,0,0,0,955
01/09/2020,SLC,UT,ANM,WE,Towers with Radar,650,201,55,7,913,0,7,28,2,37,650,208,83,9,950,0,0,0,950
01/10/2020,SLC,UT,ANM,WE,Towers with Radar,653,174,59,1,887,0,16,103,0,119,653,190,162,1,1006,0,0,0,1006
01/11/2020,SLC,UT,ANM,WE,Towers with Radar,517,115,37,0,669,0,6,1,2,9,517,121,38,2,678,32,0,32,710
01/12/2020,SLC,UT,ANM,WE,Towers with Radar,620,147,46,2,815,0,3,1,0,4,620,150,47,2,819,0,0,0,819
01/13/2020,SLC,UT,ANM,WE,Towers with Radar,646,182,76,4,908,0,6,13,1,20,646,188,89,5,928,0,0,0,928
01/14/2020,SLC,UT,ANM,WE,Towers with Radar,637,170,77,4,888,0,10,11,3,24,637,180,88,7,912,0,0,0,912
01/15/2020,SLC,UT,ANM,WE,Towers with Radar,637,183,54,6,880,0,15,145,11,171,637,198,199,17,1051,0,0,0,1051
01/16/2020,SLC,UT,ANM,WE,Towers with Radar,660,205,101,4,970,0,11,61,5,77,660,216,162,9,1047,0,0,0,1047
01/17/2020,SLC,UT,ANM,WE,Towers with Radar,641,245,89,3,978,0,12,45,0,57,641,257,134,3,1035,0,0,0,1035
01/18/2020,SLC,UT,ANM,WE,Towers with Radar,462,117,63,7,649,0,13,131,8,152,462,130,194,15,801,0,0,0,801
01/19/2020,SLC,UT,ANM,WE,Towers with Radar,508,114,35,1,658,0,5,80,0,85,508,119,115,1,743,0,0,0,743
01/20/2020,SLC,UT,ANM,WE,Towers with Radar,634,208,102,6,950,0,12,128,0,140,634,220,230,6,1090,0,0,0,1090
01/21/2020,SLC,UT,ANM,WE,Towers with Radar,635,171,58,4,868,0,13,27,2,42,635,184,85,6,910,0,0,0,910
01/22/2020,SLC,UT,ANM,WE,Towers with Radar,639,180,75,4,898,0,6,11,2,19,639,186,86,6,917,0,0,0,917
01/23/2020,SLC,UT,ANM,WE,Towers with Radar,659,224,142,5,1030,0,15,112,2,129,659,239,254,7,1159,0,0,0,1159
01/24/2020,SLC,UT,ANM,WE,Towers with Radar,650,205,98,4,957,0,3,20,1,24,650,208,118,5,981,0,0,0,981
01/25/2020,SLC,UT,ANM,WE,Towers with Radar,511,132,65,2,710,0,5,16,0,21,511,137,81,2,731,0,0,0,731
01/26/2020,SLC,UT,ANM,WE,Towers with Radar,612,168,131,2,913,0,6,23,2,31,612,174,154,4,944,0,0,0,944
01/27/2020,SLC,UT,ANM,WE,Towers with Radar,641,192,91,14,938,0,14,83,2,99,641,206,174,16,1037,0,0,0,1037
01/28/2020,SLC,UT,ANM,WE,Towers with Radar,634,184,100,7,925,0,11,71,5,87,634,195,171,12,1012,0,0,0,1012
01/29/2020,SLC,UT,ANM,WE,Towers with Radar,632,190,71,2,895,0,6,49,0,55,632,196,120,2,950,0,0,0,950
01/30/2020,SLC,UT,ANM,WE,Towers with Radar,656,194,66,6,922,0,5,5,4,14,656,199,71,10,936,0,0,0,936
01/31/2020,SLC,UT,ANM,WE,Towers with Radar,659,208,98,4,969,1,6,134,2,143,660,214,232,6,1112,0,0,0,1112
02/01/2020,SLC,UT,ANM,WE,Towers with Radar,473,133,45,9,660,0,3,136,3,142,473,136,181,12,802,0,0,0,802
02/02/2020,SLC,UT,ANM,WE,Towers with Radar,562,170,60,2,794,0,10,33,1,44,562,180,93,3,838,0,0,0,838
02/03/2020,SLC,UT,ANM,WE,Towers with Radar,637,193,58,1,889,0,3,0,0,3,637,196,58,1,892,0,0,0,892
02/04/2020,SLC,UT,ANM,WE,Towers with Radar,627,183,50,3,863,1,17,119,2,139,628,200,169,5,1002,0,0,0,1002
02/05/2020,SLC,UT,ANM,WE,Towers with Radar,631,193,80,2,906,0,5,5,0,10,631,198,85,2,916,0,0,0,916
02/06/2020,SLC,UT,ANM,WE,Towers with Radar,672,206,69,1,948,0,3,4,1,8,672,209,73,2,956,0,0,0,956
02/07/2020,SLC,UT,ANM,WE,Towers with Radar,661,216,73,0,950,0,15,45,2,62,661,231,118,2,1012,4,0,4,1016
02/08/2020,SLC,UT,ANM,WE,Towers with Radar,531,134,38,3,706,0,4,58,5,67,531,138,96,8,773,0,0,0,773
02/09/2020,SLC,UT,ANM,WE,Towers with Radar,606,151,60,1,818,0,4,93,1,98,606,155,153,2,916,0,0,0,916
02/10/2020,SLC,UT,ANM,WE,Towers with Radar,641,163,55,5,864,0,6,111,4,121,641,169,166,9,985,4,0,4,989
02/11/2020,SLC,UT,ANM,WE,Towers with Radar,646,162,66,6,880,0,19,135,4,158,646,181,201,10,1038,4,0,4,1042
02/12/2020,SLC,UT,ANM,WE,Towers with Radar,633,173,81,3,890,0,8,111,10,129,633,181,192,13,1019,0,0,0,1019
02/13/2020,SLC,UT,ANM,WE,Towers with Radar,657,199,96,4,956,0,11,147,6,164,657,210,243,10,1120,0,0,0,1120
02/14/2020,SLC,UT,ANM,WE,Towers with Radar,669,222,114,4,1009,0,13,97,0,110,669,235,211,4,1119,0,0,0,1119
02/15/2020,SLC,UT,ANM,WE,Towers with Radar,508,133,53,2,696,0,5,110,0,115,508,138,163,2,811,0,0,0,811
02/16/2020,SLC,UT,ANM,WE,Towers with Radar,528,139,58,6,731,0,5,2,0,7,528,144,60,6,738,20,0,20,758
02/17/2020,SLC,UT,ANM,WE,Towers with Radar,637,219,114,3,973,0,7,100,3,110,637,226,214,6,1083,0,0,0,1083
02/18/2020,SLC,UT,ANM,WE,Towers with Radar,642,195,69,8,914,0,7,129,5,141,642,202,198,13,1055,0,0,0,1055
02/19/2020,SLC,UT,ANM,WE,Towers with Radar,656,186,75,3,920,0,12,134,5,151,656,198,209,8,1071,20,0,20,1091
02/20/2020,SLC,UT,ANM,WE,Towers with Radar,663,196,79,1,939,0,19,148,11,178,663,215,227,12,1117,0,0,0,1117
02/21/2020,SLC,UT,ANM,WE,Towers with Radar,670,174,65,0,909,0,8,135,13,156,670,182,200,13,1065,24,0,24,1089
02/22/2020,SLC,UT,ANM,WE,Towers with Radar,543,148,55,1,747,0,9,111,2,122,543,157,166,3,869,0,0,0,869
02/23/2020,SLC,UT,ANM,WE,Towers with Radar,629,154,75,1,859,0,6,65,0,71,629,160,140,1,930,0,0,0,930
02/24/2020,SLC,UT,ANM,WE,Towers with Radar,649,185,60,2,896,0,11,60,4,75,649,196,120,6,971,0,0,0,971
02/25/2020,SLC,UT,ANM,WE,Towers with Radar,646,171,60,7,884,0,13,132,3,148,646,184,192,10,1032,0,0,0,1032
02/26/2020,SLC,UT,ANM,WE,Towers with Radar,665,163,73,6,907,0,13,133,0,146,665,176,206,6,1053,0,0,0,1053
02/27/2020,SLC,UT,ANM,WE,Towers with Radar,660,171,66,8,905,0,13,126,2,141,660,184,192,10,1046,0,0,0,1046
02/28/2020,SLC,UT,ANM,WE,Towers with Radar,664,179,71,1,915,0,14,168,1,183,664,193,239,2,1098,0,0,0,1098
02/29/2020,SLC,UT,ANM,WE,Towers with Radar,543,122,77,0,742,0,9,44,1,54,543,131,121,1,796,0,0,0,796
03/01/2020,SLC,UT,ANM,WE,Towers with Radar,620,182,83,0,885,0,2,1,2,5,620,184,84,2,890,0,0,0,890
03/02/2020,SLC,UT,ANM,WE,Towers with Radar,653,169,53,4,879,0,18,149,0,167,653,187,202,4,1046,0,0,0,1046
03/03/2020,SLC,UT,ANM,WE,Towers with Radar,648,180,73,6,907,0,7,153,3,163,648,187,226,9,1070,0,0,0,1070
03/04/2020,SLC,UT,ANM,WE,Towers with Radar,643,164,82,7,896,0,17,115,4,136,643,181,197,11,1032,10,0,10,1042
03/05/2020,SLC,UT,ANM,WE,Towers with Radar,669,194,91,5,959,0,9,169,0,178,669,203,260,5,1137,0,0,0,1137
03/06/2020,SLC,UT,ANM,WE,Towers with Radar,676,183,54,9,922,0,18,78,2,98,676,201,132,11,1020,50,0,50,1070
03/07/2020,SLC,UT,ANM,WE,Towers with Radar,536,150,63,0,749,0,7,27,1,35,536,157,90,1,784,0,0,0,784
03/08/2020,SLC,UT,ANM,WE,Towers with Radar,623,169,81,2,875,0,11,29,0,40,623,180,110,2,915,0,0,0,915
03/09/2020,SLC,UT,ANM,WE,Towers with Radar,665,171,70,10,916,0,13,71,0,84,665,184,141,10,1000,0,0,0,1000
03/10/2020,SLC,UT,ANM,WE,Towers with Radar,648,163,62,4,877,0,13,131,5,149,648,176,193,9,1026,66,0,66,1092
03/11/2020,SLC,UT,ANM,WE,Towers with Radar,651,175,73,3,902,0,11,113,4,128,651,186,186,7,1030,28,0,28,1058
03/12/2020,SLC,UT,ANM,WE,Towers with Radar,707,171,85,3,966,0,10,120,1,131,707,181,205,4,1097,0,0,0,1097
03/13/2020,SLC,UT,ANM,WE,Towers with Radar,704,199,66,0,969,0,9,51,6,66,704,208,117,6,1035,0,0,0,1035
03/14/2020,SLC,UT,ANM,WE,Towers with Radar,606,176,77,1,860,0,11,5,2,18,606,187,82,3,878,0,0,0,878
03/15/2020,SLC,UT,ANM,WE,Towers with Radar,661,150,69,5,885,0,4,17,0,21,661,154,86,5,906,0,0,0,906
03/16/2020,SLC,UT,ANM,WE,Towers with Radar,696,185,57,5,943,0,8,80,2,90,696,193,137,7,1033,0,0,0,1033
03/17/2020,SLC,UT,ANM,WE,Towers with Radar,678,170,51,5,904,0,14,40,0,54,678,184,91,5,958,24,0,24,982
03/18/2020,SLC,UT,ANM,WE,Towers with Radar,211,71,38,0,320,0,6,4,2,12,211,77,42,2,332,10,0,10,342
03/19/2020,SLC,UT,ANM,WE,Towers with Radar,584,141,35,0,760,0,3,3,0,6,584,144,38,0,766,0,0,0,766
03/20/2020,SLC,UT,ANM,WE,Towers with Radar,568,149,44,0,761,0,8,10,0,18,568,157,54,0,779,0,0,0,779
03/21/2020,SLC,UT,ANM,WE,Towers with Radar,420,103,29,1,553,0,14,87,4,105,420,117,116,5,658,0,0,0,658
03/22/2020,SLC,UT,ANM,WE,Towers with Radar,470,110,33,0,613,0,3,74,4,81,470,113,107,4,694,0,0,0,694
03/23/2020,SLC,UT,ANM,WE,Towers with Radar,465,149,23,3,640,0,9,40,0,49,465,158,63,3,689,20,0,20,709
03/24/2020,SLC,UT,ANM,WE,Towers with Radar,433,138,20,2,593,0,11,11,2,24,433,149,31,4,617,8,0,8,625
03/25/2020,SLC,UT,ANM,WE,Towers with Radar,444,119,15,5,583,0,4,2,13,19,444,123,17,18,602,0,0,0,602
03/26/2020,SLC,UT,ANM,WE,Towers with Radar,415,113,16,14,558,0,14,18,0,32,415,127,34,14,590,0,0,0,590
03/27/2020,SLC,UT,ANM,WE,Towers with Radar,422,110,30,0,562,0,4,118,3,125,422,114,148,3,687,0,0,0,687
03/28/2020,SLC,UT,ANM,WE,Towers with Radar,413,101,24,0,538,0,8,44,0,52,413,109,68,0,590,42,0,42,632
03/29/2020,SLC,UT,ANM,WE,Towers with Radar,381,100,8,2,491,0,1,29,0,30,381,101,37,2,521,100,0,100,621
03/30/2020,SLC,UT,ANM,WE,Towers with Radar,360,135,17,2,514,0,9,52,0,61,360,144,69,2,575,64,0,64,639
03/31/2020,SLC,UT,ANM,WE,Towers with Radar,397,137,20,4,558,0,14,40,2,56,397,151,60,6,614,70,0,70,684
04/01/2020,SLC,UT,ANM,WE,Towers with Radar,381,97,22,9,509,0,8,46,2,56,381,105,68,11,565,64,4,68,633
04/02/2020,SLC,UT,ANM,WE,Towers with Radar,313,84,22,4,423,0,9,58,2,69,313,93,80,6,492,0,2,2,494
04/03/2020,SLC,UT,ANM,WE,Towers with Radar,331,86,22,1,440,0,11,105,1,117,331,97,127,2,557,0,0,0,557
04/04/2020,SLC,UT,ANM,WE,Towers with Radar,308,48,15,0,371,0,5,62,0,67,308,53,77,0,438,0,0,0,438
04/05/2020,SLC,UT,ANM,WE,Towers with Radar,303,43,19,0,365,0,8,21,0,29,303,51,40,0,394,0,0,0,394
04/06/2020,SLC,UT,ANM,WE,Towers with Radar,275,74,19,8,376,0,6,16,3,25,275,80,35,11,401,0,0,0,401
04/07/2020,SLC,UT,ANM,WE,Towers with Radar,322,83,21,3,429,0,2,60,8,70,322,85,81,11,499,16,0,16,515
04/08/2020,SLC,UT,ANM,WE,Towers with Radar,313,83,18,19,433,0,14,63,5,82,313,97,81,24,515,0,14,14,529
04/09/2020,SLC,UT,ANM,WE,Towers with Radar,311,93,10,5,419,0,4,60,8,72,311,97,70,13,491,6,8,14,505
04/10/2020,SLC,UT,ANM,WE,Towers with Radar,285,74,20,3,382,0,13,83,4,100,285,87,103,7,482,0,0,0,482
04/11/2020,SLC,UT,ANM,WE,Towers with Radar,278,54,19,1,352,0,3,45,0,48,278,57,64,1,400,0,0,0,400
04/12/2020,SLC,UT,ANM,WE,Towers with Radar,256,37,7,1,301,0,6,20,0,26,256,43,27,1,327,0,0,0,327
04/13/2020,SLC,UT,ANM,WE,Towers with Radar,266,85,15,6,372,0,11,47,2,60,266,96,62,8,432,106,0,106,538
04/14/2020,SLC,UT,ANM,WE,Towers with Radar,275,73,18,10,376,0,14,44,7,65,275,87,62,17,441,62,0,62,503
04/15/2020,SLC,UT,ANM,WE,Towers with Radar,267,82,21,7,377,0,12,13,2,27,267,94,34,9,404,44,0,44,448
04/16/2020,SLC,UT,ANM,WE,Towers with Radar,241,83,18,12,354,0,9,47,3,59,241,92,65,15,413,88,0,88,501
04/17/2020,SLC,UT,ANM,WE,Towers with Radar,244,74,28,0,346,0,20,129,2,151,244,94,157,2,497,54,0,54,551
04/18/2020,SLC,UT,ANM,WE,Towers with Radar,217,55,18,0,290,0,1,62,6,69,217,56,80,6,359,6,0,6,365
04/19/2020,SLC,UT,ANM,WE,Towers with Radar,225,49,22,0,296,0,8,40,0,48,225,57,62,0,344,28,0,28,372
04/20/2020,SLC,UT,ANM,WE,Towers with Radar,234,81,24,6,345,0,5,69,0,74,234,86,93,6,419,0,0,0,419
04/21/2020,SLC,UT,ANM,WE,Towers with Radar,247,83,21,2,353,0,19,71,3,93,247,102,92,5,446,42,0,42,488
04/22/2020,SLC,UT,ANM,WE,Towers with Radar,249,88,23,2,362,0,16,66,1,83,249,104,89,3,445,0,0,0,445
04/23/2020,SLC,UT,ANM,WE,Towers with Radar,258,78,23,7,366,0,11,34,9,54,258,89,57,16,420,0,12,12,432
04/24/2020,SLC,UT,ANM,WE,Towers with Radar,237,76,33,0,346,0,16,120,0,136,237,92,153,0,482,102,0,102,584
04/25/2020,SLC,UT,ANM,WE,Towers with Radar,204,56,15,1,276,0,11,91,2,104,204,67,106,3,380,20,0,20,400
04/26/2020,SLC,UT,ANM,WE,Towers with Radar,223,50,18,1,292,0,14,31,2,47,223,64,49,3,339,0,0,0,339
04/27/2020,SLC,UT,ANM,WE,Towers with Radar,220,77,26,13,336,0,10,64,6,80,220,87,90,19,416,80,0,80,496
04/28/2020,SLC,UT,ANM,WE,Towers with Radar,250,81,18,10,359,0,15,92,2,109,250,96,110,12,468,74,0,74,542
04/29/2020,SLC,UT,ANM,WE,Towers with Radar,258,80,13,5,356,0,16,64,4,84,258,96,77,9,440,0,0,0,440
04/30/2020,SLC,UT,ANM,WE,Towers with Radar,258,92,33,2,385,0,10,60,3,73,258,102,93,5,458,26,0,26,484
05/01/2020,SLC,UT,ANM,WE,Towers with Radar,247,86,27,0,360,0,11,43,1,55,247,97,70,1,415,38,0,38,453
05/02/2020,SLC,UT,ANM,WE,Towers with Radar,193,43,15,4,255,0,5,67,4,76,193,48,82,8,331,0,0,0,331
05/03/2020,SLC,UT,ANM,WE,Towers with Radar,207,36,17,0,260,0,3,39,2,44,207,39,56,2,304,0,0,0,304
05/04/2020,SLC,UT,ANM,WE,Towers with Radar,214,68,21,9,312,0,9,103,1,113,214,77,124,10,425,0,0,0,425
05/05/2020,SLC,UT,ANM,WE,Towers with Radar,238,78,36,7,359,0,6,100,4,110,238,84,136,11,469,0,0,0,469
05/06/2020,SLC,UT,ANM,WE,Towers with Radar,250,82,43,12,387,0,14,51,2,67,250,96,94,14,454,0,0,0,454
05/07/2020,SLC,UT,ANM,WE,Towers with Radar,249,84,43,7,383,0,13,109,4,126,249,97,152,11,509,0,0,0,509
05/08/2020,SLC,UT,ANM,WE,Towers with Radar,240,90,31,4,365,0,12,131,0,143,240,102,162,4,508,118,0,118,626
05/09/2020,SLC,UT,ANM,WE,Towers with Radar,194,46,37,1,278,0,10,72,6,88,194,56,109,7,366,30,0,30,396
05/10/2020,SLC,UT,ANM,WE,Towers with Radar,221,26,16,0,263,0,2,46,0,48,221,28,62,0,311,0,0,0,311
05/11/2020,SLC,UT,ANM,WE,Towers with Radar,236,83,30,4,353,0,18,30,3,51,236,101,60,7,404,0,0,0,404
05/12/2020,SLC,UT,ANM,WE,Towers with Radar,244,76,20,6,346,0,17,39,3,59,244,93,59,9,405,0,0,0,405
05/13/2020,SLC,UT,ANM,WE,Towers with Radar,235,83,49,15,382,0,7,80,13,100,235,90,129,28,482,16,24,40,522
05/14/2020,SLC,UT,ANM,WE,Towers with Radar,236,88,39,2,365,0,19,85,2,106,236,107,124,4,471,38,0,38,509
05/15/2020,SLC,UT,ANM,WE,Towers with Radar,231,86,32,4,353,0,13,99,0,112,231,99,131,4,465,54,0,54,519
05/16/2020,SLC,UT,ANM,WE,Towers with Radar,196,39,34,0,269,0,4,96,1,101,196,43,130,1,370,0,0,0,370
05/17/2020,SLC,UT,ANM,WE,Towers with Radar,213,28,28,0,269,0,5,23,3,31,213,33,51,3,300,0,0,0,300
05/18/2020,SLC,UT,ANM,WE,Towers with Radar,225,79,42,6,352,0,18,11,4,33,225,97,53,10,385,0,0,0,385
05/19/2020,SLC,UT,ANM,WE,Towers with Radar,235,73,38,7,353,0,21,22,2,45,235,94,60,9,398,0,0,0,398
05/20/2020,SLC,UT,ANM,WE,Towers with Radar,249,83,45,15,392,0,10,22,1,33,249,93,67,16,425,0,0,0,425
05/21/2020,SLC,UT,ANM,WE,Towers with Radar,256,87,62,4,409,0,24,137,5,166,256,111,199,9,575,0,0,0,575
05/22/2020,SLC,UT,ANM,WE,Towers with Radar,255,91,53,0,399,0,2,48,2,52,255,93,101,2,451,14,0,14,465
05/23/2020,SLC,UT,ANM,WE,Towers with Radar,208,42,28,0,278,0,10,28,3,41,208,52,56,3,319,0,0,0,319
05/24/2020,SLC,UT,ANM,WE,Towers with Radar,226,40,26,0,292,0,5,49,3,57,226,45,75,3,349,4,0,4,353
05/25/2020,SLC,UT,ANM,WE,Towers with Radar,225,27,44,0,296,0,5,96,2,103,225,32,140,2,399,26,0,26,425
05/26/2020,SLC,UT,ANM,WE,Towers with Radar,225,61,44,2,332,0,19,116,3,138,225,80,160,5,470,30,0,30,500
05/27/2020,SLC,UT,ANM,WE,Towers with Radar,249,102,46,2,399,0,23,93,7,123,249,125,139,9,522,18,0,18,540
05/28/2020,SLC,UT,ANM,WE,Towers with Radar,258,95,36,6,395,0,12,124,7,143,258,107,160,13,538,64,24,88,626
05/29/2020,SLC,UT,ANM,WE,Towers with Radar,256,80,26,0,362,0,11,93,8,112,256,91,119,8,474,56,0,56,530
05/30/2020,SLC,UT,ANM,WE,Towers with Radar,206,44,14,0,264,0,7,35,8,50,206,51,49,8,314,0,0,0,314
05/31/2020,SLC,UT,ANM,WE,Towers with Radar,241,43,34,1,319,1,7,51,2,61,242,50,85,3,380,0,0,0,380
06/01/2020,SLC,UT,ANM,WE,Towers with Radar,226,73,31,8,338,0,10,82,15,107,226,83,113,23,445,0,0,0,445
06/02/2020,SLC,UT,ANM,WE,Towers with Radar,280,83,56,5,424,0,17,100,8,125,280,100,156,13,549,0,0,0,549
06/03/2020,SLC,UT,ANM,WE,Towers with Radar,293,91,62,5,451,0,15,153,4,172,293,106,215,9,623,0,0,0,623
06/04/2020,SLC,UT,ANM,WE,Towers with Radar,298,87,49,3,437,0,16,118,6,140,298,103,167,9,577,54,0,54,631
06/05/2020,SLC,UT,ANM,WE,Towers with Radar,292,109,72,0,473,0,12,54,5,71,292,121,126,5,544,50,0,50,594
06/06/2020,SLC,UT,ANM,WE,Towers with Radar,273,70,57,0,400,0,5,18,14,37,273,75,75,14,437,0,0,0,437
06/07/2020,SLC,UT,ANM,WE,Towers with Radar,298,53,31,2,384,0,2,8,0,10,298,55,39,2,394,0,0,0,394
06/08/2020,SLC,UT,ANM,WE,Towers with Radar,300,71,62,15,448,0,9,19,15,43,300,80,81,30,491,0,10,10,501
06/09/2020,SLC,UT,ANM,WE,Towers with Radar,306,80,54,8,448,0,17,148,2,167,306,97,202,10,615,0,0,0,615
06/10/2020,SLC,UT,ANM,WE,Towers with Radar,311,92,72,12,487,0,21,137,10,168,311,113,209,22,655,0,0,0,655
06/11/2020,SLC,UT,ANM,WE,Towers with Radar,319,96,47,6,468,0,10,119,12,141,319,106,166,18,609,114,0,114,723
06/12/2020,SLC,UT,ANM,WE,Towers with Radar,313,97,69,2,481,0,13,57,2,72,313,110,126,4,553,32,0,32,585
06/13/2020,SLC,UT,ANM,WE,Towers with Radar,288,62,31,2,383,0,8,38,2,48,288,70,69,4,431,20,0,20,451
06/14/2020,SLC,UT,ANM,WE,Towers with Radar,313,69,45,0,427,0,9,81,2,92,313,78,126,2,519,32,0,32,551
06/15/2020,SLC,UT,ANM,WE,Towers with Radar,308,73,60,6,447,1,11,100,4,116,309,84,160,10,563,110,0,110,673
06/16/2020,SLC,UT,ANM,WE,Towers with Radar,318,97,55,6,476,0,17,23,1,41,318,114,78,7,517,0,0,0,517
06/17/2020,SLC,UT,ANM,WE,Towers with Radar,327,97,70,8,502,0,10,106,9,125,327,107,176,17,627,0,0,0,627
06/18/2020,SLC,UT,ANM,WE,Towers with Radar,332,105,60,5,502,0,17,130,9,156,332,122,190,14,658,76,0,76,734
06/19/2020,SLC,UT,ANM,WE,Towers with Radar,321,96,50,2,469,0,33,143,2,178,321,129,193,4,647,0,0,0,647
06/20/2020,SLC,UT,ANM,WE,Towers with Radar,298,68,46,2,414,0,9,94,1,104,298,77,140,3,518,0,0,0,518
06/21/2020,SLC,UT,ANM,WE,Towers with Radar,321,63,45,0,429,1,6,47,3,57,322,69,92,3,486,0,0,0,486
06/22/2020,SLC,UT,ANM,WE,Towers with Radar,318,88,48,5,459,0,15,88,3,106,318,103,136,8,565,104,0,104,669
06/23/2020,SLC,UT,ANM,WE,Towers with Radar,328,94,63,6,491,0,29,115,24,168,328,123,178,30,659,74,26,100,759
06/24/2020,SLC,UT,ANM,WE,Towers with Radar,335,102,66,9,512,0,13,130,9,152,335,115,196,18,664,86,6,92,756
06/25/2020,SLC,UT,ANM,WE,Towers with Radar,333,106,59,13,511,0,16,91,4,111,333,122,150,17,622,12,0,12,634
06/26/2020,SLC,UT,ANM,WE,Towers with Radar,337,105,65,1,508,0,17,105,5,127,337,122,170,6,635,0,0,0,635
06/27/2020,SLC,UT,ANM,WE,Towers with Radar,332,62,73,2,469,0,8,88,0,96,332,70,161,2,565,0,0,0,565
06/28/2020,SLC,UT,ANM,WE,Towers with Radar,368,56,61,1,486,0,7,18,0,25,368,63,79,1,511,0,0,0,511
06/29/2020,SLC,UT,ANM,WE,Towers with Radar,361,100,50,7,518,0,12,35,6,53,361,112,85,13,571,0,12,12,583
06/30/2020,SLC,UT,ANM,WE,Towers with Radar,375,99,80,1,555,0,13,72,13,98,375,112,152,14,653,22,0,22,675
07/01/2020,SLC,UT,ANM,WE,Towers with Radar,413,91,94,2,600,0,14,114,7,135,413,105,208,9,735,104,0,104,839
07/02/2020,SLC,UT,ANM,WE,Towers with Radar,489,110,94,2,695,0,11,124,7,142,489,121,218,9,837,110,0,110,947
07/03/2020,SLC,UT,ANM,WE,Towers with Radar,448,112,43,1,604,0,16,73,6,95,448,128,116,7,699,0,0,0,699
07/04/2020,SLC,UT,ANM,WE,Towers with Radar,377,51,19,0,447,0,6,47,4,57,377,57,66,4,504,0,0,0,504
07/05/2020,SLC,UT,ANM,WE,Towers with Radar,424,98,70,1,593,0,7,49,4,60,424,105,119,5,653,0,0,0,653
07/06/2020,SLC,UT,ANM,WE,Towers with Radar,464,92,72,1,629,0,17,106,0,123,464,109,178,1,752,0,0,0,752
07/07/2020,SLC,UT,ANM,WE,Towers with Radar,475,101,56,8,640,0,14,96,17,127,475,115,152,25,767,0,0,0,767
07/08/2020,SLC,UT,ANM,WE,Towers with Radar,458,109,56,5,628,0,23,107,6,136,458,132,163,11,764,0,0,0,764
07/09/2020,SLC,UT,ANM,WE,Towers with Radar,475,111,78,4,668,0,13,123,7,143,475,124,201,11,811,0,0,0,811
07/10/2020,SLC,UT,ANM,WE,Towers with Radar,477,114,57,1,649,0,8,95,0,103,477,122,152,1,752,0,0,0,752
07/11/2020,SLC,UT,ANM,WE,Towers with Radar,455,77,45,0,577,0,15,54,2,71,455,92,99,2,648,0,0,0,648
07/12/2020,SLC,UT,ANM,WE,Towers with Radar,475,83,86,2,646,0,6,57,3,66,475,89,143,5,712,0,0,0,712
07/13/2020,SLC,UT,ANM,WE,Towers with Radar,474,90,76,10,650,0,6,73,3,82,474,96,149,13,732,16,6,22,754
07/14/2020,SLC,UT,ANM,WE,Towers with Radar,480,96,64,9,649,0,22,93,0,115,480,118,157,9,764,72,0,72,836
07/15/2020,SLC,UT,ANM,WE,Towers with Radar,485,115,60,4,664,0,21,96,0,117,485,136,156,4,781,54,0,54,835
07/16/2020,SLC,UT,ANM,WE,Towers with Radar,497,113,65,4,679,0,16,79,2,97,497,129,144,6,776,4,0,4,780
07/17/2020,SLC,UT,ANM,WE,Towers with Radar,497,111,60,1,669,0,20,55,3,78,497,131,115,4,747,24,0,24,771
07/18/2020,SLC,UT,ANM,WE,Towers with Radar,485,69,49,0,603,0,8,65,0,73,485,77,114,0,676,0,0,0,676
07/19/2020,SLC,UT,ANM,WE,Towers with Radar,484,80,57,2,623,0,10,49,2,61,484,90,106,4,684,0,0,0,684
07/20/2020,SLC,UT,ANM,WE,Towers with Radar,469,92,46,5,612,0,14,104,5,123,469,106,150,10,735,0,0,0,735
07/21/2020,SLC,UT,ANM,WE,Towers with Radar,488,108,66,5,667,0,17,88,5,110,488,125,154,10,777,0,0,0,777
07/22/2020,SLC,UT,ANM,WE,Towers with Radar,492,106,58,6,662,0,13,44,5,62,492,119,102,11,724,0,0,0,724
07/23/2020,SLC,UT,ANM,WE,Towers with Radar,510,110,61,3,684,0,4,54,5,63,510,114,115,8,747,0,0,0,747
07/24/2020,SLC,UT,ANM,WE,Towers with Radar,496,122,67,3,688,0,20,82,3,105,496,142,149,6,793,0,0,0,793
07/25/2020,SLC,UT,ANM,WE,Towers with Radar,471,82,46,0,599,0,6,79,0,85,471,88,125,0,684,0,0,0,684
07/26/2020,SLC,UT,ANM,WE,Towers with Radar,477,85,83,0,645,0,5,71,6,82,477,90,154,6,727,0,0,0,727
07/27/2020,SLC,UT,ANM,WE,Towers with Radar,483,105,58,9,655,0,14,83,4,101,483,119,141,13,756,0,0,0,756
07/28/2020,SLC,UT,ANM,WE,Towers with Radar,483,117,59,11,670,0,16,113,3,132,483,133,172,14,802,46,0,46,848
07/29/2020,SLC,UT,ANM,WE,Towers with Radar,486,125,72,4,687,0,14,104,3,121,486,139,176,7,808,0,0,0,808
07/30/2020,SLC,UT,ANM,WE,Towers with Radar,502,106,59,6,673,0,18,110,7,135,502,124,169,13,808,0,0,0,808
07/31/2020,SLC,UT,ANM,WE,Towers with Radar,512,110,63,1,686,0,27,97,2,126,512,137,160,3,812,66,0,66,878
08/01/2020,SLC,UT,ANM,WE,Towers with Radar,517,87,71,2,677,1,7,63,0,71,518,94,134,2,748,78,0,78,826
08/02/2020,SLC,UT,ANM,WE,Towers with Radar,535,85,76,0,696,0,0,53,9,62,535,85,129,9,758,0,0,0,758
08/03/2020,SLC,UT,ANM,WE,Towers with Radar,529,123,60,5,717,0,12,100,3,115,529,135,160,8,832,74,0,74,906
08/04/2020,SLC,UT,ANM,WE,Towers with Radar,508,139,68,6,721,0,11,67,11,89,508,150,135,17,810,10,0,10,820
08/05/2020,SLC,UT,ANM,WE,Towers with Radar,516,137,88,5,746,0,13,92,7,112,516,150,180,12,858,34,0,34,892
08/06/2020,SLC,UT,ANM,WE,Towers with Radar,550,131,60,7,748,0,15,87,7,109,550,146,147,14,857,0,0,0,857
08/07/2020,SLC,UT,ANM,WE,Towers with Radar,542,128,54,0,724,0,8,113,4,125,542,136,167,4,849,0,0,0,849
08/08/2020,SLC,UT,ANM,WE,Towers with Radar,521,75,42,0,638,0,3,77,2,82,521,78,119,2,720,0,0,0,720
08/09/2020,SLC,UT,ANM,WE,Towers with Radar,532,95,58,0,685,0,4,71,4,79,532,99,129,4,764,0,0,0,764
08/10/2020,SLC,UT,ANM,WE,Towers with Radar,526,132,60,13,731,0,8,89,2,99,526,140,149,15,830,0,0,0,830
08/11/2020,SLC,UT,ANM,WE,Towers with Radar,504,129,56,11,700,0,9,106,11,126,504,138,162,22,826,0,0,0,826
08/12/2020,SLC,UT,ANM,WE,Towers with Radar,512,127,41,3,683,0,17,118,7,142,512,144,159,10,825,0,0,0,825
08/13/2020,SLC,UT,ANM,WE,Towers with Radar,544,126,56,6,732,0,11,108,4,123,544,137,164,10,855,0,0,0,855
08/14/2020,SLC,UT,ANM,WE,Towers with Radar,534,126,62,2,724,0,18,122,5,145,534,144,184,7,869,20,0,20,889
08/15/2020,SLC,UT,ANM,WE,Towers with Radar,516,87,32,0,635,0,16,82,2,100,516,103,114,2,735,0,0,0,735
08/16/2020,SLC,UT,ANM,WE,Towers with Radar,526,94,69,1,690,0,8,72,3,83,526,102,141,4,773,0,0,0,773
08/17/2020,SLC,UT,ANM,WE,Towers with Radar,521,131,71,8,731,0,10,85,7,102,521,141,156,15,833,0,0,0,833
08/18/2020,SLC,UT,ANM,WE,Towers with Radar,486,137,57,12,692,0,12,85,10,107,486,149,142,22,799,0,0,0,799
08/19/2020,SLC,UT,ANM,WE,Towers with Radar,507,125,56,12,700,0,10,97,5,112,507,135,153,17,812,0,0,0,812
08/20/2020,SLC,UT,ANM,WE,Towers with Radar,552,133,65,12,762,0,7,86,9,102,552,140,151,21,864,0,0,0,864
08/21/2020,SLC,UT,ANM,WE,Towers with Radar,541,141,58,2,742,0,16,57,5,78,541,157,115,7,820,52,0,52,872
08/22/2020,SLC,UT,ANM,WE,Towers with Radar,520,79,48,0,647,1,5,54,3,63,521,84,102,3,710,0,0,0,710
08/23/2020,SLC,UT,ANM,WE,Towers with Radar,524,96,65,0,685,0,16,32,6,54,524,112,97,6,739,0,0,0,739
08/24/2020,SLC,UT,ANM,WE,Towers with Radar,517,125,53,4,699,0,10,65,13,88,517,135,118,17,787,0,0,0,787
08/25/2020,SLC,UT,ANM,WE,Towers with Radar,496,124,43,3,666,0,12,70,1,83,496,136,113,4,749,0,0,0,749
08/26/2020,SLC,UT,ANM,WE,Towers with Radar,513,127,51,4,695,0,13,99,7,119,513,140,150,11,814,0,0,0,814
08/27/2020,SLC,UT,ANM,WE,Towers with Radar,550,134,73,8,765,0,13,67,8,88,550,147,140,16,853,0,0,0,853
08/28/2020,SLC,UT,ANM,WE,Towers with Radar,529,124,57,0,710,0,16,114,5,135,529,140,171,5,845,60,0,60,905
08/29/2020,SLC,UT,ANM,WE,Towers with Radar,515,92,42,0,649,0,14,83,10,107,515,106,125,10,756,0,0,0,756
08/30/2020,SLC,UT,ANM,WE,Towers with Radar,526,97,70,0,693,0,4,48,1,53,526,101,118,1,746,22,0,22,768
08/31/2020,SLC,UT,ANM,WE,Towers with Radar,524,120,63,12,719,0,5,72,3,80,524,125,135,15,799,0,0,0,799
09/01/2020,SLC,UT,ANM,WE,Towers with Radar,491,124,55,6,676,0,2,132,10,144,491,126,187,16,820,92,0,92,912
09/02/2020,SLC,UT,ANM,WE,Towers with Radar,507,124,85,3,719,0,16,105,7,128,507,140,190,10,847,24,0,24,871
09/03/2020,SLC,UT,ANM,WE,Towers with Radar,546,139,73,3,761,0,8,150,1,159,546,147,223,4,920,0,0,0,920
09/04/2020,SLC,UT,ANM,WE,Towers with Radar,551,136,76,0,763,0,17,117,5,139,551,153,193,5,902,0,0,0,902
09/05/2020,SLC,UT,ANM,WE,Towers with Radar,505,73,32,0,610,1,3,75,9,88,506,76,107,9,698,0,0,0,698
09/06/2020,SLC,UT,ANM,WE,Towers with Radar,494,88,26,0,608,0,7,60,6,73,494,95,86,6,681,0,0,0,681
09/07/2020,SLC,UT,ANM,WE,Towers with Radar,515,86,80,0,681,0,6,37,6,49,515,92,117,6,730,0,0,0,730
09/08/2020,SLC,UT,ANM,WE,Towers with Radar,512,96,35,2,645,0,0,1,3,4,512,96,36,5,649,0,0,0,649
09/09/2020,SLC,UT,ANM,WE,Towers with Radar,502,149,66,9,726,0,6,41,13,60,502,155,107,22,786,0,0,0,786
09/10/2020,SLC,UT,ANM,WE,Towers with Radar,525,133,66,6,730,0,11,107,4,122,525,144,173,10,852,0,0,0,852
09/11/2020,SLC,UT,ANM,WE,Towers with Radar,508,123,42,3,676,0,7,135,2,144,508,130,177,5,820,0,0,0,820
09/12/2020,SLC,UT,ANM,WE,Towers with Radar,483,78,44,3,608,0,11,99,4,114,483,89,143,7,722,22,0,22,744
09/13/2020,SLC,UT,ANM,WE,Towers with Radar,501,108,65,2,676,0,2,72,5,79,501,110,137,7,755,0,0,0,755
09/14/2020,SLC,UT,ANM,WE,Towers with Radar,490,110,47,7,654,0,10,107,6,123,490,120,154,13,777,36,0,36,813
09/15/2020,SLC,UT,ANM,WE,Towers with Radar,484,133,54,9,680,0,10,116,3,129,484,143,170,12,809,26,0,26,835
09/16/2020,SLC,UT,ANM,WE,Towers with Radar,497,132,71,4,704,0,17,100,4,121,497,149,171,8,825,0,0,0,825
09/17/2020,SLC,UT,ANM,WE,Towers with Radar,539,123,61,5,728,0,16,102,7,125,539,139,163,12,853,0,0,0,853
09/18/2020,SLC,UT,ANM,WE,Towers with Radar,532,107,58,1,698,0,5,75,4,84,532,112,133,5,782,0,0,0,782
09/19/2020,SLC,UT,ANM,WE,Towers with Radar,506,89,38,5,638,0,7,35,8,50,506,96,73,13,688,0,0,0,688
09/20/2020,SLC,UT,ANM,WE,Towers with Radar,521,85,69,2,677,0,8,84,8,100,521,93,153,10,777,20,0,20,797
09/21/2020,SLC,UT,ANM,WE,Towers with Radar,501,113,43,5,662,0,7,100,6,113,501,120,143,11,775,0,0,0,775
09/22/2020,SLC,UT,ANM,WE,Towers with Radar,487,116,49,9,661,0,8,66,11,85,487,124,115,20,746,0,0,0,746
09/23/2020,SLC,UT,ANM,WE,Towers with Radar,507,138,63,11,719,0,5,103,7,115,507,143,166,18,834,0,0,0,834
09/24/2020,SLC,UT,ANM,WE,Towers with Radar,543,125,55,7,730,0,21,100,3,124,543,146,155,10,854,22,0,22,876
09/25/2020,SLC,UT,ANM,WE,Towers with Radar,536,122,82,4,744,0,20,91,7,118,536,142,173,11,862,0,0,0,862
09/26/2020,SLC,UT,ANM,WE,Towers with Radar,504,77,40,0,621,0,11,66,6,83,504,88,106,6,704,0,0,0,704
09/27/2020,SLC,UT,ANM,WE,Towers with Radar,520,66,69,4,659,0,9,65,3,77,520,75,134,7,736,0,0,0,736
09/28/2020,SLC,UT,ANM,WE,Towers with Radar,496,115,50,8,669,0,22,130,5,157,496,137,180,13,826,10,0,10,836
09/29/2020,SLC,UT,ANM,WE,Towers with Radar,487,140,51,16,694,0,11,114,6,131,487,151,165,22,825,80,0,80,905
09/30/2020,SLC,UT,ANM,WE,Towers with Radar,500,116,53,14,683,0,13,113,2,128,500,129,166,16,811,0,0,0,811
10/01/2020,SLC,UT,ANM,WE,Towers with Radar,550,129,67,4,750,0,7,115,3,125,550,136,182,7,875,0,0,0,875
10/02/2020,SLC,UT,ANM,WE,Towers with Radar,543,118,72,2,735,0,16,106,5,127,543,134,178,7,862,0,0,0,862
10/03/2020,SLC,UT,ANM,WE,Towers with Radar,511,94,35,2,642,0,14,80,5,99,511,108,115,7,741,0,0,0,741
10/04/2020,SLC,UT,ANM,WE,Towers with Radar,528,99,57,6,690,0,2,39,2,43,528,101,96,8,733,0,0,0,733
10/05/2020,SLC,UT,ANM,WE,Towers with Radar,506,134,46,11,697,0,10,67,6,83,506,144,113,17,780,0,0,0,780
10/06/2020,SLC,UT,ANM,WE,Towers with Radar,501,131,67,3,702,0,10,74,3,87,501,141,141,6,789,0,0,0,789
10/07/2020,SLC,UT,ANM,WE,Towers with Radar,510,139,58,9,716,0,5,78,11,94,510,144,136,20,810,0,0,0,810
10/08/2020,SLC,UT,ANM,WE,Towers with Radar,566,137,67,14,784,0,9,98,14,121,566,146,165,28,905,32,0,32,937
10/09/2020,SLC,UT,ANM,WE,Towers with Radar,556,124,90,3,773,0,9,120,4,133,556,133,210,7,906,22,0,22,928
10/10/2020,SLC,UT,ANM,WE,Towers with Radar,526,76,37,0,639,0,7,41,1,49,526,83,78,1,688,0,0,0,688
10/11/2020,SLC,UT,ANM,WE,Towers with Radar,549,85,54,0,688,0,4,21,4,29,549,89,75,4,717,14,0,14,731
10/12/2020,SLC,UT,ANM,WE,Towers with Radar,526,118,53,2,699,0,14,69,2,85,526,132,122,4,784,0,0,0,784
10/13/2020,SLC,UT,ANM,WE,Towers with Radar,502,133,47,6,688,0,14,121,7,142,502,147,168,13,830,52,0,52,882
10/14/2020,SLC,UT,ANM,WE,Towers with Radar,520,146,66,4,736,0,16,59,7,82,520,162,125,11,818,0,0,0,818
10/15/2020,SLC,UT,ANM,WE,Towers with Radar,556,131,79,2,768,0,8,121,0,129,556,139,200,2,897,0,0,0,897
10/16/2020,SLC,UT,ANM,WE,Towers with Radar,550,116,53,5,724,0,11,125,1,137,550,127,178,6,861,0,0,0,861
10/17/2020,SLC,UT,ANM,WE,Towers with Radar,527,73,22,3,625,0,2,90,2,94,527,75,112,5,719,42,0,42,761
10/18/2020,SLC,UT,ANM,WE,Towers with Radar,545,84,50,5,684,0,6,57,1,64,545,90,107,6,748,0,0,0,748
10/19/2020,SLC,UT,ANM,WE,Towers with Radar,519,115,41,8,683,0,9,80,3,92,519,124,121,11,775,0,0,0,775
10/20/2020,SLC,UT,ANM,WE,Towers with Radar,506,129,62,10,707,0,10,114,2,126,506,139,176,12,833,0,0,0,833
10/21/2020,SLC,UT,ANM,WE,Towers with Radar,509,131,48,7,695,0,8,83,2,93,509,139,131,9,788,0,0,0,788
10/22/2020,SLC,UT,ANM,WE,Towers with Radar,556,117,50,9,732,0,9,83,4,96,556,126,133,13,828,0,0,0,828
10/23/2020,SLC,UT,ANM,WE,Towers with Radar,558,121,79,8,766,0,11,93,6,110,558,132,172,14,876,0,0,0,876
10/24/2020,SLC,UT,ANM,WE,Towers with Radar,494,89,40,3,626,0,15,64,2,81,494,104,104,5,707,0,0,0,707
10/25/2020,SLC,UT,ANM,WE,Towers with Radar,500,85,47,2,634,0,5,6,0,11,500,90,53,2,645,0,0,0,645
10/26/2020,SLC,UT,ANM,WE,Towers with Radar,482,115,50,8,655,0,10,84,3,97,482,125,134,11,752,38,0,38,790
10/27/2020,SLC,UT,ANM,WE,Towers with Radar,487,123,57,7,674,0,16,107,6,129,487,139,164,13,803,0,0,0,803
10/28/2020,SLC,UT,ANM,WE,Towers with Radar,490,135,62,8,695,0,15,98,19,132,490,150,160,27,827,0,0,0,827
10/29/2020,SLC,UT,ANM,WE,Towers with Radar,521,119,55,3,698,0,14,104,16,134,521,133,159,19,832,0,0,0,832
10/30/2020,SLC,UT,ANM,WE,Towers with Radar,507,138,49,2,696,0,12,109,8,129,507,150,158,10,825,0,0,0,825
10/31/2020,SLC,UT,ANM,WE,Towers with Radar,419,75,30,0,524,0,2,83,5,90,419,77,113,5,614,0,0,0,614
11/01/2020,SLC,UT,ANM,WE,Towers with Radar,477,70,34,0,581,0,1,56,1,58,477,71,90,1,639,14,0,14,653
11/02/2020,SLC,UT,ANM,WE,Towers with Radar,461,119,61,5,646,0,10,71,0,81,461,129,132,5,727,6,0,6,733
11/03/2020,SLC,UT,ANM,WE,Towers with Radar,431,136,44,5,616,0,7,96,3,106,431,143,140,8,722,38,0,38,760
11/04/2020,SLC,UT,ANM,WE,Towers with Radar,471,125,47,6,649,0,17,110,5,132,471,142,157,11,781,0,0,0,781
11/05/2020,SLC,UT,ANM,WE,Towers with Radar,524,146,48,7,725,0,4,109,9,122,524,150,157,16,847,0,0,0,847
11/06/2020,SLC,UT,ANM,WE,Towers with Radar,531,132,47,0,710,0,7,22,3,32,531,139,69,3,742,22,0,22,764
11/07/2020,SLC,UT,ANM,WE,Towers with Radar,480,84,23,4,591,0,7,8,0,15,480,91,31,4,606,0,0,0,606
11/08/2020,SLC,UT,ANM,WE,Towers with Radar,546,73,21,3,643,0,1,0,0,1,546,74,21,3,644,0,0,0,644
11/09/2020,SLC,UT,ANM,WE,Towers with Radar,530,134,40,6,710,0,6,20,3,29,530,140,60,9,739,0,0,0,739
11/10/2020,SLC,UT,ANM,WE,Towers with Radar,503,138,46,9,696,0,6,56,1,63,503,144,102,10,759,0,0,0,759
11/11/2020,SLC,UT,ANM,WE,Towers with Radar,519,134,61,2,716,0,3,2,0,5,519,137,63,2,721,0,0,0,721
11/12/2020,SLC,UT,ANM,WE,Towers with Radar,553,135,61,0,749,0,6,104,0,110,553,141,165,0,859,0,0,0,859
11/13/2020,SLC,UT,ANM,WE,Towers with Radar,567,150,52,5,774,0,9,25,0,34,567,159,77,5,808,0,0,0,808
11/14/2020,SLC,UT,ANM,WE,Towers with Radar,511,99,33,7,650,0,16,18,1,35,511,115,51,8,685,0,0,0,685
11/15/2020,SLC,UT,ANM,WE,Towers with Radar,582,86,59,1,728,0,9,40,0,49,582,95,99,1,777,0,0,0,777
11/16/2020,SLC,UT,ANM,WE,Towers with Radar,529,114,47,8,698,0,8,110,4,122,529,122,157,12,820,10,0,10,830
11/17/2020,SLC,UT,ANM,WE,Towers with Radar,514,130,65,5,714,0,8,42,4,54,514,138,107,9,768,0,0,0,768
11/18/2020,SLC,UT,ANM,WE,Towers with Radar,520,132,51,13,716,0,6,17,2,25,520,138,68,15,741,0,0,0,741
11/19/2020,SLC,UT,ANM,WE,Towers with Radar,554,140,53,7,754,0,6,116,4,126,554,146,169,11,880,0,0,0,880
11/20/2020,SLC,UT,ANM,WE,Towers with Radar,636,145,78,6,865,0,9,121,2,132,636,154,199,8,997,0,0,0,997
11/21/2020,SLC,UT,ANM,WE,Towers with Radar,624,101,59,0,784,0,5,132,1,138,624,106,191,1,922,20,0,20,942
11/22/2020,SLC,UT,ANM,WE,Towers with Radar,622,95,57,0,774,0,10,70,0,80,622,105,127,0,854,0,0,0,854
11/23/2020,SLC,UT,ANM,WE,Towers with Radar,642,132,46,5,825,0,2,54,1,57,642,134,100,6,882,0,0,0,882
11/24/2020,SLC,UT,ANM,WE,Towers with Radar,681,152,63,7,903,0,9,86,3,98,681,161,149,10,1001,0,0,0,1001
11/25/2020,SLC,UT,ANM,WE,Towers with Radar,644,162,70,4,880,0,21,79,1,101,644,183,149,5,981,0,0,0,981
11/26/2020,SLC,UT,ANM,WE,Towers with Radar,321,55,15,0,391,0,3,21,0,24,321,58,36,0,415,0,0,0,415
11/27/2020,SLC,UT,ANM,WE,Towers with Radar,467,101,27,0,595,0,8,85,3,96,467,109,112,3,691,0,0,0,691
11/28/2020,SLC,UT,ANM,WE,Towers with Radar,616,100,60,0,776,0,10,58,1,69,616,110,118,1,845,0,0,0,845
11/29/2020,SLC,UT,ANM,WE,Towers with Radar,656,104,115,0,875,0,8,64,2,74,656,112,179,2,949,0,0,0,949
11/30/2020,SLC,UT,ANM,WE,Towers with Radar,662,130,40,6,838,0,7,75,3,85,662,137,115,9,923,4,0,4,927
12/01/2020,SLC,UT,ANM,WE,Towers with Radar,638,141,38,8,825,0,12,83,5,100,638,153,121,13,925,6,0,6,931
12/02/2020,SLC,UT,ANM,WE,Towers with Radar,515,150,50,10,725,0,18,98,1,117,515,168,148,11,842,0,0,0,842
12/03/2020,SLC,UT,ANM,WE,Towers with Radar,573,145,75,10,803,0,13,103,2,118,573,158,178,12,921,0,0,0,921
12/04/2020,SLC,UT,ANM,WE,Towers with Radar,551,141,57,2,751,0,8,111,4,123,551,149,168,6,874,24,0,24,898
12/05/2020,SLC,UT,ANM,WE,Towers with Radar,489,86,33,4,612,0,1,71,1,73,489,87,104,5,685,0,0,0,685
12/06/2020,SLC,UT,ANM,WE,Towers with Radar,530,97,48,4,679,0,14,67,0,81,530,111,115,4,760,0,0,0,760
12/07/2020,SLC,UT,ANM,WE,Towers with Radar,526,128,52,8,714,0,8,72,6,86,526,136,124,14,800,0,0,0,800
12/08/2020,SLC,UT,ANM,WE,Towers with Radar,498,137,55,4,694,0,10,110,6,126,498,147,165,10,820,0,0,0,820
12/09/2020,SLC,UT,ANM,WE,Towers with Radar,522,137,75,5,739,0,14,102,6,122,522,151,177,11,861,0,0,0,861
12/10/2020,SLC,UT,ANM,WE,Towers with Radar,560,142,58,10,770,0,4,102,4,110,560,146,160,14,880,0,0,0,880
12/11/2020,SLC,UT,ANM,WE,Towers with Radar,557,156,62,1,776,0,12,32,4,48,557,168,94,5,824,0,0,0,824
12/12/2020,SLC,UT,ANM,WE,Towers with Radar,488,102,35,2,627,0,5,15,0,20,488,107,50,2,647,0,0,0,647
12/13/2020,SLC,UT,ANM,WE,Towers with Radar,528,105,42,0,675,0,11,68,0,79,528,116,110,0,754,14,0,14,768
12/14/2020,SLC,UT,ANM,WE,Towers with Radar,528,151,55,2,736,0,2,1,0,3,528,153,56,2,739,0,0,0,739
12/15/2020,SLC,UT,ANM,WE,Towers with Radar,505,180,60,2,747,0,16,47,6,69,505,196,107,8,816,0,0,0,816
12/16/2020,SLC,UT,ANM,WE,Towers with Radar,525,177,83,7,792,0,25,83,8,116,525,202,166,15,908,0,0,0,908
12/17/2020,SLC,UT,ANM,WE,Towers with Radar,596,187,78,1,862,1,5,1,0,7,597,192,79,1,869,0,0,0,869
12/18/2020,SLC,UT,ANM,WE,Towers with Radar,646,247,125,0,1018,0,22,48,4,74,646,269,173,4,1092,0,0,0,1092
12/19/2020,SLC,UT,ANM,WE,Towers with Radar,635,172,87,1,895,0,10,69,1,80,635,182,156,2,975,22,0,22,997
12/20/2020,SLC,UT,ANM,WE,Towers with Radar,630,163,76,4,873,0,5,38,2,45,630,168,114,6,918,0,0,0,918
12/21/2020,SLC,UT,ANM,WE,Towers with Radar,614,173,76,12,875,0,12,103,0,115,614,185,179,12,990,0,0,0,990
12/22/2020,SLC,UT,ANM,WE,Towers with Radar,645,200,66,4,915,0,12,15,12,39,645,212,81,16,954,0,0,0,954
12/23/2020,SLC,UT,ANM,WE,Towers with Radar,647,212,87,4,950,0,13,65,5,83,647,225,152,9,1033,0,0,0,1033
12/24/2020,SLC,UT,ANM,WE,Towers with Radar,396,140,38,0,574,0,5,50,0,55,396,145,88,0,629,0,0,0,629
12/25/2020,SLC,UT,ANM,WE,Towers with Radar,324,80,19,0,423,0,0,7,0,7,324,80,26,0,430,0,0,0,430
12/26/2020,SLC,UT,ANM,WE,Towers with Radar,584,182,113,0,879,0,11,16,0,27,584,193,129,0,906,0,0,0,906
12/27/2020,SLC,UT,ANM,WE,Towers with Radar,629,178,111,1,919,0,3,31,2,36,629,181,142,3,955,0,0,0,955
12/28/2020,SLC,UT,ANM,WE,Towers with Radar,588,207,79,8,882,0,8,15,0,23,588,215,94,8,905,0,0,0,905
12/29/2020,SLC,UT,ANM,WE,Towers with Radar,623,185,79,8,895,0,13,85,2,100,623,198,164,10,995,0,0,0,995
12/30/2020,SLC,UT,ANM,WE,Towers with Radar,627,193,76,5,901,0,16,90,8,114,627,209,166,13,1015,0,0,0,1015
12/31/2020,SLC,UT,ANM,WE,Towers with Radar,433,136,72,2,643,0,15,5,1,21,433,151,77,3,664,0,0,0,664
01/01/2021,SLC,UT,ANM,WE,Towers with Radar,448,107,52,2,609,0,4,17,1,22,448,111,69,3,631,10,0,10,641
01/02/2021,SLC,UT,ANM,WE,Towers with Radar,617,202,132,2,953,0,3,42,1,46,617,205,174,3,999,0,0,0,999
01/03/2021,SLC,UT,ANM,WE,Towers with Radar,635,242,162,0,1039,0,7,2,2,11,635,249,164,2,1050,6,0,6,1056
01/04/2021,SLC,UT,ANM,WE,Towers with Radar,600,187,86,4,877,0,8,68,4,80,600,195,154,8,957,0,0,0,957
01/05/2021,SLC,UT,ANM,WE,Towers with Radar,531,167,77,5,780,0,7,47,0,54,531,174,124,5,834,18,0,18,852
01/06/2021,SLC,UT,ANM,WE,Towers with Radar,527,146,75,8,756,0,22,91,3,116,527,168,166,11,872,0,0,0,872
01/07/2021,SLC,UT,ANM,WE,Towers with Radar,580,158,77,8,823,0,7,83,1,91,580,165,160,9,914,0,0,0,914
01/08/2021,SLC,UT,ANM,WE,Towers with Radar,566,145,59,5,775,0,5,84,2,91,566,150,143,7,866,0,0,0,866
01/09/2021,SLC,UT,ANM,WE,Towers with Radar,479,121,57,0,657,0,1,51,0,52,479,122,108,0,709,0,0,0,709
01/10/2021,SLC,UT,ANM,WE,Towers with Radar,537,148,73,3,761,0,5,48,4,57,537,153,121,7,818,0,0,0,818
01/11/2021,SLC,UT,ANM,WE,Towers with Radar,537,138,74,5,754,0,14,71,6,91,537,152,145,11,845,0,4,4,849
01/12/2021,SLC,UT,ANM,WE,Towers with Radar,493,157,54,4,708,0,13,75,5,93,493,170,129,9,801,0,0,0,801
01/13/2021,SLC,UT,ANM,WE,Towers with Radar,507,161,68,9,745,0,9,53,6,68,507,170,121,15,813,0,0,0,813
01/14/2021,SLC,UT,ANM,WE,Towers with Radar,572,197,86,10,865,0,16,81,1,98,572,213,167,11,963,0,0,0,963
01/15/2021,SLC,UT,ANM,WE,Towers with Radar,561,187,79,17,844,0,12,95,5,112,561,199,174,22,956,0,0,0,956
01/16/2021,SLC,UT,ANM,WE,Towers with Radar,470,106,45,10,631,0,4,63,4,71,470,110,108,14,702,0,0,0,702
01/17/2021,SLC,UT,ANM,WE,Towers with Radar,492,93,56,6,647,0,14,71,6,91,492,107,127,12,738,0,0,0,738
01/18/2021,SLC,UT,ANM,WE,Towers with Radar,545,191,87,2,825,0,10,60,5,75,545,201,147,7,900,0,0,0,900
01/19/2021,SLC,UT,ANM,WE,Towers with Radar,488,135,49,5,677,0,4,61,5,70,488,139,110,10,747,0,0,0,747
01/20/2021,SLC,UT,ANM,WE,Towers with Radar,501,150,63,4,718,0,3,107,6,116,501,153,170,10,834,48,0,48,882
01/21/2021,SLC,UT,ANM,WE,Towers with Radar,568,152,71,4,795,0,4,110,9,123,568,156,181,13,918,0,0,0,918
01/22/2021,SLC,UT,ANM,WE,Towers with Radar,573,166,82,1,822,0,17,41,0,58,573,183,123,1,880,0,0,0,880
01/23/2021,SLC,UT,ANM,WE,Towers with Radar,478,108,35,5,626,0,1,1,0,2,478,109,36,5,628,0,0,0,628
01/24/2021,SLC,UT,ANM,WE,Towers with Radar,545,105,74,7,731,0,1,0,0,1,545,106,74,7,732,0,0,0,732
01/25/2021,SLC,UT,ANM,WE,Towers with Radar,552,138,54,6,750,0,7,15,0,22,552,145,69,6,772,0,0,0,772
01/26/2021,SLC,UT,ANM,WE,Towers with Radar,500,138,51,5,694,0,5,2,0,7,500,143,53,5,701,0,0,0,701
01/27/2021,SLC,UT,ANM,WE,Towers with Radar,504,201,96,15,816,0,7,10,0,17,504,208,106,15,833,0,0,0,833
01/28/2021,SLC,UT,ANM,WE,Towers with Radar,577,206,86,9,878,0,3,19,6,28,577,209,105,15,906,0,0,0,906
01/29/2021,SLC,UT,ANM,WE,Towers with Radar,582,171,87,1,841,0,5,24,0,29,582,176,111,1,870,0,0,0,870
01/30/2021,SLC,UT,ANM,WE,Towers with Radar,472,113,55,0,640,0,10,68,2,80,472,123,123,2,720,0,0,0,720
01/31/2021,SLC,UT,ANM,WE,Towers with Radar,551,139,93,2,785,0,6,84,3,93,551,145,177,5,878,0,0,0,878
02/01/2021,SLC,UT,ANM,WE,Towers with Radar,532,130,52,7,721,0,16,93,8,117,532,146,145,15,838,0,0,0,838
02/02/2021,SLC,UT,ANM,WE,Towers with Radar,491,152,52,11,706,0,4,87,9,100,491,156,139,20,806,0,0,0,806
02/03/2021,SLC,UT,ANM,WE,Towers with Radar,510,160,45,2,717,0,11,8,8,27,510,171,53,10,744,0,0,0,744
02/04/2021,SLC,UT,ANM,WE,Towers with Radar,567,184,79,2,832,0,7,56,4,67,567,191,135,6,899,6,0,6,905
02/05/2021,SLC,UT,ANM,WE,Towers with Radar,577,178,61,4,820,0,11,5,1,17,577,189,66,5,837,0,0,0,837
02/06/2021,SLC,UT,ANM,WE,Towers with Radar,486,120,44,0,650,0,15,81,6,102,486,135,125,6,752,0,0,0,752
02/07/2021,SLC,UT,ANM,WE,Towers with Radar,499,94,52,0,645,0,8,49,4,61,499,102,101,4,706,0,0,0,706
02/08/2021,SLC,UT,ANM,WE,Towers with Radar,537,155,74,2,768,0,22,102,3,127,537,177,176,5,895,0,0,0,895
02/09/2021,SLC,UT,ANM,WE,Towers with Radar,495,166,56,5,722,0,9,58,2,69,495,175,114,7,791,0,0,0,791
02/10/2021,SLC,UT,ANM,WE,Towers with Radar,508,161,95,6,770,1,8,165,6,180,509,169,260,12,950,0,0,0,950
02/11/2021,SLC,UT,ANM,WE,Towers with Radar,571,220,136,5,932,1,6,75,7,89,572,226,211,12,1021,0,0,0,1021
02/12/2021,SLC,UT,ANM,WE,Towers with Radar,590,228,125,1,944,1,0,12,2,15,591,228,137,3,959,0,0,0,959
02/13/2021,SLC,UT,ANM,WE,Towers with Radar,461,170,93,0,724,0,1,0,0,1,461,171,93,0,725,0,0,0,725
02/14/2021,SLC,UT,ANM,WE,Towers with Radar,471,135,57,1,664,0,5,24,3,32,471,140,81,4,696,0,0,0,696
02/15/2021,SLC,UT,ANM,WE,Towers with Radar,520,214,160,1,895,0,3,1,7,11,520,217,161,8,906,0,0,0,906
02/16/2021,SLC,UT,ANM,WE,Towers with Radar,478,193,86,1,758,0,0,1,0,1,478,193,87,1,759,0,0,0,759
02/17/2021,SLC,UT,ANM,WE,Towers with Radar,470,170,86,2,728,0,10,5,2,17,470,180,91,4,745,0,0,0,745
02/18/2021,SLC,UT,ANM,WE,Towers with Radar,548,168,100,7,823,0,11,110,4,125,548,179,210,11,948,0,0,0,948
02/19/2021,SLC,UT,ANM,WE,Towers with Radar,572,226,87,4,889,0,12,20,2,34,572,238,107,6,923,0,0,0,923
02/20/2021,SLC,UT,ANM,WE,Towers with Radar,477,167,88,1,733,0,8,22,2,32,477,175,110,3,765,0,0,0,765
02/21/2021,SLC,UT,ANM,WE,Towers with Radar,561,169,100,2,832,0,6,73,3,82,561,175,173,5,914,0,0,0,914
02/22/2021,SLC,UT,ANM,WE,Towers with Radar,567,144,86,7,804,0,7,121,5,133,567,151,207,12,937,0,0,0,937
02/23/2021,SLC,UT,ANM,WE,Towers with Radar,514,159,56,4,733,0,11,72,2,85,514,170,128,6,818,34,0,34,852
02/24/2021,SLC,UT,ANM,WE,Towers with Radar,512,173,85,4,774,0,6,15,0,21,512,179,100,4,795,0,0,0,795
02/25/2021,SLC,UT,ANM,WE,Towers with Radar,587,184,86,9,866,0,13,114,5,132,587,197,200,14,998,0,0,0,998
02/26/2021,SLC,UT,ANM,WE,Towers with Radar,592,189,93,8,882,0,5,42,0,47,592,194,135,8,929,0,0,0,929
02/27/2021,SLC,UT,ANM,WE,Towers with Radar,486,130,60,3,679,0,3,5,4,12,486,133,65,7,691,16,0,16,707
02/28/2021,SLC,UT,ANM,WE,Towers with Radar,561,151,90,2,804,0,14,56,3,73,561,165,146,5,877,10,0,10,887
03/01/2021,SLC,UT,ANM,WE,Towers with Radar,565,137,61,5,768,0,7,111,1,119,565,144,172,6,887,0,0,0,887
03/02/2021,SLC,UT,ANM,WE,Towers with Radar,513,149,70,9,741,0,12,132,2,146,513,161,202,11,887,14,0,14,901
03/03/2021,SLC,UT,ANM,WE,Towers with Radar,520,159,80,3,762,0,15,142,2,159,520,174,222,5,921,0,0,0,921
03/04/2021,SLC,UT,ANM,WE,Towers with Radar,626,177,82,5,890,0,10,94,3,107,626,187,176,8,997,0,0,0,997
03/05/2021,SLC,UT,ANM,WE,Towers with Radar,612,170,81,5,868,0,11,118,8,137,612,181,199,13,1005,0,0,0,1005
03/06/2021,SLC,UT,ANM,WE,Towers with Radar,541,115,68,6,730,0,9,22,2,33,541,124,90,8,763,0,0,0,763
03/07/2021,SLC,UT,ANM,WE,Towers with Radar,599,136,91,3,829,0,0,83,5,88,599,136,174,8,917,0,0,0,917
03/08/2021,SLC,UT,ANM,WE,Towers with Radar,619,159,83,6,867,0,4,16,3,23,619,163,99,9,890,0,0,0,890
03/09/2021,SLC,UT,ANM,WE,Towers with Radar,539,158,57,8,762,0,6,36,2,44,539,164,93,10,806,4,0,4,810
03/10/2021,SLC,UT,ANM,WE,Towers with Radar,535,161,93,8,797,0,8,90,1,99,535,169,183,9,896,0,0,0,896
03/11/2021,SLC,UT,ANM,WE,Towers with Radar,645,182,101,15,943,0,9,19,2,30,645,191,120,17,973,0,0,0,973
03/12/2021,SLC,UT,ANM,WE,Towers with Radar,645,186,98,4,933,0,7,128,1,136,645,193,226,5,1069,0,0,0,1069
03/13/2021,SLC,UT,ANM,WE,Towers with Radar,556,148,88,0,792,0,5,8,0,13,556,153,96,0,805,0,0,0,805
03/14/2021,SLC,UT,ANM,WE,Towers with Radar,584,134,114,3,835,0,7,62,5,74,584,141,176,8,909,0,0,0,909
03/15/2021,SLC,UT,ANM,WE,Towers with Radar,598,171,64,8,841,0,3,89,2,94,598,174,153,10,935,0,0,0,935
03/16/2021,SLC,UT,ANM,WE,Towers with Radar,570,154,89,6,819,0,3,63,5,71,570,157,152,11,890,0,0,0,890
03/17/2021,SLC,UT,ANM,WE,Towers with Radar,562,181,79,5,827,1,4,97,6,108,563,185,176,11,935,50,0,50,985
03/18/2021,SLC,UT,ANM,WE,Towers with Radar,642,188,87,4,921,0,5,109,3,117,642,193,196,7,1038,90,0,90,1128
03/19/2021,SLC,UT,ANM,WE,Towers with Radar,652,170,98,5,925,0,11,76,2,89,652,181,174,7,1014,0,0,0,1014
03/20/2021,SLC,UT,ANM,WE,Towers with Radar,564,147,88,2,801,0,7,1,0,8,564,154,89,2,809,0,0,0,809
03/21/2021,SLC,UT,ANM,WE,Towers with Radar,613,145,109,4,871,0,16,22,12,50,613,161,131,16,921,0,0,0,921
03/22/2021,SLC,UT,ANM,WE,Towers with Radar,612,163,77,5,857,0,7,68,0,75,612,170,145,5,932,0,0,0,932
03/23/2021,SLC,UT,ANM,WE,Towers with Radar,572,144,71,7,794,0,8,22,1,31,572,152,93,8,825,12,0,12,837
03/24/2021,SLC,UT,ANM,WE,Towers with Radar,585,161,86,8,840,0,10,156,0,166,585,171,242,8,1006,0,0,0,1006
03/25/2021,SLC,UT,ANM,WE,Towers with Radar,638,208,92,2,940,0,5,32,6,43,638,213,124,8,983,0,0,0,983
03/26/2021,SLC,UT,ANM,WE,Towers with Radar,661,178,101,4,944,0,8,31,4,43,661,186,132,8,987,40,0,40,1027
03/27/2021,SLC,UT,ANM,WE,Towers with Radar,569,118,76,1,764,1,6,111,8,126,570,124,187,9,890,22,0,22,912
03/28/2021,SLC,UT,ANM,WE,Towers with Radar,621,125,85,0,831,0,14,92,6,112,621,139,177,6,943,0,0,0,943
03/29/2021,SLC,UT,ANM,WE,Towers with Radar,644,152,60,2,858,0,14,19,1,34,644,166,79,3,892,0,0,0,892
03/30/2021,SLC,UT,ANM,WE,Towers with Radar,569,152,64,6,791,0,16,113,6,135,569,168,177,12,926,0,0,0,926
03/31/2021,SLC,UT,ANM,WE,Towers with Radar,564,157,82,4,807,0,6,167,2,175,564,163,249,6,982,0,0,0,982
04/01/2021,SLC,UT,ANM,WE,Towers with Radar,655,158,81,6,900,0,12,150,4,166,655,170,231,10,1066,0,0,0,1066
04/02/2021,SLC,UT,ANM,WE,Towers with Radar,649,170,78,4,901,0,14,115,0,129,649,184,193,4,1030,36,0,36,1066
04/03/2021,SLC,UT,ANM,WE,Towers with Radar,560,115,66,0,741,0,7,89,0,96,560,122,155,0,837,0,0,0,837
04/04/2021,SLC,UT,ANM,WE,Towers with Radar,604,135,51,4,794,0,6,37,2,45,604,141,88,6,839,0,0,0,839
04/05/2021,SLC,UT,ANM,WE,Towers with Radar,632,157,84,8,881,0,1,66,0,67,632,158,150,8,948,0,0,0,948
04/06/2021,SLC,UT,ANM,WE,Towers with Radar,556,160,80,4,800,0,7,40,0,47,556,167,120,4,847,0,0,0,847
04/07/2021,SLC,UT,ANM,WE,Towers with Radar,563,164,77,8,812,0,8,138,0,146,563,172,215,8,958,0,0,0,958
04/08/2021,SLC,UT,ANM,WE,Towers with Radar,642,156,96,4,898,0,16,81,8,105,642,172,177,12,1003,0,0,0,1003
04/09/2021,SLC,UT,ANM,WE,Towers with Radar,640,141,64,2,847,0,6,122,1,129,640,147,186,3,976,0,0,0,976
04/10/2021,SLC,UT,ANM,WE,Towers with Radar,555,110,46,2,713,0,3,84,4,91,555,113,130,6,804,0,0,0,804
04/11/2021,SLC,UT,ANM,WE,Towers with Radar,626,111,64,3,804,0,5,52,0,57,626,116,116,3,861,0,0,0,861
04/12/2021,SLC,UT,ANM,WE,Towers with Radar,636,126,46,4,812,0,13,113,0,126,636,139,159,4,938,0,0,0,938
04/13/2021,SLC,UT,ANM,WE,Towers with Radar,569,150,43,6,768,0,13,32,0,45,569,163,75,6,813,0,0,0,813
04/14/2021,SLC,UT,ANM,WE,Towers with Radar,578,157,71,5,811,0,11,3,2,16,578,168,74,7,827,0,0,0,827
04/15/2021,SLC,UT,ANM,WE,Towers with Radar,638,176,63,4,881,0,2,9,2,13,638,178,72,6,894,0,0,0,894
04/16/2021,SLC,UT,ANM,WE,Towers with Radar,645,146,65,2,858,0,9,18,10,37,645,155,83,12,895,0,0,0,895
04/17/2021,SLC,UT,ANM,WE,Towers with Radar,570,92,48,3,713,0,5,70,0,75,570,97,118,3,788,0,0,0,788
04/18/2021,SLC,UT,ANM,WE,Towers with Radar,624,102,48,4,778,0,1,61,12,74,624,103,109,16,852,0,0,0,852
04/19/2021,SLC,UT,ANM,WE,Towers with Radar,617,127,51,4,799,0,13,43,4,60,617,140,94,8,859,0,0,0,859
04/20/2021,SLC,UT,ANM,WE,Towers with Radar,565,145,35,6,751,0,13,129,7,149,565,158,164,13,900,44,0,44,944
04/21/2021,SLC,UT,ANM,WE,Towers with Radar,559,151,56,2,768,0,2,80,4,86,559,153,136,6,854,0,0,0,854
04/22/2021,SLC,UT,ANM,WE,Towers with Radar,650,152,62,1,865,0,7,137,2,146,650,159,199,3,1011,0,0,0,1011
04/23/2021,SLC,UT,ANM,WE,Towers with Radar,643,144,56,0,843,0,7,124,2,133,643,151,180,2,976,0,0,0,976
04/24/2021,SLC,UT,ANM,WE,Towers with Radar,583,92,46,0,721,0,9,55,0,64,583,101,101,0,785,40,0,40,825
04/25/2021,SLC,UT,ANM,WE,Towers with Radar,627,116,44,0,787,0,11,35,0,46,627,127,79,0,833,0,0,0,833
04/26/2021,SLC,UT,ANM,WE,Towers with Radar,636,141,47,4,828,0,4,3,2,9,636,145,50,6,837,0,0,0,837
04/27/2021,SLC,UT,ANM,WE,Towers with Radar,562,146,52,4,764,0,7,54,8,69,562,153,106,12,833,0,0,0,833
04/28/2021,SLC,UT,ANM,WE,Towers with Radar,562,149,56,4,771,0,15,102,3,120,562,164,158,7,891,0,0,0,891
04/29/2021,SLC,UT,ANM,WE,Towers with Radar,654,143,74,5,876,1,11,106,15,133,655,154,180,20,1009,26,0,26,1035
04/30/2021,SLC,UT,ANM,WE,Towers with Radar,639,149,56,7,851,0,20,111,7,138,639,169,167,14,989,0,0,0,989
05/01/2021,SLC,UT,ANM,WE,Towers with Radar,598,85,35,8,726,0,4,57,3,64,598,89,92,11,790,6,0,6,796
05/02/2021,SLC,UT,ANM,WE,Towers with Radar,631,95,55,4,785,0,8,27,2,37,631,103,82,6,822,0,0,0,822
05/03/2021,SLC,UT,ANM,WE,Towers with Radar,616,129,39,10,794,0,7,78,0,85,616,136,117,10,879,86,0,86,965
05/04/2021,SLC,UT,ANM,WE,Towers with Radar,560,140,41,13,754,1,10,77,6,94,561,150,118,19,848,14,0,14,862
05/05/2021,SLC,UT,ANM,WE,Towers with Radar,621,154,72,12,859,0,3,92,8,103,621,157,164,20,962,0,0,0,962
05/06/2021,SLC,UT,ANM,WE,Towers with Radar,656,173,67,4,900,0,17,71,10,98,656,190,138,14,998,0,0,0,998
05/07/2021,SLC,UT,ANM,WE,Towers with Radar,687,167,62,9,925,1,5,29,3,38,688,172,91,12,963,0,0,0,963
05/08/2021,SLC,UT,ANM,WE,Towers with Radar,607,92,25,3,727,0,11,57,2,70,607,103,82,5,797,4,0,4,801
05/09/2021,SLC,UT,ANM,WE,Towers with Radar,642,98,30,2,772,0,5,30,0,35,642,103,60,2,807,4,0,4,811
05/10/2021,SLC,UT,ANM,WE,Towers with Radar,639,150,92,6,887,0,9,55,3,67,639,159,147,9,954,18,0,18,972
05/11/2021,SLC,UT,ANM,WE,Towers with Radar,630,147,59,8,844,0,8,97,1,106,630,155,156,9,950,0,0,0,950
05/12/2021,SLC,UT,ANM,WE,Towers with Radar,648,171,74,9,902,0,7,107,6,120,648,178,181,15,1022,0,0,0,1022
05/13/2021,SLC,UT,ANM,WE,Towers with Radar,664,159,76,11,910,0,13,75,4,92,664,172,151,15,1002,2,0,2,1004
05/14/2021,SLC,UT,ANM,WE,Towers with Radar,669,153,65,6,893,0,13,84,7,104,669,166,149,13,997,0,0,0,997
05/15/2021,SLC,UT,ANM,WE,Towers with Radar,615,102,37,4,758,0,3,71,3,77,615,105,108,7,835,0,0,0,835
05/16/2021,SLC,UT,ANM,WE,Towers with Radar,646,106,51,4,807,0,3,35,6,44,646,109,86,10,851,0,0,0,851
05/17/2021,SLC,UT,ANM,WE,Towers with Radar,655,121,61,3,840,0,11,69,4,84,655,132,130,7,924,0,0,0,924
05/18/2021,SLC,UT,ANM,WE,Towers with Radar,644,137,47,7,835,0,8,107,3,118,644,145,154,10,953,0,0,0,953
05/19/2021,SLC,UT,ANM,WE,Towers with Radar,659,144,66,10,879,0,12,75,8,95,659,156,141,18,974,20,0,20,994
05/20/2021,SLC,UT,ANM,WE,Towers with Radar,677,137,70,5,889,0,10,64,4,78,677,147,134,9,967,0,0,0,967
05/21/2021,SLC,UT,ANM,WE,Towers with Radar,665,158,53,2,878,0,2,46,2,50,665,160,99,4,928,0,0,0,928
05/22/2021,SLC,UT,ANM,WE,Towers with Radar,631,112,44,3,790,0,5,92,2,99,631,117,136,5,889,0,0,0,889
05/23/2021,SLC,UT,ANM,WE,Towers with Radar,664,133,65,0,862,1,3,17,0,21,665,136,82,0,883,0,0,0,883
05/24/2021,SLC,UT,ANM,WE,Towers with Radar,651,152,67,2,872,0,16,85,9,110,651,168,152,11,982,0,0,0,982
05/25/2021,SLC,UT,ANM,WE,Towers with Radar,651,144,44,4,843,0,9,83,3,95,651,153,127,7,938,0,0,0,938
05/26/2021,SLC,UT,ANM,WE,Towers with Radar,653,177,72,4,906,0,6,82,8,96,653,183,154,12,1002,0,0,0,1002
05/27/2021,SLC,UT,ANM,WE,Towers with Radar,671,177,74,5,927,0,8,115,2,125,671,185,189,7,1052,0,0,0,1052
05/28/2021,SLC,UT,ANM,WE,Towers with Radar,667,154,65,2,888,0,17,121,6,144,667,171,186,8,1032,0,0,0,1032
05/29/2021,SLC,UT,ANM,WE,Towers with Radar,607,100,24,2,733,0,1,84,3,88,607,101,108,5,821,0,0,0,821
05/30/2021,SLC,UT,ANM,WE,Towers with Radar,603,94,20,0,717,0,0,47,0,47,603,94,67,0,764,0,0,0,764
05/31/2021,SLC,UT,ANM,WE,Towers with Radar,636,117,71,0,824,0,5,77,3,85,636,122,148,3,909,0,0,0,909
06/01/2021,SLC,UT,ANM,WE,Towers with Radar,628,141,56,2,827,0,10,91,6,107,628,151,147,8,934,0,0,0,934
06/02/2021,SLC,UT,ANM,WE,Towers with Radar,662,163,81,14,920,0,13,76,7,96,662,176,157,21,1016,0,0,0,1016
06/03/2021,SLC,UT,ANM,WE,Towers with Radar,675,166,69,3,913,0,6,97,5,108,675,172,166,8,1021,0,0,0,1021
06/04/2021,SLC,UT,ANM,WE,Towers with Radar,683,163,39,3,888,0,8,94,1,103,683,171,133,4,991,0,0,0,991
06/05/2021,SLC,UT,ANM,WE,Towers with Radar,628,124,37,3,792,0,3,44,4,51,628,127,81,7,843,0,0,0,843
06/06/2021,SLC,UT,ANM,WE,Towers with Radar,671,143,52,4,870,0,10,44,3,57,671,153,96,7,927,0,0,0,927
06/07/2021,SLC,UT,ANM,WE,Towers with Radar,691,154,64,8,917,0,8,80,8,96,691,162,144,16,1013,0,0,0,1013
06/08/2021,SLC,UT,ANM,WE,Towers with Radar,688,157,83,5,933,0,12,38,9,59,688,169,121,14,992,0,0,0,992
06/09/2021,SLC,UT,ANM,WE,Towers with Radar,691,167,70,4,932,0,8,37,8,53,691,175,107,12,985,0,0,0,985
06/10/2021,SLC,UT,ANM,WE,Towers with Radar,718,168,85,1,972,0,24,36,7,67,718,192,121,8,1039,0,0,0,1039
06/11/2021,SLC,UT,ANM,WE,Towers with Radar,709,165,96,3,973,0,11,109,0,120,709,176,205,3,1093,0,0,0,1093
06/12/2021,SLC,UT,ANM,WE,Towers with Radar,631,142,41,1,815,0,12,69,2,83,631,154,110,3,898,0,0,0,898
06/13/2021,SLC,UT,ANM,WE,Towers with Radar,679,144,71,8,902,0,10,56,3,69,679,154,127,11,971,0,0,0,971
06/14/2021,SLC,UT,ANM,WE,Towers with Radar,696,149,64,8,917,0,6,47,4,57,696,155,111,12,974,0,0,0,974
06/15/2021,SLC,UT,ANM,WE,Towers with Radar,690,151,76,6,923,0,7,49,10,66,690,158,125,16,989,0,0,0,989
06/16/2021,SLC,UT,ANM,WE,Towers with Radar,711,174,92,7,984,0,16,97,11,124,711,190,189,18,1108,0,0,0,1108
06/17/2021,SLC,UT,ANM,WE,Towers with Radar,720,177,80,5,982,0,7,108,5,120,720,184,188,10,1102,0,0,0,1102
06/18/2021,SLC,UT,ANM,WE,Towers with Radar,713,183,86,0,982,0,8,83,5,96,713,191,169,5,1078,22,0,22,1100
06/19/2021,SLC,UT,ANM,WE,Towers with Radar,639,152,40,0,831,0,13,66,9,88,639,165,106,9,919,0,0,0,919
06/20/2021,SLC,UT,ANM,WE,Towers with Radar,687,125,58,0,870,0,9,44,4,57,687,134,102,4,927,24,0,24,951
06/21/2021,SLC,UT,ANM,WE,Towers with Radar,692,175,68,3,938,0,9,87,8,104,692,184,155,11,1042,0,0,0,1042
06/22/2021,SLC,UT,ANM,WE,Towers with Radar,718,156,70,8,952,0,9,74,10,93,718,165,144,18,1045,0,0,0,1045
06/23/2021,SLC,UT,ANM,WE,Towers with Radar,712,165,82,6,965,0,5,66,10,81,712,170,148,16,1046,0,0,0,1046
06/24/2021,SLC,UT,ANM,WE,Towers with Radar,716,181,87,2,986,1,10,29,6,46,717,191,116,8,1032,0,0,0,1032
06/25/2021,SLC,UT,ANM,WE,Towers with Radar,711,190,65,8,974,0,5,92,7,104,711,195,157,15,1078,0,0,0,1078
06/26/2021,SLC,UT,ANM,WE,Towers with Radar,656,147,63,1,867,0,9,85,11,105,656,156,148,12,972,0,0,0,972
06/27/2021,SLC,UT,ANM,WE,Towers with Radar,688,156,77,2,923,0,14,28,2,44,688,170,105,4,967,0,0,0,967
06/28/2021,SLC,UT,ANM,WE,Towers with Radar,697,160,71,6,934,0,8,53,4,65,697,168,124,10,999,0,0,0,999
06/29/2021,SLC,UT,ANM,WE,Towers with Radar,720,182,74,8,984,0,10,79,7,96,720,192,153,15,1080,0,0,0,1080
06/30/2021,SLC,UT,ANM,WE,Towers with Radar,707,191,88,7,993,0,12,82,8,102,707,203,170,15,1095,0,0,0,1095
07/01/2021,SLC,UT,ANM,WE,Towers with Radar,732,195,92,10,1029,0,17,76,5,98,732,212,168,15,1127,0,0,0,1127
07/02/2021,SLC,UT,ANM,WE,Towers with Radar,726,182,88,2,998,0,5,76,4,85,726,187,164,6,1083,0,0,0,1083
07/03/2021,SLC,UT,ANM,WE,Towers with Radar,649,160,36,0,845,0,9,71,9,89,649,169,107,9,934,0,0,0,934
07/04/2021,SLC,UT,ANM,WE,Towers with Radar,634,139,24,0,797,0,14,27,0,41,634,153,51,0,838,0,0,0,838
07/05/2021,SLC,UT,ANM,WE,Towers with Radar,700,139,89,0,928,0,5,58,3,66,700,144,147,3,994,0,0,0,994
07/06/2021,SLC,UT,ANM,WE,Towers with Radar,688,153,73,4,918,0,15,75,4,94,688,168,148,8,1012,0,0,0,1012
07/07/2021,SLC,UT,ANM,WE,Towers with Radar,711,193,75,4,983,0,19,94,3,116,711,212,169,7,1099,0,0,0,1099
07/08/2021,SLC,UT,ANM,WE,Towers with Radar,720,190,70,2,982,0,9,92,1,102,720,199,162,3,1084,0,0,0,1084
07/09/2021,SLC,UT,ANM,WE,Towers with Radar,714,169,63,2,948,0,13,65,5,83,714,182,128,7,1031,26,0,26,1057
07/10/2021,SLC,UT,ANM,WE,Towers with Radar,662,150,61,1,874,0,12,53,4,69,662,162,114,5,943,10,0,10,953
07/11/2021,SLC,UT,ANM,WE,Towers with Radar,701,128,78,2,909,0,6,53,4,63,701,134,131,6,972,0,0,0,972
07/12/2021,SLC,UT,ANM,WE,Towers with Radar,697,154,62,2,915,0,13,77,5,95,697,167,139,7,1010,0,0,0,1010
07/13/2021,SLC,UT,ANM,WE,Towers with Radar,715,159,71,3,948,0,19,74,11,104,715,178,145,14,1052,0,0,0,1052
07/14/2021,SLC,UT,ANM,WE,Towers with Radar,710,164,99,6,979,0,14,85,14,113,710,178,184,20,1092,0,0,0,1092
07/15/2021,SLC,UT,ANM,WE,Towers with Radar,715,184,91,5,995,0,6,82,7,95,715,190,173,12,1090,0,0,0,1090
07/16/2021,SLC,UT,ANM,WE,Towers with Radar,716,171,63,0,950,0,10,95,4,109,716,181,158,4,1059,8,0,8,1067
07/17/2021,SLC,UT,ANM,WE,Towers with Radar,664,124,63,1,852,0,4,102,3,109,664,128,165,4,961,20,0,20,981
07/18/2021,SLC,UT,ANM,WE,Towers with Radar,704,148,74,4,930,0,12,55,8,75,704,160,129,12,1005,14,0,14,1019
07/19/2021,SLC,UT,ANM,WE,Towers with Radar,703,162,78,5,948,0,8,81,14,103,703,170,159,19,1051,0,0,0,1051
07/20/2021,SLC,UT,ANM,WE,Towers with Radar,726,160,67,5,958,0,15,95,10,120,726,175,162,15,1078,14,0,14,1092
07/21/2021,SLC,UT,ANM,WE,Towers with Radar,722,171,88,5,986,0,15,82,10,107,722,186,170,15,1093,0,0,0,1093
07/22/2021,SLC,UT,ANM,WE,Towers with Radar,730,177,85,7,999,0,20,87,2,109,730,197,172,9,1108,0,0,0,1108
07/23/2021,SLC,UT,ANM,WE,Towers with Radar,745,181,79,1,1006,0,15,83,0,98,745,196,162,1,1104,2,0,2,1106
07/24/2021,SLC,UT,ANM,WE,Towers with Radar,668,137,56,3,864,0,17,67,5,89,668,154,123,8,953,0,0,0,953
07/25/2021,SLC,UT,ANM,WE,Towers with Radar,700,149,89,0,938,0,7,39,3,49,700,156,128,3,987,0,0,0,987
07/26/2021,SLC,UT,ANM,WE,Towers with Radar,706,155,64,10,935,0,10,48,0,58,706,165,112,10,993,0,0,0,993
07/27/2021,SLC,UT,ANM,WE,Towers with Radar,699,165,72,3,939,0,12,65,5,82,699,177,137,8,1021,0,0,0,1021
07/28/2021,SLC,UT,ANM,WE,Towers with Radar,719,183,72,4,978,0,4,79,3,86,719,187,151,7,1064,0,0,0,1064
07/29/2021,SLC,UT,ANM,WE,Towers with Radar,730,182,100,6,1018,0,12,82,2,96,730,194,182,8,1114,0,0,0,1114
07/30/2021,SLC,UT,ANM,WE,Towers with Radar,719,179,79,1,978,0,12,52,0,64,719,191,131,1,1042,0,0,0,1042
07/31/2021,SLC,UT,ANM,WE,Towers with Radar,669,144,63,1,877,0,13,73,0,86,669,157,136,1,963,0,0,0,963
08/01/2021,SLC,UT,ANM,WE,Towers with Radar,687,133,77,0,897,0,11,23,0,34,687,144,100,0,931,0,0,0,931
08/02/2021,SLC,UT,ANM,WE,Towers with Radar,696,159,68,8,931,0,13,39,2,54,696,172,107,10,985,0,0,0,985
08/03/2021,SLC,UT,ANM,WE,Towers with Radar,706,171,65,3,945,0,10,111,2,123,706,181,176,5,1068,0,0,0,1068
08/04/2021,SLC,UT,ANM,WE,Towers with Radar,718,163,74,7,962,0,16,72,12,100,718,179,146,19,1062,0,0,0,1062
08/05/2021,SLC,UT,ANM,WE,Towers with Radar,716,167,65,5,953,0,10,61,7,78,716,177,126,12,1031,0,0,0,1031
08/06/2021,SLC,UT,ANM,WE,Towers with Radar,715,175,76,6,972,0,6,27,1,34,715,181,103,7,1006,0,0,0,1006
08/07/2021,SLC,UT,ANM,WE,Towers with Radar,670,131,84,3,888,0,2,27,6,35,670,133,111,9,923,0,0,0,923
08/08/2021,SLC,UT,ANM,WE,Towers with Radar,689,160,88,6,943,0,4,24,0,28,689,164,112,6,971,0,0,0,971
08/09/2021,SLC,UT,ANM,WE,Towers with Radar,694,174,83,7,958,0,8,56,2,66,694,182,139,9,1024,0,0,0,1024
08/10/2021,SLC,UT,ANM,WE,Towers with Radar,706,168,69,7,950,0,6,82,6,94,706,174,151,13,1044,0,0,0,1044
08/11/2021,SLC,UT,ANM,WE,Towers with Radar,709,190,78,7,984,1,10,103,14,128,710,200,181,21,1112,0,0,0,1112
08/12/2021,SLC,UT,ANM,WE,Towers with Radar,734,166,113,5,1018,0,7,99,5,111,734,173,212,10,1129,0,0,0,1129
08/13/2021,SLC,UT,ANM,WE,Towers with Radar,713,165,83,2,963,0,15,105,2,122,713,180,188,4,1085,0,0,0,1085
08/14/2021,SLC,UT,ANM,WE,Towers with Radar,654,134,57,0,845,0,6,65,4,75,654,140,122,4,920,0,0,0,920
08/15/2021,SLC,UT,ANM,WE,Towers with Radar,681,156,102,1,940,0,3,56,5,64,681,159,158,6,1004,0,0,0,1004
08/16/2021,SLC,UT,ANM,WE,Towers with Radar,690,161,66,6,923,0,12,58,10,80,690,173,124,16,1003,0,0,0,1003
08/17/2021,SLC,UT,ANM,WE,Towers with Radar,681,169,81,5,936,0,8,36,4,48,681,177,117,9,984,0,0,0,984
08/18/2021,SLC,UT,ANM,WE,Towers with Radar,703,163,75,4,945,0,0,2,2,4,703,163,77,6,949,0,0,0,949
08/19/2021,SLC,UT,ANM,WE,Towers with Radar,726,201,78,8,1013,0,5,19,0,24,726,206,97,8,1037,0,0,0,1037
08/20/2021,SLC,UT,ANM,WE,Towers with Radar,717,168,71,5,961,0,17,109,2,128,717,185,180,7,1089,0,0,0,1089
08/21/2021,SLC,UT,ANM,WE,Towers with Radar,656,130,44,1,831,0,10,39,2,51,656,140,83,3,882,0,0,0,882
08/22/2021,SLC,UT,ANM,WE,Towers with Radar,702,139,85,0,926,0,5,67,1,73,702,144,152,1,999,0,0,0,999
08/23/2021,SLC,UT,ANM,WE,Towers with Radar,694,184,70,8,956,0,9,68,4,81,694,193,138,12,1037,0,0,0,1037
08/24/2021,SLC,UT,ANM,WE,Towers with Radar,687,166,58,14,925,0,10,92,0,102,687,176,150,14,1027,0,0,0,1027
08/25/2021,SLC,UT,ANM,WE,Towers with Radar,695,187,69,13,964,0,10,80,4,94,695,197,149,17,1058,0,0,0,1058
08/26/2021,SLC,UT,ANM,WE,Towers with Radar,704,175,92,10,981,0,8,119,6,133,704,183,211,16,1114,0,0,0,1114
08/27/2021,SLC,UT,ANM,WE,Towers with Radar,720,184,73,3,980,0,8,104,8,120,720,192,177,11,1100,0,0,0,1100
08/28/2021,SLC,UT,ANM,WE,Towers with Radar,651,122,29,2,804,0,12,76,4,92,651,134,105,6,896,0,0,0,896
08/29/2021,SLC,UT,ANM,WE,Towers with Radar,675,149,73,2,899,0,11,48,2,61,675,160,121,4,960,0,0,0,960
08/30/2021,SLC,UT,ANM,WE,Towers with Radar,692,158,54,6,910,0,9,77,6,92,692,167,131,12,1002,0,0,0,1002
08/31/2021,SLC,UT,ANM,WE,Towers with Radar,696,178,58,3,935,0,11,71,11,93,696,189,129,14,1028,0,0,0,1028
09/01/2021,SLC,UT,ANM,WE,Towers with Radar,688,182,84,2,956,0,12,65,4,81,688,194,149,6,1037,0,0,0,1037
09/02/2021,SLC,UT,ANM,WE,Towers with Radar,719,187,88,2,996,0,8,62,8,78,719,195,150,10,1074,0,0,0,1074
09/03/2021,SLC,UT,ANM,WE,Towers with Radar,726,180,108,1,1015,0,10,87,1,98,726,190,195,2,1113,12,0,12,1125
09/04/2021,SLC,UT,ANM,WE,Towers with Radar,636,140,33,0,809,0,15,57,1,73,636,155,90,1,882,12,0,12,894
09/05/2021,SLC,UT,ANM,WE,Towers with Radar,639,123,45,0,807,0,2,44,4,50,639,125,89,4,857,0,0,0,857
09/06/2021,SLC,UT,ANM,WE,Towers with Radar,669,133,85,1,888,0,5,68,0,73,669,138,153,1,961,0,0,0,961
09/07/2021,SLC,UT,ANM,WE,Towers with Radar,665,177,75,4,921,0,15,75,8,98,665,192,150,12,1019,0,0,0,1019
09/08/2021,SLC,UT,ANM,WE,Towers with Radar,664,175,85,7,931,0,19,102,2,123,664,194,187,9,1054,0,0,0,1054
09/09/2021,SLC,UT,ANM,WE,Towers with Radar,684,189,104,9,986,0,15,100,7,122,684,204,204,16,1108,0,0,0,1108
09/10/2021,SLC,UT,ANM,WE,Towers with Radar,709,194,75,3,981,0,4,51,3,58,709,198,126,6,1039,0,0,0,1039
09/11/2021,SLC,UT,ANM,WE,Towers with Radar,619,120,48,5,792,0,17,29,3,49,619,137,77,8,841,0,0,0,841
09/12/2021,SLC,UT,ANM,WE,Towers with Radar,666,129,84,2,881,0,8,65,8,81,666,137,149,10,962,0,0,0,962
09/13/2021,SLC,UT,ANM,WE,Towers with Radar,678,170,78,6,932,0,5,84,7,96,678,175,162,13,1028,0,0,0,1028
09/14/2021,SLC,UT,ANM,WE,Towers with Radar,661,156,91,3,911,0,5,100,7,112,661,161,191,10,1023,0,0,0,1023
09/15/2021,SLC,UT,ANM,WE,Towers with Radar,677,165,87,7,936,0,14,102,9,125,677,179,189,16,1061,0,0,0,1061
09/16/2021,SLC,UT,ANM,WE,Towers with Radar,706,166,74,11,957,0,10,93,4,107,706,176,167,15,1064,0,0,0,1064
09/17/2021,SLC,UT,ANM,WE,Towers with Radar,704,172,77,2,955,0,22,80,7,109,704,194,157,9,1064,0,0,0,1064
09/18/2021,SLC,UT,ANM,WE,Towers with Radar,642,130,50,6,828,0,8,13,3,24,642,138,63,9,852,0,0,0,852
09/19/2021,SLC,UT,ANM,WE,Towers with Radar,673,152,60,3,888,0,11,13,6,30,673,163,73,9,918,0,0,0,918
09/20/2021,SLC,UT,ANM,WE,Towers with Radar,681,168,74,12,935,0,4,96,4,104,681,172,170,16,1039,0,0,0,1039
09/21/2021,SLC,UT,ANM,WE,Towers with Radar,668,161,68,14,911,0,10,97,3,110,668,171,165,17,1021,0,0,0,1021
09/22/2021,SLC,UT,ANM,WE,Towers with Radar,674,165,71,3,913,0,7,115,4,126,674,172,186,7,1039,0,0,0,1039
09/23/2021,SLC,UT,ANM,WE,Towers with Radar,699,192,111,2,1004,0,19,104,7,130,699,211,215,9,1134,0,0,0,1134
09/24/2021,SLC,UT,ANM,WE,Towers with Radar,695,177,100,6,978,0,23,95,1,119,695,200,195,7,1097,0,0,0,1097
09/25/2021,SLC,UT,ANM,WE,Towers with Radar,627,131,61,5,824,0,6,71,4,81,627,137,132,9,905,0,0,0,905
09/26/2021,SLC,UT,ANM,WE,Towers with Radar,660,139,68,0,867,0,4,64,2,70,660,143,132,2,937,0,0,0,937
09/27/2021,SLC,UT,ANM,WE,Towers with Radar,683,152,77,2,914,0,11,98,2,111,683,163,175,4,1025,0,0,0,1025
09/28/2021,SLC,UT,ANM,WE,Towers with Radar,678,158,85,8,929,0,6,18,4,28,678,164,103,12,957,0,0,0,957
09/29/2021,SLC,UT,ANM,WE,Towers with Radar,673,161,79,2,915,0,10,64,4,78,673,171,143,6,993,0,0,0,993
09/30/2021,SLC,UT,ANM,WE,Towers with Radar,692,183,80,4,959,0,9,88,3,100,692,192,168,7,1059,0,0,0,1059
10/01/2021,SLC,UT,ANM,WE,Towers with Radar,694,146,73,2,915,0,9,130,2,141,694,155,203,4,1056,0,0,0,1056
10/02/2021,SLC,UT,ANM,WE,Towers with Radar,620,124,34,0,778,0,14,56,4,74,620,138,90,4,852,18,0,18,870
10/03/2021,SLC,UT,ANM,WE,Towers with Radar,651,113,56,1,821,0,11,51,3,65,651,124,107,4,886,0,0,0,886
10/04/2021,SLC,UT,ANM,WE,Towers with Radar,673,152,64,9,898,0,22,96,3,121,673,174,160,12,1019,0,0,0,1019
10/05/2021,SLC,UT,ANM,WE,Towers with Radar,662,155,74,4,895,0,20,62,0,82,662,175,136,4,977,0,0,0,977
10/06/2021,SLC,UT,ANM,WE,Towers with Radar,668,156,58,6,888,0,12,39,0,51,668,168,97,6,939,0,0,0,939
10/07/2021,SLC,UT,ANM,WE,Towers with Radar,691,168,82,3,944,0,18,44,0,62,691,186,126,3,1006,0,0,0,1006
10/08/2021,SLC,UT,ANM,WE,Towers with Radar,687,169,81,5,942,0,17,16,2,35,687,186,97,7,977,0,0,0,977
10/09/2021,SLC,UT,ANM,WE,Towers with Radar,614,118,41,0,773,0,5,12,2,19,614,123,53,2,792,0,0,0,792
10/10/2021,SLC,UT,ANM,WE,Towers with Radar,631,112,67,2,812,0,1,67,2,70,631,113,134,4,882,0,0,0,882
10/11/2021,SLC,UT,ANM,WE,Towers with Radar,665,132,81,1,879,0,9,37,0,46,665,141,118,1,925,0,0,0,925
10/12/2021,SLC,UT,ANM,WE,Towers with Radar,678,188,83,0,949,0,3,7,0,10,678,191,90,0,959,0,0,0,959
10/13/2021,SLC,UT,ANM,WE,Towers with Radar,684,166,92,7,949,0,13,92,4,109,684,179,184,11,1058,0,0,0,1058
10/14/2021,SLC,UT,ANM,WE,Towers with Radar,688,158,92,0,938,0,13,20,29,62,688,171,112,29,1000,0,0,0,1000
10/15/2021,SLC,UT,ANM,WE,Towers with Radar,689,162,74,4,929,0,14,103,1,118,689,176,177,5,1047,0,0,0,1047
10/16/2021,SLC,UT,ANM,WE,Towers with Radar,622,108,54,6,790,0,11,68,3,82,622,119,122,9,872,0,0,0,872
10/17/2021,SLC,UT,ANM,WE,Towers with Radar,660,103,82,2,847,0,12,44,2,58,660,115,126,4,905,0,0,0,905
10/18/2021,SLC,UT,ANM,WE,Towers with Radar,673,148,61,0,882,0,3,45,11,59,673,151,106,11,941,0,0,0,941
10/19/2021,SLC,UT,ANM,WE,Towers with Radar,673,168,83,4,928,0,13,25,0,38,673,181,108,4,966,0,0,0,966
10/20/2021,SLC,UT,ANM,WE,Towers with Radar,673,166,93,8,940,0,16,110,7,133,673,182,203,15,1073,0,0,0,1073
10/21/2021,SLC,UT,ANM,WE,Towers with Radar,585,128,80,2,795,0,14,118,1,133,585,142,198,3,928,0,0,0,928
10/22/2021,SLC,UT,ANM,WE,Towers with Radar,650,145,97,6,898,0,9,100,5,114,650,154,197,11,1012,0,0,0,1012
10/23/2021,SLC,UT,ANM,WE,Towers with Radar,606,105,57,1,769,0,6,4,4,14,606,111,61,5,783,0,0,0,783
10/24/2021,SLC,UT,ANM,WE,Towers with Radar,658,129,87,1,875,0,12,26,1,39,658,141,113,2,914,0,0,0,914
10/25/2021,SLC,UT,ANM,WE,Towers with Radar,679,149,72,1,901,0,12,9,2,23,679,161,81,3,924,0,0,0,924
10/26/2021,SLC,UT,ANM,WE,Towers with Radar,679,139,72,7,897,0,10,15,4,29,679,149,87,11,926,0,0,0,926
10/27/2021,SLC,UT,ANM,WE,Towers with Radar,678,155,73,4,910,0,4,106,16,126,678,159,179,20,1036,0,0,0,1036
10/28/2021,SLC,UT,ANM,WE,Towers with Radar,687,161,54,6,908,0,5,104,5,114,687,166,158,11,1022,0,0,0,1022
10/29/2021,SLC,UT,ANM,WE,Towers with Radar,689,141,71,5,906,0,9,105,4,118,689,150,176,9,1024,0,0,0,1024
10/30/2021,SLC,UT,ANM,WE,Towers with Radar,610,98,52,0,760,0,10,79,3,92,610,108,131,3,852,2,0,2,854
10/31/2021,SLC,UT,ANM,WE,Towers with Radar,508,120,38,0,666,0,14,36,1,51,508,134,74,1,717,0,0,0,717
11/01/2021,SLC,UT,ANM,WE,Towers with Radar,630,142,67,11,850,0,12,91,6,109,630,154,158,17,959,0,0,0,959
11/02/2021,SLC,UT,ANM,WE,Towers with Radar,638,135,59,10,842,0,2,29,5,36,638,137,88,15,878,0,0,0,878
11/03/2021,SLC,UT,ANM,WE,Towers with Radar,632,153,72,12,869,0,4,115,2,121,632,157,187,14,990,0,0,0,990
11/04/2021,SLC,UT,ANM,WE,Towers with Radar,654,150,70,5,879,0,4,118,2,124,654,154,188,7,1003,0,0,0,1003
11/05/2021,SLC,UT,ANM,WE,Towers with Radar,635,154,78,9,876,0,6,115,1,122,635,160,193,10,998,0,0,0,998
11/06/2021,SLC,UT,ANM,WE,Towers with Radar,594,104,41,3,742,0,20,74,2,96,594,124,115,5,838,0,0,0,838
11/07/2021,SLC,UT,ANM,WE,Towers with Radar,601,106,68,3,778,0,3,47,2,52,601,109,115,5,830,0,0,0,830
11/08/2021,SLC,UT,ANM,WE,Towers with Radar,613,134,62,10,819,0,9,71,1,81,613,143,133,11,900,0,0,0,900
11/09/2021,SLC,UT,ANM,WE,Towers with Radar,610,163,81,6,860,0,21,14,4,39,610,184,95,10,899,0,0,0,899
11/10/2021,SLC,UT,ANM,WE,Towers with Radar,620,139,82,8,849,0,9,80,6,95,620,148,162,14,944,0,0,0,944
11/11/2021,SLC,UT,ANM,WE,Towers with Radar,633,142,80,0,855,0,19,58,1,78,633,161,138,1,933,0,0,0,933
11/12/2021,SLC,UT,ANM,WE,Towers with Radar,631,141,49,2,823,0,14,83,0,97,631,155,132,2,920,0,0,0,920
11/13/2021,SLC,UT,ANM,WE,Towers with Radar,569,91,50,3,713,0,11,89,1,101,569,102,139,4,814,0,0,0,814
11/14/2021,SLC,UT,ANM,WE,Towers with Radar,607,103,47,0,757,0,7,56,2,65,607,110,103,2,822,0,0,0,822
11/15/2021,SLC,UT,ANM,WE,Towers with Radar,604,133,57,2,796,0,7,85,2,94,604,140,142,4,890,0,0,0,890
11/16/2021,SLC,UT,ANM,WE,Towers with Radar,617,140,80,5,842,0,15,64,2,81,617,155,144,7,923,0,0,0,923
11/17/2021,SLC,UT,ANM,WE,Towers with Radar,625,134,64,6,829,0,15,107,0,122,625,149,171,6,951,0,0,0,951
11/18/2021,SLC,UT,ANM,WE,Towers with Radar,650,144,76,6,876,0,3,110,2,115,650,147,186,8,991,0,0,0,991
11/19/2021,SLC,UT,ANM,WE,Towers with Radar,649,159,101,2,911,0,13,62,4,79,649,172,163,6,990,0,0,0,990
11/20/2021,SLC,UT,ANM,WE,Towers with Radar,602,105,79,6,792,0,9,33,3,45,602,114,112,9,837,0,0,0,837
11/21/2021,SLC,UT,ANM,WE,Towers with Radar,618,102,72,5,797,0,3,59,2,64,618,105,131,7,861,0,0,0,861
11/22/2021,SLC,UT,ANM,WE,Towers with Radar,625,127,64,4,820,0,16,110,6,132,625,143,174,10,952,0,0,0,952
11/23/2021,SLC,UT,ANM,WE,Towers with Radar,663,139,90,6,898,0,15,93,13,121,663,154,183,19,1019,0,0,0,1019
11/24/2021,SLC,UT,ANM,WE,Towers with Radar,672,155,84,5,916,0,5,86,2,93,672,160,170,7,1009,0,0,0,1009
11/25/2021,SLC,UT,ANM,WE,Towers with Radar,380,58,8,0,446,0,3,28,0,31,380,61,36,0,477,0,0,0,477
11/26/2021,SLC,UT,ANM,WE,Towers with Radar,472,135,56,0,663,0,12,69,3,84,472,147,125,3,747,0,0,0,747
11/27/2021,SLC,UT,ANM,WE,Towers with Radar,631,101,56,1,789,0,3,61,0,64,631,104,117,1,853,0,0,0,853
11/28/2021,SLC,UT,ANM,WE,Towers with Radar,640,129,109,0,878,0,9,48,2,59,640,138,157,2,937,0,0,0,937
11/29/2021,SLC,UT,ANM,WE,Towers with Radar,648,133,66,2,849,0,4,93,5,102,648,137,159,7,951,0,0,0,951
11/30/2021,SLC,UT,ANM,WE,Towers with Radar,652,150,60,7,869,0,10,89,2,101,652,160,149,9,970,0,0,0,970
12/01/2021,SLC,UT,ANM,WE,Towers with Radar,612,145,80,4,841,0,16,100,7,123,612,161,180,11,964,0,0,0,964
12/02/2021,SLC,UT,ANM,WE,Towers with Radar,640,148,72,1,861,0,9,116,0,125,640,157,188,1,986,0,0,0,986
12/03/2021,SLC,UT,ANM,WE,Towers with Radar,619,141,79,7,846,0,7,98,1,106,619,148,177,8,952,0,0,0,952
12/04/2021,SLC,UT,ANM,WE,Towers with Radar,499,106,59,2,666,0,8,81,2,91,499,114,140,4,757,0,0,0,757
12/05/2021,SLC,UT,ANM,WE,Towers with Radar,600,89,74,0,763,0,6,43,4,53,600,95,117,4,816,0,0,0,816
12/06/2021,SLC,UT,ANM,WE,Towers with Radar,601,119,53,8,781,0,4,65,5,74,601,123,118,13,855,0,0,0,855
12/07/2021,SLC,UT,ANM,WE,Towers with Radar,605,126,74,6,811,0,9,77,0,86,605,135,151,6,897,0,0,0,897
12/08/2021,SLC,UT,ANM,WE,Towers with Radar,602,154,89,5,850,0,5,80,6,91,602,159,169,11,941,0,0,0,941
12/09/2021,SLC,UT,ANM,WE,Towers with Radar,641,143,87,3,874,0,1,0,0,1,641,144,87,3,875,0,0,0,875
12/10/2021,SLC,UT,ANM,WE,Towers with Radar,617,142,88,2,849,0,5,13,1,19,617,147,101,3,868,0,0,0,868
12/11/2021,SLC,UT,ANM,WE,Towers with Radar,491,100,55,0,646,0,7,52,0,59,491,107,107,0,705,0,0,0,705
12/12/2021,SLC,UT,ANM,WE,Towers with Radar,596,108,66,2,772,0,3,38,0,41,596,111,104,2,813,0,0,0,813
12/13/2021,SLC,UT,ANM,WE,Towers with Radar,601,137,107,10,855,0,2,32,0,34,601,139,139,10,889,0,0,0,889
12/14/2021,SLC,UT,ANM,WE,Towers with Radar,572,146,74,4,796,0,4,16,0,20,572,150,90,4,816,0,0,0,816
12/15/2021,SLC,UT,ANM,WE,Towers with Radar,560,153,79,11,803,0,11,48,9,68,560,164,127,20,871,0,0,0,871
12/16/2021,SLC,UT,ANM,WE,Towers with Radar,661,187,99,3,950,0,3,7,6,16,661,190,106,9,966,0,0,0,966
12/17/2021,SLC,UT,ANM,WE,Towers with Radar,664,205,163,1,1033,0,13,45,6,64,664,218,208,7,1097,0,0,0,1097
12/18/2021,SLC,UT,ANM,WE,Towers with Radar,618,169,119,1,907,0,9,92,4,105,618,178,211,5,1012,0,0,0,1012
12/19/2021,SLC,UT,ANM,WE,Towers with Radar,636,146,117,2,901,0,8,52,2,62,636,154,169,4,963,0,0,0,963
12/20/2021,SLC,UT,ANM,WE,Towers with Radar,631,163,75,7,876,0,10,93,10,113,631,173,168,17,989,0,0,0,989
12/21/2021,SLC,UT,ANM,WE,Towers with Radar,663,176,100,5,944,0,6,53,3,62,663,182,153,8,1006,0,0,0,1006
12/22/2021,SLC,UT,ANM,WE,Towers with Radar,669,195,103,1,968,0,3,9,0,12,669,198,112,1,980,0,0,0,980
12/23/2021,SLC,UT,ANM,WE,Towers with Radar,664,202,117,0,983,0,4,14,4,22,664,206,131,4,1005,0,0,0,1005
12/24/2021,SLC,UT,ANM,WE,Towers with Radar,471,165,73,0,709,0,9,6,0,15,471,174,79,0,724,0,0,0,724
12/25/2021,SLC,UT,ANM,WE,Towers with Radar,407,122,36,0,565,0,5,0,2,7,407,127,36,2,572,0,0,0,572
12/26/2021,SLC,UT,ANM,WE,Towers with Radar,526,161,165,0,852,0,2,9,0,11,526,163,174,0,863,0,0,0,863
12/27/2021,SLC,UT,ANM,WE,Towers with Radar,571,221,157,0,949,0,9,4,0,13,571,230,161,0,962,0,0,0,962
12/28/2021,SLC,UT,ANM,WE,Towers with Radar,644,223,126,5,998,0,13,16,0,29,644,236,142,5,1027,0,0,0,1027
12/29/2021,SLC,UT,ANM,WE,Towers with Radar,645,209,122,6,982,0,7,26,0,33,645,216,148,6,1015,0,0,0,1015
12/30/2021,SLC,UT,ANM,WE,Towers with Radar,622,220,144,1,987,0,11,15,1,27,622,231,159,2,1014,0,0,0,1014
12/31/2021,SLC,UT,ANM,WE,Towers with Radar,494,204,112,0,810,0,9,10,4,23,494,213,122,4,833,0,0,0,833
01/01/2022,SLC,UT,ANM,WE,Towers with Radar,453,180,139,1,773,0,20,30,4,54,453,200,169,5,827,0,0,0,827
01/02/2022,SLC,UT,ANM,WE,Towers with Radar,590,191,237,1,1019,0,15,26,2,43,590,206,263,3,1062,0,0,0,1062
01/03/2022,SLC,UT,ANM,WE,Towers with Radar,610,194,131,2,937,0,15,83,2,100,610,209,214,4,1037,0,0,0,1037
01/04/2022,SLC,UT,ANM,WE,Towers with Radar,610,200,71,3,884,0,8,11,1,20,610,208,82,4,904,0,0,0,904
01/05/2022,SLC,UT,ANM,WE,Towers with Radar,587,153,78,4,822,0,3,7,2,12,587,156,85,6,834,0,0,0,834
01/06/2022,SLC,UT,ANM,WE,Towers with Radar,582,178,83,6,849,0,11,20,0,31,582,189,103,6,880,0,0,0,880
01/07/2022,SLC,UT,ANM,WE,Towers with Radar,578,158,89,3,828,0,8,33,2,43,578,166,122,5,871,0,0,0,871
01/08/2022,SLC,UT,ANM,WE,Towers with Radar,481,136,66,6,689,0,12,71,5,88,481,148,137,11,777,0,0,0,777
01/09/2022,SLC,UT,ANM,WE,Towers with Radar,568,116,83,4,771,0,11,64,2,77,568,127,147,6,848,0,0,0,848
01/10/2022,SLC,UT,ANM,WE,Towers with Radar,590,133,87,10,820,0,5,74,7,86,590,138,161,17,906,0,0,0,906
01/11/2022,SLC,UT,ANM,WE,Towers with Radar,598,145,69,8,820,0,5,76,6,87,598,150,145,14,907,0,0,0,907
01/12/2022,SLC,UT,ANM,WE,Towers with Radar,596,134,81,7,818,0,2,107,12,121,596,136,188,19,939,0,0,0,939
01/13/2022,SLC,UT,ANM,WE,Towers with Radar,610,167,111,9,897,0,2,76,0,78,610,169,187,9,975,0,0,0,975
01/14/2022,SLC,UT,ANM,WE,Towers with Radar,610,176,105,12,903,0,18,84,2,104,610,194,189,14,1007,0,0,0,1007
01/15/2022,SLC,UT,ANM,WE,Towers with Radar,455,121,67,7,650,0,4,55,1,60,455,125,122,8,710,0,0,0,710
01/16/2022,SLC,UT,ANM,WE,Towers with Radar,454,102,64,2,622,0,1,50,3,54,454,103,114,5,676,0,0,0,676
01/17/2022,SLC,UT,ANM,WE,Towers with Radar,608,187,134,7,936,0,5,57,3,65,608,192,191,10,1001,0,0,0,1001
01/18/2022,SLC,UT,ANM,WE,Towers with Radar,602,150,81,8,841,0,0,34,10,44,602,150,115,18,885,0,0,0,885
01/19/2022,SLC,UT,ANM,WE,Towers with Radar,605,157,96,6,864,0,5,8,10,23,605,162,104,16,887,0,0,0,887
01/20/2022,SLC,UT,ANM,WE,Towers with Radar,628,140,134,6,908,0,7,18,10,35,628,147,152,16,943,0,0,0,943
01/21/2022,SLC,UT,ANM,WE,Towers with Radar,628,140,88,6,862,0,7,26,5,38,628,147,114,11,900,0,0,0,900
01/22/2022,SLC,UT,ANM,WE,Towers with Radar,497,119,47,0,663,0,5,97,4,106,497,124,144,4,769,0,0,0,769
01/23/2022,SLC,UT,ANM,WE,Towers with Radar,584,106,104,2,796,0,4,62,0,66,584,110,166,2,862,0,0,0,862
01/24/2022,SLC,UT,ANM,WE,Towers with Radar,608,113,76,5,802,0,17,79,9,105,608,130,155,14,907,0,0,0,907
01/25/2022,SLC,UT,ANM,WE,Towers with Radar,606,153,78,8,845,0,7,49,5,61,606,160,127,13,906,0,0,0,906
01/26/2022,SLC,UT,ANM,WE,Towers with Radar,602,137,92,5,836,0,13,104,11,128,602,150,196,16,964,16,0,16,980
01/27/2022,SLC,UT,ANM,WE,Towers with Radar,629,156,94,9,888,0,8,82,15,105,629,164,176,24,993,0,0,0,993
01/28/2022,SLC,UT,ANM,WE,Towers with Radar,605,138,61,13,817,0,8,112,3,123,605,146,173,16,940,0,0,0,940
01/29/2022,SLC,UT,ANM,WE,Towers with Radar,474,123,47,3,647,0,1,98,6,105,474,124,145,9,752,0,0,0,752
01/30/2022,SLC,UT,ANM,WE,Towers with Radar,583,129,110,8,830,0,1,39,1,41,583,130,149,9,871,0,0,0,871
01/31/2022,SLC,UT,ANM,WE,Towers with Radar,612,125,77,8,822,0,6,78,5,89,612,131,155,13,911,0,0,0,911
02/01/2022,SLC,UT,ANM,WE,Towers with Radar,584,142,70,6,802,0,10,75,9,94,584,152,145,15,896,0,0,0,896
02/02/2022,SLC,UT,ANM,WE,Towers with Radar,585,149,86,3,823,0,15,54,10,79,585,164,140,13,902,0,0,0,902
02/03/2022,SLC,UT,ANM,WE,Towers with Radar,548,155,90,19,812,0,10,86,9,105,548,165,176,28,917,0,0,0,917
02/04/2022,SLC,UT,ANM,WE,Towers with Radar,582,141,105,19,847,0,9,74,6,89,582,150,179,25,936,0,0,0,936
02/05/2022,SLC,UT,ANM,WE,Towers with Radar,472,117,47,5,641,0,11,76,4,91,472,128,123,9,732,0,0,0,732
02/06/2022,SLC,UT,ANM,WE,Towers with Radar,584,126,85,4,799,0,0,44,1,45,584,126,129,5,844,0,0,0,844
02/07/2022,SLC,UT,ANM,WE,Towers with Radar,601,142,75,3,821,0,5,78,8,91,601,147,153,11,912,0,0,0,912
02/08/2022,SLC,UT,ANM,WE,Towers with Radar,592,157,82,3,834,0,5,66,5,76,592,162,148,8,910,0,0,0,910
02/09/2022,SLC,UT,ANM,WE,Towers with Radar,603,140,88,6,837,0,13,77,5,95,603,153,165,11,932,0,0,0,932
02/10/2022,SLC,UT,ANM,WE,Towers with Radar,618,143,94,7,862,0,8,89,6,103,618,151,183,13,965,0,0,0,965
02/11/2022,SLC,UT,ANM,WE,Towers with Radar,602,158,100,7,867,0,14,95,3,112,602,172,195,10,979,32,0,32,1011
02/12/2022,SLC,UT,ANM,WE,Towers with Radar,479,97,81,6,663,0,6,75,2,83,479,103,156,8,746,0,0,0,746
02/13/2022,SLC,UT,ANM,WE,Towers with Radar,488,107,77,2,674,0,4,48,1,53,488,111,125,3,727,0,0,0,727
02/14/2022,SLC,UT,ANM,WE,Towers with Radar,605,128,105,17,855,0,10,62,8,80,605,138,167,25,935,0,0,0,935
02/15/2022,SLC,UT,ANM,WE,Towers with Radar,608,136,72,10,826,0,2,40,20,62,608,138,112,30,888,0,0,0,888
02/16/2022,SLC,UT,ANM,WE,Towers with Radar,602,169,119,3,893,0,5,6,4,15,602,174,125,7,908,0,0,0,908
02/17/2022,SLC,UT,ANM,WE,Towers with Radar,618,188,121,4,931,0,6,87,10,103,618,194,208,14,1034,0,0,0,1034
02/18/2022,SLC,UT,ANM,WE,Towers with Radar,627,188,141,0,956,0,4,84,1,89,627,192,225,1,1045,0,0,0,1045
02/19/2022,SLC,UT,ANM,WE,Towers with Radar,483,130,86,2,701,0,9,67,2,78,483,139,153,4,779,0,0,0,779
02/20/2022,SLC,UT,ANM,WE,Towers with Radar,507,131,93,1,732,1,12,37,0,50,508,143,130,1,782,0,0,0,782
02/21/2022,SLC,UT,ANM,WE,Towers with Radar,599,218,161,0,978,0,6,10,1,17,599,224,171,1,995,0,0,0,995
02/22/2022,SLC,UT,ANM,WE,Towers with Radar,616,166,106,6,894,0,7,40,2,49,616,173,146,8,943,0,0,0,943
02/23/2022,SLC,UT,ANM,WE,Towers with Radar,604,163,110,7,884,0,2,1,2,5,604,165,111,9,889,0,0,0,889
02/24/2022,SLC,UT,ANM,WE,Towers with Radar,622,172,146,11,951,0,7,45,3,55,622,179,191,14,1006,0,0,0,1006
02/25/2022,SLC,UT,ANM,WE,Towers with Radar,618,161,109,4,892,0,6,71,1,78,618,167,180,5,970,0,0,0,970
02/26/2022,SLC,UT,ANM,WE,Towers with Radar,523,130,92,3,748,1,7,82,4,94,524,137,174,7,842,0,0,0,842
02/27/2022,SLC,UT,ANM,WE,Towers with Radar,600,127,125,3,855,1,4,54,7,66,601,131,179,10,921,0,0,0,921
02/28/2022,SLC,UT,ANM,WE,Towers with Radar,617,101,78,5,801,1,15,85,3,104,618,116,163,8,905,0,0,0,905
03/01/2022,SLC,UT,ANM,WE,Towers with Radar,616,125,69,7,817,0,13,115,1,129,616,138,184,8,946,0,0,0,946
03/02/2022,SLC,UT,ANM,WE,Towers with Radar,621,137,74,4,836,0,3,96,2,101,621,140,170,6,937,0,0,0,937
03/03/2022,SLC,UT,ANM,WE,Towers with Radar,627,166,123,0,916,0,3,78,8,89,627,169,201,8,1005,0,0,0,1005
03/04/2022,SLC,UT,ANM,WE,Towers with Radar,622,172,117,2,913,0,4,21,3,28,622,176,138,5,941,0,0,0,941
03/05/2022,SLC,UT,ANM,WE,Towers with Radar,503,117,90,0,710,0,6,5,0,11,503,123,95,0,721,0,0,0,721
03/06/2022,SLC,UT,ANM,WE,Towers with Radar,600,149,125,4,878,0,6,8,0,14,600,155,133,4,892,0,0,0,892
03/07/2022,SLC,UT,ANM,WE,Towers with Radar,630,144,120,1,895,0,9,101,2,112,630,153,221,3,1007,0,0,0,1007
03/08/2022,SLC,UT,ANM,WE,Towers with Radar,597,172,109,4,882,0,5,16,0,21,597,177,125,4,903,0,0,0,903
03/09/2022,SLC,UT,ANM,WE,Towers with Radar,600,152,100,10,862,0,11,4,3,18,600,163,104,13,880,0,0,0,880
03/10/2022,SLC,UT,ANM,WE,Towers with Radar,623,180,115,9,927,0,5,81,2,88,623,185,196,11,1015,0,0,0,1015
03/11/2022,SLC,UT,ANM,WE,Towers with Radar,640,146,127,3,916,0,7,92,0,99,640,153,219,3,1015,0,0,0,1015
03/12/2022,SLC,UT,ANM,WE,Towers with Radar,567,131,85,0,783,1,2,91,1,95,568,133,176,1,878,0,0,0,878
03/13/2022,SLC,UT,ANM,WE,Towers with Radar,599,140,128,1,868,0,7,6,0,13,599,147,134,1,881,0,0,0,881
03/14/2022,SLC,UT,ANM,WE,Towers with Radar,624,124,97,11,856,0,3,85,2,90,624,127,182,13,946,0,0,0,946
03/15/2022,SLC,UT,ANM,WE,Towers with Radar,638,130,88,5,861,1,0,74,5,80,639,130,162,10,941,0,0,0,941
03/16/2022,SLC,UT,ANM,WE,Towers with Radar,629,149,121,6,905,0,17,25,6,48,629,166,146,12,953,0,0,0,953
03/17/2022,SLC,UT,ANM,WE,Towers with Radar,623,159,104,5,891,0,9,99,5,113,623,168,203,10,1004,0,0,0,1004
03/18/2022,SLC,UT,ANM,WE,Towers with Radar,617,153,87,4,861,0,8,90,7,105,617,161,177,11,966,0,0,0,966
03/19/2022,SLC,UT,ANM,WE,Towers with Radar,581,122,81,0,784,0,6,55,0,61,581,128,136,0,845,0,0,0,845
03/20/2022,SLC,UT,ANM,WE,Towers with Radar,605,117,95,3,820,0,8,3,4,15,605,125,98,7,835,0,0,0,835
03/21/2022,SLC,UT,ANM,WE,Towers with Radar,610,138,65,5,818,0,18,63,0,81,610,156,128,5,899,0,0,0,899
03/22/2022,SLC,UT,ANM,WE,Towers with Radar,615,122,79,2,818,0,7,66,3,76,615,129,145,5,894,0,0,0,894
03/23/2022,SLC,UT,ANM,WE,Towers with Radar,626,128,90,7,851,0,4,106,4,114,626,132,196,11,965,0,0,0,965
03/24/2022,SLC,UT,ANM,WE,Towers with Radar,624,153,107,8,892,0,17,101,0,118,624,170,208,8,1010,0,0,0,1010
03/25/2022,SLC,UT,ANM,WE,Towers with Radar,637,143,96,1,877,0,4,105,1,110,637,147,201,2,987,0,0,0,987
03/26/2022,SLC,UT,ANM,WE,Towers with Radar,579,115,71,1,766,0,11,86,1,98,579,126,157,2,864,0,0,0,864
03/27/2022,SLC,UT,ANM,WE,Towers with Radar,600,113,91,1,805,0,5,29,0,34,600,118,120,1,839,0,0,0,839
03/28/2022,SLC,UT,ANM,WE,Towers with Radar,608,118,84,12,822,1,4,19,0,24,609,122,103,12,846,0,0,0,846
03/29/2022,SLC,UT,ANM,WE,Towers with Radar,608,139,73,6,826,0,3,14,5,22,608,142,87,11,848,0,0,0,848
03/30/2022,SLC,UT,ANM,WE,Towers with Radar,616,118,73,6,813,0,6,88,5,99,616,124,161,11,912,0,0,0,912
03/31/2022,SLC,UT,ANM,WE,Towers with Radar,619,132,108,8,867,0,7,37,7,51,619,139,145,15,918,0,0,0,918
04/01/2022,SLC,UT,ANM,WE,Towers with Radar,625,134,82,9,850,0,8,114,2,124,625,142,196,11,974,0,0,0,974
04/02/2022,SLC,UT,ANM,WE,Towers with Radar,549,99,45,4,697,0,8,65,5,78,549,107,110,9,775,0,0,0,775
04/03/2022,SLC,UT,ANM,WE,Towers with Radar,594,105,61,0,760,0,6,45,2,53,594,111,106,2,813,0,0,0,813
04/04/2022,SLC,UT,ANM,WE,Towers with Radar,623,117,73,11,824,0,17,38,5,60,623,134,111,16,884,0,0,0,884
04/05/2022,SLC,UT,ANM,WE,Towers with Radar,618,120,56,5,799,0,0,13,5,18,618,120,69,10,817,0,0,0,817
04/06/2022,SLC,UT,ANM,WE,Towers with Radar,633,134,64,4,835,0,8,93,4,105,633,142,157,8,940,0,0,0,940
04/07/2022,SLC,UT,ANM,WE,Towers with Radar,616,140,77,10,843,0,11,88,7,106,616,151,165,17,949,0,0,0,949
04/08/2022,SLC,UT,ANM,WE,Towers with Radar,624,127,78,7,836,0,7,94,3,104,624,134,172,10,940,0,0,0,940
04/09/2022,SLC,UT,ANM,WE,Towers with Radar,550,93,42,10,695,0,10,58,3,71,550,103,100,13,766,0,0,0,766
04/10/2022,SLC,UT,ANM,WE,Towers with Radar,599,104,62,6,771,0,7,37,1,45,599,111,99,7,816,40,0,40,856
04/11/2022,SLC,UT,ANM,WE,Towers with Radar,603,93,69,6,771,0,5,29,0,34,603,98,98,6,805,0,0,0,805
04/12/2022,SLC,UT,ANM,WE,Towers with Radar,628,109,62,1,800,1,3,2,2,8,629,112,64,3,808,0,0,0,808
04/13/2022,SLC,UT,ANM,WE,Towers with Radar,623,126,79,3,831,0,3,12,1,16,623,129,91,4,847,0,0,0,847
04/14/2022,SLC,UT,ANM,WE,Towers with Radar,627,132,95,8,862,0,9,68,4,81,627,141,163,12,943,0,0,0,943
04/15/2022,SLC,UT,ANM,WE,Towers with Radar,632,137,67,8,844,0,9,49,3,61,632,146,116,11,905,50,0,50,955
04/16/2022,SLC,UT,ANM,WE,Towers with Radar,556,83,30,1,670,0,8,31,0,39,556,91,61,1,709,0,0,0,709
04/17/2022,SLC,UT,ANM,WE,Towers with Radar,603,88,43,2,736,0,4,57,1,62,603,92,100,3,798,0,0,0,798
04/18/2022,SLC,UT,ANM,WE,Towers with Radar,613,105,69,9,796,0,2,77,1,80,613,107,146,10,876,0,0,0,876
04/19/2022,SLC,UT,ANM,WE,Towers with Radar,608,122,79,7,816,0,10,36,3,49,608,132,115,10,865,0,0,0,865
04/20/2022,SLC,UT,ANM,WE,Towers with Radar,611,122,71,6,810,0,3,104,12,119,611,125,175,18,929,0,0,0,929
04/21/2022,SLC,UT,ANM,WE,Towers with Radar,631,126,71,3,831,0,9,29,10,48,631,135,100,13,879,0,0,0,879
04/22/2022,SLC,UT,ANM,WE,Towers with Radar,587,125,84,2,798,0,4,1,5,10,587,129,85,7,808,0,0,0,808
04/23/2022,SLC,UT,ANM,WE,Towers with Radar,307,46,18,3,374,0,3,11,1,15,307,49,29,4,389,0,0,0,389
04/24/2022,SLC,UT,ANM,WE,Towers with Radar,604,96,82,3,785,0,11,61,2,74,604,107,143,5,859,0,0,0,859
04/25/2022,SLC,UT,ANM,WE,Towers with Radar,596,108,54,3,761,0,8,94,4,106,596,116,148,7,867,0,0,0,867
04/26/2022,SLC,UT,ANM,WE,Towers with Radar,615,98,61,14,788,0,5,63,3,71,615,103,124,17,859,0,0,0,859
04/27/2022,SLC,UT,ANM,WE,Towers with Radar,612,123,79,6,820,0,4,82,7,93,612,127,161,13,913,0,0,0,913
04/28/2022,SLC,UT,ANM,WE,Towers with Radar,635,126,78,4,843,0,9,48,4,61,635,135,126,8,904,0,0,0,904
04/29/2022,SLC,UT,ANM,WE,Towers with Radar,621,121,60,7,809,1,9,46,2,58,622,130,106,9,867,0,0,0,867
04/30/2022,SLC,UT,ANM,WE,Towers with Radar,537,82,38,3,660,0,18,100,2,120,537,100,138,5,780,0,0,0,780
05/01/2022,SLC,UT,ANM,WE,Towers with Radar,582,87,48,1,718,0,2,11,2,15,582,89,59,3,733,0,0,0,733
05/02/2022,SLC,UT,ANM,WE,Towers with Radar,585,98,41,3,727,0,13,53,1,67,585,111,94,4,794,0,0,0,794
05/03/2022,SLC,UT,ANM,WE,Towers with Radar,639,96,63,10,808,0,6,47,4,57,639,102,110,14,865,0,0,0,865
05/04/2022,SLC,UT,ANM,WE,Towers with Radar,620,116,91,8,835,0,10,59,6,75,620,126,150,14,910,0,0,0,910
05/05/2022,SLC,UT,ANM,WE,Towers with Radar,618,105,68,8,799,1,7,97,3,108,619,112,165,11,907,0,0,0,907
05/06/2022,SLC,UT,ANM,WE,Towers with Radar,632,100,73,4,809,0,13,78,3,94,632,113,151,7,903,0,0,0,903
05/07/2022,SLC,UT,ANM,WE,Towers with Radar,559,73,45,2,679,0,6,29,0,35,559,79,74,2,714,0,0,0,714
05/08/2022,SLC,UT,ANM,WE,Towers with Radar,582,70,43,1,696,0,0,15,0,15,582,70,58,1,711,0,0,0,711
05/09/2022,SLC,UT,ANM,WE,Towers with Radar,623,96,66,9,794,0,8,33,7,48,623,104,99,16,842,0,0,0,842
05/10/2022,SLC,UT,ANM,WE,Towers with Radar,622,114,62,15,813,0,4,78,1,83,622,118,140,16,896,0,0,0,896
05/11/2022,SLC,UT,ANM,WE,Towers with Radar,634,104,57,5,800,0,17,64,8,89,634,121,121,13,889,0,0,0,889
05/12/2022,SLC,UT,ANM,WE,Towers with Radar,626,121,76,5,828,0,19,60,11,90,626,140,136,16,918,0,0,0,918
05/13/2022,SLC,UT,ANM,WE,Towers with Radar,616,118,43,7,784,0,22,63,7,92,616,140,106,14,876,0,0,0,876
05/14/2022,SLC,UT,ANM,WE,Towers with Radar,533,84,33,5,655,0,17,59,13,89,533,101,92,18,744,0,0,0,744
05/15/2022,SLC,UT,ANM,WE,Towers with Radar,592,74,41,7,714,0,19,59,2,80,592,93,100,9,794,0,0,0,794
05/16/2022,SLC,UT,ANM,WE,Towers with Radar,601,93,41,12,747,0,6,80,2,88,601,99,121,14,835,0,0,0,835
05/17/2022,SLC,UT,ANM,WE,Towers with Radar,616,94,40,5,755,0,5,76,2,83,616,99,116,7,838,0,0,0,838
05/18/2022,SLC,UT,ANM,WE,Towers with Radar,630,108,83,6,827,0,12,73,5,90,630,120,156,11,917,0,0,0,917
05/19/2022,SLC,UT,ANM,WE,Towers with Radar,638,101,64,9,812,0,10,46,6,62,638,111,110,15,874,0,0,0,874
05/20/2022,SLC,UT,ANM,WE,Towers with Radar,624,99,61,4,788,0,16,43,4,63,624,115,104,8,851,0,0,0,851
05/21/2022,SLC,UT,ANM,WE,Towers with Radar,545,79,29,1,654,0,5,86,4,95,545,84,115,5,749,0,0,0,749
05/22/2022,SLC,UT,ANM,WE,Towers with Radar,609,63,61,5,738,0,5,46,8,59,609,68,107,13,797,0,0,0,797
05/23/2022,SLC,UT,ANM,WE,Towers with Radar,628,90,56,10,784,0,17,77,15,109,628,107,133,25,893,0,0,0,893
05/24/2022,SLC,UT,ANM,WE,Towers with Radar,615,104,62,9,790,0,14,89,4,107,615,118,151,13,897,0,0,0,897
05/25/2022,SLC,UT,ANM,WE,Towers with Radar,628,116,76,6,826,0,11,98,3,112,628,127,174,9,938,0,0,0,938
05/26/2022,SLC,UT,ANM,WE,Towers with Radar,636,123,82,7,848,0,11,81,6,98,636,134,163,13,946,0,0,0,946
05/27/2022,SLC,UT,ANM,WE,Towers with Radar,642,111,93,0,846,0,24,79,1,104,642,135,172,1,950,0,0,0,950
05/28/2022,SLC,UT,ANM,WE,Towers with Radar,555,79,36,0,670,0,15,20,1,36,555,94,56,1,706,0,0,0,706
05/29/2022,SLC,UT,ANM,WE,Towers with Radar,558,67,33,1,659,0,2,2,1,5,558,69,35,2,664,0,0,0,664
05/30/2022,SLC,UT,ANM,WE,Towers with Radar,613,83,66,0,762,0,4,15,3,22,613,87,81,3,784,0,0,0,784
05/31/2022,SLC,UT,ANM,WE,Towers with Radar,610,119,55,2,786,0,23,86,2,111,610,142,141,4,897,0,0,0,897
06/01/2022,SLC,UT,ANM,WE,Towers with Radar,629,101,63,8,801,0,18,104,0,122,629,119,167,8,923,0,0,0,923
06/02/2022,SLC,UT,ANM,WE,Towers with Radar,631,108,62,8,809,0,6,126,7,139,631,114,188,15,948,0,0,0,948
06/03/2022,SLC,UT,ANM,WE,Towers with Radar,637,103,61,6,807,0,16,78,7,101,637,119,139,13,908,0,0,0,908
06/04/2022,SLC,UT,ANM,WE,Towers with Radar,537,85,42,5,669,0,2,41,3,46,537,87,83,8,715,0,0,0,715
06/05/2022,SLC,UT,ANM,WE,Towers with Radar,630,74,57,4,765,0,3,34,1,38,630,77,91,5,803,0,0,0,803
06/06/2022,SLC,UT,ANM,WE,Towers with Radar,652,83,73,8,816,0,9,85,3,97,652,92,158,11,913,0,0,0,913
06/07/2022,SLC,UT,ANM,WE,Towers with Radar,646,111,53,4,814,0,12,89,15,116,646,123,142,19,930,0,0,0,930
06/08/2022,SLC,UT,ANM,WE,Towers with Radar,649,112,47,5,813,0,4,94,6,104,649,116,141,11,917,6,0,6,923
06/09/2022,SLC,UT,ANM,WE,Towers with Radar,670,144,67,3,884,0,5,87,6,98,670,149,154,9,982,46,0,46,1028
06/10/2022,SLC,UT,ANM,WE,Towers with Radar,664,133,57,4,858,0,8,83,5,96,664,141,140,9,954,40,0,40,994
06/11/2022,SLC,UT,ANM,WE,Towers with Radar,604,98,58,5,765,0,10,85,3,98,604,108,143,8,863,0,0,0,863
06/12/2022,SLC,UT,ANM,WE,Towers with Radar,656,88,58,8,810,0,6,26,0,32,656,94,84,8,842,0,0,0,842
06/13/2022,SLC,UT,ANM,WE,Towers with Radar,651,115,62,5,833,1,11,23,3,38,652,126,85,8,871,0,0,0,871
06/14/2022,SLC,UT,ANM,WE,Towers with Radar,644,110,67,11,832,0,6,93,3,102,644,116,160,14,934,0,0,0,934
06/15/2022,SLC,UT,ANM,WE,Towers with Radar,663,142,88,8,901,0,6,110,7,123,663,148,198,15,1024,0,0,0,1024
06/16/2022,SLC,UT,ANM,WE,Towers with Radar,640,128,76,7,851,0,15,101,6,122,640,143,177,13,973,0,0,0,973
06/17/2022,SLC,UT,ANM,WE,Towers with Radar,661,135,87,1,884,0,4,24,1,29,661,139,111,2,913,0,0,0,913
06/18/2022,SLC,UT,ANM,WE,Towers with Radar,604,93,47,4,748,0,9,25,2,36,604,102,72,6,784,0,0,0,784
06/19/2022,SLC,UT,ANM,WE,Towers with Radar,616,103,53,0,772,0,9,23,2,34,616,112,76,2,806,0,0,0,806
06/20/2022,SLC,UT,ANM,WE,Towers with Radar,659,132,69,0,860,0,5,85,1,91,659,137,154,1,951,0,0,0,951
06/21/2022,SLC,UT,ANM,WE,Towers with Radar,649,116,79,10,854,0,20,119,1,140,649,136,198,11,994,60,0,60,1054
06/22/2022,SLC,UT,ANM,WE,Towers with Radar,645,142,67,7,861,0,12,104,3,119,645,154,171,10,980,0,0,0,980
06/23/2022,SLC,UT,ANM,WE,Towers with Radar,685,155,80,3,923,0,4,53,7,64,685,159,133,10,987,0,0,0,987
06/24/2022,SLC,UT,ANM,WE,Towers with Radar,673,136,82,2,893,0,13,56,4,73,673,149,138,6,966,0,0,0,966
06/25/2022,SLC,UT,ANM,WE,Towers with Radar,556,100,61,3,720,0,14,56,4,74,556,114,117,7,794,0,0,0,794
06/26/2022,SLC,UT,ANM,WE,Towers with Radar,627,97,69,0,793,0,4,43,2,49,627,101,112,2,842,0,0,0,842
06/27/2022,SLC,UT,ANM,WE,Towers with Radar,649,124,90,7,870,0,9,109,5,123,649,133,199,12,993,0,0,0,993
06/28/2022,SLC,UT,ANM,WE,Towers with Radar,643,132,76,4,855,0,11,56,5,72,643,143,132,9,927,0,0,0,927
06/29/2022,SLC,UT,ANM,WE,Towers with Radar,658,124,88,4,874,0,6,57,7,70,658,130,145,11,944,0,0,0,944
06/30/2022,SLC,UT,ANM,WE,Towers with Radar,675,133,99,4,911,0,2,79,5,86,675,135,178,9,997,0,0,0,997
07/01/2022,SLC,UT,ANM,WE,Towers with Radar,682,147,74,2,905,0,5,63,6,74,682,152,137,8,979,32,0,32,1011
07/02/2022,SLC,UT,ANM,WE,Towers with Radar,607,104,44,1,756,0,5,50,3,58,607,109,94,4,814,22,0,22,836
07/03/2022,SLC,UT,ANM,WE,Towers with Radar,597,72,43,1,713,0,12,21,3,36,597,84,64,4,749,0,0,0,749
07/04/2022,SLC,UT,ANM,WE,Towers with Radar,579,75,52,0,706,0,4,21,2,27,579,79,73,2,733,0,0,0,733
07/05/2022,SLC,UT,ANM,WE,Towers with Radar,633,122,91,3,849,0,10,76,4,90,633,132,167,7,939,58,0,58,997
07/06/2022,SLC,UT,ANM,WE,Towers with Radar,615,116,65,12,808,0,13,84,2,99,615,129,149,14,907,0,0,0,907
07/07/2022,SLC,UT,ANM,WE,Towers with Radar,623,146,55,11,835,0,8,84,6,98,623,154,139,17,933,114,0,114,1047
07/08/2022,SLC,UT,ANM,WE,Towers with Radar,627,125,78,3,833,0,16,66,5,87,627,141,144,8,920,0,0,0,920
07/09/2022,SLC,UT,ANM,WE,Towers with Radar,591,97,37,4,729,0,4,63,1,68,591,101,100,5,797,0,0,0,797
07/10/2022,SLC,UT,ANM,WE,Towers with Radar,662,122,78,4,866,0,12,60,2,74,662,134,138,6,940,6,0,6,946
07/11/2022,SLC,UT,ANM,WE,Towers with Radar,670,110,79,4,863,1,17,83,6,107,671,127,162,10,970,0,0,0,970
07/12/2022,SLC,UT,ANM,WE,Towers with Radar,665,126,71,2,864,0,9,68,3,80,665,135,139,5,944,0,0,0,944
07/13/2022,SLC,UT,ANM,WE,Towers with Radar,662,137,63,4,866,0,13,57,5,75,662,150,120,9,941,0,0,0,941
07/14/2022,SLC,UT,ANM,WE,Towers with Radar,685,132,78,7,902,0,12,57,7,76,685,144,135,14,978,0,0,0,978
07/15/2022,SLC,UT,ANM,WE,Towers with Radar,680,134,71,3,888,0,12,71,3,86,680,146,142,6,974,26,0,26,1000
07/16/2022,SLC,UT,ANM,WE,Towers with Radar,581,98,50,0,729,0,3,73,2,78,581,101,123,2,807,16,0,16,823
07/17/2022,SLC,UT,ANM,WE,Towers with Radar,625,111,47,5,788,0,1,33,4,38,625,112,80,9,826,0,0,0,826
07/18/2022,SLC,UT,ANM,WE,Towers with Radar,677,115,69,4,865,0,13,60,1,74,677,128,129,5,939,0,0,0,939
07/19/2022,SLC,UT,ANM,WE,Towers with Radar,660,111,70,3,844,0,16,68,4,88,660,127,138,7,932,0,0,0,932
07/20/2022,SLC,UT,ANM,WE,Towers with Radar,677,118,82,6,883,0,11,113,9,133,677,129,195,15,1016,0,0,0,1016
07/21/2022,SLC,UT,ANM,WE,Towers with Radar,688,133,66,4,891,0,13,66,7,86,688,146,132,11,977,0,0,0,977
07/22/2022,SLC,UT,ANM,WE,Towers with Radar,697,125,56,0,878,0,12,78,3,93,697,137,134,3,971,0,0,0,971
07/23/2022,SLC,UT,ANM,WE,Towers with Radar,586,92,41,1,720,0,10,74,0,84,586,102,115,1,804,0,0,0,804
07/24/2022,SLC,UT,ANM,WE,Towers with Radar,641,102,71,1,815,0,9,21,1,31,641,111,92,2,846,0,0,0,846
07/25/2022,SLC,UT,ANM,WE,Towers with Radar,659,109,55,6,829,0,17,58,2,77,659,126,113,8,906,0,0,0,906
07/26/2022,SLC,UT,ANM,WE,Towers with Radar,656,114,64,9,843,0,10,92,2,104,656,124,156,11,947,0,0,0,947
07/27/2022,SLC,UT,ANM,WE,Towers with Radar,675,130,91,8,904,0,19,61,5,85,675,149,152,13,989,0,0,0,989
07/28/2022,SLC,UT,ANM,WE,Towers with Radar,672,120,72,6,870,0,23,61,6,90,672,143,133,12,960,0,0,0,960
07/29/2022,SLC,UT,ANM,WE,Towers with Radar,683,135,61,1,880,0,10,73,8,91,683,145,134,9,971,12,0,12,983
07/30/2022,SLC,UT,ANM,WE,Towers with Radar,599,97,52,2,750,0,12,73,9,94,599,109,125,11,844,6,0,6,850
07/31/2022,SLC,UT,ANM,WE,Towers with Radar,632,95,68,1,796,0,10,48,10,68,632,105,116,11,864,0,0,0,864
08/01/2022,SLC,UT,ANM,WE,Towers with Radar,656,124,63,3,846,0,5,65,2,72,656,129,128,5,918,0,0,0,918
08/02/2022,SLC,UT,ANM,WE,Towers with Radar,677,127,71,4,879,0,15,63,5,83,677,142,134,9,962,0,0,0,962
08/03/2022,SLC,UT,ANM,WE,Towers with Radar,654,134,72,6,866,0,19,91,3,113,654,153,163,9,979,0,0,0,979
08/04/2022,SLC,UT,ANM,WE,Towers with Radar,660,142,81,4,887,0,10,78,3,91,660,152,159,7,978,0,0,0,978
08/05/2022,SLC,UT,ANM,WE,Towers with Radar,661,124,72,2,859,0,17,34,2,53,661,141,106,4,912,0,0,0,912
08/06/2022,SLC,UT,ANM,WE,Towers with Radar,590,105,48,3,746,0,8,28,2,38,590,113,76,5,784,0,0,0,784
08/07/2022,SLC,UT,ANM,WE,Towers with Radar,633,108,94,2,837,0,10,78,4,92,633,118,172,6,929,0,0,0,929
08/08/2022,SLC,UT,ANM,WE,Towers with Radar,664,121,75,7,867,0,19,84,3,106,664,140,159,10,973,0,0,0,973
08/09/2022,SLC,UT,ANM,WE,Towers with Radar,654,118,64,8,844,0,14,85,5,104,654,132,149,13,948,0,0,0,948
08/10/2022,SLC,UT,ANM,WE,Towers with Radar,643,131,94,7,875,0,11,65,2,78,643,142,159,9,953,0,0,0,953
08/11/2022,SLC,UT,ANM,WE,Towers with Radar,675,153,74,4,906,0,13,61,8,82,675,166,135,12,988,0,0,0,988
08/12/2022,SLC,UT,ANM,WE,Towers with Radar,677,131,51,2,861,0,9,54,4,67,677,140,105,6,928,0,0,0,928
08/13/2022,SLC,UT,ANM,WE,Towers with Radar,597,114,51,2,764,0,8,54,6,68,597,122,105,8,832,0,0,0,832
08/14/2022,SLC,UT,ANM,WE,Towers with Radar,630,116,81,3,830,0,7,56,3,66,630,123,137,6,896,0,0,0,896
08/15/2022,SLC,UT,ANM,WE,Towers with Radar,668,118,57,12,855,1,16,78,4,99,669,134,135,16,954,0,0,0,954
08/16/2022,SLC,UT,ANM,WE,Towers with Radar,639,138,60,3,840,0,21,86,6,113,639,159,146,9,953,0,0,0,953
08/17/2022,SLC,UT,ANM,WE,Towers with Radar,651,115,94,10,870,0,11,82,9,102,651,126,176,19,972,0,0,0,972
08/18/2022,SLC,UT,ANM,WE,Towers with Radar,677,138,75,5,895,0,15,70,4,89,677,153,145,9,984,0,0,0,984
08/19/2022,SLC,UT,ANM,WE,Towers with Radar,660,153,61,3,877,0,8,37,4,49,660,161,98,7,926,0,0,0,926
08/20/2022,SLC,UT,ANM,WE,Towers with Radar,590,112,45,4,751,0,6,54,3,63,590,118,99,7,814,0,0,0,814
08/21/2022,SLC,UT,ANM,WE,Towers with Radar,635,106,70,2,813,0,10,53,5,68,635,116,123,7,881,0,0,0,881
08/22/2022,SLC,UT,ANM,WE,Towers with Radar,645,112,82,9,848,1,11,61,1,74,646,123,143,10,922,0,0,0,922
08/23/2022,SLC,UT,ANM,WE,Towers with Radar,641,126,60,9,836,0,9,71,4,84,641,135,131,13,920,0,0,0,920
08/24/2022,SLC,UT,ANM,WE,Towers with Radar,643,131,76,7,857,0,13,58,0,71,643,144,134,7,928,0,0,0,928
08/25/2022,SLC,UT,ANM,WE,Towers with Radar,662,129,94,9,894,0,23,94,10,127,662,152,188,19,1021,0,0,0,1021
08/26/2022,SLC,UT,ANM,WE,Towers with Radar,665,131,72,4,872,0,15,123,5,143,665,146,195,9,1015,0,0,0,1015
08/27/2022,SLC,UT,ANM,WE,Towers with Radar,590,75,40,1,706,0,12,61,6,79,590,87,101,7,785,0,0,0,785
08/28/2022,SLC,UT,ANM,WE,Towers with Radar,642,91,61,0,794,0,8,48,0,56,642,99,109,0,850,0,0,0,850
08/29/2022,SLC,UT,ANM,WE,Towers with Radar,652,96,62,11,821,0,13,86,6,105,652,109,148,17,926,0,0,0,926
08/30/2022,SLC,UT,ANM,WE,Towers with Radar,628,116,72,6,822,0,17,81,5,103,628,133,153,11,925,0,0,0,925
08/31/2022,SLC,UT,ANM,WE,Towers with Radar,646,117,67,5,835,0,10,106,8,124,646,127,173,13,959,0,0,0,959
09/01/2022,SLC,UT,ANM,WE,Towers with Radar,674,140,89,7,910,0,8,87,2,97,674,148,176,9,1007,0,0,0,1007
09/02/2022,SLC,UT,ANM,WE,Towers with Radar,664,126,75,6,871,0,12,77,0,89,664,138,152,6,960,0,0,0,960
09/03/2022,SLC,UT,ANM,WE,Towers with Radar,561,88,44,0,693,0,16,58,4,78,561,104,102,4,771,0,0,0,771
09/04/2022,SLC,UT,ANM,WE,Towers with Radar,557,83,46,2,688,0,6,37,3,46,557,89,83,5,734,0,0,0,734
09/05/2022,SLC,UT,ANM,WE,Towers with Radar,657,95,76,0,828,0,3,45,3,51,657,98,121,3,879,0,0,0,879
09/06/2022,SLC,UT,ANM,WE,Towers with Radar,596,121,79,11,807,0,6,59,5,70,596,127,138,16,877,0,0,0,877
09/07/2022,SLC,UT,ANM,WE,Towers with Radar,608,134,62,9,813,0,11,80,3,94,608,145,142,12,907,0,0,0,907
09/08/2022,SLC,UT,ANM,WE,Towers with Radar,609,126,90,7,832,0,7,85,11,103,609,133,175,18,935,0,0,0,935
09/09/2022,SLC,UT,ANM,WE,Towers with Radar,611,132,88,0,831,0,8,74,4,86,611,140,162,4,917,0,0,0,917
09/10/2022,SLC,UT,ANM,WE,Towers with Radar,573,100,62,1,736,0,10,78,3,91,573,110,140,4,827,0,0,0,827
09/11/2022,SLC,UT,ANM,WE,Towers with Radar,631,92,74,4,801,0,2,48,6,56,631,94,122,10,857,0,0,0,857
09/12/2022,SLC,UT,ANM,WE,Towers with Radar,642,127,61,7,837,0,12,74,3,89,642,139,135,10,926,0,0,0,926
09/13/2022,SLC,UT,ANM,WE,Towers with Radar,634,147,60,3,844,0,4,33,11,48,634,151,93,14,892,0,0,0,892
09/14/2022,SLC,UT,ANM,WE,Towers with Radar,636,150,73,10,869,0,3,19,8,30,636,153,92,18,899,0,0,0,899
09/15/2022,SLC,UT,ANM,WE,Towers with Radar,653,147,65,9,874,0,3,67,18,88,653,150,132,27,962,0,0,0,962
09/16/2022,SLC,UT,ANM,WE,Towers with Radar,660,150,85,5,900,0,8,90,3,101,660,158,175,8,1001,0,0,0,1001
09/17/2022,SLC,UT,ANM,WE,Towers with Radar,554,105,48,0,707,0,16,70,0,86,554,121,118,0,793,0,0,0,793
09/18/2022,SLC,UT,ANM,WE,Towers with Radar,610,112,74,3,799,0,14,49,9,72,610,126,123,12,871,0,0,0,871
09/19/2022,SLC,UT,ANM,WE,Towers with Radar,632,127,65,12,836,1,10,70,5,86,633,137,135,17,922,0,0,0,922
09/20/2022,SLC,UT,ANM,WE,Towers with Radar,631,106,94,9,840,0,14,66,10,90,631,120,160,19,930,0,0,0,930
09/21/2022,SLC,UT,ANM,WE,Towers with Radar,631,130,69,10,840,0,22,30,5,57,631,152,99,15,897,0,0,0,897
09/22/2022,SLC,UT,ANM,WE,Towers with Radar,654,139,101,8,902,0,6,95,6,107,654,145,196,14,1009,0,0,0,1009
09/23/2022,SLC,UT,ANM,WE,Towers with Radar,652,141,81,6,880,0,14,91,3,108,652,155,172,9,988,0,0,0,988
09/24/2022,SLC,UT,ANM,WE,Towers with Radar,559,94,49,10,712,0,5,83,3,91,559,99,132,13,803,8,0,8,811
09/25/2022,SLC,UT,ANM,WE,Towers with Radar,619,102,56,1,778,0,3,48,3,54,619,105,104,4,832,0,0,0,832
09/26/2022,SLC,UT,ANM,WE,Towers with Radar,639,109,48,6,802,0,9,75,3,87,639,118,123,9,889,0,0,0,889
09/27/2022,SLC,UT,ANM,WE,Towers with Radar,630,105,60,6,801,0,4,96,4,104,630,109,156,10,905,38,0,38,943
09/28/2022,SLC,UT,ANM,WE,Towers with Radar,632,130,97,3,862,0,8,42,8,58,632,138,139,11,920,0,0,0,920
09/29/2022,SLC,UT,ANM,WE,Towers with Radar,647,126,51,6,830,0,4,53,3,60,647,130,104,9,890,0,0,0,890
09/30/2022,SLC,UT,ANM,WE,Towers with Radar,651,143,70,2,866,1,12,92,2,107,652,155,162,4,973,0,0,0,973
10/01/2022,SLC,UT,ANM,WE,Towers with Radar,547,93,54,0,694,1,12,48,3,64,548,105,102,3,758,0,0,0,758
10/02/2022,SLC,UT,ANM,WE,Towers with Radar,597,112,57,0,766,0,5,38,2,45,597,117,95,2,811,0,0,0,811
10/03/2022,SLC,UT,ANM,WE,Towers with Radar,614,116,81,6,817,0,8,81,4,93,614,124,162,10,910,0,0,0,910
10/04/2022,SLC,UT,ANM,WE,Towers with Radar,619,112,59,7,797,1,15,113,2,131,620,127,172,9,928,0,0,0,928
10/05/2022,SLC,UT,ANM,WE,Towers with Radar,630,119,98,4,851,0,3,111,6,120,630,122,209,10,971,0,0,0,971
10/06/2022,SLC,UT,ANM,WE,Towers with Radar,631,116,86,7,840,0,10,117,14,141,631,126,203,21,981,0,0,0,981
10/07/2022,SLC,UT,ANM,WE,Towers with Radar,632,121,106,3,862,0,7,103,4,114,632,128,209,7,976,0,0,0,976
10/08/2022,SLC,UT,ANM,WE,Towers with Radar,542,70,65,1,678,0,2,103,8,113,542,72,168,9,791,10,0,10,801
10/09/2022,SLC,UT,ANM,WE,Towers with Radar,599,84,71,2,756,0,7,58,2,67,599,91,129,4,823,0,0,0,823
10/10/2022,SLC,UT,ANM,WE,Towers with Radar,615,120,66,1,802,0,14,76,9,99,615,134,142,10,901,0,0,0,901
10/11/2022,SLC,UT,ANM,WE,Towers with Radar,609,106,56,6,777,0,4,70,0,74,609,110,126,6,851,22,0,22,873
10/12/2022,SLC,UT,ANM,WE,Towers with Radar,610,119,70,8,807,0,14,82,3,99,610,133,152,11,906,0,0,0,906
10/13/2022,SLC,UT,ANM,WE,Towers with Radar,624,131,68,9,832,0,10,79,5,94,624,141,147,14,926,0,0,0,926
10/14/2022,SLC,UT,ANM,WE,Towers with Radar,640,116,72,4,832,0,14,98,2,114,640,130,170,6,946,0,0,0,946
10/15/2022,SLC,UT,ANM,WE,Towers with Radar,545,84,44,0,673,0,10,73,4,87,545,94,117,4,760,0,0,0,760
10/16/2022,SLC,UT,ANM,WE,Towers with Radar,598,93,57,0,748,0,5,38,0,43,598,98,95,0,791,0,0,0,791
10/17/2022,SLC,UT,ANM,WE,Towers with Radar,613,97,71,6,787,0,10,107,0,117,613,107,178,6,904,0,0,0,904
10/18/2022,SLC,UT,ANM,WE,Towers with Radar,603,96,76,5,780,0,17,106,4,127,603,113,182,9,907,0,0,0,907
10/19/2022,SLC,UT,ANM,WE,Towers with Radar,605,122,91,5,823,0,5,123,2,130,605,127,214,7,953,0,0,0,953
10/20/2022,SLC,UT,ANM,WE,Towers with Radar,633,117,69,4,823,0,15,110,3,128,633,132,179,7,951,0,0,0,951
10/21/2022,SLC,UT,ANM,WE,Towers with Radar,624,114,65,2,805,0,10,87,4,101,624,124,152,6,906,6,0,6,912
10/22/2022,SLC,UT,ANM,WE,Towers with Radar,564,90,27,2,683,0,3,3,4,10,564,93,30,6,693,0,0,0,693
10/23/2022,SLC,UT,ANM,WE,Towers with Radar,600,120,63,4,787,0,6,5,0,11,600,126,68,4,798,0,0,0,798
10/24/2022,SLC,UT,ANM,WE,Towers with Radar,620,107,65,5,797,0,11,105,0,116,620,118,170,5,913,0,0,0,913
10/25/2022,SLC,UT,ANM,WE,Towers with Radar,612,91,62,4,769,0,11,59,8,78,612,102,121,12,847,0,0,0,847
10/26/2022,SLC,UT,ANM,WE,Towers with Radar,614,124,81,4,823,0,14,20,2,36,614,138,101,6,859,0,0,0,859
10/27/2022,SLC,UT,ANM,WE,Towers with Radar,622,111,63,6,802,0,7,94,12,113,622,118,157,18,915,0,0,0,915
10/28/2022,SLC,UT,ANM,WE,Towers with Radar,621,118,69,5,813,0,10,100,0,110,621,128,169,5,923,0,0,0,923
10/29/2022,SLC,UT,ANM,WE,Towers with Radar,536,68,34,0,638,0,7,75,8,90,536,75,109,8,728,0,0,0,728
10/30/2022,SLC,UT,ANM,WE,Towers with Radar,537,71,26,1,635,0,5,62,0,67,537,76,88,1,702,0,0,0,702
10/31/2022,SLC,UT,ANM,WE,Towers with Radar,531,74,41,0,646,0,9,84,4,97,531,83,125,4,743,0,0,0,743
11/01/2022,SLC,UT,ANM,WE,Towers with Radar,603,99,78,4,784,0,15,26,1,42,603,114,104,5,826,0,0,0,826
11/02/2022,SLC,UT,ANM,WE,Towers with Radar,619,119,70,4,812,0,3,1,0,4,619,122,71,4,816,0,0,0,816
11/03/2022,SLC,UT,ANM,WE,Towers with Radar,612,119,58,5,794,0,14,59,2,75,612,133,117,7,869,0,0,0,869
11/04/2022,SLC,UT,ANM,WE,Towers with Radar,615,120,57,2,794,0,12,99,0,111,615,132,156,2,905,0,0,0,905
11/05/2022,SLC,UT,ANM,WE,Towers with Radar,527,67,50,2,646,1,0,6,2,9,528,67,56,4,655,0,0,0,655
11/06/2022,SLC,UT,ANM,WE,Towers with Radar,558,85,44,5,692,0,9,56,0,65,558,94,100,5,757,0,0,0,757
11/07/2022,SLC,UT,ANM,WE,Towers with Radar,558,96,65,3,722,0,11,8,1,20,558,107,73,4,742,0,0,0,742
11/08/2022,SLC,UT,ANM,WE,Towers with Radar,582,102,57,10,751,0,5,2,0,7,582,107,59,10,758,0,0,0,758
11/09/2022,SLC,UT,ANM,WE,Towers with Radar,605,100,62,3,770,0,6,4,2,12,605,106,66,5,782,0,0,0,782
11/10/2022,SLC,UT,ANM,WE,Towers with Radar,610,114,82,0,806,0,21,76,5,102,610,135,158,5,908,0,0,0,908
11/11/2022,SLC,UT,ANM,WE,Towers with Radar,613,105,62,0,780,0,4,116,0,120,613,109,178,0,900,0,0,0,900
11/12/2022,SLC,UT,ANM,WE,Towers with Radar,536,65,44,2,647,0,13,79,0,92,536,78,123,2,739,0,0,0,739
11/13/2022,SLC,UT,ANM,WE,Towers with Radar,597,68,56,0,721,0,6,51,0,57,597,74,107,0,778,0,0,0,778
11/14/2022,SLC,UT,ANM,WE,Towers with Radar,606,102,66,3,777,0,14,87,1,102,606,116,153,4,879,0,0,0,879
11/15/2022,SLC,UT,ANM,WE,Towers with Radar,609,97,58,0,764,0,8,85,2,95,609,105,143,2,859,0,0,0,859
11/16/2022,SLC,UT,ANM,WE,Towers with Radar,607,98,60,3,768,0,12,53,1,66,607,110,113,4,834,0,0,0,834
11/17/2022,SLC,UT,ANM,WE,Towers with Radar,622,102,88,4,816,0,18,86,5,109,622,120,174,9,925,0,0,0,925
11/18/2022,SLC,UT,ANM,WE,Towers with Radar,623,122,77,2,824,0,17,70,2,89,623,139,147,4,913,0,0,0,913
11/19/2022,SLC,UT,ANM,WE,Towers with Radar,536,94,56,1,687,0,14,80,1,95,536,108,136,2,782,0,0,0,782
11/20/2022,SLC,UT,ANM,WE,Towers with Radar,615,70,59,2,746,0,6,41,2,49,615,76,100,4,795,0,0,0,795
11/21/2022,SLC,UT,ANM,WE,Towers with Radar,597,106,67,3,773,0,11,60,0,71,597,117,127,3,844,0,0,0,844
11/22/2022,SLC,UT,ANM,WE,Towers with Radar,631,119,76,8,834,0,13,87,2,102,631,132,163,10,936,0,0,0,936
11/23/2022,SLC,UT,ANM,WE,Towers with Radar,629,133,81,2,845,0,19,52,2,73,629,152,133,4,918,0,0,0,918
11/24/2022,SLC,UT,ANM,WE,Towers with Radar,372,45,11,0,428,0,2,11,0,13,372,47,22,0,441,0,0,0,441
11/25/2022,SLC,UT,ANM,WE,Towers with Radar,514,107,27,0,648,0,10,66,0,76,514,117,93,0,724,0,0,0,724
11/26/2022,SLC,UT,ANM,WE,Towers with Radar,601,106,57,0,764,0,0,38,4,42,601,106,95,4,806,0,0,0,806
11/27/2022,SLC,UT,ANM,WE,Towers with Radar,621,94,83,1,799,0,6,42,1,49,621,100,125,2,848,0,0,0,848
11/28/2022,SLC,UT,ANM,WE,Towers with Radar,621,103,50,0,774,0,5,13,0,18,621,108,63,0,792,0,0,0,792
11/29/2022,SLC,UT,ANM,WE,Towers with Radar,590,121,72,9,792,0,10,55,0,65,590,131,127,9,857,24,0,24,881
11/30/2022,SLC,UT,ANM,WE,Towers with Radar,604,132,82,6,824,0,4,74,4,82,604,136,156,10,906,0,0,0,906
12/01/2022,SLC,UT,ANM,WE,Towers with Radar,623,115,72,1,811,0,16,19,6,41,623,131,91,7,852,0,0,0,852
12/02/2022,SLC,UT,ANM,WE,Towers with Radar,609,119,104,3,835,0,15,50,6,71,609,134,154,9,906,0,0,0,906
12/03/2022,SLC,UT,ANM,WE,Towers with Radar,539,77,65,0,681,0,7,63,3,73,539,84,128,3,754,0,0,0,754
12/04/2022,SLC,UT,ANM,WE,Towers with Radar,592,98,60,1,751,0,13,8,0,21,592,111,68,1,772,0,0,0,772
12/05/2022,SLC,UT,ANM,WE,Towers with Radar,599,100,98,3,800,0,9,12,0,21,599,109,110,3,821,0,0,0,821
12/06/2022,SLC,UT,ANM,WE,Towers with Radar,629,103,91,4,827,0,5,9,2,16,629,108,100,6,843,0,0,0,843
12/07/2022,SLC,UT,ANM,WE,Towers with Radar,598,120,75,7,800,0,5,5,0,10,598,125,80,7,810,0,0,0,810
12/08/2022,SLC,UT,ANM,WE,Towers with Radar,626,122,97,9,854,0,20,103,4,127,626,142,200,13,981,0,0,0,981
12/09/2022,SLC,UT,ANM,WE,Towers with Radar,617,121,70,3,811,0,7,50,2,59,617,128,120,5,870,0,0,0,870
12/10/2022,SLC,UT,ANM,WE,Towers with Radar,522,58,34,1,615,0,10,35,0,45,522,68,69,1,660,0,0,0,660
12/11/2022,SLC,UT,ANM,WE,Towers with Radar,564,85,61,0,710,0,10,4,0,14,564,95,65,0,724,0,0,0,724
12/12/2022,SLC,UT,ANM,WE,Towers with Radar,593,106,75,2,776,0,4,4,0,8,593,110,79,2,784,0,0,0,784
12/13/2022,SLC,UT,ANM,WE,Towers with Radar,584,116,67,2,769,0,0,0,0,0,584,116,67,2,769,0,0,0,769
12/14/2022,SLC,UT,ANM,WE,Towers with Radar,624,131,81,3,839,0,1,12,4,17,624,132,93,7,856,0,0,0,856
12/15/2022,SLC,UT,ANM,WE,Towers with Radar,652,142,79,2,875,0,11,18,0,29,652,153,97,2,904,0,0,0,904
12/16/2022,SLC,UT,ANM,WE,Towers with Radar,656,146,114,8,924,0,16,75,4,95,656,162,189,12,1019,0,0,0,1019
12/17/2022,SLC,UT,ANM,WE,Towers with Radar,562,104,83,0,749,0,15,66,6,87,562,119,149,6,836,0,0,0,836
12/18/2022,SLC,UT,ANM,WE,Towers with Radar,600,117,84,5,806,0,16,41,0,57,600,133,125,5,863,0,0,0,863
12/19/2022,SLC,UT,ANM,WE,Towers with Radar,605,137,76,8,826,0,11,68,3,82,605,148,144,11,908,0,0,0,908
12/20/2022,SLC,UT,ANM,WE,Towers with Radar,620,121,84,5,830,0,15,60,2,77,620,136,144,7,907,0,0,0,907
12/21/2022,SLC,UT,ANM,WE,Towers with Radar,629,147,94,5,875,0,13,10,2,25,629,160,104,7,900,0,0,0,900
12/22/2022,SLC,UT,ANM,WE,Towers with Radar,637,178,115,2,932,0,16,73,3,92,637,194,188,5,1024,0,0,0,1024
12/23/2022,SLC,UT,ANM,WE,Towers with Radar,582,162,76,0,820,1,12,28,0,41,583,174,104,0,861,0,0,0,861
12/24/2022,SLC,UT,ANM,WE,Towers with Radar,422,103,49,0,574,0,4,1,0,5,422,107,50,0,579,0,0,0,579
12/25/2022,SLC,UT,ANM,WE,Towers with Radar,376,85,34,0,495,0,0,0,0,0,376,85,34,0,495,0,0,0,495
12/26/2022,SLC,UT,ANM,WE,Towers with Radar,541,159,184,0,884,0,9,55,2,66,541,168,239,2,950,0,0,0,950
12/27/2022,SLC,UT,ANM,WE,Towers with Radar,598,179,131,8,916,0,10,6,0,16,598,189,137,8,932,0,0,0,932
12/28/2022,SLC,UT,ANM,WE,Towers with Radar,615,162,110,3,890,0,4,13,1,18,615,166,123,4,908,0,0,0,908
12/29/2022,SLC,UT,ANM,WE,Towers with Radar,609,148,94,7,858,0,8,78,4,90,609,156,172,11,948,0,0,0,948
12/30/2022,SLC,UT,ANM,WE,Towers with Radar,654,172,97,2,925,0,6,1,2,9,654,178,98,4,934,0,0,0,934
12/31/2022,SLC,UT,ANM,WE,Towers with Radar,514,131,80,1,726,0,4,2,0,6,514,135,82,1,732,0,0,0,732
01/01/2023,SLC,UT,ANM,WE,Towers with Radar,516,123,96,0,735,1,0,0,0,1,517,123,96,0,736,0,0,0,736
01/02/2023,SLC,UT,ANM,WE,Towers with Radar,606,182,232,0,1020,0,2,0,2,4,606,184,232,2,1024,0,0,0,1024
01/03/2023,SLC,UT,ANM,WE,Towers with Radar,654,186,155,3,998,0,6,12,5,23,654,192,167,8,1021,0,0,0,1021
01/04/2023,SLC,UT,ANM,WE,Towers with Radar,638,145,95,7,885,0,10,90,0,100,638,155,185,7,985,0,0,0,985
01/05/2023,SLC,UT,ANM,WE,Towers with Radar,637,147,73,4,861,0,8,35,1,44,637,155,108,5,905,0,0,0,905
01/06/2023,SLC,UT,ANM,WE,Towers with Radar,625,142,73,2,842,0,9,7,1,17,625,151,80,3,859,0,0,0,859
01/07/2023,SLC,UT,ANM,WE,Towers with Radar,554,103,60,0,717,0,7,88,4,99,554,110,148,4,816,0,0,0,816
01/08/2023,SLC,UT,ANM,WE,Towers with Radar,631,111,79,5,826,0,12,33,4,49,631,123,112,9,875,0,0,0,875
01/09/2023,SLC,UT,ANM,WE,Towers with Radar,623,99,69,0,791,0,1,22,1,24,623,100,91,1,815,0,0,0,815
01/10/2023,SLC,UT,ANM,WE,Towers with Radar,626,116,79,6,827,0,2,13,4,19,626,118,92,10,846,0,0,0,846
01/11/2023,SLC,UT,ANM,WE,Towers with Radar,600,137,107,4,848,0,6,55,11,72,600,143,162,15,920,0,0,0,920
01/12/2023,SLC,UT,ANM,WE,Towers with Radar,634,124,103,5,866,0,5,120,10,135,634,129,223,15,1001,0,0,0,1001
01/13/2023,SLC,UT,ANM,WE,Towers with Radar,631,165,123,2,921,0,9,106,10,125,631,174,229,12,1046,0,0,0,1046
01/14/2023,SLC,UT,ANM,WE,Towers with Radar,537,113,52,0,702,0,10,52,4,66,537,123,104,4,768,0,0,0,768
01/15/2023,SLC,UT,ANM,WE,Towers with Radar,552,89,50,0,691,0,6,1,0,7,552,95,51,0,698,0,0,0,698
01/16/2023,SLC,UT,ANM,WE,Towers with Radar,617,197,147,1,962,0,2,7,2,11,617,199,154,3,973,0,0,0,973
01/17/2023,SLC,UT,ANM,WE,Towers with Radar,612,127,71,8,818,0,0,0,0,0,612,127,71,8,818,0,0,0,818
01/18/2023,SLC,UT,ANM,WE,Towers with Radar,606,121,83,8,818,0,9,79,9,97,606,130,162,17,915,0,0,0,915
01/19/2023,SLC,UT,ANM,WE,Towers with Radar,637,148,106,4,895,0,4,48,3,55,637,152,154,7,950,0,0,0,950
01/20/2023,SLC,UT,ANM,WE,Towers with Radar,642,123,88,0,853,1,2,59,9,71,643,125,147,9,924,0,0,0,924
01/21/2023,SLC,UT,ANM,WE,Towers with Radar,543,100,72,1,716,0,8,75,2,85,543,108,147,3,801,0,0,0,801
01/22/2023,SLC,UT,ANM,WE,Towers with Radar,622,122,100,0,844,0,3,1,0,4,622,125,101,0,848,0,0,0,848
01/23/2023,SLC,UT,ANM,WE,Towers with Radar,627,120,63,9,819,0,20,68,0,88,627,140,131,9,907,0,0,0,907
01/24/2023,SLC,UT,ANM,WE,Towers with Radar,603,114,79,2,798,0,17,74,4,95,603,131,153,6,893,0,0,0,893
01/25/2023,SLC,UT,ANM,WE,Towers with Radar,619,128,70,6,823,0,1,5,4,10,619,129,75,10,833,0,0,0,833
01/26/2023,SLC,UT,ANM,WE,Towers with Radar,632,155,117,7,911,0,18,14,4,36,632,173,131,11,947,0,0,0,947
01/27/2023,SLC,UT,ANM,WE,Towers with Radar,646,111,99,1,857,0,2,14,0,16,646,113,113,1,873,0,0,0,873
01/28/2023,SLC,UT,ANM,WE,Towers with Radar,558,94,62,1,715,0,5,39,0,44,558,99,101,1,759,0,0,0,759
01/29/2023,SLC,UT,ANM,WE,Towers with Radar,616,134,87,0,837,0,6,0,0,6,616,140,87,0,843,0,0,0,843
01/30/2023,SLC,UT,ANM,WE,Towers with Radar,609,135,77,3,824,0,10,77,5,92,609,145,154,8,916,0,0,0,916
01/31/2023,SLC,UT,ANM,WE,Towers with Radar,604,96,71,8,779,0,7,80,6,93,604,103,151,14,872,10,0,10,882
02/01/2023,SLC,UT,ANM,WE,Towers with Radar,585,141,72,4,802,0,18,89,7,114,585,159,161,11,916,0,0,0,916
02/02/2023,SLC,UT,ANM,WE,Towers with Radar,619,130,77,6,832,0,3,70,6,79,619,133,147,12,911,0,0,0,911
02/03/2023,SLC,UT,ANM,WE,Towers with Radar,637,124,86,6,853,1,7,58,4,70,638,131,144,10,923,0,0,0,923
02/04/2023,SLC,UT,ANM,WE,Towers with Radar,564,84,71,9,728,0,6,25,2,33,564,90,96,11,761,0,0,0,761
02/05/2023,SLC,UT,ANM,WE,Towers with Radar,624,141,101,7,873,0,7,7,6,20,624,148,108,13,893,0,0,0,893
02/06/2023,SLC,UT,ANM,WE,Towers with Radar,636,155,99,4,894,0,8,15,6,29,636,163,114,10,923,0,0,0,923
02/07/2023,SLC,UT,ANM,WE,Towers with Radar,627,107,85,6,825,0,4,83,7,94,627,111,168,13,919,0,0,0,919
02/08/2023,SLC,UT,ANM,WE,Towers with Radar,625,119,75,7,826,0,6,46,9,61,625,125,121,16,887,0,0,0,887
02/09/2023,SLC,UT,ANM,WE,Towers with Radar,649,114,84,13,860,0,13,81,14,108,649,127,165,27,968,0,0,0,968
02/10/2023,SLC,UT,ANM,WE,Towers with Radar,645,120,77,4,846,0,11,79,10,100,645,131,156,14,946,0,0,0,946
02/11/2023,SLC,UT,ANM,WE,Towers with Radar,578,78,50,0,706,0,14,80,1,95,578,92,130,1,801,0,0,0,801
02/12/2023,SLC,UT,ANM,WE,Towers with Radar,557,84,62,3,706,0,3,37,1,41,557,87,99,4,747,0,0,0,747
02/13/2023,SLC,UT,ANM,WE,Towers with Radar,579,125,79,7,790,0,6,57,3,66,579,131,136,10,856,0,0,0,856
02/14/2023,SLC,UT,ANM,WE,Towers with Radar,587,103,64,2,756,0,8,32,4,44,587,111,96,6,800,0,0,0,800
02/15/2023,SLC,UT,ANM,WE,Towers with Radar,627,139,93,4,863,0,12,49,0,61,627,151,142,4,924,0,0,0,924
02/16/2023,SLC,UT,ANM,WE,Towers with Radar,652,214,196,6,1068,0,13,72,4,89,652,227,268,10,1157,0,0,0,1157
02/17/2023,SLC,UT,ANM,WE,Towers with Radar,654,236,181,0,1071,0,7,40,5,52,654,243,221,5,1123,0,0,0,1123
02/18/2023,SLC,UT,ANM,WE,Towers with Radar,577,150,98,0,825,0,6,30,1,37,577,156,128,1,862,0,0,0,862
02/19/2023,SLC,UT,ANM,WE,Towers with Radar,563,162,96,0,821,0,4,19,2,25,563,166,115,2,846,0,0,0,846
02/20/2023,SLC,UT,ANM,WE,Towers with Radar,642,186,170,1,999,0,4,24,0,28,642,190,194,1,1027,0,0,0,1027
02/21/2023,SLC,UT,ANM,WE,Towers with Radar,570,131,76,8,785,0,6,4,0,10,570,137,80,8,795,0,0,0,795
02/22/2023,SLC,UT,ANM,WE,Towers with Radar,545,98,60,0,703,0,1,0,0,1,545,99,60,0,704,0,0,0,704
02/23/2023,SLC,UT,ANM,WE,Towers with Radar,648,141,100,6,895,0,9,14,3,26,648,150,114,9,921,0,0,0,921
02/24/2023,SLC,UT,ANM,WE,Towers with Radar,650,158,93,0,901,0,20,55,5,80,650,178,148,5,981,0,0,0,981
02/25/2023,SLC,UT,ANM,WE,Towers with Radar,577,136,71,3,787,0,13,84,5,102,577,149,155,8,889,0,0,0,889
02/26/2023,SLC,UT,ANM,WE,Towers with Radar,636,118,90,0,844,0,8,6,4,18,636,126,96,4,862,0,0,0,862
02/27/2023,SLC,UT,ANM,WE,Towers with Radar,641,116,71,3,831,0,8,5,1,14,641,124,76,4,845,0,0,0,845
02/28/2023,SLC,UT,ANM,WE,Towers with Radar,630,131,68,9,838,0,10,39,4,53,630,141,107,13,891,0,0,0,891
03/01/2023,SLC,UT,ANM,WE,Towers with Radar,626,122,113,2,863,0,5,0,0,5,626,127,113,2,868,0,0,0,868
03/02/2023,SLC,UT,ANM,WE,Towers with Radar,640,160,97,3,900,0,18,91,10,119,640,178,188,13,1019,0,0,0,1019
03/03/2023,SLC,UT,ANM,WE,Towers with Radar,641,129,85,2,857,0,6,23,5,34,641,135,108,7,891,0,0,0,891
03/04/2023,SLC,UT,ANM,WE,Towers with Radar,562,107,58,4,731,0,10,14,1,25,562,117,72,5,756,0,0,0,756
03/05/2023,SLC,UT,ANM,WE,Towers with Radar,615,138,114,2,869,0,12,22,0,34,615,150,136,2,903,0,0,0,903
03/06/2023,SLC,UT,ANM,WE,Towers with Radar,653,142,103,4,902,0,17,45,2,64,653,159,148,6,966,0,0,0,966
03/07/2023,SLC,UT,ANM,WE,Towers with Radar,633,151,88,3,875,0,13,54,11,78,633,164,142,14,953,0,0,0,953
03/08/2023,SLC,UT,ANM,WE,Towers with Radar,637,113,106,5,861,1,9,32,3,45,638,122,138,8,906,0,0,0,906
03/09/2023,SLC,UT,ANM,WE,Towers with Radar,659,134,126,5,924,0,11,88,18,117,659,145,214,23,1041,0,0,0,1041
03/10/2023,SLC,UT,ANM,WE,Towers with Radar,654,143,92,1,890,0,2,1,2,5,654,145,93,3,895,0,0,0,895
03/11/2023,SLC,UT,ANM,WE,Towers with Radar,607,120,66,3,796,0,14,92,6,112,607,134,158,9,908,0,0,0,908
03/12/2023,SLC,UT,ANM,WE,Towers with Radar,613,153,113,4,883,0,6,2,0,8,613,159,115,4,891,0,0,0,891
03/13/2023,SLC,UT,ANM,WE,Towers with Radar,657,161,74,1,893,0,11,67,5,83,657,172,141,6,976,0,0,0,976
03/14/2023,SLC,UT,ANM,WE,Towers with Radar,647,131,62,5,845,0,10,11,8,29,647,141,73,13,874,0,0,0,874
03/15/2023,SLC,UT,ANM,WE,Towers with Radar,659,130,79,5,873,0,7,24,6,37,659,137,103,11,910,0,0,0,910
03/16/2023,SLC,UT,ANM,WE,Towers with Radar,646,133,78,8,865,0,23,86,10,119,646,156,164,18,984,18,0,18,1002
03/17/2023,SLC,UT,ANM,WE,Towers with Radar,651,124,77,1,853,0,21,108,8,137,651,145,185,9,990,36,0,36,1026
03/18/2023,SLC,UT,ANM,WE,Towers with Radar,599,135,64,1,799,0,9,87,7,103,599,144,151,8,902,0,0,0,902
03/19/2023,SLC,UT,ANM,WE,Towers with Radar,627,127,106,1,861,0,8,27,8,43,627,135,133,9,904,0,0,0,904
03/20/2023,SLC,UT,ANM,WE,Towers with Radar,642,133,80,8,863,0,4,6,1,11,642,137,86,9,874,0,0,0,874
03/21/2023,SLC,UT,ANM,WE,Towers with Radar,643,103,76,7,829,0,10,42,4,56,643,113,118,11,885,0,0,0,885
03/22/2023,SLC,UT,ANM,WE,Towers with Radar,649,119,81,8,857,0,4,4,0,8,649,123,85,8,865,0,0,0,865
03/23/2023,SLC,UT,ANM,WE,Towers with Radar,662,146,105,8,921,0,7,12,7,26,662,153,117,15,947,0,0,0,947
03/24/2023,SLC,UT,ANM,WE,Towers with Radar,658,138,76,0,872,0,1,1,6,8,658,139,77,6,880,0,0,0,880
03/25/2023,SLC,UT,ANM,WE,Towers with Radar,584,99,67,1,751,0,13,6,0,19,584,112,73,1,770,0,0,0,770
03/26/2023,SLC,UT,ANM,WE,Towers with Radar,591,137,100,0,828,0,4,6,0,10,591,141,106,0,838,0,0,0,838
03/27/2023,SLC,UT,ANM,WE,Towers with Radar,634,108,87,0,829,0,11,46,7,64,634,119,133,7,893,0,0,0,893
03/28/2023,SLC,UT,ANM,WE,Towers with Radar,636,97,70,7,810,0,10,83,12,105,636,107,153,19,915,0,0,0,915
03/29/2023,SLC,UT,ANM,WE,Towers with Radar,605,121,72,3,801,0,4,17,2,23,605,125,89,5,824,0,0,0,824
03/30/2023,SLC,UT,ANM,WE,Towers with Radar,658,141,82,5,886,0,4,0,2,6,658,145,82,7,892,0,0,0,892
03/31/2023,SLC,UT,ANM,WE,Towers with Radar,641,125,84,1,851,0,3,20,1,24,641,128,104,2,875,0,0,0,875
04/01/2023,SLC,UT,ANM,WE,Towers with Radar,556,99,52,5,712,0,7,47,1,55,556,106,99,6,767,0,0,0,767
04/02/2023,SLC,UT,ANM,WE,Towers with Radar,592,105,86,0,783,0,13,23,1,37,592,118,109,1,820,0,0,0,820
04/03/2023,SLC,UT,ANM,WE,Towers with Radar,641,91,44,0,776,0,0,0,0,0,641,91,44,0,776,0,0,0,776
04/04/2023,SLC,UT,ANM,WE,Towers with Radar,619,89,58,0,766,0,0,0,1,1,619,89,58,1,767,0,0,0,767
04/05/2023,SLC,UT,ANM,WE,Towers with Radar,619,108,66,5,798,0,13,36,10,59,619,121,102,15,857,0,0,0,857
04/06/2023,SLC,UT,ANM,WE,Towers with Radar,652,115,84,4,855,0,5,117,11,133,652,120,201,15,988,0,0,0,988
04/07/2023,SLC,UT,ANM,WE,Towers with Radar,647,112,71,0,830,0,9,96,0,105,647,121,167,0,935,0,0,0,935
04/08/2023,SLC,UT,ANM,WE,Towers with Radar,583,90,60,0,733,0,5,75,0,80,583,95,135,0,813,0,0,0,813
04/09/2023,SLC,UT,ANM,WE,Towers with Radar,613,110,63,1,787,0,6,53,0,59,613,116,116,1,846,0,0,0,846
04/10/2023,SLC,UT,ANM,WE,Towers with Radar,615,103,96,5,819,0,5,102,7,114,615,108,198,12,933,0,0,0,933
04/11/2023,SLC,UT,ANM,WE,Towers with Radar,621,105,57,6,789,0,12,64,4,80,621,117,121,10,869,0,0,0,869
04/12/2023,SLC,UT,ANM,WE,Towers with Radar,632,96,74,4,806,0,6,42,8,56,632,102,116,12,862,0,0,0,862
04/13/2023,SLC,UT,ANM,WE,Towers with Radar,639,114,65,5,823,0,3,26,8,37,639,117,91,13,860,0,0,0,860
04/14/2023,SLC,UT,ANM,WE,Towers with Radar,638,92,67,5,802,0,11,86,3,100,638,103,153,8,902,0,0,0,902
04/15/2023,SLC,UT,ANM,WE,Towers with Radar,531,85,48,4,668,0,10,89,5,104,531,95,137,9,772,0,0,0,772
04/16/2023,SLC,UT,ANM,WE,Towers with Radar,602,81,54,0,737,0,17,68,1,86,602,98,122,1,823,0,0,0,823
04/17/2023,SLC,UT,ANM,WE,Towers with Radar,626,74,57,5,762,0,13,60,4,77,626,87,117,9,839,0,0,0,839
04/18/2023,SLC,UT,ANM,WE,Towers with Radar,626,89,80,5,800,0,8,4,5,17,626,97,84,10,817,0,0,0,817
04/19/2023,SLC,UT,ANM,WE,Towers with Radar,640,97,71,7,815,0,12,106,12,130,640,109,177,19,945,0,0,0,945
04/20/2023,SLC,UT,ANM,WE,Towers with Radar,622,130,89,4,845,0,9,43,5,57,622,139,132,9,902,0,0,0,902
04/21/2023,SLC,UT,ANM,WE,Towers with Radar,641,106,60,3,810,0,6,25,2,33,641,112,85,5,843,0,0,0,843
04/22/2023,SLC,UT,ANM,WE,Towers with Radar,541,69,33,1,644,0,11,65,4,80,541,80,98,5,724,0,0,0,724
04/23/2023,SLC,UT,ANM,WE,Towers with Radar,601,83,51,0,735,0,2,52,2,56,601,85,103,2,791,0,0,0,791
04/24/2023,SLC,UT,ANM,WE,Towers with Radar,623,80,34,6,743,0,15,24,8,47,623,95,58,14,790,0,0,0,790
04/25/2023,SLC,UT,ANM,WE,Towers with Radar,650,107,51,6,814,0,21,32,6,59,650,128,83,12,873,0,0,0,873
04/26/2023,SLC,UT,ANM,WE,Towers with Radar,626,105,66,7,804,0,19,119,4,142,626,124,185,11,946,0,0,0,946
04/27/2023,SLC,UT,ANM,WE,Towers with Radar,638,110,50,3,801,1,11,79,11,102,639,121,129,14,903,0,0,0,903
04/28/2023,SLC,UT,ANM,WE,Towers with Radar,638,100,53,5,796,0,5,83,4,92,638,105,136,9,888,40,0,40,928
04/29/2023,SLC,UT,ANM,WE,Towers with Radar,551,72,28,3,654,0,11,104,2,117,551,83,132,5,771,0,0,0,771
04/30/2023,SLC,UT,ANM,WE,Towers with Radar,582,61,46,5,694,0,5,80,2,87,582,66,126,7,781,0,0,0,781
05/01/2023,SLC,UT,ANM,WE,Towers with Radar,625,75,46,9,755,0,7,32,6,45,625,82,78,15,800,22,0,22,822
05/02/2023,SLC,UT,ANM,WE,Towers with Radar,628,97,55,10,790,0,12,33,36,81,628,109,88,46,871,0,0,0,871
05/03/2023,SLC,UT,ANM,WE,Towers with Radar,629,94,58,7,788,0,12,31,43,86,629,106,89,50,874,0,0,0,874
05/04/2023,SLC,UT,ANM,WE,Towers with Radar,642,103,63,7,815,0,7,18,7,32,642,110,81,14,847,0,0,0,847
05/05/2023,SLC,UT,ANM,WE,Towers with Radar,636,98,65,3,802,0,9,36,15,60,636,107,101,18,862,0,0,0,862
05/06/2023,SLC,UT,ANM,WE,Towers with Radar,544,62,37,0,643,0,14,22,13,49,544,76,59,13,692,0,0,0,692
05/07/2023,SLC,UT,ANM,WE,Towers with Radar,579,72,36,1,688,0,6,19,12,37,579,78,55,13,725,0,0,0,725
05/08/2023,SLC,UT,ANM,WE,Towers with Radar,629,103,51,4,787,0,8,33,18,59,629,111,84,22,846,0,0,0,846
05/09/2023,SLC,UT,ANM,WE,Towers with Radar,629,89,49,8,775,0,8,33,51,92,629,97,82,59,867,0,0,0,867
05/10/2023,SLC,UT,ANM,WE,Towers with Radar,614,103,87,10,814,0,5,21,28,54,614,108,108,38,868,0,0,0,868
05/11/2023,SLC,UT,ANM,WE,Towers with Radar,651,113,67,8,839,0,8,30,60,98,651,121,97,68,937,0,0,0,937
05/12/2023,SLC,UT,ANM,WE,Towers with Radar,636,110,49,2,797,1,14,64,27,106,637,124,113,29,903,0,0,0,903
05/13/2023,SLC,UT,ANM,WE,Towers with Radar,532,74,39,0,645,0,5,17,7,29,532,79,56,7,674,0,0,0,674
05/14/2023,SLC,UT,ANM,WE,Towers with Radar,578,53,29,1,661,0,1,11,8,20,578,54,40,9,681,0,0,0,681
05/15/2023,SLC,UT,ANM,WE,Towers with Radar,626,99,56,12,793,0,10,36,34,80,626,109,92,46,873,74,0,74,947
05/16/2023,SLC,UT,ANM,WE,Towers with Radar,629,115,68,4,816,0,8,42,45,95,629,123,110,49,911,16,0,16,927
05/17/2023,SLC,UT,ANM,WE,Towers with Radar,633,110,70,4,817,0,16,37,19,72,633,126,107,23,889,0,0,0,889
05/18/2023,SLC,UT,ANM,WE,Towers with Radar,634,107,57,8,806,0,10,61,40,111,634,117,118,48,917,0,0,0,917
05/19/2023,SLC,UT,ANM,WE,Towers with Radar,639,93,60,1,793,0,16,55,50,121,639,109,115,51,914,10,0,10,924
05/20/2023,SLC,UT,ANM,WE,Towers with Radar,541,63,35,4,643,0,5,44,36,85,541,68,79,40,728,48,0,48,776
05/21/2023,SLC,UT,ANM,WE,Towers with Radar,594,73,51,1,719,0,8,34,18,60,594,81,85,19,779,0,0,0,779
05/22/2023,SLC,UT,ANM,WE,Towers with Radar,626,96,45,9,776,0,12,27,28,67,626,108,72,37,843,0,0,0,843
05/23/2023,SLC,UT,ANM,WE,Towers with Radar,622,96,69,7,794,0,7,29,29,65,622,103,98,36,859,0,0,0,859
05/24/2023,SLC,UT,ANM,WE,Towers with Radar,626,99,64,3,792,0,10,25,30,65,626,109,89,33,857,14,0,14,871
05/25/2023,SLC,UT,ANM,WE,Towers with Radar,647,122,70,4,843,0,15,33,36,84,647,137,103,40,927,0,0,0,927
05/26/2023,SLC,UT,ANM,WE,Towers with Radar,646,113,73,0,832,0,11,31,15,57,646,124,104,15,889,0,0,0,889
05/27/2023,SLC,UT,ANM,WE,Towers with Radar,532,80,37,0,649,0,11,26,24,61,532,91,63,24,710,10,0,10,720
05/28/2023,SLC,UT,ANM,WE,Towers with Radar,530,68,22,0,620,1,4,23,21,49,531,72,45,21,669,0,0,0,669
05/29/2023,SLC,UT,ANM,WE,Towers with Radar,616,91,59,2,768,0,6,42,13,61,616,97,101,15,829,0,0,0,829
05/30/2023,SLC,UT,ANM,WE,Towers with Radar,598,80,54,8,740,0,13,61,36,110,598,93,115,44,850,0,0,0,850
05/31/2023,SLC,UT,ANM,WE,Towers with Radar,648,106,64,6,824,0,16,28,39,83,648,122,92,45,907,0,0,0,907
06/01/2023,SLC,UT,ANM,WE,Towers with Radar,647,110,57,6,820,0,11,34,30,75,647,121,91,36,895,0,0,0,895
06/02/2023,SLC,UT,ANM,WE,Towers with Radar,642,118,48,2,810,0,16,26,13,55,642,134,74,15,865,0,0,0,865
06/03/2023,SLC,UT,ANM,WE,Towers with Radar,555,67,26,1,649,0,5,35,19,59,555,72,61,20,708,0,0,0,708
06/04/2023,SLC,UT,ANM,WE,Towers with Radar,605,78,46,0,729,0,6,30,25,61,605,84,76,25,790,0,0,0,790
06/05/2023,SLC,UT,ANM,WE,Towers with Radar,642,90,45,6,783,0,13,30,41,84,642,103,75,47,867,0,0,0,867
06/06/2023,SLC,UT,ANM,WE,Towers with Radar,632,93,55,9,789,0,9,24,29,62,632,102,79,38,851,0,0,0,851
06/07/2023,SLC,UT,ANM,WE,Towers with Radar,675,96,65,5,841,0,11,39,35,85,675,107,104,40,926,0,0,0,926
06/08/2023,SLC,UT,ANM,WE,Towers with Radar,669,107,70,1,847,1,19,44,43,107,670,126,114,44,954,0,0,0,954
06/09/2023,SLC,UT,ANM,WE,Towers with Radar,659,100,48,4,811,0,17,49,27,93,659,117,97,31,904,0,0,0,904
06/10/2023,SLC,UT,ANM,WE,Towers with Radar,614,83,30,1,728,0,9,44,23,76,614,92,74,24,804,0,0,0,804
06/11/2023,SLC,UT,ANM,WE,Towers with Radar,611,84,50,3,748,0,5,26,21,52,611,89,76,24,800,0,0,0,800
06/12/2023,SLC,UT,ANM,WE,Towers with Radar,640,100,54,5,799,0,11,29,20,60,640,111,83,25,859,0,0,0,859
06/13/2023,SLC,UT,ANM,WE,Towers with Radar,637,89,59,5,790,0,22,48,41,111,637,111,107,46,901,0,0,0,901
06/14/2023,SLC,UT,ANM,WE,Towers with Radar,644,116,75,17,852,0,7,29,32,68,644,123,104,49,920,0,0,0,920
06/15/2023,SLC,UT,ANM,WE,Towers with Radar,656,126,84,1,867,0,8,40,22,70,656,134,124,23,937,0,0,0,937
06/16/2023,SLC,UT,ANM,WE,Towers with Radar,658,91,61,4,814,0,20,57,44,121,658,111,118,48,935,0,0,0,935
06/17/2023,SLC,UT,ANM,WE,Towers with Radar,613,76,39,2,730,0,17,52,27,96,613,93,91,29,826,0,0,0,826
06/18/2023,SLC,UT,ANM,WE,Towers with Radar,609,81,40,2,732,0,12,17,3,32,609,93,57,5,764,0,0,0,764
06/19/2023,SLC,UT,ANM,WE,Towers with Radar,642,86,49,1,778,0,7,14,13,34,642,93,63,14,812,0,0,0,812
06/20/2023,SLC,UT,ANM,WE,Towers with Radar,646,114,69,6,835,0,21,51,43,115,646,135,120,49,950,0,0,0,950
06/21/2023,SLC,UT,ANM,WE,Towers with Radar,664,109,76,9,858,0,12,64,26,102,664,121,140,35,960,0,0,0,960
06/22/2023,SLC,UT,ANM,WE,Towers with Radar,676,131,75,12,894,0,19,59,50,128,676,150,134,62,1022,0,0,0,1022
06/23/2023,SLC,UT,ANM,WE,Towers with Radar,657,104,49,6,816,0,14,44,13,71,657,118,93,19,887,42,0,42,929
06/24/2023,SLC,UT,ANM,WE,Towers with Radar,601,83,46,6,736,0,7,66,23,96,601,90,112,29,832,0,0,0,832
06/25/2023,SLC,UT,ANM,WE,Towers with Radar,622,79,48,5,754,0,0,39,11,50,622,79,87,16,804,0,0,0,804
06/26/2023,SLC,UT,ANM,WE,Towers with Radar,634,99,55,3,791,0,13,59,19,91,634,112,114,22,882,0,0,0,882
06/27/2023,SLC,UT,ANM,WE,Towers with Radar,638,79,71,7,795,0,12,86,10,108,638,91,157,17,903,0,0,0,903
06/28/2023,SLC,UT,ANM,WE,Towers with Radar,633,105,68,8,814,0,10,60,17,87,633,115,128,25,901,0,0,0,901
06/29/2023,SLC,UT,ANM,WE,Towers with Radar,647,121,73,3,844,0,9,74,10,93,647,130,147,13,937,0,0,0,937
06/30/2023,SLC,UT,ANM,WE,Towers with Radar,670,108,84,2,864,0,14,72,11,97,670,122,156,13,961,0,0,0,961
07/01/2023,SLC,UT,ANM,WE,Towers with Radar,648,84,50,0,782,0,12,56,3,71,648,96,106,3,853,0,0,0,853
07/02/2023,SLC,UT,ANM,WE,Towers with Radar,594,74,27,0,695,0,8,28,5,41,594,82,55,5,736,0,0,0,736
07/03/2023,SLC,UT,ANM,WE,Towers with Radar,583,80,34,1,698,0,9,53,5,67,583,89,87,6,765,0,0,0,765
07/04/2023,SLC,UT,ANM,WE,Towers with Radar,556,66,14,0,636,0,5,44,0,49,556,71,58,0,685,0,0,0,685
07/05/2023,SLC,UT,ANM,WE,Towers with Radar,650,107,57,3,817,0,3,72,5,80,650,110,129,8,897,0,0,0,897
07/06/2023,SLC,UT,ANM,WE,Towers with Radar,663,124,65,5,857,0,14,57,15,86,663,138,122,20,943,0,0,0,943
07/07/2023,SLC,UT,ANM,WE,Towers with Radar,632,115,54,2,803,0,6,63,1,70,632,121,117,3,873,0,0,0,873
07/08/2023,SLC,UT,ANM,WE,Towers with Radar,637,85,40,0,762,0,16,44,7,67,637,101,84,7,829,0,0,0,829
07/09/2023,SLC,UT,ANM,WE,Towers with Radar,628,85,52,2,767,0,9,43,1,53,628,94,95,3,820,0,0,0,820
07/10/2023,SLC,UT,ANM,WE,Towers with Radar,668,90,75,2,835,0,8,51,6,65,668,98,126,8,900,0,0,0,900
07/11/2023,SLC,UT,ANM,WE,Towers with Radar,672,100,77,4,853,0,17,71,5,93,672,117,148,9,946,0,0,0,946
07/12/2023,SLC,UT,ANM,WE,Towers with Radar,664,123,64,7,858,0,13,80,9,102,664,136,144,16,960,0,0,0,960
07/13/2023,SLC,UT,ANM,WE,Towers with Radar,681,125,72,8,886,0,14,67,11,92,681,139,139,19,978,0,0,0,978
07/14/2023,SLC,UT,ANM,WE,Towers with Radar,669,119,58,2,848,0,9,69,4,82,669,128,127,6,930,0,0,0,930
07/15/2023,SLC,UT,ANM,WE,Towers with Radar,650,71,43,3,767,0,21,70,10,101,650,92,113,13,868,40,0,40,908
07/16/2023,SLC,UT,ANM,WE,Towers with Radar,630,100,67,2,799,0,7,36,4,47,630,107,103,6,846,0,0,0,846
07/17/2023,SLC,UT,ANM,WE,Towers with Radar,645,109,56,5,815,0,15,55,8,78,645,124,111,13,893,0,0,0,893
07/18/2023,SLC,UT,ANM,WE,Towers with Radar,657,87,65,2,811,0,9,50,19,78,657,96,115,21,889,0,0,0,889
07/19/2023,SLC,UT,ANM,WE,Towers with Radar,676,122,79,6,883,0,12,63,7,82,676,134,142,13,965,0,0,0,965
07/20/2023,SLC,UT,ANM,WE,Towers with Radar,660,118,92,7,877,0,9,83,13,105,660,127,175,20,982,32,0,32,1014
07/21/2023,SLC,UT,ANM,WE,Towers with Radar,673,115,69,1,858,0,9,74,2,85,673,124,143,3,943,0,0,0,943
07/22/2023,SLC,UT,ANM,WE,Towers with Radar,659,75,52,1,787,0,8,60,7,75,659,83,112,8,862,0,0,0,862
07/23/2023,SLC,UT,ANM,WE,Towers with Radar,656,95,66,1,818,0,3,36,1,40,656,98,102,2,858,0,0,0,858
07/24/2023,SLC,UT,ANM,WE,Towers with Radar,662,108,51,3,824,0,2,46,0,48,662,110,97,3,872,0,0,0,872
07/25/2023,SLC,UT,ANM,WE,Towers with Radar,683,103,47,4,837,0,17,67,6,90,683,120,114,10,927,0,0,0,927
07/26/2023,SLC,UT,ANM,WE,Towers with Radar,658,125,74,10,867,0,9,53,9,71,658,134,127,19,938,0,0,0,938
07/27/2023,SLC,UT,ANM,WE,Towers with Radar,694,115,63,7,879,0,11,38,8,57,694,126,101,15,936,0,0,0,936
07/28/2023,SLC,UT,ANM,WE,Towers with Radar,660,101,70,0,831,0,4,80,4,88,660,105,150,4,919,0,0,0,919
07/29/2023,SLC,UT,ANM,WE,Towers with Radar,654,94,62,1,811,0,7,44,8,59,654,101,106,9,870,0,0,0,870
07/30/2023,SLC,UT,ANM,WE,Towers with Radar,654,91,57,0,802,0,10,35,7,52,654,101,92,7,854,0,0,0,854
07/31/2023,SLC,UT,ANM,WE,Towers with Radar,648,105,52,5,810,0,8,35,12,55,648,113,87,17,865,40,0,40,905
08/01/2023,SLC,UT,ANM,WE,Towers with Radar,670,117,63,6,856,0,4,34,9,47,670,121,97,15,903,26,0,26,929
08/02/2023,SLC,UT,ANM,WE,Towers with Radar,649,120,68,5,842,0,4,30,7,41,649,124,98,12,883,0,0,0,883
08/03/2023,SLC,UT,ANM,WE,Towers with Radar,685,118,71,4,878,0,8,25,6,39,685,126,96,10,917,0,0,0,917
08/04/2023,SLC,UT,ANM,WE,Towers with Radar,674,112,63,6,855,0,7,72,11,90,674,119,135,17,945,0,0,0,945
08/05/2023,SLC,UT,ANM,WE,Towers with Radar,638,82,50,4,774,0,12,52,16,80,638,94,102,20,854,0,0,0,854
08/06/2023,SLC,UT,ANM,WE,Towers with Radar,629,78,58,5,770,0,11,49,5,65,629,89,107,10,835,0,0,0,835
08/07/2023,SLC,UT,ANM,WE,Towers with Radar,618,97,48,3,766,0,6,70,1,77,618,103,118,4,843,0,0,0,843
08/08/2023,SLC,UT,ANM,WE,Towers with Radar,661,109,78,8,856,0,13,91,12,116,661,122,169,20,972,0,0,0,972
08/09/2023,SLC,UT,ANM,WE,Towers with Radar,647,99,45,5,796,0,13,49,4,66,647,112,94,9,862,0,0,0,862
08/10/2023,SLC,UT,ANM,WE,Towers with Radar,667,95,44,9,815,0,10,26,5,41,667,105,70,14,856,0,0,0,856
08/11/2023,SLC,UT,ANM,WE,Towers with Radar,681,109,55,8,853,0,15,68,6,89,681,124,123,14,942,0,0,0,942
08/12/2023,SLC,UT,ANM,WE,Towers with Radar,629,89,45,1,764,0,12,47,4,63,629,101,92,5,827,0,0,0,827
08/13/2023,SLC,UT,ANM,WE,Towers with Radar,646,82,45,3,776,0,6,56,4,66,646,88,101,7,842,0,0,0,842
08/14/2023,SLC,UT,ANM,WE,Towers with Radar,654,102,65,9,830,0,12,66,11,89,654,114,131,20,919,0,0,0,919
08/15/2023,SLC,UT,ANM,WE,Towers with Radar,639,93,55,11,798,0,18,84,6,108,639,111,139,17,906,0,0,0,906
08/16/2023,SLC,UT,ANM,WE,Towers with Radar,653,90,69,11,823,0,11,92,11,114,653,101,161,22,937,0,0,0,937
08/17/2023,SLC,UT,ANM,WE,Towers with Radar,662,103,70,2,837,0,12,44,6,62,662,115,114,8,899,0,0,0,899
08/18/2023,SLC,UT,ANM,WE,Towers with Radar,674,103,53,6,836,0,10,67,2,79,674,113,120,8,915,0,0,0,915
08/19/2023,SLC,UT,ANM,WE,Towers with Radar,642,78,33,2,755,0,13,60,0,73,642,91,93,2,828,0,0,0,828
08/20/2023,SLC,UT,ANM,WE,Towers with Radar,642,86,61,2,791,0,7,26,3,36,642,93,87,5,827,0,0,0,827
08/21/2023,SLC,UT,ANM,WE,Towers with Radar,652,110,58,5,825,0,7,19,10,36,652,117,77,15,861,0,0,0,861
08/22/2023,SLC,UT,ANM,WE,Towers with Radar,651,105,60,4,820,0,3,21,1,25,651,108,81,5,845,0,0,0,845
08/23/2023,SLC,UT,ANM,WE,Towers with Radar,643,115,61,4,823,0,13,71,10,94,643,128,132,14,917,0,0,0,917
08/24/2023,SLC,UT,ANM,WE,Towers with Radar,655,105,73,4,837,0,19,70,13,102,655,124,143,17,939,0,0,0,939
08/25/2023,SLC,UT,ANM,WE,Towers with Radar,665,94,59,7,825,0,14,89,8,111,665,108,148,15,936,0,0,0,936
08/26/2023,SLC,UT,ANM,WE,Towers with Radar,641,74,40,3,758,0,3,51,4,58,641,77,91,7,816,0,0,0,816
08/27/2023,SLC,UT,ANM,WE,Towers with Radar,636,106,60,0,802,0,13,44,3,60,636,119,104,3,862,0,0,0,862
08/28/2023,SLC,UT,ANM,WE,Towers with Radar,631,87,66,8,792,0,14,84,2,100,631,101,150,10,892,0,0,0,892
08/29/2023,SLC,UT,ANM,WE,Towers with Radar,637,83,66,10,796,0,14,53,6,73,637,97,119,16,869,0,0,0,869
08/30/2023,SLC,UT,ANM,WE,Towers with Radar,631,99,72,6,808,0,13,84,11,108,631,112,156,17,916,0,0,0,916
08/31/2023,SLC,UT,ANM,WE,Towers with Radar,672,107,89,4,872,0,12,75,5,92,672,119,164,9,964,0,0,0,964
