01/01/2000,SLE,OR,ANM,WE,Federal Contract Tower,0,0,5,0,5,0,0,20,0,20,0,0,25,0,25,16,0,16,41
01/02/2000,SLE,OR,ANM,WE,Federal Contract Tower,0,0,4,0,4,0,0,47,0,47,0,0,51,0,51,34,0,34,85
01/03/2000,SLE,OR,ANM,WE,Federal Contract Tower,0,1,6,0,7,0,3,2,0,5,0,4,8,0,12,20,0,20,32
01/04/2000,SLE,OR,ANM,WE,Federal Contract Tower,0,2,12,2,16,0,2,18,19,39,0,4,30,21,55,29,0,29,84
01/05/2000,SLE,OR,ANM,WE,Federal Contract Tower,0,2,12,2,16,0,2,62,10,74,0,4,74,12,90,30,8,38,128
01/06/2000,SLE,OR,ANM,WE,Federal Contract Tower,0,4,23,4,31,0,0,15,6,21,0,4,38,10,52,10,4,14,66
01/07/2000,SLE,OR,ANM,WE,Federal Contract Tower,0,4,20,3,27,0,4,40,12,56,0,8,60,15,83,10,0,10,93
01/08/2000,SLE,OR,ANM,WE,Federal Contract Tower,0,0,16,3,19,0,0,58,20,78,0,0,74,23,97,18,20,38,135
01/09/2000,SLE,OR,ANM,WE,Federal Contract Tower,0,0,7,0,7,0,0,28,6,34,0,0,35,6,41,22,0,22,63
01/10/2000,SLE,OR,ANM,WE,Federal Contract Tower,0,4,25,2,31,0,0,13,0,13,0,4,38,2,44,8,0,8,52
01/11/2000,SLE,OR,ANM,WE,Federal Contract Tower,0,5,28,6,39,0,0,0,0,0,0,5,28,6,39,41,0,41,80
01/12/2000,SLE,OR,ANM,WE,Federal Contract Tower,0,2,12,2,16,0,5,0,0,5,0,7,12,2,21,10,0,10,31
01/13/2000,SLE,OR,ANM,WE,Federal Contract Tower,0,3,15,2,20,0,2,13,0,15,0,5,28,2,35,26,6,32,67
01/14/2000,SLE,OR,ANM,WE,Federal Contract Tower,0,3,16,0,19,0,5,34,0,39,0,8,50,0,58,20,0,20,78
01/15/2000,SLE,OR,ANM,WE,Federal Contract Tower,0,0,16,2,18,0,0,65,0,65,0,0,81,2,83,34,0,34,117
01/16/2000,SLE,OR,ANM,WE,Federal Contract Tower,0,0,0,0,0,0,0,5,1,6,0,0,5,1,6,0,0,0,6
01/17/2000,SLE,OR,ANM,WE,Federal Contract Tower,0,2,16,1,19,0,0,94,0,94,0,2,110,1,113,74,0,74,187
01/18/2000,SLE,OR,ANM,WE,Federal Contract Tower,0,3,17,3,23,0,1,64,4,69,0,4,81,7,92,34,0,34,126
01/19/2000,SLE,OR,ANM,WE,Federal Contract Tower,0,3,22,4,29,0,1,39,10,50,0,4,61,14,79,74,8,82,161
01/20/2000,SLE,OR,ANM,WE,Federal Contract Tower,0,4,25,5,34,0,0,7,0,7,0,4,32,5,41,14,8,22,63
01/21/2000,SLE,OR,ANM,WE,Federal Contract Tower,0,3,20,4,27,0,5,95,7,107,0,8,115,11,134,14,4,18,152
01/22/2000,SLE,OR,ANM,WE,Federal Contract Tower,0,0,22,3,25,0,0,125,11,136,0,0,147,14,161,44,4,48,209
01/23/2000,SLE,OR,ANM,WE,Federal Contract Tower,0,0,16,2,18,0,0,91,11,102,0,0,107,13,120,38,20,58,178
01/24/2000,SLE,OR,ANM,WE,Federal Contract Tower,0,2,16,2,20,0,4,0,0,4,0,6,16,2,24,4,0,4,28
01/25/2000,SLE,OR,ANM,WE,Federal Contract Tower,0,2,17,3,22,0,2,20,8,30,0,4,37,11,52,15,27,42,94
01/26/2000,SLE,OR,ANM,WE,Federal Contract Tower,0,2,16,2,20,0,2,66,11,79,0,4,82,13,99,38,16,54,153
01/27/2000,SLE,OR,ANM,WE,Federal Contract Tower,0,2,17,3,22,0,2,39,6,47,0,4,56,9,69,30,44,74,143
01/28/2000,SLE,OR,ANM,WE,Federal Contract Tower,0,2,20,3,25,0,6,141,5,152,0,8,161,8,177,99,0,99,276
01/29/2000,SLE,OR,ANM,WE,Federal Contract Tower,0,0,5,0,5,0,0,143,0,143,0,0,148,0,148,46,0,46,194
01/30/2000,SLE,OR,ANM,WE,Federal Contract Tower,0,0,6,0,6,0,0,24,3,27,0,0,30,3,33,4,0,4,37
01/31/2000,SLE,OR,ANM,WE,Federal Contract Tower,0,1,9,1,11,0,5,24,8,37,0,6,33,9,48,29,0,29,77
02/01/2000,SLE,OR,ANM,WE,Federal Contract Tower,0,2,8,0,10,0,2,2,0,4,0,4,10,0,14,6,0,6,20
02/02/2000,SLE,OR,ANM,WE,Federal Contract Tower,0,3,16,3,22,0,1,37,10,48,0,4,53,13,70,24,2,26,96
02/03/2000,SLE,OR,ANM,WE,Federal Contract Tower,0,2,12,2,16,0,2,108,8,118,0,4,120,10,134,48,0,48,182
02/04/2000,SLE,OR,ANM,WE,Federal Contract Tower,0,2,12,3,17,0,6,75,9,90,0,8,87,12,107,46,0,46,153
02/05/2000,SLE,OR,ANM,WE,Federal Contract Tower,0,0,11,2,13,0,0,89,4,93,0,0,100,6,106,28,0,28,134
02/06/2000,SLE,OR,ANM,WE,Federal Contract Tower,0,0,11,2,13,0,0,30,2,32,0,0,41,4,45,58,0,58,103
02/07/2000,SLE,OR,ANM,WE,Federal Contract Tower,0,2,10,2,14,0,2,43,1,46,0,4,53,3,60,90,2,92,152
02/08/2000,SLE,OR,ANM,WE,Federal Contract Tower,0,3,14,2,19,0,1,17,2,20,0,4,31,4,39,8,0,8,47
02/09/2000,SLE,OR,ANM,WE,Federal Contract Tower,0,2,8,1,11,0,2,60,7,69,0,4,68,8,80,8,6,14,94
02/10/2000,SLE,OR,ANM,WE,Federal Contract Tower,0,3,16,3,22,0,1,76,6,83,0,4,92,9,105,72,0,72,177
02/11/2000,SLE,OR,ANM,WE,Federal Contract Tower,0,4,22,3,29,0,4,17,0,21,0,8,39,3,50,0,0,0,50
02/12/2000,SLE,OR,ANM,WE,Federal Contract Tower,0,0,10,1,11,0,0,29,0,29,0,0,39,1,40,14,0,14,54
02/13/2000,SLE,OR,ANM,WE,Federal Contract Tower,0,0,13,3,16,0,0,1,1,2,0,0,14,4,18,6,0,6,24
02/14/2000,SLE,OR,ANM,WE,Federal Contract Tower,0,2,13,1,16,0,2,8,0,10,0,4,21,1,26,2,0,2,28
02/15/2000,SLE,OR,ANM,WE,Federal Contract Tower,0,3,21,4,28,0,1,34,10,45,0,4,55,14,73,40,0,40,113
02/16/2000,SLE,OR,ANM,WE,Federal Contract Tower,0,1,9,2,12,0,3,87,3,93,0,4,96,5,105,40,0,40,145
02/17/2000,SLE,OR,ANM,WE,Federal Contract Tower,0,2,14,2,18,0,2,129,4,135,0,4,143,6,153,62,0,62,215
02/18/2000,SLE,OR,ANM,WE,Federal Contract Tower,0,3,21,2,26,0,9,18,0,27,0,12,39,2,53,12,0,12,65
02/19/2000,SLE,OR,ANM,WE,Federal Contract Tower,0,0,7,0,7,0,0,98,0,98,0,0,105,0,105,46,0,46,151
02/20/2000,SLE,OR,ANM,WE,Federal Contract Tower,0,0,8,1,9,0,0,100,0,100,0,0,108,1,109,44,0,44,153
02/21/2000,SLE,OR,ANM,WE,Federal Contract Tower,0,1,7,1,9,0,1,15,0,16,0,2,22,1,25,26,0,26,51
02/22/2000,SLE,OR,ANM,WE,Federal Contract Tower,0,2,17,3,22,0,2,14,0,16,0,4,31,3,38,0,0,0,38
02/23/2000,SLE,OR,ANM,WE,Federal Contract Tower,0,2,19,0,21,0,2,46,0,48,0,4,65,0,69,22,0,22,91
02/24/2000,SLE,OR,ANM,WE,Federal Contract Tower,0,2,17,3,22,0,2,59,3,64,0,4,76,6,86,48,2,50,136
02/25/2000,SLE,OR,ANM,WE,Federal Contract Tower,0,2,19,4,25,0,8,9,6,23,0,10,28,10,48,32,0,32,80
02/26/2000,SLE,OR,ANM,WE,Federal Contract Tower,0,0,7,0,7,0,0,6,0,6,0,0,13,0,13,0,0,0,13
02/27/2000,SLE,OR,ANM,WE,Federal Contract Tower,0,0,14,2,16,0,0,67,2,69,0,0,81,4,85,46,0,46,131
02/28/2000,SLE,OR,ANM,WE,Federal Contract Tower,0,2,14,2,18,0,2,45,0,47,0,4,59,2,65,20,0,20,85
02/29/2000,SLE,OR,ANM,WE,Federal Contract Tower,0,2,18,3,23,0,2,12,11,25,0,4,30,14,48,22,2,24,72
03/01/2000,SLE,OR,ANM,WE,Federal Contract Tower,0,2,12,3,17,0,2,59,3,64,0,4,71,6,81,56,2,58,139
03/02/2000,SLE,OR,ANM,WE,Federal Contract Tower,0,4,19,4,27,0,0,33,16,49,0,4,52,20,76,14,4,18,94
03/03/2000,SLE,OR,ANM,WE,Federal Contract Tower,0,4,22,4,30,0,4,44,0,48,0,8,66,4,78,22,4,26,104
03/04/2000,SLE,OR,ANM,WE,Federal Contract Tower,0,0,14,2,16,0,0,24,0,24,0,0,38,2,40,26,0,26,66
03/05/2000,SLE,OR,ANM,WE,Federal Contract Tower,0,0,14,3,17,0,0,112,2,114,0,0,126,5,131,64,0,64,195
03/06/2000,SLE,OR,ANM,WE,Federal Contract Tower,0,3,15,3,21,0,1,66,0,67,0,4,81,3,88,13,0,13,101
03/07/2000,SLE,OR,ANM,WE,Federal Contract Tower,0,2,11,3,16,0,2,42,6,50,0,4,53,9,66,30,0,30,96
03/08/2000,SLE,OR,ANM,WE,Federal Contract Tower,0,3,17,4,24,0,1,49,9,59,0,4,66,13,83,36,2,38,121
03/09/2000,SLE,OR,ANM,WE,Federal Contract Tower,0,4,23,6,33,0,1,68,3,72,0,5,91,9,105,70,12,82,187
03/10/2000,SLE,OR,ANM,WE,Federal Contract Tower,0,2,11,2,15,0,6,48,0,54,0,8,59,2,69,73,0,73,142
03/11/2000,SLE,OR,ANM,WE,Federal Contract Tower,0,0,9,0,9,0,0,75,0,75,0,0,84,0,84,30,0,30,114
03/12/2000,SLE,OR,ANM,WE,Federal Contract Tower,0,0,12,3,15,0,0,124,2,126,0,0,136,5,141,34,0,34,175
03/13/2000,SLE,OR,ANM,WE,Federal Contract Tower,0,2,11,3,16,0,2,49,6,57,0,4,60,9,73,10,7,17,90
03/14/2000,SLE,OR,ANM,WE,Federal Contract Tower,0,2,11,3,16,0,2,58,1,61,0,4,69,4,77,64,0,64,141
03/15/2000,SLE,OR,ANM,WE,Federal Contract Tower,0,3,15,3,21,0,1,73,10,84,0,4,88,13,105,22,4,26,131
03/16/2000,SLE,OR,ANM,WE,Federal Contract Tower,0,2,12,4,18,0,2,29,1,32,0,4,41,5,50,32,0,32,82
03/17/2000,SLE,OR,ANM,WE,Federal Contract Tower,0,2,15,4,21,0,8,31,4,43,0,10,46,8,64,22,0,22,86
03/18/2000,SLE,OR,ANM,WE,Federal Contract Tower,0,0,5,1,6,0,0,12,1,13,0,0,17,2,19,10,0,10,29
03/19/2000,SLE,OR,ANM,WE,Federal Contract Tower,0,0,8,1,9,0,0,50,3,53,0,0,58,4,62,2,0,2,64
03/20/2000,SLE,OR,ANM,WE,Federal Contract Tower,0,2,17,4,23,0,2,91,0,93,0,4,108,4,116,82,0,82,198
03/21/2000,SLE,OR,ANM,WE,Federal Contract Tower,0,3,20,4,27,0,2,146,2,150,0,5,166,6,177,138,4,142,319
03/22/2000,SLE,OR,ANM,WE,Federal Contract Tower,0,1,13,3,17,0,3,9,9,21,0,4,22,12,38,4,2,6,44
03/23/2000,SLE,OR,ANM,WE,Federal Contract Tower,0,2,14,3,19,0,2,70,9,81,0,4,84,12,100,52,16,68,168
03/24/2000,SLE,OR,ANM,WE,Federal Contract Tower,0,2,13,3,18,0,5,66,2,73,0,7,79,5,91,31,2,33,124
03/25/2000,SLE,OR,ANM,WE,Federal Contract Tower,0,0,17,4,21,0,0,65,15,80,0,0,82,19,101,40,16,56,157
03/26/2000,SLE,OR,ANM,WE,Federal Contract Tower,0,0,4,0,4,0,0,149,2,151,0,0,153,2,155,26,0,26,181
03/27/2000,SLE,OR,ANM,WE,Federal Contract Tower,0,2,14,0,16,0,2,14,0,16,0,4,28,0,32,10,0,10,42
03/28/2000,SLE,OR,ANM,WE,Federal Contract Tower,0,1,12,3,16,0,3,42,1,46,0,4,54,4,62,37,2,39,101
03/29/2000,SLE,OR,ANM,WE,Federal Contract Tower,0,3,21,4,28,0,7,93,4,104,0,10,114,8,132,58,2,60,192
03/30/2000,SLE,OR,ANM,WE,Federal Contract Tower,0,2,17,4,23,0,4,142,10,156,0,6,159,14,179,66,6,72,251
03/31/2000,SLE,OR,ANM,WE,Federal Contract Tower,0,3,21,4,28,0,7,175,3,185,0,10,196,7,213,21,2,23,236
04/01/2000,SLE,OR,ANM,WE,Federal Contract Tower,0,0,12,2,14,0,0,140,1,141,0,0,152,3,155,22,0,22,177
04/02/2000,SLE,OR,ANM,WE,Federal Contract Tower,0,0,7,1,8,0,0,103,7,110,0,0,110,8,118,32,12,44,162
04/03/2000,SLE,OR,ANM,WE,Federal Contract Tower,0,2,13,2,17,0,2,115,1,118,0,4,128,3,135,37,0,37,172
04/04/2000,SLE,OR,ANM,WE,Federal Contract Tower,0,2,10,2,14,0,2,24,3,29,0,4,34,5,43,23,0,23,66
04/05/2000,SLE,OR,ANM,WE,Federal Contract Tower,0,3,18,3,24,0,1,86,5,92,0,4,104,8,116,40,6,46,162
04/06/2000,SLE,OR,ANM,WE,Federal Contract Tower,0,2,13,2,17,0,2,40,2,44,0,4,53,4,61,24,0,24,85
04/07/2000,SLE,OR,ANM,WE,Federal Contract Tower,0,4,23,3,30,0,10,113,0,123,0,14,136,3,153,33,2,35,188
04/08/2000,SLE,OR,ANM,WE,Federal Contract Tower,0,0,10,2,12,0,0,113,15,128,0,0,123,17,140,30,6,36,176
04/09/2000,SLE,OR,ANM,WE,Federal Contract Tower,0,0,5,1,6,0,0,89,1,90,0,0,94,2,96,10,0,10,106
04/10/2000,SLE,OR,ANM,WE,Federal Contract Tower,0,2,17,2,21,0,5,95,0,100,0,7,112,2,121,25,0,25,146
04/11/2000,SLE,OR,ANM,WE,Federal Contract Tower,0,2,7,1,10,0,2,80,5,87,0,4,87,6,97,27,2,29,126
04/12/2000,SLE,OR,ANM,WE,Federal Contract Tower,0,4,23,3,30,0,0,82,2,84,0,4,105,5,114,68,8,76,190
04/13/2000,SLE,OR,ANM,WE,Federal Contract Tower,0,2,17,0,19,0,2,11,0,13,0,4,28,0,32,0,0,0,32
04/14/2000,SLE,OR,ANM,WE,Federal Contract Tower,0,4,25,4,33,0,8,35,5,48,0,12,60,9,81,29,2,31,112
04/15/2000,SLE,OR,ANM,WE,Federal Contract Tower,0,0,7,0,7,0,0,58,0,58,0,0,65,0,65,32,0,32,97
04/16/2000,SLE,OR,ANM,WE,Federal Contract Tower,0,0,13,0,13,0,0,76,0,76,0,0,89,0,89,26,0,26,115
04/17/2000,SLE,OR,ANM,WE,Federal Contract Tower,0,3,22,2,27,0,1,66,3,70,0,4,88,5,97,42,0,42,139
04/18/2000,SLE,OR,ANM,WE,Federal Contract Tower,0,1,11,1,13,0,3,71,2,76,0,4,82,3,89,52,2,54,143
04/19/2000,SLE,OR,ANM,WE,Federal Contract Tower,0,3,22,2,27,0,1,66,11,78,0,4,88,13,105,10,6,16,121
04/20/2000,SLE,OR,ANM,WE,Federal Contract Tower,0,1,11,1,13,0,3,85,8,96,0,4,96,9,109,64,2,66,175
04/21/2000,SLE,OR,ANM,WE,Federal Contract Tower,0,3,20,2,25,0,4,91,4,99,0,7,111,6,124,70,2,72,196
04/22/2000,SLE,OR,ANM,WE,Federal Contract Tower,0,0,9,1,10,0,0,87,0,87,0,0,96,1,97,14,0,14,111
04/23/2000,SLE,OR,ANM,WE,Federal Contract Tower,0,0,8,0,8,0,0,31,0,31,0,0,39,0,39,22,0,22,61
04/24/2000,SLE,OR,ANM,WE,Federal Contract Tower,0,4,23,2,29,0,2,72,3,77,0,6,95,5,106,45,6,51,157
04/25/2000,SLE,OR,ANM,WE,Federal Contract Tower,0,4,24,2,30,0,0,17,6,23,0,4,41,8,53,26,2,28,81
04/26/2000,SLE,OR,ANM,WE,Federal Contract Tower,0,4,23,2,29,0,0,114,4,118,0,4,137,6,147,40,2,42,189
04/27/2000,SLE,OR,ANM,WE,Federal Contract Tower,0,2,15,1,18,0,2,33,5,40,0,4,48,6,58,8,0,8,66
04/28/2000,SLE,OR,ANM,WE,Federal Contract Tower,0,3,17,1,21,0,4,28,3,35,0,7,45,4,56,11,0,11,67
04/29/2000,SLE,OR,ANM,WE,Federal Contract Tower,0,1,13,1,15,0,0,102,4,106,0,1,115,5,121,74,0,74,195
04/30/2000,SLE,OR,ANM,WE,Federal Contract Tower,0,0,14,1,15,0,0,158,1,159,0,0,172,2,174,36,0,36,210
05/01/2000,SLE,OR,ANM,WE,Federal Contract Tower,0,2,16,2,20,0,2,58,0,60,0,4,74,2,80,28,2,30,110
05/02/2000,SLE,OR,ANM,WE,Federal Contract Tower,0,2,14,1,17,0,2,53,0,55,0,4,67,1,72,8,0,8,80
05/03/2000,SLE,OR,ANM,WE,Federal Contract Tower,0,2,15,2,19,0,2,36,4,42,0,4,51,6,61,20,4,24,85
05/04/2000,SLE,OR,ANM,WE,Federal Contract Tower,0,3,20,3,26,0,3,50,4,57,0,6,70,7,83,28,10,38,121
05/05/2000,SLE,OR,ANM,WE,Federal Contract Tower,0,3,25,4,32,0,4,55,3,62,0,7,80,7,94,60,0,60,154
05/06/2000,SLE,OR,ANM,WE,Federal Contract Tower,0,0,15,3,18,0,0,158,10,168,0,0,173,13,186,36,8,44,230
05/07/2000,SLE,OR,ANM,WE,Federal Contract Tower,0,0,19,3,22,0,0,123,16,139,0,0,142,19,161,24,0,24,185
05/08/2000,SLE,OR,ANM,WE,Federal Contract Tower,0,1,8,1,10,0,3,20,0,23,0,4,28,1,33,21,2,23,56
05/09/2000,SLE,OR,ANM,WE,Federal Contract Tower,0,2,15,2,19,0,2,5,5,12,0,4,20,7,31,0,0,0,31
05/10/2000,SLE,OR,ANM,WE,Federal Contract Tower,0,1,7,2,10,0,3,17,1,21,0,4,24,3,31,2,0,2,33
05/11/2000,SLE,OR,ANM,WE,Federal Contract Tower,0,3,21,3,27,0,1,20,4,25,0,4,41,7,52,22,0,22,74
05/12/2000,SLE,OR,ANM,WE,Federal Contract Tower,0,3,27,5,35,0,5,113,10,128,0,8,140,15,163,40,11,51,214
05/13/2000,SLE,OR,ANM,WE,Federal Contract Tower,0,0,8,0,8,0,0,177,0,177,0,0,185,0,185,46,0,46,231
05/14/2000,SLE,OR,ANM,WE,Federal Contract Tower,0,0,9,0,9,0,0,90,0,90,0,0,99,0,99,18,0,18,117
05/15/2000,SLE,OR,ANM,WE,Federal Contract Tower,0,2,13,2,17,0,2,70,4,76,0,4,83,6,93,32,0,32,125
05/16/2000,SLE,OR,ANM,WE,Federal Contract Tower,0,2,19,2,23,0,2,80,8,90,0,4,99,10,113,3,0,3,116
05/17/2000,SLE,OR,ANM,WE,Federal Contract Tower,0,2,19,3,24,0,2,60,5,67,0,4,79,8,91,42,22,64,155
05/18/2000,SLE,OR,ANM,WE,Federal Contract Tower,0,2,19,3,24,0,2,94,7,103,0,4,113,10,127,32,8,40,167
05/19/2000,SLE,OR,ANM,WE,Federal Contract Tower,0,2,22,3,27,0,6,79,9,94,0,8,101,12,121,26,0,26,147
05/20/2000,SLE,OR,ANM,WE,Federal Contract Tower,0,0,8,2,10,0,0,115,3,118,0,0,123,5,128,50,0,50,178
05/21/2000,SLE,OR,ANM,WE,Federal Contract Tower,0,0,22,3,25,0,0,124,3,127,0,0,146,6,152,24,6,30,182
05/22/2000,SLE,OR,ANM,WE,Federal Contract Tower,0,2,20,3,25,0,2,61,3,66,0,4,81,6,91,23,0,23,114
05/23/2000,SLE,OR,ANM,WE,Federal Contract Tower,0,1,17,3,21,0,3,49,5,57,0,4,66,8,78,6,10,16,94
05/24/2000,SLE,OR,ANM,WE,Federal Contract Tower,0,2,20,3,25,0,4,87,7,98,0,6,107,10,123,38,6,44,167
05/25/2000,SLE,OR,ANM,WE,Federal Contract Tower,0,1,18,1,20,0,3,80,0,83,0,4,98,1,103,34,0,34,137
05/26/2000,SLE,OR,ANM,WE,Federal Contract Tower,0,1,18,3,22,0,6,41,4,51,0,7,59,7,73,19,0,19,92
05/27/2000,SLE,OR,ANM,WE,Federal Contract Tower,0,0,7,0,7,0,0,17,1,18,0,0,24,1,25,0,0,0,25
05/28/2000,SLE,OR,ANM,WE,Federal Contract Tower,0,0,6,0,6,0,0,35,0,35,0,0,41,0,41,20,0,20,61
05/29/2000,SLE,OR,ANM,WE,Federal Contract Tower,0,0,8,1,9,0,0,124,0,124,0,0,132,1,133,53,0,53,186
05/30/2000,SLE,OR,ANM,WE,Federal Contract Tower,0,2,23,2,27,0,6,44,0,50,0,8,67,2,77,31,0,31,108
05/31/2000,SLE,OR,ANM,WE,Federal Contract Tower,0,1,12,2,15,0,5,58,10,73,0,6,70,12,88,114,0,114,202
06/01/2000,SLE,OR,ANM,WE,Federal Contract Tower,0,2,11,0,13,0,6,104,0,110,0,8,115,0,123,14,0,14,137
06/02/2000,SLE,OR,ANM,WE,Federal Contract Tower,0,2,17,2,21,0,10,128,0,138,0,12,145,2,159,28,0,28,187
06/03/2000,SLE,OR,ANM,WE,Federal Contract Tower,0,0,13,2,15,0,0,137,5,142,0,0,150,7,157,44,0,44,201
06/04/2000,SLE,OR,ANM,WE,Federal Contract Tower,0,0,4,0,4,0,0,106,0,106,0,0,110,0,110,30,0,30,140
06/05/2000,SLE,OR,ANM,WE,Federal Contract Tower,0,2,20,4,26,0,2,59,0,61,0,4,79,4,87,12,6,18,105
06/06/2000,SLE,OR,ANM,WE,Federal Contract Tower,0,2,16,3,21,0,2,39,10,51,0,4,55,13,72,34,2,36,108
06/07/2000,SLE,OR,ANM,WE,Federal Contract Tower,0,2,14,2,18,0,2,36,2,40,0,4,50,4,58,22,0,22,80
06/08/2000,SLE,OR,ANM,WE,Federal Contract Tower,0,2,21,5,28,0,2,50,0,52,0,4,71,5,80,8,0,8,88
06/09/2000,SLE,OR,ANM,WE,Federal Contract Tower,0,3,25,3,31,0,1,25,0,26,0,4,50,3,57,10,0,10,67
06/10/2000,SLE,OR,ANM,WE,Federal Contract Tower,0,0,10,2,12,0,0,71,15,86,0,0,81,17,98,18,0,18,116
06/11/2000,SLE,OR,ANM,WE,Federal Contract Tower,0,0,10,2,12,0,0,34,5,39,0,0,44,7,51,10,0,10,61
06/12/2000,SLE,OR,ANM,WE,Federal Contract Tower,0,2,15,3,20,0,2,23,4,29,0,4,38,7,49,2,10,12,61
06/13/2000,SLE,OR,ANM,WE,Federal Contract Tower,0,2,18,4,24,0,4,118,2,124,0,6,136,6,148,73,0,73,221
06/14/2000,SLE,OR,ANM,WE,Federal Contract Tower,0,2,11,2,15,0,2,124,3,129,0,4,135,5,144,38,0,38,182
06/15/2000,SLE,OR,ANM,WE,Federal Contract Tower,0,2,26,6,34,0,2,166,1,169,0,4,192,7,203,92,0,92,295
06/16/2000,SLE,OR,ANM,WE,Federal Contract Tower,0,1,14,4,19,0,5,117,1,123,0,6,131,5,142,50,0,50,192
06/17/2000,SLE,OR,ANM,WE,Federal Contract Tower,0,0,10,3,13,0,0,132,6,138,0,0,142,9,151,50,0,50,201
06/18/2000,SLE,OR,ANM,WE,Federal Contract Tower,0,0,11,2,13,0,0,102,1,103,0,0,113,3,116,54,0,54,170
06/19/2000,SLE,OR,ANM,WE,Federal Contract Tower,0,1,20,4,25,0,3,86,12,101,0,4,106,16,126,57,0,57,183
06/20/2000,SLE,OR,ANM,WE,Federal Contract Tower,0,1,17,3,21,0,3,78,4,85,0,4,95,7,106,48,2,50,156
06/21/2000,SLE,OR,ANM,WE,Federal Contract Tower,0,1,19,4,24,0,3,161,10,174,0,4,180,14,198,48,10,58,256
06/22/2000,SLE,OR,ANM,WE,Federal Contract Tower,0,1,18,3,22,0,3,96,16,115,0,4,114,19,137,62,6,68,205
06/23/2000,SLE,OR,ANM,WE,Federal Contract Tower,0,1,13,2,16,0,6,97,3,106,0,7,110,5,122,48,0,48,170
06/24/2000,SLE,OR,ANM,WE,Federal Contract Tower,0,0,5,0,5,0,0,121,2,123,0,0,126,2,128,34,0,34,162
06/25/2000,SLE,OR,ANM,WE,Federal Contract Tower,0,0,6,0,6,0,0,127,0,127,0,0,133,0,133,32,0,32,165
06/26/2000,SLE,OR,ANM,WE,Federal Contract Tower,0,1,18,2,21,0,3,84,0,87,0,4,102,2,108,26,0,26,134
06/27/2000,SLE,OR,ANM,WE,Federal Contract Tower,0,1,12,2,15,0,3,81,6,90,0,4,93,8,105,48,6,54,159
06/28/2000,SLE,OR,ANM,WE,Federal Contract Tower,0,1,14,2,17,0,3,84,8,95,0,4,98,10,112,28,4,32,144
06/29/2000,SLE,OR,ANM,WE,Federal Contract Tower,0,1,23,5,29,0,3,117,5,125,0,4,140,10,154,52,0,52,206
06/30/2000,SLE,OR,ANM,WE,Federal Contract Tower,0,1,17,3,21,0,5,169,0,174,0,6,186,3,195,47,0,47,242
07/01/2000,SLE,OR,ANM,WE,Federal Contract Tower,0,0,7,0,7,0,0,118,0,118,0,0,125,0,125,40,0,40,165
07/02/2000,SLE,OR,ANM,WE,Federal Contract Tower,0,0,4,0,4,0,0,83,0,83,0,0,87,0,87,22,0,22,109
07/03/2000,SLE,OR,ANM,WE,Federal Contract Tower,0,1,8,0,9,0,3,43,3,49,0,4,51,3,58,54,0,54,112
07/04/2000,SLE,OR,ANM,WE,Federal Contract Tower,0,0,8,0,8,0,0,40,0,40,0,0,48,0,48,34,0,34,82
07/05/2000,SLE,OR,ANM,WE,Federal Contract Tower,0,2,21,2,25,0,2,46,0,48,0,4,67,2,73,48,2,50,123
07/06/2000,SLE,OR,ANM,WE,Federal Contract Tower,0,2,24,3,29,0,2,121,6,129,0,4,145,9,158,100,2,102,260
07/07/2000,SLE,OR,ANM,WE,Federal Contract Tower,0,2,16,2,20,0,4,139,5,148,0,6,155,7,168,85,0,85,253
07/08/2000,SLE,OR,ANM,WE,Federal Contract Tower,0,0,19,2,21,0,0,96,13,109,0,0,115,15,130,74,0,74,204
07/09/2000,SLE,OR,ANM,WE,Federal Contract Tower,0,0,19,3,22,0,0,120,17,137,0,0,139,20,159,32,0,32,191
07/10/2000,SLE,OR,ANM,WE,Federal Contract Tower,0,2,19,2,23,0,2,94,5,101,0,4,113,7,124,46,18,64,188
07/11/2000,SLE,OR,ANM,WE,Federal Contract Tower,0,3,34,5,42,0,3,76,5,84,0,6,110,10,126,66,4,70,196
07/12/2000,SLE,OR,ANM,WE,Federal Contract Tower,0,1,10,2,13,0,5,120,6,131,0,6,130,8,144,30,4,34,178
07/13/2000,SLE,OR,ANM,WE,Federal Contract Tower,0,1,8,1,10,0,3,115,9,127,0,4,123,10,137,78,2,80,217
07/14/2000,SLE,OR,ANM,WE,Federal Contract Tower,0,2,16,2,20,0,5,114,4,123,0,7,130,6,143,38,0,38,181
07/15/2000,SLE,OR,ANM,WE,Federal Contract Tower,0,0,6,0,6,0,0,137,8,145,0,0,143,8,151,26,12,38,189
07/16/2000,SLE,OR,ANM,WE,Federal Contract Tower,0,0,10,2,12,0,0,88,12,100,0,0,98,14,112,28,0,28,140
07/17/2000,SLE,OR,ANM,WE,Federal Contract Tower,0,1,15,3,19,0,3,82,4,89,0,4,97,7,108,23,0,23,131
07/18/2000,SLE,OR,ANM,WE,Federal Contract Tower,0,1,25,5,31,0,3,64,3,70,0,4,89,8,101,61,0,61,162
07/19/2000,SLE,OR,ANM,WE,Federal Contract Tower,0,1,15,3,19,0,5,104,2,111,0,6,119,5,130,52,16,68,198
07/20/2000,SLE,OR,ANM,WE,Federal Contract Tower,0,1,19,3,23,0,3,128,2,133,0,4,147,5,156,54,2,56,212
07/21/2000,SLE,OR,ANM,WE,Federal Contract Tower,0,1,16,2,19,0,5,77,7,89,0,6,93,9,108,122,0,122,230
07/22/2000,SLE,OR,ANM,WE,Federal Contract Tower,0,0,27,4,31,0,0,55,1,56,0,0,82,5,87,22,0,22,109
07/23/2000,SLE,OR,ANM,WE,Federal Contract Tower,0,0,6,0,6,0,0,121,3,124,0,0,127,3,130,16,0,16,146
07/24/2000,SLE,OR,ANM,WE,Federal Contract Tower,0,0,7,0,7,0,4,114,4,122,0,4,121,4,129,55,0,55,184
07/25/2000,SLE,OR,ANM,WE,Federal Contract Tower,0,1,16,2,19,0,3,93,5,101,0,4,109,7,120,48,0,48,168
07/26/2000,SLE,OR,ANM,WE,Federal Contract Tower,0,1,18,2,21,0,3,114,15,132,0,4,132,17,153,80,10,90,243
07/27/2000,SLE,OR,ANM,WE,Federal Contract Tower,0,1,26,4,31,0,3,106,18,127,0,4,132,22,158,82,4,86,244
07/28/2000,SLE,OR,ANM,WE,Federal Contract Tower,0,1,20,2,23,0,10,108,10,128,0,11,128,12,151,38,0,38,189
07/29/2000,SLE,OR,ANM,WE,Federal Contract Tower,0,0,6,0,6,0,0,135,0,135,0,0,141,0,141,60,0,60,201
07/30/2000,SLE,OR,ANM,WE,Federal Contract Tower,0,0,9,1,10,0,0,146,3,149,0,0,155,4,159,26,0,26,185
07/31/2000,SLE,OR,ANM,WE,Federal Contract Tower,0,0,12,2,14,0,4,107,5,116,0,4,119,7,130,59,0,59,189
08/01/2000,SLE,OR,ANM,WE,Federal Contract Tower,0,3,23,5,31,0,1,112,7,120,0,4,135,12,151,49,2,51,202
08/02/2000,SLE,OR,ANM,WE,Federal Contract Tower,0,2,21,5,28,0,6,96,15,117,0,8,117,20,145,28,4,32,177
08/03/2000,SLE,OR,ANM,WE,Federal Contract Tower,0,2,15,3,20,0,4,113,13,130,0,6,128,16,150,104,14,118,268
08/04/2000,SLE,OR,ANM,WE,Federal Contract Tower,0,2,13,2,17,0,6,112,19,137,0,8,125,21,154,71,8,79,233
08/05/2000,SLE,OR,ANM,WE,Federal Contract Tower,0,1,12,2,15,0,0,183,0,183,0,1,195,2,198,52,2,54,252
08/06/2000,SLE,OR,ANM,WE,Federal Contract Tower,0,1,10,3,14,0,1,136,0,137,0,2,146,3,151,20,0,20,171
08/07/2000,SLE,OR,ANM,WE,Federal Contract Tower,0,1,10,3,14,0,3,76,10,89,0,4,86,13,103,29,2,31,134
08/08/2000,SLE,OR,ANM,WE,Federal Contract Tower,0,2,12,2,16,0,2,106,10,118,0,4,118,12,134,58,0,58,192
08/09/2000,SLE,OR,ANM,WE,Federal Contract Tower,0,1,10,3,14,0,3,104,6,113,0,4,114,9,127,34,2,36,163
08/10/2000,SLE,OR,ANM,WE,Federal Contract Tower,0,3,25,5,33,0,4,90,8,102,0,7,115,13,135,26,0,26,161
08/11/2000,SLE,OR,ANM,WE,Federal Contract Tower,0,2,13,3,18,0,5,165,14,184,0,7,178,17,202,18,0,18,220
08/12/2000,SLE,OR,ANM,WE,Federal Contract Tower,0,0,2,0,2,0,0,142,1,143,0,0,144,1,145,52,0,52,197
08/13/2000,SLE,OR,ANM,WE,Federal Contract Tower,0,0,1,0,1,0,0,185,5,190,0,0,186,5,191,42,2,44,235
08/14/2000,SLE,OR,ANM,WE,Federal Contract Tower,0,2,13,2,17,0,4,107,4,115,0,6,120,6,132,54,0,54,186
08/15/2000,SLE,OR,ANM,WE,Federal Contract Tower,0,1,20,6,27,0,7,107,6,120,0,8,127,12,147,12,0,12,159
08/16/2000,SLE,OR,ANM,WE,Federal Contract Tower,0,2,29,4,35,0,2,149,0,151,0,4,178,4,186,48,0,48,234
08/17/2000,SLE,OR,ANM,WE,Federal Contract Tower,0,1,13,3,17,0,3,117,1,121,0,4,130,4,138,88,0,88,226
08/18/2000,SLE,OR,ANM,WE,Federal Contract Tower,0,1,19,4,24,0,8,60,1,69,0,9,79,5,93,12,0,12,105
08/19/2000,SLE,OR,ANM,WE,Federal Contract Tower,0,0,10,2,12,0,0,104,5,109,0,0,114,7,121,64,0,64,185
08/20/2000,SLE,OR,ANM,WE,Federal Contract Tower,0,0,8,2,10,0,0,182,0,182,0,0,190,2,192,36,0,36,228
08/21/2000,SLE,OR,ANM,WE,Federal Contract Tower,0,1,15,3,19,0,3,94,11,108,0,4,109,14,127,32,2,34,161
08/22/2000,SLE,OR,ANM,WE,Federal Contract Tower,0,2,23,5,30,0,2,91,7,100,0,4,114,12,130,52,2,54,184
08/23/2000,SLE,OR,ANM,WE,Federal Contract Tower,0,1,17,3,21,0,3,112,10,125,0,4,129,13,146,38,2,40,186
08/24/2000,SLE,OR,ANM,WE,Federal Contract Tower,0,2,32,7,41,0,2,125,4,131,0,4,157,11,172,96,0,96,268
08/25/2000,SLE,OR,ANM,WE,Federal Contract Tower,0,1,17,4,22,0,6,128,10,144,0,7,145,14,166,61,2,63,229
08/26/2000,SLE,OR,ANM,WE,Federal Contract Tower,0,0,14,3,17,0,0,106,1,107,0,0,120,4,124,34,0,34,158
08/27/2000,SLE,OR,ANM,WE,Federal Contract Tower,0,0,5,0,5,0,0,152,2,154,0,0,157,2,159,24,0,24,183
08/28/2000,SLE,OR,ANM,WE,Federal Contract Tower,0,1,14,3,18,0,4,113,4,121,0,5,127,7,139,20,0,20,159
08/29/2000,SLE,OR,ANM,WE,Federal Contract Tower,0,2,23,4,29,0,2,103,0,105,0,4,126,4,134,74,0,74,208
08/30/2000,SLE,OR,ANM,WE,Federal Contract Tower,0,0,10,3,13,0,4,99,4,107,0,4,109,7,120,54,0,54,174
08/31/2000,SLE,OR,ANM,WE,Federal Contract Tower,0,3,36,7,46,0,3,87,4,94,0,6,123,11,140,92,2,94,234
09/01/2000,SLE,OR,ANM,WE,Federal Contract Tower,0,1,14,3,18,0,9,55,3,67,0,10,69,6,85,32,2,34,119
09/02/2000,SLE,OR,ANM,WE,Federal Contract Tower,0,0,6,0,6,0,0,23,0,23,0,0,29,0,29,24,0,24,53
09/03/2000,SLE,OR,ANM,WE,Federal Contract Tower,0,0,7,2,9,0,0,58,0,58,0,0,65,2,67,2,0,2,69
09/04/2000,SLE,OR,ANM,WE,Federal Contract Tower,0,0,20,0,20,0,0,81,0,81,0,0,101,0,101,67,0,67,168
09/05/2000,SLE,OR,ANM,WE,Federal Contract Tower,0,1,10,2,13,0,3,58,4,65,0,4,68,6,78,66,0,66,144
09/06/2000,SLE,OR,ANM,WE,Federal Contract Tower,0,3,19,3,25,2,1,85,0,88,2,4,104,3,113,48,0,48,161
09/07/2000,SLE,OR,ANM,WE,Federal Contract Tower,0,4,26,4,34,0,0,81,13,94,0,4,107,17,128,38,4,42,170
09/08/2000,SLE,OR,ANM,WE,Federal Contract Tower,0,3,19,3,25,3,3,25,0,31,3,6,44,3,56,66,0,66,122
09/09/2000,SLE,OR,ANM,WE,Federal Contract Tower,0,0,15,3,18,2,0,107,14,123,2,0,122,17,141,30,4,34,175
09/10/2000,SLE,OR,ANM,WE,Federal Contract Tower,0,0,14,3,17,0,0,26,7,33,0,0,40,10,50,10,2,12,62
09/11/2000,SLE,OR,ANM,WE,Federal Contract Tower,0,2,14,3,19,0,4,73,1,78,0,6,87,4,97,41,0,41,138
09/12/2000,SLE,OR,ANM,WE,Federal Contract Tower,0,1,5,0,6,0,3,97,5,105,0,4,102,5,111,28,2,30,141
09/13/2000,SLE,OR,ANM,WE,Federal Contract Tower,0,2,9,1,12,3,2,97,6,108,3,4,106,7,120,62,2,64,184
09/14/2000,SLE,OR,ANM,WE,Federal Contract Tower,0,3,17,3,23,0,3,69,12,84,0,6,86,15,107,28,2,30,137
09/15/2000,SLE,OR,ANM,WE,Federal Contract Tower,0,3,18,3,24,0,7,70,12,89,0,10,88,15,113,18,0,18,131
09/16/2000,SLE,OR,ANM,WE,Federal Contract Tower,0,0,13,2,15,0,0,123,2,125,0,0,136,4,140,18,0,18,158
09/17/2000,SLE,OR,ANM,WE,Federal Contract Tower,0,0,6,0,6,0,0,115,2,117,0,0,121,2,123,56,0,56,179
09/18/2000,SLE,OR,ANM,WE,Federal Contract Tower,0,2,9,0,11,0,4,52,2,58,0,6,61,2,69,8,0,8,77
09/19/2000,SLE,OR,ANM,WE,Federal Contract Tower,0,4,27,3,34,0,0,78,3,81,0,4,105,6,115,40,14,54,169
09/20/2000,SLE,OR,ANM,WE,Federal Contract Tower,0,1,13,2,16,0,5,93,4,102,0,6,106,6,118,44,4,48,166
09/21/2000,SLE,OR,ANM,WE,Federal Contract Tower,0,3,25,4,32,0,5,73,2,80,0,8,98,6,112,44,0,44,156
09/22/2000,SLE,OR,ANM,WE,Federal Contract Tower,0,1,14,3,18,0,5,93,5,103,0,6,107,8,121,33,0,33,154
09/23/2000,SLE,OR,ANM,WE,Federal Contract Tower,0,0,1,0,1,0,0,121,1,122,0,0,122,1,123,6,0,6,129
09/24/2000,SLE,OR,ANM,WE,Federal Contract Tower,0,0,10,1,11,0,0,112,7,119,0,0,122,8,130,32,0,32,162
09/25/2000,SLE,OR,ANM,WE,Federal Contract Tower,0,0,7,2,9,0,2,86,8,96,0,2,93,10,105,20,0,20,125
09/26/2000,SLE,OR,ANM,WE,Federal Contract Tower,0,1,10,1,12,0,3,148,4,155,0,4,158,5,167,56,0,56,223
09/27/2000,SLE,OR,ANM,WE,Federal Contract Tower,0,0,5,0,5,0,4,112,8,124,0,4,117,8,129,54,2,56,185
09/28/2000,SLE,OR,ANM,WE,Federal Contract Tower,0,4,31,5,40,0,2,98,7,107,0,6,129,12,147,62,4,66,213
09/29/2000,SLE,OR,ANM,WE,Federal Contract Tower,0,2,24,4,30,0,4,62,5,71,0,6,86,9,101,25,0,25,126
09/30/2000,SLE,OR,ANM,WE,Federal Contract Tower,0,0,14,3,17,0,0,59,1,60,0,0,73,4,77,24,0,24,101
10/01/2000,SLE,OR,ANM,WE,Federal Contract Tower,0,0,5,0,5,0,0,37,0,37,0,0,42,0,42,20,0,20,62
10/02/2000,SLE,OR,ANM,WE,Federal Contract Tower,0,2,9,1,12,0,2,63,1,66,0,4,72,2,78,4,0,4,82
10/03/2000,SLE,OR,ANM,WE,Federal Contract Tower,0,2,9,1,12,0,3,64,1,68,0,5,73,2,80,34,0,34,114
10/04/2000,SLE,OR,ANM,WE,Federal Contract Tower,0,4,20,2,26,0,2,87,1,90,0,6,107,3,116,48,2,50,166
10/05/2000,SLE,OR,ANM,WE,Federal Contract Tower,0,2,17,3,22,0,6,124,3,133,0,8,141,6,155,14,0,14,169
10/06/2000,SLE,OR,ANM,WE,Federal Contract Tower,0,2,11,2,15,0,6,93,5,104,0,8,104,7,119,42,0,42,161
10/07/2000,SLE,OR,ANM,WE,Federal Contract Tower,0,0,5,1,6,0,1,153,1,155,0,1,158,2,161,78,0,78,239
10/08/2000,SLE,OR,ANM,WE,Federal Contract Tower,0,0,5,1,6,0,0,108,0,108,0,0,113,1,114,32,0,32,146
10/09/2000,SLE,OR,ANM,WE,Federal Contract Tower,0,2,20,3,25,0,0,5,0,5,0,2,25,3,30,6,0,6,36
10/10/2000,SLE,OR,ANM,WE,Federal Contract Tower,0,2,16,0,18,0,4,22,0,26,0,6,38,0,44,34,0,34,78
10/11/2000,SLE,OR,ANM,WE,Federal Contract Tower,0,4,29,5,38,0,0,18,9,27,0,4,47,14,65,24,2,26,91
10/12/2000,SLE,OR,ANM,WE,Federal Contract Tower,0,3,24,4,31,0,1,36,4,41,0,4,60,8,72,26,14,40,112
10/13/2000,SLE,OR,ANM,WE,Federal Contract Tower,0,3,21,1,25,0,4,12,0,16,0,7,33,1,41,0,0,0,41
10/14/2000,SLE,OR,ANM,WE,Federal Contract Tower,0,0,8,1,9,0,0,98,0,98,0,0,106,1,107,36,0,36,143
10/15/2000,SLE,OR,ANM,WE,Federal Contract Tower,0,0,22,2,24,0,0,58,0,58,0,0,80,2,82,14,0,14,96
10/16/2000,SLE,OR,ANM,WE,Federal Contract Tower,0,2,12,2,16,0,2,71,2,75,0,4,83,4,91,46,10,56,147
10/17/2000,SLE,OR,ANM,WE,Federal Contract Tower,0,2,13,2,17,0,4,93,12,109,0,6,106,14,126,26,6,32,158
10/18/2000,SLE,OR,ANM,WE,Federal Contract Tower,0,3,19,3,25,0,3,50,4,57,0,6,69,7,82,22,4,26,108
10/19/2000,SLE,OR,ANM,WE,Federal Contract Tower,0,4,27,2,33,0,0,27,0,27,0,4,54,2,60,24,0,24,84
10/20/2000,SLE,OR,ANM,WE,Federal Contract Tower,0,2,16,3,21,0,4,19,0,23,0,6,35,3,44,2,0,2,46
10/21/2000,SLE,OR,ANM,WE,Federal Contract Tower,0,0,15,2,17,0,0,95,15,110,0,0,110,17,127,18,20,38,165
10/22/2000,SLE,OR,ANM,WE,Federal Contract Tower,0,0,7,0,7,0,0,80,2,82,0,0,87,2,89,52,0,52,141
10/23/2000,SLE,OR,ANM,WE,Federal Contract Tower,0,2,14,1,17,0,2,92,3,97,0,4,106,4,114,72,0,72,186
10/24/2000,SLE,OR,ANM,WE,Federal Contract Tower,0,3,21,2,26,0,1,86,2,89,0,4,107,4,115,50,12,62,177
10/25/2000,SLE,OR,ANM,WE,Federal Contract Tower,0,3,23,3,29,0,1,45,14,60,0,4,68,17,89,58,10,68,157
10/26/2000,SLE,OR,ANM,WE,Federal Contract Tower,0,4,26,3,33,0,2,34,11,47,0,6,60,14,80,44,16,60,140
10/27/2000,SLE,OR,ANM,WE,Federal Contract Tower,0,3,21,2,26,0,3,18,2,23,0,6,39,4,49,38,6,44,93
10/28/2000,SLE,OR,ANM,WE,Federal Contract Tower,0,0,8,0,8,0,1,12,2,15,0,1,20,2,23,34,0,34,57
10/29/2000,SLE,OR,ANM,WE,Federal Contract Tower,0,0,12,0,12,0,0,56,0,56,0,0,68,0,68,60,0,60,128
10/30/2000,SLE,OR,ANM,WE,Federal Contract Tower,0,1,9,1,11,0,3,83,0,86,0,4,92,1,97,32,0,32,129
10/31/2000,SLE,OR,ANM,WE,Federal Contract Tower,0,2,19,2,23,0,5,33,2,40,0,7,52,4,63,62,10,72,135
11/01/2000,SLE,OR,ANM,WE,Federal Contract Tower,0,4,20,2,26,0,0,24,9,33,0,4,44,11,59,42,6,48,107
11/02/2000,SLE,OR,ANM,WE,Federal Contract Tower,0,4,25,3,32,0,0,8,3,11,0,4,33,6,43,24,0,24,67
11/03/2000,SLE,OR,ANM,WE,Federal Contract Tower,0,5,22,2,29,0,1,49,10,60,0,6,71,12,89,42,18,60,149
11/04/2000,SLE,OR,ANM,WE,Federal Contract Tower,0,0,12,2,14,0,0,53,24,77,0,0,65,26,91,62,4,66,157
11/05/2000,SLE,OR,ANM,WE,Federal Contract Tower,0,4,23,2,29,0,0,63,0,63,0,4,86,2,92,46,8,54,146
11/06/2000,SLE,OR,ANM,WE,Federal Contract Tower,0,4,19,3,26,0,0,72,8,80,0,4,91,11,106,38,0,38,144
11/07/2000,SLE,OR,ANM,WE,Federal Contract Tower,0,3,19,3,25,0,1,21,6,28,0,4,40,9,53,32,12,44,97
11/08/2000,SLE,OR,ANM,WE,Federal Contract Tower,0,2,12,2,16,0,2,28,6,36,0,4,40,8,52,38,4,42,94
11/09/2000,SLE,OR,ANM,WE,Federal Contract Tower,0,3,19,3,25,0,1,28,9,38,0,4,47,12,63,22,2,24,87
11/10/2000,SLE,OR,ANM,WE,Federal Contract Tower,0,2,9,0,11,0,4,104,0,108,0,6,113,0,119,22,0,22,141
11/11/2000,SLE,OR,ANM,WE,Federal Contract Tower,0,0,12,2,14,0,0,145,3,148,0,0,157,5,162,56,0,56,218
11/12/2000,SLE,OR,ANM,WE,Federal Contract Tower,0,0,3,0,3,0,0,97,0,97,0,0,100,0,100,42,0,42,142
11/13/2000,SLE,OR,ANM,WE,Federal Contract Tower,0,2,9,2,13,0,4,33,3,40,0,6,42,5,53,52,0,52,105
11/14/2000,SLE,OR,ANM,WE,Federal Contract Tower,0,4,24,4,32,0,0,66,17,83,0,4,90,21,115,44,4,48,163
11/15/2000,SLE,OR,ANM,WE,Federal Contract Tower,0,4,30,5,39,0,0,106,9,115,0,4,136,14,154,96,4,100,254
11/16/2000,SLE,OR,ANM,WE,Federal Contract Tower,0,4,21,3,28,0,0,95,13,108,0,4,116,16,136,34,24,58,194
11/17/2000,SLE,OR,ANM,WE,Federal Contract Tower,0,2,15,3,20,0,5,82,7,94,0,7,97,10,114,50,0,50,164
11/18/2000,SLE,OR,ANM,WE,Federal Contract Tower,0,0,18,2,20,0,0,132,0,132,0,0,150,2,152,54,0,54,206
11/19/2000,SLE,OR,ANM,WE,Federal Contract Tower,0,0,14,0,14,0,0,83,0,83,0,0,97,0,97,10,0,10,107
11/20/2000,SLE,OR,ANM,WE,Federal Contract Tower,0,3,18,2,23,0,1,45,2,48,0,4,63,4,71,2,2,4,75
11/21/2000,SLE,OR,ANM,WE,Federal Contract Tower,0,3,18,2,23,0,1,43,4,48,0,4,61,6,71,22,8,30,101
11/22/2000,SLE,OR,ANM,WE,Federal Contract Tower,0,2,10,1,13,0,8,71,3,82,0,10,81,4,95,12,6,18,113
11/23/2000,SLE,OR,ANM,WE,Federal Contract Tower,0,0,6,0,6,0,0,11,0,11,0,0,17,0,17,0,0,0,17
11/24/2000,SLE,OR,ANM,WE,Federal Contract Tower,0,2,17,2,21,0,4,21,0,25,0,6,38,2,46,42,0,42,88
11/25/2000,SLE,OR,ANM,WE,Federal Contract Tower,0,0,5,0,5,0,0,40,0,40,0,0,45,0,45,6,0,6,51
11/26/2000,SLE,OR,ANM,WE,Federal Contract Tower,0,0,8,0,8,0,0,60,0,60,0,0,68,0,68,18,0,18,86
11/27/2000,SLE,OR,ANM,WE,Federal Contract Tower,0,2,13,1,16,0,2,81,5,88,0,4,94,6,104,30,6,36,140
11/28/2000,SLE,OR,ANM,WE,Federal Contract Tower,0,4,24,3,31,0,0,47,8,55,0,4,71,11,86,64,4,68,154
11/29/2000,SLE,OR,ANM,WE,Federal Contract Tower,0,2,11,1,14,0,2,30,13,45,0,4,41,14,59,24,42,66,125
11/30/2000,SLE,OR,ANM,WE,Federal Contract Tower,0,4,23,2,29,0,0,56,10,66,0,4,79,12,95,26,10,36,131
12/01/2000,SLE,OR,ANM,WE,Federal Contract Tower,0,5,24,5,34,0,3,55,10,68,0,8,79,15,102,28,2,30,132
12/02/2000,SLE,OR,ANM,WE,Federal Contract Tower,0,0,9,1,10,0,0,20,0,20,0,0,29,1,30,0,0,0,30
12/03/2000,SLE,OR,ANM,WE,Federal Contract Tower,0,0,16,3,19,0,0,27,3,30,0,0,43,6,49,10,0,10,59
12/04/2000,SLE,OR,ANM,WE,Federal Contract Tower,0,3,11,3,17,0,3,65,3,71,0,6,76,6,88,26,0,26,114
12/05/2000,SLE,OR,ANM,WE,Federal Contract Tower,0,4,18,4,26,0,0,74,2,76,0,4,92,6,102,36,0,36,138
12/06/2000,SLE,OR,ANM,WE,Federal Contract Tower,0,5,15,3,23,0,3,88,1,92,0,8,103,4,115,42,14,56,171
12/07/2000,SLE,OR,ANM,WE,Federal Contract Tower,0,6,20,4,30,0,2,32,4,38,0,8,52,8,68,0,2,2,70
12/08/2000,SLE,OR,ANM,WE,Federal Contract Tower,0,7,25,5,37,0,1,12,1,14,0,8,37,6,51,6,0,6,57
12/09/2000,SLE,OR,ANM,WE,Federal Contract Tower,0,0,9,2,11,0,0,70,0,70,0,0,79,2,81,22,0,22,103
12/10/2000,SLE,OR,ANM,WE,Federal Contract Tower,0,0,7,2,9,0,0,34,0,34,0,0,41,2,43,52,0,52,95
12/11/2000,SLE,OR,ANM,WE,Federal Contract Tower,0,4,13,3,20,0,2,2,2,6,0,6,15,5,26,6,0,6,32
12/12/2000,SLE,OR,ANM,WE,Federal Contract Tower,0,4,15,3,22,0,2,17,17,36,0,6,32,20,58,12,30,42,100
12/13/2000,SLE,OR,ANM,WE,Federal Contract Tower,0,4,13,2,19,0,4,2,0,6,0,8,15,2,25,2,0,2,27
12/14/2000,SLE,OR,ANM,WE,Federal Contract Tower,0,3,13,3,19,0,5,0,2,7,0,8,13,5,26,0,12,12,38
12/15/2000,SLE,OR,ANM,WE,Federal Contract Tower,0,3,12,3,18,0,3,37,0,40,0,6,49,3,58,22,0,22,80
12/16/2000,SLE,OR,ANM,WE,Federal Contract Tower,0,0,5,0,5,0,0,22,2,24,0,0,27,2,29,6,0,6,35
12/17/2000,SLE,OR,ANM,WE,Federal Contract Tower,0,0,10,1,11,0,0,97,3,100,0,0,107,4,111,26,50,76,187
12/18/2000,SLE,OR,ANM,WE,Federal Contract Tower,0,4,15,2,21,0,2,67,5,74,0,6,82,7,95,36,0,36,131
12/19/2000,SLE,OR,ANM,WE,Federal Contract Tower,0,5,20,3,28,0,1,8,3,12,0,6,28,6,40,37,8,45,85
12/20/2000,SLE,OR,ANM,WE,Federal Contract Tower,0,5,18,3,26,0,3,0,2,5,0,8,18,5,31,4,0,4,35
12/21/2000,SLE,OR,ANM,WE,Federal Contract Tower,0,7,26,4,37,0,2,13,3,18,0,9,39,7,55,18,4,22,77
12/22/2000,SLE,OR,ANM,WE,Federal Contract Tower,0,5,17,0,22,0,3,2,0,5,0,8,19,0,27,6,0,6,33
12/23/2000,SLE,OR,ANM,WE,Federal Contract Tower,0,2,6,0,8,0,0,16,0,16,0,2,22,0,24,20,0,20,44
12/24/2000,SLE,OR,ANM,WE,Federal Contract Tower,0,0,0,0,0,0,0,71,0,71,0,0,71,0,71,10,0,10,81
12/25/2000,SLE,OR,ANM,WE,Federal Contract Tower,0,0,4,0,4,0,0,35,0,35,0,0,39,0,39,8,0,8,47
12/26/2000,SLE,OR,ANM,WE,Federal Contract Tower,0,4,14,2,20,0,1,70,0,71,0,5,84,2,91,46,0,46,137
12/27/2000,SLE,OR,ANM,WE,Federal Contract Tower,0,3,12,1,16,0,2,53,12,67,0,5,65,13,83,34,26,60,143
12/28/2000,SLE,OR,ANM,WE,Federal Contract Tower,0,2,6,0,8,0,2,72,3,77,0,4,78,3,85,40,0,40,125
12/29/2000,SLE,OR,ANM,WE,Federal Contract Tower,0,7,26,2,35,0,1,9,0,10,0,8,35,2,45,12,0,12,57
12/30/2000,SLE,OR,ANM,WE,Federal Contract Tower,0,0,23,1,24,0,0,12,0,12,0,0,35,1,36,8,0,8,44
12/31/2000,SLE,OR,ANM,WE,Federal Contract Tower,0,0,5,0,5,0,0,84,0,84,0,0,89,0,89,34,0,34,123
01/01/2001,SLE,OR,ANM,WE,Federal Contract Tower,0,0,8,0,8,0,0,17,0,17,0,0,25,0,25,48,0,48,73
01/02/2001,SLE,OR,ANM,WE,Federal Contract Tower,0,1,12,2,15,0,3,57,12,72,0,4,69,14,87,66,0,66,153
01/03/2001,SLE,OR,ANM,WE,Federal Contract Tower,0,4,16,3,23,0,3,22,5,30,0,7,38,8,53,4,4,8,61
01/04/2001,SLE,OR,ANM,WE,Federal Contract Tower,0,3,16,0,19,0,3,91,0,94,0,6,107,0,113,34,0,34,147
01/05/2001,SLE,OR,ANM,WE,Federal Contract Tower,0,4,18,3,25,0,2,47,7,56,0,6,65,10,81,26,2,28,109
01/06/2001,SLE,OR,ANM,WE,Federal Contract Tower,0,0,12,3,15,0,0,48,0,48,0,0,60,3,63,32,0,32,95
01/07/2001,SLE,OR,ANM,WE,Federal Contract Tower,0,0,13,3,16,0,0,81,2,83,0,0,94,5,99,42,0,42,141
01/08/2001,SLE,OR,ANM,WE,Federal Contract Tower,0,4,16,3,23,0,0,4,2,6,0,4,20,5,29,14,0,14,43
01/09/2001,SLE,OR,ANM,WE,Federal Contract Tower,0,1,5,1,7,0,3,0,0,3,0,4,5,1,10,0,0,0,10
01/10/2001,SLE,OR,ANM,WE,Federal Contract Tower,0,2,11,2,15,0,2,72,15,89,0,4,83,17,104,12,0,12,116
01/11/2001,SLE,OR,ANM,WE,Federal Contract Tower,0,4,25,5,34,0,2,76,9,87,0,6,101,14,121,36,10,46,167
01/12/2001,SLE,OR,ANM,WE,Federal Contract Tower,0,5,22,4,31,0,5,31,3,39,0,10,53,7,70,24,2,26,96
01/13/2001,SLE,OR,ANM,WE,Federal Contract Tower,0,0,8,2,10,0,0,11,2,13,0,0,19,4,23,0,0,0,23
01/14/2001,SLE,OR,ANM,WE,Federal Contract Tower,0,0,16,3,19,0,0,61,3,64,0,0,77,6,83,46,0,46,129
01/15/2001,SLE,OR,ANM,WE,Federal Contract Tower,0,2,11,0,13,0,0,43,0,43,0,2,54,0,56,18,0,18,74
01/16/2001,SLE,OR,ANM,WE,Federal Contract Tower,0,4,27,5,36,0,0,107,0,107,0,4,134,5,143,52,0,52,195
01/17/2001,SLE,OR,ANM,WE,Federal Contract Tower,0,4,17,3,24,0,0,55,3,58,0,4,72,6,82,44,4,48,130
01/18/2001,SLE,OR,ANM,WE,Federal Contract Tower,0,4,18,3,25,0,0,62,0,62,0,4,80,3,87,68,0,68,155
01/19/2001,SLE,OR,ANM,WE,Federal Contract Tower,0,2,13,3,18,0,4,30,8,42,0,6,43,11,60,22,0,22,82
01/20/2001,SLE,OR,ANM,WE,Federal Contract Tower,0,0,6,0,6,0,0,72,2,74,0,0,78,2,80,14,0,14,94
01/21/2001,SLE,OR,ANM,WE,Federal Contract Tower,0,0,8,0,8,0,0,13,0,13,0,0,21,0,21,32,0,32,53
01/22/2001,SLE,OR,ANM,WE,Federal Contract Tower,0,4,17,2,23,0,2,70,1,73,0,6,87,3,96,46,0,46,142
01/23/2001,SLE,OR,ANM,WE,Federal Contract Tower,0,5,24,3,32,0,1,29,8,38,0,6,53,11,70,30,4,34,104
01/24/2001,SLE,OR,ANM,WE,Federal Contract Tower,0,4,18,2,24,0,0,14,9,23,0,4,32,11,47,14,2,16,63
01/25/2001,SLE,OR,ANM,WE,Federal Contract Tower,0,4,19,2,25,0,0,21,12,33,0,4,40,14,58,4,4,8,66
01/26/2001,SLE,OR,ANM,WE,Federal Contract Tower,0,5,24,3,32,0,2,122,5,129,0,7,146,8,161,60,0,60,221
01/27/2001,SLE,OR,ANM,WE,Federal Contract Tower,0,0,15,2,17,0,0,172,5,177,0,0,187,7,194,75,0,75,269
01/28/2001,SLE,OR,ANM,WE,Federal Contract Tower,0,0,12,1,13,0,0,108,3,111,0,0,120,4,124,42,0,42,166
01/29/2001,SLE,OR,ANM,WE,Federal Contract Tower,0,4,19,2,25,0,0,29,4,33,0,4,48,6,58,16,0,16,74
01/30/2001,SLE,OR,ANM,WE,Federal Contract Tower,0,1,9,1,11,0,3,36,4,43,0,4,45,5,54,36,0,36,90
01/31/2001,SLE,OR,ANM,WE,Federal Contract Tower,0,3,17,2,22,0,2,64,3,69,0,5,81,5,91,80,4,84,175
02/01/2001,SLE,OR,ANM,WE,Federal Contract Tower,0,4,18,3,25,0,0,73,6,79,0,4,91,9,104,20,4,24,128
02/02/2001,SLE,OR,ANM,WE,Federal Contract Tower,0,3,16,3,22,0,3,27,4,34,0,6,43,7,56,8,2,10,66
02/03/2001,SLE,OR,ANM,WE,Federal Contract Tower,0,0,22,5,27,0,0,16,9,25,0,0,38,14,52,8,2,10,62
02/04/2001,SLE,OR,ANM,WE,Federal Contract Tower,0,0,11,3,14,0,0,31,16,47,0,0,42,19,61,12,16,28,89
02/05/2001,SLE,OR,ANM,WE,Federal Contract Tower,0,4,20,2,26,0,0,52,0,52,0,4,72,2,78,40,0,40,118
02/06/2001,SLE,OR,ANM,WE,Federal Contract Tower,0,4,22,4,30,0,0,38,6,44,0,4,60,10,74,46,16,62,136
02/07/2001,SLE,OR,ANM,WE,Federal Contract Tower,0,3,16,3,22,0,1,139,12,152,0,4,155,15,174,66,4,70,244
02/08/2001,SLE,OR,ANM,WE,Federal Contract Tower,0,3,16,3,22,0,1,16,14,31,0,4,32,17,53,18,26,44,97
02/09/2001,SLE,OR,ANM,WE,Federal Contract Tower,0,3,17,4,24,0,3,62,8,73,0,6,79,12,97,22,6,28,125
02/10/2001,SLE,OR,ANM,WE,Federal Contract Tower,0,2,9,2,13,0,0,54,0,54,0,2,63,2,67,6,0,6,73
02/11/2001,SLE,OR,ANM,WE,Federal Contract Tower,0,0,14,3,17,0,0,72,1,73,0,0,86,4,90,36,0,36,126
02/12/2001,SLE,OR,ANM,WE,Federal Contract Tower,0,3,13,2,18,0,3,99,8,110,0,6,112,10,128,70,0,70,198
02/13/2001,SLE,OR,ANM,WE,Federal Contract Tower,0,2,8,2,12,0,4,102,4,110,0,6,110,6,122,72,0,72,194
02/14/2001,SLE,OR,ANM,WE,Federal Contract Tower,0,2,12,1,15,0,2,74,8,84,0,4,86,9,99,46,0,46,145
02/15/2001,SLE,OR,ANM,WE,Federal Contract Tower,0,3,16,2,21,0,1,20,3,24,0,4,36,5,45,48,0,48,93
02/16/2001,SLE,OR,ANM,WE,Federal Contract Tower,0,3,15,1,19,0,5,42,3,50,0,8,57,4,69,74,6,80,149
02/17/2001,SLE,OR,ANM,WE,Federal Contract Tower,0,0,8,0,8,0,0,70,2,72,0,0,78,2,80,38,0,38,118
02/18/2001,SLE,OR,ANM,WE,Federal Contract Tower,0,0,6,0,6,0,0,65,0,65,0,0,71,0,71,14,0,14,85
02/19/2001,SLE,OR,ANM,WE,Federal Contract Tower,0,1,9,1,11,0,1,59,0,60,0,2,68,1,71,34,1,35,106
02/20/2001,SLE,OR,ANM,WE,Federal Contract Tower,0,1,12,3,16,0,3,66,2,71,0,4,78,5,87,22,2,24,111
02/21/2001,SLE,OR,ANM,WE,Federal Contract Tower,0,3,21,4,28,0,1,17,1,19,0,4,38,5,47,28,2,30,77
02/22/2001,SLE,OR,ANM,WE,Federal Contract Tower,0,1,11,2,14,0,3,36,2,41,0,4,47,4,55,60,0,60,115
02/23/2001,SLE,OR,ANM,WE,Federal Contract Tower,0,2,15,3,20,0,6,64,0,70,0,8,79,3,90,12,0,12,102
02/24/2001,SLE,OR,ANM,WE,Federal Contract Tower,0,0,8,0,8,0,0,92,0,92,0,0,100,0,100,46,0,46,146
02/25/2001,SLE,OR,ANM,WE,Federal Contract Tower,0,0,10,0,10,0,0,132,0,132,0,0,142,0,142,44,0,44,186
02/26/2001,SLE,OR,ANM,WE,Federal Contract Tower,0,1,10,2,13,0,3,83,1,87,0,4,93,3,100,32,0,32,132
02/27/2001,SLE,OR,ANM,WE,Federal Contract Tower,0,1,11,2,14,0,3,111,2,116,0,4,122,4,130,38,14,52,182
02/28/2001,SLE,OR,ANM,WE,Federal Contract Tower,0,1,12,3,16,0,3,103,7,113,0,4,115,10,129,46,4,50,179
03/01/2001,SLE,OR,ANM,WE,Federal Contract Tower,0,2,24,4,30,0,3,39,1,43,0,5,63,5,73,8,0,8,81
03/02/2001,SLE,OR,ANM,WE,Federal Contract Tower,1,2,19,3,25,1,5,30,15,51,2,7,49,18,76,16,18,34,110
03/03/2001,SLE,OR,ANM,WE,Federal Contract Tower,0,0,25,3,28,0,0,45,16,61,0,0,70,19,89,42,20,62,151
03/04/2001,SLE,OR,ANM,WE,Federal Contract Tower,0,1,13,2,16,0,0,45,2,47,0,1,58,4,63,16,2,18,81
03/05/2001,SLE,OR,ANM,WE,Federal Contract Tower,0,2,8,1,11,0,2,70,2,74,0,4,78,3,85,30,2,32,117
03/06/2001,SLE,OR,ANM,WE,Federal Contract Tower,0,4,25,3,32,0,0,116,13,129,0,4,141,16,161,38,10,48,209
03/07/2001,SLE,OR,ANM,WE,Federal Contract Tower,0,2,12,2,16,0,2,137,11,150,0,4,149,13,166,42,2,44,210
03/08/2001,SLE,OR,ANM,WE,Federal Contract Tower,0,3,17,2,22,0,1,33,6,40,0,4,50,8,62,6,0,6,68
03/09/2001,SLE,OR,ANM,WE,Federal Contract Tower,0,3,21,0,24,0,5,51,0,56,0,8,72,0,80,38,0,38,118
03/10/2001,SLE,OR,ANM,WE,Federal Contract Tower,0,0,22,3,25,0,0,102,4,106,0,0,124,7,131,42,0,42,173
03/11/2001,SLE,OR,ANM,WE,Federal Contract Tower,0,2,9,0,11,0,0,96,0,96,0,2,105,0,107,60,0,60,167
03/12/2001,SLE,OR,ANM,WE,Federal Contract Tower,0,3,18,2,23,0,1,95,0,96,0,4,113,2,119,44,0,44,163
03/13/2001,SLE,OR,ANM,WE,Federal Contract Tower,0,2,12,2,16,0,2,30,6,38,0,4,42,8,54,20,0,20,74
03/14/2001,SLE,OR,ANM,WE,Federal Contract Tower,0,3,19,3,25,0,3,78,3,84,0,6,97,6,109,48,0,48,157
03/15/2001,SLE,OR,ANM,WE,Federal Contract Tower,0,3,25,4,32,0,1,19,0,20,0,4,44,4,52,10,0,10,62
03/16/2001,SLE,OR,ANM,WE,Federal Contract Tower,0,3,27,5,35,0,10,46,10,66,0,13,73,15,101,38,2,40,141
03/17/2001,SLE,OR,ANM,WE,Federal Contract Tower,0,2,20,1,23,0,1,19,0,20,0,3,39,1,43,18,0,18,61
03/18/2001,SLE,OR,ANM,WE,Federal Contract Tower,0,2,21,2,25,0,0,27,0,27,0,2,48,2,52,4,0,4,56
03/19/2001,SLE,OR,ANM,WE,Federal Contract Tower,0,3,29,2,34,0,1,105,0,106,0,4,134,2,140,56,0,56,196
03/20/2001,SLE,OR,ANM,WE,Federal Contract Tower,0,3,29,4,36,0,3,65,24,92,0,6,94,28,128,14,22,36,164
03/21/2001,SLE,OR,ANM,WE,Federal Contract Tower,0,2,17,2,21,0,2,93,26,121,0,4,110,28,142,22,18,40,182
03/22/2001,SLE,OR,ANM,WE,Federal Contract Tower,0,2,19,3,24,0,2,147,16,165,0,4,166,19,189,60,8,68,257
03/23/2001,SLE,OR,ANM,WE,Federal Contract Tower,0,1,12,2,15,0,6,108,4,118,0,7,120,6,133,32,0,32,165
03/24/2001,SLE,OR,ANM,WE,Federal Contract Tower,0,1,12,2,15,0,0,62,0,62,0,1,74,2,77,34,0,34,111
03/25/2001,SLE,OR,ANM,WE,Federal Contract Tower,0,0,7,0,7,0,0,27,0,27,0,0,34,0,34,10,0,10,44
03/26/2001,SLE,OR,ANM,WE,Federal Contract Tower,0,1,16,3,20,0,5,29,1,35,0,6,45,4,55,16,0,16,71
03/27/2001,SLE,OR,ANM,WE,Federal Contract Tower,0,2,22,1,25,0,2,4,0,6,0,4,26,1,31,44,0,44,75
03/28/2001,SLE,OR,ANM,WE,Federal Contract Tower,0,2,17,2,21,0,2,29,9,40,0,4,46,11,61,68,6,74,135
03/29/2001,SLE,OR,ANM,WE,Federal Contract Tower,0,2,18,2,22,0,2,82,1,85,0,4,100,3,107,58,0,58,165
03/30/2001,SLE,OR,ANM,WE,Federal Contract Tower,0,2,19,2,23,0,4,94,4,102,0,6,113,6,125,62,0,62,187
03/31/2001,SLE,OR,ANM,WE,Federal Contract Tower,0,1,16,3,20,0,0,43,8,51,0,1,59,11,71,10,8,18,89
04/01/2001,SLE,OR,ANM,WE,Federal Contract Tower,0,0,12,0,12,0,0,72,9,81,0,0,84,9,93,28,4,32,125
04/02/2001,SLE,OR,ANM,WE,Federal Contract Tower,0,4,12,0,16,0,0,9,0,9,0,4,21,0,25,0,0,0,25
04/03/2001,SLE,OR,ANM,WE,Federal Contract Tower,0,4,20,4,28,0,2,36,1,39,0,6,56,5,67,54,0,54,121
04/04/2001,SLE,OR,ANM,WE,Federal Contract Tower,0,7,13,0,20,0,2,109,11,122,0,9,122,11,142,58,2,60,202
04/05/2001,SLE,OR,ANM,WE,Federal Contract Tower,0,3,21,2,26,0,1,59,4,64,0,4,80,6,90,8,0,8,98
04/06/2001,SLE,OR,ANM,WE,Federal Contract Tower,0,7,7,4,18,0,0,9,6,15,0,7,16,10,33,0,2,2,35
04/07/2001,SLE,OR,ANM,WE,Federal Contract Tower,0,0,11,4,15,0,0,55,1,56,0,0,66,5,71,14,0,14,85
04/08/2001,SLE,OR,ANM,WE,Federal Contract Tower,0,0,11,4,15,0,0,30,0,30,0,0,41,4,45,58,0,58,103
04/09/2001,SLE,OR,ANM,WE,Federal Contract Tower,0,4,13,2,19,0,0,42,0,42,0,4,55,2,61,44,0,44,105
04/10/2001,SLE,OR,ANM,WE,Federal Contract Tower,0,5,25,2,32,0,1,16,5,22,0,6,41,7,54,18,6,24,78
04/11/2001,SLE,OR,ANM,WE,Federal Contract Tower,0,4,15,2,21,0,2,102,12,116,0,6,117,14,137,66,2,68,205
04/12/2001,SLE,OR,ANM,WE,Federal Contract Tower,0,5,14,5,24,0,1,24,17,42,0,6,38,22,66,22,14,36,102
04/13/2001,SLE,OR,ANM,WE,Federal Contract Tower,0,5,20,1,26,0,2,52,3,57,0,7,72,4,83,16,0,16,99
04/14/2001,SLE,OR,ANM,WE,Federal Contract Tower,0,1,18,0,19,0,0,105,0,105,0,1,123,0,124,52,0,52,176
04/15/2001,SLE,OR,ANM,WE,Federal Contract Tower,0,0,9,0,9,0,0,84,0,84,0,0,93,0,93,36,0,36,129
04/16/2001,SLE,OR,ANM,WE,Federal Contract Tower,0,3,16,1,20,0,1,52,0,53,0,4,68,1,73,24,0,24,97
04/17/2001,SLE,OR,ANM,WE,Federal Contract Tower,0,3,9,1,13,0,1,36,2,39,0,4,45,3,52,60,2,62,114
04/18/2001,SLE,OR,ANM,WE,Federal Contract Tower,0,4,25,4,33,0,0,56,0,56,0,4,81,4,89,38,2,40,129
04/19/2001,SLE,OR,ANM,WE,Federal Contract Tower,0,4,22,4,30,0,0,59,2,61,0,4,81,6,91,40,4,44,135
04/20/2001,SLE,OR,ANM,WE,Federal Contract Tower,0,8,18,4,30,0,2,44,8,54,0,10,62,12,84,36,0,36,120
04/21/2001,SLE,OR,ANM,WE,Federal Contract Tower,0,0,13,2,15,0,0,136,0,136,0,0,149,2,151,46,0,46,197
04/22/2001,SLE,OR,ANM,WE,Federal Contract Tower,0,0,13,2,15,0,0,40,3,43,0,0,53,5,58,26,0,26,84
04/23/2001,SLE,OR,ANM,WE,Federal Contract Tower,0,5,25,2,32,0,1,38,7,46,0,6,63,9,78,34,0,34,112
04/24/2001,SLE,OR,ANM,WE,Federal Contract Tower,0,0,28,1,29,0,2,104,7,113,0,2,132,8,142,76,2,78,220
04/25/2001,SLE,OR,ANM,WE,Federal Contract Tower,0,0,14,1,15,0,2,151,11,164,0,2,165,12,179,50,4,54,233
04/26/2001,SLE,OR,ANM,WE,Federal Contract Tower,0,0,14,6,20,0,2,106,12,120,0,2,120,18,140,34,6,40,180
04/27/2001,SLE,OR,ANM,WE,Federal Contract Tower,0,5,27,3,35,0,3,72,6,81,0,8,99,9,116,12,2,14,130
04/28/2001,SLE,OR,ANM,WE,Federal Contract Tower,0,0,8,0,8,0,0,32,0,32,0,0,40,0,40,26,0,26,66
04/29/2001,SLE,OR,ANM,WE,Federal Contract Tower,0,1,9,2,12,0,0,21,0,21,0,1,30,2,33,0,0,0,33
04/30/2001,SLE,OR,ANM,WE,Federal Contract Tower,0,3,10,0,13,0,2,15,0,17,0,5,25,0,30,14,0,14,44
05/01/2001,SLE,OR,ANM,WE,Federal Contract Tower,0,1,8,0,9,0,1,30,0,31,0,2,38,0,40,10,0,10,50
05/02/2001,SLE,OR,ANM,WE,Federal Contract Tower,0,1,12,0,13,0,2,91,4,97,0,3,103,4,110,52,2,54,164
05/03/2001,SLE,OR,ANM,WE,Federal Contract Tower,0,0,12,0,12,0,2,163,1,166,0,2,175,1,178,56,0,56,234
05/04/2001,SLE,OR,ANM,WE,Federal Contract Tower,0,3,15,1,19,0,1,91,9,101,0,4,106,10,120,42,0,42,162
05/05/2001,SLE,OR,ANM,WE,Federal Contract Tower,0,0,11,5,16,0,0,102,18,120,0,0,113,23,136,46,4,50,186
05/06/2001,SLE,OR,ANM,WE,Federal Contract Tower,0,0,7,5,12,0,0,166,10,176,0,0,173,15,188,16,14,30,218
05/07/2001,SLE,OR,ANM,WE,Federal Contract Tower,0,1,26,4,31,0,3,81,7,91,0,4,107,11,122,58,2,60,182
05/08/2001,SLE,OR,ANM,WE,Federal Contract Tower,0,0,23,2,25,0,4,107,10,121,0,4,130,12,146,62,12,74,220
05/09/2001,SLE,OR,ANM,WE,Federal Contract Tower,0,0,25,4,29,0,2,112,7,121,0,2,137,11,150,40,2,42,192
05/10/2001,SLE,OR,ANM,WE,Federal Contract Tower,0,0,14,5,19,0,6,124,5,135,0,6,138,10,154,62,2,64,218
05/11/2001,SLE,OR,ANM,WE,Federal Contract Tower,0,0,15,3,18,0,6,121,0,127,0,6,136,3,145,90,0,90,235
05/12/2001,SLE,OR,ANM,WE,Federal Contract Tower,0,0,13,1,14,0,0,140,3,143,0,0,153,4,157,46,0,46,203
05/13/2001,SLE,OR,ANM,WE,Federal Contract Tower,0,1,11,0,12,0,1,96,0,97,0,2,107,0,109,50,0,50,159
05/14/2001,SLE,OR,ANM,WE,Federal Contract Tower,0,0,20,0,20,0,4,0,0,4,0,4,20,0,24,8,0,8,32
05/15/2001,SLE,OR,ANM,WE,Federal Contract Tower,0,4,13,4,21,0,0,10,6,16,0,4,23,10,37,20,2,22,59
05/16/2001,SLE,OR,ANM,WE,Federal Contract Tower,0,0,15,2,17,0,2,82,12,96,0,2,97,14,113,38,4,42,155
05/17/2001,SLE,OR,ANM,WE,Federal Contract Tower,0,0,12,0,12,0,2,112,12,126,0,2,124,12,138,72,2,74,212
05/18/2001,SLE,OR,ANM,WE,Federal Contract Tower,0,0,17,1,18,0,4,118,9,131,0,4,135,10,149,46,8,54,203
05/19/2001,SLE,OR,ANM,WE,Federal Contract Tower,0,0,6,0,6,0,0,124,0,124,0,0,130,0,130,16,0,16,146
05/20/2001,SLE,OR,ANM,WE,Federal Contract Tower,0,0,9,3,12,0,0,127,1,128,0,0,136,4,140,14,0,14,154
05/21/2001,SLE,OR,ANM,WE,Federal Contract Tower,0,0,10,1,11,0,2,93,3,98,0,2,103,4,109,46,0,46,155
05/22/2001,SLE,OR,ANM,WE,Federal Contract Tower,0,0,14,10,24,0,2,102,13,117,0,2,116,23,141,78,4,82,223
05/23/2001,SLE,OR,ANM,WE,Federal Contract Tower,0,0,14,2,16,0,2,120,1,123,0,2,134,3,139,12,0,12,151
05/24/2001,SLE,OR,ANM,WE,Federal Contract Tower,0,1,18,0,19,0,2,111,3,116,0,3,129,3,135,66,0,66,201
05/25/2001,SLE,OR,ANM,WE,Federal Contract Tower,0,1,21,1,23,0,5,140,1,146,0,6,161,2,169,84,2,86,255
05/26/2001,SLE,OR,ANM,WE,Federal Contract Tower,0,0,4,1,5,0,0,149,0,149,0,0,153,1,154,76,0,76,230
05/27/2001,SLE,OR,ANM,WE,Federal Contract Tower,0,0,9,0,9,0,0,73,0,73,0,0,82,0,82,56,0,56,138
05/28/2001,SLE,OR,ANM,WE,Federal Contract Tower,0,0,5,1,6,0,0,40,2,42,0,0,45,3,48,0,0,0,48
05/29/2001,SLE,OR,ANM,WE,Federal Contract Tower,0,0,6,4,10,0,2,102,6,110,0,2,108,10,120,86,0,86,206
05/30/2001,SLE,OR,ANM,WE,Federal Contract Tower,0,0,16,1,17,0,2,114,9,125,0,2,130,10,142,114,2,116,258
05/31/2001,SLE,OR,ANM,WE,Federal Contract Tower,0,4,15,3,22,0,2,111,4,117,0,6,126,7,139,88,4,92,231
06/01/2001,SLE,OR,ANM,WE,Federal Contract Tower,0,2,30,0,32,0,5,61,6,72,0,7,91,6,104,48,2,50,154
06/02/2001,SLE,OR,ANM,WE,Federal Contract Tower,0,2,18,5,25,0,1,24,3,28,0,3,42,8,53,38,0,38,91
06/03/2001,SLE,OR,ANM,WE,Federal Contract Tower,0,0,10,1,11,0,0,76,0,76,0,0,86,1,87,50,0,50,137
06/04/2001,SLE,OR,ANM,WE,Federal Contract Tower,0,0,12,4,16,0,2,62,9,73,0,2,74,13,89,48,8,56,145
06/05/2001,SLE,OR,ANM,WE,Federal Contract Tower,0,4,30,0,34,0,0,14,3,17,0,4,44,3,51,52,0,52,103
06/06/2001,SLE,OR,ANM,WE,Federal Contract Tower,0,3,16,2,21,0,3,90,10,103,0,6,106,12,124,62,6,68,192
06/07/2001,SLE,OR,ANM,WE,Federal Contract Tower,0,0,16,1,17,0,2,116,10,128,0,2,132,11,145,16,0,16,161
06/08/2001,SLE,OR,ANM,WE,Federal Contract Tower,0,1,4,6,11,0,7,132,3,142,0,8,136,9,153,44,2,46,199
06/09/2001,SLE,OR,ANM,WE,Federal Contract Tower,0,0,8,0,8,0,0,120,2,122,0,0,128,2,130,12,8,20,150
06/10/2001,SLE,OR,ANM,WE,Federal Contract Tower,0,0,12,5,17,0,0,86,1,87,0,0,98,6,104,54,0,54,158
06/11/2001,SLE,OR,ANM,WE,Federal Contract Tower,0,2,18,5,25,0,0,11,0,11,0,2,29,5,36,4,0,4,40
06/12/2001,SLE,OR,ANM,WE,Federal Contract Tower,0,2,29,2,33,0,2,59,2,63,0,4,88,4,96,50,10,60,156
06/13/2001,SLE,OR,ANM,WE,Federal Contract Tower,0,2,15,2,19,0,5,123,11,139,0,7,138,13,158,114,8,122,280
06/14/2001,SLE,OR,ANM,WE,Federal Contract Tower,0,0,9,4,13,0,2,98,10,110,0,2,107,14,123,66,2,68,191
06/15/2001,SLE,OR,ANM,WE,Federal Contract Tower,0,1,15,9,25,0,5,103,2,110,0,6,118,11,135,54,4,58,193
06/16/2001,SLE,OR,ANM,WE,Federal Contract Tower,0,0,4,4,8,0,0,142,0,142,0,0,146,4,150,20,0,20,170
06/17/2001,SLE,OR,ANM,WE,Federal Contract Tower,0,0,6,2,8,0,0,105,0,105,0,0,111,2,113,28,0,28,141
06/18/2001,SLE,OR,ANM,WE,Federal Contract Tower,0,0,21,8,29,0,2,84,4,90,0,2,105,12,119,40,0,40,159
06/19/2001,SLE,OR,ANM,WE,Federal Contract Tower,0,0,19,0,19,0,2,108,6,116,0,2,127,6,135,66,0,66,201
06/20/2001,SLE,OR,ANM,WE,Federal Contract Tower,0,0,9,3,12,0,2,105,0,107,0,2,114,3,119,18,2,20,139
06/21/2001,SLE,OR,ANM,WE,Federal Contract Tower,0,2,16,1,19,0,4,112,6,122,0,6,128,7,141,24,0,24,165
06/22/2001,SLE,OR,ANM,WE,Federal Contract Tower,0,2,26,0,28,0,3,69,0,72,0,5,95,0,100,76,2,78,178
06/23/2001,SLE,OR,ANM,WE,Federal Contract Tower,0,1,13,2,16,0,0,91,0,91,0,1,104,2,107,28,0,28,135
06/24/2001,SLE,OR,ANM,WE,Federal Contract Tower,0,0,20,1,21,0,0,31,0,31,0,0,51,1,52,30,0,30,82
06/25/2001,SLE,OR,ANM,WE,Federal Contract Tower,0,0,18,2,20,0,2,69,4,75,0,2,87,6,95,54,0,54,149
06/26/2001,SLE,OR,ANM,WE,Federal Contract Tower,0,6,14,3,23,0,0,70,5,75,0,6,84,8,98,60,4,64,162
06/27/2001,SLE,OR,ANM,WE,Federal Contract Tower,0,0,10,3,13,0,2,10,0,12,0,2,20,3,25,26,0,26,51
06/28/2001,SLE,OR,ANM,WE,Federal Contract Tower,0,0,17,4,21,0,2,66,10,78,0,2,83,14,99,58,0,58,157
06/29/2001,SLE,OR,ANM,WE,Federal Contract Tower,0,0,13,7,20,0,5,99,8,112,0,5,112,15,132,42,2,44,176
06/30/2001,SLE,OR,ANM,WE,Federal Contract Tower,0,0,5,0,5,0,0,116,1,117,0,0,121,1,122,50,0,50,172
07/01/2001,SLE,OR,ANM,WE,Federal Contract Tower,0,0,14,0,14,0,0,85,3,88,0,0,99,3,102,38,6,44,146
07/02/2001,SLE,OR,ANM,WE,Federal Contract Tower,0,0,18,1,19,0,2,76,2,80,0,2,94,3,99,48,2,50,149
07/03/2001,SLE,OR,ANM,WE,Federal Contract Tower,0,0,22,3,25,0,2,98,1,101,0,2,120,4,126,86,2,88,214
07/04/2001,SLE,OR,ANM,WE,Federal Contract Tower,0,0,13,0,13,0,0,105,0,105,0,0,118,0,118,68,0,68,186
07/05/2001,SLE,OR,ANM,WE,Federal Contract Tower,0,0,21,2,23,0,2,141,1,144,0,2,162,3,167,30,0,30,197
07/06/2001,SLE,OR,ANM,WE,Federal Contract Tower,0,2,7,2,11,0,4,115,13,132,0,6,122,15,143,26,2,28,171
07/07/2001,SLE,OR,ANM,WE,Federal Contract Tower,0,0,12,0,12,0,0,121,9,130,0,0,133,9,142,68,0,68,210
07/08/2001,SLE,OR,ANM,WE,Federal Contract Tower,0,0,16,2,18,0,0,121,12,133,0,0,137,14,151,16,6,22,173
07/09/2001,SLE,OR,ANM,WE,Federal Contract Tower,0,0,9,0,9,0,3,97,2,102,0,3,106,2,111,60,0,60,171
07/10/2001,SLE,OR,ANM,WE,Federal Contract Tower,0,0,8,2,10,0,2,91,6,99,0,2,99,8,109,48,10,58,167
07/11/2001,SLE,OR,ANM,WE,Federal Contract Tower,0,1,30,3,34,0,3,127,8,138,0,4,157,11,172,110,18,128,300
07/12/2001,SLE,OR,ANM,WE,Federal Contract Tower,0,3,12,1,16,0,2,115,8,125,0,5,127,9,141,46,10,56,197
07/13/2001,SLE,OR,ANM,WE,Federal Contract Tower,0,1,20,0,21,0,5,134,6,145,0,6,154,6,166,62,4,66,232
07/14/2001,SLE,OR,ANM,WE,Federal Contract Tower,0,1,9,4,14,0,0,131,1,132,0,1,140,5,146,36,0,36,182
07/15/2001,SLE,OR,ANM,WE,Federal Contract Tower,0,2,13,2,17,0,0,113,0,113,0,2,126,2,130,38,10,48,178
07/16/2001,SLE,OR,ANM,WE,Federal Contract Tower,0,0,27,6,33,0,2,74,5,81,0,2,101,11,114,54,8,62,176
07/17/2001,SLE,OR,ANM,WE,Federal Contract Tower,0,3,33,0,36,0,3,96,10,109,0,6,129,10,145,56,4,60,205
07/18/2001,SLE,OR,ANM,WE,Federal Contract Tower,0,0,35,0,35,0,4,73,8,85,0,4,108,8,120,54,2,56,176
07/19/2001,SLE,OR,ANM,WE,Federal Contract Tower,0,1,24,0,25,0,2,102,6,110,0,3,126,6,135,45,4,49,184
07/20/2001,SLE,OR,ANM,WE,Federal Contract Tower,0,1,23,0,24,0,4,71,5,80,0,5,94,5,104,84,0,84,188
07/21/2001,SLE,OR,ANM,WE,Federal Contract Tower,0,0,20,0,20,0,0,123,2,125,0,0,143,2,145,30,0,30,175
07/22/2001,SLE,OR,ANM,WE,Federal Contract Tower,0,0,10,0,10,0,0,150,2,152,0,0,160,2,162,54,0,54,216
07/23/2001,SLE,OR,ANM,WE,Federal Contract Tower,0,0,5,2,7,0,2,108,3,113,0,2,113,5,120,56,0,56,176
07/24/2001,SLE,OR,ANM,WE,Federal Contract Tower,0,0,23,7,30,0,2,99,8,109,0,2,122,15,139,88,10,98,237
07/25/2001,SLE,OR,ANM,WE,Federal Contract Tower,0,0,16,6,22,0,2,106,5,113,0,2,122,11,135,70,4,74,209
07/26/2001,SLE,OR,ANM,WE,Federal Contract Tower,0,0,13,1,14,0,2,156,9,167,0,2,169,10,181,66,4,70,251
07/27/2001,SLE,OR,ANM,WE,Federal Contract Tower,0,2,5,3,10,0,7,110,10,127,0,9,115,13,137,62,0,62,199
07/28/2001,SLE,OR,ANM,WE,Federal Contract Tower,0,0,19,1,20,0,0,80,0,80,0,0,99,1,100,32,2,34,134
07/29/2001,SLE,OR,ANM,WE,Federal Contract Tower,0,0,20,1,21,0,0,56,1,57,0,0,76,2,78,38,0,38,116
07/30/2001,SLE,OR,ANM,WE,Federal Contract Tower,0,0,24,0,24,0,2,44,3,49,0,2,68,3,73,42,0,42,115
07/31/2001,SLE,OR,ANM,WE,Federal Contract Tower,0,0,20,8,28,0,2,111,6,119,0,2,131,14,147,70,0,70,217
08/01/2001,SLE,OR,ANM,WE,Federal Contract Tower,0,0,20,6,26,0,2,114,4,120,0,2,134,10,146,62,0,62,208
08/02/2001,SLE,OR,ANM,WE,Federal Contract Tower,0,0,17,1,18,0,2,72,3,77,0,2,89,4,95,56,0,56,151
08/03/2001,SLE,OR,ANM,WE,Federal Contract Tower,0,4,31,0,35,0,2,40,2,44,0,6,71,2,79,22,6,28,107
08/04/2001,SLE,OR,ANM,WE,Federal Contract Tower,0,0,21,0,21,0,0,95,4,99,0,0,116,4,120,72,0,72,192
08/05/2001,SLE,OR,ANM,WE,Federal Contract Tower,0,0,2,5,7,0,0,106,13,119,0,0,108,18,126,14,2,16,142
08/06/2001,SLE,OR,ANM,WE,Federal Contract Tower,0,3,13,2,18,0,3,105,10,118,0,6,118,12,136,62,0,62,198
08/07/2001,SLE,OR,ANM,WE,Federal Contract Tower,0,0,18,3,21,0,2,75,17,94,0,2,93,20,115,30,10,40,155
08/08/2001,SLE,OR,ANM,WE,Federal Contract Tower,0,0,16,2,18,0,2,116,5,123,0,2,132,7,141,22,14,36,177
08/09/2001,SLE,OR,ANM,WE,Federal Contract Tower,0,0,22,3,25,0,2,72,4,78,0,2,94,7,103,34,2,36,139
08/10/2001,SLE,OR,ANM,WE,Federal Contract Tower,0,1,13,4,18,0,5,92,8,105,0,6,105,12,123,48,0,48,171
08/11/2001,SLE,OR,ANM,WE,Federal Contract Tower,0,0,7,0,7,0,0,130,2,132,0,0,137,2,139,74,0,74,213
08/12/2001,SLE,OR,ANM,WE,Federal Contract Tower,0,0,9,0,9,0,0,122,2,124,0,0,131,2,133,36,0,36,169
08/13/2001,SLE,OR,ANM,WE,Federal Contract Tower,0,0,10,1,11,0,2,118,6,126,0,2,128,7,137,70,0,70,207
08/14/2001,SLE,OR,ANM,WE,Federal Contract Tower,0,0,31,4,35,0,2,64,4,70,0,2,95,8,105,72,0,72,177
08/15/2001,SLE,OR,ANM,WE,Federal Contract Tower,0,0,11,5,16,0,2,91,5,98,0,2,102,10,114,94,20,114,228
08/16/2001,SLE,OR,ANM,WE,Federal Contract Tower,0,0,33,5,38,0,2,63,6,71,0,2,96,11,109,52,0,52,161
08/17/2001,SLE,OR,ANM,WE,Federal Contract Tower,0,3,35,5,43,0,3,94,2,99,0,6,129,7,142,56,0,56,198
08/18/2001,SLE,OR,ANM,WE,Federal Contract Tower,0,0,9,2,11,0,0,233,2,235,0,0,242,4,246,96,2,98,344
08/19/2001,SLE,OR,ANM,WE,Federal Contract Tower,0,0,11,0,11,0,0,120,6,126,0,0,131,6,137,32,0,32,169
08/20/2001,SLE,OR,ANM,WE,Federal Contract Tower,0,0,19,0,19,0,2,82,6,90,0,2,101,6,109,50,0,50,159
08/21/2001,SLE,OR,ANM,WE,Federal Contract Tower,0,1,22,2,25,0,1,41,5,47,0,2,63,7,72,42,6,48,120
08/22/2001,SLE,OR,ANM,WE,Federal Contract Tower,0,4,31,2,37,0,0,30,2,32,0,4,61,4,69,26,0,26,95
08/23/2001,SLE,OR,ANM,WE,Federal Contract Tower,0,3,22,4,29,0,2,64,1,67,0,5,86,5,96,40,0,40,136
08/24/2001,SLE,OR,ANM,WE,Federal Contract Tower,0,2,9,0,11,0,3,144,11,158,0,5,153,11,169,38,0,38,207
08/25/2001,SLE,OR,ANM,WE,Federal Contract Tower,0,0,5,0,5,0,0,153,8,161,0,0,158,8,166,60,0,60,226
08/26/2001,SLE,OR,ANM,WE,Federal Contract Tower,0,0,10,0,10,0,0,149,4,153,0,0,159,4,163,32,0,32,195
08/27/2001,SLE,OR,ANM,WE,Federal Contract Tower,0,1,17,2,20,0,3,107,3,113,0,4,124,5,133,76,0,76,209
08/28/2001,SLE,OR,ANM,WE,Federal Contract Tower,0,0,20,0,20,0,2,119,6,127,0,2,139,6,147,98,2,100,247
08/29/2001,SLE,OR,ANM,WE,Federal Contract Tower,0,0,28,3,31,0,2,89,12,103,0,2,117,15,134,40,4,44,178
08/30/2001,SLE,OR,ANM,WE,Federal Contract Tower,0,0,13,5,18,0,2,115,11,128,0,2,128,16,146,74,6,80,226
08/31/2001,SLE,OR,ANM,WE,Federal Contract Tower,0,1,21,0,22,0,4,86,5,95,0,5,107,5,117,44,5,49,166
09/01/2001,SLE,OR,ANM,WE,Federal Contract Tower,0,0,13,0,13,0,0,90,5,95,0,0,103,5,108,96,0,96,204
09/02/2001,SLE,OR,ANM,WE,Federal Contract Tower,0,0,11,0,11,0,0,109,2,111,0,0,120,2,122,32,0,32,154
09/03/2001,SLE,OR,ANM,WE,Federal Contract Tower,0,0,10,0,10,0,0,92,0,92,0,0,102,0,102,18,0,18,120
09/04/2001,SLE,OR,ANM,WE,Federal Contract Tower,0,0,13,0,13,0,2,67,7,76,0,2,80,7,89,48,0,48,137
09/05/2001,SLE,OR,ANM,WE,Federal Contract Tower,0,0,17,0,17,0,2,66,5,73,0,2,83,5,90,70,2,72,162
09/06/2001,SLE,OR,ANM,WE,Federal Contract Tower,0,0,21,5,26,0,2,112,9,123,0,2,133,14,149,96,4,100,249
09/07/2001,SLE,OR,ANM,WE,Federal Contract Tower,0,1,16,6,23,0,5,118,6,129,0,6,134,12,152,8,16,24,176
09/08/2001,SLE,OR,ANM,WE,Federal Contract Tower,0,1,12,8,21,0,2,107,16,125,0,3,119,24,146,50,6,56,202
09/09/2001,SLE,OR,ANM,WE,Federal Contract Tower,0,0,15,4,19,0,0,154,24,178,0,0,169,28,197,32,0,32,229
09/10/2001,SLE,OR,ANM,WE,Federal Contract Tower,0,0,6,0,6,0,2,99,4,105,0,2,105,4,111,54,0,54,165
09/11/2001,SLE,OR,ANM,WE,Federal Contract Tower,0,0,0,0,0,0,0,1,1,2,0,0,1,1,2,0,0,0,2
09/12/2001,SLE,OR,ANM,WE,Federal Contract Tower,0,0,0,0,0,0,0,0,2,2,0,0,0,2,2,0,2,2,4
09/13/2001,SLE,OR,ANM,WE,Federal Contract Tower,0,7,0,0,7,0,3,0,2,5,0,10,0,2,12,0,0,0,12
09/14/2001,SLE,OR,ANM,WE,Federal Contract Tower,0,4,4,4,12,0,0,0,8,8,0,4,4,12,20,0,0,0,20
09/15/2001,SLE,OR,ANM,WE,Federal Contract Tower,0,4,10,3,17,0,1,0,0,1,0,5,10,3,18,0,0,0,18
09/16/2001,SLE,OR,ANM,WE,Federal Contract Tower,0,1,19,1,21,0,2,0,1,3,0,3,19,2,24,0,0,0,24
09/17/2001,SLE,OR,ANM,WE,Federal Contract Tower,0,3,29,0,32,0,3,3,0,6,0,6,32,0,38,8,0,8,46
09/18/2001,SLE,OR,ANM,WE,Federal Contract Tower,0,1,35,2,38,0,1,0,0,1,0,2,35,2,39,6,0,6,45
09/19/2001,SLE,OR,ANM,WE,Federal Contract Tower,0,3,33,1,37,0,1,8,0,9,0,4,41,1,46,6,0,6,52
09/20/2001,SLE,OR,ANM,WE,Federal Contract Tower,0,1,28,1,30,0,3,67,7,77,0,4,95,8,107,4,8,12,119
09/21/2001,SLE,OR,ANM,WE,Federal Contract Tower,0,2,22,0,24,0,4,72,4,80,0,6,94,4,104,6,0,6,110
09/22/2001,SLE,OR,ANM,WE,Federal Contract Tower,0,0,17,2,19,0,0,139,2,141,0,0,156,4,160,12,0,12,172
09/23/2001,SLE,OR,ANM,WE,Federal Contract Tower,0,0,5,0,5,0,0,117,0,117,0,0,122,0,122,34,0,34,156
09/24/2001,SLE,OR,ANM,WE,Federal Contract Tower,0,0,21,4,25,0,0,51,3,54,0,0,72,7,79,32,0,32,111
09/25/2001,SLE,OR,ANM,WE,Federal Contract Tower,0,1,48,0,49,0,0,7,0,7,0,1,55,0,56,20,0,20,76
09/26/2001,SLE,OR,ANM,WE,Federal Contract Tower,0,4,24,0,28,0,3,29,0,32,0,7,53,0,60,30,0,30,90
09/27/2001,SLE,OR,ANM,WE,Federal Contract Tower,0,3,23,4,30,0,0,36,5,41,0,3,59,9,71,38,2,40,111
09/28/2001,SLE,OR,ANM,WE,Federal Contract Tower,0,2,30,5,37,0,3,83,4,90,0,5,113,9,127,48,2,50,177
09/29/2001,SLE,OR,ANM,WE,Federal Contract Tower,0,0,15,1,16,0,0,136,1,137,0,0,151,2,153,42,0,42,195
09/30/2001,SLE,OR,ANM,WE,Federal Contract Tower,0,0,6,0,6,0,0,145,0,145,0,0,151,0,151,46,0,46,197
10/01/2001,SLE,OR,ANM,WE,Federal Contract Tower,0,2,22,0,24,0,0,79,5,84,0,2,101,5,108,42,0,42,150
10/02/2001,SLE,OR,ANM,WE,Federal Contract Tower,0,0,24,5,29,0,2,73,3,78,0,2,97,8,107,56,2,58,165
10/03/2001,SLE,OR,ANM,WE,Federal Contract Tower,0,4,22,4,30,0,2,80,6,88,0,6,102,10,118,52,6,58,176
10/04/2001,SLE,OR,ANM,WE,Federal Contract Tower,0,0,13,6,19,0,0,117,4,121,0,0,130,10,140,60,6,66,206
10/05/2001,SLE,OR,ANM,WE,Federal Contract Tower,0,2,8,2,12,0,3,113,4,120,0,5,121,6,132,30,4,34,166
10/06/2001,SLE,OR,ANM,WE,Federal Contract Tower,0,0,7,4,11,0,0,94,0,94,0,0,101,4,105,32,0,32,137
10/07/2001,SLE,OR,ANM,WE,Federal Contract Tower,0,0,13,0,13,0,0,54,0,54,0,0,67,0,67,20,0,20,87
10/08/2001,SLE,OR,ANM,WE,Federal Contract Tower,0,0,11,2,13,0,2,25,0,27,0,2,36,2,40,30,0,30,70
10/09/2001,SLE,OR,ANM,WE,Federal Contract Tower,0,2,28,5,35,0,2,64,4,70,0,4,92,9,105,68,4,72,177
10/10/2001,SLE,OR,ANM,WE,Federal Contract Tower,0,5,15,6,26,0,1,17,3,21,0,6,32,9,47,4,20,24,71
10/11/2001,SLE,OR,ANM,WE,Federal Contract Tower,0,2,33,8,43,0,2,46,1,49,0,4,79,9,92,40,16,56,148
10/12/2001,SLE,OR,ANM,WE,Federal Contract Tower,0,3,31,2,36,0,2,45,4,51,0,5,76,6,87,14,20,34,121
10/13/2001,SLE,OR,ANM,WE,Federal Contract Tower,0,0,22,0,22,0,0,110,2,112,0,0,132,2,134,50,14,64,198
10/14/2001,SLE,OR,ANM,WE,Federal Contract Tower,0,0,18,2,20,0,0,81,3,84,0,0,99,5,104,34,0,34,138
10/15/2001,SLE,OR,ANM,WE,Federal Contract Tower,0,0,17,0,17,0,2,81,0,83,0,2,98,0,100,44,0,44,144
10/16/2001,SLE,OR,ANM,WE,Federal Contract Tower,0,0,16,4,20,0,2,26,4,32,0,2,42,8,52,14,0,14,66
10/17/2001,SLE,OR,ANM,WE,Federal Contract Tower,0,0,19,3,22,0,2,42,2,46,0,2,61,5,68,14,0,14,82
10/18/2001,SLE,OR,ANM,WE,Federal Contract Tower,0,0,22,6,28,0,3,87,1,91,0,3,109,7,119,56,6,62,181
10/19/2001,SLE,OR,ANM,WE,Federal Contract Tower,0,2,13,8,23,0,2,93,6,101,0,4,106,14,124,36,0,36,160
10/20/2001,SLE,OR,ANM,WE,Federal Contract Tower,0,1,19,6,26,0,0,78,2,80,0,1,97,8,106,18,0,18,124
10/21/2001,SLE,OR,ANM,WE,Federal Contract Tower,0,0,16,6,22,0,0,3,0,3,0,0,19,6,25,6,0,6,31
10/22/2001,SLE,OR,ANM,WE,Federal Contract Tower,0,2,14,0,16,0,0,5,0,5,0,2,19,0,21,4,0,4,25
10/23/2001,SLE,OR,ANM,WE,Federal Contract Tower,0,2,18,4,24,0,2,27,1,30,0,4,45,5,54,18,18,36,90
10/24/2001,SLE,OR,ANM,WE,Federal Contract Tower,0,5,18,8,31,0,2,52,7,61,0,7,70,15,92,48,12,60,152
10/25/2001,SLE,OR,ANM,WE,Federal Contract Tower,0,0,28,3,31,0,2,52,2,56,0,2,80,5,87,62,6,68,155
10/26/2001,SLE,OR,ANM,WE,Federal Contract Tower,0,2,20,0,22,0,4,80,0,84,0,6,100,0,106,84,0,84,190
10/27/2001,SLE,OR,ANM,WE,Federal Contract Tower,0,0,21,0,21,0,0,12,0,12,0,0,33,0,33,0,0,0,33
10/28/2001,SLE,OR,ANM,WE,Federal Contract Tower,0,0,34,0,34,0,0,24,0,24,0,0,58,0,58,42,0,42,100
10/29/2001,SLE,OR,ANM,WE,Federal Contract Tower,0,2,18,0,20,0,0,0,0,0,0,2,18,0,20,6,0,6,26
10/30/2001,SLE,OR,ANM,WE,Federal Contract Tower,0,1,32,4,37,0,1,0,2,3,0,2,32,6,40,14,0,14,54
10/31/2001,SLE,OR,ANM,WE,Federal Contract Tower,0,2,15,5,22,0,0,15,0,15,0,2,30,5,37,40,0,40,77
11/01/2001,SLE,OR,ANM,WE,Federal Contract Tower,0,2,21,9,32,0,0,8,1,9,0,2,29,10,41,4,8,12,53
11/02/2001,SLE,OR,ANM,WE,Federal Contract Tower,0,1,22,7,30,0,4,35,5,44,0,5,57,12,74,40,0,40,114
11/03/2001,SLE,OR,ANM,WE,Federal Contract Tower,0,2,19,10,31,0,0,31,1,32,0,2,50,11,63,34,32,66,129
11/04/2001,SLE,OR,ANM,WE,Federal Contract Tower,0,0,8,13,21,0,0,46,11,57,0,0,54,24,78,44,10,54,132
11/05/2001,SLE,OR,ANM,WE,Federal Contract Tower,0,1,21,0,22,0,3,44,2,49,0,4,65,2,71,42,0,42,113
11/06/2001,SLE,OR,ANM,WE,Federal Contract Tower,0,1,19,4,24,0,1,44,2,47,0,2,63,6,71,56,24,80,151
11/07/2001,SLE,OR,ANM,WE,Federal Contract Tower,0,1,31,7,39,0,1,45,5,51,0,2,76,12,90,68,4,72,162
11/08/2001,SLE,OR,ANM,WE,Federal Contract Tower,0,3,15,3,21,0,2,76,3,81,0,5,91,6,102,36,28,64,166
11/09/2001,SLE,OR,ANM,WE,Federal Contract Tower,0,7,23,0,30,0,6,85,2,93,0,13,108,2,123,82,0,82,205
11/10/2001,SLE,OR,ANM,WE,Federal Contract Tower,0,0,15,0,15,0,0,86,6,92,0,0,101,6,107,72,4,76,183
11/11/2001,SLE,OR,ANM,WE,Federal Contract Tower,0,0,19,0,19,0,0,71,0,71,0,0,90,0,90,54,0,54,144
11/12/2001,SLE,OR,ANM,WE,Federal Contract Tower,0,2,25,0,27,0,0,0,0,0,0,2,25,0,27,8,0,8,35
11/13/2001,SLE,OR,ANM,WE,Federal Contract Tower,0,6,26,3,35,0,1,7,0,8,0,7,33,3,43,6,0,6,49
11/14/2001,SLE,OR,ANM,WE,Federal Contract Tower,0,3,21,4,28,0,1,11,2,14,0,4,32,6,42,6,0,6,48
11/15/2001,SLE,OR,ANM,WE,Federal Contract Tower,0,2,14,0,16,0,0,18,0,18,0,2,32,0,34,0,0,0,34
11/16/2001,SLE,OR,ANM,WE,Federal Contract Tower,0,9,18,6,33,0,0,4,0,4,0,9,22,6,37,2,0,2,39
11/17/2001,SLE,OR,ANM,WE,Federal Contract Tower,0,0,27,3,30,0,0,40,1,41,0,0,67,4,71,40,0,40,111
11/18/2001,SLE,OR,ANM,WE,Federal Contract Tower,0,0,8,2,10,0,0,115,2,117,0,0,123,4,127,64,0,64,191
11/19/2001,SLE,OR,ANM,WE,Federal Contract Tower,0,4,18,0,22,0,2,0,0,2,0,6,18,0,24,8,0,8,32
11/20/2001,SLE,OR,ANM,WE,Federal Contract Tower,0,4,29,3,36,0,2,12,1,15,0,6,41,4,51,12,4,16,67
11/21/2001,SLE,OR,ANM,WE,Federal Contract Tower,0,2,24,2,28,0,0,17,0,17,0,2,41,2,45,28,2,30,75
11/22/2001,SLE,OR,ANM,WE,Federal Contract Tower,0,0,2,0,2,0,0,1,0,1,0,0,3,0,3,0,0,0,3
11/23/2001,SLE,OR,ANM,WE,Federal Contract Tower,0,2,12,0,14,0,4,52,0,56,0,6,64,0,70,68,0,68,138
11/24/2001,SLE,OR,ANM,WE,Federal Contract Tower,0,0,13,0,13,0,1,8,0,9,0,1,21,0,22,8,0,8,30
11/25/2001,SLE,OR,ANM,WE,Federal Contract Tower,0,0,16,0,16,0,0,42,0,42,0,0,58,0,58,42,0,42,100
11/26/2001,SLE,OR,ANM,WE,Federal Contract Tower,0,1,32,1,34,0,3,16,3,22,0,4,48,4,56,44,0,44,100
11/27/2001,SLE,OR,ANM,WE,Federal Contract Tower,0,2,27,2,31,0,0,2,0,2,0,2,29,2,33,2,0,2,35
11/28/2001,SLE,OR,ANM,WE,Federal Contract Tower,0,2,9,0,11,0,0,0,0,0,0,2,9,0,11,0,0,0,11
11/29/2001,SLE,OR,ANM,WE,Federal Contract Tower,0,2,18,5,25,0,0,44,6,50,0,2,62,11,75,68,10,78,153
11/30/2001,SLE,OR,ANM,WE,Federal Contract Tower,0,5,13,2,20,0,0,6,5,11,0,5,19,7,31,2,34,36,67
12/01/2001,SLE,OR,ANM,WE,Federal Contract Tower,0,0,3,0,3,0,0,0,0,0,0,0,3,0,3,0,0,0,3
12/02/2001,SLE,OR,ANM,WE,Federal Contract Tower,0,0,9,3,12,0,0,24,3,27,0,0,33,6,39,24,34,58,97
12/03/2001,SLE,OR,ANM,WE,Federal Contract Tower,0,1,15,3,19,0,1,48,2,51,0,2,63,5,70,36,0,36,106
12/04/2001,SLE,OR,ANM,WE,Federal Contract Tower,0,2,18,3,23,0,0,3,1,4,0,2,21,4,27,10,2,12,39
12/05/2001,SLE,OR,ANM,WE,Federal Contract Tower,0,4,13,3,20,0,0,31,5,36,0,4,44,8,56,6,24,30,86
12/06/2001,SLE,OR,ANM,WE,Federal Contract Tower,0,2,6,2,10,0,0,13,2,15,0,2,19,4,25,4,0,4,29
12/07/2001,SLE,OR,ANM,WE,Federal Contract Tower,0,5,17,2,24,0,0,15,3,18,0,5,32,5,42,26,0,26,68
12/08/2001,SLE,OR,ANM,WE,Federal Contract Tower,0,1,12,2,15,0,0,27,19,46,0,1,39,21,61,4,14,18,79
12/09/2001,SLE,OR,ANM,WE,Federal Contract Tower,0,0,15,2,17,0,0,90,4,94,0,0,105,6,111,48,2,50,161
12/10/2001,SLE,OR,ANM,WE,Federal Contract Tower,0,1,22,1,24,0,1,10,1,12,0,2,32,2,36,30,0,30,66
12/11/2001,SLE,OR,ANM,WE,Federal Contract Tower,0,5,12,10,27,0,1,0,2,3,0,6,12,12,30,6,4,10,40
12/12/2001,SLE,OR,ANM,WE,Federal Contract Tower,0,7,18,4,29,0,0,15,2,17,0,7,33,6,46,14,0,14,60
12/13/2001,SLE,OR,ANM,WE,Federal Contract Tower,0,1,10,2,13,0,1,0,0,1,0,2,10,2,14,0,0,0,14
12/14/2001,SLE,OR,ANM,WE,Federal Contract Tower,0,3,14,2,19,0,1,13,0,14,0,4,27,2,33,34,4,38,71
12/15/2001,SLE,OR,ANM,WE,Federal Contract Tower,0,0,10,2,12,0,0,12,0,12,0,0,22,2,24,16,0,16,40
12/16/2001,SLE,OR,ANM,WE,Federal Contract Tower,0,0,11,0,11,0,0,5,0,5,0,0,16,0,16,6,0,6,22
12/17/2001,SLE,OR,ANM,WE,Federal Contract Tower,0,4,12,3,19,0,4,90,3,97,0,8,102,6,116,16,26,42,158
12/18/2001,SLE,OR,ANM,WE,Federal Contract Tower,0,3,6,2,11,0,3,6,0,9,0,6,12,2,20,0,0,0,20
12/19/2001,SLE,OR,ANM,WE,Federal Contract Tower,0,2,26,4,32,0,3,29,3,35,0,5,55,7,67,8,2,10,77
12/20/2001,SLE,OR,ANM,WE,Federal Contract Tower,0,4,13,9,26,0,0,1,0,1,0,4,14,9,27,6,0,6,33
12/21/2001,SLE,OR,ANM,WE,Federal Contract Tower,0,1,11,5,17,0,4,36,1,41,0,5,47,6,58,72,0,72,130
12/22/2001,SLE,OR,ANM,WE,Federal Contract Tower,0,0,10,0,10,0,0,60,0,60,0,0,70,0,70,44,0,44,114
12/23/2001,SLE,OR,ANM,WE,Federal Contract Tower,0,0,18,0,18,0,2,140,0,142,0,2,158,0,160,46,0,46,206
12/24/2001,SLE,OR,ANM,WE,Federal Contract Tower,0,4,6,0,10,0,3,115,0,118,0,7,121,0,128,22,0,22,150
12/25/2001,SLE,OR,ANM,WE,Federal Contract Tower,0,0,1,0,1,0,0,27,0,27,0,0,28,0,28,4,0,4,32
12/26/2001,SLE,OR,ANM,WE,Federal Contract Tower,0,2,12,0,14,0,0,75,4,79,0,2,87,4,93,26,14,40,133
12/27/2001,SLE,OR,ANM,WE,Federal Contract Tower,1,3,19,8,31,0,1,48,0,49,1,4,67,8,80,26,22,48,128
12/28/2001,SLE,OR,ANM,WE,Federal Contract Tower,0,2,18,4,24,0,3,22,0,25,0,5,40,4,49,64,2,66,115
12/29/2001,SLE,OR,ANM,WE,Federal Contract Tower,0,2,20,0,22,0,0,47,0,47,0,2,67,0,69,28,0,28,97
12/30/2001,SLE,OR,ANM,WE,Federal Contract Tower,0,2,9,0,11,0,0,118,0,118,0,2,127,0,129,52,0,52,181
12/31/2001,SLE,OR,ANM,WE,Federal Contract Tower,0,2,10,0,12,0,0,1,0,1,0,2,11,0,13,4,0,4,17
01/01/2002,SLE,OR,ANM,WE,Federal Contract Tower,0,0,3,0,3,0,0,2,0,2,0,0,5,0,5,0,0,0,5
01/02/2002,SLE,OR,ANM,WE,Federal Contract Tower,0,5,5,1,11,0,2,46,5,53,0,7,51,6,64,6,0,6,70
01/03/2002,SLE,OR,ANM,WE,Federal Contract Tower,0,2,19,5,26,0,0,24,10,34,0,2,43,15,60,32,16,48,108
01/04/2002,SLE,OR,ANM,WE,Federal Contract Tower,0,3,11,12,26,0,0,21,7,28,0,3,32,19,54,38,7,45,99
01/05/2002,SLE,OR,ANM,WE,Federal Contract Tower,0,0,9,4,13,0,0,4,1,5,0,0,13,5,18,0,0,0,18
01/06/2002,SLE,OR,ANM,WE,Federal Contract Tower,0,0,6,2,8,0,0,5,3,8,0,0,11,5,16,38,0,38,54
01/07/2002,SLE,OR,ANM,WE,Federal Contract Tower,0,2,7,4,13,0,0,8,0,8,0,2,15,4,21,34,0,34,55
01/08/2002,SLE,OR,ANM,WE,Federal Contract Tower,0,2,8,4,14,0,0,14,4,18,0,2,22,8,32,6,8,14,46
01/09/2002,SLE,OR,ANM,WE,Federal Contract Tower,0,4,14,7,25,0,0,13,5,18,0,4,27,12,43,18,0,18,61
01/10/2002,SLE,OR,ANM,WE,Federal Contract Tower,0,5,24,2,31,0,0,72,6,78,0,5,96,8,109,94,4,98,207
01/11/2002,SLE,OR,ANM,WE,Federal Contract Tower,0,6,16,4,26,0,3,21,8,32,0,9,37,12,58,40,2,42,100
01/12/2002,SLE,OR,ANM,WE,Federal Contract Tower,0,0,9,6,15,0,0,33,5,38,0,0,42,11,53,12,8,20,73
01/13/2002,SLE,OR,ANM,WE,Federal Contract Tower,0,0,12,0,12,0,0,46,0,46,0,0,58,0,58,27,0,27,85
01/14/2002,SLE,OR,ANM,WE,Federal Contract Tower,0,2,7,3,12,0,0,11,0,11,0,2,18,3,23,10,0,10,33
01/15/2002,SLE,OR,ANM,WE,Federal Contract Tower,0,2,19,5,26,0,0,93,5,98,0,2,112,10,124,34,2,36,160
01/16/2002,SLE,OR,ANM,WE,Federal Contract Tower,0,2,19,4,25,0,0,29,10,39,0,2,48,14,64,0,14,14,78
01/17/2002,SLE,OR,ANM,WE,Federal Contract Tower,0,3,12,7,22,0,1,39,8,48,0,4,51,15,70,38,8,46,116
01/18/2002,SLE,OR,ANM,WE,Federal Contract Tower,0,4,17,5,26,0,0,0,2,2,0,4,17,7,28,0,10,10,38
01/19/2002,SLE,OR,ANM,WE,Federal Contract Tower,0,0,15,0,15,0,0,79,5,84,0,0,94,5,99,33,0,33,132
01/20/2002,SLE,OR,ANM,WE,Federal Contract Tower,0,0,3,0,3,0,0,12,0,12,0,0,15,0,15,4,0,4,19
01/21/2002,SLE,OR,ANM,WE,Federal Contract Tower,0,3,5,0,8,0,0,11,0,11,0,3,16,0,19,2,0,2,21
01/22/2002,SLE,OR,ANM,WE,Federal Contract Tower,0,5,9,4,18,0,0,11,2,13,0,5,20,6,31,0,0,0,31
01/23/2002,SLE,OR,ANM,WE,Federal Contract Tower,0,2,20,4,26,0,0,8,2,10,0,2,28,6,36,12,4,16,52
01/24/2002,SLE,OR,ANM,WE,Federal Contract Tower,0,2,10,0,12,0,0,20,0,20,0,2,30,0,32,28,0,28,60
01/25/2002,SLE,OR,ANM,WE,Federal Contract Tower,0,3,10,0,13,0,3,14,0,17,0,6,24,0,30,32,0,32,62
01/26/2002,SLE,OR,ANM,WE,Federal Contract Tower,0,0,8,0,8,0,0,16,0,16,0,0,24,0,24,22,0,22,46
01/27/2002,SLE,OR,ANM,WE,Federal Contract Tower,0,0,2,0,2,0,0,2,0,2,0,0,4,0,4,0,0,0,4
01/28/2002,SLE,OR,ANM,WE,Federal Contract Tower,0,1,11,0,12,0,1,32,0,33,0,2,43,0,45,34,0,34,79
01/29/2002,SLE,OR,ANM,WE,Federal Contract Tower,0,2,19,1,22,0,0,36,8,44,0,2,55,9,66,28,0,28,94
01/30/2002,SLE,OR,ANM,WE,Federal Contract Tower,0,2,15,6,23,0,0,37,9,46,0,2,52,15,69,62,0,62,131
01/31/2002,SLE,OR,ANM,WE,Federal Contract Tower,0,1,12,3,16,0,1,15,1,17,0,2,27,4,33,26,10,36,69
02/01/2002,SLE,OR,ANM,WE,Federal Contract Tower,0,4,20,1,25,0,4,37,3,44,0,8,57,4,69,72,4,76,145
02/02/2002,SLE,OR,ANM,WE,Federal Contract Tower,0,0,19,5,24,0,0,65,23,88,0,0,84,28,112,62,10,72,184
02/03/2002,SLE,OR,ANM,WE,Federal Contract Tower,0,1,8,7,16,0,0,54,9,63,0,1,62,16,79,32,6,38,117
02/04/2002,SLE,OR,ANM,WE,Federal Contract Tower,0,3,25,2,30,0,1,59,1,61,0,4,84,3,91,42,0,42,133
02/05/2002,SLE,OR,ANM,WE,Federal Contract Tower,0,3,14,5,22,0,0,33,11,44,0,3,47,16,66,26,4,30,96
02/06/2002,SLE,OR,ANM,WE,Federal Contract Tower,0,5,12,14,31,0,0,34,4,38,0,5,46,18,69,24,6,30,99
02/07/2002,SLE,OR,ANM,WE,Federal Contract Tower,0,5,23,2,30,0,0,3,5,8,0,5,26,7,38,16,0,16,54
02/08/2002,SLE,OR,ANM,WE,Federal Contract Tower,0,2,14,0,16,0,3,50,2,55,0,5,64,2,71,36,0,36,107
02/09/2002,SLE,OR,ANM,WE,Federal Contract Tower,0,0,11,4,15,0,2,135,9,146,0,2,146,13,161,46,2,48,209
02/10/2002,SLE,OR,ANM,WE,Federal Contract Tower,0,0,13,2,15,0,0,125,4,129,0,0,138,6,144,10,6,16,160
02/11/2002,SLE,OR,ANM,WE,Federal Contract Tower,0,0,17,5,22,0,2,60,2,64,0,2,77,7,86,44,0,44,130
02/12/2002,SLE,OR,ANM,WE,Federal Contract Tower,0,2,7,6,15,0,2,91,13,106,0,4,98,19,121,82,2,84,205
02/13/2002,SLE,OR,ANM,WE,Federal Contract Tower,0,3,7,6,16,0,3,120,17,140,0,6,127,23,156,48,2,50,206
02/14/2002,SLE,OR,ANM,WE,Federal Contract Tower,0,4,4,6,14,0,3,129,1,133,0,7,133,7,147,46,4,50,197
02/15/2002,SLE,OR,ANM,WE,Federal Contract Tower,0,0,9,2,11,0,5,125,1,131,0,5,134,3,142,64,0,64,206
02/16/2002,SLE,OR,ANM,WE,Federal Contract Tower,0,0,15,0,15,0,2,95,0,97,0,2,110,0,112,34,0,34,146
02/17/2002,SLE,OR,ANM,WE,Federal Contract Tower,0,0,9,0,9,0,0,22,0,22,0,0,31,0,31,4,0,4,35
02/18/2002,SLE,OR,ANM,WE,Federal Contract Tower,0,1,24,0,25,0,1,48,0,49,0,2,72,0,74,32,0,32,106
02/19/2002,SLE,OR,ANM,WE,Federal Contract Tower,0,1,13,0,14,0,1,19,0,20,0,2,32,0,34,28,0,28,62
02/20/2002,SLE,OR,ANM,WE,Federal Contract Tower,0,1,21,2,24,0,1,82,2,85,0,2,103,4,109,24,0,24,133
02/21/2002,SLE,OR,ANM,WE,Federal Contract Tower,0,1,10,0,11,0,1,14,0,15,0,2,24,0,26,4,2,6,32
02/22/2002,SLE,OR,ANM,WE,Federal Contract Tower,0,1,12,1,14,0,4,83,4,91,0,5,95,5,105,46,2,48,153
02/23/2002,SLE,OR,ANM,WE,Federal Contract Tower,0,1,8,0,9,0,4,44,1,49,0,5,52,1,58,10,0,10,68
02/24/2002,SLE,OR,ANM,WE,Federal Contract Tower,0,2,20,1,23,0,0,91,1,92,0,2,111,2,115,22,0,22,137
02/25/2002,SLE,OR,ANM,WE,Federal Contract Tower,0,3,10,3,16,0,5,80,6,91,0,8,90,9,107,64,4,68,175
02/26/2002,SLE,OR,ANM,WE,Federal Contract Tower,0,4,4,6,14,0,0,96,12,108,0,4,100,18,122,46,0,46,168
02/27/2002,SLE,OR,ANM,WE,Federal Contract Tower,0,0,18,2,20,0,2,120,7,129,0,2,138,9,149,88,0,88,237
02/28/2002,SLE,OR,ANM,WE,Federal Contract Tower,0,0,11,4,15,0,2,65,10,77,0,2,76,14,92,46,8,54,146
03/01/2002,SLE,OR,ANM,WE,Federal Contract Tower,0,0,17,1,18,0,4,121,2,127,0,4,138,3,145,48,0,48,193
03/02/2002,SLE,OR,ANM,WE,Federal Contract Tower,0,1,8,5,14,0,0,136,4,140,0,1,144,9,154,44,6,50,204
03/03/2002,SLE,OR,ANM,WE,Federal Contract Tower,0,0,15,1,16,0,0,147,2,149,0,0,162,3,165,36,0,36,201
03/04/2002,SLE,OR,ANM,WE,Federal Contract Tower,0,0,13,0,13,0,2,71,2,75,0,2,84,2,88,32,0,32,120
03/05/2002,SLE,OR,ANM,WE,Federal Contract Tower,0,3,14,1,18,0,1,22,9,32,0,4,36,10,50,16,0,16,66
03/06/2002,SLE,OR,ANM,WE,Federal Contract Tower,0,3,15,3,21,0,1,7,0,8,0,4,22,3,29,2,0,2,31
03/07/2002,SLE,OR,ANM,WE,Federal Contract Tower,0,2,7,0,9,0,0,8,0,8,0,2,15,0,17,8,0,8,25
03/08/2002,SLE,OR,ANM,WE,Federal Contract Tower,0,3,26,1,30,0,5,44,3,52,0,8,70,4,82,40,0,40,122
03/09/2002,SLE,OR,ANM,WE,Federal Contract Tower,0,1,14,7,22,0,0,41,15,56,0,1,55,22,78,46,6,52,130
03/10/2002,SLE,OR,ANM,WE,Federal Contract Tower,0,0,13,0,13,0,0,13,0,13,0,0,26,0,26,18,6,24,50
03/11/2002,SLE,OR,ANM,WE,Federal Contract Tower,0,2,3,2,7,0,0,2,1,3,0,2,5,3,10,0,0,0,10
03/12/2002,SLE,OR,ANM,WE,Federal Contract Tower,0,4,12,4,20,0,0,23,0,23,0,4,35,4,43,8,0,8,51
03/13/2002,SLE,OR,ANM,WE,Federal Contract Tower,0,2,9,0,11,0,0,9,2,11,0,2,18,2,22,4,0,4,26
03/14/2002,SLE,OR,ANM,WE,Federal Contract Tower,0,7,20,2,29,0,1,21,7,29,0,8,41,9,58,14,14,28,86
03/15/2002,SLE,OR,ANM,WE,Federal Contract Tower,0,2,14,2,18,0,2,11,0,13,0,4,25,2,31,2,10,12,43
03/16/2002,SLE,OR,ANM,WE,Federal Contract Tower,0,4,10,2,16,0,1,2,2,5,0,5,12,4,21,0,0,0,21
03/17/2002,SLE,OR,ANM,WE,Federal Contract Tower,0,0,11,0,11,0,0,65,0,65,0,0,76,0,76,20,0,20,96
03/18/2002,SLE,OR,ANM,WE,Federal Contract Tower,0,2,16,0,18,0,0,21,6,27,0,2,37,6,45,6,0,6,51
03/19/2002,SLE,OR,ANM,WE,Federal Contract Tower,0,7,14,0,21,0,1,16,8,25,0,8,30,8,46,16,0,16,62
03/20/2002,SLE,OR,ANM,WE,Federal Contract Tower,0,0,24,1,25,0,2,58,9,69,0,2,82,10,94,34,12,46,140
03/21/2002,SLE,OR,ANM,WE,Federal Contract Tower,0,0,31,4,35,0,2,72,6,80,0,2,103,10,115,26,6,32,147
03/22/2002,SLE,OR,ANM,WE,Federal Contract Tower,0,0,19,1,20,0,2,73,8,83,0,2,92,9,103,20,2,22,125
03/23/2002,SLE,OR,ANM,WE,Federal Contract Tower,0,0,7,2,9,0,0,83,4,87,0,0,90,6,96,16,4,20,116
03/24/2002,SLE,OR,ANM,WE,Federal Contract Tower,0,0,19,1,20,0,0,90,0,90,0,0,109,1,110,48,0,48,158
03/25/2002,SLE,OR,ANM,WE,Federal Contract Tower,0,0,13,1,14,0,2,123,0,125,0,2,136,1,139,22,0,22,161
03/26/2002,SLE,OR,ANM,WE,Federal Contract Tower,0,2,23,3,28,0,2,84,3,89,0,4,107,6,117,28,4,32,149
03/27/2002,SLE,OR,ANM,WE,Federal Contract Tower,0,2,11,4,17,0,6,59,6,71,0,8,70,10,88,16,10,26,114
03/28/2002,SLE,OR,ANM,WE,Federal Contract Tower,0,0,37,2,39,0,2,48,6,56,0,2,85,8,95,64,8,72,167
03/29/2002,SLE,OR,ANM,WE,Federal Contract Tower,0,0,14,1,15,0,5,110,0,115,0,5,124,1,130,34,0,34,164
03/30/2002,SLE,OR,ANM,WE,Federal Contract Tower,0,0,9,0,9,0,0,150,0,150,0,0,159,0,159,94,0,94,253
03/31/2002,SLE,OR,ANM,WE,Federal Contract Tower,0,0,2,0,2,0,0,92,0,92,0,0,94,0,94,0,0,0,94
04/01/2002,SLE,OR,ANM,WE,Federal Contract Tower,0,0,30,0,30,0,2,73,0,75,0,2,103,0,105,24,12,36,141
04/02/2002,SLE,OR,ANM,WE,Federal Contract Tower,0,1,16,0,17,0,3,83,6,92,0,4,99,6,109,42,4,46,155
04/03/2002,SLE,OR,ANM,WE,Federal Contract Tower,0,0,18,0,18,0,2,119,8,129,0,2,137,8,147,30,0,30,177
04/04/2002,SLE,OR,ANM,WE,Federal Contract Tower,0,0,11,3,14,0,4,132,11,147,0,4,143,14,161,64,6,70,231
04/05/2002,SLE,OR,ANM,WE,Federal Contract Tower,0,1,26,2,29,0,4,28,0,32,0,5,54,2,61,12,0,12,73
04/06/2002,SLE,OR,ANM,WE,Federal Contract Tower,0,4,19,5,28,0,0,53,7,60,0,4,72,12,88,32,8,40,128
04/07/2002,SLE,OR,ANM,WE,Federal Contract Tower,0,0,33,6,39,0,0,77,8,85,0,0,110,14,124,28,2,30,154
04/08/2002,SLE,OR,ANM,WE,Federal Contract Tower,0,4,16,0,20,0,2,110,2,114,0,6,126,2,134,24,0,24,158
04/09/2002,SLE,OR,ANM,WE,Federal Contract Tower,0,3,19,4,26,0,1,6,2,9,0,4,25,6,35,6,0,6,41
04/10/2002,SLE,OR,ANM,WE,Federal Contract Tower,0,3,21,2,26,0,1,43,4,48,0,4,64,6,74,48,0,48,122
04/11/2002,SLE,OR,ANM,WE,Federal Contract Tower,0,4,20,7,31,0,3,29,8,40,0,7,49,15,71,6,8,14,85
04/12/2002,SLE,OR,ANM,WE,Federal Contract Tower,0,2,29,4,35,0,4,67,9,80,0,6,96,13,115,30,2,32,147
04/13/2002,SLE,OR,ANM,WE,Federal Contract Tower,0,0,16,2,18,0,0,9,3,12,0,0,25,5,30,34,0,34,64
04/14/2002,SLE,OR,ANM,WE,Federal Contract Tower,0,0,4,2,6,0,0,36,0,36,0,0,40,2,42,14,2,16,58
04/15/2002,SLE,OR,ANM,WE,Federal Contract Tower,0,5,10,2,17,0,5,19,3,27,0,10,29,5,44,12,0,12,56
04/16/2002,SLE,OR,ANM,WE,Federal Contract Tower,0,2,14,2,18,0,2,16,1,19,0,4,30,3,37,0,0,0,37
04/17/2002,SLE,OR,ANM,WE,Federal Contract Tower,0,6,23,2,31,0,2,41,1,44,0,8,64,3,75,10,0,10,85
04/18/2002,SLE,OR,ANM,WE,Federal Contract Tower,0,2,24,3,29,0,4,50,2,56,0,6,74,5,85,34,0,34,119
04/19/2002,SLE,OR,ANM,WE,Federal Contract Tower,0,1,14,1,16,0,5,83,0,88,0,6,97,1,104,20,0,20,124
04/20/2002,SLE,OR,ANM,WE,Federal Contract Tower,0,1,29,2,32,0,0,125,2,127,0,1,154,4,159,36,0,36,195
04/21/2002,SLE,OR,ANM,WE,Federal Contract Tower,0,0,17,2,19,0,2,115,0,117,0,2,132,2,136,48,0,48,184
04/22/2002,SLE,OR,ANM,WE,Federal Contract Tower,0,2,21,0,23,0,2,57,4,63,0,4,78,4,86,28,0,28,114
04/23/2002,SLE,OR,ANM,WE,Federal Contract Tower,0,3,21,0,24,0,5,120,6,131,0,8,141,6,155,26,0,26,181
04/24/2002,SLE,OR,ANM,WE,Federal Contract Tower,0,4,13,2,19,0,2,131,6,139,0,6,144,8,158,54,2,56,214
04/25/2002,SLE,OR,ANM,WE,Federal Contract Tower,0,3,7,3,13,0,3,114,6,123,0,6,121,9,136,98,0,98,234
04/26/2002,SLE,OR,ANM,WE,Federal Contract Tower,0,6,28,0,34,0,0,32,6,38,0,6,60,6,72,12,0,12,84
04/27/2002,SLE,OR,ANM,WE,Federal Contract Tower,0,0,6,0,6,0,1,73,0,74,0,1,79,0,80,24,0,24,104
04/28/2002,SLE,OR,ANM,WE,Federal Contract Tower,0,0,17,1,18,0,1,155,0,156,0,1,172,1,174,54,0,54,228
04/29/2002,SLE,OR,ANM,WE,Federal Contract Tower,0,0,13,4,17,0,5,92,4,101,0,5,105,8,118,36,20,56,174
04/30/2002,SLE,OR,ANM,WE,Federal Contract Tower,0,2,17,0,19,0,4,90,7,101,0,6,107,7,120,32,6,38,158
05/01/2002,SLE,OR,ANM,WE,Federal Contract Tower,0,6,31,2,39,0,4,83,4,91,0,10,114,6,130,24,14,38,168
05/02/2002,SLE,OR,ANM,WE,Federal Contract Tower,0,3,37,4,44,0,2,46,2,50,0,5,83,6,94,46,0,46,140
05/03/2002,SLE,OR,ANM,WE,Federal Contract Tower,0,1,22,0,23,0,5,80,7,92,0,6,102,7,115,32,2,34,149
05/04/2002,SLE,OR,ANM,WE,Federal Contract Tower,0,0,17,5,22,0,1,193,7,201,0,1,210,12,223,28,0,28,251
05/05/2002,SLE,OR,ANM,WE,Federal Contract Tower,0,3,11,2,16,0,0,33,1,34,0,3,44,3,50,4,0,4,54
05/06/2002,SLE,OR,ANM,WE,Federal Contract Tower,0,2,18,12,32,0,2,44,3,49,0,4,62,15,81,20,0,20,101
05/07/2002,SLE,OR,ANM,WE,Federal Contract Tower,0,3,15,7,25,0,5,70,7,82,0,8,85,14,107,40,4,44,151
05/08/2002,SLE,OR,ANM,WE,Federal Contract Tower,0,4,24,2,30,0,4,113,10,127,0,8,137,12,157,26,10,36,193
05/09/2002,SLE,OR,ANM,WE,Federal Contract Tower,0,7,29,1,37,0,1,52,4,57,0,8,81,5,94,36,0,36,130
05/10/2002,SLE,OR,ANM,WE,Federal Contract Tower,0,2,16,5,23,0,4,128,5,137,0,6,144,10,160,24,0,24,184
05/11/2002,SLE,OR,ANM,WE,Federal Contract Tower,0,1,13,0,14,0,1,158,7,166,0,2,171,7,180,26,0,26,206
05/12/2002,SLE,OR,ANM,WE,Federal Contract Tower,0,0,9,0,9,0,0,130,0,130,0,0,139,0,139,28,0,28,167
05/13/2002,SLE,OR,ANM,WE,Federal Contract Tower,0,3,30,0,33,0,1,36,2,39,0,4,66,2,72,14,0,14,86
05/14/2002,SLE,OR,ANM,WE,Federal Contract Tower,0,1,17,1,19,0,3,69,13,85,0,4,86,14,104,52,0,52,156
05/15/2002,SLE,OR,ANM,WE,Federal Contract Tower,0,2,15,6,23,0,2,110,12,124,0,4,125,18,147,40,4,44,191
05/16/2002,SLE,OR,ANM,WE,Federal Contract Tower,0,1,18,0,19,0,3,116,13,132,0,4,134,13,151,36,4,40,191
05/17/2002,SLE,OR,ANM,WE,Federal Contract Tower,0,3,31,3,37,0,5,100,9,114,0,8,131,12,151,50,6,56,207
05/18/2002,SLE,OR,ANM,WE,Federal Contract Tower,0,0,20,0,20,0,0,126,5,131,0,0,146,5,151,30,0,30,181
05/19/2002,SLE,OR,ANM,WE,Federal Contract Tower,0,0,11,0,11,0,0,36,0,36,0,0,47,0,47,18,0,18,65
05/20/2002,SLE,OR,ANM,WE,Federal Contract Tower,0,2,12,2,16,0,2,17,0,19,0,4,29,2,35,0,0,0,35
05/21/2002,SLE,OR,ANM,WE,Federal Contract Tower,0,1,27,2,30,0,3,26,13,42,0,4,53,15,72,22,18,40,112
05/22/2002,SLE,OR,ANM,WE,Federal Contract Tower,0,3,31,5,39,0,1,60,9,70,0,4,91,14,109,44,22,66,175
05/23/2002,SLE,OR,ANM,WE,Federal Contract Tower,0,1,24,0,25,0,3,147,16,166,0,4,171,16,191,86,32,118,309
05/24/2002,SLE,OR,ANM,WE,Federal Contract Tower,0,3,29,0,32,0,3,126,1,130,0,6,155,1,162,64,0,64,226
05/25/2002,SLE,OR,ANM,WE,Federal Contract Tower,0,1,9,0,10,0,1,122,1,124,0,2,131,1,134,58,0,58,192
05/26/2002,SLE,OR,ANM,WE,Federal Contract Tower,0,0,7,0,7,0,0,113,0,113,0,0,120,0,120,26,0,26,146
05/27/2002,SLE,OR,ANM,WE,Federal Contract Tower,0,1,20,0,21,0,0,102,0,102,0,1,122,0,123,30,0,30,153
05/28/2002,SLE,OR,ANM,WE,Federal Contract Tower,0,2,29,0,31,0,0,25,0,25,0,2,54,0,56,32,0,32,88
05/29/2002,SLE,OR,ANM,WE,Federal Contract Tower,0,5,11,4,20,0,1,55,6,62,0,6,66,10,82,94,8,102,184
05/30/2002,SLE,OR,ANM,WE,Federal Contract Tower,0,1,24,0,25,0,4,117,11,132,0,5,141,11,157,24,0,24,181
05/31/2002,SLE,OR,ANM,WE,Federal Contract Tower,0,2,3,0,5,0,4,109,2,115,0,6,112,2,120,42,2,44,164
06/01/2002,SLE,OR,ANM,WE,Federal Contract Tower,0,1,20,0,21,0,2,121,12,135,0,3,141,12,156,46,0,46,202
06/02/2002,SLE,OR,ANM,WE,Federal Contract Tower,0,0,10,0,10,0,0,129,7,136,0,0,139,7,146,22,0,22,168
06/03/2002,SLE,OR,ANM,WE,Federal Contract Tower,0,0,6,4,10,0,2,90,17,109,0,2,96,21,119,78,4,82,201
06/04/2002,SLE,OR,ANM,WE,Federal Contract Tower,0,5,40,4,49,0,3,70,15,88,0,8,110,19,137,50,18,68,205
06/05/2002,SLE,OR,ANM,WE,Federal Contract Tower,0,5,24,0,29,0,3,87,5,95,0,8,111,5,124,62,36,98,222
06/06/2002,SLE,OR,ANM,WE,Federal Contract Tower,0,1,24,2,27,0,4,104,24,132,0,5,128,26,159,26,14,40,199
06/07/2002,SLE,OR,ANM,WE,Federal Contract Tower,0,2,23,5,30,0,7,75,7,89,0,9,98,12,119,28,2,30,149
06/08/2002,SLE,OR,ANM,WE,Federal Contract Tower,0,0,22,8,30,0,0,65,0,65,0,0,87,8,95,60,2,62,157
06/09/2002,SLE,OR,ANM,WE,Federal Contract Tower,0,0,6,9,15,0,0,124,1,125,0,0,130,10,140,20,14,34,174
06/10/2002,SLE,OR,ANM,WE,Federal Contract Tower,0,1,15,2,18,0,3,100,5,108,0,4,115,7,126,30,4,34,160
06/11/2002,SLE,OR,ANM,WE,Federal Contract Tower,0,4,22,1,27,0,4,97,4,105,0,8,119,5,132,42,0,42,174
06/12/2002,SLE,OR,ANM,WE,Federal Contract Tower,0,3,20,0,23,0,2,152,11,165,0,5,172,11,188,30,0,30,218
06/13/2002,SLE,OR,ANM,WE,Federal Contract Tower,0,2,5,0,7,0,3,130,4,137,0,5,135,4,144,34,2,36,180
06/14/2002,SLE,OR,ANM,WE,Federal Contract Tower,0,1,9,2,12,0,7,135,8,150,0,8,144,10,162,82,0,82,244
06/15/2002,SLE,OR,ANM,WE,Federal Contract Tower,0,1,11,5,17,0,0,113,5,118,0,1,124,10,135,38,0,38,173
06/16/2002,SLE,OR,ANM,WE,Federal Contract Tower,0,0,10,0,10,0,0,70,0,70,0,0,80,0,80,4,0,4,84
06/17/2002,SLE,OR,ANM,WE,Federal Contract Tower,0,6,23,0,29,0,2,20,0,22,0,8,43,0,51,38,0,38,89
06/18/2002,SLE,OR,ANM,WE,Federal Contract Tower,0,3,33,0,36,0,2,59,2,63,0,5,92,2,99,52,0,52,151
06/19/2002,SLE,OR,ANM,WE,Federal Contract Tower,0,0,13,2,15,0,4,123,2,129,0,4,136,4,144,30,0,30,174
06/20/2002,SLE,OR,ANM,WE,Federal Contract Tower,0,1,22,0,23,0,3,130,4,137,0,4,152,4,160,46,0,46,206
06/21/2002,SLE,OR,ANM,WE,Federal Contract Tower,0,2,22,2,26,0,6,103,3,112,0,8,125,5,138,28,10,38,176
06/22/2002,SLE,OR,ANM,WE,Federal Contract Tower,0,0,36,3,39,0,0,127,11,138,0,0,163,14,177,48,6,54,231
06/23/2002,SLE,OR,ANM,WE,Federal Contract Tower,0,0,20,0,20,0,0,134,6,140,0,0,154,6,160,32,0,32,192
06/24/2002,SLE,OR,ANM,WE,Federal Contract Tower,0,2,25,5,32,0,2,86,2,90,0,4,111,7,122,40,0,40,162
06/25/2002,SLE,OR,ANM,WE,Federal Contract Tower,0,1,13,2,16,0,3,93,8,104,0,4,106,10,120,20,4,24,144
06/26/2002,SLE,OR,ANM,WE,Federal Contract Tower,0,6,26,4,36,0,2,118,14,134,0,8,144,18,170,42,6,48,218
06/27/2002,SLE,OR,ANM,WE,Federal Contract Tower,0,7,10,1,18,0,3,85,14,102,0,10,95,15,120,26,4,30,150
06/28/2002,SLE,OR,ANM,WE,Federal Contract Tower,0,5,32,2,39,0,1,36,0,37,0,6,68,2,76,52,0,52,128
06/29/2002,SLE,OR,ANM,WE,Federal Contract Tower,0,0,18,0,18,0,0,122,0,122,0,0,140,0,140,100,0,100,240
06/30/2002,SLE,OR,ANM,WE,Federal Contract Tower,0,0,11,0,11,0,0,112,0,112,0,0,123,0,123,36,0,36,159
07/01/2002,SLE,OR,ANM,WE,Federal Contract Tower,0,4,19,0,23,0,2,104,0,106,0,6,123,0,129,44,0,44,173
07/02/2002,SLE,OR,ANM,WE,Federal Contract Tower,0,2,18,0,20,0,4,106,6,116,0,6,124,6,136,60,0,60,196
07/03/2002,SLE,OR,ANM,WE,Federal Contract Tower,0,4,11,0,15,0,6,95,6,107,0,10,106,6,122,40,0,40,162
07/04/2002,SLE,OR,ANM,WE,Federal Contract Tower,0,0,5,0,5,0,0,67,0,67,0,0,72,0,72,48,0,48,120
07/05/2002,SLE,OR,ANM,WE,Federal Contract Tower,0,3,6,1,10,0,2,87,5,94,0,5,93,6,104,6,0,6,110
07/06/2002,SLE,OR,ANM,WE,Federal Contract Tower,0,0,8,0,8,0,0,132,0,132,0,0,140,0,140,54,0,54,194
07/07/2002,SLE,OR,ANM,WE,Federal Contract Tower,0,0,16,0,16,0,0,63,0,63,0,0,79,0,79,52,0,52,131
07/08/2002,SLE,OR,ANM,WE,Federal Contract Tower,0,2,12,0,14,0,2,72,0,74,0,4,84,0,88,20,0,20,108
07/09/2002,SLE,OR,ANM,WE,Federal Contract Tower,0,1,23,1,25,0,3,124,3,130,0,4,147,4,155,62,0,62,217
07/10/2002,SLE,OR,ANM,WE,Federal Contract Tower,0,2,15,3,20,0,2,80,0,82,0,4,95,3,102,26,0,26,128
07/11/2002,SLE,OR,ANM,WE,Federal Contract Tower,0,6,19,1,26,0,4,103,0,107,0,10,122,1,133,58,0,58,191
07/12/2002,SLE,OR,ANM,WE,Federal Contract Tower,0,4,15,2,21,0,4,88,2,94,0,8,103,4,115,14,0,14,129
07/13/2002,SLE,OR,ANM,WE,Federal Contract Tower,0,0,11,3,14,0,0,136,2,138,0,0,147,5,152,36,6,42,194
07/14/2002,SLE,OR,ANM,WE,Federal Contract Tower,0,0,10,2,12,0,0,149,5,154,0,0,159,7,166,22,0,22,188
07/15/2002,SLE,OR,ANM,WE,Federal Contract Tower,0,1,17,0,18,0,3,111,4,118,0,4,128,4,136,30,0,30,166
07/16/2002,SLE,OR,ANM,WE,Federal Contract Tower,0,3,9,6,18,0,3,123,2,128,0,6,132,8,146,32,0,32,178
07/17/2002,SLE,OR,ANM,WE,Federal Contract Tower,0,2,19,0,21,0,2,81,3,86,0,4,100,3,107,48,0,48,155
07/18/2002,SLE,OR,ANM,WE,Federal Contract Tower,0,1,27,1,29,0,3,74,3,80,0,4,101,4,109,62,0,62,171
07/19/2002,SLE,OR,ANM,WE,Federal Contract Tower,0,1,18,9,28,0,5,91,7,103,0,6,109,16,131,50,0,50,181
07/20/2002,SLE,OR,ANM,WE,Federal Contract Tower,0,0,9,2,11,0,0,135,3,138,0,0,144,5,149,26,0,26,175
07/21/2002,SLE,OR,ANM,WE,Federal Contract Tower,0,1,11,3,15,0,1,111,3,115,0,2,122,6,130,38,0,38,168
07/22/2002,SLE,OR,ANM,WE,Federal Contract Tower,0,2,10,9,21,0,2,69,1,72,0,4,79,10,93,30,4,34,127
07/23/2002,SLE,OR,ANM,WE,Federal Contract Tower,0,1,23,1,25,0,3,76,3,82,0,4,99,4,107,60,0,60,167
07/24/2002,SLE,OR,ANM,WE,Federal Contract Tower,0,2,14,5,21,0,4,107,0,111,0,6,121,5,132,82,0,82,214
07/25/2002,SLE,OR,ANM,WE,Federal Contract Tower,0,3,52,1,56,0,4,66,3,73,0,7,118,4,129,68,0,68,197
07/26/2002,SLE,OR,ANM,WE,Federal Contract Tower,0,5,36,1,42,0,5,63,8,76,0,10,99,9,118,50,2,52,170
07/27/2002,SLE,OR,ANM,WE,Federal Contract Tower,0,0,10,2,12,0,1,125,2,128,0,1,135,4,140,24,2,26,166
07/28/2002,SLE,OR,ANM,WE,Federal Contract Tower,0,0,4,2,6,0,0,111,1,112,0,0,115,3,118,78,0,78,196
07/29/2002,SLE,OR,ANM,WE,Federal Contract Tower,0,2,14,6,22,0,2,88,7,97,0,4,102,13,119,42,0,42,161
07/30/2002,SLE,OR,ANM,WE,Federal Contract Tower,0,1,27,5,33,0,3,90,5,98,0,4,117,10,131,82,4,86,217
07/31/2002,SLE,OR,ANM,WE,Federal Contract Tower,0,0,24,5,29,0,4,120,12,136,0,4,144,17,165,90,4,94,259
08/01/2002,SLE,OR,ANM,WE,Federal Contract Tower,0,1,18,2,21,0,3,137,6,146,0,4,155,8,167,134,4,138,305
08/02/2002,SLE,OR,ANM,WE,Federal Contract Tower,0,2,30,0,32,0,4,139,9,152,0,6,169,9,184,50,6,56,240
08/03/2002,SLE,OR,ANM,WE,Federal Contract Tower,0,0,10,2,12,0,0,108,5,113,0,0,118,7,125,12,8,20,145
08/04/2002,SLE,OR,ANM,WE,Federal Contract Tower,0,0,13,2,15,0,0,47,0,47,0,0,60,2,62,20,0,20,82
08/05/2002,SLE,OR,ANM,WE,Federal Contract Tower,0,1,23,1,25,0,4,71,6,81,0,5,94,7,106,32,0,32,138
08/06/2002,SLE,OR,ANM,WE,Federal Contract Tower,0,3,19,4,26,0,3,89,8,100,0,6,108,12,126,46,0,46,172
08/07/2002,SLE,OR,ANM,WE,Federal Contract Tower,0,1,19,4,24,0,3,119,6,128,0,4,138,10,152,20,4,24,176
08/08/2002,SLE,OR,ANM,WE,Federal Contract Tower,0,3,16,2,21,0,4,125,9,138,0,7,141,11,159,72,6,78,237
08/09/2002,SLE,OR,ANM,WE,Federal Contract Tower,0,2,13,2,17,0,7,92,8,107,0,9,105,10,124,36,0,36,160
08/10/2002,SLE,OR,ANM,WE,Federal Contract Tower,0,0,5,0,5,0,0,126,4,130,0,0,131,4,135,40,0,40,175
08/11/2002,SLE,OR,ANM,WE,Federal Contract Tower,0,1,7,0,8,0,0,119,2,121,0,1,126,2,129,10,0,10,139
08/12/2002,SLE,OR,ANM,WE,Federal Contract Tower,0,3,25,0,28,0,2,63,3,68,0,5,88,3,96,64,0,64,160
08/13/2002,SLE,OR,ANM,WE,Federal Contract Tower,0,4,11,2,17,0,3,96,2,101,0,7,107,4,118,26,0,26,144
08/14/2002,SLE,OR,ANM,WE,Federal Contract Tower,0,2,10,2,14,0,2,93,1,96,0,4,103,3,110,34,0,34,144
08/15/2002,SLE,OR,ANM,WE,Federal Contract Tower,0,4,6,2,12,0,2,115,4,121,0,6,121,6,133,54,2,56,189
08/16/2002,SLE,OR,ANM,WE,Federal Contract Tower,0,3,17,2,22,0,7,129,3,139,0,10,146,5,161,41,0,41,202
08/17/2002,SLE,OR,ANM,WE,Federal Contract Tower,0,0,10,0,10,0,0,120,2,122,0,0,130,2,132,60,0,60,192
08/18/2002,SLE,OR,ANM,WE,Federal Contract Tower,0,0,10,1,11,0,0,95,3,98,0,0,105,4,109,14,0,14,123
08/19/2002,SLE,OR,ANM,WE,Federal Contract Tower,0,1,3,0,4,0,5,99,8,112,0,6,102,8,116,64,0,64,180
08/20/2002,SLE,OR,ANM,WE,Federal Contract Tower,0,1,20,0,21,0,3,54,8,65,0,4,74,8,86,18,0,18,104
08/21/2002,SLE,OR,ANM,WE,Federal Contract Tower,0,1,23,2,26,0,3,90,5,98,0,4,113,7,124,48,2,50,174
08/22/2002,SLE,OR,ANM,WE,Federal Contract Tower,0,4,14,3,21,0,2,114,4,120,0,6,128,7,141,56,0,56,197
08/23/2002,SLE,OR,ANM,WE,Federal Contract Tower,0,2,7,0,9,0,4,103,8,115,0,6,110,8,124,62,0,62,186
08/24/2002,SLE,OR,ANM,WE,Federal Contract Tower,0,0,14,0,14,0,0,116,6,122,0,0,130,6,136,24,0,24,160
08/25/2002,SLE,OR,ANM,WE,Federal Contract Tower,0,0,13,2,15,0,0,96,5,101,0,0,109,7,116,20,0,20,136
08/26/2002,SLE,OR,ANM,WE,Federal Contract Tower,0,2,12,0,14,0,2,68,4,74,0,4,80,4,88,22,0,22,110
08/27/2002,SLE,OR,ANM,WE,Federal Contract Tower,0,4,4,2,10,0,4,82,3,89,0,8,86,5,99,32,0,32,131
08/28/2002,SLE,OR,ANM,WE,Federal Contract Tower,0,2,16,2,20,0,2,87,9,98,0,4,103,11,118,44,0,44,162
08/29/2002,SLE,OR,ANM,WE,Federal Contract Tower,0,0,12,0,12,0,4,114,6,124,0,4,126,6,136,74,0,74,210
08/30/2002,SLE,OR,ANM,WE,Federal Contract Tower,0,2,19,0,21,0,4,97,2,103,0,6,116,2,124,56,0,56,180
08/31/2002,SLE,OR,ANM,WE,Federal Contract Tower,0,0,10,0,10,0,0,124,0,124,0,0,134,0,134,32,0,32,166
09/01/2002,SLE,OR,ANM,WE,Federal Contract Tower,0,0,7,0,7,0,0,107,0,107,0,0,114,0,114,10,0,10,124
09/02/2002,SLE,OR,ANM,WE,Federal Contract Tower,0,0,12,0,12,0,1,129,0,130,0,1,141,0,142,28,0,28,170
09/03/2002,SLE,OR,ANM,WE,Federal Contract Tower,0,1,14,0,15,0,3,47,7,57,0,4,61,7,72,42,2,44,116
09/04/2002,SLE,OR,ANM,WE,Federal Contract Tower,0,3,14,0,17,0,1,104,8,113,0,4,118,8,130,92,0,92,222
09/05/2002,SLE,OR,ANM,WE,Federal Contract Tower,0,1,21,0,22,0,3,80,5,88,0,4,101,5,110,74,0,74,184
09/06/2002,SLE,OR,ANM,WE,Federal Contract Tower,0,2,13,0,15,0,4,108,10,122,0,6,121,10,137,52,22,74,211
09/07/2002,SLE,OR,ANM,WE,Federal Contract Tower,0,0,18,0,18,0,0,105,8,113,0,0,123,8,131,36,0,36,167
09/08/2002,SLE,OR,ANM,WE,Federal Contract Tower,0,0,10,3,13,0,0,104,6,110,0,0,114,9,123,36,10,46,169
09/09/2002,SLE,OR,ANM,WE,Federal Contract Tower,0,3,11,0,14,0,2,105,5,112,0,5,116,5,126,36,0,36,162
09/10/2002,SLE,OR,ANM,WE,Federal Contract Tower,0,1,32,3,36,0,3,120,16,139,0,4,152,19,175,60,0,60,235
09/11/2002,SLE,OR,ANM,WE,Federal Contract Tower,0,2,27,7,36,0,2,111,11,124,0,4,138,18,160,94,12,106,266
09/12/2002,SLE,OR,ANM,WE,Federal Contract Tower,0,3,32,2,37,0,3,129,10,142,0,6,161,12,179,56,0,56,235
09/13/2002,SLE,OR,ANM,WE,Federal Contract Tower,0,1,13,0,14,0,5,116,2,123,0,6,129,2,137,48,0,48,185
09/14/2002,SLE,OR,ANM,WE,Federal Contract Tower,0,0,9,0,9,0,0,144,4,148,0,0,153,4,157,28,0,28,185
09/15/2002,SLE,OR,ANM,WE,Federal Contract Tower,0,0,21,0,21,0,0,62,5,67,0,0,83,5,88,18,0,18,106
09/16/2002,SLE,OR,ANM,WE,Federal Contract Tower,0,4,50,2,56,0,0,22,7,29,0,4,72,9,85,68,2,70,155
09/17/2002,SLE,OR,ANM,WE,Federal Contract Tower,0,3,40,0,43,0,1,10,4,15,0,4,50,4,58,26,8,34,92
09/18/2002,SLE,OR,ANM,WE,Federal Contract Tower,0,2,31,1,34,0,2,67,4,73,0,4,98,5,107,36,2,38,145
09/19/2002,SLE,OR,ANM,WE,Federal Contract Tower,0,1,14,0,15,0,3,77,4,84,0,4,91,4,99,40,0,40,139
09/20/2002,SLE,OR,ANM,WE,Federal Contract Tower,0,1,17,1,19,0,5,95,9,109,0,6,112,10,128,38,0,38,166
09/21/2002,SLE,OR,ANM,WE,Federal Contract Tower,0,0,15,3,18,0,0,119,0,119,0,0,134,3,137,6,0,6,143
09/22/2002,SLE,OR,ANM,WE,Federal Contract Tower,0,0,16,1,17,0,0,112,0,112,0,0,128,1,129,46,0,46,175
09/23/2002,SLE,OR,ANM,WE,Federal Contract Tower,0,2,21,2,25,0,2,100,3,105,0,4,121,5,130,48,0,48,178
09/24/2002,SLE,OR,ANM,WE,Federal Contract Tower,0,1,20,7,28,0,3,86,7,96,0,4,106,14,124,40,4,44,168
09/25/2002,SLE,OR,ANM,WE,Federal Contract Tower,0,7,16,1,24,0,7,84,9,100,0,14,100,10,124,56,0,56,180
09/26/2002,SLE,OR,ANM,WE,Federal Contract Tower,0,2,19,2,23,0,4,88,3,95,0,6,107,5,118,38,0,38,156
09/27/2002,SLE,OR,ANM,WE,Federal Contract Tower,0,1,26,6,33,0,5,80,3,88,0,6,106,9,121,62,0,62,183
09/28/2002,SLE,OR,ANM,WE,Federal Contract Tower,0,3,21,2,26,0,0,165,1,166,0,3,186,3,192,52,2,54,246
09/29/2002,SLE,OR,ANM,WE,Federal Contract Tower,0,0,15,2,17,0,0,60,0,60,0,0,75,2,77,14,0,14,91
09/30/2002,SLE,OR,ANM,WE,Federal Contract Tower,0,2,10,0,12,0,6,43,1,50,0,8,53,1,62,24,14,38,100
10/01/2002,SLE,OR,ANM,WE,Federal Contract Tower,0,3,26,0,29,0,3,44,4,51,0,6,70,4,80,82,0,82,162
10/02/2002,SLE,OR,ANM,WE,Federal Contract Tower,0,5,25,1,31,0,3,85,2,90,0,8,110,3,121,44,0,44,165
10/03/2002,SLE,OR,ANM,WE,Federal Contract Tower,0,6,26,3,35,0,0,0,1,1,0,6,26,4,36,62,4,66,102
10/04/2002,SLE,OR,ANM,WE,Federal Contract Tower,0,1,27,5,33,0,5,32,0,37,0,6,59,5,70,40,0,40,110
10/05/2002,SLE,OR,ANM,WE,Federal Contract Tower,0,0,29,3,32,0,0,24,4,28,0,0,53,7,60,18,0,18,78
10/06/2002,SLE,OR,ANM,WE,Federal Contract Tower,0,0,25,3,28,0,1,111,6,118,0,1,136,9,146,26,12,38,184
10/07/2002,SLE,OR,ANM,WE,Federal Contract Tower,0,2,11,1,14,0,2,49,0,51,0,4,60,1,65,30,0,30,95
10/08/2002,SLE,OR,ANM,WE,Federal Contract Tower,0,1,34,4,39,0,4,61,4,69,0,5,95,8,108,60,0,60,168
10/09/2002,SLE,OR,ANM,WE,Federal Contract Tower,0,4,33,4,41,0,2,69,3,74,0,6,102,7,115,104,0,104,219
10/10/2002,SLE,OR,ANM,WE,Federal Contract Tower,0,2,26,5,33,0,4,46,7,57,0,6,72,12,90,58,0,58,148
10/11/2002,SLE,OR,ANM,WE,Federal Contract Tower,0,3,24,3,30,0,5,84,0,89,0,8,108,3,119,68,0,68,187
10/12/2002,SLE,OR,ANM,WE,Federal Contract Tower,0,0,25,2,27,0,2,120,0,122,0,2,145,2,149,68,2,70,219
10/13/2002,SLE,OR,ANM,WE,Federal Contract Tower,0,0,12,0,12,0,0,116,0,116,0,0,128,0,128,34,0,34,162
10/14/2002,SLE,OR,ANM,WE,Federal Contract Tower,0,0,11,0,11,0,2,73,2,77,0,2,84,2,88,20,0,20,108
10/15/2002,SLE,OR,ANM,WE,Federal Contract Tower,0,1,27,2,30,0,4,100,2,106,0,5,127,4,136,42,0,42,178
10/16/2002,SLE,OR,ANM,WE,Federal Contract Tower,0,3,27,1,31,0,3,113,3,119,0,6,140,4,150,66,0,66,216
10/17/2002,SLE,OR,ANM,WE,Federal Contract Tower,0,2,27,3,32,0,3,91,5,99,0,5,118,8,131,46,8,54,185
10/18/2002,SLE,OR,ANM,WE,Federal Contract Tower,0,3,24,1,28,0,3,54,4,61,0,6,78,5,89,84,2,86,175
10/19/2002,SLE,OR,ANM,WE,Federal Contract Tower,0,0,13,1,14,0,0,100,0,100,0,0,113,1,114,26,0,26,140
10/20/2002,SLE,OR,ANM,WE,Federal Contract Tower,0,4,14,2,20,0,0,48,0,48,0,4,62,2,68,10,0,10,78
10/21/2002,SLE,OR,ANM,WE,Federal Contract Tower,0,4,28,0,32,0,0,43,0,43,0,4,71,0,75,42,0,42,117
10/22/2002,SLE,OR,ANM,WE,Federal Contract Tower,0,2,27,0,29,0,4,34,4,42,0,6,61,4,71,44,0,44,115
10/23/2002,SLE,OR,ANM,WE,Federal Contract Tower,0,4,20,3,27,0,3,106,10,119,0,7,126,13,146,78,4,82,228
10/24/2002,SLE,OR,ANM,WE,Federal Contract Tower,0,3,41,0,44,0,2,45,3,50,0,5,86,3,94,56,12,68,162
10/25/2002,SLE,OR,ANM,WE,Federal Contract Tower,0,5,24,1,30,0,3,77,2,82,0,8,101,3,112,44,0,44,156
10/26/2002,SLE,OR,ANM,WE,Federal Contract Tower,0,0,19,0,19,0,0,84,0,84,0,0,103,0,103,46,0,46,149
10/27/2002,SLE,OR,ANM,WE,Federal Contract Tower,0,0,13,0,13,0,0,41,1,42,0,0,54,1,55,12,0,12,67
10/28/2002,SLE,OR,ANM,WE,Federal Contract Tower,0,4,32,0,36,0,1,25,0,26,0,5,57,0,62,30,0,30,92
10/29/2002,SLE,OR,ANM,WE,Federal Contract Tower,0,4,23,7,34,0,3,49,3,55,0,7,72,10,89,38,2,40,129
10/30/2002,SLE,OR,ANM,WE,Federal Contract Tower,0,2,21,2,25,0,2,63,2,67,0,4,84,4,92,36,0,36,128
10/31/2002,SLE,OR,ANM,WE,Federal Contract Tower,0,2,17,1,20,0,3,59,8,70,0,5,76,9,90,36,4,40,130
11/01/2002,SLE,OR,ANM,WE,Federal Contract Tower,0,5,21,0,26,0,1,80,3,84,0,6,101,3,110,70,0,70,180
11/02/2002,SLE,OR,ANM,WE,Federal Contract Tower,0,0,12,1,13,0,0,142,7,149,0,0,154,8,162,116,0,116,278
11/03/2002,SLE,OR,ANM,WE,Federal Contract Tower,0,0,12,7,19,0,0,105,10,115,0,0,117,17,134,38,10,48,182
11/04/2002,SLE,OR,ANM,WE,Federal Contract Tower,0,4,18,2,24,0,4,74,3,81,0,8,92,5,105,32,0,32,137
11/05/2002,SLE,OR,ANM,WE,Federal Contract Tower,0,2,22,6,30,0,2,54,9,65,0,4,76,15,95,50,2,52,147
11/06/2002,SLE,OR,ANM,WE,Federal Contract Tower,0,2,31,5,38,0,2,27,6,35,0,4,58,11,73,40,0,40,113
11/07/2002,SLE,OR,ANM,WE,Federal Contract Tower,0,4,17,6,27,0,0,8,1,9,0,4,25,7,36,10,6,16,52
11/08/2002,SLE,OR,ANM,WE,Federal Contract Tower,0,5,18,0,23,0,2,19,0,21,0,7,37,0,44,32,0,32,76
11/09/2002,SLE,OR,ANM,WE,Federal Contract Tower,0,0,15,0,15,0,0,0,0,0,0,0,15,0,15,88,0,88,103
11/10/2002,SLE,OR,ANM,WE,Federal Contract Tower,0,0,16,0,16,0,0,45,0,45,0,0,61,0,61,18,0,18,79
11/11/2002,SLE,OR,ANM,WE,Federal Contract Tower,0,2,18,0,20,0,0,41,2,43,0,2,59,2,63,16,0,16,79
11/12/2002,SLE,OR,ANM,WE,Federal Contract Tower,0,5,25,4,34,0,1,5,4,10,0,6,30,8,44,58,2,60,104
11/13/2002,SLE,OR,ANM,WE,Federal Contract Tower,0,5,21,4,30,0,1,36,4,41,0,6,57,8,71,44,0,44,115
11/14/2002,SLE,OR,ANM,WE,Federal Contract Tower,0,4,25,2,31,0,2,36,3,41,0,6,61,5,72,48,16,64,136
11/15/2002,SLE,OR,ANM,WE,Federal Contract Tower,0,4,24,3,31,0,3,28,2,33,0,7,52,5,64,36,0,36,100
11/16/2002,SLE,OR,ANM,WE,Federal Contract Tower,0,1,5,1,7,0,0,5,0,5,0,1,10,1,12,2,0,2,14
11/17/2002,SLE,OR,ANM,WE,Federal Contract Tower,0,6,22,3,31,0,0,58,0,58,0,6,80,3,89,30,0,30,119
11/18/2002,SLE,OR,ANM,WE,Federal Contract Tower,0,6,21,1,28,0,0,25,3,28,0,6,46,4,56,42,0,42,98
11/19/2002,SLE,OR,ANM,WE,Federal Contract Tower,0,5,25,0,30,0,0,45,0,45,0,5,70,0,75,68,0,68,143
11/20/2002,SLE,OR,ANM,WE,Federal Contract Tower,0,2,26,0,28,0,2,90,4,96,0,4,116,4,124,38,0,38,162
11/21/2002,SLE,OR,ANM,WE,Federal Contract Tower,0,7,21,1,29,0,0,0,0,0,0,7,21,1,29,4,0,4,33
11/22/2002,SLE,OR,ANM,WE,Federal Contract Tower,0,8,25,2,35,0,0,0,0,0,0,8,25,2,35,8,0,8,43
11/23/2002,SLE,OR,ANM,WE,Federal Contract Tower,0,0,27,0,27,0,0,37,0,37,0,0,64,0,64,34,0,34,98
11/24/2002,SLE,OR,ANM,WE,Federal Contract Tower,0,2,43,0,45,0,1,42,0,43,0,3,85,0,88,34,0,34,122
11/25/2002,SLE,OR,ANM,WE,Federal Contract Tower,0,3,16,1,20,0,2,96,9,107,0,5,112,10,127,74,0,74,201
11/26/2002,SLE,OR,ANM,WE,Federal Contract Tower,0,3,11,1,15,0,2,73,10,85,0,5,84,11,100,86,8,94,194
11/27/2002,SLE,OR,ANM,WE,Federal Contract Tower,0,3,16,2,21,0,4,114,1,119,0,7,130,3,140,56,0,56,196
11/28/2002,SLE,OR,ANM,WE,Federal Contract Tower,0,0,3,0,3,0,0,65,0,65,0,0,68,0,68,24,0,24,92
11/29/2002,SLE,OR,ANM,WE,Federal Contract Tower,0,3,13,0,16,0,4,114,0,118,0,7,127,0,134,88,0,88,222
11/30/2002,SLE,OR,ANM,WE,Federal Contract Tower,0,0,12,0,12,0,0,80,0,80,0,0,92,0,92,84,0,84,176
12/01/2002,SLE,OR,ANM,WE,Federal Contract Tower,0,1,31,0,32,0,0,8,0,8,0,1,39,0,40,4,0,4,44
12/02/2002,SLE,OR,ANM,WE,Federal Contract Tower,0,1,16,1,18,0,1,32,4,37,0,2,48,5,55,34,2,36,91
12/03/2002,SLE,OR,ANM,WE,Federal Contract Tower,0,3,26,0,29,0,0,0,0,0,0,3,26,0,29,12,0,12,41
12/04/2002,SLE,OR,ANM,WE,Federal Contract Tower,0,4,16,0,20,0,0,4,0,4,0,4,20,0,24,8,0,8,32
12/05/2002,SLE,OR,ANM,WE,Federal Contract Tower,0,2,21,4,27,0,3,74,0,77,0,5,95,4,104,62,4,66,170
12/06/2002,SLE,OR,ANM,WE,Federal Contract Tower,0,2,20,0,22,0,3,64,0,67,0,5,84,0,89,30,0,30,119
12/07/2002,SLE,OR,ANM,WE,Federal Contract Tower,0,0,19,5,24,0,0,86,0,86,0,0,105,5,110,22,0,22,132
12/08/2002,SLE,OR,ANM,WE,Federal Contract Tower,0,2,13,4,19,0,0,49,0,49,0,2,62,4,68,38,0,38,106
12/09/2002,SLE,OR,ANM,WE,Federal Contract Tower,0,4,15,1,20,0,0,16,9,25,0,4,31,10,45,12,4,16,61
12/10/2002,SLE,OR,ANM,WE,Federal Contract Tower,0,2,14,3,19,0,2,10,2,14,0,4,24,5,33,0,2,2,35
12/11/2002,SLE,OR,ANM,WE,Federal Contract Tower,0,5,26,1,32,0,0,2,3,5,0,5,28,4,37,18,6,24,61
12/12/2002,SLE,OR,ANM,WE,Federal Contract Tower,0,6,17,2,25,0,0,12,1,13,0,6,29,3,38,30,4,34,72
12/13/2002,SLE,OR,ANM,WE,Federal Contract Tower,0,10,27,0,37,0,2,10,0,12,0,12,37,0,49,56,0,56,105
12/14/2002,SLE,OR,ANM,WE,Federal Contract Tower,0,0,5,2,7,0,0,5,0,5,0,0,10,2,12,0,0,0,12
12/15/2002,SLE,OR,ANM,WE,Federal Contract Tower,0,0,15,0,15,0,0,9,0,9,0,0,24,0,24,34,0,34,58
12/16/2002,SLE,OR,ANM,WE,Federal Contract Tower,0,4,31,1,36,0,2,15,5,22,0,6,46,6,58,52,0,52,110
12/17/2002,SLE,OR,ANM,WE,Federal Contract Tower,0,4,14,4,22,0,2,8,1,11,0,6,22,5,33,34,0,34,67
12/18/2002,SLE,OR,ANM,WE,Federal Contract Tower,0,6,31,1,38,0,0,54,4,58,0,6,85,5,96,66,0,66,162
12/19/2002,SLE,OR,ANM,WE,Federal Contract Tower,0,7,18,2,27,0,3,44,2,49,0,10,62,4,76,38,6,44,120
12/20/2002,SLE,OR,ANM,WE,Federal Contract Tower,0,5,23,2,30,0,3,28,0,31,0,8,51,2,61,34,0,34,95
12/21/2002,SLE,OR,ANM,WE,Federal Contract Tower,0,0,20,0,20,0,0,20,0,20,0,0,40,0,40,36,0,36,76
12/22/2002,SLE,OR,ANM,WE,Federal Contract Tower,0,2,11,0,13,0,0,18,0,18,0,2,29,0,31,10,0,10,41
12/23/2002,SLE,OR,ANM,WE,Federal Contract Tower,0,4,27,0,31,0,2,34,0,36,0,6,61,0,67,50,0,50,117
12/24/2002,SLE,OR,ANM,WE,Federal Contract Tower,0,3,5,2,10,0,3,15,0,18,0,6,20,2,28,34,0,34,62
12/25/2002,SLE,OR,ANM,WE,Federal Contract Tower,0,2,3,0,5,0,0,13,0,13,0,2,16,0,18,0,0,0,18
12/26/2002,SLE,OR,ANM,WE,Federal Contract Tower,0,7,21,1,29,0,0,3,1,4,0,7,24,2,33,14,12,26,59
12/27/2002,SLE,OR,ANM,WE,Federal Contract Tower,0,5,6,0,11,0,1,13,0,14,0,6,19,0,25,16,0,16,41
12/28/2002,SLE,OR,ANM,WE,Federal Contract Tower,0,2,20,0,22,0,0,0,2,2,0,2,20,2,24,14,0,14,38
12/29/2002,SLE,OR,ANM,WE,Federal Contract Tower,0,0,10,0,10,0,0,141,0,141,0,0,151,0,151,44,0,44,195
12/30/2002,SLE,OR,ANM,WE,Federal Contract Tower,0,4,14,0,18,0,0,6,0,6,0,4,20,0,24,24,0,24,48
12/31/2002,SLE,OR,ANM,WE,Federal Contract Tower,0,5,18,0,23,0,4,51,0,55,0,9,69,0,78,34,0,34,112
01/01/2003,SLE,OR,ANM,WE,Federal Contract Tower,0,1,16,0,17,0,0,2,0,2,0,1,18,0,19,30,0,30,49
01/02/2003,SLE,OR,ANM,WE,Federal Contract Tower,0,7,16,0,23,0,3,2,0,5,0,10,18,0,28,10,0,10,38
01/03/2003,SLE,OR,ANM,WE,Federal Contract Tower,0,3,21,0,24,0,3,46,2,51,0,6,67,2,75,52,0,52,127
01/04/2003,SLE,OR,ANM,WE,Federal Contract Tower,0,1,12,0,13,0,0,11,0,11,0,1,23,0,24,28,0,28,52
01/05/2003,SLE,OR,ANM,WE,Federal Contract Tower,0,0,11,1,12,0,0,59,0,59,0,0,70,1,71,16,0,16,87
01/06/2003,SLE,OR,ANM,WE,Federal Contract Tower,0,5,26,0,31,0,1,99,2,102,0,6,125,2,133,54,0,54,187
01/07/2003,SLE,OR,ANM,WE,Federal Contract Tower,0,6,21,5,32,0,2,106,0,108,0,8,127,5,140,112,0,112,252
01/08/2003,SLE,OR,ANM,WE,Federal Contract Tower,0,3,22,3,28,0,5,94,2,101,0,8,116,5,129,76,0,76,205
01/09/2003,SLE,OR,ANM,WE,Federal Contract Tower,0,3,17,5,25,0,2,48,3,53,0,5,65,8,78,70,0,70,148
01/10/2003,SLE,OR,ANM,WE,Federal Contract Tower,0,4,17,2,23,0,4,89,1,94,0,8,106,3,117,24,6,30,147
01/11/2003,SLE,OR,ANM,WE,Federal Contract Tower,0,0,15,5,20,0,0,42,1,43,0,0,57,6,63,26,12,38,101
01/12/2003,SLE,OR,ANM,WE,Federal Contract Tower,0,0,28,5,33,0,0,19,3,22,0,0,47,8,55,12,0,12,67
01/13/2003,SLE,OR,ANM,WE,Federal Contract Tower,0,4,7,1,12,0,1,1,1,3,0,5,8,2,15,0,0,0,15
01/14/2003,SLE,OR,ANM,WE,Federal Contract Tower,0,5,15,0,20,0,0,5,0,5,0,5,20,0,25,16,0,16,41
01/15/2003,SLE,OR,ANM,WE,Federal Contract Tower,0,5,22,5,32,0,0,12,0,12,0,5,34,5,44,36,0,36,80
01/16/2003,SLE,OR,ANM,WE,Federal Contract Tower,0,8,22,4,34,0,2,55,3,60,0,10,77,7,94,48,0,48,142
01/17/2003,SLE,OR,ANM,WE,Federal Contract Tower,0,8,16,3,27,0,1,92,3,96,0,9,108,6,123,28,0,28,151
01/18/2003,SLE,OR,ANM,WE,Federal Contract Tower,0,0,21,0,21,0,0,121,0,121,0,0,142,0,142,70,0,70,212
01/19/2003,SLE,OR,ANM,WE,Federal Contract Tower,0,0,7,2,9,0,0,100,0,100,0,0,107,2,109,38,0,38,147
01/20/2003,SLE,OR,ANM,WE,Federal Contract Tower,0,4,17,0,21,0,1,18,0,19,0,5,35,0,40,42,0,42,82
01/21/2003,SLE,OR,ANM,WE,Federal Contract Tower,0,8,37,2,47,0,1,15,2,18,0,9,52,4,65,44,0,44,109
01/22/2003,SLE,OR,ANM,WE,Federal Contract Tower,0,9,13,0,22,0,0,6,2,8,0,9,19,2,30,6,0,6,36
01/23/2003,SLE,OR,ANM,WE,Federal Contract Tower,0,5,17,0,22,0,2,56,2,60,0,7,73,2,82,60,0,60,142
01/24/2003,SLE,OR,ANM,WE,Federal Contract Tower,0,6,21,6,33,0,2,18,1,21,0,8,39,7,54,4,0,4,58
01/25/2003,SLE,OR,ANM,WE,Federal Contract Tower,0,1,17,0,18,0,0,10,0,10,0,1,27,0,28,12,0,12,40
01/26/2003,SLE,OR,ANM,WE,Federal Contract Tower,0,0,7,0,7,0,0,12,0,12,0,0,19,0,19,20,0,20,39
01/27/2003,SLE,OR,ANM,WE,Federal Contract Tower,0,6,12,2,20,0,1,29,0,30,0,7,41,2,50,10,0,10,60
01/28/2003,SLE,OR,ANM,WE,Federal Contract Tower,0,4,14,3,21,0,0,2,1,3,0,4,16,4,24,4,0,4,28
01/29/2003,SLE,OR,ANM,WE,Federal Contract Tower,0,5,17,0,22,0,1,17,2,20,0,6,34,2,42,10,2,12,54
01/30/2003,SLE,OR,ANM,WE,Federal Contract Tower,0,6,10,0,16,0,1,3,2,6,0,7,13,2,22,12,2,14,36
01/31/2003,SLE,OR,ANM,WE,Federal Contract Tower,0,6,17,3,26,0,1,2,0,3,0,7,19,3,29,12,0,12,41
02/01/2003,SLE,OR,ANM,WE,Federal Contract Tower,0,0,5,0,5,0,0,23,0,23,0,0,28,0,28,22,0,22,50
02/02/2003,SLE,OR,ANM,WE,Federal Contract Tower,0,0,15,0,15,0,0,72,2,74,0,0,87,2,89,38,0,38,127
02/03/2003,SLE,OR,ANM,WE,Federal Contract Tower,0,7,8,0,15,0,1,32,2,35,0,8,40,2,50,46,0,46,96
02/04/2003,SLE,OR,ANM,WE,Federal Contract Tower,0,3,27,0,30,0,1,48,0,49,0,4,75,0,79,72,0,72,151
02/05/2003,SLE,OR,ANM,WE,Federal Contract Tower,0,6,16,3,25,0,1,63,7,71,0,7,79,10,96,36,10,46,142
02/06/2003,SLE,OR,ANM,WE,Federal Contract Tower,0,2,18,3,23,0,4,101,10,115,0,6,119,13,138,98,2,100,238
02/07/2003,SLE,OR,ANM,WE,Federal Contract Tower,0,4,34,0,38,0,2,122,7,131,0,6,156,7,169,62,0,62,231
02/08/2003,SLE,OR,ANM,WE,Federal Contract Tower,0,0,16,0,16,0,0,141,6,147,0,0,157,6,163,62,0,62,225
02/09/2003,SLE,OR,ANM,WE,Federal Contract Tower,0,2,16,0,18,0,0,98,3,101,0,2,114,3,119,20,0,20,139
02/10/2003,SLE,OR,ANM,WE,Federal Contract Tower,0,6,7,2,15,0,4,57,0,61,0,10,64,2,76,10,0,10,86
02/11/2003,SLE,OR,ANM,WE,Federal Contract Tower,0,3,18,3,24,0,1,68,7,76,0,4,86,10,100,20,2,22,122
02/12/2003,SLE,OR,ANM,WE,Federal Contract Tower,0,6,21,3,30,0,1,64,3,68,0,7,85,6,98,28,0,28,126
02/13/2003,SLE,OR,ANM,WE,Federal Contract Tower,0,4,26,4,34,0,0,37,4,41,0,4,63,8,75,32,0,32,107
02/14/2003,SLE,OR,ANM,WE,Federal Contract Tower,0,4,14,1,19,0,2,57,4,63,0,6,71,5,82,32,0,32,114
02/15/2003,SLE,OR,ANM,WE,Federal Contract Tower,0,1,15,0,16,0,0,11,0,11,0,1,26,0,27,14,0,14,41
02/16/2003,SLE,OR,ANM,WE,Federal Contract Tower,0,1,10,0,11,0,0,27,0,27,0,1,37,0,38,6,0,6,44
02/17/2003,SLE,OR,ANM,WE,Federal Contract Tower,0,3,10,0,13,0,0,12,4,16,0,3,22,4,29,6,0,6,35
02/18/2003,SLE,OR,ANM,WE,Federal Contract Tower,0,4,24,3,31,0,1,26,8,35,0,5,50,11,66,24,10,34,100
02/19/2003,SLE,OR,ANM,WE,Federal Contract Tower,0,4,24,3,31,0,0,20,2,22,0,4,44,5,53,8,0,8,61
02/20/2003,SLE,OR,ANM,WE,Federal Contract Tower,0,5,21,3,29,0,0,0,0,0,0,5,21,3,29,2,10,12,41
02/21/2003,SLE,OR,ANM,WE,Federal Contract Tower,0,6,13,0,19,0,0,13,2,15,0,6,26,2,34,2,0,2,36
02/22/2003,SLE,OR,ANM,WE,Federal Contract Tower,0,2,20,2,24,0,0,49,0,49,0,2,69,2,73,28,0,28,101
02/23/2003,SLE,OR,ANM,WE,Federal Contract Tower,0,1,8,1,10,0,0,77,1,78,0,1,85,2,88,14,0,14,102
02/24/2003,SLE,OR,ANM,WE,Federal Contract Tower,0,2,11,5,18,0,2,50,0,52,0,4,61,5,70,30,0,30,100
02/25/2003,SLE,OR,ANM,WE,Federal Contract Tower,0,8,22,0,30,0,2,98,2,102,0,10,120,2,132,36,0,36,168
02/26/2003,SLE,OR,ANM,WE,Federal Contract Tower,0,5,33,1,39,0,0,76,3,79,0,5,109,4,118,30,0,30,148
02/27/2003,SLE,OR,ANM,WE,Federal Contract Tower,0,3,24,2,29,0,2,61,4,67,0,5,85,6,96,52,10,62,158
02/28/2003,SLE,OR,ANM,WE,Federal Contract Tower,0,7,26,2,35,0,1,12,3,16,0,8,38,5,51,34,0,34,85
03/01/2003,SLE,OR,ANM,WE,Federal Contract Tower,0,0,18,0,18,0,1,60,0,61,0,1,78,0,79,12,0,12,91
03/02/2003,SLE,OR,ANM,WE,Federal Contract Tower,0,0,13,3,16,0,0,10,2,12,0,0,23,5,28,14,0,14,42
03/03/2003,SLE,OR,ANM,WE,Federal Contract Tower,0,5,15,4,24,0,0,13,2,15,0,5,28,6,39,16,2,18,57
03/04/2003,SLE,OR,ANM,WE,Federal Contract Tower,0,6,25,7,38,0,0,19,6,25,0,6,44,13,63,12,0,12,75
03/05/2003,SLE,OR,ANM,WE,Federal Contract Tower,0,8,18,4,30,0,0,8,0,8,0,8,26,4,38,12,0,12,50
03/06/2003,SLE,OR,ANM,WE,Federal Contract Tower,0,9,23,2,34,0,0,13,0,13,0,9,36,2,47,20,12,32,79
03/07/2003,SLE,OR,ANM,WE,Federal Contract Tower,0,7,18,5,30,0,0,1,3,4,0,7,19,8,34,14,0,14,48
03/08/2003,SLE,OR,ANM,WE,Federal Contract Tower,0,0,9,3,12,0,0,12,1,13,0,0,21,4,25,32,0,32,57
03/09/2003,SLE,OR,ANM,WE,Federal Contract Tower,0,1,18,0,19,0,0,9,0,9,0,1,27,0,28,10,0,10,38
03/10/2003,SLE,OR,ANM,WE,Federal Contract Tower,0,4,22,2,28,0,0,62,2,64,0,4,84,4,92,52,0,52,144
03/11/2003,SLE,OR,ANM,WE,Federal Contract Tower,0,6,29,2,37,0,0,18,2,20,0,6,47,4,57,12,0,12,69
03/12/2003,SLE,OR,ANM,WE,Federal Contract Tower,0,6,23,1,30,0,1,16,2,19,0,7,39,3,49,20,0,20,69
03/13/2003,SLE,OR,ANM,WE,Federal Contract Tower,0,5,10,3,18,0,0,9,0,9,0,5,19,3,27,2,0,2,29
03/14/2003,SLE,OR,ANM,WE,Federal Contract Tower,0,9,17,3,29,0,2,43,1,46,0,11,60,4,75,30,4,34,109
03/15/2003,SLE,OR,ANM,WE,Federal Contract Tower,0,0,12,0,12,0,0,67,6,73,0,0,79,6,85,34,2,36,121
03/16/2003,SLE,OR,ANM,WE,Federal Contract Tower,0,1,26,3,30,0,0,60,1,61,0,1,86,4,91,50,0,50,141
03/17/2003,SLE,OR,ANM,WE,Federal Contract Tower,0,7,27,4,38,0,4,56,1,61,0,11,83,5,99,50,0,50,149
03/18/2003,SLE,OR,ANM,WE,Federal Contract Tower,0,6,25,1,32,0,1,43,6,50,0,7,68,7,82,28,2,30,112
03/19/2003,SLE,OR,ANM,WE,Federal Contract Tower,0,11,22,1,34,0,2,28,6,36,0,13,50,7,70,8,0,8,78
03/20/2003,SLE,OR,ANM,WE,Federal Contract Tower,0,7,24,2,33,0,2,27,7,36,0,9,51,9,69,36,0,36,105
03/21/2003,SLE,OR,ANM,WE,Federal Contract Tower,0,10,24,1,35,0,1,6,2,9,0,11,30,3,44,14,0,14,58
03/22/2003,SLE,OR,ANM,WE,Federal Contract Tower,0,0,11,0,11,0,0,7,0,7,0,0,18,0,18,16,0,16,34
03/23/2003,SLE,OR,ANM,WE,Federal Contract Tower,0,0,14,1,15,0,0,49,0,49,0,0,63,1,64,28,0,28,92
03/24/2003,SLE,OR,ANM,WE,Federal Contract Tower,0,5,11,1,17,0,1,111,4,116,0,6,122,5,133,30,0,30,163
03/25/2003,SLE,OR,ANM,WE,Federal Contract Tower,0,4,29,1,34,0,0,26,4,30,0,4,55,5,64,20,0,20,84
03/26/2003,SLE,OR,ANM,WE,Federal Contract Tower,0,7,23,4,34,0,0,35,3,38,0,7,58,7,72,46,0,46,118
03/27/2003,SLE,OR,ANM,WE,Federal Contract Tower,0,9,31,4,44,0,3,22,4,29,0,12,53,8,73,130,2,132,205
03/28/2003,SLE,OR,ANM,WE,Federal Contract Tower,0,2,36,2,40,0,5,95,2,102,0,7,131,4,142,60,2,62,204
03/29/2003,SLE,OR,ANM,WE,Federal Contract Tower,0,0,30,1,31,0,0,155,0,155,0,0,185,1,186,58,0,58,244
03/30/2003,SLE,OR,ANM,WE,Federal Contract Tower,0,2,25,1,28,0,0,130,0,130,0,2,155,1,158,47,0,47,205
03/31/2003,SLE,OR,ANM,WE,Federal Contract Tower,0,6,27,0,33,0,0,37,0,37,0,6,64,0,70,58,0,58,128
04/01/2003,SLE,OR,ANM,WE,Federal Contract Tower,0,5,21,0,26,0,4,11,5,20,0,9,32,5,46,22,0,22,68
04/02/2003,SLE,OR,ANM,WE,Federal Contract Tower,0,7,27,5,39,0,1,7,1,9,0,8,34,6,48,16,0,16,64
04/03/2003,SLE,OR,ANM,WE,Federal Contract Tower,0,9,22,1,32,0,0,0,5,5,0,9,22,6,37,38,0,38,75
04/04/2003,SLE,OR,ANM,WE,Federal Contract Tower,0,4,28,0,32,0,4,15,0,19,0,8,43,0,51,32,0,32,83
04/05/2003,SLE,OR,ANM,WE,Federal Contract Tower,0,7,17,2,26,0,0,7,0,7,0,7,24,2,33,8,0,8,41
04/06/2003,SLE,OR,ANM,WE,Federal Contract Tower,0,0,5,0,5,0,0,33,1,34,0,0,38,1,39,6,0,6,45
04/07/2003,SLE,OR,ANM,WE,Federal Contract Tower,0,5,14,1,20,0,4,26,3,33,0,9,40,4,53,0,0,0,53
04/08/2003,SLE,OR,ANM,WE,Federal Contract Tower,0,2,19,1,22,0,5,55,10,70,0,7,74,11,92,18,4,22,114
04/09/2003,SLE,OR,ANM,WE,Federal Contract Tower,0,5,35,4,44,0,7,68,7,82,0,12,103,11,126,46,0,46,172
04/10/2003,SLE,OR,ANM,WE,Federal Contract Tower,0,8,41,5,54,0,3,4,2,9,0,11,45,7,63,40,0,40,103
04/11/2003,SLE,OR,ANM,WE,Federal Contract Tower,0,4,26,3,33,0,4,43,6,53,0,8,69,9,86,50,0,50,136
04/12/2003,SLE,OR,ANM,WE,Federal Contract Tower,0,1,15,2,18,0,0,24,0,24,0,1,39,2,42,14,0,14,56
04/13/2003,SLE,OR,ANM,WE,Federal Contract Tower,0,1,12,1,14,0,1,56,0,57,0,2,68,1,71,26,0,26,97
04/14/2003,SLE,OR,ANM,WE,Federal Contract Tower,0,5,35,1,41,0,0,28,0,28,0,5,63,1,69,38,0,38,107
04/15/2003,SLE,OR,ANM,WE,Federal Contract Tower,0,6,23,3,32,0,4,27,7,38,0,10,50,10,70,54,0,54,124
04/16/2003,SLE,OR,ANM,WE,Federal Contract Tower,0,4,35,1,40,0,1,61,3,65,0,5,96,4,105,24,6,30,135
04/17/2003,SLE,OR,ANM,WE,Federal Contract Tower,0,3,18,4,25,0,4,26,3,33,0,7,44,7,58,52,0,52,110
04/18/2003,SLE,OR,ANM,WE,Federal Contract Tower,0,3,35,1,39,0,5,80,0,85,0,8,115,1,124,36,0,36,160
04/19/2003,SLE,OR,ANM,WE,Federal Contract Tower,0,0,13,0,13,0,0,143,0,143,0,0,156,0,156,32,0,32,188
04/20/2003,SLE,OR,ANM,WE,Federal Contract Tower,0,0,22,0,22,0,0,50,0,50,0,0,72,0,72,30,0,30,102
04/21/2003,SLE,OR,ANM,WE,Federal Contract Tower,0,9,30,0,39,0,0,10,0,10,0,9,40,0,49,34,0,34,83
04/22/2003,SLE,OR,ANM,WE,Federal Contract Tower,0,4,19,1,24,0,5,63,2,70,0,9,82,3,94,36,0,36,130
04/23/2003,SLE,OR,ANM,WE,Federal Contract Tower,0,4,35,6,45,0,0,5,3,8,0,4,40,9,53,10,0,10,63
04/24/2003,SLE,OR,ANM,WE,Federal Contract Tower,0,11,18,2,31,0,0,24,3,27,0,11,42,5,58,12,0,12,70
04/25/2003,SLE,OR,ANM,WE,Federal Contract Tower,0,6,16,5,27,0,1,32,6,39,0,7,48,11,66,8,2,10,76
04/26/2003,SLE,OR,ANM,WE,Federal Contract Tower,0,0,16,0,16,0,0,39,0,39,0,0,55,0,55,12,0,12,67
04/27/2003,SLE,OR,ANM,WE,Federal Contract Tower,0,0,18,0,18,0,2,116,3,121,0,2,134,3,139,62,0,62,201
04/28/2003,SLE,OR,ANM,WE,Federal Contract Tower,0,5,15,1,21,0,1,39,3,43,0,6,54,4,64,36,0,36,100
04/29/2003,SLE,OR,ANM,WE,Federal Contract Tower,0,3,12,2,17,0,1,56,5,62,0,4,68,7,79,64,2,66,145
04/30/2003,SLE,OR,ANM,WE,Federal Contract Tower,0,4,17,2,23,0,0,66,6,72,0,4,83,8,95,120,2,122,217
05/01/2003,SLE,OR,ANM,WE,Federal Contract Tower,0,1,23,5,29,0,3,95,2,100,0,4,118,7,129,20,10,30,159
05/02/2003,SLE,OR,ANM,WE,Federal Contract Tower,0,1,9,0,10,0,5,111,0,116,0,6,120,0,126,26,0,26,152
05/03/2003,SLE,OR,ANM,WE,Federal Contract Tower,0,1,9,0,10,0,1,64,4,69,0,2,73,4,79,34,8,42,121
05/04/2003,SLE,OR,ANM,WE,Federal Contract Tower,0,0,9,0,9,0,0,13,0,13,0,0,22,0,22,0,0,0,22
05/05/2003,SLE,OR,ANM,WE,Federal Contract Tower,0,2,6,0,8,0,4,44,2,50,0,6,50,2,58,26,0,26,84
05/06/2003,SLE,OR,ANM,WE,Federal Contract Tower,0,3,16,1,20,0,1,65,4,70,0,4,81,5,90,30,0,30,120
05/07/2003,SLE,OR,ANM,WE,Federal Contract Tower,0,5,14,3,22,0,2,57,3,62,0,7,71,6,84,14,0,14,98
05/08/2003,SLE,OR,ANM,WE,Federal Contract Tower,0,6,13,1,20,0,3,51,4,58,0,9,64,5,78,26,0,26,104
05/09/2003,SLE,OR,ANM,WE,Federal Contract Tower,0,6,12,4,22,0,2,59,3,64,0,8,71,7,86,48,2,50,136
05/10/2003,SLE,OR,ANM,WE,Federal Contract Tower,0,0,16,0,16,0,0,100,0,100,0,0,116,0,116,36,0,36,152
05/11/2003,SLE,OR,ANM,WE,Federal Contract Tower,0,2,16,0,18,0,0,63,0,63,0,2,79,0,81,29,0,29,110
05/12/2003,SLE,OR,ANM,WE,Federal Contract Tower,0,2,11,6,19,0,2,71,1,74,0,4,82,7,93,48,2,50,143
05/13/2003,SLE,OR,ANM,WE,Federal Contract Tower,0,7,13,3,23,0,3,131,3,137,0,10,144,6,160,44,6,50,210
05/14/2003,SLE,OR,ANM,WE,Federal Contract Tower,0,6,23,2,31,0,0,83,7,90,0,6,106,9,121,110,2,112,233
05/15/2003,SLE,OR,ANM,WE,Federal Contract Tower,0,2,13,0,15,0,4,45,2,51,0,6,58,2,66,24,0,24,90
05/16/2003,SLE,OR,ANM,WE,Federal Contract Tower,0,7,16,0,23,0,3,23,0,26,0,10,39,0,49,34,0,34,83
05/17/2003,SLE,OR,ANM,WE,Federal Contract Tower,0,0,7,3,10,0,3,69,0,72,0,3,76,3,82,12,0,12,94
05/18/2003,SLE,OR,ANM,WE,Federal Contract Tower,0,0,9,0,9,0,0,94,5,99,0,0,103,5,108,46,0,46,154
05/19/2003,SLE,OR,ANM,WE,Federal Contract Tower,0,2,18,1,21,0,3,101,6,110,0,5,119,7,131,50,0,50,181
05/20/2003,SLE,OR,ANM,WE,Federal Contract Tower,0,1,21,0,22,0,3,71,5,79,0,4,92,5,101,16,6,22,123
05/21/2003,SLE,OR,ANM,WE,Federal Contract Tower,0,5,14,3,22,0,3,86,0,89,0,8,100,3,111,40,0,40,151
05/22/2003,SLE,OR,ANM,WE,Federal Contract Tower,0,4,24,0,28,0,4,92,4,100,0,8,116,4,128,54,2,56,184
05/23/2003,SLE,OR,ANM,WE,Federal Contract Tower,0,1,27,3,31,0,6,85,0,91,0,7,112,3,122,68,4,72,194
05/24/2003,SLE,OR,ANM,WE,Federal Contract Tower,0,0,11,2,13,0,0,56,0,56,0,0,67,2,69,26,0,26,95
05/25/2003,SLE,OR,ANM,WE,Federal Contract Tower,0,0,3,0,3,0,0,58,0,58,0,0,61,0,61,26,0,26,87
05/26/2003,SLE,OR,ANM,WE,Federal Contract Tower,0,0,2,0,2,0,0,116,3,119,0,0,118,3,121,16,0,16,137
05/27/2003,SLE,OR,ANM,WE,Federal Contract Tower,0,1,10,0,11,0,7,98,5,110,0,8,108,5,121,58,0,58,179
05/28/2003,SLE,OR,ANM,WE,Federal Contract Tower,0,3,12,0,15,0,4,89,4,97,0,7,101,4,112,58,4,62,174
05/29/2003,SLE,OR,ANM,WE,Federal Contract Tower,0,4,26,1,31,0,4,65,5,74,0,8,91,6,105,40,0,40,145
05/30/2003,SLE,OR,ANM,WE,Federal Contract Tower,0,4,33,1,38,0,4,14,1,19,0,8,47,2,57,54,0,54,111
05/31/2003,SLE,OR,ANM,WE,Federal Contract Tower,0,1,14,0,15,0,0,139,2,141,0,1,153,2,156,36,0,36,192
06/01/2003,SLE,OR,ANM,WE,Federal Contract Tower,0,0,5,2,7,0,0,118,7,125,0,0,123,9,132,23,0,23,155
06/02/2003,SLE,OR,ANM,WE,Federal Contract Tower,0,3,14,2,19,0,2,75,0,77,0,5,89,2,96,26,0,26,122
06/03/2003,SLE,OR,ANM,WE,Federal Contract Tower,0,0,17,0,17,0,4,113,9,126,0,4,130,9,143,28,0,28,171
06/04/2003,SLE,OR,ANM,WE,Federal Contract Tower,0,1,26,2,29,0,8,94,4,106,0,9,120,6,135,68,0,68,203
06/05/2003,SLE,OR,ANM,WE,Federal Contract Tower,0,4,16,0,20,0,6,97,2,105,0,10,113,2,125,56,0,56,181
06/06/2003,SLE,OR,ANM,WE,Federal Contract Tower,0,2,22,3,27,0,5,74,6,85,0,7,96,9,112,70,4,74,186
06/07/2003,SLE,OR,ANM,WE,Federal Contract Tower,0,1,8,5,14,0,1,121,4,126,0,2,129,9,140,12,0,12,152
06/08/2003,SLE,OR,ANM,WE,Federal Contract Tower,0,1,14,6,21,0,0,107,0,107,0,1,121,6,128,23,6,29,157
06/09/2003,SLE,OR,ANM,WE,Federal Contract Tower,0,2,6,2,10,0,1,55,3,59,0,3,61,5,69,54,0,54,123
06/10/2003,SLE,OR,ANM,WE,Federal Contract Tower,0,0,27,3,30,0,4,74,0,78,0,4,101,3,108,114,0,114,222
06/11/2003,SLE,OR,ANM,WE,Federal Contract Tower,0,0,22,3,25,0,4,94,8,106,0,4,116,11,131,66,8,74,205
06/12/2003,SLE,OR,ANM,WE,Federal Contract Tower,0,2,48,6,56,0,2,24,3,29,0,4,72,9,85,48,2,50,135
06/13/2003,SLE,OR,ANM,WE,Federal Contract Tower,0,3,27,4,34,0,4,30,1,35,0,7,57,5,69,54,0,54,123
06/14/2003,SLE,OR,ANM,WE,Federal Contract Tower,0,2,23,0,25,0,0,91,4,95,0,2,114,4,120,14,0,14,134
06/15/2003,SLE,OR,ANM,WE,Federal Contract Tower,0,0,6,0,6,0,0,96,0,96,0,0,102,0,102,80,0,80,182
06/16/2003,SLE,OR,ANM,WE,Federal Contract Tower,0,0,14,1,15,0,4,87,1,92,0,4,101,2,107,54,0,54,161
06/17/2003,SLE,OR,ANM,WE,Federal Contract Tower,0,0,16,6,22,0,4,97,3,104,0,4,113,9,126,44,6,50,176
06/18/2003,SLE,OR,ANM,WE,Federal Contract Tower,0,3,38,3,44,0,3,36,5,44,0,6,74,8,88,48,2,50,138
06/19/2003,SLE,OR,ANM,WE,Federal Contract Tower,0,5,30,6,41,0,1,60,3,64,0,6,90,9,105,56,12,68,173
06/20/2003,SLE,OR,ANM,WE,Federal Contract Tower,0,5,25,3,33,0,4,48,6,58,0,9,73,9,91,50,0,50,141
06/21/2003,SLE,OR,ANM,WE,Federal Contract Tower,0,0,18,1,19,0,0,41,2,43,0,0,59,3,62,18,0,18,80
06/22/2003,SLE,OR,ANM,WE,Federal Contract Tower,0,1,18,0,19,0,0,49,0,49,0,1,67,0,68,46,0,46,114
06/23/2003,SLE,OR,ANM,WE,Federal Contract Tower,0,0,15,0,15,0,4,60,3,67,0,4,75,3,82,58,8,66,148
06/24/2003,SLE,OR,ANM,WE,Federal Contract Tower,0,0,25,6,31,0,7,73,8,88,0,7,98,14,119,78,2,80,199
06/25/2003,SLE,OR,ANM,WE,Federal Contract Tower,0,1,24,4,29,0,4,104,7,115,0,5,128,11,144,44,0,44,188
06/26/2003,SLE,OR,ANM,WE,Federal Contract Tower,0,0,18,2,20,0,5,93,8,106,0,5,111,10,126,36,2,38,164
06/27/2003,SLE,OR,ANM,WE,Federal Contract Tower,0,3,16,4,23,0,6,126,3,135,0,9,142,7,158,12,0,12,170
06/28/2003,SLE,OR,ANM,WE,Federal Contract Tower,0,1,16,5,22,0,0,91,0,91,0,1,107,5,113,26,0,26,139
06/29/2003,SLE,OR,ANM,WE,Federal Contract Tower,0,0,16,0,16,0,0,74,2,76,0,0,90,2,92,14,2,16,108
06/30/2003,SLE,OR,ANM,WE,Federal Contract Tower,0,1,12,3,16,0,3,88,2,93,0,4,100,5,109,46,2,48,157
07/01/2003,SLE,OR,ANM,WE,Federal Contract Tower,0,3,15,4,22,0,3,66,10,79,0,6,81,14,101,30,4,34,135
07/02/2003,SLE,OR,ANM,WE,Federal Contract Tower,0,2,16,2,20,0,3,90,5,98,0,5,106,7,118,84,4,88,206
07/03/2003,SLE,OR,ANM,WE,Federal Contract Tower,0,3,10,0,13,0,3,128,8,139,0,6,138,8,152,28,0,28,180
07/04/2003,SLE,OR,ANM,WE,Federal Contract Tower,0,0,4,0,4,0,0,59,2,61,0,0,63,2,65,26,0,26,91
07/05/2003,SLE,OR,ANM,WE,Federal Contract Tower,0,0,6,0,6,0,0,94,1,95,0,0,100,1,101,25,0,25,126
07/06/2003,SLE,OR,ANM,WE,Federal Contract Tower,0,0,13,0,13,0,0,102,2,104,0,0,115,2,117,34,0,34,151
07/07/2003,SLE,OR,ANM,WE,Federal Contract Tower,0,1,9,0,10,0,4,66,0,70,0,5,75,0,80,28,0,28,108
07/08/2003,SLE,OR,ANM,WE,Federal Contract Tower,0,2,21,0,23,0,6,57,3,66,0,8,78,3,89,56,6,62,151
07/09/2003,SLE,OR,ANM,WE,Federal Contract Tower,0,0,20,0,20,0,4,83,2,89,0,4,103,2,109,69,0,69,178
07/10/2003,SLE,OR,ANM,WE,Federal Contract Tower,0,0,12,4,16,0,7,86,4,97,0,7,98,8,113,59,4,63,176
07/11/2003,SLE,OR,ANM,WE,Federal Contract Tower,0,1,19,2,22,0,5,111,6,122,0,6,130,8,144,36,0,36,180
07/12/2003,SLE,OR,ANM,WE,Federal Contract Tower,0,0,9,0,9,0,0,108,1,109,0,0,117,1,118,48,0,48,166
07/13/2003,SLE,OR,ANM,WE,Federal Contract Tower,0,0,12,4,16,0,0,78,2,80,0,0,90,6,96,8,0,8,104
07/14/2003,SLE,OR,ANM,WE,Federal Contract Tower,0,3,9,1,13,0,5,92,6,103,0,8,101,7,116,44,10,54,170
07/15/2003,SLE,OR,ANM,WE,Federal Contract Tower,0,1,24,4,29,0,3,76,2,81,0,4,100,6,110,88,8,96,206
07/16/2003,SLE,OR,ANM,WE,Federal Contract Tower,0,0,18,3,21,0,4,74,7,85,0,4,92,10,106,102,0,102,208
07/17/2003,SLE,OR,ANM,WE,Federal Contract Tower,0,0,18,3,21,0,4,89,5,98,0,4,107,8,119,62,0,62,181
07/18/2003,SLE,OR,ANM,WE,Federal Contract Tower,0,2,18,4,24,0,4,100,9,113,0,6,118,13,137,38,2,40,177
07/19/2003,SLE,OR,ANM,WE,Federal Contract Tower,0,0,16,2,18,0,0,99,4,103,0,0,115,6,121,54,0,54,175
07/20/2003,SLE,OR,ANM,WE,Federal Contract Tower,0,0,16,2,18,0,0,88,1,89,0,0,104,3,107,8,0,8,115
07/21/2003,SLE,OR,ANM,WE,Federal Contract Tower,0,0,19,5,24,0,4,58,2,64,0,4,77,7,88,66,2,68,156
07/22/2003,SLE,OR,ANM,WE,Federal Contract Tower,0,4,24,1,29,0,3,81,3,87,0,7,105,4,116,96,2,98,214
07/23/2003,SLE,OR,ANM,WE,Federal Contract Tower,0,3,14,2,19,0,3,96,6,105,0,6,110,8,124,91,1,92,216
07/24/2003,SLE,OR,ANM,WE,Federal Contract Tower,0,0,14,2,16,0,4,104,6,114,0,4,118,8,130,74,2,76,206
07/25/2003,SLE,OR,ANM,WE,Federal Contract Tower,0,6,16,3,25,0,4,77,7,88,0,10,93,10,113,50,0,50,163
07/26/2003,SLE,OR,ANM,WE,Federal Contract Tower,0,0,8,3,11,0,0,86,5,91,0,0,94,8,102,64,2,66,168
07/27/2003,SLE,OR,ANM,WE,Federal Contract Tower,0,0,14,2,16,0,0,99,0,99,0,0,113,2,115,66,0,66,181
07/28/2003,SLE,OR,ANM,WE,Federal Contract Tower,0,0,17,0,17,0,3,69,1,73,0,3,86,1,90,56,0,56,146
07/29/2003,SLE,OR,ANM,WE,Federal Contract Tower,0,0,20,0,20,0,4,82,6,92,0,4,102,6,112,66,0,66,178
07/30/2003,SLE,OR,ANM,WE,Federal Contract Tower,0,0,22,1,23,0,6,88,3,97,0,6,110,4,120,80,0,80,200
07/31/2003,SLE,OR,ANM,WE,Federal Contract Tower,0,2,17,2,21,0,6,79,11,96,0,8,96,13,117,54,2,56,173
08/01/2003,SLE,OR,ANM,WE,Federal Contract Tower,0,3,13,3,19,0,5,76,3,84,0,8,89,6,103,50,2,52,155
08/02/2003,SLE,OR,ANM,WE,Federal Contract Tower,0,2,8,0,10,0,0,89,7,96,0,2,97,7,106,62,0,62,168
08/03/2003,SLE,OR,ANM,WE,Federal Contract Tower,0,0,12,1,13,0,0,79,5,84,0,0,91,6,97,40,0,40,137
08/04/2003,SLE,OR,ANM,WE,Federal Contract Tower,0,5,18,2,25,0,4,82,7,93,0,9,100,9,118,68,0,68,186
08/05/2003,SLE,OR,ANM,WE,Federal Contract Tower,0,1,30,3,34,0,3,29,9,41,0,4,59,12,75,44,0,44,119
08/06/2003,SLE,OR,ANM,WE,Federal Contract Tower,0,2,22,3,27,0,5,73,4,82,0,7,95,7,109,35,0,35,144
08/07/2003,SLE,OR,ANM,WE,Federal Contract Tower,0,1,19,2,22,0,8,66,11,85,0,9,85,13,107,38,0,38,145
08/08/2003,SLE,OR,ANM,WE,Federal Contract Tower,0,2,30,2,34,0,8,68,3,79,0,10,98,5,113,96,8,104,217
08/09/2003,SLE,OR,ANM,WE,Federal Contract Tower,0,0,7,4,11,0,0,84,14,98,0,0,91,18,109,48,12,60,169
08/10/2003,SLE,OR,ANM,WE,Federal Contract Tower,0,0,4,0,4,0,0,93,6,99,0,0,97,6,103,34,0,34,137
08/11/2003,SLE,OR,ANM,WE,Federal Contract Tower,0,3,17,6,26,0,4,60,1,65,0,7,77,7,91,58,0,58,149
08/12/2003,SLE,OR,ANM,WE,Federal Contract Tower,0,8,27,5,40,0,4,93,3,100,0,12,120,8,140,68,0,68,208
08/13/2003,SLE,OR,ANM,WE,Federal Contract Tower,0,4,20,4,28,0,4,94,3,101,0,8,114,7,129,72,10,82,211
08/14/2003,SLE,OR,ANM,WE,Federal Contract Tower,0,2,24,2,28,0,5,79,5,89,0,7,103,7,117,32,0,32,149
08/15/2003,SLE,OR,ANM,WE,Federal Contract Tower,0,1,40,4,45,0,5,54,1,60,0,6,94,5,105,68,0,68,173
08/16/2003,SLE,OR,ANM,WE,Federal Contract Tower,0,2,12,4,18,0,0,123,0,123,0,2,135,4,141,66,0,66,207
08/17/2003,SLE,OR,ANM,WE,Federal Contract Tower,0,0,8,1,9,0,2,113,2,117,0,2,121,3,126,22,0,22,148
08/18/2003,SLE,OR,ANM,WE,Federal Contract Tower,0,3,12,1,16,0,5,69,7,81,0,8,81,8,97,46,0,46,143
08/19/2003,SLE,OR,ANM,WE,Federal Contract Tower,0,4,11,2,17,0,6,97,6,109,0,10,108,8,126,90,0,90,216
08/20/2003,SLE,OR,ANM,WE,Federal Contract Tower,0,2,35,4,41,0,7,99,2,108,0,9,134,6,149,82,11,93,242
08/21/2003,SLE,OR,ANM,WE,Federal Contract Tower,0,1,18,4,23,0,6,98,6,110,0,7,116,10,133,43,1,44,177
08/22/2003,SLE,OR,ANM,WE,Federal Contract Tower,0,5,20,0,25,0,3,66,4,73,0,8,86,4,98,50,0,50,148
08/23/2003,SLE,OR,ANM,WE,Federal Contract Tower,0,1,16,2,19,0,1,102,0,103,0,2,118,2,122,44,0,44,166
08/24/2003,SLE,OR,ANM,WE,Federal Contract Tower,0,2,9,0,11,0,0,108,2,110,0,2,117,2,121,24,0,24,145
08/25/2003,SLE,OR,ANM,WE,Federal Contract Tower,0,3,13,0,16,0,5,72,7,84,0,8,85,7,100,26,0,26,126
08/26/2003,SLE,OR,ANM,WE,Federal Contract Tower,0,2,37,3,42,0,4,60,13,77,0,6,97,16,119,70,0,70,189
08/27/2003,SLE,OR,ANM,WE,Federal Contract Tower,0,3,21,0,24,0,4,105,11,120,0,7,126,11,144,88,0,88,232
08/28/2003,SLE,OR,ANM,WE,Federal Contract Tower,0,6,21,6,33,0,5,88,5,98,0,11,109,11,131,52,0,52,183
08/29/2003,SLE,OR,ANM,WE,Federal Contract Tower,0,2,13,0,15,0,6,118,4,128,0,8,131,4,143,12,0,12,155
08/30/2003,SLE,OR,ANM,WE,Federal Contract Tower,0,1,6,1,8,0,2,136,2,140,0,3,142,3,148,34,0,34,182
08/31/2003,SLE,OR,ANM,WE,Federal Contract Tower,0,0,3,0,3,0,0,87,2,89,0,0,90,2,92,4,0,4,96
09/01/2003,SLE,OR,ANM,WE,Federal Contract Tower,0,2,7,0,9,0,1,136,3,140,0,3,143,3,149,56,0,56,205
09/02/2003,SLE,OR,ANM,WE,Federal Contract Tower,0,6,24,0,30,0,4,72,9,85,0,10,96,9,115,52,0,52,167
09/03/2003,SLE,OR,ANM,WE,Federal Contract Tower,0,1,19,3,23,0,5,67,16,88,0,6,86,19,111,78,14,92,203
09/04/2003,SLE,OR,ANM,WE,Federal Contract Tower,0,5,13,3,21,0,1,110,11,122,0,6,123,14,143,36,0,36,179
09/05/2003,SLE,OR,ANM,WE,Federal Contract Tower,0,3,13,2,18,0,4,107,7,118,0,7,120,9,136,68,0,68,204
09/06/2003,SLE,OR,ANM,WE,Federal Contract Tower,0,0,18,4,22,0,0,136,1,137,0,0,154,5,159,40,0,40,199
09/07/2003,SLE,OR,ANM,WE,Federal Contract Tower,0,0,47,4,51,0,0,28,2,30,0,0,75,6,81,70,0,70,151
09/08/2003,SLE,OR,ANM,WE,Federal Contract Tower,0,3,24,2,29,0,3,48,5,56,0,6,72,7,85,24,0,24,109
09/09/2003,SLE,OR,ANM,WE,Federal Contract Tower,0,3,40,4,47,0,3,0,1,4,0,6,40,5,51,44,0,44,95
09/10/2003,SLE,OR,ANM,WE,Federal Contract Tower,0,6,17,3,26,0,1,28,0,29,0,7,45,3,55,42,0,42,97
09/11/2003,SLE,OR,ANM,WE,Federal Contract Tower,0,5,12,6,23,0,5,45,5,55,0,10,57,11,78,36,0,36,114
09/12/2003,SLE,OR,ANM,WE,Federal Contract Tower,0,0,13,4,17,0,5,123,7,135,0,5,136,11,152,74,3,77,229
09/13/2003,SLE,OR,ANM,WE,Federal Contract Tower,0,2,13,1,16,0,0,142,11,153,0,2,155,12,169,116,10,126,295
09/14/2003,SLE,OR,ANM,WE,Federal Contract Tower,0,1,25,0,26,0,0,118,3,121,0,1,143,3,147,64,0,64,211
09/15/2003,SLE,OR,ANM,WE,Federal Contract Tower,0,2,27,4,33,0,4,50,1,55,0,6,77,5,88,92,0,92,180
09/16/2003,SLE,OR,ANM,WE,Federal Contract Tower,0,6,40,3,49,0,6,16,6,28,0,12,56,9,77,72,0,72,149
09/17/2003,SLE,OR,ANM,WE,Federal Contract Tower,0,3,23,4,30,0,2,65,4,71,0,5,88,8,101,100,16,116,217
09/18/2003,SLE,OR,ANM,WE,Federal Contract Tower,0,2,23,2,27,0,5,83,9,97,0,7,106,11,124,82,7,89,213
09/19/2003,SLE,OR,ANM,WE,Federal Contract Tower,0,0,15,2,17,0,8,88,11,107,0,8,103,13,124,62,12,74,198
09/20/2003,SLE,OR,ANM,WE,Federal Contract Tower,0,0,7,0,7,0,0,131,2,133,0,0,138,2,140,110,0,110,250
09/21/2003,SLE,OR,ANM,WE,Federal Contract Tower,0,0,7,1,8,0,0,80,0,80,0,0,87,1,88,30,0,30,118
09/22/2003,SLE,OR,ANM,WE,Federal Contract Tower,0,2,29,4,35,0,4,45,6,55,0,6,74,10,90,30,0,30,120
09/23/2003,SLE,OR,ANM,WE,Federal Contract Tower,0,2,12,0,14,0,3,96,7,106,0,5,108,7,120,74,0,74,194
09/24/2003,SLE,OR,ANM,WE,Federal Contract Tower,0,2,24,8,34,0,4,73,0,77,0,6,97,8,111,42,0,42,153
09/25/2003,SLE,OR,ANM,WE,Federal Contract Tower,0,2,37,2,41,0,4,82,9,95,0,6,119,11,136,78,2,80,216
09/26/2003,SLE,OR,ANM,WE,Federal Contract Tower,0,2,24,3,29,0,5,106,3,114,0,7,130,6,143,60,0,60,203
09/27/2003,SLE,OR,ANM,WE,Federal Contract Tower,0,0,6,0,6,0,0,91,2,93,0,0,97,2,99,38,0,38,137
09/28/2003,SLE,OR,ANM,WE,Federal Contract Tower,0,0,6,0,6,0,0,107,0,107,0,0,113,0,113,12,0,12,125
09/29/2003,SLE,OR,ANM,WE,Federal Contract Tower,0,2,16,2,20,0,3,31,6,40,0,5,47,8,60,58,4,62,122
09/30/2003,SLE,OR,ANM,WE,Federal Contract Tower,0,2,15,2,19,0,5,41,0,46,0,7,56,2,65,32,0,32,97
10/01/2003,SLE,OR,ANM,WE,Federal Contract Tower,0,4,25,3,32,0,0,76,3,79,0,4,101,6,111,38,0,38,149
10/02/2003,SLE,OR,ANM,WE,Federal Contract Tower,0,5,32,2,39,0,3,21,0,24,0,8,53,2,63,54,0,54,117
10/03/2003,SLE,OR,ANM,WE,Federal Contract Tower,0,3,25,2,30,0,4,46,0,50,0,7,71,2,80,66,0,66,146
10/04/2003,SLE,OR,ANM,WE,Federal Contract Tower,0,5,35,2,42,0,1,3,0,4,0,6,38,2,46,16,0,16,62
10/05/2003,SLE,OR,ANM,WE,Federal Contract Tower,0,0,19,2,21,0,0,41,0,41,0,0,60,2,62,58,0,58,120
10/06/2003,SLE,OR,ANM,WE,Federal Contract Tower,0,2,11,2,15,0,3,33,0,36,0,5,44,2,51,86,8,94,145
10/07/2003,SLE,OR,ANM,WE,Federal Contract Tower,0,3,21,3,27,0,1,46,9,56,0,4,67,12,83,70,17,87,170
10/08/2003,SLE,OR,ANM,WE,Federal Contract Tower,0,2,12,2,16,0,2,6,7,15,0,4,18,9,31,12,6,18,49
10/09/2003,SLE,OR,ANM,WE,Federal Contract Tower,0,4,27,4,35,0,4,16,8,28,0,8,43,12,63,58,0,58,121
10/10/2003,SLE,OR,ANM,WE,Federal Contract Tower,0,3,20,3,26,0,3,55,4,62,0,6,75,7,88,34,6,40,128
10/11/2003,SLE,OR,ANM,WE,Federal Contract Tower,0,0,7,0,7,0,0,3,0,3,0,0,10,0,10,6,0,6,16
10/12/2003,SLE,OR,ANM,WE,Federal Contract Tower,0,0,12,0,12,0,0,24,0,24,0,0,36,0,36,52,0,52,88
10/13/2003,SLE,OR,ANM,WE,Federal Contract Tower,0,1,9,0,10,0,1,61,0,62,0,2,70,0,72,22,0,22,94
10/14/2003,SLE,OR,ANM,WE,Federal Contract Tower,0,3,21,3,27,0,1,58,2,61,0,4,79,5,88,70,0,70,158
10/15/2003,SLE,OR,ANM,WE,Federal Contract Tower,0,4,29,4,37,0,2,19,2,23,0,6,48,6,60,52,4,56,116
10/16/2003,SLE,OR,ANM,WE,Federal Contract Tower,0,4,25,4,33,0,0,27,5,32,0,4,52,9,65,28,2,30,95
10/17/2003,SLE,OR,ANM,WE,Federal Contract Tower,0,2,13,2,17,0,4,42,3,49,0,6,55,5,66,34,2,36,102
10/18/2003,SLE,OR,ANM,WE,Federal Contract Tower,0,0,9,2,11,0,0,83,1,84,0,0,92,3,95,82,0,82,177
10/19/2003,SLE,OR,ANM,WE,Federal Contract Tower,0,0,7,0,7,0,0,60,1,61,0,0,67,1,68,58,0,58,126
10/20/2003,SLE,OR,ANM,WE,Federal Contract Tower,0,2,14,1,17,0,2,34,4,40,0,4,48,5,57,30,4,34,91
10/21/2003,SLE,OR,ANM,WE,Federal Contract Tower,0,4,31,4,39,0,4,126,8,138,0,8,157,12,177,138,6,144,321
10/22/2003,SLE,OR,ANM,WE,Federal Contract Tower,0,4,29,3,36,0,3,24,10,37,0,7,53,13,73,30,28,58,131
10/23/2003,SLE,OR,ANM,WE,Federal Contract Tower,0,3,23,2,28,0,5,77,6,88,0,8,100,8,116,80,0,80,196
10/24/2003,SLE,OR,ANM,WE,Federal Contract Tower,0,4,26,3,33,0,4,91,9,104,0,8,117,12,137,46,0,46,183
10/25/2003,SLE,OR,ANM,WE,Federal Contract Tower,0,0,11,0,11,0,0,119,0,119,0,0,130,0,130,48,0,48,178
10/26/2003,SLE,OR,ANM,WE,Federal Contract Tower,0,0,6,0,6,0,0,147,1,148,0,0,153,1,154,18,0,18,172
10/27/2003,SLE,OR,ANM,WE,Federal Contract Tower,0,2,16,2,20,0,2,91,2,95,0,4,107,4,115,44,0,44,159
10/28/2003,SLE,OR,ANM,WE,Federal Contract Tower,0,3,20,2,25,0,1,25,1,27,0,4,45,3,52,10,0,10,62
10/29/2003,SLE,OR,ANM,WE,Federal Contract Tower,0,1,8,1,10,0,3,17,2,22,0,4,25,3,32,32,0,32,64
10/30/2003,SLE,OR,ANM,WE,Federal Contract Tower,0,2,17,2,21,0,3,60,0,63,0,5,77,2,84,22,0,22,106
10/31/2003,SLE,OR,ANM,WE,Federal Contract Tower,0,3,15,1,19,0,3,44,10,57,0,6,59,11,76,16,0,16,92
11/01/2003,SLE,OR,ANM,WE,Federal Contract Tower,0,0,9,1,10,0,0,113,1,114,0,0,122,2,124,76,0,76,200
11/02/2003,SLE,OR,ANM,WE,Federal Contract Tower,0,0,6,0,6,0,0,5,2,7,0,0,11,2,13,14,0,14,27
11/03/2003,SLE,OR,ANM,WE,Federal Contract Tower,0,4,23,3,30,0,4,66,4,74,0,8,89,7,104,40,0,40,144
11/04/2003,SLE,OR,ANM,WE,Federal Contract Tower,0,5,24,3,32,0,1,36,6,43,0,6,60,9,75,50,0,50,125
11/05/2003,SLE,OR,ANM,WE,Federal Contract Tower,0,6,34,4,44,0,0,47,5,52,0,6,81,9,96,54,2,56,152
11/06/2003,SLE,OR,ANM,WE,Federal Contract Tower,0,4,20,3,27,0,2,94,9,105,0,6,114,12,132,114,10,124,256
11/07/2003,SLE,OR,ANM,WE,Federal Contract Tower,0,3,16,3,22,0,3,36,1,40,0,6,52,4,62,46,0,46,108
11/08/2003,SLE,OR,ANM,WE,Federal Contract Tower,0,1,6,1,8,0,0,114,1,115,0,1,120,2,123,44,0,44,167
11/09/2003,SLE,OR,ANM,WE,Federal Contract Tower,0,0,12,0,12,0,0,61,0,61,0,0,73,0,73,80,0,80,153
11/10/2003,SLE,OR,ANM,WE,Federal Contract Tower,0,2,15,2,19,0,2,17,0,19,0,4,32,2,38,28,0,28,66
11/11/2003,SLE,OR,ANM,WE,Federal Contract Tower,0,2,12,2,16,0,5,41,0,46,0,7,53,2,62,34,0,34,96
11/12/2003,SLE,OR,ANM,WE,Federal Contract Tower,0,2,15,1,18,0,4,45,0,49,0,6,60,1,67,28,0,28,95
11/13/2003,SLE,OR,ANM,WE,Federal Contract Tower,0,4,24,4,32,0,4,110,8,122,0,8,134,12,154,46,0,46,200
11/14/2003,SLE,OR,ANM,WE,Federal Contract Tower,0,4,19,2,25,0,2,36,0,38,0,6,55,2,63,50,16,66,129
11/15/2003,SLE,OR,ANM,WE,Federal Contract Tower,0,0,27,0,27,0,0,12,0,12,0,0,39,0,39,38,10,48,87
11/16/2003,SLE,OR,ANM,WE,Federal Contract Tower,0,0,7,0,7,0,0,0,0,0,0,0,7,0,7,14,0,14,21
11/17/2003,SLE,OR,ANM,WE,Federal Contract Tower,0,4,19,2,25,0,0,3,0,3,0,4,22,2,28,56,0,56,84
11/18/2003,SLE,OR,ANM,WE,Federal Contract Tower,0,3,16,3,22,0,3,0,6,9,0,6,16,9,31,22,0,22,53
11/19/2003,SLE,OR,ANM,WE,Federal Contract Tower,0,4,9,2,15,0,5,0,11,16,0,9,9,13,31,2,0,2,33
11/20/2003,SLE,OR,ANM,WE,Federal Contract Tower,0,4,27,3,34,0,2,3,5,10,0,6,30,8,44,30,0,30,74
11/21/2003,SLE,OR,ANM,WE,Federal Contract Tower,0,5,27,3,35,0,1,14,4,19,0,6,41,7,54,14,2,16,70
11/22/2003,SLE,OR,ANM,WE,Federal Contract Tower,0,0,14,1,15,0,0,68,1,69,0,0,82,2,84,84,0,84,168
11/23/2003,SLE,OR,ANM,WE,Federal Contract Tower,0,2,12,1,15,0,0,130,0,130,0,2,142,1,145,56,0,56,201
11/24/2003,SLE,OR,ANM,WE,Federal Contract Tower,0,3,24,3,30,0,1,38,3,42,0,4,62,6,72,28,0,28,100
11/25/2003,SLE,OR,ANM,WE,Federal Contract Tower,0,4,26,2,32,0,4,5,0,9,0,8,31,2,41,14,0,14,55
11/26/2003,SLE,OR,ANM,WE,Federal Contract Tower,0,3,19,0,22,0,3,41,0,44,0,6,60,0,66,52,0,52,118
11/27/2003,SLE,OR,ANM,WE,Federal Contract Tower,0,0,3,0,3,0,3,17,0,20,0,3,20,0,23,10,0,10,33
11/28/2003,SLE,OR,ANM,WE,Federal Contract Tower,0,1,10,1,12,0,4,41,0,45,0,5,51,1,57,14,0,14,71
11/29/2003,SLE,OR,ANM,WE,Federal Contract Tower,0,0,10,1,11,0,0,11,3,14,0,0,21,4,25,20,4,24,49
11/30/2003,SLE,OR,ANM,WE,Federal Contract Tower,0,0,30,0,30,0,0,51,0,51,0,0,81,0,81,92,0,92,173
12/01/2003,SLE,OR,ANM,WE,Federal Contract Tower,0,4,20,0,24,0,2,0,0,2,0,6,20,0,26,12,0,12,38
12/02/2003,SLE,OR,ANM,WE,Federal Contract Tower,0,4,28,3,35,0,5,7,14,26,0,9,35,17,61,34,2,36,97
12/03/2003,SLE,OR,ANM,WE,Federal Contract Tower,0,5,22,2,29,0,2,64,4,70,0,7,86,6,99,64,12,76,175
12/04/2003,SLE,OR,ANM,WE,Federal Contract Tower,0,2,13,2,17,0,4,2,0,6,0,6,15,2,23,28,0,28,51
12/05/2003,SLE,OR,ANM,WE,Federal Contract Tower,0,5,24,2,31,0,2,0,7,9,0,7,24,9,40,24,0,24,64
12/06/2003,SLE,OR,ANM,WE,Federal Contract Tower,0,1,11,1,13,0,0,109,3,112,0,1,120,4,125,80,2,82,207
12/07/2003,SLE,OR,ANM,WE,Federal Contract Tower,0,0,17,2,19,0,0,0,0,0,0,0,17,2,19,32,0,32,51
12/08/2003,SLE,OR,ANM,WE,Federal Contract Tower,0,4,21,1,26,0,0,58,0,58,0,4,79,1,84,36,0,36,120
12/09/2003,SLE,OR,ANM,WE,Federal Contract Tower,0,4,20,2,26,0,0,7,6,13,0,4,27,8,39,12,2,14,53
12/10/2003,SLE,OR,ANM,WE,Federal Contract Tower,0,5,23,2,30,0,3,6,6,15,0,8,29,8,45,16,2,18,63
12/11/2003,SLE,OR,ANM,WE,Federal Contract Tower,0,4,24,2,30,0,0,30,9,39,0,4,54,11,69,58,0,58,127
12/12/2003,SLE,OR,ANM,WE,Federal Contract Tower,0,4,20,2,26,0,2,14,4,20,0,6,34,6,46,18,6,24,70
12/13/2003,SLE,OR,ANM,WE,Federal Contract Tower,0,0,12,2,14,0,0,0,0,0,0,0,12,2,14,20,0,20,34
12/14/2003,SLE,OR,ANM,WE,Federal Contract Tower,0,0,16,1,17,0,0,28,0,28,0,0,44,1,45,62,0,62,107
12/15/2003,SLE,OR,ANM,WE,Federal Contract Tower,0,4,18,2,24,0,2,71,6,79,0,6,89,8,103,18,14,32,135
12/16/2003,SLE,OR,ANM,WE,Federal Contract Tower,0,6,28,3,37,0,0,9,0,9,0,6,37,3,46,44,2,46,92
12/17/2003,SLE,OR,ANM,WE,Federal Contract Tower,0,5,22,2,29,0,3,44,2,49,0,8,66,4,78,88,2,90,168
12/18/2003,SLE,OR,ANM,WE,Federal Contract Tower,0,5,26,2,33,0,3,89,2,94,0,8,115,4,127,54,0,54,181
12/19/2003,SLE,OR,ANM,WE,Federal Contract Tower,0,5,26,2,33,0,1,39,6,46,0,6,65,8,79,52,18,70,149
12/20/2003,SLE,OR,ANM,WE,Federal Contract Tower,0,0,8,0,8,0,0,48,0,48,0,0,56,0,56,84,0,84,140
12/21/2003,SLE,OR,ANM,WE,Federal Contract Tower,0,0,10,0,10,0,0,7,0,7,0,0,17,0,17,4,0,4,21
12/22/2003,SLE,OR,ANM,WE,Federal Contract Tower,0,4,21,1,26,0,5,38,2,45,0,9,59,3,71,36,0,36,107
12/23/2003,SLE,OR,ANM,WE,Federal Contract Tower,0,3,16,1,20,0,4,28,5,37,0,7,44,6,57,24,0,24,81
12/24/2003,SLE,OR,ANM,WE,Federal Contract Tower,0,1,7,0,8,0,5,1,0,6,0,6,8,0,14,12,0,12,26
12/25/2003,SLE,OR,ANM,WE,Federal Contract Tower,0,0,2,0,2,0,0,9,0,9,0,0,11,0,11,0,0,0,11
12/26/2003,SLE,OR,ANM,WE,Federal Contract Tower,0,3,13,0,16,0,3,0,0,3,0,6,13,0,19,6,0,6,25
12/27/2003,SLE,OR,ANM,WE,Federal Contract Tower,0,2,11,0,13,0,0,4,3,7,0,2,15,3,20,28,0,28,48
12/28/2003,SLE,OR,ANM,WE,Federal Contract Tower,0,0,7,0,7,0,0,1,0,1,0,0,8,0,8,6,0,6,14
12/29/2003,SLE,OR,ANM,WE,Federal Contract Tower,0,2,7,0,9,0,2,3,6,11,0,4,10,6,20,2,0,2,22
12/30/2003,SLE,OR,ANM,WE,Federal Contract Tower,0,3,13,0,16,0,1,36,7,44,0,4,49,7,60,6,0,6,66
12/31/2003,SLE,OR,ANM,WE,Federal Contract Tower,0,2,7,0,9,0,3,0,6,9,0,5,7,6,18,20,8,28,46
01/01/2004,SLE,OR,ANM,WE,Federal Contract Tower,0,0,0,0,0,0,0,1,0,1,0,0,1,0,1,0,0,0,1
01/02/2004,SLE,OR,ANM,WE,Federal Contract Tower,0,1,7,0,8,0,5,0,0,5,0,6,7,0,13,2,0,2,15
01/03/2004,SLE,OR,ANM,WE,Federal Contract Tower,0,0,8,1,9,0,0,2,0,2,0,0,10,1,11,10,0,10,21
01/04/2004,SLE,OR,ANM,WE,Federal Contract Tower,0,2,15,0,17,0,0,6,0,6,0,2,21,0,23,13,0,13,36
01/05/2004,SLE,OR,ANM,WE,Federal Contract Tower,0,0,2,0,2,0,4,4,0,8,0,4,6,0,10,2,0,2,12
01/06/2004,SLE,OR,ANM,WE,Federal Contract Tower,0,0,0,0,0,0,0,0,0,0,0,0,0,0,0,0,0,0,0
01/07/2004,SLE,OR,ANM,WE,Federal Contract Tower,0,0,0,0,0,0,0,2,0,2,0,0,2,0,2,0,0,0,2
01/08/2004,SLE,OR,ANM,WE,Federal Contract Tower,0,6,16,4,26,0,10,0,0,10,0,16,16,4,36,0,0,0,36
01/09/2004,SLE,OR,ANM,WE,Federal Contract Tower,0,6,22,3,31,0,13,4,2,19,0,19,26,5,50,10,2,12,62
01/10/2004,SLE,OR,ANM,WE,Federal Contract Tower,0,1,9,2,12,0,0,0,5,5,0,1,9,7,17,8,4,12,29
01/11/2004,SLE,OR,ANM,WE,Federal Contract Tower,0,0,11,0,11,0,0,77,0,77,0,0,88,0,88,66,0,66,154
01/12/2004,SLE,OR,ANM,WE,Federal Contract Tower,0,3,11,2,16,0,1,26,0,27,0,4,37,2,43,39,0,39,82
01/13/2004,SLE,OR,ANM,WE,Federal Contract Tower,0,4,13,2,19,0,0,85,11,96,0,4,98,13,115,38,20,58,173
01/14/2004,SLE,OR,ANM,WE,Federal Contract Tower,0,4,17,2,23,0,0,0,0,0,0,4,17,2,23,8,8,16,39
01/15/2004,SLE,OR,ANM,WE,Federal Contract Tower,0,7,30,4,41,0,1,4,19,24,0,8,34,23,65,28,22,50,115
01/16/2004,SLE,OR,ANM,WE,Federal Contract Tower,0,4,17,3,24,0,2,1,1,4,0,6,18,4,28,4,0,4,32
01/17/2004,SLE,OR,ANM,WE,Federal Contract Tower,0,0,23,0,23,0,0,41,0,41,0,0,64,0,64,46,0,46,110
01/18/2004,SLE,OR,ANM,WE,Federal Contract Tower,0,0,11,2,13,0,0,1,0,1,0,0,12,2,14,4,0,4,18
01/19/2004,SLE,OR,ANM,WE,Federal Contract Tower,0,2,8,0,10,0,0,33,0,33,0,2,41,0,43,54,0,54,97
01/20/2004,SLE,OR,ANM,WE,Federal Contract Tower,0,4,17,2,23,0,2,96,10,108,0,6,113,12,131,82,14,96,227
01/21/2004,SLE,OR,ANM,WE,Federal Contract Tower,0,2,21,3,26,0,0,0,2,2,0,2,21,5,28,28,6,34,62
01/22/2004,SLE,OR,ANM,WE,Federal Contract Tower,0,4,19,2,25,0,2,41,4,47,0,6,60,6,72,60,0,60,132
01/23/2004,SLE,OR,ANM,WE,Federal Contract Tower,0,4,16,2,22,0,2,0,2,4,0,6,16,4,26,0,0,0,26
01/24/2004,SLE,OR,ANM,WE,Federal Contract Tower,0,0,14,1,15,0,0,48,1,49,0,0,62,2,64,56,0,56,120
01/25/2004,SLE,OR,ANM,WE,Federal Contract Tower,0,0,9,1,10,0,0,59,3,62,0,0,68,4,72,84,0,84,156
01/26/2004,SLE,OR,ANM,WE,Federal Contract Tower,0,4,20,1,25,0,0,60,0,60,0,4,80,1,85,78,0,78,163
01/27/2004,SLE,OR,ANM,WE,Federal Contract Tower,0,4,21,2,27,0,0,1,0,1,0,4,22,2,28,12,0,12,40
01/28/2004,SLE,OR,ANM,WE,Federal Contract Tower,0,4,23,2,29,0,0,5,0,5,0,4,28,2,34,20,0,20,54
01/29/2004,SLE,OR,ANM,WE,Federal Contract Tower,0,4,15,1,20,0,0,9,0,9,0,4,24,1,29,18,0,18,47
01/30/2004,SLE,OR,ANM,WE,Federal Contract Tower,0,4,16,1,21,0,2,4,2,8,0,6,20,3,29,38,2,40,69
01/31/2004,SLE,OR,ANM,WE,Federal Contract Tower,0,0,7,0,7,0,0,55,0,55,0,0,62,0,62,36,0,36,98
02/01/2004,SLE,OR,ANM,WE,Federal Contract Tower,0,0,14,0,14,0,0,24,0,24,0,0,38,0,38,16,0,16,54
02/02/2004,SLE,OR,ANM,WE,Federal Contract Tower,0,3,29,3,35,0,4,39,1,44,0,7,68,4,79,48,2,50,129
02/03/2004,SLE,OR,ANM,WE,Federal Contract Tower,0,2,22,3,27,0,3,33,10,46,0,5,55,13,73,48,12,60,133
02/04/2004,SLE,OR,ANM,WE,Federal Contract Tower,0,6,42,5,53,0,2,54,7,63,0,8,96,12,116,84,14,98,214
02/05/2004,SLE,OR,ANM,WE,Federal Contract Tower,0,3,19,2,24,0,1,67,7,75,0,4,86,9,99,52,16,68,167
02/06/2004,SLE,OR,ANM,WE,Federal Contract Tower,0,2,15,2,19,0,2,12,6,20,0,4,27,8,39,2,4,6,45
02/07/2004,SLE,OR,ANM,WE,Federal Contract Tower,0,0,17,2,19,0,0,89,33,122,0,0,106,35,141,60,4,64,205
02/08/2004,SLE,OR,ANM,WE,Federal Contract Tower,0,0,21,3,24,0,0,80,9,89,0,0,101,12,113,58,0,58,171
02/09/2004,SLE,OR,ANM,WE,Federal Contract Tower,0,3,19,2,24,0,3,57,4,64,0,6,76,6,88,52,0,52,140
02/10/2004,SLE,OR,ANM,WE,Federal Contract Tower,0,3,17,2,22,0,1,89,1,91,0,4,106,3,113,38,2,40,153
02/11/2004,SLE,OR,ANM,WE,Federal Contract Tower,0,2,9,1,12,0,2,116,5,123,0,4,125,6,135,40,0,40,175
02/12/2004,SLE,OR,ANM,WE,Federal Contract Tower,0,3,17,2,22,0,1,137,8,146,0,4,154,10,168,68,0,68,236
02/13/2004,SLE,OR,ANM,WE,Federal Contract Tower,0,2,15,2,19,0,2,41,4,47,0,4,56,6,66,36,0,36,102
02/14/2004,SLE,OR,ANM,WE,Federal Contract Tower,0,0,15,0,15,0,0,50,0,50,0,0,65,0,65,56,0,56,121
02/15/2004,SLE,OR,ANM,WE,Federal Contract Tower,0,1,12,0,13,0,0,91,0,91,0,1,103,0,104,40,0,40,144
02/16/2004,SLE,OR,ANM,WE,Federal Contract Tower,0,3,22,0,25,0,0,2,0,2,0,3,24,0,27,14,0,14,41
02/17/2004,SLE,OR,ANM,WE,Federal Contract Tower,0,3,15,0,18,0,1,0,0,1,0,4,15,0,19,8,0,8,27
02/18/2004,SLE,OR,ANM,WE,Federal Contract Tower,0,3,25,2,30,0,1,22,8,31,0,4,47,10,61,42,20,62,123
02/19/2004,SLE,OR,ANM,WE,Federal Contract Tower,0,3,19,1,23,0,1,80,8,89,0,4,99,9,112,78,6,84,196
02/20/2004,SLE,OR,ANM,WE,Federal Contract Tower,0,2,14,1,17,0,4,80,2,86,0,6,94,3,103,44,0,44,147
02/21/2004,SLE,OR,ANM,WE,Federal Contract Tower,0,0,13,1,14,0,0,96,2,98,0,0,109,3,112,50,0,50,162
02/22/2004,SLE,OR,ANM,WE,Federal Contract Tower,0,0,8,0,8,0,0,77,4,81,0,0,85,4,89,36,0,36,125
02/23/2004,SLE,OR,ANM,WE,Federal Contract Tower,0,2,15,1,18,0,2,30,3,35,0,4,45,4,53,40,0,40,93
02/24/2004,SLE,OR,ANM,WE,Federal Contract Tower,0,3,22,2,27,0,1,16,6,23,0,4,38,8,50,64,0,64,114
02/25/2004,SLE,OR,ANM,WE,Federal Contract Tower,0,2,10,0,12,0,2,20,1,23,0,4,30,1,35,40,0,40,75
02/26/2004,SLE,OR,ANM,WE,Federal Contract Tower,0,2,17,1,20,0,2,13,3,18,0,4,30,4,38,42,0,42,80
02/27/2004,SLE,OR,ANM,WE,Federal Contract Tower,0,3,17,1,21,0,4,15,3,22,0,7,32,4,43,32,0,32,75
02/28/2004,SLE,OR,ANM,WE,Federal Contract Tower,0,2,26,2,30,0,0,100,0,100,0,2,126,2,130,36,0,36,166
02/29/2004,SLE,OR,ANM,WE,Federal Contract Tower,0,2,22,0,24,0,0,51,0,51,0,2,73,0,75,38,0,38,113
03/01/2004,SLE,OR,ANM,WE,Federal Contract Tower,0,3,24,3,30,0,5,77,2,84,0,8,101,5,114,32,0,32,146
03/02/2004,SLE,OR,ANM,WE,Federal Contract Tower,0,2,20,1,23,0,4,140,0,144,0,6,160,1,167,54,0,54,221
03/03/2004,SLE,OR,ANM,WE,Federal Contract Tower,0,3,23,3,29,0,1,4,2,7,0,4,27,5,36,36,0,36,72
03/04/2004,SLE,OR,ANM,WE,Federal Contract Tower,0,2,15,2,19,0,4,24,4,32,0,6,39,6,51,22,4,26,77
03/05/2004,SLE,OR,ANM,WE,Federal Contract Tower,0,6,30,1,37,0,5,0,0,5,0,11,30,1,42,24,0,24,66
03/06/2004,SLE,OR,ANM,WE,Federal Contract Tower,0,3,17,2,22,0,0,127,12,139,0,3,144,14,161,36,8,44,205
03/07/2004,SLE,OR,ANM,WE,Federal Contract Tower,0,1,17,2,20,0,0,96,5,101,0,1,113,7,121,46,4,50,171
03/08/2004,SLE,OR,ANM,WE,Federal Contract Tower,0,3,15,2,20,0,1,79,0,80,0,4,94,2,100,38,0,38,138
03/09/2004,SLE,OR,ANM,WE,Federal Contract Tower,0,4,29,4,37,0,0,67,4,71,0,4,96,8,108,36,0,36,144
03/10/2004,SLE,OR,ANM,WE,Federal Contract Tower,0,3,21,3,27,0,3,81,4,88,0,6,102,7,115,46,2,48,163
03/11/2004,SLE,OR,ANM,WE,Federal Contract Tower,0,4,17,2,23,0,0,96,2,98,0,4,113,4,121,70,0,70,191
03/12/2004,SLE,OR,ANM,WE,Federal Contract Tower,0,2,7,1,10,0,4,87,14,105,0,6,94,15,115,32,0,32,147
03/13/2004,SLE,OR,ANM,WE,Federal Contract Tower,0,0,20,3,23,0,0,96,1,97,0,0,116,4,120,84,0,84,204
03/14/2004,SLE,OR,ANM,WE,Federal Contract Tower,0,0,8,1,9,0,0,62,1,63,0,0,70,2,72,36,0,36,108
03/15/2004,SLE,OR,ANM,WE,Federal Contract Tower,0,4,18,2,24,0,0,33,8,41,0,4,51,10,65,42,14,56,121
03/16/2004,SLE,OR,ANM,WE,Federal Contract Tower,0,3,14,2,19,0,1,90,11,102,0,4,104,13,121,38,4,42,163
03/17/2004,SLE,OR,ANM,WE,Federal Contract Tower,0,3,16,2,21,0,1,69,10,80,0,4,85,12,101,26,0,26,127
03/18/2004,SLE,OR,ANM,WE,Federal Contract Tower,0,5,25,2,32,0,0,14,7,21,0,5,39,9,53,16,0,16,69
03/19/2004,SLE,OR,ANM,WE,Federal Contract Tower,0,4,25,2,31,0,1,56,2,59,0,5,81,4,90,36,4,40,130
03/20/2004,SLE,OR,ANM,WE,Federal Contract Tower,0,2,13,1,16,0,1,130,3,134,0,3,143,4,150,38,0,38,188
03/21/2004,SLE,OR,ANM,WE,Federal Contract Tower,0,1,14,1,16,0,0,104,0,104,0,1,118,1,120,22,0,22,142
03/22/2004,SLE,OR,ANM,WE,Federal Contract Tower,0,4,19,1,24,0,0,76,4,80,0,4,95,5,104,26,0,26,130
03/23/2004,SLE,OR,ANM,WE,Federal Contract Tower,0,2,15,1,18,0,2,67,8,77,0,4,82,9,95,26,0,26,121
03/24/2004,SLE,OR,ANM,WE,Federal Contract Tower,0,2,14,1,17,0,2,14,7,23,0,4,28,8,40,16,0,16,56
03/25/2004,SLE,OR,ANM,WE,Federal Contract Tower,0,4,18,1,23,0,1,5,2,8,0,5,23,3,31,26,0,26,57
03/26/2004,SLE,OR,ANM,WE,Federal Contract Tower,0,3,15,1,19,0,4,9,1,14,0,7,24,2,33,6,0,6,39
03/27/2004,SLE,OR,ANM,WE,Federal Contract Tower,0,0,17,1,18,0,0,79,2,81,0,0,96,3,99,34,0,34,133
03/28/2004,SLE,OR,ANM,WE,Federal Contract Tower,0,1,15,0,16,0,0,110,0,110,0,1,125,0,126,36,0,36,162
03/29/2004,SLE,OR,ANM,WE,Federal Contract Tower,0,2,12,1,15,0,3,75,9,87,0,5,87,10,102,32,0,32,134
03/30/2004,SLE,OR,ANM,WE,Federal Contract Tower,0,3,16,1,20,0,1,22,5,28,0,4,38,6,48,12,0,12,60
03/31/2004,SLE,OR,ANM,WE,Federal Contract Tower,0,2,15,1,18,0,4,65,4,73,0,6,80,5,91,34,0,34,125
04/01/2004,SLE,OR,ANM,WE,Federal Contract Tower,0,2,11,1,14,0,2,80,5,87,0,4,91,6,101,26,0,26,127
04/02/2004,SLE,OR,ANM,WE,Federal Contract Tower,0,2,12,2,16,0,6,89,2,97,0,8,101,4,113,47,2,49,162
04/03/2004,SLE,OR,ANM,WE,Federal Contract Tower,0,2,12,2,16,0,0,100,11,111,0,2,112,13,127,66,4,70,197
04/04/2004,SLE,OR,ANM,WE,Federal Contract Tower,0,0,12,2,14,0,0,76,12,88,0,0,88,14,102,16,0,16,118
04/05/2004,SLE,OR,ANM,WE,Federal Contract Tower,0,4,26,3,33,0,4,36,3,43,0,8,62,6,76,18,0,18,94
04/06/2004,SLE,OR,ANM,WE,Federal Contract Tower,0,3,16,2,21,0,1,76,5,82,0,4,92,7,103,32,0,32,135
04/07/2004,SLE,OR,ANM,WE,Federal Contract Tower,0,3,20,2,25,0,1,58,9,68,0,4,78,11,93,30,0,30,123
04/08/2004,SLE,OR,ANM,WE,Federal Contract Tower,0,4,29,3,36,0,4,86,7,97,0,8,115,10,133,36,12,48,181
04/09/2004,SLE,OR,ANM,WE,Federal Contract Tower,0,1,12,2,15,0,5,131,4,140,0,6,143,6,155,36,0,36,191
04/10/2004,SLE,OR,ANM,WE,Federal Contract Tower,0,0,7,1,8,0,0,124,4,128,0,0,131,5,136,54,0,54,190
04/11/2004,SLE,OR,ANM,WE,Federal Contract Tower,0,0,3,0,3,0,0,61,0,61,0,0,64,0,64,25,0,25,89
04/12/2004,SLE,OR,ANM,WE,Federal Contract Tower,0,2,15,2,19,0,2,45,7,54,0,4,60,9,73,14,4,18,91
04/13/2004,SLE,OR,ANM,WE,Federal Contract Tower,0,3,24,3,30,0,1,22,13,36,0,4,46,16,66,10,16,26,92
04/14/2004,SLE,OR,ANM,WE,Federal Contract Tower,0,2,12,2,16,0,2,30,7,39,0,4,42,9,55,12,2,14,69
04/15/2004,SLE,OR,ANM,WE,Federal Contract Tower,0,4,26,3,33,0,0,14,4,18,0,4,40,7,51,46,2,48,99
04/16/2004,SLE,OR,ANM,WE,Federal Contract Tower,0,5,34,3,42,0,1,83,18,102,0,6,117,21,144,44,2,46,190
04/17/2004,SLE,OR,ANM,WE,Federal Contract Tower,0,0,13,1,14,0,0,51,8,59,0,0,64,9,73,8,0,8,81
04/18/2004,SLE,OR,ANM,WE,Federal Contract Tower,0,0,9,0,9,0,0,32,0,32,0,0,41,0,41,17,0,17,58
04/19/2004,SLE,OR,ANM,WE,Federal Contract Tower,0,3,23,2,28,0,1,10,4,15,0,4,33,6,43,26,16,42,85
04/20/2004,SLE,OR,ANM,WE,Federal Contract Tower,0,2,16,1,19,0,2,9,10,21,0,4,25,11,40,2,2,4,44
04/21/2004,SLE,OR,ANM,WE,Federal Contract Tower,0,3,24,2,29,0,1,24,2,27,0,4,48,4,56,72,0,72,128
04/22/2004,SLE,OR,ANM,WE,Federal Contract Tower,0,4,29,2,35,0,0,79,13,92,0,4,108,15,127,68,18,86,213
04/23/2004,SLE,OR,ANM,WE,Federal Contract Tower,0,3,23,2,28,0,3,32,6,41,0,6,55,8,69,34,0,34,103
04/24/2004,SLE,OR,ANM,WE,Federal Contract Tower,0,0,27,2,29,0,0,82,0,82,0,0,109,2,111,46,0,46,157
04/25/2004,SLE,OR,ANM,WE,Federal Contract Tower,0,0,14,1,15,0,0,137,5,142,0,0,151,6,157,26,0,26,183
04/26/2004,SLE,OR,ANM,WE,Federal Contract Tower,0,2,15,1,18,0,2,90,8,100,0,4,105,9,118,34,14,48,166
04/27/2004,SLE,OR,ANM,WE,Federal Contract Tower,0,2,15,1,18,0,1,71,6,78,0,3,86,7,96,58,0,58,154
04/28/2004,SLE,OR,ANM,WE,Federal Contract Tower,0,3,26,2,31,0,7,92,6,105,0,10,118,8,136,82,2,84,220
04/29/2004,SLE,OR,ANM,WE,Federal Contract Tower,0,4,28,2,34,0,0,111,6,117,0,4,139,8,151,48,0,48,199
04/30/2004,SLE,OR,ANM,WE,Federal Contract Tower,0,3,23,2,28,0,3,112,5,120,0,6,135,7,148,54,4,58,206
05/01/2004,SLE,OR,ANM,WE,Federal Contract Tower,0,0,20,2,22,0,0,93,13,106,0,0,113,15,128,40,2,42,170
05/02/2004,SLE,OR,ANM,WE,Federal Contract Tower,0,0,16,2,18,0,0,124,4,128,0,0,140,6,146,52,0,52,198
05/03/2004,SLE,OR,ANM,WE,Federal Contract Tower,0,3,17,2,22,0,9,76,2,87,0,12,93,4,109,26,2,28,137
05/04/2004,SLE,OR,ANM,WE,Federal Contract Tower,0,4,29,3,36,0,6,45,14,65,0,10,74,17,101,22,12,34,135
05/05/2004,SLE,OR,ANM,WE,Federal Contract Tower,0,2,14,2,18,0,2,50,14,66,0,4,64,16,84,24,12,36,120
05/06/2004,SLE,OR,ANM,WE,Federal Contract Tower,0,3,17,2,22,0,1,86,14,101,0,4,103,16,123,76,14,90,213
05/07/2004,SLE,OR,ANM,WE,Federal Contract Tower,0,3,19,2,24,0,3,41,5,49,0,6,60,7,73,4,0,4,77
05/08/2004,SLE,OR,ANM,WE,Federal Contract Tower,0,0,14,2,16,0,0,31,0,31,0,0,45,2,47,34,0,34,81
05/09/2004,SLE,OR,ANM,WE,Federal Contract Tower,0,0,12,0,12,0,0,51,0,51,0,0,63,0,63,14,0,14,77
05/10/2004,SLE,OR,ANM,WE,Federal Contract Tower,0,4,27,3,34,0,1,37,7,45,0,5,64,10,79,36,4,40,119
05/11/2004,SLE,OR,ANM,WE,Federal Contract Tower,0,3,23,3,29,0,3,35,6,44,0,6,58,9,73,38,0,38,111
05/12/2004,SLE,OR,ANM,WE,Federal Contract Tower,0,3,17,2,22,0,7,66,12,85,0,10,83,14,107,8,2,10,117
05/13/2004,SLE,OR,ANM,WE,Federal Contract Tower,0,3,17,2,22,0,2,106,9,117,0,5,123,11,139,45,2,47,186
05/14/2004,SLE,OR,ANM,WE,Federal Contract Tower,0,4,27,3,34,0,2,85,7,94,0,6,112,10,128,48,0,48,176
05/15/2004,SLE,OR,ANM,WE,Federal Contract Tower,0,0,19,2,21,0,0,69,9,78,0,0,88,11,99,20,12,32,131
05/16/2004,SLE,OR,ANM,WE,Federal Contract Tower,0,0,13,1,14,0,0,78,6,84,0,0,91,7,98,40,0,40,138
05/17/2004,SLE,OR,ANM,WE,Federal Contract Tower,0,3,21,1,25,0,1,51,4,56,0,4,72,5,81,24,0,24,105
05/18/2004,SLE,OR,ANM,WE,Federal Contract Tower,0,4,27,2,33,0,3,0,8,11,0,7,27,10,44,28,0,28,72
05/19/2004,SLE,OR,ANM,WE,Federal Contract Tower,0,3,19,1,23,0,2,35,10,47,0,5,54,11,70,34,6,40,110
05/20/2004,SLE,OR,ANM,WE,Federal Contract Tower,0,3,25,2,30,0,1,57,9,67,0,4,82,11,97,30,10,40,137
05/21/2004,SLE,OR,ANM,WE,Federal Contract Tower,0,4,28,2,34,0,4,34,21,59,0,8,62,23,93,36,10,46,139
05/22/2004,SLE,OR,ANM,WE,Federal Contract Tower,0,0,20,1,21,0,0,19,6,25,0,0,39,7,46,34,2,36,82
05/23/2004,SLE,OR,ANM,WE,Federal Contract Tower,0,1,11,0,12,0,0,60,6,66,0,1,71,6,78,30,6,36,114
05/24/2004,SLE,OR,ANM,WE,Federal Contract Tower,0,4,30,2,36,0,0,88,12,100,0,4,118,14,136,48,2,50,186
05/25/2004,SLE,OR,ANM,WE,Federal Contract Tower,0,2,16,1,19,0,3,106,11,120,0,5,122,12,139,64,6,70,209
05/26/2004,SLE,OR,ANM,WE,Federal Contract Tower,0,5,31,2,38,0,4,9,11,24,0,9,40,13,62,22,10,32,94
05/27/2004,SLE,OR,ANM,WE,Federal Contract Tower,0,4,30,2,36,0,4,9,6,19,0,8,39,8,55,42,4,46,101
05/28/2004,SLE,OR,ANM,WE,Federal Contract Tower,0,3,18,0,21,0,4,24,0,28,0,7,42,0,49,18,0,18,67
05/29/2004,SLE,OR,ANM,WE,Federal Contract Tower,0,0,11,0,11,0,0,52,2,54,0,0,63,2,65,18,2,20,85
05/30/2004,SLE,OR,ANM,WE,Federal Contract Tower,0,0,16,0,16,0,0,34,0,34,0,0,50,0,50,28,0,28,78
05/31/2004,SLE,OR,ANM,WE,Federal Contract Tower,0,0,15,1,16,0,0,125,1,126,0,0,140,2,142,46,2,48,190
06/01/2004,SLE,OR,ANM,WE,Federal Contract Tower,0,3,17,2,22,0,1,92,5,98,0,4,109,7,120,32,10,42,162
06/02/2004,SLE,OR,ANM,WE,Federal Contract Tower,0,4,24,3,31,0,0,82,11,93,0,4,106,14,124,76,0,76,200
06/03/2004,SLE,OR,ANM,WE,Federal Contract Tower,0,4,21,2,27,0,0,100,11,111,0,4,121,13,138,60,2,62,200
06/04/2004,SLE,OR,ANM,WE,Federal Contract Tower,0,2,11,2,15,0,8,92,9,109,0,10,103,11,124,30,1,31,155
06/05/2004,SLE,OR,ANM,WE,Federal Contract Tower,0,0,7,2,9,0,0,40,2,42,0,0,47,4,51,56,0,56,107
06/06/2004,SLE,OR,ANM,WE,Federal Contract Tower,0,0,10,2,12,0,0,22,17,39,0,0,32,19,51,9,1,10,61
06/07/2004,SLE,OR,ANM,WE,Federal Contract Tower,0,1,7,2,10,0,4,29,12,45,0,5,36,14,55,18,2,20,75
06/08/2004,SLE,OR,ANM,WE,Federal Contract Tower,0,2,12,2,16,0,2,23,1,26,0,4,35,3,42,22,0,22,64
06/09/2004,SLE,OR,ANM,WE,Federal Contract Tower,0,2,15,3,20,0,3,15,2,20,0,5,30,5,40,20,2,22,62
06/10/2004,SLE,OR,ANM,WE,Federal Contract Tower,0,5,32,5,42,0,0,30,12,42,0,5,62,17,84,48,8,56,140
06/11/2004,SLE,OR,ANM,WE,Federal Contract Tower,0,4,30,3,37,0,2,81,0,83,0,6,111,3,120,94,0,94,214
06/12/2004,SLE,OR,ANM,WE,Federal Contract Tower,0,0,5,1,6,0,0,135,3,138,0,0,140,4,144,64,0,64,208
06/13/2004,SLE,OR,ANM,WE,Federal Contract Tower,0,0,13,2,15,0,0,26,8,34,0,0,39,10,49,11,6,17,66
06/14/2004,SLE,OR,ANM,WE,Federal Contract Tower,0,2,10,2,14,0,2,56,4,62,0,4,66,6,76,14,2,16,92
06/15/2004,SLE,OR,ANM,WE,Federal Contract Tower,0,2,14,2,18,0,3,78,10,91,0,5,92,12,109,24,0,24,133
06/16/2004,SLE,OR,ANM,WE,Federal Contract Tower,0,1,10,2,13,0,3,73,5,81,0,4,83,7,94,40,10,50,144
06/17/2004,SLE,OR,ANM,WE,Federal Contract Tower,0,3,24,4,31,0,4,88,4,96,0,7,112,8,127,72,0,72,199
06/18/2004,SLE,OR,ANM,WE,Federal Contract Tower,0,3,21,2,26,0,5,116,7,128,0,8,137,9,154,56,2,58,212
06/19/2004,SLE,OR,ANM,WE,Federal Contract Tower,0,0,8,0,8,0,0,97,1,98,0,0,105,1,106,36,0,36,142
06/20/2004,SLE,OR,ANM,WE,Federal Contract Tower,0,0,6,0,6,0,0,80,0,80,0,0,86,0,86,6,0,6,92
06/21/2004,SLE,OR,ANM,WE,Federal Contract Tower,0,1,11,1,13,0,3,63,4,70,0,4,74,5,83,18,0,18,101
06/22/2004,SLE,OR,ANM,WE,Federal Contract Tower,0,4,35,4,43,0,0,37,5,42,0,4,72,9,85,28,4,32,117
06/23/2004,SLE,OR,ANM,WE,Federal Contract Tower,0,7,43,5,55,0,1,33,6,40,0,8,76,11,95,42,2,44,139
06/24/2004,SLE,OR,ANM,WE,Federal Contract Tower,0,4,39,5,48,0,0,49,2,51,0,4,88,7,99,74,0,74,173
06/25/2004,SLE,OR,ANM,WE,Federal Contract Tower,0,2,18,2,22,0,6,72,12,90,0,8,90,14,112,74,8,82,194
06/26/2004,SLE,OR,ANM,WE,Federal Contract Tower,0,2,11,1,14,0,0,66,3,69,0,2,77,4,83,0,2,2,85
06/27/2004,SLE,OR,ANM,WE,Federal Contract Tower,0,2,17,0,19,0,2,111,0,113,0,4,128,0,132,30,0,30,162
06/28/2004,SLE,OR,ANM,WE,Federal Contract Tower,0,2,15,2,19,0,5,85,4,94,0,7,100,6,113,48,0,48,161
06/29/2004,SLE,OR,ANM,WE,Federal Contract Tower,0,2,17,2,21,0,8,64,13,85,0,10,81,15,106,66,0,66,172
06/30/2004,SLE,OR,ANM,WE,Federal Contract Tower,0,2,18,2,22,0,7,93,8,108,0,9,111,10,130,54,4,58,188
07/01/2004,SLE,OR,ANM,WE,Federal Contract Tower,0,3,17,2,22,0,3,59,9,71,0,6,76,11,93,18,10,28,121
07/02/2004,SLE,OR,ANM,WE,Federal Contract Tower,0,3,15,2,20,0,3,66,6,75,0,6,81,8,95,62,2,64,159
07/03/2004,SLE,OR,ANM,WE,Federal Contract Tower,0,0,25,0,25,0,0,61,0,61,0,0,86,0,86,30,0,30,116
07/04/2004,SLE,OR,ANM,WE,Federal Contract Tower,0,0,2,0,2,0,0,52,2,54,0,0,54,2,56,8,0,8,64
07/05/2004,SLE,OR,ANM,WE,Federal Contract Tower,0,0,7,0,7,0,0,95,0,95,0,0,102,0,102,36,0,36,138
07/06/2004,SLE,OR,ANM,WE,Federal Contract Tower,0,1,10,2,13,0,6,57,1,64,0,7,67,3,77,12,2,14,91
07/07/2004,SLE,OR,ANM,WE,Federal Contract Tower,0,2,17,3,22,0,4,43,13,60,0,6,60,16,82,16,18,34,116
07/08/2004,SLE,OR,ANM,WE,Federal Contract Tower,0,3,18,3,24,0,3,74,8,85,0,6,92,11,109,66,4,70,179
07/09/2004,SLE,OR,ANM,WE,Federal Contract Tower,0,3,24,4,31,0,5,64,6,75,0,8,88,10,106,32,8,40,146
07/10/2004,SLE,OR,ANM,WE,Federal Contract Tower,0,0,16,3,19,0,0,83,6,89,0,0,99,9,108,48,0,48,156
07/11/2004,SLE,OR,ANM,WE,Federal Contract Tower,0,0,7,1,8,0,0,90,6,96,0,0,97,7,104,46,0,46,150
07/12/2004,SLE,OR,ANM,WE,Federal Contract Tower,0,2,13,2,17,0,5,78,5,88,0,7,91,7,105,56,6,62,167
07/13/2004,SLE,OR,ANM,WE,Federal Contract Tower,0,5,28,4,37,0,8,83,6,97,0,13,111,10,134,28,12,40,174
07/14/2004,SLE,OR,ANM,WE,Federal Contract Tower,0,4,25,4,33,0,2,81,4,87,0,6,106,8,120,84,10,94,214
07/15/2004,SLE,OR,ANM,WE,Federal Contract Tower,0,2,11,2,15,0,4,71,8,83,0,6,82,10,98,44,6,50,148
07/16/2004,SLE,OR,ANM,WE,Federal Contract Tower,0,3,22,4,29,0,3,81,3,87,0,6,103,7,116,48,0,48,164
07/17/2004,SLE,OR,ANM,WE,Federal Contract Tower,0,0,14,2,16,0,0,82,8,90,0,0,96,10,106,48,0,48,154
07/18/2004,SLE,OR,ANM,WE,Federal Contract Tower,0,0,5,1,6,0,0,44,3,47,0,0,49,4,53,16,2,18,71
07/19/2004,SLE,OR,ANM,WE,Federal Contract Tower,0,2,17,2,21,0,6,42,2,50,0,8,59,4,71,66,0,66,137
07/20/2004,SLE,OR,ANM,WE,Federal Contract Tower,0,5,30,3,38,0,2,45,8,55,0,7,75,11,93,40,8,48,141
07/21/2004,SLE,OR,ANM,WE,Federal Contract Tower,0,3,18,2,23,0,5,67,8,80,0,8,85,10,103,44,2,46,149
07/22/2004,SLE,OR,ANM,WE,Federal Contract Tower,0,3,20,2,25,0,7,93,4,104,0,10,113,6,129,58,0,58,187
07/23/2004,SLE,OR,ANM,WE,Federal Contract Tower,0,3,19,2,24,0,11,90,13,114,0,14,109,15,138,50,2,52,190
07/24/2004,SLE,OR,ANM,WE,Federal Contract Tower,0,0,8,0,8,0,0,75,0,75,0,0,83,0,83,44,0,44,127
07/25/2004,SLE,OR,ANM,WE,Federal Contract Tower,0,1,8,1,10,0,0,86,0,86,0,1,94,1,96,6,2,8,104
07/26/2004,SLE,OR,ANM,WE,Federal Contract Tower,0,2,17,2,21,0,4,60,22,86,0,6,77,24,107,36,2,38,145
07/27/2004,SLE,OR,ANM,WE,Federal Contract Tower,0,3,19,2,24,0,7,52,12,71,0,10,71,14,95,34,4,38,133
07/28/2004,SLE,OR,ANM,WE,Federal Contract Tower,0,2,12,1,15,0,8,50,13,71,0,10,62,14,86,36,0,36,122
07/29/2004,SLE,OR,ANM,WE,Federal Contract Tower,0,3,22,2,27,0,4,66,9,79,0,7,88,11,106,56,0,56,162
07/30/2004,SLE,OR,ANM,WE,Federal Contract Tower,0,1,10,1,12,0,5,94,9,108,0,6,104,10,120,68,2,70,190
07/31/2004,SLE,OR,ANM,WE,Federal Contract Tower,0,0,11,1,12,0,0,121,0,121,0,0,132,1,133,22,0,22,155
08/01/2004,SLE,OR,ANM,WE,Federal Contract Tower,0,0,6,0,6,0,0,89,0,89,0,0,95,0,95,67,0,67,162
08/02/2004,SLE,OR,ANM,WE,Federal Contract Tower,0,3,15,1,19,0,3,68,8,79,0,6,83,9,98,34,0,34,132
08/03/2004,SLE,OR,ANM,WE,Federal Contract Tower,0,2,17,2,21,0,4,59,6,69,0,6,76,8,90,40,0,40,130
08/04/2004,SLE,OR,ANM,WE,Federal Contract Tower,0,3,24,3,30,0,3,28,9,40,0,6,52,12,70,62,14,76,146
08/05/2004,SLE,OR,ANM,WE,Federal Contract Tower,0,2,17,2,21,0,4,49,9,62,0,6,66,11,83,42,2,44,127
08/06/2004,SLE,OR,ANM,WE,Federal Contract Tower,0,2,10,1,13,0,4,28,12,44,0,6,38,13,57,4,18,22,79
08/07/2004,SLE,OR,ANM,WE,Federal Contract Tower,0,0,10,1,11,0,0,68,3,71,0,0,78,4,82,24,0,24,106
08/08/2004,SLE,OR,ANM,WE,Federal Contract Tower,0,0,9,1,10,0,0,101,7,108,0,0,110,8,118,44,2,46,164
08/09/2004,SLE,OR,ANM,WE,Federal Contract Tower,0,2,16,2,20,0,4,63,6,73,0,6,79,8,93,32,0,32,125
08/10/2004,SLE,OR,ANM,WE,Federal Contract Tower,0,2,15,2,19,0,8,74,8,90,0,10,89,10,109,52,0,52,161
08/11/2004,SLE,OR,ANM,WE,Federal Contract Tower,0,2,10,1,13,0,6,60,13,79,0,8,70,14,92,40,2,42,134
08/12/2004,SLE,OR,ANM,WE,Federal Contract Tower,0,3,23,3,29,0,5,86,15,106,0,8,109,18,135,54,2,56,191
08/13/2004,SLE,OR,ANM,WE,Federal Contract Tower,0,2,23,3,28,0,3,37,4,44,0,5,60,7,72,59,7,66,138
08/14/2004,SLE,OR,ANM,WE,Federal Contract Tower,0,1,23,3,27,0,0,85,2,87,0,1,108,5,114,36,0,36,150
08/15/2004,SLE,OR,ANM,WE,Federal Contract Tower,0,0,14,2,16,0,0,123,4,127,0,0,137,6,143,35,0,35,178
08/16/2004,SLE,OR,ANM,WE,Federal Contract Tower,0,3,23,3,29,0,3,79,2,84,0,6,102,5,113,30,0,30,143
08/17/2004,SLE,OR,ANM,WE,Federal Contract Tower,0,2,15,2,19,0,5,62,2,69,0,7,77,4,88,20,2,22,110
08/18/2004,SLE,OR,ANM,WE,Federal Contract Tower,0,2,23,2,27,0,4,85,1,90,0,6,108,3,117,56,0,56,173
08/19/2004,SLE,OR,ANM,WE,Federal Contract Tower,0,2,24,2,28,0,10,90,3,103,0,12,114,5,131,58,0,58,189
08/20/2004,SLE,OR,ANM,WE,Federal Contract Tower,0,0,7,0,7,0,6,90,4,100,0,6,97,4,107,44,0,44,151
08/21/2004,SLE,OR,ANM,WE,Federal Contract Tower,0,0,10,0,10,0,0,76,5,81,0,0,86,5,91,68,2,70,161
08/22/2004,SLE,OR,ANM,WE,Federal Contract Tower,0,0,9,0,9,0,0,20,1,21,0,0,29,1,30,24,0,24,54
08/23/2004,SLE,OR,ANM,WE,Federal Contract Tower,0,3,21,1,25,0,6,16,5,27,0,9,37,6,52,14,0,14,66
08/24/2004,SLE,OR,ANM,WE,Federal Contract Tower,0,4,29,2,35,0,3,16,6,25,0,7,45,8,60,26,0,26,86
08/25/2004,SLE,OR,ANM,WE,Federal Contract Tower,0,3,21,1,25,0,3,12,0,15,0,6,33,1,40,36,8,44,84
08/26/2004,SLE,OR,ANM,WE,Federal Contract Tower,0,3,34,3,40,0,5,39,10,54,0,8,73,13,94,22,2,24,118
08/27/2004,SLE,OR,ANM,WE,Federal Contract Tower,0,4,38,3,45,0,2,99,3,104,0,6,137,6,149,76,0,76,225
08/28/2004,SLE,OR,ANM,WE,Federal Contract Tower,0,0,19,0,19,0,0,136,0,136,0,0,155,0,155,34,0,34,189
08/29/2004,SLE,OR,ANM,WE,Federal Contract Tower,0,0,23,0,23,0,0,78,0,78,0,0,101,0,101,40,0,40,141
08/30/2004,SLE,OR,ANM,WE,Federal Contract Tower,0,1,15,1,17,0,3,88,8,99,0,4,103,9,116,38,0,38,154
08/31/2004,SLE,OR,ANM,WE,Federal Contract Tower,0,4,36,3,43,0,0,60,8,68,0,4,96,11,111,54,8,62,173
09/01/2004,SLE,OR,ANM,WE,Federal Contract Tower,0,4,29,4,37,0,0,41,6,47,0,4,70,10,84,66,2,68,152
09/02/2004,SLE,OR,ANM,WE,Federal Contract Tower,0,3,21,2,26,0,1,45,7,53,0,4,66,9,79,42,2,44,123
09/03/2004,SLE,OR,ANM,WE,Federal Contract Tower,0,3,25,3,31,0,3,77,15,95,0,6,102,18,126,16,8,24,150
09/04/2004,SLE,OR,ANM,WE,Federal Contract Tower,0,0,18,0,18,0,0,94,0,94,0,0,112,0,112,24,0,24,136
09/05/2004,SLE,OR,ANM,WE,Federal Contract Tower,0,0,7,0,7,0,0,103,0,103,0,0,110,0,110,16,0,16,126
09/06/2004,SLE,OR,ANM,WE,Federal Contract Tower,0,0,3,0,3,0,0,92,0,92,0,0,95,0,95,38,0,38,133
09/07/2004,SLE,OR,ANM,WE,Federal Contract Tower,0,2,14,2,18,0,2,72,15,89,0,4,86,17,107,30,4,34,141
09/08/2004,SLE,OR,ANM,WE,Federal Contract Tower,0,3,22,3,28,0,5,72,17,94,0,8,94,20,122,42,2,44,166
09/09/2004,SLE,OR,ANM,WE,Federal Contract Tower,0,2,16,3,21,0,2,56,11,69,0,4,72,14,90,44,4,48,138
09/10/2004,SLE,OR,ANM,WE,Federal Contract Tower,0,3,23,3,29,0,4,74,10,88,0,7,97,13,117,46,2,48,165
09/11/2004,SLE,OR,ANM,WE,Federal Contract Tower,0,0,13,2,15,0,0,78,14,92,0,0,91,16,107,20,2,22,129
09/12/2004,SLE,OR,ANM,WE,Federal Contract Tower,0,0,11,1,12,0,0,56,7,63,0,0,67,8,75,66,2,68,143
09/13/2004,SLE,OR,ANM,WE,Federal Contract Tower,0,2,16,3,21,0,4,32,13,49,0,6,48,16,70,34,18,52,122
09/14/2004,SLE,OR,ANM,WE,Federal Contract Tower,0,4,28,3,35,0,2,42,15,59,0,6,70,18,94,48,14,62,156
09/15/2004,SLE,OR,ANM,WE,Federal Contract Tower,0,4,30,4,38,0,2,15,10,27,0,6,45,14,65,22,16,38,103
09/16/2004,SLE,OR,ANM,WE,Federal Contract Tower,0,4,33,3,40,0,2,37,15,54,0,6,70,18,94,120,8,128,222
09/17/2004,SLE,OR,ANM,WE,Federal Contract Tower,0,4,32,3,39,0,4,1,5,10,0,8,33,8,49,22,4,26,75
09/18/2004,SLE,OR,ANM,WE,Federal Contract Tower,0,0,11,1,12,0,0,28,1,29,0,0,39,2,41,8,0,8,49
09/19/2004,SLE,OR,ANM,WE,Federal Contract Tower,0,0,19,2,21,0,0,26,0,26,0,0,45,2,47,38,0,38,85
09/20/2004,SLE,OR,ANM,WE,Federal Contract Tower,0,1,16,2,19,0,3,59,12,74,0,4,75,14,93,50,8,58,151
09/21/2004,SLE,OR,ANM,WE,Federal Contract Tower,0,1,17,2,20,0,5,101,12,118,0,6,118,14,138,46,10,56,194
09/22/2004,SLE,OR,ANM,WE,Federal Contract Tower,0,1,15,2,18,0,3,98,20,121,0,4,113,22,139,42,6,48,187
09/23/2004,SLE,OR,ANM,WE,Federal Contract Tower,0,1,13,2,16,0,3,66,12,81,0,4,79,14,97,86,14,100,197
09/24/2004,SLE,OR,ANM,WE,Federal Contract Tower,0,1,14,2,17,0,5,59,3,67,0,6,73,5,84,12,2,14,98
09/25/2004,SLE,OR,ANM,WE,Federal Contract Tower,0,2,18,2,22,0,0,62,6,68,0,2,80,8,90,42,2,44,134
09/26/2004,SLE,OR,ANM,WE,Federal Contract Tower,0,0,11,1,12,0,0,68,0,68,0,0,79,1,80,40,0,40,120
09/27/2004,SLE,OR,ANM,WE,Federal Contract Tower,0,1,16,2,19,0,3,62,4,69,0,4,78,6,88,28,2,30,118
09/28/2004,SLE,OR,ANM,WE,Federal Contract Tower,0,1,12,1,14,0,3,89,4,96,0,4,101,5,110,74,0,74,184
09/29/2004,SLE,OR,ANM,WE,Federal Contract Tower,0,3,30,4,37,0,7,44,1,52,0,10,74,5,89,30,0,30,119
09/30/2004,SLE,OR,ANM,WE,Federal Contract Tower,0,1,13,2,16,0,5,69,7,81,0,6,82,9,97,50,20,70,167
10/01/2004,SLE,OR,ANM,WE,Federal Contract Tower,0,2,11,1,14,0,2,62,3,67,0,4,73,4,81,32,4,36,117
10/02/2004,SLE,OR,ANM,WE,Federal Contract Tower,0,0,21,0,21,0,0,89,2,91,0,0,110,2,112,22,0,22,134
10/03/2004,SLE,OR,ANM,WE,Federal Contract Tower,0,2,14,0,16,0,0,78,2,80,0,2,92,2,96,30,0,30,126
10/04/2004,SLE,OR,ANM,WE,Federal Contract Tower,0,2,17,2,21,0,2,67,4,73,0,4,84,6,94,56,8,64,158
10/05/2004,SLE,OR,ANM,WE,Federal Contract Tower,0,2,21,3,26,0,2,37,7,46,0,4,58,10,72,38,12,50,122
10/06/2004,SLE,OR,ANM,WE,Federal Contract Tower,0,2,21,5,28,0,2,22,12,36,0,4,43,17,64,36,8,44,108
10/07/2004,SLE,OR,ANM,WE,Federal Contract Tower,0,2,25,3,30,0,2,72,13,87,0,4,97,16,117,80,6,86,203
10/08/2004,SLE,OR,ANM,WE,Federal Contract Tower,0,5,10,0,15,0,1,14,2,17,0,6,24,2,32,0,0,0,32
10/09/2004,SLE,OR,ANM,WE,Federal Contract Tower,0,0,4,0,4,0,0,21,0,21,0,0,25,0,25,0,0,0,25
10/10/2004,SLE,OR,ANM,WE,Federal Contract Tower,0,0,21,0,21,0,0,40,0,40,0,0,61,0,61,24,0,24,85
10/11/2004,SLE,OR,ANM,WE,Federal Contract Tower,0,1,12,2,15,0,1,46,0,47,0,2,58,2,62,24,2,26,88
10/12/2004,SLE,OR,ANM,WE,Federal Contract Tower,0,2,11,0,13,0,2,71,4,77,0,4,82,4,90,32,16,48,138
10/13/2004,SLE,OR,ANM,WE,Federal Contract Tower,0,3,12,3,18,0,2,97,11,110,0,5,109,14,128,30,38,68,196
10/14/2004,SLE,OR,ANM,WE,Federal Contract Tower,0,2,15,7,24,0,2,109,14,125,0,4,124,21,149,70,18,88,237
10/15/2004,SLE,OR,ANM,WE,Federal Contract Tower,0,4,29,6,39,0,2,58,16,76,0,6,87,22,115,30,2,32,147
10/16/2004,SLE,OR,ANM,WE,Federal Contract Tower,0,0,21,0,21,0,0,36,1,37,0,0,57,1,58,24,0,24,82
10/17/2004,SLE,OR,ANM,WE,Federal Contract Tower,0,0,12,0,12,0,0,10,0,10,0,0,22,0,22,14,0,14,36
10/18/2004,SLE,OR,ANM,WE,Federal Contract Tower,0,3,14,0,17,0,1,5,7,13,0,4,19,7,30,10,0,10,40
10/19/2004,SLE,OR,ANM,WE,Federal Contract Tower,0,3,18,6,27,0,1,20,21,42,0,4,38,27,69,26,24,50,119
10/20/2004,SLE,OR,ANM,WE,Federal Contract Tower,0,2,39,1,42,0,2,16,17,35,0,4,55,18,77,60,6,66,143
10/21/2004,SLE,OR,ANM,WE,Federal Contract Tower,0,2,20,3,25,0,2,49,14,65,0,4,69,17,90,56,0,56,146
10/22/2004,SLE,OR,ANM,WE,Federal Contract Tower,0,2,32,4,38,0,3,0,5,8,0,5,32,9,46,15,0,15,61
10/23/2004,SLE,OR,ANM,WE,Federal Contract Tower,0,4,13,3,20,0,0,43,0,43,0,4,56,3,63,53,0,53,116
10/24/2004,SLE,OR,ANM,WE,Federal Contract Tower,0,0,27,0,27,0,0,73,3,76,0,0,100,3,103,72,0,72,175
10/25/2004,SLE,OR,ANM,WE,Federal Contract Tower,0,6,13,1,20,0,0,8,5,13,0,6,21,6,33,16,0,16,49
10/26/2004,SLE,OR,ANM,WE,Federal Contract Tower,0,4,32,0,36,0,6,32,0,38,0,10,64,0,74,60,6,66,140
10/27/2004,SLE,OR,ANM,WE,Federal Contract Tower,0,3,29,4,36,0,1,40,11,52,0,4,69,15,88,76,4,80,168
10/28/2004,SLE,OR,ANM,WE,Federal Contract Tower,0,3,48,3,54,0,1,28,11,40,0,4,76,14,94,108,4,112,206
10/29/2004,SLE,OR,ANM,WE,Federal Contract Tower,0,1,31,0,32,0,5,31,10,46,0,6,62,10,78,40,2,42,120
10/30/2004,SLE,OR,ANM,WE,Federal Contract Tower,0,1,3,0,4,0,0,41,2,43,0,1,44,2,47,0,0,0,47
10/31/2004,SLE,OR,ANM,WE,Federal Contract Tower,0,0,7,0,7,0,0,83,0,83,0,0,90,0,90,26,0,26,116
11/01/2004,SLE,OR,ANM,WE,Federal Contract Tower,0,3,12,0,15,0,1,8,0,9,0,4,20,0,24,2,0,2,26
11/02/2004,SLE,OR,ANM,WE,Federal Contract Tower,0,3,18,0,21,0,1,0,0,1,0,4,18,0,22,12,0,12,34
11/03/2004,SLE,OR,ANM,WE,Federal Contract Tower,0,5,34,2,41,0,3,37,11,51,0,8,71,13,92,66,6,72,164
11/04/2004,SLE,OR,ANM,WE,Federal Contract Tower,0,2,17,0,19,0,2,77,16,95,0,4,94,16,114,42,6,48,162
11/05/2004,SLE,OR,ANM,WE,Federal Contract Tower,0,2,21,1,24,0,4,84,15,103,0,6,105,16,127,44,6,50,177
11/06/2004,SLE,OR,ANM,WE,Federal Contract Tower,0,0,10,0,10,0,0,27,3,30,0,0,37,3,40,12,0,12,52
11/07/2004,SLE,OR,ANM,WE,Federal Contract Tower,0,0,5,0,5,0,0,19,4,23,0,0,24,4,28,38,2,40,68
11/08/2004,SLE,OR,ANM,WE,Federal Contract Tower,0,2,7,1,10,0,0,1,0,1,0,2,8,1,11,0,0,0,11
11/09/2004,SLE,OR,ANM,WE,Federal Contract Tower,0,4,13,0,17,0,0,12,0,12,0,4,25,0,29,20,0,20,49
11/10/2004,SLE,OR,ANM,WE,Federal Contract Tower,0,3,17,3,23,0,1,15,2,18,0,4,32,5,41,8,0,8,49
11/11/2004,SLE,OR,ANM,WE,Federal Contract Tower,0,1,22,4,27,0,1,24,5,30,0,2,46,9,57,6,2,8,65
11/12/2004,SLE,OR,ANM,WE,Federal Contract Tower,0,7,23,0,30,0,0,0,0,0,0,7,23,0,30,2,0,2,32
11/13/2004,SLE,OR,ANM,WE,Federal Contract Tower,0,0,6,0,6,0,0,0,0,0,0,0,6,0,6,4,0,4,10
11/14/2004,SLE,OR,ANM,WE,Federal Contract Tower,0,0,15,0,15,0,0,42,0,42,0,0,57,0,57,46,0,46,103
11/15/2004,SLE,OR,ANM,WE,Federal Contract Tower,0,3,23,6,32,0,1,0,4,5,0,4,23,10,37,40,6,46,83
11/16/2004,SLE,OR,ANM,WE,Federal Contract Tower,0,2,33,1,36,0,2,34,15,51,0,4,67,16,87,32,26,58,145
11/17/2004,SLE,OR,ANM,WE,Federal Contract Tower,0,6,6,3,15,0,2,11,1,14,0,8,17,4,29,0,0,0,29
11/18/2004,SLE,OR,ANM,WE,Federal Contract Tower,0,7,10,1,18,0,4,40,16,60,0,11,50,17,78,48,12,60,138
11/19/2004,SLE,OR,ANM,WE,Federal Contract Tower,0,5,32,2,39,0,3,62,4,69,0,8,94,6,108,50,0,50,158
11/20/2004,SLE,OR,ANM,WE,Federal Contract Tower,0,0,11,1,12,0,0,36,2,38,0,0,47,3,50,52,4,56,106
11/21/2004,SLE,OR,ANM,WE,Federal Contract Tower,0,3,8,0,11,0,0,32,0,32,0,3,40,0,43,30,0,30,73
11/22/2004,SLE,OR,ANM,WE,Federal Contract Tower,0,5,27,4,36,0,3,35,3,41,0,8,62,7,77,28,12,40,117
11/23/2004,SLE,OR,ANM,WE,Federal Contract Tower,0,7,20,0,27,0,0,5,2,7,0,7,25,2,34,12,0,12,46
11/24/2004,SLE,OR,ANM,WE,Federal Contract Tower,0,5,16,0,21,0,2,22,0,24,0,7,38,0,45,8,0,8,53
11/25/2004,SLE,OR,ANM,WE,Federal Contract Tower,0,0,5,0,5,0,0,17,0,17,0,0,22,0,22,6,0,6,28
11/26/2004,SLE,OR,ANM,WE,Federal Contract Tower,0,9,6,1,16,0,0,0,0,0,0,9,6,1,16,6,0,6,22
11/27/2004,SLE,OR,ANM,WE,Federal Contract Tower,0,4,21,0,25,0,0,74,0,74,0,4,95,0,99,82,0,82,181
11/28/2004,SLE,OR,ANM,WE,Federal Contract Tower,0,0,23,0,23,0,0,0,0,0,0,0,23,0,23,12,0,12,35
11/29/2004,SLE,OR,ANM,WE,Federal Contract Tower,0,8,12,1,21,0,1,1,2,4,0,9,13,3,25,18,6,24,49
11/30/2004,SLE,OR,ANM,WE,Federal Contract Tower,0,4,22,1,27,0,2,3,7,12,0,6,25,8,39,54,24,78,117
12/01/2004,SLE,OR,ANM,WE,Federal Contract Tower,0,2,32,0,34,0,4,42,3,49,0,6,74,3,83,38,2,40,123
12/02/2004,SLE,OR,ANM,WE,Federal Contract Tower,0,6,11,0,17,0,0,0,0,0,0,6,11,0,17,10,0,10,27
12/03/2004,SLE,OR,ANM,WE,Federal Contract Tower,0,10,21,1,32,0,0,0,0,0,0,10,21,1,32,12,0,12,44
12/04/2004,SLE,OR,ANM,WE,Federal Contract Tower,0,0,6,6,12,0,0,43,0,43,0,0,49,6,55,54,6,60,115
12/05/2004,SLE,OR,ANM,WE,Federal Contract Tower,0,0,11,0,11,0,0,39,0,39,0,0,50,0,50,24,0,24,74
12/06/2004,SLE,OR,ANM,WE,Federal Contract Tower,0,5,5,3,13,0,2,14,1,17,0,7,19,4,30,4,2,6,36
12/07/2004,SLE,OR,ANM,WE,Federal Contract Tower,0,6,4,1,11,0,3,6,9,18,0,9,10,10,29,0,11,11,40
12/08/2004,SLE,OR,ANM,WE,Federal Contract Tower,0,7,10,0,17,0,2,17,8,27,0,9,27,8,44,6,0,6,50
12/09/2004,SLE,OR,ANM,WE,Federal Contract Tower,0,6,21,1,28,0,0,2,4,6,0,6,23,5,34,0,11,11,45
12/10/2004,SLE,OR,ANM,WE,Federal Contract Tower,0,3,23,3,29,0,3,26,2,31,0,6,49,5,60,14,0,14,74
12/11/2004,SLE,OR,ANM,WE,Federal Contract Tower,0,0,23,5,28,0,0,40,1,41,0,0,63,6,69,40,0,40,109
12/12/2004,SLE,OR,ANM,WE,Federal Contract Tower,0,0,22,0,22,0,0,44,0,44,0,0,66,0,66,40,0,40,106
12/13/2004,SLE,OR,ANM,WE,Federal Contract Tower,0,3,25,1,29,0,3,32,3,38,0,6,57,4,67,26,0,26,93
12/14/2004,SLE,OR,ANM,WE,Federal Contract Tower,0,1,24,4,29,0,3,28,17,48,0,4,52,21,77,72,16,88,165
12/15/2004,SLE,OR,ANM,WE,Federal Contract Tower,0,8,15,4,27,0,0,2,6,8,0,8,17,10,35,8,34,42,77
12/16/2004,SLE,OR,ANM,WE,Federal Contract Tower,0,7,21,3,31,0,0,0,0,0,0,7,21,3,31,11,6,17,48
12/17/2004,SLE,OR,ANM,WE,Federal Contract Tower,0,1,17,4,22,0,4,35,1,40,0,5,52,5,62,26,5,31,93
12/18/2004,SLE,OR,ANM,WE,Federal Contract Tower,0,1,24,0,25,0,0,128,0,128,0,1,152,0,153,96,0,96,249
12/19/2004,SLE,OR,ANM,WE,Federal Contract Tower,0,2,20,0,22,0,2,19,0,21,0,4,39,0,43,13,0,13,56
12/20/2004,SLE,OR,ANM,WE,Federal Contract Tower,0,3,15,4,22,0,3,29,12,44,0,6,44,16,66,28,2,30,96
12/21/2004,SLE,OR,ANM,WE,Federal Contract Tower,0,5,16,7,28,0,1,8,5,14,0,6,24,12,42,2,14,16,58
12/22/2004,SLE,OR,ANM,WE,Federal Contract Tower,0,4,14,0,18,0,2,5,0,7,0,6,19,0,25,9,0,9,34
12/23/2004,SLE,OR,ANM,WE,Federal Contract Tower,0,6,19,2,27,0,1,3,0,4,0,7,22,2,31,34,1,35,66
12/24/2004,SLE,OR,ANM,WE,Federal Contract Tower,0,6,13,0,19,0,0,0,0,0,0,6,13,0,19,0,0,0,19
12/25/2004,SLE,OR,ANM,WE,Federal Contract Tower,0,0,3,0,3,0,0,9,0,9,0,0,12,0,12,1,0,1,13
12/26/2004,SLE,OR,ANM,WE,Federal Contract Tower,0,0,7,0,7,0,0,61,0,61,0,0,68,0,68,22,0,22,90
12/27/2004,SLE,OR,ANM,WE,Federal Contract Tower,0,2,13,5,20,0,2,81,2,85,0,4,94,7,105,38,0,38,143
12/28/2004,SLE,OR,ANM,WE,Federal Contract Tower,0,2,9,1,12,0,2,73,3,78,0,4,82,4,90,122,0,122,212
12/29/2004,SLE,OR,ANM,WE,Federal Contract Tower,0,3,12,4,19,0,1,0,0,1,0,4,12,4,20,10,6,16,36
12/30/2004,SLE,OR,ANM,WE,Federal Contract Tower,0,3,11,0,14,0,3,29,0,32,0,6,40,0,46,37,0,37,83
12/31/2004,SLE,OR,ANM,WE,Federal Contract Tower,0,6,5,0,11,0,0,7,0,7,0,6,12,0,18,6,0,6,24
01/01/2005,SLE,OR,ANM,WE,Federal Contract Tower,0,0,1,0,1,0,0,10,0,10,0,0,11,0,11,8,0,8,19
01/02/2005,SLE,OR,ANM,WE,Federal Contract Tower,0,0,17,1,18,0,3,100,0,103,0,3,117,1,121,44,0,44,165
01/03/2005,SLE,OR,ANM,WE,Federal Contract Tower,0,1,17,4,22,0,3,90,9,102,0,4,107,13,124,46,4,50,174
01/04/2005,SLE,OR,ANM,WE,Federal Contract Tower,0,1,25,1,27,0,3,56,3,62,0,4,81,4,89,64,2,66,155
01/05/2005,SLE,OR,ANM,WE,Federal Contract Tower,0,1,21,0,22,0,3,76,12,91,0,4,97,12,113,60,2,62,175
01/06/2005,SLE,OR,ANM,WE,Federal Contract Tower,0,3,20,4,27,0,1,28,8,37,0,4,48,12,64,22,0,22,86
01/07/2005,SLE,OR,ANM,WE,Federal Contract Tower,0,5,18,4,27,0,1,0,2,3,0,6,18,6,30,20,16,36,66
01/08/2005,SLE,OR,ANM,WE,Federal Contract Tower,0,0,21,2,23,0,0,17,0,17,0,0,38,2,40,24,0,24,64
01/09/2005,SLE,OR,ANM,WE,Federal Contract Tower,0,0,16,2,18,0,2,33,6,41,0,2,49,8,59,30,0,30,89
01/10/2005,SLE,OR,ANM,WE,Federal Contract Tower,0,2,15,5,22,0,3,40,10,53,0,5,55,15,75,42,0,42,117
01/11/2005,SLE,OR,ANM,WE,Federal Contract Tower,0,3,18,4,25,0,1,49,6,56,0,4,67,10,81,44,4,48,129
01/12/2005,SLE,OR,ANM,WE,Federal Contract Tower,0,3,28,0,31,0,2,0,7,9,0,5,28,7,40,30,7,37,77
01/13/2005,SLE,OR,ANM,WE,Federal Contract Tower,0,10,42,0,52,0,3,15,4,22,0,13,57,4,74,28,0,28,102
01/14/2005,SLE,OR,ANM,WE,Federal Contract Tower,0,0,20,1,21,0,4,48,6,58,0,4,68,7,79,44,0,44,123
01/15/2005,SLE,OR,ANM,WE,Federal Contract Tower,0,1,2,0,3,0,1,0,0,1,0,2,2,0,4,0,0,0,4
01/16/2005,SLE,OR,ANM,WE,Federal Contract Tower,0,2,7,0,9,0,0,0,0,0,0,2,7,0,9,12,0,12,21
01/17/2005,SLE,OR,ANM,WE,Federal Contract Tower,0,2,13,0,15,0,0,7,0,7,0,2,20,0,22,10,0,10,32
01/18/2005,SLE,OR,ANM,WE,Federal Contract Tower,0,3,14,1,18,0,3,38,4,45,0,6,52,5,63,10,0,10,73
01/19/2005,SLE,OR,ANM,WE,Federal Contract Tower,0,3,18,0,21,0,3,122,6,131,0,6,140,6,152,68,2,70,222
01/20/2005,SLE,OR,ANM,WE,Federal Contract Tower,0,4,27,4,35,0,2,42,2,46,0,6,69,6,81,56,0,56,137
01/21/2005,SLE,OR,ANM,WE,Federal Contract Tower,0,3,13,1,17,0,3,32,7,42,0,6,45,8,59,44,6,50,109
01/22/2005,SLE,OR,ANM,WE,Federal Contract Tower,0,0,7,1,8,0,0,87,0,87,0,0,94,1,95,12,0,12,107
01/23/2005,SLE,OR,ANM,WE,Federal Contract Tower,0,0,11,0,11,0,0,62,0,62,0,0,73,0,73,12,0,12,85
01/24/2005,SLE,OR,ANM,WE,Federal Contract Tower,0,2,8,0,10,0,0,0,0,0,0,2,8,0,10,4,0,4,14
01/25/2005,SLE,OR,ANM,WE,Federal Contract Tower,0,3,26,0,29,0,1,10,1,12,0,4,36,1,41,40,0,40,81
01/26/2005,SLE,OR,ANM,WE,Federal Contract Tower,0,2,23,4,29,0,8,67,5,80,0,10,90,9,109,96,2,98,207
01/27/2005,SLE,OR,ANM,WE,Federal Contract Tower,0,3,19,2,24,0,1,37,12,50,0,4,56,14,74,57,2,59,133
01/28/2005,SLE,OR,ANM,WE,Federal Contract Tower,0,3,20,2,25,0,3,37,12,52,0,6,57,14,77,39,4,43,120
01/29/2005,SLE,OR,ANM,WE,Federal Contract Tower,0,0,17,0,17,0,0,37,0,37,0,0,54,0,54,28,0,28,82
01/30/2005,SLE,OR,ANM,WE,Federal Contract Tower,0,0,18,0,18,0,0,155,0,155,0,0,173,0,173,44,0,44,217
01/31/2005,SLE,OR,ANM,WE,Federal Contract Tower,0,4,15,1,20,0,1,28,4,33,0,5,43,5,53,32,0,32,85
02/01/2005,SLE,OR,ANM,WE,Federal Contract Tower,0,2,14,2,18,0,1,17,2,20,0,3,31,4,38,22,0,22,60
02/02/2005,SLE,OR,ANM,WE,Federal Contract Tower,0,2,18,1,21,0,0,7,0,7,0,2,25,1,28,4,0,4,32
02/03/2005,SLE,OR,ANM,WE,Federal Contract Tower,0,4,10,0,14,0,0,8,3,11,0,4,18,3,25,8,0,8,33
02/04/2005,SLE,OR,ANM,WE,Federal Contract Tower,0,3,23,0,26,0,3,33,11,47,0,6,56,11,73,52,0,52,125
02/05/2005,SLE,OR,ANM,WE,Federal Contract Tower,0,0,10,0,10,0,0,102,25,127,0,0,112,25,137,22,12,34,171
02/06/2005,SLE,OR,ANM,WE,Federal Contract Tower,0,0,9,0,9,0,0,5,0,5,0,0,14,0,14,6,0,6,20
02/07/2005,SLE,OR,ANM,WE,Federal Contract Tower,0,2,18,3,23,0,2,46,2,50,0,4,64,5,73,34,0,34,107
02/08/2005,SLE,OR,ANM,WE,Federal Contract Tower,0,2,18,3,23,0,0,18,11,29,0,2,36,14,52,32,18,50,102
02/09/2005,SLE,OR,ANM,WE,Federal Contract Tower,0,4,17,1,22,0,0,19,1,20,0,4,36,2,42,12,0,12,54
02/10/2005,SLE,OR,ANM,WE,Federal Contract Tower,0,4,17,1,22,0,0,19,1,20,0,4,36,2,42,12,0,12,54
02/11/2005,SLE,OR,ANM,WE,Federal Contract Tower,0,5,23,2,30,0,9,97,4,110,0,14,120,6,140,68,0,68,208
02/12/2005,SLE,OR,ANM,WE,Federal Contract Tower,0,0,21,0,21,0,0,0,12,12,0,0,21,12,33,40,48,88,121
02/13/2005,SLE,OR,ANM,WE,Federal Contract Tower,0,0,13,0,13,0,0,82,0,82,0,0,95,0,95,32,0,32,127
02/14/2005,SLE,OR,ANM,WE,Federal Contract Tower,0,3,8,3,14,0,1,49,5,55,0,4,57,8,69,2,2,4,73
02/15/2005,SLE,OR,ANM,WE,Federal Contract Tower,0,1,17,5,23,0,3,80,5,88,0,4,97,10,111,26,0,26,137
02/16/2005,SLE,OR,ANM,WE,Federal Contract Tower,0,1,10,2,13,0,3,94,6,103,0,4,104,8,116,46,10,56,172
02/17/2005,SLE,OR,ANM,WE,Federal Contract Tower,0,1,13,5,19,0,3,106,14,123,0,4,119,19,142,18,6,24,166
02/18/2005,SLE,OR,ANM,WE,Federal Contract Tower,0,1,8,0,9,0,2,90,5,97,0,3,98,5,106,32,2,34,140
02/19/2005,SLE,OR,ANM,WE,Federal Contract Tower,0,1,17,0,18,0,0,69,0,69,0,1,86,0,87,57,0,57,144
02/20/2005,SLE,OR,ANM,WE,Federal Contract Tower,0,0,21,0,21,0,0,67,0,67,0,0,88,0,88,34,0,34,122
02/21/2005,SLE,OR,ANM,WE,Federal Contract Tower,0,0,17,0,17,0,3,81,0,84,0,3,98,0,101,30,0,30,131
02/22/2005,SLE,OR,ANM,WE,Federal Contract Tower,0,3,11,2,16,0,0,76,5,81,0,3,87,7,97,18,0,18,115
02/23/2005,SLE,OR,ANM,WE,Federal Contract Tower,0,3,9,2,14,0,3,95,3,101,0,6,104,5,115,40,2,42,157
02/24/2005,SLE,OR,ANM,WE,Federal Contract Tower,0,1,32,8,41,0,5,101,18,124,0,6,133,26,165,44,2,46,211
02/25/2005,SLE,OR,ANM,WE,Federal Contract Tower,0,5,28,1,34,0,3,24,3,30,0,8,52,4,64,22,0,22,86
02/26/2005,SLE,OR,ANM,WE,Federal Contract Tower,0,1,38,0,39,0,0,31,0,31,0,1,69,0,70,46,0,46,116
02/27/2005,SLE,OR,ANM,WE,Federal Contract Tower,0,0,25,0,25,0,0,67,0,67,0,0,92,0,92,48,0,48,140
02/28/2005,SLE,OR,ANM,WE,Federal Contract Tower,0,3,8,0,11,0,1,22,0,23,0,4,30,0,34,10,0,10,44
03/01/2005,SLE,OR,ANM,WE,Federal Contract Tower,0,3,17,0,20,0,1,46,2,49,0,4,63,2,69,32,6,38,107
03/02/2005,SLE,OR,ANM,WE,Federal Contract Tower,0,5,22,0,27,0,1,36,8,45,0,6,58,8,72,40,0,40,112
03/03/2005,SLE,OR,ANM,WE,Federal Contract Tower,0,3,25,0,28,0,3,81,4,88,0,6,106,4,116,48,2,50,166
03/04/2005,SLE,OR,ANM,WE,Federal Contract Tower,0,2,15,0,17,0,2,69,6,77,0,4,84,6,94,30,18,48,142
03/05/2005,SLE,OR,ANM,WE,Federal Contract Tower,0,3,17,0,20,0,0,53,14,67,0,3,70,14,87,34,0,34,121
03/06/2005,SLE,OR,ANM,WE,Federal Contract Tower,0,0,15,2,17,0,0,108,5,113,0,0,123,7,130,24,0,24,154
03/07/2005,SLE,OR,ANM,WE,Federal Contract Tower,0,2,9,0,11,0,2,45,4,51,0,4,54,4,62,14,0,14,76
03/08/2005,SLE,OR,ANM,WE,Federal Contract Tower,0,1,9,1,11,0,3,81,15,99,0,4,90,16,110,44,12,56,166
03/09/2005,SLE,OR,ANM,WE,Federal Contract Tower,0,2,15,3,20,0,4,100,12,116,0,6,115,15,136,52,6,58,194
03/10/2005,SLE,OR,ANM,WE,Federal Contract Tower,0,5,30,0,35,0,7,111,6,124,0,12,141,6,159,74,0,74,233
03/11/2005,SLE,OR,ANM,WE,Federal Contract Tower,0,3,15,2,20,0,3,148,5,156,0,6,163,7,176,35,0,35,211
03/12/2005,SLE,OR,ANM,WE,Federal Contract Tower,0,0,16,2,18,0,0,114,4,118,0,0,130,6,136,54,0,54,190
03/13/2005,SLE,OR,ANM,WE,Federal Contract Tower,0,0,18,3,21,0,0,109,0,109,0,0,127,3,130,30,2,32,162
03/14/2005,SLE,OR,ANM,WE,Federal Contract Tower,0,1,10,2,13,0,3,76,4,83,0,4,86,6,96,22,0,22,118
03/15/2005,SLE,OR,ANM,WE,Federal Contract Tower,0,3,22,1,26,0,3,65,0,68,0,6,87,1,94,44,0,44,138
03/16/2005,SLE,OR,ANM,WE,Federal Contract Tower,0,4,12,1,17,0,0,45,0,45,0,4,57,1,62,6,0,6,68
03/17/2005,SLE,OR,ANM,WE,Federal Contract Tower,0,0,13,1,14,0,4,85,5,94,0,4,98,6,108,58,0,58,166
03/18/2005,SLE,OR,ANM,WE,Federal Contract Tower,0,1,20,2,23,0,5,90,4,99,0,6,110,6,122,50,4,54,176
03/19/2005,SLE,OR,ANM,WE,Federal Contract Tower,0,0,10,0,10,0,0,4,0,4,0,0,14,0,14,16,0,16,30
03/20/2005,SLE,OR,ANM,WE,Federal Contract Tower,0,0,5,0,5,0,0,16,0,16,0,0,21,0,21,10,0,10,31
03/21/2005,SLE,OR,ANM,WE,Federal Contract Tower,0,2,11,1,14,0,2,29,4,35,0,4,40,5,49,40,0,40,89
03/22/2005,SLE,OR,ANM,WE,Federal Contract Tower,0,2,25,1,28,0,2,79,9,90,0,4,104,10,118,50,6,56,174
03/23/2005,SLE,OR,ANM,WE,Federal Contract Tower,0,2,17,1,20,0,2,47,6,55,0,4,64,7,75,56,8,64,139
03/24/2005,SLE,OR,ANM,WE,Federal Contract Tower,0,2,11,3,16,0,2,51,13,66,0,4,62,16,82,40,8,48,130
03/25/2005,SLE,OR,ANM,WE,Federal Contract Tower,0,1,33,2,36,0,5,77,3,85,0,6,110,5,121,78,0,78,199
03/26/2005,SLE,OR,ANM,WE,Federal Contract Tower,0,1,19,0,20,0,0,1,0,1,0,1,20,0,21,18,0,18,39
03/27/2005,SLE,OR,ANM,WE,Federal Contract Tower,0,1,12,0,13,0,0,3,0,3,0,1,15,0,16,6,0,6,22
03/28/2005,SLE,OR,ANM,WE,Federal Contract Tower,0,6,17,3,26,0,0,9,0,9,0,6,26,3,35,16,0,16,51
03/29/2005,SLE,OR,ANM,WE,Federal Contract Tower,0,3,7,0,10,0,3,19,5,27,0,6,26,5,37,4,10,14,51
03/30/2005,SLE,OR,ANM,WE,Federal Contract Tower,0,3,20,0,23,0,1,80,9,90,0,4,100,9,113,50,0,50,163
03/31/2005,SLE,OR,ANM,WE,Federal Contract Tower,0,2,15,0,17,0,2,155,8,165,0,4,170,8,182,86,8,94,276
04/01/2005,SLE,OR,ANM,WE,Federal Contract Tower,0,1,13,3,17,0,3,34,4,41,0,4,47,7,58,22,2,24,82
04/02/2005,SLE,OR,ANM,WE,Federal Contract Tower,0,0,28,0,28,0,0,107,2,109,0,0,135,2,137,46,0,46,183
04/03/2005,SLE,OR,ANM,WE,Federal Contract Tower,0,0,9,0,9,0,0,30,0,30,0,0,39,0,39,8,0,8,47
04/04/2005,SLE,OR,ANM,WE,Federal Contract Tower,0,3,12,0,15,0,1,50,4,55,0,4,62,4,70,60,0,60,130
04/05/2005,SLE,OR,ANM,WE,Federal Contract Tower,0,3,15,0,18,0,1,54,12,67,0,4,69,12,85,30,0,30,115
04/06/2005,SLE,OR,ANM,WE,Federal Contract Tower,0,0,17,1,18,0,4,92,14,110,0,4,109,15,128,50,0,50,178
04/07/2005,SLE,OR,ANM,WE,Federal Contract Tower,0,3,33,3,39,0,7,22,11,40,0,10,55,14,79,46,8,54,133
04/08/2005,SLE,OR,ANM,WE,Federal Contract Tower,0,4,18,0,22,0,0,32,4,36,0,4,50,4,58,34,0,34,92
04/09/2005,SLE,OR,ANM,WE,Federal Contract Tower,0,1,9,2,12,0,0,119,15,134,0,1,128,17,146,50,0,50,196
04/10/2005,SLE,OR,ANM,WE,Federal Contract Tower,0,0,13,0,13,0,0,109,6,115,0,0,122,6,128,22,16,38,166
04/11/2005,SLE,OR,ANM,WE,Federal Contract Tower,0,3,9,0,12,0,1,29,3,33,0,4,38,3,45,8,0,8,53
04/12/2005,SLE,OR,ANM,WE,Federal Contract Tower,0,2,16,0,18,0,2,32,6,40,0,4,48,6,58,32,0,32,90
04/13/2005,SLE,OR,ANM,WE,Federal Contract Tower,0,3,10,0,13,0,1,38,3,42,0,4,48,3,55,24,0,24,79
04/14/2005,SLE,OR,ANM,WE,Federal Contract Tower,0,5,31,5,41,0,2,45,5,52,0,7,76,10,93,58,6,64,157
04/15/2005,SLE,OR,ANM,WE,Federal Contract Tower,0,1,17,0,18,0,9,41,6,56,0,10,58,6,74,32,2,34,108
04/16/2005,SLE,OR,ANM,WE,Federal Contract Tower,0,1,17,0,18,0,0,21,8,29,0,1,38,8,47,30,0,30,77
04/17/2005,SLE,OR,ANM,WE,Federal Contract Tower,0,0,12,0,12,0,0,24,2,26,0,0,36,2,38,6,0,6,44
04/18/2005,SLE,OR,ANM,WE,Federal Contract Tower,0,2,19,0,21,0,2,40,2,44,0,4,59,2,65,8,0,8,73
04/19/2005,SLE,OR,ANM,WE,Federal Contract Tower,0,2,19,2,23,0,2,137,11,150,0,4,156,13,173,78,16,94,267
04/20/2005,SLE,OR,ANM,WE,Federal Contract Tower,0,4,17,2,23,0,1,118,12,131,0,5,135,14,154,58,2,60,214
04/21/2005,SLE,OR,ANM,WE,Federal Contract Tower,0,1,22,4,27,0,3,53,10,66,0,4,75,14,93,30,16,46,139
04/22/2005,SLE,OR,ANM,WE,Federal Contract Tower,0,3,4,2,9,0,5,111,8,124,0,8,115,10,133,46,0,46,179
04/23/2005,SLE,OR,ANM,WE,Federal Contract Tower,0,0,23,0,23,0,0,33,0,33,0,0,56,0,56,36,0,36,92
04/24/2005,SLE,OR,ANM,WE,Federal Contract Tower,0,0,19,0,19,0,0,39,0,39,0,0,58,0,58,22,0,22,80
04/25/2005,SLE,OR,ANM,WE,Federal Contract Tower,0,3,37,2,42,0,1,43,4,48,0,4,80,6,90,48,0,48,138
04/26/2005,SLE,OR,ANM,WE,Federal Contract Tower,0,2,20,4,26,0,2,77,11,90,0,4,97,15,116,16,16,32,148
04/27/2005,SLE,OR,ANM,WE,Federal Contract Tower,0,2,30,1,33,0,2,93,9,104,0,4,123,10,137,46,10,56,193
04/28/2005,SLE,OR,ANM,WE,Federal Contract Tower,0,2,15,1,18,0,2,101,13,116,0,4,116,14,134,52,1,53,187
04/29/2005,SLE,OR,ANM,WE,Federal Contract Tower,0,3,32,1,36,0,2,53,12,67,0,5,85,13,103,40,38,78,181
04/30/2005,SLE,OR,ANM,WE,Federal Contract Tower,0,0,7,0,7,0,0,137,2,139,0,0,144,2,146,68,0,68,214
05/01/2005,SLE,OR,ANM,WE,Federal Contract Tower,0,0,6,0,6,0,0,86,1,87,0,0,92,1,93,44,0,44,137
05/02/2005,SLE,OR,ANM,WE,Federal Contract Tower,0,2,19,0,21,8,2,63,4,77,8,4,82,4,98,50,0,50,148
05/03/2005,SLE,OR,ANM,WE,Federal Contract Tower,0,2,16,0,18,0,4,106,16,126,0,6,122,16,144,80,0,80,224
05/04/2005,SLE,OR,ANM,WE,Federal Contract Tower,0,4,27,1,32,0,1,59,8,68,0,5,86,9,100,54,4,58,158
05/05/2005,SLE,OR,ANM,WE,Federal Contract Tower,0,4,29,5,38,0,0,22,7,29,0,4,51,12,67,16,0,16,83
05/06/2005,SLE,OR,ANM,WE,Federal Contract Tower,0,2,3,7,12,0,2,96,0,98,0,4,99,7,110,58,0,58,168
05/07/2005,SLE,OR,ANM,WE,Federal Contract Tower,0,0,34,0,34,0,0,135,2,137,0,0,169,2,171,52,0,52,223
05/08/2005,SLE,OR,ANM,WE,Federal Contract Tower,0,0,6,0,6,0,0,42,0,42,0,0,48,0,48,38,0,38,86
05/09/2005,SLE,OR,ANM,WE,Federal Contract Tower,0,4,29,0,33,0,0,0,0,0,0,4,29,0,33,22,0,22,55
05/10/2005,SLE,OR,ANM,WE,Federal Contract Tower,0,3,16,4,23,0,1,36,6,43,0,4,52,10,66,22,2,24,90
05/11/2005,SLE,OR,ANM,WE,Federal Contract Tower,0,3,17,7,27,0,1,95,9,105,0,4,112,16,132,56,6,62,194
05/12/2005,SLE,OR,ANM,WE,Federal Contract Tower,0,3,8,0,11,0,3,66,7,76,0,6,74,7,87,118,14,132,219
05/13/2005,SLE,OR,ANM,WE,Federal Contract Tower,0,3,14,2,19,0,7,127,14,148,0,10,141,16,167,24,28,52,219
05/14/2005,SLE,OR,ANM,WE,Federal Contract Tower,0,0,9,1,10,0,0,84,7,91,0,0,93,8,101,38,6,44,145
05/15/2005,SLE,OR,ANM,WE,Federal Contract Tower,0,2,20,0,22,0,0,34,13,47,0,2,54,13,69,20,0,20,89
05/16/2005,SLE,OR,ANM,WE,Federal Contract Tower,0,7,13,5,25,0,1,38,13,52,0,8,51,18,77,38,14,52,129
05/17/2005,SLE,OR,ANM,WE,Federal Contract Tower,0,6,19,1,26,0,2,42,21,65,0,8,61,22,91,64,10,74,165
05/18/2005,SLE,OR,ANM,WE,Federal Contract Tower,0,4,17,0,21,0,0,51,10,61,0,4,68,10,82,30,12,42,124
05/19/2005,SLE,OR,ANM,WE,Federal Contract Tower,0,7,7,0,14,0,1,20,7,28,0,8,27,7,42,22,0,22,64
05/20/2005,SLE,OR,ANM,WE,Federal Contract Tower,0,4,17,2,23,0,5,89,10,104,0,9,106,12,127,26,8,34,161
05/21/2005,SLE,OR,ANM,WE,Federal Contract Tower,0,1,8,0,9,0,0,110,10,120,0,1,118,10,129,44,12,56,185
05/22/2005,SLE,OR,ANM,WE,Federal Contract Tower,0,2,18,0,20,0,0,80,4,84,0,2,98,4,104,50,0,50,154
05/23/2005,SLE,OR,ANM,WE,Federal Contract Tower,0,6,13,2,21,0,0,111,4,115,0,6,124,6,136,60,0,60,196
05/24/2005,SLE,OR,ANM,WE,Federal Contract Tower,0,2,34,2,38,0,2,110,6,118,0,4,144,8,156,82,0,82,238
05/25/2005,SLE,OR,ANM,WE,Federal Contract Tower,0,2,7,1,10,0,6,149,13,168,0,8,156,14,178,44,0,44,222
05/26/2005,SLE,OR,ANM,WE,Federal Contract Tower,0,4,15,2,21,0,6,138,24,168,0,10,153,26,189,40,7,47,236
05/27/2005,SLE,OR,ANM,WE,Federal Contract Tower,0,2,16,2,20,0,4,122,8,134,0,6,138,10,154,44,6,50,204
05/28/2005,SLE,OR,ANM,WE,Federal Contract Tower,0,0,22,0,22,0,0,108,4,112,0,0,130,4,134,68,0,68,202
05/29/2005,SLE,OR,ANM,WE,Federal Contract Tower,0,0,25,0,25,0,0,63,0,63,0,0,88,0,88,46,0,46,134
05/30/2005,SLE,OR,ANM,WE,Federal Contract Tower,0,0,26,0,26,0,0,103,7,110,0,0,129,7,136,36,0,36,172
05/31/2005,SLE,OR,ANM,WE,Federal Contract Tower,0,2,42,6,50,0,2,24,7,33,0,4,66,13,83,58,0,58,141
06/01/2005,SLE,OR,ANM,WE,Federal Contract Tower,0,1,24,4,29,0,3,28,16,47,0,4,52,20,76,46,8,54,130
06/02/2005,SLE,OR,ANM,WE,Federal Contract Tower,0,2,34,2,38,0,2,68,12,82,0,4,102,14,120,52,0,52,172
06/03/2005,SLE,OR,ANM,WE,Federal Contract Tower,0,8,32,2,42,0,6,90,10,106,0,14,122,12,148,44,0,44,192
06/04/2005,SLE,OR,ANM,WE,Federal Contract Tower,0,1,18,2,21,0,0,111,1,112,0,1,129,3,133,64,0,64,197
06/05/2005,SLE,OR,ANM,WE,Federal Contract Tower,0,0,8,2,10,0,0,29,0,29,0,0,37,2,39,14,0,14,53
06/06/2005,SLE,OR,ANM,WE,Federal Contract Tower,0,2,23,1,26,0,3,5,4,12,0,5,28,5,38,38,4,42,80
06/07/2005,SLE,OR,ANM,WE,Federal Contract Tower,0,6,21,1,28,0,4,12,3,19,0,10,33,4,47,34,0,34,81
06/08/2005,SLE,OR,ANM,WE,Federal Contract Tower,0,3,26,3,32,0,3,76,11,90,0,6,102,14,122,56,0,56,178
06/09/2005,SLE,OR,ANM,WE,Federal Contract Tower,0,4,5,4,13,0,4,163,13,180,0,8,168,17,193,110,0,110,303
06/10/2005,SLE,OR,ANM,WE,Federal Contract Tower,0,2,25,2,29,0,6,54,4,64,0,8,79,6,93,73,2,75,168
06/11/2005,SLE,OR,ANM,WE,Federal Contract Tower,0,0,16,0,16,0,0,95,15,110,0,0,111,15,126,56,0,56,182
06/12/2005,SLE,OR,ANM,WE,Federal Contract Tower,0,0,13,2,15,0,0,95,0,95,0,0,108,2,110,26,0,26,136
06/13/2005,SLE,OR,ANM,WE,Federal Contract Tower,0,6,14,6,26,0,2,46,1,49,0,8,60,7,75,34,0,34,109
06/14/2005,SLE,OR,ANM,WE,Federal Contract Tower,0,2,19,4,25,0,2,89,8,99,0,4,108,12,124,70,4,74,198
06/15/2005,SLE,OR,ANM,WE,Federal Contract Tower,0,2,17,2,21,0,2,127,4,133,0,4,144,6,154,112,0,112,266
06/16/2005,SLE,OR,ANM,WE,Federal Contract Tower,0,2,25,2,29,0,2,37,13,52,0,4,62,15,81,45,0,45,126
06/17/2005,SLE,OR,ANM,WE,Federal Contract Tower,0,1,28,2,31,0,3,36,2,41,0,4,64,4,72,66,6,72,144
06/18/2005,SLE,OR,ANM,WE,Federal Contract Tower,0,0,30,4,34,0,0,41,0,41,0,0,71,4,75,46,0,46,121
06/19/2005,SLE,OR,ANM,WE,Federal Contract Tower,0,0,10,2,12,0,0,79,1,80,0,0,89,3,92,10,0,10,102
06/20/2005,SLE,OR,ANM,WE,Federal Contract Tower,0,5,17,5,27,0,2,47,2,51,0,7,64,7,78,62,0,62,140
06/21/2005,SLE,OR,ANM,WE,Federal Contract Tower,0,3,18,2,23,0,5,117,3,125,0,8,135,5,148,70,2,72,220
06/22/2005,SLE,OR,ANM,WE,Federal Contract Tower,0,1,41,1,43,0,3,87,11,101,0,4,128,12,144,88,0,88,232
06/23/2005,SLE,OR,ANM,WE,Federal Contract Tower,0,2,28,6,36,0,2,104,13,119,0,4,132,19,155,64,2,66,221
06/24/2005,SLE,OR,ANM,WE,Federal Contract Tower,0,7,23,0,30,0,5,131,12,148,0,12,154,12,178,82,0,82,260
06/25/2005,SLE,OR,ANM,WE,Federal Contract Tower,0,0,19,0,19,0,0,104,15,119,0,0,123,15,138,70,0,70,208
06/26/2005,SLE,OR,ANM,WE,Federal Contract Tower,0,1,31,0,32,0,3,87,4,94,0,4,118,4,126,66,0,66,192
06/27/2005,SLE,OR,ANM,WE,Federal Contract Tower,0,5,35,0,40,0,1,13,1,15,0,6,48,1,55,0,0,0,55
06/28/2005,SLE,OR,ANM,WE,Federal Contract Tower,0,2,30,1,33,0,2,72,0,74,0,4,102,1,107,42,0,42,149
06/29/2005,SLE,OR,ANM,WE,Federal Contract Tower,0,3,34,3,40,0,2,89,12,103,0,5,123,15,143,98,0,98,241
06/30/2005,SLE,OR,ANM,WE,Federal Contract Tower,0,5,41,1,47,0,0,133,7,140,0,5,174,8,187,60,0,60,247
07/01/2005,SLE,OR,ANM,WE,Federal Contract Tower,0,4,16,0,20,0,8,116,2,126,0,12,132,2,146,44,0,44,190
07/02/2005,SLE,OR,ANM,WE,Federal Contract Tower,0,0,16,0,16,0,2,94,1,97,0,2,110,1,113,56,0,56,169
07/03/2005,SLE,OR,ANM,WE,Federal Contract Tower,0,0,5,0,5,0,0,90,1,91,0,0,95,1,96,12,0,12,108
07/04/2005,SLE,OR,ANM,WE,Federal Contract Tower,0,0,2,0,2,0,0,65,1,66,0,0,67,1,68,20,0,20,88
07/05/2005,SLE,OR,ANM,WE,Federal Contract Tower,0,3,7,1,11,0,5,113,14,132,0,8,120,15,143,48,4,52,195
07/06/2005,SLE,OR,ANM,WE,Federal Contract Tower,0,8,22,6,36,0,6,56,7,69,0,14,78,13,105,22,10,32,137
07/07/2005,SLE,OR,ANM,WE,Federal Contract Tower,0,6,30,1,37,0,1,78,4,83,0,7,108,5,120,48,0,48,168
07/08/2005,SLE,OR,ANM,WE,Federal Contract Tower,0,8,37,0,45,0,0,73,12,85,0,8,110,12,130,40,0,40,170
07/09/2005,SLE,OR,ANM,WE,Federal Contract Tower,0,0,7,1,8,0,0,74,7,81,0,0,81,8,89,54,4,58,147
07/10/2005,SLE,OR,ANM,WE,Federal Contract Tower,0,0,15,0,15,0,0,45,0,45,0,0,60,0,60,32,0,32,92
07/11/2005,SLE,OR,ANM,WE,Federal Contract Tower,0,1,16,0,17,0,5,54,9,68,0,6,70,9,85,48,0,48,133
07/12/2005,SLE,OR,ANM,WE,Federal Contract Tower,0,4,18,0,22,0,1,74,7,82,0,5,92,7,104,58,0,58,162
07/13/2005,SLE,OR,ANM,WE,Federal Contract Tower,0,1,28,2,31,0,3,79,6,88,0,4,107,8,119,102,0,102,221
07/14/2005,SLE,OR,ANM,WE,Federal Contract Tower,0,2,45,3,50,0,2,107,5,114,0,4,152,8,164,64,4,68,232
07/15/2005,SLE,OR,ANM,WE,Federal Contract Tower,0,1,32,2,35,0,5,98,7,110,0,6,130,9,145,50,9,59,204
07/16/2005,SLE,OR,ANM,WE,Federal Contract Tower,0,0,16,0,16,0,2,164,0,166,0,2,180,0,182,30,0,30,212
07/17/2005,SLE,OR,ANM,WE,Federal Contract Tower,0,0,19,0,19,0,0,157,0,157,0,0,176,0,176,52,0,52,228
07/18/2005,SLE,OR,ANM,WE,Federal Contract Tower,0,2,23,0,25,0,4,47,6,57,0,6,70,6,82,46,0,46,128
07/19/2005,SLE,OR,ANM,WE,Federal Contract Tower,0,1,13,0,14,0,5,88,3,96,0,6,101,3,110,68,0,68,178
07/20/2005,SLE,OR,ANM,WE,Federal Contract Tower,0,1,24,1,26,0,7,110,6,123,0,8,134,7,149,84,4,88,237
07/21/2005,SLE,OR,ANM,WE,Federal Contract Tower,0,5,23,3,31,0,3,93,14,110,0,8,116,17,141,44,6,50,191
07/22/2005,SLE,OR,ANM,WE,Federal Contract Tower,0,2,17,3,22,0,4,91,19,114,0,6,108,22,136,56,2,58,194
07/23/2005,SLE,OR,ANM,WE,Federal Contract Tower,0,0,23,0,23,0,0,102,2,104,0,0,125,2,127,14,0,14,141
07/24/2005,SLE,OR,ANM,WE,Federal Contract Tower,0,0,6,1,7,0,0,87,2,89,0,0,93,3,96,14,0,14,110
07/25/2005,SLE,OR,ANM,WE,Federal Contract Tower,0,1,4,0,5,0,5,67,16,88,0,6,71,16,93,18,0,18,111
07/26/2005,SLE,OR,ANM,WE,Federal Contract Tower,0,4,10,3,17,0,4,106,9,119,0,8,116,12,136,42,2,44,180
07/27/2005,SLE,OR,ANM,WE,Federal Contract Tower,0,2,15,2,19,0,4,89,10,103,0,6,104,12,122,50,0,50,172
07/28/2005,SLE,OR,ANM,WE,Federal Contract Tower,0,0,12,2,14,0,6,98,10,114,0,6,110,12,128,18,0,18,146
07/29/2005,SLE,OR,ANM,WE,Federal Contract Tower,0,5,27,2,34,0,5,133,6,144,0,10,160,8,178,66,0,66,244
07/30/2005,SLE,OR,ANM,WE,Federal Contract Tower,0,2,18,0,20,0,0,97,2,99,0,2,115,2,119,26,2,28,147
07/31/2005,SLE,OR,ANM,WE,Federal Contract Tower,0,0,3,0,3,0,0,116,0,116,0,0,119,0,119,20,0,20,139
08/01/2005,SLE,OR,ANM,WE,Federal Contract Tower,0,2,21,2,25,0,4,78,5,87,0,6,99,7,112,40,6,46,158
08/02/2005,SLE,OR,ANM,WE,Federal Contract Tower,0,3,22,0,25,0,5,50,6,61,0,8,72,6,86,22,2,24,110
08/03/2005,SLE,OR,ANM,WE,Federal Contract Tower,0,2,15,2,19,0,5,63,7,75,0,7,78,9,94,70,8,78,172
08/04/2005,SLE,OR,ANM,WE,Federal Contract Tower,0,1,15,0,16,0,5,90,5,100,0,6,105,5,116,18,0,18,134
08/05/2005,SLE,OR,ANM,WE,Federal Contract Tower,0,4,18,0,22,0,4,87,3,94,0,8,105,3,116,46,0,46,162
08/06/2005,SLE,OR,ANM,WE,Federal Contract Tower,0,1,10,0,11,0,0,100,7,107,0,1,110,7,118,68,1,69,187
08/07/2005,SLE,OR,ANM,WE,Federal Contract Tower,0,1,11,0,12,0,0,79,0,79,0,1,90,0,91,26,0,26,117
08/08/2005,SLE,OR,ANM,WE,Federal Contract Tower,0,0,8,2,10,0,6,59,4,69,0,6,67,6,79,2,0,2,81
08/09/2005,SLE,OR,ANM,WE,Federal Contract Tower,0,0,15,3,18,0,6,100,1,107,0,6,115,4,125,32,0,32,157
08/10/2005,SLE,OR,ANM,WE,Federal Contract Tower,0,5,31,0,36,0,3,90,0,93,0,8,121,0,129,47,0,47,176
08/11/2005,SLE,OR,ANM,WE,Federal Contract Tower,0,3,19,2,24,0,7,108,5,120,0,10,127,7,144,78,0,78,222
08/12/2005,SLE,OR,ANM,WE,Federal Contract Tower,0,1,21,4,26,0,9,115,10,134,0,10,136,14,160,60,0,60,220
08/13/2005,SLE,OR,ANM,WE,Federal Contract Tower,0,0,17,2,19,0,0,77,2,79,0,0,94,4,98,38,0,38,136
08/14/2005,SLE,OR,ANM,WE,Federal Contract Tower,0,2,6,0,8,0,0,89,0,89,0,2,95,0,97,42,0,42,139
08/15/2005,SLE,OR,ANM,WE,Federal Contract Tower,0,1,22,0,23,0,5,70,8,83,0,6,92,8,106,64,0,64,170
08/16/2005,SLE,OR,ANM,WE,Federal Contract Tower,0,1,16,0,17,0,3,114,11,128,0,4,130,11,145,82,0,82,227
08/17/2005,SLE,OR,ANM,WE,Federal Contract Tower,0,1,30,2,33,0,7,64,2,73,0,8,94,4,106,78,0,78,184
08/18/2005,SLE,OR,ANM,WE,Federal Contract Tower,0,0,52,0,52,0,6,87,8,101,0,6,139,8,153,94,2,96,249
08/19/2005,SLE,OR,ANM,WE,Federal Contract Tower,0,3,32,2,37,0,5,84,9,98,0,8,116,11,135,66,0,66,201
08/20/2005,SLE,OR,ANM,WE,Federal Contract Tower,0,4,12,0,16,0,0,109,5,114,0,4,121,5,130,18,0,18,148
08/21/2005,SLE,OR,ANM,WE,Federal Contract Tower,0,2,10,0,12,0,0,77,4,81,0,2,87,4,93,36,0,36,129
08/22/2005,SLE,OR,ANM,WE,Federal Contract Tower,0,1,31,0,32,0,5,62,8,75,0,6,93,8,107,64,2,66,173
08/23/2005,SLE,OR,ANM,WE,Federal Contract Tower,0,4,22,2,28,0,5,75,6,86,0,9,97,8,114,60,0,60,174
08/24/2005,SLE,OR,ANM,WE,Federal Contract Tower,0,3,30,0,33,0,3,72,7,82,0,6,102,7,115,28,0,28,143
08/25/2005,SLE,OR,ANM,WE,Federal Contract Tower,0,5,30,2,37,0,3,122,10,135,0,8,152,12,172,94,8,102,274
08/26/2005,SLE,OR,ANM,WE,Federal Contract Tower,0,2,23,1,26,0,4,99,11,114,0,6,122,12,140,24,8,32,172
08/27/2005,SLE,OR,ANM,WE,Federal Contract Tower,0,2,17,0,19,0,2,137,6,145,0,4,154,6,164,48,0,48,212
08/28/2005,SLE,OR,ANM,WE,Federal Contract Tower,0,2,15,0,17,0,0,96,1,97,0,2,111,1,114,22,0,22,136
08/29/2005,SLE,OR,ANM,WE,Federal Contract Tower,0,5,25,1,31,0,3,35,2,40,0,8,60,3,71,66,0,66,137
08/30/2005,SLE,OR,ANM,WE,Federal Contract Tower,0,2,33,0,35,0,4,63,5,72,0,6,96,5,107,52,16,68,175
08/31/2005,SLE,OR,ANM,WE,Federal Contract Tower,0,5,30,0,35,0,4,91,10,105,0,9,121,10,140,66,6,72,212
09/01/2005,SLE,OR,ANM,WE,Federal Contract Tower,0,5,18,0,23,0,3,102,4,109,0,8,120,4,132,60,0,60,192
09/02/2005,SLE,OR,ANM,WE,Federal Contract Tower,0,2,22,0,24,0,2,92,0,94,0,4,114,0,118,42,0,42,160
09/03/2005,SLE,OR,ANM,WE,Federal Contract Tower,0,0,15,0,15,0,0,112,1,113,0,0,127,1,128,30,0,30,158
09/04/2005,SLE,OR,ANM,WE,Federal Contract Tower,0,0,11,0,11,0,0,61,2,63,0,0,72,2,74,32,0,32,106
09/05/2005,SLE,OR,ANM,WE,Federal Contract Tower,0,3,36,0,39,0,0,128,0,128,0,3,164,0,167,70,0,70,237
09/06/2005,SLE,OR,ANM,WE,Federal Contract Tower,0,2,25,0,27,0,6,116,5,127,0,8,141,5,154,60,2,62,216
09/07/2005,SLE,OR,ANM,WE,Federal Contract Tower,0,2,20,0,22,0,4,90,10,104,0,6,110,10,126,52,6,58,184
09/08/2005,SLE,OR,ANM,WE,Federal Contract Tower,0,1,23,0,24,0,3,67,18,88,0,4,90,18,112,60,6,66,178
09/09/2005,SLE,OR,ANM,WE,Federal Contract Tower,0,3,29,1,33,0,3,51,15,69,0,6,80,16,102,54,0,54,156
09/10/2005,SLE,OR,ANM,WE,Federal Contract Tower,0,1,35,0,36,0,0,18,3,21,0,1,53,3,57,36,0,36,93
09/11/2005,SLE,OR,ANM,WE,Federal Contract Tower,0,0,25,0,25,0,0,62,1,63,0,0,87,1,88,40,0,40,128
09/12/2005,SLE,OR,ANM,WE,Federal Contract Tower,0,0,10,0,10,0,5,80,12,97,0,5,90,12,107,36,0,36,143
09/13/2005,SLE,OR,ANM,WE,Federal Contract Tower,0,1,22,0,23,0,5,73,2,80,0,6,95,2,103,54,0,54,157
09/14/2005,SLE,OR,ANM,WE,Federal Contract Tower,0,0,23,2,25,0,6,133,6,145,0,6,156,8,170,78,0,78,248
09/15/2005,SLE,OR,ANM,WE,Federal Contract Tower,0,1,32,1,34,0,5,104,13,122,0,6,136,14,156,90,0,90,246
09/16/2005,SLE,OR,ANM,WE,Federal Contract Tower,0,2,41,0,43,0,2,33,6,41,0,4,74,6,84,48,1,49,133
09/17/2005,SLE,OR,ANM,WE,Federal Contract Tower,0,2,7,0,9,0,0,69,12,81,0,2,76,12,90,22,10,32,122
09/18/2005,SLE,OR,ANM,WE,Federal Contract Tower,0,0,12,0,12,0,0,150,4,154,0,0,162,4,166,30,0,30,196
09/19/2005,SLE,OR,ANM,WE,Federal Contract Tower,0,2,13,0,15,0,6,76,5,87,0,8,89,5,102,22,0,22,124
09/20/2005,SLE,OR,ANM,WE,Federal Contract Tower,0,1,16,0,17,0,5,123,14,142,0,6,139,14,159,48,10,58,217
09/21/2005,SLE,OR,ANM,WE,Federal Contract Tower,0,0,19,5,24,0,6,104,13,123,0,6,123,18,147,36,2,38,185
09/22/2005,SLE,OR,ANM,WE,Federal Contract Tower,0,1,12,0,13,0,5,78,4,87,0,6,90,4,100,50,4,54,154
09/23/2005,SLE,OR,ANM,WE,Federal Contract Tower,0,1,13,0,14,0,5,84,8,97,0,6,97,8,111,24,0,24,135
09/24/2005,SLE,OR,ANM,WE,Federal Contract Tower,0,0,13,0,13,0,2,111,1,114,0,2,124,1,127,56,0,56,183
09/25/2005,SLE,OR,ANM,WE,Federal Contract Tower,0,0,30,0,30,0,1,96,2,99,0,1,126,2,129,58,0,58,187
09/26/2005,SLE,OR,ANM,WE,Federal Contract Tower,0,2,28,0,30,0,6,55,4,65,0,8,83,4,95,46,0,46,141
09/27/2005,SLE,OR,ANM,WE,Federal Contract Tower,0,4,45,0,49,0,4,73,8,85,0,8,118,8,134,50,0,50,184
09/28/2005,SLE,OR,ANM,WE,Federal Contract Tower,0,0,24,1,25,0,8,136,11,155,0,8,160,12,180,44,0,44,224
09/29/2005,SLE,OR,ANM,WE,Federal Contract Tower,0,2,13,0,15,0,4,57,4,65,0,6,70,4,80,24,0,24,104
09/30/2005,SLE,OR,ANM,WE,Federal Contract Tower,0,8,32,0,40,0,2,7,2,11,0,10,39,2,51,6,4,10,61
10/01/2005,SLE,OR,ANM,WE,Federal Contract Tower,0,0,8,0,8,0,0,46,2,48,0,0,54,2,56,36,0,36,92
10/02/2005,SLE,OR,ANM,WE,Federal Contract Tower,0,0,15,0,15,0,0,16,0,16,0,0,31,0,31,22,0,22,53
10/03/2005,SLE,OR,ANM,WE,Federal Contract Tower,0,2,22,0,24,0,4,12,2,18,0,6,34,2,42,24,0,24,66
10/04/2005,SLE,OR,ANM,WE,Federal Contract Tower,0,1,44,5,50,0,7,66,6,79,0,8,110,11,129,126,0,126,255
10/05/2005,SLE,OR,ANM,WE,Federal Contract Tower,0,1,27,3,31,0,5,68,5,78,0,6,95,8,109,40,2,42,151
10/06/2005,SLE,OR,ANM,WE,Federal Contract Tower,0,2,27,2,31,0,4,59,12,75,0,6,86,14,106,31,1,32,138
10/07/2005,SLE,OR,ANM,WE,Federal Contract Tower,0,1,22,0,23,0,5,47,7,59,0,6,69,7,82,20,0,20,102
10/08/2005,SLE,OR,ANM,WE,Federal Contract Tower,0,0,21,0,21,0,0,27,1,28,0,0,48,1,49,24,0,24,73
10/09/2005,SLE,OR,ANM,WE,Federal Contract Tower,0,0,18,0,18,0,0,87,0,87,0,0,105,0,105,26,0,26,131
10/10/2005,SLE,OR,ANM,WE,Federal Contract Tower,0,1,14,2,17,0,6,57,0,63,0,7,71,2,80,40,0,40,120
10/11/2005,SLE,OR,ANM,WE,Federal Contract Tower,0,0,26,0,26,0,6,56,6,68,0,6,82,6,94,26,0,26,120
10/12/2005,SLE,OR,ANM,WE,Federal Contract Tower,0,5,25,2,32,0,7,80,6,93,0,12,105,8,125,38,0,38,163
10/13/2005,SLE,OR,ANM,WE,Federal Contract Tower,0,2,37,2,41,0,6,36,8,50,0,8,73,10,91,66,0,66,157
10/14/2005,SLE,OR,ANM,WE,Federal Contract Tower,0,2,12,3,17,0,4,52,3,59,0,6,64,6,76,52,0,52,128
10/15/2005,SLE,OR,ANM,WE,Federal Contract Tower,0,0,6,2,8,0,0,14,4,18,0,0,20,6,26,0,0,0,26
10/16/2005,SLE,OR,ANM,WE,Federal Contract Tower,0,0,12,0,12,0,0,88,1,89,0,0,100,1,101,62,0,62,163
10/17/2005,SLE,OR,ANM,WE,Federal Contract Tower,0,1,21,1,23,0,5,64,1,70,0,6,85,2,93,24,54,78,171
10/18/2005,SLE,OR,ANM,WE,Federal Contract Tower,0,2,15,5,22,0,6,45,13,64,0,8,60,18,86,26,48,74,160
10/19/2005,SLE,OR,ANM,WE,Federal Contract Tower,0,2,32,1,35,0,4,28,7,39,0,6,60,8,74,36,0,36,110
10/20/2005,SLE,OR,ANM,WE,Federal Contract Tower,0,2,21,9,32,0,4,61,31,96,0,6,82,40,128,36,56,92,220
10/21/2005,SLE,OR,ANM,WE,Federal Contract Tower,0,1,12,0,13,0,5,110,7,122,0,6,122,7,135,38,0,38,173
10/22/2005,SLE,OR,ANM,WE,Federal Contract Tower,0,0,8,0,8,0,2,104,0,106,0,2,112,0,114,44,0,44,158
10/23/2005,SLE,OR,ANM,WE,Federal Contract Tower,0,0,23,0,23,0,0,2,0,2,0,0,25,0,25,16,0,16,41
10/24/2005,SLE,OR,ANM,WE,Federal Contract Tower,0,4,29,3,36,0,2,25,1,28,0,6,54,4,64,18,2,20,84
10/25/2005,SLE,OR,ANM,WE,Federal Contract Tower,0,3,22,0,25,0,5,64,2,71,0,8,86,2,96,26,0,26,122
10/26/2005,SLE,OR,ANM,WE,Federal Contract Tower,0,3,22,1,26,0,5,66,5,76,0,8,88,6,102,56,0,56,158
10/27/2005,SLE,OR,ANM,WE,Federal Contract Tower,0,5,15,0,20,0,1,11,0,12,0,6,26,0,32,2,0,2,34
10/28/2005,SLE,OR,ANM,WE,Federal Contract Tower,0,3,17,0,20,0,3,15,0,18,0,6,32,0,38,21,0,21,59
10/29/2005,SLE,OR,ANM,WE,Federal Contract Tower,0,1,11,0,12,0,1,38,2,41,0,2,49,2,53,20,0,20,73
10/30/2005,SLE,OR,ANM,WE,Federal Contract Tower,0,0,14,0,14,0,0,99,0,99,0,0,113,0,113,54,0,54,167
10/31/2005,SLE,OR,ANM,WE,Federal Contract Tower,0,4,19,0,23,0,2,8,0,10,0,6,27,0,33,12,0,12,45
11/01/2005,SLE,OR,ANM,WE,Federal Contract Tower,0,3,16,0,19,0,3,20,8,31,0,6,36,8,50,4,70,74,124
11/02/2005,SLE,OR,ANM,WE,Federal Contract Tower,0,5,33,3,41,0,3,24,9,36,0,8,57,12,77,40,20,60,137
11/03/2005,SLE,OR,ANM,WE,Federal Contract Tower,0,3,7,0,10,0,3,3,2,8,0,6,10,2,18,2,0,2,20
11/04/2005,SLE,OR,ANM,WE,Federal Contract Tower,0,6,25,0,31,0,2,2,7,11,0,8,27,7,42,18,10,28,70
11/05/2005,SLE,OR,ANM,WE,Federal Contract Tower,0,1,16,0,17,0,0,18,2,20,0,1,34,2,37,26,0,26,63
11/06/2005,SLE,OR,ANM,WE,Federal Contract Tower,0,0,19,8,27,0,0,59,9,68,0,0,78,17,95,32,6,38,133
11/07/2005,SLE,OR,ANM,WE,Federal Contract Tower,0,3,16,4,23,0,3,19,0,22,0,6,35,4,45,50,0,50,95
11/08/2005,SLE,OR,ANM,WE,Federal Contract Tower,0,4,23,3,30,0,0,41,11,52,0,4,64,14,82,60,30,90,172
11/09/2005,SLE,OR,ANM,WE,Federal Contract Tower,0,2,19,2,23,0,4,116,18,138,0,6,135,20,161,58,56,114,275
11/10/2005,SLE,OR,ANM,WE,Federal Contract Tower,0,5,17,2,24,0,3,76,7,86,0,8,93,9,110,40,2,42,152
11/11/2005,SLE,OR,ANM,WE,Federal Contract Tower,0,3,8,2,13,0,1,16,1,18,0,4,24,3,31,0,0,0,31
11/12/2005,SLE,OR,ANM,WE,Federal Contract Tower,0,0,16,0,16,0,0,36,0,36,0,0,52,0,52,46,0,46,98
11/13/2005,SLE,OR,ANM,WE,Federal Contract Tower,0,0,10,2,12,0,0,17,0,17,0,0,27,2,29,20,2,22,51
11/14/2005,SLE,OR,ANM,WE,Federal Contract Tower,0,2,22,0,24,0,6,45,4,55,0,8,67,4,79,30,2,32,111
11/15/2005,SLE,OR,ANM,WE,Federal Contract Tower,0,4,9,4,17,0,6,113,14,133,0,10,122,18,150,68,88,156,306
11/16/2005,SLE,OR,ANM,WE,Federal Contract Tower,0,9,16,8,33,0,1,92,7,100,0,10,108,15,133,68,2,70,203
11/17/2005,SLE,OR,ANM,WE,Federal Contract Tower,0,3,18,5,26,0,5,72,9,86,0,8,90,14,112,51,18,69,181
11/18/2005,SLE,OR,ANM,WE,Federal Contract Tower,0,3,18,1,22,0,2,49,7,58,0,5,67,8,80,32,0,32,112
11/19/2005,SLE,OR,ANM,WE,Federal Contract Tower,0,0,17,0,17,0,0,71,0,71,0,0,88,0,88,90,0,90,178
11/20/2005,SLE,OR,ANM,WE,Federal Contract Tower,0,1,11,1,13,0,0,58,0,58,0,1,69,1,71,14,0,14,85
11/21/2005,SLE,OR,ANM,WE,Federal Contract Tower,0,1,20,3,24,0,5,53,8,66,0,6,73,11,90,16,10,26,116
11/22/2005,SLE,OR,ANM,WE,Federal Contract Tower,0,2,10,2,14,0,10,113,10,133,0,12,123,12,147,36,0,36,183
11/23/2005,SLE,OR,ANM,WE,Federal Contract Tower,0,3,17,0,20,0,3,86,0,89,0,6,103,0,109,32,0,32,141
11/24/2005,SLE,OR,ANM,WE,Federal Contract Tower,0,0,4,0,4,0,0,21,0,21,0,0,25,0,25,10,0,10,35
11/25/2005,SLE,OR,ANM,WE,Federal Contract Tower,0,0,6,0,6,0,4,4,0,8,0,4,10,0,14,4,0,4,18
11/26/2005,SLE,OR,ANM,WE,Federal Contract Tower,0,1,16,0,17,0,2,91,2,95,0,3,107,2,112,42,6,48,160
11/27/2005,SLE,OR,ANM,WE,Federal Contract Tower,0,1,23,0,24,0,0,35,4,39,0,1,58,4,63,28,0,28,91
11/28/2005,SLE,OR,ANM,WE,Federal Contract Tower,0,8,17,8,33,0,0,0,0,0,0,8,17,8,33,12,0,12,45
11/29/2005,SLE,OR,ANM,WE,Federal Contract Tower,0,3,15,2,20,0,3,0,6,9,0,6,15,8,29,22,0,22,51
11/30/2005,SLE,OR,ANM,WE,Federal Contract Tower,0,6,19,0,25,0,2,44,6,52,0,8,63,6,77,54,4,58,135
12/01/2005,SLE,OR,ANM,WE,Federal Contract Tower,0,6,16,3,25,0,0,9,0,9,0,6,25,3,34,16,18,34,68
12/02/2005,SLE,OR,ANM,WE,Federal Contract Tower,0,3,16,2,21,0,3,27,4,34,0,6,43,6,55,12,6,18,73
12/03/2005,SLE,OR,ANM,WE,Federal Contract Tower,0,6,12,2,20,0,0,45,10,55,0,6,57,12,75,48,4,52,127
12/04/2005,SLE,OR,ANM,WE,Federal Contract Tower,0,1,10,2,13,0,0,0,0,0,0,1,10,2,13,0,0,0,13
12/05/2005,SLE,OR,ANM,WE,Federal Contract Tower,0,6,13,3,22,0,0,0,0,0,0,6,13,3,22,0,0,0,22
12/06/2005,SLE,OR,ANM,WE,Federal Contract Tower,0,6,16,4,26,0,0,0,0,0,0,6,16,4,26,60,0,60,86
12/07/2005,SLE,OR,ANM,WE,Federal Contract Tower,0,2,17,0,19,0,4,41,0,45,0,6,58,0,64,50,0,50,114
12/08/2005,SLE,OR,ANM,WE,Federal Contract Tower,0,7,21,0,28,0,5,108,4,117,0,12,129,4,145,42,0,42,187
12/09/2005,SLE,OR,ANM,WE,Federal Contract Tower,0,2,18,5,25,0,4,104,0,108,0,6,122,5,133,66,0,66,199
12/10/2005,SLE,OR,ANM,WE,Federal Contract Tower,0,0,9,0,9,0,0,117,0,117,0,0,126,0,126,32,0,32,158
12/11/2005,SLE,OR,ANM,WE,Federal Contract Tower,0,0,22,2,24,0,0,107,0,107,0,0,129,2,131,32,0,32,163
12/12/2005,SLE,OR,ANM,WE,Federal Contract Tower,0,6,19,2,27,0,2,13,4,19,0,8,32,6,46,42,14,56,102
12/13/2005,SLE,OR,ANM,WE,Federal Contract Tower,0,9,22,2,33,0,5,58,14,77,0,14,80,16,110,56,16,72,182
12/14/2005,SLE,OR,ANM,WE,Federal Contract Tower,0,9,18,2,29,0,7,87,12,106,0,16,105,14,135,32,62,94,229
12/15/2005,SLE,OR,ANM,WE,Federal Contract Tower,0,3,18,0,21,0,3,68,12,83,0,6,86,12,104,40,38,78,182
12/16/2005,SLE,OR,ANM,WE,Federal Contract Tower,0,2,10,1,13,0,4,76,4,84,0,6,86,5,97,20,6,26,123
12/17/2005,SLE,OR,ANM,WE,Federal Contract Tower,0,0,14,0,14,0,0,77,2,79,0,0,91,2,93,48,0,48,141
12/18/2005,SLE,OR,ANM,WE,Federal Contract Tower,0,0,4,0,4,0,0,21,0,21,0,0,25,0,25,4,0,4,29
12/19/2005,SLE,OR,ANM,WE,Federal Contract Tower,0,7,10,0,17,0,0,0,0,0,0,7,10,0,17,12,0,12,29
12/20/2005,SLE,OR,ANM,WE,Federal Contract Tower,0,6,17,0,23,0,0,11,0,11,0,6,28,0,34,26,0,26,60
12/21/2005,SLE,OR,ANM,WE,Federal Contract Tower,0,6,17,0,23,0,0,3,4,7,0,6,20,4,30,8,8,16,46
12/22/2005,SLE,OR,ANM,WE,Federal Contract Tower,0,3,13,2,18,0,3,16,4,23,0,6,29,6,41,10,2,12,53
12/23/2005,SLE,OR,ANM,WE,Federal Contract Tower,0,3,7,0,10,0,3,35,2,40,0,6,42,2,50,42,0,42,92
12/24/2005,SLE,OR,ANM,WE,Federal Contract Tower,0,0,6,0,6,0,0,76,0,76,0,0,82,0,82,60,0,60,142
12/25/2005,SLE,OR,ANM,WE,Federal Contract Tower,0,0,5,0,5,0,0,3,2,5,0,0,8,2,10,22,0,22,32
12/26/2005,SLE,OR,ANM,WE,Federal Contract Tower,0,0,20,0,20,0,0,36,2,38,0,0,56,2,58,28,0,28,86
12/27/2005,SLE,OR,ANM,WE,Federal Contract Tower,0,4,14,2,20,0,2,28,6,36,0,6,42,8,56,50,0,50,106
12/28/2005,SLE,OR,ANM,WE,Federal Contract Tower,0,3,5,2,10,0,3,18,4,25,0,6,23,6,35,22,0,22,57
12/29/2005,SLE,OR,ANM,WE,Federal Contract Tower,0,5,9,0,14,0,1,69,6,76,0,6,78,6,90,66,6,72,162
12/30/2005,SLE,OR,ANM,WE,Federal Contract Tower,0,6,3,0,9,0,0,1,0,1,0,6,4,0,10,0,0,0,10
12/31/2005,SLE,OR,ANM,WE,Federal Contract Tower,0,0,11,0,11,0,0,13,0,13,0,0,24,0,24,40,0,40,64
01/01/2006,SLE,OR,ANM,WE,Federal Contract Tower,0,0,4,0,4,0,0,3,0,3,0,0,7,0,7,6,0,6,13
01/02/2006,SLE,OR,ANM,WE,Federal Contract Tower,0,0,12,0,12,0,0,22,2,24,0,0,34,2,36,52,0,52,88
01/03/2006,SLE,OR,ANM,WE,Federal Contract Tower,0,3,9,0,12,0,3,6,2,11,0,6,15,2,23,6,0,6,29
01/04/2006,SLE,OR,ANM,WE,Federal Contract Tower,0,4,8,6,18,0,2,68,12,82,0,6,76,18,100,26,12,38,138
01/05/2006,SLE,OR,ANM,WE,Federal Contract Tower,0,5,7,5,17,0,7,66,25,98,0,12,73,30,115,42,30,72,187
01/06/2006,SLE,OR,ANM,WE,Federal Contract Tower,0,5,15,1,21,0,1,9,3,13,0,6,24,4,34,8,0,8,42
01/07/2006,SLE,OR,ANM,WE,Federal Contract Tower,0,0,4,0,4,0,0,14,22,36,0,0,18,22,40,12,68,80,120
01/08/2006,SLE,OR,ANM,WE,Federal Contract Tower,0,0,14,0,14,0,0,22,4,26,0,0,36,4,40,34,2,36,76
01/09/2006,SLE,OR,ANM,WE,Federal Contract Tower,0,6,13,2,21,0,0,12,4,16,0,6,25,6,37,4,6,10,47
01/10/2006,SLE,OR,ANM,WE,Federal Contract Tower,0,5,18,0,23,0,1,18,0,19,0,6,36,0,42,10,0,10,52
01/11/2006,SLE,OR,ANM,WE,Federal Contract Tower,0,4,8,4,16,0,2,16,2,20,0,6,24,6,36,8,0,8,44
01/12/2006,SLE,OR,ANM,WE,Federal Contract Tower,0,4,7,2,13,0,4,10,6,20,0,8,17,8,33,12,6,18,51
01/13/2006,SLE,OR,ANM,WE,Federal Contract Tower,0,3,33,0,36,0,2,1,3,6,0,5,34,3,42,26,10,36,78
01/14/2006,SLE,OR,ANM,WE,Federal Contract Tower,0,1,18,0,19,0,0,28,0,28,0,1,46,0,47,40,0,40,87
01/15/2006,SLE,OR,ANM,WE,Federal Contract Tower,0,0,18,1,19,0,0,67,1,68,0,0,85,2,87,94,0,94,181
01/16/2006,SLE,OR,ANM,WE,Federal Contract Tower,0,2,8,2,12,0,2,9,3,14,0,4,17,5,26,28,2,30,56
01/17/2006,SLE,OR,ANM,WE,Federal Contract Tower,0,4,8,3,15,0,2,20,15,37,0,6,28,18,52,26,30,56,108
01/18/2006,SLE,OR,ANM,WE,Federal Contract Tower,0,6,19,4,29,0,2,41,12,55,0,8,60,16,84,46,14,60,144
01/19/2006,SLE,OR,ANM,WE,Federal Contract Tower,0,4,34,2,40,0,2,20,10,32,0,6,54,12,72,16,14,30,102
01/20/2006,SLE,OR,ANM,WE,Federal Contract Tower,0,3,19,2,24,0,4,16,2,22,0,7,35,4,46,22,0,22,68
01/21/2006,SLE,OR,ANM,WE,Federal Contract Tower,0,0,7,2,9,0,0,11,2,13,0,0,18,4,22,8,4,12,34
01/22/2006,SLE,OR,ANM,WE,Federal Contract Tower,0,0,11,0,11,0,0,43,0,43,0,0,54,0,54,72,0,72,126
01/23/2006,SLE,OR,ANM,WE,Federal Contract Tower,0,7,10,0,17,0,0,1,0,1,0,7,11,0,18,0,0,0,18
01/24/2006,SLE,OR,ANM,WE,Federal Contract Tower,0,3,16,0,19,0,3,0,6,9,0,6,16,6,28,16,12,28,56
01/25/2006,SLE,OR,ANM,WE,Federal Contract Tower,0,8,22,0,30,0,0,14,6,20,0,8,36,6,50,32,36,68,118
01/26/2006,SLE,OR,ANM,WE,Federal Contract Tower,0,5,27,0,32,0,1,19,12,32,0,6,46,12,64,18,14,32,96
01/27/2006,SLE,OR,ANM,WE,Federal Contract Tower,0,4,19,2,25,0,2,31,2,35,0,6,50,4,60,28,0,28,88
01/28/2006,SLE,OR,ANM,WE,Federal Contract Tower,0,0,16,0,16,0,0,19,0,19,0,0,35,0,35,48,0,48,83
01/29/2006,SLE,OR,ANM,WE,Federal Contract Tower,0,0,4,0,4,0,0,0,0,0,0,0,4,0,4,6,0,6,10
01/30/2006,SLE,OR,ANM,WE,Federal Contract Tower,0,2,16,0,18,0,4,25,8,37,0,6,41,8,55,22,0,22,77
01/31/2006,SLE,OR,ANM,WE,Federal Contract Tower,0,8,6,3,17,0,2,14,2,18,0,10,20,5,35,14,0,14,49
02/01/2006,SLE,OR,ANM,WE,Federal Contract Tower,0,5,13,0,18,0,3,71,14,88,0,8,84,14,106,56,16,72,178
02/02/2006,SLE,OR,ANM,WE,Federal Contract Tower,0,5,19,1,25,0,3,9,16,28,0,8,28,17,53,24,10,34,87
02/03/2006,SLE,OR,ANM,WE,Federal Contract Tower,0,3,8,2,13,0,3,21,10,34,0,6,29,12,47,6,2,8,55
02/04/2006,SLE,OR,ANM,WE,Federal Contract Tower,2,0,4,0,6,0,0,6,0,6,2,0,10,0,12,14,0,14,26
02/05/2006,SLE,OR,ANM,WE,Federal Contract Tower,0,0,1,1,2,0,0,56,4,60,0,0,57,5,62,22,3,25,87
02/06/2006,SLE,OR,ANM,WE,Federal Contract Tower,0,0,9,0,9,0,6,103,2,111,0,6,112,2,120,42,0,42,162
02/07/2006,SLE,OR,ANM,WE,Federal Contract Tower,0,7,22,0,29,0,7,76,8,91,0,14,98,8,120,44,2,46,166
02/08/2006,SLE,OR,ANM,WE,Federal Contract Tower,0,1,23,3,27,0,5,85,17,107,0,6,108,20,134,48,24,72,206
02/09/2006,SLE,OR,ANM,WE,Federal Contract Tower,0,2,11,1,14,0,4,107,25,136,0,6,118,26,150,102,14,116,266
02/10/2006,SLE,OR,ANM,WE,Federal Contract Tower,0,2,14,1,17,0,4,82,4,90,0,6,96,5,107,26,0,26,133
02/11/2006,SLE,OR,ANM,WE,Federal Contract Tower,0,0,9,1,10,0,0,144,2,146,0,0,153,3,156,36,0,36,192
02/12/2006,SLE,OR,ANM,WE,Federal Contract Tower,0,0,16,0,16,0,0,66,0,66,0,0,82,0,82,132,0,132,214
02/13/2006,SLE,OR,ANM,WE,Federal Contract Tower,0,3,28,4,35,0,3,25,12,40,0,6,53,16,75,28,36,64,139
02/14/2006,SLE,OR,ANM,WE,Federal Contract Tower,0,3,14,3,20,0,3,25,1,29,0,6,39,4,49,30,24,54,103
02/15/2006,SLE,OR,ANM,WE,Federal Contract Tower,0,0,25,4,29,0,6,103,12,121,0,6,128,16,150,38,28,66,216
02/16/2006,SLE,OR,ANM,WE,Federal Contract Tower,0,1,21,1,23,0,10,85,15,110,0,11,106,16,133,38,15,53,186
02/17/2006,SLE,OR,ANM,WE,Federal Contract Tower,0,1,29,0,30,0,5,34,0,39,0,6,63,0,69,24,0,24,93
02/18/2006,SLE,OR,ANM,WE,Federal Contract Tower,0,1,13,0,14,0,1,108,0,109,0,2,121,0,123,68,0,68,191
02/19/2006,SLE,OR,ANM,WE,Federal Contract Tower,0,0,11,0,11,0,2,98,0,100,0,2,109,0,111,68,0,68,179
02/20/2006,SLE,OR,ANM,WE,Federal Contract Tower,0,2,31,0,33,0,4,79,0,83,0,6,110,0,116,58,0,58,174
02/21/2006,SLE,OR,ANM,WE,Federal Contract Tower,0,4,13,0,17,0,2,49,10,61,0,6,62,10,78,42,4,46,124
02/22/2006,SLE,OR,ANM,WE,Federal Contract Tower,0,6,25,3,34,0,4,34,9,47,0,10,59,12,81,44,0,44,125
02/23/2006,SLE,OR,ANM,WE,Federal Contract Tower,0,4,13,1,18,0,4,47,3,54,0,8,60,4,72,18,0,18,90
02/24/2006,SLE,OR,ANM,WE,Federal Contract Tower,0,1,25,0,26,0,9,78,6,93,0,10,103,6,119,14,2,16,135
02/25/2006,SLE,OR,ANM,WE,Federal Contract Tower,0,0,12,0,12,0,0,101,0,101,0,0,113,0,113,28,0,28,141
02/26/2006,SLE,OR,ANM,WE,Federal Contract Tower,0,1,9,0,10,0,0,51,0,51,0,1,60,0,61,90,0,90,151
02/27/2006,SLE,OR,ANM,WE,Federal Contract Tower,0,4,25,6,35,0,2,17,2,21,0,6,42,8,56,24,16,40,96
02/28/2006,SLE,OR,ANM,WE,Federal Contract Tower,0,7,17,2,26,0,133,37,10,180,0,140,54,12,206,64,2,66,272
03/01/2006,SLE,OR,ANM,WE,Federal Contract Tower,0,8,22,6,36,0,8,72,14,94,0,16,94,20,130,58,4,62,192
03/02/2006,SLE,OR,ANM,WE,Federal Contract Tower,0,2,22,3,27,0,6,48,13,67,0,8,70,16,94,40,0,40,134
03/03/2006,SLE,OR,ANM,WE,Federal Contract Tower,0,3,10,2,15,0,3,72,7,82,0,6,82,9,97,34,0,34,131
03/04/2006,SLE,OR,ANM,WE,Federal Contract Tower,0,0,8,2,10,0,0,168,34,202,0,0,176,36,212,40,10,50,262
03/05/2006,SLE,OR,ANM,WE,Federal Contract Tower,0,0,17,2,19,0,0,68,0,68,0,0,85,2,87,30,0,30,117
03/06/2006,SLE,OR,ANM,WE,Federal Contract Tower,0,3,9,4,16,0,3,17,0,20,0,6,26,4,36,6,0,6,42
03/07/2006,SLE,OR,ANM,WE,Federal Contract Tower,0,3,8,3,14,0,5,44,29,78,0,8,52,32,92,50,12,62,154
03/08/2006,SLE,OR,ANM,WE,Federal Contract Tower,0,3,20,2,25,0,3,10,4,17,0,6,30,6,42,10,0,10,52
03/09/2006,SLE,OR,ANM,WE,Federal Contract Tower,0,5,12,0,17,0,1,4,0,5,0,6,16,0,22,12,0,12,34
03/10/2006,SLE,OR,ANM,WE,Federal Contract Tower,0,5,10,0,15,0,1,24,2,27,0,6,34,2,42,28,0,28,70
03/11/2006,SLE,OR,ANM,WE,Federal Contract Tower,0,0,8,0,8,0,0,120,1,121,0,0,128,1,129,74,0,74,203
03/12/2006,SLE,OR,ANM,WE,Federal Contract Tower,0,1,16,0,17,0,0,96,0,96,0,1,112,0,113,48,0,48,161
03/13/2006,SLE,OR,ANM,WE,Federal Contract Tower,0,4,19,0,23,0,4,75,2,81,0,8,94,2,104,80,4,84,188
03/14/2006,SLE,OR,ANM,WE,Federal Contract Tower,0,4,21,0,25,0,2,73,14,89,0,6,94,14,114,36,6,42,156
03/15/2006,SLE,OR,ANM,WE,Federal Contract Tower,0,6,20,0,26,0,4,58,9,71,0,10,78,9,97,28,6,34,131
03/16/2006,SLE,OR,ANM,WE,Federal Contract Tower,0,3,23,1,27,0,3,25,16,44,0,6,48,17,71,20,10,30,101
03/17/2006,SLE,OR,ANM,WE,Federal Contract Tower,0,3,22,0,25,0,3,38,7,48,0,6,60,7,73,26,0,26,99
03/18/2006,SLE,OR,ANM,WE,Federal Contract Tower,0,0,23,0,23,0,0,104,0,104,0,0,127,0,127,68,0,68,195
03/19/2006,SLE,OR,ANM,WE,Federal Contract Tower,0,0,19,0,19,0,0,153,6,159,0,0,172,6,178,110,0,110,288
03/20/2006,SLE,OR,ANM,WE,Federal Contract Tower,0,1,23,0,24,0,5,83,8,96,0,6,106,8,120,42,8,50,170
03/21/2006,SLE,OR,ANM,WE,Federal Contract Tower,0,2,13,0,15,0,6,43,14,63,0,8,56,14,78,26,24,50,128
03/22/2006,SLE,OR,ANM,WE,Federal Contract Tower,0,1,16,0,17,0,5,91,14,110,0,6,107,14,127,76,6,82,209
03/23/2006,SLE,OR,ANM,WE,Federal Contract Tower,0,1,21,9,31,0,9,93,17,119,0,10,114,26,150,36,10,46,196
03/24/2006,SLE,OR,ANM,WE,Federal Contract Tower,0,5,17,0,22,0,7,17,0,24,0,12,34,0,46,10,0,10,56
03/25/2006,SLE,OR,ANM,WE,Federal Contract Tower,0,3,15,0,18,0,0,37,0,37,0,3,52,0,55,64,0,64,119
03/26/2006,SLE,OR,ANM,WE,Federal Contract Tower,0,0,18,0,18,0,3,64,0,67,0,3,82,0,85,104,0,104,189
03/27/2006,SLE,OR,ANM,WE,Federal Contract Tower,0,2,6,1,9,0,7,95,3,105,0,9,101,4,114,62,8,70,184
03/28/2006,SLE,OR,ANM,WE,Federal Contract Tower,0,5,19,3,27,0,1,61,27,89,0,6,80,30,116,34,64,98,214
03/29/2006,SLE,OR,ANM,WE,Federal Contract Tower,0,2,18,0,20,0,5,32,11,48,0,7,50,11,68,36,10,46,114
03/30/2006,SLE,OR,ANM,WE,Federal Contract Tower,0,4,12,0,16,0,4,49,13,66,0,8,61,13,82,38,12,50,132
03/31/2006,SLE,OR,ANM,WE,Federal Contract Tower,0,2,20,1,23,0,4,60,5,69,0,6,80,6,92,36,0,36,128
04/01/2006,SLE,OR,ANM,WE,Federal Contract Tower,0,2,11,3,16,0,3,72,17,92,0,5,83,20,108,40,8,48,156
04/02/2006,SLE,OR,ANM,WE,Federal Contract Tower,0,2,17,2,21,0,0,34,0,34,0,2,51,2,55,42,2,44,99
04/03/2006,SLE,OR,ANM,WE,Federal Contract Tower,0,4,14,2,20,0,4,30,4,38,0,8,44,6,58,40,0,40,98
04/04/2006,SLE,OR,ANM,WE,Federal Contract Tower,0,0,24,0,24,0,6,81,28,115,0,6,105,28,139,52,42,94,233
04/05/2006,SLE,OR,ANM,WE,Federal Contract Tower,0,1,22,1,24,0,5,50,17,72,0,6,72,18,96,30,12,42,138
04/06/2006,SLE,OR,ANM,WE,Federal Contract Tower,0,3,16,1,20,0,9,84,21,114,0,12,100,22,134,48,42,90,224
04/07/2006,SLE,OR,ANM,WE,Federal Contract Tower,0,2,15,3,20,0,4,70,8,82,0,6,85,11,102,50,26,76,178
04/08/2006,SLE,OR,ANM,WE,Federal Contract Tower,0,0,4,0,4,0,0,49,0,49,0,0,53,0,53,60,0,60,113
04/09/2006,SLE,OR,ANM,WE,Federal Contract Tower,0,0,16,0,16,0,0,50,0,50,0,0,66,0,66,16,0,16,82
04/10/2006,SLE,OR,ANM,WE,Federal Contract Tower,0,5,19,2,26,0,4,33,6,43,0,9,52,8,69,34,0,34,103
04/11/2006,SLE,OR,ANM,WE,Federal Contract Tower,0,2,33,3,38,0,4,57,22,83,0,6,90,25,121,54,28,82,203
04/12/2006,SLE,OR,ANM,WE,Federal Contract Tower,0,4,32,1,37,0,2,92,14,108,0,6,124,15,145,86,15,101,246
04/13/2006,SLE,OR,ANM,WE,Federal Contract Tower,0,4,26,2,32,0,2,94,28,124,0,6,120,30,156,28,16,44,200
04/14/2006,SLE,OR,ANM,WE,Federal Contract Tower,0,3,16,2,21,0,3,12,6,21,0,6,28,8,42,24,20,44,86
04/15/2006,SLE,OR,ANM,WE,Federal Contract Tower,0,0,3,0,3,0,0,8,2,10,0,0,11,2,13,8,0,8,21
04/16/2006,SLE,OR,ANM,WE,Federal Contract Tower,0,0,3,0,3,0,0,27,0,27,0,0,30,0,30,0,0,0,30
04/17/2006,SLE,OR,ANM,WE,Federal Contract Tower,0,3,16,0,19,0,7,67,4,78,0,10,83,4,97,60,4,64,161
04/18/2006,SLE,OR,ANM,WE,Federal Contract Tower,0,3,22,3,28,0,11,108,17,136,0,14,130,20,164,52,6,58,222
04/19/2006,SLE,OR,ANM,WE,Federal Contract Tower,0,4,10,5,19,0,4,151,5,160,0,8,161,10,179,54,4,58,237
04/20/2006,SLE,OR,ANM,WE,Federal Contract Tower,0,1,18,6,25,0,6,113,15,134,0,7,131,21,159,38,2,40,199
04/21/2006,SLE,OR,ANM,WE,Federal Contract Tower,0,1,14,0,15,0,5,50,3,58,0,6,64,3,73,24,0,24,97
04/22/2006,SLE,OR,ANM,WE,Federal Contract Tower,0,0,10,2,12,0,0,118,6,124,0,0,128,8,136,50,0,50,186
04/23/2006,SLE,OR,ANM,WE,Federal Contract Tower,0,2,15,4,21,0,0,123,0,123,0,2,138,4,144,0,14,14,158
04/24/2006,SLE,OR,ANM,WE,Federal Contract Tower,0,2,25,1,28,0,4,71,6,81,0,6,96,7,109,52,2,54,163
04/25/2006,SLE,OR,ANM,WE,Federal Contract Tower,0,6,3,0,9,0,0,119,12,131,0,6,122,12,140,54,14,68,208
04/26/2006,SLE,OR,ANM,WE,Federal Contract Tower,0,2,18,4,24,0,6,96,10,112,0,8,114,14,136,98,20,118,254
04/27/2006,SLE,OR,ANM,WE,Federal Contract Tower,0,8,1,0,9,0,0,115,12,127,0,8,116,12,136,38,60,98,234
04/28/2006,SLE,OR,ANM,WE,Federal Contract Tower,0,6,15,0,21,0,4,156,8,168,0,10,171,8,189,58,2,60,249
04/29/2006,SLE,OR,ANM,WE,Federal Contract Tower,0,0,7,0,7,0,0,114,3,117,0,0,121,3,124,52,0,52,176
04/30/2006,SLE,OR,ANM,WE,Federal Contract Tower,0,0,8,2,10,0,0,104,3,107,0,0,112,5,117,8,0,8,125
05/01/2006,SLE,OR,ANM,WE,Federal Contract Tower,0,2,18,2,22,0,10,76,7,93,0,12,94,9,115,56,0,56,171
05/02/2006,SLE,OR,ANM,WE,Federal Contract Tower,0,0,15,0,15,0,6,66,13,85,0,6,81,13,100,36,0,36,136
05/03/2006,SLE,OR,ANM,WE,Federal Contract Tower,0,2,18,2,22,0,8,117,16,141,0,10,135,18,163,30,6,36,199
05/04/2006,SLE,OR,ANM,WE,Federal Contract Tower,0,0,23,2,25,0,6,109,13,128,0,6,132,15,153,70,4,74,227
05/05/2006,SLE,OR,ANM,WE,Federal Contract Tower,0,2,15,6,23,0,4,103,6,113,0,6,118,12,136,102,2,104,240
05/06/2006,SLE,OR,ANM,WE,Federal Contract Tower,0,0,15,3,18,0,1,75,5,81,0,1,90,8,99,12,2,14,113
05/07/2006,SLE,OR,ANM,WE,Federal Contract Tower,0,5,12,8,25,0,0,11,3,14,0,5,23,11,39,32,0,32,71
05/08/2006,SLE,OR,ANM,WE,Federal Contract Tower,0,4,16,0,20,0,4,80,7,91,0,8,96,7,111,72,6,78,189
05/09/2006,SLE,OR,ANM,WE,Federal Contract Tower,0,2,12,1,15,0,6,101,15,122,0,8,113,16,137,44,0,44,181
05/10/2006,SLE,OR,ANM,WE,Federal Contract Tower,0,4,24,0,28,0,5,108,5,118,0,9,132,5,146,56,0,56,202
05/11/2006,SLE,OR,ANM,WE,Federal Contract Tower,0,2,24,4,30,0,6,68,4,78,0,8,92,8,108,46,0,46,154
05/12/2006,SLE,OR,ANM,WE,Federal Contract Tower,0,2,14,2,18,0,4,70,9,83,0,6,84,11,101,76,0,76,177
05/13/2006,SLE,OR,ANM,WE,Federal Contract Tower,0,0,8,0,8,0,0,106,0,106,0,0,114,0,114,82,0,82,196
05/14/2006,SLE,OR,ANM,WE,Federal Contract Tower,0,0,9,0,9,0,0,103,0,103,0,0,112,0,112,20,0,20,132
05/15/2006,SLE,OR,ANM,WE,Federal Contract Tower,0,2,14,0,16,0,4,80,8,92,0,6,94,8,108,84,2,86,194
05/16/2006,SLE,OR,ANM,WE,Federal Contract Tower,0,0,10,6,16,0,8,104,9,121,0,8,114,15,137,52,4,56,193
05/17/2006,SLE,OR,ANM,WE,Federal Contract Tower,0,1,20,3,24,0,7,105,13,125,0,8,125,16,149,80,23,103,252
05/18/2006,SLE,OR,ANM,WE,Federal Contract Tower,0,0,17,3,20,0,6,112,7,125,0,6,129,10,145,76,10,86,231
05/19/2006,SLE,OR,ANM,WE,Federal Contract Tower,0,3,21,3,27,0,3,42,6,51,0,6,63,9,78,48,2,50,128
05/20/2006,SLE,OR,ANM,WE,Federal Contract Tower,0,0,10,3,13,0,2,135,6,143,0,2,145,9,156,104,4,108,264
05/21/2006,SLE,OR,ANM,WE,Federal Contract Tower,0,0,12,3,15,0,2,72,0,74,0,2,84,3,89,34,0,34,123
05/22/2006,SLE,OR,ANM,WE,Federal Contract Tower,0,4,21,5,30,0,2,23,7,32,0,6,44,12,62,60,22,82,144
05/23/2006,SLE,OR,ANM,WE,Federal Contract Tower,0,7,22,3,32,0,1,44,9,54,0,8,66,12,86,52,24,76,162
05/24/2006,SLE,OR,ANM,WE,Federal Contract Tower,0,3,12,11,26,0,9,36,9,54,0,12,48,20,80,92,42,134,214
05/25/2006,SLE,OR,ANM,WE,Federal Contract Tower,0,3,17,6,26,0,3,42,16,61,0,6,59,22,87,48,16,64,151
05/26/2006,SLE,OR,ANM,WE,Federal Contract Tower,0,8,14,1,23,0,1,38,3,42,0,9,52,4,65,10,0,10,75
05/27/2006,SLE,OR,ANM,WE,Federal Contract Tower,0,0,8,0,8,0,0,7,2,9,0,0,15,2,17,32,0,32,49
05/28/2006,SLE,OR,ANM,WE,Federal Contract Tower,0,0,7,0,7,0,0,26,0,26,0,0,33,0,33,16,0,16,49
05/29/2006,SLE,OR,ANM,WE,Federal Contract Tower,0,0,10,0,10,0,2,125,2,129,0,2,135,2,139,54,0,54,193
05/30/2006,SLE,OR,ANM,WE,Federal Contract Tower,0,1,7,1,9,0,5,131,15,151,0,6,138,16,160,130,10,140,300
05/31/2006,SLE,OR,ANM,WE,Federal Contract Tower,0,3,13,5,21,0,3,106,15,124,0,6,119,20,145,114,30,144,289
06/01/2006,SLE,OR,ANM,WE,Federal Contract Tower,0,4,17,4,25,0,2,21,2,25,0,6,38,6,50,32,0,32,82
06/02/2006,SLE,OR,ANM,WE,Federal Contract Tower,0,2,23,2,27,0,4,47,9,60,0,6,70,11,87,48,66,114,201
06/03/2006,SLE,OR,ANM,WE,Federal Contract Tower,0,2,15,0,17,0,0,112,0,112,0,2,127,0,129,64,0,64,193
06/04/2006,SLE,OR,ANM,WE,Federal Contract Tower,0,0,10,1,11,0,0,39,0,39,0,0,49,1,50,46,0,46,96
06/05/2006,SLE,OR,ANM,WE,Federal Contract Tower,0,2,22,1,25,0,4,63,8,75,0,6,85,9,100,106,14,120,220
06/06/2006,SLE,OR,ANM,WE,Federal Contract Tower,0,3,15,2,20,0,5,99,22,126,0,8,114,24,146,90,16,106,252
06/07/2006,SLE,OR,ANM,WE,Federal Contract Tower,0,2,7,2,11,0,6,107,12,125,0,8,114,14,136,72,2,74,210
06/08/2006,SLE,OR,ANM,WE,Federal Contract Tower,0,6,1,5,12,0,0,111,9,120,0,6,112,14,132,120,4,124,256
06/09/2006,SLE,OR,ANM,WE,Federal Contract Tower,0,1,29,0,30,0,5,116,4,125,0,6,145,4,155,54,0,54,209
06/10/2006,SLE,OR,ANM,WE,Federal Contract Tower,0,2,9,0,11,0,0,155,0,155,0,2,164,0,166,92,0,92,258
06/11/2006,SLE,OR,ANM,WE,Federal Contract Tower,0,0,9,1,10,0,0,113,1,114,0,0,122,2,124,108,0,108,232
06/12/2006,SLE,OR,ANM,WE,Federal Contract Tower,0,4,20,0,24,0,2,36,11,49,0,6,56,11,73,48,6,54,127
06/13/2006,SLE,OR,ANM,WE,Federal Contract Tower,0,8,25,2,35,0,10,127,10,147,0,18,152,12,182,88,0,88,270
06/14/2006,SLE,OR,ANM,WE,Federal Contract Tower,0,5,24,5,34,0,5,95,17,117,0,10,119,22,151,130,8,138,289
06/15/2006,SLE,OR,ANM,WE,Federal Contract Tower,0,2,13,2,17,0,14,97,3,114,0,16,110,5,131,70,0,70,201
06/16/2006,SLE,OR,ANM,WE,Federal Contract Tower,0,1,12,1,14,0,5,59,0,64,0,6,71,1,78,32,0,32,110
06/17/2006,SLE,OR,ANM,WE,Federal Contract Tower,0,0,16,0,16,0,0,127,2,129,0,0,143,2,145,58,0,58,203
06/18/2006,SLE,OR,ANM,WE,Federal Contract Tower,0,0,14,1,15,0,0,89,0,89,0,0,103,1,104,64,0,64,168
06/19/2006,SLE,OR,ANM,WE,Federal Contract Tower,0,2,23,0,25,0,5,62,0,67,0,7,85,0,92,54,0,54,146
06/20/2006,SLE,OR,ANM,WE,Federal Contract Tower,0,1,14,2,17,0,7,106,8,121,0,8,120,10,138,52,2,54,192
06/21/2006,SLE,OR,ANM,WE,Federal Contract Tower,0,5,7,1,13,0,3,131,13,147,0,8,138,14,160,82,4,86,246
06/22/2006,SLE,OR,ANM,WE,Federal Contract Tower,0,2,14,3,19,0,5,132,16,153,0,7,146,19,172,108,10,118,290
06/23/2006,SLE,OR,ANM,WE,Federal Contract Tower,0,1,10,0,11,0,5,129,4,138,0,6,139,4,149,110,0,110,259
06/24/2006,SLE,OR,ANM,WE,Federal Contract Tower,0,0,7,1,8,0,0,121,13,134,0,0,128,14,142,78,0,78,220
06/25/2006,SLE,OR,ANM,WE,Federal Contract Tower,0,0,9,0,9,0,0,122,10,132,0,0,131,10,141,92,0,92,233
06/26/2006,SLE,OR,ANM,WE,Federal Contract Tower,0,2,10,1,13,0,4,84,0,88,0,6,94,1,101,92,0,92,193
06/27/2006,SLE,OR,ANM,WE,Federal Contract Tower,0,0,19,3,22,0,6,105,1,112,0,6,124,4,134,174,2,176,310
06/28/2006,SLE,OR,ANM,WE,Federal Contract Tower,0,1,18,1,20,0,7,102,5,114,0,8,120,6,134,184,0,184,318
06/29/2006,SLE,OR,ANM,WE,Federal Contract Tower,0,0,17,4,21,0,6,93,5,104,0,6,110,9,125,112,26,138,263
06/30/2006,SLE,OR,ANM,WE,Federal Contract Tower,0,2,40,4,46,0,6,96,2,104,0,8,136,6,150,136,22,158,308
07/01/2006,SLE,OR,ANM,WE,Federal Contract Tower,0,0,10,0,10,0,1,162,4,167,0,1,172,4,177,78,6,84,261
07/02/2006,SLE,OR,ANM,WE,Federal Contract Tower,0,1,6,0,7,0,0,107,0,107,0,1,113,0,114,104,0,104,218
07/03/2006,SLE,OR,ANM,WE,Federal Contract Tower,0,6,5,0,11,0,2,119,2,123,0,8,124,2,134,128,6,134,268
07/04/2006,SLE,OR,ANM,WE,Federal Contract Tower,0,0,0,0,0,0,0,81,0,81,0,0,81,0,81,74,0,74,155
07/05/2006,SLE,OR,ANM,WE,Federal Contract Tower,0,5,24,6,35,0,1,58,6,65,0,6,82,12,100,110,16,126,226
07/06/2006,SLE,OR,ANM,WE,Federal Contract Tower,0,3,17,3,23,0,5,70,12,87,0,8,87,15,110,120,0,120,230
07/07/2006,SLE,OR,ANM,WE,Federal Contract Tower,0,1,19,0,20,0,6,109,9,124,0,7,128,9,144,108,10,118,262
07/08/2006,SLE,OR,ANM,WE,Federal Contract Tower,0,1,9,0,10,0,0,142,1,143,0,1,151,1,153,118,0,118,271
07/09/2006,SLE,OR,ANM,WE,Federal Contract Tower,0,0,4,0,4,0,0,137,4,141,0,0,141,4,145,148,8,156,301
07/10/2006,SLE,OR,ANM,WE,Federal Contract Tower,0,2,18,1,21,0,4,59,6,69,0,6,77,7,90,166,14,180,270
07/11/2006,SLE,OR,ANM,WE,Federal Contract Tower,0,3,10,1,14,0,7,74,14,95,0,10,84,15,109,158,24,182,291
07/12/2006,SLE,OR,ANM,WE,Federal Contract Tower,0,3,29,2,34,0,3,17,2,22,0,6,46,4,56,102,10,112,168
07/13/2006,SLE,OR,ANM,WE,Federal Contract Tower,0,1,19,0,20,0,5,82,4,91,0,6,101,4,111,208,2,210,321
07/14/2006,SLE,OR,ANM,WE,Federal Contract Tower,0,2,16,0,18,0,4,116,9,129,0,6,132,9,147,140,18,158,305
07/15/2006,SLE,OR,ANM,WE,Federal Contract Tower,0,0,20,1,21,0,0,147,5,152,0,0,167,6,173,86,2,88,261
07/16/2006,SLE,OR,ANM,WE,Federal Contract Tower,0,0,11,2,13,0,2,95,16,113,0,2,106,18,126,232,14,246,372
07/17/2006,SLE,OR,ANM,WE,Federal Contract Tower,0,2,12,1,15,0,4,102,1,107,0,6,114,2,122,252,20,272,394
07/18/2006,SLE,OR,ANM,WE,Federal Contract Tower,0,1,13,1,15,0,7,84,5,96,0,8,97,6,111,210,22,232,343
07/19/2006,SLE,OR,ANM,WE,Federal Contract Tower,0,4,9,7,20,0,6,98,12,116,0,10,107,19,136,188,10,198,334
07/20/2006,SLE,OR,ANM,WE,Federal Contract Tower,0,0,4,12,16,0,6,119,0,125,0,6,123,12,141,256,26,282,423
07/21/2006,SLE,OR,ANM,WE,Federal Contract Tower,0,4,23,0,27,0,6,102,9,117,0,10,125,9,144,186,16,202,346
07/22/2006,SLE,OR,ANM,WE,Federal Contract Tower,0,0,15,0,15,0,0,100,3,103,0,0,115,3,118,234,8,242,360
07/23/2006,SLE,OR,ANM,WE,Federal Contract Tower,0,0,5,0,5,0,7,86,2,95,0,7,91,2,100,96,0,96,196
07/24/2006,SLE,OR,ANM,WE,Federal Contract Tower,0,1,23,0,24,0,11,85,8,104,0,12,108,8,128,102,0,102,230
07/25/2006,SLE,OR,ANM,WE,Federal Contract Tower,0,3,10,4,17,0,7,83,8,98,0,10,93,12,115,212,30,242,357
07/26/2006,SLE,OR,ANM,WE,Federal Contract Tower,0,2,22,2,26,0,6,75,11,92,0,8,97,13,118,168,6,174,292
07/27/2006,SLE,OR,ANM,WE,Federal Contract Tower,0,0,14,4,18,0,8,96,14,118,0,8,110,18,136,166,0,166,302
07/28/2006,SLE,OR,ANM,WE,Federal Contract Tower,0,2,13,0,15,0,10,109,7,126,0,12,122,7,141,106,0,106,247
07/29/2006,SLE,OR,ANM,WE,Federal Contract Tower,0,0,7,0,7,0,0,75,5,80,0,0,82,5,87,72,0,72,159
07/30/2006,SLE,OR,ANM,WE,Federal Contract Tower,0,0,17,2,19,0,0,99,1,100,0,0,116,3,119,66,0,66,185
07/31/2006,SLE,OR,ANM,WE,Federal Contract Tower,0,6,11,2,19,0,4,99,4,107,0,10,110,6,126,132,0,132,258
08/01/2006,SLE,OR,ANM,WE,Federal Contract Tower,0,0,11,2,13,0,9,72,10,91,0,9,83,12,104,96,0,96,200
08/02/2006,SLE,OR,ANM,WE,Federal Contract Tower,0,2,21,0,23,0,4,101,2,107,0,6,122,2,130,70,0,70,200
08/03/2006,SLE,OR,ANM,WE,Federal Contract Tower,0,0,4,0,4,0,7,117,11,135,0,7,121,11,139,64,0,64,203
08/04/2006,SLE,OR,ANM,WE,Federal Contract Tower,0,6,22,0,28,0,4,93,5,102,0,10,115,5,130,172,0,172,302
08/05/2006,SLE,OR,ANM,WE,Federal Contract Tower,0,5,17,3,25,0,1,195,15,211,0,6,212,18,236,120,4,124,360
08/06/2006,SLE,OR,ANM,WE,Federal Contract Tower,0,1,2,4,7,0,2,126,12,140,0,3,128,16,147,130,2,132,279
08/07/2006,SLE,OR,ANM,WE,Federal Contract Tower,0,2,9,0,11,0,6,99,10,115,0,8,108,10,126,106,0,106,232
08/08/2006,SLE,OR,ANM,WE,Federal Contract Tower,0,1,16,1,18,0,7,93,9,109,0,8,109,10,127,116,2,118,245
08/09/2006,SLE,OR,ANM,WE,Federal Contract Tower,0,5,13,2,20,0,3,78,12,93,0,8,91,14,113,186,2,188,301
08/10/2006,SLE,OR,ANM,WE,Federal Contract Tower,0,1,9,11,21,0,5,89,9,103,0,6,98,20,124,244,12,256,380
08/11/2006,SLE,OR,ANM,WE,Federal Contract Tower,0,2,8,1,11,0,4,110,8,122,0,6,118,9,133,292,2,294,427
08/12/2006,SLE,OR,ANM,WE,Federal Contract Tower,0,3,9,2,14,0,0,98,9,107,0,3,107,11,121,80,0,80,201
08/13/2006,SLE,OR,ANM,WE,Federal Contract Tower,0,0,14,0,14,0,0,107,5,112,0,0,121,5,126,182,0,182,308
08/14/2006,SLE,OR,ANM,WE,Federal Contract Tower,0,2,14,4,20,0,4,73,16,93,0,6,87,20,113,158,0,158,271
08/15/2006,SLE,OR,ANM,WE,Federal Contract Tower,0,1,10,6,17,0,5,76,12,93,0,6,86,18,110,150,0,150,260
08/16/2006,SLE,OR,ANM,WE,Federal Contract Tower,0,6,25,4,35,0,4,81,8,93,0,10,106,12,128,228,0,228,356
08/17/2006,SLE,OR,ANM,WE,Federal Contract Tower,0,0,15,4,19,0,6,81,9,96,0,6,96,13,115,221,0,221,336
08/18/2006,SLE,OR,ANM,WE,Federal Contract Tower,0,1,6,8,15,0,8,105,15,128,0,9,111,23,143,154,4,158,301
08/19/2006,SLE,OR,ANM,WE,Federal Contract Tower,0,1,8,0,9,0,0,100,4,104,0,1,108,4,113,100,2,102,215
08/20/2006,SLE,OR,ANM,WE,Federal Contract Tower,0,0,13,1,14,0,2,123,4,129,0,2,136,5,143,242,0,242,385
08/21/2006,SLE,OR,ANM,WE,Federal Contract Tower,0,5,19,1,25,0,5,72,8,85,0,10,91,9,110,262,4,266,376
08/22/2006,SLE,OR,ANM,WE,Federal Contract Tower,0,2,30,0,32,0,4,75,11,90,0,6,105,11,122,312,0,312,434
08/23/2006,SLE,OR,ANM,WE,Federal Contract Tower,0,1,29,2,32,0,9,93,6,108,0,10,122,8,140,156,0,156,296
08/24/2006,SLE,OR,ANM,WE,Federal Contract Tower,0,2,13,3,18,0,4,84,5,93,0,6,97,8,111,248,0,248,359
08/25/2006,SLE,OR,ANM,WE,Federal Contract Tower,0,2,10,1,13,0,10,107,13,130,0,12,117,14,143,200,4,204,347
08/26/2006,SLE,OR,ANM,WE,Federal Contract Tower,0,2,5,0,7,0,1,128,6,135,0,3,133,6,142,202,0,202,344
08/27/2006,SLE,OR,ANM,WE,Federal Contract Tower,0,0,8,0,8,0,2,134,2,138,0,2,142,2,146,222,10,232,378
08/28/2006,SLE,OR,ANM,WE,Federal Contract Tower,0,4,7,0,11,0,3,79,15,97,0,7,86,15,108,114,0,114,222
08/29/2006,SLE,OR,ANM,WE,Federal Contract Tower,0,7,14,5,26,0,7,71,13,91,0,14,85,18,117,152,26,178,295
08/30/2006,SLE,OR,ANM,WE,Federal Contract Tower,0,6,24,1,31,0,8,63,9,80,0,14,87,10,111,104,0,104,215
08/31/2006,SLE,OR,ANM,WE,Federal Contract Tower,0,1,11,0,12,0,10,117,12,139,0,11,128,12,151,88,0,88,239
09/01/2006,SLE,OR,ANM,WE,Federal Contract Tower,0,1,8,0,9,0,10,77,8,95,0,11,85,8,104,120,0,120,224
09/02/2006,SLE,OR,ANM,WE,Federal Contract Tower,0,0,2,0,2,0,0,114,0,114,0,0,116,0,116,144,20,164,280
09/03/2006,SLE,OR,ANM,WE,Federal Contract Tower,0,1,4,0,5,0,2,117,0,119,0,3,121,0,124,226,0,226,350
09/04/2006,SLE,OR,ANM,WE,Federal Contract Tower,0,1,11,0,12,0,1,125,2,128,0,2,136,2,140,198,0,198,338
09/05/2006,SLE,OR,ANM,WE,Federal Contract Tower,0,2,21,5,28,0,4,76,6,86,0,6,97,11,114,158,4,162,276
09/06/2006,SLE,OR,ANM,WE,Federal Contract Tower,0,2,6,5,13,0,4,68,14,86,0,6,74,19,99,88,4,92,191
09/07/2006,SLE,OR,ANM,WE,Federal Contract Tower,0,0,12,4,16,0,6,111,10,127,0,6,123,14,143,130,22,152,295
09/08/2006,SLE,OR,ANM,WE,Federal Contract Tower,0,2,17,4,23,0,4,74,8,86,0,6,91,12,109,162,0,162,271
09/09/2006,SLE,OR,ANM,WE,Federal Contract Tower,0,1,16,6,23,0,1,88,8,97,0,2,104,14,120,162,12,174,294
09/10/2006,SLE,OR,ANM,WE,Federal Contract Tower,0,0,10,3,13,0,0,111,4,115,0,0,121,7,128,136,10,146,274
09/11/2006,SLE,OR,ANM,WE,Federal Contract Tower,0,3,9,3,15,0,3,72,16,91,0,6,81,19,106,146,4,150,256
09/12/2006,SLE,OR,ANM,WE,Federal Contract Tower,0,0,20,8,28,0,6,88,9,103,0,6,108,17,131,174,8,182,313
09/13/2006,SLE,OR,ANM,WE,Federal Contract Tower,0,1,8,2,11,0,5,81,10,96,0,6,89,12,107,118,16,134,241
09/14/2006,SLE,OR,ANM,WE,Federal Contract Tower,0,7,4,9,20,0,4,56,0,60,0,11,60,9,80,200,6,206,286
09/15/2006,SLE,OR,ANM,WE,Federal Contract Tower,0,3,25,1,29,0,10,49,9,68,0,13,74,10,97,81,22,103,200
09/16/2006,SLE,OR,ANM,WE,Federal Contract Tower,0,2,5,0,7,0,4,86,0,90,0,6,91,0,97,104,0,104,201
09/17/2006,SLE,OR,ANM,WE,Federal Contract Tower,0,0,13,1,14,0,0,123,1,124,0,0,136,2,138,144,0,144,282
09/18/2006,SLE,OR,ANM,WE,Federal Contract Tower,0,2,14,2,18,0,4,33,7,44,0,6,47,9,62,88,16,104,166
09/19/2006,SLE,OR,ANM,WE,Federal Contract Tower,0,2,20,1,23,0,4,53,12,69,0,6,73,13,92,222,26,248,340
09/20/2006,SLE,OR,ANM,WE,Federal Contract Tower,0,4,36,2,42,0,2,25,11,38,0,6,61,13,80,66,22,88,168
09/21/2006,SLE,OR,ANM,WE,Federal Contract Tower,0,4,24,8,36,0,2,63,6,71,0,6,87,14,107,158,0,158,265
09/22/2006,SLE,OR,ANM,WE,Federal Contract Tower,0,1,23,1,25,0,7,85,10,102,0,8,108,11,127,138,0,138,265
09/23/2006,SLE,OR,ANM,WE,Federal Contract Tower,0,0,20,0,20,0,0,156,1,157,0,0,176,1,177,214,0,214,391
09/24/2006,SLE,OR,ANM,WE,Federal Contract Tower,0,2,6,1,9,0,0,150,1,151,0,2,156,2,160,276,0,276,436
09/25/2006,SLE,OR,ANM,WE,Federal Contract Tower,0,2,3,2,7,0,6,88,7,101,0,8,91,9,108,232,10,242,350
09/26/2006,SLE,OR,ANM,WE,Federal Contract Tower,0,6,7,4,17,0,8,115,3,126,0,14,122,7,143,228,6,234,377
09/27/2006,SLE,OR,ANM,WE,Federal Contract Tower,0,5,8,0,13,0,5,120,4,129,0,10,128,4,142,240,8,248,390
09/28/2006,SLE,OR,ANM,WE,Federal Contract Tower,0,7,11,0,18,0,7,92,9,108,0,14,103,9,126,178,8,186,312
09/29/2006,SLE,OR,ANM,WE,Federal Contract Tower,0,2,22,0,24,0,6,124,16,146,0,8,146,16,170,112,12,124,294
09/30/2006,SLE,OR,ANM,WE,Federal Contract Tower,0,0,12,0,12,0,0,184,0,184,0,0,196,0,196,88,0,88,284
10/01/2006,SLE,OR,ANM,WE,Federal Contract Tower,0,0,20,0,20,0,0,109,0,109,0,0,129,0,129,82,0,82,211
10/02/2006,SLE,OR,ANM,WE,Federal Contract Tower,0,3,3,1,7,0,4,79,11,94,0,7,82,12,101,204,8,212,313
10/03/2006,SLE,OR,ANM,WE,Federal Contract Tower,0,2,15,2,19,0,4,75,18,97,0,6,90,20,116,240,42,282,398
10/04/2006,SLE,OR,ANM,WE,Federal Contract Tower,0,2,20,0,22,0,6,62,10,78,0,8,82,10,100,236,8,244,344
10/05/2006,SLE,OR,ANM,WE,Federal Contract Tower,0,5,11,6,22,0,3,74,5,82,0,8,85,11,104,228,12,240,344
10/06/2006,SLE,OR,ANM,WE,Federal Contract Tower,0,5,11,5,21,0,2,63,0,65,0,7,74,5,86,182,0,182,268
10/07/2006,SLE,OR,ANM,WE,Federal Contract Tower,0,1,17,0,18,0,0,117,0,117,0,1,134,0,135,208,0,208,343
10/08/2006,SLE,OR,ANM,WE,Federal Contract Tower,0,3,17,0,20,0,1,83,0,84,0,4,100,0,104,118,0,118,222
10/09/2006,SLE,OR,ANM,WE,Federal Contract Tower,0,3,4,0,7,0,5,57,0,62,0,8,61,0,69,72,0,72,141
10/10/2006,SLE,OR,ANM,WE,Federal Contract Tower,0,3,17,0,20,0,3,109,6,118,0,6,126,6,138,136,0,136,274
10/11/2006,SLE,OR,ANM,WE,Federal Contract Tower,0,2,15,1,18,0,6,133,5,144,0,8,148,6,162,194,14,208,370
10/12/2006,SLE,OR,ANM,WE,Federal Contract Tower,0,1,16,1,18,0,5,128,6,139,0,6,144,7,157,234,0,234,391
10/13/2006,SLE,OR,ANM,WE,Federal Contract Tower,0,4,12,4,20,0,4,154,18,176,0,8,166,22,196,246,16,262,458
10/14/2006,SLE,OR,ANM,WE,Federal Contract Tower,0,0,13,2,15,0,0,27,4,31,0,0,40,6,46,78,8,86,132
10/15/2006,SLE,OR,ANM,WE,Federal Contract Tower,0,0,19,3,22,0,0,21,3,24,0,0,40,6,46,122,0,122,168
10/16/2006,SLE,OR,ANM,WE,Federal Contract Tower,0,5,11,2,18,0,3,33,0,36,0,8,44,2,54,66,0,66,120
10/17/2006,SLE,OR,ANM,WE,Federal Contract Tower,0,1,28,0,29,0,5,73,2,80,0,6,101,2,109,200,0,200,309
10/18/2006,SLE,OR,ANM,WE,Federal Contract Tower,0,10,18,5,33,0,2,55,6,63,0,12,73,11,96,202,12,214,310
10/19/2006,SLE,OR,ANM,WE,Federal Contract Tower,0,9,22,8,39,0,4,4,8,16,0,13,26,16,55,142,1,143,198
10/20/2006,SLE,OR,ANM,WE,Federal Contract Tower,0,5,16,1,22,0,5,82,7,94,0,10,98,8,116,180,0,180,296
10/21/2006,SLE,OR,ANM,WE,Federal Contract Tower,0,0,15,0,15,0,0,112,2,114,0,0,127,2,129,166,0,166,295
10/22/2006,SLE,OR,ANM,WE,Federal Contract Tower,0,0,5,0,5,0,0,140,0,140,0,0,145,0,145,252,0,252,397
10/23/2006,SLE,OR,ANM,WE,Federal Contract Tower,0,4,15,1,20,0,4,55,2,61,0,8,70,3,81,176,0,176,257
10/24/2006,SLE,OR,ANM,WE,Federal Contract Tower,0,3,13,5,21,0,3,33,1,37,0,6,46,6,58,90,0,90,148
10/25/2006,SLE,OR,ANM,WE,Federal Contract Tower,0,2,19,6,27,0,4,77,9,90,0,6,96,15,117,146,8,154,271
10/26/2006,SLE,OR,ANM,WE,Federal Contract Tower,0,4,20,2,26,0,2,90,3,95,0,6,110,5,121,196,0,196,317
10/27/2006,SLE,OR,ANM,WE,Federal Contract Tower,0,1,14,0,15,0,5,82,2,89,0,6,96,2,104,234,1,235,339
10/28/2006,SLE,OR,ANM,WE,Federal Contract Tower,0,0,8,0,8,0,0,72,0,72,0,0,80,0,80,110,0,110,190
10/29/2006,SLE,OR,ANM,WE,Federal Contract Tower,0,0,14,0,14,0,0,55,0,55,0,0,69,0,69,130,0,130,199
10/30/2006,SLE,OR,ANM,WE,Federal Contract Tower,0,5,15,1,21,0,3,43,1,47,0,8,58,2,68,72,0,72,140
10/31/2006,SLE,OR,ANM,WE,Federal Contract Tower,0,2,12,6,20,0,4,118,16,138,0,6,130,22,158,210,26,236,394
11/01/2006,SLE,OR,ANM,WE,Federal Contract Tower,0,4,13,2,19,0,2,91,7,100,0,6,104,9,119,86,10,96,215
11/02/2006,SLE,OR,ANM,WE,Federal Contract Tower,0,6,12,3,21,0,0,3,6,9,0,6,15,9,30,10,42,52,82
11/03/2006,SLE,OR,ANM,WE,Federal Contract Tower,0,5,19,0,24,0,1,30,20,51,0,6,49,20,75,86,30,116,191
11/04/2006,SLE,OR,ANM,WE,Federal Contract Tower,0,0,9,2,11,0,0,26,0,26,0,0,35,2,37,88,0,88,125
11/05/2006,SLE,OR,ANM,WE,Federal Contract Tower,0,0,16,4,20,0,0,20,3,23,0,0,36,7,43,98,22,120,163
11/06/2006,SLE,OR,ANM,WE,Federal Contract Tower,0,6,12,0,18,0,0,7,0,7,0,6,19,0,25,3,0,3,28
11/07/2006,SLE,OR,ANM,WE,Federal Contract Tower,0,4,10,1,15,0,4,8,5,17,0,8,18,6,32,210,2,212,244
11/08/2006,SLE,OR,ANM,WE,Federal Contract Tower,0,10,20,6,36,0,2,26,7,35,0,12,46,13,71,124,2,126,197
11/09/2006,SLE,OR,ANM,WE,Federal Contract Tower,0,7,31,5,43,0,5,62,7,74,0,12,93,12,117,94,4,98,215
11/10/2006,SLE,OR,ANM,WE,Federal Contract Tower,0,5,8,0,13,0,0,3,0,3,0,5,11,0,16,6,0,6,22
11/11/2006,SLE,OR,ANM,WE,Federal Contract Tower,0,1,12,0,13,0,0,77,4,81,0,1,89,4,94,132,0,132,226
11/12/2006,SLE,OR,ANM,WE,Federal Contract Tower,0,0,11,0,11,0,0,26,0,26,0,0,37,0,37,26,0,26,63
11/13/2006,SLE,OR,ANM,WE,Federal Contract Tower,0,4,15,1,20,0,2,31,0,33,0,6,46,1,53,162,0,162,215
11/14/2006,SLE,OR,ANM,WE,Federal Contract Tower,0,4,14,4,22,0,4,126,21,151,0,8,140,25,173,236,42,278,451
11/15/2006,SLE,OR,ANM,WE,Federal Contract Tower,0,10,15,1,26,0,1,17,0,18,0,11,32,1,44,10,0,10,54
11/16/2006,SLE,OR,ANM,WE,Federal Contract Tower,0,3,22,5,30,0,4,81,14,99,0,7,103,19,129,202,26,228,357
11/17/2006,SLE,OR,ANM,WE,Federal Contract Tower,0,1,20,1,22,0,3,37,0,40,0,4,57,1,62,92,0,92,154
11/18/2006,SLE,OR,ANM,WE,Federal Contract Tower,0,0,25,1,26,0,2,37,0,39,0,2,62,1,65,144,0,144,209
11/19/2006,SLE,OR,ANM,WE,Federal Contract Tower,0,0,16,1,17,0,0,4,0,4,0,0,20,1,21,48,0,48,69
11/20/2006,SLE,OR,ANM,WE,Federal Contract Tower,0,3,18,0,21,0,3,78,6,87,0,6,96,6,108,232,14,246,354
11/21/2006,SLE,OR,ANM,WE,Federal Contract Tower,0,4,4,2,10,0,4,26,14,44,0,8,30,16,54,20,10,30,84
11/22/2006,SLE,OR,ANM,WE,Federal Contract Tower,0,7,18,4,29,0,1,18,4,23,0,8,36,8,52,128,0,128,180
11/23/2006,SLE,OR,ANM,WE,Federal Contract Tower,0,2,6,0,8,0,0,8,0,8,0,2,14,0,16,30,0,30,46
11/24/2006,SLE,OR,ANM,WE,Federal Contract Tower,0,6,8,0,14,0,0,39,0,39,0,6,47,0,53,130,0,130,183
11/25/2006,SLE,OR,ANM,WE,Federal Contract Tower,0,1,11,0,12,0,3,156,0,159,0,4,167,0,171,128,0,128,299
11/26/2006,SLE,OR,ANM,WE,Federal Contract Tower,0,0,4,0,4,0,0,4,0,4,0,0,8,0,8,0,0,0,8
11/27/2006,SLE,OR,ANM,WE,Federal Contract Tower,0,9,17,3,29,0,0,11,6,17,0,9,28,9,46,6,12,18,64
11/28/2006,SLE,OR,ANM,WE,Federal Contract Tower,0,5,20,6,31,0,3,43,32,78,0,8,63,38,109,70,68,138,247
11/29/2006,SLE,OR,ANM,WE,Federal Contract Tower,0,4,21,7,32,0,4,88,18,110,0,8,109,25,142,364,14,378,520
11/30/2006,SLE,OR,ANM,WE,Federal Contract Tower,0,5,15,6,26,0,1,12,3,16,0,6,27,9,42,104,14,118,160
12/01/2006,SLE,OR,ANM,WE,Federal Contract Tower,0,3,22,5,30,0,3,22,2,27,0,6,44,7,57,166,28,194,251
12/02/2006,SLE,OR,ANM,WE,Federal Contract Tower,0,0,20,4,24,0,0,129,12,141,0,0,149,16,165,312,6,318,483
12/03/2006,SLE,OR,ANM,WE,Federal Contract Tower,0,0,17,2,19,0,0,108,0,108,0,0,125,2,127,266,2,268,395
12/04/2006,SLE,OR,ANM,WE,Federal Contract Tower,0,4,18,2,24,0,2,77,3,82,0,6,95,5,106,192,0,192,298
12/05/2006,SLE,OR,ANM,WE,Federal Contract Tower,0,2,20,3,25,0,6,104,5,115,0,8,124,8,140,256,0,256,396
12/06/2006,SLE,OR,ANM,WE,Federal Contract Tower,0,20,21,0,41,0,1,58,2,61,0,21,79,2,102,198,0,198,300
12/07/2006,SLE,OR,ANM,WE,Federal Contract Tower,0,5,25,7,37,0,2,67,1,70,0,7,92,8,107,182,0,182,289
12/08/2006,SLE,OR,ANM,WE,Federal Contract Tower,0,3,29,2,34,0,4,47,4,55,0,7,76,6,89,144,0,144,233
12/09/2006,SLE,OR,ANM,WE,Federal Contract Tower,0,0,13,1,14,0,0,48,2,50,0,0,61,3,64,74,0,74,138
12/10/2006,SLE,OR,ANM,WE,Federal Contract Tower,0,0,10,0,10,0,0,6,0,6,0,0,16,0,16,0,0,0,16
12/11/2006,SLE,OR,ANM,WE,Federal Contract Tower,0,7,5,1,13,0,1,9,0,10,0,8,14,1,23,32,0,32,55
12/12/2006,SLE,OR,ANM,WE,Federal Contract Tower,0,10,12,7,29,0,0,68,23,91,0,10,80,30,120,148,32,180,300
12/13/2006,SLE,OR,ANM,WE,Federal Contract Tower,0,5,9,0,14,0,1,27,14,42,0,6,36,14,56,52,14,66,122
12/14/2006,SLE,OR,ANM,WE,Federal Contract Tower,0,4,12,1,17,0,3,1,0,4,0,7,13,1,21,0,0,0,21
12/15/2006,SLE,OR,ANM,WE,Federal Contract Tower,0,5,9,1,15,0,1,44,2,47,0,6,53,3,62,188,0,188,250
12/16/2006,SLE,OR,ANM,WE,Federal Contract Tower,0,0,8,0,8,0,2,76,4,82,0,2,84,4,90,144,0,144,234
12/17/2006,SLE,OR,ANM,WE,Federal Contract Tower,0,0,14,2,16,0,0,32,1,33,0,0,46,3,49,202,0,202,251
12/18/2006,SLE,OR,ANM,WE,Federal Contract Tower,0,9,19,2,30,0,0,0,3,3,0,9,19,5,33,6,0,6,39
12/19/2006,SLE,OR,ANM,WE,Federal Contract Tower,0,7,9,2,18,0,1,0,0,1,0,8,9,2,19,0,12,12,31
12/20/2006,SLE,OR,ANM,WE,Federal Contract Tower,0,8,18,4,30,0,0,1,0,1,0,8,19,4,31,6,38,44,75
12/21/2006,SLE,OR,ANM,WE,Federal Contract Tower,0,3,8,2,13,0,3,67,7,77,0,6,75,9,90,124,16,140,230
12/22/2006,SLE,OR,ANM,WE,Federal Contract Tower,0,5,17,1,23,0,2,28,4,34,0,7,45,5,57,102,2,104,161
12/23/2006,SLE,OR,ANM,WE,Federal Contract Tower,0,0,4,0,4,0,0,37,0,37,0,0,41,0,41,188,0,188,229
12/24/2006,SLE,OR,ANM,WE,Federal Contract Tower,0,0,1,0,1,0,0,17,1,18,0,0,18,1,19,44,0,44,63
12/25/2006,SLE,OR,ANM,WE,Federal Contract Tower,0,0,1,0,1,0,0,12,0,12,0,0,13,0,13,6,0,6,19
12/26/2006,SLE,OR,ANM,WE,Federal Contract Tower,0,6,6,0,12,0,2,14,0,16,0,8,20,0,28,60,0,60,88
12/27/2006,SLE,OR,ANM,WE,Federal Contract Tower,0,3,12,0,15,0,3,42,0,45,0,6,54,0,60,108,0,108,168
12/28/2006,SLE,OR,ANM,WE,Federal Contract Tower,0,6,12,0,18,0,4,39,4,47,0,10,51,4,65,142,12,154,219
12/29/2006,SLE,OR,ANM,WE,Federal Contract Tower,0,4,20,2,26,0,2,39,1,42,0,6,59,3,68,110,0,110,178
12/30/2006,SLE,OR,ANM,WE,Federal Contract Tower,0,2,7,0,9,0,0,131,0,131,0,2,138,0,140,172,0,172,312
12/31/2006,SLE,OR,ANM,WE,Federal Contract Tower,0,0,2,0,2,0,0,14,0,14,0,0,16,0,16,86,0,86,102
01/01/2007,SLE,OR,ANM,WE,Federal Contract Tower,0,0,8,0,8,0,0,16,0,16,0,0,24,0,24,28,0,28,52
01/02/2007,SLE,OR,ANM,WE,Federal Contract Tower,0,7,10,0,17,0,0,11,0,11,0,7,21,0,28,18,0,18,46
01/03/2007,SLE,OR,ANM,WE,Federal Contract Tower,0,4,13,1,18,0,2,36,8,46,0,6,49,9,64,186,0,186,250
01/04/2007,SLE,OR,ANM,WE,Federal Contract Tower,0,3,11,1,15,0,3,27,15,45,0,6,38,16,60,60,58,118,178
01/05/2007,SLE,OR,ANM,WE,Federal Contract Tower,0,3,5,4,12,0,1,27,8,36,0,4,32,12,48,10,8,18,66
01/06/2007,SLE,OR,ANM,WE,Federal Contract Tower,0,0,12,1,13,0,0,58,5,63,0,0,70,6,76,214,22,236,312
01/07/2007,SLE,OR,ANM,WE,Federal Contract Tower,0,0,6,0,6,0,0,1,0,1,0,0,7,0,7,0,0,0,7
01/08/2007,SLE,OR,ANM,WE,Federal Contract Tower,0,5,13,0,18,0,1,20,6,27,0,6,33,6,45,138,4,142,187
01/09/2007,SLE,OR,ANM,WE,Federal Contract Tower,0,4,22,1,27,0,2,44,9,55,0,6,66,10,82,60,18,78,160
01/10/2007,SLE,OR,ANM,WE,Federal Contract Tower,0,6,15,1,22,0,2,4,19,25,0,8,19,20,47,86,66,152,199
01/11/2007,SLE,OR,ANM,WE,Federal Contract Tower,0,3,18,1,22,0,3,66,9,78,0,6,84,10,100,96,2,98,198
01/12/2007,SLE,OR,ANM,WE,Federal Contract Tower,0,3,20,0,23,0,8,125,6,139,0,11,145,6,162,158,0,158,320
01/13/2007,SLE,OR,ANM,WE,Federal Contract Tower,0,0,17,0,17,0,0,73,0,73,0,0,90,0,90,168,0,168,258
01/14/2007,SLE,OR,ANM,WE,Federal Contract Tower,0,0,11,0,11,0,0,107,0,107,0,0,118,0,118,120,0,120,238
01/15/2007,SLE,OR,ANM,WE,Federal Contract Tower,0,2,11,0,13,0,4,114,0,118,0,6,125,0,131,92,0,92,223
01/16/2007,SLE,OR,ANM,WE,Federal Contract Tower,0,3,10,0,13,0,1,2,0,3,0,4,12,0,16,4,0,4,20
01/17/2007,SLE,OR,ANM,WE,Federal Contract Tower,0,4,13,0,17,0,0,0,0,0,0,4,13,0,17,0,0,0,17
01/18/2007,SLE,OR,ANM,WE,Federal Contract Tower,0,3,20,0,23,0,3,57,23,83,0,6,77,23,106,122,20,142,248
01/19/2007,SLE,OR,ANM,WE,Federal Contract Tower,0,3,31,2,36,0,1,25,10,36,0,4,56,12,72,274,22,296,368
01/20/2007,SLE,OR,ANM,WE,Federal Contract Tower,0,1,17,0,18,0,0,89,0,89,0,1,106,0,107,216,0,216,323
01/21/2007,SLE,OR,ANM,WE,Federal Contract Tower,0,0,16,0,16,0,0,82,0,82,0,0,98,0,98,150,0,150,248
01/22/2007,SLE,OR,ANM,WE,Federal Contract Tower,0,4,13,0,17,0,4,83,20,107,0,8,96,20,124,112,18,130,254
01/23/2007,SLE,OR,ANM,WE,Federal Contract Tower,0,4,12,1,17,0,3,103,20,126,0,7,115,21,143,246,6,252,395
01/24/2007,SLE,OR,ANM,WE,Federal Contract Tower,0,1,15,7,23,0,3,32,8,43,0,4,47,15,66,76,36,112,178
01/25/2007,SLE,OR,ANM,WE,Federal Contract Tower,0,3,12,0,15,0,0,0,0,0,0,3,12,0,15,6,0,6,21
01/26/2007,SLE,OR,ANM,WE,Federal Contract Tower,0,3,16,0,19,0,3,89,5,97,0,6,105,5,116,140,15,155,271
01/27/2007,SLE,OR,ANM,WE,Federal Contract Tower,0,0,15,0,15,0,0,139,2,141,0,0,154,2,156,300,0,300,456
01/28/2007,SLE,OR,ANM,WE,Federal Contract Tower,0,0,8,1,9,0,0,146,1,147,0,0,154,2,156,118,2,120,276
01/29/2007,SLE,OR,ANM,WE,Federal Contract Tower,0,3,10,0,13,0,3,82,5,90,0,6,92,5,103,88,0,88,191
01/30/2007,SLE,OR,ANM,WE,Federal Contract Tower,0,2,19,5,26,0,4,73,15,92,0,6,92,20,118,216,4,220,338
01/31/2007,SLE,OR,ANM,WE,Federal Contract Tower,0,3,20,5,28,0,5,101,6,112,0,8,121,11,140,132,0,132,272
02/01/2007,SLE,OR,ANM,WE,Federal Contract Tower,0,1,10,3,14,0,5,97,8,110,0,6,107,11,124,178,0,178,302
02/02/2007,SLE,OR,ANM,WE,Federal Contract Tower,0,2,23,2,27,0,3,96,4,103,0,5,119,6,130,202,4,206,336
02/03/2007,SLE,OR,ANM,WE,Federal Contract Tower,0,1,11,0,12,0,0,119,0,119,0,1,130,0,131,248,0,248,379
02/04/2007,SLE,OR,ANM,WE,Federal Contract Tower,0,0,10,0,10,0,0,66,0,66,0,0,76,0,76,86,0,86,162
02/05/2007,SLE,OR,ANM,WE,Federal Contract Tower,0,3,13,0,16,0,3,61,6,70,0,6,74,6,86,120,18,138,224
02/06/2007,SLE,OR,ANM,WE,Federal Contract Tower,0,5,18,1,24,0,3,44,11,58,0,8,62,12,82,84,0,84,166
02/07/2007,SLE,OR,ANM,WE,Federal Contract Tower,0,6,28,2,36,0,0,31,10,41,0,6,59,12,77,222,24,246,323
02/08/2007,SLE,OR,ANM,WE,Federal Contract Tower,0,2,15,3,20,0,4,62,12,78,0,6,77,15,98,184,10,194,292
02/09/2007,SLE,OR,ANM,WE,Federal Contract Tower,0,3,15,0,18,0,4,76,10,90,0,7,91,10,108,162,2,164,272
02/10/2007,SLE,OR,ANM,WE,Federal Contract Tower,0,1,18,5,24,0,0,54,9,63,0,1,72,14,87,124,0,124,211
02/11/2007,SLE,OR,ANM,WE,Federal Contract Tower,0,0,17,0,17,0,0,67,4,71,0,0,84,4,88,212,8,220,308
02/12/2007,SLE,OR,ANM,WE,Federal Contract Tower,0,7,20,0,27,0,1,70,8,79,0,8,90,8,106,166,2,168,274
02/13/2007,SLE,OR,ANM,WE,Federal Contract Tower,0,3,16,7,26,0,3,48,3,54,0,6,64,10,80,146,0,146,226
02/14/2007,SLE,OR,ANM,WE,Federal Contract Tower,0,6,19,4,29,0,0,35,2,37,0,6,54,6,66,26,2,28,94
02/15/2007,SLE,OR,ANM,WE,Federal Contract Tower,0,7,29,0,36,0,2,1,0,3,0,9,30,0,39,43,0,43,82
02/16/2007,SLE,OR,ANM,WE,Federal Contract Tower,0,2,32,3,37,0,3,23,21,47,0,5,55,24,84,256,2,258,342
02/17/2007,SLE,OR,ANM,WE,Federal Contract Tower,0,1,13,1,15,0,0,149,2,151,0,1,162,3,166,226,0,226,392
02/18/2007,SLE,OR,ANM,WE,Federal Contract Tower,0,0,5,0,5,0,0,55,0,55,0,0,60,0,60,222,0,222,282
02/19/2007,SLE,OR,ANM,WE,Federal Contract Tower,0,3,9,0,12,0,1,21,1,23,0,4,30,1,35,6,0,6,41
02/20/2007,SLE,OR,ANM,WE,Federal Contract Tower,0,7,21,0,28,0,3,31,16,50,0,10,52,16,78,142,36,178,256
02/21/2007,SLE,OR,ANM,WE,Federal Contract Tower,0,4,6,1,11,0,2,74,15,91,0,6,80,16,102,180,52,232,334
02/22/2007,SLE,OR,ANM,WE,Federal Contract Tower,0,6,9,4,19,0,1,51,11,63,0,7,60,15,82,154,2,156,238
02/23/2007,SLE,OR,ANM,WE,Federal Contract Tower,0,3,24,0,27,0,3,41,5,49,0,6,65,5,76,160,46,206,282
02/24/2007,SLE,OR,ANM,WE,Federal Contract Tower,0,0,11,0,11,0,2,18,0,20,0,2,29,0,31,140,0,140,171
02/25/2007,SLE,OR,ANM,WE,Federal Contract Tower,0,1,14,0,15,0,1,15,0,16,0,2,29,0,31,98,0,98,129
02/26/2007,SLE,OR,ANM,WE,Federal Contract Tower,0,4,10,0,14,0,4,58,0,62,0,8,68,0,76,110,0,110,186
02/27/2007,SLE,OR,ANM,WE,Federal Contract Tower,0,4,8,2,14,0,2,4,0,6,0,6,12,2,20,16,0,16,36
02/28/2007,SLE,OR,ANM,WE,Federal Contract Tower,0,5,22,5,32,0,3,28,10,41,0,8,50,15,73,92,14,106,179
03/01/2007,SLE,OR,ANM,WE,Federal Contract Tower,0,5,18,2,25,0,3,9,8,20,0,8,27,10,45,120,0,120,165
03/02/2007,SLE,OR,ANM,WE,Federal Contract Tower,0,4,28,2,34,0,0,37,2,39,0,4,65,4,73,234,0,234,307
03/03/2007,SLE,OR,ANM,WE,Federal Contract Tower,0,1,21,1,23,0,0,59,11,70,0,1,80,12,93,284,30,314,407
03/04/2007,SLE,OR,ANM,WE,Federal Contract Tower,0,0,15,0,15,0,0,95,2,97,0,0,110,2,112,140,0,140,252
03/05/2007,SLE,OR,ANM,WE,Federal Contract Tower,0,2,20,2,24,0,4,112,18,134,0,6,132,20,158,268,2,270,428
03/06/2007,SLE,OR,ANM,WE,Federal Contract Tower,0,3,19,0,22,0,7,140,14,161,0,10,159,14,183,202,2,204,387
03/07/2007,SLE,OR,ANM,WE,Federal Contract Tower,0,5,22,2,29,0,3,28,3,34,0,8,50,5,63,98,36,134,197
03/08/2007,SLE,OR,ANM,WE,Federal Contract Tower,0,2,22,5,29,0,5,51,17,73,0,7,73,22,102,88,6,94,196
03/09/2007,SLE,OR,ANM,WE,Federal Contract Tower,0,4,16,4,24,0,2,31,2,35,0,6,47,6,59,54,10,64,123
03/10/2007,SLE,OR,ANM,WE,Federal Contract Tower,0,0,10,0,10,0,1,90,2,93,0,1,100,2,103,116,2,118,221
03/11/2007,SLE,OR,ANM,WE,Federal Contract Tower,0,0,11,2,13,0,0,35,6,41,0,0,46,8,54,190,0,190,244
03/12/2007,SLE,OR,ANM,WE,Federal Contract Tower,0,5,31,2,38,0,1,51,2,54,0,6,82,4,92,226,12,238,330
03/13/2007,SLE,OR,ANM,WE,Federal Contract Tower,0,4,19,3,26,0,2,85,11,98,0,6,104,14,124,112,0,112,236
03/14/2007,SLE,OR,ANM,WE,Federal Contract Tower,0,1,15,4,20,0,5,99,2,106,0,6,114,6,126,192,2,194,320
03/15/2007,SLE,OR,ANM,WE,Federal Contract Tower,0,3,32,5,40,0,6,124,15,145,0,9,156,20,185,166,8,174,359
03/16/2007,SLE,OR,ANM,WE,Federal Contract Tower,0,2,16,0,18,0,8,146,4,158,0,10,162,4,176,234,0,234,410
03/17/2007,SLE,OR,ANM,WE,Federal Contract Tower,0,1,18,0,19,0,0,189,1,190,0,1,207,1,209,238,0,238,447
03/18/2007,SLE,OR,ANM,WE,Federal Contract Tower,0,0,19,0,19,0,2,149,0,151,0,2,168,0,170,198,0,198,368
03/19/2007,SLE,OR,ANM,WE,Federal Contract Tower,0,4,15,2,21,0,2,55,2,59,0,6,70,4,80,184,0,184,264
03/20/2007,SLE,OR,ANM,WE,Federal Contract Tower,0,7,9,2,18,0,1,57,5,63,0,8,66,7,81,94,0,94,175
03/21/2007,SLE,OR,ANM,WE,Federal Contract Tower,0,2,35,4,41,0,4,141,12,157,0,6,176,16,198,228,8,236,434
03/22/2007,SLE,OR,ANM,WE,Federal Contract Tower,0,3,30,2,35,0,7,100,5,112,0,10,130,7,147,290,0,290,437
03/23/2007,SLE,OR,ANM,WE,Federal Contract Tower,0,5,19,1,25,0,3,108,6,117,0,8,127,7,142,214,4,218,360
03/24/2007,SLE,OR,ANM,WE,Federal Contract Tower,0,0,19,0,19,0,4,49,0,53,0,4,68,0,72,52,0,52,124
03/25/2007,SLE,OR,ANM,WE,Federal Contract Tower,0,0,14,0,14,0,0,94,0,94,0,0,108,0,108,270,0,270,378
03/26/2007,SLE,OR,ANM,WE,Federal Contract Tower,0,3,7,5,15,0,3,65,3,71,0,6,72,8,86,212,0,212,298
03/27/2007,SLE,OR,ANM,WE,Federal Contract Tower,0,8,27,2,37,0,2,58,16,76,0,10,85,18,113,176,16,192,305
03/28/2007,SLE,OR,ANM,WE,Federal Contract Tower,0,2,30,2,34,0,6,93,11,110,0,8,123,13,144,184,56,240,384
03/29/2007,SLE,OR,ANM,WE,Federal Contract Tower,0,9,27,2,38,0,1,87,4,92,0,10,114,6,130,262,0,262,392
03/30/2007,SLE,OR,ANM,WE,Federal Contract Tower,0,5,16,3,24,0,1,63,3,67,0,6,79,6,91,104,0,104,195
03/31/2007,SLE,OR,ANM,WE,Federal Contract Tower,0,1,0,1,2,0,2,30,1,33,0,3,30,2,35,162,0,162,197
04/01/2007,SLE,OR,ANM,WE,Federal Contract Tower,0,1,16,1,18,0,1,116,3,120,0,2,132,4,138,134,0,134,272
04/02/2007,SLE,OR,ANM,WE,Federal Contract Tower,0,1,30,0,31,0,15,72,10,97,0,16,102,10,128,144,14,158,286
04/03/2007,SLE,OR,ANM,WE,Federal Contract Tower,0,5,22,2,29,0,3,94,11,108,0,8,116,13,137,212,22,234,371
04/04/2007,SLE,OR,ANM,WE,Federal Contract Tower,0,2,21,2,25,0,6,113,18,137,0,8,134,20,162,196,4,200,362
04/05/2007,SLE,OR,ANM,WE,Federal Contract Tower,0,2,17,2,21,0,6,125,7,138,0,8,142,9,159,200,0,200,359
04/06/2007,SLE,OR,ANM,WE,Federal Contract Tower,0,2,13,0,15,0,4,129,2,135,0,6,142,2,150,274,0,274,424
04/07/2007,SLE,OR,ANM,WE,Federal Contract Tower,0,0,18,0,18,0,2,25,0,27,0,2,43,0,45,86,0,86,131
04/08/2007,SLE,OR,ANM,WE,Federal Contract Tower,0,0,3,0,3,0,0,85,0,85,0,0,88,0,88,122,0,122,210
04/09/2007,SLE,OR,ANM,WE,Federal Contract Tower,0,5,9,1,15,0,3,32,9,44,0,8,41,10,59,34,10,44,103
04/10/2007,SLE,OR,ANM,WE,Federal Contract Tower,0,4,6,0,10,0,5,92,10,107,0,9,98,10,117,196,22,218,335
04/11/2007,SLE,OR,ANM,WE,Federal Contract Tower,0,4,14,4,22,0,3,47,14,64,0,7,61,18,86,214,12,226,312
04/12/2007,SLE,OR,ANM,WE,Federal Contract Tower,0,3,17,0,20,0,5,37,13,55,0,8,54,13,75,270,16,286,361
04/13/2007,SLE,OR,ANM,WE,Federal Contract Tower,0,3,9,0,12,0,6,83,2,91,0,9,92,2,103,150,0,150,253
04/14/2007,SLE,OR,ANM,WE,Federal Contract Tower,0,1,24,5,30,0,1,52,35,88,0,2,76,40,118,80,44,124,242
04/15/2007,SLE,OR,ANM,WE,Federal Contract Tower,0,0,13,1,14,0,0,97,12,109,0,0,110,13,123,74,0,74,197
04/16/2007,SLE,OR,ANM,WE,Federal Contract Tower,0,5,27,1,33,0,5,55,7,67,0,10,82,8,100,142,8,150,250
04/17/2007,SLE,OR,ANM,WE,Federal Contract Tower,0,6,11,1,18,0,0,15,1,16,0,6,26,2,34,92,0,92,126
04/18/2007,SLE,OR,ANM,WE,Federal Contract Tower,0,2,22,1,25,0,4,15,4,23,0,6,37,5,48,68,20,88,136
04/19/2007,SLE,OR,ANM,WE,Federal Contract Tower,0,2,23,0,25,0,5,61,5,71,0,7,84,5,96,64,4,68,164
04/20/2007,SLE,OR,ANM,WE,Federal Contract Tower,0,1,18,4,23,0,5,127,2,134,0,6,145,6,157,22,2,24,181
04/21/2007,SLE,OR,ANM,WE,Federal Contract Tower,0,0,9,1,10,0,10,25,1,36,0,10,34,2,46,34,0,34,80
04/22/2007,SLE,OR,ANM,WE,Federal Contract Tower,0,0,0,0,0,0,0,88,0,88,0,0,88,0,88,146,0,146,234
04/23/2007,SLE,OR,ANM,WE,Federal Contract Tower,0,1,7,0,8,0,7,85,8,100,0,8,92,8,108,118,0,118,226
04/24/2007,SLE,OR,ANM,WE,Federal Contract Tower,0,1,16,1,18,0,5,64,15,84,0,6,80,16,102,188,8,196,298
04/25/2007,SLE,OR,ANM,WE,Federal Contract Tower,0,5,27,1,33,0,4,81,8,93,0,9,108,9,126,230,2,232,358
04/26/2007,SLE,OR,ANM,WE,Federal Contract Tower,0,4,15,2,21,0,5,118,10,133,0,9,133,12,154,92,2,94,248
04/27/2007,SLE,OR,ANM,WE,Federal Contract Tower,0,3,6,4,13,0,4,123,18,145,0,7,129,22,158,168,18,186,344
04/28/2007,SLE,OR,ANM,WE,Federal Contract Tower,0,0,17,0,17,0,0,125,0,125,0,0,142,0,142,218,0,218,360
04/29/2007,SLE,OR,ANM,WE,Federal Contract Tower,0,0,6,0,6,0,0,125,0,125,0,0,131,0,131,150,0,150,281
04/30/2007,SLE,OR,ANM,WE,Federal Contract Tower,0,0,23,6,29,0,8,98,18,124,0,8,121,24,153,254,22,276,429
05/01/2007,SLE,OR,ANM,WE,Federal Contract Tower,0,5,12,2,19,0,5,56,8,69,0,10,68,10,88,104,0,104,192
05/02/2007,SLE,OR,ANM,WE,Federal Contract Tower,0,4,13,0,17,0,4,37,2,43,0,8,50,2,60,42,0,42,102
05/03/2007,SLE,OR,ANM,WE,Federal Contract Tower,0,1,23,1,25,0,5,12,14,31,0,6,35,15,56,70,30,100,156
05/04/2007,SLE,OR,ANM,WE,Federal Contract Tower,0,1,8,3,12,0,5,45,14,64,0,6,53,17,76,134,26,160,236
05/05/2007,SLE,OR,ANM,WE,Federal Contract Tower,0,0,11,4,15,0,2,137,21,160,0,2,148,25,175,224,0,224,399
05/06/2007,SLE,OR,ANM,WE,Federal Contract Tower,0,0,11,0,11,0,0,130,0,130,0,0,141,0,141,210,0,210,351
05/07/2007,SLE,OR,ANM,WE,Federal Contract Tower,0,1,15,0,16,0,5,89,3,97,0,6,104,3,113,62,8,70,183
05/08/2007,SLE,OR,ANM,WE,Federal Contract Tower,0,1,15,5,21,0,5,119,20,144,0,6,134,25,165,120,6,126,291
05/09/2007,SLE,OR,ANM,WE,Federal Contract Tower,0,3,17,1,21,0,5,99,11,115,0,8,116,12,136,132,6,138,274
05/10/2007,SLE,OR,ANM,WE,Federal Contract Tower,0,3,14,1,18,0,6,111,8,125,0,9,125,9,143,154,6,160,303
05/11/2007,SLE,OR,ANM,WE,Federal Contract Tower,0,1,15,8,24,0,5,124,19,148,0,6,139,27,172,170,7,177,349
05/12/2007,SLE,OR,ANM,WE,Federal Contract Tower,0,0,21,2,23,0,0,124,4,128,0,0,145,6,151,236,0,236,387
05/13/2007,SLE,OR,ANM,WE,Federal Contract Tower,0,0,13,0,13,0,2,67,0,69,0,2,80,0,82,128,0,128,210
05/14/2007,SLE,OR,ANM,WE,Federal Contract Tower,0,2,13,2,17,0,5,90,3,98,0,7,103,5,115,106,0,106,221
05/15/2007,SLE,OR,ANM,WE,Federal Contract Tower,0,3,23,3,29,0,6,78,12,96,0,9,101,15,125,118,0,118,243
05/16/2007,SLE,OR,ANM,WE,Federal Contract Tower,0,1,10,4,15,0,5,112,5,122,0,6,122,9,137,82,0,82,219
05/17/2007,SLE,OR,ANM,WE,Federal Contract Tower,0,1,31,2,34,0,5,113,16,134,0,6,144,18,168,154,14,168,336
05/18/2007,SLE,OR,ANM,WE,Federal Contract Tower,0,5,26,9,40,0,3,94,5,102,0,8,120,14,142,146,0,146,288
05/19/2007,SLE,OR,ANM,WE,Federal Contract Tower,0,1,7,1,9,0,1,97,4,102,0,2,104,5,111,156,0,156,267
05/20/2007,SLE,OR,ANM,WE,Federal Contract Tower,0,0,14,1,15,0,0,18,0,18,0,0,32,1,33,120,0,120,153
05/21/2007,SLE,OR,ANM,WE,Federal Contract Tower,0,2,13,1,16,0,4,75,0,79,0,6,88,1,95,96,0,96,191
05/22/2007,SLE,OR,ANM,WE,Federal Contract Tower,0,1,3,0,4,0,5,143,7,155,0,6,146,7,159,190,0,190,349
05/23/2007,SLE,OR,ANM,WE,Federal Contract Tower,0,2,21,4,27,0,6,99,7,112,0,8,120,11,139,150,12,162,301
05/24/2007,SLE,OR,ANM,WE,Federal Contract Tower,0,3,11,1,15,0,9,119,9,137,0,12,130,10,152,174,2,176,328
05/25/2007,SLE,OR,ANM,WE,Federal Contract Tower,0,1,22,4,27,0,7,110,8,125,0,8,132,12,152,128,2,130,282
05/26/2007,SLE,OR,ANM,WE,Federal Contract Tower,0,0,8,0,8,0,0,91,2,93,0,0,99,2,101,118,0,118,219
05/27/2007,SLE,OR,ANM,WE,Federal Contract Tower,0,0,16,0,16,0,0,38,0,38,0,0,54,0,54,140,0,140,194
05/28/2007,SLE,OR,ANM,WE,Federal Contract Tower,0,0,7,0,7,0,0,119,5,124,0,0,126,5,131,102,0,102,233
05/29/2007,SLE,OR,ANM,WE,Federal Contract Tower,0,0,4,3,7,0,6,127,8,141,0,6,131,11,148,102,0,102,250
05/30/2007,SLE,OR,ANM,WE,Federal Contract Tower,0,2,6,6,14,0,8,144,25,177,0,10,150,31,191,190,12,202,393
05/31/2007,SLE,OR,ANM,WE,Federal Contract Tower,0,2,21,8,31,0,8,132,4,144,0,10,153,12,175,188,4,192,367
06/01/2007,SLE,OR,ANM,WE,Federal Contract Tower,0,0,24,2,26,0,6,116,4,126,0,6,140,6,152,158,4,162,314
06/02/2007,SLE,OR,ANM,WE,Federal Contract Tower,0,0,14,1,15,0,0,121,17,138,0,0,135,18,153,158,0,158,311
06/03/2007,SLE,OR,ANM,WE,Federal Contract Tower,0,0,17,3,20,0,0,110,15,125,0,0,127,18,145,126,2,128,273
06/04/2007,SLE,OR,ANM,WE,Federal Contract Tower,0,1,17,6,24,0,7,89,26,122,0,8,106,32,146,170,24,194,340
06/05/2007,SLE,OR,ANM,WE,Federal Contract Tower,0,3,13,4,20,0,5,28,6,39,0,8,41,10,59,118,2,120,179
06/06/2007,SLE,OR,ANM,WE,Federal Contract Tower,0,2,20,0,22,0,6,72,10,88,0,8,92,10,110,180,2,182,292
06/07/2007,SLE,OR,ANM,WE,Federal Contract Tower,0,1,24,3,28,0,11,85,19,115,0,12,109,22,143,252,18,270,413
06/08/2007,SLE,OR,ANM,WE,Federal Contract Tower,0,0,13,0,13,0,9,115,2,126,0,9,128,2,139,176,0,176,315
06/09/2007,SLE,OR,ANM,WE,Federal Contract Tower,0,0,20,3,23,0,3,36,0,39,0,3,56,3,62,70,2,72,134
06/10/2007,SLE,OR,ANM,WE,Federal Contract Tower,0,0,17,4,21,0,6,85,12,103,0,6,102,16,124,98,18,116,240
06/11/2007,SLE,OR,ANM,WE,Federal Contract Tower,0,2,29,3,34,0,8,94,15,117,0,10,123,18,151,194,0,194,345
06/12/2007,SLE,OR,ANM,WE,Federal Contract Tower,0,3,15,0,18,0,5,100,22,127,0,8,115,22,145,206,0,206,351
06/13/2007,SLE,OR,ANM,WE,Federal Contract Tower,0,6,25,1,32,0,4,76,28,108,0,10,101,29,140,220,2,222,362
06/14/2007,SLE,OR,ANM,WE,Federal Contract Tower,0,7,31,5,43,0,6,128,7,141,0,13,159,12,184,236,2,238,422
06/15/2007,SLE,OR,ANM,WE,Federal Contract Tower,0,5,19,3,27,0,5,71,6,82,0,10,90,9,109,204,0,204,313
06/16/2007,SLE,OR,ANM,WE,Federal Contract Tower,0,2,13,0,15,0,0,91,0,91,0,2,104,0,106,170,0,170,276
06/17/2007,SLE,OR,ANM,WE,Federal Contract Tower,0,2,15,0,17,0,0,108,0,108,0,2,123,0,125,162,0,162,287
06/18/2007,SLE,OR,ANM,WE,Federal Contract Tower,0,4,29,2,35,0,6,130,0,136,0,10,159,2,171,220,3,223,394
06/19/2007,SLE,OR,ANM,WE,Federal Contract Tower,0,4,16,2,22,0,6,112,8,126,0,10,128,10,148,218,8,226,374
06/20/2007,SLE,OR,ANM,WE,Federal Contract Tower,0,5,12,4,21,0,5,143,12,160,0,10,155,16,181,136,10,146,327
06/21/2007,SLE,OR,ANM,WE,Federal Contract Tower,0,4,25,4,33,0,10,121,8,139,0,14,146,12,172,226,10,236,408
06/22/2007,SLE,OR,ANM,WE,Federal Contract Tower,0,3,19,2,24,0,5,105,7,117,0,8,124,9,141,254,0,254,395
06/23/2007,SLE,OR,ANM,WE,Federal Contract Tower,0,2,12,2,16,0,0,131,2,133,0,2,143,4,149,168,16,184,333
06/24/2007,SLE,OR,ANM,WE,Federal Contract Tower,0,2,29,2,33,0,0,23,0,23,0,2,52,2,56,132,14,146,202
06/25/2007,SLE,OR,ANM,WE,Federal Contract Tower,0,3,20,3,26,0,7,88,5,100,0,10,108,8,126,200,10,210,336
06/26/2007,SLE,OR,ANM,WE,Federal Contract Tower,0,2,23,3,28,0,6,125,9,140,0,8,148,12,168,164,2,166,334
06/27/2007,SLE,OR,ANM,WE,Federal Contract Tower,0,3,25,9,37,0,5,124,11,140,0,8,149,20,177,166,8,174,351
06/28/2007,SLE,OR,ANM,WE,Federal Contract Tower,0,4,14,2,20,0,4,36,7,47,0,8,50,9,67,210,0,210,277
06/29/2007,SLE,OR,ANM,WE,Federal Contract Tower,0,6,23,1,30,0,4,50,5,59,0,10,73,6,89,104,2,106,195
06/30/2007,SLE,OR,ANM,WE,Federal Contract Tower,0,2,18,2,22,0,0,108,0,108,0,2,126,2,130,150,0,150,280
07/01/2007,SLE,OR,ANM,WE,Federal Contract Tower,0,6,6,0,12,0,3,101,0,104,0,9,107,0,116,144,0,144,260
07/02/2007,SLE,OR,ANM,WE,Federal Contract Tower,0,3,12,1,16,0,7,88,3,98,0,10,100,4,114,140,14,154,268
07/03/2007,SLE,OR,ANM,WE,Federal Contract Tower,0,0,17,0,17,0,6,76,9,91,0,6,93,9,108,120,2,122,230
07/04/2007,SLE,OR,ANM,WE,Federal Contract Tower,0,0,11,0,11,0,0,70,0,70,0,0,81,0,81,172,0,172,253
07/05/2007,SLE,OR,ANM,WE,Federal Contract Tower,0,2,12,2,16,0,6,79,7,92,0,8,91,9,108,200,2,202,310
07/06/2007,SLE,OR,ANM,WE,Federal Contract Tower,0,5,8,0,13,0,10,111,0,121,0,15,119,0,134,162,0,162,296
07/07/2007,SLE,OR,ANM,WE,Federal Contract Tower,0,2,15,0,17,0,0,112,8,120,0,2,127,8,137,132,2,134,271
07/08/2007,SLE,OR,ANM,WE,Federal Contract Tower,0,0,17,0,17,0,4,134,5,143,0,4,151,5,160,142,2,144,304
07/09/2007,SLE,OR,ANM,WE,Federal Contract Tower,0,3,18,0,21,0,5,66,2,73,0,8,84,2,94,86,2,88,182
07/10/2007,SLE,OR,ANM,WE,Federal Contract Tower,0,3,19,0,22,0,5,77,1,83,0,8,96,1,105,172,0,172,277
07/11/2007,SLE,OR,ANM,WE,Federal Contract Tower,0,4,20,0,24,0,5,73,10,88,0,9,93,10,112,252,4,256,368
07/12/2007,SLE,OR,ANM,WE,Federal Contract Tower,0,6,27,0,33,0,7,74,8,89,0,13,101,8,122,136,0,136,258
07/13/2007,SLE,OR,ANM,WE,Federal Contract Tower,0,3,20,1,24,0,5,147,9,161,0,8,167,10,185,288,0,288,473
07/14/2007,SLE,OR,ANM,WE,Federal Contract Tower,0,2,11,1,14,0,0,112,2,114,0,2,123,3,128,134,0,134,262
07/15/2007,SLE,OR,ANM,WE,Federal Contract Tower,0,2,24,2,28,0,4,96,4,104,0,6,120,6,132,94,0,94,226
07/16/2007,SLE,OR,ANM,WE,Federal Contract Tower,0,5,20,0,25,0,5,124,5,134,0,10,144,5,159,200,0,200,359
07/17/2007,SLE,OR,ANM,WE,Federal Contract Tower,0,3,31,0,34,0,5,56,16,77,0,8,87,16,111,246,0,246,357
07/18/2007,SLE,OR,ANM,WE,Federal Contract Tower,0,3,24,0,27,0,5,23,5,33,0,8,47,5,60,64,2,66,126
07/19/2007,SLE,OR,ANM,WE,Federal Contract Tower,0,3,19,5,27,0,5,95,12,112,0,8,114,17,139,138,24,162,301
07/20/2007,SLE,OR,ANM,WE,Federal Contract Tower,0,5,20,1,26,0,5,122,4,131,0,10,142,5,157,184,0,184,341
07/21/2007,SLE,OR,ANM,WE,Federal Contract Tower,0,2,20,2,24,0,4,96,5,105,0,6,116,7,129,176,0,176,305
07/22/2007,SLE,OR,ANM,WE,Federal Contract Tower,0,2,18,0,20,0,0,72,1,73,0,2,90,1,93,178,2,180,273
07/23/2007,SLE,OR,ANM,WE,Federal Contract Tower,0,3,22,5,30,0,5,40,14,59,0,8,62,19,89,138,14,152,241
07/24/2007,SLE,OR,ANM,WE,Federal Contract Tower,0,2,22,4,28,0,7,113,11,131,0,9,135,15,159,112,16,128,287
07/25/2007,SLE,OR,ANM,WE,Federal Contract Tower,0,8,15,8,31,0,5,84,9,98,0,13,99,17,129,76,2,78,207
07/26/2007,SLE,OR,ANM,WE,Federal Contract Tower,0,5,40,2,47,0,9,99,10,118,0,14,139,12,165,164,0,164,329
07/27/2007,SLE,OR,ANM,WE,Federal Contract Tower,0,5,15,7,27,0,5,115,4,124,0,10,130,11,151,232,16,248,399
07/28/2007,SLE,OR,ANM,WE,Federal Contract Tower,0,4,5,0,9,0,1,98,0,99,0,5,103,0,108,236,0,236,344
07/29/2007,SLE,OR,ANM,WE,Federal Contract Tower,0,2,12,0,14,0,0,93,0,93,0,2,105,0,107,202,0,202,309
07/30/2007,SLE,OR,ANM,WE,Federal Contract Tower,0,3,13,1,17,0,9,96,15,120,0,12,109,16,137,32,0,32,169
07/31/2007,SLE,OR,ANM,WE,Federal Contract Tower,0,2,16,4,22,0,6,100,2,108,0,8,116,6,130,140,0,140,270
08/01/2007,SLE,OR,ANM,WE,Federal Contract Tower,0,9,23,7,39,0,7,111,14,132,0,16,134,21,171,304,28,332,503
08/02/2007,SLE,OR,ANM,WE,Federal Contract Tower,0,3,27,1,31,0,9,96,9,114,0,12,123,10,145,210,0,210,355
08/03/2007,SLE,OR,ANM,WE,Federal Contract Tower,0,5,23,6,34,0,19,114,5,138,0,24,137,11,172,330,0,330,502
08/04/2007,SLE,OR,ANM,WE,Federal Contract Tower,0,2,11,3,16,0,2,272,5,279,0,4,283,8,295,52,10,62,357
08/05/2007,SLE,OR,ANM,WE,Federal Contract Tower,0,2,26,2,30,0,2,66,8,76,0,4,92,10,106,248,16,264,370
08/06/2007,SLE,OR,ANM,WE,Federal Contract Tower,0,7,29,8,44,0,1,72,12,85,0,8,101,20,129,316,28,344,473
08/07/2007,SLE,OR,ANM,WE,Federal Contract Tower,0,8,25,5,38,0,3,64,18,85,0,11,89,23,123,182,32,214,337
08/08/2007,SLE,OR,ANM,WE,Federal Contract Tower,0,4,21,8,33,0,5,92,16,113,0,9,113,24,146,164,24,188,334
08/09/2007,SLE,OR,ANM,WE,Federal Contract Tower,0,3,21,1,25,0,5,106,12,123,0,8,127,13,148,198,2,200,348
08/10/2007,SLE,OR,ANM,WE,Federal Contract Tower,0,2,13,1,16,0,6,111,5,122,0,8,124,6,138,167,0,167,305
08/11/2007,SLE,OR,ANM,WE,Federal Contract Tower,0,0,16,0,16,0,2,109,2,113,0,2,125,2,129,154,0,154,283
08/12/2007,SLE,OR,ANM,WE,Federal Contract Tower,0,6,5,0,11,0,118,0,3,121,0,124,5,3,132,94,0,94,226
08/13/2007,SLE,OR,ANM,WE,Federal Contract Tower,0,5,18,1,24,0,6,84,13,103,0,11,102,14,127,230,0,230,357
08/14/2007,SLE,OR,ANM,WE,Federal Contract Tower,0,9,6,1,16,0,11,110,10,131,0,20,116,11,147,212,0,212,359
08/15/2007,SLE,OR,ANM,WE,Federal Contract Tower,0,3,19,2,24,0,9,132,9,150,0,12,151,11,174,178,0,178,352
08/16/2007,SLE,OR,ANM,WE,Federal Contract Tower,0,2,19,6,27,0,10,101,9,120,0,12,120,15,147,165,2,167,314
08/17/2007,SLE,OR,ANM,WE,Federal Contract Tower,0,5,16,0,21,0,8,158,1,167,0,13,174,1,188,226,0,226,414
08/18/2007,SLE,OR,ANM,WE,Federal Contract Tower,0,4,15,0,19,0,11,123,1,135,0,15,138,1,154,146,0,146,300
08/19/2007,SLE,OR,ANM,WE,Federal Contract Tower,0,2,24,3,29,0,0,72,0,72,0,2,96,3,101,228,0,228,329
08/20/2007,SLE,OR,ANM,WE,Federal Contract Tower,0,4,42,4,50,0,5,53,10,68,0,9,95,14,118,226,0,226,344
08/21/2007,SLE,OR,ANM,WE,Federal Contract Tower,0,5,27,6,38,0,7,82,6,95,0,12,109,12,133,0,256,256,389
08/22/2007,SLE,OR,ANM,WE,Federal Contract Tower,0,3,44,7,54,0,9,122,20,151,0,12,166,27,205,232,6,238,443
08/23/2007,SLE,OR,ANM,WE,Federal Contract Tower,0,6,23,3,32,0,7,137,12,156,0,13,160,15,188,170,9,179,367
08/24/2007,SLE,OR,ANM,WE,Federal Contract Tower,0,3,13,5,21,0,10,120,14,144,0,13,133,19,165,251,4,255,420
08/25/2007,SLE,OR,ANM,WE,Federal Contract Tower,0,5,12,0,17,0,1,133,1,135,0,6,145,1,152,176,0,176,328
08/26/2007,SLE,OR,ANM,WE,Federal Contract Tower,0,2,12,0,14,0,0,100,2,102,0,2,112,2,116,220,0,220,336
08/27/2007,SLE,OR,ANM,WE,Federal Contract Tower,0,8,23,0,31,0,7,115,6,128,0,15,138,6,159,275,0,275,434
08/28/2007,SLE,OR,ANM,WE,Federal Contract Tower,0,2,22,4,28,0,7,124,9,140,0,9,146,13,168,291,4,295,463
08/29/2007,SLE,OR,ANM,WE,Federal Contract Tower,0,3,37,2,42,0,5,106,10,121,0,8,143,12,163,183,28,211,374
08/30/2007,SLE,OR,ANM,WE,Federal Contract Tower,0,2,23,2,27,0,7,90,6,103,0,9,113,8,130,200,6,206,336
08/31/2007,SLE,OR,ANM,WE,Federal Contract Tower,0,3,25,2,30,0,7,117,10,134,0,10,142,12,164,124,0,124,288
09/01/2007,SLE,OR,ANM,WE,Federal Contract Tower,0,0,7,4,11,0,0,127,0,127,0,0,134,4,138,179,0,179,317
09/02/2007,SLE,OR,ANM,WE,Federal Contract Tower,0,1,12,0,13,0,1,105,0,106,0,2,117,0,119,76,0,76,195
09/03/2007,SLE,OR,ANM,WE,Federal Contract Tower,0,2,1,0,3,0,0,93,0,93,0,2,94,0,96,97,0,97,193
09/04/2007,SLE,OR,ANM,WE,Federal Contract Tower,0,3,19,3,25,0,4,53,5,62,0,7,72,8,87,224,0,224,311
09/05/2007,SLE,OR,ANM,WE,Federal Contract Tower,0,4,19,7,30,0,3,103,12,118,0,7,122,19,148,212,0,212,360
09/06/2007,SLE,OR,ANM,WE,Federal Contract Tower,0,4,20,11,35,0,6,83,18,107,0,10,103,29,142,204,12,216,358
09/07/2007,SLE,OR,ANM,WE,Federal Contract Tower,0,2,27,7,36,0,6,159,25,190,0,8,186,32,226,266,14,280,506
09/08/2007,SLE,OR,ANM,WE,Federal Contract Tower,0,0,17,1,18,0,0,113,16,129,0,0,130,17,147,185,8,193,340
09/09/2007,SLE,OR,ANM,WE,Federal Contract Tower,0,3,12,2,17,0,2,142,8,152,0,5,154,10,169,127,10,137,306
09/10/2007,SLE,OR,ANM,WE,Federal Contract Tower,0,3,5,2,10,0,4,99,8,111,0,7,104,10,121,111,0,111,232
09/11/2007,SLE,OR,ANM,WE,Federal Contract Tower,0,4,26,8,38,0,7,138,13,158,0,11,164,21,196,274,18,292,488
09/12/2007,SLE,OR,ANM,WE,Federal Contract Tower,0,3,42,12,57,0,4,77,6,87,0,7,119,18,144,168,0,168,312
09/13/2007,SLE,OR,ANM,WE,Federal Contract Tower,0,5,46,14,65,0,6,65,5,76,0,11,111,19,141,268,3,271,412
09/14/2007,SLE,OR,ANM,WE,Federal Contract Tower,0,4,28,7,39,0,4,98,20,122,0,8,126,27,161,292,10,302,463
09/15/2007,SLE,OR,ANM,WE,Federal Contract Tower,0,0,23,0,23,0,0,100,0,100,0,0,123,0,123,148,0,148,271
09/16/2007,SLE,OR,ANM,WE,Federal Contract Tower,0,2,38,0,40,0,1,96,3,100,0,3,134,3,140,244,0,244,384
09/17/2007,SLE,OR,ANM,WE,Federal Contract Tower,0,2,20,3,25,0,7,1103,4,1114,0,9,1123,7,1139,220,0,220,1359
09/18/2007,SLE,OR,ANM,WE,Federal Contract Tower,0,2,19,0,21,0,8,123,14,145,0,10,142,14,166,297,26,323,489
09/19/2007,SLE,OR,ANM,WE,Federal Contract Tower,0,4,17,7,28,0,7,99,12,118,0,11,116,19,146,197,10,207,353
09/20/2007,SLE,OR,ANM,WE,Federal Contract Tower,0,3,14,10,27,0,5,112,18,135,0,8,126,28,162,209,18,227,389
09/21/2007,SLE,OR,ANM,WE,Federal Contract Tower,0,6,27,1,34,0,6,91,13,110,0,12,118,14,144,103,25,128,272
09/22/2007,SLE,OR,ANM,WE,Federal Contract Tower,0,0,17,0,17,0,2,132,1,135,0,2,149,1,152,212,0,212,364
09/23/2007,SLE,OR,ANM,WE,Federal Contract Tower,0,3,13,4,20,0,2,122,1,125,0,5,135,5,145,280,0,280,425
09/24/2007,SLE,OR,ANM,WE,Federal Contract Tower,0,7,18,1,26,0,3,106,1,110,0,10,124,2,136,259,16,275,411
09/25/2007,SLE,OR,ANM,WE,Federal Contract Tower,0,5,27,2,34,0,10,143,18,171,0,15,170,20,205,285,1,286,491
09/26/2007,SLE,OR,ANM,WE,Federal Contract Tower,0,2,42,3,47,0,7,93,11,111,0,9,135,14,158,192,4,196,354
09/27/2007,SLE,OR,ANM,WE,Federal Contract Tower,0,6,21,1,28,0,6,134,8,148,0,12,155,9,176,279,0,279,455
09/28/2007,SLE,OR,ANM,WE,Federal Contract Tower,0,2,20,1,23,0,6,39,3,48,0,8,59,4,71,116,0,116,187
09/29/2007,SLE,OR,ANM,WE,Federal Contract Tower,0,1,28,0,29,0,1,67,0,68,0,2,95,0,97,188,0,188,285
09/30/2007,SLE,OR,ANM,WE,Federal Contract Tower,0,4,10,0,14,0,0,8,0,8,0,4,18,0,22,3,0,3,25
10/01/2007,SLE,OR,ANM,WE,Federal Contract Tower,0,4,36,2,42,0,4,92,2,98,0,8,128,4,140,96,0,96,236
10/02/2007,SLE,OR,ANM,WE,Federal Contract Tower,0,6,30,3,39,0,5,47,3,55,0,11,77,6,94,157,16,173,267
10/03/2007,SLE,OR,ANM,WE,Federal Contract Tower,0,6,21,2,29,0,3,62,11,76,0,9,83,13,105,61,36,97,202
10/04/2007,SLE,OR,ANM,WE,Federal Contract Tower,0,3,19,0,22,0,4,36,12,52,0,7,55,12,74,172,1,173,247
10/05/2007,SLE,OR,ANM,WE,Federal Contract Tower,0,4,27,1,32,0,4,90,6,100,0,8,117,7,132,209,0,209,341
10/06/2007,SLE,OR,ANM,WE,Federal Contract Tower,0,0,21,0,21,0,2,78,2,82,0,2,99,2,103,76,0,76,179
10/07/2007,SLE,OR,ANM,WE,Federal Contract Tower,0,3,20,0,23,0,0,58,0,58,0,3,78,0,81,74,0,74,155
10/08/2007,SLE,OR,ANM,WE,Federal Contract Tower,0,8,33,5,46,0,3,26,3,32,0,11,59,8,78,74,5,79,157
10/09/2007,SLE,OR,ANM,WE,Federal Contract Tower,0,4,41,6,51,0,5,15,3,23,0,9,56,9,74,81,10,91,165
10/10/2007,SLE,OR,ANM,WE,Federal Contract Tower,0,3,23,4,30,0,5,75,11,91,0,8,98,15,121,175,9,184,305
10/11/2007,SLE,OR,ANM,WE,Federal Contract Tower,0,6,22,2,30,0,6,58,1,65,0,12,80,3,95,133,0,133,228
10/12/2007,SLE,OR,ANM,WE,Federal Contract Tower,0,4,14,8,26,0,5,63,6,74,0,9,77,14,100,131,0,131,231
10/13/2007,SLE,OR,ANM,WE,Federal Contract Tower,0,0,20,3,23,0,0,47,10,57,0,0,67,13,80,148,10,158,238
10/14/2007,SLE,OR,ANM,WE,Federal Contract Tower,0,3,14,4,21,0,2,52,3,57,0,5,66,7,78,81,2,83,161
10/15/2007,SLE,OR,ANM,WE,Federal Contract Tower,0,6,22,2,30,0,2,62,4,68,0,8,84,6,98,202,0,202,300
10/16/2007,SLE,OR,ANM,WE,Federal Contract Tower,0,3,12,1,16,0,5,39,9,53,0,8,51,10,69,144,1,145,214
10/17/2007,SLE,OR,ANM,WE,Federal Contract Tower,0,6,13,0,19,0,4,80,11,95,0,10,93,11,114,119,0,119,233
10/18/2007,SLE,OR,ANM,WE,Federal Contract Tower,0,10,11,0,21,0,3,18,0,21,0,13,29,0,42,95,0,95,137
10/19/2007,SLE,OR,ANM,WE,Federal Contract Tower,0,4,37,0,41,0,2,31,3,36,0,6,68,3,77,25,0,25,102
10/20/2007,SLE,OR,ANM,WE,Federal Contract Tower,0,0,12,0,12,0,3,24,2,29,0,3,36,2,41,205,6,211,252
10/21/2007,SLE,OR,ANM,WE,Federal Contract Tower,0,2,30,0,32,0,3,116,0,119,0,5,146,0,151,199,0,199,350
10/22/2007,SLE,OR,ANM,WE,Federal Contract Tower,0,5,24,0,29,0,3,119,3,125,0,8,143,3,154,232,0,232,386
10/23/2007,SLE,OR,ANM,WE,Federal Contract Tower,0,2,26,2,30,0,5,176,5,186,0,7,202,7,216,231,1,232,448
10/24/2007,SLE,OR,ANM,WE,Federal Contract Tower,0,8,14,0,22,0,3,75,8,86,0,11,89,8,108,169,0,169,277
10/25/2007,SLE,OR,ANM,WE,Federal Contract Tower,0,4,19,4,27,0,3,107,9,119,0,7,126,13,146,205,0,205,351
10/26/2007,SLE,OR,ANM,WE,Federal Contract Tower,0,6,17,0,23,0,6,84,4,94,0,12,101,4,117,127,2,129,246
10/27/2007,SLE,OR,ANM,WE,Federal Contract Tower,0,0,21,0,21,0,0,144,0,144,0,0,165,0,165,185,0,185,350
10/28/2007,SLE,OR,ANM,WE,Federal Contract Tower,0,2,25,0,27,0,2,145,2,149,0,4,170,2,176,174,0,174,350
10/29/2007,SLE,OR,ANM,WE,Federal Contract Tower,0,6,15,2,23,0,3,68,7,78,0,9,83,9,101,153,0,153,254
10/30/2007,SLE,OR,ANM,WE,Federal Contract Tower,0,8,31,6,45,0,6,131,15,152,0,14,162,21,197,193,12,205,402
10/31/2007,SLE,OR,ANM,WE,Federal Contract Tower,0,9,36,1,46,0,3,40,7,50,0,12,76,8,96,114,12,126,222
11/01/2007,SLE,OR,ANM,WE,Federal Contract Tower,0,2,20,4,26,0,5,73,6,84,0,7,93,10,110,285,6,291,401
11/02/2007,SLE,OR,ANM,WE,Federal Contract Tower,0,3,12,7,22,0,5,120,2,127,0,8,132,9,149,205,0,205,354
11/03/2007,SLE,OR,ANM,WE,Federal Contract Tower,0,2,23,2,27,0,0,119,14,133,0,2,142,16,160,398,0,398,558
11/04/2007,SLE,OR,ANM,WE,Federal Contract Tower,0,2,14,7,23,0,0,71,2,73,0,2,85,9,96,178,4,182,278
11/05/2007,SLE,OR,ANM,WE,Federal Contract Tower,0,5,23,2,30,0,0,36,1,37,0,5,59,3,67,58,0,58,125
11/06/2007,SLE,OR,ANM,WE,Federal Contract Tower,0,11,34,1,46,0,0,5,0,5,0,11,39,1,51,1,0,1,52
11/07/2007,SLE,OR,ANM,WE,Federal Contract Tower,0,9,21,2,32,0,0,24,3,27,0,9,45,5,59,210,16,226,285
11/08/2007,SLE,OR,ANM,WE,Federal Contract Tower,0,7,27,0,34,0,2,52,2,56,0,9,79,2,90,180,0,180,270
11/09/2007,SLE,OR,ANM,WE,Federal Contract Tower,0,8,25,5,38,0,1,47,0,48,0,9,72,5,86,156,1,157,243
11/10/2007,SLE,OR,ANM,WE,Federal Contract Tower,0,2,15,2,19,0,0,135,4,139,0,2,150,6,158,158,0,158,316
11/11/2007,SLE,OR,ANM,WE,Federal Contract Tower,0,2,9,1,12,0,10,77,1,88,0,12,86,2,100,173,0,173,273
11/12/2007,SLE,OR,ANM,WE,Federal Contract Tower,0,5,13,0,18,0,1,6,0,7,0,6,19,0,25,38,0,38,63
11/13/2007,SLE,OR,ANM,WE,Federal Contract Tower,0,7,21,4,32,0,3,102,12,117,0,10,123,16,149,356,0,356,505
11/14/2007,SLE,OR,ANM,WE,Federal Contract Tower,0,4,17,5,26,0,2,73,37,112,0,6,90,42,138,126,39,165,303
11/15/2007,SLE,OR,ANM,WE,Federal Contract Tower,0,4,9,3,16,0,2,56,7,65,0,6,65,10,81,252,14,266,347
11/16/2007,SLE,OR,ANM,WE,Federal Contract Tower,0,6,17,1,24,0,4,11,0,15,0,10,28,1,39,89,0,89,128
11/17/2007,SLE,OR,ANM,WE,Federal Contract Tower,0,0,8,0,8,0,0,25,1,26,0,0,33,1,34,113,0,113,147
11/18/2007,SLE,OR,ANM,WE,Federal Contract Tower,0,2,8,1,11,0,0,1,0,1,0,2,9,1,12,63,0,63,75
11/19/2007,SLE,OR,ANM,WE,Federal Contract Tower,0,9,18,4,31,0,1,31,5,37,0,10,49,9,68,455,12,467,535
11/20/2007,SLE,OR,ANM,WE,Federal Contract Tower,0,6,28,1,35,0,0,64,3,67,0,6,92,4,102,353,0,353,455
11/21/2007,SLE,OR,ANM,WE,Federal Contract Tower,0,6,26,0,32,0,4,102,2,108,0,10,128,2,140,204,0,204,344
11/22/2007,SLE,OR,ANM,WE,Federal Contract Tower,0,1,5,0,6,0,0,47,0,47,0,1,52,0,53,67,0,67,120
11/23/2007,SLE,OR,ANM,WE,Federal Contract Tower,0,10,15,0,25,0,4,139,0,143,0,14,154,0,168,132,0,132,300
11/24/2007,SLE,OR,ANM,WE,Federal Contract Tower,0,2,25,0,27,0,1,86,0,87,0,3,111,0,114,103,0,103,217
11/25/2007,SLE,OR,ANM,WE,Federal Contract Tower,0,2,23,0,25,0,2,105,0,107,0,4,128,0,132,191,0,191,323
11/26/2007,SLE,OR,ANM,WE,Federal Contract Tower,0,7,6,6,19,0,0,12,0,12,0,7,18,6,31,98,14,112,143
11/27/2007,SLE,OR,ANM,WE,Federal Contract Tower,0,8,16,6,30,0,2,53,17,72,0,10,69,23,102,190,46,236,338
11/28/2007,SLE,OR,ANM,WE,Federal Contract Tower,0,7,17,1,25,0,0,4,4,8,0,7,21,5,33,8,26,34,67
11/29/2007,SLE,OR,ANM,WE,Federal Contract Tower,0,5,12,10,27,0,0,52,14,66,0,5,64,24,93,101,41,142,235
11/30/2007,SLE,OR,ANM,WE,Federal Contract Tower,0,7,13,0,20,0,0,3,0,3,0,7,16,0,23,30,0,30,53
12/01/2007,SLE,OR,ANM,WE,Federal Contract Tower,0,3,7,0,10,0,2,32,0,34,0,5,39,0,44,146,0,146,190
12/02/2007,SLE,OR,ANM,WE,Federal Contract Tower,0,3,2,0,5,0,0,0,0,0,0,3,2,0,5,0,0,0,5
12/03/2007,SLE,OR,ANM,WE,Federal Contract Tower,0,9,0,0,9,0,0,0,0,0,0,9,0,0,9,1,0,1,10
12/04/2007,SLE,OR,ANM,WE,Federal Contract Tower,0,7,18,0,25,0,1,70,25,96,0,8,88,25,121,144,36,180,301
12/05/2007,SLE,OR,ANM,WE,Federal Contract Tower,0,10,10,2,22,0,1,1,0,2,0,11,11,2,24,0,0,0,24
12/06/2007,SLE,OR,ANM,WE,Federal Contract Tower,0,11,11,1,23,0,1,78,13,92,0,12,89,14,115,203,16,219,334
12/07/2007,SLE,OR,ANM,WE,Federal Contract Tower,0,8,31,4,43,0,2,23,14,39,0,10,54,18,82,214,20,234,316
12/08/2007,SLE,OR,ANM,WE,Federal Contract Tower,0,4,16,2,22,0,5,119,8,132,0,9,135,10,154,150,0,150,304
12/09/2007,SLE,OR,ANM,WE,Federal Contract Tower,0,2,7,3,12,0,0,17,0,17,0,2,24,3,29,182,0,182,211
12/10/2007,SLE,OR,ANM,WE,Federal Contract Tower,0,8,13,3,24,0,1,38,2,41,0,9,51,5,65,128,3,131,196
12/11/2007,SLE,OR,ANM,WE,Federal Contract Tower,0,4,19,4,27,0,8,86,31,125,0,12,105,35,152,174,2,176,328
12/12/2007,SLE,OR,ANM,WE,Federal Contract Tower,0,5,7,8,20,0,9,69,30,108,0,14,76,38,128,235,45,280,408
12/13/2007,SLE,OR,ANM,WE,Federal Contract Tower,0,10,4,0,14,0,0,1,0,1,0,10,5,0,15,0,0,0,15
12/14/2007,SLE,OR,ANM,WE,Federal Contract Tower,0,7,23,3,33,0,2,44,7,53,0,9,67,10,86,214,8,222,308
12/15/2007,SLE,OR,ANM,WE,Federal Contract Tower,0,3,8,1,12,0,1,108,0,109,0,4,116,1,121,263,0,263,384
12/16/2007,SLE,OR,ANM,WE,Federal Contract Tower,0,2,26,0,28,0,2,65,4,71,0,4,91,4,99,163,0,163,262
12/17/2007,SLE,OR,ANM,WE,Federal Contract Tower,0,9,19,3,31,0,0,34,2,36,0,9,53,5,67,211,0,211,278
12/18/2007,SLE,OR,ANM,WE,Federal Contract Tower,0,5,24,3,32,0,2,32,0,34,0,7,56,3,66,72,0,72,138
12/19/2007,SLE,OR,ANM,WE,Federal Contract Tower,0,10,27,0,37,0,0,4,0,4,0,10,31,0,41,38,0,38,79
12/20/2007,SLE,OR,ANM,WE,Federal Contract Tower,0,9,16,2,27,0,3,64,6,73,0,12,80,8,100,254,0,254,354
12/21/2007,SLE,OR,ANM,WE,Federal Contract Tower,0,6,29,2,37,0,2,97,1,100,0,8,126,3,137,250,13,263,400
12/22/2007,SLE,OR,ANM,WE,Federal Contract Tower,0,4,16,0,20,0,0,13,0,13,0,4,29,0,33,76,0,76,109
12/23/2007,SLE,OR,ANM,WE,Federal Contract Tower,0,2,11,0,13,0,0,20,0,20,0,2,31,0,33,284,0,284,317
12/24/2007,SLE,OR,ANM,WE,Federal Contract Tower,0,4,9,3,16,0,2,50,4,56,0,6,59,7,72,49,4,53,125
12/25/2007,SLE,OR,ANM,WE,Federal Contract Tower,0,2,0,0,2,0,0,2,0,2,0,2,2,0,4,12,0,12,16
12/26/2007,SLE,OR,ANM,WE,Federal Contract Tower,0,6,6,1,13,0,1,6,4,11,0,7,12,5,24,14,0,14,38
12/27/2007,SLE,OR,ANM,WE,Federal Contract Tower,0,9,5,0,14,0,0,0,1,1,0,9,5,1,15,0,16,16,31
12/28/2007,SLE,OR,ANM,WE,Federal Contract Tower,0,6,16,9,31,0,2,34,0,36,0,8,50,9,67,379,5,384,451
12/29/2007,SLE,OR,ANM,WE,Federal Contract Tower,0,4,16,0,20,0,0,16,0,16,0,4,32,0,36,196,0,196,232
12/30/2007,SLE,OR,ANM,WE,Federal Contract Tower,0,2,7,0,9,0,0,54,0,54,0,2,61,0,63,212,0,212,275
12/31/2007,SLE,OR,ANM,WE,Federal Contract Tower,0,10,5,0,15,0,0,1,0,1,0,10,6,0,16,2,0,2,18
01/01/2008,SLE,OR,ANM,WE,Federal Contract Tower,0,2,13,0,15,0,0,63,0,63,0,2,76,0,78,200,0,200,278
01/02/2008,SLE,OR,ANM,WE,Federal Contract Tower,0,12,16,1,29,0,0,41,5,46,0,12,57,6,75,354,12,366,441
01/03/2008,SLE,OR,ANM,WE,Federal Contract Tower,0,6,12,2,20,0,2,13,6,21,0,8,25,8,41,18,8,26,67
01/04/2008,SLE,OR,ANM,WE,Federal Contract Tower,0,7,12,0,19,0,0,7,0,7,0,7,19,0,26,14,0,14,40
01/05/2008,SLE,OR,ANM,WE,Federal Contract Tower,0,2,4,4,10,0,0,19,16,35,0,2,23,20,45,40,56,96,141
01/06/2008,SLE,OR,ANM,WE,Federal Contract Tower,0,2,9,3,14,0,0,18,3,21,0,2,27,6,35,110,0,110,145
01/07/2008,SLE,OR,ANM,WE,Federal Contract Tower,0,6,23,5,34,0,3,41,5,49,0,9,64,10,83,182,0,182,265
01/08/2008,SLE,OR,ANM,WE,Federal Contract Tower,0,7,12,0,19,0,0,43,12,55,0,7,55,12,74,194,58,252,326
01/09/2008,SLE,OR,ANM,WE,Federal Contract Tower,2,8,17,4,31,0,3,88,16,107,2,11,105,20,138,207,17,224,362
01/10/2008,SLE,OR,ANM,WE,Federal Contract Tower,0,8,19,4,31,0,0,47,9,56,0,8,66,13,87,223,14,237,324
01/11/2008,SLE,OR,ANM,WE,Federal Contract Tower,0,7,30,7,44,0,1,45,0,46,0,8,75,7,90,210,1,211,301
01/12/2008,SLE,OR,ANM,WE,Federal Contract Tower,0,2,16,4,22,0,2,41,1,44,0,4,57,5,66,136,0,136,202
01/13/2008,SLE,OR,ANM,WE,Federal Contract Tower,0,2,13,3,18,0,0,3,0,3,0,2,16,3,21,4,0,4,25
01/14/2008,SLE,OR,ANM,WE,Federal Contract Tower,0,8,25,5,38,0,1,25,4,30,0,9,50,9,68,144,22,166,234
01/15/2008,SLE,OR,ANM,WE,Federal Contract Tower,0,3,20,4,27,0,4,83,19,106,0,7,103,23,133,121,32,153,286
01/16/2008,SLE,OR,ANM,WE,Federal Contract Tower,0,6,19,6,31,0,3,8,1,12,0,9,27,7,43,8,1,9,52
01/17/2008,SLE,OR,ANM,WE,Federal Contract Tower,0,10,25,3,38,0,0,2,0,2,0,10,27,3,40,0,8,8,48
01/18/2008,SLE,OR,ANM,WE,Federal Contract Tower,0,9,21,2,32,0,0,15,1,16,0,9,36,3,48,218,4,222,270
01/19/2008,SLE,OR,ANM,WE,Federal Contract Tower,0,2,9,4,15,0,0,28,0,28,0,2,37,4,43,84,0,84,127
01/20/2008,SLE,OR,ANM,WE,Federal Contract Tower,0,2,12,0,14,0,0,32,0,32,0,2,44,0,46,202,0,202,248
01/21/2008,SLE,OR,ANM,WE,Federal Contract Tower,0,1,13,0,14,0,1,104,0,105,0,2,117,0,119,195,0,195,314
01/22/2008,SLE,OR,ANM,WE,Federal Contract Tower,0,4,14,6,24,0,7,120,33,160,0,11,134,39,184,163,40,203,387
01/23/2008,SLE,OR,ANM,WE,Federal Contract Tower,0,5,18,5,28,0,3,145,27,175,0,8,163,32,203,151,13,164,367
01/24/2008,SLE,OR,ANM,WE,Federal Contract Tower,0,7,22,1,30,0,3,80,26,109,0,10,102,27,139,232,52,284,423
01/25/2008,SLE,OR,ANM,WE,Federal Contract Tower,0,6,17,6,29,0,2,92,4,98,0,8,109,10,127,164,2,166,293
01/26/2008,SLE,OR,ANM,WE,Federal Contract Tower,0,2,8,0,10,0,0,10,0,10,0,2,18,0,20,78,0,78,98
01/27/2008,SLE,OR,ANM,WE,Federal Contract Tower,0,2,9,2,13,0,0,0,0,0,0,2,9,2,13,0,0,0,13
01/28/2008,SLE,OR,ANM,WE,Federal Contract Tower,0,7,4,5,16,0,2,35,0,37,0,9,39,5,53,163,3,166,219
01/29/2008,SLE,OR,ANM,WE,Federal Contract Tower,0,8,9,3,20,0,0,22,0,22,0,8,31,3,42,153,0,153,195
01/30/2008,SLE,OR,ANM,WE,Federal Contract Tower,0,8,23,1,32,0,0,30,46,76,0,8,53,47,108,161,6,167,275
01/31/2008,SLE,OR,ANM,WE,Federal Contract Tower,0,12,11,2,25,0,0,49,5,54,0,12,60,7,79,273,2,275,354
02/01/2008,SLE,OR,ANM,WE,Federal Contract Tower,0,9,8,3,20,0,0,41,6,47,0,9,49,9,67,227,16,243,310
02/02/2008,SLE,OR,ANM,WE,Federal Contract Tower,0,2,0,0,2,0,0,17,0,17,0,2,17,0,19,168,0,168,187
02/03/2008,SLE,OR,ANM,WE,Federal Contract Tower,0,2,5,0,7,0,0,39,0,39,0,2,44,0,46,81,0,81,127
02/04/2008,SLE,OR,ANM,WE,Federal Contract Tower,0,9,10,0,19,0,2,43,7,52,0,11,53,7,71,95,26,121,192
02/05/2008,SLE,OR,ANM,WE,Federal Contract Tower,0,5,9,4,18,0,2,20,19,41,0,7,29,23,59,5,48,53,112
02/06/2008,SLE,OR,ANM,WE,Federal Contract Tower,0,8,12,3,23,0,3,35,12,50,0,11,47,15,73,42,14,56,129
02/07/2008,SLE,OR,ANM,WE,Federal Contract Tower,0,7,18,7,32,0,1,28,21,50,0,8,46,28,82,32,26,58,140
02/08/2008,SLE,OR,ANM,WE,Federal Contract Tower,0,7,17,1,25,0,0,6,15,21,0,7,23,16,46,24,0,24,70
02/09/2008,SLE,OR,ANM,WE,Federal Contract Tower,0,1,18,3,22,0,1,141,15,157,0,2,159,18,179,114,2,116,295
02/10/2008,SLE,OR,ANM,WE,Federal Contract Tower,0,2,16,0,18,0,0,32,0,32,0,2,48,0,50,42,0,42,92
02/11/2008,SLE,OR,ANM,WE,Federal Contract Tower,0,4,23,1,28,0,6,64,0,70,0,10,87,1,98,78,0,78,176
02/12/2008,SLE,OR,ANM,WE,Federal Contract Tower,0,5,16,4,25,0,4,24,5,33,0,9,40,9,58,6,0,6,64
02/13/2008,SLE,OR,ANM,WE,Federal Contract Tower,0,8,9,5,22,0,3,68,5,76,0,11,77,10,98,50,1,51,149
02/14/2008,SLE,OR,ANM,WE,Federal Contract Tower,0,7,15,0,22,0,4,54,6,64,0,11,69,6,86,34,1,35,121
02/15/2008,SLE,OR,ANM,WE,Federal Contract Tower,0,7,19,6,32,0,3,70,2,75,0,10,89,8,107,78,7,85,192
02/16/2008,SLE,OR,ANM,WE,Federal Contract Tower,0,3,17,0,20,0,16,85,2,103,0,19,102,2,123,67,0,67,190
02/17/2008,SLE,OR,ANM,WE,Federal Contract Tower,0,2,3,0,5,0,4,130,2,136,0,6,133,2,141,90,0,90,231
02/18/2008,SLE,OR,ANM,WE,Federal Contract Tower,0,7,23,0,30,0,19,123,0,142,0,26,146,0,172,147,0,147,319
02/19/2008,SLE,OR,ANM,WE,Federal Contract Tower,0,7,25,0,32,0,6,35,9,50,0,13,60,9,82,67,0,67,149
02/20/2008,SLE,OR,ANM,WE,Federal Contract Tower,0,6,35,0,41,0,1,28,9,38,0,7,63,9,79,57,4,61,140
02/21/2008,SLE,OR,ANM,WE,Federal Contract Tower,0,5,23,2,30,0,4,44,10,58,0,9,67,12,88,90,14,104,192
02/22/2008,SLE,OR,ANM,WE,Federal Contract Tower,0,6,16,1,23,0,2,38,2,42,0,8,54,3,65,49,0,49,114
02/23/2008,SLE,OR,ANM,WE,Federal Contract Tower,0,3,21,0,24,0,4,88,0,92,0,7,109,0,116,51,0,51,167
02/24/2008,SLE,OR,ANM,WE,Federal Contract Tower,0,2,10,0,12,0,0,50,0,50,0,2,60,0,62,74,0,74,136
02/25/2008,SLE,OR,ANM,WE,Federal Contract Tower,0,4,12,4,20,0,2,26,2,30,0,6,38,6,50,31,2,33,83
02/26/2008,SLE,OR,ANM,WE,Federal Contract Tower,0,6,13,6,25,0,4,68,11,83,0,10,81,17,108,23,11,34,142
02/27/2008,SLE,OR,ANM,WE,Federal Contract Tower,0,8,20,2,30,0,5,60,6,71,0,13,80,8,101,36,3,39,140
02/28/2008,SLE,OR,ANM,WE,Federal Contract Tower,0,7,18,6,31,0,4,125,10,139,0,11,143,16,170,65,12,77,247
02/29/2008,SLE,OR,ANM,WE,Federal Contract Tower,0,7,15,0,22,0,0,27,18,45,0,7,42,18,67,28,24,52,119
03/01/2008,SLE,OR,ANM,WE,Federal Contract Tower,0,3,6,2,11,0,2,38,23,63,0,5,44,25,74,75,32,107,181
03/02/2008,SLE,OR,ANM,WE,Federal Contract Tower,0,2,7,4,13,0,1,66,12,79,0,3,73,16,92,74,7,81,173
03/03/2008,SLE,OR,ANM,WE,Federal Contract Tower,0,6,8,0,14,0,2,7,18,27,0,8,15,18,41,1,36,37,78
03/04/2008,SLE,OR,ANM,WE,Federal Contract Tower,0,9,13,1,23,0,4,35,11,50,0,13,48,12,73,30,0,30,103
03/05/2008,SLE,OR,ANM,WE,Federal Contract Tower,0,11,16,0,27,0,6,72,30,108,0,17,88,30,135,75,10,85,220
03/06/2008,SLE,OR,ANM,WE,Federal Contract Tower,0,7,15,2,24,0,13,92,21,126,0,20,107,23,150,93,28,121,271
03/07/2008,SLE,OR,ANM,WE,Federal Contract Tower,0,5,15,3,23,0,2,38,10,50,0,7,53,13,73,67,0,67,140
03/08/2008,SLE,OR,ANM,WE,Federal Contract Tower,0,3,15,2,20,0,3,68,2,73,0,6,83,4,93,74,0,74,167
03/09/2008,SLE,OR,ANM,WE,Federal Contract Tower,0,2,14,2,18,0,3,60,0,63,0,5,74,2,81,27,0,27,108
03/10/2008,SLE,OR,ANM,WE,Federal Contract Tower,0,6,15,1,22,0,0,30,9,39,0,6,45,10,61,30,4,34,95
03/11/2008,SLE,OR,ANM,WE,Federal Contract Tower,0,9,17,3,29,0,2,29,13,44,0,11,46,16,73,41,0,41,114
03/12/2008,SLE,OR,ANM,WE,Federal Contract Tower,0,6,21,5,32,0,0,47,10,57,0,6,68,15,89,87,3,90,179
03/13/2008,SLE,OR,ANM,WE,Federal Contract Tower,0,8,11,0,19,0,0,6,6,12,0,8,17,6,31,10,0,10,41
03/14/2008,SLE,OR,ANM,WE,Federal Contract Tower,0,8,10,0,18,0,0,3,0,3,0,8,13,0,21,2,0,2,23
03/15/2008,SLE,OR,ANM,WE,Federal Contract Tower,0,2,6,0,8,0,6,12,0,18,0,8,18,0,26,16,0,16,42
03/16/2008,SLE,OR,ANM,WE,Federal Contract Tower,0,2,11,2,15,0,4,79,0,83,0,6,90,2,98,62,0,62,160
03/17/2008,SLE,OR,ANM,WE,Federal Contract Tower,0,9,11,6,26,0,1,6,1,8,0,10,17,7,34,6,0,6,40
03/18/2008,SLE,OR,ANM,WE,Federal Contract Tower,0,4,9,1,14,0,7,22,11,40,0,11,31,12,54,26,0,26,80
03/19/2008,SLE,OR,ANM,WE,Federal Contract Tower,0,6,15,2,23,0,2,26,23,51,0,8,41,25,74,32,10,42,116
03/20/2008,SLE,OR,ANM,WE,Federal Contract Tower,0,9,9,3,21,0,1,18,4,23,0,10,27,7,44,11,0,11,55
03/21/2008,SLE,OR,ANM,WE,Federal Contract Tower,0,5,22,2,29,0,3,34,5,42,0,8,56,7,71,39,11,50,121
03/22/2008,SLE,OR,ANM,WE,Federal Contract Tower,0,5,15,0,20,0,1,130,0,131,0,6,145,0,151,51,0,51,202
03/23/2008,SLE,OR,ANM,WE,Federal Contract Tower,0,2,5,3,10,0,0,2,1,3,0,2,7,4,13,2,0,2,15
03/24/2008,SLE,OR,ANM,WE,Federal Contract Tower,0,4,3,3,10,0,6,71,7,84,0,10,74,10,94,38,0,38,132
03/25/2008,SLE,OR,ANM,WE,Federal Contract Tower,0,7,10,2,19,0,5,56,12,73,0,12,66,14,92,59,3,62,154
03/26/2008,SLE,OR,ANM,WE,Federal Contract Tower,0,12,15,0,27,0,1,13,0,14,0,13,28,0,41,12,0,12,53
03/27/2008,SLE,OR,ANM,WE,Federal Contract Tower,0,6,10,4,20,0,3,28,10,41,0,9,38,14,61,28,9,37,98
03/28/2008,SLE,OR,ANM,WE,Federal Contract Tower,0,7,0,7,14,0,3,9,5,17,0,10,9,12,31,8,5,13,44
03/29/2008,SLE,OR,ANM,WE,Federal Contract Tower,0,4,4,0,8,0,1,28,2,31,0,5,32,2,39,77,0,77,116
03/30/2008,SLE,OR,ANM,WE,Federal Contract Tower,0,3,11,0,14,0,7,22,2,31,0,10,33,2,45,70,0,70,115
03/31/2008,SLE,OR,ANM,WE,Federal Contract Tower,0,6,15,6,27,0,22,81,55,158,0,28,96,61,185,92,3,95,280
04/01/2008,SLE,OR,ANM,WE,Federal Contract Tower,0,3,8,4,15,0,9,71,12,92,0,12,79,16,107,28,0,28,135
04/02/2008,SLE,OR,ANM,WE,Federal Contract Tower,0,7,4,2,13,0,2,77,12,91,0,9,81,14,104,43,3,46,150
04/03/2008,SLE,OR,ANM,WE,Federal Contract Tower,0,5,12,9,26,0,3,75,19,97,0,8,87,28,123,40,11,51,174
04/04/2008,SLE,OR,ANM,WE,Federal Contract Tower,0,7,8,1,16,0,0,23,11,34,0,7,31,12,50,35,1,36,86
04/05/2008,SLE,OR,ANM,WE,Federal Contract Tower,0,6,7,2,15,0,0,18,0,18,0,6,25,2,33,2,0,2,35
04/06/2008,SLE,OR,ANM,WE,Federal Contract Tower,0,3,5,2,10,0,4,20,0,24,0,7,25,2,34,13,0,13,47
04/07/2008,SLE,OR,ANM,WE,Federal Contract Tower,0,7,17,0,24,0,2,8,3,13,0,9,25,3,37,6,0,6,43
04/08/2008,SLE,OR,ANM,WE,Federal Contract Tower,0,5,13,3,21,0,4,19,1,24,0,9,32,4,45,48,0,48,93
04/09/2008,SLE,OR,ANM,WE,Federal Contract Tower,0,7,16,8,31,0,0,20,0,20,0,7,36,8,51,28,10,38,89
04/10/2008,SLE,OR,ANM,WE,Federal Contract Tower,0,4,25,10,39,0,8,33,0,41,0,12,58,10,80,42,0,42,122
04/11/2008,SLE,OR,ANM,WE,Federal Contract Tower,0,3,18,3,24,0,8,116,7,131,0,11,134,10,155,38,17,55,210
04/12/2008,SLE,OR,ANM,WE,Federal Contract Tower,0,2,16,0,18,0,5,127,11,143,0,7,143,11,161,64,6,70,231
04/13/2008,SLE,OR,ANM,WE,Federal Contract Tower,0,2,14,0,16,0,6,85,6,97,0,8,99,6,113,32,0,32,145
04/14/2008,SLE,OR,ANM,WE,Federal Contract Tower,0,6,11,0,17,0,0,14,23,37,0,6,25,23,54,5,12,17,71
04/15/2008,SLE,OR,ANM,WE,Federal Contract Tower,0,8,12,5,25,0,4,13,10,27,0,12,25,15,52,29,3,32,84
04/16/2008,SLE,OR,ANM,WE,Federal Contract Tower,0,2,18,8,28,0,7,39,5,51,0,9,57,13,79,25,0,25,104
04/17/2008,SLE,OR,ANM,WE,Federal Contract Tower,0,7,17,2,26,0,6,75,9,90,0,13,92,11,116,79,8,87,203
04/18/2008,SLE,OR,ANM,WE,Federal Contract Tower,0,7,15,0,22,0,2,26,6,34,0,9,41,6,56,35,14,49,105
04/19/2008,SLE,OR,ANM,WE,Federal Contract Tower,0,4,10,1,15,0,1,18,2,21,0,5,28,3,36,4,2,6,42
04/20/2008,SLE,OR,ANM,WE,Federal Contract Tower,0,2,8,0,10,0,1,21,3,25,0,3,29,3,35,28,0,28,63
04/21/2008,SLE,OR,ANM,WE,Federal Contract Tower,0,7,6,2,15,0,1,11,0,12,0,8,17,2,27,3,2,5,32
04/22/2008,SLE,OR,ANM,WE,Federal Contract Tower,0,7,18,7,32,0,3,5,3,11,0,10,23,10,43,3,8,11,54
04/23/2008,SLE,OR,ANM,WE,Federal Contract Tower,0,6,11,2,19,0,0,18,0,18,0,6,29,2,37,8,0,8,45
04/24/2008,SLE,OR,ANM,WE,Federal Contract Tower,0,7,16,5,28,0,1,30,12,43,0,8,46,17,71,29,0,29,100
04/25/2008,SLE,OR,ANM,WE,Federal Contract Tower,0,5,14,0,19,0,6,122,12,140,0,11,136,12,159,60,7,67,226
04/26/2008,SLE,OR,ANM,WE,Federal Contract Tower,0,2,17,0,19,0,3,118,0,121,0,5,135,0,140,41,0,41,181
04/27/2008,SLE,OR,ANM,WE,Federal Contract Tower,0,3,6,0,9,0,4,101,0,105,0,7,107,0,114,40,0,40,154
04/28/2008,SLE,OR,ANM,WE,Federal Contract Tower,0,6,12,4,22,0,1,30,13,44,0,7,42,17,66,27,0,27,93
04/29/2008,SLE,OR,ANM,WE,Federal Contract Tower,0,6,7,2,15,0,1,28,13,42,0,7,35,15,57,17,0,17,74
04/30/2008,SLE,OR,ANM,WE,Federal Contract Tower,0,5,7,2,14,0,2,17,16,35,0,7,24,18,49,14,4,18,67
05/01/2008,SLE,OR,ANM,WE,Federal Contract Tower,2,8,21,1,32,0,3,62,10,75,2,11,83,11,107,44,8,52,159
05/02/2008,SLE,OR,ANM,WE,Federal Contract Tower,0,5,18,6,29,0,5,73,16,94,0,10,91,22,123,22,0,22,145
05/03/2008,SLE,OR,ANM,WE,Federal Contract Tower,0,4,10,3,17,0,2,65,6,73,0,6,75,9,90,37,2,39,129
05/04/2008,SLE,OR,ANM,WE,Federal Contract Tower,2,2,12,5,21,0,4,119,6,129,2,6,131,11,150,13,0,13,163
05/05/2008,SLE,OR,ANM,WE,Federal Contract Tower,0,5,9,5,19,0,10,90,6,106,0,15,99,11,125,58,5,63,188
05/06/2008,SLE,OR,ANM,WE,Federal Contract Tower,0,3,15,4,22,0,5,59,7,71,0,8,74,11,93,73,0,73,166
05/07/2008,SLE,OR,ANM,WE,Federal Contract Tower,0,7,22,4,33,0,3,70,3,76,0,10,92,7,109,73,4,77,186
05/08/2008,SLE,OR,ANM,WE,Federal Contract Tower,0,7,13,6,26,0,3,54,5,62,0,10,67,11,88,55,0,55,143
05/09/2008,SLE,OR,ANM,WE,Federal Contract Tower,0,5,22,1,28,0,6,80,3,89,0,11,102,4,117,37,0,37,154
05/10/2008,SLE,OR,ANM,WE,Federal Contract Tower,0,4,18,0,22,0,1,66,0,67,0,5,84,0,89,31,0,31,120
05/11/2008,SLE,OR,ANM,WE,Federal Contract Tower,0,2,9,0,11,0,0,48,0,48,0,2,57,0,59,23,0,23,82
05/12/2008,SLE,OR,ANM,WE,Federal Contract Tower,0,6,17,2,25,0,4,51,9,64,0,10,68,11,89,64,0,64,153
05/13/2008,SLE,OR,ANM,WE,Federal Contract Tower,0,5,15,6,26,0,3,37,9,49,0,8,52,15,75,67,3,70,145
05/14/2008,SLE,OR,ANM,WE,Federal Contract Tower,0,7,14,2,23,0,6,81,6,93,0,13,95,8,116,94,11,105,221
05/15/2008,SLE,OR,ANM,WE,Federal Contract Tower,0,4,24,5,33,0,10,75,16,101,0,14,99,21,134,40,27,67,201
05/16/2008,SLE,OR,ANM,WE,Federal Contract Tower,0,5,14,2,21,0,4,92,0,96,0,9,106,2,117,29,0,29,146
05/17/2008,SLE,OR,ANM,WE,Federal Contract Tower,0,2,5,2,9,0,4,85,2,91,0,6,90,4,100,14,0,14,114
05/18/2008,SLE,OR,ANM,WE,Federal Contract Tower,0,3,4,2,9,0,3,100,3,106,0,6,104,5,115,28,0,28,143
05/19/2008,SLE,OR,ANM,WE,Federal Contract Tower,0,7,15,1,23,0,5,77,4,86,0,12,92,5,109,30,0,30,139
05/20/2008,SLE,OR,ANM,WE,Federal Contract Tower,0,5,18,3,26,0,4,43,4,51,0,9,61,7,77,27,0,27,104
05/21/2008,SLE,OR,ANM,WE,Federal Contract Tower,0,6,17,2,25,0,4,42,8,54,0,10,59,10,79,16,0,16,95
05/22/2008,SLE,OR,ANM,WE,Federal Contract Tower,0,6,17,4,27,0,6,50,9,65,0,12,67,13,92,48,0,48,140
05/23/2008,SLE,OR,ANM,WE,Federal Contract Tower,0,5,23,3,31,0,5,16,3,24,0,10,39,6,55,14,0,14,69
05/24/2008,SLE,OR,ANM,WE,Federal Contract Tower,0,3,14,1,18,0,4,63,1,68,0,7,77,2,86,18,0,18,104
05/25/2008,SLE,OR,ANM,WE,Federal Contract Tower,0,2,12,0,14,0,0,11,0,11,0,2,23,0,25,2,0,2,27
05/26/2008,SLE,OR,ANM,WE,Federal Contract Tower,0,2,22,1,25,0,0,23,3,26,0,2,45,4,51,10,2,12,63
05/27/2008,SLE,OR,ANM,WE,Federal Contract Tower,0,4,15,3,22,0,3,55,12,70,0,7,70,15,92,61,16,77,169
05/28/2008,SLE,OR,ANM,WE,Federal Contract Tower,0,11,29,0,40,0,1,34,10,45,0,12,63,10,85,42,0,42,127
05/29/2008,SLE,OR,ANM,WE,Federal Contract Tower,0,5,15,2,22,0,6,43,8,57,0,11,58,10,79,23,3,26,105
05/30/2008,SLE,OR,ANM,WE,Federal Contract Tower,0,6,12,0,18,0,8,86,18,112,0,14,98,18,130,42,8,50,180
05/31/2008,SLE,OR,ANM,WE,Federal Contract Tower,0,4,12,0,16,0,3,81,1,85,0,7,93,1,101,41,0,41,142
06/01/2008,SLE,OR,ANM,WE,Federal Contract Tower,0,2,17,0,19,0,0,58,0,58,0,2,75,0,77,16,0,16,93
06/02/2008,SLE,OR,ANM,WE,Federal Contract Tower,0,6,15,0,21,0,5,74,2,81,0,11,89,2,102,50,0,50,152
06/03/2008,SLE,OR,ANM,WE,Federal Contract Tower,0,4,7,6,17,0,4,19,7,30,0,8,26,13,47,9,2,11,58
06/04/2008,SLE,OR,ANM,WE,Federal Contract Tower,0,3,19,10,32,0,6,63,5,74,0,9,82,15,106,47,0,47,153
06/05/2008,SLE,OR,ANM,WE,Federal Contract Tower,0,6,21,4,31,0,8,16,1,25,0,14,37,5,56,6,0,6,62
06/06/2008,SLE,OR,ANM,WE,Federal Contract Tower,0,5,11,8,24,0,4,17,3,24,0,9,28,11,48,12,0,12,60
06/07/2008,SLE,OR,ANM,WE,Federal Contract Tower,0,1,7,2,10,0,15,72,0,87,0,16,79,2,97,22,0,22,119
06/08/2008,SLE,OR,ANM,WE,Federal Contract Tower,0,2,2,1,5,0,0,78,1,79,0,2,80,2,84,14,0,14,98
06/09/2008,SLE,OR,ANM,WE,Federal Contract Tower,0,6,15,7,28,0,2,21,5,28,0,8,36,12,56,20,0,20,76
06/10/2008,SLE,OR,ANM,WE,Federal Contract Tower,0,5,21,1,27,0,4,26,5,35,0,9,47,6,62,10,2,12,74
06/11/2008,SLE,OR,ANM,WE,Federal Contract Tower,0,3,11,5,19,0,4,89,14,107,0,7,100,19,126,75,6,81,207
06/12/2008,SLE,OR,ANM,WE,Federal Contract Tower,0,3,10,6,19,0,7,160,5,172,0,10,170,11,191,64,0,64,255
06/13/2008,SLE,OR,ANM,WE,Federal Contract Tower,0,4,4,1,9,0,5,162,8,175,0,9,166,9,184,77,8,85,269
06/14/2008,SLE,OR,ANM,WE,Federal Contract Tower,0,0,10,5,15,0,3,102,14,119,0,3,112,19,134,30,2,32,166
06/15/2008,SLE,OR,ANM,WE,Federal Contract Tower,0,3,7,1,11,0,2,68,14,84,0,5,75,15,95,13,2,15,110
06/16/2008,SLE,OR,ANM,WE,Federal Contract Tower,2,4,8,8,22,0,3,92,15,110,2,7,100,23,132,42,2,44,176
06/17/2008,SLE,OR,ANM,WE,Federal Contract Tower,0,1,12,4,17,0,8,76,20,104,0,9,88,24,121,51,6,57,178
06/18/2008,SLE,OR,ANM,WE,Federal Contract Tower,0,8,19,5,32,0,7,104,11,122,0,15,123,16,154,136,4,140,294
06/19/2008,SLE,OR,ANM,WE,Federal Contract Tower,1,3,17,6,27,1,5,73,21,100,2,8,90,27,127,91,6,97,224
06/20/2008,SLE,OR,ANM,WE,Federal Contract Tower,0,2,17,2,21,0,6,119,4,129,0,8,136,6,150,92,0,92,242
06/21/2008,SLE,OR,ANM,WE,Federal Contract Tower,0,0,11,3,14,0,4,93,7,104,0,4,104,10,118,90,0,90,208
06/22/2008,SLE,OR,ANM,WE,Federal Contract Tower,0,2,15,3,20,0,0,74,5,79,0,2,89,8,99,42,0,42,141
06/23/2008,SLE,OR,ANM,WE,Federal Contract Tower,0,4,9,0,13,0,9,93,4,106,0,13,102,4,119,126,0,126,245
06/24/2008,SLE,OR,ANM,WE,Federal Contract Tower,0,0,17,2,19,0,7,110,4,121,0,7,127,6,140,77,0,77,217
06/25/2008,SLE,OR,ANM,WE,Federal Contract Tower,0,1,10,3,14,0,5,132,3,140,0,6,142,6,154,102,1,103,257
06/26/2008,SLE,OR,ANM,WE,Federal Contract Tower,0,1,18,2,21,0,6,79,13,98,0,7,97,15,119,98,1,99,218
06/27/2008,SLE,OR,ANM,WE,Federal Contract Tower,0,3,11,2,16,0,7,73,6,86,0,10,84,8,102,51,0,51,153
06/28/2008,SLE,OR,ANM,WE,Federal Contract Tower,0,0,13,0,13,0,6,82,6,94,0,6,95,6,107,88,0,88,195
06/29/2008,SLE,OR,ANM,WE,Federal Contract Tower,0,2,4,0,6,0,0,75,1,76,0,2,79,1,82,38,0,38,120
06/30/2008,SLE,OR,ANM,WE,Federal Contract Tower,0,7,3,0,10,0,4,82,19,105,0,11,85,19,115,95,16,111,226
07/01/2008,SLE,OR,ANM,WE,Federal Contract Tower,0,1,12,1,14,0,8,92,4,104,0,9,104,5,118,119,0,119,237
07/02/2008,SLE,OR,ANM,WE,Federal Contract Tower,0,4,7,1,12,0,8,59,7,74,0,12,66,8,86,80,0,80,166
07/03/2008,SLE,OR,ANM,WE,Federal Contract Tower,0,4,20,2,26,0,10,85,14,109,0,14,105,16,135,75,1,76,211
07/04/2008,SLE,OR,ANM,WE,Federal Contract Tower,0,2,3,0,5,0,0,32,0,32,0,2,35,0,37,43,0,43,80
07/05/2008,SLE,OR,ANM,WE,Federal Contract Tower,0,1,10,0,11,0,1,30,0,31,0,2,40,0,42,64,0,64,106
07/06/2008,SLE,OR,ANM,WE,Federal Contract Tower,0,4,5,0,9,0,4,77,2,83,0,8,82,2,92,72,0,72,164
07/07/2008,SLE,OR,ANM,WE,Federal Contract Tower,0,3,13,0,16,0,9,81,4,94,0,12,94,4,110,112,0,112,222
07/08/2008,SLE,OR,ANM,WE,Federal Contract Tower,0,2,6,3,11,6,68,8,8,90,6,70,14,11,101,134,4,138,239
07/09/2008,SLE,OR,ANM,WE,Federal Contract Tower,0,2,6,2,10,0,7,52,12,71,0,9,58,14,81,45,16,61,142
07/10/2008,SLE,OR,ANM,WE,Federal Contract Tower,0,3,17,4,24,0,8,58,13,79,0,11,75,17,103,15,0,15,118
07/11/2008,SLE,OR,ANM,WE,Federal Contract Tower,0,3,23,2,28,0,6,87,10,103,0,9,110,12,131,59,2,61,192
07/12/2008,SLE,OR,ANM,WE,Federal Contract Tower,0,0,21,1,22,0,3,87,10,100,0,3,108,11,122,167,0,167,289
07/13/2008,SLE,OR,ANM,WE,Federal Contract Tower,0,2,7,1,10,0,0,101,9,110,0,2,108,10,120,90,0,90,210
07/14/2008,SLE,OR,ANM,WE,Federal Contract Tower,0,5,6,2,13,0,5,71,10,86,0,10,77,12,99,72,1,73,172
07/15/2008,SLE,OR,ANM,WE,Federal Contract Tower,0,4,12,1,17,0,9,71,13,93,0,13,83,14,110,58,0,58,168
07/16/2008,SLE,OR,ANM,WE,Federal Contract Tower,0,2,11,4,17,0,4,79,13,96,0,6,90,17,113,48,0,48,161
07/17/2008,SLE,OR,ANM,WE,Federal Contract Tower,0,4,5,1,10,0,6,68,13,87,0,10,73,14,97,59,0,59,156
07/18/2008,SLE,OR,ANM,WE,Federal Contract Tower,0,4,25,2,31,0,5,78,13,96,0,9,103,15,127,85,2,87,214
07/19/2008,SLE,OR,ANM,WE,Federal Contract Tower,0,0,17,0,17,0,2,90,2,94,0,2,107,2,111,33,0,33,144
07/20/2008,SLE,OR,ANM,WE,Federal Contract Tower,0,13,7,2,22,0,0,93,0,93,0,13,100,2,115,37,0,37,152
07/21/2008,SLE,OR,ANM,WE,Federal Contract Tower,0,7,14,3,24,0,5,88,8,101,0,12,102,11,125,84,0,84,209
07/22/2008,SLE,OR,ANM,WE,Federal Contract Tower,0,1,16,4,21,0,4,52,11,67,0,5,68,15,88,38,4,42,130
07/23/2008,SLE,OR,ANM,WE,Federal Contract Tower,0,4,22,7,33,0,2,72,9,83,0,6,94,16,116,68,0,68,184
07/24/2008,SLE,OR,ANM,WE,Federal Contract Tower,0,10,13,5,28,0,6,107,14,127,0,16,120,19,155,48,2,50,205
07/25/2008,SLE,OR,ANM,WE,Federal Contract Tower,0,3,18,4,25,1,5,74,14,94,1,8,92,18,119,57,10,67,186
07/26/2008,SLE,OR,ANM,WE,Federal Contract Tower,0,2,12,0,14,0,4,89,1,94,0,6,101,1,108,38,0,38,146
07/27/2008,SLE,OR,ANM,WE,Federal Contract Tower,0,4,9,0,13,0,0,97,0,97,0,4,106,0,110,96,0,96,206
07/28/2008,SLE,OR,ANM,WE,Federal Contract Tower,0,5,7,2,14,0,7,100,11,118,0,12,107,13,132,80,0,80,212
07/29/2008,SLE,OR,ANM,WE,Federal Contract Tower,0,3,24,5,32,0,7,61,10,78,0,10,85,15,110,22,0,22,132
07/30/2008,SLE,OR,ANM,WE,Federal Contract Tower,0,4,12,3,19,0,5,92,10,107,0,9,104,13,126,143,0,143,269
07/31/2008,SLE,OR,ANM,WE,Federal Contract Tower,0,5,10,5,20,0,10,92,8,110,0,15,102,13,130,62,0,62,192
08/01/2008,SLE,OR,ANM,WE,Federal Contract Tower,0,7,19,6,32,0,7,24,13,44,0,14,43,19,76,11,2,13,89
08/02/2008,SLE,OR,ANM,WE,Federal Contract Tower,0,2,9,5,16,0,1,153,12,166,0,3,162,17,182,21,4,25,207
08/03/2008,SLE,OR,ANM,WE,Federal Contract Tower,0,3,4,5,12,0,0,79,8,87,0,3,83,13,99,96,0,96,195
08/04/2008,SLE,OR,ANM,WE,Federal Contract Tower,0,6,3,2,11,0,13,71,7,91,0,19,74,9,102,66,0,66,168
08/05/2008,SLE,OR,ANM,WE,Federal Contract Tower,0,3,8,3,14,0,7,73,9,89,0,10,81,12,103,99,0,99,202
08/06/2008,SLE,OR,ANM,WE,Federal Contract Tower,0,4,13,0,17,0,4,72,14,90,0,8,85,14,107,129,4,133,240
08/07/2008,SLE,OR,ANM,WE,Federal Contract Tower,0,4,25,1,30,0,4,65,7,76,0,8,90,8,106,74,0,74,180
08/08/2008,SLE,OR,ANM,WE,Federal Contract Tower,0,5,21,2,28,0,5,63,12,80,0,10,84,14,108,32,8,40,148
08/09/2008,SLE,OR,ANM,WE,Federal Contract Tower,0,0,18,0,18,0,4,43,2,49,0,4,61,2,67,42,0,42,109
08/10/2008,SLE,OR,ANM,WE,Federal Contract Tower,0,2,13,0,15,0,0,77,0,77,0,2,90,0,92,37,0,37,129
08/11/2008,SLE,OR,ANM,WE,Federal Contract Tower,0,6,7,1,14,0,3,74,7,84,0,9,81,8,98,66,0,66,164
08/12/2008,SLE,OR,ANM,WE,Federal Contract Tower,0,1,27,6,34,0,7,89,5,101,0,8,116,11,135,104,0,104,239
08/13/2008,SLE,OR,ANM,WE,Federal Contract Tower,0,2,20,4,26,0,6,79,8,93,0,8,99,12,119,77,0,77,196
08/14/2008,SLE,OR,ANM,WE,Federal Contract Tower,0,4,22,2,28,0,6,57,12,75,0,10,79,14,103,75,2,77,180
08/15/2008,SLE,OR,ANM,WE,Federal Contract Tower,0,4,18,6,28,0,10,91,1,102,0,14,109,7,130,57,0,57,187
08/16/2008,SLE,OR,ANM,WE,Federal Contract Tower,0,0,11,6,17,0,2,72,0,74,0,2,83,6,91,61,0,61,152
08/17/2008,SLE,OR,ANM,WE,Federal Contract Tower,0,2,2,2,6,0,0,59,0,59,0,2,61,2,65,4,0,4,69
08/18/2008,SLE,OR,ANM,WE,Federal Contract Tower,0,6,22,2,30,0,6,37,3,46,0,12,59,5,76,68,0,68,144
08/19/2008,SLE,OR,ANM,WE,Federal Contract Tower,0,7,15,6,28,0,1,29,8,38,0,8,44,14,66,53,0,53,119
08/20/2008,SLE,OR,ANM,WE,Federal Contract Tower,0,2,30,4,36,0,2,4,4,10,0,4,34,8,46,18,2,20,66
08/21/2008,SLE,OR,ANM,WE,Federal Contract Tower,0,4,13,6,23,0,3,50,10,63,0,7,63,16,86,71,0,71,157
08/22/2008,SLE,OR,ANM,WE,Federal Contract Tower,0,4,18,1,23,0,5,93,9,107,0,9,111,10,130,61,0,61,191
08/23/2008,SLE,OR,ANM,WE,Federal Contract Tower,0,0,20,1,21,0,5,101,0,106,0,5,121,1,127,19,0,19,146
08/24/2008,SLE,OR,ANM,WE,Federal Contract Tower,0,2,9,0,11,1,5,52,0,58,1,7,61,0,69,52,0,52,121
08/25/2008,SLE,OR,ANM,WE,Federal Contract Tower,0,2,20,0,22,0,6,53,9,68,0,8,73,9,90,174,0,174,264
08/26/2008,SLE,OR,ANM,WE,Federal Contract Tower,0,3,25,3,31,0,3,106,32,141,0,6,131,35,172,69,4,73,245
08/27/2008,SLE,OR,ANM,WE,Federal Contract Tower,0,0,24,2,26,0,8,56,9,73,0,8,80,11,99,55,3,58,157
08/28/2008,SLE,OR,ANM,WE,Federal Contract Tower,0,7,18,1,26,0,5,78,15,98,0,12,96,16,124,61,0,61,185
08/29/2008,SLE,OR,ANM,WE,Federal Contract Tower,0,8,18,1,27,0,5,51,6,62,0,13,69,7,89,55,9,64,153
08/30/2008,SLE,OR,ANM,WE,Federal Contract Tower,0,1,24,0,25,0,4,83,0,87,0,5,107,0,112,69,0,69,181
08/31/2008,SLE,OR,ANM,WE,Federal Contract Tower,0,2,12,1,15,0,0,4,0,4,0,2,16,1,19,0,0,0,19
09/01/2008,SLE,OR,ANM,WE,Federal Contract Tower,0,4,16,0,20,0,1,91,0,92,0,5,107,0,112,90,0,90,202
09/02/2008,SLE,OR,ANM,WE,Federal Contract Tower,0,5,27,4,36,0,4,52,18,74,0,9,79,22,110,61,7,68,178
09/03/2008,SLE,OR,ANM,WE,Federal Contract Tower,0,1,23,3,27,0,5,74,15,94,0,6,97,18,121,93,2,95,216
09/04/2008,SLE,OR,ANM,WE,Federal Contract Tower,0,2,30,4,36,0,3,77,12,92,0,5,107,16,128,29,4,33,161
09/05/2008,SLE,OR,ANM,WE,Federal Contract Tower,0,4,22,8,34,0,7,105,9,121,0,11,127,17,155,51,0,51,206
09/06/2008,SLE,OR,ANM,WE,Federal Contract Tower,0,1,16,1,18,0,2,58,5,65,0,3,74,6,83,39,0,39,122
09/07/2008,SLE,OR,ANM,WE,Federal Contract Tower,0,3,3,0,6,0,2,74,0,76,0,5,77,0,82,34,0,34,116
09/08/2008,SLE,OR,ANM,WE,Federal Contract Tower,0,6,26,3,35,0,6,112,11,129,0,12,138,14,164,102,0,102,266
09/09/2008,SLE,OR,ANM,WE,Federal Contract Tower,0,2,39,2,43,0,4,96,7,107,0,6,135,9,150,118,0,118,268
09/10/2008,SLE,OR,ANM,WE,Federal Contract Tower,0,2,15,7,24,0,7,113,4,124,0,9,128,11,148,88,0,88,236
09/11/2008,SLE,OR,ANM,WE,Federal Contract Tower,0,3,18,8,29,0,5,82,10,97,0,8,100,18,126,50,0,50,176
09/12/2008,SLE,OR,ANM,WE,Federal Contract Tower,2,3,21,6,32,0,13,89,9,111,2,16,110,15,143,34,0,34,177
09/13/2008,SLE,OR,ANM,WE,Federal Contract Tower,0,1,17,1,19,0,5,82,2,89,0,6,99,3,108,59,0,59,167
09/14/2008,SLE,OR,ANM,WE,Federal Contract Tower,0,2,15,1,18,0,2,93,6,101,0,4,108,7,119,44,30,74,193
09/15/2008,SLE,OR,ANM,WE,Federal Contract Tower,0,10,9,3,22,0,3,91,16,110,0,13,100,19,132,79,0,79,211
09/16/2008,SLE,OR,ANM,WE,Federal Contract Tower,0,6,24,3,33,0,5,52,9,66,0,11,76,12,99,28,0,28,127
09/17/2008,SLE,OR,ANM,WE,Federal Contract Tower,0,9,32,4,45,0,3,79,15,97,0,12,111,19,142,102,6,108,250
09/18/2008,SLE,OR,ANM,WE,Federal Contract Tower,0,10,28,4,42,0,2,33,9,44,0,12,61,13,86,48,8,56,142
09/19/2008,SLE,OR,ANM,WE,Federal Contract Tower,0,4,40,3,47,0,7,46,3,56,0,11,86,6,103,79,0,79,182
09/20/2008,SLE,OR,ANM,WE,Federal Contract Tower,0,1,11,0,12,0,2,65,2,69,0,3,76,2,81,78,0,78,159
09/21/2008,SLE,OR,ANM,WE,Federal Contract Tower,0,2,15,2,19,0,0,15,0,15,0,2,30,2,34,6,0,6,40
09/22/2008,SLE,OR,ANM,WE,Federal Contract Tower,0,4,28,4,36,0,5,82,3,90,0,9,110,7,126,70,0,70,196
09/23/2008,SLE,OR,ANM,WE,Federal Contract Tower,0,2,25,1,28,0,4,96,10,110,0,6,121,11,138,82,1,83,221
09/24/2008,SLE,OR,ANM,WE,Federal Contract Tower,0,6,13,4,23,0,2,57,3,62,0,8,70,7,85,43,1,44,129
09/25/2008,SLE,OR,ANM,WE,Federal Contract Tower,0,4,17,4,25,0,1,42,21,64,0,5,59,25,89,58,2,60,149
09/26/2008,SLE,OR,ANM,WE,Federal Contract Tower,0,4,28,1,33,0,7,64,5,76,0,11,92,6,109,16,0,16,125
09/27/2008,SLE,OR,ANM,WE,Federal Contract Tower,0,9,11,2,22,0,1,74,0,75,0,10,85,2,97,86,0,86,183
09/28/2008,SLE,OR,ANM,WE,Federal Contract Tower,0,2,6,0,8,0,0,87,0,87,0,2,93,0,95,14,0,14,109
09/29/2008,SLE,OR,ANM,WE,Federal Contract Tower,0,5,14,1,20,0,3,104,15,122,0,8,118,16,142,140,2,142,284
09/30/2008,SLE,OR,ANM,WE,Federal Contract Tower,0,3,28,6,37,0,3,96,7,106,0,6,124,13,143,75,2,77,220
10/01/2008,SLE,OR,ANM,WE,Federal Contract Tower,0,7,16,4,27,0,5,109,5,119,0,12,125,9,146,70,2,72,218
10/02/2008,SLE,OR,ANM,WE,Federal Contract Tower,0,6,20,5,31,0,5,34,22,61,0,11,54,27,92,56,0,56,148
10/03/2008,SLE,OR,ANM,WE,Federal Contract Tower,0,7,39,7,53,0,1,7,9,17,0,8,46,16,70,16,0,16,86
10/04/2008,SLE,OR,ANM,WE,Federal Contract Tower,0,1,4,2,7,0,2,8,0,10,0,3,12,2,17,4,0,4,21
10/05/2008,SLE,OR,ANM,WE,Federal Contract Tower,0,3,5,0,8,0,0,23,2,25,0,3,28,2,33,34,0,34,67
10/06/2008,SLE,OR,ANM,WE,Federal Contract Tower,0,8,20,2,30,0,1,51,7,59,0,9,71,9,89,77,0,77,166
10/07/2008,SLE,OR,ANM,WE,Federal Contract Tower,0,5,10,8,23,0,4,36,14,54,0,9,46,22,77,56,12,68,145
10/08/2008,SLE,OR,ANM,WE,Federal Contract Tower,0,7,27,7,41,0,5,53,16,74,0,12,80,23,115,65,0,65,180
10/09/2008,SLE,OR,ANM,WE,Federal Contract Tower,0,6,25,1,32,0,2,32,13,47,0,8,57,14,79,7,4,11,90
10/10/2008,SLE,OR,ANM,WE,Federal Contract Tower,0,1,17,3,21,0,3,72,4,79,0,4,89,7,100,38,0,38,138
10/11/2008,SLE,OR,ANM,WE,Federal Contract Tower,0,1,12,0,13,0,1,108,0,109,0,2,120,0,122,102,0,102,224
10/12/2008,SLE,OR,ANM,WE,Federal Contract Tower,0,0,13,0,13,0,2,81,1,84,0,2,94,1,97,33,0,33,130
10/13/2008,SLE,OR,ANM,WE,Federal Contract Tower,0,2,23,0,25,0,4,39,0,43,0,6,62,0,68,99,0,99,167
10/14/2008,SLE,OR,ANM,WE,Federal Contract Tower,0,2,7,2,11,0,6,69,13,88,0,8,76,15,99,84,0,84,183
10/15/2008,SLE,OR,ANM,WE,Federal Contract Tower,0,3,27,3,33,0,6,70,13,89,0,9,97,16,122,68,0,68,190
10/16/2008,SLE,OR,ANM,WE,Federal Contract Tower,0,2,18,5,25,0,3,34,8,45,0,5,52,13,70,57,0,57,127
10/17/2008,SLE,OR,ANM,WE,Federal Contract Tower,0,1,29,5,35,0,3,50,4,57,0,4,79,9,92,28,0,28,120
10/18/2008,SLE,OR,ANM,WE,Federal Contract Tower,0,0,19,0,19,0,2,69,0,71,0,2,88,0,90,66,0,66,156
10/19/2008,SLE,OR,ANM,WE,Federal Contract Tower,0,0,28,0,28,0,0,62,4,66,0,0,90,4,94,68,0,68,162
10/20/2008,SLE,OR,ANM,WE,Federal Contract Tower,0,3,22,4,29,0,3,13,2,18,0,6,35,6,47,61,4,65,112
10/21/2008,SLE,OR,ANM,WE,Federal Contract Tower,0,1,11,9,21,0,1,43,13,57,0,2,54,22,78,47,0,47,125
10/22/2008,SLE,OR,ANM,WE,Federal Contract Tower,0,1,34,4,39,0,2,75,26,103,0,3,109,30,142,53,23,76,218
10/23/2008,SLE,OR,ANM,WE,Federal Contract Tower,0,1,19,5,25,0,4,83,26,113,0,5,102,31,138,113,6,119,257
10/24/2008,SLE,OR,ANM,WE,Federal Contract Tower,2,1,13,0,16,0,6,76,8,90,2,7,89,8,106,73,5,78,184
10/25/2008,SLE,OR,ANM,WE,Federal Contract Tower,0,0,22,0,22,0,1,94,0,95,0,1,116,0,117,75,0,75,192
10/26/2008,SLE,OR,ANM,WE,Federal Contract Tower,0,0,20,0,20,0,1,76,2,79,0,1,96,2,99,42,0,42,141
10/27/2008,SLE,OR,ANM,WE,Federal Contract Tower,2,7,15,1,25,0,5,81,2,88,2,12,96,3,113,56,0,56,169
10/28/2008,SLE,OR,ANM,WE,Federal Contract Tower,0,5,17,8,30,0,3,78,15,96,0,8,95,23,126,88,10,98,224
10/29/2008,SLE,OR,ANM,WE,Federal Contract Tower,0,3,43,9,55,0,1,8,10,19,0,4,51,19,74,22,6,28,102
10/30/2008,SLE,OR,ANM,WE,Federal Contract Tower,0,3,19,3,25,0,4,21,0,25,0,7,40,3,50,43,0,43,93
10/31/2008,SLE,OR,ANM,WE,Federal Contract Tower,0,4,13,0,17,0,5,17,0,22,0,9,30,0,39,0,0,0,39
11/01/2008,SLE,OR,ANM,WE,Federal Contract Tower,0,0,16,2,18,0,2,46,8,56,0,2,62,10,74,77,0,77,151
11/02/2008,SLE,OR,ANM,WE,Federal Contract Tower,0,0,19,2,21,0,1,35,5,41,0,1,54,7,62,43,0,43,105
11/03/2008,SLE,OR,ANM,WE,Federal Contract Tower,0,6,21,3,30,0,0,20,1,21,0,6,41,4,51,26,0,26,77
11/04/2008,SLE,OR,ANM,WE,Federal Contract Tower,0,2,13,5,20,0,6,57,8,71,0,8,70,13,91,6,0,6,97
11/05/2008,SLE,OR,ANM,WE,Federal Contract Tower,0,8,25,4,37,0,0,23,1,24,0,8,48,5,61,54,8,62,123
11/06/2008,SLE,OR,ANM,WE,Federal Contract Tower,0,7,18,4,29,0,0,8,0,8,0,7,26,4,37,20,0,20,57
11/07/2008,SLE,OR,ANM,WE,Federal Contract Tower,0,4,24,0,28,0,2,60,0,62,0,6,84,0,90,110,0,110,200
11/08/2008,SLE,OR,ANM,WE,Federal Contract Tower,0,2,7,0,9,0,1,15,0,16,0,3,22,0,25,4,0,4,29
11/09/2008,SLE,OR,ANM,WE,Federal Contract Tower,0,1,20,0,21,0,3,27,0,30,0,4,47,0,51,35,0,35,86
11/10/2008,SLE,OR,ANM,WE,Federal Contract Tower,0,4,11,2,17,0,3,46,2,51,0,7,57,4,68,76,0,76,144
11/11/2008,SLE,OR,ANM,WE,Federal Contract Tower,0,5,8,1,14,0,0,2,3,5,0,5,10,4,19,14,0,14,33
11/12/2008,SLE,OR,ANM,WE,Federal Contract Tower,0,6,15,4,25,0,0,0,0,0,0,6,15,4,25,0,0,0,25
11/13/2008,SLE,OR,ANM,WE,Federal Contract Tower,0,2,12,6,20,0,4,95,3,102,0,6,107,9,122,78,0,78,200
11/14/2008,SLE,OR,ANM,WE,Federal Contract Tower,0,2,25,0,27,0,4,105,1,110,0,6,130,1,137,95,0,95,232
11/15/2008,SLE,OR,ANM,WE,Federal Contract Tower,0,0,20,0,20,0,2,122,0,124,0,2,142,0,144,134,0,134,278
11/16/2008,SLE,OR,ANM,WE,Federal Contract Tower,0,0,13,0,13,0,0,6,0,6,0,0,19,0,19,0,0,0,19
11/17/2008,SLE,OR,ANM,WE,Federal Contract Tower,0,4,7,1,12,0,0,56,0,56,0,4,63,1,68,70,0,70,138
11/18/2008,SLE,OR,ANM,WE,Federal Contract Tower,0,7,20,1,28,0,0,6,0,6,0,7,26,1,34,6,0,6,40
11/19/2008,SLE,OR,ANM,WE,Federal Contract Tower,0,9,21,6,36,0,0,8,2,10,0,9,29,8,46,20,0,20,66
11/20/2008,SLE,OR,ANM,WE,Federal Contract Tower,0,5,5,0,10,0,4,29,2,35,0,9,34,2,45,34,0,34,79
11/21/2008,SLE,OR,ANM,WE,Federal Contract Tower,0,6,17,3,26,0,1,48,9,58,0,7,65,12,84,86,0,86,170
11/22/2008,SLE,OR,ANM,WE,Federal Contract Tower,0,2,14,0,16,0,1,33,0,34,0,3,47,0,50,150,0,150,200
11/23/2008,SLE,OR,ANM,WE,Federal Contract Tower,0,0,26,0,26,0,3,80,0,83,0,3,106,0,109,128,0,128,237
11/24/2008,SLE,OR,ANM,WE,Federal Contract Tower,0,6,32,4,42,0,0,42,0,42,0,6,74,4,84,94,6,100,184
11/25/2008,SLE,OR,ANM,WE,Federal Contract Tower,0,6,18,3,27,0,0,0,0,0,0,6,18,3,27,0,0,0,27
11/26/2008,SLE,OR,ANM,WE,Federal Contract Tower,0,3,29,0,32,0,6,78,0,84,0,9,107,0,116,61,0,61,177
11/27/2008,SLE,OR,ANM,WE,Federal Contract Tower,0,0,2,0,2,0,0,0,0,0,0,0,2,0,2,2,0,2,4
11/28/2008,SLE,OR,ANM,WE,Federal Contract Tower,0,2,15,0,17,0,2,12,0,14,0,4,27,0,31,14,0,14,45
11/29/2008,SLE,OR,ANM,WE,Federal Contract Tower,0,1,31,0,32,0,3,70,0,73,0,4,101,0,105,78,0,78,183
11/30/2008,SLE,OR,ANM,WE,Federal Contract Tower,0,0,10,0,10,0,0,0,0,0,0,0,10,0,10,0,0,0,10
12/01/2008,SLE,OR,ANM,WE,Federal Contract Tower,0,5,18,5,28,0,1,33,2,36,0,6,51,7,64,24,0,24,88
12/02/2008,SLE,OR,ANM,WE,Federal Contract Tower,0,7,18,3,28,0,5,70,19,94,0,12,88,22,122,73,16,89,211
12/03/2008,SLE,OR,ANM,WE,Federal Contract Tower,0,7,16,3,26,0,0,2,17,19,0,7,18,20,45,0,48,48,93
12/04/2008,SLE,OR,ANM,WE,Federal Contract Tower,0,7,34,2,43,0,5,121,24,150,0,12,155,26,193,31,26,57,250
12/05/2008,SLE,OR,ANM,WE,Federal Contract Tower,0,3,9,0,12,0,2,122,6,130,0,5,131,6,142,71,0,71,213
12/06/2008,SLE,OR,ANM,WE,Federal Contract Tower,0,0,23,2,25,0,2,103,2,107,0,2,126,4,132,35,0,35,167
12/07/2008,SLE,OR,ANM,WE,Federal Contract Tower,0,0,10,0,10,0,0,14,0,14,0,0,24,0,24,1,0,1,25
12/08/2008,SLE,OR,ANM,WE,Federal Contract Tower,0,6,13,6,25,0,0,44,0,44,0,6,57,6,69,82,0,82,151
12/09/2008,SLE,OR,ANM,WE,Federal Contract Tower,0,5,17,5,27,0,1,3,1,5,0,6,20,6,32,0,0,0,32
12/10/2008,SLE,OR,ANM,WE,Federal Contract Tower,0,3,26,7,36,3,8,56,11,78,3,11,82,18,114,28,0,28,142
12/11/2008,SLE,OR,ANM,WE,Federal Contract Tower,0,4,30,3,37,0,2,50,10,62,0,6,80,13,99,38,0,38,137
12/12/2008,SLE,OR,ANM,WE,Federal Contract Tower,0,5,4,1,10,0,2,0,0,2,0,7,4,1,12,0,0,0,12
12/13/2008,SLE,OR,ANM,WE,Federal Contract Tower,0,2,2,0,4,0,0,4,0,4,0,2,6,0,8,8,0,8,16
12/14/2008,SLE,OR,ANM,WE,Federal Contract Tower,0,0,12,0,12,0,1,4,0,5,0,1,16,0,17,4,0,4,21
12/15/2008,SLE,OR,ANM,WE,Federal Contract Tower,0,6,14,0,20,0,1,28,0,29,0,7,42,0,49,10,0,10,59
12/16/2008,SLE,OR,ANM,WE,Federal Contract Tower,0,8,13,3,24,0,3,59,22,84,0,11,72,25,108,20,32,52,160
12/17/2008,SLE,OR,ANM,WE,Federal Contract Tower,0,8,3,0,11,0,0,2,0,2,0,8,5,0,13,0,0,0,13
12/18/2008,SLE,OR,ANM,WE,Federal Contract Tower,0,3,3,0,6,0,0,1,8,9,0,3,4,8,15,0,20,20,35
12/19/2008,SLE,OR,ANM,WE,Federal Contract Tower,0,4,12,0,16,0,0,13,5,18,0,4,25,5,34,0,2,2,36
12/20/2008,SLE,OR,ANM,WE,Federal Contract Tower,0,0,5,0,5,0,0,0,0,0,0,0,5,0,5,0,0,0,5
12/21/2008,SLE,OR,ANM,WE,Federal Contract Tower,0,0,2,0,2,0,0,0,0,0,0,0,2,0,2,0,0,0,2
12/22/2008,SLE,OR,ANM,WE,Federal Contract Tower,0,0,0,0,0,0,0,0,0,0,0,0,0,0,0,0,0,0,0
12/23/2008,SLE,OR,ANM,WE,Federal Contract Tower,0,2,3,1,6,0,0,3,1,4,0,2,6,2,10,0,0,0,10
12/24/2008,SLE,OR,ANM,WE,Federal Contract Tower,0,4,0,0,4,0,0,0,0,0,0,4,0,0,4,0,0,0,4
12/25/2008,SLE,OR,ANM,WE,Federal Contract Tower,0,0,0,0,0,0,0,0,0,0,0,0,0,0,0,0,0,0,0
12/26/2008,SLE,OR,ANM,WE,Federal Contract Tower,0,4,5,2,11,0,0,6,0,6,0,4,11,2,17,72,0,72,89
12/27/2008,SLE,OR,ANM,WE,Federal Contract Tower,0,2,8,0,10,0,0,0,0,0,0,2,8,0,10,0,0,0,10
12/28/2008,SLE,OR,ANM,WE,Federal Contract Tower,0,0,8,0,8,0,0,24,0,24,0,0,32,0,32,26,0,26,58
12/29/2008,SLE,OR,ANM,WE,Federal Contract Tower,0,2,14,0,16,0,2,17,0,19,0,4,31,0,35,1,0,1,36
12/30/2008,SLE,OR,ANM,WE,Federal Contract Tower,0,2,36,0,38,0,5,56,6,67,0,7,92,6,105,53,0,53,158
12/31/2008,SLE,OR,ANM,WE,Federal Contract Tower,0,2,5,2,9,0,2,18,4,24,0,4,23,6,33,0,0,0,33
01/01/2009,SLE,OR,ANM,WE,Federal Contract Tower,0,0,0,0,0,0,0,0,0,0,0,0,0,0,0,0,0,0,0
01/02/2009,SLE,OR,ANM,WE,Federal Contract Tower,0,2,10,0,12,0,2,45,0,47,0,4,55,0,59,34,0,34,93
01/03/2009,SLE,OR,ANM,WE,Federal Contract Tower,0,1,13,0,14,0,1,48,0,49,0,2,61,0,63,70,0,70,133
01/04/2009,SLE,OR,ANM,WE,Federal Contract Tower,0,1,7,0,8,0,0,0,0,0,0,1,7,0,8,0,0,0,8
01/05/2009,SLE,OR,ANM,WE,Federal Contract Tower,0,2,7,4,13,0,2,30,5,37,0,4,37,9,50,50,14,64,114
01/06/2009,SLE,OR,ANM,WE,Federal Contract Tower,0,4,18,3,25,0,0,8,7,15,0,4,26,10,40,0,6,6,46
01/07/2009,SLE,OR,ANM,WE,Federal Contract Tower,0,4,6,0,10,0,0,2,4,6,0,4,8,4,16,4,17,21,37
01/08/2009,SLE,OR,ANM,WE,Federal Contract Tower,0,2,15,1,18,0,2,30,7,39,0,4,45,8,57,12,0,12,69
01/09/2009,SLE,OR,ANM,WE,Federal Contract Tower,0,3,24,0,27,0,3,83,10,96,0,6,107,10,123,76,0,76,199
01/10/2009,SLE,OR,ANM,WE,Federal Contract Tower,0,0,23,0,23,0,1,18,4,23,0,1,41,4,46,39,0,39,85
01/11/2009,SLE,OR,ANM,WE,Federal Contract Tower,0,0,13,1,14,0,0,20,2,22,0,0,33,3,36,0,0,0,36
01/12/2009,SLE,OR,ANM,WE,Federal Contract Tower,0,2,16,0,18,0,0,0,0,0,0,2,16,0,18,0,0,0,18
01/13/2009,SLE,OR,ANM,WE,Federal Contract Tower,0,4,17,11,32,0,0,3,0,3,0,4,20,11,35,0,0,0,35
01/14/2009,SLE,OR,ANM,WE,Federal Contract Tower,0,8,45,1,54,0,0,0,0,0,0,8,45,1,54,18,0,18,72
01/15/2009,SLE,OR,ANM,WE,Federal Contract Tower,0,3,16,2,21,0,1,28,14,43,0,4,44,16,64,27,3,30,94
01/16/2009,SLE,OR,ANM,WE,Federal Contract Tower,0,3,14,0,17,0,2,4,4,10,0,5,18,4,27,0,0,0,27
01/17/2009,SLE,OR,ANM,WE,Federal Contract Tower,0,2,21,4,27,0,16,84,2,102,0,18,105,6,129,30,0,30,159
01/18/2009,SLE,OR,ANM,WE,Federal Contract Tower,0,0,15,0,15,0,0,106,0,106,0,0,121,0,121,42,0,42,163
01/19/2009,SLE,OR,ANM,WE,Federal Contract Tower,0,7,19,0,26,0,3,96,4,103,0,10,115,4,129,60,0,60,189
01/20/2009,SLE,OR,ANM,WE,Federal Contract Tower,0,2,10,0,12,0,2,69,3,74,0,4,79,3,86,47,0,47,133
01/21/2009,SLE,OR,ANM,WE,Federal Contract Tower,0,2,7,0,9,0,2,74,3,79,0,4,81,3,88,79,0,79,167
01/22/2009,SLE,OR,ANM,WE,Federal Contract Tower,0,2,11,0,13,0,2,62,0,64,0,4,73,0,77,54,0,54,131
01/23/2009,SLE,OR,ANM,WE,Federal Contract Tower,0,3,13,0,16,0,2,56,5,63,0,5,69,5,79,55,4,59,138
01/24/2009,SLE,OR,ANM,WE,Federal Contract Tower,0,3,23,0,26,0,4,52,0,56,0,7,75,0,82,38,0,38,120
01/25/2009,SLE,OR,ANM,WE,Federal Contract Tower,0,0,4,0,4,0,0,6,0,6,0,0,10,0,10,0,0,0,10
01/26/2009,SLE,OR,ANM,WE,Federal Contract Tower,0,1,11,1,13,0,1,123,10,134,0,2,134,11,147,108,0,108,255
01/27/2009,SLE,OR,ANM,WE,Federal Contract Tower,0,4,9,0,13,0,0,4,0,4,0,4,13,0,17,5,0,5,22
01/28/2009,SLE,OR,ANM,WE,Federal Contract Tower,0,2,6,4,12,0,2,54,12,68,0,4,60,16,80,110,6,116,196
01/29/2009,SLE,OR,ANM,WE,Federal Contract Tower,0,4,12,0,16,0,12,19,0,31,0,16,31,0,47,53,0,53,100
01/30/2009,SLE,OR,ANM,WE,Federal Contract Tower,0,12,13,2,27,0,1,4,10,15,0,13,17,12,42,26,0,26,68
01/31/2009,SLE,OR,ANM,WE,Federal Contract Tower,0,1,16,13,30,0,1,64,1,66,0,2,80,14,96,62,0,62,158
02/01/2009,SLE,OR,ANM,WE,Federal Contract Tower,0,0,7,0,7,0,0,35,0,35,0,0,42,0,42,40,0,40,82
02/02/2009,SLE,OR,ANM,WE,Federal Contract Tower,0,0,21,0,21,0,4,61,2,67,0,4,82,2,88,104,0,104,192
02/03/2009,SLE,OR,ANM,WE,Federal Contract Tower,0,2,35,0,37,0,2,81,1,84,0,4,116,1,121,76,0,76,197
02/04/2009,SLE,OR,ANM,WE,Federal Contract Tower,0,3,20,0,23,0,3,100,3,106,0,6,120,3,129,36,0,36,165
02/05/2009,SLE,OR,ANM,WE,Federal Contract Tower,0,2,22,4,28,0,2,46,7,55,0,4,68,11,83,18,12,30,113
02/06/2009,SLE,OR,ANM,WE,Federal Contract Tower,0,3,4,0,7,0,1,5,8,14,0,4,9,8,21,0,44,44,65
02/07/2009,SLE,OR,ANM,WE,Federal Contract Tower,0,0,28,5,33,0,2,48,11,61,0,2,76,16,94,78,10,88,182
02/08/2009,SLE,OR,ANM,WE,Federal Contract Tower,0,0,12,0,12,0,0,12,6,18,0,0,24,6,30,0,10,10,40
02/09/2009,SLE,OR,ANM,WE,Federal Contract Tower,0,4,15,2,21,0,1,41,7,49,0,5,56,9,70,22,2,24,94
02/10/2009,SLE,OR,ANM,WE,Federal Contract Tower,0,8,15,1,24,0,0,2,0,2,0,8,17,1,26,1,0,1,27
02/11/2009,SLE,OR,ANM,WE,Federal Contract Tower,0,8,22,2,32,0,2,28,4,34,0,10,50,6,66,42,0,42,108
02/12/2009,SLE,OR,ANM,WE,Federal Contract Tower,0,2,19,2,23,0,2,36,0,38,0,4,55,2,61,16,0,16,77
02/13/2009,SLE,OR,ANM,WE,Federal Contract Tower,0,7,11,0,18,0,3,26,0,29,0,10,37,0,47,33,0,33,80
02/14/2009,SLE,OR,ANM,WE,Federal Contract Tower,0,2,23,0,25,0,2,87,0,89,0,4,110,0,114,55,0,55,169
02/15/2009,SLE,OR,ANM,WE,Federal Contract Tower,0,0,12,0,12,0,0,85,0,85,0,0,97,0,97,53,0,53,150
02/16/2009,SLE,OR,ANM,WE,Federal Contract Tower,0,2,21,0,23,0,3,72,0,75,0,5,93,0,98,68,0,68,166
02/17/2009,SLE,OR,ANM,WE,Federal Contract Tower,0,2,26,0,28,0,3,24,0,27,0,5,50,0,55,53,0,53,108
02/18/2009,SLE,OR,ANM,WE,Federal Contract Tower,0,3,30,2,35,0,1,104,5,110,0,4,134,7,145,82,0,82,227
02/19/2009,SLE,OR,ANM,WE,Federal Contract Tower,0,3,36,0,39,0,2,80,11,93,0,5,116,11,132,55,6,61,193
02/20/2009,SLE,OR,ANM,WE,Federal Contract Tower,0,5,20,1,26,0,2,107,3,112,0,7,127,4,138,129,0,129,267
02/21/2009,SLE,OR,ANM,WE,Federal Contract Tower,0,0,18,0,18,0,2,66,0,68,0,2,84,0,86,69,0,69,155
02/22/2009,SLE,OR,ANM,WE,Federal Contract Tower,0,0,9,0,9,0,2,23,0,25,0,2,32,0,34,40,0,40,74
02/23/2009,SLE,OR,ANM,WE,Federal Contract Tower,0,2,8,4,14,0,1,1,5,7,0,3,9,9,21,0,10,10,31
02/24/2009,SLE,OR,ANM,WE,Federal Contract Tower,0,2,6,0,8,0,2,5,4,11,0,4,11,4,19,2,0,2,21
02/25/2009,SLE,OR,ANM,WE,Federal Contract Tower,0,2,11,0,13,0,2,21,4,27,0,4,32,4,40,12,0,12,52
02/26/2009,SLE,OR,ANM,WE,Federal Contract Tower,0,2,12,1,15,0,2,18,5,25,0,4,30,6,40,13,0,13,53
02/27/2009,SLE,OR,ANM,WE,Federal Contract Tower,0,2,29,0,31,0,2,45,2,49,0,4,74,2,80,86,0,86,166
02/28/2009,SLE,OR,ANM,WE,Federal Contract Tower,0,0,18,0,18,0,6,70,0,76,0,6,88,0,94,32,0,32,126
03/01/2009,SLE,OR,ANM,WE,Federal Contract Tower,0,0,11,0,11,0,0,16,0,16,0,0,27,0,27,6,0,6,33
03/02/2009,SLE,OR,ANM,WE,Federal Contract Tower,0,5,12,0,17,0,2,60,0,62,0,7,72,0,79,55,0,55,134
03/03/2009,SLE,OR,ANM,WE,Federal Contract Tower,0,1,18,13,32,0,3,36,2,41,0,4,54,15,73,16,0,16,89
03/04/2009,SLE,OR,ANM,WE,Federal Contract Tower,0,4,30,1,35,0,0,51,4,55,0,4,81,5,90,55,0,55,145
03/05/2009,SLE,OR,ANM,WE,Federal Contract Tower,0,4,9,10,23,0,0,23,19,42,0,4,32,29,65,26,10,36,101
03/06/2009,SLE,OR,ANM,WE,Federal Contract Tower,0,3,30,6,39,0,1,83,10,94,0,4,113,16,133,72,0,72,205
03/07/2009,SLE,OR,ANM,WE,Federal Contract Tower,0,5,16,2,23,0,1,25,10,36,0,6,41,12,59,28,2,30,89
03/08/2009,SLE,OR,ANM,WE,Federal Contract Tower,0,0,7,0,7,0,0,16,3,19,0,0,23,3,26,0,0,0,26
03/09/2009,SLE,OR,ANM,WE,Federal Contract Tower,0,2,21,0,23,0,2,14,6,22,0,4,35,6,45,0,0,0,45
03/10/2009,SLE,OR,ANM,WE,Federal Contract Tower,0,2,20,0,22,0,2,43,7,52,0,4,63,7,74,54,0,54,128
03/11/2009,SLE,OR,ANM,WE,Federal Contract Tower,0,3,8,2,13,0,1,90,2,93,0,4,98,4,106,140,0,140,246
03/12/2009,SLE,OR,ANM,WE,Federal Contract Tower,0,1,37,5,43,0,0,94,2,96,0,1,131,7,139,57,0,57,196
03/13/2009,SLE,OR,ANM,WE,Federal Contract Tower,0,2,15,0,17,0,0,130,2,132,0,2,145,2,149,104,0,104,253
03/14/2009,SLE,OR,ANM,WE,Federal Contract Tower,0,2,3,0,5,0,0,4,0,4,0,2,7,0,9,0,0,0,9
03/15/2009,SLE,OR,ANM,WE,Federal Contract Tower,0,0,5,0,5,0,0,3,0,3,0,0,8,0,8,0,0,0,8
03/16/2009,SLE,OR,ANM,WE,Federal Contract Tower,0,6,5,0,11,0,0,12,0,12,0,6,17,0,23,15,0,15,38
03/17/2009,SLE,OR,ANM,WE,Federal Contract Tower,0,5,13,0,18,0,1,50,0,51,0,6,63,0,69,16,0,16,85
03/18/2009,SLE,OR,ANM,WE,Federal Contract Tower,0,3,15,1,19,0,0,119,1,120,0,3,134,2,139,92,0,92,231
03/19/2009,SLE,OR,ANM,WE,Federal Contract Tower,0,1,15,2,18,0,3,56,10,69,0,4,71,12,87,76,0,76,163
03/20/2009,SLE,OR,ANM,WE,Federal Contract Tower,0,1,28,0,29,0,3,36,0,39,0,4,64,0,68,32,0,32,100
03/21/2009,SLE,OR,ANM,WE,Federal Contract Tower,0,1,23,2,26,0,1,46,0,47,0,2,69,2,73,67,0,67,140
03/22/2009,SLE,OR,ANM,WE,Federal Contract Tower,0,0,6,0,6,0,0,12,0,12,0,0,18,0,18,4,0,4,22
03/23/2009,SLE,OR,ANM,WE,Federal Contract Tower,0,3,10,0,13,0,1,27,1,29,0,4,37,1,42,4,0,4,46
03/24/2009,SLE,OR,ANM,WE,Federal Contract Tower,0,3,13,0,16,0,4,31,0,35,0,7,44,0,51,58,0,58,109
03/25/2009,SLE,OR,ANM,WE,Federal Contract Tower,0,2,8,0,10,0,2,8,0,10,0,4,16,0,20,44,0,44,64
03/26/2009,SLE,OR,ANM,WE,Federal Contract Tower,0,0,29,0,29,0,5,92,5,102,0,5,121,5,131,82,0,82,213
03/27/2009,SLE,OR,ANM,WE,Federal Contract Tower,0,0,28,0,28,0,4,74,0,78,0,4,102,0,106,84,0,84,190
03/28/2009,SLE,OR,ANM,WE,Federal Contract Tower,0,2,9,0,11,0,5,20,0,25,0,7,29,0,36,50,0,50,86
03/29/2009,SLE,OR,ANM,WE,Federal Contract Tower,0,0,23,0,23,0,0,55,0,55,0,0,78,0,78,46,0,46,124
03/30/2009,SLE,OR,ANM,WE,Federal Contract Tower,0,2,11,4,17,0,4,83,0,87,0,6,94,4,104,156,0,156,260
03/31/2009,SLE,OR,ANM,WE,Federal Contract Tower,0,3,30,0,33,0,2,45,0,47,0,5,75,0,80,48,0,48,128
04/01/2009,SLE,OR,ANM,WE,Federal Contract Tower,0,8,9,4,21,0,0,9,0,9,0,8,18,4,30,65,0,65,95
04/02/2009,SLE,OR,ANM,WE,Federal Contract Tower,0,3,6,0,9,0,2,49,2,53,0,5,55,2,62,26,0,26,88
04/03/2009,SLE,OR,ANM,WE,Federal Contract Tower,0,3,15,4,22,0,2,83,5,90,0,5,98,9,112,35,0,35,147
04/04/2009,SLE,OR,ANM,WE,Federal Contract Tower,0,0,16,0,16,0,6,119,9,134,0,6,135,9,150,42,2,44,194
04/05/2009,SLE,OR,ANM,WE,Federal Contract Tower,0,0,10,2,12,0,1,119,6,126,0,1,129,8,138,60,0,60,198
04/06/2009,SLE,OR,ANM,WE,Federal Contract Tower,0,0,12,0,12,0,2,100,0,102,0,2,112,0,114,128,0,128,242
04/07/2009,SLE,OR,ANM,WE,Federal Contract Tower,0,2,31,11,44,9,11,107,3,130,9,13,138,14,174,114,0,114,288
04/08/2009,SLE,OR,ANM,WE,Federal Contract Tower,0,3,22,1,26,0,3,39,5,47,0,6,61,6,73,99,0,99,172
04/09/2009,SLE,OR,ANM,WE,Federal Contract Tower,0,2,13,2,17,0,2,35,2,39,0,4,48,4,56,59,0,59,115
04/10/2009,SLE,OR,ANM,WE,Federal Contract Tower,0,2,34,3,39,0,1,54,0,55,0,3,88,3,94,117,0,117,211
04/11/2009,SLE,OR,ANM,WE,Federal Contract Tower,0,0,15,0,15,0,17,99,0,116,0,17,114,0,131,42,0,42,173
04/12/2009,SLE,OR,ANM,WE,Federal Contract Tower,0,0,5,0,5,0,0,5,0,5,0,0,10,0,10,0,0,0,10
04/13/2009,SLE,OR,ANM,WE,Federal Contract Tower,0,2,4,3,9,0,2,18,0,20,0,4,22,3,29,71,0,71,100
04/14/2009,SLE,OR,ANM,WE,Federal Contract Tower,0,1,7,1,9,0,2,30,6,38,0,3,37,7,47,46,0,46,93
04/15/2009,SLE,OR,ANM,WE,Federal Contract Tower,0,2,16,0,18,0,2,55,6,63,0,4,71,6,81,136,0,136,217
04/16/2009,SLE,OR,ANM,WE,Federal Contract Tower,0,2,26,2,30,0,5,102,4,111,0,7,128,6,141,72,4,76,217
04/17/2009,SLE,OR,ANM,WE,Federal Contract Tower,0,8,20,2,30,0,3,46,2,51,0,11,66,4,81,65,0,65,146
04/18/2009,SLE,OR,ANM,WE,Federal Contract Tower,0,1,15,0,16,0,9,101,0,110,0,10,116,0,126,49,0,49,175
04/19/2009,SLE,OR,ANM,WE,Federal Contract Tower,0,0,8,0,8,0,1,96,0,97,0,1,104,0,105,40,0,40,145
04/20/2009,SLE,OR,ANM,WE,Federal Contract Tower,0,0,12,5,17,0,3,112,1,116,0,3,124,6,133,148,54,202,335
04/21/2009,SLE,OR,ANM,WE,Federal Contract Tower,0,3,40,3,46,0,3,96,1,100,0,6,136,4,146,70,0,70,216
04/22/2009,SLE,OR,ANM,WE,Federal Contract Tower,0,2,24,0,26,0,2,85,3,90,0,4,109,3,116,206,0,206,322
04/23/2009,SLE,OR,ANM,WE,Federal Contract Tower,0,4,16,2,22,0,3,33,2,38,0,7,49,4,60,81,0,81,141
04/24/2009,SLE,OR,ANM,WE,Federal Contract Tower,0,4,15,2,21,0,5,54,3,62,0,9,69,5,83,66,0,66,149
04/25/2009,SLE,OR,ANM,WE,Federal Contract Tower,0,0,20,3,23,0,2,51,2,55,0,2,71,5,78,46,0,46,124
04/26/2009,SLE,OR,ANM,WE,Federal Contract Tower,0,0,17,0,17,0,2,65,0,67,0,2,82,0,84,46,0,46,130
04/27/2009,SLE,OR,ANM,WE,Federal Contract Tower,0,4,9,3,16,0,3,33,1,37,0,7,42,4,53,34,0,34,87
04/28/2009,SLE,OR,ANM,WE,Federal Contract Tower,0,10,11,3,24,0,1,30,4,35,0,11,41,7,59,60,4,64,123
04/29/2009,SLE,OR,ANM,WE,Federal Contract Tower,0,2,15,0,17,0,0,33,2,35,0,2,48,2,52,33,0,33,85
04/30/2009,SLE,OR,ANM,WE,Federal Contract Tower,0,6,19,1,26,0,6,94,12,112,0,12,113,13,138,67,6,73,211
05/01/2009,SLE,OR,ANM,WE,Federal Contract Tower,0,2,10,3,15,0,2,84,3,89,0,4,94,6,104,121,0,121,225
05/02/2009,SLE,OR,ANM,WE,Federal Contract Tower,0,1,3,3,7,0,7,27,5,39,0,8,30,8,46,10,4,14,60
05/03/2009,SLE,OR,ANM,WE,Federal Contract Tower,0,4,15,3,22,0,2,30,6,38,0,6,45,9,60,6,0,6,66
05/04/2009,SLE,OR,ANM,WE,Federal Contract Tower,0,4,28,5,37,0,0,29,2,31,0,4,57,7,68,36,0,36,104
05/05/2009,SLE,OR,ANM,WE,Federal Contract Tower,0,4,20,0,24,0,2,26,0,28,0,6,46,0,52,30,0,30,82
05/06/2009,SLE,OR,ANM,WE,Federal Contract Tower,0,3,33,4,40,0,1,17,2,20,0,4,50,6,60,6,0,6,66
05/07/2009,SLE,OR,ANM,WE,Federal Contract Tower,0,8,10,0,18,0,0,44,4,48,0,8,54,4,66,26,1,27,93
05/08/2009,SLE,OR,ANM,WE,Federal Contract Tower,0,3,26,2,31,0,1,90,0,91,0,4,116,2,122,89,0,89,211
05/09/2009,SLE,OR,ANM,WE,Federal Contract Tower,0,1,8,0,9,0,4,148,0,152,0,5,156,0,161,62,0,62,223
05/10/2009,SLE,OR,ANM,WE,Federal Contract Tower,0,0,12,0,12,0,0,69,0,69,0,0,81,0,81,36,0,36,117
05/11/2009,SLE,OR,ANM,WE,Federal Contract Tower,0,3,14,0,17,0,1,26,0,27,0,4,40,0,44,14,0,14,58
05/12/2009,SLE,OR,ANM,WE,Federal Contract Tower,0,8,18,0,26,0,1,24,4,29,0,9,42,4,55,37,0,37,92
05/13/2009,SLE,OR,ANM,WE,Federal Contract Tower,0,4,28,2,34,0,2,42,3,47,0,6,70,5,81,50,0,50,131
05/14/2009,SLE,OR,ANM,WE,Federal Contract Tower,0,2,19,3,24,0,2,50,5,57,0,4,69,8,81,59,0,59,140
05/15/2009,SLE,OR,ANM,WE,Federal Contract Tower,0,2,22,1,25,0,6,93,0,99,0,8,115,1,124,41,0,41,165
05/16/2009,SLE,OR,ANM,WE,Federal Contract Tower,0,2,12,0,14,0,1,126,11,138,0,3,138,11,152,101,0,101,253
05/17/2009,SLE,OR,ANM,WE,Federal Contract Tower,0,1,17,2,20,0,2,80,1,83,0,3,97,3,103,31,0,31,134
05/18/2009,SLE,OR,ANM,WE,Federal Contract Tower,0,2,10,0,12,0,3,65,0,68,0,5,75,0,80,51,0,51,131
05/19/2009,SLE,OR,ANM,WE,Federal Contract Tower,0,2,10,2,14,0,2,32,0,34,0,4,42,2,48,64,0,64,112
05/20/2009,SLE,OR,ANM,WE,Federal Contract Tower,0,3,25,0,28,0,2,91,3,96,0,5,116,3,124,61,0,61,185
05/21/2009,SLE,OR,ANM,WE,Federal Contract Tower,0,4,17,1,22,0,2,106,4,112,0,6,123,5,134,76,0,76,210
05/22/2009,SLE,OR,ANM,WE,Federal Contract Tower,0,2,24,0,26,0,2,118,2,122,0,4,142,2,148,93,0,93,241
05/23/2009,SLE,OR,ANM,WE,Federal Contract Tower,0,1,10,0,11,0,1,105,0,106,0,2,115,0,117,92,0,92,209
05/24/2009,SLE,OR,ANM,WE,Federal Contract Tower,0,0,16,0,16,0,8,79,2,89,0,8,95,2,105,33,0,33,138
05/25/2009,SLE,OR,ANM,WE,Federal Contract Tower,0,0,5,0,5,0,0,123,0,123,0,0,128,0,128,28,0,28,156
05/26/2009,SLE,OR,ANM,WE,Federal Contract Tower,0,3,4,0,7,0,7,61,2,70,0,10,65,2,77,80,0,80,157
05/27/2009,SLE,OR,ANM,WE,Federal Contract Tower,0,2,39,0,41,0,2,99,2,103,0,4,138,2,144,126,0,126,270
05/28/2009,SLE,OR,ANM,WE,Federal Contract Tower,0,3,19,1,23,0,2,90,2,94,0,5,109,3,117,100,0,100,217
05/29/2009,SLE,OR,ANM,WE,Federal Contract Tower,0,2,9,0,11,0,2,70,0,72,0,4,79,0,83,110,12,122,205
05/30/2009,SLE,OR,ANM,WE,Federal Contract Tower,0,1,16,0,17,0,3,85,0,88,0,4,101,0,105,52,0,52,157
05/31/2009,SLE,OR,ANM,WE,Federal Contract Tower,0,0,7,0,7,0,4,91,0,95,0,4,98,0,102,84,0,84,186
06/01/2009,SLE,OR,ANM,WE,Federal Contract Tower,0,2,12,0,14,0,4,73,4,81,0,6,85,4,95,58,0,58,153
06/02/2009,SLE,OR,ANM,WE,Federal Contract Tower,0,9,23,0,32,0,3,46,4,53,0,12,69,4,85,80,0,80,165
06/03/2009,SLE,OR,ANM,WE,Federal Contract Tower,0,2,23,0,25,0,2,74,2,78,0,4,97,2,103,145,0,145,248
06/04/2009,SLE,OR,ANM,WE,Federal Contract Tower,0,1,17,0,18,0,0,46,1,47,0,1,63,1,65,24,0,24,89
06/05/2009,SLE,OR,ANM,WE,Federal Contract Tower,0,3,22,2,27,0,4,8,0,12,0,7,30,2,39,18,0,18,57
06/06/2009,SLE,OR,ANM,WE,Federal Contract Tower,0,3,24,0,27,0,1,17,2,20,0,4,41,2,47,0,0,0,47
06/07/2009,SLE,OR,ANM,WE,Federal Contract Tower,0,0,16,0,16,0,2,50,0,52,0,2,66,0,68,10,0,10,78
06/08/2009,SLE,OR,ANM,WE,Federal Contract Tower,0,3,25,0,28,0,1,84,2,87,0,4,109,2,115,22,0,22,137
06/09/2009,SLE,OR,ANM,WE,Federal Contract Tower,0,5,26,0,31,0,1,47,9,57,0,6,73,9,88,88,0,88,176
06/10/2009,SLE,OR,ANM,WE,Federal Contract Tower,0,4,25,0,29,0,2,90,3,95,0,6,115,3,124,174,0,174,298
06/11/2009,SLE,OR,ANM,WE,Federal Contract Tower,0,2,17,0,19,0,1,51,0,52,0,3,68,0,71,70,0,70,141
06/12/2009,SLE,OR,ANM,WE,Federal Contract Tower,0,2,36,1,39,0,8,68,14,90,0,10,104,15,129,48,0,48,177
06/13/2009,SLE,OR,ANM,WE,Federal Contract Tower,0,3,27,2,32,0,3,9,0,12,0,6,36,2,44,8,0,8,52
06/14/2009,SLE,OR,ANM,WE,Federal Contract Tower,0,2,9,2,13,0,2,54,4,60,0,4,63,6,73,68,4,72,145
06/15/2009,SLE,OR,ANM,WE,Federal Contract Tower,0,5,11,0,16,0,2,86,2,90,0,7,97,2,106,69,0,69,175
06/16/2009,SLE,OR,ANM,WE,Federal Contract Tower,0,3,13,1,17,0,1,91,2,94,0,4,104,3,111,98,0,98,209
06/17/2009,SLE,OR,ANM,WE,Federal Contract Tower,0,3,23,3,29,0,1,101,1,103,0,4,124,4,132,124,0,124,256
06/18/2009,SLE,OR,ANM,WE,Federal Contract Tower,0,3,20,0,23,0,1,75,4,80,0,4,95,4,103,79,0,79,182
06/19/2009,SLE,OR,ANM,WE,Federal Contract Tower,0,4,12,4,20,0,1,24,0,25,0,5,36,4,45,38,0,38,83
06/20/2009,SLE,OR,ANM,WE,Federal Contract Tower,0,1,20,0,21,0,2,51,1,54,0,3,71,1,75,42,0,42,117
06/21/2009,SLE,OR,ANM,WE,Federal Contract Tower,0,0,19,0,19,0,0,46,0,46,0,0,65,0,65,12,0,12,77
06/22/2009,SLE,OR,ANM,WE,Federal Contract Tower,0,3,22,4,29,0,2,109,0,111,0,5,131,4,140,63,0,63,203
06/23/2009,SLE,OR,ANM,WE,Federal Contract Tower,0,2,30,2,34,0,2,116,1,119,0,4,146,3,153,95,0,95,248
06/24/2009,SLE,OR,ANM,WE,Federal Contract Tower,0,4,8,3,15,0,1,80,2,83,0,5,88,5,98,56,0,56,154
06/25/2009,SLE,OR,ANM,WE,Federal Contract Tower,0,3,15,3,21,0,1,80,2,83,0,4,95,5,104,60,0,60,164
06/26/2009,SLE,OR,ANM,WE,Federal Contract Tower,0,2,13,0,15,0,3,79,6,88,0,5,92,6,103,71,18,89,192
06/27/2009,SLE,OR,ANM,WE,Federal Contract Tower,0,1,9,0,10,0,2,126,0,128,0,3,135,0,138,156,0,156,294
06/28/2009,SLE,OR,ANM,WE,Federal Contract Tower,0,1,14,0,15,0,1,73,2,76,0,2,87,2,91,100,0,100,191
06/29/2009,SLE,OR,ANM,WE,Federal Contract Tower,0,2,25,0,27,0,2,86,4,92,0,4,111,4,119,126,0,126,245
06/30/2009,SLE,OR,ANM,WE,Federal Contract Tower,0,2,15,0,17,0,1,117,0,118,0,3,132,0,135,47,0,47,182
07/01/2009,SLE,OR,ANM,WE,Federal Contract Tower,0,2,14,1,17,0,2,101,2,105,0,4,115,3,122,155,0,155,277
07/02/2009,SLE,OR,ANM,WE,Federal Contract Tower,0,5,19,5,29,0,5,82,3,90,0,10,101,8,119,101,0,101,220
07/03/2009,SLE,OR,ANM,WE,Federal Contract Tower,0,0,15,1,16,0,0,90,0,90,0,0,105,1,106,108,0,108,214
07/04/2009,SLE,OR,ANM,WE,Federal Contract Tower,0,0,1,1,2,0,0,46,0,46,0,0,47,1,48,19,0,19,67
07/05/2009,SLE,OR,ANM,WE,Federal Contract Tower,0,0,5,0,5,0,0,60,0,60,0,0,65,0,65,11,0,11,76
07/06/2009,SLE,OR,ANM,WE,Federal Contract Tower,0,4,24,0,28,0,2,70,0,72,0,6,94,0,100,134,0,134,234
07/07/2009,SLE,OR,ANM,WE,Federal Contract Tower,0,2,22,0,24,0,2,69,3,74,0,4,91,3,98,111,0,111,209
07/08/2009,SLE,OR,ANM,WE,Federal Contract Tower,0,3,11,3,17,0,2,61,2,65,0,5,72,5,82,129,0,129,211
07/09/2009,SLE,OR,ANM,WE,Federal Contract Tower,0,3,20,2,25,0,1,81,0,82,0,4,101,2,107,110,0,110,217
07/10/2009,SLE,OR,ANM,WE,Federal Contract Tower,0,3,34,1,38,0,5,71,6,82,0,8,105,7,120,74,0,74,194
07/11/2009,SLE,OR,ANM,WE,Federal Contract Tower,0,1,21,0,22,0,0,53,3,56,0,1,74,3,78,26,0,26,104
07/12/2009,SLE,OR,ANM,WE,Federal Contract Tower,0,2,14,0,16,0,0,14,4,18,0,2,28,4,34,20,1,21,55
07/13/2009,SLE,OR,ANM,WE,Federal Contract Tower,0,2,15,4,21,0,2,62,2,66,0,4,77,6,87,124,0,124,211
07/14/2009,SLE,OR,ANM,WE,Federal Contract Tower,0,0,18,0,18,0,5,84,0,89,0,5,102,0,107,196,0,196,303
07/15/2009,SLE,OR,ANM,WE,Federal Contract Tower,0,1,18,3,22,0,2,72,6,80,0,3,90,9,102,153,0,153,255
07/16/2009,SLE,OR,ANM,WE,Federal Contract Tower,0,2,30,0,32,0,1,118,3,122,0,3,148,3,154,133,0,133,287
07/17/2009,SLE,OR,ANM,WE,Federal Contract Tower,0,1,17,0,18,0,3,95,6,104,0,4,112,6,122,38,0,38,160
07/18/2009,SLE,OR,ANM,WE,Federal Contract Tower,0,0,9,0,9,0,3,114,1,118,0,3,123,1,127,30,0,30,157
07/19/2009,SLE,OR,ANM,WE,Federal Contract Tower,0,0,24,0,24,0,2,93,2,97,0,2,117,2,121,18,0,18,139
07/20/2009,SLE,OR,ANM,WE,Federal Contract Tower,0,2,14,0,16,0,2,84,5,91,0,4,98,5,107,82,0,82,189
07/21/2009,SLE,OR,ANM,WE,Federal Contract Tower,0,2,27,0,29,0,3,90,6,99,0,5,117,6,128,91,10,101,229
07/22/2009,SLE,OR,ANM,WE,Federal Contract Tower,0,2,17,0,19,0,5,69,6,80,0,7,86,6,99,88,0,88,187
07/23/2009,SLE,OR,ANM,WE,Federal Contract Tower,0,2,10,0,12,0,6,74,6,86,0,8,84,6,98,90,0,90,188
07/24/2009,SLE,OR,ANM,WE,Federal Contract Tower,0,1,19,2,22,0,2,67,4,73,0,3,86,6,95,31,0,31,126
07/25/2009,SLE,OR,ANM,WE,Federal Contract Tower,0,1,4,0,5,0,3,64,1,68,0,4,68,1,73,18,0,18,91
07/26/2009,SLE,OR,ANM,WE,Federal Contract Tower,0,0,10,0,10,0,0,72,2,74,0,0,82,2,84,23,0,23,107
07/27/2009,SLE,OR,ANM,WE,Federal Contract Tower,0,2,8,0,10,0,5,63,6,74,0,7,71,6,84,52,0,52,136
07/28/2009,SLE,OR,ANM,WE,Federal Contract Tower,0,2,11,0,13,0,3,49,14,66,0,5,60,14,79,55,3,58,137
07/29/2009,SLE,OR,ANM,WE,Federal Contract Tower,0,2,21,7,30,0,2,84,13,99,0,4,105,20,129,82,5,87,216
07/30/2009,SLE,OR,ANM,WE,Federal Contract Tower,0,4,17,0,21,0,2,84,0,86,0,6,101,0,107,105,0,105,212
07/31/2009,SLE,OR,ANM,WE,Federal Contract Tower,0,2,15,4,21,0,2,78,5,85,0,4,93,9,106,52,0,52,158
08/01/2009,SLE,OR,ANM,WE,Federal Contract Tower,0,2,15,0,17,0,1,183,1,185,0,3,198,1,202,38,0,38,240
08/02/2009,SLE,OR,ANM,WE,Federal Contract Tower,0,0,11,0,11,0,0,56,2,58,0,0,67,2,69,10,0,10,79
08/03/2009,SLE,OR,ANM,WE,Federal Contract Tower,0,2,22,0,24,0,1,81,5,87,0,3,103,5,111,12,0,12,123
08/04/2009,SLE,OR,ANM,WE,Federal Contract Tower,0,3,28,0,31,0,2,81,10,93,0,5,109,10,124,105,0,105,229
08/05/2009,SLE,OR,ANM,WE,Federal Contract Tower,0,2,23,1,26,0,3,60,8,71,0,5,83,9,97,25,6,31,128
08/06/2009,SLE,OR,ANM,WE,Federal Contract Tower,0,5,26,0,31,0,2,49,7,58,0,7,75,7,89,39,0,39,128
08/07/2009,SLE,OR,ANM,WE,Federal Contract Tower,0,3,13,0,16,0,2,30,7,39,0,5,43,7,55,124,0,124,179
08/08/2009,SLE,OR,ANM,WE,Federal Contract Tower,0,1,29,0,30,0,2,80,0,82,0,3,109,0,112,32,0,32,144
08/09/2009,SLE,OR,ANM,WE,Federal Contract Tower,0,0,14,0,14,0,1,52,0,53,0,1,66,0,67,2,0,2,69
08/10/2009,SLE,OR,ANM,WE,Federal Contract Tower,0,4,10,0,14,0,2,79,12,93,0,6,89,12,107,72,0,72,179
08/11/2009,SLE,OR,ANM,WE,Federal Contract Tower,0,2,33,0,35,0,2,64,8,74,0,4,97,8,109,94,0,94,203
08/12/2009,SLE,OR,ANM,WE,Federal Contract Tower,0,4,31,0,35,0,4,31,6,41,0,8,62,6,76,71,0,71,147
08/13/2009,SLE,OR,ANM,WE,Federal Contract Tower,0,2,23,0,25,0,1,67,9,77,0,3,90,9,102,61,16,77,179
08/14/2009,SLE,OR,ANM,WE,Federal Contract Tower,0,3,12,0,15,0,2,66,8,76,0,5,78,8,91,86,0,86,177
08/15/2009,SLE,OR,ANM,WE,Federal Contract Tower,0,0,15,0,15,0,1,75,2,78,0,1,90,2,93,54,0,54,147
08/16/2009,SLE,OR,ANM,WE,Federal Contract Tower,0,0,11,0,11,0,2,86,0,88,0,2,97,0,99,24,0,24,123
08/17/2009,SLE,OR,ANM,WE,Federal Contract Tower,0,2,12,2,16,0,2,91,6,99,0,4,103,8,115,78,0,78,193
08/18/2009,SLE,OR,ANM,WE,Federal Contract Tower,0,2,14,1,17,0,2,63,0,65,0,4,77,1,82,65,0,65,147
08/19/2009,SLE,OR,ANM,WE,Federal Contract Tower,0,2,22,0,24,1,2,58,4,65,1,4,80,4,89,84,0,84,173
08/20/2009,SLE,OR,ANM,WE,Federal Contract Tower,0,1,18,2,21,0,0,102,2,104,0,1,120,4,125,83,0,83,208
08/21/2009,SLE,OR,ANM,WE,Federal Contract Tower,0,3,28,1,32,0,1,82,2,85,0,4,110,3,117,73,0,73,190
08/22/2009,SLE,OR,ANM,WE,Federal Contract Tower,0,1,14,1,16,0,1,70,1,72,0,2,84,2,88,43,0,43,131
08/23/2009,SLE,OR,ANM,WE,Federal Contract Tower,0,1,19,1,21,0,4,74,0,78,0,5,93,1,99,66,0,66,165
08/24/2009,SLE,OR,ANM,WE,Federal Contract Tower,0,2,18,3,23,0,2,76,3,81,0,4,94,6,104,24,0,24,128
08/25/2009,SLE,OR,ANM,WE,Federal Contract Tower,0,2,23,8,33,0,4,40,0,44,0,6,63,8,77,33,0,33,110
08/26/2009,SLE,OR,ANM,WE,Federal Contract Tower,0,5,29,4,38,0,2,94,1,97,0,7,123,5,135,86,0,86,221
08/27/2009,SLE,OR,ANM,WE,Federal Contract Tower,0,3,38,2,43,0,3,77,2,82,0,6,115,4,125,85,0,85,210
08/28/2009,SLE,OR,ANM,WE,Federal Contract Tower,0,3,28,0,31,0,3,53,6,62,0,6,81,6,93,111,0,111,204
08/29/2009,SLE,OR,ANM,WE,Federal Contract Tower,0,2,5,0,7,0,7,74,0,81,0,9,79,0,88,138,0,138,226
08/30/2009,SLE,OR,ANM,WE,Federal Contract Tower,0,0,8,0,8,0,0,73,1,74,0,0,81,1,82,152,0,152,234
08/31/2009,SLE,OR,ANM,WE,Federal Contract Tower,0,4,21,3,28,0,2,94,3,99,0,6,115,6,127,184,0,184,311
09/01/2009,SLE,OR,ANM,WE,Federal Contract Tower,0,6,28,0,34,0,2,86,8,96,0,8,114,8,130,190,0,190,320
09/02/2009,SLE,OR,ANM,WE,Federal Contract Tower,0,2,25,0,27,0,1,99,11,111,0,3,124,11,138,226,0,226,364
09/03/2009,SLE,OR,ANM,WE,Federal Contract Tower,0,3,22,5,30,0,3,67,9,79,0,6,89,14,109,208,0,208,317
09/04/2009,SLE,OR,ANM,WE,Federal Contract Tower,0,2,15,0,17,0,5,68,5,78,0,7,83,5,95,250,0,250,345
09/05/2009,SLE,OR,ANM,WE,Federal Contract Tower,0,2,15,0,17,0,0,5,0,5,0,2,20,0,22,115,0,115,137
09/06/2009,SLE,OR,ANM,WE,Federal Contract Tower,0,0,6,0,6,0,0,18,0,18,0,0,24,0,24,10,0,10,34
09/07/2009,SLE,OR,ANM,WE,Federal Contract Tower,0,0,11,0,11,0,0,64,0,64,0,0,75,0,75,302,0,302,377
09/08/2009,SLE,OR,ANM,WE,Federal Contract Tower,0,3,29,3,35,0,1,44,2,47,0,4,73,5,82,22,0,22,104
09/09/2009,SLE,OR,ANM,WE,Federal Contract Tower,0,2,23,2,27,0,1,63,2,66,0,3,86,4,93,91,0,91,184
09/10/2009,SLE,OR,ANM,WE,Federal Contract Tower,0,4,26,1,31,0,4,57,3,64,0,8,83,4,95,55,0,55,150
09/11/2009,SLE,OR,ANM,WE,Federal Contract Tower,0,2,33,1,36,0,5,90,14,109,0,7,123,15,145,74,3,77,222
09/12/2009,SLE,OR,ANM,WE,Federal Contract Tower,0,1,13,0,14,0,1,98,2,101,0,2,111,2,115,42,8,50,165
09/13/2009,SLE,OR,ANM,WE,Federal Contract Tower,0,0,9,0,9,0,1,41,3,45,0,1,50,3,54,50,16,66,120
09/14/2009,SLE,OR,ANM,WE,Federal Contract Tower,0,5,20,0,25,0,1,74,4,79,0,6,94,4,104,104,0,104,208
09/15/2009,SLE,OR,ANM,WE,Federal Contract Tower,0,4,17,2,23,0,2,79,0,81,0,6,96,2,104,88,0,88,192
09/16/2009,SLE,OR,ANM,WE,Federal Contract Tower,0,2,24,2,28,0,0,28,0,28,0,2,52,2,56,86,11,97,153
09/17/2009,SLE,OR,ANM,WE,Federal Contract Tower,0,5,18,0,23,0,0,31,0,31,0,5,49,0,54,14,0,14,68
09/18/2009,SLE,OR,ANM,WE,Federal Contract Tower,0,2,5,2,9,0,3,71,2,76,0,5,76,4,85,47,0,47,132
09/19/2009,SLE,OR,ANM,WE,Federal Contract Tower,0,1,5,0,6,0,1,21,0,22,0,2,26,0,28,46,0,46,74
09/20/2009,SLE,OR,ANM,WE,Federal Contract Tower,0,0,10,0,10,0,2,79,0,81,0,2,89,0,91,88,0,88,179
09/21/2009,SLE,OR,ANM,WE,Federal Contract Tower,0,2,16,4,22,0,4,53,3,60,0,6,69,7,82,50,0,50,132
09/22/2009,SLE,OR,ANM,WE,Federal Contract Tower,0,2,23,2,27,0,3,102,0,105,0,5,125,2,132,69,0,69,201
09/23/2009,SLE,OR,ANM,WE,Federal Contract Tower,0,2,17,2,21,0,2,69,1,72,0,4,86,3,93,40,0,40,133
09/24/2009,SLE,OR,ANM,WE,Federal Contract Tower,0,7,17,0,24,0,2,58,5,65,0,9,75,5,89,42,4,46,135
09/25/2009,SLE,OR,ANM,WE,Federal Contract Tower,0,4,28,0,32,0,1,56,2,59,0,5,84,2,91,64,0,64,155
09/26/2009,SLE,OR,ANM,WE,Federal Contract Tower,0,3,6,0,9,0,4,95,0,99,0,7,101,0,108,76,0,76,184
09/27/2009,SLE,OR,ANM,WE,Federal Contract Tower,0,0,7,0,7,0,0,74,0,74,0,0,81,0,81,72,2,74,155
09/28/2009,SLE,OR,ANM,WE,Federal Contract Tower,0,4,19,9,32,0,1,45,2,48,0,5,64,11,80,94,0,94,174
09/29/2009,SLE,OR,ANM,WE,Federal Contract Tower,0,3,30,1,34,0,1,33,8,42,0,4,63,9,76,45,22,67,143
09/30/2009,SLE,OR,ANM,WE,Federal Contract Tower,0,2,4,0,6,0,2,44,16,62,0,4,48,16,68,92,4,96,164
10/01/2009,SLE,OR,ANM,WE,Federal Contract Tower,0,2,30,8,40,0,2,55,2,59,0,4,85,10,99,44,4,48,147
10/02/2009,SLE,OR,ANM,WE,Federal Contract Tower,0,2,14,2,18,0,1,45,0,46,0,3,59,2,64,84,0,84,148
10/03/2009,SLE,OR,ANM,WE,Federal Contract Tower,0,1,8,1,10,0,1,58,0,59,0,2,66,1,69,71,0,71,140
10/04/2009,SLE,OR,ANM,WE,Federal Contract Tower,0,0,9,1,10,0,0,60,3,63,0,0,69,4,73,34,0,34,107
10/05/2009,SLE,OR,ANM,WE,Federal Contract Tower,0,5,13,1,19,0,3,51,4,58,0,8,64,5,77,48,0,48,125
10/06/2009,SLE,OR,ANM,WE,Federal Contract Tower,0,2,8,0,10,0,1,91,3,95,0,3,99,3,105,59,0,59,164
10/07/2009,SLE,OR,ANM,WE,Federal Contract Tower,0,1,10,0,11,0,1,88,0,89,0,2,98,0,100,62,0,62,162
10/08/2009,SLE,OR,ANM,WE,Federal Contract Tower,0,5,22,0,27,0,1,112,2,115,0,6,134,2,142,50,0,50,192
10/09/2009,SLE,OR,ANM,WE,Federal Contract Tower,0,2,25,2,29,0,2,73,0,75,0,4,98,2,104,33,0,33,137
10/10/2009,SLE,OR,ANM,WE,Federal Contract Tower,0,1,9,0,10,0,2,92,0,94,0,3,101,0,104,27,0,27,131
10/11/2009,SLE,OR,ANM,WE,Federal Contract Tower,0,0,6,0,6,0,4,69,0,73,0,4,75,0,79,16,0,16,95
10/12/2009,SLE,OR,ANM,WE,Federal Contract Tower,0,3,16,0,19,0,1,49,0,50,0,4,65,0,69,52,0,52,121
10/13/2009,SLE,OR,ANM,WE,Federal Contract Tower,0,3,10,3,16,0,1,25,7,33,0,4,35,10,49,20,0,20,69
10/14/2009,SLE,OR,ANM,WE,Federal Contract Tower,0,3,6,0,9,0,3,22,13,38,0,6,28,13,47,9,30,39,86
10/15/2009,SLE,OR,ANM,WE,Federal Contract Tower,0,7,14,1,22,0,1,18,2,21,0,8,32,3,43,32,4,36,79
10/16/2009,SLE,OR,ANM,WE,Federal Contract Tower,0,4,19,2,25,0,1,58,0,59,0,5,77,2,84,34,0,34,118
10/17/2009,SLE,OR,ANM,WE,Federal Contract Tower,0,1,8,0,9,0,1,21,0,22,0,2,29,0,31,2,0,2,33
10/18/2009,SLE,OR,ANM,WE,Federal Contract Tower,0,0,22,0,22,0,0,38,4,42,0,0,60,4,64,18,0,18,82
10/19/2009,SLE,OR,ANM,WE,Federal Contract Tower,0,4,34,2,40,0,2,42,0,44,0,6,76,2,84,44,0,44,128
10/20/2009,SLE,OR,ANM,WE,Federal Contract Tower,0,2,17,1,20,0,1,46,2,49,0,3,63,3,69,42,0,42,111
10/21/2009,SLE,OR,ANM,WE,Federal Contract Tower,0,5,34,0,39,0,1,21,0,22,0,6,55,0,61,36,0,36,97
10/22/2009,SLE,OR,ANM,WE,Federal Contract Tower,0,3,12,2,17,0,1,22,0,23,0,4,34,2,40,4,0,4,44
10/23/2009,SLE,OR,ANM,WE,Federal Contract Tower,0,4,11,0,15,0,0,4,0,4,0,4,15,0,19,0,0,0,19
10/24/2009,SLE,OR,ANM,WE,Federal Contract Tower,0,1,19,0,20,0,3,98,0,101,0,4,117,0,121,20,0,20,141
10/25/2009,SLE,OR,ANM,WE,Federal Contract Tower,0,0,24,0,24,0,0,46,0,46,0,0,70,0,70,54,0,54,124
10/26/2009,SLE,OR,ANM,WE,Federal Contract Tower,0,3,11,0,14,0,1,5,0,6,0,4,16,0,20,6,0,6,26
10/27/2009,SLE,OR,ANM,WE,Federal Contract Tower,0,3,22,2,27,0,1,28,1,30,0,4,50,3,57,36,0,36,93
10/28/2009,SLE,OR,ANM,WE,Federal Contract Tower,0,2,22,1,25,0,2,69,3,74,0,4,91,4,99,78,0,78,177
10/29/2009,SLE,OR,ANM,WE,Federal Contract Tower,0,4,5,1,10,0,0,2,0,2,0,4,7,1,12,0,0,0,12
10/30/2009,SLE,OR,ANM,WE,Federal Contract Tower,0,4,12,0,16,0,3,34,0,37,0,7,46,0,53,13,0,13,66
10/31/2009,SLE,OR,ANM,WE,Federal Contract Tower,0,1,9,0,10,0,1,46,0,47,0,2,55,0,57,55,0,55,112
11/01/2009,SLE,OR,ANM,WE,Federal Contract Tower,0,0,13,0,13,0,2,74,0,76,0,2,87,0,89,32,0,32,121
11/02/2009,SLE,OR,ANM,WE,Federal Contract Tower,0,3,19,1,23,0,1,73,0,74,0,4,92,1,97,40,0,40,137
11/03/2009,SLE,OR,ANM,WE,Federal Contract Tower,0,6,13,0,19,0,2,64,0,66,0,8,77,0,85,38,0,38,123
11/04/2009,SLE,OR,ANM,WE,Federal Contract Tower,0,5,32,0,37,0,2,95,0,97,0,7,127,0,134,24,0,24,158
11/05/2009,SLE,OR,ANM,WE,Federal Contract Tower,0,3,11,0,14,0,1,27,4,32,0,4,38,4,46,30,4,34,80
11/06/2009,SLE,OR,ANM,WE,Federal Contract Tower,0,3,6,1,10,0,2,9,0,11,0,5,15,1,21,16,0,16,37
11/07/2009,SLE,OR,ANM,WE,Federal Contract Tower,0,3,7,0,10,0,3,14,0,17,0,6,21,0,27,14,0,14,41
11/08/2009,SLE,OR,ANM,WE,Federal Contract Tower,0,2,9,1,12,0,0,18,0,18,0,2,27,1,30,24,0,24,54
11/09/2009,SLE,OR,ANM,WE,Federal Contract Tower,0,5,13,0,18,0,1,4,0,5,0,6,17,0,23,4,0,4,27
11/10/2009,SLE,OR,ANM,WE,Federal Contract Tower,0,3,21,2,26,0,3,76,8,87,0,6,97,10,113,15,2,17,130
11/11/2009,SLE,OR,ANM,WE,Federal Contract Tower,0,4,16,1,21,0,1,17,0,18,0,5,33,1,39,54,0,54,93
11/12/2009,SLE,OR,ANM,WE,Federal Contract Tower,0,5,20,2,27,0,2,30,2,34,0,7,50,4,61,54,0,54,115
11/13/2009,SLE,OR,ANM,WE,Federal Contract Tower,0,5,7,1,13,0,1,11,4,16,0,6,18,5,29,26,0,26,55
11/14/2009,SLE,OR,ANM,WE,Federal Contract Tower,0,1,18,0,19,0,3,89,1,93,0,4,107,1,112,62,10,72,184
11/15/2009,SLE,OR,ANM,WE,Federal Contract Tower,0,0,9,2,11,0,0,17,0,17,0,0,26,2,28,2,0,2,30
11/16/2009,SLE,OR,ANM,WE,Federal Contract Tower,0,3,7,0,10,0,0,18,0,18,0,3,25,0,28,16,0,16,44
11/17/2009,SLE,OR,ANM,WE,Federal Contract Tower,0,5,13,0,18,0,1,30,0,31,0,6,43,0,49,60,0,60,109
11/18/2009,SLE,OR,ANM,WE,Federal Contract Tower,0,5,9,2,16,0,1,23,5,29,0,6,32,7,45,40,0,40,85
11/19/2009,SLE,OR,ANM,WE,Federal Contract Tower,0,4,17,0,21,0,1,31,12,44,0,5,48,12,65,9,14,23,88
11/20/2009,SLE,OR,ANM,WE,Federal Contract Tower,0,4,10,2,16,0,0,4,0,4,0,4,14,2,20,0,2,2,22
11/21/2009,SLE,OR,ANM,WE,Federal Contract Tower,0,1,2,2,5,0,3,34,0,37,0,4,36,2,42,22,0,22,64
11/22/2009,SLE,OR,ANM,WE,Federal Contract Tower,0,0,1,0,1,0,0,18,0,18,0,0,19,0,19,2,0,2,21
11/23/2009,SLE,OR,ANM,WE,Federal Contract Tower,0,2,15,0,17,0,1,96,0,97,0,3,111,0,114,56,0,56,170
11/24/2009,SLE,OR,ANM,WE,Federal Contract Tower,0,2,27,0,29,0,1,91,2,94,0,3,118,2,123,34,0,34,157
11/25/2009,SLE,OR,ANM,WE,Federal Contract Tower,0,3,17,0,20,0,2,72,0,74,0,5,89,0,94,58,0,58,152
11/26/2009,SLE,OR,ANM,WE,Federal Contract Tower,0,0,2,0,2,0,0,0,0,0,0,0,2,0,2,0,0,0,2
11/27/2009,SLE,OR,ANM,WE,Federal Contract Tower,0,3,28,2,33,0,1,42,5,48,0,4,70,7,81,36,0,36,117
11/28/2009,SLE,OR,ANM,WE,Federal Contract Tower,0,1,11,0,12,0,1,49,0,50,0,2,60,0,62,26,0,26,88
11/29/2009,SLE,OR,ANM,WE,Federal Contract Tower,0,0,36,0,36,0,0,63,0,63,0,0,99,0,99,38,0,38,137
11/30/2009,SLE,OR,ANM,WE,Federal Contract Tower,0,8,12,0,20,0,0,0,0,0,0,8,12,0,20,0,0,0,20
12/01/2009,SLE,OR,ANM,WE,Federal Contract Tower,0,5,26,0,31,0,2,27,0,29,0,7,53,0,60,51,0,51,111
12/02/2009,SLE,OR,ANM,WE,Federal Contract Tower,0,3,14,1,18,0,2,73,1,76,0,5,87,2,94,32,0,32,126
12/03/2009,SLE,OR,ANM,WE,Federal Contract Tower,0,7,24,2,33,0,5,71,1,77,0,12,95,3,110,53,0,53,163
12/04/2009,SLE,OR,ANM,WE,Federal Contract Tower,0,3,40,0,43,0,1,62,0,63,0,4,102,0,106,32,0,32,138
12/05/2009,SLE,OR,ANM,WE,Federal Contract Tower,0,1,17,1,19,0,2,36,0,38,0,3,53,1,57,12,0,12,69
12/06/2009,SLE,OR,ANM,WE,Federal Contract Tower,0,8,2,0,10,0,2,23,0,25,0,10,25,0,35,4,0,4,39
12/07/2009,SLE,OR,ANM,WE,Federal Contract Tower,0,2,9,0,11,0,2,43,0,45,0,4,52,0,56,6,0,6,62
12/08/2009,SLE,OR,ANM,WE,Federal Contract Tower,0,2,20,2,24,0,3,48,2,53,0,5,68,4,77,6,1,7,84
12/09/2009,SLE,OR,ANM,WE,Federal Contract Tower,0,2,7,0,9,0,1,36,2,39,0,3,43,2,48,30,0,30,78
12/10/2009,SLE,OR,ANM,WE,Federal Contract Tower,0,2,9,2,13,0,9,65,4,78,0,11,74,6,91,44,0,44,135
12/11/2009,SLE,OR,ANM,WE,Federal Contract Tower,0,1,11,0,12,0,3,30,15,48,0,4,41,15,60,26,10,36,96
12/12/2009,SLE,OR,ANM,WE,Federal Contract Tower,0,0,0,1,1,0,0,0,0,0,0,0,0,1,1,0,0,0,1
12/13/2009,SLE,OR,ANM,WE,Federal Contract Tower,0,1,8,0,9,0,2,10,1,13,0,3,18,1,22,8,0,8,30
12/14/2009,SLE,OR,ANM,WE,Federal Contract Tower,0,3,9,0,12,0,1,26,4,31,0,4,35,4,43,28,12,40,83
12/15/2009,SLE,OR,ANM,WE,Federal Contract Tower,0,4,6,2,12,0,0,2,0,2,0,4,8,2,14,0,0,0,14
12/16/2009,SLE,OR,ANM,WE,Federal Contract Tower,0,4,19,0,23,0,4,13,4,21,0,8,32,4,44,16,10,26,70
12/17/2009,SLE,OR,ANM,WE,Federal Contract Tower,0,8,11,5,24,0,0,14,1,15,0,8,25,6,39,4,0,4,43
12/18/2009,SLE,OR,ANM,WE,Federal Contract Tower,0,5,12,4,21,0,2,6,0,8,0,7,18,4,29,8,0,8,37
12/19/2009,SLE,OR,ANM,WE,Federal Contract Tower,0,5,8,0,13,0,2,34,0,36,0,7,42,0,49,26,0,26,75
12/20/2009,SLE,OR,ANM,WE,Federal Contract Tower,0,1,8,3,12,0,0,20,1,21,0,1,28,4,33,26,0,26,59
12/21/2009,SLE,OR,ANM,WE,Federal Contract Tower,0,3,8,1,12,0,2,18,2,22,0,5,26,3,34,8,0,8,42
12/22/2009,SLE,OR,ANM,WE,Federal Contract Tower,0,2,19,4,25,0,2,33,2,37,0,4,52,6,62,36,0,36,98
12/23/2009,SLE,OR,ANM,WE,Federal Contract Tower,0,8,12,0,20,0,0,0,0,0,0,8,12,0,20,0,0,0,20
12/24/2009,SLE,OR,ANM,WE,Federal Contract Tower,0,3,13,0,16,0,0,0,0,0,0,3,13,0,16,0,0,0,16
12/25/2009,SLE,OR,ANM,WE,Federal Contract Tower,0,0,3,0,3,0,0,17,0,17,0,0,20,0,20,18,0,18,38
12/26/2009,SLE,OR,ANM,WE,Federal Contract Tower,0,6,9,0,15,0,2,75,0,77,0,8,84,0,92,102,0,102,194
12/27/2009,SLE,OR,ANM,WE,Federal Contract Tower,0,0,10,0,10,0,0,47,0,47,0,0,57,0,57,28,0,28,85
12/28/2009,SLE,OR,ANM,WE,Federal Contract Tower,0,11,11,0,22,0,6,92,5,103,0,17,103,5,125,36,12,48,173
12/29/2009,SLE,OR,ANM,WE,Federal Contract Tower,0,2,7,0,9,0,0,0,0,0,0,2,7,0,9,0,0,0,9
12/30/2009,SLE,OR,ANM,WE,Federal Contract Tower,0,2,5,1,8,0,3,23,2,28,0,5,28,3,36,8,0,8,44
12/31/2009,SLE,OR,ANM,WE,Federal Contract Tower,0,8,2,0,10,0,0,0,0,0,0,8,2,0,10,0,0,0,10
01/01/2010,SLE,OR,ANM,WE,Federal Contract Tower,0,0,4,0,4,0,0,2,0,2,0,0,6,0,6,0,0,0,6
01/02/2010,SLE,OR,ANM,WE,Federal Contract Tower,0,2,26,0,28,0,1,34,0,35,0,3,60,0,63,56,0,56,119
01/03/2010,SLE,OR,ANM,WE,Federal Contract Tower,0,1,3,0,4,0,2,88,0,90,0,3,91,0,94,24,0,24,118
01/04/2010,SLE,OR,ANM,WE,Federal Contract Tower,0,4,4,2,10,0,1,15,2,18,0,5,19,4,28,38,16,54,82
01/05/2010,SLE,OR,ANM,WE,Federal Contract Tower,0,3,10,2,15,0,1,2,0,3,0,4,12,2,18,0,0,0,18
01/06/2010,SLE,OR,ANM,WE,Federal Contract Tower,0,8,20,2,30,0,0,0,0,0,0,8,20,2,30,0,0,0,30
01/07/2010,SLE,OR,ANM,WE,Federal Contract Tower,0,3,18,0,21,0,1,92,2,95,0,4,110,2,116,70,0,70,186
01/08/2010,SLE,OR,ANM,WE,Federal Contract Tower,0,4,16,1,21,0,0,9,0,9,0,4,25,1,30,8,0,8,38
01/09/2010,SLE,OR,ANM,WE,Federal Contract Tower,0,2,7,0,9,0,0,0,0,0,0,2,7,0,9,0,0,0,9
01/10/2010,SLE,OR,ANM,WE,Federal Contract Tower,0,0,10,1,11,0,0,23,7,30,0,0,33,8,41,2,8,10,51
01/11/2010,SLE,OR,ANM,WE,Federal Contract Tower,0,2,4,1,7,0,6,39,8,53,0,8,43,9,60,32,0,32,92
01/12/2010,SLE,OR,ANM,WE,Federal Contract Tower,0,2,6,3,11,0,4,11,8,23,0,6,17,11,34,6,14,20,54
01/13/2010,SLE,OR,ANM,WE,Federal Contract Tower,0,2,9,2,13,0,1,2,10,13,0,3,11,12,26,0,28,28,54
01/14/2010,SLE,OR,ANM,WE,Federal Contract Tower,0,1,12,4,17,0,4,75,17,96,0,5,87,21,113,48,18,66,179
01/15/2010,SLE,OR,ANM,WE,Federal Contract Tower,0,2,9,1,12,0,3,12,4,19,0,5,21,5,31,6,0,6,37
01/16/2010,SLE,OR,ANM,WE,Federal Contract Tower,0,1,11,2,14,0,1,14,0,15,0,2,25,2,29,0,0,0,29
01/17/2010,SLE,OR,ANM,WE,Federal Contract Tower,0,0,11,0,11,0,2,9,0,11,0,2,20,0,22,6,0,6,28
01/18/2010,SLE,OR,ANM,WE,Federal Contract Tower,0,3,13,2,18,0,2,57,0,59,0,5,70,2,77,12,0,12,89
01/19/2010,SLE,OR,ANM,WE,Federal Contract Tower,0,5,3,2,10,0,4,18,2,24,0,9,21,4,34,69,0,69,103
01/20/2010,SLE,OR,ANM,WE,Federal Contract Tower,0,2,14,2,18,0,2,31,3,36,0,4,45,5,54,10,0,10,64
01/21/2010,SLE,OR,ANM,WE,Federal Contract Tower,0,3,13,0,16,0,2,39,5,46,0,5,52,5,62,42,0,42,104
01/22/2010,SLE,OR,ANM,WE,Federal Contract Tower,0,2,25,2,29,0,2,4,0,6,0,4,29,2,35,6,0,6,41
01/23/2010,SLE,OR,ANM,WE,Federal Contract Tower,0,1,9,0,10,0,7,100,0,107,0,8,109,0,117,50,0,50,167
01/24/2010,SLE,OR,ANM,WE,Federal Contract Tower,0,0,8,0,8,0,0,0,0,0,0,0,8,0,8,0,0,0,8
01/25/2010,SLE,OR,ANM,WE,Federal Contract Tower,0,2,25,0,27,0,1,41,0,42,0,3,66,0,69,36,0,36,105
01/26/2010,SLE,OR,ANM,WE,Federal Contract Tower,0,3,12,0,15,0,2,59,4,65,0,5,71,4,80,68,0,68,148
01/27/2010,SLE,OR,ANM,WE,Federal Contract Tower,0,2,34,0,36,0,2,59,5,66,0,4,93,5,102,34,0,34,136
01/28/2010,SLE,OR,ANM,WE,Federal Contract Tower,0,3,15,1,19,0,5,64,1,70,0,8,79,2,89,77,0,77,166
01/29/2010,SLE,OR,ANM,WE,Federal Contract Tower,0,5,22,1,28,0,6,76,2,84,0,11,98,3,112,30,0,30,142
01/30/2010,SLE,OR,ANM,WE,Federal Contract Tower,0,2,22,0,24,0,0,5,0,5,0,2,27,0,29,4,0,4,33
01/31/2010,SLE,OR,ANM,WE,Federal Contract Tower,0,0,28,0,28,0,2,88,0,90,0,2,116,0,118,130,0,130,248
02/01/2010,SLE,OR,ANM,WE,Federal Contract Tower,0,6,22,3,31,0,0,0,0,0,0,6,22,3,31,0,0,0,31
02/02/2010,SLE,OR,ANM,WE,Federal Contract Tower,0,1,27,0,28,0,2,16,0,18,0,3,43,0,46,27,0,27,73
02/03/2010,SLE,OR,ANM,WE,Federal Contract Tower,0,5,14,3,22,0,0,23,3,26,0,5,37,6,48,36,8,44,92
02/04/2010,SLE,OR,ANM,WE,Federal Contract Tower,0,4,20,0,24,0,0,34,0,34,0,4,54,0,58,35,0,35,93
02/05/2010,SLE,OR,ANM,WE,Federal Contract Tower,0,2,12,5,19,0,2,80,10,92,0,4,92,15,111,19,0,19,130
02/06/2010,SLE,OR,ANM,WE,Federal Contract Tower,0,1,8,1,10,0,1,33,0,34,0,2,41,1,44,33,0,33,77
02/07/2010,SLE,OR,ANM,WE,Federal Contract Tower,0,0,11,3,14,0,0,57,3,60,0,0,68,6,74,32,2,34,108
02/08/2010,SLE,OR,ANM,WE,Federal Contract Tower,0,5,20,2,27,0,0,4,0,4,0,5,24,2,31,2,0,2,33
02/09/2010,SLE,OR,ANM,WE,Federal Contract Tower,0,2,20,3,25,0,3,33,8,44,0,5,53,11,69,40,16,56,125
02/10/2010,SLE,OR,ANM,WE,Federal Contract Tower,0,3,15,6,24,0,1,9,4,14,0,4,24,10,38,6,10,16,54
02/11/2010,SLE,OR,ANM,WE,Federal Contract Tower,0,5,12,2,19,0,3,24,2,29,0,8,36,4,48,44,8,52,100
02/12/2010,SLE,OR,ANM,WE,Federal Contract Tower,0,4,6,0,10,0,4,7,0,11,0,8,13,0,21,14,0,14,35
02/13/2010,SLE,OR,ANM,WE,Federal Contract Tower,0,2,19,0,21,0,3,57,0,60,0,5,76,0,81,8,0,8,89
02/14/2010,SLE,OR,ANM,WE,Federal Contract Tower,0,1,10,0,11,0,0,11,0,11,0,1,21,0,22,0,0,0,22
02/15/2010,SLE,OR,ANM,WE,Federal Contract Tower,0,4,11,0,15,0,0,3,0,3,0,4,14,0,18,0,0,0,18
02/16/2010,SLE,OR,ANM,WE,Federal Contract Tower,0,6,13,4,23,0,2,20,6,28,0,8,33,10,51,22,4,26,77
02/17/2010,SLE,OR,ANM,WE,Federal Contract Tower,0,4,17,5,26,0,2,61,1,64,0,6,78,6,90,34,0,34,124
02/18/2010,SLE,OR,ANM,WE,Federal Contract Tower,0,5,17,1,23,0,2,103,3,108,0,7,120,4,131,36,2,38,169
02/19/2010,SLE,OR,ANM,WE,Federal Contract Tower,0,2,14,2,18,0,2,93,2,97,0,4,107,4,115,38,0,38,153
02/20/2010,SLE,OR,ANM,WE,Federal Contract Tower,0,2,15,0,17,0,5,105,0,110,0,7,120,0,127,68,0,68,195
02/21/2010,SLE,OR,ANM,WE,Federal Contract Tower,0,0,17,2,19,0,2,94,0,96,0,2,111,2,115,30,0,30,145
02/22/2010,SLE,OR,ANM,WE,Federal Contract Tower,0,2,12,3,17,0,2,57,3,62,0,4,69,6,79,22,6,28,107
02/23/2010,SLE,OR,ANM,WE,Federal Contract Tower,0,6,23,7,36,0,0,11,1,12,0,6,34,8,48,6,0,6,54
02/24/2010,SLE,OR,ANM,WE,Federal Contract Tower,0,1,13,0,14,0,3,15,9,27,0,4,28,9,41,20,0,20,61
02/25/2010,SLE,OR,ANM,WE,Federal Contract Tower,0,4,17,2,23,0,2,42,8,52,0,6,59,10,75,21,34,55,130
02/26/2010,SLE,OR,ANM,WE,Federal Contract Tower,0,4,11,5,20,0,0,0,1,1,0,4,11,6,21,0,0,0,21
02/27/2010,SLE,OR,ANM,WE,Federal Contract Tower,0,3,11,0,14,0,1,63,4,68,0,4,74,4,82,28,0,28,110
02/28/2010,SLE,OR,ANM,WE,Federal Contract Tower,2,24,0,0,26,0,3,110,1,114,2,27,110,1,140,30,0,30,170
03/01/2010,SLE,OR,ANM,WE,Federal Contract Tower,0,2,25,5,32,0,2,33,9,44,0,4,58,14,76,4,6,10,86
03/02/2010,SLE,OR,ANM,WE,Federal Contract Tower,0,6,18,1,25,0,0,32,2,34,0,6,50,3,59,36,0,36,95
03/03/2010,SLE,OR,ANM,WE,Federal Contract Tower,0,6,20,1,27,0,0,15,2,17,0,6,35,3,44,2,0,2,46
03/04/2010,SLE,OR,ANM,WE,Federal Contract Tower,0,3,12,1,16,0,1,38,1,40,0,4,50,2,56,30,0,30,86
03/05/2010,SLE,OR,ANM,WE,Federal Contract Tower,0,5,16,5,26,0,1,55,10,66,0,6,71,15,92,27,2,29,121
03/06/2010,SLE,OR,ANM,WE,Federal Contract Tower,0,1,9,1,11,0,3,112,7,122,0,4,121,8,133,32,0,32,165
03/07/2010,SLE,OR,ANM,WE,Federal Contract Tower,0,0,16,2,18,0,0,42,5,47,0,0,58,7,65,36,0,36,101
03/08/2010,SLE,OR,ANM,WE,Federal Contract Tower,0,2,4,0,6,0,1,30,0,31,0,3,34,0,37,18,0,18,55
03/09/2010,SLE,OR,ANM,WE,Federal Contract Tower,0,5,16,2,23,0,1,25,0,26,0,6,41,2,49,16,0,16,65
03/10/2010,SLE,OR,ANM,WE,Federal Contract Tower,0,2,14,0,16,0,2,40,6,48,0,4,54,6,64,25,0,25,89
03/11/2010,SLE,OR,ANM,WE,Federal Contract Tower,0,2,8,3,13,0,1,3,0,4,0,3,11,3,17,0,0,0,17
03/12/2010,SLE,OR,ANM,WE,Federal Contract Tower,0,7,19,0,26,0,1,6,0,7,0,8,25,0,33,0,0,0,33
03/13/2010,SLE,OR,ANM,WE,Federal Contract Tower,0,3,18,0,21,0,1,30,2,33,0,4,48,2,54,38,0,38,92
03/14/2010,SLE,OR,ANM,WE,Federal Contract Tower,0,0,21,0,21,0,0,82,0,82,0,0,103,0,103,78,0,78,181
03/15/2010,SLE,OR,ANM,WE,Federal Contract Tower,0,3,11,0,14,0,1,83,0,84,0,4,94,0,98,52,0,52,150
03/16/2010,SLE,OR,ANM,WE,Federal Contract Tower,0,3,11,3,17,0,1,27,9,37,0,4,38,12,54,16,0,16,70
03/17/2010,SLE,OR,ANM,WE,Federal Contract Tower,0,3,18,0,21,0,1,37,8,46,0,4,55,8,67,14,26,40,107
03/18/2010,SLE,OR,ANM,WE,Federal Contract Tower,0,3,24,1,28,0,1,80,9,90,0,4,104,10,118,46,2,48,166
03/19/2010,SLE,OR,ANM,WE,Federal Contract Tower,0,3,17,0,20,0,8,96,6,110,0,11,113,6,130,34,2,36,166
03/20/2010,SLE,OR,ANM,WE,Federal Contract Tower,0,0,14,0,14,0,4,84,0,88,0,4,98,0,102,44,0,44,146
03/21/2010,SLE,OR,ANM,WE,Federal Contract Tower,0,0,8,0,8,0,3,8,0,11,0,3,16,0,19,0,0,0,19
03/22/2010,SLE,OR,ANM,WE,Federal Contract Tower,0,1,6,1,8,0,3,24,2,29,0,4,30,3,37,92,0,92,129
03/23/2010,SLE,OR,ANM,WE,Federal Contract Tower,0,3,11,1,15,0,1,58,10,69,0,4,69,11,84,30,0,30,114
03/24/2010,SLE,OR,ANM,WE,Federal Contract Tower,0,4,10,3,17,0,2,67,4,73,0,6,77,7,90,36,12,48,138
03/25/2010,SLE,OR,ANM,WE,Federal Contract Tower,0,4,7,0,11,0,0,2,1,3,0,4,9,1,14,0,0,0,14
03/26/2010,SLE,OR,ANM,WE,Federal Contract Tower,0,1,12,2,15,0,3,34,1,38,0,4,46,3,53,40,14,54,107
03/27/2010,SLE,OR,ANM,WE,Federal Contract Tower,0,1,19,0,20,0,4,124,0,128,0,5,143,0,148,84,0,84,232
03/28/2010,SLE,OR,ANM,WE,Federal Contract Tower,0,1,7,0,8,0,0,1,0,1,0,1,8,0,9,6,0,6,15
03/29/2010,SLE,OR,ANM,WE,Federal Contract Tower,0,4,9,0,13,0,1,3,0,4,0,5,12,0,17,0,0,0,17
03/30/2010,SLE,OR,ANM,WE,Federal Contract Tower,0,2,12,8,22,0,0,11,9,20,0,2,23,17,42,2,8,10,52
03/31/2010,SLE,OR,ANM,WE,Federal Contract Tower,0,1,27,0,28,0,0,37,4,41,0,1,64,4,69,20,8,28,97
04/01/2010,SLE,OR,ANM,WE,Federal Contract Tower,0,3,20,1,24,0,4,60,16,80,0,7,80,17,104,38,0,38,142
04/02/2010,SLE,OR,ANM,WE,Federal Contract Tower,0,2,3,1,6,0,2,0,0,2,0,4,3,1,8,0,0,0,8
04/03/2010,SLE,OR,ANM,WE,Federal Contract Tower,0,1,6,0,7,0,1,12,0,13,0,2,18,0,20,4,0,4,24
04/04/2010,SLE,OR,ANM,WE,Federal Contract Tower,0,0,4,0,4,0,0,8,0,8,0,0,12,0,12,10,0,10,22
04/05/2010,SLE,OR,ANM,WE,Federal Contract Tower,0,4,14,2,20,0,1,3,2,6,0,5,17,4,26,0,0,0,26
04/06/2010,SLE,OR,ANM,WE,Federal Contract Tower,1,3,5,1,10,0,2,21,11,34,1,5,26,12,44,30,8,38,82
04/07/2010,SLE,OR,ANM,WE,Federal Contract Tower,0,2,38,9,49,0,1,104,20,125,0,3,142,29,174,38,12,50,224
04/08/2010,SLE,OR,ANM,WE,Federal Contract Tower,0,4,15,9,28,0,1,40,11,52,0,5,55,20,80,12,0,12,92
04/09/2010,SLE,OR,ANM,WE,Federal Contract Tower,0,2,12,7,21,0,3,65,6,74,0,5,77,13,95,79,0,79,174
04/10/2010,SLE,OR,ANM,WE,Federal Contract Tower,0,4,10,4,18,0,14,92,7,113,0,18,102,11,131,52,2,54,185
04/11/2010,SLE,OR,ANM,WE,Federal Contract Tower,0,2,9,0,11,0,0,39,5,44,0,2,48,5,55,10,0,10,65
04/12/2010,SLE,OR,ANM,WE,Federal Contract Tower,0,3,13,0,16,0,0,52,3,55,0,3,65,3,71,32,0,32,103
04/13/2010,SLE,OR,ANM,WE,Federal Contract Tower,0,2,16,2,20,0,2,51,6,59,0,4,67,8,79,30,0,30,109
04/14/2010,SLE,OR,ANM,WE,Federal Contract Tower,0,2,19,3,24,0,0,63,4,67,0,2,82,7,91,39,0,39,130
04/15/2010,SLE,OR,ANM,WE,Federal Contract Tower,0,2,16,3,21,0,3,76,0,79,0,5,92,3,100,82,0,82,182
04/16/2010,SLE,OR,ANM,WE,Federal Contract Tower,0,2,7,1,10,0,2,68,14,84,0,4,75,15,94,26,0,26,120
04/17/2010,SLE,OR,ANM,WE,Federal Contract Tower,0,0,8,0,8,0,2,49,1,52,0,2,57,1,60,10,0,10,70
04/18/2010,SLE,OR,ANM,WE,Federal Contract Tower,0,0,11,2,13,0,0,90,0,90,0,0,101,2,103,8,0,8,111
04/19/2010,SLE,OR,ANM,WE,Federal Contract Tower,0,3,14,2,19,0,2,34,0,36,0,5,48,2,55,12,0,12,67
04/20/2010,SLE,OR,ANM,WE,Federal Contract Tower,0,2,18,3,23,0,3,8,9,20,0,5,26,12,43,10,10,20,63
04/21/2010,SLE,OR,ANM,WE,Federal Contract Tower,0,2,19,1,22,0,0,65,11,76,0,2,84,12,98,32,6,38,136
04/22/2010,SLE,OR,ANM,WE,Federal Contract Tower,0,2,14,1,17,0,2,61,13,76,0,4,75,14,93,41,1,42,135
04/23/2010,SLE,OR,ANM,WE,Federal Contract Tower,0,2,16,0,18,0,2,66,3,71,0,4,82,3,89,34,14,48,137
04/24/2010,SLE,OR,ANM,WE,Federal Contract Tower,0,0,21,6,27,0,2,53,0,55,0,2,74,6,82,36,0,36,118
04/25/2010,SLE,OR,ANM,WE,Federal Contract Tower,0,0,15,0,15,0,2,90,0,92,0,2,105,0,107,44,0,44,151
04/26/2010,SLE,OR,ANM,WE,Federal Contract Tower,0,2,7,3,12,0,2,16,3,21,0,4,23,6,33,4,0,4,37
04/27/2010,SLE,OR,ANM,WE,Federal Contract Tower,0,2,0,2,4,0,2,15,3,20,0,4,15,5,24,4,0,4,28
04/28/2010,SLE,OR,ANM,WE,Federal Contract Tower,0,2,6,6,14,0,4,28,8,40,0,6,34,14,54,4,3,7,61
04/29/2010,SLE,OR,ANM,WE,Federal Contract Tower,0,4,18,2,24,0,2,35,0,37,0,6,53,2,61,24,0,24,85
04/30/2010,SLE,OR,ANM,WE,Federal Contract Tower,0,1,17,6,24,0,5,73,0,78,0,6,90,6,102,70,0,70,172
05/01/2010,SLE,OR,ANM,WE,Federal Contract Tower,0,1,18,3,22,0,2,27,6,35,0,3,45,9,57,30,12,42,99
05/02/2010,SLE,OR,ANM,WE,Federal Contract Tower,0,0,3,1,4,0,0,59,9,68,0,0,62,10,72,48,0,48,120
05/03/2010,SLE,OR,ANM,WE,Federal Contract Tower,0,4,3,1,8,0,1,8,0,9,0,5,11,1,17,0,0,0,17
05/04/2010,SLE,OR,ANM,WE,Federal Contract Tower,0,2,18,7,27,0,2,49,6,57,0,4,67,13,84,46,4,50,134
05/05/2010,SLE,OR,ANM,WE,Federal Contract Tower,0,1,13,2,16,0,5,18,10,33,0,6,31,12,49,47,10,57,106
05/06/2010,SLE,OR,ANM,WE,Federal Contract Tower,0,2,18,3,23,0,2,66,6,74,0,4,84,9,97,48,4,52,149
05/07/2010,SLE,OR,ANM,WE,Federal Contract Tower,0,2,7,2,11,0,2,100,1,103,0,4,107,3,114,118,0,118,232
05/08/2010,SLE,OR,ANM,WE,Federal Contract Tower,0,1,26,0,27,0,3,91,0,94,0,4,117,0,121,48,0,48,169
05/09/2010,SLE,OR,ANM,WE,Federal Contract Tower,0,0,13,0,13,0,0,72,0,72,0,0,85,0,85,30,0,30,115
05/10/2010,SLE,OR,ANM,WE,Federal Contract Tower,0,1,11,0,12,0,4,34,5,43,0,5,45,5,55,67,0,67,122
05/11/2010,SLE,OR,ANM,WE,Federal Contract Tower,0,1,11,2,14,0,3,59,9,71,0,4,70,11,85,92,10,102,187
05/12/2010,SLE,OR,ANM,WE,Federal Contract Tower,0,0,20,3,23,0,7,60,15,82,0,7,80,18,105,50,3,53,158
05/13/2010,SLE,OR,ANM,WE,Federal Contract Tower,0,0,23,4,27,0,4,95,5,104,0,4,118,9,131,50,0,50,181
05/14/2010,SLE,OR,ANM,WE,Federal Contract Tower,0,0,19,1,20,0,4,108,2,114,0,4,127,3,134,90,0,90,224
05/15/2010,SLE,OR,ANM,WE,Federal Contract Tower,0,0,18,2,20,0,3,81,0,84,0,3,99,2,104,40,0,40,144
05/16/2010,SLE,OR,ANM,WE,Federal Contract Tower,0,0,8,0,8,0,3,92,0,95,0,3,100,0,103,28,0,28,131
05/17/2010,SLE,OR,ANM,WE,Federal Contract Tower,0,4,6,5,15,0,3,18,3,24,0,7,24,8,39,14,0,14,53
05/18/2010,SLE,OR,ANM,WE,Federal Contract Tower,0,3,19,6,28,0,4,9,2,15,0,7,28,8,43,0,0,0,43
05/19/2010,SLE,OR,ANM,WE,Federal Contract Tower,0,3,9,2,14,0,5,19,4,28,0,8,28,6,42,40,10,50,92
05/20/2010,SLE,OR,ANM,WE,Federal Contract Tower,0,3,11,2,16,0,2,21,11,34,0,5,32,13,50,6,10,16,66
05/21/2010,SLE,OR,ANM,WE,Federal Contract Tower,0,4,7,0,11,0,2,12,3,17,0,6,19,3,28,32,0,32,60
05/22/2010,SLE,OR,ANM,WE,Federal Contract Tower,0,1,10,0,11,0,1,31,0,32,0,2,41,0,43,0,0,0,43
05/23/2010,SLE,OR,ANM,WE,Federal Contract Tower,0,0,17,0,17,0,5,21,0,26,0,5,38,0,43,6,0,6,49
05/24/2010,SLE,OR,ANM,WE,Federal Contract Tower,0,3,21,2,26,0,1,61,9,71,0,4,82,11,97,64,8,72,169
05/25/2010,SLE,OR,ANM,WE,Federal Contract Tower,0,3,19,0,22,0,2,24,11,37,0,5,43,11,59,28,0,28,87
05/26/2010,SLE,OR,ANM,WE,Federal Contract Tower,0,3,12,2,17,0,4,26,11,41,0,7,38,13,58,36,0,36,94
05/27/2010,SLE,OR,ANM,WE,Federal Contract Tower,0,2,18,2,22,0,2,52,11,65,0,4,70,13,87,54,6,60,147
05/28/2010,SLE,OR,ANM,WE,Federal Contract Tower,0,2,40,0,42,0,3,38,2,43,0,5,78,2,85,14,0,14,99
05/29/2010,SLE,OR,ANM,WE,Federal Contract Tower,0,0,21,0,21,0,3,90,4,97,0,3,111,4,118,84,0,84,202
05/30/2010,SLE,OR,ANM,WE,Federal Contract Tower,0,1,5,0,6,0,1,59,4,64,0,2,64,4,70,82,0,82,152
05/31/2010,SLE,OR,ANM,WE,Federal Contract Tower,0,0,24,0,24,0,0,23,0,23,0,0,47,0,47,16,0,16,63
06/01/2010,SLE,OR,ANM,WE,Federal Contract Tower,0,4,14,3,21,0,1,15,4,20,0,5,29,7,41,4,0,4,45
06/02/2010,SLE,OR,ANM,WE,Federal Contract Tower,0,10,18,2,30,0,0,2,0,2,0,10,20,2,32,0,0,0,32
06/03/2010,SLE,OR,ANM,WE,Federal Contract Tower,0,4,24,0,28,0,1,39,6,46,0,5,63,6,74,38,0,38,112
06/04/2010,SLE,OR,ANM,WE,Federal Contract Tower,0,3,24,0,27,0,2,29,5,36,0,5,53,5,63,18,0,18,81
06/05/2010,SLE,OR,ANM,WE,Federal Contract Tower,0,0,20,2,22,0,3,97,7,107,0,3,117,9,129,84,0,84,213
06/06/2010,SLE,OR,ANM,WE,Federal Contract Tower,0,0,13,0,13,0,0,7,0,7,0,0,20,0,20,0,0,0,20
06/07/2010,SLE,OR,ANM,WE,Federal Contract Tower,0,2,7,5,14,0,1,61,12,74,0,3,68,17,88,40,24,64,152
06/08/2010,SLE,OR,ANM,WE,Federal Contract Tower,0,2,27,4,33,0,1,80,15,96,0,3,107,19,129,60,30,90,219
06/09/2010,SLE,OR,ANM,WE,Federal Contract Tower,0,2,19,0,21,0,2,10,3,15,0,4,29,3,36,2,14,16,52
06/10/2010,SLE,OR,ANM,WE,Federal Contract Tower,0,3,28,4,35,0,1,26,12,39,0,4,54,16,74,46,0,46,120
06/11/2010,SLE,OR,ANM,WE,Federal Contract Tower,0,2,41,7,50,0,2,56,10,68,0,4,97,17,118,30,2,32,150
06/12/2010,SLE,OR,ANM,WE,Federal Contract Tower,0,0,11,3,14,0,6,63,2,71,0,6,74,5,85,12,0,12,97
06/13/2010,SLE,OR,ANM,WE,Federal Contract Tower,0,0,14,3,17,0,0,87,3,90,0,0,101,6,107,50,0,50,157
06/14/2010,SLE,OR,ANM,WE,Federal Contract Tower,0,2,23,6,31,0,2,61,11,74,0,4,84,17,105,16,6,22,127
06/15/2010,SLE,OR,ANM,WE,Federal Contract Tower,0,3,18,3,24,0,2,45,11,58,0,5,63,14,82,6,2,8,90
06/16/2010,SLE,OR,ANM,WE,Federal Contract Tower,0,2,22,4,28,0,2,30,4,36,0,4,52,8,64,13,0,13,77
06/17/2010,SLE,OR,ANM,WE,Federal Contract Tower,0,2,14,3,19,0,2,67,10,79,0,4,81,13,98,94,0,94,192
06/18/2010,SLE,OR,ANM,WE,Federal Contract Tower,0,2,12,1,15,0,5,75,6,86,0,7,87,7,101,78,12,90,191
06/19/2010,SLE,OR,ANM,WE,Federal Contract Tower,0,0,8,1,9,0,1,57,3,61,0,1,65,4,70,40,0,40,110
06/20/2010,SLE,OR,ANM,WE,Federal Contract Tower,0,2,22,0,24,0,0,22,0,22,0,2,44,0,46,10,0,10,56
06/21/2010,SLE,OR,ANM,WE,Federal Contract Tower,0,2,14,2,18,0,2,54,4,60,0,4,68,6,78,24,0,24,102
06/22/2010,SLE,OR,ANM,WE,Federal Contract Tower,0,2,30,6,38,0,6,63,3,72,0,8,93,9,110,16,2,18,128
06/23/2010,SLE,OR,ANM,WE,Federal Contract Tower,0,1,13,1,15,0,3,97,7,107,0,4,110,8,122,86,18,104,226
06/24/2010,SLE,OR,ANM,WE,Federal Contract Tower,0,0,14,0,14,0,2,86,10,98,0,2,100,10,112,10,12,22,134
06/25/2010,SLE,OR,ANM,WE,Federal Contract Tower,0,2,21,2,25,0,2,53,2,57,0,4,74,4,82,14,13,27,109
06/26/2010,SLE,OR,ANM,WE,Federal Contract Tower,0,2,12,0,14,0,3,99,4,106,0,5,111,4,120,26,0,26,146
06/27/2010,SLE,OR,ANM,WE,Federal Contract Tower,0,0,13,0,13,0,2,66,1,69,0,2,79,1,82,12,0,12,94
06/28/2010,SLE,OR,ANM,WE,Federal Contract Tower,0,2,15,6,23,0,4,88,7,99,0,6,103,13,122,50,2,52,174
06/29/2010,SLE,OR,ANM,WE,Federal Contract Tower,0,2,16,4,22,0,4,68,10,82,0,6,84,14,104,30,0,30,134
06/30/2010,SLE,OR,ANM,WE,Federal Contract Tower,0,2,8,2,12,0,2,82,18,102,0,4,90,20,114,76,12,88,202
07/01/2010,SLE,OR,ANM,WE,Federal Contract Tower,0,2,9,10,21,0,2,38,5,45,0,4,47,15,66,46,4,50,116
07/02/2010,SLE,OR,ANM,WE,Federal Contract Tower,0,3,36,2,41,0,2,16,0,18,0,5,52,2,59,24,28,52,111
07/03/2010,SLE,OR,ANM,WE,Federal Contract Tower,0,0,6,0,6,0,2,71,0,73,0,2,77,0,79,60,0,60,139
07/04/2010,SLE,OR,ANM,WE,Federal Contract Tower,0,0,5,0,5,0,0,37,0,37,0,0,42,0,42,12,0,12,54
07/05/2010,SLE,OR,ANM,WE,Federal Contract Tower,0,0,24,0,24,0,0,64,0,64,0,0,88,0,88,26,0,26,114
07/06/2010,SLE,OR,ANM,WE,Federal Contract Tower,0,3,18,3,24,0,1,59,5,65,0,4,77,8,89,36,0,36,125
07/07/2010,SLE,OR,ANM,WE,Federal Contract Tower,0,4,25,2,31,0,1,61,5,67,0,5,86,7,98,80,0,80,178
07/08/2010,SLE,OR,ANM,WE,Federal Contract Tower,0,7,17,14,38,0,1,71,7,79,0,8,88,21,117,18,0,18,135
07/09/2010,SLE,OR,ANM,WE,Federal Contract Tower,0,2,24,2,28,0,1,70,5,76,0,3,94,7,104,30,0,30,134
07/10/2010,SLE,OR,ANM,WE,Federal Contract Tower,0,0,7,2,9,0,2,105,9,116,0,2,112,11,125,60,16,76,201
07/11/2010,SLE,OR,ANM,WE,Federal Contract Tower,0,0,14,2,16,0,0,95,8,103,0,0,109,10,119,34,16,50,169
07/12/2010,SLE,OR,ANM,WE,Federal Contract Tower,0,1,16,1,18,0,2,73,4,79,0,3,89,5,97,50,0,50,147
07/13/2010,SLE,OR,ANM,WE,Federal Contract Tower,0,1,14,3,18,0,3,62,5,70,0,4,76,8,88,20,0,20,108
07/14/2010,SLE,OR,ANM,WE,Federal Contract Tower,0,2,20,4,26,0,4,54,12,70,0,6,74,16,96,26,4,30,126
07/15/2010,SLE,OR,ANM,WE,Federal Contract Tower,0,1,9,1,11,0,5,77,9,91,0,6,86,10,102,46,2,48,150
07/16/2010,SLE,OR,ANM,WE,Federal Contract Tower,0,3,12,3,18,0,2,93,4,99,0,5,105,7,117,16,0,16,133
07/17/2010,SLE,OR,ANM,WE,Federal Contract Tower,0,0,7,0,7,0,4,69,1,74,0,4,76,1,81,28,0,28,109
07/18/2010,SLE,OR,ANM,WE,Federal Contract Tower,0,0,14,0,14,0,4,41,0,45,0,4,55,0,59,24,0,24,83
07/19/2010,SLE,OR,ANM,WE,Federal Contract Tower,0,4,21,2,27,0,0,62,9,71,0,4,83,11,98,46,0,46,144
07/20/2010,SLE,OR,ANM,WE,Federal Contract Tower,0,4,10,4,18,0,4,45,14,63,0,8,55,18,81,16,0,16,97
07/21/2010,SLE,OR,ANM,WE,Federal Contract Tower,0,2,20,6,28,0,4,60,5,69,0,6,80,11,97,46,13,59,156
07/22/2010,SLE,OR,ANM,WE,Federal Contract Tower,0,2,5,6,13,0,4,89,3,96,0,6,94,9,109,18,0,18,127
07/23/2010,SLE,OR,ANM,WE,Federal Contract Tower,0,4,14,1,19,0,4,63,3,70,0,8,77,4,89,44,0,44,133
07/24/2010,SLE,OR,ANM,WE,Federal Contract Tower,0,0,9,0,9,0,2,88,1,91,0,2,97,1,100,48,0,48,148
07/25/2010,SLE,OR,ANM,WE,Federal Contract Tower,0,0,5,0,5,0,0,80,0,80,0,0,85,0,85,20,0,20,105
07/26/2010,SLE,OR,ANM,WE,Federal Contract Tower,0,3,17,3,23,0,1,84,9,94,0,4,101,12,117,39,0,39,156
07/27/2010,SLE,OR,ANM,WE,Federal Contract Tower,0,3,15,3,21,0,9,96,10,115,0,12,111,13,136,54,0,54,190
07/28/2010,SLE,OR,ANM,WE,Federal Contract Tower,0,2,11,4,17,0,3,74,16,93,0,5,85,20,110,91,4,95,205
07/29/2010,SLE,OR,ANM,WE,Federal Contract Tower,0,3,12,4,19,0,1,92,18,111,0,4,104,22,130,20,4,24,154
07/30/2010,SLE,OR,ANM,WE,Federal Contract Tower,0,1,9,2,12,0,1,79,15,95,0,2,88,17,107,52,0,52,159
07/31/2010,SLE,OR,ANM,WE,Federal Contract Tower,0,0,8,1,9,0,2,57,0,59,0,2,65,1,68,30,0,30,98
08/01/2010,SLE,OR,ANM,WE,Federal Contract Tower,0,0,18,0,18,0,0,65,0,65,0,0,83,0,83,16,0,16,99
08/02/2010,SLE,OR,ANM,WE,Federal Contract Tower,0,3,10,1,14,0,1,77,8,86,0,4,87,9,100,38,4,42,142
08/03/2010,SLE,OR,ANM,WE,Federal Contract Tower,0,2,10,1,13,0,7,56,5,68,0,9,66,6,81,34,0,34,115
08/04/2010,SLE,OR,ANM,WE,Federal Contract Tower,0,5,13,3,21,0,1,48,11,60,0,6,61,14,81,22,6,28,109
08/05/2010,SLE,OR,ANM,WE,Federal Contract Tower,0,7,10,2,19,0,2,86,6,94,0,9,96,8,113,32,0,32,145
08/06/2010,SLE,OR,ANM,WE,Federal Contract Tower,0,5,23,1,29,0,1,67,2,70,0,6,90,3,99,36,0,36,135
08/07/2010,SLE,OR,ANM,WE,Federal Contract Tower,0,0,12,20,32,0,5,181,0,186,0,5,193,20,218,102,0,102,320
08/08/2010,SLE,OR,ANM,WE,Federal Contract Tower,0,0,11,0,11,0,0,57,0,57,0,0,68,0,68,28,0,28,96
08/09/2010,SLE,OR,ANM,WE,Federal Contract Tower,0,7,13,2,22,0,0,39,9,48,0,7,52,11,70,56,0,56,126
08/10/2010,SLE,OR,ANM,WE,Federal Contract Tower,0,3,22,4,29,0,2,45,11,58,0,5,67,15,87,18,0,18,105
08/11/2010,SLE,OR,ANM,WE,Federal Contract Tower,0,4,21,4,29,0,1,61,20,82,0,5,82,24,111,78,0,78,189
08/12/2010,SLE,OR,ANM,WE,Federal Contract Tower,0,3,9,2,14,0,2,80,8,90,0,5,89,10,104,60,0,60,164
08/13/2010,SLE,OR,ANM,WE,Federal Contract Tower,0,3,15,0,18,0,3,53,5,61,0,6,68,5,79,2,0,2,81
08/14/2010,SLE,OR,ANM,WE,Federal Contract Tower,0,0,14,0,14,0,9,61,2,72,0,9,75,2,86,4,0,4,90
08/15/2010,SLE,OR,ANM,WE,Federal Contract Tower,0,0,10,0,10,0,1,57,0,58,0,1,67,0,68,4,0,4,72
08/16/2010,SLE,OR,ANM,WE,Federal Contract Tower,0,2,8,0,10,0,2,79,7,88,0,4,87,7,98,52,0,52,150
08/17/2010,SLE,OR,ANM,WE,Federal Contract Tower,0,2,14,1,17,0,2,67,9,78,0,4,81,10,95,53,12,65,160
08/18/2010,SLE,OR,ANM,WE,Federal Contract Tower,0,0,30,5,35,0,6,65,9,80,0,6,95,14,115,68,0,68,183
08/19/2010,SLE,OR,ANM,WE,Federal Contract Tower,0,5,19,6,30,0,4,61,7,72,0,9,80,13,102,2,0,2,104
08/20/2010,SLE,OR,ANM,WE,Federal Contract Tower,0,1,25,0,26,0,3,96,9,108,0,4,121,9,134,34,0,34,168
08/21/2010,SLE,OR,ANM,WE,Federal Contract Tower,0,0,20,0,20,0,1,75,0,76,0,1,95,0,96,22,0,22,118
08/22/2010,SLE,OR,ANM,WE,Federal Contract Tower,0,0,31,0,31,0,0,90,0,90,0,0,121,0,121,24,0,24,145
08/23/2010,SLE,OR,ANM,WE,Federal Contract Tower,0,1,16,0,17,0,3,105,8,116,0,4,121,8,133,44,0,44,177
08/24/2010,SLE,OR,ANM,WE,Federal Contract Tower,0,2,21,1,24,0,2,99,5,106,0,4,120,6,130,41,0,41,171
08/25/2010,SLE,OR,ANM,WE,Federal Contract Tower,0,1,40,2,43,0,2,75,9,86,0,3,115,11,129,50,0,50,179
08/26/2010,SLE,OR,ANM,WE,Federal Contract Tower,0,3,17,6,26,0,4,83,8,95,0,7,100,14,121,69,9,78,199
08/27/2010,SLE,OR,ANM,WE,Federal Contract Tower,0,2,26,0,28,0,4,79,3,86,0,6,105,3,114,46,0,46,160
08/28/2010,SLE,OR,ANM,WE,Federal Contract Tower,0,0,39,1,40,0,2,68,2,72,0,2,107,3,112,44,0,44,156
08/29/2010,SLE,OR,ANM,WE,Federal Contract Tower,0,0,7,8,15,0,0,89,3,92,0,0,96,11,107,56,4,60,167
08/30/2010,SLE,OR,ANM,WE,Federal Contract Tower,0,3,17,0,20,0,1,65,6,72,0,4,82,6,92,80,0,80,172
08/31/2010,SLE,OR,ANM,WE,Federal Contract Tower,0,3,13,2,18,0,1,43,1,45,0,4,56,3,63,72,0,72,135
09/01/2010,SLE,OR,ANM,WE,Federal Contract Tower,0,5,37,5,47,0,0,50,7,57,0,5,87,12,104,34,0,34,138
09/02/2010,SLE,OR,ANM,WE,Federal Contract Tower,0,2,28,1,31,0,2,66,6,74,0,4,94,7,105,28,0,28,133
09/03/2010,SLE,OR,ANM,WE,Federal Contract Tower,0,3,16,0,19,0,0,74,4,78,0,3,90,4,97,58,0,58,155
09/04/2010,SLE,OR,ANM,WE,Federal Contract Tower,0,4,3,0,7,0,2,68,0,70,0,6,71,0,77,46,0,46,123
09/05/2010,SLE,OR,ANM,WE,Federal Contract Tower,0,0,12,0,12,0,0,56,0,56,0,0,68,0,68,14,0,14,82
09/06/2010,SLE,OR,ANM,WE,Federal Contract Tower,0,0,16,0,16,0,0,102,0,102,0,0,118,0,118,108,0,108,226
09/07/2010,SLE,OR,ANM,WE,Federal Contract Tower,0,3,22,4,29,0,2,9,7,18,0,5,31,11,47,0,8,8,55
09/08/2010,SLE,OR,ANM,WE,Federal Contract Tower,0,6,19,8,33,0,1,25,13,39,0,7,44,21,72,74,4,78,150
09/09/2010,SLE,OR,ANM,WE,Federal Contract Tower,0,4,34,1,39,0,1,56,12,69,0,5,90,13,108,103,15,118,226
09/10/2010,SLE,OR,ANM,WE,Federal Contract Tower,0,2,34,9,45,0,4,67,5,76,0,6,101,14,121,44,6,50,171
09/11/2010,SLE,OR,ANM,WE,Federal Contract Tower,0,0,18,7,25,0,4,76,10,90,0,4,94,17,115,50,8,58,173
09/12/2010,SLE,OR,ANM,WE,Federal Contract Tower,0,0,16,5,21,0,2,96,10,108,0,2,112,15,129,62,0,62,191
09/13/2010,SLE,OR,ANM,WE,Federal Contract Tower,0,2,40,3,45,0,2,39,6,47,0,4,79,9,92,42,16,58,150
09/14/2010,SLE,OR,ANM,WE,Federal Contract Tower,0,7,27,3,37,0,5,64,9,78,0,12,91,12,115,62,20,82,197
09/15/2010,SLE,OR,ANM,WE,Federal Contract Tower,0,3,12,4,19,0,2,68,5,75,0,5,80,9,94,72,0,72,166
09/16/2010,SLE,OR,ANM,WE,Federal Contract Tower,0,3,31,0,34,0,1,25,6,32,0,4,56,6,66,34,0,34,100
09/17/2010,SLE,OR,ANM,WE,Federal Contract Tower,0,3,10,1,14,0,1,27,6,34,0,4,37,7,48,12,2,14,62
09/18/2010,SLE,OR,ANM,WE,Federal Contract Tower,0,5,10,0,15,0,0,0,0,0,0,5,10,0,15,0,0,0,15
09/19/2010,SLE,OR,ANM,WE,Federal Contract Tower,0,1,15,0,16,0,0,19,0,19,0,1,34,0,35,2,0,2,37
09/20/2010,SLE,OR,ANM,WE,Federal Contract Tower,0,5,18,0,23,0,2,31,3,36,0,7,49,3,59,50,0,50,109
09/21/2010,SLE,OR,ANM,WE,Federal Contract Tower,0,2,31,6,39,0,3,53,10,66,0,5,84,16,105,40,20,60,165
09/22/2010,SLE,OR,ANM,WE,Federal Contract Tower,0,3,19,4,26,0,1,69,3,73,0,4,88,7,99,86,22,108,207
09/23/2010,SLE,OR,ANM,WE,Federal Contract Tower,0,3,15,6,24,0,4,7,9,20,0,7,22,15,44,8,18,26,70
09/24/2010,SLE,OR,ANM,WE,Federal Contract Tower,0,2,19,1,22,0,4,56,2,62,0,6,75,3,84,40,0,40,124
09/25/2010,SLE,OR,ANM,WE,Federal Contract Tower,0,1,8,0,9,0,1,111,0,112,0,2,119,0,121,40,0,40,161
09/26/2010,SLE,OR,ANM,WE,Federal Contract Tower,0,0,5,0,5,0,0,29,0,29,0,0,34,0,34,22,0,22,56
09/27/2010,SLE,OR,ANM,WE,Federal Contract Tower,0,3,10,2,15,0,1,74,4,79,0,4,84,6,94,46,0,46,140
09/28/2010,SLE,OR,ANM,WE,Federal Contract Tower,0,2,8,1,11,0,2,39,4,45,0,4,47,5,56,50,0,50,106
09/29/2010,SLE,OR,ANM,WE,Federal Contract Tower,0,2,26,2,30,0,1,42,4,47,0,3,68,6,77,6,0,6,83
09/30/2010,SLE,OR,ANM,WE,Federal Contract Tower,0,2,14,2,18,0,2,124,7,133,0,4,138,9,151,106,0,106,257
10/01/2010,SLE,OR,ANM,WE,Federal Contract Tower,0,3,12,1,16,0,1,60,2,63,0,4,72,3,79,48,0,48,127
10/02/2010,SLE,OR,ANM,WE,Federal Contract Tower,0,0,8,0,8,0,2,76,0,78,0,2,84,0,86,64,0,64,150
10/03/2010,SLE,OR,ANM,WE,Federal Contract Tower,0,0,14,1,15,0,1,38,0,39,0,1,52,1,54,32,0,32,86
10/04/2010,SLE,OR,ANM,WE,Federal Contract Tower,0,5,11,2,18,0,1,42,0,43,0,6,53,2,61,34,0,34,95
10/05/2010,SLE,OR,ANM,WE,Federal Contract Tower,0,1,19,3,23,0,2,50,7,59,0,3,69,10,82,46,24,70,152
10/06/2010,SLE,OR,ANM,WE,Federal Contract Tower,0,2,13,3,18,0,0,88,8,96,0,2,101,11,114,94,12,106,220
10/07/2010,SLE,OR,ANM,WE,Federal Contract Tower,0,4,13,1,18,0,1,59,10,70,0,5,72,11,88,30,2,32,120
10/08/2010,SLE,OR,ANM,WE,Federal Contract Tower,0,3,7,4,14,0,1,46,3,50,0,4,53,7,64,38,0,38,102
10/09/2010,SLE,OR,ANM,WE,Federal Contract Tower,0,2,9,0,11,0,0,2,0,2,0,2,11,0,13,0,0,0,13
10/10/2010,SLE,OR,ANM,WE,Federal Contract Tower,0,0,10,0,10,0,0,11,0,11,0,0,21,0,21,14,0,14,35
10/11/2010,SLE,OR,ANM,WE,Federal Contract Tower,0,3,17,0,20,0,0,68,0,68,0,3,85,0,88,30,0,30,118
10/12/2010,SLE,OR,ANM,WE,Federal Contract Tower,0,0,23,5,28,0,4,89,6,99,0,4,112,11,127,46,8,54,181
10/13/2010,SLE,OR,ANM,WE,Federal Contract Tower,0,2,7,1,10,0,3,101,12,116,0,5,108,13,126,56,0,56,182
10/14/2010,SLE,OR,ANM,WE,Federal Contract Tower,0,3,11,0,14,0,1,61,5,67,0,4,72,5,81,20,0,20,101
10/15/2010,SLE,OR,ANM,WE,Federal Contract Tower,0,2,7,2,11,0,2,67,2,71,0,4,74,4,82,38,0,38,120
10/16/2010,SLE,OR,ANM,WE,Federal Contract Tower,0,1,7,0,8,0,3,86,15,104,0,4,93,15,112,58,2,60,172
10/17/2010,SLE,OR,ANM,WE,Federal Contract Tower,0,0,13,1,14,0,1,71,4,76,0,1,84,5,90,82,0,82,172
10/18/2010,SLE,OR,ANM,WE,Federal Contract Tower,0,3,12,1,16,0,3,50,6,59,0,6,62,7,75,26,0,26,101
10/19/2010,SLE,OR,ANM,WE,Federal Contract Tower,0,2,24,7,33,0,2,67,12,81,0,4,91,19,114,68,4,72,186
10/20/2010,SLE,OR,ANM,WE,Federal Contract Tower,0,7,10,6,23,0,2,62,12,76,0,9,72,18,99,8,2,10,109
10/21/2010,SLE,OR,ANM,WE,Federal Contract Tower,0,3,19,2,24,0,1,38,8,47,0,4,57,10,71,56,6,62,133
10/22/2010,SLE,OR,ANM,WE,Federal Contract Tower,0,5,25,0,30,0,3,39,2,44,0,8,64,2,74,38,4,42,116
10/23/2010,SLE,OR,ANM,WE,Federal Contract Tower,0,3,13,0,16,0,1,31,0,32,0,4,44,0,48,14,0,14,62
10/24/2010,SLE,OR,ANM,WE,Federal Contract Tower,0,0,5,0,5,0,0,5,0,5,0,0,10,0,10,0,0,0,10
10/25/2010,SLE,OR,ANM,WE,Federal Contract Tower,0,6,6,0,12,0,0,3,0,3,0,6,9,0,15,6,0,6,21
10/26/2010,SLE,OR,ANM,WE,Federal Contract Tower,0,3,4,2,9,0,2,11,1,14,0,5,15,3,23,0,0,0,23
10/27/2010,SLE,OR,ANM,WE,Federal Contract Tower,0,2,10,1,13,0,2,52,7,61,0,4,62,8,74,60,6,66,140
10/28/2010,SLE,OR,ANM,WE,Federal Contract Tower,0,2,7,2,11,0,0,6,2,8,0,2,13,4,19,14,0,14,33
10/29/2010,SLE,OR,ANM,WE,Federal Contract Tower,0,4,19,3,26,0,1,43,11,55,0,5,62,14,81,74,10,84,165
10/30/2010,SLE,OR,ANM,WE,Federal Contract Tower,0,2,8,0,10,0,0,5,0,5,0,2,13,0,15,0,0,0,15
10/31/2010,SLE,OR,ANM,WE,Federal Contract Tower,0,4,6,0,10,0,1,34,0,35,0,5,40,0,45,48,0,48,93
11/01/2010,SLE,OR,ANM,WE,Federal Contract Tower,0,3,12,0,15,0,1,6,1,8,0,4,18,1,23,6,0,6,29
11/02/2010,SLE,OR,ANM,WE,Federal Contract Tower,0,5,14,2,21,0,3,13,4,20,0,8,27,6,41,24,12,36,77
11/03/2010,SLE,OR,ANM,WE,Federal Contract Tower,0,1,31,0,32,0,4,121,9,134,0,5,152,9,166,100,0,100,266
11/04/2010,SLE,OR,ANM,WE,Federal Contract Tower,0,2,16,4,22,0,3,71,5,79,0,5,87,9,101,38,0,38,139
11/05/2010,SLE,OR,ANM,WE,Federal Contract Tower,0,4,27,15,46,0,0,0,0,0,0,4,27,15,46,0,0,0,46
11/06/2010,SLE,OR,ANM,WE,Federal Contract Tower,0,1,23,3,27,0,1,18,11,30,0,2,41,14,57,6,8,14,71
11/07/2010,SLE,OR,ANM,WE,Federal Contract Tower,0,0,25,2,27,0,0,36,4,40,0,0,61,6,67,52,8,60,127
11/08/2010,SLE,OR,ANM,WE,Federal Contract Tower,0,2,14,1,17,0,3,26,2,31,0,5,40,3,48,30,10,40,88
11/09/2010,SLE,OR,ANM,WE,Federal Contract Tower,0,4,21,2,27,0,0,4,2,6,0,4,25,4,33,0,0,0,33
11/10/2010,SLE,OR,ANM,WE,Federal Contract Tower,0,2,16,6,24,0,0,8,0,8,0,2,24,6,32,14,0,14,46
11/11/2010,SLE,OR,ANM,WE,Federal Contract Tower,0,4,19,0,23,0,2,28,0,30,0,6,47,0,53,22,0,22,75
11/12/2010,SLE,OR,ANM,WE,Federal Contract Tower,0,2,16,2,20,0,3,32,0,35,0,5,48,2,55,24,0,24,79
11/13/2010,SLE,OR,ANM,WE,Federal Contract Tower,0,4,16,0,20,0,0,0,0,0,0,4,16,0,20,0,0,0,20
11/14/2010,SLE,OR,ANM,WE,Federal Contract Tower,0,0,22,0,22,0,0,4,0,4,0,0,26,0,26,8,0,8,34
11/15/2010,SLE,OR,ANM,WE,Federal Contract Tower,0,3,19,0,22,0,1,22,2,25,0,4,41,2,47,8,2,10,57
11/16/2010,SLE,OR,ANM,WE,Federal Contract Tower,0,11,13,7,31,0,1,37,13,51,0,12,50,20,82,18,0,18,100
11/17/2010,SLE,OR,ANM,WE,Federal Contract Tower,0,4,18,6,28,0,0,5,1,6,0,4,23,7,34,2,0,2,36
11/18/2010,SLE,OR,ANM,WE,Federal Contract Tower,0,3,11,0,14,0,1,16,12,29,0,4,27,12,43,4,16,20,63
11/19/2010,SLE,OR,ANM,WE,Federal Contract Tower,0,8,11,0,19,0,1,15,7,23,0,9,26,7,42,8,2,10,52
11/20/2010,SLE,OR,ANM,WE,Federal Contract Tower,0,1,13,0,14,0,3,55,0,58,0,4,68,0,72,12,0,12,84
11/21/2010,SLE,OR,ANM,WE,Federal Contract Tower,0,0,2,0,2,0,2,10,0,12,0,2,12,0,14,20,0,20,34
11/22/2010,SLE,OR,ANM,WE,Federal Contract Tower,0,7,11,2,20,0,0,3,2,5,0,7,14,4,25,0,0,0,25
11/23/2010,SLE,OR,ANM,WE,Federal Contract Tower,0,4,15,0,19,0,1,36,10,47,0,5,51,10,66,24,0,24,90
11/24/2010,SLE,OR,ANM,WE,Federal Contract Tower,0,2,21,2,25,0,2,39,2,43,0,4,60,4,68,10,0,10,78
11/25/2010,SLE,OR,ANM,WE,Federal Contract Tower,0,0,3,0,3,0,0,20,0,20,0,0,23,0,23,52,0,52,75
11/26/2010,SLE,OR,ANM,WE,Federal Contract Tower,0,3,10,0,13,0,1,4,0,5,0,4,14,0,18,0,0,0,18
11/27/2010,SLE,OR,ANM,WE,Federal Contract Tower,0,2,16,0,18,0,0,10,0,10,0,2,26,0,28,58,0,58,86
11/28/2010,SLE,OR,ANM,WE,Federal Contract Tower,0,2,13,0,15,0,0,42,0,42,0,2,55,0,57,62,0,62,119
11/29/2010,SLE,OR,ANM,WE,Federal Contract Tower,0,2,13,8,23,0,2,61,2,65,0,4,74,10,88,70,0,70,158
11/30/2010,SLE,OR,ANM,WE,Federal Contract Tower,0,8,12,2,22,0,0,0,3,3,0,8,12,5,25,0,0,0,25
12/01/2010,SLE,OR,ANM,WE,Federal Contract Tower,0,4,5,4,13,0,0,0,0,0,0,4,5,4,13,0,0,0,13
12/02/2010,SLE,OR,ANM,WE,Federal Contract Tower,0,2,16,5,23,0,1,13,8,22,0,3,29,13,45,0,28,28,73
12/03/2010,SLE,OR,ANM,WE,Federal Contract Tower,0,3,19,3,25,0,1,39,4,44,0,4,58,7,69,12,0,12,81
12/04/2010,SLE,OR,ANM,WE,Federal Contract Tower,0,1,10,1,12,0,1,73,0,74,0,2,83,1,86,84,0,84,170
12/05/2010,SLE,OR,ANM,WE,Federal Contract Tower,0,0,14,2,16,0,0,72,0,72,0,0,86,2,88,72,0,72,160
12/06/2010,SLE,OR,ANM,WE,Federal Contract Tower,0,3,14,5,22,0,1,17,8,26,0,4,31,13,48,12,0,12,60
12/07/2010,SLE,OR,ANM,WE,Federal Contract Tower,0,5,4,10,19,0,0,5,11,16,0,5,9,21,35,2,4,6,41
12/08/2010,SLE,OR,ANM,WE,Federal Contract Tower,0,4,18,2,24,0,0,16,11,27,0,4,34,13,51,28,2,30,81
12/09/2010,SLE,OR,ANM,WE,Federal Contract Tower,0,1,10,3,14,0,0,4,2,6,0,1,14,5,20,0,4,4,24
12/10/2010,SLE,OR,ANM,WE,Federal Contract Tower,0,3,15,4,22,0,1,10,7,18,0,4,25,11,40,10,4,14,54
12/11/2010,SLE,OR,ANM,WE,Federal Contract Tower,0,2,0,0,2,0,0,0,0,0,0,2,0,0,2,0,0,0,2
12/12/2010,SLE,OR,ANM,WE,Federal Contract Tower,0,0,13,0,13,0,0,4,4,8,0,0,17,4,21,0,0,0,21
12/13/2010,SLE,OR,ANM,WE,Federal Contract Tower,0,3,15,2,20,0,1,7,7,15,0,4,22,9,35,0,22,22,57
12/14/2010,SLE,OR,ANM,WE,Federal Contract Tower,0,5,12,0,17,0,1,9,13,23,0,6,21,13,40,2,26,28,68
12/15/2010,SLE,OR,ANM,WE,Federal Contract Tower,0,3,13,7,23,0,1,26,8,35,0,4,39,15,58,0,16,16,74
12/16/2010,SLE,OR,ANM,WE,Federal Contract Tower,0,1,29,12,42,0,2,103,16,121,0,3,132,28,163,34,18,52,215
12/17/2010,SLE,OR,ANM,WE,Federal Contract Tower,0,4,7,0,11,0,0,21,0,21,0,4,28,0,32,26,0,26,58
12/18/2010,SLE,OR,ANM,WE,Federal Contract Tower,0,10,10,0,20,0,1,7,0,8,0,11,17,0,28,0,0,0,28
12/19/2010,SLE,OR,ANM,WE,Federal Contract Tower,0,0,13,0,13,0,0,32,0,32,0,0,45,0,45,6,0,6,51
12/20/2010,SLE,OR,ANM,WE,Federal Contract Tower,0,6,7,2,15,0,1,8,2,11,0,7,15,4,26,0,0,0,26
12/21/2010,SLE,OR,ANM,WE,Federal Contract Tower,0,3,13,2,18,0,3,41,8,52,0,6,54,10,70,20,6,26,96
12/22/2010,SLE,OR,ANM,WE,Federal Contract Tower,0,3,9,2,14,0,1,28,6,35,0,4,37,8,49,32,2,34,83
12/23/2010,SLE,OR,ANM,WE,Federal Contract Tower,0,3,7,2,12,0,1,53,0,54,0,4,60,2,66,22,0,22,88
12/24/2010,SLE,OR,ANM,WE,Federal Contract Tower,0,2,6,0,8,0,8,7,0,15,0,10,13,0,23,8,0,8,31
12/25/2010,SLE,OR,ANM,WE,Federal Contract Tower,0,0,1,0,1,0,0,8,0,8,0,0,9,0,9,4,0,4,13
12/26/2010,SLE,OR,ANM,WE,Federal Contract Tower,0,0,5,0,5,0,0,2,0,2,0,0,7,0,7,0,0,0,7
12/27/2010,SLE,OR,ANM,WE,Federal Contract Tower,0,3,13,0,16,0,1,4,0,5,0,4,17,0,21,2,0,2,23
12/28/2010,SLE,OR,ANM,WE,Federal Contract Tower,0,10,4,0,14,0,0,0,0,0,0,10,4,0,14,0,0,0,14
12/29/2010,SLE,OR,ANM,WE,Federal Contract Tower,0,6,6,2,14,0,0,7,0,7,0,6,13,2,21,12,0,12,33
12/30/2010,SLE,OR,ANM,WE,Federal Contract Tower,0,4,9,2,15,0,0,0,2,2,0,4,9,4,17,0,10,10,27
12/31/2010,SLE,OR,ANM,WE,Federal Contract Tower,0,2,8,0,10,0,0,62,0,62,0,2,70,0,72,120,0,120,192
01/01/2011,SLE,OR,ANM,WE,Federal Contract Tower,0,0,18,0,18,0,0,51,0,51,0,0,69,0,69,38,0,38,107
01/02/2011,SLE,OR,ANM,WE,Federal Contract Tower,0,0,15,0,15,0,0,71,0,71,0,0,86,0,86,42,0,42,128
01/03/2011,SLE,OR,ANM,WE,Federal Contract Tower,0,1,12,1,14,0,3,64,2,69,0,4,76,3,83,42,0,42,125
01/04/2011,SLE,OR,ANM,WE,Federal Contract Tower,0,4,14,6,24,0,0,13,3,16,0,4,27,9,40,2,8,10,50
01/05/2011,SLE,OR,ANM,WE,Federal Contract Tower,0,4,16,0,20,0,0,6,5,11,0,4,22,5,31,14,0,14,45
01/06/2011,SLE,OR,ANM,WE,Federal Contract Tower,0,2,23,2,27,0,3,41,6,50,0,5,64,8,77,30,6,36,113
01/07/2011,SLE,OR,ANM,WE,Federal Contract Tower,0,2,8,8,18,0,2,23,4,29,0,4,31,12,47,24,22,46,93
01/08/2011,SLE,OR,ANM,WE,Federal Contract Tower,0,2,10,4,16,0,1,0,0,1,0,3,10,4,17,4,0,4,21
01/09/2011,SLE,OR,ANM,WE,Federal Contract Tower,0,2,8,2,12,0,0,10,0,10,0,2,18,2,22,0,0,0,22
01/10/2011,SLE,OR,ANM,WE,Federal Contract Tower,0,2,11,2,15,0,5,33,0,38,0,7,44,2,53,6,10,16,69
01/11/2011,SLE,OR,ANM,WE,Federal Contract Tower,0,4,14,2,20,0,3,24,6,33,0,7,38,8,53,10,22,32,85
01/12/2011,SLE,OR,ANM,WE,Federal Contract Tower,0,3,4,1,8,0,1,0,9,10,0,4,4,10,18,0,2,2,20
01/13/2011,SLE,OR,ANM,WE,Federal Contract Tower,0,4,14,2,20,0,0,0,4,4,0,4,14,6,24,0,14,14,38
01/14/2011,SLE,OR,ANM,WE,Federal Contract Tower,0,4,15,2,21,0,0,14,0,14,0,4,29,2,35,32,6,38,73
01/15/2011,SLE,OR,ANM,WE,Federal Contract Tower,0,2,9,0,11,0,0,4,0,4,0,2,13,0,15,22,0,22,37
01/16/2011,SLE,OR,ANM,WE,Federal Contract Tower,0,0,5,1,6,0,0,1,1,2,0,0,6,2,8,0,0,0,8
01/17/2011,SLE,OR,ANM,WE,Federal Contract Tower,0,2,15,0,17,0,2,21,0,23,0,4,36,0,40,2,0,2,42
01/18/2011,SLE,OR,ANM,WE,Federal Contract Tower,0,8,8,1,17,0,0,0,0,0,0,8,8,1,17,0,0,0,17
01/19/2011,SLE,OR,ANM,WE,Federal Contract Tower,0,7,20,0,27,0,4,37,6,47,0,11,57,6,74,30,6,36,110
01/20/2011,SLE,OR,ANM,WE,Federal Contract Tower,0,11,17,2,30,0,1,4,0,5,0,12,21,2,35,22,0,22,57
01/21/2011,SLE,OR,ANM,WE,Federal Contract Tower,0,4,12,0,16,0,0,14,0,14,0,4,26,0,30,22,0,22,52
01/22/2011,SLE,OR,ANM,WE,Federal Contract Tower,0,4,22,0,26,0,4,96,1,101,0,8,118,1,127,58,0,58,185
01/23/2011,SLE,OR,ANM,WE,Federal Contract Tower,0,1,16,2,19,0,0,43,0,43,0,1,59,2,62,40,0,40,102
01/24/2011,SLE,OR,ANM,WE,Federal Contract Tower,0,16,14,1,31,0,2,31,9,42,0,18,45,10,73,28,2,30,103
01/25/2011,SLE,OR,ANM,WE,Federal Contract Tower,0,2,23,4,29,0,3,55,11,69,0,5,78,15,98,38,2,40,138
01/26/2011,SLE,OR,ANM,WE,Federal Contract Tower,0,8,14,3,25,0,0,0,0,0,0,8,14,3,25,0,0,0,25
01/27/2011,SLE,OR,ANM,WE,Federal Contract Tower,0,3,24,6,33,0,1,27,6,34,0,4,51,12,67,40,2,42,109
01/28/2011,SLE,OR,ANM,WE,Federal Contract Tower,0,3,23,1,27,0,1,25,7,33,0,4,48,8,60,14,8,22,82
01/29/2011,SLE,OR,ANM,WE,Federal Contract Tower,0,2,10,0,12,0,2,60,0,62,0,4,70,0,74,28,0,28,102
01/30/2011,SLE,OR,ANM,WE,Federal Contract Tower,0,0,13,0,13,0,1,90,0,91,0,1,103,0,104,42,0,42,146
01/31/2011,SLE,OR,ANM,WE,Federal Contract Tower,0,6,9,2,17,0,0,13,2,15,0,6,22,4,32,30,0,30,62
02/01/2011,SLE,OR,ANM,WE,Federal Contract Tower,0,5,15,0,20,0,2,53,5,60,0,7,68,5,80,70,0,70,150
02/02/2011,SLE,OR,ANM,WE,Federal Contract Tower,0,2,6,4,12,0,2,56,6,64,0,4,62,10,76,92,0,92,168
02/03/2011,SLE,OR,ANM,WE,Federal Contract Tower,0,2,15,2,19,0,2,52,8,62,0,4,67,10,81,48,6,54,135
02/04/2011,SLE,OR,ANM,WE,Federal Contract Tower,0,3,25,0,28,0,1,34,9,44,0,4,59,9,72,54,0,54,126
02/05/2011,SLE,OR,ANM,WE,Federal Contract Tower,0,2,13,5,20,0,0,24,13,37,0,2,37,18,57,0,6,6,63
02/06/2011,SLE,OR,ANM,WE,Federal Contract Tower,0,0,2,0,2,0,0,6,2,8,0,0,8,2,10,30,0,30,40
02/07/2011,SLE,OR,ANM,WE,Federal Contract Tower,0,1,7,2,10,0,1,26,3,30,0,2,33,5,40,0,4,4,44
02/08/2011,SLE,OR,ANM,WE,Federal Contract Tower,0,2,11,2,15,0,2,35,9,46,0,4,46,11,61,50,0,50,111
02/09/2011,SLE,OR,ANM,WE,Federal Contract Tower,0,2,25,1,28,0,2,53,2,57,0,4,78,3,85,42,10,52,137
02/10/2011,SLE,OR,ANM,WE,Federal Contract Tower,0,1,8,4,13,0,5,76,7,88,0,6,84,11,101,36,4,40,141
02/11/2011,SLE,OR,ANM,WE,Federal Contract Tower,0,3,10,2,15,0,3,37,2,42,0,6,47,4,57,30,2,32,89
02/12/2011,SLE,OR,ANM,WE,Federal Contract Tower,0,1,13,1,15,0,3,32,0,35,0,4,45,1,50,6,0,6,56
02/13/2011,SLE,OR,ANM,WE,Federal Contract Tower,0,2,7,0,9,0,0,0,0,0,0,2,7,0,9,0,0,0,9
02/14/2011,SLE,OR,ANM,WE,Federal Contract Tower,0,3,14,1,18,0,1,12,0,13,0,4,26,1,31,14,0,14,45
02/15/2011,SLE,OR,ANM,WE,Federal Contract Tower,0,6,7,0,13,0,1,0,0,1,0,7,7,0,14,0,0,0,14
02/16/2011,SLE,OR,ANM,WE,Federal Contract Tower,0,3,4,0,7,0,2,5,0,7,0,5,9,0,14,4,0,4,18
02/17/2011,SLE,OR,ANM,WE,Federal Contract Tower,0,3,12,1,16,0,1,47,2,50,0,4,59,3,66,24,0,24,90
02/18/2011,SLE,OR,ANM,WE,Federal Contract Tower,0,4,13,6,23,0,0,1,0,1,0,4,14,6,24,0,0,0,24
02/19/2011,SLE,OR,ANM,WE,Federal Contract Tower,0,1,12,1,14,0,1,105,0,106,0,2,117,1,120,52,0,52,172
02/20/2011,SLE,OR,ANM,WE,Federal Contract Tower,0,0,17,0,17,0,2,55,0,57,0,2,72,0,74,54,0,54,128
02/21/2011,SLE,OR,ANM,WE,Federal Contract Tower,0,2,12,0,14,0,1,95,2,98,0,3,107,2,112,44,0,44,156
02/22/2011,SLE,OR,ANM,WE,Federal Contract Tower,0,4,3,7,14,0,2,12,8,22,0,6,15,15,36,16,18,34,70
02/23/2011,SLE,OR,ANM,WE,Federal Contract Tower,0,4,9,4,17,0,0,2,0,2,0,4,11,4,19,0,4,4,23
02/24/2011,SLE,OR,ANM,WE,Federal Contract Tower,0,4,8,2,14,0,0,2,0,2,0,4,10,2,16,0,0,0,16
02/25/2011,SLE,OR,ANM,WE,Federal Contract Tower,0,2,21,3,26,0,2,42,4,48,0,4,63,7,74,26,0,26,100
02/26/2011,SLE,OR,ANM,WE,Federal Contract Tower,0,1,23,2,26,0,3,65,0,68,0,4,88,2,94,32,0,32,126
02/27/2011,SLE,OR,ANM,WE,Federal Contract Tower,0,0,7,0,7,0,0,4,0,4,0,0,11,0,11,12,0,12,23
02/28/2011,SLE,OR,ANM,WE,Federal Contract Tower,0,3,11,0,14,0,0,0,3,3,0,3,11,3,17,0,6,6,23
03/01/2011,SLE,OR,ANM,WE,Federal Contract Tower,0,5,7,2,14,0,0,4,4,8,0,5,11,6,22,10,0,10,32
03/02/2011,SLE,OR,ANM,WE,Federal Contract Tower,0,3,18,1,22,0,1,12,0,13,0,4,30,1,35,4,2,6,41
03/03/2011,SLE,OR,ANM,WE,Federal Contract Tower,0,2,11,6,19,0,0,11,12,23,0,2,22,18,42,10,0,10,52
03/04/2011,SLE,OR,ANM,WE,Federal Contract Tower,0,5,25,4,34,0,1,46,7,54,0,6,71,11,88,8,8,16,104
03/05/2011,SLE,OR,ANM,WE,Federal Contract Tower,0,1,7,4,12,0,1,45,13,59,0,2,52,17,71,30,22,52,123
03/06/2011,SLE,OR,ANM,WE,Federal Contract Tower,0,2,13,1,16,0,30,5,0,35,0,32,18,1,51,0,0,0,51
03/07/2011,SLE,OR,ANM,WE,Federal Contract Tower,0,4,18,1,23,0,2,41,6,49,0,6,59,7,72,32,0,32,104
03/08/2011,SLE,OR,ANM,WE,Federal Contract Tower,0,3,14,2,19,0,1,18,10,29,0,4,32,12,48,12,20,32,80
03/09/2011,SLE,OR,ANM,WE,Federal Contract Tower,0,6,5,2,13,0,0,7,5,12,0,6,12,7,25,14,10,24,49
03/10/2011,SLE,OR,ANM,WE,Federal Contract Tower,0,3,6,0,9,0,1,12,2,15,0,4,18,2,24,6,14,20,44
03/11/2011,SLE,OR,ANM,WE,Federal Contract Tower,0,3,21,0,24,0,2,51,2,55,0,5,72,2,79,22,0,22,101
03/12/2011,SLE,OR,ANM,WE,Federal Contract Tower,0,3,4,2,9,0,0,12,0,12,0,3,16,2,21,30,0,30,51
03/13/2011,SLE,OR,ANM,WE,Federal Contract Tower,1,6,0,0,7,0,0,1,0,1,1,6,1,0,8,0,0,0,8
03/14/2011,SLE,OR,ANM,WE,Federal Contract Tower,0,9,6,0,15,0,1,15,0,16,0,10,21,0,31,24,0,24,55
03/15/2011,SLE,OR,ANM,WE,Federal Contract Tower,0,6,11,0,17,0,0,6,2,8,0,6,17,2,25,6,0,6,31
03/16/2011,SLE,OR,ANM,WE,Federal Contract Tower,0,3,16,4,23,0,2,3,0,5,0,5,19,4,28,6,4,10,38
03/17/2011,SLE,OR,ANM,WE,Federal Contract Tower,0,2,22,1,25,0,3,22,1,26,0,5,44,2,51,10,12,22,73
03/18/2011,SLE,OR,ANM,WE,Federal Contract Tower,0,9,11,0,20,0,3,19,2,24,0,12,30,2,44,8,2,10,54
03/19/2011,SLE,OR,ANM,WE,Federal Contract Tower,0,2,12,0,14,0,3,45,0,48,0,5,57,0,62,38,0,38,100
03/20/2011,SLE,OR,ANM,WE,Federal Contract Tower,0,0,6,0,6,0,0,27,0,27,0,0,33,0,33,36,0,36,69
03/21/2011,SLE,OR,ANM,WE,Federal Contract Tower,0,1,5,0,6,0,3,14,5,22,0,4,19,5,28,36,6,42,70
03/22/2011,SLE,OR,ANM,WE,Federal Contract Tower,0,2,22,8,32,0,3,40,23,66,0,5,62,31,98,8,6,14,112
03/23/2011,SLE,OR,ANM,WE,Federal Contract Tower,0,4,3,6,13,0,2,79,8,89,0,6,82,14,102,64,20,84,186
03/24/2011,SLE,OR,ANM,WE,Federal Contract Tower,0,2,22,3,27,0,5,16,7,28,0,7,38,10,55,40,8,48,103
03/25/2011,SLE,OR,ANM,WE,Federal Contract Tower,0,5,7,2,14,0,3,11,0,14,0,8,18,2,28,4,0,4,32
03/26/2011,SLE,OR,ANM,WE,Federal Contract Tower,0,1,4,0,5,0,4,33,0,37,0,5,37,0,42,10,0,10,52
03/27/2011,SLE,OR,ANM,WE,Federal Contract Tower,0,0,8,0,8,0,0,6,0,6,0,0,14,0,14,0,0,0,14
03/28/2011,SLE,OR,ANM,WE,Federal Contract Tower,0,3,5,0,8,0,3,48,0,51,0,6,53,0,59,20,0,20,79
03/29/2011,SLE,OR,ANM,WE,Federal Contract Tower,0,4,13,3,20,2,0,3,0,5,2,4,16,3,25,0,0,0,25
03/30/2011,SLE,OR,ANM,WE,Federal Contract Tower,0,3,14,0,17,0,1,18,0,19,0,4,32,0,36,2,0,2,38
03/31/2011,SLE,OR,ANM,WE,Federal Contract Tower,0,0,10,3,13,0,4,52,10,66,0,4,62,13,79,34,0,34,113
04/01/2011,SLE,OR,ANM,WE,Federal Contract Tower,0,1,13,6,20,0,3,36,2,41,0,4,49,8,61,36,2,38,99
04/02/2011,SLE,OR,ANM,WE,Federal Contract Tower,0,1,3,1,5,0,1,53,22,76,0,2,56,23,81,42,10,52,133
04/03/2011,SLE,OR,ANM,WE,Federal Contract Tower,0,0,9,0,9,0,0,82,3,85,0,0,91,3,94,84,0,84,178
04/04/2011,SLE,OR,ANM,WE,Federal Contract Tower,0,4,7,2,13,0,2,16,4,22,0,6,23,6,35,16,0,16,51
04/05/2011,SLE,OR,ANM,WE,Federal Contract Tower,0,4,8,3,15,0,2,31,11,44,0,6,39,14,59,28,14,42,101
04/06/2011,SLE,OR,ANM,WE,Federal Contract Tower,0,3,8,3,14,0,1,8,15,24,0,4,16,18,38,2,44,46,84
04/07/2011,SLE,OR,ANM,WE,Federal Contract Tower,0,4,14,1,19,0,3,30,3,36,0,7,44,4,55,14,0,14,69
04/08/2011,SLE,OR,ANM,WE,Federal Contract Tower,0,2,13,2,17,0,2,110,5,117,0,4,123,7,134,60,0,60,194
04/09/2011,SLE,OR,ANM,WE,Federal Contract Tower,0,2,25,0,27,0,0,67,0,67,0,2,92,0,94,66,0,66,160
04/10/2011,SLE,OR,ANM,WE,Federal Contract Tower,0,2,11,0,13,0,0,15,0,15,0,2,26,0,28,6,0,6,34
04/11/2011,SLE,OR,ANM,WE,Federal Contract Tower,0,5,17,2,24,0,2,30,6,38,0,7,47,8,62,12,0,12,74
04/12/2011,SLE,OR,ANM,WE,Federal Contract Tower,0,2,10,4,16,0,0,77,2,79,0,2,87,6,95,64,0,64,159
04/13/2011,SLE,OR,ANM,WE,Federal Contract Tower,0,2,3,9,14,0,2,5,1,8,0,4,8,10,22,4,2,6,28
04/14/2011,SLE,OR,ANM,WE,Federal Contract Tower,0,2,8,1,11,0,2,6,5,13,0,4,14,6,24,0,0,0,24
04/15/2011,SLE,OR,ANM,WE,Federal Contract Tower,0,4,13,0,17,0,0,0,0,0,0,4,13,0,17,0,0,0,17
04/16/2011,SLE,OR,ANM,WE,Federal Contract Tower,0,3,8,1,12,0,0,31,0,31,0,3,39,1,43,56,0,56,99
04/17/2011,SLE,OR,ANM,WE,Federal Contract Tower,0,0,14,0,14,0,6,89,0,95,0,6,103,0,109,42,0,42,151
04/18/2011,SLE,OR,ANM,WE,Federal Contract Tower,0,3,5,1,9,0,1,66,6,73,0,4,71,7,82,12,0,12,94
04/19/2011,SLE,OR,ANM,WE,Federal Contract Tower,0,3,14,1,18,0,6,67,7,80,0,9,81,8,98,26,14,40,138
04/20/2011,SLE,OR,ANM,WE,Federal Contract Tower,0,2,24,3,29,0,0,0,0,0,0,2,24,3,29,32,2,34,63
04/21/2011,SLE,OR,ANM,WE,Federal Contract Tower,0,2,12,5,19,0,7,33,7,47,0,9,45,12,66,14,4,18,84
04/22/2011,SLE,OR,ANM,WE,Federal Contract Tower,0,4,22,4,30,0,5,95,5,105,0,9,117,9,135,74,0,74,209
04/23/2011,SLE,OR,ANM,WE,Federal Contract Tower,0,3,23,0,26,0,1,106,0,107,0,4,129,0,133,70,0,70,203
04/24/2011,SLE,OR,ANM,WE,Federal Contract Tower,0,1,1,0,2,0,4,13,0,17,0,5,14,0,19,8,0,8,27
04/25/2011,SLE,OR,ANM,WE,Federal Contract Tower,0,9,4,0,13,0,3,4,0,7,0,12,8,0,20,6,0,6,26
04/26/2011,SLE,OR,ANM,WE,Federal Contract Tower,0,8,1,1,10,0,2,19,12,33,0,10,20,13,43,16,12,28,71
04/27/2011,SLE,OR,ANM,WE,Federal Contract Tower,0,5,22,11,38,0,4,40,6,50,0,9,62,17,88,34,12,46,134
04/28/2011,SLE,OR,ANM,WE,Federal Contract Tower,0,9,13,0,22,0,1,7,8,16,0,10,20,8,38,6,2,8,46
04/29/2011,SLE,OR,ANM,WE,Federal Contract Tower,0,13,24,0,37,0,5,35,0,40,0,18,59,0,77,4,0,4,81
04/30/2011,SLE,OR,ANM,WE,Federal Contract Tower,0,3,10,0,13,0,9,81,0,90,0,12,91,0,103,80,0,80,183
05/01/2011,SLE,OR,ANM,WE,Federal Contract Tower,0,0,25,0,25,0,3,128,0,131,0,3,153,0,156,40,0,40,196
05/02/2011,SLE,OR,ANM,WE,Federal Contract Tower,0,6,8,1,15,0,2,15,3,20,0,8,23,4,35,4,0,4,39
05/03/2011,SLE,OR,ANM,WE,Federal Contract Tower,0,6,16,7,29,0,3,55,8,66,0,9,71,15,95,40,0,40,135
05/04/2011,SLE,OR,ANM,WE,Federal Contract Tower,0,4,13,3,20,0,3,103,13,119,0,7,116,16,139,66,2,68,207
05/05/2011,SLE,OR,ANM,WE,Federal Contract Tower,0,8,17,0,25,0,1,45,5,51,0,9,62,5,76,46,0,46,122
05/06/2011,SLE,OR,ANM,WE,Federal Contract Tower,0,4,26,3,33,0,1,30,4,35,0,5,56,7,68,24,2,26,94
05/07/2011,SLE,OR,ANM,WE,Federal Contract Tower,0,1,12,0,13,0,3,14,2,19,0,4,26,2,32,6,0,6,38
05/08/2011,SLE,OR,ANM,WE,Federal Contract Tower,0,1,12,0,13,0,3,19,0,22,0,4,31,0,35,14,0,14,49
05/09/2011,SLE,OR,ANM,WE,Federal Contract Tower,0,6,21,0,27,0,6,46,4,56,0,12,67,4,83,20,6,26,109
05/10/2011,SLE,OR,ANM,WE,Federal Contract Tower,0,8,30,2,40,0,3,67,5,75,0,11,97,7,115,32,2,34,149
05/11/2011,SLE,OR,ANM,WE,Federal Contract Tower,0,12,10,3,25,0,2,19,5,26,0,14,29,8,51,6,6,12,63
05/12/2011,SLE,OR,ANM,WE,Federal Contract Tower,0,7,12,5,24,0,5,50,5,60,0,12,62,10,84,40,8,48,132
05/13/2011,SLE,OR,ANM,WE,Federal Contract Tower,0,8,23,4,35,0,5,76,2,83,0,13,99,6,118,52,2,54,172
05/14/2011,SLE,OR,ANM,WE,Federal Contract Tower,0,2,24,2,28,0,7,52,31,90,0,9,76,33,118,12,2,14,132
05/15/2011,SLE,OR,ANM,WE,Federal Contract Tower,0,1,7,5,13,0,3,5,3,11,0,4,12,8,24,10,0,10,34
05/16/2011,SLE,OR,ANM,WE,Federal Contract Tower,0,5,14,2,21,0,4,31,4,39,0,9,45,6,60,37,8,45,105
05/17/2011,SLE,OR,ANM,WE,Federal Contract Tower,0,9,14,3,26,0,2,44,11,57,0,11,58,14,83,30,0,30,113
05/18/2011,SLE,OR,ANM,WE,Federal Contract Tower,0,4,20,1,25,0,9,69,8,86,0,13,89,9,111,32,5,37,148
05/19/2011,SLE,OR,ANM,WE,Federal Contract Tower,0,8,20,2,30,0,12,116,15,143,0,20,136,17,173,32,4,36,209
05/20/2011,SLE,OR,ANM,WE,Federal Contract Tower,0,8,26,5,39,0,8,79,7,94,0,16,105,12,133,38,0,38,171
05/21/2011,SLE,OR,ANM,WE,Federal Contract Tower,0,1,19,0,20,0,2,73,0,75,0,3,92,0,95,10,0,10,105
05/22/2011,SLE,OR,ANM,WE,Federal Contract Tower,0,2,8,0,10,0,0,28,0,28,0,2,36,0,38,0,0,0,38
05/23/2011,SLE,OR,ANM,WE,Federal Contract Tower,0,6,25,2,33,0,6,42,0,48,0,12,67,2,81,28,0,28,109
05/24/2011,SLE,OR,ANM,WE,Federal Contract Tower,0,4,22,4,30,0,12,65,2,79,0,16,87,6,109,40,0,40,149
05/25/2011,SLE,OR,ANM,WE,Federal Contract Tower,0,8,27,0,35,0,2,8,0,10,0,10,35,0,45,8,0,8,53
05/26/2011,SLE,OR,ANM,WE,Federal Contract Tower,0,8,11,0,19,0,2,18,4,24,0,10,29,4,43,44,4,48,91
05/27/2011,SLE,OR,ANM,WE,Federal Contract Tower,0,13,8,0,21,0,5,10,0,15,0,18,18,0,36,10,0,10,46
05/28/2011,SLE,OR,ANM,WE,Federal Contract Tower,0,9,8,0,17,0,1,31,0,32,0,10,39,0,49,6,0,6,55
05/29/2011,SLE,OR,ANM,WE,Federal Contract Tower,0,0,15,0,15,0,1,34,0,35,0,1,49,0,50,0,0,0,50
05/30/2011,SLE,OR,ANM,WE,Federal Contract Tower,0,2,15,0,17,0,6,45,2,53,0,8,60,2,70,26,0,26,96
05/31/2011,SLE,OR,ANM,WE,Federal Contract Tower,0,13,10,0,23,0,5,10,2,17,0,18,20,2,40,28,0,28,68
06/01/2011,SLE,OR,ANM,WE,Federal Contract Tower,0,7,16,0,23,0,5,21,8,34,0,12,37,8,57,34,6,40,97
06/02/2011,SLE,OR,ANM,WE,Federal Contract Tower,0,6,9,11,26,0,2,28,7,37,0,8,37,18,63,16,0,16,79
06/03/2011,SLE,OR,ANM,WE,Federal Contract Tower,0,8,11,0,19,0,0,0,0,0,0,8,11,0,19,18,0,18,37
06/04/2011,SLE,OR,ANM,WE,Federal Contract Tower,0,5,15,7,27,0,1,101,5,107,0,6,116,12,134,50,0,50,184
06/05/2011,SLE,OR,ANM,WE,Federal Contract Tower,0,3,14,0,17,0,3,68,2,73,0,6,82,2,90,56,0,56,146
06/06/2011,SLE,OR,ANM,WE,Federal Contract Tower,0,6,14,2,22,0,1,32,6,39,0,7,46,8,61,31,6,37,98
06/07/2011,SLE,OR,ANM,WE,Federal Contract Tower,0,7,25,2,34,0,2,38,1,41,0,9,63,3,75,14,0,14,89
06/08/2011,SLE,OR,ANM,WE,Federal Contract Tower,0,7,37,6,50,0,11,39,14,64,0,18,76,20,114,45,13,58,172
06/09/2011,SLE,OR,ANM,WE,Federal Contract Tower,0,10,29,10,49,0,0,0,0,0,0,10,29,10,49,62,18,80,129
06/10/2011,SLE,OR,ANM,WE,Federal Contract Tower,0,5,19,7,31,0,3,31,3,37,0,8,50,10,68,12,0,12,80
06/11/2011,SLE,OR,ANM,WE,Federal Contract Tower,0,2,8,1,11,0,2,71,2,75,0,4,79,3,86,40,1,41,127
06/12/2011,SLE,OR,ANM,WE,Federal Contract Tower,0,1,18,0,19,0,3,39,3,45,0,4,57,3,64,26,0,26,90
06/13/2011,SLE,OR,ANM,WE,Federal Contract Tower,0,6,12,4,22,0,4,20,10,34,0,10,32,14,56,12,0,12,68
06/14/2011,SLE,OR,ANM,WE,Federal Contract Tower,0,6,10,5,21,0,8,56,9,73,0,14,66,14,94,20,0,20,114
06/15/2011,SLE,OR,ANM,WE,Federal Contract Tower,0,7,17,13,37,0,4,42,6,52,0,11,59,19,89,32,0,32,121
06/16/2011,SLE,OR,ANM,WE,Federal Contract Tower,0,4,13,2,19,0,6,69,9,84,0,10,82,11,103,14,0,14,117
06/17/2011,SLE,OR,ANM,WE,Federal Contract Tower,0,5,25,1,31,1,8,72,6,87,1,13,97,7,118,26,0,26,144
06/18/2011,SLE,OR,ANM,WE,Federal Contract Tower,0,2,16,0,18,0,0,11,0,11,0,2,27,0,29,0,0,0,29
06/19/2011,SLE,OR,ANM,WE,Federal Contract Tower,0,0,27,0,27,0,6,49,4,59,0,6,76,4,86,24,0,24,110
06/20/2011,SLE,OR,ANM,WE,Federal Contract Tower,0,4,7,1,12,0,4,45,7,56,0,8,52,8,68,46,0,46,114
06/21/2011,SLE,OR,ANM,WE,Federal Contract Tower,0,6,16,4,26,0,8,91,5,104,0,14,107,9,130,46,4,50,180
06/22/2011,SLE,OR,ANM,WE,Federal Contract Tower,0,7,23,0,30,0,1,32,11,44,0,8,55,11,74,39,6,45,119
06/23/2011,SLE,OR,ANM,WE,Federal Contract Tower,0,4,31,4,39,0,8,44,9,61,0,12,75,13,100,30,0,30,130
06/24/2011,SLE,OR,ANM,WE,Federal Contract Tower,0,6,21,2,29,0,5,50,7,62,0,11,71,9,91,30,1,31,122
06/25/2011,SLE,OR,ANM,WE,Federal Contract Tower,0,0,6,0,6,0,3,62,2,67,0,3,68,2,73,28,0,28,101
06/26/2011,SLE,OR,ANM,WE,Federal Contract Tower,0,0,11,0,11,0,2,73,0,75,0,2,84,0,86,10,0,10,96
06/27/2011,SLE,OR,ANM,WE,Federal Contract Tower,0,5,7,2,14,0,8,66,3,77,0,13,73,5,91,32,2,34,125
06/28/2011,SLE,OR,ANM,WE,Federal Contract Tower,0,12,15,3,30,0,1,9,4,14,0,13,24,7,44,8,0,8,52
06/29/2011,SLE,OR,ANM,WE,Federal Contract Tower,0,6,17,1,24,0,5,29,9,43,0,11,46,10,67,2,0,2,69
06/30/2011,SLE,OR,ANM,WE,Federal Contract Tower,0,5,18,1,24,0,4,55,3,62,0,9,73,4,86,58,1,59,145
07/01/2011,SLE,OR,ANM,WE,Federal Contract Tower,0,3,7,1,11,0,7,78,4,89,0,10,85,5,100,28,0,28,128
07/02/2011,SLE,OR,ANM,WE,Federal Contract Tower,0,0,10,0,10,0,2,77,0,79,0,2,87,0,89,32,0,32,121
07/03/2011,SLE,OR,ANM,WE,Federal Contract Tower,0,0,15,0,15,0,2,35,0,37,0,2,50,0,52,16,0,16,68
07/04/2011,SLE,OR,ANM,WE,Federal Contract Tower,0,0,7,0,7,0,2,50,0,52,0,2,57,0,59,32,0,32,91
07/05/2011,SLE,OR,ANM,WE,Federal Contract Tower,0,4,16,2,22,0,4,61,3,68,0,8,77,5,90,18,0,18,108
07/06/2011,SLE,OR,ANM,WE,Federal Contract Tower,0,5,2,4,11,0,9,54,12,75,0,14,56,16,86,21,2,23,109
07/07/2011,SLE,OR,ANM,WE,Federal Contract Tower,0,3,25,3,31,0,3,46,8,57,0,6,71,11,88,22,0,22,110
07/08/2011,SLE,OR,ANM,WE,Federal Contract Tower,0,5,7,0,12,0,5,56,2,63,0,10,63,2,75,14,0,14,89
07/09/2011,SLE,OR,ANM,WE,Federal Contract Tower,0,5,8,0,13,0,5,70,2,77,0,10,78,2,90,50,0,50,140
07/10/2011,SLE,OR,ANM,WE,Federal Contract Tower,0,1,1,0,2,0,0,0,0,0,0,1,1,0,2,12,0,12,14
07/11/2011,SLE,OR,ANM,WE,Federal Contract Tower,0,6,32,3,41,1,5,49,6,61,1,11,81,9,102,80,2,82,184
07/12/2011,SLE,OR,ANM,WE,Federal Contract Tower,0,3,11,3,17,0,1,10,3,14,0,4,21,6,31,18,0,18,49
07/13/2011,SLE,OR,ANM,WE,Federal Contract Tower,0,10,12,1,23,0,8,31,9,48,0,18,43,10,71,14,10,24,95
07/14/2011,SLE,OR,ANM,WE,Federal Contract Tower,0,6,18,2,26,0,9,56,2,67,0,15,74,4,93,24,0,24,117
07/15/2011,SLE,OR,ANM,WE,Federal Contract Tower,0,3,15,1,19,0,8,84,4,96,0,11,99,5,115,52,0,52,167
07/16/2011,SLE,OR,ANM,WE,Federal Contract Tower,0,6,19,2,27,0,2,17,0,19,0,8,36,2,46,0,0,0,46
07/17/2011,SLE,OR,ANM,WE,Federal Contract Tower,0,2,15,1,18,0,0,1,0,1,0,2,16,1,19,0,0,0,19
07/18/2011,SLE,OR,ANM,WE,Federal Contract Tower,0,9,24,1,34,0,5,55,4,64,0,14,79,5,98,36,0,36,134
07/19/2011,SLE,OR,ANM,WE,Federal Contract Tower,0,6,18,0,24,0,4,34,6,44,0,10,52,6,68,10,0,10,78
07/20/2011,SLE,OR,ANM,WE,Federal Contract Tower,0,5,23,3,31,0,1,55,7,63,0,6,78,10,94,24,4,28,122
07/21/2011,SLE,OR,ANM,WE,Federal Contract Tower,0,3,20,2,25,0,1,28,4,33,0,4,48,6,58,10,0,10,68
07/22/2011,SLE,OR,ANM,WE,Federal Contract Tower,0,2,19,2,23,0,6,91,11,108,0,8,110,13,131,36,0,36,167
07/23/2011,SLE,OR,ANM,WE,Federal Contract Tower,0,0,6,0,6,0,8,82,0,90,0,8,88,0,96,90,0,90,186
07/24/2011,SLE,OR,ANM,WE,Federal Contract Tower,0,0,13,0,13,0,2,63,1,66,0,2,76,1,79,12,0,12,91
07/25/2011,SLE,OR,ANM,WE,Federal Contract Tower,0,3,20,1,24,0,1,44,7,52,0,4,64,8,76,48,0,48,124
07/26/2011,SLE,OR,ANM,WE,Federal Contract Tower,0,3,14,0,17,0,1,48,9,58,0,4,62,9,75,34,0,34,109
07/27/2011,SLE,OR,ANM,WE,Federal Contract Tower,0,7,15,4,26,0,1,34,5,40,0,8,49,9,66,32,4,36,102
07/28/2011,SLE,OR,ANM,WE,Federal Contract Tower,0,4,11,1,16,0,2,54,10,66,0,6,65,11,82,28,6,34,116
07/29/2011,SLE,OR,ANM,WE,Federal Contract Tower,0,7,14,3,24,0,1,74,3,78,0,8,88,6,102,34,0,34,136
07/30/2011,SLE,OR,ANM,WE,Federal Contract Tower,0,2,13,5,20,0,0,79,0,79,0,2,92,5,99,38,0,38,137
07/31/2011,SLE,OR,ANM,WE,Federal Contract Tower,0,0,6,0,6,0,0,53,1,54,0,0,59,1,60,14,0,14,74
08/01/2011,SLE,OR,ANM,WE,Federal Contract Tower,0,2,5,6,13,0,7,45,9,61,0,9,50,15,74,26,0,26,100
08/02/2011,SLE,OR,ANM,WE,Federal Contract Tower,0,6,5,2,13,0,4,47,16,67,0,10,52,18,80,28,0,28,108
08/03/2011,SLE,OR,ANM,WE,Federal Contract Tower,0,4,18,2,24,0,0,59,11,70,0,4,77,13,94,26,12,38,132
08/04/2011,SLE,OR,ANM,WE,Federal Contract Tower,0,4,9,6,19,0,1,51,6,58,0,5,60,12,77,62,6,68,145
08/05/2011,SLE,OR,ANM,WE,Federal Contract Tower,0,4,21,6,31,0,2,41,6,49,0,6,62,12,80,12,4,16,96
08/06/2011,SLE,OR,ANM,WE,Federal Contract Tower,0,1,13,4,18,0,1,145,11,157,0,2,158,15,175,24,30,54,229
08/07/2011,SLE,OR,ANM,WE,Federal Contract Tower,0,0,9,5,14,0,0,75,16,91,0,0,84,21,105,38,0,38,143
08/08/2011,SLE,OR,ANM,WE,Federal Contract Tower,0,3,12,5,20,0,2,31,5,38,0,5,43,10,58,34,2,36,94
08/09/2011,SLE,OR,ANM,WE,Federal Contract Tower,0,4,21,3,28,0,1,73,11,85,0,5,94,14,113,16,4,20,133
08/10/2011,SLE,OR,ANM,WE,Federal Contract Tower,0,2,16,5,23,0,4,74,12,90,0,6,90,17,113,38,14,52,165
08/11/2011,SLE,OR,ANM,WE,Federal Contract Tower,0,2,30,2,34,0,3,56,12,71,0,5,86,14,105,40,0,40,145
08/12/2011,SLE,OR,ANM,WE,Federal Contract Tower,0,2,13,1,16,0,3,71,3,77,0,5,84,4,93,2,0,2,95
08/13/2011,SLE,OR,ANM,WE,Federal Contract Tower,0,0,9,4,13,0,5,17,0,22,0,5,26,4,35,0,0,0,35
08/14/2011,SLE,OR,ANM,WE,Federal Contract Tower,0,0,8,0,8,0,1,81,0,82,0,1,89,0,90,15,0,15,105
08/15/2011,SLE,OR,ANM,WE,Federal Contract Tower,0,4,17,2,23,0,2,33,8,43,0,6,50,10,66,26,0,26,92
08/16/2011,SLE,OR,ANM,WE,Federal Contract Tower,0,2,4,85,91,0,1,62,5,68,0,3,66,90,159,18,2,20,179
08/17/2011,SLE,OR,ANM,WE,Federal Contract Tower,0,3,12,1,16,0,3,50,5,58,0,6,62,6,74,24,2,26,100
08/18/2011,SLE,OR,ANM,WE,Federal Contract Tower,0,1,13,2,16,0,3,109,15,127,0,4,122,17,143,20,6,26,169
08/19/2011,SLE,OR,ANM,WE,Federal Contract Tower,0,1,11,1,13,0,4,87,3,94,0,5,98,4,107,28,0,28,135
08/20/2011,SLE,OR,ANM,WE,Federal Contract Tower,0,2,3,0,5,0,4,69,0,73,0,6,72,0,78,20,0,20,98
08/21/2011,SLE,OR,ANM,WE,Federal Contract Tower,0,0,14,0,14,0,2,58,1,61,0,2,72,1,75,10,0,10,85
08/22/2011,SLE,OR,ANM,WE,Federal Contract Tower,0,8,9,4,21,0,0,31,3,34,0,8,40,7,55,30,0,30,85
08/23/2011,SLE,OR,ANM,WE,Federal Contract Tower,0,1,14,1,16,0,3,45,5,53,0,4,59,6,69,20,2,22,91
08/24/2011,SLE,OR,ANM,WE,Federal Contract Tower,0,2,13,5,20,0,2,69,8,79,0,4,82,13,99,33,0,33,132
08/25/2011,SLE,OR,ANM,WE,Federal Contract Tower,0,4,11,0,15,0,4,76,10,90,0,8,87,10,105,18,0,18,123
08/26/2011,SLE,OR,ANM,WE,Federal Contract Tower,0,1,12,0,13,0,9,87,1,97,0,10,99,1,110,30,0,30,140
08/27/2011,SLE,OR,ANM,WE,Federal Contract Tower,0,1,3,0,4,0,2,96,0,98,0,3,99,0,102,26,0,26,128
08/28/2011,SLE,OR,ANM,WE,Federal Contract Tower,0,3,8,0,11,0,2,63,2,67,0,5,71,2,78,4,0,4,82
08/29/2011,SLE,OR,ANM,WE,Federal Contract Tower,0,2,16,2,20,0,3,27,8,38,0,5,43,10,58,72,0,72,130
08/30/2011,SLE,OR,ANM,WE,Federal Contract Tower,0,2,30,2,34,0,4,36,15,55,0,6,66,17,89,42,8,50,139
08/31/2011,SLE,OR,ANM,WE,Federal Contract Tower,0,2,11,1,14,0,3,43,7,53,0,5,54,8,67,50,0,50,117
09/01/2011,SLE,OR,ANM,WE,Federal Contract Tower,0,1,11,3,15,0,4,59,5,68,0,5,70,8,83,22,20,42,125
09/02/2011,SLE,OR,ANM,WE,Federal Contract Tower,0,1,12,2,15,0,3,61,6,70,0,4,73,8,85,35,0,35,120
09/03/2011,SLE,OR,ANM,WE,Federal Contract Tower,0,1,15,0,16,0,1,57,2,60,0,2,72,2,76,28,0,28,104
09/04/2011,SLE,OR,ANM,WE,Federal Contract Tower,0,0,6,0,6,0,0,56,0,56,0,0,62,0,62,8,0,8,70
09/05/2011,SLE,OR,ANM,WE,Federal Contract Tower,0,3,10,0,13,0,1,54,0,55,0,4,64,0,68,62,0,62,130
09/06/2011,SLE,OR,ANM,WE,Federal Contract Tower,0,1,8,0,9,0,5,40,4,49,0,6,48,4,58,25,0,25,83
09/07/2011,SLE,OR,ANM,WE,Federal Contract Tower,0,14,13,1,28,0,0,54,1,55,0,14,67,2,83,40,7,47,130
09/08/2011,SLE,OR,ANM,WE,Federal Contract Tower,0,5,11,2,18,0,4,72,4,80,0,9,83,6,98,36,18,54,152
09/09/2011,SLE,OR,ANM,WE,Federal Contract Tower,0,4,15,2,21,0,4,51,7,62,0,8,66,9,83,18,0,18,101
09/10/2011,SLE,OR,ANM,WE,Federal Contract Tower,0,1,2,1,4,0,2,35,13,50,0,3,37,14,54,30,0,30,84
09/11/2011,SLE,OR,ANM,WE,Federal Contract Tower,0,0,8,3,11,0,1,58,9,68,0,1,66,12,79,18,12,30,109
09/12/2011,SLE,OR,ANM,WE,Federal Contract Tower,0,4,7,1,12,0,4,36,5,45,0,8,43,6,57,6,0,6,63
09/13/2011,SLE,OR,ANM,WE,Federal Contract Tower,0,4,15,4,23,0,6,17,0,23,0,10,32,4,46,26,0,26,72
09/14/2011,SLE,OR,ANM,WE,Federal Contract Tower,0,3,22,2,27,0,1,44,0,45,0,4,66,2,72,32,0,32,104
09/15/2011,SLE,OR,ANM,WE,Federal Contract Tower,0,2,14,4,20,0,2,43,2,47,0,4,57,6,67,0,0,0,67
09/16/2011,SLE,OR,ANM,WE,Federal Contract Tower,0,5,8,4,17,0,1,50,3,54,0,6,58,7,71,8,0,8,79
09/17/2011,SLE,OR,ANM,WE,Federal Contract Tower,0,2,8,3,13,0,0,35,0,35,0,2,43,3,48,4,0,4,52
09/18/2011,SLE,OR,ANM,WE,Federal Contract Tower,0,0,9,0,9,0,2,25,0,27,0,2,34,0,36,22,0,22,58
09/19/2011,SLE,OR,ANM,WE,Federal Contract Tower,0,2,20,2,24,0,3,38,8,49,0,5,58,10,73,16,10,26,99
09/20/2011,SLE,OR,ANM,WE,Federal Contract Tower,0,4,17,0,21,0,6,73,7,86,0,10,90,7,107,14,1,15,122
09/21/2011,SLE,OR,ANM,WE,Federal Contract Tower,0,2,6,1,9,0,1,60,6,67,0,3,66,7,76,26,0,26,102
09/22/2011,SLE,OR,ANM,WE,Federal Contract Tower,0,2,13,0,15,0,7,68,5,80,0,9,81,5,95,76,6,82,177
09/23/2011,SLE,OR,ANM,WE,Federal Contract Tower,0,2,11,0,13,0,2,71,0,73,0,4,82,0,86,18,0,18,104
09/24/2011,SLE,OR,ANM,WE,Federal Contract Tower,0,3,4,0,7,0,3,58,3,64,0,6,62,3,71,34,0,34,105
09/25/2011,SLE,OR,ANM,WE,Federal Contract Tower,0,2,8,0,10,0,0,10,2,12,0,2,18,2,22,10,0,10,32
09/26/2011,SLE,OR,ANM,WE,Federal Contract Tower,0,2,5,0,7,0,2,7,1,10,0,4,12,1,17,0,0,0,17
09/27/2011,SLE,OR,ANM,WE,Federal Contract Tower,0,2,22,3,27,0,2,14,2,18,0,4,36,5,45,20,14,34,79
09/28/2011,SLE,OR,ANM,WE,Federal Contract Tower,0,5,16,6,27,0,1,46,10,57,0,6,62,16,84,20,2,22,106
09/29/2011,SLE,OR,ANM,WE,Federal Contract Tower,0,2,12,3,17,0,4,102,2,108,0,6,114,5,125,79,4,83,208
09/30/2011,SLE,OR,ANM,WE,Federal Contract Tower,0,2,12,0,14,0,2,66,1,69,0,4,78,1,83,46,0,46,129
10/01/2011,SLE,OR,ANM,WE,Federal Contract Tower,0,2,2,4,8,0,1,46,0,47,0,3,48,4,55,20,0,20,75
10/02/2011,SLE,OR,ANM,WE,Federal Contract Tower,1,9,0,0,10,0,1,13,0,14,1,10,13,0,24,16,0,16,40
10/03/2011,SLE,OR,ANM,WE,Federal Contract Tower,0,3,13,0,16,0,4,15,8,27,0,7,28,8,43,18,0,18,61
10/04/2011,SLE,OR,ANM,WE,Federal Contract Tower,0,0,16,7,23,0,2,9,5,16,0,2,25,12,39,16,26,42,81
10/05/2011,SLE,OR,ANM,WE,Federal Contract Tower,0,2,4,3,9,0,2,26,2,30,0,4,30,5,39,30,0,30,69
10/06/2011,SLE,OR,ANM,WE,Federal Contract Tower,0,1,14,6,21,0,3,32,4,39,0,4,46,10,60,28,14,42,102
10/07/2011,SLE,OR,ANM,WE,Federal Contract Tower,0,4,17,0,21,0,0,7,0,7,0,4,24,0,28,0,0,0,28
10/08/2011,SLE,OR,ANM,WE,Federal Contract Tower,0,4,4,0,8,0,4,76,0,80,0,8,80,0,88,44,0,44,132
10/09/2011,SLE,OR,ANM,WE,Federal Contract Tower,0,4,6,0,10,0,0,6,0,6,0,4,12,0,16,22,0,22,38
10/10/2011,SLE,OR,ANM,WE,Federal Contract Tower,0,4,20,0,24,0,2,0,0,2,0,6,20,0,26,0,0,0,26
10/11/2011,SLE,OR,ANM,WE,Federal Contract Tower,0,1,6,2,9,0,4,18,8,30,0,5,24,10,39,0,12,12,51
10/12/2011,SLE,OR,ANM,WE,Federal Contract Tower,0,3,14,0,17,0,1,49,2,52,0,4,63,2,69,26,0,26,95
10/13/2011,SLE,OR,ANM,WE,Federal Contract Tower,0,6,21,1,28,0,0,25,1,26,0,6,46,2,54,20,0,20,74
10/14/2011,SLE,OR,ANM,WE,Federal Contract Tower,0,5,10,4,19,0,1,39,14,54,0,6,49,18,73,20,32,52,125
10/15/2011,SLE,OR,ANM,WE,Federal Contract Tower,0,3,11,2,16,0,0,7,0,7,0,3,18,2,23,18,0,18,41
10/16/2011,SLE,OR,ANM,WE,Federal Contract Tower,0,1,23,2,26,0,0,31,0,31,0,1,54,2,57,52,0,52,109
10/17/2011,SLE,OR,ANM,WE,Federal Contract Tower,0,2,7,0,9,0,3,64,4,71,0,5,71,4,80,48,0,48,128
10/18/2011,SLE,OR,ANM,WE,Federal Contract Tower,0,1,14,0,15,0,3,67,18,88,0,4,81,18,103,42,32,74,177
10/19/2011,SLE,OR,ANM,WE,Federal Contract Tower,0,2,15,1,18,0,3,16,9,28,0,5,31,10,46,8,16,24,70
10/20/2011,SLE,OR,ANM,WE,Federal Contract Tower,0,1,12,5,18,0,3,53,10,66,0,4,65,15,84,52,14,66,150
10/21/2011,SLE,OR,ANM,WE,Federal Contract Tower,0,2,23,4,29,0,2,33,2,37,0,4,56,6,66,0,0,0,66
10/22/2011,SLE,OR,ANM,WE,Federal Contract Tower,0,2,8,0,10,0,0,41,0,41,0,2,49,0,51,36,0,36,87
10/23/2011,SLE,OR,ANM,WE,Federal Contract Tower,0,0,11,0,11,0,0,38,0,38,0,0,49,0,49,24,0,24,73
10/24/2011,SLE,OR,ANM,WE,Federal Contract Tower,0,3,11,0,14,0,1,63,2,66,0,4,74,2,80,34,1,35,115
10/25/2011,SLE,OR,ANM,WE,Federal Contract Tower,0,1,28,2,31,0,3,36,4,43,0,4,64,6,74,16,0,16,90
10/26/2011,SLE,OR,ANM,WE,Federal Contract Tower,0,1,7,2,10,0,2,62,9,73,0,3,69,11,83,45,0,45,128
10/27/2011,SLE,OR,ANM,WE,Federal Contract Tower,0,3,17,4,24,0,4,65,9,78,0,7,82,13,102,40,0,40,142
10/28/2011,SLE,OR,ANM,WE,Federal Contract Tower,0,2,19,0,21,0,2,38,7,47,0,4,57,7,68,16,0,16,84
10/29/2011,SLE,OR,ANM,WE,Federal Contract Tower,0,2,1,0,3,0,0,22,0,22,0,2,23,0,25,40,0,40,65
10/30/2011,SLE,OR,ANM,WE,Federal Contract Tower,0,0,15,0,15,0,0,9,0,9,0,0,24,0,24,12,0,12,36
10/31/2011,SLE,OR,ANM,WE,Federal Contract Tower,0,1,19,1,21,0,4,50,3,57,0,5,69,4,78,16,0,16,94
11/01/2011,SLE,OR,ANM,WE,Federal Contract Tower,0,1,20,2,23,0,3,28,10,41,0,4,48,12,64,28,26,54,118
11/02/2011,SLE,OR,ANM,WE,Federal Contract Tower,0,2,16,2,20,0,3,33,5,41,0,5,49,7,61,4,32,36,97
11/03/2011,SLE,OR,ANM,WE,Federal Contract Tower,0,2,14,3,19,0,2,16,13,31,0,4,30,16,50,12,54,66,116
11/04/2011,SLE,OR,ANM,WE,Federal Contract Tower,0,2,8,2,12,0,3,24,8,35,0,5,32,10,47,4,0,4,51
11/05/2011,SLE,OR,ANM,WE,Federal Contract Tower,0,2,5,3,10,0,0,11,20,31,0,2,16,23,41,38,18,56,97
11/06/2011,SLE,OR,ANM,WE,Federal Contract Tower,0,0,7,0,7,0,0,42,8,50,0,0,49,8,57,20,2,22,79
11/07/2011,SLE,OR,ANM,WE,Federal Contract Tower,0,3,18,4,25,0,1,15,1,17,0,4,33,5,42,14,8,22,64
11/08/2011,SLE,OR,ANM,WE,Federal Contract Tower,0,3,25,1,29,0,1,37,3,41,0,4,62,4,70,40,0,40,110
11/09/2011,SLE,OR,ANM,WE,Federal Contract Tower,0,4,14,3,21,0,1,29,3,33,0,5,43,6,54,40,0,40,94
11/10/2011,SLE,OR,ANM,WE,Federal Contract Tower,0,4,20,8,32,0,0,63,3,66,0,4,83,11,98,32,0,32,130
11/11/2011,SLE,OR,ANM,WE,Federal Contract Tower,0,3,6,0,9,0,3,15,2,20,0,6,21,2,29,34,0,34,63
11/12/2011,SLE,OR,ANM,WE,Federal Contract Tower,0,2,6,0,8,0,2,15,0,17,0,4,21,0,25,23,0,23,48
11/13/2011,SLE,OR,ANM,WE,Federal Contract Tower,0,0,8,0,8,0,0,24,0,24,0,0,32,0,32,12,0,12,44
11/14/2011,SLE,OR,ANM,WE,Federal Contract Tower,0,3,11,0,14,0,1,12,2,15,0,4,23,2,29,0,0,0,29
11/15/2011,SLE,OR,ANM,WE,Federal Contract Tower,0,3,24,1,28,0,0,32,7,39,0,3,56,8,67,0,8,8,75
11/16/2011,SLE,OR,ANM,WE,Federal Contract Tower,0,6,9,4,19,0,0,4,0,4,0,6,13,4,23,0,0,0,23
11/17/2011,SLE,OR,ANM,WE,Federal Contract Tower,0,5,9,1,15,0,1,9,10,20,0,6,18,11,35,4,18,22,57
11/18/2011,SLE,OR,ANM,WE,Federal Contract Tower,0,4,8,0,12,0,0,12,0,12,0,4,20,0,24,24,7,31,55
11/19/2011,SLE,OR,ANM,WE,Federal Contract Tower,0,2,8,0,10,0,0,21,0,21,0,2,29,0,31,52,0,52,83
11/20/2011,SLE,OR,ANM,WE,Federal Contract Tower,0,0,18,0,18,0,0,14,0,14,0,0,32,0,32,47,0,47,79
11/21/2011,SLE,OR,ANM,WE,Federal Contract Tower,0,3,10,2,15,0,1,3,2,6,0,4,13,4,21,0,4,4,25
11/22/2011,SLE,OR,ANM,WE,Federal Contract Tower,0,3,12,0,15,0,2,0,0,2,0,5,12,0,17,0,0,0,17
11/23/2011,SLE,OR,ANM,WE,Federal Contract Tower,0,4,25,4,33,0,0,7,2,9,0,4,32,6,42,18,0,18,60
11/24/2011,SLE,OR,ANM,WE,Federal Contract Tower,0,0,2,0,2,0,0,2,0,2,0,0,4,0,4,2,0,2,6
11/25/2011,SLE,OR,ANM,WE,Federal Contract Tower,0,1,11,0,12,0,4,80,6,90,0,5,91,6,102,66,0,66,168
11/26/2011,SLE,OR,ANM,WE,Federal Contract Tower,0,3,10,0,13,0,0,49,0,49,0,3,59,0,62,34,0,34,96
11/27/2011,SLE,OR,ANM,WE,Federal Contract Tower,0,0,13,0,13,0,0,9,0,9,0,0,22,0,22,2,0,2,24
11/28/2011,SLE,OR,ANM,WE,Federal Contract Tower,0,8,21,3,32,0,4,24,1,29,0,12,45,4,61,20,0,20,81
11/29/2011,SLE,OR,ANM,WE,Federal Contract Tower,0,3,15,1,19,0,1,9,0,10,0,4,24,1,29,6,0,6,35
11/30/2011,SLE,OR,ANM,WE,Federal Contract Tower,0,3,16,9,28,0,1,57,12,70,0,4,73,21,98,52,3,55,153
12/01/2011,SLE,OR,ANM,WE,Federal Contract Tower,0,2,28,7,37,0,2,77,10,89,0,4,105,17,126,16,10,26,152
12/02/2011,SLE,OR,ANM,WE,Federal Contract Tower,0,1,18,2,21,0,3,52,4,59,0,4,70,6,80,34,0,34,114
12/03/2011,SLE,OR,ANM,WE,Federal Contract Tower,0,2,11,0,13,0,2,49,2,53,0,4,60,2,66,48,0,48,114
12/04/2011,SLE,OR,ANM,WE,Federal Contract Tower,0,2,25,0,27,0,0,4,0,4,0,2,29,0,31,0,0,0,31
12/05/2011,SLE,OR,ANM,WE,Federal Contract Tower,0,1,12,0,13,0,4,27,0,31,0,5,39,0,44,40,0,40,84
12/06/2011,SLE,OR,ANM,WE,Federal Contract Tower,0,2,5,2,9,0,0,0,0,0,0,2,5,2,9,0,0,0,9
12/07/2011,SLE,OR,ANM,WE,Federal Contract Tower,0,4,9,3,16,0,0,1,1,2,0,4,10,4,18,0,0,0,18
12/08/2011,SLE,OR,ANM,WE,Federal Contract Tower,2,6,17,5,30,0,0,45,9,54,2,6,62,14,84,20,0,20,104
12/09/2011,SLE,OR,ANM,WE,Federal Contract Tower,0,4,11,5,20,0,0,16,1,17,0,4,27,6,37,12,0,12,49
12/10/2011,SLE,OR,ANM,WE,Federal Contract Tower,0,6,8,0,14,0,0,0,0,0,0,6,8,0,14,0,0,0,14
12/11/2011,SLE,OR,ANM,WE,Federal Contract Tower,0,0,13,0,13,0,0,1,0,1,0,0,14,0,14,0,0,0,14
12/12/2011,SLE,OR,ANM,WE,Federal Contract Tower,0,5,42,2,49,0,3,64,3,70,0,8,106,5,119,28,10,38,157
12/13/2011,SLE,OR,ANM,WE,Federal Contract Tower,0,7,11,4,22,0,2,50,19,71,0,9,61,23,93,46,22,68,161
12/14/2011,SLE,OR,ANM,WE,Federal Contract Tower,0,6,9,6,21,0,3,24,13,40,0,9,33,19,61,2,26,28,89
12/15/2011,SLE,OR,ANM,WE,Federal Contract Tower,0,9,14,5,28,0,0,1,6,7,0,9,15,11,35,0,22,22,57
12/16/2011,SLE,OR,ANM,WE,Federal Contract Tower,0,10,22,4,36,0,0,0,0,0,0,10,22,4,36,0,2,2,38
12/17/2011,SLE,OR,ANM,WE,Federal Contract Tower,0,4,5,0,9,0,0,0,0,0,0,4,5,0,9,0,0,0,9
12/18/2011,SLE,OR,ANM,WE,Federal Contract Tower,0,2,17,0,19,0,0,6,0,6,0,2,23,0,25,16,0,16,41
12/19/2011,SLE,OR,ANM,WE,Federal Contract Tower,0,7,9,2,18,0,0,4,0,4,0,7,13,2,22,0,0,0,22
12/20/2011,SLE,OR,ANM,WE,Federal Contract Tower,0,5,16,0,21,0,0,2,4,6,0,5,18,4,27,2,0,2,29
12/21/2011,SLE,OR,ANM,WE,Federal Contract Tower,0,4,5,2,11,0,0,2,0,2,0,4,7,2,13,0,0,0,13
12/22/2011,SLE,OR,ANM,WE,Federal Contract Tower,0,5,8,7,20,0,2,34,2,38,0,7,42,9,58,42,0,42,100
12/23/2011,SLE,OR,ANM,WE,Federal Contract Tower,0,5,27,0,32,0,5,62,0,67,0,10,89,0,99,48,0,48,147
12/24/2011,SLE,OR,ANM,WE,Federal Contract Tower,0,0,2,0,2,0,0,66,0,66,0,0,68,0,68,28,0,28,96
12/25/2011,SLE,OR,ANM,WE,Federal Contract Tower,0,0,1,0,1,0,0,0,0,0,0,0,1,0,1,0,0,0,1
12/26/2011,SLE,OR,ANM,WE,Federal Contract Tower,0,0,1,0,1,0,0,0,0,0,0,0,1,0,1,0,0,0,1
12/27/2011,SLE,OR,ANM,WE,Federal Contract Tower,0,2,4,0,6,0,2,10,0,12,0,4,14,0,18,16,0,16,34
12/28/2011,SLE,OR,ANM,WE,Federal Contract Tower,0,3,6,1,10,0,0,3,0,3,0,3,9,1,13,4,0,4,17
12/29/2011,SLE,OR,ANM,WE,Federal Contract Tower,0,4,11,2,17,0,0,14,0,14,0,4,25,2,31,10,0,10,41
12/30/2011,SLE,OR,ANM,WE,Federal Contract Tower,0,2,0,1,3,0,2,10,0,12,0,4,10,1,15,6,0,6,21
12/31/2011,SLE,OR,ANM,WE,Federal Contract Tower,0,0,8,0,8,0,0,4,0,4,0,0,12,0,12,52,0,52,64
01/01/2012,SLE,OR,ANM,WE,Federal Contract Tower,0,3,18,0,21,0,0,81,0,81,0,3,99,0,102,48,0,48,150
01/02/2012,SLE,OR,ANM,WE,Federal Contract Tower,0,0,6,0,6,0,0,15,0,15,0,0,21,0,21,16,0,16,37
01/03/2012,SLE,OR,ANM,WE,Federal Contract Tower,0,1,29,2,32,0,2,36,12,50,0,3,65,14,82,20,2,22,104
01/04/2012,SLE,OR,ANM,WE,Federal Contract Tower,0,2,2,3,7,0,4,28,3,35,0,6,30,6,42,24,2,26,68
01/05/2012,SLE,OR,ANM,WE,Federal Contract Tower,0,2,11,1,14,0,2,26,6,34,0,4,37,7,48,22,0,22,70
01/06/2012,SLE,OR,ANM,WE,Federal Contract Tower,0,4,6,2,12,0,0,0,0,0,0,4,6,2,12,0,0,0,12
01/07/2012,SLE,OR,ANM,WE,Federal Contract Tower,0,2,6,0,8,0,0,24,8,32,0,2,30,8,40,36,12,48,88
01/08/2012,SLE,OR,ANM,WE,Federal Contract Tower,0,0,9,0,9,0,0,0,0,0,0,0,9,0,9,0,0,0,9
01/09/2012,SLE,OR,ANM,WE,Federal Contract Tower,0,4,7,2,13,0,0,0,0,0,0,4,7,2,13,0,0,0,13
01/10/2012,SLE,OR,ANM,WE,Federal Contract Tower,0,1,23,5,29,0,1,52,15,68,0,2,75,20,97,36,8,44,141
01/11/2012,SLE,OR,ANM,WE,Federal Contract Tower,0,7,10,3,20,0,15,52,11,78,0,22,62,14,98,38,2,40,138
01/12/2012,SLE,OR,ANM,WE,Federal Contract Tower,0,3,20,5,28,0,1,55,14,70,0,4,75,19,98,32,32,64,162
01/13/2012,SLE,OR,ANM,WE,Federal Contract Tower,0,3,24,0,27,0,2,65,4,71,0,5,89,4,98,56,0,56,154
01/14/2012,SLE,OR,ANM,WE,Federal Contract Tower,0,2,10,0,12,0,0,19,0,19,0,2,29,0,31,4,0,4,35
01/15/2012,SLE,OR,ANM,WE,Federal Contract Tower,0,0,1,0,1,0,1,3,0,4,0,1,4,0,5,2,0,2,7
01/16/2012,SLE,OR,ANM,WE,Federal Contract Tower,0,3,5,1,9,0,1,1,0,2,0,4,6,1,11,0,0,0,11
01/17/2012,SLE,OR,ANM,WE,Federal Contract Tower,0,6,6,0,12,0,0,0,0,0,0,6,6,0,12,0,0,0,12
01/18/2012,SLE,OR,ANM,WE,Federal Contract Tower,0,4,4,0,8,0,0,3,0,3,0,4,7,0,11,0,0,0,11
01/19/2012,SLE,OR,ANM,WE,Federal Contract Tower,0,6,8,0,14,0,1,8,5,14,0,7,16,5,28,6,0,6,34
01/20/2012,SLE,OR,ANM,WE,Federal Contract Tower,0,2,5,0,7,0,2,17,5,24,0,4,22,5,31,6,4,10,41
01/21/2012,SLE,OR,ANM,WE,Federal Contract Tower,0,2,3,0,5,0,0,22,0,22,0,2,25,0,27,0,0,0,27
01/22/2012,SLE,OR,ANM,WE,Federal Contract Tower,0,0,2,0,2,0,0,3,2,5,0,0,5,2,7,0,0,0,7
01/23/2012,SLE,OR,ANM,WE,Federal Contract Tower,0,4,15,4,23,0,0,0,0,0,0,4,15,4,23,0,0,0,23
01/24/2012,SLE,OR,ANM,WE,Federal Contract Tower,0,4,3,0,7,0,0,1,0,1,0,4,4,0,8,0,12,12,20
01/25/2012,SLE,OR,ANM,WE,Federal Contract Tower,0,6,12,6,24,0,3,16,12,31,0,9,28,18,55,14,28,42,97
01/26/2012,SLE,OR,ANM,WE,Federal Contract Tower,0,1,5,7,13,0,3,33,13,49,0,4,38,20,62,6,8,14,76
01/27/2012,SLE,OR,ANM,WE,Federal Contract Tower,0,13,19,4,36,0,5,36,4,45,0,18,55,8,81,53,0,53,134
01/28/2012,SLE,OR,ANM,WE,Federal Contract Tower,0,1,11,0,12,0,2,93,0,95,0,3,104,0,107,34,0,34,141
01/29/2012,SLE,OR,ANM,WE,Federal Contract Tower,0,0,2,0,2,0,0,7,0,7,0,0,9,0,9,4,0,4,13
01/30/2012,SLE,OR,ANM,WE,Federal Contract Tower,0,2,7,0,9,0,3,31,5,39,0,5,38,5,48,16,10,26,74
01/31/2012,SLE,OR,ANM,WE,Federal Contract Tower,0,1,7,2,10,0,4,37,9,50,0,5,44,11,60,47,18,65,125
02/01/2012,SLE,OR,ANM,WE,Federal Contract Tower,0,4,10,2,16,0,2,35,11,48,0,6,45,13,64,11,4,15,79
02/02/2012,SLE,OR,ANM,WE,Federal Contract Tower,0,4,6,1,11,0,1,49,7,57,0,5,55,8,68,30,4,34,102
02/03/2012,SLE,OR,ANM,WE,Federal Contract Tower,0,3,20,7,30,0,2,62,7,71,0,5,82,14,101,6,0,6,107
02/04/2012,SLE,OR,ANM,WE,Federal Contract Tower,0,0,18,0,18,0,4,78,0,82,0,4,96,0,100,18,0,18,118
02/05/2012,SLE,OR,ANM,WE,Federal Contract Tower,0,0,8,0,8,0,2,86,0,88,0,2,94,0,96,2,0,2,98
02/06/2012,SLE,OR,ANM,WE,Federal Contract Tower,0,1,4,2,7,0,4,56,5,65,0,5,60,7,72,12,14,26,98
02/07/2012,SLE,OR,ANM,WE,Federal Contract Tower,0,2,5,4,11,0,2,23,19,44,0,4,28,23,55,8,0,8,63
02/08/2012,SLE,OR,ANM,WE,Federal Contract Tower,0,4,10,2,16,0,0,0,0,0,0,4,10,2,16,0,0,0,16
02/09/2012,SLE,OR,ANM,WE,Federal Contract Tower,0,8,16,10,34,0,0,0,0,0,0,8,16,10,34,0,0,0,34
02/10/2012,SLE,OR,ANM,WE,Federal Contract Tower,0,3,15,2,20,0,1,11,6,18,0,4,26,8,38,4,0,4,42
02/11/2012,SLE,OR,ANM,WE,Federal Contract Tower,0,0,6,4,10,0,2,72,7,81,0,2,78,11,91,38,2,40,131
02/12/2012,SLE,OR,ANM,WE,Federal Contract Tower,0,0,5,1,6,0,0,30,4,34,0,0,35,5,40,6,0,6,46
02/13/2012,SLE,OR,ANM,WE,Federal Contract Tower,0,2,9,4,15,0,2,10,2,14,0,4,19,6,29,18,0,18,47
02/14/2012,SLE,OR,ANM,WE,Federal Contract Tower,0,3,11,0,14,0,2,17,1,20,0,5,28,1,34,26,0,26,60
02/15/2012,SLE,OR,ANM,WE,Federal Contract Tower,0,2,5,0,7,0,4,37,3,44,0,6,42,3,51,10,0,10,61
02/16/2012,SLE,OR,ANM,WE,Federal Contract Tower,0,2,15,3,20,0,0,4,3,7,0,2,19,6,27,0,12,12,39
02/17/2012,SLE,OR,ANM,WE,Federal Contract Tower,0,3,14,0,17,0,0,11,9,20,0,3,25,9,37,0,2,2,39
02/18/2012,SLE,OR,ANM,WE,Federal Contract Tower,0,1,0,0,1,0,1,19,0,20,0,2,19,0,21,36,0,36,57
02/19/2012,SLE,OR,ANM,WE,Federal Contract Tower,0,0,21,0,21,0,1,38,1,40,0,1,59,1,61,6,0,6,67
02/20/2012,SLE,OR,ANM,WE,Federal Contract Tower,0,3,22,1,26,0,1,3,2,6,0,4,25,3,32,6,0,6,38
02/21/2012,SLE,OR,ANM,WE,Federal Contract Tower,0,3,17,5,25,0,1,19,4,24,0,4,36,9,49,30,8,38,87
02/22/2012,SLE,OR,ANM,WE,Federal Contract Tower,0,1,2,1,4,0,3,21,7,31,0,4,23,8,35,6,22,28,63
02/23/2012,SLE,OR,ANM,WE,Federal Contract Tower,0,2,15,4,21,0,7,76,7,90,0,9,91,11,111,32,6,38,149
02/24/2012,SLE,OR,ANM,WE,Federal Contract Tower,0,2,10,2,14,0,2,47,3,52,0,4,57,5,66,38,0,38,104
02/25/2012,SLE,OR,ANM,WE,Federal Contract Tower,0,1,2,1,4,0,1,0,0,1,0,2,2,1,5,0,0,0,5
02/26/2012,SLE,OR,ANM,WE,Federal Contract Tower,0,2,8,0,10,0,0,9,0,9,0,2,17,0,19,30,0,30,49
02/27/2012,SLE,OR,ANM,WE,Federal Contract Tower,0,1,16,1,18,0,1,57,5,63,0,2,73,6,81,50,0,50,131
02/28/2012,SLE,OR,ANM,WE,Federal Contract Tower,0,4,4,0,8,0,0,16,3,19,0,4,20,3,27,12,0,12,39
02/29/2012,SLE,OR,ANM,WE,Federal Contract Tower,0,4,5,1,10,0,0,1,0,1,0,4,6,1,11,0,0,0,11
03/01/2012,SLE,OR,ANM,WE,Federal Contract Tower,0,2,8,6,16,0,2,36,4,42,0,4,44,10,58,35,0,35,93
03/02/2012,SLE,OR,ANM,WE,Federal Contract Tower,0,4,9,2,15,0,2,12,1,15,0,6,21,3,30,12,2,14,44
03/03/2012,SLE,OR,ANM,WE,Federal Contract Tower,0,4,7,3,14,0,4,57,9,70,0,8,64,12,84,42,10,52,136
03/04/2012,SLE,OR,ANM,WE,Federal Contract Tower,0,1,22,0,23,0,5,49,3,57,0,6,71,3,80,40,0,40,120
03/05/2012,SLE,OR,ANM,WE,Federal Contract Tower,0,1,7,4,12,0,3,17,0,20,0,4,24,4,32,4,0,4,36
03/06/2012,SLE,OR,ANM,WE,Federal Contract Tower,0,7,17,5,29,0,0,41,16,57,0,7,58,21,86,4,12,16,102
03/07/2012,SLE,OR,ANM,WE,Federal Contract Tower,0,2,20,2,24,0,3,83,12,98,0,5,103,14,122,52,0,52,174
03/08/2012,SLE,OR,ANM,WE,Federal Contract Tower,0,2,26,3,31,0,4,82,9,95,0,6,108,12,126,32,8,40,166
03/09/2012,SLE,OR,ANM,WE,Federal Contract Tower,0,1,9,1,11,0,3,75,0,78,0,4,84,1,89,12,0,12,101
03/10/2012,SLE,OR,ANM,WE,Federal Contract Tower,0,2,7,0,9,0,0,15,0,15,0,2,22,0,24,2,0,2,26
03/11/2012,SLE,OR,ANM,WE,Federal Contract Tower,0,0,5,0,5,0,4,11,0,15,0,4,16,0,20,0,0,0,20
03/12/2012,SLE,OR,ANM,WE,Federal Contract Tower,0,4,6,0,10,0,0,0,0,0,0,4,6,0,10,0,0,0,10
03/13/2012,SLE,OR,ANM,WE,Federal Contract Tower,0,2,6,0,8,0,4,6,0,10,0,6,12,0,18,0,0,0,18
03/14/2012,SLE,OR,ANM,WE,Federal Contract Tower,0,5,7,2,14,0,0,8,1,9,0,5,15,3,23,10,0,10,33
03/15/2012,SLE,OR,ANM,WE,Federal Contract Tower,0,3,12,2,17,0,1,0,0,1,0,4,12,2,18,0,0,0,18
03/16/2012,SLE,OR,ANM,WE,Federal Contract Tower,0,3,2,5,10,0,4,27,12,43,0,7,29,17,53,12,0,12,65
03/17/2012,SLE,OR,ANM,WE,Federal Contract Tower,0,0,9,0,9,0,7,24,0,31,0,7,33,0,40,8,0,8,48
03/18/2012,SLE,OR,ANM,WE,Federal Contract Tower,0,0,6,0,6,0,2,20,0,22,0,2,26,0,28,20,0,20,48
03/19/2012,SLE,OR,ANM,WE,Federal Contract Tower,0,6,3,0,9,0,1,10,1,12,0,7,13,1,21,0,0,0,21
03/20/2012,SLE,OR,ANM,WE,Federal Contract Tower,0,5,5,4,14,0,0,9,9,18,0,5,14,13,32,0,28,28,60
03/21/2012,SLE,OR,ANM,WE,Federal Contract Tower,0,4,5,1,10,0,0,0,0,0,0,4,5,1,10,0,0,0,10
03/22/2012,SLE,OR,ANM,WE,Federal Contract Tower,0,3,16,8,27,0,2,23,14,39,0,5,39,22,66,0,33,33,99
03/23/2012,SLE,OR,ANM,WE,Federal Contract Tower,0,1,24,1,26,0,5,62,4,71,0,6,86,5,97,56,10,66,163
03/24/2012,SLE,OR,ANM,WE,Federal Contract Tower,0,0,23,0,23,0,3,65,0,68,0,3,88,0,91,30,0,30,121
03/25/2012,SLE,OR,ANM,WE,Federal Contract Tower,0,1,9,0,10,0,0,39,0,39,0,1,48,0,49,32,0,32,81
03/26/2012,SLE,OR,ANM,WE,Federal Contract Tower,0,2,4,0,6,0,2,42,3,47,0,4,46,3,53,32,3,35,88
03/27/2012,SLE,OR,ANM,WE,Federal Contract Tower,0,2,5,3,10,0,2,34,11,47,0,4,39,14,57,16,12,28,85
03/28/2012,SLE,OR,ANM,WE,Federal Contract Tower,0,2,0,5,7,0,2,16,5,23,0,4,16,10,30,6,0,6,36
03/29/2012,SLE,OR,ANM,WE,Federal Contract Tower,0,3,6,2,11,0,1,4,13,18,0,4,10,15,29,0,8,8,37
03/30/2012,SLE,OR,ANM,WE,Federal Contract Tower,0,4,9,6,19,0,1,14,9,24,0,5,23,15,43,0,28,28,71
03/31/2012,SLE,OR,ANM,WE,Federal Contract Tower,0,0,4,0,4,0,2,23,0,25,0,2,27,0,29,6,0,6,35
04/01/2012,SLE,OR,ANM,WE,Federal Contract Tower,0,0,4,0,4,0,2,20,0,22,0,2,24,0,26,12,0,12,38
04/02/2012,SLE,OR,ANM,WE,Federal Contract Tower,0,2,20,4,26,0,2,93,7,102,0,4,113,11,128,26,1,27,155
04/03/2012,SLE,OR,ANM,WE,Federal Contract Tower,0,0,6,6,12,0,1,11,10,22,0,1,17,16,34,4,2,6,40
04/04/2012,SLE,OR,ANM,WE,Federal Contract Tower,0,3,9,0,12,0,1,11,15,27,0,4,20,15,39,10,6,16,55
04/05/2012,SLE,OR,ANM,WE,Federal Contract Tower,0,3,6,1,10,0,1,25,10,36,0,4,31,11,46,20,6,26,72
04/06/2012,SLE,OR,ANM,WE,Federal Contract Tower,0,1,18,0,19,0,4,56,4,64,0,5,74,4,83,24,0,24,107
04/07/2012,SLE,OR,ANM,WE,Federal Contract Tower,0,1,19,0,20,0,3,101,0,104,0,4,120,0,124,46,0,46,170
04/08/2012,SLE,OR,ANM,WE,Federal Contract Tower,0,0,2,0,2,0,0,38,0,38,0,0,40,0,40,16,0,16,56
04/09/2012,SLE,OR,ANM,WE,Federal Contract Tower,0,0,9,1,10,0,4,52,1,57,0,4,61,2,67,22,0,22,89
04/10/2012,SLE,OR,ANM,WE,Federal Contract Tower,0,10,11,2,23,0,5,38,9,52,0,15,49,11,75,10,2,12,87
04/11/2012,SLE,OR,ANM,WE,Federal Contract Tower,0,3,9,2,14,0,1,13,5,19,0,4,22,7,33,20,0,20,53
04/12/2012,SLE,OR,ANM,WE,Federal Contract Tower,0,1,15,2,18,0,5,19,3,27,0,6,34,5,45,6,0,6,51
04/13/2012,SLE,OR,ANM,WE,Federal Contract Tower,0,2,18,0,20,0,4,27,10,41,0,6,45,10,61,0,0,0,61
04/14/2012,SLE,OR,ANM,WE,Federal Contract Tower,0,1,14,3,18,0,1,56,11,68,0,2,70,14,86,48,6,54,140
04/15/2012,SLE,OR,ANM,WE,Federal Contract Tower,0,0,4,0,4,0,2,56,2,60,0,2,60,2,64,10,0,10,74
04/16/2012,SLE,OR,ANM,WE,Federal Contract Tower,0,1,10,0,11,0,3,12,2,17,0,4,22,2,28,6,0,6,34
04/17/2012,SLE,OR,ANM,WE,Federal Contract Tower,0,2,17,5,24,0,3,34,8,45,0,5,51,13,69,18,0,18,87
04/18/2012,SLE,OR,ANM,WE,Federal Contract Tower,0,2,13,2,17,0,5,23,12,40,0,7,36,14,57,22,0,22,79
04/19/2012,SLE,OR,ANM,WE,Federal Contract Tower,0,3,13,0,16,0,1,1,0,2,0,4,14,0,18,0,0,0,18
04/20/2012,SLE,OR,ANM,WE,Federal Contract Tower,0,2,39,4,45,0,2,22,3,27,0,4,61,7,72,8,0,8,80
04/21/2012,SLE,OR,ANM,WE,Federal Contract Tower,0,2,14,4,20,0,3,56,0,59,0,5,70,4,79,38,0,38,117
04/22/2012,SLE,OR,ANM,WE,Federal Contract Tower,0,0,6,0,6,0,1,83,0,84,0,1,89,0,90,4,0,4,94
04/23/2012,SLE,OR,ANM,WE,Federal Contract Tower,0,1,3,1,5,0,4,54,6,64,0,5,57,7,69,52,0,52,121
04/24/2012,SLE,OR,ANM,WE,Federal Contract Tower,0,4,11,2,17,0,0,10,2,12,0,4,21,4,29,6,2,8,37
04/25/2012,SLE,OR,ANM,WE,Federal Contract Tower,0,3,6,0,9,0,1,24,4,29,0,4,30,4,38,24,4,28,66
04/26/2012,SLE,OR,ANM,WE,Federal Contract Tower,0,4,10,0,14,0,1,23,8,32,0,5,33,8,46,14,6,20,66
04/27/2012,SLE,OR,ANM,WE,Federal Contract Tower,0,2,17,1,20,0,2,35,3,40,0,4,52,4,60,40,0,40,100
04/28/2012,SLE,OR,ANM,WE,Federal Contract Tower,0,0,7,0,7,0,5,43,0,48,0,5,50,0,55,52,0,52,107
04/29/2012,SLE,OR,ANM,WE,Federal Contract Tower,0,0,5,0,5,0,0,78,0,78,0,0,83,0,83,24,0,24,107
04/30/2012,SLE,OR,ANM,WE,Federal Contract Tower,0,4,14,1,19,0,7,17,9,33,0,11,31,10,52,24,0,24,76
05/01/2012,SLE,OR,ANM,WE,Federal Contract Tower,0,4,14,3,21,0,8,19,13,40,0,12,33,16,61,8,2,10,71
05/02/2012,SLE,OR,ANM,WE,Federal Contract Tower,0,2,21,2,25,0,2,42,8,52,0,4,63,10,77,16,0,16,93
05/03/2012,SLE,OR,ANM,WE,Federal Contract Tower,0,4,13,2,19,0,0,5,4,9,0,4,18,6,28,0,0,0,28
05/04/2012,SLE,OR,ANM,WE,Federal Contract Tower,0,2,11,0,13,0,2,18,4,24,0,4,29,4,37,8,10,18,55
05/05/2012,SLE,OR,ANM,WE,Federal Contract Tower,0,0,16,1,17,0,6,71,17,94,0,6,87,18,111,42,6,48,159
05/06/2012,SLE,OR,ANM,WE,Federal Contract Tower,0,0,6,3,9,0,2,71,1,74,0,2,77,4,83,34,0,34,117
05/07/2012,SLE,OR,ANM,WE,Federal Contract Tower,0,0,9,1,10,0,4,64,3,71,0,4,73,4,81,28,0,28,109
05/08/2012,SLE,OR,ANM,WE,Federal Contract Tower,0,2,24,2,28,0,6,97,7,110,0,8,121,9,138,34,4,38,176
05/09/2012,SLE,OR,ANM,WE,Federal Contract Tower,0,2,5,7,14,0,2,50,2,54,0,4,55,9,68,30,8,38,106
05/10/2012,SLE,OR,ANM,WE,Federal Contract Tower,0,2,20,4,26,0,3,65,10,78,0,5,85,14,104,20,4,24,128
05/11/2012,SLE,OR,ANM,WE,Federal Contract Tower,0,2,16,0,18,0,3,92,4,99,0,5,108,4,117,12,0,12,129
05/12/2012,SLE,OR,ANM,WE,Federal Contract Tower,0,0,8,1,9,0,6,65,0,71,0,6,73,1,80,37,0,37,117
05/13/2012,SLE,OR,ANM,WE,Federal Contract Tower,0,0,8,0,8,0,0,54,0,54,0,0,62,0,62,4,0,4,66
05/14/2012,SLE,OR,ANM,WE,Federal Contract Tower,0,3,13,2,18,0,1,47,5,53,0,4,60,7,71,32,0,32,103
05/15/2012,SLE,OR,ANM,WE,Federal Contract Tower,0,2,19,6,27,0,8,66,8,82,0,10,85,14,109,21,14,35,144
05/16/2012,SLE,OR,ANM,WE,Federal Contract Tower,0,1,21,0,22,0,3,55,9,67,0,4,76,9,89,14,0,14,103
05/17/2012,SLE,OR,ANM,WE,Federal Contract Tower,0,1,9,7,17,0,3,45,30,78,0,4,54,37,95,44,0,44,139
05/18/2012,SLE,OR,ANM,WE,Federal Contract Tower,0,1,16,1,18,0,3,55,5,63,0,4,71,6,81,28,0,28,109
05/19/2012,SLE,OR,ANM,WE,Federal Contract Tower,0,0,29,0,29,0,4,69,3,76,0,4,98,3,105,48,0,48,153
05/20/2012,SLE,OR,ANM,WE,Federal Contract Tower,0,0,11,0,11,0,0,21,0,21,0,0,32,0,32,28,0,28,60
05/21/2012,SLE,OR,ANM,WE,Federal Contract Tower,0,4,12,0,16,0,0,8,2,10,0,4,20,2,26,0,0,0,26
05/22/2012,SLE,OR,ANM,WE,Federal Contract Tower,0,5,15,2,22,0,0,5,1,6,0,5,20,3,28,0,0,0,28
05/23/2012,SLE,OR,ANM,WE,Federal Contract Tower,0,2,38,3,43,0,3,23,3,29,0,5,61,6,72,3,0,3,75
05/24/2012,SLE,OR,ANM,WE,Federal Contract Tower,0,5,26,0,31,0,1,5,0,6,0,6,31,0,37,26,0,26,63
05/25/2012,SLE,OR,ANM,WE,Federal Contract Tower,0,6,12,0,18,0,4,48,0,52,0,10,60,0,70,18,0,18,88
05/26/2012,SLE,OR,ANM,WE,Federal Contract Tower,0,2,14,0,16,0,0,29,0,29,0,2,43,0,45,12,0,12,57
05/27/2012,SLE,OR,ANM,WE,Federal Contract Tower,0,1,3,0,4,0,0,22,0,22,0,1,25,0,26,10,0,10,36
05/28/2012,SLE,OR,ANM,WE,Federal Contract Tower,0,0,14,0,14,0,0,40,1,41,0,0,54,1,55,24,0,24,79
05/29/2012,SLE,OR,ANM,WE,Federal Contract Tower,0,1,20,2,23,0,1,86,5,92,0,2,106,7,115,40,0,40,155
05/30/2012,SLE,OR,ANM,WE,Federal Contract Tower,0,2,31,4,37,0,4,65,12,81,0,6,96,16,118,46,0,46,164
05/31/2012,SLE,OR,ANM,WE,Federal Contract Tower,0,4,6,6,16,0,3,46,6,55,0,7,52,12,71,28,6,34,105
06/01/2012,SLE,OR,ANM,WE,Federal Contract Tower,0,0,13,3,16,0,4,47,2,53,0,4,60,5,69,36,0,36,105
06/02/2012,SLE,OR,ANM,WE,Federal Contract Tower,0,0,14,3,17,0,1,26,1,28,0,1,40,4,45,4,0,4,49
06/03/2012,SLE,OR,ANM,WE,Federal Contract Tower,0,2,20,0,22,0,0,29,0,29,0,2,49,0,51,12,0,12,63
06/04/2012,SLE,OR,ANM,WE,Federal Contract Tower,0,4,19,1,24,0,0,0,0,0,0,4,19,1,24,0,0,0,24
06/05/2012,SLE,OR,ANM,WE,Federal Contract Tower,0,2,16,4,22,0,2,24,4,30,0,4,40,8,52,10,0,10,62
06/06/2012,SLE,OR,ANM,WE,Federal Contract Tower,0,0,11,2,13,0,4,57,4,65,0,4,68,6,78,20,0,20,98
06/07/2012,SLE,OR,ANM,WE,Federal Contract Tower,0,4,24,0,28,0,1,8,2,11,0,5,32,2,39,16,0,16,55
06/08/2012,SLE,OR,ANM,WE,Federal Contract Tower,0,3,11,0,14,0,1,14,1,16,0,4,25,1,30,12,20,32,62
06/09/2012,SLE,OR,ANM,WE,Federal Contract Tower,0,0,7,0,7,0,4,46,0,50,0,4,53,0,57,32,0,32,89
06/10/2012,SLE,OR,ANM,WE,Federal Contract Tower,0,0,12,0,12,0,0,0,0,0,0,0,12,0,12,88,0,88,100
06/11/2012,SLE,OR,ANM,WE,Federal Contract Tower,0,0,13,1,14,0,8,60,7,75,0,8,73,8,89,18,0,18,107
06/12/2012,SLE,OR,ANM,WE,Federal Contract Tower,0,3,32,7,42,0,3,13,2,18,0,6,45,9,60,28,0,28,88
06/13/2012,SLE,OR,ANM,WE,Federal Contract Tower,0,2,34,2,38,0,4,64,5,73,0,6,98,7,111,44,2,46,157
06/14/2012,SLE,OR,ANM,WE,Federal Contract Tower,0,0,17,2,19,0,4,73,3,80,0,4,90,5,99,36,0,36,135
06/15/2012,SLE,OR,ANM,WE,Federal Contract Tower,0,2,24,0,26,0,2,55,5,62,0,4,79,5,88,18,0,18,106
06/16/2012,SLE,OR,ANM,WE,Federal Contract Tower,0,0,17,0,17,0,4,58,3,65,0,4,75,3,82,42,0,42,124
06/17/2012,SLE,OR,ANM,WE,Federal Contract Tower,0,0,7,0,7,0,2,48,5,55,0,2,55,5,62,40,0,40,102
06/18/2012,SLE,OR,ANM,WE,Federal Contract Tower,0,2,24,1,27,0,2,20,10,32,0,4,44,11,59,20,6,26,85
06/19/2012,SLE,OR,ANM,WE,Federal Contract Tower,0,2,10,2,14,0,3,22,6,31,0,5,32,8,45,34,8,42,87
06/20/2012,SLE,OR,ANM,WE,Federal Contract Tower,0,4,19,0,23,0,5,62,16,83,0,9,81,16,106,17,0,17,123
06/21/2012,SLE,OR,ANM,WE,Federal Contract Tower,0,1,22,1,24,0,3,79,0,82,0,4,101,1,106,45,0,45,151
06/22/2012,SLE,OR,ANM,WE,Federal Contract Tower,0,2,12,4,18,0,0,24,10,34,0,2,36,14,52,18,0,18,70
06/23/2012,SLE,OR,ANM,WE,Federal Contract Tower,0,0,14,1,15,0,5,20,4,29,0,5,34,5,44,4,0,4,48
06/24/2012,SLE,OR,ANM,WE,Federal Contract Tower,0,0,15,3,18,0,0,29,3,32,0,0,44,6,50,40,0,40,90
06/25/2012,SLE,OR,ANM,WE,Federal Contract Tower,0,2,6,1,9,0,3,53,15,71,0,5,59,16,80,32,0,32,112
06/26/2012,SLE,OR,ANM,WE,Federal Contract Tower,0,1,18,4,23,0,3,10,11,24,0,4,28,15,47,32,12,44,91
06/27/2012,SLE,OR,ANM,WE,Federal Contract Tower,0,0,25,2,27,0,4,90,5,99,0,4,115,7,126,30,0,30,156
06/28/2012,SLE,OR,ANM,WE,Federal Contract Tower,0,0,10,4,14,0,4,61,10,75,0,4,71,14,89,56,6,62,151
06/29/2012,SLE,OR,ANM,WE,Federal Contract Tower,0,1,19,2,22,0,3,50,3,56,0,4,69,5,78,22,0,22,100
06/30/2012,SLE,OR,ANM,WE,Federal Contract Tower,0,1,25,0,26,0,1,31,0,32,0,2,56,0,58,19,0,19,77
07/01/2012,SLE,OR,ANM,WE,Federal Contract Tower,0,2,21,2,25,0,3,30,0,33,0,5,51,2,58,28,0,28,86
07/02/2012,SLE,OR,ANM,WE,Federal Contract Tower,0,2,10,0,12,0,3,69,7,79,0,5,79,7,91,35,4,39,130
07/03/2012,SLE,OR,ANM,WE,Federal Contract Tower,0,2,13,3,18,0,4,44,1,49,0,6,57,4,67,61,8,69,136
07/04/2012,SLE,OR,ANM,WE,Federal Contract Tower,0,0,3,0,3,0,0,57,0,57,0,0,60,0,60,32,0,32,92
07/05/2012,SLE,OR,ANM,WE,Federal Contract Tower,0,1,12,0,13,0,3,67,3,73,0,4,79,3,86,40,0,40,126
07/06/2012,SLE,OR,ANM,WE,Federal Contract Tower,0,2,11,0,13,0,4,99,3,106,0,6,110,3,119,26,4,30,149
07/07/2012,SLE,OR,ANM,WE,Federal Contract Tower,0,1,8,0,9,0,2,68,0,70,0,3,76,0,79,28,0,28,107
07/08/2012,SLE,OR,ANM,WE,Federal Contract Tower,0,0,6,1,7,0,6,85,0,91,0,6,91,1,98,25,0,25,123
07/09/2012,SLE,OR,ANM,WE,Federal Contract Tower,0,4,18,0,22,0,10,49,5,64,0,14,67,5,86,10,0,10,96
07/10/2012,SLE,OR,ANM,WE,Federal Contract Tower,0,0,21,8,29,0,8,50,6,64,0,8,71,14,93,14,0,14,107
07/11/2012,SLE,OR,ANM,WE,Federal Contract Tower,0,4,14,6,24,0,4,55,14,73,0,8,69,20,97,14,0,14,111
07/12/2012,SLE,OR,ANM,WE,Federal Contract Tower,0,4,28,3,35,0,4,75,13,92,0,8,103,16,127,31,0,31,158
07/13/2012,SLE,OR,ANM,WE,Federal Contract Tower,0,2,13,2,17,0,4,70,6,80,0,6,83,8,97,32,0,32,129
07/14/2012,SLE,OR,ANM,WE,Federal Contract Tower,0,0,9,4,13,0,3,78,0,81,0,3,87,4,94,48,0,48,142
07/15/2012,SLE,OR,ANM,WE,Federal Contract Tower,0,2,11,0,13,0,0,28,0,28,0,2,39,0,41,22,0,22,63
07/16/2012,SLE,OR,ANM,WE,Federal Contract Tower,0,1,9,3,13,0,3,52,4,59,0,4,61,7,72,26,0,26,98
07/17/2012,SLE,OR,ANM,WE,Federal Contract Tower,0,3,17,3,23,0,2,45,5,52,0,5,62,8,75,28,35,63,138
07/18/2012,SLE,OR,ANM,WE,Federal Contract Tower,0,4,21,0,25,0,0,28,2,30,0,4,49,2,55,30,20,50,105
07/19/2012,SLE,OR,ANM,WE,Federal Contract Tower,0,6,18,4,28,0,4,42,5,51,0,10,60,9,79,56,0,56,135
07/20/2012,SLE,OR,ANM,WE,Federal Contract Tower,0,2,13,2,17,0,3,31,4,38,0,5,44,6,55,28,4,32,87
07/21/2012,SLE,OR,ANM,WE,Federal Contract Tower,0,0,2,2,4,0,1,53,1,55,0,1,55,3,59,32,0,32,91
07/22/2012,SLE,OR,ANM,WE,Federal Contract Tower,0,0,21,1,22,0,0,45,0,45,0,0,66,1,67,26,0,26,93
07/23/2012,SLE,OR,ANM,WE,Federal Contract Tower,0,3,8,4,15,0,1,57,6,64,0,4,65,10,79,4,0,4,83
07/24/2012,SLE,OR,ANM,WE,Federal Contract Tower,0,3,22,7,32,0,5,74,6,85,0,8,96,13,117,36,2,38,155
07/25/2012,SLE,OR,ANM,WE,Federal Contract Tower,0,4,8,7,19,0,1,73,6,80,0,5,81,13,99,14,0,14,113
07/26/2012,SLE,OR,ANM,WE,Federal Contract Tower,0,5,13,4,22,0,2,68,6,76,0,7,81,10,98,40,0,40,138
07/27/2012,SLE,OR,ANM,WE,Federal Contract Tower,0,2,26,3,31,0,2,37,2,41,0,4,63,5,72,18,0,18,90
07/28/2012,SLE,OR,ANM,WE,Federal Contract Tower,0,2,4,0,6,0,4,40,0,44,0,6,44,0,50,26,0,26,76
07/29/2012,SLE,OR,ANM,WE,Federal Contract Tower,0,0,13,0,13,0,2,45,0,47,0,2,58,0,60,10,0,10,70
07/30/2012,SLE,OR,ANM,WE,Federal Contract Tower,0,3,11,7,21,0,3,49,4,56,0,6,60,11,77,18,0,18,95
07/31/2012,SLE,OR,ANM,WE,Federal Contract Tower,0,2,11,2,15,0,4,69,5,78,0,6,80,7,93,30,0,30,123
08/01/2012,SLE,OR,ANM,WE,Federal Contract Tower,0,2,14,4,20,0,3,48,6,57,0,5,62,10,77,18,0,18,95
08/02/2012,SLE,OR,ANM,WE,Federal Contract Tower,0,1,5,2,8,0,4,40,10,54,0,5,45,12,62,15,6,21,83
08/03/2012,SLE,OR,ANM,WE,Federal Contract Tower,0,1,17,0,18,0,3,52,8,63,0,4,69,8,81,18,0,18,99
08/04/2012,SLE,OR,ANM,WE,Federal Contract Tower,0,0,6,4,10,0,5,94,9,108,0,5,100,13,118,83,4,87,205
08/05/2012,SLE,OR,ANM,WE,Federal Contract Tower,0,0,8,0,8,0,0,57,20,77,0,0,65,20,85,26,0,26,111
08/06/2012,SLE,OR,ANM,WE,Federal Contract Tower,0,1,14,0,15,0,3,52,7,62,0,4,66,7,77,12,0,12,89
08/07/2012,SLE,OR,ANM,WE,Federal Contract Tower,0,3,16,11,30,0,4,53,5,62,0,7,69,16,92,15,0,15,107
08/08/2012,SLE,OR,ANM,WE,Federal Contract Tower,0,2,4,0,6,0,1,47,3,51,0,3,51,3,57,56,0,56,113
08/09/2012,SLE,OR,ANM,WE,Federal Contract Tower,0,0,15,3,18,0,4,53,9,66,0,4,68,12,84,19,0,19,103
08/10/2012,SLE,OR,ANM,WE,Federal Contract Tower,0,0,10,4,14,0,5,74,3,82,0,5,84,7,96,14,0,14,110
08/11/2012,SLE,OR,ANM,WE,Federal Contract Tower,0,0,3,0,3,0,13,55,1,69,0,13,58,1,72,8,0,8,80
08/12/2012,SLE,OR,ANM,WE,Federal Contract Tower,0,0,11,9,20,9,15,57,2,83,9,15,68,11,103,12,0,12,115
08/13/2012,SLE,OR,ANM,WE,Federal Contract Tower,0,3,10,7,20,0,6,48,4,58,0,9,58,11,78,38,0,38,116
08/14/2012,SLE,OR,ANM,WE,Federal Contract Tower,0,2,23,3,28,0,5,74,3,82,0,7,97,6,110,46,0,46,156
08/15/2012,SLE,OR,ANM,WE,Federal Contract Tower,0,3,28,1,32,0,4,39,7,50,0,7,67,8,82,26,8,34,116
08/16/2012,SLE,OR,ANM,WE,Federal Contract Tower,0,3,8,1,12,0,1,97,4,102,0,4,105,5,114,19,8,27,141
08/17/2012,SLE,OR,ANM,WE,Federal Contract Tower,0,2,14,2,18,0,8,55,3,66,0,10,69,5,84,13,0,13,97
08/18/2012,SLE,OR,ANM,WE,Federal Contract Tower,0,0,6,0,6,0,4,56,3,63,0,4,62,3,69,38,0,38,107
08/19/2012,SLE,OR,ANM,WE,Federal Contract Tower,0,1,11,0,12,0,1,40,2,43,0,2,51,2,55,2,0,2,57
08/20/2012,SLE,OR,ANM,WE,Federal Contract Tower,0,2,17,3,22,0,2,49,2,53,0,4,66,5,75,46,0,46,121
08/21/2012,SLE,OR,ANM,WE,Federal Contract Tower,0,6,7,1,14,0,1,70,3,74,0,7,77,4,88,39,0,39,127
08/22/2012,SLE,OR,ANM,WE,Federal Contract Tower,0,3,9,4,16,0,6,66,4,76,0,9,75,8,92,33,0,33,125
08/23/2012,SLE,OR,ANM,WE,Federal Contract Tower,0,5,16,0,21,0,1,74,3,78,0,6,90,3,99,95,10,105,204
08/24/2012,SLE,OR,ANM,WE,Federal Contract Tower,0,2,7,0,9,0,2,51,9,62,0,4,58,9,71,44,0,44,115
08/25/2012,SLE,OR,ANM,WE,Federal Contract Tower,0,1,4,0,5,0,5,62,0,67,0,6,66,0,72,23,0,23,95
08/26/2012,SLE,OR,ANM,WE,Federal Contract Tower,0,0,8,0,8,0,0,33,0,33,0,0,41,0,41,24,0,24,65
08/27/2012,SLE,OR,ANM,WE,Federal Contract Tower,0,3,11,0,14,0,3,44,5,52,0,6,55,5,66,22,0,22,88
08/28/2012,SLE,OR,ANM,WE,Federal Contract Tower,0,4,7,3,14,0,2,61,3,66,0,6,68,6,80,22,0,22,102
08/29/2012,SLE,OR,ANM,WE,Federal Contract Tower,0,5,8,4,17,0,3,46,1,50,0,8,54,5,67,118,0,118,185
08/30/2012,SLE,OR,ANM,WE,Federal Contract Tower,0,2,20,3,25,0,1,54,3,58,0,3,74,6,83,66,0,66,149
08/31/2012,SLE,OR,ANM,WE,Federal Contract Tower,0,4,3,0,7,0,2,75,2,79,0,6,78,2,86,61,0,61,147
09/01/2012,SLE,OR,ANM,WE,Federal Contract Tower,0,0,4,0,4,0,3,53,0,56,0,3,57,0,60,50,0,50,110
09/02/2012,SLE,OR,ANM,WE,Federal Contract Tower,0,0,12,0,12,0,2,64,0,66,0,2,76,0,78,24,0,24,102
09/03/2012,SLE,OR,ANM,WE,Federal Contract Tower,0,0,10,0,10,0,0,52,0,52,0,0,62,0,62,36,0,36,98
09/04/2012,SLE,OR,ANM,WE,Federal Contract Tower,0,1,5,4,10,0,3,60,10,73,0,4,65,14,83,89,0,89,172
09/05/2012,SLE,OR,ANM,WE,Federal Contract Tower,0,2,8,2,12,0,2,58,5,65,0,4,66,7,77,29,4,33,110
09/06/2012,SLE,OR,ANM,WE,Federal Contract Tower,0,1,7,5,13,0,1,56,17,74,0,2,63,22,87,22,5,27,114
09/07/2012,SLE,OR,ANM,WE,Federal Contract Tower,0,2,3,3,8,0,6,46,7,59,0,8,49,10,67,67,6,73,140
09/08/2012,SLE,OR,ANM,WE,Federal Contract Tower,0,0,8,6,14,0,4,62,12,78,0,4,70,18,92,18,8,26,118
09/09/2012,SLE,OR,ANM,WE,Federal Contract Tower,0,0,9,0,9,0,3,34,2,39,0,3,43,2,48,6,0,6,54
09/10/2012,SLE,OR,ANM,WE,Federal Contract Tower,0,4,18,4,26,0,2,27,7,36,0,6,45,11,62,22,4,26,88
09/11/2012,SLE,OR,ANM,WE,Federal Contract Tower,0,2,12,5,19,0,4,61,1,66,0,6,73,6,85,10,0,10,95
09/12/2012,SLE,OR,ANM,WE,Federal Contract Tower,0,0,11,1,12,0,6,58,7,71,0,6,69,8,83,65,2,67,150
09/13/2012,SLE,OR,ANM,WE,Federal Contract Tower,0,0,13,4,17,0,5,45,2,52,0,5,58,6,69,30,0,30,99
09/14/2012,SLE,OR,ANM,WE,Federal Contract Tower,0,1,10,0,11,0,1,52,13,66,0,2,62,13,77,18,0,18,95
09/15/2012,SLE,OR,ANM,WE,Federal Contract Tower,0,0,6,0,6,0,2,45,1,48,0,2,51,1,54,10,0,10,64
09/16/2012,SLE,OR,ANM,WE,Federal Contract Tower,0,0,5,0,5,0,4,61,2,67,0,4,66,2,72,24,0,24,96
09/17/2012,SLE,OR,ANM,WE,Federal Contract Tower,0,3,7,0,10,0,6,80,1,87,0,9,87,1,97,44,0,44,141
09/18/2012,SLE,OR,ANM,WE,Federal Contract Tower,0,1,9,2,12,0,2,67,17,86,0,3,76,19,98,24,0,24,122
09/19/2012,SLE,OR,ANM,WE,Federal Contract Tower,0,1,9,0,10,0,3,52,7,62,0,4,61,7,72,32,8,40,112
09/20/2012,SLE,OR,ANM,WE,Federal Contract Tower,0,4,29,4,37,0,1,29,7,37,0,5,58,11,74,6,4,10,84
09/21/2012,SLE,OR,ANM,WE,Federal Contract Tower,0,3,10,2,15,0,1,17,1,19,0,4,27,3,34,18,0,18,52
09/22/2012,SLE,OR,ANM,WE,Federal Contract Tower,0,0,22,0,22,0,4,59,5,68,0,4,81,5,90,9,0,9,99
09/23/2012,SLE,OR,ANM,WE,Federal Contract Tower,0,0,3,0,3,0,2,60,0,62,0,2,63,0,65,30,0,30,95
09/24/2012,SLE,OR,ANM,WE,Federal Contract Tower,0,3,12,7,22,0,5,39,4,48,0,8,51,11,70,32,0,32,102
09/25/2012,SLE,OR,ANM,WE,Federal Contract Tower,0,2,3,3,8,0,3,53,6,62,0,5,56,9,70,24,0,24,94
09/26/2012,SLE,OR,ANM,WE,Federal Contract Tower,0,1,5,6,12,0,4,58,2,64,0,5,63,8,76,16,0,16,92
09/27/2012,SLE,OR,ANM,WE,Federal Contract Tower,0,1,10,4,15,0,3,38,3,44,0,4,48,7,59,20,2,22,81
09/28/2012,SLE,OR,ANM,WE,Federal Contract Tower,0,0,23,7,30,0,4,55,3,62,0,4,78,10,92,25,0,25,117
09/29/2012,SLE,OR,ANM,WE,Federal Contract Tower,0,0,4,0,4,0,4,71,0,75,0,4,75,0,79,28,0,28,107
09/30/2012,SLE,OR,ANM,WE,Federal Contract Tower,0,0,5,0,5,0,1,86,0,87,0,1,91,0,92,62,0,62,154
10/01/2012,SLE,OR,ANM,WE,Federal Contract Tower,0,1,9,2,12,0,3,48,0,51,0,4,57,2,63,23,0,23,86
10/02/2012,SLE,OR,ANM,WE,Federal Contract Tower,0,1,11,2,14,0,2,39,5,46,0,3,50,7,60,25,0,25,85
10/03/2012,SLE,OR,ANM,WE,Federal Contract Tower,0,1,12,3,16,0,2,72,3,77,0,3,84,6,93,30,0,30,123
10/04/2012,SLE,OR,ANM,WE,Federal Contract Tower,0,0,3,3,6,0,4,55,6,65,0,4,58,9,71,28,0,28,99
10/05/2012,SLE,OR,ANM,WE,Federal Contract Tower,0,0,6,6,12,0,15,63,2,80,0,15,69,8,92,10,0,10,102
10/06/2012,SLE,OR,ANM,WE,Federal Contract Tower,0,0,9,0,9,0,2,74,0,76,0,2,83,0,85,26,0,26,111
10/07/2012,SLE,OR,ANM,WE,Federal Contract Tower,0,0,7,0,7,0,1,93,6,100,0,1,100,6,107,34,2,36,143
10/08/2012,SLE,OR,ANM,WE,Federal Contract Tower,0,3,8,0,11,0,2,62,0,64,0,5,70,0,75,30,0,30,105
10/09/2012,SLE,OR,ANM,WE,Federal Contract Tower,0,1,7,4,12,0,3,49,4,56,0,4,56,8,68,38,0,38,106
10/10/2012,SLE,OR,ANM,WE,Federal Contract Tower,0,2,8,1,11,0,2,79,6,87,0,4,87,7,98,31,0,31,129
10/11/2012,SLE,OR,ANM,WE,Federal Contract Tower,0,1,16,7,24,0,3,29,6,38,0,4,45,13,62,60,0,60,122
10/12/2012,SLE,OR,ANM,WE,Federal Contract Tower,0,4,10,0,14,0,0,1,0,1,0,4,11,0,15,0,2,2,17
10/13/2012,SLE,OR,ANM,WE,Federal Contract Tower,0,3,5,0,8,0,0,9,7,16,0,3,14,7,24,4,0,4,28
10/14/2012,SLE,OR,ANM,WE,Federal Contract Tower,0,0,4,0,4,0,0,9,0,9,0,0,13,0,13,2,0,2,15
10/15/2012,SLE,OR,ANM,WE,Federal Contract Tower,0,3,15,0,18,0,1,4,0,5,0,4,19,0,23,4,0,4,27
10/16/2012,SLE,OR,ANM,WE,Federal Contract Tower,0,3,19,3,25,0,2,26,7,35,0,5,45,10,60,7,21,28,88
10/17/2012,SLE,OR,ANM,WE,Federal Contract Tower,0,1,10,5,16,0,2,47,9,58,0,3,57,14,74,56,13,69,143
10/18/2012,SLE,OR,ANM,WE,Federal Contract Tower,0,3,14,1,18,0,10,61,7,78,0,13,75,8,96,47,0,47,143
10/19/2012,SLE,OR,ANM,WE,Federal Contract Tower,0,2,22,5,29,0,0,2,0,2,0,2,24,5,31,4,0,4,35
10/20/2012,SLE,OR,ANM,WE,Federal Contract Tower,0,1,2,0,3,0,1,10,4,15,0,2,12,4,18,6,0,6,24
10/21/2012,SLE,OR,ANM,WE,Federal Contract Tower,0,0,7,0,7,0,0,14,0,14,0,0,21,0,21,0,0,0,21
10/22/2012,SLE,OR,ANM,WE,Federal Contract Tower,0,3,7,7,17,0,1,0,4,5,0,4,7,11,22,0,0,0,22
10/23/2012,SLE,OR,ANM,WE,Federal Contract Tower,0,2,12,2,16,0,1,13,2,16,0,3,25,4,32,0,0,0,32
10/24/2012,SLE,OR,ANM,WE,Federal Contract Tower,0,2,13,2,17,0,2,19,1,22,0,4,32,3,39,24,0,24,63
10/25/2012,SLE,OR,ANM,WE,Federal Contract Tower,0,4,17,2,23,0,2,36,0,38,0,6,53,2,61,30,4,34,95
10/26/2012,SLE,OR,ANM,WE,Federal Contract Tower,0,4,11,3,18,0,3,15,1,19,0,7,26,4,37,20,8,28,65
10/27/2012,SLE,OR,ANM,WE,Federal Contract Tower,0,4,8,0,12,0,0,0,0,0,0,4,8,0,12,0,0,0,12
10/28/2012,SLE,OR,ANM,WE,Federal Contract Tower,0,0,6,6,12,0,0,0,0,0,0,0,6,6,12,0,0,0,12
10/29/2012,SLE,OR,ANM,WE,Federal Contract Tower,0,2,9,0,11,0,2,33,8,43,0,4,42,8,54,4,0,4,58
10/30/2012,SLE,OR,ANM,WE,Federal Contract Tower,0,3,7,13,23,0,0,12,8,20,0,3,19,21,43,14,10,24,67
10/31/2012,SLE,OR,ANM,WE,Federal Contract Tower,0,3,6,3,12,0,1,13,9,23,0,4,19,12,35,44,9,53,88
11/01/2012,SLE,OR,ANM,WE,Federal Contract Tower,0,2,28,1,31,0,2,8,15,25,0,4,36,16,56,2,16,18,74
11/02/2012,SLE,OR,ANM,WE,Federal Contract Tower,0,2,14,4,20,0,2,48,9,59,0,4,62,13,79,28,10,38,117
11/03/2012,SLE,OR,ANM,WE,Federal Contract Tower,0,3,7,6,16,0,2,32,9,43,0,5,39,15,59,56,0,56,115
11/04/2012,SLE,OR,ANM,WE,Federal Contract Tower,0,2,15,2,19,0,2,58,0,60,0,4,73,2,79,47,0,47,126
11/05/2012,SLE,OR,ANM,WE,Federal Contract Tower,0,3,28,1,32,0,4,15,0,19,0,7,43,1,51,20,0,20,71
11/06/2012,SLE,OR,ANM,WE,Federal Contract Tower,0,5,16,4,25,0,0,18,0,18,0,5,34,4,43,56,0,56,99
11/07/2012,SLE,OR,ANM,WE,Federal Contract Tower,0,1,17,2,20,0,2,50,7,59,0,3,67,9,79,80,1,81,160
11/08/2012,SLE,OR,ANM,WE,Federal Contract Tower,0,2,18,6,26,0,4,10,1,15,0,6,28,7,41,11,0,11,52
11/09/2012,SLE,OR,ANM,WE,Federal Contract Tower,0,2,5,2,9,0,2,13,5,20,0,4,18,7,29,16,6,22,51
11/10/2012,SLE,OR,ANM,WE,Federal Contract Tower,0,2,5,0,7,0,3,38,0,41,0,5,43,0,48,34,0,34,82
11/11/2012,SLE,OR,ANM,WE,Federal Contract Tower,0,0,4,0,4,0,0,6,0,6,0,0,10,0,10,32,0,32,42
11/12/2012,SLE,OR,ANM,WE,Federal Contract Tower,0,3,12,0,15,0,1,7,0,8,0,4,19,0,23,0,0,0,23
11/13/2012,SLE,OR,ANM,WE,Federal Contract Tower,0,3,16,4,23,0,0,14,0,14,0,3,30,4,37,8,0,8,45
11/14/2012,SLE,OR,ANM,WE,Federal Contract Tower,0,3,8,2,13,0,1,28,3,32,0,4,36,5,45,52,0,52,97
11/15/2012,SLE,OR,ANM,WE,Federal Contract Tower,0,2,21,4,27,0,3,61,1,65,0,5,82,5,92,64,0,64,156
11/16/2012,SLE,OR,ANM,WE,Federal Contract Tower,0,4,9,2,15,0,4,31,2,37,0,8,40,4,52,56,0,56,108
11/17/2012,SLE,OR,ANM,WE,Federal Contract Tower,0,3,2,0,5,0,1,8,0,9,0,4,10,0,14,0,0,0,14
11/18/2012,SLE,OR,ANM,WE,Federal Contract Tower,0,0,9,1,10,0,0,6,1,7,0,0,15,2,17,0,0,0,17
11/19/2012,SLE,OR,ANM,WE,Federal Contract Tower,0,4,3,1,8,0,0,0,0,0,0,4,3,1,8,0,0,0,8
11/20/2012,SLE,OR,ANM,WE,Federal Contract Tower,0,1,4,3,8,0,1,8,5,14,0,2,12,8,22,4,2,6,28
11/21/2012,SLE,OR,ANM,WE,Federal Contract Tower,0,2,5,2,9,0,3,6,4,13,0,5,11,6,22,16,0,16,38
11/22/2012,SLE,OR,ANM,WE,Federal Contract Tower,0,0,0,0,0,0,0,16,0,16,0,0,16,0,16,0,0,0,16
11/23/2012,SLE,OR,ANM,WE,Federal Contract Tower,0,3,9,0,12,0,1,12,0,13,0,4,21,0,25,20,0,20,45
11/24/2012,SLE,OR,ANM,WE,Federal Contract Tower,0,1,8,0,9,0,1,16,0,17,0,2,24,0,26,4,0,4,30
11/25/2012,SLE,OR,ANM,WE,Federal Contract Tower,0,0,12,0,12,0,0,14,0,14,0,0,26,0,26,52,0,52,78
11/26/2012,SLE,OR,ANM,WE,Federal Contract Tower,0,1,18,5,24,0,2,103,3,108,0,3,121,8,132,54,0,54,186
11/27/2012,SLE,OR,ANM,WE,Federal Contract Tower,0,2,6,8,16,0,3,63,4,70,0,5,69,12,86,102,16,118,204
11/28/2012,SLE,OR,ANM,WE,Federal Contract Tower,0,4,9,5,18,0,2,29,7,38,0,6,38,12,56,16,45,61,117
11/29/2012,SLE,OR,ANM,WE,Federal Contract Tower,0,2,11,0,13,0,2,4,1,7,0,4,15,1,20,0,0,0,20
11/30/2012,SLE,OR,ANM,WE,Federal Contract Tower,0,3,6,0,9,0,2,18,3,23,0,5,24,3,32,0,1,1,33
12/01/2012,SLE,OR,ANM,WE,Federal Contract Tower,0,2,5,1,8,0,0,38,0,38,0,2,43,1,46,24,0,24,70
12/02/2012,SLE,OR,ANM,WE,Federal Contract Tower,0,0,3,3,6,0,0,4,0,4,0,0,7,3,10,44,0,44,54
12/03/2012,SLE,OR,ANM,WE,Federal Contract Tower,0,2,6,1,9,0,1,25,4,30,0,3,31,5,39,60,4,64,103
12/04/2012,SLE,OR,ANM,WE,Federal Contract Tower,0,4,5,1,10,0,0,0,0,0,0,4,5,1,10,0,0,0,10
12/05/2012,SLE,OR,ANM,WE,Federal Contract Tower,0,2,13,5,20,0,2,58,6,66,0,4,71,11,86,65,13,78,164
12/06/2012,SLE,OR,ANM,WE,Federal Contract Tower,0,3,12,1,16,0,0,34,6,40,0,3,46,7,56,79,16,95,151
12/07/2012,SLE,OR,ANM,WE,Federal Contract Tower,0,3,10,3,16,0,3,27,0,30,0,6,37,3,46,44,16,60,106
12/08/2012,SLE,OR,ANM,WE,Federal Contract Tower,0,1,10,1,12,0,1,33,0,34,0,2,43,1,46,35,0,35,81
12/09/2012,SLE,OR,ANM,WE,Federal Contract Tower,0,0,13,0,13,0,0,20,0,20,0,0,33,0,33,34,0,34,67
12/10/2012,SLE,OR,ANM,WE,Federal Contract Tower,0,3,14,0,17,0,1,12,2,15,0,4,26,2,32,34,4,38,70
12/11/2012,SLE,OR,ANM,WE,Federal Contract Tower,0,4,6,4,14,0,0,0,3,3,0,4,6,7,17,0,12,12,29
12/12/2012,SLE,OR,ANM,WE,Federal Contract Tower,0,6,11,13,30,0,0,27,12,39,0,6,38,25,69,56,19,75,144
12/13/2012,SLE,OR,ANM,WE,Federal Contract Tower,0,4,19,2,25,0,0,6,7,13,0,4,25,9,38,0,32,32,70
12/14/2012,SLE,OR,ANM,WE,Federal Contract Tower,0,2,8,5,15,0,2,27,1,30,0,4,35,6,45,31,8,39,84
12/15/2012,SLE,OR,ANM,WE,Federal Contract Tower,0,2,3,0,5,0,0,4,0,4,0,2,7,0,9,0,0,0,9
12/16/2012,SLE,OR,ANM,WE,Federal Contract Tower,0,0,5,0,5,0,0,1,0,1,0,0,6,0,6,0,0,0,6
12/17/2012,SLE,OR,ANM,WE,Federal Contract Tower,0,2,6,2,10,0,4,8,0,12,0,6,14,2,22,8,0,8,30
12/18/2012,SLE,OR,ANM,WE,Federal Contract Tower,0,4,10,6,20,0,0,0,0,0,0,4,10,6,20,0,0,0,20
12/19/2012,SLE,OR,ANM,WE,Federal Contract Tower,0,3,4,2,9,0,0,10,2,12,0,3,14,4,21,4,0,4,25
12/20/2012,SLE,OR,ANM,WE,Federal Contract Tower,0,3,6,2,11,0,1,4,0,5,0,4,10,2,16,0,0,0,16
12/21/2012,SLE,OR,ANM,WE,Federal Contract Tower,0,2,14,3,19,0,3,37,0,40,0,5,51,3,59,77,0,77,136
12/22/2012,SLE,OR,ANM,WE,Federal Contract Tower,0,1,3,0,4,0,1,15,0,16,0,2,18,0,20,6,0,6,26
12/23/2012,SLE,OR,ANM,WE,Federal Contract Tower,0,0,3,0,3,0,0,0,0,0,0,0,3,0,3,2,0,2,5
12/24/2012,SLE,OR,ANM,WE,Federal Contract Tower,0,0,16,0,16,0,1,15,0,16,0,1,31,0,32,30,0,30,62
12/25/2012,SLE,OR,ANM,WE,Federal Contract Tower,0,0,2,0,2,0,0,0,0,0,0,0,2,0,2,0,0,0,2
12/26/2012,SLE,OR,ANM,WE,Federal Contract Tower,0,3,9,0,12,0,1,12,0,13,0,4,21,0,25,24,0,24,49
12/27/2012,SLE,OR,ANM,WE,Federal Contract Tower,0,4,7,0,11,0,0,25,0,25,0,4,32,0,36,34,0,34,70
12/28/2012,SLE,OR,ANM,WE,Federal Contract Tower,0,2,12,2,16,0,2,65,0,67,0,4,77,2,83,45,0,45,128
12/29/2012,SLE,OR,ANM,WE,Federal Contract Tower,0,0,8,0,8,0,2,50,0,52,0,2,58,0,60,50,0,50,110
12/30/2012,SLE,OR,ANM,WE,Federal Contract Tower,0,1,8,0,9,0,3,58,0,61,0,4,66,0,70,50,0,50,120
12/31/2012,SLE,OR,ANM,WE,Federal Contract Tower,0,2,4,0,6,0,0,4,0,4,0,2,8,0,10,2,0,2,12
01/01/2013,SLE,OR,ANM,WE,Federal Contract Tower,0,4,0,0,4,0,0,53,0,53,0,4,53,0,57,66,0,66,123
01/02/2013,SLE,OR,ANM,WE,Federal Contract Tower,0,1,12,2,15,0,12,59,9,80,0,13,71,11,95,35,0,35,130
01/03/2013,SLE,OR,ANM,WE,Federal Contract Tower,0,2,0,7,9,0,2,42,8,52,0,4,42,15,61,71,24,95,156
01/04/2013,SLE,OR,ANM,WE,Federal Contract Tower,0,4,16,7,27,0,0,12,0,12,0,4,28,7,39,10,0,10,49
01/05/2013,SLE,OR,ANM,WE,Federal Contract Tower,0,1,5,0,6,0,1,22,1,24,0,2,27,1,30,60,0,60,90
01/06/2013,SLE,OR,ANM,WE,Federal Contract Tower,0,0,9,1,10,0,0,2,0,2,0,0,11,1,12,0,0,0,12
01/07/2013,SLE,OR,ANM,WE,Federal Contract Tower,0,3,3,2,8,0,2,7,1,10,0,5,10,3,18,0,4,4,22
01/08/2013,SLE,OR,ANM,WE,Federal Contract Tower,0,4,7,4,15,0,0,6,13,19,0,4,13,17,34,0,39,39,73
01/09/2013,SLE,OR,ANM,WE,Federal Contract Tower,0,4,3,4,11,0,0,14,8,22,0,4,17,12,33,28,32,60,93
01/10/2013,SLE,OR,ANM,WE,Federal Contract Tower,0,4,8,5,17,0,0,3,15,18,0,4,11,20,35,52,4,56,91
01/11/2013,SLE,OR,ANM,WE,Federal Contract Tower,0,1,9,3,13,0,2,13,0,15,0,3,22,3,28,56,0,56,84
01/12/2013,SLE,OR,ANM,WE,Federal Contract Tower,0,2,2,0,4,0,0,0,0,0,0,2,2,0,4,0,0,0,4
01/13/2013,SLE,OR,ANM,WE,Federal Contract Tower,0,0,7,2,9,0,0,0,0,0,0,0,7,2,9,0,0,0,9
01/14/2013,SLE,OR,ANM,WE,Federal Contract Tower,0,3,14,8,25,0,0,2,0,2,0,3,16,8,27,0,0,0,27
01/15/2013,SLE,OR,ANM,WE,Federal Contract Tower,0,6,13,4,23,0,0,0,0,0,0,6,13,4,23,0,0,0,23
01/16/2013,SLE,OR,ANM,WE,Federal Contract Tower,0,6,14,2,22,0,0,0,0,0,0,6,14,2,22,0,0,0,22
01/17/2013,SLE,OR,ANM,WE,Federal Contract Tower,0,2,3,0,5,0,2,5,0,7,0,4,8,0,12,32,0,32,44
01/18/2013,SLE,OR,ANM,WE,Federal Contract Tower,0,6,5,0,11,0,0,0,0,0,0,6,5,0,11,0,0,0,11
01/19/2013,SLE,OR,ANM,WE,Federal Contract Tower,0,2,4,0,6,0,0,0,0,0,0,2,4,0,6,0,0,0,6
01/20/2013,SLE,OR,ANM,WE,Federal Contract Tower,0,0,4,0,4,0,0,0,0,0,0,0,4,0,4,0,0,0,4
01/21/2013,SLE,OR,ANM,WE,Federal Contract Tower,0,4,11,0,15,0,0,0,0,0,0,4,11,0,15,0,0,0,15
01/22/2013,SLE,OR,ANM,WE,Federal Contract Tower,0,1,7,0,8,0,1,15,2,18,0,2,22,2,26,60,25,85,111
01/23/2013,SLE,OR,ANM,WE,Federal Contract Tower,0,4,10,3,17,0,0,4,6,10,0,4,14,9,27,4,4,8,35
01/24/2013,SLE,OR,ANM,WE,Federal Contract Tower,0,10,23,2,35,0,0,0,2,2,0,10,23,4,37,0,4,4,41
01/25/2013,SLE,OR,ANM,WE,Federal Contract Tower,0,3,7,4,14,0,2,9,0,11,0,5,16,4,25,0,2,2,27
01/26/2013,SLE,OR,ANM,WE,Federal Contract Tower,0,0,4,0,4,0,2,22,0,24,0,2,26,0,28,24,0,24,52
01/27/2013,SLE,OR,ANM,WE,Federal Contract Tower,0,0,7,0,7,0,5,18,0,23,0,5,25,0,30,12,0,12,42
01/28/2013,SLE,OR,ANM,WE,Federal Contract Tower,0,3,13,7,23,0,0,8,3,11,0,3,21,10,34,42,34,76,110
01/29/2013,SLE,OR,ANM,WE,Federal Contract Tower,0,4,18,3,25,0,1,7,6,14,0,5,25,9,39,40,18,58,97
01/30/2013,SLE,OR,ANM,WE,Federal Contract Tower,0,6,10,5,21,0,0,6,9,15,0,6,16,14,36,2,28,30,66
01/31/2013,SLE,OR,ANM,WE,Federal Contract Tower,0,3,15,8,26,0,2,68,5,75,0,5,83,13,101,166,28,194,295
02/01/2013,SLE,OR,ANM,WE,Federal Contract Tower,0,2,24,4,30,0,2,52,7,61,0,4,76,11,91,42,10,52,143
02/02/2013,SLE,OR,ANM,WE,Federal Contract Tower,0,1,3,0,4,0,1,60,0,61,0,2,63,0,65,30,0,30,95
02/03/2013,SLE,OR,ANM,WE,Federal Contract Tower,0,0,9,0,9,0,0,14,0,14,0,0,23,0,23,26,0,26,49
02/04/2013,SLE,OR,ANM,WE,Federal Contract Tower,0,2,17,3,22,0,2,59,7,68,0,4,76,10,90,116,26,142,232
02/05/2013,SLE,OR,ANM,WE,Federal Contract Tower,0,4,7,6,17,0,0,18,11,29,0,4,25,17,46,6,43,49,95
02/06/2013,SLE,OR,ANM,WE,Federal Contract Tower,0,2,9,3,14,0,2,21,10,33,0,4,30,13,47,28,9,37,84
02/07/2013,SLE,OR,ANM,WE,Federal Contract Tower,0,4,7,3,14,0,0,25,11,36,0,4,32,14,50,24,36,60,110
02/08/2013,SLE,OR,ANM,WE,Federal Contract Tower,0,2,10,10,22,0,2,44,8,54,0,4,54,18,76,20,0,20,96
02/09/2013,SLE,OR,ANM,WE,Federal Contract Tower,0,1,18,0,19,0,2,18,0,20,0,3,36,0,39,22,0,22,61
02/10/2013,SLE,OR,ANM,WE,Federal Contract Tower,0,0,19,2,21,0,0,40,2,42,0,0,59,4,63,0,0,0,63
02/11/2013,SLE,OR,ANM,WE,Federal Contract Tower,0,3,12,3,18,0,3,16,0,19,0,6,28,3,37,21,0,21,58
02/12/2013,SLE,OR,ANM,WE,Federal Contract Tower,0,3,9,4,16,0,2,9,2,13,0,5,18,6,29,0,6,6,35
02/13/2013,SLE,OR,ANM,WE,Federal Contract Tower,0,2,10,4,16,0,4,33,3,40,0,6,43,7,56,48,27,75,131
02/14/2013,SLE,OR,ANM,WE,Federal Contract Tower,0,3,13,2,18,0,1,48,0,49,0,4,61,2,67,42,22,64,131
02/15/2013,SLE,OR,ANM,WE,Federal Contract Tower,0,1,20,4,25,0,3,90,1,94,0,4,110,5,119,96,0,96,215
02/16/2013,SLE,OR,ANM,WE,Federal Contract Tower,0,0,9,1,10,0,0,28,2,30,0,0,37,3,40,24,0,24,64
02/17/2013,SLE,OR,ANM,WE,Federal Contract Tower,0,1,19,1,21,0,0,62,0,62,0,1,81,1,83,38,0,38,121
02/18/2013,SLE,OR,ANM,WE,Federal Contract Tower,0,1,12,0,13,0,1,30,0,31,0,2,42,0,44,8,0,8,52
02/19/2013,SLE,OR,ANM,WE,Federal Contract Tower,0,2,11,1,14,0,3,59,9,71,0,5,70,10,85,70,18,88,173
02/20/2013,SLE,OR,ANM,WE,Federal Contract Tower,0,2,13,4,19,0,3,19,6,28,0,5,32,10,47,26,41,67,114
02/21/2013,SLE,OR,ANM,WE,Federal Contract Tower,0,2,17,2,21,0,2,14,2,18,0,4,31,4,39,8,22,30,69
02/22/2013,SLE,OR,ANM,WE,Federal Contract Tower,0,3,4,1,8,0,1,2,6,9,0,4,6,7,17,0,4,4,21
02/23/2013,SLE,OR,ANM,WE,Federal Contract Tower,0,1,6,0,7,0,1,20,0,21,0,2,26,0,28,20,0,20,48
02/24/2013,SLE,OR,ANM,WE,Federal Contract Tower,0,0,10,0,10,0,0,68,0,68,0,0,78,0,78,32,0,32,110
02/25/2013,SLE,OR,ANM,WE,Federal Contract Tower,0,2,6,2,10,0,2,15,6,23,0,4,21,8,33,0,14,14,47
02/26/2013,SLE,OR,ANM,WE,Federal Contract Tower,0,2,8,10,20,0,2,48,12,62,0,4,56,22,82,62,46,108,190
02/27/2013,SLE,OR,ANM,WE,Federal Contract Tower,0,2,10,1,13,0,1,27,25,53,0,3,37,26,66,53,40,93,159
02/28/2013,SLE,OR,ANM,WE,Federal Contract Tower,0,4,7,6,17,0,2,2,11,15,0,6,9,17,32,14,16,30,62
03/01/2013,SLE,OR,ANM,WE,Federal Contract Tower,0,2,17,3,22,0,5,33,7,45,0,7,50,10,67,36,0,36,103
03/02/2013,SLE,OR,ANM,WE,Federal Contract Tower,0,6,5,3,14,0,2,30,7,39,0,8,35,10,53,13,0,13,66
03/03/2013,SLE,OR,ANM,WE,Federal Contract Tower,0,0,15,0,15,0,7,56,0,63,0,7,71,0,78,34,0,34,112
03/04/2013,SLE,OR,ANM,WE,Federal Contract Tower,0,1,8,2,11,0,6,74,7,87,0,7,82,9,98,42,4,46,144
03/05/2013,SLE,OR,ANM,WE,Federal Contract Tower,0,6,6,1,13,0,0,7,14,21,0,6,13,15,34,19,8,27,61
03/06/2013,SLE,OR,ANM,WE,Federal Contract Tower,0,4,7,2,13,0,0,5,10,15,0,4,12,12,28,0,14,14,42
03/07/2013,SLE,OR,ANM,WE,Federal Contract Tower,0,3,7,2,12,0,3,43,15,61,0,6,50,17,73,25,0,25,98
03/08/2013,SLE,OR,ANM,WE,Federal Contract Tower,0,1,18,1,20,0,6,79,10,95,0,7,97,11,115,52,30,82,197
03/09/2013,SLE,OR,ANM,WE,Federal Contract Tower,0,0,14,2,16,0,3,89,13,105,0,3,103,15,121,32,0,32,153
03/10/2013,SLE,OR,ANM,WE,Federal Contract Tower,0,0,10,6,16,0,10,46,9,65,0,10,56,15,81,72,22,94,175
03/11/2013,SLE,OR,ANM,WE,Federal Contract Tower,0,4,18,4,26,0,1,18,0,19,0,5,36,4,45,24,0,24,69
03/12/2013,SLE,OR,ANM,WE,Federal Contract Tower,0,5,20,0,25,0,0,30,3,33,0,5,50,3,58,14,0,14,72
03/13/2013,SLE,OR,ANM,WE,Federal Contract Tower,0,2,9,2,13,0,3,52,0,55,0,5,61,2,68,21,8,29,97
03/14/2013,SLE,OR,ANM,WE,Federal Contract Tower,0,5,10,1,16,0,0,30,1,31,0,5,40,2,47,18,0,18,65
03/15/2013,SLE,OR,ANM,WE,Federal Contract Tower,0,1,20,1,22,0,3,45,0,48,0,4,65,1,70,31,0,31,101
03/16/2013,SLE,OR,ANM,WE,Federal Contract Tower,0,2,1,0,3,0,4,22,0,26,0,6,23,0,29,6,0,6,35
03/17/2013,SLE,OR,ANM,WE,Federal Contract Tower,0,0,2,0,2,0,7,46,0,53,0,7,48,0,55,16,0,16,71
03/18/2013,SLE,OR,ANM,WE,Federal Contract Tower,0,3,9,2,14,0,5,85,2,92,0,8,94,4,106,125,4,129,235
03/19/2013,SLE,OR,ANM,WE,Federal Contract Tower,0,3,4,4,11,0,1,16,4,21,0,4,20,8,32,12,4,16,48
03/20/2013,SLE,OR,ANM,WE,Federal Contract Tower,0,2,10,0,12,0,2,6,1,9,0,4,16,1,21,0,6,6,27
03/21/2013,SLE,OR,ANM,WE,Federal Contract Tower,0,2,18,0,20,0,2,15,7,24,0,4,33,7,44,20,26,46,90
03/22/2013,SLE,OR,ANM,WE,Federal Contract Tower,0,3,15,2,20,0,2,32,0,34,0,5,47,2,54,54,0,54,108
03/23/2013,SLE,OR,ANM,WE,Federal Contract Tower,0,0,4,0,4,0,6,50,0,56,0,6,54,0,60,54,0,54,114
03/24/2013,SLE,OR,ANM,WE,Federal Contract Tower,0,0,12,0,12,0,2,65,0,67,0,2,77,0,79,63,0,63,142
03/25/2013,SLE,OR,ANM,WE,Federal Contract Tower,0,1,3,1,5,0,7,57,1,65,0,8,60,2,70,50,0,50,120
03/26/2013,SLE,OR,ANM,WE,Federal Contract Tower,0,2,13,2,17,0,2,12,0,14,0,4,25,2,31,4,0,4,35
03/27/2013,SLE,OR,ANM,WE,Federal Contract Tower,0,0,6,1,7,0,4,44,4,52,0,4,50,5,59,30,0,30,89
03/28/2013,SLE,OR,ANM,WE,Federal Contract Tower,0,2,22,6,30,0,2,50,1,53,0,4,72,7,83,12,0,12,95
03/29/2013,SLE,OR,ANM,WE,Federal Contract Tower,0,2,8,3,13,0,2,57,5,64,0,4,65,8,77,28,0,28,105
03/30/2013,SLE,OR,ANM,WE,Federal Contract Tower,0,0,14,0,14,0,0,0,0,0,0,0,14,0,14,36,0,36,50
03/31/2013,SLE,OR,ANM,WE,Federal Contract Tower,0,0,15,0,15,0,0,49,1,50,0,0,64,1,65,42,0,42,107
04/01/2013,SLE,OR,ANM,WE,Federal Contract Tower,0,1,11,4,16,0,6,37,2,45,0,7,48,6,61,104,0,104,165
04/02/2013,SLE,OR,ANM,WE,Federal Contract Tower,0,2,29,4,35,0,2,37,5,44,0,4,66,9,79,20,0,20,99
04/03/2013,SLE,OR,ANM,WE,Federal Contract Tower,0,1,6,6,13,0,2,30,6,38,0,3,36,12,51,50,19,69,120
04/04/2013,SLE,OR,ANM,WE,Federal Contract Tower,0,2,17,4,23,0,1,10,3,14,0,3,27,7,37,12,6,18,55
04/05/2013,SLE,OR,ANM,WE,Federal Contract Tower,0,2,6,2,10,0,2,3,2,7,0,4,9,4,17,24,0,24,41
04/06/2013,SLE,OR,ANM,WE,Federal Contract Tower,0,1,16,0,17,0,2,14,2,18,0,3,30,2,35,18,6,24,59
04/07/2013,SLE,OR,ANM,WE,Federal Contract Tower,0,0,2,2,4,0,0,7,0,7,0,0,9,2,11,16,0,16,27
04/08/2013,SLE,OR,ANM,WE,Federal Contract Tower,0,1,6,4,11,0,7,29,0,36,0,8,35,4,47,74,0,74,121
04/09/2013,SLE,OR,ANM,WE,Federal Contract Tower,0,0,17,4,21,0,4,46,8,58,0,4,63,12,79,78,10,88,167
04/10/2013,SLE,OR,ANM,WE,Federal Contract Tower,0,1,7,2,10,0,1,8,2,11,0,2,15,4,21,32,0,32,53
04/11/2013,SLE,OR,ANM,WE,Federal Contract Tower,0,1,15,0,16,0,3,46,4,53,0,4,61,4,69,16,0,16,85
04/12/2013,SLE,OR,ANM,WE,Federal Contract Tower,0,2,13,1,16,0,3,53,5,61,0,5,66,6,77,30,0,30,107
04/13/2013,SLE,OR,ANM,WE,Federal Contract Tower,0,1,6,1,8,0,2,24,0,26,0,3,30,1,34,24,0,24,58
04/14/2013,SLE,OR,ANM,WE,Federal Contract Tower,0,1,1,0,2,0,0,15,0,15,0,1,16,0,17,48,0,48,65
04/15/2013,SLE,OR,ANM,WE,Federal Contract Tower,0,3,8,0,11,0,2,28,5,35,0,5,36,5,46,56,0,56,102
04/16/2013,SLE,OR,ANM,WE,Federal Contract Tower,0,3,9,5,17,0,0,64,7,71,0,3,73,12,88,28,12,40,128
04/17/2013,SLE,OR,ANM,WE,Federal Contract Tower,0,6,14,3,23,0,1,33,5,39,0,7,47,8,62,35,0,35,97
04/18/2013,SLE,OR,ANM,WE,Federal Contract Tower,0,6,9,4,19,0,3,34,4,41,0,9,43,8,60,74,0,74,134
04/19/2013,SLE,OR,ANM,WE,Federal Contract Tower,0,5,4,5,14,0,2,9,2,13,0,7,13,7,27,4,10,14,41
04/20/2013,SLE,OR,ANM,WE,Federal Contract Tower,0,2,15,2,19,0,3,71,0,74,0,5,86,2,93,70,0,70,163
04/21/2013,SLE,OR,ANM,WE,Federal Contract Tower,0,1,8,0,9,0,0,47,0,47,0,1,55,0,56,78,0,78,134
04/22/2013,SLE,OR,ANM,WE,Federal Contract Tower,0,1,14,0,15,0,5,58,0,63,0,6,72,0,78,38,0,38,116
04/23/2013,SLE,OR,ANM,WE,Federal Contract Tower,0,3,25,6,34,0,3,67,4,74,0,6,92,10,108,75,0,75,183
04/24/2013,SLE,OR,ANM,WE,Federal Contract Tower,0,2,17,2,21,0,2,70,6,78,0,4,87,8,99,76,0,76,175
04/25/2013,SLE,OR,ANM,WE,Federal Contract Tower,0,1,8,1,10,0,7,83,4,94,0,8,91,5,104,46,0,46,150
04/26/2013,SLE,OR,ANM,WE,Federal Contract Tower,0,2,13,1,16,0,4,77,6,87,0,6,90,7,103,108,0,108,211
04/27/2013,SLE,OR,ANM,WE,Federal Contract Tower,0,0,10,1,11,0,8,65,2,75,0,8,75,3,86,44,0,44,130
04/28/2013,SLE,OR,ANM,WE,Federal Contract Tower,0,0,16,1,17,0,2,29,0,31,0,2,45,1,48,30,0,30,78
04/29/2013,SLE,OR,ANM,WE,Federal Contract Tower,0,1,6,0,7,0,2,20,0,22,0,3,26,0,29,41,0,41,70
04/30/2013,SLE,OR,ANM,WE,Federal Contract Tower,0,2,11,4,17,0,2,38,7,47,0,4,49,11,64,55,2,57,121
05/01/2013,SLE,OR,ANM,WE,Federal Contract Tower,0,1,13,7,21,0,3,42,6,51,0,4,55,13,72,48,8,56,128
05/02/2013,SLE,OR,ANM,WE,Federal Contract Tower,0,1,8,1,10,0,3,63,8,74,0,4,71,9,84,12,0,12,96
05/03/2013,SLE,OR,ANM,WE,Federal Contract Tower,0,3,8,4,15,0,5,57,10,72,0,8,65,14,87,12,14,26,113
05/04/2013,SLE,OR,ANM,WE,Federal Contract Tower,0,0,8,3,11,0,2,45,3,50,0,2,53,6,61,14,2,16,77
05/05/2013,SLE,OR,ANM,WE,Federal Contract Tower,0,3,1,0,4,0,3,42,2,47,0,6,43,2,51,26,0,26,77
05/06/2013,SLE,OR,ANM,WE,Federal Contract Tower,0,3,8,5,16,0,4,49,6,59,0,7,57,11,75,35,13,48,123
05/07/2013,SLE,OR,ANM,WE,Federal Contract Tower,0,2,5,6,13,0,7,45,16,68,0,9,50,22,81,68,14,82,163
05/08/2013,SLE,OR,ANM,WE,Federal Contract Tower,0,2,9,8,19,0,2,37,17,56,0,4,46,25,75,60,20,80,155
05/09/2013,SLE,OR,ANM,WE,Federal Contract Tower,0,0,16,2,18,0,8,76,7,91,0,8,92,9,109,58,4,62,171
05/10/2013,SLE,OR,ANM,WE,Federal Contract Tower,0,0,12,4,16,0,11,65,8,84,0,11,77,12,100,65,2,67,167
05/11/2013,SLE,OR,ANM,WE,Federal Contract Tower,0,0,13,2,15,0,2,62,4,68,0,2,75,6,83,6,0,6,89
05/12/2013,SLE,OR,ANM,WE,Federal Contract Tower,0,1,11,0,12,0,1,18,0,19,0,2,29,0,31,42,0,42,73
05/13/2013,SLE,OR,ANM,WE,Federal Contract Tower,0,1,17,8,26,0,2,8,4,14,0,3,25,12,40,30,0,30,70
05/14/2013,SLE,OR,ANM,WE,Federal Contract Tower,0,1,14,3,18,0,7,50,9,66,0,8,64,12,84,18,0,18,102
05/15/2013,SLE,OR,ANM,WE,Federal Contract Tower,0,3,16,7,26,0,1,35,7,43,0,4,51,14,69,50,7,57,126
05/16/2013,SLE,OR,ANM,WE,Federal Contract Tower,0,0,15,0,15,0,4,23,0,27,0,4,38,0,42,50,0,50,92
05/17/2013,SLE,OR,ANM,WE,Federal Contract Tower,0,0,7,3,10,0,7,41,9,57,0,7,48,12,67,96,4,100,167
05/18/2013,SLE,OR,ANM,WE,Federal Contract Tower,0,1,17,0,18,0,5,34,0,39,0,6,51,0,57,28,0,28,85
05/19/2013,SLE,OR,ANM,WE,Federal Contract Tower,0,0,5,0,5,0,4,31,2,37,0,4,36,2,42,43,0,43,85
05/20/2013,SLE,OR,ANM,WE,Federal Contract Tower,0,0,13,2,15,0,3,61,1,65,0,3,74,3,80,82,1,83,163
05/21/2013,SLE,OR,ANM,WE,Federal Contract Tower,0,6,16,0,22,0,0,7,0,7,0,6,23,0,29,6,0,6,35
05/22/2013,SLE,OR,ANM,WE,Federal Contract Tower,0,4,7,1,12,0,0,1,2,3,0,4,8,3,15,0,0,0,15
05/23/2013,SLE,OR,ANM,WE,Federal Contract Tower,0,3,20,2,25,0,1,25,2,28,0,4,45,4,53,30,25,55,108
05/24/2013,SLE,OR,ANM,WE,Federal Contract Tower,0,2,8,0,10,0,2,24,1,27,0,4,32,1,37,20,0,20,57
05/25/2013,SLE,OR,ANM,WE,Federal Contract Tower,0,0,6,0,6,0,2,70,0,72,0,2,76,0,78,76,0,76,154
05/26/2013,SLE,OR,ANM,WE,Federal Contract Tower,0,0,9,0,9,0,0,8,0,8,0,0,17,0,17,2,0,2,19
05/27/2013,SLE,OR,ANM,WE,Federal Contract Tower,0,0,11,0,11,0,2,4,0,6,0,2,15,0,17,0,0,0,17
05/28/2013,SLE,OR,ANM,WE,Federal Contract Tower,0,1,14,1,16,0,4,23,4,31,0,5,37,5,47,18,0,18,65
05/29/2013,SLE,OR,ANM,WE,Federal Contract Tower,0,1,5,7,13,0,3,9,9,21,0,4,14,16,34,36,16,52,86
05/30/2013,SLE,OR,ANM,WE,Federal Contract Tower,0,2,39,7,48,0,4,51,4,59,0,6,90,11,107,88,10,98,205
05/31/2013,SLE,OR,ANM,WE,Federal Contract Tower,0,2,12,4,18,0,4,81,3,88,0,6,93,7,106,92,0,92,198
06/01/2013,SLE,OR,ANM,WE,Federal Contract Tower,0,0,6,3,9,0,3,78,11,92,0,3,84,14,101,56,2,58,159
06/02/2013,SLE,OR,ANM,WE,Federal Contract Tower,0,0,16,2,18,0,0,44,3,47,0,0,60,5,65,10,0,10,75
06/03/2013,SLE,OR,ANM,WE,Federal Contract Tower,0,0,16,3,19,0,2,67,2,71,0,2,83,5,90,42,18,60,150
06/04/2013,SLE,OR,ANM,WE,Federal Contract Tower,0,1,16,4,21,0,5,66,6,77,0,6,82,10,98,25,0,25,123
06/05/2013,SLE,OR,ANM,WE,Federal Contract Tower,0,0,18,2,20,0,4,58,5,67,0,4,76,7,87,42,24,66,153
06/06/2013,SLE,OR,ANM,WE,Federal Contract Tower,0,1,3,4,8,0,3,74,9,86,0,4,77,13,94,41,0,41,135
06/07/2013,SLE,OR,ANM,WE,Federal Contract Tower,0,0,10,0,10,0,4,86,9,99,0,4,96,9,109,18,0,18,127
06/08/2013,SLE,OR,ANM,WE,Federal Contract Tower,0,0,18,1,19,0,4,82,0,86,0,4,100,1,105,38,0,38,143
06/09/2013,SLE,OR,ANM,WE,Federal Contract Tower,0,0,9,1,10,0,4,56,0,60,0,4,65,1,70,51,0,51,121
06/10/2013,SLE,OR,ANM,WE,Federal Contract Tower,0,4,16,4,24,0,1,47,0,48,0,5,63,4,72,96,0,96,168
06/11/2013,SLE,OR,ANM,WE,Federal Contract Tower,0,1,14,0,15,0,4,37,7,48,0,5,51,7,63,43,0,43,106
06/12/2013,SLE,OR,ANM,WE,Federal Contract Tower,0,2,13,2,17,0,3,45,3,51,0,5,58,5,68,12,0,12,80
06/13/2013,SLE,OR,ANM,WE,Federal Contract Tower,0,2,8,6,16,0,3,23,4,30,0,5,31,10,46,8,0,8,54
06/14/2013,SLE,OR,ANM,WE,Federal Contract Tower,0,0,10,2,12,0,1,66,4,71,0,1,76,6,83,36,12,48,131
06/15/2013,SLE,OR,ANM,WE,Federal Contract Tower,0,0,9,0,9,0,4,99,0,103,0,4,108,0,112,50,0,50,162
06/16/2013,SLE,OR,ANM,WE,Federal Contract Tower,0,0,7,0,7,0,2,70,0,72,0,2,77,0,79,11,0,11,90
06/17/2013,SLE,OR,ANM,WE,Federal Contract Tower,0,0,3,0,3,0,4,56,1,61,0,4,59,1,64,38,0,38,102
06/18/2013,SLE,OR,ANM,WE,Federal Contract Tower,0,0,3,1,4,0,4,39,1,44,0,4,42,2,48,20,0,20,68
06/19/2013,SLE,OR,ANM,WE,Federal Contract Tower,0,4,14,0,18,0,1,16,5,22,0,5,30,5,40,16,0,16,56
06/20/2013,SLE,OR,ANM,WE,Federal Contract Tower,0,2,6,1,9,0,5,33,9,47,0,7,39,10,56,2,0,2,58
06/21/2013,SLE,OR,ANM,WE,Federal Contract Tower,0,0,11,4,15,0,5,65,4,74,0,5,76,8,89,32,0,32,121
06/22/2013,SLE,OR,ANM,WE,Federal Contract Tower,0,0,19,0,19,0,4,60,2,66,0,4,79,2,85,40,0,40,125
06/23/2013,SLE,OR,ANM,WE,Federal Contract Tower,0,0,17,0,17,0,0,17,0,17,0,0,34,0,34,2,0,2,36
06/24/2013,SLE,OR,ANM,WE,Federal Contract Tower,0,2,11,0,13,0,5,25,2,32,0,7,36,2,45,56,0,56,101
06/25/2013,SLE,OR,ANM,WE,Federal Contract Tower,0,1,15,4,20,0,3,10,6,19,0,4,25,10,39,30,0,30,69
06/26/2013,SLE,OR,ANM,WE,Federal Contract Tower,0,0,12,3,15,0,4,22,4,30,0,4,34,7,45,78,6,84,129
06/27/2013,SLE,OR,ANM,WE,Federal Contract Tower,0,1,23,7,31,0,8,75,6,89,0,9,98,13,120,22,0,22,142
06/28/2013,SLE,OR,ANM,WE,Federal Contract Tower,0,0,12,2,14,0,8,65,3,76,0,8,77,5,90,44,0,44,134
06/29/2013,SLE,OR,ANM,WE,Federal Contract Tower,0,0,4,0,4,0,2,57,2,61,0,2,61,2,65,48,0,48,113
06/30/2013,SLE,OR,ANM,WE,Federal Contract Tower,0,1,3,0,4,0,0,53,5,58,0,1,56,5,62,58,0,58,120
07/01/2013,SLE,OR,ANM,WE,Federal Contract Tower,0,0,9,1,10,0,6,48,3,57,0,6,57,4,67,6,0,6,73
07/02/2013,SLE,OR,ANM,WE,Federal Contract Tower,0,0,10,3,13,0,4,55,5,64,0,4,65,8,77,23,6,29,106
07/03/2013,SLE,OR,ANM,WE,Federal Contract Tower,0,0,10,0,10,0,4,55,0,59,0,4,65,0,69,36,0,36,105
07/04/2013,SLE,OR,ANM,WE,Federal Contract Tower,0,0,1,0,1,0,0,31,0,31,0,0,32,0,32,24,0,24,56
07/05/2013,SLE,OR,ANM,WE,Federal Contract Tower,0,0,6,1,7,0,10,44,1,55,0,10,50,2,62,32,0,32,94
07/06/2013,SLE,OR,ANM,WE,Federal Contract Tower,0,0,7,0,7,0,2,59,2,63,0,2,66,2,70,42,0,42,112
07/07/2013,SLE,OR,ANM,WE,Federal Contract Tower,0,2,6,0,8,0,1,51,0,52,0,3,57,0,60,40,0,40,100
07/08/2013,SLE,OR,ANM,WE,Federal Contract Tower,0,0,13,1,14,0,4,37,1,42,0,4,50,2,56,62,0,62,118
07/09/2013,SLE,OR,ANM,WE,Federal Contract Tower,0,2,13,5,20,0,2,50,5,57,0,4,63,10,77,63,0,63,140
07/10/2013,SLE,OR,ANM,WE,Federal Contract Tower,0,1,18,1,20,0,5,49,8,62,0,6,67,9,82,58,10,68,150
07/11/2013,SLE,OR,ANM,WE,Federal Contract Tower,0,3,16,7,26,0,4,59,9,72,0,7,75,16,98,26,10,36,134
07/12/2013,SLE,OR,ANM,WE,Federal Contract Tower,0,0,12,3,15,0,7,44,3,54,0,7,56,6,69,50,0,50,119
07/13/2013,SLE,OR,ANM,WE,Federal Contract Tower,0,0,4,2,6,0,3,52,1,56,0,3,56,3,62,14,0,14,76
07/14/2013,SLE,OR,ANM,WE,Federal Contract Tower,0,0,4,1,5,0,4,39,7,50,0,4,43,8,55,4,0,4,59
07/15/2013,SLE,OR,ANM,WE,Federal Contract Tower,0,2,5,3,10,0,7,43,2,52,0,9,48,5,62,22,16,38,100
07/16/2013,SLE,OR,ANM,WE,Federal Contract Tower,0,1,9,3,13,0,5,60,9,74,0,6,69,12,87,36,0,36,123
07/17/2013,SLE,OR,ANM,WE,Federal Contract Tower,0,0,18,1,19,0,4,51,6,61,0,4,69,7,80,34,0,34,114
07/18/2013,SLE,OR,ANM,WE,Federal Contract Tower,0,0,11,1,12,0,6,70,12,88,0,6,81,13,100,34,0,34,134
07/19/2013,SLE,OR,ANM,WE,Federal Contract Tower,0,0,19,0,19,0,4,43,4,51,0,4,62,4,70,6,0,6,76
07/20/2013,SLE,OR,ANM,WE,Federal Contract Tower,0,2,11,0,13,0,5,65,0,70,0,7,76,0,83,6,0,6,89
07/21/2013,SLE,OR,ANM,WE,Federal Contract Tower,0,0,6,0,6,0,0,76,0,76,0,0,82,0,82,6,0,6,88
07/22/2013,SLE,OR,ANM,WE,Federal Contract Tower,0,0,15,3,18,0,3,39,3,45,0,3,54,6,63,54,0,54,117
07/23/2013,SLE,OR,ANM,WE,Federal Contract Tower,0,0,11,2,13,0,9,45,4,58,0,9,56,6,71,16,2,18,89
07/24/2013,SLE,OR,ANM,WE,Federal Contract Tower,0,3,27,6,36,0,4,66,12,82,0,7,93,18,118,66,14,80,198
07/25/2013,SLE,OR,ANM,WE,Federal Contract Tower,0,2,19,5,26,0,7,92,13,112,0,9,111,18,138,34,0,34,172
07/26/2013,SLE,OR,ANM,WE,Federal Contract Tower,0,0,14,0,14,0,6,64,4,74,0,6,78,4,88,10,0,10,98
07/27/2013,SLE,OR,ANM,WE,Federal Contract Tower,0,0,12,0,12,0,2,56,0,58,0,2,68,0,70,10,0,10,80
07/28/2013,SLE,OR,ANM,WE,Federal Contract Tower,0,2,10,0,12,0,3,55,0,58,0,5,65,0,70,2,0,2,72
07/29/2013,SLE,OR,ANM,WE,Federal Contract Tower,0,0,15,2,17,0,5,44,2,51,0,5,59,4,68,54,0,54,122
07/30/2013,SLE,OR,ANM,WE,Federal Contract Tower,0,2,27,4,33,0,3,77,8,88,0,5,104,12,121,64,4,68,189
07/31/2013,SLE,OR,ANM,WE,Federal Contract Tower,0,1,12,3,16,0,12,39,3,54,0,13,51,6,70,34,0,34,104
08/01/2013,SLE,OR,ANM,WE,Federal Contract Tower,0,2,28,2,32,0,2,22,1,25,0,4,50,3,57,10,0,10,67
08/02/2013,SLE,OR,ANM,WE,Federal Contract Tower,0,1,14,3,18,0,9,48,0,57,0,10,62,3,75,46,0,46,121
08/03/2013,SLE,OR,ANM,WE,Federal Contract Tower,0,0,2,2,4,0,2,33,4,39,0,2,35,6,43,4,0,4,47
08/04/2013,SLE,OR,ANM,WE,Federal Contract Tower,0,0,3,1,4,0,0,68,3,71,0,0,71,4,75,27,0,27,102
08/05/2013,SLE,OR,ANM,WE,Federal Contract Tower,0,0,9,3,12,0,4,39,4,47,0,4,48,7,59,14,0,14,73
08/06/2013,SLE,OR,ANM,WE,Federal Contract Tower,0,9,5,1,15,0,4,66,0,70,0,13,71,1,85,18,0,18,103
08/07/2013,SLE,OR,ANM,WE,Federal Contract Tower,0,3,14,1,18,0,1,59,7,67,0,4,73,8,85,32,8,40,125
08/08/2013,SLE,OR,ANM,WE,Federal Contract Tower,0,1,28,1,30,0,3,65,2,70,0,4,93,3,100,50,0,50,150
08/09/2013,SLE,OR,ANM,WE,Federal Contract Tower,0,0,8,4,12,0,4,74,2,80,0,4,82,6,92,20,0,20,112
08/10/2013,SLE,OR,ANM,WE,Federal Contract Tower,0,0,11,0,11,0,3,28,3,34,0,3,39,3,45,11,0,11,56
08/11/2013,SLE,OR,ANM,WE,Federal Contract Tower,0,0,10,2,12,0,4,25,1,30,0,4,35,3,42,72,0,72,114
08/12/2013,SLE,OR,ANM,WE,Federal Contract Tower,0,0,10,3,13,0,3,41,1,45,0,3,51,4,58,46,0,46,104
08/13/2013,SLE,OR,ANM,WE,Federal Contract Tower,0,1,15,0,16,0,4,60,4,68,0,5,75,4,84,64,0,64,148
08/14/2013,SLE,OR,ANM,WE,Federal Contract Tower,0,1,24,2,27,0,3,59,1,63,0,4,83,3,90,34,0,34,124
08/15/2013,SLE,OR,ANM,WE,Federal Contract Tower,0,1,35,1,37,0,3,53,2,58,0,4,88,3,95,20,0,20,115
08/16/2013,SLE,OR,ANM,WE,Federal Contract Tower,0,0,13,6,19,0,2,50,0,52,0,2,63,6,71,24,0,24,95
08/17/2013,SLE,OR,ANM,WE,Federal Contract Tower,0,0,10,0,10,0,1,86,0,87,0,1,96,0,97,18,0,18,115
08/18/2013,SLE,OR,ANM,WE,Federal Contract Tower,0,0,16,0,16,0,2,71,0,73,0,2,87,0,89,52,0,52,141
08/19/2013,SLE,OR,ANM,WE,Federal Contract Tower,0,3,35,1,39,0,4,55,0,59,0,7,90,1,98,46,0,46,144
08/20/2013,SLE,OR,ANM,WE,Federal Contract Tower,0,1,17,1,19,0,3,78,3,84,0,4,95,4,103,16,4,20,123
08/21/2013,SLE,OR,ANM,WE,Federal Contract Tower,0,3,12,1,16,0,3,67,2,72,0,6,79,3,88,30,0,30,118
08/22/2013,SLE,OR,ANM,WE,Federal Contract Tower,0,1,13,0,14,0,11,52,4,67,0,12,65,4,81,38,0,38,119
08/23/2013,SLE,OR,ANM,WE,Federal Contract Tower,0,2,6,0,8,0,2,32,0,34,0,4,38,0,42,36,0,36,78
08/24/2013,SLE,OR,ANM,WE,Federal Contract Tower,0,1,21,0,22,0,5,44,0,49,0,6,65,0,71,12,0,12,83
08/25/2013,SLE,OR,ANM,WE,Federal Contract Tower,0,4,10,0,14,0,2,24,1,27,0,6,34,1,41,16,0,16,57
08/26/2013,SLE,OR,ANM,WE,Federal Contract Tower,0,1,14,2,17,0,4,34,1,39,0,5,48,3,56,54,0,54,110
08/27/2013,SLE,OR,ANM,WE,Federal Contract Tower,0,7,9,1,17,0,5,91,4,100,0,12,100,5,117,6,2,8,125
08/28/2013,SLE,OR,ANM,WE,Federal Contract Tower,0,5,23,0,28,0,4,53,6,63,0,9,76,6,91,76,0,76,167
08/29/2013,SLE,OR,ANM,WE,Federal Contract Tower,0,3,14,0,17,0,4,21,4,29,0,7,35,4,46,14,0,14,60
08/30/2013,SLE,OR,ANM,WE,Federal Contract Tower,0,0,17,1,18,0,6,62,3,71,0,6,79,4,89,40,0,40,129
08/31/2013,SLE,OR,ANM,WE,Federal Contract Tower,0,0,9,0,9,0,1,63,0,64,0,1,72,0,73,24,0,24,97
09/01/2013,SLE,OR,ANM,WE,Federal Contract Tower,0,0,5,0,5,0,0,59,0,59,0,0,64,0,64,36,0,36,100
09/02/2013,SLE,OR,ANM,WE,Federal Contract Tower,0,0,8,0,8,0,4,44,0,48,0,4,52,0,56,37,0,37,93
09/03/2013,SLE,OR,ANM,WE,Federal Contract Tower,0,0,13,3,16,0,3,45,11,59,0,3,58,14,75,8,8,16,91
09/04/2013,SLE,OR,ANM,WE,Federal Contract Tower,0,0,22,3,25,0,0,54,6,60,0,0,76,9,85,40,0,40,125
09/05/2013,SLE,OR,ANM,WE,Federal Contract Tower,0,4,8,0,12,0,0,13,0,13,0,4,21,0,25,12,2,14,39
09/06/2013,SLE,OR,ANM,WE,Federal Contract Tower,0,3,7,2,12,0,8,29,5,42,0,11,36,7,54,54,0,54,108
09/07/2013,SLE,OR,ANM,WE,Federal Contract Tower,0,0,5,2,7,0,5,34,4,43,0,5,39,6,50,90,2,92,142
09/08/2013,SLE,OR,ANM,WE,Federal Contract Tower,0,0,10,5,15,0,0,60,4,64,0,0,70,9,79,42,0,42,121
09/09/2013,SLE,OR,ANM,WE,Federal Contract Tower,0,0,13,4,17,0,0,45,0,45,0,0,58,4,62,32,4,36,98
09/10/2013,SLE,OR,ANM,WE,Federal Contract Tower,0,0,12,2,14,0,5,54,2,61,0,5,66,4,75,28,16,44,119
09/11/2013,SLE,OR,ANM,WE,Federal Contract Tower,0,9,19,3,31,0,4,62,11,77,0,13,81,14,108,12,14,26,134
09/12/2013,SLE,OR,ANM,WE,Federal Contract Tower,0,6,4,0,10,0,8,45,4,57,0,14,49,4,67,20,20,40,107
09/13/2013,SLE,OR,ANM,WE,Federal Contract Tower,0,2,23,4,29,0,4,33,2,39,0,6,56,6,68,12,0,12,80
09/14/2013,SLE,OR,ANM,WE,Federal Contract Tower,0,0,10,3,13,0,2,27,0,29,0,2,37,3,42,6,0,6,48
09/15/2013,SLE,OR,ANM,WE,Federal Contract Tower,0,1,17,0,18,0,0,8,0,8,0,1,25,0,26,0,0,0,26
09/16/2013,SLE,OR,ANM,WE,Federal Contract Tower,0,0,10,0,10,0,3,16,0,19,0,3,26,0,29,16,0,16,45
09/17/2013,SLE,OR,ANM,WE,Federal Contract Tower,0,0,11,3,14,0,1,32,8,41,0,1,43,11,55,63,0,63,118
09/18/2013,SLE,OR,ANM,WE,Federal Contract Tower,0,1,14,4,19,0,4,55,7,66,0,5,69,11,85,92,10,102,187
09/19/2013,SLE,OR,ANM,WE,Federal Contract Tower,0,2,58,3,63,0,4,87,13,104,0,6,145,16,167,62,20,82,249
09/20/2013,SLE,OR,ANM,WE,Federal Contract Tower,0,0,11,1,12,0,3,38,2,43,0,3,49,3,55,22,2,24,79
09/21/2013,SLE,OR,ANM,WE,Federal Contract Tower,0,0,5,0,5,0,2,10,0,12,0,2,15,0,17,8,0,8,25
09/22/2013,SLE,OR,ANM,WE,Federal Contract Tower,0,0,6,2,8,0,0,4,0,4,0,0,10,2,12,20,0,20,32
09/23/2013,SLE,OR,ANM,WE,Federal Contract Tower,0,1,19,2,22,0,1,12,5,18,0,2,31,7,40,0,0,0,40
09/24/2013,SLE,OR,ANM,WE,Federal Contract Tower,0,9,15,2,26,0,2,16,0,18,0,11,31,2,44,26,0,26,70
09/25/2013,SLE,OR,ANM,WE,Federal Contract Tower,0,0,18,3,21,0,2,22,6,30,0,2,40,9,51,25,9,34,85
09/26/2013,SLE,OR,ANM,WE,Federal Contract Tower,0,2,17,8,27,0,1,57,7,65,0,3,74,15,92,35,14,49,141
09/27/2013,SLE,OR,ANM,WE,Federal Contract Tower,0,2,23,0,25,0,0,28,0,28,0,2,51,0,53,14,0,14,67
09/28/2013,SLE,OR,ANM,WE,Federal Contract Tower,0,3,3,0,6,0,0,1,0,1,0,3,4,0,7,0,0,0,7
09/29/2013,SLE,OR,ANM,WE,Federal Contract Tower,0,0,10,0,10,0,0,1,0,1,0,0,11,0,11,0,0,0,11
09/30/2013,SLE,OR,ANM,WE,Federal Contract Tower,0,2,14,0,16,0,2,6,5,13,0,4,20,5,29,14,0,14,43
10/01/2013,SLE,OR,ANM,WE,Federal Contract Tower,0,1,7,0,8,0,3,14,0,17,0,4,21,0,25,28,0,28,53
10/02/2013,SLE,OR,ANM,WE,Federal Contract Tower,0,3,11,0,14,0,1,21,0,22,0,4,32,0,36,10,14,24,60
10/03/2013,SLE,OR,ANM,WE,Federal Contract Tower,0,3,14,0,17,0,2,59,0,61,0,5,73,0,78,45,6,51,129
10/04/2013,SLE,OR,ANM,WE,Federal Contract Tower,0,1,21,0,22,0,2,59,0,61,0,3,80,0,83,72,0,72,155
10/05/2013,SLE,OR,ANM,WE,Federal Contract Tower,0,0,9,0,9,0,3,95,0,98,0,3,104,0,107,110,0,110,217
10/06/2013,SLE,OR,ANM,WE,Federal Contract Tower,0,2,7,0,9,0,0,68,0,68,0,2,75,0,77,46,0,46,123
10/07/2013,SLE,OR,ANM,WE,Federal Contract Tower,0,2,7,0,9,0,0,27,0,27,0,2,34,0,36,6,0,6,42
10/08/2013,SLE,OR,ANM,WE,Federal Contract Tower,0,2,13,0,15,0,1,15,1,17,0,3,28,1,32,14,0,14,46
10/09/2013,SLE,OR,ANM,WE,Federal Contract Tower,0,4,33,0,37,0,2,79,0,81,0,6,112,0,118,80,0,80,198
10/10/2013,SLE,OR,ANM,WE,Federal Contract Tower,0,6,29,0,35,0,2,40,0,42,0,8,69,0,77,28,0,28,105
10/11/2013,SLE,OR,ANM,WE,Federal Contract Tower,0,3,19,0,22,0,4,53,0,57,0,7,72,0,79,64,0,64,143
10/12/2013,SLE,OR,ANM,WE,Federal Contract Tower,0,0,12,0,12,0,2,15,0,17,0,2,27,0,29,33,0,33,62
10/13/2013,SLE,OR,ANM,WE,Federal Contract Tower,0,0,15,0,15,0,0,37,0,37,0,0,52,0,52,75,0,75,127
10/14/2013,SLE,OR,ANM,WE,Federal Contract Tower,0,0,8,0,8,0,4,70,0,74,0,4,78,0,82,52,0,52,134
10/15/2013,SLE,OR,ANM,WE,Federal Contract Tower,0,0,20,0,20,0,6,79,0,85,0,6,99,0,105,102,0,102,207
10/16/2013,SLE,OR,ANM,WE,Federal Contract Tower,0,0,12,4,16,0,3,58,10,71,0,3,70,14,87,71,2,73,160
10/17/2013,SLE,OR,ANM,WE,Federal Contract Tower,0,1,18,0,19,0,5,47,0,52,0,6,65,0,71,76,0,76,147
10/18/2013,SLE,OR,ANM,WE,Federal Contract Tower,0,1,20,0,21,0,6,73,0,79,0,7,93,0,100,24,0,24,124
10/19/2013,SLE,OR,ANM,WE,Federal Contract Tower,0,1,8,0,9,0,2,115,0,117,0,3,123,0,126,52,0,52,178
10/20/2013,SLE,OR,ANM,WE,Federal Contract Tower,0,0,9,0,9,0,0,55,0,55,0,0,64,0,64,40,0,40,104
10/21/2013,SLE,OR,ANM,WE,Federal Contract Tower,0,0,22,2,24,0,2,32,0,34,0,2,54,2,58,28,0,28,86
10/22/2013,SLE,OR,ANM,WE,Federal Contract Tower,0,0,18,0,18,0,5,72,3,80,0,5,90,3,98,46,0,46,144
10/23/2013,SLE,OR,ANM,WE,Federal Contract Tower,0,2,12,1,15,0,3,55,3,61,0,5,67,4,76,28,2,30,106
10/24/2013,SLE,OR,ANM,WE,Federal Contract Tower,0,0,16,4,20,0,2,30,2,34,0,2,46,6,54,58,0,58,112
10/25/2013,SLE,OR,ANM,WE,Federal Contract Tower,0,4,18,2,24,0,0,0,0,0,0,4,18,2,24,0,0,0,24
10/26/2013,SLE,OR,ANM,WE,Federal Contract Tower,0,0,16,2,18,0,0,0,0,0,0,0,16,2,18,0,0,0,18
10/27/2013,SLE,OR,ANM,WE,Federal Contract Tower,0,0,9,2,11,0,0,15,0,15,0,0,24,2,26,14,0,14,40
10/28/2013,SLE,OR,ANM,WE,Federal Contract Tower,0,0,19,4,23,0,3,63,0,66,0,3,82,4,89,39,0,39,128
10/29/2013,SLE,OR,ANM,WE,Federal Contract Tower,0,2,11,7,20,0,8,100,22,130,0,10,111,29,150,33,12,45,195
10/30/2013,SLE,OR,ANM,WE,Federal Contract Tower,0,1,17,7,25,0,4,73,24,101,0,5,90,31,126,48,60,108,234
10/31/2013,SLE,OR,ANM,WE,Federal Contract Tower,0,2,20,7,29,0,2,25,7,34,0,4,45,14,63,38,16,54,117
11/01/2013,SLE,OR,ANM,WE,Federal Contract Tower,0,0,22,2,24,0,4,36,0,40,0,4,58,2,64,26,0,26,90
11/02/2013,SLE,OR,ANM,WE,Federal Contract Tower,0,0,9,6,15,0,2,7,4,13,0,2,16,10,28,20,14,34,62
11/03/2013,SLE,OR,ANM,WE,Federal Contract Tower,0,0,9,2,11,0,0,23,3,26,0,0,32,5,37,46,0,46,83
11/04/2013,SLE,OR,ANM,WE,Federal Contract Tower,0,2,27,3,32,0,1,5,0,6,0,3,32,3,38,0,0,0,38
11/05/2013,SLE,OR,ANM,WE,Federal Contract Tower,0,5,13,7,25,0,0,5,0,5,0,5,18,7,30,8,0,8,38
11/06/2013,SLE,OR,ANM,WE,Federal Contract Tower,0,4,23,4,31,0,0,0,0,0,0,4,23,4,31,0,0,0,31
11/07/2013,SLE,OR,ANM,WE,Federal Contract Tower,0,2,5,0,7,0,2,2,8,12,0,4,7,8,19,0,0,0,19
11/08/2013,SLE,OR,ANM,WE,Federal Contract Tower,0,1,14,5,20,0,3,27,3,33,0,4,41,8,53,24,6,30,83
11/09/2013,SLE,OR,ANM,WE,Federal Contract Tower,0,3,10,0,13,0,0,11,0,11,0,3,21,0,24,14,0,14,38
11/10/2013,SLE,OR,ANM,WE,Federal Contract Tower,0,9,7,0,16,0,6,49,0,55,0,15,56,0,71,66,0,66,137
11/11/2013,SLE,OR,ANM,WE,Federal Contract Tower,0,1,4,0,5,0,3,41,0,44,0,4,45,0,49,66,0,66,115
11/12/2013,SLE,OR,ANM,WE,Federal Contract Tower,0,2,20,8,30,0,0,10,4,14,0,2,30,12,44,30,27,57,101
11/13/2013,SLE,OR,ANM,WE,Federal Contract Tower,0,4,14,11,29,0,0,0,0,0,0,4,14,11,29,0,0,0,29
11/14/2013,SLE,OR,ANM,WE,Federal Contract Tower,0,0,15,1,16,0,0,31,8,39,0,0,46,9,55,12,0,12,67
11/15/2013,SLE,OR,ANM,WE,Federal Contract Tower,0,3,15,0,18,0,2,27,0,29,0,5,42,0,47,22,0,22,69
11/16/2013,SLE,OR,ANM,WE,Federal Contract Tower,0,2,2,0,4,0,2,24,0,26,0,4,26,0,30,14,0,14,44
11/17/2013,SLE,OR,ANM,WE,Federal Contract Tower,0,0,7,0,7,0,0,1,0,1,0,0,8,0,8,0,0,0,8
11/18/2013,SLE,OR,ANM,WE,Federal Contract Tower,0,1,8,0,9,0,3,20,2,25,0,4,28,2,34,16,0,16,50
11/19/2013,SLE,OR,ANM,WE,Federal Contract Tower,0,4,11,1,16,0,0,0,0,0,0,4,11,1,16,0,0,0,16
11/20/2013,SLE,OR,ANM,WE,Federal Contract Tower,0,3,18,3,24,0,3,58,8,69,0,6,76,11,93,95,10,105,198
11/21/2013,SLE,OR,ANM,WE,Federal Contract Tower,0,1,23,3,27,0,4,83,5,92,0,5,106,8,119,56,0,56,175
11/22/2013,SLE,OR,ANM,WE,Federal Contract Tower,0,1,23,3,27,0,3,86,3,92,0,4,109,6,119,42,2,44,163
11/23/2013,SLE,OR,ANM,WE,Federal Contract Tower,0,0,8,0,8,0,10,88,0,98,0,10,96,0,106,64,0,64,170
11/24/2013,SLE,OR,ANM,WE,Federal Contract Tower,0,0,22,1,23,0,0,78,1,79,0,0,100,2,102,52,0,52,154
11/25/2013,SLE,OR,ANM,WE,Federal Contract Tower,0,1,11,9,21,0,1,63,2,66,0,2,74,11,87,36,6,42,129
11/26/2013,SLE,OR,ANM,WE,Federal Contract Tower,0,2,20,8,30,0,0,55,12,67,0,2,75,20,97,100,40,140,237
11/27/2013,SLE,OR,ANM,WE,Federal Contract Tower,0,1,21,3,25,0,2,72,1,75,0,3,93,4,100,47,0,47,147
11/28/2013,SLE,OR,ANM,WE,Federal Contract Tower,0,0,0,0,0,0,0,31,0,31,0,0,31,0,31,34,0,34,65
11/29/2013,SLE,OR,ANM,WE,Federal Contract Tower,0,1,11,0,12,0,3,37,0,40,0,4,48,0,52,48,0,48,100
11/30/2013,SLE,OR,ANM,WE,Federal Contract Tower,0,0,16,0,16,0,2,33,0,35,0,2,49,0,51,22,0,22,73
12/01/2013,SLE,OR,ANM,WE,Federal Contract Tower,0,0,13,0,13,0,0,0,0,0,0,0,13,0,13,0,0,0,13
12/02/2013,SLE,OR,ANM,WE,Federal Contract Tower,0,1,6,0,7,0,3,16,0,19,0,4,22,0,26,7,0,7,33
12/03/2013,SLE,OR,ANM,WE,Federal Contract Tower,0,2,9,0,11,0,0,20,2,22,0,2,29,2,33,46,8,54,87
12/04/2013,SLE,OR,ANM,WE,Federal Contract Tower,0,2,18,0,20,0,2,50,1,53,0,4,68,1,73,34,1,35,108
12/05/2013,SLE,OR,ANM,WE,Federal Contract Tower,0,2,10,5,17,0,2,50,2,54,0,4,60,7,71,36,14,50,121
12/06/2013,SLE,OR,ANM,WE,Federal Contract Tower,0,5,6,0,11,0,1,2,0,3,0,6,8,0,14,6,0,6,20
12/07/2013,SLE,OR,ANM,WE,Federal Contract Tower,0,0,3,0,3,0,2,34,0,36,0,2,37,0,39,8,0,8,47
12/08/2013,SLE,OR,ANM,WE,Federal Contract Tower,0,0,3,0,3,0,0,12,2,14,0,0,15,2,17,4,0,4,21
12/09/2013,SLE,OR,ANM,WE,Federal Contract Tower,0,3,8,1,12,0,3,20,7,30,0,6,28,8,42,0,0,0,42
12/10/2013,SLE,OR,ANM,WE,Federal Contract Tower,0,3,9,3,15,0,1,26,6,33,0,4,35,9,48,0,0,0,48
12/11/2013,SLE,OR,ANM,WE,Federal Contract Tower,0,5,10,1,16,0,0,0,0,0,0,5,10,1,16,0,0,0,16
12/12/2013,SLE,OR,ANM,WE,Federal Contract Tower,0,6,11,0,17,0,0,0,0,0,0,6,11,0,17,0,0,0,17
12/13/2013,SLE,OR,ANM,WE,Federal Contract Tower,0,5,15,2,22,0,1,27,3,31,0,6,42,5,53,22,0,22,75
12/14/2013,SLE,OR,ANM,WE,Federal Contract Tower,0,3,7,2,12,0,0,2,0,2,0,3,9,2,14,26,0,26,40
12/15/2013,SLE,OR,ANM,WE,Federal Contract Tower,0,0,10,0,10,0,1,4,0,5,0,1,14,0,15,28,0,28,43
12/16/2013,SLE,OR,ANM,WE,Federal Contract Tower,0,4,8,2,14,0,0,0,0,0,0,4,8,2,14,0,0,0,14
12/17/2013,SLE,OR,ANM,WE,Federal Contract Tower,0,4,10,1,15,0,0,0,0,0,0,4,10,1,15,0,0,0,15
12/18/2013,SLE,OR,ANM,WE,Federal Contract Tower,0,8,18,7,33,0,0,0,6,6,0,8,18,13,39,0,10,10,49
12/19/2013,SLE,OR,ANM,WE,Federal Contract Tower,0,7,16,8,31,0,1,35,1,37,0,8,51,9,68,20,46,66,134
12/20/2013,SLE,OR,ANM,WE,Federal Contract Tower,0,3,11,0,14,0,1,4,0,5,0,4,15,0,19,0,0,0,19
12/21/2013,SLE,OR,ANM,WE,Federal Contract Tower,0,0,21,0,21,0,1,39,0,40,0,1,60,0,61,28,0,28,89
12/22/2013,SLE,OR,ANM,WE,Federal Contract Tower,0,0,16,0,16,0,0,29,0,29,0,0,45,0,45,14,0,14,59
12/23/2013,SLE,OR,ANM,WE,Federal Contract Tower,0,3,11,2,16,0,1,8,0,9,0,4,19,2,25,4,0,4,29
12/24/2013,SLE,OR,ANM,WE,Federal Contract Tower,0,2,0,0,2,0,0,0,0,0,0,2,0,0,2,0,0,0,2
12/25/2013,SLE,OR,ANM,WE,Federal Contract Tower,0,0,7,0,7,0,0,0,0,0,0,0,7,0,7,0,0,0,7
12/26/2013,SLE,OR,ANM,WE,Federal Contract Tower,0,10,16,0,26,0,0,0,0,0,0,10,16,0,26,0,0,0,26
12/27/2013,SLE,OR,ANM,WE,Federal Contract Tower,0,6,9,0,15,0,0,0,0,0,0,6,9,0,15,0,0,0,15
12/28/2013,SLE,OR,ANM,WE,Federal Contract Tower,0,2,10,0,12,0,2,27,0,29,0,4,37,0,41,42,0,42,83
12/29/2013,SLE,OR,ANM,WE,Federal Contract Tower,0,4,19,0,23,0,0,0,0,0,0,4,19,0,23,0,0,0,23
12/30/2013,SLE,OR,ANM,WE,Federal Contract Tower,0,1,9,0,10,0,2,13,0,15,0,3,22,0,25,4,0,4,29
12/31/2013,SLE,OR,ANM,WE,Federal Contract Tower,0,1,9,2,12,0,2,46,0,48,0,3,55,2,60,62,0,62,122
01/01/2014,SLE,OR,ANM,WE,Federal Contract Tower,0,0,5,0,5,0,0,0,0,0,0,0,5,0,5,0,0,0,5
01/02/2014,SLE,OR,ANM,WE,Federal Contract Tower,0,2,6,5,13,0,2,6,0,8,0,4,12,5,21,2,0,2,23
01/03/2014,SLE,OR,ANM,WE,Federal Contract Tower,0,1,11,2,14,0,5,62,1,68,0,6,73,3,82,74,0,74,156
01/04/2014,SLE,OR,ANM,WE,Federal Contract Tower,0,1,22,1,24,0,2,60,7,69,0,3,82,8,93,40,12,52,145
01/05/2014,SLE,OR,ANM,WE,Federal Contract Tower,0,0,11,3,14,0,0,67,4,71,0,0,78,7,85,50,0,50,135
01/06/2014,SLE,OR,ANM,WE,Federal Contract Tower,0,1,11,0,12,0,4,33,1,38,0,5,44,1,50,20,0,20,70
01/07/2014,SLE,OR,ANM,WE,Federal Contract Tower,0,7,7,0,14,0,0,0,2,2,0,7,7,2,16,0,6,6,22
01/08/2014,SLE,OR,ANM,WE,Federal Contract Tower,0,4,6,0,10,0,0,2,2,4,0,4,8,2,14,0,14,14,28
01/09/2014,SLE,OR,ANM,WE,Federal Contract Tower,0,4,6,4,14,0,0,8,0,8,0,4,14,4,22,0,24,24,46
01/10/2014,SLE,OR,ANM,WE,Federal Contract Tower,0,2,6,0,8,0,2,7,4,13,0,4,13,4,21,0,6,6,27
01/11/2014,SLE,OR,ANM,WE,Federal Contract Tower,0,2,2,0,4,0,0,2,0,2,0,2,4,0,6,2,0,2,8
01/12/2014,SLE,OR,ANM,WE,Federal Contract Tower,0,0,6,0,6,0,0,2,0,2,0,0,8,0,8,0,0,0,8
01/13/2014,SLE,OR,ANM,WE,Federal Contract Tower,0,6,12,5,23,0,2,31,0,33,0,8,43,5,56,22,0,22,78
01/14/2014,SLE,OR,ANM,WE,Federal Contract Tower,0,3,6,1,10,0,4,19,2,25,0,7,25,3,35,20,0,20,55
01/15/2014,SLE,OR,ANM,WE,Federal Contract Tower,0,6,17,0,23,0,0,0,0,0,0,6,17,0,23,0,1,1,24
01/16/2014,SLE,OR,ANM,WE,Federal Contract Tower,0,2,21,2,25,0,0,12,0,12,0,2,33,2,37,14,0,14,51
01/17/2014,SLE,OR,ANM,WE,Federal Contract Tower,0,6,6,0,12,0,0,0,0,0,0,6,6,0,12,0,0,0,12
01/18/2014,SLE,OR,ANM,WE,Federal Contract Tower,0,4,7,0,11,0,0,0,0,0,0,4,7,0,11,0,0,0,11
01/19/2014,SLE,OR,ANM,WE,Federal Contract Tower,0,0,14,0,14,0,0,0,0,0,0,0,14,0,14,0,0,0,14
01/20/2014,SLE,OR,ANM,WE,Federal Contract Tower,0,0,8,0,8,0,4,72,0,76,0,4,80,0,84,42,0,42,126
01/21/2014,SLE,OR,ANM,WE,Federal Contract Tower,0,0,14,4,18,0,2,39,13,54,0,2,53,17,72,40,38,78,150
01/22/2014,SLE,OR,ANM,WE,Federal Contract Tower,0,3,9,1,13,0,1,37,20,58,0,4,46,21,71,55,44,99,170
01/23/2014,SLE,OR,ANM,WE,Federal Contract Tower,0,0,10,6,16,0,6,53,4,63,0,6,63,10,79,24,12,36,115
01/24/2014,SLE,OR,ANM,WE,Federal Contract Tower,0,3,34,5,42,0,2,89,1,92,0,5,123,6,134,38,0,38,172
01/25/2014,SLE,OR,ANM,WE,Federal Contract Tower,0,2,7,1,10,0,4,115,0,119,0,6,122,1,129,26,0,26,155
01/26/2014,SLE,OR,ANM,WE,Federal Contract Tower,0,0,10,0,10,0,1,83,0,84,0,1,93,0,94,84,0,84,178
01/27/2014,SLE,OR,ANM,WE,Federal Contract Tower,0,2,7,4,13,0,2,35,2,39,0,4,42,6,52,0,0,0,52
01/28/2014,SLE,OR,ANM,WE,Federal Contract Tower,0,4,15,4,23,0,0,2,0,2,0,4,17,4,25,0,0,0,25
01/29/2014,SLE,OR,ANM,WE,Federal Contract Tower,0,0,4,2,6,0,1,2,2,5,0,1,6,4,11,0,0,0,11
01/30/2014,SLE,OR,ANM,WE,Federal Contract Tower,0,2,8,4,14,0,2,37,0,39,0,4,45,4,53,40,0,40,93
01/31/2014,SLE,OR,ANM,WE,Federal Contract Tower,0,3,8,1,12,0,1,19,2,22,0,4,27,3,34,8,0,8,42
02/01/2014,SLE,OR,ANM,WE,Federal Contract Tower,0,0,28,0,28,0,4,68,0,72,0,4,96,0,100,38,0,38,138
02/02/2014,SLE,OR,ANM,WE,Federal Contract Tower,0,1,20,2,23,0,0,42,0,42,0,1,62,2,65,18,0,18,83
02/03/2014,SLE,OR,ANM,WE,Federal Contract Tower,0,4,9,3,16,0,2,23,0,25,0,6,32,3,41,76,0,76,117
02/04/2014,SLE,OR,ANM,WE,Federal Contract Tower,0,4,17,0,21,0,0,5,10,15,0,4,22,10,36,22,0,22,58
02/05/2014,SLE,OR,ANM,WE,Federal Contract Tower,0,1,12,8,21,0,3,43,17,63,0,4,55,25,84,24,44,68,152
02/06/2014,SLE,OR,ANM,WE,Federal Contract Tower,0,5,7,0,12,0,0,0,0,0,0,5,7,0,12,0,0,0,12
02/07/2014,SLE,OR,ANM,WE,Federal Contract Tower,0,0,0,0,0,0,0,0,0,0,0,0,0,0,0,0,0,0,0
02/08/2014,SLE,OR,ANM,WE,Federal Contract Tower,0,0,0,0,0,0,0,0,0,0,0,0,0,0,0,0,0,0,0
02/09/2014,SLE,OR,ANM,WE,Federal Contract Tower,0,0,0,0,0,0,0,0,0,0,0,0,0,0,0,0,0,0,0
02/10/2014,SLE,OR,ANM,WE,Federal Contract Tower,0,0,0,0,0,0,0,0,0,0,0,0,0,0,0,0,0,0,0
02/11/2014,SLE,OR,ANM,WE,Federal Contract Tower,0,4,7,2,13,0,0,4,5,9,0,4,11,7,22,0,6,6,28
02/12/2014,SLE,OR,ANM,WE,Federal Contract Tower,0,9,21,3,33,0,0,1,0,1,0,9,22,3,34,0,0,0,34
02/13/2014,SLE,OR,ANM,WE,Federal Contract Tower,0,1,17,4,22,0,3,36,1,40,0,4,53,5,62,32,0,32,94
02/14/2014,SLE,OR,ANM,WE,Federal Contract Tower,0,6,11,2,19,0,3,6,3,12,0,9,17,5,31,4,0,4,35
02/15/2014,SLE,OR,ANM,WE,Federal Contract Tower,0,3,5,0,8,0,0,0,0,0,0,3,5,0,8,0,0,0,8
02/16/2014,SLE,OR,ANM,WE,Federal Contract Tower,0,1,2,0,3,0,0,12,0,12,0,1,14,0,15,12,0,12,27
02/17/2014,SLE,OR,ANM,WE,Federal Contract Tower,0,2,8,0,10,0,4,10,0,14,0,6,18,0,24,0,0,0,24
02/18/2014,SLE,OR,ANM,WE,Federal Contract Tower,0,4,10,3,17,0,2,2,8,12,0,6,12,11,29,1,2,3,32
02/19/2014,SLE,OR,ANM,WE,Federal Contract Tower,0,2,10,2,14,0,2,14,7,23,0,4,24,9,37,22,36,58,95
02/20/2014,SLE,OR,ANM,WE,Federal Contract Tower,0,3,15,0,18,0,2,4,6,12,0,5,19,6,30,0,22,22,52
02/21/2014,SLE,OR,ANM,WE,Federal Contract Tower,0,0,26,5,31,0,2,86,3,91,0,2,112,8,122,48,0,48,170
02/22/2014,SLE,OR,ANM,WE,Federal Contract Tower,0,0,9,2,11,0,1,90,6,97,0,1,99,8,108,60,6,66,174
02/23/2014,SLE,OR,ANM,WE,Federal Contract Tower,0,1,12,0,13,0,0,31,0,31,0,1,43,0,44,15,0,15,59
02/24/2014,SLE,OR,ANM,WE,Federal Contract Tower,0,13,2,2,17,0,0,1,0,1,0,13,3,2,18,0,0,0,18
02/25/2014,SLE,OR,ANM,WE,Federal Contract Tower,0,0,17,1,18,0,4,65,5,74,0,4,82,6,92,6,4,10,102
02/26/2014,SLE,OR,ANM,WE,Federal Contract Tower,0,0,8,3,11,0,6,60,2,68,0,6,68,5,79,40,8,48,127
02/27/2014,SLE,OR,ANM,WE,Federal Contract Tower,0,4,14,5,23,0,0,2,0,2,0,4,16,5,25,4,0,4,29
02/28/2014,SLE,OR,ANM,WE,Federal Contract Tower,0,0,17,2,19,0,4,55,2,61,0,4,72,4,80,36,0,36,116
03/01/2014,SLE,OR,ANM,WE,Federal Contract Tower,0,2,7,2,11,0,0,0,0,0,0,2,7,2,11,2,0,2,13
03/02/2014,SLE,OR,ANM,WE,Federal Contract Tower,0,2,3,2,7,0,0,0,0,0,0,2,3,2,7,0,0,0,7
03/03/2014,SLE,OR,ANM,WE,Federal Contract Tower,0,5,16,0,21,0,2,16,0,18,0,7,32,0,39,0,0,0,39
03/04/2014,SLE,OR,ANM,WE,Federal Contract Tower,0,0,19,4,23,0,2,38,14,54,0,2,57,18,77,25,30,55,132
03/05/2014,SLE,OR,ANM,WE,Federal Contract Tower,0,4,5,0,9,0,0,6,0,6,0,4,11,0,15,0,0,0,15
03/06/2014,SLE,OR,ANM,WE,Federal Contract Tower,0,0,9,0,9,0,4,12,10,26,0,4,21,10,35,0,2,2,37
03/07/2014,SLE,OR,ANM,WE,Federal Contract Tower,0,2,6,2,10,0,2,81,13,96,0,4,87,15,106,122,20,142,248
03/08/2014,SLE,OR,ANM,WE,Federal Contract Tower,0,2,12,1,15,0,1,33,10,44,0,3,45,11,59,0,42,42,101
03/09/2014,SLE,OR,ANM,WE,Federal Contract Tower,0,0,10,4,14,0,0,14,0,14,0,0,24,4,28,4,0,4,32
03/10/2014,SLE,OR,ANM,WE,Federal Contract Tower,0,3,5,3,11,0,2,9,0,11,0,5,14,3,22,0,0,0,22
03/11/2014,SLE,OR,ANM,WE,Federal Contract Tower,0,4,8,2,14,0,4,47,0,51,0,8,55,2,65,14,0,14,79
03/12/2014,SLE,OR,ANM,WE,Federal Contract Tower,0,3,23,3,29,0,4,101,0,105,0,7,124,3,134,52,0,52,186
03/13/2014,SLE,OR,ANM,WE,Federal Contract Tower,0,0,14,3,17,0,0,57,2,59,0,0,71,5,76,30,0,30,106
03/14/2014,SLE,OR,ANM,WE,Federal Contract Tower,0,0,9,3,12,0,4,35,0,39,0,4,44,3,51,8,0,8,59
03/15/2014,SLE,OR,ANM,WE,Federal Contract Tower,0,0,13,0,13,0,6,96,0,102,0,6,109,0,115,58,0,58,173
03/16/2014,SLE,OR,ANM,WE,Federal Contract Tower,0,0,9,0,9,0,4,26,0,30,0,4,35,0,39,8,0,8,47
03/17/2014,SLE,OR,ANM,WE,Federal Contract Tower,0,0,6,5,11,0,4,33,0,37,0,4,39,5,48,4,0,4,52
03/18/2014,SLE,OR,ANM,WE,Federal Contract Tower,0,0,9,9,18,0,3,69,9,81,0,3,78,18,99,38,0,38,137
03/19/2014,SLE,OR,ANM,WE,Federal Contract Tower,0,6,13,1,20,0,3,22,25,50,0,9,35,26,70,4,36,40,110
03/20/2014,SLE,OR,ANM,WE,Federal Contract Tower,0,3,33,1,37,0,4,59,5,68,0,7,92,6,105,12,16,28,133
03/21/2014,SLE,OR,ANM,WE,Federal Contract Tower,0,0,16,1,17,0,3,76,5,84,0,3,92,6,101,26,0,26,127
03/22/2014,SLE,OR,ANM,WE,Federal Contract Tower,0,0,14,0,14,0,2,93,0,95,0,2,107,0,109,16,0,16,125
03/23/2014,SLE,OR,ANM,WE,Federal Contract Tower,0,0,13,0,13,0,0,84,0,84,0,0,97,0,97,8,0,8,105
03/24/2014,SLE,OR,ANM,WE,Federal Contract Tower,0,1,9,3,13,0,3,59,4,66,0,4,68,7,79,26,0,26,105
03/25/2014,SLE,OR,ANM,WE,Federal Contract Tower,0,2,6,3,11,0,1,9,3,13,0,3,15,6,24,0,0,0,24
03/26/2014,SLE,OR,ANM,WE,Federal Contract Tower,0,1,18,0,19,0,1,14,8,23,0,2,32,8,42,0,6,6,48
03/27/2014,SLE,OR,ANM,WE,Federal Contract Tower,0,2,2,0,4,0,2,8,4,14,0,4,10,4,18,0,0,0,18
03/28/2014,SLE,OR,ANM,WE,Federal Contract Tower,0,4,6,1,11,0,0,2,0,2,0,4,8,1,13,2,0,2,15
03/29/2014,SLE,OR,ANM,WE,Federal Contract Tower,0,0,3,0,3,0,2,3,0,5,0,2,6,0,8,0,0,0,8
03/30/2014,SLE,OR,ANM,WE,Federal Contract Tower,0,0,13,0,13,0,18,22,0,40,0,18,35,0,53,14,0,14,67
03/31/2014,SLE,OR,ANM,WE,Federal Contract Tower,0,1,7,0,8,0,5,34,0,39,0,6,41,0,47,32,0,32,79
04/01/2014,SLE,OR,ANM,WE,Federal Contract Tower,0,0,9,1,10,0,4,24,10,38,0,4,33,11,48,44,0,44,92
04/02/2014,SLE,OR,ANM,WE,Federal Contract Tower,0,0,21,1,22,0,3,45,6,54,0,3,66,7,76,12,0,12,88
04/03/2014,SLE,OR,ANM,WE,Federal Contract Tower,0,2,8,7,17,0,2,16,1,19,0,4,24,8,36,16,1,17,53
04/04/2014,SLE,OR,ANM,WE,Federal Contract Tower,0,0,15,0,15,0,5,22,13,40,0,5,37,13,55,32,0,32,87
04/05/2014,SLE,OR,ANM,WE,Federal Contract Tower,0,0,11,7,18,0,0,10,14,24,0,0,21,21,42,14,2,16,58
04/06/2014,SLE,OR,ANM,WE,Federal Contract Tower,0,0,6,3,9,0,7,28,0,35,0,7,34,3,44,8,0,8,52
04/07/2014,SLE,OR,ANM,WE,Federal Contract Tower,0,1,12,1,14,0,14,76,5,95,0,15,88,6,109,18,10,28,137
04/08/2014,SLE,OR,ANM,WE,Federal Contract Tower,0,0,17,4,21,0,12,47,5,64,0,12,64,9,85,12,44,56,141
04/09/2014,SLE,OR,ANM,WE,Federal Contract Tower,0,0,9,4,13,0,4,46,3,53,0,4,55,7,66,62,12,74,140
04/10/2014,SLE,OR,ANM,WE,Federal Contract Tower,0,1,17,3,21,0,4,68,1,73,0,5,85,4,94,22,0,22,116
04/11/2014,SLE,OR,ANM,WE,Federal Contract Tower,0,0,21,1,22,0,5,125,6,136,0,5,146,7,158,56,0,56,214
04/12/2014,SLE,OR,ANM,WE,Federal Contract Tower,0,0,7,2,9,0,9,81,0,90,0,9,88,2,99,54,0,54,153
04/13/2014,SLE,OR,ANM,WE,Federal Contract Tower,0,0,14,0,14,0,0,82,0,82,0,0,96,0,96,40,0,40,136
04/14/2014,SLE,OR,ANM,WE,Federal Contract Tower,0,0,7,2,9,0,6,68,0,74,0,6,75,2,83,18,0,18,101
04/15/2014,SLE,OR,ANM,WE,Federal Contract Tower,0,2,18,1,21,0,6,61,7,74,0,8,79,8,95,60,10,70,165
04/16/2014,SLE,OR,ANM,WE,Federal Contract Tower,0,1,16,2,19,0,4,73,5,82,0,5,89,7,101,42,6,48,149
04/17/2014,SLE,OR,ANM,WE,Federal Contract Tower,0,4,19,1,24,0,0,2,5,7,0,4,21,6,31,0,14,14,45
04/18/2014,SLE,OR,ANM,WE,Federal Contract Tower,0,0,13,3,16,0,5,80,1,86,0,5,93,4,102,80,0,80,182
04/19/2014,SLE,OR,ANM,WE,Federal Contract Tower,0,0,8,0,8,0,3,22,0,25,0,3,30,0,33,0,0,0,33
04/20/2014,SLE,OR,ANM,WE,Federal Contract Tower,0,0,11,0,11,0,4,61,0,65,0,4,72,0,76,26,0,26,102
04/21/2014,SLE,OR,ANM,WE,Federal Contract Tower,0,4,14,2,20,0,0,41,2,43,0,4,55,4,63,24,0,24,87
04/22/2014,SLE,OR,ANM,WE,Federal Contract Tower,0,4,5,2,11,0,5,26,4,35,0,9,31,6,46,6,14,20,66
04/23/2014,SLE,OR,ANM,WE,Federal Contract Tower,0,4,6,5,15,0,0,6,8,14,0,4,12,13,29,0,2,2,31
04/24/2014,SLE,OR,ANM,WE,Federal Contract Tower,0,3,13,1,17,0,3,22,0,25,0,6,35,1,42,24,0,24,66
04/25/2014,SLE,OR,ANM,WE,Federal Contract Tower,0,1,18,2,21,0,3,30,0,33,0,4,48,2,54,78,0,78,132
04/26/2014,SLE,OR,ANM,WE,Federal Contract Tower,0,2,7,0,9,0,3,40,0,43,0,5,47,0,52,22,0,22,74
04/27/2014,SLE,OR,ANM,WE,Federal Contract Tower,0,2,6,0,8,0,0,20,0,20,0,2,26,0,28,8,0,8,36
04/28/2014,SLE,OR,ANM,WE,Federal Contract Tower,0,2,12,3,17,0,6,66,3,75,0,8,78,6,92,52,0,52,144
04/29/2014,SLE,OR,ANM,WE,Federal Contract Tower,0,2,15,8,25,0,5,79,21,105,0,7,94,29,130,66,6,72,202
04/30/2014,SLE,OR,ANM,WE,Federal Contract Tower,0,1,24,5,30,0,3,103,15,121,0,4,127,20,151,72,28,100,251
05/01/2014,SLE,OR,ANM,WE,Federal Contract Tower,0,0,23,8,31,0,5,71,3,79,0,5,94,11,110,18,18,36,146
05/02/2014,SLE,OR,ANM,WE,Federal Contract Tower,0,1,12,3,16,0,3,73,6,82,0,4,85,9,98,74,8,82,180
05/03/2014,SLE,OR,ANM,WE,Federal Contract Tower,0,1,15,4,20,0,0,37,18,55,0,1,52,22,75,76,6,82,157
05/04/2014,SLE,OR,ANM,WE,Federal Contract Tower,0,0,5,3,8,0,2,5,5,12,0,2,10,8,20,16,0,16,36
05/05/2014,SLE,OR,ANM,WE,Federal Contract Tower,0,3,15,0,18,0,3,30,3,36,0,6,45,3,54,18,0,18,72
05/06/2014,SLE,OR,ANM,WE,Federal Contract Tower,0,1,11,3,15,0,5,79,1,85,0,6,90,4,100,68,20,88,188
05/07/2014,SLE,OR,ANM,WE,Federal Contract Tower,0,1,10,1,12,0,4,120,11,135,0,5,130,12,147,68,0,68,215
05/08/2014,SLE,OR,ANM,WE,Federal Contract Tower,0,6,22,4,32,0,0,2,0,2,0,6,24,4,34,2,0,2,36
05/09/2014,SLE,OR,ANM,WE,Federal Contract Tower,0,0,8,1,9,0,3,19,0,22,0,3,27,1,31,30,0,30,61
05/10/2014,SLE,OR,ANM,WE,Federal Contract Tower,0,0,4,0,4,0,4,29,0,33,0,4,33,0,37,8,0,8,45
05/11/2014,SLE,OR,ANM,WE,Federal Contract Tower,0,0,5,0,5,0,0,64,1,65,0,0,69,1,70,18,0,18,88
05/12/2014,SLE,OR,ANM,WE,Federal Contract Tower,0,1,19,1,21,0,4,82,1,87,0,5,101,2,108,83,0,83,191
05/13/2014,SLE,OR,ANM,WE,Federal Contract Tower,0,0,13,3,16,0,4,90,10,104,0,4,103,13,120,92,0,92,212
05/14/2014,SLE,OR,ANM,WE,Federal Contract Tower,0,0,10,3,13,0,4,80,8,92,0,4,90,11,105,84,0,84,189
05/15/2014,SLE,OR,ANM,WE,Federal Contract Tower,0,0,12,6,18,0,5,47,2,54,0,5,59,8,72,16,0,16,88
05/16/2014,SLE,OR,ANM,WE,Federal Contract Tower,0,6,11,3,20,0,3,96,3,102,0,9,107,6,122,82,0,82,204
05/17/2014,SLE,OR,ANM,WE,Federal Contract Tower,0,1,4,0,5,0,2,46,1,49,0,3,50,1,54,10,0,10,64
05/18/2014,SLE,OR,ANM,WE,Federal Contract Tower,0,0,12,0,12,0,0,2,0,2,0,0,14,0,14,0,0,0,14
05/19/2014,SLE,OR,ANM,WE,Federal Contract Tower,0,0,7,2,9,0,4,33,4,41,0,4,40,6,50,0,0,0,50
05/20/2014,SLE,OR,ANM,WE,Federal Contract Tower,0,2,8,5,15,0,3,75,5,83,0,5,83,10,98,57,6,63,161
05/21/2014,SLE,OR,ANM,WE,Federal Contract Tower,0,3,16,4,23,0,4,69,8,81,0,7,85,12,104,50,17,67,171
05/22/2014,SLE,OR,ANM,WE,Federal Contract Tower,0,1,20,6,27,0,4,77,11,92,0,5,97,17,119,32,0,32,151
05/23/2014,SLE,OR,ANM,WE,Federal Contract Tower,0,2,14,2,18,0,4,39,3,46,0,6,53,5,64,40,0,40,104
05/24/2014,SLE,OR,ANM,WE,Federal Contract Tower,0,0,10,0,10,0,4,55,3,62,0,4,65,3,72,62,0,62,134
05/25/2014,SLE,OR,ANM,WE,Federal Contract Tower,0,0,7,0,7,0,2,43,0,45,0,2,50,0,52,14,0,14,66
05/26/2014,SLE,OR,ANM,WE,Federal Contract Tower,0,1,16,1,18,0,3,54,0,57,0,4,70,1,75,6,0,6,81
05/27/2014,SLE,OR,ANM,WE,Federal Contract Tower,0,3,13,1,17,0,5,39,3,47,0,8,52,4,64,40,0,40,104
05/28/2014,SLE,OR,ANM,WE,Federal Contract Tower,0,2,8,0,10,0,7,30,8,45,0,9,38,8,55,24,0,24,79
05/29/2014,SLE,OR,ANM,WE,Federal Contract Tower,0,1,43,5,49,0,1,59,7,67,0,2,102,12,116,28,0,28,144
05/30/2014,SLE,OR,ANM,WE,Federal Contract Tower,0,2,11,2,15,0,3,71,3,77,0,5,82,5,92,26,0,26,118
05/31/2014,SLE,OR,ANM,WE,Federal Contract Tower,0,0,21,0,21,0,5,72,0,77,0,5,93,0,98,6,0,6,104
06/01/2014,SLE,OR,ANM,WE,Federal Contract Tower,0,0,15,0,15,0,0,61,0,61,0,0,76,0,76,50,0,50,126
06/02/2014,SLE,OR,ANM,WE,Federal Contract Tower,0,1,15,2,18,0,4,35,2,41,0,5,50,4,59,2,0,2,61
06/03/2014,SLE,OR,ANM,WE,Federal Contract Tower,0,1,18,6,25,0,4,74,7,85,0,5,92,13,110,16,4,20,130
06/04/2014,SLE,OR,ANM,WE,Federal Contract Tower,0,2,25,8,35,0,4,50,7,61,0,6,75,15,96,16,6,22,118
06/05/2014,SLE,OR,ANM,WE,Federal Contract Tower,0,0,18,3,21,0,6,95,4,105,0,6,113,7,126,68,0,68,194
06/06/2014,SLE,OR,ANM,WE,Federal Contract Tower,0,0,6,3,9,0,3,88,4,95,0,3,94,7,104,34,0,34,138
06/07/2014,SLE,OR,ANM,WE,Federal Contract Tower,0,0,10,1,11,0,9,85,6,100,0,9,95,7,111,6,0,6,117
06/08/2014,SLE,OR,ANM,WE,Federal Contract Tower,0,2,12,4,18,0,2,59,2,63,0,4,71,6,81,38,0,38,119
06/09/2014,SLE,OR,ANM,WE,Federal Contract Tower,0,1,16,5,22,0,3,42,27,72,0,4,58,32,94,30,24,54,148
06/10/2014,SLE,OR,ANM,WE,Federal Contract Tower,0,0,20,6,26,0,3,56,10,69,0,3,76,16,95,44,8,52,147
06/11/2014,SLE,OR,ANM,WE,Federal Contract Tower,0,1,17,5,23,0,4,65,12,81,0,5,82,17,104,86,6,92,196
06/12/2014,SLE,OR,ANM,WE,Federal Contract Tower,0,3,34,9,46,0,3,22,1,26,0,6,56,10,72,0,0,0,72
06/13/2014,SLE,OR,ANM,WE,Federal Contract Tower,0,2,12,7,21,0,4,17,1,22,0,6,29,8,43,8,0,8,51
06/14/2014,SLE,OR,ANM,WE,Federal Contract Tower,0,1,9,7,17,0,2,46,9,57,0,3,55,16,74,58,0,58,132
06/15/2014,SLE,OR,ANM,WE,Federal Contract Tower,0,0,12,7,19,0,0,17,4,21,0,0,29,11,40,0,12,12,52
06/16/2014,SLE,OR,ANM,WE,Federal Contract Tower,0,7,10,0,17,0,2,24,12,38,0,9,34,12,55,10,0,10,65
06/17/2014,SLE,OR,ANM,WE,Federal Contract Tower,0,6,19,13,38,0,2,18,13,33,0,8,37,26,71,20,0,20,91
06/18/2014,SLE,OR,ANM,WE,Federal Contract Tower,0,1,15,6,22,0,4,69,13,86,0,5,84,19,108,24,10,34,142
06/19/2014,SLE,OR,ANM,WE,Federal Contract Tower,0,1,12,0,13,0,3,72,6,81,0,4,84,6,94,50,0,50,144
06/20/2014,SLE,OR,ANM,WE,Federal Contract Tower,0,1,16,1,18,0,2,47,4,53,0,3,63,5,71,20,4,24,95
06/21/2014,SLE,OR,ANM,WE,Federal Contract Tower,0,3,6,0,9,0,3,68,0,71,0,6,74,0,80,8,0,8,88
06/22/2014,SLE,OR,ANM,WE,Federal Contract Tower,0,0,7,0,7,0,0,62,0,62,0,0,69,0,69,12,0,12,81
06/23/2014,SLE,OR,ANM,WE,Federal Contract Tower,0,0,19,0,19,0,7,57,0,64,0,7,76,0,83,8,0,8,91
06/24/2014,SLE,OR,ANM,WE,Federal Contract Tower,0,7,18,4,29,0,4,64,2,70,0,11,82,6,99,38,0,38,137
06/25/2014,SLE,OR,ANM,WE,Federal Contract Tower,0,5,20,5,30,0,1,22,0,23,0,6,42,5,53,4,0,4,57
06/26/2014,SLE,OR,ANM,WE,Federal Contract Tower,0,3,20,3,26,0,1,16,2,19,0,4,36,5,45,44,6,50,95
06/27/2014,SLE,OR,ANM,WE,Federal Contract Tower,0,4,11,2,17,0,4,11,7,22,0,8,22,9,39,10,2,12,51
06/28/2014,SLE,OR,ANM,WE,Federal Contract Tower,0,0,10,1,11,0,4,26,3,33,0,4,36,4,44,4,0,4,48
06/29/2014,SLE,OR,ANM,WE,Federal Contract Tower,0,1,9,4,14,0,4,73,1,78,0,5,82,5,92,16,8,24,116
06/30/2014,SLE,OR,ANM,WE,Federal Contract Tower,0,1,12,2,15,0,6,59,7,72,0,7,71,9,87,26,0,26,113
07/01/2014,SLE,OR,ANM,WE,Federal Contract Tower,0,1,9,1,11,0,11,62,7,80,0,12,71,8,91,22,6,28,119
07/02/2014,SLE,OR,ANM,WE,Federal Contract Tower,0,0,11,1,12,0,4,85,6,95,0,4,96,7,107,40,0,40,147
07/03/2014,SLE,OR,ANM,WE,Federal Contract Tower,0,1,11,2,14,0,5,57,5,67,0,6,68,7,81,36,0,36,117
07/04/2014,SLE,OR,ANM,WE,Federal Contract Tower,0,0,16,0,16,0,3,50,0,53,0,3,66,0,69,14,0,14,83
07/05/2014,SLE,OR,ANM,WE,Federal Contract Tower,0,0,9,0,9,0,4,62,0,66,0,4,71,0,75,0,0,0,75
07/06/2014,SLE,OR,ANM,WE,Federal Contract Tower,0,1,15,0,16,0,3,64,0,67,0,4,79,0,83,2,0,2,85
07/07/2014,SLE,OR,ANM,WE,Federal Contract Tower,0,3,27,2,32,0,6,56,4,66,0,9,83,6,98,32,0,32,130
07/08/2014,SLE,OR,ANM,WE,Federal Contract Tower,0,0,26,1,27,0,4,44,4,52,0,4,70,5,79,6,0,6,85
07/09/2014,SLE,OR,ANM,WE,Federal Contract Tower,0,1,21,1,23,0,3,66,9,78,0,4,87,10,101,22,6,28,129
07/10/2014,SLE,OR,ANM,WE,Federal Contract Tower,0,0,29,7,36,0,3,82,2,87,0,3,111,9,123,16,0,16,139
07/11/2014,SLE,OR,ANM,WE,Federal Contract Tower,0,3,21,2,26,0,6,70,2,78,0,9,91,4,104,36,0,36,140
07/12/2014,SLE,OR,ANM,WE,Federal Contract Tower,0,1,25,0,26,0,4,106,2,112,0,5,131,2,138,18,0,18,156
07/13/2014,SLE,OR,ANM,WE,Federal Contract Tower,0,0,1,1,2,0,0,19,2,21,0,0,20,3,23,2,0,2,25
07/14/2014,SLE,OR,ANM,WE,Federal Contract Tower,0,2,5,2,9,0,4,46,0,50,0,6,51,2,59,18,0,18,77
07/15/2014,SLE,OR,ANM,WE,Federal Contract Tower,0,4,6,1,11,0,1,49,6,56,0,5,55,7,67,11,0,11,78
07/16/2014,SLE,OR,ANM,WE,Federal Contract Tower,0,4,10,1,15,0,2,60,10,72,0,6,70,11,87,12,0,12,99
07/17/2014,SLE,OR,ANM,WE,Federal Contract Tower,0,2,7,1,10,0,2,61,8,71,0,4,68,9,81,10,0,10,91
07/18/2014,SLE,OR,ANM,WE,Federal Contract Tower,0,3,2,1,6,0,5,78,1,84,0,8,80,2,90,14,0,14,104
07/19/2014,SLE,OR,ANM,WE,Federal Contract Tower,0,0,10,0,10,0,6,57,3,66,0,6,67,3,76,10,0,10,86
07/20/2014,SLE,OR,ANM,WE,Federal Contract Tower,0,0,17,0,17,0,6,45,0,51,0,6,62,0,68,30,0,30,98
07/21/2014,SLE,OR,ANM,WE,Federal Contract Tower,0,0,0,0,0,0,0,1,3,4,0,0,1,3,4,2,0,2,6
07/22/2014,SLE,OR,ANM,WE,Federal Contract Tower,0,0,0,2,2,0,0,3,8,11,0,0,3,10,13,0,0,0,13
07/23/2014,SLE,OR,ANM,WE,Federal Contract Tower,0,0,0,1,1,0,0,3,0,3,0,0,3,1,4,0,0,0,4
07/24/2014,SLE,OR,ANM,WE,Federal Contract Tower,0,0,2,0,2,0,0,3,4,7,0,0,5,4,9,2,0,2,11
07/25/2014,SLE,OR,ANM,WE,Federal Contract Tower,0,0,1,0,1,0,2,17,10,29,0,2,18,10,30,0,0,0,30
07/26/2014,SLE,OR,ANM,WE,Federal Contract Tower,0,0,3,0,3,0,3,64,1,68,0,3,67,1,71,18,0,18,89
07/27/2014,SLE,OR,ANM,WE,Federal Contract Tower,0,0,13,2,15,0,1,42,1,44,0,1,55,3,59,42,0,42,101
07/28/2014,SLE,OR,ANM,WE,Federal Contract Tower,0,1,6,2,9,0,8,72,1,81,0,9,78,3,90,38,6,44,134
07/29/2014,SLE,OR,ANM,WE,Federal Contract Tower,0,1,9,1,11,0,4,55,5,64,0,5,64,6,75,40,0,40,115
07/30/2014,SLE,OR,ANM,WE,Federal Contract Tower,0,3,2,2,7,0,10,60,6,76,0,13,62,8,83,58,0,58,141
07/31/2014,SLE,OR,ANM,WE,Federal Contract Tower,0,1,5,1,7,0,3,47,7,57,0,4,52,8,64,64,0,64,128
08/01/2014,SLE,OR,ANM,WE,Federal Contract Tower,0,1,4,0,5,0,6,56,5,67,0,7,60,5,72,12,0,12,84
08/02/2014,SLE,OR,ANM,WE,Federal Contract Tower,0,0,0,0,0,0,2,61,8,71,0,2,61,8,71,12,0,12,83
08/03/2014,SLE,OR,ANM,WE,Federal Contract Tower,0,0,0,0,0,0,2,52,2,56,0,2,52,2,56,0,0,0,56
08/04/2014,SLE,OR,ANM,WE,Federal Contract Tower,0,1,6,2,9,0,11,38,11,60,0,12,44,13,69,0,6,6,75
08/05/2014,SLE,OR,ANM,WE,Federal Contract Tower,0,2,8,0,10,0,1,63,6,70,0,3,71,6,80,20,0,20,100
08/06/2014,SLE,OR,ANM,WE,Federal Contract Tower,0,2,10,0,12,0,4,55,3,62,0,6,65,3,74,22,0,22,96
08/07/2014,SLE,OR,ANM,WE,Federal Contract Tower,0,2,7,0,9,0,2,51,2,55,0,4,58,2,64,40,0,40,104
08/08/2014,SLE,OR,ANM,WE,Federal Contract Tower,0,0,3,0,3,0,5,65,2,72,0,5,68,2,75,20,0,20,95
08/09/2014,SLE,OR,ANM,WE,Federal Contract Tower,0,0,7,0,7,0,7,70,2,79,0,7,77,2,86,16,0,16,102
08/10/2014,SLE,OR,ANM,WE,Federal Contract Tower,0,2,2,0,4,0,5,37,0,42,0,7,39,0,46,0,0,0,46
08/11/2014,SLE,OR,ANM,WE,Federal Contract Tower,0,0,6,0,6,0,4,32,3,39,0,4,38,3,45,4,2,6,51
08/12/2014,SLE,OR,ANM,WE,Federal Contract Tower,0,2,10,0,12,0,6,32,3,41,0,8,42,3,53,14,0,14,67
08/13/2014,SLE,OR,ANM,WE,Federal Contract Tower,0,2,11,0,13,0,1,38,0,39,0,3,49,0,52,30,0,30,82
08/14/2014,SLE,OR,ANM,WE,Federal Contract Tower,0,4,6,1,11,0,3,40,1,44,0,7,46,2,55,30,0,30,85
08/15/2014,SLE,OR,ANM,WE,Federal Contract Tower,0,2,9,3,14,0,4,39,0,43,0,6,48,3,57,50,0,50,107
08/16/2014,SLE,OR,ANM,WE,Federal Contract Tower,0,1,14,0,15,0,8,82,0,90,0,9,96,0,105,46,0,46,151
08/17/2014,SLE,OR,ANM,WE,Federal Contract Tower,0,1,9,0,10,0,0,57,1,58,0,1,66,1,68,24,0,24,92
08/18/2014,SLE,OR,ANM,WE,Federal Contract Tower,0,0,14,2,16,0,6,45,4,55,0,6,59,6,71,64,0,64,135
08/19/2014,SLE,OR,ANM,WE,Federal Contract Tower,0,0,18,1,19,0,2,51,5,58,0,2,69,6,77,50,6,56,133
08/20/2014,SLE,OR,ANM,WE,Federal Contract Tower,0,2,16,3,21,0,5,62,5,72,0,7,78,8,93,34,1,35,128
08/21/2014,SLE,OR,ANM,WE,Federal Contract Tower,0,1,6,1,8,0,5,73,8,86,0,6,79,9,94,26,4,30,124
08/22/2014,SLE,OR,ANM,WE,Federal Contract Tower,0,1,9,2,12,0,5,78,13,96,0,6,87,15,108,58,0,58,166
08/23/2014,SLE,OR,ANM,WE,Federal Contract Tower,0,0,19,0,19,0,4,87,0,91,0,4,106,0,110,22,0,22,132
08/24/2014,SLE,OR,ANM,WE,Federal Contract Tower,0,0,10,0,10,0,3,45,0,48,0,3,55,0,58,10,0,10,68
08/25/2014,SLE,OR,ANM,WE,Federal Contract Tower,0,0,15,5,20,0,5,52,6,63,0,5,67,11,83,8,10,18,101
08/26/2014,SLE,OR,ANM,WE,Federal Contract Tower,0,1,10,3,14,0,7,72,22,101,0,8,82,25,115,85,46,131,246
08/27/2014,SLE,OR,ANM,WE,Federal Contract Tower,0,6,27,7,40,0,8,50,17,75,0,14,77,24,115,20,14,34,149
08/28/2014,SLE,OR,ANM,WE,Federal Contract Tower,0,6,11,5,22,0,9,58,16,83,0,15,69,21,105,28,0,28,133
08/29/2014,SLE,OR,ANM,WE,Federal Contract Tower,0,2,9,2,13,0,3,65,5,73,0,5,74,7,86,18,6,24,110
08/30/2014,SLE,OR,ANM,WE,Federal Contract Tower,0,2,16,1,19,0,0,15,1,16,0,2,31,2,35,0,0,0,35
08/31/2014,SLE,OR,ANM,WE,Federal Contract Tower,0,2,8,1,11,0,1,46,0,47,0,3,54,1,58,14,0,14,72
09/01/2014,SLE,OR,ANM,WE,Federal Contract Tower,0,0,19,1,20,0,1,76,1,78,0,1,95,2,98,38,0,38,136
09/02/2014,SLE,OR,ANM,WE,Federal Contract Tower,0,0,10,2,12,0,4,48,0,52,0,4,58,2,64,26,0,26,90
09/03/2014,SLE,OR,ANM,WE,Federal Contract Tower,0,3,19,0,22,0,5,69,5,79,0,8,88,5,101,34,0,34,135
09/04/2014,SLE,OR,ANM,WE,Federal Contract Tower,0,0,12,3,15,0,5,46,4,55,0,5,58,7,70,34,10,44,114
09/05/2014,SLE,OR,ANM,WE,Federal Contract Tower,0,3,8,1,12,0,5,69,8,82,0,8,77,9,94,18,4,22,116
09/06/2014,SLE,OR,ANM,WE,Federal Contract Tower,0,0,20,1,21,0,3,39,8,50,0,3,59,9,71,20,0,20,91
09/07/2014,SLE,OR,ANM,WE,Federal Contract Tower,0,0,14,4,18,0,0,43,11,54,0,0,57,15,72,8,16,24,96
09/08/2014,SLE,OR,ANM,WE,Federal Contract Tower,0,1,17,4,22,0,4,32,1,37,0,5,49,5,59,15,12,27,86
09/09/2014,SLE,OR,ANM,WE,Federal Contract Tower,0,1,8,2,11,0,1,30,9,40,0,2,38,11,51,14,0,14,65
09/10/2014,SLE,OR,ANM,WE,Federal Contract Tower,0,1,14,3,18,0,5,41,8,54,0,6,55,11,72,119,0,119,191
09/11/2014,SLE,OR,ANM,WE,Federal Contract Tower,0,0,8,6,14,0,4,20,4,28,0,4,28,10,42,0,18,18,60
09/12/2014,SLE,OR,ANM,WE,Federal Contract Tower,0,0,20,2,22,0,4,55,6,65,0,4,75,8,87,34,2,36,123
09/13/2014,SLE,OR,ANM,WE,Federal Contract Tower,0,0,9,0,9,0,6,58,0,64,0,6,67,0,73,62,0,62,135
09/14/2014,SLE,OR,ANM,WE,Federal Contract Tower,0,1,10,2,13,0,0,47,0,47,0,1,57,2,60,40,0,40,100
09/15/2014,SLE,OR,ANM,WE,Federal Contract Tower,0,4,26,0,30,0,4,16,0,20,0,8,42,0,50,28,0,28,78
09/16/2014,SLE,OR,ANM,WE,Federal Contract Tower,0,0,5,0,5,0,4,46,2,52,0,4,51,2,57,36,0,36,93
09/17/2014,SLE,OR,ANM,WE,Federal Contract Tower,0,0,11,3,14,0,7,37,11,55,0,7,48,14,69,8,12,20,89
09/18/2014,SLE,OR,ANM,WE,Federal Contract Tower,0,0,7,4,11,0,4,44,5,53,0,4,51,9,64,52,8,60,124
09/19/2014,SLE,OR,ANM,WE,Federal Contract Tower,0,4,14,2,20,0,5,80,7,92,0,9,94,9,112,26,14,40,152
09/20/2014,SLE,OR,ANM,WE,Federal Contract Tower,0,1,6,0,7,0,5,78,2,85,0,6,84,2,92,34,0,34,126
09/21/2014,SLE,OR,ANM,WE,Federal Contract Tower,0,1,10,0,11,0,0,76,1,77,0,1,86,1,88,42,0,42,130
09/22/2014,SLE,OR,ANM,WE,Federal Contract Tower,0,0,17,2,19,0,3,48,4,55,0,3,65,6,74,38,0,38,112
09/23/2014,SLE,OR,ANM,WE,Federal Contract Tower,0,3,23,6,32,0,4,42,5,51,0,7,65,11,83,30,16,46,129
09/24/2014,SLE,OR,ANM,WE,Federal Contract Tower,0,0,8,4,12,0,3,19,7,29,0,3,27,11,41,32,0,32,73
09/25/2014,SLE,OR,ANM,WE,Federal Contract Tower,0,0,23,2,25,0,4,66,7,77,0,4,89,9,102,44,8,52,154
09/26/2014,SLE,OR,ANM,WE,Federal Contract Tower,0,0,17,2,19,0,4,32,7,43,0,4,49,9,62,8,0,8,70
09/27/2014,SLE,OR,ANM,WE,Federal Contract Tower,0,4,12,6,22,0,2,42,0,44,0,6,54,6,66,54,0,54,120
09/28/2014,SLE,OR,ANM,WE,Federal Contract Tower,0,0,13,1,14,0,2,61,0,63,0,2,74,1,77,38,0,38,115
09/29/2014,SLE,OR,ANM,WE,Federal Contract Tower,0,4,15,4,23,0,0,33,2,35,0,4,48,6,58,8,0,8,66
09/30/2014,SLE,OR,ANM,WE,Federal Contract Tower,0,1,19,3,23,0,4,39,4,47,0,5,58,7,70,43,0,43,113
10/01/2014,SLE,OR,ANM,WE,Federal Contract Tower,0,0,21,2,23,0,4,58,11,73,0,4,79,13,96,46,18,64,160
10/02/2014,SLE,OR,ANM,WE,Federal Contract Tower,0,0,24,2,26,0,4,67,8,79,0,4,91,10,105,36,4,40,145
10/03/2014,SLE,OR,ANM,WE,Federal Contract Tower,0,0,16,2,18,0,4,75,7,86,0,4,91,9,104,50,6,56,160
10/04/2014,SLE,OR,ANM,WE,Federal Contract Tower,0,0,3,1,4,0,1,75,0,76,0,1,78,1,80,30,16,46,126
10/05/2014,SLE,OR,ANM,WE,Federal Contract Tower,0,1,9,2,12,0,2,80,0,82,0,3,89,2,94,2,0,2,96
10/06/2014,SLE,OR,ANM,WE,Federal Contract Tower,0,2,11,0,13,0,7,45,5,57,0,9,56,5,70,36,2,38,108
10/07/2014,SLE,OR,ANM,WE,Federal Contract Tower,0,0,11,3,14,0,4,84,12,100,0,4,95,15,114,56,16,72,186
10/08/2014,SLE,OR,ANM,WE,Federal Contract Tower,0,2,9,4,15,0,2,50,10,62,0,4,59,14,77,2,10,12,89
10/09/2014,SLE,OR,ANM,WE,Federal Contract Tower,0,0,16,2,18,0,4,68,8,80,0,4,84,10,98,42,36,78,176
10/10/2014,SLE,OR,ANM,WE,Federal Contract Tower,0,0,17,3,20,0,7,43,4,54,0,7,60,7,74,10,16,26,100
10/11/2014,SLE,OR,ANM,WE,Federal Contract Tower,0,0,23,0,23,0,2,48,0,50,0,2,71,0,73,74,0,74,147
10/12/2014,SLE,OR,ANM,WE,Federal Contract Tower,0,0,30,0,30,0,0,42,0,42,0,0,72,0,72,22,0,22,94
10/13/2014,SLE,OR,ANM,WE,Federal Contract Tower,0,5,5,0,10,0,4,27,0,31,0,9,32,0,41,42,0,42,83
10/14/2014,SLE,OR,ANM,WE,Federal Contract Tower,0,2,13,0,15,0,7,8,2,17,0,9,21,2,32,4,2,6,38
10/15/2014,SLE,OR,ANM,WE,Federal Contract Tower,0,1,3,0,4,0,5,12,8,25,0,6,15,8,29,0,0,0,29
10/16/2014,SLE,OR,ANM,WE,Federal Contract Tower,0,1,13,3,17,0,1,75,8,84,0,2,88,11,101,22,0,22,123
10/17/2014,SLE,OR,ANM,WE,Federal Contract Tower,0,0,13,6,19,0,4,12,5,21,0,4,25,11,40,18,14,32,72
10/18/2014,SLE,OR,ANM,WE,Federal Contract Tower,0,0,10,0,10,0,4,34,15,53,0,4,44,15,63,34,2,36,99
10/19/2014,SLE,OR,ANM,WE,Federal Contract Tower,0,0,6,3,9,0,0,46,1,47,0,0,52,4,56,40,0,40,96
10/20/2014,SLE,OR,ANM,WE,Federal Contract Tower,0,2,6,2,10,0,4,23,2,29,0,6,29,4,39,16,0,16,55
10/21/2014,SLE,OR,ANM,WE,Federal Contract Tower,0,0,16,0,16,0,4,23,20,47,0,4,39,20,63,8,22,30,93
10/22/2014,SLE,OR,ANM,WE,Federal Contract Tower,0,5,7,4,16,0,0,7,2,9,0,5,14,6,25,6,0,6,31
10/23/2014,SLE,OR,ANM,WE,Federal Contract Tower,0,3,11,4,18,0,3,21,11,35,0,6,32,15,53,24,0,24,77
10/24/2014,SLE,OR,ANM,WE,Federal Contract Tower,0,4,17,5,26,0,0,4,1,5,0,4,21,6,31,0,2,2,33
10/25/2014,SLE,OR,ANM,WE,Federal Contract Tower,0,0,7,2,9,0,0,6,0,6,0,0,13,2,15,2,0,2,17
10/26/2014,SLE,OR,ANM,WE,Federal Contract Tower,0,0,3,0,3,0,2,11,0,13,0,2,14,0,16,4,0,4,20
10/27/2014,SLE,OR,ANM,WE,Federal Contract Tower,0,0,20,1,21,0,4,67,4,75,0,4,87,5,96,24,0,24,120
10/28/2014,SLE,OR,ANM,WE,Federal Contract Tower,0,3,12,6,21,0,1,13,1,15,0,4,25,7,36,0,18,18,54
10/29/2014,SLE,OR,ANM,WE,Federal Contract Tower,0,1,10,8,19,0,8,36,8,52,0,9,46,16,71,27,0,27,98
10/30/2014,SLE,OR,ANM,WE,Federal Contract Tower,0,1,16,0,17,0,3,0,0,3,0,4,16,0,20,0,0,0,20
10/31/2014,SLE,OR,ANM,WE,Federal Contract Tower,0,0,21,2,23,0,4,26,10,40,0,4,47,12,63,54,2,56,119
11/01/2014,SLE,OR,ANM,WE,Federal Contract Tower,0,0,10,0,10,0,2,12,0,14,0,2,22,0,24,10,0,10,34
11/02/2014,SLE,OR,ANM,WE,Federal Contract Tower,0,0,8,0,8,0,0,1,0,1,0,0,9,0,9,18,0,18,27
11/03/2014,SLE,OR,ANM,WE,Federal Contract Tower,0,3,9,2,14,0,2,5,3,10,0,5,14,5,24,44,0,44,68
11/04/2014,SLE,OR,ANM,WE,Federal Contract Tower,0,4,6,2,12,0,1,15,14,30,0,5,21,16,42,8,2,10,52
11/05/2014,SLE,OR,ANM,WE,Federal Contract Tower,0,3,19,4,26,0,3,24,7,34,0,6,43,11,60,54,14,68,128
11/06/2014,SLE,OR,ANM,WE,Federal Contract Tower,0,1,8,8,17,0,3,14,7,24,0,4,22,15,41,16,0,16,57
11/07/2014,SLE,OR,ANM,WE,Federal Contract Tower,0,1,8,5,14,0,3,41,0,44,0,4,49,5,58,42,0,42,100
11/08/2014,SLE,OR,ANM,WE,Federal Contract Tower,1,1,20,2,24,0,4,40,0,44,1,5,60,2,68,11,0,11,79
11/09/2014,SLE,OR,ANM,WE,Federal Contract Tower,0,1,11,0,12,0,0,20,0,20,0,1,31,0,32,20,0,20,52
11/10/2014,SLE,OR,ANM,WE,Federal Contract Tower,0,0,16,1,17,0,2,42,1,45,0,2,58,2,62,24,0,24,86
11/11/2014,SLE,OR,ANM,WE,Federal Contract Tower,0,3,12,0,15,0,2,59,0,61,0,5,71,0,76,16,0,16,92
11/12/2014,SLE,OR,ANM,WE,Federal Contract Tower,0,2,18,2,22,0,3,37,4,44,0,5,55,6,66,23,0,23,89
11/13/2014,SLE,OR,ANM,WE,Federal Contract Tower,0,4,3,0,7,0,0,0,0,0,0,4,3,0,7,0,0,0,7
11/14/2014,SLE,OR,ANM,WE,Federal Contract Tower,0,1,12,2,15,0,5,32,4,41,0,6,44,6,56,32,0,32,88
11/15/2014,SLE,OR,ANM,WE,Federal Contract Tower,0,2,8,1,11,0,5,55,23,83,0,7,63,24,94,46,6,52,146
11/16/2014,SLE,OR,ANM,WE,Federal Contract Tower,0,3,11,0,14,0,0,66,0,66,0,3,77,0,80,42,0,42,122
11/17/2014,SLE,OR,ANM,WE,Federal Contract Tower,0,1,22,1,24,0,3,36,6,45,0,4,58,7,69,28,6,34,103
11/18/2014,SLE,OR,ANM,WE,Federal Contract Tower,0,1,7,10,18,0,5,70,19,94,0,6,77,29,112,106,26,132,244
11/19/2014,SLE,OR,ANM,WE,Federal Contract Tower,0,2,9,4,15,0,2,48,3,53,0,4,57,7,68,94,8,102,170
11/20/2014,SLE,OR,ANM,WE,Federal Contract Tower,0,4,7,1,12,0,0,0,0,0,0,4,7,1,12,0,0,0,12
11/21/2014,SLE,OR,ANM,WE,Federal Contract Tower,0,4,6,1,11,0,0,2,6,8,0,4,8,7,19,14,2,16,35
11/22/2014,SLE,OR,ANM,WE,Federal Contract Tower,0,1,11,1,13,0,2,8,0,10,0,3,19,1,23,42,0,42,65
11/23/2014,SLE,OR,ANM,WE,Federal Contract Tower,0,0,14,0,14,0,0,5,0,5,0,0,19,0,19,28,0,28,47
11/24/2014,SLE,OR,ANM,WE,Federal Contract Tower,0,4,15,4,23,0,2,56,7,65,0,6,71,11,88,60,0,60,148
11/25/2014,SLE,OR,ANM,WE,Federal Contract Tower,0,2,16,5,23,0,3,11,10,24,0,5,27,15,47,32,12,44,91
11/26/2014,SLE,OR,ANM,WE,Federal Contract Tower,0,3,16,2,21,0,2,50,6,58,0,5,66,8,79,44,18,62,141
11/27/2014,SLE,OR,ANM,WE,Federal Contract Tower,0,0,1,0,1,0,0,2,0,2,0,0,3,0,3,0,0,0,3
11/28/2014,SLE,OR,ANM,WE,Federal Contract Tower,0,5,4,0,9,0,1,2,0,3,0,6,6,0,12,0,0,0,12
11/29/2014,SLE,OR,ANM,WE,Federal Contract Tower,0,0,4,0,4,0,2,11,1,14,0,2,15,1,18,24,0,24,42
11/30/2014,SLE,OR,ANM,WE,Federal Contract Tower,0,0,7,0,7,0,0,62,0,62,0,0,69,0,69,30,0,30,99
12/01/2014,SLE,OR,ANM,WE,Federal Contract Tower,0,4,7,0,11,0,0,0,0,0,0,4,7,0,11,0,0,0,11
12/02/2014,SLE,OR,ANM,WE,Federal Contract Tower,0,3,8,1,12,0,3,37,15,55,0,6,45,16,67,34,0,34,101
12/03/2014,SLE,OR,ANM,WE,Federal Contract Tower,0,3,6,0,9,0,3,34,7,44,0,6,40,7,53,43,0,43,96
12/04/2014,SLE,OR,ANM,WE,Federal Contract Tower,0,4,11,0,15,0,0,1,0,1,0,4,12,0,16,0,0,0,16
12/05/2014,SLE,OR,ANM,WE,Federal Contract Tower,0,2,11,2,15,0,2,2,0,4,0,4,13,2,19,8,0,8,27
12/06/2014,SLE,OR,ANM,WE,Federal Contract Tower,0,0,8,0,8,0,2,14,0,16,0,2,22,0,24,12,0,12,36
12/07/2014,SLE,OR,ANM,WE,Federal Contract Tower,0,1,10,0,11,0,0,32,1,33,0,1,42,1,44,22,0,22,66
12/08/2014,SLE,OR,ANM,WE,Federal Contract Tower,0,3,13,2,18,0,7,46,4,57,0,10,59,6,75,34,0,34,109
12/09/2014,SLE,OR,ANM,WE,Federal Contract Tower,0,5,10,2,17,0,6,2,0,8,0,11,12,2,25,2,0,2,27
12/10/2014,SLE,OR,ANM,WE,Federal Contract Tower,0,5,7,0,12,0,1,3,0,4,0,6,10,0,16,0,0,0,16
12/11/2014,SLE,OR,ANM,WE,Federal Contract Tower,0,3,3,0,6,0,2,16,0,18,0,5,19,0,24,4,0,4,28
12/12/2014,SLE,OR,ANM,WE,Federal Contract Tower,0,3,16,0,19,0,3,43,7,53,0,6,59,7,72,52,8,60,132
12/13/2014,SLE,OR,ANM,WE,Federal Contract Tower,0,5,9,2,16,0,14,1,0,15,0,19,10,2,31,26,0,26,57
12/14/2014,SLE,OR,ANM,WE,Federal Contract Tower,0,3,11,1,15,0,1,36,1,38,0,4,47,2,53,18,0,18,71
12/15/2014,SLE,OR,ANM,WE,Federal Contract Tower,0,3,6,1,10,0,1,40,3,44,0,4,46,4,54,32,2,34,88
12/16/2014,SLE,OR,ANM,WE,Federal Contract Tower,0,2,20,5,27,0,2,28,23,53,0,4,48,28,80,14,40,54,134
12/17/2014,SLE,OR,ANM,WE,Federal Contract Tower,0,5,16,4,25,0,3,13,16,32,0,8,29,20,57,0,12,12,69
12/18/2014,SLE,OR,ANM,WE,Federal Contract Tower,0,3,10,3,16,0,1,19,16,36,0,4,29,19,52,14,0,14,66
12/19/2014,SLE,OR,ANM,WE,Federal Contract Tower,0,2,10,0,12,0,2,16,8,26,0,4,26,8,38,12,0,12,50
12/20/2014,SLE,OR,ANM,WE,Federal Contract Tower,0,2,2,0,4,0,0,0,0,0,0,2,2,0,4,0,0,0,4
12/21/2014,SLE,OR,ANM,WE,Federal Contract Tower,0,0,2,0,2,0,0,2,0,2,0,0,4,0,4,0,0,0,4
12/22/2014,SLE,OR,ANM,WE,Federal Contract Tower,0,2,17,4,23,0,2,36,3,41,0,4,53,7,64,36,0,36,100
12/23/2014,SLE,OR,ANM,WE,Federal Contract Tower,0,6,19,12,37,0,1,6,0,7,0,7,25,12,44,0,0,0,44
12/24/2014,SLE,OR,ANM,WE,Federal Contract Tower,0,2,4,0,6,0,2,2,0,4,0,4,6,0,10,0,0,0,10
12/25/2014,SLE,OR,ANM,WE,Federal Contract Tower,0,1,3,0,4,0,0,5,0,5,0,1,8,0,9,0,0,0,9
12/26/2014,SLE,OR,ANM,WE,Federal Contract Tower,0,2,9,0,11,0,2,23,0,25,0,4,32,0,36,38,0,38,74
12/27/2014,SLE,OR,ANM,WE,Federal Contract Tower,0,2,6,0,8,0,0,6,0,6,0,2,12,0,14,10,0,10,24
12/28/2014,SLE,OR,ANM,WE,Federal Contract Tower,0,0,8,0,8,0,0,19,0,19,0,0,27,0,27,0,0,0,27
12/29/2014,SLE,OR,ANM,WE,Federal Contract Tower,0,1,1,0,2,0,3,10,2,15,0,4,11,2,17,2,0,2,19
12/30/2014,SLE,OR,ANM,WE,Federal Contract Tower,0,1,8,1,10,0,5,55,2,62,0,6,63,3,72,50,2,52,124
12/31/2014,SLE,OR,ANM,WE,Federal Contract Tower,0,0,9,0,9,0,4,63,1,68,0,4,72,1,77,66,0,66,143
01/01/2015,SLE,OR,ANM,WE,Federal Contract Tower,0,0,2,0,2,0,0,40,0,40,0,0,42,0,42,16,0,16,58
01/02/2015,SLE,OR,ANM,WE,Federal Contract Tower,0,1,7,0,8,0,3,56,0,59,0,4,63,0,67,36,0,36,103
01/03/2015,SLE,OR,ANM,WE,Federal Contract Tower,0,2,12,0,14,0,0,0,0,0,0,2,12,0,14,0,0,0,14
01/04/2015,SLE,OR,ANM,WE,Federal Contract Tower,0,0,2,0,2,0,0,7,0,7,0,0,9,0,9,4,0,4,13
01/05/2015,SLE,OR,ANM,WE,Federal Contract Tower,0,1,7,2,10,0,2,20,4,26,0,3,27,6,36,0,18,18,54
01/06/2015,SLE,OR,ANM,WE,Federal Contract Tower,0,5,8,2,15,0,0,0,0,0,0,5,8,2,15,0,0,0,15
01/07/2015,SLE,OR,ANM,WE,Federal Contract Tower,0,6,6,1,13,0,0,0,0,0,0,6,6,1,13,0,2,2,15
01/08/2015,SLE,OR,ANM,WE,Federal Contract Tower,0,5,11,1,17,0,0,11,5,16,0,5,22,6,33,0,44,44,77
01/09/2015,SLE,OR,ANM,WE,Federal Contract Tower,0,2,9,4,15,0,2,38,1,41,0,4,47,5,56,24,0,24,80
01/10/2015,SLE,OR,ANM,WE,Federal Contract Tower,0,4,9,2,15,0,0,0,0,0,0,4,9,2,15,0,0,0,15
01/11/2015,SLE,OR,ANM,WE,Federal Contract Tower,0,0,2,1,3,0,0,0,0,0,0,0,2,1,3,0,0,0,3
01/12/2015,SLE,OR,ANM,WE,Federal Contract Tower,0,8,10,0,18,0,0,0,0,0,0,8,10,0,18,0,0,0,18
01/13/2015,SLE,OR,ANM,WE,Federal Contract Tower,0,1,15,0,16,0,7,72,8,87,0,8,87,8,103,66,6,72,175
01/14/2015,SLE,OR,ANM,WE,Federal Contract Tower,0,2,30,1,33,0,3,65,9,77,0,5,95,10,110,36,16,52,162
01/15/2015,SLE,OR,ANM,WE,Federal Contract Tower,0,2,15,5,22,0,4,17,7,28,0,6,32,12,50,28,0,28,78
01/16/2015,SLE,OR,ANM,WE,Federal Contract Tower,0,1,16,0,17,0,5,36,0,41,0,6,52,0,58,14,0,14,72
01/17/2015,SLE,OR,ANM,WE,Federal Contract Tower,0,3,6,0,9,0,0,0,0,0,0,3,6,0,9,0,0,0,9
01/18/2015,SLE,OR,ANM,WE,Federal Contract Tower,0,1,5,0,6,0,0,5,0,5,0,1,10,0,11,20,0,20,31
01/19/2015,SLE,OR,ANM,WE,Federal Contract Tower,0,2,12,4,18,0,13,38,17,68,0,15,50,21,86,32,0,32,118
01/20/2015,SLE,OR,ANM,WE,Federal Contract Tower,0,2,7,13,22,0,2,43,14,59,0,4,50,27,81,50,0,50,131
01/21/2015,SLE,OR,ANM,WE,Federal Contract Tower,0,2,25,4,31,0,4,64,12,80,0,6,89,16,111,46,38,84,195
01/22/2015,SLE,OR,ANM,WE,Federal Contract Tower,0,1,9,2,12,0,3,21,15,39,0,4,30,17,51,26,18,44,95
01/23/2015,SLE,OR,ANM,WE,Federal Contract Tower,0,4,11,2,17,0,3,30,1,34,0,7,41,3,51,32,0,32,83
01/24/2015,SLE,OR,ANM,WE,Federal Contract Tower,0,1,19,2,22,0,4,94,0,98,0,5,113,2,120,66,0,66,186
01/25/2015,SLE,OR,ANM,WE,Federal Contract Tower,0,2,8,2,12,0,2,0,0,2,0,4,8,2,14,10,0,10,24
01/26/2015,SLE,OR,ANM,WE,Federal Contract Tower,0,5,1,5,11,0,4,27,2,33,0,9,28,7,44,42,22,64,108
01/27/2015,SLE,OR,ANM,WE,Federal Contract Tower,0,4,6,2,12,0,1,6,0,7,0,5,12,2,19,0,0,0,19
01/28/2015,SLE,OR,ANM,WE,Federal Contract Tower,0,5,11,7,23,0,2,13,3,18,0,7,24,10,41,18,0,18,59
01/29/2015,SLE,OR,ANM,WE,Federal Contract Tower,0,1,5,3,9,0,4,74,16,94,0,5,79,19,103,50,2,52,155
01/30/2015,SLE,OR,ANM,WE,Federal Contract Tower,0,2,10,4,16,0,4,91,0,95,0,6,101,4,111,108,0,108,219
01/31/2015,SLE,OR,ANM,WE,Federal Contract Tower,0,1,24,0,25,0,1,79,2,82,0,2,103,2,107,84,0,84,191
02/01/2015,SLE,OR,ANM,WE,Federal Contract Tower,0,0,6,1,7,0,0,0,0,0,0,0,6,1,7,0,0,0,7
02/02/2015,SLE,OR,ANM,WE,Federal Contract Tower,0,0,16,4,20,0,4,15,1,20,0,4,31,5,40,46,10,56,96
02/03/2015,SLE,OR,ANM,WE,Federal Contract Tower,0,2,6,4,12,0,4,2,9,15,0,6,8,13,27,12,24,36,63
02/04/2015,SLE,OR,ANM,WE,Federal Contract Tower,0,6,24,6,36,0,0,0,0,0,0,6,24,6,36,0,4,4,40
02/05/2015,SLE,OR,ANM,WE,Federal Contract Tower,0,0,9,3,12,0,2,4,16,22,0,2,13,19,34,30,28,58,92
02/06/2015,SLE,OR,ANM,WE,Federal Contract Tower,0,0,9,0,9,0,6,12,1,19,0,6,21,1,28,4,0,4,32
02/07/2015,SLE,OR,ANM,WE,Federal Contract Tower,0,0,5,0,5,0,0,2,0,2,0,0,7,0,7,0,0,0,7
02/08/2015,SLE,OR,ANM,WE,Federal Contract Tower,0,0,15,0,15,0,3,23,6,32,0,3,38,6,47,2,26,28,75
02/09/2015,SLE,OR,ANM,WE,Federal Contract Tower,0,9,7,0,16,0,0,0,0,0,0,9,7,0,16,0,0,0,16
02/10/2015,SLE,OR,ANM,WE,Federal Contract Tower,0,0,16,5,21,0,5,44,2,51,0,5,60,7,72,70,0,70,142
02/11/2015,SLE,OR,ANM,WE,Federal Contract Tower,0,3,19,2,24,0,4,33,10,47,0,7,52,12,71,34,32,66,137
02/12/2015,SLE,OR,ANM,WE,Federal Contract Tower,0,0,28,2,30,0,4,21,0,25,0,4,49,2,55,80,0,80,135
02/13/2015,SLE,OR,ANM,WE,Federal Contract Tower,0,2,16,2,20,0,4,12,0,16,0,6,28,2,36,92,0,92,128
02/14/2015,SLE,OR,ANM,WE,Federal Contract Tower,0,0,7,2,9,0,2,37,0,39,0,2,44,2,48,44,0,44,92
02/15/2015,SLE,OR,ANM,WE,Federal Contract Tower,0,1,22,0,23,0,0,77,0,77,0,1,99,0,100,54,0,54,154
02/16/2015,SLE,OR,ANM,WE,Federal Contract Tower,0,1,5,0,6,0,3,67,1,71,0,4,72,1,77,132,0,132,209
02/17/2015,SLE,OR,ANM,WE,Federal Contract Tower,0,2,9,8,19,0,13,88,14,115,0,15,97,22,134,42,10,52,186
02/18/2015,SLE,OR,ANM,WE,Federal Contract Tower,0,4,13,3,20,0,5,36,11,52,0,9,49,14,72,8,4,12,84
02/19/2015,SLE,OR,ANM,WE,Federal Contract Tower,0,1,29,6,36,0,4,51,12,67,0,5,80,18,103,2,6,8,111
02/20/2015,SLE,OR,ANM,WE,Federal Contract Tower,0,5,19,0,24,0,3,72,2,77,0,8,91,2,101,56,0,56,157
02/21/2015,SLE,OR,ANM,WE,Federal Contract Tower,0,0,5,2,7,0,4,76,0,80,0,4,81,2,87,82,0,82,169
02/22/2015,SLE,OR,ANM,WE,Federal Contract Tower,0,4,6,0,10,0,4,48,0,52,0,8,54,0,62,34,0,34,96
02/23/2015,SLE,OR,ANM,WE,Federal Contract Tower,0,6,2,1,9,0,2,81,3,86,0,8,83,4,95,144,34,178,273
02/24/2015,SLE,OR,ANM,WE,Federal Contract Tower,0,2,22,8,32,0,4,92,9,105,0,6,114,17,137,76,2,78,215
02/25/2015,SLE,OR,ANM,WE,Federal Contract Tower,0,8,18,2,28,0,3,46,11,60,0,11,64,13,88,64,32,96,184
02/26/2015,SLE,OR,ANM,WE,Federal Contract Tower,0,4,10,3,17,0,0,3,0,3,0,4,13,3,20,0,2,2,22
02/27/2015,SLE,OR,ANM,WE,Federal Contract Tower,0,2,13,1,16,0,2,19,2,23,0,4,32,3,39,22,0,22,61
02/28/2015,SLE,OR,ANM,WE,Federal Contract Tower,0,0,12,0,12,0,3,59,0,62,0,3,71,0,74,50,0,50,124
03/01/2015,SLE,OR,ANM,WE,Federal Contract Tower,0,0,16,0,16,0,0,77,0,77,0,0,93,0,93,48,0,48,141
03/02/2015,SLE,OR,ANM,WE,Federal Contract Tower,0,0,7,3,10,0,4,24,6,34,0,4,31,9,44,54,16,70,114
03/03/2015,SLE,OR,ANM,WE,Federal Contract Tower,0,1,5,8,14,0,3,68,25,96,0,4,73,33,110,64,18,82,192
03/04/2015,SLE,OR,ANM,WE,Federal Contract Tower,0,2,24,8,34,0,4,81,19,104,0,6,105,27,138,38,6,44,182
03/05/2015,SLE,OR,ANM,WE,Federal Contract Tower,0,0,16,4,20,0,7,83,9,99,0,7,99,13,119,106,2,108,227
03/06/2015,SLE,OR,ANM,WE,Federal Contract Tower,0,1,4,3,8,0,3,85,8,96,0,4,89,11,104,90,6,96,200
03/07/2015,SLE,OR,ANM,WE,Federal Contract Tower,0,0,7,1,8,0,4,99,11,114,0,4,106,12,122,102,0,102,224
03/08/2015,SLE,OR,ANM,WE,Federal Contract Tower,0,0,19,5,24,0,0,58,6,64,0,0,77,11,88,66,0,66,154
03/09/2015,SLE,OR,ANM,WE,Federal Contract Tower,0,1,14,1,16,0,5,57,9,71,0,6,71,10,87,42,28,70,157
03/10/2015,SLE,OR,ANM,WE,Federal Contract Tower,0,1,9,5,15,0,6,45,11,62,0,7,54,16,77,26,0,26,103
03/11/2015,SLE,OR,ANM,WE,Federal Contract Tower,0,2,14,5,21,0,8,31,2,41,0,10,45,7,62,14,2,16,78
03/12/2015,SLE,OR,ANM,WE,Federal Contract Tower,0,1,5,4,10,0,7,52,6,65,0,8,57,10,75,24,8,32,107
03/13/2015,SLE,OR,ANM,WE,Federal Contract Tower,0,3,6,0,9,0,5,43,2,50,0,8,49,2,59,12,0,12,71
03/14/2015,SLE,OR,ANM,WE,Federal Contract Tower,0,2,2,0,4,0,0,0,0,0,0,2,2,0,4,0,0,0,4
03/15/2015,SLE,OR,ANM,WE,Federal Contract Tower,0,1,6,0,7,0,0,2,0,2,0,1,8,0,9,0,0,0,9
03/16/2015,SLE,OR,ANM,WE,Federal Contract Tower,0,0,11,1,12,0,1,31,11,43,0,1,42,12,55,16,6,22,77
03/17/2015,SLE,OR,ANM,WE,Federal Contract Tower,0,3,6,3,12,0,5,20,3,28,0,8,26,6,40,8,6,14,54
03/18/2015,SLE,OR,ANM,WE,Federal Contract Tower,0,0,19,4,23,0,4,51,12,67,0,4,70,16,90,8,0,8,98
03/19/2015,SLE,OR,ANM,WE,Federal Contract Tower,0,0,23,5,28,0,4,41,6,51,0,4,64,11,79,20,18,38,117
03/20/2015,SLE,OR,ANM,WE,Federal Contract Tower,0,3,19,0,22,0,1,30,2,33,0,4,49,2,55,10,0,10,65
03/21/2015,SLE,OR,ANM,WE,Federal Contract Tower,0,0,10,1,11,0,7,27,0,34,0,7,37,1,45,26,0,26,71
03/22/2015,SLE,OR,ANM,WE,Federal Contract Tower,0,0,3,0,3,0,6,11,0,17,0,6,14,0,20,34,0,34,54
03/23/2015,SLE,OR,ANM,WE,Federal Contract Tower,0,2,1,7,10,0,2,12,2,16,0,4,13,9,26,8,12,20,46
03/24/2015,SLE,OR,ANM,WE,Federal Contract Tower,0,1,5,3,9,0,4,24,11,39,0,5,29,14,48,12,28,40,88
03/25/2015,SLE,OR,ANM,WE,Federal Contract Tower,0,3,8,7,18,0,7,22,8,37,0,10,30,15,55,24,2,26,81
03/26/2015,SLE,OR,ANM,WE,Federal Contract Tower,0,3,13,3,19,0,5,61,5,71,0,8,74,8,90,32,0,32,122
03/27/2015,SLE,OR,ANM,WE,Federal Contract Tower,0,1,11,0,12,0,7,40,4,51,0,8,51,4,63,8,0,8,71
03/28/2015,SLE,OR,ANM,WE,Federal Contract Tower,0,0,15,0,15,0,5,38,0,43,0,5,53,0,58,30,0,30,88
03/29/2015,SLE,OR,ANM,WE,Federal Contract Tower,0,0,8,0,8,0,0,86,0,86,0,0,94,0,94,12,0,12,106
03/30/2015,SLE,OR,ANM,WE,Federal Contract Tower,0,1,10,7,18,0,3,41,4,48,0,4,51,11,66,8,18,26,92
03/31/2015,SLE,OR,ANM,WE,Federal Contract Tower,0,4,1,0,5,0,0,24,14,38,0,4,25,14,43,14,0,14,57
04/01/2015,SLE,OR,ANM,WE,Federal Contract Tower,0,3,7,0,10,0,4,7,5,16,0,7,14,5,26,18,8,26,52
04/02/2015,SLE,OR,ANM,WE,Federal Contract Tower,0,1,8,3,12,0,3,47,14,64,0,4,55,17,76,20,12,32,108
04/03/2015,SLE,OR,ANM,WE,Federal Contract Tower,0,2,5,0,7,0,2,19,0,21,0,4,24,0,28,0,0,0,28
04/04/2015,SLE,OR,ANM,WE,Federal Contract Tower,0,1,15,0,16,0,5,59,0,64,0,6,74,0,80,22,0,22,102
04/05/2015,SLE,OR,ANM,WE,Federal Contract Tower,0,0,8,0,8,0,0,15,0,15,0,0,23,0,23,0,0,0,23
04/06/2015,SLE,OR,ANM,WE,Federal Contract Tower,0,1,7,4,12,0,3,18,16,37,0,4,25,20,49,10,18,28,77
04/07/2015,SLE,OR,ANM,WE,Federal Contract Tower,0,1,5,3,9,0,3,16,3,22,0,4,21,6,31,38,10,48,79
04/08/2015,SLE,OR,ANM,WE,Federal Contract Tower,0,1,9,4,14,0,3,24,6,33,0,4,33,10,47,14,8,22,69
04/09/2015,SLE,OR,ANM,WE,Federal Contract Tower,0,1,18,6,25,0,4,50,3,57,0,5,68,9,82,6,6,12,94
04/10/2015,SLE,OR,ANM,WE,Federal Contract Tower,0,1,13,0,14,0,3,50,6,59,0,4,63,6,73,20,6,26,99
04/11/2015,SLE,OR,ANM,WE,Federal Contract Tower,0,1,5,4,10,0,3,9,15,27,0,4,14,19,37,0,14,14,51
04/12/2015,SLE,OR,ANM,WE,Federal Contract Tower,0,0,6,4,10,0,9,49,0,58,0,9,55,4,68,6,0,6,74
04/13/2015,SLE,OR,ANM,WE,Federal Contract Tower,0,3,13,4,20,0,1,23,3,27,0,4,36,7,47,2,0,2,49
04/14/2015,SLE,OR,ANM,WE,Federal Contract Tower,0,1,4,4,9,0,5,15,14,34,0,6,19,18,43,0,26,26,69
04/15/2015,SLE,OR,ANM,WE,Federal Contract Tower,0,1,22,3,26,0,5,46,14,65,0,6,68,17,91,40,26,66,157
04/16/2015,SLE,OR,ANM,WE,Federal Contract Tower,0,1,17,3,21,0,3,76,7,86,0,4,93,10,107,54,10,64,171
04/17/2015,SLE,OR,ANM,WE,Federal Contract Tower,0,1,7,2,10,0,3,54,0,57,0,4,61,2,67,54,0,54,121
04/18/2015,SLE,OR,ANM,WE,Federal Contract Tower,0,0,10,0,10,0,2,66,0,68,0,2,76,0,78,0,0,0,78
04/19/2015,SLE,OR,ANM,WE,Federal Contract Tower,0,0,9,1,10,0,3,72,0,75,0,3,81,1,85,10,0,10,95
04/20/2015,SLE,OR,ANM,WE,Federal Contract Tower,0,1,11,5,17,0,4,54,8,66,0,5,65,13,83,26,0,26,109
04/21/2015,SLE,OR,ANM,WE,Federal Contract Tower,0,5,13,4,22,0,2,30,1,33,0,7,43,5,55,44,0,44,99
04/22/2015,SLE,OR,ANM,WE,Federal Contract Tower,0,0,13,6,19,0,10,42,12,64,0,10,55,18,83,38,0,38,121
04/23/2015,SLE,OR,ANM,WE,Federal Contract Tower,0,6,9,3,18,0,5,31,13,49,0,11,40,16,67,14,2,16,83
04/24/2015,SLE,OR,ANM,WE,Federal Contract Tower,0,8,8,0,16,0,13,16,3,32,0,21,24,3,48,12,0,12,60
04/25/2015,SLE,OR,ANM,WE,Federal Contract Tower,0,0,4,0,4,0,5,19,9,33,0,5,23,9,37,4,2,6,43
04/26/2015,SLE,OR,ANM,WE,Federal Contract Tower,0,0,7,0,7,0,0,32,11,43,0,0,39,11,50,38,2,40,90
04/27/2015,SLE,OR,ANM,WE,Federal Contract Tower,0,1,17,0,18,0,4,68,2,74,0,5,85,2,92,22,0,22,114
04/28/2015,SLE,OR,ANM,WE,Federal Contract Tower,0,4,11,0,15,2,7,18,12,39,2,11,29,12,54,0,0,0,54
04/29/2015,SLE,OR,ANM,WE,Federal Contract Tower,0,2,8,1,11,0,6,66,11,83,0,8,74,12,94,66,4,70,164
04/30/2015,SLE,OR,ANM,WE,Federal Contract Tower,0,1,24,1,26,0,8,59,14,81,0,9,83,15,107,42,0,42,149
05/01/2015,SLE,OR,ANM,WE,Federal Contract Tower,0,0,19,2,21,0,6,62,9,77,0,6,81,11,98,52,0,52,150
05/02/2015,SLE,OR,ANM,WE,Federal Contract Tower,0,0,5,2,7,0,7,69,0,76,0,7,74,2,83,24,0,24,107
05/03/2015,SLE,OR,ANM,WE,Federal Contract Tower,0,0,8,0,8,0,1,51,17,69,0,1,59,17,77,40,0,40,117
05/04/2015,SLE,OR,ANM,WE,Federal Contract Tower,0,0,14,2,16,0,3,45,9,57,0,3,59,11,73,12,0,12,85
05/05/2015,SLE,OR,ANM,WE,Federal Contract Tower,0,3,8,4,15,0,4,31,4,39,0,7,39,8,54,30,2,32,86
05/06/2015,SLE,OR,ANM,WE,Federal Contract Tower,0,0,10,0,10,0,6,20,8,34,0,6,30,8,44,16,0,16,60
05/07/2015,SLE,OR,ANM,WE,Federal Contract Tower,0,5,6,4,15,0,4,59,7,70,0,9,65,11,85,14,0,14,99
05/08/2015,SLE,OR,ANM,WE,Federal Contract Tower,0,5,24,1,30,0,7,86,9,102,0,12,110,10,132,68,0,68,200
05/09/2015,SLE,OR,ANM,WE,Federal Contract Tower,0,3,17,1,21,0,5,110,5,120,0,8,127,6,141,22,0,22,163
05/10/2015,SLE,OR,ANM,WE,Federal Contract Tower,0,1,7,0,8,0,0,52,0,52,0,1,59,0,60,81,0,81,141
05/11/2015,SLE,OR,ANM,WE,Federal Contract Tower,0,0,7,0,7,0,9,21,0,30,0,9,28,0,37,8,5,13,50
05/12/2015,SLE,OR,ANM,WE,Federal Contract Tower,0,4,6,0,10,0,3,9,0,12,0,7,15,0,22,16,0,16,38
05/13/2015,SLE,OR,ANM,WE,Federal Contract Tower,0,1,9,0,10,0,3,10,2,15,0,4,19,2,25,0,0,0,25
05/14/2015,SLE,OR,ANM,WE,Federal Contract Tower,0,0,10,4,14,0,4,30,2,36,0,4,40,6,50,8,4,12,62
05/15/2015,SLE,OR,ANM,WE,Federal Contract Tower,0,2,23,2,27,0,4,22,2,28,0,6,45,4,55,18,0,18,73
05/16/2015,SLE,OR,ANM,WE,Federal Contract Tower,0,1,10,0,11,0,5,29,0,34,0,6,39,0,45,64,0,64,109
05/17/2015,SLE,OR,ANM,WE,Federal Contract Tower,0,4,16,0,20,0,2,42,2,46,0,6,58,2,66,20,0,20,86
05/18/2015,SLE,OR,ANM,WE,Federal Contract Tower,0,4,17,0,21,0,4,40,9,53,0,8,57,9,74,44,4,48,122
05/19/2015,SLE,OR,ANM,WE,Federal Contract Tower,0,3,23,4,30,0,8,19,14,41,0,11,42,18,71,18,6,24,95
05/20/2015,SLE,OR,ANM,WE,Federal Contract Tower,0,3,15,0,18,0,2,16,11,29,0,5,31,11,47,4,0,4,51
05/21/2015,SLE,OR,ANM,WE,Federal Contract Tower,0,1,24,5,30,0,5,25,0,30,0,6,49,5,60,0,0,0,60
05/22/2015,SLE,OR,ANM,WE,Federal Contract Tower,0,0,24,4,28,0,4,5,0,9,0,4,29,4,37,0,24,24,61
05/23/2015,SLE,OR,ANM,WE,Federal Contract Tower,0,0,16,0,16,0,2,24,0,26,0,2,40,0,42,0,0,0,42
05/24/2015,SLE,OR,ANM,WE,Federal Contract Tower,0,0,8,0,8,0,2,8,0,10,0,2,16,0,18,0,0,0,18
05/25/2015,SLE,OR,ANM,WE,Federal Contract Tower,0,1,12,0,13,0,4,37,0,41,0,5,49,0,54,26,0,26,80
05/26/2015,SLE,OR,ANM,WE,Federal Contract Tower,0,0,9,3,12,0,4,41,5,50,0,4,50,8,62,30,2,32,94
05/27/2015,SLE,OR,ANM,WE,Federal Contract Tower,0,2,12,2,16,0,7,94,5,106,0,9,106,7,122,38,30,68,190
05/28/2015,SLE,OR,ANM,WE,Federal Contract Tower,0,0,15,7,22,0,4,70,4,78,0,4,85,11,100,22,6,28,128
05/29/2015,SLE,OR,ANM,WE,Federal Contract Tower,0,0,13,2,15,0,4,69,0,73,0,4,82,2,88,46,0,46,134
05/30/2015,SLE,OR,ANM,WE,Federal Contract Tower,0,1,10,0,11,0,1,82,0,83,0,2,92,0,94,14,0,14,108
05/31/2015,SLE,OR,ANM,WE,Federal Contract Tower,0,0,8,0,8,0,1,64,0,65,0,1,72,0,73,60,0,60,133
06/01/2015,SLE,OR,ANM,WE,Federal Contract Tower,0,6,7,2,15,0,1,10,2,13,0,7,17,4,28,0,0,0,28
06/02/2015,SLE,OR,ANM,WE,Federal Contract Tower,0,0,10,4,14,0,4,6,0,10,0,4,16,4,24,0,2,2,26
06/03/2015,SLE,OR,ANM,WE,Federal Contract Tower,0,1,12,7,20,0,4,34,3,41,0,5,46,10,61,28,24,52,113
06/04/2015,SLE,OR,ANM,WE,Federal Contract Tower,0,0,17,3,20,0,17,63,8,88,0,17,80,11,108,28,2,30,138
06/05/2015,SLE,OR,ANM,WE,Federal Contract Tower,0,0,16,0,16,0,9,86,2,97,0,9,102,2,113,26,10,36,149
06/06/2015,SLE,OR,ANM,WE,Federal Contract Tower,0,1,9,1,11,0,2,78,0,80,0,3,87,1,91,16,0,16,107
06/07/2015,SLE,OR,ANM,WE,Federal Contract Tower,0,1,2,3,6,0,0,36,1,37,0,1,38,4,43,8,0,8,51
06/08/2015,SLE,OR,ANM,WE,Federal Contract Tower,0,1,12,6,19,0,2,54,2,58,0,3,66,8,77,48,0,48,125
06/09/2015,SLE,OR,ANM,WE,Federal Contract Tower,0,2,16,2,20,0,18,55,12,85,0,20,71,14,105,32,4,36,141
06/10/2015,SLE,OR,ANM,WE,Federal Contract Tower,0,4,13,1,18,0,7,65,13,85,0,11,78,14,103,20,4,24,127
06/11/2015,SLE,OR,ANM,WE,Federal Contract Tower,0,2,10,0,12,0,4,61,7,72,0,6,71,7,84,60,0,60,144
06/12/2015,SLE,OR,ANM,WE,Federal Contract Tower,0,0,3,2,5,0,3,70,7,80,0,3,73,9,85,30,0,30,115
06/13/2015,SLE,OR,ANM,WE,Federal Contract Tower,0,3,4,0,7,0,5,183,2,190,0,8,187,2,197,58,0,58,255
06/14/2015,SLE,OR,ANM,WE,Federal Contract Tower,0,0,8,0,8,0,1,41,5,47,0,1,49,5,55,12,0,12,67
06/15/2015,SLE,OR,ANM,WE,Federal Contract Tower,0,0,9,2,11,0,7,65,14,86,0,7,74,16,97,20,24,44,141
06/16/2015,SLE,OR,ANM,WE,Federal Contract Tower,0,1,14,0,15,0,3,55,11,69,0,4,69,11,84,42,12,54,138
06/17/2015,SLE,OR,ANM,WE,Federal Contract Tower,0,3,12,1,16,0,7,69,6,82,0,10,81,7,98,6,0,6,104
06/18/2015,SLE,OR,ANM,WE,Federal Contract Tower,0,0,11,4,15,0,6,67,4,77,0,6,78,8,92,6,0,6,98
06/19/2015,SLE,OR,ANM,WE,Federal Contract Tower,0,1,27,0,28,0,4,64,8,76,0,5,91,8,104,18,14,32,136
06/20/2015,SLE,OR,ANM,WE,Federal Contract Tower,0,2,14,2,18,0,2,63,0,65,0,4,77,2,83,0,8,8,91
06/21/2015,SLE,OR,ANM,WE,Federal Contract Tower,0,0,8,0,8,0,0,65,1,66,0,0,73,1,74,26,0,26,100
06/22/2015,SLE,OR,ANM,WE,Federal Contract Tower,0,2,12,7,21,0,6,48,5,59,0,8,60,12,80,10,8,18,98
06/23/2015,SLE,OR,ANM,WE,Federal Contract Tower,0,1,19,1,21,0,4,56,11,71,0,5,75,12,92,64,22,86,178
06/24/2015,SLE,OR,ANM,WE,Federal Contract Tower,0,0,10,7,17,0,11,62,2,75,0,11,72,9,92,16,2,18,110
06/25/2015,SLE,OR,ANM,WE,Federal Contract Tower,0,0,10,4,14,0,4,97,6,107,0,4,107,10,121,20,0,20,141
06/26/2015,SLE,OR,ANM,WE,Federal Contract Tower,0,1,8,0,9,0,3,62,0,65,0,4,70,0,74,36,0,36,110
06/27/2015,SLE,OR,ANM,WE,Federal Contract Tower,0,1,4,0,5,0,8,43,0,51,0,9,47,0,56,14,0,14,70
06/28/2015,SLE,OR,ANM,WE,Federal Contract Tower,0,0,7,0,7,0,0,37,0,37,0,0,44,0,44,12,0,12,56
06/29/2015,SLE,OR,ANM,WE,Federal Contract Tower,0,2,10,1,13,0,4,57,2,63,0,6,67,3,76,8,0,8,84
06/30/2015,SLE,OR,ANM,WE,Federal Contract Tower,0,1,8,0,9,0,4,73,0,77,0,5,81,0,86,58,0,58,144
07/01/2015,SLE,OR,ANM,WE,Federal Contract Tower,0,2,7,5,14,0,4,68,1,73,0,6,75,6,87,44,0,44,131
07/02/2015,SLE,OR,ANM,WE,Federal Contract Tower,0,1,11,3,15,0,8,37,8,53,0,9,48,11,68,4,14,18,86
07/03/2015,SLE,OR,ANM,WE,Federal Contract Tower,0,1,18,0,19,0,1,68,1,70,0,2,86,1,89,17,0,17,106
07/04/2015,SLE,OR,ANM,WE,Federal Contract Tower,0,0,4,0,4,0,3,38,0,41,0,3,42,0,45,16,0,16,61
07/05/2015,SLE,OR,ANM,WE,Federal Contract Tower,0,0,7,0,7,0,0,60,0,60,0,0,67,0,67,4,0,4,71
07/06/2015,SLE,OR,ANM,WE,Federal Contract Tower,0,0,17,3,20,0,8,34,5,47,0,8,51,8,67,8,6,14,81
07/07/2015,SLE,OR,ANM,WE,Federal Contract Tower,0,0,23,2,25,0,8,63,8,79,0,8,86,10,104,12,2,14,118
07/08/2015,SLE,OR,ANM,WE,Federal Contract Tower,0,1,22,2,25,0,3,52,11,66,0,4,74,13,91,32,10,42,133
07/09/2015,SLE,OR,ANM,WE,Federal Contract Tower,0,1,24,4,29,0,3,61,5,69,0,4,85,9,98,30,0,30,128
07/10/2015,SLE,OR,ANM,WE,Federal Contract Tower,0,1,20,0,21,0,5,63,7,75,0,6,83,7,96,30,0,30,126
07/11/2015,SLE,OR,ANM,WE,Federal Contract Tower,0,0,15,6,21,0,2,52,0,54,0,2,67,6,75,20,0,20,95
07/12/2015,SLE,OR,ANM,WE,Federal Contract Tower,0,0,16,0,16,0,0,60,2,62,0,0,76,2,78,10,0,10,88
07/13/2015,SLE,OR,ANM,WE,Federal Contract Tower,0,1,14,3,18,0,8,43,7,58,0,9,57,10,76,26,0,26,102
07/14/2015,SLE,OR,ANM,WE,Federal Contract Tower,0,1,6,4,11,0,3,51,4,58,0,4,57,8,69,18,0,18,87
07/15/2015,SLE,OR,ANM,WE,Federal Contract Tower,0,3,12,6,21,0,4,57,9,70,0,7,69,15,91,66,4,70,161
07/16/2015,SLE,OR,ANM,WE,Federal Contract Tower,0,3,17,2,22,0,7,58,10,75,0,10,75,12,97,25,2,27,124
07/17/2015,SLE,OR,ANM,WE,Federal Contract Tower,0,4,10,0,14,0,5,76,10,91,0,9,86,10,105,34,6,40,145
07/18/2015,SLE,OR,ANM,WE,Federal Contract Tower,0,0,6,0,6,0,2,60,0,62,0,2,66,0,68,10,0,10,78
07/19/2015,SLE,OR,ANM,WE,Federal Contract Tower,0,0,11,0,11,0,0,63,3,66,0,0,74,3,77,22,0,22,99
07/20/2015,SLE,OR,ANM,WE,Federal Contract Tower,0,1,4,6,11,0,3,43,0,46,0,4,47,6,57,26,0,26,83
07/21/2015,SLE,OR,ANM,WE,Federal Contract Tower,0,6,10,3,19,0,10,53,9,72,0,16,63,12,91,30,0,30,121
07/22/2015,SLE,OR,ANM,WE,Federal Contract Tower,0,1,31,7,39,0,5,30,4,39,0,6,61,11,78,4,0,4,82
07/23/2015,SLE,OR,ANM,WE,Federal Contract Tower,0,3,20,1,24,0,3,49,3,55,0,6,69,4,79,24,2,26,105
07/24/2015,SLE,OR,ANM,WE,Federal Contract Tower,0,3,31,1,35,0,5,64,3,72,0,8,95,4,107,38,4,42,149
07/25/2015,SLE,OR,ANM,WE,Federal Contract Tower,0,0,33,0,33,0,3,12,0,15,0,3,45,0,48,36,0,36,84
07/26/2015,SLE,OR,ANM,WE,Federal Contract Tower,0,0,26,0,26,0,0,33,0,33,0,0,59,0,59,22,0,22,81
07/27/2015,SLE,OR,ANM,WE,Federal Contract Tower,0,0,21,4,25,0,4,64,4,72,0,4,85,8,97,16,0,16,113
07/28/2015,SLE,OR,ANM,WE,Federal Contract Tower,0,1,8,5,14,0,6,71,7,84,0,7,79,12,98,4,0,4,102
07/29/2015,SLE,OR,ANM,WE,Federal Contract Tower,0,0,10,0,10,0,4,72,8,84,0,4,82,8,94,32,2,34,128
07/30/2015,SLE,OR,ANM,WE,Federal Contract Tower,0,2,21,4,27,0,3,58,7,68,0,5,79,11,95,44,2,46,141
07/31/2015,SLE,OR,ANM,WE,Federal Contract Tower,0,6,18,2,26,0,4,62,6,72,0,10,80,8,98,24,6,30,128
08/01/2015,SLE,OR,ANM,WE,Federal Contract Tower,0,2,17,1,20,0,7,56,2,65,0,9,73,3,85,14,4,18,103
08/02/2015,SLE,OR,ANM,WE,Federal Contract Tower,0,0,16,1,17,0,0,53,1,54,0,0,69,2,71,18,0,18,89
08/03/2015,SLE,OR,ANM,WE,Federal Contract Tower,0,1,14,1,16,0,3,54,4,61,0,4,68,5,77,14,4,18,95
08/04/2015,SLE,OR,ANM,WE,Federal Contract Tower,0,0,10,7,17,0,5,75,5,85,0,5,85,12,102,12,12,24,126
08/05/2015,SLE,OR,ANM,WE,Federal Contract Tower,0,2,21,5,28,0,4,68,5,77,0,6,89,10,105,32,10,42,147
08/06/2015,SLE,OR,ANM,WE,Federal Contract Tower,0,1,15,3,19,0,10,72,9,91,0,11,87,12,110,30,6,36,146
08/07/2015,SLE,OR,ANM,WE,Federal Contract Tower,0,2,15,0,17,0,4,67,2,73,0,6,82,2,90,22,0,22,112
08/08/2015,SLE,OR,ANM,WE,Federal Contract Tower,0,3,12,0,15,0,2,67,0,69,0,5,79,0,84,36,0,36,120
08/09/2015,SLE,OR,ANM,WE,Federal Contract Tower,0,0,24,0,24,0,0,58,0,58,0,0,82,0,82,12,0,12,94
08/10/2015,SLE,OR,ANM,WE,Federal Contract Tower,0,0,12,0,12,0,6,46,8,60,0,6,58,8,72,42,0,42,114
08/11/2015,SLE,OR,ANM,WE,Federal Contract Tower,0,0,13,5,18,0,9,69,9,87,0,9,82,14,105,14,2,16,121
08/12/2015,SLE,OR,ANM,WE,Federal Contract Tower,0,0,11,1,12,0,6,65,10,81,0,6,76,11,93,16,14,30,123
08/13/2015,SLE,OR,ANM,WE,Federal Contract Tower,0,0,20,3,23,0,4,49,6,59,0,4,69,9,82,42,4,46,128
08/14/2015,SLE,OR,ANM,WE,Federal Contract Tower,0,2,3,0,5,0,4,39,0,43,0,6,42,0,48,20,0,20,68
08/15/2015,SLE,OR,ANM,WE,Federal Contract Tower,0,1,8,0,9,0,4,70,7,81,0,5,78,7,90,34,0,34,124
08/16/2015,SLE,OR,ANM,WE,Federal Contract Tower,0,0,7,0,7,0,6,123,3,132,0,6,130,3,139,29,0,29,168
08/17/2015,SLE,OR,ANM,WE,Federal Contract Tower,0,0,13,0,13,0,4,44,4,52,0,4,57,4,65,30,0,30,95
08/18/2015,SLE,OR,ANM,WE,Federal Contract Tower,0,0,6,0,6,0,4,48,1,53,0,4,54,1,59,24,0,24,83
08/19/2015,SLE,OR,ANM,WE,Federal Contract Tower,0,1,11,3,15,0,6,38,5,49,0,7,49,8,64,14,8,22,86
08/20/2015,SLE,OR,ANM,WE,Federal Contract Tower,0,8,16,0,24,0,6,77,0,83,0,14,93,0,107,96,0,96,203
08/21/2015,SLE,OR,ANM,WE,Federal Contract Tower,0,1,9,0,10,0,8,91,11,110,0,9,100,11,120,24,0,24,144
08/22/2015,SLE,OR,ANM,WE,Federal Contract Tower,0,6,25,3,34,0,2,49,3,54,0,8,74,6,88,26,12,38,126
08/23/2015,SLE,OR,ANM,WE,Federal Contract Tower,0,4,12,2,18,0,5,11,0,16,0,9,23,2,34,2,0,2,36
08/24/2015,SLE,OR,ANM,WE,Federal Contract Tower,0,2,13,9,24,0,16,51,6,73,0,18,64,15,97,52,20,72,169
08/25/2015,SLE,OR,ANM,WE,Federal Contract Tower,0,7,3,4,14,0,7,81,2,90,0,14,84,6,104,48,0,48,152
08/26/2015,SLE,OR,ANM,WE,Federal Contract Tower,0,0,10,4,14,0,4,60,0,64,0,4,70,4,78,14,4,18,96
08/27/2015,SLE,OR,ANM,WE,Federal Contract Tower,0,0,6,3,9,0,4,97,4,105,0,4,103,7,114,80,0,80,194
08/28/2015,SLE,OR,ANM,WE,Federal Contract Tower,0,0,10,2,12,0,4,62,2,68,0,4,72,4,80,22,0,22,102
08/29/2015,SLE,OR,ANM,WE,Federal Contract Tower,0,0,0,0,0,0,2,3,0,5,0,2,3,0,5,0,0,0,5
08/30/2015,SLE,OR,ANM,WE,Federal Contract Tower,0,0,11,0,11,0,0,25,0,25,0,0,36,0,36,0,0,0,36
08/31/2015,SLE,OR,ANM,WE,Federal Contract Tower,0,1,8,6,15,0,5,50,2,57,0,6,58,8,72,48,0,48,120
09/01/2015,SLE,OR,ANM,WE,Federal Contract Tower,0,1,24,2,27,0,4,60,10,74,0,5,84,12,101,20,12,32,133
09/02/2015,SLE,OR,ANM,WE,Federal Contract Tower,0,0,13,3,16,0,4,50,16,70,0,4,63,19,86,36,34,70,156
09/03/2015,SLE,OR,ANM,WE,Federal Contract Tower,0,4,26,1,31,0,6,57,7,70,0,10,83,8,101,52,20,72,173
09/04/2015,SLE,OR,ANM,WE,Federal Contract Tower,0,0,16,0,16,0,4,42,1,47,0,4,58,1,63,16,0,16,79
09/05/2015,SLE,OR,ANM,WE,Federal Contract Tower,0,0,10,0,10,0,3,42,0,45,0,3,52,0,55,24,0,24,79
09/06/2015,SLE,OR,ANM,WE,Federal Contract Tower,0,2,5,0,7,0,0,21,0,21,0,2,26,0,28,6,0,6,34
09/07/2015,SLE,OR,ANM,WE,Federal Contract Tower,0,0,7,0,7,0,3,54,1,58,0,3,61,1,65,16,0,16,81
09/08/2015,SLE,OR,ANM,WE,Federal Contract Tower,0,7,14,1,22,0,6,61,3,70,0,13,75,4,92,40,0,40,132
09/09/2015,SLE,OR,ANM,WE,Federal Contract Tower,0,5,16,2,23,0,5,52,3,60,0,10,68,5,83,28,0,28,111
09/10/2015,SLE,OR,ANM,WE,Federal Contract Tower,0,0,9,1,10,0,7,98,13,118,0,7,107,14,128,32,0,32,160
09/11/2015,SLE,OR,ANM,WE,Federal Contract Tower,0,1,13,0,14,0,4,86,3,93,0,5,99,3,107,30,0,30,137
09/12/2015,SLE,OR,ANM,WE,Federal Contract Tower,0,0,10,3,13,0,3,85,7,95,0,3,95,10,108,30,0,30,138
09/13/2015,SLE,OR,ANM,WE,Federal Contract Tower,0,0,12,4,16,0,2,87,1,90,0,2,99,5,106,14,0,14,120
09/14/2015,SLE,OR,ANM,WE,Federal Contract Tower,0,1,16,6,23,0,4,32,16,52,0,5,48,22,75,20,14,34,109
09/15/2015,SLE,OR,ANM,WE,Federal Contract Tower,0,2,19,5,26,0,6,40,9,55,0,8,59,14,81,10,24,34,115
09/16/2015,SLE,OR,ANM,WE,Federal Contract Tower,0,12,12,6,30,0,9,30,14,53,0,21,42,20,83,24,20,44,127
09/17/2015,SLE,OR,ANM,WE,Federal Contract Tower,0,0,14,2,16,0,6,9,10,25,0,6,23,12,41,6,12,18,59
09/18/2015,SLE,OR,ANM,WE,Federal Contract Tower,0,0,11,1,12,0,4,31,3,38,0,4,42,4,50,30,0,30,80
09/19/2015,SLE,OR,ANM,WE,Federal Contract Tower,0,0,6,0,6,0,2,62,0,64,0,2,68,0,70,10,0,10,80
09/20/2015,SLE,OR,ANM,WE,Federal Contract Tower,0,0,5,0,5,0,1,57,3,61,0,1,62,3,66,64,0,64,130
09/21/2015,SLE,OR,ANM,WE,Federal Contract Tower,0,0,4,1,5,0,4,61,14,79,0,4,65,15,84,58,0,58,142
09/22/2015,SLE,OR,ANM,WE,Federal Contract Tower,0,0,14,0,14,0,4,86,11,101,0,4,100,11,115,12,6,18,133
09/23/2015,SLE,OR,ANM,WE,Federal Contract Tower,0,1,15,6,22,0,6,60,7,73,0,7,75,13,95,24,2,26,121
09/24/2015,SLE,OR,ANM,WE,Federal Contract Tower,0,2,11,3,16,0,6,91,8,105,0,8,102,11,121,44,4,48,169
09/25/2015,SLE,OR,ANM,WE,Federal Contract Tower,0,2,21,2,25,0,4,28,3,35,0,6,49,5,60,56,4,60,120
09/26/2015,SLE,OR,ANM,WE,Federal Contract Tower,0,0,11,0,11,0,2,121,0,123,0,2,132,0,134,90,0,90,224
09/27/2015,SLE,OR,ANM,WE,Federal Contract Tower,0,0,11,0,11,0,0,73,0,73,0,0,84,0,84,36,0,36,120
09/28/2015,SLE,OR,ANM,WE,Federal Contract Tower,0,7,12,0,19,0,6,69,13,88,0,13,81,13,107,16,2,18,125
09/29/2015,SLE,OR,ANM,WE,Federal Contract Tower,0,7,24,0,31,0,5,118,10,133,0,12,142,10,164,34,14,48,212
09/30/2015,SLE,OR,ANM,WE,Federal Contract Tower,0,2,18,5,25,0,5,56,8,69,0,7,74,13,94,44,10,54,148
10/01/2015,SLE,OR,ANM,WE,Federal Contract Tower,0,6,11,3,20,0,8,71,10,89,0,14,82,13,109,22,8,30,139
10/02/2015,SLE,OR,ANM,WE,Federal Contract Tower,0,2,20,2,24,0,4,60,13,77,0,6,80,15,101,34,4,38,139
10/03/2015,SLE,OR,ANM,WE,Federal Contract Tower,0,0,6,0,6,0,3,40,5,48,0,3,46,5,54,24,0,24,78
10/04/2015,SLE,OR,ANM,WE,Federal Contract Tower,0,0,9,0,9,0,0,56,0,56,0,0,65,0,65,0,0,0,65
10/05/2015,SLE,OR,ANM,WE,Federal Contract Tower,0,2,5,2,9,0,7,59,0,66,0,9,64,2,75,36,0,36,111
10/06/2015,SLE,OR,ANM,WE,Federal Contract Tower,0,0,9,1,10,0,6,56,0,62,0,6,65,1,72,36,0,36,108
10/07/2015,SLE,OR,ANM,WE,Federal Contract Tower,0,0,24,0,24,0,6,45,0,51,0,6,69,0,75,68,2,70,145
10/08/2015,SLE,OR,ANM,WE,Federal Contract Tower,0,3,31,2,36,0,5,41,2,48,0,8,72,4,84,22,4,26,110
10/09/2015,SLE,OR,ANM,WE,Federal Contract Tower,0,5,17,0,22,0,8,39,0,47,0,13,56,0,69,72,0,72,141
10/10/2015,SLE,OR,ANM,WE,Federal Contract Tower,0,1,7,0,8,0,1,13,0,14,0,2,20,0,22,0,0,0,22
10/11/2015,SLE,OR,ANM,WE,Federal Contract Tower,0,0,16,0,16,0,0,34,0,34,0,0,50,0,50,42,0,42,92
10/12/2015,SLE,OR,ANM,WE,Federal Contract Tower,0,0,7,0,7,0,3,61,2,66,0,3,68,2,73,46,0,46,119
10/13/2015,SLE,OR,ANM,WE,Federal Contract Tower,0,1,15,8,24,0,4,75,6,85,0,5,90,14,109,32,36,68,177
10/14/2015,SLE,OR,ANM,WE,Federal Contract Tower,0,0,18,7,25,0,4,47,6,57,0,4,65,13,82,34,8,42,124
10/15/2015,SLE,OR,ANM,WE,Federal Contract Tower,0,1,15,1,17,0,5,67,5,77,0,6,82,6,94,38,2,40,134
10/16/2015,SLE,OR,ANM,WE,Federal Contract Tower,0,1,13,1,15,0,4,63,2,69,0,5,76,3,84,44,0,44,128
10/17/2015,SLE,OR,ANM,WE,Federal Contract Tower,0,2,4,1,7,0,2,34,1,37,0,4,38,2,44,0,0,0,44
10/18/2015,SLE,OR,ANM,WE,Federal Contract Tower,0,0,2,1,3,0,0,36,10,46,0,0,38,11,49,12,16,28,77
10/19/2015,SLE,OR,ANM,WE,Federal Contract Tower,0,4,10,2,16,0,1,11,2,14,0,5,21,4,30,24,2,26,56
10/20/2015,SLE,OR,ANM,WE,Federal Contract Tower,0,0,20,6,26,0,7,29,0,36,0,7,49,6,62,16,0,16,78
10/21/2015,SLE,OR,ANM,WE,Federal Contract Tower,0,1,11,5,17,0,4,54,2,60,0,5,65,7,77,22,0,22,99
10/22/2015,SLE,OR,ANM,WE,Federal Contract Tower,0,4,18,8,30,0,4,75,5,84,0,8,93,13,114,30,12,42,156
10/23/2015,SLE,OR,ANM,WE,Federal Contract Tower,0,1,6,6,13,0,4,81,2,87,0,5,87,8,100,36,2,38,138
10/24/2015,SLE,OR,ANM,WE,Federal Contract Tower,0,0,7,0,7,0,2,59,0,61,0,2,66,0,68,54,0,54,122
10/25/2015,SLE,OR,ANM,WE,Federal Contract Tower,0,0,9,0,9,0,9,2,0,11,0,9,11,0,20,0,0,0,20
10/26/2015,SLE,OR,ANM,WE,Federal Contract Tower,0,0,1,3,4,0,4,23,9,36,0,4,24,12,40,20,12,32,72
10/27/2015,SLE,OR,ANM,WE,Federal Contract Tower,0,6,12,1,19,0,4,51,9,64,0,10,63,10,83,26,12,38,121
10/28/2015,SLE,OR,ANM,WE,Federal Contract Tower,0,3,17,5,25,0,3,10,5,18,0,6,27,10,43,12,22,34,77
10/29/2015,SLE,OR,ANM,WE,Federal Contract Tower,0,0,20,4,24,0,4,39,6,49,0,4,59,10,73,8,4,12,85
10/30/2015,SLE,OR,ANM,WE,Federal Contract Tower,0,5,10,0,15,0,0,2,0,2,0,5,12,0,17,12,0,12,29
10/31/2015,SLE,OR,ANM,WE,Federal Contract Tower,0,2,5,0,7,0,0,2,0,2,0,2,7,0,9,0,0,0,9
11/01/2015,SLE,OR,ANM,WE,Federal Contract Tower,0,0,3,0,3,0,1,11,0,12,0,1,14,0,15,8,0,8,23
11/02/2015,SLE,OR,ANM,WE,Federal Contract Tower,0,2,16,0,18,0,1,29,4,34,0,3,45,4,52,18,0,18,70
11/03/2015,SLE,OR,ANM,WE,Federal Contract Tower,0,12,20,1,33,0,19,42,0,61,0,31,62,1,94,58,0,58,152
11/04/2015,SLE,OR,ANM,WE,Federal Contract Tower,0,22,9,2,33,0,1,31,1,33,0,23,40,3,66,36,14,50,116
11/05/2015,SLE,OR,ANM,WE,Federal Contract Tower,0,1,15,0,16,0,5,16,0,21,0,6,31,0,37,24,0,24,61
11/06/2015,SLE,OR,ANM,WE,Federal Contract Tower,0,2,17,2,21,0,5,83,6,94,0,7,100,8,115,58,0,58,173
11/07/2015,SLE,OR,ANM,WE,Federal Contract Tower,0,2,1,0,3,0,0,12,0,12,0,2,13,0,15,2,0,2,17
11/08/2015,SLE,OR,ANM,WE,Federal Contract Tower,0,0,4,0,4,0,0,5,0,5,0,0,9,0,9,16,10,26,35
11/09/2015,SLE,OR,ANM,WE,Federal Contract Tower,0,5,17,4,26,0,2,50,7,59,0,7,67,11,85,20,6,26,111
11/10/2015,SLE,OR,ANM,WE,Federal Contract Tower,0,3,16,8,27,0,4,15,20,39,0,7,31,28,66,4,42,46,112
11/11/2015,SLE,OR,ANM,WE,Federal Contract Tower,0,2,16,0,18,0,2,25,0,27,0,4,41,0,45,10,0,10,55
11/12/2015,SLE,OR,ANM,WE,Federal Contract Tower,0,7,8,5,20,0,0,15,9,24,0,7,23,14,44,10,35,45,89
11/13/2015,SLE,OR,ANM,WE,Federal Contract Tower,0,6,10,0,16,0,2,16,5,23,0,8,26,5,39,10,2,12,51
11/14/2015,SLE,OR,ANM,WE,Federal Contract Tower,0,1,6,1,8,0,1,13,11,25,0,2,19,12,33,0,10,10,43
11/15/2015,SLE,OR,ANM,WE,Federal Contract Tower,0,0,2,0,2,0,2,13,0,15,0,2,15,0,17,0,0,0,17
11/16/2015,SLE,OR,ANM,WE,Federal Contract Tower,0,3,14,2,19,0,0,18,0,18,0,3,32,2,37,0,0,0,37
11/17/2015,SLE,OR,ANM,WE,Federal Contract Tower,0,6,4,1,11,0,0,3,0,3,0,6,7,1,14,0,0,0,14
11/18/2015,SLE,OR,ANM,WE,Federal Contract Tower,0,2,16,1,19,0,2,43,5,50,0,4,59,6,69,48,2,50,119
11/19/2015,SLE,OR,ANM,WE,Federal Contract Tower,0,4,42,0,46,0,0,0,0,0,0,4,42,0,46,0,0,0,46
11/20/2015,SLE,OR,ANM,WE,Federal Contract Tower,0,1,13,4,18,0,3,57,3,63,0,4,70,7,81,70,0,70,151
11/21/2015,SLE,OR,ANM,WE,Federal Contract Tower,0,0,21,0,21,0,3,66,0,69,0,3,87,0,90,80,0,80,170
11/22/2015,SLE,OR,ANM,WE,Federal Contract Tower,0,0,7,0,7,0,6,87,0,93,0,6,94,0,100,22,0,22,122
11/23/2015,SLE,OR,ANM,WE,Federal Contract Tower,0,5,10,3,18,0,0,14,4,18,0,5,24,7,36,0,82,82,118
11/24/2015,SLE,OR,ANM,WE,Federal Contract Tower,0,4,11,7,22,0,0,8,7,15,0,4,19,14,37,10,10,20,57
11/25/2015,SLE,OR,ANM,WE,Federal Contract Tower,0,2,3,2,7,0,3,60,8,71,0,5,63,10,78,43,14,57,135
11/26/2015,SLE,OR,ANM,WE,Federal Contract Tower,0,0,3,0,3,0,0,20,0,20,0,0,23,0,23,4,0,4,27
11/27/2015,SLE,OR,ANM,WE,Federal Contract Tower,0,2,11,0,13,0,2,47,0,49,0,4,58,0,62,17,0,17,79
11/28/2015,SLE,OR,ANM,WE,Federal Contract Tower,0,1,2,0,3,0,2,84,0,86,0,3,86,0,89,66,0,66,155
11/29/2015,SLE,OR,ANM,WE,Federal Contract Tower,0,1,3,0,4,0,4,64,0,68,0,5,67,0,72,32,0,32,104
11/30/2015,SLE,OR,ANM,WE,Federal Contract Tower,0,4,8,1,13,0,1,31,14,46,0,5,39,15,59,46,18,64,123
12/01/2015,SLE,OR,ANM,WE,Federal Contract Tower,0,4,12,0,16,0,0,27,2,29,0,4,39,2,45,20,0,20,65
12/02/2015,SLE,OR,ANM,WE,Federal Contract Tower,0,4,31,1,36,0,0,0,0,0,0,4,31,1,36,0,0,0,36
12/03/2015,SLE,OR,ANM,WE,Federal Contract Tower,0,3,14,0,17,0,1,0,0,1,0,4,14,0,18,0,0,0,18
12/04/2015,SLE,OR,ANM,WE,Federal Contract Tower,0,3,9,0,12,0,1,12,2,15,0,4,21,2,27,0,0,0,27
12/05/2015,SLE,OR,ANM,WE,Federal Contract Tower,0,0,5,0,5,0,4,18,0,22,0,4,23,0,27,8,0,8,35
12/06/2015,SLE,OR,ANM,WE,Federal Contract Tower,0,0,6,0,6,0,2,18,0,20,0,2,24,0,26,32,10,42,68
12/07/2015,SLE,OR,ANM,WE,Federal Contract Tower,0,4,5,0,9,0,0,0,0,0,0,4,5,0,9,0,0,0,9
12/08/2015,SLE,OR,ANM,WE,Federal Contract Tower,0,4,6,0,10,0,0,3,0,3,0,4,9,0,13,0,0,0,13
12/09/2015,SLE,OR,ANM,WE,Federal Contract Tower,0,3,13,2,18,0,2,22,16,40,0,5,35,18,58,0,30,30,88
12/10/2015,SLE,OR,ANM,WE,Federal Contract Tower,0,4,7,0,11,0,1,4,0,5,0,5,11,0,16,0,0,0,16
12/11/2015,SLE,OR,ANM,WE,Federal Contract Tower,0,4,8,0,12,0,0,3,0,3,0,4,11,0,15,4,0,4,19
12/12/2015,SLE,OR,ANM,WE,Federal Contract Tower,0,2,5,0,7,0,0,0,0,0,0,2,5,0,7,0,0,0,7
12/13/2015,SLE,OR,ANM,WE,Federal Contract Tower,0,0,6,0,6,0,0,0,0,0,0,0,6,0,6,0,0,0,6
12/14/2015,SLE,OR,ANM,WE,Federal Contract Tower,0,8,4,4,16,0,0,10,4,14,0,8,14,8,30,14,10,24,54
12/15/2015,SLE,OR,ANM,WE,Federal Contract Tower,0,13,14,10,37,0,7,4,0,11,0,20,18,10,48,12,26,38,86
12/16/2015,SLE,OR,ANM,WE,Federal Contract Tower,0,9,14,6,29,0,0,3,0,3,0,9,17,6,32,0,88,88,120
12/17/2015,SLE,OR,ANM,WE,Federal Contract Tower,0,8,11,0,19,0,0,0,0,0,0,8,11,0,19,0,0,0,19
12/18/2015,SLE,OR,ANM,WE,Federal Contract Tower,0,5,10,5,20,0,3,30,6,39,0,8,40,11,59,28,11,39,98
12/19/2015,SLE,OR,ANM,WE,Federal Contract Tower,0,5,16,0,21,0,2,28,0,30,0,7,44,0,51,48,0,48,99
12/20/2015,SLE,OR,ANM,WE,Federal Contract Tower,0,0,6,0,6,0,0,2,0,2,0,0,8,0,8,12,0,12,20
12/21/2015,SLE,OR,ANM,WE,Federal Contract Tower,0,5,5,0,10,0,0,0,0,0,0,5,5,0,10,0,0,0,10
12/22/2015,SLE,OR,ANM,WE,Federal Contract Tower,0,6,10,13,29,0,0,0,0,0,0,6,10,13,29,0,0,0,29
12/23/2015,SLE,OR,ANM,WE,Federal Contract Tower,0,4,10,3,17,0,0,7,5,12,0,4,17,8,29,18,12,30,59
12/24/2015,SLE,OR,ANM,WE,Federal Contract Tower,0,4,0,0,4,0,0,6,0,6,0,4,6,0,10,2,0,2,12
12/25/2015,SLE,OR,ANM,WE,Federal Contract Tower,0,0,0,0,0,0,0,18,0,18,0,0,18,0,18,18,0,18,36
12/26/2015,SLE,OR,ANM,WE,Federal Contract Tower,0,2,19,0,21,0,0,15,0,15,0,2,34,0,36,16,0,16,52
12/27/2015,SLE,OR,ANM,WE,Federal Contract Tower,0,0,5,0,5,0,2,2,0,4,0,2,7,0,9,0,0,0,9
12/28/2015,SLE,OR,ANM,WE,Federal Contract Tower,0,4,4,5,13,0,0,1,0,1,0,4,5,5,14,0,2,2,16
12/29/2015,SLE,OR,ANM,WE,Federal Contract Tower,0,4,11,2,17,0,0,9,0,9,0,4,20,2,26,0,2,2,28
12/30/2015,SLE,OR,ANM,WE,Federal Contract Tower,0,4,5,4,13,0,1,101,5,107,0,5,106,9,120,45,6,51,171
12/31/2015,SLE,OR,ANM,WE,Federal Contract Tower,0,2,21,2,25,0,2,99,0,101,0,4,120,2,126,34,2,36,162
01/01/2016,SLE,OR,ANM,WE,Federal Contract Tower,0,4,9,0,13,0,2,30,0,32,0,6,39,0,45,14,0,14,59
01/02/2016,SLE,OR,ANM,WE,Federal Contract Tower,0,0,10,0,10,0,4,48,0,52,0,4,58,0,62,36,0,36,98
01/03/2016,SLE,OR,ANM,WE,Federal Contract Tower,0,0,6,0,6,0,0,0,0,0,0,0,6,0,6,0,0,0,6
01/04/2016,SLE,OR,ANM,WE,Federal Contract Tower,0,4,5,0,9,0,0,0,0,0,0,4,5,0,9,0,0,0,9
01/05/2016,SLE,OR,ANM,WE,Federal Contract Tower,0,4,5,8,17,0,0,0,0,0,0,4,5,8,17,0,26,26,43
01/06/2016,SLE,OR,ANM,WE,Federal Contract Tower,0,9,8,6,23,0,1,24,16,41,0,10,32,22,64,26,42,68,132
01/07/2016,SLE,OR,ANM,WE,Federal Contract Tower,0,4,28,8,40,0,0,0,0,0,0,4,28,8,40,0,24,24,64
01/08/2016,SLE,OR,ANM,WE,Federal Contract Tower,0,4,15,0,19,0,0,0,0,0,0,4,15,0,19,0,0,0,19
01/09/2016,SLE,OR,ANM,WE,Federal Contract Tower,0,2,7,0,9,0,0,2,0,2,0,2,9,0,11,0,0,0,11
01/10/2016,SLE,OR,ANM,WE,Federal Contract Tower,0,2,15,0,17,0,0,87,9,96,0,2,102,9,113,78,8,86,199
01/11/2016,SLE,OR,ANM,WE,Federal Contract Tower,0,4,10,17,31,0,0,10,1,11,0,4,20,18,42,6,0,6,48
01/12/2016,SLE,OR,ANM,WE,Federal Contract Tower,0,4,7,0,11,0,0,0,0,0,0,4,7,0,11,0,0,0,11
01/13/2016,SLE,OR,ANM,WE,Federal Contract Tower,0,3,11,3,17,0,1,13,2,16,0,4,24,5,33,18,14,32,65
01/14/2016,SLE,OR,ANM,WE,Federal Contract Tower,0,4,9,8,21,0,0,8,0,8,0,4,17,8,29,0,14,14,43
01/15/2016,SLE,OR,ANM,WE,Federal Contract Tower,0,2,12,1,15,0,6,40,3,49,0,8,52,4,64,54,0,54,118
01/16/2016,SLE,OR,ANM,WE,Federal Contract Tower,0,2,0,0,2,0,0,3,0,3,0,2,3,0,5,0,0,0,5
01/17/2016,SLE,OR,ANM,WE,Federal Contract Tower,0,0,6,0,6,0,0,1,0,1,0,0,7,0,7,16,0,16,23
01/18/2016,SLE,OR,ANM,WE,Federal Contract Tower,0,3,15,0,18,0,1,50,0,51,0,4,65,0,69,36,0,36,105
01/19/2016,SLE,OR,ANM,WE,Federal Contract Tower,0,4,6,1,11,0,0,0,1,1,0,4,6,2,12,0,78,78,90
01/20/2016,SLE,OR,ANM,WE,Federal Contract Tower,0,6,21,6,33,0,1,57,13,71,0,7,78,19,104,32,22,54,158
01/21/2016,SLE,OR,ANM,WE,Federal Contract Tower,0,1,13,4,18,0,5,29,20,54,0,6,42,24,72,6,45,51,123
01/22/2016,SLE,OR,ANM,WE,Federal Contract Tower,0,1,10,6,17,0,1,56,8,65,0,2,66,14,82,44,8,52,134
01/23/2016,SLE,OR,ANM,WE,Federal Contract Tower,0,1,9,0,10,0,2,13,0,15,0,3,22,0,25,8,0,8,33
01/24/2016,SLE,OR,ANM,WE,Federal Contract Tower,0,0,3,0,3,0,0,12,0,12,0,0,15,0,15,16,16,32,47
01/25/2016,SLE,OR,ANM,WE,Federal Contract Tower,0,1,15,1,17,0,3,93,12,108,0,4,108,13,125,70,4,74,199
01/26/2016,SLE,OR,ANM,WE,Federal Contract Tower,0,2,8,2,12,0,2,14,2,18,0,4,22,4,30,20,14,34,64
01/27/2016,SLE,OR,ANM,WE,Federal Contract Tower,0,2,8,4,14,0,4,60,10,74,0,6,68,14,88,38,14,52,140
01/28/2016,SLE,OR,ANM,WE,Federal Contract Tower,0,1,15,2,18,0,3,19,7,29,0,4,34,9,47,22,0,22,69
01/29/2016,SLE,OR,ANM,WE,Federal Contract Tower,0,6,8,2,16,0,0,13,8,21,0,6,21,10,37,0,0,0,37
01/30/2016,SLE,OR,ANM,WE,Federal Contract Tower,0,3,12,0,15,0,3,9,0,12,0,6,21,0,27,36,0,36,63
01/31/2016,SLE,OR,ANM,WE,Federal Contract Tower,0,2,13,0,15,0,0,14,0,14,0,2,27,0,29,12,0,12,41
02/01/2016,SLE,OR,ANM,WE,Federal Contract Tower,0,2,0,7,9,0,2,2,11,15,0,4,2,18,24,0,10,10,34
02/02/2016,SLE,OR,ANM,WE,Federal Contract Tower,0,5,11,9,25,0,8,43,13,64,0,13,54,22,89,14,26,40,129
02/03/2016,SLE,OR,ANM,WE,Federal Contract Tower,0,2,9,4,15,0,6,13,18,37,0,8,22,22,52,6,2,8,60
02/04/2016,SLE,OR,ANM,WE,Federal Contract Tower,0,1,12,0,13,0,3,21,10,34,0,4,33,10,47,32,6,38,85
02/05/2016,SLE,OR,ANM,WE,Federal Contract Tower,0,3,11,3,17,0,1,36,41,78,0,4,47,44,95,0,4,4,99
02/06/2016,SLE,OR,ANM,WE,Federal Contract Tower,0,0,20,3,23,0,2,29,14,45,0,2,49,17,68,22,18,40,108
02/07/2016,SLE,OR,ANM,WE,Federal Contract Tower,0,0,8,0,8,0,0,23,0,23,0,0,31,0,31,0,0,0,31
02/08/2016,SLE,OR,ANM,WE,Federal Contract Tower,0,1,19,1,21,0,3,104,4,111,0,4,123,5,132,42,6,48,180
02/09/2016,SLE,OR,ANM,WE,Federal Contract Tower,0,0,21,3,24,0,6,80,12,98,0,6,101,15,122,84,20,104,226
02/10/2016,SLE,OR,ANM,WE,Federal Contract Tower,0,3,24,2,29,0,3,55,8,66,0,6,79,10,95,40,24,64,159
02/11/2016,SLE,OR,ANM,WE,Federal Contract Tower,0,9,15,5,29,0,0,16,5,21,0,9,31,10,50,0,0,0,50
02/12/2016,SLE,OR,ANM,WE,Federal Contract Tower,0,3,8,1,12,0,1,15,9,25,0,4,23,10,37,8,4,12,49
02/13/2016,SLE,OR,ANM,WE,Federal Contract Tower,0,0,9,0,9,0,6,20,2,28,0,6,29,2,37,4,6,10,47
02/14/2016,SLE,OR,ANM,WE,Federal Contract Tower,0,0,4,1,5,0,0,0,0,0,0,0,4,1,5,0,0,0,5
02/15/2016,SLE,OR,ANM,WE,Federal Contract Tower,0,0,9,0,9,0,4,41,0,45,0,4,50,0,54,12,0,12,66
02/16/2016,SLE,OR,ANM,WE,Federal Contract Tower,0,1,14,10,25,0,3,31,12,46,0,4,45,22,71,12,6,18,89
02/17/2016,SLE,OR,ANM,WE,Federal Contract Tower,0,4,15,1,20,0,0,23,9,32,0,4,38,10,52,0,0,0,52
02/18/2016,SLE,OR,ANM,WE,Federal Contract Tower,0,3,8,4,15,0,2,5,15,22,0,5,13,19,37,2,46,48,85
02/19/2016,SLE,OR,ANM,WE,Federal Contract Tower,0,1,10,2,13,0,2,4,7,13,0,3,14,9,26,0,6,6,32
02/20/2016,SLE,OR,ANM,WE,Federal Contract Tower,0,1,8,0,9,0,1,58,3,62,0,2,66,3,71,48,0,48,119
02/21/2016,SLE,OR,ANM,WE,Federal Contract Tower,0,0,7,0,7,0,0,17,0,17,0,0,24,0,24,4,0,4,28
02/22/2016,SLE,OR,ANM,WE,Federal Contract Tower,0,0,19,3,22,0,9,35,8,52,0,9,54,11,74,14,0,14,88
02/23/2016,SLE,OR,ANM,WE,Federal Contract Tower,0,1,20,1,22,0,7,80,3,90,0,8,100,4,112,22,2,24,136
02/24/2016,SLE,OR,ANM,WE,Federal Contract Tower,0,5,11,3,19,0,1,59,10,70,0,6,70,13,89,80,26,106,195
02/25/2016,SLE,OR,ANM,WE,Federal Contract Tower,0,1,19,5,25,0,3,98,2,103,0,4,117,7,128,46,6,52,180
02/26/2016,SLE,OR,ANM,WE,Federal Contract Tower,0,5,4,5,14,0,1,43,3,47,0,6,47,8,61,24,2,26,87
02/27/2016,SLE,OR,ANM,WE,Federal Contract Tower,0,1,16,0,17,0,4,31,0,35,0,5,47,0,52,8,0,8,60
02/28/2016,SLE,OR,ANM,WE,Federal Contract Tower,0,1,2,0,3,0,1,5,0,6,0,2,7,0,9,0,0,0,9
02/29/2016,SLE,OR,ANM,WE,Federal Contract Tower,0,3,21,0,24,0,5,45,7,57,0,8,66,7,81,26,0,26,107
03/01/2016,SLE,OR,ANM,WE,Federal Contract Tower,0,4,5,0,9,0,3,5,3,11,0,7,10,3,20,0,16,16,36
03/02/2016,SLE,OR,ANM,WE,Federal Contract Tower,0,4,12,3,19,0,1,49,11,61,0,5,61,14,80,12,52,64,144
03/03/2016,SLE,OR,ANM,WE,Federal Contract Tower,0,0,14,8,22,0,8,55,11,74,0,8,69,19,96,30,12,42,138
03/04/2016,SLE,OR,ANM,WE,Federal Contract Tower,0,1,16,2,19,0,5,45,11,61,0,6,61,13,80,18,4,22,102
03/05/2016,SLE,OR,ANM,WE,Federal Contract Tower,0,0,8,1,9,0,2,23,17,42,0,2,31,18,51,0,24,24,75
03/06/2016,SLE,OR,ANM,WE,Federal Contract Tower,0,0,0,2,2,0,0,7,6,13,0,0,7,8,15,0,16,16,31
03/07/2016,SLE,OR,ANM,WE,Federal Contract Tower,0,0,3,2,5,0,4,25,5,34,0,4,28,7,39,0,0,0,39
03/08/2016,SLE,OR,ANM,WE,Federal Contract Tower,0,3,8,2,13,0,1,8,7,16,0,4,16,9,29,0,24,24,53
03/09/2016,SLE,OR,ANM,WE,Federal Contract Tower,0,5,6,2,13,0,1,0,1,2,0,6,6,3,15,0,0,0,15
03/10/2016,SLE,OR,ANM,WE,Federal Contract Tower,0,0,5,5,10,0,4,10,7,21,0,4,15,12,31,10,12,22,53
03/11/2016,SLE,OR,ANM,WE,Federal Contract Tower,0,4,12,0,16,0,2,24,2,28,0,6,36,2,44,0,0,0,44
03/12/2016,SLE,OR,ANM,WE,Federal Contract Tower,0,3,11,0,14,0,0,5,0,5,0,3,16,0,19,0,0,0,19
03/13/2016,SLE,OR,ANM,WE,Federal Contract Tower,0,1,4,0,5,0,0,3,0,3,0,1,7,0,8,0,0,0,8
03/14/2016,SLE,OR,ANM,WE,Federal Contract Tower,0,4,5,1,10,0,1,6,8,15,0,5,11,9,25,2,0,2,27
03/15/2016,SLE,OR,ANM,WE,Federal Contract Tower,0,5,6,6,17,0,0,3,0,3,0,5,9,6,20,8,30,38,58
03/16/2016,SLE,OR,ANM,WE,Federal Contract Tower,0,3,19,7,29,0,1,20,7,28,0,4,39,14,57,6,2,8,65
03/17/2016,SLE,OR,ANM,WE,Federal Contract Tower,0,2,15,5,22,0,4,110,17,131,0,6,125,22,153,24,0,24,177
03/18/2016,SLE,OR,ANM,WE,Federal Contract Tower,0,1,14,2,17,0,4,68,1,73,0,5,82,3,90,26,6,32,122
03/19/2016,SLE,OR,ANM,WE,Federal Contract Tower,0,2,9,0,11,0,4,79,0,83,0,6,88,0,94,40,0,40,134
03/20/2016,SLE,OR,ANM,WE,Federal Contract Tower,0,1,12,0,13,0,0,13,0,13,0,1,25,0,26,30,0,30,56
03/21/2016,SLE,OR,ANM,WE,Federal Contract Tower,0,5,4,0,9,0,0,6,4,10,0,5,10,4,19,0,0,0,19
03/22/2016,SLE,OR,ANM,WE,Federal Contract Tower,0,5,12,0,17,0,0,11,2,13,0,5,23,2,30,14,2,16,46
03/23/2016,SLE,OR,ANM,WE,Federal Contract Tower,0,2,10,0,12,0,2,40,8,50,0,4,50,8,62,26,0,26,88
03/24/2016,SLE,OR,ANM,WE,Federal Contract Tower,0,3,11,2,16,0,1,37,10,48,0,4,48,12,64,10,10,20,84
03/25/2016,SLE,OR,ANM,WE,Federal Contract Tower,0,6,16,3,25,0,1,33,8,42,0,7,49,11,67,2,28,30,97
03/26/2016,SLE,OR,ANM,WE,Federal Contract Tower,0,0,14,0,14,0,2,50,0,52,0,2,64,0,66,8,0,8,74
03/27/2016,SLE,OR,ANM,WE,Federal Contract Tower,0,0,9,0,9,0,0,2,0,2,0,0,11,0,11,0,0,0,11
03/28/2016,SLE,OR,ANM,WE,Federal Contract Tower,0,1,4,1,6,0,4,28,8,40,0,5,32,9,46,74,0,74,120
03/29/2016,SLE,OR,ANM,WE,Federal Contract Tower,0,1,3,2,6,0,5,91,16,112,0,6,94,18,118,112,18,130,248
03/30/2016,SLE,OR,ANM,WE,Federal Contract Tower,0,4,23,1,28,0,3,102,14,119,0,7,125,15,147,56,10,66,213
03/31/2016,SLE,OR,ANM,WE,Federal Contract Tower,0,1,9,2,12,0,5,77,10,92,0,6,86,12,104,44,2,46,150
04/01/2016,SLE,OR,ANM,WE,Federal Contract Tower,0,1,12,1,14,0,3,93,9,105,0,4,105,10,119,78,4,82,201
04/02/2016,SLE,OR,ANM,WE,Federal Contract Tower,0,0,4,5,9,0,2,80,13,95,0,2,84,18,104,22,10,32,136
04/03/2016,SLE,OR,ANM,WE,Federal Contract Tower,0,0,17,1,18,0,0,88,5,93,0,0,105,6,111,18,0,18,129
04/04/2016,SLE,OR,ANM,WE,Federal Contract Tower,0,2,14,1,17,0,4,20,3,27,0,6,34,4,44,6,0,6,50
04/05/2016,SLE,OR,ANM,WE,Federal Contract Tower,0,1,15,2,18,0,6,52,6,64,0,7,67,8,82,20,20,40,122
04/06/2016,SLE,OR,ANM,WE,Federal Contract Tower,0,0,7,1,8,0,4,69,8,81,0,4,76,9,89,28,22,50,139
04/07/2016,SLE,OR,ANM,WE,Federal Contract Tower,0,0,13,5,18,0,5,86,10,101,0,5,99,15,119,32,12,44,163
04/08/2016,SLE,OR,ANM,WE,Federal Contract Tower,0,0,4,4,8,0,8,86,13,107,0,8,90,17,115,16,2,18,133
04/09/2016,SLE,OR,ANM,WE,Federal Contract Tower,0,0,17,0,17,0,4,16,0,20,0,4,33,0,37,12,0,12,49
04/10/2016,SLE,OR,ANM,WE,Federal Contract Tower,0,0,22,0,22,0,4,34,0,38,0,4,56,0,60,4,0,4,64
04/11/2016,SLE,OR,ANM,WE,Federal Contract Tower,0,2,16,1,19,0,2,42,10,54,0,4,58,11,73,52,0,52,125
04/12/2016,SLE,OR,ANM,WE,Federal Contract Tower,0,1,9,1,11,0,4,16,12,32,0,5,25,13,43,20,16,36,79
04/13/2016,SLE,OR,ANM,WE,Federal Contract Tower,0,1,12,1,14,0,4,24,22,50,0,5,36,23,64,12,2,14,78
04/14/2016,SLE,OR,ANM,WE,Federal Contract Tower,0,0,10,0,10,0,4,3,8,15,0,4,13,8,25,0,36,36,61
04/15/2016,SLE,OR,ANM,WE,Federal Contract Tower,0,0,18,3,21,0,5,72,7,84,0,5,90,10,105,10,0,10,115
04/16/2016,SLE,OR,ANM,WE,Federal Contract Tower,0,1,20,0,21,0,2,83,0,85,0,3,103,0,106,38,0,38,144
04/17/2016,SLE,OR,ANM,WE,Federal Contract Tower,0,0,8,0,8,0,1,77,0,78,0,1,85,0,86,16,0,16,102
04/18/2016,SLE,OR,ANM,WE,Federal Contract Tower,0,1,14,3,18,0,8,70,11,89,0,9,84,14,107,20,10,30,137
04/19/2016,SLE,OR,ANM,WE,Federal Contract Tower,0,0,19,2,21,0,4,86,20,110,0,4,105,22,131,22,34,56,187
04/20/2016,SLE,OR,ANM,WE,Federal Contract Tower,0,0,9,3,12,0,4,62,9,75,0,4,71,12,87,38,4,42,129
04/21/2016,SLE,OR,ANM,WE,Federal Contract Tower,0,0,28,0,28,0,4,63,10,77,0,4,91,10,105,22,6,28,133
04/22/2016,SLE,OR,ANM,WE,Federal Contract Tower,0,1,16,0,17,0,3,29,6,38,0,4,45,6,55,38,0,38,93
04/23/2016,SLE,OR,ANM,WE,Federal Contract Tower,0,0,8,0,8,0,6,15,0,21,0,6,23,0,29,52,0,52,81
04/24/2016,SLE,OR,ANM,WE,Federal Contract Tower,0,0,12,0,12,0,2,4,0,6,0,2,16,0,18,4,0,4,22
04/25/2016,SLE,OR,ANM,WE,Federal Contract Tower,0,2,14,0,16,0,2,42,16,60,0,4,56,16,76,20,14,34,110
04/26/2016,SLE,OR,ANM,WE,Federal Contract Tower,0,1,20,3,24,0,7,64,11,82,0,8,84,14,106,26,12,38,144
04/27/2016,SLE,OR,ANM,WE,Federal Contract Tower,0,1,8,4,13,0,3,13,8,24,0,4,21,12,37,26,38,64,101
04/28/2016,SLE,OR,ANM,WE,Federal Contract Tower,0,1,18,5,24,0,3,65,25,93,0,4,83,30,117,10,2,12,129
04/29/2016,SLE,OR,ANM,WE,Federal Contract Tower,0,6,14,8,28,0,4,27,4,35,0,10,41,12,63,52,0,52,115
04/30/2016,SLE,OR,ANM,WE,Federal Contract Tower,0,0,16,2,18,0,6,68,2,76,0,6,84,4,94,34,0,34,128
05/01/2016,SLE,OR,ANM,WE,Federal Contract Tower,0,0,20,0,20,0,5,61,1,67,0,5,81,1,87,22,0,22,109
05/02/2016,SLE,OR,ANM,WE,Federal Contract Tower,0,0,10,1,11,0,4,60,8,72,0,4,70,9,83,38,26,64,147
05/03/2016,SLE,OR,ANM,WE,Federal Contract Tower,0,4,18,7,29,0,3,68,14,85,0,7,86,21,114,38,4,42,156
05/04/2016,SLE,OR,ANM,WE,Federal Contract Tower,0,4,12,3,19,0,2,15,13,30,0,6,27,16,49,14,0,14,63
05/05/2016,SLE,OR,ANM,WE,Federal Contract Tower,0,0,12,6,18,0,4,50,7,61,0,4,62,13,79,40,0,40,119
05/06/2016,SLE,OR,ANM,WE,Federal Contract Tower,0,11,20,3,34,0,3,69,16,88,0,14,89,19,122,36,16,52,174
05/07/2016,SLE,OR,ANM,WE,Federal Contract Tower,0,1,13,0,14,0,3,83,0,86,0,4,96,0,100,46,0,46,146
05/08/2016,SLE,OR,ANM,WE,Federal Contract Tower,0,2,7,0,9,0,0,15,0,15,0,2,22,0,24,24,0,24,48
05/09/2016,SLE,OR,ANM,WE,Federal Contract Tower,0,1,14,0,15,0,9,50,10,69,0,10,64,10,84,34,24,58,142
05/10/2016,SLE,OR,ANM,WE,Federal Contract Tower,0,0,7,3,10,0,5,75,5,85,0,5,82,8,95,26,34,60,155
05/11/2016,SLE,OR,ANM,WE,Federal Contract Tower,0,0,17,2,19,0,4,74,11,89,0,4,91,13,108,32,16,48,156
05/12/2016,SLE,OR,ANM,WE,Federal Contract Tower,0,1,18,8,27,0,3,65,9,77,0,4,83,17,104,22,10,32,136
05/13/2016,SLE,OR,ANM,WE,Federal Contract Tower,0,0,10,4,14,0,4,100,8,112,0,4,110,12,126,68,0,68,194
05/14/2016,SLE,OR,ANM,WE,Federal Contract Tower,0,3,4,1,8,0,2,0,0,2,0,5,4,1,10,0,0,0,10
05/15/2016,SLE,OR,ANM,WE,Federal Contract Tower,0,0,16,6,22,0,0,3,6,9,0,0,19,12,31,20,0,20,51
05/16/2016,SLE,OR,ANM,WE,Federal Contract Tower,0,1,11,0,12,0,3,21,2,26,0,4,32,2,38,63,0,63,101
05/17/2016,SLE,OR,ANM,WE,Federal Contract Tower,0,9,20,4,33,0,7,78,7,92,0,16,98,11,125,24,2,26,151
05/18/2016,SLE,OR,ANM,WE,Federal Contract Tower,0,7,14,1,22,0,15,69,6,90,0,22,83,7,112,36,1,37,149
05/19/2016,SLE,OR,ANM,WE,Federal Contract Tower,0,5,4,2,11,0,7,34,3,44,0,12,38,5,55,42,0,42,97
05/20/2016,SLE,OR,ANM,WE,Federal Contract Tower,0,0,20,5,25,0,6,42,5,53,0,6,62,10,78,122,2,124,202
05/21/2016,SLE,OR,ANM,WE,Federal Contract Tower,0,0,3,0,3,0,4,27,2,33,0,4,30,2,36,86,0,86,122
05/22/2016,SLE,OR,ANM,WE,Federal Contract Tower,0,0,3,0,3,0,0,11,0,11,0,0,14,0,14,4,0,4,18
05/23/2016,SLE,OR,ANM,WE,Federal Contract Tower,0,4,17,2,23,0,5,33,5,43,0,9,50,7,66,38,6,44,110
05/24/2016,SLE,OR,ANM,WE,Federal Contract Tower,0,4,14,2,20,0,3,54,4,61,0,7,68,6,81,58,16,74,155
05/25/2016,SLE,OR,ANM,WE,Federal Contract Tower,0,4,13,3,20,0,2,49,3,54,0,6,62,6,74,66,0,66,140
05/26/2016,SLE,OR,ANM,WE,Federal Contract Tower,0,2,15,5,22,0,3,43,4,50,0,5,58,9,72,56,4,60,132
05/27/2016,SLE,OR,ANM,WE,Federal Contract Tower,0,1,13,2,16,0,4,61,3,68,0,5,74,5,84,44,0,44,128
05/28/2016,SLE,OR,ANM,WE,Federal Contract Tower,0,2,1,0,3,0,8,77,0,85,0,10,78,0,88,58,0,58,146
05/29/2016,SLE,OR,ANM,WE,Federal Contract Tower,0,2,9,0,11,0,2,40,0,42,0,4,49,0,53,18,8,26,79
05/30/2016,SLE,OR,ANM,WE,Federal Contract Tower,0,0,7,1,8,0,1,70,1,72,0,1,77,2,80,44,0,44,124
05/31/2016,SLE,OR,ANM,WE,Federal Contract Tower,0,1,13,3,17,0,3,54,1,58,0,4,67,4,75,48,0,48,123
06/01/2016,SLE,OR,ANM,WE,Federal Contract Tower,0,1,11,4,16,0,5,72,4,81,0,6,83,8,97,54,2,56,153
06/02/2016,SLE,OR,ANM,WE,Federal Contract Tower,0,1,17,9,27,0,8,21,3,32,0,9,38,12,59,0,0,0,59
06/03/2016,SLE,OR,ANM,WE,Federal Contract Tower,0,1,22,6,29,0,3,70,2,75,0,4,92,8,104,106,10,116,220
06/04/2016,SLE,OR,ANM,WE,Federal Contract Tower,0,2,2,3,7,0,5,35,0,40,0,7,37,3,47,0,0,0,47
06/05/2016,SLE,OR,ANM,WE,Federal Contract Tower,0,1,8,0,9,0,5,60,0,65,0,6,68,0,74,16,0,16,90
06/06/2016,SLE,OR,ANM,WE,Federal Contract Tower,0,1,13,1,15,0,8,48,3,59,0,9,61,4,74,28,0,28,102
06/07/2016,SLE,OR,ANM,WE,Federal Contract Tower,0,5,17,1,23,0,3,105,6,114,0,8,122,7,137,66,4,70,207
06/08/2016,SLE,OR,ANM,WE,Federal Contract Tower,0,1,14,3,18,0,6,60,10,76,0,7,74,13,94,16,0,16,110
06/09/2016,SLE,OR,ANM,WE,Federal Contract Tower,0,8,14,7,29,0,1,17,3,21,0,9,31,10,50,8,0,8,58
06/10/2016,SLE,OR,ANM,WE,Federal Contract Tower,0,5,17,3,25,0,4,35,3,42,0,9,52,6,67,38,6,44,111
06/11/2016,SLE,OR,ANM,WE,Federal Contract Tower,0,2,9,0,11,0,7,117,9,133,0,9,126,9,144,78,2,80,224
06/12/2016,SLE,OR,ANM,WE,Federal Contract Tower,0,0,17,2,19,0,1,78,6,85,0,1,95,8,104,88,0,88,192
06/13/2016,SLE,OR,ANM,WE,Federal Contract Tower,0,3,17,2,22,0,3,18,2,23,0,6,35,4,45,48,0,48,93
06/14/2016,SLE,OR,ANM,WE,Federal Contract Tower,0,1,8,1,10,0,5,15,8,28,0,6,23,9,38,20,0,20,58
06/15/2016,SLE,OR,ANM,WE,Federal Contract Tower,0,6,4,4,14,0,6,28,13,47,0,12,32,17,61,4,0,4,65
06/16/2016,SLE,OR,ANM,WE,Federal Contract Tower,0,0,18,4,22,0,4,55,11,70,0,4,73,15,92,50,0,50,142
06/17/2016,SLE,OR,ANM,WE,Federal Contract Tower,0,0,6,1,7,0,6,53,14,73,0,6,59,15,80,30,34,64,144
06/18/2016,SLE,OR,ANM,WE,Federal Contract Tower,0,0,5,0,5,0,3,19,0,22,0,3,24,0,27,22,0,22,49
06/19/2016,SLE,OR,ANM,WE,Federal Contract Tower,0,1,15,0,16,0,0,68,7,75,0,1,83,7,91,12,10,22,113
06/20/2016,SLE,OR,ANM,WE,Federal Contract Tower,0,1,13,6,20,0,3,62,12,77,0,4,75,18,97,34,18,52,149
06/21/2016,SLE,OR,ANM,WE,Federal Contract Tower,0,1,18,4,23,0,3,62,11,76,0,4,80,15,99,50,12,62,161
06/22/2016,SLE,OR,ANM,WE,Federal Contract Tower,0,7,11,4,22,0,8,60,9,77,0,15,71,13,99,2,2,4,103
06/23/2016,SLE,OR,ANM,WE,Federal Contract Tower,0,10,17,9,36,0,0,4,3,7,0,10,21,12,43,4,2,6,49
06/24/2016,SLE,OR,ANM,WE,Federal Contract Tower,0,6,12,3,21,0,4,54,10,68,0,10,66,13,89,14,4,18,107
06/25/2016,SLE,OR,ANM,WE,Federal Contract Tower,0,0,1,0,1,0,3,64,0,67,0,3,65,0,68,50,0,50,118
06/26/2016,SLE,OR,ANM,WE,Federal Contract Tower,0,0,5,0,5,0,2,54,4,60,0,2,59,4,65,6,0,6,71
06/27/2016,SLE,OR,ANM,WE,Federal Contract Tower,0,3,10,5,18,0,7,58,8,73,0,10,68,13,91,14,4,18,109
06/28/2016,SLE,OR,ANM,WE,Federal Contract Tower,0,1,8,7,16,0,4,58,12,74,0,5,66,19,90,56,18,74,164
06/29/2016,SLE,OR,ANM,WE,Federal Contract Tower,0,1,7,3,11,0,3,58,5,66,0,4,65,8,77,46,2,48,125
06/30/2016,SLE,OR,ANM,WE,Federal Contract Tower,0,2,10,5,17,0,5,86,7,98,0,7,96,12,115,52,10,62,177
07/01/2016,SLE,OR,ANM,WE,Federal Contract Tower,0,3,9,1,13,2,4,81,11,98,2,7,90,12,111,80,0,80,191
07/02/2016,SLE,OR,ANM,WE,Federal Contract Tower,0,0,14,0,14,0,4,37,2,43,0,4,51,2,57,8,0,8,65
07/03/2016,SLE,OR,ANM,WE,Federal Contract Tower,0,0,4,0,4,0,2,39,0,41,0,2,43,0,45,16,0,16,61
07/04/2016,SLE,OR,ANM,WE,Federal Contract Tower,0,0,3,0,3,0,0,34,0,34,0,0,37,0,37,24,0,24,61
07/05/2016,SLE,OR,ANM,WE,Federal Contract Tower,0,1,12,1,14,0,11,52,3,66,0,12,64,4,80,20,2,22,102
07/06/2016,SLE,OR,ANM,WE,Federal Contract Tower,0,0,13,1,14,0,5,64,9,78,0,5,77,10,92,36,12,48,140
07/07/2016,SLE,OR,ANM,WE,Federal Contract Tower,0,4,6,6,16,0,3,20,9,32,0,7,26,15,48,28,0,28,76
07/08/2016,SLE,OR,ANM,WE,Federal Contract Tower,0,3,11,4,18,0,3,19,0,22,0,6,30,4,40,0,0,0,40
07/09/2016,SLE,OR,ANM,WE,Federal Contract Tower,0,1,13,2,16,0,2,13,10,25,0,3,26,12,41,14,10,24,65
07/10/2016,SLE,OR,ANM,WE,Federal Contract Tower,0,2,6,0,8,0,2,13,2,17,0,4,19,2,25,4,0,4,29
07/11/2016,SLE,OR,ANM,WE,Federal Contract Tower,0,2,6,0,8,0,4,32,2,38,0,6,38,2,46,20,22,42,88
07/12/2016,SLE,OR,ANM,WE,Federal Contract Tower,0,1,21,4,26,0,7,38,7,52,0,8,59,11,78,56,20,76,154
07/13/2016,SLE,OR,ANM,WE,Federal Contract Tower,0,0,11,3,14,0,4,61,7,72,0,4,72,10,86,18,70,88,174
07/14/2016,SLE,OR,ANM,WE,Federal Contract Tower,0,7,15,5,27,0,7,132,3,142,0,14,147,8,169,48,0,48,217
07/15/2016,SLE,OR,ANM,WE,Federal Contract Tower,0,3,6,3,12,0,3,76,1,80,0,6,82,4,92,34,0,34,126
07/16/2016,SLE,OR,ANM,WE,Federal Contract Tower,0,3,14,0,17,0,7,62,0,69,0,10,76,0,86,2,0,2,88
07/17/2016,SLE,OR,ANM,WE,Federal Contract Tower,0,0,16,1,17,0,0,47,0,47,0,0,63,1,64,0,0,0,64
07/18/2016,SLE,OR,ANM,WE,Federal Contract Tower,0,2,5,1,8,0,3,22,7,32,0,5,27,8,40,28,2,30,70
07/19/2016,SLE,OR,ANM,WE,Federal Contract Tower,0,0,17,2,19,0,6,33,10,49,0,6,50,12,68,26,0,26,94
07/20/2016,SLE,OR,ANM,WE,Federal Contract Tower,0,1,20,5,26,0,5,84,9,98,0,6,104,14,124,50,10,60,184
07/21/2016,SLE,OR,ANM,WE,Federal Contract Tower,0,7,18,2,27,0,13,57,13,83,0,20,75,15,110,22,20,42,152
07/22/2016,SLE,OR,ANM,WE,Federal Contract Tower,0,0,18,2,20,0,4,57,0,61,0,4,75,2,81,18,2,20,101
07/23/2016,SLE,OR,ANM,WE,Federal Contract Tower,0,0,15,0,15,0,10,58,0,68,0,10,73,0,83,16,0,16,99
07/24/2016,SLE,OR,ANM,WE,Federal Contract Tower,0,0,6,0,6,0,0,53,0,53,0,0,59,0,59,8,0,8,67
07/25/2016,SLE,OR,ANM,WE,Federal Contract Tower,0,2,10,2,14,0,6,50,2,58,0,8,60,4,72,12,0,12,84
07/26/2016,SLE,OR,ANM,WE,Federal Contract Tower,0,2,10,3,15,0,3,58,2,63,0,5,68,5,78,44,6,50,128
07/27/2016,SLE,OR,ANM,WE,Federal Contract Tower,0,3,15,2,20,0,4,69,4,77,0,7,84,6,97,18,2,20,117
07/28/2016,SLE,OR,ANM,WE,Federal Contract Tower,2,2,2,3,9,0,11,39,10,60,2,13,41,13,69,32,4,36,105
07/29/2016,SLE,OR,ANM,WE,Federal Contract Tower,0,4,16,3,23,0,17,53,6,76,0,21,69,9,99,22,14,36,135
07/30/2016,SLE,OR,ANM,WE,Federal Contract Tower,0,2,6,0,8,0,1,68,0,69,0,3,74,0,77,24,0,24,101
07/31/2016,SLE,OR,ANM,WE,Federal Contract Tower,0,1,9,0,10,0,0,44,2,46,0,1,53,2,56,40,0,40,96
08/01/2016,SLE,OR,ANM,WE,Federal Contract Tower,0,3,13,5,21,0,7,51,8,66,0,10,64,13,87,2,6,8,95
08/02/2016,SLE,OR,ANM,WE,Federal Contract Tower,0,1,10,3,14,0,8,43,15,66,0,9,53,18,80,34,8,42,122
08/03/2016,SLE,OR,ANM,WE,Federal Contract Tower,0,1,4,5,10,0,5,50,8,63,0,6,54,13,73,24,22,46,119
08/04/2016,SLE,OR,ANM,WE,Federal Contract Tower,0,1,10,3,14,0,12,53,3,68,0,13,63,6,82,20,0,20,102
08/05/2016,SLE,OR,ANM,WE,Federal Contract Tower,0,0,10,4,14,0,10,53,5,68,0,10,63,9,82,14,6,20,102
08/06/2016,SLE,OR,ANM,WE,Federal Contract Tower,0,1,5,1,7,0,5,58,10,73,0,6,63,11,80,14,2,16,96
08/07/2016,SLE,OR,ANM,WE,Federal Contract Tower,0,0,8,0,8,0,0,26,2,28,0,0,34,2,36,0,0,0,36
08/08/2016,SLE,OR,ANM,WE,Federal Contract Tower,0,10,14,1,25,0,1,41,5,47,0,11,55,6,72,4,8,12,84
08/09/2016,SLE,OR,ANM,WE,Federal Contract Tower,0,5,11,6,22,0,8,16,6,30,0,13,27,12,52,44,0,44,96
08/10/2016,SLE,OR,ANM,WE,Federal Contract Tower,0,6,7,1,14,0,5,60,7,72,0,11,67,8,86,30,0,30,116
08/11/2016,SLE,OR,ANM,WE,Federal Contract Tower,0,5,4,1,10,0,11,68,8,87,0,16,72,9,97,28,2,30,127
08/12/2016,SLE,OR,ANM,WE,Federal Contract Tower,0,7,11,0,18,0,4,81,9,94,0,11,92,9,112,24,2,26,138
08/13/2016,SLE,OR,ANM,WE,Federal Contract Tower,0,1,5,2,8,0,6,70,0,76,0,7,75,2,84,12,0,12,96
08/14/2016,SLE,OR,ANM,WE,Federal Contract Tower,0,0,4,2,6,0,2,126,0,128,0,2,130,2,134,24,0,24,158
08/15/2016,SLE,OR,ANM,WE,Federal Contract Tower,0,1,11,1,13,0,7,46,8,61,0,8,57,9,74,14,0,14,88
08/16/2016,SLE,OR,ANM,WE,Federal Contract Tower,0,2,3,4,9,0,6,60,19,85,0,8,63,23,94,16,22,38,132
08/17/2016,SLE,OR,ANM,WE,Federal Contract Tower,0,0,22,3,25,0,5,61,9,75,0,5,83,12,100,24,2,26,126
08/18/2016,SLE,OR,ANM,WE,Federal Contract Tower,0,1,10,1,12,0,3,36,12,51,0,4,46,13,63,12,14,26,89
08/19/2016,SLE,OR,ANM,WE,Federal Contract Tower,0,1,4,1,6,0,5,54,10,69,0,6,58,11,75,40,6,46,121
08/20/2016,SLE,OR,ANM,WE,Federal Contract Tower,0,0,6,0,6,0,4,31,2,37,0,4,37,2,43,0,0,0,43
08/21/2016,SLE,OR,ANM,WE,Federal Contract Tower,0,0,5,0,5,0,2,72,0,74,0,2,77,0,79,0,0,0,79
08/22/2016,SLE,OR,ANM,WE,Federal Contract Tower,0,2,6,0,8,0,2,33,3,38,0,4,39,3,46,2,0,2,48
08/23/2016,SLE,OR,ANM,WE,Federal Contract Tower,0,5,15,2,22,0,19,78,6,103,0,24,93,8,125,46,0,46,171
08/24/2016,SLE,OR,ANM,WE,Federal Contract Tower,0,4,10,5,19,0,3,70,5,78,0,7,80,10,97,52,2,54,151
08/25/2016,SLE,OR,ANM,WE,Federal Contract Tower,0,2,10,1,13,0,10,57,11,78,0,12,67,12,91,14,2,16,107
08/26/2016,SLE,OR,ANM,WE,Federal Contract Tower,0,6,10,2,18,0,26,75,4,105,0,32,85,6,123,16,0,16,139
08/27/2016,SLE,OR,ANM,WE,Federal Contract Tower,0,1,6,0,7,0,7,88,0,95,0,8,94,0,102,6,0,6,108
08/28/2016,SLE,OR,ANM,WE,Federal Contract Tower,0,0,5,0,5,0,8,49,0,57,0,8,54,0,62,18,0,18,80
08/29/2016,SLE,OR,ANM,WE,Federal Contract Tower,0,2,16,4,22,0,2,47,6,55,0,4,63,10,77,38,0,38,115
08/30/2016,SLE,OR,ANM,WE,Federal Contract Tower,0,2,12,3,17,0,5,61,9,75,0,7,73,12,92,66,6,72,164
08/31/2016,SLE,OR,ANM,WE,Federal Contract Tower,0,6,7,9,22,0,2,24,7,33,0,8,31,16,55,16,20,36,91
09/01/2016,SLE,OR,ANM,WE,Federal Contract Tower,0,4,3,7,14,0,2,25,10,37,0,6,28,17,51,42,12,54,105
09/02/2016,SLE,OR,ANM,WE,Federal Contract Tower,0,2,16,0,18,0,5,39,0,44,0,7,55,0,62,48,0,48,110
09/03/2016,SLE,OR,ANM,WE,Federal Contract Tower,0,0,13,0,13,0,2,61,0,63,0,2,74,0,76,20,0,20,96
09/04/2016,SLE,OR,ANM,WE,Federal Contract Tower,0,0,15,0,15,0,2,39,0,41,0,2,54,0,56,24,0,24,80
09/05/2016,SLE,OR,ANM,WE,Federal Contract Tower,0,0,10,1,11,0,0,85,2,87,0,0,95,3,98,13,0,13,111
09/06/2016,SLE,OR,ANM,WE,Federal Contract Tower,0,4,18,3,25,0,0,8,0,8,0,4,26,3,33,32,0,32,65
09/07/2016,SLE,OR,ANM,WE,Federal Contract Tower,0,5,13,0,18,0,2,65,2,69,0,7,78,2,87,22,0,22,109
09/08/2016,SLE,OR,ANM,WE,Federal Contract Tower,0,3,11,5,19,0,4,66,1,71,0,7,77,6,90,42,2,44,134
09/09/2016,SLE,OR,ANM,WE,Federal Contract Tower,0,2,17,3,22,0,6,59,11,76,0,8,76,14,98,22,8,30,128
09/10/2016,SLE,OR,ANM,WE,Federal Contract Tower,0,1,6,2,9,0,2,86,19,107,0,3,92,21,116,68,0,68,184
09/11/2016,SLE,OR,ANM,WE,Federal Contract Tower,0,0,11,2,13,0,0,73,7,80,0,0,84,9,93,22,0,22,115
09/12/2016,SLE,OR,ANM,WE,Federal Contract Tower,0,1,11,2,14,0,3,56,11,70,0,4,67,13,84,52,6,58,142
09/13/2016,SLE,OR,ANM,WE,Federal Contract Tower,0,0,15,3,18,0,7,84,12,103,0,7,99,15,121,68,4,72,193
09/14/2016,SLE,OR,ANM,WE,Federal Contract Tower,0,1,8,5,14,0,6,71,16,93,0,7,79,21,107,64,0,64,171
09/15/2016,SLE,OR,ANM,WE,Federal Contract Tower,0,1,15,1,17,0,8,87,12,107,0,9,102,13,124,26,24,50,174
09/16/2016,SLE,OR,ANM,WE,Federal Contract Tower,0,3,13,2,18,0,9,72,3,84,0,12,85,5,102,34,0,34,136
09/17/2016,SLE,OR,ANM,WE,Federal Contract Tower,0,3,8,0,11,0,0,12,0,12,0,3,20,0,23,26,0,26,49
09/18/2016,SLE,OR,ANM,WE,Federal Contract Tower,0,0,17,0,17,0,0,11,0,11,0,0,28,0,28,4,0,4,32
09/19/2016,SLE,OR,ANM,WE,Federal Contract Tower,0,1,21,1,23,0,5,25,3,33,0,6,46,4,56,12,0,12,68
09/20/2016,SLE,OR,ANM,WE,Federal Contract Tower,0,1,12,0,13,0,8,46,0,54,0,9,58,0,67,44,0,44,111
09/21/2016,SLE,OR,ANM,WE,Federal Contract Tower,0,3,6,3,12,0,4,36,2,42,0,7,42,5,54,22,0,22,76
09/22/2016,SLE,OR,ANM,WE,Federal Contract Tower,0,1,11,3,15,0,4,38,2,44,0,5,49,5,59,34,6,40,99
09/23/2016,SLE,OR,ANM,WE,Federal Contract Tower,0,4,5,4,13,0,1,16,6,23,0,5,21,10,36,2,0,2,38
09/24/2016,SLE,OR,ANM,WE,Federal Contract Tower,0,5,23,0,28,0,0,52,0,52,0,5,75,0,80,26,0,26,106
09/25/2016,SLE,OR,ANM,WE,Federal Contract Tower,0,0,15,0,15,0,0,79,0,79,0,0,94,0,94,32,0,32,126
09/26/2016,SLE,OR,ANM,WE,Federal Contract Tower,0,2,6,6,14,0,4,58,12,74,0,6,64,18,88,46,4,50,138
09/27/2016,SLE,OR,ANM,WE,Federal Contract Tower,0,4,8,5,17,0,2,65,15,82,0,6,73,20,99,42,26,68,167
09/28/2016,SLE,OR,ANM,WE,Federal Contract Tower,0,3,17,3,23,0,3,85,14,102,0,6,102,17,125,34,16,50,175
09/29/2016,SLE,OR,ANM,WE,Federal Contract Tower,0,2,12,5,19,0,2,65,14,81,0,4,77,19,100,50,14,64,164
09/30/2016,SLE,OR,ANM,WE,Federal Contract Tower,0,3,16,0,19,0,1,60,2,63,0,4,76,2,82,38,0,38,120
10/01/2016,SLE,OR,ANM,WE,Federal Contract Tower,0,0,12,0,12,0,2,4,2,8,0,2,16,2,20,0,0,0,20
10/02/2016,SLE,OR,ANM,WE,Federal Contract Tower,0,0,4,2,6,0,0,6,0,6,0,0,10,2,12,0,0,0,12
10/03/2016,SLE,OR,ANM,WE,Federal Contract Tower,0,3,9,5,17,0,2,33,10,45,0,5,42,15,62,30,12,42,104
10/04/2016,SLE,OR,ANM,WE,Federal Contract Tower,0,4,17,4,25,0,1,8,2,11,0,5,25,6,36,4,0,4,40
10/05/2016,SLE,OR,ANM,WE,Federal Contract Tower,0,3,7,4,14,0,1,5,1,7,0,4,12,5,21,2,4,6,27
10/06/2016,SLE,OR,ANM,WE,Federal Contract Tower,0,4,21,5,30,0,2,53,1,56,0,6,74,6,86,18,12,30,116
10/07/2016,SLE,OR,ANM,WE,Federal Contract Tower,0,5,27,6,38,0,0,5,0,5,0,5,32,6,43,0,0,0,43
10/08/2016,SLE,OR,ANM,WE,Federal Contract Tower,0,0,17,0,17,0,2,54,0,56,0,2,71,0,73,10,0,10,83
10/09/2016,SLE,OR,ANM,WE,Federal Contract Tower,0,1,11,0,12,0,1,36,0,37,0,2,47,0,49,4,0,4,53
10/10/2016,SLE,OR,ANM,WE,Federal Contract Tower,0,0,19,0,19,0,5,41,0,46,0,5,60,0,65,22,0,22,87
10/11/2016,SLE,OR,ANM,WE,Federal Contract Tower,0,1,25,3,29,0,4,80,4,88,0,5,105,7,117,28,0,28,145
10/12/2016,SLE,OR,ANM,WE,Federal Contract Tower,0,3,17,0,20,0,3,60,6,69,0,6,77,6,89,38,4,42,131
10/13/2016,SLE,OR,ANM,WE,Federal Contract Tower,0,4,12,0,16,0,0,3,0,3,0,4,15,0,19,0,0,0,19
10/14/2016,SLE,OR,ANM,WE,Federal Contract Tower,0,2,9,0,11,0,2,5,0,7,0,4,14,0,18,0,0,0,18
10/15/2016,SLE,OR,ANM,WE,Federal Contract Tower,0,0,8,0,8,0,0,1,0,1,0,0,9,0,9,0,0,0,9
10/16/2016,SLE,OR,ANM,WE,Federal Contract Tower,0,0,4,0,4,0,0,7,1,8,0,0,11,1,12,0,0,0,12
10/17/2016,SLE,OR,ANM,WE,Federal Contract Tower,0,2,14,0,16,0,2,17,0,19,0,4,31,0,35,2,0,2,37
10/18/2016,SLE,OR,ANM,WE,Federal Contract Tower,0,3,16,4,23,0,2,12,3,17,0,5,28,7,40,0,6,6,46
10/19/2016,SLE,OR,ANM,WE,Federal Contract Tower,0,2,9,6,17,0,4,39,0,43,0,6,48,6,60,8,0,8,68
10/20/2016,SLE,OR,ANM,WE,Federal Contract Tower,0,3,15,4,22,0,1,12,0,13,0,4,27,4,35,4,0,4,39
10/21/2016,SLE,OR,ANM,WE,Federal Contract Tower,0,3,16,1,20,0,2,28,0,30,0,5,44,1,50,4,4,8,58
10/22/2016,SLE,OR,ANM,WE,Federal Contract Tower,0,0,13,2,15,0,5,64,1,70,0,5,77,3,85,64,0,64,149
10/23/2016,SLE,OR,ANM,WE,Federal Contract Tower,0,0,7,0,7,0,0,40,0,40,0,0,47,0,47,24,0,24,71
10/24/2016,SLE,OR,ANM,WE,Federal Contract Tower,0,7,5,2,14,0,0,17,5,22,0,7,22,7,36,18,2,20,56
10/25/2016,SLE,OR,ANM,WE,Federal Contract Tower,0,3,18,4,25,0,5,44,16,65,0,8,62,20,90,40,34,74,164
10/26/2016,SLE,OR,ANM,WE,Federal Contract Tower,0,6,7,4,17,0,0,0,0,0,0,6,7,4,17,0,40,40,57
10/27/2016,SLE,OR,ANM,WE,Federal Contract Tower,0,3,8,0,11,0,2,23,16,41,0,5,31,16,52,16,10,26,78
10/28/2016,SLE,OR,ANM,WE,Federal Contract Tower,0,3,8,4,15,0,4,138,6,148,0,7,146,10,163,72,8,80,243
10/29/2016,SLE,OR,ANM,WE,Federal Contract Tower,0,0,11,0,11,0,2,41,0,43,0,2,52,0,54,14,0,14,68
10/30/2016,SLE,OR,ANM,WE,Federal Contract Tower,0,0,10,0,10,0,0,4,0,4,0,0,14,0,14,0,0,0,14
10/31/2016,SLE,OR,ANM,WE,Federal Contract Tower,0,3,10,0,13,0,5,26,2,33,0,8,36,2,46,76,0,76,122
11/01/2016,SLE,OR,ANM,WE,Federal Contract Tower,0,4,23,1,28,0,2,49,4,55,0,6,72,5,83,32,7,39,122
11/02/2016,SLE,OR,ANM,WE,Federal Contract Tower,0,7,28,2,37,0,2,71,13,86,0,9,99,15,123,48,0,48,171
11/03/2016,SLE,OR,ANM,WE,Federal Contract Tower,0,4,17,1,22,0,6,78,11,95,0,10,95,12,117,42,0,42,159
11/04/2016,SLE,OR,ANM,WE,Federal Contract Tower,0,2,9,4,15,0,3,64,18,85,0,5,73,22,100,38,38,76,176
11/05/2016,SLE,OR,ANM,WE,Federal Contract Tower,0,2,10,2,14,0,1,5,8,14,0,3,15,10,28,0,6,6,34
11/06/2016,SLE,OR,ANM,WE,Federal Contract Tower,0,1,26,1,28,0,0,59,5,64,0,1,85,6,92,46,0,46,138
11/07/2016,SLE,OR,ANM,WE,Federal Contract Tower,0,5,13,0,18,0,4,39,12,55,0,9,52,12,73,10,12,22,95
11/08/2016,SLE,OR,ANM,WE,Federal Contract Tower,0,2,23,2,27,0,5,79,17,101,0,7,102,19,128,32,4,36,164
11/09/2016,SLE,OR,ANM,WE,Federal Contract Tower,0,2,19,1,22,0,3,49,7,59,0,5,68,8,81,28,0,28,109
11/10/2016,SLE,OR,ANM,WE,Federal Contract Tower,0,4,13,2,19,0,0,0,0,0,0,4,13,2,19,6,0,6,25
11/11/2016,SLE,OR,ANM,WE,Federal Contract Tower,0,5,18,0,23,0,1,5,0,6,0,6,23,0,29,0,0,0,29
11/12/2016,SLE,OR,ANM,WE,Federal Contract Tower,0,3,9,0,12,0,2,20,0,22,0,5,29,0,34,12,0,12,46
11/13/2016,SLE,OR,ANM,WE,Federal Contract Tower,0,0,4,0,4,0,1,14,0,15,0,1,18,0,19,6,0,6,25
11/14/2016,SLE,OR,ANM,WE,Federal Contract Tower,0,7,18,0,25,0,0,0,0,0,0,7,18,0,25,0,0,0,25
11/15/2016,SLE,OR,ANM,WE,Federal Contract Tower,0,4,4,0,8,0,0,16,14,30,0,4,20,14,38,10,48,58,96
11/16/2016,SLE,OR,ANM,WE,Federal Contract Tower,0,1,15,7,23,0,3,32,9,44,0,4,47,16,67,16,16,32,99
11/17/2016,SLE,OR,ANM,WE,Federal Contract Tower,0,0,21,4,25,0,1,88,7,96,0,1,109,11,121,68,0,68,189
11/18/2016,SLE,OR,ANM,WE,Federal Contract Tower,0,3,29,8,40,0,2,58,11,71,0,5,87,19,111,30,24,54,165
11/19/2016,SLE,OR,ANM,WE,Federal Contract Tower,0,1,13,0,14,0,1,46,0,47,0,2,59,0,61,48,0,48,109
11/20/2016,SLE,OR,ANM,WE,Federal Contract Tower,0,0,15,0,15,0,0,9,0,9,0,0,24,0,24,0,0,0,24
11/21/2016,SLE,OR,ANM,WE,Federal Contract Tower,0,1,33,4,38,0,2,46,13,61,0,3,79,17,99,4,16,20,119
11/22/2016,SLE,OR,ANM,WE,Federal Contract Tower,0,4,6,0,10,0,2,16,8,26,0,6,22,8,36,16,38,54,90
11/23/2016,SLE,OR,ANM,WE,Federal Contract Tower,0,4,15,4,23,0,0,10,2,12,0,4,25,6,35,0,0,0,35
11/24/2016,SLE,OR,ANM,WE,Federal Contract Tower,0,0,1,0,1,0,0,0,0,0,0,0,1,0,1,0,0,0,1
11/25/2016,SLE,OR,ANM,WE,Federal Contract Tower,0,4,5,0,9,0,2,9,0,11,0,6,14,0,20,4,0,4,24
11/26/2016,SLE,OR,ANM,WE,Federal Contract Tower,0,1,9,0,10,0,3,23,0,26,0,4,32,0,36,6,0,6,42
11/27/2016,SLE,OR,ANM,WE,Federal Contract Tower,0,0,16,0,16,0,0,8,0,8,0,0,24,0,24,18,0,18,42
11/28/2016,SLE,OR,ANM,WE,Federal Contract Tower,0,4,16,8,28,0,2,18,9,29,0,6,34,17,57,32,16,48,105
11/29/2016,SLE,OR,ANM,WE,Federal Contract Tower,0,7,26,4,37,0,6,81,8,95,0,13,107,12,132,92,32,124,256
11/30/2016,SLE,OR,ANM,WE,Federal Contract Tower,0,7,9,3,19,0,5,21,8,34,0,12,30,11,53,16,22,38,91
12/01/2016,SLE,OR,ANM,WE,Federal Contract Tower,0,2,7,7,16,0,4,15,14,33,0,6,22,21,49,6,4,10,59
12/02/2016,SLE,OR,ANM,WE,Federal Contract Tower,0,4,6,2,12,0,0,33,10,43,0,4,39,12,55,12,10,22,77
12/03/2016,SLE,OR,ANM,WE,Federal Contract Tower,0,1,11,1,13,0,2,32,2,36,0,3,43,3,49,62,0,62,111
12/04/2016,SLE,OR,ANM,WE,Federal Contract Tower,0,0,10,1,11,0,1,16,9,26,0,1,26,10,37,0,16,16,53
12/05/2016,SLE,OR,ANM,WE,Federal Contract Tower,0,3,4,0,7,0,1,1,0,2,0,4,5,0,9,0,0,0,9
12/06/2016,SLE,OR,ANM,WE,Federal Contract Tower,0,4,12,5,21,0,1,10,6,17,0,5,22,11,38,4,10,14,52
12/07/2016,SLE,OR,ANM,WE,Federal Contract Tower,0,13,10,2,25,0,1,35,4,40,0,14,45,6,65,12,0,12,77
12/08/2016,SLE,OR,ANM,WE,Federal Contract Tower,0,0,2,0,2,0,0,0,0,0,0,0,2,0,2,0,0,0,2
12/09/2016,SLE,OR,ANM,WE,Federal Contract Tower,0,3,9,0,12,0,0,0,0,0,0,3,9,0,12,0,0,0,12
12/10/2016,SLE,OR,ANM,WE,Federal Contract Tower,0,2,4,0,6,0,1,9,0,10,0,3,13,0,16,16,0,16,32
12/11/2016,SLE,OR,ANM,WE,Federal Contract Tower,0,0,5,2,7,0,0,3,0,3,0,0,8,2,10,16,0,16,26
12/12/2016,SLE,OR,ANM,WE,Federal Contract Tower,0,3,11,3,17,0,4,22,11,37,0,7,33,14,54,14,24,38,92
12/13/2016,SLE,OR,ANM,WE,Federal Contract Tower,0,4,15,2,21,0,5,14,8,27,0,9,29,10,48,14,34,48,96
12/14/2016,SLE,OR,ANM,WE,Federal Contract Tower,0,0,7,1,8,0,0,0,0,0,0,0,7,1,8,0,0,0,8
12/15/2016,SLE,OR,ANM,WE,Federal Contract Tower,0,0,0,0,0,0,0,0,0,0,0,0,0,0,0,0,0,0,0
12/16/2016,SLE,OR,ANM,WE,Federal Contract Tower,0,0,0,0,0,0,0,6,0,6,0,0,6,0,6,0,0,0,6
12/17/2016,SLE,OR,ANM,WE,Federal Contract Tower,0,0,0,0,0,0,0,0,2,2,0,0,0,2,2,0,0,0,2
12/18/2016,SLE,OR,ANM,WE,Federal Contract Tower,0,0,0,0,0,0,0,0,0,0,0,0,0,0,0,0,0,0,0
12/19/2016,SLE,OR,ANM,WE,Federal Contract Tower,0,4,4,3,11,0,0,5,0,5,0,4,9,3,16,0,4,4,20
12/20/2016,SLE,OR,ANM,WE,Federal Contract Tower,0,4,12,4,20,0,0,21,5,26,0,4,33,9,46,10,6,16,62
12/21/2016,SLE,OR,ANM,WE,Federal Contract Tower,0,2,3,4,9,0,0,0,0,0,0,2,3,4,9,0,0,0,9
12/22/2016,SLE,OR,ANM,WE,Federal Contract Tower,0,3,6,6,15,0,4,27,2,33,0,7,33,8,48,18,28,46,94
12/23/2016,SLE,OR,ANM,WE,Federal Contract Tower,0,6,0,3,9,0,2,16,7,25,0,8,16,10,34,14,28,42,76
12/24/2016,SLE,OR,ANM,WE,Federal Contract Tower,0,0,0,0,0,0,2,16,0,18,0,2,16,0,18,8,0,8,26
12/25/2016,SLE,OR,ANM,WE,Federal Contract Tower,0,1,1,0,2,0,0,23,0,23,0,1,24,0,25,12,0,12,37
12/26/2016,SLE,OR,ANM,WE,Federal Contract Tower,0,0,3,0,3,0,1,20,0,21,0,1,23,0,24,6,0,6,30
12/27/2016,SLE,OR,ANM,WE,Federal Contract Tower,0,6,6,0,12,0,0,16,0,16,0,6,22,0,28,6,0,6,34
12/28/2016,SLE,OR,ANM,WE,Federal Contract Tower,0,6,10,0,16,0,0,1,0,1,0,6,11,0,17,0,0,0,17
12/29/2016,SLE,OR,ANM,WE,Federal Contract Tower,0,5,6,4,15,0,1,40,2,43,0,6,46,6,58,58,0,58,116
12/30/2016,SLE,OR,ANM,WE,Federal Contract Tower,0,4,5,0,9,0,2,22,0,24,0,6,27,0,33,50,0,50,83
12/31/2016,SLE,OR,ANM,WE,Federal Contract Tower,0,4,5,0,9,0,0,1,0,1,0,4,6,0,10,40,0,40,50
01/01/2017,SLE,OR,ANM,WE,Federal Contract Tower,0,0,4,0,4,0,0,0,0,0,0,0,4,0,4,0,0,0,4
01/02/2017,SLE,OR,ANM,WE,Federal Contract Tower,0,0,0,0,0,0,0,1,0,1,0,0,1,0,1,0,0,0,1
01/03/2017,SLE,OR,ANM,WE,Federal Contract Tower,0,2,12,4,18,0,2,50,15,67,0,4,62,19,85,40,36,76,161
01/04/2017,SLE,OR,ANM,WE,Federal Contract Tower,0,2,5,6,13,0,7,12,13,32,0,9,17,19,45,36,30,66,111
01/05/2017,SLE,OR,ANM,WE,Federal Contract Tower,0,1,9,4,14,0,5,71,16,92,0,6,80,20,106,86,14,100,206
01/06/2017,SLE,OR,ANM,WE,Federal Contract Tower,0,3,13,4,20,0,3,67,0,70,0,6,80,4,90,22,0,22,112
01/07/2017,SLE,OR,ANM,WE,Federal Contract Tower,0,0,0,0,0,0,0,0,0,0,0,0,0,0,0,0,0,0,0
01/08/2017,SLE,OR,ANM,WE,Federal Contract Tower,0,0,0,0,0,0,0,0,0,0,0,0,0,0,0,0,0,0,0
01/09/2017,SLE,OR,ANM,WE,Federal Contract Tower,0,2,19,0,21,0,0,1,0,1,0,2,20,0,22,0,0,0,22
01/10/2017,SLE,OR,ANM,WE,Federal Contract Tower,0,6,4,3,13,0,0,3,0,3,0,6,7,3,16,0,6,6,22
01/11/2017,SLE,OR,ANM,WE,Federal Contract Tower,0,0,5,0,5,0,0,0,0,0,0,0,5,0,5,0,0,0,5
01/12/2017,SLE,OR,ANM,WE,Federal Contract Tower,0,5,2,0,7,0,1,28,27,56,0,6,30,27,63,8,36,44,107
01/13/2017,SLE,OR,ANM,WE,Federal Contract Tower,0,3,7,2,12,0,1,33,7,41,0,4,40,9,53,40,18,58,111
01/14/2017,SLE,OR,ANM,WE,Federal Contract Tower,0,0,6,0,6,0,2,43,0,45,0,2,49,0,51,20,0,20,71
01/15/2017,SLE,OR,ANM,WE,Federal Contract Tower,0,0,15,0,15,0,2,45,0,47,0,2,60,0,62,32,0,32,94
01/16/2017,SLE,OR,ANM,WE,Federal Contract Tower,0,2,10,2,14,0,2,50,0,52,0,4,60,2,66,8,0,8,74
01/17/2017,SLE,OR,ANM,WE,Federal Contract Tower,0,2,2,4,8,0,7,0,0,7,0,9,2,4,15,0,24,24,39
01/18/2017,SLE,OR,ANM,WE,Federal Contract Tower,0,12,2,1,15,0,0,13,5,18,0,12,15,6,33,12,46,58,91
01/19/2017,SLE,OR,ANM,WE,Federal Contract Tower,0,3,9,2,14,0,3,26,22,51,0,6,35,24,65,30,36,66,131
01/20/2017,SLE,OR,ANM,WE,Federal Contract Tower,0,3,13,2,18,0,4,20,12,36,0,7,33,14,54,0,4,4,58
01/21/2017,SLE,OR,ANM,WE,Federal Contract Tower,0,3,3,0,6,0,11,0,0,11,0,14,3,0,17,2,0,2,19
01/22/2017,SLE,OR,ANM,WE,Federal Contract Tower,0,0,5,0,5,0,0,16,0,16,0,0,21,0,21,0,0,0,21
01/23/2017,SLE,OR,ANM,WE,Federal Contract Tower,0,4,8,2,14,0,3,52,5,60,0,7,60,7,74,12,22,34,108
01/24/2017,SLE,OR,ANM,WE,Federal Contract Tower,0,2,12,2,16,0,2,50,8,60,0,4,62,10,76,20,22,42,118
01/25/2017,SLE,OR,ANM,WE,Federal Contract Tower,0,4,7,2,13,0,5,41,8,54,0,9,48,10,67,38,6,44,111
01/26/2017,SLE,OR,ANM,WE,Federal Contract Tower,0,3,17,1,21,0,2,25,7,34,0,5,42,8,55,68,2,70,125
01/27/2017,SLE,OR,ANM,WE,Federal Contract Tower,0,3,16,0,19,0,1,22,0,23,0,4,38,0,42,10,0,10,52
01/28/2017,SLE,OR,ANM,WE,Federal Contract Tower,0,2,7,0,9,0,3,51,0,54,0,5,58,0,63,44,0,44,107
01/29/2017,SLE,OR,ANM,WE,Federal Contract Tower,0,3,18,0,21,0,0,18,0,18,0,3,36,0,39,20,0,20,59
01/30/2017,SLE,OR,ANM,WE,Federal Contract Tower,0,12,16,4,32,0,0,0,2,2,0,12,16,6,34,0,24,24,58
01/31/2017,SLE,OR,ANM,WE,Federal Contract Tower,0,3,7,4,14,0,1,24,6,31,0,4,31,10,45,40,16,56,101
02/01/2017,SLE,OR,ANM,WE,Federal Contract Tower,0,1,7,4,12,0,3,39,3,45,0,4,46,7,57,28,12,40,97
02/02/2017,SLE,OR,ANM,WE,Federal Contract Tower,0,4,7,2,13,0,4,22,8,34,0,8,29,10,47,28,0,28,75
02/03/2017,SLE,OR,ANM,WE,Federal Contract Tower,0,2,3,0,5,0,0,2,0,2,0,2,5,0,7,0,0,0,7
02/04/2017,SLE,OR,ANM,WE,Federal Contract Tower,0,2,3,0,5,0,0,2,0,2,0,2,5,0,7,0,0,0,7
02/05/2017,SLE,OR,ANM,WE,Federal Contract Tower,0,2,0,0,2,0,0,0,0,0,0,2,0,0,2,0,0,0,2
02/06/2017,SLE,OR,ANM,WE,Federal Contract Tower,0,7,14,0,21,0,0,19,0,19,0,7,33,0,40,0,0,0,40
02/07/2017,SLE,OR,ANM,WE,Federal Contract Tower,0,5,11,0,16,0,0,2,0,2,0,5,13,0,18,0,0,0,18
02/08/2017,SLE,OR,ANM,WE,Federal Contract Tower,0,4,5,0,9,0,0,0,0,0,0,4,5,0,9,0,0,0,9
02/09/2017,SLE,OR,ANM,WE,Federal Contract Tower,4,5,0,0,9,0,0,9,0,9,4,5,9,0,18,0,0,0,18
02/10/2017,SLE,OR,ANM,WE,Federal Contract Tower,0,1,8,3,12,0,8,19,10,37,0,9,27,13,49,0,18,18,67
02/11/2017,SLE,OR,ANM,WE,Federal Contract Tower,0,2,5,4,11,0,2,102,11,115,0,4,107,15,126,76,2,78,204
02/12/2017,SLE,OR,ANM,WE,Federal Contract Tower,0,0,15,3,18,0,0,95,5,100,0,0,110,8,118,68,0,68,186
02/13/2017,SLE,OR,ANM,WE,Federal Contract Tower,0,0,16,4,20,0,6,72,0,78,0,6,88,4,98,28,8,36,134
02/14/2017,SLE,OR,ANM,WE,Federal Contract Tower,0,1,10,4,15,0,3,54,7,64,0,4,64,11,79,24,10,34,113
02/15/2017,SLE,OR,ANM,WE,Federal Contract Tower,0,3,13,0,16,0,1,0,0,1,0,4,13,0,17,0,0,0,17
02/16/2017,SLE,OR,ANM,WE,Federal Contract Tower,0,3,11,4,18,0,1,6,2,9,0,4,17,6,27,6,8,14,41
02/17/2017,SLE,OR,ANM,WE,Federal Contract Tower,0,1,13,2,16,0,5,50,3,58,0,6,63,5,74,44,0,44,118
02/18/2017,SLE,OR,ANM,WE,Federal Contract Tower,0,2,7,0,9,0,0,5,0,5,0,2,12,0,14,6,0,6,20
02/19/2017,SLE,OR,ANM,WE,Federal Contract Tower,0,0,3,0,3,0,0,7,0,7,0,0,10,0,10,0,0,0,10
02/20/2017,SLE,OR,ANM,WE,Federal Contract Tower,0,5,14,0,19,0,1,10,0,11,0,6,24,0,30,0,0,0,30
02/21/2017,SLE,OR,ANM,WE,Federal Contract Tower,0,4,2,2,8,0,1,2,2,5,0,5,4,4,13,18,0,18,31
02/22/2017,SLE,OR,ANM,WE,Federal Contract Tower,0,5,17,2,24,0,0,18,4,22,0,5,35,6,46,26,20,46,92
02/23/2017,SLE,OR,ANM,WE,Federal Contract Tower,0,1,7,2,10,0,3,20,7,30,0,4,27,9,40,18,0,18,58
02/24/2017,SLE,OR,ANM,WE,Federal Contract Tower,0,5,10,3,18,0,0,8,1,9,0,5,18,4,27,0,0,0,27
02/25/2017,SLE,OR,ANM,WE,Federal Contract Tower,0,1,16,0,17,0,1,103,0,104,0,2,119,0,121,28,0,28,149
02/26/2017,SLE,OR,ANM,WE,Federal Contract Tower,0,2,8,0,10,0,0,0,0,0,0,2,8,0,10,0,0,0,10
02/27/2017,SLE,OR,ANM,WE,Federal Contract Tower,0,4,3,0,7,0,0,9,0,9,0,4,12,0,16,14,0,14,30
02/28/2017,SLE,OR,ANM,WE,Federal Contract Tower,0,8,13,2,23,0,4,36,6,46,0,12,49,8,69,64,14,78,147
03/01/2017,SLE,OR,ANM,WE,Federal Contract Tower,0,3,12,2,17,0,1,32,2,35,0,4,44,4,52,30,18,48,100
03/02/2017,SLE,OR,ANM,WE,Federal Contract Tower,0,3,17,2,22,0,1,25,2,28,0,4,42,4,50,10,0,10,60
03/03/2017,SLE,OR,ANM,WE,Federal Contract Tower,0,6,8,1,15,0,0,16,5,21,0,6,24,6,36,10,19,29,65
03/04/2017,SLE,OR,ANM,WE,Federal Contract Tower,0,3,5,3,11,0,0,7,5,12,0,3,12,8,23,8,16,24,47
03/05/2017,SLE,OR,ANM,WE,Federal Contract Tower,0,1,5,2,8,0,0,2,2,4,0,1,7,4,12,14,0,14,26
03/06/2017,SLE,OR,ANM,WE,Federal Contract Tower,0,4,7,0,11,0,0,3,0,3,0,4,10,0,14,0,0,0,14
03/07/2017,SLE,OR,ANM,WE,Federal Contract Tower,0,5,13,1,19,0,0,1,0,1,0,5,14,1,20,0,2,2,22
03/08/2017,SLE,OR,ANM,WE,Federal Contract Tower,0,10,11,1,22,0,0,3,0,3,0,10,14,1,25,0,2,2,27
03/09/2017,SLE,OR,ANM,WE,Federal Contract Tower,0,4,11,2,17,0,0,1,0,1,0,4,12,2,18,0,0,0,18
03/10/2017,SLE,OR,ANM,WE,Federal Contract Tower,0,5,16,7,28,0,7,76,6,89,0,12,92,13,117,158,2,160,277
03/11/2017,SLE,OR,ANM,WE,Federal Contract Tower,0,4,5,0,9,0,1,6,0,7,0,5,11,0,16,0,0,0,16
03/12/2017,SLE,OR,ANM,WE,Federal Contract Tower,0,0,13,0,13,0,0,111,0,111,0,0,124,0,124,66,10,76,200
03/13/2017,SLE,OR,ANM,WE,Federal Contract Tower,0,4,17,0,21,0,0,6,2,8,0,4,23,2,29,4,22,26,55
03/14/2017,SLE,OR,ANM,WE,Federal Contract Tower,0,3,11,4,18,0,0,6,4,10,0,3,17,8,28,0,10,10,38
03/15/2017,SLE,OR,ANM,WE,Federal Contract Tower,0,4,16,0,20,0,0,0,4,4,0,4,16,4,24,6,4,10,34
03/16/2017,SLE,OR,ANM,WE,Federal Contract Tower,0,3,19,3,25,0,10,96,7,113,0,13,115,10,138,64,6,70,208
03/17/2017,SLE,OR,ANM,WE,Federal Contract Tower,0,7,4,2,13,0,1,8,0,9,0,8,12,2,22,14,2,16,38
03/18/2017,SLE,OR,ANM,WE,Federal Contract Tower,0,2,2,0,4,0,2,11,0,13,0,4,13,0,17,6,0,6,23
03/19/2017,SLE,OR,ANM,WE,Federal Contract Tower,0,0,24,2,26,0,2,118,0,120,0,2,142,2,146,38,0,38,184
03/20/2017,SLE,OR,ANM,WE,Federal Contract Tower,0,8,14,3,25,0,5,26,0,31,0,13,40,3,56,14,0,14,70
03/21/2017,SLE,OR,ANM,WE,Federal Contract Tower,0,5,17,4,26,0,8,11,2,21,0,13,28,6,47,2,4,6,53
03/22/2017,SLE,OR,ANM,WE,Federal Contract Tower,0,1,13,5,19,0,3,11,4,18,0,4,24,9,37,4,0,4,41
03/23/2017,SLE,OR,ANM,WE,Federal Contract Tower,0,3,20,10,33,0,7,49,2,58,0,10,69,12,91,24,14,38,129
03/24/2017,SLE,OR,ANM,WE,Federal Contract Tower,0,4,8,2,14,0,2,10,4,16,0,6,18,6,30,0,2,2,32
03/25/2017,SLE,OR,ANM,WE,Federal Contract Tower,0,3,6,0,9,0,2,47,0,49,0,5,53,0,58,44,0,44,102
03/26/2017,SLE,OR,ANM,WE,Federal Contract Tower,0,2,5,0,7,0,0,1,0,1,0,2,6,0,8,0,0,0,8
03/27/2017,SLE,OR,ANM,WE,Federal Contract Tower,0,2,6,2,10,0,13,9,0,22,0,15,15,2,32,18,0,18,50
03/28/2017,SLE,OR,ANM,WE,Federal Contract Tower,0,4,21,4,29,0,3,22,2,27,0,7,43,6,56,6,12,18,74
03/29/2017,SLE,OR,ANM,WE,Federal Contract Tower,0,6,8,0,14,0,20,1,0,21,0,26,9,0,35,10,0,10,45
03/30/2017,SLE,OR,ANM,WE,Federal Contract Tower,0,3,15,2,20,0,8,42,0,50,0,11,57,2,70,78,0,78,148
03/31/2017,SLE,OR,ANM,WE,Federal Contract Tower,0,1,22,5,28,0,24,77,5,106,0,25,99,10,134,22,2,24,158
04/01/2017,SLE,OR,ANM,WE,Federal Contract Tower,0,3,6,0,9,0,1,13,0,14,0,4,19,0,23,0,6,6,29
04/02/2017,SLE,OR,ANM,WE,Federal Contract Tower,0,0,5,4,9,0,0,69,4,73,0,0,74,8,82,22,0,22,104
04/03/2017,SLE,OR,ANM,WE,Federal Contract Tower,0,5,11,5,21,0,13,49,1,63,0,18,60,6,84,38,0,38,122
04/04/2017,SLE,OR,ANM,WE,Federal Contract Tower,0,5,3,3,11,0,13,39,2,54,0,18,42,5,65,16,14,30,95
04/05/2017,SLE,OR,ANM,WE,Federal Contract Tower,0,2,4,0,6,0,6,41,3,50,0,8,45,3,56,50,0,50,106
04/06/2017,SLE,OR,ANM,WE,Federal Contract Tower,0,3,8,3,14,0,10,10,5,25,0,13,18,8,39,16,16,32,71
04/07/2017,SLE,OR,ANM,WE,Federal Contract Tower,0,4,3,0,7,0,3,2,0,5,0,7,5,0,12,0,0,0,12
04/08/2017,SLE,OR,ANM,WE,Federal Contract Tower,0,1,8,1,10,0,2,7,2,11,0,3,15,3,21,0,0,0,21
04/09/2017,SLE,OR,ANM,WE,Federal Contract Tower,0,1,9,0,10,0,0,53,0,53,0,1,62,0,63,60,0,60,123
04/10/2017,SLE,OR,ANM,WE,Federal Contract Tower,0,2,4,3,9,0,5,16,0,21,0,7,20,3,30,22,2,24,54
04/11/2017,SLE,OR,ANM,WE,Federal Contract Tower,0,3,20,2,25,0,15,42,7,64,0,18,62,9,89,18,26,44,133
04/12/2017,SLE,OR,ANM,WE,Federal Contract Tower,0,5,9,1,15,0,2,9,4,15,0,7,18,5,30,16,0,16,46
04/13/2017,SLE,OR,ANM,WE,Federal Contract Tower,0,5,15,7,27,0,5,12,4,21,0,10,27,11,48,28,0,28,76
04/14/2017,SLE,OR,ANM,WE,Federal Contract Tower,0,2,10,0,12,0,4,23,5,32,0,6,33,5,44,22,12,34,78
04/15/2017,SLE,OR,ANM,WE,Federal Contract Tower,0,2,13,0,15,0,4,110,0,114,0,6,123,0,129,46,0,46,175
04/16/2017,SLE,OR,ANM,WE,Federal Contract Tower,0,0,3,0,3,0,0,31,0,31,0,0,34,0,34,20,0,20,54
04/17/2017,SLE,OR,ANM,WE,Federal Contract Tower,0,5,8,12,25,0,8,11,0,19,0,13,19,12,44,2,4,6,50
04/18/2017,SLE,OR,ANM,WE,Federal Contract Tower,0,0,11,8,19,0,6,37,7,50,0,6,48,15,69,32,16,48,117
04/19/2017,SLE,OR,ANM,WE,Federal Contract Tower,0,6,18,9,33,0,2,21,2,25,0,8,39,11,58,8,0,8,66
04/20/2017,SLE,OR,ANM,WE,Federal Contract Tower,0,3,13,15,31,0,8,10,2,20,0,11,23,17,51,8,2,10,61
04/21/2017,SLE,OR,ANM,WE,Federal Contract Tower,0,7,24,4,35,0,7,102,5,114,0,14,126,9,149,66,10,76,225
04/22/2017,SLE,OR,ANM,WE,Federal Contract Tower,0,1,4,0,5,0,1,12,0,13,0,2,16,0,18,6,0,6,24
04/23/2017,SLE,OR,ANM,WE,Federal Contract Tower,0,0,6,0,6,0,0,17,0,17,0,0,23,0,23,22,0,22,45
04/24/2017,SLE,OR,ANM,WE,Federal Contract Tower,0,5,3,3,11,0,4,2,3,9,0,9,5,6,20,0,6,6,26
04/25/2017,SLE,OR,ANM,WE,Federal Contract Tower,0,4,7,7,18,0,6,14,4,24,0,10,21,11,42,16,8,24,66
04/26/2017,SLE,OR,ANM,WE,Federal Contract Tower,0,3,8,4,15,0,7,3,4,14,0,10,11,8,29,14,8,22,51
04/27/2017,SLE,OR,ANM,WE,Federal Contract Tower,0,3,5,1,9,0,9,11,6,26,0,12,16,7,35,52,4,56,91
04/28/2017,SLE,OR,ANM,WE,Federal Contract Tower,0,0,14,3,17,0,7,95,7,109,0,7,109,10,126,24,2,26,152
04/29/2017,SLE,OR,ANM,WE,Federal Contract Tower,0,2,14,0,16,0,4,105,0,109,0,6,119,0,125,100,0,100,225
04/30/2017,SLE,OR,ANM,WE,Federal Contract Tower,0,0,5,0,5,0,6,75,0,81,0,6,80,0,86,40,0,40,126
05/01/2017,SLE,OR,ANM,WE,Federal Contract Tower,0,5,8,0,13,0,6,38,2,46,0,11,46,2,59,30,0,30,89
05/02/2017,SLE,OR,ANM,WE,Federal Contract Tower,0,8,17,2,27,0,9,23,0,32,0,17,40,2,59,40,0,40,99
05/03/2017,SLE,OR,ANM,WE,Federal Contract Tower,0,1,17,1,19,0,9,71,1,81,0,10,88,2,100,50,0,50,150
05/04/2017,SLE,OR,ANM,WE,Federal Contract Tower,0,1,14,0,15,0,10,75,0,85,0,11,89,0,100,28,0,28,128
05/05/2017,SLE,OR,ANM,WE,Federal Contract Tower,0,2,5,2,9,0,12,12,0,24,0,14,17,2,33,32,0,32,65
05/06/2017,SLE,OR,ANM,WE,Federal Contract Tower,0,0,21,1,22,0,4,64,0,68,0,4,85,1,90,68,0,68,158
05/07/2017,SLE,OR,ANM,WE,Federal Contract Tower,0,0,22,0,22,0,0,104,6,110,0,0,126,6,132,26,0,26,158
05/08/2017,SLE,OR,ANM,WE,Federal Contract Tower,0,0,18,1,19,0,22,76,4,102,0,22,94,5,121,38,0,38,159
05/09/2017,SLE,OR,ANM,WE,Federal Contract Tower,0,3,14,5,22,0,14,71,5,90,0,17,85,10,112,44,6,50,162
05/10/2017,SLE,OR,ANM,WE,Federal Contract Tower,0,6,3,0,9,0,10,78,9,97,0,16,81,9,106,74,16,90,196
05/11/2017,SLE,OR,ANM,WE,Federal Contract Tower,0,5,9,0,14,0,0,22,16,38,0,5,31,16,52,0,6,6,58
05/12/2017,SLE,OR,ANM,WE,Federal Contract Tower,0,4,9,3,16,0,10,18,10,38,0,14,27,13,54,14,16,30,84
05/13/2017,SLE,OR,ANM,WE,Federal Contract Tower,0,2,5,0,7,0,0,13,0,13,0,2,18,0,20,18,0,18,38
05/14/2017,SLE,OR,ANM,WE,Federal Contract Tower,0,0,6,0,6,0,0,10,0,10,0,0,16,0,16,4,0,4,20
05/15/2017,SLE,OR,ANM,WE,Federal Contract Tower,0,1,22,0,23,0,14,39,7,60,0,15,61,7,83,26,2,28,111
05/16/2017,SLE,OR,ANM,WE,Federal Contract Tower,0,7,20,3,30,0,15,6,7,28,0,22,26,10,58,0,18,18,76
05/17/2017,SLE,OR,ANM,WE,Federal Contract Tower,0,5,26,4,35,0,6,39,3,48,0,11,65,7,83,30,12,42,125
05/18/2017,SLE,OR,ANM,WE,Federal Contract Tower,1,2,41,1,45,0,15,79,8,102,1,17,120,9,147,40,10,50,197
05/19/2017,SLE,OR,ANM,WE,Federal Contract Tower,0,8,25,0,33,0,7,92,0,99,0,15,117,0,132,38,0,38,170
05/20/2017,SLE,OR,ANM,WE,Federal Contract Tower,0,1,23,0,24,0,5,43,3,51,0,6,66,3,75,22,0,22,97
05/21/2017,SLE,OR,ANM,WE,Federal Contract Tower,0,0,14,0,14,0,2,56,0,58,0,2,70,0,72,12,0,12,84
05/22/2017,SLE,OR,ANM,WE,Federal Contract Tower,0,5,19,2,26,0,10,59,8,77,0,15,78,10,103,34,0,34,137
05/23/2017,SLE,OR,ANM,WE,Federal Contract Tower,0,1,13,5,19,0,12,76,5,93,0,13,89,10,112,76,2,78,190
05/24/2017,SLE,OR,ANM,WE,Federal Contract Tower,0,2,14,4,20,0,9,68,12,89,0,11,82,16,109,80,10,90,199
05/25/2017,SLE,OR,ANM,WE,Federal Contract Tower,0,1,29,2,32,0,6,104,9,119,0,7,133,11,151,70,0,70,221
05/26/2017,SLE,OR,ANM,WE,Federal Contract Tower,0,1,19,0,20,0,24,101,3,128,0,25,120,3,148,64,14,78,226
05/27/2017,SLE,OR,ANM,WE,Federal Contract Tower,0,1,10,0,11,0,1,76,0,77,0,2,86,0,88,28,0,28,116
05/28/2017,SLE,OR,ANM,WE,Federal Contract Tower,0,0,8,0,8,0,2,48,0,50,0,2,56,0,58,20,0,20,78
05/29/2017,SLE,OR,ANM,WE,Federal Contract Tower,0,0,32,0,32,0,0,52,0,52,0,0,84,0,84,4,0,4,88
05/30/2017,SLE,OR,ANM,WE,Federal Contract Tower,0,14,12,5,31,0,6,9,0,15,0,20,21,5,46,20,0,20,66
05/31/2017,SLE,OR,ANM,WE,Federal Contract Tower,0,2,10,4,16,0,19,69,6,94,0,21,79,10,110,76,2,78,188
06/01/2017,SLE,OR,ANM,WE,Federal Contract Tower,0,7,9,2,18,0,10,39,4,53,0,17,48,6,71,31,10,41,112
06/02/2017,SLE,OR,ANM,WE,Federal Contract Tower,0,0,16,0,16,0,6,76,0,82,0,6,92,0,98,34,0,34,132
06/03/2017,SLE,OR,ANM,WE,Federal Contract Tower,0,2,21,2,25,0,6,27,5,38,0,8,48,7,63,44,20,64,127
06/04/2017,SLE,OR,ANM,WE,Federal Contract Tower,0,2,2,0,4,0,0,47,6,53,0,2,49,6,57,12,0,12,69
06/05/2017,SLE,OR,ANM,WE,Federal Contract Tower,0,2,17,0,19,0,8,75,1,84,0,10,92,1,103,18,10,28,131
06/06/2017,SLE,OR,ANM,WE,Federal Contract Tower,0,10,21,1,32,0,22,85,5,112,0,32,106,6,144,12,6,18,162
06/07/2017,SLE,OR,ANM,WE,Federal Contract Tower,0,6,35,2,43,0,9,93,5,107,0,15,128,7,150,14,0,14,164
06/08/2017,SLE,OR,ANM,WE,Federal Contract Tower,0,6,14,2,22,0,4,12,6,22,0,10,26,8,44,26,14,40,84
06/10/2017,SLE,OR,ANM,WE,Federal Contract Tower,0,0,7,0,7,0,0,33,0,33,0,0,40,0,40,36,0,36,76
06/11/2017,SLE,OR,ANM,WE,Federal Contract Tower,0,1,10,0,11,0,0,32,4,36,0,1,42,4,47,14,0,14,61
06/12/2017,SLE,OR,ANM,WE,Federal Contract Tower,0,6,25,3,34,0,5,34,4,43,0,11,59,7,77,50,0,50,127
06/13/2017,SLE,OR,ANM,WE,Federal Contract Tower,0,9,8,2,19,0,8,16,6,30,0,17,24,8,49,34,0,34,83
06/14/2017,SLE,OR,ANM,WE,Federal Contract Tower,0,1,25,3,29,0,15,103,6,124,0,16,128,9,153,68,4,72,225
06/15/2017,SLE,OR,ANM,WE,Federal Contract Tower,0,6,12,0,18,0,3,2,0,5,0,9,14,0,23,2,0,2,25
06/16/2017,SLE,OR,ANM,WE,Federal Contract Tower,0,4,18,6,28,0,7,8,4,19,0,11,26,10,47,22,10,32,79
06/17/2017,SLE,OR,ANM,WE,Federal Contract Tower,0,0,16,0,16,0,5,74,4,83,0,5,90,4,99,20,0,20,119
06/18/2017,SLE,OR,ANM,WE,Federal Contract Tower,0,0,9,0,9,0,0,91,0,91,0,0,100,0,100,12,0,12,112
06/19/2017,SLE,OR,ANM,WE,Federal Contract Tower,0,0,10,0,10,0,10,43,2,55,0,10,53,2,65,32,0,32,97
06/20/2017,SLE,OR,ANM,WE,Federal Contract Tower,0,1,11,3,15,0,16,58,2,76,0,17,69,5,91,80,0,80,171
06/21/2017,SLE,OR,ANM,WE,Federal Contract Tower,0,0,7,3,10,0,15,72,3,90,0,15,79,6,100,26,0,26,126
06/22/2017,SLE,OR,ANM,WE,Federal Contract Tower,0,0,20,2,22,0,21,57,4,82,0,21,77,6,104,6,4,10,114
06/23/2017,SLE,OR,ANM,WE,Federal Contract Tower,0,8,18,2,28,0,19,63,9,91,0,27,81,11,119,26,0,26,145
06/24/2017,SLE,OR,ANM,WE,Federal Contract Tower,0,0,8,2,10,0,1,56,3,60,0,1,64,5,70,50,0,50,120
06/25/2017,SLE,OR,ANM,WE,Federal Contract Tower,0,0,4,0,4,0,3,72,2,77,0,3,76,2,81,14,0,14,95
06/26/2017,SLE,OR,ANM,WE,Federal Contract Tower,0,1,3,2,6,0,7,57,0,64,0,8,60,2,70,19,0,19,89
06/27/2017,SLE,OR,ANM,WE,Federal Contract Tower,0,5,18,2,25,0,8,47,4,59,0,13,65,6,84,40,2,42,126
06/28/2017,SLE,OR,ANM,WE,Federal Contract Tower,0,1,19,2,22,0,11,52,1,64,0,12,71,3,86,64,0,64,150
06/29/2017,SLE,OR,ANM,WE,Federal Contract Tower,0,1,19,1,21,0,7,64,11,82,0,8,83,12,103,56,12,68,171
06/30/2017,SLE,OR,ANM,WE,Federal Contract Tower,0,0,7,1,8,0,9,92,2,103,0,9,99,3,111,56,0,56,167
07/01/2017,SLE,OR,ANM,WE,Federal Contract Tower,0,0,28,0,28,0,0,44,0,44,0,0,72,0,72,34,0,34,106
07/02/2017,SLE,OR,ANM,WE,Federal Contract Tower,0,1,8,0,9,0,3,75,0,78,0,4,83,0,87,26,0,26,113
07/03/2017,SLE,OR,ANM,WE,Federal Contract Tower,0,4,12,0,16,0,8,48,0,56,0,12,60,0,72,46,0,46,118
07/04/2017,SLE,OR,ANM,WE,Federal Contract Tower,0,0,4,0,4,0,2,65,0,67,0,2,69,0,71,32,0,32,103
07/05/2017,SLE,OR,ANM,WE,Federal Contract Tower,0,2,11,0,13,0,10,40,2,52,0,12,51,2,65,30,0,30,95
07/06/2017,SLE,OR,ANM,WE,Federal Contract Tower,0,0,14,0,14,0,13,59,0,72,0,13,73,0,86,56,0,56,142
07/07/2017,SLE,OR,ANM,WE,Federal Contract Tower,0,1,25,2,28,0,23,46,3,72,0,24,71,5,100,44,0,44,144
07/08/2017,SLE,OR,ANM,WE,Federal Contract Tower,0,3,26,0,29,0,0,109,0,109,0,3,135,0,138,34,0,34,172
07/09/2017,SLE,OR,ANM,WE,Federal Contract Tower,0,1,10,2,13,0,0,59,0,59,0,1,69,2,72,12,0,12,84
07/10/2017,SLE,OR,ANM,WE,Federal Contract Tower,0,9,9,0,18,0,22,76,3,101,0,31,85,3,119,46,0,46,165
07/11/2017,SLE,OR,ANM,WE,Federal Contract Tower,0,0,13,0,13,0,21,63,4,88,0,21,76,4,101,76,0,76,177
07/12/2017,SLE,OR,ANM,WE,Federal Contract Tower,0,6,13,2,21,0,9,96,9,114,0,15,109,11,135,78,16,94,229
07/13/2017,SLE,OR,ANM,WE,Federal Contract Tower,0,4,23,1,28,0,9,48,8,65,0,13,71,9,93,28,28,56,149
07/14/2017,SLE,OR,ANM,WE,Federal Contract Tower,0,4,9,2,15,0,20,60,4,84,0,24,69,6,99,52,8,60,159
07/15/2017,SLE,OR,ANM,WE,Federal Contract Tower,0,3,18,0,21,0,4,88,2,94,0,7,106,2,115,26,8,34,149
07/16/2017,SLE,OR,ANM,WE,Federal Contract Tower,0,0,5,3,8,0,2,94,3,99,0,2,99,6,107,24,0,24,131
07/17/2017,SLE,OR,ANM,WE,Federal Contract Tower,0,2,11,0,13,0,8,62,7,77,0,10,73,7,90,70,0,70,160
07/18/2017,SLE,OR,ANM,WE,Federal Contract Tower,0,1,20,4,25,0,4,58,5,67,0,5,78,9,92,14,24,38,130
07/19/2017,SLE,OR,ANM,WE,Federal Contract Tower,0,3,15,3,21,0,21,76,7,104,0,24,91,10,125,70,32,102,227
07/20/2017,SLE,OR,ANM,WE,Federal Contract Tower,0,4,17,3,24,0,7,43,5,55,0,11,60,8,79,68,18,86,165
07/21/2017,SLE,OR,ANM,WE,Federal Contract Tower,0,8,12,1,21,0,5,98,0,103,0,13,110,1,124,142,2,144,268
07/22/2017,SLE,OR,ANM,WE,Federal Contract Tower,0,1,16,0,17,0,9,55,6,70,0,10,71,6,87,20,0,20,107
07/23/2017,SLE,OR,ANM,WE,Federal Contract Tower,0,1,10,1,12,0,2,42,0,44,0,3,52,1,56,6,0,6,62
07/24/2017,SLE,OR,ANM,WE,Federal Contract Tower,0,0,15,3,18,0,6,32,5,43,0,6,47,8,61,10,0,10,71
07/25/2017,SLE,OR,ANM,WE,Federal Contract Tower,0,1,17,2,20,0,21,54,8,83,0,22,71,10,103,64,0,64,167
07/26/2017,SLE,OR,ANM,WE,Federal Contract Tower,0,3,11,1,15,0,6,61,5,72,0,9,72,6,87,68,0,68,155
07/27/2017,SLE,OR,ANM,WE,Federal Contract Tower,0,3,16,1,20,0,8,34,3,45,0,11,50,4,65,32,6,38,103
07/28/2017,SLE,OR,ANM,WE,Federal Contract Tower,0,3,16,0,19,0,14,40,0,54,0,17,56,0,73,70,0,70,143
07/29/2017,SLE,OR,ANM,WE,Federal Contract Tower,0,2,9,0,11,0,2,44,0,46,0,4,53,0,57,28,0,28,85
07/30/2017,SLE,OR,ANM,WE,Federal Contract Tower,0,0,11,0,11,0,0,49,0,49,0,0,60,0,60,20,0,20,80
07/31/2017,SLE,OR,ANM,WE,Federal Contract Tower,0,1,21,1,23,0,5,40,2,47,0,6,61,3,70,12,0,12,82
08/01/2017,SLE,OR,ANM,WE,Federal Contract Tower,0,6,15,1,22,0,9,57,5,71,0,15,72,6,93,17,2,19,112
08/02/2017,SLE,OR,ANM,WE,Federal Contract Tower,0,10,15,1,26,0,5,44,5,54,0,15,59,6,80,96,0,96,176
08/03/2017,SLE,OR,ANM,WE,Federal Contract Tower,0,5,16,0,21,0,4,14,3,21,0,9,30,3,42,2,2,4,46
08/04/2017,SLE,OR,ANM,WE,Federal Contract Tower,0,1,13,9,23,0,9,41,2,52,0,10,54,11,75,31,0,31,106
08/05/2017,SLE,OR,ANM,WE,Federal Contract Tower,0,0,18,0,18,0,0,79,5,84,0,0,97,5,102,6,0,6,108
08/06/2017,SLE,OR,ANM,WE,Federal Contract Tower,0,1,10,0,11,0,0,46,8,54,0,1,56,8,65,6,0,6,71
08/07/2017,SLE,OR,ANM,WE,Federal Contract Tower,0,3,11,0,14,0,4,54,6,64,0,7,65,6,78,26,2,28,106
08/08/2017,SLE,OR,ANM,WE,Federal Contract Tower,0,4,11,5,20,0,2,46,8,56,0,6,57,13,76,18,4,22,98
08/09/2017,SLE,OR,ANM,WE,Federal Contract Tower,0,1,27,4,32,0,3,38,4,45,0,4,65,8,77,20,0,20,97
08/10/2017,SLE,OR,ANM,WE,Federal Contract Tower,0,2,24,1,27,0,2,47,12,61,0,4,71,13,88,66,0,66,154
08/11/2017,SLE,OR,ANM,WE,Federal Contract Tower,0,1,29,0,30,0,8,92,5,105,0,9,121,5,135,52,0,52,187
08/12/2017,SLE,OR,ANM,WE,Federal Contract Tower,0,0,11,0,11,0,7,45,7,59,0,7,56,7,70,32,0,32,102
08/13/2017,SLE,OR,ANM,WE,Federal Contract Tower,0,8,22,0,30,0,1,20,0,21,0,9,42,0,51,2,4,6,57
08/14/2017,SLE,OR,ANM,WE,Federal Contract Tower,0,4,27,1,32,0,3,68,13,84,0,7,95,14,116,42,0,42,158
08/15/2017,SLE,OR,ANM,WE,Federal Contract Tower,0,3,16,1,20,0,18,77,11,106,0,21,93,12,126,54,16,70,196
08/16/2017,SLE,OR,ANM,WE,Federal Contract Tower,0,1,18,5,24,0,6,77,11,94,0,7,95,16,118,42,0,42,160
08/17/2017,SLE,OR,ANM,WE,Federal Contract Tower,0,3,27,2,32,0,3,97,7,107,0,6,124,9,139,36,0,36,175
08/18/2017,SLE,OR,ANM,WE,Federal Contract Tower,0,0,9,3,12,0,8,92,8,108,0,8,101,11,120,40,6,46,166
08/19/2017,SLE,OR,ANM,WE,Federal Contract Tower,0,4,17,0,21,0,14,87,4,105,0,18,104,4,126,8,2,10,136
08/20/2017,SLE,OR,ANM,WE,Federal Contract Tower,0,3,14,0,17,0,3,79,5,87,0,6,93,5,104,8,0,8,112
08/21/2017,SLE,OR,ANM,WE,Federal Contract Tower,0,20,60,0,80,0,20,282,7,309,0,40,342,7,389,2,0,2,391
08/22/2017,SLE,OR,ANM,WE,Federal Contract Tower,0,8,25,1,34,0,15,71,3,89,0,23,96,4,123,18,0,18,141
08/23/2017,SLE,OR,ANM,WE,Federal Contract Tower,0,10,17,0,27,0,8,102,4,114,0,18,119,4,141,36,0,36,177
08/24/2017,SLE,OR,ANM,WE,Federal Contract Tower,0,2,18,0,20,0,8,42,3,53,0,10,60,3,73,24,0,24,97
08/25/2017,SLE,OR,ANM,WE,Federal Contract Tower,0,2,16,2,20,0,8,82,2,92,0,10,98,4,112,44,0,44,156
08/26/2017,SLE,OR,ANM,WE,Federal Contract Tower,0,0,11,0,11,0,2,98,0,100,0,2,109,0,111,10,0,10,121
08/27/2017,SLE,OR,ANM,WE,Federal Contract Tower,0,5,14,0,19,0,4,58,4,66,0,9,72,4,85,41,4,45,130
08/28/2017,SLE,OR,ANM,WE,Federal Contract Tower,0,8,11,2,21,0,3,22,4,29,0,11,33,6,50,12,16,28,78
08/29/2017,SLE,OR,ANM,WE,Federal Contract Tower,0,5,18,3,26,0,7,22,14,43,0,12,40,17,69,20,24,44,113
08/30/2017,SLE,OR,ANM,WE,Federal Contract Tower,0,6,16,5,27,0,8,60,10,78,0,14,76,15,105,10,28,38,143
08/31/2017,SLE,OR,ANM,WE,Federal Contract Tower,0,9,32,2,43,0,8,73,6,87,0,17,105,8,130,60,6,66,196
09/01/2017,SLE,OR,ANM,WE,Federal Contract Tower,0,1,17,0,18,0,10,66,2,78,0,11,83,2,96,47,2,49,145
09/02/2017,SLE,OR,ANM,WE,Federal Contract Tower,0,2,6,0,8,0,0,60,2,62,0,2,66,2,70,36,2,38,108
09/03/2017,SLE,OR,ANM,WE,Federal Contract Tower,0,0,7,0,7,0,0,42,4,46,0,0,49,4,53,2,0,2,55
09/04/2017,SLE,OR,ANM,WE,Federal Contract Tower,0,1,18,0,19,0,0,45,0,45,0,1,63,0,64,3,0,3,67
09/05/2017,SLE,OR,ANM,WE,Federal Contract Tower,0,10,11,6,27,0,0,7,0,7,0,10,18,6,34,0,0,0,34
09/06/2017,SLE,OR,ANM,WE,Federal Contract Tower,0,9,7,0,16,0,2,5,2,9,0,11,12,2,25,32,0,32,57
09/07/2017,SLE,OR,ANM,WE,Federal Contract Tower,0,6,12,0,18,0,16,23,0,39,0,22,35,0,57,54,2,56,113
09/08/2017,SLE,OR,ANM,WE,Federal Contract Tower,0,4,20,0,24,0,0,8,0,8,0,4,28,0,32,24,0,24,56
09/09/2017,SLE,OR,ANM,WE,Federal Contract Tower,0,0,27,1,28,0,8,67,6,81,0,8,94,7,109,18,0,18,127
09/10/2017,SLE,OR,ANM,WE,Federal Contract Tower,0,0,10,1,11,0,0,25,6,31,0,0,35,7,42,10,0,10,52
09/11/2017,SLE,OR,ANM,WE,Federal Contract Tower,0,2,34,0,36,0,9,49,6,64,0,11,83,6,100,54,16,70,170
09/12/2017,SLE,OR,ANM,WE,Federal Contract Tower,0,2,17,0,19,0,2,61,10,73,0,4,78,10,92,22,50,72,164
09/13/2017,SLE,OR,ANM,WE,Federal Contract Tower,0,3,17,0,20,0,5,89,8,102,0,8,106,8,122,30,12,42,164
09/14/2017,SLE,OR,ANM,WE,Federal Contract Tower,0,9,16,0,25,0,5,63,9,77,0,14,79,9,102,88,2,90,192
09/15/2017,SLE,OR,ANM,WE,Federal Contract Tower,0,1,13,1,15,0,10,69,4,83,0,11,82,5,98,48,0,48,146
09/16/2017,SLE,OR,ANM,WE,Federal Contract Tower,0,0,11,1,12,0,3,52,2,57,0,3,63,3,69,36,0,36,105
09/17/2017,SLE,OR,ANM,WE,Federal Contract Tower,0,0,21,0,21,0,6,16,0,22,0,6,37,0,43,10,0,10,53
09/18/2017,SLE,OR,ANM,WE,Federal Contract Tower,0,4,15,2,21,0,1,9,0,10,0,5,24,2,31,0,0,0,31
09/19/2017,SLE,OR,ANM,WE,Federal Contract Tower,0,2,19,3,24,0,1,15,7,23,0,3,34,10,47,18,0,18,65
09/20/2017,SLE,OR,ANM,WE,Federal Contract Tower,0,5,26,0,31,0,3,11,7,21,0,8,37,7,52,22,14,36,88
09/21/2017,SLE,OR,ANM,WE,Federal Contract Tower,0,4,39,1,44,0,4,34,10,48,0,8,73,11,92,32,6,38,130
09/22/2017,SLE,OR,ANM,WE,Federal Contract Tower,0,2,33,3,38,0,9,54,0,63,0,11,87,3,101,14,0,14,115
09/23/2017,SLE,OR,ANM,WE,Federal Contract Tower,0,0,21,0,21,0,2,77,0,79,0,2,98,0,100,72,0,72,172
09/24/2017,SLE,OR,ANM,WE,Federal Contract Tower,0,0,19,0,19,0,2,69,1,72,0,2,88,1,91,44,0,44,135
09/25/2017,SLE,OR,ANM,WE,Federal Contract Tower,0,10,18,0,28,0,6,33,4,43,0,16,51,4,71,32,0,32,103
09/26/2017,SLE,OR,ANM,WE,Federal Contract Tower,0,3,23,1,27,0,22,97,7,126,0,25,120,8,153,68,0,68,221
09/27/2017,SLE,OR,ANM,WE,Federal Contract Tower,0,1,32,0,33,0,10,90,3,103,0,11,122,3,136,66,14,80,216
09/28/2017,SLE,OR,ANM,WE,Federal Contract Tower,0,2,13,1,16,0,6,93,13,112,0,8,106,14,128,28,24,52,180
09/29/2017,SLE,OR,ANM,WE,Federal Contract Tower,0,3,27,1,31,0,13,22,2,37,0,16,49,3,68,30,6,36,104
09/30/2017,SLE,OR,ANM,WE,Federal Contract Tower,0,0,12,0,12,0,5,35,0,40,0,5,47,0,52,18,0,18,70
10/01/2017,SLE,OR,ANM,WE,Federal Contract Tower,0,2,10,0,12,0,0,34,0,34,0,2,44,0,46,10,0,10,56
10/02/2017,SLE,OR,ANM,WE,Federal Contract Tower,0,7,12,2,21,0,7,38,1,46,0,14,50,3,67,42,0,42,109
10/03/2017,SLE,OR,ANM,WE,Federal Contract Tower,0,0,20,0,20,0,6,60,7,73,0,6,80,7,93,48,8,56,149
10/04/2017,SLE,OR,ANM,WE,Federal Contract Tower,0,1,11,2,14,0,6,61,4,71,0,7,72,6,85,48,2,50,135
10/05/2017,SLE,OR,ANM,WE,Federal Contract Tower,0,1,17,3,21,0,18,80,5,103,0,19,97,8,124,56,8,64,188
10/06/2017,SLE,OR,ANM,WE,Federal Contract Tower,0,2,12,0,14,0,6,94,0,100,0,8,106,0,114,12,0,12,126
10/07/2017,SLE,OR,ANM,WE,Federal Contract Tower,0,0,12,0,12,0,0,26,0,26,0,0,38,0,38,44,0,44,82
10/08/2017,SLE,OR,ANM,WE,Federal Contract Tower,0,1,10,0,11,0,0,47,0,47,0,1,57,0,58,26,0,26,84
10/09/2017,SLE,OR,ANM,WE,Federal Contract Tower,0,1,18,2,21,0,5,49,0,54,0,6,67,2,75,14,0,14,89
10/10/2017,SLE,OR,ANM,WE,Federal Contract Tower,0,4,24,6,34,0,6,15,0,21,0,10,39,6,55,8,0,8,63
10/11/2017,SLE,OR,ANM,WE,Federal Contract Tower,0,2,10,0,12,0,3,13,6,22,0,5,23,6,34,4,0,4,38
10/12/2017,SLE,OR,ANM,WE,Federal Contract Tower,0,4,6,0,10,0,0,2,2,4,0,4,8,2,14,18,46,64,78
10/13/2017,SLE,OR,ANM,WE,Federal Contract Tower,0,1,13,3,17,0,4,13,1,18,0,5,26,4,35,0,0,0,35
10/14/2017,SLE,OR,ANM,WE,Federal Contract Tower,0,0,9,2,11,0,0,63,1,64,0,0,72,3,75,26,0,26,101
10/15/2017,SLE,OR,ANM,WE,Federal Contract Tower,0,0,13,8,21,0,2,105,6,113,0,2,118,14,134,80,8,88,222
10/16/2017,SLE,OR,ANM,WE,Federal Contract Tower,0,3,36,2,41,0,6,72,4,82,0,9,108,6,123,40,0,40,163
10/17/2017,SLE,OR,ANM,WE,Federal Contract Tower,0,4,7,2,13,0,5,18,0,23,0,9,25,2,36,32,0,32,68
10/18/2017,SLE,OR,ANM,WE,Federal Contract Tower,0,4,16,0,20,0,7,8,0,15,0,11,24,0,35,0,0,0,35
10/19/2017,SLE,OR,ANM,WE,Federal Contract Tower,0,6,9,2,17,0,0,1,0,1,0,6,10,2,18,0,0,0,18
10/20/2017,SLE,OR,ANM,WE,Federal Contract Tower,0,5,4,2,11,0,0,13,0,13,0,5,17,2,24,0,0,0,24
10/21/2017,SLE,OR,ANM,WE,Federal Contract Tower,0,0,6,0,6,0,0,0,0,0,0,0,6,0,6,0,0,0,6
10/23/2017,SLE,OR,ANM,WE,Federal Contract Tower,0,0,19,2,21,0,8,60,6,74,0,8,79,8,95,78,8,86,181
10/24/2017,SLE,OR,ANM,WE,Federal Contract Tower,0,0,15,5,20,0,15,65,4,84,0,15,80,9,104,22,12,34,138
10/25/2017,SLE,OR,ANM,WE,Federal Contract Tower,0,4,27,2,33,0,16,70,3,89,0,20,97,5,122,50,4,54,176
10/26/2017,SLE,OR,ANM,WE,Federal Contract Tower,0,1,29,5,35,0,15,50,3,68,0,16,79,8,103,18,10,28,131
10/27/2017,SLE,OR,ANM,WE,Federal Contract Tower,0,1,15,10,26,0,11,77,2,90,0,12,92,12,116,30,10,40,156
10/28/2017,SLE,OR,ANM,WE,Federal Contract Tower,0,0,15,0,15,0,6,69,0,75,0,6,84,0,90,42,0,42,132
10/29/2017,SLE,OR,ANM,WE,Federal Contract Tower,0,0,15,0,15,0,0,0,0,0,0,0,15,0,15,0,0,0,15
10/30/2017,SLE,OR,ANM,WE,Federal Contract Tower,0,4,13,2,19,0,6,59,6,71,0,10,72,8,90,42,44,86,176
10/31/2017,SLE,OR,ANM,WE,Federal Contract Tower,0,1,5,0,6,0,18,96,6,120,0,19,101,6,126,72,0,72,198
11/01/2017,SLE,OR,ANM,WE,Federal Contract Tower,0,3,14,2,19,0,17,16,8,41,0,20,30,10,60,38,21,59,119
11/02/2017,SLE,OR,ANM,WE,Federal Contract Tower,0,5,10,2,17,0,12,6,4,22,0,17,16,6,39,2,4,6,45
11/03/2017,SLE,OR,ANM,WE,Federal Contract Tower,0,3,11,4,18,0,7,19,0,26,0,10,30,4,44,0,0,0,44
11/04/2017,SLE,OR,ANM,WE,Federal Contract Tower,0,1,11,4,16,0,1,21,6,28,0,2,32,10,44,40,4,44,88
11/05/2017,SLE,OR,ANM,WE,Federal Contract Tower,0,0,1,0,1,0,0,16,0,16,0,0,17,0,17,18,0,18,35
11/06/2017,SLE,OR,ANM,WE,Federal Contract Tower,0,2,7,1,10,0,10,39,6,55,0,12,46,7,65,32,14,46,111
11/07/2017,SLE,OR,ANM,WE,Federal Contract Tower,0,3,14,2,19,0,9,30,13,52,0,12,44,15,71,36,14,50,121
11/08/2017,SLE,OR,ANM,WE,Federal Contract Tower,0,5,16,3,24,0,4,7,5,16,0,9,23,8,40,2,4,6,46
11/09/2017,SLE,OR,ANM,WE,Federal Contract Tower,0,5,3,4,12,0,6,10,0,16,0,11,13,4,28,10,16,26,54
11/10/2017,SLE,OR,ANM,WE,Federal Contract Tower,0,2,17,0,19,0,4,7,0,11,0,6,24,0,30,2,0,2,32
11/11/2017,SLE,OR,ANM,WE,Federal Contract Tower,0,0,8,0,8,0,0,35,0,35,0,0,43,0,43,34,0,34,77
11/12/2017,SLE,OR,ANM,WE,Federal Contract Tower,0,1,9,0,10,0,0,26,0,26,0,1,35,0,36,6,0,6,42
11/13/2017,SLE,OR,ANM,WE,Federal Contract Tower,0,7,8,0,15,0,3,7,0,10,0,10,15,0,25,16,0,16,41
11/14/2017,SLE,OR,ANM,WE,Federal Contract Tower,0,3,13,3,19,0,6,22,7,35,0,9,35,10,54,4,22,26,80
11/15/2017,SLE,OR,ANM,WE,Federal Contract Tower,0,6,6,2,14,0,0,0,0,0,0,6,6,2,14,0,2,2,16
11/16/2017,SLE,OR,ANM,WE,Federal Contract Tower,0,2,14,2,18,0,2,18,3,23,0,4,32,5,41,0,8,8,49
11/17/2017,SLE,OR,ANM,WE,Federal Contract Tower,0,4,14,3,21,0,10,19,2,31,0,14,33,5,52,0,10,10,62
11/18/2017,SLE,OR,ANM,WE,Federal Contract Tower,0,2,6,0,8,0,0,9,0,9,0,2,15,0,17,28,0,28,45
11/19/2017,SLE,OR,ANM,WE,Federal Contract Tower,0,2,6,0,8,0,0,36,0,36,0,2,42,0,44,20,0,20,64
11/20/2017,SLE,OR,ANM,WE,Federal Contract Tower,0,5,15,1,21,0,4,34,9,47,0,9,49,10,68,68,22,90,158
11/21/2017,SLE,OR,ANM,WE,Federal Contract Tower,0,6,18,3,27,0,1,1,1,3,0,7,19,4,30,0,28,28,58
11/22/2017,SLE,OR,ANM,WE,Federal Contract Tower,0,5,16,2,23,0,1,18,0,19,0,6,34,2,42,6,2,8,50
11/23/2017,SLE,OR,ANM,WE,Federal Contract Tower,0,0,2,0,2,0,0,2,0,2,0,0,4,0,4,0,0,0,4
11/24/2017,SLE,OR,ANM,WE,Federal Contract Tower,0,4,2,0,6,0,3,74,0,77,0,7,76,0,83,72,0,72,155
11/25/2017,SLE,OR,ANM,WE,Federal Contract Tower,0,1,17,0,18,0,0,15,0,15,0,1,32,0,33,38,0,38,71
11/26/2017,SLE,OR,ANM,WE,Federal Contract Tower,0,3,5,0,8,0,2,17,0,19,0,5,22,0,27,0,0,0,27
11/27/2017,SLE,OR,ANM,WE,Federal Contract Tower,0,11,7,3,21,0,5,23,3,31,0,16,30,6,52,32,2,34,86
11/28/2017,SLE,OR,ANM,WE,Federal Contract Tower,0,4,10,2,16,0,2,2,0,4,0,6,12,2,20,0,0,0,20
11/29/2017,SLE,OR,ANM,WE,Federal Contract Tower,0,4,27,0,31,0,26,92,3,121,0,30,119,3,152,50,0,50,202
11/30/2017,SLE,OR,ANM,WE,Federal Contract Tower,0,4,12,1,17,0,11,9,1,21,0,15,21,2,38,16,0,16,54
12/01/2017,SLE,OR,ANM,WE,Federal Contract Tower,0,5,9,2,16,0,6,14,2,22,0,11,23,4,38,24,6,30,68
12/02/2017,SLE,OR,ANM,WE,Federal Contract Tower,0,0,5,0,5,0,0,0,0,0,0,0,5,0,5,0,0,0,5
12/03/2017,SLE,OR,ANM,WE,Federal Contract Tower,0,0,10,0,10,0,0,14,0,14,0,0,24,0,24,12,0,12,36
12/04/2017,SLE,OR,ANM,WE,Federal Contract Tower,0,3,12,0,15,0,6,6,2,14,0,9,18,2,29,8,0,8,37
12/05/2017,SLE,OR,ANM,WE,Federal Contract Tower,0,5,14,0,19,0,6,46,0,52,0,11,60,0,71,18,0,18,89
12/06/2017,SLE,OR,ANM,WE,Federal Contract Tower,0,3,18,0,21,0,5,80,2,87,0,8,98,2,108,78,0,78,186
12/07/2017,SLE,OR,ANM,WE,Federal Contract Tower,0,6,28,0,34,0,27,56,2,85,0,33,84,2,119,28,6,34,153
12/08/2017,SLE,OR,ANM,WE,Federal Contract Tower,0,4,11,0,15,0,14,62,0,76,0,18,73,0,91,34,0,34,125
12/09/2017,SLE,OR,ANM,WE,Federal Contract Tower,0,0,14,0,14,0,2,73,0,75,0,2,87,0,89,60,0,60,149
12/10/2017,SLE,OR,ANM,WE,Federal Contract Tower,0,1,9,0,10,0,0,43,0,43,0,1,52,0,53,6,0,6,59
12/11/2017,SLE,OR,ANM,WE,Federal Contract Tower,0,5,15,2,22,0,14,31,2,47,0,19,46,4,69,48,0,48,117
12/12/2017,SLE,OR,ANM,WE,Federal Contract Tower,0,6,25,0,31,0,24,53,2,79,0,30,78,2,110,74,0,74,184
12/13/2017,SLE,OR,ANM,WE,Federal Contract Tower,0,3,30,1,34,0,19,44,10,73,0,22,74,11,107,40,6,46,153
12/14/2017,SLE,OR,ANM,WE,Federal Contract Tower,0,5,14,3,22,0,12,40,9,61,0,17,54,12,83,46,10,56,139
12/15/2017,SLE,OR,ANM,WE,Federal Contract Tower,0,4,8,0,12,0,6,6,0,12,0,10,14,0,24,12,0,12,36
12/16/2017,SLE,OR,ANM,WE,Federal Contract Tower,0,2,6,0,8,0,0,9,0,9,0,2,15,0,17,8,0,8,25
12/17/2017,SLE,OR,ANM,WE,Federal Contract Tower,0,0,34,0,34,0,0,29,0,29,0,0,63,0,63,18,0,18,81
12/18/2017,SLE,OR,ANM,WE,Federal Contract Tower,0,8,17,2,27,0,6,4,0,10,0,14,21,2,37,10,0,10,47
12/19/2017,SLE,OR,ANM,WE,Federal Contract Tower,0,6,3,0,9,0,4,1,0,5,0,10,4,0,14,0,0,0,14
12/20/2017,SLE,OR,ANM,WE,Federal Contract Tower,0,6,17,4,27,0,5,32,6,43,0,11,49,10,70,22,2,24,94
12/21/2017,SLE,OR,ANM,WE,Federal Contract Tower,0,8,4,0,12,0,1,0,0,1,0,9,4,0,13,0,0,0,13
12/22/2017,SLE,OR,ANM,WE,Federal Contract Tower,0,3,10,0,13,0,9,3,0,12,0,12,13,0,25,0,0,0,25
12/23/2017,SLE,OR,ANM,WE,Federal Contract Tower,0,2,4,0,6,0,2,5,0,7,0,4,9,0,13,0,0,0,13
12/24/2017,SLE,OR,ANM,WE,Federal Contract Tower,0,0,1,0,1,0,0,0,0,0,0,0,1,0,1,0,0,0,1
12/25/2017,SLE,OR,ANM,WE,Federal Contract Tower,0,0,0,0,0,0,0,0,0,0,0,0,0,0,0,0,0,0,0
12/26/2017,SLE,OR,ANM,WE,Federal Contract Tower,0,18,8,0,26,0,4,18,0,22,0,22,26,0,48,22,0,22,70
12/27/2017,SLE,OR,ANM,WE,Federal Contract Tower,0,4,6,0,10,0,0,0,0,0,0,4,6,0,10,0,0,0,10
12/28/2017,SLE,OR,ANM,WE,Federal Contract Tower,0,4,8,2,14,0,0,18,0,18,0,4,26,2,32,12,0,12,44
12/29/2017,SLE,OR,ANM,WE,Federal Contract Tower,0,5,10,0,15,0,0,0,0,0,0,5,10,0,15,28,0,28,43
12/30/2017,SLE,OR,ANM,WE,Federal Contract Tower,0,7,25,0,32,0,1,64,0,65,0,8,89,0,97,16,0,16,113
12/31/2017,SLE,OR,ANM,WE,Federal Contract Tower,0,0,12,0,12,0,1,59,0,60,0,1,71,0,72,34,0,34,106
01/01/2018,SLE,OR,ANM,WE,Federal Contract Tower,0,3,6,0,9,0,0,48,0,48,0,3,54,0,57,0,0,0,57
01/02/2018,SLE,OR,ANM,WE,Federal Contract Tower,0,5,8,1,14,0,10,38,3,51,0,15,46,4,65,16,0,16,81
01/03/2018,SLE,OR,ANM,WE,Federal Contract Tower,0,1,31,0,32,0,16,75,5,96,0,17,106,5,128,16,0,16,144
01/04/2018,SLE,OR,ANM,WE,Federal Contract Tower,0,4,9,7,20,0,10,21,8,39,0,14,30,15,59,24,38,62,121
01/05/2018,SLE,OR,ANM,WE,Federal Contract Tower,0,5,18,4,27,0,13,0,0,13,0,18,18,4,40,4,2,6,46
01/06/2018,SLE,OR,ANM,WE,Federal Contract Tower,0,0,14,1,15,0,0,60,10,70,0,0,74,11,85,50,0,50,135
01/07/2018,SLE,OR,ANM,WE,Federal Contract Tower,0,0,9,2,11,0,0,20,1,21,0,0,29,3,32,16,0,16,48
01/08/2018,SLE,OR,ANM,WE,Federal Contract Tower,0,4,8,0,12,0,0,0,0,0,0,4,8,0,12,0,0,0,12
01/09/2018,SLE,OR,ANM,WE,Federal Contract Tower,0,6,10,2,18,0,6,12,1,19,0,12,22,3,37,14,0,14,51
01/10/2018,SLE,OR,ANM,WE,Federal Contract Tower,0,8,6,2,16,0,16,19,0,35,0,24,25,2,51,10,0,10,61
01/11/2018,SLE,OR,ANM,WE,Federal Contract Tower,0,4,3,0,7,0,1,0,0,1,0,5,3,0,8,2,0,2,10
01/12/2018,SLE,OR,ANM,WE,Federal Contract Tower,0,3,23,0,26,0,14,39,0,53,0,17,62,0,79,54,0,54,133
01/13/2018,SLE,OR,ANM,WE,Federal Contract Tower,0,0,13,0,13,0,2,86,0,88,0,2,99,0,101,60,0,60,161
01/14/2018,SLE,OR,ANM,WE,Federal Contract Tower,0,0,17,0,17,0,3,72,0,75,0,3,89,0,92,44,0,44,136
01/15/2018,SLE,OR,ANM,WE,Federal Contract Tower,0,8,19,0,27,0,13,37,0,50,0,21,56,0,77,20,0,20,97
01/17/2018,SLE,OR,ANM,WE,Federal Contract Tower,0,6,6,3,15,0,7,29,2,38,0,13,35,5,53,14,0,14,67
01/18/2018,SLE,OR,ANM,WE,Federal Contract Tower,0,4,12,2,18,0,1,1,2,4,0,5,13,4,22,0,0,0,22
01/19/2018,SLE,OR,ANM,WE,Federal Contract Tower,0,7,20,0,27,0,4,8,0,12,0,11,28,0,39,8,0,8,47
01/20/2018,SLE,OR,ANM,WE,Federal Contract Tower,0,0,22,0,22,0,4,14,0,18,0,4,36,0,40,2,0,2,42
01/21/2018,SLE,OR,ANM,WE,Federal Contract Tower,0,2,6,0,8,0,1,9,0,10,0,3,15,0,18,2,0,2,20
01/22/2018,SLE,OR,ANM,WE,Federal Contract Tower,0,3,24,0,27,0,1,32,2,35,0,4,56,2,62,30,0,30,92
01/23/2018,SLE,OR,ANM,WE,Federal Contract Tower,0,10,9,0,19,0,4,0,4,8,0,14,9,4,27,0,40,40,67
01/24/2018,SLE,OR,ANM,WE,Federal Contract Tower,0,9,10,4,23,0,7,10,8,25,0,16,20,12,48,18,50,68,116
01/25/2018,SLE,OR,ANM,WE,Federal Contract Tower,0,5,4,2,11,0,7,10,7,24,0,12,14,9,35,10,18,28,63
01/26/2018,SLE,OR,ANM,WE,Federal Contract Tower,0,4,6,0,10,0,5,12,3,20,0,9,18,3,30,10,0,10,40
01/27/2018,SLE,OR,ANM,WE,Federal Contract Tower,0,1,2,0,3,0,0,1,0,1,0,1,3,0,4,0,0,0,4
01/28/2018,SLE,OR,ANM,WE,Federal Contract Tower,0,0,9,0,9,0,3,95,0,98,0,3,104,0,107,52,0,52,159
01/29/2018,SLE,OR,ANM,WE,Federal Contract Tower,0,9,11,5,25,0,10,39,4,53,0,19,50,9,78,24,0,24,102
01/30/2018,SLE,OR,ANM,WE,Federal Contract Tower,0,3,11,1,15,0,16,43,0,59,0,19,54,1,74,56,0,56,130
01/31/2018,SLE,OR,ANM,WE,Federal Contract Tower,0,2,10,1,13,0,24,49,0,73,0,26,59,1,86,72,0,72,158
02/01/2018,SLE,OR,ANM,WE,Federal Contract Tower,0,7,19,0,26,0,13,15,2,30,0,20,34,2,56,22,2,24,80
02/02/2018,SLE,OR,ANM,WE,Federal Contract Tower,0,4,12,0,16,0,12,21,5,38,0,16,33,5,54,6,0,6,60
02/03/2018,SLE,OR,ANM,WE,Federal Contract Tower,0,2,14,0,16,0,0,25,0,25,0,2,39,0,41,30,0,30,71
02/04/2018,SLE,OR,ANM,WE,Federal Contract Tower,0,0,5,0,5,0,0,34,2,36,0,0,39,2,41,16,0,16,57
02/05/2018,SLE,OR,ANM,WE,Federal Contract Tower,0,0,20,0,20,0,13,45,0,58,0,13,65,0,78,44,0,44,122
02/06/2018,SLE,OR,ANM,WE,Federal Contract Tower,0,1,27,4,32,0,15,37,0,52,0,16,64,4,84,24,8,32,116
02/07/2018,SLE,OR,ANM,WE,Federal Contract Tower,0,3,12,2,17,0,8,56,0,64,0,11,68,2,81,50,0,50,131
02/08/2018,SLE,OR,ANM,WE,Federal Contract Tower,0,2,23,2,27,0,24,47,0,71,0,26,70,2,98,32,0,32,130
02/09/2018,SLE,OR,ANM,WE,Federal Contract Tower,0,4,17,0,21,0,27,69,5,101,0,31,86,5,122,102,0,102,224
02/10/2018,SLE,OR,ANM,WE,Federal Contract Tower,0,1,29,0,30,0,1,92,12,105,0,2,121,12,135,56,10,66,201
02/11/2018,SLE,OR,ANM,WE,Federal Contract Tower,0,3,2,6,11,0,1,43,6,50,0,4,45,12,61,56,10,66,127
02/12/2018,SLE,OR,ANM,WE,Federal Contract Tower,0,8,26,0,34,0,12,84,2,98,0,20,110,2,132,78,0,78,210
02/13/2018,SLE,OR,ANM,WE,Federal Contract Tower,0,2,27,3,32,0,24,85,7,116,0,26,112,10,148,44,0,44,192
02/14/2018,SLE,OR,ANM,WE,Federal Contract Tower,0,7,10,3,20,0,6,8,4,18,0,13,18,7,38,0,16,16,54
02/15/2018,SLE,OR,ANM,WE,Federal Contract Tower,0,7,17,8,32,0,17,60,8,85,0,24,77,16,117,102,10,112,229
02/16/2018,SLE,OR,ANM,WE,Federal Contract Tower,0,14,24,2,40,0,0,13,0,13,0,14,37,2,53,32,0,32,85
02/17/2018,SLE,OR,ANM,WE,Federal Contract Tower,0,0,4,0,4,0,0,1,0,1,0,0,5,0,5,0,0,0,5
02/18/2018,SLE,OR,ANM,WE,Federal Contract Tower,0,2,3,0,5,0,0,0,0,0,0,2,3,0,5,0,0,0,5
02/19/2018,SLE,OR,ANM,WE,Federal Contract Tower,0,3,26,0,29,0,8,52,0,60,0,11,78,0,89,58,0,58,147
02/20/2018,SLE,OR,ANM,WE,Federal Contract Tower,0,6,0,0,6,0,3,2,0,5,0,9,2,0,11,2,0,2,13
02/21/2018,SLE,OR,ANM,WE,Federal Contract Tower,0,4,10,2,16,0,5,41,2,48,0,9,51,4,64,42,0,42,106
02/22/2018,SLE,OR,ANM,WE,Federal Contract Tower,0,2,2,2,6,0,3,27,2,32,0,5,29,4,38,4,16,20,58
02/23/2018,SLE,OR,ANM,WE,Federal Contract Tower,0,6,14,2,22,0,1,18,3,22,0,7,32,5,44,28,0,28,72
02/24/2018,SLE,OR,ANM,WE,Federal Contract Tower,0,1,10,0,11,0,2,7,0,9,0,3,17,0,20,18,0,18,38
02/25/2018,SLE,OR,ANM,WE,Federal Contract Tower,0,0,6,0,6,0,0,2,0,2,0,0,8,0,8,0,0,0,8
02/26/2018,SLE,OR,ANM,WE,Federal Contract Tower,0,5,11,1,17,0,4,29,1,34,0,9,40,2,51,34,0,34,85
02/27/2018,SLE,OR,ANM,WE,Federal Contract Tower,0,4,17,3,24,0,1,17,1,19,0,5,34,4,43,20,0,20,63
02/28/2018,SLE,OR,ANM,WE,Federal Contract Tower,0,8,7,4,19,0,0,1,3,4,0,8,8,7,23,24,4,28,51
03/01/2018,SLE,OR,ANM,WE,Federal Contract Tower,0,6,17,2,25,0,2,7,2,11,0,8,24,4,36,24,0,24,60
03/02/2018,SLE,OR,ANM,WE,Federal Contract Tower,0,5,12,1,18,0,8,13,1,22,0,13,25,2,40,8,20,28,68
03/03/2018,SLE,OR,ANM,WE,Federal Contract Tower,0,2,33,6,41,0,3,81,1,85,0,5,114,7,126,106,0,106,232
03/04/2018,SLE,OR,ANM,WE,Federal Contract Tower,0,3,14,0,17,0,3,60,3,66,0,6,74,3,83,38,28,66,149
03/05/2018,SLE,OR,ANM,WE,Federal Contract Tower,0,1,20,0,21,0,11,47,2,60,0,12,67,2,81,28,0,28,109
03/06/2018,SLE,OR,ANM,WE,Federal Contract Tower,0,5,36,14,55,0,18,108,16,142,0,23,144,30,197,62,14,76,273
03/07/2018,SLE,OR,ANM,WE,Federal Contract Tower,0,0,20,2,22,0,10,59,5,74,0,10,79,7,96,54,48,102,198
03/08/2018,SLE,OR,ANM,WE,Federal Contract Tower,0,3,4,4,11,0,6,0,7,13,0,9,4,11,24,0,2,2,26
03/09/2018,SLE,OR,ANM,WE,Federal Contract Tower,0,6,16,0,22,0,7,33,0,40,0,13,49,0,62,14,12,26,88
03/10/2018,SLE,OR,ANM,WE,Federal Contract Tower,0,1,20,2,23,0,2,85,0,87,0,3,105,2,110,30,0,30,140
03/11/2018,SLE,OR,ANM,WE,Federal Contract Tower,0,1,17,0,18,0,0,94,0,94,0,1,111,0,112,32,0,32,144
03/12/2018,SLE,OR,ANM,WE,Federal Contract Tower,0,1,8,0,9,0,14,56,0,70,0,15,64,0,79,48,0,48,127
03/13/2018,SLE,OR,ANM,WE,Federal Contract Tower,0,3,9,3,15,0,6,2,1,9,0,9,11,4,24,12,0,12,36
03/14/2018,SLE,OR,ANM,WE,Federal Contract Tower,0,2,10,1,13,0,9,26,5,40,0,11,36,6,53,12,4,16,69
03/15/2018,SLE,OR,ANM,WE,Federal Contract Tower,0,3,17,4,24,0,3,28,6,37,0,6,45,10,61,36,10,46,107
03/16/2018,SLE,OR,ANM,WE,Federal Contract Tower,0,6,25,2,33,0,6,6,1,13,0,12,31,3,46,42,0,42,88
03/17/2018,SLE,OR,ANM,WE,Federal Contract Tower,0,1,8,0,9,0,3,14,0,17,0,4,22,0,26,8,0,8,34
03/18/2018,SLE,OR,ANM,WE,Federal Contract Tower,0,0,10,0,10,0,3,32,2,37,0,3,42,2,47,12,0,12,59
03/19/2018,SLE,OR,ANM,WE,Federal Contract Tower,0,6,12,0,18,0,1,34,2,37,0,7,46,2,55,46,2,48,103
03/20/2018,SLE,OR,ANM,WE,Federal Contract Tower,0,1,27,2,30,0,13,92,9,114,0,14,119,11,144,64,0,64,208
03/21/2018,SLE,OR,ANM,WE,Federal Contract Tower,0,4,21,7,32,0,4,16,3,23,0,8,37,10,55,24,0,24,79
03/22/2018,SLE,OR,ANM,WE,Federal Contract Tower,0,3,7,0,10,0,6,3,4,13,0,9,10,4,23,6,0,6,29
03/23/2018,SLE,OR,ANM,WE,Federal Contract Tower,0,4,3,6,13,0,0,2,0,2,0,4,5,6,15,0,0,0,15
03/24/2018,SLE,OR,ANM,WE,Federal Contract Tower,0,1,0,0,1,0,3,14,0,17,0,4,14,0,18,0,0,0,18
03/25/2018,SLE,OR,ANM,WE,Federal Contract Tower,0,0,13,0,13,0,0,34,0,34,0,0,47,0,47,38,0,38,85
03/26/2018,SLE,OR,ANM,WE,Federal Contract Tower,0,5,1,3,9,0,3,14,1,18,0,8,15,4,27,42,0,42,69
03/27/2018,SLE,OR,ANM,WE,Federal Contract Tower,0,6,15,4,25,0,7,38,3,48,0,13,53,7,73,32,0,32,105
03/28/2018,SLE,OR,ANM,WE,Federal Contract Tower,0,3,29,2,34,0,7,58,7,72,0,10,87,9,106,56,8,64,170
03/29/2018,SLE,OR,ANM,WE,Federal Contract Tower,0,3,15,3,21,0,8,89,11,108,0,11,104,14,129,94,20,114,243
03/30/2018,SLE,OR,ANM,WE,Federal Contract Tower,0,1,18,3,22,0,5,80,2,87,0,6,98,5,109,52,0,52,161
03/31/2018,SLE,OR,ANM,WE,Federal Contract Tower,0,1,20,0,21,0,0,61,0,61,0,1,81,0,82,46,0,46,128
04/01/2018,SLE,OR,ANM,WE,Federal Contract Tower,0,1,11,0,12,0,0,9,0,9,0,1,20,0,21,0,0,0,21
04/02/2018,SLE,OR,ANM,WE,Federal Contract Tower,0,3,9,1,13,0,1,40,0,41,0,4,49,1,54,2,0,2,56
04/03/2018,SLE,OR,ANM,WE,Federal Contract Tower,0,0,17,6,23,0,12,48,0,60,0,12,65,6,83,28,16,44,127
04/04/2018,SLE,OR,ANM,WE,Federal Contract Tower,0,2,14,5,21,0,10,56,5,71,0,12,70,10,92,32,32,64,156
04/05/2018,SLE,OR,ANM,WE,Federal Contract Tower,0,4,20,0,24,0,6,5,4,15,0,10,25,4,39,8,34,42,81
04/06/2018,SLE,OR,ANM,WE,Federal Contract Tower,0,5,10,4,19,0,5,38,2,45,0,10,48,6,64,12,2,14,78
04/07/2018,SLE,OR,ANM,WE,Federal Contract Tower,0,0,2,0,2,0,0,0,0,0,0,0,2,0,2,0,0,0,2
04/08/2018,SLE,OR,ANM,WE,Federal Contract Tower,0,0,11,0,11,0,0,4,0,4,0,0,15,0,15,0,4,4,19
04/09/2018,SLE,OR,ANM,WE,Federal Contract Tower,0,5,36,8,49,0,20,89,4,113,0,25,125,12,162,86,4,90,252
04/10/2018,SLE,OR,ANM,WE,Federal Contract Tower,0,3,12,3,18,0,6,19,8,33,0,9,31,11,51,46,10,56,107
04/11/2018,SLE,OR,ANM,WE,Federal Contract Tower,0,9,17,0,26,0,7,5,11,23,0,16,22,11,49,6,18,24,73
04/12/2018,SLE,OR,ANM,WE,Federal Contract Tower,0,4,6,0,10,0,0,2,9,11,0,4,8,9,21,0,46,46,67
04/13/2018,SLE,OR,ANM,WE,Federal Contract Tower,0,4,7,5,16,0,5,6,1,12,0,9,13,6,28,8,2,10,38
04/14/2018,SLE,OR,ANM,WE,Federal Contract Tower,0,0,13,0,13,0,5,34,0,39,0,5,47,0,52,14,0,14,66
04/15/2018,SLE,OR,ANM,WE,Federal Contract Tower,0,0,8,0,8,0,0,0,0,0,0,0,8,0,8,0,0,0,8
04/16/2018,SLE,OR,ANM,WE,Federal Contract Tower,0,4,6,0,10,0,9,0,0,9,0,13,6,0,19,0,0,0,19
04/17/2018,SLE,OR,ANM,WE,Federal Contract Tower,0,2,18,10,30,0,11,32,0,43,0,13,50,10,73,20,10,30,103
04/18/2018,SLE,OR,ANM,WE,Federal Contract Tower,0,1,27,9,37,0,16,58,0,74,0,17,85,9,111,36,4,40,151
04/19/2018,SLE,OR,ANM,WE,Federal Contract Tower,0,3,32,10,45,0,16,91,3,110,0,19,123,13,155,56,2,58,213
04/20/2018,SLE,OR,ANM,WE,Federal Contract Tower,0,9,32,8,49,0,5,91,6,102,0,14,123,14,151,86,12,98,249
04/21/2018,SLE,OR,ANM,WE,Federal Contract Tower,0,0,28,0,28,0,7,77,0,84,0,7,105,0,112,22,0,22,134
04/22/2018,SLE,OR,ANM,WE,Federal Contract Tower,0,0,19,0,19,0,0,75,0,75,0,0,94,0,94,26,0,26,120
04/23/2018,SLE,OR,ANM,WE,Federal Contract Tower,0,1,9,0,10,0,8,42,0,50,0,9,51,0,60,26,0,26,86
04/24/2018,SLE,OR,ANM,WE,Federal Contract Tower,0,1,22,4,27,0,14,90,7,111,0,15,112,11,138,18,8,26,164
04/25/2018,SLE,OR,ANM,WE,Federal Contract Tower,0,2,20,3,25,0,10,97,7,114,0,12,117,10,139,52,16,68,207
04/26/2018,SLE,OR,ANM,WE,Federal Contract Tower,0,1,20,1,22,0,8,74,5,87,0,9,94,6,109,114,0,114,223
04/27/2018,SLE,OR,ANM,WE,Federal Contract Tower,0,5,13,2,20,0,2,5,2,9,0,7,18,4,29,0,0,0,29
04/28/2018,SLE,OR,ANM,WE,Federal Contract Tower,0,0,12,0,12,0,5,19,0,24,0,5,31,0,36,26,0,26,62
04/29/2018,SLE,OR,ANM,WE,Federal Contract Tower,0,1,12,0,13,0,3,14,0,17,0,4,26,0,30,0,0,0,30
04/30/2018,SLE,OR,ANM,WE,Federal Contract Tower,0,2,8,0,10,0,4,41,0,45,0,6,49,0,55,48,0,48,103
05/01/2018,SLE,OR,ANM,WE,Federal Contract Tower,0,6,24,2,32,0,8,49,2,59,0,14,73,4,91,34,2,36,127
05/02/2018,SLE,OR,ANM,WE,Federal Contract Tower,0,3,13,2,18,0,17,84,3,104,0,20,97,5,122,62,10,72,194
05/03/2018,SLE,OR,ANM,WE,Federal Contract Tower,0,2,34,3,39,0,16,74,5,95,0,18,108,8,134,64,0,64,198
05/04/2018,SLE,OR,ANM,WE,Federal Contract Tower,0,1,35,4,40,0,13,57,4,74,0,14,92,8,114,40,10,50,164
05/05/2018,SLE,OR,ANM,WE,Federal Contract Tower,0,0,19,0,19,0,2,75,2,79,0,2,94,2,98,58,0,58,156
05/06/2018,SLE,OR,ANM,WE,Federal Contract Tower,0,0,10,4,14,0,0,14,9,23,0,0,24,13,37,0,10,10,47
05/07/2018,SLE,OR,ANM,WE,Federal Contract Tower,0,3,13,0,16,0,8,45,0,53,0,11,58,0,69,66,0,66,135
05/08/2018,SLE,OR,ANM,WE,Federal Contract Tower,0,7,23,1,31,0,6,50,10,66,0,13,73,11,97,10,12,22,119
05/09/2018,SLE,OR,ANM,WE,Federal Contract Tower,0,4,32,1,37,0,4,31,3,38,0,8,63,4,75,18,4,22,97
05/10/2018,SLE,OR,ANM,WE,Federal Contract Tower,0,14,27,1,42,0,4,5,10,19,0,18,32,11,61,2,2,4,65
05/11/2018,SLE,OR,ANM,WE,Federal Contract Tower,0,3,24,2,29,0,4,57,1,62,0,7,81,3,91,20,0,20,111
05/12/2018,SLE,OR,ANM,WE,Federal Contract Tower,0,0,21,0,21,0,6,88,0,94,0,6,109,0,115,84,0,84,199
05/13/2018,SLE,OR,ANM,WE,Federal Contract Tower,0,1,16,0,17,0,0,51,0,51,0,1,67,0,68,78,0,78,146
05/14/2018,SLE,OR,ANM,WE,Federal Contract Tower,0,1,4,0,5,0,2,58,0,60,0,3,62,0,65,26,0,26,91
05/15/2018,SLE,OR,ANM,WE,Federal Contract Tower,0,4,14,18,36,0,3,31,5,39,0,7,45,23,75,18,2,20,95
05/16/2018,SLE,OR,ANM,WE,Federal Contract Tower,0,7,14,0,21,1,5,23,2,31,1,12,37,2,52,94,4,98,150
05/17/2018,SLE,OR,ANM,WE,Federal Contract Tower,0,2,8,3,13,0,8,40,4,52,0,10,48,7,65,46,2,48,113
05/18/2018,SLE,OR,ANM,WE,Federal Contract Tower,0,12,13,0,25,0,16,43,3,62,0,28,56,3,87,64,4,68,155
05/19/2018,SLE,OR,ANM,WE,Federal Contract Tower,0,0,8,0,8,0,2,30,4,36,0,2,38,4,44,20,0,20,64
05/20/2018,SLE,OR,ANM,WE,Federal Contract Tower,0,0,7,0,7,0,0,62,0,62,0,0,69,0,69,22,0,22,91
05/21/2018,SLE,OR,ANM,WE,Federal Contract Tower,0,2,20,0,22,0,7,46,0,53,0,9,66,0,75,12,0,12,87
05/22/2018,SLE,OR,ANM,WE,Federal Contract Tower,0,8,12,4,24,0,22,91,10,123,0,30,103,14,147,94,22,116,263
05/23/2018,SLE,OR,ANM,WE,Federal Contract Tower,0,1,25,2,28,0,14,75,7,96,0,15,100,9,124,26,6,32,156
05/24/2018,SLE,OR,ANM,WE,Federal Contract Tower,0,3,21,6,30,0,11,43,3,57,0,14,64,9,87,40,8,48,135
05/25/2018,SLE,OR,ANM,WE,Federal Contract Tower,0,0,20,0,20,0,17,47,4,68,0,17,67,4,88,0,12,12,100
05/26/2018,SLE,OR,ANM,WE,Federal Contract Tower,0,0,12,0,12,0,1,57,1,59,0,1,69,1,71,10,0,10,81
05/27/2018,SLE,OR,ANM,WE,Federal Contract Tower,0,0,16,0,16,0,2,59,0,61,0,2,75,0,77,22,0,22,99
05/28/2018,SLE,OR,ANM,WE,Federal Contract Tower,0,0,18,2,20,0,3,88,5,96,0,3,106,7,116,56,0,56,172
05/29/2018,SLE,OR,ANM,WE,Federal Contract Tower,0,2,30,7,39,0,3,65,2,70,0,5,95,9,109,36,4,40,149
05/30/2018,SLE,OR,ANM,WE,Federal Contract Tower,0,3,23,3,29,0,19,62,4,85,0,22,85,7,114,36,0,36,150
05/31/2018,SLE,OR,ANM,WE,Federal Contract Tower,0,1,39,1,41,0,11,71,6,88,0,12,110,7,129,80,0,80,209
06/01/2018,SLE,OR,ANM,WE,Federal Contract Tower,0,2,34,6,42,0,12,93,6,111,0,14,127,12,153,46,10,56,209
06/02/2018,SLE,OR,ANM,WE,Federal Contract Tower,0,0,19,0,19,0,0,71,5,76,0,0,90,5,95,6,0,6,101
06/03/2018,SLE,OR,ANM,WE,Federal Contract Tower,0,0,21,0,21,0,4,51,5,60,0,4,72,5,81,28,10,38,119
06/04/2018,SLE,OR,ANM,WE,Federal Contract Tower,0,5,9,2,16,0,9,50,4,63,0,14,59,6,79,44,0,44,123
06/05/2018,SLE,OR,ANM,WE,Federal Contract Tower,0,3,21,8,32,0,16,99,11,126,0,19,120,19,158,74,24,98,256
06/06/2018,SLE,OR,ANM,WE,Federal Contract Tower,0,2,25,2,29,0,15,74,10,99,0,17,99,12,128,56,26,82,210
06/07/2018,SLE,OR,ANM,WE,Federal Contract Tower,0,9,40,5,54,0,13,62,11,86,0,22,102,16,140,94,6,100,240
06/08/2018,SLE,OR,ANM,WE,Federal Contract Tower,0,11,15,4,30,0,3,38,12,53,0,14,53,16,83,36,18,54,137
06/09/2018,SLE,OR,ANM,WE,Federal Contract Tower,0,0,10,0,10,0,3,4,2,9,0,3,14,2,19,0,0,0,19
06/10/2018,SLE,OR,ANM,WE,Federal Contract Tower,0,0,4,0,4,0,2,5,1,8,0,2,9,1,12,0,0,0,12
06/11/2018,SLE,OR,ANM,WE,Federal Contract Tower,0,2,35,0,37,0,8,84,0,92,0,10,119,0,129,56,0,56,185
06/12/2018,SLE,OR,ANM,WE,Federal Contract Tower,0,3,16,4,23,0,6,85,12,103,0,9,101,16,126,102,24,126,252
06/13/2018,SLE,OR,ANM,WE,Federal Contract Tower,0,3,14,4,21,0,3,16,2,21,0,6,30,6,42,2,0,2,44
06/14/2018,SLE,OR,ANM,WE,Federal Contract Tower,0,3,22,2,27,0,11,59,12,82,0,14,81,14,109,56,14,70,179
06/15/2018,SLE,OR,ANM,WE,Federal Contract Tower,0,7,22,5,34,0,13,58,2,73,0,20,80,7,107,24,0,24,131
06/16/2018,SLE,OR,ANM,WE,Federal Contract Tower,0,0,20,2,22,0,4,58,0,62,0,4,78,2,84,18,0,18,102
06/17/2018,SLE,OR,ANM,WE,Federal Contract Tower,0,0,15,0,15,0,1,68,1,70,0,1,83,1,85,38,0,38,123
06/18/2018,SLE,OR,ANM,WE,Federal Contract Tower,0,4,22,0,26,0,13,68,6,87,0,17,90,6,113,6,0,6,119
06/19/2018,SLE,OR,ANM,WE,Federal Contract Tower,0,1,16,3,20,0,8,47,10,65,0,9,63,13,85,16,30,46,131
06/20/2018,SLE,OR,ANM,WE,Federal Contract Tower,0,2,14,2,18,0,8,72,6,86,0,10,86,8,104,28,24,52,156
06/21/2018,SLE,OR,ANM,WE,Federal Contract Tower,0,6,25,6,37,0,13,31,3,47,0,19,56,9,84,32,10,42,126
06/22/2018,SLE,OR,ANM,WE,Federal Contract Tower,0,2,37,2,41,0,18,66,11,95,0,20,103,13,136,30,0,30,166
06/23/2018,SLE,OR,ANM,WE,Federal Contract Tower,0,1,10,2,13,0,15,70,0,85,0,16,80,2,98,10,0,10,108
06/24/2018,SLE,OR,ANM,WE,Federal Contract Tower,0,1,17,0,18,0,2,93,1,96,0,3,110,1,114,10,0,10,124
06/25/2018,SLE,OR,ANM,WE,Federal Contract Tower,0,4,22,2,28,0,11,39,0,50,0,15,61,2,78,18,0,18,96
06/26/2018,SLE,OR,ANM,WE,Federal Contract Tower,0,2,23,5,30,0,32,66,5,103,0,34,89,10,133,8,2,10,143
06/27/2018,SLE,OR,ANM,WE,Federal Contract Tower,0,1,20,1,22,0,17,80,1,98,0,18,100,2,120,42,0,42,162
06/28/2018,SLE,OR,ANM,WE,Federal Contract Tower,0,1,38,2,41,0,23,79,6,108,0,24,117,8,149,59,12,71,220
06/29/2018,SLE,OR,ANM,WE,Federal Contract Tower,0,1,24,2,27,0,15,60,1,76,0,16,84,3,103,12,0,12,115
06/30/2018,SLE,OR,ANM,WE,Federal Contract Tower,0,0,6,2,8,0,6,69,0,75,0,6,75,2,83,62,0,62,145
07/01/2018,SLE,OR,ANM,WE,Federal Contract Tower,0,0,14,0,14,0,0,64,0,64,0,0,78,0,78,16,0,16,94
07/02/2018,SLE,OR,ANM,WE,Federal Contract Tower,0,3,5,2,10,0,7,54,3,64,0,10,59,5,74,34,0,34,108
07/03/2018,SLE,OR,ANM,WE,Federal Contract Tower,0,3,11,0,14,0,12,58,0,70,0,15,69,0,84,8,0,8,92
07/04/2018,SLE,OR,ANM,WE,Federal Contract Tower,0,0,0,0,0,0,3,33,0,36,0,3,33,0,36,28,0,28,64
07/05/2018,SLE,OR,ANM,WE,Federal Contract Tower,0,0,8,0,8,0,7,46,2,55,0,7,54,2,63,24,0,24,87
07/06/2018,SLE,OR,ANM,WE,Federal Contract Tower,0,6,5,0,11,0,10,40,4,54,0,16,45,4,65,24,0,24,89
07/07/2018,SLE,OR,ANM,WE,Federal Contract Tower,0,0,5,0,5,0,2,53,0,55,0,2,58,0,60,16,0,16,76
07/08/2018,SLE,OR,ANM,WE,Federal Contract Tower,0,4,3,0,7,0,2,60,4,66,0,6,63,4,73,32,0,32,105
07/09/2018,SLE,OR,ANM,WE,Federal Contract Tower,0,10,15,0,25,0,6,22,0,28,0,16,37,0,53,32,0,32,85
07/10/2018,SLE,OR,ANM,WE,Federal Contract Tower,0,3,12,1,16,0,6,81,22,109,0,9,93,23,125,28,0,28,153
07/11/2018,SLE,OR,ANM,WE,Federal Contract Tower,0,1,12,5,18,0,14,54,2,70,0,15,66,7,88,28,0,28,116
07/12/2018,SLE,OR,ANM,WE,Federal Contract Tower,0,3,11,1,15,0,19,71,14,104,0,22,82,15,119,28,28,56,175
07/13/2018,SLE,OR,ANM,WE,Federal Contract Tower,0,1,17,5,23,0,68,86,7,161,0,69,103,12,184,8,5,13,197
07/14/2018,SLE,OR,ANM,WE,Federal Contract Tower,0,0,0,2,2,0,0,76,5,81,0,0,76,7,83,20,6,26,109
07/15/2018,SLE,OR,ANM,WE,Federal Contract Tower,0,2,9,0,11,0,5,56,5,66,0,7,65,5,77,0,0,0,77
07/16/2018,SLE,OR,ANM,WE,Federal Contract Tower,0,0,0,0,0,0,4,2,1,7,0,4,2,1,7,0,0,0,7
07/17/2018,SLE,OR,ANM,WE,Federal Contract Tower,0,0,0,1,1,0,1,10,7,18,0,1,10,8,19,2,0,2,21
07/18/2018,SLE,OR,ANM,WE,Federal Contract Tower,0,0,1,0,1,0,8,6,4,18,0,8,7,4,19,0,6,6,25
07/20/2018,SLE,OR,ANM,WE,Federal Contract Tower,0,2,4,0,6,0,18,67,4,89,0,20,71,4,95,70,0,70,165
07/21/2018,SLE,OR,ANM,WE,Federal Contract Tower,0,1,3,0,4,0,10,80,8,98,0,11,83,8,102,52,0,52,154
07/22/2018,SLE,OR,ANM,WE,Federal Contract Tower,0,0,2,0,2,0,0,70,1,71,0,0,72,1,73,10,0,10,83
07/23/2018,SLE,OR,ANM,WE,Federal Contract Tower,0,3,3,3,9,0,7,28,6,41,0,10,31,9,50,21,0,21,71
07/24/2018,SLE,OR,ANM,WE,Federal Contract Tower,0,1,3,2,6,0,10,48,6,64,0,11,51,8,70,34,0,34,104
07/25/2018,SLE,OR,ANM,WE,Federal Contract Tower,0,2,13,1,16,0,11,59,14,84,0,13,72,15,100,46,0,46,146
07/26/2018,SLE,OR,ANM,WE,Federal Contract Tower,0,3,7,1,11,0,12,63,7,82,0,15,70,8,93,20,2,22,115
07/27/2018,SLE,OR,ANM,WE,Federal Contract Tower,0,3,9,3,15,0,8,50,1,59,0,11,59,4,74,62,0,62,136
07/28/2018,SLE,OR,ANM,WE,Federal Contract Tower,0,4,11,0,15,0,3,89,0,92,0,7,100,0,107,32,0,32,139
07/29/2018,SLE,OR,ANM,WE,Federal Contract Tower,0,0,7,1,8,0,11,62,0,73,0,11,69,1,81,56,0,56,137
07/30/2018,SLE,OR,ANM,WE,Federal Contract Tower,0,6,6,2,14,0,12,46,17,75,0,18,52,19,89,24,16,40,129
07/31/2018,SLE,OR,ANM,WE,Federal Contract Tower,0,0,6,2,8,0,18,68,3,89,0,18,74,5,97,80,0,80,177
08/01/2018,SLE,OR,ANM,WE,Federal Contract Tower,0,2,1,3,6,0,7,41,10,58,0,9,42,13,64,68,4,72,136
08/02/2018,SLE,OR,ANM,WE,Federal Contract Tower,0,6,16,4,26,0,6,46,1,53,0,12,62,5,79,36,2,38,117
08/03/2018,SLE,OR,ANM,WE,Federal Contract Tower,0,5,11,1,17,0,6,60,0,66,0,11,71,1,83,28,0,28,111
08/04/2018,SLE,OR,ANM,WE,Federal Contract Tower,0,0,2,1,3,0,3,173,3,179,0,3,175,4,182,56,0,56,238
08/05/2018,SLE,OR,ANM,WE,Federal Contract Tower,0,0,13,2,15,0,3,64,5,72,0,3,77,7,87,8,0,8,95
08/06/2018,SLE,OR,ANM,WE,Federal Contract Tower,0,2,8,0,10,0,12,47,5,64,0,14,55,5,74,32,0,32,106
08/07/2018,SLE,OR,ANM,WE,Federal Contract Tower,0,2,14,1,17,0,8,52,1,61,0,10,66,2,78,42,0,42,120
08/08/2018,SLE,OR,ANM,WE,Federal Contract Tower,0,2,16,2,20,0,9,59,9,77,0,11,75,11,97,17,0,17,114
08/09/2018,SLE,OR,ANM,WE,Federal Contract Tower,0,2,10,0,12,0,11,130,5,146,0,13,140,5,158,12,0,12,170
08/10/2018,SLE,OR,ANM,WE,Federal Contract Tower,0,1,13,0,14,0,5,65,3,73,0,6,78,3,87,30,0,30,117
08/11/2018,SLE,OR,ANM,WE,Federal Contract Tower,0,0,12,0,12,0,0,35,0,35,0,0,47,0,47,22,0,22,69
08/12/2018,SLE,OR,ANM,WE,Federal Contract Tower,0,2,3,1,6,0,1,61,3,65,0,3,64,4,71,30,0,30,101
08/13/2018,SLE,OR,ANM,WE,Federal Contract Tower,0,0,15,2,17,0,3,41,0,44,0,3,56,2,61,12,0,12,73
08/14/2018,SLE,OR,ANM,WE,Federal Contract Tower,0,4,17,2,23,0,4,20,5,29,0,8,37,7,52,34,2,36,88
08/15/2018,SLE,OR,ANM,WE,Federal Contract Tower,0,4,9,2,15,0,14,12,3,29,0,18,21,5,44,12,2,14,58
08/16/2018,SLE,OR,ANM,WE,Federal Contract Tower,0,5,29,4,38,0,16,28,2,46,0,21,57,6,84,72,0,72,156
08/17/2018,SLE,OR,ANM,WE,Federal Contract Tower,0,1,12,2,15,0,21,80,5,106,0,22,92,7,121,60,2,62,183
08/18/2018,SLE,OR,ANM,WE,Federal Contract Tower,0,2,12,0,14,0,3,112,0,115,0,5,124,0,129,76,0,76,205
08/19/2018,SLE,OR,ANM,WE,Federal Contract Tower,0,0,14,0,14,0,0,70,0,70,0,0,84,0,84,70,0,70,154
08/20/2018,SLE,OR,ANM,WE,Federal Contract Tower,0,6,28,0,34,0,8,27,0,35,0,14,55,0,69,40,0,40,109
08/21/2018,SLE,OR,ANM,WE,Federal Contract Tower,0,4,16,2,22,0,11,26,6,43,0,15,42,8,65,40,16,56,121
08/22/2018,SLE,OR,ANM,WE,Federal Contract Tower,0,9,27,1,37,0,12,32,0,44,0,21,59,1,81,40,0,40,121
08/23/2018,SLE,OR,ANM,WE,Federal Contract Tower,0,12,29,4,45,0,0,4,0,4,0,12,33,4,49,40,0,40,89
08/24/2018,SLE,OR,ANM,WE,Federal Contract Tower,0,5,20,1,26,0,13,45,5,63,0,18,65,6,89,44,8,52,141
08/25/2018,SLE,OR,ANM,WE,Federal Contract Tower,0,1,16,0,17,0,2,78,0,80,0,3,94,0,97,38,0,38,135
08/26/2018,SLE,OR,ANM,WE,Federal Contract Tower,0,2,17,0,19,0,0,31,0,31,0,2,48,0,50,36,0,36,86
08/27/2018,SLE,OR,ANM,WE,Federal Contract Tower,0,3,21,0,24,0,14,27,0,41,0,17,48,0,65,28,0,28,93
08/28/2018,SLE,OR,ANM,WE,Federal Contract Tower,0,2,18,1,21,0,15,75,4,94,0,17,93,5,115,64,12,76,191
08/29/2018,SLE,OR,ANM,WE,Federal Contract Tower,0,5,33,2,40,0,5,63,6,74,0,10,96,8,114,48,16,64,178
08/30/2018,SLE,OR,ANM,WE,Federal Contract Tower,0,3,27,2,32,0,10,47,9,66,0,13,74,11,98,58,8,66,164
08/31/2018,SLE,OR,ANM,WE,Federal Contract Tower,1,11,12,0,24,0,7,73,0,80,1,18,85,0,104,96,0,96,200
09/01/2018,SLE,OR,ANM,WE,Federal Contract Tower,0,0,13,0,13,0,0,105,0,105,0,0,118,0,118,30,0,30,148
09/02/2018,SLE,OR,ANM,WE,Federal Contract Tower,0,0,14,0,14,0,0,48,2,50,0,0,62,2,64,34,0,34,98
09/03/2018,SLE,OR,ANM,WE,Federal Contract Tower,0,0,11,0,11,0,1,65,1,67,0,1,76,1,78,44,0,44,122
09/04/2018,SLE,OR,ANM,WE,Federal Contract Tower,0,1,11,1,13,0,10,53,3,66,0,11,64,4,79,12,6,18,97
09/05/2018,SLE,OR,ANM,WE,Federal Contract Tower,0,0,8,2,10,0,10,68,3,81,0,10,76,5,91,106,2,108,199
09/06/2018,SLE,OR,ANM,WE,Federal Contract Tower,0,15,20,0,35,0,16,58,0,74,0,31,78,0,109,42,0,42,151
09/07/2018,SLE,OR,ANM,WE,Federal Contract Tower,0,3,6,4,13,0,14,70,2,86,0,17,76,6,99,40,18,58,157
09/08/2018,SLE,OR,ANM,WE,Federal Contract Tower,0,3,21,5,29,0,3,47,4,54,0,6,68,9,83,42,8,50,133
09/09/2018,SLE,OR,ANM,WE,Federal Contract Tower,0,1,15,1,17,0,1,69,7,77,0,2,84,8,94,30,0,30,124
09/10/2018,SLE,OR,ANM,WE,Federal Contract Tower,0,0,0,0,0,0,7,4,11,22,0,7,4,11,22,0,16,16,38
09/11/2018,SLE,OR,ANM,WE,Federal Contract Tower,0,0,1,0,1,0,7,3,10,20,0,7,4,10,21,0,14,14,35
09/12/2018,SLE,OR,ANM,WE,Federal Contract Tower,0,3,6,1,10,0,13,27,3,43,0,16,33,4,53,32,0,32,85
09/13/2018,SLE,OR,ANM,WE,Federal Contract Tower,0,2,6,2,10,0,10,14,4,28,0,12,20,6,38,2,4,6,44
09/14/2018,SLE,OR,ANM,WE,Federal Contract Tower,0,2,4,1,7,0,17,59,8,84,0,19,63,9,91,48,8,56,147
09/15/2018,SLE,OR,ANM,WE,Federal Contract Tower,0,0,9,0,9,0,0,25,3,28,0,0,34,3,37,26,0,26,63
09/16/2018,SLE,OR,ANM,WE,Federal Contract Tower,0,0,5,0,5,0,0,20,0,20,0,0,25,0,25,6,0,6,31
09/17/2018,SLE,OR,ANM,WE,Federal Contract Tower,0,1,4,3,8,0,10,34,0,44,0,11,38,3,52,44,0,44,96
09/18/2018,SLE,OR,ANM,WE,Federal Contract Tower,0,2,6,4,12,0,10,50,3,63,0,12,56,7,75,32,0,32,107
09/19/2018,SLE,OR,ANM,WE,Federal Contract Tower,0,2,9,3,14,0,18,77,9,104,0,20,86,12,118,36,8,44,162
09/20/2018,SLE,OR,ANM,WE,Federal Contract Tower,0,4,5,1,10,0,5,61,15,81,0,9,66,16,91,62,0,62,153
09/21/2018,SLE,OR,ANM,WE,Federal Contract Tower,0,2,6,2,10,0,16,77,8,101,0,18,83,10,111,30,4,34,145
09/22/2018,SLE,OR,ANM,WE,Federal Contract Tower,0,0,3,0,3,0,0,24,1,25,0,0,27,1,28,6,0,6,34
09/23/2018,SLE,OR,ANM,WE,Federal Contract Tower,0,0,6,0,6,0,0,86,2,88,0,0,92,2,94,40,0,40,134
09/24/2018,SLE,OR,ANM,WE,Federal Contract Tower,0,1,8,2,11,0,13,57,11,81,0,14,65,13,92,22,2,24,116
09/25/2018,SLE,OR,ANM,WE,Federal Contract Tower,0,10,16,3,29,0,14,81,8,103,0,24,97,11,132,46,12,58,190
09/26/2018,SLE,OR,ANM,WE,Federal Contract Tower,0,6,18,2,26,0,26,78,19,123,0,32,96,21,149,72,28,100,249
09/27/2018,SLE,OR,ANM,WE,Federal Contract Tower,0,0,10,5,15,0,22,80,7,109,0,22,90,12,124,42,10,52,176
09/28/2018,SLE,OR,ANM,WE,Federal Contract Tower,0,2,11,2,15,0,15,88,5,108,0,17,99,7,123,20,2,22,145
09/29/2018,SLE,OR,ANM,WE,Federal Contract Tower,0,1,6,0,7,0,1,53,0,54,0,2,59,0,61,74,0,74,135
09/30/2018,SLE,OR,ANM,WE,Federal Contract Tower,0,1,18,0,19,0,0,32,0,32,0,1,50,0,51,20,0,20,71
10/01/2018,SLE,OR,ANM,WE,Federal Contract Tower,0,1,14,2,17,0,14,34,0,48,0,15,48,2,65,24,0,24,89
10/02/2018,SLE,OR,ANM,WE,Federal Contract Tower,0,4,15,2,21,0,10,46,10,66,0,14,61,12,87,36,0,36,123
10/03/2018,SLE,OR,ANM,WE,Federal Contract Tower,0,4,14,4,22,0,9,73,1,83,0,13,87,5,105,72,0,72,177
10/04/2018,SLE,OR,ANM,WE,Federal Contract Tower,0,4,26,4,34,0,6,56,1,63,0,10,82,5,97,88,0,88,185
10/05/2018,SLE,OR,ANM,WE,Federal Contract Tower,0,6,11,2,19,0,0,3,2,5,0,6,14,4,24,8,0,8,32
10/06/2018,SLE,OR,ANM,WE,Federal Contract Tower,0,0,4,0,4,0,0,43,0,43,0,0,47,0,47,34,0,34,81
10/07/2018,SLE,OR,ANM,WE,Federal Contract Tower,0,0,6,0,6,0,0,17,0,17,0,0,23,0,23,26,0,26,49
10/08/2018,SLE,OR,ANM,WE,Federal Contract Tower,0,4,9,0,13,0,0,1,0,1,0,4,10,0,14,0,0,0,14
10/09/2018,SLE,OR,ANM,WE,Federal Contract Tower,0,5,11,5,21,0,12,45,7,64,0,17,56,12,85,18,0,18,103
10/10/2018,SLE,OR,ANM,WE,Federal Contract Tower,0,6,14,7,27,0,9,27,4,40,0,15,41,11,67,50,10,60,127
10/11/2018,SLE,OR,ANM,WE,Federal Contract Tower,0,3,9,4,16,0,10,45,12,67,0,13,54,16,83,74,10,84,167
10/12/2018,SLE,OR,ANM,WE,Federal Contract Tower,0,8,24,7,39,0,8,88,7,103,0,16,112,14,142,50,0,50,192
10/13/2018,SLE,OR,ANM,WE,Federal Contract Tower,0,0,3,3,6,0,0,57,7,64,0,0,60,10,70,48,2,50,120
10/15/2018,SLE,OR,ANM,WE,Federal Contract Tower,0,3,17,2,22,0,13,67,8,88,0,16,84,10,110,64,0,64,174
10/16/2018,SLE,OR,ANM,WE,Federal Contract Tower,0,2,21,4,27,0,16,47,7,70,0,18,68,11,97,32,0,32,129
10/17/2018,SLE,OR,ANM,WE,Federal Contract Tower,0,2,28,4,34,0,21,76,3,100,0,23,104,7,134,56,0,56,190
10/18/2018,SLE,OR,ANM,WE,Federal Contract Tower,0,7,15,5,27,0,24,65,6,95,0,31,80,11,122,76,4,80,202
10/19/2018,SLE,OR,ANM,WE,Federal Contract Tower,0,10,14,4,28,0,16,58,3,77,0,26,72,7,105,46,4,50,155
10/20/2018,SLE,OR,ANM,WE,Federal Contract Tower,0,1,10,0,11,0,6,32,0,38,0,7,42,0,49,16,0,16,65
10/21/2018,SLE,OR,ANM,WE,Federal Contract Tower,0,4,12,0,16,0,2,65,0,67,0,6,77,0,83,38,0,38,121
10/22/2018,SLE,OR,ANM,WE,Federal Contract Tower,0,1,27,4,32,0,13,27,11,51,0,14,54,15,83,36,8,44,127
10/23/2018,SLE,OR,ANM,WE,Federal Contract Tower,1,7,14,1,23,0,12,5,8,25,1,19,19,9,48,8,38,46,94
10/24/2018,SLE,OR,ANM,WE,Federal Contract Tower,0,5,28,0,33,0,14,11,1,26,0,19,39,1,59,62,0,62,121
10/25/2018,SLE,OR,ANM,WE,Federal Contract Tower,0,4,23,3,30,0,8,9,11,28,0,12,32,14,58,28,4,32,90
10/26/2018,SLE,OR,ANM,WE,Federal Contract Tower,0,3,21,2,26,0,9,3,0,12,0,12,24,2,38,8,0,8,46
10/27/2018,SLE,OR,ANM,WE,Federal Contract Tower,0,0,15,0,15,0,0,16,0,16,0,0,31,0,31,36,0,36,67
10/28/2018,SLE,OR,ANM,WE,Federal Contract Tower,0,2,5,0,7,0,0,19,0,19,0,2,24,0,26,20,0,20,46
10/29/2018,SLE,OR,ANM,WE,Federal Contract Tower,0,2,5,1,8,0,4,14,2,20,0,6,19,3,28,0,0,0,28
10/30/2018,SLE,OR,ANM,WE,Federal Contract Tower,0,8,14,1,23,0,7,44,3,54,0,15,58,4,77,42,0,42,119
10/31/2018,SLE,OR,ANM,WE,Federal Contract Tower,0,8,13,0,21,0,1,2,0,3,0,9,15,0,24,6,0,6,30
11/01/2018,SLE,OR,ANM,WE,Federal Contract Tower,0,5,16,0,21,0,6,28,2,36,0,11,44,2,57,35,10,45,102
11/02/2018,SLE,OR,ANM,WE,Federal Contract Tower,0,1,11,1,13,0,10,36,11,57,0,11,47,12,70,60,6,66,136
11/03/2018,SLE,OR,ANM,WE,Federal Contract Tower,0,0,12,7,19,0,0,57,18,75,0,0,69,25,94,70,22,92,186
11/04/2018,SLE,OR,ANM,WE,Federal Contract Tower,0,0,12,5,17,0,0,25,0,25,0,0,37,5,42,10,0,10,52
11/05/2018,SLE,OR,ANM,WE,Federal Contract Tower,0,3,16,5,24,0,10,20,5,35,0,13,36,10,59,30,6,36,95
11/06/2018,SLE,OR,ANM,WE,Federal Contract Tower,0,3,16,7,26,0,13,41,9,63,0,16,57,16,89,14,8,22,111
11/07/2018,SLE,OR,ANM,WE,Federal Contract Tower,0,3,38,2,43,0,4,43,8,55,0,7,81,10,98,38,0,38,136
11/08/2018,SLE,OR,ANM,WE,Federal Contract Tower,0,2,37,3,42,0,12,71,11,94,0,14,108,14,136,62,20,82,218
11/09/2018,SLE,OR,ANM,WE,Federal Contract Tower,0,4,18,0,22,0,2,73,2,77,0,6,91,2,99,34,6,40,139
11/10/2018,SLE,OR,ANM,WE,Federal Contract Tower,0,0,21,0,21,0,0,40,3,43,0,0,61,3,64,42,0,42,106
11/11/2018,SLE,OR,ANM,WE,Federal Contract Tower,0,0,11,0,11,0,0,88,5,93,0,0,99,5,104,36,0,36,140
11/12/2018,SLE,OR,ANM,WE,Federal Contract Tower,0,3,14,0,17,0,1,63,6,70,0,4,77,6,87,62,0,62,149
11/13/2018,SLE,OR,ANM,WE,Federal Contract Tower,0,6,13,4,23,0,5,56,5,66,0,11,69,9,89,52,0,52,141
11/14/2018,SLE,OR,ANM,WE,Federal Contract Tower,0,5,12,2,19,0,0,5,3,8,0,5,17,5,27,22,0,22,49
11/15/2018,SLE,OR,ANM,WE,Federal Contract Tower,0,5,21,2,28,0,6,11,0,17,0,11,32,2,45,22,0,22,67
11/16/2018,SLE,OR,ANM,WE,Federal Contract Tower,0,5,12,7,24,0,20,54,2,76,0,25,66,9,100,54,0,54,154
11/17/2018,SLE,OR,ANM,WE,Federal Contract Tower,0,0,26,0,26,0,2,74,0,76,0,2,100,0,102,22,0,22,124
11/18/2018,SLE,OR,ANM,WE,Federal Contract Tower,0,2,26,0,28,0,3,83,0,86,0,5,109,0,114,46,0,46,160
11/19/2018,SLE,OR,ANM,WE,Federal Contract Tower,0,2,22,5,29,0,13,59,6,78,0,15,81,11,107,34,12,46,153
11/20/2018,SLE,OR,ANM,WE,Federal Contract Tower,0,3,41,4,48,0,10,68,6,84,0,13,109,10,132,28,14,42,174
11/21/2018,SLE,OR,ANM,WE,Federal Contract Tower,0,6,15,0,21,0,2,5,6,13,0,8,20,6,34,0,0,0,34
11/22/2018,SLE,OR,ANM,WE,Federal Contract Tower,0,0,0,0,0,0,0,1,0,1,0,0,1,0,1,0,0,0,1
11/23/2018,SLE,OR,ANM,WE,Federal Contract Tower,0,6,0,0,6,0,2,4,0,6,0,8,4,0,12,2,0,2,14
11/24/2018,SLE,OR,ANM,WE,Federal Contract Tower,0,0,12,0,12,0,0,0,0,0,0,0,12,0,12,0,0,0,12
11/25/2018,SLE,OR,ANM,WE,Federal Contract Tower,0,0,12,0,12,0,0,1,0,1,0,0,13,0,13,0,0,0,13
11/26/2018,SLE,OR,ANM,WE,Federal Contract Tower,0,7,12,4,23,0,3,16,7,26,0,10,28,11,49,20,0,20,69
11/27/2018,SLE,OR,ANM,WE,Federal Contract Tower,0,9,3,8,20,0,12,6,10,28,0,21,9,18,48,6,18,24,72
11/28/2018,SLE,OR,ANM,WE,Federal Contract Tower,0,12,13,2,27,0,1,12,2,15,0,13,25,4,42,74,0,74,116
11/29/2018,SLE,OR,ANM,WE,Federal Contract Tower,0,13,19,1,33,0,2,29,6,37,0,15,48,7,70,76,0,76,146
11/30/2018,SLE,OR,ANM,WE,Federal Contract Tower,0,11,8,2,21,0,5,10,2,17,0,16,18,4,38,26,2,28,66
12/01/2018,SLE,OR,ANM,WE,Federal Contract Tower,0,0,5,0,5,0,0,13,0,13,0,0,18,0,18,2,0,2,20
12/02/2018,SLE,OR,ANM,WE,Federal Contract Tower,0,0,15,0,15,0,0,30,0,30,0,0,45,0,45,98,0,98,143
12/03/2018,SLE,OR,ANM,WE,Federal Contract Tower,0,6,45,3,54,0,8,42,2,52,0,14,87,5,106,40,2,42,148
12/04/2018,SLE,OR,ANM,WE,Federal Contract Tower,0,2,22,4,28,0,29,66,7,102,0,31,88,11,130,70,10,80,210
12/05/2018,SLE,OR,ANM,WE,Federal Contract Tower,0,3,25,0,28,0,14,92,2,108,0,17,117,2,136,46,0,46,182
12/06/2018,SLE,OR,ANM,WE,Federal Contract Tower,0,6,17,4,27,0,19,70,14,103,0,25,87,18,130,92,6,98,228
12/07/2018,SLE,OR,ANM,WE,Federal Contract Tower,0,4,26,2,32,0,15,68,0,83,0,19,94,2,115,64,0,64,179
12/08/2018,SLE,OR,ANM,WE,Federal Contract Tower,0,0,16,2,18,0,0,2,0,2,0,0,18,2,20,0,0,0,20
12/09/2018,SLE,OR,ANM,WE,Federal Contract Tower,0,0,16,0,16,0,0,4,0,4,0,0,20,0,20,0,0,0,20
12/10/2018,SLE,OR,ANM,WE,Federal Contract Tower,0,5,10,4,19,0,9,12,0,21,0,14,22,4,40,20,0,20,60
12/11/2018,SLE,OR,ANM,WE,Federal Contract Tower,0,4,4,2,10,0,0,2,0,2,0,4,6,2,12,0,2,2,14
12/12/2018,SLE,OR,ANM,WE,Federal Contract Tower,0,4,12,4,20,0,14,25,2,41,0,18,37,6,61,70,0,70,131
12/13/2018,SLE,OR,ANM,WE,Federal Contract Tower,0,5,22,2,29,0,18,62,11,91,0,23,84,13,120,94,0,94,214
12/14/2018,SLE,OR,ANM,WE,Federal Contract Tower,0,7,10,2,19,0,14,9,0,23,0,21,19,2,42,46,8,54,96
12/15/2018,SLE,OR,ANM,WE,Federal Contract Tower,0,1,13,0,14,0,4,66,0,70,0,5,79,0,84,68,0,68,152
12/16/2018,SLE,OR,ANM,WE,Federal Contract Tower,0,0,10,0,10,0,0,1,0,1,0,0,11,0,11,0,0,0,11
12/17/2018,SLE,OR,ANM,WE,Federal Contract Tower,0,11,14,1,26,0,7,25,10,42,0,18,39,11,68,26,2,28,96
12/18/2018,SLE,OR,ANM,WE,Federal Contract Tower,0,6,12,3,21,0,0,5,9,14,0,6,17,12,35,40,6,46,81
12/19/2018,SLE,OR,ANM,WE,Federal Contract Tower,0,8,35,0,43,0,11,35,19,65,0,19,70,19,108,44,44,88,196
12/20/2018,SLE,OR,ANM,WE,Federal Contract Tower,0,4,8,2,14,0,1,1,9,11,0,5,9,11,25,0,12,12,37
12/21/2018,SLE,OR,ANM,WE,Federal Contract Tower,0,4,7,1,12,0,12,51,0,63,0,16,58,1,75,68,0,68,143
12/22/2018,SLE,OR,ANM,WE,Federal Contract Tower,0,2,9,0,11,0,1,13,0,14,0,3,22,0,25,20,0,20,45
12/23/2018,SLE,OR,ANM,WE,Federal Contract Tower,0,3,3,0,6,0,0,0,0,0,0,3,3,0,6,0,0,0,6
12/24/2018,SLE,OR,ANM,WE,Federal Contract Tower,0,3,0,0,3,0,1,0,0,1,0,4,0,0,4,0,0,0,4
12/25/2018,SLE,OR,ANM,WE,Federal Contract Tower,0,0,2,0,2,0,0,9,0,9,0,0,11,0,11,8,0,8,19
12/26/2018,SLE,OR,ANM,WE,Federal Contract Tower,0,4,7,0,11,0,3,0,0,3,0,7,7,0,14,4,0,4,18
12/27/2018,SLE,OR,ANM,WE,Federal Contract Tower,0,3,11,0,14,0,6,41,0,47,0,9,52,0,61,106,0,106,167
12/28/2018,SLE,OR,ANM,WE,Federal Contract Tower,0,4,3,0,7,0,5,9,0,14,0,9,12,0,21,46,0,46,67
12/29/2018,SLE,OR,ANM,WE,Federal Contract Tower,0,2,3,0,5,0,0,11,0,11,0,2,14,0,16,26,0,26,42
12/30/2018,SLE,OR,ANM,WE,Federal Contract Tower,0,0,13,0,13,0,1,33,0,34,0,1,46,0,47,52,0,52,99
12/31/2018,SLE,OR,ANM,WE,Federal Contract Tower,0,2,13,0,15,0,5,27,0,32,0,7,40,0,47,28,0,28,75
01/01/2019,SLE,OR,ANM,WE,Federal Contract Tower,0,2,8,0,10,0,3,61,0,64,0,5,69,0,74,32,0,32,106
01/02/2019,SLE,OR,ANM,WE,Federal Contract Tower,0,2,9,2,13,0,4,42,0,46,0,6,51,2,59,44,0,44,103
01/03/2019,SLE,OR,ANM,WE,Federal Contract Tower,0,3,8,0,11,0,7,27,0,34,0,10,35,0,45,32,6,38,83
01/04/2019,SLE,OR,ANM,WE,Federal Contract Tower,0,6,12,3,21,0,0,25,0,25,0,6,37,3,46,58,0,58,104
01/05/2019,SLE,OR,ANM,WE,Federal Contract Tower,0,0,12,0,12,0,0,0,0,0,0,0,12,0,12,0,0,0,12
01/06/2019,SLE,OR,ANM,WE,Federal Contract Tower,0,0,6,0,6,0,0,4,0,4,0,0,10,0,10,0,0,0,10
01/07/2019,SLE,OR,ANM,WE,Federal Contract Tower,0,3,13,4,20,0,9,41,13,63,0,12,54,17,83,18,2,20,103
01/08/2019,SLE,OR,ANM,WE,Federal Contract Tower,0,9,12,2,23,0,13,12,15,40,0,22,24,17,63,26,26,52,115
01/09/2019,SLE,OR,ANM,WE,Federal Contract Tower,0,6,12,0,18,0,3,15,8,26,0,9,27,8,44,24,2,26,70
01/10/2019,SLE,OR,ANM,WE,Federal Contract Tower,0,2,26,2,30,0,19,38,21,78,0,21,64,23,108,46,6,52,160
01/11/2019,SLE,OR,ANM,WE,Federal Contract Tower,0,3,25,0,28,0,5,44,2,51,0,8,69,2,79,58,6,64,143
01/12/2019,SLE,OR,ANM,WE,Federal Contract Tower,0,1,17,0,18,0,0,92,1,93,0,1,109,1,111,54,0,54,165
01/13/2019,SLE,OR,ANM,WE,Federal Contract Tower,0,0,13,0,13,0,7,66,0,73,0,7,79,0,86,106,0,106,192
01/14/2019,SLE,OR,ANM,WE,Federal Contract Tower,0,3,25,0,28,0,17,62,0,79,0,20,87,0,107,40,0,40,147
01/15/2019,SLE,OR,ANM,WE,Federal Contract Tower,0,7,15,0,22,0,19,41,7,67,0,26,56,7,89,48,2,50,139
01/16/2019,SLE,OR,ANM,WE,Federal Contract Tower,0,11,7,2,20,0,2,15,3,20,0,13,22,5,40,0,0,0,40
01/17/2019,SLE,OR,ANM,WE,Federal Contract Tower,0,10,11,7,28,0,3,7,0,10,0,13,18,7,38,0,26,26,64
01/18/2019,SLE,OR,ANM,WE,Federal Contract Tower,0,12,10,4,26,0,5,8,1,14,0,17,18,5,40,0,6,6,46
01/19/2019,SLE,OR,ANM,WE,Federal Contract Tower,0,1,7,0,8,0,2,36,0,38,0,3,43,0,46,28,0,28,74
01/20/2019,SLE,OR,ANM,WE,Federal Contract Tower,0,0,4,0,4,0,0,0,0,0,0,0,4,0,4,0,0,0,4
01/21/2019,SLE,OR,ANM,WE,Federal Contract Tower,0,4,13,0,17,0,12,20,0,32,0,16,33,0,49,10,0,10,59
01/22/2019,SLE,OR,ANM,WE,Federal Contract Tower,0,4,2,5,11,0,13,12,8,33,0,17,14,13,44,18,14,32,76
01/23/2019,SLE,OR,ANM,WE,Federal Contract Tower,0,9,12,4,25,0,10,9,4,23,0,19,21,8,48,2,0,2,50
01/24/2019,SLE,OR,ANM,WE,Federal Contract Tower,0,3,20,5,28,0,23,41,5,69,0,26,61,10,97,68,8,76,173
01/25/2019,SLE,OR,ANM,WE,Federal Contract Tower,0,15,12,5,32,0,21,75,5,101,0,36,87,10,133,70,10,80,213
01/26/2019,SLE,OR,ANM,WE,Federal Contract Tower,0,3,6,0,9,0,0,0,0,0,0,3,6,0,9,0,0,0,9
01/27/2019,SLE,OR,ANM,WE,Federal Contract Tower,0,0,4,0,4,0,0,0,0,0,0,0,4,0,4,0,0,0,4
01/28/2019,SLE,OR,ANM,WE,Federal Contract Tower,0,6,14,1,21,0,12,58,15,85,0,18,72,16,106,70,16,86,192
01/29/2019,SLE,OR,ANM,WE,Federal Contract Tower,0,3,27,8,38,0,14,80,15,109,0,17,107,23,147,90,56,146,293
01/30/2019,SLE,OR,ANM,WE,Federal Contract Tower,0,11,22,10,43,0,16,85,12,113,0,27,107,22,156,94,26,120,276
01/31/2019,SLE,OR,ANM,WE,Federal Contract Tower,0,2,17,2,21,0,21,60,17,98,0,23,77,19,119,78,24,102,221
02/01/2019,SLE,OR,ANM,WE,Federal Contract Tower,0,4,7,1,12,0,4,15,0,19,0,8,22,1,31,22,0,22,53
02/02/2019,SLE,OR,ANM,WE,Federal Contract Tower,0,0,22,0,22,0,0,2,0,2,0,0,24,0,24,14,0,14,38
02/03/2019,SLE,OR,ANM,WE,Federal Contract Tower,0,0,0,0,0,0,0,14,0,14,0,0,14,0,14,46,0,46,60
02/04/2019,SLE,OR,ANM,WE,Federal Contract Tower,0,4,2,2,8,0,2,3,0,5,0,6,5,2,13,2,0,2,15
02/05/2019,SLE,OR,ANM,WE,Federal Contract Tower,0,4,7,4,15,0,2,0,0,2,0,6,7,4,17,0,0,0,17
02/06/2019,SLE,OR,ANM,WE,Federal Contract Tower,0,6,8,5,19,0,3,18,1,22,0,9,26,6,41,84,4,88,129
02/07/2019,SLE,OR,ANM,WE,Federal Contract Tower,0,3,19,3,25,0,14,46,3,63,0,17,65,6,88,28,4,32,120
02/08/2019,SLE,OR,ANM,WE,Federal Contract Tower,0,4,5,6,15,0,9,17,2,28,0,13,22,8,43,22,4,26,69
02/09/2019,SLE,OR,ANM,WE,Federal Contract Tower,0,1,0,5,6,0,0,0,0,0,0,1,0,5,6,18,34,52,58
02/10/2019,SLE,OR,ANM,WE,Federal Contract Tower,0,1,6,4,11,0,4,32,9,45,0,5,38,13,56,22,6,28,84
02/11/2019,SLE,OR,ANM,WE,Federal Contract Tower,0,4,0,0,4,0,0,0,0,0,0,4,0,0,4,0,0,0,4
02/12/2019,SLE,OR,ANM,WE,Federal Contract Tower,0,4,0,6,10,0,0,0,0,0,0,4,0,6,10,0,28,28,38
02/13/2019,SLE,OR,ANM,WE,Federal Contract Tower,0,5,7,3,15,0,2,1,0,3,0,7,8,3,18,28,50,78,96
02/14/2019,SLE,OR,ANM,WE,Federal Contract Tower,0,6,4,1,11,0,1,0,0,1,0,7,4,1,12,0,0,0,12
02/15/2019,SLE,OR,ANM,WE,Federal Contract Tower,0,4,7,0,11,0,12,9,1,22,0,16,16,1,33,14,0,14,47
02/16/2019,SLE,OR,ANM,WE,Federal Contract Tower,0,1,6,0,7,0,0,0,0,0,0,1,6,0,7,2,0,2,9
02/17/2019,SLE,OR,ANM,WE,Federal Contract Tower,0,1,3,0,4,0,6,23,2,31,0,7,26,2,35,20,20,40,75
02/18/2019,SLE,OR,ANM,WE,Federal Contract Tower,0,4,5,2,11,0,7,32,0,39,0,11,37,2,50,44,0,44,94
02/19/2019,SLE,OR,ANM,WE,Federal Contract Tower,0,6,5,2,13,0,4,7,2,13,0,10,12,4,26,30,0,30,56
02/20/2019,SLE,OR,ANM,WE,Federal Contract Tower,0,2,3,4,9,0,8,2,2,12,0,10,5,6,21,14,0,14,35
02/21/2019,SLE,OR,ANM,WE,Federal Contract Tower,0,0,26,2,28,0,10,106,5,121,0,10,132,7,149,72,8,80,229
02/22/2019,SLE,OR,ANM,WE,Federal Contract Tower,0,4,6,6,16,0,6,13,6,25,0,10,19,12,41,2,0,2,43
02/23/2019,SLE,OR,ANM,WE,Federal Contract Tower,0,0,10,0,10,0,0,2,0,2,0,0,12,0,12,38,0,38,50
02/25/2019,SLE,OR,ANM,WE,Federal Contract Tower,0,6,7,2,15,0,5,0,0,5,0,11,7,2,20,0,0,0,20
02/26/2019,SLE,OR,ANM,WE,Federal Contract Tower,0,4,17,2,23,0,12,18,9,39,0,16,35,11,62,18,30,48,110
02/27/2019,SLE,OR,ANM,WE,Federal Contract Tower,0,4,3,1,8,0,0,5,5,10,0,4,8,6,18,42,6,48,66
02/28/2019,SLE,OR,ANM,WE,Federal Contract Tower,0,5,21,2,28,0,13,15,15,43,0,18,36,17,71,26,24,50,121
03/01/2019,SLE,OR,ANM,WE,Federal Contract Tower,0,4,6,5,15,0,5,46,5,56,0,9,52,10,71,22,18,40,111
03/02/2019,SLE,OR,ANM,WE,Federal Contract Tower,0,0,24,4,28,0,0,102,16,118,0,0,126,20,146,28,40,68,214
03/03/2019,SLE,OR,ANM,WE,Federal Contract Tower,0,0,16,1,17,0,2,51,7,60,0,2,67,8,77,28,0,28,105
03/04/2019,SLE,OR,ANM,WE,Federal Contract Tower,0,0,34,1,35,0,10,65,3,78,0,10,99,4,113,72,0,72,185
03/05/2019,SLE,OR,ANM,WE,Federal Contract Tower,0,7,27,2,36,0,16,42,2,60,0,23,69,4,96,40,6,46,142
03/06/2019,SLE,OR,ANM,WE,Federal Contract Tower,0,4,10,2,16,0,0,1,0,1,0,4,11,2,17,0,0,0,17
03/07/2019,SLE,OR,ANM,WE,Federal Contract Tower,0,4,8,2,14,0,6,14,10,30,0,10,22,12,44,10,0,10,54
03/08/2019,SLE,OR,ANM,WE,Federal Contract Tower,0,12,3,2,17,0,0,3,0,3,0,12,6,2,20,0,0,0,20
03/09/2019,SLE,OR,ANM,WE,Federal Contract Tower,0,0,10,0,10,0,0,32,0,32,0,0,42,0,42,16,0,16,58
03/10/2019,SLE,OR,ANM,WE,Federal Contract Tower,0,0,17,0,17,0,1,98,0,99,0,1,115,0,116,66,0,66,182
03/11/2019,SLE,OR,ANM,WE,Federal Contract Tower,0,4,19,0,23,0,23,47,11,81,0,27,66,11,104,38,4,42,146
03/12/2019,SLE,OR,ANM,WE,Federal Contract Tower,0,3,14,0,17,0,7,13,10,30,0,10,27,10,47,20,4,24,71
03/13/2019,SLE,OR,ANM,WE,Federal Contract Tower,0,3,33,0,36,0,7,37,6,50,0,10,70,6,86,58,0,58,144
03/14/2019,SLE,OR,ANM,WE,Federal Contract Tower,0,3,25,0,28,0,8,67,2,77,0,11,92,2,105,85,0,85,190
03/15/2019,SLE,OR,ANM,WE,Federal Contract Tower,0,0,21,1,22,0,20,66,5,91,0,20,87,6,113,60,4,64,177
03/16/2019,SLE,OR,ANM,WE,Federal Contract Tower,0,0,9,0,9,0,1,62,0,63,0,1,71,0,72,44,0,44,116
03/17/2019,SLE,OR,ANM,WE,Federal Contract Tower,0,0,7,0,7,0,2,72,0,74,0,2,79,0,81,20,0,20,101
03/18/2019,SLE,OR,ANM,WE,Federal Contract Tower,0,4,17,2,23,0,6,64,4,74,0,10,81,6,97,48,0,48,145
03/19/2019,SLE,OR,ANM,WE,Federal Contract Tower,0,2,15,1,18,0,27,63,9,99,0,29,78,10,117,28,14,42,159
03/20/2019,SLE,OR,ANM,WE,Federal Contract Tower,0,3,18,2,23,0,7,49,4,60,0,10,67,6,83,54,0,54,137
03/21/2019,SLE,OR,ANM,WE,Federal Contract Tower,0,4,17,2,23,0,15,28,4,47,0,19,45,6,70,24,0,24,94
03/22/2019,SLE,OR,ANM,WE,Federal Contract Tower,0,4,14,7,25,0,7,9,1,17,0,11,23,8,42,14,14,28,70
03/23/2019,SLE,OR,ANM,WE,Federal Contract Tower,0,1,8,0,9,0,1,12,0,13,0,2,20,0,22,0,0,0,22
03/24/2019,SLE,OR,ANM,WE,Federal Contract Tower,0,0,26,0,26,0,1,63,0,64,0,1,89,0,90,14,0,14,104
03/25/2019,SLE,OR,ANM,WE,Federal Contract Tower,0,4,10,2,16,0,6,3,5,14,0,10,13,7,30,22,2,24,54
03/26/2019,SLE,OR,ANM,WE,Federal Contract Tower,0,4,13,3,20,0,12,79,14,105,0,16,92,17,125,106,24,130,255
03/27/2019,SLE,OR,ANM,WE,Federal Contract Tower,0,9,12,4,25,0,6,18,11,35,0,15,30,15,60,8,18,26,86
03/28/2019,SLE,OR,ANM,WE,Federal Contract Tower,0,5,7,2,14,0,16,31,14,61,0,21,38,16,75,18,10,28,103
03/29/2019,SLE,OR,ANM,WE,Federal Contract Tower,0,3,8,2,13,0,7,43,0,50,0,10,51,2,63,34,0,34,97
03/30/2019,SLE,OR,ANM,WE,Federal Contract Tower,0,1,19,0,20,0,0,76,3,79,0,1,95,3,99,108,0,108,207
03/31/2019,SLE,OR,ANM,WE,Federal Contract Tower,0,3,22,0,25,0,0,67,0,67,0,3,89,0,92,34,0,34,126
04/01/2019,SLE,OR,ANM,WE,Federal Contract Tower,0,5,2,0,7,0,0,5,0,5,0,5,7,0,12,56,0,56,68
04/02/2019,SLE,OR,ANM,WE,Federal Contract Tower,0,5,2,7,14,0,0,2,0,2,0,5,4,7,16,46,0,46,62
04/03/2019,SLE,OR,ANM,WE,Federal Contract Tower,0,4,21,0,25,0,10,14,0,24,0,14,35,0,49,42,0,42,91
04/04/2019,SLE,OR,ANM,WE,Federal Contract Tower,0,5,17,5,27,0,0,1,0,1,0,5,18,5,28,0,8,8,36
04/06/2019,SLE,OR,ANM,WE,Federal Contract Tower,0,0,8,1,9,0,0,2,3,5,0,0,10,4,14,0,2,2,16
04/07/2019,SLE,OR,ANM,WE,Federal Contract Tower,0,0,10,0,10,0,0,0,0,0,0,0,10,0,10,0,0,0,10
04/08/2019,SLE,OR,ANM,WE,Federal Contract Tower,0,4,16,4,24,0,0,17,3,20,0,4,33,7,44,20,2,22,66
04/10/2019,SLE,OR,ANM,WE,Federal Contract Tower,0,6,9,5,20,0,2,10,7,19,0,8,19,12,39,18,4,22,61
04/11/2019,SLE,OR,ANM,WE,Federal Contract Tower,0,7,13,3,23,2,7,2,7,18,2,14,15,10,41,0,10,10,51
04/12/2019,SLE,OR,ANM,WE,Federal Contract Tower,0,4,12,2,18,0,11,64,0,75,0,15,76,2,93,84,0,84,177
04/13/2019,SLE,OR,ANM,WE,Federal Contract Tower,0,0,9,0,9,0,0,7,0,7,0,0,16,0,16,6,0,6,22
04/14/2019,SLE,OR,ANM,WE,Federal Contract Tower,0,0,3,0,3,0,5,17,0,22,0,5,20,0,25,8,0,8,33
04/15/2019,SLE,OR,ANM,WE,Federal Contract Tower,0,4,13,0,17,0,4,25,1,30,0,8,38,1,47,18,0,18,65
04/16/2019,SLE,OR,ANM,WE,Federal Contract Tower,0,8,16,2,26,0,2,17,8,27,0,10,33,10,53,22,0,22,75
04/17/2019,SLE,OR,ANM,WE,Federal Contract Tower,0,6,10,1,17,0,16,58,4,78,0,22,68,5,95,66,2,68,163
04/18/2019,SLE,OR,ANM,WE,Federal Contract Tower,0,5,32,6,43,0,20,86,3,109,0,25,118,9,152,110,10,120,272
04/19/2019,SLE,OR,ANM,WE,Federal Contract Tower,0,4,21,4,29,0,0,21,3,24,0,4,42,7,53,12,0,12,65
04/20/2019,SLE,OR,ANM,WE,Federal Contract Tower,0,0,25,0,25,0,2,41,0,43,0,2,66,0,68,24,0,24,92
04/21/2019,SLE,OR,ANM,WE,Federal Contract Tower,0,0,7,0,7,0,2,41,0,43,0,2,48,0,50,32,0,32,82
04/22/2019,SLE,OR,ANM,WE,Federal Contract Tower,0,3,15,5,23,0,3,43,7,53,0,6,58,12,76,44,0,44,120
04/23/2019,SLE,OR,ANM,WE,Federal Contract Tower,0,4,14,1,19,0,9,36,9,54,0,13,50,10,73,30,6,36,109
04/24/2019,SLE,OR,ANM,WE,Federal Contract Tower,0,6,21,1,28,0,5,74,6,85,0,11,95,7,113,32,6,38,151
04/25/2019,SLE,OR,ANM,WE,Federal Contract Tower,0,4,25,1,30,0,21,72,5,98,0,25,97,6,128,48,2,50,178
04/26/2019,SLE,OR,ANM,WE,Federal Contract Tower,0,4,5,0,9,0,3,74,5,82,0,7,79,5,91,40,0,40,131
04/27/2019,SLE,OR,ANM,WE,Federal Contract Tower,0,1,7,0,8,0,0,49,0,49,0,1,56,0,57,10,0,10,67
04/28/2019,SLE,OR,ANM,WE,Federal Contract Tower,0,0,16,0,16,0,4,82,0,86,0,4,98,0,102,8,0,8,110
04/29/2019,SLE,OR,ANM,WE,Federal Contract Tower,0,4,10,0,14,0,5,40,0,45,0,9,50,0,59,22,0,22,81
04/30/2019,SLE,OR,ANM,WE,Federal Contract Tower,0,2,11,0,13,0,5,62,6,73,0,7,73,6,86,24,0,24,110
05/01/2019,SLE,OR,ANM,WE,Federal Contract Tower,0,3,16,3,22,0,7,90,4,101,0,10,106,7,123,44,0,44,167
05/02/2019,SLE,OR,ANM,WE,Federal Contract Tower,2,7,17,0,26,0,6,40,6,52,2,13,57,6,78,18,0,18,96
05/03/2019,SLE,OR,ANM,WE,Federal Contract Tower,1,4,10,0,15,0,14,84,5,103,1,18,94,5,118,62,12,74,192
05/04/2019,SLE,OR,ANM,WE,Federal Contract Tower,0,0,2,7,9,0,0,75,5,80,0,0,77,12,89,60,12,72,161
05/05/2019,SLE,OR,ANM,WE,Federal Contract Tower,0,1,3,2,6,0,0,66,8,74,0,1,69,10,80,56,8,64,144
05/06/2019,SLE,OR,ANM,WE,Federal Contract Tower,0,5,20,0,25,0,4,31,6,41,0,9,51,6,66,16,0,16,82
05/07/2019,SLE,OR,ANM,WE,Federal Contract Tower,0,5,15,0,20,0,5,66,0,71,0,10,81,0,91,68,0,68,159
05/08/2019,SLE,OR,ANM,WE,Federal Contract Tower,0,5,20,3,28,0,11,86,2,99,0,16,106,5,127,24,8,32,159
05/09/2019,SLE,OR,ANM,WE,Federal Contract Tower,0,3,10,2,15,0,6,24,8,38,0,9,34,10,53,28,8,36,89
05/10/2019,SLE,OR,ANM,WE,Federal Contract Tower,0,2,3,1,6,0,10,75,2,87,0,12,78,3,93,58,0,58,151
05/11/2019,SLE,OR,ANM,WE,Federal Contract Tower,0,1,3,0,4,0,3,102,0,105,0,4,105,0,109,48,0,48,157
05/12/2019,SLE,OR,ANM,WE,Federal Contract Tower,0,0,4,0,4,0,3,28,0,31,0,3,32,0,35,22,0,22,57
05/13/2019,SLE,OR,ANM,WE,Federal Contract Tower,0,3,14,0,17,0,7,44,1,52,0,10,58,1,69,12,4,16,85
05/14/2019,SLE,OR,ANM,WE,Federal Contract Tower,0,4,14,0,18,0,0,3,2,5,0,4,17,2,23,54,0,54,77
05/15/2019,SLE,OR,ANM,WE,Federal Contract Tower,0,3,21,0,24,0,14,3,2,19,0,17,24,2,43,48,10,58,101
05/16/2019,SLE,OR,ANM,WE,Federal Contract Tower,0,1,25,8,34,0,6,19,7,32,0,7,44,15,66,0,0,0,66
05/17/2019,SLE,OR,ANM,WE,Federal Contract Tower,0,2,18,3,23,0,21,22,1,44,0,23,40,4,67,32,0,32,99
05/18/2019,SLE,OR,ANM,WE,Federal Contract Tower,0,0,10,0,10,0,1,59,1,61,0,1,69,1,71,62,0,62,133
05/19/2019,SLE,OR,ANM,WE,Federal Contract Tower,0,2,8,0,10,0,1,13,0,14,0,3,21,0,24,4,0,4,28
05/20/2019,SLE,OR,ANM,WE,Federal Contract Tower,0,3,15,0,18,0,15,28,0,43,0,18,43,0,61,54,0,54,115
05/21/2019,SLE,OR,ANM,WE,Federal Contract Tower,0,9,11,0,20,0,14,22,0,36,0,23,33,0,56,24,0,24,80
05/22/2019,SLE,OR,ANM,WE,Federal Contract Tower,0,11,15,0,26,0,21,60,5,86,0,32,75,5,112,52,0,52,164
05/23/2019,SLE,OR,ANM,WE,Federal Contract Tower,0,1,34,2,37,0,10,57,4,71,0,11,91,6,108,60,2,62,170
05/24/2019,SLE,OR,ANM,WE,Federal Contract Tower,0,3,15,2,20,0,2,14,0,16,0,5,29,2,36,12,0,12,48
05/25/2019,SLE,OR,ANM,WE,Federal Contract Tower,0,1,12,1,14,0,0,7,0,7,0,1,19,1,21,26,0,26,47
05/26/2019,SLE,OR,ANM,WE,Federal Contract Tower,0,0,11,0,11,0,0,48,0,48,0,0,59,0,59,44,0,44,103
05/27/2019,SLE,OR,ANM,WE,Federal Contract Tower,0,0,10,0,10,0,0,25,1,26,0,0,35,1,36,32,0,32,68
05/28/2019,SLE,OR,ANM,WE,Federal Contract Tower,0,5,9,2,16,0,7,27,6,40,0,12,36,8,56,36,0,36,92
05/29/2019,SLE,OR,ANM,WE,Federal Contract Tower,0,1,20,4,25,0,35,62,0,97,0,36,82,4,122,56,0,56,178
05/30/2019,SLE,OR,ANM,WE,Federal Contract Tower,0,3,16,0,19,0,8,63,4,75,0,11,79,4,94,62,6,68,162
05/31/2019,SLE,OR,ANM,WE,Federal Contract Tower,0,3,5,0,8,0,23,80,7,110,0,26,85,7,118,58,2,60,178
06/01/2019,SLE,OR,ANM,WE,Federal Contract Tower,0,1,12,1,14,0,2,98,2,102,0,3,110,3,116,6,0,6,122
06/02/2019,SLE,OR,ANM,WE,Federal Contract Tower,0,1,13,1,15,0,0,82,2,84,0,1,95,3,99,32,6,38,137
06/03/2019,SLE,OR,ANM,WE,Federal Contract Tower,0,6,10,5,21,0,8,58,4,70,0,14,68,9,91,36,6,42,133
06/04/2019,SLE,OR,ANM,WE,Federal Contract Tower,0,3,16,3,22,0,7,82,18,107,0,10,98,21,129,32,24,56,185
06/05/2019,SLE,OR,ANM,WE,Federal Contract Tower,0,4,10,7,21,0,3,34,7,44,0,7,44,14,65,24,2,26,91
06/06/2019,SLE,OR,ANM,WE,Federal Contract Tower,0,2,11,3,16,0,7,49,6,62,0,9,60,9,78,6,2,8,86
06/07/2019,SLE,OR,ANM,WE,Federal Contract Tower,0,0,8,0,8,0,4,8,2,14,0,4,16,2,22,10,0,10,32
06/08/2019,SLE,OR,ANM,WE,Federal Contract Tower,0,0,8,1,9,0,0,57,4,61,0,0,65,5,70,38,0,38,108
06/09/2019,SLE,OR,ANM,WE,Federal Contract Tower,0,0,5,0,5,0,4,67,4,75,0,4,72,4,80,28,0,28,108
06/10/2019,SLE,OR,ANM,WE,Federal Contract Tower,0,3,10,0,13,0,8,60,5,73,0,11,70,5,86,20,0,20,106
06/11/2019,SLE,OR,ANM,WE,Federal Contract Tower,0,2,7,1,10,0,12,79,6,97,0,14,86,7,107,24,8,32,139
06/12/2019,SLE,OR,ANM,WE,Federal Contract Tower,0,2,5,2,9,0,17,62,3,82,0,19,67,5,91,8,0,8,99
06/13/2019,SLE,OR,ANM,WE,Federal Contract Tower,0,3,13,0,16,0,19,70,7,96,0,22,83,7,112,26,0,26,138
06/14/2019,SLE,OR,ANM,WE,Federal Contract Tower,0,2,8,4,14,0,24,88,8,120,0,26,96,12,134,88,0,88,222
06/15/2019,SLE,OR,ANM,WE,Federal Contract Tower,0,0,10,0,10,0,1,124,1,126,0,1,134,1,136,30,0,30,166
06/16/2019,SLE,OR,ANM,WE,Federal Contract Tower,0,0,15,0,15,0,2,115,0,117,0,2,130,0,132,16,0,16,148
06/17/2019,SLE,OR,ANM,WE,Federal Contract Tower,2,3,31,4,40,0,17,84,4,105,2,20,115,8,145,36,10,46,191
06/18/2019,SLE,OR,ANM,WE,Federal Contract Tower,0,1,16,1,18,0,8,84,3,95,0,9,100,4,113,34,0,34,147
06/19/2019,SLE,OR,ANM,WE,Federal Contract Tower,0,3,11,2,16,0,14,76,5,95,0,17,87,7,111,46,0,46,157
06/20/2019,SLE,OR,ANM,WE,Federal Contract Tower,0,4,14,3,21,0,15,55,4,74,0,19,69,7,95,54,0,54,149
06/21/2019,SLE,OR,ANM,WE,Federal Contract Tower,0,1,20,0,21,0,5,83,4,92,0,6,103,4,113,60,2,62,175
06/22/2019,SLE,OR,ANM,WE,Federal Contract Tower,0,1,15,0,16,0,4,88,1,93,0,5,103,1,109,42,0,42,151
06/23/2019,SLE,OR,ANM,WE,Federal Contract Tower,0,3,22,0,25,0,1,86,0,87,0,4,108,0,112,48,0,48,160
06/24/2019,SLE,OR,ANM,WE,Federal Contract Tower,0,3,12,2,17,0,14,60,7,81,0,17,72,9,98,65,0,65,163
06/25/2019,SLE,OR,ANM,WE,Federal Contract Tower,0,6,6,1,13,0,19,46,4,69,0,25,52,5,82,44,0,44,126
06/26/2019,SLE,OR,ANM,WE,Federal Contract Tower,0,7,20,2,29,0,9,35,0,44,0,16,55,2,73,50,2,52,125
06/27/2019,SLE,OR,ANM,WE,Federal Contract Tower,0,5,17,3,25,0,0,12,4,16,0,5,29,7,41,14,2,16,57
06/28/2019,SLE,OR,ANM,WE,Federal Contract Tower,0,8,13,3,24,0,20,48,3,71,0,28,61,6,95,40,0,40,135
06/29/2019,SLE,OR,ANM,WE,Federal Contract Tower,0,0,9,0,9,0,4,91,0,95,0,4,100,0,104,38,0,38,142
06/30/2019,SLE,OR,ANM,WE,Federal Contract Tower,0,0,9,0,9,0,0,67,0,67,0,0,76,0,76,44,0,44,120
07/01/2019,SLE,OR,ANM,WE,Federal Contract Tower,0,2,12,1,15,0,8,25,5,38,0,10,37,6,53,20,0,20,73
07/02/2019,SLE,OR,ANM,WE,Federal Contract Tower,0,8,13,2,23,0,1,20,4,25,0,9,33,6,48,64,0,64,112
07/03/2019,SLE,OR,ANM,WE,Federal Contract Tower,0,5,11,2,18,0,21,50,9,80,0,26,61,11,98,28,0,28,126
07/04/2019,SLE,OR,ANM,WE,Federal Contract Tower,0,2,7,0,9,0,6,48,0,54,0,8,55,0,63,16,0,16,79
07/05/2019,SLE,OR,ANM,WE,Federal Contract Tower,0,6,10,0,16,0,6,47,0,53,0,12,57,0,69,14,0,14,83
07/06/2019,SLE,OR,ANM,WE,Federal Contract Tower,0,1,6,0,7,0,0,43,0,43,0,1,49,0,50,24,0,24,74
07/07/2019,SLE,OR,ANM,WE,Federal Contract Tower,0,1,8,0,9,0,1,49,0,50,0,2,57,0,59,64,0,64,123
07/08/2019,SLE,OR,ANM,WE,Federal Contract Tower,0,2,26,3,31,0,15,61,7,83,0,17,87,10,114,42,1,43,157
07/09/2019,SLE,OR,ANM,WE,Federal Contract Tower,0,3,14,4,21,0,11,27,15,53,0,14,41,19,74,4,0,4,78
07/10/2019,SLE,OR,ANM,WE,Federal Contract Tower,0,3,20,2,25,0,10,25,9,44,0,13,45,11,69,18,0,18,87
07/11/2019,SLE,OR,ANM,WE,Federal Contract Tower,0,5,24,7,36,0,26,54,7,87,0,31,78,14,123,52,0,52,175
07/12/2019,SLE,OR,ANM,WE,Federal Contract Tower,0,2,38,6,46,0,12,67,6,85,0,14,105,12,131,36,6,42,173
07/13/2019,SLE,OR,ANM,WE,Federal Contract Tower,0,1,19,0,20,0,2,72,15,89,0,3,91,15,109,46,0,46,155
07/14/2019,SLE,OR,ANM,WE,Federal Contract Tower,0,2,6,0,8,0,2,57,4,63,0,4,63,4,71,52,0,52,123
07/15/2019,SLE,OR,ANM,WE,Federal Contract Tower,0,3,15,2,20,0,3,30,4,37,0,6,45,6,57,36,0,36,93
07/16/2019,SLE,OR,ANM,WE,Federal Contract Tower,0,2,15,6,23,0,9,52,5,66,0,11,67,11,89,92,6,98,187
07/17/2019,SLE,OR,ANM,WE,Federal Contract Tower,0,6,27,8,41,0,8,24,8,40,0,14,51,16,81,18,12,30,111
07/18/2019,SLE,OR,ANM,WE,Federal Contract Tower,0,4,16,2,22,0,21,49,5,75,0,25,65,7,97,18,6,24,121
07/19/2019,SLE,OR,ANM,WE,Federal Contract Tower,0,3,7,0,10,0,20,73,4,97,0,23,80,4,107,16,2,18,125
07/20/2019,SLE,OR,ANM,WE,Federal Contract Tower,0,0,7,0,7,0,9,84,5,98,0,9,91,5,105,8,0,8,113
07/21/2019,SLE,OR,ANM,WE,Federal Contract Tower,0,3,6,0,9,0,2,61,0,63,0,5,67,0,72,2,0,2,74
07/22/2019,SLE,OR,ANM,WE,Federal Contract Tower,0,5,35,6,46,0,9,73,6,88,0,14,108,12,134,34,0,34,168
07/23/2019,SLE,OR,ANM,WE,Federal Contract Tower,0,1,18,6,25,0,10,62,7,79,0,11,80,13,104,66,2,68,172
07/24/2019,SLE,OR,ANM,WE,Federal Contract Tower,0,0,10,4,14,0,10,66,0,76,0,10,76,4,90,78,0,78,168
07/25/2019,SLE,OR,ANM,WE,Federal Contract Tower,0,6,7,4,17,0,9,39,5,53,0,15,46,9,70,4,8,12,82
07/26/2019,SLE,OR,ANM,WE,Federal Contract Tower,0,7,13,4,24,0,6,59,6,71,0,13,72,10,95,18,30,48,143
07/27/2019,SLE,OR,ANM,WE,Federal Contract Tower,0,0,11,0,11,0,0,60,1,61,0,0,71,1,72,28,0,28,100
07/28/2019,SLE,OR,ANM,WE,Federal Contract Tower,0,0,7,0,7,0,7,81,0,88,0,7,88,0,95,34,0,34,129
07/29/2019,SLE,OR,ANM,WE,Federal Contract Tower,0,3,11,0,14,0,17,42,3,62,0,20,53,3,76,26,0,26,102
07/30/2019,SLE,OR,ANM,WE,Federal Contract Tower,0,9,11,2,22,0,14,50,4,68,0,23,61,6,90,40,2,42,132
07/31/2019,SLE,OR,ANM,WE,Federal Contract Tower,4,14,4,0,22,0,15,80,6,101,4,29,84,6,123,60,6,66,189
08/01/2019,SLE,OR,ANM,WE,Federal Contract Tower,0,2,12,6,20,0,7,54,7,68,0,9,66,13,88,26,4,30,118
08/02/2019,SLE,OR,ANM,WE,Federal Contract Tower,0,3,14,1,18,0,8,43,7,58,0,11,57,8,76,2,0,2,78
08/03/2019,SLE,OR,ANM,WE,Federal Contract Tower,0,1,8,0,9,0,2,67,18,87,0,3,75,18,96,22,10,32,128
08/04/2019,SLE,OR,ANM,WE,Federal Contract Tower,0,1,5,3,9,0,0,43,7,50,0,1,48,10,59,16,14,30,89
08/05/2019,SLE,OR,ANM,WE,Federal Contract Tower,0,1,16,4,21,0,20,29,3,52,0,21,45,7,73,0,10,10,83
08/06/2019,SLE,OR,ANM,WE,Federal Contract Tower,0,9,19,2,30,0,10,65,2,77,0,19,84,4,107,34,4,38,145
08/07/2019,SLE,OR,ANM,WE,Federal Contract Tower,0,10,20,0,30,0,4,18,0,22,0,14,38,0,52,10,0,10,62
08/08/2019,SLE,OR,ANM,WE,Federal Contract Tower,0,14,33,12,59,0,2,25,0,27,0,16,58,12,86,16,4,20,106
08/09/2019,SLE,OR,ANM,WE,Federal Contract Tower,0,1,13,2,16,0,19,69,2,90,0,20,82,4,106,52,6,58,164
08/10/2019,SLE,OR,ANM,WE,Federal Contract Tower,0,4,9,0,13,0,0,67,6,73,0,4,76,6,86,82,4,86,172
08/11/2019,SLE,OR,ANM,WE,Federal Contract Tower,0,0,18,0,18,0,1,84,0,85,0,1,102,0,103,76,0,76,179
08/12/2019,SLE,OR,ANM,WE,Federal Contract Tower,0,2,21,6,29,0,7,85,0,92,0,9,106,6,121,46,8,54,175
08/13/2019,SLE,OR,ANM,WE,Federal Contract Tower,0,1,28,4,33,0,14,44,5,63,0,15,72,9,96,30,0,30,126
08/14/2019,SLE,OR,ANM,WE,Federal Contract Tower,0,3,33,2,38,0,8,73,8,89,0,11,106,10,127,14,16,30,157
08/15/2019,SLE,OR,ANM,WE,Federal Contract Tower,0,2,34,7,43,0,12,81,6,99,0,14,115,13,142,72,10,82,224
08/16/2019,SLE,OR,ANM,WE,Federal Contract Tower,0,2,30,0,32,0,10,95,4,109,0,12,125,4,141,74,10,84,225
08/17/2019,SLE,OR,ANM,WE,Federal Contract Tower,0,0,22,0,22,0,2,50,0,52,0,2,72,0,74,22,0,22,96
08/18/2019,SLE,OR,ANM,WE,Federal Contract Tower,0,0,14,0,14,0,0,75,0,75,0,0,89,0,89,72,0,72,161
08/19/2019,SLE,OR,ANM,WE,Federal Contract Tower,0,1,28,0,29,0,8,59,0,67,0,9,87,0,96,68,0,68,164
08/20/2019,SLE,OR,ANM,WE,Federal Contract Tower,0,3,22,1,26,0,10,63,4,77,0,13,85,5,103,36,0,36,139
08/21/2019,SLE,OR,ANM,WE,Federal Contract Tower,0,4,20,3,27,0,1,19,1,21,0,5,39,4,48,12,0,12,60
08/22/2019,SLE,OR,ANM,WE,Federal Contract Tower,0,2,31,5,38,0,7,71,6,84,0,9,102,11,122,64,2,66,188
08/23/2019,SLE,OR,ANM,WE,Federal Contract Tower,0,5,17,1,23,0,10,129,5,144,0,15,146,6,167,114,0,114,281
08/24/2019,SLE,OR,ANM,WE,Federal Contract Tower,0,1,11,0,12,0,3,148,0,151,0,4,159,0,163,54,0,54,217
08/25/2019,SLE,OR,ANM,WE,Federal Contract Tower,0,0,16,1,17,0,2,81,0,83,0,2,97,1,100,92,4,96,196
08/26/2019,SLE,OR,ANM,WE,Federal Contract Tower,0,0,25,3,28,0,21,50,2,73,0,21,75,5,101,50,10,60,161
08/27/2019,SLE,OR,ANM,WE,Federal Contract Tower,0,3,19,4,26,0,18,61,13,92,0,21,80,17,118,38,16,54,172
08/28/2019,SLE,OR,ANM,WE,Federal Contract Tower,0,1,23,4,28,0,8,67,8,83,0,9,90,12,111,10,8,18,129
08/29/2019,SLE,OR,ANM,WE,Federal Contract Tower,0,1,16,0,17,0,24,74,13,111,0,25,90,13,128,86,24,110,238
08/30/2019,SLE,OR,ANM,WE,Federal Contract Tower,0,3,33,4,40,0,25,82,2,109,0,28,115,6,149,46,4,50,199
08/31/2019,SLE,OR,ANM,WE,Federal Contract Tower,0,2,10,1,13,0,0,91,0,91,0,2,101,1,104,34,0,34,138
09/01/2019,SLE,OR,ANM,WE,Federal Contract Tower,0,0,27,0,27,0,1,41,2,44,0,1,68,2,71,26,0,26,97
09/02/2019,SLE,OR,ANM,WE,Federal Contract Tower,0,1,16,2,19,0,0,60,0,60,0,1,76,2,79,32,0,32,111
09/03/2019,SLE,OR,ANM,WE,Federal Contract Tower,0,9,8,1,18,0,10,47,1,58,0,19,55,2,76,46,0,46,122
09/04/2019,SLE,OR,ANM,WE,Federal Contract Tower,0,11,28,0,39,0,11,56,3,70,0,22,84,3,109,42,0,42,151
09/05/2019,SLE,OR,ANM,WE,Federal Contract Tower,0,4,13,2,19,0,22,68,11,101,0,26,81,13,120,38,46,84,204
09/06/2019,SLE,OR,ANM,WE,Federal Contract Tower,0,2,17,4,23,0,7,79,4,90,0,9,96,8,113,64,20,84,197
09/07/2019,SLE,OR,ANM,WE,Federal Contract Tower,0,0,19,8,27,0,0,11,3,14,0,0,30,11,41,24,12,36,77
09/08/2019,SLE,OR,ANM,WE,Federal Contract Tower,0,2,12,1,15,0,0,11,3,14,0,2,23,4,29,0,0,0,29
09/09/2019,SLE,OR,ANM,WE,Federal Contract Tower,0,2,19,1,22,0,2,15,1,18,0,4,34,2,40,4,4,8,48
09/10/2019,SLE,OR,ANM,WE,Federal Contract Tower,0,6,8,4,18,0,3,15,18,36,0,9,23,22,54,4,6,10,64
09/11/2019,SLE,OR,ANM,WE,Federal Contract Tower,0,1,29,3,33,0,8,50,18,76,0,9,79,21,109,26,24,50,159
09/12/2019,SLE,OR,ANM,WE,Federal Contract Tower,0,0,17,7,24,0,10,87,12,109,0,10,104,19,133,68,16,84,217
09/13/2019,SLE,OR,ANM,WE,Federal Contract Tower,0,4,30,4,38,0,10,52,4,66,0,14,82,8,104,48,0,48,152
09/14/2019,SLE,OR,ANM,WE,Federal Contract Tower,0,0,4,0,4,0,0,66,0,66,0,0,70,0,70,126,0,126,196
09/15/2019,SLE,OR,ANM,WE,Federal Contract Tower,0,0,16,0,16,0,0,2,0,2,0,0,18,0,18,0,0,0,18
09/16/2019,SLE,OR,ANM,WE,Federal Contract Tower,0,3,12,0,15,0,10,4,0,14,0,13,16,0,29,2,0,2,31
09/17/2019,SLE,OR,ANM,WE,Federal Contract Tower,0,4,10,3,17,0,0,1,1,2,0,4,11,4,19,0,0,0,19
09/18/2019,SLE,OR,ANM,WE,Federal Contract Tower,0,7,29,7,43,0,3,18,0,21,0,10,47,7,64,0,16,16,80
09/19/2019,SLE,OR,ANM,WE,Federal Contract Tower,0,2,31,7,40,0,14,66,4,84,0,16,97,11,124,46,0,46,170
09/20/2019,SLE,OR,ANM,WE,Federal Contract Tower,0,1,28,3,32,0,11,48,5,64,0,12,76,8,96,25,6,31,127
09/21/2019,SLE,OR,ANM,WE,Federal Contract Tower,0,0,16,0,16,0,0,69,0,69,0,0,85,0,85,54,0,54,139
09/22/2019,SLE,OR,ANM,WE,Federal Contract Tower,0,0,5,0,5,0,2,0,2,4,0,2,5,2,9,0,0,0,9
09/23/2019,SLE,OR,ANM,WE,Federal Contract Tower,0,2,11,1,14,0,23,53,6,82,0,25,64,7,96,52,14,66,162
09/24/2019,SLE,OR,ANM,WE,Federal Contract Tower,0,2,28,4,34,0,24,47,9,80,0,26,75,13,114,34,6,40,154
09/25/2019,SLE,OR,ANM,WE,Federal Contract Tower,0,2,21,3,26,0,16,92,9,117,0,18,113,12,143,70,0,70,213
09/26/2019,SLE,OR,ANM,WE,Federal Contract Tower,0,7,10,4,21,0,10,31,14,55,0,17,41,18,76,24,42,66,142
09/27/2019,SLE,OR,ANM,WE,Federal Contract Tower,0,4,19,2,25,0,11,49,0,60,0,15,68,2,85,44,0,44,129
09/28/2019,SLE,OR,ANM,WE,Federal Contract Tower,0,1,16,0,17,0,0,34,0,34,0,1,50,0,51,54,0,54,105
09/29/2019,SLE,OR,ANM,WE,Federal Contract Tower,0,1,10,0,11,0,3,12,1,16,0,4,22,1,27,4,0,4,31
09/30/2019,SLE,OR,ANM,WE,Federal Contract Tower,0,0,13,4,17,0,22,77,2,101,0,22,90,6,118,70,0,70,188
10/01/2019,SLE,OR,ANM,WE,Federal Contract Tower,0,2,21,1,24,0,17,73,4,94,0,19,94,5,118,44,0,44,162
10/02/2019,SLE,OR,ANM,WE,Federal Contract Tower,0,2,25,6,33,0,23,52,3,78,0,25,77,9,111,50,22,72,183
10/03/2019,SLE,OR,ANM,WE,Federal Contract Tower,0,7,8,4,19,0,13,11,3,27,0,20,19,7,46,8,22,30,76
10/04/2019,SLE,OR,ANM,WE,Federal Contract Tower,0,7,22,3,32,0,10,32,6,48,0,17,54,9,80,46,0,46,126
10/05/2019,SLE,OR,ANM,WE,Federal Contract Tower,0,14,7,0,21,0,11,61,0,72,0,25,68,0,93,20,0,20,113
10/06/2019,SLE,OR,ANM,WE,Federal Contract Tower,0,0,17,0,17,0,0,67,0,67,0,0,84,0,84,56,0,56,140
10/07/2019,SLE,OR,ANM,WE,Federal Contract Tower,0,4,13,4,21,0,13,54,8,75,0,17,67,12,96,16,0,16,112
10/08/2019,SLE,OR,ANM,WE,Federal Contract Tower,0,4,10,0,14,0,13,30,6,49,0,17,40,6,63,48,8,56,119
10/09/2019,SLE,OR,ANM,WE,Federal Contract Tower,0,0,34,5,39,0,13,85,10,108,0,13,119,15,147,28,24,52,199
10/10/2019,SLE,OR,ANM,WE,Federal Contract Tower,0,2,16,5,23,0,17,56,11,84,0,19,72,16,107,64,8,72,179
10/11/2019,SLE,OR,ANM,WE,Federal Contract Tower,0,2,8,0,10,0,11,100,7,118,0,13,108,7,128,96,4,100,228
10/12/2019,SLE,OR,ANM,WE,Federal Contract Tower,0,0,12,0,12,0,2,66,0,68,0,2,78,0,80,66,0,66,146
10/13/2019,SLE,OR,ANM,WE,Federal Contract Tower,0,0,11,1,12,0,0,55,1,56,0,0,66,2,68,48,0,48,116
10/14/2019,SLE,OR,ANM,WE,Federal Contract Tower,0,2,30,0,32,0,19,75,0,94,0,21,105,0,126,84,0,84,210
10/15/2019,SLE,OR,ANM,WE,Federal Contract Tower,0,0,29,2,31,0,13,51,3,67,0,13,80,5,98,58,0,58,156
10/16/2019,SLE,OR,ANM,WE,Federal Contract Tower,0,3,11,0,14,0,3,3,3,9,0,6,14,3,23,0,10,10,33
10/17/2019,SLE,OR,ANM,WE,Federal Contract Tower,0,3,9,4,16,0,2,2,0,4,0,5,11,4,20,12,0,12,32
10/18/2019,SLE,OR,ANM,WE,Federal Contract Tower,0,4,13,5,22,0,1,17,9,27,0,5,30,14,49,22,4,26,75
10/19/2019,SLE,OR,ANM,WE,Federal Contract Tower,0,2,8,0,10,0,0,16,0,16,0,2,24,0,26,4,0,4,30
10/20/2019,SLE,OR,ANM,WE,Federal Contract Tower,0,0,4,3,7,0,2,7,1,10,0,2,11,4,17,24,4,28,45
10/21/2019,SLE,OR,ANM,WE,Federal Contract Tower,0,3,10,9,22,0,9,17,6,32,0,12,27,15,54,26,18,44,98
10/22/2019,SLE,OR,ANM,WE,Federal Contract Tower,0,3,16,3,22,0,16,16,8,40,0,19,32,11,62,26,22,48,110
10/23/2019,SLE,OR,ANM,WE,Federal Contract Tower,0,2,22,7,31,0,22,53,14,89,0,24,75,21,120,32,10,42,162
10/24/2019,SLE,OR,ANM,WE,Federal Contract Tower,0,7,28,1,36,0,21,92,17,130,0,28,120,18,166,50,12,62,228
10/25/2019,SLE,OR,ANM,WE,Federal Contract Tower,0,8,15,0,23,0,23,56,2,81,0,31,71,2,104,0,4,4,108
10/26/2019,SLE,OR,ANM,WE,Federal Contract Tower,0,0,20,0,20,0,0,47,0,47,0,0,67,0,67,32,0,32,99
10/27/2019,SLE,OR,ANM,WE,Federal Contract Tower,0,4,12,0,16,0,4,54,0,58,0,8,66,0,74,24,0,24,98
10/28/2019,SLE,OR,ANM,WE,Federal Contract Tower,0,2,8,2,12,0,6,61,3,70,0,8,69,5,82,56,0,56,138
10/29/2019,SLE,OR,ANM,WE,Federal Contract Tower,0,0,6,0,6,0,10,17,2,29,0,10,23,2,35,8,0,8,43
10/30/2019,SLE,OR,ANM,WE,Federal Contract Tower,0,0,22,3,25,0,8,78,9,95,0,8,100,12,120,60,12,72,192
10/31/2019,SLE,OR,ANM,WE,Federal Contract Tower,0,1,11,3,15,0,17,74,4,95,0,18,85,7,110,34,0,34,144
11/01/2019,SLE,OR,ANM,WE,Federal Contract Tower,0,2,8,2,12,0,10,67,5,82,0,12,75,7,94,46,18,64,158
11/02/2019,SLE,OR,ANM,WE,Federal Contract Tower,0,0,5,0,5,0,0,93,11,104,0,0,98,11,109,52,12,64,173
11/03/2019,SLE,OR,ANM,WE,Federal Contract Tower,0,0,8,2,10,0,0,65,3,68,0,0,73,5,78,40,0,40,118
11/04/2019,SLE,OR,ANM,WE,Federal Contract Tower,0,1,13,2,16,0,6,25,10,41,0,7,38,12,57,4,0,4,61
11/05/2019,SLE,OR,ANM,WE,Federal Contract Tower,0,4,8,0,12,0,0,0,0,0,0,4,8,0,12,0,0,0,12
11/07/2019,SLE,OR,ANM,WE,Federal Contract Tower,0,1,10,1,12,0,10,43,14,67,0,11,53,15,79,40,12,52,131
11/08/2019,SLE,OR,ANM,WE,Federal Contract Tower,0,5,23,2,30,0,4,51,4,59,0,9,74,6,89,42,0,42,131
11/09/2019,SLE,OR,ANM,WE,Federal Contract Tower,0,1,10,0,11,0,0,2,0,2,0,1,12,0,13,0,0,0,13
11/10/2019,SLE,OR,ANM,WE,Federal Contract Tower,0,6,14,0,20,0,0,0,0,0,0,6,14,0,20,0,0,0,20
11/11/2019,SLE,OR,ANM,WE,Federal Contract Tower,0,2,13,0,15,0,17,77,2,96,0,19,90,2,111,36,0,36,147
11/12/2019,SLE,OR,ANM,WE,Federal Contract Tower,0,4,20,6,30,0,0,4,0,4,0,4,24,6,34,22,0,22,56
11/13/2019,SLE,OR,ANM,WE,Federal Contract Tower,0,4,20,2,26,0,4,3,0,7,0,8,23,2,33,8,2,10,43
11/14/2019,SLE,OR,ANM,WE,Federal Contract Tower,0,5,8,2,15,0,3,24,0,27,0,8,32,2,42,30,0,30,72
11/15/2019,SLE,OR,ANM,WE,Federal Contract Tower,0,2,10,2,14,0,4,10,0,14,0,6,20,2,28,8,0,8,36
11/16/2019,SLE,OR,ANM,WE,Federal Contract Tower,0,0,11,2,13,0,0,19,0,19,0,0,30,2,32,18,0,18,50
11/17/2019,SLE,OR,ANM,WE,Federal Contract Tower,0,1,19,0,20,0,4,17,0,21,0,5,36,0,41,0,2,2,43
11/18/2019,SLE,OR,ANM,WE,Federal Contract Tower,0,7,7,2,16,0,0,0,2,2,0,7,7,4,18,0,12,12,30
11/19/2019,SLE,OR,ANM,WE,Federal Contract Tower,0,6,24,1,31,0,2,8,14,24,0,8,32,15,55,14,8,22,77
11/20/2019,SLE,OR,ANM,WE,Federal Contract Tower,0,2,14,12,28,0,10,42,7,59,0,12,56,19,87,12,0,12,99
11/21/2019,SLE,OR,ANM,WE,Federal Contract Tower,0,7,24,1,32,0,13,100,7,120,0,20,124,8,152,94,0,94,246
11/22/2019,SLE,OR,ANM,WE,Federal Contract Tower,0,8,24,4,36,0,18,105,6,129,0,26,129,10,165,54,4,58,223
11/23/2019,SLE,OR,ANM,WE,Federal Contract Tower,0,0,16,0,16,0,3,34,0,37,0,3,50,0,53,60,0,60,113
11/24/2019,SLE,OR,ANM,WE,Federal Contract Tower,0,4,2,0,6,0,0,18,0,18,0,4,20,0,24,26,0,26,50
11/25/2019,SLE,OR,ANM,WE,Federal Contract Tower,0,5,9,2,16,0,5,11,0,16,0,10,20,2,32,28,0,28,60
11/26/2019,SLE,OR,ANM,WE,Federal Contract Tower,0,4,12,0,16,0,1,4,3,8,0,5,16,3,24,0,0,0,24
11/27/2019,SLE,OR,ANM,WE,Federal Contract Tower,0,1,13,1,15,0,13,32,0,45,0,14,45,1,60,24,0,24,84
11/28/2019,SLE,OR,ANM,WE,Federal Contract Tower,0,2,1,0,3,0,0,11,0,11,0,2,12,0,14,8,0,8,22
11/29/2019,SLE,OR,ANM,WE,Federal Contract Tower,0,1,13,0,14,0,4,95,0,99,0,5,108,0,113,80,0,80,193
11/30/2019,SLE,OR,ANM,WE,Federal Contract Tower,0,0,9,0,9,0,3,41,1,45,0,3,50,1,54,28,0,28,82
12/01/2019,SLE,OR,ANM,WE,Federal Contract Tower,0,0,4,0,4,0,0,6,0,6,0,0,10,0,10,0,0,0,10
12/02/2019,SLE,OR,ANM,WE,Federal Contract Tower,0,9,13,2,24,0,11,33,3,47,0,20,46,5,71,38,6,44,115
12/03/2019,SLE,OR,ANM,WE,Federal Contract Tower,0,3,5,0,8,0,5,10,4,19,0,8,15,4,27,4,2,6,33
12/04/2019,SLE,OR,ANM,WE,Federal Contract Tower,0,9,23,2,34,0,9,12,2,23,0,18,35,4,57,36,0,36,93
12/05/2019,SLE,OR,ANM,WE,Federal Contract Tower,0,7,17,6,30,0,14,20,6,40,0,21,37,12,70,44,0,44,114
12/06/2019,SLE,OR,ANM,WE,Federal Contract Tower,0,6,18,0,24,0,9,29,0,38,0,15,47,0,62,28,0,28,90
12/07/2019,SLE,OR,ANM,WE,Federal Contract Tower,0,1,1,0,2,0,0,0,0,0,0,1,1,0,2,0,0,0,2
12/08/2019,SLE,OR,ANM,WE,Federal Contract Tower,0,2,4,1,7,0,0,0,0,0,0,2,4,1,7,22,0,22,29
12/09/2019,SLE,OR,ANM,WE,Federal Contract Tower,0,10,17,4,31,0,0,7,0,7,0,10,24,4,38,0,0,0,38
12/10/2019,SLE,OR,ANM,WE,Federal Contract Tower,0,8,6,0,14,0,0,0,0,0,0,8,6,0,14,0,0,0,14
12/11/2019,SLE,OR,ANM,WE,Federal Contract Tower,0,7,8,2,17,0,2,3,2,7,0,9,11,4,24,0,18,18,42
12/12/2019,SLE,OR,ANM,WE,Federal Contract Tower,0,6,2,0,8,0,2,0,0,2,0,8,2,0,10,0,0,0,10
12/13/2019,SLE,OR,ANM,WE,Federal Contract Tower,0,4,12,2,18,0,6,4,2,12,0,10,16,4,30,0,2,2,32
12/14/2019,SLE,OR,ANM,WE,Federal Contract Tower,0,2,8,0,10,0,1,27,0,28,0,3,35,0,38,20,0,20,58
12/15/2019,SLE,OR,ANM,WE,Federal Contract Tower,0,0,14,0,14,0,0,26,0,26,0,0,40,0,40,54,0,54,94
12/16/2019,SLE,OR,ANM,WE,Federal Contract Tower,0,4,21,4,29,0,11,46,7,64,0,15,67,11,93,74,2,76,169
12/17/2019,SLE,OR,ANM,WE,Federal Contract Tower,0,8,21,5,34,0,4,42,5,51,0,12,63,10,85,86,12,98,183
12/18/2019,SLE,OR,ANM,WE,Federal Contract Tower,0,9,5,2,16,0,4,17,6,27,0,13,22,8,43,10,32,42,85
12/19/2019,SLE,OR,ANM,WE,Federal Contract Tower,0,8,5,0,13,0,5,0,0,5,0,13,5,0,18,2,0,2,20
12/20/2019,SLE,OR,ANM,WE,Federal Contract Tower,0,5,0,0,5,0,8,7,0,15,0,13,7,0,20,6,0,6,26
12/21/2019,SLE,OR,ANM,WE,Federal Contract Tower,0,2,8,0,10,0,0,0,0,0,0,2,8,0,10,0,0,0,10
12/22/2019,SLE,OR,ANM,WE,Federal Contract Tower,0,3,3,0,6,0,0,2,0,2,0,3,5,0,8,2,0,2,10
12/23/2019,SLE,OR,ANM,WE,Federal Contract Tower,0,3,20,0,23,0,1,13,0,14,0,4,33,0,37,16,0,16,53
12/24/2019,SLE,OR,ANM,WE,Federal Contract Tower,0,6,3,0,9,0,0,0,0,0,0,6,3,0,9,0,0,0,9
12/25/2019,SLE,OR,ANM,WE,Federal Contract Tower,0,0,1,0,1,0,0,7,0,7,0,0,8,0,8,16,0,16,24
12/26/2019,SLE,OR,ANM,WE,Federal Contract Tower,0,2,8,0,10,0,3,45,2,50,0,5,53,2,60,64,0,64,124
12/27/2019,SLE,OR,ANM,WE,Federal Contract Tower,0,6,12,0,18,0,0,2,0,2,0,6,14,0,20,4,6,10,30
12/28/2019,SLE,OR,ANM,WE,Federal Contract Tower,0,1,1,0,2,0,0,0,0,0,0,1,1,0,2,0,0,0,2
12/29/2019,SLE,OR,ANM,WE,Federal Contract Tower,0,1,4,0,5,0,0,0,0,0,0,1,4,0,5,0,0,0,5
12/30/2019,SLE,OR,ANM,WE,Federal Contract Tower,0,5,12,1,18,0,10,74,3,87,0,15,86,4,105,76,0,76,181
12/31/2019,SLE,OR,ANM,WE,Federal Contract Tower,0,5,8,0,13,0,0,9,2,11,0,5,17,2,24,10,0,10,34
01/01/2020,SLE,OR,ANM,WE,Federal Contract Tower,0,0,2,0,2,0,0,5,0,5,0,0,7,0,7,18,0,18,25
01/02/2020,SLE,OR,ANM,WE,Federal Contract Tower,0,4,6,0,10,0,10,18,0,28,0,14,24,0,38,28,0,28,66
01/03/2020,SLE,OR,ANM,WE,Federal Contract Tower,0,9,16,0,25,0,8,59,6,73,0,17,75,6,98,32,14,46,144
01/04/2020,SLE,OR,ANM,WE,Federal Contract Tower,0,0,9,0,9,0,0,18,0,18,0,0,27,0,27,2,0,2,29
01/05/2020,SLE,OR,ANM,WE,Federal Contract Tower,0,0,6,0,6,0,0,4,0,4,0,0,10,0,10,0,0,0,10
01/06/2020,SLE,OR,ANM,WE,Federal Contract Tower,0,6,5,0,11,0,0,0,0,0,0,6,5,0,11,0,0,0,11
01/07/2020,SLE,OR,ANM,WE,Federal Contract Tower,0,4,8,4,16,0,7,7,7,21,0,11,15,11,37,0,128,128,165
01/08/2020,SLE,OR,ANM,WE,Federal Contract Tower,0,4,1,1,6,0,0,10,5,15,0,4,11,6,21,18,34,52,73
01/09/2020,SLE,OR,ANM,WE,Federal Contract Tower,0,7,10,2,19,0,5,3,5,13,0,12,13,7,32,2,80,82,114
01/10/2020,SLE,OR,ANM,WE,Federal Contract Tower,0,8,3,0,11,0,2,1,5,8,0,10,4,5,19,4,10,14,33
01/11/2020,SLE,OR,ANM,WE,Federal Contract Tower,0,0,1,0,1,0,0,10,0,10,0,0,11,0,11,56,0,56,67
01/12/2020,SLE,OR,ANM,WE,Federal Contract Tower,0,0,1,0,1,0,0,4,0,4,0,0,5,0,5,0,0,0,5
01/13/2020,SLE,OR,ANM,WE,Federal Contract Tower,0,6,4,0,10,0,0,0,0,0,0,6,4,0,10,0,0,0,10
01/14/2020,SLE,OR,ANM,WE,Federal Contract Tower,0,6,7,2,15,0,7,20,3,30,0,13,27,5,45,12,0,12,57
01/15/2020,SLE,OR,ANM,WE,Federal Contract Tower,0,4,5,0,9,0,7,9,3,19,0,11,14,3,28,0,10,10,38
01/16/2020,SLE,OR,ANM,WE,Federal Contract Tower,0,9,2,5,16,0,2,10,3,15,0,11,12,8,31,14,12,26,57
01/17/2020,SLE,OR,ANM,WE,Federal Contract Tower,0,5,5,2,12,0,2,3,6,11,0,7,8,8,23,2,2,4,27
01/18/2020,SLE,OR,ANM,WE,Federal Contract Tower,0,2,2,0,4,0,0,2,0,2,0,2,4,0,6,0,0,0,6
01/19/2020,SLE,OR,ANM,WE,Federal Contract Tower,0,0,9,0,9,0,1,10,0,11,0,1,19,0,20,32,0,32,52
01/20/2020,SLE,OR,ANM,WE,Federal Contract Tower,0,9,10,2,21,0,6,6,0,12,0,15,16,2,33,32,0,32,65
01/21/2020,SLE,OR,ANM,WE,Federal Contract Tower,0,6,8,0,14,0,3,8,9,20,0,9,16,9,34,12,46,58,92
01/22/2020,SLE,OR,ANM,WE,Federal Contract Tower,0,5,5,0,10,0,0,3,0,3,0,5,8,0,13,2,0,2,15
01/23/2020,SLE,OR,ANM,WE,Federal Contract Tower,0,5,12,6,23,0,6,11,2,19,0,11,23,8,42,8,0,8,50
01/24/2020,SLE,OR,ANM,WE,Federal Contract Tower,0,4,12,5,21,0,5,51,1,57,0,9,63,6,78,14,0,14,92
01/25/2020,SLE,OR,ANM,WE,Federal Contract Tower,0,0,16,0,16,0,0,58,0,58,0,0,74,0,74,72,0,72,146
01/26/2020,SLE,OR,ANM,WE,Federal Contract Tower,0,0,5,0,5,0,0,18,0,18,0,0,23,0,23,28,0,28,51
01/27/2020,SLE,OR,ANM,WE,Federal Contract Tower,0,2,4,8,14,0,4,17,16,37,0,6,21,24,51,28,16,44,95
01/29/2020,SLE,OR,ANM,WE,Federal Contract Tower,0,6,10,3,19,0,0,10,4,14,0,6,20,7,33,16,0,16,49
01/30/2020,SLE,OR,ANM,WE,Federal Contract Tower,0,5,22,1,28,0,12,51,11,74,0,17,73,12,102,64,24,88,190
01/31/2020,SLE,OR,ANM,WE,Federal Contract Tower,0,4,14,2,20,0,2,42,6,50,0,6,56,8,70,18,8,26,96
02/01/2020,SLE,OR,ANM,WE,Federal Contract Tower,0,0,18,0,18,0,0,9,0,9,0,0,27,0,27,2,0,2,29
02/02/2020,SLE,OR,ANM,WE,Federal Contract Tower,0,0,7,0,7,0,2,41,0,43,0,2,48,0,50,48,2,50,100
02/03/2020,SLE,OR,ANM,WE,Federal Contract Tower,0,5,9,3,17,0,7,44,3,54,0,12,53,6,71,28,2,30,101
02/04/2020,SLE,OR,ANM,WE,Federal Contract Tower,0,4,8,1,13,0,9,51,14,74,0,13,59,15,87,48,4,52,139
02/05/2020,SLE,OR,ANM,WE,Federal Contract Tower,0,4,11,2,17,0,0,1,0,1,0,4,12,2,18,0,32,32,50
02/06/2020,SLE,OR,ANM,WE,Federal Contract Tower,0,6,9,4,19,0,6,13,15,34,0,12,22,19,53,10,10,20,73
02/07/2020,SLE,OR,ANM,WE,Federal Contract Tower,0,5,11,5,21,0,0,7,0,7,0,5,18,5,28,14,0,14,42
02/08/2020,SLE,OR,ANM,WE,Federal Contract Tower,0,1,1,0,2,0,0,26,11,37,0,1,27,11,39,48,52,100,139
02/09/2020,SLE,OR,ANM,WE,Federal Contract Tower,0,3,7,0,10,0,0,63,3,66,0,3,70,3,76,78,202,280,356
02/10/2020,SLE,OR,ANM,WE,Federal Contract Tower,0,5,30,2,37,0,6,54,14,74,0,11,84,16,111,56,32,88,199
02/11/2020,SLE,OR,ANM,WE,Federal Contract Tower,0,5,4,0,9,0,9,28,8,45,0,14,32,8,54,40,24,64,118
02/12/2020,SLE,OR,ANM,WE,Federal Contract Tower,0,2,14,8,24,0,2,14,7,23,0,4,28,15,47,20,28,48,95
02/13/2020,SLE,OR,ANM,WE,Federal Contract Tower,0,7,14,4,25,0,0,0,0,0,0,7,14,4,25,0,8,8,33
02/14/2020,SLE,OR,ANM,WE,Federal Contract Tower,0,3,6,2,11,0,15,25,1,41,0,18,31,3,52,10,0,10,62
02/15/2020,SLE,OR,ANM,WE,Federal Contract Tower,0,2,4,0,6,0,0,0,0,0,0,2,4,0,6,0,0,0,6
02/16/2020,SLE,OR,ANM,WE,Federal Contract Tower,0,2,11,0,13,0,0,34,0,34,0,2,45,0,47,4,0,4,51
02/17/2020,SLE,OR,ANM,WE,Federal Contract Tower,0,3,21,0,24,0,1,50,0,51,0,4,71,0,75,28,0,28,103
02/18/2020,SLE,OR,ANM,WE,Federal Contract Tower,0,0,22,4,26,0,14,70,4,88,0,14,92,8,114,40,4,44,158
02/19/2020,SLE,OR,ANM,WE,Federal Contract Tower,0,4,20,0,24,0,9,101,4,114,0,13,121,4,138,76,8,84,222
02/20/2020,SLE,OR,ANM,WE,Federal Contract Tower,0,3,15,3,21,0,9,102,4,115,0,12,117,7,136,106,12,118,254
02/21/2020,SLE,OR,ANM,WE,Federal Contract Tower,0,6,9,0,15,0,21,87,5,113,0,27,96,5,128,64,26,90,218
02/22/2020,SLE,OR,ANM,WE,Federal Contract Tower,0,2,5,0,7,0,0,62,0,62,0,2,67,0,69,80,0,80,149
02/24/2020,SLE,OR,ANM,WE,Federal Contract Tower,0,3,11,4,18,0,3,48,15,66,0,6,59,19,84,92,16,108,192
02/25/2020,SLE,OR,ANM,WE,Federal Contract Tower,0,11,14,3,28,0,10,67,13,90,0,21,81,16,118,60,20,80,198
02/26/2020,SLE,OR,ANM,WE,Federal Contract Tower,0,3,23,1,27,0,13,63,15,91,0,16,86,16,118,82,18,100,218
02/27/2020,SLE,OR,ANM,WE,Federal Contract Tower,0,1,19,5,25,0,11,71,7,89,0,12,90,12,114,58,8,66,180
02/28/2020,SLE,OR,ANM,WE,Federal Contract Tower,0,4,7,2,13,0,13,36,6,55,0,17,43,8,68,32,0,32,100
02/29/2020,SLE,OR,ANM,WE,Federal Contract Tower,0,0,11,1,12,0,0,17,0,17,0,0,28,1,29,10,0,10,39
03/01/2020,SLE,OR,ANM,WE,Federal Contract Tower,0,0,4,0,4,0,3,38,0,41,0,3,42,0,45,40,0,40,85
03/02/2020,SLE,OR,ANM,WE,Federal Contract Tower,0,4,11,2,17,0,7,13,0,20,0,11,24,2,37,40,0,40,77
03/03/2020,SLE,OR,ANM,WE,Federal Contract Tower,0,1,8,1,10,0,12,25,10,47,0,13,33,11,57,64,6,70,127
03/04/2020,SLE,OR,ANM,WE,Federal Contract Tower,0,4,25,0,29,0,15,26,4,45,0,19,51,4,74,46,1,47,121
03/05/2020,SLE,OR,ANM,WE,Federal Contract Tower,0,3,18,1,22,0,24,47,1,72,0,27,65,2,94,31,0,31,125
03/06/2020,SLE,OR,ANM,WE,Federal Contract Tower,0,4,14,0,18,0,0,3,0,3,0,4,17,0,21,0,0,0,21
03/07/2020,SLE,OR,ANM,WE,Federal Contract Tower,0,0,3,4,7,0,0,5,6,11,0,0,8,10,18,2,24,26,44
03/08/2020,SLE,OR,ANM,WE,Federal Contract Tower,0,1,16,0,17,0,4,28,0,32,0,5,44,0,49,10,0,10,59
03/09/2020,SLE,OR,ANM,WE,Federal Contract Tower,0,0,10,12,22,0,9,69,9,87,0,9,79,21,109,24,0,24,133
03/10/2020,SLE,OR,ANM,WE,Federal Contract Tower,0,2,15,0,17,25,53,12,0,90,25,55,27,0,107,44,10,54,161
03/11/2020,SLE,OR,ANM,WE,Federal Contract Tower,0,2,11,1,14,0,16,35,10,61,0,18,46,11,75,32,17,49,124
03/12/2020,SLE,OR,ANM,WE,Federal Contract Tower,0,1,20,1,22,0,20,47,9,76,0,21,67,10,98,48,12,60,158
03/13/2020,SLE,OR,ANM,WE,Federal Contract Tower,0,4,3,2,9,0,2,0,0,2,0,6,3,2,11,0,0,0,11
03/14/2020,SLE,OR,ANM,WE,Federal Contract Tower,0,1,1,1,3,0,0,5,0,5,0,1,6,1,8,0,0,0,8
03/16/2020,SLE,OR,ANM,WE,Federal Contract Tower,0,2,6,4,12,0,7,40,8,55,0,9,46,12,67,16,40,56,123
03/17/2020,SLE,OR,ANM,WE,Federal Contract Tower,0,5,13,5,23,0,7,64,4,75,0,12,77,9,98,112,0,112,210
03/18/2020,SLE,OR,ANM,WE,Federal Contract Tower,0,1,8,1,10,0,9,39,3,51,0,10,47,4,61,44,6,50,111
03/19/2020,SLE,OR,ANM,WE,Federal Contract Tower,0,1,10,0,11,0,10,60,10,80,0,11,70,10,91,38,0,38,129
03/20/2020,SLE,OR,ANM,WE,Federal Contract Tower,0,1,3,0,4,0,13,52,4,69,0,14,55,4,73,76,4,80,153
03/21/2020,SLE,OR,ANM,WE,Federal Contract Tower,0,0,9,0,9,0,4,55,0,59,0,4,64,0,68,22,0,22,90
03/22/2020,SLE,OR,ANM,WE,Federal Contract Tower,0,0,8,0,8,0,0,67,0,67,0,0,75,0,75,34,0,34,109
03/23/2020,SLE,OR,ANM,WE,Federal Contract Tower,0,4,2,2,8,0,5,2,6,13,0,9,4,8,21,4,6,10,31
03/24/2020,SLE,OR,ANM,WE,Federal Contract Tower,0,8,0,0,8,0,3,2,10,15,0,11,2,10,23,4,2,6,29
03/25/2020,SLE,OR,ANM,WE,Federal Contract Tower,0,6,0,0,6,0,7,11,0,18,0,13,11,0,24,8,0,8,32
03/26/2020,SLE,OR,ANM,WE,Federal Contract Tower,0,6,3,0,9,0,12,28,0,40,0,18,31,0,49,24,0,24,73
03/27/2020,SLE,OR,ANM,WE,Federal Contract Tower,0,4,1,0,5,0,0,0,0,0,0,4,1,0,5,0,0,0,5
03/28/2020,SLE,OR,ANM,WE,Federal Contract Tower,0,0,0,0,0,0,0,0,0,0,0,0,0,0,0,0,0,0,0
03/29/2020,SLE,OR,ANM,WE,Federal Contract Tower,0,0,2,0,2,0,0,9,0,9,0,0,11,0,11,8,0,8,19
03/31/2020,SLE,OR,ANM,WE,Federal Contract Tower,0,2,5,1,8,0,7,5,0,12,0,9,10,1,20,6,0,6,26
04/01/2020,SLE,OR,ANM,WE,Federal Contract Tower,0,4,2,0,6,0,6,9,0,15,0,10,11,0,21,12,0,12,33
04/02/2020,SLE,OR,ANM,WE,Federal Contract Tower,0,3,4,0,7,0,9,7,0,16,0,12,11,0,23,6,0,6,29
04/03/2020,SLE,OR,ANM,WE,Federal Contract Tower,0,3,5,0,8,0,5,11,0,16,0,8,16,0,24,12,0,12,36
04/04/2020,SLE,OR,ANM,WE,Federal Contract Tower,0,2,1,0,3,0,0,6,0,6,0,2,7,0,9,2,0,2,11
04/05/2020,SLE,OR,ANM,WE,Federal Contract Tower,0,0,2,0,2,0,0,20,0,20,0,0,22,0,22,6,0,6,28
04/06/2020,SLE,OR,ANM,WE,Federal Contract Tower,0,6,3,0,9,0,3,12,3,18,0,9,15,3,27,12,0,12,39
04/07/2020,SLE,OR,ANM,WE,Federal Contract Tower,0,2,8,0,10,0,2,38,1,41,0,4,46,1,51,14,0,14,65
04/08/2020,SLE,OR,ANM,WE,Federal Contract Tower,0,6,12,0,18,0,26,49,12,87,0,32,61,12,105,22,2,24,129
04/09/2020,SLE,OR,ANM,WE,Federal Contract Tower,0,3,4,0,7,0,9,71,0,80,0,12,75,0,87,88,0,88,175
04/10/2020,SLE,OR,ANM,WE,Federal Contract Tower,0,2,5,0,7,0,3,63,0,66,0,5,68,0,73,8,0,8,81
04/11/2020,SLE,OR,ANM,WE,Federal Contract Tower,0,0,1,0,1,0,0,36,0,36,0,0,37,0,37,18,0,18,55
04/12/2020,SLE,OR,ANM,WE,Federal Contract Tower,0,0,4,0,4,0,2,25,0,27,0,2,29,0,31,2,0,2,33
04/13/2020,SLE,OR,ANM,WE,Federal Contract Tower,0,3,9,0,12,0,5,26,0,31,0,8,35,0,43,20,0,20,63
04/14/2020,SLE,OR,ANM,WE,Federal Contract Tower,0,2,13,0,15,0,7,33,0,40,0,9,46,0,55,22,0,22,77
04/15/2020,SLE,OR,ANM,WE,Federal Contract Tower,0,3,16,0,19,0,3,7,0,10,0,6,23,0,29,32,0,32,61
04/16/2020,SLE,OR,ANM,WE,Federal Contract Tower,0,13,4,0,17,0,7,47,0,54,0,20,51,0,71,0,0,0,71
04/17/2020,SLE,OR,ANM,WE,Federal Contract Tower,0,1,10,0,11,0,7,75,0,82,0,8,85,0,93,94,0,94,187
04/18/2020,SLE,OR,ANM,WE,Federal Contract Tower,0,0,4,0,4,0,0,2,0,2,0,0,6,0,6,6,0,6,12
04/19/2020,SLE,OR,ANM,WE,Federal Contract Tower,0,0,9,0,9,0,0,22,0,22,0,0,31,0,31,48,0,48,79
04/20/2020,SLE,OR,ANM,WE,Federal Contract Tower,0,2,6,0,8,0,10,36,2,48,0,12,42,2,56,37,0,37,93
04/21/2020,SLE,OR,ANM,WE,Federal Contract Tower,0,11,18,2,31,0,5,22,1,28,0,16,40,3,59,4,0,4,63
04/22/2020,SLE,OR,ANM,WE,Federal Contract Tower,0,4,6,0,10,0,0,0,0,0,0,4,6,0,10,0,0,0,10
04/23/2020,SLE,OR,ANM,WE,Federal Contract Tower,0,4,14,0,18,0,14,45,4,63,0,18,59,4,81,56,0,56,137
04/24/2020,SLE,OR,ANM,WE,Federal Contract Tower,0,1,6,0,7,0,1,3,0,4,0,2,9,0,11,0,0,0,11
04/25/2020,SLE,OR,ANM,WE,Federal Contract Tower,0,0,6,0,6,0,0,11,0,11,0,0,17,0,17,10,0,10,27
04/26/2020,SLE,OR,ANM,WE,Federal Contract Tower,0,1,4,0,5,0,0,54,0,54,0,1,58,0,59,24,0,24,83
04/27/2020,SLE,OR,ANM,WE,Federal Contract Tower,0,2,5,0,7,0,5,11,2,18,0,7,16,2,25,16,0,16,41
04/28/2020,SLE,OR,ANM,WE,Federal Contract Tower,0,0,8,0,8,0,18,53,3,74,0,18,61,3,82,46,6,52,134
04/29/2020,SLE,OR,ANM,WE,Federal Contract Tower,0,8,9,0,17,0,11,37,4,52,0,19,46,4,69,36,0,36,105
04/30/2020,SLE,OR,ANM,WE,Federal Contract Tower,0,7,1,0,8,0,17,35,0,52,0,24,36,0,60,48,0,48,108
05/01/2020,SLE,OR,ANM,WE,Federal Contract Tower,0,5,24,0,29,0,17,54,1,72,0,22,78,1,101,36,0,36,137
05/02/2020,SLE,OR,ANM,WE,Federal Contract Tower,0,0,3,0,3,0,1,2,0,3,0,1,5,0,6,0,0,0,6
05/03/2020,SLE,OR,ANM,WE,Federal Contract Tower,0,0,4,0,4,0,0,17,0,17,0,0,21,0,21,8,0,8,29
05/04/2020,SLE,OR,ANM,WE,Federal Contract Tower,0,7,4,4,15,0,0,21,2,23,0,7,25,6,38,22,4,26,64
05/05/2020,SLE,OR,ANM,WE,Federal Contract Tower,0,2,15,0,17,0,8,40,8,56,0,10,55,8,73,20,6,26,99
05/06/2020,SLE,OR,ANM,WE,Federal Contract Tower,0,3,5,0,8,0,8,43,1,52,0,11,48,1,60,28,8,36,96
05/07/2020,SLE,OR,ANM,WE,Federal Contract Tower,0,3,11,0,14,0,11,77,1,89,0,14,88,1,103,58,0,58,161
05/08/2020,SLE,OR,ANM,WE,Federal Contract Tower,0,0,3,0,3,0,10,75,0,85,0,10,78,0,88,24,0,24,112
05/09/2020,SLE,OR,ANM,WE,Federal Contract Tower,0,0,4,0,4,0,2,60,0,62,0,2,64,0,66,46,0,46,112
05/10/2020,SLE,OR,ANM,WE,Federal Contract Tower,0,2,4,0,6,0,1,24,0,25,0,3,28,0,31,32,0,32,63
05/11/2020,SLE,OR,ANM,WE,Federal Contract Tower,0,3,17,4,24,0,12,42,0,54,0,15,59,4,78,34,0,34,112
05/12/2020,SLE,OR,ANM,WE,Federal Contract Tower,0,5,3,0,8,0,0,5,2,7,0,5,8,2,15,10,0,10,25
05/13/2020,SLE,OR,ANM,WE,Federal Contract Tower,0,4,16,0,20,0,0,17,0,17,0,4,33,0,37,26,0,26,63
05/14/2020,SLE,OR,ANM,WE,Federal Contract Tower,0,4,13,6,23,0,2,1,1,4,0,6,14,7,27,12,2,14,41
05/15/2020,SLE,OR,ANM,WE,Federal Contract Tower,0,1,11,1,13,0,18,74,2,94,0,19,85,3,107,68,0,68,175
05/16/2020,SLE,OR,ANM,WE,Federal Contract Tower,0,0,8,0,8,0,0,13,0,13,0,0,21,0,21,28,0,28,49
05/17/2020,SLE,OR,ANM,WE,Federal Contract Tower,0,1,10,0,11,0,0,7,0,7,0,1,17,0,18,13,0,13,31
05/18/2020,SLE,OR,ANM,WE,Federal Contract Tower,0,6,6,2,14,0,2,1,0,3,0,8,7,2,17,0,0,0,17
05/19/2020,SLE,OR,ANM,WE,Federal Contract Tower,0,8,19,0,27,0,0,26,1,27,0,8,45,1,54,34,2,36,90
05/20/2020,SLE,OR,ANM,WE,Federal Contract Tower,0,6,14,0,20,0,0,6,0,6,0,6,20,0,26,0,0,0,26
05/21/2020,SLE,OR,ANM,WE,Federal Contract Tower,0,7,5,1,13,0,4,18,3,25,0,11,23,4,38,0,0,0,38
05/22/2020,SLE,OR,ANM,WE,Federal Contract Tower,0,3,2,0,5,0,9,46,0,55,0,12,48,0,60,46,0,46,106
05/23/2020,SLE,OR,ANM,WE,Federal Contract Tower,0,0,8,0,8,0,0,50,0,50,0,0,58,0,58,24,0,24,82
05/24/2020,SLE,OR,ANM,WE,Federal Contract Tower,0,2,8,0,10,0,0,57,0,57,0,2,65,0,67,50,0,50,117
05/25/2020,SLE,OR,ANM,WE,Federal Contract Tower,0,0,7,0,7,0,0,39,0,39,0,0,46,0,46,56,0,56,102
05/26/2020,SLE,OR,ANM,WE,Federal Contract Tower,0,3,15,1,19,0,11,37,0,48,0,14,52,1,67,84,0,84,151
05/28/2020,SLE,OR,ANM,WE,Federal Contract Tower,0,8,16,0,24,0,9,68,5,82,0,17,84,5,106,38,0,38,144
05/29/2020,SLE,OR,ANM,WE,Federal Contract Tower,0,2,26,0,28,0,8,90,0,98,0,10,116,0,126,90,0,90,216
05/30/2020,SLE,OR,ANM,WE,Federal Contract Tower,0,1,2,0,3,0,0,8,0,8,0,1,10,0,11,36,0,36,47
05/31/2020,SLE,OR,ANM,WE,Federal Contract Tower,0,0,12,0,12,0,0,42,0,42,0,0,54,0,54,12,0,12,66
06/01/2020,SLE,OR,ANM,WE,Federal Contract Tower,0,1,13,1,15,0,8,45,3,56,0,9,58,4,71,26,2,28,99
06/02/2020,SLE,OR,ANM,WE,Federal Contract Tower,0,1,11,0,12,0,16,110,0,126,0,17,121,0,138,93,0,93,231
06/03/2020,SLE,OR,ANM,WE,Federal Contract Tower,0,0,22,1,23,0,16,55,5,76,0,16,77,6,99,76,0,76,175
06/04/2020,SLE,OR,ANM,WE,Federal Contract Tower,0,3,13,2,18,0,13,67,0,80,0,16,80,2,98,50,0,50,148
06/05/2020,SLE,OR,ANM,WE,Federal Contract Tower,0,3,15,0,18,0,6,29,0,35,0,9,44,0,53,34,0,34,87
06/06/2020,SLE,OR,ANM,WE,Federal Contract Tower,0,0,8,0,8,0,0,10,3,13,0,0,18,3,21,0,0,0,21
06/07/2020,SLE,OR,ANM,WE,Federal Contract Tower,0,0,4,0,4,0,2,17,0,19,0,2,21,0,23,22,0,22,45
06/08/2020,SLE,OR,ANM,WE,Federal Contract Tower,0,3,18,0,21,0,5,36,4,45,0,8,54,4,66,58,0,58,124
06/09/2020,SLE,OR,ANM,WE,Federal Contract Tower,0,8,4,2,14,0,4,0,13,17,0,12,4,15,31,0,40,40,71
06/11/2020,SLE,OR,ANM,WE,Federal Contract Tower,0,4,15,7,26,0,10,60,16,86,0,14,75,23,112,68,34,102,214
06/12/2020,SLE,OR,ANM,WE,Federal Contract Tower,0,5,13,1,19,0,3,13,2,18,0,8,26,3,37,40,0,40,77
06/13/2020,SLE,OR,ANM,WE,Federal Contract Tower,0,0,9,5,14,0,0,8,7,15,0,0,17,12,29,0,0,0,29
06/14/2020,SLE,OR,ANM,WE,Federal Contract Tower,0,2,14,4,20,0,0,51,9,60,0,2,65,13,80,40,0,40,120
06/15/2020,SLE,OR,ANM,WE,Federal Contract Tower,0,2,5,13,20,0,3,4,8,15,0,5,9,21,35,6,4,10,45
06/16/2020,SLE,OR,ANM,WE,Federal Contract Tower,0,3,14,2,19,0,3,10,2,15,0,6,24,4,34,0,0,0,34
06/17/2020,SLE,OR,ANM,WE,Federal Contract Tower,0,3,9,0,12,0,19,70,16,105,0,22,79,16,117,134,8,142,259
06/18/2020,SLE,OR,ANM,WE,Federal Contract Tower,0,10,23,1,34,0,12,67,13,92,0,22,90,14,126,104,18,122,248
06/19/2020,SLE,OR,ANM,WE,Federal Contract Tower,0,3,19,0,22,0,10,69,9,88,0,13,88,9,110,130,0,130,240
06/20/2020,SLE,OR,ANM,WE,Federal Contract Tower,0,0,13,8,21,0,2,26,3,31,0,2,39,11,52,33,0,33,85
06/21/2020,SLE,OR,ANM,WE,Federal Contract Tower,0,2,14,0,16,0,0,49,7,56,0,2,63,7,72,54,0,54,126
06/22/2020,SLE,OR,ANM,WE,Federal Contract Tower,0,3,17,1,21,0,21,55,7,83,0,24,72,8,104,60,0,60,164
06/23/2020,SLE,OR,ANM,WE,Federal Contract Tower,0,10,22,1,33,0,12,64,4,80,0,22,86,5,113,46,0,46,159
06/24/2020,SLE,OR,ANM,WE,Federal Contract Tower,0,6,13,4,23,0,12,63,7,82,0,18,76,11,105,26,0,26,131
06/25/2020,SLE,OR,ANM,WE,Federal Contract Tower,0,4,7,4,15,0,8,58,6,72,0,12,65,10,87,54,2,56,143
06/26/2020,SLE,OR,ANM,WE,Federal Contract Tower,0,3,13,0,16,0,21,78,4,103,0,24,91,4,119,8,0,8,127
06/27/2020,SLE,OR,ANM,WE,Federal Contract Tower,0,2,26,1,29,0,6,52,12,70,0,8,78,13,99,31,0,31,130
06/28/2020,SLE,OR,ANM,WE,Federal Contract Tower,0,2,6,1,9,0,0,11,1,12,0,2,17,2,21,14,0,14,35
06/29/2020,SLE,OR,ANM,WE,Federal Contract Tower,0,3,10,1,14,0,6,44,0,50,0,9,54,1,64,100,0,100,164
06/30/2020,SLE,OR,ANM,WE,Federal Contract Tower,0,5,19,3,27,0,4,38,11,53,0,9,57,14,80,100,14,114,194
07/01/2020,SLE,OR,ANM,WE,Federal Contract Tower,0,4,3,0,7,0,8,30,2,40,0,12,33,2,47,44,2,46,93
07/02/2020,SLE,OR,ANM,WE,Federal Contract Tower,0,1,14,0,15,0,7,56,2,65,0,8,70,2,80,82,0,82,162
07/03/2020,SLE,OR,ANM,WE,Federal Contract Tower,0,0,13,0,13,0,2,44,0,46,0,2,57,0,59,26,0,26,85
07/04/2020,SLE,OR,ANM,WE,Federal Contract Tower,0,0,4,0,4,0,0,42,0,42,0,0,46,0,46,22,0,22,68
07/05/2020,SLE,OR,ANM,WE,Federal Contract Tower,0,0,10,0,10,0,3,49,0,52,0,3,59,0,62,30,0,30,92
07/06/2020,SLE,OR,ANM,WE,Federal Contract Tower,0,2,17,1,20,0,5,43,2,50,0,7,60,3,70,44,0,44,114
07/07/2020,SLE,OR,ANM,WE,Federal Contract Tower,0,4,13,0,17,0,9,24,5,38,0,13,37,5,55,20,2,22,77
07/08/2020,SLE,OR,ANM,WE,Federal Contract Tower,0,1,15,1,17,0,1,66,1,68,0,2,81,2,85,39,2,41,126
07/09/2020,SLE,OR,ANM,WE,Federal Contract Tower,0,1,7,2,10,0,23,76,15,114,0,24,83,17,124,28,6,34,158
07/10/2020,SLE,OR,ANM,WE,Federal Contract Tower,0,1,20,2,23,0,28,72,4,104,0,29,92,6,127,62,0,62,189
07/11/2020,SLE,OR,ANM,WE,Federal Contract Tower,0,0,8,2,10,0,0,59,25,84,0,0,67,27,94,28,33,61,155
07/12/2020,SLE,OR,ANM,WE,Federal Contract Tower,0,0,8,5,13,0,0,34,15,49,0,0,42,20,62,7,2,9,71
07/13/2020,SLE,OR,ANM,WE,Federal Contract Tower,0,2,12,2,16,0,7,53,4,64,0,9,65,6,80,42,2,44,124
07/14/2020,SLE,OR,ANM,WE,Federal Contract Tower,0,4,9,1,14,0,11,80,11,102,0,15,89,12,116,66,6,72,188
07/15/2020,SLE,OR,ANM,WE,Federal Contract Tower,0,3,9,0,12,0,21,54,8,83,0,24,63,8,95,40,20,60,155
07/16/2020,SLE,OR,ANM,WE,Federal Contract Tower,0,9,10,1,20,0,19,72,4,95,0,28,82,5,115,40,6,46,161
07/17/2020,SLE,OR,ANM,WE,Federal Contract Tower,0,6,9,4,19,0,5,70,0,75,0,11,79,4,94,60,0,60,154
07/18/2020,SLE,OR,ANM,WE,Federal Contract Tower,0,0,13,2,15,0,0,69,2,71,0,0,82,4,86,22,0,22,108
07/19/2020,SLE,OR,ANM,WE,Federal Contract Tower,0,3,10,0,13,0,4,76,2,82,0,7,86,2,95,21,4,25,120
07/20/2020,SLE,OR,ANM,WE,Federal Contract Tower,0,6,19,1,26,0,11,32,4,47,0,17,51,5,73,8,0,8,81
07/21/2020,SLE,OR,ANM,WE,Federal Contract Tower,0,3,21,0,24,0,11,61,8,80,0,14,82,8,104,78,0,78,182
07/22/2020,SLE,OR,ANM,WE,Federal Contract Tower,0,7,19,1,27,0,6,60,8,74,0,13,79,9,101,44,0,44,145
07/23/2020,SLE,OR,ANM,WE,Federal Contract Tower,0,4,28,4,36,0,10,56,2,68,0,14,84,6,104,38,18,56,160
07/24/2020,SLE,OR,ANM,WE,Federal Contract Tower,0,5,15,2,22,0,10,89,4,103,0,15,104,6,125,18,0,18,143
07/25/2020,SLE,OR,ANM,WE,Federal Contract Tower,0,1,2,0,3,0,2,61,2,65,0,3,63,2,68,36,0,36,104
07/26/2020,SLE,OR,ANM,WE,Federal Contract Tower,0,2,15,0,17,0,3,53,0,56,0,5,68,0,73,68,0,68,141
07/27/2020,SLE,OR,ANM,WE,Federal Contract Tower,0,3,6,0,9,0,11,51,5,67,0,14,57,5,76,46,2,48,124
07/28/2020,SLE,OR,ANM,WE,Federal Contract Tower,0,4,4,2,10,0,14,65,5,84,0,18,69,7,94,50,0,50,144
07/29/2020,SLE,OR,ANM,WE,Federal Contract Tower,0,2,4,2,8,0,7,40,13,60,0,9,44,15,68,30,18,48,116
07/30/2020,SLE,OR,ANM,WE,Federal Contract Tower,0,2,6,0,8,0,18,75,8,101,0,20,81,8,109,30,0,30,139
07/31/2020,SLE,OR,ANM,WE,Federal Contract Tower,0,3,9,0,12,0,15,83,0,98,0,18,92,0,110,90,0,90,200
08/01/2020,SLE,OR,ANM,WE,Federal Contract Tower,0,2,11,0,13,0,0,71,13,84,0,2,82,13,97,34,12,46,143
08/02/2020,SLE,OR,ANM,WE,Federal Contract Tower,0,0,14,2,16,0,0,62,9,71,0,0,76,11,87,47,4,51,138
08/03/2020,SLE,OR,ANM,WE,Federal Contract Tower,0,4,12,1,17,0,6,51,1,58,0,10,63,2,75,28,0,28,103
08/04/2020,SLE,OR,ANM,WE,Federal Contract Tower,0,1,5,2,8,0,15,40,12,67,0,16,45,14,75,42,26,68,143
08/05/2020,SLE,OR,ANM,WE,Federal Contract Tower,0,7,17,3,27,0,9,86,10,105,0,16,103,13,132,70,34,104,236
08/06/2020,SLE,OR,ANM,WE,Federal Contract Tower,0,2,10,2,14,0,2,20,11,33,0,4,30,13,47,10,22,32,79
08/07/2020,SLE,OR,ANM,WE,Federal Contract Tower,0,6,8,5,19,0,4,73,4,81,0,10,81,9,100,42,6,48,148
08/08/2020,SLE,OR,ANM,WE,Federal Contract Tower,0,4,20,0,24,0,2,83,8,93,0,6,103,8,117,34,8,42,159
08/09/2020,SLE,OR,ANM,WE,Federal Contract Tower,0,2,7,0,9,0,0,74,2,76,0,2,81,2,85,36,0,36,121
08/10/2020,SLE,OR,ANM,WE,Federal Contract Tower,0,4,9,8,21,0,10,62,5,77,0,14,71,13,98,26,18,44,142
08/11/2020,SLE,OR,ANM,WE,Federal Contract Tower,0,14,18,7,39,0,9,81,12,102,0,23,99,19,141,68,16,84,225
08/12/2020,SLE,OR,ANM,WE,Federal Contract Tower,0,11,5,10,26,0,14,67,10,91,0,25,72,20,117,102,2,104,221
08/13/2020,SLE,OR,ANM,WE,Federal Contract Tower,0,9,19,2,30,0,9,96,12,117,0,18,115,14,147,78,0,78,225
08/14/2020,SLE,OR,ANM,WE,Federal Contract Tower,0,5,10,7,22,0,4,53,5,62,0,9,63,12,84,54,2,56,140
08/15/2020,SLE,OR,ANM,WE,Federal Contract Tower,0,0,10,0,10,0,2,73,5,80,0,2,83,5,90,68,0,68,158
08/16/2020,SLE,OR,ANM,WE,Federal Contract Tower,0,2,6,4,12,0,1,45,4,50,0,3,51,8,62,10,0,10,72
08/17/2020,SLE,OR,ANM,WE,Federal Contract Tower,0,1,20,1,22,0,22,43,8,73,0,23,63,9,95,40,6,46,141
08/18/2020,SLE,OR,ANM,WE,Federal Contract Tower,0,3,15,1,19,0,12,67,6,85,0,15,82,7,104,38,0,38,142
08/19/2020,SLE,OR,ANM,WE,Federal Contract Tower,0,8,12,2,22,0,23,90,12,125,0,31,102,14,147,124,0,124,271
08/20/2020,SLE,OR,ANM,WE,Federal Contract Tower,0,4,9,2,15,0,10,72,10,92,0,14,81,12,107,64,16,80,187
08/21/2020,SLE,OR,ANM,WE,Federal Contract Tower,0,6,14,0,20,0,12,35,2,49,0,18,49,2,69,38,6,44,113
08/22/2020,SLE,OR,ANM,WE,Federal Contract Tower,0,0,12,0,12,0,6,93,9,108,0,6,105,9,120,22,0,22,142
08/23/2020,SLE,OR,ANM,WE,Federal Contract Tower,0,4,8,0,12,0,6,76,0,82,0,10,84,0,94,44,0,44,138
08/24/2020,SLE,OR,ANM,WE,Federal Contract Tower,0,3,18,2,23,0,11,72,2,85,0,14,90,4,108,26,0,26,134
08/25/2020,SLE,OR,ANM,WE,Federal Contract Tower,0,3,21,1,25,0,25,49,2,76,0,28,70,3,101,70,0,70,171
08/26/2020,SLE,OR,ANM,WE,Federal Contract Tower,0,9,27,0,36,0,22,65,1,88,0,31,92,1,124,74,0,74,198
08/27/2020,SLE,OR,ANM,WE,Federal Contract Tower,0,4,17,0,21,0,15,89,7,111,0,19,106,7,132,118,0,118,250
08/28/2020,SLE,OR,ANM,WE,Federal Contract Tower,0,5,23,0,28,0,17,105,5,127,0,22,128,5,155,52,0,52,207
08/29/2020,SLE,OR,ANM,WE,Federal Contract Tower,0,0,5,0,5,0,1,82,0,83,0,1,87,0,88,30,0,30,118
08/30/2020,SLE,OR,ANM,WE,Federal Contract Tower,0,0,5,0,5,0,1,47,2,50,0,1,52,2,55,60,0,60,115
08/31/2020,SLE,OR,ANM,WE,Federal Contract Tower,0,2,7,0,9,0,8,44,2,54,0,10,51,2,63,56,0,56,119
09/01/2020,SLE,OR,ANM,WE,Federal Contract Tower,0,2,9,3,14,0,8,77,0,85,0,10,86,3,99,62,0,62,161
09/02/2020,SLE,OR,ANM,WE,Federal Contract Tower,0,3,22,6,31,0,10,72,5,87,0,13,94,11,118,94,8,102,220
09/03/2020,SLE,OR,ANM,WE,Federal Contract Tower,0,5,6,0,11,0,13,58,3,74,0,18,64,3,85,122,2,124,209
09/04/2020,SLE,OR,ANM,WE,Federal Contract Tower,0,3,18,0,21,0,14,83,2,99,0,17,101,2,120,86,0,86,206
09/05/2020,SLE,OR,ANM,WE,Federal Contract Tower,0,5,14,0,19,0,0,79,0,79,0,5,93,0,98,54,0,54,152
09/06/2020,SLE,OR,ANM,WE,Federal Contract Tower,0,0,4,0,4,0,2,71,0,73,0,2,75,0,77,42,0,42,119
09/07/2020,SLE,OR,ANM,WE,Federal Contract Tower,0,0,13,0,13,0,2,41,3,46,0,2,54,3,59,16,0,16,75
09/08/2020,SLE,OR,ANM,WE,Federal Contract Tower,0,4,7,3,14,0,5,2,10,17,0,9,9,13,31,0,0,0,31
09/09/2020,SLE,OR,ANM,WE,Federal Contract Tower,0,9,10,0,19,0,0,4,2,6,0,9,14,2,25,0,0,0,25
09/10/2020,SLE,OR,ANM,WE,Federal Contract Tower,0,5,2,3,10,0,0,0,0,0,0,5,2,3,10,0,0,0,10
09/11/2020,SLE,OR,ANM,WE,Federal Contract Tower,0,7,2,0,9,0,0,0,0,0,0,7,2,0,9,0,0,0,9
09/12/2020,SLE,OR,ANM,WE,Federal Contract Tower,0,2,0,0,2,0,0,0,0,0,0,2,0,0,2,0,0,0,2
09/13/2020,SLE,OR,ANM,WE,Federal Contract Tower,0,0,2,0,2,0,0,0,0,0,0,0,2,0,2,0,0,0,2
09/14/2020,SLE,OR,ANM,WE,Federal Contract Tower,0,4,8,2,14,0,0,0,0,0,0,4,8,2,14,0,0,0,14
09/15/2020,SLE,OR,ANM,WE,Federal Contract Tower,0,8,8,0,16,0,0,0,0,0,0,8,8,0,16,0,0,0,16
09/16/2020,SLE,OR,ANM,WE,Federal Contract Tower,0,4,3,0,7,0,0,0,0,0,0,4,3,0,7,0,0,0,7
09/17/2020,SLE,OR,ANM,WE,Federal Contract Tower,0,2,5,0,7,0,0,0,0,0,0,2,5,0,7,2,0,2,9
09/18/2020,SLE,OR,ANM,WE,Federal Contract Tower,0,4,1,1,6,0,0,6,0,6,0,4,7,1,12,0,0,0,12
09/19/2020,SLE,OR,ANM,WE,Federal Contract Tower,0,0,9,3,12,0,1,23,2,26,0,1,32,5,38,8,0,8,46
09/20/2020,SLE,OR,ANM,WE,Federal Contract Tower,0,1,7,0,8,0,1,67,3,71,0,2,74,3,79,31,0,31,110
09/21/2020,SLE,OR,ANM,WE,Federal Contract Tower,0,4,13,4,21,0,9,62,5,76,0,13,75,9,97,38,0,38,135
09/22/2020,SLE,OR,ANM,WE,Federal Contract Tower,0,3,16,0,19,0,25,70,0,95,0,28,86,0,114,72,2,74,188
09/23/2020,SLE,OR,ANM,WE,Federal Contract Tower,0,13,13,0,26,0,11,21,4,36,0,24,34,4,62,20,8,28,90
09/24/2020,SLE,OR,ANM,WE,Federal Contract Tower,0,8,25,2,35,0,15,11,5,31,0,23,36,7,66,14,26,40,106
09/25/2020,SLE,OR,ANM,WE,Federal Contract Tower,0,6,5,0,11,0,0,3,1,4,0,6,8,1,15,0,2,2,17
09/26/2020,SLE,OR,ANM,WE,Federal Contract Tower,0,10,26,0,36,0,31,49,0,80,0,41,75,0,116,48,0,48,164
09/27/2020,SLE,OR,ANM,WE,Federal Contract Tower,0,3,19,0,22,0,8,76,2,86,0,11,95,2,108,32,0,32,140
09/28/2020,SLE,OR,ANM,WE,Federal Contract Tower,0,3,25,0,28,0,26,100,5,131,0,29,125,5,159,40,0,40,199
09/29/2020,SLE,OR,ANM,WE,Federal Contract Tower,0,7,15,2,24,0,16,98,1,115,0,23,113,3,139,116,4,120,259
09/30/2020,SLE,OR,ANM,WE,Federal Contract Tower,0,3,27,0,30,0,18,80,2,100,0,21,107,2,130,88,0,88,218
10/01/2020,SLE,OR,ANM,WE,Federal Contract Tower,0,6,16,0,22,0,10,37,4,51,0,16,53,4,73,54,4,58,131
10/02/2020,SLE,OR,ANM,WE,Federal Contract Tower,0,3,18,0,21,0,8,45,0,53,0,11,63,0,74,14,0,14,88
10/03/2020,SLE,OR,ANM,WE,Federal Contract Tower,0,5,8,0,13,0,0,66,0,66,0,5,74,0,79,46,0,46,125
10/04/2020,SLE,OR,ANM,WE,Federal Contract Tower,0,0,17,0,17,0,0,14,0,14,0,0,31,0,31,0,0,0,31
10/05/2020,SLE,OR,ANM,WE,Federal Contract Tower,0,4,16,0,20,0,3,38,8,49,0,7,54,8,69,46,4,50,119
10/06/2020,SLE,OR,ANM,WE,Federal Contract Tower,0,9,27,4,40,0,38,58,18,114,0,47,85,22,154,74,16,90,244
10/07/2020,SLE,OR,ANM,WE,Federal Contract Tower,0,8,22,3,33,0,25,62,10,97,0,33,84,13,130,46,22,68,198
10/08/2020,SLE,OR,ANM,WE,Federal Contract Tower,0,7,22,2,31,0,2,26,6,34,0,9,48,8,65,28,10,38,103
10/09/2020,SLE,OR,ANM,WE,Federal Contract Tower,0,7,14,0,21,0,9,44,0,53,0,16,58,0,74,18,0,18,92
10/10/2020,SLE,OR,ANM,WE,Federal Contract Tower,0,0,8,0,8,0,0,1,0,1,0,0,9,0,9,19,0,19,28
10/11/2020,SLE,OR,ANM,WE,Federal Contract Tower,0,0,8,0,8,0,0,7,0,7,0,0,15,0,15,12,0,12,27
10/12/2020,SLE,OR,ANM,WE,Federal Contract Tower,0,14,17,0,31,0,14,29,1,44,0,28,46,1,75,42,0,42,117
10/13/2020,SLE,OR,ANM,WE,Federal Contract Tower,0,4,7,2,13,0,3,4,1,8,0,7,11,3,21,0,0,0,21
10/14/2020,SLE,OR,ANM,WE,Federal Contract Tower,0,7,20,3,30,0,32,64,3,99,0,39,84,6,129,86,0,86,215
10/15/2020,SLE,OR,ANM,WE,Federal Contract Tower,0,5,32,3,40,0,10,89,1,100,0,15,121,4,140,40,0,40,180
10/16/2020,SLE,OR,ANM,WE,Federal Contract Tower,0,2,11,3,16,0,15,82,6,103,0,17,93,9,119,70,2,72,191
10/17/2020,SLE,OR,ANM,WE,Federal Contract Tower,0,1,24,2,27,0,0,21,16,37,0,1,45,18,64,52,14,66,130
10/18/2020,SLE,OR,ANM,WE,Federal Contract Tower,0,0,20,3,23,0,0,47,5,52,0,0,67,8,75,50,0,50,125
10/19/2020,SLE,OR,ANM,WE,Federal Contract Tower,0,3,14,3,20,0,10,35,8,53,0,13,49,11,73,28,2,30,103
10/20/2020,SLE,OR,ANM,WE,Federal Contract Tower,0,1,9,4,14,0,11,49,6,66,0,12,58,10,80,52,6,58,138
10/21/2020,SLE,OR,ANM,WE,Federal Contract Tower,0,7,25,1,33,0,2,58,28,88,0,9,83,29,121,62,20,82,203
10/22/2020,SLE,OR,ANM,WE,Federal Contract Tower,0,2,29,2,33,0,9,78,13,100,0,11,107,15,133,80,0,80,213
10/23/2020,SLE,OR,ANM,WE,Federal Contract Tower,0,2,16,2,20,0,4,42,5,51,0,6,58,7,71,52,18,70,141
10/24/2020,SLE,OR,ANM,WE,Federal Contract Tower,0,2,5,0,7,0,0,54,0,54,0,2,59,0,61,48,0,48,109
10/25/2020,SLE,OR,ANM,WE,Federal Contract Tower,0,2,10,0,12,0,3,54,0,57,0,5,64,0,69,14,0,14,83
10/26/2020,SLE,OR,ANM,WE,Federal Contract Tower,0,4,15,2,21,0,10,57,4,71,0,14,72,6,92,26,0,26,118
10/27/2020,SLE,OR,ANM,WE,Federal Contract Tower,0,2,20,2,24,0,6,56,1,63,0,8,76,3,87,80,4,84,171
10/28/2020,SLE,OR,ANM,WE,Federal Contract Tower,0,2,16,5,23,0,4,79,4,87,0,6,95,9,110,40,2,42,152
10/29/2020,SLE,OR,ANM,WE,Federal Contract Tower,0,6,19,5,30,0,2,42,1,45,0,8,61,6,75,64,0,64,139
10/30/2020,SLE,OR,ANM,WE,Federal Contract Tower,0,7,14,2,23,0,2,18,0,20,0,9,32,2,43,28,0,28,71
10/31/2020,SLE,OR,ANM,WE,Federal Contract Tower,0,2,23,0,25,0,0,55,0,55,0,2,78,0,80,74,0,74,154
11/01/2020,SLE,OR,ANM,WE,Federal Contract Tower,0,1,26,0,27,0,1,81,7,89,0,2,107,7,116,58,4,62,178
11/02/2020,SLE,OR,ANM,WE,Federal Contract Tower,0,3,15,2,20,0,7,90,11,108,0,10,105,13,128,80,2,82,210
11/03/2020,SLE,OR,ANM,WE,Federal Contract Tower,0,4,7,0,11,0,2,10,0,12,0,6,17,0,23,6,0,6,29
11/04/2020,SLE,OR,ANM,WE,Federal Contract Tower,0,3,14,2,19,0,11,24,6,41,0,14,38,8,60,30,4,34,94
11/05/2020,SLE,OR,ANM,WE,Federal Contract Tower,0,6,9,5,20,0,4,4,0,8,0,10,13,5,28,38,0,38,66
11/06/2020,SLE,OR,ANM,WE,Federal Contract Tower,0,5,15,2,22,0,4,10,2,16,0,9,25,4,38,2,2,4,42
11/07/2020,SLE,OR,ANM,WE,Federal Contract Tower,0,0,7,2,9,0,0,34,15,49,0,0,41,17,58,50,4,54,112
11/08/2020,SLE,OR,ANM,WE,Federal Contract Tower,0,0,20,1,21,0,0,80,9,89,0,0,100,10,110,90,4,94,204
11/09/2020,SLE,OR,ANM,WE,Federal Contract Tower,0,3,6,0,9,0,3,17,0,20,0,6,23,0,29,44,0,44,73
11/10/2020,SLE,OR,ANM,WE,Federal Contract Tower,0,2,4,0,6,0,2,7,5,14,0,4,11,5,20,0,12,12,32
11/11/2020,SLE,OR,ANM,WE,Federal Contract Tower,0,14,8,0,22,0,7,50,0,57,0,21,58,0,79,42,0,42,121
11/12/2020,SLE,OR,ANM,WE,Federal Contract Tower,0,4,13,0,17,0,2,17,0,19,0,6,30,0,36,22,0,22,58
11/13/2020,SLE,OR,ANM,WE,Federal Contract Tower,0,4,4,0,8,0,2,9,0,11,0,6,13,0,19,10,0,10,29
11/14/2020,SLE,OR,ANM,WE,Federal Contract Tower,0,2,0,0,2,0,0,5,0,5,0,2,5,0,7,18,0,18,25
11/15/2020,SLE,OR,ANM,WE,Federal Contract Tower,0,0,7,0,7,0,0,14,0,14,0,0,21,0,21,52,0,52,73
11/16/2020,SLE,OR,ANM,WE,Federal Contract Tower,0,3,7,0,10,0,2,18,2,22,0,5,25,2,32,34,0,34,66
11/17/2020,SLE,OR,ANM,WE,Federal Contract Tower,0,4,9,0,13,0,1,3,2,6,0,5,12,2,19,0,0,0,19
11/18/2020,SLE,OR,ANM,WE,Federal Contract Tower,0,5,14,1,20,0,0,3,0,3,0,5,17,1,23,0,0,0,23
11/19/2020,SLE,OR,ANM,WE,Federal Contract Tower,0,0,8,9,17,0,0,18,2,20,0,0,26,11,37,26,2,28,65
11/20/2020,SLE,OR,ANM,WE,Federal Contract Tower,0,7,13,0,20,0,0,0,0,0,0,7,13,0,20,0,0,0,20
11/21/2020,SLE,OR,ANM,WE,Federal Contract Tower,0,1,19,0,20,0,0,0,0,0,0,1,19,0,20,0,0,0,20
11/22/2020,SLE,OR,ANM,WE,Federal Contract Tower,0,1,9,0,10,0,0,3,0,3,0,1,12,0,13,30,0,30,43
11/23/2020,SLE,OR,ANM,WE,Federal Contract Tower,0,4,18,2,24,0,1,10,0,11,0,5,28,2,35,46,0,46,81
11/24/2020,SLE,OR,ANM,WE,Federal Contract Tower,0,6,10,0,16,0,5,20,0,25,0,11,30,0,41,2,0,2,43
11/25/2020,SLE,OR,ANM,WE,Federal Contract Tower,0,3,8,0,11,0,2,13,0,15,0,5,21,0,26,20,0,20,46
11/26/2020,SLE,OR,ANM,WE,Federal Contract Tower,0,0,13,0,13,0,0,13,0,13,0,0,26,0,26,64,0,64,90
11/27/2020,SLE,OR,ANM,WE,Federal Contract Tower,0,4,4,0,8,0,0,0,0,0,0,4,4,0,8,0,0,0,8
11/28/2020,SLE,OR,ANM,WE,Federal Contract Tower,0,2,18,0,20,0,0,0,0,0,0,2,18,0,20,0,0,0,20
11/29/2020,SLE,OR,ANM,WE,Federal Contract Tower,0,1,20,0,21,0,0,0,0,0,0,1,20,0,21,0,0,0,21
11/30/2020,SLE,OR,ANM,WE,Federal Contract Tower,0,2,8,0,10,0,4,58,0,62,0,6,66,0,72,142,0,142,214
12/01/2020,SLE,OR,ANM,WE,Federal Contract Tower,0,2,10,0,12,0,8,45,5,58,0,10,55,5,70,44,4,48,118
12/02/2020,SLE,OR,ANM,WE,Federal Contract Tower,0,3,25,1,29,0,7,82,3,92,0,10,107,4,121,118,0,118,239
12/03/2020,SLE,OR,ANM,WE,Federal Contract Tower,0,4,21,0,25,0,3,88,19,110,0,7,109,19,135,72,0,72,207
12/04/2020,SLE,OR,ANM,WE,Federal Contract Tower,0,3,28,0,31,0,4,76,3,83,0,7,104,3,114,72,0,72,186
12/05/2020,SLE,OR,ANM,WE,Federal Contract Tower,0,4,7,0,11,0,1,105,0,106,0,5,112,0,117,60,0,60,177
12/06/2020,SLE,OR,ANM,WE,Federal Contract Tower,0,1,11,0,12,0,0,22,0,22,0,1,33,0,34,10,0,10,44
12/07/2020,SLE,OR,ANM,WE,Federal Contract Tower,0,4,13,1,18,0,0,27,1,28,0,4,40,2,46,48,0,48,94
12/08/2020,SLE,OR,ANM,WE,Federal Contract Tower,0,10,3,0,13,0,3,31,0,34,0,13,34,0,47,74,0,74,121
12/09/2020,SLE,OR,ANM,WE,Federal Contract Tower,0,6,6,2,14,0,3,39,0,42,0,9,45,2,56,70,0,70,126
12/10/2020,SLE,OR,ANM,WE,Federal Contract Tower,0,9,11,2,22,0,0,0,0,0,0,9,11,2,22,4,0,4,26
12/11/2020,SLE,OR,ANM,WE,Federal Contract Tower,0,4,1,2,7,0,2,4,0,6,0,6,5,2,13,10,0,10,23
12/12/2020,SLE,OR,ANM,WE,Federal Contract Tower,0,0,22,0,22,0,0,43,0,43,0,0,65,0,65,48,0,48,113
12/13/2020,SLE,OR,ANM,WE,Federal Contract Tower,0,0,1,0,1,0,0,2,0,2,0,0,3,0,3,4,0,4,7
12/14/2020,SLE,OR,ANM,WE,Federal Contract Tower,0,6,14,0,20,0,4,46,13,63,0,10,60,13,83,48,6,54,137
12/15/2020,SLE,OR,ANM,WE,Federal Contract Tower,0,3,2,0,5,0,3,1,1,5,0,6,3,1,10,0,52,52,62
12/16/2020,SLE,OR,ANM,WE,Federal Contract Tower,0,5,4,0,9,0,2,8,5,15,0,7,12,5,24,12,2,14,38
12/17/2020,SLE,OR,ANM,WE,Federal Contract Tower,0,4,12,0,16,0,13,10,5,28,0,17,22,5,44,44,14,58,102
12/18/2020,SLE,OR,ANM,WE,Federal Contract Tower,0,3,11,0,14,0,9,40,6,55,0,12,51,6,69,26,2,28,97
12/19/2020,SLE,OR,ANM,WE,Federal Contract Tower,0,0,8,0,8,0,2,4,0,6,0,2,12,0,14,6,0,6,20
12/20/2020,SLE,OR,ANM,WE,Federal Contract Tower,0,0,9,0,9,0,0,0,0,0,0,0,9,0,9,0,0,0,9
12/21/2020,SLE,OR,ANM,WE,Federal Contract Tower,0,4,9,0,13,0,0,0,0,0,0,4,9,0,13,4,0,4,17
12/22/2020,SLE,OR,ANM,WE,Federal Contract Tower,0,3,13,0,16,0,5,37,4,46,0,8,50,4,62,68,0,68,130
12/23/2020,SLE,OR,ANM,WE,Federal Contract Tower,0,7,19,0,26,0,7,42,0,49,0,14,61,0,75,66,0,66,141
12/24/2020,SLE,OR,ANM,WE,Federal Contract Tower,0,4,2,0,6,0,0,0,0,0,0,4,2,0,6,0,0,0,6
12/25/2020,SLE,OR,ANM,WE,Federal Contract Tower,0,0,0,0,0,0,0,0,0,0,0,0,0,0,0,0,0,0,0
12/26/2020,SLE,OR,ANM,WE,Federal Contract Tower,0,0,5,0,5,0,3,8,0,11,0,3,13,0,16,18,0,18,34
12/27/2020,SLE,OR,ANM,WE,Federal Contract Tower,0,2,17,0,19,0,0,66,0,66,0,2,83,0,85,34,0,34,119
12/28/2020,SLE,OR,ANM,WE,Federal Contract Tower,0,3,21,0,24,0,9,90,0,99,0,12,111,0,123,100,0,100,223
12/29/2020,SLE,OR,ANM,WE,Federal Contract Tower,0,3,19,0,22,0,6,38,0,44,0,9,57,0,66,20,0,20,86
12/30/2020,SLE,OR,ANM,WE,Federal Contract Tower,0,3,10,0,13,0,1,0,0,1,0,4,10,0,14,0,0,0,14
12/31/2020,SLE,OR,ANM,WE,Federal Contract Tower,0,3,13,0,16,0,1,11,0,12,0,4,24,0,28,10,0,10,38
01/01/2021,SLE,OR,ANM,WE,Federal Contract Tower,0,0,1,0,1,0,2,14,0,16,0,2,15,0,17,12,0,12,29
01/02/2021,SLE,OR,ANM,WE,Federal Contract Tower,0,0,2,0,2,0,0,0,0,0,0,0,2,0,2,0,0,0,2
01/03/2021,SLE,OR,ANM,WE,Federal Contract Tower,0,3,14,0,17,0,0,35,0,35,0,3,49,0,52,46,0,46,98
01/04/2021,SLE,OR,ANM,WE,Federal Contract Tower,0,3,2,0,5,0,5,4,0,9,0,8,6,0,14,20,0,20,34
01/05/2021,SLE,OR,ANM,WE,Federal Contract Tower,0,2,16,2,20,0,8,25,2,35,0,10,41,4,55,34,0,34,89
01/06/2021,SLE,OR,ANM,WE,Federal Contract Tower,0,6,11,0,17,0,3,0,0,3,0,9,11,0,20,8,0,8,28
01/07/2021,SLE,OR,ANM,WE,Federal Contract Tower,0,2,24,3,29,0,8,60,4,72,0,10,84,7,101,84,4,88,189
01/08/2021,SLE,OR,ANM,WE,Federal Contract Tower,0,3,5,2,10,0,2,24,2,28,0,5,29,4,38,20,12,32,70
01/09/2021,SLE,OR,ANM,WE,Federal Contract Tower,0,0,15,0,15,0,0,0,0,0,0,0,15,0,15,0,0,0,15
01/10/2021,SLE,OR,ANM,WE,Federal Contract Tower,0,0,8,0,8,0,0,2,0,2,0,0,10,0,10,0,0,0,10
01/11/2021,SLE,OR,ANM,WE,Federal Contract Tower,0,3,13,0,16,0,2,20,1,23,0,5,33,1,39,52,2,54,93
01/12/2021,SLE,OR,ANM,WE,Federal Contract Tower,0,5,5,0,10,0,0,0,0,0,0,5,5,0,10,0,0,0,10
01/13/2021,SLE,OR,ANM,WE,Federal Contract Tower,0,6,24,2,32,0,19,69,16,104,0,25,93,18,136,42,4,46,182
01/14/2021,SLE,OR,ANM,WE,Federal Contract Tower,0,7,34,0,41,0,7,49,16,72,0,14,83,16,113,66,10,76,189
01/15/2021,SLE,OR,ANM,WE,Federal Contract Tower,0,2,17,0,19,0,0,0,0,0,0,2,17,0,19,0,0,0,19
01/16/2021,SLE,OR,ANM,WE,Federal Contract Tower,0,0,21,0,21,0,2,5,0,7,0,2,26,0,28,10,0,10,38
01/17/2021,SLE,OR,ANM,WE,Federal Contract Tower,0,0,16,0,16,0,0,8,0,8,0,0,24,0,24,4,0,4,28
01/18/2021,SLE,OR,ANM,WE,Federal Contract Tower,0,0,18,0,18,0,0,53,0,53,0,0,71,0,71,70,0,70,141
01/19/2021,SLE,OR,ANM,WE,Federal Contract Tower,0,13,9,0,22,0,9,69,2,80,0,22,78,2,102,92,0,92,194
01/20/2021,SLE,OR,ANM,WE,Federal Contract Tower,0,4,42,1,47,0,7,75,2,84,0,11,117,3,131,56,0,56,187
01/21/2021,SLE,OR,ANM,WE,Federal Contract Tower,0,4,8,5,17,0,4,0,2,6,0,8,8,7,23,0,0,0,23
01/22/2021,SLE,OR,ANM,WE,Federal Contract Tower,0,3,33,1,37,0,13,80,6,99,0,16,113,7,136,44,4,48,184
01/23/2021,SLE,OR,ANM,WE,Federal Contract Tower,0,0,8,0,8,0,6,88,3,97,0,6,96,3,105,70,0,70,175
01/24/2021,SLE,OR,ANM,WE,Federal Contract Tower,0,0,0,0,0,0,0,0,4,4,0,0,0,4,4,0,0,0,4
01/25/2021,SLE,OR,ANM,WE,Federal Contract Tower,0,3,11,2,16,0,1,9,5,15,0,4,20,7,31,0,12,12,43
01/26/2021,SLE,OR,ANM,WE,Federal Contract Tower,0,4,2,0,6,0,0,9,1,10,0,4,11,1,16,12,0,12,28
01/27/2021,SLE,OR,ANM,WE,Federal Contract Tower,0,4,5,2,11,0,4,1,1,6,0,8,6,3,17,24,0,24,41
01/28/2021,SLE,OR,ANM,WE,Federal Contract Tower,0,4,8,0,12,0,7,17,7,31,0,11,25,7,43,80,20,100,143
01/29/2021,SLE,OR,ANM,WE,Federal Contract Tower,0,6,10,0,16,0,0,12,0,12,0,6,22,0,28,32,0,32,60
01/30/2021,SLE,OR,ANM,WE,Federal Contract Tower,0,2,2,0,4,0,0,12,3,15,0,2,14,3,19,6,0,6,25
01/31/2021,SLE,OR,ANM,WE,Federal Contract Tower,0,1,11,0,12,0,0,10,0,10,0,1,21,0,22,2,0,2,24
02/01/2021,SLE,OR,ANM,WE,Federal Contract Tower,0,3,4,0,7,0,2,2,1,5,0,5,6,1,12,18,0,18,30
02/02/2021,SLE,OR,ANM,WE,Federal Contract Tower,0,4,7,0,11,0,9,7,0,16,0,13,14,0,27,6,0,6,33
02/03/2021,SLE,OR,ANM,WE,Federal Contract Tower,0,1,12,0,13,0,9,30,3,42,0,10,42,3,55,26,18,44,99
02/04/2021,SLE,OR,ANM,WE,Federal Contract Tower,0,5,11,3,19,0,5,33,10,48,0,10,44,13,67,54,30,84,151
02/05/2021,SLE,OR,ANM,WE,Federal Contract Tower,0,4,16,2,22,0,1,5,2,8,0,5,21,4,30,22,8,30,60
02/06/2021,SLE,OR,ANM,WE,Federal Contract Tower,0,0,9,1,10,0,1,9,6,16,0,1,18,7,26,26,24,50,76
02/07/2021,SLE,OR,ANM,WE,Federal Contract Tower,0,0,4,1,5,0,0,11,2,13,0,0,15,3,18,26,6,32,50
02/08/2021,SLE,OR,ANM,WE,Federal Contract Tower,0,3,6,0,9,0,4,33,0,37,0,7,39,0,46,64,0,64,110
02/09/2021,SLE,OR,ANM,WE,Federal Contract Tower,0,4,28,2,34,0,7,67,3,77,0,11,95,5,111,24,2,26,137
02/10/2021,SLE,OR,ANM,WE,Federal Contract Tower,0,5,8,2,15,0,8,83,14,105,0,13,91,16,120,162,18,180,300
02/11/2021,SLE,OR,ANM,WE,Federal Contract Tower,0,6,2,2,10,0,0,0,0,0,0,6,2,2,10,0,0,0,10
02/12/2021,SLE,OR,ANM,WE,Federal Contract Tower,0,0,0,0,0,0,0,0,0,0,0,0,0,0,0,0,0,0,0
02/14/2021,SLE,OR,ANM,WE,Federal Contract Tower,0,4,1,0,5,0,0,0,0,0,0,4,1,0,5,0,0,0,5
02/15/2021,SLE,OR,ANM,WE,Federal Contract Tower,0,7,6,0,13,0,1,1,0,2,0,8,7,0,15,0,0,0,15
02/16/2021,SLE,OR,ANM,WE,Federal Contract Tower,0,3,27,4,34,0,10,19,0,29,0,13,46,4,63,16,0,16,79
02/17/2021,SLE,OR,ANM,WE,Federal Contract Tower,0,3,13,0,16,0,24,33,0,57,0,27,46,0,73,82,0,82,155
02/18/2021,SLE,OR,ANM,WE,Federal Contract Tower,0,4,12,3,19,0,7,0,0,7,0,11,12,3,26,0,0,0,26
02/19/2021,SLE,OR,ANM,WE,Federal Contract Tower,0,11,2,0,13,0,3,11,2,16,0,14,13,2,29,8,12,20,49
02/20/2021,SLE,OR,ANM,WE,Federal Contract Tower,0,0,18,0,18,0,0,24,0,24,0,0,42,0,42,38,0,38,80
02/21/2021,SLE,OR,ANM,WE,Federal Contract Tower,0,1,11,0,12,0,0,2,0,2,0,1,13,0,14,10,0,10,24
02/22/2021,SLE,OR,ANM,WE,Federal Contract Tower,0,5,15,0,20,0,0,0,2,2,0,5,15,2,22,0,16,16,38
02/23/2021,SLE,OR,ANM,WE,Federal Contract Tower,0,5,8,2,15,0,22,23,8,53,0,27,31,10,68,44,18,62,130
02/24/2021,SLE,OR,ANM,WE,Federal Contract Tower,0,4,20,0,24,0,4,77,5,86,0,8,97,5,110,84,10,94,204
02/25/2021,SLE,OR,ANM,WE,Federal Contract Tower,0,5,3,0,8,0,0,5,3,8,0,5,8,3,16,10,38,48,64
02/26/2021,SLE,OR,ANM,WE,Federal Contract Tower,0,5,9,2,16,0,0,2,1,3,0,5,11,3,19,8,2,10,29
02/27/2021,SLE,OR,ANM,WE,Federal Contract Tower,0,0,4,0,4,0,3,65,0,68,0,3,69,0,72,88,0,88,160
02/28/2021,SLE,OR,ANM,WE,Federal Contract Tower,0,0,9,0,9,0,0,127,0,127,0,0,136,0,136,139,0,139,275
03/01/2021,SLE,OR,ANM,WE,Federal Contract Tower,0,1,18,0,19,0,14,96,5,115,0,15,114,5,134,76,6,82,216
03/02/2021,SLE,OR,ANM,WE,Federal Contract Tower,0,4,22,11,37,0,5,64,1,70,0,9,86,12,107,46,0,46,153
03/04/2021,SLE,OR,ANM,WE,Federal Contract Tower,0,4,34,2,40,0,6,46,6,58,0,10,80,8,98,70,20,90,188
03/05/2021,SLE,OR,ANM,WE,Federal Contract Tower,0,3,7,2,12,0,1,1,4,6,0,4,8,6,18,0,18,18,36
03/06/2021,SLE,OR,ANM,WE,Federal Contract Tower,0,0,11,1,12,0,0,39,17,56,0,0,50,18,68,12,8,20,88
03/07/2021,SLE,OR,ANM,WE,Federal Contract Tower,0,0,6,4,10,0,2,11,9,22,0,2,17,13,32,4,20,24,56
03/08/2021,SLE,OR,ANM,WE,Federal Contract Tower,0,4,10,1,15,0,10,45,7,62,0,14,55,8,77,26,16,42,119
03/09/2021,SLE,OR,ANM,WE,Federal Contract Tower,0,6,20,3,29,0,9,39,16,64,0,15,59,19,93,28,36,64,157
03/10/2021,SLE,OR,ANM,WE,Federal Contract Tower,0,3,15,2,20,0,15,11,14,40,0,18,26,16,60,54,6,60,120
03/11/2021,SLE,OR,ANM,WE,Federal Contract Tower,0,2,24,0,26,0,7,96,21,124,0,9,120,21,150,140,10,150,300
03/12/2021,SLE,OR,ANM,WE,Federal Contract Tower,0,5,25,0,30,0,14,96,6,116,0,19,121,6,146,76,2,78,224
03/13/2021,SLE,OR,ANM,WE,Federal Contract Tower,0,0,7,0,7,0,1,107,0,108,0,1,114,0,115,62,0,62,177
03/14/2021,SLE,OR,ANM,WE,Federal Contract Tower,0,0,4,0,4,0,0,7,0,7,0,0,11,0,11,0,0,0,11
03/15/2021,SLE,OR,ANM,WE,Federal Contract Tower,0,7,16,2,25,0,12,54,1,67,0,19,70,3,92,52,0,52,144
03/16/2021,SLE,OR,ANM,WE,Federal Contract Tower,0,4,17,6,27,0,11,77,6,94,0,15,94,12,121,63,4,67,188
03/17/2021,SLE,OR,ANM,WE,Federal Contract Tower,0,4,16,2,22,0,16,80,5,101,0,20,96,7,123,81,0,81,204
03/18/2021,SLE,OR,ANM,WE,Federal Contract Tower,0,4,5,2,11,0,0,9,0,9,0,4,14,2,20,14,0,14,34
03/19/2021,SLE,OR,ANM,WE,Federal Contract Tower,0,8,2,2,12,0,2,3,0,5,0,10,5,2,17,12,0,12,29
03/20/2021,SLE,OR,ANM,WE,Federal Contract Tower,0,0,9,0,9,0,0,6,0,6,0,0,15,0,15,2,0,2,17
03/21/2021,SLE,OR,ANM,WE,Federal Contract Tower,0,0,3,0,3,0,2,24,0,26,0,2,27,0,29,22,0,22,51
03/22/2021,SLE,OR,ANM,WE,Federal Contract Tower,0,2,3,0,5,0,6,24,2,32,0,8,27,2,37,32,0,32,69
03/23/2021,SLE,OR,ANM,WE,Federal Contract Tower,0,2,21,2,25,0,19,77,12,108,0,21,98,14,133,34,10,44,177
03/24/2021,SLE,OR,ANM,WE,Federal Contract Tower,0,4,4,1,9,0,0,0,4,4,0,4,4,5,13,18,10,28,41
03/25/2021,SLE,OR,ANM,WE,Federal Contract Tower,0,1,17,6,24,0,3,12,11,26,0,4,29,17,50,8,22,30,80
03/26/2021,SLE,OR,ANM,WE,Federal Contract Tower,0,1,21,2,24,0,8,85,8,101,0,9,106,10,125,74,0,74,199
03/27/2021,SLE,OR,ANM,WE,Federal Contract Tower,0,0,9,1,10,0,2,99,2,103,0,2,108,3,113,80,0,80,193
03/28/2021,SLE,OR,ANM,WE,Federal Contract Tower,0,1,3,0,4,0,0,7,0,7,0,1,10,0,11,18,0,18,29
03/29/2021,SLE,OR,ANM,WE,Federal Contract Tower,0,2,8,0,10,0,18,24,0,42,0,20,32,0,52,18,0,18,70
03/30/2021,SLE,OR,ANM,WE,Federal Contract Tower,0,2,15,11,28,0,15,56,8,79,0,17,71,19,107,43,2,45,152
03/31/2021,SLE,OR,ANM,WE,Federal Contract Tower,0,2,11,0,13,0,12,77,4,93,0,14,88,4,106,90,4,94,200
04/01/2021,SLE,OR,ANM,WE,Federal Contract Tower,0,3,17,2,22,0,13,61,2,76,0,16,78,4,98,74,0,74,172
04/02/2021,SLE,OR,ANM,WE,Federal Contract Tower,0,3,17,0,20,0,3,79,0,82,0,6,96,0,102,86,0,86,188
04/03/2021,SLE,OR,ANM,WE,Federal Contract Tower,0,0,9,0,9,0,0,66,0,66,0,0,75,0,75,30,0,30,105
04/04/2021,SLE,OR,ANM,WE,Federal Contract Tower,0,0,9,0,9,0,3,23,1,27,0,3,32,1,36,12,0,12,48
04/05/2021,SLE,OR,ANM,WE,Federal Contract Tower,0,1,9,2,12,0,7,65,5,77,0,8,74,7,89,56,0,56,145
04/06/2021,SLE,OR,ANM,WE,Federal Contract Tower,0,3,16,1,20,0,11,40,4,55,0,14,56,5,75,46,0,46,121
04/07/2021,SLE,OR,ANM,WE,Federal Contract Tower,0,1,22,2,25,0,1,6,10,17,0,2,28,12,42,20,10,30,72
04/08/2021,SLE,OR,ANM,WE,Federal Contract Tower,0,1,29,0,30,0,8,27,7,42,0,9,56,7,72,48,8,56,128
04/09/2021,SLE,OR,ANM,WE,Federal Contract Tower,0,4,12,2,18,0,15,67,6,88,0,19,79,8,106,30,4,34,140
04/10/2021,SLE,OR,ANM,WE,Federal Contract Tower,0,2,5,1,8,0,5,46,1,52,0,7,51,2,60,38,0,38,98
04/11/2021,SLE,OR,ANM,WE,Federal Contract Tower,0,0,9,1,10,0,4,51,4,59,0,4,60,5,69,54,0,54,123
04/12/2021,SLE,OR,ANM,WE,Federal Contract Tower,0,2,15,0,17,0,21,44,9,74,0,23,59,9,91,40,0,40,131
04/13/2021,SLE,OR,ANM,WE,Federal Contract Tower,0,1,2,2,5,0,17,24,1,42,0,18,26,3,47,0,0,0,47
04/14/2021,SLE,OR,ANM,WE,Federal Contract Tower,0,3,14,7,24,0,11,64,0,75,0,14,78,7,99,22,0,22,121
04/15/2021,SLE,OR,ANM,WE,Federal Contract Tower,0,0,16,1,17,0,8,71,0,79,0,8,87,1,96,86,0,86,182
04/16/2021,SLE,OR,ANM,WE,Federal Contract Tower,0,0,8,0,8,0,9,71,0,80,0,9,79,0,88,20,0,20,108
04/17/2021,SLE,OR,ANM,WE,Federal Contract Tower,0,0,10,0,10,0,0,93,0,93,0,0,103,0,103,40,0,40,143
04/18/2021,SLE,OR,ANM,WE,Federal Contract Tower,0,3,9,0,12,0,1,80,0,81,0,4,89,0,93,92,0,92,185
04/19/2021,SLE,OR,ANM,WE,Federal Contract Tower,0,4,10,0,14,0,3,62,8,73,0,7,72,8,87,68,12,80,167
04/20/2021,SLE,OR,ANM,WE,Federal Contract Tower,0,4,21,1,26,0,5,48,5,58,0,9,69,6,84,4,8,12,96
04/21/2021,SLE,OR,ANM,WE,Federal Contract Tower,0,0,17,4,21,0,8,62,5,75,0,8,79,9,96,28,6,34,130
04/22/2021,SLE,OR,ANM,WE,Federal Contract Tower,0,2,27,2,31,0,6,29,3,38,0,8,56,5,69,34,0,34,103
04/23/2021,SLE,OR,ANM,WE,Federal Contract Tower,0,5,7,1,13,0,5,44,1,50,0,10,51,2,63,26,0,26,89
04/24/2021,SLE,OR,ANM,WE,Federal Contract Tower,0,3,11,0,14,0,0,6,0,6,0,3,17,0,20,2,0,2,22
04/25/2021,SLE,OR,ANM,WE,Federal Contract Tower,0,3,9,0,12,0,0,16,0,16,0,3,25,0,28,26,0,26,54
04/26/2021,SLE,OR,ANM,WE,Federal Contract Tower,0,2,5,2,9,0,1,29,0,30,0,3,34,2,39,18,0,18,57
04/27/2021,SLE,OR,ANM,WE,Federal Contract Tower,0,6,16,0,22,0,4,79,10,93,0,10,95,10,115,26,0,26,141
04/28/2021,SLE,OR,ANM,WE,Federal Contract Tower,0,3,27,2,32,0,9,86,0,95,0,12,113,2,127,62,0,62,189
04/29/2021,SLE,OR,ANM,WE,Federal Contract Tower,0,4,26,1,31,0,10,88,2,100,0,14,114,3,131,36,0,36,167
04/30/2021,SLE,OR,ANM,WE,Federal Contract Tower,0,9,13,0,22,0,13,30,4,47,0,22,43,4,69,28,8,36,105
05/01/2021,SLE,OR,ANM,WE,Federal Contract Tower,0,0,17,0,17,0,2,49,10,61,0,2,66,10,78,4,10,14,92
05/02/2021,SLE,OR,ANM,WE,Federal Contract Tower,0,1,21,2,24,0,2,54,3,59,0,3,75,5,83,44,10,54,137
05/03/2021,SLE,OR,ANM,WE,Federal Contract Tower,0,2,12,0,14,0,5,50,7,62,0,7,62,7,76,62,0,62,138
05/04/2021,SLE,OR,ANM,WE,Federal Contract Tower,0,5,38,1,44,0,2,74,2,78,0,7,112,3,122,48,0,48,170
05/05/2021,SLE,OR,ANM,WE,Federal Contract Tower,0,14,13,2,29,0,3,95,9,107,0,17,108,11,136,80,16,96,232
05/06/2021,SLE,OR,ANM,WE,Federal Contract Tower,0,2,9,3,14,0,7,20,3,30,0,9,29,6,44,10,0,10,54
05/07/2021,SLE,OR,ANM,WE,Federal Contract Tower,0,7,4,2,13,0,3,42,7,52,0,10,46,9,65,56,6,62,127
05/08/2021,SLE,OR,ANM,WE,Federal Contract Tower,0,0,18,0,18,0,1,69,0,70,0,1,87,0,88,20,0,20,108
05/09/2021,SLE,OR,ANM,WE,Federal Contract Tower,0,0,9,0,9,0,0,27,0,27,0,0,36,0,36,12,0,12,48
05/10/2021,SLE,OR,ANM,WE,Federal Contract Tower,0,1,10,2,13,0,9,56,1,66,0,10,66,3,79,78,0,78,157
05/11/2021,SLE,OR,ANM,WE,Federal Contract Tower,0,7,18,7,32,0,5,70,9,84,0,12,88,16,116,46,25,71,187
05/12/2021,SLE,OR,ANM,WE,Federal Contract Tower,0,11,14,2,27,0,16,85,2,103,0,27,99,4,130,60,0,60,190
05/13/2021,SLE,OR,ANM,WE,Federal Contract Tower,2,3,10,0,15,0,7,93,15,115,2,10,103,15,130,50,0,50,180
05/14/2021,SLE,OR,ANM,WE,Federal Contract Tower,0,10,18,1,29,0,15,95,5,115,0,25,113,6,144,72,4,76,220
05/15/2021,SLE,OR,ANM,WE,Federal Contract Tower,0,1,11,0,12,0,0,119,1,120,0,1,130,1,132,46,0,46,178
05/16/2021,SLE,OR,ANM,WE,Federal Contract Tower,0,3,15,0,18,0,4,97,0,101,0,7,112,0,119,96,0,96,215
05/17/2021,SLE,OR,ANM,WE,Federal Contract Tower,0,9,24,0,33,0,0,7,7,14,0,9,31,7,47,2,4,6,53
05/18/2021,SLE,OR,ANM,WE,Federal Contract Tower,0,3,25,0,28,0,5,45,16,66,0,8,70,16,94,26,2,28,122
05/19/2021,SLE,OR,ANM,WE,Federal Contract Tower,0,6,13,2,21,0,3,31,12,46,0,9,44,14,67,16,0,16,83
05/20/2021,SLE,OR,ANM,WE,Federal Contract Tower,0,6,25,0,31,0,9,28,7,44,0,15,53,7,75,36,4,40,115
05/21/2021,SLE,OR,ANM,WE,Federal Contract Tower,0,3,11,3,17,0,7,50,5,62,0,10,61,8,79,88,4,92,171
05/22/2021,SLE,OR,ANM,WE,Federal Contract Tower,0,1,19,0,20,0,5,64,0,69,0,6,83,0,89,42,0,42,131
05/23/2021,SLE,OR,ANM,WE,Federal Contract Tower,0,3,9,0,12,0,4,18,0,22,0,7,27,0,34,10,0,10,44
05/24/2021,SLE,OR,ANM,WE,Federal Contract Tower,0,5,23,0,28,0,0,18,0,18,0,5,41,0,46,8,0,8,54
05/25/2021,SLE,OR,ANM,WE,Federal Contract Tower,0,4,16,5,25,0,5,45,2,52,0,9,61,7,77,42,0,42,119
05/26/2021,SLE,OR,ANM,WE,Federal Contract Tower,0,9,21,0,30,0,15,148,4,167,0,24,169,4,197,106,0,106,303
05/27/2021,SLE,OR,ANM,WE,Federal Contract Tower,0,5,8,2,15,0,4,5,7,16,0,9,13,9,31,4,10,14,45
05/28/2021,SLE,OR,ANM,WE,Federal Contract Tower,0,5,26,0,31,0,20,61,0,81,0,25,87,0,112,30,0,30,142
05/29/2021,SLE,OR,ANM,WE,Federal Contract Tower,0,2,9,0,11,0,2,97,0,99,0,4,106,0,110,90,0,90,200
05/30/2021,SLE,OR,ANM,WE,Federal Contract Tower,0,0,7,0,7,0,2,61,0,63,0,2,68,0,70,10,0,10,80
05/31/2021,SLE,OR,ANM,WE,Federal Contract Tower,0,0,7,0,7,0,7,86,0,93,0,7,93,0,100,84,0,84,184
06/01/2021,SLE,OR,ANM,WE,Federal Contract Tower,0,2,13,1,16,0,7,92,1,100,0,9,105,2,116,92,0,92,208
06/02/2021,SLE,OR,ANM,WE,Federal Contract Tower,0,7,23,0,30,0,19,79,4,102,0,26,102,4,132,80,0,80,212
06/03/2021,SLE,OR,ANM,WE,Federal Contract Tower,0,5,55,2,62,0,16,57,6,79,0,21,112,8,141,60,0,60,201
06/04/2021,SLE,OR,ANM,WE,Federal Contract Tower,0,5,14,1,20,0,13,77,7,97,0,18,91,8,117,66,16,82,199
06/05/2021,SLE,OR,ANM,WE,Federal Contract Tower,0,6,11,7,24,0,13,29,10,52,0,19,40,17,76,22,4,26,102
06/06/2021,SLE,OR,ANM,WE,Federal Contract Tower,0,0,17,0,17,0,14,35,9,58,0,14,52,9,75,10,10,20,95
06/07/2021,SLE,OR,ANM,WE,Federal Contract Tower,0,4,25,2,31,0,38,35,7,80,0,42,60,9,111,28,22,50,161
06/08/2021,SLE,OR,ANM,WE,Federal Contract Tower,0,7,22,3,32,0,7,65,10,82,0,14,87,13,114,52,12,64,178
06/09/2021,SLE,OR,ANM,WE,Federal Contract Tower,0,5,18,2,25,0,12,104,13,129,0,17,122,15,154,68,2,70,224
06/10/2021,SLE,OR,ANM,WE,Federal Contract Tower,0,3,23,2,28,0,4,60,7,71,0,7,83,9,99,88,0,88,187
06/11/2021,SLE,OR,ANM,WE,Federal Contract Tower,0,4,8,3,15,0,0,5,4,9,0,4,13,7,24,4,8,12,36
06/12/2021,SLE,OR,ANM,WE,Federal Contract Tower,0,1,15,0,16,5,56,0,0,61,5,57,15,0,77,16,0,16,93
06/13/2021,SLE,OR,ANM,WE,Federal Contract Tower,0,0,10,2,12,0,0,4,4,8,0,0,14,6,20,0,0,0,20
06/14/2021,SLE,OR,ANM,WE,Federal Contract Tower,0,9,20,7,36,0,6,29,0,35,0,15,49,7,71,32,0,32,103
06/15/2021,SLE,OR,ANM,WE,Federal Contract Tower,0,3,5,3,11,0,8,34,7,49,0,11,39,10,60,10,2,12,72
06/16/2021,SLE,OR,ANM,WE,Federal Contract Tower,0,2,13,3,18,0,16,108,3,127,0,18,121,6,145,64,6,70,215
06/17/2021,SLE,OR,ANM,WE,Federal Contract Tower,0,3,22,4,29,0,11,118,5,134,0,14,140,9,163,74,6,80,243
06/18/2021,SLE,OR,ANM,WE,Federal Contract Tower,0,1,8,2,11,0,14,96,0,110,0,15,104,2,121,106,0,106,227
06/19/2021,SLE,OR,ANM,WE,Federal Contract Tower,0,1,12,0,13,0,3,86,5,94,0,4,98,5,107,28,0,28,135
06/20/2021,SLE,OR,ANM,WE,Federal Contract Tower,0,2,15,1,18,0,3,58,0,61,0,5,73,1,79,16,0,16,95
06/21/2021,SLE,OR,ANM,WE,Federal Contract Tower,0,4,19,1,24,0,7,48,0,55,0,11,67,1,79,18,0,18,97
06/22/2021,SLE,OR,ANM,WE,Federal Contract Tower,0,11,17,2,30,0,21,82,11,114,0,32,99,13,144,152,4,156,300
06/23/2021,SLE,OR,ANM,WE,Federal Contract Tower,0,4,25,16,45,0,14,101,1,116,0,18,126,17,161,58,0,58,219
06/24/2021,SLE,OR,ANM,WE,Federal Contract Tower,0,5,20,0,25,1,10,66,3,80,1,15,86,3,105,46,2,48,153
06/25/2021,SLE,OR,ANM,WE,Federal Contract Tower,0,6,12,2,20,0,4,53,0,57,0,10,65,2,77,40,0,40,117
06/26/2021,SLE,OR,ANM,WE,Federal Contract Tower,0,2,7,2,11,0,8,52,2,62,0,10,59,4,73,8,0,8,81
06/27/2021,SLE,OR,ANM,WE,Federal Contract Tower,0,2,14,0,16,0,1,36,0,37,0,3,50,0,53,20,0,20,73
06/28/2021,SLE,OR,ANM,WE,Federal Contract Tower,0,3,9,0,12,0,3,24,0,27,0,6,33,0,39,8,0,8,47
06/29/2021,SLE,OR,ANM,WE,Federal Contract Tower,0,4,20,2,26,0,12,44,3,59,0,16,64,5,85,68,0,68,153
06/30/2021,SLE,OR,ANM,WE,Federal Contract Tower,0,6,32,3,41,0,11,46,3,60,0,17,78,6,101,90,0,90,191
07/01/2021,SLE,OR,ANM,WE,Federal Contract Tower,0,11,27,9,47,0,6,46,0,52,0,17,73,9,99,62,0,62,161
07/02/2021,SLE,OR,ANM,WE,Federal Contract Tower,0,3,11,0,14,0,14,80,4,98,0,17,91,4,112,130,2,132,244
07/03/2021,SLE,OR,ANM,WE,Federal Contract Tower,0,0,17,0,17,0,5,66,1,72,0,5,83,1,89,32,0,32,121
07/04/2021,SLE,OR,ANM,WE,Federal Contract Tower,0,0,3,0,3,0,7,26,0,33,0,7,29,0,36,18,0,18,54
07/05/2021,SLE,OR,ANM,WE,Federal Contract Tower,0,1,3,0,4,0,8,68,0,76,0,9,71,0,80,64,0,64,144
07/06/2021,SLE,OR,ANM,WE,Federal Contract Tower,0,5,14,0,19,0,19,75,10,104,0,24,89,10,123,38,18,56,179
07/07/2021,SLE,OR,ANM,WE,Federal Contract Tower,0,7,20,0,27,0,6,53,5,64,0,13,73,5,91,98,2,100,191
07/08/2021,SLE,OR,ANM,WE,Federal Contract Tower,0,5,34,3,42,0,14,55,7,76,0,19,89,10,118,16,0,16,134
07/09/2021,SLE,OR,ANM,WE,Federal Contract Tower,0,2,11,2,15,0,15,67,8,90,0,17,78,10,105,48,0,48,153
07/10/2021,SLE,OR,ANM,WE,Federal Contract Tower,0,1,5,5,11,0,5,81,11,97,0,6,86,16,108,40,2,42,150
07/11/2021,SLE,OR,ANM,WE,Federal Contract Tower,0,0,13,2,15,0,1,76,2,79,0,1,89,4,94,32,0,32,126
07/12/2021,SLE,OR,ANM,WE,Federal Contract Tower,0,3,24,2,29,0,8,61,3,72,0,11,85,5,101,8,0,8,109
07/13/2021,SLE,OR,ANM,WE,Federal Contract Tower,0,5,19,0,24,0,6,83,7,96,0,11,102,7,120,108,0,108,228
07/14/2021,SLE,OR,ANM,WE,Federal Contract Tower,0,1,12,2,15,0,2,90,6,98,0,3,102,8,113,38,8,46,159
07/15/2021,SLE,OR,ANM,WE,Federal Contract Tower,0,5,20,3,28,0,6,50,0,56,0,11,70,3,84,66,0,66,150
07/16/2021,SLE,OR,ANM,WE,Federal Contract Tower,0,3,22,0,25,0,19,48,1,68,0,22,70,1,93,78,0,78,171
07/17/2021,SLE,OR,ANM,WE,Federal Contract Tower,0,0,15,0,15,0,0,85,1,86,0,0,100,1,101,36,0,36,137
07/18/2021,SLE,OR,ANM,WE,Federal Contract Tower,0,0,6,0,6,0,3,63,0,66,0,3,69,0,72,30,0,30,102
07/19/2021,SLE,OR,ANM,WE,Federal Contract Tower,0,1,15,0,16,0,5,69,0,74,0,6,84,0,90,70,0,70,160
07/20/2021,SLE,OR,ANM,WE,Federal Contract Tower,0,1,22,3,26,0,11,58,3,72,0,12,80,6,98,78,8,86,184
07/21/2021,SLE,OR,ANM,WE,Federal Contract Tower,0,3,23,1,27,0,8,55,3,66,0,11,78,4,93,86,0,86,179
07/22/2021,SLE,OR,ANM,WE,Federal Contract Tower,0,4,19,2,25,0,1,75,10,86,0,5,94,12,111,10,0,10,121
07/23/2021,SLE,OR,ANM,WE,Federal Contract Tower,0,8,28,1,37,0,6,105,1,112,0,14,133,2,149,66,0,66,215
07/24/2021,SLE,OR,ANM,WE,Federal Contract Tower,0,3,13,0,16,0,5,90,2,97,0,8,103,2,113,54,0,54,167
07/25/2021,SLE,OR,ANM,WE,Federal Contract Tower,0,3,15,0,18,0,7,73,5,85,0,10,88,5,103,46,0,46,149
07/26/2021,SLE,OR,ANM,WE,Federal Contract Tower,0,9,10,0,19,0,9,41,2,52,0,18,51,2,71,26,0,26,97
07/27/2021,SLE,OR,ANM,WE,Federal Contract Tower,0,2,20,6,28,0,6,53,3,62,0,8,73,9,90,60,10,70,160
07/28/2021,SLE,OR,ANM,WE,Federal Contract Tower,0,5,13,2,20,0,7,58,8,73,0,12,71,10,93,84,2,86,179
07/29/2021,SLE,OR,ANM,WE,Federal Contract Tower,0,3,15,4,22,0,9,60,3,72,0,12,75,7,94,36,12,48,142
07/30/2021,SLE,OR,ANM,WE,Federal Contract Tower,0,3,16,0,19,0,3,61,6,70,0,6,77,6,89,40,0,40,129
07/31/2021,SLE,OR,ANM,WE,Federal Contract Tower,0,6,15,0,21,0,0,86,0,86,0,6,101,0,107,66,0,66,173
08/01/2021,SLE,OR,ANM,WE,Federal Contract Tower,0,4,18,0,22,0,0,60,0,60,0,4,78,0,82,20,0,20,102
08/02/2021,SLE,OR,ANM,WE,Federal Contract Tower,0,5,3,1,9,0,2,42,0,44,0,7,45,1,53,30,0,30,83
08/03/2021,SLE,OR,ANM,WE,Federal Contract Tower,0,1,24,0,25,0,14,54,2,70,0,15,78,2,95,64,0,64,159
08/04/2021,SLE,OR,ANM,WE,Federal Contract Tower,0,3,23,2,28,0,6,87,1,94,0,9,110,3,122,62,2,64,186
08/05/2021,SLE,OR,ANM,WE,Federal Contract Tower,0,4,8,0,12,0,10,39,3,52,0,14,47,3,64,72,0,72,136
08/06/2021,SLE,OR,ANM,WE,Federal Contract Tower,0,2,19,2,23,0,12,62,2,76,0,14,81,4,99,82,10,92,191
08/07/2021,SLE,OR,ANM,WE,Federal Contract Tower,0,4,3,0,7,0,0,56,2,58,0,4,59,2,65,54,0,54,119
08/08/2021,SLE,OR,ANM,WE,Federal Contract Tower,0,1,17,0,18,0,2,84,0,86,0,3,101,0,104,50,0,50,154
08/09/2021,SLE,OR,ANM,WE,Federal Contract Tower,0,3,15,2,20,0,4,50,4,58,0,7,65,6,78,62,0,62,140
08/10/2021,SLE,OR,ANM,WE,Federal Contract Tower,0,2,27,0,29,0,6,76,13,95,0,8,103,13,124,46,10,56,180
08/11/2021,SLE,OR,ANM,WE,Federal Contract Tower,0,4,19,1,24,0,7,69,9,85,0,11,88,10,109,52,8,60,169
08/12/2021,SLE,OR,ANM,WE,Federal Contract Tower,0,1,10,0,11,0,6,39,1,46,0,7,49,1,57,42,1,43,100
08/13/2021,SLE,OR,ANM,WE,Federal Contract Tower,0,2,8,3,13,0,6,29,1,36,0,8,37,4,49,4,0,4,53
08/15/2021,SLE,OR,ANM,WE,Federal Contract Tower,0,2,10,1,13,0,0,65,10,75,0,2,75,11,88,26,0,26,114
08/16/2021,SLE,OR,ANM,WE,Federal Contract Tower,0,3,10,0,13,0,10,60,1,71,0,13,70,1,84,48,0,48,132
08/17/2021,SLE,OR,ANM,WE,Federal Contract Tower,0,4,9,0,13,0,6,64,4,74,0,10,73,4,87,46,0,46,133
08/18/2021,SLE,OR,ANM,WE,Federal Contract Tower,0,4,11,1,16,0,11,81,5,97,0,15,92,6,113,56,0,56,169
08/19/2021,SLE,OR,ANM,WE,Federal Contract Tower,0,3,26,4,33,0,13,67,0,80,0,16,93,4,113,100,0,100,213
08/20/2021,SLE,OR,ANM,WE,Federal Contract Tower,0,4,20,2,26,0,5,42,0,47,0,9,62,2,73,38,0,38,111
08/21/2021,SLE,OR,ANM,WE,Federal Contract Tower,0,0,13,0,13,0,4,37,0,41,0,4,50,0,54,42,0,42,96
08/22/2021,SLE,OR,ANM,WE,Federal Contract Tower,0,1,15,0,16,0,3,50,0,53,0,4,65,0,69,56,0,56,125
08/23/2021,SLE,OR,ANM,WE,Federal Contract Tower,0,4,16,1,21,0,20,69,0,89,0,24,85,1,110,90,0,90,200
08/24/2021,SLE,OR,ANM,WE,Federal Contract Tower,0,8,11,0,19,0,9,72,4,85,0,17,83,4,104,64,0,64,168
08/25/2021,SLE,OR,ANM,WE,Federal Contract Tower,0,4,8,0,12,0,9,85,5,99,0,13,93,5,111,126,0,126,237
08/26/2021,SLE,OR,ANM,WE,Federal Contract Tower,0,3,25,2,30,0,10,45,4,59,0,13,70,6,89,84,4,88,177
08/27/2021,SLE,OR,ANM,WE,Federal Contract Tower,0,3,14,0,17,0,7,71,1,79,0,10,85,1,96,68,0,68,164
08/28/2021,SLE,OR,ANM,WE,Federal Contract Tower,0,0,8,0,8,0,7,79,0,86,0,7,87,0,94,12,0,12,106
08/29/2021,SLE,OR,ANM,WE,Federal Contract Tower,0,0,13,0,13,0,5,80,0,85,0,5,93,0,98,64,0,64,162
08/30/2021,SLE,OR,ANM,WE,Federal Contract Tower,0,1,18,0,19,0,7,83,0,90,0,8,101,0,109,98,0,98,207
08/31/2021,SLE,OR,ANM,WE,Federal Contract Tower,0,2,12,2,16,0,10,64,2,76,0,12,76,4,92,80,0,80,172
09/01/2021,SLE,OR,ANM,WE,Federal Contract Tower,0,2,18,0,20,0,11,97,1,109,0,13,115,1,129,116,0,116,245
09/02/2021,SLE,OR,ANM,WE,Federal Contract Tower,0,6,20,0,26,0,17,100,0,117,0,23,120,0,143,74,0,74,217
09/03/2021,SLE,OR,ANM,WE,Federal Contract Tower,0,2,19,0,21,0,21,92,0,113,0,23,111,0,134,120,0,120,254
09/04/2021,SLE,OR,ANM,WE,Federal Contract Tower,0,1,9,0,10,0,1,80,0,81,0,2,89,0,91,18,0,18,109
09/05/2021,SLE,OR,ANM,WE,Federal Contract Tower,0,0,11,0,11,0,4,91,0,95,0,4,102,0,106,64,0,64,170
09/06/2021,SLE,OR,ANM,WE,Federal Contract Tower,0,0,11,0,11,0,2,72,0,74,0,2,83,0,85,46,0,46,131
09/07/2021,SLE,OR,ANM,WE,Federal Contract Tower,0,3,16,2,21,0,7,43,1,51,0,10,59,3,72,68,0,68,140
09/08/2021,SLE,OR,ANM,WE,Federal Contract Tower,0,4,4,0,8,0,11,58,0,69,0,15,62,0,77,74,0,74,151
09/09/2021,SLE,OR,ANM,WE,Federal Contract Tower,0,1,11,5,17,0,13,56,3,72,0,14,67,8,89,52,0,52,141
09/10/2021,SLE,OR,ANM,WE,Federal Contract Tower,0,7,23,2,32,0,3,26,2,31,0,10,49,4,63,88,0,88,151
09/11/2021,SLE,OR,ANM,WE,Federal Contract Tower,0,2,12,0,14,0,11,78,7,96,0,13,90,7,110,74,2,76,186
09/12/2021,SLE,OR,ANM,WE,Federal Contract Tower,0,2,11,1,14,0,0,77,6,83,0,2,88,7,97,17,18,35,132
09/13/2021,SLE,OR,ANM,WE,Federal Contract Tower,0,1,19,1,21,0,9,95,1,105,0,10,114,2,126,86,0,86,212
09/14/2021,SLE,OR,ANM,WE,Federal Contract Tower,0,5,19,0,24,0,9,62,0,71,0,14,81,0,95,88,0,88,183
09/15/2021,SLE,OR,ANM,WE,Federal Contract Tower,0,3,17,1,21,0,5,74,4,83,0,8,91,5,104,52,0,52,156
09/16/2021,SLE,OR,ANM,WE,Federal Contract Tower,0,3,15,2,20,0,7,73,7,87,0,10,88,9,107,68,4,72,179
09/17/2021,SLE,OR,ANM,WE,Federal Contract Tower,0,4,12,2,18,0,4,46,0,50,0,8,58,2,68,14,0,14,82
09/18/2021,SLE,OR,ANM,WE,Federal Contract Tower,0,2,9,0,11,0,1,2,0,3,0,3,11,0,14,0,0,0,14
09/19/2021,SLE,OR,ANM,WE,Federal Contract Tower,0,0,11,0,11,0,0,11,0,11,0,0,22,0,22,8,0,8,30
09/20/2021,SLE,OR,ANM,WE,Federal Contract Tower,0,2,14,0,16,0,5,31,1,37,0,7,45,1,53,34,0,34,87
09/21/2021,SLE,OR,ANM,WE,Federal Contract Tower,0,5,22,0,27,0,3,126,4,133,0,8,148,4,160,134,0,134,294
09/22/2021,SLE,OR,ANM,WE,Federal Contract Tower,0,5,28,0,33,0,5,68,0,73,0,10,96,0,106,26,0,26,132
09/23/2021,SLE,OR,ANM,WE,Federal Contract Tower,0,5,15,0,20,0,4,50,0,54,0,9,65,0,74,96,10,106,180
09/24/2021,SLE,OR,ANM,WE,Federal Contract Tower,0,0,20,0,20,0,1,99,0,100,0,1,119,0,120,102,2,104,224
09/25/2021,SLE,OR,ANM,WE,Federal Contract Tower,0,1,6,0,7,0,3,94,0,97,0,4,100,0,104,54,0,54,158
09/26/2021,SLE,OR,ANM,WE,Federal Contract Tower,0,0,11,0,11,0,0,46,0,46,0,0,57,0,57,61,0,61,118
09/27/2021,SLE,OR,ANM,WE,Federal Contract Tower,0,3,5,0,8,0,0,0,0,0,0,3,5,0,8,0,0,0,8
09/28/2021,SLE,OR,ANM,WE,Federal Contract Tower,0,4,22,0,26,0,2,12,0,14,0,6,34,0,40,18,0,18,58
09/29/2021,SLE,OR,ANM,WE,Federal Contract Tower,0,3,27,1,31,0,6,65,4,75,0,9,92,5,106,118,0,118,224
09/30/2021,SLE,OR,ANM,WE,Federal Contract Tower,0,3,12,0,15,0,0,16,0,16,0,3,28,0,31,12,0,12,43
10/01/2021,SLE,OR,ANM,WE,Federal Contract Tower,0,4,8,0,12,0,3,61,0,64,0,7,69,0,76,94,0,94,170
10/02/2021,SLE,OR,ANM,WE,Federal Contract Tower,0,2,5,0,7,0,90,0,0,90,0,92,5,0,97,14,0,14,111
10/03/2021,SLE,OR,ANM,WE,Federal Contract Tower,0,6,17,0,23,0,2,70,0,72,0,8,87,0,95,54,0,54,149
10/04/2021,SLE,OR,ANM,WE,Federal Contract Tower,0,1,24,0,25,0,2,20,2,24,0,3,44,2,49,4,0,4,53
10/05/2021,SLE,OR,ANM,WE,Federal Contract Tower,0,3,25,2,30,0,0,2,4,6,0,3,27,6,36,32,18,50,86
10/06/2021,SLE,OR,ANM,WE,Federal Contract Tower,0,5,19,0,24,0,9,46,13,68,0,14,65,13,92,64,0,64,156
10/07/2021,SLE,OR,ANM,WE,Federal Contract Tower,0,8,17,0,25,0,21,77,9,107,0,29,94,9,132,70,0,70,202
10/08/2021,SLE,OR,ANM,WE,Federal Contract Tower,0,10,11,0,21,0,4,89,0,93,0,14,100,0,114,84,0,84,198
10/09/2021,SLE,OR,ANM,WE,Federal Contract Tower,0,0,16,0,16,0,2,68,0,70,0,2,84,0,86,30,0,30,116
10/10/2021,SLE,OR,ANM,WE,Federal Contract Tower,0,0,8,0,8,0,0,27,0,27,0,0,35,0,35,32,0,32,67
10/11/2021,SLE,OR,ANM,WE,Federal Contract Tower,0,10,19,0,29,0,10,69,0,79,0,20,88,0,108,63,0,63,171
10/12/2021,SLE,OR,ANM,WE,Federal Contract Tower,0,2,19,8,29,0,9,45,9,63,0,11,64,17,92,22,14,36,128
10/13/2021,SLE,OR,ANM,WE,Federal Contract Tower,0,9,18,2,29,0,0,8,1,9,0,9,26,3,38,0,0,0,38
10/14/2021,SLE,OR,ANM,WE,Federal Contract Tower,0,8,19,2,29,0,2,8,2,12,0,10,27,4,41,20,0,20,61
10/15/2021,SLE,OR,ANM,WE,Federal Contract Tower,0,7,17,1,25,0,2,51,2,55,0,9,68,3,80,88,2,90,170
10/16/2021,SLE,OR,ANM,WE,Federal Contract Tower,0,0,30,0,30,0,2,63,0,65,0,2,93,0,95,100,0,100,195
10/17/2021,SLE,OR,ANM,WE,Federal Contract Tower,0,1,11,0,12,0,3,17,1,21,0,4,28,1,33,28,0,28,61
10/18/2021,SLE,OR,ANM,WE,Federal Contract Tower,0,5,19,2,26,0,5,66,6,77,0,10,85,8,103,80,14,94,197
10/19/2021,SLE,OR,ANM,WE,Federal Contract Tower,0,2,22,0,24,0,12,52,7,71,0,14,74,7,95,62,6,68,163
10/20/2021,SLE,OR,ANM,WE,Federal Contract Tower,0,2,16,0,18,0,2,18,3,23,0,4,34,3,41,64,22,86,127
10/21/2021,SLE,OR,ANM,WE,Federal Contract Tower,0,5,16,2,23,0,7,31,5,43,0,12,47,7,66,8,2,10,76
10/22/2021,SLE,OR,ANM,WE,Federal Contract Tower,0,4,10,1,15,0,2,0,2,4,0,6,10,3,19,10,19,29,48
10/23/2021,SLE,OR,ANM,WE,Federal Contract Tower,0,0,16,0,16,0,0,5,6,11,0,0,21,6,27,0,21,21,48
10/24/2021,SLE,OR,ANM,WE,Federal Contract Tower,0,0,8,0,8,0,0,0,0,0,0,0,8,0,8,12,0,12,20
10/25/2021,SLE,OR,ANM,WE,Federal Contract Tower,0,1,4,0,5,0,0,0,0,0,0,1,4,0,5,0,0,0,5
10/26/2021,SLE,OR,ANM,WE,Federal Contract Tower,0,7,10,1,18,0,0,2,2,4,0,7,12,3,22,0,10,10,32
10/27/2021,SLE,OR,ANM,WE,Federal Contract Tower,0,13,35,1,49,0,3,25,2,30,0,16,60,3,79,28,6,34,113
10/28/2021,SLE,OR,ANM,WE,Federal Contract Tower,0,6,13,1,20,0,2,13,8,23,0,8,26,9,43,24,4,28,71
10/29/2021,SLE,OR,ANM,WE,Federal Contract Tower,0,4,13,2,19,0,9,36,2,47,0,13,49,4,66,56,4,60,126
10/30/2021,SLE,OR,ANM,WE,Federal Contract Tower,0,0,10,0,10,0,11,94,0,105,0,11,104,0,115,90,0,90,205
10/31/2021,SLE,OR,ANM,WE,Federal Contract Tower,0,0,17,0,17,0,0,110,0,110,0,0,127,0,127,185,0,185,312
11/01/2021,SLE,OR,ANM,WE,Federal Contract Tower,0,5,18,0,23,0,0,10,1,11,0,5,28,1,34,6,2,8,42
11/02/2021,SLE,OR,ANM,WE,Federal Contract Tower,0,12,21,2,35,0,1,1,2,4,0,13,22,4,39,0,0,0,39
11/03/2021,SLE,OR,ANM,WE,Federal Contract Tower,0,4,19,4,27,0,4,58,5,67,0,8,77,9,94,62,18,80,174
11/04/2021,SLE,OR,ANM,WE,Federal Contract Tower,0,4,3,2,9,0,0,3,2,5,0,4,6,4,14,0,6,6,20
11/05/2021,SLE,OR,ANM,WE,Federal Contract Tower,0,5,5,4,14,0,6,69,1,76,0,11,74,5,90,46,0,46,136
11/06/2021,SLE,OR,ANM,WE,Federal Contract Tower,0,2,4,1,7,0,3,0,5,8,0,5,4,6,15,0,2,2,17
11/07/2021,SLE,OR,ANM,WE,Federal Contract Tower,0,0,1,2,3,0,0,5,2,7,0,0,6,4,10,6,0,6,16
11/08/2021,SLE,OR,ANM,WE,Federal Contract Tower,0,7,12,2,21,0,11,65,2,78,0,18,77,4,99,68,4,72,171
11/09/2021,SLE,OR,ANM,WE,Federal Contract Tower,0,6,19,5,30,0,5,29,5,39,0,11,48,10,69,18,6,24,93
11/10/2021,SLE,OR,ANM,WE,Federal Contract Tower,0,6,20,2,28,0,2,68,8,78,0,8,88,10,106,74,20,94,200
11/11/2021,SLE,OR,ANM,WE,Federal Contract Tower,0,6,7,1,14,0,0,0,0,0,0,6,7,1,14,26,0,26,40
11/12/2021,SLE,OR,ANM,WE,Federal Contract Tower,0,4,17,0,21,0,1,2,2,5,0,5,19,2,26,0,16,16,42
11/13/2021,SLE,OR,ANM,WE,Federal Contract Tower,0,4,23,0,27,0,0,0,0,0,0,4,23,0,27,0,0,0,27
11/14/2021,SLE,OR,ANM,WE,Federal Contract Tower,0,0,9,0,9,0,0,32,0,32,0,0,41,0,41,28,0,28,69
11/15/2021,SLE,OR,ANM,WE,Federal Contract Tower,0,2,5,0,7,0,2,1,0,3,0,4,6,0,10,0,0,0,10
11/16/2021,SLE,OR,ANM,WE,Federal Contract Tower,0,7,35,1,43,0,8,107,13,128,0,15,142,14,171,126,0,126,297
11/17/2021,SLE,OR,ANM,WE,Federal Contract Tower,0,2,18,3,23,0,8,89,18,115,0,10,107,21,138,56,38,94,232
11/18/2021,SLE,OR,ANM,WE,Federal Contract Tower,0,8,18,0,26,0,5,34,11,50,0,13,52,11,76,30,8,38,114
11/19/2021,SLE,OR,ANM,WE,Federal Contract Tower,0,5,17,0,22,0,2,16,6,24,0,7,33,6,46,40,0,40,86
11/20/2021,SLE,OR,ANM,WE,Federal Contract Tower,0,0,17,2,19,0,7,93,0,100,0,7,110,2,119,94,0,94,213
11/21/2021,SLE,OR,ANM,WE,Federal Contract Tower,0,0,5,0,5,0,0,9,0,9,0,0,14,0,14,16,0,16,30
11/22/2021,SLE,OR,ANM,WE,Federal Contract Tower,0,4,10,2,16,0,0,36,0,36,0,4,46,2,52,67,0,67,119
11/23/2021,SLE,OR,ANM,WE,Federal Contract Tower,0,3,4,0,7,0,3,21,2,26,0,6,25,2,33,13,4,17,50
11/24/2021,SLE,OR,ANM,WE,Federal Contract Tower,0,4,14,0,18,0,0,0,0,0,0,4,14,0,18,0,0,0,18
11/25/2021,SLE,OR,ANM,WE,Federal Contract Tower,0,0,1,0,1,0,2,18,0,20,0,2,19,0,21,10,0,10,31
11/26/2021,SLE,OR,ANM,WE,Federal Contract Tower,0,4,13,0,17,0,2,20,0,22,0,6,33,0,39,29,0,29,68
11/27/2021,SLE,OR,ANM,WE,Federal Contract Tower,0,1,6,0,7,0,0,4,0,4,0,1,10,0,11,0,0,0,11
11/28/2021,SLE,OR,ANM,WE,Federal Contract Tower,0,1,29,0,30,0,0,50,0,50,0,1,79,0,80,32,0,32,112
11/29/2021,SLE,OR,ANM,WE,Federal Contract Tower,0,7,18,4,29,0,0,16,4,20,0,7,34,8,49,80,6,86,135
11/30/2021,SLE,OR,ANM,WE,Federal Contract Tower,0,1,13,3,17,0,6,62,8,76,0,7,75,11,93,60,4,64,157
12/01/2021,SLE,OR,ANM,WE,Federal Contract Tower,0,4,16,0,20,0,14,54,14,82,0,18,70,14,102,72,18,90,192
12/02/2021,SLE,OR,ANM,WE,Federal Contract Tower,0,5,26,1,32,0,6,44,3,53,0,11,70,4,85,44,4,48,133
12/03/2021,SLE,OR,ANM,WE,Federal Contract Tower,0,1,26,2,29,0,10,59,1,70,0,11,85,3,99,42,12,54,153
12/04/2021,SLE,OR,ANM,WE,Federal Contract Tower,0,0,7,0,7,0,1,8,0,9,0,1,15,0,16,26,0,26,42
12/05/2021,SLE,OR,ANM,WE,Federal Contract Tower,0,0,22,0,22,0,0,89,2,91,0,0,111,2,113,70,10,80,193
12/06/2021,SLE,OR,ANM,WE,Federal Contract Tower,0,4,5,6,15,0,0,0,0,0,0,4,5,6,15,0,32,32,47
12/07/2021,SLE,OR,ANM,WE,Federal Contract Tower,0,12,12,1,25,0,0,10,3,13,0,12,22,4,38,42,44,86,124
12/08/2021,SLE,OR,ANM,WE,Federal Contract Tower,0,6,6,0,12,0,8,46,7,61,0,14,52,7,73,86,4,90,163
12/09/2021,SLE,OR,ANM,WE,Federal Contract Tower,0,13,12,2,27,0,0,1,2,3,0,13,13,4,30,2,4,6,36
12/10/2021,SLE,OR,ANM,WE,Federal Contract Tower,0,8,9,2,19,0,3,6,3,12,0,11,15,5,31,17,0,17,48
12/11/2021,SLE,OR,ANM,WE,Federal Contract Tower,0,2,0,0,2,0,0,0,0,0,0,2,0,0,2,0,0,0,2
12/12/2021,SLE,OR,ANM,WE,Federal Contract Tower,0,0,6,0,6,0,0,3,0,3,0,0,9,0,9,14,0,14,23
12/13/2021,SLE,OR,ANM,WE,Federal Contract Tower,0,8,2,0,10,0,0,0,4,4,0,8,2,4,14,0,38,38,52
12/14/2021,SLE,OR,ANM,WE,Federal Contract Tower,0,8,18,1,27,0,31,78,21,130,0,39,96,22,157,90,12,102,259
12/16/2021,SLE,OR,ANM,WE,Federal Contract Tower,0,7,7,0,14,0,7,11,5,23,0,14,18,5,37,10,20,30,67
12/17/2021,SLE,OR,ANM,WE,Federal Contract Tower,0,9,21,0,30,0,5,23,0,28,0,14,44,0,58,50,0,50,108
12/18/2021,SLE,OR,ANM,WE,Federal Contract Tower,0,4,7,0,11,0,0,1,0,1,0,4,8,0,12,0,0,0,12
12/19/2021,SLE,OR,ANM,WE,Federal Contract Tower,0,0,0,0,0,0,0,0,0,0,0,0,0,0,0,0,0,0,0
12/20/2021,SLE,OR,ANM,WE,Federal Contract Tower,0,3,6,0,9,0,0,0,0,0,0,3,6,0,9,0,0,0,9
12/21/2021,SLE,OR,ANM,WE,Federal Contract Tower,0,13,11,4,28,0,15,31,3,49,0,28,42,7,77,48,16,64,141
12/22/2021,SLE,OR,ANM,WE,Federal Contract Tower,0,4,10,0,14,0,0,22,2,24,0,4,32,2,38,20,0,20,58
12/23/2021,SLE,OR,ANM,WE,Federal Contract Tower,0,6,10,0,16,0,0,33,0,33,0,6,43,0,49,50,0,50,99
12/24/2021,SLE,OR,ANM,WE,Federal Contract Tower,0,2,0,0,2,0,0,0,0,0,0,2,0,0,2,0,0,0,2
12/25/2021,SLE,OR,ANM,WE,Federal Contract Tower,0,0,0,0,0,0,0,0,0,0,0,0,0,0,0,0,0,0,0
12/26/2021,SLE,OR,ANM,WE,Federal Contract Tower,0,0,0,0,0,0,0,0,0,0,0,0,0,0,0,0,0,0,0
12/27/2021,SLE,OR,ANM,WE,Federal Contract Tower,0,2,2,0,4,0,0,2,0,2,0,2,4,0,6,0,0,0,6
12/28/2021,SLE,OR,ANM,WE,Federal Contract Tower,0,2,0,0,2,0,0,0,0,0,0,2,0,0,2,0,0,0,2
12/29/2021,SLE,OR,ANM,WE,Federal Contract Tower,0,3,5,0,8,0,3,19,0,22,0,6,24,0,30,96,0,96,126
12/30/2021,SLE,OR,ANM,WE,Federal Contract Tower,0,7,7,0,14,0,2,0,0,2,0,9,7,0,16,0,0,0,16
12/31/2021,SLE,OR,ANM,WE,Federal Contract Tower,0,3,4,0,7,0,2,43,0,45,0,5,47,0,52,90,0,90,142
01/01/2022,SLE,OR,ANM,WE,Federal Contract Tower,0,0,3,0,3,0,0,69,0,69,0,0,72,0,72,60,0,60,132
01/02/2022,SLE,OR,ANM,WE,Federal Contract Tower,0,2,5,0,7,0,0,9,0,9,0,2,14,0,16,22,0,22,38
01/03/2022,SLE,OR,ANM,WE,Federal Contract Tower,0,20,5,0,25,0,0,3,0,3,0,20,8,0,28,0,20,20,48
01/04/2022,SLE,OR,ANM,WE,Federal Contract Tower,0,13,0,0,13,0,0,2,1,3,0,13,2,1,16,0,14,14,30
01/05/2022,SLE,OR,ANM,WE,Federal Contract Tower,0,4,5,0,9,0,0,0,0,0,0,4,5,0,9,0,0,0,9
01/06/2022,SLE,OR,ANM,WE,Federal Contract Tower,0,19,4,2,25,0,1,4,3,8,0,20,8,5,33,8,8,16,49
01/07/2022,SLE,OR,ANM,WE,Federal Contract Tower,0,3,10,1,14,0,1,12,2,15,0,4,22,3,29,36,0,36,65
01/08/2022,SLE,OR,ANM,WE,Federal Contract Tower,0,1,26,3,30,0,2,89,8,99,0,3,115,11,129,68,12,80,209
01/09/2022,SLE,OR,ANM,WE,Federal Contract Tower,0,1,27,0,28,0,0,102,2,104,0,1,129,2,132,126,14,140,272
01/10/2022,SLE,OR,ANM,WE,Federal Contract Tower,0,4,8,0,12,0,7,13,0,20,0,11,21,0,32,30,0,30,62
01/11/2022,SLE,OR,ANM,WE,Federal Contract Tower,0,8,14,0,22,0,16,26,2,44,0,24,40,2,66,16,0,16,82
01/12/2022,SLE,OR,ANM,WE,Federal Contract Tower,0,8,16,4,28,0,21,69,3,93,0,29,85,7,121,82,6,88,209
01/13/2022,SLE,OR,ANM,WE,Federal Contract Tower,0,6,10,2,18,0,0,2,2,4,0,6,12,4,22,6,8,14,36
01/14/2022,SLE,OR,ANM,WE,Federal Contract Tower,0,6,17,2,25,0,0,11,0,11,0,6,28,2,36,31,0,31,67
01/15/2022,SLE,OR,ANM,WE,Federal Contract Tower,0,0,9,0,9,0,0,0,0,0,0,0,9,0,9,0,0,0,9
01/16/2022,SLE,OR,ANM,WE,Federal Contract Tower,0,0,5,0,5,0,0,15,0,15,0,0,20,0,20,18,0,18,38
01/17/2022,SLE,OR,ANM,WE,Federal Contract Tower,0,5,19,0,24,0,0,0,0,0,0,5,19,0,24,0,0,0,24
01/18/2022,SLE,OR,ANM,WE,Federal Contract Tower,0,7,13,2,22,0,2,7,8,17,0,9,20,10,39,10,86,96,135
01/19/2022,SLE,OR,ANM,WE,Federal Contract Tower,0,4,13,0,17,0,0,0,0,0,0,4,13,0,17,0,22,22,39
01/20/2022,SLE,OR,ANM,WE,Federal Contract Tower,0,13,25,4,42,0,0,20,16,36,0,13,45,20,78,14,30,44,122
01/21/2022,SLE,OR,ANM,WE,Federal Contract Tower,0,7,25,2,34,0,0,4,1,5,0,7,29,3,39,40,12,52,91
01/22/2022,SLE,OR,ANM,WE,Federal Contract Tower,0,0,17,0,17,0,0,56,0,56,0,0,73,0,73,59,0,59,132
01/23/2022,SLE,OR,ANM,WE,Federal Contract Tower,0,1,19,0,20,0,0,70,0,70,0,1,89,0,90,88,0,88,178
01/24/2022,SLE,OR,ANM,WE,Federal Contract Tower,0,17,7,0,24,0,0,0,0,0,0,17,7,0,24,0,0,0,24
01/25/2022,SLE,OR,ANM,WE,Federal Contract Tower,0,4,25,0,29,0,9,79,0,88,0,13,104,0,117,88,0,88,205
01/26/2022,SLE,OR,ANM,WE,Federal Contract Tower,0,6,14,0,20,0,3,83,18,104,0,9,97,18,124,90,18,108,232
01/27/2022,SLE,OR,ANM,WE,Federal Contract Tower,0,4,15,4,23,0,5,83,1,89,0,9,98,5,112,92,2,94,206
01/28/2022,SLE,OR,ANM,WE,Federal Contract Tower,0,3,17,4,24,0,6,79,2,87,0,9,96,6,111,97,2,99,210
01/29/2022,SLE,OR,ANM,WE,Federal Contract Tower,0,3,17,0,20,0,11,67,0,78,0,14,84,0,98,22,0,22,120
01/30/2022,SLE,OR,ANM,WE,Federal Contract Tower,0,1,0,0,1,0,0,14,0,14,0,1,14,0,15,2,0,2,17
01/31/2022,SLE,OR,ANM,WE,Federal Contract Tower,0,7,14,2,23,0,1,15,11,27,0,8,29,13,50,28,0,28,78
02/01/2022,SLE,OR,ANM,WE,Federal Contract Tower,0,8,10,0,18,0,0,13,15,28,0,8,23,15,46,28,42,70,116
02/02/2022,SLE,OR,ANM,WE,Federal Contract Tower,0,4,2,0,6,0,0,0,0,0,0,4,2,0,6,0,12,12,18
02/03/2022,SLE,OR,ANM,WE,Federal Contract Tower,0,5,22,3,30,0,13,30,5,48,0,18,52,8,78,52,10,62,140
02/04/2022,SLE,OR,ANM,WE,Federal Contract Tower,0,3,18,0,21,0,0,6,0,6,0,3,24,0,27,24,0,24,51
02/05/2022,SLE,OR,ANM,WE,Federal Contract Tower,0,0,16,0,16,0,1,39,0,40,0,1,55,0,56,19,0,19,75
02/06/2022,SLE,OR,ANM,WE,Federal Contract Tower,0,1,5,0,6,0,1,61,0,62,0,2,66,0,68,60,0,60,128
02/07/2022,SLE,OR,ANM,WE,Federal Contract Tower,0,4,15,1,20,0,0,8,4,12,0,4,23,5,32,11,10,21,53
02/08/2022,SLE,OR,ANM,WE,Federal Contract Tower,0,3,20,0,23,0,6,36,0,42,0,9,56,0,65,30,0,30,95
02/09/2022,SLE,OR,ANM,WE,Federal Contract Tower,0,5,22,0,27,0,2,42,1,45,0,7,64,1,72,58,0,58,130
02/10/2022,SLE,OR,ANM,WE,Federal Contract Tower,0,6,10,0,16,0,0,0,0,0,0,6,10,0,16,0,0,0,16
02/11/2022,SLE,OR,ANM,WE,Federal Contract Tower,0,5,27,0,32,0,1,65,0,66,0,6,92,0,98,86,0,86,184
02/12/2022,SLE,OR,ANM,WE,Federal Contract Tower,0,0,18,0,18,0,3,145,4,152,0,3,163,4,170,78,44,122,292
02/13/2022,SLE,OR,ANM,WE,Federal Contract Tower,0,0,8,4,12,0,0,72,1,73,0,0,80,5,85,18,6,24,109
02/14/2022,SLE,OR,ANM,WE,Federal Contract Tower,0,5,8,0,13,0,1,2,7,10,0,6,10,7,23,0,14,14,37
02/15/2022,SLE,OR,ANM,WE,Federal Contract Tower,0,4,24,1,29,0,6,21,20,47,0,10,45,21,76,48,72,120,196
02/16/2022,SLE,OR,ANM,WE,Federal Contract Tower,0,2,10,3,15,0,7,36,10,53,0,9,46,13,68,68,10,78,146
02/17/2022,SLE,OR,ANM,WE,Federal Contract Tower,0,1,34,0,35,0,7,19,16,42,0,8,53,16,77,30,38,68,145
02/18/2022,SLE,OR,ANM,WE,Federal Contract Tower,0,0,16,0,16,0,3,65,0,68,0,3,81,0,84,82,0,82,166
02/19/2022,SLE,OR,ANM,WE,Federal Contract Tower,0,4,11,2,17,0,0,23,0,23,0,4,34,2,40,38,0,38,78
02/20/2022,SLE,OR,ANM,WE,Federal Contract Tower,0,1,7,0,8,0,1,27,0,28,0,2,34,0,36,34,0,34,70
02/21/2022,SLE,OR,ANM,WE,Federal Contract Tower,0,4,5,0,9,0,0,4,0,4,0,4,9,0,13,4,0,4,17
02/22/2022,SLE,OR,ANM,WE,Federal Contract Tower,0,5,21,2,28,0,0,62,3,65,0,5,83,5,93,30,0,30,123
02/23/2022,SLE,OR,ANM,WE,Federal Contract Tower,0,4,29,0,33,0,3,112,3,118,0,7,141,3,151,69,8,77,228
02/24/2022,SLE,OR,ANM,WE,Federal Contract Tower,0,3,11,5,19,0,1,12,6,19,0,4,23,11,38,10,16,26,64
02/25/2022,SLE,OR,ANM,WE,Federal Contract Tower,0,6,20,1,27,0,14,81,7,102,0,20,101,8,129,78,14,92,221
02/26/2022,SLE,OR,ANM,WE,Federal Contract Tower,0,4,14,0,18,0,2,34,2,38,0,6,48,2,56,58,0,58,114
02/27/2022,SLE,OR,ANM,WE,Federal Contract Tower,0,2,23,0,25,0,0,2,0,2,0,2,25,0,27,0,0,0,27
02/28/2022,SLE,OR,ANM,WE,Federal Contract Tower,0,5,6,0,11,0,0,2,0,2,0,5,8,0,13,0,0,0,13
03/01/2022,SLE,OR,ANM,WE,Federal Contract Tower,0,4,20,4,28,0,0,4,8,12,0,4,24,12,40,0,44,44,84
03/02/2022,SLE,OR,ANM,WE,Federal Contract Tower,0,5,21,5,31,0,1,6,0,7,0,6,27,5,38,52,12,64,102
03/03/2022,SLE,OR,ANM,WE,Federal Contract Tower,0,3,20,4,27,0,4,24,12,40,0,7,44,16,67,6,0,6,73
03/04/2022,SLE,OR,ANM,WE,Federal Contract Tower,0,4,13,0,17,0,5,31,8,44,0,9,44,8,61,0,12,12,73
03/05/2022,SLE,OR,ANM,WE,Federal Contract Tower,0,4,22,2,28,0,2,98,20,120,0,6,120,22,148,55,15,70,218
03/06/2022,SLE,OR,ANM,WE,Federal Contract Tower,0,5,11,2,18,0,0,46,1,47,0,5,57,3,65,76,0,76,141
03/07/2022,SLE,OR,ANM,WE,Federal Contract Tower,0,5,21,0,26,0,7,40,11,58,0,12,61,11,84,24,7,31,115
03/08/2022,SLE,OR,ANM,WE,Federal Contract Tower,0,5,14,7,26,0,2,15,3,20,0,7,29,10,46,16,4,20,66
03/09/2022,SLE,OR,ANM,WE,Federal Contract Tower,0,4,13,0,17,0,2,33,3,38,0,6,46,3,55,16,0,16,71
03/10/2022,SLE,OR,ANM,WE,Federal Contract Tower,0,3,34,0,37,0,9,81,2,92,0,12,115,2,129,28,0,28,157
03/11/2022,SLE,OR,ANM,WE,Federal Contract Tower,0,3,33,2,38,0,5,92,4,101,0,8,125,6,139,62,2,64,203
03/12/2022,SLE,OR,ANM,WE,Federal Contract Tower,0,0,5,0,5,0,0,59,0,59,0,0,64,0,64,50,0,50,114
03/13/2022,SLE,OR,ANM,WE,Federal Contract Tower,0,0,9,0,9,0,0,1,0,1,0,0,10,0,10,0,0,0,10
03/14/2022,SLE,OR,ANM,WE,Federal Contract Tower,0,7,15,1,23,0,1,22,1,24,0,8,37,2,47,90,0,90,137
03/15/2022,SLE,OR,ANM,WE,Federal Contract Tower,0,8,14,0,22,0,4,29,5,38,0,12,43,5,60,14,4,18,78
03/16/2022,SLE,OR,ANM,WE,Federal Contract Tower,0,4,25,2,31,0,3,83,0,86,0,7,108,2,117,106,0,106,223
03/17/2022,SLE,OR,ANM,WE,Federal Contract Tower,0,4,9,4,17,0,6,30,3,39,0,10,39,7,56,40,0,40,96
03/18/2022,SLE,OR,ANM,WE,Federal Contract Tower,0,4,30,2,36,0,7,32,4,43,0,11,62,6,79,34,2,36,115
03/19/2022,SLE,OR,ANM,WE,Federal Contract Tower,0,0,15,2,17,0,4,23,3,30,0,4,38,5,47,24,0,24,71
03/20/2022,SLE,OR,ANM,WE,Federal Contract Tower,0,0,7,0,7,0,0,16,0,16,0,0,23,0,23,3,0,3,26
03/21/2022,SLE,OR,ANM,WE,Federal Contract Tower,0,4,10,0,14,1,1,1,0,3,1,5,11,0,17,9,0,9,26
03/22/2022,SLE,OR,ANM,WE,Federal Contract Tower,0,5,9,0,14,0,6,78,7,91,0,11,87,7,105,71,0,71,176
03/23/2022,SLE,OR,ANM,WE,Federal Contract Tower,0,5,16,3,24,0,6,7,8,21,0,11,23,11,45,22,22,44,89
03/24/2022,SLE,OR,ANM,WE,Federal Contract Tower,0,4,11,4,19,0,2,76,4,82,0,6,87,8,101,42,6,48,149
03/25/2022,SLE,OR,ANM,WE,Federal Contract Tower,0,1,19,4,24,0,2,75,5,82,0,3,94,9,106,43,4,47,153
03/26/2022,SLE,OR,ANM,WE,Federal Contract Tower,0,0,21,0,21,0,16,45,0,61,0,16,66,0,82,61,4,65,147
03/27/2022,SLE,OR,ANM,WE,Federal Contract Tower,0,0,14,0,14,0,0,47,0,47,0,0,61,0,61,38,0,38,99
03/28/2022,SLE,OR,ANM,WE,Federal Contract Tower,0,4,12,2,18,0,10,17,6,33,0,14,29,8,51,26,2,28,79
03/29/2022,SLE,OR,ANM,WE,Federal Contract Tower,0,4,14,2,20,0,4,40,9,53,0,8,54,11,73,66,16,82,155
03/30/2022,SLE,OR,ANM,WE,Federal Contract Tower,0,8,12,2,22,0,11,28,10,49,0,19,40,12,71,42,2,44,115
03/31/2022,SLE,OR,ANM,WE,Federal Contract Tower,0,3,13,2,18,0,5,60,10,75,0,8,73,12,93,28,6,34,127
04/01/2022,SLE,OR,ANM,WE,Federal Contract Tower,0,4,11,0,15,0,4,52,6,62,0,8,63,6,77,32,4,36,113
04/02/2022,SLE,OR,ANM,WE,Federal Contract Tower,0,0,6,0,6,0,2,96,8,106,0,2,102,8,112,56,8,64,176
04/03/2022,SLE,OR,ANM,WE,Federal Contract Tower,0,0,8,0,8,0,1,14,7,22,0,1,22,7,30,4,0,4,34
04/04/2022,SLE,OR,ANM,WE,Federal Contract Tower,0,3,1,0,4,0,0,3,0,3,0,3,4,0,7,0,0,0,7
04/05/2022,SLE,OR,ANM,WE,Federal Contract Tower,0,5,23,1,29,0,3,29,9,41,0,8,52,10,70,40,18,58,128
04/06/2022,SLE,OR,ANM,WE,Federal Contract Tower,0,3,21,2,26,0,5,72,4,81,0,8,93,6,107,50,0,50,157
04/07/2022,SLE,OR,ANM,WE,Federal Contract Tower,0,5,27,5,37,0,12,96,14,122,0,17,123,19,159,70,6,76,235
04/08/2022,SLE,OR,ANM,WE,Federal Contract Tower,0,5,12,0,17,0,0,22,3,25,0,5,34,3,42,24,0,24,66
04/09/2022,SLE,OR,ANM,WE,Federal Contract Tower,0,0,8,0,8,0,0,32,0,32,0,0,40,0,40,18,0,18,58
04/10/2022,SLE,OR,ANM,WE,Federal Contract Tower,0,7,13,0,20,0,0,6,0,6,0,7,19,0,26,22,0,22,48
04/11/2022,SLE,OR,ANM,WE,Federal Contract Tower,0,4,6,3,13,0,0,2,1,3,0,4,8,4,16,2,0,2,18
04/12/2022,SLE,OR,ANM,WE,Federal Contract Tower,0,7,6,4,17,0,0,0,4,4,0,7,6,8,21,0,26,26,47
04/13/2022,SLE,OR,ANM,WE,Federal Contract Tower,0,10,6,0,16,0,6,9,10,25,0,16,15,10,41,0,12,12,53
04/14/2022,SLE,OR,ANM,WE,Federal Contract Tower,0,7,21,0,28,0,0,9,7,16,0,7,30,7,44,14,14,28,72
04/15/2022,SLE,OR,ANM,WE,Federal Contract Tower,0,6,13,4,23,0,9,62,10,81,0,15,75,14,104,64,0,64,168
04/16/2022,SLE,OR,ANM,WE,Federal Contract Tower,0,3,15,0,18,0,0,14,3,17,0,3,29,3,35,22,0,22,57
04/17/2022,SLE,OR,ANM,WE,Federal Contract Tower,0,3,10,0,13,0,2,59,0,61,0,5,69,0,74,24,0,24,98
04/18/2022,SLE,OR,ANM,WE,Federal Contract Tower,0,7,6,2,15,0,2,9,7,18,0,9,15,9,33,48,0,48,81
04/19/2022,SLE,OR,ANM,WE,Federal Contract Tower,0,7,9,0,16,0,0,1,0,1,0,7,10,0,17,0,0,0,17
04/20/2022,SLE,OR,ANM,WE,Federal Contract Tower,0,5,3,2,10,0,2,2,2,6,0,7,5,4,16,0,8,8,24
04/21/2022,SLE,OR,ANM,WE,Federal Contract Tower,0,4,10,2,16,0,15,8,3,26,0,19,18,5,42,10,0,10,52
04/22/2022,SLE,OR,ANM,WE,Federal Contract Tower,0,7,5,10,22,0,12,29,5,46,0,19,34,15,68,72,4,76,144
04/23/2022,SLE,OR,ANM,WE,Federal Contract Tower,0,2,10,0,12,0,5,130,0,135,0,7,140,0,147,136,0,136,283
04/24/2022,SLE,OR,ANM,WE,Federal Contract Tower,0,1,21,0,22,0,0,117,0,117,0,1,138,0,139,40,0,40,179
04/25/2022,SLE,OR,ANM,WE,Federal Contract Tower,0,4,12,5,21,0,5,10,6,21,0,9,22,11,42,38,4,42,84
04/26/2022,SLE,OR,ANM,WE,Federal Contract Tower,0,4,8,2,14,0,6,29,7,42,0,10,37,9,56,21,4,25,81
04/27/2022,SLE,OR,ANM,WE,Federal Contract Tower,0,5,18,1,24,0,4,59,5,68,0,9,77,6,92,106,0,106,198
04/28/2022,SLE,OR,ANM,WE,Federal Contract Tower,0,2,8,0,10,0,4,42,7,53,0,6,50,7,63,38,8,46,109
04/29/2022,SLE,OR,ANM,WE,Federal Contract Tower,0,5,8,0,13,0,5,33,0,38,0,10,41,0,51,53,0,53,104
04/30/2022,SLE,OR,ANM,WE,Federal Contract Tower,0,0,5,0,5,0,2,15,2,19,0,2,20,2,24,54,4,58,82
05/01/2022,SLE,OR,ANM,WE,Federal Contract Tower,0,1,24,0,25,0,1,61,0,62,0,2,85,0,87,74,0,74,161
05/02/2022,SLE,OR,ANM,WE,Federal Contract Tower,0,8,3,0,11,0,0,1,0,1,0,8,4,0,12,0,0,0,12
05/03/2022,SLE,OR,ANM,WE,Federal Contract Tower,0,5,28,0,33,0,3,52,0,55,0,8,80,0,88,70,10,80,168
05/04/2022,SLE,OR,ANM,WE,Federal Contract Tower,0,2,27,2,31,0,12,136,0,148,0,14,163,2,179,134,0,134,313
05/05/2022,SLE,OR,ANM,WE,Federal Contract Tower,0,7,10,0,17,0,1,2,0,3,0,8,12,0,20,4,0,4,24
05/06/2022,SLE,OR,ANM,WE,Federal Contract Tower,0,4,8,1,13,0,2,0,5,7,0,6,8,6,20,0,0,0,20
05/07/2022,SLE,OR,ANM,WE,Federal Contract Tower,0,0,11,0,11,0,4,13,0,17,0,4,24,0,28,22,0,22,50
05/08/2022,SLE,OR,ANM,WE,Federal Contract Tower,0,2,5,0,7,0,0,3,0,3,0,2,8,0,10,14,0,14,24
05/09/2022,SLE,OR,ANM,WE,Federal Contract Tower,0,5,12,0,17,0,4,25,1,30,0,9,37,1,47,27,4,31,78
05/10/2022,SLE,OR,ANM,WE,Federal Contract Tower,0,2,19,0,21,0,6,71,9,86,0,8,90,9,107,78,2,80,187
05/11/2022,SLE,OR,ANM,WE,Federal Contract Tower,0,4,30,0,34,0,7,80,6,93,0,11,110,6,127,30,4,34,161
05/12/2022,SLE,OR,ANM,WE,Federal Contract Tower,0,4,2,8,14,0,0,6,0,6,0,4,8,8,20,12,0,12,32
05/13/2022,SLE,OR,ANM,WE,Federal Contract Tower,0,6,23,0,29,0,8,59,5,72,0,14,82,5,101,84,0,84,185
05/14/2022,SLE,OR,ANM,WE,Federal Contract Tower,0,1,9,4,14,0,1,14,1,16,0,2,23,5,30,16,0,16,46
05/15/2022,SLE,OR,ANM,WE,Federal Contract Tower,0,0,14,3,17,0,4,30,0,34,0,4,44,3,51,16,0,16,67
05/16/2022,SLE,OR,ANM,WE,Federal Contract Tower,0,3,78,0,81,0,6,114,3,123,0,9,192,3,204,138,6,144,348
05/17/2022,SLE,OR,ANM,WE,Federal Contract Tower,0,3,22,0,25,0,17,99,6,122,0,20,121,6,147,80,0,80,227
05/18/2022,SLE,OR,ANM,WE,Federal Contract Tower,0,4,7,0,11,0,2,17,2,21,0,6,24,2,32,22,0,22,54
05/19/2022,SLE,OR,ANM,WE,Federal Contract Tower,0,4,10,1,15,0,5,32,5,42,0,9,42,6,57,16,0,16,73
05/20/2022,SLE,OR,ANM,WE,Federal Contract Tower,0,4,22,0,26,0,9,60,2,71,0,13,82,2,97,60,0,60,157
05/21/2022,SLE,OR,ANM,WE,Federal Contract Tower,0,1,19,0,20,0,2,111,0,113,0,3,130,0,133,53,0,53,186
05/22/2022,SLE,OR,ANM,WE,Federal Contract Tower,0,0,15,0,15,0,0,62,0,62,0,0,77,0,77,93,0,93,170
05/23/2022,SLE,OR,ANM,WE,Federal Contract Tower,0,4,20,0,24,0,3,58,3,64,0,7,78,3,88,96,0,96,184
05/24/2022,SLE,OR,ANM,WE,Federal Contract Tower,0,4,20,0,24,0,6,72,4,82,0,10,92,4,106,97,0,97,203
05/25/2022,SLE,OR,ANM,WE,Federal Contract Tower,0,4,31,1,36,0,1,64,0,65,0,5,95,1,101,130,0,130,231
05/26/2022,SLE,OR,ANM,WE,Federal Contract Tower,0,4,14,1,19,0,4,49,10,63,0,8,63,11,82,40,0,40,122
05/27/2022,SLE,OR,ANM,WE,Federal Contract Tower,0,4,4,0,8,0,2,28,3,33,0,6,32,3,41,68,0,68,109
05/28/2022,SLE,OR,ANM,WE,Federal Contract Tower,0,0,11,0,11,0,0,8,0,8,0,0,19,0,19,4,0,4,23
05/29/2022,SLE,OR,ANM,WE,Federal Contract Tower,0,1,11,0,12,0,1,9,0,10,0,2,20,0,22,20,0,20,42
05/30/2022,SLE,OR,ANM,WE,Federal Contract Tower,0,0,25,0,25,0,6,43,0,49,0,6,68,0,74,73,0,73,147
05/31/2022,SLE,OR,ANM,WE,Federal Contract Tower,0,3,78,0,81,0,6,114,3,123,0,9,192,3,204,138,6,144,348
06/01/2022,SLE,OR,ANM,WE,Federal Contract Tower,0,2,20,0,22,0,10,58,5,73,0,12,78,5,95,94,2,96,191
06/02/2022,SLE,OR,ANM,WE,Federal Contract Tower,0,3,17,6,26,0,11,102,7,120,0,14,119,13,146,86,2,88,234
06/03/2022,SLE,OR,ANM,WE,Federal Contract Tower,0,3,4,0,7,0,7,18,4,29,0,10,22,4,36,2,2,4,40
06/04/2022,SLE,OR,ANM,WE,Federal Contract Tower,0,0,5,4,9,0,0,0,0,0,0,0,5,4,9,0,0,0,9
06/05/2022,SLE,OR,ANM,WE,Federal Contract Tower,0,0,4,2,6,0,0,6,0,6,0,0,10,2,12,4,0,4,16
06/06/2022,SLE,OR,ANM,WE,Federal Contract Tower,0,5,23,1,29,0,2,17,3,22,0,7,40,4,51,43,0,43,94
06/07/2022,SLE,OR,ANM,WE,Federal Contract Tower,0,4,14,0,18,0,0,76,5,81,0,4,90,5,99,91,9,100,199
06/08/2022,SLE,OR,ANM,WE,Federal Contract Tower,0,6,14,0,20,0,6,51,11,68,0,12,65,11,88,78,0,78,166
06/09/2022,SLE,OR,ANM,WE,Federal Contract Tower,0,7,27,2,36,0,4,46,3,53,0,11,73,5,89,42,0,42,131
06/10/2022,SLE,OR,ANM,WE,Federal Contract Tower,0,4,16,4,24,0,0,1,0,1,0,4,17,4,25,30,0,30,55
06/11/2022,SLE,OR,ANM,WE,Federal Contract Tower,0,0,11,2,13,0,0,9,0,9,0,0,20,2,22,31,0,31,53
06/12/2022,SLE,OR,ANM,WE,Federal Contract Tower,0,1,11,4,16,0,0,15,3,18,0,1,26,7,34,4,14,18,52
06/13/2022,SLE,OR,ANM,WE,Federal Contract Tower,0,3,14,2,19,0,8,19,0,27,0,11,33,2,46,40,0,40,86
06/14/2022,SLE,OR,ANM,WE,Federal Contract Tower,0,7,10,3,20,0,3,48,4,55,0,10,58,7,75,106,4,110,185
06/15/2022,SLE,OR,ANM,WE,Federal Contract Tower,0,5,15,2,22,0,15,74,4,93,0,20,89,6,115,114,0,114,229
06/16/2022,SLE,OR,ANM,WE,Federal Contract Tower,2,3,10,1,16,0,5,37,0,42,2,8,47,1,58,114,0,114,172
06/17/2022,SLE,OR,ANM,WE,Federal Contract Tower,0,3,15,0,18,0,1,9,0,10,0,4,24,0,28,21,0,21,49
06/18/2022,SLE,OR,ANM,WE,Federal Contract Tower,0,2,11,0,13,0,0,33,0,33,0,2,44,0,46,53,0,53,99
06/19/2022,SLE,OR,ANM,WE,Federal Contract Tower,0,0,12,2,14,0,0,13,0,13,0,0,25,2,27,30,0,30,57
06/20/2022,SLE,OR,ANM,WE,Federal Contract Tower,0,2,10,2,14,0,5,46,1,52,0,7,56,3,66,82,0,82,148
06/21/2022,SLE,OR,ANM,WE,Federal Contract Tower,0,5,10,6,21,0,4,69,3,76,0,9,79,9,97,64,0,64,161
06/22/2022,SLE,OR,ANM,WE,Federal Contract Tower,0,4,11,0,15,0,1,89,6,96,0,5,100,6,111,99,0,99,210
06/23/2022,SLE,OR,ANM,WE,Federal Contract Tower,0,5,8,5,18,0,1,75,3,79,0,6,83,8,97,124,0,124,221
06/24/2022,SLE,OR,ANM,WE,Federal Contract Tower,0,2,10,4,16,0,3,99,4,106,0,5,109,8,122,54,0,54,176
06/25/2022,SLE,OR,ANM,WE,Federal Contract Tower,0,0,6,0,6,0,1,63,1,65,0,1,69,1,71,40,0,40,111
06/26/2022,SLE,OR,ANM,WE,Federal Contract Tower,0,1,8,0,9,0,0,52,0,52,0,1,60,0,61,29,0,29,90
06/27/2022,SLE,OR,ANM,WE,Federal Contract Tower,0,4,8,0,12,0,6,57,4,67,0,10,65,4,79,75,2,77,156
06/28/2022,SLE,OR,ANM,WE,Federal Contract Tower,0,4,18,4,26,0,6,63,6,75,0,10,81,10,101,36,2,38,139
06/29/2022,SLE,OR,ANM,WE,Federal Contract Tower,0,8,20,4,32,0,8,82,2,92,0,16,102,6,124,94,4,98,222
06/30/2022,SLE,OR,ANM,WE,Federal Contract Tower,0,3,16,0,19,0,8,107,6,121,0,11,123,6,140,104,0,104,244
07/01/2022,SLE,OR,ANM,WE,Federal Contract Tower,0,8,11,0,19,0,10,71,2,83,0,18,82,2,102,9,0,9,111
07/02/2022,SLE,OR,ANM,WE,Federal Contract Tower,0,4,9,1,14,0,1,26,1,28,0,5,35,2,42,52,0,52,94
07/03/2022,SLE,OR,ANM,WE,Federal Contract Tower,0,0,14,0,14,0,1,25,0,26,0,1,39,0,40,30,0,30,70
07/04/2022,SLE,OR,ANM,WE,Federal Contract Tower,0,0,2,0,2,0,1,20,0,21,0,1,22,0,23,29,0,29,52
07/05/2022,SLE,OR,ANM,WE,Federal Contract Tower,0,5,8,0,13,0,3,47,5,55,0,8,55,5,68,46,0,46,114
07/06/2022,SLE,OR,ANM,WE,Federal Contract Tower,0,6,16,3,25,0,5,26,6,37,0,11,42,9,62,42,0,42,104
07/07/2022,SLE,OR,ANM,WE,Federal Contract Tower,0,8,27,0,35,0,15,47,8,70,0,23,74,8,105,56,0,56,161
07/08/2022,SLE,OR,ANM,WE,Federal Contract Tower,0,4,22,3,29,0,17,87,6,110,0,21,109,9,139,135,0,135,274
07/09/2022,SLE,OR,ANM,WE,Federal Contract Tower,0,3,10,2,15,0,4,54,0,58,0,7,64,2,73,100,0,100,173
07/10/2022,SLE,OR,ANM,WE,Federal Contract Tower,0,3,10,0,13,0,2,85,0,87,0,5,95,0,100,65,0,65,165
07/11/2022,SLE,OR,ANM,WE,Federal Contract Tower,0,2,12,2,16,0,13,46,2,61,0,15,58,4,77,26,0,26,103
07/12/2022,SLE,OR,ANM,WE,Federal Contract Tower,0,5,15,0,20,0,11,42,0,53,0,16,57,0,73,68,0,68,141
07/13/2022,SLE,OR,ANM,WE,Federal Contract Tower,0,6,10,5,21,0,11,50,2,63,0,17,60,7,84,50,0,50,134
07/14/2022,SLE,OR,ANM,WE,Federal Contract Tower,0,4,21,1,26,0,11,58,1,70,0,15,79,2,96,144,0,144,240
07/15/2022,SLE,OR,ANM,WE,Federal Contract Tower,0,4,12,2,18,0,14,95,0,109,0,18,107,2,127,70,0,70,197
07/16/2022,SLE,OR,ANM,WE,Federal Contract Tower,0,0,10,1,11,0,7,36,4,47,0,7,46,5,58,18,4,22,80
07/17/2022,SLE,OR,ANM,WE,Federal Contract Tower,0,0,8,0,8,0,1,50,9,60,0,1,58,9,68,53,0,53,121
07/18/2022,SLE,OR,ANM,WE,Federal Contract Tower,0,4,20,2,26,0,12,69,4,85,0,16,89,6,111,36,0,36,147
07/19/2022,SLE,OR,ANM,WE,Federal Contract Tower,0,4,8,0,12,0,20,84,30,134,0,24,92,30,146,109,2,111,257
07/20/2022,SLE,OR,ANM,WE,Federal Contract Tower,0,2,10,1,13,0,18,69,6,93,0,20,79,7,106,82,0,82,188
07/21/2022,SLE,OR,ANM,WE,Federal Contract Tower,0,6,11,0,17,0,3,63,5,71,0,9,74,5,88,80,2,82,170
07/22/2022,SLE,OR,ANM,WE,Federal Contract Tower,0,4,26,2,32,0,2,70,1,73,0,6,96,3,105,56,0,56,161
07/23/2022,SLE,OR,ANM,WE,Federal Contract Tower,0,2,16,0,18,0,4,87,0,91,0,6,103,0,109,80,0,80,189
07/24/2022,SLE,OR,ANM,WE,Federal Contract Tower,0,4,15,0,19,0,5,33,0,38,0,9,48,0,57,4,0,4,61
07/25/2022,SLE,OR,ANM,WE,Federal Contract Tower,0,4,6,3,13,0,8,27,1,36,0,12,33,4,49,69,0,69,118
07/26/2022,SLE,OR,ANM,WE,Federal Contract Tower,0,4,10,1,15,0,15,48,6,69,0,19,58,7,84,42,0,42,126
07/27/2022,SLE,OR,ANM,WE,Federal Contract Tower,0,4,10,4,18,0,6,54,7,67,0,10,64,11,85,68,0,68,153
07/28/2022,SLE,OR,ANM,WE,Federal Contract Tower,0,3,19,2,24,0,13,46,9,68,0,16,65,11,92,88,4,92,184
07/29/2022,SLE,OR,ANM,WE,Federal Contract Tower,0,3,8,0,11,0,17,70,6,93,0,20,78,6,104,77,0,77,181
07/30/2022,SLE,OR,ANM,WE,Federal Contract Tower,0,0,3,0,3,0,13,47,0,60,0,13,50,0,63,52,0,52,115
07/31/2022,SLE,OR,ANM,WE,Federal Contract Tower,0,0,11,0,11,0,15,71,0,86,0,15,82,0,97,66,0,66,163
08/01/2022,SLE,OR,ANM,WE,Federal Contract Tower,0,4,7,0,11,0,11,26,3,40,0,15,33,3,51,55,22,77,128
08/02/2022,SLE,OR,ANM,WE,Federal Contract Tower,0,8,7,2,17,0,4,61,6,71,0,12,68,8,88,75,8,83,171
08/03/2022,SLE,OR,ANM,WE,Federal Contract Tower,0,4,20,3,27,0,9,77,12,98,0,13,97,15,125,6,0,6,131
08/04/2022,SLE,OR,ANM,WE,Federal Contract Tower,0,7,20,2,29,0,15,72,7,94,0,22,92,9,123,4,6,10,133
08/05/2022,SLE,OR,ANM,WE,Federal Contract Tower,0,12,17,0,29,0,19,70,2,91,0,31,87,2,120,39,0,39,159
08/06/2022,SLE,OR,ANM,WE,Federal Contract Tower,0,4,7,7,18,0,3,61,3,67,0,7,68,10,85,39,2,41,126
08/07/2022,SLE,OR,ANM,WE,Federal Contract Tower,0,0,14,2,16,0,0,51,8,59,0,0,65,10,75,6,0,6,81
08/08/2022,SLE,OR,ANM,WE,Federal Contract Tower,0,3,4,0,7,0,9,35,0,44,0,12,39,0,51,8,0,8,59
08/09/2022,SLE,OR,ANM,WE,Federal Contract Tower,0,4,6,2,12,0,9,45,2,56,0,13,51,4,68,13,0,13,81
08/10/2022,SLE,OR,ANM,WE,Federal Contract Tower,0,5,12,0,17,0,6,50,4,60,0,11,62,4,77,36,0,36,113
08/11/2022,SLE,OR,ANM,WE,Federal Contract Tower,0,2,11,2,15,0,6,66,0,72,0,8,77,2,87,92,0,92,179
08/12/2022,SLE,OR,ANM,WE,Federal Contract Tower,0,4,15,0,19,0,9,79,3,91,0,13,94,3,110,33,0,33,143
08/13/2022,SLE,OR,ANM,WE,Federal Contract Tower,0,0,23,2,25,0,8,80,0,88,0,8,103,2,113,40,1,41,154
08/14/2022,SLE,OR,ANM,WE,Federal Contract Tower,0,2,12,0,14,0,3,71,2,76,0,5,83,2,90,75,0,75,165
08/15/2022,SLE,OR,ANM,WE,Federal Contract Tower,0,6,8,5,19,0,16,63,6,85,0,22,71,11,104,53,2,55,159
08/16/2022,SLE,OR,ANM,WE,Federal Contract Tower,0,5,14,2,21,0,8,71,2,81,0,13,85,4,102,44,6,50,152
08/17/2022,SLE,OR,ANM,WE,Federal Contract Tower,0,5,23,2,30,0,8,37,16,61,0,13,60,18,91,74,2,76,167
08/18/2022,SLE,OR,ANM,WE,Federal Contract Tower,0,7,25,4,36,0,3,87,9,99,0,10,112,13,135,54,4,58,193
08/19/2022,SLE,OR,ANM,WE,Federal Contract Tower,0,4,25,1,30,0,2,51,3,56,0,6,76,4,86,4,3,7,93
08/20/2022,SLE,OR,ANM,WE,Federal Contract Tower,0,0,20,0,20,0,7,27,0,34,0,7,47,0,54,50,0,50,104
08/21/2022,SLE,OR,ANM,WE,Federal Contract Tower,0,1,13,0,14,0,6,44,0,50,0,7,57,0,64,20,0,20,84
08/22/2022,SLE,OR,ANM,WE,Federal Contract Tower,0,7,10,0,17,0,15,61,2,78,0,22,71,2,95,71,0,71,166
08/23/2022,SLE,OR,ANM,WE,Federal Contract Tower,0,5,21,0,26,0,10,55,10,75,0,15,76,10,101,39,0,39,140
08/24/2022,SLE,OR,ANM,WE,Federal Contract Tower,0,3,15,3,21,0,13,55,17,85,0,16,70,20,106,141,0,141,247
08/25/2022,SLE,OR,ANM,WE,Federal Contract Tower,0,7,15,2,24,0,10,83,6,99,0,17,98,8,123,122,2,124,247
08/26/2022,SLE,OR,ANM,WE,Federal Contract Tower,0,6,36,1,43,0,11,94,6,111,0,17,130,7,154,87,0,87,241
08/27/2022,SLE,OR,ANM,WE,Federal Contract Tower,0,1,21,0,22,0,4,76,16,96,0,5,97,16,118,32,0,32,150
08/28/2022,SLE,OR,ANM,WE,Federal Contract Tower,0,2,6,0,8,0,7,70,0,77,0,9,76,0,85,96,0,96,181
08/29/2022,SLE,OR,ANM,WE,Federal Contract Tower,0,4,22,3,29,0,2,55,2,59,0,6,77,5,88,24,0,24,112
08/30/2022,SLE,OR,ANM,WE,Federal Contract Tower,0,4,27,1,32,0,5,49,5,59,0,9,76,6,91,127,4,131,222
08/31/2022,SLE,OR,ANM,WE,Federal Contract Tower,0,8,13,3,24,0,7,78,4,89,0,15,91,7,113,88,2,90,203
09/01/2022,SLE,OR,ANM,WE,Federal Contract Tower,0,6,15,2,23,0,20,63,8,91,0,26,78,10,114,132,0,132,246
09/02/2022,SLE,OR,ANM,WE,Federal Contract Tower,0,4,35,0,39,0,14,45,2,61,0,18,80,2,100,43,0,43,143
09/03/2022,SLE,OR,ANM,WE,Federal Contract Tower,0,0,22,0,22,0,6,61,0,67,0,6,83,0,89,83,0,83,172
09/04/2022,SLE,OR,ANM,WE,Federal Contract Tower,0,3,12,0,15,0,0,55,0,55,0,3,67,0,70,55,0,55,125
09/05/2022,SLE,OR,ANM,WE,Federal Contract Tower,0,1,18,0,19,0,3,75,0,78,0,4,93,0,97,46,0,46,143
09/06/2022,SLE,OR,ANM,WE,Federal Contract Tower,0,3,16,2,21,0,20,58,2,80,0,23,74,4,101,127,0,127,228
09/07/2022,SLE,OR,ANM,WE,Federal Contract Tower,0,5,25,4,34,0,6,71,3,80,0,11,96,7,114,106,0,106,220
09/08/2022,SLE,OR,ANM,WE,Federal Contract Tower,0,5,44,3,52,0,23,85,7,115,0,28,129,10,167,134,2,136,303
09/09/2022,SLE,OR,ANM,WE,Federal Contract Tower,0,5,4,5,14,0,7,34,6,47,0,12,38,11,61,26,0,26,87
09/10/2022,SLE,OR,ANM,WE,Federal Contract Tower,0,1,20,2,23,0,12,39,11,62,0,13,59,13,85,45,22,67,152
09/11/2022,SLE,OR,ANM,WE,Federal Contract Tower,0,0,20,3,23,0,2,31,3,36,0,2,51,6,59,54,15,69,128
09/12/2022,SLE,OR,ANM,WE,Federal Contract Tower,0,4,32,0,36,0,3,44,9,56,0,7,76,9,92,202,8,210,302
09/13/2022,SLE,OR,ANM,WE,Federal Contract Tower,0,2,21,2,25,0,14,66,6,86,0,16,87,8,111,130,0,130,241
09/14/2022,SLE,OR,ANM,WE,Federal Contract Tower,0,9,22,0,31,0,28,48,8,84,0,37,70,8,115,42,20,62,177
09/15/2022,SLE,OR,ANM,WE,Federal Contract Tower,0,8,18,1,27,0,28,67,6,101,0,36,85,7,128,178,10,188,316
09/16/2022,SLE,OR,ANM,WE,Federal Contract Tower,0,10,11,0,21,0,32,70,3,105,0,42,81,3,126,134,0,134,260
09/17/2022,SLE,OR,ANM,WE,Federal Contract Tower,0,0,14,1,15,0,14,55,1,70,0,14,69,2,85,86,0,86,171
09/18/2022,SLE,OR,ANM,WE,Federal Contract Tower,0,0,14,0,14,0,3,42,0,45,0,3,56,0,59,44,0,44,103
09/19/2022,SLE,OR,ANM,WE,Federal Contract Tower,0,6,20,1,27,0,1,57,0,58,0,7,77,1,85,124,0,124,209
09/20/2022,SLE,OR,ANM,WE,Federal Contract Tower,0,6,18,4,28,0,18,57,2,77,0,24,75,6,105,56,0,56,161
09/21/2022,SLE,OR,ANM,WE,Federal Contract Tower,0,4,6,0,10,0,8,74,10,92,0,12,80,10,102,46,8,54,156
09/22/2022,SLE,OR,ANM,WE,Federal Contract Tower,0,4,18,2,24,0,11,43,8,62,0,15,61,10,86,30,6,36,122
09/23/2022,SLE,OR,ANM,WE,Federal Contract Tower,2,7,27,1,37,0,18,71,0,89,2,25,98,1,126,62,0,62,188
09/24/2022,SLE,OR,ANM,WE,Federal Contract Tower,0,3,14,0,17,0,4,96,0,100,0,7,110,0,117,48,0,48,165
09/25/2022,SLE,OR,ANM,WE,Federal Contract Tower,0,3,25,0,28,0,3,85,0,88,0,6,110,0,116,38,0,38,154
09/26/2022,SLE,OR,ANM,WE,Federal Contract Tower,0,6,16,2,24,0,2,52,4,58,0,8,68,6,82,68,0,68,150
09/27/2022,SLE,OR,ANM,WE,Federal Contract Tower,0,6,12,0,18,0,3,90,12,105,0,9,102,12,123,150,10,160,283
09/28/2022,SLE,OR,ANM,WE,Federal Contract Tower,0,5,11,2,18,0,8,14,9,31,0,13,25,11,49,30,4,34,83
09/29/2022,SLE,OR,ANM,WE,Federal Contract Tower,0,6,21,6,33,0,5,11,8,24,0,11,32,14,57,20,12,32,89
09/30/2022,SLE,OR,ANM,WE,Federal Contract Tower,0,6,34,1,41,0,4,41,2,47,0,10,75,3,88,62,0,62,150
10/01/2022,SLE,OR,ANM,WE,Federal Contract Tower,0,0,10,0,10,0,8,79,0,87,0,8,89,0,97,58,0,58,155
10/02/2022,SLE,OR,ANM,WE,Federal Contract Tower,0,0,19,0,19,0,3,92,0,95,0,3,111,0,114,70,0,70,184
10/03/2022,SLE,OR,ANM,WE,Federal Contract Tower,0,2,19,0,21,0,14,36,3,53,0,16,55,3,74,60,0,60,134
10/04/2022,SLE,OR,ANM,WE,Federal Contract Tower,0,2,21,1,24,0,1,14,6,21,0,3,35,7,45,82,2,84,129
10/05/2022,SLE,OR,ANM,WE,Federal Contract Tower,0,2,23,2,27,0,2,19,1,22,0,4,42,3,49,6,8,14,63
10/06/2022,SLE,OR,ANM,WE,Federal Contract Tower,0,4,16,1,21,0,6,39,0,45,0,10,55,1,66,66,0,66,132
10/07/2022,SLE,OR,ANM,WE,Federal Contract Tower,0,8,15,0,23,0,5,57,0,62,0,13,72,0,85,74,0,74,159
10/08/2022,SLE,OR,ANM,WE,Federal Contract Tower,0,1,12,0,13,0,8,79,0,87,0,9,91,0,100,84,0,84,184
10/09/2022,SLE,OR,ANM,WE,Federal Contract Tower,0,1,15,0,16,0,5,69,0,74,0,6,84,0,90,66,3,69,159
10/10/2022,SLE,OR,ANM,WE,Federal Contract Tower,0,5,25,3,33,0,15,84,0,99,0,20,109,3,132,90,0,90,222
10/11/2022,SLE,OR,ANM,WE,Federal Contract Tower,0,3,21,4,28,0,29,62,6,97,0,32,83,10,125,122,4,126,251
10/12/2022,SLE,OR,ANM,WE,Federal Contract Tower,0,4,15,2,21,0,8,98,4,110,0,12,113,6,131,74,0,74,205
10/13/2022,SLE,OR,ANM,WE,Federal Contract Tower,0,5,13,2,20,0,19,76,7,102,0,24,89,9,122,26,0,26,148
10/14/2022,SLE,OR,ANM,WE,Federal Contract Tower,0,4,14,0,18,0,8,72,0,80,0,12,86,0,98,70,0,70,168
10/15/2022,SLE,OR,ANM,WE,Federal Contract Tower,0,0,8,2,10,0,4,74,0,78,0,4,82,2,88,58,0,58,146
10/16/2022,SLE,OR,ANM,WE,Federal Contract Tower,0,3,16,0,19,0,12,77,0,89,0,15,93,0,108,88,0,88,196
10/17/2022,SLE,OR,ANM,WE,Federal Contract Tower,0,4,10,0,14,0,6,36,0,42,0,10,46,0,56,32,0,32,88
10/18/2022,SLE,OR,ANM,WE,Federal Contract Tower,0,8,19,3,30,0,2,17,3,22,0,10,36,6,52,50,0,50,102
10/19/2022,SLE,OR,ANM,WE,Federal Contract Tower,0,12,26,4,42,0,15,48,7,70,0,27,74,11,112,106,16,122,234
10/20/2022,SLE,OR,ANM,WE,Federal Contract Tower,0,10,11,7,28,0,7,4,1,12,0,17,15,8,40,14,4,18,58
10/21/2022,SLE,OR,ANM,WE,Federal Contract Tower,0,12,12,5,29,0,4,33,4,41,0,16,45,9,70,72,0,72,142
10/22/2022,SLE,OR,ANM,WE,Federal Contract Tower,0,4,4,0,8,0,4,19,2,25,0,8,23,2,33,34,0,34,67
10/23/2022,SLE,OR,ANM,WE,Federal Contract Tower,0,8,11,0,19,0,5,84,0,89,0,13,95,0,108,92,0,92,200
10/24/2022,SLE,OR,ANM,WE,Federal Contract Tower,0,5,17,0,22,0,4,7,5,16,0,9,24,5,38,0,4,4,42
10/25/2022,SLE,OR,ANM,WE,Federal Contract Tower,0,14,23,1,38,0,6,10,2,18,0,20,33,3,56,26,2,28,84
10/26/2022,SLE,OR,ANM,WE,Federal Contract Tower,0,7,15,4,26,0,4,47,6,57,0,11,62,10,83,62,10,72,155
10/27/2022,SLE,OR,ANM,WE,Federal Contract Tower,0,3,16,1,20,0,28,104,10,142,0,31,120,11,162,132,0,132,294
10/28/2022,SLE,OR,ANM,WE,Federal Contract Tower,0,10,3,2,15,0,3,2,0,5,0,13,5,2,20,20,0,20,40
10/29/2022,SLE,OR,ANM,WE,Federal Contract Tower,0,4,18,0,22,0,0,1,0,1,0,4,19,0,23,4,0,4,27
10/30/2022,SLE,OR,ANM,WE,Federal Contract Tower,0,3,15,0,18,0,34,61,0,95,0,37,76,0,113,76,0,76,189
10/31/2022,SLE,OR,ANM,WE,Federal Contract Tower,0,3,6,3,12,0,1,2,0,3,0,4,8,3,15,14,0,14,29
11/01/2022,SLE,OR,ANM,WE,Federal Contract Tower,0,4,16,0,20,0,4,12,4,20,0,8,28,4,40,18,0,18,58
11/02/2022,SLE,OR,ANM,WE,Federal Contract Tower,0,4,7,2,13,0,3,14,2,19,0,7,21,4,32,44,12,56,88
11/03/2022,SLE,OR,ANM,WE,Federal Contract Tower,0,5,10,2,17,0,5,53,5,63,0,10,63,7,80,142,10,152,232
11/04/2022,SLE,OR,ANM,WE,Federal Contract Tower,0,4,2,2,8,0,0,0,0,0,0,4,2,2,8,0,10,10,18
11/05/2022,SLE,OR,ANM,WE,Federal Contract Tower,0,0,7,2,9,0,3,21,19,43,0,3,28,21,52,38,2,40,92
11/06/2022,SLE,OR,ANM,WE,Federal Contract Tower,0,1,5,0,6,0,0,1,0,1,0,1,6,0,7,0,0,0,7
11/07/2022,SLE,OR,ANM,WE,Federal Contract Tower,0,9,5,4,18,0,0,0,0,0,0,9,5,4,18,0,4,4,22
11/08/2022,SLE,OR,ANM,WE,Federal Contract Tower,0,7,20,4,31,0,4,46,15,65,0,11,66,19,96,84,8,92,188
11/09/2022,SLE,OR,ANM,WE,Federal Contract Tower,0,2,12,3,17,0,13,85,5,103,0,15,97,8,120,152,22,174,294
11/10/2022,SLE,OR,ANM,WE,Federal Contract Tower,0,3,25,4,32,0,9,67,5,81,0,12,92,9,113,126,0,126,239
11/11/2022,SLE,OR,ANM,WE,Federal Contract Tower,0,7,9,0,16,0,10,24,0,34,0,17,33,0,50,32,0,32,82
11/12/2022,SLE,OR,ANM,WE,Federal Contract Tower,0,0,7,0,7,0,4,85,0,89,0,4,92,0,96,118,0,118,214
11/13/2022,SLE,OR,ANM,WE,Federal Contract Tower,0,2,6,0,8,0,3,8,0,11,0,5,14,0,19,38,0,38,57
11/14/2022,SLE,OR,ANM,WE,Federal Contract Tower,0,8,1,0,9,0,10,43,3,56,0,18,44,3,65,21,0,21,86
11/15/2022,SLE,OR,ANM,WE,Federal Contract Tower,0,4,15,2,21,0,13,57,16,86,0,17,72,18,107,92,0,92,199
11/16/2022,SLE,OR,ANM,WE,Federal Contract Tower,0,7,16,4,27,0,10,58,14,82,0,17,74,18,109,70,0,70,179
11/17/2022,SLE,OR,ANM,WE,Federal Contract Tower,0,3,6,0,9,0,13,49,11,73,0,16,55,11,82,80,0,80,162
11/18/2022,SLE,OR,ANM,WE,Federal Contract Tower,0,15,5,1,21,0,15,96,5,116,0,30,101,6,137,168,0,168,305
11/19/2022,SLE,OR,ANM,WE,Federal Contract Tower,0,0,6,0,6,0,10,87,0,97,0,10,93,0,103,82,0,82,185
11/20/2022,SLE,OR,ANM,WE,Federal Contract Tower,0,0,11,0,11,0,3,44,0,47,0,3,55,0,58,64,0,64,122
11/21/2022,SLE,OR,ANM,WE,Federal Contract Tower,0,6,15,1,22,0,3,35,15,53,0,9,50,16,75,88,16,104,179
11/22/2022,SLE,OR,ANM,WE,Federal Contract Tower,0,4,23,0,27,0,9,7,9,25,0,13,30,9,52,34,0,34,86
11/23/2022,SLE,OR,ANM,WE,Federal Contract Tower,0,5,11,0,16,0,0,0,0,0,0,5,11,0,16,0,0,0,16
11/24/2022,SLE,OR,ANM,WE,Federal Contract Tower,0,0,2,0,2,0,0,0,0,0,0,0,2,0,2,0,0,0,2
11/25/2022,SLE,OR,ANM,WE,Federal Contract Tower,0,5,12,0,17,0,0,0,0,0,0,5,12,0,17,0,0,0,17
11/26/2022,SLE,OR,ANM,WE,Federal Contract Tower,0,0,7,0,7,0,1,56,0,57,0,1,63,0,64,56,0,56,120
11/27/2022,SLE,OR,ANM,WE,Federal Contract Tower,0,1,7,0,8,0,2,0,0,2,0,3,7,0,10,2,0,2,12
11/28/2022,SLE,OR,ANM,WE,Federal Contract Tower,0,5,8,2,15,0,11,48,3,62,0,16,56,5,77,84,0,84,161
11/29/2022,SLE,OR,ANM,WE,Federal Contract Tower,0,6,4,0,10,0,0,0,0,0,0,6,4,0,10,0,0,0,10
11/30/2022,SLE,OR,ANM,WE,Federal Contract Tower,0,5,5,2,12,0,1,7,3,11,0,6,12,5,23,10,0,10,33
12/01/2022,SLE,OR,ANM,WE,Federal Contract Tower,0,4,5,0,9,0,12,2,8,22,0,16,7,8,31,4,0,4,35
12/02/2022,SLE,OR,ANM,WE,Federal Contract Tower,0,4,7,1,12,0,4,31,6,41,0,8,38,7,53,54,4,58,111
12/03/2022,SLE,OR,ANM,WE,Federal Contract Tower,0,0,9,0,9,0,7,83,0,90,0,7,92,0,99,78,0,78,177
12/04/2022,SLE,OR,ANM,WE,Federal Contract Tower,0,0,1,0,1,0,2,3,0,5,0,2,4,0,6,0,0,0,6
12/05/2022,SLE,OR,ANM,WE,Federal Contract Tower,0,5,9,1,15,0,0,0,0,0,0,5,9,1,15,0,0,0,15
12/06/2022,SLE,OR,ANM,WE,Federal Contract Tower,0,9,6,2,17,0,20,14,8,42,0,29,20,10,59,34,4,38,97
12/07/2022,SLE,OR,ANM,WE,Federal Contract Tower,0,5,9,1,15,0,0,2,0,2,0,5,11,1,17,0,0,0,17
12/08/2022,SLE,OR,ANM,WE,Federal Contract Tower,0,4,6,3,13,0,2,2,6,10,0,6,8,9,23,16,0,16,39
12/09/2022,SLE,OR,ANM,WE,Federal Contract Tower,0,6,4,0,10,0,2,5,2,9,0,8,9,2,19,6,4,10,29
12/10/2022,SLE,OR,ANM,WE,Federal Contract Tower,0,2,2,0,4,0,2,6,0,8,0,4,8,0,12,0,0,0,12
12/11/2022,SLE,OR,ANM,WE,Federal Contract Tower,0,0,13,0,13,0,2,12,0,14,0,2,25,0,27,38,0,38,65
12/12/2022,SLE,OR,ANM,WE,Federal Contract Tower,0,9,8,4,21,0,1,39,6,46,0,10,47,10,67,72,0,72,139
12/13/2022,SLE,OR,ANM,WE,Federal Contract Tower,0,4,21,5,30,0,21,45,12,78,0,25,66,17,108,40,4,44,152
12/14/2022,SLE,OR,ANM,WE,Federal Contract Tower,0,6,20,1,27,0,8,43,7,58,0,14,63,8,85,106,0,106,191
12/15/2022,SLE,OR,ANM,WE,Federal Contract Tower,0,3,12,0,15,0,1,76,8,85,0,4,88,8,100,106,0,106,206
12/16/2022,SLE,OR,ANM,WE,Federal Contract Tower,0,9,27,0,36,0,6,78,6,90,0,15,105,6,126,114,0,114,240
12/17/2022,SLE,OR,ANM,WE,Federal Contract Tower,0,2,11,0,13,0,0,122,0,122,0,2,133,0,135,98,0,98,233
12/18/2022,SLE,OR,ANM,WE,Federal Contract Tower,0,3,9,0,12,0,0,0,0,0,0,3,9,0,12,0,0,0,12
12/19/2022,SLE,OR,ANM,WE,Federal Contract Tower,0,5,4,0,9,0,0,6,3,9,0,5,10,3,18,0,2,2,20
12/20/2022,SLE,OR,ANM,WE,Federal Contract Tower,0,4,9,0,13,0,0,0,0,0,0,4,9,0,13,0,2,2,15
12/21/2022,SLE,OR,ANM,WE,Federal Contract Tower,0,6,21,0,27,0,14,65,12,91,0,20,86,12,118,26,22,48,166
12/22/2022,SLE,OR,ANM,WE,Federal Contract Tower,0,2,2,0,4,0,6,4,0,10,0,8,6,0,14,6,0,6,20
12/23/2022,SLE,OR,ANM,WE,Federal Contract Tower,0,0,0,0,0,0,0,0,0,0,0,0,0,0,0,0,0,0,0
12/24/2022,SLE,OR,ANM,WE,Federal Contract Tower,0,0,2,0,2,0,0,0,0,0,0,0,2,0,2,0,0,0,2
12/25/2022,SLE,OR,ANM,WE,Federal Contract Tower,0,2,3,0,5,0,0,2,0,2,0,2,5,0,7,0,0,0,7
12/26/2022,SLE,OR,ANM,WE,Federal Contract Tower,0,1,9,0,10,0,2,10,0,12,0,3,19,0,22,0,8,8,30
12/27/2022,SLE,OR,ANM,WE,Federal Contract Tower,0,3,0,0,3,0,0,0,0,0,0,3,0,0,3,0,0,0,3
12/28/2022,SLE,OR,ANM,WE,Federal Contract Tower,0,4,9,2,15,0,0,10,3,13,0,4,19,5,28,26,2,28,56
12/29/2022,SLE,OR,ANM,WE,Federal Contract Tower,0,6,0,2,8,0,0,2,0,2,0,6,2,2,10,0,0,0,10
12/30/2022,SLE,OR,ANM,WE,Federal Contract Tower,0,4,9,0,13,0,2,1,0,3,0,6,10,0,16,40,0,40,56
12/31/2022,SLE,OR,ANM,WE,Federal Contract Tower,0,0,7,0,7,0,0,4,0,4,0,0,11,0,11,14,0,14,25
01/01/2023,SLE,OR,ANM,WE,Federal Contract Tower,0,0,3,0,3,0,0,19,0,19,0,0,22,0,22,68,0,68,90
01/02/2023,SLE,OR,ANM,WE,Federal Contract Tower,0,0,13,0,13,0,2,15,0,17,0,2,28,0,30,12,0,12,42
01/03/2023,SLE,OR,ANM,WE,Federal Contract Tower,0,5,12,1,18,0,5,44,3,52,0,10,56,4,70,74,0,74,144
01/04/2023,SLE,OR,ANM,WE,Federal Contract Tower,0,7,4,1,12,0,7,7,0,14,0,14,11,1,26,4,0,4,30
01/05/2023,SLE,OR,ANM,WE,Federal Contract Tower,0,3,15,0,18,0,8,9,0,17,0,11,24,0,35,30,0,30,65
01/06/2023,SLE,OR,ANM,WE,Federal Contract Tower,0,10,16,0,26,0,21,65,2,88,0,31,81,2,114,83,0,83,197
01/07/2023,SLE,OR,ANM,WE,Federal Contract Tower,0,0,8,0,8,0,3,24,10,37,0,3,32,10,45,62,8,70,115
01/08/2023,SLE,OR,ANM,WE,Federal Contract Tower,0,0,8,2,10,0,1,2,4,7,0,1,10,6,17,0,24,24,41
01/09/2023,SLE,OR,ANM,WE,Federal Contract Tower,0,4,4,3,11,0,0,7,17,24,0,4,11,20,35,0,10,10,45
01/10/2023,SLE,OR,ANM,WE,Federal Contract Tower,0,7,6,0,13,0,21,59,12,92,0,28,65,12,105,76,6,82,187
01/11/2023,SLE,OR,ANM,WE,Federal Contract Tower,0,4,3,3,10,0,4,23,11,38,0,8,26,14,48,52,24,76,124
01/12/2023,SLE,OR,ANM,WE,Federal Contract Tower,0,4,3,3,10,0,6,8,18,32,0,10,11,21,42,24,0,24,66
01/13/2023,SLE,OR,ANM,WE,Federal Contract Tower,0,7,6,0,13,0,2,4,2,8,0,9,10,2,21,22,6,28,49
01/14/2023,SLE,OR,ANM,WE,Federal Contract Tower,0,2,10,0,12,0,4,22,0,26,0,6,32,0,38,48,0,48,86
01/15/2023,SLE,OR,ANM,WE,Federal Contract Tower,0,1,4,0,5,0,0,0,0,0,0,1,4,0,5,0,0,0,5
01/16/2023,SLE,OR,ANM,WE,Federal Contract Tower,0,10,20,0,30,0,1,57,0,58,0,11,77,0,88,42,0,42,130
01/17/2023,SLE,OR,ANM,WE,Federal Contract Tower,0,5,9,3,17,0,4,13,6,23,0,9,22,9,40,42,2,44,84
01/18/2023,SLE,OR,ANM,WE,Federal Contract Tower,0,6,11,0,17,0,0,0,0,0,0,6,11,0,17,0,0,0,17
01/19/2023,SLE,OR,ANM,WE,Federal Contract Tower,0,10,12,5,27,0,12,12,2,26,0,22,24,7,53,12,12,24,77
01/20/2023,SLE,OR,ANM,WE,Federal Contract Tower,0,7,10,0,17,0,0,0,2,2,0,7,10,2,19,0,4,4,23
01/21/2023,SLE,OR,ANM,WE,Federal Contract Tower,0,2,4,0,6,0,2,18,2,22,0,4,22,2,28,38,0,38,66
01/22/2023,SLE,OR,ANM,WE,Federal Contract Tower,0,5,15,0,20,0,5,60,0,65,0,10,75,0,85,70,0,70,155
01/23/2023,SLE,OR,ANM,WE,Federal Contract Tower,0,4,6,0,10,0,9,39,5,53,0,13,45,5,63,76,2,78,141
01/24/2023,SLE,OR,ANM,WE,Federal Contract Tower,0,7,9,3,19,0,0,14,5,19,0,7,23,8,38,26,4,30,68
01/25/2023,SLE,OR,ANM,WE,Federal Contract Tower,0,4,16,7,27,0,2,0,2,4,0,6,16,9,31,0,4,4,35
01/26/2023,SLE,OR,ANM,WE,Federal Contract Tower,0,4,6,4,14,0,0,0,2,2,0,4,6,6,16,0,0,0,16
01/27/2023,SLE,OR,ANM,WE,Federal Contract Tower,0,5,8,1,14,0,0,8,0,8,0,5,16,1,22,46,10,56,78
01/28/2023,SLE,OR,ANM,WE,Federal Contract Tower,0,0,12,0,12,0,0,7,2,9,0,0,19,2,21,8,0,8,29
01/29/2023,SLE,OR,ANM,WE,Federal Contract Tower,0,0,14,0,14,0,0,61,0,61,0,0,75,0,75,18,0,18,93
01/30/2023,SLE,OR,ANM,WE,Federal Contract Tower,0,4,15,0,19,0,5,93,0,98,0,9,108,0,117,80,0,80,197
01/31/2023,SLE,OR,ANM,WE,Federal Contract Tower,0,4,8,0,12,0,5,64,5,74,0,9,72,5,86,74,6,80,166
02/01/2023,SLE,OR,ANM,WE,Federal Contract Tower,0,3,10,3,16,0,5,66,2,73,0,8,76,5,89,64,0,64,153
02/02/2023,SLE,OR,ANM,WE,Federal Contract Tower,0,5,8,2,15,0,11,52,6,69,0,16,60,8,84,38,6,44,128
02/03/2023,SLE,OR,ANM,WE,Federal Contract Tower,0,4,8,5,17,0,3,11,0,14,0,7,19,5,31,0,0,0,31
02/04/2023,SLE,OR,ANM,WE,Federal Contract Tower,0,0,9,0,9,0,1,41,13,55,0,1,50,13,64,40,0,40,104
02/05/2023,SLE,OR,ANM,WE,Federal Contract Tower,0,0,4,0,4,0,0,2,7,9,0,0,6,7,13,8,10,18,31
02/06/2023,SLE,OR,ANM,WE,Federal Contract Tower,0,3,4,2,9,0,5,15,7,27,0,8,19,9,36,18,0,18,54
02/07/2023,SLE,OR,ANM,WE,Federal Contract Tower,0,1,10,2,13,0,7,4,5,16,0,8,14,7,29,8,0,8,37
02/08/2023,SLE,OR,ANM,WE,Federal Contract Tower,0,2,19,1,22,0,10,70,4,84,0,12,89,5,106,50,0,50,156
02/09/2023,SLE,OR,ANM,WE,Federal Contract Tower,0,3,18,1,22,0,3,103,4,110,0,6,121,5,132,36,2,38,170
02/10/2023,SLE,OR,ANM,WE,Federal Contract Tower,0,2,7,2,11,0,7,19,0,26,0,9,26,2,37,50,4,54,91
02/11/2023,SLE,OR,ANM,WE,Federal Contract Tower,0,1,18,4,23,0,6,34,1,41,0,7,52,5,64,18,0,18,82
02/12/2023,SLE,OR,ANM,WE,Federal Contract Tower,0,1,5,2,8,0,3,15,0,18,0,4,20,2,26,6,0,6,32
02/13/2023,SLE,OR,ANM,WE,Federal Contract Tower,0,2,8,3,13,0,1,0,11,12,0,3,8,14,25,0,6,6,31
02/14/2023,SLE,OR,ANM,WE,Federal Contract Tower,0,9,16,2,27,0,0,34,0,34,0,9,50,2,61,46,0,46,107
02/15/2023,SLE,OR,ANM,WE,Federal Contract Tower,0,3,16,4,23,0,4,48,10,62,0,7,64,14,85,30,8,38,123
02/16/2023,SLE,OR,ANM,WE,Federal Contract Tower,0,4,13,5,22,0,4,65,16,85,0,8,78,21,107,90,30,120,227
02/17/2023,SLE,OR,ANM,WE,Federal Contract Tower,0,3,9,5,17,0,12,93,5,110,0,15,102,10,127,100,6,106,233
02/18/2023,SLE,OR,ANM,WE,Federal Contract Tower,0,0,17,0,17,0,2,38,0,40,0,2,55,0,57,96,0,96,153
02/19/2023,SLE,OR,ANM,WE,Federal Contract Tower,0,1,9,0,10,0,0,36,0,36,0,1,45,0,46,16,0,16,62
02/20/2023,SLE,OR,ANM,WE,Federal Contract Tower,0,5,11,0,16,0,10,14,0,24,0,15,25,0,40,24,0,24,64
02/21/2023,SLE,OR,ANM,WE,Federal Contract Tower,0,8,8,4,20,0,9,4,12,25,0,17,12,16,45,14,4,18,63
02/22/2023,SLE,OR,ANM,WE,Federal Contract Tower,0,4,8,1,13,0,0,0,0,0,0,4,8,1,13,0,0,0,13
02/23/2023,SLE,OR,ANM,WE,Federal Contract Tower,0,0,4,0,4,0,1,1,0,2,0,1,5,0,6,0,0,0,6
02/24/2023,SLE,OR,ANM,WE,Federal Contract Tower,0,2,17,2,21,0,11,47,8,66,0,13,64,10,87,60,2,62,149
02/25/2023,SLE,OR,ANM,WE,Federal Contract Tower,0,2,24,0,26,0,2,93,2,97,0,4,117,2,123,80,0,80,203
02/26/2023,SLE,OR,ANM,WE,Federal Contract Tower,0,0,4,0,4,0,1,3,0,4,0,1,7,0,8,0,0,0,8
02/27/2023,SLE,OR,ANM,WE,Federal Contract Tower,0,3,9,1,13,0,0,11,1,12,0,3,20,2,25,12,2,14,39
02/28/2023,SLE,OR,ANM,WE,Federal Contract Tower,0,4,5,1,10,0,2,1,5,8,0,6,6,6,18,2,10,12,30
03/01/2023,SLE,OR,ANM,WE,Federal Contract Tower,0,3,16,4,23,0,10,69,4,83,0,13,85,8,106,62,14,76,182
03/02/2023,SLE,OR,ANM,WE,Federal Contract Tower,0,5,6,0,11,0,2,10,5,17,0,7,16,5,28,6,6,12,40
03/03/2023,SLE,OR,ANM,WE,Federal Contract Tower,0,6,7,3,16,0,0,5,5,10,0,6,12,8,26,32,0,32,58
03/04/2023,SLE,OR,ANM,WE,Federal Contract Tower,0,1,8,0,9,0,0,1,9,10,0,1,9,9,19,6,0,6,25
03/05/2023,SLE,OR,ANM,WE,Federal Contract Tower,0,1,6,2,9,0,1,2,0,3,0,2,8,2,12,14,2,16,28
03/06/2023,SLE,OR,ANM,WE,Federal Contract Tower,0,4,7,5,16,0,5,43,14,62,0,9,50,19,78,36,6,42,120
03/07/2023,SLE,OR,ANM,WE,Federal Contract Tower,0,4,14,5,23,0,4,21,6,31,0,8,35,11,54,40,12,52,106
03/08/2023,SLE,OR,ANM,WE,Federal Contract Tower,0,5,15,3,23,0,4,22,12,38,0,9,37,15,61,32,24,56,117
03/09/2023,SLE,OR,ANM,WE,Federal Contract Tower,0,3,9,0,12,0,5,13,12,30,0,8,22,12,42,20,12,32,74
03/10/2023,SLE,OR,ANM,WE,Federal Contract Tower,0,4,13,0,17,0,2,3,0,5,0,6,16,0,22,44,0,44,66
03/11/2023,SLE,OR,ANM,WE,Federal Contract Tower,0,2,18,1,21,0,8,97,1,106,0,10,115,2,127,104,0,104,231
03/12/2023,SLE,OR,ANM,WE,Federal Contract Tower,0,2,13,0,15,0,3,7,0,10,0,5,20,0,25,6,0,6,31
03/13/2023,SLE,OR,ANM,WE,Federal Contract Tower,0,9,4,0,13,0,0,0,0,0,0,9,4,0,13,0,0,0,13
03/14/2023,SLE,OR,ANM,WE,Federal Contract Tower,0,9,23,1,33,0,14,39,6,59,0,23,62,7,92,69,0,69,161
03/15/2023,SLE,OR,ANM,WE,Federal Contract Tower,0,5,24,0,29,0,7,72,10,89,0,12,96,10,118,158,0,158,276
03/16/2023,SLE,OR,ANM,WE,Federal Contract Tower,0,1,38,0,39,0,5,111,7,123,0,6,149,7,162,176,2,178,340
03/17/2023,SLE,OR,ANM,WE,Federal Contract Tower,0,4,17,0,21,0,13,85,3,101,0,17,102,3,122,56,4,60,182
03/18/2023,SLE,OR,ANM,WE,Federal Contract Tower,0,3,9,0,12,0,8,131,1,140,0,11,140,1,152,122,0,122,274
03/19/2023,SLE,OR,ANM,WE,Federal Contract Tower,0,2,12,0,14,0,0,4,0,4,0,2,16,0,18,10,0,10,28
03/20/2023,SLE,OR,ANM,WE,Federal Contract Tower,0,2,19,0,21,0,0,1,10,11,0,2,20,10,32,0,12,12,44
03/21/2023,SLE,OR,ANM,WE,Federal Contract Tower,0,2,13,1,16,0,14,61,10,85,0,16,74,11,101,74,0,74,175
03/22/2023,SLE,OR,ANM,WE,Federal Contract Tower,0,1,10,1,12,0,8,94,11,113,0,9,104,12,125,92,2,94,219
03/23/2023,SLE,OR,ANM,WE,Federal Contract Tower,0,6,8,0,14,0,8,4,0,12,0,14,12,0,26,4,0,4,30
03/24/2023,SLE,OR,ANM,WE,Federal Contract Tower,0,4,6,0,10,0,3,3,4,10,0,7,9,4,20,0,2,2,22
03/25/2023,SLE,OR,ANM,WE,Federal Contract Tower,0,0,5,0,5,0,0,0,0,0,0,0,5,0,5,0,0,0,5
03/26/2023,SLE,OR,ANM,WE,Federal Contract Tower,0,3,4,0,7,0,2,18,0,20,0,5,22,0,27,22,0,22,49
03/27/2023,SLE,OR,ANM,WE,Federal Contract Tower,0,4,12,0,16,0,2,34,4,40,0,6,46,4,56,32,2,34,90
03/28/2023,SLE,OR,ANM,WE,Federal Contract Tower,0,5,11,0,16,0,3,2,0,5,0,8,13,0,21,26,0,26,47
03/29/2023,SLE,OR,ANM,WE,Federal Contract Tower,0,10,28,2,40,0,8,56,2,66,0,18,84,4,106,82,0,82,188
03/30/2023,SLE,OR,ANM,WE,Federal Contract Tower,0,3,19,2,24,0,7,47,3,57,0,10,66,5,81,50,0,50,131
03/31/2023,SLE,OR,ANM,WE,Federal Contract Tower,0,4,7,4,15,0,3,8,0,11,0,7,15,4,26,8,0,8,34
04/01/2023,SLE,OR,ANM,WE,Federal Contract Tower,0,0,2,0,2,0,2,8,2,12,0,2,10,2,14,18,0,18,32
04/02/2023,SLE,OR,ANM,WE,Federal Contract Tower,0,2,8,0,10,0,0,5,0,5,0,2,13,0,15,0,0,0,15
04/03/2023,SLE,OR,ANM,WE,Federal Contract Tower,0,2,16,3,21,0,2,18,1,21,0,4,34,4,42,44,0,44,86
04/04/2023,SLE,OR,ANM,WE,Federal Contract Tower,0,2,8,3,13,0,2,23,5,30,0,4,31,8,43,44,10,54,97
04/05/2023,SLE,OR,ANM,WE,Federal Contract Tower,0,4,7,0,11,0,8,27,8,43,0,12,34,8,54,58,8,66,120
04/06/2023,SLE,OR,ANM,WE,Federal Contract Tower,0,4,13,2,19,0,0,10,15,25,0,4,23,17,44,44,12,56,100
04/07/2023,SLE,OR,ANM,WE,Federal Contract Tower,0,3,12,4,19,0,8,10,5,23,0,11,22,9,42,6,4,10,52
04/08/2023,SLE,OR,ANM,WE,Federal Contract Tower,0,2,25,0,27,0,27,78,0,105,0,29,103,0,132,82,0,82,214
04/09/2023,SLE,OR,ANM,WE,Federal Contract Tower,0,1,5,1,7,0,4,2,0,6,0,5,7,1,13,8,0,8,21
04/10/2023,SLE,OR,ANM,WE,Federal Contract Tower,0,4,6,2,12,0,0,0,0,0,0,4,6,2,12,0,0,0,12
04/11/2023,SLE,OR,ANM,WE,Federal Contract Tower,0,3,13,2,18,0,11,27,2,40,0,14,40,4,58,28,0,28,86
04/12/2023,SLE,OR,ANM,WE,Federal Contract Tower,0,9,14,0,23,0,12,37,11,60,0,21,51,11,83,80,12,92,175
04/13/2023,SLE,OR,ANM,WE,Federal Contract Tower,0,0,22,0,22,0,17,64,2,83,0,17,86,2,105,130,0,130,235
04/14/2023,SLE,OR,ANM,WE,Federal Contract Tower,0,1,23,0,24,0,11,120,10,141,0,12,143,10,165,120,12,132,297
04/15/2023,SLE,OR,ANM,WE,Federal Contract Tower,0,1,15,1,17,0,2,43,0,45,0,3,58,1,62,58,0,58,120
04/16/2023,SLE,OR,ANM,WE,Federal Contract Tower,0,1,7,3,11,0,2,1,7,10,0,3,8,10,21,0,0,0,21
04/17/2023,SLE,OR,ANM,WE,Federal Contract Tower,0,5,7,2,14,0,7,6,0,13,0,12,13,2,27,2,0,2,29
04/18/2023,SLE,OR,ANM,WE,Federal Contract Tower,0,4,8,2,14,0,2,0,0,2,0,6,8,2,16,0,0,0,16
04/19/2023,SLE,OR,ANM,WE,Federal Contract Tower,0,6,7,1,14,0,5,14,0,19,0,11,21,1,33,24,0,24,57
04/20/2023,SLE,OR,ANM,WE,Federal Contract Tower,0,6,11,6,23,0,23,12,2,37,0,29,23,8,60,28,0,28,88
04/21/2023,SLE,OR,ANM,WE,Federal Contract Tower,0,10,16,2,28,0,6,45,2,53,0,16,61,4,81,80,0,80,161
04/22/2023,SLE,OR,ANM,WE,Federal Contract Tower,0,4,8,0,12,0,4,47,0,51,0,8,55,0,63,40,0,40,103
04/23/2023,SLE,OR,ANM,WE,Federal Contract Tower,0,1,10,0,11,0,2,14,0,16,0,3,24,0,27,8,0,8,35
04/24/2023,SLE,OR,ANM,WE,Federal Contract Tower,0,6,8,2,16,0,5,31,3,39,0,11,39,5,55,28,8,36,91
04/25/2023,SLE,OR,ANM,WE,Federal Contract Tower,0,1,13,6,20,0,11,121,2,134,0,12,134,8,154,129,4,133,287
04/26/2023,SLE,OR,ANM,WE,Federal Contract Tower,0,5,13,5,23,0,8,92,14,114,0,13,105,19,137,68,0,68,205
04/27/2023,SLE,OR,ANM,WE,Federal Contract Tower,0,5,15,7,27,0,7,92,5,104,0,12,107,12,131,85,6,91,222
04/28/2023,SLE,OR,ANM,WE,Federal Contract Tower,0,4,31,2,37,0,14,93,0,107,0,18,124,2,144,122,0,122,266
04/29/2023,SLE,OR,ANM,WE,Federal Contract Tower,0,5,19,0,24,0,7,84,0,91,0,12,103,0,115,48,0,48,163
04/30/2023,SLE,OR,ANM,WE,Federal Contract Tower,0,0,14,0,14,0,3,30,0,33,0,3,44,0,47,38,0,38,85
05/01/2023,SLE,OR,ANM,WE,Federal Contract Tower,0,4,8,0,12,0,1,41,0,42,0,5,49,0,54,62,0,62,116
05/02/2023,SLE,OR,ANM,WE,Federal Contract Tower,0,5,14,2,21,0,3,57,0,60,0,8,71,2,81,162,0,162,243
05/03/2023,SLE,OR,ANM,WE,Federal Contract Tower,0,1,19,2,22,0,9,82,0,91,0,10,101,2,113,40,0,40,153
05/04/2023,SLE,OR,ANM,WE,Federal Contract Tower,0,4,6,0,10,0,0,4,0,4,0,4,10,0,14,6,0,6,20
05/05/2023,SLE,OR,ANM,WE,Federal Contract Tower,0,10,23,4,37,0,7,22,0,29,0,17,45,4,66,46,0,46,112
05/06/2023,SLE,OR,ANM,WE,Federal Contract Tower,0,2,20,0,22,0,1,38,0,39,0,3,58,0,61,30,0,30,91
05/07/2023,SLE,OR,ANM,WE,Federal Contract Tower,0,0,13,0,13,0,14,56,0,70,0,14,69,0,83,40,0,40,123
05/08/2023,SLE,OR,ANM,WE,Federal Contract Tower,0,6,5,2,13,0,8,15,5,28,0,14,20,7,41,12,0,12,53
05/09/2023,SLE,OR,ANM,WE,Federal Contract Tower,0,6,17,2,25,0,5,82,2,89,0,11,99,4,114,112,0,112,226
05/10/2023,SLE,OR,ANM,WE,Federal Contract Tower,0,10,14,1,25,0,10,94,4,108,0,20,108,5,133,52,4,56,189
05/11/2023,SLE,OR,ANM,WE,Federal Contract Tower,0,3,20,2,25,0,10,92,2,104,0,13,112,4,129,84,0,84,213
05/12/2023,SLE,OR,ANM,WE,Federal Contract Tower,0,2,21,4,27,0,10,79,5,94,0,12,100,9,121,40,0,40,161
05/13/2023,SLE,OR,ANM,WE,Federal Contract Tower,0,2,19,0,21,0,5,102,0,107,0,7,121,0,128,32,0,32,160
05/14/2023,SLE,OR,ANM,WE,Federal Contract Tower,0,1,7,0,8,0,2,40,0,42,0,3,47,0,50,50,0,50,100
05/15/2023,SLE,OR,ANM,WE,Federal Contract Tower,0,5,13,0,18,0,8,68,0,76,0,13,81,0,94,36,0,36,130
05/16/2023,SLE,OR,ANM,WE,Federal Contract Tower,0,4,30,2,36,0,6,85,3,94,0,10,115,5,130,60,6,66,196
05/17/2023,SLE,OR,ANM,WE,Federal Contract Tower,0,3,24,2,29,0,4,79,9,92,0,7,103,11,121,122,10,132,253
05/18/2023,SLE,OR,ANM,WE,Federal Contract Tower,0,3,15,5,23,0,14,93,5,112,0,17,108,10,135,68,6,74,209
05/19/2023,SLE,OR,ANM,WE,Federal Contract Tower,0,1,19,0,20,0,4,72,6,82,0,5,91,6,102,56,0,56,158
05/20/2023,SLE,OR,ANM,WE,Federal Contract Tower,0,0,5,1,6,0,2,58,0,60,0,2,63,1,66,42,0,42,108
05/21/2023,SLE,OR,ANM,WE,Federal Contract Tower,0,2,10,3,15,0,9,37,0,46,0,11,47,3,61,12,0,12,73
05/22/2023,SLE,OR,ANM,WE,Federal Contract Tower,0,5,12,2,19,0,5,45,6,56,0,10,57,8,75,28,2,30,105
05/23/2023,SLE,OR,ANM,WE,Federal Contract Tower,0,3,19,0,22,0,5,77,6,88,0,8,96,6,110,50,0,50,160
05/24/2023,SLE,OR,ANM,WE,Federal Contract Tower,0,3,16,0,19,0,5,67,3,75,0,8,83,3,94,36,0,36,130
05/25/2023,SLE,OR,ANM,WE,Federal Contract Tower,0,3,12,0,15,0,25,56,0,81,0,28,68,0,96,22,0,22,118
05/26/2023,SLE,OR,ANM,WE,Federal Contract Tower,0,0,8,0,8,0,21,70,2,93,0,21,78,2,101,90,0,90,191
05/27/2023,SLE,OR,ANM,WE,Federal Contract Tower,0,1,16,0,17,0,13,69,0,82,0,14,85,0,99,60,0,60,159
05/28/2023,SLE,OR,ANM,WE,Federal Contract Tower,0,2,4,0,6,0,2,51,0,53,0,4,55,0,59,18,0,18,77
05/29/2023,SLE,OR,ANM,WE,Federal Contract Tower,0,0,9,0,9,0,4,64,0,68,0,4,73,0,77,22,0,22,99
05/30/2023,SLE,OR,ANM,WE,Federal Contract Tower,0,0,15,1,16,0,8,76,5,89,0,8,91,6,105,58,0,58,163
05/31/2023,SLE,OR,ANM,WE,Federal Contract Tower,0,6,7,2,15,0,14,63,12,89,0,20,70,14,104,38,0,38,142
06/01/2023,SLE,OR,ANM,WE,Federal Contract Tower,1,3,8,2,14,0,9,88,3,100,1,12,96,5,114,74,6,80,194
06/02/2023,SLE,OR,ANM,WE,Federal Contract Tower,0,2,16,2,20,0,6,56,4,66,0,8,72,6,86,54,0,54,140
06/03/2023,SLE,OR,ANM,WE,Federal Contract Tower,0,2,7,0,9,0,0,74,5,79,0,2,81,5,88,62,0,62,150
06/04/2023,SLE,OR,ANM,WE,Federal Contract Tower,0,2,5,0,7,0,0,33,3,36,0,2,38,3,43,0,0,0,43
06/05/2023,SLE,OR,ANM,WE,Federal Contract Tower,0,4,12,0,16,0,4,33,6,43,0,8,45,6,59,40,0,40,99
06/06/2023,SLE,OR,ANM,WE,Federal Contract Tower,0,5,10,0,15,0,2,82,4,88,0,7,92,4,103,68,0,68,171
06/07/2023,SLE,OR,ANM,WE,Federal Contract Tower,0,1,10,3,14,0,6,75,1,82,0,7,85,4,96,82,0,82,178
06/08/2023,SLE,OR,ANM,WE,Federal Contract Tower,0,8,6,0,14,0,4,55,4,63,0,12,61,4,77,52,0,52,129
06/09/2023,SLE,OR,ANM,WE,Federal Contract Tower,0,5,21,0,26,0,9,28,7,44,0,14,49,7,70,74,2,76,146
06/10/2023,SLE,OR,ANM,WE,Federal Contract Tower,0,0,4,0,4,0,4,59,0,63,0,4,63,0,67,70,0,70,137
06/11/2023,SLE,OR,ANM,WE,Federal Contract Tower,0,0,13,2,15,0,2,40,0,42,0,2,53,2,57,40,0,40,97
06/12/2023,SLE,OR,ANM,WE,Federal Contract Tower,0,1,6,7,14,0,10,48,10,68,0,11,54,17,82,86,0,86,168
06/13/2023,SLE,OR,ANM,WE,Federal Contract Tower,0,6,3,2,11,0,10,73,8,91,0,16,76,10,102,48,6,54,156
06/14/2023,SLE,OR,ANM,WE,Federal Contract Tower,0,0,8,0,8,0,14,84,7,105,0,14,92,7,113,16,4,20,133
06/15/2023,SLE,OR,ANM,WE,Federal Contract Tower,0,4,11,2,17,0,12,70,2,84,0,16,81,4,101,36,0,36,137
06/16/2023,SLE,OR,ANM,WE,Federal Contract Tower,0,5,3,1,9,0,5,65,0,70,0,10,68,1,79,58,0,58,137
06/17/2023,SLE,OR,ANM,WE,Federal Contract Tower,0,2,3,0,5,0,0,27,0,27,0,2,30,0,32,36,0,36,68
06/18/2023,SLE,OR,ANM,WE,Federal Contract Tower,0,2,9,0,11,0,1,3,0,4,0,3,12,0,15,4,0,4,19
06/19/2023,SLE,OR,ANM,WE,Federal Contract Tower,0,3,15,0,18,0,9,17,0,26,0,12,32,0,44,10,0,10,54
06/20/2023,SLE,OR,ANM,WE,Federal Contract Tower,0,3,5,2,10,0,6,34,2,42,0,9,39,4,52,82,0,82,134
06/21/2023,SLE,OR,ANM,WE,Federal Contract Tower,0,2,9,2,13,0,11,78,0,89,0,13,87,2,102,64,0,64,166
06/22/2023,SLE,OR,ANM,WE,Federal Contract Tower,0,5,16,0,21,0,5,91,2,98,0,10,107,2,119,42,0,42,161
06/23/2023,SLE,OR,ANM,WE,Federal Contract Tower,0,3,7,1,11,0,10,86,2,98,0,13,93,3,109,30,0,30,139
06/24/2023,SLE,OR,ANM,WE,Federal Contract Tower,0,0,3,0,3,0,9,87,5,101,0,9,90,5,104,48,0,48,152
06/25/2023,SLE,OR,ANM,WE,Federal Contract Tower,0,0,10,0,10,0,2,55,0,57,0,2,65,0,67,92,0,92,159
06/26/2023,SLE,OR,ANM,WE,Federal Contract Tower,0,3,14,2,19,0,8,45,4,57,0,11,59,6,76,28,16,44,120
06/27/2023,SLE,OR,ANM,WE,Federal Contract Tower,0,5,14,1,20,0,9,53,10,72,0,14,67,11,92,58,0,58,150
06/28/2023,SLE,OR,ANM,WE,Federal Contract Tower,0,2,10,2,14,0,9,75,16,100,0,11,85,18,114,62,0,62,176
06/29/2023,SLE,OR,ANM,WE,Federal Contract Tower,0,4,15,4,23,0,4,65,2,71,0,8,80,6,94,68,0,68,162
06/30/2023,SLE,OR,ANM,WE,Federal Contract Tower,0,6,19,3,28,0,14,83,1,98,0,20,102,4,126,46,0,46,172
07/01/2023,SLE,OR,ANM,WE,Federal Contract Tower,0,2,10,0,12,0,12,83,0,95,0,14,93,0,107,38,0,38,145
07/02/2023,SLE,OR,ANM,WE,Federal Contract Tower,0,0,9,0,9,0,5,48,0,53,0,5,57,0,62,20,0,20,82
07/03/2023,SLE,OR,ANM,WE,Federal Contract Tower,0,2,28,0,30,0,16,71,0,87,0,18,99,0,117,36,0,36,153
07/04/2023,SLE,OR,ANM,WE,Federal Contract Tower,0,0,1,0,1,0,6,28,0,34,0,6,29,0,35,22,0,22,57
07/05/2023,SLE,OR,ANM,WE,Federal Contract Tower,0,2,11,4,17,1,5,48,0,54,1,7,59,4,71,18,0,18,89
07/06/2023,SLE,OR,ANM,WE,Federal Contract Tower,0,2,11,5,18,0,5,58,1,64,0,7,69,6,82,28,0,28,110
07/07/2023,SLE,OR,ANM,WE,Federal Contract Tower,0,3,31,4,38,0,6,43,2,51,0,9,74,6,89,54,0,54,143
07/08/2023,SLE,OR,ANM,WE,Federal Contract Tower,0,3,21,0,24,0,8,42,0,50,0,11,63,0,74,63,0,63,137
07/09/2023,SLE,OR,ANM,WE,Federal Contract Tower,0,0,11,0,11,0,2,54,2,58,0,2,65,2,69,80,0,80,149
07/10/2023,SLE,OR,ANM,WE,Federal Contract Tower,0,5,14,0,19,2,14,50,7,73,2,19,64,7,92,128,0,128,220
07/11/2023,SLE,OR,ANM,WE,Federal Contract Tower,0,1,7,3,11,0,15,76,11,102,0,16,83,14,113,80,0,80,193
07/12/2023,SLE,OR,ANM,WE,Federal Contract Tower,0,5,11,0,16,0,7,84,10,101,0,12,95,10,117,68,0,68,185
07/13/2023,SLE,OR,ANM,WE,Federal Contract Tower,0,8,7,0,15,0,11,94,6,111,0,19,101,6,126,54,0,54,180
07/14/2023,SLE,OR,ANM,WE,Federal Contract Tower,0,2,24,3,29,0,10,106,1,117,0,12,130,4,146,84,3,87,233
07/15/2023,SLE,OR,ANM,WE,Federal Contract Tower,0,1,8,0,9,0,4,47,21,72,0,5,55,21,81,52,0,52,133
07/16/2023,SLE,OR,ANM,WE,Federal Contract Tower,0,0,20,1,21,0,9,43,5,57,0,9,63,6,78,42,6,48,126
07/17/2023,SLE,OR,ANM,WE,Federal Contract Tower,0,2,8,6,16,1,7,75,0,83,1,9,83,6,99,32,0,32,131
07/18/2023,SLE,OR,ANM,WE,Federal Contract Tower,0,5,18,1,24,0,8,61,7,76,0,13,79,8,100,64,0,64,164
07/19/2023,SLE,OR,ANM,WE,Federal Contract Tower,0,4,10,0,14,0,6,73,5,84,0,10,83,5,98,62,0,62,160
07/20/2023,SLE,OR,ANM,WE,Federal Contract Tower,0,0,14,4,18,0,7,78,12,97,0,7,92,16,115,52,4,56,171
07/21/2023,SLE,OR,ANM,WE,Federal Contract Tower,0,2,24,0,26,0,9,99,4,112,0,11,123,4,138,90,2,92,230
07/22/2023,SLE,OR,ANM,WE,Federal Contract Tower,0,2,15,0,17,0,0,72,0,72,0,2,87,0,89,50,0,50,139
07/23/2023,SLE,OR,ANM,WE,Federal Contract Tower,0,0,10,0,10,0,0,37,0,37,0,0,47,0,47,30,0,30,77
07/24/2023,SLE,OR,ANM,WE,Federal Contract Tower,0,2,20,2,24,0,5,58,12,75,0,7,78,14,99,38,0,38,137
07/25/2023,SLE,OR,ANM,WE,Federal Contract Tower,0,3,28,0,31,0,15,82,7,104,0,18,110,7,135,78,10,88,223
07/26/2023,SLE,OR,ANM,WE,Federal Contract Tower,0,2,13,6,21,0,10,88,9,107,0,12,101,15,128,122,6,128,256
07/27/2023,SLE,OR,ANM,WE,Federal Contract Tower,0,2,23,1,26,0,11,95,8,114,0,13,118,9,140,100,0,100,240
07/28/2023,SLE,OR,ANM,WE,Federal Contract Tower,0,3,25,0,28,0,10,93,0,103,0,13,118,0,131,30,0,30,161
07/29/2023,SLE,OR,ANM,WE,Federal Contract Tower,0,0,10,0,10,0,6,81,0,87,0,6,91,0,97,24,0,24,121
07/30/2023,SLE,OR,ANM,WE,Federal Contract Tower,0,0,8,0,8,0,5,62,0,67,0,5,70,0,75,30,0,30,105
07/31/2023,SLE,OR,ANM,WE,Federal Contract Tower,0,3,24,3,30,0,8,63,0,71,0,11,87,3,101,70,0,70,171
08/01/2023,SLE,OR,ANM,WE,Federal Contract Tower,0,6,12,1,19,0,7,70,9,86,0,13,82,10,105,28,0,28,133
08/02/2023,SLE,OR,ANM,WE,Federal Contract Tower,0,3,22,0,25,0,11,57,5,73,0,14,79,5,98,32,0,32,130
08/03/2023,SLE,OR,ANM,WE,Federal Contract Tower,0,7,29,1,37,0,6,69,4,79,0,13,98,5,116,82,0,82,198
08/04/2023,SLE,OR,ANM,WE,Federal Contract Tower,0,5,9,1,15,0,9,56,4,69,0,14,65,5,84,66,4,70,154
08/05/2023,SLE,OR,ANM,WE,Federal Contract Tower,0,4,15,2,21,0,7,64,12,83,0,11,79,14,104,50,4,54,158
08/06/2023,SLE,OR,ANM,WE,Federal Contract Tower,0,3,16,2,21,0,1,47,4,52,0,4,63,6,73,52,2,54,127
08/07/2023,SLE,OR,ANM,WE,Federal Contract Tower,0,3,6,0,9,0,21,42,4,67,0,24,48,4,76,42,0,42,118
08/08/2023,SLE,OR,ANM,WE,Federal Contract Tower,0,4,19,0,23,0,14,67,4,85,0,18,86,4,108,74,2,76,184
08/09/2023,SLE,OR,ANM,WE,Federal Contract Tower,0,6,26,0,32,0,11,81,2,94,0,17,107,2,126,74,0,74,200
08/10/2023,SLE,OR,ANM,WE,Federal Contract Tower,0,3,30,1,34,0,5,66,8,79,0,8,96,9,113,54,0,54,167
08/11/2023,SLE,OR,ANM,WE,Federal Contract Tower,0,2,14,0,16,0,4,67,2,73,0,6,81,2,89,44,0,44,133
08/12/2023,SLE,OR,ANM,WE,Federal Contract Tower,0,0,14,0,14,0,0,63,0,63,0,0,77,0,77,50,0,50,127
08/13/2023,SLE,OR,ANM,WE,Federal Contract Tower,0,2,11,0,13,0,1,47,0,48,0,3,58,0,61,42,0,42,103
08/14/2023,SLE,OR,ANM,WE,Federal Contract Tower,0,2,13,0,15,0,23,55,2,80,0,25,68,2,95,66,0,66,161
08/15/2023,SLE,OR,ANM,WE,Federal Contract Tower,0,6,3,3,12,0,6,36,2,44,0,12,39,5,56,26,0,26,82
08/16/2023,SLE,OR,ANM,WE,Federal Contract Tower,0,3,14,0,17,0,7,68,1,76,0,10,82,1,93,68,0,68,161
08/17/2023,SLE,OR,ANM,WE,Federal Contract Tower,0,6,29,1,36,0,4,74,7,85,0,10,103,8,121,100,0,100,221
08/18/2023,SLE,OR,ANM,WE,Federal Contract Tower,0,4,40,0,44,0,6,64,2,72,0,10,104,2,116,62,0,62,178
08/19/2023,SLE,OR,ANM,WE,Federal Contract Tower,0,0,5,0,5,0,4,68,0,72,0,4,73,0,77,34,0,34,111
08/20/2023,SLE,OR,ANM,WE,Federal Contract Tower,0,0,20,0,20,0,0,30,0,30,0,0,50,0,50,22,0,22,72
08/21/2023,SLE,OR,ANM,WE,Federal Contract Tower,0,2,20,0,22,0,5,45,5,55,0,7,65,5,77,50,6,56,133
08/22/2023,SLE,OR,ANM,WE,Federal Contract Tower,0,3,28,0,31,0,12,81,12,105,0,15,109,12,136,78,18,96,232
08/23/2023,SLE,OR,ANM,WE,Federal Contract Tower,0,5,26,0,31,0,17,80,8,105,0,22,106,8,136,46,0,46,182
08/24/2023,SLE,OR,ANM,WE,Federal Contract Tower,0,7,26,1,34,0,8,52,9,69,0,15,78,10,103,130,0,130,233
08/25/2023,SLE,OR,ANM,WE,Federal Contract Tower,0,3,12,3,18,0,10,59,0,69,0,13,71,3,87,6,0,6,93
08/26/2023,SLE,OR,ANM,WE,Federal Contract Tower,0,2,19,0,21,0,7,74,0,81,0,9,93,0,102,58,0,58,160
08/27/2023,SLE,OR,ANM,WE,Federal Contract Tower,0,0,21,0,21,0,2,54,0,56,0,2,75,0,77,20,0,20,97
08/28/2023,SLE,OR,ANM,WE,Federal Contract Tower,0,6,42,4,52,0,0,20,2,22,0,6,62,6,74,64,0,64,138
08/29/2023,SLE,OR,ANM,WE,Federal Contract Tower,0,10,22,1,33,0,16,56,12,84,0,26,78,13,117,78,0,78,195
08/30/2023,SLE,OR,ANM,WE,Federal Contract Tower,0,5,18,0,23,0,8,71,2,81,0,13,89,2,104,58,0,58,162
08/31/2023,SLE,OR,ANM,WE,Federal Contract Tower,0,8,27,5,40,0,0,0,0,0,0,8,27,5,40,0,0,0,40
