01/01/2000,SLN,KS,ACE,CE,Federal Contract Tower,1,3,11,0,15,1,4,3,0,8,2,7,14,0,23,2,0,2,25
01/02/2000,SLN,KS,ACE,CE,Federal Contract Tower,0,11,32,1,44,0,2,50,0,52,0,13,82,1,96,38,0,38,134
01/03/2000,SLN,KS,ACE,CE,Federal Contract Tower,0,5,16,0,21,0,3,0,0,3,0,8,16,0,24,0,0,0,24
01/04/2000,SLN,KS,ACE,CE,Federal Contract Tower,0,16,47,6,69,0,0,40,0,40,0,16,87,6,109,52,24,76,185
01/05/2000,SLN,KS,ACE,CE,Federal Contract Tower,0,12,37,5,54,0,0,26,2,28,0,12,63,7,82,50,24,74,156
01/06/2000,SLN,KS,ACE,CE,Federal Contract Tower,1,13,36,6,56,1,2,70,0,73,2,15,106,6,129,74,4,78,207
01/07/2000,SLN,KS,ACE,CE,Federal Contract Tower,0,10,28,4,42,0,3,71,13,87,0,13,99,17,129,36,30,66,195
01/08/2000,SLN,KS,ACE,CE,Federal Contract Tower,0,11,29,4,44,0,2,0,12,14,0,13,29,16,58,6,10,16,74
01/09/2000,SLN,KS,ACE,CE,Federal Contract Tower,0,7,20,2,29,0,4,10,0,14,0,11,30,2,43,14,0,14,57
01/10/2000,SLN,KS,ACE,CE,Federal Contract Tower,0,11,34,5,50,0,0,27,12,39,0,11,61,17,89,58,44,102,191
01/11/2000,SLN,KS,ACE,CE,Federal Contract Tower,0,14,42,7,63,0,0,58,5,63,0,14,100,12,126,80,34,114,240
01/12/2000,SLN,KS,ACE,CE,Federal Contract Tower,0,16,42,7,65,0,0,19,12,31,0,16,61,19,96,4,72,76,172
01/13/2000,SLN,KS,ACE,CE,Federal Contract Tower,0,19,48,9,76,2,0,51,9,62,2,19,99,18,138,62,76,138,276
01/14/2000,SLN,KS,ACE,CE,Federal Contract Tower,0,14,51,9,74,2,0,84,6,92,2,14,135,15,166,84,54,138,304
01/15/2000,SLN,KS,ACE,CE,Federal Contract Tower,0,7,16,0,23,0,2,79,0,81,0,9,95,0,104,52,0,52,156
01/16/2000,SLN,KS,ACE,CE,Federal Contract Tower,0,7,17,2,26,0,0,46,0,46,0,7,63,2,72,54,0,54,126
01/17/2000,SLN,KS,ACE,CE,Federal Contract Tower,0,12,30,0,42,0,0,32,0,32,0,12,62,0,74,52,0,52,126
01/18/2000,SLN,KS,ACE,CE,Federal Contract Tower,0,13,39,7,59,0,0,111,12,123,0,13,150,19,182,164,100,264,446
01/19/2000,SLN,KS,ACE,CE,Federal Contract Tower,0,14,35,6,55,0,2,80,0,82,0,16,115,6,137,72,12,84,221
01/20/2000,SLN,KS,ACE,CE,Federal Contract Tower,0,17,42,7,66,0,0,110,5,115,0,17,152,12,181,116,70,186,367
01/21/2000,SLN,KS,ACE,CE,Federal Contract Tower,0,12,32,6,50,0,1,101,11,113,0,13,133,17,163,130,80,210,373
01/22/2000,SLN,KS,ACE,CE,Federal Contract Tower,0,8,18,3,29,0,1,52,4,57,0,9,70,7,86,48,10,58,144
01/23/2000,SLN,KS,ACE,CE,Federal Contract Tower,0,5,20,4,29,0,0,12,3,15,0,5,32,7,44,38,8,46,90
01/24/2000,SLN,KS,ACE,CE,Federal Contract Tower,0,17,42,6,65,0,0,109,2,111,0,17,151,8,176,184,64,248,424
01/25/2000,SLN,KS,ACE,CE,Federal Contract Tower,0,12,40,6,58,0,0,121,4,125,0,12,161,10,183,166,66,232,415
01/26/2000,SLN,KS,ACE,CE,Federal Contract Tower,0,14,40,0,54,0,0,59,0,59,0,14,99,0,113,84,0,84,197
01/27/2000,SLN,KS,ACE,CE,Federal Contract Tower,0,9,23,0,32,2,3,1,0,6,2,12,24,0,38,0,0,0,38
01/28/2000,SLN,KS,ACE,CE,Federal Contract Tower,0,16,43,0,59,0,0,30,0,30,0,16,73,0,89,16,0,16,105
01/29/2000,SLN,KS,ACE,CE,Federal Contract Tower,0,5,12,0,17,0,3,0,0,3,0,8,12,0,20,0,0,0,20
01/30/2000,SLN,KS,ACE,CE,Federal Contract Tower,0,6,16,0,22,0,3,29,0,32,0,9,45,0,54,50,0,50,104
01/31/2000,SLN,KS,ACE,CE,Federal Contract Tower,0,12,34,2,48,0,0,5,0,5,0,12,39,2,53,0,0,0,53
02/01/2000,SLN,KS,ACE,CE,Federal Contract Tower,0,16,52,0,68,0,0,97,0,97,0,16,149,0,165,148,0,148,313
02/02/2000,SLN,KS,ACE,CE,Federal Contract Tower,0,15,46,8,69,0,3,119,8,130,0,18,165,16,199,134,20,154,353
02/03/2000,SLN,KS,ACE,CE,Federal Contract Tower,0,16,48,9,73,0,3,132,6,141,0,19,180,15,214,144,42,186,400
02/04/2000,SLN,KS,ACE,CE,Federal Contract Tower,1,13,41,7,62,0,2,92,15,109,1,15,133,22,171,84,78,162,333
02/05/2000,SLN,KS,ACE,CE,Federal Contract Tower,0,6,21,3,30,0,1,58,31,90,0,7,79,34,120,20,30,50,170
02/06/2000,SLN,KS,ACE,CE,Federal Contract Tower,0,7,36,7,50,0,0,76,17,93,0,7,112,24,143,132,24,156,299
02/07/2000,SLN,KS,ACE,CE,Federal Contract Tower,0,15,43,9,67,0,2,138,9,149,0,17,181,18,216,168,90,258,474
02/08/2000,SLN,KS,ACE,CE,Federal Contract Tower,0,12,35,7,54,0,0,152,9,161,0,12,187,16,215,178,60,238,453
02/09/2000,SLN,KS,ACE,CE,Federal Contract Tower,0,13,37,8,58,0,0,127,8,135,0,13,164,16,193,200,48,248,441
02/10/2000,SLN,KS,ACE,CE,Federal Contract Tower,0,14,49,10,73,0,0,124,2,126,0,14,173,12,199,80,4,84,283
02/11/2000,SLN,KS,ACE,CE,Federal Contract Tower,0,11,29,6,46,0,0,29,4,33,0,11,58,10,79,26,78,104,183
02/12/2000,SLN,KS,ACE,CE,Federal Contract Tower,0,8,23,0,31,0,4,42,0,46,0,12,65,0,77,66,0,66,143
02/13/2000,SLN,KS,ACE,CE,Federal Contract Tower,0,9,27,2,38,0,0,20,0,20,0,9,47,2,58,30,0,30,88
02/14/2000,SLN,KS,ACE,CE,Federal Contract Tower,0,12,40,8,60,0,0,104,3,107,0,12,144,11,167,102,78,180,347
02/15/2000,SLN,KS,ACE,CE,Federal Contract Tower,0,12,33,4,49,0,2,143,0,145,0,14,176,4,194,147,18,165,359
02/16/2000,SLN,KS,ACE,CE,Federal Contract Tower,0,12,46,9,67,0,0,134,2,136,0,12,180,11,203,134,12,146,349
02/17/2000,SLN,KS,ACE,CE,Federal Contract Tower,0,13,40,7,60,0,0,81,0,81,0,13,121,7,141,92,0,92,233
02/18/2000,SLN,KS,ACE,CE,Federal Contract Tower,0,12,33,0,45,2,4,6,0,12,2,16,39,0,57,0,0,0,57
02/19/2000,SLN,KS,ACE,CE,Federal Contract Tower,0,8,20,2,30,0,3,71,0,74,0,11,91,2,104,78,0,78,182
02/20/2000,SLN,KS,ACE,CE,Federal Contract Tower,0,7,23,2,32,0,0,68,0,68,0,7,91,2,100,82,0,82,182
02/21/2000,SLN,KS,ACE,CE,Federal Contract Tower,0,10,39,0,49,0,0,115,0,115,0,10,154,0,164,114,0,114,278
02/22/2000,SLN,KS,ACE,CE,Federal Contract Tower,0,17,46,8,71,0,1,99,0,100,0,18,145,8,171,114,60,174,345
02/23/2000,SLN,KS,ACE,CE,Federal Contract Tower,0,16,53,7,76,0,0,23,0,23,0,16,76,7,99,34,6,40,139
02/24/2000,SLN,KS,ACE,CE,Federal Contract Tower,0,12,39,7,58,0,0,147,23,170,0,12,186,30,228,166,114,280,508
02/25/2000,SLN,KS,ACE,CE,Federal Contract Tower,0,9,28,4,41,0,3,47,0,50,0,12,75,4,91,38,10,48,139
02/26/2000,SLN,KS,ACE,CE,Federal Contract Tower,0,9,25,0,34,0,2,47,0,49,0,11,72,0,83,46,0,46,129
02/27/2000,SLN,KS,ACE,CE,Federal Contract Tower,0,7,23,0,30,0,0,88,0,88,0,7,111,0,118,180,0,180,298
02/28/2000,SLN,KS,ACE,CE,Federal Contract Tower,0,11,32,5,48,2,1,76,7,86,2,12,108,12,134,80,18,98,232
02/29/2000,SLN,KS,ACE,CE,Federal Contract Tower,0,11,32,2,45,0,3,126,0,129,0,14,158,2,174,106,0,106,280
03/01/2000,SLN,KS,ACE,CE,Federal Contract Tower,0,16,45,8,69,0,3,149,3,155,0,19,194,11,224,196,0,196,420
03/02/2000,SLN,KS,ACE,CE,Federal Contract Tower,0,10,29,0,39,0,3,33,0,36,0,13,62,0,75,60,0,60,135
03/03/2000,SLN,KS,ACE,CE,Federal Contract Tower,0,11,33,5,49,0,2,48,7,57,0,13,81,12,106,66,8,74,180
03/04/2000,SLN,KS,ACE,CE,Federal Contract Tower,0,6,20,3,29,0,1,83,17,101,0,7,103,20,130,68,6,74,204
03/05/2000,SLN,KS,ACE,CE,Federal Contract Tower,0,6,25,4,35,0,0,77,3,80,0,6,102,7,115,74,2,76,191
03/06/2000,SLN,KS,ACE,CE,Federal Contract Tower,0,12,51,8,71,0,0,125,10,135,0,12,176,18,206,146,78,224,430
03/07/2000,SLN,KS,ACE,CE,Federal Contract Tower,0,16,45,6,67,0,1,51,0,52,0,17,96,6,119,64,0,64,183
03/08/2000,SLN,KS,ACE,CE,Federal Contract Tower,0,8,34,4,46,0,0,30,0,30,0,8,64,4,76,14,0,14,90
03/09/2000,SLN,KS,ACE,CE,Federal Contract Tower,0,18,54,8,80,0,0,142,7,149,0,18,196,15,229,158,14,172,401
03/10/2000,SLN,KS,ACE,CE,Federal Contract Tower,0,15,43,2,60,0,0,106,0,106,0,15,149,2,166,118,2,120,286
03/11/2000,SLN,KS,ACE,CE,Federal Contract Tower,0,9,27,2,38,0,2,82,0,84,0,11,109,2,122,110,8,118,240
03/12/2000,SLN,KS,ACE,CE,Federal Contract Tower,1,8,25,2,36,1,0,47,0,48,2,8,72,2,84,60,0,60,144
03/13/2000,SLN,KS,ACE,CE,Federal Contract Tower,0,15,38,6,59,0,2,123,0,125,0,17,161,6,184,178,42,220,404
03/14/2000,SLN,KS,ACE,CE,Federal Contract Tower,0,14,35,6,55,0,1,165,4,170,0,15,200,10,225,218,6,224,449
03/15/2000,SLN,KS,ACE,CE,Federal Contract Tower,0,19,50,6,75,0,1,31,0,32,0,20,81,6,107,40,6,46,153
03/16/2000,SLN,KS,ACE,CE,Federal Contract Tower,0,15,41,6,62,0,0,85,10,95,0,15,126,16,157,124,20,144,301
03/17/2000,SLN,KS,ACE,CE,Federal Contract Tower,1,15,47,8,71,1,0,78,1,80,2,15,125,9,151,82,4,86,237
03/18/2000,SLN,KS,ACE,CE,Federal Contract Tower,0,7,23,0,30,0,0,1,0,1,0,7,24,0,31,0,0,0,31
03/19/2000,SLN,KS,ACE,CE,Federal Contract Tower,1,10,31,0,42,3,0,34,0,37,4,10,65,0,79,20,0,20,99
03/20/2000,SLN,KS,ACE,CE,Federal Contract Tower,0,18,46,7,71,0,2,37,4,43,0,20,83,11,114,32,44,76,190
03/21/2000,SLN,KS,ACE,CE,Federal Contract Tower,0,15,45,9,69,0,0,4,7,11,0,15,49,16,80,6,16,22,102
03/22/2000,SLN,KS,ACE,CE,Federal Contract Tower,0,17,45,8,70,0,0,21,0,21,0,17,66,8,91,22,0,22,113
03/23/2000,SLN,KS,ACE,CE,Federal Contract Tower,0,12,32,0,44,2,1,8,0,11,2,13,40,0,55,0,0,0,55
03/24/2000,SLN,KS,ACE,CE,Federal Contract Tower,0,14,37,8,59,2,3,77,7,89,2,17,114,15,148,54,48,102,250
03/25/2000,SLN,KS,ACE,CE,Federal Contract Tower,0,7,17,3,27,2,1,45,0,48,2,8,62,3,75,42,0,42,117
03/26/2000,SLN,KS,ACE,CE,Federal Contract Tower,0,6,23,0,29,4,0,38,0,42,4,6,61,0,71,42,0,42,113
03/27/2000,SLN,KS,ACE,CE,Federal Contract Tower,0,18,48,9,75,2,3,97,5,107,2,21,145,14,182,162,22,184,366
03/28/2000,SLN,KS,ACE,CE,Federal Contract Tower,0,15,39,8,62,0,4,115,1,120,0,19,154,9,182,102,38,140,322
03/29/2000,SLN,KS,ACE,CE,Federal Contract Tower,0,13,42,4,59,0,0,68,0,68,0,13,110,4,127,82,26,108,235
03/30/2000,SLN,KS,ACE,CE,Federal Contract Tower,0,15,44,7,66,2,0,110,8,120,2,15,154,15,186,164,46,210,396
03/31/2000,SLN,KS,ACE,CE,Federal Contract Tower,1,19,52,8,80,1,2,58,5,66,2,21,110,13,146,90,112,202,348
04/01/2000,SLN,KS,ACE,CE,Federal Contract Tower,0,7,23,2,32,0,0,29,0,29,0,7,52,2,61,50,0,50,111
04/02/2000,SLN,KS,ACE,CE,Federal Contract Tower,1,5,16,4,26,1,5,66,2,74,2,10,82,6,100,118,10,128,228
04/03/2000,SLN,KS,ACE,CE,Federal Contract Tower,0,14,39,9,62,0,9,70,0,79,0,23,109,9,141,52,2,54,195
04/04/2000,SLN,KS,ACE,CE,Federal Contract Tower,1,11,33,8,53,0,0,131,4,135,1,11,164,12,188,152,20,172,360
04/05/2000,SLN,KS,ACE,CE,Federal Contract Tower,0,15,41,10,66,0,0,87,9,96,0,15,128,19,162,118,60,178,340
04/06/2000,SLN,KS,ACE,CE,Federal Contract Tower,1,15,45,11,72,1,0,110,3,114,2,15,155,14,186,98,26,124,310
04/07/2000,SLN,KS,ACE,CE,Federal Contract Tower,1,17,49,12,79,1,0,43,10,54,2,17,92,22,133,30,26,56,189
04/08/2000,SLN,KS,ACE,CE,Federal Contract Tower,1,7,22,5,35,3,2,72,15,92,4,9,94,20,127,54,22,76,203
04/09/2000,SLN,KS,ACE,CE,Federal Contract Tower,1,10,33,8,52,1,0,55,1,57,2,10,88,9,109,74,4,78,187
04/10/2000,SLN,KS,ACE,CE,Federal Contract Tower,1,17,46,7,71,1,1,85,0,87,2,18,131,7,158,82,56,138,296
04/11/2000,SLN,KS,ACE,CE,Federal Contract Tower,1,14,50,13,78,1,0,113,18,132,2,14,163,31,210,94,120,214,424
04/12/2000,SLN,KS,ACE,CE,Federal Contract Tower,0,13,36,9,58,0,2,116,7,125,0,15,152,16,183,146,38,184,367
04/13/2000,SLN,KS,ACE,CE,Federal Contract Tower,0,20,62,12,94,0,0,102,0,102,0,20,164,12,196,112,30,142,338
04/14/2000,SLN,KS,ACE,CE,Federal Contract Tower,0,13,44,11,68,0,0,44,7,51,0,13,88,18,119,28,48,76,195
04/15/2000,SLN,KS,ACE,CE,Federal Contract Tower,0,6,15,0,21,0,3,2,0,5,0,9,17,0,26,0,0,0,26
04/16/2000,SLN,KS,ACE,CE,Federal Contract Tower,0,6,17,0,23,0,0,27,0,27,0,6,44,0,50,70,0,70,120
04/17/2000,SLN,KS,ACE,CE,Federal Contract Tower,0,17,44,11,72,0,2,92,4,98,0,19,136,15,170,60,30,90,260
04/18/2000,SLN,KS,ACE,CE,Federal Contract Tower,0,13,48,12,73,0,0,127,22,149,0,13,175,34,222,112,116,228,450
04/19/2000,SLN,KS,ACE,CE,Federal Contract Tower,0,17,43,10,70,0,0,107,14,121,0,17,150,24,191,130,98,228,419
04/20/2000,SLN,KS,ACE,CE,Federal Contract Tower,0,15,38,3,56,0,2,31,0,33,0,17,69,3,89,28,12,40,129
04/21/2000,SLN,KS,ACE,CE,Federal Contract Tower,0,15,38,10,63,0,2,124,16,142,0,17,162,26,205,142,84,226,431
04/22/2000,SLN,KS,ACE,CE,Federal Contract Tower,0,5,11,3,19,2,0,53,3,58,2,5,64,6,77,42,0,42,119
04/23/2000,SLN,KS,ACE,CE,Federal Contract Tower,0,6,15,0,21,0,2,20,0,22,0,8,35,0,43,2,0,2,45
04/24/2000,SLN,KS,ACE,CE,Federal Contract Tower,0,14,36,10,60,2,0,92,9,103,2,14,128,19,163,98,38,136,299
04/25/2000,SLN,KS,ACE,CE,Federal Contract Tower,0,16,49,14,79,0,0,109,3,112,0,16,158,17,191,126,58,184,375
04/26/2000,SLN,KS,ACE,CE,Federal Contract Tower,0,16,47,13,76,0,0,99,1,100,0,16,146,14,176,180,42,222,398
04/27/2000,SLN,KS,ACE,CE,Federal Contract Tower,0,18,46,12,76,0,0,103,6,109,0,18,149,18,185,70,52,122,307
04/28/2000,SLN,KS,ACE,CE,Federal Contract Tower,0,14,45,12,71,0,0,116,4,120,0,14,161,16,191,70,14,84,275
04/29/2000,SLN,KS,ACE,CE,Federal Contract Tower,0,5,12,0,17,0,3,74,0,77,0,8,86,0,94,86,0,86,180
04/30/2000,SLN,KS,ACE,CE,Federal Contract Tower,0,6,16,2,24,0,2,22,0,24,0,8,38,2,48,10,0,10,58
05/01/2000,SLN,KS,ACE,CE,Federal Contract Tower,0,7,19,5,31,0,6,0,1,7,0,13,19,6,38,0,0,0,38
05/02/2000,SLN,KS,ACE,CE,Federal Contract Tower,0,15,61,13,89,0,0,80,17,97,0,15,141,30,186,94,164,258,444
05/03/2000,SLN,KS,ACE,CE,Federal Contract Tower,0,14,47,10,71,0,0,79,7,86,0,14,126,17,157,100,70,170,327
05/04/2000,SLN,KS,ACE,CE,Federal Contract Tower,0,16,44,9,69,0,1,108,9,118,0,17,152,18,187,88,62,150,337
05/05/2000,SLN,KS,ACE,CE,Federal Contract Tower,0,13,39,8,60,0,0,91,18,109,0,13,130,26,169,102,50,152,321
05/06/2000,SLN,KS,ACE,CE,Federal Contract Tower,0,9,31,6,46,0,0,0,22,22,0,9,31,28,68,10,42,52,120
05/07/2000,SLN,KS,ACE,CE,Federal Contract Tower,0,10,32,7,49,0,0,18,2,20,0,10,50,9,69,10,0,10,79
05/08/2000,SLN,KS,ACE,CE,Federal Contract Tower,1,9,24,2,36,1,4,60,0,65,2,13,84,2,101,68,18,86,187
05/09/2000,SLN,KS,ACE,CE,Federal Contract Tower,0,14,38,8,60,2,5,97,0,104,2,19,135,8,164,108,32,140,304
05/10/2000,SLN,KS,ACE,CE,Federal Contract Tower,0,13,34,4,51,0,1,83,0,84,0,14,117,4,135,88,6,94,229
05/11/2000,SLN,KS,ACE,CE,Federal Contract Tower,0,17,43,10,70,0,0,56,4,60,0,17,99,14,130,48,32,80,210
05/12/2000,SLN,KS,ACE,CE,Federal Contract Tower,0,16,45,7,68,0,5,76,0,81,0,21,121,7,149,70,12,82,231
05/13/2000,SLN,KS,ACE,CE,Federal Contract Tower,0,6,16,2,24,2,1,59,0,62,2,7,75,2,86,48,0,48,134
05/14/2000,SLN,KS,ACE,CE,Federal Contract Tower,0,6,23,3,32,0,0,49,0,49,0,6,72,3,81,16,0,16,97
05/15/2000,SLN,KS,ACE,CE,Federal Contract Tower,0,14,37,9,60,0,1,23,3,27,0,15,60,12,87,2,22,24,111
05/16/2000,SLN,KS,ACE,CE,Federal Contract Tower,0,15,48,12,75,0,0,39,7,46,0,15,87,19,121,54,24,78,199
05/17/2000,SLN,KS,ACE,CE,Federal Contract Tower,0,11,29,4,44,0,0,46,0,46,0,11,75,4,90,24,4,28,118
05/18/2000,SLN,KS,ACE,CE,Federal Contract Tower,0,19,51,9,79,0,0,43,0,43,0,19,94,9,122,48,50,98,220
05/19/2000,SLN,KS,ACE,CE,Federal Contract Tower,0,18,47,11,76,0,3,67,4,74,0,21,114,15,150,84,34,118,268
05/20/2000,SLN,KS,ACE,CE,Federal Contract Tower,0,7,19,2,28,0,0,41,0,41,0,7,60,2,69,18,18,36,105
05/21/2000,SLN,KS,ACE,CE,Federal Contract Tower,0,6,29,2,37,0,0,63,0,63,0,6,92,2,100,20,0,20,120
05/22/2000,SLN,KS,ACE,CE,Federal Contract Tower,0,17,54,12,83,0,0,105,0,105,0,17,159,12,188,84,38,122,310
05/23/2000,SLN,KS,ACE,CE,Federal Contract Tower,0,16,44,9,69,0,0,85,14,99,0,16,129,23,168,80,60,140,308
05/24/2000,SLN,KS,ACE,CE,Federal Contract Tower,0,15,46,10,71,0,0,75,10,85,0,15,121,20,156,70,82,152,308
05/25/2000,SLN,KS,ACE,CE,Federal Contract Tower,0,19,59,13,91,0,0,74,11,85,0,19,133,24,176,82,54,136,312
05/26/2000,SLN,KS,ACE,CE,Federal Contract Tower,0,11,32,0,43,2,0,23,0,25,2,11,55,0,68,10,0,10,78
05/27/2000,SLN,KS,ACE,CE,Federal Contract Tower,0,8,22,3,33,0,0,31,0,31,0,8,53,3,64,14,0,14,78
05/28/2000,SLN,KS,ACE,CE,Federal Contract Tower,0,2,7,0,9,0,3,25,0,28,0,5,32,0,37,2,0,2,39
05/29/2000,SLN,KS,ACE,CE,Federal Contract Tower,0,5,12,2,19,0,1,35,0,36,0,6,47,2,55,26,0,26,81
05/30/2000,SLN,KS,ACE,CE,Federal Contract Tower,0,12,33,7,52,0,3,52,3,58,0,15,85,10,110,58,32,90,200
05/31/2000,SLN,KS,ACE,CE,Federal Contract Tower,0,12,34,7,53,0,3,84,6,93,0,15,118,13,146,80,34,114,260
06/01/2000,SLN,KS,ACE,CE,Federal Contract Tower,0,15,42,12,69,0,2,46,9,57,0,17,88,21,126,52,22,74,200
06/02/2000,SLN,KS,ACE,CE,Federal Contract Tower,0,17,44,12,73,0,0,85,16,101,0,17,129,28,174,66,62,128,302
06/03/2000,SLN,KS,ACE,CE,Federal Contract Tower,0,8,22,6,36,0,3,52,7,62,0,11,74,13,98,38,14,52,150
06/04/2000,SLN,KS,ACE,CE,Federal Contract Tower,0,6,25,7,38,0,0,40,0,40,0,6,65,7,78,20,12,32,110
06/05/2000,SLN,KS,ACE,CE,Federal Contract Tower,0,15,40,11,66,0,0,132,8,140,0,15,172,19,206,96,28,124,330
06/06/2000,SLN,KS,ACE,CE,Federal Contract Tower,0,18,50,14,82,0,0,165,5,170,0,18,215,19,252,174,76,250,502
06/07/2000,SLN,KS,ACE,CE,Federal Contract Tower,0,17,47,14,78,2,0,120,6,128,2,17,167,20,206,146,62,208,414
06/08/2000,SLN,KS,ACE,CE,Federal Contract Tower,0,14,39,12,65,2,3,93,6,104,2,17,132,18,169,234,62,296,465
06/09/2000,SLN,KS,ACE,CE,Federal Contract Tower,0,13,36,11,60,0,1,41,6,48,0,14,77,17,108,40,48,88,196
06/10/2000,SLN,KS,ACE,CE,Federal Contract Tower,0,8,21,5,34,0,2,32,0,34,0,10,53,5,68,48,0,48,116
06/11/2000,SLN,KS,ACE,CE,Federal Contract Tower,0,6,22,5,33,0,0,29,0,29,0,6,51,5,62,6,0,6,68
06/12/2000,SLN,KS,ACE,CE,Federal Contract Tower,0,16,42,13,71,0,0,67,9,76,0,16,109,22,147,88,44,132,279
06/13/2000,SLN,KS,ACE,CE,Federal Contract Tower,0,12,30,9,51,0,1,33,7,41,0,13,63,16,92,10,82,92,184
06/14/2000,SLN,KS,ACE,CE,Federal Contract Tower,0,12,30,2,44,0,5,88,0,93,0,17,118,2,137,82,6,88,225
06/15/2000,SLN,KS,ACE,CE,Federal Contract Tower,0,21,53,16,90,0,0,88,9,97,0,21,141,25,187,56,46,102,289
06/16/2000,SLN,KS,ACE,CE,Federal Contract Tower,0,11,31,10,52,0,0,58,1,59,0,11,89,11,111,90,30,120,231
06/17/2000,SLN,KS,ACE,CE,Federal Contract Tower,0,8,19,0,27,0,4,41,0,45,0,12,60,0,72,26,0,26,98
06/18/2000,SLN,KS,ACE,CE,Federal Contract Tower,0,7,20,4,31,0,0,62,0,62,0,7,82,4,93,16,2,18,111
06/19/2000,SLN,KS,ACE,CE,Federal Contract Tower,0,21,57,17,95,0,0,33,1,34,0,21,90,18,129,50,50,100,229
06/20/2000,SLN,KS,ACE,CE,Federal Contract Tower,0,17,47,14,78,0,0,90,4,94,0,17,137,18,172,74,18,92,264
06/21/2000,SLN,KS,ACE,CE,Federal Contract Tower,0,17,43,9,69,0,0,83,0,83,0,17,126,9,152,110,28,138,290
06/22/2000,SLN,KS,ACE,CE,Federal Contract Tower,0,15,49,15,79,0,0,68,2,70,0,15,117,17,149,64,44,108,257
06/23/2000,SLN,KS,ACE,CE,Federal Contract Tower,0,20,50,15,85,0,1,64,12,77,0,21,114,27,162,80,110,190,352
06/24/2000,SLN,KS,ACE,CE,Federal Contract Tower,0,11,30,5,46,0,3,56,0,59,0,14,86,5,105,36,0,36,141
06/25/2000,SLN,KS,ACE,CE,Federal Contract Tower,0,10,30,0,40,2,0,47,0,49,2,10,77,0,89,44,0,44,133
06/26/2000,SLN,KS,ACE,CE,Federal Contract Tower,0,19,47,12,78,0,1,59,0,60,0,20,106,12,138,84,60,144,282
06/27/2000,SLN,KS,ACE,CE,Federal Contract Tower,0,16,40,11,67,0,3,61,3,67,0,19,101,14,134,64,62,126,260
06/28/2000,SLN,KS,ACE,CE,Federal Contract Tower,0,16,60,17,93,0,0,53,7,60,0,16,113,24,153,96,66,162,315
06/29/2000,SLN,KS,ACE,CE,Federal Contract Tower,0,0,0,0,0,0,17,120,17,154,0,17,120,17,154,76,50,126,280
06/30/2000,SLN,KS,ACE,CE,Federal Contract Tower,0,0,0,0,0,0,23,120,5,148,0,23,120,5,148,44,10,54,202
07/01/2000,SLN,KS,ACE,CE,Federal Contract Tower,0,6,19,2,27,0,6,48,0,54,0,12,67,2,81,22,0,22,103
07/02/2000,SLN,KS,ACE,CE,Federal Contract Tower,0,8,24,3,35,0,0,14,0,14,0,8,38,3,49,0,2,2,51
07/03/2000,SLN,KS,ACE,CE,Federal Contract Tower,0,8,22,0,30,0,4,29,0,33,0,12,51,0,63,40,0,40,103
07/04/2000,SLN,KS,ACE,CE,Federal Contract Tower,0,5,13,2,20,0,1,20,0,21,0,6,33,2,41,20,0,20,61
07/05/2000,SLN,KS,ACE,CE,Federal Contract Tower,0,14,36,7,57,0,5,37,2,44,0,19,73,9,101,24,20,44,145
07/06/2000,SLN,KS,ACE,CE,Federal Contract Tower,0,14,37,8,59,0,3,53,2,58,0,17,90,10,117,84,42,126,243
07/07/2000,SLN,KS,ACE,CE,Federal Contract Tower,0,12,39,8,59,0,0,55,19,74,0,12,94,27,133,66,92,158,291
07/08/2000,SLN,KS,ACE,CE,Federal Contract Tower,1,8,25,5,39,1,0,32,9,42,2,8,57,14,81,36,14,50,131
07/09/2000,SLN,KS,ACE,CE,Federal Contract Tower,0,6,25,2,33,0,0,48,0,48,0,6,73,2,81,16,16,32,113
07/10/2000,SLN,KS,ACE,CE,Federal Contract Tower,0,15,40,9,64,0,0,53,2,55,0,15,93,11,119,24,66,90,209
07/11/2000,SLN,KS,ACE,CE,Federal Contract Tower,0,15,36,9,60,0,3,62,0,65,0,18,98,9,125,84,14,98,223
07/12/2000,SLN,KS,ACE,CE,Federal Contract Tower,0,15,37,9,61,0,0,40,7,47,0,15,77,16,108,66,32,98,206
07/13/2000,SLN,KS,ACE,CE,Federal Contract Tower,0,17,40,5,62,0,0,66,0,66,0,17,106,5,128,50,0,50,178
07/14/2000,SLN,KS,ACE,CE,Federal Contract Tower,0,13,31,8,52,0,7,62,0,69,0,20,93,8,121,118,48,166,287
07/15/2000,SLN,KS,ACE,CE,Federal Contract Tower,0,5,14,2,21,0,4,55,0,59,0,9,69,2,80,74,0,74,154
07/16/2000,SLN,KS,ACE,CE,Federal Contract Tower,0,12,29,2,43,0,2,36,0,38,0,14,65,2,81,12,0,12,93
07/17/2000,SLN,KS,ACE,CE,Federal Contract Tower,0,14,41,6,61,0,0,52,0,52,0,14,93,6,113,48,10,58,171
07/18/2000,SLN,KS,ACE,CE,Federal Contract Tower,0,22,53,12,87,0,3,61,23,87,0,25,114,35,174,56,124,180,354
07/19/2000,SLN,KS,ACE,CE,Federal Contract Tower,0,16,39,4,59,0,0,44,0,44,0,16,83,4,103,26,0,26,129
07/20/2000,SLN,KS,ACE,CE,Federal Contract Tower,0,12,28,6,46,0,0,50,0,50,0,12,78,6,96,40,4,44,140
07/21/2000,SLN,KS,ACE,CE,Federal Contract Tower,0,13,32,6,51,0,1,38,0,39,0,14,70,6,90,36,8,44,134
07/22/2000,SLN,KS,ACE,CE,Federal Contract Tower,0,15,35,8,58,2,0,38,11,51,2,15,73,19,109,48,8,56,165
07/23/2000,SLN,KS,ACE,CE,Federal Contract Tower,0,8,31,5,44,0,0,75,0,75,0,8,106,5,119,58,0,58,177
07/24/2000,SLN,KS,ACE,CE,Federal Contract Tower,0,18,52,11,81,0,0,70,7,77,0,18,122,18,158,58,62,120,278
07/25/2000,SLN,KS,ACE,CE,Federal Contract Tower,0,18,44,10,72,0,6,62,3,71,0,24,106,13,143,42,78,120,263
07/26/2000,SLN,KS,ACE,CE,Federal Contract Tower,0,19,54,11,84,4,0,49,5,58,4,19,103,16,142,34,90,124,266
07/27/2000,SLN,KS,ACE,CE,Federal Contract Tower,0,16,44,10,70,0,0,76,4,80,0,16,120,14,150,68,120,188,338
07/28/2000,SLN,KS,ACE,CE,Federal Contract Tower,0,14,35,4,53,2,0,38,0,40,2,14,73,4,93,10,0,10,103
07/29/2000,SLN,KS,ACE,CE,Federal Contract Tower,0,10,25,0,35,0,1,41,0,42,0,11,66,0,77,26,0,26,103
07/30/2000,SLN,KS,ACE,CE,Federal Contract Tower,0,9,22,4,35,0,1,59,0,60,0,10,81,4,95,54,2,56,151
07/31/2000,SLN,KS,ACE,CE,Federal Contract Tower,0,15,38,8,61,0,3,75,5,83,0,18,113,13,144,80,86,166,310
08/01/2000,SLN,KS,ACE,CE,Federal Contract Tower,0,15,46,14,75,0,0,61,1,62,0,15,107,15,137,72,52,124,261
08/02/2000,SLN,KS,ACE,CE,Federal Contract Tower,0,15,38,11,64,0,0,77,5,82,0,15,115,16,146,64,100,164,310
08/03/2000,SLN,KS,ACE,CE,Federal Contract Tower,0,20,49,15,84,0,0,31,7,38,0,20,80,22,122,44,112,156,278
08/04/2000,SLN,KS,ACE,CE,Federal Contract Tower,0,14,37,11,62,0,0,79,10,89,0,14,116,21,151,32,52,84,235
08/05/2000,SLN,KS,ACE,CE,Federal Contract Tower,0,5,14,4,23,0,5,53,1,59,0,10,67,5,82,34,0,34,116
08/06/2000,SLN,KS,ACE,CE,Federal Contract Tower,0,10,25,0,35,0,4,27,0,31,0,14,52,0,66,10,0,10,76
08/07/2000,SLN,KS,ACE,CE,Federal Contract Tower,0,19,45,10,74,0,2,54,0,56,0,21,99,10,130,58,112,170,300
08/08/2000,SLN,KS,ACE,CE,Federal Contract Tower,0,19,45,13,77,0,2,26,20,48,0,21,71,33,125,34,128,162,287
08/09/2000,SLN,KS,ACE,CE,Federal Contract Tower,0,19,40,12,71,0,4,54,2,60,0,23,94,14,131,72,58,130,261
08/10/2000,SLN,KS,ACE,CE,Federal Contract Tower,1,15,34,10,60,1,0,56,7,64,2,15,90,17,124,30,40,70,194
08/11/2000,SLN,KS,ACE,CE,Federal Contract Tower,0,18,42,13,73,0,0,66,6,72,0,18,108,19,145,20,36,56,201
08/12/2000,SLN,KS,ACE,CE,Federal Contract Tower,0,10,21,7,38,2,5,38,4,49,2,15,59,11,87,4,8,12,99
08/13/2000,SLN,KS,ACE,CE,Federal Contract Tower,0,9,27,0,36,2,0,58,0,60,2,9,85,0,96,32,0,32,128
08/14/2000,SLN,KS,ACE,CE,Federal Contract Tower,0,15,32,11,58,0,0,48,3,51,0,15,80,14,109,42,28,70,179
08/15/2000,SLN,KS,ACE,CE,Federal Contract Tower,0,17,37,4,58,0,4,49,0,53,0,21,86,4,111,26,2,28,139
08/16/2000,SLN,KS,ACE,CE,Federal Contract Tower,0,17,35,11,63,0,2,43,10,55,0,19,78,21,118,16,76,92,210
08/17/2000,SLN,KS,ACE,CE,Federal Contract Tower,0,23,49,15,87,0,2,48,0,50,0,25,97,15,137,36,102,138,275
08/18/2000,SLN,KS,ACE,CE,Federal Contract Tower,0,20,42,8,70,2,1,55,0,58,2,21,97,8,128,62,10,72,200
08/19/2000,SLN,KS,ACE,CE,Federal Contract Tower,0,8,17,3,28,0,2,31,0,33,0,10,48,3,61,32,4,36,97
08/20/2000,SLN,KS,ACE,CE,Federal Contract Tower,0,6,13,2,21,0,2,42,0,44,0,8,55,2,65,50,0,50,115
08/21/2000,SLN,KS,ACE,CE,Federal Contract Tower,0,13,28,8,49,0,3,50,0,53,0,16,78,8,102,52,6,58,160
08/22/2000,SLN,KS,ACE,CE,Federal Contract Tower,0,16,39,11,66,0,0,61,19,80,0,16,100,30,146,78,116,194,340
08/23/2000,SLN,KS,ACE,CE,Federal Contract Tower,0,17,45,13,75,2,0,92,8,102,2,17,137,21,177,78,52,130,307
08/24/2000,SLN,KS,ACE,CE,Federal Contract Tower,0,18,48,14,80,0,0,138,11,149,0,18,186,25,229,142,98,240,469
08/25/2000,SLN,KS,ACE,CE,Federal Contract Tower,0,14,37,11,62,0,0,113,12,125,0,14,150,23,187,78,86,164,351
08/26/2000,SLN,KS,ACE,CE,Federal Contract Tower,0,6,14,4,24,0,1,59,0,60,0,7,73,4,84,68,0,68,152
08/27/2000,SLN,KS,ACE,CE,Federal Contract Tower,0,6,25,2,33,0,0,54,0,54,0,6,79,2,87,24,0,24,111
08/28/2000,SLN,KS,ACE,CE,Federal Contract Tower,0,13,35,10,58,0,0,73,8,81,0,13,108,18,139,116,68,184,323
08/29/2000,SLN,KS,ACE,CE,Federal Contract Tower,0,15,35,9,59,0,4,131,0,135,0,19,166,9,194,150,34,184,378
08/30/2000,SLN,KS,ACE,CE,Federal Contract Tower,0,15,44,12,71,0,0,159,0,159,0,15,203,12,230,110,80,190,420
08/31/2000,SLN,KS,ACE,CE,Federal Contract Tower,0,15,35,10,60,0,4,177,7,188,0,19,212,17,248,110,44,154,402
09/01/2000,SLN,KS,ACE,CE,Federal Contract Tower,0,12,34,4,50,0,4,150,0,154,0,16,184,4,204,82,14,96,300
09/02/2000,SLN,KS,ACE,CE,Federal Contract Tower,0,4,11,1,16,0,5,28,1,34,0,9,39,2,50,18,0,18,68
09/03/2000,SLN,KS,ACE,CE,Federal Contract Tower,0,3,10,0,13,0,0,23,0,23,0,3,33,0,36,10,0,10,46
09/04/2000,SLN,KS,ACE,CE,Federal Contract Tower,0,8,27,0,35,0,0,61,0,61,0,8,88,0,96,26,0,26,122
09/05/2000,SLN,KS,ACE,CE,Federal Contract Tower,0,15,41,7,63,0,3,147,3,153,0,18,188,10,216,208,70,278,494
09/06/2000,SLN,KS,ACE,CE,Federal Contract Tower,0,10,29,2,41,0,7,183,0,190,0,17,212,2,231,172,0,172,403
09/07/2000,SLN,KS,ACE,CE,Federal Contract Tower,0,18,50,9,77,0,0,190,13,203,0,18,240,22,280,190,60,250,530
09/08/2000,SLN,KS,ACE,CE,Federal Contract Tower,0,14,40,7,61,0,0,152,7,159,0,14,192,14,220,160,38,198,418
09/09/2000,SLN,KS,ACE,CE,Federal Contract Tower,1,9,26,5,41,1,0,91,6,98,2,9,117,11,139,22,4,26,165
09/10/2000,SLN,KS,ACE,CE,Federal Contract Tower,0,10,37,7,54,0,0,84,6,90,0,10,121,13,144,50,14,64,208
09/11/2000,SLN,KS,ACE,CE,Federal Contract Tower,0,16,45,9,70,0,0,141,6,147,0,16,186,15,217,182,44,226,443
09/12/2000,SLN,KS,ACE,CE,Federal Contract Tower,0,20,49,10,79,1,1,185,13,200,1,21,234,23,279,206,16,222,501
09/13/2000,SLN,KS,ACE,CE,Federal Contract Tower,0,17,40,8,65,0,2,135,0,137,0,19,175,8,202,190,40,230,432
09/14/2000,SLN,KS,ACE,CE,Federal Contract Tower,0,24,57,11,92,0,0,135,18,153,0,24,192,29,245,148,84,232,477
09/15/2000,SLN,KS,ACE,CE,Federal Contract Tower,0,15,43,8,66,0,0,139,0,139,0,15,182,8,205,186,30,216,421
09/16/2000,SLN,KS,ACE,CE,Federal Contract Tower,0,7,18,4,29,2,4,68,9,83,2,11,86,13,112,38,2,40,152
09/17/2000,SLN,KS,ACE,CE,Federal Contract Tower,0,14,33,6,53,0,7,53,0,60,0,21,86,6,113,70,2,72,185
09/18/2000,SLN,KS,ACE,CE,Federal Contract Tower,0,15,41,9,65,0,0,78,14,92,0,15,119,23,157,78,54,132,289
09/19/2000,SLN,KS,ACE,CE,Federal Contract Tower,0,20,49,10,79,0,1,164,14,179,0,21,213,24,258,246,70,316,574
09/20/2000,SLN,KS,ACE,CE,Federal Contract Tower,0,18,43,8,69,0,0,144,3,147,0,18,187,11,216,262,16,278,494
09/21/2000,SLN,KS,ACE,CE,Federal Contract Tower,0,18,53,10,81,0,0,150,7,157,0,18,203,17,238,180,56,236,474
09/22/2000,SLN,KS,ACE,CE,Federal Contract Tower,0,16,39,8,63,2,0,52,4,58,2,16,91,12,121,84,6,90,211
09/23/2000,SLN,KS,ACE,CE,Federal Contract Tower,0,9,22,0,31,2,2,1,0,5,2,11,23,0,36,0,0,0,36
09/24/2000,SLN,KS,ACE,CE,Federal Contract Tower,0,6,35,1,42,0,0,13,0,13,0,6,48,1,55,0,0,0,55
09/25/2000,SLN,KS,ACE,CE,Federal Contract Tower,0,18,43,6,67,0,2,167,0,169,0,20,210,6,236,194,32,226,462
09/26/2000,SLN,KS,ACE,CE,Federal Contract Tower,0,18,44,7,69,0,0,196,4,200,0,18,240,11,269,294,50,344,613
09/27/2000,SLN,KS,ACE,CE,Federal Contract Tower,0,14,35,6,55,0,2,166,7,175,0,16,201,13,230,256,16,272,502
09/28/2000,SLN,KS,ACE,CE,Federal Contract Tower,0,18,45,7,70,0,1,187,0,188,0,19,232,7,258,252,14,266,524
09/29/2000,SLN,KS,ACE,CE,Federal Contract Tower,0,15,37,7,59,0,5,86,3,94,0,20,123,10,153,130,12,142,295
09/30/2000,SLN,KS,ACE,CE,Federal Contract Tower,0,7,16,0,23,0,2,89,0,91,0,9,105,0,114,94,0,94,208
10/01/2000,SLN,KS,ACE,CE,Federal Contract Tower,0,6,20,0,26,0,4,87,0,91,0,10,107,0,117,124,0,124,241
10/02/2000,SLN,KS,ACE,CE,Federal Contract Tower,1,14,38,8,61,1,3,115,5,124,2,17,153,13,185,266,44,310,495
10/03/2000,SLN,KS,ACE,CE,Federal Contract Tower,0,14,38,8,60,0,5,150,12,167,0,19,188,20,227,270,92,362,589
10/04/2000,SLN,KS,ACE,CE,Federal Contract Tower,0,17,46,6,69,0,2,94,0,96,0,19,140,6,165,200,28,228,393
10/05/2000,SLN,KS,ACE,CE,Federal Contract Tower,1,18,63,7,89,1,0,23,0,24,2,18,86,7,113,66,22,88,201
10/06/2000,SLN,KS,ACE,CE,Federal Contract Tower,1,14,38,8,61,1,5,119,2,127,2,19,157,10,188,154,30,184,372
10/07/2000,SLN,KS,ACE,CE,Federal Contract Tower,0,9,21,0,30,0,0,60,0,60,0,9,81,0,90,32,0,32,122
10/08/2000,SLN,KS,ACE,CE,Federal Contract Tower,0,7,17,0,24,0,0,54,0,54,0,7,71,0,78,80,0,80,158
10/09/2000,SLN,KS,ACE,CE,Federal Contract Tower,0,11,27,4,42,0,3,130,0,133,0,14,157,4,175,198,10,208,383
10/10/2000,SLN,KS,ACE,CE,Federal Contract Tower,0,12,29,7,48,0,4,130,5,139,0,16,159,12,187,192,14,206,393
10/11/2000,SLN,KS,ACE,CE,Federal Contract Tower,0,13,33,8,54,0,6,101,8,115,0,19,134,16,169,138,52,190,359
10/12/2000,SLN,KS,ACE,CE,Federal Contract Tower,0,17,41,9,67,0,7,118,10,135,0,24,159,19,202,128,60,188,390
10/13/2000,SLN,KS,ACE,CE,Federal Contract Tower,0,17,43,10,70,0,1,79,18,98,0,18,122,28,168,56,56,112,280
10/14/2000,SLN,KS,ACE,CE,Federal Contract Tower,0,8,21,5,34,0,5,15,16,36,0,13,36,21,70,22,18,40,110
10/15/2000,SLN,KS,ACE,CE,Federal Contract Tower,0,11,27,6,44,0,0,47,2,49,0,11,74,8,93,34,0,34,127
10/16/2000,SLN,KS,ACE,CE,Federal Contract Tower,0,20,66,15,101,0,0,105,17,122,0,20,171,32,223,192,68,260,483
10/17/2000,SLN,KS,ACE,CE,Federal Contract Tower,0,15,45,10,70,0,0,210,46,256,0,15,255,56,326,244,108,352,678
10/18/2000,SLN,KS,ACE,CE,Federal Contract Tower,0,17,44,10,71,0,0,151,46,197,0,17,195,56,268,208,64,272,540
10/19/2000,SLN,KS,ACE,CE,Federal Contract Tower,0,15,38,9,62,0,4,151,47,202,0,19,189,56,264,194,50,244,508
10/20/2000,SLN,KS,ACE,CE,Federal Contract Tower,0,15,52,12,79,0,0,106,54,160,0,15,158,66,239,98,16,114,353
10/21/2000,SLN,KS,ACE,CE,Federal Contract Tower,0,12,27,6,45,2,0,31,8,41,2,12,58,14,86,74,2,76,162
10/22/2000,SLN,KS,ACE,CE,Federal Contract Tower,0,8,27,5,40,0,0,12,1,13,0,8,39,6,53,0,0,0,53
10/23/2000,SLN,KS,ACE,CE,Federal Contract Tower,0,16,44,9,69,0,0,62,5,67,0,16,106,14,136,102,4,106,242
10/24/2000,SLN,KS,ACE,CE,Federal Contract Tower,0,17,46,9,72,0,0,21,0,21,0,17,67,9,93,28,0,28,121
10/25/2000,SLN,KS,ACE,CE,Federal Contract Tower,0,15,39,8,62,0,7,82,25,114,0,22,121,33,176,128,18,146,322
10/26/2000,SLN,KS,ACE,CE,Federal Contract Tower,0,15,49,10,74,0,0,154,26,180,0,15,203,36,254,184,78,262,516
10/27/2000,SLN,KS,ACE,CE,Federal Contract Tower,0,17,48,9,74,0,0,12,20,32,0,17,60,29,106,82,8,90,196
10/28/2000,SLN,KS,ACE,CE,Federal Contract Tower,0,8,22,1,31,0,6,2,0,8,0,14,24,1,39,0,0,0,39
10/29/2000,SLN,KS,ACE,CE,Federal Contract Tower,0,7,22,4,33,0,0,17,9,26,0,7,39,13,59,12,0,12,71
10/30/2000,SLN,KS,ACE,CE,Federal Contract Tower,0,17,43,8,68,0,0,182,14,196,0,17,225,22,264,166,0,166,430
10/31/2000,SLN,KS,ACE,CE,Federal Contract Tower,0,16,41,3,60,0,5,54,0,59,0,21,95,3,119,104,0,104,223
11/01/2000,SLN,KS,ACE,CE,Federal Contract Tower,0,13,31,9,53,0,9,114,7,130,0,22,145,16,183,124,12,136,319
11/02/2000,SLN,KS,ACE,CE,Federal Contract Tower,0,13,32,9,54,0,5,234,12,251,0,18,266,21,305,256,42,298,603
11/03/2000,SLN,KS,ACE,CE,Federal Contract Tower,1,19,44,13,77,1,3,183,11,198,2,22,227,24,275,166,48,214,489
11/04/2000,SLN,KS,ACE,CE,Federal Contract Tower,0,8,20,5,33,0,2,55,22,79,0,10,75,27,112,40,24,64,176
11/05/2000,SLN,KS,ACE,CE,Federal Contract Tower,0,10,23,5,38,0,4,5,0,9,0,14,28,5,47,2,2,4,51
11/06/2000,SLN,KS,ACE,CE,Federal Contract Tower,1,13,37,11,62,2,0,13,4,19,3,13,50,15,81,32,100,132,213
11/07/2000,SLN,KS,ACE,CE,Federal Contract Tower,0,19,44,13,76,0,2,136,16,154,0,21,180,29,230,158,48,206,436
11/08/2000,SLN,KS,ACE,CE,Federal Contract Tower,1,16,36,10,63,1,4,138,5,148,2,20,174,15,211,170,20,190,401
11/09/2000,SLN,KS,ACE,CE,Federal Contract Tower,0,16,42,13,71,0,0,64,24,88,0,16,106,37,159,146,80,226,385
11/10/2000,SLN,KS,ACE,CE,Federal Contract Tower,0,16,34,10,60,0,6,131,0,137,0,22,165,10,197,126,8,134,331
11/11/2000,SLN,KS,ACE,CE,Federal Contract Tower,0,5,9,1,15,0,2,1,0,3,0,7,10,1,18,12,0,12,30
11/12/2000,SLN,KS,ACE,CE,Federal Contract Tower,0,8,17,4,29,0,0,27,0,27,0,8,44,4,56,32,0,32,88
11/13/2000,SLN,KS,ACE,CE,Federal Contract Tower,0,17,35,11,63,0,3,88,6,97,0,20,123,17,160,84,78,162,322
11/14/2000,SLN,KS,ACE,CE,Federal Contract Tower,0,15,32,11,58,0,6,158,5,169,0,21,190,16,227,174,58,232,459
11/15/2000,SLN,KS,ACE,CE,Federal Contract Tower,0,19,48,15,82,0,0,67,16,83,0,19,115,31,165,116,28,144,309
11/16/2000,SLN,KS,ACE,CE,Federal Contract Tower,0,17,36,12,65,0,1,117,13,131,0,18,153,25,196,132,72,204,400
11/17/2000,SLN,KS,ACE,CE,Federal Contract Tower,0,17,39,12,68,2,0,108,14,124,2,17,147,26,192,134,90,224,416
11/18/2000,SLN,KS,ACE,CE,Federal Contract Tower,0,10,22,7,39,2,1,53,2,58,2,11,75,9,97,40,0,40,137
11/19/2000,SLN,KS,ACE,CE,Federal Contract Tower,0,7,15,2,24,0,1,37,0,38,0,8,52,2,62,12,4,16,78
11/20/2000,SLN,KS,ACE,CE,Federal Contract Tower,0,12,27,9,48,0,3,120,10,133,0,15,147,19,181,146,80,226,407
11/21/2000,SLN,KS,ACE,CE,Federal Contract Tower,0,15,31,10,56,0,2,109,1,112,0,17,140,11,168,116,68,184,352
11/22/2000,SLN,KS,ACE,CE,Federal Contract Tower,0,16,36,11,63,0,0,63,3,66,0,16,99,14,129,84,44,128,257
11/23/2000,SLN,KS,ACE,CE,Federal Contract Tower,0,3,6,0,9,0,1,24,0,25,0,4,30,0,34,10,0,10,44
11/24/2000,SLN,KS,ACE,CE,Federal Contract Tower,0,8,18,0,26,0,0,40,0,40,0,8,58,0,66,16,0,16,82
11/25/2000,SLN,KS,ACE,CE,Federal Contract Tower,0,6,15,2,23,0,4,23,0,27,0,10,38,2,50,6,0,6,56
11/26/2000,SLN,KS,ACE,CE,Federal Contract Tower,0,14,38,2,54,2,0,52,0,54,2,14,90,2,108,14,0,14,122
11/27/2000,SLN,KS,ACE,CE,Federal Contract Tower,0,15,41,12,68,0,0,95,4,99,0,15,136,16,167,114,94,208,375
11/28/2000,SLN,KS,ACE,CE,Federal Contract Tower,0,17,37,11,65,0,2,142,9,153,0,19,179,20,218,144,50,194,412
11/29/2000,SLN,KS,ACE,CE,Federal Contract Tower,0,18,39,11,68,0,1,104,12,117,0,19,143,23,185,180,44,224,409
11/30/2000,SLN,KS,ACE,CE,Federal Contract Tower,0,17,42,12,71,0,0,102,9,111,0,17,144,21,182,114,44,158,340
12/01/2000,SLN,KS,ACE,CE,Federal Contract Tower,0,14,40,5,59,0,0,4,23,27,0,14,44,28,86,10,56,66,152
12/02/2000,SLN,KS,ACE,CE,Federal Contract Tower,0,8,21,2,31,0,2,30,0,32,0,10,51,2,63,34,0,34,97
12/03/2000,SLN,KS,ACE,CE,Federal Contract Tower,0,6,22,3,31,0,0,37,10,47,0,6,59,13,78,12,20,32,110
12/04/2000,SLN,KS,ACE,CE,Federal Contract Tower,0,18,45,6,69,0,2,119,5,126,0,20,164,11,195,118,60,178,373
12/05/2000,SLN,KS,ACE,CE,Federal Contract Tower,0,13,39,5,57,0,0,102,6,108,0,13,141,11,165,98,22,120,285
12/06/2000,SLN,KS,ACE,CE,Federal Contract Tower,2,13,37,5,57,0,0,79,10,89,2,13,116,15,146,134,22,156,302
12/07/2000,SLN,KS,ACE,CE,Federal Contract Tower,0,15,47,6,68,0,0,107,8,115,0,15,154,14,183,112,42,154,337
12/08/2000,SLN,KS,ACE,CE,Federal Contract Tower,0,13,37,5,55,0,0,61,2,63,0,13,98,7,118,96,36,132,250
12/09/2000,SLN,KS,ACE,CE,Federal Contract Tower,0,6,11,1,18,0,2,33,1,36,0,8,44,2,54,40,0,40,94
12/10/2000,SLN,KS,ACE,CE,Federal Contract Tower,0,6,14,0,20,0,0,9,0,9,0,6,23,0,29,0,0,0,29
12/11/2000,SLN,KS,ACE,CE,Federal Contract Tower,0,10,24,4,38,0,0,2,1,3,0,10,26,5,41,0,22,22,63
12/12/2000,SLN,KS,ACE,CE,Federal Contract Tower,2,15,33,4,54,0,6,77,5,88,2,21,110,9,142,128,32,160,302
12/13/2000,SLN,KS,ACE,CE,Federal Contract Tower,0,10,22,0,32,0,1,8,0,9,0,11,30,0,41,4,0,4,45
12/14/2000,SLN,KS,ACE,CE,Federal Contract Tower,1,16,37,6,60,1,1,75,14,91,2,17,112,20,151,72,10,82,233
12/15/2000,SLN,KS,ACE,CE,Federal Contract Tower,0,13,29,0,42,2,2,2,0,6,2,15,31,0,48,0,0,0,48
12/16/2000,SLN,KS,ACE,CE,Federal Contract Tower,0,8,16,2,26,2,4,0,0,6,2,12,16,2,32,0,0,0,32
12/17/2000,SLN,KS,ACE,CE,Federal Contract Tower,0,8,25,0,33,4,0,33,0,37,4,8,58,0,70,34,0,34,104
12/18/2000,SLN,KS,ACE,CE,Federal Contract Tower,0,9,19,3,31,0,5,0,0,5,0,14,19,3,36,0,8,8,44
12/19/2000,SLN,KS,ACE,CE,Federal Contract Tower,1,18,41,7,67,1,3,76,8,88,2,21,117,15,155,136,64,200,355
12/20/2000,SLN,KS,ACE,CE,Federal Contract Tower,1,14,34,4,53,1,0,6,20,27,2,14,40,24,80,24,28,52,132
12/21/2000,SLN,KS,ACE,CE,Federal Contract Tower,1,16,37,5,59,1,1,82,0,84,2,17,119,5,143,76,22,98,241
12/22/2000,SLN,KS,ACE,CE,Federal Contract Tower,1,15,36,1,53,1,4,33,0,38,2,19,69,1,91,46,6,52,143
12/23/2000,SLN,KS,ACE,CE,Federal Contract Tower,0,9,19,0,28,2,1,38,0,41,2,10,57,0,69,24,0,24,93
12/24/2000,SLN,KS,ACE,CE,Federal Contract Tower,0,3,9,0,12,2,4,18,0,24,2,7,27,0,36,4,0,4,40
12/25/2000,SLN,KS,ACE,CE,Federal Contract Tower,0,3,8,0,11,0,2,0,0,2,0,5,8,0,13,0,0,0,13
12/26/2000,SLN,KS,ACE,CE,Federal Contract Tower,0,15,35,0,50,0,7,9,0,16,0,22,44,0,66,6,0,6,72
12/27/2000,SLN,KS,ACE,CE,Federal Contract Tower,0,18,43,6,67,0,5,38,2,45,0,23,81,8,112,40,2,42,154
12/28/2000,SLN,KS,ACE,CE,Federal Contract Tower,0,13,30,0,43,0,4,31,0,35,0,17,61,0,78,90,0,90,168
12/29/2000,SLN,KS,ACE,CE,Federal Contract Tower,0,9,21,0,30,0,10,24,0,34,0,19,45,0,64,14,0,14,78
12/30/2000,SLN,KS,ACE,CE,Federal Contract Tower,0,5,12,0,17,0,3,37,0,40,0,8,49,0,57,34,0,34,91
12/31/2000,SLN,KS,ACE,CE,Federal Contract Tower,0,4,14,0,18,0,0,5,0,5,0,4,19,0,23,0,0,0,23
01/01/2001,SLN,KS,ACE,CE,Federal Contract Tower,0,9,26,0,35,0,0,21,0,21,0,9,47,0,56,0,0,0,56
01/02/2001,SLN,KS,ACE,CE,Federal Contract Tower,0,12,33,3,48,0,0,23,0,23,0,12,56,3,71,24,4,28,99
01/03/2001,SLN,KS,ACE,CE,Federal Contract Tower,0,8,22,6,36,0,7,66,8,81,0,15,88,14,117,104,38,142,259
01/04/2001,SLN,KS,ACE,CE,Federal Contract Tower,0,13,30,7,50,0,0,66,6,72,0,13,96,13,122,50,14,64,186
01/05/2001,SLN,KS,ACE,CE,Federal Contract Tower,0,12,28,7,47,2,0,70,10,82,2,12,98,17,129,103,12,115,244
01/06/2001,SLN,KS,ACE,CE,Federal Contract Tower,0,12,28,7,47,0,1,80,25,106,0,13,108,32,153,108,68,176,329
01/07/2001,SLN,KS,ACE,CE,Federal Contract Tower,0,8,17,5,30,0,4,23,7,34,0,12,40,12,64,18,12,30,94
01/08/2001,SLN,KS,ACE,CE,Federal Contract Tower,0,13,35,9,57,0,0,73,23,96,0,13,108,32,153,108,68,176,329
01/09/2001,SLN,KS,ACE,CE,Federal Contract Tower,0,12,36,9,57,0,0,66,10,76,0,12,102,19,133,32,70,102,235
01/10/2001,SLN,KS,ACE,CE,Federal Contract Tower,0,13,32,8,53,0,0,20,10,30,0,13,52,18,83,38,62,100,183
01/11/2001,SLN,KS,ACE,CE,Federal Contract Tower,0,15,40,10,65,0,0,50,2,52,0,15,90,12,117,60,26,86,203
01/12/2001,SLN,KS,ACE,CE,Federal Contract Tower,0,17,37,1,55,0,5,82,0,87,0,22,119,1,142,62,6,68,210
01/13/2001,SLN,KS,ACE,CE,Federal Contract Tower,0,6,14,0,20,0,4,0,0,4,0,10,14,0,24,0,0,0,24
01/14/2001,SLN,KS,ACE,CE,Federal Contract Tower,0,7,19,5,31,0,0,18,3,21,0,7,37,8,52,52,4,56,108
01/15/2001,SLN,KS,ACE,CE,Federal Contract Tower,0,8,24,4,36,0,0,63,0,63,0,8,87,4,99,76,0,76,175
01/16/2001,SLN,KS,ACE,CE,Federal Contract Tower,0,9,22,2,33,0,8,4,0,12,0,17,26,2,45,14,2,16,61
01/17/2001,SLN,KS,ACE,CE,Federal Contract Tower,0,13,31,8,52,0,3,61,1,65,0,16,92,9,117,122,16,138,255
01/18/2001,SLN,KS,ACE,CE,Federal Contract Tower,0,19,46,11,76,0,0,112,17,129,0,19,158,28,205,188,36,224,429
01/19/2001,SLN,KS,ACE,CE,Federal Contract Tower,0,15,37,8,60,0,0,66,16,82,0,15,103,24,142,96,46,142,284
01/20/2001,SLN,KS,ACE,CE,Federal Contract Tower,0,8,21,4,33,0,0,49,1,50,0,8,70,5,83,98,0,98,181
01/21/2001,SLN,KS,ACE,CE,Federal Contract Tower,0,8,32,0,40,0,0,81,0,81,0,8,113,0,121,52,0,52,173
01/22/2001,SLN,KS,ACE,CE,Federal Contract Tower,0,13,32,6,51,0,4,149,0,153,0,17,181,6,204,152,80,232,436
01/23/2001,SLN,KS,ACE,CE,Federal Contract Tower,0,16,36,7,59,0,7,162,0,169,0,23,198,7,228,234,0,234,462
01/24/2001,SLN,KS,ACE,CE,Federal Contract Tower,0,15,35,8,58,0,3,141,9,153,0,18,176,17,211,156,64,220,431
01/25/2001,SLN,KS,ACE,CE,Federal Contract Tower,0,17,46,10,73,0,0,119,8,127,0,17,165,18,200,112,112,224,424
01/26/2001,SLN,KS,ACE,CE,Federal Contract Tower,0,22,51,11,84,0,0,52,19,71,0,22,103,30,155,36,86,122,277
01/27/2001,SLN,KS,ACE,CE,Federal Contract Tower,0,8,19,4,31,0,8,43,6,57,0,16,62,10,88,58,34,92,180
01/28/2001,SLN,KS,ACE,CE,Federal Contract Tower,0,4,2,2,8,0,9,0,0,9,0,13,2,2,17,0,0,0,17
01/29/2001,SLN,KS,ACE,CE,Federal Contract Tower,0,4,11,0,15,0,2,0,0,2,0,6,11,0,17,0,0,0,17
01/30/2001,SLN,KS,ACE,CE,Federal Contract Tower,0,13,29,2,44,0,10,12,0,22,0,23,41,2,66,22,0,22,88
01/31/2001,SLN,KS,ACE,CE,Federal Contract Tower,0,20,47,10,77,0,0,169,3,172,0,20,216,13,249,186,68,254,503
02/01/2001,SLN,KS,ACE,CE,Federal Contract Tower,0,18,42,6,66,0,5,146,6,157,0,23,188,12,223,146,44,190,413
02/02/2001,SLN,KS,ACE,CE,Federal Contract Tower,0,14,33,5,52,0,1,154,8,163,0,15,187,13,215,170,20,190,405
02/03/2001,SLN,KS,ACE,CE,Federal Contract Tower,0,9,20,4,33,0,3,62,9,74,0,12,82,13,107,64,16,80,187
02/04/2001,SLN,KS,ACE,CE,Federal Contract Tower,0,17,34,6,57,0,1,43,5,49,0,18,77,11,106,94,0,94,200
02/05/2001,SLN,KS,ACE,CE,Federal Contract Tower,0,12,32,6,50,0,0,109,12,121,0,12,141,18,171,134,40,174,345
02/06/2001,SLN,KS,ACE,CE,Federal Contract Tower,0,15,32,6,53,0,2,176,2,180,0,17,208,8,233,222,58,280,513
02/07/2001,SLN,KS,ACE,CE,Federal Contract Tower,0,17,34,6,57,0,2,112,5,119,0,19,146,11,176,204,16,220,396
02/08/2001,SLN,KS,ACE,CE,Federal Contract Tower,0,5,15,0,20,0,0,7,0,7,0,5,22,0,27,0,0,0,27
02/09/2001,SLN,KS,ACE,CE,Federal Contract Tower,0,0,0,0,0,0,0,0,0,0,0,0,0,0,0,0,0,0,0
02/10/2001,SLN,KS,ACE,CE,Federal Contract Tower,0,9,19,0,28,0,0,20,0,20,0,9,39,0,48,26,0,26,74
02/11/2001,SLN,KS,ACE,CE,Federal Contract Tower,0,14,30,5,49,0,0,19,2,21,0,14,49,7,70,8,2,10,80
02/12/2001,SLN,KS,ACE,CE,Federal Contract Tower,0,4,15,1,20,0,0,6,0,6,0,4,21,1,26,0,0,0,26
02/13/2001,SLN,KS,ACE,CE,Federal Contract Tower,0,10,31,4,45,0,0,7,0,7,0,10,38,4,52,2,2,4,56
02/14/2001,SLN,KS,ACE,CE,Federal Contract Tower,0,12,26,2,40,0,4,0,0,4,0,16,26,2,44,0,0,0,44
02/15/2001,SLN,KS,ACE,CE,Federal Contract Tower,0,25,52,7,84,0,4,44,0,48,0,29,96,7,132,78,24,102,234
02/16/2001,SLN,KS,ACE,CE,Federal Contract Tower,0,21,47,8,76,0,0,75,9,84,0,21,122,17,160,82,58,140,300
02/17/2001,SLN,KS,ACE,CE,Federal Contract Tower,0,10,21,4,35,0,2,64,12,78,0,12,85,16,113,96,12,108,221
02/18/2001,SLN,KS,ACE,CE,Federal Contract Tower,0,10,21,3,34,0,0,23,1,24,0,10,44,4,58,40,0,40,98
02/19/2001,SLN,KS,ACE,CE,Federal Contract Tower,0,15,33,5,53,0,0,162,5,167,0,15,195,10,220,166,0,166,386
02/20/2001,SLN,KS,ACE,CE,Federal Contract Tower,0,13,29,0,42,0,1,96,0,97,0,14,125,0,139,148,0,148,287
02/21/2001,SLN,KS,ACE,CE,Federal Contract Tower,0,15,34,5,54,0,0,60,9,69,0,15,94,14,123,116,4,120,243
02/22/2001,SLN,KS,ACE,CE,Federal Contract Tower,0,19,43,7,69,0,1,116,0,117,0,20,159,7,186,110,8,118,304
02/23/2001,SLN,KS,ACE,CE,Federal Contract Tower,0,9,23,3,35,0,0,2,1,3,0,9,25,4,38,0,0,0,38
02/24/2001,SLN,KS,ACE,CE,Federal Contract Tower,0,5,8,0,13,2,2,0,0,4,2,7,8,0,17,0,0,0,17
02/25/2001,SLN,KS,ACE,CE,Federal Contract Tower,0,14,35,5,54,0,0,54,6,60,0,14,89,11,114,98,62,160,274
02/26/2001,SLN,KS,ACE,CE,Federal Contract Tower,0,12,34,5,51,0,0,104,3,107,0,12,138,8,158,126,42,168,326
02/27/2001,SLN,KS,ACE,CE,Federal Contract Tower,0,6,14,0,20,0,1,1,0,2,0,7,15,0,22,0,0,0,22
02/28/2001,SLN,KS,ACE,CE,Federal Contract Tower,0,17,37,3,57,0,8,51,0,59,0,25,88,3,116,80,4,84,200
03/01/2001,SLN,KS,ACE,CE,Federal Contract Tower,0,15,36,8,59,0,3,51,0,54,0,18,87,8,113,84,10,94,207
03/02/2001,SLN,KS,ACE,CE,Federal Contract Tower,0,15,36,9,60,0,3,114,15,132,0,18,150,24,192,128,32,160,352
03/03/2001,SLN,KS,ACE,CE,Federal Contract Tower,0,10,28,7,45,0,0,74,15,89,0,10,102,22,134,82,72,154,288
03/04/2001,SLN,KS,ACE,CE,Federal Contract Tower,0,10,33,9,52,0,0,32,16,48,0,10,65,25,100,44,30,74,174
03/05/2001,SLN,KS,ACE,CE,Federal Contract Tower,0,14,33,9,56,0,0,133,9,142,0,14,166,18,198,160,62,222,420
03/06/2001,SLN,KS,ACE,CE,Federal Contract Tower,0,14,38,4,56,0,0,100,0,100,0,14,138,4,156,176,0,176,332
03/07/2001,SLN,KS,ACE,CE,Federal Contract Tower,0,15,47,13,75,2,0,43,1,46,2,15,90,14,121,114,4,118,239
03/08/2001,SLN,KS,ACE,CE,Federal Contract Tower,0,17,42,12,71,0,1,153,0,154,0,18,195,12,225,230,56,286,511
03/09/2001,SLN,KS,ACE,CE,Federal Contract Tower,0,15,43,12,70,0,0,145,17,162,0,15,188,29,232,164,90,254,486
03/10/2001,SLN,KS,ACE,CE,Federal Contract Tower,0,11,26,4,41,0,2,46,0,48,0,13,72,4,89,26,2,28,117
03/11/2001,SLN,KS,ACE,CE,Federal Contract Tower,0,6,8,5,19,0,6,0,1,7,0,12,8,6,26,0,0,0,26
03/12/2001,SLN,KS,ACE,CE,Federal Contract Tower,0,10,36,10,56,0,0,88,0,88,0,10,124,10,144,150,50,200,344
03/13/2001,SLN,KS,ACE,CE,Federal Contract Tower,0,13,47,13,73,0,0,134,3,137,0,13,181,16,210,188,58,246,456
03/14/2001,SLN,KS,ACE,CE,Federal Contract Tower,0,10,32,9,51,0,0,130,8,138,0,10,162,17,189,192,40,232,421
03/15/2001,SLN,KS,ACE,CE,Federal Contract Tower,0,9,23,0,32,0,2,8,0,10,0,11,31,0,42,8,0,8,50
03/16/2001,SLN,KS,ACE,CE,Federal Contract Tower,0,9,28,7,44,0,0,130,4,134,0,9,158,11,178,180,28,208,386
03/17/2001,SLN,KS,ACE,CE,Federal Contract Tower,0,9,24,6,39,0,1,74,0,75,0,10,98,6,114,14,0,14,128
03/18/2001,SLN,KS,ACE,CE,Federal Contract Tower,0,7,20,0,27,0,5,26,0,31,0,12,46,0,58,36,0,36,94
03/19/2001,SLN,KS,ACE,CE,Federal Contract Tower,0,13,32,8,53,0,4,31,5,40,0,17,63,13,93,40,20,60,153
03/20/2001,SLN,KS,ACE,CE,Federal Contract Tower,0,12,32,6,50,0,5,75,0,80,0,17,107,6,130,62,24,86,216
03/21/2001,SLN,KS,ACE,CE,Federal Contract Tower,0,14,36,9,59,0,1,60,3,64,0,15,96,12,123,90,36,126,249
03/22/2001,SLN,KS,ACE,CE,Federal Contract Tower,0,13,33,8,54,0,0,59,12,71,0,13,92,20,125,92,20,112,237
03/23/2001,SLN,KS,ACE,CE,Federal Contract Tower,0,14,36,9,59,0,0,67,2,69,0,14,103,11,128,74,16,90,218
03/24/2001,SLN,KS,ACE,CE,Federal Contract Tower,0,7,18,2,27,0,1,49,0,50,0,8,67,2,77,52,0,52,129
03/25/2001,SLN,KS,ACE,CE,Federal Contract Tower,0,12,32,2,46,0,0,41,0,41,0,12,73,2,87,24,0,24,111
03/26/2001,SLN,KS,ACE,CE,Federal Contract Tower,0,13,42,10,65,0,0,128,2,130,0,13,170,12,195,184,70,254,449
03/27/2001,SLN,KS,ACE,CE,Federal Contract Tower,0,16,38,9,63,0,1,139,3,143,0,17,177,12,206,214,12,226,432
03/28/2001,SLN,KS,ACE,CE,Federal Contract Tower,0,12,31,8,51,0,5,80,1,86,0,17,111,9,137,120,2,122,259
03/29/2001,SLN,KS,ACE,CE,Federal Contract Tower,0,22,54,13,89,0,2,137,19,158,0,24,191,32,247,180,34,214,461
03/30/2001,SLN,KS,ACE,CE,Federal Contract Tower,0,15,39,10,64,0,5,114,11,130,0,20,153,21,194,170,12,182,376
03/31/2001,SLN,KS,ACE,CE,Federal Contract Tower,0,7,18,0,25,0,2,42,0,44,0,9,60,0,69,42,0,42,111
04/01/2001,SLN,KS,ACE,CE,Federal Contract Tower,0,10,31,0,41,0,0,44,0,44,0,10,75,0,85,56,0,56,141
04/02/2001,SLN,KS,ACE,CE,Federal Contract Tower,0,12,30,0,42,0,3,96,0,99,0,15,126,0,141,148,0,148,289
04/03/2001,SLN,KS,ACE,CE,Federal Contract Tower,0,9,24,3,36,0,0,8,3,11,0,9,32,6,47,10,2,12,59
04/04/2001,SLN,KS,ACE,CE,Federal Contract Tower,0,11,23,3,37,0,2,0,3,5,0,13,23,6,42,0,0,0,42
04/05/2001,SLN,KS,ACE,CE,Federal Contract Tower,0,10,38,5,53,0,0,14,5,19,0,10,52,10,72,6,0,6,78
04/06/2001,SLN,KS,ACE,CE,Federal Contract Tower,1,15,35,5,56,1,0,6,1,8,2,15,41,6,64,6,0,6,70
04/07/2001,SLN,KS,ACE,CE,Federal Contract Tower,0,10,22,4,36,0,0,63,10,73,0,10,85,14,109,52,20,72,181
04/08/2001,SLN,KS,ACE,CE,Federal Contract Tower,0,6,16,3,25,0,0,46,8,54,0,6,62,11,79,28,0,28,107
04/09/2001,SLN,KS,ACE,CE,Federal Contract Tower,0,16,34,6,56,0,3,157,0,160,0,19,191,6,216,220,8,228,444
04/10/2001,SLN,KS,ACE,CE,Federal Contract Tower,0,15,39,6,60,0,0,17,0,17,0,15,56,6,77,38,0,38,115
04/11/2001,SLN,KS,ACE,CE,Federal Contract Tower,0,14,31,5,50,0,3,28,9,40,0,17,59,14,90,22,12,34,124
04/12/2001,SLN,KS,ACE,CE,Federal Contract Tower,0,17,38,6,61,0,0,195,9,204,0,17,233,15,265,224,28,252,517
04/13/2001,SLN,KS,ACE,CE,Federal Contract Tower,0,15,31,5,51,0,1,187,5,193,0,16,218,10,244,192,24,216,460
04/14/2001,SLN,KS,ACE,CE,Federal Contract Tower,0,7,14,2,23,0,5,31,0,36,0,12,45,2,59,26,0,26,85
04/15/2001,SLN,KS,ACE,CE,Federal Contract Tower,0,6,13,0,19,0,2,32,0,34,0,8,45,0,53,20,0,20,73
04/16/2001,SLN,KS,ACE,CE,Federal Contract Tower,0,12,28,0,40,0,4,113,0,117,0,16,141,0,157,134,0,134,291
04/17/2001,SLN,KS,ACE,CE,Federal Contract Tower,0,15,53,8,76,0,0,182,13,195,0,15,235,21,271,252,28,280,551
04/18/2001,SLN,KS,ACE,CE,Federal Contract Tower,0,15,33,5,53,0,3,125,6,134,0,18,158,11,187,184,36,220,407
04/19/2001,SLN,KS,ACE,CE,Federal Contract Tower,0,17,36,6,59,0,0,72,12,84,0,17,108,18,143,118,10,128,271
04/20/2001,SLN,KS,ACE,CE,Federal Contract Tower,0,18,41,7,66,0,2,101,21,124,0,20,142,28,190,170,18,188,378
04/21/2001,SLN,KS,ACE,CE,Federal Contract Tower,0,10,22,3,35,2,5,58,9,74,2,15,80,12,109,100,2,102,211
04/22/2001,SLN,KS,ACE,CE,Federal Contract Tower,0,4,10,0,14,0,2,4,0,6,0,6,14,0,20,8,0,8,28
04/23/2001,SLN,KS,ACE,CE,Federal Contract Tower,0,12,27,4,43,0,2,70,0,72,0,14,97,4,115,94,8,102,217
04/24/2001,SLN,KS,ACE,CE,Federal Contract Tower,0,17,40,5,62,0,0,174,8,182,0,17,214,13,244,252,24,276,520
04/25/2001,SLN,KS,ACE,CE,Federal Contract Tower,0,13,29,4,46,0,4,168,4,176,0,17,197,8,222,298,20,318,540
04/26/2001,SLN,KS,ACE,CE,Federal Contract Tower,0,13,41,6,60,0,0,153,8,161,0,13,194,14,221,134,0,134,355
04/27/2001,SLN,KS,ACE,CE,Federal Contract Tower,0,15,34,4,53,0,4,111,12,127,0,19,145,16,180,146,18,164,344
04/28/2001,SLN,KS,ACE,CE,Federal Contract Tower,0,7,17,2,26,0,1,105,0,106,0,8,122,2,132,130,0,130,262
04/29/2001,SLN,KS,ACE,CE,Federal Contract Tower,0,9,22,2,33,2,3,50,0,55,2,12,72,2,88,42,8,50,138
04/30/2001,SLN,KS,ACE,CE,Federal Contract Tower,0,12,32,4,48,0,0,80,2,82,0,12,112,6,130,66,10,76,206
05/01/2001,SLN,KS,ACE,CE,Federal Contract Tower,1,12,38,7,58,0,5,145,6,156,1,17,183,13,214,130,30,160,374
05/02/2001,SLN,KS,ACE,CE,Federal Contract Tower,0,12,38,5,55,0,0,64,0,64,0,12,102,5,119,150,2,152,271
05/03/2001,SLN,KS,ACE,CE,Federal Contract Tower,0,15,50,6,71,0,0,29,0,29,0,15,79,6,100,68,0,68,168
05/04/2001,SLN,KS,ACE,CE,Federal Contract Tower,0,9,27,4,40,0,5,16,5,26,0,14,43,9,66,52,6,58,124
05/05/2001,SLN,KS,ACE,CE,Federal Contract Tower,0,6,18,3,27,0,1,46,8,55,0,7,64,11,82,42,14,56,138
05/06/2001,SLN,KS,ACE,CE,Federal Contract Tower,0,6,30,6,42,0,0,70,2,72,0,6,100,8,114,48,8,56,170
05/07/2001,SLN,KS,ACE,CE,Federal Contract Tower,0,13,34,7,54,0,3,125,7,135,0,16,159,14,189,174,6,180,369
05/08/2001,SLN,KS,ACE,CE,Federal Contract Tower,0,17,45,9,71,0,2,104,14,120,0,19,149,23,191,86,8,94,285
05/09/2001,SLN,KS,ACE,CE,Federal Contract Tower,0,12,31,6,49,0,6,120,4,130,0,18,151,10,179,150,20,170,349
05/10/2001,SLN,KS,ACE,CE,Federal Contract Tower,0,17,44,9,70,2,1,71,4,78,2,18,115,13,148,98,4,102,250
05/11/2001,SLN,KS,ACE,CE,Federal Contract Tower,0,14,38,8,60,0,5,51,0,56,0,19,89,8,116,54,32,86,202
05/12/2001,SLN,KS,ACE,CE,Federal Contract Tower,0,7,20,4,31,0,0,63,6,69,0,7,83,10,100,24,2,26,126
05/13/2001,SLN,KS,ACE,CE,Federal Contract Tower,0,8,20,4,32,0,0,24,4,28,0,8,44,8,60,10,0,10,70
05/14/2001,SLN,KS,ACE,CE,Federal Contract Tower,0,16,42,9,67,0,1,78,6,85,0,17,120,15,152,62,38,100,252
05/15/2001,SLN,KS,ACE,CE,Federal Contract Tower,0,10,26,5,41,0,7,74,0,81,0,17,100,5,122,68,8,76,198
05/16/2001,SLN,KS,ACE,CE,Federal Contract Tower,0,11,32,6,49,0,9,81,0,90,0,20,113,6,139,122,4,126,265
05/17/2001,SLN,KS,ACE,CE,Federal Contract Tower,0,12,32,2,46,0,10,44,0,54,0,22,76,2,100,38,0,38,138
05/18/2001,SLN,KS,ACE,CE,Federal Contract Tower,0,12,46,4,62,2,0,74,0,76,2,12,120,4,138,84,14,98,236
05/19/2001,SLN,KS,ACE,CE,Federal Contract Tower,0,9,32,7,48,0,0,48,6,54,0,9,80,13,102,86,4,90,192
05/20/2001,SLN,KS,ACE,CE,Federal Contract Tower,0,8,22,2,32,0,0,19,0,19,0,8,41,2,51,28,0,28,79
05/21/2001,SLN,KS,ACE,CE,Federal Contract Tower,0,12,32,4,48,0,2,61,0,63,0,14,93,4,111,92,18,110,221
05/22/2001,SLN,KS,ACE,CE,Federal Contract Tower,0,15,40,7,62,0,1,87,6,94,0,16,127,13,156,86,4,90,246
05/23/2001,SLN,KS,ACE,CE,Federal Contract Tower,0,17,52,9,78,0,0,102,0,102,0,17,154,9,180,50,8,58,238
05/24/2001,SLN,KS,ACE,CE,Federal Contract Tower,0,15,50,9,74,0,0,73,11,84,0,15,123,20,158,114,24,138,296
05/25/2001,SLN,KS,ACE,CE,Federal Contract Tower,0,14,40,2,56,0,4,93,0,97,0,18,133,2,153,80,0,80,233
05/26/2001,SLN,KS,ACE,CE,Federal Contract Tower,0,7,19,3,29,0,1,37,10,48,0,8,56,13,77,20,6,26,103
05/27/2001,SLN,KS,ACE,CE,Federal Contract Tower,0,4,11,0,15,0,1,37,0,38,0,5,48,0,53,32,0,32,85
05/28/2001,SLN,KS,ACE,CE,Federal Contract Tower,0,4,18,1,23,0,0,70,0,70,0,4,88,1,93,24,0,24,117
05/29/2001,SLN,KS,ACE,CE,Federal Contract Tower,0,5,17,1,23,0,4,23,0,27,0,9,40,1,50,44,0,44,94
05/30/2001,SLN,KS,ACE,CE,Federal Contract Tower,0,8,21,0,29,0,9,0,0,9,0,17,21,0,38,0,0,0,38
05/31/2001,SLN,KS,ACE,CE,Federal Contract Tower,0,13,52,9,74,0,0,33,10,43,0,13,85,19,117,114,20,134,251
06/01/2001,SLN,KS,ACE,CE,Federal Contract Tower,0,12,31,7,50,0,0,93,2,95,0,12,124,9,145,98,0,98,243
06/02/2001,SLN,KS,ACE,CE,Federal Contract Tower,0,6,17,3,26,0,2,49,2,53,0,8,66,5,79,56,4,60,139
06/03/2001,SLN,KS,ACE,CE,Federal Contract Tower,0,6,16,3,25,0,0,5,0,5,0,6,21,3,30,0,2,2,32
06/04/2001,SLN,KS,ACE,CE,Federal Contract Tower,0,6,17,3,26,0,5,0,1,6,0,11,17,4,32,14,0,14,46
06/05/2001,SLN,KS,ACE,CE,Federal Contract Tower,0,10,27,4,41,0,7,50,0,57,0,17,77,4,98,130,2,132,230
06/06/2001,SLN,KS,ACE,CE,Federal Contract Tower,0,13,35,8,56,0,2,42,2,46,0,15,77,10,102,96,2,98,200
06/07/2001,SLN,KS,ACE,CE,Federal Contract Tower,0,15,39,9,63,0,2,59,4,65,0,17,98,13,128,92,26,118,246
06/08/2001,SLN,KS,ACE,CE,Federal Contract Tower,0,10,27,6,43,0,2,61,0,63,0,12,88,6,106,118,0,118,224
06/09/2001,SLN,KS,ACE,CE,Federal Contract Tower,1,7,19,4,31,1,2,80,3,86,2,9,99,7,117,60,0,60,177
06/10/2001,SLN,KS,ACE,CE,Federal Contract Tower,0,12,36,8,56,0,0,46,16,62,0,12,82,24,118,44,14,58,176
06/11/2001,SLN,KS,ACE,CE,Federal Contract Tower,0,12,30,6,48,0,0,91,5,96,0,12,121,11,144,124,32,156,300
06/12/2001,SLN,KS,ACE,CE,Federal Contract Tower,0,13,31,7,51,0,4,111,11,126,0,17,142,18,177,100,32,132,309
06/13/2001,SLN,KS,ACE,CE,Federal Contract Tower,1,12,28,6,47,0,4,80,7,91,1,16,108,13,138,110,22,132,270
06/14/2001,SLN,KS,ACE,CE,Federal Contract Tower,1,14,35,7,57,1,0,83,10,94,2,14,118,17,151,120,26,146,297
06/15/2001,SLN,KS,ACE,CE,Federal Contract Tower,0,15,50,13,78,0,0,137,14,151,0,15,187,27,229,126,20,146,375
06/16/2001,SLN,KS,ACE,CE,Federal Contract Tower,0,6,21,6,33,0,0,45,10,55,0,6,66,16,88,12,2,14,102
06/17/2001,SLN,KS,ACE,CE,Federal Contract Tower,0,9,20,5,34,0,0,23,0,23,0,9,43,5,57,32,4,36,93
06/18/2001,SLN,KS,ACE,CE,Federal Contract Tower,0,8,20,4,32,0,3,50,0,53,0,11,70,4,85,54,12,66,151
06/19/2001,SLN,KS,ACE,CE,Federal Contract Tower,0,11,27,4,42,0,0,79,0,79,0,11,106,4,121,142,0,142,263
06/20/2001,SLN,KS,ACE,CE,Federal Contract Tower,0,9,23,0,32,0,5,21,0,26,0,14,44,0,58,30,0,30,88
06/21/2001,SLN,KS,ACE,CE,Federal Contract Tower,0,12,29,7,48,0,0,96,7,103,0,12,125,14,151,108,6,114,265
06/22/2001,SLN,KS,ACE,CE,Federal Contract Tower,0,8,18,5,31,0,4,97,11,112,0,12,115,16,143,138,48,186,329
06/23/2001,SLN,KS,ACE,CE,Federal Contract Tower,0,7,18,5,30,4,2,76,5,87,4,9,94,10,117,84,2,86,203
06/24/2001,SLN,KS,ACE,CE,Federal Contract Tower,0,7,17,4,28,0,4,22,0,26,0,11,39,4,54,32,28,60,114
06/25/2001,SLN,KS,ACE,CE,Federal Contract Tower,0,7,21,4,32,1,0,83,4,88,1,7,104,8,120,150,8,158,278
06/26/2001,SLN,KS,ACE,CE,Federal Contract Tower,0,15,37,8,60,0,2,113,12,127,0,17,150,20,187,122,40,162,349
06/27/2001,SLN,KS,ACE,CE,Federal Contract Tower,0,13,36,8,57,4,0,119,0,123,4,13,155,8,180,132,6,138,318
06/28/2001,SLN,KS,ACE,CE,Federal Contract Tower,0,16,42,10,68,0,0,97,3,100,0,16,139,13,168,98,8,106,274
06/29/2001,SLN,KS,ACE,CE,Federal Contract Tower,0,16,50,11,77,0,0,72,12,84,0,16,122,23,161,104,32,136,297
06/30/2001,SLN,KS,ACE,CE,Federal Contract Tower,0,8,19,0,27,0,1,31,0,32,0,9,50,0,59,52,0,52,111
07/01/2001,SLN,KS,ACE,CE,Federal Contract Tower,0,10,26,2,38,0,0,41,0,41,0,10,67,2,79,6,0,6,85
07/02/2001,SLN,KS,ACE,CE,Federal Contract Tower,1,13,30,5,49,1,0,67,1,69,2,13,97,6,118,92,8,100,218
07/03/2001,SLN,KS,ACE,CE,Federal Contract Tower,1,16,36,6,59,0,1,50,3,54,1,17,86,9,113,56,10,66,179
07/04/2001,SLN,KS,ACE,CE,Federal Contract Tower,1,7,18,2,28,0,5,38,0,43,1,12,56,2,71,22,2,24,95
07/05/2001,SLN,KS,ACE,CE,Federal Contract Tower,1,17,37,2,57,0,9,48,0,57,1,26,85,2,114,74,0,74,188
07/06/2001,SLN,KS,ACE,CE,Federal Contract Tower,0,15,35,6,56,0,4,65,7,76,0,19,100,13,132,74,28,102,234
07/07/2001,SLN,KS,ACE,CE,Federal Contract Tower,0,10,22,2,34,0,2,101,0,103,0,12,123,2,137,42,0,42,179
07/08/2001,SLN,KS,ACE,CE,Federal Contract Tower,0,15,32,5,52,0,0,96,2,98,0,15,128,7,150,60,18,78,228
07/09/2001,SLN,KS,ACE,CE,Federal Contract Tower,0,14,29,5,48,0,0,71,8,79,0,14,100,13,127,86,60,146,273
07/10/2001,SLN,KS,ACE,CE,Federal Contract Tower,0,15,34,6,55,0,0,98,9,107,0,15,132,15,162,144,6,150,312
07/11/2001,SLN,KS,ACE,CE,Federal Contract Tower,0,14,29,5,48,0,1,84,5,90,0,15,113,10,138,86,18,104,242
07/12/2001,SLN,KS,ACE,CE,Federal Contract Tower,0,16,33,5,54,0,3,66,0,69,0,19,99,5,123,56,6,62,185
07/13/2001,SLN,KS,ACE,CE,Federal Contract Tower,0,17,40,8,65,0,0,93,7,100,0,17,133,15,165,88,12,100,265
07/14/2001,SLN,KS,ACE,CE,Federal Contract Tower,0,7,22,5,34,0,0,94,9,103,0,7,116,14,137,66,18,84,221
07/15/2001,SLN,KS,ACE,CE,Federal Contract Tower,0,10,20,2,32,0,0,35,0,35,0,10,55,2,67,4,4,8,75
07/16/2001,SLN,KS,ACE,CE,Federal Contract Tower,0,12,28,4,44,0,0,68,0,68,0,12,96,4,112,62,8,70,182
07/17/2001,SLN,KS,ACE,CE,Federal Contract Tower,0,15,29,6,50,0,2,85,3,90,0,17,114,9,140,104,8,112,252
07/18/2001,SLN,KS,ACE,CE,Federal Contract Tower,0,15,31,6,52,0,2,83,8,93,0,17,114,14,145,94,14,108,253
07/19/2001,SLN,KS,ACE,CE,Federal Contract Tower,0,17,35,7,59,0,4,87,4,95,0,21,122,11,154,146,6,152,306
07/20/2001,SLN,KS,ACE,CE,Federal Contract Tower,0,14,36,8,58,0,0,74,12,86,0,14,110,20,144,92,14,106,250
07/21/2001,SLN,KS,ACE,CE,Federal Contract Tower,0,9,20,5,34,0,0,54,3,57,0,9,74,8,91,42,6,48,139
07/22/2001,SLN,KS,ACE,CE,Federal Contract Tower,0,10,20,4,34,0,2,30,0,32,0,12,50,4,66,8,6,14,80
07/23/2001,SLN,KS,ACE,CE,Federal Contract Tower,0,11,28,6,45,0,0,69,1,70,0,11,97,7,115,58,2,60,175
07/24/2001,SLN,KS,ACE,CE,Federal Contract Tower,0,16,35,0,51,2,1,88,0,91,2,17,123,0,142,100,0,100,242
07/25/2001,SLN,KS,ACE,CE,Federal Contract Tower,0,15,33,6,54,0,0,91,8,99,0,15,124,14,153,78,22,100,253
07/26/2001,SLN,KS,ACE,CE,Federal Contract Tower,0,18,44,8,70,0,0,65,16,81,0,18,109,24,151,134,44,178,329
07/27/2001,SLN,KS,ACE,CE,Federal Contract Tower,0,16,33,6,55,0,6,61,2,69,0,22,94,8,124,80,6,86,210
07/28/2001,SLN,KS,ACE,CE,Federal Contract Tower,0,9,20,2,31,1,0,49,0,50,1,9,69,2,81,38,4,42,123
07/29/2001,SLN,KS,ACE,CE,Federal Contract Tower,0,10,25,2,37,0,0,63,0,63,0,10,88,2,100,8,0,8,108
07/30/2001,SLN,KS,ACE,CE,Federal Contract Tower,0,16,33,5,54,4,0,71,1,76,4,16,104,6,130,62,4,66,196
07/31/2001,SLN,KS,ACE,CE,Federal Contract Tower,0,19,42,8,69,0,0,72,10,82,0,19,114,18,151,72,14,86,237
08/01/2001,SLN,KS,ACE,CE,Federal Contract Tower,0,12,29,8,49,0,4,83,15,102,0,16,112,23,151,120,66,186,337
08/02/2001,SLN,KS,ACE,CE,Federal Contract Tower,0,13,29,8,50,0,1,94,21,116,0,14,123,29,166,132,50,182,348
08/03/2001,SLN,KS,ACE,CE,Federal Contract Tower,1,18,40,11,70,1,1,79,0,81,2,19,119,11,151,100,22,122,273
08/04/2001,SLN,KS,ACE,CE,Federal Contract Tower,0,9,20,5,34,0,0,81,6,87,0,9,101,11,121,66,0,66,187
08/05/2001,SLN,KS,ACE,CE,Federal Contract Tower,0,10,22,6,38,0,5,42,0,47,0,15,64,6,85,50,0,50,135
08/06/2001,SLN,KS,ACE,CE,Federal Contract Tower,1,19,41,12,73,5,1,75,6,87,6,20,116,18,160,72,32,104,264
08/07/2001,SLN,KS,ACE,CE,Federal Contract Tower,0,13,31,9,53,0,3,67,10,80,0,16,98,19,133,64,8,72,205
08/08/2001,SLN,KS,ACE,CE,Federal Contract Tower,0,16,36,9,61,0,3,74,0,77,0,19,110,9,138,68,20,88,226
08/09/2001,SLN,KS,ACE,CE,Federal Contract Tower,0,17,40,12,69,0,0,83,9,92,0,17,123,21,161,110,44,154,315
08/10/2001,SLN,KS,ACE,CE,Federal Contract Tower,0,13,29,8,50,0,3,45,12,60,0,16,74,20,110,84,48,132,242
08/11/2001,SLN,KS,ACE,CE,Federal Contract Tower,0,7,18,3,28,0,3,57,0,60,0,10,75,3,88,42,0,42,130
08/12/2001,SLN,KS,ACE,CE,Federal Contract Tower,0,8,27,6,41,0,0,62,0,62,0,8,89,6,103,32,16,48,151
08/13/2001,SLN,KS,ACE,CE,Federal Contract Tower,0,14,29,8,51,0,0,37,6,43,0,14,66,14,94,34,28,62,156
08/14/2001,SLN,KS,ACE,CE,Federal Contract Tower,0,16,33,10,59,0,3,52,12,67,0,19,85,22,126,36,11,47,173
08/15/2001,SLN,KS,ACE,CE,Federal Contract Tower,0,15,37,9,61,0,0,17,0,17,0,15,54,9,78,6,38,44,122
08/16/2001,SLN,KS,ACE,CE,Federal Contract Tower,0,14,29,8,51,0,5,75,0,80,0,19,104,8,131,124,14,138,269
08/17/2001,SLN,KS,ACE,CE,Federal Contract Tower,0,14,31,9,54,2,0,28,0,30,2,14,59,9,84,30,7,37,121
08/18/2001,SLN,KS,ACE,CE,Federal Contract Tower,0,11,23,8,42,0,0,74,4,78,0,11,97,12,120,100,8,108,228
08/19/2001,SLN,KS,ACE,CE,Federal Contract Tower,0,10,28,9,47,0,0,93,15,108,0,10,121,24,155,60,36,96,251
08/20/2001,SLN,KS,ACE,CE,Federal Contract Tower,0,13,33,11,57,0,0,60,5,65,0,13,93,16,122,54,28,82,204
08/21/2001,SLN,KS,ACE,CE,Federal Contract Tower,0,16,33,7,56,0,3,106,0,109,0,19,139,7,165,90,8,98,263
08/22/2001,SLN,KS,ACE,CE,Federal Contract Tower,0,20,42,13,75,0,4,95,0,99,0,24,137,13,174,112,8,120,294
08/23/2001,SLN,KS,ACE,CE,Federal Contract Tower,0,16,35,11,62,0,0,91,4,95,0,16,126,15,157,156,14,170,327
08/24/2001,SLN,KS,ACE,CE,Federal Contract Tower,0,11,24,4,39,0,3,55,0,58,0,14,79,4,97,56,0,56,153
08/25/2001,SLN,KS,ACE,CE,Federal Contract Tower,0,11,28,9,48,0,0,47,9,56,0,11,75,18,104,60,24,84,188
08/26/2001,SLN,KS,ACE,CE,Federal Contract Tower,0,11,32,10,53,0,0,81,16,97,0,11,113,26,150,142,80,222,372
08/27/2001,SLN,KS,ACE,CE,Federal Contract Tower,0,12,30,10,52,2,0,125,2,129,2,12,155,12,181,220,2,222,403
08/28/2001,SLN,KS,ACE,CE,Federal Contract Tower,0,14,30,8,52,0,1,151,11,163,0,15,181,19,215,196,44,240,455
08/29/2001,SLN,KS,ACE,CE,Federal Contract Tower,0,12,29,8,49,4,0,161,11,176,4,12,190,19,225,118,42,160,385
08/30/2001,SLN,KS,ACE,CE,Federal Contract Tower,0,12,26,7,45,0,4,172,0,176,0,16,198,7,221,224,16,240,461
08/31/2001,SLN,KS,ACE,CE,Federal Contract Tower,0,13,35,4,52,0,0,147,0,147,0,13,182,4,199,160,0,160,359
09/01/2001,SLN,KS,ACE,CE,Federal Contract Tower,0,5,13,3,21,0,0,86,0,86,0,5,99,3,107,100,4,104,211
09/02/2001,SLN,KS,ACE,CE,Federal Contract Tower,1,5,11,0,17,1,0,50,0,51,2,5,61,0,68,52,0,52,120
09/03/2001,SLN,KS,ACE,CE,Federal Contract Tower,0,11,21,5,37,0,0,81,1,82,0,11,102,6,119,88,28,116,235
09/04/2001,SLN,KS,ACE,CE,Federal Contract Tower,0,20,31,7,58,0,0,201,11,212,0,20,232,18,270,198,12,210,480
09/05/2001,SLN,KS,ACE,CE,Federal Contract Tower,0,18,31,8,57,0,0,166,15,181,0,18,197,23,238,276,24,300,538
09/06/2001,SLN,KS,ACE,CE,Federal Contract Tower,0,17,32,8,57,0,0,132,17,149,0,17,164,25,206,188,24,212,418
09/07/2001,SLN,KS,ACE,CE,Federal Contract Tower,0,12,26,7,45,2,0,85,6,93,2,12,111,13,138,182,28,210,348
09/08/2001,SLN,KS,ACE,CE,Federal Contract Tower,0,15,30,8,53,0,0,104,7,111,0,15,134,15,164,198,38,236,400
09/09/2001,SLN,KS,ACE,CE,Federal Contract Tower,0,11,15,4,30,0,0,89,14,103,0,11,104,18,133,248,30,278,411
09/10/2001,SLN,KS,ACE,CE,Federal Contract Tower,0,14,28,8,50,0,0,184,19,203,0,14,212,27,253,220,38,258,511
09/11/2001,SLN,KS,ACE,CE,Federal Contract Tower,0,4,5,0,9,0,1,42,0,43,0,5,47,0,52,38,0,38,90
09/12/2001,SLN,KS,ACE,CE,Federal Contract Tower,0,0,2,1,3,0,0,2,1,3,0,0,4,2,6,0,0,0,6
09/13/2001,SLN,KS,ACE,CE,Federal Contract Tower,0,29,0,6,35,0,40,0,0,40,0,69,0,6,75,0,0,0,75
09/14/2001,SLN,KS,ACE,CE,Federal Contract Tower,0,54,19,6,79,0,59,0,0,59,0,113,19,6,138,0,0,0,138
09/15/2001,SLN,KS,ACE,CE,Federal Contract Tower,0,31,30,9,70,0,8,0,0,8,0,39,30,9,78,2,0,2,80
09/16/2001,SLN,KS,ACE,CE,Federal Contract Tower,0,18,32,5,55,0,0,14,0,14,0,18,46,5,69,0,0,0,69
09/17/2001,SLN,KS,ACE,CE,Federal Contract Tower,0,18,21,0,39,0,4,2,0,6,0,22,23,0,45,0,0,0,45
09/18/2001,SLN,KS,ACE,CE,Federal Contract Tower,0,23,38,10,71,0,0,3,13,16,0,23,41,23,87,2,14,16,103
09/19/2001,SLN,KS,ACE,CE,Federal Contract Tower,0,25,45,12,82,0,0,12,7,19,0,25,57,19,101,0,26,26,127
09/20/2001,SLN,KS,ACE,CE,Federal Contract Tower,0,39,49,12,100,0,4,14,5,23,0,43,63,17,123,0,0,0,123
09/21/2001,SLN,KS,ACE,CE,Federal Contract Tower,0,28,44,10,82,0,0,25,19,44,0,28,69,29,126,4,30,34,160
09/22/2001,SLN,KS,ACE,CE,Federal Contract Tower,0,11,14,3,28,0,3,24,5,32,0,14,38,8,60,24,28,52,112
09/23/2001,SLN,KS,ACE,CE,Federal Contract Tower,0,16,24,6,46,0,0,35,2,37,0,16,59,8,83,46,4,50,133
09/24/2001,SLN,KS,ACE,CE,Federal Contract Tower,0,19,30,4,53,0,0,203,0,203,0,19,233,4,256,276,14,290,546
09/25/2001,SLN,KS,ACE,CE,Federal Contract Tower,0,19,37,9,65,0,0,233,2,235,0,19,270,11,300,362,24,386,686
09/26/2001,SLN,KS,ACE,CE,Federal Contract Tower,0,22,27,6,55,0,6,193,2,201,0,28,220,8,256,336,54,390,646
09/27/2001,SLN,KS,ACE,CE,Federal Contract Tower,0,26,41,10,77,0,0,198,5,203,0,26,239,15,280,268,24,292,572
09/28/2001,SLN,KS,ACE,CE,Federal Contract Tower,0,20,28,1,49,0,0,185,0,185,0,20,213,1,234,288,0,288,522
09/29/2001,SLN,KS,ACE,CE,Federal Contract Tower,0,9,13,0,22,0,2,132,0,134,0,11,145,0,156,224,0,224,380
09/30/2001,SLN,KS,ACE,CE,Federal Contract Tower,0,15,27,4,46,0,0,104,0,104,0,15,131,4,150,338,0,338,488
10/01/2001,SLN,KS,ACE,CE,Federal Contract Tower,1,15,28,0,44,1,1,155,0,157,2,16,183,0,201,350,0,350,551
10/02/2001,SLN,KS,ACE,CE,Federal Contract Tower,0,20,35,7,62,0,5,163,1,169,0,25,198,8,231,250,34,284,515
10/03/2001,SLN,KS,ACE,CE,Federal Contract Tower,0,24,43,9,76,0,0,205,7,212,0,24,248,16,288,394,4,398,686
10/04/2001,SLN,KS,ACE,CE,Federal Contract Tower,0,18,32,7,57,0,5,124,11,140,0,23,156,18,197,230,24,254,451
10/05/2001,SLN,KS,ACE,CE,Federal Contract Tower,0,22,45,10,77,0,0,107,6,113,0,22,152,16,190,210,14,224,414
10/06/2001,SLN,KS,ACE,CE,Federal Contract Tower,0,8,16,0,24,0,2,77,0,79,0,10,93,0,103,158,0,158,261
10/07/2001,SLN,KS,ACE,CE,Federal Contract Tower,0,19,30,6,55,0,2,68,0,70,0,21,98,6,125,134,0,134,259
10/08/2001,SLN,KS,ACE,CE,Federal Contract Tower,0,11,20,4,35,0,0,141,0,141,0,11,161,4,176,230,10,240,416
10/09/2001,SLN,KS,ACE,CE,Federal Contract Tower,0,17,29,6,52,0,7,58,0,65,0,24,87,6,117,42,0,42,159
10/10/2001,SLN,KS,ACE,CE,Federal Contract Tower,0,12,19,5,36,0,7,207,13,227,0,19,226,18,263,450,20,470,733
10/11/2001,SLN,KS,ACE,CE,Federal Contract Tower,0,17,42,10,69,0,0,252,7,259,0,17,294,17,328,498,32,530,858
10/12/2001,SLN,KS,ACE,CE,Federal Contract Tower,0,31,54,5,90,0,4,69,0,73,0,35,123,5,163,132,4,136,299
10/13/2001,SLN,KS,ACE,CE,Federal Contract Tower,0,11,23,6,40,0,0,86,5,91,0,11,109,11,131,156,6,162,293
10/14/2001,SLN,KS,ACE,CE,Federal Contract Tower,0,13,26,6,45,2,0,65,6,73,2,13,91,12,118,88,6,94,212
10/15/2001,SLN,KS,ACE,CE,Federal Contract Tower,0,20,33,8,61,0,1,68,0,69,0,21,101,8,130,120,24,144,274
10/16/2001,SLN,KS,ACE,CE,Federal Contract Tower,0,19,33,8,60,0,0,235,4,239,0,19,268,12,299,352,22,374,673
10/17/2001,SLN,KS,ACE,CE,Federal Contract Tower,0,25,41,10,76,0,2,217,12,231,0,27,258,22,307,226,22,248,555
10/18/2001,SLN,KS,ACE,CE,Federal Contract Tower,0,21,35,8,64,0,0,204,0,204,0,21,239,8,268,216,14,230,498
10/19/2001,SLN,KS,ACE,CE,Federal Contract Tower,0,19,43,10,72,0,0,144,3,147,0,19,187,13,219,218,0,218,437
10/20/2001,SLN,KS,ACE,CE,Federal Contract Tower,0,8,15,3,26,0,0,58,1,59,0,8,73,4,85,70,2,72,157
10/21/2001,SLN,KS,ACE,CE,Federal Contract Tower,0,24,44,4,72,0,0,22,0,22,0,24,66,4,94,28,0,28,122
10/22/2001,SLN,KS,ACE,CE,Federal Contract Tower,0,21,37,4,62,0,1,86,0,87,0,22,123,4,149,280,0,280,429
10/23/2001,SLN,KS,ACE,CE,Federal Contract Tower,0,23,39,8,70,0,2,166,4,172,0,25,205,12,242,308,34,342,584
10/24/2001,SLN,KS,ACE,CE,Federal Contract Tower,0,16,27,5,48,0,7,136,7,150,0,23,163,12,198,148,14,162,360
10/25/2001,SLN,KS,ACE,CE,Federal Contract Tower,0,22,39,6,67,0,2,181,0,183,0,24,220,6,250,238,0,238,488
10/26/2001,SLN,KS,ACE,CE,Federal Contract Tower,0,22,37,8,67,0,5,210,8,223,0,27,247,16,290,266,20,286,576
10/27/2001,SLN,KS,ACE,CE,Federal Contract Tower,0,7,15,3,25,0,0,107,8,115,0,7,122,11,140,184,8,192,332
10/28/2001,SLN,KS,ACE,CE,Federal Contract Tower,0,10,29,6,45,0,0,50,9,59,0,10,79,15,104,30,6,36,140
10/29/2001,SLN,KS,ACE,CE,Federal Contract Tower,0,12,22,3,37,0,0,187,0,187,0,12,209,3,224,306,12,318,542
10/30/2001,SLN,KS,ACE,CE,Federal Contract Tower,0,16,32,6,54,0,0,167,0,167,0,16,199,6,221,240,8,248,469
10/31/2001,SLN,KS,ACE,CE,Federal Contract Tower,0,13,24,5,42,0,1,59,8,68,0,14,83,13,110,78,10,88,198
11/01/2001,SLN,KS,ACE,CE,Federal Contract Tower,0,22,42,9,73,0,0,174,4,178,0,22,216,13,251,282,6,288,539
11/02/2001,SLN,KS,ACE,CE,Federal Contract Tower,0,13,25,5,43,0,4,164,7,175,0,17,189,12,218,236,38,274,492
11/03/2001,SLN,KS,ACE,CE,Federal Contract Tower,0,9,25,1,35,0,0,63,0,63,0,9,88,1,98,84,0,84,182
11/04/2001,SLN,KS,ACE,CE,Federal Contract Tower,1,14,36,7,58,1,0,47,1,49,2,14,83,8,107,28,0,28,135
11/05/2001,SLN,KS,ACE,CE,Federal Contract Tower,0,14,32,7,53,0,0,162,5,167,0,14,194,12,220,210,0,210,430
11/06/2001,SLN,KS,ACE,CE,Federal Contract Tower,0,17,30,6,53,0,3,172,24,199,0,20,202,30,252,226,18,244,496
11/07/2001,SLN,KS,ACE,CE,Federal Contract Tower,0,20,34,8,62,0,2,177,10,189,0,22,211,18,251,300,4,304,555
11/08/2001,SLN,KS,ACE,CE,Federal Contract Tower,0,17,28,7,52,0,9,172,29,210,0,26,200,36,262,246,38,284,546
11/09/2001,SLN,KS,ACE,CE,Federal Contract Tower,0,23,41,10,74,0,5,153,12,170,0,28,194,22,244,204,14,218,462
11/10/2001,SLN,KS,ACE,CE,Federal Contract Tower,0,7,11,3,21,0,2,87,9,98,0,9,98,12,119,104,6,110,229
11/11/2001,SLN,KS,ACE,CE,Federal Contract Tower,0,9,17,3,29,0,0,90,0,90,0,9,107,3,119,86,0,86,205
11/12/2001,SLN,KS,ACE,CE,Federal Contract Tower,0,12,37,0,49,0,0,27,0,27,0,12,64,0,76,2,0,2,78
11/13/2001,SLN,KS,ACE,CE,Federal Contract Tower,0,26,48,4,78,0,0,39,0,39,0,26,87,4,117,0,0,0,117
11/14/2001,SLN,KS,ACE,CE,Federal Contract Tower,0,17,48,11,76,0,0,41,4,45,0,17,89,15,121,136,26,162,283
11/15/2001,SLN,KS,ACE,CE,Federal Contract Tower,0,26,46,8,80,0,2,161,0,163,0,28,207,8,243,240,12,252,495
11/16/2001,SLN,KS,ACE,CE,Federal Contract Tower,0,18,36,9,63,0,0,152,3,155,0,18,188,12,218,152,6,158,376
11/17/2001,SLN,KS,ACE,CE,Federal Contract Tower,0,13,22,5,40,0,10,84,7,101,0,23,106,12,141,150,26,176,317
11/18/2001,SLN,KS,ACE,CE,Federal Contract Tower,0,8,22,0,30,1,0,13,0,14,1,8,35,0,44,10,0,10,54
11/19/2001,SLN,KS,ACE,CE,Federal Contract Tower,0,18,31,8,57,0,3,154,2,159,0,21,185,10,216,202,0,202,418
11/20/2001,SLN,KS,ACE,CE,Federal Contract Tower,0,23,41,8,72,2,0,156,0,158,2,23,197,8,230,179,8,187,417
11/21/2001,SLN,KS,ACE,CE,Federal Contract Tower,0,21,38,5,64,0,0,88,0,88,0,21,126,5,152,106,8,114,266
11/22/2001,SLN,KS,ACE,CE,Federal Contract Tower,0,3,6,0,9,2,0,34,0,36,2,3,40,0,45,10,0,10,55
11/23/2001,SLN,KS,ACE,CE,Federal Contract Tower,0,11,16,0,27,0,7,0,0,7,0,18,16,0,34,0,0,0,34
11/24/2001,SLN,KS,ACE,CE,Federal Contract Tower,0,7,11,0,18,0,4,0,0,4,0,11,11,0,22,0,0,0,22
11/25/2001,SLN,KS,ACE,CE,Federal Contract Tower,0,14,25,5,44,0,4,52,1,57,0,18,77,6,101,56,0,56,157
11/26/2001,SLN,KS,ACE,CE,Federal Contract Tower,0,21,36,7,64,0,10,51,0,61,0,31,87,7,125,94,2,96,221
11/27/2001,SLN,KS,ACE,CE,Federal Contract Tower,0,17,29,6,52,0,5,151,6,162,0,22,180,12,214,208,4,212,426
11/28/2001,SLN,KS,ACE,CE,Federal Contract Tower,0,25,44,9,78,0,7,106,9,122,0,32,150,18,200,258,16,274,474
11/29/2001,SLN,KS,ACE,CE,Federal Contract Tower,0,16,35,7,58,0,0,92,12,104,0,16,127,19,162,128,16,144,306
11/30/2001,SLN,KS,ACE,CE,Federal Contract Tower,0,18,40,8,66,0,0,118,5,123,0,18,158,13,189,226,26,252,441
12/01/2001,SLN,KS,ACE,CE,Federal Contract Tower,0,7,11,4,22,0,0,87,15,102,0,7,98,19,124,132,44,176,300
12/02/2001,SLN,KS,ACE,CE,Federal Contract Tower,0,14,18,3,35,0,1,74,0,75,0,15,92,3,110,92,0,92,202
12/03/2001,SLN,KS,ACE,CE,Federal Contract Tower,0,16,29,7,52,0,0,122,0,122,0,16,151,7,174,154,0,154,328
12/04/2001,SLN,KS,ACE,CE,Federal Contract Tower,0,25,33,8,66,0,6,120,4,130,0,31,153,12,196,140,0,140,336
12/05/2001,SLN,KS,ACE,CE,Federal Contract Tower,0,24,32,8,64,0,7,103,4,114,0,31,135,12,178,82,0,82,260
12/06/2001,SLN,KS,ACE,CE,Federal Contract Tower,0,20,41,9,70,0,0,192,11,203,0,20,233,20,273,278,24,302,575
12/07/2001,SLN,KS,ACE,CE,Federal Contract Tower,0,18,25,5,48,0,3,148,3,154,0,21,173,8,202,180,4,184,386
12/08/2001,SLN,KS,ACE,CE,Federal Contract Tower,0,9,17,4,30,0,0,84,0,84,0,9,101,4,114,134,0,134,248
12/09/2001,SLN,KS,ACE,CE,Federal Contract Tower,0,14,20,0,34,0,1,56,0,57,0,15,76,0,91,50,0,50,141
12/10/2001,SLN,KS,ACE,CE,Federal Contract Tower,0,18,26,6,50,0,4,93,1,98,0,22,119,7,148,132,0,132,280
12/11/2001,SLN,KS,ACE,CE,Federal Contract Tower,2,24,34,7,67,0,2,78,0,80,2,26,112,7,147,82,18,100,247
12/12/2001,SLN,KS,ACE,CE,Federal Contract Tower,2,20,29,0,51,0,7,0,0,7,2,27,29,0,58,2,0,2,60
12/13/2001,SLN,KS,ACE,CE,Federal Contract Tower,3,24,40,8,75,5,0,109,0,114,8,24,149,8,189,202,20,222,411
12/14/2001,SLN,KS,ACE,CE,Federal Contract Tower,3,20,33,7,63,2,0,48,2,52,5,20,81,9,115,76,20,96,211
12/15/2001,SLN,KS,ACE,CE,Federal Contract Tower,1,10,15,4,30,5,1,28,21,55,6,11,43,25,85,36,22,58,143
12/16/2001,SLN,KS,ACE,CE,Federal Contract Tower,2,11,22,5,40,0,0,14,3,17,2,11,36,8,57,32,0,32,89
12/17/2001,SLN,KS,ACE,CE,Federal Contract Tower,2,20,28,2,52,2,1,95,0,98,4,21,123,2,150,104,2,106,256
12/18/2001,SLN,KS,ACE,CE,Federal Contract Tower,4,16,22,4,46,0,3,108,5,116,4,19,130,9,162,128,0,128,290
12/19/2001,SLN,KS,ACE,CE,Federal Contract Tower,4,14,19,3,40,0,2,108,1,111,4,16,127,4,151,120,0,120,271
12/20/2001,SLN,KS,ACE,CE,Federal Contract Tower,5,26,31,1,63,0,4,84,3,91,5,30,115,4,154,122,0,122,276
12/21/2001,SLN,KS,ACE,CE,Federal Contract Tower,6,21,17,3,47,0,0,58,1,59,6,21,75,4,106,84,46,130,236
12/22/2001,SLN,KS,ACE,CE,Federal Contract Tower,4,10,24,0,38,0,1,12,0,13,4,11,36,0,51,10,0,10,61
12/23/2001,SLN,KS,ACE,CE,Federal Contract Tower,4,12,24,0,40,0,0,18,0,18,4,12,42,0,58,14,0,14,72
12/24/2001,SLN,KS,ACE,CE,Federal Contract Tower,8,12,11,0,31,0,1,22,0,23,8,13,33,0,54,6,0,6,60
12/25/2001,SLN,KS,ACE,CE,Federal Contract Tower,0,1,8,0,9,0,0,11,0,11,0,1,19,0,20,4,0,4,24
12/26/2001,SLN,KS,ACE,CE,Federal Contract Tower,0,17,26,0,43,0,2,38,0,40,0,19,64,0,83,24,0,24,107
12/27/2001,SLN,KS,ACE,CE,Federal Contract Tower,4,25,33,7,69,0,0,35,6,41,4,25,68,13,110,30,4,34,144
12/28/2001,SLN,KS,ACE,CE,Federal Contract Tower,2,18,29,7,56,0,0,42,2,44,2,18,71,9,100,28,26,54,154
12/29/2001,SLN,KS,ACE,CE,Federal Contract Tower,0,10,9,0,19,0,0,26,0,26,0,10,35,0,45,50,0,50,95
12/30/2001,SLN,KS,ACE,CE,Federal Contract Tower,2,9,12,3,26,0,0,32,0,32,2,9,44,3,58,44,12,56,114
12/31/2001,SLN,KS,ACE,CE,Federal Contract Tower,0,10,4,0,14,0,0,29,0,29,0,10,33,0,43,18,0,18,61
01/01/2002,SLN,KS,ACE,CE,Federal Contract Tower,0,15,16,0,31,0,0,29,0,29,0,15,45,0,60,32,0,32,92
01/02/2002,SLN,KS,ACE,CE,Federal Contract Tower,2,25,44,0,71,0,0,29,0,29,2,25,73,0,100,24,0,24,124
01/03/2002,SLN,KS,ACE,CE,Federal Contract Tower,0,13,23,0,36,0,0,46,0,46,0,13,69,0,82,40,4,44,126
01/04/2002,SLN,KS,ACE,CE,Federal Contract Tower,0,15,41,0,56,0,0,49,7,56,0,15,90,7,112,30,14,44,156
01/05/2002,SLN,KS,ACE,CE,Federal Contract Tower,0,6,28,4,38,0,0,42,26,68,0,6,70,30,106,36,54,90,196
01/06/2002,SLN,KS,ACE,CE,Federal Contract Tower,0,15,31,0,46,0,0,25,2,27,0,15,56,2,73,22,0,22,95
01/07/2002,SLN,KS,ACE,CE,Federal Contract Tower,0,26,34,4,64,0,0,84,0,84,0,26,118,4,148,122,8,130,278
01/08/2002,SLN,KS,ACE,CE,Federal Contract Tower,0,15,30,10,55,0,1,101,6,108,0,16,131,16,163,106,42,148,311
01/09/2002,SLN,KS,ACE,CE,Federal Contract Tower,0,26,28,7,61,0,0,108,4,112,0,26,136,11,173,114,28,142,315
01/10/2002,SLN,KS,ACE,CE,Federal Contract Tower,0,20,36,17,73,0,0,77,4,81,0,20,113,21,154,64,62,126,280
01/11/2002,SLN,KS,ACE,CE,Federal Contract Tower,0,19,36,3,58,0,1,91,10,102,0,20,127,13,160,74,10,84,244
01/12/2002,SLN,KS,ACE,CE,Federal Contract Tower,0,5,15,0,20,0,0,56,2,58,0,5,71,2,78,42,10,52,130
01/13/2002,SLN,KS,ACE,CE,Federal Contract Tower,0,15,19,6,40,0,0,44,0,44,0,15,63,6,84,60,0,60,144
01/14/2002,SLN,KS,ACE,CE,Federal Contract Tower,0,18,24,6,48,0,0,33,0,33,0,18,57,6,81,52,6,58,139
01/15/2002,SLN,KS,ACE,CE,Federal Contract Tower,0,24,35,6,65,0,0,90,3,93,0,24,125,9,158,102,6,108,266
01/16/2002,SLN,KS,ACE,CE,Federal Contract Tower,0,25,19,12,56,0,0,34,3,37,0,25,53,15,93,62,22,84,177
01/17/2002,SLN,KS,ACE,CE,Federal Contract Tower,0,24,33,2,59,0,0,98,3,101,0,24,131,5,160,166,4,170,330
01/18/2002,SLN,KS,ACE,CE,Federal Contract Tower,0,16,34,1,51,0,0,53,1,54,0,16,87,2,105,72,0,72,177
01/19/2002,SLN,KS,ACE,CE,Federal Contract Tower,0,6,13,3,22,0,0,23,19,42,0,6,36,22,64,48,30,78,142
01/20/2002,SLN,KS,ACE,CE,Federal Contract Tower,0,9,24,2,35,0,1,28,0,29,0,10,52,2,64,32,0,32,96
01/21/2002,SLN,KS,ACE,CE,Federal Contract Tower,0,19,34,0,53,0,4,70,0,74,0,23,104,0,127,106,0,106,233
01/22/2002,SLN,KS,ACE,CE,Federal Contract Tower,0,20,27,8,55,0,0,135,8,143,0,20,162,16,198,134,20,154,352
01/23/2002,SLN,KS,ACE,CE,Federal Contract Tower,0,25,32,10,67,0,0,192,17,209,0,25,224,27,276,192,18,210,486
01/24/2002,SLN,KS,ACE,CE,Federal Contract Tower,0,29,34,8,71,0,0,167,1,168,0,29,201,9,239,152,12,164,403
01/25/2002,SLN,KS,ACE,CE,Federal Contract Tower,2,18,28,7,55,0,2,129,5,136,2,20,157,12,191,118,14,132,323
01/26/2002,SLN,KS,ACE,CE,Federal Contract Tower,0,7,16,6,29,0,0,102,1,103,0,7,118,7,132,158,0,158,290
01/27/2002,SLN,KS,ACE,CE,Federal Contract Tower,0,13,26,0,39,0,0,50,0,50,0,13,76,0,89,52,0,52,141
01/28/2002,SLN,KS,ACE,CE,Federal Contract Tower,0,17,44,3,64,0,0,98,1,99,0,17,142,4,163,98,2,100,263
01/29/2002,SLN,KS,ACE,CE,Federal Contract Tower,0,13,20,0,33,0,0,116,0,116,0,13,136,0,149,152,0,152,301
01/30/2002,SLN,KS,ACE,CE,Federal Contract Tower,0,4,16,0,20,0,0,0,0,0,0,4,16,0,20,0,0,0,20
01/31/2002,SLN,KS,ACE,CE,Federal Contract Tower,2,22,20,0,44,0,0,0,0,0,2,22,20,0,44,0,0,0,44
02/01/2002,SLN,KS,ACE,CE,Federal Contract Tower,0,22,34,0,56,0,0,80,10,90,0,22,114,10,146,86,4,90,236
02/02/2002,SLN,KS,ACE,CE,Federal Contract Tower,0,8,22,2,32,0,0,68,9,77,0,8,90,11,109,124,32,156,265
02/03/2002,SLN,KS,ACE,CE,Federal Contract Tower,0,11,8,0,19,0,0,44,2,46,0,11,52,2,65,40,2,42,107
02/04/2002,SLN,KS,ACE,CE,Federal Contract Tower,0,25,25,1,51,0,0,132,3,135,0,25,157,4,186,212,0,212,398
02/05/2002,SLN,KS,ACE,CE,Federal Contract Tower,4,21,37,0,62,0,0,120,1,121,4,21,157,1,183,190,0,190,373
02/06/2002,SLN,KS,ACE,CE,Federal Contract Tower,2,29,46,4,81,0,0,4,1,5,2,29,50,5,86,4,0,4,90
02/07/2002,SLN,KS,ACE,CE,Federal Contract Tower,0,13,32,2,47,0,0,190,13,203,0,13,222,15,250,250,8,258,508
02/08/2002,SLN,KS,ACE,CE,Federal Contract Tower,0,27,35,7,69,0,0,139,17,156,0,27,174,24,225,138,10,148,373
02/09/2002,SLN,KS,ACE,CE,Federal Contract Tower,0,9,7,3,19,0,0,5,1,6,0,9,12,4,25,12,0,12,37
02/10/2002,SLN,KS,ACE,CE,Federal Contract Tower,0,19,33,5,57,0,0,22,3,25,0,19,55,8,82,26,8,34,116
02/11/2002,SLN,KS,ACE,CE,Federal Contract Tower,0,19,46,10,75,0,0,157,1,158,0,19,203,11,233,136,26,162,395
02/12/2002,SLN,KS,ACE,CE,Federal Contract Tower,0,13,27,6,46,0,0,179,0,179,0,13,206,6,225,240,10,250,475
02/13/2002,SLN,KS,ACE,CE,Federal Contract Tower,0,19,40,2,61,0,1,175,4,180,0,20,215,6,241,212,0,212,453
02/14/2002,SLN,KS,ACE,CE,Federal Contract Tower,0,20,36,4,60,0,0,112,2,114,0,20,148,6,174,80,2,82,256
02/15/2002,SLN,KS,ACE,CE,Federal Contract Tower,0,22,36,6,64,0,0,161,1,162,0,22,197,7,226,152,0,152,378
02/16/2002,SLN,KS,ACE,CE,Federal Contract Tower,0,9,22,2,33,0,0,107,0,107,0,9,129,2,140,78,0,78,218
02/17/2002,SLN,KS,ACE,CE,Federal Contract Tower,0,5,18,2,25,0,0,40,0,40,0,5,58,2,65,28,0,28,93
02/18/2002,SLN,KS,ACE,CE,Federal Contract Tower,0,10,20,13,43,0,0,65,5,70,0,10,85,18,113,58,0,58,171
02/19/2002,SLN,KS,ACE,CE,Federal Contract Tower,0,32,69,19,120,0,0,11,1,12,0,32,80,20,132,20,8,28,160
02/20/2002,SLN,KS,ACE,CE,Federal Contract Tower,0,21,44,14,79,0,0,174,68,242,0,21,218,82,321,218,24,242,563
02/21/2002,SLN,KS,ACE,CE,Federal Contract Tower,0,23,30,4,57,0,0,208,77,285,0,23,238,81,342,188,12,200,542
02/22/2002,SLN,KS,ACE,CE,Federal Contract Tower,0,18,19,3,40,0,1,166,106,273,0,19,185,109,313,139,16,155,468
02/23/2002,SLN,KS,ACE,CE,Federal Contract Tower,0,21,16,3,40,0,0,109,97,206,0,21,125,100,246,104,10,114,360
02/24/2002,SLN,KS,ACE,CE,Federal Contract Tower,0,13,34,2,49,0,0,31,0,31,0,13,65,2,80,34,0,34,114
02/25/2002,SLN,KS,ACE,CE,Federal Contract Tower,0,7,29,6,42,0,0,9,10,19,0,7,38,16,61,12,0,12,73
02/26/2002,SLN,KS,ACE,CE,Federal Contract Tower,0,19,31,3,53,0,1,44,0,45,0,20,75,3,98,48,0,48,146
02/27/2002,SLN,KS,ACE,CE,Federal Contract Tower,0,24,48,9,81,0,1,153,81,235,0,25,201,90,316,204,20,224,540
02/28/2002,SLN,KS,ACE,CE,Federal Contract Tower,0,21,41,14,76,0,0,207,113,320,0,21,248,127,396,306,12,318,714
03/01/2002,SLN,KS,ACE,CE,Federal Contract Tower,0,14,20,2,36,0,0,12,0,12,0,14,32,2,48,20,0,20,68
03/02/2002,SLN,KS,ACE,CE,Federal Contract Tower,0,1,14,0,15,0,0,6,20,26,0,1,20,20,41,0,0,0,41
03/03/2002,SLN,KS,ACE,CE,Federal Contract Tower,0,7,44,13,64,0,0,7,25,32,0,7,51,38,96,36,0,36,132
03/04/2002,SLN,KS,ACE,CE,Federal Contract Tower,0,12,25,2,39,0,0,153,0,153,0,12,178,2,192,170,2,172,364
03/05/2002,SLN,KS,ACE,CE,Federal Contract Tower,0,22,41,3,66,0,0,182,1,183,0,22,223,4,249,228,0,228,477
03/06/2002,SLN,KS,ACE,CE,Federal Contract Tower,0,30,42,1,73,0,0,141,0,141,0,30,183,1,214,206,0,206,420
03/07/2002,SLN,KS,ACE,CE,Federal Contract Tower,0,23,33,2,58,0,0,24,0,24,0,23,57,2,82,54,0,54,136
03/08/2002,SLN,KS,ACE,CE,Federal Contract Tower,0,12,12,0,24,0,0,0,0,0,0,12,12,0,24,0,0,0,24
03/09/2002,SLN,KS,ACE,CE,Federal Contract Tower,0,24,24,2,50,0,0,60,0,60,0,24,84,2,110,58,0,58,168
03/10/2002,SLN,KS,ACE,CE,Federal Contract Tower,2,10,33,0,45,0,0,55,0,55,2,10,88,0,100,38,0,38,138
03/11/2002,SLN,KS,ACE,CE,Federal Contract Tower,0,9,37,2,48,0,0,152,1,153,0,9,189,3,201,226,0,226,427
03/12/2002,SLN,KS,ACE,CE,Federal Contract Tower,2,8,43,6,59,0,1,173,0,174,2,9,216,6,233,216,28,244,477
03/13/2002,SLN,KS,ACE,CE,Federal Contract Tower,2,18,32,12,64,0,0,176,8,184,2,18,208,20,248,292,42,334,582
03/14/2002,SLN,KS,ACE,CE,Federal Contract Tower,0,37,47,6,90,0,0,91,10,101,0,37,138,16,191,90,22,112,303
03/15/2002,SLN,KS,ACE,CE,Federal Contract Tower,2,26,41,4,73,0,0,89,7,96,2,26,130,11,169,178,14,192,361
03/16/2002,SLN,KS,ACE,CE,Federal Contract Tower,1,11,18,2,32,0,0,47,0,47,1,11,65,2,79,38,0,38,117
03/17/2002,SLN,KS,ACE,CE,Federal Contract Tower,0,12,46,3,61,0,0,63,3,66,0,12,109,6,127,48,4,52,179
03/18/2002,SLN,KS,ACE,CE,Federal Contract Tower,0,17,50,4,71,0,2,50,4,56,0,19,100,8,127,88,4,92,219
03/19/2002,SLN,KS,ACE,CE,Federal Contract Tower,0,19,28,2,49,0,0,0,0,0,0,19,28,2,49,0,0,0,49
03/20/2002,SLN,KS,ACE,CE,Federal Contract Tower,0,15,30,8,53,0,0,71,9,80,0,15,101,17,133,64,18,82,215
03/21/2002,SLN,KS,ACE,CE,Federal Contract Tower,0,35,45,9,89,0,0,47,5,52,0,35,92,14,141,62,36,98,239
03/22/2002,SLN,KS,ACE,CE,Federal Contract Tower,0,30,34,10,74,0,0,59,3,62,0,30,93,13,136,78,22,100,236
03/23/2002,SLN,KS,ACE,CE,Federal Contract Tower,0,13,37,0,50,0,0,74,0,74,0,13,111,0,124,80,0,80,204
03/24/2002,SLN,KS,ACE,CE,Federal Contract Tower,2,22,36,0,60,0,0,7,0,7,2,22,43,0,67,0,0,0,67
03/25/2002,SLN,KS,ACE,CE,Federal Contract Tower,0,13,35,10,58,0,0,6,0,6,0,13,41,10,64,0,0,0,64
03/26/2002,SLN,KS,ACE,CE,Federal Contract Tower,0,8,36,9,53,0,0,198,4,202,0,8,234,13,255,256,34,290,545
03/27/2002,SLN,KS,ACE,CE,Federal Contract Tower,0,13,38,11,62,0,0,132,2,134,0,13,170,13,196,178,24,202,398
03/28/2002,SLN,KS,ACE,CE,Federal Contract Tower,0,17,47,5,69,0,0,201,7,208,0,17,248,12,277,258,8,266,543
03/29/2002,SLN,KS,ACE,CE,Federal Contract Tower,0,20,36,4,60,0,0,135,7,142,0,20,171,11,202,206,26,232,434
03/30/2002,SLN,KS,ACE,CE,Federal Contract Tower,0,11,23,0,34,0,0,71,2,73,0,11,94,2,107,144,0,144,251
03/31/2002,SLN,KS,ACE,CE,Federal Contract Tower,0,11,26,2,39,0,0,38,0,38,0,11,64,2,77,26,2,28,105
04/01/2002,SLN,KS,ACE,CE,Federal Contract Tower,0,19,35,12,66,0,0,106,5,111,0,19,141,17,177,130,24,154,331
04/02/2002,SLN,KS,ACE,CE,Federal Contract Tower,0,24,28,15,67,0,0,20,0,20,0,24,48,15,87,36,40,76,163
04/03/2002,SLN,KS,ACE,CE,Federal Contract Tower,0,19,29,12,60,0,0,178,6,184,0,19,207,18,244,226,38,264,508
04/04/2002,SLN,KS,ACE,CE,Federal Contract Tower,0,23,44,10,77,0,0,162,13,175,0,23,206,23,252,240,34,274,526
04/05/2002,SLN,KS,ACE,CE,Federal Contract Tower,2,21,24,3,50,0,0,88,11,99,2,21,112,14,149,118,26,144,293
04/06/2002,SLN,KS,ACE,CE,Federal Contract Tower,0,11,33,2,46,0,0,33,2,35,0,11,66,4,81,46,0,46,127
04/07/2002,SLN,KS,ACE,CE,Federal Contract Tower,0,11,36,0,47,0,0,7,2,9,0,11,43,2,56,8,2,10,66
04/08/2002,SLN,KS,ACE,CE,Federal Contract Tower,0,9,39,0,48,0,0,2,0,2,0,9,41,0,50,2,0,2,52
04/09/2002,SLN,KS,ACE,CE,Federal Contract Tower,0,16,28,2,46,0,0,192,0,192,0,16,220,2,238,336,50,386,624
04/10/2002,SLN,KS,ACE,CE,Federal Contract Tower,0,15,29,17,61,0,0,109,0,109,0,15,138,17,170,106,86,192,362
04/11/2002,SLN,KS,ACE,CE,Federal Contract Tower,0,13,35,0,48,0,0,92,6,98,0,13,127,6,146,134,6,140,286
04/12/2002,SLN,KS,ACE,CE,Federal Contract Tower,2,16,40,0,58,0,1,75,11,87,2,17,115,11,145,158,26,184,329
04/13/2002,SLN,KS,ACE,CE,Federal Contract Tower,0,9,43,0,52,0,0,43,0,43,0,9,86,0,95,32,0,32,127
04/14/2002,SLN,KS,ACE,CE,Federal Contract Tower,0,4,23,0,27,0,0,71,1,72,0,4,94,1,99,106,0,106,205
04/15/2002,SLN,KS,ACE,CE,Federal Contract Tower,0,13,42,9,64,0,0,68,1,69,0,13,110,10,133,74,24,98,231
04/16/2002,SLN,KS,ACE,CE,Federal Contract Tower,0,26,27,12,65,0,0,46,1,47,0,26,73,13,112,66,44,110,222
04/17/2002,SLN,KS,ACE,CE,Federal Contract Tower,0,15,46,23,84,0,0,132,8,140,0,15,178,31,224,218,10,228,452
04/18/2002,SLN,KS,ACE,CE,Federal Contract Tower,0,15,55,3,73,0,0,123,12,135,0,15,178,15,208,140,48,188,396
04/19/2002,SLN,KS,ACE,CE,Federal Contract Tower,0,18,52,3,73,0,1,17,18,36,0,19,69,21,109,108,32,140,249
04/20/2002,SLN,KS,ACE,CE,Federal Contract Tower,0,8,12,1,21,0,0,6,4,10,0,8,18,5,31,26,4,30,61
04/21/2002,SLN,KS,ACE,CE,Federal Contract Tower,0,8,37,6,51,0,0,43,1,44,0,8,80,7,95,64,2,66,161
04/22/2002,SLN,KS,ACE,CE,Federal Contract Tower,0,15,25,6,46,0,0,169,1,170,0,15,194,7,216,254,8,262,478
04/23/2002,SLN,KS,ACE,CE,Federal Contract Tower,2,19,59,6,86,0,0,79,0,79,2,19,138,6,165,182,20,202,367
04/24/2002,SLN,KS,ACE,CE,Federal Contract Tower,0,14,27,9,50,0,0,37,3,40,0,14,64,12,90,38,14,52,142
04/25/2002,SLN,KS,ACE,CE,Federal Contract Tower,2,18,43,3,66,0,2,179,8,189,2,20,222,11,255,204,42,246,501
04/26/2002,SLN,KS,ACE,CE,Federal Contract Tower,2,7,39,10,58,0,0,0,4,4,2,7,39,14,62,4,14,18,80
04/27/2002,SLN,KS,ACE,CE,Federal Contract Tower,0,8,16,0,24,0,0,11,0,11,0,8,27,0,35,8,0,8,43
04/28/2002,SLN,KS,ACE,CE,Federal Contract Tower,0,5,26,0,31,0,0,83,0,83,0,5,109,0,114,54,0,54,168
04/29/2002,SLN,KS,ACE,CE,Federal Contract Tower,0,13,29,6,48,0,0,140,1,141,0,13,169,7,189,180,34,214,403
04/30/2002,SLN,KS,ACE,CE,Federal Contract Tower,0,26,54,6,86,0,0,107,2,109,0,26,161,8,195,238,2,240,435
05/01/2002,SLN,KS,ACE,CE,Federal Contract Tower,0,21,49,13,83,0,0,0,9,9,0,21,49,22,92,0,8,8,100
05/02/2002,SLN,KS,ACE,CE,Federal Contract Tower,0,15,43,9,67,0,0,178,1,179,0,15,221,10,246,216,28,244,490
05/03/2002,SLN,KS,ACE,CE,Federal Contract Tower,0,13,35,3,51,0,0,123,5,128,0,13,158,8,179,176,24,200,379
05/04/2002,SLN,KS,ACE,CE,Federal Contract Tower,0,13,33,4,50,0,0,66,3,69,0,13,99,7,119,52,8,60,179
05/05/2002,SLN,KS,ACE,CE,Federal Contract Tower,0,12,39,0,51,0,1,35,3,39,0,13,74,3,90,10,0,10,100
05/06/2002,SLN,KS,ACE,CE,Federal Contract Tower,2,13,37,11,63,0,0,127,0,127,2,13,164,11,190,140,24,164,354
05/07/2002,SLN,KS,ACE,CE,Federal Contract Tower,0,23,38,1,62,0,0,47,7,54,0,23,85,8,116,82,16,98,214
05/08/2002,SLN,KS,ACE,CE,Federal Contract Tower,4,17,36,11,68,0,0,90,3,93,4,17,126,14,161,118,22,140,301
05/09/2002,SLN,KS,ACE,CE,Federal Contract Tower,0,20,30,8,58,0,0,184,7,191,0,20,214,15,249,194,2,196,445
05/10/2002,SLN,KS,ACE,CE,Federal Contract Tower,0,16,32,4,52,0,0,84,0,84,0,16,116,4,136,104,10,114,250
05/11/2002,SLN,KS,ACE,CE,Federal Contract Tower,0,7,10,4,21,0,0,22,0,22,0,7,32,4,43,8,0,8,51
05/12/2002,SLN,KS,ACE,CE,Federal Contract Tower,0,6,31,4,41,0,1,17,0,18,0,7,48,4,59,0,0,0,59
05/13/2002,SLN,KS,ACE,CE,Federal Contract Tower,0,22,45,10,77,0,0,125,6,131,0,22,170,16,208,120,12,132,340
05/14/2002,SLN,KS,ACE,CE,Federal Contract Tower,0,17,20,5,42,0,0,108,3,111,0,17,128,8,153,160,4,164,317
05/15/2002,SLN,KS,ACE,CE,Federal Contract Tower,0,24,29,16,69,0,0,62,2,64,0,24,91,18,133,60,46,106,239
05/16/2002,SLN,KS,ACE,CE,Federal Contract Tower,0,18,37,8,63,0,0,60,16,76,0,18,97,24,139,112,38,150,289
05/17/2002,SLN,KS,ACE,CE,Federal Contract Tower,2,15,38,7,62,0,0,67,4,71,2,15,105,11,133,74,48,122,255
05/18/2002,SLN,KS,ACE,CE,Federal Contract Tower,0,8,18,0,26,0,0,63,3,66,0,8,81,3,92,54,8,62,154
05/19/2002,SLN,KS,ACE,CE,Federal Contract Tower,0,11,47,4,62,0,0,35,2,37,0,11,82,6,99,22,16,38,137
05/20/2002,SLN,KS,ACE,CE,Federal Contract Tower,0,26,36,6,68,0,0,76,0,76,0,26,112,6,144,94,38,132,276
05/21/2002,SLN,KS,ACE,CE,Federal Contract Tower,0,14,22,15,51,0,0,71,1,72,0,14,93,16,123,66,62,128,251
05/22/2002,SLN,KS,ACE,CE,Federal Contract Tower,0,19,40,8,67,0,0,30,0,30,0,19,70,8,97,6,56,62,159
05/23/2002,SLN,KS,ACE,CE,Federal Contract Tower,0,24,37,3,64,0,0,50,0,50,0,24,87,3,114,50,30,80,194
05/24/2002,SLN,KS,ACE,CE,Federal Contract Tower,0,14,35,0,49,0,0,0,0,0,0,14,35,0,49,6,0,6,55
05/25/2002,SLN,KS,ACE,CE,Federal Contract Tower,0,7,22,0,29,0,0,55,0,55,0,7,77,0,84,86,0,86,170
05/26/2002,SLN,KS,ACE,CE,Federal Contract Tower,0,8,19,0,27,0,0,38,0,38,0,8,57,0,65,10,0,10,75
05/27/2002,SLN,KS,ACE,CE,Federal Contract Tower,0,10,22,0,32,0,0,35,0,35,0,10,57,0,67,12,0,12,79
05/28/2002,SLN,KS,ACE,CE,Federal Contract Tower,0,15,41,15,71,0,0,88,2,90,0,15,129,17,161,88,26,114,275
05/29/2002,SLN,KS,ACE,CE,Federal Contract Tower,0,14,28,13,55,0,0,118,4,122,0,14,146,17,177,138,28,166,343
05/30/2002,SLN,KS,ACE,CE,Federal Contract Tower,0,22,38,6,66,0,0,75,4,79,0,22,113,10,145,110,10,120,265
05/31/2002,SLN,KS,ACE,CE,Federal Contract Tower,0,11,55,8,74,0,0,65,12,77,0,11,120,20,151,74,32,106,257
06/01/2002,SLN,KS,ACE,CE,Federal Contract Tower,0,9,21,5,35,0,0,52,1,53,0,9,73,6,88,60,10,70,158
06/02/2002,SLN,KS,ACE,CE,Federal Contract Tower,0,18,31,1,50,0,0,29,3,32,0,18,60,4,82,42,0,42,124
06/03/2002,SLN,KS,ACE,CE,Federal Contract Tower,0,21,42,2,65,0,0,54,0,54,0,21,96,2,119,78,0,78,197
06/04/2002,SLN,KS,ACE,CE,Federal Contract Tower,0,24,20,0,44,0,1,17,3,21,0,25,37,3,65,44,14,58,123
06/05/2002,SLN,KS,ACE,CE,Federal Contract Tower,0,18,39,10,67,0,2,83,6,91,0,20,122,16,158,188,56,244,402
06/06/2002,SLN,KS,ACE,CE,Federal Contract Tower,0,19,29,3,51,0,0,95,2,97,0,19,124,5,148,154,26,180,328
06/07/2002,SLN,KS,ACE,CE,Federal Contract Tower,0,13,55,3,71,0,0,83,6,89,0,13,138,9,160,88,0,88,248
06/08/2002,SLN,KS,ACE,CE,Federal Contract Tower,0,7,17,7,31,0,0,39,23,62,0,7,56,30,93,14,0,14,107
06/09/2002,SLN,KS,ACE,CE,Federal Contract Tower,0,6,23,6,35,0,0,17,1,18,0,6,40,7,53,14,0,14,67
06/10/2002,SLN,KS,ACE,CE,Federal Contract Tower,0,15,31,2,48,0,0,50,0,50,0,15,81,2,98,74,0,74,172
06/11/2002,SLN,KS,ACE,CE,Federal Contract Tower,0,13,25,0,38,0,0,57,0,57,0,13,82,0,95,52,0,52,147
06/12/2002,SLN,KS,ACE,CE,Federal Contract Tower,0,15,31,0,46,0,1,69,0,70,0,16,100,0,116,134,0,134,250
06/13/2002,SLN,KS,ACE,CE,Federal Contract Tower,0,19,39,12,70,0,2,60,2,64,0,21,99,14,134,80,14,94,228
06/14/2002,SLN,KS,ACE,CE,Federal Contract Tower,0,28,40,9,77,0,1,99,2,102,0,29,139,11,179,78,12,90,269
06/15/2002,SLN,KS,ACE,CE,Federal Contract Tower,0,6,19,3,28,0,0,25,1,26,0,6,44,4,54,16,0,16,70
06/16/2002,SLN,KS,ACE,CE,Federal Contract Tower,0,19,18,3,40,0,0,61,3,64,0,19,79,6,104,8,2,10,114
06/17/2002,SLN,KS,ACE,CE,Federal Contract Tower,0,17,43,13,73,0,6,73,3,82,0,23,116,16,155,44,10,54,209
06/18/2002,SLN,KS,ACE,CE,Federal Contract Tower,0,15,29,2,46,0,0,46,0,46,0,15,75,2,92,34,0,34,126
06/19/2002,SLN,KS,ACE,CE,Federal Contract Tower,0,22,20,8,50,0,0,55,2,57,0,22,75,10,107,32,0,32,139
06/20/2002,SLN,KS,ACE,CE,Federal Contract Tower,0,24,35,3,62,0,0,98,3,101,0,24,133,6,163,80,0,80,243
06/21/2002,SLN,KS,ACE,CE,Federal Contract Tower,0,14,46,0,60,0,0,69,0,69,0,14,115,0,129,60,0,60,189
06/22/2002,SLN,KS,ACE,CE,Federal Contract Tower,0,9,24,2,35,0,0,49,2,51,0,9,73,4,86,22,0,22,108
06/23/2002,SLN,KS,ACE,CE,Federal Contract Tower,1,8,29,2,40,0,0,55,0,55,1,8,84,2,95,30,0,30,125
06/24/2002,SLN,KS,ACE,CE,Federal Contract Tower,0,11,44,7,62,0,0,85,12,97,0,11,129,19,159,94,52,146,305
06/25/2002,SLN,KS,ACE,CE,Federal Contract Tower,0,11,45,8,64,0,8,98,0,106,0,19,143,8,170,120,14,134,304
06/26/2002,SLN,KS,ACE,CE,Federal Contract Tower,0,15,52,2,69,0,0,101,3,104,0,15,153,5,173,118,4,122,295
06/27/2002,SLN,KS,ACE,CE,Federal Contract Tower,0,12,31,4,47,0,0,88,4,92,0,12,119,8,139,114,44,158,297
06/28/2002,SLN,KS,ACE,CE,Federal Contract Tower,0,16,32,0,48,0,0,92,0,92,0,16,124,0,140,50,0,50,190
06/29/2002,SLN,KS,ACE,CE,Federal Contract Tower,0,7,9,4,20,0,0,39,0,39,0,7,48,4,59,16,0,16,75
06/30/2002,SLN,KS,ACE,CE,Federal Contract Tower,0,8,41,4,53,0,0,35,0,35,0,8,76,4,88,38,0,38,126
07/01/2002,SLN,KS,ACE,CE,Federal Contract Tower,0,15,37,9,61,0,0,49,1,50,0,15,86,10,111,52,40,92,203
07/02/2002,SLN,KS,ACE,CE,Federal Contract Tower,1,19,30,7,57,0,0,51,0,51,1,19,81,7,108,64,14,78,186
07/03/2002,SLN,KS,ACE,CE,Federal Contract Tower,2,22,34,8,66,0,0,79,0,79,2,22,113,8,145,70,14,84,229
07/04/2002,SLN,KS,ACE,CE,Federal Contract Tower,0,3,8,0,11,0,0,54,0,54,0,3,62,0,65,44,0,44,109
07/05/2002,SLN,KS,ACE,CE,Federal Contract Tower,0,17,18,0,35,0,0,42,4,46,0,17,60,4,81,16,2,18,99
07/06/2002,SLN,KS,ACE,CE,Federal Contract Tower,0,9,14,0,23,0,0,30,0,30,0,9,44,0,53,8,0,8,61
07/07/2002,SLN,KS,ACE,CE,Federal Contract Tower,0,25,38,2,65,0,0,22,0,22,0,25,60,2,87,16,0,16,103
07/08/2002,SLN,KS,ACE,CE,Federal Contract Tower,0,13,41,17,71,0,0,80,8,88,0,13,121,25,159,120,86,206,365
07/09/2002,SLN,KS,ACE,CE,Federal Contract Tower,0,28,32,7,67,0,2,98,10,110,0,30,130,17,177,134,48,182,359
07/10/2002,SLN,KS,ACE,CE,Federal Contract Tower,0,16,32,5,53,0,0,83,5,88,0,16,115,10,141,80,16,96,237
07/11/2002,SLN,KS,ACE,CE,Federal Contract Tower,0,26,32,18,76,0,0,96,7,103,0,26,128,25,179,122,24,146,325
07/12/2002,SLN,KS,ACE,CE,Federal Contract Tower,0,11,28,17,56,0,0,85,11,96,0,11,113,28,152,96,70,166,318
07/13/2002,SLN,KS,ACE,CE,Federal Contract Tower,0,5,20,0,25,0,0,51,8,59,0,5,71,8,84,6,0,6,90
07/14/2002,SLN,KS,ACE,CE,Federal Contract Tower,0,13,22,0,35,0,0,53,1,54,0,13,75,1,89,38,0,38,127
07/15/2002,SLN,KS,ACE,CE,Federal Contract Tower,0,14,39,5,58,0,0,85,1,86,0,14,124,6,144,134,12,146,290
07/16/2002,SLN,KS,ACE,CE,Federal Contract Tower,0,15,20,18,53,0,1,111,15,127,0,16,131,33,180,140,64,204,384
07/17/2002,SLN,KS,ACE,CE,Federal Contract Tower,0,14,39,17,70,0,0,118,6,124,0,14,157,23,194,182,82,264,458
07/18/2002,SLN,KS,ACE,CE,Federal Contract Tower,0,28,31,11,70,0,0,71,12,83,0,28,102,23,153,92,50,142,295
07/19/2002,SLN,KS,ACE,CE,Federal Contract Tower,0,16,40,4,60,0,0,105,8,113,0,16,145,12,173,108,12,120,293
07/20/2002,SLN,KS,ACE,CE,Federal Contract Tower,0,9,27,0,36,0,0,46,2,48,0,9,73,2,84,36,0,36,120
07/21/2002,SLN,KS,ACE,CE,Federal Contract Tower,0,10,39,0,49,0,0,35,4,39,0,10,74,4,88,6,0,6,94
07/22/2002,SLN,KS,ACE,CE,Federal Contract Tower,0,16,33,8,57,0,1,72,1,74,0,17,105,9,131,160,18,178,309
07/23/2002,SLN,KS,ACE,CE,Federal Contract Tower,0,16,38,12,66,0,0,87,7,94,0,16,125,19,160,182,68,250,410
07/24/2002,SLN,KS,ACE,CE,Federal Contract Tower,0,17,44,9,70,0,0,100,12,112,0,17,144,21,182,132,76,208,390
07/25/2002,SLN,KS,ACE,CE,Federal Contract Tower,0,14,45,15,74,0,1,72,0,73,0,15,117,15,147,64,46,110,257
07/26/2002,SLN,KS,ACE,CE,Federal Contract Tower,0,14,44,13,71,0,1,56,0,57,0,15,100,13,128,86,74,160,288
07/27/2002,SLN,KS,ACE,CE,Federal Contract Tower,0,7,13,2,22,0,0,46,0,46,0,7,59,2,68,34,0,34,102
07/28/2002,SLN,KS,ACE,CE,Federal Contract Tower,0,15,32,7,54,0,0,47,9,56,0,15,79,16,110,12,0,12,122
07/29/2002,SLN,KS,ACE,CE,Federal Contract Tower,0,9,44,31,84,0,2,70,0,72,0,11,114,31,156,66,86,152,308
07/30/2002,SLN,KS,ACE,CE,Federal Contract Tower,0,13,29,6,48,0,1,71,3,75,0,14,100,9,123,134,16,150,273
07/31/2002,SLN,KS,ACE,CE,Federal Contract Tower,4,22,42,13,81,0,0,65,13,78,4,22,107,26,159,106,32,138,297
08/01/2002,SLN,KS,ACE,CE,Federal Contract Tower,0,19,33,5,57,0,1,74,8,83,0,20,107,13,140,74,22,96,236
08/02/2002,SLN,KS,ACE,CE,Federal Contract Tower,0,19,35,14,68,0,0,67,5,72,0,19,102,19,140,86,48,134,274
08/03/2002,SLN,KS,ACE,CE,Federal Contract Tower,0,9,35,4,48,0,0,57,2,59,0,9,92,6,107,42,8,50,157
08/04/2002,SLN,KS,ACE,CE,Federal Contract Tower,2,9,33,5,49,0,0,38,4,42,2,9,71,9,91,44,8,52,143
08/05/2002,SLN,KS,ACE,CE,Federal Contract Tower,0,15,45,0,60,0,0,59,0,59,0,15,104,0,119,74,0,74,193
08/06/2002,SLN,KS,ACE,CE,Federal Contract Tower,0,16,31,11,58,0,3,60,5,68,0,19,91,16,126,86,46,132,258
08/07/2002,SLN,KS,ACE,CE,Federal Contract Tower,2,17,24,14,57,0,0,70,0,70,2,17,94,14,127,128,50,178,305
08/08/2002,SLN,KS,ACE,CE,Federal Contract Tower,0,15,41,6,62,0,0,59,8,67,0,15,100,14,129,90,20,110,239
08/09/2002,SLN,KS,ACE,CE,Federal Contract Tower,2,10,20,0,32,0,0,33,20,53,2,10,53,20,85,24,16,40,125
08/10/2002,SLN,KS,ACE,CE,Federal Contract Tower,0,13,19,2,34,0,0,53,1,54,0,13,72,3,88,52,0,52,140
08/11/2002,SLN,KS,ACE,CE,Federal Contract Tower,0,14,40,3,57,0,2,42,1,45,0,16,82,4,102,36,8,44,146
08/12/2002,SLN,KS,ACE,CE,Federal Contract Tower,0,16,16,2,34,0,1,32,16,49,0,17,48,18,83,70,4,74,157
08/13/2002,SLN,KS,ACE,CE,Federal Contract Tower,0,16,28,0,44,0,1,47,17,65,0,17,75,17,109,132,6,138,247
08/14/2002,SLN,KS,ACE,CE,Federal Contract Tower,0,16,48,24,88,0,0,96,11,107,0,16,144,35,195,148,48,196,391
08/15/2002,SLN,KS,ACE,CE,Federal Contract Tower,0,17,30,18,65,0,0,70,16,86,0,17,100,34,151,94,60,154,305
08/16/2002,SLN,KS,ACE,CE,Federal Contract Tower,0,22,43,21,86,0,1,34,27,62,0,23,77,48,148,52,36,88,236
08/17/2002,SLN,KS,ACE,CE,Federal Contract Tower,0,15,26,6,47,0,0,16,3,19,0,15,42,9,66,14,10,24,90
08/18/2002,SLN,KS,ACE,CE,Federal Contract Tower,0,14,33,12,59,0,9,31,15,55,0,23,64,27,114,28,88,116,230
08/19/2002,SLN,KS,ACE,CE,Federal Contract Tower,0,23,32,16,71,0,0,21,8,29,0,23,53,24,100,26,2,28,128
08/20/2002,SLN,KS,ACE,CE,Federal Contract Tower,0,23,21,8,52,0,0,43,19,62,0,23,64,27,114,28,88,116,230
08/21/2002,SLN,KS,ACE,CE,Federal Contract Tower,0,12,23,18,53,0,0,33,30,63,0,12,56,48,116,32,36,68,184
08/22/2002,SLN,KS,ACE,CE,Federal Contract Tower,0,20,37,8,65,0,0,64,18,82,0,20,101,26,147,64,2,66,213
08/23/2002,SLN,KS,ACE,CE,Federal Contract Tower,0,15,34,11,60,0,3,72,8,83,0,18,106,19,143,92,14,106,249
08/24/2002,SLN,KS,ACE,CE,Federal Contract Tower,0,8,13,0,21,0,0,46,0,46,0,8,59,0,67,46,0,46,113
08/25/2002,SLN,KS,ACE,CE,Federal Contract Tower,0,6,16,6,28,0,0,30,0,30,0,6,46,6,58,24,4,28,86
08/26/2002,SLN,KS,ACE,CE,Federal Contract Tower,0,15,43,12,70,0,1,63,0,64,0,16,106,12,134,84,2,86,220
08/27/2002,SLN,KS,ACE,CE,Federal Contract Tower,0,21,24,2,47,0,0,123,1,124,0,21,147,3,171,174,6,180,351
08/28/2002,SLN,KS,ACE,CE,Federal Contract Tower,2,13,34,0,49,0,0,109,2,111,2,13,143,2,160,116,0,116,276
08/29/2002,SLN,KS,ACE,CE,Federal Contract Tower,0,24,26,8,58,0,0,129,3,132,0,24,155,11,190,152,50,202,392
08/30/2002,SLN,KS,ACE,CE,Federal Contract Tower,2,16,36,6,60,0,1,79,1,81,2,17,115,7,141,98,36,134,275
08/31/2002,SLN,KS,ACE,CE,Federal Contract Tower,0,9,13,0,22,0,0,39,0,39,0,9,52,0,61,10,0,10,71
09/01/2002,SLN,KS,ACE,CE,Federal Contract Tower,6,12,13,0,31,0,0,48,0,48,6,12,61,0,79,24,0,24,103
09/02/2002,SLN,KS,ACE,CE,Federal Contract Tower,0,12,31,2,45,0,0,53,0,53,0,12,84,2,98,40,0,40,138
09/03/2002,SLN,KS,ACE,CE,Federal Contract Tower,0,19,32,6,57,0,1,136,0,137,0,20,168,6,194,186,6,192,386
09/04/2002,SLN,KS,ACE,CE,Federal Contract Tower,0,15,28,18,61,0,0,164,8,172,0,15,192,26,233,148,40,188,421
09/05/2002,SLN,KS,ACE,CE,Federal Contract Tower,0,21,45,10,76,0,0,165,4,169,0,21,210,14,245,148,8,156,401
09/06/2002,SLN,KS,ACE,CE,Federal Contract Tower,0,17,28,11,56,0,0,166,2,168,0,17,194,13,224,148,24,172,396
09/07/2002,SLN,KS,ACE,CE,Federal Contract Tower,0,7,24,9,40,0,1,69,7,77,0,8,93,16,117,50,8,58,175
09/08/2002,SLN,KS,ACE,CE,Federal Contract Tower,0,11,34,7,52,0,0,46,18,64,0,11,80,25,116,46,6,52,168
09/09/2002,SLN,KS,ACE,CE,Federal Contract Tower,0,13,42,9,64,0,0,142,0,142,0,13,184,9,206,288,20,308,514
09/10/2002,SLN,KS,ACE,CE,Federal Contract Tower,0,26,25,9,60,0,0,103,0,103,0,26,128,9,163,176,46,222,385
09/11/2002,SLN,KS,ACE,CE,Federal Contract Tower,0,14,19,19,52,0,0,205,4,209,0,14,224,23,261,281,50,331,592
09/12/2002,SLN,KS,ACE,CE,Federal Contract Tower,0,24,40,18,82,0,0,89,3,92,0,24,129,21,174,122,40,162,336
09/13/2002,SLN,KS,ACE,CE,Federal Contract Tower,2,17,31,1,51,0,2,45,7,54,2,19,76,8,105,110,0,110,215
09/14/2002,SLN,KS,ACE,CE,Federal Contract Tower,0,3,28,0,31,0,0,27,0,27,0,3,55,0,58,42,0,42,100
09/15/2002,SLN,KS,ACE,CE,Federal Contract Tower,0,11,24,5,40,0,0,72,3,75,0,11,96,8,115,66,10,76,191
09/16/2002,SLN,KS,ACE,CE,Federal Contract Tower,0,12,38,9,59,0,0,193,0,193,0,12,231,9,252,318,16,334,586
09/17/2002,SLN,KS,ACE,CE,Federal Contract Tower,0,16,39,10,65,0,1,155,2,158,0,17,194,12,223,220,62,282,505
09/18/2002,SLN,KS,ACE,CE,Federal Contract Tower,0,22,28,10,60,0,0,156,5,161,0,22,184,15,221,223,52,275,496
09/19/2002,SLN,KS,ACE,CE,Federal Contract Tower,0,22,53,6,81,0,0,98,2,100,0,22,151,8,181,128,34,162,343
09/20/2002,SLN,KS,ACE,CE,Federal Contract Tower,0,17,19,5,41,0,0,165,0,165,0,17,184,5,206,214,54,268,474
09/21/2002,SLN,KS,ACE,CE,Federal Contract Tower,0,7,12,0,19,0,0,65,0,65,0,7,77,0,84,38,0,38,122
09/22/2002,SLN,KS,ACE,CE,Federal Contract Tower,0,13,27,3,43,0,0,79,1,80,0,13,106,4,123,62,0,62,185
09/23/2002,SLN,KS,ACE,CE,Federal Contract Tower,2,20,36,9,67,0,0,182,3,185,2,20,218,12,252,376,6,382,634
09/24/2002,SLN,KS,ACE,CE,Federal Contract Tower,0,22,28,11,61,0,0,166,7,173,0,22,194,18,234,246,46,292,526
09/25/2002,SLN,KS,ACE,CE,Federal Contract Tower,0,38,43,12,93,0,0,190,24,214,0,38,233,36,307,338,44,382,689
09/26/2002,SLN,KS,ACE,CE,Federal Contract Tower,0,20,41,6,67,0,0,157,0,157,0,20,198,6,224,286,2,288,512
09/27/2002,SLN,KS,ACE,CE,Federal Contract Tower,2,22,42,8,74,0,0,94,5,99,2,22,136,13,173,142,2,144,317
09/28/2002,SLN,KS,ACE,CE,Federal Contract Tower,0,5,17,1,23,0,0,67,1,68,0,5,84,2,91,118,0,118,209
09/29/2002,SLN,KS,ACE,CE,Federal Contract Tower,0,24,36,6,66,0,0,51,0,51,0,24,87,6,117,76,0,76,193
09/30/2002,SLN,KS,ACE,CE,Federal Contract Tower,2,19,30,3,54,0,0,132,1,133,2,19,162,4,187,244,6,250,437
10/01/2002,SLN,KS,ACE,CE,Federal Contract Tower,0,20,35,10,65,0,0,155,7,162,0,20,190,17,227,202,34,236,463
10/02/2002,SLN,KS,ACE,CE,Federal Contract Tower,0,18,25,1,44,0,0,8,0,8,0,18,33,1,52,4,0,4,56
10/03/2002,SLN,KS,ACE,CE,Federal Contract Tower,0,15,22,2,39,0,0,3,0,3,0,15,25,2,42,0,0,0,42
10/04/2002,SLN,KS,ACE,CE,Federal Contract Tower,0,18,53,8,79,0,0,123,5,128,0,18,176,13,207,228,30,258,465
10/05/2002,SLN,KS,ACE,CE,Federal Contract Tower,0,4,18,0,22,0,0,77,2,79,0,4,95,2,101,120,0,120,221
10/06/2002,SLN,KS,ACE,CE,Federal Contract Tower,0,13,30,7,50,0,0,30,8,38,0,13,60,15,88,26,4,30,118
10/07/2002,SLN,KS,ACE,CE,Federal Contract Tower,0,12,45,9,66,0,3,179,3,185,0,15,224,12,251,480,0,480,731
10/08/2002,SLN,KS,ACE,CE,Federal Contract Tower,0,13,46,7,66,0,0,180,2,182,0,13,226,9,248,406,0,406,654
10/09/2002,SLN,KS,ACE,CE,Federal Contract Tower,0,21,29,9,59,0,1,187,10,198,0,22,216,19,257,430,6,436,693
10/10/2002,SLN,KS,ACE,CE,Federal Contract Tower,0,24,27,3,54,0,3,186,5,194,0,27,213,8,248,300,0,300,548
10/11/2002,SLN,KS,ACE,CE,Federal Contract Tower,0,13,44,0,57,0,0,53,0,53,0,13,97,0,110,84,0,84,194
10/12/2002,SLN,KS,ACE,CE,Federal Contract Tower,0,7,25,0,32,0,0,15,0,15,0,7,40,0,47,26,0,26,73
10/13/2002,SLN,KS,ACE,CE,Federal Contract Tower,0,8,24,3,35,0,0,107,4,111,0,8,131,7,146,188,8,196,342
10/14/2002,SLN,KS,ACE,CE,Federal Contract Tower,0,10,23,2,35,0,1,235,0,236,0,11,258,2,271,528,0,528,799
10/15/2002,SLN,KS,ACE,CE,Federal Contract Tower,0,11,28,5,44,0,1,306,5,312,0,12,334,10,356,823,0,823,1179
10/16/2002,SLN,KS,ACE,CE,Federal Contract Tower,0,15,34,5,54,0,1,201,7,209,0,16,235,12,263,240,4,244,507
10/17/2002,SLN,KS,ACE,CE,Federal Contract Tower,0,21,28,2,51,0,2,376,9,387,0,23,404,11,438,500,10,510,948
10/18/2002,SLN,KS,ACE,CE,Federal Contract Tower,0,12,39,11,62,0,1,120,13,134,0,13,159,24,196,186,20,206,402
10/19/2002,SLN,KS,ACE,CE,Federal Contract Tower,0,15,15,5,35,0,0,62,5,67,0,15,77,10,102,48,16,64,166
10/20/2002,SLN,KS,ACE,CE,Federal Contract Tower,0,12,23,0,35,0,0,90,0,90,0,12,113,0,125,94,0,94,219
10/21/2002,SLN,KS,ACE,CE,Federal Contract Tower,0,19,32,6,57,0,0,144,0,144,0,19,176,6,201,356,8,364,565
10/22/2002,SLN,KS,ACE,CE,Federal Contract Tower,0,19,59,2,80,0,0,3,0,3,0,19,62,2,83,8,0,8,91
10/23/2002,SLN,KS,ACE,CE,Federal Contract Tower,0,27,23,4,54,0,1,0,0,1,0,28,23,4,55,2,0,2,57
10/24/2002,SLN,KS,ACE,CE,Federal Contract Tower,0,14,25,0,39,0,0,0,0,0,0,14,25,0,39,0,0,0,39
10/25/2002,SLN,KS,ACE,CE,Federal Contract Tower,0,14,57,11,82,0,0,7,12,19,0,14,64,23,101,0,8,8,109
10/26/2002,SLN,KS,ACE,CE,Federal Contract Tower,0,12,29,7,48,0,2,78,4,84,0,14,107,11,132,98,0,98,230
10/27/2002,SLN,KS,ACE,CE,Federal Contract Tower,2,3,20,0,25,0,0,0,0,0,2,3,20,0,25,0,0,0,25
10/28/2002,SLN,KS,ACE,CE,Federal Contract Tower,0,11,39,0,50,0,0,4,0,4,0,11,43,0,54,12,0,12,66
10/29/2002,SLN,KS,ACE,CE,Federal Contract Tower,0,17,46,8,71,0,1,0,0,1,0,18,46,8,72,0,22,22,94
10/30/2002,SLN,KS,ACE,CE,Federal Contract Tower,4,13,43,0,60,0,0,2,2,4,4,13,45,2,64,0,16,16,80
10/31/2002,SLN,KS,ACE,CE,Federal Contract Tower,0,11,32,2,45,0,0,3,10,13,0,11,35,12,58,0,28,28,86
11/01/2002,SLN,KS,ACE,CE,Federal Contract Tower,1,14,45,6,66,0,0,110,2,112,1,14,155,8,178,222,0,222,400
11/02/2002,SLN,KS,ACE,CE,Federal Contract Tower,0,9,20,2,31,0,0,4,1,5,0,9,24,3,36,4,0,4,40
11/03/2002,SLN,KS,ACE,CE,Federal Contract Tower,0,6,23,0,29,0,0,70,0,70,0,6,93,0,99,46,0,46,145
11/04/2002,SLN,KS,ACE,CE,Federal Contract Tower,0,11,45,2,58,0,0,153,3,156,0,11,198,5,214,272,14,286,500
11/05/2002,SLN,KS,ACE,CE,Federal Contract Tower,2,17,40,14,73,0,1,118,7,126,2,18,158,21,199,258,20,278,477
11/06/2002,SLN,KS,ACE,CE,Federal Contract Tower,0,16,36,3,55,0,1,190,0,191,0,17,226,3,246,250,10,260,506
11/07/2002,SLN,KS,ACE,CE,Federal Contract Tower,0,12,38,3,53,0,1,194,5,200,0,13,232,8,253,260,2,262,515
11/08/2002,SLN,KS,ACE,CE,Federal Contract Tower,0,15,24,2,41,0,1,154,0,155,0,16,178,2,196,212,2,214,410
11/09/2002,SLN,KS,ACE,CE,Federal Contract Tower,0,10,17,0,27,0,0,82,0,82,0,10,99,0,109,100,0,100,209
11/10/2002,SLN,KS,ACE,CE,Federal Contract Tower,0,11,35,2,48,0,1,38,0,39,0,12,73,2,87,32,0,32,119
11/11/2002,SLN,KS,ACE,CE,Federal Contract Tower,0,8,36,8,52,0,1,132,0,133,0,9,168,8,185,236,4,240,425
11/12/2002,SLN,KS,ACE,CE,Federal Contract Tower,0,18,32,9,59,0,0,190,2,192,0,18,222,11,251,258,14,272,523
11/13/2002,SLN,KS,ACE,CE,Federal Contract Tower,0,15,42,12,69,0,0,169,3,172,0,15,211,15,241,286,2,288,529
11/14/2002,SLN,KS,ACE,CE,Federal Contract Tower,0,12,30,0,42,0,1,97,12,110,0,13,127,12,152,202,20,222,374
11/15/2002,SLN,KS,ACE,CE,Federal Contract Tower,0,14,45,5,64,0,1,88,8,97,0,15,133,13,161,188,10,198,359
11/16/2002,SLN,KS,ACE,CE,Federal Contract Tower,0,3,24,4,31,0,0,99,5,104,0,3,123,9,135,106,8,114,249
11/17/2002,SLN,KS,ACE,CE,Federal Contract Tower,0,1,23,4,28,0,0,68,0,68,0,1,91,4,96,62,0,62,158
11/18/2002,SLN,KS,ACE,CE,Federal Contract Tower,0,12,19,4,35,0,1,118,3,122,0,13,137,7,157,236,2,238,395
11/19/2002,SLN,KS,ACE,CE,Federal Contract Tower,0,12,32,3,47,0,2,161,1,164,0,14,193,4,211,312,0,312,523
11/20/2002,SLN,KS,ACE,CE,Federal Contract Tower,0,24,38,10,72,0,1,155,1,157,0,25,193,11,229,244,12,256,485
11/21/2002,SLN,KS,ACE,CE,Federal Contract Tower,0,12,44,11,67,0,2,137,3,142,0,14,181,14,209,156,8,164,373
11/22/2002,SLN,KS,ACE,CE,Federal Contract Tower,0,19,38,10,67,0,2,147,24,173,0,21,185,34,240,222,0,222,462
11/23/2002,SLN,KS,ACE,CE,Federal Contract Tower,0,8,18,2,28,0,0,66,11,77,0,8,84,13,105,102,0,102,207
11/24/2002,SLN,KS,ACE,CE,Federal Contract Tower,0,11,7,1,19,0,0,21,1,22,0,11,28,2,41,46,0,46,87
11/25/2002,SLN,KS,ACE,CE,Federal Contract Tower,0,18,34,3,55,0,1,89,0,90,0,19,123,3,145,128,0,128,273
11/26/2002,SLN,KS,ACE,CE,Federal Contract Tower,0,20,44,3,67,0,1,54,2,57,0,21,98,5,124,88,0,88,212
11/27/2002,SLN,KS,ACE,CE,Federal Contract Tower,0,21,26,0,47,0,3,60,3,66,0,24,86,3,113,88,0,88,201
11/28/2002,SLN,KS,ACE,CE,Federal Contract Tower,0,3,7,0,10,0,0,19,0,19,0,3,26,0,29,8,0,8,37
11/29/2002,SLN,KS,ACE,CE,Federal Contract Tower,0,10,14,0,24,0,1,40,0,41,0,11,54,0,65,24,0,24,89
11/30/2002,SLN,KS,ACE,CE,Federal Contract Tower,0,5,26,1,32,0,0,19,3,22,0,5,45,4,54,18,0,18,72
12/01/2002,SLN,KS,ACE,CE,Federal Contract Tower,0,27,43,2,72,0,0,28,0,28,0,27,71,2,100,14,0,14,114
12/02/2002,SLN,KS,ACE,CE,Federal Contract Tower,0,12,24,6,42,0,2,118,2,122,0,14,142,8,164,232,0,232,396
12/03/2002,SLN,KS,ACE,CE,Federal Contract Tower,4,17,38,1,60,0,0,141,0,141,4,17,179,1,201,248,16,264,465
12/04/2002,SLN,KS,ACE,CE,Federal Contract Tower,0,14,21,0,35,0,1,108,0,109,0,15,129,0,144,240,0,240,384
12/05/2002,SLN,KS,ACE,CE,Federal Contract Tower,2,11,35,3,51,0,2,137,0,139,2,13,172,3,190,266,4,270,460
12/06/2002,SLN,KS,ACE,CE,Federal Contract Tower,0,19,43,0,62,0,2,124,5,131,0,21,167,5,193,156,12,168,361
12/07/2002,SLN,KS,ACE,CE,Federal Contract Tower,0,10,18,3,31,0,0,52,13,65,0,10,70,16,96,107,20,127,223
12/08/2002,SLN,KS,ACE,CE,Federal Contract Tower,0,11,19,2,32,0,0,26,10,36,0,11,45,12,68,48,25,73,141
12/09/2002,SLN,KS,ACE,CE,Federal Contract Tower,0,17,22,13,52,0,2,123,2,127,0,19,145,15,179,220,52,272,451
12/10/2002,SLN,KS,ACE,CE,Federal Contract Tower,2,20,30,4,56,0,0,68,1,69,2,20,98,5,125,146,12,158,283
12/11/2002,SLN,KS,ACE,CE,Federal Contract Tower,0,23,39,0,62,0,1,0,0,1,0,24,39,0,63,12,0,12,75
12/12/2002,SLN,KS,ACE,CE,Federal Contract Tower,3,16,34,1,54,0,0,0,0,0,3,16,34,1,54,0,0,0,54
12/13/2002,SLN,KS,ACE,CE,Federal Contract Tower,4,15,47,9,75,0,0,107,5,112,4,15,154,14,187,188,58,246,433
12/14/2002,SLN,KS,ACE,CE,Federal Contract Tower,4,10,19,4,37,0,0,110,2,112,4,10,129,6,149,38,8,46,195
12/15/2002,SLN,KS,ACE,CE,Federal Contract Tower,3,1,17,1,22,0,0,59,0,59,3,1,76,1,81,16,2,18,99
12/16/2002,SLN,KS,ACE,CE,Federal Contract Tower,0,10,27,0,37,0,1,126,0,127,0,11,153,0,164,214,4,218,382
12/17/2002,SLN,KS,ACE,CE,Federal Contract Tower,2,14,31,5,52,0,1,87,3,91,2,15,118,8,143,104,2,106,249
12/18/2002,SLN,KS,ACE,CE,Federal Contract Tower,3,20,29,0,52,0,2,83,7,92,3,22,112,7,144,178,0,178,322
12/19/2002,SLN,KS,ACE,CE,Federal Contract Tower,4,23,37,9,73,0,1,94,7,102,4,24,131,16,175,138,18,156,331
12/20/2002,SLN,KS,ACE,CE,Federal Contract Tower,2,11,55,2,70,0,1,62,8,71,2,12,117,10,141,98,24,122,263
12/21/2002,SLN,KS,ACE,CE,Federal Contract Tower,2,11,18,6,37,0,0,37,4,41,2,11,55,10,78,30,8,38,116
12/22/2002,SLN,KS,ACE,CE,Federal Contract Tower,4,9,22,0,35,0,0,33,0,33,4,9,55,0,68,62,0,62,130
12/23/2002,SLN,KS,ACE,CE,Federal Contract Tower,4,17,12,0,33,0,1,32,0,33,4,18,44,0,66,32,0,32,98
12/24/2002,SLN,KS,ACE,CE,Federal Contract Tower,2,12,4,0,18,0,1,37,0,38,2,13,41,0,56,12,0,12,68
12/25/2002,SLN,KS,ACE,CE,Federal Contract Tower,0,4,8,0,12,0,0,23,0,23,0,4,31,0,35,0,0,0,35
12/26/2002,SLN,KS,ACE,CE,Federal Contract Tower,2,17,36,2,57,0,0,13,2,15,2,17,49,4,72,18,18,36,108
12/27/2002,SLN,KS,ACE,CE,Federal Contract Tower,0,16,33,0,49,0,0,39,0,39,0,16,72,0,88,34,0,34,122
12/28/2002,SLN,KS,ACE,CE,Federal Contract Tower,0,13,31,0,44,0,2,57,1,60,0,15,88,1,104,42,0,42,146
12/29/2002,SLN,KS,ACE,CE,Federal Contract Tower,0,1,28,3,32,0,0,34,0,34,0,1,62,3,66,6,26,32,98
12/30/2002,SLN,KS,ACE,CE,Federal Contract Tower,0,15,23,0,38,0,0,38,2,40,0,15,61,2,78,36,0,36,114
12/31/2002,SLN,KS,ACE,CE,Federal Contract Tower,0,11,8,0,19,0,0,44,0,44,0,11,52,0,63,42,0,42,105
01/01/2003,SLN,KS,ACE,CE,Federal Contract Tower,0,1,20,0,21,0,0,9,0,9,0,1,29,0,30,42,0,42,72
01/02/2003,SLN,KS,ACE,CE,Federal Contract Tower,0,12,40,0,52,0,1,29,0,30,0,13,69,0,82,108,0,108,190
01/03/2003,SLN,KS,ACE,CE,Federal Contract Tower,2,22,23,11,58,0,1,61,4,66,2,23,84,15,124,100,10,110,234
01/04/2003,SLN,KS,ACE,CE,Federal Contract Tower,2,12,34,5,53,0,0,43,3,46,2,12,77,8,99,34,4,38,137
01/05/2003,SLN,KS,ACE,CE,Federal Contract Tower,0,11,33,0,44,0,0,40,2,42,0,11,73,2,86,52,0,52,138
01/06/2003,SLN,KS,ACE,CE,Federal Contract Tower,2,15,54,4,75,0,0,17,0,17,2,15,71,4,92,88,0,88,180
01/07/2003,SLN,KS,ACE,CE,Federal Contract Tower,2,19,35,6,62,0,1,73,1,75,2,20,108,7,137,94,0,94,231
01/08/2003,SLN,KS,ACE,CE,Federal Contract Tower,0,16,37,10,63,0,1,70,8,79,0,17,107,18,142,84,12,96,238
01/09/2003,SLN,KS,ACE,CE,Federal Contract Tower,0,17,22,6,45,0,1,25,11,37,0,18,47,17,82,35,6,41,123
01/10/2003,SLN,KS,ACE,CE,Federal Contract Tower,0,16,23,6,45,0,0,57,5,62,0,16,80,11,107,100,28,128,235
01/11/2003,SLN,KS,ACE,CE,Federal Contract Tower,0,8,28,0,36,0,0,80,0,80,0,8,108,0,116,62,0,62,178
01/12/2003,SLN,KS,ACE,CE,Federal Contract Tower,0,8,24,0,32,0,0,63,4,67,0,8,87,4,99,32,0,32,131
01/13/2003,SLN,KS,ACE,CE,Federal Contract Tower,0,9,13,6,28,0,3,34,3,40,0,12,47,9,68,18,12,30,98
01/14/2003,SLN,KS,ACE,CE,Federal Contract Tower,0,15,25,5,45,0,0,86,0,86,0,15,111,5,131,126,0,126,257
01/15/2003,SLN,KS,ACE,CE,Federal Contract Tower,0,19,31,0,50,0,0,19,0,19,0,19,50,0,69,56,0,56,125
01/16/2003,SLN,KS,ACE,CE,Federal Contract Tower,0,13,22,0,35,0,1,13,8,22,0,14,35,8,57,18,12,30,87
01/17/2003,SLN,KS,ACE,CE,Federal Contract Tower,0,24,30,4,58,0,0,43,10,53,0,24,73,14,111,130,4,134,245
01/18/2003,SLN,KS,ACE,CE,Federal Contract Tower,1,11,18,5,35,0,0,42,3,45,1,11,60,8,80,64,10,74,154
01/19/2003,SLN,KS,ACE,CE,Federal Contract Tower,0,10,22,0,32,0,0,47,0,47,0,10,69,0,79,20,0,20,99
01/20/2003,SLN,KS,ACE,CE,Federal Contract Tower,0,12,30,0,42,0,2,106,0,108,0,14,136,0,150,124,0,124,274
01/21/2003,SLN,KS,ACE,CE,Federal Contract Tower,0,18,39,0,57,0,2,126,0,128,0,20,165,0,185,192,10,202,387
01/22/2003,SLN,KS,ACE,CE,Federal Contract Tower,0,21,41,0,62,0,0,10,0,10,0,21,51,0,72,24,0,24,96
01/23/2003,SLN,KS,ACE,CE,Federal Contract Tower,0,27,33,2,62,0,0,105,1,106,0,27,138,3,168,114,6,120,288
01/24/2003,SLN,KS,ACE,CE,Federal Contract Tower,0,25,43,0,68,0,0,116,1,117,0,25,159,1,185,126,0,126,311
01/25/2003,SLN,KS,ACE,CE,Federal Contract Tower,0,7,27,0,34,0,0,70,0,70,0,7,97,0,104,62,0,62,166
01/26/2003,SLN,KS,ACE,CE,Federal Contract Tower,0,11,23,0,34,0,0,42,0,42,0,11,65,0,76,78,0,78,154
01/27/2003,SLN,KS,ACE,CE,Federal Contract Tower,0,20,39,1,60,0,1,122,5,128,0,21,161,6,188,134,0,134,322
01/28/2003,SLN,KS,ACE,CE,Federal Contract Tower,2,25,44,8,79,0,0,56,0,56,2,25,100,8,135,100,0,100,235
01/29/2003,SLN,KS,ACE,CE,Federal Contract Tower,0,24,48,12,84,0,0,0,4,4,0,24,48,16,88,18,4,22,110
01/30/2003,SLN,KS,ACE,CE,Federal Contract Tower,0,19,30,4,53,0,2,154,0,156,0,21,184,4,209,172,12,184,393
01/31/2003,SLN,KS,ACE,CE,Federal Contract Tower,2,16,60,3,81,0,0,139,6,145,2,16,199,9,226,200,18,218,444
02/01/2003,SLN,KS,ACE,CE,Federal Contract Tower,3,6,27,1,37,0,0,101,5,106,3,6,128,6,143,162,10,172,315
02/02/2003,SLN,KS,ACE,CE,Federal Contract Tower,4,5,26,0,35,0,0,47,2,49,4,5,73,2,84,74,0,74,158
02/03/2003,SLN,KS,ACE,CE,Federal Contract Tower,6,15,9,0,30,0,0,4,0,4,6,15,13,0,34,8,0,8,42
02/04/2003,SLN,KS,ACE,CE,Federal Contract Tower,2,23,60,0,85,0,0,145,4,149,2,23,205,4,234,182,2,184,418
02/05/2003,SLN,KS,ACE,CE,Federal Contract Tower,0,21,29,2,52,0,0,132,2,134,0,21,161,4,186,232,0,232,418
02/06/2003,SLN,KS,ACE,CE,Federal Contract Tower,1,14,16,3,34,0,0,11,0,11,1,14,27,3,45,18,0,18,63
02/07/2003,SLN,KS,ACE,CE,Federal Contract Tower,0,14,20,7,41,0,0,131,12,143,0,14,151,19,184,169,0,169,353
02/08/2003,SLN,KS,ACE,CE,Federal Contract Tower,1,9,16,1,27,0,0,106,4,110,1,9,122,5,137,155,8,163,300
02/09/2003,SLN,KS,ACE,CE,Federal Contract Tower,0,13,26,2,41,0,0,30,0,30,0,13,56,2,71,92,0,92,163
02/10/2003,SLN,KS,ACE,CE,Federal Contract Tower,0,28,23,0,51,0,0,151,0,151,0,28,174,0,202,196,0,196,398
02/11/2003,SLN,KS,ACE,CE,Federal Contract Tower,2,17,25,0,44,0,0,161,0,161,2,17,186,0,205,192,0,192,397
02/12/2003,SLN,KS,ACE,CE,Federal Contract Tower,2,27,31,3,63,0,0,170,0,170,2,27,201,3,233,220,36,256,489
02/13/2003,SLN,KS,ACE,CE,Federal Contract Tower,6,24,65,0,95,0,0,99,1,100,6,24,164,1,195,192,0,192,387
02/14/2003,SLN,KS,ACE,CE,Federal Contract Tower,0,15,33,0,48,0,0,1,0,1,0,15,34,0,49,2,0,2,51
02/15/2003,SLN,KS,ACE,CE,Federal Contract Tower,0,17,16,0,33,0,0,1,0,1,0,17,17,0,34,0,0,0,34
02/16/2003,SLN,KS,ACE,CE,Federal Contract Tower,2,9,22,0,33,0,0,78,0,78,2,9,100,0,111,110,0,110,221
02/17/2003,SLN,KS,ACE,CE,Federal Contract Tower,1,11,14,0,26,0,0,146,0,146,1,11,160,0,172,190,0,190,362
02/18/2003,SLN,KS,ACE,CE,Federal Contract Tower,5,20,59,0,84,0,0,154,3,157,5,20,213,3,241,180,4,184,425
02/19/2003,SLN,KS,ACE,CE,Federal Contract Tower,2,15,30,6,53,0,1,219,3,223,2,16,249,9,276,254,0,254,530
02/20/2003,SLN,KS,ACE,CE,Federal Contract Tower,2,16,31,8,57,0,0,169,6,175,2,16,200,14,232,158,22,180,412
02/21/2003,SLN,KS,ACE,CE,Federal Contract Tower,4,15,35,5,59,0,3,113,1,117,4,18,148,6,176,160,0,160,336
02/22/2003,SLN,KS,ACE,CE,Federal Contract Tower,0,3,29,3,35,0,0,3,2,5,0,3,32,5,40,16,0,16,56
02/23/2003,SLN,KS,ACE,CE,Federal Contract Tower,0,2,8,0,10,0,0,1,0,1,0,2,9,0,11,0,0,0,11
02/24/2003,SLN,KS,ACE,CE,Federal Contract Tower,0,9,46,1,56,0,0,38,0,38,0,9,84,1,94,36,0,36,130
02/25/2003,SLN,KS,ACE,CE,Federal Contract Tower,4,19,42,4,69,0,0,123,5,128,4,19,165,9,197,212,8,220,417
02/26/2003,SLN,KS,ACE,CE,Federal Contract Tower,4,17,34,2,57,0,0,137,3,140,4,17,171,5,197,164,12,176,373
02/27/2003,SLN,KS,ACE,CE,Federal Contract Tower,0,19,31,0,50,0,0,7,0,7,0,19,38,0,57,12,0,12,69
02/28/2003,SLN,KS,ACE,CE,Federal Contract Tower,0,18,37,1,56,0,0,6,1,7,0,18,43,2,63,16,0,16,79
03/01/2003,SLN,KS,ACE,CE,Federal Contract Tower,0,11,25,1,37,0,0,26,3,29,0,11,51,4,66,36,0,36,102
03/02/2003,SLN,KS,ACE,CE,Federal Contract Tower,0,7,40,2,49,0,0,62,0,62,0,7,102,2,111,20,14,34,145
03/03/2003,SLN,KS,ACE,CE,Federal Contract Tower,3,17,40,4,64,0,0,115,0,115,3,17,155,4,179,190,4,194,373
03/04/2003,SLN,KS,ACE,CE,Federal Contract Tower,0,17,20,0,37,0,0,0,0,0,0,17,20,0,37,0,0,0,37
03/05/2003,SLN,KS,ACE,CE,Federal Contract Tower,0,24,36,2,62,0,0,8,0,8,0,24,44,2,70,8,0,8,78
03/06/2003,SLN,KS,ACE,CE,Federal Contract Tower,0,26,35,2,63,0,1,145,2,148,0,27,180,4,211,248,2,250,461
03/07/2003,SLN,KS,ACE,CE,Federal Contract Tower,2,29,43,0,74,0,0,73,0,73,2,29,116,0,147,78,0,78,225
03/08/2003,SLN,KS,ACE,CE,Federal Contract Tower,0,13,56,2,71,0,0,25,0,25,0,13,81,2,96,26,6,32,128
03/09/2003,SLN,KS,ACE,CE,Federal Contract Tower,0,13,38,0,51,0,0,57,0,57,0,13,95,0,108,38,0,38,146
03/10/2003,SLN,KS,ACE,CE,Federal Contract Tower,0,17,28,2,47,0,1,154,1,156,0,18,182,3,203,252,14,266,469
03/11/2003,SLN,KS,ACE,CE,Federal Contract Tower,2,19,39,6,66,0,0,123,5,128,2,19,162,11,194,140,14,154,348
03/12/2003,SLN,KS,ACE,CE,Federal Contract Tower,0,15,56,9,80,0,0,4,1,5,0,15,60,10,85,6,0,6,91
03/13/2003,SLN,KS,ACE,CE,Federal Contract Tower,0,18,36,4,58,0,1,84,2,87,0,19,120,6,145,98,0,98,243
03/14/2003,SLN,KS,ACE,CE,Federal Contract Tower,2,26,35,2,65,0,0,130,1,131,2,26,165,3,196,152,2,154,350
03/15/2003,SLN,KS,ACE,CE,Federal Contract Tower,0,15,16,4,35,0,0,76,0,76,0,15,92,4,111,70,6,76,187
03/16/2003,SLN,KS,ACE,CE,Federal Contract Tower,0,7,27,2,36,0,0,36,0,36,0,7,63,2,72,56,0,56,128
03/17/2003,SLN,KS,ACE,CE,Federal Contract Tower,0,21,17,2,40,0,0,49,0,49,0,21,66,2,89,74,0,74,163
03/18/2003,SLN,KS,ACE,CE,Federal Contract Tower,0,16,31,0,47,0,0,3,0,3,0,16,34,0,50,2,0,2,52
03/19/2003,SLN,KS,ACE,CE,Federal Contract Tower,0,17,31,2,50,0,0,3,3,6,0,17,34,5,56,6,8,14,70
03/20/2003,SLN,KS,ACE,CE,Federal Contract Tower,0,19,45,6,70,0,1,6,3,10,0,20,51,9,80,16,20,36,116
03/21/2003,SLN,KS,ACE,CE,Federal Contract Tower,0,20,37,2,59,0,0,70,3,73,0,20,107,5,132,90,0,90,222
03/22/2003,SLN,KS,ACE,CE,Federal Contract Tower,2,15,38,2,57,0,2,82,3,87,2,17,120,5,144,64,24,88,232
03/23/2003,SLN,KS,ACE,CE,Federal Contract Tower,0,11,35,2,48,0,0,60,3,63,0,11,95,5,111,24,4,28,139
03/24/2003,SLN,KS,ACE,CE,Federal Contract Tower,2,23,47,0,72,0,1,124,0,125,2,24,171,0,197,212,0,212,409
03/25/2003,SLN,KS,ACE,CE,Federal Contract Tower,0,14,25,7,46,0,1,149,9,159,0,15,174,16,205,186,14,200,405
03/26/2003,SLN,KS,ACE,CE,Federal Contract Tower,0,16,32,2,50,0,1,146,0,147,0,17,178,2,197,108,0,108,305
03/27/2003,SLN,KS,ACE,CE,Federal Contract Tower,0,25,45,0,70,0,0,62,0,62,0,25,107,0,132,66,0,66,198
03/28/2003,SLN,KS,ACE,CE,Federal Contract Tower,0,24,22,2,48,0,1,22,0,23,0,25,44,2,71,24,0,24,95
03/29/2003,SLN,KS,ACE,CE,Federal Contract Tower,0,9,27,2,38,0,2,59,0,61,0,11,86,2,99,60,0,60,159
03/30/2003,SLN,KS,ACE,CE,Federal Contract Tower,0,19,23,2,44,0,0,67,0,67,0,19,90,2,111,38,0,38,149
03/31/2003,SLN,KS,ACE,CE,Federal Contract Tower,0,20,28,9,57,0,1,135,5,141,0,21,163,14,198,132,10,142,340
04/01/2003,SLN,KS,ACE,CE,Federal Contract Tower,0,14,40,3,57,0,1,175,5,181,0,15,215,8,238,236,14,250,488
04/02/2003,SLN,KS,ACE,CE,Federal Contract Tower,2,17,37,3,59,0,2,175,9,186,2,19,212,12,245,214,22,236,481
04/03/2003,SLN,KS,ACE,CE,Federal Contract Tower,0,14,46,3,63,0,1,128,4,133,0,15,174,7,196,216,2,218,414
04/04/2003,SLN,KS,ACE,CE,Federal Contract Tower,0,15,50,2,67,0,2,39,3,44,0,17,89,5,111,120,0,120,231
04/05/2003,SLN,KS,ACE,CE,Federal Contract Tower,0,11,18,4,33,0,0,36,33,69,0,11,54,37,102,20,0,20,122
04/06/2003,SLN,KS,ACE,CE,Federal Contract Tower,4,5,22,0,31,0,0,2,4,6,4,5,24,4,37,0,0,0,37
04/07/2003,SLN,KS,ACE,CE,Federal Contract Tower,0,18,16,7,41,0,1,55,0,56,0,19,71,7,97,86,12,98,195
04/08/2003,SLN,KS,ACE,CE,Federal Contract Tower,2,21,37,3,63,0,1,98,2,101,2,22,135,5,164,154,0,154,318
04/09/2003,SLN,KS,ACE,CE,Federal Contract Tower,0,15,40,5,60,0,3,161,2,166,0,18,201,7,226,236,2,238,464
04/10/2003,SLN,KS,ACE,CE,Federal Contract Tower,0,11,29,5,45,0,2,138,4,144,0,13,167,9,189,154,0,154,343
04/11/2003,SLN,KS,ACE,CE,Federal Contract Tower,0,11,40,3,54,0,1,121,3,125,0,12,161,6,179,140,0,140,319
04/12/2003,SLN,KS,ACE,CE,Federal Contract Tower,0,7,19,0,26,0,0,104,0,104,0,7,123,0,130,76,0,76,206
04/13/2003,SLN,KS,ACE,CE,Federal Contract Tower,0,9,19,0,28,0,0,25,0,25,0,9,44,0,53,18,8,26,79
04/14/2003,SLN,KS,ACE,CE,Federal Contract Tower,0,14,29,6,49,0,1,88,0,89,0,15,117,6,138,92,10,102,240
04/15/2003,SLN,KS,ACE,CE,Federal Contract Tower,0,18,23,0,41,0,1,74,1,76,0,19,97,1,117,70,0,70,187
04/16/2003,SLN,KS,ACE,CE,Federal Contract Tower,0,19,22,0,41,0,3,78,3,84,0,22,100,3,125,96,0,96,221
04/17/2003,SLN,KS,ACE,CE,Federal Contract Tower,0,21,25,0,46,0,1,150,5,156,0,22,175,5,202,182,0,182,384
04/18/2003,SLN,KS,ACE,CE,Federal Contract Tower,0,18,29,8,55,0,0,25,0,25,0,18,54,8,80,20,0,20,100
04/19/2003,SLN,KS,ACE,CE,Federal Contract Tower,0,3,3,4,10,0,0,0,0,0,0,3,3,4,10,2,0,2,12
04/20/2003,SLN,KS,ACE,CE,Federal Contract Tower,0,7,15,0,22,0,0,23,0,23,0,7,38,0,45,2,0,2,47
04/21/2003,SLN,KS,ACE,CE,Federal Contract Tower,2,18,42,0,62,0,1,154,0,155,2,19,196,0,217,204,0,204,421
04/22/2003,SLN,KS,ACE,CE,Federal Contract Tower,0,20,33,9,62,0,1,164,4,169,0,21,197,13,231,206,0,206,437
04/23/2003,SLN,KS,ACE,CE,Federal Contract Tower,0,12,20,0,32,0,0,21,2,23,0,12,41,2,55,28,0,28,83
04/24/2003,SLN,KS,ACE,CE,Federal Contract Tower,0,10,37,1,48,0,0,0,0,0,0,10,37,1,48,0,0,0,48
04/25/2003,SLN,KS,ACE,CE,Federal Contract Tower,0,12,55,4,71,0,0,48,0,48,0,12,103,4,119,48,2,50,169
04/26/2003,SLN,KS,ACE,CE,Federal Contract Tower,0,13,22,1,36,0,0,125,0,125,0,13,147,1,161,78,14,92,253
04/27/2003,SLN,KS,ACE,CE,Federal Contract Tower,0,15,41,0,56,0,0,48,0,48,0,15,89,0,104,106,0,106,210
04/28/2003,SLN,KS,ACE,CE,Federal Contract Tower,0,15,23,15,53,0,1,121,1,123,0,16,144,16,176,152,12,164,340
04/29/2003,SLN,KS,ACE,CE,Federal Contract Tower,0,15,41,4,60,0,1,111,6,118,0,16,152,10,178,152,10,162,340
04/30/2003,SLN,KS,ACE,CE,Federal Contract Tower,0,22,30,6,58,0,0,139,4,143,0,22,169,10,201,200,14,214,415
05/01/2003,SLN,KS,ACE,CE,Federal Contract Tower,0,17,44,9,70,0,2,36,1,39,0,19,80,10,109,106,0,106,215
05/02/2003,SLN,KS,ACE,CE,Federal Contract Tower,0,15,25,2,42,0,0,108,3,111,0,15,133,5,153,144,0,144,297
05/03/2003,SLN,KS,ACE,CE,Federal Contract Tower,0,5,11,0,16,0,0,69,4,73,0,5,80,4,89,48,0,48,137
05/04/2003,SLN,KS,ACE,CE,Federal Contract Tower,0,13,22,2,37,0,0,14,0,14,0,13,36,2,51,10,0,10,61
05/05/2003,SLN,KS,ACE,CE,Federal Contract Tower,0,16,34,3,53,0,1,147,1,149,0,17,181,4,202,154,8,162,364
05/06/2003,SLN,KS,ACE,CE,Federal Contract Tower,0,16,28,0,44,0,1,104,0,105,0,17,132,0,149,162,0,162,311
05/07/2003,SLN,KS,ACE,CE,Federal Contract Tower,0,25,36,6,67,0,1,124,4,129,0,26,160,10,196,148,8,156,352
05/08/2003,SLN,KS,ACE,CE,Federal Contract Tower,0,23,24,0,47,0,0,35,0,35,0,23,59,0,82,50,0,50,132
05/09/2003,SLN,KS,ACE,CE,Federal Contract Tower,0,17,47,4,68,0,0,90,3,93,0,17,137,7,161,174,0,174,335
05/10/2003,SLN,KS,ACE,CE,Federal Contract Tower,2,11,23,0,36,0,0,37,2,39,2,11,60,2,75,10,0,10,85
05/11/2003,SLN,KS,ACE,CE,Federal Contract Tower,0,18,22,2,42,0,0,38,0,38,0,18,60,2,80,10,0,10,90
05/12/2003,SLN,KS,ACE,CE,Federal Contract Tower,0,15,36,2,53,0,2,124,4,130,0,17,160,6,183,150,0,150,333
05/13/2003,SLN,KS,ACE,CE,Federal Contract Tower,0,16,33,0,49,0,0,54,1,55,0,16,87,1,104,66,0,66,170
05/14/2003,SLN,KS,ACE,CE,Federal Contract Tower,0,17,31,17,65,0,1,88,8,97,0,18,119,25,162,82,36,118,280
05/15/2003,SLN,KS,ACE,CE,Federal Contract Tower,0,17,24,3,44,0,1,34,4,39,0,18,58,7,83,40,4,44,127
05/16/2003,SLN,KS,ACE,CE,Federal Contract Tower,0,19,41,0,60,0,0,9,0,9,0,19,50,0,69,2,0,2,71
05/17/2003,SLN,KS,ACE,CE,Federal Contract Tower,0,7,28,2,37,0,0,58,1,59,0,7,86,3,96,50,10,60,156
05/18/2003,SLN,KS,ACE,CE,Federal Contract Tower,0,11,28,0,39,0,0,30,1,31,0,11,58,1,70,18,0,18,88
05/19/2003,SLN,KS,ACE,CE,Federal Contract Tower,0,14,14,1,29,0,1,8,1,10,0,15,22,2,39,2,0,2,41
05/20/2003,SLN,KS,ACE,CE,Federal Contract Tower,0,20,22,8,50,0,1,91,13,105,0,21,113,21,155,142,10,152,307
05/21/2003,SLN,KS,ACE,CE,Federal Contract Tower,0,19,44,4,67,0,1,96,6,103,0,20,140,10,170,120,2,122,292
05/22/2003,SLN,KS,ACE,CE,Federal Contract Tower,0,25,34,5,64,0,2,85,0,87,0,27,119,5,151,102,10,112,263
05/23/2003,SLN,KS,ACE,CE,Federal Contract Tower,0,24,49,2,75,0,1,50,0,51,0,25,99,2,126,72,0,72,198
05/24/2003,SLN,KS,ACE,CE,Federal Contract Tower,0,7,23,0,30,0,0,20,0,20,0,7,43,0,50,30,0,30,80
05/25/2003,SLN,KS,ACE,CE,Federal Contract Tower,2,11,21,0,34,0,0,12,0,12,2,11,33,0,46,0,0,0,46
05/26/2003,SLN,KS,ACE,CE,Federal Contract Tower,0,12,33,0,45,0,0,70,0,70,0,12,103,0,115,30,0,30,145
05/27/2003,SLN,KS,ACE,CE,Federal Contract Tower,0,19,26,2,47,0,1,90,2,93,0,20,116,4,140,138,0,138,278
05/28/2003,SLN,KS,ACE,CE,Federal Contract Tower,0,14,15,5,34,0,2,93,3,98,0,16,108,8,132,118,20,138,270
05/29/2003,SLN,KS,ACE,CE,Federal Contract Tower,0,18,29,3,50,0,1,94,3,98,0,19,123,6,148,150,8,158,306
05/30/2003,SLN,KS,ACE,CE,Federal Contract Tower,0,15,30,15,60,0,0,115,6,121,0,15,145,21,181,82,12,94,275
05/31/2003,SLN,KS,ACE,CE,Federal Contract Tower,0,4,13,0,17,0,0,58,0,58,0,4,71,0,75,78,0,78,153
06/01/2003,SLN,KS,ACE,CE,Federal Contract Tower,0,13,30,5,48,0,3,38,8,49,0,16,68,13,97,30,16,46,143
06/02/2003,SLN,KS,ACE,CE,Federal Contract Tower,2,18,43,1,64,0,1,24,7,32,2,19,67,8,96,86,4,90,186
06/03/2003,SLN,KS,ACE,CE,Federal Contract Tower,0,12,53,1,66,0,4,39,0,43,0,16,92,1,109,120,0,120,229
06/04/2003,SLN,KS,ACE,CE,Federal Contract Tower,0,13,28,4,45,0,3,64,3,70,0,16,92,7,115,186,6,192,307
06/05/2003,SLN,KS,ACE,CE,Federal Contract Tower,0,14,35,2,51,0,2,71,0,73,0,16,106,2,124,150,0,150,274
06/06/2003,SLN,KS,ACE,CE,Federal Contract Tower,0,20,33,11,64,0,2,84,3,89,0,22,117,14,153,150,28,178,331
06/07/2003,SLN,KS,ACE,CE,Federal Contract Tower,0,5,24,1,30,0,2,27,15,44,0,7,51,16,74,64,0,64,138
06/08/2003,SLN,KS,ACE,CE,Federal Contract Tower,0,11,27,3,41,0,2,63,3,68,0,13,90,6,109,66,2,68,177
06/09/2003,SLN,KS,ACE,CE,Federal Contract Tower,2,14,37,3,56,0,0,0,0,0,2,14,37,3,56,0,0,0,56
06/10/2003,SLN,KS,ACE,CE,Federal Contract Tower,0,14,30,1,45,0,2,123,1,126,0,16,153,2,171,198,2,200,371
06/11/2003,SLN,KS,ACE,CE,Federal Contract Tower,0,9,36,5,50,0,2,74,0,76,0,11,110,5,126,134,36,170,296
06/12/2003,SLN,KS,ACE,CE,Federal Contract Tower,0,17,37,5,59,0,3,74,2,79,0,20,111,7,138,158,2,160,298
06/13/2003,SLN,KS,ACE,CE,Federal Contract Tower,0,17,27,14,58,0,2,99,7,108,0,19,126,21,166,178,16,194,360
06/14/2003,SLN,KS,ACE,CE,Federal Contract Tower,3,7,14,3,27,0,2,51,1,54,3,9,65,4,81,50,0,50,131
06/15/2003,SLN,KS,ACE,CE,Federal Contract Tower,2,6,39,0,47,0,1,43,3,47,2,7,82,3,94,54,0,54,148
06/16/2003,SLN,KS,ACE,CE,Federal Contract Tower,2,9,102,3,116,0,0,35,0,35,2,9,137,3,151,116,0,116,267
06/17/2003,SLN,KS,ACE,CE,Federal Contract Tower,0,10,39,11,60,0,1,77,0,78,0,11,116,11,138,89,30,119,257
06/18/2003,SLN,KS,ACE,CE,Federal Contract Tower,2,11,38,14,65,0,6,76,1,83,2,17,114,15,148,78,22,100,248
06/19/2003,SLN,KS,ACE,CE,Federal Contract Tower,2,18,60,4,84,0,2,63,5,70,2,20,123,9,154,116,0,116,270
06/20/2003,SLN,KS,ACE,CE,Federal Contract Tower,0,16,48,6,70,0,1,45,7,53,0,17,93,13,123,148,0,148,271
06/21/2003,SLN,KS,ACE,CE,Federal Contract Tower,0,5,21,2,28,0,1,38,23,62,0,6,59,25,90,30,0,30,120
06/22/2003,SLN,KS,ACE,CE,Federal Contract Tower,6,10,40,5,61,0,1,41,80,122,6,11,81,85,183,28,0,28,211
06/23/2003,SLN,KS,ACE,CE,Federal Contract Tower,0,15,46,4,65,0,2,35,43,80,0,17,81,47,145,56,10,66,211
06/24/2003,SLN,KS,ACE,CE,Federal Contract Tower,1,12,39,4,56,0,4,35,71,110,1,16,74,75,166,46,4,50,216
06/25/2003,SLN,KS,ACE,CE,Federal Contract Tower,1,21,39,0,61,0,2,67,22,91,1,23,106,22,152,74,6,80,232
06/26/2003,SLN,KS,ACE,CE,Federal Contract Tower,0,16,37,7,60,0,1,93,43,137,0,17,130,50,197,72,12,84,281
06/27/2003,SLN,KS,ACE,CE,Federal Contract Tower,2,18,46,4,70,0,1,53,49,103,2,19,99,53,173,52,0,52,225
06/28/2003,SLN,KS,ACE,CE,Federal Contract Tower,0,11,17,1,29,0,1,45,43,89,0,12,62,44,118,24,14,38,156
06/29/2003,SLN,KS,ACE,CE,Federal Contract Tower,0,6,20,14,40,0,3,20,5,28,0,9,40,19,68,46,4,50,118
06/30/2003,SLN,KS,ACE,CE,Federal Contract Tower,0,5,42,8,55,0,11,83,2,96,0,16,125,10,151,136,6,142,293
07/01/2003,SLN,KS,ACE,CE,Federal Contract Tower,0,11,40,6,57,0,1,78,0,79,0,12,118,6,136,104,10,114,250
07/02/2003,SLN,KS,ACE,CE,Federal Contract Tower,0,20,39,1,60,0,1,66,1,68,0,21,105,2,128,96,0,96,224
07/03/2003,SLN,KS,ACE,CE,Federal Contract Tower,0,20,23,0,43,0,0,35,0,35,0,20,58,0,78,40,0,40,118
07/04/2003,SLN,KS,ACE,CE,Federal Contract Tower,0,7,3,0,10,0,2,26,0,28,0,9,29,0,38,22,0,22,60
07/05/2003,SLN,KS,ACE,CE,Federal Contract Tower,0,16,24,0,40,0,1,20,0,21,0,17,44,0,61,4,0,4,65
07/06/2003,SLN,KS,ACE,CE,Federal Contract Tower,2,13,36,0,51,0,0,20,0,20,2,13,56,0,71,4,0,4,75
07/07/2003,SLN,KS,ACE,CE,Federal Contract Tower,0,20,35,8,63,0,0,62,1,63,0,20,97,9,126,58,0,58,184
07/08/2003,SLN,KS,ACE,CE,Federal Contract Tower,0,16,29,4,49,0,6,57,4,67,0,22,86,8,116,86,0,86,202
07/09/2003,SLN,KS,ACE,CE,Federal Contract Tower,0,20,45,4,69,0,0,44,7,51,0,20,89,11,120,64,4,68,188
07/10/2003,SLN,KS,ACE,CE,Federal Contract Tower,0,20,27,6,53,0,1,68,1,70,0,21,95,7,123,72,36,108,231
07/11/2003,SLN,KS,ACE,CE,Federal Contract Tower,0,23,38,15,76,0,0,52,9,61,0,23,90,24,137,76,2,78,215
07/12/2003,SLN,KS,ACE,CE,Federal Contract Tower,0,9,7,6,22,0,0,54,6,60,0,9,61,12,82,96,2,98,180
07/13/2003,SLN,KS,ACE,CE,Federal Contract Tower,2,10,31,4,47,0,0,33,4,37,2,10,64,8,84,0,0,0,84
07/14/2003,SLN,KS,ACE,CE,Federal Contract Tower,0,18,40,7,65,0,0,63,1,64,0,18,103,8,129,48,0,48,177
07/15/2003,SLN,KS,ACE,CE,Federal Contract Tower,0,17,33,16,66,0,3,87,4,94,0,20,120,20,160,98,8,106,266
07/16/2003,SLN,KS,ACE,CE,Federal Contract Tower,0,18,54,4,76,0,2,96,0,98,0,20,150,4,174,90,0,90,264
07/17/2003,SLN,KS,ACE,CE,Federal Contract Tower,0,25,28,12,65,0,1,77,13,91,0,26,105,25,156,50,20,70,226
07/18/2003,SLN,KS,ACE,CE,Federal Contract Tower,0,27,26,6,59,0,0,72,1,73,0,27,98,7,132,58,30,88,220
07/19/2003,SLN,KS,ACE,CE,Federal Contract Tower,0,9,24,7,40,0,0,49,4,53,0,9,73,11,93,74,2,76,169
07/20/2003,SLN,KS,ACE,CE,Federal Contract Tower,2,30,42,0,74,0,0,32,0,32,2,30,74,0,106,4,0,4,110
07/21/2003,SLN,KS,ACE,CE,Federal Contract Tower,0,17,44,7,68,0,2,80,0,82,0,19,124,7,150,118,18,136,286
07/22/2003,SLN,KS,ACE,CE,Federal Contract Tower,0,15,25,11,51,0,2,100,0,102,0,17,125,11,153,140,16,156,309
07/23/2003,SLN,KS,ACE,CE,Federal Contract Tower,0,26,47,2,75,0,1,79,4,84,0,27,126,6,159,138,14,152,311
07/24/2003,SLN,KS,ACE,CE,Federal Contract Tower,0,15,47,13,75,0,1,66,12,79,0,16,113,25,154,82,12,94,248
07/25/2003,SLN,KS,ACE,CE,Federal Contract Tower,0,22,55,9,86,0,0,60,0,60,0,22,115,9,146,44,10,54,200
07/26/2003,SLN,KS,ACE,CE,Federal Contract Tower,0,7,23,0,30,0,0,43,2,45,0,7,66,2,75,36,0,36,111
07/27/2003,SLN,KS,ACE,CE,Federal Contract Tower,0,7,37,6,50,0,0,27,3,30,0,7,64,9,80,16,0,16,96
07/28/2003,SLN,KS,ACE,CE,Federal Contract Tower,0,25,24,0,49,0,1,68,0,69,0,26,92,0,118,64,0,64,182
07/29/2003,SLN,KS,ACE,CE,Federal Contract Tower,2,21,40,2,65,0,1,60,0,61,2,22,100,2,126,22,14,36,162
07/30/2003,SLN,KS,ACE,CE,Federal Contract Tower,1,25,27,1,54,0,1,74,1,76,1,26,101,2,130,94,18,112,242
07/31/2003,SLN,KS,ACE,CE,Federal Contract Tower,2,27,37,12,78,0,0,56,2,58,2,27,93,14,136,32,20,52,188
08/01/2003,SLN,KS,ACE,CE,Federal Contract Tower,5,17,36,5,63,0,1,53,5,59,5,18,89,10,122,66,0,66,188
08/02/2003,SLN,KS,ACE,CE,Federal Contract Tower,0,9,22,3,34,0,2,55,1,58,0,11,77,4,92,24,4,28,120
08/03/2003,SLN,KS,ACE,CE,Federal Contract Tower,0,13,34,0,47,0,1,34,3,38,0,14,68,3,85,28,0,28,113
08/04/2003,SLN,KS,ACE,CE,Federal Contract Tower,2,12,36,11,61,0,1,79,0,80,2,13,115,11,141,121,12,133,274
08/05/2003,SLN,KS,ACE,CE,Federal Contract Tower,0,26,37,8,71,0,2,83,4,89,0,28,120,12,160,93,18,111,271
08/06/2003,SLN,KS,ACE,CE,Federal Contract Tower,0,21,20,2,43,0,0,93,14,107,0,21,113,16,150,76,6,82,232
08/07/2003,SLN,KS,ACE,CE,Federal Contract Tower,0,19,33,3,55,0,1,66,3,70,0,20,99,6,125,68,0,68,193
08/08/2003,SLN,KS,ACE,CE,Federal Contract Tower,0,23,47,4,74,0,2,64,7,73,0,25,111,11,147,62,0,62,209
08/09/2003,SLN,KS,ACE,CE,Federal Contract Tower,0,12,21,0,33,0,0,40,0,40,0,12,61,0,73,35,0,35,108
08/10/2003,SLN,KS,ACE,CE,Federal Contract Tower,0,12,33,0,45,0,0,40,0,40,0,12,73,0,85,10,0,10,95
08/11/2003,SLN,KS,ACE,CE,Federal Contract Tower,0,14,30,3,47,0,0,71,2,73,0,14,101,5,120,90,4,94,214
08/12/2003,SLN,KS,ACE,CE,Federal Contract Tower,0,18,30,6,54,0,0,70,4,74,0,18,100,10,128,124,6,130,258
08/13/2003,SLN,KS,ACE,CE,Federal Contract Tower,0,15,33,7,55,0,1,67,5,73,0,16,100,12,128,110,12,122,250
08/14/2003,SLN,KS,ACE,CE,Federal Contract Tower,0,26,32,3,61,0,2,60,2,64,0,28,92,5,125,110,6,116,241
08/15/2003,SLN,KS,ACE,CE,Federal Contract Tower,0,26,30,7,63,0,0,72,1,73,0,26,102,8,136,102,4,106,242
08/16/2003,SLN,KS,ACE,CE,Federal Contract Tower,0,8,17,4,29,0,2,41,0,43,0,10,58,4,72,46,6,52,124
08/17/2003,SLN,KS,ACE,CE,Federal Contract Tower,1,14,46,1,62,0,0,27,1,28,1,14,73,2,90,20,0,20,110
08/18/2003,SLN,KS,ACE,CE,Federal Contract Tower,2,17,36,0,55,0,0,15,0,15,2,17,51,0,70,0,0,0,70
08/19/2003,SLN,KS,ACE,CE,Federal Contract Tower,0,19,23,2,44,0,1,21,1,23,0,20,44,3,67,24,10,34,101
08/20/2003,SLN,KS,ACE,CE,Federal Contract Tower,2,23,26,0,51,0,1,54,9,64,2,24,80,9,115,78,6,84,199
08/21/2003,SLN,KS,ACE,CE,Federal Contract Tower,0,25,33,0,58,0,1,57,2,60,0,26,90,2,118,92,0,92,210
08/22/2003,SLN,KS,ACE,CE,Federal Contract Tower,0,20,31,17,68,0,0,82,4,86,0,20,113,21,154,72,22,94,248
08/23/2003,SLN,KS,ACE,CE,Federal Contract Tower,0,7,45,4,56,0,0,49,2,51,0,7,94,6,107,36,2,38,145
08/24/2003,SLN,KS,ACE,CE,Federal Contract Tower,0,19,32,5,56,0,1,85,5,91,0,20,117,10,147,86,4,90,237
08/25/2003,SLN,KS,ACE,CE,Federal Contract Tower,0,17,19,8,44,0,0,88,0,88,0,17,107,8,132,130,26,156,288
08/26/2003,SLN,KS,ACE,CE,Federal Contract Tower,0,34,23,6,63,0,0,101,0,101,0,34,124,6,164,130,6,136,300
08/27/2003,SLN,KS,ACE,CE,Federal Contract Tower,0,28,18,7,53,0,0,111,1,112,0,28,129,8,165,212,38,250,415
08/28/2003,SLN,KS,ACE,CE,Federal Contract Tower,0,18,33,5,56,0,0,63,1,64,0,18,96,6,120,80,0,80,200
08/29/2003,SLN,KS,ACE,CE,Federal Contract Tower,0,18,42,0,60,0,0,76,0,76,0,18,118,0,136,118,0,118,254
08/30/2003,SLN,KS,ACE,CE,Federal Contract Tower,0,9,12,0,21,0,0,1,0,1,0,9,13,0,22,0,0,0,22
08/31/2003,SLN,KS,ACE,CE,Federal Contract Tower,0,8,24,2,34,0,0,0,0,0,0,8,24,2,34,0,0,0,34
09/01/2003,SLN,KS,ACE,CE,Federal Contract Tower,0,8,39,4,51,0,0,50,1,51,0,8,89,5,102,46,0,46,148
09/02/2003,SLN,KS,ACE,CE,Federal Contract Tower,2,26,38,14,80,0,2,162,27,191,2,28,200,41,271,196,10,206,477
09/03/2003,SLN,KS,ACE,CE,Federal Contract Tower,0,21,25,4,50,0,1,165,111,277,0,22,190,115,327,130,18,148,475
09/04/2003,SLN,KS,ACE,CE,Federal Contract Tower,0,25,20,4,49,0,2,151,77,230,0,27,171,81,279,132,0,132,411
09/05/2003,SLN,KS,ACE,CE,Federal Contract Tower,4,19,27,10,60,0,0,173,83,256,4,19,200,93,316,176,20,196,512
09/06/2003,SLN,KS,ACE,CE,Federal Contract Tower,2,11,19,7,39,0,0,83,93,176,2,11,102,100,215,86,8,94,309
09/07/2003,SLN,KS,ACE,CE,Federal Contract Tower,2,11,20,17,50,0,0,50,2,52,2,11,70,19,102,82,46,128,230
09/08/2003,SLN,KS,ACE,CE,Federal Contract Tower,0,18,31,8,57,0,5,158,108,271,0,23,189,116,328,176,2,178,506
09/09/2003,SLN,KS,ACE,CE,Federal Contract Tower,0,17,29,5,51,0,1,86,107,194,0,18,115,112,245,102,44,146,391
09/10/2003,SLN,KS,ACE,CE,Federal Contract Tower,2,14,38,9,63,0,0,98,56,154,2,14,136,65,217,72,4,76,293
09/11/2003,SLN,KS,ACE,CE,Federal Contract Tower,0,21,47,6,74,0,0,8,0,8,0,21,55,6,82,2,0,2,84
09/12/2003,SLN,KS,ACE,CE,Federal Contract Tower,0,31,40,9,80,0,1,206,21,228,0,32,246,30,308,334,2,336,644
09/13/2003,SLN,KS,ACE,CE,Federal Contract Tower,0,6,24,2,32,0,0,37,0,37,0,6,61,2,69,62,0,62,131
09/14/2003,SLN,KS,ACE,CE,Federal Contract Tower,0,9,27,2,38,0,0,70,0,70,0,9,97,2,108,102,0,102,210
09/15/2003,SLN,KS,ACE,CE,Federal Contract Tower,0,15,33,4,52,0,1,139,0,140,0,16,172,4,192,224,0,224,416
09/16/2003,SLN,KS,ACE,CE,Federal Contract Tower,0,18,23,11,52,0,0,123,3,126,0,18,146,14,178,162,10,172,350
09/17/2003,SLN,KS,ACE,CE,Federal Contract Tower,0,16,30,13,59,0,0,46,2,48,0,16,76,15,107,40,12,52,159
09/18/2003,SLN,KS,ACE,CE,Federal Contract Tower,0,13,33,8,54,0,0,62,0,62,0,13,95,8,116,148,2,150,266
09/19/2003,SLN,KS,ACE,CE,Federal Contract Tower,0,24,45,7,76,0,1,210,3,214,0,25,255,10,290,316,0,316,606
09/20/2003,SLN,KS,ACE,CE,Federal Contract Tower,0,9,21,2,32,0,0,65,0,65,0,9,86,2,97,68,0,68,165
09/21/2003,SLN,KS,ACE,CE,Federal Contract Tower,0,14,26,4,44,0,0,61,1,62,0,14,87,5,106,120,22,142,248
09/22/2003,SLN,KS,ACE,CE,Federal Contract Tower,0,21,35,4,60,0,0,140,0,140,0,21,175,4,200,302,0,302,502
09/23/2003,SLN,KS,ACE,CE,Federal Contract Tower,0,14,35,1,50,0,0,153,0,153,0,14,188,1,203,298,0,298,501
09/24/2003,SLN,KS,ACE,CE,Federal Contract Tower,2,20,41,4,67,0,0,167,1,168,2,20,208,5,235,391,2,393,628
09/25/2003,SLN,KS,ACE,CE,Federal Contract Tower,0,16,25,2,43,0,0,188,0,188,0,16,213,2,231,302,0,302,533
09/26/2003,SLN,KS,ACE,CE,Federal Contract Tower,0,31,34,3,68,0,0,136,9,145,0,31,170,12,213,174,4,178,391
09/27/2003,SLN,KS,ACE,CE,Federal Contract Tower,0,11,24,1,36,0,0,53,1,54,0,11,77,2,90,36,0,36,126
09/28/2003,SLN,KS,ACE,CE,Federal Contract Tower,0,11,32,0,43,0,0,43,0,43,0,11,75,0,86,44,0,44,130
09/29/2003,SLN,KS,ACE,CE,Federal Contract Tower,0,23,39,0,62,0,0,109,0,109,0,23,148,0,171,144,0,144,315
09/30/2003,SLN,KS,ACE,CE,Federal Contract Tower,2,16,45,2,65,0,0,5,0,5,2,16,50,2,70,8,0,8,78
10/01/2003,SLN,KS,ACE,CE,Federal Contract Tower,1,20,38,6,65,1,5,157,3,166,2,25,195,9,231,296,18,314,545
10/02/2003,SLN,KS,ACE,CE,Federal Contract Tower,1,17,34,5,57,1,3,130,6,140,2,20,164,11,197,252,4,256,453
10/03/2003,SLN,KS,ACE,CE,Federal Contract Tower,0,19,36,5,60,0,1,80,7,88,0,20,116,12,148,192,0,192,340
10/04/2003,SLN,KS,ACE,CE,Federal Contract Tower,0,5,12,1,18,0,2,71,5,78,0,7,83,6,96,62,0,62,158
10/05/2003,SLN,KS,ACE,CE,Federal Contract Tower,1,8,23,3,35,0,0,50,2,52,1,8,73,5,87,48,2,50,137
10/06/2003,SLN,KS,ACE,CE,Federal Contract Tower,1,19,35,4,59,1,5,98,0,104,2,24,133,4,163,246,0,246,409
10/07/2003,SLN,KS,ACE,CE,Federal Contract Tower,1,20,41,6,68,3,0,134,10,147,4,20,175,16,215,262,64,326,541
10/08/2003,SLN,KS,ACE,CE,Federal Contract Tower,0,17,33,5,55,0,0,77,4,81,0,17,110,9,136,112,0,112,248
10/09/2003,SLN,KS,ACE,CE,Federal Contract Tower,0,18,43,7,68,0,0,72,1,73,0,18,115,8,141,118,0,118,259
10/10/2003,SLN,KS,ACE,CE,Federal Contract Tower,0,20,37,6,63,0,0,36,7,43,0,20,73,13,106,88,14,102,208
10/11/2003,SLN,KS,ACE,CE,Federal Contract Tower,0,7,16,2,25,0,0,13,0,13,0,7,29,2,38,2,0,2,40
10/12/2003,SLN,KS,ACE,CE,Federal Contract Tower,0,10,26,2,38,0,0,57,0,57,0,10,83,2,95,32,4,36,131
10/13/2003,SLN,KS,ACE,CE,Federal Contract Tower,0,13,30,0,43,0,0,47,0,47,0,13,77,0,90,48,0,48,138
10/14/2003,SLN,KS,ACE,CE,Federal Contract Tower,0,18,31,6,55,0,4,107,0,111,0,22,138,6,166,106,4,110,276
10/15/2003,SLN,KS,ACE,CE,Federal Contract Tower,0,21,37,3,61,0,4,160,0,164,0,25,197,3,225,206,12,218,443
10/16/2003,SLN,KS,ACE,CE,Federal Contract Tower,0,27,47,8,82,0,1,152,2,155,0,28,199,10,237,244,28,272,509
10/17/2003,SLN,KS,ACE,CE,Federal Contract Tower,0,21,36,6,63,0,0,172,8,180,0,21,208,14,243,226,16,242,485
10/18/2003,SLN,KS,ACE,CE,Federal Contract Tower,0,8,15,3,26,0,5,77,2,84,0,13,92,5,110,68,16,84,194
10/19/2003,SLN,KS,ACE,CE,Federal Contract Tower,0,7,18,0,25,0,0,92,0,92,0,7,110,0,117,64,0,64,181
10/20/2003,SLN,KS,ACE,CE,Federal Contract Tower,0,21,38,7,66,0,1,150,11,162,0,22,188,18,228,254,10,264,492
10/21/2003,SLN,KS,ACE,CE,Federal Contract Tower,0,18,33,6,57,0,5,135,6,146,0,23,168,12,203,232,10,242,445
10/22/2003,SLN,KS,ACE,CE,Federal Contract Tower,0,20,36,6,62,0,0,165,1,166,0,20,201,7,228,240,8,248,476
10/23/2003,SLN,KS,ACE,CE,Federal Contract Tower,0,16,27,5,48,0,9,166,0,175,0,25,193,5,223,188,4,192,415
10/24/2003,SLN,KS,ACE,CE,Federal Contract Tower,0,16,34,5,55,0,0,101,3,104,0,16,135,8,159,88,0,88,247
10/25/2003,SLN,KS,ACE,CE,Federal Contract Tower,0,7,13,2,22,0,2,51,0,53,0,9,64,2,75,76,0,76,151
10/26/2003,SLN,KS,ACE,CE,Federal Contract Tower,0,7,30,1,38,2,0,61,0,63,2,7,91,1,101,64,4,68,169
10/27/2003,SLN,KS,ACE,CE,Federal Contract Tower,0,17,30,4,51,0,1,142,0,143,0,18,172,4,194,250,0,250,444
10/28/2003,SLN,KS,ACE,CE,Federal Contract Tower,0,21,39,6,66,0,13,103,9,125,0,34,142,15,191,176,0,176,367
10/29/2003,SLN,KS,ACE,CE,Federal Contract Tower,0,21,38,6,65,0,1,121,15,137,0,22,159,21,202,148,16,164,366
10/30/2003,SLN,KS,ACE,CE,Federal Contract Tower,0,23,42,6,71,0,5,126,11,142,0,28,168,17,213,248,10,258,471
10/31/2003,SLN,KS,ACE,CE,Federal Contract Tower,0,17,41,6,64,0,0,60,10,70,0,17,101,16,134,56,4,60,194
11/01/2003,SLN,KS,ACE,CE,Federal Contract Tower,0,12,33,4,49,0,0,23,4,27,0,12,56,8,76,36,0,36,112
11/02/2003,SLN,KS,ACE,CE,Federal Contract Tower,0,6,22,0,28,0,0,10,0,10,0,6,32,0,38,0,0,0,38
11/03/2003,SLN,KS,ACE,CE,Federal Contract Tower,0,11,24,0,35,0,4,0,0,4,0,15,24,0,39,0,0,0,39
11/04/2003,SLN,KS,ACE,CE,Federal Contract Tower,0,27,55,7,89,0,7,30,6,43,0,34,85,13,132,54,6,60,192
11/05/2003,SLN,KS,ACE,CE,Federal Contract Tower,0,22,41,4,67,0,0,18,0,18,0,22,59,4,85,28,0,28,113
11/06/2003,SLN,KS,ACE,CE,Federal Contract Tower,0,29,55,7,91,0,3,151,11,165,0,32,206,18,256,272,104,376,632
11/07/2003,SLN,KS,ACE,CE,Federal Contract Tower,0,18,51,7,76,0,0,137,3,140,0,18,188,10,216,180,44,224,440
11/08/2003,SLN,KS,ACE,CE,Federal Contract Tower,0,9,16,3,28,0,0,47,1,48,0,9,63,4,76,46,6,52,128
11/09/2003,SLN,KS,ACE,CE,Federal Contract Tower,0,7,22,0,29,0,0,42,0,42,0,7,64,0,71,34,0,34,105
11/10/2003,SLN,KS,ACE,CE,Federal Contract Tower,0,15,30,0,45,0,6,19,0,25,0,21,49,0,70,40,0,40,110
11/11/2003,SLN,KS,ACE,CE,Federal Contract Tower,0,14,31,0,45,0,0,153,0,153,0,14,184,0,198,196,0,196,394
11/12/2003,SLN,KS,ACE,CE,Federal Contract Tower,0,20,47,7,74,2,0,104,6,112,2,20,151,13,186,160,42,202,388
11/13/2003,SLN,KS,ACE,CE,Federal Contract Tower,0,18,34,6,58,0,6,119,4,129,0,24,153,10,187,199,20,219,406
11/14/2003,SLN,KS,ACE,CE,Federal Contract Tower,0,19,42,7,68,3,0,64,16,83,3,19,106,23,151,40,58,98,249
11/15/2003,SLN,KS,ACE,CE,Federal Contract Tower,0,8,20,3,31,0,0,91,9,100,0,8,111,12,131,100,18,118,249
11/16/2003,SLN,KS,ACE,CE,Federal Contract Tower,0,9,28,4,41,0,0,70,0,70,0,9,98,4,111,122,0,122,233
11/17/2003,SLN,KS,ACE,CE,Federal Contract Tower,0,18,33,2,53,0,4,71,0,75,0,22,104,2,128,142,0,142,270
11/18/2003,SLN,KS,ACE,CE,Federal Contract Tower,0,16,31,5,52,0,4,84,3,91,0,20,115,8,143,102,26,128,271
11/19/2003,SLN,KS,ACE,CE,Federal Contract Tower,0,14,27,4,45,0,2,197,1,200,0,16,224,5,245,332,56,388,633
11/20/2003,SLN,KS,ACE,CE,Federal Contract Tower,0,18,34,6,58,0,3,141,4,148,0,21,175,10,206,222,10,232,438
11/21/2003,SLN,KS,ACE,CE,Federal Contract Tower,0,15,42,7,64,0,0,105,10,115,0,15,147,17,179,144,72,216,395
11/22/2003,SLN,KS,ACE,CE,Federal Contract Tower,0,7,21,0,28,0,0,55,0,55,0,7,76,0,83,70,0,70,153
11/23/2003,SLN,KS,ACE,CE,Federal Contract Tower,0,7,17,2,26,2,0,4,3,9,2,7,21,5,35,0,2,2,37
11/24/2003,SLN,KS,ACE,CE,Federal Contract Tower,0,14,26,3,43,0,4,97,14,115,0,18,123,17,158,162,52,214,372
11/25/2003,SLN,KS,ACE,CE,Federal Contract Tower,0,18,37,5,60,0,4,93,6,103,0,22,130,11,163,168,32,200,363
11/26/2003,SLN,KS,ACE,CE,Federal Contract Tower,0,18,35,4,57,0,11,51,0,62,0,29,86,4,119,40,2,42,161
11/27/2003,SLN,KS,ACE,CE,Federal Contract Tower,0,3,8,0,11,0,0,28,0,28,0,3,36,0,39,8,0,8,47
11/28/2003,SLN,KS,ACE,CE,Federal Contract Tower,0,9,19,0,28,0,18,13,0,31,0,27,32,0,59,38,0,38,97
11/29/2003,SLN,KS,ACE,CE,Federal Contract Tower,0,8,17,0,25,0,4,41,0,45,0,12,58,0,70,56,0,56,126
11/30/2003,SLN,KS,ACE,CE,Federal Contract Tower,0,16,32,0,48,0,3,37,0,40,0,19,69,0,88,18,0,18,106
12/01/2003,SLN,KS,ACE,CE,Federal Contract Tower,0,20,32,5,57,0,8,95,1,104,0,28,127,6,161,198,0,198,359
12/02/2003,SLN,KS,ACE,CE,Federal Contract Tower,0,19,37,6,62,0,0,47,8,55,0,19,84,14,117,46,10,56,173
12/03/2003,SLN,KS,ACE,CE,Federal Contract Tower,0,14,32,4,50,0,0,4,12,16,0,14,36,16,66,22,8,30,96
12/04/2003,SLN,KS,ACE,CE,Federal Contract Tower,0,19,54,8,81,0,0,39,3,42,0,19,93,11,123,68,40,108,231
12/05/2003,SLN,KS,ACE,CE,Federal Contract Tower,0,16,31,4,51,0,0,97,4,101,0,16,128,8,152,158,70,228,380
12/06/2003,SLN,KS,ACE,CE,Federal Contract Tower,1,5,10,1,17,1,2,71,7,81,2,7,81,8,98,52,0,52,150
12/07/2003,SLN,KS,ACE,CE,Federal Contract Tower,0,12,21,0,33,0,3,50,0,53,0,15,71,0,86,38,0,38,124
12/08/2003,SLN,KS,ACE,CE,Federal Contract Tower,0,27,43,6,76,0,7,93,12,112,0,34,136,18,188,202,62,264,452
12/09/2003,SLN,KS,ACE,CE,Federal Contract Tower,0,2,6,0,8,0,0,2,0,2,0,2,8,0,10,0,0,0,10
12/10/2003,SLN,KS,ACE,CE,Federal Contract Tower,0,17,27,4,48,0,5,62,3,70,0,22,89,7,118,88,4,92,210
12/11/2003,SLN,KS,ACE,CE,Federal Contract Tower,0,14,34,6,54,0,0,124,0,124,0,14,158,6,178,196,20,216,394
12/12/2003,SLN,KS,ACE,CE,Federal Contract Tower,0,13,23,2,38,0,0,84,0,84,0,13,107,2,122,168,0,168,290
12/13/2003,SLN,KS,ACE,CE,Federal Contract Tower,0,8,12,0,20,0,3,6,0,9,0,11,18,0,29,0,0,0,29
12/14/2003,SLN,KS,ACE,CE,Federal Contract Tower,0,11,22,0,33,0,0,31,0,31,0,11,53,0,64,14,0,14,78
12/15/2003,SLN,KS,ACE,CE,Federal Contract Tower,0,18,27,2,47,0,4,41,0,45,0,22,68,2,92,20,0,20,112
12/16/2003,SLN,KS,ACE,CE,Federal Contract Tower,0,13,22,4,39,0,0,66,7,73,0,13,88,11,112,118,18,136,248
12/17/2003,SLN,KS,ACE,CE,Federal Contract Tower,0,12,34,6,52,0,0,121,7,128,0,12,155,13,180,150,64,214,394
12/18/2003,SLN,KS,ACE,CE,Federal Contract Tower,0,12,19,4,35,2,1,83,5,91,2,13,102,9,126,103,0,103,229
12/19/2003,SLN,KS,ACE,CE,Federal Contract Tower,0,22,36,7,65,0,0,75,15,90,0,22,111,22,155,104,98,202,357
12/20/2003,SLN,KS,ACE,CE,Federal Contract Tower,0,9,14,0,23,2,4,73,0,79,2,13,87,0,102,26,0,26,128
12/21/2003,SLN,KS,ACE,CE,Federal Contract Tower,0,15,22,2,39,0,5,28,0,33,0,20,50,2,72,46,12,58,130
12/22/2003,SLN,KS,ACE,CE,Federal Contract Tower,0,17,26,5,48,0,6,28,5,39,0,23,54,10,87,52,98,150,237
12/23/2003,SLN,KS,ACE,CE,Federal Contract Tower,0,18,28,4,50,0,5,88,0,93,0,23,116,4,143,92,4,96,239
12/24/2003,SLN,KS,ACE,CE,Federal Contract Tower,0,9,14,0,23,0,2,56,0,58,0,11,70,0,81,40,0,40,121
12/25/2003,SLN,KS,ACE,CE,Federal Contract Tower,0,3,3,0,6,0,4,8,0,12,0,7,11,0,18,0,0,0,18
12/26/2003,SLN,KS,ACE,CE,Federal Contract Tower,0,31,47,0,78,4,1,12,0,17,4,32,59,0,95,0,0,0,95
12/27/2003,SLN,KS,ACE,CE,Federal Contract Tower,0,22,36,0,58,0,0,52,0,52,0,22,88,0,110,38,0,38,148
12/28/2003,SLN,KS,ACE,CE,Federal Contract Tower,0,10,19,2,31,0,0,36,0,36,0,10,55,2,67,8,0,8,75
12/29/2003,SLN,KS,ACE,CE,Federal Contract Tower,0,13,19,2,34,0,9,37,0,46,0,22,56,2,80,66,6,72,152
12/30/2003,SLN,KS,ACE,CE,Federal Contract Tower,0,16,25,3,44,0,1,42,9,52,0,17,67,12,96,50,26,76,172
12/31/2003,SLN,KS,ACE,CE,Federal Contract Tower,0,9,14,2,25,0,12,31,2,45,0,21,45,4,70,52,2,54,124
01/01/2004,SLN,KS,ACE,CE,Federal Contract Tower,1,5,16,0,22,1,0,42,0,43,2,5,58,0,65,28,0,28,93
01/02/2004,SLN,KS,ACE,CE,Federal Contract Tower,0,21,40,5,66,0,0,45,0,45,0,21,85,5,111,26,14,40,151
01/03/2004,SLN,KS,ACE,CE,Federal Contract Tower,1,23,39,0,63,1,12,4,0,17,2,35,43,0,80,4,0,4,84
01/04/2004,SLN,KS,ACE,CE,Federal Contract Tower,0,21,28,0,49,0,8,0,0,8,0,29,28,0,57,12,0,12,69
01/05/2004,SLN,KS,ACE,CE,Federal Contract Tower,1,20,33,0,54,1,10,22,0,33,2,30,55,0,87,28,0,28,115
01/06/2004,SLN,KS,ACE,CE,Federal Contract Tower,0,22,38,7,67,0,11,36,7,54,0,33,74,14,121,60,58,118,239
01/07/2004,SLN,KS,ACE,CE,Federal Contract Tower,0,26,43,7,76,0,8,36,6,50,0,34,79,13,126,78,28,106,232
01/08/2004,SLN,KS,ACE,CE,Federal Contract Tower,0,24,43,7,74,0,0,45,29,74,0,24,88,36,148,104,164,268,416
01/09/2004,SLN,KS,ACE,CE,Federal Contract Tower,0,20,31,5,56,0,1,16,8,25,0,21,47,13,81,36,32,68,149
01/10/2004,SLN,KS,ACE,CE,Federal Contract Tower,0,9,21,5,35,0,0,39,5,44,0,9,60,10,79,8,4,12,91
01/11/2004,SLN,KS,ACE,CE,Federal Contract Tower,0,12,20,4,36,2,0,24,23,49,2,12,44,27,85,26,56,82,167
01/12/2004,SLN,KS,ACE,CE,Federal Contract Tower,0,18,28,6,52,1,1,79,16,97,1,19,107,22,149,78,50,128,277
01/13/2004,SLN,KS,ACE,CE,Federal Contract Tower,0,19,29,6,54,0,0,62,13,75,0,19,91,19,129,70,64,134,263
01/14/2004,SLN,KS,ACE,CE,Federal Contract Tower,0,18,35,6,59,0,0,38,0,38,0,18,73,6,97,48,16,64,161
01/15/2004,SLN,KS,ACE,CE,Federal Contract Tower,0,25,39,8,72,0,3,57,1,61,0,28,96,9,133,76,16,92,225
01/16/2004,SLN,KS,ACE,CE,Federal Contract Tower,0,24,38,0,62,0,0,9,0,9,0,24,47,0,71,0,0,0,71
01/17/2004,SLN,KS,ACE,CE,Federal Contract Tower,0,9,16,0,25,0,0,15,0,15,0,9,31,0,40,14,0,14,54
01/18/2004,SLN,KS,ACE,CE,Federal Contract Tower,0,9,20,0,29,0,0,45,0,45,0,9,65,0,74,8,0,8,82
01/19/2004,SLN,KS,ACE,CE,Federal Contract Tower,0,16,24,2,42,0,1,37,0,38,0,17,61,2,80,54,4,58,138
01/20/2004,SLN,KS,ACE,CE,Federal Contract Tower,0,18,28,6,52,0,10,19,7,36,0,28,47,13,88,46,16,62,150
01/21/2004,SLN,KS,ACE,CE,Federal Contract Tower,0,24,37,8,69,0,1,57,7,65,0,25,94,15,134,64,56,120,254
01/22/2004,SLN,KS,ACE,CE,Federal Contract Tower,0,20,32,7,59,0,5,38,0,43,0,25,70,7,102,60,26,86,188
01/23/2004,SLN,KS,ACE,CE,Federal Contract Tower,0,25,46,9,80,0,0,71,16,87,0,25,117,25,167,64,54,118,285
01/24/2004,SLN,KS,ACE,CE,Federal Contract Tower,0,10,20,4,34,0,0,30,9,39,0,10,50,13,73,32,30,62,135
01/25/2004,SLN,KS,ACE,CE,Federal Contract Tower,0,3,6,0,9,0,0,1,0,1,0,3,7,0,10,0,0,0,10
01/26/2004,SLN,KS,ACE,CE,Federal Contract Tower,0,13,17,0,30,0,9,0,0,9,0,22,17,0,39,0,0,0,39
01/27/2004,SLN,KS,ACE,CE,Federal Contract Tower,0,16,32,5,53,0,0,50,3,53,0,16,82,8,106,24,18,42,148
01/28/2004,SLN,KS,ACE,CE,Federal Contract Tower,0,22,37,6,65,0,0,78,0,78,0,22,115,6,143,130,14,144,287
01/29/2004,SLN,KS,ACE,CE,Federal Contract Tower,0,17,33,0,50,0,0,25,0,25,0,17,58,0,75,26,0,26,101
01/30/2004,SLN,KS,ACE,CE,Federal Contract Tower,0,21,47,8,76,0,0,109,3,112,0,21,156,11,188,160,18,178,366
01/31/2004,SLN,KS,ACE,CE,Federal Contract Tower,0,7,14,0,21,0,0,6,0,6,0,7,20,0,27,8,0,8,35
02/01/2004,SLN,KS,ACE,CE,Federal Contract Tower,0,3,5,0,8,0,5,0,0,5,0,8,5,0,13,0,0,0,13
02/02/2004,SLN,KS,ACE,CE,Federal Contract Tower,0,10,28,0,38,0,0,28,0,28,0,10,56,0,66,10,0,10,76
02/03/2004,SLN,KS,ACE,CE,Federal Contract Tower,0,14,30,2,46,0,9,95,0,104,0,23,125,2,150,86,8,94,244
02/04/2004,SLN,KS,ACE,CE,Federal Contract Tower,0,6,16,0,22,0,0,9,0,9,0,6,25,0,31,4,0,4,35
02/05/2004,SLN,KS,ACE,CE,Federal Contract Tower,0,18,32,2,52,0,7,0,0,7,0,25,32,2,59,0,0,0,59
02/06/2004,SLN,KS,ACE,CE,Federal Contract Tower,0,16,30,2,48,0,6,15,0,21,0,22,45,2,69,6,0,6,75
02/07/2004,SLN,KS,ACE,CE,Federal Contract Tower,0,8,14,3,25,0,3,54,4,61,0,11,68,7,86,46,0,46,132
02/08/2004,SLN,KS,ACE,CE,Federal Contract Tower,0,14,26,2,42,0,3,26,0,29,0,17,52,2,71,14,0,14,85
02/09/2004,SLN,KS,ACE,CE,Federal Contract Tower,0,13,24,1,38,0,8,139,0,147,0,21,163,1,185,168,0,168,353
02/10/2004,SLN,KS,ACE,CE,Federal Contract Tower,0,16,31,0,47,0,0,176,0,176,0,16,207,0,223,206,0,206,429
02/11/2004,SLN,KS,ACE,CE,Federal Contract Tower,0,20,45,9,74,0,0,161,5,166,0,20,206,14,240,154,74,228,468
02/12/2004,SLN,KS,ACE,CE,Federal Contract Tower,0,18,33,7,58,0,1,109,3,113,0,19,142,10,171,142,30,172,343
02/13/2004,SLN,KS,ACE,CE,Federal Contract Tower,0,18,35,7,60,0,4,124,5,133,0,22,159,12,193,104,22,126,319
02/14/2004,SLN,KS,ACE,CE,Federal Contract Tower,0,14,25,2,41,0,1,56,0,57,0,15,81,2,98,52,0,52,150
02/15/2004,SLN,KS,ACE,CE,Federal Contract Tower,0,5,14,0,19,0,0,45,0,45,0,5,59,0,64,58,0,58,122
02/16/2004,SLN,KS,ACE,CE,Federal Contract Tower,0,17,33,0,50,2,0,100,0,102,2,17,133,0,152,162,0,162,314
02/17/2004,SLN,KS,ACE,CE,Federal Contract Tower,0,20,43,7,70,0,0,122,1,123,0,20,165,8,193,140,0,140,333
02/18/2004,SLN,KS,ACE,CE,Federal Contract Tower,0,22,42,7,71,0,3,135,11,149,0,25,177,18,220,218,72,290,510
02/19/2004,SLN,KS,ACE,CE,Federal Contract Tower,0,18,34,5,57,0,2,77,15,94,0,20,111,20,151,94,28,122,273
02/20/2004,SLN,KS,ACE,CE,Federal Contract Tower,0,16,30,5,51,0,4,55,11,70,0,20,85,16,121,92,60,152,273
02/21/2004,SLN,KS,ACE,CE,Federal Contract Tower,0,11,27,4,42,0,0,79,11,90,0,11,106,15,132,42,10,52,184
02/22/2004,SLN,KS,ACE,CE,Federal Contract Tower,0,10,23,4,37,0,0,24,4,28,0,10,47,8,65,22,54,76,141
02/23/2004,SLN,KS,ACE,CE,Federal Contract Tower,0,15,57,9,81,0,0,12,28,40,0,15,69,37,121,32,110,142,263
02/24/2004,SLN,KS,ACE,CE,Federal Contract Tower,0,25,49,8,82,0,6,12,7,25,0,31,61,15,107,112,56,168,275
02/25/2004,SLN,KS,ACE,CE,Federal Contract Tower,0,17,37,6,60,0,0,77,15,92,0,17,114,21,152,192,80,272,424
02/26/2004,SLN,KS,ACE,CE,Federal Contract Tower,0,16,33,5,54,0,0,167,2,169,0,16,200,7,223,206,18,224,447
02/27/2004,SLN,KS,ACE,CE,Federal Contract Tower,0,20,42,7,69,0,0,106,3,109,0,20,148,10,178,106,14,120,298
02/28/2004,SLN,KS,ACE,CE,Federal Contract Tower,0,7,22,0,29,0,0,24,0,24,0,7,46,0,53,18,6,24,77
02/29/2004,SLN,KS,ACE,CE,Federal Contract Tower,0,10,14,3,27,0,9,0,1,10,0,19,14,4,37,2,2,4,41
03/01/2004,SLN,KS,ACE,CE,Federal Contract Tower,0,14,31,0,45,0,9,12,0,21,0,23,43,0,66,14,0,14,80
03/02/2004,SLN,KS,ACE,CE,Federal Contract Tower,0,14,42,8,64,0,0,165,14,179,0,14,207,22,243,226,100,326,569
03/03/2004,SLN,KS,ACE,CE,Federal Contract Tower,0,13,28,0,41,0,4,4,0,8,0,17,32,0,49,4,0,4,53
03/04/2004,SLN,KS,ACE,CE,Federal Contract Tower,0,18,39,5,62,0,6,2,0,8,0,24,41,5,70,0,0,0,70
03/05/2004,SLN,KS,ACE,CE,Federal Contract Tower,0,19,41,8,68,0,8,33,13,54,0,27,74,21,122,146,30,176,298
03/06/2004,SLN,KS,ACE,CE,Federal Contract Tower,0,12,26,5,43,0,0,72,19,91,0,12,98,24,134,60,12,72,206
03/07/2004,SLN,KS,ACE,CE,Federal Contract Tower,0,20,43,2,65,0,0,78,0,78,0,20,121,2,143,72,0,72,215
03/08/2004,SLN,KS,ACE,CE,Federal Contract Tower,0,13,33,6,52,0,0,180,6,186,0,13,213,12,238,234,22,256,494
03/09/2004,SLN,KS,ACE,CE,Federal Contract Tower,0,18,42,9,69,0,0,198,15,213,0,18,240,24,282,314,74,388,670
03/10/2004,SLN,KS,ACE,CE,Federal Contract Tower,0,22,46,10,78,0,3,61,5,69,0,25,107,15,147,32,58,90,237
03/11/2004,SLN,KS,ACE,CE,Federal Contract Tower,0,20,44,10,74,0,0,125,11,136,0,20,169,21,210,142,34,176,386
03/12/2004,SLN,KS,ACE,CE,Federal Contract Tower,0,19,39,9,67,0,0,179,0,179,0,19,218,9,246,226,40,266,512
03/13/2004,SLN,KS,ACE,CE,Federal Contract Tower,0,11,41,4,56,0,0,24,0,24,0,11,65,4,80,22,0,22,102
03/14/2004,SLN,KS,ACE,CE,Federal Contract Tower,0,11,31,0,42,0,0,80,0,80,0,11,111,0,122,56,0,56,178
03/15/2004,SLN,KS,ACE,CE,Federal Contract Tower,0,21,44,10,75,0,0,33,15,48,0,21,77,25,123,30,82,112,235
03/16/2004,SLN,KS,ACE,CE,Federal Contract Tower,0,16,33,5,54,1,3,112,0,116,1,19,145,5,170,210,24,234,404
03/17/2004,SLN,KS,ACE,CE,Federal Contract Tower,0,21,44,10,75,2,5,173,6,186,2,26,217,16,261,312,14,326,587
03/18/2004,SLN,KS,ACE,CE,Federal Contract Tower,0,15,33,8,56,0,0,129,28,157,0,15,162,36,213,171,42,213,426
03/19/2004,SLN,KS,ACE,CE,Federal Contract Tower,0,23,56,12,91,0,0,61,3,64,0,23,117,15,155,154,18,172,327
03/20/2004,SLN,KS,ACE,CE,Federal Contract Tower,0,12,30,7,49,2,0,26,10,38,2,12,56,17,87,24,7,31,118
03/21/2004,SLN,KS,ACE,CE,Federal Contract Tower,0,9,21,1,31,2,0,50,0,52,2,9,71,1,83,30,0,30,113
03/22/2004,SLN,KS,ACE,CE,Federal Contract Tower,0,16,32,1,49,1,6,62,0,69,1,22,94,1,118,84,0,84,202
03/23/2004,SLN,KS,ACE,CE,Federal Contract Tower,0,11,25,5,41,0,3,33,3,39,0,14,58,8,80,62,8,70,150
03/24/2004,SLN,KS,ACE,CE,Federal Contract Tower,0,17,39,8,64,0,0,36,6,42,0,17,75,14,106,154,34,188,294
03/25/2004,SLN,KS,ACE,CE,Federal Contract Tower,0,16,34,4,54,0,5,26,0,31,0,21,60,4,85,128,8,136,221
03/26/2004,SLN,KS,ACE,CE,Federal Contract Tower,0,17,40,8,65,0,0,21,18,39,0,17,61,26,104,34,74,108,212
03/27/2004,SLN,KS,ACE,CE,Federal Contract Tower,0,5,15,0,20,0,0,5,0,5,0,5,20,0,25,0,0,0,25
03/28/2004,SLN,KS,ACE,CE,Federal Contract Tower,0,11,32,0,43,0,0,62,0,62,0,11,94,0,105,46,0,46,151
03/29/2004,SLN,KS,ACE,CE,Federal Contract Tower,0,17,36,7,60,0,7,59,4,70,0,24,95,11,130,88,46,134,264
03/30/2004,SLN,KS,ACE,CE,Federal Contract Tower,0,16,34,7,57,0,5,124,5,134,0,21,158,12,191,188,70,258,449
03/31/2004,SLN,KS,ACE,CE,Federal Contract Tower,0,19,42,8,69,0,0,168,12,180,0,19,210,20,249,222,58,280,529
04/01/2004,SLN,KS,ACE,CE,Federal Contract Tower,0,18,35,5,58,0,4,135,5,144,0,22,170,10,202,192,2,194,396
04/02/2004,SLN,KS,ACE,CE,Federal Contract Tower,1,15,34,5,55,1,0,136,14,151,2,15,170,19,206,232,14,246,452
04/03/2004,SLN,KS,ACE,CE,Federal Contract Tower,0,12,25,3,40,0,1,156,21,178,0,13,181,24,218,54,0,54,272
04/04/2004,SLN,KS,ACE,CE,Federal Contract Tower,0,14,26,3,43,0,0,81,14,95,0,14,107,17,138,66,4,70,208
04/05/2004,SLN,KS,ACE,CE,Federal Contract Tower,0,19,39,5,63,0,0,102,9,111,0,19,141,14,174,206,50,256,430
04/06/2004,SLN,KS,ACE,CE,Federal Contract Tower,0,14,28,4,46,0,8,119,17,144,0,22,147,21,190,194,64,258,448
04/07/2004,SLN,KS,ACE,CE,Federal Contract Tower,0,21,38,5,64,0,0,142,18,160,0,21,180,23,224,158,56,214,438
04/08/2004,SLN,KS,ACE,CE,Federal Contract Tower,0,15,28,4,47,0,2,118,3,123,0,17,146,7,170,162,6,168,338
04/09/2004,SLN,KS,ACE,CE,Federal Contract Tower,1,11,26,2,40,0,0,58,0,58,1,11,84,2,98,90,0,90,188
04/10/2004,SLN,KS,ACE,CE,Federal Contract Tower,0,4,9,0,13,0,0,22,0,22,0,4,31,0,35,18,0,18,53
04/11/2004,SLN,KS,ACE,CE,Federal Contract Tower,0,8,14,0,22,0,5,38,0,43,0,13,52,0,65,24,0,24,89
04/12/2004,SLN,KS,ACE,CE,Federal Contract Tower,0,17,31,4,52,0,3,52,0,55,0,20,83,4,107,104,30,134,241
04/13/2004,SLN,KS,ACE,CE,Federal Contract Tower,0,21,39,7,67,0,0,139,11,150,0,21,178,18,217,252,28,280,497
04/14/2004,SLN,KS,ACE,CE,Federal Contract Tower,0,20,41,7,68,0,0,140,3,143,0,20,181,10,211,172,18,190,401
04/15/2004,SLN,KS,ACE,CE,Federal Contract Tower,0,17,30,5,52,0,7,133,1,141,0,24,163,6,193,182,10,192,385
04/16/2004,SLN,KS,ACE,CE,Federal Contract Tower,0,9,16,3,28,0,14,152,6,172,0,23,168,9,200,188,4,192,392
04/17/2004,SLN,KS,ACE,CE,Federal Contract Tower,0,3,20,0,23,2,0,48,0,50,2,3,68,0,73,62,0,62,135
04/18/2004,SLN,KS,ACE,CE,Federal Contract Tower,0,9,19,0,28,0,0,17,0,17,0,9,36,0,45,4,0,4,49
04/19/2004,SLN,KS,ACE,CE,Federal Contract Tower,0,17,39,7,63,0,0,112,9,121,0,17,151,16,184,180,28,208,392
04/20/2004,SLN,KS,ACE,CE,Federal Contract Tower,0,18,31,5,54,0,0,70,0,70,0,18,101,5,124,128,4,132,256
04/21/2004,SLN,KS,ACE,CE,Federal Contract Tower,0,19,35,6,60,2,2,130,15,149,2,21,165,21,209,214,74,288,497
04/22/2004,SLN,KS,ACE,CE,Federal Contract Tower,0,16,41,2,59,0,0,13,0,13,0,16,54,2,72,4,0,4,76
04/23/2004,SLN,KS,ACE,CE,Federal Contract Tower,0,21,38,6,65,0,6,23,2,31,0,27,61,8,96,28,10,38,134
04/24/2004,SLN,KS,ACE,CE,Federal Contract Tower,0,7,17,0,24,0,0,16,0,16,0,7,33,0,40,40,0,40,80
04/25/2004,SLN,KS,ACE,CE,Federal Contract Tower,0,11,25,2,38,0,0,101,0,101,0,11,126,2,139,114,4,118,257
04/26/2004,SLN,KS,ACE,CE,Federal Contract Tower,0,23,42,6,71,0,0,135,0,135,0,23,177,6,206,238,16,254,460
04/27/2004,SLN,KS,ACE,CE,Federal Contract Tower,0,16,32,4,52,0,0,176,14,190,0,16,208,18,242,284,18,302,544
04/28/2004,SLN,KS,ACE,CE,Federal Contract Tower,0,27,50,6,83,2,2,56,0,60,2,29,106,6,143,46,0,46,189
04/29/2004,SLN,KS,ACE,CE,Federal Contract Tower,0,19,43,6,68,0,0,53,1,54,0,19,96,7,122,198,0,198,320
04/30/2004,SLN,KS,ACE,CE,Federal Contract Tower,0,17,33,4,54,0,0,11,0,11,0,17,44,4,65,16,8,24,89
05/01/2004,SLN,KS,ACE,CE,Federal Contract Tower,0,9,20,1,30,0,0,109,8,117,0,9,129,9,147,70,2,72,219
05/02/2004,SLN,KS,ACE,CE,Federal Contract Tower,0,6,30,1,37,0,0,114,8,122,0,6,144,9,159,80,0,80,239
05/03/2004,SLN,KS,ACE,CE,Federal Contract Tower,0,14,27,1,42,0,3,141,4,148,0,17,168,5,190,218,6,224,414
05/04/2004,SLN,KS,ACE,CE,Federal Contract Tower,0,16,33,1,50,0,2,143,6,151,0,18,176,7,201,248,36,284,485
05/05/2004,SLN,KS,ACE,CE,Federal Contract Tower,0,20,44,2,66,0,0,158,0,158,0,20,202,2,224,168,0,168,392
05/06/2004,SLN,KS,ACE,CE,Federal Contract Tower,1,16,32,1,50,1,10,94,11,116,2,26,126,12,166,104,4,108,274
05/07/2004,SLN,KS,ACE,CE,Federal Contract Tower,0,17,34,2,53,0,1,118,3,122,0,18,152,5,175,120,2,122,297
05/08/2004,SLN,KS,ACE,CE,Federal Contract Tower,0,11,21,0,32,0,0,43,0,43,0,11,64,0,75,72,0,72,147
05/09/2004,SLN,KS,ACE,CE,Federal Contract Tower,0,12,23,1,36,0,6,19,0,25,0,18,42,1,61,24,0,24,85
05/10/2004,SLN,KS,ACE,CE,Federal Contract Tower,0,14,26,1,41,0,3,52,2,57,0,17,78,3,98,56,16,72,170
05/11/2004,SLN,KS,ACE,CE,Federal Contract Tower,0,17,31,2,50,0,0,72,5,77,0,17,103,7,127,88,2,90,217
05/12/2004,SLN,KS,ACE,CE,Federal Contract Tower,0,18,40,3,61,2,0,79,0,81,2,18,119,3,142,48,2,50,192
05/13/2004,SLN,KS,ACE,CE,Federal Contract Tower,0,15,28,0,43,0,0,2,0,2,0,15,30,0,45,0,0,0,45
05/14/2004,SLN,KS,ACE,CE,Federal Contract Tower,0,15,26,2,43,0,6,118,11,135,0,21,144,13,178,94,8,102,280
05/15/2004,SLN,KS,ACE,CE,Federal Contract Tower,0,3,15,1,19,2,0,57,4,63,2,3,72,5,82,104,4,108,190
05/16/2004,SLN,KS,ACE,CE,Federal Contract Tower,0,14,26,0,40,0,2,16,0,18,0,16,42,0,58,0,0,0,58
05/17/2004,SLN,KS,ACE,CE,Federal Contract Tower,0,11,28,2,41,2,0,49,0,51,2,11,77,2,92,80,0,80,172
05/18/2004,SLN,KS,ACE,CE,Federal Contract Tower,0,10,21,2,33,0,0,35,6,41,0,10,56,8,74,78,6,84,158
05/19/2004,SLN,KS,ACE,CE,Federal Contract Tower,0,21,43,3,67,0,0,105,1,106,0,21,148,4,173,102,10,112,285
05/20/2004,SLN,KS,ACE,CE,Federal Contract Tower,0,19,36,2,57,2,0,61,7,70,2,19,97,9,127,80,14,94,221
05/21/2004,SLN,KS,ACE,CE,Federal Contract Tower,0,21,39,3,63,0,4,66,10,80,0,25,105,13,143,30,0,30,173
05/22/2004,SLN,KS,ACE,CE,Federal Contract Tower,0,9,18,1,28,0,0,43,1,44,0,9,61,2,72,6,0,6,78
05/23/2004,SLN,KS,ACE,CE,Federal Contract Tower,0,9,35,1,45,0,0,53,6,59,0,9,88,7,104,28,0,28,132
05/24/2004,SLN,KS,ACE,CE,Federal Contract Tower,0,18,34,2,54,0,3,36,0,39,0,21,70,2,93,54,0,54,147
05/25/2004,SLN,KS,ACE,CE,Federal Contract Tower,0,19,36,1,56,0,7,73,6,86,0,26,109,7,142,56,2,58,200
05/26/2004,SLN,KS,ACE,CE,Federal Contract Tower,0,22,48,2,72,0,0,65,8,73,0,22,113,10,145,58,6,64,209
05/27/2004,SLN,KS,ACE,CE,Federal Contract Tower,0,20,39,2,61,0,3,77,6,86,0,23,116,8,147,64,4,68,215
05/28/2004,SLN,KS,ACE,CE,Federal Contract Tower,0,19,36,2,57,0,5,55,1,61,0,24,91,3,118,71,0,71,189
05/29/2004,SLN,KS,ACE,CE,Federal Contract Tower,0,7,12,0,19,0,1,4,0,5,0,8,16,0,24,2,0,2,26
05/30/2004,SLN,KS,ACE,CE,Federal Contract Tower,0,5,10,0,15,0,0,18,0,18,0,5,28,0,33,22,0,22,55
05/31/2004,SLN,KS,ACE,CE,Federal Contract Tower,0,14,27,0,41,0,3,48,0,51,0,17,75,0,92,18,0,18,110
06/01/2004,SLN,KS,ACE,CE,Federal Contract Tower,0,15,30,1,46,0,0,87,3,90,0,15,117,4,136,76,0,76,212
06/02/2004,SLN,KS,ACE,CE,Federal Contract Tower,0,17,38,1,56,0,0,96,7,103,0,17,134,8,159,125,8,133,292
06/03/2004,SLN,KS,ACE,CE,Federal Contract Tower,0,14,30,1,45,0,0,88,8,96,0,14,118,9,141,103,0,103,244
06/04/2004,SLN,KS,ACE,CE,Federal Contract Tower,0,14,34,2,50,1,0,61,4,66,1,14,95,6,116,73,0,73,189
06/05/2004,SLN,KS,ACE,CE,Federal Contract Tower,0,6,12,1,19,0,1,27,4,32,0,7,39,5,51,26,0,26,77
06/06/2004,SLN,KS,ACE,CE,Federal Contract Tower,0,15,32,2,49,0,2,48,2,52,0,17,80,4,101,44,2,46,147
06/07/2004,SLN,KS,ACE,CE,Federal Contract Tower,0,17,42,1,60,0,0,93,0,93,0,17,135,1,153,84,0,84,237
06/08/2004,SLN,KS,ACE,CE,Federal Contract Tower,0,18,35,2,55,0,2,111,2,115,0,20,146,4,170,40,8,48,218
06/09/2004,SLN,KS,ACE,CE,Federal Contract Tower,0,20,53,3,76,0,0,25,0,25,0,20,78,3,101,94,0,94,195
06/10/2004,SLN,KS,ACE,CE,Federal Contract Tower,0,22,45,3,70,1,3,57,3,64,1,25,102,6,134,102,0,102,236
06/11/2004,SLN,KS,ACE,CE,Federal Contract Tower,0,17,34,0,51,1,3,91,0,95,1,20,125,0,146,64,0,64,210
06/12/2004,SLN,KS,ACE,CE,Federal Contract Tower,0,6,12,1,19,0,2,30,16,48,0,8,42,17,67,48,0,48,115
06/13/2004,SLN,KS,ACE,CE,Federal Contract Tower,0,10,22,1,33,0,0,25,3,28,0,10,47,4,61,6,0,6,67
06/14/2004,SLN,KS,ACE,CE,Federal Contract Tower,0,21,42,0,63,0,5,56,0,61,0,26,98,0,124,64,0,64,188
06/15/2004,SLN,KS,ACE,CE,Federal Contract Tower,0,14,29,2,45,0,7,63,2,72,0,21,92,4,117,104,0,104,221
06/16/2004,SLN,KS,ACE,CE,Federal Contract Tower,0,13,28,2,43,0,5,66,2,73,0,18,94,4,116,92,0,92,208
06/17/2004,SLN,KS,ACE,CE,Federal Contract Tower,0,18,37,2,57,0,6,77,0,83,0,24,114,2,140,111,0,111,251
06/18/2004,SLN,KS,ACE,CE,Federal Contract Tower,0,15,35,2,52,0,0,18,4,22,0,15,53,6,74,36,0,36,110
06/19/2004,SLN,KS,ACE,CE,Federal Contract Tower,0,7,16,0,23,0,0,28,0,28,0,7,44,0,51,30,0,30,81
06/20/2004,SLN,KS,ACE,CE,Federal Contract Tower,0,5,27,1,33,0,0,40,3,43,0,5,67,4,76,46,4,50,126
06/21/2004,SLN,KS,ACE,CE,Federal Contract Tower,0,16,35,0,51,0,2,63,0,65,0,18,98,0,116,96,0,96,212
06/22/2004,SLN,KS,ACE,CE,Federal Contract Tower,0,14,29,1,44,0,2,64,7,73,0,16,93,8,117,74,10,84,201
06/23/2004,SLN,KS,ACE,CE,Federal Contract Tower,0,17,36,0,53,0,1,93,0,94,0,18,129,0,147,92,0,92,239
06/24/2004,SLN,KS,ACE,CE,Federal Contract Tower,0,18,38,1,57,0,5,40,3,48,0,23,78,4,105,54,0,54,159
06/25/2004,SLN,KS,ACE,CE,Federal Contract Tower,0,22,45,1,68,0,4,67,8,79,0,26,112,9,147,66,0,66,213
06/26/2004,SLN,KS,ACE,CE,Federal Contract Tower,0,5,11,0,16,0,0,28,2,30,0,5,39,2,46,18,0,18,64
06/27/2004,SLN,KS,ACE,CE,Federal Contract Tower,0,10,31,0,41,0,0,19,0,19,0,10,50,0,60,0,0,0,60
06/28/2004,SLN,KS,ACE,CE,Federal Contract Tower,0,20,52,2,74,0,0,73,0,73,0,20,125,2,147,72,0,72,219
06/29/2004,SLN,KS,ACE,CE,Federal Contract Tower,0,15,32,1,48,0,4,74,4,82,0,19,106,5,130,146,0,146,276
06/30/2004,SLN,KS,ACE,CE,Federal Contract Tower,0,15,32,1,48,0,0,59,4,63,0,15,91,5,111,124,0,124,235
07/01/2004,SLN,KS,ACE,CE,Federal Contract Tower,0,15,33,0,48,0,4,9,7,20,0,19,42,7,68,22,2,24,92
07/02/2004,SLN,KS,ACE,CE,Federal Contract Tower,0,11,18,0,29,0,5,0,4,9,0,16,18,4,38,0,0,0,38
07/03/2004,SLN,KS,ACE,CE,Federal Contract Tower,0,8,18,0,26,0,0,29,4,33,0,8,47,4,59,52,0,52,111
07/04/2004,SLN,KS,ACE,CE,Federal Contract Tower,0,6,14,1,21,0,5,37,1,43,0,11,51,2,64,24,0,24,88
07/05/2004,SLN,KS,ACE,CE,Federal Contract Tower,0,10,23,0,33,0,7,44,0,51,0,17,67,0,84,64,0,64,148
07/06/2004,SLN,KS,ACE,CE,Federal Contract Tower,0,12,27,0,39,2,3,42,0,47,2,15,69,0,86,64,0,64,150
07/07/2004,SLN,KS,ACE,CE,Federal Contract Tower,0,14,30,1,45,0,0,56,2,58,0,14,86,3,103,34,0,34,137
07/08/2004,SLN,KS,ACE,CE,Federal Contract Tower,0,14,30,1,45,0,3,77,3,83,0,17,107,4,128,134,0,134,262
07/09/2004,SLN,KS,ACE,CE,Federal Contract Tower,0,11,24,1,36,0,0,55,4,59,0,11,79,5,95,70,6,76,171
07/10/2004,SLN,KS,ACE,CE,Federal Contract Tower,0,10,21,1,32,0,0,61,5,66,0,10,82,6,98,54,2,56,154
07/11/2004,SLN,KS,ACE,CE,Federal Contract Tower,0,10,19,1,30,0,4,25,3,32,0,14,44,4,62,14,4,18,80
07/12/2004,SLN,KS,ACE,CE,Federal Contract Tower,0,9,18,1,28,0,3,44,4,51,0,12,62,5,79,28,0,28,107
07/13/2004,SLN,KS,ACE,CE,Federal Contract Tower,0,15,29,1,45,0,3,50,5,58,0,18,79,6,103,36,12,48,151
07/14/2004,SLN,KS,ACE,CE,Federal Contract Tower,0,14,26,1,41,0,3,65,4,72,0,17,91,5,113,66,2,68,181
07/15/2004,SLN,KS,ACE,CE,Federal Contract Tower,0,12,23,1,36,0,2,50,7,59,0,14,73,8,95,32,0,32,127
07/16/2004,SLN,KS,ACE,CE,Federal Contract Tower,0,16,32,1,49,0,1,28,2,31,0,17,60,3,80,40,0,40,120
07/17/2004,SLN,KS,ACE,CE,Federal Contract Tower,0,6,24,1,31,1,0,49,1,51,1,6,73,2,82,26,0,26,108
07/18/2004,SLN,KS,ACE,CE,Federal Contract Tower,0,11,22,0,33,0,1,34,0,35,0,12,56,0,68,44,0,44,112
07/19/2004,SLN,KS,ACE,CE,Federal Contract Tower,0,13,26,0,39,0,1,52,0,53,0,14,78,0,92,50,0,50,142
07/20/2004,SLN,KS,ACE,CE,Federal Contract Tower,0,10,21,1,32,0,0,51,1,52,0,10,72,2,84,60,0,60,144
07/21/2004,SLN,KS,ACE,CE,Federal Contract Tower,0,13,30,1,44,0,0,65,8,73,0,13,95,9,117,72,4,76,193
07/22/2004,SLN,KS,ACE,CE,Federal Contract Tower,0,12,25,1,38,0,0,59,8,67,0,12,84,9,105,64,8,72,177
07/23/2004,SLN,KS,ACE,CE,Federal Contract Tower,0,13,30,0,43,0,0,11,8,19,0,13,41,8,62,0,32,32,94
07/24/2004,SLN,KS,ACE,CE,Federal Contract Tower,0,5,14,0,19,0,0,18,2,20,0,5,32,2,39,16,0,16,55
07/25/2004,SLN,KS,ACE,CE,Federal Contract Tower,0,9,32,0,41,0,0,47,11,58,0,9,79,11,99,16,4,20,119
07/26/2004,SLN,KS,ACE,CE,Federal Contract Tower,0,16,32,0,48,0,2,89,9,100,0,18,121,9,148,66,2,68,216
07/27/2004,SLN,KS,ACE,CE,Federal Contract Tower,0,13,25,0,38,0,2,68,2,72,0,15,93,2,110,110,0,110,220
07/28/2004,SLN,KS,ACE,CE,Federal Contract Tower,0,13,27,0,40,0,7,47,0,54,0,20,74,0,94,38,0,38,132
07/29/2004,SLN,KS,ACE,CE,Federal Contract Tower,0,16,41,0,57,0,0,38,5,43,0,16,79,5,100,16,0,16,116
07/30/2004,SLN,KS,ACE,CE,Federal Contract Tower,0,16,33,0,49,0,10,33,3,46,0,26,66,3,95,40,0,40,135
07/31/2004,SLN,KS,ACE,CE,Federal Contract Tower,0,9,20,0,29,0,0,45,0,45,0,9,65,0,74,32,0,32,106
08/01/2004,SLN,KS,ACE,CE,Federal Contract Tower,0,18,34,3,55,0,3,39,0,42,0,21,73,3,97,14,4,18,115
08/02/2004,SLN,KS,ACE,CE,Federal Contract Tower,0,12,23,3,38,0,0,50,4,54,0,12,73,7,92,44,8,52,144
08/03/2004,SLN,KS,ACE,CE,Federal Contract Tower,0,13,27,4,44,0,5,74,3,82,0,18,101,7,126,76,2,78,204
08/04/2004,SLN,KS,ACE,CE,Federal Contract Tower,0,17,34,4,55,0,8,56,0,64,0,25,90,4,119,70,0,70,189
08/05/2004,SLN,KS,ACE,CE,Federal Contract Tower,0,23,43,7,73,0,0,43,2,45,0,23,86,9,118,110,6,116,234
08/06/2004,SLN,KS,ACE,CE,Federal Contract Tower,0,16,32,5,53,0,5,65,7,77,0,21,97,12,130,68,6,74,204
08/07/2004,SLN,KS,ACE,CE,Federal Contract Tower,0,8,16,2,26,0,1,42,8,51,0,9,58,10,77,10,0,10,87
08/08/2004,SLN,KS,ACE,CE,Federal Contract Tower,0,9,17,3,29,0,0,36,3,39,0,9,53,6,68,12,6,18,86
08/09/2004,SLN,KS,ACE,CE,Federal Contract Tower,0,16,32,6,54,1,1,77,10,89,1,17,109,16,143,104,6,110,253
08/10/2004,SLN,KS,ACE,CE,Federal Contract Tower,0,12,29,5,46,0,0,55,3,58,0,12,84,8,104,79,8,87,191
08/11/2004,SLN,KS,ACE,CE,Federal Contract Tower,0,18,38,7,63,1,0,68,15,84,1,18,106,22,147,124,36,160,307
08/12/2004,SLN,KS,ACE,CE,Federal Contract Tower,0,16,35,7,58,0,0,52,9,61,0,16,87,16,119,81,34,115,234
08/13/2004,SLN,KS,ACE,CE,Federal Contract Tower,0,14,32,6,52,0,0,49,1,50,0,14,81,7,102,30,2,32,134
08/14/2004,SLN,KS,ACE,CE,Federal Contract Tower,0,10,17,0,27,2,5,28,0,35,2,15,45,0,62,34,0,34,96
08/15/2004,SLN,KS,ACE,CE,Federal Contract Tower,0,9,24,0,33,0,0,32,0,32,0,9,56,0,65,4,0,4,69
08/16/2004,SLN,KS,ACE,CE,Federal Contract Tower,0,10,19,2,31,0,8,31,0,39,0,18,50,2,70,22,0,22,92
08/17/2004,SLN,KS,ACE,CE,Federal Contract Tower,0,15,26,5,46,0,10,27,4,41,0,25,53,9,87,12,10,22,109
08/18/2004,SLN,KS,ACE,CE,Federal Contract Tower,0,19,34,6,59,0,6,73,8,87,0,25,107,14,146,90,36,126,272
08/19/2004,SLN,KS,ACE,CE,Federal Contract Tower,0,20,38,7,65,0,0,36,3,39,0,20,74,10,104,64,0,64,168
08/20/2004,SLN,KS,ACE,CE,Federal Contract Tower,0,22,40,7,69,1,5,99,22,127,1,27,139,29,196,108,74,182,378
08/21/2004,SLN,KS,ACE,CE,Federal Contract Tower,0,4,13,3,20,2,0,67,0,69,2,4,80,3,89,52,0,52,141
08/22/2004,SLN,KS,ACE,CE,Federal Contract Tower,0,16,28,5,49,0,4,40,3,47,0,20,68,8,96,78,8,86,182
08/23/2004,SLN,KS,ACE,CE,Federal Contract Tower,0,16,30,6,52,0,0,60,2,62,0,16,90,8,114,118,6,124,238
08/24/2004,SLN,KS,ACE,CE,Federal Contract Tower,0,9,30,5,44,0,0,72,0,72,0,9,102,5,116,94,4,98,214
08/25/2004,SLN,KS,ACE,CE,Federal Contract Tower,0,13,33,6,52,0,0,163,5,168,0,13,196,11,220,154,2,156,376
08/26/2004,SLN,KS,ACE,CE,Federal Contract Tower,0,25,45,7,77,2,2,164,4,172,2,27,209,11,249,134,10,144,393
08/27/2004,SLN,KS,ACE,CE,Federal Contract Tower,0,13,28,4,45,0,0,154,5,159,0,13,182,9,204,222,50,272,476
08/28/2004,SLN,KS,ACE,CE,Federal Contract Tower,0,8,18,0,26,0,0,53,0,53,0,8,71,0,79,116,0,116,195
08/29/2004,SLN,KS,ACE,CE,Federal Contract Tower,0,9,19,0,28,0,0,60,0,60,0,9,79,0,88,68,0,68,156
08/30/2004,SLN,KS,ACE,CE,Federal Contract Tower,0,15,28,4,47,0,4,172,2,178,0,19,200,6,225,208,0,208,433
08/31/2004,SLN,KS,ACE,CE,Federal Contract Tower,0,17,32,5,54,0,2,160,3,165,0,19,192,8,219,172,14,186,405
09/01/2004,SLN,KS,ACE,CE,Federal Contract Tower,0,11,29,3,43,0,10,164,6,180,0,21,193,9,223,132,20,152,375
09/02/2004,SLN,KS,ACE,CE,Federal Contract Tower,0,20,46,5,71,0,4,116,13,133,0,24,162,18,204,152,6,158,362
09/03/2004,SLN,KS,ACE,CE,Federal Contract Tower,0,17,43,5,65,0,19,105,4,128,0,36,148,9,193,132,16,148,341
09/04/2004,SLN,KS,ACE,CE,Federal Contract Tower,0,4,9,1,14,0,2,33,0,35,0,6,42,1,49,14,0,14,63
09/05/2004,SLN,KS,ACE,CE,Federal Contract Tower,0,4,9,1,14,0,0,11,1,12,0,4,20,2,26,0,0,0,26
09/06/2004,SLN,KS,ACE,CE,Federal Contract Tower,0,9,27,0,36,0,0,51,0,51,0,9,78,0,87,106,0,106,193
09/07/2004,SLN,KS,ACE,CE,Federal Contract Tower,1,17,37,4,59,0,1,117,6,124,1,18,154,10,183,230,6,236,419
09/08/2004,SLN,KS,ACE,CE,Federal Contract Tower,0,15,32,4,51,0,5,173,7,185,0,20,205,11,236,274,4,278,514
09/09/2004,SLN,KS,ACE,CE,Federal Contract Tower,0,14,42,6,62,2,0,132,6,140,2,14,174,12,202,210,6,216,418
09/10/2004,SLN,KS,ACE,CE,Federal Contract Tower,0,12,27,4,43,0,5,129,5,139,0,17,156,9,182,200,10,210,392
09/11/2004,SLN,KS,ACE,CE,Federal Contract Tower,0,5,16,2,23,0,0,62,18,80,0,5,78,20,103,56,14,70,173
09/12/2004,SLN,KS,ACE,CE,Federal Contract Tower,0,11,27,4,42,0,0,48,2,50,0,11,75,6,92,42,0,42,134
09/13/2004,SLN,KS,ACE,CE,Federal Contract Tower,0,18,38,5,61,0,0,64,2,66,0,18,102,7,127,86,2,88,215
09/14/2004,SLN,KS,ACE,CE,Federal Contract Tower,0,9,22,3,34,0,0,55,0,55,0,9,77,3,89,42,8,50,139
09/15/2004,SLN,KS,ACE,CE,Federal Contract Tower,0,14,34,5,53,0,0,110,3,113,0,14,144,8,166,184,2,186,352
09/16/2004,SLN,KS,ACE,CE,Federal Contract Tower,0,18,47,6,71,2,0,163,9,174,2,18,210,15,245,294,106,400,645
09/17/2004,SLN,KS,ACE,CE,Federal Contract Tower,0,14,31,4,49,0,2,107,8,117,0,16,138,12,166,140,2,142,308
09/18/2004,SLN,KS,ACE,CE,Federal Contract Tower,0,7,17,0,24,0,10,35,0,45,0,17,52,0,69,80,10,90,159
09/19/2004,SLN,KS,ACE,CE,Federal Contract Tower,0,16,36,0,52,0,0,52,0,52,0,16,88,0,104,34,0,34,138
09/20/2004,SLN,KS,ACE,CE,Federal Contract Tower,0,13,29,4,46,2,19,90,0,111,2,32,119,4,157,174,0,174,331
09/21/2004,SLN,KS,ACE,CE,Federal Contract Tower,0,9,20,3,32,0,3,52,2,57,0,12,72,5,89,48,0,48,137
09/22/2004,SLN,KS,ACE,CE,Federal Contract Tower,0,14,32,3,49,0,0,125,4,129,0,14,157,7,178,386,8,394,572
09/23/2004,SLN,KS,ACE,CE,Federal Contract Tower,0,18,39,4,61,0,3,140,11,154,0,21,179,15,215,330,4,334,549
09/24/2004,SLN,KS,ACE,CE,Federal Contract Tower,0,18,41,4,63,0,7,155,8,170,0,25,196,12,233,412,8,420,653
09/25/2004,SLN,KS,ACE,CE,Federal Contract Tower,0,7,18,2,27,0,0,51,1,52,0,7,69,3,79,60,0,60,139
09/26/2004,SLN,KS,ACE,CE,Federal Contract Tower,0,11,24,2,37,0,7,56,4,67,0,18,80,6,104,192,4,196,300
09/27/2004,SLN,KS,ACE,CE,Federal Contract Tower,0,11,26,3,40,0,1,104,10,115,0,12,130,13,155,338,36,374,529
09/28/2004,SLN,KS,ACE,CE,Federal Contract Tower,0,17,43,5,65,0,0,107,5,112,0,17,150,10,177,290,20,310,487
09/29/2004,SLN,KS,ACE,CE,Federal Contract Tower,0,18,42,4,64,0,0,141,2,143,0,18,183,6,207,286,0,286,493
09/30/2004,SLN,KS,ACE,CE,Federal Contract Tower,0,17,39,2,58,0,2,93,0,95,0,19,132,2,153,178,0,178,331
10/01/2004,SLN,KS,ACE,CE,Federal Contract Tower,0,12,51,5,68,0,2,71,0,73,0,14,122,5,141,186,4,190,331
10/02/2004,SLN,KS,ACE,CE,Federal Contract Tower,0,6,23,1,30,0,0,113,10,123,0,6,136,11,153,88,2,90,243
10/03/2004,SLN,KS,ACE,CE,Federal Contract Tower,0,7,27,0,34,0,1,65,42,108,0,8,92,42,142,0,0,0,142
10/04/2004,SLN,KS,ACE,CE,Federal Contract Tower,0,13,39,13,65,0,0,113,2,115,0,13,152,15,180,248,70,318,498
10/05/2004,SLN,KS,ACE,CE,Federal Contract Tower,1,9,39,2,51,0,0,123,4,127,1,9,162,6,178,204,2,206,384
10/06/2004,SLN,KS,ACE,CE,Federal Contract Tower,0,12,33,0,45,0,0,75,2,77,0,12,108,2,122,138,0,138,260
10/07/2004,SLN,KS,ACE,CE,Federal Contract Tower,2,20,47,0,69,0,3,43,0,46,2,23,90,0,115,74,0,74,189
10/08/2004,SLN,KS,ACE,CE,Federal Contract Tower,2,13,41,7,63,0,1,88,0,89,2,14,129,7,152,156,0,156,308
10/09/2004,SLN,KS,ACE,CE,Federal Contract Tower,0,6,11,0,17,0,3,43,17,63,0,9,54,17,80,18,0,18,98
10/10/2004,SLN,KS,ACE,CE,Federal Contract Tower,0,12,28,0,40,0,0,4,0,4,0,12,32,0,44,4,0,4,48
10/11/2004,SLN,KS,ACE,CE,Federal Contract Tower,0,7,38,0,45,0,0,11,0,11,0,7,49,0,56,10,0,10,66
10/12/2004,SLN,KS,ACE,CE,Federal Contract Tower,0,18,43,11,72,0,0,63,8,71,0,18,106,19,143,94,18,112,255
10/13/2004,SLN,KS,ACE,CE,Federal Contract Tower,0,21,34,1,56,0,5,106,24,135,0,26,140,25,191,194,2,196,387
10/14/2004,SLN,KS,ACE,CE,Federal Contract Tower,0,21,28,4,53,0,4,143,21,168,0,25,171,25,221,170,0,170,391
10/15/2004,SLN,KS,ACE,CE,Federal Contract Tower,0,14,52,3,69,0,2,101,35,138,0,16,153,38,207,134,16,150,357
10/16/2004,SLN,KS,ACE,CE,Federal Contract Tower,0,11,15,2,28,0,2,58,20,80,0,13,73,22,108,30,4,34,142
10/17/2004,SLN,KS,ACE,CE,Federal Contract Tower,0,10,42,0,52,0,0,93,1,94,0,10,135,1,146,52,0,52,198
10/18/2004,SLN,KS,ACE,CE,Federal Contract Tower,0,18,36,3,57,0,0,65,11,76,0,18,101,14,133,84,0,84,217
10/19/2004,SLN,KS,ACE,CE,Federal Contract Tower,0,12,33,5,50,0,2,36,13,51,0,14,69,18,101,66,6,72,173
10/20/2004,SLN,KS,ACE,CE,Federal Contract Tower,0,18,52,2,72,0,2,15,6,23,0,20,67,8,95,26,30,56,151
10/21/2004,SLN,KS,ACE,CE,Federal Contract Tower,0,14,44,3,61,0,0,70,5,75,0,14,114,8,136,124,0,124,260
10/22/2004,SLN,KS,ACE,CE,Federal Contract Tower,1,14,35,4,54,0,1,89,5,95,1,15,124,9,149,134,0,134,283
10/23/2004,SLN,KS,ACE,CE,Federal Contract Tower,0,7,9,3,19,0,0,66,4,70,0,7,75,7,89,106,2,108,197
10/24/2004,SLN,KS,ACE,CE,Federal Contract Tower,0,11,40,0,51,0,4,47,0,51,0,15,87,0,102,30,0,30,132
10/25/2004,SLN,KS,ACE,CE,Federal Contract Tower,0,19,37,6,62,0,2,137,1,140,0,21,174,7,202,302,22,324,526
10/26/2004,SLN,KS,ACE,CE,Federal Contract Tower,0,15,27,2,44,0,1,44,0,45,0,16,71,2,89,114,0,114,203
10/27/2004,SLN,KS,ACE,CE,Federal Contract Tower,0,14,40,2,56,0,0,1,0,1,0,14,41,2,57,6,0,6,63
10/28/2004,SLN,KS,ACE,CE,Federal Contract Tower,0,14,41,2,57,0,0,87,4,91,0,14,128,6,148,108,0,108,256
10/29/2004,SLN,KS,ACE,CE,Federal Contract Tower,2,21,28,6,57,0,0,58,0,58,2,21,86,6,115,76,0,76,191
10/30/2004,SLN,KS,ACE,CE,Federal Contract Tower,0,4,18,2,24,0,2,49,0,51,0,6,67,2,75,30,14,44,119
10/31/2004,SLN,KS,ACE,CE,Federal Contract Tower,0,7,36,0,43,0,0,39,0,39,0,7,75,0,82,38,0,38,120
11/01/2004,SLN,KS,ACE,CE,Federal Contract Tower,0,17,26,10,53,0,0,13,0,13,0,17,39,10,66,54,0,54,120
11/02/2004,SLN,KS,ACE,CE,Federal Contract Tower,0,12,34,13,59,0,2,97,1,100,0,14,131,14,159,190,102,292,451
11/03/2004,SLN,KS,ACE,CE,Federal Contract Tower,0,12,28,10,50,0,6,66,8,80,0,18,94,18,130,98,24,122,252
11/04/2004,SLN,KS,ACE,CE,Federal Contract Tower,0,23,35,0,58,0,0,173,6,179,0,23,208,6,237,250,0,250,487
11/05/2004,SLN,KS,ACE,CE,Federal Contract Tower,2,16,30,6,54,0,4,154,18,176,2,20,184,24,230,218,0,218,448
11/06/2004,SLN,KS,ACE,CE,Federal Contract Tower,0,6,11,1,18,0,2,96,2,100,0,8,107,3,118,80,0,80,198
11/07/2004,SLN,KS,ACE,CE,Federal Contract Tower,0,13,16,2,31,0,2,53,0,55,0,15,69,2,86,68,0,68,154
11/08/2004,SLN,KS,ACE,CE,Federal Contract Tower,0,14,31,2,47,0,1,125,9,135,0,15,156,11,182,154,2,156,338
11/09/2004,SLN,KS,ACE,CE,Federal Contract Tower,0,13,44,6,63,0,0,81,9,90,0,13,125,15,153,146,8,154,307
11/10/2004,SLN,KS,ACE,CE,Federal Contract Tower,0,13,41,1,55,0,1,37,1,39,0,14,78,2,94,74,0,74,168
11/11/2004,SLN,KS,ACE,CE,Federal Contract Tower,0,10,35,0,45,0,0,125,6,131,0,10,160,6,176,202,0,202,378
11/12/2004,SLN,KS,ACE,CE,Federal Contract Tower,0,10,42,0,52,0,3,153,0,156,0,13,195,0,208,248,0,248,456
11/13/2004,SLN,KS,ACE,CE,Federal Contract Tower,0,6,22,4,32,0,2,48,0,50,0,8,70,4,82,54,0,54,136
11/14/2004,SLN,KS,ACE,CE,Federal Contract Tower,1,6,28,0,35,0,2,34,0,36,1,8,62,0,71,86,0,86,157
11/15/2004,SLN,KS,ACE,CE,Federal Contract Tower,2,13,39,0,54,0,0,6,0,6,2,13,45,0,60,36,0,36,96
11/16/2004,SLN,KS,ACE,CE,Federal Contract Tower,0,14,56,0,70,0,0,10,0,10,0,14,66,0,80,16,0,16,96
11/17/2004,SLN,KS,ACE,CE,Federal Contract Tower,0,11,58,3,72,0,0,15,0,15,0,11,73,3,87,32,0,32,119
11/18/2004,SLN,KS,ACE,CE,Federal Contract Tower,2,7,32,2,43,0,1,0,0,1,2,8,32,2,44,0,0,0,44
11/19/2004,SLN,KS,ACE,CE,Federal Contract Tower,0,14,23,1,38,0,2,20,7,29,0,16,43,8,67,116,24,140,207
11/20/2004,SLN,KS,ACE,CE,Federal Contract Tower,0,15,27,5,47,0,1,40,3,44,0,16,67,8,91,62,6,68,159
11/21/2004,SLN,KS,ACE,CE,Federal Contract Tower,0,9,25,0,34,0,1,44,1,46,0,10,69,1,80,54,8,62,142
11/22/2004,SLN,KS,ACE,CE,Federal Contract Tower,0,15,45,6,66,0,0,3,13,16,0,15,48,19,82,64,2,66,148
11/23/2004,SLN,KS,ACE,CE,Federal Contract Tower,0,18,55,0,73,0,0,8,4,12,0,18,63,4,85,34,8,42,127
11/24/2004,SLN,KS,ACE,CE,Federal Contract Tower,0,22,34,2,58,0,0,30,0,30,0,22,64,2,88,18,0,18,106
11/25/2004,SLN,KS,ACE,CE,Federal Contract Tower,0,5,10,0,15,0,0,8,0,8,0,5,18,0,23,2,0,2,25
11/26/2004,SLN,KS,ACE,CE,Federal Contract Tower,0,12,13,0,25,0,2,14,0,16,0,14,27,0,41,14,0,14,55
11/27/2004,SLN,KS,ACE,CE,Federal Contract Tower,0,8,13,0,21,0,0,39,0,39,0,8,52,0,60,10,0,10,70
11/28/2004,SLN,KS,ACE,CE,Federal Contract Tower,2,21,46,0,69,0,1,5,0,6,2,22,51,0,75,0,0,0,75
11/29/2004,SLN,KS,ACE,CE,Federal Contract Tower,0,12,10,0,22,0,0,0,0,0,0,12,10,0,22,0,0,0,22
11/30/2004,SLN,KS,ACE,CE,Federal Contract Tower,0,19,38,6,63,0,0,108,5,113,0,19,146,11,176,122,14,136,312
12/01/2004,SLN,KS,ACE,CE,Federal Contract Tower,0,14,31,7,52,0,0,160,2,162,0,14,191,9,214,248,8,256,470
12/02/2004,SLN,KS,ACE,CE,Federal Contract Tower,0,17,28,4,49,0,0,148,6,154,0,17,176,10,203,260,34,294,497
12/03/2004,SLN,KS,ACE,CE,Federal Contract Tower,0,21,29,7,57,0,0,110,8,118,0,21,139,15,175,208,22,230,405
12/04/2004,SLN,KS,ACE,CE,Federal Contract Tower,2,7,17,1,27,0,2,64,0,66,2,9,81,1,93,48,0,48,141
12/05/2004,SLN,KS,ACE,CE,Federal Contract Tower,0,6,14,0,20,0,0,0,0,0,0,6,14,0,20,0,0,0,20
12/06/2004,SLN,KS,ACE,CE,Federal Contract Tower,0,5,7,0,12,0,0,0,0,0,0,5,7,0,12,0,0,0,12
12/07/2004,SLN,KS,ACE,CE,Federal Contract Tower,0,22,38,4,64,0,1,178,4,183,0,23,216,8,247,298,18,316,563
12/08/2004,SLN,KS,ACE,CE,Federal Contract Tower,2,11,39,4,56,0,1,149,3,153,2,12,188,7,209,348,14,362,571
12/09/2004,SLN,KS,ACE,CE,Federal Contract Tower,0,15,49,2,66,0,2,133,14,149,0,17,182,16,215,154,6,160,375
12/10/2004,SLN,KS,ACE,CE,Federal Contract Tower,0,18,32,0,50,0,0,72,10,82,0,18,104,10,132,60,32,92,224
12/11/2004,SLN,KS,ACE,CE,Federal Contract Tower,0,5,26,0,31,0,0,81,0,81,0,5,107,0,112,102,0,102,214
12/12/2004,SLN,KS,ACE,CE,Federal Contract Tower,0,13,25,0,38,0,1,39,0,40,0,14,64,0,78,32,0,32,110
12/13/2004,SLN,KS,ACE,CE,Federal Contract Tower,0,14,38,1,53,0,1,65,2,68,0,15,103,3,121,64,6,70,191
12/14/2004,SLN,KS,ACE,CE,Federal Contract Tower,1,14,44,0,59,0,1,101,2,104,1,15,145,2,163,166,10,176,339
12/15/2004,SLN,KS,ACE,CE,Federal Contract Tower,1,21,41,0,63,0,2,62,1,65,1,23,103,1,128,98,4,102,230
12/16/2004,SLN,KS,ACE,CE,Federal Contract Tower,0,15,23,0,38,0,2,86,3,91,0,17,109,3,129,142,6,148,277
12/17/2004,SLN,KS,ACE,CE,Federal Contract Tower,0,13,45,3,61,0,2,88,7,97,0,15,133,10,158,130,10,140,298
12/18/2004,SLN,KS,ACE,CE,Federal Contract Tower,0,11,26,1,38,0,0,63,1,64,0,11,89,2,102,32,0,32,134
12/19/2004,SLN,KS,ACE,CE,Federal Contract Tower,0,15,16,0,31,0,0,29,0,29,0,15,45,0,60,6,0,6,66
12/20/2004,SLN,KS,ACE,CE,Federal Contract Tower,0,11,18,5,34,0,6,57,4,67,0,17,75,9,101,58,6,64,165
12/21/2004,SLN,KS,ACE,CE,Federal Contract Tower,0,12,20,3,35,0,2,58,3,63,0,14,78,6,98,106,8,114,212
12/22/2004,SLN,KS,ACE,CE,Federal Contract Tower,0,14,37,18,69,0,0,35,5,40,0,14,72,23,109,56,36,92,201
12/23/2004,SLN,KS,ACE,CE,Federal Contract Tower,0,14,24,0,38,0,0,28,0,28,0,14,52,0,66,24,0,24,90
12/24/2004,SLN,KS,ACE,CE,Federal Contract Tower,0,12,16,0,28,0,1,9,0,10,0,13,25,0,38,0,0,0,38
12/25/2004,SLN,KS,ACE,CE,Federal Contract Tower,0,5,9,0,14,0,0,9,0,9,0,5,18,0,23,0,0,0,23
12/26/2004,SLN,KS,ACE,CE,Federal Contract Tower,0,12,33,0,45,0,1,24,0,25,0,13,57,0,70,2,0,2,72
12/27/2004,SLN,KS,ACE,CE,Federal Contract Tower,0,27,32,0,59,0,1,56,0,57,0,28,88,0,116,52,0,52,168
12/28/2004,SLN,KS,ACE,CE,Federal Contract Tower,0,17,36,0,53,0,2,44,7,53,0,19,80,7,106,52,22,74,180
12/29/2004,SLN,KS,ACE,CE,Federal Contract Tower,2,12,30,6,50,0,2,55,4,61,2,14,85,10,111,108,18,126,237
12/30/2004,SLN,KS,ACE,CE,Federal Contract Tower,0,16,18,0,34,0,0,21,2,23,0,16,39,2,57,16,6,22,79
12/31/2004,SLN,KS,ACE,CE,Federal Contract Tower,0,11,22,0,33,0,6,33,0,39,0,17,55,0,72,12,0,12,84
01/01/2005,SLN,KS,ACE,CE,Federal Contract Tower,0,11,39,0,50,0,0,4,0,4,0,11,43,0,54,2,0,2,56
01/02/2005,SLN,KS,ACE,CE,Federal Contract Tower,2,13,23,0,38,0,0,12,0,12,2,13,35,0,50,6,0,6,56
01/03/2005,SLN,KS,ACE,CE,Federal Contract Tower,2,18,29,0,49,0,0,0,0,0,2,18,29,0,49,0,0,0,49
01/04/2005,SLN,KS,ACE,CE,Federal Contract Tower,0,5,9,0,14,0,0,0,0,0,0,5,9,0,14,0,0,0,14
01/05/2005,SLN,KS,ACE,CE,Federal Contract Tower,2,1,13,0,16,0,1,0,0,1,2,2,13,0,17,0,0,0,17
01/06/2005,SLN,KS,ACE,CE,Federal Contract Tower,0,15,31,0,46,0,2,23,0,25,0,17,54,0,71,20,0,20,91
01/07/2005,SLN,KS,ACE,CE,Federal Contract Tower,0,12,19,0,31,0,2,7,5,14,0,14,26,5,45,2,0,2,47
01/08/2005,SLN,KS,ACE,CE,Federal Contract Tower,0,7,17,3,27,0,0,3,1,4,0,7,20,4,31,4,0,4,35
01/09/2005,SLN,KS,ACE,CE,Federal Contract Tower,0,9,19,0,28,0,2,36,5,43,0,11,55,5,71,44,10,54,125
01/10/2005,SLN,KS,ACE,CE,Federal Contract Tower,0,7,18,0,25,0,0,0,0,0,0,7,18,0,25,0,0,0,25
01/11/2005,SLN,KS,ACE,CE,Federal Contract Tower,0,12,25,0,37,0,0,0,0,0,0,12,25,0,37,0,0,0,37
01/12/2005,SLN,KS,ACE,CE,Federal Contract Tower,0,12,7,0,19,0,0,0,0,0,0,12,7,0,19,0,0,0,19
01/13/2005,SLN,KS,ACE,CE,Federal Contract Tower,0,18,33,6,57,0,2,73,13,88,0,20,106,19,145,92,12,104,249
01/14/2005,SLN,KS,ACE,CE,Federal Contract Tower,0,16,44,3,63,0,1,85,0,86,0,17,129,3,149,114,10,124,273
01/15/2005,SLN,KS,ACE,CE,Federal Contract Tower,0,5,16,0,21,0,0,22,0,22,0,5,38,0,43,20,0,20,63
01/16/2005,SLN,KS,ACE,CE,Federal Contract Tower,0,10,34,0,44,0,2,18,0,20,0,12,52,0,64,50,0,50,114
01/17/2005,SLN,KS,ACE,CE,Federal Contract Tower,0,13,27,0,40,0,2,75,0,77,0,15,102,0,117,128,0,128,245
01/18/2005,SLN,KS,ACE,CE,Federal Contract Tower,0,13,43,0,56,0,2,97,7,106,0,15,140,7,162,112,10,122,284
01/19/2005,SLN,KS,ACE,CE,Federal Contract Tower,0,19,30,3,52,0,0,116,3,119,0,19,146,6,171,194,0,194,365
01/20/2005,SLN,KS,ACE,CE,Federal Contract Tower,2,19,27,4,52,0,1,78,5,84,2,20,105,9,136,158,4,162,298
01/21/2005,SLN,KS,ACE,CE,Federal Contract Tower,0,16,33,2,51,0,16,47,9,72,0,32,80,11,123,110,16,126,249
01/22/2005,SLN,KS,ACE,CE,Federal Contract Tower,0,6,11,0,17,0,2,34,4,40,0,8,45,4,57,4,8,12,69
01/23/2005,SLN,KS,ACE,CE,Federal Contract Tower,0,8,13,2,23,0,1,47,0,48,0,9,60,2,71,40,0,40,111
01/24/2005,SLN,KS,ACE,CE,Federal Contract Tower,0,22,32,8,62,0,0,151,2,153,0,22,183,10,215,188,26,214,429
01/25/2005,SLN,KS,ACE,CE,Federal Contract Tower,2,15,36,3,56,0,3,148,4,155,2,18,184,7,211,250,6,256,467
01/26/2005,SLN,KS,ACE,CE,Federal Contract Tower,0,20,42,5,67,0,0,142,12,154,0,20,184,17,221,230,4,234,455
01/27/2005,SLN,KS,ACE,CE,Federal Contract Tower,2,11,29,0,42,0,0,5,4,9,2,11,34,4,51,40,0,40,91
01/28/2005,SLN,KS,ACE,CE,Federal Contract Tower,0,9,20,0,29,0,2,8,0,10,0,11,28,0,39,6,0,6,45
01/29/2005,SLN,KS,ACE,CE,Federal Contract Tower,0,6,11,0,17,0,0,0,0,0,0,6,11,0,17,0,0,0,17
01/30/2005,SLN,KS,ACE,CE,Federal Contract Tower,0,17,39,0,56,0,0,3,0,3,0,17,42,0,59,0,0,0,59
01/31/2005,SLN,KS,ACE,CE,Federal Contract Tower,0,14,33,0,47,0,0,1,0,1,0,14,34,0,48,2,0,2,50
02/01/2005,SLN,KS,ACE,CE,Federal Contract Tower,0,14,24,14,52,0,0,5,7,12,0,14,29,21,64,8,12,20,84
02/02/2005,SLN,KS,ACE,CE,Federal Contract Tower,0,15,24,9,48,0,0,144,5,149,0,15,168,14,197,232,74,306,503
02/03/2005,SLN,KS,ACE,CE,Federal Contract Tower,0,23,30,14,67,0,3,154,12,169,0,26,184,26,236,230,60,290,526
02/04/2005,SLN,KS,ACE,CE,Federal Contract Tower,0,13,49,2,64,0,0,159,5,164,0,13,208,7,228,234,18,252,480
02/05/2005,SLN,KS,ACE,CE,Federal Contract Tower,0,8,10,1,19,0,0,41,3,44,0,8,51,4,63,36,2,38,101
02/06/2005,SLN,KS,ACE,CE,Federal Contract Tower,0,4,21,0,25,0,0,0,0,0,0,4,21,0,25,0,0,0,25
02/07/2005,SLN,KS,ACE,CE,Federal Contract Tower,0,8,25,2,35,0,0,0,0,0,0,8,25,2,35,0,0,0,35
02/08/2005,SLN,KS,ACE,CE,Federal Contract Tower,1,21,19,0,41,0,0,0,0,0,1,21,19,0,41,0,0,0,41
02/09/2005,SLN,KS,ACE,CE,Federal Contract Tower,0,13,31,0,44,0,0,86,7,93,0,13,117,7,137,148,8,156,293
02/10/2005,SLN,KS,ACE,CE,Federal Contract Tower,0,17,23,8,48,0,0,124,11,135,0,17,147,19,183,184,6,190,373
02/11/2005,SLN,KS,ACE,CE,Federal Contract Tower,0,17,19,4,40,0,2,155,3,160,0,19,174,7,200,244,2,246,446
02/12/2005,SLN,KS,ACE,CE,Federal Contract Tower,0,3,19,2,24,0,5,20,0,25,0,8,39,2,49,40,0,40,89
02/13/2005,SLN,KS,ACE,CE,Federal Contract Tower,0,10,29,0,39,0,0,14,2,16,0,10,43,2,55,24,2,26,81
02/14/2005,SLN,KS,ACE,CE,Federal Contract Tower,0,9,27,1,37,0,0,133,1,134,0,9,160,2,171,276,0,276,447
02/15/2005,SLN,KS,ACE,CE,Federal Contract Tower,0,13,47,4,64,0,0,94,0,94,0,13,141,4,158,144,0,144,302
02/16/2005,SLN,KS,ACE,CE,Federal Contract Tower,0,12,49,4,65,0,2,117,3,122,0,14,166,7,187,288,2,290,477
02/17/2005,SLN,KS,ACE,CE,Federal Contract Tower,0,26,34,7,67,0,1,136,2,139,0,27,170,9,206,142,24,166,372
02/18/2005,SLN,KS,ACE,CE,Federal Contract Tower,0,14,35,3,52,0,2,108,5,115,0,16,143,8,167,194,4,198,365
02/19/2005,SLN,KS,ACE,CE,Federal Contract Tower,0,5,18,2,25,0,4,0,0,4,0,9,18,2,29,0,0,0,29
02/20/2005,SLN,KS,ACE,CE,Federal Contract Tower,0,15,36,0,51,0,1,44,0,45,0,16,80,0,96,28,0,28,124
02/21/2005,SLN,KS,ACE,CE,Federal Contract Tower,0,18,35,0,53,0,0,58,0,58,0,18,93,0,111,134,0,134,245
02/22/2005,SLN,KS,ACE,CE,Federal Contract Tower,0,28,31,6,65,0,0,22,2,24,0,28,53,8,89,50,6,56,145
02/23/2005,SLN,KS,ACE,CE,Federal Contract Tower,0,24,16,0,40,0,0,36,5,41,0,24,52,5,81,70,0,70,151
02/24/2005,SLN,KS,ACE,CE,Federal Contract Tower,0,11,50,19,80,0,2,127,9,138,0,13,177,28,218,176,66,242,460
02/25/2005,SLN,KS,ACE,CE,Federal Contract Tower,0,23,44,8,75,0,4,126,9,139,0,27,170,17,214,158,8,166,380
02/26/2005,SLN,KS,ACE,CE,Federal Contract Tower,0,11,33,1,45,0,1,66,1,68,0,12,99,2,113,32,8,40,153
02/27/2005,SLN,KS,ACE,CE,Federal Contract Tower,2,11,44,3,60,0,3,15,0,18,2,14,59,3,78,26,2,28,106
02/28/2005,SLN,KS,ACE,CE,Federal Contract Tower,0,18,37,0,55,0,0,87,0,87,0,18,124,0,142,16,0,16,158
03/01/2005,SLN,KS,ACE,CE,Federal Contract Tower,0,16,21,1,38,0,0,98,3,101,0,16,119,4,139,164,0,164,303
03/02/2005,SLN,KS,ACE,CE,Federal Contract Tower,0,16,25,6,47,0,0,147,8,155,0,16,172,14,202,250,8,258,460
03/03/2005,SLN,KS,ACE,CE,Federal Contract Tower,0,8,64,1,73,0,0,243,1,244,0,8,307,2,317,20,0,20,337
03/04/2005,SLN,KS,ACE,CE,Federal Contract Tower,2,15,31,2,50,0,0,131,11,142,2,15,162,13,192,134,0,134,326
03/05/2005,SLN,KS,ACE,CE,Federal Contract Tower,0,5,38,0,43,0,2,66,5,73,0,7,104,5,116,12,0,12,128
03/06/2005,SLN,KS,ACE,CE,Federal Contract Tower,0,7,22,2,31,0,0,20,1,21,0,7,42,3,52,12,0,12,64
03/07/2005,SLN,KS,ACE,CE,Federal Contract Tower,0,17,24,12,53,0,0,87,14,101,0,17,111,26,154,134,16,150,304
03/08/2005,SLN,KS,ACE,CE,Federal Contract Tower,0,17,31,0,48,0,0,132,11,143,0,17,163,11,191,139,0,139,330
03/09/2005,SLN,KS,ACE,CE,Federal Contract Tower,0,19,45,0,64,0,4,45,0,49,0,23,90,0,113,76,0,76,189
03/10/2005,SLN,KS,ACE,CE,Federal Contract Tower,0,19,37,4,60,0,0,63,15,78,0,19,100,19,138,66,4,70,208
03/11/2005,SLN,KS,ACE,CE,Federal Contract Tower,0,24,22,7,53,0,0,70,6,76,0,24,92,13,129,122,10,132,261
03/12/2005,SLN,KS,ACE,CE,Federal Contract Tower,0,8,36,0,44,0,1,47,2,50,0,9,83,2,94,30,12,42,136
03/13/2005,SLN,KS,ACE,CE,Federal Contract Tower,2,12,37,3,54,0,0,44,1,45,2,12,81,4,99,108,2,110,209
03/14/2005,SLN,KS,ACE,CE,Federal Contract Tower,0,11,24,8,43,0,4,130,7,141,0,15,154,15,184,226,16,242,426
03/15/2005,SLN,KS,ACE,CE,Federal Contract Tower,0,18,36,14,68,0,0,105,21,126,0,18,141,35,194,212,56,268,462
03/16/2005,SLN,KS,ACE,CE,Federal Contract Tower,0,13,35,6,54,0,0,111,6,117,0,13,146,12,171,270,62,332,503
03/17/2005,SLN,KS,ACE,CE,Federal Contract Tower,0,19,44,0,63,0,4,57,1,62,0,23,101,1,125,46,0,46,171
03/18/2005,SLN,KS,ACE,CE,Federal Contract Tower,0,9,40,2,51,0,2,76,1,79,0,11,116,3,130,115,8,123,253
03/19/2005,SLN,KS,ACE,CE,Federal Contract Tower,0,9,27,2,38,0,4,63,0,67,0,13,90,2,105,106,0,106,211
03/20/2005,SLN,KS,ACE,CE,Federal Contract Tower,0,23,28,0,51,0,0,33,0,33,0,23,61,0,84,40,0,40,124
03/21/2005,SLN,KS,ACE,CE,Federal Contract Tower,0,12,19,0,31,0,2,0,0,2,0,14,19,0,33,0,0,0,33
03/22/2005,SLN,KS,ACE,CE,Federal Contract Tower,2,18,33,0,53,0,0,2,0,2,2,18,35,0,55,0,0,0,55
03/23/2005,SLN,KS,ACE,CE,Federal Contract Tower,0,19,27,1,47,0,0,21,0,21,0,19,48,1,68,26,2,28,96
03/24/2005,SLN,KS,ACE,CE,Federal Contract Tower,0,19,38,5,62,0,1,3,0,4,0,20,41,5,66,4,10,14,80
03/25/2005,SLN,KS,ACE,CE,Federal Contract Tower,0,17,38,2,57,0,0,7,0,7,0,17,45,2,64,16,0,16,80
03/26/2005,SLN,KS,ACE,CE,Federal Contract Tower,0,11,35,0,46,0,1,13,0,14,0,12,48,0,60,0,0,0,60
03/27/2005,SLN,KS,ACE,CE,Federal Contract Tower,0,12,30,4,46,0,1,38,0,39,0,13,68,4,85,42,8,50,135
03/28/2005,SLN,KS,ACE,CE,Federal Contract Tower,0,19,30,8,57,0,1,108,4,113,0,20,138,12,170,138,18,156,326
03/29/2005,SLN,KS,ACE,CE,Federal Contract Tower,0,15,29,1,45,0,0,103,1,104,0,15,132,2,149,146,2,148,297
03/30/2005,SLN,KS,ACE,CE,Federal Contract Tower,0,21,29,13,63,0,4,37,2,43,0,25,66,15,106,96,14,110,216
03/31/2005,SLN,KS,ACE,CE,Federal Contract Tower,0,19,26,4,49,0,0,101,8,109,0,19,127,12,158,180,4,184,342
04/01/2005,SLN,KS,ACE,CE,Federal Contract Tower,0,13,38,5,56,0,4,104,2,110,0,17,142,7,166,112,4,116,282
04/02/2005,SLN,KS,ACE,CE,Federal Contract Tower,0,6,17,0,23,0,4,102,6,112,0,10,119,6,135,92,8,100,235
04/03/2005,SLN,KS,ACE,CE,Federal Contract Tower,2,7,39,0,48,0,0,66,2,68,2,7,105,2,116,56,0,56,172
04/04/2005,SLN,KS,ACE,CE,Federal Contract Tower,0,13,30,0,43,0,2,107,13,122,0,15,137,13,165,152,56,208,373
04/05/2005,SLN,KS,ACE,CE,Federal Contract Tower,0,13,26,1,40,0,3,52,0,55,0,16,78,1,95,80,2,82,177
04/06/2005,SLN,KS,ACE,CE,Federal Contract Tower,0,11,50,0,61,0,2,4,1,7,0,13,54,1,68,16,0,16,84
04/07/2005,SLN,KS,ACE,CE,Federal Contract Tower,0,17,33,8,58,0,1,152,1,154,0,18,185,9,212,258,4,262,474
04/08/2005,SLN,KS,ACE,CE,Federal Contract Tower,0,7,49,2,58,0,0,43,3,46,0,7,92,5,104,44,0,44,148
04/09/2005,SLN,KS,ACE,CE,Federal Contract Tower,0,3,17,0,20,0,2,50,0,52,0,5,67,0,72,30,0,30,102
04/10/2005,SLN,KS,ACE,CE,Federal Contract Tower,0,11,11,1,23,0,0,2,0,2,0,11,13,1,25,0,0,0,25
04/11/2005,SLN,KS,ACE,CE,Federal Contract Tower,0,15,33,8,56,0,0,90,0,90,0,15,123,8,146,152,4,156,302
04/12/2005,SLN,KS,ACE,CE,Federal Contract Tower,0,15,41,5,61,0,0,82,4,86,0,15,123,9,147,116,0,116,263
04/13/2005,SLN,KS,ACE,CE,Federal Contract Tower,0,11,43,15,69,0,1,50,1,52,0,12,93,16,121,96,18,114,235
04/14/2005,SLN,KS,ACE,CE,Federal Contract Tower,0,11,38,4,53,0,0,144,4,148,0,11,182,8,201,248,4,252,453
04/15/2005,SLN,KS,ACE,CE,Federal Contract Tower,0,14,29,1,44,0,0,83,0,83,0,14,112,1,127,118,2,120,247
04/16/2005,SLN,KS,ACE,CE,Federal Contract Tower,0,5,19,0,24,0,2,63,0,65,0,7,82,0,89,28,0,28,117
04/17/2005,SLN,KS,ACE,CE,Federal Contract Tower,0,8,26,3,37,0,0,53,1,54,0,8,79,4,91,62,5,67,158
04/18/2005,SLN,KS,ACE,CE,Federal Contract Tower,0,11,17,2,30,0,0,92,0,92,0,11,109,2,122,114,12,126,248
04/19/2005,SLN,KS,ACE,CE,Federal Contract Tower,0,17,48,6,71,0,2,125,1,128,0,19,173,7,199,286,30,316,515
04/20/2005,SLN,KS,ACE,CE,Federal Contract Tower,0,12,44,0,56,0,0,129,1,130,0,12,173,1,186,288,0,288,474
04/21/2005,SLN,KS,ACE,CE,Federal Contract Tower,2,14,14,6,36,0,0,173,0,173,2,14,187,6,209,380,6,386,595
04/22/2005,SLN,KS,ACE,CE,Federal Contract Tower,0,14,40,7,61,0,5,19,8,32,0,19,59,15,93,0,14,14,107
04/23/2005,SLN,KS,ACE,CE,Federal Contract Tower,0,5,25,1,31,0,0,162,3,165,0,5,187,4,196,724,0,724,920
04/24/2005,SLN,KS,ACE,CE,Federal Contract Tower,0,4,30,1,35,0,0,157,0,157,0,4,187,1,192,872,0,872,1064
04/25/2005,SLN,KS,ACE,CE,Federal Contract Tower,0,12,37,3,52,0,0,122,3,125,0,12,159,6,177,966,6,972,1149
04/26/2005,SLN,KS,ACE,CE,Federal Contract Tower,0,9,38,2,49,0,0,269,2,271,0,9,307,4,320,636,12,648,968
04/27/2005,SLN,KS,ACE,CE,Federal Contract Tower,0,17,42,0,59,0,0,266,4,270,0,17,308,4,329,142,0,142,471
04/28/2005,SLN,KS,ACE,CE,Federal Contract Tower,0,15,37,7,59,0,2,157,9,168,0,17,194,16,227,226,0,226,453
04/29/2005,SLN,KS,ACE,CE,Federal Contract Tower,2,20,39,5,66,0,2,47,2,51,2,22,86,7,117,332,44,376,493
04/30/2005,SLN,KS,ACE,CE,Federal Contract Tower,0,4,16,1,21,0,0,214,18,232,0,4,230,19,253,238,6,244,497
05/01/2005,SLN,KS,ACE,CE,Federal Contract Tower,0,11,55,3,69,0,0,103,6,109,0,11,158,9,178,50,0,50,228
05/02/2005,SLN,KS,ACE,CE,Federal Contract Tower,0,11,29,9,49,0,2,94,2,98,0,13,123,11,147,190,42,232,379
05/03/2005,SLN,KS,ACE,CE,Federal Contract Tower,0,16,48,5,69,0,2,125,3,130,0,18,173,8,199,140,42,182,381
05/04/2005,SLN,KS,ACE,CE,Federal Contract Tower,0,14,54,7,75,0,5,106,2,113,0,19,160,9,188,146,88,234,422
05/05/2005,SLN,KS,ACE,CE,Federal Contract Tower,0,13,32,0,45,0,3,51,2,56,0,16,83,2,101,152,0,152,253
05/06/2005,SLN,KS,ACE,CE,Federal Contract Tower,0,12,49,6,67,0,1,48,1,50,0,13,97,7,117,42,4,46,163
05/07/2005,SLN,KS,ACE,CE,Federal Contract Tower,0,3,15,0,18,0,0,53,0,53,0,3,68,0,71,56,0,56,127
05/08/2005,SLN,KS,ACE,CE,Federal Contract Tower,0,10,26,6,42,0,3,14,1,18,0,13,40,7,60,10,2,12,72
05/09/2005,SLN,KS,ACE,CE,Federal Contract Tower,0,11,39,6,56,0,6,104,0,110,0,17,143,6,166,196,38,234,400
05/10/2005,SLN,KS,ACE,CE,Federal Contract Tower,0,12,39,5,56,0,1,88,5,94,0,13,127,10,150,112,32,144,294
05/11/2005,SLN,KS,ACE,CE,Federal Contract Tower,0,12,44,5,61,0,0,65,7,72,0,12,109,12,133,108,12,120,253
05/12/2005,SLN,KS,ACE,CE,Federal Contract Tower,0,14,27,1,42,0,1,36,4,41,0,15,63,5,83,76,0,76,159
05/13/2005,SLN,KS,ACE,CE,Federal Contract Tower,0,11,20,0,31,0,0,13,2,15,0,11,33,2,46,18,8,26,72
05/14/2005,SLN,KS,ACE,CE,Federal Contract Tower,0,6,14,0,20,0,3,44,4,51,0,9,58,4,71,30,0,30,101
05/15/2005,SLN,KS,ACE,CE,Federal Contract Tower,0,8,34,0,42,0,3,54,0,57,0,11,88,0,99,88,0,88,187
05/16/2005,SLN,KS,ACE,CE,Federal Contract Tower,0,23,49,6,78,0,4,51,2,57,0,27,100,8,135,84,4,88,223
05/17/2005,SLN,KS,ACE,CE,Federal Contract Tower,0,15,34,0,49,0,0,49,1,50,0,15,83,1,99,26,0,26,125
05/18/2005,SLN,KS,ACE,CE,Federal Contract Tower,0,11,42,7,60,0,0,81,6,87,0,11,123,13,147,118,10,128,275
05/19/2005,SLN,KS,ACE,CE,Federal Contract Tower,0,12,47,5,64,0,4,83,9,96,0,16,130,14,160,154,14,168,328
05/20/2005,SLN,KS,ACE,CE,Federal Contract Tower,0,18,38,5,61,0,6,73,2,81,0,24,111,7,142,66,4,70,212
05/21/2005,SLN,KS,ACE,CE,Federal Contract Tower,0,9,16,0,25,0,0,34,3,37,0,9,50,3,62,18,14,32,94
05/22/2005,SLN,KS,ACE,CE,Federal Contract Tower,0,29,25,1,55,0,2,31,0,33,0,31,56,1,88,4,0,4,92
05/23/2005,SLN,KS,ACE,CE,Federal Contract Tower,0,11,24,8,43,0,0,68,2,70,0,11,92,10,113,80,4,84,197
05/24/2005,SLN,KS,ACE,CE,Federal Contract Tower,0,13,43,7,63,0,2,72,3,77,0,15,115,10,140,82,2,84,224
05/25/2005,SLN,KS,ACE,CE,Federal Contract Tower,0,17,28,12,57,0,3,79,2,84,0,20,107,14,141,108,26,134,275
05/26/2005,SLN,KS,ACE,CE,Federal Contract Tower,0,22,28,11,61,0,4,95,0,99,0,26,123,11,160,126,26,152,312
05/27/2005,SLN,KS,ACE,CE,Federal Contract Tower,0,22,37,2,61,0,0,76,1,77,0,22,113,3,138,64,0,64,202
05/28/2005,SLN,KS,ACE,CE,Federal Contract Tower,0,10,14,0,24,0,0,39,12,51,0,10,53,12,75,0,0,0,75
05/29/2005,SLN,KS,ACE,CE,Federal Contract Tower,0,4,19,0,23,0,2,11,0,13,0,6,30,0,36,4,0,4,40
05/30/2005,SLN,KS,ACE,CE,Federal Contract Tower,0,13,23,0,36,0,0,31,0,31,0,13,54,0,67,10,0,10,77
05/31/2005,SLN,KS,ACE,CE,Federal Contract Tower,0,10,26,0,36,0,1,29,0,30,0,11,55,0,66,50,0,50,116
06/01/2005,SLN,KS,ACE,CE,Federal Contract Tower,0,10,44,3,57,0,1,45,1,47,0,11,89,4,104,98,2,100,204
06/02/2005,SLN,KS,ACE,CE,Federal Contract Tower,0,19,35,3,57,0,2,34,3,39,0,21,69,6,96,92,0,92,188
06/03/2005,SLN,KS,ACE,CE,Federal Contract Tower,0,14,18,0,32,0,0,4,0,4,0,14,22,0,36,0,0,0,36
06/04/2005,SLN,KS,ACE,CE,Federal Contract Tower,0,3,19,0,22,0,3,40,3,46,0,6,59,3,68,14,0,14,82
06/05/2005,SLN,KS,ACE,CE,Federal Contract Tower,0,11,17,0,28,0,1,34,2,37,0,12,51,2,65,42,0,42,107
06/06/2005,SLN,KS,ACE,CE,Federal Contract Tower,0,16,47,5,68,0,2,91,1,94,0,18,138,6,162,78,14,92,254
06/07/2005,SLN,KS,ACE,CE,Federal Contract Tower,0,11,26,4,41,0,1,91,7,99,0,12,117,11,140,100,20,120,260
06/08/2005,SLN,KS,ACE,CE,Federal Contract Tower,0,13,40,8,61,0,0,82,6,88,0,13,122,14,149,152,12,164,313
06/09/2005,SLN,KS,ACE,CE,Federal Contract Tower,0,13,38,4,55,0,1,32,1,34,0,14,70,5,89,76,4,80,169
06/10/2005,SLN,KS,ACE,CE,Federal Contract Tower,2,17,9,4,32,0,0,17,11,28,2,17,26,15,60,54,10,64,124
06/11/2005,SLN,KS,ACE,CE,Federal Contract Tower,0,3,20,2,25,0,1,51,18,70,0,4,71,20,95,76,10,86,181
06/12/2005,SLN,KS,ACE,CE,Federal Contract Tower,0,9,16,0,25,0,1,2,1,4,0,10,18,1,29,0,0,0,29
06/13/2005,SLN,KS,ACE,CE,Federal Contract Tower,2,15,35,0,52,0,3,58,3,64,2,18,93,3,116,68,0,68,184
06/14/2005,SLN,KS,ACE,CE,Federal Contract Tower,0,17,39,3,59,0,0,89,6,95,0,17,128,9,154,136,6,142,296
06/15/2005,SLN,KS,ACE,CE,Federal Contract Tower,0,14,31,2,47,0,4,99,2,105,0,18,130,4,152,288,0,288,440
06/16/2005,SLN,KS,ACE,CE,Federal Contract Tower,0,13,44,9,66,0,1,77,8,86,0,14,121,17,152,138,24,162,314
06/17/2005,SLN,KS,ACE,CE,Federal Contract Tower,0,9,32,6,47,0,2,46,8,56,0,11,78,14,103,84,46,130,233
06/18/2005,SLN,KS,ACE,CE,Federal Contract Tower,0,3,19,2,24,0,1,48,0,49,0,4,67,2,73,32,0,32,105
06/19/2005,SLN,KS,ACE,CE,Federal Contract Tower,0,6,25,2,33,0,4,38,0,42,0,10,63,2,75,8,0,8,83
06/20/2005,SLN,KS,ACE,CE,Federal Contract Tower,0,23,48,2,73,0,2,94,0,96,0,25,142,2,169,116,6,122,291
06/21/2005,SLN,KS,ACE,CE,Federal Contract Tower,0,16,27,4,47,0,1,72,1,74,0,17,99,5,121,130,4,134,255
06/22/2005,SLN,KS,ACE,CE,Federal Contract Tower,0,14,45,0,59,0,0,98,5,103,0,14,143,5,162,136,8,144,306
06/23/2005,SLN,KS,ACE,CE,Federal Contract Tower,0,12,41,0,53,0,3,64,7,74,0,15,105,7,127,72,0,72,199
06/24/2005,SLN,KS,ACE,CE,Federal Contract Tower,0,13,46,2,61,0,0,86,2,88,0,13,132,4,149,94,10,104,253
06/25/2005,SLN,KS,ACE,CE,Federal Contract Tower,0,11,22,0,33,0,4,36,10,50,0,15,58,10,83,16,6,22,105
06/26/2005,SLN,KS,ACE,CE,Federal Contract Tower,0,22,36,0,58,0,2,36,0,38,0,24,72,0,96,22,0,22,118
06/27/2005,SLN,KS,ACE,CE,Federal Contract Tower,0,22,35,1,58,0,2,63,1,66,0,24,98,2,124,110,2,112,236
06/28/2005,SLN,KS,ACE,CE,Federal Contract Tower,0,10,42,3,55,0,4,62,5,71,0,14,104,8,126,90,10,100,226
06/29/2005,SLN,KS,ACE,CE,Federal Contract Tower,0,9,36,2,47,0,0,36,4,40,0,9,72,6,87,42,4,46,133
06/30/2005,SLN,KS,ACE,CE,Federal Contract Tower,0,12,35,8,55,0,0,79,3,82,0,12,114,11,137,88,20,108,245
07/01/2005,SLN,KS,ACE,CE,Federal Contract Tower,0,22,30,0,52,0,2,45,0,47,0,24,75,0,99,36,0,36,135
07/02/2005,SLN,KS,ACE,CE,Federal Contract Tower,0,8,16,0,24,0,0,34,4,38,0,8,50,4,62,60,0,60,122
07/03/2005,SLN,KS,ACE,CE,Federal Contract Tower,0,7,11,0,18,0,0,10,0,10,0,7,21,0,28,4,0,4,32
07/04/2005,SLN,KS,ACE,CE,Federal Contract Tower,0,9,8,0,17,0,3,33,3,39,0,12,41,3,56,14,0,14,70
07/05/2005,SLN,KS,ACE,CE,Federal Contract Tower,0,17,15,6,38,0,0,41,5,46,0,17,56,11,84,44,78,122,206
07/06/2005,SLN,KS,ACE,CE,Federal Contract Tower,0,15,27,4,46,0,2,65,11,78,0,17,92,15,124,86,2,88,212
07/07/2005,SLN,KS,ACE,CE,Federal Contract Tower,0,13,45,2,60,0,0,74,2,76,0,13,119,4,136,128,8,136,272
07/08/2005,SLN,KS,ACE,CE,Federal Contract Tower,0,12,46,2,60,0,0,50,4,54,0,12,96,6,114,42,6,48,162
07/09/2005,SLN,KS,ACE,CE,Federal Contract Tower,0,13,13,0,26,0,0,32,4,36,0,13,45,4,62,16,0,16,78
07/10/2005,SLN,KS,ACE,CE,Federal Contract Tower,0,13,34,0,47,0,1,39,3,43,0,14,73,3,90,22,0,22,112
07/11/2005,SLN,KS,ACE,CE,Federal Contract Tower,0,13,41,4,58,0,0,78,0,78,0,13,119,4,136,92,28,120,256
07/12/2005,SLN,KS,ACE,CE,Federal Contract Tower,0,12,25,2,39,0,2,79,0,81,0,14,104,2,120,106,0,106,226
07/13/2005,SLN,KS,ACE,CE,Federal Contract Tower,0,18,30,3,51,0,0,82,2,84,0,18,112,5,135,146,12,158,293
07/14/2005,SLN,KS,ACE,CE,Federal Contract Tower,0,15,48,14,77,0,0,90,9,99,0,15,138,23,176,124,8,132,308
07/15/2005,SLN,KS,ACE,CE,Federal Contract Tower,0,12,24,8,44,0,3,63,3,69,0,15,87,11,113,60,0,60,173
07/16/2005,SLN,KS,ACE,CE,Federal Contract Tower,0,7,23,0,30,0,2,43,2,47,0,9,66,2,77,50,0,50,127
07/17/2005,SLN,KS,ACE,CE,Federal Contract Tower,0,27,27,0,54,0,0,24,2,26,0,27,51,2,80,12,0,12,92
07/18/2005,SLN,KS,ACE,CE,Federal Contract Tower,0,14,20,0,34,0,6,42,1,49,0,20,62,1,83,62,14,76,159
07/19/2005,SLN,KS,ACE,CE,Federal Contract Tower,0,20,28,3,51,0,0,82,2,84,0,20,110,5,135,78,6,84,219
07/20/2005,SLN,KS,ACE,CE,Federal Contract Tower,0,23,43,4,70,0,2,84,8,94,0,25,127,12,164,124,2,126,290
07/21/2005,SLN,KS,ACE,CE,Federal Contract Tower,0,22,51,5,78,0,0,98,8,106,0,22,149,13,184,142,20,162,346
07/22/2005,SLN,KS,ACE,CE,Federal Contract Tower,0,11,31,3,45,0,0,64,4,68,0,11,95,7,113,106,12,118,231
07/23/2005,SLN,KS,ACE,CE,Federal Contract Tower,0,9,30,0,39,0,0,33,0,33,0,9,63,0,72,54,0,54,126
07/24/2005,SLN,KS,ACE,CE,Federal Contract Tower,0,13,38,0,51,0,1,27,0,28,0,14,65,0,79,26,0,26,105
07/25/2005,SLN,KS,ACE,CE,Federal Contract Tower,0,19,36,3,58,0,0,48,0,48,0,19,84,3,106,87,16,103,209
07/26/2005,SLN,KS,ACE,CE,Federal Contract Tower,0,12,43,2,57,0,3,22,2,27,0,15,65,4,84,58,0,58,142
07/27/2005,SLN,KS,ACE,CE,Federal Contract Tower,0,24,30,5,59,0,1,89,2,92,0,25,119,7,151,138,2,140,291
07/28/2005,SLN,KS,ACE,CE,Federal Contract Tower,0,17,33,0,50,0,0,65,2,67,0,17,98,2,117,90,0,90,207
07/29/2005,SLN,KS,ACE,CE,Federal Contract Tower,0,21,40,2,63,0,1,55,4,60,0,22,95,6,123,80,2,82,205
07/30/2005,SLN,KS,ACE,CE,Federal Contract Tower,2,14,22,14,52,0,0,23,9,32,2,14,45,23,84,30,14,44,128
07/31/2005,SLN,KS,ACE,CE,Federal Contract Tower,1,20,47,0,68,0,4,44,0,48,1,24,91,0,116,14,0,14,130
08/01/2005,SLN,KS,ACE,CE,Federal Contract Tower,0,15,32,4,51,0,0,51,8,59,0,15,83,12,110,56,10,66,176
08/02/2005,SLN,KS,ACE,CE,Federal Contract Tower,0,21,31,0,52,0,2,73,2,77,0,23,104,2,129,108,0,108,237
08/03/2005,SLN,KS,ACE,CE,Federal Contract Tower,0,11,32,5,48,0,7,77,8,92,0,18,109,13,140,150,12,162,302
08/04/2005,SLN,KS,ACE,CE,Federal Contract Tower,0,17,36,0,53,0,0,38,8,46,0,17,74,8,99,64,0,64,163
08/05/2005,SLN,KS,ACE,CE,Federal Contract Tower,0,17,37,1,55,0,0,36,5,41,0,17,73,6,96,46,4,50,146
08/06/2005,SLN,KS,ACE,CE,Federal Contract Tower,1,7,17,0,25,0,2,54,2,58,1,9,71,2,83,30,14,44,127
08/07/2005,SLN,KS,ACE,CE,Federal Contract Tower,1,16,39,0,56,0,0,26,0,26,1,16,65,0,82,4,0,4,86
08/08/2005,SLN,KS,ACE,CE,Federal Contract Tower,0,20,33,1,54,0,2,65,1,68,0,22,98,2,122,114,8,122,244
08/09/2005,SLN,KS,ACE,CE,Federal Contract Tower,0,15,42,0,57,0,0,47,2,49,0,15,89,2,106,68,4,72,178
08/10/2005,SLN,KS,ACE,CE,Federal Contract Tower,0,17,29,0,46,0,0,61,1,62,0,17,90,1,108,154,0,154,262
08/11/2005,SLN,KS,ACE,CE,Federal Contract Tower,2,8,31,8,49,0,0,63,4,67,2,8,94,12,116,70,20,90,206
08/12/2005,SLN,KS,ACE,CE,Federal Contract Tower,0,18,34,0,52,0,0,59,4,63,0,18,93,4,115,90,2,92,207
08/13/2005,SLN,KS,ACE,CE,Federal Contract Tower,0,4,24,0,28,0,0,4,0,4,0,4,28,0,32,0,0,0,32
08/14/2005,SLN,KS,ACE,CE,Federal Contract Tower,2,7,28,0,37,0,0,24,0,24,2,7,52,0,61,36,0,36,97
08/15/2005,SLN,KS,ACE,CE,Federal Contract Tower,0,17,57,21,95,0,2,48,0,50,0,19,105,21,145,122,52,174,319
08/16/2005,SLN,KS,ACE,CE,Federal Contract Tower,2,12,34,4,52,0,1,36,8,45,2,13,70,12,97,30,0,30,127
08/17/2005,SLN,KS,ACE,CE,Federal Contract Tower,0,20,42,1,63,0,0,28,3,31,0,20,70,4,94,14,0,14,108
08/18/2005,SLN,KS,ACE,CE,Federal Contract Tower,0,22,33,1,56,0,0,48,6,54,0,22,81,7,110,36,10,46,156
08/19/2005,SLN,KS,ACE,CE,Federal Contract Tower,0,18,27,2,47,0,1,31,2,34,0,19,58,4,81,10,0,10,91
08/20/2005,SLN,KS,ACE,CE,Federal Contract Tower,0,10,20,4,34,0,1,55,0,56,0,11,75,4,90,26,0,26,116
08/21/2005,SLN,KS,ACE,CE,Federal Contract Tower,0,15,20,3,38,0,1,28,5,34,0,16,48,8,72,34,4,38,110
08/22/2005,SLN,KS,ACE,CE,Federal Contract Tower,0,15,42,0,57,0,0,37,40,77,0,15,79,40,134,91,6,97,231
08/23/2005,SLN,KS,ACE,CE,Federal Contract Tower,0,16,36,7,59,0,0,41,12,53,0,16,77,19,112,52,6,58,170
08/24/2005,SLN,KS,ACE,CE,Federal Contract Tower,0,8,44,4,56,0,0,45,15,60,0,8,89,19,116,66,8,74,190
08/25/2005,SLN,KS,ACE,CE,Federal Contract Tower,2,16,43,2,63,0,2,85,20,107,2,18,128,22,170,144,2,146,316
08/26/2005,SLN,KS,ACE,CE,Federal Contract Tower,0,17,42,1,60,0,2,61,29,92,0,19,103,30,152,104,6,110,262
08/27/2005,SLN,KS,ACE,CE,Federal Contract Tower,0,3,18,0,21,0,0,66,34,100,0,3,84,34,121,62,16,78,199
08/28/2005,SLN,KS,ACE,CE,Federal Contract Tower,0,8,17,3,28,0,2,31,17,50,0,10,48,20,78,26,12,38,116
08/29/2005,SLN,KS,ACE,CE,Federal Contract Tower,0,9,32,10,51,0,0,127,0,127,0,9,159,10,178,192,14,206,384
08/30/2005,SLN,KS,ACE,CE,Federal Contract Tower,0,20,25,11,56,0,3,166,6,175,0,23,191,17,231,176,20,196,427
08/31/2005,SLN,KS,ACE,CE,Federal Contract Tower,0,19,30,18,67,0,0,141,7,148,0,19,171,25,215,148,76,224,439
09/01/2005,SLN,KS,ACE,CE,Federal Contract Tower,0,10,32,1,43,0,1,103,4,108,0,11,135,5,151,100,6,106,257
09/02/2005,SLN,KS,ACE,CE,Federal Contract Tower,0,13,47,0,60,0,2,133,2,137,0,15,180,2,197,96,0,96,293
09/03/2005,SLN,KS,ACE,CE,Federal Contract Tower,0,5,35,0,40,0,2,44,4,50,0,7,79,4,90,42,8,50,140
09/04/2005,SLN,KS,ACE,CE,Federal Contract Tower,0,6,11,0,17,0,0,44,0,44,0,6,55,0,61,34,0,34,95
09/05/2005,SLN,KS,ACE,CE,Federal Contract Tower,0,18,42,0,60,0,0,53,0,53,0,18,95,0,113,56,0,56,169
09/06/2005,SLN,KS,ACE,CE,Federal Contract Tower,0,19,41,0,60,0,4,81,2,87,0,23,122,2,147,120,0,120,267
09/07/2005,SLN,KS,ACE,CE,Federal Contract Tower,0,17,31,8,56,0,0,151,8,159,0,17,182,16,215,184,14,198,413
09/08/2005,SLN,KS,ACE,CE,Federal Contract Tower,0,13,41,2,56,0,1,122,2,125,0,14,163,4,181,150,18,168,349
09/09/2005,SLN,KS,ACE,CE,Federal Contract Tower,0,19,32,1,52,0,0,148,2,150,0,19,180,3,202,168,0,168,370
09/10/2005,SLN,KS,ACE,CE,Federal Contract Tower,0,6,25,0,31,0,3,37,4,44,0,9,62,4,75,30,0,30,105
09/11/2005,SLN,KS,ACE,CE,Federal Contract Tower,0,23,25,6,54,0,0,35,0,35,0,23,60,6,89,26,8,34,123
09/12/2005,SLN,KS,ACE,CE,Federal Contract Tower,0,13,41,3,57,0,0,109,2,111,0,13,150,5,168,114,2,116,284
09/13/2005,SLN,KS,ACE,CE,Federal Contract Tower,1,11,24,2,38,0,4,133,2,139,1,15,157,4,177,184,0,184,361
09/14/2005,SLN,KS,ACE,CE,Federal Contract Tower,2,21,39,0,62,0,0,162,2,164,2,21,201,2,226,264,4,268,494
09/15/2005,SLN,KS,ACE,CE,Federal Contract Tower,0,13,63,5,81,0,3,133,0,136,0,16,196,5,217,164,48,212,429
09/16/2005,SLN,KS,ACE,CE,Federal Contract Tower,0,12,34,9,55,0,0,155,5,160,0,12,189,14,215,248,30,278,493
09/17/2005,SLN,KS,ACE,CE,Federal Contract Tower,2,7,18,1,28,0,0,40,5,45,2,7,58,6,73,72,0,72,145
09/18/2005,SLN,KS,ACE,CE,Federal Contract Tower,0,10,32,3,45,0,3,34,0,37,0,13,66,3,82,32,4,36,118
09/19/2005,SLN,KS,ACE,CE,Federal Contract Tower,0,17,34,2,53,0,1,110,0,111,0,18,144,2,164,218,50,268,432
09/20/2005,SLN,KS,ACE,CE,Federal Contract Tower,0,16,25,5,46,0,1,150,5,156,0,17,175,10,202,208,20,228,430
09/21/2005,SLN,KS,ACE,CE,Federal Contract Tower,0,15,46,3,64,0,0,141,6,147,0,15,187,9,211,178,26,204,415
09/22/2005,SLN,KS,ACE,CE,Federal Contract Tower,0,15,5,4,24,0,131,0,1,132,0,146,5,5,156,170,6,176,332
09/23/2005,SLN,KS,ACE,CE,Federal Contract Tower,0,20,65,0,85,0,2,88,7,97,0,22,153,7,182,252,0,252,434
09/24/2005,SLN,KS,ACE,CE,Federal Contract Tower,0,6,17,0,23,0,2,45,2,49,0,8,62,2,72,102,0,102,174
09/25/2005,SLN,KS,ACE,CE,Federal Contract Tower,0,16,42,2,60,0,0,51,0,51,0,16,93,2,111,174,0,174,285
09/26/2005,SLN,KS,ACE,CE,Federal Contract Tower,0,17,41,6,64,0,4,141,1,146,0,21,182,7,210,316,34,350,560
09/27/2005,SLN,KS,ACE,CE,Federal Contract Tower,0,17,37,4,58,0,3,165,3,171,0,20,202,7,229,230,50,280,509
09/28/2005,SLN,KS,ACE,CE,Federal Contract Tower,0,15,53,0,68,0,0,72,4,76,0,15,125,4,144,140,10,150,294
09/29/2005,SLN,KS,ACE,CE,Federal Contract Tower,0,22,34,1,57,0,0,170,3,173,0,22,204,4,230,496,6,502,732
09/30/2005,SLN,KS,ACE,CE,Federal Contract Tower,0,22,27,3,52,0,3,122,3,128,0,25,149,6,180,232,0,232,412
10/01/2005,SLN,KS,ACE,CE,Federal Contract Tower,0,7,25,11,43,0,0,23,8,31,0,7,48,19,74,12,26,38,112
10/02/2005,SLN,KS,ACE,CE,Federal Contract Tower,0,24,24,2,50,0,0,26,0,26,0,24,50,2,76,8,0,8,84
10/03/2005,SLN,KS,ACE,CE,Federal Contract Tower,0,11,31,2,44,0,3,47,2,52,0,14,78,4,96,30,28,58,154
10/04/2005,SLN,KS,ACE,CE,Federal Contract Tower,0,11,31,11,53,0,3,83,5,91,0,14,114,16,144,120,14,134,278
10/05/2005,SLN,KS,ACE,CE,Federal Contract Tower,0,8,31,0,39,0,10,102,0,112,0,18,133,0,151,270,0,270,421
10/06/2005,SLN,KS,ACE,CE,Federal Contract Tower,0,17,41,5,63,0,1,154,15,170,0,18,195,20,233,240,32,272,505
10/07/2005,SLN,KS,ACE,CE,Federal Contract Tower,0,20,46,3,69,0,2,137,20,159,0,22,183,23,228,322,53,375,603
10/08/2005,SLN,KS,ACE,CE,Federal Contract Tower,0,4,16,7,27,0,2,35,6,43,0,6,51,13,70,68,0,68,138
10/09/2005,SLN,KS,ACE,CE,Federal Contract Tower,0,6,64,0,70,0,6,39,0,45,0,12,103,0,115,56,0,56,171
10/10/2005,SLN,KS,ACE,CE,Federal Contract Tower,0,13,37,0,50,0,1,83,0,84,0,14,120,0,134,218,0,218,352
10/11/2005,SLN,KS,ACE,CE,Federal Contract Tower,0,16,45,2,63,0,1,16,0,17,0,17,61,2,80,40,0,40,120
10/12/2005,SLN,KS,ACE,CE,Federal Contract Tower,0,15,48,1,64,0,2,110,11,123,0,17,158,12,187,190,34,224,411
10/13/2005,SLN,KS,ACE,CE,Federal Contract Tower,0,11,43,8,62,0,4,135,6,145,0,15,178,14,207,346,16,362,569
10/14/2005,SLN,KS,ACE,CE,Federal Contract Tower,2,14,34,1,51,0,0,151,14,165,2,14,185,15,216,238,4,242,458
10/15/2005,SLN,KS,ACE,CE,Federal Contract Tower,0,7,13,4,24,0,3,51,7,61,0,10,64,11,85,28,20,48,133
10/16/2005,SLN,KS,ACE,CE,Federal Contract Tower,0,15,33,0,48,0,4,28,0,32,0,19,61,0,80,18,0,18,98
10/17/2005,SLN,KS,ACE,CE,Federal Contract Tower,0,12,45,3,60,0,3,102,1,106,0,15,147,4,166,196,6,202,368
10/18/2005,SLN,KS,ACE,CE,Federal Contract Tower,0,12,41,2,55,0,1,131,3,135,0,13,172,5,190,178,2,180,370
10/19/2005,SLN,KS,ACE,CE,Federal Contract Tower,0,10,22,1,33,0,0,106,1,107,0,10,128,2,140,158,2,160,300
10/20/2005,SLN,KS,ACE,CE,Federal Contract Tower,0,19,41,6,66,0,0,1,2,3,0,19,42,8,69,2,6,8,77
10/21/2005,SLN,KS,ACE,CE,Federal Contract Tower,0,14,40,6,60,0,0,120,5,125,0,14,160,11,185,174,38,212,397
10/22/2005,SLN,KS,ACE,CE,Federal Contract Tower,0,9,18,2,29,0,2,30,6,38,0,11,48,8,67,30,10,40,107
10/23/2005,SLN,KS,ACE,CE,Federal Contract Tower,0,16,22,0,38,0,0,37,0,37,0,16,59,0,75,8,0,8,83
10/24/2005,SLN,KS,ACE,CE,Federal Contract Tower,0,19,33,3,55,0,1,122,2,125,0,20,155,5,180,254,6,260,440
10/25/2005,SLN,KS,ACE,CE,Federal Contract Tower,0,15,30,3,48,0,0,143,10,153,0,15,173,13,201,310,16,326,527
10/26/2005,SLN,KS,ACE,CE,Federal Contract Tower,0,23,36,0,59,0,0,131,4,135,0,23,167,4,194,240,0,240,434
10/27/2005,SLN,KS,ACE,CE,Federal Contract Tower,0,18,24,1,43,0,0,109,1,110,0,18,133,2,153,216,0,216,369
10/28/2005,SLN,KS,ACE,CE,Federal Contract Tower,0,15,41,6,62,0,2,98,2,102,0,17,139,8,164,160,10,170,334
10/29/2005,SLN,KS,ACE,CE,Federal Contract Tower,0,9,12,0,21,0,0,27,2,29,0,9,39,2,50,20,0,20,70
10/30/2005,SLN,KS,ACE,CE,Federal Contract Tower,0,10,28,1,39,0,0,43,1,44,0,10,71,2,83,68,0,68,151
10/31/2005,SLN,KS,ACE,CE,Federal Contract Tower,0,13,37,2,52,0,1,72,0,73,0,14,109,2,125,160,30,190,315
11/01/2005,SLN,KS,ACE,CE,Federal Contract Tower,0,17,30,6,53,0,5,109,3,117,0,22,139,9,170,164,14,178,348
11/02/2005,SLN,KS,ACE,CE,Federal Contract Tower,0,21,41,0,62,0,1,121,3,125,0,22,162,3,187,202,0,202,389
11/03/2005,SLN,KS,ACE,CE,Federal Contract Tower,0,15,39,2,56,0,4,107,2,113,0,19,146,4,169,212,6,218,387
11/04/2005,SLN,KS,ACE,CE,Federal Contract Tower,0,17,31,6,54,0,0,113,2,115,0,17,144,8,169,130,28,158,327
11/05/2005,SLN,KS,ACE,CE,Federal Contract Tower,0,5,22,0,27,0,0,45,0,45,0,5,67,0,72,46,0,46,118
11/06/2005,SLN,KS,ACE,CE,Federal Contract Tower,0,11,18,4,33,0,1,35,5,41,0,12,53,9,74,38,6,44,118
11/07/2005,SLN,KS,ACE,CE,Federal Contract Tower,0,17,44,4,65,0,0,122,2,124,0,17,166,6,189,192,6,198,387
11/08/2005,SLN,KS,ACE,CE,Federal Contract Tower,0,13,38,9,60,0,1,137,10,148,0,14,175,19,208,232,14,246,454
11/09/2005,SLN,KS,ACE,CE,Federal Contract Tower,0,17,52,5,74,0,1,104,6,111,0,18,156,11,185,202,10,212,397
11/10/2005,SLN,KS,ACE,CE,Federal Contract Tower,0,21,45,2,68,0,1,131,5,137,0,22,176,7,205,228,4,232,437
11/11/2005,SLN,KS,ACE,CE,Federal Contract Tower,0,6,61,2,69,0,0,99,0,99,0,6,160,2,168,174,0,174,342
11/12/2005,SLN,KS,ACE,CE,Federal Contract Tower,2,7,12,3,24,0,2,8,2,12,2,9,20,5,36,12,2,14,50
11/13/2005,SLN,KS,ACE,CE,Federal Contract Tower,0,7,15,0,22,0,2,40,0,42,0,9,55,0,64,39,0,39,103
11/14/2005,SLN,KS,ACE,CE,Federal Contract Tower,0,13,34,0,47,0,1,73,0,74,0,14,107,0,121,118,0,118,239
11/15/2005,SLN,KS,ACE,CE,Federal Contract Tower,0,13,13,0,26,0,0,0,0,0,0,13,13,0,26,0,0,0,26
11/16/2005,SLN,KS,ACE,CE,Federal Contract Tower,0,10,43,0,53,0,1,121,0,122,0,11,164,0,175,158,2,160,335
11/17/2005,SLN,KS,ACE,CE,Federal Contract Tower,0,14,55,0,69,0,0,110,6,116,0,14,165,6,185,158,0,158,343
11/18/2005,SLN,KS,ACE,CE,Federal Contract Tower,0,21,23,0,44,0,1,113,9,123,0,22,136,9,167,142,16,158,325
11/19/2005,SLN,KS,ACE,CE,Federal Contract Tower,0,17,23,0,40,0,1,36,8,45,0,18,59,8,85,54,0,54,139
11/20/2005,SLN,KS,ACE,CE,Federal Contract Tower,0,12,25,0,37,0,3,52,0,55,0,15,77,0,92,28,0,28,120
11/21/2005,SLN,KS,ACE,CE,Federal Contract Tower,0,14,31,6,51,0,0,102,2,104,0,14,133,8,155,222,18,240,395
11/22/2005,SLN,KS,ACE,CE,Federal Contract Tower,0,14,22,4,40,0,3,88,2,93,0,17,110,6,133,142,10,152,285
11/23/2005,SLN,KS,ACE,CE,Federal Contract Tower,0,19,24,1,44,0,0,39,1,40,0,19,63,2,84,32,32,64,148
11/24/2005,SLN,KS,ACE,CE,Federal Contract Tower,0,3,2,0,5,0,1,10,0,11,0,4,12,0,16,4,0,4,20
11/25/2005,SLN,KS,ACE,CE,Federal Contract Tower,0,12,4,0,16,0,3,17,0,20,0,15,21,0,36,4,0,4,40
11/26/2005,SLN,KS,ACE,CE,Federal Contract Tower,0,9,23,0,32,0,1,24,1,26,0,10,47,1,58,2,0,2,60
11/27/2005,SLN,KS,ACE,CE,Federal Contract Tower,0,5,27,1,33,0,0,1,1,2,0,5,28,2,35,0,0,0,35
11/28/2005,SLN,KS,ACE,CE,Federal Contract Tower,0,8,17,0,25,0,0,0,0,0,0,8,17,0,25,0,0,0,25
11/29/2005,SLN,KS,ACE,CE,Federal Contract Tower,0,13,34,0,47,0,0,91,3,94,0,13,125,3,141,120,6,126,267
11/30/2005,SLN,KS,ACE,CE,Federal Contract Tower,0,18,31,0,49,0,2,91,4,97,0,20,122,4,146,132,16,148,294
12/01/2005,SLN,KS,ACE,CE,Federal Contract Tower,0,19,32,4,55,0,2,91,3,96,0,21,123,7,151,180,12,192,343
12/02/2005,SLN,KS,ACE,CE,Federal Contract Tower,0,15,34,8,57,0,1,105,6,112,0,16,139,14,169,188,68,256,425
12/03/2005,SLN,KS,ACE,CE,Federal Contract Tower,0,7,10,0,17,0,0,21,0,21,0,7,31,0,38,22,0,22,60
12/04/2005,SLN,KS,ACE,CE,Federal Contract Tower,0,12,21,0,33,0,0,29,0,29,0,12,50,0,62,78,0,78,140
12/05/2005,SLN,KS,ACE,CE,Federal Contract Tower,0,8,31,2,41,0,0,54,0,54,0,8,85,2,95,112,0,112,207
12/06/2005,SLN,KS,ACE,CE,Federal Contract Tower,0,15,42,7,64,0,2,109,0,111,0,17,151,7,175,182,48,230,405
12/07/2005,SLN,KS,ACE,CE,Federal Contract Tower,0,14,9,0,23,0,0,0,0,0,0,14,9,0,23,0,0,0,23
12/08/2005,SLN,KS,ACE,CE,Federal Contract Tower,3,14,30,2,49,0,2,71,1,74,3,16,101,3,123,78,0,78,201
12/09/2005,SLN,KS,ACE,CE,Federal Contract Tower,3,14,42,4,63,0,0,114,6,120,3,14,156,10,183,204,0,204,387
12/10/2005,SLN,KS,ACE,CE,Federal Contract Tower,2,4,15,0,21,0,2,26,2,30,2,6,41,2,51,48,0,48,99
12/11/2005,SLN,KS,ACE,CE,Federal Contract Tower,2,10,17,0,29,0,6,27,0,33,2,16,44,0,62,38,0,38,100
12/12/2005,SLN,KS,ACE,CE,Federal Contract Tower,0,9,32,8,49,0,1,115,5,121,0,10,147,13,170,254,20,274,444
12/13/2005,SLN,KS,ACE,CE,Federal Contract Tower,12,20,32,0,64,0,1,64,6,71,12,21,96,6,135,138,28,166,301
12/14/2005,SLN,KS,ACE,CE,Federal Contract Tower,12,21,28,2,63,0,2,87,0,89,12,23,115,2,152,106,26,132,284
12/15/2005,SLN,KS,ACE,CE,Federal Contract Tower,10,19,37,0,66,0,3,42,8,53,10,22,79,8,119,136,10,146,265
12/16/2005,SLN,KS,ACE,CE,Federal Contract Tower,12,15,52,8,87,0,5,54,9,68,12,20,106,17,155,106,50,156,311
12/17/2005,SLN,KS,ACE,CE,Federal Contract Tower,12,6,8,0,26,0,0,0,0,0,12,6,8,0,26,0,0,0,26
12/18/2005,SLN,KS,ACE,CE,Federal Contract Tower,0,8,29,0,37,0,0,5,0,5,0,8,34,0,42,8,0,8,50
12/19/2005,SLN,KS,ACE,CE,Federal Contract Tower,0,12,29,2,43,0,3,39,4,46,0,15,68,6,89,104,12,116,205
12/20/2005,SLN,KS,ACE,CE,Federal Contract Tower,12,18,19,1,50,0,2,14,3,19,12,20,33,4,69,22,6,28,97
12/21/2005,SLN,KS,ACE,CE,Federal Contract Tower,16,10,38,0,64,0,1,58,4,63,16,11,96,4,127,116,0,116,243
12/22/2005,SLN,KS,ACE,CE,Federal Contract Tower,10,15,38,5,68,0,3,65,3,71,10,18,103,8,139,88,10,98,237
12/23/2005,SLN,KS,ACE,CE,Federal Contract Tower,12,14,39,0,65,0,2,33,1,36,12,16,72,1,101,48,26,74,175
12/24/2005,SLN,KS,ACE,CE,Federal Contract Tower,0,9,11,0,20,0,0,6,0,6,0,9,17,0,26,0,0,0,26
12/25/2005,SLN,KS,ACE,CE,Federal Contract Tower,0,14,12,0,26,0,1,19,0,20,0,15,31,0,46,4,0,4,50
12/26/2005,SLN,KS,ACE,CE,Federal Contract Tower,0,20,37,0,57,0,1,30,0,31,0,21,67,0,88,0,0,0,88
12/27/2005,SLN,KS,ACE,CE,Federal Contract Tower,0,12,45,0,57,0,1,47,0,48,0,13,92,0,105,38,0,38,143
12/28/2005,SLN,KS,ACE,CE,Federal Contract Tower,0,13,17,0,30,0,1,62,0,63,0,14,79,0,93,92,0,92,185
12/29/2005,SLN,KS,ACE,CE,Federal Contract Tower,0,22,12,0,34,0,1,41,1,43,0,23,53,1,77,56,18,74,151
12/30/2005,SLN,KS,ACE,CE,Federal Contract Tower,0,24,16,0,40,0,1,33,0,34,0,25,49,0,74,42,0,42,116
12/31/2005,SLN,KS,ACE,CE,Federal Contract Tower,0,5,22,0,27,0,2,39,0,41,0,7,61,0,68,34,0,34,102
01/01/2006,SLN,KS,ACE,CE,Federal Contract Tower,0,18,28,0,46,0,0,20,0,20,0,18,48,0,66,0,0,0,66
01/02/2006,SLN,KS,ACE,CE,Federal Contract Tower,0,16,37,0,53,0,1,25,0,26,0,17,62,0,79,42,0,42,121
01/03/2006,SLN,KS,ACE,CE,Federal Contract Tower,0,12,42,2,56,0,3,54,0,57,0,15,96,2,113,70,22,92,205
01/04/2006,SLN,KS,ACE,CE,Federal Contract Tower,0,14,30,2,46,0,1,56,6,63,0,15,86,8,109,90,0,90,199
01/05/2006,SLN,KS,ACE,CE,Federal Contract Tower,0,12,24,10,46,0,1,58,5,64,0,13,82,15,110,104,42,146,256
01/06/2006,SLN,KS,ACE,CE,Federal Contract Tower,0,11,22,7,40,0,1,40,5,46,0,12,62,12,86,62,26,88,174
01/07/2006,SLN,KS,ACE,CE,Federal Contract Tower,0,5,24,5,34,0,0,38,2,40,0,5,62,7,74,14,12,26,100
01/08/2006,SLN,KS,ACE,CE,Federal Contract Tower,0,14,13,0,27,0,0,11,2,13,0,14,24,2,40,6,0,6,46
01/09/2006,SLN,KS,ACE,CE,Federal Contract Tower,0,12,18,2,32,0,0,21,0,21,0,12,39,2,53,58,0,58,111
01/10/2006,SLN,KS,ACE,CE,Federal Contract Tower,0,12,26,4,42,0,3,36,0,39,0,15,62,4,81,12,8,20,101
01/11/2006,SLN,KS,ACE,CE,Federal Contract Tower,0,16,36,1,53,0,1,79,2,82,0,17,115,3,135,64,4,68,203
01/12/2006,SLN,KS,ACE,CE,Federal Contract Tower,0,17,0,14,31,0,0,79,6,85,0,17,79,20,116,100,8,108,224
01/13/2006,SLN,KS,ACE,CE,Federal Contract Tower,0,10,38,2,50,0,4,57,2,63,0,14,95,4,113,82,0,82,195
01/14/2006,SLN,KS,ACE,CE,Federal Contract Tower,0,8,12,0,20,0,1,54,0,55,0,9,66,0,75,54,0,54,129
01/15/2006,SLN,KS,ACE,CE,Federal Contract Tower,0,9,30,0,39,0,4,51,0,55,0,13,81,0,94,58,0,58,152
01/16/2006,SLN,KS,ACE,CE,Federal Contract Tower,0,5,49,0,54,0,3,20,0,23,0,8,69,0,77,46,0,46,123
01/17/2006,SLN,KS,ACE,CE,Federal Contract Tower,0,20,30,6,56,0,1,99,2,102,0,21,129,8,158,186,10,196,354
01/18/2006,SLN,KS,ACE,CE,Federal Contract Tower,0,12,38,1,51,0,1,87,3,91,0,13,125,4,142,122,0,122,264
01/19/2006,SLN,KS,ACE,CE,Federal Contract Tower,0,12,19,0,31,0,4,89,8,101,0,16,108,8,132,138,4,142,274
01/20/2006,SLN,KS,ACE,CE,Federal Contract Tower,0,10,20,0,30,0,2,0,6,8,0,12,20,6,38,0,8,8,46
01/21/2006,SLN,KS,ACE,CE,Federal Contract Tower,0,13,38,2,53,0,0,44,3,47,0,13,82,5,100,42,4,46,146
01/22/2006,SLN,KS,ACE,CE,Federal Contract Tower,0,12,21,0,33,0,2,44,0,46,0,14,65,0,79,36,0,36,115
01/23/2006,SLN,KS,ACE,CE,Federal Contract Tower,0,8,22,3,33,0,1,38,1,40,0,9,60,4,73,36,6,42,115
01/24/2006,SLN,KS,ACE,CE,Federal Contract Tower,0,15,22,2,39,0,0,126,4,130,0,15,148,6,169,182,22,204,373
01/25/2006,SLN,KS,ACE,CE,Federal Contract Tower,0,10,49,8,67,0,1,101,7,109,0,11,150,15,176,158,22,180,356
01/26/2006,SLN,KS,ACE,CE,Federal Contract Tower,0,12,28,3,43,0,1,41,5,47,0,13,69,8,90,40,12,52,142
01/27/2006,SLN,KS,ACE,CE,Federal Contract Tower,0,13,32,6,51,0,3,93,1,97,0,16,125,7,148,118,18,136,284
01/28/2006,SLN,KS,ACE,CE,Federal Contract Tower,0,7,33,0,40,0,1,7,0,8,0,8,40,0,48,0,0,0,48
01/29/2006,SLN,KS,ACE,CE,Federal Contract Tower,0,8,31,1,40,0,0,57,0,57,0,8,88,1,97,40,0,40,137
01/30/2006,SLN,KS,ACE,CE,Federal Contract Tower,0,11,24,0,35,0,4,88,0,92,0,15,112,0,127,128,0,128,255
01/31/2006,SLN,KS,ACE,CE,Federal Contract Tower,0,15,25,3,43,0,3,110,7,120,0,18,135,10,163,166,18,184,347
02/01/2006,SLN,KS,ACE,CE,Federal Contract Tower,0,15,32,0,47,0,0,115,2,117,0,15,147,2,164,196,0,196,360
02/02/2006,SLN,KS,ACE,CE,Federal Contract Tower,0,20,27,8,55,0,4,83,12,99,0,24,110,20,154,96,18,114,268
02/03/2006,SLN,KS,ACE,CE,Federal Contract Tower,0,8,31,0,39,0,1,84,16,101,0,9,115,16,140,96,12,108,248
02/04/2006,SLN,KS,ACE,CE,Federal Contract Tower,0,3,24,5,32,0,0,59,0,59,0,3,83,5,91,48,8,56,147
02/05/2006,SLN,KS,ACE,CE,Federal Contract Tower,0,6,19,0,25,0,1,25,0,26,0,7,44,0,51,12,0,12,63
02/06/2006,SLN,KS,ACE,CE,Federal Contract Tower,0,16,41,1,58,0,2,74,3,79,0,18,115,4,137,124,12,136,273
02/07/2006,SLN,KS,ACE,CE,Federal Contract Tower,0,13,32,0,45,0,6,94,2,102,0,19,126,2,147,142,12,154,301
02/08/2006,SLN,KS,ACE,CE,Federal Contract Tower,0,9,39,2,50,0,4,96,0,100,0,13,135,2,150,142,4,146,296
02/09/2006,SLN,KS,ACE,CE,Federal Contract Tower,0,21,34,6,61,0,2,78,5,85,0,23,112,11,146,82,18,100,246
02/10/2006,SLN,KS,ACE,CE,Federal Contract Tower,0,16,39,6,61,0,0,68,0,68,0,16,107,6,129,70,26,96,225
02/11/2006,SLN,KS,ACE,CE,Federal Contract Tower,0,7,21,0,28,0,0,16,0,16,0,7,37,0,44,0,0,0,44
02/12/2006,SLN,KS,ACE,CE,Federal Contract Tower,0,8,15,5,28,0,0,34,4,38,0,8,49,9,66,16,2,18,84
02/13/2006,SLN,KS,ACE,CE,Federal Contract Tower,0,16,13,5,34,0,2,115,2,119,0,18,128,7,153,154,4,158,311
02/14/2006,SLN,KS,ACE,CE,Federal Contract Tower,0,16,23,3,42,0,3,125,4,132,0,19,148,7,174,198,8,206,380
02/15/2006,SLN,KS,ACE,CE,Federal Contract Tower,0,20,17,0,37,0,5,89,0,94,0,25,106,0,131,130,0,130,261
02/16/2006,SLN,KS,ACE,CE,Federal Contract Tower,0,17,59,6,82,0,1,4,0,5,0,18,63,6,87,0,6,6,93
02/17/2006,SLN,KS,ACE,CE,Federal Contract Tower,0,27,58,0,85,0,3,82,0,85,0,30,140,0,170,140,0,140,310
02/18/2006,SLN,KS,ACE,CE,Federal Contract Tower,0,21,21,0,42,0,0,26,0,26,0,21,47,0,68,16,0,16,84
02/19/2006,SLN,KS,ACE,CE,Federal Contract Tower,0,11,22,0,33,0,0,19,0,19,0,11,41,0,52,32,0,32,84
02/20/2006,SLN,KS,ACE,CE,Federal Contract Tower,0,9,31,0,40,0,0,101,0,101,0,9,132,0,141,140,0,140,281
02/21/2006,SLN,KS,ACE,CE,Federal Contract Tower,2,16,32,10,60,0,3,112,2,117,2,19,144,12,177,266,46,312,489
02/22/2006,SLN,KS,ACE,CE,Federal Contract Tower,0,22,43,6,71,0,1,122,1,124,0,23,165,7,195,144,20,164,359
02/23/2006,SLN,KS,ACE,CE,Federal Contract Tower,0,17,41,0,58,0,3,105,9,117,0,20,146,9,175,148,26,174,349
02/24/2006,SLN,KS,ACE,CE,Federal Contract Tower,0,11,37,4,52,0,1,85,5,91,0,12,122,9,143,108,26,134,277
02/25/2006,SLN,KS,ACE,CE,Federal Contract Tower,0,8,35,1,44,0,0,50,0,50,0,8,85,1,94,74,2,76,170
02/26/2006,SLN,KS,ACE,CE,Federal Contract Tower,0,11,29,0,40,0,0,59,1,60,0,11,88,1,100,92,0,92,192
02/27/2006,SLN,KS,ACE,CE,Federal Contract Tower,0,21,16,4,41,0,0,126,0,126,0,21,142,4,167,168,14,182,349
02/28/2006,SLN,KS,ACE,CE,Federal Contract Tower,0,20,19,0,39,0,1,107,0,108,0,21,126,0,147,196,0,196,343
03/01/2006,SLN,KS,ACE,CE,Federal Contract Tower,0,16,30,0,46,0,1,109,0,110,0,17,139,0,156,164,0,164,320
03/02/2006,SLN,KS,ACE,CE,Federal Contract Tower,0,11,31,11,53,0,2,125,3,130,0,13,156,14,183,218,30,248,431
03/03/2006,SLN,KS,ACE,CE,Federal Contract Tower,0,9,25,0,34,0,4,96,2,102,0,13,121,2,136,169,6,175,311
03/04/2006,SLN,KS,ACE,CE,Federal Contract Tower,0,6,21,1,28,0,0,26,5,31,0,6,47,6,59,30,6,36,95
03/05/2006,SLN,KS,ACE,CE,Federal Contract Tower,2,8,27,0,37,0,0,46,0,46,2,8,73,0,83,78,0,78,161
03/06/2006,SLN,KS,ACE,CE,Federal Contract Tower,0,14,28,1,43,0,1,91,7,99,0,15,119,8,142,180,12,192,334
03/07/2006,SLN,KS,ACE,CE,Federal Contract Tower,0,12,27,0,39,0,3,65,2,70,0,15,92,2,109,108,6,114,223
03/08/2006,SLN,KS,ACE,CE,Federal Contract Tower,0,13,26,7,46,0,2,82,6,90,0,15,108,13,136,108,24,132,268
03/09/2006,SLN,KS,ACE,CE,Federal Contract Tower,0,14,49,4,67,0,1,73,8,82,0,15,122,12,149,140,22,162,311
03/10/2006,SLN,KS,ACE,CE,Federal Contract Tower,0,15,30,2,47,0,1,107,5,113,0,16,137,7,160,128,10,138,298
03/11/2006,SLN,KS,ACE,CE,Federal Contract Tower,0,11,21,0,32,0,4,93,2,99,0,15,114,2,131,100,0,100,231
03/12/2006,SLN,KS,ACE,CE,Federal Contract Tower,2,13,30,2,47,0,0,8,0,8,2,13,38,2,55,12,0,12,67
03/13/2006,SLN,KS,ACE,CE,Federal Contract Tower,0,18,41,0,59,0,2,70,6,78,0,20,111,6,137,108,4,112,249
03/14/2006,SLN,KS,ACE,CE,Federal Contract Tower,0,14,41,14,69,0,3,107,0,110,0,17,148,14,179,146,2,148,327
03/15/2006,SLN,KS,ACE,CE,Federal Contract Tower,0,9,37,7,53,0,3,50,3,56,0,12,87,10,109,72,0,72,181
03/16/2006,SLN,KS,ACE,CE,Federal Contract Tower,2,16,41,8,67,0,3,55,6,64,2,19,96,14,131,64,20,84,215
03/17/2006,SLN,KS,ACE,CE,Federal Contract Tower,0,22,41,0,63,0,1,42,0,43,0,23,83,0,106,100,0,100,206
03/18/2006,SLN,KS,ACE,CE,Federal Contract Tower,0,9,26,0,35,0,0,4,0,4,0,9,30,0,39,24,0,24,63
03/19/2006,SLN,KS,ACE,CE,Federal Contract Tower,0,3,34,0,37,0,0,0,0,0,0,3,34,0,37,0,0,0,37
03/20/2006,SLN,KS,ACE,CE,Federal Contract Tower,0,9,5,0,14,0,0,0,0,0,0,9,5,0,14,0,0,0,14
03/21/2006,SLN,KS,ACE,CE,Federal Contract Tower,0,10,16,0,26,0,2,11,0,13,0,12,27,0,39,14,0,14,53
03/22/2006,SLN,KS,ACE,CE,Federal Contract Tower,0,13,20,0,33,0,3,18,0,21,0,16,38,0,54,16,0,16,70
03/23/2006,SLN,KS,ACE,CE,Federal Contract Tower,0,14,46,6,66,0,1,47,4,52,0,15,93,10,118,58,12,70,188
03/24/2006,SLN,KS,ACE,CE,Federal Contract Tower,0,23,37,9,69,0,4,39,1,44,0,27,76,10,113,58,18,76,189
03/25/2006,SLN,KS,ACE,CE,Federal Contract Tower,0,11,34,1,46,0,0,58,1,59,0,11,92,2,105,38,2,40,145
03/26/2006,SLN,KS,ACE,CE,Federal Contract Tower,0,10,24,0,34,0,0,44,0,44,0,10,68,0,78,26,0,26,104
03/27/2006,SLN,KS,ACE,CE,Federal Contract Tower,0,10,28,0,38,0,2,30,0,32,0,12,58,0,70,46,0,46,116
03/28/2006,SLN,KS,ACE,CE,Federal Contract Tower,0,14,34,0,48,0,1,153,0,154,0,15,187,0,202,236,0,236,438
03/29/2006,SLN,KS,ACE,CE,Federal Contract Tower,0,16,34,2,52,0,9,76,1,86,0,25,110,3,138,168,2,170,308
03/30/2006,SLN,KS,ACE,CE,Federal Contract Tower,0,11,24,5,40,0,2,6,0,8,0,13,30,5,48,2,14,16,64
03/31/2006,SLN,KS,ACE,CE,Federal Contract Tower,0,17,29,2,48,0,3,152,4,159,0,20,181,6,207,236,8,244,451
04/01/2006,SLN,KS,ACE,CE,Federal Contract Tower,0,3,24,2,29,0,0,54,0,54,0,3,78,2,83,62,0,62,145
04/02/2006,SLN,KS,ACE,CE,Federal Contract Tower,0,14,20,2,36,0,0,24,0,24,0,14,44,2,60,52,0,52,112
04/03/2006,SLN,KS,ACE,CE,Federal Contract Tower,0,16,19,2,37,0,3,93,0,96,0,19,112,2,133,188,0,188,321
04/04/2006,SLN,KS,ACE,CE,Federal Contract Tower,0,17,34,0,51,0,1,135,2,138,0,18,169,2,189,242,2,244,433
04/05/2006,SLN,KS,ACE,CE,Federal Contract Tower,0,18,29,2,49,0,1,112,2,115,0,19,141,4,164,194,2,196,360
04/06/2006,SLN,KS,ACE,CE,Federal Contract Tower,0,10,19,9,38,0,1,61,0,62,0,11,80,9,100,86,14,100,200
04/07/2006,SLN,KS,ACE,CE,Federal Contract Tower,0,14,27,4,45,0,0,5,0,5,0,14,32,4,50,0,0,0,50
04/08/2006,SLN,KS,ACE,CE,Federal Contract Tower,0,14,39,4,57,0,0,127,0,127,0,14,166,4,184,52,0,52,236
04/09/2006,SLN,KS,ACE,CE,Federal Contract Tower,0,10,24,0,34,0,3,45,0,48,0,13,69,0,82,34,0,34,116
04/10/2006,SLN,KS,ACE,CE,Federal Contract Tower,0,17,22,3,42,0,3,59,0,62,0,20,81,3,104,58,4,62,166
04/11/2006,SLN,KS,ACE,CE,Federal Contract Tower,0,13,23,1,37,0,2,66,1,69,0,15,89,2,106,84,0,84,190
04/12/2006,SLN,KS,ACE,CE,Federal Contract Tower,0,16,44,10,70,0,3,144,7,154,0,19,188,17,224,256,28,284,508
04/13/2006,SLN,KS,ACE,CE,Federal Contract Tower,0,13,48,7,68,0,3,108,0,111,0,16,156,7,179,202,6,208,387
04/14/2006,SLN,KS,ACE,CE,Federal Contract Tower,0,16,20,2,38,0,1,103,3,107,0,17,123,5,145,150,28,178,323
04/15/2006,SLN,KS,ACE,CE,Federal Contract Tower,0,13,9,0,22,0,4,28,0,32,0,17,37,0,54,40,0,40,94
04/16/2006,SLN,KS,ACE,CE,Federal Contract Tower,0,6,13,0,19,0,2,27,0,29,0,8,40,0,48,24,0,24,72
04/17/2006,SLN,KS,ACE,CE,Federal Contract Tower,0,10,37,3,50,0,1,74,1,76,0,11,111,4,126,122,8,130,256
04/18/2006,SLN,KS,ACE,CE,Federal Contract Tower,0,12,41,0,53,0,3,61,2,66,0,15,102,2,119,76,0,76,195
04/19/2006,SLN,KS,ACE,CE,Federal Contract Tower,0,11,33,6,50,0,4,91,1,96,0,15,124,7,146,149,0,149,295
04/20/2006,SLN,KS,ACE,CE,Federal Contract Tower,0,15,66,6,87,0,1,92,4,97,0,16,158,10,184,186,29,215,399
04/21/2006,SLN,KS,ACE,CE,Federal Contract Tower,0,22,39,10,71,0,4,94,1,99,0,26,133,11,170,178,66,244,414
04/22/2006,SLN,KS,ACE,CE,Federal Contract Tower,0,17,13,0,30,0,2,69,0,71,0,19,82,0,101,66,0,66,167
04/23/2006,SLN,KS,ACE,CE,Federal Contract Tower,0,7,42,0,49,0,1,51,0,52,0,8,93,0,101,44,0,44,145
04/24/2006,SLN,KS,ACE,CE,Federal Contract Tower,0,17,23,0,40,0,3,17,0,20,0,20,40,0,60,40,0,40,100
04/25/2006,SLN,KS,ACE,CE,Federal Contract Tower,0,13,37,11,61,0,0,3,0,3,0,13,40,11,64,4,0,4,68
04/26/2006,SLN,KS,ACE,CE,Federal Contract Tower,0,14,48,2,64,0,2,97,2,101,0,16,145,4,165,212,0,212,377
04/27/2006,SLN,KS,ACE,CE,Federal Contract Tower,0,13,44,2,59,0,3,114,0,117,0,16,158,2,176,152,16,168,344
04/28/2006,SLN,KS,ACE,CE,Federal Contract Tower,0,16,12,0,28,0,1,0,0,1,0,17,12,0,29,0,0,0,29
04/29/2006,SLN,KS,ACE,CE,Federal Contract Tower,0,5,22,2,29,0,0,8,0,8,0,5,30,2,37,26,0,26,63
04/30/2006,SLN,KS,ACE,CE,Federal Contract Tower,0,10,28,2,40,0,2,52,0,54,0,12,80,2,94,60,0,60,154
05/01/2006,SLN,KS,ACE,CE,Federal Contract Tower,0,18,34,2,54,0,3,100,0,103,0,21,134,2,157,156,14,170,327
05/02/2006,SLN,KS,ACE,CE,Federal Contract Tower,0,10,47,3,60,0,1,100,0,101,0,11,147,3,161,150,6,156,317
05/03/2006,SLN,KS,ACE,CE,Federal Contract Tower,0,10,38,0,48,0,4,30,0,34,0,14,68,0,82,66,0,66,148
05/04/2006,SLN,KS,ACE,CE,Federal Contract Tower,0,16,44,1,61,0,1,106,1,108,0,17,150,2,169,202,2,204,373
05/05/2006,SLN,KS,ACE,CE,Federal Contract Tower,0,19,39,4,62,0,2,75,4,81,0,21,114,8,143,92,4,96,239
05/06/2006,SLN,KS,ACE,CE,Federal Contract Tower,2,3,16,0,21,0,0,10,2,12,2,3,26,2,33,4,0,4,37
05/07/2006,SLN,KS,ACE,CE,Federal Contract Tower,0,12,29,1,42,0,0,9,1,10,0,12,38,2,52,20,0,20,72
05/08/2006,SLN,KS,ACE,CE,Federal Contract Tower,0,7,48,8,63,0,2,68,0,70,0,9,116,8,133,130,8,138,271
05/09/2006,SLN,KS,ACE,CE,Federal Contract Tower,0,14,34,2,50,0,3,89,0,92,0,17,123,2,142,180,20,200,342
05/10/2006,SLN,KS,ACE,CE,Federal Contract Tower,0,4,50,0,54,0,0,94,0,94,0,4,144,0,148,194,4,198,346
05/11/2006,SLN,KS,ACE,CE,Federal Contract Tower,0,18,48,2,68,0,7,94,3,104,0,25,142,5,172,100,2,102,274
05/12/2006,SLN,KS,ACE,CE,Federal Contract Tower,0,18,41,5,64,0,1,94,3,98,0,19,135,8,162,64,10,74,236
05/13/2006,SLN,KS,ACE,CE,Federal Contract Tower,0,5,23,0,28,0,2,81,0,83,0,7,104,0,111,58,0,58,169
05/14/2006,SLN,KS,ACE,CE,Federal Contract Tower,0,4,19,0,23,0,0,46,0,46,0,4,65,0,69,36,0,36,105
05/15/2006,SLN,KS,ACE,CE,Federal Contract Tower,0,10,37,3,50,0,4,91,1,96,0,14,128,4,146,100,22,122,268
05/16/2006,SLN,KS,ACE,CE,Federal Contract Tower,0,12,37,10,59,0,2,92,2,96,0,14,129,12,155,104,34,138,293
05/17/2006,SLN,KS,ACE,CE,Federal Contract Tower,0,14,33,0,47,0,3,102,1,106,0,17,135,1,153,108,0,108,261
05/18/2006,SLN,KS,ACE,CE,Federal Contract Tower,0,17,35,9,61,0,4,84,3,91,0,21,119,12,152,136,14,150,302
05/19/2006,SLN,KS,ACE,CE,Federal Contract Tower,0,14,32,0,46,0,3,86,1,90,0,17,118,1,136,96,0,96,232
05/20/2006,SLN,KS,ACE,CE,Federal Contract Tower,0,5,16,0,21,0,6,56,0,62,0,11,72,0,83,20,0,20,103
05/21/2006,SLN,KS,ACE,CE,Federal Contract Tower,0,21,33,0,54,0,1,43,3,47,0,22,76,3,101,30,2,32,133
05/22/2006,SLN,KS,ACE,CE,Federal Contract Tower,0,12,32,19,63,0,1,88,3,92,0,13,120,22,155,124,32,156,311
05/23/2006,SLN,KS,ACE,CE,Federal Contract Tower,0,14,35,2,51,0,6,72,0,78,0,20,107,2,129,118,0,118,247
05/24/2006,SLN,KS,ACE,CE,Federal Contract Tower,0,20,33,13,66,0,2,101,2,105,0,22,134,15,171,174,34,208,379
05/25/2006,SLN,KS,ACE,CE,Federal Contract Tower,0,16,42,12,70,0,1,84,0,85,0,17,126,12,155,132,20,152,307
05/26/2006,SLN,KS,ACE,CE,Federal Contract Tower,0,11,31,0,42,0,1,40,0,41,0,12,71,0,83,66,0,66,149
05/27/2006,SLN,KS,ACE,CE,Federal Contract Tower,0,9,9,0,18,0,2,17,0,19,0,11,26,0,37,22,0,22,59
05/28/2006,SLN,KS,ACE,CE,Federal Contract Tower,0,6,12,0,18,0,2,28,0,30,0,8,40,0,48,14,0,14,62
05/29/2006,SLN,KS,ACE,CE,Federal Contract Tower,0,17,24,0,41,0,1,43,0,44,0,18,67,0,85,72,0,72,157
05/30/2006,SLN,KS,ACE,CE,Federal Contract Tower,0,16,20,3,39,0,2,54,0,56,0,18,74,3,95,88,8,96,191
05/31/2006,SLN,KS,ACE,CE,Federal Contract Tower,0,14,24,5,43,0,5,66,2,73,0,19,90,7,116,112,10,122,238
06/01/2006,SLN,KS,ACE,CE,Federal Contract Tower,0,16,33,0,49,0,4,79,2,85,0,20,112,2,134,130,8,138,272
06/02/2006,SLN,KS,ACE,CE,Federal Contract Tower,0,16,29,0,45,0,3,86,3,92,0,19,115,3,137,96,0,96,233
06/03/2006,SLN,KS,ACE,CE,Federal Contract Tower,0,3,19,0,22,0,2,51,2,55,0,5,70,2,77,16,0,16,93
06/04/2006,SLN,KS,ACE,CE,Federal Contract Tower,0,9,32,0,41,0,2,59,2,63,0,11,91,2,104,54,0,54,158
06/05/2006,SLN,KS,ACE,CE,Federal Contract Tower,0,13,27,5,45,0,2,73,1,76,0,15,100,6,121,122,8,130,251
06/06/2006,SLN,KS,ACE,CE,Federal Contract Tower,0,16,25,9,50,0,3,118,1,122,0,19,143,10,172,158,12,170,342
06/07/2006,SLN,KS,ACE,CE,Federal Contract Tower,0,14,34,2,50,0,7,97,0,104,0,21,131,2,154,158,0,158,312
06/08/2006,SLN,KS,ACE,CE,Federal Contract Tower,0,16,33,0,49,0,0,63,0,63,0,16,96,0,112,128,0,128,240
06/09/2006,SLN,KS,ACE,CE,Federal Contract Tower,0,11,22,1,34,0,1,51,1,53,0,12,73,2,87,70,0,70,157
06/10/2006,SLN,KS,ACE,CE,Federal Contract Tower,0,3,15,1,19,0,0,51,4,55,0,3,66,5,74,74,0,74,148
06/11/2006,SLN,KS,ACE,CE,Federal Contract Tower,0,14,26,3,43,0,0,50,0,50,0,14,76,3,93,10,2,12,105
06/12/2006,SLN,KS,ACE,CE,Federal Contract Tower,0,8,38,0,46,0,1,38,2,41,0,9,76,2,87,80,2,82,169
06/13/2006,SLN,KS,ACE,CE,Federal Contract Tower,0,9,35,3,47,0,2,90,3,95,0,11,125,6,142,230,8,238,380
06/14/2006,SLN,KS,ACE,CE,Federal Contract Tower,0,23,37,6,66,0,0,88,4,92,0,23,125,10,158,118,20,138,296
06/15/2006,SLN,KS,ACE,CE,Federal Contract Tower,0,12,37,0,49,0,1,64,2,67,0,13,101,2,116,52,0,52,168
06/16/2006,SLN,KS,ACE,CE,Federal Contract Tower,0,18,25,2,45,0,3,50,3,56,0,21,75,5,101,86,2,88,189
06/17/2006,SLN,KS,ACE,CE,Federal Contract Tower,0,7,14,0,21,0,1,19,0,20,0,8,33,0,41,18,0,18,59
06/18/2006,SLN,KS,ACE,CE,Federal Contract Tower,0,10,30,3,43,0,2,38,1,41,0,12,68,4,84,30,1,31,115
06/19/2006,SLN,KS,ACE,CE,Federal Contract Tower,0,18,36,8,62,0,1,61,3,65,0,19,97,11,127,48,20,68,195
06/20/2006,SLN,KS,ACE,CE,Federal Contract Tower,0,13,27,0,40,0,3,58,1,62,0,16,85,1,102,78,0,78,180
06/21/2006,SLN,KS,ACE,CE,Federal Contract Tower,0,13,34,0,47,0,0,60,0,60,0,13,94,0,107,124,0,124,231
06/22/2006,SLN,KS,ACE,CE,Federal Contract Tower,0,12,40,3,55,0,1,80,1,82,0,13,120,4,137,164,46,210,347
06/23/2006,SLN,KS,ACE,CE,Federal Contract Tower,0,18,34,0,52,0,5,80,0,85,0,23,114,0,137,172,0,172,309
06/24/2006,SLN,KS,ACE,CE,Federal Contract Tower,0,12,20,0,32,0,4,46,11,61,0,16,66,11,93,48,6,54,147
06/25/2006,SLN,KS,ACE,CE,Federal Contract Tower,1,14,17,4,36,0,2,21,0,23,1,16,38,4,59,8,4,12,71
06/26/2006,SLN,KS,ACE,CE,Federal Contract Tower,0,25,34,2,61,0,5,77,0,82,0,30,111,2,143,138,42,180,323
06/27/2006,SLN,KS,ACE,CE,Federal Contract Tower,2,16,33,0,51,0,2,76,0,78,2,18,109,0,129,84,0,84,213
06/28/2006,SLN,KS,ACE,CE,Federal Contract Tower,0,14,21,7,42,0,1,85,4,90,0,15,106,11,132,104,16,120,252
06/29/2006,SLN,KS,ACE,CE,Federal Contract Tower,0,26,36,0,62,0,3,98,0,101,0,29,134,0,163,102,0,102,265
06/30/2006,SLN,KS,ACE,CE,Federal Contract Tower,0,18,31,0,49,0,5,51,2,58,0,23,82,2,107,84,0,84,191
07/01/2006,SLN,KS,ACE,CE,Federal Contract Tower,0,14,22,0,36,0,3,23,0,26,0,17,45,0,62,24,0,24,86
07/02/2006,SLN,KS,ACE,CE,Federal Contract Tower,0,8,11,0,19,0,0,35,0,35,0,8,46,0,54,34,0,34,88
07/03/2006,SLN,KS,ACE,CE,Federal Contract Tower,0,7,11,0,18,0,1,29,0,30,0,8,40,0,48,56,0,56,104
07/04/2006,SLN,KS,ACE,CE,Federal Contract Tower,0,9,19,2,30,0,2,20,0,22,0,11,39,2,52,0,2,2,54
07/05/2006,SLN,KS,ACE,CE,Federal Contract Tower,0,14,28,0,42,0,1,43,3,47,0,15,71,3,89,72,0,72,161
07/06/2006,SLN,KS,ACE,CE,Federal Contract Tower,0,10,29,1,40,0,2,68,2,72,0,12,97,3,112,72,6,78,190
07/07/2006,SLN,KS,ACE,CE,Federal Contract Tower,0,10,21,0,31,0,1,38,0,39,0,11,59,0,70,0,60,60,130
07/08/2006,SLN,KS,ACE,CE,Federal Contract Tower,0,8,14,0,22,0,0,37,1,38,0,8,51,1,60,20,2,22,82
07/09/2006,SLN,KS,ACE,CE,Federal Contract Tower,0,10,17,2,29,0,0,19,2,21,0,10,36,4,50,18,0,18,68
07/10/2006,SLN,KS,ACE,CE,Federal Contract Tower,0,12,39,0,51,0,5,20,0,25,0,17,59,0,76,10,0,10,86
07/11/2006,SLN,KS,ACE,CE,Federal Contract Tower,0,16,26,5,47,0,4,67,0,71,0,20,93,5,118,112,6,118,236
07/12/2006,SLN,KS,ACE,CE,Federal Contract Tower,0,20,34,2,56,0,2,52,2,56,0,22,86,4,112,80,24,104,216
07/13/2006,SLN,KS,ACE,CE,Federal Contract Tower,0,15,33,11,59,0,6,81,0,87,0,21,114,11,146,96,24,120,266
07/14/2006,SLN,KS,ACE,CE,Federal Contract Tower,0,19,47,0,66,0,2,92,2,96,0,21,139,2,162,80,0,80,242
07/15/2006,SLN,KS,ACE,CE,Federal Contract Tower,0,8,10,0,18,0,6,63,2,71,0,14,73,2,89,30,0,30,119
07/16/2006,SLN,KS,ACE,CE,Federal Contract Tower,0,16,26,0,42,0,2,28,0,30,0,18,54,0,72,54,0,54,126
07/17/2006,SLN,KS,ACE,CE,Federal Contract Tower,0,18,28,0,46,0,2,48,0,50,0,20,76,0,96,54,0,54,150
07/18/2006,SLN,KS,ACE,CE,Federal Contract Tower,0,15,22,0,37,0,1,63,2,66,0,16,85,2,103,98,0,98,201
07/19/2006,SLN,KS,ACE,CE,Federal Contract Tower,0,17,41,0,58,0,1,65,0,66,0,18,106,0,124,90,0,90,214
07/20/2006,SLN,KS,ACE,CE,Federal Contract Tower,0,12,34,6,52,0,1,63,2,66,0,13,97,8,118,94,6,100,218
07/21/2006,SLN,KS,ACE,CE,Federal Contract Tower,0,12,45,9,66,0,1,75,0,76,0,13,120,9,142,90,18,108,250
07/22/2006,SLN,KS,ACE,CE,Federal Contract Tower,0,8,16,9,33,0,1,56,0,57,0,9,72,9,90,58,8,66,156
07/23/2006,SLN,KS,ACE,CE,Federal Contract Tower,0,12,23,13,48,0,4,41,4,49,0,16,64,17,97,34,20,54,151
07/24/2006,SLN,KS,ACE,CE,Federal Contract Tower,0,13,29,4,46,0,2,61,0,63,0,15,90,4,109,90,2,92,201
07/25/2006,SLN,KS,ACE,CE,Federal Contract Tower,0,18,37,11,66,0,1,54,3,58,0,19,91,14,124,44,16,60,184
07/26/2006,SLN,KS,ACE,CE,Federal Contract Tower,0,8,34,6,48,0,3,69,4,76,0,11,103,10,124,96,13,109,233
07/27/2006,SLN,KS,ACE,CE,Federal Contract Tower,0,18,41,14,73,0,1,79,1,81,0,19,120,15,154,88,20,108,262
07/28/2006,SLN,KS,ACE,CE,Federal Contract Tower,0,18,60,10,88,0,1,46,3,50,0,19,106,13,138,66,24,90,228
07/29/2006,SLN,KS,ACE,CE,Federal Contract Tower,0,9,19,1,29,0,1,23,18,42,0,10,42,19,71,8,0,8,79
07/30/2006,SLN,KS,ACE,CE,Federal Contract Tower,0,16,27,2,45,0,3,34,11,48,0,19,61,13,93,12,0,12,105
07/31/2006,SLN,KS,ACE,CE,Federal Contract Tower,0,24,34,8,66,0,3,57,0,60,0,27,91,8,126,56,6,62,188
08/01/2006,SLN,KS,ACE,CE,Federal Contract Tower,0,16,26,5,47,0,2,55,5,62,0,18,81,10,109,48,10,58,167
08/02/2006,SLN,KS,ACE,CE,Federal Contract Tower,0,18,23,0,41,0,0,51,0,51,0,18,74,0,92,64,0,64,156
08/03/2006,SLN,KS,ACE,CE,Federal Contract Tower,0,24,32,15,71,0,3,52,11,66,0,27,84,26,137,64,38,102,239
08/04/2006,SLN,KS,ACE,CE,Federal Contract Tower,0,13,36,11,60,0,9,91,3,103,0,22,127,14,163,104,30,134,297
08/05/2006,SLN,KS,ACE,CE,Federal Contract Tower,0,11,30,3,44,0,3,74,3,80,0,14,104,6,124,22,4,26,150
08/06/2006,SLN,KS,ACE,CE,Federal Contract Tower,0,11,31,0,42,0,2,26,0,28,0,13,57,0,70,2,0,2,72
08/07/2006,SLN,KS,ACE,CE,Federal Contract Tower,0,14,35,0,49,0,1,30,0,31,0,15,65,0,80,30,0,30,110
08/08/2006,SLN,KS,ACE,CE,Federal Contract Tower,0,16,26,1,43,0,2,65,5,72,0,18,91,6,115,90,0,90,205
08/09/2006,SLN,KS,ACE,CE,Federal Contract Tower,0,22,33,0,55,0,1,66,3,70,0,23,99,3,125,88,2,90,215
08/10/2006,SLN,KS,ACE,CE,Federal Contract Tower,0,14,26,3,43,0,3,50,1,54,0,17,76,4,97,120,4,124,221
08/11/2006,SLN,KS,ACE,CE,Federal Contract Tower,0,18,43,2,63,0,1,52,0,53,0,19,95,2,116,68,0,68,184
08/12/2006,SLN,KS,ACE,CE,Federal Contract Tower,0,10,33,1,44,0,2,59,3,64,0,12,92,4,108,122,20,142,250
08/13/2006,SLN,KS,ACE,CE,Federal Contract Tower,0,16,40,0,56,0,1,23,0,24,0,17,63,0,80,58,0,58,138
08/14/2006,SLN,KS,ACE,CE,Federal Contract Tower,0,9,36,0,45,0,4,18,0,22,0,13,54,0,67,2,0,2,69
08/15/2006,SLN,KS,ACE,CE,Federal Contract Tower,0,24,40,0,64,0,1,57,3,61,0,25,97,3,125,46,0,46,171
08/16/2006,SLN,KS,ACE,CE,Federal Contract Tower,0,16,44,4,64,0,2,44,2,48,0,18,88,6,112,24,10,34,146
08/17/2006,SLN,KS,ACE,CE,Federal Contract Tower,0,19,25,3,47,0,3,35,2,40,0,22,60,5,87,14,16,30,117
08/18/2006,SLN,KS,ACE,CE,Federal Contract Tower,0,17,30,0,47,0,5,27,0,32,0,22,57,0,79,10,0,10,89
08/19/2006,SLN,KS,ACE,CE,Federal Contract Tower,0,2,26,0,28,0,0,4,1,5,0,2,30,1,33,6,0,6,39
08/20/2006,SLN,KS,ACE,CE,Federal Contract Tower,0,11,36,2,49,0,0,24,1,25,0,11,60,3,74,30,4,34,108
08/21/2006,SLN,KS,ACE,CE,Federal Contract Tower,0,10,41,3,54,0,2,35,1,38,0,12,76,4,92,46,0,46,138
08/22/2006,SLN,KS,ACE,CE,Federal Contract Tower,0,14,44,2,60,0,3,55,1,59,0,17,99,3,119,104,2,106,225
08/23/2006,SLN,KS,ACE,CE,Federal Contract Tower,0,11,29,1,41,0,1,70,9,80,0,12,99,10,121,130,2,132,253
08/24/2006,SLN,KS,ACE,CE,Federal Contract Tower,0,10,50,5,65,0,0,77,19,96,0,10,127,24,161,74,22,96,257
08/25/2006,SLN,KS,ACE,CE,Federal Contract Tower,0,12,37,9,58,0,0,77,16,93,0,12,114,25,151,108,38,146,297
08/26/2006,SLN,KS,ACE,CE,Federal Contract Tower,0,6,13,2,21,0,0,0,1,1,0,6,13,3,22,0,0,0,22
08/27/2006,SLN,KS,ACE,CE,Federal Contract Tower,0,9,32,9,50,0,2,0,0,2,0,11,32,9,52,0,0,0,52
08/28/2006,SLN,KS,ACE,CE,Federal Contract Tower,0,18,40,9,67,0,2,134,21,157,0,20,174,30,224,174,12,186,410
08/29/2006,SLN,KS,ACE,CE,Federal Contract Tower,0,15,30,7,52,0,3,132,15,150,0,18,162,22,202,228,50,278,480
08/30/2006,SLN,KS,ACE,CE,Federal Contract Tower,2,12,21,0,35,0,3,187,13,203,2,15,208,13,238,355,8,363,601
08/31/2006,SLN,KS,ACE,CE,Federal Contract Tower,0,14,38,15,67,0,5,157,19,181,0,19,195,34,248,220,52,272,520
09/01/2006,SLN,KS,ACE,CE,Federal Contract Tower,0,8,32,1,41,0,1,117,4,122,0,9,149,5,163,174,0,174,337
09/02/2006,SLN,KS,ACE,CE,Federal Contract Tower,0,5,20,0,25,0,0,7,0,7,0,5,27,0,32,2,0,2,34
09/03/2006,SLN,KS,ACE,CE,Federal Contract Tower,0,12,17,3,32,0,3,38,2,43,0,15,55,5,75,24,2,26,101
09/04/2006,SLN,KS,ACE,CE,Federal Contract Tower,0,18,34,0,52,0,3,63,0,66,0,21,97,0,118,48,0,48,166
09/05/2006,SLN,KS,ACE,CE,Federal Contract Tower,0,19,34,6,59,0,0,126,5,131,0,19,160,11,190,208,20,228,418
09/06/2006,SLN,KS,ACE,CE,Federal Contract Tower,0,21,27,5,53,0,5,127,1,133,0,26,154,6,186,284,6,290,476
09/07/2006,SLN,KS,ACE,CE,Federal Contract Tower,0,16,33,7,56,0,0,130,3,133,0,16,163,10,189,182,6,188,377
09/08/2006,SLN,KS,ACE,CE,Federal Contract Tower,0,14,30,1,45,0,6,103,0,109,0,20,133,1,154,160,4,164,318
09/09/2006,SLN,KS,ACE,CE,Federal Contract Tower,0,7,11,1,19,0,2,6,2,10,0,9,17,3,29,2,0,2,31
09/10/2006,SLN,KS,ACE,CE,Federal Contract Tower,0,6,33,2,41,0,0,37,2,39,0,6,70,4,80,88,0,88,168
09/11/2006,SLN,KS,ACE,CE,Federal Contract Tower,0,9,42,2,53,0,2,17,0,19,0,11,59,2,72,22,0,22,94
09/12/2006,SLN,KS,ACE,CE,Federal Contract Tower,0,13,47,10,70,0,5,78,1,84,0,18,125,11,154,148,16,164,318
09/13/2006,SLN,KS,ACE,CE,Federal Contract Tower,0,20,35,4,59,0,0,142,2,144,0,20,177,6,203,258,4,262,465
09/14/2006,SLN,KS,ACE,CE,Federal Contract Tower,0,13,44,5,62,0,7,121,5,133,0,20,165,10,195,142,2,144,339
09/15/2006,SLN,KS,ACE,CE,Federal Contract Tower,0,18,51,5,74,0,2,54,0,56,0,20,105,5,130,60,2,62,192
09/16/2006,SLN,KS,ACE,CE,Federal Contract Tower,0,10,11,0,21,0,2,19,0,21,0,12,30,0,42,14,0,14,56
09/17/2006,SLN,KS,ACE,CE,Federal Contract Tower,0,11,47,0,58,0,3,61,0,64,0,14,108,0,122,70,0,70,192
09/18/2006,SLN,KS,ACE,CE,Federal Contract Tower,0,25,42,2,69,0,2,119,2,123,0,27,161,4,192,212,0,212,404
09/19/2006,SLN,KS,ACE,CE,Federal Contract Tower,0,24,39,6,69,0,1,139,3,143,0,25,178,9,212,266,10,276,488
09/20/2006,SLN,KS,ACE,CE,Federal Contract Tower,0,17,39,7,63,0,3,99,5,107,0,20,138,12,170,242,10,252,422
09/21/2006,SLN,KS,ACE,CE,Federal Contract Tower,0,11,20,0,31,0,0,4,2,6,0,11,24,2,37,0,0,0,37
09/22/2006,SLN,KS,ACE,CE,Federal Contract Tower,0,15,28,4,47,0,6,126,14,146,0,21,154,18,193,228,6,234,427
09/23/2006,SLN,KS,ACE,CE,Federal Contract Tower,0,5,17,3,25,0,0,27,12,39,0,5,44,15,64,20,0,20,84
09/24/2006,SLN,KS,ACE,CE,Federal Contract Tower,0,14,30,0,44,0,0,49,0,49,0,14,79,0,93,100,0,100,193
09/25/2006,SLN,KS,ACE,CE,Federal Contract Tower,0,15,34,4,53,0,3,24,1,28,0,18,58,5,81,304,6,310,391
09/26/2006,SLN,KS,ACE,CE,Federal Contract Tower,0,18,35,3,56,0,0,147,0,147,0,18,182,3,203,274,2,276,479
09/27/2006,SLN,KS,ACE,CE,Federal Contract Tower,0,19,37,4,60,0,2,131,0,133,0,21,168,4,193,303,12,315,508
09/28/2006,SLN,KS,ACE,CE,Federal Contract Tower,0,12,46,0,58,0,5,148,0,153,0,17,194,0,211,222,0,222,433
09/29/2006,SLN,KS,ACE,CE,Federal Contract Tower,0,22,39,0,61,0,2,157,2,161,0,24,196,2,222,264,0,264,486
09/30/2006,SLN,KS,ACE,CE,Federal Contract Tower,0,11,23,0,34,0,0,54,0,54,0,11,77,0,88,70,0,70,158
10/01/2006,SLN,KS,ACE,CE,Federal Contract Tower,0,11,20,0,31,0,2,37,0,39,0,13,57,0,70,36,0,36,106
10/02/2006,SLN,KS,ACE,CE,Federal Contract Tower,0,5,36,3,44,0,1,73,3,77,0,6,109,6,121,88,4,92,213
10/03/2006,SLN,KS,ACE,CE,Federal Contract Tower,0,13,34,7,54,0,3,103,3,109,0,16,137,10,163,186,10,196,359
10/04/2006,SLN,KS,ACE,CE,Federal Contract Tower,0,13,58,2,73,0,2,58,0,60,0,15,116,2,133,210,0,210,343
10/05/2006,SLN,KS,ACE,CE,Federal Contract Tower,0,12,40,7,59,0,6,157,0,163,0,18,197,7,222,322,6,328,550
10/06/2006,SLN,KS,ACE,CE,Federal Contract Tower,0,21,40,1,62,0,4,139,2,145,0,25,179,3,207,252,1,253,460
10/07/2006,SLN,KS,ACE,CE,Federal Contract Tower,0,8,19,0,27,0,0,43,0,43,0,8,62,0,70,92,0,92,162
10/08/2006,SLN,KS,ACE,CE,Federal Contract Tower,0,11,19,0,30,0,0,58,0,58,0,11,77,0,88,94,0,94,182
10/09/2006,SLN,KS,ACE,CE,Federal Contract Tower,0,7,38,0,45,0,2,129,0,131,0,9,167,0,176,295,0,295,471
10/10/2006,SLN,KS,ACE,CE,Federal Contract Tower,0,14,39,0,53,0,0,26,0,26,0,14,65,0,79,30,0,30,109
10/11/2006,SLN,KS,ACE,CE,Federal Contract Tower,0,18,37,4,59,0,0,108,3,111,0,18,145,7,170,276,18,294,464
10/12/2006,SLN,KS,ACE,CE,Federal Contract Tower,0,16,42,3,61,0,3,159,7,169,0,19,201,10,230,300,12,312,542
10/13/2006,SLN,KS,ACE,CE,Federal Contract Tower,0,12,37,4,53,0,5,122,4,131,0,17,159,8,184,299,0,299,483
10/14/2006,SLN,KS,ACE,CE,Federal Contract Tower,0,6,16,0,22,0,1,64,2,67,0,7,80,2,89,116,0,116,205
10/15/2006,SLN,KS,ACE,CE,Federal Contract Tower,0,14,30,0,44,0,0,44,0,44,0,14,74,0,88,214,0,214,302
10/16/2006,SLN,KS,ACE,CE,Federal Contract Tower,0,11,54,0,65,0,0,6,0,6,0,11,60,0,71,16,0,16,87
10/17/2006,SLN,KS,ACE,CE,Federal Contract Tower,0,13,56,0,69,0,0,14,0,14,0,13,70,0,83,266,0,266,349
10/18/2006,SLN,KS,ACE,CE,Federal Contract Tower,0,23,57,11,91,0,4,51,2,57,0,27,108,13,148,80,86,166,314
10/19/2006,SLN,KS,ACE,CE,Federal Contract Tower,0,15,41,6,62,0,5,185,2,192,0,20,226,8,254,334,4,338,592
10/20/2006,SLN,KS,ACE,CE,Federal Contract Tower,0,11,40,2,53,0,1,139,0,140,0,12,179,2,193,294,0,294,487
10/21/2006,SLN,KS,ACE,CE,Federal Contract Tower,0,8,21,1,30,0,0,6,1,7,0,8,27,2,37,0,0,0,37
10/22/2006,SLN,KS,ACE,CE,Federal Contract Tower,0,10,17,1,28,0,3,50,4,57,0,13,67,5,85,28,0,28,113
10/23/2006,SLN,KS,ACE,CE,Federal Contract Tower,0,12,29,5,46,0,3,141,4,148,0,15,170,9,194,212,0,212,406
10/24/2006,SLN,KS,ACE,CE,Federal Contract Tower,0,14,30,4,48,0,5,158,1,164,0,19,188,5,212,224,2,226,438
10/25/2006,SLN,KS,ACE,CE,Federal Contract Tower,0,12,37,5,54,0,0,17,1,18,0,12,54,6,72,46,2,48,120
10/26/2006,SLN,KS,ACE,CE,Federal Contract Tower,0,11,50,0,61,0,0,0,0,0,0,11,50,0,61,0,0,0,61
10/27/2006,SLN,KS,ACE,CE,Federal Contract Tower,0,14,37,14,65,0,5,58,1,64,0,19,95,15,129,60,36,96,225
10/28/2006,SLN,KS,ACE,CE,Federal Contract Tower,0,8,20,1,29,0,1,65,0,66,0,9,85,1,95,92,0,92,187
10/29/2006,SLN,KS,ACE,CE,Federal Contract Tower,0,16,22,3,41,0,0,74,1,75,0,16,96,4,116,70,0,70,186
10/30/2006,SLN,KS,ACE,CE,Federal Contract Tower,0,13,36,4,53,0,2,113,0,115,0,15,149,4,168,230,38,268,436
10/31/2006,SLN,KS,ACE,CE,Federal Contract Tower,0,18,22,7,47,0,4,156,4,164,0,22,178,11,211,170,40,210,421
11/01/2006,SLN,KS,ACE,CE,Federal Contract Tower,0,16,45,0,61,0,2,126,1,129,0,18,171,1,190,198,0,198,388
11/02/2006,SLN,KS,ACE,CE,Federal Contract Tower,2,15,19,3,39,0,1,158,3,162,2,16,177,6,201,216,2,218,419
11/03/2006,SLN,KS,ACE,CE,Federal Contract Tower,0,14,27,1,42,0,7,101,0,108,0,21,128,1,150,128,0,128,278
11/04/2006,SLN,KS,ACE,CE,Federal Contract Tower,0,10,20,0,30,0,3,35,1,39,0,13,55,1,69,16,0,16,85
11/05/2006,SLN,KS,ACE,CE,Federal Contract Tower,0,17,37,1,55,0,0,36,0,36,0,17,73,1,91,60,0,60,151
11/06/2006,SLN,KS,ACE,CE,Federal Contract Tower,0,13,53,3,69,0,14,75,0,89,0,27,128,3,158,118,0,118,276
11/07/2006,SLN,KS,ACE,CE,Federal Contract Tower,0,13,38,0,51,0,4,151,1,156,0,17,189,1,207,214,0,214,421
11/08/2006,SLN,KS,ACE,CE,Federal Contract Tower,0,13,29,2,44,0,4,149,2,155,0,17,178,4,199,276,0,276,475
11/09/2006,SLN,KS,ACE,CE,Federal Contract Tower,0,17,52,3,72,0,4,131,4,139,0,21,183,7,211,232,8,240,451
11/10/2006,SLN,KS,ACE,CE,Federal Contract Tower,0,18,30,0,48,0,4,30,1,35,0,22,60,1,83,38,0,38,121
11/11/2006,SLN,KS,ACE,CE,Federal Contract Tower,0,4,10,0,14,0,4,31,0,35,0,8,41,0,49,20,0,20,69
11/12/2006,SLN,KS,ACE,CE,Federal Contract Tower,0,6,30,0,36,0,2,15,0,17,0,8,45,0,53,32,0,32,85
11/13/2006,SLN,KS,ACE,CE,Federal Contract Tower,0,26,43,0,69,0,1,97,0,98,0,27,140,0,167,170,0,170,337
11/14/2006,SLN,KS,ACE,CE,Federal Contract Tower,0,20,35,5,60,0,2,130,0,132,0,22,165,5,192,274,6,280,472
11/15/2006,SLN,KS,ACE,CE,Federal Contract Tower,0,17,37,4,58,0,0,9,0,9,0,17,46,4,67,8,10,18,85
11/16/2006,SLN,KS,ACE,CE,Federal Contract Tower,0,15,55,3,73,0,1,134,3,138,0,16,189,6,211,286,10,296,507
11/17/2006,SLN,KS,ACE,CE,Federal Contract Tower,0,19,40,4,63,0,1,121,4,126,0,20,161,8,189,140,8,148,337
11/18/2006,SLN,KS,ACE,CE,Federal Contract Tower,0,15,19,0,34,0,2,35,0,37,0,17,54,0,71,54,0,54,125
11/19/2006,SLN,KS,ACE,CE,Federal Contract Tower,0,11,27,0,38,0,2,52,0,54,0,13,79,0,92,52,0,52,144
11/20/2006,SLN,KS,ACE,CE,Federal Contract Tower,0,17,19,0,36,0,0,83,1,84,0,17,102,1,120,162,6,168,288
11/21/2006,SLN,KS,ACE,CE,Federal Contract Tower,0,22,32,2,56,0,3,70,6,79,0,25,102,8,135,92,24,116,251
11/22/2006,SLN,KS,ACE,CE,Federal Contract Tower,0,23,28,2,53,0,3,75,0,78,0,26,103,2,131,36,6,42,173
11/23/2006,SLN,KS,ACE,CE,Federal Contract Tower,0,5,6,0,11,0,4,17,0,21,0,9,23,0,32,0,0,0,32
11/24/2006,SLN,KS,ACE,CE,Federal Contract Tower,0,8,12,0,20,0,1,35,0,36,0,9,47,0,56,6,0,6,62
11/25/2006,SLN,KS,ACE,CE,Federal Contract Tower,0,12,22,0,34,0,3,43,0,46,0,15,65,0,80,18,0,18,98
11/26/2006,SLN,KS,ACE,CE,Federal Contract Tower,0,7,46,0,53,0,1,29,4,34,0,8,75,4,87,16,0,16,103
11/27/2006,SLN,KS,ACE,CE,Federal Contract Tower,4,8,31,0,43,0,1,1,0,2,4,9,32,0,45,0,0,0,45
11/28/2006,SLN,KS,ACE,CE,Federal Contract Tower,3,20,39,2,64,3,2,81,0,86,6,22,120,2,150,128,0,128,278
11/29/2006,SLN,KS,ACE,CE,Federal Contract Tower,2,18,22,1,43,0,0,13,1,14,2,18,35,2,57,24,0,24,81
11/30/2006,SLN,KS,ACE,CE,Federal Contract Tower,0,17,42,0,59,0,0,68,4,72,0,17,110,4,131,126,0,126,257
12/01/2006,SLN,KS,ACE,CE,Federal Contract Tower,0,16,36,0,52,0,2,85,2,89,0,18,121,2,141,154,0,154,295
12/02/2006,SLN,KS,ACE,CE,Federal Contract Tower,0,10,15,0,25,0,2,59,0,61,0,12,74,0,86,116,0,116,202
12/03/2006,SLN,KS,ACE,CE,Federal Contract Tower,0,15,24,0,39,0,10,41,0,51,0,25,65,0,90,66,0,66,156
12/04/2006,SLN,KS,ACE,CE,Federal Contract Tower,0,18,28,8,54,0,1,123,2,126,0,19,151,10,180,188,26,214,394
12/05/2006,SLN,KS,ACE,CE,Federal Contract Tower,0,14,36,6,56,0,0,111,7,118,0,14,147,13,174,186,22,208,382
12/06/2006,SLN,KS,ACE,CE,Federal Contract Tower,0,14,34,2,50,0,2,107,4,113,0,16,141,6,163,214,18,232,395
12/07/2006,SLN,KS,ACE,CE,Federal Contract Tower,0,11,52,6,69,0,1,103,7,111,0,12,155,13,180,210,8,218,398
12/08/2006,SLN,KS,ACE,CE,Federal Contract Tower,0,11,42,0,53,0,0,76,0,76,0,11,118,0,129,130,0,130,259
12/09/2006,SLN,KS,ACE,CE,Federal Contract Tower,0,4,21,0,25,0,1,52,0,53,0,5,73,0,78,88,0,88,166
12/10/2006,SLN,KS,ACE,CE,Federal Contract Tower,0,8,33,0,41,0,4,41,0,45,0,12,74,0,86,72,0,72,158
12/11/2006,SLN,KS,ACE,CE,Federal Contract Tower,0,11,34,6,51,0,3,55,1,59,0,14,89,7,110,180,22,202,312
12/12/2006,SLN,KS,ACE,CE,Federal Contract Tower,0,17,40,3,60,0,2,115,4,121,0,19,155,7,181,138,36,174,355
12/13/2006,SLN,KS,ACE,CE,Federal Contract Tower,0,13,38,2,53,0,0,112,2,114,0,13,150,4,167,196,14,210,377
12/14/2006,SLN,KS,ACE,CE,Federal Contract Tower,0,14,32,1,47,0,6,67,1,74,0,20,99,2,121,120,0,120,241
12/15/2006,SLN,KS,ACE,CE,Federal Contract Tower,0,1,41,0,42,0,17,65,2,84,0,18,106,2,126,164,2,166,292
12/16/2006,SLN,KS,ACE,CE,Federal Contract Tower,0,7,25,0,32,0,4,24,0,28,0,11,49,0,60,20,0,20,80
12/17/2006,SLN,KS,ACE,CE,Federal Contract Tower,0,4,32,0,36,0,0,10,0,10,0,4,42,0,46,4,0,4,50
12/18/2006,SLN,KS,ACE,CE,Federal Contract Tower,0,12,31,0,43,0,6,49,0,55,0,18,80,0,98,68,0,68,166
12/19/2006,SLN,KS,ACE,CE,Federal Contract Tower,0,19,34,8,61,0,0,42,9,51,0,19,76,17,112,82,100,182,294
12/20/2006,SLN,KS,ACE,CE,Federal Contract Tower,0,17,33,0,50,0,0,1,0,1,0,17,34,0,51,0,0,0,51
12/21/2006,SLN,KS,ACE,CE,Federal Contract Tower,0,39,40,6,85,0,0,9,0,9,0,39,49,6,94,26,18,44,138
12/22/2006,SLN,KS,ACE,CE,Federal Contract Tower,0,34,77,0,111,0,2,24,0,26,0,36,101,0,137,46,0,46,183
12/23/2006,SLN,KS,ACE,CE,Federal Contract Tower,0,13,21,0,34,0,2,30,0,32,0,15,51,0,66,8,0,8,74
12/24/2006,SLN,KS,ACE,CE,Federal Contract Tower,0,10,13,0,23,0,0,19,0,19,0,10,32,0,42,4,0,4,46
12/25/2006,SLN,KS,ACE,CE,Federal Contract Tower,0,10,3,0,13,0,0,4,0,4,0,10,7,0,17,0,0,0,17
12/26/2006,SLN,KS,ACE,CE,Federal Contract Tower,0,30,52,0,82,0,0,48,0,48,0,30,100,0,130,28,0,28,158
12/27/2006,SLN,KS,ACE,CE,Federal Contract Tower,0,23,38,0,61,0,1,49,2,52,0,24,87,2,113,32,12,44,157
12/28/2006,SLN,KS,ACE,CE,Federal Contract Tower,2,10,28,0,40,0,5,14,0,19,2,15,42,0,59,8,0,8,67
12/29/2006,SLN,KS,ACE,CE,Federal Contract Tower,0,19,22,0,41,0,0,0,0,0,0,19,22,0,41,0,0,0,41
12/30/2006,SLN,KS,ACE,CE,Federal Contract Tower,0,5,3,0,8,0,0,0,0,0,0,5,3,0,8,0,0,0,8
12/31/2006,SLN,KS,ACE,CE,Federal Contract Tower,0,3,4,0,7,0,0,2,0,2,0,3,6,0,9,0,0,0,9
01/01/2007,SLN,KS,ACE,CE,Federal Contract Tower,0,13,36,0,49,0,3,41,0,44,0,16,77,0,93,18,0,18,111
01/02/2007,SLN,KS,ACE,CE,Federal Contract Tower,0,24,60,0,84,0,1,43,4,48,0,25,103,4,132,32,0,32,164
01/03/2007,SLN,KS,ACE,CE,Federal Contract Tower,0,19,43,0,62,0,1,40,1,42,0,20,83,1,104,16,0,16,120
01/04/2007,SLN,KS,ACE,CE,Federal Contract Tower,0,20,24,15,59,0,9,35,3,47,0,29,59,18,106,56,66,122,228
01/05/2007,SLN,KS,ACE,CE,Federal Contract Tower,0,21,28,1,50,0,3,6,0,9,0,24,34,1,59,0,0,0,59
01/06/2007,SLN,KS,ACE,CE,Federal Contract Tower,0,12,30,4,46,0,4,55,2,61,0,16,85,6,107,16,20,36,143
01/07/2007,SLN,KS,ACE,CE,Federal Contract Tower,0,15,28,0,43,0,0,15,0,15,0,15,43,0,58,6,0,6,64
01/08/2007,SLN,KS,ACE,CE,Federal Contract Tower,0,15,26,1,42,0,0,27,0,27,0,15,53,1,69,22,0,22,91
01/09/2007,SLN,KS,ACE,CE,Federal Contract Tower,0,23,28,1,52,0,1,51,1,53,0,24,79,2,105,36,0,36,141
01/10/2007,SLN,KS,ACE,CE,Federal Contract Tower,0,17,40,0,57,0,4,40,1,45,0,21,80,1,102,78,2,80,182
01/11/2007,SLN,KS,ACE,CE,Federal Contract Tower,0,14,30,13,57,0,5,42,7,54,0,19,72,20,111,64,70,134,245
01/12/2007,SLN,KS,ACE,CE,Federal Contract Tower,0,17,31,0,48,0,2,3,0,5,0,19,34,0,53,0,0,0,53
01/13/2007,SLN,KS,ACE,CE,Federal Contract Tower,0,2,3,0,5,0,1,1,0,2,0,3,4,0,7,0,0,0,7
01/14/2007,SLN,KS,ACE,CE,Federal Contract Tower,0,4,3,0,7,0,0,0,0,0,0,4,3,0,7,0,0,0,7
01/15/2007,SLN,KS,ACE,CE,Federal Contract Tower,0,15,27,0,42,0,1,12,0,13,0,16,39,0,55,6,0,6,61
01/16/2007,SLN,KS,ACE,CE,Federal Contract Tower,0,12,19,0,31,0,0,11,1,12,0,12,30,1,43,4,0,4,47
01/17/2007,SLN,KS,ACE,CE,Federal Contract Tower,0,17,31,0,48,0,0,81,0,81,0,17,112,0,129,112,0,112,241
01/18/2007,SLN,KS,ACE,CE,Federal Contract Tower,0,9,30,1,40,0,0,95,6,101,0,9,125,7,141,179,12,191,332
01/19/2007,SLN,KS,ACE,CE,Federal Contract Tower,0,15,19,0,34,0,18,126,9,153,0,33,145,9,187,170,16,186,373
01/20/2007,SLN,KS,ACE,CE,Federal Contract Tower,0,11,12,0,23,0,1,9,0,10,0,12,21,0,33,0,0,0,33
01/21/2007,SLN,KS,ACE,CE,Federal Contract Tower,0,6,25,0,31,0,1,1,0,2,0,7,26,0,33,0,0,0,33
01/22/2007,SLN,KS,ACE,CE,Federal Contract Tower,0,5,27,2,34,0,0,69,0,69,0,5,96,2,103,150,20,170,273
01/23/2007,SLN,KS,ACE,CE,Federal Contract Tower,0,11,32,3,46,0,7,131,30,168,0,18,163,33,214,228,16,244,458
01/24/2007,SLN,KS,ACE,CE,Federal Contract Tower,0,14,29,0,43,0,0,120,0,120,0,14,149,0,163,182,0,182,345
01/25/2007,SLN,KS,ACE,CE,Federal Contract Tower,0,20,41,0,61,0,3,127,2,132,0,23,168,2,193,214,0,214,407
01/26/2007,SLN,KS,ACE,CE,Federal Contract Tower,0,10,52,0,62,0,0,120,0,120,0,10,172,0,182,142,0,142,324
01/27/2007,SLN,KS,ACE,CE,Federal Contract Tower,0,3,16,2,21,0,4,45,0,49,0,7,61,2,70,94,2,96,166
01/28/2007,SLN,KS,ACE,CE,Federal Contract Tower,0,14,26,0,40,0,1,98,0,99,0,15,124,0,139,86,0,86,225
01/29/2007,SLN,KS,ACE,CE,Federal Contract Tower,0,10,33,2,45,0,5,131,0,136,0,15,164,2,181,144,2,146,327
01/30/2007,SLN,KS,ACE,CE,Federal Contract Tower,0,16,27,2,45,0,1,123,1,125,0,17,150,3,170,134,2,136,306
01/31/2007,SLN,KS,ACE,CE,Federal Contract Tower,0,16,29,0,45,0,2,1,0,3,0,18,30,0,48,0,0,0,48
02/01/2007,SLN,KS,ACE,CE,Federal Contract Tower,0,18,43,4,65,0,4,88,2,94,0,22,131,6,159,190,0,190,349
02/02/2007,SLN,KS,ACE,CE,Federal Contract Tower,0,16,36,2,54,0,0,80,5,85,0,16,116,7,139,112,0,112,251
02/03/2007,SLN,KS,ACE,CE,Federal Contract Tower,0,8,36,0,44,0,0,24,0,24,0,8,60,0,68,50,0,50,118
02/04/2007,SLN,KS,ACE,CE,Federal Contract Tower,0,10,14,0,24,0,1,42,0,43,0,11,56,0,67,48,0,48,115
02/05/2007,SLN,KS,ACE,CE,Federal Contract Tower,0,18,23,1,42,0,6,101,2,109,0,24,124,3,151,180,2,182,333
02/06/2007,SLN,KS,ACE,CE,Federal Contract Tower,0,21,25,0,46,0,0,137,6,143,0,21,162,6,189,210,0,210,399
02/07/2007,SLN,KS,ACE,CE,Federal Contract Tower,0,17,34,1,52,0,0,81,7,88,0,17,115,8,140,159,10,169,309
02/08/2007,SLN,KS,ACE,CE,Federal Contract Tower,0,11,37,0,48,0,4,52,3,59,0,15,89,3,107,112,0,112,219
02/09/2007,SLN,KS,ACE,CE,Federal Contract Tower,0,15,26,0,41,0,1,16,0,17,0,16,42,0,58,10,0,10,68
02/10/2007,SLN,KS,ACE,CE,Federal Contract Tower,0,10,23,0,33,0,3,20,0,23,0,13,43,0,56,4,0,4,60
02/11/2007,SLN,KS,ACE,CE,Federal Contract Tower,0,13,20,0,33,0,0,11,0,11,0,13,31,0,44,32,0,32,76
02/12/2007,SLN,KS,ACE,CE,Federal Contract Tower,0,7,5,0,12,0,0,0,0,0,0,7,5,0,12,0,0,0,12
02/13/2007,SLN,KS,ACE,CE,Federal Contract Tower,0,11,25,0,36,0,0,0,0,0,0,11,25,0,36,0,0,0,36
02/14/2007,SLN,KS,ACE,CE,Federal Contract Tower,0,11,32,1,44,0,0,14,0,14,0,11,46,1,58,28,0,28,86
02/15/2007,SLN,KS,ACE,CE,Federal Contract Tower,0,21,49,3,73,0,4,55,0,59,0,25,104,3,132,72,2,74,206
02/16/2007,SLN,KS,ACE,CE,Federal Contract Tower,0,19,52,2,73,0,3,30,0,33,0,22,82,2,106,18,0,18,124
02/17/2007,SLN,KS,ACE,CE,Federal Contract Tower,0,12,15,2,29,0,4,52,0,56,0,16,67,2,85,48,0,48,133
02/18/2007,SLN,KS,ACE,CE,Federal Contract Tower,0,12,24,3,39,0,4,74,0,78,0,16,98,3,117,30,4,34,151
02/19/2007,SLN,KS,ACE,CE,Federal Contract Tower,0,18,35,0,53,0,1,114,0,115,0,19,149,0,168,178,0,178,346
02/20/2007,SLN,KS,ACE,CE,Federal Contract Tower,0,14,32,2,48,0,2,143,1,146,0,16,175,3,194,268,2,270,464
02/21/2007,SLN,KS,ACE,CE,Federal Contract Tower,0,14,28,3,45,0,0,123,1,124,0,14,151,4,169,172,8,180,349
02/22/2007,SLN,KS,ACE,CE,Federal Contract Tower,0,20,32,4,56,0,4,105,2,111,0,24,137,6,167,116,8,124,291
02/23/2007,SLN,KS,ACE,CE,Federal Contract Tower,2,16,27,1,46,0,4,43,5,52,2,20,70,6,98,40,0,40,138
02/24/2007,SLN,KS,ACE,CE,Federal Contract Tower,0,11,7,0,18,0,0,0,0,0,0,11,7,0,18,0,0,0,18
02/25/2007,SLN,KS,ACE,CE,Federal Contract Tower,0,28,25,0,53,0,0,12,0,12,0,28,37,0,65,6,0,6,71
02/26/2007,SLN,KS,ACE,CE,Federal Contract Tower,0,15,25,0,40,0,3,125,1,129,0,18,150,1,169,206,0,206,375
02/27/2007,SLN,KS,ACE,CE,Federal Contract Tower,0,13,33,2,48,0,5,112,2,119,0,18,145,4,167,160,0,160,327
02/28/2007,SLN,KS,ACE,CE,Federal Contract Tower,0,18,24,3,45,0,6,98,0,104,0,24,122,3,149,154,0,154,303
03/01/2007,SLN,KS,ACE,CE,Federal Contract Tower,0,19,28,2,49,0,0,51,1,52,0,19,79,3,101,74,8,82,183
03/02/2007,SLN,KS,ACE,CE,Federal Contract Tower,0,15,35,0,50,0,2,64,0,66,0,17,99,0,116,94,0,94,210
03/03/2007,SLN,KS,ACE,CE,Federal Contract Tower,0,11,17,2,30,0,0,16,2,18,0,11,33,4,48,30,0,30,78
03/04/2007,SLN,KS,ACE,CE,Federal Contract Tower,0,12,30,0,42,0,0,74,0,74,0,12,104,0,116,96,0,96,212
03/05/2007,SLN,KS,ACE,CE,Federal Contract Tower,0,13,38,0,51,0,2,135,1,138,0,15,173,1,189,224,0,224,413
03/06/2007,SLN,KS,ACE,CE,Federal Contract Tower,0,15,28,0,43,0,0,156,2,158,0,15,184,2,201,162,0,162,363
03/07/2007,SLN,KS,ACE,CE,Federal Contract Tower,0,17,49,4,70,0,0,2,0,2,0,17,51,4,72,2,0,2,74
03/08/2007,SLN,KS,ACE,CE,Federal Contract Tower,0,10,49,0,59,0,1,85,0,86,0,11,134,0,145,120,0,120,265
03/09/2007,SLN,KS,ACE,CE,Federal Contract Tower,0,24,48,1,73,0,0,102,2,104,0,24,150,3,177,228,0,228,405
03/10/2007,SLN,KS,ACE,CE,Federal Contract Tower,0,16,19,0,35,0,1,58,0,59,0,17,77,0,94,102,0,102,196
03/11/2007,SLN,KS,ACE,CE,Federal Contract Tower,0,11,31,1,43,0,0,25,0,25,0,11,56,1,68,20,0,20,88
03/12/2007,SLN,KS,ACE,CE,Federal Contract Tower,0,7,38,9,54,0,0,91,5,96,0,7,129,14,150,160,22,182,332
03/13/2007,SLN,KS,ACE,CE,Federal Contract Tower,4,19,38,3,64,0,0,139,0,139,4,19,177,3,203,198,2,200,403
03/14/2007,SLN,KS,ACE,CE,Federal Contract Tower,0,19,24,1,44,0,0,136,0,136,0,19,160,1,180,182,2,184,364
03/15/2007,SLN,KS,ACE,CE,Federal Contract Tower,0,20,32,2,54,0,0,75,4,79,0,20,107,6,133,186,2,188,321
03/16/2007,SLN,KS,ACE,CE,Federal Contract Tower,0,10,36,0,46,0,0,85,0,85,0,10,121,0,131,102,0,102,233
03/17/2007,SLN,KS,ACE,CE,Federal Contract Tower,0,10,32,0,42,0,0,63,2,65,0,10,95,2,107,86,0,86,193
03/18/2007,SLN,KS,ACE,CE,Federal Contract Tower,0,12,24,2,38,0,0,32,0,32,0,12,56,2,70,16,0,16,86
03/19/2007,SLN,KS,ACE,CE,Federal Contract Tower,0,18,39,0,57,0,0,24,0,24,0,18,63,0,81,22,8,30,111
03/20/2007,SLN,KS,ACE,CE,Federal Contract Tower,0,18,26,0,44,0,0,0,0,0,0,18,26,0,44,0,0,0,44
03/21/2007,SLN,KS,ACE,CE,Federal Contract Tower,0,17,35,1,53,0,0,10,1,11,0,17,45,2,64,24,0,24,88
03/22/2007,SLN,KS,ACE,CE,Federal Contract Tower,0,10,38,0,48,0,7,23,0,30,0,17,61,0,78,43,0,43,121
03/23/2007,SLN,KS,ACE,CE,Federal Contract Tower,0,17,37,0,54,0,3,9,0,12,0,20,46,0,66,26,0,26,92
03/24/2007,SLN,KS,ACE,CE,Federal Contract Tower,0,8,28,0,36,0,0,23,0,23,0,8,51,0,59,24,0,24,83
03/25/2007,SLN,KS,ACE,CE,Federal Contract Tower,0,9,23,0,32,0,0,41,0,41,0,9,64,0,73,10,0,10,83
03/26/2007,SLN,KS,ACE,CE,Federal Contract Tower,0,22,26,2,50,0,0,24,3,27,0,22,50,5,77,34,2,36,113
03/27/2007,SLN,KS,ACE,CE,Federal Contract Tower,0,17,39,0,56,0,0,34,2,36,0,17,73,2,92,78,2,80,172
03/28/2007,SLN,KS,ACE,CE,Federal Contract Tower,0,13,27,2,42,0,0,22,2,24,0,13,49,4,66,72,0,72,138
03/29/2007,SLN,KS,ACE,CE,Federal Contract Tower,0,15,22,1,38,0,0,29,1,30,0,15,51,2,68,82,0,82,150
03/30/2007,SLN,KS,ACE,CE,Federal Contract Tower,0,14,38,8,60,0,7,72,0,79,0,21,110,8,139,188,2,190,329
03/31/2007,SLN,KS,ACE,CE,Federal Contract Tower,0,11,25,2,38,0,0,10,2,12,0,11,35,4,50,12,0,12,62
04/01/2007,SLN,KS,ACE,CE,Federal Contract Tower,0,15,26,0,41,0,0,89,0,89,0,15,115,0,130,112,0,112,242
04/02/2007,SLN,KS,ACE,CE,Federal Contract Tower,0,15,22,4,41,0,0,156,21,177,0,15,178,25,218,242,26,268,486
04/03/2007,SLN,KS,ACE,CE,Federal Contract Tower,0,15,38,0,53,0,1,87,16,104,0,16,125,16,157,116,0,116,273
04/04/2007,SLN,KS,ACE,CE,Federal Contract Tower,0,29,34,1,64,0,1,130,33,164,0,30,164,34,228,210,54,264,492
04/05/2007,SLN,KS,ACE,CE,Federal Contract Tower,0,5,19,0,24,0,2,23,4,29,0,7,42,4,53,12,4,16,69
04/06/2007,SLN,KS,ACE,CE,Federal Contract Tower,0,17,38,6,61,0,0,55,18,73,0,17,93,24,134,94,12,106,240
04/07/2007,SLN,KS,ACE,CE,Federal Contract Tower,0,7,21,1,29,0,0,59,1,60,0,7,80,2,89,80,0,80,169
04/08/2007,SLN,KS,ACE,CE,Federal Contract Tower,0,10,18,0,28,0,0,18,0,18,0,10,36,0,46,8,0,8,54
04/09/2007,SLN,KS,ACE,CE,Federal Contract Tower,0,18,24,0,42,0,2,67,0,69,0,20,91,0,111,194,0,194,305
04/10/2007,SLN,KS,ACE,CE,Federal Contract Tower,0,13,21,3,37,0,0,3,1,4,0,13,24,4,41,8,2,10,51
04/11/2007,SLN,KS,ACE,CE,Federal Contract Tower,0,18,44,4,66,0,0,62,11,73,0,18,106,15,139,62,0,62,201
04/12/2007,SLN,KS,ACE,CE,Federal Contract Tower,0,20,41,1,62,0,2,100,17,119,0,22,141,18,181,168,2,170,351
04/13/2007,SLN,KS,ACE,CE,Federal Contract Tower,0,18,14,0,32,0,0,0,0,0,0,18,14,0,32,0,0,0,32
04/14/2007,SLN,KS,ACE,CE,Federal Contract Tower,0,6,31,0,37,0,1,24,15,40,0,7,55,15,77,24,6,30,107
04/15/2007,SLN,KS,ACE,CE,Federal Contract Tower,0,11,27,8,46,0,4,77,14,95,0,15,104,22,141,126,34,160,301
04/16/2007,SLN,KS,ACE,CE,Federal Contract Tower,0,16,32,4,52,0,2,116,23,141,0,18,148,27,193,210,56,266,459
04/17/2007,SLN,KS,ACE,CE,Federal Contract Tower,0,22,46,2,70,0,0,119,9,128,0,22,165,11,198,228,4,232,430
04/18/2007,SLN,KS,ACE,CE,Federal Contract Tower,0,10,39,0,49,0,0,90,4,94,0,10,129,4,143,156,22,178,321
04/19/2007,SLN,KS,ACE,CE,Federal Contract Tower,0,22,25,2,49,0,1,94,18,113,0,23,119,20,162,164,32,196,358
04/20/2007,SLN,KS,ACE,CE,Federal Contract Tower,0,15,33,3,51,0,2,90,4,96,0,17,123,7,147,174,8,182,329
04/21/2007,SLN,KS,ACE,CE,Federal Contract Tower,0,6,10,1,17,0,0,35,6,41,0,6,45,7,58,24,0,24,82
04/22/2007,SLN,KS,ACE,CE,Federal Contract Tower,0,9,21,1,31,0,0,24,1,25,0,9,45,2,56,0,0,0,56
04/23/2007,SLN,KS,ACE,CE,Federal Contract Tower,0,5,33,2,40,0,0,107,0,107,0,5,140,2,147,200,4,204,351
04/24/2007,SLN,KS,ACE,CE,Federal Contract Tower,0,6,32,0,38,0,0,13,0,13,0,6,45,0,51,58,0,58,109
04/25/2007,SLN,KS,ACE,CE,Federal Contract Tower,0,14,42,0,56,0,0,8,0,8,0,14,50,0,64,12,0,12,76
04/26/2007,SLN,KS,ACE,CE,Federal Contract Tower,0,12,57,4,73,0,0,102,10,112,0,12,159,14,185,242,0,242,427
04/27/2007,SLN,KS,ACE,CE,Federal Contract Tower,0,20,25,3,48,0,0,81,9,90,0,20,106,12,138,118,2,120,258
04/28/2007,SLN,KS,ACE,CE,Federal Contract Tower,0,9,14,5,28,0,0,54,5,59,0,9,68,10,87,42,4,46,133
04/29/2007,SLN,KS,ACE,CE,Federal Contract Tower,0,6,35,0,41,0,0,60,0,60,0,6,95,0,101,70,0,70,171
04/30/2007,SLN,KS,ACE,CE,Federal Contract Tower,0,10,25,7,42,0,4,103,4,111,0,14,128,11,153,126,52,178,331
05/01/2007,SLN,KS,ACE,CE,Federal Contract Tower,0,9,43,6,58,0,0,51,1,52,0,9,94,7,110,94,14,108,218
05/02/2007,SLN,KS,ACE,CE,Federal Contract Tower,0,11,43,25,79,0,0,65,2,67,0,11,108,27,146,128,96,224,370
05/03/2007,SLN,KS,ACE,CE,Federal Contract Tower,0,12,36,5,53,0,0,5,0,5,0,12,41,5,58,0,4,4,62
05/04/2007,SLN,KS,ACE,CE,Federal Contract Tower,0,8,40,0,48,0,0,20,2,22,0,8,60,2,70,38,0,38,108
05/05/2007,SLN,KS,ACE,CE,Federal Contract Tower,0,5,16,0,21,0,0,20,3,23,0,5,36,3,44,0,0,0,44
05/06/2007,SLN,KS,ACE,CE,Federal Contract Tower,0,5,5,1,11,0,0,4,0,4,0,5,9,1,15,0,0,0,15
05/07/2007,SLN,KS,ACE,CE,Federal Contract Tower,0,9,31,0,40,0,0,43,2,45,0,9,74,2,85,58,0,58,143
05/08/2007,SLN,KS,ACE,CE,Federal Contract Tower,0,19,38,2,59,0,0,139,4,143,0,19,177,6,202,188,8,196,398
05/09/2007,SLN,KS,ACE,CE,Federal Contract Tower,0,19,37,7,63,0,0,131,5,136,0,19,168,12,199,160,16,176,375
05/10/2007,SLN,KS,ACE,CE,Federal Contract Tower,0,23,38,2,63,0,0,139,3,142,0,23,177,5,205,188,10,198,403
05/11/2007,SLN,KS,ACE,CE,Federal Contract Tower,0,18,35,8,61,0,1,101,4,106,0,19,136,12,167,158,22,180,347
05/12/2007,SLN,KS,ACE,CE,Federal Contract Tower,0,10,27,4,41,0,0,65,0,65,0,10,92,4,106,102,10,112,218
05/13/2007,SLN,KS,ACE,CE,Federal Contract Tower,0,13,22,0,35,0,0,42,0,42,0,13,64,0,77,26,0,26,103
05/14/2007,SLN,KS,ACE,CE,Federal Contract Tower,0,16,30,6,52,0,1,62,4,67,0,17,92,10,119,140,28,168,287
05/15/2007,SLN,KS,ACE,CE,Federal Contract Tower,0,14,26,6,46,0,0,25,3,28,0,14,51,9,74,40,24,64,138
05/16/2007,SLN,KS,ACE,CE,Federal Contract Tower,2,17,40,0,59,0,0,103,0,103,2,17,143,0,162,134,0,134,296
05/17/2007,SLN,KS,ACE,CE,Federal Contract Tower,0,20,36,6,62,0,1,89,3,93,0,21,125,9,155,172,4,176,331
05/18/2007,SLN,KS,ACE,CE,Federal Contract Tower,0,18,60,4,82,0,0,59,4,63,0,18,119,8,145,86,26,112,257
05/19/2007,SLN,KS,ACE,CE,Federal Contract Tower,0,16,30,2,48,0,0,31,0,31,0,16,61,2,79,14,4,18,97
05/20/2007,SLN,KS,ACE,CE,Federal Contract Tower,0,16,23,1,40,0,0,26,1,27,0,16,49,2,67,16,0,16,83
05/21/2007,SLN,KS,ACE,CE,Federal Contract Tower,0,21,37,4,62,0,0,29,5,34,0,21,66,9,96,42,0,42,138
05/22/2007,SLN,KS,ACE,CE,Federal Contract Tower,0,13,22,5,40,0,0,6,0,6,0,13,28,5,46,4,6,10,56
05/23/2007,SLN,KS,ACE,CE,Federal Contract Tower,0,9,21,0,30,0,1,4,3,8,0,10,25,3,38,0,0,0,38
05/24/2007,SLN,KS,ACE,CE,Federal Contract Tower,0,18,22,7,47,0,0,86,9,95,0,18,108,16,142,146,50,196,338
05/25/2007,SLN,KS,ACE,CE,Federal Contract Tower,0,15,50,4,69,0,0,75,2,77,0,15,125,6,146,134,10,144,290
05/26/2007,SLN,KS,ACE,CE,Federal Contract Tower,0,6,10,0,16,0,0,10,0,10,0,6,20,0,26,4,0,4,30
05/27/2007,SLN,KS,ACE,CE,Federal Contract Tower,0,11,21,0,32,0,0,12,0,12,0,11,33,0,44,2,0,2,46
05/28/2007,SLN,KS,ACE,CE,Federal Contract Tower,0,14,19,0,33,0,0,28,0,28,0,14,47,0,61,42,0,42,103
05/29/2007,SLN,KS,ACE,CE,Federal Contract Tower,0,8,28,4,40,0,0,65,3,68,0,8,93,7,108,94,38,132,240
05/30/2007,SLN,KS,ACE,CE,Federal Contract Tower,0,9,35,2,46,0,0,72,0,72,0,9,107,2,118,122,0,122,240
05/31/2007,SLN,KS,ACE,CE,Federal Contract Tower,0,11,20,5,36,0,0,75,3,78,0,11,95,8,114,132,28,160,274
06/01/2007,SLN,KS,ACE,CE,Federal Contract Tower,4,10,20,0,34,0,0,41,1,42,4,10,61,1,76,100,0,100,176
06/02/2007,SLN,KS,ACE,CE,Federal Contract Tower,0,12,13,0,25,0,0,45,0,45,0,12,58,0,70,74,0,74,144
06/03/2007,SLN,KS,ACE,CE,Federal Contract Tower,0,13,19,0,32,0,0,34,2,36,0,13,53,2,68,14,0,14,82
06/04/2007,SLN,KS,ACE,CE,Federal Contract Tower,0,7,24,2,33,0,0,75,2,77,0,7,99,4,110,114,1,115,225
06/05/2007,SLN,KS,ACE,CE,Federal Contract Tower,0,14,31,4,49,0,0,141,0,141,0,14,172,4,190,132,2,134,324
06/06/2007,SLN,KS,ACE,CE,Federal Contract Tower,0,10,15,5,30,0,0,30,4,34,0,10,45,9,64,14,14,28,92
06/07/2007,SLN,KS,ACE,CE,Federal Contract Tower,0,10,36,2,48,0,0,86,1,87,0,10,122,3,135,90,0,90,225
06/08/2007,SLN,KS,ACE,CE,Federal Contract Tower,0,15,37,7,59,0,0,100,3,103,0,15,137,10,162,114,2,116,278
06/09/2007,SLN,KS,ACE,CE,Federal Contract Tower,0,13,17,0,30,0,0,46,0,46,0,13,63,0,76,46,0,46,122
06/10/2007,SLN,KS,ACE,CE,Federal Contract Tower,0,10,34,3,47,0,0,38,1,39,0,10,72,4,86,28,2,30,116
06/11/2007,SLN,KS,ACE,CE,Federal Contract Tower,0,16,29,4,49,0,0,59,2,61,0,16,88,6,110,144,0,144,254
06/12/2007,SLN,KS,ACE,CE,Federal Contract Tower,0,13,38,13,64,0,0,26,3,29,0,13,64,16,93,38,10,48,141
06/13/2007,SLN,KS,ACE,CE,Federal Contract Tower,0,10,25,0,35,0,0,65,2,67,0,10,90,2,102,176,0,176,278
06/14/2007,SLN,KS,ACE,CE,Federal Contract Tower,0,10,41,1,52,0,0,43,3,46,0,10,84,4,98,104,4,108,206
06/15/2007,SLN,KS,ACE,CE,Federal Contract Tower,0,12,31,14,57,0,0,75,6,81,0,12,106,20,138,140,16,156,294
06/16/2007,SLN,KS,ACE,CE,Federal Contract Tower,0,18,20,7,45,0,0,34,22,56,0,18,54,29,101,90,4,94,195
06/17/2007,SLN,KS,ACE,CE,Federal Contract Tower,0,4,21,8,33,0,2,52,15,69,0,6,73,23,102,34,2,36,138
06/18/2007,SLN,KS,ACE,CE,Federal Contract Tower,0,9,25,4,38,0,0,68,13,81,0,9,93,17,119,200,12,212,331
06/19/2007,SLN,KS,ACE,CE,Federal Contract Tower,0,14,36,4,54,0,0,29,14,43,0,14,65,18,97,90,0,90,187
06/20/2007,SLN,KS,ACE,CE,Federal Contract Tower,0,12,29,4,45,0,0,97,43,140,0,12,126,47,185,190,0,190,375
06/21/2007,SLN,KS,ACE,CE,Federal Contract Tower,5,8,66,10,89,0,0,105,36,141,5,8,171,46,230,228,24,252,482
06/22/2007,SLN,KS,ACE,CE,Federal Contract Tower,0,14,32,5,51,0,1,95,67,163,0,15,127,72,214,184,26,210,424
06/23/2007,SLN,KS,ACE,CE,Federal Contract Tower,0,10,27,1,38,0,1,38,39,78,0,11,65,40,116,58,4,62,178
06/24/2007,SLN,KS,ACE,CE,Federal Contract Tower,0,15,33,5,53,0,0,61,21,82,0,15,94,26,135,38,18,56,191
06/25/2007,SLN,KS,ACE,CE,Federal Contract Tower,0,16,37,1,54,0,0,92,35,127,0,16,129,36,181,222,4,226,407
06/26/2007,SLN,KS,ACE,CE,Federal Contract Tower,0,25,30,4,59,0,0,72,3,75,0,25,102,7,134,164,4,168,302
06/27/2007,SLN,KS,ACE,CE,Federal Contract Tower,0,13,15,4,32,0,0,32,11,43,0,13,47,15,75,56,0,56,131
06/28/2007,SLN,KS,ACE,CE,Federal Contract Tower,2,20,44,5,71,0,0,87,40,127,2,20,131,45,198,130,16,146,344
06/29/2007,SLN,KS,ACE,CE,Federal Contract Tower,0,16,50,16,82,0,0,12,5,17,0,16,62,21,99,2,0,2,101
06/30/2007,SLN,KS,ACE,CE,Federal Contract Tower,0,8,26,0,34,0,0,11,0,11,0,8,37,0,45,0,0,0,45
07/01/2007,SLN,KS,ACE,CE,Federal Contract Tower,0,6,35,0,41,0,0,9,0,9,0,6,44,0,50,4,0,4,54
07/02/2007,SLN,KS,ACE,CE,Federal Contract Tower,0,11,35,0,46,0,0,58,4,62,0,11,93,4,108,52,0,52,160
07/03/2007,SLN,KS,ACE,CE,Federal Contract Tower,0,20,23,0,43,0,0,85,0,85,0,20,108,0,128,100,0,100,228
07/04/2007,SLN,KS,ACE,CE,Federal Contract Tower,0,8,12,0,20,0,0,51,0,51,0,8,63,0,71,26,0,26,97
07/05/2007,SLN,KS,ACE,CE,Federal Contract Tower,0,16,32,2,50,0,0,99,2,101,0,16,131,4,151,138,0,138,289
07/06/2007,SLN,KS,ACE,CE,Federal Contract Tower,0,13,27,2,42,0,0,78,3,81,0,13,105,5,123,76,14,90,213
07/07/2007,SLN,KS,ACE,CE,Federal Contract Tower,0,8,16,1,25,0,0,42,1,43,0,8,58,2,68,0,0,0,68
07/08/2007,SLN,KS,ACE,CE,Federal Contract Tower,0,18,43,0,61,0,0,44,2,46,0,18,87,2,107,4,0,4,111
07/09/2007,SLN,KS,ACE,CE,Federal Contract Tower,1,7,35,3,46,0,0,38,3,41,1,7,73,6,87,54,2,56,143
07/10/2007,SLN,KS,ACE,CE,Federal Contract Tower,0,10,26,12,48,0,0,93,0,93,0,10,119,12,141,178,20,198,339
07/11/2007,SLN,KS,ACE,CE,Federal Contract Tower,0,10,30,0,40,0,0,48,0,48,0,10,78,0,88,114,0,114,202
07/12/2007,SLN,KS,ACE,CE,Federal Contract Tower,0,14,38,5,57,0,0,84,0,84,0,14,122,5,141,114,6,120,261
07/13/2007,SLN,KS,ACE,CE,Federal Contract Tower,0,11,42,16,69,0,0,66,4,70,0,11,108,20,139,128,98,226,365
07/14/2007,SLN,KS,ACE,CE,Federal Contract Tower,0,19,24,0,43,0,0,34,2,36,0,19,58,2,79,36,0,36,115
07/15/2007,SLN,KS,ACE,CE,Federal Contract Tower,2,15,31,2,50,0,0,45,0,45,2,15,76,2,95,20,0,20,115
07/16/2007,SLN,KS,ACE,CE,Federal Contract Tower,0,13,33,0,46,0,0,89,2,91,0,13,122,2,137,180,0,180,317
07/17/2007,SLN,KS,ACE,CE,Federal Contract Tower,0,11,27,5,43,0,1,82,0,83,0,12,109,5,126,184,32,216,342
07/18/2007,SLN,KS,ACE,CE,Federal Contract Tower,0,18,21,3,42,0,0,110,1,111,0,18,131,4,153,158,26,184,337
07/19/2007,SLN,KS,ACE,CE,Federal Contract Tower,0,15,32,5,52,0,0,92,6,98,0,15,124,11,150,140,56,196,346
07/20/2007,SLN,KS,ACE,CE,Federal Contract Tower,0,13,37,4,54,0,0,84,12,96,0,13,121,16,150,132,24,156,306
07/21/2007,SLN,KS,ACE,CE,Federal Contract Tower,0,8,31,0,39,0,0,41,2,43,0,8,72,2,82,6,0,6,88
07/22/2007,SLN,KS,ACE,CE,Federal Contract Tower,0,12,33,2,47,0,0,36,2,38,0,12,69,4,85,28,6,34,119
07/23/2007,SLN,KS,ACE,CE,Federal Contract Tower,0,12,29,6,47,0,0,66,2,68,0,12,95,8,115,128,0,128,243
07/24/2007,SLN,KS,ACE,CE,Federal Contract Tower,0,10,41,7,58,0,2,74,3,79,0,12,115,10,137,88,6,94,231
07/25/2007,SLN,KS,ACE,CE,Federal Contract Tower,0,11,31,3,45,0,0,92,4,96,0,11,123,7,141,108,2,110,251
07/26/2007,SLN,KS,ACE,CE,Federal Contract Tower,0,16,33,4,53,0,0,93,4,97,0,16,126,8,150,100,4,104,254
07/27/2007,SLN,KS,ACE,CE,Federal Contract Tower,0,10,23,7,40,0,1,50,0,51,0,11,73,7,91,76,8,84,175
07/28/2007,SLN,KS,ACE,CE,Federal Contract Tower,0,17,24,0,41,0,0,40,2,42,0,17,64,2,83,30,0,30,113
07/29/2007,SLN,KS,ACE,CE,Federal Contract Tower,0,6,19,0,25,0,0,18,0,18,0,6,37,0,43,0,0,0,43
07/30/2007,SLN,KS,ACE,CE,Federal Contract Tower,2,15,35,0,52,0,0,24,2,26,2,15,59,2,78,88,0,88,166
07/31/2007,SLN,KS,ACE,CE,Federal Contract Tower,0,11,19,0,30,0,0,53,0,53,0,11,72,0,83,58,0,58,141
08/01/2007,SLN,KS,ACE,CE,Federal Contract Tower,0,23,26,5,54,0,3,96,1,100,0,26,122,6,154,138,10,148,302
08/02/2007,SLN,KS,ACE,CE,Federal Contract Tower,0,14,19,1,34,0,4,68,15,87,0,18,87,16,121,98,34,132,253
08/03/2007,SLN,KS,ACE,CE,Federal Contract Tower,0,9,22,2,33,0,2,42,2,46,0,11,64,4,79,62,0,62,141
08/04/2007,SLN,KS,ACE,CE,Federal Contract Tower,0,14,24,0,38,0,2,32,0,34,0,16,56,0,72,28,0,28,100
08/05/2007,SLN,KS,ACE,CE,Federal Contract Tower,0,12,33,0,45,0,0,18,2,20,0,12,51,2,65,28,0,28,93
08/06/2007,SLN,KS,ACE,CE,Federal Contract Tower,0,9,35,4,48,0,9,70,2,81,0,18,105,6,129,52,0,52,181
08/07/2007,SLN,KS,ACE,CE,Federal Contract Tower,0,18,28,11,57,0,3,63,8,74,0,21,91,19,131,50,24,74,205
08/08/2007,SLN,KS,ACE,CE,Federal Contract Tower,0,12,13,7,32,0,4,41,6,51,0,16,54,13,83,46,8,54,137
08/09/2007,SLN,KS,ACE,CE,Federal Contract Tower,0,12,24,1,37,0,7,64,9,80,0,19,88,10,117,72,2,74,191
08/10/2007,SLN,KS,ACE,CE,Federal Contract Tower,0,13,27,3,43,0,4,50,4,58,0,17,77,7,101,50,18,68,169
08/11/2007,SLN,KS,ACE,CE,Federal Contract Tower,0,4,18,0,22,0,0,23,0,23,0,4,41,0,45,18,0,18,63
08/12/2007,SLN,KS,ACE,CE,Federal Contract Tower,0,13,22,0,35,0,0,24,0,24,0,13,46,0,59,0,0,0,59
08/13/2007,SLN,KS,ACE,CE,Federal Contract Tower,2,7,36,8,53,0,4,25,5,34,2,11,61,13,87,8,8,16,103
08/14/2007,SLN,KS,ACE,CE,Federal Contract Tower,0,18,24,1,43,0,3,40,1,44,0,21,64,2,87,38,0,38,125
08/15/2007,SLN,KS,ACE,CE,Federal Contract Tower,0,12,40,3,55,0,2,52,3,57,0,14,92,6,112,70,6,76,188
08/16/2007,SLN,KS,ACE,CE,Federal Contract Tower,4,12,35,1,52,0,17,65,9,91,4,29,100,10,143,84,0,84,227
08/17/2007,SLN,KS,ACE,CE,Federal Contract Tower,0,15,42,0,57,0,3,39,1,43,0,18,81,1,100,54,0,54,154
08/18/2007,SLN,KS,ACE,CE,Federal Contract Tower,0,9,31,2,42,0,0,19,2,21,0,9,50,4,63,46,0,46,109
08/19/2007,SLN,KS,ACE,CE,Federal Contract Tower,0,13,44,4,61,0,0,23,0,23,0,13,67,4,84,22,6,28,112
08/20/2007,SLN,KS,ACE,CE,Federal Contract Tower,0,16,25,1,42,0,3,40,2,45,0,19,65,3,87,36,4,40,127
08/21/2007,SLN,KS,ACE,CE,Federal Contract Tower,0,17,36,4,57,0,3,83,5,91,0,20,119,9,148,68,6,74,222
08/22/2007,SLN,KS,ACE,CE,Federal Contract Tower,0,22,21,4,47,0,2,94,0,96,0,24,115,4,143,148,8,156,299
08/23/2007,SLN,KS,ACE,CE,Federal Contract Tower,0,18,41,0,59,0,4,103,1,108,0,22,144,1,167,92,0,92,259
08/24/2007,SLN,KS,ACE,CE,Federal Contract Tower,0,5,41,0,46,0,0,19,0,19,0,5,60,0,65,54,0,54,119
08/25/2007,SLN,KS,ACE,CE,Federal Contract Tower,0,7,13,0,20,0,1,24,0,25,0,8,37,0,45,8,0,8,53
08/26/2007,SLN,KS,ACE,CE,Federal Contract Tower,0,12,25,0,37,0,0,34,2,36,0,12,59,2,73,4,0,4,77
08/27/2007,SLN,KS,ACE,CE,Federal Contract Tower,0,9,27,0,36,0,5,112,0,117,0,14,139,0,153,100,0,100,253
08/28/2007,SLN,KS,ACE,CE,Federal Contract Tower,0,8,40,2,50,0,4,113,2,119,0,12,153,4,169,134,12,146,315
08/29/2007,SLN,KS,ACE,CE,Federal Contract Tower,0,16,59,3,78,0,5,16,1,22,0,21,75,4,100,32,8,40,140
08/30/2007,SLN,KS,ACE,CE,Federal Contract Tower,0,12,25,8,45,0,3,134,0,137,0,15,159,8,182,204,34,238,420
08/31/2007,SLN,KS,ACE,CE,Federal Contract Tower,0,7,25,0,32,0,4,139,0,143,0,11,164,0,175,160,0,160,335
09/01/2007,SLN,KS,ACE,CE,Federal Contract Tower,0,4,21,0,25,0,0,40,0,40,0,4,61,0,65,26,0,26,91
09/02/2007,SLN,KS,ACE,CE,Federal Contract Tower,0,6,23,2,31,0,0,31,0,31,0,6,54,2,62,26,0,26,88
09/03/2007,SLN,KS,ACE,CE,Federal Contract Tower,0,13,23,0,36,0,1,67,0,68,0,14,90,0,104,110,0,110,214
09/04/2007,SLN,KS,ACE,CE,Federal Contract Tower,0,19,33,10,62,0,1,152,2,155,0,20,185,12,217,206,46,252,469
09/05/2007,SLN,KS,ACE,CE,Federal Contract Tower,0,12,31,16,59,0,1,149,7,157,0,13,180,23,216,180,30,210,426
09/06/2007,SLN,KS,ACE,CE,Federal Contract Tower,0,25,38,3,66,0,4,85,0,89,0,29,123,3,155,156,14,170,325
09/07/2007,SLN,KS,ACE,CE,Federal Contract Tower,0,9,38,6,53,0,2,126,4,132,0,11,164,10,185,180,56,236,421
09/08/2007,SLN,KS,ACE,CE,Federal Contract Tower,0,6,23,3,32,0,0,62,2,64,0,6,85,5,96,76,0,76,172
09/09/2007,SLN,KS,ACE,CE,Federal Contract Tower,0,8,33,1,42,0,0,14,2,16,0,8,47,3,58,24,0,24,82
09/10/2007,SLN,KS,ACE,CE,Federal Contract Tower,0,15,54,7,76,0,2,21,2,25,0,17,75,9,101,58,14,72,173
09/11/2007,SLN,KS,ACE,CE,Federal Contract Tower,0,15,39,4,58,0,1,159,14,174,0,16,198,18,232,200,10,210,442
09/12/2007,SLN,KS,ACE,CE,Federal Contract Tower,0,10,40,5,55,0,7,139,5,151,0,17,179,10,206,216,2,218,424
09/13/2007,SLN,KS,ACE,CE,Federal Contract Tower,0,13,41,4,58,0,1,147,9,157,0,14,188,13,215,178,24,202,417
09/14/2007,SLN,KS,ACE,CE,Federal Contract Tower,0,11,42,1,54,0,0,111,10,121,0,11,153,11,175,178,2,180,355
09/15/2007,SLN,KS,ACE,CE,Federal Contract Tower,0,6,25,0,31,0,0,9,0,9,0,6,34,0,40,4,0,4,44
09/16/2007,SLN,KS,ACE,CE,Federal Contract Tower,0,15,29,2,46,0,0,64,1,65,0,15,93,3,111,116,0,116,227
09/17/2007,SLN,KS,ACE,CE,Federal Contract Tower,0,10,32,1,43,0,0,70,1,71,0,10,102,2,114,98,0,98,212
09/18/2007,SLN,KS,ACE,CE,Federal Contract Tower,0,15,38,4,57,0,0,81,1,82,0,15,119,5,139,142,20,162,301
09/19/2007,SLN,KS,ACE,CE,Federal Contract Tower,0,18,32,7,57,0,0,117,1,118,0,18,149,8,175,234,8,242,417
09/20/2007,SLN,KS,ACE,CE,Federal Contract Tower,0,11,44,3,58,0,2,144,5,151,0,13,188,8,209,258,6,264,473
09/21/2007,SLN,KS,ACE,CE,Federal Contract Tower,0,13,30,9,52,0,0,156,0,156,0,13,186,9,208,214,12,226,434
09/22/2007,SLN,KS,ACE,CE,Federal Contract Tower,0,12,13,2,27,0,2,50,0,52,0,14,63,2,79,90,2,92,171
09/23/2007,SLN,KS,ACE,CE,Federal Contract Tower,0,6,26,0,32,0,0,46,0,46,0,6,72,0,78,60,0,60,138
09/24/2007,SLN,KS,ACE,CE,Federal Contract Tower,0,17,26,1,44,0,0,97,2,99,0,17,123,3,143,148,0,148,291
09/25/2007,SLN,KS,ACE,CE,Federal Contract Tower,0,19,27,13,59,0,0,107,2,109,0,19,134,15,168,226,48,274,442
09/26/2007,SLN,KS,ACE,CE,Federal Contract Tower,0,11,27,5,43,0,1,145,3,149,0,12,172,8,192,258,36,294,486
09/27/2007,SLN,KS,ACE,CE,Federal Contract Tower,0,24,29,6,59,0,0,141,3,144,0,24,170,9,203,230,12,242,445
09/28/2007,SLN,KS,ACE,CE,Federal Contract Tower,2,14,32,0,48,0,2,108,24,134,2,16,140,24,182,146,0,146,328
09/29/2007,SLN,KS,ACE,CE,Federal Contract Tower,0,14,15,0,29,0,0,41,1,42,0,14,56,1,71,10,0,10,81
09/30/2007,SLN,KS,ACE,CE,Federal Contract Tower,0,10,23,0,33,0,0,11,0,11,0,10,34,0,44,4,0,4,48
10/01/2007,SLN,KS,ACE,CE,Federal Contract Tower,0,14,41,1,56,0,0,71,1,72,0,14,112,2,128,104,2,106,234
10/02/2007,SLN,KS,ACE,CE,Federal Contract Tower,0,16,24,6,46,0,0,39,5,44,0,16,63,11,90,94,36,130,220
10/03/2007,SLN,KS,ACE,CE,Federal Contract Tower,0,19,25,5,49,0,0,149,7,156,0,19,174,12,205,210,4,214,419
10/04/2007,SLN,KS,ACE,CE,Federal Contract Tower,0,16,54,0,70,0,0,75,0,75,0,16,129,0,145,110,0,110,255
10/05/2007,SLN,KS,ACE,CE,Federal Contract Tower,0,22,42,12,76,0,0,61,3,64,0,22,103,15,140,62,32,94,234
10/06/2007,SLN,KS,ACE,CE,Federal Contract Tower,0,7,24,0,31,0,0,14,0,14,0,7,38,0,45,0,0,0,45
10/07/2007,SLN,KS,ACE,CE,Federal Contract Tower,0,10,24,0,34,0,0,29,0,29,0,10,53,0,63,108,0,108,171
10/08/2007,SLN,KS,ACE,CE,Federal Contract Tower,0,11,33,0,44,0,0,143,0,143,0,11,176,0,187,238,0,238,425
10/09/2007,SLN,KS,ACE,CE,Federal Contract Tower,0,16,31,3,50,0,3,130,2,135,0,19,161,5,185,220,0,220,405
10/10/2007,SLN,KS,ACE,CE,Federal Contract Tower,0,23,32,2,57,0,1,148,10,159,0,24,180,12,216,196,10,206,422
10/11/2007,SLN,KS,ACE,CE,Federal Contract Tower,0,12,41,9,62,0,0,112,3,115,0,12,153,12,177,190,4,194,371
10/12/2007,SLN,KS,ACE,CE,Federal Contract Tower,0,15,18,0,33,0,0,10,0,10,0,15,28,0,43,0,0,0,43
10/13/2007,SLN,KS,ACE,CE,Federal Contract Tower,0,12,12,3,27,0,2,24,0,26,0,14,36,3,53,46,0,46,99
10/14/2007,SLN,KS,ACE,CE,Federal Contract Tower,0,5,21,0,26,0,0,0,0,0,0,5,21,0,26,0,0,0,26
10/15/2007,SLN,KS,ACE,CE,Federal Contract Tower,0,14,39,2,55,0,1,28,2,31,0,15,67,4,86,48,0,48,134
10/16/2007,SLN,KS,ACE,CE,Federal Contract Tower,0,14,24,2,40,0,0,155,3,158,0,14,179,5,198,226,2,228,426
10/17/2007,SLN,KS,ACE,CE,Federal Contract Tower,0,17,17,0,34,0,0,14,0,14,0,17,31,0,48,22,0,22,70
10/18/2007,SLN,KS,ACE,CE,Federal Contract Tower,0,17,23,1,41,0,0,57,4,61,0,17,80,5,102,116,0,116,218
10/19/2007,SLN,KS,ACE,CE,Federal Contract Tower,0,18,34,0,52,0,0,102,2,104,0,18,136,2,156,118,0,118,274
10/20/2007,SLN,KS,ACE,CE,Federal Contract Tower,0,12,13,0,25,0,4,33,2,39,0,16,46,2,64,66,0,66,130
10/21/2007,SLN,KS,ACE,CE,Federal Contract Tower,0,10,27,0,37,0,0,28,0,28,0,10,55,0,65,24,0,24,89
10/22/2007,SLN,KS,ACE,CE,Federal Contract Tower,0,7,22,7,36,0,2,93,0,95,0,9,115,7,131,154,0,154,285
10/23/2007,SLN,KS,ACE,CE,Federal Contract Tower,0,9,32,4,45,0,2,134,2,138,0,11,166,6,183,184,8,192,375
10/24/2007,SLN,KS,ACE,CE,Federal Contract Tower,0,10,41,3,54,0,1,140,7,148,0,11,181,10,202,180,10,190,392
10/25/2007,SLN,KS,ACE,CE,Federal Contract Tower,0,16,22,2,40,0,0,102,0,102,0,16,124,2,142,168,0,168,310
10/26/2007,SLN,KS,ACE,CE,Federal Contract Tower,0,14,40,2,56,0,0,129,3,132,0,14,169,5,188,102,10,112,300
10/27/2007,SLN,KS,ACE,CE,Federal Contract Tower,0,8,13,0,21,0,0,35,1,36,0,8,48,1,57,38,0,38,95
10/28/2007,SLN,KS,ACE,CE,Federal Contract Tower,0,9,26,0,35,0,0,38,0,38,0,9,64,0,73,26,0,26,99
10/29/2007,SLN,KS,ACE,CE,Federal Contract Tower,0,8,36,1,45,0,0,125,1,126,0,8,161,2,171,212,0,212,383
10/30/2007,SLN,KS,ACE,CE,Federal Contract Tower,0,9,31,1,41,0,0,111,7,118,0,9,142,8,159,118,0,118,277
10/31/2007,SLN,KS,ACE,CE,Federal Contract Tower,0,8,25,4,37,0,0,75,7,82,0,8,100,11,119,72,8,80,199
11/01/2007,SLN,KS,ACE,CE,Federal Contract Tower,0,0,40,6,46,0,0,85,0,85,0,0,125,6,131,182,20,202,333
11/02/2007,SLN,KS,ACE,CE,Federal Contract Tower,0,11,31,7,49,0,0,84,0,84,0,11,115,7,133,168,0,168,301
11/03/2007,SLN,KS,ACE,CE,Federal Contract Tower,0,8,14,1,23,0,0,32,0,32,0,8,46,1,55,40,8,48,103
11/04/2007,SLN,KS,ACE,CE,Federal Contract Tower,0,9,30,3,42,0,0,45,0,45,0,9,75,3,87,30,2,32,119
11/05/2007,SLN,KS,ACE,CE,Federal Contract Tower,0,10,48,3,61,0,0,82,9,91,0,10,130,12,152,102,6,108,260
11/06/2007,SLN,KS,ACE,CE,Federal Contract Tower,0,21,43,8,72,0,0,132,9,141,0,21,175,17,213,118,50,168,381
11/07/2007,SLN,KS,ACE,CE,Federal Contract Tower,0,10,38,2,50,0,0,105,7,112,0,10,143,9,162,202,0,202,364
11/08/2007,SLN,KS,ACE,CE,Federal Contract Tower,0,16,38,2,56,0,0,149,11,160,0,16,187,13,216,226,16,242,458
11/09/2007,SLN,KS,ACE,CE,Federal Contract Tower,0,5,30,0,35,0,0,102,5,107,0,5,132,5,142,122,0,122,264
11/10/2007,SLN,KS,ACE,CE,Federal Contract Tower,0,9,22,3,34,0,0,41,1,42,0,9,63,4,76,54,6,60,136
11/11/2007,SLN,KS,ACE,CE,Federal Contract Tower,0,11,39,1,51,0,0,28,2,30,0,11,67,3,81,58,0,58,139
11/12/2007,SLN,KS,ACE,CE,Federal Contract Tower,0,11,49,0,60,0,0,57,0,57,0,11,106,0,117,164,0,164,281
11/13/2007,SLN,KS,ACE,CE,Federal Contract Tower,0,18,25,2,45,0,3,122,5,130,0,21,147,7,175,266,4,270,445
11/14/2007,SLN,KS,ACE,CE,Federal Contract Tower,0,14,41,2,57,0,0,79,6,85,0,14,120,8,142,138,0,138,280
11/15/2007,SLN,KS,ACE,CE,Federal Contract Tower,0,17,48,3,68,0,0,137,10,147,0,17,185,13,215,200,28,228,443
11/16/2007,SLN,KS,ACE,CE,Federal Contract Tower,0,20,46,2,68,0,1,120,5,126,0,21,166,7,194,180,2,182,376
11/17/2007,SLN,KS,ACE,CE,Federal Contract Tower,0,10,23,1,34,0,0,63,0,63,0,10,86,1,97,90,0,90,187
11/18/2007,SLN,KS,ACE,CE,Federal Contract Tower,0,4,30,2,36,0,0,38,0,38,0,4,68,2,74,54,6,60,134
11/19/2007,SLN,KS,ACE,CE,Federal Contract Tower,0,5,27,0,32,0,1,129,0,130,0,6,156,0,162,110,0,110,272
11/20/2007,SLN,KS,ACE,CE,Federal Contract Tower,0,19,65,2,86,0,0,45,0,45,0,19,110,2,131,100,6,106,237
11/21/2007,SLN,KS,ACE,CE,Federal Contract Tower,0,10,28,0,38,0,0,6,0,6,0,10,34,0,44,0,0,0,44
11/22/2007,SLN,KS,ACE,CE,Federal Contract Tower,0,6,6,0,12,0,0,9,0,9,0,6,15,0,21,10,0,10,31
11/23/2007,SLN,KS,ACE,CE,Federal Contract Tower,0,8,24,0,32,0,0,12,0,12,0,8,36,0,44,16,0,16,60
11/24/2007,SLN,KS,ACE,CE,Federal Contract Tower,0,12,26,0,38,0,0,5,0,5,0,12,31,0,43,6,0,6,49
11/25/2007,SLN,KS,ACE,CE,Federal Contract Tower,5,12,45,0,62,0,0,26,0,26,5,12,71,0,88,26,0,26,114
11/26/2007,SLN,KS,ACE,CE,Federal Contract Tower,0,7,35,5,47,0,0,96,0,96,0,7,131,5,143,216,10,226,369
11/27/2007,SLN,KS,ACE,CE,Federal Contract Tower,0,22,28,0,50,0,0,107,4,111,0,22,135,4,161,134,0,134,295
11/28/2007,SLN,KS,ACE,CE,Federal Contract Tower,0,12,37,2,51,0,0,75,4,79,0,12,112,6,130,176,20,196,326
11/29/2007,SLN,KS,ACE,CE,Federal Contract Tower,0,16,32,5,53,0,0,126,9,135,0,16,158,14,188,198,16,214,402
11/30/2007,SLN,KS,ACE,CE,Federal Contract Tower,0,27,37,0,64,0,0,56,3,59,0,27,93,3,123,112,6,118,241
12/01/2007,SLN,KS,ACE,CE,Federal Contract Tower,0,6,13,0,19,0,0,1,0,1,0,6,14,0,20,0,0,0,20
12/02/2007,SLN,KS,ACE,CE,Federal Contract Tower,0,6,28,0,34,0,0,43,0,43,0,6,71,0,77,36,0,36,113
12/03/2007,SLN,KS,ACE,CE,Federal Contract Tower,0,13,33,1,47,0,2,118,1,121,0,15,151,2,168,226,2,228,396
12/04/2007,SLN,KS,ACE,CE,Federal Contract Tower,0,12,25,1,38,0,4,138,7,149,0,16,163,8,187,218,12,230,417
12/05/2007,SLN,KS,ACE,CE,Federal Contract Tower,0,6,41,0,47,0,0,54,7,61,0,6,95,7,108,118,28,146,254
12/06/2007,SLN,KS,ACE,CE,Federal Contract Tower,0,7,33,0,40,0,0,1,3,4,0,7,34,3,44,0,10,10,54
12/07/2007,SLN,KS,ACE,CE,Federal Contract Tower,0,15,24,0,39,0,0,1,1,2,0,15,25,1,41,0,12,12,53
12/08/2007,SLN,KS,ACE,CE,Federal Contract Tower,0,6,0,0,6,0,0,0,0,0,0,6,0,0,6,0,0,0,6
12/09/2007,SLN,KS,ACE,CE,Federal Contract Tower,0,6,23,0,29,0,0,0,0,0,0,6,23,0,29,0,0,0,29
12/10/2007,SLN,KS,ACE,CE,Federal Contract Tower,0,7,30,2,39,0,0,0,0,0,0,7,30,2,39,0,0,0,39
12/11/2007,SLN,KS,ACE,CE,Federal Contract Tower,0,2,3,0,5,0,0,0,0,0,0,2,3,0,5,0,0,0,5
12/12/2007,SLN,KS,ACE,CE,Federal Contract Tower,0,9,38,0,47,0,0,15,7,22,0,9,53,7,69,52,30,82,151
12/13/2007,SLN,KS,ACE,CE,Federal Contract Tower,0,18,29,3,50,0,3,88,4,95,0,21,117,7,145,128,28,156,301
12/14/2007,SLN,KS,ACE,CE,Federal Contract Tower,0,15,40,11,66,0,0,26,3,29,0,15,66,14,95,76,12,88,183
12/15/2007,SLN,KS,ACE,CE,Federal Contract Tower,1,2,12,0,15,0,0,1,0,1,1,2,13,0,16,0,0,0,16
12/16/2007,SLN,KS,ACE,CE,Federal Contract Tower,0,4,12,0,16,0,0,31,5,36,0,4,43,5,52,48,0,48,100
12/17/2007,SLN,KS,ACE,CE,Federal Contract Tower,0,8,19,0,27,0,1,53,0,54,0,9,72,0,81,110,0,110,191
12/18/2007,SLN,KS,ACE,CE,Federal Contract Tower,0,10,23,0,33,0,1,86,7,94,0,11,109,7,127,138,16,154,281
12/19/2007,SLN,KS,ACE,CE,Federal Contract Tower,0,9,39,5,53,0,5,64,3,72,0,14,103,8,125,92,8,100,225
12/20/2007,SLN,KS,ACE,CE,Federal Contract Tower,0,13,27,8,48,0,4,71,5,80,0,17,98,13,128,78,4,82,210
12/21/2007,SLN,KS,ACE,CE,Federal Contract Tower,0,23,37,1,61,0,1,31,1,33,0,24,68,2,94,34,0,34,128
12/22/2007,SLN,KS,ACE,CE,Federal Contract Tower,0,4,8,0,12,0,0,0,0,0,0,4,8,0,12,0,0,0,12
12/23/2007,SLN,KS,ACE,CE,Federal Contract Tower,0,14,14,0,28,0,0,17,0,17,0,14,31,0,45,0,0,0,45
12/24/2007,SLN,KS,ACE,CE,Federal Contract Tower,0,6,9,0,15,0,0,9,0,9,0,6,18,0,24,8,0,8,32
12/25/2007,SLN,KS,ACE,CE,Federal Contract Tower,0,8,4,0,12,0,0,17,0,17,0,8,21,0,29,4,0,4,33
12/26/2007,SLN,KS,ACE,CE,Federal Contract Tower,0,10,53,0,63,0,0,5,0,5,0,10,58,0,68,16,0,16,84
12/27/2007,SLN,KS,ACE,CE,Federal Contract Tower,2,12,38,0,52,0,0,1,1,2,2,12,39,1,54,0,2,2,56
12/28/2007,SLN,KS,ACE,CE,Federal Contract Tower,0,12,32,0,44,0,0,10,2,12,0,12,42,2,56,6,0,6,62
12/29/2007,SLN,KS,ACE,CE,Federal Contract Tower,0,15,40,0,55,0,2,22,0,24,0,17,62,0,79,0,0,0,79
12/31/2007,SLN,KS,ACE,CE,Federal Contract Tower,0,12,12,0,24,0,0,8,0,8,0,12,20,0,32,6,0,6,38
01/01/2008,SLN,KS,ACE,CE,Federal Contract Tower,0,9,15,0,24,0,0,7,0,7,0,9,22,0,31,12,0,12,43
01/02/2008,SLN,KS,ACE,CE,Federal Contract Tower,0,22,41,0,63,0,2,31,0,33,0,24,72,0,96,48,0,48,144
01/03/2008,SLN,KS,ACE,CE,Federal Contract Tower,0,16,25,4,45,0,0,28,5,33,0,16,53,9,78,36,46,82,160
01/04/2008,SLN,KS,ACE,CE,Federal Contract Tower,0,13,50,3,66,0,0,32,6,38,0,13,82,9,104,32,10,42,146
01/05/2008,SLN,KS,ACE,CE,Federal Contract Tower,0,17,15,0,32,0,0,28,1,29,0,17,43,1,61,30,0,30,91
01/06/2008,SLN,KS,ACE,CE,Federal Contract Tower,0,6,22,0,28,0,0,35,0,35,0,6,57,0,63,30,0,30,93
01/07/2008,SLN,KS,ACE,CE,Federal Contract Tower,0,15,22,0,37,0,0,33,2,35,0,15,55,2,72,18,0,18,90
01/08/2008,SLN,KS,ACE,CE,Federal Contract Tower,0,7,24,0,31,0,1,18,6,25,0,8,42,6,56,28,0,28,84
01/09/2008,SLN,KS,ACE,CE,Federal Contract Tower,0,10,19,3,32,0,2,43,4,49,0,12,62,7,81,50,10,60,141
01/10/2008,SLN,KS,ACE,CE,Federal Contract Tower,0,13,23,4,40,0,0,16,5,21,0,13,39,9,61,22,2,24,85
01/11/2008,SLN,KS,ACE,CE,Federal Contract Tower,0,11,20,5,36,0,3,54,5,62,0,14,74,10,98,56,2,58,156
01/12/2008,SLN,KS,ACE,CE,Federal Contract Tower,0,6,18,1,25,0,0,25,1,26,0,6,43,2,51,16,6,22,73
01/13/2008,SLN,KS,ACE,CE,Federal Contract Tower,0,4,7,0,11,0,0,24,0,24,0,4,31,0,35,34,0,34,69
01/14/2008,SLN,KS,ACE,CE,Federal Contract Tower,0,5,32,1,38,0,0,17,3,20,0,5,49,4,58,28,2,30,88
01/15/2008,SLN,KS,ACE,CE,Federal Contract Tower,0,15,18,2,35,0,2,64,0,66,0,17,82,2,101,72,2,74,175
01/16/2008,SLN,KS,ACE,CE,Federal Contract Tower,0,9,17,0,26,0,2,0,0,2,0,11,17,0,28,0,0,0,28
01/17/2008,SLN,KS,ACE,CE,Federal Contract Tower,0,6,36,0,42,0,0,39,9,48,0,6,75,9,90,42,4,46,136
01/18/2008,SLN,KS,ACE,CE,Federal Contract Tower,0,13,39,0,52,0,0,27,0,27,0,13,66,0,79,58,0,58,137
01/19/2008,SLN,KS,ACE,CE,Federal Contract Tower,0,5,13,0,18,0,0,21,0,21,0,5,34,0,39,12,0,12,51
01/20/2008,SLN,KS,ACE,CE,Federal Contract Tower,0,8,25,0,33,0,0,28,0,28,0,8,53,0,61,32,0,32,93
01/21/2008,SLN,KS,ACE,CE,Federal Contract Tower,0,15,19,0,34,0,0,11,0,11,0,15,30,0,45,30,0,30,75
01/22/2008,SLN,KS,ACE,CE,Federal Contract Tower,0,14,41,5,60,0,3,105,6,114,0,17,146,11,174,164,18,182,356
01/23/2008,SLN,KS,ACE,CE,Federal Contract Tower,0,18,21,1,40,0,2,66,11,79,0,20,87,12,119,128,12,140,259
01/24/2008,SLN,KS,ACE,CE,Federal Contract Tower,0,10,22,3,35,0,5,105,6,116,0,15,127,9,151,148,2,150,301
01/25/2008,SLN,KS,ACE,CE,Federal Contract Tower,0,5,23,0,28,0,0,91,2,93,0,5,114,2,121,98,0,98,219
01/26/2008,SLN,KS,ACE,CE,Federal Contract Tower,0,14,20,0,34,0,0,64,0,64,0,14,84,0,98,108,0,108,206
01/27/2008,SLN,KS,ACE,CE,Federal Contract Tower,0,10,21,2,33,0,0,43,0,43,0,10,64,2,76,50,4,54,130
01/28/2008,SLN,KS,ACE,CE,Federal Contract Tower,0,13,31,3,47,0,0,51,1,52,0,13,82,4,99,54,0,54,153
01/29/2008,SLN,KS,ACE,CE,Federal Contract Tower,0,13,26,5,44,0,0,11,0,11,0,13,37,5,55,26,36,62,117
01/30/2008,SLN,KS,ACE,CE,Federal Contract Tower,0,9,29,3,41,0,0,91,3,94,0,9,120,6,135,126,12,138,273
01/31/2008,SLN,KS,ACE,CE,Federal Contract Tower,0,12,18,0,30,0,2,5,0,7,0,14,23,0,37,24,0,24,61
02/01/2008,SLN,KS,ACE,CE,Federal Contract Tower,0,24,45,0,69,0,4,108,8,120,0,28,153,8,189,158,14,172,361
02/02/2008,SLN,KS,ACE,CE,Federal Contract Tower,0,12,24,3,39,0,0,61,0,61,0,12,85,3,100,82,4,86,186
02/03/2008,SLN,KS,ACE,CE,Federal Contract Tower,0,14,27,0,41,0,0,8,0,8,0,14,35,0,49,0,0,0,49
02/04/2008,SLN,KS,ACE,CE,Federal Contract Tower,0,13,60,2,75,0,0,73,1,74,0,13,133,3,149,122,0,122,271
02/05/2008,SLN,KS,ACE,CE,Federal Contract Tower,0,15,15,0,30,0,0,0,0,0,0,15,15,0,30,0,0,0,30
02/06/2008,SLN,KS,ACE,CE,Federal Contract Tower,0,11,33,0,44,0,1,49,2,52,0,12,82,2,96,88,2,90,186
02/07/2008,SLN,KS,ACE,CE,Federal Contract Tower,0,12,37,1,50,0,2,96,4,102,0,14,133,5,152,198,0,198,350
02/08/2008,SLN,KS,ACE,CE,Federal Contract Tower,0,11,27,2,40,0,1,100,0,101,0,12,127,2,141,150,0,150,291
02/09/2008,SLN,KS,ACE,CE,Federal Contract Tower,0,12,22,0,34,0,0,48,2,50,0,12,70,2,84,52,0,52,136
02/10/2008,SLN,KS,ACE,CE,Federal Contract Tower,0,4,31,0,35,0,0,36,0,36,0,4,67,0,71,30,0,30,101
02/11/2008,SLN,KS,ACE,CE,Federal Contract Tower,0,13,34,0,47,0,5,98,0,103,0,18,132,0,150,214,0,214,364
02/12/2008,SLN,KS,ACE,CE,Federal Contract Tower,0,15,32,0,47,0,3,115,10,128,0,18,147,10,175,190,10,200,375
02/13/2008,SLN,KS,ACE,CE,Federal Contract Tower,0,13,25,3,41,0,2,112,6,120,0,15,137,9,161,204,6,210,371
02/14/2008,SLN,KS,ACE,CE,Federal Contract Tower,0,16,25,1,42,0,0,24,3,27,0,16,49,4,69,38,2,40,109
02/15/2008,SLN,KS,ACE,CE,Federal Contract Tower,0,9,38,3,50,0,0,102,3,105,0,9,140,6,155,252,0,252,407
02/16/2008,SLN,KS,ACE,CE,Federal Contract Tower,0,10,15,1,26,0,0,18,0,18,0,10,33,1,44,48,0,48,92
02/17/2008,SLN,KS,ACE,CE,Federal Contract Tower,0,10,16,0,26,0,1,9,1,11,0,11,25,1,37,8,0,8,45
02/18/2008,SLN,KS,ACE,CE,Federal Contract Tower,0,15,21,0,36,0,0,100,0,100,0,15,121,0,136,220,0,220,356
02/19/2008,SLN,KS,ACE,CE,Federal Contract Tower,0,10,35,0,45,0,1,144,6,151,0,11,179,6,196,248,0,248,444
02/20/2008,SLN,KS,ACE,CE,Federal Contract Tower,0,16,33,3,52,0,2,103,9,114,0,18,136,12,166,162,16,178,344
02/21/2008,SLN,KS,ACE,CE,Federal Contract Tower,0,11,18,0,29,0,0,0,8,8,0,11,18,8,37,0,0,0,37
02/22/2008,SLN,KS,ACE,CE,Federal Contract Tower,0,7,32,2,41,0,0,83,15,98,0,7,115,17,139,132,42,174,313
02/23/2008,SLN,KS,ACE,CE,Federal Contract Tower,0,8,22,0,30,0,0,0,0,0,0,8,22,0,30,0,0,0,30
02/24/2008,SLN,KS,ACE,CE,Federal Contract Tower,0,4,22,0,26,0,0,4,0,4,0,4,26,0,30,0,0,0,30
02/25/2008,SLN,KS,ACE,CE,Federal Contract Tower,0,14,21,1,36,0,0,30,2,32,0,14,51,3,68,28,7,35,103
02/26/2008,SLN,KS,ACE,CE,Federal Contract Tower,0,18,25,3,46,0,0,76,13,89,0,18,101,16,135,106,8,114,249
02/27/2008,SLN,KS,ACE,CE,Federal Contract Tower,0,21,26,1,48,0,0,115,13,128,0,21,141,14,176,206,10,216,392
02/28/2008,SLN,KS,ACE,CE,Federal Contract Tower,0,10,24,10,44,0,0,102,5,107,0,10,126,15,151,228,6,234,385
02/29/2008,SLN,KS,ACE,CE,Federal Contract Tower,0,7,39,2,48,0,0,120,14,134,0,7,159,16,182,153,8,161,343
03/01/2008,SLN,KS,ACE,CE,Federal Contract Tower,0,10,16,2,28,0,8,16,7,31,0,18,32,9,59,30,0,30,89
03/02/2008,SLN,KS,ACE,CE,Federal Contract Tower,0,8,21,0,29,0,0,1,0,1,0,8,22,0,30,0,0,0,30
03/03/2008,SLN,KS,ACE,CE,Federal Contract Tower,0,12,35,4,51,0,10,62,5,77,0,22,97,9,128,120,16,136,264
03/04/2008,SLN,KS,ACE,CE,Federal Contract Tower,0,19,21,3,43,0,29,136,13,178,0,48,157,16,221,216,24,240,461
03/05/2008,SLN,KS,ACE,CE,Federal Contract Tower,0,9,40,0,49,0,18,43,1,62,0,27,83,1,111,114,0,114,225
03/06/2008,SLN,KS,ACE,CE,Federal Contract Tower,0,11,37,9,57,0,49,42,9,100,0,60,79,18,157,184,40,224,381
03/07/2008,SLN,KS,ACE,CE,Federal Contract Tower,0,10,27,4,41,0,4,49,12,65,0,14,76,16,106,150,14,164,270
03/08/2008,SLN,KS,ACE,CE,Federal Contract Tower,0,9,31,2,42,0,5,42,2,49,0,14,73,4,91,50,0,50,141
03/09/2008,SLN,KS,ACE,CE,Federal Contract Tower,0,10,36,0,46,0,5,45,0,50,0,15,81,0,96,88,0,88,184
03/10/2008,SLN,KS,ACE,CE,Federal Contract Tower,0,13,36,2,51,0,23,112,4,139,0,36,148,6,190,288,0,288,478
03/11/2008,SLN,KS,ACE,CE,Federal Contract Tower,0,12,31,4,47,0,31,88,8,127,0,43,119,12,174,211,17,228,402
03/12/2008,SLN,KS,ACE,CE,Federal Contract Tower,0,11,45,3,59,0,29,66,7,102,0,40,111,10,161,260,4,264,425
03/13/2008,SLN,KS,ACE,CE,Federal Contract Tower,0,14,16,13,43,0,22,52,5,79,0,36,68,18,122,188,38,226,348
03/14/2008,SLN,KS,ACE,CE,Federal Contract Tower,0,11,41,2,54,0,34,23,0,57,0,45,64,2,111,81,0,81,192
03/15/2008,SLN,KS,ACE,CE,Federal Contract Tower,0,15,42,0,57,0,0,12,0,12,0,15,54,0,69,18,0,18,87
03/16/2008,SLN,KS,ACE,CE,Federal Contract Tower,0,10,31,0,41,0,0,0,0,0,0,10,31,0,41,0,0,0,41
03/17/2008,SLN,KS,ACE,CE,Federal Contract Tower,0,11,15,0,26,0,0,0,0,0,0,11,15,0,26,0,0,0,26
03/18/2008,SLN,KS,ACE,CE,Federal Contract Tower,2,15,49,8,74,0,8,35,1,44,2,23,84,9,118,49,62,111,229
03/19/2008,SLN,KS,ACE,CE,Federal Contract Tower,0,8,29,2,39,0,6,78,5,89,0,14,107,7,128,74,2,76,204
03/20/2008,SLN,KS,ACE,CE,Federal Contract Tower,0,15,37,6,58,0,14,44,7,65,0,29,81,13,123,58,10,68,191
03/21/2008,SLN,KS,ACE,CE,Federal Contract Tower,0,9,22,5,36,0,7,33,5,45,0,16,55,10,81,20,0,20,101
03/22/2008,SLN,KS,ACE,CE,Federal Contract Tower,0,3,28,0,31,0,3,30,2,35,0,6,58,2,66,46,0,46,112
03/23/2008,SLN,KS,ACE,CE,Federal Contract Tower,0,4,22,0,26,0,0,16,0,16,0,4,38,0,42,2,0,2,44
03/24/2008,SLN,KS,ACE,CE,Federal Contract Tower,0,10,22,1,33,0,10,35,3,48,0,20,57,4,81,60,2,62,143
03/25/2008,SLN,KS,ACE,CE,Federal Contract Tower,0,10,26,2,38,0,33,84,4,121,0,43,110,6,159,158,2,160,319
03/26/2008,SLN,KS,ACE,CE,Federal Contract Tower,0,25,42,1,68,0,11,37,8,56,0,36,79,9,124,132,12,144,268
03/27/2008,SLN,KS,ACE,CE,Federal Contract Tower,0,10,28,0,38,0,0,5,0,5,0,10,33,0,43,0,0,0,43
03/28/2008,SLN,KS,ACE,CE,Federal Contract Tower,0,15,47,7,69,0,0,25,4,29,0,15,72,11,98,77,0,77,175
03/29/2008,SLN,KS,ACE,CE,Federal Contract Tower,0,9,14,0,23,0,0,17,1,18,0,9,31,1,41,26,0,26,67
03/30/2008,SLN,KS,ACE,CE,Federal Contract Tower,0,10,15,1,26,0,0,0,0,0,0,10,15,1,26,0,0,0,26
03/31/2008,SLN,KS,ACE,CE,Federal Contract Tower,0,12,22,5,39,0,4,4,0,8,0,16,26,5,47,51,0,51,98
04/01/2008,SLN,KS,ACE,CE,Federal Contract Tower,0,18,22,4,44,0,48,88,1,137,0,66,110,5,181,199,4,203,384
04/02/2008,SLN,KS,ACE,CE,Federal Contract Tower,0,17,20,11,48,0,42,92,5,139,0,59,112,16,187,188,10,198,385
04/03/2008,SLN,KS,ACE,CE,Federal Contract Tower,0,12,27,0,39,0,0,0,0,0,0,12,27,0,39,0,0,0,39
04/04/2008,SLN,KS,ACE,CE,Federal Contract Tower,0,22,26,5,53,0,31,102,2,135,0,53,128,7,188,256,0,256,444
04/05/2008,SLN,KS,ACE,CE,Federal Contract Tower,0,16,20,0,36,0,4,26,2,32,0,20,46,2,68,28,0,28,96
04/06/2008,SLN,KS,ACE,CE,Federal Contract Tower,0,11,12,0,23,0,1,44,3,48,0,12,56,3,71,54,16,70,141
04/07/2008,SLN,KS,ACE,CE,Federal Contract Tower,0,16,28,3,47,0,14,57,2,73,0,30,85,5,120,126,4,130,250
04/08/2008,SLN,KS,ACE,CE,Federal Contract Tower,2,13,25,2,42,0,3,2,0,5,2,16,27,2,47,66,2,68,115
04/09/2008,SLN,KS,ACE,CE,Federal Contract Tower,0,21,31,6,58,0,12,51,2,65,0,33,82,8,123,184,12,196,319
04/10/2008,SLN,KS,ACE,CE,Federal Contract Tower,0,18,17,2,37,0,1,3,2,6,0,19,20,4,43,0,0,0,43
04/11/2008,SLN,KS,ACE,CE,Federal Contract Tower,0,17,36,0,53,0,2,4,4,10,0,19,40,4,63,2,0,2,65
04/12/2008,SLN,KS,ACE,CE,Federal Contract Tower,0,16,15,0,31,0,0,15,0,15,0,16,30,0,46,41,0,41,87
04/13/2008,SLN,KS,ACE,CE,Federal Contract Tower,0,28,25,4,57,0,2,45,1,48,0,30,70,5,105,94,0,94,199
04/14/2008,SLN,KS,ACE,CE,Federal Contract Tower,0,11,27,1,39,0,34,112,6,152,0,45,139,7,191,240,4,244,435
04/15/2008,SLN,KS,ACE,CE,Federal Contract Tower,0,20,27,3,50,0,14,17,8,39,0,34,44,11,89,24,8,32,121
04/16/2008,SLN,KS,ACE,CE,Federal Contract Tower,0,20,17,4,41,0,22,54,10,86,0,42,71,14,127,151,4,155,282
04/17/2008,SLN,KS,ACE,CE,Federal Contract Tower,0,15,20,0,35,0,0,0,0,0,0,15,20,0,35,0,0,0,35
04/18/2008,SLN,KS,ACE,CE,Federal Contract Tower,0,14,32,3,49,0,12,48,11,71,0,26,80,14,120,100,12,112,232
04/19/2008,SLN,KS,ACE,CE,Federal Contract Tower,0,16,26,0,42,0,3,80,1,84,0,19,106,1,126,114,8,122,248
04/20/2008,SLN,KS,ACE,CE,Federal Contract Tower,0,16,33,0,49,0,0,21,0,21,0,16,54,0,70,36,0,36,106
04/21/2008,SLN,KS,ACE,CE,Federal Contract Tower,0,18,29,0,47,0,16,82,0,98,0,34,111,0,145,257,0,257,402
04/22/2008,SLN,KS,ACE,CE,Federal Contract Tower,0,19,33,0,52,0,34,93,3,130,0,53,126,3,182,166,1,167,349
04/23/2008,SLN,KS,ACE,CE,Federal Contract Tower,0,14,7,4,25,0,2,12,7,21,0,16,19,11,46,51,22,73,119
04/24/2008,SLN,KS,ACE,CE,Federal Contract Tower,0,17,33,5,55,0,1,8,2,11,0,18,41,7,66,22,14,36,102
04/25/2008,SLN,KS,ACE,CE,Federal Contract Tower,0,21,27,0,48,0,0,23,4,27,0,21,50,4,75,48,0,48,123
04/26/2008,SLN,KS,ACE,CE,Federal Contract Tower,0,13,15,0,28,0,12,30,0,42,0,25,45,0,70,81,0,81,151
04/27/2008,SLN,KS,ACE,CE,Federal Contract Tower,0,10,22,1,33,0,4,40,0,44,0,14,62,1,77,46,0,46,123
04/28/2008,SLN,KS,ACE,CE,Federal Contract Tower,0,18,31,2,51,0,36,71,0,107,0,54,102,2,158,146,2,148,306
04/29/2008,SLN,KS,ACE,CE,Federal Contract Tower,0,20,23,8,51,0,34,57,3,94,0,54,80,11,145,137,21,158,303
04/30/2008,SLN,KS,ACE,CE,Federal Contract Tower,0,21,20,4,45,0,17,32,3,52,0,38,52,7,97,149,42,191,288
05/01/2008,SLN,KS,ACE,CE,Federal Contract Tower,0,21,24,1,46,0,21,63,3,87,0,42,87,4,133,112,2,114,247
05/02/2008,SLN,KS,ACE,CE,Federal Contract Tower,0,19,14,0,33,0,14,15,12,41,0,33,29,12,74,21,10,31,105
05/03/2008,SLN,KS,ACE,CE,Federal Contract Tower,0,15,18,0,33,0,8,38,2,48,0,23,56,2,81,39,0,39,120
05/04/2008,SLN,KS,ACE,CE,Federal Contract Tower,0,15,19,0,34,0,3,64,7,74,0,18,83,7,108,72,8,80,188
05/05/2008,SLN,KS,ACE,CE,Federal Contract Tower,0,16,13,2,31,0,9,26,0,35,0,25,39,2,66,55,0,55,121
05/06/2008,SLN,KS,ACE,CE,Federal Contract Tower,0,25,29,0,54,0,12,12,1,25,0,37,41,1,79,90,0,90,169
05/07/2008,SLN,KS,ACE,CE,Federal Contract Tower,0,23,22,2,47,0,18,10,0,28,0,41,32,2,75,146,0,146,221
05/08/2008,SLN,KS,ACE,CE,Federal Contract Tower,0,23,27,0,50,0,33,73,2,108,0,56,100,2,158,198,0,198,356
05/09/2008,SLN,KS,ACE,CE,Federal Contract Tower,0,20,35,0,55,0,13,45,1,59,0,33,80,1,114,140,0,140,254
05/10/2008,SLN,KS,ACE,CE,Federal Contract Tower,0,14,12,1,27,0,0,10,1,11,0,14,22,2,38,0,0,0,38
05/11/2008,SLN,KS,ACE,CE,Federal Contract Tower,0,17,19,3,39,0,3,49,0,52,0,20,68,3,91,110,0,110,201
05/12/2008,SLN,KS,ACE,CE,Federal Contract Tower,0,17,20,6,43,0,22,33,2,57,0,39,53,8,100,108,34,142,242
05/13/2008,SLN,KS,ACE,CE,Federal Contract Tower,0,22,30,3,55,0,19,49,1,69,0,41,79,4,124,155,6,161,285
05/14/2008,SLN,KS,ACE,CE,Federal Contract Tower,0,29,25,2,56,0,16,82,2,100,0,45,107,4,156,198,0,198,354
05/15/2008,SLN,KS,ACE,CE,Federal Contract Tower,0,23,25,5,53,0,20,59,7,86,0,43,84,12,139,195,0,195,334
05/16/2008,SLN,KS,ACE,CE,Federal Contract Tower,0,20,19,1,40,0,20,39,4,63,0,40,58,5,103,132,0,132,235
05/17/2008,SLN,KS,ACE,CE,Federal Contract Tower,0,12,16,0,28,0,4,46,0,50,0,16,62,0,78,73,0,73,151
05/18/2008,SLN,KS,ACE,CE,Federal Contract Tower,0,12,29,3,44,0,4,42,1,47,0,16,71,4,91,42,10,52,143
05/19/2008,SLN,KS,ACE,CE,Federal Contract Tower,0,21,20,0,41,0,20,62,0,82,0,41,82,0,123,151,0,151,274
05/20/2008,SLN,KS,ACE,CE,Federal Contract Tower,0,19,21,1,41,0,34,56,5,95,0,53,77,6,136,124,21,145,281
05/21/2008,SLN,KS,ACE,CE,Federal Contract Tower,0,22,27,0,49,0,18,51,3,72,0,40,78,3,121,116,0,116,237
05/22/2008,SLN,KS,ACE,CE,Federal Contract Tower,0,30,38,1,69,0,6,17,11,34,0,36,55,12,103,42,6,48,151
05/23/2008,SLN,KS,ACE,CE,Federal Contract Tower,0,20,12,0,32,0,4,4,7,15,0,24,16,7,47,22,8,30,77
05/24/2008,SLN,KS,ACE,CE,Federal Contract Tower,0,10,9,0,19,0,3,12,0,15,0,13,21,0,34,1,0,1,35
05/25/2008,SLN,KS,ACE,CE,Federal Contract Tower,0,9,6,0,15,0,3,8,0,11,0,12,14,0,26,0,0,0,26
05/26/2008,SLN,KS,ACE,CE,Federal Contract Tower,0,12,12,0,24,0,1,15,0,16,0,13,27,0,40,18,0,18,58
05/27/2008,SLN,KS,ACE,CE,Federal Contract Tower,0,18,21,2,41,0,2,22,4,28,0,20,43,6,69,28,6,34,103
05/28/2008,SLN,KS,ACE,CE,Federal Contract Tower,0,17,22,7,46,0,0,2,0,2,0,17,24,7,48,0,0,0,48
05/29/2008,SLN,KS,ACE,CE,Federal Contract Tower,0,23,17,3,43,0,4,4,2,10,0,27,21,5,53,3,0,3,56
05/30/2008,SLN,KS,ACE,CE,Federal Contract Tower,0,18,15,9,42,0,30,47,4,81,0,48,62,13,123,149,10,159,282
05/31/2008,SLN,KS,ACE,CE,Federal Contract Tower,1,13,8,0,22,0,5,45,2,52,1,18,53,2,74,64,0,64,138
06/01/2008,SLN,KS,ACE,CE,Federal Contract Tower,0,8,19,2,29,0,0,34,0,34,0,8,53,2,63,54,0,54,117
06/02/2008,SLN,KS,ACE,CE,Federal Contract Tower,0,16,27,5,48,0,5,43,5,53,0,21,70,10,101,109,0,109,210
06/03/2008,SLN,KS,ACE,CE,Federal Contract Tower,0,18,32,5,55,0,17,110,10,137,0,35,142,15,192,192,2,194,386
06/04/2008,SLN,KS,ACE,CE,Federal Contract Tower,0,17,23,5,45,0,24,33,3,60,0,41,56,8,105,163,34,197,302
06/05/2008,SLN,KS,ACE,CE,Federal Contract Tower,0,12,22,0,34,0,8,10,2,20,0,20,32,2,54,11,0,11,65
06/06/2008,SLN,KS,ACE,CE,Federal Contract Tower,0,16,11,2,29,0,18,45,4,67,0,34,56,6,96,120,0,120,216
06/07/2008,SLN,KS,ACE,CE,Federal Contract Tower,0,15,8,1,24,0,3,21,10,34,0,18,29,11,58,12,6,18,76
06/08/2008,SLN,KS,ACE,CE,Federal Contract Tower,2,10,21,0,33,0,0,6,0,6,2,10,27,0,39,10,0,10,49
06/09/2008,SLN,KS,ACE,CE,Federal Contract Tower,0,17,19,2,38,0,7,50,11,68,0,24,69,13,106,130,24,154,260
06/10/2008,SLN,KS,ACE,CE,Federal Contract Tower,0,17,7,0,24,0,7,49,11,67,0,24,56,11,91,114,6,120,211
06/11/2008,SLN,KS,ACE,CE,Federal Contract Tower,0,21,30,0,51,0,7,11,7,25,0,28,41,7,76,14,7,21,97
06/12/2008,SLN,KS,ACE,CE,Federal Contract Tower,2,28,29,0,59,0,21,55,8,84,2,49,84,8,143,133,0,133,276
06/13/2008,SLN,KS,ACE,CE,Federal Contract Tower,0,21,17,2,40,0,16,33,15,64,0,37,50,17,104,75,2,77,181
06/14/2008,SLN,KS,ACE,CE,Federal Contract Tower,3,12,16,0,31,0,0,35,0,35,3,12,51,0,66,26,0,26,92
06/15/2008,SLN,KS,ACE,CE,Federal Contract Tower,1,18,19,0,38,0,0,30,3,33,1,18,49,3,71,20,0,20,91
06/16/2008,SLN,KS,ACE,CE,Federal Contract Tower,0,12,20,5,37,0,10,68,26,104,0,22,88,31,141,141,8,149,290
06/17/2008,SLN,KS,ACE,CE,Federal Contract Tower,0,21,28,4,53,0,13,74,13,100,0,34,102,17,153,222,41,263,416
06/18/2008,SLN,KS,ACE,CE,Federal Contract Tower,0,28,21,4,53,0,28,70,11,109,0,56,91,15,162,216,10,226,388
06/19/2008,SLN,KS,ACE,CE,Federal Contract Tower,0,20,21,5,46,0,25,46,8,79,0,45,67,13,125,152,30,182,307
06/20/2008,SLN,KS,ACE,CE,Federal Contract Tower,2,21,15,4,42,0,22,45,11,78,2,43,60,15,120,59,2,61,181
06/21/2008,SLN,KS,ACE,CE,Federal Contract Tower,0,13,25,4,42,0,2,50,6,58,0,15,75,10,100,38,16,54,154
06/22/2008,SLN,KS,ACE,CE,Federal Contract Tower,0,24,25,0,49,0,1,39,1,41,0,25,64,1,90,10,14,24,114
06/23/2008,SLN,KS,ACE,CE,Federal Contract Tower,0,18,23,7,48,0,2,52,11,65,0,20,75,18,113,98,18,116,229
06/24/2008,SLN,KS,ACE,CE,Federal Contract Tower,0,18,14,1,33,0,26,69,5,100,0,44,83,6,133,194,3,197,330
06/25/2008,SLN,KS,ACE,CE,Federal Contract Tower,0,32,17,2,51,0,38,32,5,75,0,70,49,7,126,130,4,134,260
06/26/2008,SLN,KS,ACE,CE,Federal Contract Tower,0,19,21,4,44,0,31,66,6,103,0,50,87,10,147,99,0,99,246
06/27/2008,SLN,KS,ACE,CE,Federal Contract Tower,0,19,25,4,48,0,16,37,21,74,0,35,62,25,122,66,4,70,192
06/28/2008,SLN,KS,ACE,CE,Federal Contract Tower,0,11,22,0,33,0,8,22,2,32,0,19,44,2,65,82,0,82,147
06/29/2008,SLN,KS,ACE,CE,Federal Contract Tower,0,18,23,0,41,0,2,36,0,38,0,20,59,0,79,60,0,60,139
06/30/2008,SLN,KS,ACE,CE,Federal Contract Tower,0,19,15,2,36,0,18,60,0,78,0,37,75,2,114,183,26,209,323
07/01/2008,SLN,KS,ACE,CE,Federal Contract Tower,0,21,25,0,46,0,39,49,1,89,0,60,74,1,135,155,0,155,290
07/02/2008,SLN,KS,ACE,CE,Federal Contract Tower,0,25,20,7,52,0,27,46,5,78,0,52,66,12,130,132,17,149,279
07/03/2008,SLN,KS,ACE,CE,Federal Contract Tower,0,21,31,0,52,0,31,34,0,65,0,52,65,0,117,170,0,170,287
07/04/2008,SLN,KS,ACE,CE,Federal Contract Tower,2,12,4,0,18,0,2,19,0,21,2,14,23,0,39,10,0,10,49
07/05/2008,SLN,KS,ACE,CE,Federal Contract Tower,0,11,8,0,19,0,2,22,0,24,0,13,30,0,43,10,0,10,53
07/06/2008,SLN,KS,ACE,CE,Federal Contract Tower,2,22,20,0,44,0,0,31,0,31,2,22,51,0,75,32,0,32,107
07/07/2008,SLN,KS,ACE,CE,Federal Contract Tower,0,22,28,0,50,0,9,46,0,55,0,31,74,0,105,65,0,65,170
07/08/2008,SLN,KS,ACE,CE,Federal Contract Tower,0,12,20,1,33,0,4,34,0,38,0,16,54,1,71,67,0,67,138
07/09/2008,SLN,KS,ACE,CE,Federal Contract Tower,0,21,24,4,49,0,36,66,2,104,0,57,90,6,153,198,15,213,366
07/10/2008,SLN,KS,ACE,CE,Federal Contract Tower,0,24,34,3,61,0,37,55,2,94,0,61,89,5,155,229,32,261,416
07/11/2008,SLN,KS,ACE,CE,Federal Contract Tower,0,15,18,0,33,0,8,23,2,33,0,23,41,2,66,42,0,42,108
07/12/2008,SLN,KS,ACE,CE,Federal Contract Tower,0,13,14,0,27,0,0,17,2,19,0,13,31,2,46,18,0,18,64
07/13/2008,SLN,KS,ACE,CE,Federal Contract Tower,0,17,18,0,35,0,1,50,0,51,0,18,68,0,86,62,0,62,148
07/14/2008,SLN,KS,ACE,CE,Federal Contract Tower,0,17,10,0,27,0,26,58,0,84,0,43,68,0,111,122,0,122,233
07/15/2008,SLN,KS,ACE,CE,Federal Contract Tower,0,15,12,0,27,0,21,93,2,116,0,36,105,2,143,86,0,86,229
07/16/2008,SLN,KS,ACE,CE,Federal Contract Tower,0,20,38,3,61,0,21,59,18,98,0,41,97,21,159,115,2,117,276
07/17/2008,SLN,KS,ACE,CE,Federal Contract Tower,0,22,34,3,59,0,17,44,4,65,0,39,78,7,124,128,0,128,252
07/18/2008,SLN,KS,ACE,CE,Federal Contract Tower,0,26,30,0,56,0,4,24,0,28,0,30,54,0,84,27,0,27,111
07/19/2008,SLN,KS,ACE,CE,Federal Contract Tower,0,19,13,0,32,0,3,36,4,43,0,22,49,4,75,48,0,48,123
07/20/2008,SLN,KS,ACE,CE,Federal Contract Tower,0,16,29,6,51,0,3,31,0,34,0,19,60,6,85,12,0,12,97
07/21/2008,SLN,KS,ACE,CE,Federal Contract Tower,0,19,30,0,49,0,11,54,0,65,0,30,84,0,114,98,0,98,212
07/22/2008,SLN,KS,ACE,CE,Federal Contract Tower,0,20,23,0,43,0,8,41,2,51,0,28,64,2,94,86,0,86,180
07/23/2008,SLN,KS,ACE,CE,Federal Contract Tower,0,17,17,0,34,0,11,58,11,80,0,28,75,11,114,111,0,111,225
07/24/2008,SLN,KS,ACE,CE,Federal Contract Tower,0,22,27,0,49,0,10,57,4,71,0,32,84,4,120,81,0,81,201
07/25/2008,SLN,KS,ACE,CE,Federal Contract Tower,0,25,21,3,49,0,8,37,8,53,0,33,58,11,102,33,0,33,135
07/26/2008,SLN,KS,ACE,CE,Federal Contract Tower,0,12,17,0,29,0,0,35,0,35,0,12,52,0,64,28,0,28,92
07/27/2008,SLN,KS,ACE,CE,Federal Contract Tower,0,14,30,2,46,0,0,29,0,29,0,14,59,2,75,0,0,0,75
07/28/2008,SLN,KS,ACE,CE,Federal Contract Tower,0,11,14,0,25,0,5,39,2,46,0,16,53,2,71,44,16,60,131
07/29/2008,SLN,KS,ACE,CE,Federal Contract Tower,0,19,18,0,37,0,0,10,2,12,0,19,28,2,49,14,0,14,63
07/30/2008,SLN,KS,ACE,CE,Federal Contract Tower,0,23,27,1,51,0,5,21,1,27,0,28,48,2,78,26,0,26,104
07/31/2008,SLN,KS,ACE,CE,Federal Contract Tower,0,16,25,0,41,0,10,41,9,60,0,26,66,9,101,38,2,40,141
08/01/2008,SLN,KS,ACE,CE,Federal Contract Tower,0,19,19,1,39,0,15,21,1,37,0,34,40,2,76,48,0,48,124
08/02/2008,SLN,KS,ACE,CE,Federal Contract Tower,0,20,5,0,25,0,1,36,1,38,0,21,41,1,63,16,0,16,79
08/03/2008,SLN,KS,ACE,CE,Federal Contract Tower,0,13,34,0,47,0,0,29,4,33,0,13,63,4,80,12,0,12,92
08/04/2008,SLN,KS,ACE,CE,Federal Contract Tower,0,18,43,2,63,0,0,0,0,0,0,18,43,2,63,64,0,64,127
08/05/2008,SLN,KS,ACE,CE,Federal Contract Tower,2,21,32,2,57,0,7,24,3,34,2,28,56,5,91,77,0,77,168
08/06/2008,SLN,KS,ACE,CE,Federal Contract Tower,0,15,15,0,30,0,0,39,0,39,0,15,54,0,69,62,0,62,131
08/07/2008,SLN,KS,ACE,CE,Federal Contract Tower,0,16,26,0,42,0,0,4,0,4,0,16,30,0,46,4,0,4,50
08/08/2008,SLN,KS,ACE,CE,Federal Contract Tower,0,16,13,2,31,0,49,48,6,103,0,65,61,8,134,80,1,81,215
08/09/2008,SLN,KS,ACE,CE,Federal Contract Tower,0,13,8,0,21,0,0,0,0,0,0,13,8,0,21,0,0,0,21
08/10/2008,SLN,KS,ACE,CE,Federal Contract Tower,0,15,13,0,28,0,0,16,0,16,0,15,29,0,44,2,0,2,46
08/11/2008,SLN,KS,ACE,CE,Federal Contract Tower,0,16,26,4,46,0,0,0,0,0,0,16,26,4,46,48,28,76,122
08/12/2008,SLN,KS,ACE,CE,Federal Contract Tower,0,17,31,0,48,0,22,49,0,71,0,39,80,0,119,79,0,79,198
08/13/2008,SLN,KS,ACE,CE,Federal Contract Tower,0,14,35,0,49,0,15,58,3,76,0,29,93,3,125,119,0,119,244
08/14/2008,SLN,KS,ACE,CE,Federal Contract Tower,0,21,34,3,58,0,26,37,2,65,0,47,71,5,123,36,0,36,159
08/15/2008,SLN,KS,ACE,CE,Federal Contract Tower,0,11,21,1,33,0,11,38,2,51,0,22,59,3,84,73,0,73,157
08/16/2008,SLN,KS,ACE,CE,Federal Contract Tower,0,11,9,0,20,0,0,18,0,18,0,11,27,0,38,22,0,22,60
08/17/2008,SLN,KS,ACE,CE,Federal Contract Tower,0,12,19,2,33,0,0,16,1,17,0,12,35,3,50,14,0,14,64
08/18/2008,SLN,KS,ACE,CE,Federal Contract Tower,0,17,15,4,36,0,1,23,0,24,0,18,38,4,60,18,58,76,136
08/19/2008,SLN,KS,ACE,CE,Federal Contract Tower,0,20,22,1,43,0,3,12,0,15,0,23,34,1,58,28,0,28,86
08/20/2008,SLN,KS,ACE,CE,Federal Contract Tower,0,19,37,0,56,0,8,25,4,37,0,27,62,4,93,48,0,48,141
08/21/2008,SLN,KS,ACE,CE,Federal Contract Tower,0,17,29,0,46,0,4,14,0,18,0,21,43,0,64,10,0,10,74
08/22/2008,SLN,KS,ACE,CE,Federal Contract Tower,2,16,25,2,45,0,9,43,6,58,2,25,68,8,103,59,34,93,196
08/23/2008,SLN,KS,ACE,CE,Federal Contract Tower,0,15,11,0,26,0,2,26,0,28,0,17,37,0,54,18,0,18,72
08/24/2008,SLN,KS,ACE,CE,Federal Contract Tower,0,13,16,0,29,0,0,16,0,16,0,13,32,0,45,0,0,0,45
08/25/2008,SLN,KS,ACE,CE,Federal Contract Tower,0,16,17,0,33,0,6,20,0,26,0,22,37,0,59,70,0,70,129
08/26/2008,SLN,KS,ACE,CE,Federal Contract Tower,0,15,30,0,45,0,5,31,0,36,0,20,61,0,81,78,0,78,159
08/27/2008,SLN,KS,ACE,CE,Federal Contract Tower,0,19,23,2,44,0,21,60,4,85,0,40,83,6,129,87,14,101,230
08/28/2008,SLN,KS,ACE,CE,Federal Contract Tower,0,16,32,0,48,0,29,53,3,85,0,45,85,3,133,94,30,124,257
08/29/2008,SLN,KS,ACE,CE,Federal Contract Tower,0,16,19,0,35,0,18,44,0,62,0,34,63,0,97,120,0,120,217
08/30/2008,SLN,KS,ACE,CE,Federal Contract Tower,0,12,9,0,21,0,0,27,2,29,0,12,36,2,50,53,14,67,117
08/31/2008,SLN,KS,ACE,CE,Federal Contract Tower,0,14,15,0,29,0,0,14,0,14,0,14,29,0,43,0,0,0,43
09/01/2008,SLN,KS,ACE,CE,Federal Contract Tower,0,8,12,0,20,0,0,8,0,8,0,8,20,0,28,0,0,0,28
09/02/2008,SLN,KS,ACE,CE,Federal Contract Tower,0,14,12,0,26,0,1,3,0,4,0,15,15,0,30,16,0,16,46
09/03/2008,SLN,KS,ACE,CE,Federal Contract Tower,0,15,22,2,39,0,47,52,5,104,0,62,74,7,143,177,2,179,322
09/04/2008,SLN,KS,ACE,CE,Federal Contract Tower,0,17,27,1,45,0,67,63,10,140,0,84,90,11,185,158,30,188,373
09/05/2008,SLN,KS,ACE,CE,Federal Contract Tower,0,14,25,0,39,0,17,37,6,60,0,31,62,6,99,88,22,110,209
09/06/2008,SLN,KS,ACE,CE,Federal Contract Tower,0,16,11,0,27,0,1,4,4,9,0,17,15,4,36,0,5,5,41
09/07/2008,SLN,KS,ACE,CE,Federal Contract Tower,0,10,23,0,33,0,0,15,14,29,0,10,38,14,62,16,0,16,78
09/08/2008,SLN,KS,ACE,CE,Federal Contract Tower,0,15,18,1,34,0,0,4,0,4,0,15,22,1,38,18,0,18,56
09/09/2008,SLN,KS,ACE,CE,Federal Contract Tower,0,20,19,7,46,0,72,85,9,166,0,92,104,16,212,168,50,218,430
09/10/2008,SLN,KS,ACE,CE,Federal Contract Tower,4,20,38,6,68,0,12,9,3,24,4,32,47,9,92,79,12,91,183
09/11/2008,SLN,KS,ACE,CE,Federal Contract Tower,0,20,43,3,66,0,3,6,0,9,0,23,49,3,75,83,0,83,158
09/12/2008,SLN,KS,ACE,CE,Federal Contract Tower,0,20,27,1,48,0,0,0,0,0,0,20,27,1,48,0,0,0,48
09/13/2008,SLN,KS,ACE,CE,Federal Contract Tower,0,18,17,0,35,0,3,28,0,31,0,21,45,0,66,37,0,37,103
09/14/2008,SLN,KS,ACE,CE,Federal Contract Tower,0,14,10,0,24,0,6,13,0,19,0,20,23,0,43,4,0,4,47
09/15/2008,SLN,KS,ACE,CE,Federal Contract Tower,0,12,26,1,39,0,51,113,3,167,0,63,139,4,206,209,2,211,417
09/16/2008,SLN,KS,ACE,CE,Federal Contract Tower,0,28,27,2,57,0,60,115,3,178,0,88,142,5,235,181,0,181,416
09/17/2008,SLN,KS,ACE,CE,Federal Contract Tower,0,14,26,3,43,0,113,76,7,196,0,127,102,10,239,253,0,253,492
09/18/2008,SLN,KS,ACE,CE,Federal Contract Tower,2,21,30,5,58,0,87,64,14,165,2,108,94,19,223,246,36,282,505
09/19/2008,SLN,KS,ACE,CE,Federal Contract Tower,0,14,47,2,63,0,34,59,10,103,0,48,106,12,166,147,30,177,343
09/20/2008,SLN,KS,ACE,CE,Federal Contract Tower,0,14,27,0,41,0,5,52,0,57,0,19,79,0,98,86,0,86,184
09/21/2008,SLN,KS,ACE,CE,Federal Contract Tower,0,13,27,0,40,0,2,35,0,37,0,15,62,0,77,31,0,31,108
09/22/2008,SLN,KS,ACE,CE,Federal Contract Tower,0,18,25,2,45,0,17,41,1,59,0,35,66,3,104,72,3,75,179
09/23/2008,SLN,KS,ACE,CE,Federal Contract Tower,0,16,28,3,47,0,16,83,7,106,0,32,111,10,153,110,0,110,263
09/24/2008,SLN,KS,ACE,CE,Federal Contract Tower,0,19,34,0,53,0,63,90,5,158,0,82,124,5,211,315,0,315,526
09/25/2008,SLN,KS,ACE,CE,Federal Contract Tower,0,27,21,0,48,0,54,80,7,141,0,81,101,7,189,194,10,204,393
09/26/2008,SLN,KS,ACE,CE,Federal Contract Tower,0,21,33,7,61,0,47,66,4,117,0,68,99,11,178,154,2,156,334
09/27/2008,SLN,KS,ACE,CE,Federal Contract Tower,0,17,13,0,30,0,5,49,3,57,0,22,62,3,87,76,0,76,163
09/28/2008,SLN,KS,ACE,CE,Federal Contract Tower,0,15,17,0,32,0,7,41,0,48,0,22,58,0,80,84,0,84,164
09/29/2008,SLN,KS,ACE,CE,Federal Contract Tower,0,17,25,0,42,0,54,53,0,107,0,71,78,0,149,216,0,216,365
09/30/2008,SLN,KS,ACE,CE,Federal Contract Tower,0,15,6,0,21,0,72,78,3,153,0,87,84,3,174,277,0,277,451
10/01/2008,SLN,KS,ACE,CE,Federal Contract Tower,0,20,16,3,39,0,86,79,3,168,0,106,95,6,207,383,0,383,590
10/02/2008,SLN,KS,ACE,CE,Federal Contract Tower,4,20,21,2,47,0,99,61,1,161,4,119,82,3,208,210,0,210,418
10/03/2008,SLN,KS,ACE,CE,Federal Contract Tower,0,15,19,0,34,0,49,73,4,126,0,64,92,4,160,241,0,241,401
10/04/2008,SLN,KS,ACE,CE,Federal Contract Tower,6,14,12,1,33,0,3,13,12,28,6,17,25,13,61,8,2,10,71
10/05/2008,SLN,KS,ACE,CE,Federal Contract Tower,0,10,25,0,35,0,0,9,0,9,0,10,34,0,44,0,0,0,44
10/06/2008,SLN,KS,ACE,CE,Federal Contract Tower,2,17,20,1,40,0,0,2,0,2,2,17,22,1,42,0,0,0,42
10/07/2008,SLN,KS,ACE,CE,Federal Contract Tower,1,21,26,3,51,1,17,56,6,80,2,38,82,9,131,112,20,132,263
10/08/2008,SLN,KS,ACE,CE,Federal Contract Tower,0,24,33,3,60,0,86,45,1,132,0,110,78,4,192,254,0,254,446
10/09/2008,SLN,KS,ACE,CE,Federal Contract Tower,0,21,27,3,51,0,61,62,4,127,0,82,89,7,178,262,6,268,446
10/10/2008,SLN,KS,ACE,CE,Federal Contract Tower,1,23,21,2,47,1,33,54,7,95,2,56,75,9,142,88,4,92,234
10/11/2008,SLN,KS,ACE,CE,Federal Contract Tower,2,20,15,0,37,0,8,39,0,47,2,28,54,0,84,90,0,90,174
10/12/2008,SLN,KS,ACE,CE,Federal Contract Tower,0,10,26,0,36,0,0,11,0,11,0,10,37,0,47,0,0,0,47
10/13/2008,SLN,KS,ACE,CE,Federal Contract Tower,0,15,17,0,32,0,3,3,0,6,0,18,20,0,38,2,0,2,40
10/14/2008,SLN,KS,ACE,CE,Federal Contract Tower,0,18,21,4,43,0,3,14,0,17,0,21,35,4,60,44,0,44,104
10/15/2008,SLN,KS,ACE,CE,Federal Contract Tower,1,32,28,7,68,1,34,46,13,94,2,66,74,20,162,114,4,118,280
10/16/2008,SLN,KS,ACE,CE,Federal Contract Tower,2,19,31,1,53,0,42,98,26,166,2,61,129,27,219,174,0,174,393
10/17/2008,SLN,KS,ACE,CE,Federal Contract Tower,2,21,17,3,43,0,59,60,4,123,2,80,77,7,166,238,4,242,408
10/18/2008,SLN,KS,ACE,CE,Federal Contract Tower,0,16,10,13,39,0,11,40,6,57,0,27,50,19,96,72,10,82,178
10/19/2008,SLN,KS,ACE,CE,Federal Contract Tower,0,11,14,0,25,0,0,25,0,25,0,11,39,0,50,4,0,4,54
10/20/2008,SLN,KS,ACE,CE,Federal Contract Tower,0,17,19,6,42,0,40,34,5,79,0,57,53,11,121,201,2,203,324
10/21/2008,SLN,KS,ACE,CE,Federal Contract Tower,1,19,26,1,47,0,8,15,0,23,1,27,41,1,70,143,0,143,213
10/22/2008,SLN,KS,ACE,CE,Federal Contract Tower,0,18,8,0,26,0,1,1,0,2,0,19,9,0,28,0,0,0,28
10/23/2008,SLN,KS,ACE,CE,Federal Contract Tower,0,17,21,0,38,0,0,3,4,7,0,17,24,4,45,0,8,8,53
10/24/2008,SLN,KS,ACE,CE,Federal Contract Tower,0,23,19,0,42,0,16,40,6,62,0,39,59,6,104,116,0,116,220
10/25/2008,SLN,KS,ACE,CE,Federal Contract Tower,0,22,10,0,32,0,5,27,0,32,0,27,37,0,64,36,0,36,100
10/26/2008,SLN,KS,ACE,CE,Federal Contract Tower,0,16,31,0,47,0,0,21,0,21,0,16,52,0,68,6,0,6,74
10/27/2008,SLN,KS,ACE,CE,Federal Contract Tower,0,19,12,7,38,0,59,69,2,130,0,78,81,9,168,362,0,362,530
10/28/2008,SLN,KS,ACE,CE,Federal Contract Tower,0,16,17,0,33,0,104,72,0,176,0,120,89,0,209,280,0,280,489
10/29/2008,SLN,KS,ACE,CE,Federal Contract Tower,0,17,27,2,46,0,87,79,8,174,0,104,106,10,220,375,4,379,599
10/30/2008,SLN,KS,ACE,CE,Federal Contract Tower,1,19,17,2,39,0,60,57,16,133,1,79,74,18,172,224,34,258,430
10/31/2008,SLN,KS,ACE,CE,Federal Contract Tower,1,17,11,0,29,0,68,39,7,114,1,85,50,7,143,285,0,285,428
11/01/2008,SLN,KS,ACE,CE,Federal Contract Tower,0,16,10,0,26,0,7,31,5,43,0,23,41,5,69,54,0,54,123
11/02/2008,SLN,KS,ACE,CE,Federal Contract Tower,2,14,24,0,40,0,0,33,11,44,2,14,57,11,84,122,22,144,228
11/03/2008,SLN,KS,ACE,CE,Federal Contract Tower,0,16,14,4,34,0,38,32,1,71,0,54,46,5,105,134,0,134,239
11/04/2008,SLN,KS,ACE,CE,Federal Contract Tower,0,25,19,0,44,0,18,33,0,51,0,43,52,0,95,83,0,83,178
11/05/2008,SLN,KS,ACE,CE,Federal Contract Tower,0,28,17,0,45,0,15,27,2,44,0,43,44,2,89,57,8,65,154
11/06/2008,SLN,KS,ACE,CE,Federal Contract Tower,0,19,15,2,36,0,9,14,2,25,0,28,29,4,61,12,0,12,73
11/07/2008,SLN,KS,ACE,CE,Federal Contract Tower,0,26,17,0,43,0,19,13,2,34,0,45,30,2,77,42,0,42,119
11/08/2008,SLN,KS,ACE,CE,Federal Contract Tower,0,13,17,3,33,0,40,15,5,60,0,53,32,8,93,54,8,62,155
11/09/2008,SLN,KS,ACE,CE,Federal Contract Tower,0,10,18,0,28,0,3,34,0,37,0,13,52,0,65,84,0,84,149
11/10/2008,SLN,KS,ACE,CE,Federal Contract Tower,0,14,12,0,26,0,1,1,5,7,0,15,13,5,33,26,18,44,77
11/11/2008,SLN,KS,ACE,CE,Federal Contract Tower,0,12,5,2,19,0,0,0,0,0,0,12,5,2,19,0,0,0,19
11/12/2008,SLN,KS,ACE,CE,Federal Contract Tower,0,17,29,5,51,0,75,93,16,184,0,92,122,21,235,315,20,335,570
11/13/2008,SLN,KS,ACE,CE,Federal Contract Tower,2,23,28,1,54,0,93,58,22,173,2,116,86,23,227,320,10,330,557
11/14/2008,SLN,KS,ACE,CE,Federal Contract Tower,2,21,20,5,48,0,32,26,18,76,2,53,46,23,124,96,10,106,230
11/15/2008,SLN,KS,ACE,CE,Federal Contract Tower,0,13,11,0,24,0,21,25,0,46,0,34,36,0,70,72,0,72,142
11/16/2008,SLN,KS,ACE,CE,Federal Contract Tower,0,16,12,0,28,0,5,50,0,55,0,21,62,0,83,101,0,101,184
11/17/2008,SLN,KS,ACE,CE,Federal Contract Tower,0,19,18,0,37,0,57,37,5,99,0,76,55,5,136,272,0,272,408
11/18/2008,SLN,KS,ACE,CE,Federal Contract Tower,2,22,25,0,49,0,97,59,3,159,2,119,84,3,208,270,0,270,478
11/19/2008,SLN,KS,ACE,CE,Federal Contract Tower,0,17,14,1,32,0,79,49,4,132,0,96,63,5,164,251,2,253,417
11/20/2008,SLN,KS,ACE,CE,Federal Contract Tower,0,23,36,3,62,0,63,40,9,112,0,86,76,12,174,214,2,216,390
11/21/2008,SLN,KS,ACE,CE,Federal Contract Tower,0,26,21,4,51,0,41,49,11,101,0,67,70,15,152,269,14,283,435
11/22/2008,SLN,KS,ACE,CE,Federal Contract Tower,0,12,16,6,34,0,18,33,2,53,0,30,49,8,87,38,16,54,141
11/23/2008,SLN,KS,ACE,CE,Federal Contract Tower,0,14,13,0,27,0,0,36,0,36,0,14,49,0,63,42,0,42,105
11/24/2008,SLN,KS,ACE,CE,Federal Contract Tower,0,18,21,1,40,0,59,41,4,104,0,77,62,5,144,246,6,252,396
11/25/2008,SLN,KS,ACE,CE,Federal Contract Tower,0,14,20,2,36,0,41,62,11,114,0,55,82,13,150,132,4,136,286
11/26/2008,SLN,KS,ACE,CE,Federal Contract Tower,0,22,20,1,43,0,10,30,6,46,0,32,50,7,89,74,4,78,167
11/27/2008,SLN,KS,ACE,CE,Federal Contract Tower,0,5,1,0,6,0,0,10,0,10,0,5,11,0,16,4,0,4,20
11/28/2008,SLN,KS,ACE,CE,Federal Contract Tower,0,14,10,1,25,0,0,0,2,2,0,14,10,3,27,0,0,0,27
11/29/2008,SLN,KS,ACE,CE,Federal Contract Tower,0,16,20,1,37,0,0,12,0,12,0,16,32,1,49,4,0,4,53
11/30/2008,SLN,KS,ACE,CE,Federal Contract Tower,0,25,26,0,51,0,0,0,0,0,0,25,26,0,51,0,0,0,51
12/01/2008,SLN,KS,ACE,CE,Federal Contract Tower,0,18,20,1,39,0,40,38,1,79,0,58,58,2,118,212,0,212,330
12/02/2008,SLN,KS,ACE,CE,Federal Contract Tower,0,19,25,0,44,0,52,42,2,96,0,71,67,2,140,230,0,230,370
12/03/2008,SLN,KS,ACE,CE,Federal Contract Tower,0,14,24,2,40,0,7,12,0,19,0,21,36,2,59,85,2,87,146
12/04/2008,SLN,KS,ACE,CE,Federal Contract Tower,0,25,35,1,61,0,68,22,12,102,0,93,57,13,163,174,6,180,343
12/05/2008,SLN,KS,ACE,CE,Federal Contract Tower,0,21,25,2,48,0,39,21,7,67,0,60,46,9,115,144,18,162,277
12/06/2008,SLN,KS,ACE,CE,Federal Contract Tower,0,16,9,0,25,0,5,27,10,42,0,21,36,10,67,52,0,52,119
12/07/2008,SLN,KS,ACE,CE,Federal Contract Tower,0,13,17,2,32,0,0,34,0,34,0,13,51,2,66,28,0,28,94
12/08/2008,SLN,KS,ACE,CE,Federal Contract Tower,0,19,17,8,44,0,40,53,3,96,0,59,70,11,140,232,18,250,390
12/09/2008,SLN,KS,ACE,CE,Federal Contract Tower,0,12,13,0,25,0,0,3,0,3,0,12,16,0,28,0,0,0,28
12/10/2008,SLN,KS,ACE,CE,Federal Contract Tower,0,20,24,0,44,0,70,59,2,131,0,90,83,2,175,224,0,224,399
12/11/2008,SLN,KS,ACE,CE,Federal Contract Tower,0,25,13,1,39,0,72,46,1,119,0,97,59,2,158,237,0,237,395
12/12/2008,SLN,KS,ACE,CE,Federal Contract Tower,0,24,29,3,56,0,47,56,5,108,0,71,85,8,164,189,2,191,355
12/13/2008,SLN,KS,ACE,CE,Federal Contract Tower,0,16,5,0,21,0,9,9,0,18,0,25,14,0,39,26,0,26,65
12/14/2008,SLN,KS,ACE,CE,Federal Contract Tower,0,12,30,0,42,0,0,2,0,2,0,12,32,0,44,0,0,0,44
12/15/2008,SLN,KS,ACE,CE,Federal Contract Tower,0,16,14,1,31,0,7,13,1,21,0,23,27,2,52,44,0,44,96
12/16/2008,SLN,KS,ACE,CE,Federal Contract Tower,0,14,17,0,31,0,0,0,0,0,0,14,17,0,31,0,0,0,31
12/17/2008,SLN,KS,ACE,CE,Federal Contract Tower,0,18,14,0,32,0,25,29,0,54,0,43,43,0,86,114,0,114,200
12/18/2008,SLN,KS,ACE,CE,Federal Contract Tower,0,5,4,0,9,0,0,0,0,0,0,5,4,0,9,0,0,0,9
12/19/2008,SLN,KS,ACE,CE,Federal Contract Tower,0,33,25,0,58,0,32,37,5,74,0,65,62,5,132,127,4,131,263
12/20/2008,SLN,KS,ACE,CE,Federal Contract Tower,0,27,21,1,49,0,0,0,5,5,0,27,21,6,54,0,0,0,54
12/21/2008,SLN,KS,ACE,CE,Federal Contract Tower,0,15,13,0,28,0,0,4,0,4,0,15,17,0,32,8,0,8,40
12/22/2008,SLN,KS,ACE,CE,Federal Contract Tower,0,20,25,0,45,0,14,15,0,29,0,34,40,0,74,57,0,57,131
12/23/2008,SLN,KS,ACE,CE,Federal Contract Tower,0,18,18,2,38,0,3,3,0,6,0,21,21,2,44,23,8,31,75
12/24/2008,SLN,KS,ACE,CE,Federal Contract Tower,0,13,6,0,19,0,0,19,0,19,0,13,25,0,38,8,0,8,46
12/25/2008,SLN,KS,ACE,CE,Federal Contract Tower,0,9,3,0,12,0,0,6,0,6,0,9,9,0,18,0,0,0,18
12/26/2008,SLN,KS,ACE,CE,Federal Contract Tower,0,23,16,0,39,0,0,13,0,13,0,23,29,0,52,0,0,0,52
12/27/2008,SLN,KS,ACE,CE,Federal Contract Tower,2,18,23,0,43,0,0,3,0,3,2,18,26,0,46,0,0,0,46
12/28/2008,SLN,KS,ACE,CE,Federal Contract Tower,0,12,17,0,29,0,0,31,0,31,0,12,48,0,60,8,0,8,68
12/29/2008,SLN,KS,ACE,CE,Federal Contract Tower,0,14,13,0,27,0,6,30,0,36,0,20,43,0,63,44,0,44,107
12/30/2008,SLN,KS,ACE,CE,Federal Contract Tower,0,25,18,0,43,0,2,23,0,25,0,27,41,0,68,24,0,24,92
12/31/2008,SLN,KS,ACE,CE,Federal Contract Tower,0,14,21,0,35,0,1,22,0,23,0,15,43,0,58,26,0,26,84
01/01/2009,SLN,KS,ACE,CE,Federal Contract Tower,0,19,5,0,24,0,1,28,0,29,0,20,33,0,53,12,0,12,65
01/02/2009,SLN,KS,ACE,CE,Federal Contract Tower,0,20,21,0,41,0,1,22,0,23,0,21,43,0,64,4,0,4,68
01/03/2009,SLN,KS,ACE,CE,Federal Contract Tower,0,15,21,0,36,0,0,0,0,0,0,15,21,0,36,0,0,0,36
01/04/2009,SLN,KS,ACE,CE,Federal Contract Tower,0,19,23,0,42,0,0,8,0,8,0,19,31,0,50,0,0,0,50
01/05/2009,SLN,KS,ACE,CE,Federal Contract Tower,0,19,19,0,38,0,6,22,1,29,0,25,41,1,67,83,0,83,150
01/06/2009,SLN,KS,ACE,CE,Federal Contract Tower,0,18,13,4,35,0,13,20,2,35,0,31,33,6,70,43,0,43,113
01/07/2009,SLN,KS,ACE,CE,Federal Contract Tower,0,18,24,2,44,0,12,22,4,38,0,30,46,6,82,53,2,55,137
01/08/2009,SLN,KS,ACE,CE,Federal Contract Tower,0,13,9,3,25,0,18,28,7,53,0,31,37,10,78,68,2,70,148
01/09/2009,SLN,KS,ACE,CE,Federal Contract Tower,0,17,26,1,44,0,8,18,5,31,0,25,44,6,75,12,0,12,87
01/10/2009,SLN,KS,ACE,CE,Federal Contract Tower,0,14,10,1,25,0,2,11,5,18,0,16,21,6,43,10,0,10,53
01/11/2009,SLN,KS,ACE,CE,Federal Contract Tower,0,12,14,0,26,0,0,30,0,30,0,12,44,0,56,20,0,20,76
01/12/2009,SLN,KS,ACE,CE,Federal Contract Tower,0,18,14,0,32,0,0,2,1,3,0,18,16,1,35,0,0,0,35
01/13/2009,SLN,KS,ACE,CE,Federal Contract Tower,0,18,19,4,41,0,12,26,3,41,0,30,45,7,82,65,12,77,159
01/14/2009,SLN,KS,ACE,CE,Federal Contract Tower,0,15,21,0,36,0,2,8,2,12,0,17,29,2,48,10,0,10,58
01/15/2009,SLN,KS,ACE,CE,Federal Contract Tower,0,22,15,2,39,0,0,1,1,2,0,22,16,3,41,0,0,0,41
01/16/2009,SLN,KS,ACE,CE,Federal Contract Tower,0,22,29,1,52,0,13,31,3,47,0,35,60,4,99,69,0,69,168
01/17/2009,SLN,KS,ACE,CE,Federal Contract Tower,0,15,14,2,31,0,6,30,0,36,0,21,44,2,67,58,0,58,125
01/18/2009,SLN,KS,ACE,CE,Federal Contract Tower,0,14,13,0,27,0,1,25,0,26,0,15,38,0,53,56,0,56,109
01/19/2009,SLN,KS,ACE,CE,Federal Contract Tower,0,17,18,0,35,0,7,30,2,39,0,24,48,2,74,62,0,62,136
01/20/2009,SLN,KS,ACE,CE,Federal Contract Tower,0,13,22,0,35,0,39,34,0,73,0,52,56,0,108,160,0,160,268
01/21/2009,SLN,KS,ACE,CE,Federal Contract Tower,0,21,30,1,52,0,54,56,4,114,0,75,86,5,166,193,2,195,361
01/22/2009,SLN,KS,ACE,CE,Federal Contract Tower,0,23,18,7,48,0,73,49,12,134,0,96,67,19,182,234,14,248,430
01/23/2009,SLN,KS,ACE,CE,Federal Contract Tower,0,21,20,2,43,0,29,13,3,45,0,50,33,5,88,108,0,108,196
01/24/2009,SLN,KS,ACE,CE,Federal Contract Tower,0,21,10,1,32,0,9,25,1,35,0,30,35,2,67,28,0,28,95
01/25/2009,SLN,KS,ACE,CE,Federal Contract Tower,0,10,17,0,27,0,0,4,0,4,0,10,21,0,31,11,0,11,42
01/26/2009,SLN,KS,ACE,CE,Federal Contract Tower,0,14,11,0,25,0,1,0,0,1,0,15,11,0,26,11,0,11,37
01/27/2009,SLN,KS,ACE,CE,Federal Contract Tower,0,17,14,0,31,0,0,4,0,4,0,17,18,0,35,0,0,0,35
01/28/2009,SLN,KS,ACE,CE,Federal Contract Tower,2,24,24,1,51,0,63,31,4,98,2,87,55,5,149,182,0,182,331
01/29/2009,SLN,KS,ACE,CE,Federal Contract Tower,0,19,18,0,37,0,78,34,3,115,0,97,52,3,152,216,0,216,368
01/30/2009,SLN,KS,ACE,CE,Federal Contract Tower,0,17,23,5,45,0,12,40,6,58,0,29,63,11,103,81,12,93,196
01/31/2009,SLN,KS,ACE,CE,Federal Contract Tower,0,15,11,0,26,0,11,28,0,39,0,26,39,0,65,106,0,106,171
02/01/2009,SLN,KS,ACE,CE,Federal Contract Tower,0,11,8,0,19,0,0,22,0,22,0,11,30,0,41,16,0,16,57
02/02/2009,SLN,KS,ACE,CE,Federal Contract Tower,0,16,21,4,41,0,58,54,1,113,0,74,75,5,154,175,0,175,329
02/03/2009,SLN,KS,ACE,CE,Federal Contract Tower,0,18,26,0,44,0,60,28,0,88,0,78,54,0,132,153,0,153,285
02/04/2009,SLN,KS,ACE,CE,Federal Contract Tower,0,21,18,1,40,0,77,42,0,119,0,98,60,1,159,158,0,158,317
02/05/2009,SLN,KS,ACE,CE,Federal Contract Tower,0,16,20,2,38,0,85,46,17,148,0,101,66,19,186,205,38,243,429
02/06/2009,SLN,KS,ACE,CE,Federal Contract Tower,0,17,16,0,33,0,55,45,8,108,0,72,61,8,141,80,14,94,235
02/07/2009,SLN,KS,ACE,CE,Federal Contract Tower,0,14,6,0,20,0,5,65,23,93,0,19,71,23,113,77,0,77,190
02/08/2009,SLN,KS,ACE,CE,Federal Contract Tower,0,13,18,0,31,0,2,6,0,8,0,15,24,0,39,10,0,10,49
02/09/2009,SLN,KS,ACE,CE,Federal Contract Tower,0,13,13,0,26,0,0,0,0,0,0,13,13,0,26,0,0,0,26
02/10/2009,SLN,KS,ACE,CE,Federal Contract Tower,0,16,23,1,40,0,56,63,1,120,0,72,86,2,160,181,0,181,341
02/11/2009,SLN,KS,ACE,CE,Federal Contract Tower,0,19,16,0,35,0,80,20,4,104,0,99,36,4,139,154,2,156,295
02/12/2009,SLN,KS,ACE,CE,Federal Contract Tower,0,21,18,0,39,0,61,66,6,133,0,82,84,6,172,215,0,215,387
02/13/2009,SLN,KS,ACE,CE,Federal Contract Tower,0,24,13,2,39,0,12,1,0,13,0,36,14,2,52,12,0,12,64
02/14/2009,SLN,KS,ACE,CE,Federal Contract Tower,0,19,14,0,33,0,7,36,1,44,0,26,50,1,77,10,0,10,87
02/15/2009,SLN,KS,ACE,CE,Federal Contract Tower,0,14,15,0,29,0,0,18,0,18,0,14,33,0,47,63,0,63,110
02/16/2009,SLN,KS,ACE,CE,Federal Contract Tower,0,13,24,0,37,0,42,68,0,110,0,55,92,0,147,159,0,159,306
02/17/2009,SLN,KS,ACE,CE,Federal Contract Tower,0,17,18,4,39,0,36,44,10,90,0,53,62,14,129,109,16,125,254
02/18/2009,SLN,KS,ACE,CE,Federal Contract Tower,0,16,21,0,37,0,67,36,5,108,0,83,57,5,145,211,4,215,360
02/19/2009,SLN,KS,ACE,CE,Federal Contract Tower,0,21,32,0,53,0,91,67,12,170,0,112,99,12,223,273,12,285,508
02/20/2009,SLN,KS,ACE,CE,Federal Contract Tower,0,22,8,1,31,0,59,36,10,105,0,81,44,11,136,163,10,173,309
02/21/2009,SLN,KS,ACE,CE,Federal Contract Tower,0,13,26,4,43,0,20,36,1,57,0,33,62,5,100,54,0,54,154
02/22/2009,SLN,KS,ACE,CE,Federal Contract Tower,0,12,13,3,28,0,0,27,0,27,0,12,40,3,55,39,0,39,94
02/23/2009,SLN,KS,ACE,CE,Federal Contract Tower,0,17,14,3,34,0,33,43,17,93,0,50,57,20,127,156,4,160,287
02/24/2009,SLN,KS,ACE,CE,Federal Contract Tower,0,23,13,7,43,0,58,57,17,132,0,81,70,24,175,235,0,235,410
02/25/2009,SLN,KS,ACE,CE,Federal Contract Tower,0,18,25,7,50,0,68,28,21,117,0,86,53,28,167,203,18,221,388
02/26/2009,SLN,KS,ACE,CE,Federal Contract Tower,0,33,20,8,61,0,20,26,9,55,0,53,46,17,116,111,8,119,235
02/27/2009,SLN,KS,ACE,CE,Federal Contract Tower,0,17,25,1,43,0,27,33,4,64,0,44,58,5,107,156,0,156,263
02/28/2009,SLN,KS,ACE,CE,Federal Contract Tower,0,9,10,1,20,0,3,15,0,18,0,12,25,1,38,14,0,14,52
03/01/2009,SLN,KS,ACE,CE,Federal Contract Tower,0,11,29,0,40,0,0,23,0,23,0,11,52,0,63,40,0,40,103
03/02/2009,SLN,KS,ACE,CE,Federal Contract Tower,0,19,17,2,38,0,55,55,6,116,0,74,72,8,154,205,0,205,359
03/03/2009,SLN,KS,ACE,CE,Federal Contract Tower,0,17,31,7,55,0,40,46,9,95,0,57,77,16,150,153,2,155,305
03/04/2009,SLN,KS,ACE,CE,Federal Contract Tower,0,16,24,4,44,0,71,42,5,118,0,87,66,9,162,233,0,233,395
03/05/2009,SLN,KS,ACE,CE,Federal Contract Tower,0,13,20,6,39,0,71,52,12,135,0,84,72,18,174,218,0,218,392
03/06/2009,SLN,KS,ACE,CE,Federal Contract Tower,0,13,21,1,35,0,40,54,8,102,0,53,75,9,137,178,0,178,315
03/07/2009,SLN,KS,ACE,CE,Federal Contract Tower,0,13,5,1,19,0,3,14,4,21,0,16,19,5,40,10,0,10,50
03/08/2009,SLN,KS,ACE,CE,Federal Contract Tower,0,6,12,0,18,0,3,26,4,33,0,9,38,4,51,24,0,24,75
03/09/2009,SLN,KS,ACE,CE,Federal Contract Tower,0,13,20,2,35,0,16,26,3,45,0,29,46,5,80,133,4,137,217
03/10/2009,SLN,KS,ACE,CE,Federal Contract Tower,1,20,12,2,35,0,9,5,5,19,1,29,17,7,54,17,12,29,83
03/11/2009,SLN,KS,ACE,CE,Federal Contract Tower,0,19,8,2,29,0,75,25,0,100,0,94,33,2,129,220,8,228,357
03/12/2009,SLN,KS,ACE,CE,Federal Contract Tower,0,22,19,4,45,0,53,23,0,76,0,75,42,4,121,144,10,154,275
03/13/2009,SLN,KS,ACE,CE,Federal Contract Tower,0,23,33,3,59,0,10,21,4,35,0,33,54,7,94,88,0,88,182
03/14/2009,SLN,KS,ACE,CE,Federal Contract Tower,0,14,16,0,30,0,1,14,0,15,0,15,30,0,45,4,0,4,49
03/15/2009,SLN,KS,ACE,CE,Federal Contract Tower,0,12,7,0,19,0,0,23,8,31,0,12,30,8,50,53,0,53,103
03/16/2009,SLN,KS,ACE,CE,Federal Contract Tower,0,14,14,2,30,0,16,35,2,53,0,30,49,4,83,97,2,99,182
03/17/2009,SLN,KS,ACE,CE,Federal Contract Tower,0,24,9,1,34,0,12,37,3,52,0,36,46,4,86,108,0,108,194
03/18/2009,SLN,KS,ACE,CE,Federal Contract Tower,0,14,19,0,33,0,8,27,2,37,0,22,46,2,70,36,0,36,106
03/19/2009,SLN,KS,ACE,CE,Federal Contract Tower,0,14,13,4,31,0,9,24,7,40,0,23,37,11,71,26,30,56,127
03/20/2009,SLN,KS,ACE,CE,Federal Contract Tower,0,16,20,4,40,0,10,16,4,30,0,26,36,8,70,36,0,36,106
03/21/2009,SLN,KS,ACE,CE,Federal Contract Tower,0,21,24,0,45,0,1,21,0,22,0,22,45,0,67,10,0,10,77
03/22/2009,SLN,KS,ACE,CE,Federal Contract Tower,0,8,13,3,24,0,0,6,0,6,0,8,19,3,30,0,0,0,30
03/23/2009,SLN,KS,ACE,CE,Federal Contract Tower,0,18,7,1,26,0,0,0,0,0,0,18,7,1,26,0,0,0,26
03/24/2009,SLN,KS,ACE,CE,Federal Contract Tower,0,16,11,3,30,0,13,40,2,55,0,29,51,5,85,60,0,60,145
03/25/2009,SLN,KS,ACE,CE,Federal Contract Tower,0,19,19,5,43,0,57,29,11,97,0,76,48,16,140,232,8,240,380
03/26/2009,SLN,KS,ACE,CE,Federal Contract Tower,2,14,12,0,28,0,47,29,1,77,2,61,41,1,105,227,0,227,332
03/27/2009,SLN,KS,ACE,CE,Federal Contract Tower,0,11,12,0,23,0,1,1,0,2,0,12,13,0,25,0,0,0,25
03/28/2009,SLN,KS,ACE,CE,Federal Contract Tower,0,6,6,0,12,0,0,2,6,8,0,6,8,6,20,0,0,0,20
03/29/2009,SLN,KS,ACE,CE,Federal Contract Tower,0,9,18,0,27,0,3,19,0,22,0,12,37,0,49,38,0,38,87
03/30/2009,SLN,KS,ACE,CE,Federal Contract Tower,0,19,17,2,38,0,48,49,1,98,0,67,66,3,136,216,0,216,352
03/31/2009,SLN,KS,ACE,CE,Federal Contract Tower,0,18,16,3,37,0,24,27,3,54,0,42,43,6,91,126,8,134,225
04/01/2009,SLN,KS,ACE,CE,Federal Contract Tower,0,23,13,1,37,0,58,28,1,87,0,81,41,2,124,172,0,172,296
04/02/2009,SLN,KS,ACE,CE,Federal Contract Tower,0,21,16,2,39,0,18,8,7,33,0,39,24,9,72,40,50,90,162
04/03/2009,SLN,KS,ACE,CE,Federal Contract Tower,0,22,18,4,44,0,37,21,8,66,0,59,39,12,110,71,6,77,187
04/04/2009,SLN,KS,ACE,CE,Federal Contract Tower,0,10,2,0,12,0,2,13,6,21,0,12,15,6,33,2,0,2,35
04/05/2009,SLN,KS,ACE,CE,Federal Contract Tower,0,12,8,0,20,0,0,3,0,3,0,12,11,0,23,0,0,0,23
04/06/2009,SLN,KS,ACE,CE,Federal Contract Tower,0,23,13,2,38,0,17,35,12,64,0,40,48,14,102,104,4,108,210
04/07/2009,SLN,KS,ACE,CE,Federal Contract Tower,0,16,13,1,30,0,51,65,9,125,0,67,78,10,155,223,6,229,384
04/08/2009,SLN,KS,ACE,CE,Federal Contract Tower,0,17,20,5,42,0,58,60,4,122,0,75,80,9,164,206,4,210,374
04/09/2009,SLN,KS,ACE,CE,Federal Contract Tower,0,20,11,2,33,0,10,11,1,22,0,30,22,3,55,2,0,2,57
04/10/2009,SLN,KS,ACE,CE,Federal Contract Tower,0,18,15,2,35,0,28,41,0,69,0,46,56,2,104,98,0,98,202
04/11/2009,SLN,KS,ACE,CE,Federal Contract Tower,0,7,13,3,23,0,3,12,2,17,0,10,25,5,40,12,0,12,52
04/12/2009,SLN,KS,ACE,CE,Federal Contract Tower,0,6,7,0,13,0,0,0,0,0,0,6,7,0,13,0,0,0,13
04/13/2009,SLN,KS,ACE,CE,Federal Contract Tower,0,13,20,1,34,0,11,18,2,31,0,24,38,3,65,71,2,73,138
04/14/2009,SLN,KS,ACE,CE,Federal Contract Tower,0,16,11,8,35,0,64,67,5,136,0,80,78,13,171,173,4,177,348
04/15/2009,SLN,KS,ACE,CE,Federal Contract Tower,0,18,13,3,34,0,43,44,2,89,0,61,57,5,123,133,0,133,256
04/16/2009,SLN,KS,ACE,CE,Federal Contract Tower,0,11,36,3,50,0,34,48,2,84,0,45,84,5,134,174,4,178,312
04/17/2009,SLN,KS,ACE,CE,Federal Contract Tower,0,17,12,5,34,0,19,14,5,38,0,36,26,10,72,63,20,83,155
04/18/2009,SLN,KS,ACE,CE,Federal Contract Tower,0,10,20,1,31,0,4,9,0,13,0,14,29,1,44,8,0,8,52
04/19/2009,SLN,KS,ACE,CE,Federal Contract Tower,0,6,24,0,30,0,4,14,0,18,0,10,38,0,48,12,0,12,60
04/20/2009,SLN,KS,ACE,CE,Federal Contract Tower,0,12,24,0,36,0,54,33,2,89,0,66,57,2,125,185,6,191,316
04/21/2009,SLN,KS,ACE,CE,Federal Contract Tower,0,14,31,5,50,0,57,49,5,111,0,71,80,10,161,188,0,188,349
04/22/2009,SLN,KS,ACE,CE,Federal Contract Tower,0,18,28,0,46,0,68,52,5,125,0,86,80,5,171,180,0,180,351
04/23/2009,SLN,KS,ACE,CE,Federal Contract Tower,0,18,27,1,46,0,71,49,12,132,0,89,76,13,178,182,18,200,378
04/24/2009,SLN,KS,ACE,CE,Federal Contract Tower,0,15,26,4,45,0,29,21,9,59,0,44,47,13,104,46,16,62,166
04/25/2009,SLN,KS,ACE,CE,Federal Contract Tower,0,10,13,0,23,0,14,12,4,30,0,24,25,4,53,24,2,26,79
04/26/2009,SLN,KS,ACE,CE,Federal Contract Tower,0,4,4,0,8,0,0,0,0,0,0,4,4,0,8,0,0,0,8
04/27/2009,SLN,KS,ACE,CE,Federal Contract Tower,0,17,19,3,39,0,30,40,4,74,0,47,59,7,113,154,3,157,270
04/28/2009,SLN,KS,ACE,CE,Federal Contract Tower,0,17,16,10,43,0,57,59,14,130,0,74,75,24,173,255,26,281,454
04/29/2009,SLN,KS,ACE,CE,Federal Contract Tower,0,22,11,5,38,0,5,6,1,12,0,27,17,6,50,66,0,66,116
04/30/2009,SLN,KS,ACE,CE,Federal Contract Tower,0,21,17,6,44,0,47,16,3,66,0,68,33,9,110,142,8,150,260
05/01/2009,SLN,KS,ACE,CE,Federal Contract Tower,0,15,15,2,32,0,39,19,12,70,0,54,34,14,102,146,6,152,254
05/02/2009,SLN,KS,ACE,CE,Federal Contract Tower,0,8,13,1,22,0,9,37,2,48,0,17,50,3,70,52,0,52,122
05/03/2009,SLN,KS,ACE,CE,Federal Contract Tower,0,9,21,0,30,0,4,28,0,32,0,13,49,0,62,26,0,26,88
05/04/2009,SLN,KS,ACE,CE,Federal Contract Tower,0,18,23,10,51,0,45,60,10,115,0,63,83,20,166,257,6,263,429
05/05/2009,SLN,KS,ACE,CE,Federal Contract Tower,0,30,19,8,57,0,12,30,6,48,0,42,49,14,105,77,56,133,238
05/06/2009,SLN,KS,ACE,CE,Federal Contract Tower,0,18,21,17,56,0,74,33,14,121,0,92,54,31,177,151,134,285,462
05/07/2009,SLN,KS,ACE,CE,Federal Contract Tower,0,20,28,4,52,0,51,40,10,101,0,71,68,14,153,169,0,169,322
05/08/2009,SLN,KS,ACE,CE,Federal Contract Tower,0,11,21,5,37,0,48,27,4,79,0,59,48,9,116,222,0,222,338
05/09/2009,SLN,KS,ACE,CE,Federal Contract Tower,0,10,7,0,17,0,2,27,0,29,0,12,34,0,46,14,0,14,60
05/10/2009,SLN,KS,ACE,CE,Federal Contract Tower,0,8,18,0,26,0,1,10,0,11,0,9,28,0,37,28,0,28,65
05/11/2009,SLN,KS,ACE,CE,Federal Contract Tower,0,19,11,1,31,0,34,61,1,96,0,53,72,2,127,254,0,254,381
05/12/2009,SLN,KS,ACE,CE,Federal Contract Tower,0,19,9,6,34,0,3,3,2,8,0,22,12,8,42,26,12,38,80
05/13/2009,SLN,KS,ACE,CE,Federal Contract Tower,0,13,21,3,37,0,55,32,5,92,0,68,53,8,129,202,16,218,347
05/14/2009,SLN,KS,ACE,CE,Federal Contract Tower,0,18,32,1,51,0,33,41,2,76,0,51,73,3,127,144,0,144,271
05/15/2009,SLN,KS,ACE,CE,Federal Contract Tower,2,14,18,0,34,0,4,9,5,18,2,18,27,5,52,40,2,42,94
05/16/2009,SLN,KS,ACE,CE,Federal Contract Tower,0,4,12,0,16,0,6,22,0,28,0,10,34,0,44,4,0,4,48
05/17/2009,SLN,KS,ACE,CE,Federal Contract Tower,0,13,12,0,25,0,3,21,0,24,0,16,33,0,49,8,0,8,57
05/18/2009,SLN,KS,ACE,CE,Federal Contract Tower,0,18,24,4,46,0,28,43,3,74,0,46,67,7,120,115,2,117,237
05/19/2009,SLN,KS,ACE,CE,Federal Contract Tower,0,18,29,8,55,0,24,34,10,68,0,42,63,18,123,152,40,192,315
05/20/2009,SLN,KS,ACE,CE,Federal Contract Tower,0,11,28,7,46,0,23,39,5,67,0,34,67,12,113,50,26,76,189
05/21/2009,SLN,KS,ACE,CE,Federal Contract Tower,0,18,17,2,37,0,28,56,5,89,0,46,73,7,126,137,0,137,263
05/22/2009,SLN,KS,ACE,CE,Federal Contract Tower,0,21,20,6,47,0,32,34,0,66,0,53,54,6,113,104,0,104,217
05/23/2009,SLN,KS,ACE,CE,Federal Contract Tower,0,6,8,0,14,0,5,36,0,41,0,11,44,0,55,50,0,50,105
05/24/2009,SLN,KS,ACE,CE,Federal Contract Tower,0,13,7,1,21,0,0,26,3,29,0,13,33,4,50,14,0,14,64
05/25/2009,SLN,KS,ACE,CE,Federal Contract Tower,0,10,16,0,26,0,0,20,0,20,0,10,36,0,46,26,0,26,72
05/26/2009,SLN,KS,ACE,CE,Federal Contract Tower,0,19,15,5,39,0,5,13,0,18,0,24,28,5,57,55,0,55,112
05/27/2009,SLN,KS,ACE,CE,Federal Contract Tower,0,18,16,4,38,0,3,7,2,12,0,21,23,6,50,22,0,22,72
05/28/2009,SLN,KS,ACE,CE,Federal Contract Tower,0,15,21,7,43,0,51,47,6,104,0,66,68,13,147,249,8,257,404
05/29/2009,SLN,KS,ACE,CE,Federal Contract Tower,0,14,21,3,38,0,51,28,2,81,0,65,49,5,119,178,1,179,298
05/30/2009,SLN,KS,ACE,CE,Federal Contract Tower,0,8,15,0,23,0,22,32,0,54,0,30,47,0,77,60,0,60,137
05/31/2009,SLN,KS,ACE,CE,Federal Contract Tower,0,6,10,2,18,0,2,21,3,26,0,8,31,5,44,20,4,24,68
06/01/2009,SLN,KS,ACE,CE,Federal Contract Tower,0,19,14,1,34,0,34,48,6,88,0,53,62,7,122,157,2,159,281
06/02/2009,SLN,KS,ACE,CE,Federal Contract Tower,0,17,9,5,31,0,10,18,3,31,0,27,27,8,62,53,0,53,115
06/03/2009,SLN,KS,ACE,CE,Federal Contract Tower,0,19,22,2,43,0,42,46,4,92,0,61,68,6,135,197,10,207,342
06/04/2009,SLN,KS,ACE,CE,Federal Contract Tower,0,18,18,2,38,0,35,74,8,117,0,53,92,10,155,198,2,200,355
06/05/2009,SLN,KS,ACE,CE,Federal Contract Tower,0,19,14,1,34,0,34,30,1,65,0,53,44,2,99,133,4,137,236
06/06/2009,SLN,KS,ACE,CE,Federal Contract Tower,0,9,17,0,26,0,11,22,2,35,0,20,39,2,61,14,0,14,75
06/07/2009,SLN,KS,ACE,CE,Federal Contract Tower,0,15,16,2,33,0,8,10,2,20,0,23,26,4,53,36,0,36,89
06/08/2009,SLN,KS,ACE,CE,Federal Contract Tower,0,10,14,0,24,0,23,27,0,50,0,33,41,0,74,162,0,162,236
06/09/2009,SLN,KS,ACE,CE,Federal Contract Tower,0,12,15,4,31,0,0,13,4,17,0,12,28,8,48,29,0,29,77
06/10/2009,SLN,KS,ACE,CE,Federal Contract Tower,0,16,24,0,40,0,4,0,0,4,0,20,24,0,44,22,0,22,66
06/11/2009,SLN,KS,ACE,CE,Federal Contract Tower,0,28,25,2,55,0,5,16,1,22,0,33,41,3,77,42,2,44,121
06/12/2009,SLN,KS,ACE,CE,Federal Contract Tower,0,15,7,0,22,0,48,23,4,75,0,63,30,4,97,100,35,135,232
06/13/2009,SLN,KS,ACE,CE,Federal Contract Tower,0,6,7,0,13,0,13,31,2,46,0,19,38,2,59,51,6,57,116
06/14/2009,SLN,KS,ACE,CE,Federal Contract Tower,0,10,23,1,34,0,0,10,0,10,0,10,33,1,44,0,6,6,50
06/15/2009,SLN,KS,ACE,CE,Federal Contract Tower,0,14,21,0,35,0,16,49,8,73,0,30,70,8,108,94,0,94,202
06/16/2009,SLN,KS,ACE,CE,Federal Contract Tower,0,19,16,2,37,0,42,52,10,104,0,61,68,12,141,168,85,253,394
06/17/2009,SLN,KS,ACE,CE,Federal Contract Tower,0,17,21,2,40,0,27,51,11,89,0,44,72,13,129,104,8,112,241
06/18/2009,SLN,KS,ACE,CE,Federal Contract Tower,0,29,29,9,67,0,38,44,8,90,0,67,73,17,157,114,0,114,271
06/19/2009,SLN,KS,ACE,CE,Federal Contract Tower,0,15,10,2,27,0,25,32,17,74,0,40,42,19,101,103,14,117,218
06/20/2009,SLN,KS,ACE,CE,Federal Contract Tower,0,8,15,1,24,0,0,7,0,7,0,8,22,1,31,0,0,0,31
06/21/2009,SLN,KS,ACE,CE,Federal Contract Tower,0,10,14,3,27,0,1,37,4,42,0,11,51,7,69,31,8,39,108
06/22/2009,SLN,KS,ACE,CE,Federal Contract Tower,0,15,25,8,48,0,34,44,25,103,0,49,69,33,151,104,16,120,271
06/23/2009,SLN,KS,ACE,CE,Federal Contract Tower,0,16,23,8,47,0,24,52,27,103,0,40,75,35,150,188,6,194,344
06/24/2009,SLN,KS,ACE,CE,Federal Contract Tower,0,15,33,2,50,0,29,44,25,98,0,44,77,27,148,67,10,77,225
06/25/2009,SLN,KS,ACE,CE,Federal Contract Tower,0,17,29,7,53,0,22,40,23,85,0,39,69,30,138,90,20,110,248
06/26/2009,SLN,KS,ACE,CE,Federal Contract Tower,0,14,38,2,54,0,41,16,5,62,0,55,54,7,116,144,1,145,261
06/27/2009,SLN,KS,ACE,CE,Federal Contract Tower,0,8,10,1,19,0,7,12,0,19,0,15,22,1,38,8,0,8,46
06/28/2009,SLN,KS,ACE,CE,Federal Contract Tower,0,12,21,12,45,0,9,28,3,40,0,21,49,15,85,24,14,38,123
06/29/2009,SLN,KS,ACE,CE,Federal Contract Tower,0,11,16,4,31,0,20,54,18,92,0,31,70,22,123,107,12,119,242
06/30/2009,SLN,KS,ACE,CE,Federal Contract Tower,0,15,25,9,49,0,35,40,20,95,0,50,65,29,144,113,8,121,265
07/01/2009,SLN,KS,ACE,CE,Federal Contract Tower,0,19,26,1,46,0,38,32,17,87,0,57,58,18,133,147,22,169,302
07/02/2009,SLN,KS,ACE,CE,Federal Contract Tower,0,13,18,8,39,0,29,46,20,95,0,42,64,28,134,142,12,154,288
07/03/2009,SLN,KS,ACE,CE,Federal Contract Tower,0,16,12,0,28,0,5,19,1,25,0,21,31,1,53,6,0,6,59
07/04/2009,SLN,KS,ACE,CE,Federal Contract Tower,0,3,4,0,7,0,0,11,0,11,0,3,15,0,18,4,0,4,22
07/05/2009,SLN,KS,ACE,CE,Federal Contract Tower,0,6,20,0,26,0,0,18,0,18,0,6,38,0,44,7,0,7,51
07/06/2009,SLN,KS,ACE,CE,Federal Contract Tower,0,11,28,0,39,0,8,35,0,43,0,19,63,0,82,158,0,158,240
07/07/2009,SLN,KS,ACE,CE,Federal Contract Tower,0,14,21,4,39,0,37,38,2,77,0,51,59,6,116,109,0,109,225
07/08/2009,SLN,KS,ACE,CE,Federal Contract Tower,0,21,14,1,36,0,23,33,7,63,0,44,47,8,99,152,18,170,269
07/09/2009,SLN,KS,ACE,CE,Federal Contract Tower,0,19,29,3,51,0,22,53,5,80,0,41,82,8,131,146,12,158,289
07/10/2009,SLN,KS,ACE,CE,Federal Contract Tower,0,16,10,3,29,0,18,36,4,58,0,34,46,7,87,114,0,114,201
07/11/2009,SLN,KS,ACE,CE,Federal Contract Tower,2,6,10,2,20,0,0,11,2,13,2,6,21,4,33,4,0,4,37
07/12/2009,SLN,KS,ACE,CE,Federal Contract Tower,0,8,22,0,30,0,2,26,0,28,0,10,48,0,58,22,0,22,80
07/13/2009,SLN,KS,ACE,CE,Federal Contract Tower,0,15,22,2,39,0,22,28,17,67,0,37,50,19,106,160,2,162,268
07/14/2009,SLN,KS,ACE,CE,Federal Contract Tower,0,15,24,5,44,0,27,43,13,83,0,42,67,18,127,149,4,153,280
07/15/2009,SLN,KS,ACE,CE,Federal Contract Tower,0,16,15,0,31,0,31,24,12,67,0,47,39,12,98,96,0,96,194
07/16/2009,SLN,KS,ACE,CE,Federal Contract Tower,0,11,30,0,41,0,17,29,12,58,0,28,59,12,99,71,0,71,170
07/17/2009,SLN,KS,ACE,CE,Federal Contract Tower,0,15,22,1,38,0,35,34,0,69,0,50,56,1,107,165,0,165,272
07/18/2009,SLN,KS,ACE,CE,Federal Contract Tower,0,11,19,0,30,0,2,69,0,71,0,13,88,0,101,18,0,18,119
07/19/2009,SLN,KS,ACE,CE,Federal Contract Tower,0,10,22,0,32,0,1,25,0,26,0,11,47,0,58,10,0,10,68
07/20/2009,SLN,KS,ACE,CE,Federal Contract Tower,0,16,16,0,32,0,10,32,0,42,0,26,48,0,74,99,0,99,173
07/21/2009,SLN,KS,ACE,CE,Federal Contract Tower,0,18,18,1,37,0,13,27,1,41,0,31,45,2,78,38,0,38,116
07/22/2009,SLN,KS,ACE,CE,Federal Contract Tower,0,17,16,1,34,0,25,40,2,67,0,42,56,3,101,103,0,103,204
07/23/2009,SLN,KS,ACE,CE,Federal Contract Tower,0,22,20,1,43,0,25,35,6,66,0,47,55,7,109,31,0,31,140
07/24/2009,SLN,KS,ACE,CE,Federal Contract Tower,0,15,25,0,40,0,30,40,0,70,0,45,65,0,110,41,0,41,151
07/25/2009,SLN,KS,ACE,CE,Federal Contract Tower,0,13,12,1,26,0,0,18,0,18,0,13,30,1,44,4,0,4,48
07/26/2009,SLN,KS,ACE,CE,Federal Contract Tower,0,11,25,0,36,0,0,30,2,32,0,11,55,2,68,4,0,4,72
07/27/2009,SLN,KS,ACE,CE,Federal Contract Tower,0,15,9,0,24,0,18,37,0,55,0,33,46,0,79,48,0,48,127
07/28/2009,SLN,KS,ACE,CE,Federal Contract Tower,0,14,15,0,29,0,11,23,1,35,0,25,38,1,64,41,6,47,111
07/29/2009,SLN,KS,ACE,CE,Federal Contract Tower,0,11,22,2,35,0,26,40,4,70,0,37,62,6,105,81,0,81,186
07/30/2009,SLN,KS,ACE,CE,Federal Contract Tower,0,15,16,0,31,0,13,38,3,54,0,28,54,3,85,101,0,101,186
07/31/2009,SLN,KS,ACE,CE,Federal Contract Tower,0,15,15,0,30,0,16,29,3,48,0,31,44,3,78,56,0,56,134
08/01/2009,SLN,KS,ACE,CE,Federal Contract Tower,0,12,11,0,23,0,6,42,3,51,0,18,53,3,74,31,0,31,105
08/02/2009,SLN,KS,ACE,CE,Federal Contract Tower,0,11,11,2,24,0,1,27,0,28,0,12,38,2,52,2,0,2,54
08/03/2009,SLN,KS,ACE,CE,Federal Contract Tower,0,16,4,0,20,0,9,33,2,44,0,25,37,2,64,108,4,112,176
08/04/2009,SLN,KS,ACE,CE,Federal Contract Tower,0,19,15,1,35,0,23,38,2,63,0,42,53,3,98,105,10,115,213
08/05/2009,SLN,KS,ACE,CE,Federal Contract Tower,0,18,15,0,33,0,0,7,0,7,0,18,22,0,40,2,0,2,42
08/06/2009,SLN,KS,ACE,CE,Federal Contract Tower,0,12,36,0,48,0,3,14,0,17,0,15,50,0,65,31,0,31,96
08/07/2009,SLN,KS,ACE,CE,Federal Contract Tower,0,24,12,2,38,0,28,13,2,43,0,52,25,4,81,51,0,51,132
08/08/2009,SLN,KS,ACE,CE,Federal Contract Tower,0,13,5,0,18,0,1,6,0,7,0,14,11,0,25,0,0,0,25
08/09/2009,SLN,KS,ACE,CE,Federal Contract Tower,0,11,15,0,26,0,0,9,0,9,0,11,24,0,35,6,0,6,41
08/10/2009,SLN,KS,ACE,CE,Federal Contract Tower,0,12,10,0,22,0,27,27,0,54,0,39,37,0,76,90,0,90,166
08/11/2009,SLN,KS,ACE,CE,Federal Contract Tower,0,17,8,0,25,0,17,47,3,67,0,34,55,3,92,93,20,113,205
08/12/2009,SLN,KS,ACE,CE,Federal Contract Tower,0,15,13,0,28,0,21,51,0,72,0,36,64,0,100,30,0,30,130
08/13/2009,SLN,KS,ACE,CE,Federal Contract Tower,0,11,22,1,34,0,15,34,5,54,0,26,56,6,88,40,6,46,134
08/14/2009,SLN,KS,ACE,CE,Federal Contract Tower,0,12,17,0,29,0,14,15,5,34,0,26,32,5,63,31,10,41,104
08/15/2009,SLN,KS,ACE,CE,Federal Contract Tower,0,16,7,2,25,0,0,14,6,20,0,16,21,8,45,8,8,16,61
08/16/2009,SLN,KS,ACE,CE,Federal Contract Tower,0,11,11,0,22,0,0,12,0,12,0,11,23,0,34,0,0,0,34
08/17/2009,SLN,KS,ACE,CE,Federal Contract Tower,0,15,15,0,30,0,4,12,0,16,0,19,27,0,46,4,0,4,50
08/18/2009,SLN,KS,ACE,CE,Federal Contract Tower,0,13,12,2,27,0,7,22,0,29,0,20,34,2,56,77,0,77,133
08/19/2009,SLN,KS,ACE,CE,Federal Contract Tower,0,16,18,0,34,0,14,11,4,29,0,30,29,4,63,35,10,45,108
08/20/2009,SLN,KS,ACE,CE,Federal Contract Tower,0,15,17,1,33,0,2,16,6,24,0,17,33,7,57,4,2,6,63
08/21/2009,SLN,KS,ACE,CE,Federal Contract Tower,0,20,26,1,47,0,3,21,4,28,0,23,47,5,75,28,0,28,103
08/22/2009,SLN,KS,ACE,CE,Federal Contract Tower,0,15,15,0,30,0,2,36,0,38,0,17,51,0,68,17,0,17,85
08/23/2009,SLN,KS,ACE,CE,Federal Contract Tower,0,10,17,3,30,0,2,33,0,35,0,12,50,3,65,24,2,26,91
08/24/2009,SLN,KS,ACE,CE,Federal Contract Tower,0,15,18,2,35,0,11,33,2,46,0,26,51,4,81,66,0,66,147
08/25/2009,SLN,KS,ACE,CE,Federal Contract Tower,0,10,19,10,39,0,10,48,1,59,0,20,67,11,98,69,16,85,183
08/26/2009,SLN,KS,ACE,CE,Federal Contract Tower,0,19,22,6,47,0,21,35,3,59,0,40,57,9,106,102,20,122,228
08/27/2009,SLN,KS,ACE,CE,Federal Contract Tower,0,16,28,3,47,0,15,18,2,35,0,31,46,5,82,36,0,36,118
08/28/2009,SLN,KS,ACE,CE,Federal Contract Tower,0,13,23,1,37,0,58,53,1,112,0,71,76,2,149,106,0,106,255
08/29/2009,SLN,KS,ACE,CE,Federal Contract Tower,0,13,17,0,30,0,10,35,0,45,0,23,52,0,75,22,0,22,97
08/30/2009,SLN,KS,ACE,CE,Federal Contract Tower,0,11,11,0,22,0,3,42,0,45,0,14,53,0,67,50,0,50,117
08/31/2009,SLN,KS,ACE,CE,Federal Contract Tower,0,13,17,3,33,0,36,84,4,124,0,49,101,7,157,205,2,207,364
09/01/2009,SLN,KS,ACE,CE,Federal Contract Tower,0,25,20,1,46,0,49,83,4,136,0,74,103,5,182,134,2,136,318
09/02/2009,SLN,KS,ACE,CE,Federal Contract Tower,0,20,24,3,47,0,66,54,5,125,0,86,78,8,172,230,2,232,404
09/03/2009,SLN,KS,ACE,CE,Federal Contract Tower,2,14,11,4,31,0,52,37,3,92,2,66,48,7,123,143,27,170,293
09/04/2009,SLN,KS,ACE,CE,Federal Contract Tower,0,13,23,4,40,0,0,2,0,2,0,13,25,4,42,2,0,2,44
09/05/2009,SLN,KS,ACE,CE,Federal Contract Tower,0,14,21,0,35,0,0,11,0,11,0,14,32,0,46,26,0,26,72
09/06/2009,SLN,KS,ACE,CE,Federal Contract Tower,0,10,13,0,23,0,0,26,0,26,0,10,39,0,49,20,0,20,69
09/07/2009,SLN,KS,ACE,CE,Federal Contract Tower,0,10,21,0,31,0,5,28,0,33,0,15,49,0,64,9,0,9,73
09/08/2009,SLN,KS,ACE,CE,Federal Contract Tower,0,18,21,1,40,0,0,11,0,11,0,18,32,1,51,42,2,44,95
09/09/2009,SLN,KS,ACE,CE,Federal Contract Tower,0,18,15,2,35,0,6,2,0,8,0,24,17,2,43,18,0,18,61
09/10/2009,SLN,KS,ACE,CE,Federal Contract Tower,0,19,15,3,37,0,24,14,12,50,0,43,29,15,87,49,8,57,144
09/11/2009,SLN,KS,ACE,CE,Federal Contract Tower,0,24,14,0,38,0,48,31,1,80,0,72,45,1,118,135,0,135,253
09/12/2009,SLN,KS,ACE,CE,Federal Contract Tower,0,16,10,0,26,0,16,7,6,29,0,32,17,6,55,78,0,78,133
09/13/2009,SLN,KS,ACE,CE,Federal Contract Tower,0,14,15,0,29,0,16,34,2,52,0,30,49,2,81,54,0,54,135
09/14/2009,SLN,KS,ACE,CE,Federal Contract Tower,0,19,22,0,41,0,93,50,3,146,0,112,72,3,187,210,0,210,397
09/15/2009,SLN,KS,ACE,CE,Federal Contract Tower,0,18,14,2,34,0,67,49,2,118,0,85,63,4,152,172,0,172,324
09/16/2009,SLN,KS,ACE,CE,Federal Contract Tower,0,15,36,1,52,0,89,46,0,135,0,104,82,1,187,174,0,174,361
09/17/2009,SLN,KS,ACE,CE,Federal Contract Tower,0,24,28,0,52,0,57,46,5,108,0,81,74,5,160,167,0,167,327
09/18/2009,SLN,KS,ACE,CE,Federal Contract Tower,0,9,13,0,22,0,63,32,2,97,0,72,45,2,119,104,0,104,223
09/19/2009,SLN,KS,ACE,CE,Federal Contract Tower,0,10,13,0,23,0,14,40,0,54,0,24,53,0,77,48,0,48,125
09/20/2009,SLN,KS,ACE,CE,Federal Contract Tower,0,11,18,0,29,0,4,22,0,26,0,15,40,0,55,42,0,42,97
09/21/2009,SLN,KS,ACE,CE,Federal Contract Tower,0,14,11,1,26,0,20,17,1,38,0,34,28,2,64,54,0,54,118
09/22/2009,SLN,KS,ACE,CE,Federal Contract Tower,0,21,14,0,35,0,68,48,4,120,0,89,62,4,155,160,0,160,315
09/23/2009,SLN,KS,ACE,CE,Federal Contract Tower,0,18,13,1,32,0,52,32,1,85,0,70,45,2,117,134,0,134,251
09/24/2009,SLN,KS,ACE,CE,Federal Contract Tower,2,18,13,1,34,0,61,53,4,118,2,79,66,5,152,184,0,184,336
09/25/2009,SLN,KS,ACE,CE,Federal Contract Tower,0,19,27,0,46,0,37,11,4,52,0,56,38,4,98,116,8,124,222
09/26/2009,SLN,KS,ACE,CE,Federal Contract Tower,0,10,4,0,14,0,23,26,3,52,0,33,30,3,66,230,0,230,296
09/27/2009,SLN,KS,ACE,CE,Federal Contract Tower,0,12,14,0,26,0,1,23,0,24,0,13,37,0,50,40,0,40,90
09/28/2009,SLN,KS,ACE,CE,Federal Contract Tower,0,10,15,0,25,0,48,37,0,85,0,58,52,0,110,167,2,169,279
09/29/2009,SLN,KS,ACE,CE,Federal Contract Tower,2,22,17,8,49,0,85,49,4,138,2,107,66,12,187,190,20,210,397
09/30/2009,SLN,KS,ACE,CE,Federal Contract Tower,0,21,20,2,43,0,37,29,8,74,0,58,49,10,117,101,0,101,218
10/01/2009,SLN,KS,ACE,CE,Federal Contract Tower,0,13,15,4,32,0,22,17,5,44,0,35,32,9,76,30,0,30,106
10/02/2009,SLN,KS,ACE,CE,Federal Contract Tower,0,17,15,2,34,0,16,4,8,28,0,33,19,10,62,16,14,30,92
10/03/2009,SLN,KS,ACE,CE,Federal Contract Tower,0,12,9,0,21,0,16,23,0,39,0,28,32,0,60,22,0,22,82
10/04/2009,SLN,KS,ACE,CE,Federal Contract Tower,0,8,23,0,31,0,2,10,0,12,0,10,33,0,43,20,0,20,63
10/05/2009,SLN,KS,ACE,CE,Federal Contract Tower,0,19,18,5,42,0,9,9,0,18,0,28,27,5,60,32,30,62,122
10/06/2009,SLN,KS,ACE,CE,Federal Contract Tower,0,20,26,5,51,0,30,25,3,58,0,50,51,8,109,70,10,80,189
10/07/2009,SLN,KS,ACE,CE,Federal Contract Tower,0,21,37,1,59,0,68,25,4,97,0,89,62,5,156,136,0,136,292
10/08/2009,SLN,KS,ACE,CE,Federal Contract Tower,0,30,36,2,68,0,0,0,0,0,0,30,36,2,68,0,0,0,68
10/09/2009,SLN,KS,ACE,CE,Federal Contract Tower,0,24,23,2,49,0,66,18,8,92,0,90,41,10,141,141,2,143,284
10/10/2009,SLN,KS,ACE,CE,Federal Contract Tower,0,12,9,0,21,0,0,0,0,0,0,12,9,0,21,0,0,0,21
10/11/2009,SLN,KS,ACE,CE,Federal Contract Tower,0,12,29,0,41,0,1,1,0,2,0,13,30,0,43,0,0,0,43
10/12/2009,SLN,KS,ACE,CE,Federal Contract Tower,0,13,25,0,38,0,0,1,0,1,0,13,26,0,39,0,0,0,39
10/13/2009,SLN,KS,ACE,CE,Federal Contract Tower,0,19,51,0,70,0,2,5,0,7,0,21,56,0,77,44,0,44,121
10/14/2009,SLN,KS,ACE,CE,Federal Contract Tower,0,19,17,0,36,0,0,0,0,0,0,19,17,0,36,0,0,0,36
10/15/2009,SLN,KS,ACE,CE,Federal Contract Tower,0,31,30,1,62,0,10,1,4,15,0,41,31,5,77,20,16,36,113
10/16/2009,SLN,KS,ACE,CE,Federal Contract Tower,0,25,17,8,50,0,97,18,6,121,0,122,35,14,171,304,64,368,539
10/17/2009,SLN,KS,ACE,CE,Federal Contract Tower,0,12,16,0,28,0,57,31,0,88,0,69,47,0,116,176,0,176,292
10/18/2009,SLN,KS,ACE,CE,Federal Contract Tower,0,12,16,0,28,0,22,16,0,38,0,34,32,0,66,50,0,50,116
10/19/2009,SLN,KS,ACE,CE,Federal Contract Tower,0,20,17,3,40,0,73,37,30,140,0,93,54,33,180,173,28,201,381
10/20/2009,SLN,KS,ACE,CE,Federal Contract Tower,0,16,40,0,56,0,65,45,4,114,0,81,85,4,170,176,0,176,346
10/21/2009,SLN,KS,ACE,CE,Federal Contract Tower,0,18,33,4,55,0,8,10,1,19,0,26,43,5,74,82,4,86,160
10/22/2009,SLN,KS,ACE,CE,Federal Contract Tower,0,14,22,1,37,0,0,0,0,0,0,14,22,1,37,0,0,0,37
10/23/2009,SLN,KS,ACE,CE,Federal Contract Tower,0,12,25,1,38,0,34,10,0,44,0,46,35,1,82,52,0,52,134
10/24/2009,SLN,KS,ACE,CE,Federal Contract Tower,0,13,14,0,27,0,14,25,0,39,0,27,39,0,66,22,0,22,88
10/25/2009,SLN,KS,ACE,CE,Federal Contract Tower,0,19,12,0,31,0,0,16,0,16,0,19,28,0,47,4,0,4,51
10/26/2009,SLN,KS,ACE,CE,Federal Contract Tower,0,13,15,9,37,0,110,43,1,154,0,123,58,10,191,241,22,263,454
10/27/2009,SLN,KS,ACE,CE,Federal Contract Tower,0,20,12,5,37,0,102,26,3,131,0,122,38,8,168,201,0,201,369
10/28/2009,SLN,KS,ACE,CE,Federal Contract Tower,0,27,24,2,53,0,74,8,2,84,0,101,32,4,137,175,0,175,312
10/29/2009,SLN,KS,ACE,CE,Federal Contract Tower,0,16,18,5,39,0,17,3,0,20,0,33,21,5,59,32,0,32,91
10/30/2009,SLN,KS,ACE,CE,Federal Contract Tower,0,26,23,2,51,0,7,3,1,11,0,33,26,3,62,24,0,24,86
10/31/2009,SLN,KS,ACE,CE,Federal Contract Tower,0,13,10,0,23,0,16,21,0,37,0,29,31,0,60,70,0,70,130
11/01/2009,SLN,KS,ACE,CE,Federal Contract Tower,0,16,10,4,30,0,25,29,0,54,0,41,39,4,84,81,0,81,165
11/02/2009,SLN,KS,ACE,CE,Federal Contract Tower,0,9,26,2,37,0,101,25,0,126,0,110,51,2,163,250,0,250,413
11/03/2009,SLN,KS,ACE,CE,Federal Contract Tower,0,25,19,4,48,0,91,37,2,130,0,116,56,6,178,130,8,138,316
11/04/2009,SLN,KS,ACE,CE,Federal Contract Tower,0,15,21,0,36,0,95,22,2,119,0,110,43,2,155,190,0,190,345
11/05/2009,SLN,KS,ACE,CE,Federal Contract Tower,0,24,20,2,46,0,79,31,12,122,0,103,51,14,168,133,0,133,301
11/06/2009,SLN,KS,ACE,CE,Federal Contract Tower,0,23,22,9,54,0,47,26,5,78,0,70,48,14,132,88,12,100,232
11/07/2009,SLN,KS,ACE,CE,Federal Contract Tower,0,16,5,3,24,0,11,34,6,51,0,27,39,9,75,14,0,14,89
11/08/2009,SLN,KS,ACE,CE,Federal Contract Tower,0,14,17,4,35,0,7,21,3,31,0,21,38,7,66,2,0,2,68
11/09/2009,SLN,KS,ACE,CE,Federal Contract Tower,0,15,7,1,23,0,30,7,9,46,0,45,14,10,69,112,0,112,181
11/10/2009,SLN,KS,ACE,CE,Federal Contract Tower,0,19,18,2,39,0,21,13,5,39,0,40,31,7,78,88,0,88,166
11/11/2009,SLN,KS,ACE,CE,Federal Contract Tower,0,17,37,1,55,0,85,27,1,113,0,102,64,2,168,200,0,200,368
11/12/2009,SLN,KS,ACE,CE,Federal Contract Tower,0,20,24,0,44,0,10,10,4,24,0,30,34,4,68,28,0,28,96
11/13/2009,SLN,KS,ACE,CE,Federal Contract Tower,0,24,31,6,61,0,36,19,17,72,0,60,50,23,133,84,0,84,217
11/14/2009,SLN,KS,ACE,CE,Federal Contract Tower,0,11,11,2,24,0,2,8,0,10,0,13,19,2,34,10,0,10,44
11/15/2009,SLN,KS,ACE,CE,Federal Contract Tower,0,11,12,0,23,0,0,0,0,0,0,11,12,0,23,0,0,0,23
11/16/2009,SLN,KS,ACE,CE,Federal Contract Tower,0,12,6,0,18,0,0,0,0,0,0,12,6,0,18,0,0,0,18
11/17/2009,SLN,KS,ACE,CE,Federal Contract Tower,0,15,25,0,40,0,78,22,27,127,0,93,47,27,167,186,12,198,365
11/18/2009,SLN,KS,ACE,CE,Federal Contract Tower,0,15,13,5,33,0,107,39,34,180,0,122,52,39,213,210,36,246,459
11/19/2009,SLN,KS,ACE,CE,Federal Contract Tower,0,17,15,5,37,0,94,21,41,156,0,111,36,46,193,206,16,222,415
11/20/2009,SLN,KS,ACE,CE,Federal Contract Tower,0,12,15,6,33,0,74,31,29,134,0,86,46,35,167,167,66,233,400
11/21/2009,SLN,KS,ACE,CE,Federal Contract Tower,0,16,22,2,40,0,6,13,3,22,0,22,35,5,62,66,0,66,128
11/22/2009,SLN,KS,ACE,CE,Federal Contract Tower,0,8,18,1,27,0,2,5,0,7,0,10,23,1,34,8,0,8,42
11/23/2009,SLN,KS,ACE,CE,Federal Contract Tower,0,9,2,1,12,0,0,0,0,0,0,9,2,1,12,2,2,4,16
11/24/2009,SLN,KS,ACE,CE,Federal Contract Tower,0,23,15,2,40,0,34,17,37,88,0,57,32,39,128,34,21,55,183
11/25/2009,SLN,KS,ACE,CE,Federal Contract Tower,0,13,11,6,30,0,6,30,24,60,0,19,41,30,90,44,12,56,146
11/26/2009,SLN,KS,ACE,CE,Federal Contract Tower,0,4,3,0,7,0,0,19,0,19,0,4,22,0,26,6,0,6,32
11/27/2009,SLN,KS,ACE,CE,Federal Contract Tower,0,13,13,1,27,0,8,18,12,38,0,21,31,13,65,16,0,16,81
11/28/2009,SLN,KS,ACE,CE,Federal Contract Tower,0,12,12,0,24,0,1,26,0,27,0,13,38,0,51,20,0,20,71
11/29/2009,SLN,KS,ACE,CE,Federal Contract Tower,0,20,28,0,48,0,6,7,0,13,0,26,35,0,61,12,0,12,73
11/30/2009,SLN,KS,ACE,CE,Federal Contract Tower,0,19,14,3,36,0,64,16,3,83,0,83,30,6,119,199,4,203,322
12/01/2009,SLN,KS,ACE,CE,Federal Contract Tower,0,18,17,2,37,0,60,28,15,103,0,78,45,17,140,146,10,156,296
12/02/2009,SLN,KS,ACE,CE,Federal Contract Tower,0,13,13,1,27,0,59,9,1,69,0,72,22,2,96,87,0,87,183
12/03/2009,SLN,KS,ACE,CE,Federal Contract Tower,0,15,19,11,45,0,75,13,9,97,0,90,32,20,142,168,8,176,318
12/04/2009,SLN,KS,ACE,CE,Federal Contract Tower,0,10,20,1,31,0,69,19,0,88,0,79,39,1,119,64,0,64,183
12/05/2009,SLN,KS,ACE,CE,Federal Contract Tower,0,12,12,3,27,0,38,20,0,58,0,50,32,3,85,94,0,94,179
12/06/2009,SLN,KS,ACE,CE,Federal Contract Tower,0,10,10,0,20,0,0,3,0,3,0,10,13,0,23,4,0,4,27
12/07/2009,SLN,KS,ACE,CE,Federal Contract Tower,0,25,15,2,42,0,32,4,1,37,0,57,19,3,79,76,2,78,157
12/08/2009,SLN,KS,ACE,CE,Federal Contract Tower,0,1,1,0,2,0,0,0,0,0,0,1,1,0,2,0,0,0,2
12/09/2009,SLN,KS,ACE,CE,Federal Contract Tower,0,19,19,0,38,0,14,7,0,21,0,33,26,0,59,18,0,18,77
12/10/2009,SLN,KS,ACE,CE,Federal Contract Tower,0,18,29,0,47,0,64,11,0,75,0,82,40,0,122,137,0,137,259
12/11/2009,SLN,KS,ACE,CE,Federal Contract Tower,0,12,14,0,26,0,61,29,4,94,0,73,43,4,120,131,0,131,251
12/12/2009,SLN,KS,ACE,CE,Federal Contract Tower,0,8,12,0,20,0,0,0,0,0,0,8,12,0,20,0,0,0,20
12/13/2009,SLN,KS,ACE,CE,Federal Contract Tower,0,5,3,0,8,0,0,0,0,0,0,5,3,0,8,0,0,0,8
12/14/2009,SLN,KS,ACE,CE,Federal Contract Tower,0,17,14,0,31,0,23,14,2,39,0,40,28,2,70,57,4,61,131
12/15/2009,SLN,KS,ACE,CE,Federal Contract Tower,0,14,16,0,30,0,48,15,0,63,0,62,31,0,93,111,0,111,204
12/16/2009,SLN,KS,ACE,CE,Federal Contract Tower,0,23,18,0,41,0,60,22,0,82,0,83,40,0,123,130,0,130,253
12/17/2009,SLN,KS,ACE,CE,Federal Contract Tower,0,18,15,2,35,0,45,34,3,82,0,63,49,5,117,130,6,136,253
12/18/2009,SLN,KS,ACE,CE,Federal Contract Tower,0,16,32,2,50,0,30,16,5,51,0,46,48,7,101,97,18,115,216
12/19/2009,SLN,KS,ACE,CE,Federal Contract Tower,0,12,20,2,34,0,4,2,0,6,0,16,22,2,40,4,0,4,44
12/20/2009,SLN,KS,ACE,CE,Federal Contract Tower,0,14,20,0,34,0,12,29,0,41,0,26,49,0,75,58,0,58,133
12/21/2009,SLN,KS,ACE,CE,Federal Contract Tower,0,15,16,6,37,0,32,43,2,77,0,47,59,8,114,127,2,129,243
12/22/2009,SLN,KS,ACE,CE,Federal Contract Tower,0,12,9,0,21,0,0,0,0,0,0,12,9,0,21,0,0,0,21
12/23/2009,SLN,KS,ACE,CE,Federal Contract Tower,0,6,2,0,8,0,0,0,0,0,0,6,2,0,8,0,0,0,8
12/24/2009,SLN,KS,ACE,CE,Federal Contract Tower,0,2,2,0,4,0,0,0,0,0,0,2,2,0,4,0,0,0,4
12/25/2009,SLN,KS,ACE,CE,Federal Contract Tower,0,2,2,0,4,0,0,0,0,0,0,2,2,0,4,0,0,0,4
12/26/2009,SLN,KS,ACE,CE,Federal Contract Tower,0,14,13,0,27,0,0,0,0,0,0,14,13,0,27,0,0,0,27
12/27/2009,SLN,KS,ACE,CE,Federal Contract Tower,0,19,33,0,52,0,0,2,0,2,0,19,35,0,54,4,0,4,58
12/28/2009,SLN,KS,ACE,CE,Federal Contract Tower,0,8,12,3,23,0,11,18,1,30,0,19,30,4,53,26,2,28,81
12/29/2009,SLN,KS,ACE,CE,Federal Contract Tower,0,23,7,0,30,0,0,0,0,0,0,23,7,0,30,0,0,0,30
12/30/2009,SLN,KS,ACE,CE,Federal Contract Tower,2,8,22,3,35,0,0,2,0,2,2,8,24,3,37,0,0,0,37
12/31/2009,SLN,KS,ACE,CE,Federal Contract Tower,0,16,13,0,29,0,6,10,0,16,0,22,23,0,45,43,0,43,88
01/01/2010,SLN,KS,ACE,CE,Federal Contract Tower,0,12,11,0,23,0,0,4,0,4,0,12,15,0,27,7,0,7,34
01/02/2010,SLN,KS,ACE,CE,Federal Contract Tower,0,8,16,0,24,0,0,3,0,3,0,8,19,0,27,0,0,0,27
01/03/2010,SLN,KS,ACE,CE,Federal Contract Tower,0,12,27,0,39,0,0,0,0,0,0,12,27,0,39,0,0,0,39
01/04/2010,SLN,KS,ACE,CE,Federal Contract Tower,0,23,13,0,36,0,7,5,0,12,0,30,18,0,48,18,0,18,66
01/05/2010,SLN,KS,ACE,CE,Federal Contract Tower,0,17,19,0,36,0,0,6,2,8,0,17,25,2,44,0,0,0,44
01/06/2010,SLN,KS,ACE,CE,Federal Contract Tower,0,13,14,2,29,0,0,0,2,2,0,13,14,4,31,0,10,10,41
01/07/2010,SLN,KS,ACE,CE,Federal Contract Tower,0,13,11,2,26,0,1,4,0,5,0,14,15,2,31,10,0,10,41
01/08/2010,SLN,KS,ACE,CE,Federal Contract Tower,0,16,18,8,42,0,4,15,5,24,0,20,33,13,66,16,34,50,116
01/09/2010,SLN,KS,ACE,CE,Federal Contract Tower,0,3,10,0,13,0,4,6,4,14,0,7,16,4,27,10,4,14,41
01/10/2010,SLN,KS,ACE,CE,Federal Contract Tower,0,10,8,0,18,0,3,6,0,9,0,13,14,0,27,8,0,8,35
01/11/2010,SLN,KS,ACE,CE,Federal Contract Tower,0,13,27,1,41,0,25,11,0,36,0,38,38,1,77,19,0,19,96
01/12/2010,SLN,KS,ACE,CE,Federal Contract Tower,0,12,4,0,16,0,1,10,2,13,0,13,14,2,29,14,18,32,61
01/13/2010,SLN,KS,ACE,CE,Federal Contract Tower,0,16,10,7,33,0,22,27,1,50,0,38,37,8,83,88,2,90,173
01/14/2010,SLN,KS,ACE,CE,Federal Contract Tower,0,15,22,6,43,0,21,24,9,54,0,36,46,15,97,116,24,140,237
01/15/2010,SLN,KS,ACE,CE,Federal Contract Tower,0,17,25,5,47,0,18,11,4,33,0,35,36,9,80,40,0,40,120
01/16/2010,SLN,KS,ACE,CE,Federal Contract Tower,0,1,13,0,14,0,4,1,0,5,0,5,14,0,19,6,0,6,25
01/17/2010,SLN,KS,ACE,CE,Federal Contract Tower,0,10,17,0,27,0,12,35,0,47,0,22,52,0,74,44,0,44,118
01/18/2010,SLN,KS,ACE,CE,Federal Contract Tower,0,0,1,0,1,0,0,0,0,0,0,0,1,0,1,0,0,0,1
01/19/2010,SLN,KS,ACE,CE,Federal Contract Tower,0,0,0,0,0,0,0,0,0,0,0,0,0,0,0,0,0,0,0
01/20/2010,SLN,KS,ACE,CE,Federal Contract Tower,0,16,7,3,26,0,2,3,2,7,0,18,10,5,33,10,8,18,51
01/21/2010,SLN,KS,ACE,CE,Federal Contract Tower,0,13,16,2,31,0,0,0,0,0,0,13,16,2,31,0,0,0,31
01/22/2010,SLN,KS,ACE,CE,Federal Contract Tower,0,14,15,4,33,0,25,8,7,40,0,39,23,11,73,24,10,34,107
01/23/2010,SLN,KS,ACE,CE,Federal Contract Tower,0,16,12,0,28,0,10,28,3,41,0,26,40,3,69,12,0,12,81
01/24/2010,SLN,KS,ACE,CE,Federal Contract Tower,0,12,13,0,25,0,10,16,0,26,0,22,29,0,51,30,0,30,81
01/25/2010,SLN,KS,ACE,CE,Federal Contract Tower,0,11,8,1,20,0,30,21,0,51,0,41,29,1,71,65,0,65,136
01/26/2010,SLN,KS,ACE,CE,Federal Contract Tower,0,16,12,1,29,0,86,41,12,139,0,102,53,13,168,184,18,202,370
01/27/2010,SLN,KS,ACE,CE,Federal Contract Tower,0,15,17,2,34,0,82,18,11,111,0,97,35,13,145,117,22,139,284
01/28/2010,SLN,KS,ACE,CE,Federal Contract Tower,0,14,20,0,34,0,38,10,7,55,0,52,30,7,89,69,12,81,170
01/29/2010,SLN,KS,ACE,CE,Federal Contract Tower,0,12,7,2,21,0,0,1,4,5,0,12,8,6,26,0,0,0,26
01/30/2010,SLN,KS,ACE,CE,Federal Contract Tower,0,12,11,0,23,0,16,25,0,41,0,28,36,0,64,14,0,14,78
01/31/2010,SLN,KS,ACE,CE,Federal Contract Tower,0,3,11,0,14,0,0,12,0,12,0,3,23,0,26,4,0,4,30
02/01/2010,SLN,KS,ACE,CE,Federal Contract Tower,0,8,16,2,26,0,0,2,0,2,0,8,18,2,28,0,0,0,28
02/02/2010,SLN,KS,ACE,CE,Federal Contract Tower,0,18,14,0,32,0,44,29,5,78,0,62,43,5,110,82,2,84,194
02/03/2010,SLN,KS,ACE,CE,Federal Contract Tower,0,13,17,0,30,0,37,10,3,50,0,50,27,3,80,61,0,61,141
02/04/2010,SLN,KS,ACE,CE,Federal Contract Tower,0,11,3,0,14,0,0,0,0,0,0,11,3,0,14,0,0,0,14
02/05/2010,SLN,KS,ACE,CE,Federal Contract Tower,0,17,23,0,40,0,0,2,0,2,0,17,25,0,42,0,0,0,42
02/06/2010,SLN,KS,ACE,CE,Federal Contract Tower,0,11,11,0,22,0,0,0,0,0,0,11,11,0,22,0,0,0,22
02/07/2010,SLN,KS,ACE,CE,Federal Contract Tower,0,6,5,0,11,0,0,3,0,3,0,6,8,0,14,0,0,0,14
02/08/2010,SLN,KS,ACE,CE,Federal Contract Tower,0,17,18,0,35,0,1,0,0,1,0,18,18,0,36,0,0,0,36
02/09/2010,SLN,KS,ACE,CE,Federal Contract Tower,0,22,19,2,43,0,67,11,4,82,0,89,30,6,125,111,18,129,254
02/10/2010,SLN,KS,ACE,CE,Federal Contract Tower,0,17,9,2,28,0,62,19,7,88,0,79,28,9,116,158,14,172,288
02/11/2010,SLN,KS,ACE,CE,Federal Contract Tower,0,19,25,4,48,0,73,7,11,91,0,92,32,15,139,101,2,103,242
02/12/2010,SLN,KS,ACE,CE,Federal Contract Tower,0,14,16,1,31,0,65,20,7,92,0,79,36,8,123,167,20,187,310
02/13/2010,SLN,KS,ACE,CE,Federal Contract Tower,0,6,16,0,22,0,16,20,0,36,0,22,36,0,58,48,0,48,106
02/14/2010,SLN,KS,ACE,CE,Federal Contract Tower,0,9,9,0,18,0,2,1,0,3,0,11,10,0,21,6,0,6,27
02/15/2010,SLN,KS,ACE,CE,Federal Contract Tower,0,14,17,0,31,0,42,2,0,44,0,56,19,0,75,75,0,75,150
02/16/2010,SLN,KS,ACE,CE,Federal Contract Tower,0,14,24,3,41,0,43,10,0,53,0,57,34,3,94,114,0,114,208
02/17/2010,SLN,KS,ACE,CE,Federal Contract Tower,0,18,27,10,55,0,103,25,12,140,0,121,52,22,195,176,24,200,395
02/18/2010,SLN,KS,ACE,CE,Federal Contract Tower,0,12,31,3,46,0,82,31,11,124,0,94,62,14,170,232,2,234,404
02/19/2010,SLN,KS,ACE,CE,Federal Contract Tower,0,9,17,2,28,0,5,2,0,7,0,14,19,2,35,26,0,26,61
02/20/2010,SLN,KS,ACE,CE,Federal Contract Tower,0,10,22,4,36,0,0,0,0,0,0,10,22,4,36,0,0,0,36
02/21/2010,SLN,KS,ACE,CE,Federal Contract Tower,0,3,9,0,12,0,0,0,0,0,0,3,9,0,12,0,0,0,12
02/22/2010,SLN,KS,ACE,CE,Federal Contract Tower,0,12,13,0,25,0,26,7,6,39,0,38,20,6,64,81,0,81,145
02/23/2010,SLN,KS,ACE,CE,Federal Contract Tower,0,16,17,2,35,0,54,7,18,79,0,70,24,20,114,133,8,141,255
02/24/2010,SLN,KS,ACE,CE,Federal Contract Tower,0,18,18,2,38,0,76,14,15,105,0,94,32,17,143,126,2,128,271
02/25/2010,SLN,KS,ACE,CE,Federal Contract Tower,0,17,22,4,43,0,66,19,23,108,0,83,41,27,151,156,24,180,331
02/26/2010,SLN,KS,ACE,CE,Federal Contract Tower,0,14,18,8,40,0,45,29,17,91,0,59,47,25,131,142,36,178,309
02/27/2010,SLN,KS,ACE,CE,Federal Contract Tower,0,8,16,1,25,0,9,13,0,22,0,17,29,1,47,20,0,20,67
02/28/2010,SLN,KS,ACE,CE,Federal Contract Tower,0,12,19,1,32,0,0,22,0,22,0,12,41,1,54,14,0,14,68
03/01/2010,SLN,KS,ACE,CE,Federal Contract Tower,0,14,4,6,24,0,39,9,25,73,0,53,13,31,97,140,16,156,253
03/02/2010,SLN,KS,ACE,CE,Federal Contract Tower,0,19,20,3,42,0,59,28,30,117,0,78,48,33,159,135,18,153,312
03/03/2010,SLN,KS,ACE,CE,Federal Contract Tower,0,30,18,3,51,0,62,29,35,126,0,92,47,38,177,206,14,220,397
03/04/2010,SLN,KS,ACE,CE,Federal Contract Tower,0,19,25,9,53,0,72,28,42,142,0,91,53,51,195,192,8,200,395
03/05/2010,SLN,KS,ACE,CE,Federal Contract Tower,0,14,29,2,45,0,55,18,26,99,0,69,47,28,144,119,22,141,285
03/06/2010,SLN,KS,ACE,CE,Federal Contract Tower,0,10,19,3,32,0,14,26,24,64,0,24,45,27,96,82,16,98,194
03/07/2010,SLN,KS,ACE,CE,Federal Contract Tower,0,8,22,0,30,0,6,7,0,13,0,14,29,0,43,66,0,66,109
03/08/2010,SLN,KS,ACE,CE,Federal Contract Tower,0,15,27,0,42,0,1,2,0,3,0,16,29,0,45,34,0,34,79
03/09/2010,SLN,KS,ACE,CE,Federal Contract Tower,0,33,21,2,56,0,12,2,1,15,0,45,23,3,71,40,17,57,128
03/10/2010,SLN,KS,ACE,CE,Federal Contract Tower,0,20,21,3,44,0,7,2,3,12,0,27,23,6,56,38,12,50,106
03/11/2010,SLN,KS,ACE,CE,Federal Contract Tower,0,18,21,1,40,0,12,4,6,22,0,30,25,7,62,27,0,27,89
03/12/2010,SLN,KS,ACE,CE,Federal Contract Tower,0,15,22,1,38,0,0,1,3,4,0,15,23,4,42,0,0,0,42
03/13/2010,SLN,KS,ACE,CE,Federal Contract Tower,0,11,16,0,27,0,4,21,0,25,0,15,37,0,52,48,0,48,100
03/14/2010,SLN,KS,ACE,CE,Federal Contract Tower,0,12,26,6,44,0,0,7,2,9,0,12,33,8,53,0,6,6,59
03/15/2010,SLN,KS,ACE,CE,Federal Contract Tower,0,13,11,0,24,0,20,16,0,36,0,33,27,0,60,34,0,34,94
03/16/2010,SLN,KS,ACE,CE,Federal Contract Tower,0,12,31,8,51,0,5,11,9,25,0,17,42,17,76,15,0,15,91
03/17/2010,SLN,KS,ACE,CE,Federal Contract Tower,0,16,18,0,34,0,30,17,2,49,0,46,35,2,83,87,2,89,172
03/18/2010,SLN,KS,ACE,CE,Federal Contract Tower,0,18,33,6,57,0,42,25,4,71,0,60,58,10,128,110,24,134,262
03/19/2010,SLN,KS,ACE,CE,Federal Contract Tower,0,11,13,0,24,0,1,5,0,6,0,12,18,0,30,13,0,13,43
03/20/2010,SLN,KS,ACE,CE,Federal Contract Tower,0,6,13,0,19,0,0,1,0,1,0,6,14,0,20,0,0,0,20
03/21/2010,SLN,KS,ACE,CE,Federal Contract Tower,0,15,30,4,49,0,13,18,4,35,0,28,48,8,84,40,0,40,124
03/22/2010,SLN,KS,ACE,CE,Federal Contract Tower,0,10,11,3,24,0,53,24,5,82,0,63,35,8,106,170,12,182,288
03/23/2010,SLN,KS,ACE,CE,Federal Contract Tower,0,19,11,3,33,0,86,39,1,126,0,105,50,4,159,224,0,224,383
03/24/2010,SLN,KS,ACE,CE,Federal Contract Tower,0,17,17,2,36,0,0,1,0,1,0,17,18,2,37,0,0,0,37
03/25/2010,SLN,KS,ACE,CE,Federal Contract Tower,0,17,22,0,39,0,70,36,1,107,0,87,58,1,146,176,0,176,322
03/26/2010,SLN,KS,ACE,CE,Federal Contract Tower,0,13,21,3,37,0,40,14,7,61,0,53,35,10,98,66,0,66,164
03/27/2010,SLN,KS,ACE,CE,Federal Contract Tower,0,6,9,0,15,0,0,0,0,0,0,6,9,0,15,0,0,0,15
03/28/2010,SLN,KS,ACE,CE,Federal Contract Tower,0,10,17,0,27,0,21,28,0,49,0,31,45,0,76,60,0,60,136
03/29/2010,SLN,KS,ACE,CE,Federal Contract Tower,0,12,13,1,26,0,70,43,2,115,0,82,56,3,141,138,0,138,279
03/30/2010,SLN,KS,ACE,CE,Federal Contract Tower,0,21,26,2,49,0,78,24,1,103,0,99,50,3,152,217,12,229,381
03/31/2010,SLN,KS,ACE,CE,Federal Contract Tower,0,14,20,1,35,0,89,28,1,118,0,103,48,2,153,231,0,231,384
04/01/2010,SLN,KS,ACE,CE,Federal Contract Tower,0,22,14,1,37,0,53,18,6,77,0,75,32,7,114,107,2,109,223
04/02/2010,SLN,KS,ACE,CE,Federal Contract Tower,0,16,13,2,31,0,37,21,2,60,0,53,34,4,91,101,8,109,200
04/03/2010,SLN,KS,ACE,CE,Federal Contract Tower,0,13,13,0,26,0,3,37,0,40,0,16,50,0,66,20,0,20,86
04/04/2010,SLN,KS,ACE,CE,Federal Contract Tower,0,11,8,0,19,0,4,15,0,19,0,15,23,0,38,12,0,12,50
04/05/2010,SLN,KS,ACE,CE,Federal Contract Tower,0,18,16,0,34,0,50,7,0,57,0,68,23,0,91,70,0,70,161
04/06/2010,SLN,KS,ACE,CE,Federal Contract Tower,0,19,16,0,35,0,21,9,2,32,0,40,25,2,67,61,0,61,128
04/07/2010,SLN,KS,ACE,CE,Federal Contract Tower,0,21,10,2,33,0,4,1,0,5,0,25,11,2,38,0,0,0,38
04/08/2010,SLN,KS,ACE,CE,Federal Contract Tower,0,20,29,1,50,0,103,34,1,138,0,123,63,2,188,239,0,239,427
04/09/2010,SLN,KS,ACE,CE,Federal Contract Tower,0,15,16,0,31,0,47,29,1,77,0,62,45,1,108,144,0,144,252
04/10/2010,SLN,KS,ACE,CE,Federal Contract Tower,0,11,10,0,21,0,13,43,1,57,0,24,53,1,78,56,0,56,134
04/11/2010,SLN,KS,ACE,CE,Federal Contract Tower,0,16,21,0,37,0,26,10,1,37,0,42,31,1,74,44,0,44,118
04/12/2010,SLN,KS,ACE,CE,Federal Contract Tower,0,18,16,1,35,0,73,32,1,106,0,91,48,2,141,222,0,222,363
04/13/2010,SLN,KS,ACE,CE,Federal Contract Tower,0,21,22,0,43,0,39,8,1,48,0,60,30,1,91,54,0,54,145
04/14/2010,SLN,KS,ACE,CE,Federal Contract Tower,0,20,20,0,40,0,40,14,4,58,0,60,34,4,98,120,0,120,218
04/15/2010,SLN,KS,ACE,CE,Federal Contract Tower,0,15,27,2,44,0,56,12,4,72,0,71,39,6,116,194,4,198,314
04/16/2010,SLN,KS,ACE,CE,Federal Contract Tower,0,22,38,13,73,0,43,14,4,61,0,65,52,17,134,111,70,181,315
04/17/2010,SLN,KS,ACE,CE,Federal Contract Tower,0,12,8,0,20,0,22,37,0,59,0,34,45,0,79,78,0,78,157
04/18/2010,SLN,KS,ACE,CE,Federal Contract Tower,0,16,11,2,29,0,28,21,2,51,0,44,32,4,80,50,8,58,138
04/19/2010,SLN,KS,ACE,CE,Federal Contract Tower,0,17,19,3,39,0,87,29,2,118,0,104,48,5,157,220,12,232,389
04/20/2010,SLN,KS,ACE,CE,Federal Contract Tower,0,19,17,2,38,0,86,29,2,117,0,105,46,4,155,234,0,234,389
04/21/2010,SLN,KS,ACE,CE,Federal Contract Tower,0,28,21,0,49,0,46,24,2,72,0,74,45,2,121,165,8,173,294
04/22/2010,SLN,KS,ACE,CE,Federal Contract Tower,0,13,13,0,26,0,0,4,4,8,0,13,17,4,34,0,14,14,48
04/23/2010,SLN,KS,ACE,CE,Federal Contract Tower,0,25,8,1,34,0,28,7,3,38,0,53,15,4,72,44,0,44,116
04/24/2010,SLN,KS,ACE,CE,Federal Contract Tower,0,4,16,1,21,0,9,22,4,35,0,13,38,5,56,8,18,26,82
04/25/2010,SLN,KS,ACE,CE,Federal Contract Tower,0,15,18,0,33,0,19,11,0,30,0,34,29,0,63,22,0,22,85
04/26/2010,SLN,KS,ACE,CE,Federal Contract Tower,0,22,23,1,46,0,46,19,1,66,0,68,42,2,112,6,0,6,118
04/27/2010,SLN,KS,ACE,CE,Federal Contract Tower,0,18,13,3,34,0,91,29,9,129,0,109,42,12,163,242,0,242,405
04/28/2010,SLN,KS,ACE,CE,Federal Contract Tower,0,19,16,2,37,0,26,10,0,36,0,45,26,2,73,36,0,36,109
04/29/2010,SLN,KS,ACE,CE,Federal Contract Tower,0,19,20,2,41,0,63,8,9,80,0,82,28,11,121,87,0,87,208
04/30/2010,SLN,KS,ACE,CE,Federal Contract Tower,0,19,28,0,47,0,47,26,5,78,0,66,54,5,125,125,2,127,252
05/01/2010,SLN,KS,ACE,CE,Federal Contract Tower,0,3,13,0,16,0,28,20,10,58,0,31,33,10,74,60,0,60,134
05/02/2010,SLN,KS,ACE,CE,Federal Contract Tower,0,14,30,0,44,0,18,21,4,43,0,32,51,4,87,60,0,60,147
05/03/2010,SLN,KS,ACE,CE,Federal Contract Tower,0,18,16,1,35,0,82,28,1,111,0,100,44,2,146,210,0,210,356
05/04/2010,SLN,KS,ACE,CE,Federal Contract Tower,0,21,16,1,38,0,65,16,9,90,0,86,32,10,128,154,6,160,288
05/05/2010,SLN,KS,ACE,CE,Federal Contract Tower,0,25,15,0,40,0,63,15,5,83,0,88,30,5,123,210,4,214,337
05/06/2010,SLN,KS,ACE,CE,Federal Contract Tower,0,12,18,0,30,0,59,7,0,66,0,71,25,0,96,112,0,112,208
05/07/2010,SLN,KS,ACE,CE,Federal Contract Tower,0,14,18,0,32,0,20,9,3,32,0,34,27,3,64,24,0,24,88
05/08/2010,SLN,KS,ACE,CE,Federal Contract Tower,0,4,5,0,9,0,10,36,0,46,0,14,41,0,55,44,0,44,99
05/09/2010,SLN,KS,ACE,CE,Federal Contract Tower,0,9,17,0,26,0,5,13,0,18,0,14,30,0,44,24,0,24,68
05/10/2010,SLN,KS,ACE,CE,Federal Contract Tower,0,11,15,0,26,0,0,0,0,0,0,11,15,0,26,0,0,0,26
05/11/2010,SLN,KS,ACE,CE,Federal Contract Tower,3,26,28,0,57,0,53,30,0,83,3,79,58,0,140,187,0,187,327
05/12/2010,SLN,KS,ACE,CE,Federal Contract Tower,0,15,17,0,32,0,0,0,0,0,0,15,17,0,32,0,0,0,32
05/13/2010,SLN,KS,ACE,CE,Federal Contract Tower,0,15,29,3,47,0,61,24,7,92,0,76,53,10,139,164,42,206,345
05/14/2010,SLN,KS,ACE,CE,Federal Contract Tower,0,7,37,1,45,0,27,28,11,66,0,34,65,12,111,62,0,62,173
05/15/2010,SLN,KS,ACE,CE,Federal Contract Tower,0,8,11,0,19,0,0,3,0,3,0,8,14,0,22,14,0,14,36
05/16/2010,SLN,KS,ACE,CE,Federal Contract Tower,0,9,10,0,19,0,6,4,0,10,0,15,14,0,29,24,0,24,53
05/17/2010,SLN,KS,ACE,CE,Federal Contract Tower,2,19,20,0,41,0,28,20,0,48,2,47,40,0,89,137,0,137,226
05/18/2010,SLN,KS,ACE,CE,Federal Contract Tower,0,20,22,1,43,0,35,20,2,57,0,55,42,3,100,61,0,61,161
05/19/2010,SLN,KS,ACE,CE,Federal Contract Tower,2,15,8,0,25,0,0,0,0,0,2,15,8,0,25,0,0,0,25
05/20/2010,SLN,KS,ACE,CE,Federal Contract Tower,0,18,25,8,51,0,1,3,0,4,0,19,28,8,55,10,0,10,65
05/21/2010,SLN,KS,ACE,CE,Federal Contract Tower,0,17,10,7,34,0,39,37,9,85,0,56,47,16,119,110,2,112,231
05/22/2010,SLN,KS,ACE,CE,Federal Contract Tower,0,10,13,0,23,0,8,4,1,13,0,18,17,1,36,30,0,30,66
05/23/2010,SLN,KS,ACE,CE,Federal Contract Tower,0,10,35,0,45,0,10,13,0,23,0,20,48,0,68,18,0,18,86
05/24/2010,SLN,KS,ACE,CE,Federal Contract Tower,0,15,12,2,29,0,28,22,2,52,0,43,34,4,81,95,0,95,176
05/25/2010,SLN,KS,ACE,CE,Federal Contract Tower,0,13,15,4,32,0,43,17,5,65,0,56,32,9,97,80,0,80,177
05/26/2010,SLN,KS,ACE,CE,Federal Contract Tower,0,11,23,1,35,0,43,20,4,67,0,54,43,5,102,91,0,91,193
05/27/2010,SLN,KS,ACE,CE,Federal Contract Tower,0,14,25,1,40,0,51,19,4,74,0,65,44,5,114,101,0,101,215
05/28/2010,SLN,KS,ACE,CE,Federal Contract Tower,0,20,11,0,31,0,19,32,6,57,0,39,43,6,88,31,0,31,119
05/29/2010,SLN,KS,ACE,CE,Federal Contract Tower,0,5,5,0,10,0,15,20,0,35,0,20,25,0,45,2,0,2,47
05/30/2010,SLN,KS,ACE,CE,Federal Contract Tower,0,12,7,0,19,0,0,9,0,9,0,12,16,0,28,14,0,14,42
05/31/2010,SLN,KS,ACE,CE,Federal Contract Tower,0,7,15,0,22,0,5,32,0,37,0,12,47,0,59,6,0,6,65
06/01/2010,SLN,KS,ACE,CE,Federal Contract Tower,0,12,11,1,24,0,24,16,1,41,0,36,27,2,65,53,0,53,118
06/02/2010,SLN,KS,ACE,CE,Federal Contract Tower,0,21,17,1,39,0,30,13,0,43,0,51,30,1,82,66,0,66,148
06/03/2010,SLN,KS,ACE,CE,Federal Contract Tower,0,16,37,0,53,0,50,19,2,71,0,66,56,2,124,129,0,129,253
06/04/2010,SLN,KS,ACE,CE,Federal Contract Tower,0,17,11,0,28,0,37,29,2,68,0,54,40,2,96,94,0,94,190
06/05/2010,SLN,KS,ACE,CE,Federal Contract Tower,0,4,12,0,16,0,2,30,0,32,0,6,42,0,48,0,0,0,48
06/06/2010,SLN,KS,ACE,CE,Federal Contract Tower,0,14,25,0,39,0,3,17,2,22,0,17,42,2,61,48,0,48,109
06/07/2010,SLN,KS,ACE,CE,Federal Contract Tower,0,17,21,2,40,0,21,10,2,33,0,38,31,4,73,49,0,49,122
06/08/2010,SLN,KS,ACE,CE,Federal Contract Tower,0,9,13,4,26,0,27,6,6,39,0,36,19,10,65,72,4,76,141
06/09/2010,SLN,KS,ACE,CE,Federal Contract Tower,0,15,21,2,38,0,32,19,5,56,0,47,40,7,94,103,4,107,201
06/10/2010,SLN,KS,ACE,CE,Federal Contract Tower,0,20,29,0,49,0,21,15,15,51,0,41,44,15,100,46,1,47,147
06/11/2010,SLN,KS,ACE,CE,Federal Contract Tower,0,15,19,1,35,0,22,18,6,46,0,37,37,7,81,80,2,82,163
06/12/2010,SLN,KS,ACE,CE,Federal Contract Tower,0,6,10,0,16,0,0,5,0,5,0,6,15,0,21,4,0,4,25
06/13/2010,SLN,KS,ACE,CE,Federal Contract Tower,0,7,15,2,24,0,0,2,6,8,0,7,17,8,32,0,0,0,32
06/14/2010,SLN,KS,ACE,CE,Federal Contract Tower,0,16,36,3,55,0,0,10,5,15,0,16,46,8,70,39,2,41,111
06/15/2010,SLN,KS,ACE,CE,Federal Contract Tower,0,20,19,3,42,0,35,71,9,115,0,55,90,12,157,100,0,100,257
06/16/2010,SLN,KS,ACE,CE,Federal Contract Tower,0,18,22,6,46,0,29,13,6,48,0,47,35,12,94,80,0,80,174
06/17/2010,SLN,KS,ACE,CE,Federal Contract Tower,0,21,35,3,59,0,30,24,5,59,0,51,59,8,118,46,6,52,170
06/18/2010,SLN,KS,ACE,CE,Federal Contract Tower,0,13,36,7,56,0,17,21,19,57,0,30,57,26,113,46,12,58,171
06/19/2010,SLN,KS,ACE,CE,Federal Contract Tower,0,9,12,1,22,0,14,68,0,82,0,23,80,1,104,20,0,20,124
06/20/2010,SLN,KS,ACE,CE,Federal Contract Tower,0,9,10,2,21,0,3,14,0,17,0,12,24,2,38,42,0,42,80
06/21/2010,SLN,KS,ACE,CE,Federal Contract Tower,0,16,23,5,44,0,30,15,14,59,0,46,38,19,103,54,0,54,157
06/22/2010,SLN,KS,ACE,CE,Federal Contract Tower,0,15,9,5,29,0,28,16,19,63,0,43,25,24,92,50,22,72,164
06/23/2010,SLN,KS,ACE,CE,Federal Contract Tower,0,19,34,3,56,0,33,21,19,73,0,52,55,22,129,94,0,94,223
06/24/2010,SLN,KS,ACE,CE,Federal Contract Tower,0,23,32,4,59,0,42,36,24,102,0,65,68,28,161,126,14,140,301
06/25/2010,SLN,KS,ACE,CE,Federal Contract Tower,0,15,25,4,44,0,13,32,23,68,0,28,57,27,112,24,10,34,146
06/26/2010,SLN,KS,ACE,CE,Federal Contract Tower,0,3,15,0,18,0,1,13,11,25,0,4,28,11,43,16,0,16,59
06/27/2010,SLN,KS,ACE,CE,Federal Contract Tower,0,16,19,0,35,0,4,29,1,34,0,20,48,1,69,20,0,20,89
06/28/2010,SLN,KS,ACE,CE,Federal Contract Tower,0,15,29,3,47,0,29,39,19,87,0,44,68,22,134,94,4,98,232
06/29/2010,SLN,KS,ACE,CE,Federal Contract Tower,0,18,21,6,45,0,19,33,25,77,0,37,54,31,122,106,36,142,264
06/30/2010,SLN,KS,ACE,CE,Federal Contract Tower,0,15,10,4,29,0,24,30,24,78,0,39,40,28,107,44,2,46,153
07/01/2010,SLN,KS,ACE,CE,Federal Contract Tower,0,11,19,2,32,0,23,14,26,63,0,34,33,28,95,100,0,100,195
07/02/2010,SLN,KS,ACE,CE,Federal Contract Tower,2,12,22,0,36,0,17,18,16,51,2,29,40,16,87,80,2,82,169
07/03/2010,SLN,KS,ACE,CE,Federal Contract Tower,0,4,9,0,13,0,0,6,0,6,0,4,15,0,19,48,0,48,67
07/04/2010,SLN,KS,ACE,CE,Federal Contract Tower,0,5,10,0,15,0,0,0,0,0,0,5,10,0,15,0,0,0,15
07/05/2010,SLN,KS,ACE,CE,Federal Contract Tower,0,5,4,0,9,0,1,8,2,11,0,6,12,2,20,12,0,12,32
07/06/2010,SLN,KS,ACE,CE,Federal Contract Tower,0,15,22,2,39,0,22,24,16,62,0,37,46,18,101,112,0,112,213
07/07/2010,SLN,KS,ACE,CE,Federal Contract Tower,0,13,21,0,34,0,19,7,8,34,0,32,28,8,68,23,0,23,91
07/08/2010,SLN,KS,ACE,CE,Federal Contract Tower,0,12,16,15,43,0,18,13,6,37,0,30,29,21,80,34,10,44,124
07/09/2010,SLN,KS,ACE,CE,Federal Contract Tower,0,10,18,9,37,0,24,23,25,72,0,34,41,34,109,95,53,148,257
07/10/2010,SLN,KS,ACE,CE,Federal Contract Tower,0,7,15,0,22,0,17,32,11,60,0,24,47,11,82,68,12,80,162
07/11/2010,SLN,KS,ACE,CE,Federal Contract Tower,0,13,12,0,25,0,9,18,0,27,0,22,30,0,52,38,0,38,90
07/12/2010,SLN,KS,ACE,CE,Federal Contract Tower,0,11,23,3,37,0,9,39,19,67,0,20,62,22,104,70,0,70,174
07/13/2010,SLN,KS,ACE,CE,Federal Contract Tower,0,15,27,9,51,0,31,43,0,74,0,46,70,9,125,124,0,124,249
07/14/2010,SLN,KS,ACE,CE,Federal Contract Tower,0,15,21,3,39,0,43,23,1,67,0,58,44,4,106,78,16,94,200
07/15/2010,SLN,KS,ACE,CE,Federal Contract Tower,0,13,25,0,38,0,53,23,0,76,0,66,48,0,114,102,0,102,216
07/16/2010,SLN,KS,ACE,CE,Federal Contract Tower,0,13,14,1,28,0,18,27,1,46,0,31,41,2,74,44,0,44,118
07/17/2010,SLN,KS,ACE,CE,Federal Contract Tower,0,4,11,0,15,0,7,23,4,34,0,11,34,4,49,40,0,40,89
07/18/2010,SLN,KS,ACE,CE,Federal Contract Tower,0,14,15,2,31,0,0,25,0,25,0,14,40,2,56,4,0,4,60
07/19/2010,SLN,KS,ACE,CE,Federal Contract Tower,0,10,31,16,57,0,21,29,0,50,0,31,60,16,107,38,22,60,167
07/20/2010,SLN,KS,ACE,CE,Federal Contract Tower,0,10,24,1,35,0,26,40,4,70,0,36,64,5,105,54,34,88,193
07/21/2010,SLN,KS,ACE,CE,Federal Contract Tower,0,17,22,10,49,0,23,27,5,55,0,40,49,15,104,32,24,56,160
07/22/2010,SLN,KS,ACE,CE,Federal Contract Tower,0,14,31,6,51,0,26,33,8,67,0,40,64,14,118,42,28,70,188
07/23/2010,SLN,KS,ACE,CE,Federal Contract Tower,0,19,28,2,49,0,18,23,6,47,0,37,51,8,96,70,14,84,180
07/24/2010,SLN,KS,ACE,CE,Federal Contract Tower,1,7,17,0,25,1,7,15,0,23,2,14,32,0,48,22,0,22,70
07/25/2010,SLN,KS,ACE,CE,Federal Contract Tower,0,12,33,0,45,0,0,4,0,4,0,12,37,0,49,0,0,0,49
07/26/2010,SLN,KS,ACE,CE,Federal Contract Tower,0,15,16,3,34,0,21,36,3,60,0,36,52,6,94,88,8,96,190
07/27/2010,SLN,KS,ACE,CE,Federal Contract Tower,0,16,13,5,34,0,22,33,6,61,0,38,46,11,95,88,0,88,183
07/28/2010,SLN,KS,ACE,CE,Federal Contract Tower,0,21,9,5,35,0,23,20,5,48,0,44,29,10,83,74,2,76,159
07/29/2010,SLN,KS,ACE,CE,Federal Contract Tower,0,12,11,2,25,0,21,14,3,38,0,33,25,5,63,42,0,42,105
07/30/2010,SLN,KS,ACE,CE,Federal Contract Tower,0,11,18,2,31,0,21,26,3,50,0,32,44,5,81,50,4,54,135
07/31/2010,SLN,KS,ACE,CE,Federal Contract Tower,0,6,13,0,19,0,4,30,1,35,0,10,43,1,54,18,0,18,72
08/01/2010,SLN,KS,ACE,CE,Federal Contract Tower,0,7,15,6,28,0,4,25,0,29,0,11,40,6,57,12,8,20,77
08/02/2010,SLN,KS,ACE,CE,Federal Contract Tower,0,19,24,8,51,0,21,22,3,46,0,40,46,11,97,69,4,73,170
08/03/2010,SLN,KS,ACE,CE,Federal Contract Tower,0,20,17,0,37,0,27,16,1,44,0,47,33,1,81,94,4,98,179
08/04/2010,SLN,KS,ACE,CE,Federal Contract Tower,0,15,31,2,48,0,17,29,10,56,0,32,60,12,104,86,0,86,190
08/05/2010,SLN,KS,ACE,CE,Federal Contract Tower,0,14,29,2,45,0,32,34,3,69,0,46,63,5,114,70,8,78,192
08/06/2010,SLN,KS,ACE,CE,Federal Contract Tower,0,18,19,2,39,0,23,23,1,47,0,41,42,3,86,76,0,76,162
08/07/2010,SLN,KS,ACE,CE,Federal Contract Tower,0,12,22,0,34,0,1,30,0,31,0,13,52,0,65,6,0,6,71
08/08/2010,SLN,KS,ACE,CE,Federal Contract Tower,0,10,21,2,33,0,0,16,0,16,0,10,37,2,49,2,0,2,51
08/09/2010,SLN,KS,ACE,CE,Federal Contract Tower,0,19,14,2,35,0,5,16,1,22,0,24,30,3,57,8,0,8,65
08/10/2010,SLN,KS,ACE,CE,Federal Contract Tower,0,21,22,1,44,0,10,22,2,34,0,31,44,3,78,12,0,12,90
08/11/2010,SLN,KS,ACE,CE,Federal Contract Tower,0,16,11,5,32,0,13,21,3,37,0,29,32,8,69,10,6,16,85
08/12/2010,SLN,KS,ACE,CE,Federal Contract Tower,0,13,15,2,30,0,13,23,8,44,0,26,38,10,74,42,24,66,140
08/13/2010,SLN,KS,ACE,CE,Federal Contract Tower,0,15,24,3,42,0,7,16,6,29,0,22,40,9,71,12,82,94,165
08/14/2010,SLN,KS,ACE,CE,Federal Contract Tower,0,8,15,0,23,0,0,13,3,16,0,8,28,3,39,2,0,2,41
08/15/2010,SLN,KS,ACE,CE,Federal Contract Tower,0,9,9,0,18,0,0,22,0,22,0,9,31,0,40,8,0,8,48
08/16/2010,SLN,KS,ACE,CE,Federal Contract Tower,0,12,23,9,44,0,18,12,13,43,0,30,35,22,87,54,8,62,149
08/17/2010,SLN,KS,ACE,CE,Federal Contract Tower,0,13,17,2,32,0,2,2,0,4,0,15,19,2,36,0,2,2,38
08/18/2010,SLN,KS,ACE,CE,Federal Contract Tower,0,15,27,4,46,0,20,18,13,51,0,35,45,17,97,24,6,30,127
08/19/2010,SLN,KS,ACE,CE,Federal Contract Tower,0,13,28,1,42,0,3,42,4,49,0,16,70,5,91,24,10,34,125
08/20/2010,SLN,KS,ACE,CE,Federal Contract Tower,0,11,20,9,40,0,4,32,5,41,0,15,52,14,81,14,14,28,109
08/21/2010,SLN,KS,ACE,CE,Federal Contract Tower,0,6,10,0,16,0,6,32,0,38,0,12,42,0,54,34,0,34,88
08/22/2010,SLN,KS,ACE,CE,Federal Contract Tower,0,9,16,0,25,0,0,13,0,13,0,9,29,0,38,2,0,2,40
08/23/2010,SLN,KS,ACE,CE,Federal Contract Tower,0,12,13,4,29,0,26,24,7,57,0,38,37,11,86,92,12,104,190
08/24/2010,SLN,KS,ACE,CE,Federal Contract Tower,0,10,15,4,29,0,26,19,9,54,0,36,34,13,83,124,16,140,223
08/25/2010,SLN,KS,ACE,CE,Federal Contract Tower,0,10,18,7,35,0,33,38,11,82,0,43,56,18,117,80,62,142,259
08/26/2010,SLN,KS,ACE,CE,Federal Contract Tower,0,13,27,2,42,0,66,20,9,95,0,79,47,11,137,132,18,150,287
08/27/2010,SLN,KS,ACE,CE,Federal Contract Tower,0,16,13,4,33,0,56,15,6,77,0,72,28,10,110,57,38,95,205
08/28/2010,SLN,KS,ACE,CE,Federal Contract Tower,0,7,9,0,16,0,22,29,0,51,0,29,38,0,67,32,0,32,99
08/29/2010,SLN,KS,ACE,CE,Federal Contract Tower,0,14,18,0,32,0,0,20,0,20,0,14,38,0,52,6,0,6,58
08/30/2010,SLN,KS,ACE,CE,Federal Contract Tower,0,17,8,0,25,0,61,12,0,73,0,78,20,0,98,64,0,64,162
08/31/2010,SLN,KS,ACE,CE,Federal Contract Tower,0,12,15,1,28,0,72,10,0,82,0,84,25,1,110,34,0,34,144
09/01/2010,SLN,KS,ACE,CE,Federal Contract Tower,0,13,19,3,35,0,38,14,3,55,0,51,33,6,90,54,16,70,160
09/02/2010,SLN,KS,ACE,CE,Federal Contract Tower,0,10,20,0,30,0,35,13,0,48,0,45,33,0,78,84,0,84,162
09/03/2010,SLN,KS,ACE,CE,Federal Contract Tower,0,11,20,1,32,0,78,34,0,112,0,89,54,1,144,150,0,150,294
09/04/2010,SLN,KS,ACE,CE,Federal Contract Tower,0,2,11,0,13,0,15,16,0,31,0,17,27,0,44,32,0,32,76
09/05/2010,SLN,KS,ACE,CE,Federal Contract Tower,0,5,9,0,14,0,0,6,0,6,0,5,15,0,20,4,0,4,24
09/06/2010,SLN,KS,ACE,CE,Federal Contract Tower,0,10,13,0,23,0,2,7,0,9,0,12,20,0,32,14,0,14,46
09/07/2010,SLN,KS,ACE,CE,Federal Contract Tower,0,22,27,2,51,0,98,52,0,150,0,120,79,2,201,130,0,130,331
09/08/2010,SLN,KS,ACE,CE,Federal Contract Tower,0,17,20,0,37,0,31,4,0,35,0,48,24,0,72,74,0,74,146
09/09/2010,SLN,KS,ACE,CE,Federal Contract Tower,0,17,16,3,36,0,3,2,3,8,0,20,18,6,44,14,0,14,58
09/10/2010,SLN,KS,ACE,CE,Federal Contract Tower,0,11,21,3,35,0,80,8,3,91,0,91,29,6,126,160,0,160,286
09/11/2010,SLN,KS,ACE,CE,Federal Contract Tower,0,5,7,0,12,0,28,23,6,57,0,33,30,6,69,58,6,64,133
09/12/2010,SLN,KS,ACE,CE,Federal Contract Tower,0,9,16,0,25,0,13,27,3,43,0,22,43,3,68,28,0,28,96
09/13/2010,SLN,KS,ACE,CE,Federal Contract Tower,0,19,22,4,45,0,76,18,4,98,0,95,40,8,143,168,4,172,315
09/14/2010,SLN,KS,ACE,CE,Federal Contract Tower,0,10,20,3,33,0,103,14,6,123,0,113,34,9,156,132,0,132,288
09/15/2010,SLN,KS,ACE,CE,Federal Contract Tower,0,16,11,0,27,0,19,9,0,28,0,35,20,0,55,36,0,36,91
09/16/2010,SLN,KS,ACE,CE,Federal Contract Tower,0,13,14,0,27,0,95,28,14,137,0,108,42,14,164,270,26,296,460
09/17/2010,SLN,KS,ACE,CE,Federal Contract Tower,0,16,18,0,34,0,79,26,3,108,0,95,44,3,142,198,16,214,356
09/18/2010,SLN,KS,ACE,CE,Federal Contract Tower,0,4,13,1,18,0,12,29,1,42,0,16,42,2,60,66,0,66,126
09/19/2010,SLN,KS,ACE,CE,Federal Contract Tower,0,7,19,3,29,0,14,16,0,30,0,21,35,3,59,44,2,46,105
09/20/2010,SLN,KS,ACE,CE,Federal Contract Tower,0,12,14,0,26,0,40,7,2,49,0,52,21,2,75,70,14,84,159
09/21/2010,SLN,KS,ACE,CE,Federal Contract Tower,0,7,10,4,21,0,100,21,3,124,0,107,31,7,145,210,0,210,355
09/22/2010,SLN,KS,ACE,CE,Federal Contract Tower,0,15,22,5,42,0,96,23,6,125,0,111,45,11,167,106,8,114,281
09/23/2010,SLN,KS,ACE,CE,Federal Contract Tower,0,13,15,0,28,0,11,2,4,17,0,24,17,4,45,36,14,50,95
09/24/2010,SLN,KS,ACE,CE,Federal Contract Tower,0,17,22,4,43,0,117,27,7,151,0,134,49,11,194,240,7,247,441
09/25/2010,SLN,KS,ACE,CE,Federal Contract Tower,0,9,21,0,30,0,28,12,4,44,0,37,33,4,74,32,0,32,106
09/26/2010,SLN,KS,ACE,CE,Federal Contract Tower,1,11,22,9,43,0,7,22,0,29,1,18,44,9,72,66,6,72,144
09/27/2010,SLN,KS,ACE,CE,Federal Contract Tower,0,12,28,1,41,0,95,27,0,122,0,107,55,1,163,222,0,222,385
09/28/2010,SLN,KS,ACE,CE,Federal Contract Tower,0,11,15,2,28,0,119,41,3,163,0,130,56,5,191,248,8,256,447
09/29/2010,SLN,KS,ACE,CE,Federal Contract Tower,0,13,18,3,34,0,87,42,5,134,0,100,60,8,168,198,8,206,374
09/30/2010,SLN,KS,ACE,CE,Federal Contract Tower,0,9,13,3,25,0,114,37,5,156,0,123,50,8,181,279,16,295,476
10/01/2010,SLN,KS,ACE,CE,Federal Contract Tower,0,19,17,2,38,0,92,34,3,129,0,111,51,5,167,252,2,254,421
10/02/2010,SLN,KS,ACE,CE,Federal Contract Tower,0,7,13,2,22,0,22,17,0,39,0,29,30,2,61,66,0,66,127
10/03/2010,SLN,KS,ACE,CE,Federal Contract Tower,0,5,8,1,14,0,14,27,2,43,0,19,35,3,57,52,0,52,109
10/04/2010,SLN,KS,ACE,CE,Federal Contract Tower,0,16,23,0,39,0,69,22,0,91,0,85,45,0,130,204,0,204,334
10/05/2010,SLN,KS,ACE,CE,Federal Contract Tower,0,12,26,0,38,0,104,12,3,119,0,116,38,3,157,254,0,254,411
10/06/2010,SLN,KS,ACE,CE,Federal Contract Tower,0,6,23,5,34,0,88,26,3,117,0,94,49,8,151,228,4,232,383
10/07/2010,SLN,KS,ACE,CE,Federal Contract Tower,0,14,22,0,36,0,82,33,3,118,0,96,55,3,154,202,0,202,356
10/08/2010,SLN,KS,ACE,CE,Federal Contract Tower,0,22,15,0,37,0,52,23,4,79,0,74,38,4,116,116,0,116,232
10/09/2010,SLN,KS,ACE,CE,Federal Contract Tower,0,8,7,0,15,0,4,34,2,40,0,12,41,2,55,2,2,4,59
10/10/2010,SLN,KS,ACE,CE,Federal Contract Tower,0,5,17,0,22,0,2,16,0,18,0,7,33,0,40,34,0,34,74
10/11/2010,SLN,KS,ACE,CE,Federal Contract Tower,0,17,20,0,37,0,15,3,0,18,0,32,23,0,55,60,0,60,115
10/12/2010,SLN,KS,ACE,CE,Federal Contract Tower,0,12,20,4,36,0,103,18,0,121,0,115,38,4,157,302,4,306,463
10/13/2010,SLN,KS,ACE,CE,Federal Contract Tower,0,23,19,2,44,0,91,18,0,109,0,114,37,2,153,210,0,210,363
10/14/2010,SLN,KS,ACE,CE,Federal Contract Tower,0,15,17,3,35,0,85,29,2,116,0,100,46,5,151,156,16,172,323
10/15/2010,SLN,KS,ACE,CE,Federal Contract Tower,0,17,24,0,41,0,63,40,0,103,0,80,64,0,144,192,0,192,336
10/16/2010,SLN,KS,ACE,CE,Federal Contract Tower,0,10,11,0,21,0,22,25,0,47,0,32,36,0,68,114,0,114,182
10/17/2010,SLN,KS,ACE,CE,Federal Contract Tower,0,10,17,3,30,0,13,66,0,79,0,23,83,3,109,264,0,264,373
10/18/2010,SLN,KS,ACE,CE,Federal Contract Tower,0,14,16,0,30,0,69,31,0,100,0,83,47,0,130,194,0,194,324
10/19/2010,SLN,KS,ACE,CE,Federal Contract Tower,0,14,21,0,35,0,82,50,0,132,0,96,71,0,167,168,0,168,335
10/20/2010,SLN,KS,ACE,CE,Federal Contract Tower,0,20,20,0,40,0,64,68,6,138,0,84,88,6,178,172,0,172,350
10/21/2010,SLN,KS,ACE,CE,Federal Contract Tower,0,14,29,0,43,0,86,22,5,113,0,100,51,5,156,164,8,172,328
10/22/2010,SLN,KS,ACE,CE,Federal Contract Tower,0,17,20,2,39,0,31,1,2,34,0,48,21,4,73,78,2,80,153
10/23/2010,SLN,KS,ACE,CE,Federal Contract Tower,2,11,22,1,36,0,0,11,0,11,2,11,33,1,47,0,0,0,47
10/24/2010,SLN,KS,ACE,CE,Federal Contract Tower,0,14,18,0,32,0,25,20,0,45,0,39,38,0,77,90,0,90,167
10/25/2010,SLN,KS,ACE,CE,Federal Contract Tower,1,12,23,4,40,0,58,11,1,70,1,70,34,5,110,110,8,118,228
10/26/2010,SLN,KS,ACE,CE,Federal Contract Tower,0,18,24,0,42,0,44,14,1,59,0,62,38,1,101,60,0,60,161
10/27/2010,SLN,KS,ACE,CE,Federal Contract Tower,2,16,12,2,32,0,36,12,2,50,2,52,24,4,82,46,2,48,130
10/28/2010,SLN,KS,ACE,CE,Federal Contract Tower,0,20,27,5,52,0,119,23,3,145,0,139,50,8,197,244,0,244,441
10/29/2010,SLN,KS,ACE,CE,Federal Contract Tower,0,15,18,0,33,0,39,19,1,59,0,54,37,1,92,56,0,56,148
10/30/2010,SLN,KS,ACE,CE,Federal Contract Tower,0,5,7,0,12,0,37,25,2,64,0,42,32,2,76,58,0,58,134
10/31/2010,SLN,KS,ACE,CE,Federal Contract Tower,0,7,23,0,30,0,0,13,0,13,0,7,36,0,43,2,0,2,45
11/01/2010,SLN,KS,ACE,CE,Federal Contract Tower,0,16,13,3,32,0,57,24,8,89,0,73,37,11,121,180,16,196,317
11/02/2010,SLN,KS,ACE,CE,Federal Contract Tower,0,22,20,16,58,0,91,29,4,124,0,113,49,20,182,180,4,184,366
11/03/2010,SLN,KS,ACE,CE,Federal Contract Tower,0,15,21,3,39,0,50,15,4,69,0,65,36,7,108,124,10,134,242
11/04/2010,SLN,KS,ACE,CE,Federal Contract Tower,0,19,23,3,45,0,83,21,3,107,0,102,44,6,152,152,2,154,306
11/05/2010,SLN,KS,ACE,CE,Federal Contract Tower,0,17,15,0,32,0,53,18,6,77,0,70,33,6,109,146,0,146,255
11/06/2010,SLN,KS,ACE,CE,Federal Contract Tower,0,5,10,0,15,0,6,19,6,31,0,11,29,6,46,6,6,12,58
11/07/2010,SLN,KS,ACE,CE,Federal Contract Tower,0,9,18,0,27,0,7,11,3,21,0,16,29,3,48,2,0,2,50
11/08/2010,SLN,KS,ACE,CE,Federal Contract Tower,0,8,19,0,27,0,63,21,0,84,0,71,40,0,111,145,2,147,258
11/09/2010,SLN,KS,ACE,CE,Federal Contract Tower,0,17,12,2,31,0,65,14,1,80,0,82,26,3,111,48,2,50,161
11/10/2010,SLN,KS,ACE,CE,Federal Contract Tower,2,24,23,0,49,0,73,19,0,92,2,97,42,0,141,134,0,134,275
11/11/2010,SLN,KS,ACE,CE,Federal Contract Tower,0,10,25,2,37,0,63,14,0,77,0,73,39,2,114,192,0,192,306
11/12/2010,SLN,KS,ACE,CE,Federal Contract Tower,0,12,17,3,32,0,0,1,0,1,0,12,18,3,33,0,0,0,33
11/13/2010,SLN,KS,ACE,CE,Federal Contract Tower,0,8,14,3,25,0,32,13,0,45,0,40,27,3,70,30,0,30,100
11/14/2010,SLN,KS,ACE,CE,Federal Contract Tower,0,9,29,2,40,0,9,19,0,28,0,18,48,2,68,60,0,60,128
11/15/2010,SLN,KS,ACE,CE,Federal Contract Tower,2,18,22,1,43,0,72,19,19,110,2,90,41,20,153,122,14,136,289
11/16/2010,SLN,KS,ACE,CE,Federal Contract Tower,3,16,32,2,53,0,88,20,20,128,3,104,52,22,181,158,20,178,359
11/17/2010,SLN,KS,ACE,CE,Federal Contract Tower,1,15,15,0,31,0,11,2,11,24,1,26,17,11,55,18,2,20,75
11/18/2010,SLN,KS,ACE,CE,Federal Contract Tower,0,15,25,1,41,0,75,21,11,107,0,90,46,12,148,130,0,130,278
11/19/2010,SLN,KS,ACE,CE,Federal Contract Tower,0,11,24,7,42,0,46,24,23,93,0,57,48,30,135,126,24,150,285
11/20/2010,SLN,KS,ACE,CE,Federal Contract Tower,2,9,11,5,27,0,0,0,0,0,2,9,11,5,27,0,0,0,27
11/21/2010,SLN,KS,ACE,CE,Federal Contract Tower,0,7,22,0,29,0,1,10,0,11,0,8,32,0,40,6,0,6,46
11/22/2010,SLN,KS,ACE,CE,Federal Contract Tower,2,19,20,4,45,0,10,6,14,30,2,29,26,18,75,24,8,32,107
11/23/2010,SLN,KS,ACE,CE,Federal Contract Tower,0,18,26,8,52,0,2,3,4,9,0,20,29,12,61,0,2,2,63
11/24/2010,SLN,KS,ACE,CE,Federal Contract Tower,0,14,13,2,29,0,4,7,11,22,0,18,20,13,51,2,2,4,55
11/25/2010,SLN,KS,ACE,CE,Federal Contract Tower,0,5,7,0,12,0,0,10,0,10,0,5,17,0,22,0,0,0,22
11/26/2010,SLN,KS,ACE,CE,Federal Contract Tower,0,9,11,2,22,0,10,24,19,53,0,19,35,21,75,22,8,30,105
11/27/2010,SLN,KS,ACE,CE,Federal Contract Tower,0,10,15,0,25,0,9,35,8,52,0,19,50,8,77,20,4,24,101
11/28/2010,SLN,KS,ACE,CE,Federal Contract Tower,0,19,22,0,41,0,2,9,0,11,0,21,31,0,52,4,0,4,56
11/29/2010,SLN,KS,ACE,CE,Federal Contract Tower,0,20,14,5,39,0,11,4,8,23,0,31,18,13,62,16,0,16,78
11/30/2010,SLN,KS,ACE,CE,Federal Contract Tower,0,15,11,1,27,0,66,16,30,112,0,81,27,31,139,142,18,160,299
12/01/2010,SLN,KS,ACE,CE,Federal Contract Tower,0,20,13,1,34,0,82,26,16,124,0,102,39,17,158,190,6,196,354
12/02/2010,SLN,KS,ACE,CE,Federal Contract Tower,0,14,21,2,37,0,103,41,16,160,0,117,62,18,197,182,12,194,391
12/03/2010,SLN,KS,ACE,CE,Federal Contract Tower,0,19,9,3,31,0,51,28,20,99,0,70,37,23,130,92,8,100,230
12/04/2010,SLN,KS,ACE,CE,Federal Contract Tower,0,12,8,1,21,0,27,10,6,43,0,39,18,7,64,26,2,28,92
12/05/2010,SLN,KS,ACE,CE,Federal Contract Tower,0,15,13,0,28,0,25,15,0,40,0,40,28,0,68,84,0,84,152
12/06/2010,SLN,KS,ACE,CE,Federal Contract Tower,0,15,17,1,33,0,70,19,17,106,0,85,36,18,139,108,6,114,253
12/07/2010,SLN,KS,ACE,CE,Federal Contract Tower,0,20,23,0,43,0,74,10,14,98,0,94,33,14,141,123,10,133,274
12/08/2010,SLN,KS,ACE,CE,Federal Contract Tower,0,21,23,5,49,0,48,10,2,60,0,69,33,7,109,96,5,101,210
12/09/2010,SLN,KS,ACE,CE,Federal Contract Tower,0,16,23,3,42,0,76,21,9,106,0,92,44,12,148,144,26,170,318
12/10/2010,SLN,KS,ACE,CE,Federal Contract Tower,4,16,17,1,38,0,45,30,6,81,4,61,47,7,119,112,0,112,231
12/11/2010,SLN,KS,ACE,CE,Federal Contract Tower,0,4,9,0,13,0,0,2,0,2,0,4,11,0,15,0,0,0,15
12/12/2010,SLN,KS,ACE,CE,Federal Contract Tower,0,7,12,0,19,0,7,10,0,17,0,14,22,0,36,10,0,10,46
12/13/2010,SLN,KS,ACE,CE,Federal Contract Tower,0,12,22,2,36,0,47,13,3,63,0,59,35,5,99,82,0,82,181
12/14/2010,SLN,KS,ACE,CE,Federal Contract Tower,0,15,16,3,34,0,58,24,7,89,0,73,40,10,123,136,2,138,261
12/15/2010,SLN,KS,ACE,CE,Federal Contract Tower,2,21,18,3,44,0,19,18,0,37,2,40,36,3,81,68,0,68,149
12/16/2010,SLN,KS,ACE,CE,Federal Contract Tower,0,13,20,0,33,0,56,28,8,92,0,69,48,8,125,76,0,76,201
12/17/2010,SLN,KS,ACE,CE,Federal Contract Tower,0,14,39,0,53,0,15,4,4,23,0,29,43,4,76,46,10,56,132
12/18/2010,SLN,KS,ACE,CE,Federal Contract Tower,0,8,14,0,22,0,4,13,0,17,0,12,27,0,39,10,0,10,49
12/19/2010,SLN,KS,ACE,CE,Federal Contract Tower,0,8,11,0,19,0,10,14,0,24,0,18,25,0,43,24,0,24,67
12/20/2010,SLN,KS,ACE,CE,Federal Contract Tower,0,15,5,0,20,0,48,15,0,63,0,63,20,0,83,52,0,52,135
12/21/2010,SLN,KS,ACE,CE,Federal Contract Tower,0,21,29,1,51,0,29,20,1,50,0,50,49,2,101,18,0,18,119
12/22/2010,SLN,KS,ACE,CE,Federal Contract Tower,0,17,9,2,28,0,34,18,11,63,0,51,27,13,91,56,0,56,147
12/23/2010,SLN,KS,ACE,CE,Federal Contract Tower,4,18,12,1,35,0,0,2,4,6,4,18,14,5,41,2,0,2,43
12/24/2010,SLN,KS,ACE,CE,Federal Contract Tower,0,11,2,0,13,0,0,1,0,1,0,11,3,0,14,0,0,0,14
12/25/2010,SLN,KS,ACE,CE,Federal Contract Tower,0,6,0,0,6,0,0,0,0,0,0,6,0,0,6,0,0,0,6
12/26/2010,SLN,KS,ACE,CE,Federal Contract Tower,0,10,25,0,35,0,0,11,0,11,0,10,36,0,46,8,0,8,54
12/27/2010,SLN,KS,ACE,CE,Federal Contract Tower,0,16,18,0,34,0,8,5,0,13,0,24,23,0,47,16,0,16,63
12/28/2010,SLN,KS,ACE,CE,Federal Contract Tower,0,20,16,0,36,0,9,20,0,29,0,29,36,0,65,30,0,30,95
12/29/2010,SLN,KS,ACE,CE,Federal Contract Tower,0,14,16,2,32,0,0,1,1,2,0,14,17,3,34,0,6,6,40
12/30/2010,SLN,KS,ACE,CE,Federal Contract Tower,0,19,19,3,41,0,9,12,2,23,0,28,31,5,64,14,6,20,84
12/31/2010,SLN,KS,ACE,CE,Federal Contract Tower,0,13,10,0,23,0,0,0,0,0,0,13,10,0,23,0,0,0,23
01/01/2011,SLN,KS,ACE,CE,Federal Contract Tower,0,6,15,0,21,0,2,5,0,7,0,8,20,0,28,0,0,0,28
01/02/2011,SLN,KS,ACE,CE,Federal Contract Tower,0,6,32,0,38,0,0,12,0,12,0,6,44,0,50,0,0,0,50
01/03/2011,SLN,KS,ACE,CE,Federal Contract Tower,0,11,10,0,21,0,12,28,0,40,0,23,38,0,61,46,0,46,107
01/04/2011,SLN,KS,ACE,CE,Federal Contract Tower,0,15,16,0,31,0,8,32,0,40,0,23,48,0,71,16,0,16,87
01/05/2011,SLN,KS,ACE,CE,Federal Contract Tower,0,15,21,0,36,0,16,24,0,40,0,31,45,0,76,22,0,22,98
01/06/2011,SLN,KS,ACE,CE,Federal Contract Tower,2,15,14,1,32,0,5,31,3,39,2,20,45,4,71,18,0,18,89
01/07/2011,SLN,KS,ACE,CE,Federal Contract Tower,0,11,15,0,26,0,11,5,2,18,0,22,20,2,44,14,0,14,58
01/08/2011,SLN,KS,ACE,CE,Federal Contract Tower,0,12,29,0,41,0,4,22,2,28,0,16,51,2,69,18,0,18,87
01/09/2011,SLN,KS,ACE,CE,Federal Contract Tower,0,7,10,0,17,0,2,1,0,3,0,9,11,0,20,0,0,0,20
01/10/2011,SLN,KS,ACE,CE,Federal Contract Tower,0,8,4,0,12,0,0,0,0,0,0,8,4,0,12,0,0,0,12
01/11/2011,SLN,KS,ACE,CE,Federal Contract Tower,0,24,27,0,51,0,4,10,0,14,0,28,37,0,65,8,0,8,73
01/12/2011,SLN,KS,ACE,CE,Federal Contract Tower,0,18,13,0,31,0,15,8,2,25,0,33,21,2,56,40,0,40,96
01/13/2011,SLN,KS,ACE,CE,Federal Contract Tower,0,18,29,0,47,0,13,8,4,25,0,31,37,4,72,18,12,30,102
01/14/2011,SLN,KS,ACE,CE,Federal Contract Tower,0,14,16,6,36,0,2,11,1,14,0,16,27,7,50,12,2,14,64
01/15/2011,SLN,KS,ACE,CE,Federal Contract Tower,0,2,9,0,11,0,5,11,0,16,0,7,20,0,27,12,0,12,39
01/16/2011,SLN,KS,ACE,CE,Federal Contract Tower,0,7,14,0,21,0,1,11,0,12,0,8,25,0,33,0,0,0,33
01/17/2011,SLN,KS,ACE,CE,Federal Contract Tower,0,13,21,0,34,0,10,4,0,14,0,23,25,0,48,30,0,30,78
01/18/2011,SLN,KS,ACE,CE,Federal Contract Tower,0,13,9,4,26,0,7,5,0,12,0,20,14,4,38,14,92,106,144
01/19/2011,SLN,KS,ACE,CE,Federal Contract Tower,0,6,10,0,16,0,0,0,0,0,0,6,10,0,16,0,0,0,16
01/20/2011,SLN,KS,ACE,CE,Federal Contract Tower,0,10,17,0,27,0,31,3,6,40,0,41,20,6,67,40,22,62,129
01/21/2011,SLN,KS,ACE,CE,Federal Contract Tower,0,13,13,0,26,0,31,13,8,52,0,44,26,8,78,86,24,110,188
01/22/2011,SLN,KS,ACE,CE,Federal Contract Tower,0,7,10,0,17,0,0,18,3,21,0,7,28,3,38,18,24,42,80
01/23/2011,SLN,KS,ACE,CE,Federal Contract Tower,0,17,10,0,27,0,0,0,0,0,0,17,10,0,27,0,0,0,27
01/24/2011,SLN,KS,ACE,CE,Federal Contract Tower,0,21,11,1,33,0,66,2,5,73,0,87,13,6,106,152,0,152,258
01/25/2011,SLN,KS,ACE,CE,Federal Contract Tower,0,18,17,3,38,0,66,27,4,97,0,84,44,7,135,124,2,126,261
01/26/2011,SLN,KS,ACE,CE,Federal Contract Tower,2,16,21,2,41,0,60,20,2,82,2,76,41,4,123,110,0,110,233
01/27/2011,SLN,KS,ACE,CE,Federal Contract Tower,0,16,14,5,35,0,68,10,2,80,0,84,24,7,115,92,16,108,223
01/28/2011,SLN,KS,ACE,CE,Federal Contract Tower,0,15,12,4,31,0,67,29,6,102,0,82,41,10,133,112,2,114,247
01/29/2011,SLN,KS,ACE,CE,Federal Contract Tower,0,8,7,0,15,0,13,24,0,37,0,21,31,0,52,34,0,34,86
01/30/2011,SLN,KS,ACE,CE,Federal Contract Tower,0,12,19,0,31,0,4,7,0,11,0,16,26,0,42,14,0,14,56
01/31/2011,SLN,KS,ACE,CE,Federal Contract Tower,0,9,10,0,19,0,0,0,0,0,0,9,10,0,19,0,0,0,19
02/01/2011,SLN,KS,ACE,CE,Federal Contract Tower,0,3,2,0,5,0,0,0,0,0,0,3,2,0,5,0,0,0,5
02/02/2011,SLN,KS,ACE,CE,Federal Contract Tower,0,12,18,1,31,0,1,4,8,13,0,13,22,9,44,0,4,4,48
02/03/2011,SLN,KS,ACE,CE,Federal Contract Tower,0,14,19,3,36,0,44,20,3,67,0,58,39,6,103,52,0,52,155
02/04/2011,SLN,KS,ACE,CE,Federal Contract Tower,0,13,26,8,47,0,55,10,4,69,0,68,36,12,116,104,0,104,220
02/05/2011,SLN,KS,ACE,CE,Federal Contract Tower,0,6,12,0,18,0,14,14,0,28,0,20,26,0,46,46,0,46,92
02/06/2011,SLN,KS,ACE,CE,Federal Contract Tower,0,10,15,0,25,0,0,5,0,5,0,10,20,0,30,14,0,14,44
02/07/2011,SLN,KS,ACE,CE,Federal Contract Tower,0,18,13,0,31,0,49,6,0,55,0,67,19,0,86,92,0,92,178
02/08/2011,SLN,KS,ACE,CE,Federal Contract Tower,0,12,1,0,13,0,0,0,0,0,0,12,1,0,13,0,0,0,13
02/09/2011,SLN,KS,ACE,CE,Federal Contract Tower,0,19,26,1,46,0,1,1,1,3,0,20,27,2,49,2,0,2,51
02/10/2011,SLN,KS,ACE,CE,Federal Contract Tower,0,14,15,1,30,0,66,6,3,75,0,80,21,4,105,90,0,90,195
02/11/2011,SLN,KS,ACE,CE,Federal Contract Tower,0,13,19,0,32,0,56,16,6,78,0,69,35,6,110,72,0,72,182
02/12/2011,SLN,KS,ACE,CE,Federal Contract Tower,4,7,10,0,21,0,22,17,4,43,4,29,27,4,64,34,4,38,102
02/13/2011,SLN,KS,ACE,CE,Federal Contract Tower,4,6,15,0,25,0,6,20,0,26,4,12,35,0,51,24,0,24,75
02/14/2011,SLN,KS,ACE,CE,Federal Contract Tower,0,27,8,0,35,0,77,19,0,96,0,104,27,0,131,185,0,185,316
02/15/2011,SLN,KS,ACE,CE,Federal Contract Tower,0,18,18,2,38,0,59,27,2,88,0,77,45,4,126,58,4,62,188
02/16/2011,SLN,KS,ACE,CE,Federal Contract Tower,0,25,19,1,45,0,72,20,2,94,0,97,39,3,139,106,4,110,249
02/17/2011,SLN,KS,ACE,CE,Federal Contract Tower,0,25,29,2,56,0,54,24,0,78,0,79,53,2,134,66,2,68,202
02/18/2011,SLN,KS,ACE,CE,Federal Contract Tower,0,17,36,4,57,0,67,38,1,106,0,84,74,5,163,104,24,128,291
02/19/2011,SLN,KS,ACE,CE,Federal Contract Tower,0,4,8,0,12,0,0,2,0,2,0,4,10,0,14,0,0,0,14
02/20/2011,SLN,KS,ACE,CE,Federal Contract Tower,0,7,20,3,30,0,1,0,0,1,0,8,20,3,31,0,4,4,35
02/21/2011,SLN,KS,ACE,CE,Federal Contract Tower,2,9,21,0,32,0,57,9,0,66,2,66,30,0,98,62,0,62,160
02/22/2011,SLN,KS,ACE,CE,Federal Contract Tower,0,20,14,3,37,0,65,21,0,86,0,85,35,3,123,145,8,153,276
02/23/2011,SLN,KS,ACE,CE,Federal Contract Tower,0,19,19,2,40,0,88,9,4,101,0,107,28,6,141,206,0,206,347
02/24/2011,SLN,KS,ACE,CE,Federal Contract Tower,0,9,5,0,14,0,0,0,0,0,0,9,5,0,14,0,0,0,14
02/25/2011,SLN,KS,ACE,CE,Federal Contract Tower,0,14,12,5,31,0,0,4,0,4,0,14,16,5,35,0,0,0,35
02/26/2011,SLN,KS,ACE,CE,Federal Contract Tower,0,2,4,2,8,0,0,0,0,0,0,2,4,2,8,0,0,0,8
02/27/2011,SLN,KS,ACE,CE,Federal Contract Tower,0,1,10,0,11,0,0,0,0,0,0,1,10,0,11,0,0,0,11
02/28/2011,SLN,KS,ACE,CE,Federal Contract Tower,0,12,19,6,37,0,103,23,15,141,0,115,42,21,178,186,10,196,374
03/01/2011,SLN,KS,ACE,CE,Federal Contract Tower,0,14,19,3,36,0,80,36,20,136,0,94,55,23,172,178,10,188,360
03/02/2011,SLN,KS,ACE,CE,Federal Contract Tower,0,18,18,1,37,0,74,14,11,99,0,92,32,12,136,184,0,184,320
03/03/2011,SLN,KS,ACE,CE,Federal Contract Tower,0,11,38,3,52,0,69,40,20,129,0,80,78,23,181,124,4,128,309
03/04/2011,SLN,KS,ACE,CE,Federal Contract Tower,0,14,7,14,35,0,7,3,20,30,0,21,10,34,65,18,18,36,101
03/05/2011,SLN,KS,ACE,CE,Federal Contract Tower,0,6,17,0,23,0,10,20,2,32,0,16,37,2,55,32,0,32,87
03/06/2011,SLN,KS,ACE,CE,Federal Contract Tower,0,6,12,1,19,0,10,17,0,27,0,16,29,1,46,30,0,30,76
03/07/2011,SLN,KS,ACE,CE,Federal Contract Tower,0,13,19,10,42,0,0,6,3,9,0,13,25,13,51,10,12,22,73
03/08/2011,SLN,KS,ACE,CE,Federal Contract Tower,0,12,4,0,16,0,0,0,0,0,0,12,4,0,16,0,0,0,16
03/09/2011,SLN,KS,ACE,CE,Federal Contract Tower,0,19,19,4,42,0,48,4,12,64,0,67,23,16,106,54,14,68,174
03/10/2011,SLN,KS,ACE,CE,Federal Contract Tower,0,20,18,2,40,0,84,24,26,134,0,104,42,28,174,170,2,172,346
03/11/2011,SLN,KS,ACE,CE,Federal Contract Tower,0,13,22,1,36,0,58,27,23,108,0,71,49,24,144,122,6,128,272
03/12/2011,SLN,KS,ACE,CE,Federal Contract Tower,0,4,3,2,9,0,11,34,2,47,0,15,37,4,56,74,0,74,130
03/13/2011,SLN,KS,ACE,CE,Federal Contract Tower,0,10,14,0,24,0,4,4,0,8,0,14,18,0,32,8,0,8,40
03/14/2011,SLN,KS,ACE,CE,Federal Contract Tower,0,14,15,1,30,0,1,4,5,10,0,15,19,6,40,18,0,18,58
03/15/2011,SLN,KS,ACE,CE,Federal Contract Tower,0,16,13,3,32,0,90,20,23,133,0,106,33,26,165,150,22,172,337
03/16/2011,SLN,KS,ACE,CE,Federal Contract Tower,0,21,15,3,39,0,80,17,17,114,0,101,32,20,153,224,2,226,379
03/17/2011,SLN,KS,ACE,CE,Federal Contract Tower,0,15,25,6,46,0,43,27,22,92,0,58,52,28,138,48,2,50,188
03/18/2011,SLN,KS,ACE,CE,Federal Contract Tower,0,15,27,1,43,0,35,14,27,76,0,50,41,28,119,82,0,82,201
03/19/2011,SLN,KS,ACE,CE,Federal Contract Tower,2,6,9,6,23,0,0,4,3,7,2,6,13,9,30,0,0,0,30
03/20/2011,SLN,KS,ACE,CE,Federal Contract Tower,0,11,15,0,26,0,0,17,0,17,0,11,32,0,43,6,0,6,49
03/21/2011,SLN,KS,ACE,CE,Federal Contract Tower,0,19,27,2,48,0,19,15,11,45,0,38,42,13,93,16,4,20,113
03/22/2011,SLN,KS,ACE,CE,Federal Contract Tower,0,18,24,3,45,0,12,1,6,19,0,30,25,9,64,2,0,2,66
03/23/2011,SLN,KS,ACE,CE,Federal Contract Tower,0,16,9,1,26,0,26,14,6,46,0,42,23,7,72,46,0,46,118
03/24/2011,SLN,KS,ACE,CE,Federal Contract Tower,0,19,20,1,40,0,36,34,4,74,0,55,54,5,114,74,0,74,188
03/25/2011,SLN,KS,ACE,CE,Federal Contract Tower,0,18,30,0,48,0,0,3,0,3,0,18,33,0,51,0,0,0,51
03/26/2011,SLN,KS,ACE,CE,Federal Contract Tower,0,8,16,0,24,0,0,2,0,2,0,8,18,0,26,0,0,0,26
03/27/2011,SLN,KS,ACE,CE,Federal Contract Tower,0,8,7,0,15,0,0,3,0,3,0,8,10,0,18,0,0,0,18
03/28/2011,SLN,KS,ACE,CE,Federal Contract Tower,0,15,18,0,33,0,0,0,0,0,0,15,18,0,33,2,16,18,51
03/29/2011,SLN,KS,ACE,CE,Federal Contract Tower,2,18,8,4,32,0,2,6,0,8,2,20,14,4,40,96,0,96,136
03/30/2011,SLN,KS,ACE,CE,Federal Contract Tower,0,16,8,1,25,0,18,11,7,36,0,34,19,8,61,60,0,60,121
03/31/2011,SLN,KS,ACE,CE,Federal Contract Tower,0,17,14,2,33,0,49,14,6,69,0,66,28,8,102,82,14,96,198
04/01/2011,SLN,KS,ACE,CE,Federal Contract Tower,0,12,20,0,32,0,80,18,8,106,0,92,38,8,138,164,0,164,302
04/02/2011,SLN,KS,ACE,CE,Federal Contract Tower,0,4,15,0,19,0,32,26,4,62,0,36,41,4,81,104,0,104,185
04/03/2011,SLN,KS,ACE,CE,Federal Contract Tower,2,8,11,0,21,0,7,6,0,13,2,15,17,0,34,8,0,8,42
04/04/2011,SLN,KS,ACE,CE,Federal Contract Tower,0,13,22,2,37,0,11,5,1,17,0,24,27,3,54,10,0,10,64
04/05/2011,SLN,KS,ACE,CE,Federal Contract Tower,0,16,13,4,33,0,75,32,2,109,0,91,45,6,142,90,14,104,246
04/06/2011,SLN,KS,ACE,CE,Federal Contract Tower,0,14,24,1,39,0,83,13,4,100,0,97,37,5,139,182,22,204,343
04/07/2011,SLN,KS,ACE,CE,Federal Contract Tower,0,16,17,0,33,0,66,18,2,86,0,82,35,2,119,188,0,188,307
04/08/2011,SLN,KS,ACE,CE,Federal Contract Tower,2,18,20,0,40,0,13,8,1,22,2,31,28,1,62,60,0,60,122
04/09/2011,SLN,KS,ACE,CE,Federal Contract Tower,0,5,9,0,14,0,27,18,1,46,0,32,27,1,60,66,0,66,126
04/10/2011,SLN,KS,ACE,CE,Federal Contract Tower,0,10,14,0,24,0,3,12,0,15,0,13,26,0,39,2,0,2,41
04/11/2011,SLN,KS,ACE,CE,Federal Contract Tower,0,9,11,1,21,0,82,15,2,99,0,91,26,3,120,178,0,178,298
04/12/2011,SLN,KS,ACE,CE,Federal Contract Tower,0,13,19,4,36,0,117,37,2,156,0,130,56,6,192,244,27,271,463
04/13/2011,SLN,KS,ACE,CE,Federal Contract Tower,0,16,16,2,34,0,95,21,10,126,0,111,37,12,160,202,40,242,402
04/14/2011,SLN,KS,ACE,CE,Federal Contract Tower,0,14,11,2,27,0,49,5,9,63,0,63,16,11,90,76,0,76,166
04/15/2011,SLN,KS,ACE,CE,Federal Contract Tower,0,12,14,0,26,0,0,0,0,0,0,12,14,0,26,2,0,2,28
04/16/2011,SLN,KS,ACE,CE,Federal Contract Tower,2,6,16,0,24,0,11,61,0,72,2,17,77,0,96,60,0,60,156
04/17/2011,SLN,KS,ACE,CE,Federal Contract Tower,0,12,17,0,29,0,14,18,0,32,0,26,35,0,61,46,0,46,107
04/18/2011,SLN,KS,ACE,CE,Federal Contract Tower,0,18,9,4,31,0,76,16,3,95,0,94,25,7,126,182,2,184,310
04/19/2011,SLN,KS,ACE,CE,Federal Contract Tower,0,27,29,6,62,0,9,2,1,12,0,36,31,7,74,60,4,64,138
04/20/2011,SLN,KS,ACE,CE,Federal Contract Tower,0,13,17,3,33,0,59,12,3,74,0,72,29,6,107,130,2,132,239
04/21/2011,SLN,KS,ACE,CE,Federal Contract Tower,0,21,15,0,36,0,47,11,1,59,0,68,26,1,95,60,4,64,159
04/22/2011,SLN,KS,ACE,CE,Federal Contract Tower,0,16,11,0,27,0,31,7,4,42,0,47,18,4,69,64,2,66,135
04/23/2011,SLN,KS,ACE,CE,Federal Contract Tower,0,3,14,0,17,0,0,0,0,0,0,3,14,0,17,20,0,20,37
04/24/2011,SLN,KS,ACE,CE,Federal Contract Tower,0,8,9,0,17,0,5,7,0,12,0,13,16,0,29,8,0,8,37
04/25/2011,SLN,KS,ACE,CE,Federal Contract Tower,2,15,13,0,30,0,0,1,0,1,2,15,14,0,31,0,0,0,31
04/26/2011,SLN,KS,ACE,CE,Federal Contract Tower,0,13,25,8,46,0,114,14,9,137,0,127,39,17,183,240,14,254,437
04/27/2011,SLN,KS,ACE,CE,Federal Contract Tower,1,14,11,3,29,0,41,4,1,46,1,55,15,4,75,122,10,132,207
04/28/2011,SLN,KS,ACE,CE,Federal Contract Tower,0,18,17,4,39,0,97,20,2,119,0,115,37,6,158,178,4,182,340
04/29/2011,SLN,KS,ACE,CE,Federal Contract Tower,0,15,18,2,35,1,13,12,4,30,1,28,30,6,65,10,0,10,75
04/30/2011,SLN,KS,ACE,CE,Federal Contract Tower,0,4,6,0,10,0,41,12,2,55,0,45,18,2,65,34,0,34,99
05/01/2011,SLN,KS,ACE,CE,Federal Contract Tower,0,7,15,0,22,0,35,12,2,49,0,42,27,2,71,92,0,92,163
05/02/2011,SLN,KS,ACE,CE,Federal Contract Tower,2,27,17,2,48,0,83,13,2,98,2,110,30,4,146,220,2,222,368
05/03/2011,SLN,KS,ACE,CE,Federal Contract Tower,2,21,21,1,45,3,88,35,3,129,5,109,56,4,174,230,0,230,404
05/04/2011,SLN,KS,ACE,CE,Federal Contract Tower,0,14,9,1,24,0,64,8,7,79,0,78,17,8,103,128,6,134,237
05/05/2011,SLN,KS,ACE,CE,Federal Contract Tower,0,16,23,2,41,0,58,13,8,79,0,74,36,10,120,144,0,144,264
05/06/2011,SLN,KS,ACE,CE,Federal Contract Tower,0,12,23,0,35,0,52,14,1,67,0,64,37,1,102,86,0,86,188
05/07/2011,SLN,KS,ACE,CE,Federal Contract Tower,2,5,13,0,20,0,15,35,0,50,2,20,48,0,70,50,0,50,120
05/08/2011,SLN,KS,ACE,CE,Federal Contract Tower,0,11,16,0,27,0,4,8,0,12,0,15,24,0,39,10,0,10,49
05/09/2011,SLN,KS,ACE,CE,Federal Contract Tower,0,18,16,1,35,0,57,8,0,65,0,75,24,1,100,172,0,172,272
05/10/2011,SLN,KS,ACE,CE,Federal Contract Tower,0,13,24,4,41,0,47,18,5,70,0,60,42,9,111,194,16,210,321
05/11/2011,SLN,KS,ACE,CE,Federal Contract Tower,0,13,33,3,49,0,30,10,2,42,0,43,43,5,91,66,0,66,157
05/12/2011,SLN,KS,ACE,CE,Federal Contract Tower,0,16,32,2,50,0,58,15,7,80,0,74,47,9,130,214,10,224,354
05/13/2011,SLN,KS,ACE,CE,Federal Contract Tower,0,12,22,2,36,0,4,16,0,20,0,16,38,2,56,12,0,12,68
05/14/2011,SLN,KS,ACE,CE,Federal Contract Tower,0,7,21,2,30,0,13,10,0,23,0,20,31,2,53,52,0,52,105
05/15/2011,SLN,KS,ACE,CE,Federal Contract Tower,0,11,26,0,37,0,4,17,0,21,0,15,43,0,58,44,0,44,102
05/16/2011,SLN,KS,ACE,CE,Federal Contract Tower,0,14,17,6,37,0,52,41,1,94,0,66,58,7,131,172,4,176,307
05/17/2011,SLN,KS,ACE,CE,Federal Contract Tower,0,18,17,4,39,0,58,17,6,81,0,76,34,10,120,200,18,218,338
05/18/2011,SLN,KS,ACE,CE,Federal Contract Tower,0,22,3,0,25,0,8,4,2,14,0,30,7,2,39,14,18,32,71
05/19/2011,SLN,KS,ACE,CE,Federal Contract Tower,0,19,16,1,36,0,0,0,5,5,0,19,16,6,41,4,52,56,97
05/20/2011,SLN,KS,ACE,CE,Federal Contract Tower,0,15,15,4,34,0,0,0,0,0,0,15,15,4,34,48,8,56,90
05/21/2011,SLN,KS,ACE,CE,Federal Contract Tower,0,5,11,0,16,0,13,23,0,36,0,18,34,0,52,40,0,40,92
05/22/2011,SLN,KS,ACE,CE,Federal Contract Tower,0,11,7,2,20,0,7,20,0,27,0,18,27,2,47,16,0,16,63
05/23/2011,SLN,KS,ACE,CE,Federal Contract Tower,0,11,11,0,22,0,51,14,2,67,0,62,25,2,89,148,0,148,237
05/24/2011,SLN,KS,ACE,CE,Federal Contract Tower,0,14,7,0,21,0,8,6,0,14,0,22,13,0,35,16,0,16,51
05/25/2011,SLN,KS,ACE,CE,Federal Contract Tower,0,20,7,0,27,0,0,2,2,4,0,20,9,2,31,6,40,46,77
05/26/2011,SLN,KS,ACE,CE,Federal Contract Tower,0,11,34,0,45,0,78,47,0,125,0,89,81,0,170,120,2,122,292
05/27/2011,SLN,KS,ACE,CE,Federal Contract Tower,0,19,11,6,36,0,43,13,0,56,0,62,24,6,92,50,2,52,144
05/28/2011,SLN,KS,ACE,CE,Federal Contract Tower,0,2,12,0,14,0,3,7,0,10,0,5,19,0,24,24,0,24,48
05/29/2011,SLN,KS,ACE,CE,Federal Contract Tower,0,8,6,5,19,0,2,11,0,13,0,10,17,5,32,6,0,6,38
05/30/2011,SLN,KS,ACE,CE,Federal Contract Tower,0,8,11,0,19,0,2,3,0,5,0,10,14,0,24,8,0,8,32
05/31/2011,SLN,KS,ACE,CE,Federal Contract Tower,0,16,10,4,30,0,87,21,1,109,0,103,31,5,139,108,0,108,247
06/01/2011,SLN,KS,ACE,CE,Federal Contract Tower,0,16,14,13,43,0,59,11,2,72,0,75,25,15,115,112,10,122,237
06/02/2011,SLN,KS,ACE,CE,Federal Contract Tower,0,13,15,0,28,0,62,40,6,108,0,75,55,6,136,108,2,110,246
06/03/2011,SLN,KS,ACE,CE,Federal Contract Tower,0,15,34,0,49,0,61,24,4,89,0,76,58,4,138,90,0,90,228
06/04/2011,SLN,KS,ACE,CE,Federal Contract Tower,0,2,10,0,12,0,16,28,0,44,0,18,38,0,56,44,0,44,100
06/05/2011,SLN,KS,ACE,CE,Federal Contract Tower,0,7,19,0,26,0,11,22,0,33,0,18,41,0,59,22,0,22,81
06/06/2011,SLN,KS,ACE,CE,Federal Contract Tower,0,13,21,6,40,0,61,31,2,94,0,74,52,8,134,156,6,162,296
06/07/2011,SLN,KS,ACE,CE,Federal Contract Tower,0,16,17,1,34,0,45,12,4,61,0,61,29,5,95,70,16,86,181
06/08/2011,SLN,KS,ACE,CE,Federal Contract Tower,0,15,22,2,39,0,81,27,0,108,0,96,49,2,147,152,0,152,299
06/09/2011,SLN,KS,ACE,CE,Federal Contract Tower,0,17,17,7,41,0,76,8,8,92,0,93,25,15,133,92,6,98,231
06/10/2011,SLN,KS,ACE,CE,Federal Contract Tower,0,20,23,0,43,0,7,11,6,24,0,27,34,6,67,8,0,8,75
06/11/2011,SLN,KS,ACE,CE,Federal Contract Tower,0,9,8,0,17,0,20,32,4,56,0,29,40,4,73,52,0,52,125
06/12/2011,SLN,KS,ACE,CE,Federal Contract Tower,0,5,12,0,17,0,19,25,0,44,0,24,37,0,61,12,0,12,73
06/13/2011,SLN,KS,ACE,CE,Federal Contract Tower,0,15,14,3,32,0,79,24,3,106,0,94,38,6,138,178,4,182,320
06/14/2011,SLN,KS,ACE,CE,Federal Contract Tower,0,22,21,0,43,0,19,15,4,38,0,41,36,4,81,72,10,82,163
06/15/2011,SLN,KS,ACE,CE,Federal Contract Tower,2,19,28,4,53,0,125,39,3,167,2,144,67,7,220,204,26,230,450
06/16/2011,SLN,KS,ACE,CE,Federal Contract Tower,0,20,19,2,41,0,41,12,1,54,0,61,31,3,95,64,4,68,163
06/17/2011,SLN,KS,ACE,CE,Federal Contract Tower,0,21,12,1,34,0,60,18,20,98,0,81,30,21,132,84,0,84,216
06/18/2011,SLN,KS,ACE,CE,Federal Contract Tower,0,10,14,0,24,0,15,13,1,29,0,25,27,1,53,46,0,46,99
06/19/2011,SLN,KS,ACE,CE,Federal Contract Tower,0,10,25,3,38,0,0,17,2,19,0,10,42,5,57,2,2,4,61
06/20/2011,SLN,KS,ACE,CE,Federal Contract Tower,0,16,16,0,32,0,43,9,6,58,0,59,25,6,90,50,0,50,140
06/21/2011,SLN,KS,ACE,CE,Federal Contract Tower,0,21,17,1,39,0,38,15,16,69,0,59,32,17,108,54,10,64,172
06/22/2011,SLN,KS,ACE,CE,Federal Contract Tower,0,13,21,9,43,0,72,14,15,101,0,85,35,24,144,160,8,168,312
06/23/2011,SLN,KS,ACE,CE,Federal Contract Tower,0,11,27,4,42,0,76,46,18,140,0,87,73,22,182,180,28,208,390
06/24/2011,SLN,KS,ACE,CE,Federal Contract Tower,0,14,14,0,28,0,50,18,17,85,0,64,32,17,113,250,8,258,371
06/25/2011,SLN,KS,ACE,CE,Federal Contract Tower,0,4,12,0,16,0,12,10,0,22,0,16,22,0,38,16,0,16,54
06/26/2011,SLN,KS,ACE,CE,Federal Contract Tower,0,8,5,3,16,0,9,13,0,22,0,17,18,3,38,32,0,32,70
06/27/2011,SLN,KS,ACE,CE,Federal Contract Tower,0,12,26,1,39,0,49,25,17,91,0,61,51,18,130,134,0,134,264
06/28/2011,SLN,KS,ACE,CE,Federal Contract Tower,0,17,30,3,50,0,76,22,15,113,0,93,52,18,163,198,6,204,367
06/29/2011,SLN,KS,ACE,CE,Federal Contract Tower,0,20,18,14,52,0,60,23,18,101,0,80,41,32,153,152,90,242,395
06/30/2011,SLN,KS,ACE,CE,Federal Contract Tower,0,22,23,4,49,0,45,17,13,75,0,67,40,17,124,76,0,76,200
07/01/2011,SLN,KS,ACE,CE,Federal Contract Tower,0,13,26,0,39,0,27,22,16,65,0,40,48,16,104,136,0,136,240
07/02/2011,SLN,KS,ACE,CE,Federal Contract Tower,0,4,8,0,12,0,0,22,0,22,0,4,30,0,34,12,0,12,46
07/03/2011,SLN,KS,ACE,CE,Federal Contract Tower,0,8,6,2,16,0,1,6,0,7,0,9,12,2,23,0,0,0,23
07/04/2011,SLN,KS,ACE,CE,Federal Contract Tower,0,9,4,0,13,0,0,22,0,22,0,9,26,0,35,18,0,18,53
07/05/2011,SLN,KS,ACE,CE,Federal Contract Tower,0,13,11,1,25,0,46,17,14,77,0,59,28,15,102,168,2,170,272
07/06/2011,SLN,KS,ACE,CE,Federal Contract Tower,2,11,19,3,35,0,34,15,11,60,2,45,34,14,95,98,8,106,201
07/07/2011,SLN,KS,ACE,CE,Federal Contract Tower,0,22,22,5,49,0,50,11,14,75,0,72,33,19,124,128,16,144,268
07/08/2011,SLN,KS,ACE,CE,Federal Contract Tower,0,14,19,2,35,0,60,27,22,109,0,74,46,24,144,132,20,152,296
07/09/2011,SLN,KS,ACE,CE,Federal Contract Tower,0,8,23,1,32,0,13,16,0,29,0,21,39,1,61,16,0,16,77
07/10/2011,SLN,KS,ACE,CE,Federal Contract Tower,0,11,16,4,31,0,2,22,6,30,0,13,38,10,61,8,4,12,73
07/11/2011,SLN,KS,ACE,CE,Federal Contract Tower,0,22,16,7,45,0,55,18,26,99,0,77,34,33,144,114,14,128,272
07/12/2011,SLN,KS,ACE,CE,Federal Contract Tower,0,11,13,8,32,0,57,17,13,87,0,68,30,21,119,120,16,136,255
07/13/2011,SLN,KS,ACE,CE,Federal Contract Tower,0,15,21,2,38,0,79,29,7,115,0,94,50,9,153,84,14,98,251
07/14/2011,SLN,KS,ACE,CE,Federal Contract Tower,0,19,24,5,48,0,52,23,5,80,0,71,47,10,128,146,10,156,284
07/15/2011,SLN,KS,ACE,CE,Federal Contract Tower,0,11,18,2,31,0,37,34,1,72,0,48,52,3,103,72,0,72,175
07/16/2011,SLN,KS,ACE,CE,Federal Contract Tower,0,4,19,0,23,0,12,31,0,43,0,16,50,0,66,50,0,50,116
07/17/2011,SLN,KS,ACE,CE,Federal Contract Tower,0,11,22,0,33,0,2,21,0,23,0,13,43,0,56,10,0,10,66
07/18/2011,SLN,KS,ACE,CE,Federal Contract Tower,0,16,26,4,46,0,43,15,2,60,0,59,41,6,106,82,4,86,192
07/19/2011,SLN,KS,ACE,CE,Federal Contract Tower,0,23,15,2,40,0,44,10,2,56,0,67,25,4,96,78,2,80,176
07/20/2011,SLN,KS,ACE,CE,Federal Contract Tower,0,14,32,2,48,0,56,11,6,73,0,70,43,8,121,68,16,84,205
07/21/2011,SLN,KS,ACE,CE,Federal Contract Tower,0,11,13,4,28,0,67,20,0,87,0,78,33,4,115,134,0,134,249
07/22/2011,SLN,KS,ACE,CE,Federal Contract Tower,0,9,11,5,25,0,58,13,1,72,0,67,24,6,97,158,38,196,293
07/23/2011,SLN,KS,ACE,CE,Federal Contract Tower,0,15,12,0,27,0,22,20,1,43,0,37,32,1,70,44,0,44,114
07/24/2011,SLN,KS,ACE,CE,Federal Contract Tower,0,9,9,0,18,0,4,17,0,21,0,13,26,0,39,12,0,12,51
07/25/2011,SLN,KS,ACE,CE,Federal Contract Tower,0,14,16,6,36,0,57,18,1,76,0,71,34,7,112,136,4,140,252
07/26/2011,SLN,KS,ACE,CE,Federal Contract Tower,0,13,18,10,41,0,57,25,3,85,0,70,43,13,126,128,24,152,278
07/27/2011,SLN,KS,ACE,CE,Federal Contract Tower,0,14,21,0,35,0,38,6,0,44,0,52,27,0,79,94,0,94,173
07/28/2011,SLN,KS,ACE,CE,Federal Contract Tower,0,10,14,4,28,0,61,16,1,78,0,71,30,5,106,240,0,240,346
07/29/2011,SLN,KS,ACE,CE,Federal Contract Tower,2,17,9,4,32,0,32,15,0,47,2,49,24,4,79,94,0,94,173
07/30/2011,SLN,KS,ACE,CE,Federal Contract Tower,0,4,19,0,23,0,9,15,2,26,0,13,34,2,49,46,0,46,95
07/31/2011,SLN,KS,ACE,CE,Federal Contract Tower,0,9,19,4,32,0,4,22,0,26,0,13,41,4,58,12,4,16,74
08/01/2011,SLN,KS,ACE,CE,Federal Contract Tower,0,11,13,4,28,0,34,25,1,60,0,45,38,5,88,118,8,126,214
08/02/2011,SLN,KS,ACE,CE,Federal Contract Tower,0,17,21,3,41,0,25,11,4,40,0,42,32,7,81,42,8,50,131
08/03/2011,SLN,KS,ACE,CE,Federal Contract Tower,0,13,17,5,35,0,21,10,1,32,0,34,27,6,67,36,34,70,137
08/04/2011,SLN,KS,ACE,CE,Federal Contract Tower,0,18,19,6,43,0,22,9,6,37,0,40,28,12,80,38,14,52,132
08/05/2011,SLN,KS,ACE,CE,Federal Contract Tower,0,15,16,3,34,0,19,22,0,41,0,34,38,3,75,42,0,42,117
08/06/2011,SLN,KS,ACE,CE,Federal Contract Tower,0,4,12,2,18,0,9,39,6,54,0,13,51,8,72,12,2,14,86
08/07/2011,SLN,KS,ACE,CE,Federal Contract Tower,0,13,13,10,36,0,8,5,2,15,0,21,18,12,51,10,18,28,79
08/08/2011,SLN,KS,ACE,CE,Federal Contract Tower,0,13,6,0,19,0,36,15,0,51,0,49,21,0,70,96,0,96,166
08/09/2011,SLN,KS,ACE,CE,Federal Contract Tower,0,13,11,3,27,0,56,25,0,81,0,69,36,3,108,104,0,104,212
08/10/2011,SLN,KS,ACE,CE,Federal Contract Tower,0,12,18,0,30,0,34,26,0,60,0,46,44,0,90,68,0,68,158
08/11/2011,SLN,KS,ACE,CE,Federal Contract Tower,0,16,27,6,49,0,53,28,11,92,0,69,55,17,141,93,8,101,242
08/12/2011,SLN,KS,ACE,CE,Federal Contract Tower,0,12,18,1,31,0,15,8,1,24,0,27,26,2,55,36,0,36,91
08/13/2011,SLN,KS,ACE,CE,Federal Contract Tower,0,8,6,0,14,0,2,16,0,18,0,10,22,0,32,8,0,8,40
08/14/2011,SLN,KS,ACE,CE,Federal Contract Tower,0,15,26,0,41,0,12,22,0,34,0,27,48,0,75,28,0,28,103
08/15/2011,SLN,KS,ACE,CE,Federal Contract Tower,0,11,20,1,32,0,49,23,1,73,0,60,43,2,105,78,0,78,183
08/16/2011,SLN,KS,ACE,CE,Federal Contract Tower,0,15,26,7,48,0,43,22,14,79,0,58,48,21,127,106,0,106,233
08/17/2011,SLN,KS,ACE,CE,Federal Contract Tower,0,15,26,2,43,0,22,22,4,48,0,37,48,6,91,28,0,28,119
08/18/2011,SLN,KS,ACE,CE,Federal Contract Tower,0,16,35,2,53,0,12,20,7,39,0,28,55,9,92,28,2,30,122
08/19/2011,SLN,KS,ACE,CE,Federal Contract Tower,0,19,28,1,48,0,3,8,1,12,0,22,36,2,60,4,0,4,64
08/20/2011,SLN,KS,ACE,CE,Federal Contract Tower,0,8,19,2,29,0,12,12,0,24,0,20,31,2,53,30,0,30,83
08/21/2011,SLN,KS,ACE,CE,Federal Contract Tower,0,13,21,0,34,0,13,10,10,33,0,26,31,10,67,24,10,34,101
08/22/2011,SLN,KS,ACE,CE,Federal Contract Tower,2,21,22,0,45,0,18,19,8,45,2,39,41,8,90,42,4,46,136
08/23/2011,SLN,KS,ACE,CE,Federal Contract Tower,0,30,6,3,39,0,55,15,11,81,0,85,21,14,120,102,2,104,224
08/24/2011,SLN,KS,ACE,CE,Federal Contract Tower,0,17,14,5,36,0,34,16,13,63,0,51,30,18,99,64,2,66,165
08/25/2011,SLN,KS,ACE,CE,Federal Contract Tower,0,18,32,1,51,0,79,18,3,100,0,97,50,4,151,98,20,118,269
08/26/2011,SLN,KS,ACE,CE,Federal Contract Tower,0,18,22,0,40,0,55,36,9,100,0,73,58,9,140,88,0,88,228
08/27/2011,SLN,KS,ACE,CE,Federal Contract Tower,0,9,11,0,20,0,17,22,0,39,0,26,33,0,59,28,0,28,87
08/28/2011,SLN,KS,ACE,CE,Federal Contract Tower,0,5,9,3,17,0,6,21,0,27,0,11,30,3,44,8,12,20,64
08/29/2011,SLN,KS,ACE,CE,Federal Contract Tower,0,17,33,4,54,0,81,29,3,113,0,98,62,7,167,140,8,148,315
08/30/2011,SLN,KS,ACE,CE,Federal Contract Tower,0,23,15,0,38,0,77,16,0,93,0,100,31,0,131,126,0,126,257
08/31/2011,SLN,KS,ACE,CE,Federal Contract Tower,0,12,10,2,24,0,99,17,2,118,0,111,27,4,142,104,0,104,246
09/01/2011,SLN,KS,ACE,CE,Federal Contract Tower,0,15,11,0,26,0,78,15,4,97,0,93,26,4,123,62,2,64,187
09/02/2011,SLN,KS,ACE,CE,Federal Contract Tower,0,22,12,1,35,0,79,14,6,99,0,101,26,7,134,116,6,122,256
09/03/2011,SLN,KS,ACE,CE,Federal Contract Tower,0,4,5,0,9,0,14,10,0,24,0,18,15,0,33,30,0,30,63
09/04/2011,SLN,KS,ACE,CE,Federal Contract Tower,0,7,6,0,13,0,0,7,0,7,0,7,13,0,20,0,0,0,20
09/05/2011,SLN,KS,ACE,CE,Federal Contract Tower,0,11,15,0,26,0,31,29,0,60,0,42,44,0,86,108,0,108,194
09/06/2011,SLN,KS,ACE,CE,Federal Contract Tower,0,20,17,3,40,0,116,23,7,146,0,136,40,10,186,150,10,160,346
09/07/2011,SLN,KS,ACE,CE,Federal Contract Tower,0,16,18,2,36,0,128,24,9,161,0,144,42,11,197,284,0,284,481
09/08/2011,SLN,KS,ACE,CE,Federal Contract Tower,0,17,15,7,39,0,130,29,11,170,0,147,44,18,209,184,14,198,407
09/09/2011,SLN,KS,ACE,CE,Federal Contract Tower,0,12,13,2,27,0,122,28,2,152,0,134,41,4,179,234,0,234,413
09/10/2011,SLN,KS,ACE,CE,Federal Contract Tower,0,11,8,0,19,0,32,16,0,48,0,43,24,0,67,90,0,90,157
09/11/2011,SLN,KS,ACE,CE,Federal Contract Tower,0,10,15,2,27,0,13,23,0,36,0,23,38,2,63,36,0,36,99
09/12/2011,SLN,KS,ACE,CE,Federal Contract Tower,0,17,12,0,29,0,94,28,0,122,0,111,40,0,151,126,0,126,277
09/13/2011,SLN,KS,ACE,CE,Federal Contract Tower,0,7,7,2,16,0,111,26,3,140,0,118,33,5,156,142,4,146,302
09/14/2011,SLN,KS,ACE,CE,Federal Contract Tower,0,16,24,2,42,0,121,11,1,133,0,137,35,3,175,230,18,248,423
09/15/2011,SLN,KS,ACE,CE,Federal Contract Tower,0,15,30,2,47,0,88,11,2,101,0,103,41,4,148,208,22,230,378
09/16/2011,SLN,KS,ACE,CE,Federal Contract Tower,0,13,19,2,34,0,90,5,2,97,0,103,24,4,131,214,0,214,345
09/17/2011,SLN,KS,ACE,CE,Federal Contract Tower,0,2,11,0,13,0,0,0,0,0,0,2,11,0,13,0,0,0,13
09/18/2011,SLN,KS,ACE,CE,Federal Contract Tower,0,9,16,0,25,0,9,6,0,15,0,18,22,0,40,66,0,66,106
09/19/2011,SLN,KS,ACE,CE,Federal Contract Tower,0,19,35,5,59,0,107,18,7,132,0,126,53,12,191,226,36,262,453
09/20/2011,SLN,KS,ACE,CE,Federal Contract Tower,0,16,25,3,44,0,103,23,8,134,0,119,48,11,178,82,8,90,268
09/21/2011,SLN,KS,ACE,CE,Federal Contract Tower,0,10,26,5,41,0,120,13,12,145,0,130,39,17,186,388,36,424,610
09/22/2011,SLN,KS,ACE,CE,Federal Contract Tower,0,9,28,6,43,0,122,36,11,169,0,131,64,17,212,202,32,234,446
09/23/2011,SLN,KS,ACE,CE,Federal Contract Tower,0,12,31,1,44,0,114,26,2,142,0,126,57,3,186,350,12,362,548
09/24/2011,SLN,KS,ACE,CE,Federal Contract Tower,0,8,11,0,19,0,40,22,2,64,0,48,33,2,83,112,18,130,213
09/25/2011,SLN,KS,ACE,CE,Federal Contract Tower,0,5,19,5,29,0,4,13,3,20,0,9,32,8,49,2,24,26,75
09/26/2011,SLN,KS,ACE,CE,Federal Contract Tower,0,14,22,2,38,0,121,14,2,137,0,135,36,4,175,301,4,305,480
09/27/2011,SLN,KS,ACE,CE,Federal Contract Tower,0,16,16,5,37,0,120,24,2,146,0,136,40,7,183,316,22,338,521
09/28/2011,SLN,KS,ACE,CE,Federal Contract Tower,0,11,25,0,36,0,113,25,1,139,0,124,50,1,175,254,0,254,429
09/29/2011,SLN,KS,ACE,CE,Federal Contract Tower,2,13,34,2,51,0,68,20,4,92,2,81,54,6,143,168,18,186,329
09/30/2011,SLN,KS,ACE,CE,Federal Contract Tower,0,7,18,1,26,0,106,41,0,147,0,113,59,1,173,341,0,341,514
10/01/2011,SLN,KS,ACE,CE,Federal Contract Tower,0,6,12,0,18,0,33,31,0,64,0,39,43,0,82,106,0,106,188
10/02/2011,SLN,KS,ACE,CE,Federal Contract Tower,0,6,28,0,34,0,19,34,4,57,0,25,62,4,91,34,0,34,125
10/03/2011,SLN,KS,ACE,CE,Federal Contract Tower,0,13,12,5,30,0,76,22,0,98,0,89,34,5,128,252,6,258,386
10/04/2011,SLN,KS,ACE,CE,Federal Contract Tower,0,20,14,2,36,0,118,21,0,139,0,138,35,2,175,268,0,268,443
10/05/2011,SLN,KS,ACE,CE,Federal Contract Tower,0,15,27,0,42,0,70,8,8,86,0,85,35,8,128,210,4,214,342
10/06/2011,SLN,KS,ACE,CE,Federal Contract Tower,0,12,30,0,42,0,34,13,0,47,0,46,43,0,89,56,0,56,145
10/07/2011,SLN,KS,ACE,CE,Federal Contract Tower,0,18,13,0,31,0,20,3,0,23,0,38,16,0,54,58,0,58,112
10/08/2011,SLN,KS,ACE,CE,Federal Contract Tower,2,2,11,0,15,0,0,1,0,1,2,2,12,0,16,4,0,4,20
10/09/2011,SLN,KS,ACE,CE,Federal Contract Tower,0,5,17,0,22,0,4,3,0,7,0,9,20,0,29,26,0,26,55
10/10/2011,SLN,KS,ACE,CE,Federal Contract Tower,0,15,15,0,30,0,78,24,0,102,0,93,39,0,132,354,0,354,486
10/11/2011,SLN,KS,ACE,CE,Federal Contract Tower,0,15,28,4,47,0,134,24,2,160,0,149,52,6,207,432,18,450,657
10/12/2011,SLN,KS,ACE,CE,Federal Contract Tower,0,17,24,4,45,0,100,11,4,115,0,117,35,8,160,310,2,312,472
10/13/2011,SLN,KS,ACE,CE,Federal Contract Tower,0,19,12,8,39,0,94,16,9,119,0,113,28,17,158,245,12,257,415
10/14/2011,SLN,KS,ACE,CE,Federal Contract Tower,0,15,28,3,46,0,102,19,2,123,0,117,47,5,169,330,10,340,509
10/15/2011,SLN,KS,ACE,CE,Federal Contract Tower,0,9,13,0,22,0,30,21,0,51,0,39,34,0,73,86,0,86,159
10/16/2011,SLN,KS,ACE,CE,Federal Contract Tower,0,11,31,0,42,0,13,25,0,38,0,24,56,0,80,8,0,8,88
10/17/2011,SLN,KS,ACE,CE,Federal Contract Tower,0,17,12,1,30,0,79,6,4,89,0,96,18,5,119,170,2,172,291
10/18/2011,SLN,KS,ACE,CE,Federal Contract Tower,0,9,22,4,35,0,89,6,10,105,0,98,28,14,140,224,2,226,366
10/19/2011,SLN,KS,ACE,CE,Federal Contract Tower,0,16,19,3,38,0,95,15,10,120,0,111,34,13,158,256,20,276,434
10/20/2011,SLN,KS,ACE,CE,Federal Contract Tower,0,12,21,1,34,0,92,27,5,124,0,104,48,6,158,274,2,276,434
10/21/2011,SLN,KS,ACE,CE,Federal Contract Tower,0,6,23,0,29,0,94,25,0,119,0,100,48,0,148,274,4,278,426
10/22/2011,SLN,KS,ACE,CE,Federal Contract Tower,0,2,2,0,4,0,59,15,0,74,0,61,17,0,78,108,0,108,186
10/23/2011,SLN,KS,ACE,CE,Federal Contract Tower,1,16,21,2,40,0,0,0,0,0,1,16,21,2,40,18,0,18,58
10/24/2011,SLN,KS,ACE,CE,Federal Contract Tower,0,8,21,0,29,0,103,13,0,116,0,111,34,0,145,240,0,240,385
10/25/2011,SLN,KS,ACE,CE,Federal Contract Tower,0,23,25,2,50,0,51,10,6,67,0,74,35,8,117,82,16,98,215
10/26/2011,SLN,KS,ACE,CE,Federal Contract Tower,0,21,15,1,37,0,100,6,1,107,0,121,21,2,144,212,8,220,364
10/27/2011,SLN,KS,ACE,CE,Federal Contract Tower,0,14,18,7,39,0,116,20,6,142,0,130,38,13,181,354,36,390,571
10/28/2011,SLN,KS,ACE,CE,Federal Contract Tower,0,15,19,0,34,0,79,27,2,108,0,94,46,2,142,212,4,216,358
10/29/2011,SLN,KS,ACE,CE,Federal Contract Tower,0,4,12,0,16,0,20,12,0,32,0,24,24,0,48,38,0,38,86
10/30/2011,SLN,KS,ACE,CE,Federal Contract Tower,0,7,10,0,17,0,7,17,2,26,0,14,27,2,43,54,0,54,97
10/31/2011,SLN,KS,ACE,CE,Federal Contract Tower,0,13,6,0,19,0,88,19,0,107,0,101,25,0,126,214,0,214,340
11/01/2011,SLN,KS,ACE,CE,Federal Contract Tower,2,15,23,3,43,0,110,21,2,133,2,125,44,5,176,190,2,192,368
11/02/2011,SLN,KS,ACE,CE,Federal Contract Tower,0,11,9,0,20,0,0,1,0,1,0,11,10,0,21,0,0,0,21
11/03/2011,SLN,KS,ACE,CE,Federal Contract Tower,0,9,28,6,43,0,116,20,4,140,0,125,48,10,183,218,2,220,403
11/04/2011,SLN,KS,ACE,CE,Federal Contract Tower,0,16,18,0,34,0,99,22,2,123,0,115,40,2,157,222,0,222,379
11/05/2011,SLN,KS,ACE,CE,Federal Contract Tower,0,5,13,0,18,0,10,9,0,19,0,15,22,0,37,12,0,12,49
11/06/2011,SLN,KS,ACE,CE,Federal Contract Tower,0,11,27,0,38,0,10,26,1,37,0,21,53,1,75,12,0,12,87
11/07/2011,SLN,KS,ACE,CE,Federal Contract Tower,0,11,7,0,18,0,42,3,0,45,0,53,10,0,63,120,0,120,183
11/08/2011,SLN,KS,ACE,CE,Federal Contract Tower,0,9,8,1,18,0,0,0,0,0,0,9,8,1,18,0,0,0,18
11/09/2011,SLN,KS,ACE,CE,Federal Contract Tower,0,18,25,1,44,0,99,21,2,122,0,117,46,3,166,186,4,190,356
11/10/2011,SLN,KS,ACE,CE,Federal Contract Tower,0,13,12,2,27,0,124,29,14,167,0,137,41,16,194,252,28,280,474
11/11/2011,SLN,KS,ACE,CE,Federal Contract Tower,0,6,15,0,21,0,102,12,0,114,0,108,27,0,135,196,0,196,331
11/12/2011,SLN,KS,ACE,CE,Federal Contract Tower,2,4,7,0,13,0,26,13,2,41,2,30,20,2,54,100,0,100,154
11/13/2011,SLN,KS,ACE,CE,Federal Contract Tower,0,13,11,2,26,0,25,27,0,52,0,38,38,2,78,50,20,70,148
11/14/2011,SLN,KS,ACE,CE,Federal Contract Tower,2,15,13,0,30,0,101,6,0,107,2,116,19,0,137,202,0,202,339
11/15/2011,SLN,KS,ACE,CE,Federal Contract Tower,0,13,24,1,38,0,96,21,4,121,0,109,45,5,159,200,6,206,365
11/16/2011,SLN,KS,ACE,CE,Federal Contract Tower,0,14,19,5,38,0,16,4,3,23,0,30,23,8,61,46,6,52,113
11/17/2011,SLN,KS,ACE,CE,Federal Contract Tower,0,18,23,0,41,0,79,31,4,114,0,97,54,4,155,156,0,156,311
11/18/2011,SLN,KS,ACE,CE,Federal Contract Tower,0,14,18,0,32,0,17,7,4,28,0,31,25,4,60,20,34,54,114
11/19/2011,SLN,KS,ACE,CE,Federal Contract Tower,0,5,12,1,18,0,7,7,1,15,0,12,19,2,33,28,0,28,61
11/20/2011,SLN,KS,ACE,CE,Federal Contract Tower,0,8,13,4,25,0,4,4,0,8,0,12,17,4,33,4,0,4,37
11/21/2011,SLN,KS,ACE,CE,Federal Contract Tower,3,11,12,8,34,0,7,2,4,13,3,18,14,12,47,62,20,82,129
11/22/2011,SLN,KS,ACE,CE,Federal Contract Tower,8,26,22,10,66,0,27,22,12,61,8,53,44,22,127,62,2,64,191
11/23/2011,SLN,KS,ACE,CE,Federal Contract Tower,0,21,23,0,44,0,29,35,0,64,0,50,58,0,108,90,0,90,198
11/24/2011,SLN,KS,ACE,CE,Federal Contract Tower,0,8,3,0,11,0,0,5,0,5,0,8,8,0,16,0,0,0,16
11/25/2011,SLN,KS,ACE,CE,Federal Contract Tower,0,10,16,1,27,0,3,4,0,7,0,13,20,1,34,2,0,2,36
11/26/2011,SLN,KS,ACE,CE,Federal Contract Tower,0,13,2,1,16,0,2,2,2,6,0,15,4,3,22,0,0,0,22
11/27/2011,SLN,KS,ACE,CE,Federal Contract Tower,0,7,34,0,41,0,4,17,0,21,0,11,51,0,62,6,0,6,68
11/28/2011,SLN,KS,ACE,CE,Federal Contract Tower,0,11,10,2,23,0,105,21,7,133,0,116,31,9,156,196,2,198,354
11/29/2011,SLN,KS,ACE,CE,Federal Contract Tower,0,15,11,0,26,0,165,18,6,189,0,180,29,6,215,296,0,296,511
11/30/2011,SLN,KS,ACE,CE,Federal Contract Tower,0,20,21,0,41,0,80,8,7,95,0,100,29,7,136,166,0,166,302
12/01/2011,SLN,KS,ACE,CE,Federal Contract Tower,0,15,27,3,45,0,51,6,5,62,0,66,33,8,107,130,6,136,243
12/02/2011,SLN,KS,ACE,CE,Federal Contract Tower,0,17,17,2,36,0,80,12,2,94,0,97,29,4,130,265,0,265,395
12/03/2011,SLN,KS,ACE,CE,Federal Contract Tower,0,2,4,2,8,0,0,0,0,0,0,2,4,2,8,0,0,0,8
12/04/2011,SLN,KS,ACE,CE,Federal Contract Tower,0,13,12,2,27,0,45,16,1,62,0,58,28,3,89,84,0,84,173
12/05/2011,SLN,KS,ACE,CE,Federal Contract Tower,0,15,8,3,26,0,8,7,0,15,0,23,15,3,41,48,0,48,89
12/06/2011,SLN,KS,ACE,CE,Federal Contract Tower,0,18,12,0,30,0,122,20,4,146,0,140,32,4,176,294,0,294,470
12/07/2011,SLN,KS,ACE,CE,Federal Contract Tower,0,19,10,1,30,0,103,15,5,123,0,122,25,6,153,222,0,222,375
12/08/2011,SLN,KS,ACE,CE,Federal Contract Tower,0,23,19,0,42,0,90,16,4,110,0,113,35,4,152,216,2,218,370
12/09/2011,SLN,KS,ACE,CE,Federal Contract Tower,0,15,21,0,36,0,56,13,6,75,0,71,34,6,111,192,46,238,349
12/10/2011,SLN,KS,ACE,CE,Federal Contract Tower,0,9,7,0,16,0,30,15,0,45,0,39,22,0,61,42,0,42,103
12/11/2011,SLN,KS,ACE,CE,Federal Contract Tower,0,7,13,0,20,0,4,2,0,6,0,11,15,0,26,4,0,4,30
12/12/2011,SLN,KS,ACE,CE,Federal Contract Tower,0,0,0,0,0,0,46,4,2,52,0,46,4,2,52,198,0,198,250
12/13/2011,SLN,KS,ACE,CE,Federal Contract Tower,0,7,19,0,26,0,0,0,0,0,0,7,19,0,26,0,0,0,26
12/14/2011,SLN,KS,ACE,CE,Federal Contract Tower,0,13,20,4,37,0,38,4,4,46,0,51,24,8,83,58,0,58,141
12/15/2011,SLN,KS,ACE,CE,Federal Contract Tower,0,9,16,11,36,0,85,21,13,119,0,94,37,24,155,180,40,220,375
12/16/2011,SLN,KS,ACE,CE,Federal Contract Tower,0,14,22,2,38,0,71,13,5,89,0,85,35,7,127,178,0,178,305
12/17/2011,SLN,KS,ACE,CE,Federal Contract Tower,0,4,25,0,29,0,18,19,0,37,0,22,44,0,66,48,0,48,114
12/18/2011,SLN,KS,ACE,CE,Federal Contract Tower,0,11,13,1,25,0,8,16,0,24,0,19,29,1,49,56,4,60,109
12/19/2011,SLN,KS,ACE,CE,Federal Contract Tower,1,10,12,0,23,0,8,5,0,13,1,18,17,0,36,8,0,8,44
12/20/2011,SLN,KS,ACE,CE,Federal Contract Tower,0,6,5,0,11,0,0,0,0,0,0,6,5,0,11,0,0,0,11
12/21/2011,SLN,KS,ACE,CE,Federal Contract Tower,0,16,14,0,30,0,33,21,0,54,0,49,35,0,84,78,0,78,162
12/22/2011,SLN,KS,ACE,CE,Federal Contract Tower,0,12,21,0,33,0,0,0,4,4,0,12,21,4,37,0,8,8,45
12/23/2011,SLN,KS,ACE,CE,Federal Contract Tower,0,11,19,0,30,0,17,18,0,35,0,28,37,0,65,48,0,48,113
12/24/2011,SLN,KS,ACE,CE,Federal Contract Tower,0,2,0,0,2,0,0,18,0,18,0,2,18,0,20,6,0,6,26
12/25/2011,SLN,KS,ACE,CE,Federal Contract Tower,0,7,2,0,9,0,0,20,0,20,0,7,22,0,29,4,0,4,33
12/26/2011,SLN,KS,ACE,CE,Federal Contract Tower,2,10,26,0,38,0,3,19,0,22,2,13,45,0,60,14,0,14,74
12/27/2011,SLN,KS,ACE,CE,Federal Contract Tower,0,12,10,0,22,0,13,18,0,31,0,25,28,0,53,38,0,38,91
12/28/2011,SLN,KS,ACE,CE,Federal Contract Tower,0,5,6,2,13,0,20,16,18,54,0,25,22,20,67,62,10,72,139
12/29/2011,SLN,KS,ACE,CE,Federal Contract Tower,0,14,19,0,33,0,22,18,0,40,0,36,37,0,73,70,0,70,143
12/30/2011,SLN,KS,ACE,CE,Federal Contract Tower,0,13,14,0,27,0,10,20,0,30,0,23,34,0,57,42,0,42,99
12/31/2011,SLN,KS,ACE,CE,Federal Contract Tower,0,4,10,0,14,0,5,10,0,15,0,9,20,0,29,0,0,0,29
01/01/2012,SLN,KS,ACE,CE,Federal Contract Tower,0,11,8,0,19,0,4,10,0,14,0,15,18,0,33,8,0,8,41
01/02/2012,SLN,KS,ACE,CE,Federal Contract Tower,0,7,31,0,38,0,16,12,0,28,0,23,43,0,66,22,0,22,88
01/03/2012,SLN,KS,ACE,CE,Federal Contract Tower,0,10,19,0,29,0,25,21,2,48,0,35,40,2,77,62,0,62,139
01/04/2012,SLN,KS,ACE,CE,Federal Contract Tower,0,9,9,0,18,0,32,28,0,60,0,41,37,0,78,104,0,104,182
01/05/2012,SLN,KS,ACE,CE,Federal Contract Tower,0,10,22,0,32,0,38,26,10,74,0,48,48,10,106,110,6,116,222
01/06/2012,SLN,KS,ACE,CE,Federal Contract Tower,0,7,13,2,22,0,28,13,0,41,0,35,26,2,63,72,6,78,141
01/07/2012,SLN,KS,ACE,CE,Federal Contract Tower,0,9,6,0,15,0,5,19,1,25,0,14,25,1,40,36,0,36,76
01/08/2012,SLN,KS,ACE,CE,Federal Contract Tower,0,9,14,1,24,0,7,11,0,18,0,16,25,1,42,6,0,6,48
01/09/2012,SLN,KS,ACE,CE,Federal Contract Tower,0,7,9,1,17,0,17,16,0,33,0,24,25,1,50,10,4,14,64
01/10/2012,SLN,KS,ACE,CE,Federal Contract Tower,0,12,7,2,21,0,15,26,0,41,0,27,33,2,62,34,0,34,96
01/11/2012,SLN,KS,ACE,CE,Federal Contract Tower,0,13,13,3,29,0,2,2,6,10,0,15,15,9,39,4,12,16,55
01/12/2012,SLN,KS,ACE,CE,Federal Contract Tower,0,10,15,2,27,0,7,8,2,17,0,17,23,4,44,12,8,20,64
01/13/2012,SLN,KS,ACE,CE,Federal Contract Tower,0,12,16,2,30,0,4,17,3,24,0,16,33,5,54,22,36,58,112
01/14/2012,SLN,KS,ACE,CE,Federal Contract Tower,0,8,9,0,17,0,4,16,0,20,0,12,25,0,37,10,0,10,47
01/15/2012,SLN,KS,ACE,CE,Federal Contract Tower,0,3,10,0,13,0,5,6,0,11,0,8,16,0,24,6,0,6,30
01/16/2012,SLN,KS,ACE,CE,Federal Contract Tower,0,9,18,0,27,0,17,16,0,33,0,26,34,0,60,32,0,32,92
01/17/2012,SLN,KS,ACE,CE,Federal Contract Tower,0,15,22,2,39,0,34,7,0,41,0,49,29,2,80,84,2,86,166
01/18/2012,SLN,KS,ACE,CE,Federal Contract Tower,0,6,11,5,22,0,32,11,3,46,0,38,22,8,68,64,4,68,136
01/19/2012,SLN,KS,ACE,CE,Federal Contract Tower,0,19,19,7,45,0,50,11,8,69,0,69,30,15,114,108,4,112,226
01/20/2012,SLN,KS,ACE,CE,Federal Contract Tower,0,7,12,0,19,0,46,16,10,72,0,53,28,10,91,154,8,162,253
01/21/2012,SLN,KS,ACE,CE,Federal Contract Tower,0,5,9,5,19,0,13,21,3,37,0,18,30,8,56,46,4,50,106
01/22/2012,SLN,KS,ACE,CE,Federal Contract Tower,0,6,18,5,29,0,0,7,0,7,0,6,25,5,36,0,0,0,36
01/23/2012,SLN,KS,ACE,CE,Federal Contract Tower,0,8,9,1,18,0,74,14,0,88,0,82,23,1,106,152,4,156,262
01/24/2012,SLN,KS,ACE,CE,Federal Contract Tower,0,7,21,4,32,0,77,19,0,96,0,84,40,4,128,164,4,168,296
01/25/2012,SLN,KS,ACE,CE,Federal Contract Tower,0,11,13,6,30,0,93,18,3,114,0,104,31,9,144,192,72,264,408
01/26/2012,SLN,KS,ACE,CE,Federal Contract Tower,0,16,15,0,31,0,63,7,8,78,0,79,22,8,109,96,0,96,205
01/27/2012,SLN,KS,ACE,CE,Federal Contract Tower,0,10,16,4,30,0,56,13,5,74,0,66,29,9,104,152,0,152,256
01/28/2012,SLN,KS,ACE,CE,Federal Contract Tower,0,4,6,0,10,0,18,27,0,45,0,22,33,0,55,32,0,32,87
01/29/2012,SLN,KS,ACE,CE,Federal Contract Tower,0,7,5,0,12,0,15,28,0,43,0,22,33,0,55,60,0,60,115
01/30/2012,SLN,KS,ACE,CE,Federal Contract Tower,0,12,14,2,28,0,91,33,2,126,0,103,47,4,154,172,0,172,326
01/31/2012,SLN,KS,ACE,CE,Federal Contract Tower,0,13,12,3,28,0,75,14,4,93,0,88,26,7,121,144,2,146,267
02/01/2012,SLN,KS,ACE,CE,Federal Contract Tower,0,19,24,8,51,0,96,20,7,123,0,115,44,15,174,210,38,248,422
02/02/2012,SLN,KS,ACE,CE,Federal Contract Tower,0,9,17,8,34,0,94,22,4,120,0,103,39,12,154,174,8,182,336
02/03/2012,SLN,KS,ACE,CE,Federal Contract Tower,0,6,7,0,13,0,0,0,0,0,0,6,7,0,13,0,0,0,13
02/04/2012,SLN,KS,ACE,CE,Federal Contract Tower,0,2,6,0,8,0,0,3,0,3,0,2,9,0,11,0,0,0,11
02/05/2012,SLN,KS,ACE,CE,Federal Contract Tower,0,6,19,0,25,0,13,20,0,33,0,19,39,0,58,46,0,46,104
02/06/2012,SLN,KS,ACE,CE,Federal Contract Tower,0,16,15,1,32,0,105,19,0,124,0,121,34,1,156,280,0,280,436
02/07/2012,SLN,KS,ACE,CE,Federal Contract Tower,0,11,17,3,31,0,2,0,0,2,0,13,17,3,33,8,0,8,41
02/08/2012,SLN,KS,ACE,CE,Federal Contract Tower,0,9,11,1,21,0,32,5,5,42,0,41,16,6,63,204,0,204,267
02/09/2012,SLN,KS,ACE,CE,Federal Contract Tower,0,20,21,0,41,0,57,4,5,66,0,77,25,5,107,252,2,254,361
02/10/2012,SLN,KS,ACE,CE,Federal Contract Tower,0,13,10,0,23,0,59,19,4,82,0,72,29,4,105,100,22,122,227
02/11/2012,SLN,KS,ACE,CE,Federal Contract Tower,0,6,18,0,24,0,43,17,0,60,0,49,35,0,84,86,0,86,170
02/12/2012,SLN,KS,ACE,CE,Federal Contract Tower,0,7,12,2,21,0,10,7,2,19,0,17,19,4,40,72,0,72,112
02/13/2012,SLN,KS,ACE,CE,Federal Contract Tower,0,5,3,0,8,0,0,1,0,1,0,5,4,0,9,0,0,0,9
02/14/2012,SLN,KS,ACE,CE,Federal Contract Tower,0,15,15,1,31,0,111,15,0,126,0,126,30,1,157,188,0,188,345
02/15/2012,SLN,KS,ACE,CE,Federal Contract Tower,0,17,14,0,31,0,1,0,0,1,0,18,14,0,32,6,0,6,38
02/16/2012,SLN,KS,ACE,CE,Federal Contract Tower,2,6,23,4,35,0,117,15,8,140,2,123,38,12,175,276,40,316,491
02/17/2012,SLN,KS,ACE,CE,Federal Contract Tower,0,16,23,5,44,0,106,19,9,134,0,122,42,14,178,346,6,352,530
02/18/2012,SLN,KS,ACE,CE,Federal Contract Tower,0,3,18,0,21,0,37,24,7,68,0,40,42,7,89,94,4,98,187
02/19/2012,SLN,KS,ACE,CE,Federal Contract Tower,0,7,7,0,14,0,0,0,0,0,0,7,7,0,14,96,0,96,110
02/20/2012,SLN,KS,ACE,CE,Federal Contract Tower,0,12,12,0,24,0,6,1,0,7,0,18,13,0,31,44,0,44,75
02/21/2012,SLN,KS,ACE,CE,Federal Contract Tower,0,12,21,0,33,0,116,14,3,133,0,128,35,3,166,262,0,262,428
02/22/2012,SLN,KS,ACE,CE,Federal Contract Tower,0,10,17,2,29,0,122,18,5,145,0,132,35,7,174,216,0,216,390
02/23/2012,SLN,KS,ACE,CE,Federal Contract Tower,0,12,22,2,36,0,31,5,1,37,0,43,27,3,73,108,0,108,181
02/24/2012,SLN,KS,ACE,CE,Federal Contract Tower,0,12,22,2,36,0,72,15,7,94,0,84,37,9,130,134,4,138,268
02/25/2012,SLN,KS,ACE,CE,Federal Contract Tower,0,9,9,0,18,0,12,28,2,42,0,21,37,2,60,64,2,66,126
02/26/2012,SLN,KS,ACE,CE,Federal Contract Tower,0,9,18,0,27,0,13,26,0,39,0,22,44,0,66,28,0,28,94
02/27/2012,SLN,KS,ACE,CE,Federal Contract Tower,2,8,16,3,29,0,117,14,9,140,2,125,30,12,169,268,12,280,449
02/28/2012,SLN,KS,ACE,CE,Federal Contract Tower,0,12,10,6,28,0,27,4,0,31,0,39,14,6,59,144,36,180,239
02/29/2012,SLN,KS,ACE,CE,Federal Contract Tower,1,12,22,1,36,0,33,21,22,76,1,45,43,23,112,62,16,78,190
03/01/2012,SLN,KS,ACE,CE,Federal Contract Tower,0,8,16,1,25,0,120,30,17,167,0,128,46,18,192,292,10,302,494
03/02/2012,SLN,KS,ACE,CE,Federal Contract Tower,0,13,17,0,30,0,82,15,16,113,0,95,32,16,143,276,16,292,435
03/03/2012,SLN,KS,ACE,CE,Federal Contract Tower,0,9,21,0,30,0,38,16,0,54,0,47,37,0,84,124,0,124,208
03/04/2012,SLN,KS,ACE,CE,Federal Contract Tower,0,8,11,0,19,0,5,4,5,14,0,13,15,5,33,0,0,0,33
03/05/2012,SLN,KS,ACE,CE,Federal Contract Tower,0,8,8,4,20,0,102,16,23,141,0,110,24,27,161,252,20,272,433
03/06/2012,SLN,KS,ACE,CE,Federal Contract Tower,0,15,14,1,30,0,40,6,19,65,0,55,20,20,95,110,12,122,217
03/07/2012,SLN,KS,ACE,CE,Federal Contract Tower,0,17,23,8,48,0,31,6,10,47,0,48,29,18,95,80,30,110,205
03/08/2012,SLN,KS,ACE,CE,Federal Contract Tower,0,10,22,5,37,0,80,24,20,124,0,90,46,25,161,268,12,280,441
03/09/2012,SLN,KS,ACE,CE,Federal Contract Tower,0,7,32,1,40,0,103,30,25,158,0,110,62,26,198,298,14,312,510
03/10/2012,SLN,KS,ACE,CE,Federal Contract Tower,0,5,6,0,11,0,21,12,4,37,0,26,18,4,48,72,0,72,120
03/11/2012,SLN,KS,ACE,CE,Federal Contract Tower,0,5,12,4,21,0,1,1,0,2,0,6,13,4,23,0,0,0,23
03/12/2012,SLN,KS,ACE,CE,Federal Contract Tower,0,10,13,2,25,0,87,19,10,116,0,97,32,12,141,212,2,214,355
03/13/2012,SLN,KS,ACE,CE,Federal Contract Tower,0,9,11,0,20,0,98,28,16,142,0,107,39,16,162,270,20,290,452
03/14/2012,SLN,KS,ACE,CE,Federal Contract Tower,0,15,14,3,32,0,80,16,21,117,0,95,30,24,149,208,28,236,385
03/15/2012,SLN,KS,ACE,CE,Federal Contract Tower,0,20,21,1,42,0,48,16,13,77,0,68,37,14,119,224,0,224,343
03/16/2012,SLN,KS,ACE,CE,Federal Contract Tower,0,19,19,2,40,0,20,8,10,38,0,39,27,12,78,62,2,64,142
03/17/2012,SLN,KS,ACE,CE,Federal Contract Tower,0,8,9,1,18,0,6,12,6,24,0,14,21,7,42,50,0,50,92
03/18/2012,SLN,KS,ACE,CE,Federal Contract Tower,0,7,19,0,26,0,0,5,3,8,0,7,24,3,34,0,0,0,34
03/19/2012,SLN,KS,ACE,CE,Federal Contract Tower,0,10,6,0,16,0,25,3,7,35,0,35,9,7,51,68,10,78,129
03/20/2012,SLN,KS,ACE,CE,Federal Contract Tower,0,13,20,3,36,0,32,9,3,44,0,45,29,6,80,110,0,110,190
03/21/2012,SLN,KS,ACE,CE,Federal Contract Tower,0,6,26,1,33,0,6,2,0,8,0,12,28,1,41,18,0,18,59
03/22/2012,SLN,KS,ACE,CE,Federal Contract Tower,0,6,19,0,25,0,26,10,3,39,0,32,29,3,64,74,24,98,162
03/23/2012,SLN,KS,ACE,CE,Federal Contract Tower,0,12,9,0,21,0,33,14,3,50,0,45,23,3,71,128,12,140,211
03/24/2012,SLN,KS,ACE,CE,Federal Contract Tower,0,4,14,0,18,0,23,31,2,56,0,27,45,2,74,56,0,56,130
03/25/2012,SLN,KS,ACE,CE,Federal Contract Tower,0,11,13,0,24,0,5,35,0,40,0,16,48,0,64,34,0,34,98
03/26/2012,SLN,KS,ACE,CE,Federal Contract Tower,0,8,12,0,20,0,92,22,0,114,0,100,34,0,134,260,0,260,394
03/27/2012,SLN,KS,ACE,CE,Federal Contract Tower,0,12,15,0,27,0,101,11,4,116,0,113,26,4,143,332,2,334,477
03/28/2012,SLN,KS,ACE,CE,Federal Contract Tower,0,10,16,3,29,0,106,25,4,135,0,116,41,7,164,342,0,342,506
03/29/2012,SLN,KS,ACE,CE,Federal Contract Tower,0,11,10,1,22,0,87,16,7,110,0,98,26,8,132,278,10,288,420
03/30/2012,SLN,KS,ACE,CE,Federal Contract Tower,0,10,15,3,28,0,105,22,4,131,0,115,37,7,159,198,4,202,361
03/31/2012,SLN,KS,ACE,CE,Federal Contract Tower,0,15,4,8,27,0,24,13,2,39,0,39,17,10,66,50,14,64,130
04/01/2012,SLN,KS,ACE,CE,Federal Contract Tower,0,7,25,1,33,0,8,11,0,19,0,15,36,1,52,38,0,38,90
04/02/2012,SLN,KS,ACE,CE,Federal Contract Tower,0,8,16,3,27,0,68,7,0,75,0,76,23,3,102,178,6,184,286
04/03/2012,SLN,KS,ACE,CE,Federal Contract Tower,0,13,16,4,33,0,62,3,1,66,0,75,19,5,99,258,24,282,381
04/04/2012,SLN,KS,ACE,CE,Federal Contract Tower,0,15,23,0,38,0,5,0,0,5,0,20,23,0,43,10,0,10,53
04/05/2012,SLN,KS,ACE,CE,Federal Contract Tower,0,27,19,0,46,0,6,6,2,14,0,33,25,2,60,66,24,90,150
04/06/2012,SLN,KS,ACE,CE,Federal Contract Tower,0,22,10,6,38,0,65,10,4,79,0,87,20,10,117,174,20,194,311
04/07/2012,SLN,KS,ACE,CE,Federal Contract Tower,0,11,8,0,19,0,20,13,0,33,0,31,21,0,52,38,0,38,90
04/08/2012,SLN,KS,ACE,CE,Federal Contract Tower,2,3,14,0,19,0,17,24,0,41,2,20,38,0,60,48,0,48,108
04/09/2012,SLN,KS,ACE,CE,Federal Contract Tower,0,10,10,4,24,0,100,21,0,121,0,110,31,4,145,326,24,350,495
04/10/2012,SLN,KS,ACE,CE,Federal Contract Tower,0,17,9,2,28,0,138,30,8,176,0,155,39,10,204,414,32,446,650
04/11/2012,SLN,KS,ACE,CE,Federal Contract Tower,0,16,21,5,42,0,95,17,8,120,0,111,38,13,162,208,20,228,390
04/12/2012,SLN,KS,ACE,CE,Federal Contract Tower,0,19,10,0,29,0,32,1,4,37,0,51,11,4,66,130,6,136,202
04/13/2012,SLN,KS,ACE,CE,Federal Contract Tower,0,8,17,4,29,0,64,10,5,79,0,72,27,9,108,134,24,158,266
04/14/2012,SLN,KS,ACE,CE,Federal Contract Tower,0,2,1,0,3,0,2,0,0,2,0,4,1,0,5,2,0,2,7
04/15/2012,SLN,KS,ACE,CE,Federal Contract Tower,0,6,16,0,22,0,0,2,0,2,0,6,18,0,24,0,4,4,28
04/16/2012,SLN,KS,ACE,CE,Federal Contract Tower,0,17,10,2,29,0,96,18,8,122,0,113,28,10,151,270,0,270,421
04/17/2012,SLN,KS,ACE,CE,Federal Contract Tower,0,13,12,4,29,0,117,30,11,158,0,130,42,15,187,242,20,262,449
04/18/2012,SLN,KS,ACE,CE,Federal Contract Tower,0,9,23,3,35,0,106,23,9,138,0,115,46,12,173,252,16,268,441
04/19/2012,SLN,KS,ACE,CE,Federal Contract Tower,0,11,16,1,28,0,59,16,13,88,0,70,32,14,116,228,2,230,346
04/20/2012,SLN,KS,ACE,CE,Federal Contract Tower,0,7,16,0,23,0,75,17,5,97,0,82,33,5,120,256,14,270,390
04/21/2012,SLN,KS,ACE,CE,Federal Contract Tower,0,3,13,0,16,0,8,28,0,36,0,11,41,0,52,8,0,8,60
04/22/2012,SLN,KS,ACE,CE,Federal Contract Tower,0,7,14,0,21,0,19,32,0,51,0,26,46,0,72,56,0,56,128
04/23/2012,SLN,KS,ACE,CE,Federal Contract Tower,0,8,14,0,22,0,113,18,0,131,0,121,32,0,153,325,0,325,478
04/24/2012,SLN,KS,ACE,CE,Federal Contract Tower,0,11,16,17,44,0,119,24,0,143,0,130,40,17,187,356,6,362,549
04/25/2012,SLN,KS,ACE,CE,Federal Contract Tower,0,17,16,5,38,0,84,18,4,106,0,101,34,9,144,218,4,222,366
04/26/2012,SLN,KS,ACE,CE,Federal Contract Tower,0,9,17,6,32,0,90,22,2,114,0,99,39,8,146,288,2,290,436
04/27/2012,SLN,KS,ACE,CE,Federal Contract Tower,0,9,16,0,25,0,12,8,0,20,0,21,24,0,45,60,0,60,105
04/28/2012,SLN,KS,ACE,CE,Federal Contract Tower,0,7,16,0,23,0,33,26,4,63,0,40,42,4,86,68,2,70,156
04/29/2012,SLN,KS,ACE,CE,Federal Contract Tower,0,5,8,0,13,0,0,1,0,1,0,5,9,0,14,0,0,0,14
04/30/2012,SLN,KS,ACE,CE,Federal Contract Tower,0,24,14,2,40,0,21,3,0,24,0,45,17,2,64,92,0,92,156
05/01/2012,SLN,KS,ACE,CE,Federal Contract Tower,0,20,29,1,50,0,90,18,3,111,0,110,47,4,161,196,16,212,373
05/02/2012,SLN,KS,ACE,CE,Federal Contract Tower,0,25,30,4,59,0,80,22,4,106,0,105,52,8,165,220,12,232,397
05/03/2012,SLN,KS,ACE,CE,Federal Contract Tower,0,17,23,4,44,0,69,16,6,91,0,86,39,10,135,286,22,308,443
05/04/2012,SLN,KS,ACE,CE,Federal Contract Tower,0,17,8,1,26,0,104,37,3,144,0,121,45,4,170,278,2,280,450
05/05/2012,SLN,KS,ACE,CE,Federal Contract Tower,0,8,7,0,15,0,10,46,11,67,0,18,53,11,82,40,0,40,122
05/06/2012,SLN,KS,ACE,CE,Federal Contract Tower,0,7,19,0,26,0,24,16,0,40,0,31,35,0,66,80,0,80,146
05/07/2012,SLN,KS,ACE,CE,Federal Contract Tower,0,13,17,4,34,0,140,7,9,156,0,153,24,13,190,752,32,784,974
05/08/2012,SLN,KS,ACE,CE,Federal Contract Tower,0,5,13,0,18,0,191,25,21,237,0,196,38,21,255,836,10,846,1101
05/09/2012,SLN,KS,ACE,CE,Federal Contract Tower,0,12,35,4,51,0,142,25,19,186,0,154,60,23,237,1064,16,1080,1317
05/10/2012,SLN,KS,ACE,CE,Federal Contract Tower,0,21,23,4,48,0,113,23,11,147,0,134,46,15,195,619,50,669,864
05/11/2012,SLN,KS,ACE,CE,Federal Contract Tower,0,12,25,0,37,0,108,40,5,153,0,120,65,5,190,452,2,454,644
05/12/2012,SLN,KS,ACE,CE,Federal Contract Tower,0,0,15,3,18,0,126,89,1,216,0,126,104,4,234,422,0,422,656
05/13/2012,SLN,KS,ACE,CE,Federal Contract Tower,0,7,24,0,31,0,90,79,1,170,0,97,103,1,201,318,0,318,519
05/14/2012,SLN,KS,ACE,CE,Federal Contract Tower,1,0,0,0,1,0,37,33,1,71,1,37,33,1,72,146,0,146,218
05/15/2012,SLN,KS,ACE,CE,Federal Contract Tower,0,20,31,6,57,0,136,92,2,230,0,156,123,8,287,54,12,66,353
05/16/2012,SLN,KS,ACE,CE,Federal Contract Tower,0,11,21,3,35,0,79,50,3,132,0,90,71,6,167,154,2,156,323
05/17/2012,SLN,KS,ACE,CE,Federal Contract Tower,0,15,25,2,42,0,55,28,5,88,0,70,53,7,130,114,12,126,256
05/18/2012,SLN,KS,ACE,CE,Federal Contract Tower,0,13,25,0,38,0,31,10,1,42,0,44,35,1,80,48,0,48,128
05/19/2012,SLN,KS,ACE,CE,Federal Contract Tower,0,1,12,0,13,0,9,15,0,24,0,10,27,0,37,16,0,16,53
05/20/2012,SLN,KS,ACE,CE,Federal Contract Tower,0,16,32,2,50,0,7,35,0,42,0,23,67,2,92,10,0,10,102
05/21/2012,SLN,KS,ACE,CE,Federal Contract Tower,0,9,26,3,38,0,55,28,4,87,0,64,54,7,125,236,18,254,379
05/22/2012,SLN,KS,ACE,CE,Federal Contract Tower,0,8,23,5,36,0,58,26,7,91,0,66,49,12,127,158,8,166,293
05/23/2012,SLN,KS,ACE,CE,Federal Contract Tower,2,12,8,5,27,0,10,9,3,22,2,22,17,8,49,18,11,29,78
05/24/2012,SLN,KS,ACE,CE,Federal Contract Tower,0,16,23,0,39,0,79,25,18,122,0,95,48,18,161,256,18,274,435
05/25/2012,SLN,KS,ACE,CE,Federal Contract Tower,0,15,35,1,51,0,24,5,0,29,0,39,40,1,80,48,0,48,128
05/26/2012,SLN,KS,ACE,CE,Federal Contract Tower,0,4,16,2,22,0,7,10,0,17,0,11,26,2,39,12,0,12,51
05/27/2012,SLN,KS,ACE,CE,Federal Contract Tower,0,4,6,0,10,0,0,9,0,9,0,4,15,0,19,0,0,0,19
05/28/2012,SLN,KS,ACE,CE,Federal Contract Tower,0,9,11,0,20,0,3,17,0,20,0,12,28,0,40,52,0,52,92
05/29/2012,SLN,KS,ACE,CE,Federal Contract Tower,0,10,26,0,36,0,93,20,2,115,0,103,46,2,151,232,10,242,393
05/30/2012,SLN,KS,ACE,CE,Federal Contract Tower,1,10,10,4,25,0,51,10,0,61,1,61,20,4,86,100,16,116,202
05/31/2012,SLN,KS,ACE,CE,Federal Contract Tower,2,20,32,1,55,0,64,21,3,88,2,84,53,4,143,116,0,116,259
06/01/2012,SLN,KS,ACE,CE,Federal Contract Tower,0,9,16,0,25,0,57,26,8,91,0,66,42,8,116,152,2,154,270
06/02/2012,SLN,KS,ACE,CE,Federal Contract Tower,0,5,17,0,22,0,23,47,18,88,0,28,64,18,110,74,10,84,194
06/03/2012,SLN,KS,ACE,CE,Federal Contract Tower,0,4,17,2,23,0,7,15,2,24,0,11,32,4,47,24,0,24,71
06/04/2012,SLN,KS,ACE,CE,Federal Contract Tower,0,6,21,2,29,0,85,15,11,111,0,91,36,13,140,196,30,226,366
06/05/2012,SLN,KS,ACE,CE,Federal Contract Tower,1,6,35,0,42,0,79,20,15,114,1,85,55,15,156,240,0,240,396
06/06/2012,SLN,KS,ACE,CE,Federal Contract Tower,2,14,31,1,48,0,66,19,17,102,2,80,50,18,150,172,42,214,364
06/07/2012,SLN,KS,ACE,CE,Federal Contract Tower,1,12,20,0,33,1,61,22,10,94,2,73,42,10,127,170,10,180,307
06/08/2012,SLN,KS,ACE,CE,Federal Contract Tower,0,9,23,1,33,0,73,9,4,86,0,82,32,5,119,156,0,156,275
06/09/2012,SLN,KS,ACE,CE,Federal Contract Tower,0,7,9,0,16,0,15,5,9,29,0,22,14,9,45,60,10,70,115
06/10/2012,SLN,KS,ACE,CE,Federal Contract Tower,0,8,16,0,24,0,12,3,0,15,0,20,19,0,39,12,0,12,51
06/11/2012,SLN,KS,ACE,CE,Federal Contract Tower,2,9,21,2,34,0,91,17,5,113,2,100,38,7,147,232,0,232,379
06/12/2012,SLN,KS,ACE,CE,Federal Contract Tower,0,11,16,2,29,0,107,39,2,148,0,118,55,4,177,246,0,246,423
06/13/2012,SLN,KS,ACE,CE,Federal Contract Tower,0,6,22,2,30,0,48,10,2,60,0,54,32,4,90,140,12,152,242
06/14/2012,SLN,KS,ACE,CE,Federal Contract Tower,0,12,24,1,37,0,30,12,0,42,0,42,36,1,79,144,2,146,225
06/15/2012,SLN,KS,ACE,CE,Federal Contract Tower,1,13,28,5,47,0,45,31,17,93,1,58,59,22,140,182,18,200,340
06/16/2012,SLN,KS,ACE,CE,Federal Contract Tower,0,6,20,0,26,0,13,12,0,25,0,19,32,0,51,84,0,84,135
06/17/2012,SLN,KS,ACE,CE,Federal Contract Tower,2,12,33,5,52,0,1,17,1,19,2,13,50,6,71,10,0,10,81
06/18/2012,SLN,KS,ACE,CE,Federal Contract Tower,0,18,33,1,52,0,44,27,0,71,0,62,60,1,123,164,14,178,301
06/19/2012,SLN,KS,ACE,CE,Federal Contract Tower,0,14,13,7,34,0,30,8,4,42,0,44,21,11,76,84,20,104,180
06/20/2012,SLN,KS,ACE,CE,Federal Contract Tower,0,18,25,2,45,0,15,8,0,23,0,33,33,2,68,62,0,62,130
06/21/2012,SLN,KS,ACE,CE,Federal Contract Tower,1,14,34,6,55,0,81,32,8,121,1,95,66,14,176,264,44,308,484
06/22/2012,SLN,KS,ACE,CE,Federal Contract Tower,1,14,21,0,36,0,75,19,0,94,1,89,40,0,130,244,0,244,374
06/23/2012,SLN,KS,ACE,CE,Federal Contract Tower,0,10,20,0,30,0,7,6,0,13,0,17,26,0,43,28,0,28,71
06/24/2012,SLN,KS,ACE,CE,Federal Contract Tower,0,7,28,0,35,0,3,9,0,12,0,10,37,0,47,4,0,4,51
06/25/2012,SLN,KS,ACE,CE,Federal Contract Tower,0,11,21,2,34,0,74,14,0,88,0,85,35,2,122,240,12,252,374
06/26/2012,SLN,KS,ACE,CE,Federal Contract Tower,0,21,15,14,50,0,81,19,0,100,0,102,34,14,150,278,52,330,480
06/27/2012,SLN,KS,ACE,CE,Federal Contract Tower,0,14,26,6,46,0,35,10,0,45,0,49,36,6,91,92,8,100,191
06/28/2012,SLN,KS,ACE,CE,Federal Contract Tower,0,13,19,1,33,0,66,19,2,87,0,79,38,3,120,196,0,196,316
06/29/2012,SLN,KS,ACE,CE,Federal Contract Tower,1,10,9,0,20,0,63,11,0,74,1,73,20,0,94,192,0,192,286
06/30/2012,SLN,KS,ACE,CE,Federal Contract Tower,0,4,13,0,17,0,8,9,0,17,0,12,22,0,34,26,0,26,60
07/01/2012,SLN,KS,ACE,CE,Federal Contract Tower,0,7,12,0,19,0,6,11,0,17,0,13,23,0,36,20,0,20,56
07/02/2012,SLN,KS,ACE,CE,Federal Contract Tower,2,8,14,2,26,0,86,14,1,101,2,94,28,3,127,314,10,324,451
07/03/2012,SLN,KS,ACE,CE,Federal Contract Tower,0,12,11,4,27,0,62,19,0,81,0,74,30,4,108,212,4,216,324
07/04/2012,SLN,KS,ACE,CE,Federal Contract Tower,0,7,10,0,17,0,1,7,0,8,0,8,17,0,25,0,0,0,25
07/05/2012,SLN,KS,ACE,CE,Federal Contract Tower,0,12,9,2,23,0,59,19,1,79,0,71,28,3,102,168,8,176,278
07/06/2012,SLN,KS,ACE,CE,Federal Contract Tower,0,12,29,2,43,0,59,20,1,80,0,71,49,3,123,148,0,148,271
07/07/2012,SLN,KS,ACE,CE,Federal Contract Tower,0,6,10,0,16,0,9,12,0,21,0,15,22,0,37,4,0,4,41
07/08/2012,SLN,KS,ACE,CE,Federal Contract Tower,0,12,11,0,23,0,6,5,0,11,0,18,16,0,34,10,0,10,44
07/09/2012,SLN,KS,ACE,CE,Federal Contract Tower,0,8,20,2,30,0,52,14,0,66,0,60,34,2,96,232,4,236,332
07/10/2012,SLN,KS,ACE,CE,Federal Contract Tower,0,15,14,7,36,0,91,25,1,117,0,106,39,8,153,290,18,308,461
07/11/2012,SLN,KS,ACE,CE,Federal Contract Tower,0,12,26,6,44,0,68,36,2,106,0,80,62,8,150,340,4,344,494
07/12/2012,SLN,KS,ACE,CE,Federal Contract Tower,0,12,32,3,47,0,78,37,2,117,0,90,69,5,164,212,24,236,400
07/13/2012,SLN,KS,ACE,CE,Federal Contract Tower,0,5,15,1,21,0,48,30,1,79,0,53,45,2,100,178,0,178,278
07/14/2012,SLN,KS,ACE,CE,Federal Contract Tower,0,8,9,0,17,0,13,9,2,24,0,21,18,2,41,52,0,52,93
07/15/2012,SLN,KS,ACE,CE,Federal Contract Tower,0,14,15,0,29,0,8,11,2,21,0,22,26,2,50,38,0,38,88
07/16/2012,SLN,KS,ACE,CE,Federal Contract Tower,0,12,18,6,36,0,53,16,1,70,0,65,34,7,106,218,8,226,332
07/17/2012,SLN,KS,ACE,CE,Federal Contract Tower,0,19,16,2,37,0,60,18,3,81,0,79,34,5,118,186,14,200,318
07/18/2012,SLN,KS,ACE,CE,Federal Contract Tower,0,11,30,5,46,0,63,18,2,83,0,74,48,7,129,182,14,196,325
07/19/2012,SLN,KS,ACE,CE,Federal Contract Tower,0,10,25,4,39,0,65,29,2,96,0,75,54,6,135,240,20,260,395
07/20/2012,SLN,KS,ACE,CE,Federal Contract Tower,0,20,21,2,43,0,54,18,4,76,0,74,39,6,119,112,2,114,233
07/21/2012,SLN,KS,ACE,CE,Federal Contract Tower,0,5,2,2,9,0,10,10,2,22,0,15,12,4,31,6,2,8,39
07/22/2012,SLN,KS,ACE,CE,Federal Contract Tower,0,9,17,1,27,0,7,5,5,17,0,16,22,6,44,14,14,28,72
07/23/2012,SLN,KS,ACE,CE,Federal Contract Tower,0,12,28,4,44,0,75,15,2,92,0,87,43,6,136,152,24,176,312
07/24/2012,SLN,KS,ACE,CE,Federal Contract Tower,0,11,14,5,30,0,60,17,10,87,0,71,31,15,117,154,44,198,315
07/25/2012,SLN,KS,ACE,CE,Federal Contract Tower,0,6,7,2,15,0,50,12,0,62,0,56,19,2,77,126,0,126,203
07/26/2012,SLN,KS,ACE,CE,Federal Contract Tower,2,11,17,7,37,0,64,18,8,90,2,75,35,15,127,204,40,244,371
07/27/2012,SLN,KS,ACE,CE,Federal Contract Tower,0,10,23,7,40,0,59,11,2,72,0,69,34,9,112,132,18,150,262
07/28/2012,SLN,KS,ACE,CE,Federal Contract Tower,0,6,14,0,20,0,13,7,0,20,0,19,21,0,40,22,0,22,62
07/29/2012,SLN,KS,ACE,CE,Federal Contract Tower,2,7,16,0,25,0,6,6,0,12,2,13,22,0,37,4,0,4,41
07/30/2012,SLN,KS,ACE,CE,Federal Contract Tower,0,10,16,4,30,0,72,11,1,84,0,82,27,5,114,225,12,237,351
07/31/2012,SLN,KS,ACE,CE,Federal Contract Tower,0,12,27,3,42,0,76,24,4,104,0,88,51,7,146,202,20,222,368
08/01/2012,SLN,KS,ACE,CE,Federal Contract Tower,0,16,15,8,39,0,43,15,4,62,0,59,30,12,101,116,72,188,289
08/02/2012,SLN,KS,ACE,CE,Federal Contract Tower,0,12,19,4,35,0,71,16,2,89,0,83,35,6,124,252,12,264,388
08/03/2012,SLN,KS,ACE,CE,Federal Contract Tower,0,6,15,1,22,0,48,19,3,70,0,54,34,4,92,164,6,170,262
08/04/2012,SLN,KS,ACE,CE,Federal Contract Tower,0,6,10,0,16,0,8,18,2,28,0,14,28,2,44,20,0,20,64
08/05/2012,SLN,KS,ACE,CE,Federal Contract Tower,0,5,10,0,15,0,6,19,2,27,0,11,29,2,42,24,0,24,66
08/06/2012,SLN,KS,ACE,CE,Federal Contract Tower,0,13,16,2,31,0,76,18,2,96,0,89,34,4,127,198,8,206,333
08/07/2012,SLN,KS,ACE,CE,Federal Contract Tower,0,10,13,0,23,0,49,7,0,56,0,59,20,0,79,168,2,170,249
08/08/2012,SLN,KS,ACE,CE,Federal Contract Tower,2,8,15,6,31,1,53,20,8,82,3,61,35,14,113,178,34,212,325
08/09/2012,SLN,KS,ACE,CE,Federal Contract Tower,0,15,14,8,37,0,45,15,7,67,0,60,29,15,104,148,18,166,270
08/10/2012,SLN,KS,ACE,CE,Federal Contract Tower,0,14,22,3,39,0,47,21,2,70,0,61,43,5,109,202,0,202,311
08/11/2012,SLN,KS,ACE,CE,Federal Contract Tower,0,5,11,0,16,0,16,14,0,30,0,21,25,0,46,36,0,36,82
08/12/2012,SLN,KS,ACE,CE,Federal Contract Tower,0,13,7,3,23,0,8,16,0,24,0,21,23,3,47,10,10,20,67
08/13/2012,SLN,KS,ACE,CE,Federal Contract Tower,0,12,21,4,37,0,55,10,2,67,0,67,31,6,104,240,0,240,344
08/14/2012,SLN,KS,ACE,CE,Federal Contract Tower,0,10,24,2,36,0,12,3,1,16,0,22,27,3,52,14,0,14,66
08/15/2012,SLN,KS,ACE,CE,Federal Contract Tower,0,10,19,0,29,0,22,14,2,38,0,32,33,2,67,140,2,142,209
08/16/2012,SLN,KS,ACE,CE,Federal Contract Tower,0,9,9,2,20,0,56,25,0,81,0,65,34,2,101,290,4,294,395
08/17/2012,SLN,KS,ACE,CE,Federal Contract Tower,0,17,30,0,47,0,46,26,0,72,0,63,56,0,119,212,0,212,331
08/18/2012,SLN,KS,ACE,CE,Federal Contract Tower,0,3,15,0,18,0,11,21,0,32,0,14,36,0,50,26,0,26,76
08/19/2012,SLN,KS,ACE,CE,Federal Contract Tower,0,5,18,4,27,0,2,16,0,18,0,7,34,4,45,2,0,2,47
08/20/2012,SLN,KS,ACE,CE,Federal Contract Tower,0,8,16,3,27,0,63,14,5,82,0,71,30,8,109,270,10,280,389
08/21/2012,SLN,KS,ACE,CE,Federal Contract Tower,0,8,14,2,24,0,62,28,7,97,0,70,42,9,121,176,4,180,301
08/22/2012,SLN,KS,ACE,CE,Federal Contract Tower,0,10,10,4,24,0,63,12,8,83,0,73,22,12,107,198,24,222,329
08/23/2012,SLN,KS,ACE,CE,Federal Contract Tower,0,9,28,5,42,0,60,20,2,82,0,69,48,7,124,142,2,144,268
08/24/2012,SLN,KS,ACE,CE,Federal Contract Tower,0,9,12,2,23,0,32,4,1,37,0,41,16,3,60,122,0,122,182
08/25/2012,SLN,KS,ACE,CE,Federal Contract Tower,0,4,11,2,17,0,2,3,1,6,0,6,14,3,23,0,0,0,23
08/26/2012,SLN,KS,ACE,CE,Federal Contract Tower,0,6,15,0,21,0,10,14,1,25,0,16,29,1,46,8,0,8,54
08/27/2012,SLN,KS,ACE,CE,Federal Contract Tower,0,16,9,1,26,0,121,10,2,133,0,137,19,3,159,310,0,310,469
08/28/2012,SLN,KS,ACE,CE,Federal Contract Tower,0,8,15,5,28,0,125,23,1,149,0,133,38,6,177,264,18,282,459
08/29/2012,SLN,KS,ACE,CE,Federal Contract Tower,0,14,18,4,36,0,118,9,3,130,0,132,27,7,166,264,18,282,448
08/30/2012,SLN,KS,ACE,CE,Federal Contract Tower,0,12,20,2,34,0,119,18,3,140,0,131,38,5,174,232,4,236,410
08/31/2012,SLN,KS,ACE,CE,Federal Contract Tower,0,13,18,0,31,0,97,6,0,103,0,110,24,0,134,162,0,162,296
09/01/2012,SLN,KS,ACE,CE,Federal Contract Tower,0,6,16,0,22,0,37,20,0,57,0,43,36,0,79,68,0,68,147
09/02/2012,SLN,KS,ACE,CE,Federal Contract Tower,0,7,7,1,15,0,16,15,2,33,0,23,22,3,48,52,7,59,107
09/03/2012,SLN,KS,ACE,CE,Federal Contract Tower,0,11,21,1,33,0,0,30,1,31,0,11,51,2,64,10,2,12,76
09/04/2012,SLN,KS,ACE,CE,Federal Contract Tower,0,17,12,0,29,0,97,21,0,118,0,114,33,0,147,264,0,264,411
09/05/2012,SLN,KS,ACE,CE,Federal Contract Tower,0,10,13,1,24,0,129,21,5,155,0,139,34,6,179,246,6,252,431
09/06/2012,SLN,KS,ACE,CE,Federal Contract Tower,0,7,20,3,30,0,165,22,3,190,0,172,42,6,220,338,22,360,580
09/07/2012,SLN,KS,ACE,CE,Federal Contract Tower,0,6,11,1,18,0,59,10,4,73,0,65,21,5,91,168,0,168,259
09/08/2012,SLN,KS,ACE,CE,Federal Contract Tower,0,5,6,2,13,0,41,19,4,64,0,46,25,6,77,88,0,88,165
09/09/2012,SLN,KS,ACE,CE,Federal Contract Tower,0,9,21,2,32,0,27,24,0,51,0,36,45,2,83,90,0,90,173
09/10/2012,SLN,KS,ACE,CE,Federal Contract Tower,0,17,32,9,58,0,128,14,21,163,0,145,46,30,221,284,18,302,523
09/11/2012,SLN,KS,ACE,CE,Federal Contract Tower,0,9,5,6,20,0,124,20,22,166,0,133,25,28,186,264,0,264,450
09/12/2012,SLN,KS,ACE,CE,Federal Contract Tower,0,18,21,1,40,0,117,14,19,150,0,135,35,20,190,296,4,300,490
09/13/2012,SLN,KS,ACE,CE,Federal Contract Tower,0,19,19,10,48,0,23,5,0,28,0,42,24,10,76,88,0,88,164
09/14/2012,SLN,KS,ACE,CE,Federal Contract Tower,0,8,18,6,32,0,128,18,3,149,0,136,36,9,181,336,20,356,537
09/15/2012,SLN,KS,ACE,CE,Federal Contract Tower,0,4,10,0,14,0,60,14,0,74,0,64,24,0,88,168,0,168,256
09/16/2012,SLN,KS,ACE,CE,Federal Contract Tower,0,8,23,0,31,0,20,23,1,44,0,28,46,1,75,68,0,68,143
09/17/2012,SLN,KS,ACE,CE,Federal Contract Tower,0,25,16,5,46,0,73,9,7,89,0,98,25,12,135,332,4,336,471
09/18/2012,SLN,KS,ACE,CE,Federal Contract Tower,0,8,15,0,23,0,161,15,2,178,0,169,30,2,201,300,0,300,501
09/19/2012,SLN,KS,ACE,CE,Federal Contract Tower,0,9,14,1,24,0,135,11,2,148,0,144,25,3,172,266,0,266,438
09/20/2012,SLN,KS,ACE,CE,Federal Contract Tower,0,9,18,3,30,0,136,17,1,154,0,145,35,4,184,308,4,312,496
09/21/2012,SLN,KS,ACE,CE,Federal Contract Tower,0,6,15,6,27,0,107,11,1,119,0,113,26,7,146,260,4,264,410
09/22/2012,SLN,KS,ACE,CE,Federal Contract Tower,0,7,14,1,22,0,69,30,0,99,0,76,44,1,121,210,0,210,331
09/23/2012,SLN,KS,ACE,CE,Federal Contract Tower,0,15,25,0,40,0,20,15,0,35,0,35,40,0,75,74,0,74,149
09/24/2012,SLN,KS,ACE,CE,Federal Contract Tower,0,11,19,5,35,0,113,15,2,130,0,124,34,7,165,326,6,332,497
09/25/2012,SLN,KS,ACE,CE,Federal Contract Tower,0,11,20,0,31,0,149,21,2,172,0,160,41,2,203,400,2,402,605
09/26/2012,SLN,KS,ACE,CE,Federal Contract Tower,2,13,9,5,29,0,77,8,1,86,2,90,17,6,115,338,8,346,461
09/27/2012,SLN,KS,ACE,CE,Federal Contract Tower,0,19,11,3,33,0,113,13,8,134,0,132,24,11,167,318,18,336,503
09/28/2012,SLN,KS,ACE,CE,Federal Contract Tower,0,11,24,1,36,0,83,5,0,88,0,94,29,1,124,224,0,224,348
09/29/2012,SLN,KS,ACE,CE,Federal Contract Tower,0,12,16,0,28,0,47,21,0,68,0,59,37,0,96,90,0,90,186
09/30/2012,SLN,KS,ACE,CE,Federal Contract Tower,0,7,18,0,25,0,25,20,0,45,0,32,38,0,70,100,0,100,170
10/01/2012,SLN,KS,ACE,CE,Federal Contract Tower,0,12,14,2,28,0,101,13,0,114,0,113,27,2,142,292,2,294,436
10/02/2012,SLN,KS,ACE,CE,Federal Contract Tower,0,18,9,3,30,0,143,26,1,170,0,161,35,4,200,296,0,296,496
10/03/2012,SLN,KS,ACE,CE,Federal Contract Tower,0,20,11,1,32,0,131,19,2,152,0,151,30,3,184,296,2,298,482
10/04/2012,SLN,KS,ACE,CE,Federal Contract Tower,0,11,19,3,33,0,127,18,5,150,0,138,37,8,183,354,4,358,541
10/05/2012,SLN,KS,ACE,CE,Federal Contract Tower,0,7,17,0,24,0,106,8,2,116,0,113,25,2,140,312,4,316,456
10/06/2012,SLN,KS,ACE,CE,Federal Contract Tower,0,3,15,0,18,0,35,11,0,46,0,38,26,0,64,102,0,102,166
10/07/2012,SLN,KS,ACE,CE,Federal Contract Tower,0,12,13,0,25,0,18,11,0,29,0,30,24,0,54,50,0,50,104
10/08/2012,SLN,KS,ACE,CE,Federal Contract Tower,0,8,20,0,28,0,103,15,0,118,0,111,35,0,146,266,0,266,412
10/09/2012,SLN,KS,ACE,CE,Federal Contract Tower,0,12,8,0,20,0,125,10,1,136,0,137,18,1,156,304,2,306,462
10/10/2012,SLN,KS,ACE,CE,Federal Contract Tower,0,12,27,1,40,0,125,30,5,160,0,137,57,6,200,244,0,244,444
10/11/2012,SLN,KS,ACE,CE,Federal Contract Tower,0,11,14,0,25,0,103,9,3,115,0,114,23,3,140,216,0,216,356
10/12/2012,SLN,KS,ACE,CE,Federal Contract Tower,0,30,12,1,43,0,27,4,2,33,0,57,16,3,76,100,0,100,176
10/13/2012,SLN,KS,ACE,CE,Federal Contract Tower,0,8,4,0,12,0,2,2,0,4,0,10,6,0,16,0,0,0,16
10/14/2012,SLN,KS,ACE,CE,Federal Contract Tower,0,15,12,2,29,0,33,22,1,56,0,48,34,3,85,47,4,51,136
10/15/2012,SLN,KS,ACE,CE,Federal Contract Tower,0,17,17,7,41,0,113,16,0,129,0,130,33,7,170,304,8,312,482
10/16/2012,SLN,KS,ACE,CE,Federal Contract Tower,0,12,13,2,27,0,125,16,4,145,0,137,29,6,172,348,22,370,542
10/17/2012,SLN,KS,ACE,CE,Federal Contract Tower,0,11,22,9,42,0,87,6,5,98,0,98,28,14,140,232,34,266,406
10/18/2012,SLN,KS,ACE,CE,Federal Contract Tower,0,5,13,0,18,0,20,0,2,22,0,25,13,2,40,52,0,52,92
10/19/2012,SLN,KS,ACE,CE,Federal Contract Tower,0,8,16,0,24,0,66,9,5,80,0,74,25,5,104,170,10,180,284
10/20/2012,SLN,KS,ACE,CE,Federal Contract Tower,0,7,10,0,17,0,53,27,0,80,0,60,37,0,97,76,0,76,173
10/21/2012,SLN,KS,ACE,CE,Federal Contract Tower,0,6,25,0,31,0,15,13,0,28,0,21,38,0,59,34,0,34,93
10/22/2012,SLN,KS,ACE,CE,Federal Contract Tower,0,24,16,0,40,0,5,0,0,5,0,29,16,0,45,22,0,22,67
10/23/2012,SLN,KS,ACE,CE,Federal Contract Tower,0,17,14,2,33,0,141,9,0,150,0,158,23,2,183,444,4,448,631
10/24/2012,SLN,KS,ACE,CE,Federal Contract Tower,0,12,19,2,33,0,86,15,2,103,0,98,34,4,136,238,0,238,374
10/25/2012,SLN,KS,ACE,CE,Federal Contract Tower,0,16,28,0,44,0,52,7,2,61,0,68,35,2,105,100,0,100,205
10/26/2012,SLN,KS,ACE,CE,Federal Contract Tower,0,11,17,0,28,0,93,26,0,119,0,104,43,0,147,244,0,244,391
10/27/2012,SLN,KS,ACE,CE,Federal Contract Tower,0,2,8,0,10,0,49,17,0,66,0,51,25,0,76,206,0,206,282
10/28/2012,SLN,KS,ACE,CE,Federal Contract Tower,0,10,19,0,29,0,16,20,2,38,0,26,39,2,67,58,0,58,125
10/29/2012,SLN,KS,ACE,CE,Federal Contract Tower,0,11,14,3,28,0,100,9,0,109,0,111,23,3,137,210,0,210,347
10/30/2012,SLN,KS,ACE,CE,Federal Contract Tower,0,8,9,0,17,0,132,17,4,153,0,140,26,4,170,422,0,422,592
10/31/2012,SLN,KS,ACE,CE,Federal Contract Tower,0,18,12,0,30,0,110,14,7,131,0,128,26,7,161,360,2,362,523
11/01/2012,SLN,KS,ACE,CE,Federal Contract Tower,0,9,17,2,28,0,109,20,5,134,0,118,37,7,162,236,0,236,398
11/02/2012,SLN,KS,ACE,CE,Federal Contract Tower,0,18,14,2,34,0,99,20,8,127,0,117,34,10,161,280,0,280,441
11/03/2012,SLN,KS,ACE,CE,Federal Contract Tower,0,4,9,2,15,0,37,25,3,65,0,41,34,5,80,70,0,70,150
11/04/2012,SLN,KS,ACE,CE,Federal Contract Tower,0,10,26,0,36,0,16,18,2,36,0,26,44,2,72,38,0,38,110
11/05/2012,SLN,KS,ACE,CE,Federal Contract Tower,0,11,22,0,33,0,70,8,4,82,0,81,30,4,115,218,2,220,335
11/06/2012,SLN,KS,ACE,CE,Federal Contract Tower,0,12,7,3,22,0,120,13,4,137,0,132,20,7,159,334,14,348,507
11/07/2012,SLN,KS,ACE,CE,Federal Contract Tower,0,11,15,0,26,0,106,21,6,133,0,117,36,6,159,304,0,304,463
11/08/2012,SLN,KS,ACE,CE,Federal Contract Tower,0,22,18,4,44,0,113,14,4,131,0,135,32,8,175,288,36,324,499
11/09/2012,SLN,KS,ACE,CE,Federal Contract Tower,0,11,19,5,35,0,88,20,0,108,0,99,39,5,143,266,0,266,409
11/10/2012,SLN,KS,ACE,CE,Federal Contract Tower,0,2,8,0,10,0,13,7,0,20,0,15,15,0,30,26,0,26,56
11/11/2012,SLN,KS,ACE,CE,Federal Contract Tower,0,10,25,0,35,0,13,7,0,20,0,23,32,0,55,28,0,28,83
11/12/2012,SLN,KS,ACE,CE,Federal Contract Tower,0,14,12,0,26,0,93,20,0,113,0,107,32,0,139,322,0,322,461
11/13/2012,SLN,KS,ACE,CE,Federal Contract Tower,0,9,18,2,29,0,116,23,1,140,0,125,41,3,169,286,12,298,467
11/14/2012,SLN,KS,ACE,CE,Federal Contract Tower,0,26,23,3,52,0,82,11,6,99,0,108,34,9,151,186,36,222,373
11/15/2012,SLN,KS,ACE,CE,Federal Contract Tower,0,13,16,7,36,0,106,24,6,136,0,119,40,13,172,392,46,438,610
11/16/2012,SLN,KS,ACE,CE,Federal Contract Tower,0,15,19,1,35,0,79,9,2,90,0,94,28,3,125,172,0,172,297
11/17/2012,SLN,KS,ACE,CE,Federal Contract Tower,0,2,15,2,19,0,20,21,2,43,0,22,36,4,62,84,4,88,150
11/18/2012,SLN,KS,ACE,CE,Federal Contract Tower,0,12,20,1,33,0,2,6,0,8,0,14,26,1,41,4,0,4,45
11/19/2012,SLN,KS,ACE,CE,Federal Contract Tower,0,3,5,1,9,0,60,7,25,92,0,63,12,26,101,152,30,182,283
11/20/2012,SLN,KS,ACE,CE,Federal Contract Tower,0,11,11,4,26,0,0,0,0,0,0,11,11,4,26,146,32,178,204
11/21/2012,SLN,KS,ACE,CE,Federal Contract Tower,0,8,17,2,27,0,15,26,18,59,0,23,43,20,86,74,10,84,170
11/22/2012,SLN,KS,ACE,CE,Federal Contract Tower,0,5,2,0,7,0,0,13,3,16,0,5,15,3,23,0,2,2,25
11/23/2012,SLN,KS,ACE,CE,Federal Contract Tower,0,6,6,0,12,0,0,9,16,25,0,6,15,16,37,0,10,10,47
11/24/2012,SLN,KS,ACE,CE,Federal Contract Tower,0,4,7,0,11,0,0,16,0,16,0,4,23,0,27,4,0,4,31
11/25/2012,SLN,KS,ACE,CE,Federal Contract Tower,0,13,16,0,29,0,1,20,1,22,0,14,36,1,51,34,0,34,85
11/26/2012,SLN,KS,ACE,CE,Federal Contract Tower,0,15,11,7,33,0,58,27,17,102,0,73,38,24,135,124,34,158,293
11/27/2012,SLN,KS,ACE,CE,Federal Contract Tower,0,15,22,2,39,0,81,15,13,109,0,96,37,15,148,302,16,318,466
11/28/2012,SLN,KS,ACE,CE,Federal Contract Tower,0,13,15,7,35,0,87,22,13,122,0,100,37,20,157,202,34,236,393
11/29/2012,SLN,KS,ACE,CE,Federal Contract Tower,0,17,17,5,39,0,82,26,19,127,0,99,43,24,166,234,72,306,472
11/30/2012,SLN,KS,ACE,CE,Federal Contract Tower,0,14,11,3,28,0,90,17,17,124,0,104,28,20,152,252,12,264,416
12/01/2012,SLN,KS,ACE,CE,Federal Contract Tower,0,16,21,0,37,0,19,17,1,37,0,35,38,1,74,126,0,126,200
12/02/2012,SLN,KS,ACE,CE,Federal Contract Tower,0,13,22,0,35,0,18,14,0,32,0,31,36,0,67,60,0,60,127
12/03/2012,SLN,KS,ACE,CE,Federal Contract Tower,0,16,14,0,30,0,61,13,19,93,0,77,27,19,123,154,8,162,285
12/04/2012,SLN,KS,ACE,CE,Federal Contract Tower,0,24,12,2,38,0,116,18,30,164,0,140,30,32,202,203,20,223,425
12/05/2012,SLN,KS,ACE,CE,Federal Contract Tower,0,21,16,5,42,0,87,12,17,116,0,108,28,22,158,170,34,204,362
12/06/2012,SLN,KS,ACE,CE,Federal Contract Tower,0,26,43,1,70,0,59,16,13,88,0,85,59,14,158,216,18,234,392
12/07/2012,SLN,KS,ACE,CE,Federal Contract Tower,0,25,26,4,55,0,47,7,7,61,0,72,33,11,116,206,0,206,322
12/08/2012,SLN,KS,ACE,CE,Federal Contract Tower,0,10,17,3,30,0,26,13,12,51,0,36,30,15,81,124,10,134,215
12/09/2012,SLN,KS,ACE,CE,Federal Contract Tower,0,8,12,0,20,0,2,0,0,2,0,10,12,0,22,10,0,10,32
12/10/2012,SLN,KS,ACE,CE,Federal Contract Tower,0,13,17,1,31,0,67,8,15,90,0,80,25,16,121,228,16,244,365
12/11/2012,SLN,KS,ACE,CE,Federal Contract Tower,0,15,15,8,38,0,79,15,8,102,0,94,30,16,140,252,74,326,466
12/12/2012,SLN,KS,ACE,CE,Federal Contract Tower,0,9,8,4,21,0,48,6,2,56,0,57,14,6,77,128,30,158,235
12/13/2012,SLN,KS,ACE,CE,Federal Contract Tower,0,11,6,2,19,0,51,21,6,78,0,62,27,8,97,130,4,134,231
12/14/2012,SLN,KS,ACE,CE,Federal Contract Tower,0,8,14,10,32,0,31,3,0,34,0,39,17,10,66,60,86,146,212
12/15/2012,SLN,KS,ACE,CE,Federal Contract Tower,0,8,5,1,14,0,2,6,0,8,0,10,11,1,22,10,0,10,32
12/16/2012,SLN,KS,ACE,CE,Federal Contract Tower,0,9,19,0,28,0,7,9,0,16,0,16,28,0,44,30,0,30,74
12/17/2012,SLN,KS,ACE,CE,Federal Contract Tower,0,14,9,5,28,0,45,7,2,54,0,59,16,7,82,142,24,166,248
12/18/2012,SLN,KS,ACE,CE,Federal Contract Tower,2,11,10,4,27,0,53,27,5,85,2,64,37,9,112,136,22,158,270
12/19/2012,SLN,KS,ACE,CE,Federal Contract Tower,0,15,27,2,44,0,30,3,11,44,0,45,30,13,88,48,8,56,144
12/20/2012,SLN,KS,ACE,CE,Federal Contract Tower,0,16,20,2,38,0,18,10,7,35,0,34,30,9,73,44,16,60,133
12/21/2012,SLN,KS,ACE,CE,Federal Contract Tower,0,11,21,1,33,0,39,16,4,59,0,50,37,5,92,76,26,102,194
12/22/2012,SLN,KS,ACE,CE,Federal Contract Tower,0,9,15,2,26,0,11,27,0,38,0,20,42,2,64,40,16,56,120
12/23/2012,SLN,KS,ACE,CE,Federal Contract Tower,0,19,13,0,32,0,3,10,0,13,0,22,23,0,45,36,0,36,81
12/24/2012,SLN,KS,ACE,CE,Federal Contract Tower,0,7,1,0,8,0,0,8,0,8,0,7,9,0,16,0,0,0,16
12/25/2012,SLN,KS,ACE,CE,Federal Contract Tower,0,9,2,0,11,0,0,0,0,0,0,9,2,0,11,0,0,0,11
12/26/2012,SLN,KS,ACE,CE,Federal Contract Tower,0,12,19,0,31,0,1,20,0,21,0,13,39,0,52,4,0,4,56
12/27/2012,SLN,KS,ACE,CE,Federal Contract Tower,0,11,22,0,33,0,0,9,0,9,0,11,31,0,42,4,0,4,46
12/28/2012,SLN,KS,ACE,CE,Federal Contract Tower,0,16,11,0,27,0,0,8,12,20,0,16,19,12,47,0,0,0,47
12/29/2012,SLN,KS,ACE,CE,Federal Contract Tower,0,6,10,0,16,0,0,16,0,16,0,6,26,0,32,4,0,4,36
12/30/2012,SLN,KS,ACE,CE,Federal Contract Tower,0,7,11,0,18,0,2,7,0,9,0,9,18,0,27,0,0,0,27
12/31/2012,SLN,KS,ACE,CE,Federal Contract Tower,0,5,0,0,5,0,0,0,0,0,0,5,0,0,5,0,0,0,5
01/01/2013,SLN,KS,ACE,CE,Federal Contract Tower,0,4,18,0,22,0,2,8,0,10,0,6,26,0,32,0,0,0,32
01/02/2013,SLN,KS,ACE,CE,Federal Contract Tower,0,7,18,0,25,0,18,18,1,37,0,25,36,1,62,52,0,52,114
01/03/2013,SLN,KS,ACE,CE,Federal Contract Tower,0,11,5,0,16,0,23,9,1,33,0,34,14,1,49,44,2,46,95
01/04/2013,SLN,KS,ACE,CE,Federal Contract Tower,0,14,16,1,31,0,21,12,9,42,0,35,28,10,73,54,32,86,159
01/05/2013,SLN,KS,ACE,CE,Federal Contract Tower,0,10,13,0,23,0,6,4,4,14,0,16,17,4,37,4,0,4,41
01/06/2013,SLN,KS,ACE,CE,Federal Contract Tower,0,11,3,0,14,0,0,4,0,4,0,11,7,0,18,0,0,0,18
01/07/2013,SLN,KS,ACE,CE,Federal Contract Tower,2,10,12,2,26,0,26,8,0,34,2,36,20,2,60,106,0,106,166
01/08/2013,SLN,KS,ACE,CE,Federal Contract Tower,0,9,10,3,22,0,25,15,8,48,0,34,25,11,70,112,16,128,198
01/09/2013,SLN,KS,ACE,CE,Federal Contract Tower,0,8,10,7,25,0,33,10,4,47,0,41,20,11,72,88,16,104,176
01/10/2013,SLN,KS,ACE,CE,Federal Contract Tower,0,6,16,6,28,0,0,0,1,1,0,6,16,7,29,0,12,12,41
01/11/2013,SLN,KS,ACE,CE,Federal Contract Tower,0,7,16,2,25,0,31,12,5,48,0,38,28,7,73,128,20,148,221
01/12/2013,SLN,KS,ACE,CE,Federal Contract Tower,0,5,10,0,15,0,7,9,0,16,0,12,19,0,31,18,0,18,49
01/13/2013,SLN,KS,ACE,CE,Federal Contract Tower,0,9,18,0,27,0,1,18,0,19,0,10,36,0,46,14,0,14,60
01/14/2013,SLN,KS,ACE,CE,Federal Contract Tower,0,15,12,0,27,0,31,17,0,48,0,46,29,0,75,114,0,114,189
01/15/2013,SLN,KS,ACE,CE,Federal Contract Tower,0,14,19,5,38,0,48,8,5,61,0,62,27,10,99,200,8,208,307
01/16/2013,SLN,KS,ACE,CE,Federal Contract Tower,0,5,11,2,18,0,54,15,5,74,0,59,26,7,92,118,42,160,252
01/17/2013,SLN,KS,ACE,CE,Federal Contract Tower,0,7,19,2,28,0,49,14,2,65,0,56,33,4,93,190,4,194,287
01/18/2013,SLN,KS,ACE,CE,Federal Contract Tower,0,6,19,2,27,0,4,14,2,20,0,10,33,4,47,36,4,40,87
01/19/2013,SLN,KS,ACE,CE,Federal Contract Tower,0,5,10,0,15,0,12,20,0,32,0,17,30,0,47,48,0,48,95
01/20/2013,SLN,KS,ACE,CE,Federal Contract Tower,0,10,6,0,16,0,4,9,0,13,0,14,15,0,29,22,0,22,51
01/21/2013,SLN,KS,ACE,CE,Federal Contract Tower,0,4,14,0,18,0,4,12,0,16,0,8,26,0,34,44,0,44,78
01/22/2013,SLN,KS,ACE,CE,Federal Contract Tower,0,16,9,4,29,0,69,12,2,83,0,85,21,6,112,150,54,204,316
01/23/2013,SLN,KS,ACE,CE,Federal Contract Tower,0,15,17,1,33,0,87,9,4,100,0,102,26,5,133,248,8,256,389
01/24/2013,SLN,KS,ACE,CE,Federal Contract Tower,0,12,17,4,33,0,84,12,5,101,0,96,29,9,134,247,44,291,425
01/25/2013,SLN,KS,ACE,CE,Federal Contract Tower,0,10,13,4,27,0,85,14,4,103,0,95,27,8,130,124,16,140,270
01/26/2013,SLN,KS,ACE,CE,Federal Contract Tower,0,11,15,0,26,0,17,13,5,35,0,28,28,5,61,44,4,48,109
01/27/2013,SLN,KS,ACE,CE,Federal Contract Tower,0,8,12,0,20,0,6,2,0,8,0,14,14,0,28,26,0,26,54
01/28/2013,SLN,KS,ACE,CE,Federal Contract Tower,0,15,19,4,38,0,87,14,1,102,0,102,33,5,140,108,0,108,248
01/29/2013,SLN,KS,ACE,CE,Federal Contract Tower,0,11,17,0,28,0,34,6,0,40,0,45,23,0,68,196,0,196,264
01/30/2013,SLN,KS,ACE,CE,Federal Contract Tower,0,7,17,0,24,0,22,10,0,32,0,29,27,0,56,70,0,70,126
01/31/2013,SLN,KS,ACE,CE,Federal Contract Tower,2,12,20,0,34,0,83,8,1,92,2,95,28,1,126,298,0,298,424
02/01/2013,SLN,KS,ACE,CE,Federal Contract Tower,0,14,18,4,36,0,94,15,4,113,0,108,33,8,149,226,2,228,377
02/02/2013,SLN,KS,ACE,CE,Federal Contract Tower,0,4,5,0,9,0,74,14,0,88,0,78,19,0,97,116,0,116,213
02/03/2013,SLN,KS,ACE,CE,Federal Contract Tower,0,6,6,0,12,0,10,16,0,26,0,16,22,0,38,18,0,18,56
02/04/2013,SLN,KS,ACE,CE,Federal Contract Tower,0,26,21,2,49,0,102,19,4,125,0,128,40,6,174,226,6,232,406
02/05/2013,SLN,KS,ACE,CE,Federal Contract Tower,4,13,15,5,37,0,139,21,13,173,4,152,36,18,210,364,52,416,626
02/06/2013,SLN,KS,ACE,CE,Federal Contract Tower,2,16,17,0,35,0,78,10,9,97,2,94,27,9,132,226,16,242,374
02/07/2013,SLN,KS,ACE,CE,Federal Contract Tower,0,14,15,4,33,0,100,16,10,126,0,114,31,14,159,204,2,206,365
02/08/2013,SLN,KS,ACE,CE,Federal Contract Tower,0,5,17,1,23,0,21,3,6,30,0,26,20,7,53,58,6,64,117
02/09/2013,SLN,KS,ACE,CE,Federal Contract Tower,0,4,7,0,11,0,26,3,2,31,0,30,10,2,42,74,4,78,120
02/10/2013,SLN,KS,ACE,CE,Federal Contract Tower,0,3,11,0,14,0,7,4,0,11,0,10,15,0,25,10,0,10,35
02/11/2013,SLN,KS,ACE,CE,Federal Contract Tower,0,12,23,0,35,0,119,20,0,139,0,131,43,0,174,360,2,362,536
02/12/2013,SLN,KS,ACE,CE,Federal Contract Tower,0,25,10,2,37,0,110,15,1,126,0,135,25,3,163,328,0,328,491
02/13/2013,SLN,KS,ACE,CE,Federal Contract Tower,0,14,22,4,40,0,106,11,6,123,0,120,33,10,163,280,10,290,453
02/14/2013,SLN,KS,ACE,CE,Federal Contract Tower,0,19,20,3,42,0,107,7,6,120,0,126,27,9,162,212,18,230,392
02/15/2013,SLN,KS,ACE,CE,Federal Contract Tower,0,8,25,1,34,0,88,10,1,99,0,96,35,2,133,286,0,286,419
02/16/2013,SLN,KS,ACE,CE,Federal Contract Tower,0,8,12,0,20,0,45,14,0,59,0,53,26,0,79,64,0,64,143
02/17/2013,SLN,KS,ACE,CE,Federal Contract Tower,0,10,5,0,15,0,17,21,0,38,0,27,26,0,53,34,0,34,87
02/18/2013,SLN,KS,ACE,CE,Federal Contract Tower,0,13,4,0,17,0,18,8,0,26,0,31,12,0,43,38,0,38,81
02/19/2013,SLN,KS,ACE,CE,Federal Contract Tower,0,22,14,0,36,0,142,20,2,164,0,164,34,2,200,250,2,252,452
02/20/2013,SLN,KS,ACE,CE,Federal Contract Tower,0,4,9,1,14,0,6,0,0,6,0,10,9,1,20,8,0,8,28
02/21/2013,SLN,KS,ACE,CE,Federal Contract Tower,0,0,0,0,0,0,0,0,0,0,0,0,0,0,0,0,0,0,0
02/22/2013,SLN,KS,ACE,CE,Federal Contract Tower,0,5,10,2,17,0,9,9,9,27,0,14,19,11,44,38,26,64,108
02/23/2013,SLN,KS,ACE,CE,Federal Contract Tower,0,7,12,0,19,0,41,9,0,50,0,48,21,0,69,70,0,70,139
02/24/2013,SLN,KS,ACE,CE,Federal Contract Tower,2,14,18,0,34,0,31,4,0,35,2,45,22,0,69,66,0,66,135
02/25/2013,SLN,KS,ACE,CE,Federal Contract Tower,0,5,4,0,9,0,0,0,0,0,0,5,4,0,9,0,0,0,9
02/26/2013,SLN,KS,ACE,CE,Federal Contract Tower,2,11,8,1,22,0,45,9,1,55,2,56,17,2,77,138,0,138,215
02/27/2013,SLN,KS,ACE,CE,Federal Contract Tower,0,14,17,0,31,0,105,12,4,121,0,119,29,4,152,218,12,230,382
02/28/2013,SLN,KS,ACE,CE,Federal Contract Tower,0,11,18,1,30,0,91,6,6,103,0,102,24,7,133,254,0,254,387
03/01/2013,SLN,KS,ACE,CE,Federal Contract Tower,0,5,18,0,23,0,78,9,2,89,0,83,27,2,112,208,2,210,322
03/02/2013,SLN,KS,ACE,CE,Federal Contract Tower,0,6,11,0,17,0,45,19,2,66,0,51,30,2,83,62,0,62,145
03/03/2013,SLN,KS,ACE,CE,Federal Contract Tower,0,13,17,0,30,0,36,7,0,43,0,49,24,0,73,138,0,138,211
03/04/2013,SLN,KS,ACE,CE,Federal Contract Tower,0,10,8,2,20,0,35,6,1,42,0,45,14,3,62,136,2,138,200
03/05/2013,SLN,KS,ACE,CE,Federal Contract Tower,0,5,15,8,28,0,83,9,2,94,0,88,24,10,122,110,4,114,236
03/06/2013,SLN,KS,ACE,CE,Federal Contract Tower,0,9,8,4,21,0,142,13,2,157,0,151,21,6,178,348,0,348,526
03/07/2013,SLN,KS,ACE,CE,Federal Contract Tower,0,11,25,1,37,0,129,17,3,149,0,140,42,4,186,284,0,284,470
03/08/2013,SLN,KS,ACE,CE,Federal Contract Tower,0,12,7,7,26,0,96,6,5,107,0,108,13,12,133,238,86,324,457
03/09/2013,SLN,KS,ACE,CE,Federal Contract Tower,0,9,8,2,19,0,0,2,0,2,0,9,10,2,21,0,0,0,21
03/10/2013,SLN,KS,ACE,CE,Federal Contract Tower,0,2,2,0,4,0,0,0,0,0,0,2,2,0,4,0,0,0,4
03/11/2013,SLN,KS,ACE,CE,Federal Contract Tower,0,11,17,1,29,0,129,13,0,142,0,140,30,1,171,340,2,342,513
03/12/2013,SLN,KS,ACE,CE,Federal Contract Tower,0,9,12,3,24,0,101,10,0,111,0,110,22,3,135,246,4,250,385
03/13/2013,SLN,KS,ACE,CE,Federal Contract Tower,0,13,19,0,32,0,100,17,5,122,0,113,36,5,154,198,4,202,356
03/14/2013,SLN,KS,ACE,CE,Federal Contract Tower,0,12,14,2,28,0,78,29,6,113,0,90,43,8,141,232,28,260,401
03/15/2013,SLN,KS,ACE,CE,Federal Contract Tower,0,11,10,6,27,0,59,22,2,83,0,70,32,8,110,146,18,164,274
03/16/2013,SLN,KS,ACE,CE,Federal Contract Tower,0,12,11,4,27,0,12,12,4,28,0,24,23,8,55,40,0,40,95
03/17/2013,SLN,KS,ACE,CE,Federal Contract Tower,2,7,13,4,26,0,0,1,0,1,2,7,14,4,27,0,0,0,27
03/18/2013,SLN,KS,ACE,CE,Federal Contract Tower,0,8,19,2,29,0,48,5,0,53,0,56,24,2,82,102,2,104,186
03/19/2013,SLN,KS,ACE,CE,Federal Contract Tower,0,12,11,3,26,0,53,8,7,68,0,65,19,10,94,130,10,140,234
03/20/2013,SLN,KS,ACE,CE,Federal Contract Tower,0,15,8,1,24,0,55,14,8,77,0,70,22,9,101,98,2,100,201
03/21/2013,SLN,KS,ACE,CE,Federal Contract Tower,0,9,16,1,26,0,31,1,1,33,0,40,17,2,59,96,0,96,155
03/22/2013,SLN,KS,ACE,CE,Federal Contract Tower,0,17,23,0,40,0,7,3,0,10,0,24,26,0,50,54,0,54,104
03/23/2013,SLN,KS,ACE,CE,Federal Contract Tower,0,5,2,0,7,0,0,0,0,0,0,5,2,0,7,0,0,0,7
03/24/2013,SLN,KS,ACE,CE,Federal Contract Tower,0,5,8,2,15,0,1,6,0,7,0,6,14,2,22,0,0,0,22
03/25/2013,SLN,KS,ACE,CE,Federal Contract Tower,0,16,13,0,29,0,51,20,2,73,0,67,33,2,102,176,0,176,278
03/26/2013,SLN,KS,ACE,CE,Federal Contract Tower,0,10,2,3,15,0,85,15,2,102,0,95,17,5,117,254,8,262,379
03/27/2013,SLN,KS,ACE,CE,Federal Contract Tower,0,27,15,0,42,0,103,13,2,118,0,130,28,2,160,220,2,222,382
03/28/2013,SLN,KS,ACE,CE,Federal Contract Tower,0,19,19,2,40,0,80,11,8,99,0,99,30,10,139,216,0,216,355
03/29/2013,SLN,KS,ACE,CE,Federal Contract Tower,0,9,18,0,27,0,84,20,3,107,0,93,38,3,134,226,6,232,366
03/30/2013,SLN,KS,ACE,CE,Federal Contract Tower,1,18,12,1,32,0,15,3,1,19,1,33,15,2,51,44,0,44,95
03/31/2013,SLN,KS,ACE,CE,Federal Contract Tower,0,15,5,0,20,0,0,13,0,13,0,15,18,0,33,0,0,0,33
04/01/2013,SLN,KS,ACE,CE,Federal Contract Tower,0,9,10,0,19,0,67,7,1,75,0,76,17,1,94,206,2,208,302
04/02/2013,SLN,KS,ACE,CE,Federal Contract Tower,0,8,16,2,26,0,83,7,4,94,0,91,23,6,120,266,10,276,396
04/03/2013,SLN,KS,ACE,CE,Federal Contract Tower,0,12,12,0,24,0,94,1,2,97,0,106,13,2,121,274,0,274,395
04/04/2013,SLN,KS,ACE,CE,Federal Contract Tower,0,11,14,6,31,0,107,29,2,138,0,118,43,8,169,168,0,168,337
04/05/2013,SLN,KS,ACE,CE,Federal Contract Tower,0,15,6,0,21,0,69,14,2,85,0,84,20,2,106,124,14,138,244
04/06/2013,SLN,KS,ACE,CE,Federal Contract Tower,0,10,8,0,18,0,32,18,0,50,0,42,26,0,68,46,0,46,114
04/07/2013,SLN,KS,ACE,CE,Federal Contract Tower,0,8,5,0,13,0,10,8,2,20,0,18,13,2,33,24,0,24,57
04/08/2013,SLN,KS,ACE,CE,Federal Contract Tower,0,22,20,0,42,0,56,4,0,60,0,78,24,0,102,240,0,240,342
04/09/2013,SLN,KS,ACE,CE,Federal Contract Tower,0,14,9,2,25,0,22,3,2,27,0,36,12,4,52,76,44,120,172
04/10/2013,SLN,KS,ACE,CE,Federal Contract Tower,0,11,6,3,20,0,0,0,0,0,0,11,6,3,20,0,0,0,20
04/11/2013,SLN,KS,ACE,CE,Federal Contract Tower,0,13,19,0,32,0,88,11,4,103,0,101,30,4,135,254,10,264,399
04/12/2013,SLN,KS,ACE,CE,Federal Contract Tower,0,17,10,0,27,0,108,25,3,136,0,125,35,3,163,216,0,216,379
04/13/2013,SLN,KS,ACE,CE,Federal Contract Tower,0,4,12,2,18,0,25,12,0,37,0,29,24,2,55,66,0,66,121
04/14/2013,SLN,KS,ACE,CE,Federal Contract Tower,0,12,8,1,21,0,14,6,2,22,0,26,14,3,43,28,0,28,71
04/15/2013,SLN,KS,ACE,CE,Federal Contract Tower,0,15,13,5,33,0,88,8,1,97,0,103,21,6,130,208,0,208,338
04/16/2013,SLN,KS,ACE,CE,Federal Contract Tower,0,13,18,1,32,0,77,11,2,90,0,90,29,3,122,226,18,244,366
04/17/2013,SLN,KS,ACE,CE,Federal Contract Tower,0,9,3,0,12,0,0,0,0,0,0,9,3,0,12,0,0,0,12
04/18/2013,SLN,KS,ACE,CE,Federal Contract Tower,0,12,7,1,20,0,0,1,9,10,0,12,8,10,30,0,26,26,56
04/19/2013,SLN,KS,ACE,CE,Federal Contract Tower,0,12,20,4,36,0,89,23,4,116,0,101,43,8,152,254,18,272,424
04/20/2013,SLN,KS,ACE,CE,Federal Contract Tower,0,4,8,1,13,0,19,14,2,35,0,23,22,3,48,30,0,30,78
04/21/2013,SLN,KS,ACE,CE,Federal Contract Tower,0,12,4,1,17,0,25,3,0,28,0,37,7,1,45,34,0,34,79
04/22/2013,SLN,KS,ACE,CE,Federal Contract Tower,0,12,12,0,24,0,44,4,0,48,0,56,16,0,72,96,0,96,168
04/23/2013,SLN,KS,ACE,CE,Federal Contract Tower,0,6,9,0,15,0,11,2,0,13,0,17,11,0,28,14,0,14,42
04/24/2013,SLN,KS,ACE,CE,Federal Contract Tower,0,16,17,2,35,0,142,14,7,163,0,158,31,9,198,384,0,384,582
04/25/2013,SLN,KS,ACE,CE,Federal Contract Tower,2,8,15,3,28,0,114,21,2,137,2,122,36,5,165,186,2,188,353
04/26/2013,SLN,KS,ACE,CE,Federal Contract Tower,0,9,7,2,18,0,52,1,0,53,0,61,8,2,71,198,0,198,269
04/27/2013,SLN,KS,ACE,CE,Federal Contract Tower,0,12,5,0,17,0,29,10,0,39,0,41,15,0,56,84,0,84,140
04/28/2013,SLN,KS,ACE,CE,Federal Contract Tower,0,14,13,0,27,0,45,19,0,64,0,59,32,0,91,76,0,76,167
04/29/2013,SLN,KS,ACE,CE,Federal Contract Tower,0,12,9,2,23,0,121,21,0,142,0,133,30,2,165,346,0,346,511
04/30/2013,SLN,KS,ACE,CE,Federal Contract Tower,0,17,14,4,35,0,114,11,7,132,0,131,25,11,167,220,28,248,415
05/01/2013,SLN,KS,ACE,CE,Federal Contract Tower,0,13,8,0,21,0,11,1,1,13,0,24,9,1,34,56,4,60,94
05/02/2013,SLN,KS,ACE,CE,Federal Contract Tower,0,9,6,0,15,0,20,0,0,20,0,29,6,0,35,64,0,64,99
05/03/2013,SLN,KS,ACE,CE,Federal Contract Tower,0,19,14,1,34,0,101,11,8,120,0,120,25,9,154,236,8,244,398
05/04/2013,SLN,KS,ACE,CE,Federal Contract Tower,0,6,8,0,14,0,30,7,2,39,0,36,15,2,53,66,0,66,119
05/05/2013,SLN,KS,ACE,CE,Federal Contract Tower,0,17,16,0,33,0,33,18,6,57,0,50,34,6,90,120,0,120,210
05/06/2013,SLN,KS,ACE,CE,Federal Contract Tower,0,10,15,0,25,0,94,19,0,113,0,104,34,0,138,266,0,266,404
05/07/2013,SLN,KS,ACE,CE,Federal Contract Tower,0,11,11,2,24,0,95,10,2,107,0,106,21,4,131,196,4,200,331
05/08/2013,SLN,KS,ACE,CE,Federal Contract Tower,0,17,11,2,30,0,81,17,3,101,0,98,28,5,131,220,6,226,357
05/09/2013,SLN,KS,ACE,CE,Federal Contract Tower,0,21,21,5,47,0,49,29,1,79,0,70,50,6,126,208,0,208,334
05/10/2013,SLN,KS,ACE,CE,Federal Contract Tower,2,24,11,2,39,0,51,22,4,77,2,75,33,6,116,208,0,208,324
05/11/2013,SLN,KS,ACE,CE,Federal Contract Tower,0,13,11,0,24,0,34,24,0,58,0,47,35,0,82,42,0,42,124
05/12/2013,SLN,KS,ACE,CE,Federal Contract Tower,0,11,9,0,20,0,22,9,1,32,0,33,18,1,52,64,0,64,116
05/13/2013,SLN,KS,ACE,CE,Federal Contract Tower,0,19,18,1,38,0,67,37,0,104,0,86,55,1,142,160,0,160,302
05/14/2013,SLN,KS,ACE,CE,Federal Contract Tower,0,13,9,2,24,0,96,14,0,110,0,109,23,2,134,180,0,180,314
05/15/2013,SLN,KS,ACE,CE,Federal Contract Tower,0,10,20,8,38,0,72,17,1,90,0,82,37,9,128,180,12,192,320
05/16/2013,SLN,KS,ACE,CE,Federal Contract Tower,0,22,17,4,43,0,44,26,14,84,0,66,43,18,127,174,12,186,313
05/17/2013,SLN,KS,ACE,CE,Federal Contract Tower,0,13,12,6,31,0,52,29,6,87,0,65,41,12,118,230,46,276,394
05/18/2013,SLN,KS,ACE,CE,Federal Contract Tower,0,15,8,0,23,0,16,1,16,33,0,31,9,16,56,26,0,26,82
05/19/2013,SLN,KS,ACE,CE,Federal Contract Tower,0,12,9,0,21,0,5,4,0,9,0,17,13,0,30,12,0,12,42
05/20/2013,SLN,KS,ACE,CE,Federal Contract Tower,0,7,11,0,18,0,56,23,3,82,0,63,34,3,100,82,4,86,186
05/21/2013,SLN,KS,ACE,CE,Federal Contract Tower,0,15,16,3,34,0,66,35,5,106,0,81,51,8,140,160,60,220,360
05/22/2013,SLN,KS,ACE,CE,Federal Contract Tower,0,15,11,1,27,0,85,12,3,100,0,100,23,4,127,300,0,300,427
05/23/2013,SLN,KS,ACE,CE,Federal Contract Tower,0,19,19,2,40,0,76,26,3,105,0,95,45,5,145,256,4,260,405
05/24/2013,SLN,KS,ACE,CE,Federal Contract Tower,0,7,17,0,24,0,58,14,0,72,0,65,31,0,96,162,0,162,258
05/25/2013,SLN,KS,ACE,CE,Federal Contract Tower,0,7,7,0,14,0,13,3,0,16,0,20,10,0,30,4,0,4,34
05/26/2013,SLN,KS,ACE,CE,Federal Contract Tower,0,14,14,0,28,0,4,14,0,18,0,18,28,0,46,2,0,2,48
05/27/2013,SLN,KS,ACE,CE,Federal Contract Tower,0,7,10,0,17,0,0,7,0,7,0,7,17,0,24,14,0,14,38
05/28/2013,SLN,KS,ACE,CE,Federal Contract Tower,0,11,16,3,30,0,47,11,1,59,0,58,27,4,89,156,0,156,245
05/29/2013,SLN,KS,ACE,CE,Federal Contract Tower,0,12,4,0,16,0,16,2,0,18,0,28,6,0,34,24,0,24,58
05/30/2013,SLN,KS,ACE,CE,Federal Contract Tower,0,10,9,3,22,0,54,7,3,64,0,64,16,6,86,126,26,152,238
05/31/2013,SLN,KS,ACE,CE,Federal Contract Tower,0,10,15,6,31,0,65,22,12,99,0,75,37,18,130,182,50,232,362
06/01/2013,SLN,KS,ACE,CE,Federal Contract Tower,0,9,7,0,16,0,31,14,0,45,0,40,21,0,61,48,0,48,109
06/02/2013,SLN,KS,ACE,CE,Federal Contract Tower,0,13,9,8,30,0,10,23,9,42,0,23,32,17,72,56,0,56,128
06/03/2013,SLN,KS,ACE,CE,Federal Contract Tower,0,14,17,0,31,0,97,20,0,117,0,111,37,0,148,182,0,182,330
06/04/2013,SLN,KS,ACE,CE,Federal Contract Tower,0,15,5,0,20,0,84,17,4,105,0,99,22,4,125,216,30,246,371
06/05/2013,SLN,KS,ACE,CE,Federal Contract Tower,0,23,19,2,44,0,57,2,1,60,0,80,21,3,104,146,8,154,258
06/06/2013,SLN,KS,ACE,CE,Federal Contract Tower,0,11,20,1,32,0,75,31,5,111,0,86,51,6,143,170,12,182,325
06/07/2013,SLN,KS,ACE,CE,Federal Contract Tower,0,16,16,3,35,0,66,25,10,101,0,82,41,13,136,168,12,180,316
06/08/2013,SLN,KS,ACE,CE,Federal Contract Tower,0,7,9,0,16,0,11,6,10,27,0,18,15,10,43,10,0,10,53
06/09/2013,SLN,KS,ACE,CE,Federal Contract Tower,0,11,17,2,30,0,12,15,1,28,0,23,32,3,58,30,0,30,88
06/10/2013,SLN,KS,ACE,CE,Federal Contract Tower,0,12,25,14,51,0,98,16,16,130,0,110,41,30,181,248,24,272,453
06/11/2013,SLN,KS,ACE,CE,Federal Contract Tower,0,14,8,9,31,0,93,34,5,132,0,107,42,14,163,144,16,160,323
06/12/2013,SLN,KS,ACE,CE,Federal Contract Tower,0,10,26,4,40,0,60,36,40,136,0,70,62,44,176,210,6,216,392
06/13/2013,SLN,KS,ACE,CE,Federal Contract Tower,0,17,13,2,32,0,82,38,48,168,0,99,51,50,200,154,14,168,368
06/14/2013,SLN,KS,ACE,CE,Federal Contract Tower,0,11,14,3,28,0,49,42,56,147,0,60,56,59,175,168,0,168,343
06/15/2013,SLN,KS,ACE,CE,Federal Contract Tower,0,5,4,12,21,0,25,17,11,53,0,30,21,23,74,82,4,86,160
06/16/2013,SLN,KS,ACE,CE,Federal Contract Tower,0,11,8,1,20,0,9,20,1,30,0,20,28,2,50,36,0,36,86
06/17/2013,SLN,KS,ACE,CE,Federal Contract Tower,0,10,18,0,28,0,85,26,33,144,0,95,44,33,172,256,2,258,430
06/18/2013,SLN,KS,ACE,CE,Federal Contract Tower,0,11,4,0,15,0,92,18,23,133,0,103,22,23,148,252,4,256,404
06/19/2013,SLN,KS,ACE,CE,Federal Contract Tower,0,10,15,2,27,0,75,24,38,137,0,85,39,40,164,246,32,278,442
06/20/2013,SLN,KS,ACE,CE,Federal Contract Tower,0,15,13,5,33,0,46,17,12,75,0,61,30,17,108,198,12,210,318
06/21/2013,SLN,KS,ACE,CE,Federal Contract Tower,0,14,11,14,39,0,57,17,4,78,0,71,28,18,117,176,38,214,331
06/22/2013,SLN,KS,ACE,CE,Federal Contract Tower,0,4,11,0,15,0,19,13,2,34,0,23,24,2,49,16,0,16,65
06/23/2013,SLN,KS,ACE,CE,Federal Contract Tower,0,14,18,0,32,0,20,17,0,37,0,34,35,0,69,50,0,50,119
06/24/2013,SLN,KS,ACE,CE,Federal Contract Tower,0,8,9,0,17,0,45,20,0,65,0,53,29,0,82,156,0,156,238
06/25/2013,SLN,KS,ACE,CE,Federal Contract Tower,0,20,10,2,32,0,76,17,2,95,0,96,27,4,127,210,12,222,349
06/26/2013,SLN,KS,ACE,CE,Federal Contract Tower,0,17,8,2,27,0,109,35,5,149,0,126,43,7,176,370,12,382,558
06/27/2013,SLN,KS,ACE,CE,Federal Contract Tower,0,12,11,3,26,0,56,19,3,78,0,68,30,6,104,186,6,192,296
06/28/2013,SLN,KS,ACE,CE,Federal Contract Tower,2,12,11,1,26,0,78,26,1,105,2,90,37,2,131,118,16,134,265
06/29/2013,SLN,KS,ACE,CE,Federal Contract Tower,2,10,17,0,29,0,48,13,4,65,2,58,30,4,94,118,0,118,212
06/30/2013,SLN,KS,ACE,CE,Federal Contract Tower,0,12,10,0,22,0,33,22,0,55,0,45,32,0,77,84,0,84,161
07/01/2013,SLN,KS,ACE,CE,Federal Contract Tower,0,8,15,6,29,0,102,18,2,122,0,110,33,8,151,208,14,222,373
07/02/2013,SLN,KS,ACE,CE,Federal Contract Tower,0,6,18,0,24,0,79,26,6,111,0,85,44,6,135,224,6,230,365
07/03/2013,SLN,KS,ACE,CE,Federal Contract Tower,0,15,13,6,34,0,60,16,3,79,0,75,29,9,113,198,56,254,367
07/04/2013,SLN,KS,ACE,CE,Federal Contract Tower,0,12,4,2,18,0,1,9,0,10,0,13,13,2,28,6,0,6,34
07/05/2013,SLN,KS,ACE,CE,Federal Contract Tower,0,6,10,0,16,0,34,10,0,44,0,40,20,0,60,112,0,112,172
07/06/2013,SLN,KS,ACE,CE,Federal Contract Tower,0,8,12,0,20,0,16,8,0,24,0,24,20,0,44,52,0,52,96
07/07/2013,SLN,KS,ACE,CE,Federal Contract Tower,0,11,19,0,30,0,2,10,0,12,0,13,29,0,42,8,0,8,50
07/08/2013,SLN,KS,ACE,CE,Federal Contract Tower,0,4,17,7,28,0,78,8,1,87,0,82,25,8,115,272,58,330,445
07/09/2013,SLN,KS,ACE,CE,Federal Contract Tower,0,14,15,6,35,0,48,7,2,57,0,62,22,8,92,148,42,190,282
07/10/2013,SLN,KS,ACE,CE,Federal Contract Tower,0,14,18,1,33,0,59,18,4,81,0,73,36,5,114,264,18,282,396
07/11/2013,SLN,KS,ACE,CE,Federal Contract Tower,0,10,15,2,27,0,28,18,11,57,0,38,33,13,84,98,20,118,202
07/12/2013,SLN,KS,ACE,CE,Federal Contract Tower,0,11,11,0,22,0,66,10,8,84,0,77,21,8,106,156,22,178,284
07/13/2013,SLN,KS,ACE,CE,Federal Contract Tower,0,14,13,1,28,0,12,12,1,25,0,26,25,2,53,26,2,28,81
07/14/2013,SLN,KS,ACE,CE,Federal Contract Tower,0,13,24,0,37,0,8,9,0,17,0,21,33,0,54,38,0,38,92
07/15/2013,SLN,KS,ACE,CE,Federal Contract Tower,0,13,17,3,33,0,52,20,0,72,0,65,37,3,105,128,12,140,245
07/16/2013,SLN,KS,ACE,CE,Federal Contract Tower,0,11,12,0,23,0,71,24,2,97,0,82,36,2,120,156,0,156,276
07/17/2013,SLN,KS,ACE,CE,Federal Contract Tower,0,16,17,0,33,0,60,22,10,92,0,76,39,10,125,234,8,242,367
07/18/2013,SLN,KS,ACE,CE,Federal Contract Tower,0,21,13,3,37,0,54,9,10,73,0,75,22,13,110,194,34,228,338
07/19/2013,SLN,KS,ACE,CE,Federal Contract Tower,0,17,14,3,34,0,37,20,3,60,0,54,34,6,94,76,38,114,208
07/20/2013,SLN,KS,ACE,CE,Federal Contract Tower,0,9,6,0,15,0,13,17,0,30,0,22,23,0,45,24,0,24,69
07/21/2013,SLN,KS,ACE,CE,Federal Contract Tower,0,17,12,0,29,0,3,16,0,19,0,20,28,0,48,22,0,22,70
07/22/2013,SLN,KS,ACE,CE,Federal Contract Tower,0,24,10,4,38,4,52,34,1,91,4,76,44,5,129,176,30,206,335
07/23/2013,SLN,KS,ACE,CE,Federal Contract Tower,0,18,10,0,28,0,66,9,1,76,0,84,19,1,104,103,0,103,207
07/24/2013,SLN,KS,ACE,CE,Federal Contract Tower,0,21,6,6,33,0,69,22,2,93,0,90,28,8,126,178,34,212,338
07/25/2013,SLN,KS,ACE,CE,Federal Contract Tower,0,7,10,0,17,0,50,12,2,64,0,57,22,2,81,128,0,128,209
07/26/2013,SLN,KS,ACE,CE,Federal Contract Tower,0,26,15,0,41,0,45,16,5,66,0,71,31,5,107,146,6,152,259
07/27/2013,SLN,KS,ACE,CE,Federal Contract Tower,0,13,13,0,26,0,6,8,2,16,0,19,21,2,42,28,28,56,98
07/28/2013,SLN,KS,ACE,CE,Federal Contract Tower,0,14,10,0,24,0,1,0,0,1,0,15,10,0,25,0,0,0,25
07/29/2013,SLN,KS,ACE,CE,Federal Contract Tower,0,18,4,0,22,0,2,1,2,5,0,20,5,2,27,22,0,22,49
07/30/2013,SLN,KS,ACE,CE,Federal Contract Tower,0,25,25,0,50,0,12,8,1,21,0,37,33,1,71,60,6,66,137
07/31/2013,SLN,KS,ACE,CE,Federal Contract Tower,0,16,19,3,38,0,33,10,10,53,0,49,29,13,91,102,34,136,227
08/01/2013,SLN,KS,ACE,CE,Federal Contract Tower,0,20,23,7,50,0,53,10,0,63,0,73,33,7,113,120,56,176,289
08/02/2013,SLN,KS,ACE,CE,Federal Contract Tower,0,17,10,1,28,0,33,11,7,51,0,50,21,8,79,72,4,76,155
08/03/2013,SLN,KS,ACE,CE,Federal Contract Tower,0,7,14,0,21,0,4,7,0,11,0,11,21,0,32,20,0,20,52
08/04/2013,SLN,KS,ACE,CE,Federal Contract Tower,0,11,15,2,28,0,0,17,7,24,0,11,32,9,52,10,36,46,98
08/05/2013,SLN,KS,ACE,CE,Federal Contract Tower,0,22,14,0,36,0,16,16,0,32,0,38,30,0,68,70,0,70,138
08/06/2013,SLN,KS,ACE,CE,Federal Contract Tower,0,11,28,2,41,0,45,18,5,68,0,56,46,7,109,114,32,146,255
08/07/2013,SLN,KS,ACE,CE,Federal Contract Tower,0,13,11,0,24,0,41,14,14,69,0,54,25,14,93,158,50,208,301
08/08/2013,SLN,KS,ACE,CE,Federal Contract Tower,0,11,15,0,26,0,31,10,0,41,0,42,25,0,67,180,0,180,247
08/09/2013,SLN,KS,ACE,CE,Federal Contract Tower,0,9,12,7,28,0,42,19,1,62,0,51,31,8,90,194,10,204,294
08/10/2013,SLN,KS,ACE,CE,Federal Contract Tower,0,5,5,0,10,0,37,13,0,50,0,42,18,0,60,72,0,72,132
08/11/2013,SLN,KS,ACE,CE,Federal Contract Tower,0,10,24,2,36,0,9,17,0,26,0,19,41,2,62,12,0,12,74
08/12/2013,SLN,KS,ACE,CE,Federal Contract Tower,0,14,14,0,28,0,41,14,0,55,0,55,28,0,83,112,0,112,195
08/13/2013,SLN,KS,ACE,CE,Federal Contract Tower,0,14,20,2,36,0,43,16,6,65,0,57,36,8,101,168,4,172,273
08/14/2013,SLN,KS,ACE,CE,Federal Contract Tower,0,14,23,2,39,0,45,20,3,68,0,59,43,5,107,216,20,236,343
08/15/2013,SLN,KS,ACE,CE,Federal Contract Tower,0,11,24,0,35,0,46,9,1,56,0,57,33,1,91,148,0,148,239
08/16/2013,SLN,KS,ACE,CE,Federal Contract Tower,0,17,22,0,39,0,28,9,2,39,0,45,31,2,78,88,24,112,190
08/17/2013,SLN,KS,ACE,CE,Federal Contract Tower,0,8,7,2,17,0,8,6,2,16,0,16,13,4,33,18,0,18,51
08/18/2013,SLN,KS,ACE,CE,Federal Contract Tower,0,5,13,0,18,0,8,18,0,26,0,13,31,0,44,46,0,46,90
08/19/2013,SLN,KS,ACE,CE,Federal Contract Tower,0,13,26,2,41,0,58,18,0,76,0,71,44,2,117,250,34,284,401
08/20/2013,SLN,KS,ACE,CE,Federal Contract Tower,0,13,13,0,26,0,51,13,4,68,0,64,26,4,94,188,16,204,298
08/21/2013,SLN,KS,ACE,CE,Federal Contract Tower,0,11,11,2,24,0,59,13,3,75,0,70,24,5,99,214,0,214,313
08/22/2013,SLN,KS,ACE,CE,Federal Contract Tower,2,6,22,4,34,0,18,27,2,47,2,24,49,6,81,128,36,164,245
08/23/2013,SLN,KS,ACE,CE,Federal Contract Tower,0,12,6,3,21,0,14,16,13,43,0,26,22,16,64,92,36,128,192
08/24/2013,SLN,KS,ACE,CE,Federal Contract Tower,0,6,11,1,18,0,23,38,7,68,0,29,49,8,86,68,16,84,170
08/25/2013,SLN,KS,ACE,CE,Federal Contract Tower,0,3,17,1,21,0,5,14,2,21,0,8,31,3,42,24,0,24,66
08/26/2013,SLN,KS,ACE,CE,Federal Contract Tower,0,12,18,2,32,0,54,11,3,68,0,66,29,5,100,126,0,126,226
08/27/2013,SLN,KS,ACE,CE,Federal Contract Tower,0,13,18,2,33,0,52,18,1,71,0,65,36,3,104,156,20,176,280
08/28/2013,SLN,KS,ACE,CE,Federal Contract Tower,0,11,13,5,29,0,86,26,1,113,0,97,39,6,142,244,28,272,414
08/29/2013,SLN,KS,ACE,CE,Federal Contract Tower,0,9,22,1,32,0,87,19,3,109,0,96,41,4,141,192,12,204,345
08/30/2013,SLN,KS,ACE,CE,Federal Contract Tower,0,5,15,1,21,0,58,20,2,80,0,63,35,3,101,170,2,172,273
08/31/2013,SLN,KS,ACE,CE,Federal Contract Tower,0,4,8,0,12,0,7,12,0,19,0,11,20,0,31,24,0,24,55
09/01/2013,SLN,KS,ACE,CE,Federal Contract Tower,0,5,5,0,10,0,2,14,0,16,0,7,19,0,26,0,0,0,26
09/02/2013,SLN,KS,ACE,CE,Federal Contract Tower,0,5,6,0,11,0,0,20,0,20,0,5,26,0,31,30,0,30,61
09/03/2013,SLN,KS,ACE,CE,Federal Contract Tower,0,19,18,0,37,0,108,18,0,126,0,127,36,0,163,268,0,268,431
09/04/2013,SLN,KS,ACE,CE,Federal Contract Tower,0,13,24,0,37,0,110,10,2,122,0,123,34,2,159,234,4,238,397
09/05/2013,SLN,KS,ACE,CE,Federal Contract Tower,0,12,18,0,30,0,114,24,5,143,0,126,42,5,173,232,22,254,427
09/06/2013,SLN,KS,ACE,CE,Federal Contract Tower,0,13,8,2,23,0,94,19,1,114,0,107,27,3,137,184,0,184,321
09/07/2013,SLN,KS,ACE,CE,Federal Contract Tower,2,6,7,0,15,0,37,20,0,57,2,43,27,0,72,58,0,58,130
09/08/2013,SLN,KS,ACE,CE,Federal Contract Tower,0,3,21,0,24,0,15,18,0,33,0,18,39,0,57,36,0,36,93
09/09/2013,SLN,KS,ACE,CE,Federal Contract Tower,0,17,10,0,27,0,89,11,0,100,0,106,21,0,127,216,0,216,343
09/10/2013,SLN,KS,ACE,CE,Federal Contract Tower,0,9,27,2,38,0,90,18,1,109,0,99,45,3,147,244,42,286,433
09/11/2013,SLN,KS,ACE,CE,Federal Contract Tower,0,13,13,1,27,0,137,11,8,156,0,150,24,9,183,246,34,280,463
09/12/2013,SLN,KS,ACE,CE,Federal Contract Tower,0,18,17,1,36,0,44,10,3,57,0,62,27,4,93,150,8,158,251
09/13/2013,SLN,KS,ACE,CE,Federal Contract Tower,0,9,17,13,39,0,118,21,12,151,0,127,38,25,190,274,48,322,512
09/14/2013,SLN,KS,ACE,CE,Federal Contract Tower,0,6,6,1,13,0,36,18,11,65,0,42,24,12,78,58,40,98,176
09/15/2013,SLN,KS,ACE,CE,Federal Contract Tower,0,6,18,0,24,0,19,14,2,35,0,25,32,2,59,110,0,110,169
09/16/2013,SLN,KS,ACE,CE,Federal Contract Tower,0,17,15,0,32,0,3,0,0,3,0,20,15,0,35,10,0,10,45
09/17/2013,SLN,KS,ACE,CE,Federal Contract Tower,0,33,29,0,62,0,50,5,3,58,0,83,34,3,120,146,32,178,298
09/18/2013,SLN,KS,ACE,CE,Federal Contract Tower,0,15,11,0,26,0,103,13,6,122,0,118,24,6,148,170,0,170,318
09/19/2013,SLN,KS,ACE,CE,Federal Contract Tower,0,6,8,1,15,0,93,13,4,110,0,99,21,5,125,220,20,240,365
09/20/2013,SLN,KS,ACE,CE,Federal Contract Tower,0,6,9,7,22,0,109,30,12,151,0,115,39,19,173,312,12,324,497
09/21/2013,SLN,KS,ACE,CE,Federal Contract Tower,0,8,5,4,17,0,77,23,6,106,0,85,28,10,123,128,14,142,265
09/22/2013,SLN,KS,ACE,CE,Federal Contract Tower,0,5,19,0,24,0,25,21,0,46,0,30,40,0,70,110,0,110,180
09/23/2013,SLN,KS,ACE,CE,Federal Contract Tower,0,5,19,2,26,3,70,11,0,84,3,75,30,2,110,200,0,200,310
09/24/2013,SLN,KS,ACE,CE,Federal Contract Tower,0,8,23,2,33,0,96,10,1,107,0,104,33,3,140,216,0,216,356
09/25/2013,SLN,KS,ACE,CE,Federal Contract Tower,0,14,20,2,36,0,133,25,0,158,0,147,45,2,194,424,0,424,618
09/26/2013,SLN,KS,ACE,CE,Federal Contract Tower,0,12,12,2,26,0,97,16,3,116,0,109,28,5,142,208,2,210,352
09/27/2013,SLN,KS,ACE,CE,Federal Contract Tower,0,6,8,0,14,0,66,9,3,78,0,72,17,3,92,192,20,212,304
09/28/2013,SLN,KS,ACE,CE,Federal Contract Tower,0,9,10,0,19,0,18,12,0,30,0,27,22,0,49,66,0,66,115
09/29/2013,SLN,KS,ACE,CE,Federal Contract Tower,0,7,13,0,20,0,16,23,0,39,0,23,36,0,59,31,0,31,90
09/30/2013,SLN,KS,ACE,CE,Federal Contract Tower,0,8,17,0,25,0,112,26,0,138,0,120,43,0,163,246,0,246,409
10/01/2013,SLN,KS,ACE,CE,Federal Contract Tower,0,11,6,0,17,0,124,17,0,141,0,135,23,0,158,276,0,276,434
10/02/2013,SLN,KS,ACE,CE,Federal Contract Tower,0,18,28,0,46,0,67,8,0,75,0,85,36,0,121,276,0,276,397
10/03/2013,SLN,KS,ACE,CE,Federal Contract Tower,0,19,18,2,39,0,79,12,0,91,0,98,30,2,130,224,0,224,354
10/04/2013,SLN,KS,ACE,CE,Federal Contract Tower,0,11,13,0,24,0,41,8,2,51,0,52,21,2,75,58,4,62,137
10/05/2013,SLN,KS,ACE,CE,Federal Contract Tower,0,11,6,0,17,0,21,9,3,33,0,32,15,3,50,48,0,48,98
10/06/2013,SLN,KS,ACE,CE,Federal Contract Tower,0,12,8,2,22,0,11,9,0,20,0,23,17,2,42,16,0,16,58
10/07/2013,SLN,KS,ACE,CE,Federal Contract Tower,0,8,22,0,30,0,107,36,0,143,0,115,58,0,173,342,0,342,515
10/08/2013,SLN,KS,ACE,CE,Federal Contract Tower,0,15,18,0,33,0,98,12,0,110,0,113,30,0,143,190,2,192,335
10/09/2013,SLN,KS,ACE,CE,Federal Contract Tower,0,20,10,0,30,0,113,9,0,122,0,133,19,0,152,378,0,378,530
10/10/2013,SLN,KS,ACE,CE,Federal Contract Tower,0,15,13,0,28,0,112,16,2,130,0,127,29,2,158,326,0,326,484
10/11/2013,SLN,KS,ACE,CE,Federal Contract Tower,0,19,14,0,33,0,97,17,0,114,0,116,31,0,147,265,0,265,412
10/12/2013,SLN,KS,ACE,CE,Federal Contract Tower,0,6,9,0,15,0,42,31,0,73,0,48,40,0,88,56,0,56,144
10/13/2013,SLN,KS,ACE,CE,Federal Contract Tower,0,6,9,0,15,0,12,15,0,27,0,18,24,0,42,50,0,50,92
10/14/2013,SLN,KS,ACE,CE,Federal Contract Tower,0,16,9,0,25,0,30,8,0,38,0,46,17,0,63,172,0,172,235
10/15/2013,SLN,KS,ACE,CE,Federal Contract Tower,0,12,12,5,29,0,83,8,2,93,0,95,20,7,122,266,10,276,398
10/16/2013,SLN,KS,ACE,CE,Federal Contract Tower,0,11,13,4,28,0,129,11,0,140,0,140,24,4,168,350,0,350,518
10/17/2013,SLN,KS,ACE,CE,Federal Contract Tower,0,9,9,0,18,0,113,23,0,136,0,122,32,0,154,448,4,452,606
10/18/2013,SLN,KS,ACE,CE,Federal Contract Tower,0,4,10,0,14,0,8,2,0,10,0,12,12,0,24,80,0,80,104
10/19/2013,SLN,KS,ACE,CE,Federal Contract Tower,0,4,16,0,20,0,43,36,0,79,0,47,52,0,99,92,0,92,191
10/20/2013,SLN,KS,ACE,CE,Federal Contract Tower,0,4,16,3,23,0,26,18,0,44,0,30,34,3,67,78,10,88,155
10/21/2013,SLN,KS,ACE,CE,Federal Contract Tower,0,16,23,0,39,0,129,10,0,139,0,145,33,0,178,426,0,426,604
10/22/2013,SLN,KS,ACE,CE,Federal Contract Tower,0,18,17,1,36,0,109,11,0,120,0,127,28,1,156,352,0,352,508
10/23/2013,SLN,KS,ACE,CE,Federal Contract Tower,0,14,34,1,49,0,127,13,0,140,0,141,47,1,189,390,0,390,579
10/24/2013,SLN,KS,ACE,CE,Federal Contract Tower,2,14,18,4,38,0,89,26,12,127,2,103,44,16,165,430,22,452,617
10/25/2013,SLN,KS,ACE,CE,Federal Contract Tower,0,12,25,1,38,0,103,19,4,126,0,115,44,5,164,326,18,344,508
10/26/2013,SLN,KS,ACE,CE,Federal Contract Tower,0,2,4,3,9,0,43,13,2,58,0,45,17,5,67,184,0,184,251
10/27/2013,SLN,KS,ACE,CE,Federal Contract Tower,0,9,12,0,21,0,25,11,0,36,0,34,23,0,57,56,0,56,113
10/28/2013,SLN,KS,ACE,CE,Federal Contract Tower,0,18,24,10,52,0,30,5,0,35,0,48,29,10,87,166,0,166,253
10/29/2013,SLN,KS,ACE,CE,Federal Contract Tower,0,9,14,0,23,0,2,2,0,4,0,11,16,0,27,4,0,4,31
10/30/2013,SLN,KS,ACE,CE,Federal Contract Tower,0,12,17,0,29,0,0,0,0,0,0,12,17,0,29,0,0,0,29
10/31/2013,SLN,KS,ACE,CE,Federal Contract Tower,0,13,17,2,32,0,106,12,6,124,0,119,29,8,156,266,24,290,446
11/01/2013,SLN,KS,ACE,CE,Federal Contract Tower,0,9,6,6,21,0,56,30,12,98,0,65,36,18,119,232,52,284,403
11/02/2013,SLN,KS,ACE,CE,Federal Contract Tower,0,7,11,4,22,0,38,21,9,68,0,45,32,13,90,118,10,128,218
11/03/2013,SLN,KS,ACE,CE,Federal Contract Tower,0,7,16,1,24,0,0,8,4,12,0,7,24,5,36,4,2,6,42
11/04/2013,SLN,KS,ACE,CE,Federal Contract Tower,0,10,26,4,40,0,144,21,0,165,0,154,47,4,205,366,0,366,571
11/05/2013,SLN,KS,ACE,CE,Federal Contract Tower,0,15,7,1,23,0,0,0,0,0,0,15,7,1,23,0,0,0,23
11/06/2013,SLN,KS,ACE,CE,Federal Contract Tower,2,15,18,15,50,0,77,9,2,88,2,92,27,17,138,346,4,350,488
11/07/2013,SLN,KS,ACE,CE,Federal Contract Tower,0,19,19,2,40,0,124,34,7,165,0,143,53,9,205,394,1,395,600
11/08/2013,SLN,KS,ACE,CE,Federal Contract Tower,0,14,20,2,36,0,51,17,0,68,0,65,37,2,104,112,0,112,216
11/09/2013,SLN,KS,ACE,CE,Federal Contract Tower,0,7,14,4,25,0,79,37,7,123,0,86,51,11,148,152,0,152,300
11/10/2013,SLN,KS,ACE,CE,Federal Contract Tower,0,11,11,0,22,0,23,19,5,47,0,34,30,5,69,50,0,50,119
11/11/2013,SLN,KS,ACE,CE,Federal Contract Tower,0,14,19,0,33,0,0,0,0,0,0,14,19,0,33,0,0,0,33
11/12/2013,SLN,KS,ACE,CE,Federal Contract Tower,0,11,13,0,24,0,142,9,9,160,0,153,22,9,184,394,0,394,578
11/13/2013,SLN,KS,ACE,CE,Federal Contract Tower,0,13,26,4,43,0,102,18,0,120,0,115,44,4,163,240,6,246,409
11/14/2013,SLN,KS,ACE,CE,Federal Contract Tower,0,9,10,3,22,0,105,12,16,133,0,114,22,19,155,360,26,386,541
11/15/2013,SLN,KS,ACE,CE,Federal Contract Tower,0,9,10,5,24,0,95,17,6,118,0,104,27,11,142,340,14,354,496
11/16/2013,SLN,KS,ACE,CE,Federal Contract Tower,0,5,2,1,8,0,19,9,5,33,0,24,11,6,41,26,6,32,73
11/17/2013,SLN,KS,ACE,CE,Federal Contract Tower,0,1,17,0,18,0,6,5,0,11,0,7,22,0,29,6,0,6,35
11/18/2013,SLN,KS,ACE,CE,Federal Contract Tower,0,8,19,0,27,0,138,27,0,165,0,146,46,0,192,456,0,456,648
11/19/2013,SLN,KS,ACE,CE,Federal Contract Tower,0,6,20,5,31,0,76,5,2,83,0,82,25,7,114,212,18,230,344
11/20/2013,SLN,KS,ACE,CE,Federal Contract Tower,0,11,24,0,35,0,113,11,11,135,0,124,35,11,170,258,14,272,442
11/21/2013,SLN,KS,ACE,CE,Federal Contract Tower,0,5,8,0,13,0,0,2,1,3,0,5,10,1,16,2,18,20,36
11/22/2013,SLN,KS,ACE,CE,Federal Contract Tower,0,6,15,0,21,0,24,2,0,26,0,30,17,0,47,62,0,62,109
11/23/2013,SLN,KS,ACE,CE,Federal Contract Tower,0,5,13,0,18,0,33,10,2,45,0,38,23,2,63,122,0,122,185
11/24/2013,SLN,KS,ACE,CE,Federal Contract Tower,0,10,11,0,21,0,26,5,0,31,0,36,16,0,52,78,0,78,130
11/25/2013,SLN,KS,ACE,CE,Federal Contract Tower,0,18,18,0,36,0,67,5,7,79,0,85,23,7,115,182,4,186,301
11/26/2013,SLN,KS,ACE,CE,Federal Contract Tower,0,25,17,0,42,0,66,12,4,82,0,91,29,4,124,166,20,186,310
11/27/2013,SLN,KS,ACE,CE,Federal Contract Tower,0,16,16,3,35,0,41,18,0,59,0,57,34,3,94,104,0,104,198
11/28/2013,SLN,KS,ACE,CE,Federal Contract Tower,0,3,8,0,11,0,0,8,0,8,0,3,16,0,19,4,0,4,23
11/29/2013,SLN,KS,ACE,CE,Federal Contract Tower,0,6,9,0,15,0,1,17,0,18,0,7,26,0,33,6,0,6,39
11/30/2013,SLN,KS,ACE,CE,Federal Contract Tower,0,3,7,0,10,0,1,21,2,24,0,4,28,2,34,2,0,2,36
12/01/2013,SLN,KS,ACE,CE,Federal Contract Tower,0,8,20,0,28,0,1,22,0,23,0,9,42,0,51,20,0,20,71
12/02/2013,SLN,KS,ACE,CE,Federal Contract Tower,0,14,22,1,37,0,124,18,2,144,0,138,40,3,181,328,0,328,509
12/03/2013,SLN,KS,ACE,CE,Federal Contract Tower,0,18,20,1,39,0,132,17,1,150,0,150,37,2,189,376,4,380,569
12/04/2013,SLN,KS,ACE,CE,Federal Contract Tower,0,15,28,0,43,0,11,2,0,13,0,26,30,0,56,68,0,68,124
12/05/2013,SLN,KS,ACE,CE,Federal Contract Tower,0,15,15,9,39,0,62,11,2,75,0,77,26,11,114,202,12,214,328
12/06/2013,SLN,KS,ACE,CE,Federal Contract Tower,0,12,14,4,30,0,78,13,6,97,0,90,27,10,127,166,2,168,295
12/07/2013,SLN,KS,ACE,CE,Federal Contract Tower,0,7,9,4,20,0,25,12,0,37,0,32,21,4,57,140,8,148,205
12/08/2013,SLN,KS,ACE,CE,Federal Contract Tower,0,7,10,0,17,0,0,1,0,1,0,7,11,0,18,0,0,0,18
12/09/2013,SLN,KS,ACE,CE,Federal Contract Tower,2,11,10,1,24,0,111,17,3,131,2,122,27,4,155,264,4,268,423
12/10/2013,SLN,KS,ACE,CE,Federal Contract Tower,2,13,9,0,24,0,118,16,5,139,2,131,25,5,163,323,2,325,488
12/11/2013,SLN,KS,ACE,CE,Federal Contract Tower,0,20,7,0,27,0,94,12,0,106,0,114,19,0,133,334,0,334,467
12/12/2013,SLN,KS,ACE,CE,Federal Contract Tower,0,25,16,2,43,0,99,21,8,128,0,124,37,10,171,358,8,366,537
12/13/2013,SLN,KS,ACE,CE,Federal Contract Tower,0,10,8,4,22,0,72,8,7,87,0,82,16,11,109,283,36,319,428
12/14/2013,SLN,KS,ACE,CE,Federal Contract Tower,0,4,7,0,11,0,41,18,1,60,0,45,25,1,71,168,0,168,239
12/15/2013,SLN,KS,ACE,CE,Federal Contract Tower,0,10,15,0,25,0,42,31,0,73,0,52,46,0,98,102,0,102,200
12/16/2013,SLN,KS,ACE,CE,Federal Contract Tower,0,14,5,0,19,0,114,8,1,123,0,128,13,1,142,298,0,298,440
12/17/2013,SLN,KS,ACE,CE,Federal Contract Tower,0,13,3,0,16,0,78,22,8,108,0,91,25,8,124,346,2,348,472
12/18/2013,SLN,KS,ACE,CE,Federal Contract Tower,0,13,7,4,24,0,59,14,2,75,0,72,21,6,99,228,4,232,331
12/19/2013,SLN,KS,ACE,CE,Federal Contract Tower,0,12,21,3,36,0,70,16,9,95,0,82,37,12,131,224,2,226,357
12/20/2013,SLN,KS,ACE,CE,Federal Contract Tower,0,10,11,0,21,0,11,5,9,25,0,21,16,9,46,90,28,118,164
12/21/2013,SLN,KS,ACE,CE,Federal Contract Tower,0,8,9,0,17,0,2,0,0,2,0,10,9,0,19,24,0,24,43
12/22/2013,SLN,KS,ACE,CE,Federal Contract Tower,0,8,4,0,12,0,0,6,0,6,0,8,10,0,18,0,0,0,18
12/23/2013,SLN,KS,ACE,CE,Federal Contract Tower,0,8,10,0,18,0,0,4,0,4,0,8,14,0,22,0,0,0,22
12/24/2013,SLN,KS,ACE,CE,Federal Contract Tower,0,4,5,0,9,0,0,0,0,0,0,4,5,0,9,0,0,0,9
12/25/2013,SLN,KS,ACE,CE,Federal Contract Tower,0,6,4,0,10,0,0,4,0,4,0,6,8,0,14,0,0,0,14
12/26/2013,SLN,KS,ACE,CE,Federal Contract Tower,0,15,15,0,30,0,0,9,0,9,0,15,24,0,39,4,0,4,43
12/27/2013,SLN,KS,ACE,CE,Federal Contract Tower,0,15,13,0,28,0,0,15,3,18,0,15,28,3,46,14,0,14,60
12/28/2013,SLN,KS,ACE,CE,Federal Contract Tower,0,6,10,0,16,0,0,17,0,17,0,6,27,0,33,0,2,2,35
12/29/2013,SLN,KS,ACE,CE,Federal Contract Tower,0,6,4,0,10,0,0,0,0,0,0,6,4,0,10,0,0,0,10
12/30/2013,SLN,KS,ACE,CE,Federal Contract Tower,0,10,9,0,19,0,0,15,0,15,0,10,24,0,34,12,0,12,46
12/31/2013,SLN,KS,ACE,CE,Federal Contract Tower,0,8,12,0,20,0,0,14,0,14,0,8,26,0,34,2,0,2,36
01/01/2014,SLN,KS,ACE,CE,Federal Contract Tower,0,6,0,0,6,0,0,0,0,0,0,6,0,0,6,0,0,0,6
01/02/2014,SLN,KS,ACE,CE,Federal Contract Tower,0,12,11,0,23,0,23,8,8,39,0,35,19,8,62,40,10,50,112
01/03/2014,SLN,KS,ACE,CE,Federal Contract Tower,0,13,9,1,23,0,9,11,9,29,0,22,20,10,52,18,24,42,94
01/04/2014,SLN,KS,ACE,CE,Federal Contract Tower,0,9,13,0,22,0,7,7,8,22,0,16,20,8,44,30,2,32,76
01/05/2014,SLN,KS,ACE,CE,Federal Contract Tower,0,5,11,0,16,0,0,0,0,0,0,5,11,0,16,0,0,0,16
01/06/2014,SLN,KS,ACE,CE,Federal Contract Tower,0,16,13,0,29,0,31,6,0,37,0,47,19,0,66,146,0,146,212
01/07/2014,SLN,KS,ACE,CE,Federal Contract Tower,0,7,13,0,20,0,58,2,13,73,0,65,15,13,93,204,0,204,297
01/08/2014,SLN,KS,ACE,CE,Federal Contract Tower,0,9,9,0,18,0,48,5,17,70,0,57,14,17,88,266,0,266,354
01/09/2014,SLN,KS,ACE,CE,Federal Contract Tower,0,7,7,1,15,0,12,0,11,23,0,19,7,12,38,84,32,116,154
01/10/2014,SLN,KS,ACE,CE,Federal Contract Tower,0,14,15,0,29,0,2,4,0,6,0,16,19,0,35,6,0,6,41
01/11/2014,SLN,KS,ACE,CE,Federal Contract Tower,0,11,4,2,17,0,18,17,8,43,0,29,21,10,60,40,0,40,100
01/12/2014,SLN,KS,ACE,CE,Federal Contract Tower,0,10,6,0,16,0,8,17,2,27,0,18,23,2,43,22,4,26,69
01/13/2014,SLN,KS,ACE,CE,Federal Contract Tower,0,16,4,0,20,0,71,7,0,78,0,87,11,0,98,196,0,196,294
01/14/2014,SLN,KS,ACE,CE,Federal Contract Tower,0,18,8,0,26,0,42,1,2,45,0,60,9,2,71,128,2,130,201
01/15/2014,SLN,KS,ACE,CE,Federal Contract Tower,0,14,14,0,28,0,56,31,8,95,0,70,45,8,123,254,0,254,377
01/16/2014,SLN,KS,ACE,CE,Federal Contract Tower,0,9,15,0,24,0,25,11,3,39,0,34,26,3,63,92,0,92,155
01/17/2014,SLN,KS,ACE,CE,Federal Contract Tower,0,15,13,0,28,0,58,11,3,72,0,73,24,3,100,194,0,194,294
01/18/2014,SLN,KS,ACE,CE,Federal Contract Tower,0,6,3,0,9,0,5,5,0,10,0,11,8,0,19,6,0,6,25
01/19/2014,SLN,KS,ACE,CE,Federal Contract Tower,0,6,2,0,8,0,10,10,0,20,0,16,12,0,28,70,0,70,98
01/20/2014,SLN,KS,ACE,CE,Federal Contract Tower,0,13,9,1,23,0,17,11,0,28,0,30,20,1,51,96,0,96,147
01/21/2014,SLN,KS,ACE,CE,Federal Contract Tower,0,18,10,0,28,0,63,17,0,80,0,81,27,0,108,186,0,186,294
01/22/2014,SLN,KS,ACE,CE,Federal Contract Tower,0,16,12,5,33,0,64,9,18,91,0,80,21,23,124,226,0,226,350
01/23/2014,SLN,KS,ACE,CE,Federal Contract Tower,0,14,15,2,31,0,56,13,14,83,0,70,28,16,114,220,34,254,368
01/24/2014,SLN,KS,ACE,CE,Federal Contract Tower,0,10,3,2,15,0,82,13,9,104,0,92,16,11,119,242,28,270,389
01/25/2014,SLN,KS,ACE,CE,Federal Contract Tower,0,16,3,0,19,0,49,14,1,64,0,65,17,1,83,102,0,102,185
01/26/2014,SLN,KS,ACE,CE,Federal Contract Tower,0,3,9,3,15,0,27,17,0,44,0,30,26,3,59,56,0,56,115
01/27/2014,SLN,KS,ACE,CE,Federal Contract Tower,0,12,10,0,22,0,68,5,0,73,0,80,15,0,95,304,0,304,399
01/28/2014,SLN,KS,ACE,CE,Federal Contract Tower,0,10,19,5,34,0,97,21,3,121,0,107,40,8,155,264,2,266,421
01/29/2014,SLN,KS,ACE,CE,Federal Contract Tower,0,13,8,1,22,0,87,10,2,99,0,100,18,3,121,246,6,252,373
01/30/2014,SLN,KS,ACE,CE,Federal Contract Tower,0,17,14,0,31,0,79,2,10,91,0,96,16,10,122,214,0,214,336
01/31/2014,SLN,KS,ACE,CE,Federal Contract Tower,0,10,7,0,17,0,26,3,2,31,0,36,10,2,48,142,0,142,190
02/01/2014,SLN,KS,ACE,CE,Federal Contract Tower,0,4,6,0,10,0,4,2,0,6,0,8,8,0,16,6,0,6,22
02/02/2014,SLN,KS,ACE,CE,Federal Contract Tower,0,8,11,0,19,0,2,14,0,16,0,10,25,0,35,14,0,14,49
02/03/2014,SLN,KS,ACE,CE,Federal Contract Tower,0,5,15,0,20,0,75,7,0,82,0,80,22,0,102,296,0,296,398
02/04/2014,SLN,KS,ACE,CE,Federal Contract Tower,0,0,0,0,0,0,0,0,0,0,0,0,0,0,0,0,0,0,0
02/05/2014,SLN,KS,ACE,CE,Federal Contract Tower,0,8,11,0,19,0,0,0,8,8,0,8,11,8,27,0,0,0,27
02/06/2014,SLN,KS,ACE,CE,Federal Contract Tower,0,11,4,2,17,0,6,2,0,8,0,17,6,2,25,80,18,98,123
02/07/2014,SLN,KS,ACE,CE,Federal Contract Tower,0,13,10,0,23,0,12,7,15,34,0,25,17,15,57,92,30,122,179
02/08/2014,SLN,KS,ACE,CE,Federal Contract Tower,0,3,5,0,8,0,4,0,0,4,0,7,5,0,12,6,0,6,18
02/09/2014,SLN,KS,ACE,CE,Federal Contract Tower,0,10,6,6,22,0,2,3,2,7,0,12,9,8,29,10,4,14,43
02/10/2014,SLN,KS,ACE,CE,Federal Contract Tower,0,8,8,1,17,0,84,12,6,102,0,92,20,7,119,214,2,216,335
02/11/2014,SLN,KS,ACE,CE,Federal Contract Tower,0,15,10,0,25,0,89,7,4,100,0,104,17,4,125,244,0,244,369
02/12/2014,SLN,KS,ACE,CE,Federal Contract Tower,0,13,17,3,33,0,75,8,4,87,0,88,25,7,120,218,2,220,340
02/13/2014,SLN,KS,ACE,CE,Federal Contract Tower,0,17,19,2,38,0,130,16,15,161,0,147,35,17,199,276,14,290,489
02/14/2014,SLN,KS,ACE,CE,Federal Contract Tower,0,12,15,11,38,0,90,16,14,120,0,102,31,25,158,176,2,178,336
02/15/2014,SLN,KS,ACE,CE,Federal Contract Tower,0,7,2,1,10,0,37,15,0,52,0,44,17,1,62,82,0,82,144
02/16/2014,SLN,KS,ACE,CE,Federal Contract Tower,0,9,11,0,20,0,29,22,0,51,0,38,33,0,71,88,0,88,159
02/17/2014,SLN,KS,ACE,CE,Federal Contract Tower,0,9,18,0,27,0,79,9,0,88,0,88,27,0,115,186,0,186,301
02/18/2014,SLN,KS,ACE,CE,Federal Contract Tower,0,11,5,0,16,0,99,18,2,119,0,110,23,2,135,222,0,222,357
02/19/2014,SLN,KS,ACE,CE,Federal Contract Tower,0,17,25,3,45,0,111,10,2,123,0,128,35,5,168,214,4,218,386
02/20/2014,SLN,KS,ACE,CE,Federal Contract Tower,0,7,5,0,12,0,6,1,12,19,0,13,6,12,31,2,22,24,55
02/21/2014,SLN,KS,ACE,CE,Federal Contract Tower,0,10,10,5,25,0,94,11,10,115,0,104,21,15,140,158,42,200,340
02/22/2014,SLN,KS,ACE,CE,Federal Contract Tower,0,8,12,0,20,0,44,16,4,64,0,52,28,4,84,156,0,156,240
02/23/2014,SLN,KS,ACE,CE,Federal Contract Tower,0,7,14,0,21,0,18,2,0,20,0,25,16,0,41,86,0,86,127
02/24/2014,SLN,KS,ACE,CE,Federal Contract Tower,0,7,4,3,14,0,111,15,1,127,0,118,19,4,141,282,8,290,431
02/25/2014,SLN,KS,ACE,CE,Federal Contract Tower,0,10,19,0,29,0,18,3,0,21,0,28,22,0,50,180,0,180,230
02/26/2014,SLN,KS,ACE,CE,Federal Contract Tower,0,13,14,4,31,0,94,14,2,110,0,107,28,6,141,234,0,234,375
02/27/2014,SLN,KS,ACE,CE,Federal Contract Tower,0,11,16,0,27,0,96,10,5,111,0,107,26,5,138,394,6,400,538
02/28/2014,SLN,KS,ACE,CE,Federal Contract Tower,0,11,16,0,27,0,79,10,6,95,0,90,26,6,122,344,10,354,476
03/01/2014,SLN,KS,ACE,CE,Federal Contract Tower,0,0,5,0,5,0,0,0,0,0,0,0,5,0,5,0,0,0,5
03/02/2014,SLN,KS,ACE,CE,Federal Contract Tower,0,3,9,0,12,0,0,0,0,0,0,3,9,0,12,0,0,0,12
03/03/2014,SLN,KS,ACE,CE,Federal Contract Tower,0,14,16,0,30,0,86,10,0,96,0,100,26,0,126,250,0,250,376
03/04/2014,SLN,KS,ACE,CE,Federal Contract Tower,0,14,6,2,22,0,124,5,1,130,0,138,11,3,152,302,12,314,466
03/05/2014,SLN,KS,ACE,CE,Federal Contract Tower,0,11,4,2,17,0,21,3,4,28,0,32,7,6,45,92,46,138,183
03/06/2014,SLN,KS,ACE,CE,Federal Contract Tower,0,10,10,4,24,0,21,4,2,27,0,31,14,6,51,134,18,152,203
03/07/2014,SLN,KS,ACE,CE,Federal Contract Tower,0,5,13,6,24,0,117,11,8,136,0,122,24,14,160,384,36,420,580
03/08/2014,SLN,KS,ACE,CE,Federal Contract Tower,0,10,6,0,16,0,38,5,0,43,0,48,11,0,59,162,0,162,221
03/09/2014,SLN,KS,ACE,CE,Federal Contract Tower,0,7,18,0,25,0,18,14,0,32,0,25,32,0,57,46,0,46,103
03/10/2014,SLN,KS,ACE,CE,Federal Contract Tower,0,9,7,4,20,0,115,27,1,143,0,124,34,5,163,370,2,372,535
03/11/2014,SLN,KS,ACE,CE,Federal Contract Tower,0,8,9,0,17,0,78,6,1,85,0,86,15,1,102,198,0,198,300
03/12/2014,SLN,KS,ACE,CE,Federal Contract Tower,0,15,15,3,33,0,103,11,3,117,0,118,26,6,150,274,10,284,434
03/13/2014,SLN,KS,ACE,CE,Federal Contract Tower,0,16,15,1,32,0,114,24,14,152,0,130,39,15,184,272,46,318,502
03/14/2014,SLN,KS,ACE,CE,Federal Contract Tower,0,14,5,0,19,8,67,35,10,120,8,81,40,10,139,168,42,210,349
03/15/2014,SLN,KS,ACE,CE,Federal Contract Tower,0,7,15,0,22,0,20,44,10,74,0,27,59,10,96,22,10,32,128
03/16/2014,SLN,KS,ACE,CE,Federal Contract Tower,0,8,13,5,26,0,6,7,2,15,0,14,20,7,41,10,8,18,59
03/17/2014,SLN,KS,ACE,CE,Federal Contract Tower,0,6,3,2,11,0,62,9,1,72,0,68,12,3,83,124,4,128,211
03/18/2014,SLN,KS,ACE,CE,Federal Contract Tower,0,10,11,0,21,0,38,2,0,40,0,48,13,0,61,100,0,100,161
03/19/2014,SLN,KS,ACE,CE,Federal Contract Tower,0,18,15,2,35,0,62,25,0,87,0,80,40,2,122,64,0,64,186
03/20/2014,SLN,KS,ACE,CE,Federal Contract Tower,0,15,4,2,21,0,34,25,2,61,0,49,29,4,82,74,6,80,162
03/21/2014,SLN,KS,ACE,CE,Federal Contract Tower,0,16,10,6,32,0,42,12,0,54,0,58,22,6,86,86,2,88,174
03/22/2014,SLN,KS,ACE,CE,Federal Contract Tower,0,9,9,0,18,0,18,10,0,28,0,27,19,0,46,32,0,32,78
03/23/2014,SLN,KS,ACE,CE,Federal Contract Tower,0,9,9,1,19,0,9,10,0,19,0,18,19,1,38,6,4,10,48
03/24/2014,SLN,KS,ACE,CE,Federal Contract Tower,0,7,15,18,40,0,23,8,0,31,0,30,23,18,71,60,18,78,149
03/25/2014,SLN,KS,ACE,CE,Federal Contract Tower,0,18,11,2,31,0,87,13,0,100,0,105,24,2,131,408,8,416,547
03/26/2014,SLN,KS,ACE,CE,Federal Contract Tower,2,10,5,4,21,0,9,3,0,12,2,19,8,4,33,44,38,82,115
03/27/2014,SLN,KS,ACE,CE,Federal Contract Tower,0,11,11,2,24,0,25,7,2,34,0,36,18,4,58,46,8,54,112
03/28/2014,SLN,KS,ACE,CE,Federal Contract Tower,0,11,11,2,24,0,65,12,0,77,0,76,23,2,101,262,44,306,407
03/29/2014,SLN,KS,ACE,CE,Federal Contract Tower,0,12,8,0,20,0,44,27,0,71,0,56,35,0,91,148,0,148,239
03/30/2014,SLN,KS,ACE,CE,Federal Contract Tower,0,9,9,0,18,0,9,4,0,13,0,18,13,0,31,4,0,4,35
03/31/2014,SLN,KS,ACE,CE,Federal Contract Tower,0,7,11,3,21,0,17,4,0,21,0,24,15,3,42,20,2,22,64
04/01/2014,SLN,KS,ACE,CE,Federal Contract Tower,0,16,20,4,40,0,120,28,3,151,0,136,48,7,191,402,44,446,637
04/02/2014,SLN,KS,ACE,CE,Federal Contract Tower,0,15,8,2,25,0,4,1,0,5,0,19,9,2,30,14,2,16,46
04/03/2014,SLN,KS,ACE,CE,Federal Contract Tower,0,13,22,6,41,0,0,0,0,0,0,13,22,6,41,0,0,0,41
04/04/2014,SLN,KS,ACE,CE,Federal Contract Tower,0,14,14,2,30,0,75,24,14,113,0,89,38,16,143,228,28,256,399
04/05/2014,SLN,KS,ACE,CE,Federal Contract Tower,0,7,9,0,16,0,29,44,11,84,0,36,53,11,100,48,30,78,178
04/06/2014,SLN,KS,ACE,CE,Federal Contract Tower,0,5,2,2,9,0,32,28,0,60,0,37,30,2,69,98,6,104,173
04/07/2014,SLN,KS,ACE,CE,Federal Contract Tower,0,21,3,0,24,0,71,16,0,87,0,92,19,0,111,280,0,280,391
04/08/2014,SLN,KS,ACE,CE,Federal Contract Tower,0,19,7,6,32,0,100,18,10,128,0,119,25,16,160,272,22,294,454
04/09/2014,SLN,KS,ACE,CE,Federal Contract Tower,0,17,14,3,34,0,74,21,4,99,0,91,35,7,133,254,14,268,401
04/10/2014,SLN,KS,ACE,CE,Federal Contract Tower,0,18,5,2,25,0,86,20,0,106,0,104,25,2,131,328,48,376,507
04/11/2014,SLN,KS,ACE,CE,Federal Contract Tower,0,21,12,2,35,0,89,24,9,122,0,110,36,11,157,266,34,300,457
04/12/2014,SLN,KS,ACE,CE,Federal Contract Tower,0,13,10,0,23,0,24,8,0,32,0,37,18,0,55,58,0,58,113
04/13/2014,SLN,KS,ACE,CE,Federal Contract Tower,0,8,7,0,15,0,7,2,0,9,0,15,9,0,24,10,0,10,34
04/14/2014,SLN,KS,ACE,CE,Federal Contract Tower,0,6,7,22,35,0,58,6,0,64,0,64,13,22,99,124,22,146,245
04/15/2014,SLN,KS,ACE,CE,Federal Contract Tower,0,13,9,10,32,0,96,14,0,110,0,109,23,10,142,286,0,286,428
04/16/2014,SLN,KS,ACE,CE,Federal Contract Tower,0,11,10,6,27,0,49,9,0,58,0,60,19,6,85,120,0,120,205
04/17/2014,SLN,KS,ACE,CE,Federal Contract Tower,0,11,7,9,27,0,101,5,0,106,0,112,12,9,133,440,20,460,593
04/18/2014,SLN,KS,ACE,CE,Federal Contract Tower,0,10,6,1,17,0,66,21,1,88,0,76,27,2,105,216,0,216,321
04/19/2014,SLN,KS,ACE,CE,Federal Contract Tower,0,7,3,2,12,0,16,3,0,19,0,23,6,2,31,8,0,8,39
04/20/2014,SLN,KS,ACE,CE,Federal Contract Tower,0,5,5,0,10,0,0,6,0,6,0,5,11,0,16,28,0,28,44
04/21/2014,SLN,KS,ACE,CE,Federal Contract Tower,0,11,7,10,28,0,107,13,0,120,0,118,20,10,148,348,67,415,563
04/22/2014,SLN,KS,ACE,CE,Federal Contract Tower,0,10,13,0,23,0,123,19,2,144,0,133,32,2,167,14,0,14,181
04/23/2014,SLN,KS,ACE,CE,Federal Contract Tower,0,6,9,1,16,0,61,8,1,70,0,67,17,2,86,164,0,164,250
04/24/2014,SLN,KS,ACE,CE,Federal Contract Tower,0,12,8,1,21,0,70,9,13,92,0,82,17,14,113,308,22,330,443
04/25/2014,SLN,KS,ACE,CE,Federal Contract Tower,0,10,13,1,24,0,62,12,13,87,0,72,25,14,111,162,22,184,295
04/26/2014,SLN,KS,ACE,CE,Federal Contract Tower,0,4,13,2,19,0,21,12,9,42,0,25,25,11,61,48,2,50,111
04/27/2014,SLN,KS,ACE,CE,Federal Contract Tower,0,7,16,0,23,0,2,6,0,8,0,9,22,0,31,10,0,10,41
04/28/2014,SLN,KS,ACE,CE,Federal Contract Tower,0,7,6,0,13,0,8,4,0,12,0,15,10,0,25,60,0,60,85
04/29/2014,SLN,KS,ACE,CE,Federal Contract Tower,0,13,9,0,22,0,0,1,2,3,0,13,10,2,25,0,16,16,41
04/30/2014,SLN,KS,ACE,CE,Federal Contract Tower,0,15,17,0,32,0,78,8,10,96,0,93,25,10,128,176,22,198,326
05/01/2014,SLN,KS,ACE,CE,Federal Contract Tower,0,16,11,0,27,0,93,11,14,118,0,109,22,14,145,270,34,304,449
05/02/2014,SLN,KS,ACE,CE,Federal Contract Tower,0,11,11,2,24,0,110,15,14,139,0,121,26,16,163,290,38,328,491
05/03/2014,SLN,KS,ACE,CE,Federal Contract Tower,0,7,9,0,16,0,51,50,6,107,0,58,59,6,123,154,4,158,281
05/04/2014,SLN,KS,ACE,CE,Federal Contract Tower,0,5,7,0,12,0,40,18,0,58,0,45,25,0,70,124,0,124,194
05/05/2014,SLN,KS,ACE,CE,Federal Contract Tower,0,10,16,3,29,0,104,16,0,120,0,114,32,3,149,340,4,344,493
05/06/2014,SLN,KS,ACE,CE,Federal Contract Tower,0,11,11,2,24,0,96,19,7,122,0,107,30,9,146,288,12,300,446
05/07/2014,SLN,KS,ACE,CE,Federal Contract Tower,0,7,2,0,9,0,48,8,2,58,0,55,10,2,67,168,0,168,235
05/08/2014,SLN,KS,ACE,CE,Federal Contract Tower,0,14,14,4,32,0,39,12,0,51,0,53,26,4,83,158,0,158,241
05/09/2014,SLN,KS,ACE,CE,Federal Contract Tower,0,15,13,0,28,0,51,37,0,88,0,66,50,0,116,190,0,190,306
05/10/2014,SLN,KS,ACE,CE,Federal Contract Tower,0,6,7,0,13,0,13,19,0,32,0,19,26,0,45,78,0,78,123
05/11/2014,SLN,KS,ACE,CE,Federal Contract Tower,0,10,2,0,12,0,0,9,0,9,0,10,11,0,21,0,0,0,21
05/12/2014,SLN,KS,ACE,CE,Federal Contract Tower,0,9,12,0,21,0,8,0,0,8,0,17,12,0,29,100,0,100,129
05/13/2014,SLN,KS,ACE,CE,Federal Contract Tower,0,24,9,0,33,0,56,40,0,96,0,80,49,0,129,202,0,202,331
05/14/2014,SLN,KS,ACE,CE,Federal Contract Tower,0,13,16,2,31,0,73,84,2,159,0,86,100,4,190,252,0,252,442
05/15/2014,SLN,KS,ACE,CE,Federal Contract Tower,0,4,21,12,37,0,57,22,16,95,0,61,43,28,132,256,58,314,446
05/16/2014,SLN,KS,ACE,CE,Federal Contract Tower,0,13,10,5,28,0,30,22,14,66,0,43,32,19,94,142,44,186,280
05/17/2014,SLN,KS,ACE,CE,Federal Contract Tower,0,4,11,2,17,0,13,26,5,44,0,17,37,7,61,106,2,108,169
05/18/2014,SLN,KS,ACE,CE,Federal Contract Tower,0,9,16,0,25,0,16,28,0,44,0,25,44,0,69,56,0,56,125
05/19/2014,SLN,KS,ACE,CE,Federal Contract Tower,0,4,17,4,25,0,39,22,2,63,0,43,39,6,88,140,6,146,234
05/20/2014,SLN,KS,ACE,CE,Federal Contract Tower,0,7,19,0,26,0,62,32,1,95,0,69,51,1,121,286,4,290,411
05/21/2014,SLN,KS,ACE,CE,Federal Contract Tower,0,11,9,7,27,0,51,26,14,91,0,62,35,21,118,246,14,260,378
05/22/2014,SLN,KS,ACE,CE,Federal Contract Tower,0,8,18,1,27,0,50,18,1,69,0,58,36,2,96,166,0,166,262
05/23/2014,SLN,KS,ACE,CE,Federal Contract Tower,0,12,3,0,15,1,15,4,0,20,1,27,7,0,35,76,0,76,111
05/24/2014,SLN,KS,ACE,CE,Federal Contract Tower,0,13,6,0,19,0,0,4,0,4,0,13,10,0,23,0,0,0,23
05/25/2014,SLN,KS,ACE,CE,Federal Contract Tower,0,7,2,0,9,0,0,10,0,10,0,7,12,0,19,28,0,28,47
05/26/2014,SLN,KS,ACE,CE,Federal Contract Tower,0,6,8,0,14,0,1,14,0,15,0,7,22,0,29,40,0,40,69
05/27/2014,SLN,KS,ACE,CE,Federal Contract Tower,0,10,7,1,18,0,55,10,5,70,0,65,17,6,88,176,4,180,268
05/28/2014,SLN,KS,ACE,CE,Federal Contract Tower,0,8,3,8,19,0,53,19,6,78,0,61,22,14,97,194,32,226,323
05/29/2014,SLN,KS,ACE,CE,Federal Contract Tower,0,10,15,2,27,0,52,30,17,99,0,62,45,19,126,285,54,339,465
05/30/2014,SLN,KS,ACE,CE,Federal Contract Tower,0,6,13,2,21,0,72,26,1,99,0,78,39,3,120,262,2,264,384
05/31/2014,SLN,KS,ACE,CE,Federal Contract Tower,0,9,11,2,22,0,31,15,0,46,0,40,26,2,68,120,0,120,188
06/01/2014,SLN,KS,ACE,CE,Federal Contract Tower,0,8,12,0,20,0,1,9,0,10,0,9,21,0,30,0,0,0,30
06/02/2014,SLN,KS,ACE,CE,Federal Contract Tower,0,14,17,3,34,0,31,11,6,48,0,45,28,9,82,96,4,100,182
06/03/2014,SLN,KS,ACE,CE,Federal Contract Tower,0,11,13,0,24,0,60,16,2,78,0,71,29,2,102,194,24,218,320
06/04/2014,SLN,KS,ACE,CE,Federal Contract Tower,0,10,13,8,31,0,67,23,9,99,0,77,36,17,130,180,12,192,322
06/05/2014,SLN,KS,ACE,CE,Federal Contract Tower,0,5,9,3,17,0,31,15,11,57,0,36,24,14,74,112,16,128,202
06/06/2014,SLN,KS,ACE,CE,Federal Contract Tower,0,8,15,2,25,0,54,6,2,62,0,62,21,4,87,214,4,218,305
06/07/2014,SLN,KS,ACE,CE,Federal Contract Tower,0,9,1,3,13,0,12,17,3,32,0,21,18,6,45,52,4,56,101
06/08/2014,SLN,KS,ACE,CE,Federal Contract Tower,0,14,8,0,22,0,2,10,0,12,0,16,18,0,34,42,0,42,76
06/09/2014,SLN,KS,ACE,CE,Federal Contract Tower,0,11,4,0,15,0,4,2,0,6,0,15,6,0,21,40,0,40,61
06/10/2014,SLN,KS,ACE,CE,Federal Contract Tower,0,13,19,0,32,0,79,39,0,118,0,92,58,0,150,248,0,248,398
06/11/2014,SLN,KS,ACE,CE,Federal Contract Tower,2,15,28,0,45,0,93,21,0,114,2,108,49,0,159,184,8,192,351
06/12/2014,SLN,KS,ACE,CE,Federal Contract Tower,0,9,17,4,30,0,65,15,1,81,0,74,32,5,111,268,8,276,387
06/13/2014,SLN,KS,ACE,CE,Federal Contract Tower,0,8,7,0,15,0,65,26,8,99,0,73,33,8,114,196,8,204,318
06/14/2014,SLN,KS,ACE,CE,Federal Contract Tower,0,8,7,4,19,0,0,2,25,27,0,8,9,29,46,0,2,2,48
06/15/2014,SLN,KS,ACE,CE,Federal Contract Tower,2,6,19,1,28,0,0,13,9,22,2,6,32,10,50,6,0,6,56
06/16/2014,SLN,KS,ACE,CE,Federal Contract Tower,0,9,10,0,19,0,73,4,20,97,0,82,14,20,116,180,28,208,324
06/17/2014,SLN,KS,ACE,CE,Federal Contract Tower,0,14,7,2,23,0,53,7,9,69,0,67,14,11,92,70,38,108,200
06/18/2014,SLN,KS,ACE,CE,Federal Contract Tower,1,9,11,0,21,0,73,25,60,158,1,82,36,60,179,188,18,206,385
06/19/2014,SLN,KS,ACE,CE,Federal Contract Tower,0,16,15,0,31,0,52,17,54,123,0,68,32,54,154,236,0,236,390
06/20/2014,SLN,KS,ACE,CE,Federal Contract Tower,0,14,5,0,19,0,59,27,50,136,0,73,32,50,155,160,8,168,323
06/21/2014,SLN,KS,ACE,CE,Federal Contract Tower,0,10,8,2,20,0,22,26,6,54,0,32,34,8,74,46,2,48,122
06/22/2014,SLN,KS,ACE,CE,Federal Contract Tower,0,12,2,1,15,0,3,12,2,17,0,15,14,3,32,16,2,18,50
06/23/2014,SLN,KS,ACE,CE,Federal Contract Tower,0,15,8,8,31,0,79,26,70,175,0,94,34,78,206,223,50,273,479
06/24/2014,SLN,KS,ACE,CE,Federal Contract Tower,0,11,9,1,21,0,71,25,48,144,0,82,34,49,165,318,0,318,483
06/25/2014,SLN,KS,ACE,CE,Federal Contract Tower,0,26,14,4,44,0,77,22,56,155,0,103,36,60,199,276,10,286,485
06/26/2014,SLN,KS,ACE,CE,Federal Contract Tower,0,15,9,2,26,0,37,11,22,70,0,52,20,24,96,144,8,152,248
06/27/2014,SLN,KS,ACE,CE,Federal Contract Tower,1,18,13,20,52,0,25,11,4,40,1,43,24,24,92,112,16,128,220
06/28/2014,SLN,KS,ACE,CE,Federal Contract Tower,0,9,11,2,22,0,6,15,1,22,0,15,26,3,44,36,0,36,80
06/29/2014,SLN,KS,ACE,CE,Federal Contract Tower,0,6,6,0,12,0,0,9,0,9,0,6,15,0,21,0,0,0,21
06/30/2014,SLN,KS,ACE,CE,Federal Contract Tower,0,16,3,0,19,0,58,9,1,68,0,74,12,1,87,180,0,180,267
07/01/2014,SLN,KS,ACE,CE,Federal Contract Tower,0,10,15,0,25,0,85,24,1,110,0,95,39,1,135,352,2,354,489
07/02/2014,SLN,KS,ACE,CE,Federal Contract Tower,0,10,5,0,15,0,68,18,2,88,0,78,23,2,103,212,0,212,315
07/03/2014,SLN,KS,ACE,CE,Federal Contract Tower,0,14,9,0,23,0,73,14,0,87,0,87,23,0,110,244,0,244,354
07/04/2014,SLN,KS,ACE,CE,Federal Contract Tower,0,6,0,0,6,0,1,24,0,25,0,7,24,0,31,16,0,16,47
07/05/2014,SLN,KS,ACE,CE,Federal Contract Tower,0,9,9,0,18,0,0,19,0,19,0,9,28,0,37,6,0,6,43
07/06/2014,SLN,KS,ACE,CE,Federal Contract Tower,0,7,13,0,20,0,11,14,0,25,0,18,27,0,45,32,0,32,77
07/07/2014,SLN,KS,ACE,CE,Federal Contract Tower,0,16,21,5,42,0,62,7,0,69,0,78,28,5,111,206,6,212,323
07/08/2014,SLN,KS,ACE,CE,Federal Contract Tower,15,16,5,0,36,83,18,1,0,102,98,34,6,0,138,316,2,318,456
07/09/2014,SLN,KS,ACE,CE,Federal Contract Tower,0,13,14,10,37,0,70,14,2,86,0,83,28,12,123,192,10,202,325
07/10/2014,SLN,KS,ACE,CE,Federal Contract Tower,0,19,10,0,29,0,64,11,6,81,0,83,21,6,110,166,0,166,276
07/11/2014,SLN,KS,ACE,CE,Federal Contract Tower,0,14,18,2,34,0,65,15,1,81,0,79,33,3,115,138,2,140,255
07/12/2014,SLN,KS,ACE,CE,Federal Contract Tower,0,9,3,2,14,0,20,14,5,39,0,29,17,7,53,14,22,36,89
07/13/2014,SLN,KS,ACE,CE,Federal Contract Tower,0,5,13,5,23,0,0,5,15,20,0,5,18,20,43,10,6,16,59
07/14/2014,SLN,KS,ACE,CE,Federal Contract Tower,0,10,12,8,30,0,72,9,5,86,0,82,21,13,116,200,24,224,340
07/15/2014,SLN,KS,ACE,CE,Federal Contract Tower,0,22,10,5,37,0,44,17,22,83,0,66,27,27,120,160,12,172,292
07/16/2014,SLN,KS,ACE,CE,Federal Contract Tower,0,15,19,2,36,0,54,8,18,80,0,69,27,20,116,214,70,284,400
07/17/2014,SLN,KS,ACE,CE,Federal Contract Tower,0,19,7,4,30,0,51,7,33,91,0,70,14,37,121,204,110,314,435
07/18/2014,SLN,KS,ACE,CE,Federal Contract Tower,0,6,7,5,18,0,69,8,5,82,0,75,15,10,100,214,28,242,342
07/19/2014,SLN,KS,ACE,CE,Federal Contract Tower,0,9,12,4,25,0,9,12,3,24,0,18,24,7,49,6,6,12,61
07/20/2014,SLN,KS,ACE,CE,Federal Contract Tower,0,10,9,3,22,0,0,7,9,16,0,10,16,12,38,0,26,26,64
07/21/2014,SLN,KS,ACE,CE,Federal Contract Tower,0,16,11,3,30,0,55,2,17,74,0,71,13,20,104,130,20,150,254
07/22/2014,SLN,KS,ACE,CE,Federal Contract Tower,0,11,8,4,23,0,56,14,22,92,0,67,22,26,115,154,128,282,397
07/23/2014,SLN,KS,ACE,CE,Federal Contract Tower,0,10,18,6,34,0,53,8,7,68,0,63,26,13,102,170,6,176,278
07/24/2014,SLN,KS,ACE,CE,Federal Contract Tower,0,11,16,0,27,0,42,17,3,62,0,53,33,3,89,134,2,136,225
07/25/2014,SLN,KS,ACE,CE,Federal Contract Tower,0,9,6,0,15,0,30,5,7,42,0,39,11,7,57,40,22,62,119
07/26/2014,SLN,KS,ACE,CE,Federal Contract Tower,0,11,7,1,19,0,10,9,3,22,0,21,16,4,41,36,0,36,77
07/27/2014,SLN,KS,ACE,CE,Federal Contract Tower,0,10,12,0,22,0,5,11,0,16,0,15,23,0,38,18,0,18,56
07/28/2014,SLN,KS,ACE,CE,Federal Contract Tower,0,23,12,5,40,0,46,14,7,67,0,69,26,12,107,116,6,122,229
07/29/2014,SLN,KS,ACE,CE,Federal Contract Tower,0,17,14,7,38,0,55,20,8,83,0,72,34,15,121,128,14,142,263
07/30/2014,SLN,KS,ACE,CE,Federal Contract Tower,0,24,24,0,48,0,40,5,2,47,0,64,29,2,95,106,2,108,203
07/31/2014,SLN,KS,ACE,CE,Federal Contract Tower,0,21,15,4,40,0,63,19,5,87,0,84,34,9,127,142,12,154,281
08/01/2014,SLN,KS,ACE,CE,Federal Contract Tower,0,18,9,1,28,0,49,14,1,64,0,67,23,2,92,130,2,132,224
08/02/2014,SLN,KS,ACE,CE,Federal Contract Tower,0,4,11,1,16,0,11,34,3,48,0,15,45,4,64,56,0,56,120
08/03/2014,SLN,KS,ACE,CE,Federal Contract Tower,0,7,10,0,17,0,1,13,5,19,0,8,23,5,36,4,0,4,40
08/04/2014,SLN,KS,ACE,CE,Federal Contract Tower,0,13,13,10,36,0,61,24,12,97,0,74,37,22,133,116,4,120,253
08/05/2014,SLN,KS,ACE,CE,Federal Contract Tower,0,9,6,5,20,0,66,21,18,105,0,75,27,23,125,156,14,170,295
08/06/2014,SLN,KS,ACE,CE,Federal Contract Tower,0,10,13,2,25,0,68,8,19,95,0,78,21,21,120,184,16,200,320
08/07/2014,SLN,KS,ACE,CE,Federal Contract Tower,0,27,11,4,42,0,28,11,29,68,0,55,22,33,110,70,20,90,200
08/08/2014,SLN,KS,ACE,CE,Federal Contract Tower,0,14,20,2,36,0,58,18,0,76,0,72,38,2,112,202,2,204,316
08/09/2014,SLN,KS,ACE,CE,Federal Contract Tower,0,7,8,0,15,0,17,13,2,32,0,24,21,2,47,52,0,52,99
08/10/2014,SLN,KS,ACE,CE,Federal Contract Tower,0,8,13,0,21,0,0,8,0,8,0,8,21,0,29,0,0,0,29
08/11/2014,SLN,KS,ACE,CE,Federal Contract Tower,0,10,4,5,19,0,69,24,0,93,0,79,28,5,112,182,8,190,302
08/12/2014,SLN,KS,ACE,CE,Federal Contract Tower,0,12,15,10,37,0,55,21,3,79,0,67,36,13,116,162,10,172,288
08/13/2014,SLN,KS,ACE,CE,Federal Contract Tower,0,9,16,3,28,0,45,8,6,59,0,54,24,9,87,126,6,132,219
08/14/2014,SLN,KS,ACE,CE,Federal Contract Tower,0,14,16,3,33,0,52,11,3,66,0,66,27,6,99,156,6,162,261
08/15/2014,SLN,KS,ACE,CE,Federal Contract Tower,0,10,11,2,23,0,39,10,0,49,0,49,21,2,72,132,2,134,206
08/16/2014,SLN,KS,ACE,CE,Federal Contract Tower,0,5,14,0,19,0,14,18,0,32,0,19,32,0,51,52,0,52,103
08/17/2014,SLN,KS,ACE,CE,Federal Contract Tower,0,12,18,0,30,0,0,18,0,18,0,12,36,0,48,2,0,2,50
08/18/2014,SLN,KS,ACE,CE,Federal Contract Tower,0,8,16,5,29,0,48,16,1,65,0,56,32,6,94,112,4,116,210
08/19/2014,SLN,KS,ACE,CE,Federal Contract Tower,0,13,6,13,32,0,53,6,6,65,0,66,12,19,97,84,6,90,187
08/20/2014,SLN,KS,ACE,CE,Federal Contract Tower,0,12,11,3,26,0,60,10,0,70,0,72,21,3,96,122,30,152,248
08/21/2014,SLN,KS,ACE,CE,Federal Contract Tower,0,13,8,3,24,0,18,12,9,39,0,31,20,12,63,34,44,78,141
08/22/2014,SLN,KS,ACE,CE,Federal Contract Tower,2,8,7,16,33,0,22,18,15,55,2,30,25,31,88,110,82,192,280
08/23/2014,SLN,KS,ACE,CE,Federal Contract Tower,0,3,10,5,18,0,7,34,1,42,0,10,44,6,60,5,2,7,67
08/24/2014,SLN,KS,ACE,CE,Federal Contract Tower,0,2,5,2,9,0,1,6,0,7,0,3,11,2,16,2,0,2,18
08/25/2014,SLN,KS,ACE,CE,Federal Contract Tower,0,12,9,0,21,0,51,18,0,69,0,63,27,0,90,130,0,130,220
08/26/2014,SLN,KS,ACE,CE,Federal Contract Tower,0,13,8,4,25,0,38,8,4,50,0,51,16,8,75,98,4,102,177
08/27/2014,SLN,KS,ACE,CE,Federal Contract Tower,0,11,6,1,18,0,76,7,5,88,0,87,13,6,106,158,2,160,266
08/28/2014,SLN,KS,ACE,CE,Federal Contract Tower,0,6,13,10,29,0,59,7,0,66,0,65,20,10,95,156,8,164,259
08/29/2014,SLN,KS,ACE,CE,Federal Contract Tower,0,9,9,3,21,0,78,8,4,90,0,87,17,7,111,166,2,168,279
08/30/2014,SLN,KS,ACE,CE,Federal Contract Tower,0,6,6,0,12,0,5,22,0,27,0,11,28,0,39,16,0,16,55
08/31/2014,SLN,KS,ACE,CE,Federal Contract Tower,0,10,6,0,16,0,0,6,0,6,0,10,12,0,22,2,0,2,24
09/01/2014,SLN,KS,ACE,CE,Federal Contract Tower,0,5,14,3,22,0,0,9,0,9,0,5,23,3,31,6,0,6,37
09/02/2014,SLN,KS,ACE,CE,Federal Contract Tower,0,10,21,8,39,0,120,8,0,128,0,130,29,8,167,172,6,178,345
09/03/2014,SLN,KS,ACE,CE,Federal Contract Tower,0,14,12,3,29,0,94,16,1,111,0,108,28,4,140,148,8,156,296
09/04/2014,SLN,KS,ACE,CE,Federal Contract Tower,0,15,9,2,26,0,114,8,0,122,0,129,17,2,148,166,12,178,326
09/05/2014,SLN,KS,ACE,CE,Federal Contract Tower,0,23,9,0,32,0,43,6,21,70,0,66,15,21,102,92,0,92,194
09/06/2014,SLN,KS,ACE,CE,Federal Contract Tower,0,9,7,0,16,0,31,27,27,85,0,40,34,27,101,98,18,116,217
09/07/2014,SLN,KS,ACE,CE,Federal Contract Tower,0,9,8,0,17,0,29,10,1,40,0,38,18,1,57,76,0,76,133
09/08/2014,SLN,KS,ACE,CE,Federal Contract Tower,0,13,14,0,27,0,136,18,0,154,0,149,32,0,181,178,2,180,361
09/09/2014,SLN,KS,ACE,CE,Federal Contract Tower,0,10,13,4,27,0,119,11,1,131,0,129,24,5,158,140,4,144,302
09/10/2014,SLN,KS,ACE,CE,Federal Contract Tower,0,46,13,2,61,0,52,11,4,67,0,98,24,6,128,263,0,263,391
09/11/2014,SLN,KS,ACE,CE,Federal Contract Tower,0,48,25,1,74,0,41,17,13,71,0,89,42,14,145,290,28,318,463
09/12/2014,SLN,KS,ACE,CE,Federal Contract Tower,0,28,16,5,49,0,34,0,9,43,0,62,16,14,92,122,4,126,218
09/13/2014,SLN,KS,ACE,CE,Federal Contract Tower,0,10,11,2,23,0,43,15,0,58,0,53,26,2,81,46,0,46,127
09/14/2014,SLN,KS,ACE,CE,Federal Contract Tower,0,17,15,4,36,0,49,11,3,63,0,66,26,7,99,48,2,50,149
09/15/2014,SLN,KS,ACE,CE,Federal Contract Tower,0,36,16,5,57,0,92,3,0,95,0,128,19,5,152,264,8,272,424
09/16/2014,SLN,KS,ACE,CE,Federal Contract Tower,0,16,10,10,36,0,129,16,0,145,0,145,26,10,181,282,18,300,481
09/17/2014,SLN,KS,ACE,CE,Federal Contract Tower,0,13,8,2,23,0,135,16,4,155,0,148,24,6,178,286,16,302,480
09/18/2014,SLN,KS,ACE,CE,Federal Contract Tower,0,22,23,3,48,0,52,11,7,70,0,74,34,10,118,194,22,216,334
09/19/2014,SLN,KS,ACE,CE,Federal Contract Tower,0,9,17,8,34,0,104,15,1,120,0,113,32,9,154,206,40,246,400
09/20/2014,SLN,KS,ACE,CE,Federal Contract Tower,0,7,8,4,19,0,44,13,1,58,0,51,21,5,77,66,12,78,155
09/21/2014,SLN,KS,ACE,CE,Federal Contract Tower,0,9,7,0,16,0,33,6,0,39,0,42,13,0,55,88,0,88,143
09/22/2014,SLN,KS,ACE,CE,Federal Contract Tower,0,8,4,4,16,0,129,19,0,148,0,137,23,4,164,302,6,308,472
09/23/2014,SLN,KS,ACE,CE,Federal Contract Tower,0,12,2,0,14,0,62,40,2,104,0,74,42,2,118,98,8,106,224
09/24/2014,SLN,KS,ACE,CE,Federal Contract Tower,0,12,11,2,25,0,100,14,3,117,0,112,25,5,142,258,2,260,402
09/25/2014,SLN,KS,ACE,CE,Federal Contract Tower,0,9,16,0,25,0,114,21,0,135,0,123,37,0,160,290,0,290,450
09/26/2014,SLN,KS,ACE,CE,Federal Contract Tower,0,15,11,0,26,0,99,28,4,131,0,114,39,4,157,306,0,306,463
09/27/2014,SLN,KS,ACE,CE,Federal Contract Tower,0,12,11,0,23,0,42,11,0,53,0,54,22,0,76,28,0,28,104
09/28/2014,SLN,KS,ACE,CE,Federal Contract Tower,0,5,21,0,26,0,32,36,0,68,0,37,57,0,94,50,0,50,144
09/29/2014,SLN,KS,ACE,CE,Federal Contract Tower,0,14,22,5,41,1,125,24,0,150,1,139,46,5,191,264,16,280,471
09/30/2014,SLN,KS,ACE,CE,Federal Contract Tower,0,18,14,0,32,0,71,12,0,83,0,89,26,0,115,214,0,214,329
10/01/2014,SLN,KS,ACE,CE,Federal Contract Tower,2,22,11,1,36,0,94,16,2,112,2,116,27,3,148,229,2,231,379
10/02/2014,SLN,KS,ACE,CE,Federal Contract Tower,0,15,10,4,29,0,53,6,1,60,0,68,16,5,89,246,0,246,335
10/03/2014,SLN,KS,ACE,CE,Federal Contract Tower,0,8,9,2,19,0,85,11,0,96,0,93,20,2,115,180,6,186,301
10/04/2014,SLN,KS,ACE,CE,Federal Contract Tower,0,9,6,0,15,0,31,24,7,62,0,40,30,7,77,156,0,156,233
10/05/2014,SLN,KS,ACE,CE,Federal Contract Tower,0,12,21,0,33,0,29,18,0,47,0,41,39,0,80,116,0,116,196
10/06/2014,SLN,KS,ACE,CE,Federal Contract Tower,3,15,10,3,31,0,134,15,3,152,3,149,25,6,183,296,22,318,501
10/07/2014,SLN,KS,ACE,CE,Federal Contract Tower,1,14,11,7,33,1,111,33,2,147,2,125,44,9,180,312,28,340,520
10/08/2014,SLN,KS,ACE,CE,Federal Contract Tower,0,12,7,16,35,0,85,14,12,111,0,97,21,28,146,294,64,358,504
10/09/2014,SLN,KS,ACE,CE,Federal Contract Tower,0,25,10,1,36,0,1,12,0,13,0,26,22,1,49,16,2,18,67
10/10/2014,SLN,KS,ACE,CE,Federal Contract Tower,0,12,6,0,18,0,40,6,0,46,0,52,12,0,64,108,0,108,172
10/11/2014,SLN,KS,ACE,CE,Federal Contract Tower,0,9,15,0,24,0,24,22,0,46,0,33,37,0,70,90,0,90,160
10/12/2014,SLN,KS,ACE,CE,Federal Contract Tower,0,9,18,0,27,0,19,8,0,27,0,28,26,0,54,62,0,62,116
10/13/2014,SLN,KS,ACE,CE,Federal Contract Tower,0,11,10,0,21,1,20,0,0,21,1,31,10,0,42,50,0,50,92
10/14/2014,SLN,KS,ACE,CE,Federal Contract Tower,2,13,9,8,32,1,119,11,2,133,3,132,20,10,165,382,46,428,593
10/15/2014,SLN,KS,ACE,CE,Federal Contract Tower,0,14,9,3,26,0,110,11,2,123,0,124,20,5,149,360,4,364,513
10/16/2014,SLN,KS,ACE,CE,Federal Contract Tower,0,8,9,2,19,0,95,9,5,109,0,103,18,7,128,262,10,272,400
10/17/2014,SLN,KS,ACE,CE,Federal Contract Tower,4,12,11,1,28,0,87,24,3,114,4,99,35,4,142,340,0,340,482
10/18/2014,SLN,KS,ACE,CE,Federal Contract Tower,0,9,3,3,15,0,52,11,0,63,0,61,14,3,78,112,0,112,190
10/19/2014,SLN,KS,ACE,CE,Federal Contract Tower,2,7,13,1,23,0,18,10,0,28,2,25,23,1,51,44,0,44,95
10/20/2014,SLN,KS,ACE,CE,Federal Contract Tower,3,7,4,15,29,0,91,17,0,108,3,98,21,15,137,212,14,226,363
10/21/2014,SLN,KS,ACE,CE,Federal Contract Tower,1,11,18,7,37,0,99,17,64,180,1,110,35,71,217,260,2,262,479
10/22/2014,SLN,KS,ACE,CE,Federal Contract Tower,0,9,15,3,27,0,59,11,84,154,0,68,26,87,181,196,16,212,393
10/23/2014,SLN,KS,ACE,CE,Federal Contract Tower,0,17,21,5,43,0,105,12,113,230,0,122,33,118,273,316,26,342,615
10/24/2014,SLN,KS,ACE,CE,Federal Contract Tower,0,14,20,4,38,0,43,17,75,135,0,57,37,79,173,188,6,194,367
10/25/2014,SLN,KS,ACE,CE,Federal Contract Tower,0,11,6,1,18,0,29,16,3,48,0,40,22,4,66,80,10,90,156
10/26/2014,SLN,KS,ACE,CE,Federal Contract Tower,0,15,5,2,22,0,16,19,0,35,0,31,24,2,57,28,0,28,85
10/27/2014,SLN,KS,ACE,CE,Federal Contract Tower,0,11,9,11,31,0,83,11,64,158,0,94,20,75,189,154,8,162,351
10/28/2014,SLN,KS,ACE,CE,Federal Contract Tower,0,13,4,5,22,0,103,18,68,189,0,116,22,73,211,330,6,336,547
10/29/2014,SLN,KS,ACE,CE,Federal Contract Tower,0,8,13,5,26,0,105,19,72,196,0,113,32,77,222,278,8,286,508
10/30/2014,SLN,KS,ACE,CE,Federal Contract Tower,5,9,12,17,43,0,86,8,2,96,5,95,20,19,139,288,8,296,435
10/31/2014,SLN,KS,ACE,CE,Federal Contract Tower,2,13,11,3,29,0,69,13,0,82,2,82,24,3,111,234,0,234,345
11/01/2014,SLN,KS,ACE,CE,Federal Contract Tower,0,5,7,0,12,0,18,9,1,28,0,23,16,1,40,48,0,48,88
11/02/2014,SLN,KS,ACE,CE,Federal Contract Tower,0,8,2,0,10,0,10,2,0,12,0,18,4,0,22,6,0,6,28
11/03/2014,SLN,KS,ACE,CE,Federal Contract Tower,0,8,8,0,16,0,61,3,0,64,0,69,11,0,80,110,0,110,190
11/04/2014,SLN,KS,ACE,CE,Federal Contract Tower,0,14,9,4,27,0,110,10,5,125,0,124,19,9,152,380,28,408,560
11/05/2014,SLN,KS,ACE,CE,Federal Contract Tower,0,12,7,8,27,0,108,12,6,126,0,120,19,14,153,326,20,346,499
11/06/2014,SLN,KS,ACE,CE,Federal Contract Tower,0,9,10,2,21,0,100,11,0,111,0,109,21,2,132,308,14,322,454
11/07/2014,SLN,KS,ACE,CE,Federal Contract Tower,0,13,19,5,37,0,69,10,2,81,0,82,29,7,118,216,28,244,362
11/08/2014,SLN,KS,ACE,CE,Federal Contract Tower,0,15,10,0,25,0,48,11,4,63,0,63,21,4,88,194,0,194,282
11/09/2014,SLN,KS,ACE,CE,Federal Contract Tower,0,14,3,0,17,0,29,15,1,45,0,43,18,1,62,92,0,92,154
11/10/2014,SLN,KS,ACE,CE,Federal Contract Tower,0,7,7,5,19,0,64,12,5,81,0,71,19,10,100,248,10,258,358
11/11/2014,SLN,KS,ACE,CE,Federal Contract Tower,0,9,11,0,20,0,94,5,0,99,0,103,16,0,119,278,0,278,397
11/12/2014,SLN,KS,ACE,CE,Federal Contract Tower,0,7,8,0,15,0,103,6,0,109,0,110,14,0,124,318,4,322,446
11/13/2014,SLN,KS,ACE,CE,Federal Contract Tower,0,8,10,1,19,0,99,12,8,119,0,107,22,9,138,342,46,388,526
11/14/2014,SLN,KS,ACE,CE,Federal Contract Tower,0,9,11,1,21,0,108,11,4,123,0,117,22,5,144,386,20,406,550
11/15/2014,SLN,KS,ACE,CE,Federal Contract Tower,0,5,1,0,6,0,3,3,0,6,0,8,4,0,12,22,0,22,34
11/16/2014,SLN,KS,ACE,CE,Federal Contract Tower,0,6,9,0,15,0,27,5,0,32,0,33,14,0,47,54,0,54,101
11/17/2014,SLN,KS,ACE,CE,Federal Contract Tower,0,8,11,2,21,0,91,10,0,101,0,99,21,2,122,274,4,278,400
11/18/2014,SLN,KS,ACE,CE,Federal Contract Tower,0,19,12,1,32,0,96,14,3,113,0,115,26,4,145,426,2,428,573
11/19/2014,SLN,KS,ACE,CE,Federal Contract Tower,0,7,13,0,20,0,104,20,6,130,0,111,33,6,150,362,28,390,540
11/20/2014,SLN,KS,ACE,CE,Federal Contract Tower,0,5,15,7,27,0,117,21,2,140,0,122,36,9,167,466,46,512,679
11/21/2014,SLN,KS,ACE,CE,Federal Contract Tower,0,5,16,2,23,0,17,5,0,22,0,22,21,2,45,108,6,114,159
11/22/2014,SLN,KS,ACE,CE,Federal Contract Tower,0,10,9,0,19,0,0,0,0,0,0,10,9,0,19,0,0,0,19
11/23/2014,SLN,KS,ACE,CE,Federal Contract Tower,0,7,9,0,16,0,3,3,0,6,0,10,12,0,22,4,0,4,26
11/24/2014,SLN,KS,ACE,CE,Federal Contract Tower,0,12,1,6,19,0,37,18,4,59,0,49,19,10,78,190,8,198,276
11/25/2014,SLN,KS,ACE,CE,Federal Contract Tower,0,12,11,8,31,0,57,26,5,88,0,69,37,13,119,218,6,224,343
11/26/2014,SLN,KS,ACE,CE,Federal Contract Tower,0,8,10,0,18,0,15,13,7,35,0,23,23,7,53,66,14,80,133
11/27/2014,SLN,KS,ACE,CE,Federal Contract Tower,0,10,5,0,15,0,0,14,0,14,0,10,19,0,29,0,0,0,29
11/28/2014,SLN,KS,ACE,CE,Federal Contract Tower,0,15,2,0,17,0,0,19,0,19,0,15,21,0,36,4,0,4,40
11/29/2014,SLN,KS,ACE,CE,Federal Contract Tower,0,5,17,0,22,0,1,20,0,21,0,6,37,0,43,2,0,2,45
11/30/2014,SLN,KS,ACE,CE,Federal Contract Tower,0,9,10,0,19,0,0,6,0,6,0,9,16,0,25,0,0,0,25
12/01/2014,SLN,KS,ACE,CE,Federal Contract Tower,0,10,9,4,23,0,79,13,1,93,0,89,22,5,116,396,6,402,518
12/02/2014,SLN,KS,ACE,CE,Federal Contract Tower,0,11,16,7,34,0,104,10,5,119,0,115,26,12,153,246,10,256,409
12/03/2014,SLN,KS,ACE,CE,Federal Contract Tower,0,15,19,4,38,0,103,15,3,121,0,118,34,7,159,308,20,328,487
12/04/2014,SLN,KS,ACE,CE,Federal Contract Tower,0,9,14,8,31,0,101,4,4,109,0,110,18,12,140,360,16,376,516
12/05/2014,SLN,KS,ACE,CE,Federal Contract Tower,0,11,13,7,31,0,32,4,8,44,0,43,17,15,75,142,8,150,225
12/06/2014,SLN,KS,ACE,CE,Federal Contract Tower,0,5,3,0,8,0,0,0,0,0,0,5,3,0,8,0,0,0,8
12/07/2014,SLN,KS,ACE,CE,Federal Contract Tower,2,10,3,0,15,0,2,0,0,2,2,12,3,0,17,26,0,26,43
12/08/2014,SLN,KS,ACE,CE,Federal Contract Tower,0,15,12,4,31,0,116,20,2,138,0,131,32,6,169,299,44,343,512
12/09/2014,SLN,KS,ACE,CE,Federal Contract Tower,0,19,7,2,28,0,89,22,3,114,0,108,29,5,142,290,12,302,444
12/10/2014,SLN,KS,ACE,CE,Federal Contract Tower,0,13,11,4,28,0,61,8,4,73,0,74,19,8,101,348,14,362,463
12/11/2014,SLN,KS,ACE,CE,Federal Contract Tower,0,5,20,1,26,0,4,0,0,4,0,9,20,1,30,14,0,14,44
12/12/2014,SLN,KS,ACE,CE,Federal Contract Tower,0,10,16,5,31,0,15,12,7,34,0,25,28,12,65,110,12,122,187
12/13/2014,SLN,KS,ACE,CE,Federal Contract Tower,0,14,5,0,19,0,0,0,0,0,0,14,5,0,19,0,0,0,19
12/14/2014,SLN,KS,ACE,CE,Federal Contract Tower,0,6,5,0,11,0,0,0,0,0,0,6,5,0,11,0,0,0,11
12/15/2014,SLN,KS,ACE,CE,Federal Contract Tower,0,3,12,1,16,0,9,3,1,13,0,12,15,2,29,58,6,64,93
12/16/2014,SLN,KS,ACE,CE,Federal Contract Tower,0,8,20,0,28,0,84,11,4,99,0,92,31,4,127,282,8,290,417
12/17/2014,SLN,KS,ACE,CE,Federal Contract Tower,0,5,9,0,14,0,7,6,3,16,0,12,15,3,30,48,0,48,78
12/18/2014,SLN,KS,ACE,CE,Federal Contract Tower,0,9,15,0,24,0,0,0,0,0,0,9,15,0,24,8,0,8,32
12/19/2014,SLN,KS,ACE,CE,Federal Contract Tower,0,7,14,0,21,0,1,2,12,15,0,8,16,12,36,1,62,63,99
12/20/2014,SLN,KS,ACE,CE,Federal Contract Tower,0,6,15,0,21,0,21,22,0,43,0,27,37,0,64,44,0,44,108
12/21/2014,SLN,KS,ACE,CE,Federal Contract Tower,0,6,10,0,16,0,0,0,0,0,0,6,10,0,16,0,0,0,16
12/22/2014,SLN,KS,ACE,CE,Federal Contract Tower,0,10,21,0,31,0,46,8,0,54,0,56,29,0,85,60,9,69,154
12/23/2014,SLN,KS,ACE,CE,Federal Contract Tower,0,7,17,0,24,0,8,0,3,11,0,15,17,3,35,38,0,38,73
12/24/2014,SLN,KS,ACE,CE,Federal Contract Tower,0,5,13,0,18,0,11,7,0,18,0,16,20,0,36,60,0,60,96
12/25/2014,SLN,KS,ACE,CE,Federal Contract Tower,0,7,5,0,12,0,0,7,0,7,0,7,12,0,19,0,0,0,19
12/26/2014,SLN,KS,ACE,CE,Federal Contract Tower,1,9,15,0,25,0,0,0,0,0,1,9,15,0,25,0,0,0,25
12/27/2014,SLN,KS,ACE,CE,Federal Contract Tower,0,7,23,3,33,0,1,11,2,14,0,8,34,5,47,2,22,24,71
12/28/2014,SLN,KS,ACE,CE,Federal Contract Tower,0,8,9,0,17,0,1,20,3,24,0,9,29,3,41,0,0,0,41
12/29/2014,SLN,KS,ACE,CE,Federal Contract Tower,0,8,8,0,16,0,24,9,0,33,0,32,17,0,49,142,0,142,191
12/30/2014,SLN,KS,ACE,CE,Federal Contract Tower,0,11,11,0,22,0,10,0,0,10,0,21,11,0,32,50,0,50,82
12/31/2014,SLN,KS,ACE,CE,Federal Contract Tower,0,8,9,0,17,0,25,6,2,33,0,33,15,2,50,26,0,26,76
01/01/2015,SLN,KS,ACE,CE,Federal Contract Tower,0,5,15,0,20,0,0,9,0,9,0,5,24,0,29,4,0,4,33
01/02/2015,SLN,KS,ACE,CE,Federal Contract Tower,0,6,16,0,22,0,0,10,0,10,0,6,26,0,32,8,0,8,40
01/03/2015,SLN,KS,ACE,CE,Federal Contract Tower,0,5,10,0,15,0,0,0,0,0,0,5,10,0,15,0,0,0,15
01/04/2015,SLN,KS,ACE,CE,Federal Contract Tower,0,7,11,0,18,0,0,5,4,9,0,7,16,4,27,6,0,6,33
01/05/2015,SLN,KS,ACE,CE,Federal Contract Tower,0,9,12,0,21,0,27,10,0,37,0,36,22,0,58,114,0,114,172
01/06/2015,SLN,KS,ACE,CE,Federal Contract Tower,0,10,8,4,22,0,42,10,2,54,0,52,18,6,76,210,0,210,286
01/07/2015,SLN,KS,ACE,CE,Federal Contract Tower,3,12,14,2,31,0,31,4,1,36,3,43,18,3,67,142,4,146,213
01/08/2015,SLN,KS,ACE,CE,Federal Contract Tower,0,13,15,2,30,0,36,8,5,49,0,49,23,7,79,126,26,152,231
01/10/2015,SLN,KS,ACE,CE,Federal Contract Tower,0,4,3,5,12,0,11,2,11,24,0,15,5,16,36,60,38,98,134
01/11/2015,SLN,KS,ACE,CE,Federal Contract Tower,0,2,6,0,8,0,2,2,0,4,0,4,8,0,12,2,0,2,14
01/12/2015,SLN,KS,ACE,CE,Federal Contract Tower,0,9,11,13,33,0,54,9,0,63,0,63,20,13,96,240,12,252,348
01/13/2015,SLN,KS,ACE,CE,Federal Contract Tower,0,14,12,2,28,0,46,9,3,58,0,60,21,5,86,238,8,246,332
01/14/2015,SLN,KS,ACE,CE,Federal Contract Tower,0,13,8,2,23,0,51,19,5,75,0,64,27,7,98,224,36,260,358
01/15/2015,SLN,KS,ACE,CE,Federal Contract Tower,2,10,8,0,20,0,63,21,0,84,2,73,29,0,104,268,0,268,372
01/16/2015,SLN,KS,ACE,CE,Federal Contract Tower,0,7,4,0,11,0,38,21,0,59,0,45,25,0,70,212,0,212,282
01/17/2015,SLN,KS,ACE,CE,Federal Contract Tower,0,4,9,0,13,0,12,8,0,20,0,16,17,0,33,26,0,26,59
01/18/2015,SLN,KS,ACE,CE,Federal Contract Tower,0,14,12,0,26,0,11,25,0,36,0,25,37,0,62,50,0,50,112
01/19/2015,SLN,KS,ACE,CE,Federal Contract Tower,0,5,18,0,23,0,1,24,0,25,0,6,42,0,48,12,0,12,60
01/20/2015,SLN,KS,ACE,CE,Federal Contract Tower,0,12,10,5,27,0,70,15,2,87,0,82,25,7,114,330,0,330,444
01/21/2015,SLN,KS,ACE,CE,Federal Contract Tower,0,10,13,7,30,0,99,12,3,114,0,109,25,10,144,277,16,293,437
01/22/2015,SLN,KS,ACE,CE,Federal Contract Tower,0,13,13,7,33,0,91,17,6,114,0,104,30,13,147,228,42,270,417
01/23/2015,SLN,KS,ACE,CE,Federal Contract Tower,0,7,12,4,23,0,86,13,13,112,0,93,25,17,135,182,18,200,335
01/24/2015,SLN,KS,ACE,CE,Federal Contract Tower,0,6,7,4,17,0,39,13,2,54,0,45,20,6,71,86,0,86,157
01/25/2015,SLN,KS,ACE,CE,Federal Contract Tower,0,5,7,2,14,0,14,3,3,20,0,19,10,5,34,12,0,12,46
01/26/2015,SLN,KS,ACE,CE,Federal Contract Tower,0,9,18,3,30,0,72,22,0,94,0,81,40,3,124,162,0,162,286
01/27/2015,SLN,KS,ACE,CE,Federal Contract Tower,0,14,7,0,21,0,87,26,0,113,0,101,33,0,134,200,0,200,334
01/28/2015,SLN,KS,ACE,CE,Federal Contract Tower,0,12,9,3,24,0,85,20,2,107,0,97,29,5,131,234,0,234,365
01/29/2015,SLN,KS,ACE,CE,Federal Contract Tower,2,13,13,3,31,0,79,11,3,93,2,92,24,6,124,244,18,262,386
01/30/2015,SLN,KS,ACE,CE,Federal Contract Tower,0,17,21,1,39,0,80,13,0,93,0,97,34,1,132,210,0,210,342
01/31/2015,SLN,KS,ACE,CE,Federal Contract Tower,0,2,7,0,9,0,0,0,0,0,0,2,7,0,9,0,0,0,9
02/01/2015,SLN,KS,ACE,CE,Federal Contract Tower,0,8,3,2,13,0,0,1,0,1,0,8,4,2,14,0,0,0,14
02/02/2015,SLN,KS,ACE,CE,Federal Contract Tower,0,14,24,0,38,6,66,3,0,75,6,80,27,0,113,106,0,106,219
02/03/2015,SLN,KS,ACE,CE,Federal Contract Tower,0,23,4,1,28,0,92,21,4,117,0,115,25,5,145,264,0,264,409
02/04/2015,SLN,KS,ACE,CE,Federal Contract Tower,0,6,9,1,16,0,10,0,0,10,0,16,9,1,26,36,0,36,62
02/05/2015,SLN,KS,ACE,CE,Federal Contract Tower,0,13,14,6,33,0,98,8,13,119,0,111,22,19,152,240,6,246,398
02/06/2015,SLN,KS,ACE,CE,Federal Contract Tower,0,9,11,5,25,0,102,33,9,144,0,111,44,14,169,252,20,272,441
02/07/2015,SLN,KS,ACE,CE,Federal Contract Tower,0,3,9,3,15,0,32,24,21,77,0,35,33,24,92,98,26,124,216
02/08/2015,SLN,KS,ACE,CE,Federal Contract Tower,0,8,4,4,16,0,23,28,0,51,0,31,32,4,67,92,6,98,165
02/09/2015,SLN,KS,ACE,CE,Federal Contract Tower,0,8,12,0,20,0,0,0,0,0,0,8,12,0,20,1,0,1,21
02/10/2015,SLN,KS,ACE,CE,Federal Contract Tower,0,12,11,2,25,0,54,9,7,70,0,66,20,9,95,170,16,186,281
02/11/2015,SLN,KS,ACE,CE,Federal Contract Tower,0,11,18,4,33,0,94,9,0,103,0,105,27,4,136,206,12,218,354
02/12/2015,SLN,KS,ACE,CE,Federal Contract Tower,0,18,14,0,32,0,74,20,0,94,0,92,34,0,126,198,0,198,324
02/13/2015,SLN,KS,ACE,CE,Federal Contract Tower,0,8,12,2,22,0,76,19,0,95,0,84,31,2,117,176,18,194,311
02/14/2015,SLN,KS,ACE,CE,Federal Contract Tower,0,8,6,0,14,0,14,31,0,45,0,22,37,0,59,40,0,40,99
02/15/2015,SLN,KS,ACE,CE,Federal Contract Tower,0,5,8,0,13,0,11,16,0,27,0,16,24,0,40,38,0,38,78
02/16/2015,SLN,KS,ACE,CE,Federal Contract Tower,0,10,8,0,18,0,111,14,0,125,0,121,22,0,143,224,0,224,367
02/17/2015,SLN,KS,ACE,CE,Federal Contract Tower,0,4,8,2,14,0,58,11,0,69,0,62,19,2,83,176,28,204,287
02/18/2015,SLN,KS,ACE,CE,Federal Contract Tower,0,23,19,1,43,0,92,13,0,105,0,115,32,1,148,194,0,194,342
02/19/2015,SLN,KS,ACE,CE,Federal Contract Tower,0,7,10,4,21,0,99,15,6,120,0,106,25,10,141,182,6,188,329
02/20/2015,SLN,KS,ACE,CE,Federal Contract Tower,0,8,20,2,30,0,79,30,4,113,0,87,50,6,143,190,26,216,359
02/21/2015,SLN,KS,ACE,CE,Federal Contract Tower,0,13,6,0,19,0,29,28,2,59,0,42,34,2,78,90,20,110,188
02/22/2015,SLN,KS,ACE,CE,Federal Contract Tower,0,3,10,0,13,0,6,0,0,6,0,9,10,0,19,26,0,26,45
02/23/2015,SLN,KS,ACE,CE,Federal Contract Tower,0,18,6,6,30,0,105,42,4,151,0,123,48,10,181,274,24,298,479
02/24/2015,SLN,KS,ACE,CE,Federal Contract Tower,0,18,21,6,45,0,97,29,6,132,0,115,50,12,177,198,30,228,405
02/25/2015,SLN,KS,ACE,CE,Federal Contract Tower,0,18,27,6,51,0,67,22,0,89,0,85,49,6,140,152,0,152,292
02/26/2015,SLN,KS,ACE,CE,Federal Contract Tower,0,12,14,2,28,0,92,16,0,108,0,104,30,2,136,234,0,234,370
02/27/2015,SLN,KS,ACE,CE,Federal Contract Tower,0,9,18,0,27,0,56,11,1,68,0,65,29,1,95,138,38,176,271
02/28/2015,SLN,KS,ACE,CE,Federal Contract Tower,0,3,0,0,3,0,0,0,2,2,0,3,0,2,5,2,0,2,7
03/01/2015,SLN,KS,ACE,CE,Federal Contract Tower,0,7,10,1,18,0,0,13,1,14,0,7,23,2,32,30,0,30,62
03/02/2015,SLN,KS,ACE,CE,Federal Contract Tower,0,12,13,8,33,0,88,6,15,109,0,100,19,23,142,196,6,202,344
03/03/2015,SLN,KS,ACE,CE,Federal Contract Tower,0,20,19,1,40,0,73,3,4,80,0,93,22,5,120,218,16,234,354
03/04/2015,SLN,KS,ACE,CE,Federal Contract Tower,0,10,11,8,29,0,101,5,2,108,0,111,16,10,137,226,2,228,365
03/05/2015,SLN,KS,ACE,CE,Federal Contract Tower,0,13,9,0,22,23,98,21,6,148,23,111,30,6,170,354,40,394,564
03/06/2015,SLN,KS,ACE,CE,Federal Contract Tower,0,18,11,0,29,12,96,14,3,125,12,114,25,3,154,164,22,186,340
03/07/2015,SLN,KS,ACE,CE,Federal Contract Tower,1,11,6,1,19,0,29,39,11,79,1,40,45,12,98,66,28,94,192
03/08/2015,SLN,KS,ACE,CE,Federal Contract Tower,0,3,12,7,22,0,10,30,5,45,0,13,42,12,67,28,26,54,121
03/09/2015,SLN,KS,ACE,CE,Federal Contract Tower,8,9,15,5,37,0,92,22,0,114,8,101,37,5,151,245,6,251,402
03/10/2015,SLN,KS,ACE,CE,Federal Contract Tower,0,26,3,0,29,4,78,22,2,106,4,104,25,2,135,262,0,262,397
03/11/2015,SLN,KS,ACE,CE,Federal Contract Tower,2,13,12,1,28,0,95,21,5,121,2,108,33,6,149,296,18,314,463
03/12/2015,SLN,KS,ACE,CE,Federal Contract Tower,0,25,6,1,32,0,87,25,2,114,0,112,31,3,146,238,0,238,384
03/13/2015,SLN,KS,ACE,CE,Federal Contract Tower,6,7,15,3,31,2,48,11,4,65,8,55,26,7,96,180,4,184,280
03/14/2015,SLN,KS,ACE,CE,Federal Contract Tower,4,2,13,0,19,1,1,20,2,24,5,3,33,2,43,42,0,42,85
03/15/2015,SLN,KS,ACE,CE,Federal Contract Tower,0,4,6,1,11,0,9,9,0,18,0,13,15,1,29,14,0,14,43
03/16/2015,SLN,KS,ACE,CE,Federal Contract Tower,0,9,5,0,14,3,43,8,0,54,3,52,13,0,68,158,0,158,226
03/17/2015,SLN,KS,ACE,CE,Federal Contract Tower,0,4,8,2,14,0,57,11,2,70,0,61,19,4,84,126,12,138,222
03/18/2015,SLN,KS,ACE,CE,Federal Contract Tower,0,7,14,5,26,0,41,3,4,48,0,48,17,9,74,116,66,182,256
03/19/2015,SLN,KS,ACE,CE,Federal Contract Tower,0,4,10,6,20,0,11,0,0,11,0,15,10,6,31,76,0,76,107
03/20/2015,SLN,KS,ACE,CE,Federal Contract Tower,0,13,17,6,36,0,57,18,4,79,0,70,35,10,115,178,20,198,313
03/21/2015,SLN,KS,ACE,CE,Federal Contract Tower,0,13,20,2,35,0,11,17,0,28,0,24,37,2,63,46,0,46,109
03/22/2015,SLN,KS,ACE,CE,Federal Contract Tower,0,10,15,0,25,3,18,18,0,39,3,28,33,0,64,88,0,88,152
03/23/2015,SLN,KS,ACE,CE,Federal Contract Tower,0,7,16,2,25,0,77,11,0,88,0,84,27,2,113,212,10,222,335
03/24/2015,SLN,KS,ACE,CE,Federal Contract Tower,0,20,14,7,41,0,35,11,0,46,0,55,25,7,87,152,0,152,239
03/25/2015,SLN,KS,ACE,CE,Federal Contract Tower,0,11,21,0,32,0,53,6,7,66,0,64,27,7,98,136,0,136,234
03/26/2015,SLN,KS,ACE,CE,Federal Contract Tower,0,13,16,0,29,0,101,12,11,124,0,114,28,11,153,342,26,368,521
03/27/2015,SLN,KS,ACE,CE,Federal Contract Tower,0,21,13,0,34,0,93,15,19,127,0,114,28,19,161,258,72,330,491
03/28/2015,SLN,KS,ACE,CE,Federal Contract Tower,0,18,10,1,29,0,36,16,5,57,0,54,26,6,86,72,16,88,174
03/29/2015,SLN,KS,ACE,CE,Federal Contract Tower,0,9,11,0,20,0,49,9,0,58,0,58,20,0,78,76,0,76,154
03/30/2015,SLN,KS,ACE,CE,Federal Contract Tower,0,9,9,0,18,0,104,17,0,121,0,113,26,0,139,276,0,276,415
03/31/2015,SLN,KS,ACE,CE,Federal Contract Tower,0,7,16,3,26,0,60,11,2,73,0,67,27,5,99,216,0,216,315
04/01/2015,SLN,KS,ACE,CE,Federal Contract Tower,0,9,10,3,22,0,102,6,2,110,0,111,16,5,132,240,10,250,382
04/02/2015,SLN,KS,ACE,CE,Federal Contract Tower,2,23,19,0,44,0,107,11,0,118,2,130,30,0,162,304,2,306,468
04/03/2015,SLN,KS,ACE,CE,Federal Contract Tower,1,11,17,2,31,0,80,7,1,88,1,91,24,3,119,118,2,120,239
04/04/2015,SLN,KS,ACE,CE,Federal Contract Tower,0,8,6,0,14,0,21,12,0,33,0,29,18,0,47,84,0,84,131
04/05/2015,SLN,KS,ACE,CE,Federal Contract Tower,0,5,7,0,12,0,3,3,0,6,0,8,10,0,18,0,0,0,18
04/06/2015,SLN,KS,ACE,CE,Federal Contract Tower,6,10,11,0,27,0,57,7,0,64,6,67,18,0,91,194,0,194,285
04/07/2015,SLN,KS,ACE,CE,Federal Contract Tower,5,18,14,13,50,0,63,12,4,79,5,81,26,17,129,170,20,190,319
04/08/2015,SLN,KS,ACE,CE,Federal Contract Tower,0,25,16,1,42,0,1,2,1,4,0,26,18,2,46,2,0,2,48
04/09/2015,SLN,KS,ACE,CE,Federal Contract Tower,0,10,13,5,28,0,24,2,18,44,0,34,15,23,72,88,64,152,224
04/10/2015,SLN,KS,ACE,CE,Federal Contract Tower,2,17,16,33,68,0,94,17,7,118,2,111,33,40,186,306,26,332,518
04/11/2015,SLN,KS,ACE,CE,Federal Contract Tower,0,9,8,2,19,0,21,32,9,62,0,30,40,11,81,8,10,18,99
04/12/2015,SLN,KS,ACE,CE,Federal Contract Tower,0,4,5,2,11,0,24,4,2,30,0,28,9,4,41,54,2,56,97
04/13/2015,SLN,KS,ACE,CE,Federal Contract Tower,0,12,10,10,32,0,97,15,9,121,0,109,25,19,153,212,96,308,461
04/14/2015,SLN,KS,ACE,CE,Federal Contract Tower,0,9,10,8,27,0,103,22,6,131,0,112,32,14,158,234,14,248,406
04/15/2015,SLN,KS,ACE,CE,Federal Contract Tower,1,28,10,9,48,0,60,6,2,68,1,88,16,11,116,260,50,310,426
04/16/2015,SLN,KS,ACE,CE,Federal Contract Tower,0,7,10,1,18,0,69,2,2,73,0,76,12,3,91,244,18,262,353
04/17/2015,SLN,KS,ACE,CE,Federal Contract Tower,2,7,12,14,35,0,37,5,7,49,2,44,17,21,84,104,42,146,230
04/18/2015,SLN,KS,ACE,CE,Federal Contract Tower,0,14,5,0,19,0,7,0,0,7,0,21,5,0,26,14,0,14,40
04/19/2015,SLN,KS,ACE,CE,Federal Contract Tower,0,4,8,0,12,0,7,1,0,8,0,11,9,0,20,12,0,12,32
04/20/2015,SLN,KS,ACE,CE,Federal Contract Tower,0,16,14,0,30,0,95,23,0,118,0,111,37,0,148,164,20,184,332
04/21/2015,SLN,KS,ACE,CE,Federal Contract Tower,2,13,22,4,41,0,123,15,3,141,2,136,37,7,182,408,8,416,598
04/22/2015,SLN,KS,ACE,CE,Federal Contract Tower,0,15,11,20,46,0,90,11,5,106,0,105,22,25,152,198,4,202,354
04/23/2015,SLN,KS,ACE,CE,Federal Contract Tower,0,14,24,1,39,0,77,4,11,92,0,91,28,12,131,296,0,296,427
04/24/2015,SLN,KS,ACE,CE,Federal Contract Tower,0,15,14,6,35,0,10,0,4,14,0,25,14,10,49,32,48,80,129
04/25/2015,SLN,KS,ACE,CE,Federal Contract Tower,0,11,13,0,24,0,24,5,2,31,0,35,18,2,55,102,0,102,157
04/26/2015,SLN,KS,ACE,CE,Federal Contract Tower,0,19,16,0,35,0,0,1,0,1,0,19,17,0,36,0,0,0,36
04/27/2015,SLN,KS,ACE,CE,Federal Contract Tower,0,17,13,3,33,0,87,19,1,107,0,104,32,4,140,320,2,322,462
04/28/2015,SLN,KS,ACE,CE,Federal Contract Tower,0,5,13,5,23,0,120,24,20,164,0,125,37,25,187,388,38,426,613
04/29/2015,SLN,KS,ACE,CE,Federal Contract Tower,0,12,11,5,28,0,91,17,6,114,0,103,28,11,142,344,20,364,506
04/30/2015,SLN,KS,ACE,CE,Federal Contract Tower,0,11,11,3,25,0,88,11,18,117,0,99,22,21,142,268,70,338,480
05/01/2015,SLN,KS,ACE,CE,Federal Contract Tower,0,11,15,1,27,0,80,9,1,90,0,91,24,2,117,322,2,324,441
05/02/2015,SLN,KS,ACE,CE,Federal Contract Tower,0,7,5,0,12,0,33,10,0,43,0,40,15,0,55,76,0,76,131
05/03/2015,SLN,KS,ACE,CE,Federal Contract Tower,0,22,14,1,37,0,9,12,0,21,0,31,26,1,58,46,2,48,106
05/04/2015,SLN,KS,ACE,CE,Federal Contract Tower,0,13,14,2,29,0,61,4,6,71,0,74,18,8,100,228,2,230,330
05/05/2015,SLN,KS,ACE,CE,Federal Contract Tower,0,15,14,2,31,0,82,6,5,93,0,97,20,7,124,232,8,240,364
05/06/2015,SLN,KS,ACE,CE,Federal Contract Tower,0,21,12,2,35,0,10,3,2,15,0,31,15,4,50,92,20,112,162
05/07/2015,SLN,KS,ACE,CE,Federal Contract Tower,0,18,13,4,35,0,52,16,5,73,0,70,29,9,108,242,30,272,380
05/08/2015,SLN,KS,ACE,CE,Federal Contract Tower,0,17,15,2,34,0,32,2,0,34,0,49,17,2,68,268,0,268,336
05/09/2015,SLN,KS,ACE,CE,Federal Contract Tower,0,15,5,0,20,0,6,0,0,6,0,21,5,0,26,16,0,16,42
05/10/2015,SLN,KS,ACE,CE,Federal Contract Tower,0,4,4,0,8,0,27,10,0,37,0,31,14,0,45,52,0,52,97
05/11/2015,SLN,KS,ACE,CE,Federal Contract Tower,0,11,13,7,31,0,88,17,0,105,0,99,30,7,136,142,28,170,306
05/12/2015,SLN,KS,ACE,CE,Federal Contract Tower,0,18,11,0,29,0,101,26,5,132,0,119,37,5,161,292,6,298,459
05/13/2015,SLN,KS,ACE,CE,Federal Contract Tower,7,22,9,4,42,8,86,12,8,114,15,108,21,12,156,262,26,288,444
05/14/2015,SLN,KS,ACE,CE,Federal Contract Tower,0,19,19,1,39,0,35,10,13,58,0,54,29,14,97,94,42,136,233
05/15/2015,SLN,KS,ACE,CE,Federal Contract Tower,3,6,9,2,20,4,47,11,12,74,7,53,20,14,94,214,74,288,382
05/16/2015,SLN,KS,ACE,CE,Federal Contract Tower,4,5,0,1,10,0,10,2,6,18,4,15,2,7,28,18,4,22,50
05/17/2015,SLN,KS,ACE,CE,Federal Contract Tower,1,6,19,1,27,6,15,7,2,30,7,21,26,3,57,44,18,62,119
05/18/2015,SLN,KS,ACE,CE,Federal Contract Tower,0,12,17,9,38,0,102,33,4,139,0,114,50,13,177,286,14,300,477
05/19/2015,SLN,KS,ACE,CE,Federal Contract Tower,0,10,12,10,32,6,68,20,0,94,6,78,32,10,126,256,32,288,414
05/20/2015,SLN,KS,ACE,CE,Federal Contract Tower,0,20,28,6,54,0,39,10,2,51,0,59,38,8,105,196,30,226,331
05/21/2015,SLN,KS,ACE,CE,Federal Contract Tower,0,18,24,3,45,4,77,47,4,132,4,95,71,7,177,248,4,252,429
05/22/2015,SLN,KS,ACE,CE,Federal Contract Tower,0,6,5,0,11,0,39,2,0,41,0,45,7,0,52,220,0,220,272
05/23/2015,SLN,KS,ACE,CE,Federal Contract Tower,0,2,2,0,4,0,0,0,0,0,0,2,2,0,4,0,0,0,4
05/24/2015,SLN,KS,ACE,CE,Federal Contract Tower,0,1,5,0,6,11,0,12,0,23,11,1,17,0,29,6,0,6,35
05/25/2015,SLN,KS,ACE,CE,Federal Contract Tower,4,4,12,1,21,2,0,9,1,12,6,4,21,2,33,6,0,6,39
05/26/2015,SLN,KS,ACE,CE,Federal Contract Tower,0,15,11,15,41,7,94,24,2,127,7,109,35,17,168,228,16,244,412
05/27/2015,SLN,KS,ACE,CE,Federal Contract Tower,0,18,11,5,34,4,72,9,6,91,4,90,20,11,125,248,18,266,391
05/28/2015,SLN,KS,ACE,CE,Federal Contract Tower,0,6,9,6,21,0,59,11,1,71,0,65,20,7,92,212,42,254,346
05/29/2015,SLN,KS,ACE,CE,Federal Contract Tower,0,9,12,9,30,0,67,10,8,85,0,76,22,17,115,190,24,214,329
05/30/2015,SLN,KS,ACE,CE,Federal Contract Tower,1,10,17,13,41,0,18,7,0,25,1,28,24,13,66,52,0,52,118
05/31/2015,SLN,KS,ACE,CE,Federal Contract Tower,0,4,15,2,21,0,0,11,5,16,0,4,26,7,37,2,4,6,43
06/01/2015,SLN,KS,ACE,CE,Federal Contract Tower,0,13,17,0,30,0,87,15,1,103,0,100,32,1,133,222,0,222,355
06/02/2015,SLN,KS,ACE,CE,Federal Contract Tower,0,7,9,6,22,0,62,23,0,85,0,69,32,6,107,174,0,174,281
06/03/2015,SLN,KS,ACE,CE,Federal Contract Tower,0,7,7,2,16,0,63,11,0,74,0,70,18,2,90,160,0,160,250
06/04/2015,SLN,KS,ACE,CE,Federal Contract Tower,0,12,16,0,28,0,63,9,13,85,0,75,25,13,113,134,28,162,275
06/05/2015,SLN,KS,ACE,CE,Federal Contract Tower,0,7,12,8,27,0,75,5,8,88,0,82,17,16,115,116,4,120,235
06/06/2015,SLN,KS,ACE,CE,Federal Contract Tower,0,5,5,4,14,0,23,20,9,52,0,28,25,13,66,31,4,35,101
06/07/2015,SLN,KS,ACE,CE,Federal Contract Tower,0,5,18,7,30,0,0,16,1,17,0,5,34,8,47,0,0,0,47
06/08/2015,SLN,KS,ACE,CE,Federal Contract Tower,0,10,10,0,20,0,86,25,0,111,0,96,35,0,131,152,0,152,283
06/09/2015,SLN,KS,ACE,CE,Federal Contract Tower,0,11,11,4,26,0,70,39,5,114,0,81,50,9,140,176,0,176,316
06/10/2015,SLN,KS,ACE,CE,Federal Contract Tower,0,14,28,4,46,0,63,25,8,96,0,77,53,12,142,167,30,197,339
06/11/2015,SLN,KS,ACE,CE,Federal Contract Tower,0,12,18,0,30,0,69,18,6,93,0,81,36,6,123,144,30,174,297
06/12/2015,SLN,KS,ACE,CE,Federal Contract Tower,0,6,5,4,15,0,12,4,2,18,0,18,9,6,33,74,4,78,111
06/13/2015,SLN,KS,ACE,CE,Federal Contract Tower,0,4,5,2,11,0,26,6,2,34,0,30,11,4,45,46,0,46,91
06/14/2015,SLN,KS,ACE,CE,Federal Contract Tower,0,2,3,0,5,0,0,2,0,2,0,2,5,0,7,0,0,0,7
06/15/2015,SLN,KS,ACE,CE,Federal Contract Tower,0,14,7,0,21,0,42,20,0,62,0,56,27,0,83,184,0,184,267
06/16/2015,SLN,KS,ACE,CE,Federal Contract Tower,1,10,15,2,28,0,75,18,3,96,1,85,33,5,124,312,14,326,450
06/17/2015,SLN,KS,ACE,CE,Federal Contract Tower,0,13,15,25,53,0,77,9,6,92,0,90,24,31,145,162,62,224,369
06/18/2015,SLN,KS,ACE,CE,Federal Contract Tower,0,14,18,5,37,0,44,11,15,70,0,58,29,20,107,88,46,134,241
06/19/2015,SLN,KS,ACE,CE,Federal Contract Tower,0,12,15,4,31,0,64,28,7,99,0,76,43,11,130,176,6,182,312
06/20/2015,SLN,KS,ACE,CE,Federal Contract Tower,0,14,4,6,24,0,24,11,2,37,0,38,15,8,61,54,10,64,125
06/21/2015,SLN,KS,ACE,CE,Federal Contract Tower,0,4,14,0,18,0,4,12,0,16,0,8,26,0,34,12,0,12,46
06/22/2015,SLN,KS,ACE,CE,Federal Contract Tower,0,11,19,0,30,0,64,12,6,82,0,75,31,6,112,126,0,126,238
06/23/2015,SLN,KS,ACE,CE,Federal Contract Tower,0,11,9,11,31,0,63,14,3,80,0,74,23,14,111,220,32,252,363
06/25/2015,SLN,KS,ACE,CE,Federal Contract Tower,0,5,14,9,28,0,64,5,5,74,0,69,19,14,102,230,2,232,334
06/26/2015,SLN,KS,ACE,CE,Federal Contract Tower,0,11,14,2,27,0,47,11,0,58,0,58,25,2,85,120,0,120,205
06/27/2015,SLN,KS,ACE,CE,Federal Contract Tower,0,8,6,0,14,0,31,26,0,57,0,39,32,0,71,106,0,106,177
06/28/2015,SLN,KS,ACE,CE,Federal Contract Tower,0,3,12,1,16,0,2,15,2,19,0,5,27,3,35,20,8,28,63
06/30/2015,SLN,KS,ACE,CE,Federal Contract Tower,1,5,14,6,26,0,90,7,3,100,1,95,21,9,126,326,22,348,474
07/01/2015,SLN,KS,ACE,CE,Federal Contract Tower,0,1,9,1,11,0,89,8,0,97,0,90,17,1,108,300,4,304,412
07/02/2015,SLN,KS,ACE,CE,Federal Contract Tower,2,6,9,0,17,0,55,4,1,60,2,61,13,1,77,290,0,290,367
07/03/2015,SLN,KS,ACE,CE,Federal Contract Tower,1,9,7,0,17,0,2,14,0,16,1,11,21,0,33,16,0,16,49
07/04/2015,SLN,KS,ACE,CE,Federal Contract Tower,1,2,3,0,6,0,0,14,0,14,1,2,17,0,20,0,0,0,20
07/05/2015,SLN,KS,ACE,CE,Federal Contract Tower,1,5,9,0,15,0,0,13,0,13,1,5,22,0,28,0,0,0,28
07/06/2015,SLN,KS,ACE,CE,Federal Contract Tower,1,11,10,0,22,0,29,8,0,37,1,40,18,0,59,140,0,140,199
07/07/2015,SLN,KS,ACE,CE,Federal Contract Tower,0,4,13,0,17,0,93,13,0,106,0,97,26,0,123,300,0,300,423
07/08/2015,SLN,KS,ACE,CE,Federal Contract Tower,0,11,24,0,35,7,84,28,3,122,7,95,52,3,157,320,8,328,485
07/09/2015,SLN,KS,ACE,CE,Federal Contract Tower,0,8,16,0,24,6,72,6,2,86,6,80,22,2,110,228,2,230,340
07/10/2015,SLN,KS,ACE,CE,Federal Contract Tower,0,14,10,1,25,0,30,8,0,38,0,44,18,1,63,142,0,142,205
07/11/2015,SLN,KS,ACE,CE,Federal Contract Tower,1,8,15,4,28,0,11,23,4,38,1,19,38,8,66,16,0,16,82
07/12/2015,SLN,KS,ACE,CE,Federal Contract Tower,0,9,21,0,30,0,1,18,4,23,0,10,39,4,53,18,4,22,75
07/13/2015,SLN,KS,ACE,CE,Federal Contract Tower,0,3,6,2,11,0,79,13,0,92,0,82,19,2,103,176,0,176,279
07/14/2015,SLN,KS,ACE,CE,Federal Contract Tower,1,10,4,1,16,2,80,5,2,89,3,90,9,3,105,140,16,156,261
07/15/2015,SLN,KS,ACE,CE,Federal Contract Tower,0,11,15,2,28,0,67,7,7,81,0,78,22,9,109,166,26,192,301
07/16/2015,SLN,KS,ACE,CE,Federal Contract Tower,1,18,20,0,39,13,82,15,7,117,14,100,35,7,156,218,42,260,416
07/17/2015,SLN,KS,ACE,CE,Federal Contract Tower,0,10,12,2,24,5,51,17,6,79,5,61,29,8,103,208,11,219,322
07/18/2015,SLN,KS,ACE,CE,Federal Contract Tower,0,0,0,0,0,4,18,14,0,36,4,18,14,0,36,40,0,40,76
07/19/2015,SLN,KS,ACE,CE,Federal Contract Tower,0,2,7,0,9,12,2,11,5,30,12,4,18,5,39,0,6,6,45
07/21/2015,SLN,KS,ACE,CE,Federal Contract Tower,0,5,9,2,16,11,82,29,17,139,11,87,38,19,155,210,52,262,417
07/22/2015,SLN,KS,ACE,CE,Federal Contract Tower,0,6,13,0,19,0,53,11,5,69,0,59,24,5,88,260,34,294,382
07/23/2015,SLN,KS,ACE,CE,Federal Contract Tower,0,9,24,0,33,20,61,21,1,103,20,70,45,1,136,216,0,216,352
07/24/2015,SLN,KS,ACE,CE,Federal Contract Tower,0,6,9,0,15,14,48,11,0,73,14,54,20,0,88,166,0,166,254
07/25/2015,SLN,KS,ACE,CE,Federal Contract Tower,0,4,9,0,13,16,16,7,0,39,16,20,16,0,52,36,0,36,88
07/26/2015,SLN,KS,ACE,CE,Federal Contract Tower,0,7,12,0,19,13,0,11,0,24,13,7,23,0,43,32,0,32,75
07/27/2015,SLN,KS,ACE,CE,Federal Contract Tower,0,12,15,0,27,28,76,15,0,119,28,88,30,0,146,192,0,192,338
07/28/2015,SLN,KS,ACE,CE,Federal Contract Tower,0,10,10,0,20,0,73,9,1,83,0,83,19,1,103,216,0,216,319
07/29/2015,SLN,KS,ACE,CE,Federal Contract Tower,0,13,3,0,16,3,74,7,0,84,3,87,10,0,100,288,0,288,388
07/30/2015,SLN,KS,ACE,CE,Federal Contract Tower,0,8,26,3,37,0,73,28,2,103,0,81,54,5,140,258,6,264,404
07/31/2015,SLN,KS,ACE,CE,Federal Contract Tower,2,5,8,0,15,0,65,14,1,80,2,70,22,1,95,274,0,274,369
08/01/2015,SLN,KS,ACE,CE,Federal Contract Tower,0,9,10,0,19,0,15,38,0,53,0,24,48,0,72,81,0,81,153
08/02/2015,SLN,KS,ACE,CE,Federal Contract Tower,0,5,13,2,20,0,2,25,2,29,0,7,38,4,49,48,4,52,101
08/03/2015,SLN,KS,ACE,CE,Federal Contract Tower,0,12,18,0,30,0,52,9,0,61,0,64,27,0,91,152,0,152,243
08/04/2015,SLN,KS,ACE,CE,Federal Contract Tower,0,10,10,1,21,6,48,10,1,65,6,58,20,2,86,196,2,198,284
08/05/2015,SLN,KS,ACE,CE,Federal Contract Tower,0,21,13,0,34,0,25,13,0,38,0,46,26,0,72,110,0,110,182
08/06/2015,SLN,KS,ACE,CE,Federal Contract Tower,0,13,12,3,28,0,32,11,7,50,0,45,23,10,78,168,8,176,254
08/07/2015,SLN,KS,ACE,CE,Federal Contract Tower,0,10,12,0,22,0,46,11,2,59,0,56,23,2,81,136,16,152,233
08/08/2015,SLN,KS,ACE,CE,Federal Contract Tower,0,6,8,0,14,0,14,4,1,19,0,20,12,1,33,30,6,36,69
08/09/2015,SLN,KS,ACE,CE,Federal Contract Tower,0,9,7,5,21,0,0,3,6,9,0,9,10,11,30,0,20,20,50
08/10/2015,SLN,KS,ACE,CE,Federal Contract Tower,0,9,9,2,20,0,60,18,0,78,0,69,27,2,98,186,0,186,284
08/11/2015,SLN,KS,ACE,CE,Federal Contract Tower,0,14,17,2,33,0,48,20,0,68,0,62,37,2,101,154,0,154,255
08/12/2015,SLN,KS,ACE,CE,Federal Contract Tower,0,14,12,2,28,0,73,25,6,104,0,87,37,8,132,208,2,210,342
08/13/2015,SLN,KS,ACE,CE,Federal Contract Tower,0,15,14,0,29,0,56,13,2,71,0,71,27,2,100,156,0,156,256
08/14/2015,SLN,KS,ACE,CE,Federal Contract Tower,0,10,10,4,24,0,31,24,3,58,0,41,34,7,82,114,2,116,198
08/15/2015,SLN,KS,ACE,CE,Federal Contract Tower,0,11,4,0,15,0,12,27,0,39,0,23,31,0,54,50,0,50,104
08/16/2015,SLN,KS,ACE,CE,Federal Contract Tower,0,11,17,2,30,0,2,8,2,12,0,13,25,4,42,6,12,18,60
08/17/2015,SLN,KS,ACE,CE,Federal Contract Tower,0,13,16,4,33,0,36,17,2,55,0,49,33,6,88,84,8,92,180
08/18/2015,SLN,KS,ACE,CE,Federal Contract Tower,2,12,12,2,28,0,21,6,0,27,2,33,18,2,55,34,0,34,89
08/19/2015,SLN,KS,ACE,CE,Federal Contract Tower,2,11,8,2,23,0,42,29,5,76,2,53,37,7,99,68,12,80,179
08/20/2015,SLN,KS,ACE,CE,Federal Contract Tower,2,7,14,5,28,0,6,21,18,45,2,13,35,23,73,4,36,40,113
08/21/2015,SLN,KS,ACE,CE,Federal Contract Tower,0,5,13,4,22,0,4,16,17,37,0,9,29,21,59,16,66,82,141
08/22/2015,SLN,KS,ACE,CE,Federal Contract Tower,0,3,6,3,12,0,4,17,3,24,0,7,23,6,36,18,26,44,80
08/23/2015,SLN,KS,ACE,CE,Federal Contract Tower,0,5,8,4,17,0,1,18,0,19,0,6,26,4,36,12,0,12,48
08/24/2015,SLN,KS,ACE,CE,Federal Contract Tower,0,3,13,4,20,0,49,23,0,72,0,52,36,4,92,118,0,118,210
08/25/2015,SLN,KS,ACE,CE,Federal Contract Tower,0,8,8,3,19,15,30,34,0,79,15,38,42,3,98,112,0,112,210
08/26/2015,SLN,KS,ACE,CE,Federal Contract Tower,0,11,12,8,31,0,65,30,6,101,0,76,42,14,132,196,2,198,330
08/27/2015,SLN,KS,ACE,CE,Federal Contract Tower,0,12,6,2,20,0,32,20,6,58,0,44,26,8,78,126,0,126,204
08/28/2015,SLN,KS,ACE,CE,Federal Contract Tower,0,11,10,2,23,0,69,24,2,95,0,80,34,4,118,136,20,156,274
08/29/2015,SLN,KS,ACE,CE,Federal Contract Tower,0,7,14,2,23,0,2,17,0,19,0,9,31,2,42,16,0,16,58
08/30/2015,SLN,KS,ACE,CE,Federal Contract Tower,0,7,10,2,19,0,0,11,0,11,0,7,21,2,30,8,0,8,38
08/31/2015,SLN,KS,ACE,CE,Federal Contract Tower,0,5,6,4,15,0,76,11,0,87,0,81,17,4,102,100,2,102,204
09/01/2015,SLN,KS,ACE,CE,Federal Contract Tower,0,17,5,0,22,0,101,20,1,122,0,118,25,1,144,168,0,168,312
09/02/2015,SLN,KS,ACE,CE,Federal Contract Tower,0,12,17,3,32,0,84,18,3,105,0,96,35,6,137,172,10,182,319
09/03/2015,SLN,KS,ACE,CE,Federal Contract Tower,0,11,11,4,26,0,81,13,2,96,0,92,24,6,122,188,26,214,336
09/04/2015,SLN,KS,ACE,CE,Federal Contract Tower,0,12,11,1,24,0,92,13,0,105,0,104,24,1,129,146,0,146,275
09/05/2015,SLN,KS,ACE,CE,Federal Contract Tower,0,6,10,0,16,0,18,6,0,24,0,24,16,0,40,44,0,44,84
09/06/2015,SLN,KS,ACE,CE,Federal Contract Tower,0,2,3,1,6,0,0,7,1,8,0,2,10,2,14,6,4,10,24
09/07/2015,SLN,KS,ACE,CE,Federal Contract Tower,0,0,6,0,6,0,1,10,0,11,0,1,16,0,17,12,0,12,29
09/08/2015,SLN,KS,ACE,CE,Federal Contract Tower,0,6,8,4,18,0,94,5,1,100,0,100,13,5,118,164,2,166,284
09/09/2015,SLN,KS,ACE,CE,Federal Contract Tower,0,17,28,23,68,0,92,24,4,120,0,109,52,27,188,184,60,244,432
09/10/2015,SLN,KS,ACE,CE,Federal Contract Tower,0,7,9,6,22,0,89,23,14,126,0,96,32,20,148,150,28,178,326
09/11/2015,SLN,KS,ACE,CE,Federal Contract Tower,0,5,16,8,29,0,88,22,11,121,0,93,38,19,150,188,58,246,396
09/12/2015,SLN,KS,ACE,CE,Federal Contract Tower,0,12,17,0,29,24,40,29,3,96,24,52,46,3,125,26,2,28,153
09/13/2015,SLN,KS,ACE,CE,Federal Contract Tower,0,9,18,0,27,8,0,12,0,20,8,9,30,0,47,0,0,0,47
09/14/2015,SLN,KS,ACE,CE,Federal Contract Tower,0,9,8,0,17,0,98,20,2,120,0,107,28,2,137,164,8,172,309
09/15/2015,SLN,KS,ACE,CE,Federal Contract Tower,0,9,11,0,20,2,86,9,0,97,2,95,20,0,117,132,6,138,255
09/16/2015,SLN,KS,ACE,CE,Federal Contract Tower,0,12,14,5,31,2,110,21,13,146,2,122,35,18,177,174,24,198,375
09/17/2015,SLN,KS,ACE,CE,Federal Contract Tower,1,13,18,0,32,0,112,19,5,136,1,125,37,5,168,201,14,215,383
09/18/2015,SLN,KS,ACE,CE,Federal Contract Tower,0,9,23,0,32,12,90,14,0,116,12,99,37,0,148,244,0,244,392
09/19/2015,SLN,KS,ACE,CE,Federal Contract Tower,0,8,11,0,19,12,22,18,2,54,12,30,29,2,73,28,0,28,101
09/20/2015,SLN,KS,ACE,CE,Federal Contract Tower,0,4,12,0,16,14,3,20,2,39,14,7,32,2,55,2,2,4,59
09/21/2015,SLN,KS,ACE,CE,Federal Contract Tower,0,33,14,4,51,2,52,6,0,60,2,85,20,4,111,156,6,162,273
09/22/2015,SLN,KS,ACE,CE,Federal Contract Tower,0,10,14,1,25,0,113,18,0,131,0,123,32,1,156,194,0,194,350
09/23/2015,SLN,KS,ACE,CE,Federal Contract Tower,0,2,13,2,17,13,117,14,4,148,13,119,27,6,165,240,2,242,407
09/24/2015,SLN,KS,ACE,CE,Federal Contract Tower,0,17,13,7,37,10,121,27,7,165,10,138,40,14,202,332,4,336,538
09/25/2015,SLN,KS,ACE,CE,Federal Contract Tower,3,12,6,1,22,30,81,31,9,151,33,93,37,10,173,286,8,294,467
09/26/2015,SLN,KS,ACE,CE,Federal Contract Tower,0,5,4,0,9,32,29,23,0,84,32,34,27,0,93,146,0,146,239
09/27/2015,SLN,KS,ACE,CE,Federal Contract Tower,0,5,17,0,22,2,6,20,0,28,2,11,37,0,50,54,0,54,104
09/28/2015,SLN,KS,ACE,CE,Federal Contract Tower,0,8,10,3,21,6,103,22,0,131,6,111,32,3,152,400,2,402,554
09/29/2015,SLN,KS,ACE,CE,Federal Contract Tower,0,11,17,2,30,8,71,7,1,87,8,82,24,3,117,360,2,362,479
09/30/2015,SLN,KS,ACE,CE,Federal Contract Tower,0,11,10,0,21,4,140,16,3,163,4,151,26,3,184,360,0,360,544
10/01/2015,SLN,KS,ACE,CE,Federal Contract Tower,0,13,20,0,33,4,122,33,0,159,4,135,53,0,192,390,0,390,582
10/02/2015,SLN,KS,ACE,CE,Federal Contract Tower,0,7,22,7,36,18,75,31,3,127,18,82,53,10,163,258,32,290,453
10/03/2015,SLN,KS,ACE,CE,Federal Contract Tower,2,10,3,0,15,14,54,17,4,89,16,64,20,4,104,94,0,94,198
10/04/2015,SLN,KS,ACE,CE,Federal Contract Tower,0,6,15,0,21,4,2,11,0,17,4,8,26,0,38,26,0,26,64
10/05/2015,SLN,KS,ACE,CE,Federal Contract Tower,0,6,12,0,18,18,111,18,0,147,18,117,30,0,165,356,0,356,521
10/06/2015,SLN,KS,ACE,CE,Federal Contract Tower,0,5,13,3,21,14,115,21,5,155,14,120,34,8,176,404,8,412,588
10/07/2015,SLN,KS,ACE,CE,Federal Contract Tower,0,10,20,9,39,5,133,25,2,165,5,143,45,11,204,352,18,370,574
10/08/2015,SLN,KS,ACE,CE,Federal Contract Tower,0,7,17,6,30,22,81,21,2,126,22,88,38,8,156,262,2,264,420
10/09/2015,SLN,KS,ACE,CE,Federal Contract Tower,0,8,10,0,18,18,64,17,0,99,18,72,27,0,117,162,0,162,279
10/10/2015,SLN,KS,ACE,CE,Federal Contract Tower,0,15,7,2,24,14,12,21,1,48,14,27,28,3,72,36,2,38,110
10/11/2015,SLN,KS,ACE,CE,Federal Contract Tower,2,3,15,0,20,0,0,22,0,22,2,3,37,0,42,6,0,6,48
10/12/2015,SLN,KS,ACE,CE,Federal Contract Tower,3,14,13,0,30,1,78,16,0,95,4,92,29,0,125,160,0,160,285
10/13/2015,SLN,KS,ACE,CE,Federal Contract Tower,0,9,19,5,33,4,112,20,1,137,4,121,39,6,170,304,0,304,474
10/14/2015,SLN,KS,ACE,CE,Federal Contract Tower,2,6,19,0,27,3,112,26,5,146,5,118,45,5,173,266,4,270,443
10/15/2015,SLN,KS,ACE,CE,Federal Contract Tower,14,8,13,3,38,6,121,32,18,177,20,129,45,21,215,360,6,366,581
10/16/2015,SLN,KS,ACE,CE,Federal Contract Tower,0,12,16,3,31,1,84,36,6,127,1,96,52,9,158,266,14,280,438
10/17/2015,SLN,KS,ACE,CE,Federal Contract Tower,0,4,11,8,23,0,31,37,2,70,0,35,48,10,93,80,0,80,173
10/18/2015,SLN,KS,ACE,CE,Federal Contract Tower,3,8,7,0,18,0,1,10,0,11,3,9,17,0,29,0,0,0,29
10/19/2015,SLN,KS,ACE,CE,Federal Contract Tower,0,5,22,1,28,0,49,10,4,63,0,54,32,5,91,200,2,202,293
10/20/2015,SLN,KS,ACE,CE,Federal Contract Tower,2,7,10,6,25,0,96,12,1,109,2,103,22,7,134,278,2,280,414
10/21/2015,SLN,KS,ACE,CE,Federal Contract Tower,0,11,19,9,39,0,110,22,0,132,0,121,41,9,171,378,0,378,549
10/22/2015,SLN,KS,ACE,CE,Federal Contract Tower,3,16,11,2,32,0,75,8,1,84,3,91,19,3,116,344,0,344,460
10/23/2015,SLN,KS,ACE,CE,Federal Contract Tower,2,12,24,14,52,0,62,8,0,70,2,74,32,14,122,332,0,332,454
10/24/2015,SLN,KS,ACE,CE,Federal Contract Tower,0,6,12,0,18,0,54,20,0,74,0,60,32,0,92,178,0,178,270
10/25/2015,SLN,KS,ACE,CE,Federal Contract Tower,1,1,11,3,16,0,10,14,0,24,1,11,25,3,40,94,0,94,134
10/26/2015,SLN,KS,ACE,CE,Federal Contract Tower,3,13,13,4,33,0,109,8,2,119,3,122,21,6,152,384,20,404,556
10/27/2015,SLN,KS,ACE,CE,Federal Contract Tower,0,8,26,5,39,0,98,10,0,108,0,106,36,5,147,372,0,372,519
10/28/2015,SLN,KS,ACE,CE,Federal Contract Tower,1,9,13,17,40,0,115,8,5,128,1,124,21,22,168,264,32,296,464
10/29/2015,SLN,KS,ACE,CE,Federal Contract Tower,0,13,23,5,41,0,114,18,8,140,0,127,41,13,181,316,48,364,545
10/30/2015,SLN,KS,ACE,CE,Federal Contract Tower,0,19,8,6,33,0,49,6,0,55,0,68,14,6,88,258,6,264,352
10/31/2015,SLN,KS,ACE,CE,Federal Contract Tower,2,8,7,1,18,0,20,9,0,29,2,28,16,1,47,50,0,50,97
11/01/2015,SLN,KS,ACE,CE,Federal Contract Tower,0,6,4,2,12,0,4,11,0,15,0,10,15,2,27,18,0,18,45
11/02/2015,SLN,KS,ACE,CE,Federal Contract Tower,0,8,10,3,21,0,99,30,3,132,0,107,40,6,153,332,6,338,491
11/03/2015,SLN,KS,ACE,CE,Federal Contract Tower,0,12,11,2,25,0,98,20,3,121,0,110,31,5,146,280,6,286,432
11/04/2015,SLN,KS,ACE,CE,Federal Contract Tower,1,23,23,6,53,0,60,7,2,69,1,83,30,8,122,202,8,210,332
11/05/2015,SLN,KS,ACE,CE,Federal Contract Tower,1,17,12,11,41,0,93,13,13,119,1,110,25,24,160,288,36,324,484
11/06/2015,SLN,KS,ACE,CE,Federal Contract Tower,2,12,10,0,24,0,112,13,4,129,2,124,23,4,153,402,0,402,555
11/07/2015,SLN,KS,ACE,CE,Federal Contract Tower,0,13,6,3,22,0,55,26,0,81,0,68,32,3,103,238,0,238,341
11/08/2015,SLN,KS,ACE,CE,Federal Contract Tower,0,5,6,2,13,0,6,26,0,32,0,11,32,2,45,2,0,2,47
11/09/2015,SLN,KS,ACE,CE,Federal Contract Tower,0,7,17,4,28,0,130,14,0,144,0,137,31,4,172,360,2,362,534
11/10/2015,SLN,KS,ACE,CE,Federal Contract Tower,0,12,13,2,27,0,85,13,5,103,0,97,26,7,130,520,0,520,650
11/11/2015,SLN,KS,ACE,CE,Federal Contract Tower,0,4,14,2,20,0,16,6,0,22,0,20,20,2,42,82,0,82,124
11/12/2015,SLN,KS,ACE,CE,Federal Contract Tower,0,18,21,6,45,10,120,15,5,150,10,138,36,11,195,354,12,366,561
11/13/2015,SLN,KS,ACE,CE,Federal Contract Tower,2,16,12,2,32,0,131,20,5,156,2,147,32,7,188,396,14,410,598
11/14/2015,SLN,KS,ACE,CE,Federal Contract Tower,0,10,4,2,16,0,55,13,4,72,0,65,17,6,88,100,0,100,188
11/15/2015,SLN,KS,ACE,CE,Federal Contract Tower,0,1,9,0,10,0,3,0,2,5,0,4,9,2,15,0,0,0,15
11/16/2015,SLN,KS,ACE,CE,Federal Contract Tower,0,9,30,0,39,0,9,1,0,10,0,18,31,0,49,78,0,78,127
11/17/2015,SLN,KS,ACE,CE,Federal Contract Tower,0,25,29,6,60,0,45,1,2,48,0,70,30,8,108,238,20,258,366
11/18/2015,SLN,KS,ACE,CE,Federal Contract Tower,0,11,13,1,25,0,121,10,5,136,0,132,23,6,161,272,0,272,433
11/19/2015,SLN,KS,ACE,CE,Federal Contract Tower,2,23,19,3,47,0,115,20,20,155,2,138,39,23,202,304,26,330,532
11/20/2015,SLN,KS,ACE,CE,Federal Contract Tower,0,15,8,3,26,0,75,7,12,94,0,90,15,15,120,302,16,318,438
11/21/2015,SLN,KS,ACE,CE,Federal Contract Tower,0,4,13,1,18,0,40,10,8,58,0,44,23,9,76,112,8,120,196
11/22/2015,SLN,KS,ACE,CE,Federal Contract Tower,1,6,11,0,18,0,18,19,0,37,1,24,30,0,55,30,0,30,85
11/23/2015,SLN,KS,ACE,CE,Federal Contract Tower,0,9,13,0,22,0,69,17,0,86,0,78,30,0,108,294,0,294,402
11/24/2015,SLN,KS,ACE,CE,Federal Contract Tower,0,14,15,0,29,0,68,26,3,97,0,82,41,3,126,259,0,259,385
11/25/2015,SLN,KS,ACE,CE,Federal Contract Tower,0,6,8,0,14,0,38,9,0,47,0,44,17,0,61,206,0,206,267
11/26/2015,SLN,KS,ACE,CE,Federal Contract Tower,0,0,0,0,0,0,0,0,0,0,0,0,0,0,0,0,0,0,0
11/27/2015,SLN,KS,ACE,CE,Federal Contract Tower,0,0,1,0,1,0,0,0,0,0,0,0,1,0,1,0,0,0,1
11/28/2015,SLN,KS,ACE,CE,Federal Contract Tower,0,0,0,0,0,0,0,1,0,1,0,0,1,0,1,0,0,0,1
11/29/2015,SLN,KS,ACE,CE,Federal Contract Tower,0,1,1,0,2,0,0,0,0,0,0,1,1,0,2,0,0,0,2
11/30/2015,SLN,KS,ACE,CE,Federal Contract Tower,0,5,9,3,17,0,10,4,0,14,0,15,13,3,31,76,14,90,121
12/01/2015,SLN,KS,ACE,CE,Federal Contract Tower,0,5,6,1,12,0,93,7,1,101,0,98,13,2,113,246,0,246,359
12/02/2015,SLN,KS,ACE,CE,Federal Contract Tower,2,16,10,5,33,0,112,15,17,144,2,128,25,22,177,348,14,362,539
12/03/2015,SLN,KS,ACE,CE,Federal Contract Tower,0,6,8,0,14,0,127,29,1,157,0,133,37,1,171,450,0,450,621
12/04/2015,SLN,KS,ACE,CE,Federal Contract Tower,0,12,7,2,21,0,107,10,2,119,0,119,17,4,140,386,0,386,526
12/05/2015,SLN,KS,ACE,CE,Federal Contract Tower,0,12,9,0,21,0,23,5,0,28,0,35,14,0,49,48,0,48,97
12/06/2015,SLN,KS,ACE,CE,Federal Contract Tower,0,1,2,0,3,0,6,30,0,36,0,7,32,0,39,48,0,48,87
12/07/2015,SLN,KS,ACE,CE,Federal Contract Tower,0,8,4,2,14,0,104,9,0,113,0,112,13,2,127,324,2,326,453
12/08/2015,SLN,KS,ACE,CE,Federal Contract Tower,0,13,8,6,27,0,116,8,1,125,0,129,16,7,152,394,0,394,546
12/09/2015,SLN,KS,ACE,CE,Federal Contract Tower,0,13,14,2,29,0,111,17,1,129,0,124,31,3,158,384,6,390,548
12/10/2015,SLN,KS,ACE,CE,Federal Contract Tower,0,7,11,5,23,0,102,17,4,123,0,109,28,9,146,274,6,280,426
12/11/2015,SLN,KS,ACE,CE,Federal Contract Tower,0,12,6,2,20,0,87,13,3,103,0,99,19,5,123,288,0,288,411
12/12/2015,SLN,KS,ACE,CE,Federal Contract Tower,0,5,1,0,6,0,3,0,0,3,0,8,1,0,9,18,0,18,27
12/13/2015,SLN,KS,ACE,CE,Federal Contract Tower,0,1,6,0,7,0,0,0,0,0,0,1,6,0,7,0,0,0,7
12/14/2015,SLN,KS,ACE,CE,Federal Contract Tower,0,4,11,6,21,0,46,8,0,54,0,50,19,6,75,198,0,198,273
12/15/2015,SLN,KS,ACE,CE,Federal Contract Tower,0,6,16,2,24,0,72,6,1,79,0,78,22,3,103,126,0,126,229
12/16/2015,SLN,KS,ACE,CE,Federal Contract Tower,0,8,11,0,19,0,92,4,3,99,0,100,15,3,118,180,0,180,298
12/17/2015,SLN,KS,ACE,CE,Federal Contract Tower,0,6,11,0,17,0,63,13,12,88,0,69,24,12,105,168,34,202,307
12/18/2015,SLN,KS,ACE,CE,Federal Contract Tower,0,12,8,0,20,0,83,14,8,105,0,95,22,8,125,180,48,228,353
12/19/2015,SLN,KS,ACE,CE,Federal Contract Tower,0,5,15,0,20,0,23,31,3,57,0,28,46,3,77,126,4,130,207
12/20/2015,SLN,KS,ACE,CE,Federal Contract Tower,0,3,8,0,11,0,0,1,0,1,0,3,9,0,12,0,0,0,12
12/21/2015,SLN,KS,ACE,CE,Federal Contract Tower,0,9,8,3,20,0,31,6,4,41,0,40,14,7,61,142,0,142,203
12/22/2015,SLN,KS,ACE,CE,Federal Contract Tower,0,7,13,4,24,0,33,16,2,51,0,40,29,6,75,116,10,126,201
12/23/2015,SLN,KS,ACE,CE,Federal Contract Tower,0,11,10,0,21,0,9,2,0,11,0,20,12,0,32,20,0,20,52
12/24/2015,SLN,KS,ACE,CE,Federal Contract Tower,2,7,2,0,11,0,0,19,0,19,2,7,21,0,30,0,0,0,30
12/25/2015,SLN,KS,ACE,CE,Federal Contract Tower,0,10,3,0,13,0,0,4,0,4,0,10,7,0,17,0,0,0,17
12/26/2015,SLN,KS,ACE,CE,Federal Contract Tower,0,9,16,0,25,0,0,2,0,2,0,9,18,0,27,0,0,0,27
12/27/2015,SLN,KS,ACE,CE,Federal Contract Tower,0,10,8,0,18,0,0,0,0,0,0,10,8,0,18,0,0,0,18
12/28/2015,SLN,KS,ACE,CE,Federal Contract Tower,0,1,3,0,4,0,0,0,0,0,0,1,3,0,4,0,0,0,4
12/29/2015,SLN,KS,ACE,CE,Federal Contract Tower,0,7,17,0,24,0,16,15,2,33,0,23,32,2,57,40,0,40,97
12/30/2015,SLN,KS,ACE,CE,Federal Contract Tower,0,7,9,0,16,0,12,5,0,17,0,19,14,0,33,34,0,34,67
12/31/2015,SLN,KS,ACE,CE,Federal Contract Tower,0,10,15,0,25,0,8,8,0,16,0,18,23,0,41,18,0,18,59
01/01/2016,SLN,KS,ACE,CE,Federal Contract Tower,0,5,3,0,8,0,0,12,0,12,0,5,15,0,20,18,0,18,38
01/02/2016,SLN,KS,ACE,CE,Federal Contract Tower,0,8,12,0,20,0,2,23,0,25,0,10,35,0,45,4,0,4,49
01/03/2016,SLN,KS,ACE,CE,Federal Contract Tower,0,5,5,0,10,0,0,16,0,16,0,5,21,0,26,2,0,2,28
01/04/2016,SLN,KS,ACE,CE,Federal Contract Tower,0,2,2,2,6,0,5,1,0,6,0,7,3,2,12,14,0,14,26
01/05/2016,SLN,KS,ACE,CE,Federal Contract Tower,0,9,17,2,28,0,21,12,4,37,0,30,29,6,65,112,6,118,183
01/06/2016,SLN,KS,ACE,CE,Federal Contract Tower,0,6,6,1,13,0,8,1,1,10,0,14,7,2,23,48,26,74,97
01/07/2016,SLN,KS,ACE,CE,Federal Contract Tower,0,6,0,0,6,0,0,0,0,0,0,6,0,0,6,0,0,0,6
01/08/2016,SLN,KS,ACE,CE,Federal Contract Tower,0,8,14,9,31,0,4,1,5,10,0,12,15,14,41,34,80,114,155
01/09/2016,SLN,KS,ACE,CE,Federal Contract Tower,0,6,10,0,16,0,0,2,4,6,0,6,12,4,22,0,22,22,44
01/10/2016,SLN,KS,ACE,CE,Federal Contract Tower,0,4,10,0,14,0,0,5,1,6,0,4,15,1,20,2,0,2,22
01/11/2016,SLN,KS,ACE,CE,Federal Contract Tower,0,10,3,0,13,5,40,6,3,54,5,50,9,3,67,114,0,114,181
01/12/2016,SLN,KS,ACE,CE,Federal Contract Tower,0,6,17,2,25,0,41,7,2,50,0,47,24,4,75,134,2,136,211
01/13/2016,SLN,KS,ACE,CE,Federal Contract Tower,0,6,12,2,20,0,70,20,0,90,0,76,32,2,110,96,4,100,210
01/14/2016,SLN,KS,ACE,CE,Federal Contract Tower,0,19,5,10,34,0,64,40,8,112,0,83,45,18,146,232,4,236,382
01/15/2016,SLN,KS,ACE,CE,Federal Contract Tower,0,13,3,0,16,0,45,13,0,58,0,58,16,0,74,154,0,154,228
01/16/2016,SLN,KS,ACE,CE,Federal Contract Tower,0,7,6,0,13,0,19,11,0,30,0,26,17,0,43,56,0,56,99
01/17/2016,SLN,KS,ACE,CE,Federal Contract Tower,0,1,7,0,8,0,0,2,0,2,0,1,9,0,10,6,0,6,16
01/18/2016,SLN,KS,ACE,CE,Federal Contract Tower,0,3,27,0,30,0,10,16,0,26,0,13,43,0,56,34,0,34,90
01/19/2016,SLN,KS,ACE,CE,Federal Contract Tower,0,5,18,0,23,0,9,10,0,19,0,14,28,0,42,74,0,74,116
01/20/2016,SLN,KS,ACE,CE,Federal Contract Tower,0,2,13,0,15,0,23,5,2,30,0,25,18,2,45,150,10,160,205
01/21/2016,SLN,KS,ACE,CE,Federal Contract Tower,0,5,6,0,11,0,0,1,4,5,0,5,7,4,16,0,12,12,28
01/22/2016,SLN,KS,ACE,CE,Federal Contract Tower,0,4,5,2,11,0,20,10,2,32,0,24,15,4,43,106,0,106,149
01/23/2016,SLN,KS,ACE,CE,Federal Contract Tower,0,2,4,0,6,0,5,8,0,13,0,7,12,0,19,36,0,36,55
01/24/2016,SLN,KS,ACE,CE,Federal Contract Tower,0,0,4,0,4,0,4,6,0,10,0,4,10,0,14,6,0,6,20
01/25/2016,SLN,KS,ACE,CE,Federal Contract Tower,0,8,9,0,17,0,6,4,0,10,0,14,13,0,27,72,0,72,99
01/26/2016,SLN,KS,ACE,CE,Federal Contract Tower,0,14,16,0,30,0,66,24,3,93,0,80,40,3,123,204,6,210,333
01/27/2016,SLN,KS,ACE,CE,Federal Contract Tower,0,8,13,1,22,0,85,23,7,115,0,93,36,8,137,222,12,234,371
01/28/2016,SLN,KS,ACE,CE,Federal Contract Tower,0,9,11,2,22,0,86,29,7,122,0,95,40,9,144,244,2,246,390
01/29/2016,SLN,KS,ACE,CE,Federal Contract Tower,0,5,18,0,23,0,75,37,2,114,0,80,55,2,137,246,0,246,383
01/30/2016,SLN,KS,ACE,CE,Federal Contract Tower,0,7,7,0,14,0,39,18,0,57,0,46,25,0,71,48,24,72,143
01/31/2016,SLN,KS,ACE,CE,Federal Contract Tower,0,2,12,0,14,0,0,18,0,18,0,2,30,0,32,34,0,34,66
02/01/2016,SLN,KS,ACE,CE,Federal Contract Tower,0,5,3,6,14,0,55,9,1,65,0,60,12,7,79,130,4,134,213
02/02/2016,SLN,KS,ACE,CE,Federal Contract Tower,1,2,2,0,5,0,11,1,2,14,1,13,3,2,19,36,0,36,55
02/03/2016,SLN,KS,ACE,CE,Federal Contract Tower,0,8,16,0,24,6,72,23,3,104,6,80,39,3,128,142,2,144,272
02/04/2016,SLN,KS,ACE,CE,Federal Contract Tower,0,10,15,5,30,2,91,21,9,123,2,101,36,14,153,184,8,192,345
02/05/2016,SLN,KS,ACE,CE,Federal Contract Tower,0,10,14,0,24,16,90,24,6,136,16,100,38,6,160,232,24,256,416
02/06/2016,SLN,KS,ACE,CE,Federal Contract Tower,0,14,8,1,23,15,52,40,2,109,15,66,48,3,132,110,0,110,242
02/07/2016,SLN,KS,ACE,CE,Federal Contract Tower,1,0,6,0,7,1,9,0,0,10,2,9,6,0,17,4,0,4,21
02/08/2016,SLN,KS,ACE,CE,Federal Contract Tower,2,5,19,1,27,0,28,13,0,41,2,33,32,1,68,54,0,54,122
02/09/2016,SLN,KS,ACE,CE,Federal Contract Tower,1,8,13,0,22,3,87,15,0,105,4,95,28,0,127,244,0,244,371
02/10/2016,SLN,KS,ACE,CE,Federal Contract Tower,0,7,17,2,26,0,106,26,8,140,0,113,43,10,166,224,8,232,398
02/11/2016,SLN,KS,ACE,CE,Federal Contract Tower,0,12,15,8,35,8,33,13,4,58,8,45,28,12,93,76,14,90,183
02/12/2016,SLN,KS,ACE,CE,Federal Contract Tower,0,7,15,0,22,3,32,17,0,52,3,39,32,0,74,134,0,134,208
02/13/2016,SLN,KS,ACE,CE,Federal Contract Tower,0,9,13,1,23,0,35,5,1,41,0,44,18,2,64,34,0,34,98
02/14/2016,SLN,KS,ACE,CE,Federal Contract Tower,0,4,12,0,16,8,23,25,0,56,8,27,37,0,72,46,0,46,118
02/15/2016,SLN,KS,ACE,CE,Federal Contract Tower,1,16,13,0,30,5,135,29,0,169,6,151,42,0,199,196,0,196,395
02/16/2016,SLN,KS,ACE,CE,Federal Contract Tower,1,13,15,3,32,2,89,35,2,128,3,102,50,5,160,188,2,190,350
02/17/2016,SLN,KS,ACE,CE,Federal Contract Tower,0,12,17,0,29,1,98,44,9,152,1,110,61,9,181,196,6,202,383
02/18/2016,SLN,KS,ACE,CE,Federal Contract Tower,1,8,5,0,14,0,40,21,15,76,1,48,26,15,90,128,18,146,236
02/19/2016,SLN,KS,ACE,CE,Federal Contract Tower,0,7,10,26,43,0,117,27,16,160,0,124,37,42,203,196,34,230,433
02/20/2016,SLN,KS,ACE,CE,Federal Contract Tower,0,9,20,0,29,0,64,41,12,117,0,73,61,12,146,118,6,124,270
02/21/2016,SLN,KS,ACE,CE,Federal Contract Tower,0,2,8,0,10,0,24,20,0,44,0,26,28,0,54,36,0,36,90
02/22/2016,SLN,KS,ACE,CE,Federal Contract Tower,0,12,9,5,26,0,99,37,1,137,0,111,46,6,163,216,16,232,395
02/23/2016,SLN,KS,ACE,CE,Federal Contract Tower,0,3,23,15,41,0,112,39,10,161,0,115,62,25,202,248,42,290,492
02/24/2016,SLN,KS,ACE,CE,Federal Contract Tower,0,6,8,5,19,0,103,37,7,147,0,109,45,12,166,190,30,220,386
02/25/2016,SLN,KS,ACE,CE,Federal Contract Tower,0,6,19,5,30,0,87,32,7,126,0,93,51,12,156,214,6,220,376
02/26/2016,SLN,KS,ACE,CE,Federal Contract Tower,0,6,13,2,21,0,118,34,4,156,0,124,47,6,177,260,0,260,437
02/27/2016,SLN,KS,ACE,CE,Federal Contract Tower,0,13,11,0,24,0,44,18,0,62,0,57,29,0,86,52,0,52,138
02/28/2016,SLN,KS,ACE,CE,Federal Contract Tower,0,9,9,0,18,0,14,13,0,27,0,23,22,0,45,28,0,28,73
02/29/2016,SLN,KS,ACE,CE,Federal Contract Tower,0,0,5,4,9,0,81,27,0,108,0,81,32,4,117,148,10,158,275
03/01/2016,SLN,KS,ACE,CE,Federal Contract Tower,0,12,13,4,29,0,105,20,0,125,0,117,33,4,154,202,14,216,370
03/02/2016,SLN,KS,ACE,CE,Federal Contract Tower,1,1,13,6,21,0,61,9,12,82,1,62,22,18,103,146,22,168,271
03/03/2016,SLN,KS,ACE,CE,Federal Contract Tower,0,13,19,4,36,0,89,28,11,128,0,102,47,15,164,220,18,238,402
03/04/2016,SLN,KS,ACE,CE,Federal Contract Tower,0,9,14,7,30,1,78,25,6,110,1,87,39,13,140,210,12,222,362
03/05/2016,SLN,KS,ACE,CE,Federal Contract Tower,0,12,11,0,23,0,20,33,0,53,0,32,44,0,76,68,0,68,144
03/06/2016,SLN,KS,ACE,CE,Federal Contract Tower,0,0,4,0,4,0,0,0,3,3,0,0,4,3,7,0,0,0,7
03/07/2016,SLN,KS,ACE,CE,Federal Contract Tower,0,21,19,2,42,0,59,16,0,75,0,80,35,2,117,254,0,254,371
03/08/2016,SLN,KS,ACE,CE,Federal Contract Tower,0,13,19,4,36,0,79,19,10,108,0,92,38,14,144,310,16,326,470
03/09/2016,SLN,KS,ACE,CE,Federal Contract Tower,0,6,19,7,32,0,106,34,5,145,0,112,53,12,177,242,26,268,445
03/10/2016,SLN,KS,ACE,CE,Federal Contract Tower,2,7,15,0,24,0,80,28,15,123,2,87,43,15,147,306,32,338,485
03/11/2016,SLN,KS,ACE,CE,Federal Contract Tower,0,5,18,9,32,0,90,29,17,136,0,95,47,26,168,262,56,318,486
03/12/2016,SLN,KS,ACE,CE,Federal Contract Tower,0,7,17,0,24,0,0,0,0,0,0,7,17,0,24,0,0,0,24
03/13/2016,SLN,KS,ACE,CE,Federal Contract Tower,0,2,11,0,13,0,0,0,0,0,0,2,11,0,13,0,0,0,13
03/14/2016,SLN,KS,ACE,CE,Federal Contract Tower,0,8,8,1,17,0,37,12,0,49,0,45,20,1,66,160,0,160,226
03/15/2016,SLN,KS,ACE,CE,Federal Contract Tower,0,3,3,2,8,0,48,6,0,54,0,51,9,2,62,176,4,180,242
03/16/2016,SLN,KS,ACE,CE,Federal Contract Tower,1,9,8,5,23,0,50,24,7,81,1,59,32,12,104,202,26,228,332
03/17/2016,SLN,KS,ACE,CE,Federal Contract Tower,0,3,6,0,9,0,35,15,13,63,0,38,21,13,72,116,24,140,212
03/18/2016,SLN,KS,ACE,CE,Federal Contract Tower,0,10,10,1,21,0,1,6,16,23,0,11,16,17,44,28,34,62,106
03/19/2016,SLN,KS,ACE,CE,Federal Contract Tower,0,6,15,1,22,0,12,22,0,34,0,18,37,1,56,46,0,46,102
03/20/2016,SLN,KS,ACE,CE,Federal Contract Tower,0,8,10,0,18,0,9,27,0,36,0,17,37,0,54,64,0,64,118
03/21/2016,SLN,KS,ACE,CE,Federal Contract Tower,0,0,0,0,0,0,0,0,0,0,0,0,0,0,0,192,0,192,192
03/22/2016,SLN,KS,ACE,CE,Federal Contract Tower,1,13,3,4,21,1,102,22,4,129,2,115,25,8,150,230,8,238,388
03/23/2016,SLN,KS,ACE,CE,Federal Contract Tower,4,7,2,4,17,0,33,4,6,43,4,40,6,10,60,60,16,76,136
03/24/2016,SLN,KS,ACE,CE,Federal Contract Tower,0,6,9,2,17,2,71,22,0,95,2,77,31,2,112,206,6,212,324
03/25/2016,SLN,KS,ACE,CE,Federal Contract Tower,0,6,12,0,18,6,82,22,0,110,6,88,34,0,128,240,0,240,368
03/26/2016,SLN,KS,ACE,CE,Federal Contract Tower,2,24,4,0,30,0,2,5,1,8,2,26,9,1,38,14,0,14,52
03/27/2016,SLN,KS,ACE,CE,Federal Contract Tower,0,4,11,0,15,0,0,17,1,18,0,4,28,1,33,0,0,0,33
03/28/2016,SLN,KS,ACE,CE,Federal Contract Tower,0,13,7,0,20,0,57,13,0,70,0,70,20,0,90,184,0,184,274
03/29/2016,SLN,KS,ACE,CE,Federal Contract Tower,0,4,5,7,16,0,53,10,4,67,0,57,15,11,83,114,2,116,199
03/30/2016,SLN,KS,ACE,CE,Federal Contract Tower,0,13,29,9,51,0,66,13,5,84,0,79,42,14,135,194,22,216,351
03/31/2016,SLN,KS,ACE,CE,Federal Contract Tower,0,7,15,8,30,0,78,16,8,102,0,85,31,16,132,198,26,224,356
04/02/2016,SLN,KS,ACE,CE,Federal Contract Tower,0,13,3,0,16,0,39,25,2,66,0,52,28,2,82,108,0,108,190
04/03/2016,SLN,KS,ACE,CE,Federal Contract Tower,0,2,14,0,16,0,14,16,0,30,0,16,30,0,46,72,0,72,118
04/04/2016,SLN,KS,ACE,CE,Federal Contract Tower,0,12,9,0,21,0,99,24,0,123,0,111,33,0,144,250,0,250,394
04/05/2016,SLN,KS,ACE,CE,Federal Contract Tower,0,6,11,0,17,0,43,8,1,52,0,49,19,1,69,116,1,117,186
04/06/2016,SLN,KS,ACE,CE,Federal Contract Tower,0,10,7,5,22,0,60,6,3,69,0,70,13,8,91,110,2,112,203
04/07/2016,SLN,KS,ACE,CE,Federal Contract Tower,0,4,11,0,15,0,34,19,10,63,0,38,30,10,78,88,22,110,188
04/08/2016,SLN,KS,ACE,CE,Federal Contract Tower,0,6,7,5,18,0,75,43,16,134,0,81,50,21,152,150,30,180,332
04/09/2016,SLN,KS,ACE,CE,Federal Contract Tower,0,12,1,0,13,0,25,13,0,38,0,37,14,0,51,84,0,84,135
04/10/2016,SLN,KS,ACE,CE,Federal Contract Tower,0,0,11,2,13,0,6,11,0,17,0,6,22,2,30,28,0,28,58
04/11/2016,SLN,KS,ACE,CE,Federal Contract Tower,0,3,2,3,8,0,61,14,0,75,0,64,16,3,83,96,18,114,197
04/12/2016,SLN,KS,ACE,CE,Federal Contract Tower,0,9,4,0,13,0,95,40,16,151,0,104,44,16,164,278,8,286,450
04/13/2016,SLN,KS,ACE,CE,Federal Contract Tower,0,7,11,4,22,0,90,39,21,150,0,97,50,25,172,250,51,301,473
04/14/2016,SLN,KS,ACE,CE,Federal Contract Tower,0,9,17,3,29,0,81,20,17,118,0,90,37,20,147,166,6,172,319
04/15/2016,SLN,KS,ACE,CE,Federal Contract Tower,0,9,13,5,27,0,61,13,7,81,0,70,26,12,108,130,22,152,260
04/16/2016,SLN,KS,ACE,CE,Federal Contract Tower,0,5,7,0,12,0,4,17,8,29,0,9,24,8,41,14,0,14,55
04/17/2016,SLN,KS,ACE,CE,Federal Contract Tower,0,0,8,0,8,0,0,2,0,2,0,0,10,0,10,0,0,0,10
04/18/2016,SLN,KS,ACE,CE,Federal Contract Tower,0,16,5,2,23,0,14,3,0,17,0,30,8,2,40,76,0,76,116
04/19/2016,SLN,KS,ACE,CE,Federal Contract Tower,0,19,11,9,39,0,89,10,1,100,0,108,21,10,139,358,4,362,501
04/20/2016,SLN,KS,ACE,CE,Federal Contract Tower,0,25,16,0,41,0,54,15,1,70,0,79,31,1,111,124,0,124,235
04/21/2016,SLN,KS,ACE,CE,Federal Contract Tower,0,13,12,2,27,0,106,23,15,144,0,119,35,17,171,274,50,324,495
04/22/2016,SLN,KS,ACE,CE,Federal Contract Tower,0,11,12,1,24,0,87,38,14,139,0,98,50,15,163,190,36,226,389
04/23/2016,SLN,KS,ACE,CE,Federal Contract Tower,0,4,5,0,9,0,26,22,2,50,0,30,27,2,59,72,0,72,131
04/24/2016,SLN,KS,ACE,CE,Federal Contract Tower,1,1,11,0,13,1,9,3,5,18,2,10,14,5,31,12,0,12,43
04/25/2016,SLN,KS,ACE,CE,Federal Contract Tower,0,5,9,0,14,4,123,26,22,175,4,128,35,22,189,254,0,254,443
04/26/2016,SLN,KS,ACE,CE,Federal Contract Tower,1,7,7,0,15,1,19,6,1,27,2,26,13,1,42,120,0,120,162
04/27/2016,SLN,KS,ACE,CE,Federal Contract Tower,0,7,15,0,22,1,51,10,27,89,1,58,25,27,111,166,34,200,311
04/28/2016,SLN,KS,ACE,CE,Federal Contract Tower,2,10,9,5,26,0,94,39,28,161,2,104,48,33,187,270,38,308,495
04/29/2016,SLN,KS,ACE,CE,Federal Contract Tower,0,6,2,0,8,0,0,0,0,0,0,6,2,0,8,0,0,0,8
04/30/2016,SLN,KS,ACE,CE,Federal Contract Tower,2,7,6,0,15,0,5,7,4,16,2,12,13,4,31,12,0,12,43
05/01/2016,SLN,KS,ACE,CE,Federal Contract Tower,4,3,10,4,21,0,7,4,7,18,4,10,14,11,39,24,0,24,63
05/02/2016,SLN,KS,ACE,CE,Federal Contract Tower,2,13,3,8,26,0,94,35,13,142,2,107,38,21,168,222,0,222,390
05/03/2016,SLN,KS,ACE,CE,Federal Contract Tower,0,12,15,6,33,0,104,58,21,183,0,116,73,27,216,226,32,258,474
05/04/2016,SLN,KS,ACE,CE,Federal Contract Tower,0,22,20,4,46,0,100,39,21,160,0,122,59,25,206,241,30,271,477
05/05/2016,SLN,KS,ACE,CE,Federal Contract Tower,0,18,17,3,38,2,86,60,33,181,2,104,77,36,219,158,24,182,401
05/06/2016,SLN,KS,ACE,CE,Federal Contract Tower,0,9,6,2,17,0,90,24,24,138,0,99,30,26,155,224,16,240,395
05/07/2016,SLN,KS,ACE,CE,Federal Contract Tower,0,11,12,0,23,0,22,33,6,61,0,33,45,6,84,48,0,48,132
05/08/2016,SLN,KS,ACE,CE,Federal Contract Tower,0,2,9,0,11,0,1,3,0,4,0,3,12,0,15,0,0,0,15
05/09/2016,SLN,KS,ACE,CE,Federal Contract Tower,1,6,13,4,24,1,58,14,0,73,2,64,27,4,97,222,10,232,329
05/10/2016,SLN,KS,ACE,CE,Federal Contract Tower,0,20,12,0,32,0,113,49,5,167,0,133,61,5,199,334,14,348,547
05/11/2016,SLN,KS,ACE,CE,Federal Contract Tower,0,7,8,3,18,0,68,15,2,85,0,75,23,5,103,216,0,216,319
05/12/2016,SLN,KS,ACE,CE,Federal Contract Tower,1,15,17,5,38,6,88,27,15,136,7,103,44,20,174,220,36,256,430
05/13/2016,SLN,KS,ACE,CE,Federal Contract Tower,0,6,11,5,22,9,31,18,14,72,9,37,29,19,94,84,34,118,212
05/14/2016,SLN,KS,ACE,CE,Federal Contract Tower,0,4,15,0,19,24,24,26,4,78,24,28,41,4,97,36,18,54,151
05/15/2016,SLN,KS,ACE,CE,Federal Contract Tower,0,5,11,0,16,23,14,9,3,49,23,19,20,3,65,32,0,32,97
05/16/2016,SLN,KS,ACE,CE,Federal Contract Tower,0,4,10,4,18,0,0,0,0,0,0,4,10,4,18,0,0,0,18
05/18/2016,SLN,KS,ACE,CE,Federal Contract Tower,0,16,13,2,31,4,69,21,11,105,4,85,34,13,136,102,22,124,260
05/19/2016,SLN,KS,ACE,CE,Federal Contract Tower,2,4,6,6,18,0,62,13,12,87,2,66,19,18,105,118,64,182,287
05/20/2016,SLN,KS,ACE,CE,Federal Contract Tower,0,13,15,0,28,0,14,8,6,28,0,27,23,6,56,82,0,82,138
05/21/2016,SLN,KS,ACE,CE,Federal Contract Tower,0,11,8,0,19,0,14,8,0,22,0,25,16,0,41,52,0,52,93
05/22/2016,SLN,KS,ACE,CE,Federal Contract Tower,0,1,8,2,11,4,0,5,0,9,4,1,13,2,20,4,0,4,24
05/23/2016,SLN,KS,ACE,CE,Federal Contract Tower,0,3,14,0,17,0,25,10,2,37,0,28,24,2,54,70,0,70,124
05/24/2016,SLN,KS,ACE,CE,Federal Contract Tower,0,8,5,4,17,4,63,19,4,90,4,71,24,8,107,126,0,126,233
05/25/2016,SLN,KS,ACE,CE,Federal Contract Tower,0,9,13,8,30,2,51,24,16,93,2,60,37,24,123,180,38,218,341
05/26/2016,SLN,KS,ACE,CE,Federal Contract Tower,0,12,9,4,25,1,17,7,1,26,1,29,16,5,51,26,54,80,131
05/27/2016,SLN,KS,ACE,CE,Federal Contract Tower,0,5,6,2,13,3,27,23,0,53,3,32,29,2,66,106,0,106,172
05/28/2016,SLN,KS,ACE,CE,Federal Contract Tower,0,8,11,0,19,2,13,27,0,42,2,21,38,0,61,72,0,72,133
05/29/2016,SLN,KS,ACE,CE,Federal Contract Tower,0,4,3,0,7,2,0,7,0,9,2,4,10,0,16,6,0,6,22
05/30/2016,SLN,KS,ACE,CE,Federal Contract Tower,0,2,14,0,16,0,0,13,0,13,0,2,27,0,29,18,0,18,47
05/31/2016,SLN,KS,ACE,CE,Federal Contract Tower,0,3,13,5,21,1,50,14,5,70,1,53,27,10,91,148,4,152,243
06/01/2016,SLN,KS,ACE,CE,Federal Contract Tower,0,15,10,1,26,0,74,32,4,110,0,89,42,5,136,168,14,182,318
06/02/2016,SLN,KS,ACE,CE,Federal Contract Tower,0,15,19,2,36,0,57,27,14,98,0,72,46,16,134,138,52,190,324
06/03/2016,SLN,KS,ACE,CE,Federal Contract Tower,0,7,22,4,33,0,62,29,4,95,0,69,51,8,128,132,36,168,296
06/04/2016,SLN,KS,ACE,CE,Federal Contract Tower,0,8,10,10,28,10,40,26,4,80,10,48,36,14,108,46,4,50,158
06/05/2016,SLN,KS,ACE,CE,Federal Contract Tower,0,0,10,0,10,0,8,21,2,31,0,8,31,2,41,86,0,86,127
06/06/2016,SLN,KS,ACE,CE,Federal Contract Tower,0,11,11,1,23,0,58,25,1,84,0,69,36,2,107,218,4,222,329
06/07/2016,SLN,KS,ACE,CE,Federal Contract Tower,0,6,14,2,22,10,60,60,1,131,10,66,74,3,153,204,0,204,357
06/08/2016,SLN,KS,ACE,CE,Federal Contract Tower,0,12,19,2,33,0,64,27,11,102,0,76,46,13,135,148,44,192,327
06/09/2016,SLN,KS,ACE,CE,Federal Contract Tower,0,12,19,12,43,18,66,27,0,111,18,78,46,12,154,144,0,144,298
06/10/2016,SLN,KS,ACE,CE,Federal Contract Tower,0,13,12,4,29,0,73,26,3,102,0,86,38,7,131,172,34,206,337
06/11/2016,SLN,KS,ACE,CE,Federal Contract Tower,0,6,6,2,14,0,26,30,0,56,0,32,36,2,70,78,0,78,148
06/12/2016,SLN,KS,ACE,CE,Federal Contract Tower,1,4,14,1,20,1,2,13,5,21,2,6,27,6,41,46,0,46,87
06/13/2016,SLN,KS,ACE,CE,Federal Contract Tower,0,2,4,8,14,0,65,23,12,100,0,67,27,20,114,230,60,290,404
06/14/2016,SLN,KS,ACE,CE,Federal Contract Tower,0,6,12,5,23,0,75,21,11,107,0,81,33,16,130,200,20,220,350
06/15/2016,SLN,KS,ACE,CE,Federal Contract Tower,0,9,17,7,33,0,57,18,13,88,0,66,35,20,121,120,48,168,289
06/16/2016,SLN,KS,ACE,CE,Federal Contract Tower,0,18,14,6,38,0,70,22,8,100,0,88,36,14,138,168,8,176,314
06/17/2016,SLN,KS,ACE,CE,Federal Contract Tower,0,9,9,0,18,0,63,17,4,84,0,72,26,4,102,216,2,218,320
06/18/2016,SLN,KS,ACE,CE,Federal Contract Tower,0,9,6,0,15,2,14,15,8,39,2,23,21,8,54,42,0,42,96
06/19/2016,SLN,KS,ACE,CE,Federal Contract Tower,0,3,8,0,11,0,2,2,0,4,0,5,10,0,15,0,0,0,15
06/20/2016,SLN,KS,ACE,CE,Federal Contract Tower,0,11,19,5,35,0,44,32,4,80,0,55,51,9,115,186,2,188,303
06/21/2016,SLN,KS,ACE,CE,Federal Contract Tower,0,8,4,5,17,0,74,26,9,109,0,82,30,14,126,206,24,230,356
06/22/2016,SLN,KS,ACE,CE,Federal Contract Tower,0,8,5,1,14,0,81,8,18,107,0,89,13,19,121,152,50,202,323
06/23/2016,SLN,KS,ACE,CE,Federal Contract Tower,0,15,13,0,28,4,57,22,4,87,4,72,35,4,115,184,56,240,355
06/24/2016,SLN,KS,ACE,CE,Federal Contract Tower,1,9,17,2,29,3,43,23,15,84,4,52,40,17,113,158,34,192,305
06/25/2016,SLN,KS,ACE,CE,Federal Contract Tower,0,5,4,2,11,0,6,12,1,19,0,11,16,3,30,12,2,14,44
06/26/2016,SLN,KS,ACE,CE,Federal Contract Tower,0,5,10,0,15,15,0,20,0,35,15,5,30,0,50,0,0,0,50
06/27/2016,SLN,KS,ACE,CE,Federal Contract Tower,0,9,17,4,30,2,61,32,4,99,2,70,49,8,129,162,2,164,293
06/28/2016,SLN,KS,ACE,CE,Federal Contract Tower,0,8,10,0,18,2,44,18,0,64,2,52,28,0,82,166,0,166,248
06/29/2016,SLN,KS,ACE,CE,Federal Contract Tower,0,10,17,6,33,0,80,38,6,124,0,90,55,12,157,254,16,270,427
06/30/2016,SLN,KS,ACE,CE,Federal Contract Tower,0,13,26,5,44,0,67,18,10,95,0,80,44,15,139,274,0,274,413
07/01/2016,SLN,KS,ACE,CE,Federal Contract Tower,0,4,12,4,20,0,41,14,0,55,0,45,26,4,75,94,10,104,179
07/02/2016,SLN,KS,ACE,CE,Federal Contract Tower,0,5,13,0,18,0,0,4,0,4,0,5,17,0,22,0,0,0,22
07/03/2016,SLN,KS,ACE,CE,Federal Contract Tower,0,3,2,0,5,0,0,0,0,0,0,3,2,0,5,0,0,0,5
07/04/2016,SLN,KS,ACE,CE,Federal Contract Tower,0,4,3,0,7,0,0,2,0,2,0,4,5,0,9,0,0,0,9
07/05/2016,SLN,KS,ACE,CE,Federal Contract Tower,0,13,11,0,24,0,64,19,2,85,0,77,30,2,109,190,0,190,299
07/06/2016,SLN,KS,ACE,CE,Federal Contract Tower,0,8,7,1,16,0,52,17,1,70,0,60,24,2,86,192,10,202,288
07/07/2016,SLN,KS,ACE,CE,Federal Contract Tower,0,8,5,5,18,0,60,26,10,96,0,68,31,15,114,185,6,191,305
07/08/2016,SLN,KS,ACE,CE,Federal Contract Tower,2,8,11,15,36,0,57,29,12,98,2,65,40,27,134,174,6,180,314
07/09/2016,SLN,KS,ACE,CE,Federal Contract Tower,0,8,0,1,9,0,11,26,1,38,0,19,26,2,47,44,0,44,91
07/10/2016,SLN,KS,ACE,CE,Federal Contract Tower,0,5,7,0,12,0,1,12,0,13,0,6,19,0,25,8,0,8,33
07/11/2016,SLN,KS,ACE,CE,Federal Contract Tower,0,9,8,4,21,0,37,20,14,71,0,46,28,18,92,76,6,82,174
07/12/2016,SLN,KS,ACE,CE,Federal Contract Tower,0,15,10,3,28,0,60,16,0,76,0,75,26,3,104,212,4,216,320
07/13/2016,SLN,KS,ACE,CE,Federal Contract Tower,0,19,7,7,33,0,56,29,0,85,0,75,36,7,118,168,0,168,286
07/14/2016,SLN,KS,ACE,CE,Federal Contract Tower,0,8,13,1,22,0,57,14,11,82,0,65,27,12,104,170,20,190,294
07/15/2016,SLN,KS,ACE,CE,Federal Contract Tower,0,9,8,1,18,0,52,22,7,81,0,61,30,8,99,134,2,136,235
07/16/2016,SLN,KS,ACE,CE,Federal Contract Tower,0,7,13,3,23,0,10,10,0,20,0,17,23,3,43,20,0,20,63
07/17/2016,SLN,KS,ACE,CE,Federal Contract Tower,0,7,11,1,19,0,0,9,0,9,0,7,20,1,28,2,0,2,30
07/18/2016,SLN,KS,ACE,CE,Federal Contract Tower,0,13,9,1,23,0,81,25,1,107,0,94,34,2,130,158,0,158,288
07/19/2016,SLN,KS,ACE,CE,Federal Contract Tower,0,11,7,2,20,0,45,26,0,71,0,56,33,2,91,144,0,144,235
07/20/2016,SLN,KS,ACE,CE,Federal Contract Tower,0,8,13,1,22,0,73,29,1,103,0,81,42,2,125,204,4,208,333
07/21/2016,SLN,KS,ACE,CE,Federal Contract Tower,0,8,24,6,38,0,50,27,3,80,0,58,51,9,118,106,12,118,236
07/22/2016,SLN,KS,ACE,CE,Federal Contract Tower,0,11,12,0,23,0,44,25,12,81,0,55,37,12,104,120,48,168,272
07/23/2016,SLN,KS,ACE,CE,Federal Contract Tower,0,12,4,0,16,0,12,21,2,35,0,24,25,2,51,28,4,32,83
07/24/2016,SLN,KS,ACE,CE,Federal Contract Tower,1,15,10,0,26,0,3,12,2,17,1,18,22,2,43,12,0,12,55
07/25/2016,SLN,KS,ACE,CE,Federal Contract Tower,0,13,4,0,17,0,54,23,0,77,0,67,27,0,94,130,0,130,224
07/26/2016,SLN,KS,ACE,CE,Federal Contract Tower,0,11,13,1,25,0,55,22,0,77,0,66,35,1,102,196,22,218,320
07/27/2016,SLN,KS,ACE,CE,Federal Contract Tower,0,9,15,2,26,0,50,28,3,81,0,59,43,5,107,96,0,96,203
07/28/2016,SLN,KS,ACE,CE,Federal Contract Tower,0,8,20,1,29,0,30,35,2,67,0,38,55,3,96,104,0,104,200
07/29/2016,SLN,KS,ACE,CE,Federal Contract Tower,0,12,18,0,30,0,50,27,0,77,0,62,45,0,107,188,0,188,295
07/30/2016,SLN,KS,ACE,CE,Federal Contract Tower,0,8,13,4,25,0,19,28,1,48,0,27,41,5,73,56,0,56,129
07/31/2016,SLN,KS,ACE,CE,Federal Contract Tower,0,6,28,1,35,0,2,14,2,18,0,8,42,3,53,4,0,4,57
08/01/2016,SLN,KS,ACE,CE,Federal Contract Tower,0,12,11,1,24,0,42,8,3,53,0,54,19,4,77,144,0,144,221
08/02/2016,SLN,KS,ACE,CE,Federal Contract Tower,0,7,7,2,16,0,28,13,2,43,0,35,20,4,59,152,24,176,235
08/03/2016,SLN,KS,ACE,CE,Federal Contract Tower,0,10,22,1,33,0,31,17,3,51,0,41,39,4,84,42,20,62,146
08/04/2016,SLN,KS,ACE,CE,Federal Contract Tower,0,5,8,0,13,0,41,12,20,73,0,46,20,20,86,118,76,194,280
08/05/2016,SLN,KS,ACE,CE,Federal Contract Tower,0,17,10,5,32,0,3,0,3,6,0,20,10,8,38,18,0,18,56
08/06/2016,SLN,KS,ACE,CE,Federal Contract Tower,0,4,16,1,21,0,4,12,6,22,0,8,28,7,43,6,0,6,49
08/07/2016,SLN,KS,ACE,CE,Federal Contract Tower,0,4,14,3,21,0,1,3,0,4,0,5,17,3,25,0,0,0,25
08/08/2016,SLN,KS,ACE,CE,Federal Contract Tower,0,6,14,5,25,0,14,1,0,15,0,20,15,5,40,40,0,40,80
08/09/2016,SLN,KS,ACE,CE,Federal Contract Tower,0,6,14,5,25,0,53,21,1,75,0,59,35,6,100,128,0,128,228
08/10/2016,SLN,KS,ACE,CE,Federal Contract Tower,0,8,10,2,20,2,52,28,3,85,2,60,38,5,105,136,5,141,246
08/11/2016,SLN,KS,ACE,CE,Federal Contract Tower,0,8,13,0,21,0,28,14,3,45,0,36,27,3,66,38,20,58,124
08/12/2016,SLN,KS,ACE,CE,Federal Contract Tower,0,12,14,1,27,0,16,13,3,32,0,28,27,4,59,52,14,66,125
08/13/2016,SLN,KS,ACE,CE,Federal Contract Tower,0,4,5,2,11,0,10,23,2,35,0,14,28,4,46,22,0,22,68
08/14/2016,SLN,KS,ACE,CE,Federal Contract Tower,0,6,17,2,25,0,1,14,0,15,0,7,31,2,40,0,0,0,40
08/15/2016,SLN,KS,ACE,CE,Federal Contract Tower,0,11,14,6,31,0,48,24,5,77,0,59,38,11,108,124,5,129,237
08/16/2016,SLN,KS,ACE,CE,Federal Contract Tower,2,12,21,11,46,0,45,15,0,60,2,57,36,11,106,39,16,55,161
08/17/2016,SLN,KS,ACE,CE,Federal Contract Tower,0,14,12,4,30,0,22,30,3,55,0,36,42,7,85,72,42,114,199
08/18/2016,SLN,KS,ACE,CE,Federal Contract Tower,0,11,19,4,34,0,20,29,21,70,0,31,48,25,104,25,93,118,222
08/19/2016,SLN,KS,ACE,CE,Federal Contract Tower,0,9,6,2,17,0,40,21,9,70,0,49,27,11,87,144,4,148,235
08/20/2016,SLN,KS,ACE,CE,Federal Contract Tower,2,12,9,0,23,0,8,29,0,37,2,20,38,0,60,34,0,34,94
08/21/2016,SLN,KS,ACE,CE,Federal Contract Tower,1,13,18,0,32,0,0,26,0,26,1,13,44,0,58,18,0,18,76
08/22/2016,SLN,KS,ACE,CE,Federal Contract Tower,0,12,10,1,23,0,59,11,4,74,0,71,21,5,97,90,4,94,191
08/23/2016,SLN,KS,ACE,CE,Federal Contract Tower,0,10,22,4,36,0,48,7,1,56,0,58,29,5,92,100,72,172,264
08/24/2016,SLN,KS,ACE,CE,Federal Contract Tower,0,9,12,1,22,0,80,11,3,94,0,89,23,4,116,146,2,148,264
08/25/2016,SLN,KS,ACE,CE,Federal Contract Tower,0,16,15,6,37,0,39,12,2,53,0,55,27,8,90,60,0,60,150
08/26/2016,SLN,KS,ACE,CE,Federal Contract Tower,0,19,5,9,33,0,30,11,0,41,0,49,16,9,74,38,4,42,116
08/27/2016,SLN,KS,ACE,CE,Federal Contract Tower,0,11,5,0,16,0,22,11,5,38,0,33,16,5,54,54,4,58,112
08/28/2016,SLN,KS,ACE,CE,Federal Contract Tower,0,11,9,5,25,0,0,15,1,16,0,11,24,6,41,0,10,10,51
08/29/2016,SLN,KS,ACE,CE,Federal Contract Tower,0,8,6,0,14,0,74,10,2,86,0,82,16,2,100,112,0,112,212
08/30/2016,SLN,KS,ACE,CE,Federal Contract Tower,0,8,7,0,15,3,35,4,3,45,3,43,11,3,60,60,62,122,182
08/31/2016,SLN,KS,ACE,CE,Federal Contract Tower,0,21,6,0,27,2,21,1,3,27,2,42,7,3,54,42,4,46,100
09/01/2016,SLN,KS,ACE,CE,Federal Contract Tower,0,12,12,3,27,0,122,35,9,166,0,134,47,12,193,194,0,194,387
09/02/2016,SLN,KS,ACE,CE,Federal Contract Tower,0,6,22,0,28,0,144,40,0,184,0,150,62,0,212,178,0,178,390
09/03/2016,SLN,KS,ACE,CE,Federal Contract Tower,0,8,7,0,15,0,24,8,2,34,0,32,15,2,49,12,0,12,61
09/04/2016,SLN,KS,ACE,CE,Federal Contract Tower,0,2,7,0,9,0,4,6,0,10,0,6,13,0,19,4,0,4,23
09/05/2016,SLN,KS,ACE,CE,Federal Contract Tower,0,4,17,0,21,0,0,10,0,10,0,4,27,0,31,2,0,2,33
09/06/2016,SLN,KS,ACE,CE,Federal Contract Tower,0,10,10,3,23,0,99,9,5,113,0,109,19,8,136,100,4,104,240
09/07/2016,SLN,KS,ACE,CE,Federal Contract Tower,0,9,22,0,31,8,107,6,7,128,8,116,28,7,159,120,2,122,281
09/08/2016,SLN,KS,ACE,CE,Federal Contract Tower,2,9,7,2,20,7,82,12,14,115,9,91,19,16,135,268,10,278,413
09/09/2016,SLN,KS,ACE,CE,Federal Contract Tower,0,9,11,0,20,0,116,20,18,154,0,125,31,18,174,140,18,158,332
09/10/2016,SLN,KS,ACE,CE,Federal Contract Tower,0,16,4,3,23,0,37,21,15,73,0,53,25,18,96,118,12,130,226
09/12/2016,SLN,KS,ACE,CE,Federal Contract Tower,1,10,13,3,27,0,115,9,0,124,1,125,22,3,151,90,10,100,251
09/13/2016,SLN,KS,ACE,CE,Federal Contract Tower,0,27,15,1,43,0,0,3,0,3,0,27,18,1,46,0,0,0,46
09/14/2016,SLN,KS,ACE,CE,Federal Contract Tower,0,22,18,0,40,0,5,4,0,9,0,27,22,0,49,34,0,34,83
09/15/2016,SLN,KS,ACE,CE,Federal Contract Tower,1,14,10,2,27,5,81,12,6,104,6,95,22,8,131,178,0,178,309
09/16/2016,SLN,KS,ACE,CE,Federal Contract Tower,17,19,11,0,47,2,18,0,6,26,19,37,11,6,73,74,18,92,165
09/17/2016,SLN,KS,ACE,CE,Federal Contract Tower,0,16,14,0,30,10,80,28,0,118,10,96,42,0,148,112,0,112,260
09/18/2016,SLN,KS,ACE,CE,Federal Contract Tower,0,9,5,0,14,0,19,27,0,46,0,28,32,0,60,114,0,114,174
09/19/2016,SLN,KS,ACE,CE,Federal Contract Tower,0,11,19,0,30,0,135,8,0,143,0,146,27,0,173,160,0,160,333
09/20/2016,SLN,KS,ACE,CE,Federal Contract Tower,0,9,18,3,30,0,92,31,3,126,0,101,49,6,156,192,16,208,364
09/21/2016,SLN,KS,ACE,CE,Federal Contract Tower,0,12,10,1,23,0,108,12,7,127,0,120,22,8,150,120,0,120,270
09/22/2016,SLN,KS,ACE,CE,Federal Contract Tower,0,13,15,6,34,0,86,12,1,99,0,99,27,7,133,152,4,156,289
09/23/2016,SLN,KS,ACE,CE,Federal Contract Tower,0,14,16,0,30,0,95,13,0,108,0,109,29,0,138,136,0,136,274
09/24/2016,SLN,KS,ACE,CE,Federal Contract Tower,0,5,6,0,11,0,6,0,0,6,0,11,6,0,17,10,0,10,27
09/25/2016,SLN,KS,ACE,CE,Federal Contract Tower,0,12,21,4,37,0,3,7,0,10,0,15,28,4,47,16,4,20,67
09/26/2016,SLN,KS,ACE,CE,Federal Contract Tower,0,8,9,0,17,0,118,20,0,138,0,126,29,0,155,310,0,310,465
09/27/2016,SLN,KS,ACE,CE,Federal Contract Tower,0,13,16,0,29,0,123,14,0,137,0,136,30,0,166,278,8,286,452
09/28/2016,SLN,KS,ACE,CE,Federal Contract Tower,0,9,11,6,26,0,123,25,3,151,0,132,36,9,177,222,2,224,401
09/29/2016,SLN,KS,ACE,CE,Federal Contract Tower,0,20,17,2,39,0,86,13,2,101,0,106,30,4,140,168,6,174,314
09/30/2016,SLN,KS,ACE,CE,Federal Contract Tower,0,13,16,3,32,2,138,57,0,197,2,151,73,3,229,366,6,372,601
10/01/2016,SLN,KS,ACE,CE,Federal Contract Tower,0,12,9,0,21,0,41,38,0,79,0,53,47,0,100,154,0,154,254
10/02/2016,SLN,KS,ACE,CE,Federal Contract Tower,0,4,14,0,18,0,11,18,0,29,0,15,32,0,47,112,0,112,159
10/03/2016,SLN,KS,ACE,CE,Federal Contract Tower,0,9,26,0,35,0,73,10,0,83,0,82,36,0,118,100,0,100,218
10/04/2016,SLN,KS,ACE,CE,Federal Contract Tower,0,9,6,0,15,0,43,7,2,52,0,52,13,2,67,70,0,70,137
10/05/2016,SLN,KS,ACE,CE,Federal Contract Tower,0,16,16,4,36,0,114,8,6,128,0,130,24,10,164,140,16,156,320
10/06/2016,SLN,KS,ACE,CE,Federal Contract Tower,0,7,11,5,23,0,22,3,3,28,0,29,14,8,51,72,8,80,131
10/07/2016,SLN,KS,ACE,CE,Federal Contract Tower,0,9,15,3,27,0,115,25,0,140,0,124,40,3,167,84,0,84,251
10/08/2016,SLN,KS,ACE,CE,Federal Contract Tower,0,15,7,0,22,0,29,18,0,47,0,44,25,0,69,46,0,46,115
10/09/2016,SLN,KS,ACE,CE,Federal Contract Tower,0,5,16,2,23,0,19,13,0,32,0,24,29,2,55,42,0,42,97
10/10/2016,SLN,KS,ACE,CE,Federal Contract Tower,0,8,6,2,16,0,64,12,1,77,0,72,18,3,93,76,0,76,169
10/11/2016,SLN,KS,ACE,CE,Federal Contract Tower,0,16,5,7,28,0,86,17,0,103,0,102,22,7,131,136,10,146,277
10/12/2016,SLN,KS,ACE,CE,Federal Contract Tower,0,19,13,7,39,0,82,14,6,102,0,101,27,13,141,104,0,104,245
10/13/2016,SLN,KS,ACE,CE,Federal Contract Tower,0,21,23,1,45,0,109,22,17,148,0,130,45,18,193,94,16,110,303
10/14/2016,SLN,KS,ACE,CE,Federal Contract Tower,1,39,17,1,58,0,22,6,8,36,1,61,23,9,94,44,12,56,150
10/15/2016,SLN,KS,ACE,CE,Federal Contract Tower,0,16,10,2,28,0,14,3,4,21,0,30,13,6,49,24,6,30,79
10/16/2016,SLN,KS,ACE,CE,Federal Contract Tower,0,10,25,2,37,0,12,11,0,23,0,22,36,2,60,28,0,28,88
10/17/2016,SLN,KS,ACE,CE,Federal Contract Tower,0,9,15,3,27,0,93,24,2,119,0,102,39,5,146,84,0,84,230
10/18/2016,SLN,KS,ACE,CE,Federal Contract Tower,0,8,11,2,21,0,89,26,4,119,0,97,37,6,140,76,0,76,216
10/19/2016,SLN,KS,ACE,CE,Federal Contract Tower,2,7,13,9,31,0,98,13,2,113,2,105,26,11,144,136,32,168,312
10/20/2016,SLN,KS,ACE,CE,Federal Contract Tower,0,31,26,0,57,0,31,4,10,45,0,62,30,10,102,80,14,94,196
10/21/2016,SLN,KS,ACE,CE,Federal Contract Tower,0,18,22,4,44,0,64,14,11,89,0,82,36,15,133,44,6,50,183
10/23/2016,SLN,KS,ACE,CE,Federal Contract Tower,0,5,13,2,20,0,8,17,4,29,0,13,30,6,49,24,0,24,73
10/24/2016,SLN,KS,ACE,CE,Federal Contract Tower,0,18,12,4,34,0,91,6,0,97,0,109,18,4,131,88,14,102,233
10/25/2016,SLN,KS,ACE,CE,Federal Contract Tower,0,11,9,0,20,0,98,9,2,109,0,109,18,2,129,98,0,98,227
10/26/2016,SLN,KS,ACE,CE,Federal Contract Tower,0,11,10,2,23,0,111,16,8,135,0,122,26,10,158,158,16,174,332
10/27/2016,SLN,KS,ACE,CE,Federal Contract Tower,0,26,18,0,44,0,94,29,11,134,0,120,47,11,178,126,0,126,304
10/28/2016,SLN,KS,ACE,CE,Federal Contract Tower,0,12,18,1,31,0,101,9,0,110,0,113,27,1,141,104,0,104,245
10/29/2016,SLN,KS,ACE,CE,Federal Contract Tower,0,14,5,5,24,0,32,25,2,59,0,46,30,7,83,64,2,66,149
10/30/2016,SLN,KS,ACE,CE,Federal Contract Tower,0,9,7,0,16,0,4,10,1,15,0,13,17,1,31,10,0,10,41
10/31/2016,SLN,KS,ACE,CE,Federal Contract Tower,0,17,27,0,44,0,53,7,0,60,0,70,34,0,104,54,0,54,158
11/01/2016,SLN,KS,ACE,CE,Federal Contract Tower,0,17,14,10,41,0,102,15,14,131,0,119,29,24,172,120,14,134,306
11/02/2016,SLN,KS,ACE,CE,Federal Contract Tower,0,35,15,2,52,0,57,8,5,70,0,92,23,7,122,158,16,174,296
11/03/2016,SLN,KS,ACE,CE,Federal Contract Tower,0,21,22,8,51,0,90,34,16,140,0,111,56,24,191,152,36,188,379
11/04/2016,SLN,KS,ACE,CE,Federal Contract Tower,0,16,12,0,28,0,106,17,3,126,0,122,29,3,154,171,0,171,325
11/05/2016,SLN,KS,ACE,CE,Federal Contract Tower,0,8,13,2,23,0,23,8,6,37,0,31,21,8,60,76,0,76,136
11/06/2016,SLN,KS,ACE,CE,Federal Contract Tower,0,3,14,6,23,0,20,14,5,39,0,23,28,11,62,60,2,62,124
11/07/2016,SLN,KS,ACE,CE,Federal Contract Tower,0,26,4,0,30,0,5,6,0,11,0,31,10,0,41,28,0,28,69
11/08/2016,SLN,KS,ACE,CE,Federal Contract Tower,0,20,9,1,30,95,13,2,0,110,95,33,11,1,140,150,0,150,290
11/09/2016,SLN,KS,ACE,CE,Federal Contract Tower,0,10,20,0,30,0,122,17,5,144,0,132,37,5,174,40,0,40,214
11/10/2016,SLN,KS,ACE,CE,Federal Contract Tower,0,12,9,5,26,0,85,20,10,115,0,97,29,15,141,88,0,88,229
11/11/2016,SLN,KS,ACE,CE,Federal Contract Tower,0,12,7,0,19,0,83,16,0,99,0,95,23,0,118,78,0,78,196
11/12/2016,SLN,KS,ACE,CE,Federal Contract Tower,0,7,2,0,9,0,34,22,0,56,0,41,24,0,65,50,0,50,115
11/13/2016,SLN,KS,ACE,CE,Federal Contract Tower,0,2,10,0,12,0,18,11,0,29,0,20,21,0,41,24,0,24,65
11/14/2016,SLN,KS,ACE,CE,Federal Contract Tower,0,8,11,0,19,0,85,10,0,95,0,93,21,0,114,100,0,100,214
11/15/2016,SLN,KS,ACE,CE,Federal Contract Tower,0,14,10,1,25,0,81,13,10,104,0,95,23,11,129,122,0,122,251
11/16/2016,SLN,KS,ACE,CE,Federal Contract Tower,0,14,24,3,41,0,82,23,2,107,0,96,47,5,148,64,0,64,212
11/17/2016,SLN,KS,ACE,CE,Federal Contract Tower,0,11,13,4,28,0,83,18,12,113,0,94,31,16,141,152,18,170,311
11/18/2016,SLN,KS,ACE,CE,Federal Contract Tower,0,9,16,2,27,0,42,8,16,66,0,51,24,18,93,28,10,38,131
11/19/2016,SLN,KS,ACE,CE,Federal Contract Tower,0,6,4,0,10,0,38,24,2,64,0,44,28,2,74,69,0,69,143
11/20/2016,SLN,KS,ACE,CE,Federal Contract Tower,0,6,7,0,13,0,19,9,2,30,0,25,16,2,43,46,0,46,89
11/21/2016,SLN,KS,ACE,CE,Federal Contract Tower,0,12,9,2,23,0,73,23,0,96,0,85,32,2,119,130,0,130,249
11/22/2016,SLN,KS,ACE,CE,Federal Contract Tower,0,19,23,3,45,0,19,1,2,22,0,38,24,5,67,56,0,56,123
11/23/2016,SLN,KS,ACE,CE,Federal Contract Tower,0,14,11,9,34,0,3,1,3,7,0,17,12,12,41,8,14,22,63
11/24/2016,SLN,KS,ACE,CE,Federal Contract Tower,0,4,7,0,11,0,0,11,0,11,0,4,18,0,22,0,0,0,22
11/25/2016,SLN,KS,ACE,CE,Federal Contract Tower,0,6,13,0,19,0,0,24,3,27,0,6,37,3,46,6,0,6,52
11/26/2016,SLN,KS,ACE,CE,Federal Contract Tower,0,10,8,0,18,0,1,23,0,24,0,11,31,0,42,6,0,6,48
11/27/2016,SLN,KS,ACE,CE,Federal Contract Tower,0,6,13,0,19,0,0,1,0,1,0,6,14,0,20,0,0,0,20
11/28/2016,SLN,KS,ACE,CE,Federal Contract Tower,0,13,18,0,31,0,76,7,2,85,0,89,25,2,116,116,0,116,232
11/29/2016,SLN,KS,ACE,CE,Federal Contract Tower,0,14,13,0,27,1,91,5,2,99,1,105,18,2,126,194,0,194,320
11/30/2016,SLN,KS,ACE,CE,Federal Contract Tower,0,16,14,4,34,1,80,10,2,93,1,96,24,6,127,98,0,98,225
12/01/2016,SLN,KS,ACE,CE,Federal Contract Tower,2,18,13,5,38,1,94,16,17,128,3,112,29,22,166,108,16,124,290
12/02/2016,SLN,KS,ACE,CE,Federal Contract Tower,0,14,20,8,42,6,121,25,8,160,6,135,45,16,202,232,14,246,448
12/03/2016,SLN,KS,ACE,CE,Federal Contract Tower,0,7,3,0,10,0,1,0,0,1,0,8,3,0,11,2,0,2,13
12/05/2016,SLN,KS,ACE,CE,Federal Contract Tower,1,19,24,2,46,0,0,0,0,0,1,19,24,2,46,124,2,126,172
12/06/2016,SLN,KS,ACE,CE,Federal Contract Tower,2,20,4,10,36,0,143,17,9,169,2,163,21,19,205,242,36,278,483
12/07/2016,SLN,KS,ACE,CE,Federal Contract Tower,0,25,6,2,33,0,6,3,6,15,0,31,9,8,48,20,6,26,74
12/08/2016,SLN,KS,ACE,CE,Federal Contract Tower,0,32,13,1,46,0,87,10,20,117,0,119,23,21,163,204,24,228,391
12/09/2016,SLN,KS,ACE,CE,Federal Contract Tower,0,5,15,3,23,0,75,7,10,92,0,80,22,13,115,136,0,136,251
12/10/2016,SLN,KS,ACE,CE,Federal Contract Tower,0,12,8,4,24,1,51,8,7,67,1,63,16,11,91,102,0,102,193
12/11/2016,SLN,KS,ACE,CE,Federal Contract Tower,0,5,12,9,26,4,19,5,2,30,4,24,17,11,56,30,6,36,92
12/12/2016,SLN,KS,ACE,CE,Federal Contract Tower,0,13,16,0,29,8,100,4,0,112,8,113,20,0,141,188,0,188,329
12/13/2016,SLN,KS,ACE,CE,Federal Contract Tower,0,17,11,1,29,0,106,20,0,126,0,123,31,1,155,188,6,194,349
12/14/2016,SLN,KS,ACE,CE,Federal Contract Tower,0,19,19,0,38,0,72,8,2,82,0,91,27,2,120,132,0,132,252
12/15/2016,SLN,KS,ACE,CE,Federal Contract Tower,0,8,15,5,28,0,54,9,11,74,0,62,24,16,102,106,10,116,218
12/16/2016,SLN,KS,ACE,CE,Federal Contract Tower,0,8,10,0,18,0,0,0,0,0,0,8,10,0,18,0,0,0,18
12/17/2016,SLN,KS,ACE,CE,Federal Contract Tower,0,3,3,0,6,0,0,0,0,0,0,3,3,0,6,0,0,0,6
12/18/2016,SLN,KS,ACE,CE,Federal Contract Tower,0,3,10,0,13,0,13,6,0,19,0,16,16,0,32,42,0,42,74
12/19/2016,SLN,KS,ACE,CE,Federal Contract Tower,2,14,10,0,26,0,55,8,0,63,2,69,18,0,89,96,0,96,185
12/20/2016,SLN,KS,ACE,CE,Federal Contract Tower,0,8,9,1,18,0,62,15,2,79,0,70,24,3,97,152,0,152,249
12/21/2016,SLN,KS,ACE,CE,Federal Contract Tower,0,13,18,0,31,0,38,9,4,51,0,51,27,4,82,72,12,84,166
12/22/2016,SLN,KS,ACE,CE,Federal Contract Tower,0,14,10,0,24,0,28,17,2,47,0,42,27,2,71,34,0,34,105
12/23/2016,SLN,KS,ACE,CE,Federal Contract Tower,0,9,12,0,21,0,13,21,4,38,0,22,33,4,59,12,16,28,87
12/24/2016,SLN,KS,ACE,CE,Federal Contract Tower,0,3,4,0,7,0,0,4,0,4,0,3,8,0,11,4,0,4,15
12/25/2016,SLN,KS,ACE,CE,Federal Contract Tower,0,4,2,0,6,0,0,0,0,0,0,4,2,0,6,0,0,0,6
12/26/2016,SLN,KS,ACE,CE,Federal Contract Tower,0,8,12,0,20,0,1,7,0,8,0,9,19,0,28,8,0,8,36
12/27/2016,SLN,KS,ACE,CE,Federal Contract Tower,0,5,17,0,22,0,0,24,0,24,0,5,41,0,46,8,0,8,54
12/28/2016,SLN,KS,ACE,CE,Federal Contract Tower,0,7,8,0,15,0,4,24,2,30,0,11,32,2,45,18,0,18,63
12/29/2016,SLN,KS,ACE,CE,Federal Contract Tower,0,6,9,0,15,0,0,13,2,15,0,6,22,2,30,0,0,0,30
12/30/2016,SLN,KS,ACE,CE,Federal Contract Tower,0,6,4,0,10,0,0,4,0,4,0,6,8,0,14,0,0,0,14
12/31/2016,SLN,KS,ACE,CE,Federal Contract Tower,0,4,6,0,10,0,0,20,0,20,0,4,26,0,30,4,0,4,34
01/01/2017,SLN,KS,ACE,CE,Federal Contract Tower,0,4,11,0,15,0,0,6,0,6,0,4,17,0,21,0,0,0,21
01/02/2017,SLN,KS,ACE,CE,Federal Contract Tower,0,6,5,0,11,0,0,5,0,5,0,6,10,0,16,0,0,0,16
01/03/2017,SLN,KS,ACE,CE,Federal Contract Tower,0,9,10,8,27,0,12,12,2,26,0,21,22,10,53,44,26,70,123
01/04/2017,SLN,KS,ACE,CE,Federal Contract Tower,0,11,5,0,16,0,15,6,0,21,0,26,11,0,37,24,0,24,61
01/05/2017,SLN,KS,ACE,CE,Federal Contract Tower,0,9,11,0,20,0,4,3,10,17,0,13,14,10,37,24,28,52,89
01/06/2017,SLN,KS,ACE,CE,Federal Contract Tower,0,10,13,3,26,0,25,13,4,42,0,35,26,7,68,75,12,87,155
01/07/2017,SLN,KS,ACE,CE,Federal Contract Tower,0,6,2,7,15,0,5,8,6,19,0,11,10,13,34,14,12,26,60
01/08/2017,SLN,KS,ACE,CE,Federal Contract Tower,0,2,3,0,5,0,0,5,2,7,0,2,8,2,12,4,0,4,16
01/09/2017,SLN,KS,ACE,CE,Federal Contract Tower,0,8,7,0,15,0,19,10,0,29,0,27,17,0,44,12,0,12,56
01/10/2017,SLN,KS,ACE,CE,Federal Contract Tower,0,7,11,2,20,0,24,13,8,45,0,31,24,10,65,44,14,58,123
01/11/2017,SLN,KS,ACE,CE,Federal Contract Tower,0,6,14,2,22,0,21,5,2,28,0,27,19,4,50,22,0,22,72
01/12/2017,SLN,KS,ACE,CE,Federal Contract Tower,0,8,16,4,28,0,15,21,4,40,0,23,37,8,68,50,0,50,118
01/13/2017,SLN,KS,ACE,CE,Federal Contract Tower,0,7,17,0,24,0,16,2,0,18,0,23,19,0,42,38,0,38,80
01/14/2017,SLN,KS,ACE,CE,Federal Contract Tower,0,3,2,0,5,0,0,0,0,0,0,3,2,0,5,0,0,0,5
01/16/2017,SLN,KS,ACE,CE,Federal Contract Tower,0,7,3,0,10,0,0,0,0,0,0,7,3,0,10,0,0,0,10
01/17/2017,SLN,KS,ACE,CE,Federal Contract Tower,0,9,13,10,32,0,29,9,5,43,0,38,22,15,75,106,8,114,189
01/18/2017,SLN,KS,ACE,CE,Federal Contract Tower,0,16,19,3,38,0,52,6,9,67,0,68,25,12,105,126,60,186,291
01/19/2017,SLN,KS,ACE,CE,Federal Contract Tower,3,19,10,0,32,0,0,0,0,0,3,19,10,0,32,0,0,0,32
01/20/2017,SLN,KS,ACE,CE,Federal Contract Tower,0,4,5,0,9,0,0,1,6,7,0,4,6,6,16,0,24,24,40
01/21/2017,SLN,KS,ACE,CE,Federal Contract Tower,0,14,17,0,31,0,31,22,6,59,0,45,39,6,90,76,0,76,166
01/24/2017,SLN,KS,ACE,CE,Federal Contract Tower,1,11,10,0,22,1,74,12,6,93,2,85,22,6,115,80,4,84,199
01/25/2017,SLN,KS,ACE,CE,Federal Contract Tower,0,12,14,2,28,0,61,10,4,75,0,73,24,6,103,58,0,58,161
01/26/2017,SLN,KS,ACE,CE,Federal Contract Tower,0,12,9,0,21,0,84,11,4,99,0,96,20,4,120,138,8,146,266
01/27/2017,SLN,KS,ACE,CE,Federal Contract Tower,0,15,12,3,30,0,58,21,6,85,0,73,33,9,115,82,0,82,197
01/28/2017,SLN,KS,ACE,CE,Federal Contract Tower,0,18,11,2,31,0,24,8,0,32,0,42,19,2,63,20,0,20,83
01/30/2017,SLN,KS,ACE,CE,Federal Contract Tower,0,21,21,0,42,0,73,19,0,92,0,94,40,0,134,104,0,104,238
01/31/2017,SLN,KS,ACE,CE,Federal Contract Tower,0,23,7,3,33,0,98,18,2,118,0,121,25,5,151,140,20,160,311
02/01/2017,SLN,KS,ACE,CE,Federal Contract Tower,1,17,22,0,40,0,81,7,9,97,1,98,29,9,137,168,4,172,309
02/02/2017,SLN,KS,ACE,CE,Federal Contract Tower,0,20,16,4,40,0,88,11,21,120,0,108,27,25,160,152,22,174,334
02/03/2017,SLN,KS,ACE,CE,Federal Contract Tower,0,21,10,3,34,0,49,11,4,64,0,70,21,7,98,46,6,52,150
02/04/2017,SLN,KS,ACE,CE,Federal Contract Tower,0,15,6,0,21,0,27,9,0,36,0,42,15,0,57,12,0,12,69
02/05/2017,SLN,KS,ACE,CE,Federal Contract Tower,0,5,6,2,13,0,12,19,2,33,0,17,25,4,46,18,0,18,64
02/06/2017,SLN,KS,ACE,CE,Federal Contract Tower,0,33,17,0,50,0,12,4,0,16,0,45,21,0,66,78,0,78,144
02/07/2017,SLN,KS,ACE,CE,Federal Contract Tower,0,36,13,2,51,0,63,11,33,107,0,99,24,35,158,94,60,154,312
02/08/2017,SLN,KS,ACE,CE,Federal Contract Tower,0,15,5,8,28,4,82,5,9,100,4,97,10,17,128,126,22,148,276
02/09/2017,SLN,KS,ACE,CE,Federal Contract Tower,0,23,12,0,35,5,85,26,23,139,5,108,38,23,174,112,18,130,304
02/10/2017,SLN,KS,ACE,CE,Federal Contract Tower,7,12,17,8,44,0,77,22,19,118,7,89,39,27,162,92,14,106,268
02/11/2017,SLN,KS,ACE,CE,Federal Contract Tower,1,14,9,2,26,0,14,14,27,55,1,28,23,29,81,36,14,50,131
02/12/2017,SLN,KS,ACE,CE,Federal Contract Tower,0,4,2,1,7,0,11,7,11,29,0,15,9,12,36,32,2,34,70
02/13/2017,SLN,KS,ACE,CE,Federal Contract Tower,2,11,8,14,35,0,72,3,17,92,2,83,11,31,127,115,0,115,242
02/14/2017,SLN,KS,ACE,CE,Federal Contract Tower,0,25,7,12,44,0,85,15,24,124,0,110,22,36,168,102,98,200,368
02/15/2017,SLN,KS,ACE,CE,Federal Contract Tower,0,12,15,4,31,0,97,10,45,152,0,109,25,49,183,154,24,178,361
02/16/2017,SLN,KS,ACE,CE,Federal Contract Tower,0,13,34,2,49,0,91,31,64,186,0,104,65,66,235,108,2,110,345
02/17/2017,SLN,KS,ACE,CE,Federal Contract Tower,0,19,7,2,28,0,97,32,74,203,0,116,39,76,231,130,10,140,371
02/18/2017,SLN,KS,ACE,CE,Federal Contract Tower,0,14,7,7,28,0,30,26,81,137,0,44,33,88,165,56,16,72,237
02/19/2017,SLN,KS,ACE,CE,Federal Contract Tower,0,3,8,2,13,0,0,3,3,6,0,3,11,5,19,2,16,18,37
02/20/2017,SLN,KS,ACE,CE,Federal Contract Tower,0,25,27,4,56,0,65,6,57,128,0,90,33,61,184,76,4,80,264
02/21/2017,SLN,KS,ACE,CE,Federal Contract Tower,0,20,12,17,49,0,85,17,83,185,0,105,29,100,234,98,24,122,356
02/22/2017,SLN,KS,ACE,CE,Federal Contract Tower,1,12,23,3,39,0,93,21,74,188,1,105,44,77,227,66,0,66,293
02/23/2017,SLN,KS,ACE,CE,Federal Contract Tower,1,14,17,21,53,0,78,8,2,88,1,92,25,23,141,108,0,108,249
02/24/2017,SLN,KS,ACE,CE,Federal Contract Tower,3,6,20,2,31,0,0,3,0,3,3,6,23,2,34,0,0,0,34
02/25/2017,SLN,KS,ACE,CE,Federal Contract Tower,0,21,11,2,34,0,44,17,2,63,0,65,28,4,97,134,0,134,231
02/26/2017,SLN,KS,ACE,CE,Federal Contract Tower,0,4,10,6,20,0,8,19,0,27,0,12,29,6,47,74,0,74,121
02/27/2017,SLN,KS,ACE,CE,Federal Contract Tower,0,14,11,4,29,0,73,11,1,85,0,87,22,5,114,170,6,176,290
02/28/2017,SLN,KS,ACE,CE,Federal Contract Tower,0,10,16,8,34,0,105,15,6,126,0,115,31,14,160,194,14,208,368
03/01/2017,SLN,KS,ACE,CE,Federal Contract Tower,0,15,11,1,27,0,51,9,2,62,0,66,20,3,89,70,0,70,159
03/02/2017,SLN,KS,ACE,CE,Federal Contract Tower,0,15,6,7,28,0,86,15,7,108,0,101,21,14,136,144,12,156,292
03/03/2017,SLN,KS,ACE,CE,Federal Contract Tower,2,17,14,3,36,0,80,3,0,83,2,97,17,3,119,110,0,110,229
03/04/2017,SLN,KS,ACE,CE,Federal Contract Tower,0,6,16,0,22,0,17,8,0,25,0,23,24,0,47,66,0,66,113
03/05/2017,SLN,KS,ACE,CE,Federal Contract Tower,0,6,10,0,16,0,5,1,0,6,0,11,11,0,22,20,0,20,42
03/06/2017,SLN,KS,ACE,CE,Federal Contract Tower,0,8,13,0,21,0,0,3,4,7,0,8,16,4,28,0,0,0,28
03/07/2017,SLN,KS,ACE,CE,Federal Contract Tower,0,11,20,0,31,0,24,3,2,29,0,35,23,2,60,16,0,16,76
03/08/2017,SLN,KS,ACE,CE,Federal Contract Tower,0,17,13,6,36,0,91,10,6,107,0,108,23,12,143,262,6,268,411
03/09/2017,SLN,KS,ACE,CE,Federal Contract Tower,0,18,32,3,53,0,85,29,4,118,0,103,61,7,171,240,32,272,443
03/10/2017,SLN,KS,ACE,CE,Federal Contract Tower,0,24,13,16,53,0,68,20,4,92,0,92,33,20,145,212,60,272,417
03/11/2017,SLN,KS,ACE,CE,Federal Contract Tower,0,7,6,2,15,0,4,8,0,12,0,11,14,2,27,98,0,98,125
03/12/2017,SLN,KS,ACE,CE,Federal Contract Tower,0,8,30,3,41,0,5,11,3,19,0,13,41,6,60,12,20,32,92
03/13/2017,SLN,KS,ACE,CE,Federal Contract Tower,0,15,12,6,33,0,42,15,4,61,0,57,27,10,94,70,4,74,168
03/14/2017,SLN,KS,ACE,CE,Federal Contract Tower,0,13,10,0,23,0,64,25,9,98,0,77,35,9,121,162,8,170,291
03/15/2017,SLN,KS,ACE,CE,Federal Contract Tower,0,23,10,2,35,0,65,32,4,101,0,88,42,6,136,146,2,148,284
03/16/2017,SLN,KS,ACE,CE,Federal Contract Tower,0,29,16,6,51,0,74,15,17,106,0,103,31,23,157,116,28,144,301
03/17/2017,SLN,KS,ACE,CE,Federal Contract Tower,0,11,14,1,26,0,65,27,12,104,0,76,41,13,130,66,14,80,210
03/18/2017,SLN,KS,ACE,CE,Federal Contract Tower,0,7,25,2,34,0,5,23,2,30,0,12,48,4,64,22,0,22,86
03/19/2017,SLN,KS,ACE,CE,Federal Contract Tower,0,4,17,1,22,0,3,6,1,10,0,7,23,2,32,12,0,12,44
03/20/2017,SLN,KS,ACE,CE,Federal Contract Tower,0,13,14,9,36,0,25,14,7,46,0,38,28,16,82,98,16,114,196
03/21/2017,SLN,KS,ACE,CE,Federal Contract Tower,0,6,10,7,23,0,29,20,2,51,0,35,30,9,74,40,8,48,122
03/22/2017,SLN,KS,ACE,CE,Federal Contract Tower,0,11,18,7,36,0,29,15,5,49,0,40,33,12,85,114,18,132,217
03/23/2017,SLN,KS,ACE,CE,Federal Contract Tower,0,20,20,2,42,0,8,6,15,29,0,28,26,17,71,6,16,22,93
03/24/2017,SLN,KS,ACE,CE,Federal Contract Tower,0,11,13,8,32,0,11,9,9,29,0,22,22,17,61,52,42,94,155
03/25/2017,SLN,KS,ACE,CE,Federal Contract Tower,0,5,14,1,20,0,0,4,1,5,0,5,18,2,25,4,16,20,45
03/26/2017,SLN,KS,ACE,CE,Federal Contract Tower,0,6,24,2,32,0,0,5,0,5,0,6,29,2,37,6,0,6,43
03/27/2017,SLN,KS,ACE,CE,Federal Contract Tower,0,42,16,10,68,0,16,3,0,19,0,58,19,10,87,118,0,118,205
03/28/2017,SLN,KS,ACE,CE,Federal Contract Tower,0,31,6,5,42,0,35,2,0,37,0,66,8,5,79,130,0,130,209
03/29/2017,SLN,KS,ACE,CE,Federal Contract Tower,0,8,6,1,15,0,0,0,0,0,0,8,6,1,15,0,0,0,15
03/30/2017,SLN,KS,ACE,CE,Federal Contract Tower,0,13,10,18,41,0,0,3,1,4,0,13,13,19,45,0,16,16,61
03/31/2017,SLN,KS,ACE,CE,Federal Contract Tower,0,12,16,8,36,0,7,6,2,15,0,19,22,10,51,106,0,106,157
04/01/2017,SLN,KS,ACE,CE,Federal Contract Tower,0,7,12,0,19,0,9,0,0,9,0,16,12,0,28,22,0,22,50
04/02/2017,SLN,KS,ACE,CE,Federal Contract Tower,0,7,6,0,13,0,0,0,0,0,0,7,6,0,13,0,0,0,13
04/03/2017,SLN,KS,ACE,CE,Federal Contract Tower,0,25,13,1,39,0,52,6,0,58,0,77,19,1,97,150,0,150,247
04/04/2017,SLN,KS,ACE,CE,Federal Contract Tower,0,13,6,5,24,0,18,7,1,26,0,31,13,6,50,38,0,38,88
04/05/2017,SLN,KS,ACE,CE,Federal Contract Tower,0,13,15,4,32,0,76,20,6,102,0,89,35,10,134,76,26,102,236
04/06/2017,SLN,KS,ACE,CE,Federal Contract Tower,0,31,19,1,51,0,95,35,12,142,0,126,54,13,193,198,24,222,415
04/07/2017,SLN,KS,ACE,CE,Federal Contract Tower,0,20,20,4,44,0,75,19,11,105,0,95,39,15,149,80,12,92,241
04/08/2017,SLN,KS,ACE,CE,Federal Contract Tower,0,15,13,0,28,0,25,35,10,70,0,40,48,10,98,28,6,34,132
04/09/2017,SLN,KS,ACE,CE,Federal Contract Tower,0,7,16,2,25,0,21,6,2,29,0,28,22,4,54,64,0,64,118
04/10/2017,SLN,KS,ACE,CE,Federal Contract Tower,0,18,12,6,36,0,68,20,1,89,0,86,32,7,125,100,8,108,233
04/11/2017,SLN,KS,ACE,CE,Federal Contract Tower,0,28,12,2,42,0,71,21,5,97,0,99,33,7,139,176,8,184,323
04/12/2017,SLN,KS,ACE,CE,Federal Contract Tower,4,17,9,8,38,0,50,9,6,65,4,67,18,14,103,112,10,122,225
04/13/2017,SLN,KS,ACE,CE,Federal Contract Tower,0,6,13,8,27,0,61,14,14,89,0,67,27,22,116,180,50,230,346
04/14/2017,SLN,KS,ACE,CE,Federal Contract Tower,0,23,14,3,40,0,20,2,4,26,0,43,16,7,66,62,8,70,136
04/15/2017,SLN,KS,ACE,CE,Federal Contract Tower,2,8,3,2,15,0,16,8,0,24,2,24,11,2,39,40,0,40,79
04/16/2017,SLN,KS,ACE,CE,Federal Contract Tower,0,2,3,0,5,0,0,2,0,2,0,2,5,0,7,0,0,0,7
04/17/2017,SLN,KS,ACE,CE,Federal Contract Tower,0,18,17,12,47,0,75,20,10,105,0,93,37,22,152,140,46,186,338
04/18/2017,SLN,KS,ACE,CE,Federal Contract Tower,0,18,6,3,27,0,80,25,3,108,0,98,31,6,135,106,2,108,243
04/19/2017,SLN,KS,ACE,CE,Federal Contract Tower,0,11,10,21,42,0,31,8,4,43,0,42,18,25,85,20,56,76,161
04/20/2017,SLN,KS,ACE,CE,Federal Contract Tower,0,21,14,7,42,0,93,24,20,137,0,114,38,27,179,160,4,164,343
04/21/2017,SLN,KS,ACE,CE,Federal Contract Tower,0,10,8,2,20,0,47,4,15,66,0,57,12,17,86,192,26,218,304
04/22/2017,SLN,KS,ACE,CE,Federal Contract Tower,0,20,15,0,35,0,43,19,0,62,0,63,34,0,97,82,0,82,179
04/23/2017,SLN,KS,ACE,CE,Federal Contract Tower,0,14,6,3,23,0,34,19,0,53,0,48,25,3,76,80,0,80,156
04/24/2017,SLN,KS,ACE,CE,Federal Contract Tower,0,9,9,2,20,0,33,7,2,42,0,42,16,4,62,80,14,94,156
04/25/2017,SLN,KS,ACE,CE,Federal Contract Tower,0,20,11,0,31,0,71,25,0,96,0,91,36,0,127,32,0,32,159
04/26/2017,SLN,KS,ACE,CE,Federal Contract Tower,0,21,4,0,25,0,72,5,1,78,0,93,9,1,103,43,0,43,146
04/27/2017,SLN,KS,ACE,CE,Federal Contract Tower,0,14,12,2,28,0,58,5,2,65,0,72,17,4,93,26,0,26,119
04/28/2017,SLN,KS,ACE,CE,Federal Contract Tower,0,21,11,2,34,0,53,9,1,63,0,74,20,3,97,30,6,36,133
04/29/2017,SLN,KS,ACE,CE,Federal Contract Tower,0,6,0,0,6,0,0,0,0,0,0,6,0,0,6,0,0,0,6
04/30/2017,SLN,KS,ACE,CE,Federal Contract Tower,0,3,5,0,8,0,0,0,0,0,0,3,5,0,8,0,0,0,8
05/01/2017,SLN,KS,ACE,CE,Federal Contract Tower,0,13,8,0,21,0,75,4,0,79,0,88,12,0,100,92,0,92,192
05/02/2017,SLN,KS,ACE,CE,Federal Contract Tower,0,19,14,2,35,0,95,35,0,130,0,114,49,2,165,52,0,52,217
05/03/2017,SLN,KS,ACE,CE,Federal Contract Tower,0,15,6,0,21,0,26,5,2,33,0,41,11,2,54,18,0,18,72
05/04/2017,SLN,KS,ACE,CE,Federal Contract Tower,0,25,19,0,44,0,71,17,11,99,0,96,36,11,143,52,20,72,215
05/05/2017,SLN,KS,ACE,CE,Federal Contract Tower,0,22,7,0,29,0,72,33,6,111,0,94,40,6,140,48,4,52,192
05/06/2017,SLN,KS,ACE,CE,Federal Contract Tower,0,11,11,0,22,0,27,37,0,64,0,38,48,0,86,20,0,20,106
05/07/2017,SLN,KS,ACE,CE,Federal Contract Tower,0,10,8,0,18,0,9,18,4,31,0,19,26,4,49,2,0,2,51
05/08/2017,SLN,KS,ACE,CE,Federal Contract Tower,0,19,5,0,24,0,60,13,0,73,0,79,18,0,97,74,0,74,171
05/09/2017,SLN,KS,ACE,CE,Federal Contract Tower,0,11,14,8,33,0,42,11,2,55,0,53,25,10,88,62,4,66,154
05/10/2017,SLN,KS,ACE,CE,Federal Contract Tower,0,14,9,0,23,0,46,8,4,58,0,60,17,4,81,110,12,122,203
05/11/2017,SLN,KS,ACE,CE,Federal Contract Tower,0,20,9,0,29,0,26,4,8,38,0,46,13,8,67,60,4,64,131
05/12/2017,SLN,KS,ACE,CE,Federal Contract Tower,0,23,7,2,32,0,49,18,6,73,0,72,25,8,105,144,8,152,257
05/13/2017,SLN,KS,ACE,CE,Federal Contract Tower,0,9,4,0,13,0,17,29,0,46,0,26,33,0,59,34,0,34,93
05/14/2017,SLN,KS,ACE,CE,Federal Contract Tower,0,4,2,0,6,0,0,6,0,6,0,4,8,0,12,16,0,16,28
05/16/2017,SLN,KS,ACE,CE,Federal Contract Tower,0,12,12,0,24,0,40,10,4,54,0,52,22,4,78,38,0,38,116
05/17/2017,SLN,KS,ACE,CE,Federal Contract Tower,0,11,13,0,24,0,28,9,0,37,0,39,22,0,61,46,0,46,107
05/18/2017,SLN,KS,ACE,CE,Federal Contract Tower,0,17,18,5,40,0,29,2,5,36,0,46,20,10,76,58,40,98,174
05/19/2017,SLN,KS,ACE,CE,Federal Contract Tower,0,7,14,9,30,0,1,0,3,4,0,8,14,12,34,0,10,10,44
05/20/2017,SLN,KS,ACE,CE,Federal Contract Tower,0,7,17,2,26,0,1,7,0,8,0,8,24,2,34,2,0,2,36
05/21/2017,SLN,KS,ACE,CE,Federal Contract Tower,0,5,11,0,16,0,6,37,0,43,0,11,48,0,59,24,0,24,83
05/22/2017,SLN,KS,ACE,CE,Federal Contract Tower,0,15,12,0,27,0,13,13,0,26,0,28,25,0,53,50,0,50,103
05/23/2017,SLN,KS,ACE,CE,Federal Contract Tower,0,16,14,12,42,0,41,16,6,63,0,57,30,18,105,86,32,118,223
05/24/2017,SLN,KS,ACE,CE,Federal Contract Tower,0,15,14,2,31,0,47,29,8,84,0,62,43,10,115,116,20,136,251
05/25/2017,SLN,KS,ACE,CE,Federal Contract Tower,0,12,12,4,28,0,42,20,2,64,0,54,32,6,92,100,10,110,202
05/26/2017,SLN,KS,ACE,CE,Federal Contract Tower,0,9,11,5,25,0,32,11,4,47,0,41,22,9,72,68,16,84,156
05/27/2017,SLN,KS,ACE,CE,Federal Contract Tower,2,7,3,1,13,0,4,5,0,9,2,11,8,1,22,18,0,18,40
05/28/2017,SLN,KS,ACE,CE,Federal Contract Tower,0,4,3,2,9,0,3,26,0,29,0,7,29,2,38,20,0,20,58
05/29/2017,SLN,KS,ACE,CE,Federal Contract Tower,0,6,5,0,11,0,0,28,0,28,0,6,33,0,39,28,0,28,67
05/30/2017,SLN,KS,ACE,CE,Federal Contract Tower,0,11,9,9,29,0,44,21,6,71,0,55,30,15,100,38,2,40,140
05/31/2017,SLN,KS,ACE,CE,Federal Contract Tower,0,12,14,7,33,0,40,16,11,67,0,52,30,18,100,84,36,120,220
06/01/2017,SLN,KS,ACE,CE,Federal Contract Tower,0,11,12,1,24,0,41,6,3,50,0,52,18,4,74,110,8,118,192
06/02/2017,SLN,KS,ACE,CE,Federal Contract Tower,0,7,21,4,32,0,39,20,2,61,0,46,41,6,93,124,18,142,235
06/03/2017,SLN,KS,ACE,CE,Federal Contract Tower,0,14,6,1,21,0,6,28,22,56,0,20,34,23,77,20,68,88,165
06/04/2017,SLN,KS,ACE,CE,Federal Contract Tower,0,1,12,7,20,0,0,9,16,25,0,1,21,23,45,0,10,10,55
06/05/2017,SLN,KS,ACE,CE,Federal Contract Tower,0,14,16,11,41,0,48,29,30,107,0,62,45,41,148,58,84,142,290
06/06/2017,SLN,KS,ACE,CE,Federal Contract Tower,0,11,13,6,30,0,28,37,22,87,0,39,50,28,117,66,0,66,183
06/07/2017,SLN,KS,ACE,CE,Federal Contract Tower,0,11,17,11,39,0,63,14,29,106,0,74,31,40,145,102,34,136,281
06/08/2017,SLN,KS,ACE,CE,Federal Contract Tower,0,13,10,3,26,0,45,25,24,94,0,58,35,27,120,50,52,102,222
06/09/2017,SLN,KS,ACE,CE,Federal Contract Tower,0,8,2,8,18,0,33,26,29,88,0,41,28,37,106,44,12,56,162
06/10/2017,SLN,KS,ACE,CE,Federal Contract Tower,0,10,11,1,22,0,3,19,2,24,0,13,30,3,46,6,4,10,56
06/11/2017,SLN,KS,ACE,CE,Federal Contract Tower,0,5,7,0,12,0,0,0,0,0,0,5,7,0,12,0,0,0,12
06/12/2017,SLN,KS,ACE,CE,Federal Contract Tower,2,9,15,9,35,0,61,22,34,117,2,70,37,43,152,30,50,80,232
06/13/2017,SLN,KS,ACE,CE,Federal Contract Tower,0,9,10,5,24,0,45,5,40,90,0,54,15,45,114,36,12,48,162
06/14/2017,SLN,KS,ACE,CE,Federal Contract Tower,2,14,14,7,37,0,44,18,12,74,2,58,32,19,111,44,12,56,167
06/15/2017,SLN,KS,ACE,CE,Federal Contract Tower,2,8,9,2,21,0,25,20,8,53,2,33,29,10,74,80,2,82,156
06/16/2017,SLN,KS,ACE,CE,Federal Contract Tower,2,11,12,0,25,0,57,18,7,82,2,68,30,7,107,34,0,34,141
06/17/2017,SLN,KS,ACE,CE,Federal Contract Tower,0,10,7,0,17,0,0,18,2,20,0,10,25,2,37,6,0,6,43
06/18/2017,SLN,KS,ACE,CE,Federal Contract Tower,0,8,10,3,21,0,0,10,4,14,0,8,20,7,35,0,4,4,39
06/19/2017,SLN,KS,ACE,CE,Federal Contract Tower,0,20,17,6,43,0,45,18,2,65,0,65,35,8,108,68,4,72,180
06/20/2017,SLN,KS,ACE,CE,Federal Contract Tower,2,16,11,2,31,0,40,22,5,67,2,56,33,7,98,44,6,50,148
06/21/2017,SLN,KS,ACE,CE,Federal Contract Tower,1,17,18,3,39,0,38,15,10,63,1,55,33,13,102,34,8,42,144
06/22/2017,SLN,KS,ACE,CE,Federal Contract Tower,1,17,20,4,42,0,30,18,5,53,1,47,38,9,95,52,30,82,177
06/23/2017,SLN,KS,ACE,CE,Federal Contract Tower,4,13,10,5,32,0,31,12,1,44,4,44,22,6,76,30,0,30,106
06/24/2017,SLN,KS,ACE,CE,Federal Contract Tower,0,6,7,0,13,0,9,20,0,29,0,15,27,0,42,4,0,4,46
06/25/2017,SLN,KS,ACE,CE,Federal Contract Tower,0,2,12,0,14,0,0,4,0,4,0,2,16,0,18,0,0,0,18
06/26/2017,SLN,KS,ACE,CE,Federal Contract Tower,1,15,5,9,30,0,46,9,4,59,1,61,14,13,89,42,4,46,135
06/27/2017,SLN,KS,ACE,CE,Federal Contract Tower,0,24,9,5,38,0,22,14,5,41,0,46,23,10,79,54,2,56,135
06/28/2017,SLN,KS,ACE,CE,Federal Contract Tower,3,10,18,4,35,0,20,6,1,27,3,30,24,5,62,32,8,40,102
06/29/2017,SLN,KS,ACE,CE,Federal Contract Tower,0,18,8,3,29,0,34,10,0,44,0,52,18,3,73,84,0,84,157
06/30/2017,SLN,KS,ACE,CE,Federal Contract Tower,2,17,12,10,41,0,39,18,3,60,2,56,30,13,101,74,22,96,197
07/01/2017,SLN,KS,ACE,CE,Federal Contract Tower,0,7,12,0,19,0,0,14,0,14,0,7,26,0,33,10,0,10,43
07/02/2017,SLN,KS,ACE,CE,Federal Contract Tower,0,2,5,0,7,0,0,8,0,8,0,2,13,0,15,2,0,2,17
07/03/2017,SLN,KS,ACE,CE,Federal Contract Tower,0,9,3,0,12,0,7,9,0,16,0,16,12,0,28,36,0,36,64
07/04/2017,SLN,KS,ACE,CE,Federal Contract Tower,0,6,6,0,12,0,0,9,0,9,0,6,15,0,21,0,0,0,21
07/05/2017,SLN,KS,ACE,CE,Federal Contract Tower,0,15,15,3,33,0,34,11,1,46,0,49,26,4,79,56,4,60,139
07/06/2017,SLN,KS,ACE,CE,Federal Contract Tower,0,20,9,9,38,0,47,18,9,74,0,67,27,18,112,66,58,124,236
07/07/2017,SLN,KS,ACE,CE,Federal Contract Tower,0,10,12,6,28,0,59,13,11,83,0,69,25,17,111,92,18,110,221
07/08/2017,SLN,KS,ACE,CE,Federal Contract Tower,0,8,9,0,17,0,9,21,14,44,0,17,30,14,61,10,0,10,71
07/09/2017,SLN,KS,ACE,CE,Federal Contract Tower,0,2,14,0,16,0,0,19,16,35,0,2,33,16,51,0,0,0,51
07/10/2017,SLN,KS,ACE,CE,Federal Contract Tower,0,8,10,6,24,0,41,14,6,61,0,49,24,12,85,58,26,84,169
07/11/2017,SLN,KS,ACE,CE,Federal Contract Tower,0,10,16,4,30,0,48,7,6,61,0,58,23,10,91,66,4,70,161
07/12/2017,SLN,KS,ACE,CE,Federal Contract Tower,0,21,6,2,29,0,38,14,4,56,0,59,20,6,85,66,6,72,157
07/13/2017,SLN,KS,ACE,CE,Federal Contract Tower,0,14,18,0,32,0,37,14,2,53,0,51,32,2,85,54,0,54,139
07/14/2017,SLN,KS,ACE,CE,Federal Contract Tower,2,12,14,2,30,0,23,9,2,34,2,35,23,4,64,40,10,50,114
07/15/2017,SLN,KS,ACE,CE,Federal Contract Tower,2,7,7,0,16,0,7,25,0,32,2,14,32,0,48,22,0,22,70
07/16/2017,SLN,KS,ACE,CE,Federal Contract Tower,0,6,8,0,14,0,8,13,0,21,0,14,21,0,35,28,0,28,63
07/17/2017,SLN,KS,ACE,CE,Federal Contract Tower,0,5,10,4,19,0,32,19,6,57,0,37,29,10,76,84,12,96,172
07/18/2017,SLN,KS,ACE,CE,Federal Contract Tower,0,17,15,1,33,0,24,19,0,43,0,41,34,1,76,38,0,38,114
07/19/2017,SLN,KS,ACE,CE,Federal Contract Tower,0,18,13,5,36,0,32,9,4,45,0,50,22,9,81,48,44,92,173
07/20/2017,SLN,KS,ACE,CE,Federal Contract Tower,0,12,15,4,31,0,50,15,8,73,0,62,30,12,104,56,34,90,194
07/21/2017,SLN,KS,ACE,CE,Federal Contract Tower,0,8,7,11,26,0,31,14,7,52,0,39,21,18,78,28,10,38,116
07/22/2017,SLN,KS,ACE,CE,Federal Contract Tower,0,7,11,0,18,0,12,13,3,28,0,19,24,3,46,18,0,18,64
07/23/2017,SLN,KS,ACE,CE,Federal Contract Tower,0,10,27,0,37,0,8,11,0,19,0,18,38,0,56,6,0,6,62
07/24/2017,SLN,KS,ACE,CE,Federal Contract Tower,0,8,9,1,18,0,29,10,5,44,0,37,19,6,62,68,10,78,140
07/25/2017,SLN,KS,ACE,CE,Federal Contract Tower,0,21,15,2,38,0,40,10,9,59,0,61,25,11,97,56,12,68,165
07/26/2017,SLN,KS,ACE,CE,Federal Contract Tower,0,9,11,2,22,0,13,11,5,29,0,22,22,7,51,64,2,66,117
07/27/2017,SLN,KS,ACE,CE,Federal Contract Tower,0,19,12,6,37,0,18,6,4,28,0,37,18,10,65,68,0,68,133
07/28/2017,SLN,KS,ACE,CE,Federal Contract Tower,2,18,12,3,35,0,27,22,6,55,2,45,34,9,90,80,2,82,172
07/29/2017,SLN,KS,ACE,CE,Federal Contract Tower,0,5,17,0,22,0,4,25,0,29,0,9,42,0,51,18,0,18,69
07/30/2017,SLN,KS,ACE,CE,Federal Contract Tower,0,6,13,6,25,0,0,18,0,18,0,6,31,6,43,14,0,14,57
07/31/2017,SLN,KS,ACE,CE,Federal Contract Tower,0,10,15,0,25,0,27,9,0,36,0,37,24,0,61,68,0,68,129
08/01/2017,SLN,KS,ACE,CE,Federal Contract Tower,0,19,7,12,38,0,45,25,5,75,0,64,32,17,113,74,26,100,213
08/02/2017,SLN,KS,ACE,CE,Federal Contract Tower,0,13,25,6,44,0,41,23,2,66,0,54,48,8,110,112,18,130,240
08/03/2017,SLN,KS,ACE,CE,Federal Contract Tower,0,14,13,8,35,0,44,15,1,60,0,58,28,9,95,120,8,128,223
08/04/2017,SLN,KS,ACE,CE,Federal Contract Tower,0,15,13,10,38,0,29,24,2,55,0,44,37,12,93,58,26,84,177
08/05/2017,SLN,KS,ACE,CE,Federal Contract Tower,0,7,6,1,14,0,2,8,1,11,0,9,14,2,25,2,0,2,27
08/06/2017,SLN,KS,ACE,CE,Federal Contract Tower,0,4,22,0,26,0,0,0,0,0,0,4,22,0,26,0,0,0,26
08/07/2017,SLN,KS,ACE,CE,Federal Contract Tower,0,17,17,9,43,0,29,16,4,49,0,46,33,13,92,70,42,112,204
08/08/2017,SLN,KS,ACE,CE,Federal Contract Tower,0,8,9,3,20,0,46,20,4,70,0,54,29,7,90,120,4,124,214
08/09/2017,SLN,KS,ACE,CE,Federal Contract Tower,0,10,8,9,27,0,8,23,2,33,0,18,31,11,60,26,26,52,112
08/10/2017,SLN,KS,ACE,CE,Federal Contract Tower,0,8,29,2,39,0,2,3,6,11,0,10,32,8,50,8,0,8,58
08/11/2017,SLN,KS,ACE,CE,Federal Contract Tower,0,12,9,6,27,0,31,10,4,45,0,43,19,10,72,56,116,172,244
08/12/2017,SLN,KS,ACE,CE,Federal Contract Tower,0,7,18,0,25,0,4,21,2,27,0,11,39,2,52,26,0,26,78
08/13/2017,SLN,KS,ACE,CE,Federal Contract Tower,0,8,11,0,19,0,2,7,0,9,0,10,18,0,28,26,0,26,54
08/14/2017,SLN,KS,ACE,CE,Federal Contract Tower,0,6,5,4,15,0,24,8,2,34,0,30,13,6,49,81,24,105,154
08/15/2017,SLN,KS,ACE,CE,Federal Contract Tower,0,10,19,13,42,0,39,5,8,52,0,49,24,21,94,86,58,144,238
08/16/2017,SLN,KS,ACE,CE,Federal Contract Tower,0,10,10,1,21,0,21,4,3,28,0,31,14,4,49,76,14,90,139
08/17/2017,SLN,KS,ACE,CE,Federal Contract Tower,0,9,22,3,34,0,2,11,8,21,0,11,33,11,55,4,2,6,61
08/18/2017,SLN,KS,ACE,CE,Federal Contract Tower,0,5,11,4,20,0,1,8,7,16,0,6,19,11,36,0,0,0,36
08/19/2017,SLN,KS,ACE,CE,Federal Contract Tower,0,4,4,0,8,0,0,26,2,28,0,4,30,2,36,18,0,18,54
08/20/2017,SLN,KS,ACE,CE,Federal Contract Tower,0,3,6,0,9,0,1,9,4,14,0,4,15,4,23,0,0,0,23
08/21/2017,SLN,KS,ACE,CE,Federal Contract Tower,0,11,11,0,22,0,12,29,4,45,0,23,40,4,67,27,0,27,94
08/22/2017,SLN,KS,ACE,CE,Federal Contract Tower,0,17,13,0,30,0,17,11,10,38,0,34,24,10,68,30,14,44,112
08/23/2017,SLN,KS,ACE,CE,Federal Contract Tower,0,11,8,5,24,0,45,12,12,69,0,56,20,17,93,76,6,82,175
08/24/2017,SLN,KS,ACE,CE,Federal Contract Tower,0,16,12,5,33,0,63,16,10,89,0,79,28,15,122,128,28,156,278
08/25/2017,SLN,KS,ACE,CE,Federal Contract Tower,0,11,3,1,15,0,60,17,10,87,0,71,20,11,102,96,0,96,198
08/26/2017,SLN,KS,ACE,CE,Federal Contract Tower,0,10,9,0,19,0,25,15,4,44,0,35,24,4,63,32,10,42,105
08/27/2017,SLN,KS,ACE,CE,Federal Contract Tower,0,4,3,8,15,0,0,8,4,12,0,4,11,12,27,2,6,8,35
08/28/2017,SLN,KS,ACE,CE,Federal Contract Tower,0,16,13,18,47,0,101,14,8,123,0,117,27,26,170,116,32,148,318
08/29/2017,SLN,KS,ACE,CE,Federal Contract Tower,0,17,3,11,31,0,71,20,13,104,0,88,23,24,135,80,32,112,247
08/30/2017,SLN,KS,ACE,CE,Federal Contract Tower,0,17,14,1,32,0,113,13,8,134,0,130,27,9,166,174,6,180,346
08/31/2017,SLN,KS,ACE,CE,Federal Contract Tower,0,29,10,12,51,0,55,26,8,89,0,84,36,20,140,76,18,94,234
09/01/2017,SLN,KS,ACE,CE,Federal Contract Tower,0,11,12,0,23,0,95,18,0,113,0,106,30,0,136,130,0,130,266
09/02/2017,SLN,KS,ACE,CE,Federal Contract Tower,0,11,11,0,22,0,20,20,0,40,0,31,31,0,62,44,0,44,106
09/03/2017,SLN,KS,ACE,CE,Federal Contract Tower,0,2,10,0,12,0,0,16,0,16,0,2,26,0,28,30,0,30,58
09/04/2017,SLN,KS,ACE,CE,Federal Contract Tower,0,8,16,0,24,0,0,10,0,10,0,8,26,0,34,4,0,4,38
09/05/2017,SLN,KS,ACE,CE,Federal Contract Tower,2,8,6,6,22,0,76,13,8,97,2,84,19,14,119,106,12,118,237
09/06/2017,SLN,KS,ACE,CE,Federal Contract Tower,2,14,11,12,39,0,80,16,9,105,2,94,27,21,144,140,36,176,320
09/07/2017,SLN,KS,ACE,CE,Federal Contract Tower,0,19,13,9,41,0,69,18,4,91,0,88,31,13,132,64,70,134,266
09/08/2017,SLN,KS,ACE,CE,Federal Contract Tower,1,17,10,10,38,0,64,9,18,91,1,81,19,28,129,82,18,100,229
09/09/2017,SLN,KS,ACE,CE,Federal Contract Tower,1,8,6,1,16,0,14,15,24,53,1,22,21,25,69,14,38,52,121
09/10/2017,SLN,KS,ACE,CE,Federal Contract Tower,1,2,10,4,17,0,1,19,3,23,1,3,29,7,40,24,22,46,86
09/11/2017,SLN,KS,ACE,CE,Federal Contract Tower,2,15,12,14,43,0,107,13,3,123,2,122,25,17,166,176,84,260,426
09/12/2017,SLN,KS,ACE,CE,Federal Contract Tower,0,17,19,1,37,0,82,18,7,107,0,99,37,8,144,160,6,166,310
09/13/2017,SLN,KS,ACE,CE,Federal Contract Tower,0,12,10,3,25,0,100,9,8,117,0,112,19,11,142,186,8,194,336
09/14/2017,SLN,KS,ACE,CE,Federal Contract Tower,5,11,13,8,37,0,79,24,8,111,5,90,37,16,148,112,8,120,268
09/15/2017,SLN,KS,ACE,CE,Federal Contract Tower,2,6,3,6,17,0,36,20,14,70,2,42,23,20,87,40,8,48,135
09/16/2017,SLN,KS,ACE,CE,Federal Contract Tower,2,5,5,2,14,0,25,14,6,45,2,30,19,8,59,104,0,104,163
09/17/2017,SLN,KS,ACE,CE,Federal Contract Tower,3,2,11,0,16,0,0,5,0,5,3,2,16,0,21,0,0,0,21
09/18/2017,SLN,KS,ACE,CE,Federal Contract Tower,4,13,13,0,30,0,54,20,0,74,4,67,33,0,104,98,0,98,202
09/19/2017,SLN,KS,ACE,CE,Federal Contract Tower,0,11,10,6,27,0,82,13,8,103,0,93,23,14,130,126,2,128,258
09/20/2017,SLN,KS,ACE,CE,Federal Contract Tower,0,21,19,1,41,0,111,19,4,134,0,132,38,5,175,346,4,350,525
09/21/2017,SLN,KS,ACE,CE,Federal Contract Tower,0,11,28,10,49,0,65,21,6,92,0,76,49,16,141,124,12,136,277
09/22/2017,SLN,KS,ACE,CE,Federal Contract Tower,2,18,6,8,34,0,67,7,4,78,2,85,13,12,112,98,55,153,265
09/23/2017,SLN,KS,ACE,CE,Federal Contract Tower,1,7,3,1,12,0,36,19,0,55,1,43,22,1,67,152,0,152,219
09/24/2017,SLN,KS,ACE,CE,Federal Contract Tower,0,9,9,2,20,0,0,2,0,2,0,9,11,2,22,0,0,0,22
09/25/2017,SLN,KS,ACE,CE,Federal Contract Tower,0,5,7,0,12,0,11,0,0,11,0,16,7,0,23,28,0,28,51
09/26/2017,SLN,KS,ACE,CE,Federal Contract Tower,0,20,13,13,46,0,17,12,5,34,0,37,25,18,80,134,20,154,234
09/27/2017,SLN,KS,ACE,CE,Federal Contract Tower,0,18,11,11,40,0,92,16,6,114,0,110,27,17,154,216,72,288,442
09/28/2017,SLN,KS,ACE,CE,Federal Contract Tower,0,15,16,8,39,0,95,30,8,133,0,110,46,16,172,266,32,298,470
09/29/2017,SLN,KS,ACE,CE,Federal Contract Tower,0,18,16,11,45,0,101,17,2,120,0,119,33,13,165,332,2,334,499
09/30/2017,SLN,KS,ACE,CE,Federal Contract Tower,0,12,5,0,17,0,28,26,0,54,0,40,31,0,71,160,0,160,231
10/01/2017,SLN,KS,ACE,CE,Federal Contract Tower,0,7,9,0,16,0,0,7,0,7,0,7,16,0,23,14,0,14,37
10/02/2017,SLN,KS,ACE,CE,Federal Contract Tower,0,11,10,2,23,0,65,5,3,73,0,76,15,5,96,66,2,68,164
10/03/2017,SLN,KS,ACE,CE,Federal Contract Tower,0,21,8,6,35,0,24,3,0,27,0,45,11,6,62,74,20,94,156
10/04/2017,SLN,KS,ACE,CE,Federal Contract Tower,0,13,10,0,23,0,0,0,0,0,0,13,10,0,23,0,0,0,23
10/05/2017,SLN,KS,ACE,CE,Federal Contract Tower,0,12,10,4,26,0,7,0,0,7,0,19,10,4,33,8,0,8,41
10/06/2017,SLN,KS,ACE,CE,Federal Contract Tower,0,7,9,1,17,0,42,13,0,55,0,49,22,1,72,84,0,84,156
10/07/2017,SLN,KS,ACE,CE,Federal Contract Tower,0,15,8,0,23,0,50,43,0,93,0,65,51,0,116,240,0,240,356
10/08/2017,SLN,KS,ACE,CE,Federal Contract Tower,0,6,7,0,13,0,0,16,0,16,0,6,23,0,29,8,0,8,37
10/09/2017,SLN,KS,ACE,CE,Federal Contract Tower,2,10,22,0,34,0,76,12,0,88,2,86,34,0,122,164,0,164,286
10/10/2017,SLN,KS,ACE,CE,Federal Contract Tower,0,10,17,4,31,0,38,3,3,44,0,48,20,7,75,192,0,192,267
10/11/2017,SLN,KS,ACE,CE,Federal Contract Tower,0,14,17,9,40,0,86,19,7,112,0,100,36,16,152,306,14,320,472
10/12/2017,SLN,KS,ACE,CE,Federal Contract Tower,0,16,14,8,38,0,104,24,12,140,0,120,38,20,178,174,8,182,360
10/13/2017,SLN,KS,ACE,CE,Federal Contract Tower,0,29,6,9,44,0,83,13,7,103,0,112,19,16,147,286,0,286,433
10/14/2017,SLN,KS,ACE,CE,Federal Contract Tower,0,10,7,0,17,0,8,6,0,14,0,18,13,0,31,14,0,14,45
10/15/2017,SLN,KS,ACE,CE,Federal Contract Tower,0,9,9,0,18,0,1,15,0,16,0,10,24,0,34,22,0,22,56
10/16/2017,SLN,KS,ACE,CE,Federal Contract Tower,2,14,9,7,32,0,83,12,1,96,2,97,21,8,128,156,0,156,284
10/17/2017,SLN,KS,ACE,CE,Federal Contract Tower,0,24,13,9,46,0,61,26,11,98,0,85,39,20,144,188,44,232,376
10/18/2017,SLN,KS,ACE,CE,Federal Contract Tower,0,14,11,2,27,0,86,17,2,105,0,100,28,4,132,210,0,210,342
10/19/2017,SLN,KS,ACE,CE,Federal Contract Tower,0,14,10,6,30,0,52,19,3,74,0,66,29,9,104,90,12,102,206
10/20/2017,SLN,KS,ACE,CE,Federal Contract Tower,0,9,20,4,33,0,27,13,3,43,0,36,33,7,76,66,74,140,216
10/21/2017,SLN,KS,ACE,CE,Federal Contract Tower,0,12,0,0,12,0,2,1,0,3,0,14,1,0,15,0,0,0,15
10/22/2017,SLN,KS,ACE,CE,Federal Contract Tower,0,4,16,0,20,0,1,26,1,28,0,5,42,1,48,16,0,16,64
10/23/2017,SLN,KS,ACE,CE,Federal Contract Tower,0,8,4,10,22,0,42,13,7,62,0,50,17,17,84,48,2,50,134
10/24/2017,SLN,KS,ACE,CE,Federal Contract Tower,0,10,12,10,32,0,25,10,11,46,0,35,22,21,78,50,12,62,140
10/25/2017,SLN,KS,ACE,CE,Federal Contract Tower,1,16,13,9,39,0,85,20,11,116,1,101,33,20,155,197,18,215,370
10/26/2017,SLN,KS,ACE,CE,Federal Contract Tower,0,12,29,6,47,0,45,8,10,63,0,57,37,16,110,96,20,116,226
10/27/2017,SLN,KS,ACE,CE,Federal Contract Tower,0,9,7,5,21,0,76,13,3,92,0,85,20,8,113,164,4,168,281
10/28/2017,SLN,KS,ACE,CE,Federal Contract Tower,0,14,8,0,22,0,44,30,5,79,0,58,38,5,101,126,4,130,231
10/29/2017,SLN,KS,ACE,CE,Federal Contract Tower,0,10,10,6,26,0,1,23,0,24,0,11,33,6,50,62,0,62,112
10/30/2017,SLN,KS,ACE,CE,Federal Contract Tower,0,12,4,2,18,0,56,9,1,66,0,68,13,3,84,90,0,90,174
10/31/2017,SLN,KS,ACE,CE,Federal Contract Tower,0,11,9,0,20,0,23,2,0,25,0,34,11,0,45,72,0,72,117
11/01/2017,SLN,KS,ACE,CE,Federal Contract Tower,0,13,14,12,39,0,73,24,3,100,0,86,38,15,139,160,94,254,393
11/02/2017,SLN,KS,ACE,CE,Federal Contract Tower,0,26,8,1,35,0,21,4,9,34,0,47,12,10,69,68,4,72,141
11/03/2017,SLN,KS,ACE,CE,Federal Contract Tower,0,15,20,10,45,0,62,13,3,78,0,77,33,13,123,198,40,238,361
11/04/2017,SLN,KS,ACE,CE,Federal Contract Tower,0,10,2,0,12,0,1,2,0,3,0,11,4,0,15,0,0,0,15
11/05/2017,SLN,KS,ACE,CE,Federal Contract Tower,0,7,9,0,16,0,1,15,0,16,0,8,24,0,32,22,0,22,54
11/06/2017,SLN,KS,ACE,CE,Federal Contract Tower,2,24,7,9,42,0,106,30,2,138,2,130,37,11,180,244,66,310,490
11/07/2017,SLN,KS,ACE,CE,Federal Contract Tower,0,18,19,5,42,0,73,17,2,92,0,91,36,7,134,208,28,236,370
11/08/2017,SLN,KS,ACE,CE,Federal Contract Tower,0,18,13,11,42,3,78,24,22,127,3,96,37,33,169,186,24,210,379
11/09/2017,SLN,KS,ACE,CE,Federal Contract Tower,0,26,29,3,58,11,69,17,5,102,11,95,46,8,160,174,0,174,334
11/10/2017,SLN,KS,ACE,CE,Federal Contract Tower,3,14,5,2,24,2,75,27,4,108,5,89,32,6,132,250,0,250,382
11/11/2017,SLN,KS,ACE,CE,Federal Contract Tower,0,6,6,0,12,0,0,2,0,2,0,6,8,0,14,0,0,0,14
11/12/2017,SLN,KS,ACE,CE,Federal Contract Tower,0,11,30,3,44,0,0,43,0,43,0,11,73,3,87,60,0,60,147
11/13/2017,SLN,KS,ACE,CE,Federal Contract Tower,0,14,12,2,28,0,14,2,0,16,0,28,14,2,44,84,0,84,128
11/14/2017,SLN,KS,ACE,CE,Federal Contract Tower,0,17,4,1,22,0,0,0,0,0,0,17,4,1,22,0,0,0,22
11/15/2017,SLN,KS,ACE,CE,Federal Contract Tower,0,21,6,5,32,1,85,22,10,118,1,106,28,15,150,220,8,228,378
11/16/2017,SLN,KS,ACE,CE,Federal Contract Tower,0,24,22,17,63,0,56,21,16,93,0,80,43,33,156,164,12,176,332
11/17/2017,SLN,KS,ACE,CE,Federal Contract Tower,0,18,15,22,55,1,40,12,13,66,1,58,27,35,121,78,26,104,225
11/18/2017,SLN,KS,ACE,CE,Federal Contract Tower,0,14,2,0,16,0,14,12,4,30,0,28,14,4,46,4,0,4,50
11/19/2017,SLN,KS,ACE,CE,Federal Contract Tower,0,6,12,1,19,0,16,21,0,37,0,22,33,1,56,4,0,4,60
11/20/2017,SLN,KS,ACE,CE,Federal Contract Tower,0,7,7,0,14,0,28,4,2,34,0,35,11,2,48,44,4,48,96
11/21/2017,SLN,KS,ACE,CE,Federal Contract Tower,0,15,6,13,34,0,24,9,6,39,0,39,15,19,73,36,6,42,115
11/22/2017,SLN,KS,ACE,CE,Federal Contract Tower,0,10,6,0,16,14,12,18,0,44,14,22,24,0,60,54,0,54,114
11/23/2017,SLN,KS,ACE,CE,Federal Contract Tower,2,6,2,0,10,0,0,11,0,11,2,6,13,0,21,10,0,10,31
11/24/2017,SLN,KS,ACE,CE,Federal Contract Tower,0,4,5,0,9,0,0,13,0,13,0,4,18,0,22,8,0,8,30
11/25/2017,SLN,KS,ACE,CE,Federal Contract Tower,2,13,7,0,22,0,0,19,0,19,2,13,26,0,41,8,0,8,49
11/26/2017,SLN,KS,ACE,CE,Federal Contract Tower,0,4,15,0,19,0,0,21,0,21,0,4,36,0,40,2,0,2,42
11/27/2017,SLN,KS,ACE,CE,Federal Contract Tower,0,6,0,6,12,0,72,24,3,99,0,78,24,9,111,222,16,238,349
11/28/2017,SLN,KS,ACE,CE,Federal Contract Tower,0,15,7,9,31,0,32,20,1,53,0,47,27,10,84,76,10,86,170
11/29/2017,SLN,KS,ACE,CE,Federal Contract Tower,0,14,12,4,30,23,67,36,9,135,23,81,48,13,165,222,12,234,399
11/30/2017,SLN,KS,ACE,CE,Federal Contract Tower,0,13,11,3,27,6,88,22,5,121,6,101,33,8,148,236,8,244,392
12/01/2017,SLN,KS,ACE,CE,Federal Contract Tower,0,8,14,3,25,6,81,28,2,117,6,89,42,5,142,174,56,230,372
12/02/2017,SLN,KS,ACE,CE,Federal Contract Tower,2,13,9,0,24,0,33,29,10,72,2,46,38,10,96,124,0,124,220
12/03/2017,SLN,KS,ACE,CE,Federal Contract Tower,0,4,10,0,14,0,0,26,0,26,0,4,36,0,40,14,0,14,54
12/04/2017,SLN,KS,ACE,CE,Federal Contract Tower,2,9,8,4,23,0,42,5,4,51,2,51,13,8,74,56,20,76,150
12/05/2017,SLN,KS,ACE,CE,Federal Contract Tower,2,9,8,5,24,0,59,23,5,87,2,68,31,10,111,70,16,86,197
12/06/2017,SLN,KS,ACE,CE,Federal Contract Tower,4,10,10,6,30,0,67,10,3,80,4,77,20,9,110,158,12,170,280
12/07/2017,SLN,KS,ACE,CE,Federal Contract Tower,0,10,9,2,21,0,57,19,10,86,0,67,28,12,107,248,10,258,365
12/08/2017,SLN,KS,ACE,CE,Federal Contract Tower,0,9,11,8,28,0,72,17,5,94,0,81,28,13,122,170,2,172,294
12/09/2017,SLN,KS,ACE,CE,Federal Contract Tower,2,5,2,2,11,0,22,10,3,35,2,27,12,5,46,42,0,42,88
12/10/2017,SLN,KS,ACE,CE,Federal Contract Tower,0,5,2,0,7,0,1,18,0,19,0,6,20,0,26,4,0,4,30
12/11/2017,SLN,KS,ACE,CE,Federal Contract Tower,0,11,3,4,18,1,72,5,2,80,1,83,8,6,98,128,1,129,227
12/12/2017,SLN,KS,ACE,CE,Federal Contract Tower,0,11,4,0,15,0,61,14,0,75,0,72,18,0,90,156,0,156,246
12/13/2017,SLN,KS,ACE,CE,Federal Contract Tower,0,11,3,2,16,2,35,14,1,52,2,46,17,3,68,102,4,106,174
12/14/2017,SLN,KS,ACE,CE,Federal Contract Tower,0,6,11,7,24,15,46,12,2,75,15,52,23,9,99,74,12,86,185
12/15/2017,SLN,KS,ACE,CE,Federal Contract Tower,0,7,7,2,16,6,36,18,14,74,6,43,25,16,90,106,0,106,196
12/16/2017,SLN,KS,ACE,CE,Federal Contract Tower,2,7,5,2,16,2,17,19,2,40,4,24,24,4,56,44,0,44,100
12/17/2017,SLN,KS,ACE,CE,Federal Contract Tower,0,2,8,0,10,0,0,15,0,15,0,2,23,0,25,40,0,40,65
12/18/2017,SLN,KS,ACE,CE,Federal Contract Tower,0,22,9,7,38,0,38,6,1,45,0,60,15,8,83,68,8,76,159
12/19/2017,SLN,KS,ACE,CE,Federal Contract Tower,0,15,17,14,46,0,31,18,1,50,0,46,35,15,96,96,43,139,235
12/20/2017,SLN,KS,ACE,CE,Federal Contract Tower,0,21,14,0,35,0,5,16,0,21,0,26,30,0,56,36,0,36,92
12/21/2017,SLN,KS,ACE,CE,Federal Contract Tower,0,6,15,0,21,0,0,0,0,0,0,6,15,0,21,0,0,0,21
12/22/2017,SLN,KS,ACE,CE,Federal Contract Tower,0,11,18,0,29,0,8,18,0,26,0,19,36,0,55,50,0,50,105
12/23/2017,SLN,KS,ACE,CE,Federal Contract Tower,0,4,10,0,14,0,0,7,0,7,0,4,17,0,21,18,0,18,39
12/24/2017,SLN,KS,ACE,CE,Federal Contract Tower,0,2,2,0,4,0,2,2,0,4,0,4,4,0,8,0,0,0,8
12/25/2017,SLN,KS,ACE,CE,Federal Contract Tower,0,6,0,0,6,0,0,1,0,1,0,6,1,0,7,0,0,0,7
12/26/2017,SLN,KS,ACE,CE,Federal Contract Tower,0,10,13,0,23,0,0,0,0,0,0,10,13,0,23,0,0,0,23
12/27/2017,SLN,KS,ACE,CE,Federal Contract Tower,0,6,16,2,24,0,0,4,0,4,0,6,20,2,28,0,0,0,28
12/28/2017,SLN,KS,ACE,CE,Federal Contract Tower,0,12,12,2,26,0,2,15,2,19,0,14,27,4,45,14,0,14,59
12/29/2017,SLN,KS,ACE,CE,Federal Contract Tower,0,9,10,0,19,0,2,8,0,10,0,11,18,0,29,4,0,4,33
12/30/2017,SLN,KS,ACE,CE,Federal Contract Tower,0,6,7,0,13,0,1,7,0,8,0,7,14,0,21,0,0,0,21
12/31/2017,SLN,KS,ACE,CE,Federal Contract Tower,0,4,11,0,15,0,1,5,0,6,0,5,16,0,21,0,0,0,21
01/01/2018,SLN,KS,ACE,CE,Federal Contract Tower,0,6,6,0,12,0,0,4,0,4,0,6,10,0,16,12,0,12,28
01/02/2018,SLN,KS,ACE,CE,Federal Contract Tower,0,8,9,0,17,0,10,5,0,15,0,18,14,0,32,4,0,4,36
01/03/2018,SLN,KS,ACE,CE,Federal Contract Tower,0,10,9,7,26,0,10,7,10,27,0,20,16,17,53,30,38,68,121
01/04/2018,SLN,KS,ACE,CE,Federal Contract Tower,0,8,12,3,23,0,18,17,6,41,0,26,29,9,64,64,0,64,128
01/05/2018,SLN,KS,ACE,CE,Federal Contract Tower,0,7,5,5,17,0,19,14,10,43,0,26,19,15,60,72,16,88,148
01/06/2018,SLN,KS,ACE,CE,Federal Contract Tower,0,5,4,2,11,0,6,18,9,33,0,11,22,11,44,54,8,62,106
01/07/2018,SLN,KS,ACE,CE,Federal Contract Tower,0,1,4,0,5,0,0,4,0,4,0,1,8,0,9,6,0,6,15
01/08/2018,SLN,KS,ACE,CE,Federal Contract Tower,0,15,3,9,27,0,27,24,3,54,0,42,27,12,81,86,40,126,207
01/09/2018,SLN,KS,ACE,CE,Federal Contract Tower,0,6,10,1,17,0,16,14,3,33,0,22,24,4,50,78,2,80,130
01/10/2018,SLN,KS,ACE,CE,Federal Contract Tower,0,8,14,11,33,0,36,8,8,52,0,44,22,19,85,46,26,72,157
01/11/2018,SLN,KS,ACE,CE,Federal Contract Tower,0,6,4,0,10,0,2,0,0,2,0,8,4,0,12,0,0,0,12
01/12/2018,SLN,KS,ACE,CE,Federal Contract Tower,0,13,11,0,24,0,16,8,0,24,0,29,19,0,48,48,0,48,96
01/13/2018,SLN,KS,ACE,CE,Federal Contract Tower,0,6,5,0,11,0,0,12,0,12,0,6,17,0,23,2,0,2,25
01/14/2018,SLN,KS,ACE,CE,Federal Contract Tower,0,2,11,0,13,0,0,13,0,13,0,2,24,0,26,6,0,6,32
01/15/2018,SLN,KS,ACE,CE,Federal Contract Tower,0,12,5,0,17,0,2,9,0,11,0,14,14,0,28,0,0,0,28
01/16/2018,SLN,KS,ACE,CE,Federal Contract Tower,0,11,6,0,17,0,4,2,0,6,0,15,8,0,23,6,0,6,29
01/17/2018,SLN,KS,ACE,CE,Federal Contract Tower,0,9,4,0,13,0,23,9,3,35,0,32,13,3,48,52,0,52,100
01/18/2018,SLN,KS,ACE,CE,Federal Contract Tower,0,14,11,4,29,0,39,7,10,56,0,53,18,14,85,78,14,92,177
01/19/2018,SLN,KS,ACE,CE,Federal Contract Tower,0,13,7,8,28,0,55,28,6,89,0,68,35,14,117,58,6,64,181
01/20/2018,SLN,KS,ACE,CE,Federal Contract Tower,0,6,2,1,9,0,19,20,5,44,0,25,22,6,53,50,0,50,103
01/21/2018,SLN,KS,ACE,CE,Federal Contract Tower,0,2,8,0,10,0,1,7,0,8,0,3,15,0,18,0,0,0,18
01/22/2018,SLN,KS,ACE,CE,Federal Contract Tower,0,5,8,0,13,0,0,0,0,0,0,5,8,0,13,0,0,0,13
01/23/2018,SLN,KS,ACE,CE,Federal Contract Tower,0,14,8,3,25,0,74,18,5,97,0,88,26,8,122,112,2,114,236
01/24/2018,SLN,KS,ACE,CE,Federal Contract Tower,0,10,7,6,23,0,90,24,3,117,0,100,31,9,140,94,4,98,238
01/25/2018,SLN,KS,ACE,CE,Federal Contract Tower,0,13,9,6,28,0,54,8,5,67,0,67,17,11,95,96,2,98,193
01/26/2018,SLN,KS,ACE,CE,Federal Contract Tower,0,6,14,3,23,0,51,13,7,71,0,57,27,10,94,60,6,66,160
01/27/2018,SLN,KS,ACE,CE,Federal Contract Tower,0,9,7,0,16,0,29,15,0,44,0,38,22,0,60,40,0,40,100
01/28/2018,SLN,KS,ACE,CE,Federal Contract Tower,0,3,12,0,15,0,0,8,0,8,0,3,20,0,23,2,0,2,25
01/29/2018,SLN,KS,ACE,CE,Federal Contract Tower,0,12,6,2,20,0,83,5,5,93,0,95,11,7,113,80,0,80,193
01/30/2018,SLN,KS,ACE,CE,Federal Contract Tower,0,8,12,8,28,0,46,13,6,65,0,54,25,14,93,46,4,50,143
01/31/2018,SLN,KS,ACE,CE,Federal Contract Tower,0,16,7,2,25,0,74,13,20,107,0,90,20,22,132,108,0,108,240
02/01/2018,SLN,KS,ACE,CE,Federal Contract Tower,4,9,5,2,20,0,44,4,15,63,4,53,9,17,83,86,2,88,171
02/02/2018,SLN,KS,ACE,CE,Federal Contract Tower,0,11,5,9,25,0,69,11,5,85,0,80,16,14,110,90,44,134,244
02/03/2018,SLN,KS,ACE,CE,Federal Contract Tower,0,4,10,0,14,0,20,8,6,34,0,24,18,6,48,28,2,30,78
02/04/2018,SLN,KS,ACE,CE,Federal Contract Tower,0,0,6,0,6,0,0,0,0,0,0,0,6,0,6,0,0,0,6
02/05/2018,SLN,KS,ACE,CE,Federal Contract Tower,0,7,17,21,45,0,58,7,1,66,0,65,24,22,111,122,14,136,247
02/06/2018,SLN,KS,ACE,CE,Federal Contract Tower,0,6,6,1,13,0,8,2,0,10,0,14,8,1,23,28,2,30,53
02/07/2018,SLN,KS,ACE,CE,Federal Contract Tower,0,10,12,9,31,0,73,7,13,93,0,83,19,22,124,100,78,178,302
02/08/2018,SLN,KS,ACE,CE,Federal Contract Tower,0,20,13,4,37,0,72,22,12,106,0,92,35,16,143,116,4,120,263
02/09/2018,SLN,KS,ACE,CE,Federal Contract Tower,0,14,13,0,27,0,9,1,11,21,0,23,14,11,48,56,10,66,114
02/10/2018,SLN,KS,ACE,CE,Federal Contract Tower,0,7,4,2,13,0,5,0,16,21,0,12,4,18,34,0,2,2,36
02/11/2018,SLN,KS,ACE,CE,Federal Contract Tower,0,7,11,0,18,0,0,8,3,11,0,7,19,3,29,4,0,4,33
02/12/2018,SLN,KS,ACE,CE,Federal Contract Tower,0,13,6,2,21,0,96,15,7,118,0,109,21,9,139,96,28,124,263
02/13/2018,SLN,KS,ACE,CE,Federal Contract Tower,0,21,14,1,36,0,47,19,10,76,0,68,33,11,112,110,2,112,224
02/14/2018,SLN,KS,ACE,CE,Federal Contract Tower,0,13,17,9,39,0,43,15,10,68,0,56,32,19,107,42,12,54,161
02/15/2018,SLN,KS,ACE,CE,Federal Contract Tower,0,12,19,11,42,0,62,26,17,105,0,74,45,28,147,190,40,230,377
02/16/2018,SLN,KS,ACE,CE,Federal Contract Tower,2,12,19,4,37,2,91,19,14,126,4,103,38,18,163,196,16,212,375
02/17/2018,SLN,KS,ACE,CE,Federal Contract Tower,0,6,10,0,16,0,43,18,7,68,0,49,28,7,84,194,0,194,278
02/18/2018,SLN,KS,ACE,CE,Federal Contract Tower,0,2,7,0,9,0,0,4,1,5,0,2,11,1,14,0,0,0,14
02/19/2018,SLN,KS,ACE,CE,Federal Contract Tower,0,14,14,1,29,0,11,2,0,13,0,25,16,1,42,72,0,72,114
02/20/2018,SLN,KS,ACE,CE,Federal Contract Tower,0,5,14,1,20,0,14,8,7,29,0,19,22,8,49,58,0,58,107
02/21/2018,SLN,KS,ACE,CE,Federal Contract Tower,0,10,12,10,32,0,77,4,6,87,0,87,16,16,119,141,34,175,294
02/22/2018,SLN,KS,ACE,CE,Federal Contract Tower,0,4,8,0,12,0,0,0,0,0,0,4,8,0,12,0,0,0,12
02/23/2018,SLN,KS,ACE,CE,Federal Contract Tower,1,17,11,4,33,4,36,2,2,44,5,53,13,6,77,112,2,114,191
02/25/2018,SLN,KS,ACE,CE,Federal Contract Tower,0,6,5,1,12,0,0,25,0,25,0,6,30,1,37,22,0,22,59
02/26/2018,SLN,KS,ACE,CE,Federal Contract Tower,0,7,7,8,22,0,72,14,2,88,0,79,21,10,110,116,2,118,228
02/27/2018,SLN,KS,ACE,CE,Federal Contract Tower,0,14,10,21,45,0,64,6,16,86,0,78,16,37,131,102,48,150,281
02/28/2018,SLN,KS,ACE,CE,Federal Contract Tower,4,8,14,4,30,0,2,0,4,6,4,10,14,8,36,20,0,20,56
03/01/2018,SLN,KS,ACE,CE,Federal Contract Tower,0,23,25,9,57,0,83,25,6,114,0,106,50,15,171,192,2,194,365
03/02/2018,SLN,KS,ACE,CE,Federal Contract Tower,0,10,17,6,33,0,70,17,5,92,0,80,34,11,125,108,36,144,269
03/03/2018,SLN,KS,ACE,CE,Federal Contract Tower,0,6,4,0,10,0,11,21,7,39,0,17,25,7,49,36,0,36,85
03/04/2018,SLN,KS,ACE,CE,Federal Contract Tower,0,6,7,1,14,0,0,3,2,5,0,6,10,3,19,4,0,4,23
03/05/2018,SLN,KS,ACE,CE,Federal Contract Tower,0,9,6,4,19,0,12,8,6,26,0,21,14,10,45,34,0,34,79
03/06/2018,SLN,KS,ACE,CE,Federal Contract Tower,0,6,16,4,26,0,0,3,3,6,0,6,19,7,32,0,0,0,32
03/07/2018,SLN,KS,ACE,CE,Federal Contract Tower,2,11,18,16,47,0,92,31,11,134,2,103,49,27,181,204,12,216,397
03/08/2018,SLN,KS,ACE,CE,Federal Contract Tower,0,21,9,6,36,0,62,26,7,95,0,83,35,13,131,278,0,278,409
03/09/2018,SLN,KS,ACE,CE,Federal Contract Tower,0,10,12,7,29,0,79,23,14,116,0,89,35,21,145,246,15,261,406
03/10/2018,SLN,KS,ACE,CE,Federal Contract Tower,0,9,7,0,16,0,11,14,2,27,0,20,21,2,43,82,0,82,125
03/11/2018,SLN,KS,ACE,CE,Federal Contract Tower,0,6,9,4,19,0,0,1,2,3,0,6,10,6,22,0,0,0,22
03/12/2018,SLN,KS,ACE,CE,Federal Contract Tower,0,12,4,8,24,0,74,19,9,102,0,86,23,17,126,130,14,144,270
03/13/2018,SLN,KS,ACE,CE,Federal Contract Tower,0,7,12,12,31,0,63,29,3,95,0,70,41,15,126,180,14,194,320
03/14/2018,SLN,KS,ACE,CE,Federal Contract Tower,0,11,10,10,31,0,53,14,15,82,0,64,24,25,113,86,40,126,239
03/15/2018,SLN,KS,ACE,CE,Federal Contract Tower,0,15,21,15,51,0,54,12,6,72,0,69,33,21,123,102,0,102,225
03/16/2018,SLN,KS,ACE,CE,Federal Contract Tower,0,6,22,17,45,0,29,4,8,41,0,35,26,25,86,54,32,86,172
03/17/2018,SLN,KS,ACE,CE,Federal Contract Tower,0,6,10,4,20,0,14,11,8,33,0,20,21,12,53,92,0,92,145
03/18/2018,SLN,KS,ACE,CE,Federal Contract Tower,0,1,14,2,17,0,0,2,3,5,0,1,16,5,22,0,0,0,22
03/19/2018,SLN,KS,ACE,CE,Federal Contract Tower,0,11,2,9,22,0,0,0,3,3,0,11,2,12,25,0,14,14,39
03/20/2018,SLN,KS,ACE,CE,Federal Contract Tower,0,16,12,15,43,0,28,23,10,61,0,44,35,25,104,164,22,186,290
03/21/2018,SLN,KS,ACE,CE,Federal Contract Tower,0,12,17,8,37,0,61,28,7,96,0,73,45,15,133,148,72,220,353
03/23/2018,SLN,KS,ACE,CE,Federal Contract Tower,0,5,21,7,33,0,28,14,10,52,0,33,35,17,85,90,0,90,175
03/24/2018,SLN,KS,ACE,CE,Federal Contract Tower,0,5,19,0,24,0,1,9,3,13,0,6,28,3,37,22,0,22,59
03/25/2018,SLN,KS,ACE,CE,Federal Contract Tower,0,4,9,0,13,0,0,10,2,12,0,4,19,2,25,10,0,10,35
03/26/2018,SLN,KS,ACE,CE,Federal Contract Tower,0,7,2,0,9,0,0,0,0,0,0,7,2,0,9,0,0,0,9
03/27/2018,SLN,KS,ACE,CE,Federal Contract Tower,0,10,7,36,53,0,33,14,14,61,0,43,21,50,114,84,174,258,372
03/28/2018,SLN,KS,ACE,CE,Federal Contract Tower,0,9,16,21,46,0,90,30,19,139,0,99,46,40,185,192,86,278,463
03/29/2018,SLN,KS,ACE,CE,Federal Contract Tower,0,8,20,14,42,0,22,6,3,31,0,30,26,17,73,50,12,62,135
03/30/2018,SLN,KS,ACE,CE,Federal Contract Tower,0,10,7,6,23,0,97,25,5,127,0,107,32,11,150,232,16,248,398
03/31/2018,SLN,KS,ACE,CE,Federal Contract Tower,0,6,11,0,17,0,21,6,0,27,0,27,17,0,44,22,0,22,66
04/01/2018,SLN,KS,ACE,CE,Federal Contract Tower,0,0,15,0,15,0,0,3,0,3,0,0,18,0,18,0,0,0,18
04/02/2018,SLN,KS,ACE,CE,Federal Contract Tower,0,14,12,3,29,0,18,5,0,23,0,32,17,3,52,30,0,30,82
04/03/2018,SLN,KS,ACE,CE,Federal Contract Tower,0,6,5,7,18,0,0,0,5,5,0,6,5,12,23,0,60,60,83
04/04/2018,SLN,KS,ACE,CE,Federal Contract Tower,0,13,13,8,34,2,74,16,15,107,2,87,29,23,141,180,38,218,359
04/05/2018,SLN,KS,ACE,CE,Federal Contract Tower,0,15,10,3,28,0,84,23,8,115,0,99,33,11,143,354,62,416,559
04/06/2018,SLN,KS,ACE,CE,Federal Contract Tower,0,13,15,4,32,0,24,15,10,49,0,37,30,14,81,2,74,76,157
04/07/2018,SLN,KS,ACE,CE,Federal Contract Tower,2,9,3,2,16,0,38,18,4,60,2,47,21,6,76,70,2,72,148
04/08/2018,SLN,KS,ACE,CE,Federal Contract Tower,0,2,2,0,4,0,0,0,0,0,0,2,2,0,4,0,0,0,4
04/09/2018,SLN,KS,ACE,CE,Federal Contract Tower,0,21,13,3,37,0,89,19,5,113,0,110,32,8,150,216,24,240,390
04/10/2018,SLN,KS,ACE,CE,Federal Contract Tower,0,10,14,1,25,0,50,27,10,87,0,60,41,11,112,196,4,200,312
04/11/2018,SLN,KS,ACE,CE,Federal Contract Tower,0,7,21,8,36,0,73,15,6,94,0,80,36,14,130,124,2,126,256
04/12/2018,SLN,KS,ACE,CE,Federal Contract Tower,0,17,8,8,33,0,47,16,11,74,0,64,24,19,107,94,8,102,209
04/13/2018,SLN,KS,ACE,CE,Federal Contract Tower,0,8,14,2,24,0,68,1,3,72,0,76,15,5,96,90,0,90,186
04/14/2018,SLN,KS,ACE,CE,Federal Contract Tower,0,4,2,0,6,0,0,0,0,0,0,4,2,0,6,0,0,0,6
04/15/2018,SLN,KS,ACE,CE,Federal Contract Tower,0,9,6,0,15,0,2,4,0,6,0,11,10,0,21,0,0,0,21
04/16/2018,SLN,KS,ACE,CE,Federal Contract Tower,0,22,11,7,40,0,89,31,7,127,0,111,42,14,167,284,8,292,459
04/17/2018,SLN,KS,ACE,CE,Federal Contract Tower,0,19,8,0,27,0,74,16,4,94,0,93,24,4,121,132,0,132,253
04/18/2018,SLN,KS,ACE,CE,Federal Contract Tower,0,10,14,6,30,0,5,4,6,15,0,15,18,12,45,4,27,31,76
04/19/2018,SLN,KS,ACE,CE,Federal Contract Tower,0,17,21,7,45,0,77,19,22,118,0,94,40,29,163,244,24,268,431
04/20/2018,SLN,KS,ACE,CE,Federal Contract Tower,0,15,4,16,35,0,52,17,17,86,0,67,21,33,121,124,46,170,291
04/21/2018,SLN,KS,ACE,CE,Federal Contract Tower,0,4,4,0,8,0,2,0,0,2,0,6,4,0,10,4,0,4,14
04/22/2018,SLN,KS,ACE,CE,Federal Contract Tower,0,11,15,5,31,0,0,13,4,17,0,11,28,9,48,0,0,0,48
04/23/2018,SLN,KS,ACE,CE,Federal Contract Tower,2,22,7,11,42,0,93,23,4,120,2,115,30,15,162,226,0,226,388
04/24/2018,SLN,KS,ACE,CE,Federal Contract Tower,0,13,10,7,30,0,34,12,8,54,0,47,22,15,84,70,0,70,154
04/25/2018,SLN,KS,ACE,CE,Federal Contract Tower,0,7,12,5,24,0,2,2,4,8,0,9,14,9,32,14,32,46,78
04/27/2018,SLN,KS,ACE,CE,Federal Contract Tower,0,15,6,0,21,0,56,21,1,78,0,71,27,1,99,76,0,76,175
04/28/2018,SLN,KS,ACE,CE,Federal Contract Tower,0,14,8,0,22,0,17,18,1,36,0,31,26,1,58,22,0,22,80
04/29/2018,SLN,KS,ACE,CE,Federal Contract Tower,0,4,10,0,14,0,0,5,0,5,0,4,15,0,19,0,0,0,19
05/01/2018,SLN,KS,ACE,CE,Federal Contract Tower,0,14,4,0,18,0,19,5,0,24,0,33,9,0,42,28,0,28,70
05/02/2018,SLN,KS,ACE,CE,Federal Contract Tower,0,12,6,0,18,0,2,2,0,4,0,14,8,0,22,2,0,2,24
05/03/2018,SLN,KS,ACE,CE,Federal Contract Tower,0,21,12,2,35,0,31,9,0,40,0,52,21,2,75,34,0,34,109
05/04/2018,SLN,KS,ACE,CE,Federal Contract Tower,0,16,17,3,36,92,44,10,0,146,92,60,27,3,182,86,16,102,284
05/05/2018,SLN,KS,ACE,CE,Federal Contract Tower,0,10,5,0,15,0,28,54,0,82,0,38,59,0,97,62,0,62,159
05/06/2018,SLN,KS,ACE,CE,Federal Contract Tower,0,7,2,0,9,0,1,15,5,21,0,8,17,5,30,20,2,22,52
05/07/2018,SLN,KS,ACE,CE,Federal Contract Tower,0,8,13,0,21,0,78,18,8,104,0,86,31,8,125,140,2,142,267
05/08/2018,SLN,KS,ACE,CE,Federal Contract Tower,0,8,15,0,23,0,60,6,4,70,0,68,21,4,93,112,14,126,219
05/09/2018,SLN,KS,ACE,CE,Federal Contract Tower,0,14,12,2,28,0,79,17,8,104,0,93,29,10,132,162,22,184,316
05/10/2018,SLN,KS,ACE,CE,Federal Contract Tower,0,18,8,4,30,0,53,15,4,72,0,71,23,8,102,172,2,174,276
05/11/2018,SLN,KS,ACE,CE,Federal Contract Tower,0,10,19,4,33,0,44,32,0,76,0,54,51,4,109,84,2,86,195
05/12/2018,SLN,KS,ACE,CE,Federal Contract Tower,0,4,16,1,21,0,3,16,2,21,0,7,32,3,42,28,0,28,70
05/13/2018,SLN,KS,ACE,CE,Federal Contract Tower,0,7,9,0,16,0,0,10,0,10,0,7,19,0,26,0,0,0,26
05/14/2018,SLN,KS,ACE,CE,Federal Contract Tower,0,11,6,12,29,0,11,6,8,25,0,22,12,20,54,52,0,52,106
05/15/2018,SLN,KS,ACE,CE,Federal Contract Tower,0,12,14,26,52,0,58,13,5,76,0,70,27,31,128,148,22,170,298
05/16/2018,SLN,KS,ACE,CE,Federal Contract Tower,2,9,12,14,37,0,61,8,2,71,2,70,20,16,108,142,8,150,258
05/17/2018,SLN,KS,ACE,CE,Federal Contract Tower,0,12,19,15,46,0,50,10,2,62,0,62,29,17,108,156,10,166,274
05/18/2018,SLN,KS,ACE,CE,Federal Contract Tower,0,8,5,7,20,0,43,4,4,51,0,51,9,11,71,68,6,74,145
05/19/2018,SLN,KS,ACE,CE,Federal Contract Tower,0,2,7,0,9,0,3,12,4,19,0,5,19,4,28,10,12,22,50
05/20/2018,SLN,KS,ACE,CE,Federal Contract Tower,0,6,13,0,19,0,0,4,0,4,0,6,17,0,23,0,0,0,23
05/21/2018,SLN,KS,ACE,CE,Federal Contract Tower,3,30,12,13,58,0,26,26,5,57,3,56,38,18,115,94,12,106,221
05/22/2018,SLN,KS,ACE,CE,Federal Contract Tower,0,20,14,16,50,0,63,12,2,77,0,83,26,18,127,164,14,178,305
05/23/2018,SLN,KS,ACE,CE,Federal Contract Tower,0,6,10,5,21,0,51,11,11,73,0,57,21,16,94,98,28,126,220
05/24/2018,SLN,KS,ACE,CE,Federal Contract Tower,0,7,11,15,33,0,43,9,9,61,0,50,20,24,94,98,18,116,210
05/25/2018,SLN,KS,ACE,CE,Federal Contract Tower,0,9,15,1,25,0,54,21,0,75,0,63,36,1,100,78,0,78,178
05/26/2018,SLN,KS,ACE,CE,Federal Contract Tower,2,8,7,0,17,0,8,22,3,33,2,16,29,3,50,26,1,27,77
05/27/2018,SLN,KS,ACE,CE,Federal Contract Tower,0,4,10,0,14,0,2,12,0,14,0,6,22,0,28,14,0,14,42
05/28/2018,SLN,KS,ACE,CE,Federal Contract Tower,0,5,9,1,15,0,0,10,0,10,0,5,19,1,25,4,0,4,29
05/29/2018,SLN,KS,ACE,CE,Federal Contract Tower,0,8,11,7,26,0,32,12,3,47,0,40,23,10,73,74,4,78,151
05/30/2018,SLN,KS,ACE,CE,Federal Contract Tower,0,20,19,2,41,0,52,13,4,69,0,72,32,6,110,136,16,152,262
05/31/2018,SLN,KS,ACE,CE,Federal Contract Tower,0,16,12,5,33,0,42,19,6,67,0,58,31,11,100,78,0,78,178
06/01/2018,SLN,KS,ACE,CE,Federal Contract Tower,0,12,4,1,17,0,34,10,1,45,0,46,14,2,62,44,0,44,106
06/02/2018,SLN,KS,ACE,CE,Federal Contract Tower,0,6,10,0,16,0,2,12,0,14,0,8,22,0,30,6,0,6,36
06/03/2018,SLN,KS,ACE,CE,Federal Contract Tower,2,6,17,0,25,0,0,29,0,29,2,6,46,0,54,8,0,8,62
06/04/2018,SLN,KS,ACE,CE,Federal Contract Tower,0,18,2,8,28,0,45,15,5,65,0,63,17,13,93,64,56,120,213
06/05/2018,SLN,KS,ACE,CE,Federal Contract Tower,2,22,16,8,48,0,72,20,8,100,2,94,36,16,148,130,78,208,356
06/06/2018,SLN,KS,ACE,CE,Federal Contract Tower,0,15,14,9,38,0,71,20,6,97,0,86,34,15,135,146,152,298,433
06/07/2018,SLN,KS,ACE,CE,Federal Contract Tower,2,15,15,0,32,0,45,13,3,61,2,60,28,3,93,118,60,178,271
06/08/2018,SLN,KS,ACE,CE,Federal Contract Tower,0,19,24,1,44,0,64,19,19,102,0,83,43,20,146,106,56,162,308
06/09/2018,SLN,KS,ACE,CE,Federal Contract Tower,0,5,13,0,18,0,6,15,0,21,0,11,28,0,39,6,0,6,45
06/10/2018,SLN,KS,ACE,CE,Federal Contract Tower,2,10,12,13,37,0,2,8,12,22,2,12,20,25,59,6,20,26,85
06/11/2018,SLN,KS,ACE,CE,Federal Contract Tower,0,24,14,7,45,0,46,28,6,80,0,70,42,13,125,116,6,122,247
06/12/2018,SLN,KS,ACE,CE,Federal Contract Tower,0,20,12,13,45,0,68,53,2,123,0,88,65,15,168,142,2,144,312
06/13/2018,SLN,KS,ACE,CE,Federal Contract Tower,2,14,13,5,34,0,79,12,0,91,2,93,25,5,125,46,0,46,171
06/14/2018,SLN,KS,ACE,CE,Federal Contract Tower,0,11,15,11,37,0,71,35,14,120,0,82,50,25,157,104,72,176,333
06/15/2018,SLN,KS,ACE,CE,Federal Contract Tower,0,6,10,4,20,0,43,17,6,66,0,49,27,10,86,52,2,54,140
06/16/2018,SLN,KS,ACE,CE,Federal Contract Tower,0,2,7,1,10,0,9,24,0,33,0,11,31,1,43,14,0,14,57
06/17/2018,SLN,KS,ACE,CE,Federal Contract Tower,2,6,26,0,34,0,0,13,5,18,2,6,39,5,52,2,0,2,54
06/18/2018,SLN,KS,ACE,CE,Federal Contract Tower,2,12,16,5,35,0,45,22,3,70,2,57,38,8,105,64,56,120,225
06/19/2018,SLN,KS,ACE,CE,Federal Contract Tower,0,15,11,2,28,0,69,22,0,91,0,84,33,2,119,174,0,174,293
06/20/2018,SLN,KS,ACE,CE,Federal Contract Tower,0,33,13,19,65,0,35,12,3,50,0,68,25,22,115,144,24,168,283
06/21/2018,SLN,KS,ACE,CE,Federal Contract Tower,0,17,24,9,50,0,68,11,6,85,0,85,35,15,135,142,30,172,307
06/22/2018,SLN,KS,ACE,CE,Federal Contract Tower,0,10,14,43,67,0,68,21,8,97,0,78,35,51,164,332,58,390,554
06/23/2018,SLN,KS,ACE,CE,Federal Contract Tower,0,6,13,2,21,0,34,34,3,71,0,40,47,5,92,174,0,174,266
06/24/2018,SLN,KS,ACE,CE,Federal Contract Tower,0,4,15,2,21,0,0,10,0,10,0,4,25,2,31,2,0,2,33
06/25/2018,SLN,KS,ACE,CE,Federal Contract Tower,0,18,22,13,53,0,59,6,7,72,0,77,28,20,125,132,32,164,289
06/26/2018,SLN,KS,ACE,CE,Federal Contract Tower,0,7,13,8,28,0,69,6,7,82,0,76,19,15,110,182,8,190,300
06/27/2018,SLN,KS,ACE,CE,Federal Contract Tower,0,24,14,12,50,0,70,20,6,96,0,94,34,18,146,196,14,210,356
06/28/2018,SLN,KS,ACE,CE,Federal Contract Tower,0,10,11,3,24,0,64,23,7,94,0,74,34,10,118,188,0,188,306
06/29/2018,SLN,KS,ACE,CE,Federal Contract Tower,0,9,10,6,25,0,57,31,5,93,0,66,41,11,118,154,10,164,282
06/30/2018,SLN,KS,ACE,CE,Federal Contract Tower,0,7,12,1,20,0,18,10,0,28,0,25,22,1,48,94,0,94,142
07/01/2018,SLN,KS,ACE,CE,Federal Contract Tower,0,8,10,0,18,0,14,26,0,40,0,22,36,0,58,110,0,110,168
07/02/2018,SLN,KS,ACE,CE,Federal Contract Tower,2,9,11,11,33,0,64,22,4,90,2,73,33,15,123,218,52,270,393
07/03/2018,SLN,KS,ACE,CE,Federal Contract Tower,0,9,5,7,21,0,71,6,3,80,0,80,11,10,101,132,12,144,245
07/04/2018,SLN,KS,ACE,CE,Federal Contract Tower,0,4,4,0,8,0,0,17,2,19,0,4,21,2,27,0,0,0,27
07/05/2018,SLN,KS,ACE,CE,Federal Contract Tower,0,5,5,20,30,0,40,11,0,51,0,45,16,20,81,124,16,140,221
07/06/2018,SLN,KS,ACE,CE,Federal Contract Tower,0,5,7,0,12,0,22,14,0,36,0,27,21,0,48,94,0,94,142
07/07/2018,SLN,KS,ACE,CE,Federal Contract Tower,0,4,4,0,8,0,25,19,0,44,0,29,23,0,52,88,0,88,140
07/08/2018,SLN,KS,ACE,CE,Federal Contract Tower,0,3,7,1,11,0,0,24,2,26,0,3,31,3,37,8,0,8,45
07/09/2018,SLN,KS,ACE,CE,Federal Contract Tower,2,15,14,18,49,0,62,22,4,88,2,77,36,22,137,172,0,172,309
07/10/2018,SLN,KS,ACE,CE,Federal Contract Tower,0,8,17,8,33,0,75,16,7,98,0,83,33,15,131,228,28,256,387
07/11/2018,SLN,KS,ACE,CE,Federal Contract Tower,0,9,19,20,48,0,44,20,7,71,0,53,39,27,119,100,6,106,225
07/12/2018,SLN,KS,ACE,CE,Federal Contract Tower,0,13,8,8,29,0,51,18,10,79,0,64,26,18,108,128,8,136,244
07/13/2018,SLN,KS,ACE,CE,Federal Contract Tower,0,7,14,8,29,0,29,26,13,68,0,36,40,21,97,116,10,126,223
07/15/2018,SLN,KS,ACE,CE,Federal Contract Tower,0,4,7,3,14,0,0,10,5,15,0,4,17,8,29,30,10,40,69
07/16/2018,SLN,KS,ACE,CE,Federal Contract Tower,0,12,9,11,32,0,61,25,23,109,0,73,34,34,141,160,48,208,349
07/17/2018,SLN,KS,ACE,CE,Federal Contract Tower,0,5,5,10,20,0,24,20,26,70,0,29,25,36,90,100,28,128,218
07/18/2018,SLN,KS,ACE,CE,Federal Contract Tower,0,14,20,7,41,0,34,6,7,47,0,48,26,14,88,118,36,154,242
07/19/2018,SLN,KS,ACE,CE,Federal Contract Tower,0,13,9,14,36,0,70,13,15,98,0,83,22,29,134,184,24,208,342
07/20/2018,SLN,KS,ACE,CE,Federal Contract Tower,0,16,12,5,33,0,69,22,27,118,0,85,34,32,151,188,57,245,396
07/21/2018,SLN,KS,ACE,CE,Federal Contract Tower,0,12,6,2,20,0,29,34,2,65,0,41,40,4,85,102,8,110,195
07/22/2018,SLN,KS,ACE,CE,Federal Contract Tower,0,10,13,1,24,0,9,11,1,21,0,19,24,2,45,16,0,16,61
07/23/2018,SLN,KS,ACE,CE,Federal Contract Tower,0,10,11,27,48,0,75,12,14,101,0,85,23,41,149,194,114,308,457
07/24/2018,SLN,KS,ACE,CE,Federal Contract Tower,0,13,11,16,40,0,76,17,17,110,0,89,28,33,150,224,36,260,410
07/25/2018,SLN,KS,ACE,CE,Federal Contract Tower,0,9,16,17,42,0,52,21,8,81,0,61,37,25,123,166,44,210,333
07/26/2018,SLN,KS,ACE,CE,Federal Contract Tower,0,8,15,7,30,0,51,16,4,71,0,59,31,11,101,130,16,146,247
07/27/2018,SLN,KS,ACE,CE,Federal Contract Tower,0,16,20,11,47,0,32,23,4,59,0,48,43,15,106,138,4,142,248
07/28/2018,SLN,KS,ACE,CE,Federal Contract Tower,0,2,12,0,14,0,8,9,2,19,0,10,21,2,33,16,0,16,49
07/29/2018,SLN,KS,ACE,CE,Federal Contract Tower,0,4,21,0,25,0,0,6,0,6,0,4,27,0,31,0,0,0,31
07/30/2018,SLN,KS,ACE,CE,Federal Contract Tower,0,11,3,0,14,0,10,4,0,14,0,21,7,0,28,28,0,28,56
07/31/2018,SLN,KS,ACE,CE,Federal Contract Tower,0,16,16,9,41,0,61,20,10,91,0,77,36,19,132,154,20,174,306
08/01/2018,SLN,KS,ACE,CE,Federal Contract Tower,0,7,20,10,37,0,55,23,9,87,0,62,43,19,124,116,8,124,248
08/02/2018,SLN,KS,ACE,CE,Federal Contract Tower,0,14,10,10,34,0,52,17,6,75,0,66,27,16,109,146,0,146,255
08/03/2018,SLN,KS,ACE,CE,Federal Contract Tower,0,10,16,10,36,0,30,17,12,59,0,40,33,22,95,58,10,68,163
08/04/2018,SLN,KS,ACE,CE,Federal Contract Tower,0,8,18,0,26,0,6,27,4,37,0,14,45,4,63,36,0,36,99
08/05/2018,SLN,KS,ACE,CE,Federal Contract Tower,0,6,15,3,24,0,0,12,0,12,0,6,27,3,36,2,0,2,38
08/06/2018,SLN,KS,ACE,CE,Federal Contract Tower,0,6,12,8,26,0,45,14,6,65,0,51,26,14,91,110,10,120,211
08/07/2018,SLN,KS,ACE,CE,Federal Contract Tower,0,15,9,7,31,0,45,15,5,65,0,60,24,12,96,140,8,148,244
08/08/2018,SLN,KS,ACE,CE,Federal Contract Tower,0,11,14,5,30,0,42,21,4,67,0,53,35,9,97,78,28,106,203
08/09/2018,SLN,KS,ACE,CE,Federal Contract Tower,0,7,13,3,23,0,46,31,7,84,0,53,44,10,107,82,2,84,191
08/10/2018,SLN,KS,ACE,CE,Federal Contract Tower,0,9,18,0,27,0,25,20,4,49,0,34,38,4,76,58,2,60,136
08/11/2018,SLN,KS,ACE,CE,Federal Contract Tower,2,8,3,2,15,0,6,27,0,33,2,14,30,2,48,48,0,48,96
08/12/2018,SLN,KS,ACE,CE,Federal Contract Tower,0,11,15,1,27,0,5,30,0,35,0,16,45,1,62,10,0,10,72
08/13/2018,SLN,KS,ACE,CE,Federal Contract Tower,0,6,10,0,16,0,10,9,0,19,0,16,19,0,35,22,0,22,57
08/14/2018,SLN,KS,ACE,CE,Federal Contract Tower,0,4,4,6,14,0,0,4,1,5,0,4,8,7,19,4,0,4,23
08/15/2018,SLN,KS,ACE,CE,Federal Contract Tower,0,11,12,2,25,0,11,17,2,30,0,22,29,4,55,40,0,40,95
08/16/2018,SLN,KS,ACE,CE,Federal Contract Tower,0,9,12,0,21,0,29,15,0,44,0,38,27,0,65,40,0,40,105
08/17/2018,SLN,KS,ACE,CE,Federal Contract Tower,2,10,11,6,29,0,29,25,2,56,2,39,36,8,85,106,6,112,197
08/18/2018,SLN,KS,ACE,CE,Federal Contract Tower,2,4,9,0,15,0,5,27,0,32,2,9,36,0,47,22,0,22,69
08/19/2018,SLN,KS,ACE,CE,Federal Contract Tower,0,4,8,1,13,0,0,0,0,0,0,4,8,1,13,0,0,0,13
08/20/2018,SLN,KS,ACE,CE,Federal Contract Tower,7,18,6,14,45,0,15,5,2,22,7,33,11,16,67,48,0,48,115
08/21/2018,SLN,KS,ACE,CE,Federal Contract Tower,0,5,10,30,45,0,47,14,8,69,0,52,24,38,114,140,8,148,262
08/22/2018,SLN,KS,ACE,CE,Federal Contract Tower,0,8,14,9,31,0,24,9,4,37,0,32,23,13,68,76,10,86,154
08/23/2018,SLN,KS,ACE,CE,Federal Contract Tower,0,14,10,17,41,0,18,3,5,26,0,32,13,22,67,30,0,30,97
08/24/2018,SLN,KS,ACE,CE,Federal Contract Tower,8,14,19,8,49,0,87,15,4,106,8,101,34,12,155,64,6,70,225
08/25/2018,SLN,KS,ACE,CE,Federal Contract Tower,21,11,15,0,47,0,36,35,0,71,21,47,50,0,118,24,0,24,142
08/26/2018,SLN,KS,ACE,CE,Federal Contract Tower,4,4,8,2,18,0,0,6,0,6,4,4,14,2,24,4,0,4,28
08/27/2018,SLN,KS,ACE,CE,Federal Contract Tower,0,12,7,3,22,0,50,9,2,61,0,62,16,5,83,34,20,54,137
08/28/2018,SLN,KS,ACE,CE,Federal Contract Tower,0,6,19,6,31,0,86,5,8,99,0,92,24,14,130,108,16,124,254
08/29/2018,SLN,KS,ACE,CE,Federal Contract Tower,0,20,14,9,43,0,125,56,9,190,0,145,70,18,233,254,20,274,507
08/30/2018,SLN,KS,ACE,CE,Federal Contract Tower,0,19,8,5,32,0,65,9,1,75,0,84,17,6,107,114,4,118,225
08/31/2018,SLN,KS,ACE,CE,Federal Contract Tower,0,10,14,7,31,0,95,9,0,104,0,105,23,7,135,110,4,114,249
09/01/2018,SLN,KS,ACE,CE,Federal Contract Tower,0,2,5,0,7,0,30,12,0,42,0,32,17,0,49,56,0,56,105
09/02/2018,SLN,KS,ACE,CE,Federal Contract Tower,0,6,4,0,10,0,0,1,0,1,0,6,5,0,11,0,0,0,11
09/03/2018,SLN,KS,ACE,CE,Federal Contract Tower,0,6,14,0,20,0,0,1,0,1,0,6,15,0,21,0,0,0,21
09/04/2018,SLN,KS,ACE,CE,Federal Contract Tower,0,5,9,6,20,0,6,2,0,8,0,11,11,6,28,30,0,30,58
09/05/2018,SLN,KS,ACE,CE,Federal Contract Tower,0,10,3,0,13,0,8,2,0,10,0,18,5,0,23,28,0,28,51
09/07/2018,SLN,KS,ACE,CE,Federal Contract Tower,0,7,21,9,37,0,0,0,0,0,0,7,21,9,37,0,0,0,37
09/08/2018,SLN,KS,ACE,CE,Federal Contract Tower,0,4,5,1,10,0,0,1,0,1,0,4,6,1,11,0,0,0,11
09/09/2018,SLN,KS,ACE,CE,Federal Contract Tower,0,10,13,0,23,0,0,40,2,42,0,10,53,2,65,26,0,26,91
09/10/2018,SLN,KS,ACE,CE,Federal Contract Tower,0,22,10,11,43,0,154,15,10,179,0,176,25,21,222,236,62,298,520
09/11/2018,SLN,KS,ACE,CE,Federal Contract Tower,0,16,16,19,51,0,146,16,5,167,0,162,32,24,218,204,4,208,426
09/12/2018,SLN,KS,ACE,CE,Federal Contract Tower,0,16,21,25,62,0,101,11,5,117,0,117,32,30,179,174,66,240,419
09/13/2018,SLN,KS,ACE,CE,Federal Contract Tower,0,18,12,24,54,0,53,8,5,66,0,71,20,29,120,102,79,181,301
09/14/2018,SLN,KS,ACE,CE,Federal Contract Tower,0,18,14,1,33,0,129,23,2,154,0,147,37,3,187,184,0,184,371
09/15/2018,SLN,KS,ACE,CE,Federal Contract Tower,0,5,6,2,13,0,45,30,4,79,0,50,36,6,92,97,0,97,189
09/16/2018,SLN,KS,ACE,CE,Federal Contract Tower,0,6,4,0,10,0,0,19,0,19,0,6,23,0,29,2,0,2,31
09/17/2018,SLN,KS,ACE,CE,Federal Contract Tower,0,13,6,6,25,0,79,10,4,93,0,92,16,10,118,152,8,160,278
09/18/2018,SLN,KS,ACE,CE,Federal Contract Tower,0,20,10,6,36,0,99,10,2,111,0,119,20,8,147,210,38,248,395
09/19/2018,SLN,KS,ACE,CE,Federal Contract Tower,0,21,3,13,37,0,95,10,4,109,0,116,13,17,146,180,53,233,379
09/20/2018,SLN,KS,ACE,CE,Federal Contract Tower,1,8,9,11,29,1,54,11,6,72,2,62,20,17,101,72,12,84,185
09/21/2018,SLN,KS,ACE,CE,Federal Contract Tower,10,14,14,31,69,0,78,25,15,118,10,92,39,46,187,218,88,306,493
09/22/2018,SLN,KS,ACE,CE,Federal Contract Tower,14,19,14,3,50,0,64,39,0,103,14,83,53,3,153,254,0,254,407
09/23/2018,SLN,KS,ACE,CE,Federal Contract Tower,6,7,3,5,21,0,0,9,2,11,6,7,12,7,32,12,6,18,50
09/24/2018,SLN,KS,ACE,CE,Federal Contract Tower,14,14,18,11,57,0,56,4,3,63,14,70,22,14,120,150,6,156,276
09/25/2018,SLN,KS,ACE,CE,Federal Contract Tower,0,9,13,11,33,0,28,18,4,50,0,37,31,15,83,90,4,94,177
09/26/2018,SLN,KS,ACE,CE,Federal Contract Tower,0,10,16,20,46,0,114,11,7,132,0,124,27,27,178,188,66,254,432
09/27/2018,SLN,KS,ACE,CE,Federal Contract Tower,0,18,20,8,46,0,98,52,3,153,0,116,72,11,199,92,12,104,303
09/28/2018,SLN,KS,ACE,CE,Federal Contract Tower,0,5,18,6,29,0,77,44,0,121,0,82,62,6,150,66,0,66,216
09/29/2018,SLN,KS,ACE,CE,Federal Contract Tower,0,4,14,0,18,0,0,1,0,1,0,4,15,0,19,0,0,0,19
09/30/2018,SLN,KS,ACE,CE,Federal Contract Tower,0,7,14,0,21,0,0,7,0,7,0,7,21,0,28,0,0,0,28
10/01/2018,SLN,KS,ACE,CE,Federal Contract Tower,0,15,16,16,47,0,29,6,1,36,0,44,22,17,83,128,0,128,211
10/02/2018,SLN,KS,ACE,CE,Federal Contract Tower,6,15,11,13,45,0,58,16,5,79,6,73,27,18,124,182,12,194,318
10/03/2018,SLN,KS,ACE,CE,Federal Contract Tower,0,7,24,9,40,0,69,6,3,78,0,76,30,12,118,123,30,153,271
10/04/2018,SLN,KS,ACE,CE,Federal Contract Tower,0,14,16,4,34,0,45,4,4,53,0,59,20,8,87,156,0,156,243
10/05/2018,SLN,KS,ACE,CE,Federal Contract Tower,0,13,14,0,27,0,1,2,1,4,0,14,16,1,31,10,0,10,41
10/06/2018,SLN,KS,ACE,CE,Federal Contract Tower,0,6,5,0,11,0,0,0,0,0,0,6,5,0,11,0,0,0,11
10/07/2018,SLN,KS,ACE,CE,Federal Contract Tower,0,7,0,1,8,0,0,0,0,0,0,7,0,1,8,0,0,0,8
10/08/2018,SLN,KS,ACE,CE,Federal Contract Tower,0,4,10,0,14,0,0,0,0,0,0,4,10,0,14,0,0,0,14
10/09/2018,SLN,KS,ACE,CE,Federal Contract Tower,0,8,5,0,13,0,0,0,0,0,0,8,5,0,13,0,0,0,13
10/10/2018,SLN,KS,ACE,CE,Federal Contract Tower,0,12,6,7,25,0,89,19,3,111,0,101,25,10,136,452,0,452,588
10/11/2018,SLN,KS,ACE,CE,Federal Contract Tower,0,22,17,2,41,0,168,39,6,213,0,190,56,8,254,714,8,722,976
10/12/2018,SLN,KS,ACE,CE,Federal Contract Tower,0,17,6,7,30,0,41,21,9,71,0,58,27,16,101,392,8,400,501
10/13/2018,SLN,KS,ACE,CE,Federal Contract Tower,2,4,23,4,33,0,165,37,1,203,2,169,60,5,236,682,2,684,920
10/14/2018,SLN,KS,ACE,CE,Federal Contract Tower,0,9,6,0,15,0,0,0,0,0,0,9,6,0,15,0,0,0,15
10/15/2018,SLN,KS,ACE,CE,Federal Contract Tower,0,11,18,7,36,0,127,42,7,176,0,138,60,14,212,284,6,290,502
10/16/2018,SLN,KS,ACE,CE,Federal Contract Tower,2,16,15,8,41,0,207,22,6,235,2,223,37,14,276,266,2,268,544
10/17/2018,SLN,KS,ACE,CE,Federal Contract Tower,0,13,15,14,42,0,131,23,8,162,0,144,38,22,204,346,36,382,586
10/18/2018,SLN,KS,ACE,CE,Federal Contract Tower,0,11,17,2,30,0,121,27,17,165,0,132,44,19,195,294,10,304,499
10/19/2018,SLN,KS,ACE,CE,Federal Contract Tower,0,16,22,31,69,0,91,23,12,126,0,107,45,43,195,230,68,298,493
10/20/2018,SLN,KS,ACE,CE,Federal Contract Tower,0,13,7,0,20,0,30,21,11,62,0,43,28,11,82,120,0,120,202
10/21/2018,SLN,KS,ACE,CE,Federal Contract Tower,0,6,4,0,10,0,2,18,23,43,0,8,22,23,53,8,24,32,85
10/22/2018,SLN,KS,ACE,CE,Federal Contract Tower,0,12,13,4,29,0,121,14,16,151,0,133,27,20,180,380,16,396,576
10/23/2018,SLN,KS,ACE,CE,Federal Contract Tower,0,20,5,1,26,0,106,16,5,127,0,126,21,6,153,166,0,166,319
10/24/2018,SLN,KS,ACE,CE,Federal Contract Tower,0,12,10,12,34,0,91,6,12,109,0,103,16,24,143,206,100,306,449
10/25/2018,SLN,KS,ACE,CE,Federal Contract Tower,0,6,16,0,22,0,4,1,2,7,0,10,17,2,29,4,16,20,49
10/27/2018,SLN,KS,ACE,CE,Federal Contract Tower,0,12,16,0,28,0,42,43,0,85,0,54,59,0,113,130,0,130,243
10/28/2018,SLN,KS,ACE,CE,Federal Contract Tower,0,6,17,0,23,0,0,14,0,14,0,6,31,0,37,8,0,8,45
10/29/2018,SLN,KS,ACE,CE,Federal Contract Tower,2,19,10,15,46,0,111,10,2,123,2,130,20,17,169,168,8,176,345
10/30/2018,SLN,KS,ACE,CE,Federal Contract Tower,0,17,18,7,42,0,84,2,2,88,0,101,20,9,130,176,0,176,306
10/31/2018,SLN,KS,ACE,CE,Federal Contract Tower,0,18,14,24,56,0,79,1,2,82,0,97,15,26,138,206,40,246,384
11/01/2018,SLN,KS,ACE,CE,Federal Contract Tower,0,12,10,8,30,0,99,9,6,114,0,111,19,14,144,302,6,308,452
11/02/2018,SLN,KS,ACE,CE,Federal Contract Tower,0,18,19,10,47,0,73,5,3,81,0,91,24,13,128,72,2,74,202
11/03/2018,SLN,KS,ACE,CE,Federal Contract Tower,0,8,6,0,14,0,21,12,2,35,0,29,18,2,49,58,0,58,107
11/04/2018,SLN,KS,ACE,CE,Federal Contract Tower,0,6,7,1,14,0,0,6,0,6,0,6,13,1,20,10,0,10,30
11/05/2018,SLN,KS,ACE,CE,Federal Contract Tower,0,12,12,14,38,0,53,6,0,59,0,65,18,14,97,62,0,62,159
11/06/2018,SLN,KS,ACE,CE,Federal Contract Tower,0,23,9,17,49,0,70,6,1,77,0,93,15,18,126,138,0,138,264
11/07/2018,SLN,KS,ACE,CE,Federal Contract Tower,0,22,19,13,54,0,95,17,5,117,0,117,36,18,171,158,12,170,341
11/08/2018,SLN,KS,ACE,CE,Federal Contract Tower,0,5,0,0,5,0,0,0,0,0,0,5,0,0,5,0,0,0,5
11/09/2018,SLN,KS,ACE,CE,Federal Contract Tower,0,17,17,6,40,0,86,26,0,112,0,103,43,6,152,150,0,150,302
11/10/2018,SLN,KS,ACE,CE,Federal Contract Tower,0,5,2,0,7,0,28,18,0,46,0,33,20,0,53,54,0,54,107
11/11/2018,SLN,KS,ACE,CE,Federal Contract Tower,0,4,7,0,11,0,0,9,0,9,0,4,16,0,20,0,0,0,20
11/12/2018,SLN,KS,ACE,CE,Federal Contract Tower,0,10,11,0,21,0,37,1,0,38,0,47,12,0,59,88,0,88,147
11/13/2018,SLN,KS,ACE,CE,Federal Contract Tower,0,15,10,5,30,0,57,20,10,87,0,72,30,15,117,174,0,174,291
11/14/2018,SLN,KS,ACE,CE,Federal Contract Tower,0,17,11,2,30,0,120,18,7,145,0,137,29,9,175,270,2,272,447
11/15/2018,SLN,KS,ACE,CE,Federal Contract Tower,2,11,4,14,31,0,98,21,2,121,2,109,25,16,152,204,8,212,364
11/16/2018,SLN,KS,ACE,CE,Federal Contract Tower,2,16,10,4,32,0,84,25,6,115,2,100,35,10,147,254,6,260,407
11/17/2018,SLN,KS,ACE,CE,Federal Contract Tower,2,6,10,0,18,0,3,0,4,7,2,9,10,4,25,8,18,26,51
11/18/2018,SLN,KS,ACE,CE,Federal Contract Tower,0,6,11,1,18,0,0,8,2,10,0,6,19,3,28,0,0,0,28
11/19/2018,SLN,KS,ACE,CE,Federal Contract Tower,0,13,18,1,32,0,66,11,1,78,0,79,29,2,110,120,0,120,230
11/20/2018,SLN,KS,ACE,CE,Federal Contract Tower,0,19,11,4,34,0,44,18,4,66,0,63,29,8,100,54,0,54,154
11/21/2018,SLN,KS,ACE,CE,Federal Contract Tower,0,15,12,0,27,0,8,33,0,41,0,23,45,0,68,32,0,32,100
11/22/2018,SLN,KS,ACE,CE,Federal Contract Tower,0,4,7,0,11,0,0,13,0,13,0,4,20,0,24,0,0,0,24
11/23/2018,SLN,KS,ACE,CE,Federal Contract Tower,0,9,7,0,16,0,0,6,0,6,0,9,13,0,22,4,0,4,26
11/24/2018,SLN,KS,ACE,CE,Federal Contract Tower,0,17,5,0,22,0,2,15,0,17,0,19,20,0,39,12,0,12,51
11/25/2018,SLN,KS,ACE,CE,Federal Contract Tower,0,3,0,0,3,0,0,0,0,0,0,3,0,0,3,0,0,0,3
11/26/2018,SLN,KS,ACE,CE,Federal Contract Tower,0,12,9,0,21,0,27,9,0,36,0,39,18,0,57,60,0,60,117
11/27/2018,SLN,KS,ACE,CE,Federal Contract Tower,0,4,12,0,16,0,34,11,12,57,0,38,23,12,73,68,0,68,141
11/28/2018,SLN,KS,ACE,CE,Federal Contract Tower,0,23,10,2,35,0,114,14,0,128,0,137,24,2,163,186,0,186,349
11/29/2018,SLN,KS,ACE,CE,Federal Contract Tower,0,27,13,4,44,0,117,20,0,137,0,144,33,4,181,204,0,204,385
11/30/2018,SLN,KS,ACE,CE,Federal Contract Tower,0,7,4,2,13,0,0,0,0,0,0,7,4,2,13,0,0,0,13
12/01/2018,SLN,KS,ACE,CE,Federal Contract Tower,0,2,5,0,7,0,0,0,0,0,0,2,5,0,7,0,0,0,7
12/02/2018,SLN,KS,ACE,CE,Federal Contract Tower,0,4,8,0,12,0,0,1,0,1,0,4,9,0,13,0,0,0,13
12/03/2018,SLN,KS,ACE,CE,Federal Contract Tower,0,5,8,0,13,0,3,0,0,3,0,8,8,0,16,20,0,20,36
12/04/2018,SLN,KS,ACE,CE,Federal Contract Tower,0,10,17,6,33,0,57,6,12,75,0,67,23,18,108,146,4,150,258
12/05/2018,SLN,KS,ACE,CE,Federal Contract Tower,2,14,19,1,36,0,132,15,1,148,2,146,34,2,184,254,0,254,438
12/06/2018,SLN,KS,ACE,CE,Federal Contract Tower,0,8,14,8,30,0,90,13,1,104,0,98,27,9,134,192,0,192,326
12/07/2018,SLN,KS,ACE,CE,Federal Contract Tower,2,16,15,4,37,1,65,12,6,84,3,81,27,10,121,204,10,214,335
12/08/2018,SLN,KS,ACE,CE,Federal Contract Tower,0,4,6,0,10,0,45,22,0,67,0,49,28,0,77,168,0,168,245
12/09/2018,SLN,KS,ACE,CE,Federal Contract Tower,0,7,7,0,14,0,11,19,0,30,0,18,26,0,44,22,0,22,66
12/10/2018,SLN,KS,ACE,CE,Federal Contract Tower,0,7,4,11,22,0,73,15,3,91,0,80,19,14,113,138,2,140,253
12/11/2018,SLN,KS,ACE,CE,Federal Contract Tower,0,7,8,2,17,0,70,14,0,84,0,77,22,2,101,116,0,116,217
12/12/2018,SLN,KS,ACE,CE,Federal Contract Tower,0,8,14,7,29,0,89,21,5,115,0,97,35,12,144,194,6,200,344
12/13/2018,SLN,KS,ACE,CE,Federal Contract Tower,0,6,9,4,19,0,8,0,26,34,0,14,9,30,53,20,56,76,129
12/14/2018,SLN,KS,ACE,CE,Federal Contract Tower,1,9,20,2,32,0,58,32,9,99,1,67,52,11,131,100,0,100,231
12/15/2018,SLN,KS,ACE,CE,Federal Contract Tower,0,4,8,1,13,0,0,28,1,29,0,4,36,2,42,14,0,14,56
12/16/2018,SLN,KS,ACE,CE,Federal Contract Tower,0,2,9,2,13,0,0,13,1,14,0,2,22,3,27,12,0,12,39
12/17/2018,SLN,KS,ACE,CE,Federal Contract Tower,0,15,18,2,35,0,43,8,0,51,0,58,26,2,86,141,0,141,227
12/18/2018,SLN,KS,ACE,CE,Federal Contract Tower,2,9,12,2,25,0,37,10,12,59,2,46,22,14,84,108,40,148,232
12/19/2018,SLN,KS,ACE,CE,Federal Contract Tower,0,9,10,22,41,0,31,20,8,59,0,40,30,30,100,52,88,140,240
12/20/2018,SLN,KS,ACE,CE,Federal Contract Tower,0,7,7,0,14,0,19,9,5,33,0,26,16,5,47,20,0,20,67
12/21/2018,SLN,KS,ACE,CE,Federal Contract Tower,2,11,10,6,29,0,20,28,1,49,2,31,38,7,78,44,6,50,128
12/22/2018,SLN,KS,ACE,CE,Federal Contract Tower,0,3,14,0,17,0,0,15,0,15,0,3,29,0,32,8,0,8,40
12/23/2018,SLN,KS,ACE,CE,Federal Contract Tower,0,6,5,0,11,0,0,7,0,7,0,6,12,0,18,0,0,0,18
12/24/2018,SLN,KS,ACE,CE,Federal Contract Tower,0,9,6,0,15,0,0,9,0,9,0,9,15,0,24,8,0,8,32
12/25/2018,SLN,KS,ACE,CE,Federal Contract Tower,0,8,6,0,14,0,0,4,0,4,0,8,10,0,18,0,0,0,18
12/26/2018,SLN,KS,ACE,CE,Federal Contract Tower,0,10,8,0,18,0,0,0,0,0,0,10,8,0,18,0,0,0,18
12/27/2018,SLN,KS,ACE,CE,Federal Contract Tower,0,9,1,0,10,0,0,0,0,0,0,9,1,0,10,0,0,0,10
12/28/2018,SLN,KS,ACE,CE,Federal Contract Tower,0,11,5,0,16,0,0,4,0,4,0,11,9,0,20,0,0,0,20
12/29/2018,SLN,KS,ACE,CE,Federal Contract Tower,0,8,2,0,10,0,0,2,0,2,0,8,4,0,12,0,0,0,12
12/30/2018,SLN,KS,ACE,CE,Federal Contract Tower,0,6,8,0,14,0,0,5,0,5,0,6,13,0,19,2,0,2,21
12/31/2018,SLN,KS,ACE,CE,Federal Contract Tower,0,4,3,0,7,0,0,4,0,4,0,4,7,0,11,4,0,4,15
01/01/2019,SLN,KS,ACE,CE,Federal Contract Tower,0,6,3,0,9,0,0,0,0,0,0,6,3,0,9,0,0,0,9
01/03/2019,SLN,KS,ACE,CE,Federal Contract Tower,0,7,8,10,25,0,17,16,4,37,0,24,24,14,62,26,10,36,98
01/04/2019,SLN,KS,ACE,CE,Federal Contract Tower,0,7,8,9,24,0,18,21,3,42,0,25,29,12,66,48,42,90,156
01/05/2019,SLN,KS,ACE,CE,Federal Contract Tower,0,2,7,5,14,0,2,39,4,45,0,4,46,9,59,16,0,16,75
01/06/2019,SLN,KS,ACE,CE,Federal Contract Tower,0,7,4,2,13,0,0,16,5,21,0,7,20,7,34,6,0,6,40
01/07/2019,SLN,KS,ACE,CE,Federal Contract Tower,0,7,6,31,44,0,30,10,4,44,0,37,16,35,88,52,24,76,164
01/08/2019,SLN,KS,ACE,CE,Federal Contract Tower,0,5,8,7,20,0,21,21,11,53,0,26,29,18,73,44,20,64,137
01/09/2019,SLN,KS,ACE,CE,Federal Contract Tower,0,7,11,6,24,0,38,16,1,55,0,45,27,7,79,56,0,56,135
01/10/2019,SLN,KS,ACE,CE,Federal Contract Tower,0,13,20,0,33,0,39,16,1,56,0,52,36,1,89,48,60,108,197
01/11/2019,SLN,KS,ACE,CE,Federal Contract Tower,0,5,15,15,35,0,0,0,0,0,0,5,15,15,35,2,70,72,107
01/12/2019,SLN,KS,ACE,CE,Federal Contract Tower,0,2,1,0,3,0,0,0,0,0,0,2,1,0,3,0,0,0,3
01/13/2019,SLN,KS,ACE,CE,Federal Contract Tower,0,8,4,0,12,0,0,3,0,3,0,8,7,0,15,0,0,0,15
01/14/2019,SLN,KS,ACE,CE,Federal Contract Tower,4,6,7,1,18,0,0,0,0,0,4,6,7,1,18,0,0,0,18
01/15/2019,SLN,KS,ACE,CE,Federal Contract Tower,3,2,4,4,13,0,0,0,0,0,3,2,4,4,13,0,0,0,13
01/16/2019,SLN,KS,ACE,CE,Federal Contract Tower,2,0,2,0,4,0,0,0,0,0,2,0,2,0,4,0,0,0,4
01/17/2019,SLN,KS,ACE,CE,Federal Contract Tower,4,7,18,3,32,0,0,0,0,0,4,7,18,3,32,0,10,10,42
01/18/2019,SLN,KS,ACE,CE,Federal Contract Tower,4,4,0,0,8,0,0,0,0,0,4,4,0,0,8,0,0,0,8
01/19/2019,SLN,KS,ACE,CE,Federal Contract Tower,0,2,2,0,4,0,2,8,0,10,0,4,10,0,14,10,0,10,24
01/20/2019,SLN,KS,ACE,CE,Federal Contract Tower,4,0,14,0,18,0,0,9,0,9,4,0,23,0,27,6,0,6,33
01/21/2019,SLN,KS,ACE,CE,Federal Contract Tower,7,2,14,0,23,0,0,14,0,14,7,2,28,0,37,30,0,30,67
01/22/2019,SLN,KS,ACE,CE,Federal Contract Tower,4,0,3,2,9,0,0,0,0,0,4,0,3,2,9,0,0,0,9
01/23/2019,SLN,KS,ACE,CE,Federal Contract Tower,4,8,23,0,35,0,39,20,0,59,4,47,43,0,94,54,0,54,148
01/24/2019,SLN,KS,ACE,CE,Federal Contract Tower,5,7,11,0,23,0,65,7,4,76,5,72,18,4,99,94,0,94,193
01/25/2019,SLN,KS,ACE,CE,Federal Contract Tower,4,5,8,8,25,0,65,15,10,90,4,70,23,18,115,142,18,160,275
01/26/2019,SLN,KS,ACE,CE,Federal Contract Tower,0,4,19,2,25,0,26,29,0,55,0,30,48,2,80,60,0,60,140
01/27/2019,SLN,KS,ACE,CE,Federal Contract Tower,4,7,8,2,21,0,2,18,0,20,4,9,26,2,41,0,0,0,41
01/28/2019,SLN,KS,ACE,CE,Federal Contract Tower,4,6,5,21,36,0,47,7,6,60,4,53,12,27,96,30,12,42,138
01/29/2019,SLN,KS,ACE,CE,Federal Contract Tower,4,5,6,8,23,0,60,5,3,68,4,65,11,11,91,42,6,48,139
01/30/2019,SLN,KS,ACE,CE,Federal Contract Tower,2,17,8,11,38,0,119,15,19,153,2,136,23,30,191,138,46,184,375
01/31/2019,SLN,KS,ACE,CE,Federal Contract Tower,2,4,14,21,41,0,64,15,21,100,2,68,29,42,141,118,82,200,341
02/01/2019,SLN,KS,ACE,CE,Federal Contract Tower,3,14,17,12,46,0,107,27,5,139,3,121,44,17,185,84,86,170,355
02/02/2019,SLN,KS,ACE,CE,Federal Contract Tower,2,2,4,1,9,0,3,5,0,8,2,5,9,1,17,8,0,8,25
02/03/2019,SLN,KS,ACE,CE,Federal Contract Tower,4,0,5,4,13,0,0,9,0,9,4,0,14,4,22,6,0,6,28
02/04/2019,SLN,KS,ACE,CE,Federal Contract Tower,4,16,7,8,35,0,84,23,5,112,4,100,30,13,147,126,4,130,277
02/05/2019,SLN,KS,ACE,CE,Federal Contract Tower,4,7,6,0,17,0,5,0,0,5,4,12,6,0,22,6,0,6,28
02/06/2019,SLN,KS,ACE,CE,Federal Contract Tower,4,5,5,10,24,0,0,0,0,0,4,5,5,10,24,0,0,0,24
02/07/2019,SLN,KS,ACE,CE,Federal Contract Tower,4,2,7,1,14,0,0,17,4,21,4,2,24,5,35,4,8,12,47
02/08/2019,SLN,KS,ACE,CE,Federal Contract Tower,5,6,11,2,24,0,141,24,4,169,5,147,35,6,193,146,22,168,361
02/09/2019,SLN,KS,ACE,CE,Federal Contract Tower,0,12,5,0,17,0,66,40,4,110,0,78,45,4,127,45,0,45,172
02/10/2019,SLN,KS,ACE,CE,Federal Contract Tower,4,0,6,3,13,0,0,2,1,3,4,0,8,4,16,0,0,0,16
02/11/2019,SLN,KS,ACE,CE,Federal Contract Tower,6,2,4,0,12,0,0,0,0,0,6,2,4,0,12,0,0,0,12
02/12/2019,SLN,KS,ACE,CE,Federal Contract Tower,5,9,0,14,28,0,108,19,11,138,5,117,19,25,166,176,28,204,370
02/13/2019,SLN,KS,ACE,CE,Federal Contract Tower,5,9,13,2,29,0,150,22,14,186,5,159,35,16,215,290,0,290,505
02/14/2019,SLN,KS,ACE,CE,Federal Contract Tower,4,14,17,7,42,0,103,27,17,147,4,117,44,24,189,140,13,153,342
02/15/2019,SLN,KS,ACE,CE,Federal Contract Tower,4,4,6,0,14,0,0,0,2,2,4,4,6,2,16,0,0,0,16
02/16/2019,SLN,KS,ACE,CE,Federal Contract Tower,0,2,2,7,11,0,0,2,9,11,0,2,4,16,22,0,0,0,22
02/17/2019,SLN,KS,ACE,CE,Federal Contract Tower,4,4,10,4,22,0,0,14,0,14,4,4,24,4,36,10,0,10,46
02/18/2019,SLN,KS,ACE,CE,Federal Contract Tower,4,12,13,0,29,0,107,22,0,129,4,119,35,0,158,204,0,204,362
02/19/2019,SLN,KS,ACE,CE,Federal Contract Tower,4,5,4,0,13,0,10,0,3,13,4,15,4,3,26,12,0,12,38
02/20/2019,SLN,KS,ACE,CE,Federal Contract Tower,4,9,14,7,34,0,93,10,0,103,4,102,24,7,137,133,2,135,272
02/21/2019,SLN,KS,ACE,CE,Federal Contract Tower,4,12,24,15,55,0,102,21,7,130,4,114,45,22,185,174,6,180,365
02/23/2019,SLN,KS,ACE,CE,Federal Contract Tower,0,0,0,0,0,0,0,0,0,0,0,0,0,0,0,0,0,0,0
02/24/2019,SLN,KS,ACE,CE,Federal Contract Tower,4,6,5,0,15,0,0,19,4,23,4,6,24,4,38,32,0,32,70
02/25/2019,SLN,KS,ACE,CE,Federal Contract Tower,4,1,9,4,18,0,151,5,0,156,4,152,14,4,174,224,0,224,398
02/26/2019,SLN,KS,ACE,CE,Federal Contract Tower,4,0,3,10,17,0,3,0,0,3,4,3,3,10,20,24,0,24,44
02/27/2019,SLN,KS,ACE,CE,Federal Contract Tower,4,2,8,4,18,0,8,2,0,10,4,10,10,4,28,42,0,42,70
02/28/2019,SLN,KS,ACE,CE,Federal Contract Tower,5,6,16,2,29,0,111,8,3,122,5,117,24,5,151,214,28,242,393
03/01/2019,SLN,KS,ACE,CE,Federal Contract Tower,5,10,11,14,40,0,176,44,6,226,5,186,55,20,266,347,104,451,717
03/02/2019,SLN,KS,ACE,CE,Federal Contract Tower,0,5,11,0,16,0,34,7,0,41,0,39,18,0,57,60,0,60,117
03/03/2019,SLN,KS,ACE,CE,Federal Contract Tower,3,0,0,0,3,0,2,2,0,4,3,2,2,0,7,4,0,4,11
03/04/2019,SLN,KS,ACE,CE,Federal Contract Tower,6,15,12,0,33,0,95,4,0,99,6,110,16,0,132,178,0,178,310
03/05/2019,SLN,KS,ACE,CE,Federal Contract Tower,5,6,16,0,27,0,86,14,2,102,5,92,30,2,129,172,0,172,301
03/06/2019,SLN,KS,ACE,CE,Federal Contract Tower,6,9,6,5,26,0,150,17,4,171,6,159,23,9,197,350,4,354,551
03/07/2019,SLN,KS,ACE,CE,Federal Contract Tower,5,8,8,0,21,0,96,23,0,119,5,104,31,0,140,232,0,232,372
03/08/2019,SLN,KS,ACE,CE,Federal Contract Tower,5,5,12,0,22,0,0,0,0,0,5,5,12,0,22,0,0,0,22
03/09/2019,SLN,KS,ACE,CE,Federal Contract Tower,0,2,4,0,6,0,10,2,0,12,0,12,6,0,18,24,0,24,42
03/10/2019,SLN,KS,ACE,CE,Federal Contract Tower,4,2,7,2,15,0,1,50,3,54,4,3,57,5,69,42,24,66,135
03/11/2019,SLN,KS,ACE,CE,Federal Contract Tower,4,4,8,18,34,0,63,24,4,91,4,67,32,22,125,194,8,202,327
03/12/2019,SLN,KS,ACE,CE,Federal Contract Tower,4,0,2,0,6,0,0,0,0,0,4,0,2,0,6,0,0,0,6
03/13/2019,SLN,KS,ACE,CE,Federal Contract Tower,3,1,1,0,5,0,0,0,0,0,3,1,1,0,5,5,0,5,10
03/14/2019,SLN,KS,ACE,CE,Federal Contract Tower,5,0,18,0,23,0,0,0,0,0,5,0,18,0,23,23,0,23,46
03/15/2019,SLN,KS,ACE,CE,Federal Contract Tower,4,7,18,2,31,0,18,7,1,26,4,25,25,3,57,30,0,30,87
03/16/2019,SLN,KS,ACE,CE,Federal Contract Tower,0,2,19,1,22,0,10,17,0,27,0,12,36,1,49,30,0,30,79
03/17/2019,SLN,KS,ACE,CE,Federal Contract Tower,4,2,10,1,17,0,2,21,1,24,4,4,31,2,41,0,0,0,41
03/18/2019,SLN,KS,ACE,CE,Federal Contract Tower,3,11,8,1,23,0,149,26,8,183,3,160,34,9,206,354,0,354,560
03/19/2019,SLN,KS,ACE,CE,Federal Contract Tower,4,12,2,0,18,0,54,4,7,65,4,66,6,7,83,300,0,300,383
03/20/2019,SLN,KS,ACE,CE,Federal Contract Tower,4,18,23,3,48,0,129,23,6,158,4,147,46,9,206,288,6,294,500
03/21/2019,SLN,KS,ACE,CE,Federal Contract Tower,5,23,20,6,54,0,103,31,5,139,5,126,51,11,193,250,26,276,469
03/22/2019,SLN,KS,ACE,CE,Federal Contract Tower,4,10,12,10,36,0,117,31,13,161,4,127,43,23,197,234,38,272,469
03/23/2019,SLN,KS,ACE,CE,Federal Contract Tower,0,3,9,0,12,0,13,9,0,22,0,16,18,0,34,36,0,36,70
03/24/2019,SLN,KS,ACE,CE,Federal Contract Tower,4,5,9,2,20,0,2,16,0,18,4,7,25,2,38,16,0,16,54
03/25/2019,SLN,KS,ACE,CE,Federal Contract Tower,5,20,16,0,41,0,83,11,0,94,5,103,27,0,135,302,2,304,439
03/26/2019,SLN,KS,ACE,CE,Federal Contract Tower,5,18,12,4,39,0,79,15,9,103,5,97,27,13,142,248,8,256,398
03/27/2019,SLN,KS,ACE,CE,Federal Contract Tower,5,3,10,1,19,0,25,3,2,30,5,28,13,3,49,20,0,20,69
03/28/2019,SLN,KS,ACE,CE,Federal Contract Tower,4,6,14,0,24,0,38,10,0,48,4,44,24,0,72,86,0,86,158
03/29/2019,SLN,KS,ACE,CE,Federal Contract Tower,4,2,7,0,13,0,0,0,0,0,4,2,7,0,13,0,0,0,13
03/30/2019,SLN,KS,ACE,CE,Federal Contract Tower,0,9,3,6,18,0,10,12,0,22,0,19,15,6,40,10,0,10,50
03/31/2019,SLN,KS,ACE,CE,Federal Contract Tower,5,2,7,0,14,0,0,52,0,52,5,2,59,0,66,4,0,4,70
04/01/2019,SLN,KS,ACE,CE,Federal Contract Tower,5,13,36,0,54,0,155,22,0,177,5,168,58,0,231,328,0,328,559
04/02/2019,SLN,KS,ACE,CE,Federal Contract Tower,4,19,14,12,49,0,78,24,1,103,4,97,38,13,152,230,10,240,392
04/03/2019,SLN,KS,ACE,CE,Federal Contract Tower,4,13,10,0,27,0,103,9,1,113,4,116,19,1,140,248,0,248,388
04/04/2019,SLN,KS,ACE,CE,Federal Contract Tower,4,18,20,14,56,0,78,16,2,96,4,96,36,16,152,220,8,228,380
04/05/2019,SLN,KS,ACE,CE,Federal Contract Tower,4,8,11,1,24,0,60,25,2,87,4,68,36,3,111,238,0,238,349
04/06/2019,SLN,KS,ACE,CE,Federal Contract Tower,0,2,16,0,18,0,10,17,2,29,0,12,33,2,47,106,0,106,153
04/07/2019,SLN,KS,ACE,CE,Federal Contract Tower,5,2,18,0,25,0,0,18,1,19,5,2,36,1,44,4,0,4,48
04/08/2019,SLN,KS,ACE,CE,Federal Contract Tower,4,19,10,14,47,0,109,35,1,145,4,128,45,15,192,232,40,272,464
04/09/2019,SLN,KS,ACE,CE,Federal Contract Tower,4,19,19,2,44,0,99,36,1,136,4,118,55,3,180,254,0,254,434
04/10/2019,SLN,KS,ACE,CE,Federal Contract Tower,4,9,14,6,33,0,77,12,5,94,4,86,26,11,127,154,0,154,281
04/11/2019,SLN,KS,ACE,CE,Federal Contract Tower,4,2,10,3,19,0,1,5,0,6,4,3,15,3,25,0,0,0,25
04/12/2019,SLN,KS,ACE,CE,Federal Contract Tower,4,22,26,15,67,0,111,13,5,129,4,133,39,20,196,210,12,222,418
04/13/2019,SLN,KS,ACE,CE,Federal Contract Tower,0,19,13,12,44,0,31,22,2,55,0,50,35,14,99,96,4,100,199
04/14/2019,SLN,KS,ACE,CE,Federal Contract Tower,1,2,11,2,16,0,0,28,0,28,1,2,39,2,44,0,0,0,44
04/15/2019,SLN,KS,ACE,CE,Federal Contract Tower,4,18,9,4,35,0,110,33,2,145,4,128,42,6,180,212,26,238,418
04/16/2019,SLN,KS,ACE,CE,Federal Contract Tower,4,12,10,2,28,0,109,28,7,144,4,121,38,9,172,298,18,316,488
04/17/2019,SLN,KS,ACE,CE,Federal Contract Tower,3,11,9,27,50,0,82,14,2,98,3,93,23,29,148,284,25,309,457
04/18/2019,SLN,KS,ACE,CE,Federal Contract Tower,3,5,11,4,23,0,71,16,1,88,3,76,27,5,111,166,176,342,453
04/19/2019,SLN,KS,ACE,CE,Federal Contract Tower,4,14,16,18,52,0,103,24,7,134,4,117,40,25,186,260,40,300,486
04/20/2019,SLN,KS,ACE,CE,Federal Contract Tower,0,7,6,0,13,0,20,13,0,33,0,27,19,0,46,80,0,80,126
04/21/2019,SLN,KS,ACE,CE,Federal Contract Tower,5,0,4,6,15,0,0,5,4,9,5,0,9,10,24,2,0,2,26
04/22/2019,SLN,KS,ACE,CE,Federal Contract Tower,4,16,18,0,38,0,40,4,0,44,4,56,22,0,82,156,0,156,238
04/23/2019,SLN,KS,ACE,CE,Federal Contract Tower,5,25,18,14,62,0,29,9,0,38,5,54,27,14,100,118,0,118,218
04/24/2019,SLN,KS,ACE,CE,Federal Contract Tower,4,11,20,11,46,0,76,26,1,103,4,87,46,12,149,148,0,148,297
04/25/2019,SLN,KS,ACE,CE,Federal Contract Tower,4,10,20,6,40,0,66,17,6,89,4,76,37,12,129,196,0,196,325
04/26/2019,SLN,KS,ACE,CE,Federal Contract Tower,4,13,13,0,30,0,94,24,0,118,4,107,37,0,148,222,0,222,370
04/27/2019,SLN,KS,ACE,CE,Federal Contract Tower,0,5,14,0,19,0,0,9,0,9,0,5,23,0,28,2,0,2,30
04/28/2019,SLN,KS,ACE,CE,Federal Contract Tower,4,2,16,4,26,0,0,12,0,12,4,2,28,4,38,0,0,0,38
04/29/2019,SLN,KS,ACE,CE,Federal Contract Tower,4,19,14,1,38,0,59,13,1,73,4,78,27,2,111,144,10,154,265
04/30/2019,SLN,KS,ACE,CE,Federal Contract Tower,5,6,11,0,22,0,0,0,0,0,5,6,11,0,22,0,0,0,22
05/01/2019,SLN,KS,ACE,CE,Federal Contract Tower,5,2,14,0,21,0,0,2,0,2,5,2,16,0,23,0,0,0,23
05/02/2019,SLN,KS,ACE,CE,Federal Contract Tower,4,18,26,16,64,0,109,13,1,123,4,127,39,17,187,216,46,262,449
05/03/2019,SLN,KS,ACE,CE,Federal Contract Tower,4,9,13,19,45,0,37,8,3,48,4,46,21,22,93,162,30,192,285
05/04/2019,SLN,KS,ACE,CE,Federal Contract Tower,1,5,11,6,23,0,34,29,4,67,1,39,40,10,90,64,0,64,154
05/05/2019,SLN,KS,ACE,CE,Federal Contract Tower,4,7,5,0,16,0,2,15,0,17,4,9,20,0,33,14,0,14,47
05/06/2019,SLN,KS,ACE,CE,Federal Contract Tower,3,7,18,0,28,0,66,17,0,83,3,73,35,0,111,148,0,148,259
05/07/2019,SLN,KS,ACE,CE,Federal Contract Tower,4,0,11,0,15,0,0,0,0,0,4,0,11,0,15,0,0,0,15
05/08/2019,SLN,KS,ACE,CE,Federal Contract Tower,5,2,6,15,28,0,15,1,3,19,5,17,7,18,47,50,12,62,109
05/09/2019,SLN,KS,ACE,CE,Federal Contract Tower,6,9,13,6,34,0,58,9,0,67,6,67,22,6,101,134,14,148,249
05/10/2019,SLN,KS,ACE,CE,Federal Contract Tower,5,6,25,9,45,0,78,36,5,119,5,84,61,14,164,236,2,238,402
05/11/2019,SLN,KS,ACE,CE,Federal Contract Tower,1,6,13,3,23,0,7,41,2,50,1,13,54,5,73,46,0,46,119
05/12/2019,SLN,KS,ACE,CE,Federal Contract Tower,4,0,7,0,11,0,3,31,0,34,4,3,38,0,45,22,0,22,67
05/13/2019,SLN,KS,ACE,CE,Federal Contract Tower,4,5,10,17,36,0,95,20,10,125,4,100,30,27,161,162,14,176,337
05/14/2019,SLN,KS,ACE,CE,Federal Contract Tower,5,5,12,6,28,0,81,28,4,113,5,86,40,10,141,216,22,238,379
05/15/2019,SLN,KS,ACE,CE,Federal Contract Tower,6,8,20,7,41,0,72,28,8,108,6,80,48,15,149,262,18,280,429
05/16/2019,SLN,KS,ACE,CE,Federal Contract Tower,5,12,14,5,36,0,69,40,7,116,5,81,54,12,152,148,8,156,308
05/17/2019,SLN,KS,ACE,CE,Federal Contract Tower,5,4,11,3,23,0,29,20,8,57,5,33,31,11,80,70,18,88,168
05/18/2019,SLN,KS,ACE,CE,Federal Contract Tower,0,1,8,0,9,0,0,9,0,9,0,1,17,0,18,6,0,6,24
05/19/2019,SLN,KS,ACE,CE,Federal Contract Tower,4,4,22,0,30,0,4,43,2,49,4,8,65,2,79,58,0,58,137
05/20/2019,SLN,KS,ACE,CE,Federal Contract Tower,2,7,2,0,11,0,2,4,0,6,2,9,6,0,17,4,0,4,21
05/21/2019,SLN,KS,ACE,CE,Federal Contract Tower,4,0,1,0,5,0,0,1,0,1,4,0,2,0,6,0,0,0,6
05/22/2019,SLN,KS,ACE,CE,Federal Contract Tower,4,8,15,8,35,0,75,32,13,120,4,83,47,21,155,236,10,246,401
05/23/2019,SLN,KS,ACE,CE,Federal Contract Tower,3,0,6,0,9,0,57,3,0,60,3,57,9,0,69,168,0,168,237
05/25/2019,SLN,KS,ACE,CE,Federal Contract Tower,0,1,2,4,7,0,1,6,0,7,0,2,8,4,14,0,0,0,14
05/26/2019,SLN,KS,ACE,CE,Federal Contract Tower,4,1,7,0,12,0,0,20,0,20,4,1,27,0,32,0,0,0,32
05/27/2019,SLN,KS,ACE,CE,Federal Contract Tower,4,7,14,0,25,0,0,8,0,8,4,7,22,0,33,0,0,0,33
05/28/2019,SLN,KS,ACE,CE,Federal Contract Tower,4,8,1,6,19,0,32,4,0,36,4,40,5,6,55,98,0,98,153
05/29/2019,SLN,KS,ACE,CE,Federal Contract Tower,5,10,18,16,49,0,114,29,5,148,5,124,47,21,197,218,2,220,417
05/30/2019,SLN,KS,ACE,CE,Federal Contract Tower,4,6,7,2,19,0,126,37,0,163,4,132,44,2,182,254,0,254,436
05/31/2019,SLN,KS,ACE,CE,Federal Contract Tower,4,8,8,6,26,0,102,40,4,146,4,110,48,10,172,262,48,310,482
06/01/2019,SLN,KS,ACE,CE,Federal Contract Tower,0,1,5,0,6,0,63,29,0,92,0,64,34,0,98,214,0,214,312
06/02/2019,SLN,KS,ACE,CE,Federal Contract Tower,6,4,14,8,32,0,0,9,2,11,6,4,23,10,43,12,4,16,59
06/03/2019,SLN,KS,ACE,CE,Federal Contract Tower,4,12,19,8,43,0,110,12,9,131,4,122,31,17,174,194,12,206,380
06/04/2019,SLN,KS,ACE,CE,Federal Contract Tower,4,0,6,2,12,0,105,44,19,168,4,105,50,21,180,219,48,267,447
06/05/2019,SLN,KS,ACE,CE,Federal Contract Tower,4,3,14,4,25,0,121,10,28,159,4,124,24,32,184,298,66,364,548
06/06/2019,SLN,KS,ACE,CE,Federal Contract Tower,4,2,11,2,19,0,105,4,18,127,4,107,15,20,146,242,60,302,448
06/07/2019,SLN,KS,ACE,CE,Federal Contract Tower,4,10,10,6,30,0,113,18,25,156,4,123,28,31,186,206,74,280,466
06/08/2019,SLN,KS,ACE,CE,Federal Contract Tower,0,2,19,1,22,0,18,21,32,71,0,20,40,33,93,106,32,138,231
06/09/2019,SLN,KS,ACE,CE,Federal Contract Tower,4,2,2,0,8,0,0,9,0,9,4,2,11,0,17,0,0,0,17
06/10/2019,SLN,KS,ACE,CE,Federal Contract Tower,4,7,3,1,15,0,107,23,1,131,4,114,26,2,146,202,0,202,348
06/11/2019,SLN,KS,ACE,CE,Federal Contract Tower,4,9,10,2,25,0,77,19,6,102,4,86,29,8,127,178,14,192,319
06/12/2019,SLN,KS,ACE,CE,Federal Contract Tower,4,7,13,9,33,0,103,21,10,134,4,110,34,19,167,180,36,216,383
06/13/2019,SLN,KS,ACE,CE,Federal Contract Tower,4,4,24,6,38,0,99,31,2,132,4,103,55,8,170,224,2,226,396
06/14/2019,SLN,KS,ACE,CE,Federal Contract Tower,4,6,6,6,22,0,49,17,6,72,4,55,23,12,94,54,26,80,174
06/15/2019,SLN,KS,ACE,CE,Federal Contract Tower,2,1,11,0,14,0,6,34,0,40,2,7,45,0,54,32,0,32,86
06/16/2019,SLN,KS,ACE,CE,Federal Contract Tower,2,3,14,0,19,0,1,27,0,28,2,4,41,0,47,0,0,0,47
06/17/2019,SLN,KS,ACE,CE,Federal Contract Tower,1,7,11,10,29,0,106,17,1,124,1,113,28,11,153,286,74,360,513
06/18/2019,SLN,KS,ACE,CE,Federal Contract Tower,5,5,10,0,20,0,25,10,0,35,5,30,20,0,55,96,0,96,151
06/19/2019,SLN,KS,ACE,CE,Federal Contract Tower,3,13,15,11,42,0,75,16,7,98,3,88,31,18,140,242,24,266,406
06/20/2019,SLN,KS,ACE,CE,Federal Contract Tower,4,8,19,1,32,0,120,22,4,146,4,128,41,5,178,198,6,204,382
06/21/2019,SLN,KS,ACE,CE,Federal Contract Tower,4,5,19,1,29,0,72,22,0,94,4,77,41,1,123,202,0,202,325
06/22/2019,SLN,KS,ACE,CE,Federal Contract Tower,1,2,5,0,8,0,10,17,0,27,1,12,22,0,35,66,0,66,101
06/23/2019,SLN,KS,ACE,CE,Federal Contract Tower,4,1,8,2,15,0,0,7,0,7,4,1,15,2,22,22,0,22,44
06/24/2019,SLN,KS,ACE,CE,Federal Contract Tower,4,7,10,6,27,0,106,21,10,137,4,113,31,16,164,200,16,216,380
06/25/2019,SLN,KS,ACE,CE,Federal Contract Tower,5,5,3,5,18,0,62,26,0,88,5,67,29,5,106,230,36,266,372
06/26/2019,SLN,KS,ACE,CE,Federal Contract Tower,5,7,8,6,26,0,80,44,1,125,5,87,52,7,151,248,36,284,435
06/27/2019,SLN,KS,ACE,CE,Federal Contract Tower,5,7,10,9,31,0,42,23,4,69,5,49,33,13,100,118,32,150,250
06/28/2019,SLN,KS,ACE,CE,Federal Contract Tower,4,4,21,1,30,0,97,40,8,145,4,101,61,9,175,172,44,216,391
06/29/2019,SLN,KS,ACE,CE,Federal Contract Tower,0,0,6,1,7,0,8,29,1,38,0,8,35,2,45,54,4,58,103
06/30/2019,SLN,KS,ACE,CE,Federal Contract Tower,4,1,4,0,9,0,0,16,0,16,4,1,20,0,25,2,0,2,27
07/01/2019,SLN,KS,ACE,CE,Federal Contract Tower,4,3,10,14,31,0,110,25,2,137,4,113,35,16,168,250,72,322,490
07/02/2019,SLN,KS,ACE,CE,Federal Contract Tower,3,3,9,3,18,0,95,21,3,119,3,98,30,6,137,180,40,220,357
07/03/2019,SLN,KS,ACE,CE,Federal Contract Tower,5,8,3,13,29,0,85,28,0,113,5,93,31,13,142,222,0,222,364
07/04/2019,SLN,KS,ACE,CE,Federal Contract Tower,4,0,3,0,7,0,0,3,0,3,4,0,6,0,10,12,0,12,22
07/05/2019,SLN,KS,ACE,CE,Federal Contract Tower,4,3,1,0,8,0,0,13,0,13,4,3,14,0,21,0,0,0,21
07/06/2019,SLN,KS,ACE,CE,Federal Contract Tower,0,0,13,0,13,0,0,2,0,2,0,0,15,0,15,4,0,4,19
07/07/2019,SLN,KS,ACE,CE,Federal Contract Tower,4,4,9,0,17,0,0,16,0,16,4,4,25,0,33,4,0,4,37
07/08/2019,SLN,KS,ACE,CE,Federal Contract Tower,6,6,4,9,25,0,72,8,1,81,6,78,12,10,106,144,32,176,282
07/09/2019,SLN,KS,ACE,CE,Federal Contract Tower,4,6,16,0,26,0,117,32,0,149,4,123,48,0,175,248,0,248,423
07/10/2019,SLN,KS,ACE,CE,Federal Contract Tower,4,13,21,5,43,0,108,11,3,122,4,121,32,8,165,237,6,243,408
07/11/2019,SLN,KS,ACE,CE,Federal Contract Tower,4,8,7,2,21,0,106,31,0,137,4,114,38,2,158,328,0,328,486
07/12/2019,SLN,KS,ACE,CE,Federal Contract Tower,4,8,10,3,25,0,97,21,3,121,4,105,31,6,146,186,20,206,352
07/13/2019,SLN,KS,ACE,CE,Federal Contract Tower,0,2,10,0,12,0,31,29,5,65,0,33,39,5,77,100,0,100,177
07/14/2019,SLN,KS,ACE,CE,Federal Contract Tower,4,4,6,1,15,0,0,24,1,25,4,4,30,2,40,0,12,12,52
07/15/2019,SLN,KS,ACE,CE,Federal Contract Tower,4,7,6,0,17,0,99,17,0,116,4,106,23,0,133,246,12,258,391
07/16/2019,SLN,KS,ACE,CE,Federal Contract Tower,4,6,20,4,34,0,100,21,1,122,4,106,41,5,156,214,4,218,374
07/17/2019,SLN,KS,ACE,CE,Federal Contract Tower,4,14,9,3,30,0,71,8,6,85,4,85,17,9,115,142,24,166,281
07/18/2019,SLN,KS,ACE,CE,Federal Contract Tower,4,10,18,0,32,0,63,18,5,86,4,73,36,5,118,190,14,204,322
07/19/2019,SLN,KS,ACE,CE,Federal Contract Tower,4,10,11,2,27,0,61,21,13,95,4,71,32,15,122,140,10,150,272
07/20/2019,SLN,KS,ACE,CE,Federal Contract Tower,0,12,7,0,19,0,9,21,0,30,0,21,28,0,49,30,0,30,79
07/21/2019,SLN,KS,ACE,CE,Federal Contract Tower,4,8,10,0,22,0,0,6,0,6,4,8,16,0,28,0,0,0,28
07/22/2019,SLN,KS,ACE,CE,Federal Contract Tower,6,17,11,2,36,0,93,17,0,110,6,110,28,2,146,180,0,180,326
07/23/2019,SLN,KS,ACE,CE,Federal Contract Tower,6,10,17,2,35,0,121,18,1,140,6,131,35,3,175,312,0,312,487
07/24/2019,SLN,KS,ACE,CE,Federal Contract Tower,4,7,8,0,19,0,84,19,2,105,4,91,27,2,124,212,8,220,344
07/25/2019,SLN,KS,ACE,CE,Federal Contract Tower,4,5,8,0,17,0,77,17,15,109,4,82,25,15,126,204,24,228,354
07/26/2019,SLN,KS,ACE,CE,Federal Contract Tower,5,10,7,2,24,0,67,12,10,89,5,77,19,12,113,110,16,126,239
07/27/2019,SLN,KS,ACE,CE,Federal Contract Tower,0,6,7,1,14,0,15,18,1,34,0,21,25,2,48,15,8,23,71
07/28/2019,SLN,KS,ACE,CE,Federal Contract Tower,4,0,17,0,21,0,0,17,0,17,4,0,34,0,38,4,0,4,42
07/29/2019,SLN,KS,ACE,CE,Federal Contract Tower,6,4,11,4,25,0,76,20,0,96,6,80,31,4,121,234,0,234,355
07/30/2019,SLN,KS,ACE,CE,Federal Contract Tower,6,6,5,2,19,0,84,31,6,121,6,90,36,8,140,270,0,270,410
07/31/2019,SLN,KS,ACE,CE,Federal Contract Tower,4,0,11,1,16,0,43,21,4,68,4,43,32,5,84,88,6,94,178
08/01/2019,SLN,KS,ACE,CE,Federal Contract Tower,4,4,20,2,30,0,60,24,7,91,4,64,44,9,121,130,48,178,299
08/02/2019,SLN,KS,ACE,CE,Federal Contract Tower,4,11,11,4,30,0,34,9,0,43,4,45,20,4,73,90,4,94,167
08/03/2019,SLN,KS,ACE,CE,Federal Contract Tower,0,6,16,2,24,0,1,12,7,20,0,7,28,9,44,8,0,8,52
08/04/2019,SLN,KS,ACE,CE,Federal Contract Tower,3,2,11,7,23,0,0,21,6,27,3,2,32,13,50,6,4,10,60
08/05/2019,SLN,KS,ACE,CE,Federal Contract Tower,4,14,18,10,46,0,54,22,14,90,4,68,40,24,136,126,6,132,268
08/06/2019,SLN,KS,ACE,CE,Federal Contract Tower,5,11,11,25,52,0,52,27,61,140,5,63,38,86,192,66,46,112,304
08/07/2019,SLN,KS,ACE,CE,Federal Contract Tower,5,2,7,7,21,0,40,11,65,116,5,42,18,72,137,92,0,92,229
08/08/2019,SLN,KS,ACE,CE,Federal Contract Tower,6,8,15,0,29,0,20,9,82,111,6,28,24,82,140,50,2,52,192
08/09/2019,SLN,KS,ACE,CE,Federal Contract Tower,5,10,23,0,38,0,48,31,92,171,5,58,54,92,209,68,0,68,277
08/10/2019,SLN,KS,ACE,CE,Federal Contract Tower,0,0,6,0,6,0,0,1,5,6,0,0,7,5,12,0,0,0,12
08/11/2019,SLN,KS,ACE,CE,Federal Contract Tower,3,3,12,0,18,0,1,29,0,30,3,4,41,0,48,16,0,16,64
08/12/2019,SLN,KS,ACE,CE,Federal Contract Tower,5,17,22,3,47,0,70,20,73,163,5,87,42,76,210,196,2,198,408
08/13/2019,SLN,KS,ACE,CE,Federal Contract Tower,5,8,14,15,42,0,56,22,76,154,5,64,36,91,196,94,14,108,304
08/14/2019,SLN,KS,ACE,CE,Federal Contract Tower,5,11,13,2,31,0,64,24,78,166,5,75,37,80,197,112,8,120,317
08/15/2019,SLN,KS,ACE,CE,Federal Contract Tower,6,2,22,8,38,0,59,27,1,87,6,61,49,9,125,154,4,158,283
08/16/2019,SLN,KS,ACE,CE,Federal Contract Tower,9,3,10,11,33,0,35,9,0,44,9,38,19,11,77,96,0,96,173
08/17/2019,SLN,KS,ACE,CE,Federal Contract Tower,0,6,3,4,13,0,9,27,0,36,0,15,30,4,49,32,0,32,81
08/18/2019,SLN,KS,ACE,CE,Federal Contract Tower,4,0,9,0,13,0,4,14,0,18,4,4,23,0,31,30,0,30,61
08/19/2019,SLN,KS,ACE,CE,Federal Contract Tower,4,10,15,5,34,0,35,15,0,50,4,45,30,5,84,86,20,106,190
08/20/2019,SLN,KS,ACE,CE,Federal Contract Tower,4,0,5,0,9,0,37,22,2,61,4,37,27,2,70,63,18,81,151
08/21/2019,SLN,KS,ACE,CE,Federal Contract Tower,7,1,7,0,15,0,1,5,2,8,7,2,12,2,23,12,2,14,37
08/22/2019,SLN,KS,ACE,CE,Federal Contract Tower,4,2,15,1,22,0,7,15,4,26,4,9,30,5,48,20,34,54,102
08/23/2019,SLN,KS,ACE,CE,Federal Contract Tower,9,16,11,0,36,0,8,9,1,18,9,24,20,1,54,24,0,24,78
08/24/2019,SLN,KS,ACE,CE,Federal Contract Tower,0,0,10,0,10,0,1,11,0,12,0,1,21,0,22,12,0,12,34
08/25/2019,SLN,KS,ACE,CE,Federal Contract Tower,4,0,10,0,14,0,0,20,0,20,4,0,30,0,34,8,0,8,42
08/26/2019,SLN,KS,ACE,CE,Federal Contract Tower,5,11,5,2,23,0,18,5,0,23,5,29,10,2,46,36,0,36,82
08/27/2019,SLN,KS,ACE,CE,Federal Contract Tower,6,17,12,5,40,0,69,36,3,108,6,86,48,8,148,178,38,216,364
08/28/2019,SLN,KS,ACE,CE,Federal Contract Tower,4,14,16,3,37,1,78,28,3,110,5,92,44,6,147,88,12,100,247
08/29/2019,SLN,KS,ACE,CE,Federal Contract Tower,5,9,18,1,33,0,61,39,0,100,5,70,57,1,133,148,0,148,281
08/30/2019,SLN,KS,ACE,CE,Federal Contract Tower,5,26,10,1,42,0,91,31,0,122,5,117,41,1,164,64,0,64,228
08/31/2019,SLN,KS,ACE,CE,Federal Contract Tower,2,7,6,0,15,0,28,26,0,54,2,35,32,0,69,64,0,64,133
09/01/2019,SLN,KS,ACE,CE,Federal Contract Tower,4,3,8,0,15,0,5,12,0,17,4,8,20,0,32,0,0,0,32
09/02/2019,SLN,KS,ACE,CE,Federal Contract Tower,4,0,17,0,21,0,4,28,0,32,4,4,45,0,53,4,0,4,57
09/03/2019,SLN,KS,ACE,CE,Federal Contract Tower,6,10,10,2,28,0,94,18,3,115,6,104,28,5,143,166,20,186,329
09/04/2019,SLN,KS,ACE,CE,Federal Contract Tower,5,15,11,7,38,0,138,28,1,167,5,153,39,8,205,166,0,166,371
09/05/2019,SLN,KS,ACE,CE,Federal Contract Tower,6,13,11,4,34,0,84,31,16,131,6,97,42,20,165,172,44,216,381
09/06/2019,SLN,KS,ACE,CE,Federal Contract Tower,3,14,16,13,46,0,110,37,7,154,3,124,53,20,200,170,12,182,382
09/07/2019,SLN,KS,ACE,CE,Federal Contract Tower,0,12,3,0,15,0,45,63,9,117,0,57,66,9,132,80,0,80,212
09/08/2019,SLN,KS,ACE,CE,Federal Contract Tower,4,1,16,0,21,0,0,20,0,20,4,1,36,0,41,0,0,0,41
09/09/2019,SLN,KS,ACE,CE,Federal Contract Tower,4,8,6,2,20,0,71,9,1,81,4,79,15,3,101,102,4,106,207
09/10/2019,SLN,KS,ACE,CE,Federal Contract Tower,5,8,9,0,22,0,0,0,0,0,5,8,9,0,22,136,0,136,158
09/11/2019,SLN,KS,ACE,CE,Federal Contract Tower,4,9,15,1,29,0,99,22,1,122,4,108,37,2,151,150,0,150,301
09/12/2019,SLN,KS,ACE,CE,Federal Contract Tower,4,15,7,0,26,0,101,20,2,123,4,116,27,2,149,192,0,192,341
09/13/2019,SLN,KS,ACE,CE,Federal Contract Tower,5,10,14,4,33,0,158,32,3,193,5,168,46,7,226,236,0,236,462
09/14/2019,SLN,KS,ACE,CE,Federal Contract Tower,1,9,9,5,24,0,32,16,4,52,1,41,25,9,76,14,0,14,90
09/15/2019,SLN,KS,ACE,CE,Federal Contract Tower,4,0,3,0,7,0,2,16,0,18,4,2,19,0,25,6,0,6,31
09/16/2019,SLN,KS,ACE,CE,Federal Contract Tower,6,14,8,1,29,0,90,29,7,126,6,104,37,8,155,126,0,126,281
09/17/2019,SLN,KS,ACE,CE,Federal Contract Tower,4,4,12,0,20,0,84,28,15,127,4,88,40,15,147,134,24,158,305
09/18/2019,SLN,KS,ACE,CE,Federal Contract Tower,4,15,12,6,37,0,97,69,17,183,4,112,81,23,220,232,8,240,460
09/19/2019,SLN,KS,ACE,CE,Federal Contract Tower,4,16,16,4,40,0,116,166,12,294,4,132,182,16,334,54,4,58,392
09/21/2019,SLN,KS,ACE,CE,Federal Contract Tower,1,4,8,0,13,0,29,114,6,149,1,33,122,6,162,4,0,4,166
09/22/2019,SLN,KS,ACE,CE,Federal Contract Tower,4,2,16,0,22,0,2,87,0,89,4,4,103,0,111,8,0,8,119
09/23/2019,SLN,KS,ACE,CE,Federal Contract Tower,4,20,17,3,44,0,116,138,8,262,4,136,155,11,306,52,10,62,368
09/24/2019,SLN,KS,ACE,CE,Federal Contract Tower,5,5,9,4,23,0,56,67,3,126,5,61,76,7,149,10,0,10,159
09/25/2019,SLN,KS,ACE,CE,Federal Contract Tower,4,22,13,8,47,0,113,134,5,252,4,135,147,13,299,34,0,34,333
09/26/2019,SLN,KS,ACE,CE,Federal Contract Tower,4,7,7,2,20,0,73,133,5,211,4,80,140,7,231,24,0,24,255
09/27/2019,SLN,KS,ACE,CE,Federal Contract Tower,4,13,6,0,23,0,68,75,3,146,4,81,81,3,169,34,0,34,203
09/28/2019,SLN,KS,ACE,CE,Federal Contract Tower,0,2,6,0,8,0,12,17,0,29,0,14,23,0,37,62,0,62,99
09/29/2019,SLN,KS,ACE,CE,Federal Contract Tower,4,5,6,11,26,0,2,19,0,21,4,7,25,11,47,8,8,16,63
09/30/2019,SLN,KS,ACE,CE,Federal Contract Tower,6,3,7,0,16,0,49,28,2,79,6,52,35,2,95,104,0,104,199
10/01/2019,SLN,KS,ACE,CE,Federal Contract Tower,4,1,6,11,22,0,35,7,0,42,4,36,13,11,64,42,0,42,106
10/02/2019,SLN,KS,ACE,CE,Federal Contract Tower,4,7,16,2,29,0,2,1,1,4,4,9,17,3,33,8,0,8,41
10/03/2019,SLN,KS,ACE,CE,Federal Contract Tower,4,27,6,2,39,0,110,22,5,137,4,137,28,7,176,320,2,322,498
10/04/2019,SLN,KS,ACE,CE,Federal Contract Tower,4,7,7,3,21,0,24,3,0,27,4,31,10,3,48,60,0,60,108
10/05/2019,SLN,KS,ACE,CE,Federal Contract Tower,1,4,5,4,14,0,33,19,3,55,1,37,24,7,69,50,2,52,121
10/06/2019,SLN,KS,ACE,CE,Federal Contract Tower,4,1,8,4,17,0,9,35,0,44,4,10,43,4,61,110,0,110,171
10/07/2019,SLN,KS,ACE,CE,Federal Contract Tower,6,14,18,0,38,0,134,32,0,166,6,148,50,0,204,254,0,254,458
10/08/2019,SLN,KS,ACE,CE,Federal Contract Tower,4,4,18,4,30,0,80,25,0,105,4,84,43,4,135,120,0,120,255
10/09/2019,SLN,KS,ACE,CE,Federal Contract Tower,4,13,14,9,40,0,71,15,0,86,4,84,29,9,126,154,6,160,286
10/10/2019,SLN,KS,ACE,CE,Federal Contract Tower,5,3,9,0,17,0,6,0,2,8,5,9,9,2,25,6,14,20,45
10/11/2019,SLN,KS,ACE,CE,Federal Contract Tower,4,6,7,0,17,0,94,19,0,113,4,100,26,0,130,208,0,208,338
10/12/2019,SLN,KS,ACE,CE,Federal Contract Tower,1,2,10,0,13,0,27,19,0,46,1,29,29,0,59,102,4,106,165
10/13/2019,SLN,KS,ACE,CE,Federal Contract Tower,4,2,11,0,17,0,3,23,0,26,4,5,34,0,43,6,0,6,49
10/14/2019,SLN,KS,ACE,CE,Federal Contract Tower,6,10,14,0,30,0,103,15,0,118,6,113,29,0,148,184,0,184,332
10/15/2019,SLN,KS,ACE,CE,Federal Contract Tower,4,6,5,1,16,0,90,11,1,102,4,96,16,2,118,200,2,202,320
10/16/2019,SLN,KS,ACE,CE,Federal Contract Tower,4,11,19,8,42,0,106,23,4,133,4,117,42,12,175,270,6,276,451
10/17/2019,SLN,KS,ACE,CE,Federal Contract Tower,5,6,13,1,25,0,70,17,5,92,5,76,30,6,117,96,12,108,225
10/18/2019,SLN,KS,ACE,CE,Federal Contract Tower,4,2,11,2,19,0,23,11,14,48,4,25,22,16,67,10,52,62,129
10/19/2019,SLN,KS,ACE,CE,Federal Contract Tower,0,6,18,0,24,0,34,34,2,70,0,40,52,2,94,92,0,92,186
10/20/2019,SLN,KS,ACE,CE,Federal Contract Tower,4,7,17,0,28,0,2,9,3,14,4,9,26,3,42,0,2,2,44
10/21/2019,SLN,KS,ACE,CE,Federal Contract Tower,4,0,11,0,15,0,2,9,0,11,4,2,20,0,26,2,0,2,28
10/22/2019,SLN,KS,ACE,CE,Federal Contract Tower,4,1,10,2,17,0,88,18,2,108,4,89,28,4,125,186,2,188,313
10/23/2019,SLN,KS,ACE,CE,Federal Contract Tower,5,4,12,4,25,0,98,23,3,124,5,102,35,7,149,230,4,234,383
10/24/2019,SLN,KS,ACE,CE,Federal Contract Tower,4,13,15,16,48,0,87,19,0,106,4,100,34,16,154,210,14,224,378
10/25/2019,SLN,KS,ACE,CE,Federal Contract Tower,6,6,15,6,33,0,110,18,3,131,6,116,33,9,164,294,8,302,466
10/26/2019,SLN,KS,ACE,CE,Federal Contract Tower,1,3,5,21,30,0,38,29,6,73,1,41,34,27,103,108,22,130,233
10/27/2019,SLN,KS,ACE,CE,Federal Contract Tower,4,8,12,5,29,0,1,1,0,2,4,9,13,5,31,0,0,0,31
10/28/2019,SLN,KS,ACE,CE,Federal Contract Tower,4,4,8,2,18,0,63,12,0,75,4,67,20,2,93,218,0,218,311
10/29/2019,SLN,KS,ACE,CE,Federal Contract Tower,9,7,10,11,37,0,67,1,5,73,9,74,11,16,110,146,20,166,276
10/30/2019,SLN,KS,ACE,CE,Federal Contract Tower,2,3,2,1,8,0,22,1,0,23,2,25,3,1,31,82,0,82,113
10/31/2019,SLN,KS,ACE,CE,Federal Contract Tower,7,17,11,2,37,0,97,19,1,117,7,114,30,3,154,226,0,226,380
11/01/2019,SLN,KS,ACE,CE,Federal Contract Tower,5,5,18,11,39,0,103,26,23,152,5,108,44,34,191,222,50,272,463
11/03/2019,SLN,KS,ACE,CE,Federal Contract Tower,5,6,16,0,27,0,0,19,0,19,5,6,35,0,46,16,0,16,62
11/04/2019,SLN,KS,ACE,CE,Federal Contract Tower,4,6,8,0,18,0,118,20,0,138,4,124,28,0,156,238,0,238,394
11/05/2019,SLN,KS,ACE,CE,Federal Contract Tower,6,7,14,0,27,0,109,17,0,126,6,116,31,0,153,140,0,140,293
11/06/2019,SLN,KS,ACE,CE,Federal Contract Tower,6,9,4,0,19,0,57,13,3,73,6,66,17,3,92,92,0,92,184
11/07/2019,SLN,KS,ACE,CE,Federal Contract Tower,4,11,13,5,33,0,123,9,4,136,4,134,22,9,169,228,0,228,397
11/08/2019,SLN,KS,ACE,CE,Federal Contract Tower,5,7,12,0,24,0,113,11,0,124,5,120,23,0,148,236,0,236,384
11/09/2019,SLN,KS,ACE,CE,Federal Contract Tower,1,8,12,0,21,0,38,27,0,65,1,46,39,0,86,104,0,104,190
11/10/2019,SLN,KS,ACE,CE,Federal Contract Tower,4,4,10,0,18,0,0,19,2,21,4,4,29,2,39,2,0,2,41
11/11/2019,SLN,KS,ACE,CE,Federal Contract Tower,5,4,15,0,24,0,20,4,0,24,5,24,19,0,48,12,0,12,60
11/12/2019,SLN,KS,ACE,CE,Federal Contract Tower,5,4,6,2,17,0,93,8,4,105,5,97,14,6,122,174,4,178,300
11/13/2019,SLN,KS,ACE,CE,Federal Contract Tower,4,0,22,2,28,0,109,9,3,121,4,109,31,5,149,190,0,190,339
11/14/2019,SLN,KS,ACE,CE,Federal Contract Tower,5,3,15,1,24,0,111,13,5,129,5,114,28,6,153,208,14,222,375
11/15/2019,SLN,KS,ACE,CE,Federal Contract Tower,6,11,12,0,29,0,100,27,4,131,6,111,39,4,160,242,0,242,402
11/16/2019,SLN,KS,ACE,CE,Federal Contract Tower,0,2,3,0,5,0,37,9,0,46,0,39,12,0,51,134,2,136,187
11/17/2019,SLN,KS,ACE,CE,Federal Contract Tower,4,3,6,4,17,0,8,22,2,32,4,11,28,6,49,36,0,36,85
11/18/2019,SLN,KS,ACE,CE,Federal Contract Tower,4,3,4,0,11,0,112,37,0,149,4,115,41,0,160,163,0,163,323
11/19/2019,SLN,KS,ACE,CE,Federal Contract Tower,5,11,6,12,34,0,81,17,0,98,5,92,23,12,132,180,0,180,312
11/20/2019,SLN,KS,ACE,CE,Federal Contract Tower,4,5,6,0,15,0,26,1,0,27,4,31,7,0,42,26,0,26,68
11/21/2019,SLN,KS,ACE,CE,Federal Contract Tower,7,0,19,3,29,0,45,4,1,50,7,45,23,4,79,216,28,244,323
11/22/2019,SLN,KS,ACE,CE,Federal Contract Tower,3,2,2,0,7,0,6,0,0,6,3,8,2,0,13,24,0,24,37
11/23/2019,SLN,KS,ACE,CE,Federal Contract Tower,2,2,14,0,18,0,22,11,0,33,2,24,25,0,51,46,0,46,97
11/24/2019,SLN,KS,ACE,CE,Federal Contract Tower,4,4,11,0,19,0,4,44,0,48,4,8,55,0,67,30,0,30,97
11/25/2019,SLN,KS,ACE,CE,Federal Contract Tower,6,2,7,1,16,0,76,28,1,105,6,78,35,2,121,106,2,108,229
11/26/2019,SLN,KS,ACE,CE,Federal Contract Tower,5,2,10,2,19,0,19,6,0,25,5,21,16,2,44,62,0,62,106
11/27/2019,SLN,KS,ACE,CE,Federal Contract Tower,4,7,10,0,21,9,9,19,0,37,13,16,29,0,58,40,0,40,98
11/28/2019,SLN,KS,ACE,CE,Federal Contract Tower,1,0,2,0,3,0,0,0,0,0,1,0,2,0,3,0,0,0,3
11/29/2019,SLN,KS,ACE,CE,Federal Contract Tower,2,0,4,0,6,0,0,0,0,0,2,0,4,0,6,0,0,0,6
11/30/2019,SLN,KS,ACE,CE,Federal Contract Tower,4,2,9,0,15,0,0,5,0,5,4,2,14,0,20,0,0,0,20
12/01/2019,SLN,KS,ACE,CE,Federal Contract Tower,4,0,10,0,14,0,0,4,0,4,4,0,14,0,18,0,0,0,18
12/02/2019,SLN,KS,ACE,CE,Federal Contract Tower,5,11,11,0,27,0,127,14,0,141,5,138,25,0,168,214,0,214,382
12/03/2019,SLN,KS,ACE,CE,Federal Contract Tower,6,6,7,3,22,0,102,10,0,112,6,108,17,3,134,182,0,182,316
12/04/2019,SLN,KS,ACE,CE,Federal Contract Tower,5,13,9,0,27,0,81,25,2,108,5,94,34,2,135,242,0,242,377
12/05/2019,SLN,KS,ACE,CE,Federal Contract Tower,5,6,10,0,21,0,58,14,4,76,5,64,24,4,97,126,4,130,227
12/06/2019,SLN,KS,ACE,CE,Federal Contract Tower,5,4,6,2,17,0,81,15,5,101,5,85,21,7,118,144,6,150,268
12/07/2019,SLN,KS,ACE,CE,Federal Contract Tower,1,4,1,0,6,0,38,2,0,40,1,42,3,0,46,108,0,108,154
12/08/2019,SLN,KS,ACE,CE,Federal Contract Tower,4,2,5,2,13,0,4,12,24,40,4,6,17,26,53,18,0,18,71
12/09/2019,SLN,KS,ACE,CE,Federal Contract Tower,6,3,13,0,22,0,26,10,3,39,6,29,23,3,61,54,0,54,115
12/10/2019,SLN,KS,ACE,CE,Federal Contract Tower,3,6,2,16,27,0,93,11,2,106,3,99,13,18,133,145,14,159,292
12/11/2019,SLN,KS,ACE,CE,Federal Contract Tower,5,10,14,0,29,0,81,22,3,106,5,91,36,3,135,130,16,146,281
12/12/2019,SLN,KS,ACE,CE,Federal Contract Tower,4,14,14,0,32,0,83,13,7,103,4,97,27,7,135,168,26,194,329
12/13/2019,SLN,KS,ACE,CE,Federal Contract Tower,6,11,9,0,26,0,56,7,15,78,6,67,16,15,104,116,36,152,256
12/14/2019,SLN,KS,ACE,CE,Federal Contract Tower,0,0,5,0,5,0,6,2,0,8,0,6,7,0,13,34,0,34,47
12/15/2019,SLN,KS,ACE,CE,Federal Contract Tower,4,2,2,0,8,0,0,0,0,0,4,2,2,0,8,0,0,0,8
12/16/2019,SLN,KS,ACE,CE,Federal Contract Tower,4,0,6,0,10,0,4,3,0,7,4,4,9,0,17,12,0,12,29
12/17/2019,SLN,KS,ACE,CE,Federal Contract Tower,5,2,15,0,22,0,70,14,0,84,5,72,29,0,106,150,0,150,256
12/18/2019,SLN,KS,ACE,CE,Federal Contract Tower,5,12,14,15,46,0,71,19,2,92,5,83,33,17,138,162,8,170,308
12/19/2019,SLN,KS,ACE,CE,Federal Contract Tower,4,9,10,2,25,0,46,27,11,84,4,55,37,13,109,92,12,104,213
12/20/2019,SLN,KS,ACE,CE,Federal Contract Tower,4,5,5,0,14,0,64,24,0,88,4,69,29,0,102,114,0,114,216
12/21/2019,SLN,KS,ACE,CE,Federal Contract Tower,1,3,13,2,19,0,20,13,0,33,1,23,26,2,52,60,0,60,112
12/22/2019,SLN,KS,ACE,CE,Federal Contract Tower,4,4,8,0,16,0,4,6,0,10,4,8,14,0,26,0,0,0,26
12/23/2019,SLN,KS,ACE,CE,Federal Contract Tower,4,4,7,0,15,0,22,25,0,47,4,26,32,0,62,38,0,38,100
12/24/2019,SLN,KS,ACE,CE,Federal Contract Tower,5,0,4,0,9,0,4,4,0,8,5,4,8,0,17,4,0,4,21
12/25/2019,SLN,KS,ACE,CE,Federal Contract Tower,1,2,0,0,3,0,1,6,0,7,1,3,6,0,10,0,0,0,10
12/26/2019,SLN,KS,ACE,CE,Federal Contract Tower,4,1,18,0,23,0,0,2,0,2,4,1,20,0,25,0,0,0,25
12/27/2019,SLN,KS,ACE,CE,Federal Contract Tower,4,0,11,5,20,0,3,12,0,15,4,3,23,5,35,2,8,10,45
12/28/2019,SLN,KS,ACE,CE,Federal Contract Tower,3,3,2,0,8,0,0,0,0,0,3,3,2,0,8,0,0,0,8
12/29/2019,SLN,KS,ACE,CE,Federal Contract Tower,4,1,9,0,14,0,2,0,0,2,4,3,9,0,16,0,0,0,16
12/30/2019,SLN,KS,ACE,CE,Federal Contract Tower,5,3,11,0,19,0,2,5,0,7,5,5,16,0,26,0,0,0,26
12/31/2019,SLN,KS,ACE,CE,Federal Contract Tower,4,3,9,0,16,0,0,9,4,13,4,3,18,4,29,6,0,6,35
01/01/2020,SLN,KS,ACE,CE,Federal Contract Tower,1,2,2,0,5,0,0,8,0,8,1,2,10,0,13,6,0,6,19
01/02/2020,SLN,KS,ACE,CE,Federal Contract Tower,6,2,15,0,23,0,18,13,2,33,6,20,28,2,56,64,12,76,132
01/03/2020,SLN,KS,ACE,CE,Federal Contract Tower,5,0,18,1,24,0,15,6,3,24,5,15,24,4,48,44,10,54,102
01/04/2020,SLN,KS,ACE,CE,Federal Contract Tower,6,2,6,3,17,0,0,17,0,17,6,2,23,3,34,0,10,10,44
01/05/2020,SLN,KS,ACE,CE,Federal Contract Tower,4,4,9,0,17,0,4,7,0,11,4,8,16,0,28,2,0,2,30
01/06/2020,SLN,KS,ACE,CE,Federal Contract Tower,4,1,16,0,21,0,36,18,0,54,4,37,34,0,75,36,0,36,111
01/07/2020,SLN,KS,ACE,CE,Federal Contract Tower,5,6,6,1,18,0,31,13,5,49,5,37,19,6,67,58,20,78,145
01/08/2020,SLN,KS,ACE,CE,Federal Contract Tower,4,2,5,2,13,0,30,7,14,51,4,32,12,16,64,64,26,90,154
01/09/2020,SLN,KS,ACE,CE,Federal Contract Tower,5,9,11,19,44,0,37,7,18,62,5,46,18,37,106,130,88,218,324
01/10/2020,SLN,KS,ACE,CE,Federal Contract Tower,4,2,4,0,10,0,0,0,0,0,4,2,4,0,10,0,0,0,10
01/11/2020,SLN,KS,ACE,CE,Federal Contract Tower,0,0,3,0,3,0,2,15,0,17,0,2,18,0,20,0,0,0,20
01/12/2020,SLN,KS,ACE,CE,Federal Contract Tower,6,4,4,5,19,0,0,0,0,0,6,4,4,5,19,0,0,0,19
01/13/2020,SLN,KS,ACE,CE,Federal Contract Tower,5,4,9,0,18,0,0,0,0,0,5,4,9,0,18,0,0,0,18
01/14/2020,SLN,KS,ACE,CE,Federal Contract Tower,4,5,12,7,28,0,2,2,0,4,4,7,14,7,32,12,0,12,44
01/15/2020,SLN,KS,ACE,CE,Federal Contract Tower,4,5,12,19,40,0,35,16,13,64,4,40,28,32,104,58,38,96,200
01/16/2020,SLN,KS,ACE,CE,Federal Contract Tower,4,4,5,1,14,0,43,5,3,51,4,47,10,4,65,100,34,134,199
01/17/2020,SLN,KS,ACE,CE,Federal Contract Tower,7,0,4,0,11,0,0,0,0,0,7,0,4,0,11,0,0,0,11
01/18/2020,SLN,KS,ACE,CE,Federal Contract Tower,0,0,5,0,5,0,4,5,0,9,0,4,10,0,14,0,0,0,14
01/19/2020,SLN,KS,ACE,CE,Federal Contract Tower,4,0,7,0,11,0,3,18,0,21,4,3,25,0,32,30,0,30,62
01/20/2020,SLN,KS,ACE,CE,Federal Contract Tower,5,0,11,0,16,0,3,14,0,17,5,3,25,0,33,6,0,6,39
01/21/2020,SLN,KS,ACE,CE,Federal Contract Tower,4,3,9,9,25,0,44,3,22,69,4,47,12,31,94,60,26,86,180
01/22/2020,SLN,KS,ACE,CE,Federal Contract Tower,3,0,1,0,4,0,0,0,0,0,3,0,1,0,4,0,0,0,4
01/23/2020,SLN,KS,ACE,CE,Federal Contract Tower,5,1,7,4,17,0,8,0,2,10,5,9,7,6,27,22,4,26,53
01/24/2020,SLN,KS,ACE,CE,Federal Contract Tower,5,0,9,0,14,0,13,3,16,32,5,13,12,16,46,70,38,108,154
01/25/2020,SLN,KS,ACE,CE,Federal Contract Tower,1,0,8,0,9,0,2,0,0,2,1,2,8,0,11,2,0,2,13
01/26/2020,SLN,KS,ACE,CE,Federal Contract Tower,4,2,8,0,14,0,6,27,2,35,4,8,35,2,49,18,0,18,67
01/27/2020,SLN,KS,ACE,CE,Federal Contract Tower,11,11,5,21,48,0,31,11,1,43,11,42,16,22,91,84,0,84,175
01/28/2020,SLN,KS,ACE,CE,Federal Contract Tower,4,0,4,0,8,0,0,0,0,0,4,0,4,0,8,0,0,0,8
01/29/2020,SLN,KS,ACE,CE,Federal Contract Tower,6,2,9,1,18,0,10,2,11,23,6,12,11,12,41,12,4,16,57
01/30/2020,SLN,KS,ACE,CE,Federal Contract Tower,4,7,8,18,37,0,74,8,13,95,4,81,16,31,132,144,58,202,334
01/31/2020,SLN,KS,ACE,CE,Federal Contract Tower,4,11,18,3,36,0,135,13,13,161,4,146,31,16,197,170,0,170,367
02/01/2020,SLN,KS,ACE,CE,Federal Contract Tower,0,9,11,4,24,2,80,18,0,100,2,89,29,4,124,92,10,102,226
02/02/2020,SLN,KS,ACE,CE,Federal Contract Tower,5,2,5,3,15,0,0,13,4,17,5,2,18,7,32,4,8,12,44
02/03/2020,SLN,KS,ACE,CE,Federal Contract Tower,7,2,15,0,24,0,2,1,0,3,7,4,16,0,27,4,0,4,31
02/04/2020,SLN,KS,ACE,CE,Federal Contract Tower,4,0,3,0,7,0,8,1,9,18,4,8,4,9,25,0,48,48,73
02/05/2020,SLN,KS,ACE,CE,Federal Contract Tower,4,4,12,9,29,0,44,1,14,59,4,48,13,23,88,118,22,140,228
02/06/2020,SLN,KS,ACE,CE,Federal Contract Tower,4,13,8,8,33,0,116,10,15,141,4,129,18,23,174,218,40,258,432
02/07/2020,SLN,KS,ACE,CE,Federal Contract Tower,6,11,12,5,34,0,127,13,14,154,6,138,25,19,188,130,0,130,318
02/08/2020,SLN,KS,ACE,CE,Federal Contract Tower,0,14,10,3,27,0,107,19,3,129,0,121,29,6,156,102,0,102,258
02/09/2020,SLN,KS,ACE,CE,Federal Contract Tower,5,2,8,1,16,0,0,6,4,10,5,2,14,5,26,2,0,2,28
02/10/2020,SLN,KS,ACE,CE,Federal Contract Tower,6,13,7,9,35,0,118,11,4,133,6,131,18,13,168,154,6,160,328
02/11/2020,SLN,KS,ACE,CE,Federal Contract Tower,4,12,11,12,39,0,117,15,6,138,4,129,26,18,177,162,16,178,355
02/12/2020,SLN,KS,ACE,CE,Federal Contract Tower,6,0,4,2,12,0,0,0,0,0,6,0,4,2,12,0,0,0,12
02/13/2020,SLN,KS,ACE,CE,Federal Contract Tower,4,11,14,2,31,0,80,10,0,90,4,91,24,2,121,136,0,136,257
02/14/2020,SLN,KS,ACE,CE,Federal Contract Tower,4,3,12,3,22,0,95,0,1,96,4,98,12,4,118,156,0,156,274
02/15/2020,SLN,KS,ACE,CE,Federal Contract Tower,1,13,6,0,20,0,83,15,0,98,1,96,21,0,118,204,0,204,322
02/16/2020,SLN,KS,ACE,CE,Federal Contract Tower,4,3,6,0,13,0,1,10,0,11,4,4,16,0,24,4,0,4,28
02/17/2020,SLN,KS,ACE,CE,Federal Contract Tower,4,11,17,0,32,0,103,8,0,111,4,114,25,0,143,238,0,238,381
02/18/2020,SLN,KS,ACE,CE,Federal Contract Tower,5,13,16,9,43,0,82,7,6,95,5,95,23,15,138,174,0,174,312
02/19/2020,SLN,KS,ACE,CE,Federal Contract Tower,4,4,16,3,27,0,100,17,10,127,4,104,33,13,154,168,8,176,330
02/20/2020,SLN,KS,ACE,CE,Federal Contract Tower,4,14,14,12,44,0,62,9,6,77,4,76,23,18,121,140,20,160,281
02/21/2020,SLN,KS,ACE,CE,Federal Contract Tower,9,15,7,0,31,0,103,15,8,126,9,118,22,8,157,136,14,150,307
02/22/2020,SLN,KS,ACE,CE,Federal Contract Tower,1,3,15,0,19,0,51,8,3,62,1,54,23,3,81,144,0,144,225
02/23/2020,SLN,KS,ACE,CE,Federal Contract Tower,4,0,8,0,12,0,0,5,0,5,4,0,13,0,17,8,0,8,25
02/24/2020,SLN,KS,ACE,CE,Federal Contract Tower,5,7,6,4,22,0,57,11,3,71,5,64,17,7,93,168,20,188,281
02/25/2020,SLN,KS,ACE,CE,Federal Contract Tower,5,6,5,2,18,0,2,2,0,4,5,8,7,2,22,10,0,10,32
02/26/2020,SLN,KS,ACE,CE,Federal Contract Tower,5,13,13,6,37,0,124,17,5,146,5,137,30,11,183,196,8,204,387
02/27/2020,SLN,KS,ACE,CE,Federal Contract Tower,4,1,25,2,32,0,48,16,2,66,4,49,41,4,98,108,42,150,248
02/28/2020,SLN,KS,ACE,CE,Federal Contract Tower,5,9,8,6,28,0,115,21,0,136,5,124,29,6,164,152,0,152,316
02/29/2020,SLN,KS,ACE,CE,Federal Contract Tower,4,9,11,0,24,0,53,10,0,63,4,62,21,0,87,68,0,68,155
03/01/2020,SLN,KS,ACE,CE,Federal Contract Tower,4,1,15,2,22,0,3,27,0,30,4,4,42,2,52,4,0,4,56
03/02/2020,SLN,KS,ACE,CE,Federal Contract Tower,4,10,10,0,24,0,104,19,0,123,4,114,29,0,147,196,0,196,343
03/03/2020,SLN,KS,ACE,CE,Federal Contract Tower,8,10,10,2,30,0,66,17,7,90,8,76,27,9,120,156,30,186,306
03/04/2020,SLN,KS,ACE,CE,Federal Contract Tower,4,16,16,2,38,0,96,11,0,107,4,112,27,2,145,206,0,206,351
03/05/2020,SLN,KS,ACE,CE,Federal Contract Tower,7,8,8,2,25,0,37,5,7,49,7,45,13,9,74,84,0,84,158
03/06/2020,SLN,KS,ACE,CE,Federal Contract Tower,3,7,11,3,24,0,95,15,0,110,3,102,26,3,134,168,0,168,302
03/07/2020,SLN,KS,ACE,CE,Federal Contract Tower,4,0,4,0,8,0,12,2,9,23,4,12,6,9,31,16,0,16,47
03/08/2020,SLN,KS,ACE,CE,Federal Contract Tower,3,2,2,1,8,0,0,2,1,3,3,2,4,2,11,0,0,0,11
03/09/2020,SLN,KS,ACE,CE,Federal Contract Tower,5,2,9,4,20,0,0,1,0,1,5,2,10,4,21,0,0,0,21
03/11/2020,SLN,KS,ACE,CE,Federal Contract Tower,3,5,21,16,45,0,36,12,5,53,3,41,33,21,98,64,8,72,170
03/12/2020,SLN,KS,ACE,CE,Federal Contract Tower,4,8,15,9,36,0,42,20,16,78,4,50,35,25,114,78,14,92,206
03/13/2020,SLN,KS,ACE,CE,Federal Contract Tower,2,3,11,0,16,0,0,15,6,21,2,3,26,6,37,2,24,26,63
03/14/2020,SLN,KS,ACE,CE,Federal Contract Tower,3,6,12,0,21,0,0,1,1,2,3,6,13,1,23,0,0,0,23
03/15/2020,SLN,KS,ACE,CE,Federal Contract Tower,2,6,10,2,20,0,1,0,1,2,2,7,10,3,22,0,0,0,22
03/16/2020,SLN,KS,ACE,CE,Federal Contract Tower,3,2,9,10,24,0,0,0,0,0,3,2,9,10,24,0,0,0,24
03/17/2020,SLN,KS,ACE,CE,Federal Contract Tower,3,2,9,2,16,0,0,2,2,4,3,2,11,4,20,0,14,14,34
03/18/2020,SLN,KS,ACE,CE,Federal Contract Tower,3,0,4,18,25,0,1,4,3,8,3,1,8,21,33,20,14,34,67
03/19/2020,SLN,KS,ACE,CE,Federal Contract Tower,2,7,8,7,24,0,0,5,6,11,2,7,13,13,35,4,14,18,53
03/20/2020,SLN,KS,ACE,CE,Federal Contract Tower,3,0,7,2,12,0,0,17,4,21,3,0,24,6,33,10,10,20,53
03/21/2020,SLN,KS,ACE,CE,Federal Contract Tower,0,2,5,0,7,0,2,23,0,25,0,4,28,0,32,16,0,16,48
03/22/2020,SLN,KS,ACE,CE,Federal Contract Tower,1,2,5,0,8,0,0,0,0,0,1,2,5,0,8,0,0,0,8
03/23/2020,SLN,KS,ACE,CE,Federal Contract Tower,1,2,7,0,10,0,2,3,0,5,1,4,10,0,15,8,0,8,23
03/24/2020,SLN,KS,ACE,CE,Federal Contract Tower,3,6,6,3,18,0,0,3,2,5,3,6,9,5,23,2,2,4,27
03/25/2020,SLN,KS,ACE,CE,Federal Contract Tower,4,0,2,0,6,0,4,12,3,19,4,4,14,3,25,22,6,28,53
03/26/2020,SLN,KS,ACE,CE,Federal Contract Tower,3,2,2,4,11,0,0,0,0,0,3,2,2,4,11,0,0,0,11
03/27/2020,SLN,KS,ACE,CE,Federal Contract Tower,10,4,5,8,27,0,0,0,1,1,10,4,5,9,28,0,0,0,28
03/28/2020,SLN,KS,ACE,CE,Federal Contract Tower,3,0,0,0,3,0,0,4,0,4,3,0,4,0,7,2,0,2,9
03/29/2020,SLN,KS,ACE,CE,Federal Contract Tower,3,2,5,0,10,0,0,23,0,23,3,2,28,0,33,22,0,22,55
03/30/2020,SLN,KS,ACE,CE,Federal Contract Tower,5,7,3,6,21,0,4,18,1,23,5,11,21,7,44,10,34,44,88
03/31/2020,SLN,KS,ACE,CE,Federal Contract Tower,14,2,1,4,21,0,2,22,1,25,14,4,23,5,46,32,54,86,132
04/01/2020,SLN,KS,ACE,CE,Federal Contract Tower,5,1,2,4,12,0,2,16,4,22,5,3,18,8,34,32,64,96,130
04/02/2020,SLN,KS,ACE,CE,Federal Contract Tower,4,0,2,6,12,0,0,4,0,4,4,0,6,6,16,8,4,12,28
04/03/2020,SLN,KS,ACE,CE,Federal Contract Tower,4,5,10,4,23,0,1,6,3,10,4,6,16,7,33,8,0,8,41
04/04/2020,SLN,KS,ACE,CE,Federal Contract Tower,2,0,2,0,4,0,0,4,0,4,2,0,6,0,8,0,0,0,8
04/05/2020,SLN,KS,ACE,CE,Federal Contract Tower,4,4,6,0,14,0,0,0,0,0,4,4,6,0,14,0,0,0,14
04/06/2020,SLN,KS,ACE,CE,Federal Contract Tower,12,0,2,11,25,0,0,8,1,9,12,0,10,12,34,8,18,26,60
04/07/2020,SLN,KS,ACE,CE,Federal Contract Tower,3,2,6,4,15,0,0,28,1,29,3,2,34,5,44,54,20,74,118
04/08/2020,SLN,KS,ACE,CE,Federal Contract Tower,4,1,2,14,21,0,0,15,9,24,4,1,17,23,45,24,0,24,69
04/09/2020,SLN,KS,ACE,CE,Federal Contract Tower,12,2,7,1,22,0,0,4,7,11,12,2,11,8,33,32,20,52,85
04/10/2020,SLN,KS,ACE,CE,Federal Contract Tower,12,0,2,0,14,0,4,9,6,19,12,4,11,6,33,4,12,16,49
04/12/2020,SLN,KS,ACE,CE,Federal Contract Tower,4,0,0,0,4,0,0,0,0,0,4,0,0,0,4,0,0,0,4
04/13/2020,SLN,KS,ACE,CE,Federal Contract Tower,4,2,0,4,10,0,0,13,2,15,4,2,13,6,25,6,0,6,31
04/14/2020,SLN,KS,ACE,CE,Federal Contract Tower,2,0,4,7,13,0,2,9,1,12,2,2,13,8,25,0,94,94,119
04/15/2020,SLN,KS,ACE,CE,Federal Contract Tower,4,0,4,2,10,0,2,21,5,28,4,2,25,7,38,36,0,36,74
04/16/2020,SLN,KS,ACE,CE,Federal Contract Tower,4,0,0,0,4,0,0,0,0,0,4,0,0,0,4,0,0,0,4
04/17/2020,SLN,KS,ACE,CE,Federal Contract Tower,4,4,1,0,9,0,0,13,0,13,4,4,14,0,22,8,0,8,30
04/18/2020,SLN,KS,ACE,CE,Federal Contract Tower,3,1,0,0,4,0,1,9,0,10,3,2,9,0,14,0,0,0,14
04/19/2020,SLN,KS,ACE,CE,Federal Contract Tower,6,0,3,0,9,0,0,11,0,11,6,0,14,0,20,8,0,8,28
04/20/2020,SLN,KS,ACE,CE,Federal Contract Tower,4,0,0,1,5,0,0,20,0,20,4,0,20,1,25,24,0,24,49
04/21/2020,SLN,KS,ACE,CE,Federal Contract Tower,2,0,3,2,7,0,0,24,4,28,2,0,27,6,35,20,20,40,75
04/22/2020,SLN,KS,ACE,CE,Federal Contract Tower,4,0,6,2,12,0,0,0,0,0,4,0,6,2,12,0,0,0,12
04/23/2020,SLN,KS,ACE,CE,Federal Contract Tower,2,6,2,1,11,0,1,16,1,18,2,7,18,2,29,10,2,12,41
04/24/2020,SLN,KS,ACE,CE,Federal Contract Tower,4,0,1,0,5,0,0,4,9,13,4,0,5,9,18,6,4,10,28
04/25/2020,SLN,KS,ACE,CE,Federal Contract Tower,2,2,6,0,10,0,1,19,0,20,2,3,25,0,30,26,0,26,56
04/26/2020,SLN,KS,ACE,CE,Federal Contract Tower,4,2,2,0,8,0,0,8,0,8,4,2,10,0,16,4,0,4,20
04/27/2020,SLN,KS,ACE,CE,Federal Contract Tower,4,0,1,0,5,0,2,19,2,23,4,2,20,2,28,8,0,8,36
04/28/2020,SLN,KS,ACE,CE,Federal Contract Tower,2,0,2,0,4,0,0,13,0,13,2,0,15,0,17,6,0,6,23
04/29/2020,SLN,KS,ACE,CE,Federal Contract Tower,4,0,5,2,11,0,2,1,2,5,4,2,6,4,16,0,0,0,16
04/30/2020,SLN,KS,ACE,CE,Federal Contract Tower,4,0,2,4,10,0,0,29,9,38,4,0,31,13,48,44,10,54,102
05/01/2020,SLN,KS,ACE,CE,Federal Contract Tower,11,0,2,0,13,0,0,6,5,11,11,0,8,5,24,0,2,2,26
05/02/2020,SLN,KS,ACE,CE,Federal Contract Tower,3,0,0,0,3,0,3,9,0,12,3,3,9,0,15,0,0,0,15
05/03/2020,SLN,KS,ACE,CE,Federal Contract Tower,2,5,1,0,8,0,3,13,0,16,2,8,14,0,24,4,0,4,28
05/04/2020,SLN,KS,ACE,CE,Federal Contract Tower,3,0,7,0,10,0,0,2,0,2,3,0,9,0,12,4,0,4,16
05/05/2020,SLN,KS,ACE,CE,Federal Contract Tower,2,0,3,2,7,0,4,10,0,14,2,4,13,2,21,18,0,18,39
05/06/2020,SLN,KS,ACE,CE,Federal Contract Tower,2,3,2,13,20,0,0,19,2,21,2,3,21,15,41,52,36,88,129
05/07/2020,SLN,KS,ACE,CE,Federal Contract Tower,2,4,4,2,12,0,0,2,6,8,2,4,6,8,20,0,0,0,20
05/08/2020,SLN,KS,ACE,CE,Federal Contract Tower,1,1,5,5,12,0,0,13,12,25,1,1,18,17,37,0,2,2,39
05/09/2020,SLN,KS,ACE,CE,Federal Contract Tower,5,0,5,3,13,0,3,24,0,27,5,3,29,3,40,4,20,24,64
05/10/2020,SLN,KS,ACE,CE,Federal Contract Tower,2,0,9,0,11,0,0,15,0,15,2,0,24,0,26,6,0,6,32
05/11/2020,SLN,KS,ACE,CE,Federal Contract Tower,2,2,8,0,12,0,0,0,2,2,2,2,8,2,14,4,0,4,18
05/12/2020,SLN,KS,ACE,CE,Federal Contract Tower,2,0,2,5,9,0,0,0,3,3,2,0,2,8,12,0,8,8,20
05/13/2020,SLN,KS,ACE,CE,Federal Contract Tower,2,1,2,0,5,0,0,0,0,0,2,1,2,0,5,0,0,0,5
05/14/2020,SLN,KS,ACE,CE,Federal Contract Tower,2,0,3,13,18,0,0,11,8,19,2,0,14,21,37,30,108,138,175
05/15/2020,SLN,KS,ACE,CE,Federal Contract Tower,2,5,3,7,17,0,2,14,6,22,2,7,17,13,39,12,30,42,81
05/16/2020,SLN,KS,ACE,CE,Federal Contract Tower,2,0,8,0,10,0,2,12,0,14,2,2,20,0,24,2,0,2,26
05/17/2020,SLN,KS,ACE,CE,Federal Contract Tower,2,0,3,4,9,0,0,13,4,17,2,0,16,8,26,6,50,56,82
05/18/2020,SLN,KS,ACE,CE,Federal Contract Tower,2,2,7,15,26,0,2,18,16,36,2,4,25,31,62,16,28,44,106
05/19/2020,SLN,KS,ACE,CE,Federal Contract Tower,2,0,15,5,22,0,5,34,11,50,2,5,49,16,72,44,22,66,138
05/20/2020,SLN,KS,ACE,CE,Federal Contract Tower,3,2,6,4,15,0,38,19,11,68,3,40,25,15,83,66,0,66,149
05/21/2020,SLN,KS,ACE,CE,Federal Contract Tower,2,0,2,0,4,0,0,1,7,8,2,0,3,7,12,0,0,0,12
05/22/2020,SLN,KS,ACE,CE,Federal Contract Tower,2,0,6,0,8,0,43,3,3,49,2,43,9,3,57,136,0,136,193
05/23/2020,SLN,KS,ACE,CE,Federal Contract Tower,2,2,7,0,11,0,1,19,4,24,2,3,26,4,35,10,0,10,45
05/24/2020,SLN,KS,ACE,CE,Federal Contract Tower,2,0,5,0,7,0,0,4,0,4,2,0,9,0,11,6,0,6,17
05/25/2020,SLN,KS,ACE,CE,Federal Contract Tower,2,0,3,2,7,0,0,0,0,0,2,0,3,2,7,0,0,0,7
05/26/2020,SLN,KS,ACE,CE,Federal Contract Tower,2,17,4,13,36,0,25,8,5,38,2,42,12,18,74,74,6,80,154
05/27/2020,SLN,KS,ACE,CE,Federal Contract Tower,2,2,11,16,31,0,97,25,5,127,2,99,36,21,158,144,8,152,310
05/28/2020,SLN,KS,ACE,CE,Federal Contract Tower,2,4,11,6,23,0,71,8,19,98,2,75,19,25,121,132,30,162,283
05/29/2020,SLN,KS,ACE,CE,Federal Contract Tower,4,6,8,4,22,0,74,45,12,131,4,80,53,16,153,94,28,122,275
05/30/2020,SLN,KS,ACE,CE,Federal Contract Tower,2,3,9,9,23,0,1,10,1,12,2,4,19,10,35,4,50,54,89
05/31/2020,SLN,KS,ACE,CE,Federal Contract Tower,2,2,8,0,12,0,1,8,0,9,2,3,16,0,21,0,0,0,21
06/01/2020,SLN,KS,ACE,CE,Federal Contract Tower,2,4,7,10,23,0,59,8,7,74,2,63,15,17,97,64,20,84,181
06/02/2020,SLN,KS,ACE,CE,Federal Contract Tower,2,8,7,4,21,0,64,9,4,77,2,72,16,8,98,124,12,136,234
06/03/2020,SLN,KS,ACE,CE,Federal Contract Tower,2,7,12,14,35,0,72,22,8,102,2,79,34,22,137,108,4,112,249
06/04/2020,SLN,KS,ACE,CE,Federal Contract Tower,2,5,8,24,39,0,60,24,15,99,2,65,32,39,138,130,18,148,286
06/05/2020,SLN,KS,ACE,CE,Federal Contract Tower,2,7,9,3,21,0,46,40,12,98,2,53,49,15,119,78,2,80,199
06/06/2020,SLN,KS,ACE,CE,Federal Contract Tower,2,2,9,0,13,0,4,19,0,23,2,6,28,0,36,2,0,2,38
06/07/2020,SLN,KS,ACE,CE,Federal Contract Tower,2,0,8,2,12,0,2,9,2,13,2,2,17,4,25,0,10,10,35
06/08/2020,SLN,KS,ACE,CE,Federal Contract Tower,2,3,10,4,19,0,37,13,2,52,2,40,23,6,71,80,0,80,151
06/09/2020,SLN,KS,ACE,CE,Federal Contract Tower,2,8,6,4,20,0,68,5,0,73,2,76,11,4,93,146,10,156,249
06/10/2020,SLN,KS,ACE,CE,Federal Contract Tower,2,1,6,2,11,0,38,5,3,46,2,39,11,5,57,72,0,72,129
06/11/2020,SLN,KS,ACE,CE,Federal Contract Tower,2,7,11,7,27,0,102,28,4,134,2,109,39,11,161,254,0,254,415
06/12/2020,SLN,KS,ACE,CE,Federal Contract Tower,2,17,12,3,34,0,53,24,3,80,2,70,36,6,114,116,36,152,266
06/13/2020,SLN,KS,ACE,CE,Federal Contract Tower,4,1,5,0,10,0,1,13,10,24,4,2,18,10,34,0,22,22,56
06/14/2020,SLN,KS,ACE,CE,Federal Contract Tower,2,2,7,0,11,0,3,9,0,12,2,5,16,0,23,0,0,0,23
06/15/2020,SLN,KS,ACE,CE,Federal Contract Tower,5,10,17,13,45,0,85,17,7,109,5,95,34,20,154,158,30,188,342
06/16/2020,SLN,KS,ACE,CE,Federal Contract Tower,2,8,10,4,24,0,101,15,4,120,2,109,25,8,144,166,2,168,312
06/17/2020,SLN,KS,ACE,CE,Federal Contract Tower,1,9,14,13,37,0,85,15,10,110,1,94,29,23,147,104,2,106,253
06/18/2020,SLN,KS,ACE,CE,Federal Contract Tower,2,0,8,10,20,0,48,12,5,65,2,48,20,15,85,122,18,140,225
06/19/2020,SLN,KS,ACE,CE,Federal Contract Tower,2,8,8,2,20,0,6,0,0,6,2,14,8,2,26,10,0,10,36
06/20/2020,SLN,KS,ACE,CE,Federal Contract Tower,2,2,10,0,14,0,6,28,0,34,2,8,38,0,48,34,0,34,82
06/21/2020,SLN,KS,ACE,CE,Federal Contract Tower,2,2,12,0,16,0,2,7,0,9,2,4,19,0,25,0,0,0,25
06/22/2020,SLN,KS,ACE,CE,Federal Contract Tower,2,17,10,9,38,0,128,22,4,154,2,145,32,13,192,194,12,206,398
06/23/2020,SLN,KS,ACE,CE,Federal Contract Tower,2,6,12,0,20,0,115,31,1,147,2,121,43,1,167,300,0,300,467
06/24/2020,SLN,KS,ACE,CE,Federal Contract Tower,2,11,8,4,25,0,84,16,3,103,2,95,24,7,128,220,0,220,348
06/25/2020,SLN,KS,ACE,CE,Federal Contract Tower,2,6,12,1,21,0,46,10,17,73,2,52,22,18,94,54,30,84,178
06/26/2020,SLN,KS,ACE,CE,Federal Contract Tower,8,10,14,1,33,0,58,11,14,83,8,68,25,15,116,118,14,132,248
06/27/2020,SLN,KS,ACE,CE,Federal Contract Tower,4,3,5,2,14,0,12,25,4,41,4,15,30,6,55,6,0,6,61
06/28/2020,SLN,KS,ACE,CE,Federal Contract Tower,2,3,9,0,14,0,3,4,0,7,2,6,13,0,21,0,0,0,21
06/29/2020,SLN,KS,ACE,CE,Federal Contract Tower,2,8,16,4,30,0,31,9,3,43,2,39,25,7,73,50,16,66,139
06/30/2020,SLN,KS,ACE,CE,Federal Contract Tower,2,2,13,12,29,0,79,6,0,85,2,81,19,12,114,72,14,86,200
07/01/2020,SLN,KS,ACE,CE,Federal Contract Tower,2,16,16,10,44,0,84,14,4,102,2,100,30,14,146,172,2,174,320
07/02/2020,SLN,KS,ACE,CE,Federal Contract Tower,1,5,3,0,9,0,51,17,6,74,1,56,20,6,83,46,0,46,129
07/03/2020,SLN,KS,ACE,CE,Federal Contract Tower,3,0,12,0,15,0,0,24,0,24,3,0,36,0,39,20,0,20,59
07/04/2020,SLN,KS,ACE,CE,Federal Contract Tower,2,2,2,0,6,0,2,13,0,15,2,4,15,0,21,0,0,0,21
07/05/2020,SLN,KS,ACE,CE,Federal Contract Tower,2,2,4,0,8,0,0,7,0,7,2,2,11,0,15,0,0,0,15
07/06/2020,SLN,KS,ACE,CE,Federal Contract Tower,4,1,5,0,10,0,46,18,0,64,4,47,23,0,74,112,0,112,186
07/07/2020,SLN,KS,ACE,CE,Federal Contract Tower,2,6,10,7,25,0,83,19,7,109,2,89,29,14,134,168,28,196,330
07/08/2020,SLN,KS,ACE,CE,Federal Contract Tower,4,5,1,12,22,0,82,28,2,112,4,87,29,14,134,126,6,132,266
07/09/2020,SLN,KS,ACE,CE,Federal Contract Tower,4,5,18,0,27,0,58,10,2,70,4,63,28,2,97,98,0,98,195
07/10/2020,SLN,KS,ACE,CE,Federal Contract Tower,4,10,15,0,29,0,64,22,0,86,4,74,37,0,115,84,0,84,199
07/11/2020,SLN,KS,ACE,CE,Federal Contract Tower,2,6,10,0,18,0,10,16,4,30,2,16,26,4,48,24,0,24,72
07/12/2020,SLN,KS,ACE,CE,Federal Contract Tower,4,6,5,2,17,0,6,21,4,31,4,12,26,6,48,2,0,2,50
07/13/2020,SLN,KS,ACE,CE,Federal Contract Tower,4,12,4,20,40,0,84,8,13,105,4,96,12,33,145,96,16,112,257
07/14/2020,SLN,KS,ACE,CE,Federal Contract Tower,2,10,17,17,46,0,64,15,23,102,2,74,32,40,148,110,0,110,258
07/15/2020,SLN,KS,ACE,CE,Federal Contract Tower,4,27,25,21,77,0,38,14,19,71,4,65,39,40,148,124,2,126,274
07/16/2020,SLN,KS,ACE,CE,Federal Contract Tower,4,11,8,6,29,0,86,29,3,118,4,97,37,9,147,114,10,124,271
07/17/2020,SLN,KS,ACE,CE,Federal Contract Tower,4,13,12,2,31,0,71,9,2,82,4,84,21,4,113,90,0,90,203
07/18/2020,SLN,KS,ACE,CE,Federal Contract Tower,1,2,9,2,14,0,0,13,12,25,1,2,22,14,39,2,0,2,41
07/19/2020,SLN,KS,ACE,CE,Federal Contract Tower,7,0,6,0,13,0,0,11,4,15,7,0,17,4,28,4,10,14,42
07/20/2020,SLN,KS,ACE,CE,Federal Contract Tower,4,4,7,3,18,0,63,12,7,82,4,67,19,10,100,100,8,108,208
07/21/2020,SLN,KS,ACE,CE,Federal Contract Tower,3,28,20,18,69,0,40,12,21,73,3,68,32,39,142,110,20,130,272
07/22/2020,SLN,KS,ACE,CE,Federal Contract Tower,4,8,7,8,27,0,115,13,7,135,4,123,20,15,162,236,6,242,404
07/23/2020,SLN,KS,ACE,CE,Federal Contract Tower,4,2,4,5,15,0,102,20,9,131,4,104,24,14,146,112,16,128,274
07/24/2020,SLN,KS,ACE,CE,Federal Contract Tower,4,9,14,3,30,0,83,14,3,100,4,92,28,6,130,170,0,170,300
07/25/2020,SLN,KS,ACE,CE,Federal Contract Tower,2,0,2,0,4,0,0,18,0,18,2,0,20,0,22,10,0,10,32
07/26/2020,SLN,KS,ACE,CE,Federal Contract Tower,4,6,10,2,22,0,0,17,0,17,4,6,27,2,39,0,0,0,39
07/27/2020,SLN,KS,ACE,CE,Federal Contract Tower,4,0,6,0,10,0,4,0,0,4,4,4,6,0,14,42,0,42,56
07/29/2020,SLN,KS,ACE,CE,Federal Contract Tower,4,18,11,8,41,0,7,3,1,11,4,25,14,9,52,42,4,46,98
07/30/2020,SLN,KS,ACE,CE,Federal Contract Tower,11,3,7,2,23,0,0,0,1,1,11,3,7,3,24,0,4,4,28
07/31/2020,SLN,KS,ACE,CE,Federal Contract Tower,6,13,16,10,45,0,97,27,9,133,6,110,43,19,178,192,20,212,390
08/01/2020,SLN,KS,ACE,CE,Federal Contract Tower,2,6,5,0,13,0,6,14,0,20,2,12,19,0,33,6,0,6,39
08/02/2020,SLN,KS,ACE,CE,Federal Contract Tower,4,0,3,0,7,0,4,29,0,33,4,4,32,0,40,0,0,0,40
08/03/2020,SLN,KS,ACE,CE,Federal Contract Tower,4,4,9,12,29,0,103,25,9,137,4,107,34,21,166,218,10,228,394
08/04/2020,SLN,KS,ACE,CE,Federal Contract Tower,2,0,9,2,13,0,78,4,0,82,2,78,13,2,95,128,0,128,223
08/05/2020,SLN,KS,ACE,CE,Federal Contract Tower,4,9,13,16,42,0,92,8,19,119,4,101,21,35,161,158,8,166,327
08/06/2020,SLN,KS,ACE,CE,Federal Contract Tower,4,10,6,8,28,0,76,18,11,105,4,86,24,19,133,86,6,92,225
08/07/2020,SLN,KS,ACE,CE,Federal Contract Tower,7,10,9,10,36,0,53,16,9,78,7,63,25,19,114,100,26,126,240
08/08/2020,SLN,KS,ACE,CE,Federal Contract Tower,3,2,8,0,13,0,2,19,0,21,3,4,27,0,34,0,0,0,34
08/09/2020,SLN,KS,ACE,CE,Federal Contract Tower,4,0,15,0,19,0,5,9,0,14,4,5,24,0,33,4,0,4,37
08/10/2020,SLN,KS,ACE,CE,Federal Contract Tower,6,1,12,13,32,0,74,12,13,99,6,75,24,26,131,124,12,136,267
08/11/2020,SLN,KS,ACE,CE,Federal Contract Tower,4,8,12,20,44,0,58,12,49,119,4,66,24,69,163,60,12,72,235
08/12/2020,SLN,KS,ACE,CE,Federal Contract Tower,8,5,12,12,37,0,15,10,33,58,8,20,22,45,95,54,28,82,177
08/13/2020,SLN,KS,ACE,CE,Federal Contract Tower,8,1,16,13,38,0,14,21,38,73,8,15,37,51,111,40,40,80,191
08/14/2020,SLN,KS,ACE,CE,Federal Contract Tower,8,2,11,19,40,0,82,12,40,134,8,84,23,59,174,144,46,190,364
08/15/2020,SLN,KS,ACE,CE,Federal Contract Tower,4,2,7,0,13,0,1,23,2,26,4,3,30,2,39,12,0,12,51
08/16/2020,SLN,KS,ACE,CE,Federal Contract Tower,8,4,19,1,32,0,0,20,5,25,8,4,39,6,57,6,0,6,63
08/17/2020,SLN,KS,ACE,CE,Federal Contract Tower,4,3,6,5,18,0,66,12,7,85,4,69,18,12,103,172,0,172,275
08/18/2020,SLN,KS,ACE,CE,Federal Contract Tower,3,2,13,11,29,0,70,17,43,130,3,72,30,54,159,76,0,76,235
08/19/2020,SLN,KS,ACE,CE,Federal Contract Tower,4,2,11,10,27,0,114,11,118,243,4,116,22,128,270,182,6,188,458
08/20/2020,SLN,KS,ACE,CE,Federal Contract Tower,4,13,14,5,36,0,98,10,134,242,4,111,24,139,278,172,10,182,460
08/21/2020,SLN,KS,ACE,CE,Federal Contract Tower,4,11,17,5,37,0,91,19,104,214,4,102,36,109,251,90,10,100,351
08/22/2020,SLN,KS,ACE,CE,Federal Contract Tower,2,2,10,8,22,0,44,32,19,95,2,46,42,27,117,74,12,86,203
08/23/2020,SLN,KS,ACE,CE,Federal Contract Tower,4,2,13,2,21,0,4,31,10,45,4,6,44,12,66,14,2,16,82
08/24/2020,SLN,KS,ACE,CE,Federal Contract Tower,6,12,5,10,33,0,130,10,84,224,6,142,15,94,257,210,18,228,485
08/25/2020,SLN,KS,ACE,CE,Federal Contract Tower,2,14,12,3,31,0,129,3,114,246,2,143,15,117,277,108,10,118,395
08/26/2020,SLN,KS,ACE,CE,Federal Contract Tower,4,8,10,3,25,0,110,15,115,240,4,118,25,118,265,160,6,166,431
08/27/2020,SLN,KS,ACE,CE,Federal Contract Tower,5,16,13,11,45,0,127,14,11,152,5,143,27,22,197,168,0,168,365
08/28/2020,SLN,KS,ACE,CE,Federal Contract Tower,14,18,22,11,65,0,118,18,18,154,14,136,40,29,219,128,0,128,347
08/29/2020,SLN,KS,ACE,CE,Federal Contract Tower,4,6,5,0,15,0,13,4,0,17,4,19,9,0,32,18,0,18,50
08/30/2020,SLN,KS,ACE,CE,Federal Contract Tower,8,3,6,4,21,0,1,10,5,16,8,4,16,9,37,4,0,4,41
08/31/2020,SLN,KS,ACE,CE,Federal Contract Tower,5,6,10,7,28,0,87,3,1,91,5,93,13,8,119,114,0,114,233
09/01/2020,SLN,KS,ACE,CE,Federal Contract Tower,2,12,20,31,65,0,55,8,5,68,2,67,28,36,133,101,4,105,238
09/02/2020,SLN,KS,ACE,CE,Federal Contract Tower,13,15,8,4,40,0,174,8,7,189,13,189,16,11,229,146,22,168,397
09/03/2020,SLN,KS,ACE,CE,Federal Contract Tower,4,5,21,3,33,0,122,13,5,140,4,127,34,8,173,130,0,130,303
09/04/2020,SLN,KS,ACE,CE,Federal Contract Tower,4,15,9,0,28,0,120,18,0,138,4,135,27,0,166,200,0,200,366
09/05/2020,SLN,KS,ACE,CE,Federal Contract Tower,2,6,4,0,12,0,61,19,0,80,2,67,23,0,92,66,0,66,158
09/06/2020,SLN,KS,ACE,CE,Federal Contract Tower,2,4,5,0,11,0,1,5,0,6,2,5,10,0,17,0,0,0,17
09/07/2020,SLN,KS,ACE,CE,Federal Contract Tower,4,0,10,0,14,0,0,23,0,23,4,0,33,0,37,4,0,4,41
09/08/2020,SLN,KS,ACE,CE,Federal Contract Tower,2,4,6,0,12,0,2,0,0,2,2,6,6,0,14,0,0,0,14
09/09/2020,SLN,KS,ACE,CE,Federal Contract Tower,4,6,11,0,21,0,0,0,0,0,4,6,11,0,21,0,0,0,21
09/10/2020,SLN,KS,ACE,CE,Federal Contract Tower,4,10,7,22,43,0,0,0,2,2,4,10,7,24,45,0,18,18,63
09/11/2020,SLN,KS,ACE,CE,Federal Contract Tower,4,34,14,5,57,0,4,1,3,8,4,38,15,8,65,26,18,44,109
09/12/2020,SLN,KS,ACE,CE,Federal Contract Tower,2,2,2,10,16,0,25,22,1,48,2,27,24,11,64,102,12,114,178
09/13/2020,SLN,KS,ACE,CE,Federal Contract Tower,4,3,7,0,14,0,2,19,0,21,4,5,26,0,35,8,0,8,43
09/14/2020,SLN,KS,ACE,CE,Federal Contract Tower,4,7,7,2,20,0,178,4,4,186,4,185,11,6,206,278,0,278,484
09/15/2020,SLN,KS,ACE,CE,Federal Contract Tower,2,11,11,2,26,0,150,14,6,170,2,161,25,8,196,288,36,324,520
09/16/2020,SLN,KS,ACE,CE,Federal Contract Tower,5,10,8,6,29,0,128,12,11,151,5,138,20,17,180,244,18,262,442
09/17/2020,SLN,KS,ACE,CE,Federal Contract Tower,4,9,7,5,25,0,150,15,2,167,4,159,22,7,192,302,0,302,494
09/18/2020,SLN,KS,ACE,CE,Federal Contract Tower,4,4,16,0,24,0,118,11,13,142,4,122,27,13,166,226,14,240,406
09/19/2020,SLN,KS,ACE,CE,Federal Contract Tower,2,8,8,0,18,0,65,14,3,82,2,73,22,3,100,148,0,148,248
09/20/2020,SLN,KS,ACE,CE,Federal Contract Tower,3,0,16,4,23,0,2,4,2,8,3,2,20,6,31,0,0,0,31
09/21/2020,SLN,KS,ACE,CE,Federal Contract Tower,4,8,8,4,24,0,128,13,5,146,4,136,21,9,170,180,6,186,356
09/22/2020,SLN,KS,ACE,CE,Federal Contract Tower,2,13,7,28,50,0,131,17,6,154,2,144,24,34,204,208,60,268,472
09/23/2020,SLN,KS,ACE,CE,Federal Contract Tower,4,19,9,13,45,0,69,7,8,84,4,88,16,21,129,180,14,194,323
09/24/2020,SLN,KS,ACE,CE,Federal Contract Tower,4,20,14,1,39,0,139,18,6,163,4,159,32,7,202,218,0,218,420
09/25/2020,SLN,KS,ACE,CE,Federal Contract Tower,4,16,11,4,35,0,122,23,6,151,4,138,34,10,186,150,26,176,362
09/26/2020,SLN,KS,ACE,CE,Federal Contract Tower,2,5,12,0,19,0,34,6,0,40,2,39,18,0,59,28,0,28,87
09/27/2020,SLN,KS,ACE,CE,Federal Contract Tower,4,0,17,0,21,0,3,9,0,12,4,3,26,0,33,0,0,0,33
09/28/2020,SLN,KS,ACE,CE,Federal Contract Tower,4,7,12,13,36,0,80,7,10,97,4,87,19,23,133,108,22,130,263
09/29/2020,SLN,KS,ACE,CE,Federal Contract Tower,2,10,5,6,23,0,113,14,16,143,2,123,19,22,166,170,22,192,358
09/30/2020,SLN,KS,ACE,CE,Federal Contract Tower,7,14,16,15,52,0,86,9,14,109,7,100,25,29,161,124,18,142,303
10/01/2020,SLN,KS,ACE,CE,Federal Contract Tower,4,10,13,1,28,0,109,27,7,143,4,119,40,8,171,236,0,236,407
10/02/2020,SLN,KS,ACE,CE,Federal Contract Tower,5,7,10,8,30,0,105,24,30,159,5,112,34,38,189,144,4,148,337
10/03/2020,SLN,KS,ACE,CE,Federal Contract Tower,3,7,8,0,18,0,49,15,0,64,3,56,23,0,82,64,0,64,146
10/04/2020,SLN,KS,ACE,CE,Federal Contract Tower,4,4,12,0,20,0,0,18,0,18,4,4,30,0,38,0,0,0,38
10/05/2020,SLN,KS,ACE,CE,Federal Contract Tower,4,9,10,11,34,0,59,10,4,73,4,68,20,15,107,82,6,88,195
10/06/2020,SLN,KS,ACE,CE,Federal Contract Tower,2,10,10,14,36,0,140,26,23,189,2,150,36,37,225,306,40,346,571
10/07/2020,SLN,KS,ACE,CE,Federal Contract Tower,4,4,18,12,38,0,146,12,18,176,4,150,30,30,214,296,0,296,510
10/08/2020,SLN,KS,ACE,CE,Federal Contract Tower,4,16,17,14,51,0,93,15,13,121,4,109,32,27,172,208,4,212,384
10/09/2020,SLN,KS,ACE,CE,Federal Contract Tower,5,4,9,7,25,0,71,7,9,87,5,75,16,16,112,86,22,108,220
10/10/2020,SLN,KS,ACE,CE,Federal Contract Tower,2,6,10,6,24,0,40,5,2,47,2,46,15,8,71,146,8,154,225
10/11/2020,SLN,KS,ACE,CE,Federal Contract Tower,4,4,4,2,14,0,9,4,1,14,4,13,8,3,28,14,2,16,44
10/12/2020,SLN,KS,ACE,CE,Federal Contract Tower,4,5,12,0,21,0,124,9,0,133,4,129,21,0,154,298,0,298,452
10/13/2020,SLN,KS,ACE,CE,Federal Contract Tower,3,18,11,6,38,4,108,28,8,148,7,126,39,14,186,222,4,226,412
10/14/2020,SLN,KS,ACE,CE,Federal Contract Tower,4,4,5,6,19,0,117,10,13,140,4,121,15,19,159,256,14,270,429
10/15/2020,SLN,KS,ACE,CE,Federal Contract Tower,4,19,12,6,41,0,86,15,17,118,4,105,27,23,159,228,64,292,451
10/16/2020,SLN,KS,ACE,CE,Federal Contract Tower,5,5,12,5,27,0,109,22,14,145,5,114,34,19,172,262,32,294,466
10/17/2020,SLN,KS,ACE,CE,Federal Contract Tower,3,5,4,11,23,0,13,6,8,27,3,18,10,19,50,42,44,86,136
10/18/2020,SLN,KS,ACE,CE,Federal Contract Tower,6,4,9,1,20,0,2,0,3,5,6,6,9,4,25,0,0,0,25
10/19/2020,SLN,KS,ACE,CE,Federal Contract Tower,4,7,14,18,43,0,81,15,10,106,4,88,29,28,149,248,54,302,451
10/20/2020,SLN,KS,ACE,CE,Federal Contract Tower,3,10,13,19,45,0,32,0,23,55,3,42,13,42,100,88,50,138,238
10/21/2020,SLN,KS,ACE,CE,Federal Contract Tower,6,8,7,0,21,0,21,0,0,21,6,29,7,0,42,100,0,100,142
10/22/2020,SLN,KS,ACE,CE,Federal Contract Tower,4,2,19,4,29,0,11,5,13,29,4,13,24,17,58,32,34,66,124
10/23/2020,SLN,KS,ACE,CE,Federal Contract Tower,4,7,8,1,20,0,44,9,0,53,4,51,17,1,73,198,0,198,271
10/24/2020,SLN,KS,ACE,CE,Federal Contract Tower,2,4,12,0,18,0,22,5,0,27,2,26,17,0,45,144,0,144,189
10/25/2020,SLN,KS,ACE,CE,Federal Contract Tower,4,2,3,0,9,0,0,0,0,0,4,2,3,0,9,0,0,0,9
10/26/2020,SLN,KS,ACE,CE,Federal Contract Tower,11,6,4,0,21,0,0,1,0,1,11,6,5,0,22,0,0,0,22
10/27/2020,SLN,KS,ACE,CE,Federal Contract Tower,3,9,9,7,28,0,15,14,4,33,3,24,23,11,61,10,0,10,71
10/28/2020,SLN,KS,ACE,CE,Federal Contract Tower,6,6,9,0,21,0,126,8,2,136,6,132,17,2,157,262,0,262,419
10/29/2020,SLN,KS,ACE,CE,Federal Contract Tower,4,20,9,15,48,0,135,24,13,172,4,155,33,28,220,226,20,246,466
10/30/2020,SLN,KS,ACE,CE,Federal Contract Tower,6,18,16,5,45,0,139,26,3,168,6,157,42,8,213,262,14,276,489
10/31/2020,SLN,KS,ACE,CE,Federal Contract Tower,3,4,6,2,15,0,56,14,0,70,3,60,20,2,85,114,0,114,199
11/01/2020,SLN,KS,ACE,CE,Federal Contract Tower,3,6,4,0,13,0,4,19,0,23,3,10,23,0,36,6,0,6,42
11/02/2020,SLN,KS,ACE,CE,Federal Contract Tower,3,14,7,3,27,0,115,34,1,150,3,129,41,4,177,292,6,298,475
11/03/2020,SLN,KS,ACE,CE,Federal Contract Tower,1,10,13,5,29,0,99,18,2,119,1,109,31,7,148,278,0,278,426
11/04/2020,SLN,KS,ACE,CE,Federal Contract Tower,7,11,12,6,36,0,110,17,68,195,7,121,29,74,231,176,10,186,417
11/05/2020,SLN,KS,ACE,CE,Federal Contract Tower,3,14,6,0,23,0,77,32,8,117,3,91,38,8,140,178,14,192,332
11/06/2020,SLN,KS,ACE,CE,Federal Contract Tower,3,7,10,7,27,0,86,19,3,108,3,93,29,10,135,158,10,168,303
11/07/2020,SLN,KS,ACE,CE,Federal Contract Tower,1,5,4,1,11,0,10,8,0,18,1,15,12,1,29,0,0,0,29
11/08/2020,SLN,KS,ACE,CE,Federal Contract Tower,3,0,13,4,20,0,3,1,0,4,3,3,14,4,24,0,0,0,24
11/09/2020,SLN,KS,ACE,CE,Federal Contract Tower,3,3,4,4,14,0,11,0,8,19,3,14,4,12,33,0,4,4,37
11/10/2020,SLN,KS,ACE,CE,Federal Contract Tower,1,8,13,6,28,0,26,6,7,39,1,34,19,13,67,52,0,52,119
11/11/2020,SLN,KS,ACE,CE,Federal Contract Tower,5,13,15,0,33,0,93,26,0,119,5,106,41,0,152,230,0,230,382
11/12/2020,SLN,KS,ACE,CE,Federal Contract Tower,3,12,7,4,26,0,70,26,13,109,3,82,33,17,135,172,20,192,327
11/13/2020,SLN,KS,ACE,CE,Federal Contract Tower,5,14,19,6,44,0,61,23,7,91,5,75,42,13,135,152,24,176,311
11/14/2020,SLN,KS,ACE,CE,Federal Contract Tower,3,6,2,0,11,0,6,7,0,13,3,12,9,0,24,4,0,4,28
11/15/2020,SLN,KS,ACE,CE,Federal Contract Tower,3,2,5,0,10,0,2,9,3,14,3,4,14,3,24,2,0,2,26
11/16/2020,SLN,KS,ACE,CE,Federal Contract Tower,7,9,1,0,17,0,80,12,0,92,7,89,13,0,109,186,0,186,295
11/17/2020,SLN,KS,ACE,CE,Federal Contract Tower,2,2,11,14,29,0,71,24,13,108,2,73,35,27,137,202,0,202,339
11/18/2020,SLN,KS,ACE,CE,Federal Contract Tower,3,2,7,1,13,0,6,5,2,13,3,8,12,3,26,10,0,10,36
11/19/2020,SLN,KS,ACE,CE,Federal Contract Tower,5,11,5,2,23,0,71,19,7,97,5,82,24,9,120,148,28,176,296
11/20/2020,SLN,KS,ACE,CE,Federal Contract Tower,3,5,4,9,21,0,70,11,3,84,3,75,15,12,105,118,12,130,235
11/21/2020,SLN,KS,ACE,CE,Federal Contract Tower,1,3,8,0,12,0,32,2,0,34,1,35,10,0,46,42,0,42,88
11/22/2020,SLN,KS,ACE,CE,Federal Contract Tower,3,4,9,6,22,0,8,22,0,30,3,12,31,6,52,20,0,20,72
11/23/2020,SLN,KS,ACE,CE,Federal Contract Tower,3,4,7,0,14,0,13,2,2,17,3,17,9,2,31,30,2,32,63
11/24/2020,SLN,KS,ACE,CE,Federal Contract Tower,4,1,13,0,18,0,0,0,0,0,4,1,13,0,18,0,0,0,18
11/25/2020,SLN,KS,ACE,CE,Federal Contract Tower,6,2,12,2,22,0,31,11,2,44,6,33,23,4,66,66,0,66,132
11/26/2020,SLN,KS,ACE,CE,Federal Contract Tower,1,0,3,0,4,0,0,13,0,13,1,0,16,0,17,0,0,0,17
11/27/2020,SLN,KS,ACE,CE,Federal Contract Tower,1,2,2,0,5,0,0,16,0,16,1,2,18,0,21,10,0,10,31
11/28/2020,SLN,KS,ACE,CE,Federal Contract Tower,3,5,0,0,8,0,9,18,0,27,3,14,18,0,35,6,0,6,41
11/29/2020,SLN,KS,ACE,CE,Federal Contract Tower,3,2,1,0,6,0,0,11,0,11,3,2,12,0,17,0,0,0,17
11/30/2020,SLN,KS,ACE,CE,Federal Contract Tower,4,9,6,8,27,0,33,8,0,41,4,42,14,8,68,52,0,52,120
12/01/2020,SLN,KS,ACE,CE,Federal Contract Tower,2,6,4,4,16,0,103,18,2,123,2,109,22,6,139,228,0,228,367
12/02/2020,SLN,KS,ACE,CE,Federal Contract Tower,4,0,11,10,25,0,72,1,9,82,4,72,12,19,107,204,4,208,315
12/03/2020,SLN,KS,ACE,CE,Federal Contract Tower,3,2,9,4,18,0,52,12,21,85,3,54,21,25,103,100,24,124,227
12/04/2020,SLN,KS,ACE,CE,Federal Contract Tower,3,9,12,2,26,0,97,19,7,123,3,106,31,9,149,228,12,240,389
12/05/2020,SLN,KS,ACE,CE,Federal Contract Tower,1,3,6,12,22,0,16,17,4,37,1,19,23,16,59,64,4,68,127
12/06/2020,SLN,KS,ACE,CE,Federal Contract Tower,6,0,6,0,12,0,0,16,0,16,6,0,22,0,28,2,0,2,30
12/07/2020,SLN,KS,ACE,CE,Federal Contract Tower,3,5,6,24,38,0,21,7,2,30,3,26,13,26,68,38,14,52,120
12/08/2020,SLN,KS,ACE,CE,Federal Contract Tower,4,3,7,11,25,0,74,23,10,107,4,77,30,21,132,116,6,122,254
12/09/2020,SLN,KS,ACE,CE,Federal Contract Tower,3,5,6,1,15,0,60,24,8,92,3,65,30,9,107,176,12,188,295
12/10/2020,SLN,KS,ACE,CE,Federal Contract Tower,4,0,9,0,13,0,77,16,9,102,4,77,25,9,115,188,0,188,303
12/11/2020,SLN,KS,ACE,CE,Federal Contract Tower,3,0,5,0,8,0,4,3,4,11,3,4,8,4,19,34,0,34,53
12/12/2020,SLN,KS,ACE,CE,Federal Contract Tower,1,2,6,0,9,0,0,3,0,3,1,2,9,0,12,6,0,6,18
12/13/2020,SLN,KS,ACE,CE,Federal Contract Tower,3,2,9,0,14,0,4,4,1,9,3,6,13,1,23,10,0,10,33
12/14/2020,SLN,KS,ACE,CE,Federal Contract Tower,3,1,10,1,15,0,35,7,0,42,3,36,17,1,57,118,0,118,175
12/15/2020,SLN,KS,ACE,CE,Federal Contract Tower,1,0,5,0,6,0,4,0,2,6,1,4,5,2,12,10,4,14,26
12/16/2020,SLN,KS,ACE,CE,Federal Contract Tower,3,3,7,0,13,0,69,2,2,73,3,72,9,2,86,74,6,80,166
12/17/2020,SLN,KS,ACE,CE,Federal Contract Tower,3,3,14,1,21,0,89,38,22,149,3,92,52,23,170,250,32,282,452
12/18/2020,SLN,KS,ACE,CE,Federal Contract Tower,4,12,6,2,24,0,14,15,19,48,4,26,21,21,72,42,48,90,162
12/19/2020,SLN,KS,ACE,CE,Federal Contract Tower,2,6,10,4,22,0,3,19,1,23,2,9,29,5,45,16,0,16,61
12/20/2020,SLN,KS,ACE,CE,Federal Contract Tower,6,7,11,0,24,0,8,9,0,17,6,15,20,0,41,28,0,28,69
12/21/2020,SLN,KS,ACE,CE,Federal Contract Tower,3,2,9,2,16,0,0,0,0,0,3,2,9,2,16,124,0,124,140
12/22/2020,SLN,KS,ACE,CE,Federal Contract Tower,5,5,16,2,28,0,27,3,0,30,5,32,19,2,58,62,12,74,132
12/23/2020,SLN,KS,ACE,CE,Federal Contract Tower,6,1,16,0,23,0,1,1,0,2,6,2,17,0,25,0,0,0,25
12/24/2020,SLN,KS,ACE,CE,Federal Contract Tower,1,4,4,0,9,0,2,4,0,6,1,6,8,0,15,2,0,2,17
12/25/2020,SLN,KS,ACE,CE,Federal Contract Tower,2,4,1,0,7,0,0,2,0,2,2,4,3,0,9,0,0,0,9
12/26/2020,SLN,KS,ACE,CE,Federal Contract Tower,3,4,13,0,20,0,1,17,0,18,3,5,30,0,38,0,0,0,38
12/27/2020,SLN,KS,ACE,CE,Federal Contract Tower,4,2,17,0,23,0,0,9,0,9,4,2,26,0,32,2,0,2,34
12/28/2020,SLN,KS,ACE,CE,Federal Contract Tower,3,2,10,0,15,0,2,6,0,8,3,4,16,0,23,10,0,10,33
12/29/2020,SLN,KS,ACE,CE,Federal Contract Tower,4,0,4,0,8,0,0,0,0,0,4,0,4,0,8,0,0,0,8
12/30/2020,SLN,KS,ACE,CE,Federal Contract Tower,4,2,19,0,25,0,6,8,6,20,4,8,27,6,45,22,0,22,67
12/31/2020,SLN,KS,ACE,CE,Federal Contract Tower,4,6,7,0,17,0,2,16,0,18,4,8,23,0,35,20,0,20,55
01/01/2021,SLN,KS,ACE,CE,Federal Contract Tower,2,3,3,0,8,0,0,0,0,0,2,3,3,0,8,0,0,0,8
01/02/2021,SLN,KS,ACE,CE,Federal Contract Tower,3,4,14,0,21,0,2,21,0,23,3,6,35,0,44,8,0,8,52
01/03/2021,SLN,KS,ACE,CE,Federal Contract Tower,3,0,13,0,16,0,3,27,0,30,3,3,40,0,46,40,0,40,86
01/04/2021,SLN,KS,ACE,CE,Federal Contract Tower,3,3,8,1,15,0,37,5,1,43,3,40,13,2,58,58,0,58,116
01/05/2021,SLN,KS,ACE,CE,Federal Contract Tower,1,2,9,0,12,0,62,24,0,86,1,64,33,0,98,98,0,98,196
01/06/2021,SLN,KS,ACE,CE,Federal Contract Tower,5,0,11,9,25,0,35,0,9,44,5,35,11,18,69,106,12,118,187
01/07/2021,SLN,KS,ACE,CE,Federal Contract Tower,4,0,8,1,13,0,0,1,0,1,4,0,9,1,14,0,0,0,14
01/08/2021,SLN,KS,ACE,CE,Federal Contract Tower,4,2,14,0,20,0,1,12,10,23,4,3,26,10,43,40,36,76,119
01/09/2021,SLN,KS,ACE,CE,Federal Contract Tower,2,2,7,0,11,0,0,0,0,0,2,2,7,0,11,0,0,0,11
01/10/2021,SLN,KS,ACE,CE,Federal Contract Tower,4,2,7,0,13,0,0,5,0,5,4,2,12,0,18,4,0,4,22
01/11/2021,SLN,KS,ACE,CE,Federal Contract Tower,5,3,7,16,31,0,101,3,2,106,5,104,10,18,137,90,2,92,229
01/12/2021,SLN,KS,ACE,CE,Federal Contract Tower,2,2,16,4,24,0,109,35,4,148,2,111,51,8,172,266,0,266,438
01/13/2021,SLN,KS,ACE,CE,Federal Contract Tower,14,4,7,3,28,2,100,18,5,125,16,104,25,8,153,200,6,206,359
01/14/2021,SLN,KS,ACE,CE,Federal Contract Tower,4,3,11,4,22,0,12,1,2,15,4,15,12,6,37,12,0,12,49
01/15/2021,SLN,KS,ACE,CE,Federal Contract Tower,3,1,2,0,6,0,0,2,0,2,3,1,4,0,8,0,0,0,8
01/16/2021,SLN,KS,ACE,CE,Federal Contract Tower,3,3,7,0,13,0,5,21,4,30,3,8,28,4,43,34,0,34,77
01/17/2021,SLN,KS,ACE,CE,Federal Contract Tower,5,5,5,0,15,0,4,4,0,8,5,9,9,0,23,0,0,0,23
01/18/2021,SLN,KS,ACE,CE,Federal Contract Tower,4,4,6,0,14,0,7,22,0,29,4,11,28,0,43,34,0,34,77
01/19/2021,SLN,KS,ACE,CE,Federal Contract Tower,2,8,13,1,24,0,103,14,5,122,2,111,27,6,146,180,0,180,326
01/20/2021,SLN,KS,ACE,CE,Federal Contract Tower,4,2,7,4,17,0,43,6,2,51,4,45,13,6,68,68,10,78,146
01/21/2021,SLN,KS,ACE,CE,Federal Contract Tower,6,3,15,1,25,0,104,23,10,137,6,107,38,11,162,188,30,218,380
01/22/2021,SLN,KS,ACE,CE,Federal Contract Tower,6,5,4,4,19,0,83,13,25,121,6,88,17,29,140,210,26,236,376
01/23/2021,SLN,KS,ACE,CE,Federal Contract Tower,3,1,6,0,10,0,0,4,0,4,3,1,10,0,14,8,0,8,22
01/24/2021,SLN,KS,ACE,CE,Federal Contract Tower,4,2,5,2,13,0,0,3,0,3,4,2,8,2,16,0,0,0,16
01/25/2021,SLN,KS,ACE,CE,Federal Contract Tower,4,0,1,0,5,0,0,0,0,0,4,0,1,0,5,0,0,0,5
01/26/2021,SLN,KS,ACE,CE,Federal Contract Tower,2,2,9,16,29,0,7,0,0,7,2,9,9,16,36,22,0,22,58
01/27/2021,SLN,KS,ACE,CE,Federal Contract Tower,4,7,3,0,14,0,12,2,6,20,4,19,5,6,34,32,0,32,66
01/28/2021,SLN,KS,ACE,CE,Federal Contract Tower,4,7,7,0,18,0,38,9,0,47,4,45,16,0,65,72,0,72,137
01/29/2021,SLN,KS,ACE,CE,Federal Contract Tower,6,10,11,2,29,0,112,12,8,132,6,122,23,10,161,198,0,198,359
01/30/2021,SLN,KS,ACE,CE,Federal Contract Tower,9,0,3,0,12,0,0,0,0,0,9,0,3,0,12,0,0,0,12
01/31/2021,SLN,KS,ACE,CE,Federal Contract Tower,4,4,5,0,13,0,0,9,0,9,4,4,14,0,22,0,0,0,22
02/01/2021,SLN,KS,ACE,CE,Federal Contract Tower,5,4,10,7,26,0,139,17,1,157,5,143,27,8,183,270,10,280,463
02/02/2021,SLN,KS,ACE,CE,Federal Contract Tower,2,5,8,22,37,0,140,26,7,173,2,145,34,29,210,286,24,310,520
02/03/2021,SLN,KS,ACE,CE,Federal Contract Tower,7,4,8,0,19,0,143,14,10,167,7,147,22,10,186,168,24,192,378
02/04/2021,SLN,KS,ACE,CE,Federal Contract Tower,4,5,10,10,29,0,21,11,21,53,4,26,21,31,82,36,46,82,164
02/05/2021,SLN,KS,ACE,CE,Federal Contract Tower,4,2,5,0,11,0,131,29,7,167,4,133,34,7,178,188,8,196,374
02/06/2021,SLN,KS,ACE,CE,Federal Contract Tower,2,2,4,0,8,0,0,4,0,4,2,2,8,0,12,22,0,22,34
02/07/2021,SLN,KS,ACE,CE,Federal Contract Tower,4,2,2,0,8,0,0,0,0,0,4,2,2,0,8,0,0,0,8
02/08/2021,SLN,KS,ACE,CE,Federal Contract Tower,4,0,4,0,8,0,0,0,0,0,4,0,4,0,8,0,0,0,8
02/09/2021,SLN,KS,ACE,CE,Federal Contract Tower,2,4,16,0,22,0,55,1,0,56,2,59,17,0,78,110,0,110,188
02/10/2021,SLN,KS,ACE,CE,Federal Contract Tower,4,2,15,0,21,0,10,0,7,17,4,12,15,7,38,34,32,66,104
02/11/2021,SLN,KS,ACE,CE,Federal Contract Tower,4,5,17,0,26,0,86,10,4,100,4,91,27,4,126,136,0,136,262
02/12/2021,SLN,KS,ACE,CE,Federal Contract Tower,4,4,18,9,35,0,80,4,2,86,4,84,22,11,121,144,10,154,275
02/13/2021,SLN,KS,ACE,CE,Federal Contract Tower,0,0,10,0,10,0,37,6,0,43,0,37,16,0,53,86,0,86,139
02/14/2021,SLN,KS,ACE,CE,Federal Contract Tower,6,0,6,0,12,0,0,0,0,0,6,0,6,0,12,0,0,0,12
02/15/2021,SLN,KS,ACE,CE,Federal Contract Tower,4,3,6,0,13,0,0,1,0,1,4,3,7,0,14,0,0,0,14
02/16/2021,SLN,KS,ACE,CE,Federal Contract Tower,2,1,5,0,8,0,0,1,0,1,2,1,6,0,9,0,0,0,9
02/17/2021,SLN,KS,ACE,CE,Federal Contract Tower,4,3,12,0,19,0,104,14,0,118,4,107,26,0,137,158,0,158,295
02/18/2021,SLN,KS,ACE,CE,Federal Contract Tower,10,0,10,5,25,0,128,7,12,147,10,128,17,17,172,172,24,196,368
02/19/2021,SLN,KS,ACE,CE,Federal Contract Tower,4,20,20,6,50,0,117,7,5,129,4,137,27,11,179,90,8,98,277
02/20/2021,SLN,KS,ACE,CE,Federal Contract Tower,1,15,8,4,28,0,65,17,4,86,1,80,25,8,114,128,8,136,250
02/21/2021,SLN,KS,ACE,CE,Federal Contract Tower,7,8,4,0,19,0,0,8,0,8,7,8,12,0,27,8,0,8,35
02/22/2021,SLN,KS,ACE,CE,Federal Contract Tower,4,5,3,7,19,0,94,6,2,102,4,99,9,9,121,106,4,110,231
02/23/2021,SLN,KS,ACE,CE,Federal Contract Tower,3,9,11,0,23,0,128,32,3,163,3,137,43,3,186,192,0,192,378
02/24/2021,SLN,KS,ACE,CE,Federal Contract Tower,4,7,5,3,19,0,132,22,11,165,4,139,27,14,184,185,54,239,423
02/25/2021,SLN,KS,ACE,CE,Federal Contract Tower,4,3,3,2,12,0,121,17,5,143,4,124,20,7,155,200,0,200,355
02/26/2021,SLN,KS,ACE,CE,Federal Contract Tower,5,2,13,8,28,0,102,18,25,145,5,104,31,33,173,118,46,164,337
02/27/2021,SLN,KS,ACE,CE,Federal Contract Tower,1,4,4,3,12,0,8,2,2,12,1,12,6,5,24,16,2,18,42
02/28/2021,SLN,KS,ACE,CE,Federal Contract Tower,4,6,2,4,16,0,0,20,0,20,4,6,22,4,36,10,0,10,46
03/01/2021,SLN,KS,ACE,CE,Federal Contract Tower,6,14,8,0,28,0,129,13,0,142,6,143,21,0,170,188,0,188,358
03/02/2021,SLN,KS,ACE,CE,Federal Contract Tower,2,3,7,5,17,0,116,23,3,142,2,119,30,8,159,144,6,150,309
03/03/2021,SLN,KS,ACE,CE,Federal Contract Tower,4,4,11,3,22,0,143,48,4,195,4,147,59,7,217,352,10,362,579
03/04/2021,SLN,KS,ACE,CE,Federal Contract Tower,5,6,15,6,32,0,107,13,24,144,5,113,28,30,176,174,70,244,420
03/05/2021,SLN,KS,ACE,CE,Federal Contract Tower,6,4,17,29,56,0,108,21,19,148,6,112,38,48,204,164,32,196,400
03/06/2021,SLN,KS,ACE,CE,Federal Contract Tower,2,10,14,6,32,0,78,39,6,123,2,88,53,12,155,226,24,250,405
03/07/2021,SLN,KS,ACE,CE,Federal Contract Tower,5,3,9,0,17,0,1,6,0,7,5,4,15,0,24,6,0,6,30
03/08/2021,SLN,KS,ACE,CE,Federal Contract Tower,4,3,9,9,25,0,77,12,3,92,4,80,21,12,117,124,42,166,283
03/09/2021,SLN,KS,ACE,CE,Federal Contract Tower,2,3,6,15,26,0,61,4,8,73,2,64,10,23,99,48,10,58,157
03/10/2021,SLN,KS,ACE,CE,Federal Contract Tower,4,4,6,7,21,0,22,1,13,36,4,26,7,20,57,50,32,82,139
03/11/2021,SLN,KS,ACE,CE,Federal Contract Tower,4,4,15,7,30,0,155,27,22,204,4,159,42,29,234,262,18,280,514
03/12/2021,SLN,KS,ACE,CE,Federal Contract Tower,4,11,8,0,23,0,9,1,0,10,4,20,9,0,33,14,0,14,47
03/13/2021,SLN,KS,ACE,CE,Federal Contract Tower,2,0,4,2,8,0,0,0,0,0,2,0,4,2,8,0,0,0,8
03/14/2021,SLN,KS,ACE,CE,Federal Contract Tower,3,5,4,0,12,0,1,2,0,3,3,6,6,0,15,12,0,12,27
03/16/2021,SLN,KS,ACE,CE,Federal Contract Tower,2,13,21,4,40,0,51,17,1,69,2,64,38,5,109,120,0,120,229
03/17/2021,SLN,KS,ACE,CE,Federal Contract Tower,4,0,8,2,14,0,0,0,0,0,4,0,8,2,14,0,0,0,14
03/18/2021,SLN,KS,ACE,CE,Federal Contract Tower,4,1,10,4,19,0,95,5,14,114,4,96,15,18,133,206,14,220,353
03/19/2021,SLN,KS,ACE,CE,Federal Contract Tower,4,5,15,5,29,0,144,37,11,192,4,149,52,16,221,220,8,228,449
03/20/2021,SLN,KS,ACE,CE,Federal Contract Tower,5,9,7,0,21,0,79,22,1,102,5,88,29,1,123,218,6,224,347
03/21/2021,SLN,KS,ACE,CE,Federal Contract Tower,4,1,2,0,7,0,0,9,7,16,4,1,11,7,23,4,26,30,53
03/22/2021,SLN,KS,ACE,CE,Federal Contract Tower,4,4,12,0,20,0,6,0,0,6,4,10,12,0,26,14,0,14,40
03/23/2021,SLN,KS,ACE,CE,Federal Contract Tower,2,13,17,1,33,0,16,0,9,25,2,29,17,10,58,70,32,102,160
03/24/2021,SLN,KS,ACE,CE,Federal Contract Tower,4,6,13,3,26,0,101,12,11,124,4,107,25,14,150,218,20,238,388
03/25/2021,SLN,KS,ACE,CE,Federal Contract Tower,3,9,20,0,32,0,80,10,24,114,3,89,30,24,146,184,38,222,368
03/26/2021,SLN,KS,ACE,CE,Federal Contract Tower,4,9,9,8,30,0,107,12,6,125,4,116,21,14,155,118,0,118,273
03/27/2021,SLN,KS,ACE,CE,Federal Contract Tower,3,7,15,3,28,0,28,10,6,44,3,35,25,9,72,22,0,22,94
03/28/2021,SLN,KS,ACE,CE,Federal Contract Tower,4,2,9,0,15,0,2,25,4,31,4,4,34,4,46,2,0,2,48
03/29/2021,SLN,KS,ACE,CE,Federal Contract Tower,4,8,2,0,14,0,34,7,0,41,4,42,9,0,55,18,0,18,73
03/30/2021,SLN,KS,ACE,CE,Federal Contract Tower,2,4,11,6,23,0,105,5,0,110,2,109,16,6,133,78,6,84,217
03/31/2021,SLN,KS,ACE,CE,Federal Contract Tower,4,15,19,6,44,0,177,29,1,207,4,192,48,7,251,356,4,360,611
04/01/2021,SLN,KS,ACE,CE,Federal Contract Tower,5,9,5,0,19,2,154,36,8,200,7,163,41,8,219,306,2,308,527
04/02/2021,SLN,KS,ACE,CE,Federal Contract Tower,4,4,8,6,22,0,36,13,1,50,4,40,21,7,72,56,18,74,146
04/03/2021,SLN,KS,ACE,CE,Federal Contract Tower,2,3,3,0,8,0,88,17,0,105,2,91,20,0,113,232,0,232,345
04/04/2021,SLN,KS,ACE,CE,Federal Contract Tower,4,4,7,0,15,0,4,13,0,17,4,8,20,0,32,28,0,28,60
04/05/2021,SLN,KS,ACE,CE,Federal Contract Tower,4,2,7,1,14,0,84,8,1,93,4,86,15,2,107,106,0,106,213
04/06/2021,SLN,KS,ACE,CE,Federal Contract Tower,2,0,6,11,19,0,36,4,5,45,2,36,10,16,64,78,2,80,144
04/07/2021,SLN,KS,ACE,CE,Federal Contract Tower,4,20,9,6,39,0,7,0,3,10,4,27,9,9,49,40,0,40,89
04/08/2021,SLN,KS,ACE,CE,Federal Contract Tower,5,3,9,10,27,0,101,21,19,141,5,104,30,29,168,168,22,190,358
04/09/2021,SLN,KS,ACE,CE,Federal Contract Tower,4,7,7,5,23,0,141,25,8,174,4,148,32,13,197,224,22,246,443
04/10/2021,SLN,KS,ACE,CE,Federal Contract Tower,2,4,6,0,12,0,75,14,4,93,2,79,20,4,105,252,2,254,359
04/11/2021,SLN,KS,ACE,CE,Federal Contract Tower,4,4,4,0,12,0,2,38,0,40,4,6,42,0,52,22,0,22,74
04/12/2021,SLN,KS,ACE,CE,Federal Contract Tower,7,9,13,0,29,0,172,13,0,185,7,181,26,0,214,362,0,362,576
04/13/2021,SLN,KS,ACE,CE,Federal Contract Tower,2,12,13,2,29,0,154,39,0,193,2,166,52,2,222,378,0,378,600
04/14/2021,SLN,KS,ACE,CE,Federal Contract Tower,5,14,18,8,45,0,174,22,5,201,5,188,40,13,246,320,8,328,574
04/15/2021,SLN,KS,ACE,CE,Federal Contract Tower,5,5,8,1,19,0,132,10,2,144,5,137,18,3,163,228,0,228,391
04/16/2021,SLN,KS,ACE,CE,Federal Contract Tower,4,4,3,0,11,0,0,0,0,0,4,4,3,0,11,0,0,0,11
04/17/2021,SLN,KS,ACE,CE,Federal Contract Tower,2,0,11,0,13,0,16,6,0,22,2,16,17,0,35,86,0,86,121
04/18/2021,SLN,KS,ACE,CE,Federal Contract Tower,4,4,15,0,23,0,6,20,4,30,4,10,35,4,53,2,0,2,55
04/19/2021,SLN,KS,ACE,CE,Federal Contract Tower,4,6,9,6,25,0,86,7,2,95,4,92,16,8,120,194,4,198,318
04/20/2021,SLN,KS,ACE,CE,Federal Contract Tower,2,2,4,2,10,0,94,19,5,118,2,96,23,7,128,258,0,258,386
04/21/2021,SLN,KS,ACE,CE,Federal Contract Tower,4,17,9,3,33,0,160,19,4,183,4,177,28,7,216,322,14,336,552
04/22/2021,SLN,KS,ACE,CE,Federal Contract Tower,4,5,8,0,17,0,102,34,11,147,4,107,42,11,164,198,18,216,380
04/23/2021,SLN,KS,ACE,CE,Federal Contract Tower,6,9,13,0,28,0,12,3,4,19,6,21,16,4,47,102,0,102,149
04/24/2021,SLN,KS,ACE,CE,Federal Contract Tower,2,15,6,0,23,0,95,37,4,136,2,110,43,4,159,262,0,262,421
04/25/2021,SLN,KS,ACE,CE,Federal Contract Tower,4,0,4,0,8,0,0,5,0,5,4,0,9,0,13,0,0,0,13
04/26/2021,SLN,KS,ACE,CE,Federal Contract Tower,5,3,5,0,13,0,63,8,2,73,5,66,13,2,86,66,0,66,152
04/27/2021,SLN,KS,ACE,CE,Federal Contract Tower,2,0,4,7,13,0,95,9,4,108,2,95,13,11,121,138,16,154,275
04/28/2021,SLN,KS,ACE,CE,Federal Contract Tower,5,12,8,0,25,0,6,0,0,6,5,18,8,0,31,30,0,30,61
04/29/2021,SLN,KS,ACE,CE,Federal Contract Tower,5,7,10,6,28,0,147,19,7,173,5,154,29,13,201,300,44,344,545
04/30/2021,SLN,KS,ACE,CE,Federal Contract Tower,4,7,12,9,32,2,95,40,10,147,6,102,52,19,179,200,8,208,387
05/01/2021,SLN,KS,ACE,CE,Federal Contract Tower,3,4,5,0,12,0,21,26,0,47,3,25,31,0,59,38,0,38,97
05/02/2021,SLN,KS,ACE,CE,Federal Contract Tower,5,0,13,0,18,0,1,5,0,6,5,1,18,0,24,6,0,6,30
05/03/2021,SLN,KS,ACE,CE,Federal Contract Tower,5,1,7,3,16,0,82,4,3,89,5,83,11,6,105,130,0,130,235
05/04/2021,SLN,KS,ACE,CE,Federal Contract Tower,2,9,16,5,32,0,94,12,7,113,2,103,28,12,145,162,12,174,319
05/05/2021,SLN,KS,ACE,CE,Federal Contract Tower,6,12,9,9,36,0,104,15,21,140,6,116,24,30,176,226,28,254,430
05/06/2021,SLN,KS,ACE,CE,Federal Contract Tower,4,9,14,1,28,0,148,17,7,172,4,157,31,8,200,300,0,300,500
05/07/2021,SLN,KS,ACE,CE,Federal Contract Tower,4,7,9,3,23,0,87,24,17,128,4,94,33,20,151,148,8,156,307
05/08/2021,SLN,KS,ACE,CE,Federal Contract Tower,2,0,5,0,7,0,9,17,0,26,2,9,22,0,33,6,0,6,39
05/09/2021,SLN,KS,ACE,CE,Federal Contract Tower,4,1,12,0,17,0,0,4,3,7,4,1,16,3,24,10,0,10,34
05/10/2021,SLN,KS,ACE,CE,Federal Contract Tower,4,8,12,1,25,0,105,20,7,132,4,113,32,8,157,208,8,216,373
05/11/2021,SLN,KS,ACE,CE,Federal Contract Tower,7,7,11,11,36,0,87,29,12,128,7,94,40,23,164,230,12,242,406
05/12/2021,SLN,KS,ACE,CE,Federal Contract Tower,4,7,16,8,35,0,103,55,32,190,4,110,71,40,225,216,48,264,489
05/13/2021,SLN,KS,ACE,CE,Federal Contract Tower,4,15,9,4,32,0,111,87,21,219,4,126,96,25,251,184,38,222,473
05/14/2021,SLN,KS,ACE,CE,Federal Contract Tower,4,2,9,7,22,0,37,14,15,66,4,39,23,22,88,152,24,176,264
05/15/2021,SLN,KS,ACE,CE,Federal Contract Tower,2,6,2,0,10,0,5,50,0,55,2,11,52,0,65,22,0,22,87
05/16/2021,SLN,KS,ACE,CE,Federal Contract Tower,6,0,8,3,17,0,0,0,3,3,6,0,8,6,20,0,0,0,20
05/17/2021,SLN,KS,ACE,CE,Federal Contract Tower,6,6,13,1,26,0,18,8,1,27,6,24,21,2,53,78,0,78,131
05/19/2021,SLN,KS,ACE,CE,Federal Contract Tower,5,24,5,0,34,0,38,8,13,59,5,62,13,13,93,72,14,86,179
05/20/2021,SLN,KS,ACE,CE,Federal Contract Tower,5,23,15,0,43,0,29,9,14,52,5,52,24,14,95,62,18,80,175
05/21/2021,SLN,KS,ACE,CE,Federal Contract Tower,4,20,10,5,39,0,43,14,5,62,4,63,24,10,101,128,18,146,247
05/22/2021,SLN,KS,ACE,CE,Federal Contract Tower,3,3,7,0,13,0,4,4,1,9,3,7,11,1,22,0,0,0,22
05/23/2021,SLN,KS,ACE,CE,Federal Contract Tower,4,2,10,0,16,0,1,2,4,7,4,3,12,4,23,0,0,0,23
05/24/2021,SLN,KS,ACE,CE,Federal Contract Tower,6,9,11,2,28,0,55,6,2,63,6,64,17,4,91,106,0,106,197
05/25/2021,SLN,KS,ACE,CE,Federal Contract Tower,2,6,8,0,16,0,61,7,10,78,2,67,15,10,94,118,0,118,212
05/26/2021,SLN,KS,ACE,CE,Federal Contract Tower,4,1,13,0,18,0,90,16,0,106,4,91,29,0,124,156,0,156,280
05/27/2021,SLN,KS,ACE,CE,Federal Contract Tower,4,10,8,5,27,0,76,5,2,83,4,86,13,7,110,176,2,178,288
05/28/2021,SLN,KS,ACE,CE,Federal Contract Tower,8,13,10,0,31,0,91,59,0,150,8,104,69,0,181,218,0,218,399
05/29/2021,SLN,KS,ACE,CE,Federal Contract Tower,2,6,10,0,18,0,8,22,0,30,2,14,32,0,48,44,0,44,92
05/30/2021,SLN,KS,ACE,CE,Federal Contract Tower,4,4,4,0,12,0,0,0,0,0,4,4,4,0,12,0,0,0,12
05/31/2021,SLN,KS,ACE,CE,Federal Contract Tower,4,2,7,0,13,0,0,0,0,0,4,2,7,0,13,0,0,0,13
06/01/2021,SLN,KS,ACE,CE,Federal Contract Tower,2,16,4,13,35,0,31,3,6,40,2,47,7,19,75,92,8,100,175
06/02/2021,SLN,KS,ACE,CE,Federal Contract Tower,4,14,1,2,21,0,155,25,5,185,4,169,26,7,206,262,0,262,468
06/03/2021,SLN,KS,ACE,CE,Federal Contract Tower,4,8,13,11,36,0,126,31,11,168,4,134,44,22,204,212,16,228,432
06/04/2021,SLN,KS,ACE,CE,Federal Contract Tower,4,10,8,11,33,0,122,18,5,145,4,132,26,16,178,194,4,198,376
06/05/2021,SLN,KS,ACE,CE,Federal Contract Tower,5,2,30,2,39,0,0,24,0,24,5,2,54,2,63,14,0,14,77
06/06/2021,SLN,KS,ACE,CE,Federal Contract Tower,4,4,10,0,18,0,3,14,7,24,4,7,24,7,42,4,6,10,52
06/07/2021,SLN,KS,ACE,CE,Federal Contract Tower,4,3,16,0,23,0,113,10,3,126,4,116,26,3,149,168,0,168,317
06/08/2021,SLN,KS,ACE,CE,Federal Contract Tower,6,13,18,4,41,0,91,24,2,117,6,104,42,6,158,186,20,206,364
06/09/2021,SLN,KS,ACE,CE,Federal Contract Tower,8,7,7,2,24,0,123,13,2,138,8,130,20,4,162,146,34,180,342
06/10/2021,SLN,KS,ACE,CE,Federal Contract Tower,4,5,9,1,19,0,115,20,1,136,4,120,29,2,155,174,6,180,335
06/11/2021,SLN,KS,ACE,CE,Federal Contract Tower,4,11,23,0,38,0,74,12,0,86,4,85,35,0,124,144,0,144,268
06/12/2021,SLN,KS,ACE,CE,Federal Contract Tower,4,6,10,0,20,0,2,18,0,20,4,8,28,0,40,28,0,28,68
06/13/2021,SLN,KS,ACE,CE,Federal Contract Tower,4,0,20,1,25,0,0,24,1,25,4,0,44,2,50,6,0,6,56
06/14/2021,SLN,KS,ACE,CE,Federal Contract Tower,5,7,10,1,23,0,123,17,1,141,5,130,27,2,164,164,8,172,336
06/15/2021,SLN,KS,ACE,CE,Federal Contract Tower,5,11,13,0,29,0,142,16,0,158,5,153,29,0,187,166,0,166,353
06/16/2021,SLN,KS,ACE,CE,Federal Contract Tower,4,5,13,1,23,0,136,22,3,161,4,141,35,4,184,196,0,196,380
06/17/2021,SLN,KS,ACE,CE,Federal Contract Tower,4,8,11,8,31,0,0,28,0,28,4,8,39,8,59,0,2,2,61
06/18/2021,SLN,KS,ACE,CE,Federal Contract Tower,4,6,10,0,20,0,80,19,0,99,4,86,29,0,119,88,0,88,207
06/19/2021,SLN,KS,ACE,CE,Federal Contract Tower,4,7,5,0,16,0,2,19,6,27,4,9,24,6,43,22,0,22,65
06/20/2021,SLN,KS,ACE,CE,Federal Contract Tower,4,10,12,0,26,0,6,14,0,20,4,16,26,0,46,0,0,0,46
06/21/2021,SLN,KS,ACE,CE,Federal Contract Tower,8,8,12,2,30,0,94,20,0,114,8,102,32,2,144,128,0,128,272
06/22/2021,SLN,KS,ACE,CE,Federal Contract Tower,7,6,13,0,26,0,77,12,4,93,7,83,25,4,119,92,0,92,211
06/23/2021,SLN,KS,ACE,CE,Federal Contract Tower,4,7,15,2,28,0,90,18,5,113,4,97,33,7,141,266,0,266,407
06/24/2021,SLN,KS,ACE,CE,Federal Contract Tower,6,7,15,1,29,0,86,18,2,106,6,93,33,3,135,168,0,168,303
06/25/2021,SLN,KS,ACE,CE,Federal Contract Tower,4,1,12,0,17,0,85,11,1,97,4,86,23,1,114,144,0,144,258
06/26/2021,SLN,KS,ACE,CE,Federal Contract Tower,6,4,3,2,15,0,0,9,0,9,6,4,12,2,24,0,0,0,24
06/27/2021,SLN,KS,ACE,CE,Federal Contract Tower,4,7,10,2,23,0,0,30,2,32,4,7,40,4,55,30,0,30,85
06/28/2021,SLN,KS,ACE,CE,Federal Contract Tower,6,1,17,5,29,0,106,7,1,114,6,107,24,6,143,140,4,144,287
06/29/2021,SLN,KS,ACE,CE,Federal Contract Tower,5,14,15,4,38,0,73,5,3,81,5,87,20,7,119,186,14,200,319
06/30/2021,SLN,KS,ACE,CE,Federal Contract Tower,4,12,10,8,34,0,52,10,0,62,4,64,20,8,96,102,0,102,198
07/01/2021,SLN,KS,ACE,CE,Federal Contract Tower,4,7,11,6,28,0,92,10,0,102,4,99,21,6,130,164,0,164,294
07/02/2021,SLN,KS,ACE,CE,Federal Contract Tower,3,10,8,0,21,0,76,23,0,99,3,86,31,0,120,160,0,160,280
07/03/2021,SLN,KS,ACE,CE,Federal Contract Tower,4,2,11,0,17,0,2,7,0,9,4,4,18,0,26,0,0,0,26
07/04/2021,SLN,KS,ACE,CE,Federal Contract Tower,5,4,4,0,13,0,2,7,0,9,5,6,11,0,22,0,0,0,22
07/05/2021,SLN,KS,ACE,CE,Federal Contract Tower,4,4,3,0,11,0,2,7,0,9,4,6,10,0,20,0,0,0,20
07/06/2021,SLN,KS,ACE,CE,Federal Contract Tower,4,9,17,2,32,0,109,27,0,136,4,118,44,2,168,270,0,270,438
07/07/2021,SLN,KS,ACE,CE,Federal Contract Tower,5,23,9,4,41,0,80,17,0,97,5,103,26,4,138,148,0,148,286
07/08/2021,SLN,KS,ACE,CE,Federal Contract Tower,4,16,12,2,34,0,123,19,4,146,4,139,31,6,180,196,10,206,386
07/09/2021,SLN,KS,ACE,CE,Federal Contract Tower,4,15,6,1,26,0,87,10,0,97,4,102,16,1,123,152,0,152,275
07/10/2021,SLN,KS,ACE,CE,Federal Contract Tower,4,4,14,0,22,0,0,17,1,18,4,4,31,1,40,42,0,42,82
07/11/2021,SLN,KS,ACE,CE,Federal Contract Tower,4,1,20,3,28,0,0,9,0,9,4,1,29,3,37,28,0,28,65
07/12/2021,SLN,KS,ACE,CE,Federal Contract Tower,4,10,15,1,30,0,96,28,2,126,4,106,43,3,156,278,0,278,434
07/13/2021,SLN,KS,ACE,CE,Federal Contract Tower,4,8,0,0,12,0,82,24,4,110,4,90,24,4,122,156,0,156,278
07/14/2021,SLN,KS,ACE,CE,Federal Contract Tower,4,7,8,5,24,0,86,16,4,106,4,93,24,9,130,140,10,150,280
07/15/2021,SLN,KS,ACE,CE,Federal Contract Tower,4,22,5,0,31,0,48,5,11,64,4,70,10,11,95,146,18,164,259
07/16/2021,SLN,KS,ACE,CE,Federal Contract Tower,4,14,21,11,50,0,27,24,6,57,4,41,45,17,107,54,4,58,165
07/17/2021,SLN,KS,ACE,CE,Federal Contract Tower,4,6,18,0,28,0,1,10,18,29,4,7,28,18,57,18,0,18,75
07/18/2021,SLN,KS,ACE,CE,Federal Contract Tower,4,4,12,0,20,0,0,16,0,16,4,4,28,0,36,24,0,24,60
07/19/2021,SLN,KS,ACE,CE,Federal Contract Tower,4,14,11,14,43,0,100,18,8,126,4,114,29,22,169,258,0,258,427
07/20/2021,SLN,KS,ACE,CE,Federal Contract Tower,4,14,7,0,25,0,113,19,4,136,4,127,26,4,161,204,0,204,365
07/21/2021,SLN,KS,ACE,CE,Federal Contract Tower,4,8,17,6,35,0,102,21,21,144,4,110,38,27,179,248,14,262,441
07/22/2021,SLN,KS,ACE,CE,Federal Contract Tower,6,6,12,0,24,0,81,19,8,108,6,87,31,8,132,132,28,160,292
07/23/2021,SLN,KS,ACE,CE,Federal Contract Tower,3,6,8,6,23,0,66,20,8,94,3,72,28,14,117,224,8,232,349
07/24/2021,SLN,KS,ACE,CE,Federal Contract Tower,4,0,13,0,17,0,8,32,0,40,4,8,45,0,57,100,0,100,157
07/25/2021,SLN,KS,ACE,CE,Federal Contract Tower,4,4,7,0,15,0,3,6,0,9,4,7,13,0,24,38,0,38,62
07/26/2021,SLN,KS,ACE,CE,Federal Contract Tower,6,4,9,2,21,0,51,3,3,57,6,55,12,5,78,174,6,180,258
07/27/2021,SLN,KS,ACE,CE,Federal Contract Tower,4,9,10,1,24,0,102,25,0,127,4,111,35,1,151,146,0,146,297
07/28/2021,SLN,KS,ACE,CE,Federal Contract Tower,4,6,13,5,28,0,101,24,5,130,4,107,37,10,158,138,20,158,316
07/29/2021,SLN,KS,ACE,CE,Federal Contract Tower,5,12,13,1,31,0,90,19,2,111,5,102,32,3,142,110,0,110,252
07/30/2021,SLN,KS,ACE,CE,Federal Contract Tower,4,4,13,7,28,0,69,18,2,89,4,73,31,9,117,126,12,138,255
07/31/2021,SLN,KS,ACE,CE,Federal Contract Tower,4,6,8,0,18,0,5,10,1,16,4,11,18,1,34,0,0,0,34
08/01/2021,SLN,KS,ACE,CE,Federal Contract Tower,4,7,14,0,25,0,8,11,0,19,4,15,25,0,44,32,0,32,76
08/02/2021,SLN,KS,ACE,CE,Federal Contract Tower,6,6,11,9,32,0,85,19,6,110,6,91,30,15,142,252,2,254,396
08/03/2021,SLN,KS,ACE,CE,Federal Contract Tower,5,6,14,2,27,0,63,14,3,80,5,69,28,5,107,188,22,210,317
08/04/2021,SLN,KS,ACE,CE,Federal Contract Tower,4,8,13,2,27,0,76,15,7,98,4,84,28,9,125,128,0,128,253
08/05/2021,SLN,KS,ACE,CE,Federal Contract Tower,4,9,12,8,33,0,71,22,15,108,4,80,34,23,141,132,22,154,295
08/06/2021,SLN,KS,ACE,CE,Federal Contract Tower,4,5,13,4,26,0,58,12,3,73,4,63,25,7,99,86,0,86,185
08/07/2021,SLN,KS,ACE,CE,Federal Contract Tower,4,7,12,0,23,0,0,19,2,21,4,7,31,2,44,2,0,2,46
08/08/2021,SLN,KS,ACE,CE,Federal Contract Tower,4,8,14,0,26,0,3,7,2,12,4,11,21,2,38,22,0,22,60
08/09/2021,SLN,KS,ACE,CE,Federal Contract Tower,5,2,9,0,16,0,59,18,0,77,5,61,27,0,93,108,0,108,201
08/10/2021,SLN,KS,ACE,CE,Federal Contract Tower,3,6,2,2,13,0,47,6,0,53,3,53,8,2,66,84,0,84,150
08/11/2021,SLN,KS,ACE,CE,Federal Contract Tower,3,2,15,1,21,0,82,10,1,93,3,84,25,2,114,150,0,150,264
08/12/2021,SLN,KS,ACE,CE,Federal Contract Tower,4,8,11,0,23,0,41,11,1,53,4,49,22,1,76,138,4,142,218
08/13/2021,SLN,KS,ACE,CE,Federal Contract Tower,4,15,12,20,51,0,46,19,8,73,4,61,31,28,124,120,6,126,250
08/14/2021,SLN,KS,ACE,CE,Federal Contract Tower,4,6,10,4,24,0,1,24,0,25,4,7,34,4,49,20,0,20,69
08/15/2021,SLN,KS,ACE,CE,Federal Contract Tower,4,7,13,0,24,0,2,12,0,14,4,9,25,0,38,0,0,0,38
08/16/2021,SLN,KS,ACE,CE,Federal Contract Tower,4,17,19,0,40,0,64,7,0,71,4,81,26,0,111,136,0,136,247
08/17/2021,SLN,KS,ACE,CE,Federal Contract Tower,4,9,18,4,35,0,67,18,0,85,4,76,36,4,120,196,18,214,334
08/18/2021,SLN,KS,ACE,CE,Federal Contract Tower,4,6,14,6,30,0,19,22,2,43,4,25,36,8,73,80,4,84,157
08/19/2021,SLN,KS,ACE,CE,Federal Contract Tower,4,14,22,6,46,0,9,2,6,17,4,23,24,12,63,4,0,4,67
08/20/2021,SLN,KS,ACE,CE,Federal Contract Tower,5,7,14,0,26,0,39,4,4,47,5,46,18,4,73,122,0,122,195
08/21/2021,SLN,KS,ACE,CE,Federal Contract Tower,4,4,7,0,15,0,8,49,0,57,4,12,56,0,72,52,0,52,124
08/22/2021,SLN,KS,ACE,CE,Federal Contract Tower,4,3,19,0,26,0,2,21,0,23,4,5,40,0,49,30,0,30,79
08/23/2021,SLN,KS,ACE,CE,Federal Contract Tower,6,2,8,3,19,0,55,8,0,63,6,57,16,3,82,102,0,102,184
08/24/2021,SLN,KS,ACE,CE,Federal Contract Tower,4,4,12,5,25,0,61,6,0,67,4,65,18,5,92,92,4,96,188
08/25/2021,SLN,KS,ACE,CE,Federal Contract Tower,5,3,11,7,26,0,81,20,5,106,5,84,31,12,132,218,10,228,360
08/26/2021,SLN,KS,ACE,CE,Federal Contract Tower,4,7,21,2,34,0,73,18,13,104,4,80,39,15,138,120,20,140,278
08/27/2021,SLN,KS,ACE,CE,Federal Contract Tower,4,8,14,5,31,0,82,13,14,109,4,90,27,19,140,96,22,118,258
08/28/2021,SLN,KS,ACE,CE,Federal Contract Tower,4,4,18,0,26,0,46,30,0,76,4,50,48,0,102,30,0,30,132
08/29/2021,SLN,KS,ACE,CE,Federal Contract Tower,4,4,4,0,12,0,0,4,0,4,4,4,8,0,16,0,0,0,16
08/30/2021,SLN,KS,ACE,CE,Federal Contract Tower,5,17,12,0,34,0,112,48,4,164,5,129,60,4,198,232,0,232,430
08/31/2021,SLN,KS,ACE,CE,Federal Contract Tower,5,8,9,2,24,0,115,12,5,132,5,123,21,7,156,148,10,158,314
09/01/2021,SLN,KS,ACE,CE,Federal Contract Tower,3,18,9,7,37,0,120,13,5,138,3,138,22,12,175,138,12,150,325
09/02/2021,SLN,KS,ACE,CE,Federal Contract Tower,4,2,13,0,19,0,85,18,3,106,4,87,31,3,125,82,0,82,207
09/03/2021,SLN,KS,ACE,CE,Federal Contract Tower,8,2,12,0,22,0,74,8,0,82,8,76,20,0,104,86,0,86,190
09/04/2021,SLN,KS,ACE,CE,Federal Contract Tower,4,8,3,0,15,0,21,2,0,23,4,29,5,0,38,26,0,26,64
09/05/2021,SLN,KS,ACE,CE,Federal Contract Tower,4,4,8,0,16,0,2,15,0,17,4,6,23,0,33,22,0,22,55
09/06/2021,SLN,KS,ACE,CE,Federal Contract Tower,4,4,9,0,17,0,7,12,0,19,4,11,21,0,36,10,0,10,46
09/07/2021,SLN,KS,ACE,CE,Federal Contract Tower,5,19,12,2,38,0,129,16,6,151,5,148,28,8,189,147,2,149,338
09/08/2021,SLN,KS,ACE,CE,Federal Contract Tower,4,3,11,11,29,0,141,22,12,175,4,144,33,23,204,160,12,172,376
09/09/2021,SLN,KS,ACE,CE,Federal Contract Tower,4,11,13,8,36,0,113,20,2,135,4,124,33,10,171,150,0,150,321
09/10/2021,SLN,KS,ACE,CE,Federal Contract Tower,4,7,9,13,33,0,123,21,3,147,4,130,30,16,180,148,6,154,334
09/11/2021,SLN,KS,ACE,CE,Federal Contract Tower,4,2,4,5,15,0,42,13,8,63,4,44,17,13,78,92,0,92,170
09/12/2021,SLN,KS,ACE,CE,Federal Contract Tower,4,2,24,0,30,0,0,27,2,29,4,2,51,2,59,0,0,0,59
09/13/2021,SLN,KS,ACE,CE,Federal Contract Tower,4,11,8,2,25,0,110,14,2,126,4,121,22,4,151,216,0,216,367
09/14/2021,SLN,KS,ACE,CE,Federal Contract Tower,4,6,10,0,20,0,83,20,2,105,4,89,30,2,125,118,6,124,249
09/15/2021,SLN,KS,ACE,CE,Federal Contract Tower,4,4,16,2,26,0,107,43,3,153,4,111,59,5,179,90,2,92,271
09/16/2021,SLN,KS,ACE,CE,Federal Contract Tower,4,6,14,0,24,0,103,90,1,194,4,109,104,1,218,36,0,36,254
09/17/2021,SLN,KS,ACE,CE,Federal Contract Tower,5,6,7,4,22,0,89,129,2,220,5,95,136,6,242,0,2,2,244
09/18/2021,SLN,KS,ACE,CE,Federal Contract Tower,4,4,8,0,16,0,33,177,0,210,4,37,185,0,226,0,0,0,226
09/19/2021,SLN,KS,ACE,CE,Federal Contract Tower,4,7,7,1,19,0,3,140,1,144,4,10,147,2,163,0,0,0,163
09/20/2021,SLN,KS,ACE,CE,Federal Contract Tower,4,9,19,0,32,0,61,113,2,176,4,70,132,2,208,8,0,8,216
09/21/2021,SLN,KS,ACE,CE,Federal Contract Tower,4,9,23,0,36,0,122,119,2,243,4,131,142,2,279,46,0,46,325
09/22/2021,SLN,KS,ACE,CE,Federal Contract Tower,4,5,26,0,35,0,150,118,4,272,4,155,144,4,307,28,0,28,335
09/23/2021,SLN,KS,ACE,CE,Federal Contract Tower,7,7,22,1,37,0,125,82,16,223,7,132,104,17,260,26,10,36,296
09/24/2021,SLN,KS,ACE,CE,Federal Contract Tower,4,0,25,2,31,0,96,90,7,193,4,96,115,9,224,30,0,30,254
09/25/2021,SLN,KS,ACE,CE,Federal Contract Tower,4,5,15,0,24,0,60,92,2,154,4,65,107,2,178,116,0,116,294
09/26/2021,SLN,KS,ACE,CE,Federal Contract Tower,4,7,7,0,18,0,2,14,0,16,4,9,21,0,34,14,0,14,48
09/27/2021,SLN,KS,ACE,CE,Federal Contract Tower,5,10,15,3,33,0,112,13,4,129,5,122,28,7,162,240,6,246,408
09/28/2021,SLN,KS,ACE,CE,Federal Contract Tower,5,7,10,0,22,0,130,17,5,152,5,137,27,5,174,198,0,198,372
09/29/2021,SLN,KS,ACE,CE,Federal Contract Tower,4,5,12,0,21,0,58,13,3,74,4,63,25,3,95,130,0,130,225
09/30/2021,SLN,KS,ACE,CE,Federal Contract Tower,4,5,13,0,22,0,32,4,6,42,4,37,17,6,64,110,0,110,174
10/01/2021,SLN,KS,ACE,CE,Federal Contract Tower,4,7,17,0,28,0,63,16,2,81,4,70,33,2,109,176,0,176,285
10/02/2021,SLN,KS,ACE,CE,Federal Contract Tower,4,8,18,3,33,0,43,5,0,48,4,51,23,3,81,88,0,88,169
10/03/2021,SLN,KS,ACE,CE,Federal Contract Tower,7,6,8,1,22,0,7,21,3,31,7,13,29,4,53,10,8,18,71
10/04/2021,SLN,KS,ACE,CE,Federal Contract Tower,4,14,9,0,27,0,138,17,0,155,4,152,26,0,182,274,0,274,456
10/05/2021,SLN,KS,ACE,CE,Federal Contract Tower,4,11,17,0,32,0,147,22,1,170,4,158,39,1,202,246,0,246,448
10/06/2021,SLN,KS,ACE,CE,Federal Contract Tower,4,13,23,5,45,0,73,18,3,94,4,86,41,8,139,180,0,180,319
10/07/2021,SLN,KS,ACE,CE,Federal Contract Tower,5,8,17,11,41,0,135,22,5,162,5,143,39,16,203,262,8,270,473
10/08/2021,SLN,KS,ACE,CE,Federal Contract Tower,4,9,20,0,33,0,131,24,0,155,4,140,44,0,188,272,0,272,460
10/09/2021,SLN,KS,ACE,CE,Federal Contract Tower,4,4,6,0,14,0,58,20,0,78,4,62,26,0,92,164,0,164,256
10/10/2021,SLN,KS,ACE,CE,Federal Contract Tower,5,3,12,0,20,0,2,5,0,7,5,5,17,0,27,26,0,26,53
10/11/2021,SLN,KS,ACE,CE,Federal Contract Tower,4,6,10,2,22,0,99,23,2,124,4,105,33,4,146,226,0,226,372
10/12/2021,SLN,KS,ACE,CE,Federal Contract Tower,3,6,13,0,22,0,52,5,2,59,3,58,18,2,81,142,0,142,223
10/13/2021,SLN,KS,ACE,CE,Federal Contract Tower,6,6,18,5,35,0,91,10,10,111,6,97,28,15,146,188,14,202,348
10/14/2021,SLN,KS,ACE,CE,Federal Contract Tower,4,12,12,13,41,0,123,16,7,146,4,135,28,20,187,302,6,308,495
10/15/2021,SLN,KS,ACE,CE,Federal Contract Tower,4,8,16,2,30,0,82,20,2,104,4,90,36,4,134,250,0,250,384
10/16/2021,SLN,KS,ACE,CE,Federal Contract Tower,4,5,10,4,23,0,35,14,3,52,4,40,24,7,75,148,0,148,223
10/17/2021,SLN,KS,ACE,CE,Federal Contract Tower,4,0,13,2,19,0,6,27,1,34,4,6,40,3,53,56,0,56,109
10/18/2021,SLN,KS,ACE,CE,Federal Contract Tower,7,6,10,0,23,0,47,15,9,71,7,53,25,9,94,114,0,114,208
10/19/2021,SLN,KS,ACE,CE,Federal Contract Tower,4,12,4,1,21,0,65,20,10,95,4,77,24,11,116,114,0,114,230
10/20/2021,SLN,KS,ACE,CE,Federal Contract Tower,4,7,10,2,23,0,68,20,10,98,4,75,30,12,121,122,0,122,243
10/21/2021,SLN,KS,ACE,CE,Federal Contract Tower,3,6,10,7,26,0,95,16,14,125,3,101,26,21,151,268,10,278,429
10/22/2021,SLN,KS,ACE,CE,Federal Contract Tower,3,20,9,10,42,0,103,27,23,153,3,123,36,33,195,194,20,214,409
10/23/2021,SLN,KS,ACE,CE,Federal Contract Tower,4,6,11,2,23,0,32,7,2,41,4,38,18,4,64,120,0,120,184
10/24/2021,SLN,KS,ACE,CE,Federal Contract Tower,3,6,15,6,30,0,1,9,0,10,3,7,24,6,40,0,0,0,40
10/25/2021,SLN,KS,ACE,CE,Federal Contract Tower,5,19,13,5,42,0,36,3,4,43,5,55,16,9,85,68,0,68,153
10/26/2021,SLN,KS,ACE,CE,Federal Contract Tower,3,16,10,8,37,0,33,3,0,36,3,49,13,8,73,102,0,102,175
10/27/2021,SLN,KS,ACE,CE,Federal Contract Tower,5,4,12,0,21,0,0,0,0,0,5,4,12,0,21,0,0,0,21
10/28/2021,SLN,KS,ACE,CE,Federal Contract Tower,4,7,5,0,16,0,14,7,0,21,4,21,12,0,37,14,0,14,51
10/29/2021,SLN,KS,ACE,CE,Federal Contract Tower,4,4,17,10,35,0,115,11,12,138,4,119,28,22,173,132,16,148,321
10/30/2021,SLN,KS,ACE,CE,Federal Contract Tower,4,9,14,0,27,0,86,24,6,116,4,95,38,6,143,168,0,168,311
10/31/2021,SLN,KS,ACE,CE,Federal Contract Tower,4,3,15,0,22,0,0,11,0,11,4,3,26,0,33,6,0,6,39
11/01/2021,SLN,KS,ACE,CE,Federal Contract Tower,6,5,7,0,18,0,117,5,0,122,6,122,12,0,140,90,0,90,230
11/02/2021,SLN,KS,ACE,CE,Federal Contract Tower,4,9,5,0,18,0,121,10,1,132,4,130,15,1,150,168,0,168,318
11/03/2021,SLN,KS,ACE,CE,Federal Contract Tower,4,6,22,7,39,0,59,3,2,64,4,65,25,9,103,238,2,240,343
11/04/2021,SLN,KS,ACE,CE,Federal Contract Tower,3,14,29,1,47,0,67,3,7,77,3,81,32,8,124,196,0,196,320
11/05/2021,SLN,KS,ACE,CE,Federal Contract Tower,4,20,7,0,31,0,75,12,5,92,4,95,19,5,123,112,0,112,235
11/06/2021,SLN,KS,ACE,CE,Federal Contract Tower,4,4,3,6,17,0,78,29,16,123,4,82,32,22,140,144,12,156,296
11/07/2021,SLN,KS,ACE,CE,Federal Contract Tower,4,2,16,6,28,0,3,22,5,30,4,5,38,11,58,10,0,10,68
11/08/2021,SLN,KS,ACE,CE,Federal Contract Tower,4,9,5,2,20,0,142,27,0,169,4,151,32,2,189,310,0,310,499
11/09/2021,SLN,KS,ACE,CE,Federal Contract Tower,4,7,17,2,30,0,107,24,2,133,4,114,41,4,163,276,2,278,441
11/10/2021,SLN,KS,ACE,CE,Federal Contract Tower,6,15,17,2,40,0,6,0,0,6,6,21,17,2,46,0,0,0,46
11/11/2021,SLN,KS,ACE,CE,Federal Contract Tower,5,8,13,0,26,0,94,6,0,100,5,102,19,0,126,124,0,124,250
11/12/2021,SLN,KS,ACE,CE,Federal Contract Tower,4,3,13,0,20,0,48,7,1,56,4,51,20,1,76,36,0,36,112
11/13/2021,SLN,KS,ACE,CE,Federal Contract Tower,4,7,13,0,24,0,61,15,2,78,4,68,28,2,102,132,0,132,234
11/14/2021,SLN,KS,ACE,CE,Federal Contract Tower,5,6,10,2,23,0,4,15,8,27,5,10,25,10,50,14,0,14,64
11/15/2021,SLN,KS,ACE,CE,Federal Contract Tower,4,2,14,0,20,0,144,19,2,165,4,146,33,2,185,298,0,298,483
11/16/2021,SLN,KS,ACE,CE,Federal Contract Tower,3,8,4,5,20,0,135,11,5,151,3,143,15,10,171,86,34,120,291
11/17/2021,SLN,KS,ACE,CE,Federal Contract Tower,4,8,8,2,22,0,89,12,8,109,4,97,20,10,131,142,0,142,273
11/18/2021,SLN,KS,ACE,CE,Federal Contract Tower,4,20,6,0,30,0,105,23,16,144,4,125,29,16,174,146,46,192,366
11/19/2021,SLN,KS,ACE,CE,Federal Contract Tower,4,6,12,5,27,0,35,12,19,66,4,41,24,24,93,66,30,96,189
11/20/2021,SLN,KS,ACE,CE,Federal Contract Tower,4,5,11,4,24,0,30,41,4,75,4,35,52,8,99,60,2,62,161
11/21/2021,SLN,KS,ACE,CE,Federal Contract Tower,4,2,8,3,17,0,5,19,2,26,4,7,27,5,43,18,8,26,69
11/22/2021,SLN,KS,ACE,CE,Federal Contract Tower,4,8,4,0,16,0,78,35,4,117,4,86,39,4,133,154,0,154,287
11/23/2021,SLN,KS,ACE,CE,Federal Contract Tower,4,6,6,3,19,0,47,9,3,59,4,53,15,6,78,92,10,102,180
11/24/2021,SLN,KS,ACE,CE,Federal Contract Tower,4,5,9,1,19,0,2,17,1,20,4,7,26,2,39,10,8,18,57
11/25/2021,SLN,KS,ACE,CE,Federal Contract Tower,1,0,3,0,4,0,1,6,0,7,1,1,9,0,11,0,0,0,11
11/26/2021,SLN,KS,ACE,CE,Federal Contract Tower,3,3,3,0,9,0,4,19,0,23,3,7,22,0,32,6,0,6,38
11/27/2021,SLN,KS,ACE,CE,Federal Contract Tower,4,5,14,0,23,0,5,13,0,18,4,10,27,0,41,6,0,6,47
11/28/2021,SLN,KS,ACE,CE,Federal Contract Tower,4,4,5,0,13,0,4,35,0,39,4,8,40,0,52,0,0,0,52
11/29/2021,SLN,KS,ACE,CE,Federal Contract Tower,4,10,15,2,31,0,144,15,0,159,4,154,30,2,190,226,0,226,416
11/30/2021,SLN,KS,ACE,CE,Federal Contract Tower,4,14,15,0,33,0,110,14,1,125,4,124,29,1,158,274,0,274,432
12/01/2021,SLN,KS,ACE,CE,Federal Contract Tower,4,7,10,0,21,0,131,9,0,140,4,138,19,0,161,242,0,242,403
12/02/2021,SLN,KS,ACE,CE,Federal Contract Tower,4,12,18,0,34,0,114,24,3,141,4,126,42,3,175,258,0,258,433
12/03/2021,SLN,KS,ACE,CE,Federal Contract Tower,3,14,14,2,33,0,83,21,3,107,3,97,35,5,140,186,2,188,328
12/04/2021,SLN,KS,ACE,CE,Federal Contract Tower,4,9,7,1,21,0,56,6,3,65,4,65,13,4,86,98,4,102,188
12/05/2021,SLN,KS,ACE,CE,Federal Contract Tower,3,6,10,2,21,0,3,20,0,23,3,9,30,2,44,24,0,24,68
12/06/2021,SLN,KS,ACE,CE,Federal Contract Tower,5,11,6,6,28,0,100,12,0,112,5,111,18,6,140,210,0,210,350
12/07/2021,SLN,KS,ACE,CE,Federal Contract Tower,4,14,3,11,32,0,106,18,6,130,4,120,21,17,162,218,8,226,388
12/08/2021,SLN,KS,ACE,CE,Federal Contract Tower,5,10,8,0,23,0,112,26,0,138,5,122,34,0,161,210,0,210,371
12/09/2021,SLN,KS,ACE,CE,Federal Contract Tower,4,21,10,6,41,0,83,22,9,114,4,104,32,15,155,172,22,194,349
12/10/2021,SLN,KS,ACE,CE,Federal Contract Tower,6,14,9,2,31,0,59,2,10,71,6,73,11,12,102,65,16,81,183
12/11/2021,SLN,KS,ACE,CE,Federal Contract Tower,4,1,5,5,15,0,56,36,1,93,4,57,41,6,108,146,0,146,254
12/12/2021,SLN,KS,ACE,CE,Federal Contract Tower,3,2,7,0,12,0,5,11,2,18,3,7,18,2,30,0,0,0,30
12/13/2021,SLN,KS,ACE,CE,Federal Contract Tower,4,11,12,3,30,0,108,13,1,122,4,119,25,4,152,224,2,226,378
12/14/2021,SLN,KS,ACE,CE,Federal Contract Tower,4,10,18,7,39,0,75,18,1,94,4,85,36,8,133,152,12,164,297
12/15/2021,SLN,KS,ACE,CE,Federal Contract Tower,3,5,4,1,13,0,3,0,0,3,3,8,4,1,16,2,0,2,18
12/16/2021,SLN,KS,ACE,CE,Federal Contract Tower,1,3,12,2,18,0,25,26,6,57,1,28,38,8,75,46,0,46,121
12/17/2021,SLN,KS,ACE,CE,Federal Contract Tower,5,7,14,5,31,0,1,10,6,17,5,8,24,11,48,10,2,12,60
12/18/2021,SLN,KS,ACE,CE,Federal Contract Tower,4,6,10,1,21,0,1,9,3,13,4,7,19,4,34,0,6,6,40
12/19/2021,SLN,KS,ACE,CE,Federal Contract Tower,4,5,13,0,22,0,2,14,0,16,4,7,27,0,38,0,0,0,38
12/20/2021,SLN,KS,ACE,CE,Federal Contract Tower,4,9,10,0,23,0,89,11,0,100,4,98,21,0,123,180,0,180,303
12/21/2021,SLN,KS,ACE,CE,Federal Contract Tower,3,8,11,6,28,0,65,14,2,81,3,73,25,8,109,142,6,148,257
12/22/2021,SLN,KS,ACE,CE,Federal Contract Tower,5,12,12,0,29,0,61,10,1,72,5,73,22,1,101,86,0,86,187
12/23/2021,SLN,KS,ACE,CE,Federal Contract Tower,4,5,9,0,18,0,24,7,1,32,4,29,16,1,50,56,0,56,106
12/24/2021,SLN,KS,ACE,CE,Federal Contract Tower,4,4,2,0,10,0,2,4,0,6,4,6,6,0,16,0,0,0,16
12/25/2021,SLN,KS,ACE,CE,Federal Contract Tower,4,3,4,0,11,0,0,13,0,13,4,3,17,0,24,0,0,0,24
12/26/2021,SLN,KS,ACE,CE,Federal Contract Tower,4,7,29,0,40,0,3,4,0,7,4,10,33,0,47,0,0,0,47
12/27/2021,SLN,KS,ACE,CE,Federal Contract Tower,4,3,20,0,27,0,0,16,0,16,4,3,36,0,43,12,0,12,55
12/28/2021,SLN,KS,ACE,CE,Federal Contract Tower,3,4,16,0,23,0,0,15,0,15,3,4,31,0,38,14,0,14,52
12/29/2021,SLN,KS,ACE,CE,Federal Contract Tower,4,1,10,2,17,0,2,5,10,17,4,3,15,12,34,10,0,10,44
12/30/2021,SLN,KS,ACE,CE,Federal Contract Tower,4,6,9,1,20,0,6,11,1,18,4,12,20,2,38,2,0,2,40
12/31/2021,SLN,KS,ACE,CE,Federal Contract Tower,4,6,13,0,23,0,0,8,0,8,4,6,21,0,31,4,0,4,35
01/01/2022,SLN,KS,ACE,CE,Federal Contract Tower,3,0,2,0,5,0,0,0,0,0,3,0,2,0,5,0,0,0,5
01/02/2022,SLN,KS,ACE,CE,Federal Contract Tower,2,7,18,0,27,0,2,7,0,9,2,9,25,0,36,0,0,0,36
01/03/2022,SLN,KS,ACE,CE,Federal Contract Tower,1,6,10,0,17,0,40,10,0,50,1,46,20,0,67,34,0,34,101
01/04/2022,SLN,KS,ACE,CE,Federal Contract Tower,3,7,3,2,15,0,49,8,1,58,3,56,11,3,73,64,2,66,139
01/05/2022,SLN,KS,ACE,CE,Federal Contract Tower,4,4,8,0,16,0,55,2,4,61,4,59,10,4,77,94,0,94,171
01/06/2022,SLN,KS,ACE,CE,Federal Contract Tower,3,2,2,0,7,0,12,3,10,25,3,14,5,10,32,14,30,44,76
01/07/2022,SLN,KS,ACE,CE,Federal Contract Tower,3,6,13,2,24,0,49,11,11,71,3,55,24,13,95,68,44,112,207
01/08/2022,SLN,KS,ACE,CE,Federal Contract Tower,3,7,5,4,19,0,0,5,6,11,3,7,10,10,30,0,2,2,32
01/09/2022,SLN,KS,ACE,CE,Federal Contract Tower,3,5,10,0,18,0,2,13,4,19,3,7,23,4,37,4,10,14,51
01/10/2022,SLN,KS,ACE,CE,Federal Contract Tower,4,1,14,2,21,0,62,17,0,79,4,63,31,2,100,94,0,94,194
01/11/2022,SLN,KS,ACE,CE,Federal Contract Tower,4,5,8,0,17,0,56,5,0,61,4,61,13,0,78,26,0,26,104
01/12/2022,SLN,KS,ACE,CE,Federal Contract Tower,7,4,8,1,20,0,76,10,5,91,7,80,18,6,111,144,2,146,257
01/13/2022,SLN,KS,ACE,CE,Federal Contract Tower,4,5,14,12,35,2,67,12,4,85,6,72,26,16,120,96,2,98,218
01/14/2022,SLN,KS,ACE,CE,Federal Contract Tower,4,8,3,0,15,0,31,7,0,38,4,39,10,0,53,70,0,70,123
01/15/2022,SLN,KS,ACE,CE,Federal Contract Tower,4,0,6,0,10,0,0,0,0,0,4,0,6,0,10,0,0,0,10
01/16/2022,SLN,KS,ACE,CE,Federal Contract Tower,4,2,6,0,12,0,3,18,0,21,4,5,24,0,33,10,0,10,43
01/17/2022,SLN,KS,ACE,CE,Federal Contract Tower,4,7,2,0,13,0,3,9,2,14,4,10,11,2,27,8,0,8,35
01/18/2022,SLN,KS,ACE,CE,Federal Contract Tower,4,12,11,4,31,0,59,31,0,90,4,71,42,4,121,164,2,166,287
01/19/2022,SLN,KS,ACE,CE,Federal Contract Tower,3,10,7,4,24,0,42,5,5,52,3,52,12,9,76,56,42,98,174
01/20/2022,SLN,KS,ACE,CE,Federal Contract Tower,3,13,17,4,37,0,47,8,4,59,3,60,25,8,96,46,2,48,144
01/21/2022,SLN,KS,ACE,CE,Federal Contract Tower,5,7,8,0,20,0,64,16,8,88,5,71,24,8,108,126,18,144,252
01/22/2022,SLN,KS,ACE,CE,Federal Contract Tower,4,2,2,0,8,0,37,17,0,54,4,39,19,0,62,32,0,32,94
01/23/2022,SLN,KS,ACE,CE,Federal Contract Tower,5,2,11,2,20,0,2,18,0,20,5,4,29,2,40,4,0,4,44
01/24/2022,SLN,KS,ACE,CE,Federal Contract Tower,4,8,4,4,20,0,97,15,1,113,4,105,19,5,133,118,0,118,251
01/25/2022,SLN,KS,ACE,CE,Federal Contract Tower,4,7,11,1,23,0,69,4,2,75,4,76,15,3,98,174,0,174,272
01/26/2022,SLN,KS,ACE,CE,Federal Contract Tower,4,2,15,16,37,0,108,11,4,123,4,110,26,20,160,134,14,148,308
01/27/2022,SLN,KS,ACE,CE,Federal Contract Tower,4,6,14,1,25,0,106,8,7,121,4,112,22,8,146,132,8,140,286
01/28/2022,SLN,KS,ACE,CE,Federal Contract Tower,4,8,18,1,31,0,126,26,12,164,4,134,44,13,195,158,16,174,369
01/29/2022,SLN,KS,ACE,CE,Federal Contract Tower,4,8,6,2,20,0,52,17,2,71,4,60,23,4,91,48,0,48,139
01/30/2022,SLN,KS,ACE,CE,Federal Contract Tower,10,8,11,0,29,0,3,12,0,15,10,11,23,0,44,12,0,12,56
01/31/2022,SLN,KS,ACE,CE,Federal Contract Tower,4,1,9,1,15,0,129,9,1,139,4,130,18,2,154,132,0,132,286
02/01/2022,SLN,KS,ACE,CE,Federal Contract Tower,4,10,0,4,18,0,70,11,1,82,4,80,11,5,100,98,12,110,210
02/02/2022,SLN,KS,ACE,CE,Federal Contract Tower,3,3,7,0,13,0,0,0,0,0,3,3,7,0,13,0,0,0,13
02/03/2022,SLN,KS,ACE,CE,Federal Contract Tower,7,9,24,4,44,0,75,21,9,105,7,84,45,13,149,94,0,94,243
02/04/2022,SLN,KS,ACE,CE,Federal Contract Tower,6,4,33,0,43,0,114,20,2,136,6,118,53,2,179,116,0,116,295
02/05/2022,SLN,KS,ACE,CE,Federal Contract Tower,10,4,4,0,18,0,59,6,0,65,10,63,10,0,83,80,0,80,163
02/06/2022,SLN,KS,ACE,CE,Federal Contract Tower,5,0,10,0,15,0,1,11,0,12,5,1,21,0,27,6,0,6,33
02/07/2022,SLN,KS,ACE,CE,Federal Contract Tower,4,4,10,8,26,0,119,18,4,141,4,123,28,12,167,156,12,168,335
02/08/2022,SLN,KS,ACE,CE,Federal Contract Tower,4,3,16,0,23,0,100,15,2,117,4,103,31,2,140,116,0,116,256
02/09/2022,SLN,KS,ACE,CE,Federal Contract Tower,4,0,6,0,10,0,144,8,2,154,4,144,14,2,164,188,0,188,352
02/10/2022,SLN,KS,ACE,CE,Federal Contract Tower,4,8,8,2,22,0,103,11,8,122,4,111,19,10,144,174,6,180,324
02/11/2022,SLN,KS,ACE,CE,Federal Contract Tower,3,6,4,0,13,0,66,5,0,71,3,72,9,0,84,92,0,92,176
02/12/2022,SLN,KS,ACE,CE,Federal Contract Tower,4,4,9,0,17,0,76,20,0,96,4,80,29,0,113,112,0,112,225
02/13/2022,SLN,KS,ACE,CE,Federal Contract Tower,4,0,6,2,12,0,3,27,0,30,4,3,33,2,42,14,0,14,56
02/14/2022,SLN,KS,ACE,CE,Federal Contract Tower,4,2,4,3,13,0,138,15,9,162,4,140,19,12,175,202,10,212,387
02/15/2022,SLN,KS,ACE,CE,Federal Contract Tower,4,7,11,9,31,0,56,29,6,91,4,63,40,15,122,44,4,48,170
02/16/2022,SLN,KS,ACE,CE,Federal Contract Tower,4,7,27,0,38,0,137,9,7,153,4,144,36,7,191,186,0,186,377
02/17/2022,SLN,KS,ACE,CE,Federal Contract Tower,5,0,12,0,17,0,61,8,7,76,5,61,20,7,93,128,10,138,231
02/18/2022,SLN,KS,ACE,CE,Federal Contract Tower,4,2,14,1,21,0,98,13,5,116,4,100,27,6,137,128,0,128,265
02/19/2022,SLN,KS,ACE,CE,Federal Contract Tower,4,8,8,0,20,0,76,22,3,101,4,84,30,3,121,128,0,128,249
02/20/2022,SLN,KS,ACE,CE,Federal Contract Tower,6,2,16,0,24,0,2,22,0,24,6,4,38,0,48,16,0,16,64
02/21/2022,SLN,KS,ACE,CE,Federal Contract Tower,4,3,12,0,19,0,130,13,0,143,4,133,25,0,162,158,0,158,320
02/22/2022,SLN,KS,ACE,CE,Federal Contract Tower,4,6,8,1,19,0,40,1,3,44,4,46,9,4,63,72,4,76,139
02/23/2022,SLN,KS,ACE,CE,Federal Contract Tower,3,8,9,4,24,0,125,10,12,147,3,133,19,16,171,150,0,150,321
02/24/2022,SLN,KS,ACE,CE,Federal Contract Tower,7,2,4,0,13,0,0,0,8,8,7,2,4,8,21,0,0,0,21
02/25/2022,SLN,KS,ACE,CE,Federal Contract Tower,3,14,19,8,44,0,148,11,2,161,3,162,30,10,205,174,0,174,379
02/26/2022,SLN,KS,ACE,CE,Federal Contract Tower,3,6,6,1,16,0,70,24,0,94,3,76,30,1,110,154,0,154,264
02/27/2022,SLN,KS,ACE,CE,Federal Contract Tower,4,3,4,6,17,0,0,19,0,19,4,3,23,6,36,2,0,2,38
02/28/2022,SLN,KS,ACE,CE,Federal Contract Tower,7,7,10,0,24,0,126,10,8,144,7,133,20,8,168,186,0,186,354
03/01/2022,SLN,KS,ACE,CE,Federal Contract Tower,5,6,11,3,25,0,101,24,21,146,5,107,35,24,171,142,40,182,353
03/02/2022,SLN,KS,ACE,CE,Federal Contract Tower,6,11,9,8,34,0,94,13,15,122,6,105,22,23,156,166,0,166,322
03/03/2022,SLN,KS,ACE,CE,Federal Contract Tower,4,13,22,12,51,0,73,12,6,91,4,86,34,18,142,92,0,92,234
03/04/2022,SLN,KS,ACE,CE,Federal Contract Tower,3,1,14,3,21,0,59,9,4,72,3,60,23,7,93,70,0,70,163
03/05/2022,SLN,KS,ACE,CE,Federal Contract Tower,6,8,8,1,23,0,7,4,2,13,6,15,12,3,36,4,0,4,40
03/06/2022,SLN,KS,ACE,CE,Federal Contract Tower,4,8,10,4,26,0,0,17,2,19,4,8,27,6,45,8,0,8,53
03/07/2022,SLN,KS,ACE,CE,Federal Contract Tower,4,5,8,4,21,0,72,9,1,82,4,77,17,5,103,88,0,88,191
03/08/2022,SLN,KS,ACE,CE,Federal Contract Tower,3,6,11,6,26,0,113,20,10,143,3,119,31,16,169,254,2,256,425
03/09/2022,SLN,KS,ACE,CE,Federal Contract Tower,10,5,20,3,38,0,153,2,22,177,10,158,22,25,215,268,16,284,499
03/10/2022,SLN,KS,ACE,CE,Federal Contract Tower,4,2,4,4,14,0,1,4,0,5,4,3,8,4,19,0,0,0,19
03/11/2022,SLN,KS,ACE,CE,Federal Contract Tower,13,23,18,6,60,0,133,17,8,158,13,156,35,14,218,160,14,174,392
03/12/2022,SLN,KS,ACE,CE,Federal Contract Tower,4,14,17,6,41,0,22,11,3,36,4,36,28,9,77,46,0,46,123
03/13/2022,SLN,KS,ACE,CE,Federal Contract Tower,5,0,15,4,24,0,0,25,0,25,5,0,40,4,49,4,0,4,53
03/14/2022,SLN,KS,ACE,CE,Federal Contract Tower,6,7,7,4,24,0,77,11,3,91,6,84,18,7,115,152,4,156,271
03/15/2022,SLN,KS,ACE,CE,Federal Contract Tower,2,6,20,3,31,0,65,29,10,104,2,71,49,13,135,160,0,160,295
03/16/2022,SLN,KS,ACE,CE,Federal Contract Tower,4,7,9,18,38,0,47,30,13,90,4,54,39,31,128,102,24,126,254
03/17/2022,SLN,KS,ACE,CE,Federal Contract Tower,1,8,7,2,18,0,30,3,16,49,1,38,10,18,67,46,6,52,119
03/18/2022,SLN,KS,ACE,CE,Federal Contract Tower,3,4,9,0,16,0,10,12,6,28,3,14,21,6,44,10,0,10,54
03/19/2022,SLN,KS,ACE,CE,Federal Contract Tower,4,6,20,0,30,0,11,31,0,42,4,17,51,0,72,56,0,56,128
03/20/2022,SLN,KS,ACE,CE,Federal Contract Tower,4,2,10,0,16,0,2,24,0,26,4,4,34,0,42,20,12,32,74
03/21/2022,SLN,KS,ACE,CE,Federal Contract Tower,6,6,7,1,20,0,35,0,0,35,6,41,7,1,55,98,0,98,153
03/22/2022,SLN,KS,ACE,CE,Federal Contract Tower,2,6,12,0,20,0,0,0,2,2,2,6,12,2,22,0,0,0,22
03/23/2022,SLN,KS,ACE,CE,Federal Contract Tower,4,13,5,0,22,0,72,2,0,74,4,85,7,0,96,74,0,74,170
03/24/2022,SLN,KS,ACE,CE,Federal Contract Tower,2,8,12,5,27,0,105,9,22,136,2,113,21,27,163,272,38,310,473
03/25/2022,SLN,KS,ACE,CE,Federal Contract Tower,3,10,11,7,31,0,140,8,8,156,3,150,19,15,187,246,20,266,453
03/26/2022,SLN,KS,ACE,CE,Federal Contract Tower,4,4,7,0,15,0,56,15,5,76,4,60,22,5,91,98,0,98,189
03/27/2022,SLN,KS,ACE,CE,Federal Contract Tower,4,4,8,0,16,0,8,10,0,18,4,12,18,0,34,0,0,0,34
03/28/2022,SLN,KS,ACE,CE,Federal Contract Tower,4,6,14,5,29,0,98,10,14,122,4,104,24,19,151,158,2,160,311
03/29/2022,SLN,KS,ACE,CE,Federal Contract Tower,2,2,4,0,8,0,41,4,2,47,2,43,8,2,55,92,0,92,147
03/30/2022,SLN,KS,ACE,CE,Federal Contract Tower,4,7,7,4,22,0,49,1,6,56,4,56,8,10,78,58,0,58,136
03/31/2022,SLN,KS,ACE,CE,Federal Contract Tower,1,12,5,6,24,0,115,15,9,139,1,127,20,15,163,244,0,244,407
04/01/2022,SLN,KS,ACE,CE,Federal Contract Tower,5,7,9,1,22,0,105,4,1,110,5,112,13,2,132,150,6,156,288
04/02/2022,SLN,KS,ACE,CE,Federal Contract Tower,3,12,10,10,35,0,50,32,0,82,3,62,42,10,117,188,0,188,305
04/03/2022,SLN,KS,ACE,CE,Federal Contract Tower,5,6,9,0,20,0,0,31,0,31,5,6,40,0,51,12,0,12,63
04/04/2022,SLN,KS,ACE,CE,Federal Contract Tower,6,4,11,3,24,0,101,6,2,109,6,105,17,5,133,22,0,22,155
04/05/2022,SLN,KS,ACE,CE,Federal Contract Tower,6,9,13,3,31,0,51,8,7,66,6,60,21,10,97,34,0,34,131
04/06/2022,SLN,KS,ACE,CE,Federal Contract Tower,6,4,14,0,24,0,26,2,6,34,6,30,16,6,58,10,22,32,90
04/07/2022,SLN,KS,ACE,CE,Federal Contract Tower,6,0,15,2,23,0,4,2,0,6,6,4,17,2,29,2,0,2,31
04/08/2022,SLN,KS,ACE,CE,Federal Contract Tower,6,1,11,5,23,0,44,9,14,67,6,45,20,19,90,22,8,30,120
04/09/2022,SLN,KS,ACE,CE,Federal Contract Tower,6,0,8,0,14,0,75,22,2,99,6,75,30,2,113,78,0,78,191
04/10/2022,SLN,KS,ACE,CE,Federal Contract Tower,6,2,9,0,17,0,2,11,2,15,6,4,20,2,32,2,0,2,34
04/11/2022,SLN,KS,ACE,CE,Federal Contract Tower,6,6,15,0,27,0,126,23,4,153,6,132,38,4,180,72,0,72,252
04/12/2022,SLN,KS,ACE,CE,Federal Contract Tower,4,0,5,0,9,0,0,2,0,2,4,0,7,0,11,0,0,0,11
04/13/2022,SLN,KS,ACE,CE,Federal Contract Tower,6,5,17,1,29,0,107,15,10,132,6,112,32,11,161,20,0,20,181
04/14/2022,SLN,KS,ACE,CE,Federal Contract Tower,7,7,15,2,31,0,129,6,5,140,7,136,21,7,171,52,0,52,223
04/15/2022,SLN,KS,ACE,CE,Federal Contract Tower,6,6,3,1,16,0,102,15,2,119,6,108,18,3,135,48,0,48,183
04/16/2022,SLN,KS,ACE,CE,Federal Contract Tower,7,4,9,1,21,0,24,14,2,40,7,28,23,3,61,12,0,12,73
04/17/2022,SLN,KS,ACE,CE,Federal Contract Tower,6,2,1,0,9,0,0,8,0,8,6,2,9,0,17,24,0,24,41
04/18/2022,SLN,KS,ACE,CE,Federal Contract Tower,6,19,8,0,33,0,146,14,0,160,6,165,22,0,193,96,0,96,289
04/19/2022,SLN,KS,ACE,CE,Federal Contract Tower,6,5,4,3,18,0,95,2,15,112,6,100,6,18,130,48,2,50,180
04/20/2022,SLN,KS,ACE,CE,Federal Contract Tower,7,15,11,0,33,0,58,7,9,74,7,73,18,9,107,64,20,84,191
04/21/2022,SLN,KS,ACE,CE,Federal Contract Tower,6,8,9,0,23,0,19,0,3,22,6,27,9,3,45,30,0,30,75
04/22/2022,SLN,KS,ACE,CE,Federal Contract Tower,6,2,3,0,11,0,4,1,8,13,6,6,4,8,24,10,0,10,34
04/23/2022,SLN,KS,ACE,CE,Federal Contract Tower,6,3,2,0,11,0,4,1,8,13,6,7,3,8,24,0,0,0,24
04/24/2022,SLN,KS,ACE,CE,Federal Contract Tower,6,8,12,0,26,0,3,25,1,29,6,11,37,1,55,26,0,26,81
04/25/2022,SLN,KS,ACE,CE,Federal Contract Tower,6,12,18,1,37,0,138,19,2,159,6,150,37,3,196,80,0,80,276
04/26/2022,SLN,KS,ACE,CE,Federal Contract Tower,6,16,20,2,44,0,117,20,3,140,6,133,40,5,184,38,0,38,222
04/27/2022,SLN,KS,ACE,CE,Federal Contract Tower,6,4,7,0,17,0,39,6,9,54,6,43,13,9,71,19,0,19,90
04/28/2022,SLN,KS,ACE,CE,Federal Contract Tower,6,5,11,0,22,0,76,14,0,90,6,81,25,0,112,118,0,118,230
04/29/2022,SLN,KS,ACE,CE,Federal Contract Tower,6,4,3,0,13,0,23,2,1,26,6,27,5,1,39,44,0,44,83
04/30/2022,SLN,KS,ACE,CE,Federal Contract Tower,6,8,3,0,17,0,24,10,0,34,6,32,13,0,51,60,0,60,111
05/01/2022,SLN,KS,ACE,CE,Federal Contract Tower,6,4,9,0,19,0,6,40,0,46,6,10,49,0,65,84,0,84,149
05/02/2022,SLN,KS,ACE,CE,Federal Contract Tower,11,0,6,2,19,0,0,0,0,0,11,0,6,2,19,0,0,0,19
05/03/2022,SLN,KS,ACE,CE,Federal Contract Tower,7,17,8,6,38,0,97,19,4,120,7,114,27,10,158,270,0,270,428
05/04/2022,SLN,KS,ACE,CE,Federal Contract Tower,6,9,6,1,22,0,14,0,0,14,6,23,6,1,36,86,0,86,122
05/05/2022,SLN,KS,ACE,CE,Federal Contract Tower,6,1,4,0,11,0,0,0,0,0,6,1,4,0,11,0,0,0,11
05/06/2022,SLN,KS,ACE,CE,Federal Contract Tower,6,16,7,5,34,0,55,9,3,67,6,71,16,8,101,120,2,122,223
05/07/2022,SLN,KS,ACE,CE,Federal Contract Tower,6,4,5,0,15,0,19,8,0,27,6,23,13,0,42,54,0,54,96
05/08/2022,SLN,KS,ACE,CE,Federal Contract Tower,6,7,3,0,16,0,0,10,0,10,6,7,13,0,26,8,0,8,34
05/09/2022,SLN,KS,ACE,CE,Federal Contract Tower,5,9,7,4,25,0,107,6,0,113,5,116,13,4,138,138,0,138,276
05/10/2022,SLN,KS,ACE,CE,Federal Contract Tower,6,10,9,0,25,0,93,30,3,126,6,103,39,3,151,233,0,233,384
05/11/2022,SLN,KS,ACE,CE,Federal Contract Tower,6,7,9,5,27,0,79,28,4,111,6,86,37,9,138,176,2,178,316
05/12/2022,SLN,KS,ACE,CE,Federal Contract Tower,4,9,10,1,24,0,65,7,12,84,4,74,17,13,108,142,48,190,298
05/13/2022,SLN,KS,ACE,CE,Federal Contract Tower,7,11,15,2,35,0,73,45,12,130,7,84,60,14,165,114,16,130,295
05/14/2022,SLN,KS,ACE,CE,Federal Contract Tower,5,0,7,0,12,0,32,16,0,48,5,32,23,0,60,66,0,66,126
05/15/2022,SLN,KS,ACE,CE,Federal Contract Tower,6,8,14,0,28,0,2,19,0,21,6,10,33,0,49,34,0,34,83
05/16/2022,SLN,KS,ACE,CE,Federal Contract Tower,6,3,7,4,20,0,97,22,0,119,6,100,29,4,139,186,0,186,325
05/17/2022,SLN,KS,ACE,CE,Federal Contract Tower,6,5,14,1,26,0,75,9,4,88,6,80,23,5,114,102,10,112,226
05/18/2022,SLN,KS,ACE,CE,Federal Contract Tower,5,14,6,10,35,0,122,27,9,158,5,136,33,19,193,242,10,252,445
05/19/2022,SLN,KS,ACE,CE,Federal Contract Tower,6,9,22,13,50,0,66,20,19,105,6,75,42,32,155,192,20,212,367
05/20/2022,SLN,KS,ACE,CE,Federal Contract Tower,6,6,7,2,21,0,69,10,16,95,6,75,17,18,116,120,54,174,290
05/21/2022,SLN,KS,ACE,CE,Federal Contract Tower,6,2,7,0,15,0,6,3,2,11,6,8,10,2,26,8,8,16,42
05/22/2022,SLN,KS,ACE,CE,Federal Contract Tower,6,2,6,0,14,0,0,30,0,30,6,2,36,0,44,24,0,24,68
05/23/2022,SLN,KS,ACE,CE,Federal Contract Tower,5,10,9,2,26,0,67,15,0,82,5,77,24,2,108,174,0,174,282
05/24/2022,SLN,KS,ACE,CE,Federal Contract Tower,5,4,8,0,17,0,0,0,0,0,5,4,8,0,17,0,0,0,17
05/25/2022,SLN,KS,ACE,CE,Federal Contract Tower,6,12,14,0,32,0,0,0,0,0,6,12,14,0,32,0,0,0,32
05/26/2022,SLN,KS,ACE,CE,Federal Contract Tower,6,6,9,13,34,0,41,14,5,60,6,47,23,18,94,92,0,92,186
05/27/2022,SLN,KS,ACE,CE,Federal Contract Tower,6,6,9,0,21,0,101,28,0,129,6,107,37,0,150,204,0,204,354
05/28/2022,SLN,KS,ACE,CE,Federal Contract Tower,5,4,8,0,17,0,18,7,0,25,5,22,15,0,42,22,0,22,64
05/29/2022,SLN,KS,ACE,CE,Federal Contract Tower,5,2,8,0,15,0,2,0,0,2,5,4,8,0,17,0,0,0,17
05/30/2022,SLN,KS,ACE,CE,Federal Contract Tower,9,5,6,0,20,0,0,3,0,3,9,5,9,0,23,12,0,12,35
05/31/2022,SLN,KS,ACE,CE,Federal Contract Tower,5,3,16,8,32,0,106,11,4,121,5,109,27,12,153,190,12,202,355
06/01/2022,SLN,KS,ACE,CE,Federal Contract Tower,8,5,12,9,34,0,82,3,10,95,8,87,15,19,129,138,22,160,289
06/02/2022,SLN,KS,ACE,CE,Federal Contract Tower,6,2,16,9,33,0,122,33,12,167,6,124,49,21,200,256,32,288,488
06/03/2022,SLN,KS,ACE,CE,Federal Contract Tower,6,11,13,7,37,0,126,21,8,155,6,137,34,15,192,184,28,212,404
06/04/2022,SLN,KS,ACE,CE,Federal Contract Tower,6,7,10,0,23,0,18,3,0,21,6,25,13,0,44,42,0,42,86
06/05/2022,SLN,KS,ACE,CE,Federal Contract Tower,5,3,6,4,18,0,7,7,1,15,5,10,13,5,33,12,0,12,45
06/06/2022,SLN,KS,ACE,CE,Federal Contract Tower,7,5,1,7,20,2,77,13,3,95,9,82,14,10,115,146,2,148,263
06/07/2022,SLN,KS,ACE,CE,Federal Contract Tower,6,10,11,2,29,0,92,7,8,107,6,102,18,10,136,176,0,176,312
06/08/2022,SLN,KS,ACE,CE,Federal Contract Tower,6,8,13,11,38,0,89,19,13,121,6,97,32,24,159,168,6,174,333
06/09/2022,SLN,KS,ACE,CE,Federal Contract Tower,9,7,10,9,35,0,58,8,11,77,9,65,18,20,112,148,30,178,290
06/10/2022,SLN,KS,ACE,CE,Federal Contract Tower,5,14,10,9,38,0,70,19,17,106,5,84,29,26,144,244,36,280,424
06/11/2022,SLN,KS,ACE,CE,Federal Contract Tower,6,1,7,2,16,0,26,18,6,50,6,27,25,8,66,60,6,66,132
06/12/2022,SLN,KS,ACE,CE,Federal Contract Tower,5,5,6,4,20,0,1,12,2,15,5,6,18,6,35,22,0,22,57
06/13/2022,SLN,KS,ACE,CE,Federal Contract Tower,7,9,9,6,31,0,8,9,10,27,7,17,18,16,58,10,10,20,78
06/14/2022,SLN,KS,ACE,CE,Federal Contract Tower,3,3,9,4,19,0,21,8,14,43,3,24,17,18,62,28,0,28,90
06/15/2022,SLN,KS,ACE,CE,Federal Contract Tower,6,12,10,13,41,0,87,28,22,137,6,99,38,35,178,174,24,198,376
06/16/2022,SLN,KS,ACE,CE,Federal Contract Tower,7,5,15,2,29,0,92,23,8,123,7,97,38,10,152,162,32,194,346
06/17/2022,SLN,KS,ACE,CE,Federal Contract Tower,6,7,7,4,24,0,65,14,8,87,6,72,21,12,111,116,10,126,237
06/18/2022,SLN,KS,ACE,CE,Federal Contract Tower,6,4,4,0,14,0,18,9,5,32,6,22,13,5,46,58,0,58,104
06/19/2022,SLN,KS,ACE,CE,Federal Contract Tower,6,7,4,0,17,0,3,25,6,34,6,10,29,6,51,18,0,18,69
06/20/2022,SLN,KS,ACE,CE,Federal Contract Tower,5,3,11,0,19,0,50,10,6,66,5,53,21,6,85,82,0,82,167
06/21/2022,SLN,KS,ACE,CE,Federal Contract Tower,5,4,8,7,24,0,58,14,15,87,5,62,22,22,111,136,4,140,251
06/22/2022,SLN,KS,ACE,CE,Federal Contract Tower,6,24,17,12,59,0,23,3,22,48,6,47,20,34,107,48,4,52,159
06/23/2022,SLN,KS,ACE,CE,Federal Contract Tower,6,4,14,4,28,0,23,17,32,72,6,27,31,36,100,40,6,46,146
06/24/2022,SLN,KS,ACE,CE,Federal Contract Tower,5,4,16,3,28,0,47,16,13,76,5,51,32,16,104,104,0,104,208
06/25/2022,SLN,KS,ACE,CE,Federal Contract Tower,6,5,6,7,24,0,23,20,2,45,6,28,26,9,69,106,16,122,191
06/26/2022,SLN,KS,ACE,CE,Federal Contract Tower,6,6,12,3,27,0,0,22,0,22,6,6,34,3,49,10,0,10,59
06/27/2022,SLN,KS,ACE,CE,Federal Contract Tower,5,10,15,11,41,0,53,9,0,62,5,63,24,11,103,172,0,172,275
06/28/2022,SLN,KS,ACE,CE,Federal Contract Tower,5,6,5,6,22,0,87,22,3,112,5,93,27,9,134,121,8,129,263
06/29/2022,SLN,KS,ACE,CE,Federal Contract Tower,6,10,7,27,50,0,86,20,6,112,6,96,27,33,162,126,2,128,290
06/30/2022,SLN,KS,ACE,CE,Federal Contract Tower,5,8,6,3,22,0,61,27,2,90,5,69,33,5,112,102,14,116,228
07/01/2022,SLN,KS,ACE,CE,Federal Contract Tower,6,0,12,2,20,0,63,12,0,75,6,63,24,2,95,110,0,110,205
07/02/2022,SLN,KS,ACE,CE,Federal Contract Tower,6,5,5,0,16,0,18,11,1,30,6,23,16,1,46,52,0,52,98
07/03/2022,SLN,KS,ACE,CE,Federal Contract Tower,6,0,15,0,21,0,0,5,0,5,6,0,20,0,26,6,0,6,32
07/04/2022,SLN,KS,ACE,CE,Federal Contract Tower,6,0,0,0,6,0,0,6,0,6,6,0,6,0,12,0,0,0,12
07/05/2022,SLN,KS,ACE,CE,Federal Contract Tower,5,2,10,5,22,0,46,24,3,73,5,48,34,8,95,54,0,54,149
07/06/2022,SLN,KS,ACE,CE,Federal Contract Tower,6,8,11,3,28,0,52,16,5,73,6,60,27,8,101,70,0,70,171
07/07/2022,SLN,KS,ACE,CE,Federal Contract Tower,6,7,7,0,20,0,97,25,2,124,6,104,32,2,144,294,12,306,450
07/08/2022,SLN,KS,ACE,CE,Federal Contract Tower,5,7,20,0,32,0,68,14,0,82,5,75,34,0,114,166,0,166,280
07/09/2022,SLN,KS,ACE,CE,Federal Contract Tower,6,2,19,0,27,0,45,15,3,63,6,47,34,3,90,84,0,84,174
07/10/2022,SLN,KS,ACE,CE,Federal Contract Tower,5,2,18,10,35,0,0,28,0,28,5,2,46,10,63,10,4,14,77
07/11/2022,SLN,KS,ACE,CE,Federal Contract Tower,6,7,13,1,27,0,100,16,2,118,6,107,29,3,145,154,4,158,303
07/12/2022,SLN,KS,ACE,CE,Federal Contract Tower,4,3,6,4,17,0,117,28,0,145,4,120,34,4,162,206,14,220,382
07/13/2022,SLN,KS,ACE,CE,Federal Contract Tower,4,7,6,0,17,0,92,24,2,118,4,99,30,2,135,40,0,40,175
07/14/2022,SLN,KS,ACE,CE,Federal Contract Tower,4,6,9,2,21,0,80,24,0,104,4,86,33,2,125,34,0,34,159
07/15/2022,SLN,KS,ACE,CE,Federal Contract Tower,3,6,8,0,17,0,75,28,6,109,3,81,36,6,126,54,0,54,180
07/16/2022,SLN,KS,ACE,CE,Federal Contract Tower,5,7,14,0,26,0,34,10,0,44,5,41,24,0,70,42,0,42,112
07/17/2022,SLN,KS,ACE,CE,Federal Contract Tower,4,6,7,0,17,0,0,17,0,17,4,6,24,0,34,10,0,10,44
07/18/2022,SLN,KS,ACE,CE,Federal Contract Tower,5,9,5,1,20,0,73,13,1,87,5,82,18,2,107,92,0,92,199
07/19/2022,SLN,KS,ACE,CE,Federal Contract Tower,4,5,5,3,17,0,75,22,6,103,4,80,27,9,120,106,12,118,238
07/20/2022,SLN,KS,ACE,CE,Federal Contract Tower,5,2,7,0,14,0,68,20,0,88,5,70,27,0,102,124,0,124,226
07/21/2022,SLN,KS,ACE,CE,Federal Contract Tower,4,7,9,1,21,0,53,12,1,66,4,60,21,2,87,42,0,42,129
07/22/2022,SLN,KS,ACE,CE,Federal Contract Tower,4,1,11,0,16,0,57,18,0,75,4,58,29,0,91,46,0,46,137
07/23/2022,SLN,KS,ACE,CE,Federal Contract Tower,4,8,5,0,17,0,17,13,0,30,4,25,18,0,47,14,0,14,61
07/24/2022,SLN,KS,ACE,CE,Federal Contract Tower,4,0,10,0,14,0,0,16,0,16,4,0,26,0,30,6,0,6,36
07/25/2022,SLN,KS,ACE,CE,Federal Contract Tower,4,2,10,0,16,0,22,8,0,30,4,24,18,0,46,18,0,18,64
07/26/2022,SLN,KS,ACE,CE,Federal Contract Tower,4,6,7,1,18,0,19,7,0,26,4,25,14,1,44,26,0,26,70
07/27/2022,SLN,KS,ACE,CE,Federal Contract Tower,4,4,4,0,12,0,26,9,11,46,4,30,13,11,58,34,10,44,102
07/28/2022,SLN,KS,ACE,CE,Federal Contract Tower,4,0,10,0,14,0,39,5,4,48,4,39,15,4,62,94,0,94,156
07/29/2022,SLN,KS,ACE,CE,Federal Contract Tower,3,0,12,0,15,4,23,8,8,43,7,23,20,8,58,36,0,36,94
07/30/2022,SLN,KS,ACE,CE,Federal Contract Tower,4,6,13,0,23,0,19,10,0,29,4,25,23,0,52,14,0,14,66
07/31/2022,SLN,KS,ACE,CE,Federal Contract Tower,4,4,8,0,16,0,1,13,0,14,4,5,21,0,30,2,0,2,32
08/01/2022,SLN,KS,ACE,CE,Federal Contract Tower,4,3,18,4,29,0,60,8,5,73,4,63,26,9,102,52,0,52,154
08/02/2022,SLN,KS,ACE,CE,Federal Contract Tower,4,5,2,2,13,0,50,22,3,75,4,55,24,5,88,50,0,50,138
08/03/2022,SLN,KS,ACE,CE,Federal Contract Tower,4,0,7,0,11,0,35,5,2,42,4,35,12,2,53,40,0,40,93
08/04/2022,SLN,KS,ACE,CE,Federal Contract Tower,4,4,10,0,18,0,60,15,8,83,4,64,25,8,101,80,10,90,191
08/05/2022,SLN,KS,ACE,CE,Federal Contract Tower,4,2,11,0,17,0,35,10,7,52,4,37,21,7,69,70,0,70,139
08/06/2022,SLN,KS,ACE,CE,Federal Contract Tower,4,4,4,2,14,0,7,12,1,20,4,11,16,3,34,8,0,8,42
08/07/2022,SLN,KS,ACE,CE,Federal Contract Tower,4,6,11,0,21,0,0,4,0,4,4,6,15,0,25,0,0,0,25
08/08/2022,SLN,KS,ACE,CE,Federal Contract Tower,2,4,9,0,15,0,33,6,8,47,2,37,15,8,62,80,2,82,144
08/09/2022,SLN,KS,ACE,CE,Federal Contract Tower,4,6,10,0,20,0,72,14,6,92,4,78,24,6,112,84,0,84,196
08/10/2022,SLN,KS,ACE,CE,Federal Contract Tower,4,2,7,1,14,0,60,16,9,85,4,62,23,10,99,92,0,92,191
08/11/2022,SLN,KS,ACE,CE,Federal Contract Tower,4,4,14,0,22,0,71,14,21,106,4,75,28,21,128,84,0,84,212
08/12/2022,SLN,KS,ACE,CE,Federal Contract Tower,4,0,7,0,11,0,47,20,4,71,4,47,27,4,82,42,0,42,124
08/13/2022,SLN,KS,ACE,CE,Federal Contract Tower,4,0,2,0,6,0,11,11,2,24,4,11,13,2,30,28,0,28,58
08/14/2022,SLN,KS,ACE,CE,Federal Contract Tower,4,6,12,6,28,0,0,10,0,10,4,6,22,6,38,0,0,0,38
08/15/2022,SLN,KS,ACE,CE,Federal Contract Tower,4,6,10,0,20,0,0,3,2,5,4,6,13,2,25,0,0,0,25
08/16/2022,SLN,KS,ACE,CE,Federal Contract Tower,4,2,4,0,10,0,10,0,0,10,4,12,4,0,20,16,0,16,36
08/17/2022,SLN,KS,ACE,CE,Federal Contract Tower,4,11,6,2,23,0,56,12,3,71,4,67,18,5,94,120,0,120,214
08/18/2022,SLN,KS,ACE,CE,Federal Contract Tower,4,5,5,0,14,0,32,19,13,64,4,37,24,13,78,52,0,52,130
08/19/2022,SLN,KS,ACE,CE,Federal Contract Tower,4,3,11,0,18,0,16,9,0,25,4,19,20,0,43,36,0,36,79
08/20/2022,SLN,KS,ACE,CE,Federal Contract Tower,4,0,2,0,6,0,30,15,0,45,4,30,17,0,51,34,0,34,85
08/21/2022,SLN,KS,ACE,CE,Federal Contract Tower,4,4,7,2,17,0,0,28,4,32,4,4,35,6,49,28,0,28,77
08/22/2022,SLN,KS,ACE,CE,Federal Contract Tower,4,2,6,0,12,0,30,12,0,42,4,32,18,0,54,36,0,36,90
08/23/2022,SLN,KS,ACE,CE,Federal Contract Tower,4,2,14,0,20,0,54,16,4,74,4,56,30,4,94,42,10,52,146
08/24/2022,SLN,KS,ACE,CE,Federal Contract Tower,4,4,15,0,23,0,53,14,4,71,4,57,29,4,94,44,0,44,138
08/25/2022,SLN,KS,ACE,CE,Federal Contract Tower,4,0,14,0,18,0,82,7,8,97,4,82,21,8,115,116,8,124,239
08/26/2022,SLN,KS,ACE,CE,Federal Contract Tower,4,2,10,0,16,0,69,26,7,102,4,71,36,7,118,76,12,88,206
08/27/2022,SLN,KS,ACE,CE,Federal Contract Tower,4,0,3,0,7,0,21,9,0,30,4,21,12,0,37,20,0,20,57
08/28/2022,SLN,KS,ACE,CE,Federal Contract Tower,4,2,2,0,8,0,2,6,0,8,4,4,8,0,16,0,0,0,16
08/29/2022,SLN,KS,ACE,CE,Federal Contract Tower,4,3,18,10,35,0,74,4,2,80,4,77,22,12,115,80,0,80,195
08/30/2022,SLN,KS,ACE,CE,Federal Contract Tower,4,3,5,1,13,0,120,14,1,135,4,123,19,2,148,134,0,134,282
08/31/2022,SLN,KS,ACE,CE,Federal Contract Tower,4,1,16,6,27,0,106,11,8,125,4,107,27,14,152,86,42,128,280
09/01/2022,SLN,KS,ACE,CE,Federal Contract Tower,4,6,12,3,25,0,101,13,3,117,4,107,25,6,142,98,32,130,272
09/02/2022,SLN,KS,ACE,CE,Federal Contract Tower,4,1,21,0,26,0,64,16,0,80,4,65,37,0,106,108,0,108,214
09/03/2022,SLN,KS,ACE,CE,Federal Contract Tower,4,0,4,4,12,0,51,15,0,66,4,51,19,4,78,92,0,92,170
09/04/2022,SLN,KS,ACE,CE,Federal Contract Tower,4,0,13,0,17,0,1,18,0,19,4,1,31,0,36,4,0,4,40
09/05/2022,SLN,KS,ACE,CE,Federal Contract Tower,4,2,15,0,21,0,4,22,0,26,4,6,37,0,47,38,0,38,85
09/06/2022,SLN,KS,ACE,CE,Federal Contract Tower,4,0,21,9,34,0,110,22,1,133,4,110,43,10,167,174,16,190,357
09/07/2022,SLN,KS,ACE,CE,Federal Contract Tower,4,4,11,5,24,0,103,6,7,116,4,107,17,12,140,174,0,174,314
09/08/2022,SLN,KS,ACE,CE,Federal Contract Tower,4,0,9,10,23,0,106,13,11,130,4,106,22,21,153,118,54,172,325
09/09/2022,SLN,KS,ACE,CE,Federal Contract Tower,4,4,10,7,25,0,92,37,11,140,4,96,47,18,165,164,56,220,385
09/10/2022,SLN,KS,ACE,CE,Federal Contract Tower,4,12,5,0,21,0,2,1,0,3,4,14,6,0,24,4,0,4,28
09/11/2022,SLN,KS,ACE,CE,Federal Contract Tower,6,0,14,2,22,0,10,25,9,44,6,10,39,11,66,38,0,38,104
09/12/2022,SLN,KS,ACE,CE,Federal Contract Tower,8,0,17,18,43,0,104,24,12,140,8,104,41,30,183,68,20,88,271
09/13/2022,SLN,KS,ACE,CE,Federal Contract Tower,7,4,8,1,20,0,98,27,8,133,7,102,35,9,153,104,14,118,271
09/14/2022,SLN,KS,ACE,CE,Federal Contract Tower,4,6,9,1,20,0,73,11,40,124,4,79,20,41,144,76,8,84,228
09/15/2022,SLN,KS,ACE,CE,Federal Contract Tower,7,12,14,6,39,0,70,13,90,173,7,82,27,96,212,126,18,144,356
09/16/2022,SLN,KS,ACE,CE,Federal Contract Tower,4,4,24,0,32,0,99,13,88,200,4,103,37,88,232,76,10,86,318
09/17/2022,SLN,KS,ACE,CE,Federal Contract Tower,4,7,6,0,17,0,24,6,49,79,4,31,12,49,96,16,2,18,114
09/18/2022,SLN,KS,ACE,CE,Federal Contract Tower,4,3,9,0,16,0,28,26,0,54,4,31,35,0,70,18,0,18,88
09/19/2022,SLN,KS,ACE,CE,Federal Contract Tower,5,3,16,5,29,0,107,17,74,198,5,110,33,79,227,114,0,114,341
09/20/2022,SLN,KS,ACE,CE,Federal Contract Tower,5,3,10,6,24,0,105,9,70,184,5,108,19,76,208,156,8,164,372
09/21/2022,SLN,KS,ACE,CE,Federal Contract Tower,4,0,12,2,18,0,47,13,55,115,4,47,25,57,133,64,4,68,201
09/22/2022,SLN,KS,ACE,CE,Federal Contract Tower,6,9,9,10,34,0,83,28,5,116,6,92,37,15,150,140,0,140,290
09/23/2022,SLN,KS,ACE,CE,Federal Contract Tower,8,13,24,12,57,0,64,7,1,72,8,77,31,13,129,148,0,148,277
09/24/2022,SLN,KS,ACE,CE,Federal Contract Tower,4,4,8,0,16,0,81,13,0,94,4,85,21,0,110,130,0,130,240
09/25/2022,SLN,KS,ACE,CE,Federal Contract Tower,4,6,11,0,21,0,13,24,0,37,4,19,35,0,58,14,0,14,72
09/26/2022,SLN,KS,ACE,CE,Federal Contract Tower,4,8,8,1,21,0,121,26,4,151,4,129,34,5,172,190,6,196,368
09/27/2022,SLN,KS,ACE,CE,Federal Contract Tower,4,8,9,3,24,0,102,27,2,131,4,110,36,5,155,180,8,188,343
09/28/2022,SLN,KS,ACE,CE,Federal Contract Tower,5,3,13,4,25,0,111,27,7,145,5,114,40,11,170,138,2,140,310
09/29/2022,SLN,KS,ACE,CE,Federal Contract Tower,4,2,14,5,25,0,101,64,6,171,4,103,78,11,196,80,6,86,282
09/30/2022,SLN,KS,ACE,CE,Federal Contract Tower,3,3,18,1,25,0,103,121,5,229,3,106,139,6,254,62,0,62,316
10/01/2022,SLN,KS,ACE,CE,Federal Contract Tower,5,3,3,0,11,0,45,144,0,189,5,48,147,0,200,84,0,84,284
10/02/2022,SLN,KS,ACE,CE,Federal Contract Tower,4,6,8,1,19,0,25,64,0,89,4,31,72,1,108,28,0,28,136
10/03/2022,SLN,KS,ACE,CE,Federal Contract Tower,4,6,7,4,21,0,0,0,0,0,4,6,7,4,21,44,2,46,67
10/04/2022,SLN,KS,ACE,CE,Federal Contract Tower,6,6,12,8,32,0,91,102,4,197,6,97,114,12,229,58,0,58,287
10/05/2022,SLN,KS,ACE,CE,Federal Contract Tower,4,6,13,3,26,0,115,108,10,233,4,121,121,13,259,68,0,68,327
10/06/2022,SLN,KS,ACE,CE,Federal Contract Tower,4,8,15,1,28,0,126,96,3,225,4,134,111,4,253,88,0,88,341
10/07/2022,SLN,KS,ACE,CE,Federal Contract Tower,4,10,12,2,28,0,51,73,0,124,4,61,85,2,152,70,0,70,222
10/08/2022,SLN,KS,ACE,CE,Federal Contract Tower,7,0,22,0,29,0,68,65,0,133,7,68,87,0,162,192,0,192,354
10/09/2022,SLN,KS,ACE,CE,Federal Contract Tower,4,4,10,0,18,0,32,37,0,69,4,36,47,0,87,26,0,26,113
10/10/2022,SLN,KS,ACE,CE,Federal Contract Tower,4,0,18,0,22,0,109,15,0,124,4,109,33,0,146,246,0,246,392
10/11/2022,SLN,KS,ACE,CE,Federal Contract Tower,4,3,16,6,29,0,37,9,2,48,4,40,25,8,77,102,8,110,187
10/12/2022,SLN,KS,ACE,CE,Federal Contract Tower,5,12,11,3,31,0,118,12,2,132,5,130,23,5,163,178,0,178,341
10/13/2022,SLN,KS,ACE,CE,Federal Contract Tower,7,2,11,3,23,0,74,16,13,103,7,76,27,16,126,200,18,218,344
10/14/2022,SLN,KS,ACE,CE,Federal Contract Tower,5,1,23,5,34,0,57,16,9,82,5,58,39,14,116,174,14,188,304
10/15/2022,SLN,KS,ACE,CE,Federal Contract Tower,4,0,7,2,13,0,104,35,4,143,4,104,42,6,156,308,14,322,478
10/16/2022,SLN,KS,ACE,CE,Federal Contract Tower,4,0,10,8,22,0,43,33,0,76,4,43,43,8,98,308,0,308,406
10/17/2022,SLN,KS,ACE,CE,Federal Contract Tower,4,2,8,5,19,0,135,13,3,151,4,137,21,8,170,64,0,64,234
10/18/2022,SLN,KS,ACE,CE,Federal Contract Tower,4,6,11,0,21,0,133,19,6,158,4,139,30,6,179,54,0,54,233
10/19/2022,SLN,KS,ACE,CE,Federal Contract Tower,4,6,9,5,24,0,106,17,14,137,4,112,26,19,161,72,12,84,245
10/20/2022,SLN,KS,ACE,CE,Federal Contract Tower,4,2,14,3,23,0,111,12,2,125,4,113,26,5,148,38,8,46,194
10/21/2022,SLN,KS,ACE,CE,Federal Contract Tower,4,6,7,5,22,0,124,34,5,163,4,130,41,10,185,62,2,64,249
10/22/2022,SLN,KS,ACE,CE,Federal Contract Tower,4,0,6,1,11,0,42,18,0,60,4,42,24,1,71,150,0,150,221
10/23/2022,SLN,KS,ACE,CE,Federal Contract Tower,4,8,5,1,18,0,1,2,0,3,4,9,7,1,21,0,0,0,21
10/24/2022,SLN,KS,ACE,CE,Federal Contract Tower,4,1,6,0,11,0,76,0,4,80,4,77,6,4,91,84,0,84,175
10/25/2022,SLN,KS,ACE,CE,Federal Contract Tower,4,7,4,0,15,0,111,9,2,122,4,118,13,2,137,130,0,130,267
10/26/2022,SLN,KS,ACE,CE,Federal Contract Tower,6,7,9,0,22,0,125,26,3,154,6,132,35,3,176,144,0,144,320
10/27/2022,SLN,KS,ACE,CE,Federal Contract Tower,5,7,7,2,21,0,37,11,16,64,5,44,18,18,85,98,14,112,197
10/28/2022,SLN,KS,ACE,CE,Federal Contract Tower,4,4,11,2,21,0,103,1,3,107,4,107,12,5,128,216,0,216,344
10/29/2022,SLN,KS,ACE,CE,Federal Contract Tower,4,9,6,0,19,0,53,17,2,72,4,62,23,2,91,168,0,168,259
10/30/2022,SLN,KS,ACE,CE,Federal Contract Tower,4,1,8,2,15,0,16,18,0,34,4,17,26,2,49,96,0,96,145
10/31/2022,SLN,KS,ACE,CE,Federal Contract Tower,5,0,11,0,16,1,105,9,0,115,6,105,20,0,131,252,0,252,383
11/01/2022,SLN,KS,ACE,CE,Federal Contract Tower,5,0,11,1,17,0,108,18,3,129,5,108,29,4,146,170,0,170,316
11/02/2022,SLN,KS,ACE,CE,Federal Contract Tower,4,5,10,26,45,0,10,6,7,23,4,15,16,33,68,6,2,8,76
11/03/2022,SLN,KS,ACE,CE,Federal Contract Tower,4,4,21,0,29,0,2,2,2,6,4,6,23,2,35,6,0,6,41
11/04/2022,SLN,KS,ACE,CE,Federal Contract Tower,4,3,8,0,15,0,0,0,0,0,4,3,8,0,15,0,0,0,15
11/05/2022,SLN,KS,ACE,CE,Federal Contract Tower,2,11,3,0,16,0,46,22,5,73,2,57,25,5,89,218,0,218,307
11/06/2022,SLN,KS,ACE,CE,Federal Contract Tower,4,2,17,0,23,0,32,18,0,50,4,34,35,0,73,120,0,120,193
11/07/2022,SLN,KS,ACE,CE,Federal Contract Tower,4,13,8,3,28,0,102,5,0,107,4,115,13,3,135,214,0,214,349
11/08/2022,SLN,KS,ACE,CE,Federal Contract Tower,4,43,10,3,60,0,0,0,0,0,4,43,10,3,60,0,0,0,60
11/09/2022,SLN,KS,ACE,CE,Federal Contract Tower,4,28,13,8,53,0,3,3,22,28,4,31,16,30,81,14,10,24,105
11/10/2022,SLN,KS,ACE,CE,Federal Contract Tower,4,10,7,0,21,0,97,13,13,123,4,107,20,13,144,266,8,274,418
11/11/2022,SLN,KS,ACE,CE,Federal Contract Tower,4,5,18,1,28,0,108,9,4,121,4,113,27,5,149,256,0,256,405
11/12/2022,SLN,KS,ACE,CE,Federal Contract Tower,4,5,6,0,15,0,82,24,0,106,4,87,30,0,121,258,0,258,379
11/13/2022,SLN,KS,ACE,CE,Federal Contract Tower,4,11,16,3,34,0,20,2,4,26,4,31,18,7,60,52,0,52,112
11/14/2022,SLN,KS,ACE,CE,Federal Contract Tower,4,4,5,0,13,0,32,0,3,35,4,36,5,3,48,94,0,94,142
11/15/2022,SLN,KS,ACE,CE,Federal Contract Tower,4,12,8,7,31,0,100,23,7,130,4,112,31,14,161,172,0,172,333
11/16/2022,SLN,KS,ACE,CE,Federal Contract Tower,6,5,12,4,27,0,125,20,19,164,6,130,32,23,191,230,6,236,427
11/17/2022,SLN,KS,ACE,CE,Federal Contract Tower,4,6,14,4,28,0,50,36,18,104,4,56,50,22,132,250,20,270,402
11/18/2022,SLN,KS,ACE,CE,Federal Contract Tower,5,11,5,3,24,0,82,17,19,118,5,93,22,22,142,192,4,196,338
11/19/2022,SLN,KS,ACE,CE,Federal Contract Tower,4,6,5,4,19,0,32,18,2,52,4,38,23,6,71,90,0,90,161
11/20/2022,SLN,KS,ACE,CE,Federal Contract Tower,4,4,6,2,16,0,3,16,6,25,4,7,22,8,41,24,0,24,65
11/21/2022,SLN,KS,ACE,CE,Federal Contract Tower,4,11,10,3,28,0,32,24,0,56,4,43,34,3,84,158,0,158,242
11/22/2022,SLN,KS,ACE,CE,Federal Contract Tower,4,4,17,2,27,0,33,38,4,75,4,37,55,6,102,92,8,100,202
11/23/2022,SLN,KS,ACE,CE,Federal Contract Tower,4,4,9,0,17,0,11,12,2,25,4,15,21,2,42,24,0,24,66
11/24/2022,SLN,KS,ACE,CE,Federal Contract Tower,4,0,4,0,8,0,0,2,0,2,4,0,6,0,10,4,0,4,14
11/25/2022,SLN,KS,ACE,CE,Federal Contract Tower,4,10,0,0,14,0,1,23,0,24,4,11,23,0,38,8,0,8,46
11/26/2022,SLN,KS,ACE,CE,Federal Contract Tower,6,8,14,0,28,0,0,3,0,3,6,8,17,0,31,0,0,0,31
11/27/2022,SLN,KS,ACE,CE,Federal Contract Tower,4,2,3,0,9,0,0,8,0,8,4,2,11,0,17,0,0,0,17
11/28/2022,SLN,KS,ACE,CE,Federal Contract Tower,4,13,8,13,38,0,70,6,23,99,4,83,14,36,137,110,20,130,267
11/29/2022,SLN,KS,ACE,CE,Federal Contract Tower,4,6,12,0,22,0,6,0,5,11,4,12,12,5,33,14,0,14,47
11/30/2022,SLN,KS,ACE,CE,Federal Contract Tower,4,20,10,3,37,0,107,41,11,159,4,127,51,14,196,168,0,168,364
12/01/2022,SLN,KS,ACE,CE,Federal Contract Tower,4,6,10,7,27,0,20,4,16,40,4,26,14,23,67,20,43,63,130
12/02/2022,SLN,KS,ACE,CE,Federal Contract Tower,5,5,10,24,44,0,1,1,14,16,5,6,11,38,60,0,16,16,76
12/03/2022,SLN,KS,ACE,CE,Federal Contract Tower,5,12,11,2,30,0,71,36,2,109,5,83,47,4,139,164,0,164,303
12/04/2022,SLN,KS,ACE,CE,Federal Contract Tower,4,6,6,0,16,0,19,13,4,36,4,25,19,4,52,50,4,54,106
12/05/2022,SLN,KS,ACE,CE,Federal Contract Tower,4,12,6,10,32,0,98,23,8,129,4,110,29,18,161,170,6,176,337
12/06/2022,SLN,KS,ACE,CE,Federal Contract Tower,4,5,11,28,48,0,63,15,4,82,4,68,26,32,130,176,64,240,370
12/07/2022,SLN,KS,ACE,CE,Federal Contract Tower,4,3,20,14,41,0,67,19,11,97,4,70,39,25,138,126,14,140,278
12/08/2022,SLN,KS,ACE,CE,Federal Contract Tower,6,4,7,2,19,0,0,0,0,0,6,4,7,2,19,0,0,0,19
12/09/2022,SLN,KS,ACE,CE,Federal Contract Tower,4,12,10,7,33,0,41,11,2,54,4,53,21,9,87,102,4,106,193
12/10/2022,SLN,KS,ACE,CE,Federal Contract Tower,4,12,8,5,29,0,38,16,2,56,4,50,24,7,85,104,0,104,189
12/11/2022,SLN,KS,ACE,CE,Federal Contract Tower,4,6,17,2,29,0,15,7,0,22,4,21,24,2,51,30,8,38,89
12/12/2022,SLN,KS,ACE,CE,Federal Contract Tower,4,2,0,5,11,0,0,0,0,0,4,2,0,5,11,0,0,0,11
12/13/2022,SLN,KS,ACE,CE,Federal Contract Tower,4,7,8,10,29,0,8,8,1,17,4,15,16,11,46,12,10,22,68
12/14/2022,SLN,KS,ACE,CE,Federal Contract Tower,6,0,3,8,17,0,35,9,9,53,6,35,12,17,70,62,0,62,132
12/15/2022,SLN,KS,ACE,CE,Federal Contract Tower,4,9,6,0,19,0,20,11,16,47,4,29,17,16,66,54,12,66,132
12/16/2022,SLN,KS,ACE,CE,Federal Contract Tower,4,6,9,5,24,0,41,4,13,58,4,47,13,18,82,62,36,98,180
12/17/2022,SLN,KS,ACE,CE,Federal Contract Tower,7,3,8,0,18,0,67,16,4,87,7,70,24,4,105,176,10,186,291
12/18/2022,SLN,KS,ACE,CE,Federal Contract Tower,6,7,14,0,27,0,19,29,0,48,6,26,43,0,75,72,0,72,147
12/19/2022,SLN,KS,ACE,CE,Federal Contract Tower,3,2,2,6,13,0,16,14,4,34,3,18,16,10,47,48,0,48,95
12/20/2022,SLN,KS,ACE,CE,Federal Contract Tower,4,5,9,0,18,0,0,11,0,11,4,5,20,0,29,0,0,0,29
12/21/2022,SLN,KS,ACE,CE,Federal Contract Tower,4,2,8,0,14,0,0,0,0,0,4,2,8,0,14,0,0,0,14
12/22/2022,SLN,KS,ACE,CE,Federal Contract Tower,0,2,5,0,7,0,0,0,0,0,0,2,5,0,7,0,0,0,7
12/23/2022,SLN,KS,ACE,CE,Federal Contract Tower,2,0,12,0,14,0,0,14,0,14,2,0,26,0,28,0,0,0,28
12/24/2022,SLN,KS,ACE,CE,Federal Contract Tower,4,7,3,0,14,0,1,18,0,19,4,8,21,0,33,0,0,0,33
12/25/2022,SLN,KS,ACE,CE,Federal Contract Tower,4,4,2,0,10,0,0,6,0,6,4,4,8,0,16,0,0,0,16
12/26/2022,SLN,KS,ACE,CE,Federal Contract Tower,6,2,6,0,14,0,0,3,0,3,6,2,9,0,17,0,0,0,17
12/27/2022,SLN,KS,ACE,CE,Federal Contract Tower,6,8,19,4,37,0,2,9,4,15,6,10,28,8,52,6,0,6,58
12/28/2022,SLN,KS,ACE,CE,Federal Contract Tower,4,6,11,12,33,0,0,7,7,14,4,6,18,19,47,0,36,36,83
12/29/2022,SLN,KS,ACE,CE,Federal Contract Tower,4,12,6,0,22,0,0,10,16,26,4,12,16,16,48,6,0,6,54
12/30/2022,SLN,KS,ACE,CE,Federal Contract Tower,4,5,6,0,15,0,2,28,0,30,4,7,34,0,45,4,0,4,49
12/31/2022,SLN,KS,ACE,CE,Federal Contract Tower,6,0,7,0,13,0,0,16,0,16,6,0,23,0,29,0,0,0,29
01/01/2023,SLN,KS,ACE,CE,Federal Contract Tower,4,0,7,0,11,0,1,6,0,7,4,1,13,0,18,0,0,0,18
01/02/2023,SLN,KS,ACE,CE,Federal Contract Tower,2,2,4,0,8,0,0,0,0,0,2,2,4,0,8,0,0,0,8
01/03/2023,SLN,KS,ACE,CE,Federal Contract Tower,6,2,17,0,25,0,5,6,0,11,6,7,23,0,36,22,0,22,58
01/04/2023,SLN,KS,ACE,CE,Federal Contract Tower,4,15,8,8,35,0,78,19,19,116,4,93,27,27,151,186,30,216,367
01/05/2023,SLN,KS,ACE,CE,Federal Contract Tower,4,3,5,1,13,0,67,17,20,104,4,70,22,21,117,134,72,206,323
01/06/2023,SLN,KS,ACE,CE,Federal Contract Tower,4,0,5,14,23,0,86,22,13,121,4,86,27,27,144,186,34,220,364
01/07/2023,SLN,KS,ACE,CE,Federal Contract Tower,4,2,4,2,12,0,5,16,10,31,4,7,20,12,43,58,2,60,103
01/08/2023,SLN,KS,ACE,CE,Federal Contract Tower,4,8,7,0,19,0,6,35,0,41,4,14,42,0,60,40,0,40,100
01/09/2023,SLN,KS,ACE,CE,Federal Contract Tower,4,4,12,2,22,0,58,20,1,79,4,62,32,3,101,116,24,140,241
01/10/2023,SLN,KS,ACE,CE,Federal Contract Tower,4,6,9,2,21,0,64,18,6,88,4,70,27,8,109,162,0,162,271
01/11/2023,SLN,KS,ACE,CE,Federal Contract Tower,2,7,2,2,13,0,90,28,12,130,2,97,30,14,143,204,0,204,347
01/12/2023,SLN,KS,ACE,CE,Federal Contract Tower,6,4,12,11,33,0,19,7,8,34,6,23,19,19,67,62,20,82,149
01/13/2023,SLN,KS,ACE,CE,Federal Contract Tower,4,2,15,0,21,0,4,9,0,13,4,6,24,0,34,4,0,4,38
01/14/2023,SLN,KS,ACE,CE,Federal Contract Tower,4,6,4,0,14,0,9,8,0,17,4,15,12,0,31,28,0,28,59
01/15/2023,SLN,KS,ACE,CE,Federal Contract Tower,4,0,9,0,13,0,3,8,0,11,4,3,17,0,24,14,0,14,38
01/16/2023,SLN,KS,ACE,CE,Federal Contract Tower,4,2,14,0,20,0,12,12,0,24,4,14,26,0,44,22,0,22,66
01/17/2023,SLN,KS,ACE,CE,Federal Contract Tower,6,1,10,0,17,0,6,4,0,10,6,7,14,0,27,14,0,14,41
01/18/2023,SLN,KS,ACE,CE,Federal Contract Tower,4,2,5,0,11,0,0,0,0,0,4,2,5,0,11,0,0,0,11
01/19/2023,SLN,KS,ACE,CE,Federal Contract Tower,4,8,16,2,30,0,62,3,15,80,4,70,19,17,110,178,2,180,290
01/20/2023,SLN,KS,ACE,CE,Federal Contract Tower,4,4,10,17,35,0,127,30,16,173,4,131,40,33,208,274,26,300,508
01/21/2023,SLN,KS,ACE,CE,Federal Contract Tower,2,3,0,0,5,0,0,0,0,0,2,3,0,0,5,0,0,0,5
01/22/2023,SLN,KS,ACE,CE,Federal Contract Tower,4,0,7,0,11,0,31,3,0,34,4,31,10,0,45,92,0,92,137
01/23/2023,SLN,KS,ACE,CE,Federal Contract Tower,4,2,20,6,32,0,123,26,5,154,4,125,46,11,186,180,0,180,366
01/24/2023,SLN,KS,ACE,CE,Federal Contract Tower,4,4,3,2,13,0,8,5,2,15,4,12,8,4,28,14,0,14,42
01/25/2023,SLN,KS,ACE,CE,Federal Contract Tower,4,3,13,2,22,0,86,6,6,98,4,89,19,8,120,162,6,168,288
01/26/2023,SLN,KS,ACE,CE,Federal Contract Tower,4,2,9,0,15,0,145,16,10,171,4,147,25,10,186,296,0,296,482
01/27/2023,SLN,KS,ACE,CE,Federal Contract Tower,5,1,11,2,19,0,150,22,26,198,5,151,33,28,217,198,18,216,433
01/28/2023,SLN,KS,ACE,CE,Federal Contract Tower,2,4,7,0,13,0,62,16,2,80,2,66,23,2,93,118,0,118,211
01/29/2023,SLN,KS,ACE,CE,Federal Contract Tower,6,4,16,0,26,0,15,0,0,15,6,19,16,0,41,4,0,4,45
01/30/2023,SLN,KS,ACE,CE,Federal Contract Tower,2,11,6,0,19,0,70,2,7,79,2,81,8,7,98,98,0,98,196
01/31/2023,SLN,KS,ACE,CE,Federal Contract Tower,6,2,8,6,22,0,144,16,10,170,6,146,24,16,192,152,44,196,388
02/01/2023,SLN,KS,ACE,CE,Federal Contract Tower,4,2,21,5,32,0,118,16,9,143,4,120,37,14,175,92,30,122,297
02/02/2023,SLN,KS,ACE,CE,Federal Contract Tower,4,4,6,12,26,0,128,20,23,171,4,132,26,35,197,118,10,128,325
02/03/2023,SLN,KS,ACE,CE,Federal Contract Tower,10,4,10,1,25,0,139,22,14,175,10,143,32,15,200,204,20,224,424
02/04/2023,SLN,KS,ACE,CE,Federal Contract Tower,4,0,10,4,18,0,82,13,7,102,4,82,23,11,120,128,12,140,260
02/05/2023,SLN,KS,ACE,CE,Federal Contract Tower,4,2,10,0,16,0,33,31,0,64,4,35,41,0,80,100,0,100,180
02/06/2023,SLN,KS,ACE,CE,Federal Contract Tower,4,4,9,7,24,0,55,12,1,68,4,59,21,8,92,52,0,52,144
02/08/2023,SLN,KS,ACE,CE,Federal Contract Tower,8,2,8,6,24,0,126,23,12,161,8,128,31,18,185,258,30,288,473
02/09/2023,SLN,KS,ACE,CE,Federal Contract Tower,4,6,12,0,22,0,48,11,10,69,4,54,23,10,91,70,0,70,161
02/10/2023,SLN,KS,ACE,CE,Federal Contract Tower,4,7,6,11,28,0,139,29,7,175,4,146,35,18,203,242,16,258,461
02/11/2023,SLN,KS,ACE,CE,Federal Contract Tower,4,6,4,0,14,0,94,19,1,114,4,100,23,1,128,210,0,210,338
02/12/2023,SLN,KS,ACE,CE,Federal Contract Tower,4,0,5,0,9,0,37,10,0,47,4,37,15,0,56,66,0,66,122
02/13/2023,SLN,KS,ACE,CE,Federal Contract Tower,5,4,14,11,34,0,116,28,11,155,5,120,42,22,189,198,0,198,387
02/14/2023,SLN,KS,ACE,CE,Federal Contract Tower,4,3,9,0,16,0,7,0,5,12,4,10,9,5,28,8,8,16,44
02/15/2023,SLN,KS,ACE,CE,Federal Contract Tower,4,8,5,3,20,0,10,4,6,20,4,18,9,9,40,62,2,64,104
02/16/2023,SLN,KS,ACE,CE,Federal Contract Tower,4,2,16,0,22,0,0,3,7,10,4,2,19,7,32,0,8,8,40
02/17/2023,SLN,KS,ACE,CE,Federal Contract Tower,5,8,10,1,24,0,137,20,26,183,5,145,30,27,207,190,40,230,437
02/18/2023,SLN,KS,ACE,CE,Federal Contract Tower,4,4,8,0,16,0,19,8,2,29,4,23,16,2,45,54,0,54,99
02/19/2023,SLN,KS,ACE,CE,Federal Contract Tower,4,2,6,0,12,0,62,25,0,87,4,64,31,0,99,130,0,130,229
02/20/2023,SLN,KS,ACE,CE,Federal Contract Tower,4,8,9,0,21,0,121,24,0,145,4,129,33,0,166,38,0,38,204
02/21/2023,SLN,KS,ACE,CE,Federal Contract Tower,4,0,16,1,21,0,127,9,4,140,4,127,25,5,161,158,4,162,323
02/22/2023,SLN,KS,ACE,CE,Federal Contract Tower,5,8,8,12,33,0,7,0,2,9,5,15,8,14,42,26,10,36,78
02/23/2023,SLN,KS,ACE,CE,Federal Contract Tower,6,5,7,29,47,0,118,13,16,147,6,123,20,45,194,167,2,169,363
02/24/2023,SLN,KS,ACE,CE,Federal Contract Tower,5,5,26,2,38,0,121,14,0,135,5,126,40,2,173,184,0,184,357
02/25/2023,SLN,KS,ACE,CE,Federal Contract Tower,4,0,6,0,10,0,52,29,5,86,4,52,35,5,96,122,0,122,218
02/26/2023,SLN,KS,ACE,CE,Federal Contract Tower,6,4,6,0,16,0,16,5,0,21,6,20,11,0,37,62,0,62,99
02/27/2023,SLN,KS,ACE,CE,Federal Contract Tower,4,4,7,4,19,0,70,7,6,83,4,74,14,10,102,150,2,152,254
02/28/2023,SLN,KS,ACE,CE,Federal Contract Tower,4,7,5,1,17,0,147,15,2,164,4,154,20,3,181,300,2,302,483
03/01/2023,SLN,KS,ACE,CE,Federal Contract Tower,3,6,11,3,23,0,113,14,16,143,3,119,25,19,166,218,8,226,392
03/02/2023,SLN,KS,ACE,CE,Federal Contract Tower,4,5,10,3,22,0,95,9,18,122,4,100,19,21,144,216,42,258,402
03/03/2023,SLN,KS,ACE,CE,Federal Contract Tower,4,4,9,3,20,0,122,18,2,142,4,126,27,5,162,212,30,242,404
03/04/2023,SLN,KS,ACE,CE,Federal Contract Tower,4,7,10,0,21,0,98,22,12,132,4,105,32,12,153,304,0,304,457
03/05/2023,SLN,KS,ACE,CE,Federal Contract Tower,4,8,4,1,17,0,28,6,3,37,4,36,10,4,54,38,0,38,92
03/06/2023,SLN,KS,ACE,CE,Federal Contract Tower,4,1,7,14,26,0,92,12,6,110,4,93,19,20,136,182,14,196,332
03/07/2023,SLN,KS,ACE,CE,Federal Contract Tower,4,2,4,1,11,0,41,3,5,49,4,43,7,6,60,148,0,148,208
03/08/2023,SLN,KS,ACE,CE,Federal Contract Tower,4,5,0,2,11,0,0,0,4,4,4,5,0,6,15,0,0,0,15
03/09/2023,SLN,KS,ACE,CE,Federal Contract Tower,4,5,5,2,16,0,25,0,0,25,4,30,5,2,41,46,0,46,87
03/10/2023,SLN,KS,ACE,CE,Federal Contract Tower,5,6,8,4,23,0,71,15,4,90,5,77,23,8,113,208,6,214,327
03/11/2023,SLN,KS,ACE,CE,Federal Contract Tower,4,0,2,0,6,0,0,0,0,0,4,0,2,0,6,0,0,0,6
03/12/2023,SLN,KS,ACE,CE,Federal Contract Tower,8,8,12,0,28,0,11,20,0,31,8,19,32,0,59,32,0,32,91
03/13/2023,SLN,KS,ACE,CE,Federal Contract Tower,5,9,10,7,31,0,65,16,4,85,5,74,26,11,116,154,28,182,298
03/14/2023,SLN,KS,ACE,CE,Federal Contract Tower,4,4,8,6,22,0,52,18,6,76,4,56,26,12,98,66,0,66,164
03/15/2023,SLN,KS,ACE,CE,Federal Contract Tower,5,0,14,6,25,0,0,3,15,18,5,0,17,21,43,0,4,4,47
03/16/2023,SLN,KS,ACE,CE,Federal Contract Tower,6,2,21,4,33,0,0,0,7,7,6,2,21,11,40,0,22,22,62
03/17/2023,SLN,KS,ACE,CE,Federal Contract Tower,4,2,8,1,15,0,43,9,5,57,4,45,17,6,72,110,20,130,202
03/18/2023,SLN,KS,ACE,CE,Federal Contract Tower,4,2,16,7,29,0,3,14,4,21,4,5,30,11,50,6,12,18,68
03/19/2023,SLN,KS,ACE,CE,Federal Contract Tower,4,2,6,0,12,0,2,15,0,17,4,4,21,0,29,18,0,18,47
03/20/2023,SLN,KS,ACE,CE,Federal Contract Tower,4,0,6,2,12,0,13,6,4,23,4,13,12,6,35,18,0,18,53
03/21/2023,SLN,KS,ACE,CE,Federal Contract Tower,5,2,22,17,46,0,80,7,5,92,5,82,29,22,138,200,0,200,338
03/22/2023,SLN,KS,ACE,CE,Federal Contract Tower,5,3,17,9,34,0,1,2,1,4,5,4,19,10,38,0,0,0,38
03/23/2023,SLN,KS,ACE,CE,Federal Contract Tower,4,6,8,14,32,0,88,12,3,103,4,94,20,17,135,140,16,156,291
03/24/2023,SLN,KS,ACE,CE,Federal Contract Tower,3,7,9,6,25,0,85,7,7,99,3,92,16,13,124,200,0,200,324
03/25/2023,SLN,KS,ACE,CE,Federal Contract Tower,5,1,10,2,18,0,95,10,4,109,5,96,20,6,127,266,0,266,393
03/26/2023,SLN,KS,ACE,CE,Federal Contract Tower,6,6,4,3,19,0,10,0,0,10,6,16,4,3,29,42,0,42,71
03/27/2023,SLN,KS,ACE,CE,Federal Contract Tower,4,2,10,11,27,0,119,37,11,167,4,121,47,22,194,270,4,274,468
03/28/2023,SLN,KS,ACE,CE,Federal Contract Tower,6,8,17,3,34,0,149,28,17,194,6,157,45,20,228,398,2,400,628
03/29/2023,SLN,KS,ACE,CE,Federal Contract Tower,4,3,14,0,21,0,111,29,18,158,4,114,43,18,179,228,0,228,407
03/30/2023,SLN,KS,ACE,CE,Federal Contract Tower,6,6,7,12,31,0,6,6,17,29,6,12,13,29,60,18,20,38,98
03/31/2023,SLN,KS,ACE,CE,Federal Contract Tower,2,3,17,1,23,0,14,8,7,29,2,17,25,8,52,28,0,28,80
04/01/2023,SLN,KS,ACE,CE,Federal Contract Tower,5,2,7,5,19,0,114,27,11,152,5,116,34,16,171,236,6,242,413
04/02/2023,SLN,KS,ACE,CE,Federal Contract Tower,4,2,4,2,12,0,36,18,5,59,4,38,22,7,71,102,0,102,173
04/03/2023,SLN,KS,ACE,CE,Federal Contract Tower,4,4,7,4,19,0,89,21,13,123,4,93,28,17,142,274,8,282,424
04/04/2023,SLN,KS,ACE,CE,Federal Contract Tower,4,4,6,4,18,0,17,5,13,35,4,21,11,17,53,76,0,76,129
04/05/2023,SLN,KS,ACE,CE,Federal Contract Tower,4,7,8,8,27,0,71,23,10,104,4,78,31,18,131,102,0,102,233
04/06/2023,SLN,KS,ACE,CE,Federal Contract Tower,4,5,7,3,19,0,143,19,10,172,4,148,26,13,191,264,8,272,463
04/07/2023,SLN,KS,ACE,CE,Federal Contract Tower,4,4,1,4,13,0,88,21,17,126,4,92,22,21,139,102,6,108,247
04/09/2023,SLN,KS,ACE,CE,Federal Contract Tower,4,6,7,0,17,0,0,12,0,12,4,6,19,0,29,10,0,10,39
04/10/2023,SLN,KS,ACE,CE,Federal Contract Tower,4,5,11,7,27,0,127,24,13,164,4,132,35,20,191,234,18,252,443
04/11/2023,SLN,KS,ACE,CE,Federal Contract Tower,4,1,6,9,20,0,79,37,6,122,4,80,43,15,142,172,28,200,342
04/12/2023,SLN,KS,ACE,CE,Federal Contract Tower,4,5,14,6,29,0,41,11,11,63,4,46,25,17,92,70,24,94,186
04/13/2023,SLN,KS,ACE,CE,Federal Contract Tower,4,6,9,4,23,0,32,16,18,66,4,38,25,22,89,26,8,34,123
04/14/2023,SLN,KS,ACE,CE,Federal Contract Tower,4,4,5,1,14,0,25,7,14,46,4,29,12,15,60,14,0,14,74
04/16/2023,SLN,KS,ACE,CE,Federal Contract Tower,4,4,4,0,12,0,6,4,0,10,4,10,8,0,22,0,0,0,22
04/17/2023,SLN,KS,ACE,CE,Federal Contract Tower,4,1,8,17,30,0,158,32,5,195,4,159,40,22,225,344,0,344,569
04/18/2023,SLN,KS,ACE,CE,Federal Contract Tower,5,1,11,4,21,1,99,10,4,114,6,100,21,8,135,248,0,248,383
04/19/2023,SLN,KS,ACE,CE,Federal Contract Tower,4,7,10,5,26,0,39,8,2,49,4,46,18,7,75,190,0,190,265
04/20/2023,SLN,KS,ACE,CE,Federal Contract Tower,6,2,9,3,20,0,77,13,4,94,6,79,22,7,114,144,26,170,284
04/21/2023,SLN,KS,ACE,CE,Federal Contract Tower,4,4,6,9,23,0,62,23,10,95,4,66,29,19,118,114,4,118,236
04/22/2023,SLN,KS,ACE,CE,Federal Contract Tower,6,2,10,0,18,0,59,12,0,71,6,61,22,0,89,168,0,168,257
04/23/2023,SLN,KS,ACE,CE,Federal Contract Tower,4,5,3,0,12,0,49,61,0,110,4,54,64,0,122,148,0,148,270
04/24/2023,SLN,KS,ACE,CE,Federal Contract Tower,4,4,2,7,17,0,67,8,4,79,4,71,10,11,96,142,10,152,248
04/25/2023,SLN,KS,ACE,CE,Federal Contract Tower,4,7,19,4,34,0,89,9,8,106,4,96,28,12,140,270,0,270,410
04/26/2023,SLN,KS,ACE,CE,Federal Contract Tower,6,5,7,6,24,0,110,18,13,141,6,115,25,19,165,184,0,184,349
04/27/2023,SLN,KS,ACE,CE,Federal Contract Tower,5,3,17,11,36,0,122,19,21,162,5,125,36,32,198,234,30,264,462
04/28/2023,SLN,KS,ACE,CE,Federal Contract Tower,4,10,19,0,33,0,5,4,1,10,4,15,23,1,43,4,0,4,47
04/29/2023,SLN,KS,ACE,CE,Federal Contract Tower,4,5,5,2,16,0,80,20,0,100,4,85,25,2,116,198,0,198,314
04/30/2023,SLN,KS,ACE,CE,Federal Contract Tower,4,0,13,1,18,0,6,6,1,13,4,6,19,2,31,14,0,14,45
05/01/2023,SLN,KS,ACE,CE,Federal Contract Tower,4,4,4,2,14,0,111,18,7,136,4,115,22,9,150,190,12,202,352
05/02/2023,SLN,KS,ACE,CE,Federal Contract Tower,5,10,13,2,30,0,111,24,8,143,5,121,37,10,173,270,10,280,453
05/03/2023,SLN,KS,ACE,CE,Federal Contract Tower,4,8,8,4,24,0,121,34,7,162,4,129,42,11,186,246,8,254,440
05/04/2023,SLN,KS,ACE,CE,Federal Contract Tower,4,5,12,6,27,0,52,7,6,65,4,57,19,12,92,158,0,158,250
05/05/2023,SLN,KS,ACE,CE,Federal Contract Tower,2,3,13,7,25,0,23,9,0,32,2,26,22,7,57,80,0,80,137
05/06/2023,SLN,KS,ACE,CE,Federal Contract Tower,4,3,5,4,16,0,19,20,3,42,4,22,25,7,58,72,6,78,136
05/07/2023,SLN,KS,ACE,CE,Federal Contract Tower,4,6,13,0,23,0,6,13,0,19,4,12,26,0,42,0,0,0,42
05/08/2023,SLN,KS,ACE,CE,Federal Contract Tower,4,10,2,2,18,0,102,12,2,116,4,112,14,4,134,224,0,224,358
05/09/2023,SLN,KS,ACE,CE,Federal Contract Tower,4,2,5,0,11,0,23,9,2,34,4,25,14,2,45,78,0,78,123
05/10/2023,SLN,KS,ACE,CE,Federal Contract Tower,4,6,16,2,28,0,72,19,16,107,4,78,35,18,135,246,8,254,389
05/11/2023,SLN,KS,ACE,CE,Federal Contract Tower,4,8,10,0,22,0,15,8,3,26,4,23,18,3,48,96,0,96,144
05/12/2023,SLN,KS,ACE,CE,Federal Contract Tower,4,6,6,3,19,0,45,27,6,78,4,51,33,9,97,68,6,74,171
05/13/2023,SLN,KS,ACE,CE,Federal Contract Tower,4,8,7,9,28,0,35,23,7,65,4,43,30,16,93,90,0,90,183
05/14/2023,SLN,KS,ACE,CE,Federal Contract Tower,4,0,9,0,13,0,2,8,1,11,4,2,17,1,24,6,0,6,30
05/15/2023,SLN,KS,ACE,CE,Federal Contract Tower,4,8,15,0,27,0,0,1,2,3,4,8,16,2,30,0,0,0,30
05/16/2023,SLN,KS,ACE,CE,Federal Contract Tower,4,10,6,2,22,0,45,24,13,82,4,55,30,15,104,166,26,192,296
05/17/2023,SLN,KS,ACE,CE,Federal Contract Tower,5,7,5,5,22,0,138,43,22,203,5,145,48,27,225,220,28,248,473
05/18/2023,SLN,KS,ACE,CE,Federal Contract Tower,5,7,11,2,25,0,73,30,20,123,5,80,41,22,148,140,40,180,328
05/19/2023,SLN,KS,ACE,CE,Federal Contract Tower,4,8,18,35,65,0,25,20,18,63,4,33,38,53,128,76,56,132,260
05/20/2023,SLN,KS,ACE,CE,Federal Contract Tower,4,5,16,3,28,0,67,33,0,100,4,72,49,3,128,144,0,144,272
05/21/2023,SLN,KS,ACE,CE,Federal Contract Tower,4,6,7,0,17,0,32,12,1,45,4,38,19,1,62,122,0,122,184
05/22/2023,SLN,KS,ACE,CE,Federal Contract Tower,4,2,14,5,25,0,104,35,5,144,4,106,49,10,169,240,0,240,409
05/23/2023,SLN,KS,ACE,CE,Federal Contract Tower,4,13,9,13,39,0,103,37,14,154,4,116,46,27,193,270,8,278,471
05/24/2023,SLN,KS,ACE,CE,Federal Contract Tower,3,7,9,9,28,0,71,30,6,107,3,78,39,15,135,126,18,144,279
05/25/2023,SLN,KS,ACE,CE,Federal Contract Tower,6,3,6,1,16,0,43,16,7,66,6,46,22,8,82,150,0,150,232
05/26/2023,SLN,KS,ACE,CE,Federal Contract Tower,4,5,7,2,18,0,86,24,1,111,4,91,31,3,129,206,0,206,335
05/27/2023,SLN,KS,ACE,CE,Federal Contract Tower,4,10,10,0,24,0,29,14,4,47,4,39,24,4,71,88,0,88,159
05/28/2023,SLN,KS,ACE,CE,Federal Contract Tower,4,2,3,0,9,0,7,16,0,23,4,9,19,0,32,52,0,52,84
05/29/2023,SLN,KS,ACE,CE,Federal Contract Tower,4,0,8,0,12,0,0,15,0,15,4,0,23,0,27,22,0,22,49
05/30/2023,SLN,KS,ACE,CE,Federal Contract Tower,4,6,5,12,27,0,74,27,8,109,4,80,32,20,136,180,50,230,366
05/31/2023,SLN,KS,ACE,CE,Federal Contract Tower,6,4,0,3,13,0,77,18,19,114,6,81,18,22,127,158,14,172,299
06/01/2023,SLN,KS,ACE,CE,Federal Contract Tower,4,3,7,0,14,0,6,9,14,29,4,9,16,14,43,24,0,24,67
06/02/2023,SLN,KS,ACE,CE,Federal Contract Tower,2,0,10,2,14,0,2,14,12,28,2,2,24,14,42,14,4,18,60
06/03/2023,SLN,KS,ACE,CE,Federal Contract Tower,4,0,2,12,18,0,14,6,1,21,4,14,8,13,39,54,32,86,125
06/04/2023,SLN,KS,ACE,CE,Federal Contract Tower,4,3,9,0,16,0,25,25,8,58,4,28,34,8,74,40,16,56,130
06/05/2023,SLN,KS,ACE,CE,Federal Contract Tower,5,4,10,3,22,0,64,8,28,100,5,68,18,31,122,142,18,160,282
06/06/2023,SLN,KS,ACE,CE,Federal Contract Tower,4,5,15,9,33,0,106,25,28,159,4,111,40,37,192,192,10,202,394
06/07/2023,SLN,KS,ACE,CE,Federal Contract Tower,4,7,10,3,24,0,149,23,28,200,4,156,33,31,224,142,4,146,370
06/08/2023,SLN,KS,ACE,CE,Federal Contract Tower,4,9,7,6,26,0,70,19,11,100,4,79,26,17,126,142,0,142,268
06/09/2023,SLN,KS,ACE,CE,Federal Contract Tower,4,13,16,11,44,0,56,5,8,69,4,69,21,19,113,158,0,158,271
06/10/2023,SLN,KS,ACE,CE,Federal Contract Tower,4,12,4,6,26,0,35,5,14,54,4,47,9,20,80,116,42,158,238
06/11/2023,SLN,KS,ACE,CE,Federal Contract Tower,4,6,13,6,29,0,0,10,14,24,4,6,23,20,53,10,18,28,81
06/12/2023,SLN,KS,ACE,CE,Federal Contract Tower,4,10,12,2,28,0,127,27,18,172,4,137,39,20,200,270,26,296,496
06/13/2023,SLN,KS,ACE,CE,Federal Contract Tower,5,4,10,7,26,0,93,23,9,125,5,97,33,16,151,222,32,254,405
06/14/2023,SLN,KS,ACE,CE,Federal Contract Tower,5,10,13,0,28,0,110,36,1,147,5,120,49,1,175,224,0,224,399
06/15/2023,SLN,KS,ACE,CE,Federal Contract Tower,4,5,11,1,21,0,89,61,4,154,4,94,72,5,175,234,0,234,409
06/16/2023,SLN,KS,ACE,CE,Federal Contract Tower,2,12,5,2,21,0,77,25,0,102,2,89,30,2,123,198,0,198,321
06/17/2023,SLN,KS,ACE,CE,Federal Contract Tower,6,2,10,0,18,0,20,10,0,30,6,22,20,0,48,80,0,80,128
06/18/2023,SLN,KS,ACE,CE,Federal Contract Tower,6,4,18,0,28,0,10,17,2,29,6,14,35,2,57,66,0,66,123
06/19/2023,SLN,KS,ACE,CE,Federal Contract Tower,4,10,12,0,26,0,70,24,0,94,4,80,36,0,120,214,0,214,334
06/20/2023,SLN,KS,ACE,CE,Federal Contract Tower,4,9,8,6,27,0,52,18,3,73,4,61,26,9,100,100,0,100,200
06/21/2023,SLN,KS,ACE,CE,Federal Contract Tower,6,6,2,2,16,0,11,12,2,25,6,17,14,4,41,18,0,18,59
06/22/2023,SLN,KS,ACE,CE,Federal Contract Tower,4,2,14,6,26,0,83,31,0,114,4,85,45,6,140,286,0,286,426
06/23/2023,SLN,KS,ACE,CE,Federal Contract Tower,6,6,8,11,31,0,91,26,5,122,6,97,34,16,153,190,8,198,351
06/24/2023,SLN,KS,ACE,CE,Federal Contract Tower,5,1,9,1,16,0,32,13,0,45,5,33,22,1,61,30,0,30,91
06/25/2023,SLN,KS,ACE,CE,Federal Contract Tower,4,10,10,1,25,0,19,21,1,41,4,29,31,2,66,64,0,64,130
06/26/2023,SLN,KS,ACE,CE,Federal Contract Tower,4,2,5,5,16,0,90,13,0,103,4,92,18,5,119,248,10,258,377
06/27/2023,SLN,KS,ACE,CE,Federal Contract Tower,4,10,1,11,26,0,45,25,3,73,4,55,26,14,99,84,26,110,209
06/28/2023,SLN,KS,ACE,CE,Federal Contract Tower,5,1,12,13,31,0,91,19,10,120,5,92,31,23,151,166,20,186,337
06/29/2023,SLN,KS,ACE,CE,Federal Contract Tower,6,6,7,3,22,0,54,11,7,72,6,60,18,10,94,140,0,140,234
06/30/2023,SLN,KS,ACE,CE,Federal Contract Tower,6,8,12,7,33,0,59,13,6,78,6,67,25,13,111,142,4,146,257
07/01/2023,SLN,KS,ACE,CE,Federal Contract Tower,2,5,11,1,19,0,26,11,1,38,2,31,22,2,57,52,0,52,109
07/02/2023,SLN,KS,ACE,CE,Federal Contract Tower,7,4,3,1,15,0,23,6,0,29,7,27,9,1,44,44,0,44,88
07/03/2023,SLN,KS,ACE,CE,Federal Contract Tower,6,4,1,0,11,0,52,10,0,62,6,56,11,0,73,170,0,170,243
07/04/2023,SLN,KS,ACE,CE,Federal Contract Tower,4,0,3,0,7,0,2,4,0,6,4,2,7,0,13,4,0,4,17
07/05/2023,SLN,KS,ACE,CE,Federal Contract Tower,5,6,6,3,20,0,11,3,8,22,5,17,9,11,42,66,34,100,142
07/06/2023,SLN,KS,ACE,CE,Federal Contract Tower,5,5,15,4,29,0,66,25,12,103,5,71,40,16,132,116,44,160,292
07/07/2023,SLN,KS,ACE,CE,Federal Contract Tower,5,8,8,0,21,0,41,9,9,59,5,49,17,9,80,108,0,108,188
07/08/2023,SLN,KS,ACE,CE,Federal Contract Tower,4,4,11,0,19,0,33,7,2,42,4,37,18,2,61,106,0,106,167
07/09/2023,SLN,KS,ACE,CE,Federal Contract Tower,4,5,16,1,26,0,28,35,3,66,4,33,51,4,92,68,0,68,160
07/10/2023,SLN,KS,ACE,CE,Federal Contract Tower,4,8,15,2,29,0,108,26,6,140,4,116,41,8,169,228,4,232,401
07/11/2023,SLN,KS,ACE,CE,Federal Contract Tower,5,8,4,6,23,0,105,32,8,145,5,113,36,14,168,268,4,272,440
07/12/2023,SLN,KS,ACE,CE,Federal Contract Tower,4,11,14,2,31,0,79,28,6,113,4,90,42,8,144,218,0,218,362
07/13/2023,SLN,KS,ACE,CE,Federal Contract Tower,4,8,16,4,32,0,51,21,18,90,4,59,37,22,122,178,50,228,350
07/14/2023,SLN,KS,ACE,CE,Federal Contract Tower,4,4,6,8,22,0,44,9,8,61,4,48,15,16,83,128,18,146,229
07/15/2023,SLN,KS,ACE,CE,Federal Contract Tower,4,6,7,0,17,0,71,23,0,94,4,77,30,0,111,196,0,196,307
07/16/2023,SLN,KS,ACE,CE,Federal Contract Tower,4,7,12,4,27,0,33,3,0,36,4,40,15,4,63,98,0,98,161
07/17/2023,SLN,KS,ACE,CE,Federal Contract Tower,4,2,11,13,30,0,94,21,7,122,4,96,32,20,152,232,34,266,418
07/18/2023,SLN,KS,ACE,CE,Federal Contract Tower,4,4,15,6,29,0,12,27,5,44,4,16,42,11,73,60,0,60,133
07/19/2023,SLN,KS,ACE,CE,Federal Contract Tower,4,4,12,3,23,0,26,8,2,36,4,30,20,5,59,82,0,82,141
07/20/2023,SLN,KS,ACE,CE,Federal Contract Tower,4,4,12,3,23,0,57,20,10,87,4,61,32,13,110,140,16,156,266
07/21/2023,SLN,KS,ACE,CE,Federal Contract Tower,4,5,7,0,16,0,59,29,1,89,4,64,36,1,105,250,0,250,355
07/22/2023,SLN,KS,ACE,CE,Federal Contract Tower,4,2,3,8,17,0,22,19,0,41,4,24,22,8,58,88,0,88,146
07/23/2023,SLN,KS,ACE,CE,Federal Contract Tower,4,3,5,1,13,0,19,19,0,38,4,22,24,1,51,48,0,48,99
07/24/2023,SLN,KS,ACE,CE,Federal Contract Tower,4,7,9,5,25,0,61,15,2,78,4,68,24,7,103,110,0,110,213
07/25/2023,SLN,KS,ACE,CE,Federal Contract Tower,4,2,14,3,23,0,41,19,8,68,4,43,33,11,91,104,10,114,205
07/26/2023,SLN,KS,ACE,CE,Federal Contract Tower,4,2,10,4,20,0,60,19,10,89,4,62,29,14,109,168,0,168,277
07/27/2023,SLN,KS,ACE,CE,Federal Contract Tower,4,4,10,1,19,0,30,17,24,71,4,34,27,25,90,108,20,128,218
07/28/2023,SLN,KS,ACE,CE,Federal Contract Tower,3,2,10,3,18,0,65,16,8,89,3,67,26,11,107,128,0,128,235
07/29/2023,SLN,KS,ACE,CE,Federal Contract Tower,4,10,12,0,26,0,15,24,4,43,4,25,36,4,69,40,0,40,109
07/30/2023,SLN,KS,ACE,CE,Federal Contract Tower,4,0,7,2,13,0,16,27,0,43,4,16,34,2,56,64,0,64,120
07/31/2023,SLN,KS,ACE,CE,Federal Contract Tower,4,3,9,2,18,0,56,16,0,72,4,59,25,2,90,110,0,110,200
08/01/2023,SLN,KS,ACE,CE,Federal Contract Tower,5,2,8,6,21,0,71,17,1,89,5,73,25,7,110,182,46,228,338
08/02/2023,SLN,KS,ACE,CE,Federal Contract Tower,4,0,14,18,36,0,52,18,6,76,4,52,32,24,112,92,18,110,222
08/03/2023,SLN,KS,ACE,CE,Federal Contract Tower,4,0,17,6,27,0,17,18,4,39,4,17,35,10,66,108,4,112,178
08/04/2023,SLN,KS,ACE,CE,Federal Contract Tower,4,3,11,3,21,0,38,26,7,71,4,41,37,10,92,68,6,74,166
08/05/2023,SLN,KS,ACE,CE,Federal Contract Tower,4,6,15,1,26,0,19,22,12,53,4,25,37,13,79,52,4,56,135
08/06/2023,SLN,KS,ACE,CE,Federal Contract Tower,4,13,14,4,35,0,2,9,0,11,4,15,23,4,46,6,0,6,52
08/07/2023,SLN,KS,ACE,CE,Federal Contract Tower,4,3,8,9,24,0,75,23,1,99,4,78,31,10,123,182,12,194,317
08/08/2023,SLN,KS,ACE,CE,Federal Contract Tower,4,9,8,16,37,0,75,22,8,105,4,84,30,24,142,124,30,154,296
08/09/2023,SLN,KS,ACE,CE,Federal Contract Tower,4,5,12,2,23,0,37,13,1,51,4,42,25,3,74,82,0,82,156
08/10/2023,SLN,KS,ACE,CE,Federal Contract Tower,4,4,11,1,20,0,51,25,11,87,4,55,36,12,107,170,12,182,289
08/11/2023,SLN,KS,ACE,CE,Federal Contract Tower,4,3,5,2,14,0,42,15,2,59,4,45,20,4,73,104,14,118,191
08/12/2023,SLN,KS,ACE,CE,Federal Contract Tower,4,6,9,0,19,0,14,7,1,22,4,20,16,1,41,4,0,4,45
08/13/2023,SLN,KS,ACE,CE,Federal Contract Tower,4,3,13,0,20,0,0,5,0,5,4,3,18,0,25,0,0,0,25
08/14/2023,SLN,KS,ACE,CE,Federal Contract Tower,4,4,13,13,34,0,27,9,3,39,4,31,22,16,73,74,8,82,155
08/15/2023,SLN,KS,ACE,CE,Federal Contract Tower,3,4,12,6,25,0,54,30,7,91,3,58,42,13,116,192,26,218,334
08/16/2023,SLN,KS,ACE,CE,Federal Contract Tower,3,6,8,2,19,0,24,24,15,63,3,30,32,17,82,100,28,128,210
08/17/2023,SLN,KS,ACE,CE,Federal Contract Tower,2,5,27,11,45,0,28,25,15,68,2,33,52,26,113,94,16,110,223
08/18/2023,SLN,KS,ACE,CE,Federal Contract Tower,4,4,9,4,21,0,30,23,7,60,4,34,32,11,81,68,4,72,153
08/19/2023,SLN,KS,ACE,CE,Federal Contract Tower,4,4,7,2,17,0,3,9,1,13,4,7,16,3,30,14,0,14,44
08/20/2023,SLN,KS,ACE,CE,Federal Contract Tower,4,6,6,0,16,0,2,14,5,21,4,8,20,5,37,20,0,20,57
08/21/2023,SLN,KS,ACE,CE,Federal Contract Tower,3,4,6,2,15,0,18,22,2,42,3,22,28,4,57,48,0,48,105
08/22/2023,SLN,KS,ACE,CE,Federal Contract Tower,4,1,9,4,18,0,47,11,6,64,4,48,20,10,82,112,0,112,194
08/23/2023,SLN,KS,ACE,CE,Federal Contract Tower,4,3,5,5,17,0,54,11,12,77,4,57,16,17,94,98,6,104,198
08/24/2023,SLN,KS,ACE,CE,Federal Contract Tower,5,4,16,4,29,0,7,15,7,29,5,11,31,11,58,12,0,12,70
08/25/2023,SLN,KS,ACE,CE,Federal Contract Tower,4,5,8,10,27,0,10,15,2,27,4,15,23,12,54,30,20,50,104
08/26/2023,SLN,KS,ACE,CE,Federal Contract Tower,3,10,0,0,13,0,35,16,0,51,3,45,16,0,64,54,0,54,118
08/27/2023,SLN,KS,ACE,CE,Federal Contract Tower,4,7,9,0,20,0,44,26,4,74,4,51,35,4,94,86,0,86,180
08/28/2023,SLN,KS,ACE,CE,Federal Contract Tower,4,4,8,1,17,0,105,21,1,127,4,109,29,2,144,210,4,214,358
08/29/2023,SLN,KS,ACE,CE,Federal Contract Tower,4,0,5,6,15,0,108,31,11,150,4,108,36,17,165,118,16,134,299
08/30/2023,SLN,KS,ACE,CE,Federal Contract Tower,4,3,12,4,23,0,91,15,12,118,4,94,27,16,141,210,16,226,367
08/31/2023,SLN,KS,ACE,CE,Federal Contract Tower,4,9,13,0,26,0,102,18,0,120,4,111,31,0,146,220,0,220,366
