01/01/2000,SMF,CA,AWP,WE,Towers with Display (VFR),124,25,13,0,162,4,10,5,0,19,128,35,18,0,181,4,0,4,185
01/02/2000,SMF,CA,AWP,WE,Towers with Display (VFR),195,40,21,0,256,29,3,10,0,42,224,43,31,0,298,16,0,16,314
01/03/2000,SMF,CA,AWP,WE,Towers with Display (VFR),232,48,24,2,306,4,8,51,0,63,236,56,75,2,369,68,6,74,443
01/04/2000,SMF,CA,AWP,WE,Towers with Display (VFR),239,51,26,9,325,0,15,20,11,46,239,66,46,20,371,44,8,52,423
01/05/2000,SMF,CA,AWP,WE,Towers with Display (VFR),249,50,26,10,335,3,21,11,2,37,252,71,37,12,372,8,32,40,412
01/06/2000,SMF,CA,AWP,WE,Towers with Display (VFR),200,41,21,2,264,29,28,20,0,77,229,69,41,2,341,22,24,46,387
01/07/2000,SMF,CA,AWP,WE,Towers with Display (VFR),226,46,24,0,296,3,17,17,0,37,229,63,41,0,333,36,26,62,395
01/08/2000,SMF,CA,AWP,WE,Towers with Display (VFR),183,38,19,0,240,12,1,0,0,13,195,39,19,0,253,2,0,2,255
01/09/2000,SMF,CA,AWP,WE,Towers with Display (VFR),199,40,21,0,260,12,0,14,0,26,211,40,35,0,286,4,0,4,290
01/10/2000,SMF,CA,AWP,WE,Towers with Display (VFR),227,47,24,6,304,0,9,3,0,12,227,56,27,6,316,36,28,64,380
01/11/2000,SMF,CA,AWP,WE,Towers with Display (VFR),234,48,25,0,307,0,11,19,0,30,234,59,44,0,337,0,0,0,337
01/12/2000,SMF,CA,AWP,WE,Towers with Display (VFR),230,51,26,4,311,0,15,34,0,49,230,66,60,4,360,58,12,70,430
01/13/2000,SMF,CA,AWP,WE,Towers with Display (VFR),233,52,26,6,317,0,5,36,0,41,233,57,62,6,358,96,26,122,480
01/14/2000,SMF,CA,AWP,WE,Towers with Display (VFR),217,48,24,2,291,0,14,26,0,40,217,62,50,2,331,98,10,108,439
01/15/2000,SMF,CA,AWP,WE,Towers with Display (VFR),194,40,19,4,257,5,4,8,0,17,199,44,27,4,274,2,10,12,286
01/16/2000,SMF,CA,AWP,WE,Towers with Display (VFR),214,39,17,0,270,27,0,0,0,27,241,39,17,0,297,12,0,12,309
01/17/2000,SMF,CA,AWP,WE,Towers with Display (VFR),227,47,23,0,297,0,5,19,0,24,227,52,42,0,321,34,0,34,355
01/18/2000,SMF,CA,AWP,WE,Towers with Display (VFR),243,53,27,2,325,0,12,20,0,32,243,65,47,2,357,56,12,68,425
01/19/2000,SMF,CA,AWP,WE,Towers with Display (VFR),249,54,26,10,339,0,1,0,0,1,249,55,26,10,340,14,8,22,362
01/20/2000,SMF,CA,AWP,WE,Towers with Display (VFR),250,52,27,10,339,0,6,33,0,39,250,58,60,10,378,70,36,106,484
01/21/2000,SMF,CA,AWP,WE,Towers with Display (VFR),226,48,24,2,300,0,15,44,0,59,226,63,68,2,359,72,0,72,431
01/22/2000,SMF,CA,AWP,WE,Towers with Display (VFR),189,32,19,2,242,7,0,4,0,11,196,32,23,2,253,0,0,0,253
01/23/2000,SMF,CA,AWP,WE,Towers with Display (VFR),194,28,10,0,232,25,0,0,0,25,219,28,10,0,257,0,0,0,257
01/24/2000,SMF,CA,AWP,WE,Towers with Display (VFR),255,53,26,2,336,0,10,30,0,40,255,63,56,2,376,2,22,24,400
01/25/2000,SMF,CA,AWP,WE,Towers with Display (VFR),224,47,23,2,296,0,15,10,0,25,224,62,33,2,321,18,16,34,355
01/26/2000,SMF,CA,AWP,WE,Towers with Display (VFR),244,51,26,2,323,0,9,47,0,56,244,60,73,2,379,42,2,44,423
01/27/2000,SMF,CA,AWP,WE,Towers with Display (VFR),219,46,23,6,294,0,5,42,0,47,219,51,65,6,341,16,2,18,359
01/28/2000,SMF,CA,AWP,WE,Towers with Display (VFR),227,49,24,6,306,0,13,58,0,71,227,62,82,6,377,70,12,82,459
01/29/2000,SMF,CA,AWP,WE,Towers with Display (VFR),180,36,18,0,234,12,6,31,0,49,192,42,49,0,283,4,0,4,287
01/30/2000,SMF,CA,AWP,WE,Towers with Display (VFR),194,40,13,0,247,32,3,0,0,35,226,43,13,0,282,0,0,0,282
01/31/2000,SMF,CA,AWP,WE,Towers with Display (VFR),231,48,23,2,304,0,4,24,0,28,231,52,47,2,332,38,0,38,370
02/01/2000,SMF,CA,AWP,WE,Towers with Display (VFR),221,48,29,4,302,34,29,30,0,93,255,77,59,4,395,32,18,50,445
02/02/2000,SMF,CA,AWP,WE,Towers with Display (VFR),231,52,31,11,325,0,15,71,9,95,231,67,102,20,420,48,16,64,484
02/03/2000,SMF,CA,AWP,WE,Towers with Display (VFR),229,56,34,4,323,0,2,17,0,19,229,58,51,4,342,12,8,20,362
02/04/2000,SMF,CA,AWP,WE,Towers with Display (VFR),232,51,30,2,315,3,8,31,0,42,235,59,61,2,357,76,0,76,433
02/05/2000,SMF,CA,AWP,WE,Towers with Display (VFR),174,34,23,0,231,12,0,14,0,26,186,34,37,0,257,0,0,0,257
02/06/2000,SMF,CA,AWP,WE,Towers with Display (VFR),184,35,24,0,243,40,0,25,0,65,224,35,49,0,308,28,0,28,336
02/07/2000,SMF,CA,AWP,WE,Towers with Display (VFR),222,50,29,8,309,0,3,10,0,13,222,53,39,8,322,54,38,92,414
02/08/2000,SMF,CA,AWP,WE,Towers with Display (VFR),250,55,32,12,349,6,21,40,10,77,256,76,72,22,426,48,72,120,546
02/09/2000,SMF,CA,AWP,WE,Towers with Display (VFR),243,54,31,12,340,4,10,7,6,27,247,64,38,18,367,38,24,62,429
02/10/2000,SMF,CA,AWP,WE,Towers with Display (VFR),233,52,31,10,326,0,1,16,0,17,233,53,47,10,343,22,30,52,395
02/11/2000,SMF,CA,AWP,WE,Towers with Display (VFR),212,47,26,0,285,10,9,4,0,23,222,56,30,0,308,14,2,16,324
02/12/2000,SMF,CA,AWP,WE,Towers with Display (VFR),177,32,16,0,225,29,0,0,0,29,206,32,16,0,254,8,0,8,262
02/13/2000,SMF,CA,AWP,WE,Towers with Display (VFR),153,31,7,0,191,59,0,0,0,59,212,31,7,0,250,2,0,2,252
02/14/2000,SMF,CA,AWP,WE,Towers with Display (VFR),220,46,27,12,305,12,0,8,4,24,232,46,35,16,329,8,2,10,339
02/15/2000,SMF,CA,AWP,WE,Towers with Display (VFR),246,54,31,4,335,10,18,51,0,79,256,72,82,4,414,40,10,50,464
02/16/2000,SMF,CA,AWP,WE,Towers with Display (VFR),238,53,31,13,335,0,15,12,9,36,238,68,43,22,371,4,22,26,397
02/17/2000,SMF,CA,AWP,WE,Towers with Display (VFR),227,55,32,13,327,0,17,45,3,65,227,72,77,16,392,38,0,38,430
02/18/2000,SMF,CA,AWP,WE,Towers with Display (VFR),214,47,28,0,289,0,13,34,0,47,214,60,62,0,336,60,0,60,396
02/19/2000,SMF,CA,AWP,WE,Towers with Display (VFR),188,41,23,4,256,0,8,25,0,33,188,49,48,4,289,10,10,20,309
02/20/2000,SMF,CA,AWP,WE,Towers with Display (VFR),169,34,21,0,224,28,0,1,0,29,197,34,22,0,253,6,0,6,259
02/21/2000,SMF,CA,AWP,WE,Towers with Display (VFR),194,42,24,2,262,28,9,14,0,51,222,51,38,2,313,4,0,4,317
02/22/2000,SMF,CA,AWP,WE,Towers with Display (VFR),229,50,26,12,317,0,1,0,4,5,229,51,26,16,322,24,74,98,420
02/23/2000,SMF,CA,AWP,WE,Towers with Display (VFR),223,52,30,5,310,0,16,35,0,51,223,68,65,5,361,58,2,60,421
02/24/2000,SMF,CA,AWP,WE,Towers with Display (VFR),225,52,31,6,314,0,12,39,0,51,225,64,70,6,365,90,14,104,469
02/25/2000,SMF,CA,AWP,WE,Towers with Display (VFR),217,48,28,3,296,0,6,45,0,51,217,54,73,3,347,48,6,54,401
02/26/2000,SMF,CA,AWP,WE,Towers with Display (VFR),172,32,21,0,225,15,0,1,0,16,187,32,22,0,241,8,0,8,249
02/27/2000,SMF,CA,AWP,WE,Towers with Display (VFR),170,35,10,0,215,34,0,0,0,34,204,35,10,0,249,2,0,2,251
02/28/2000,SMF,CA,AWP,WE,Towers with Display (VFR),215,49,28,8,300,0,1,52,0,53,215,50,80,8,353,70,40,110,463
02/29/2000,SMF,CA,AWP,WE,Towers with Display (VFR),223,49,28,0,300,14,13,16,0,43,237,62,44,0,343,30,0,30,373
03/01/2000,SMF,CA,AWP,WE,Towers with Display (VFR),245,52,27,4,328,10,13,29,0,52,255,65,56,4,380,46,24,70,450
03/02/2000,SMF,CA,AWP,WE,Towers with Display (VFR),243,57,29,12,341,0,8,17,0,25,243,65,46,12,366,20,56,76,442
03/03/2000,SMF,CA,AWP,WE,Towers with Display (VFR),253,54,27,0,334,1,4,28,0,33,254,58,55,0,367,56,0,56,423
03/04/2000,SMF,CA,AWP,WE,Towers with Display (VFR),187,40,20,0,247,18,0,27,0,45,205,40,47,0,292,8,0,8,300
03/05/2000,SMF,CA,AWP,WE,Towers with Display (VFR),185,28,20,0,233,17,0,5,0,22,202,28,25,0,255,14,0,14,269
03/06/2000,SMF,CA,AWP,WE,Towers with Display (VFR),233,54,28,10,325,0,0,47,0,47,233,54,75,10,372,24,16,40,412
03/07/2000,SMF,CA,AWP,WE,Towers with Display (VFR),239,56,28,11,334,0,1,18,1,20,239,57,46,12,354,66,42,108,462
03/08/2000,SMF,CA,AWP,WE,Towers with Display (VFR),259,58,29,4,350,0,4,21,0,25,259,62,50,4,375,16,10,26,401
03/09/2000,SMF,CA,AWP,WE,Towers with Display (VFR),228,51,26,10,315,0,8,17,0,25,228,59,43,10,340,62,40,102,442
03/10/2000,SMF,CA,AWP,WE,Towers with Display (VFR),232,52,26,6,316,0,2,31,0,33,232,54,57,6,349,88,60,148,497
03/11/2000,SMF,CA,AWP,WE,Towers with Display (VFR),184,39,19,0,242,10,1,12,0,23,194,40,31,0,265,36,0,36,301
03/12/2000,SMF,CA,AWP,WE,Towers with Display (VFR),197,37,20,0,254,21,0,48,0,69,218,37,68,0,323,24,0,24,347
03/13/2000,SMF,CA,AWP,WE,Towers with Display (VFR),227,48,24,6,305,25,2,72,0,99,252,50,96,6,404,78,18,96,500
03/14/2000,SMF,CA,AWP,WE,Towers with Display (VFR),241,51,25,4,321,1,10,63,0,74,242,61,88,4,395,16,20,36,431
03/15/2000,SMF,CA,AWP,WE,Towers with Display (VFR),236,52,26,11,325,0,14,43,13,70,236,66,69,24,395,4,2,6,401
03/16/2000,SMF,CA,AWP,WE,Towers with Display (VFR),245,51,26,0,322,1,3,30,0,34,246,54,56,0,356,80,0,80,436
03/17/2000,SMF,CA,AWP,WE,Towers with Display (VFR),238,54,26,8,326,0,10,53,0,63,238,64,79,8,389,42,0,42,431
03/18/2000,SMF,CA,AWP,WE,Towers with Display (VFR),184,38,19,0,241,18,4,63,0,85,202,42,82,0,326,36,0,36,362
03/19/2000,SMF,CA,AWP,WE,Towers with Display (VFR),192,39,20,0,251,25,0,7,0,32,217,39,27,0,283,16,0,16,299
03/20/2000,SMF,CA,AWP,WE,Towers with Display (VFR),217,45,23,4,289,7,7,14,0,28,224,52,37,4,317,26,10,36,353
03/21/2000,SMF,CA,AWP,WE,Towers with Display (VFR),234,48,24,0,306,11,17,24,0,52,245,65,48,0,358,14,0,14,372
03/22/2000,SMF,CA,AWP,WE,Towers with Display (VFR),256,56,28,6,346,0,15,81,0,96,256,71,109,6,442,74,18,92,534
03/23/2000,SMF,CA,AWP,WE,Towers with Display (VFR),244,54,27,12,337,0,7,52,0,59,244,61,79,12,396,74,12,86,482
03/24/2000,SMF,CA,AWP,WE,Towers with Display (VFR),231,48,24,0,303,0,15,64,0,79,231,63,88,0,382,74,2,76,458
03/25/2000,SMF,CA,AWP,WE,Towers with Display (VFR),191,40,19,0,250,14,5,37,0,56,205,45,56,0,306,4,0,4,310
03/26/2000,SMF,CA,AWP,WE,Towers with Display (VFR),212,44,22,0,278,17,9,46,0,72,229,53,68,0,350,20,0,20,370
03/27/2000,SMF,CA,AWP,WE,Towers with Display (VFR),224,48,23,4,299,12,0,18,0,30,236,48,41,4,329,6,6,12,341
03/28/2000,SMF,CA,AWP,WE,Towers with Display (VFR),233,49,24,10,316,0,7,35,0,42,233,56,59,10,358,32,42,74,432
03/29/2000,SMF,CA,AWP,WE,Towers with Display (VFR),232,56,27,11,326,0,0,60,3,63,232,56,87,14,389,120,26,146,535
03/30/2000,SMF,CA,AWP,WE,Towers with Display (VFR),239,51,26,8,324,0,16,53,0,69,239,67,79,8,393,6,18,24,417
03/31/2000,SMF,CA,AWP,WE,Towers with Display (VFR),244,52,25,0,321,4,8,34,0,46,248,60,59,0,367,30,0,30,397
04/01/2000,SMF,CA,AWP,WE,Towers with Display (VFR),188,39,19,2,248,17,2,23,0,42,205,41,42,2,290,2,10,12,302
04/02/2000,SMF,CA,AWP,WE,Towers with Display (VFR),186,33,19,0,238,21,0,24,0,45,207,33,43,0,283,12,0,12,295
04/03/2000,SMF,CA,AWP,WE,Towers with Display (VFR),230,48,23,4,305,3,2,48,0,53,233,50,71,4,358,20,22,42,400
04/04/2000,SMF,CA,AWP,WE,Towers with Display (VFR),260,54,27,10,351,0,21,31,0,52,260,75,58,10,403,52,36,88,491
04/05/2000,SMF,CA,AWP,WE,Towers with Display (VFR),252,52,25,9,338,10,15,24,3,52,262,67,49,12,390,4,52,56,446
04/06/2000,SMF,CA,AWP,WE,Towers with Display (VFR),256,53,26,8,343,0,13,58,0,71,256,66,84,8,414,34,16,50,464
04/07/2000,SMF,CA,AWP,WE,Towers with Display (VFR),236,51,25,2,314,0,17,67,0,84,236,68,92,2,398,130,0,130,528
04/08/2000,SMF,CA,AWP,WE,Towers with Display (VFR),175,36,17,0,228,18,1,25,0,44,193,37,42,0,272,8,0,8,280
04/09/2000,SMF,CA,AWP,WE,Towers with Display (VFR),200,39,19,0,258,17,0,15,0,32,217,39,34,0,290,6,0,6,296
04/10/2000,SMF,CA,AWP,WE,Towers with Display (VFR),235,49,22,4,310,2,7,51,0,60,237,56,73,4,370,70,14,84,454
04/11/2000,SMF,CA,AWP,WE,Towers with Display (VFR),247,51,24,6,328,0,12,50,0,62,247,63,74,6,390,30,12,42,432
04/12/2000,SMF,CA,AWP,WE,Towers with Display (VFR),237,55,26,10,328,0,5,50,0,55,237,60,76,10,383,76,18,94,477
04/13/2000,SMF,CA,AWP,WE,Towers with Display (VFR),273,57,26,8,364,0,17,49,0,66,273,74,75,8,430,10,10,20,450
04/14/2000,SMF,CA,AWP,WE,Towers with Display (VFR),231,56,26,6,319,0,6,90,0,96,231,62,116,6,415,80,20,100,515
04/15/2000,SMF,CA,AWP,WE,Towers with Display (VFR),189,38,18,2,247,8,3,11,0,22,197,41,29,2,269,32,0,32,301
04/16/2000,SMF,CA,AWP,WE,Towers with Display (VFR),196,30,19,0,245,17,0,16,0,33,213,30,35,0,278,4,0,4,282
04/17/2000,SMF,CA,AWP,WE,Towers with Display (VFR),248,51,25,0,324,0,4,3,0,7,248,55,28,0,331,36,0,36,367
04/18/2000,SMF,CA,AWP,WE,Towers with Display (VFR),261,56,27,11,355,0,20,27,7,54,261,76,54,18,409,46,34,80,489
04/19/2000,SMF,CA,AWP,WE,Towers with Display (VFR),246,54,26,11,337,0,15,49,23,87,246,69,75,34,424,58,28,86,510
04/20/2000,SMF,CA,AWP,WE,Towers with Display (VFR),239,48,24,9,320,0,18,46,5,69,239,66,70,14,389,14,28,42,431
04/21/2000,SMF,CA,AWP,WE,Towers with Display (VFR),226,46,22,0,294,0,11,65,0,76,226,57,87,0,370,6,0,6,376
04/22/2000,SMF,CA,AWP,WE,Towers with Display (VFR),180,36,18,0,234,14,0,18,0,32,194,36,36,0,266,0,0,0,266
04/23/2000,SMF,CA,AWP,WE,Towers with Display (VFR),191,39,18,0,248,16,1,9,0,26,207,40,27,0,274,4,0,4,278
04/24/2000,SMF,CA,AWP,WE,Towers with Display (VFR),231,1,22,4,258,11,0,47,0,58,242,1,69,4,316,18,12,30,346
04/25/2000,SMF,CA,AWP,WE,Towers with Display (VFR),236,49,23,2,310,0,25,62,0,87,236,74,85,2,397,14,2,16,413
04/26/2000,SMF,CA,AWP,WE,Towers with Display (VFR),237,51,23,4,315,0,19,49,0,68,237,70,72,4,383,78,6,84,467
04/27/2000,SMF,CA,AWP,WE,Towers with Display (VFR),239,49,23,4,315,1,14,54,0,69,240,63,77,4,384,22,20,42,426
04/28/2000,SMF,CA,AWP,WE,Towers with Display (VFR),232,51,23,5,311,0,14,44,0,58,232,65,67,5,369,12,2,14,383
04/29/2000,SMF,CA,AWP,WE,Towers with Display (VFR),189,38,18,0,245,7,4,34,0,45,196,42,52,0,290,8,0,8,298
04/30/2000,SMF,CA,AWP,WE,Towers with Display (VFR),207,42,20,0,269,11,1,62,0,74,218,43,82,0,343,4,0,4,347
05/01/2000,SMF,CA,AWP,WE,Towers with Display (VFR),238,48,25,11,322,0,0,62,0,62,238,48,87,11,384,142,28,170,554
05/02/2000,SMF,CA,AWP,WE,Towers with Display (VFR),269,56,26,4,355,0,14,78,0,92,269,70,104,4,447,124,14,138,585
05/03/2000,SMF,CA,AWP,WE,Towers with Display (VFR),253,52,25,10,340,0,12,37,4,53,253,64,62,14,393,14,8,22,415
05/04/2000,SMF,CA,AWP,WE,Towers with Display (VFR),258,53,25,4,340,0,9,56,0,65,258,62,81,4,405,58,10,68,473
05/05/2000,SMF,CA,AWP,WE,Towers with Display (VFR),246,52,25,8,331,0,13,63,0,76,246,65,88,8,407,92,20,112,519
05/06/2000,SMF,CA,AWP,WE,Towers with Display (VFR),192,39,18,2,251,10,8,40,0,58,202,47,58,2,309,12,0,12,321
05/07/2000,SMF,CA,AWP,WE,Towers with Display (VFR),213,29,21,4,267,9,0,3,0,12,222,29,24,4,279,8,30,38,317
05/08/2000,SMF,CA,AWP,WE,Towers with Display (VFR),247,51,24,10,332,0,1,28,8,37,247,52,52,18,369,62,70,132,501
05/09/2000,SMF,CA,AWP,WE,Towers with Display (VFR),247,50,23,4,324,4,24,41,0,69,251,74,64,4,393,56,0,56,449
05/10/2000,SMF,CA,AWP,WE,Towers with Display (VFR),239,53,25,10,327,0,10,47,6,63,239,63,72,16,390,56,24,80,470
05/11/2000,SMF,CA,AWP,WE,Towers with Display (VFR),271,55,24,4,354,3,24,79,0,106,274,79,103,4,460,44,14,58,518
05/12/2000,SMF,CA,AWP,WE,Towers with Display (VFR),237,48,22,0,307,0,18,53,0,71,237,66,75,0,378,190,0,190,568
05/13/2000,SMF,CA,AWP,WE,Towers with Display (VFR),184,37,17,2,240,16,6,16,0,38,200,43,33,2,278,12,0,12,290
05/14/2000,SMF,CA,AWP,WE,Towers with Display (VFR),201,28,18,0,247,17,0,23,0,40,218,28,41,0,287,8,0,8,295
05/15/2000,SMF,CA,AWP,WE,Towers with Display (VFR),241,51,24,11,327,0,0,33,1,34,241,51,57,12,361,38,82,120,481
05/16/2000,SMF,CA,AWP,WE,Towers with Display (VFR),273,58,26,12,369,0,21,31,0,52,273,79,57,12,421,16,44,60,481
05/17/2000,SMF,CA,AWP,WE,Towers with Display (VFR),272,55,25,8,360,0,21,85,0,106,272,76,110,8,466,24,22,46,512
05/18/2000,SMF,CA,AWP,WE,Towers with Display (VFR),276,54,25,0,355,6,25,71,0,102,282,79,96,0,457,4,0,4,461
05/19/2000,SMF,CA,AWP,WE,Towers with Display (VFR),253,50,23,4,330,2,12,90,0,104,255,62,113,4,434,4,12,16,450
05/20/2000,SMF,CA,AWP,WE,Towers with Display (VFR),183,36,16,0,235,18,2,3,0,23,201,38,19,0,258,10,0,10,268
05/21/2000,SMF,CA,AWP,WE,Towers with Display (VFR),192,38,17,0,247,26,3,33,0,62,218,41,50,0,309,14,0,14,323
05/22/2000,SMF,CA,AWP,WE,Towers with Display (VFR),236,47,21,4,308,14,7,58,0,79,250,54,79,4,387,24,24,48,435
05/23/2000,SMF,CA,AWP,WE,Towers with Display (VFR),249,52,24,8,333,0,16,103,0,119,249,68,127,8,452,26,12,38,490
05/24/2000,SMF,CA,AWP,WE,Towers with Display (VFR),239,49,23,10,321,0,16,43,0,59,239,65,66,10,380,30,22,52,432
05/25/2000,SMF,CA,AWP,WE,Towers with Display (VFR),240,48,22,6,316,0,13,57,0,70,240,61,79,6,386,22,12,34,420
05/26/2000,SMF,CA,AWP,WE,Towers with Display (VFR),240,48,22,0,310,9,17,58,0,84,249,65,80,0,394,34,0,34,428
05/27/2000,SMF,CA,AWP,WE,Towers with Display (VFR),193,39,17,0,249,13,3,32,0,48,206,42,49,0,297,24,0,24,321
05/28/2000,SMF,CA,AWP,WE,Towers with Display (VFR),182,37,16,0,235,17,1,37,0,55,199,38,53,0,290,16,0,16,306
05/29/2000,SMF,CA,AWP,WE,Towers with Display (VFR),214,41,20,8,283,22,0,31,2,55,236,41,51,10,338,38,18,56,394
05/30/2000,SMF,CA,AWP,WE,Towers with Display (VFR),248,50,22,4,324,5,10,42,0,57,253,60,64,4,381,28,4,32,413
05/31/2000,SMF,CA,AWP,WE,Towers with Display (VFR),254,54,25,11,344,0,12,56,5,73,254,66,81,16,417,52,14,66,483
06/01/2000,SMF,CA,AWP,WE,Towers with Display (VFR),267,55,23,8,353,0,14,105,0,119,267,69,128,8,472,100,0,100,572
06/02/2000,SMF,CA,AWP,WE,Towers with Display (VFR),247,50,21,4,322,0,13,58,0,71,247,63,79,4,393,22,16,38,431
06/03/2000,SMF,CA,AWP,WE,Towers with Display (VFR),188,37,16,2,243,16,2,44,0,62,204,39,60,2,305,16,0,16,321
06/04/2000,SMF,CA,AWP,WE,Towers with Display (VFR),203,34,17,3,257,18,0,21,0,39,221,34,38,3,296,44,0,44,340
06/05/2000,SMF,CA,AWP,WE,Towers with Display (VFR),249,51,21,10,331,0,3,59,3,65,249,54,80,13,396,46,14,60,456
06/06/2000,SMF,CA,AWP,WE,Towers with Display (VFR),261,57,23,11,352,0,15,60,3,78,261,72,83,14,430,128,48,176,606
06/07/2000,SMF,CA,AWP,WE,Towers with Display (VFR),255,52,21,10,338,0,15,41,8,64,255,67,62,18,402,40,58,98,500
06/08/2000,SMF,CA,AWP,WE,Towers with Display (VFR),263,58,24,12,357,0,1,44,0,45,263,59,68,12,402,50,44,94,496
06/09/2000,SMF,CA,AWP,WE,Towers with Display (VFR),260,54,22,11,347,0,18,77,1,96,260,72,99,12,443,34,12,46,489
06/10/2000,SMF,CA,AWP,WE,Towers with Display (VFR),206,41,17,3,267,5,2,47,0,54,211,43,64,3,321,72,14,86,407
06/11/2000,SMF,CA,AWP,WE,Towers with Display (VFR),212,40,17,3,272,17,0,48,0,65,229,40,65,3,337,12,0,12,349
06/12/2000,SMF,CA,AWP,WE,Towers with Display (VFR),244,49,19,11,323,2,9,47,2,60,246,58,66,13,383,18,18,36,419
06/13/2000,SMF,CA,AWP,WE,Towers with Display (VFR),251,53,22,8,334,0,17,67,0,84,251,70,89,8,418,64,4,68,486
06/14/2000,SMF,CA,AWP,WE,Towers with Display (VFR),257,53,21,12,343,0,25,88,8,121,257,78,109,20,464,44,12,56,520
06/15/2000,SMF,CA,AWP,WE,Towers with Display (VFR),237,46,19,7,309,5,26,62,0,93,242,72,81,7,402,66,0,66,468
06/16/2000,SMF,CA,AWP,WE,Towers with Display (VFR),246,50,21,6,323,0,15,60,0,75,246,65,81,6,398,66,0,66,464
06/17/2000,SMF,CA,AWP,WE,Towers with Display (VFR),209,41,16,2,268,18,0,36,0,54,227,41,52,2,322,64,0,64,386
06/18/2000,SMF,CA,AWP,WE,Towers with Display (VFR),201,34,15,3,253,17,0,35,0,52,218,34,50,3,305,10,0,10,315
06/19/2000,SMF,CA,AWP,WE,Towers with Display (VFR),246,48,19,11,324,3,2,74,0,79,249,50,93,11,403,142,2,144,547
06/20/2000,SMF,CA,AWP,WE,Towers with Display (VFR),249,49,20,11,329,0,10,95,1,106,249,59,115,12,435,92,8,100,535
06/21/2000,SMF,CA,AWP,WE,Towers with Display (VFR),248,51,20,11,330,0,6,49,6,61,248,57,69,17,391,86,22,108,499
06/22/2000,SMF,CA,AWP,WE,Towers with Display (VFR),251,50,20,11,332,0,17,68,3,88,251,67,88,14,420,60,10,70,490
06/23/2000,SMF,CA,AWP,WE,Towers with Display (VFR),257,50,20,5,332,5,12,80,0,97,262,62,100,5,429,106,0,106,535
06/24/2000,SMF,CA,AWP,WE,Towers with Display (VFR),220,42,17,2,281,20,0,52,0,72,240,42,69,2,353,42,0,42,395
06/25/2000,SMF,CA,AWP,WE,Towers with Display (VFR),220,37,17,3,277,24,0,27,0,51,244,37,44,3,328,6,0,6,334
06/26/2000,SMF,CA,AWP,WE,Towers with Display (VFR),251,51,20,10,332,0,2,75,5,82,251,53,95,15,414,78,18,96,510
06/27/2000,SMF,CA,AWP,WE,Towers with Display (VFR),258,51,20,4,333,4,12,69,0,85,262,63,89,4,418,86,2,88,506
06/28/2000,SMF,CA,AWP,WE,Towers with Display (VFR),254,53,21,10,338,0,10,55,2,67,254,63,76,12,405,64,28,92,497
06/29/2000,SMF,CA,AWP,WE,Towers with Display (VFR),281,56,22,11,370,3,19,70,7,99,284,75,92,18,469,40,6,46,515
06/30/2000,SMF,CA,AWP,WE,Towers with Display (VFR),248,49,20,6,323,10,15,50,0,75,258,64,70,6,398,52,0,52,450
07/01/2000,SMF,CA,AWP,WE,Towers with Display (VFR),212,39,13,0,264,4,7,28,0,39,216,46,41,0,303,14,0,14,317
07/02/2000,SMF,CA,AWP,WE,Towers with Display (VFR),192,35,12,0,239,11,2,31,0,44,203,37,43,0,283,6,0,6,289
07/03/2000,SMF,CA,AWP,WE,Towers with Display (VFR),206,40,13,4,263,0,4,48,0,52,206,44,61,4,315,52,0,52,367
07/04/2000,SMF,CA,AWP,WE,Towers with Display (VFR),207,39,12,0,258,10,5,33,0,48,217,44,45,0,306,12,4,16,322
07/05/2000,SMF,CA,AWP,WE,Towers with Display (VFR),245,46,8,0,299,7,2,0,0,9,252,48,8,0,308,64,18,82,390
07/06/2000,SMF,CA,AWP,WE,Towers with Display (VFR),253,47,15,0,315,1,7,68,0,76,254,54,83,0,391,24,18,42,433
07/07/2000,SMF,CA,AWP,WE,Towers with Display (VFR),258,46,15,8,327,2,0,68,0,70,260,46,83,8,397,14,12,26,423
07/08/2000,SMF,CA,AWP,WE,Towers with Display (VFR),214,40,13,2,269,9,6,52,0,67,223,46,65,2,336,26,0,26,362
07/09/2000,SMF,CA,AWP,WE,Towers with Display (VFR),204,36,13,0,253,16,0,46,0,62,220,36,59,0,315,18,0,18,333
07/10/2000,SMF,CA,AWP,WE,Towers with Display (VFR),249,48,15,2,314,0,5,71,0,76,249,53,86,2,390,128,0,128,518
07/11/2000,SMF,CA,AWP,WE,Towers with Display (VFR),257,50,15,2,324,0,12,36,0,48,257,62,51,2,372,118,2,120,492
07/12/2000,SMF,CA,AWP,WE,Towers with Display (VFR),254,48,14,2,318,0,17,44,0,61,254,65,58,2,379,30,6,36,415
07/13/2000,SMF,CA,AWP,WE,Towers with Display (VFR),252,49,15,6,322,0,7,98,0,105,252,56,113,6,427,42,6,48,475
07/14/2000,SMF,CA,AWP,WE,Towers with Display (VFR),261,51,15,0,327,0,16,71,0,87,261,67,86,0,414,34,0,34,448
07/15/2000,SMF,CA,AWP,WE,Towers with Display (VFR),209,39,12,0,260,8,7,62,0,77,217,46,74,0,337,4,0,4,341
07/16/2000,SMF,CA,AWP,WE,Towers with Display (VFR),228,42,13,0,283,11,5,64,0,80,239,47,77,0,363,8,0,8,371
07/17/2000,SMF,CA,AWP,WE,Towers with Display (VFR),265,49,15,4,333,13,4,40,0,57,278,53,55,4,390,0,6,6,396
07/18/2000,SMF,CA,AWP,WE,Towers with Display (VFR),244,45,14,8,311,26,22,100,3,151,270,67,114,11,462,32,16,48,510
07/19/2000,SMF,CA,AWP,WE,Towers with Display (VFR),257,48,15,2,322,0,32,76,0,108,257,80,91,2,430,26,22,48,478
07/20/2000,SMF,CA,AWP,WE,Towers with Display (VFR),260,49,15,9,333,0,18,54,3,75,260,67,69,12,408,20,16,36,444
07/21/2000,SMF,CA,AWP,WE,Towers with Display (VFR),259,47,15,2,323,0,26,68,0,94,259,73,83,2,417,24,0,24,441
07/22/2000,SMF,CA,AWP,WE,Towers with Display (VFR),221,40,12,0,273,2,8,42,0,52,223,48,54,0,325,10,0,10,335
07/23/2000,SMF,CA,AWP,WE,Towers with Display (VFR),215,37,12,0,264,14,0,54,0,68,229,37,66,0,332,2,0,2,334
07/24/2000,SMF,CA,AWP,WE,Towers with Display (VFR),253,45,14,9,321,5,5,38,2,50,258,50,52,11,371,4,8,12,383
07/25/2000,SMF,CA,AWP,WE,Towers with Display (VFR),269,50,16,10,345,0,24,71,8,103,269,74,87,18,448,100,40,140,588
07/26/2000,SMF,CA,AWP,WE,Towers with Display (VFR),253,50,16,8,327,0,19,50,0,69,253,69,66,8,396,60,30,90,486
07/27/2000,SMF,CA,AWP,WE,Towers with Display (VFR),254,48,15,6,323,0,14,63,0,77,254,62,78,6,400,40,6,46,446
07/28/2000,SMF,CA,AWP,WE,Towers with Display (VFR),249,49,15,0,313,0,22,50,0,72,249,71,65,0,385,0,2,2,387
07/29/2000,SMF,CA,AWP,WE,Towers with Display (VFR),221,40,12,7,280,4,0,45,3,52,225,40,57,10,332,26,0,26,358
07/30/2000,SMF,CA,AWP,WE,Towers with Display (VFR),217,34,12,2,265,8,0,51,0,59,225,34,63,2,324,24,2,26,350
07/31/2000,SMF,CA,AWP,WE,Towers with Display (VFR),254,48,15,8,325,0,4,49,6,59,254,52,64,14,384,16,24,40,424
08/01/2000,SMF,CA,AWP,WE,Towers with Display (VFR),254,53,19,6,332,0,5,50,0,55,254,58,69,6,387,14,32,46,433
08/02/2000,SMF,CA,AWP,WE,Towers with Display (VFR),273,54,19,0,346,0,25,35,0,60,273,79,54,0,406,14,0,14,420
08/03/2000,SMF,CA,AWP,WE,Towers with Display (VFR),255,55,20,9,339,0,9,83,0,92,255,64,103,9,431,72,38,110,541
08/04/2000,SMF,CA,AWP,WE,Towers with Display (VFR),251,50,17,2,320,6,21,64,0,91,257,71,81,2,411,84,2,86,497
08/05/2000,SMF,CA,AWP,WE,Towers with Display (VFR),217,42,15,0,274,12,0,58,0,70,229,42,73,0,344,14,0,14,358
08/06/2000,SMF,CA,AWP,WE,Towers with Display (VFR),230,38,16,0,284,21,0,32,0,53,251,38,48,0,337,10,0,10,347
08/07/2000,SMF,CA,AWP,WE,Towers with Display (VFR),248,47,18,4,317,0,0,60,0,60,248,47,78,4,377,50,14,64,441
08/08/2000,SMF,CA,AWP,WE,Towers with Display (VFR),272,54,19,6,351,0,11,61,0,72,272,65,80,6,423,46,10,56,479
08/09/2000,SMF,CA,AWP,WE,Towers with Display (VFR),270,53,19,12,354,4,10,50,0,64,274,63,69,12,418,22,46,68,486
08/10/2000,SMF,CA,AWP,WE,Towers with Display (VFR),264,53,19,13,349,0,14,93,4,111,264,67,112,17,460,46,42,88,548
08/11/2000,SMF,CA,AWP,WE,Towers with Display (VFR),265,55,20,8,348,0,20,57,0,77,265,75,77,8,425,42,28,70,495
08/12/2000,SMF,CA,AWP,WE,Towers with Display (VFR),217,43,15,4,279,15,6,29,0,50,232,49,44,4,329,18,0,18,347
08/13/2000,SMF,CA,AWP,WE,Towers with Display (VFR),207,39,14,0,260,22,0,37,0,59,229,39,51,0,319,12,0,12,331
08/14/2000,SMF,CA,AWP,WE,Towers with Display (VFR),251,50,16,3,320,10,17,61,0,88,261,67,77,3,408,50,8,58,466
08/15/2000,SMF,CA,AWP,WE,Towers with Display (VFR),263,52,17,4,336,0,16,63,0,79,263,68,80,4,415,4,0,4,419
08/16/2000,SMF,CA,AWP,WE,Towers with Display (VFR),273,54,18,6,351,4,20,77,0,101,277,74,95,6,452,64,40,104,556
08/17/2000,SMF,CA,AWP,WE,Towers with Display (VFR),252,50,17,14,333,0,15,58,2,75,252,65,75,16,408,14,32,46,454
08/18/2000,SMF,CA,AWP,WE,Towers with Display (VFR),251,48,17,12,328,1,12,81,0,94,252,60,98,12,422,50,2,52,474
08/19/2000,SMF,CA,AWP,WE,Towers with Display (VFR),206,40,13,0,259,20,1,31,0,52,226,41,44,0,311,6,0,6,317
08/20/2000,SMF,CA,AWP,WE,Towers with Display (VFR),229,44,15,0,288,24,2,59,0,85,253,46,74,0,373,8,0,8,381
08/21/2000,SMF,CA,AWP,WE,Towers with Display (VFR),253,49,17,12,331,0,7,51,0,58,253,56,68,12,389,22,40,62,451
08/22/2000,SMF,CA,AWP,WE,Towers with Display (VFR),268,52,18,10,348,0,19,54,0,73,268,71,72,10,421,20,24,44,465
08/23/2000,SMF,CA,AWP,WE,Towers with Display (VFR),259,52,18,14,343,0,13,54,8,75,259,65,72,22,418,46,92,138,556
08/24/2000,SMF,CA,AWP,WE,Towers with Display (VFR),267,53,18,4,342,0,25,103,0,128,267,78,121,4,470,82,10,92,562
08/25/2000,SMF,CA,AWP,WE,Towers with Display (VFR),256,49,17,4,326,2,15,63,0,80,258,64,80,4,406,60,16,76,482
08/26/2000,SMF,CA,AWP,WE,Towers with Display (VFR),208,40,14,2,264,17,6,25,0,48,225,46,39,2,312,6,0,6,318
08/27/2000,SMF,CA,AWP,WE,Towers with Display (VFR),220,42,14,0,276,18,7,42,0,67,238,49,56,0,343,16,2,18,361
08/28/2000,SMF,CA,AWP,WE,Towers with Display (VFR),259,51,17,14,341,0,12,75,4,91,259,63,92,18,432,22,68,90,522
08/29/2000,SMF,CA,AWP,WE,Towers with Display (VFR),250,55,19,12,336,0,37,75,0,112,250,92,94,12,448,148,42,190,638
08/30/2000,SMF,CA,AWP,WE,Towers with Display (VFR),272,57,19,12,360,0,1,61,0,62,272,58,80,12,422,118,18,136,558
08/31/2000,SMF,CA,AWP,WE,Towers with Display (VFR),248,53,18,13,332,0,8,51,1,60,248,61,69,14,392,2,58,60,452
09/01/2000,SMF,CA,AWP,WE,Towers with Display (VFR),251,53,21,11,336,0,1,21,9,31,251,54,42,20,367,0,18,18,385
09/02/2000,SMF,CA,AWP,WE,Towers with Display (VFR),205,40,16,0,261,3,6,42,0,51,208,46,58,0,312,0,0,0,312
09/03/2000,SMF,CA,AWP,WE,Towers with Display (VFR),181,35,14,2,232,12,8,31,0,51,193,43,45,2,283,0,0,0,283
09/04/2000,SMF,CA,AWP,WE,Towers with Display (VFR),223,43,17,0,283,23,4,53,0,80,246,47,70,0,363,32,0,32,395
09/05/2000,SMF,CA,AWP,WE,Towers with Display (VFR),240,47,18,6,311,11,8,67,0,86,251,55,85,6,397,10,16,26,423
09/06/2000,SMF,CA,AWP,WE,Towers with Display (VFR),258,51,20,10,339,0,13,54,0,67,258,64,74,10,406,66,18,84,490
09/07/2000,SMF,CA,AWP,WE,Towers with Display (VFR),255,39,20,6,320,0,0,87,0,87,255,39,107,6,407,70,6,76,483
09/08/2000,SMF,CA,AWP,WE,Towers with Display (VFR),269,53,20,2,344,0,14,55,0,69,269,67,75,2,413,10,4,14,427
09/09/2000,SMF,CA,AWP,WE,Towers with Display (VFR),211,41,17,0,269,12,10,54,0,76,223,51,71,0,345,10,0,10,355
09/10/2000,SMF,CA,AWP,WE,Towers with Display (VFR),229,45,17,0,291,12,3,51,0,66,241,48,68,0,357,6,0,6,363
09/11/2000,SMF,CA,AWP,WE,Towers with Display (VFR),244,47,18,6,315,13,7,50,0,70,257,54,68,6,385,6,6,12,397
09/12/2000,SMF,CA,AWP,WE,Towers with Display (VFR),254,52,20,8,334,0,28,51,0,79,254,80,71,8,413,30,22,52,465
09/13/2000,SMF,CA,AWP,WE,Towers with Display (VFR),262,53,19,0,334,0,14,59,0,73,262,67,78,0,407,22,12,34,441
09/14/2000,SMF,CA,AWP,WE,Towers with Display (VFR),250,52,19,10,331,0,4,57,0,61,250,56,76,10,392,68,42,110,502
09/15/2000,SMF,CA,AWP,WE,Towers with Display (VFR),252,49,19,6,326,11,13,59,0,83,263,62,78,6,409,2,12,14,423
09/16/2000,SMF,CA,AWP,WE,Towers with Display (VFR),215,39,16,0,270,9,0,39,0,48,224,39,55,0,318,16,0,16,334
09/17/2000,SMF,CA,AWP,WE,Towers with Display (VFR),211,40,15,0,266,16,1,34,0,51,227,41,49,0,317,6,0,6,323
09/18/2000,SMF,CA,AWP,WE,Towers with Display (VFR),260,50,19,6,335,0,9,73,0,82,260,59,92,6,417,38,8,46,463
09/19/2000,SMF,CA,AWP,WE,Towers with Display (VFR),257,50,19,4,330,0,14,49,0,63,257,64,68,4,393,46,2,48,441
09/20/2000,SMF,CA,AWP,WE,Towers with Display (VFR),262,51,20,2,335,0,22,66,0,88,262,73,86,2,423,56,4,60,483
09/21/2000,SMF,CA,AWP,WE,Towers with Display (VFR),258,50,20,4,332,0,15,55,0,70,258,65,75,4,402,82,10,92,494
09/22/2000,SMF,CA,AWP,WE,Towers with Display (VFR),255,54,20,4,333,0,5,49,0,54,255,59,69,4,387,52,0,52,439
09/23/2000,SMF,CA,AWP,WE,Towers with Display (VFR),207,39,15,0,261,11,5,35,0,51,218,44,50,0,312,16,0,16,328
09/24/2000,SMF,CA,AWP,WE,Towers with Display (VFR),216,41,16,3,276,15,10,47,0,72,231,51,63,3,348,2,0,2,350
09/25/2000,SMF,CA,AWP,WE,Towers with Display (VFR),251,48,18,2,319,11,28,56,0,95,262,76,74,2,414,84,2,86,500
09/26/2000,SMF,CA,AWP,WE,Towers with Display (VFR),258,54,20,11,343,0,16,63,0,79,258,70,83,11,422,124,24,148,570
09/27/2000,SMF,CA,AWP,WE,Towers with Display (VFR),255,50,19,0,324,0,35,57,0,92,255,85,76,0,416,32,10,42,458
09/28/2000,SMF,CA,AWP,WE,Towers with Display (VFR),246,49,18,2,315,0,5,62,0,67,246,54,80,2,382,52,0,52,434
09/29/2000,SMF,CA,AWP,WE,Towers with Display (VFR),258,55,20,4,337,0,9,84,0,93,258,64,104,4,430,92,0,92,522
09/30/2000,SMF,CA,AWP,WE,Towers with Display (VFR),208,40,15,0,263,11,9,30,0,50,219,49,45,0,313,0,0,0,313
10/01/2000,SMF,CA,AWP,WE,Towers with Display (VFR),195,37,20,0,252,26,1,25,0,52,221,38,45,0,304,6,6,12,316
10/02/2000,SMF,CA,AWP,WE,Towers with Display (VFR),247,47,25,4,323,5,1,46,0,52,252,48,71,4,375,142,0,142,517
10/03/2000,SMF,CA,AWP,WE,Towers with Display (VFR),259,51,27,6,343,0,21,39,0,60,259,72,66,6,403,136,6,142,545
10/04/2000,SMF,CA,AWP,WE,Towers with Display (VFR),254,50,27,4,335,0,19,57,0,76,254,69,84,4,411,48,12,60,471
10/05/2000,SMF,CA,AWP,WE,Towers with Display (VFR),249,51,27,2,329,0,15,73,0,88,249,66,100,2,417,40,28,68,485
10/06/2000,SMF,CA,AWP,WE,Towers with Display (VFR),243,50,27,6,326,0,12,72,0,84,243,62,99,6,410,102,34,136,546
10/07/2000,SMF,CA,AWP,WE,Towers with Display (VFR),204,39,22,0,265,13,4,37,0,54,217,43,59,0,319,2,0,2,321
10/08/2000,SMF,CA,AWP,WE,Towers with Display (VFR),213,38,22,0,273,28,0,40,0,68,241,38,62,0,341,2,2,4,345
10/09/2000,SMF,CA,AWP,WE,Towers with Display (VFR),236,45,24,0,305,22,1,20,0,43,258,46,44,0,348,0,0,0,348
10/10/2000,SMF,CA,AWP,WE,Towers with Display (VFR),275,55,30,8,368,0,12,12,0,24,275,67,42,8,392,16,22,38,430
10/11/2000,SMF,CA,AWP,WE,Towers with Display (VFR),253,54,30,6,343,0,14,16,0,30,253,68,46,6,373,16,20,36,409
10/12/2000,SMF,CA,AWP,WE,Towers with Display (VFR),251,54,30,2,337,0,9,59,0,68,251,63,89,2,405,108,10,118,523
10/13/2000,SMF,CA,AWP,WE,Towers with Display (VFR),254,50,27,2,333,0,13,62,0,75,254,63,89,2,408,108,10,118,526
10/14/2000,SMF,CA,AWP,WE,Towers with Display (VFR),201,39,20,0,260,16,4,26,0,46,217,43,46,0,306,22,0,22,328
10/15/2000,SMF,CA,AWP,WE,Towers with Display (VFR),206,40,20,0,266,28,6,28,0,62,234,46,48,0,328,24,0,24,352
10/16/2000,SMF,CA,AWP,WE,Towers with Display (VFR),282,54,28,6,370,4,15,73,0,92,286,69,101,6,462,88,22,110,572
10/17/2000,SMF,CA,AWP,WE,Towers with Display (VFR),259,51,26,9,345,0,31,85,0,116,259,82,111,9,461,134,22,156,617
10/18/2000,SMF,CA,AWP,WE,Towers with Display (VFR),262,50,26,9,347,3,21,44,0,68,265,71,70,9,415,82,28,110,525
10/19/2000,SMF,CA,AWP,WE,Towers with Display (VFR),262,50,26,9,347,3,21,44,0,68,265,71,70,9,415,82,28,110,525
10/20/2000,SMF,CA,AWP,WE,Towers with Display (VFR),242,48,25,10,325,0,19,67,0,86,242,67,92,10,411,18,22,40,451
10/21/2000,SMF,CA,AWP,WE,Towers with Display (VFR),251,48,25,0,324,0,18,65,0,83,251,66,90,0,407,48,18,66,473
10/22/2000,SMF,CA,AWP,WE,Towers with Display (VFR),201,37,20,0,258,17,0,26,0,43,218,37,46,0,301,0,0,0,301
10/23/2000,SMF,CA,AWP,WE,Towers with Display (VFR),220,41,22,2,285,17,0,22,0,39,237,41,44,2,324,0,0,0,324
10/24/2000,SMF,CA,AWP,WE,Towers with Display (VFR),239,44,24,4,311,9,11,65,0,85,248,55,89,4,396,22,2,24,420
10/25/2000,SMF,CA,AWP,WE,Towers with Display (VFR),255,49,27,5,336,0,12,66,0,78,255,61,93,5,414,18,12,30,444
10/26/2000,SMF,CA,AWP,WE,Towers with Display (VFR),247,50,27,12,336,0,13,46,0,59,247,63,73,12,395,8,64,72,467
10/27/2000,SMF,CA,AWP,WE,Towers with Display (VFR),282,51,31,15,379,0,0,16,0,16,282,51,47,15,395,66,40,106,501
10/28/2000,SMF,CA,AWP,WE,Towers with Display (VFR),256,49,27,4,336,0,15,49,0,64,256,64,76,4,400,92,20,112,512
10/29/2000,SMF,CA,AWP,WE,Towers with Display (VFR),203,36,20,0,259,19,0,4,0,23,222,36,24,0,282,0,0,0,282
10/30/2000,SMF,CA,AWP,WE,Towers with Display (VFR),209,38,21,0,268,28,0,3,0,31,237,38,24,0,299,4,0,4,303
10/31/2000,SMF,CA,AWP,WE,Towers with Display (VFR),250,49,26,13,338,0,17,63,3,83,250,66,89,16,421,80,30,110,531
11/01/2000,SMF,CA,AWP,WE,Towers with Display (VFR),236,50,26,11,323,0,9,54,0,63,236,59,80,11,386,6,24,30,416
11/02/2000,SMF,CA,AWP,WE,Towers with Display (VFR),264,54,27,0,345,5,10,46,0,61,269,64,73,0,406,56,6,62,468
11/03/2000,SMF,CA,AWP,WE,Towers with Display (VFR),238,48,25,2,313,0,12,80,0,92,238,60,105,2,405,210,4,214,619
11/04/2000,SMF,CA,AWP,WE,Towers with Display (VFR),197,40,21,0,258,16,1,31,0,48,213,41,52,0,306,6,0,6,312
11/05/2000,SMF,CA,AWP,WE,Towers with Display (VFR),205,37,21,0,263,13,0,31,0,44,218,37,52,0,307,6,0,6,313
11/06/2000,SMF,CA,AWP,WE,Towers with Display (VFR),240,48,25,10,323,2,5,28,2,37,242,53,53,12,360,88,34,122,482
11/07/2000,SMF,CA,AWP,WE,Towers with Display (VFR),250,50,26,6,332,2,11,57,0,70,252,61,83,6,402,78,14,92,494
11/08/2000,SMF,CA,AWP,WE,Towers with Display (VFR),253,53,28,4,338,0,12,49,0,61,253,65,77,4,399,52,36,88,487
11/09/2000,SMF,CA,AWP,WE,Towers with Display (VFR),245,51,26,10,332,0,16,45,0,61,245,67,71,10,393,58,34,92,485
11/10/2000,SMF,CA,AWP,WE,Towers with Display (VFR),248,50,25,0,323,2,19,26,0,47,250,69,51,0,370,2,22,24,394
11/11/2000,SMF,CA,AWP,WE,Towers with Display (VFR),206,42,20,0,268,20,6,20,0,46,226,48,40,0,314,10,0,10,324
11/12/2000,SMF,CA,AWP,WE,Towers with Display (VFR),205,42,20,0,267,25,4,28,0,57,230,46,48,0,324,26,0,26,350
11/13/2000,SMF,CA,AWP,WE,Towers with Display (VFR),250,49,25,6,330,0,0,33,0,33,250,49,58,6,363,28,26,54,417
11/14/2000,SMF,CA,AWP,WE,Towers with Display (VFR),256,52,25,5,338,4,12,30,0,46,260,64,55,5,384,30,8,38,422
11/15/2000,SMF,CA,AWP,WE,Towers with Display (VFR),283,60,30,8,381,0,14,17,0,31,283,74,47,8,412,8,10,18,430
11/16/2000,SMF,CA,AWP,WE,Towers with Display (VFR),249,54,26,12,341,0,1,53,0,54,249,55,79,12,395,46,6,52,447
11/17/2000,SMF,CA,AWP,WE,Towers with Display (VFR),252,51,26,4,333,0,20,74,0,94,252,71,100,4,427,30,32,62,489
11/18/2000,SMF,CA,AWP,WE,Towers with Display (VFR),212,42,21,4,279,15,7,37,0,59,227,49,58,4,338,36,2,38,376
11/19/2000,SMF,CA,AWP,WE,Towers with Display (VFR),210,41,21,0,272,34,4,16,0,54,244,45,37,0,326,16,0,16,342
11/20/2000,SMF,CA,AWP,WE,Towers with Display (VFR),252,49,25,4,330,1,0,33,0,34,253,49,58,4,364,44,8,52,416
11/21/2000,SMF,CA,AWP,WE,Towers with Display (VFR),239,52,26,8,325,0,12,33,0,45,239,64,59,8,370,22,12,34,404
11/22/2000,SMF,CA,AWP,WE,Towers with Display (VFR),261,53,26,6,346,0,11,23,0,34,261,64,49,6,380,16,2,18,398
11/23/2000,SMF,CA,AWP,WE,Towers with Display (VFR),180,35,15,0,230,6,10,0,0,16,186,45,15,0,246,2,0,2,248
11/24/2000,SMF,CA,AWP,WE,Towers with Display (VFR),189,38,19,0,246,0,26,5,0,31,189,64,24,0,277,0,0,0,277
11/25/2000,SMF,CA,AWP,WE,Towers with Display (VFR),208,37,20,0,265,9,0,9,0,18,217,37,29,0,283,0,0,0,283
11/26/2000,SMF,CA,AWP,WE,Towers with Display (VFR),222,36,22,0,280,16,0,15,0,31,238,36,37,0,311,0,0,0,311
11/27/2000,SMF,CA,AWP,WE,Towers with Display (VFR),257,45,28,10,340,0,0,26,0,26,257,45,54,10,366,38,8,46,412
11/28/2000,SMF,CA,AWP,WE,Towers with Display (VFR),270,56,27,4,357,0,6,11,0,17,270,62,38,4,374,0,14,14,388
11/29/2000,SMF,CA,AWP,WE,Towers with Display (VFR),245,53,26,0,324,0,4,16,0,20,245,57,42,0,344,52,0,52,396
11/30/2000,SMF,CA,AWP,WE,Towers with Display (VFR),272,56,27,2,357,0,6,38,0,44,272,62,65,2,401,34,2,36,437
12/01/2000,SMF,CA,AWP,WE,Towers with Display (VFR),250,49,24,2,325,0,15,44,0,59,250,64,68,2,384,20,20,40,424
12/02/2000,SMF,CA,AWP,WE,Towers with Display (VFR),218,41,20,0,279,11,1,19,0,31,229,42,39,0,310,2,2,4,314
12/03/2000,SMF,CA,AWP,WE,Towers with Display (VFR),207,26,16,0,249,16,0,0,0,16,223,26,16,0,265,0,0,0,265
12/04/2000,SMF,CA,AWP,WE,Towers with Display (VFR),232,27,21,9,289,4,0,13,1,18,236,27,34,10,307,6,22,28,335
12/05/2000,SMF,CA,AWP,WE,Towers with Display (VFR),243,36,22,1,302,2,0,17,0,19,245,36,39,1,321,4,4,8,329
12/06/2000,SMF,CA,AWP,WE,Towers with Display (VFR),267,52,25,2,346,0,18,11,0,29,267,70,36,2,375,8,8,16,391
12/07/2000,SMF,CA,AWP,WE,Towers with Display (VFR),260,53,25,6,344,0,15,30,0,45,260,68,55,6,389,18,32,50,439
12/08/2000,SMF,CA,AWP,WE,Towers with Display (VFR),240,46,22,4,312,0,15,44,0,59,240,61,66,4,371,22,0,22,393
12/09/2000,SMF,CA,AWP,WE,Towers with Display (VFR),198,37,9,0,244,21,0,0,0,21,219,37,9,0,265,0,0,0,265
12/10/2000,SMF,CA,AWP,WE,Towers with Display (VFR),220,41,18,0,279,18,2,0,0,20,238,43,18,0,299,0,0,0,299
12/11/2000,SMF,CA,AWP,WE,Towers with Display (VFR),240,51,24,10,325,0,2,20,0,22,240,53,44,10,347,6,38,44,391
12/12/2000,SMF,CA,AWP,WE,Towers with Display (VFR),249,49,24,4,326,0,7,6,0,13,249,56,30,4,339,6,4,10,349
12/13/2000,SMF,CA,AWP,WE,Towers with Display (VFR),266,56,26,6,354,0,12,24,0,36,266,68,50,6,390,8,32,40,430
12/14/2000,SMF,CA,AWP,WE,Towers with Display (VFR),244,52,24,6,326,0,4,14,0,18,244,56,38,6,344,12,4,16,360
12/15/2000,SMF,CA,AWP,WE,Towers with Display (VFR),248,51,23,2,324,0,17,52,0,69,248,68,75,2,393,0,0,0,393
12/16/2000,SMF,CA,AWP,WE,Towers with Display (VFR),202,39,17,0,258,16,7,20,0,43,218,46,37,0,301,0,0,0,301
12/17/2000,SMF,CA,AWP,WE,Towers with Display (VFR),217,40,19,0,276,26,4,3,0,33,243,44,22,0,309,4,0,4,313
12/18/2000,SMF,CA,AWP,WE,Towers with Display (VFR),252,48,22,4,326,3,14,28,0,45,255,62,50,4,371,36,6,42,413
12/19/2000,SMF,CA,AWP,WE,Towers with Display (VFR),268,50,23,4,345,0,19,22,0,41,268,69,45,4,386,20,8,28,414
12/20/2000,SMF,CA,AWP,WE,Towers with Display (VFR),241,44,21,4,310,0,25,14,0,39,241,69,35,4,349,12,4,16,365
12/21/2000,SMF,CA,AWP,WE,Towers with Display (VFR),248,51,24,8,331,0,6,20,0,26,248,57,44,8,357,28,28,56,413
12/22/2000,SMF,CA,AWP,WE,Towers with Display (VFR),248,47,22,0,317,0,22,35,0,57,248,69,57,0,374,30,0,30,404
12/23/2000,SMF,CA,AWP,WE,Towers with Display (VFR),228,43,20,0,291,0,0,12,0,12,228,43,32,0,303,6,0,6,309
12/24/2000,SMF,CA,AWP,WE,Towers with Display (VFR),187,35,4,0,226,19,7,0,0,26,206,42,4,0,252,0,0,0,252
12/25/2000,SMF,CA,AWP,WE,Towers with Display (VFR),183,33,9,0,225,22,12,0,0,34,205,45,9,0,259,6,0,6,265
12/26/2000,SMF,CA,AWP,WE,Towers with Display (VFR),250,46,22,4,322,10,13,23,0,46,260,59,45,4,368,8,12,20,388
12/27/2000,SMF,CA,AWP,WE,Towers with Display (VFR),256,51,23,11,341,0,21,27,5,53,256,72,50,16,394,50,36,86,480
12/28/2000,SMF,CA,AWP,WE,Towers with Display (VFR),246,46,21,0,313,7,13,11,0,31,253,59,32,0,344,26,0,26,370
12/29/2000,SMF,CA,AWP,WE,Towers with Display (VFR),242,45,21,0,308,1,20,35,0,56,243,65,56,0,364,16,2,18,382
12/30/2000,SMF,CA,AWP,WE,Towers with Display (VFR),218,39,19,0,276,10,0,26,0,36,228,39,45,0,312,0,0,0,312
12/31/2000,SMF,CA,AWP,WE,Towers with Display (VFR),188,34,16,0,238,22,0,5,0,27,210,34,21,0,265,0,0,0,265
01/01/2001,SMF,CA,AWP,WE,Towers with Display (VFR),177,33,16,0,226,22,0,7,0,29,199,33,23,0,255,0,0,0,255
01/02/2001,SMF,CA,AWP,WE,Towers with Display (VFR),211,37,19,0,267,7,0,7,0,14,218,37,26,0,281,0,8,8,289
01/03/2001,SMF,CA,AWP,WE,Towers with Display (VFR),252,49,22,0,323,0,22,25,0,47,252,71,47,0,370,16,12,28,398
01/04/2001,SMF,CA,AWP,WE,Towers with Display (VFR),247,48,21,5,321,5,10,53,0,68,252,58,74,5,389,50,20,70,459
01/05/2001,SMF,CA,AWP,WE,Towers with Display (VFR),246,48,21,6,321,4,5,26,0,35,250,53,47,6,356,26,2,28,384
01/06/2001,SMF,CA,AWP,WE,Towers with Display (VFR),208,41,18,0,267,11,2,15,0,28,219,43,33,0,295,4,0,4,299
01/07/2001,SMF,CA,AWP,WE,Towers with Display (VFR),220,39,19,2,280,19,0,4,0,23,239,39,23,2,303,0,14,14,317
01/08/2001,SMF,CA,AWP,WE,Towers with Display (VFR),244,50,22,4,320,0,6,8,0,14,244,56,30,4,334,0,0,0,334
01/09/2001,SMF,CA,AWP,WE,Towers with Display (VFR),247,48,21,2,318,1,6,11,0,18,248,54,32,2,336,6,0,6,342
01/10/2001,SMF,CA,AWP,WE,Towers with Display (VFR),242,46,21,0,309,9,4,0,0,13,251,50,21,0,322,22,0,22,344
01/11/2001,SMF,CA,AWP,WE,Towers with Display (VFR),275,51,25,0,351,0,0,4,0,4,275,51,29,0,355,38,36,74,429
01/12/2001,SMF,CA,AWP,WE,Towers with Display (VFR),239,48,22,4,313,0,22,29,0,51,239,70,51,4,364,70,18,88,452
01/13/2001,SMF,CA,AWP,WE,Towers with Display (VFR),211,41,18,0,270,14,4,15,0,33,225,45,33,0,303,0,0,0,303
01/14/2001,SMF,CA,AWP,WE,Towers with Display (VFR),215,37,18,0,270,23,0,4,0,27,238,37,22,0,297,10,0,10,307
01/15/2001,SMF,CA,AWP,WE,Towers with Display (VFR),237,46,20,0,303,9,6,24,0,39,246,52,44,0,342,14,0,14,356
01/16/2001,SMF,CA,AWP,WE,Towers with Display (VFR),249,52,22,14,337,0,17,31,8,56,249,69,53,22,393,40,44,84,477
01/17/2001,SMF,CA,AWP,WE,Towers with Display (VFR),262,51,21,4,338,0,22,50,0,72,262,73,71,4,410,32,22,54,464
01/18/2001,SMF,CA,AWP,WE,Towers with Display (VFR),244,53,23,14,334,0,11,31,8,50,244,64,54,22,384,68,76,144,528
01/19/2001,SMF,CA,AWP,WE,Towers with Display (VFR),260,52,23,8,343,0,11,41,0,52,260,63,64,8,395,12,10,22,417
01/20/2001,SMF,CA,AWP,WE,Towers with Display (VFR),215,41,17,0,273,3,0,22,0,25,218,41,39,0,298,6,0,6,304
01/21/2001,SMF,CA,AWP,WE,Towers with Display (VFR),218,39,18,0,275,16,0,18,0,34,234,39,36,0,309,6,0,6,315
01/22/2001,SMF,CA,AWP,WE,Towers with Display (VFR),237,45,20,4,306,2,7,36,0,45,239,52,56,4,351,16,22,38,389
01/23/2001,SMF,CA,AWP,WE,Towers with Display (VFR),254,50,21,8,333,0,2,25,0,27,254,52,46,8,360,0,6,6,366
01/24/2001,SMF,CA,AWP,WE,Towers with Display (VFR),233,49,21,12,315,0,14,34,0,48,233,63,55,12,363,34,20,54,417
01/25/2001,SMF,CA,AWP,WE,Towers with Display (VFR),246,48,21,0,315,0,7,5,0,12,246,55,26,0,327,14,0,14,341
01/26/2001,SMF,CA,AWP,WE,Towers with Display (VFR),229,46,20,2,297,0,14,32,0,46,229,60,52,2,343,4,0,4,347
01/27/2001,SMF,CA,AWP,WE,Towers with Display (VFR),206,38,17,0,261,3,5,30,0,38,209,43,47,0,299,18,0,18,317
01/28/2001,SMF,CA,AWP,WE,Towers with Display (VFR),201,38,16,0,255,27,6,5,0,38,228,44,21,0,293,16,0,16,309
01/29/2001,SMF,CA,AWP,WE,Towers with Display (VFR),246,48,20,8,322,0,4,26,0,30,246,52,46,8,352,26,18,44,396
01/30/2001,SMF,CA,AWP,WE,Towers with Display (VFR),250,48,20,10,328,0,20,43,0,63,250,68,63,10,391,0,6,6,397
01/31/2001,SMF,CA,AWP,WE,Towers with Display (VFR),258,49,21,2,330,4,16,43,0,63,262,65,64,2,393,40,0,40,433
02/01/2001,SMF,CA,AWP,WE,Towers with Display (VFR),242,56,25,13,336,0,4,53,63,120,242,60,78,76,456,20,8,28,484
02/02/2001,SMF,CA,AWP,WE,Towers with Display (VFR),238,55,25,2,320,0,16,32,0,48,238,71,57,2,368,6,12,18,386
02/03/2001,SMF,CA,AWP,WE,Towers with Display (VFR),187,41,20,0,248,16,0,11,0,27,203,41,31,0,275,0,0,0,275
02/04/2001,SMF,CA,AWP,WE,Towers with Display (VFR),205,45,21,0,271,15,0,30,0,45,220,45,51,0,316,24,0,24,340
02/05/2001,SMF,CA,AWP,WE,Towers with Display (VFR),243,54,25,0,322,16,4,34,0,54,259,58,59,0,376,50,0,50,426
02/06/2001,SMF,CA,AWP,WE,Towers with Display (VFR),243,56,26,8,333,0,17,46,0,63,243,73,72,8,396,16,16,32,428
02/07/2001,SMF,CA,AWP,WE,Towers with Display (VFR),237,56,25,12,330,0,9,24,14,47,237,65,49,26,377,12,14,26,403
02/08/2001,SMF,CA,AWP,WE,Towers with Display (VFR),238,53,24,12,327,2,14,22,0,38,240,67,46,12,365,48,32,80,445
02/09/2001,SMF,CA,AWP,WE,Towers with Display (VFR),239,56,25,0,320,0,4,33,0,37,239,60,58,0,357,14,4,18,375
02/10/2001,SMF,CA,AWP,WE,Towers with Display (VFR),178,40,14,0,232,22,2,0,0,24,200,42,14,0,256,0,0,0,256
02/11/2001,SMF,CA,AWP,WE,Towers with Display (VFR),185,36,18,0,239,23,0,0,0,23,208,36,18,0,262,12,0,12,274
02/12/2001,SMF,CA,AWP,WE,Towers with Display (VFR),242,53,24,0,319,4,0,11,0,15,246,53,35,0,334,42,0,42,376
02/13/2001,SMF,CA,AWP,WE,Towers with Display (VFR),245,54,24,6,329,2,12,11,0,25,247,66,35,6,354,70,15,85,439
02/14/2001,SMF,CA,AWP,WE,Towers with Display (VFR),241,54,24,0,319,0,6,57,0,63,241,60,81,0,382,98,2,100,482
02/15/2001,SMF,CA,AWP,WE,Towers with Display (VFR),236,55,24,0,315,0,17,41,0,58,236,72,65,0,373,10,0,10,383
02/16/2001,SMF,CA,AWP,WE,Towers with Display (VFR),251,53,26,0,330,0,0,43,0,43,251,53,69,0,373,78,0,78,451
02/17/2001,SMF,CA,AWP,WE,Towers with Display (VFR),185,37,15,0,237,16,0,0,0,16,201,37,15,0,253,2,0,2,255
02/18/2001,SMF,CA,AWP,WE,Towers with Display (VFR),201,44,19,0,264,16,3,13,0,32,217,47,32,0,296,0,0,0,296
02/19/2001,SMF,CA,AWP,WE,Towers with Display (VFR),237,47,25,0,309,0,0,11,0,11,237,47,36,0,320,8,0,8,328
02/20/2001,SMF,CA,AWP,WE,Towers with Display (VFR),247,59,30,12,348,0,0,33,0,33,247,59,63,12,381,80,38,118,499
02/21/2001,SMF,CA,AWP,WE,Towers with Display (VFR),269,63,28,6,366,0,13,27,0,40,269,76,55,6,406,18,28,46,452
02/22/2001,SMF,CA,AWP,WE,Towers with Display (VFR),245,56,25,0,326,0,2,28,0,30,245,58,53,0,356,50,18,68,424
02/23/2001,SMF,CA,AWP,WE,Towers with Display (VFR),235,52,23,0,310,0,25,18,0,43,235,77,41,0,353,50,0,50,403
02/24/2001,SMF,CA,AWP,WE,Towers with Display (VFR),182,34,13,0,229,19,0,0,0,19,201,34,13,0,248,6,0,6,254
02/25/2001,SMF,CA,AWP,WE,Towers with Display (VFR),192,36,19,0,247,24,0,22,0,46,216,36,41,0,293,2,0,2,295
02/26/2001,SMF,CA,AWP,WE,Towers with Display (VFR),239,50,23,4,316,5,0,44,0,49,244,50,67,4,365,120,4,124,489
02/27/2001,SMF,CA,AWP,WE,Towers with Display (VFR),229,53,23,8,313,0,13,49,0,62,229,66,72,8,375,78,12,90,465
02/28/2001,SMF,CA,AWP,WE,Towers with Display (VFR),244,55,24,8,331,4,15,44,0,63,248,70,68,8,394,62,18,80,474
03/01/2001,SMF,CA,AWP,WE,Towers with Display (VFR),246,54,24,4,328,0,8,75,0,83,246,62,99,4,411,100,40,140,551
03/02/2001,SMF,CA,AWP,WE,Towers with Display (VFR),232,59,26,0,317,0,4,43,0,47,232,63,69,0,364,58,0,58,422
03/03/2001,SMF,CA,AWP,WE,Towers with Display (VFR),196,42,20,0,258,10,53,12,0,75,206,95,32,0,333,18,0,18,351
03/04/2001,SMF,CA,AWP,WE,Towers with Display (VFR),196,29,10,0,235,22,0,0,0,22,218,29,10,0,257,18,0,18,275
03/05/2001,SMF,CA,AWP,WE,Towers with Display (VFR),242,54,25,8,329,0,0,28,0,28,242,54,53,8,357,60,44,104,461
03/06/2001,SMF,CA,AWP,WE,Towers with Display (VFR),256,55,25,6,342,1,11,37,0,49,257,66,62,6,391,112,80,192,583
03/07/2001,SMF,CA,AWP,WE,Towers with Display (VFR),260,57,25,11,353,0,6,66,1,73,260,63,91,12,426,126,32,158,584
03/08/2001,SMF,CA,AWP,WE,Towers with Display (VFR),252,54,25,6,337,0,9,32,0,41,252,63,57,6,378,6,18,24,402
03/09/2001,SMF,CA,AWP,WE,Towers with Display (VFR),251,57,24,6,338,0,24,58,0,82,251,81,82,6,420,2,26,28,448
03/10/2001,SMF,CA,AWP,WE,Towers with Display (VFR),202,44,19,2,267,12,4,27,0,43,214,48,46,2,310,18,0,18,328
03/11/2001,SMF,CA,AWP,WE,Towers with Display (VFR),198,37,18,0,253,20,0,24,0,44,218,37,42,0,297,2,0,2,299
03/12/2001,SMF,CA,AWP,WE,Towers with Display (VFR),242,47,23,10,322,3,0,43,0,46,245,47,66,10,368,90,14,104,472
03/13/2001,SMF,CA,AWP,WE,Towers with Display (VFR),261,56,24,9,350,5,7,54,0,66,266,63,78,9,416,22,44,66,482
03/14/2001,SMF,CA,AWP,WE,Towers with Display (VFR),262,57,24,2,345,0,25,71,0,96,262,82,95,2,441,54,0,54,495
03/15/2001,SMF,CA,AWP,WE,Towers with Display (VFR),250,57,25,10,342,0,11,59,0,70,250,68,84,10,412,38,28,66,478
03/16/2001,SMF,CA,AWP,WE,Towers with Display (VFR),266,57,25,0,348,0,20,34,0,54,266,77,59,0,402,8,26,34,436
03/17/2001,SMF,CA,AWP,WE,Towers with Display (VFR),201,42,19,0,262,11,6,32,0,49,212,48,51,0,311,0,0,0,311
03/18/2001,SMF,CA,AWP,WE,Towers with Display (VFR),230,48,22,0,300,20,4,20,0,44,250,52,42,0,344,6,0,6,350
03/19/2001,SMF,CA,AWP,WE,Towers with Display (VFR),246,51,23,2,322,3,6,38,0,47,249,57,61,2,369,18,6,24,393
03/20/2001,SMF,CA,AWP,WE,Towers with Display (VFR),257,57,25,2,341,0,16,64,0,80,257,73,89,2,421,58,4,62,483
03/21/2001,SMF,CA,AWP,WE,Towers with Display (VFR),262,57,25,10,354,0,28,36,0,64,262,85,61,10,418,22,16,38,456
03/22/2001,SMF,CA,AWP,WE,Towers with Display (VFR),260,56,25,8,349,0,22,47,0,69,260,78,72,8,418,18,40,58,476
03/23/2001,SMF,CA,AWP,WE,Towers with Display (VFR),262,55,24,2,343,4,6,54,0,64,266,61,78,2,407,10,0,10,417
03/24/2001,SMF,CA,AWP,WE,Towers with Display (VFR),200,42,19,0,261,12,0,13,0,25,212,42,32,0,286,0,0,0,286
03/25/2001,SMF,CA,AWP,WE,Towers with Display (VFR),208,43,19,0,270,16,1,20,0,37,224,44,39,0,307,10,0,10,317
03/26/2001,SMF,CA,AWP,WE,Towers with Display (VFR),232,49,21,2,304,17,5,34,0,56,249,54,55,2,360,50,12,62,422
03/27/2001,SMF,CA,AWP,WE,Towers with Display (VFR),262,57,25,11,355,0,14,88,3,105,262,71,113,14,460,82,34,116,576
03/28/2001,SMF,CA,AWP,WE,Towers with Display (VFR),251,56,24,8,339,0,7,47,0,54,251,63,71,8,393,112,8,120,513
03/29/2001,SMF,CA,AWP,WE,Towers with Display (VFR),263,56,24,11,354,0,9,46,3,58,263,65,70,14,412,74,44,118,530
03/30/2001,SMF,CA,AWP,WE,Towers with Display (VFR),244,55,23,11,333,0,13,40,1,54,244,68,63,12,387,14,24,38,425
03/31/2001,SMF,CA,AWP,WE,Towers with Display (VFR),200,43,19,0,262,11,9,22,0,42,211,52,41,0,304,14,0,14,318
04/01/2001,SMF,CA,AWP,WE,Towers with Display (VFR),208,39,18,0,265,25,0,25,0,50,233,39,43,0,315,10,0,10,325
04/02/2001,SMF,CA,AWP,WE,Towers with Display (VFR),264,55,23,10,352,9,4,33,2,48,273,59,56,12,400,6,26,32,432
04/03/2001,SMF,CA,AWP,WE,Towers with Display (VFR),266,57,24,6,353,0,19,20,0,39,266,76,44,6,392,20,8,28,420
04/04/2001,SMF,CA,AWP,WE,Towers with Display (VFR),263,58,24,8,353,0,14,51,0,65,263,72,75,8,418,8,40,48,466
04/05/2001,SMF,CA,AWP,WE,Towers with Display (VFR),249,55,24,10,338,0,10,49,12,71,249,65,73,22,409,24,48,72,481
04/06/2001,SMF,CA,AWP,WE,Towers with Display (VFR),241,54,23,10,328,0,6,17,2,25,241,60,40,12,353,18,2,20,373
04/07/2001,SMF,CA,AWP,WE,Towers with Display (VFR),221,46,20,2,289,0,4,14,0,18,221,50,34,2,307,10,2,12,319
04/08/2001,SMF,CA,AWP,WE,Towers with Display (VFR),208,37,18,0,263,12,0,25,0,37,220,37,43,0,300,4,0,4,304
04/09/2001,SMF,CA,AWP,WE,Towers with Display (VFR),243,51,21,4,319,14,5,26,0,45,257,56,47,4,364,86,32,118,482
04/10/2001,SMF,CA,AWP,WE,Towers with Display (VFR),264,56,23,10,353,0,8,38,0,46,264,64,61,10,399,30,30,60,459
04/11/2001,SMF,CA,AWP,WE,Towers with Display (VFR),257,54,22,6,339,0,0,29,0,29,257,54,51,6,368,68,20,88,456
04/12/2001,SMF,CA,AWP,WE,Towers with Display (VFR),252,55,22,2,331,0,13,42,0,55,252,68,64,2,386,82,4,86,472
04/13/2001,SMF,CA,AWP,WE,Towers with Display (VFR),250,54,22,2,328,0,9,45,0,54,250,63,67,2,382,0,8,8,390
04/14/2001,SMF,CA,AWP,WE,Towers with Display (VFR),202,41,17,0,260,9,14,29,0,52,211,55,46,0,312,12,0,12,324
04/15/2001,SMF,CA,AWP,WE,Towers with Display (VFR),211,41,17,0,269,24,0,23,0,47,235,41,40,0,316,4,0,4,320
04/16/2001,SMF,CA,AWP,WE,Towers with Display (VFR),247,51,21,8,327,0,1,73,0,74,247,52,94,8,401,112,16,128,529
04/17/2001,SMF,CA,AWP,WE,Towers with Display (VFR),259,57,23,8,347,0,16,62,0,78,259,73,85,8,425,104,16,120,545
04/18/2001,SMF,CA,AWP,WE,Towers with Display (VFR),266,54,23,6,349,4,14,22,0,40,270,68,45,6,389,4,34,38,427
04/19/2001,SMF,CA,AWP,WE,Towers with Display (VFR),253,57,23,12,345,0,9,62,2,73,253,66,85,14,418,118,52,170,588
04/20/2001,SMF,CA,AWP,WE,Towers with Display (VFR),253,51,21,2,327,6,16,6,0,28,259,67,27,2,355,2,0,2,357
04/21/2001,SMF,CA,AWP,WE,Towers with Display (VFR),218,43,19,0,280,6,0,34,0,40,224,43,53,0,320,26,0,26,346
04/22/2001,SMF,CA,AWP,WE,Towers with Display (VFR),200,37,16,0,253,18,0,37,0,55,218,37,53,0,308,4,0,4,312
04/23/2001,SMF,CA,AWP,WE,Towers with Display (VFR),252,52,21,6,331,0,0,52,0,52,252,52,73,6,383,10,8,18,401
04/24/2001,SMF,CA,AWP,WE,Towers with Display (VFR),254,53,21,6,334,0,10,31,0,41,254,63,52,6,375,32,0,32,407
04/25/2001,SMF,CA,AWP,WE,Towers with Display (VFR),262,55,22,4,343,0,24,55,0,79,262,79,77,4,422,74,4,78,500
04/26/2001,SMF,CA,AWP,WE,Towers with Display (VFR),248,51,20,6,325,5,13,49,0,67,253,64,69,6,392,20,10,30,422
04/27/2001,SMF,CA,AWP,WE,Towers with Display (VFR),258,54,22,2,336,0,20,32,0,52,258,74,54,2,388,46,2,48,436
04/28/2001,SMF,CA,AWP,WE,Towers with Display (VFR),204,42,17,0,263,13,4,22,0,39,217,46,39,0,302,26,0,26,328
04/29/2001,SMF,CA,AWP,WE,Towers with Display (VFR),204,39,17,0,260,16,0,37,0,53,220,39,54,0,313,28,0,28,341
04/30/2001,SMF,CA,AWP,WE,Towers with Display (VFR),247,51,21,6,325,4,3,49,0,56,251,54,70,6,381,52,16,68,449
05/01/2001,SMF,CA,AWP,WE,Towers with Display (VFR),250,55,20,11,336,0,18,43,3,64,250,73,63,14,400,58,2,60,460
05/02/2001,SMF,CA,AWP,WE,Towers with Display (VFR),265,60,22,6,353,0,14,31,0,45,265,74,53,6,398,2,22,24,422
05/03/2001,SMF,CA,AWP,WE,Towers with Display (VFR),256,55,20,5,336,0,17,47,0,64,256,72,67,5,400,32,10,42,442
05/04/2001,SMF,CA,AWP,WE,Towers with Display (VFR),259,57,20,2,338,4,13,50,0,67,263,70,70,2,405,34,8,42,447
05/05/2001,SMF,CA,AWP,WE,Towers with Display (VFR),203,43,16,0,262,15,0,25,0,40,218,43,41,0,302,4,0,4,306
05/06/2001,SMF,CA,AWP,WE,Towers with Display (VFR),215,39,17,0,271,26,0,21,0,47,241,39,38,0,318,2,0,2,320
05/07/2001,SMF,CA,AWP,WE,Towers with Display (VFR),235,51,18,4,308,13,6,47,0,66,248,57,65,4,374,28,0,28,402
05/08/2001,SMF,CA,AWP,WE,Towers with Display (VFR),272,60,22,13,367,0,16,86,3,105,272,76,108,16,472,32,10,42,514
05/09/2001,SMF,CA,AWP,WE,Towers with Display (VFR),278,60,22,4,364,0,19,51,0,70,278,79,73,4,434,12,0,12,446
05/10/2001,SMF,CA,AWP,WE,Towers with Display (VFR),264,58,21,2,345,0,15,59,0,74,264,73,80,2,419,34,0,34,453
05/11/2001,SMF,CA,AWP,WE,Towers with Display (VFR),255,58,21,4,338,0,11,75,0,86,255,69,96,4,424,10,20,30,454
05/12/2001,SMF,CA,AWP,WE,Towers with Display (VFR),200,43,16,0,259,12,3,30,0,45,212,46,46,0,304,22,0,22,326
05/13/2001,SMF,CA,AWP,WE,Towers with Display (VFR),233,37,19,0,289,0,0,64,0,64,233,37,83,0,353,2,0,2,355
05/14/2001,SMF,CA,AWP,WE,Towers with Display (VFR),259,53,21,14,347,0,0,57,9,66,259,53,78,23,413,54,26,80,493
05/15/2001,SMF,CA,AWP,WE,Towers with Display (VFR),265,65,22,15,367,0,22,63,7,92,265,87,85,22,459,8,56,64,523
05/16/2001,SMF,CA,AWP,WE,Towers with Display (VFR),253,55,19,2,329,6,13,43,0,62,259,68,62,2,391,6,6,12,403
05/17/2001,SMF,CA,AWP,WE,Towers with Display (VFR),255,54,20,4,333,2,17,100,0,119,257,71,120,4,452,84,2,86,538
05/18/2001,SMF,CA,AWP,WE,Towers with Display (VFR),251,56,19,4,330,0,5,66,0,71,251,61,85,4,401,36,10,46,447
05/19/2001,SMF,CA,AWP,WE,Towers with Display (VFR),207,44,16,0,267,15,4,23,0,42,222,48,39,0,309,14,0,14,323
05/20/2001,SMF,CA,AWP,WE,Towers with Display (VFR),207,41,15,0,263,18,0,41,0,59,225,41,56,0,322,48,0,48,370
05/21/2001,SMF,CA,AWP,WE,Towers with Display (VFR),236,50,17,8,311,7,7,62,0,76,243,57,79,8,387,90,0,90,477
05/22/2001,SMF,CA,AWP,WE,Towers with Display (VFR),269,58,20,2,349,0,26,48,0,74,269,84,68,2,423,26,0,26,449
05/23/2001,SMF,CA,AWP,WE,Towers with Display (VFR),257,56,19,6,338,0,18,55,0,73,257,74,74,6,411,28,8,36,447
05/24/2001,SMF,CA,AWP,WE,Towers with Display (VFR),267,58,20,4,349,0,24,84,0,108,267,82,104,4,457,108,26,134,591
05/25/2001,SMF,CA,AWP,WE,Towers with Display (VFR),279,62,22,4,367,0,14,67,0,81,279,76,89,4,448,58,8,66,514
05/26/2001,SMF,CA,AWP,WE,Towers with Display (VFR),211,46,16,0,273,3,1,31,0,35,214,47,47,0,308,12,0,12,320
05/27/2001,SMF,CA,AWP,WE,Towers with Display (VFR),180,39,13,0,232,20,0,37,0,57,200,39,50,0,289,26,0,26,315
05/28/2001,SMF,CA,AWP,WE,Towers with Display (VFR),210,44,16,0,270,19,0,28,0,47,229,44,44,0,317,18,0,18,335
05/29/2001,SMF,CA,AWP,WE,Towers with Display (VFR),249,54,18,10,331,8,6,41,0,55,257,60,59,10,386,32,22,54,440
05/30/2001,SMF,CA,AWP,WE,Towers with Display (VFR),257,58,20,12,347,0,18,43,0,61,257,76,63,12,408,66,2,68,476
05/31/2001,SMF,CA,AWP,WE,Towers with Display (VFR),246,55,19,4,324,0,28,49,0,77,246,83,68,4,401,10,4,14,415
06/01/2001,SMF,CA,AWP,WE,Towers with Display (VFR),264,61,18,0,343,0,14,45,0,59,264,75,63,0,402,46,0,46,448
06/02/2001,SMF,CA,AWP,WE,Towers with Display (VFR),212,47,14,0,273,5,0,49,0,54,217,47,63,0,327,2,0,2,329
06/03/2001,SMF,CA,AWP,WE,Towers with Display (VFR),212,42,14,2,270,15,0,34,0,49,227,42,48,2,319,0,4,4,323
06/04/2001,SMF,CA,AWP,WE,Towers with Display (VFR),242,54,15,0,311,5,4,60,0,69,247,58,75,0,380,44,0,44,424
06/05/2001,SMF,CA,AWP,WE,Towers with Display (VFR),256,59,17,8,340,0,10,50,0,60,256,69,67,8,400,0,24,24,424
06/06/2001,SMF,CA,AWP,WE,Towers with Display (VFR),271,61,18,10,360,0,21,55,0,76,271,82,73,10,436,20,12,32,468
06/07/2001,SMF,CA,AWP,WE,Towers with Display (VFR),258,61,18,11,348,0,11,63,1,75,258,72,81,12,423,30,14,44,467
06/08/2001,SMF,CA,AWP,WE,Towers with Display (VFR),263,61,18,6,348,0,22,69,0,91,263,83,87,6,439,60,44,104,543
06/09/2001,SMF,CA,AWP,WE,Towers with Display (VFR),222,49,14,4,289,1,10,23,0,34,223,59,37,4,323,22,16,38,361
06/10/2001,SMF,CA,AWP,WE,Towers with Display (VFR),236,53,14,0,303,21,0,47,0,68,257,53,61,0,371,30,0,30,401
06/11/2001,SMF,CA,AWP,WE,Towers with Display (VFR),255,57,15,8,335,8,3,56,0,67,263,60,71,8,402,24,12,36,438
06/12/2001,SMF,CA,AWP,WE,Towers with Display (VFR),273,63,17,12,365,0,11,65,4,80,273,74,82,16,445,0,50,50,495
06/13/2001,SMF,CA,AWP,WE,Towers with Display (VFR),283,63,17,4,367,0,17,70,0,87,283,80,87,4,454,34,6,40,494
06/14/2001,SMF,CA,AWP,WE,Towers with Display (VFR),285,60,18,2,365,0,0,82,0,82,285,60,100,2,447,126,2,128,575
06/15/2001,SMF,CA,AWP,WE,Towers with Display (VFR),262,61,17,4,344,0,14,75,0,89,262,75,92,4,433,184,2,186,619
06/16/2001,SMF,CA,AWP,WE,Towers with Display (VFR),225,48,13,0,286,16,0,47,0,63,241,48,60,0,349,12,0,12,361
06/17/2001,SMF,CA,AWP,WE,Towers with Display (VFR),217,43,14,0,274,25,0,41,0,66,242,43,55,0,340,26,0,26,366
06/18/2001,SMF,CA,AWP,WE,Towers with Display (VFR),242,53,14,4,313,8,4,48,0,60,250,57,62,4,373,92,0,92,465
06/19/2001,SMF,CA,AWP,WE,Towers with Display (VFR),266,58,16,0,340,0,16,46,0,62,266,74,62,0,402,0,0,0,402
06/20/2001,SMF,CA,AWP,WE,Towers with Display (VFR),256,56,16,0,328,0,22,31,0,53,256,78,47,0,381,24,0,24,405
06/21/2001,SMF,CA,AWP,WE,Towers with Display (VFR),266,58,16,2,342,3,15,71,0,89,269,73,87,2,431,48,2,50,481
06/22/2001,SMF,CA,AWP,WE,Towers with Display (VFR),261,59,16,10,346,0,14,60,0,74,261,73,76,10,420,84,28,112,532
06/23/2001,SMF,CA,AWP,WE,Towers with Display (VFR),219,47,13,0,279,17,5,21,0,43,236,52,34,0,322,14,0,14,336
06/24/2001,SMF,CA,AWP,WE,Towers with Display (VFR),234,44,14,2,294,24,0,24,0,48,258,44,38,2,342,10,4,14,356
06/25/2001,SMF,CA,AWP,WE,Towers with Display (VFR),264,58,16,10,348,2,5,64,0,71,266,63,80,10,419,54,8,62,481
06/26/2001,SMF,CA,AWP,WE,Towers with Display (VFR),273,61,17,10,361,0,4,77,0,81,273,65,94,10,442,6,30,36,478
06/27/2001,SMF,CA,AWP,WE,Towers with Display (VFR),261,63,17,8,349,0,3,57,0,60,261,66,74,8,409,46,22,68,477
06/28/2001,SMF,CA,AWP,WE,Towers with Display (VFR),270,62,17,10,359,0,2,48,0,50,270,64,65,10,409,30,26,56,465
06/29/2001,SMF,CA,AWP,WE,Towers with Display (VFR),274,64,17,6,361,0,17,85,0,102,274,81,102,6,463,2,18,20,483
06/30/2001,SMF,CA,AWP,WE,Towers with Display (VFR),226,50,14,0,290,8,12,35,0,55,234,62,49,0,345,2,0,2,347
07/01/2001,SMF,CA,AWP,WE,Towers with Display (VFR),230,37,12,2,281,21,0,56,0,77,251,37,68,2,358,0,0,0,358
07/02/2001,SMF,CA,AWP,WE,Towers with Display (VFR),264,56,14,10,344,1,9,66,0,76,265,65,80,10,420,46,6,52,472
07/03/2001,SMF,CA,AWP,WE,Towers with Display (VFR),262,56,15,4,337,0,24,46,0,70,262,80,61,4,407,102,2,104,511
07/04/2001,SMF,CA,AWP,WE,Towers with Display (VFR),224,47,12,0,283,15,8,0,0,23,239,55,12,0,306,4,0,4,310
07/05/2001,SMF,CA,AWP,WE,Towers with Display (VFR),264,58,14,8,344,0,11,61,0,72,264,69,75,8,416,104,10,114,530
07/06/2001,SMF,CA,AWP,WE,Towers with Display (VFR),281,59,16,2,358,1,21,79,0,101,282,80,95,2,459,108,4,112,571
07/07/2001,SMF,CA,AWP,WE,Towers with Display (VFR),234,49,13,0,296,8,6,47,0,61,242,55,60,0,357,60,0,60,417
07/08/2001,SMF,CA,AWP,WE,Towers with Display (VFR),248,46,13,0,307,15,0,72,0,87,263,46,85,0,394,46,0,46,440
07/09/2001,SMF,CA,AWP,WE,Towers with Display (VFR),275,58,15,8,356,0,4,81,0,85,275,62,96,8,441,106,10,116,557
07/10/2001,SMF,CA,AWP,WE,Towers with Display (VFR),274,62,16,4,356,0,23,84,0,107,274,85,100,4,463,120,12,132,595
07/11/2001,SMF,CA,AWP,WE,Towers with Display (VFR),271,59,14,2,346,0,25,40,0,65,271,84,54,2,411,10,0,10,421
07/12/2001,SMF,CA,AWP,WE,Towers with Display (VFR),272,63,15,13,363,0,10,68,7,85,272,73,83,20,448,118,66,184,632
07/13/2001,SMF,CA,AWP,WE,Towers with Display (VFR),281,60,14,12,367,0,18,64,0,82,281,78,78,12,449,84,26,110,559
07/14/2001,SMF,CA,AWP,WE,Towers with Display (VFR),226,40,11,0,277,11,0,39,0,50,237,40,50,0,327,10,0,10,337
07/15/2001,SMF,CA,AWP,WE,Towers with Display (VFR),252,45,13,0,310,27,0,36,0,63,279,45,49,0,373,2,0,2,375
07/16/2001,SMF,CA,AWP,WE,Towers with Display (VFR),277,59,14,8,358,0,3,64,0,67,277,62,78,8,425,166,40,206,631
07/17/2001,SMF,CA,AWP,WE,Towers with Display (VFR),286,62,15,12,375,0,27,50,0,77,286,89,65,12,452,74,10,84,536
07/18/2001,SMF,CA,AWP,WE,Towers with Display (VFR),277,60,14,7,358,0,19,38,0,57,277,79,52,7,415,16,4,20,435
07/19/2001,SMF,CA,AWP,WE,Towers with Display (VFR),275,59,14,8,356,0,15,48,0,63,275,74,62,8,419,80,32,112,531
07/20/2001,SMF,CA,AWP,WE,Towers with Display (VFR),295,61,15,0,371,13,10,48,0,71,308,71,63,0,442,84,2,86,528
07/21/2001,SMF,CA,AWP,WE,Towers with Display (VFR),245,51,12,0,308,9,22,50,0,81,254,73,62,0,389,60,0,60,449
07/22/2001,SMF,CA,AWP,WE,Towers with Display (VFR),249,49,12,0,310,24,0,34,0,58,273,49,46,0,368,6,0,6,374
07/23/2001,SMF,CA,AWP,WE,Towers with Display (VFR),262,54,13,4,333,7,2,63,0,72,269,56,76,4,405,134,14,148,553
07/24/2001,SMF,CA,AWP,WE,Towers with Display (VFR),281,62,15,13,371,0,14,54,7,75,281,76,69,20,446,78,28,106,552
07/25/2001,SMF,CA,AWP,WE,Towers with Display (VFR),258,57,13,10,338,0,25,66,0,91,258,82,79,10,429,96,6,102,531
07/26/2001,SMF,CA,AWP,WE,Towers with Display (VFR),284,61,15,4,364,0,22,49,0,71,284,83,64,4,435,60,24,84,519
07/27/2001,SMF,CA,AWP,WE,Towers with Display (VFR),260,57,13,0,330,0,30,49,0,79,260,87,62,0,409,108,0,108,517
07/28/2001,SMF,CA,AWP,WE,Towers with Display (VFR),234,49,12,0,295,9,8,42,0,59,243,57,54,0,354,14,0,14,368
07/29/2001,SMF,CA,AWP,WE,Towers with Display (VFR),240,44,12,0,296,25,0,33,0,58,265,44,45,0,354,4,0,4,358
07/30/2001,SMF,CA,AWP,WE,Towers with Display (VFR),270,57,13,0,340,7,8,50,0,65,277,65,63,0,405,68,0,68,473
07/31/2001,SMF,CA,AWP,WE,Towers with Display (VFR),289,64,15,2,370,0,15,69,0,84,289,79,84,2,454,86,6,92,546
08/01/2001,SMF,CA,AWP,WE,Towers with Display (VFR),290,67,19,13,389,0,13,65,1,79,290,80,84,14,468,76,38,114,582
08/02/2001,SMF,CA,AWP,WE,Towers with Display (VFR),270,60,18,8,356,1,17,81,0,99,271,77,99,8,455,10,16,26,481
08/03/2001,SMF,CA,AWP,WE,Towers with Display (VFR),272,62,18,4,356,0,13,40,0,53,272,75,58,4,409,6,4,10,419
08/04/2001,SMF,CA,AWP,WE,Towers with Display (VFR),235,48,15,0,298,10,0,56,0,66,245,48,71,0,364,0,0,0,364
08/05/2001,SMF,CA,AWP,WE,Towers with Display (VFR),236,52,15,0,303,25,0,35,0,60,261,52,50,0,363,14,0,14,377
08/06/2001,SMF,CA,AWP,WE,Towers with Display (VFR),250,56,16,4,326,6,10,75,0,91,256,66,91,4,417,98,16,114,531
08/07/2001,SMF,CA,AWP,WE,Towers with Display (VFR),256,57,16,4,333,8,19,42,0,69,264,76,58,4,402,54,14,68,470
08/08/2001,SMF,CA,AWP,WE,Towers with Display (VFR),275,62,18,4,359,0,6,60,0,66,275,68,78,4,425,32,8,40,465
08/09/2001,SMF,CA,AWP,WE,Towers with Display (VFR),272,61,18,8,359,0,18,79,0,97,272,79,97,8,456,38,12,50,506
08/10/2001,SMF,CA,AWP,WE,Towers with Display (VFR),271,61,17,6,355,0,10,61,0,71,271,71,78,6,426,52,18,70,496
08/11/2001,SMF,CA,AWP,WE,Towers with Display (VFR),230,51,15,2,298,12,0,37,0,49,242,51,52,2,347,8,0,8,355
08/12/2001,SMF,CA,AWP,WE,Towers with Display (VFR),227,43,14,0,284,27,0,56,0,83,254,43,70,0,367,4,0,4,371
08/13/2001,SMF,CA,AWP,WE,Towers with Display (VFR),255,57,15,2,329,25,3,64,0,92,280,60,79,2,421,86,2,88,509
08/14/2001,SMF,CA,AWP,WE,Towers with Display (VFR),282,64,18,8,372,0,28,86,0,114,282,92,104,8,486,86,14,100,586
08/15/2001,SMF,CA,AWP,WE,Towers with Display (VFR),290,66,18,13,387,0,15,54,1,70,290,81,72,14,457,10,22,32,489
08/16/2001,SMF,CA,AWP,WE,Towers with Display (VFR),279,66,18,13,376,0,25,67,3,95,279,91,85,16,471,8,12,20,491
08/17/2001,SMF,CA,AWP,WE,Towers with Display (VFR),270,61,17,0,348,0,25,52,0,77,270,86,69,0,425,10,4,14,439
08/18/2001,SMF,CA,AWP,WE,Towers with Display (VFR),218,48,13,0,279,15,4,18,0,37,233,52,31,0,316,2,0,2,318
08/19/2001,SMF,CA,AWP,WE,Towers with Display (VFR),231,48,14,0,293,23,0,43,0,66,254,48,57,0,359,0,0,0,359
08/20/2001,SMF,CA,AWP,WE,Towers with Display (VFR),275,60,16,8,359,13,0,64,0,77,288,60,80,8,436,20,4,24,460
08/21/2001,SMF,CA,AWP,WE,Towers with Display (VFR),282,65,18,12,377,0,19,76,0,95,282,84,94,12,472,58,16,74,546
08/22/2001,SMF,CA,AWP,WE,Towers with Display (VFR),274,67,18,14,373,0,12,50,0,62,274,79,68,14,435,50,76,126,561
08/23/2001,SMF,CA,AWP,WE,Towers with Display (VFR),284,64,18,14,380,0,23,62,0,85,284,87,80,14,465,108,4,112,577
08/24/2001,SMF,CA,AWP,WE,Towers with Display (VFR),278,64,18,10,370,0,24,41,0,65,278,88,59,10,435,58,10,68,503
08/25/2001,SMF,CA,AWP,WE,Towers with Display (VFR),236,51,14,0,301,10,9,51,0,70,246,60,65,0,371,12,0,12,383
08/26/2001,SMF,CA,AWP,WE,Towers with Display (VFR),249,51,15,0,315,25,0,36,0,61,274,51,51,0,376,10,0,10,386
08/27/2001,SMF,CA,AWP,WE,Towers with Display (VFR),283,62,17,12,374,7,0,95,6,108,290,62,112,18,482,134,20,154,636
08/28/2001,SMF,CA,AWP,WE,Towers with Display (VFR),262,58,16,6,342,1,19,57,0,77,263,77,73,6,419,78,20,98,517
08/29/2001,SMF,CA,AWP,WE,Towers with Display (VFR),258,61,17,8,344,0,26,76,0,102,258,87,93,8,446,34,24,58,504
08/30/2001,SMF,CA,AWP,WE,Towers with Display (VFR),265,67,18,13,363,0,5,68,5,78,265,72,86,18,441,34,32,66,507
08/31/2001,SMF,CA,AWP,WE,Towers with Display (VFR),273,61,17,6,357,0,19,74,0,93,273,80,91,6,450,22,2,24,474
09/01/2001,SMF,CA,AWP,WE,Towers with Display (VFR),212,53,19,2,286,16,0,22,0,38,228,53,41,2,324,24,14,38,362
09/02/2001,SMF,CA,AWP,WE,Towers with Display (VFR),189,47,17,0,253,25,0,19,0,44,214,47,36,0,297,8,0,8,305
09/03/2001,SMF,CA,AWP,WE,Towers with Display (VFR),213,49,19,0,281,32,0,45,0,77,245,49,64,0,358,46,0,46,404
09/04/2001,SMF,CA,AWP,WE,Towers with Display (VFR),268,68,24,6,366,0,1,55,0,56,268,69,79,6,422,52,6,58,480
09/05/2001,SMF,CA,AWP,WE,Towers with Display (VFR),265,67,23,8,363,0,10,50,0,60,265,77,73,8,423,46,18,64,487
09/06/2001,SMF,CA,AWP,WE,Towers with Display (VFR),270,68,23,2,363,0,1,47,0,48,270,69,70,2,411,24,6,30,441
09/07/2001,SMF,CA,AWP,WE,Towers with Display (VFR),272,70,23,11,376,0,12,49,1,62,272,82,72,12,438,22,0,22,460
09/08/2001,SMF,CA,AWP,WE,Towers with Display (VFR),214,54,18,0,286,19,3,38,0,60,233,57,56,0,346,4,0,4,350
09/09/2001,SMF,CA,AWP,WE,Towers with Display (VFR),222,39,19,4,284,38,0,36,0,74,260,39,55,4,358,4,0,4,362
09/10/2001,SMF,CA,AWP,WE,Towers with Display (VFR),272,61,24,4,361,17,0,55,0,72,289,61,79,4,433,66,2,68,501
09/11/2001,SMF,CA,AWP,WE,Towers with Display (VFR),29,7,2,0,38,1,3,5,0,9,30,10,7,0,47,0,0,0,47
09/12/2001,SMF,CA,AWP,WE,Towers with Display (VFR),1,0,0,0,1,0,5,12,0,17,1,5,12,0,18,6,0,6,24
09/13/2001,SMF,CA,AWP,WE,Towers with Display (VFR),26,11,4,0,41,0,22,4,0,26,26,33,8,0,67,0,0,0,67
09/14/2001,SMF,CA,AWP,WE,Towers with Display (VFR),154,44,15,0,213,0,31,1,0,32,154,75,16,0,245,0,0,0,245
09/15/2001,SMF,CA,AWP,WE,Towers with Display (VFR),168,45,15,0,228,0,12,13,0,25,168,57,28,0,253,0,0,0,253
09/16/2001,SMF,CA,AWP,WE,Towers with Display (VFR),193,46,16,6,261,17,0,0,0,17,210,46,16,6,278,0,0,0,278
09/17/2001,SMF,CA,AWP,WE,Towers with Display (VFR),223,58,20,0,301,0,7,14,0,21,223,65,34,0,322,0,0,0,322
09/18/2001,SMF,CA,AWP,WE,Towers with Display (VFR),240,66,23,2,331,0,6,20,0,26,240,72,43,2,357,0,6,6,363
09/19/2001,SMF,CA,AWP,WE,Towers with Display (VFR),248,66,23,8,345,0,21,17,0,38,248,87,40,8,383,4,8,12,395
09/20/2001,SMF,CA,AWP,WE,Towers with Display (VFR),248,63,22,8,341,0,17,33,0,50,248,80,55,8,391,16,2,18,409
09/21/2001,SMF,CA,AWP,WE,Towers with Display (VFR),246,64,22,4,336,0,20,33,0,53,246,84,55,4,389,28,0,28,417
09/22/2001,SMF,CA,AWP,WE,Towers with Display (VFR),233,57,20,0,310,6,0,22,0,28,239,57,42,0,338,38,0,38,376
09/23/2001,SMF,CA,AWP,WE,Towers with Display (VFR),232,39,20,2,293,22,0,12,0,34,254,39,32,2,327,4,0,4,331
09/24/2001,SMF,CA,AWP,WE,Towers with Display (VFR),258,68,24,3,353,0,7,29,0,36,258,75,53,3,389,88,8,96,485
09/25/2001,SMF,CA,AWP,WE,Towers with Display (VFR),246,68,23,9,346,0,11,43,0,54,246,79,66,9,400,62,8,70,470
09/26/2001,SMF,CA,AWP,WE,Towers with Display (VFR),239,62,21,8,330,0,18,35,0,53,239,80,56,8,383,42,14,56,439
09/27/2001,SMF,CA,AWP,WE,Towers with Display (VFR),242,65,22,6,335,0,11,36,0,47,242,76,58,6,382,46,20,66,448
09/28/2001,SMF,CA,AWP,WE,Towers with Display (VFR),240,63,21,0,324,0,17,59,0,76,240,80,80,0,400,46,0,46,446
09/29/2001,SMF,CA,AWP,WE,Towers with Display (VFR),192,48,17,0,257,12,2,25,0,39,204,50,42,0,296,12,0,12,308
09/30/2001,SMF,CA,AWP,WE,Towers with Display (VFR),211,40,18,0,269,33,0,28,0,61,244,40,46,0,330,30,0,30,360
10/01/2001,SMF,CA,AWP,WE,Towers with Display (VFR),244,56,18,10,328,2,11,26,0,39,246,67,44,10,367,16,12,28,395
10/02/2001,SMF,CA,AWP,WE,Towers with Display (VFR),262,66,21,13,362,0,6,32,27,65,262,72,53,40,427,40,26,66,493
10/03/2001,SMF,CA,AWP,WE,Towers with Display (VFR),250,62,20,12,344,0,13,29,0,42,250,75,49,12,386,64,24,88,474
10/04/2001,SMF,CA,AWP,WE,Towers with Display (VFR),259,60,19,6,344,0,5,33,0,38,259,65,52,6,382,18,18,36,418
10/05/2001,SMF,CA,AWP,WE,Towers with Display (VFR),244,58,19,4,325,0,14,37,0,51,244,72,56,4,376,26,6,32,408
10/06/2001,SMF,CA,AWP,WE,Towers with Display (VFR),245,56,19,2,322,25,13,51,0,89,270,69,70,2,411,24,6,30,441
10/07/2001,SMF,CA,AWP,WE,Towers with Display (VFR),242,56,18,11,327,30,26,54,1,111,272,82,72,12,438,22,0,22,460
10/08/2001,SMF,CA,AWP,WE,Towers with Display (VFR),245,48,19,0,312,17,0,35,0,52,262,48,54,0,364,54,0,54,418
10/09/2001,SMF,CA,AWP,WE,Towers with Display (VFR),260,60,19,12,351,0,11,36,0,47,260,71,55,12,398,86,18,104,502
10/10/2001,SMF,CA,AWP,WE,Towers with Display (VFR),252,64,21,10,347,0,5,56,0,61,252,69,77,10,408,86,28,114,522
10/11/2001,SMF,CA,AWP,WE,Towers with Display (VFR),253,60,19,12,344,0,28,38,0,66,253,88,57,12,410,22,32,54,464
10/12/2001,SMF,CA,AWP,WE,Towers with Display (VFR),239,57,19,6,321,0,23,31,0,54,239,80,50,6,375,62,12,74,449
10/13/2001,SMF,CA,AWP,WE,Towers with Display (VFR),199,42,14,0,255,13,0,27,0,40,212,42,41,0,295,6,0,6,301
10/14/2001,SMF,CA,AWP,WE,Towers with Display (VFR),217,36,15,0,268,25,0,27,0,52,242,36,42,0,320,8,0,8,328
10/15/2001,SMF,CA,AWP,WE,Towers with Display (VFR),244,55,17,4,320,0,2,54,0,56,244,57,71,4,376,32,14,46,422
10/16/2001,SMF,CA,AWP,WE,Towers with Display (VFR),247,56,17,4,324,1,20,32,0,53,248,76,49,4,377,18,6,24,401
10/17/2001,SMF,CA,AWP,WE,Towers with Display (VFR),256,60,18,4,338,0,41,45,0,86,256,101,63,4,424,62,0,62,486
10/18/2001,SMF,CA,AWP,WE,Towers with Display (VFR),278,62,19,4,363,0,22,64,0,86,278,84,83,4,449,36,4,40,489
10/19/2001,SMF,CA,AWP,WE,Towers with Display (VFR),239,57,17,0,313,0,16,51,0,67,239,73,68,0,380,56,0,56,436
10/20/2001,SMF,CA,AWP,WE,Towers with Display (VFR),205,46,14,0,265,9,2,18,0,29,214,48,32,0,294,4,0,4,298
10/21/2001,SMF,CA,AWP,WE,Towers with Display (VFR),209,47,14,0,270,22,1,29,0,52,231,48,43,0,322,4,0,4,326
10/22/2001,SMF,CA,AWP,WE,Towers with Display (VFR),261,59,18,6,344,12,1,36,0,49,273,60,54,6,393,2,22,24,417
10/23/2001,SMF,CA,AWP,WE,Towers with Display (VFR),265,60,18,2,345,1,26,39,0,66,266,86,57,2,411,24,2,26,437
10/24/2001,SMF,CA,AWP,WE,Towers with Display (VFR),241,54,17,0,312,6,16,40,0,62,247,70,57,0,374,42,0,42,416
10/25/2001,SMF,CA,AWP,WE,Towers with Display (VFR),250,58,18,0,326,0,17,57,0,74,250,75,75,0,400,50,0,50,450
10/26/2001,SMF,CA,AWP,WE,Towers with Display (VFR),256,57,18,3,334,0,17,56,0,73,256,74,74,3,407,90,6,96,503
10/27/2001,SMF,CA,AWP,WE,Towers with Display (VFR),194,44,7,0,245,12,8,0,0,20,206,52,7,0,265,6,0,6,271
10/28/2001,SMF,CA,AWP,WE,Towers with Display (VFR),206,35,14,0,255,19,0,30,0,49,225,35,44,0,304,6,0,6,310
10/29/2001,SMF,CA,AWP,WE,Towers with Display (VFR),247,56,18,12,333,0,0,28,10,38,247,56,46,22,371,4,46,50,421
10/30/2001,SMF,CA,AWP,WE,Towers with Display (VFR),248,59,19,9,335,0,0,10,0,10,248,59,29,9,345,14,32,46,391
10/31/2001,SMF,CA,AWP,WE,Towers with Display (VFR),263,64,19,2,348,0,38,69,0,107,263,102,88,2,455,40,0,40,495
11/01/2001,SMF,CA,AWP,WE,Towers with Display (VFR),275,61,28,2,366,1,27,36,0,64,276,88,64,2,430,138,20,158,588
11/02/2001,SMF,CA,AWP,WE,Towers with Display (VFR),275,61,28,0,364,10,18,18,0,46,285,79,46,0,410,68,0,68,478
11/03/2001,SMF,CA,AWP,WE,Towers with Display (VFR),185,37,19,0,241,18,0,10,0,28,203,37,29,0,269,6,0,6,275
11/04/2001,SMF,CA,AWP,WE,Towers with Display (VFR),214,41,22,0,277,27,0,8,0,35,241,41,30,0,312,4,0,4,316
11/05/2001,SMF,CA,AWP,WE,Towers with Display (VFR),255,57,25,6,343,8,3,75,0,86,263,60,100,6,429,108,0,108,537
11/06/2001,SMF,CA,AWP,WE,Towers with Display (VFR),262,59,26,4,351,0,19,58,0,77,262,78,84,4,428,102,2,104,532
11/07/2001,SMF,CA,AWP,WE,Towers with Display (VFR),270,62,27,4,363,0,22,49,0,71,270,84,76,4,434,50,2,52,486
11/08/2001,SMF,CA,AWP,WE,Towers with Display (VFR),255,61,26,10,352,0,18,65,0,83,255,79,91,10,435,128,0,128,563
11/09/2001,SMF,CA,AWP,WE,Towers with Display (VFR),253,60,25,2,340,0,19,18,0,37,253,79,43,2,377,34,2,36,413
11/10/2001,SMF,CA,AWP,WE,Towers with Display (VFR),194,38,18,0,250,12,0,21,0,33,206,38,39,0,283,26,0,26,309
11/11/2001,SMF,CA,AWP,WE,Towers with Display (VFR),219,45,21,0,285,19,0,5,0,24,238,45,26,0,309,8,0,8,317
11/12/2001,SMF,CA,AWP,WE,Towers with Display (VFR),241,53,23,0,317,4,11,16,0,31,245,64,39,0,348,8,0,8,356
11/13/2001,SMF,CA,AWP,WE,Towers with Display (VFR),263,61,26,10,360,0,6,18,0,24,263,67,44,10,384,8,12,20,404
11/14/2001,SMF,CA,AWP,WE,Towers with Display (VFR),263,64,27,6,360,0,17,27,0,44,263,81,54,6,404,44,8,52,456
11/15/2001,SMF,CA,AWP,WE,Towers with Display (VFR),269,62,27,4,362,0,14,26,0,40,269,76,53,4,402,6,2,8,410
11/16/2001,SMF,CA,AWP,WE,Towers with Display (VFR),268,59,25,0,352,4,21,16,0,41,272,80,41,0,393,4,0,4,397
11/17/2001,SMF,CA,AWP,WE,Towers with Display (VFR),193,39,18,0,250,33,0,21,0,54,226,39,39,0,304,12,0,12,316
11/18/2001,SMF,CA,AWP,WE,Towers with Display (VFR),220,41,21,0,282,13,0,14,0,27,233,41,35,0,309,6,0,6,315
11/19/2001,SMF,CA,AWP,WE,Towers with Display (VFR),256,60,27,14,357,0,4,45,0,49,256,64,72,14,406,68,6,74,480
11/20/2001,SMF,CA,AWP,WE,Towers with Display (VFR),260,61,27,2,350,0,41,62,0,103,260,102,89,2,453,122,0,122,575
11/21/2001,SMF,CA,AWP,WE,Towers with Display (VFR),254,64,28,10,356,0,12,11,0,23,254,76,39,10,379,26,10,36,415
11/22/2001,SMF,CA,AWP,WE,Towers with Display (VFR),170,35,16,0,221,17,0,9,0,26,187,35,25,0,247,0,0,0,247
11/23/2001,SMF,CA,AWP,WE,Towers with Display (VFR),208,46,20,0,274,13,5,7,0,25,221,51,27,0,299,0,0,0,299
11/24/2001,SMF,CA,AWP,WE,Towers with Display (VFR),213,31,16,0,260,21,0,0,0,21,234,31,16,0,281,0,0,0,281
11/25/2001,SMF,CA,AWP,WE,Towers with Display (VFR),230,41,22,0,293,16,0,23,0,39,246,41,45,0,332,14,0,14,346
11/26/2001,SMF,CA,AWP,WE,Towers with Display (VFR),242,53,23,6,324,5,10,20,0,35,247,63,43,6,359,46,6,52,411
11/27/2001,SMF,CA,AWP,WE,Towers with Display (VFR),271,60,26,4,361,5,21,32,0,58,276,81,58,4,419,118,2,120,539
11/28/2001,SMF,CA,AWP,WE,Towers with Display (VFR),279,62,27,9,377,0,19,12,0,31,279,81,39,9,408,140,10,150,558
11/29/2001,SMF,CA,AWP,WE,Towers with Display (VFR),255,62,27,1,345,0,8,12,0,20,255,70,39,1,365,14,4,18,383
11/30/2001,SMF,CA,AWP,WE,Towers with Display (VFR),264,64,28,6,362,0,4,27,0,31,264,68,55,6,393,44,24,68,461
12/01/2001,SMF,CA,AWP,WE,Towers with Display (VFR),187,36,10,0,233,18,0,0,0,18,205,36,10,0,251,0,0,0,251
12/02/2001,SMF,CA,AWP,WE,Towers with Display (VFR),221,38,11,0,270,35,0,0,0,35,256,38,11,0,305,0,0,0,305
12/03/2001,SMF,CA,AWP,WE,Towers with Display (VFR),241,57,24,12,334,0,13,27,0,40,241,70,51,12,374,74,6,80,454
12/04/2001,SMF,CA,AWP,WE,Towers with Display (VFR),268,59,24,6,357,0,34,45,0,79,268,93,69,6,436,92,22,114,550
12/05/2001,SMF,CA,AWP,WE,Towers with Display (VFR),255,61,23,9,348,0,22,0,0,22,255,83,23,9,370,26,48,74,444
12/06/2001,SMF,CA,AWP,WE,Towers with Display (VFR),252,57,23,4,336,0,12,31,0,43,252,69,54,4,379,4,6,10,389
12/07/2001,SMF,CA,AWP,WE,Towers with Display (VFR),259,56,23,4,342,0,24,57,0,81,259,80,80,4,423,0,0,0,423
12/08/2001,SMF,CA,AWP,WE,Towers with Display (VFR),195,42,17,0,254,18,5,1,0,24,213,47,18,0,278,10,0,10,288
12/09/2001,SMF,CA,AWP,WE,Towers with Display (VFR),209,40,18,0,267,27,0,11,0,38,236,40,29,0,305,10,0,10,315
12/10/2001,SMF,CA,AWP,WE,Towers with Display (VFR),238,54,22,12,326,0,20,28,0,48,238,74,50,12,374,14,12,26,400
12/11/2001,SMF,CA,AWP,WE,Towers with Display (VFR),264,57,23,0,344,0,37,39,0,76,264,94,62,0,420,4,0,4,424
12/12/2001,SMF,CA,AWP,WE,Towers with Display (VFR),266,59,24,6,355,0,32,18,0,50,266,91,42,6,405,12,14,26,431
12/13/2001,SMF,CA,AWP,WE,Towers with Display (VFR),256,57,23,8,344,0,17,16,0,33,256,74,39,8,377,0,16,16,393
12/14/2001,SMF,CA,AWP,WE,Towers with Display (VFR),263,58,24,8,353,0,16,24,0,40,263,74,48,8,393,32,12,44,437
12/15/2001,SMF,CA,AWP,WE,Towers with Display (VFR),218,42,19,0,279,13,0,6,0,19,231,42,25,0,298,2,0,2,300
12/16/2001,SMF,CA,AWP,WE,Towers with Display (VFR),224,43,20,6,293,19,0,4,0,23,243,43,24,6,316,18,2,20,336
12/17/2001,SMF,CA,AWP,WE,Towers with Display (VFR),258,51,24,8,341,0,0,12,0,12,258,51,36,8,353,0,28,28,381
12/18/2001,SMF,CA,AWP,WE,Towers with Display (VFR),279,60,24,4,367,0,28,31,0,59,279,88,55,4,426,16,10,26,452
12/19/2001,SMF,CA,AWP,WE,Towers with Display (VFR),256,61,24,6,347,0,21,25,0,46,256,82,49,6,393,26,24,50,443
12/20/2001,SMF,CA,AWP,WE,Towers with Display (VFR),262,56,22,4,344,0,4,11,0,15,262,60,33,4,359,0,0,0,359
12/21/2001,SMF,CA,AWP,WE,Towers with Display (VFR),285,64,26,2,377,0,20,32,0,52,285,84,58,2,429,52,6,58,487
12/22/2001,SMF,CA,AWP,WE,Towers with Display (VFR),213,44,18,0,275,9,2,0,0,11,222,46,18,0,286,14,0,14,300
12/23/2001,SMF,CA,AWP,WE,Towers with Display (VFR),188,39,16,2,245,9,6,18,0,33,197,45,34,2,278,18,0,18,296
12/24/2001,SMF,CA,AWP,WE,Towers with Display (VFR),194,41,16,0,251,0,9,7,0,16,194,50,23,0,267,8,0,8,275
12/25/2001,SMF,CA,AWP,WE,Towers with Display (VFR),168,29,14,0,211,24,0,7,0,31,192,29,21,0,242,0,0,0,242
12/26/2001,SMF,CA,AWP,WE,Towers with Display (VFR),240,51,20,2,313,14,0,8,0,22,254,51,28,2,335,6,8,14,349
12/27/2001,SMF,CA,AWP,WE,Towers with Display (VFR),272,53,24,6,355,0,0,16,0,16,272,53,40,6,371,26,10,36,407
12/28/2001,SMF,CA,AWP,WE,Towers with Display (VFR),251,54,17,6,328,8,1,0,0,9,259,55,17,6,337,0,18,18,355
12/29/2001,SMF,CA,AWP,WE,Towers with Display (VFR),204,43,12,0,259,11,1,0,0,12,215,44,12,0,271,12,0,12,283
12/30/2001,SMF,CA,AWP,WE,Towers with Display (VFR),198,34,13,0,245,14,0,0,0,14,212,34,13,0,259,6,0,6,265
12/31/2001,SMF,CA,AWP,WE,Towers with Display (VFR),187,32,15,0,234,0,0,6,0,6,187,32,21,0,240,20,0,20,260
01/01/2002,SMF,CA,AWP,WE,Towers with Display (VFR),174,35,6,0,215,17,0,0,0,17,191,35,6,0,232,6,0,6,238
01/02/2002,SMF,CA,AWP,WE,Towers with Display (VFR),246,58,20,14,338,0,5,0,0,5,246,63,20,14,343,0,2,2,345
01/03/2002,SMF,CA,AWP,WE,Towers with Display (VFR),259,59,22,2,342,0,0,16,0,16,259,59,38,2,358,12,0,12,370
01/04/2002,SMF,CA,AWP,WE,Towers with Display (VFR),256,62,23,2,343,0,8,18,0,26,256,70,41,2,369,22,0,22,391
01/05/2002,SMF,CA,AWP,WE,Towers with Display (VFR),206,39,15,2,262,11,0,0,0,11,217,39,15,2,273,0,6,6,279
01/06/2002,SMF,CA,AWP,WE,Towers with Display (VFR),237,34,20,0,291,23,0,4,0,27,260,34,24,0,318,0,0,0,318
01/07/2002,SMF,CA,AWP,WE,Towers with Display (VFR),236,42,19,1,298,13,0,0,0,13,249,42,19,1,311,0,0,0,311
01/08/2002,SMF,CA,AWP,WE,Towers with Display (VFR),243,57,14,4,318,0,16,0,0,16,243,73,14,4,334,4,0,4,338
01/09/2002,SMF,CA,AWP,WE,Towers with Display (VFR),248,58,22,4,332,0,8,3,0,11,248,66,25,4,343,2,0,2,345
01/10/2002,SMF,CA,AWP,WE,Towers with Display (VFR),235,54,19,0,308,9,24,15,0,48,244,78,34,0,356,92,0,92,448
01/11/2002,SMF,CA,AWP,WE,Towers with Display (VFR),263,40,7,2,312,38,0,0,0,38,301,40,7,2,350,2,0,2,352
01/12/2002,SMF,CA,AWP,WE,Towers with Display (VFR),191,32,16,0,239,11,0,5,0,16,202,32,21,0,255,0,0,0,255
01/13/2002,SMF,CA,AWP,WE,Towers with Display (VFR),238,46,19,0,303,14,0,22,0,36,252,46,41,0,339,0,0,0,339
01/14/2002,SMF,CA,AWP,WE,Towers with Display (VFR),243,59,21,10,333,0,0,49,0,49,243,59,70,10,382,68,2,70,452
01/15/2002,SMF,CA,AWP,WE,Towers with Display (VFR),265,60,21,10,356,2,4,37,0,43,267,64,58,10,399,20,4,24,423
01/16/2002,SMF,CA,AWP,WE,Towers with Display (VFR),256,58,21,4,339,0,12,26,0,38,256,70,47,4,377,6,8,14,391
01/17/2002,SMF,CA,AWP,WE,Towers with Display (VFR),247,60,22,4,333,0,24,41,0,65,247,84,63,4,398,66,4,70,468
01/18/2002,SMF,CA,AWP,WE,Towers with Display (VFR),251,60,21,6,338,0,14,36,0,50,251,74,57,6,388,32,0,32,420
01/19/2002,SMF,CA,AWP,WE,Towers with Display (VFR),193,37,16,0,246,6,0,23,0,29,199,37,39,0,275,0,0,0,275
01/20/2002,SMF,CA,AWP,WE,Towers with Display (VFR),209,40,17,0,266,16,0,36,0,52,225,40,53,0,318,22,0,22,340
01/21/2002,SMF,CA,AWP,WE,Towers with Display (VFR),252,57,20,0,329,5,8,14,0,27,257,65,34,0,356,2,0,2,358
01/22/2002,SMF,CA,AWP,WE,Towers with Display (VFR),250,59,21,8,338,0,5,24,0,29,250,64,45,8,367,14,16,30,397
01/23/2002,SMF,CA,AWP,WE,Towers with Display (VFR),256,60,22,6,344,0,16,34,0,50,256,76,56,6,394,56,12,68,462
01/24/2002,SMF,CA,AWP,WE,Towers with Display (VFR),242,57,20,2,321,0,18,53,0,71,242,75,73,2,392,102,12,114,506
01/25/2002,SMF,CA,AWP,WE,Towers with Display (VFR),253,60,21,10,344,0,11,52,0,63,253,71,73,10,407,0,26,26,433
01/26/2002,SMF,CA,AWP,WE,Towers with Display (VFR),180,40,11,0,231,11,5,0,0,16,191,45,11,0,247,0,0,0,247
01/27/2002,SMF,CA,AWP,WE,Towers with Display (VFR),224,50,18,0,292,21,3,21,0,45,245,53,39,0,337,10,0,10,347
01/28/2002,SMF,CA,AWP,WE,Towers with Display (VFR),249,59,21,0,329,0,8,46,0,54,249,67,67,0,383,6,0,6,389
01/29/2002,SMF,CA,AWP,WE,Towers with Display (VFR),262,62,22,8,354,0,28,19,0,47,262,90,41,8,401,18,0,18,419
01/30/2002,SMF,CA,AWP,WE,Towers with Display (VFR),275,66,24,10,375,0,7,28,0,35,275,73,52,10,410,38,8,46,456
01/31/2002,SMF,CA,AWP,WE,Towers with Display (VFR),255,62,22,8,347,0,25,42,0,67,255,87,64,8,414,20,34,54,468
02/01/2002,SMF,CA,AWP,WE,Towers with Display (VFR),243,60,21,2,326,0,19,25,0,44,243,79,46,2,370,40,6,46,416
02/02/2002,SMF,CA,AWP,WE,Towers with Display (VFR),188,42,16,2,248,13,0,27,0,40,201,42,43,2,288,22,8,30,318
02/03/2002,SMF,CA,AWP,WE,Towers with Display (VFR),228,53,18,4,303,25,0,26,0,51,253,53,44,4,354,36,6,42,396
02/04/2002,SMF,CA,AWP,WE,Towers with Display (VFR),246,57,20,2,325,6,7,26,0,39,252,64,46,2,364,16,4,20,384
02/05/2002,SMF,CA,AWP,WE,Towers with Display (VFR),242,58,20,0,320,0,19,35,0,54,242,77,55,0,374,30,12,42,416
02/06/2002,SMF,CA,AWP,WE,Towers with Display (VFR),263,63,21,4,351,0,6,32,0,38,263,69,53,4,389,44,2,46,435
02/07/2002,SMF,CA,AWP,WE,Towers with Display (VFR),265,63,20,12,360,0,2,8,0,10,265,65,28,12,370,26,6,32,402
02/08/2002,SMF,CA,AWP,WE,Towers with Display (VFR),245,57,19,10,331,0,24,27,0,51,245,81,46,10,382,124,14,138,520
02/09/2002,SMF,CA,AWP,WE,Towers with Display (VFR),188,40,15,0,243,9,0,31,0,40,197,40,46,0,283,16,0,16,299
02/10/2002,SMF,CA,AWP,WE,Towers with Display (VFR),234,49,18,0,301,29,0,25,0,54,263,49,43,0,355,0,0,0,355
02/11/2002,SMF,CA,AWP,WE,Towers with Display (VFR),258,60,19,18,355,12,20,36,0,68,270,80,55,18,423,38,14,52,475
02/12/2002,SMF,CA,AWP,WE,Towers with Display (VFR),286,66,22,0,374,3,21,53,0,77,289,87,75,0,451,68,0,68,519
02/13/2002,SMF,CA,AWP,WE,Towers with Display (VFR),264,63,21,6,354,0,19,13,0,32,264,82,34,6,386,54,52,106,492
02/14/2002,SMF,CA,AWP,WE,Towers with Display (VFR),266,68,23,2,359,0,14,49,0,63,266,82,72,2,422,70,6,76,498
02/15/2002,SMF,CA,AWP,WE,Towers with Display (VFR),250,61,21,2,334,0,10,41,0,51,250,71,62,2,385,50,2,52,437
02/16/2002,SMF,CA,AWP,WE,Towers with Display (VFR),189,43,15,0,247,14,4,21,0,39,203,47,36,0,286,10,0,10,296
02/17/2002,SMF,CA,AWP,WE,Towers with Display (VFR),232,43,17,0,292,21,0,12,0,33,253,43,29,0,325,6,0,6,331
02/18/2002,SMF,CA,AWP,WE,Towers with Display (VFR),245,56,18,0,319,0,10,22,0,32,245,66,40,0,351,0,0,0,351
02/19/2002,SMF,CA,AWP,WE,Towers with Display (VFR),258,59,20,8,345,0,8,5,0,13,258,67,25,8,358,2,0,2,360
02/20/2002,SMF,CA,AWP,WE,Towers with Display (VFR),264,64,22,14,364,0,20,20,0,40,264,84,42,14,404,28,23,51,455
02/21/2002,SMF,CA,AWP,WE,Towers with Display (VFR),251,59,19,4,333,0,3,13,0,16,251,62,32,4,349,9,0,9,358
02/22/2002,SMF,CA,AWP,WE,Towers with Display (VFR),250,60,20,2,332,0,6,50,0,56,250,66,70,2,388,22,2,24,412
02/23/2002,SMF,CA,AWP,WE,Towers with Display (VFR),204,48,15,2,269,0,6,11,0,17,204,54,26,2,286,4,14,18,304
02/24/2002,SMF,CA,AWP,WE,Towers with Display (VFR),225,43,17,0,285,24,0,32,0,56,249,43,49,0,341,0,0,0,341
02/25/2002,SMF,CA,AWP,WE,Towers with Display (VFR),258,62,20,14,354,0,10,64,0,74,258,72,84,14,428,74,6,80,508
02/26/2002,SMF,CA,AWP,WE,Towers with Display (VFR),259,60,19,4,342,2,19,32,0,53,261,79,51,4,395,70,4,74,469
02/27/2002,SMF,CA,AWP,WE,Towers with Display (VFR),273,63,21,2,359,11,12,39,0,62,284,75,60,2,421,40,0,40,461
02/28/2002,SMF,CA,AWP,WE,Towers with Display (VFR),262,65,21,6,354,0,9,38,0,47,262,74,59,6,401,16,24,40,441
03/01/2002,SMF,CA,AWP,WE,Towers with Display (VFR),258,63,20,4,345,0,15,41,0,56,258,78,61,4,401,60,6,66,467
03/02/2002,SMF,CA,AWP,WE,Towers with Display (VFR),195,45,15,0,255,10,3,33,0,46,205,48,48,0,301,28,0,28,329
03/03/2002,SMF,CA,AWP,WE,Towers with Display (VFR),243,46,18,0,307,28,0,17,0,45,271,46,35,0,352,14,0,14,366
03/04/2002,SMF,CA,AWP,WE,Towers with Display (VFR),270,62,20,8,360,5,5,61,0,71,275,67,81,8,431,18,6,24,455
03/05/2002,SMF,CA,AWP,WE,Towers with Display (VFR),270,65,21,12,368,0,12,43,0,55,270,77,64,12,423,18,14,32,455
03/06/2002,SMF,CA,AWP,WE,Towers with Display (VFR),246,60,20,4,330,0,18,5,0,23,246,78,25,4,353,6,24,30,383
03/07/2002,SMF,CA,AWP,WE,Towers with Display (VFR),257,65,21,10,353,0,17,21,0,38,257,82,42,10,391,0,18,18,409
03/08/2002,SMF,CA,AWP,WE,Towers with Display (VFR),257,60,19,4,340,0,17,39,0,56,257,77,58,4,396,20,8,28,424
03/09/2002,SMF,CA,AWP,WE,Towers with Display (VFR),193,36,15,0,244,18,0,13,0,31,211,36,28,0,275,0,0,0,275
03/10/2002,SMF,CA,AWP,WE,Towers with Display (VFR),217,47,16,0,280,16,0,4,0,20,233,47,20,0,300,2,0,2,302
03/11/2002,SMF,CA,AWP,WE,Towers with Display (VFR),245,57,18,4,324,3,5,53,0,61,248,62,71,4,385,82,0,82,467
03/12/2002,SMF,CA,AWP,WE,Towers with Display (VFR),274,66,22,4,366,0,19,31,0,50,274,85,53,4,416,70,10,80,496
03/13/2002,SMF,CA,AWP,WE,Towers with Display (VFR),278,64,21,4,367,8,25,34,0,67,286,89,55,4,434,38,2,40,474
03/14/2002,SMF,CA,AWP,WE,Towers with Display (VFR),274,69,22,4,369,0,19,65,0,84,274,88,87,4,453,50,12,62,515
03/15/2002,SMF,CA,AWP,WE,Towers with Display (VFR),258,60,20,2,340,0,11,34,0,45,258,71,54,2,385,4,8,12,397
03/16/2002,SMF,CA,AWP,WE,Towers with Display (VFR),198,39,14,0,251,0,0,17,0,17,198,39,31,0,268,12,0,12,280
03/17/2002,SMF,CA,AWP,WE,Towers with Display (VFR),226,33,16,0,275,25,0,22,0,47,251,33,38,0,322,8,0,8,330
03/18/2002,SMF,CA,AWP,WE,Towers with Display (VFR),253,57,18,0,328,13,18,48,0,79,266,75,66,0,407,54,0,54,461
03/19/2002,SMF,CA,AWP,WE,Towers with Display (VFR),263,62,19,2,346,0,24,34,0,58,263,86,53,2,404,2,6,8,412
03/20/2002,SMF,CA,AWP,WE,Towers with Display (VFR),262,58,19,2,341,12,24,46,0,82,274,82,65,2,423,14,0,14,437
03/21/2002,SMF,CA,AWP,WE,Towers with Display (VFR),265,65,21,6,357,0,23,42,0,65,265,88,63,6,422,12,34,46,468
03/22/2002,SMF,CA,AWP,WE,Towers with Display (VFR),261,63,20,0,344,0,17,10,0,27,261,80,30,0,371,14,2,16,387
03/23/2002,SMF,CA,AWP,WE,Towers with Display (VFR),209,47,15,0,271,0,23,7,0,30,209,70,22,0,301,22,0,22,323
03/24/2002,SMF,CA,AWP,WE,Towers with Display (VFR),246,49,17,0,312,12,0,39,0,51,258,49,56,0,363,0,0,0,363
03/25/2002,SMF,CA,AWP,WE,Towers with Display (VFR),258,60,18,6,342,0,0,57,0,57,258,60,75,6,399,46,6,52,451
03/26/2002,SMF,CA,AWP,WE,Towers with Display (VFR),283,65,20,10,378,9,37,58,0,104,292,102,78,10,482,12,20,32,514
03/27/2002,SMF,CA,AWP,WE,Towers with Display (VFR),292,67,21,0,380,0,18,61,0,79,292,85,82,0,459,62,0,62,521
03/28/2002,SMF,CA,AWP,WE,Towers with Display (VFR),250,60,19,2,331,0,20,54,0,74,250,80,73,2,405,50,4,54,459
03/29/2002,SMF,CA,AWP,WE,Towers with Display (VFR),263,62,19,2,346,0,13,38,0,51,263,75,57,2,397,20,16,36,433
03/30/2002,SMF,CA,AWP,WE,Towers with Display (VFR),195,45,14,0,254,11,5,44,0,60,206,50,58,0,314,6,0,6,320
03/31/2002,SMF,CA,AWP,WE,Towers with Display (VFR),230,48,16,0,294,27,0,20,0,47,257,48,36,0,341,2,0,2,343
04/01/2002,SMF,CA,AWP,WE,Towers with Display (VFR),270,59,18,4,351,12,14,34,0,60,282,73,52,4,411,36,0,36,447
04/02/2002,SMF,CA,AWP,WE,Towers with Display (VFR),274,61,18,8,361,5,22,43,0,70,279,83,61,8,431,12,18,30,461
04/03/2002,SMF,CA,AWP,WE,Towers with Display (VFR),279,64,19,2,364,0,15,45,0,60,279,79,64,2,424,42,0,42,466
04/04/2002,SMF,CA,AWP,WE,Towers with Display (VFR),252,59,17,0,328,0,20,41,0,61,252,79,58,0,389,50,0,50,439
04/05/2002,SMF,CA,AWP,WE,Towers with Display (VFR),263,65,19,2,349,0,15,21,0,36,263,80,40,2,385,20,18,38,423
04/06/2002,SMF,CA,AWP,WE,Towers with Display (VFR),193,38,13,0,244,10,0,47,0,57,203,38,60,0,301,8,0,8,309
04/07/2002,SMF,CA,AWP,WE,Towers with Display (VFR),220,48,14,0,282,20,0,37,0,57,240,48,51,0,339,0,0,0,339
04/08/2002,SMF,CA,AWP,WE,Towers with Display (VFR),265,59,17,6,347,4,10,39,0,53,269,69,56,6,400,10,14,24,424
04/09/2002,SMF,CA,AWP,WE,Towers with Display (VFR),273,66,19,8,366,0,15,35,0,50,273,81,54,8,416,6,16,22,438
04/10/2002,SMF,CA,AWP,WE,Towers with Display (VFR),294,66,19,10,389,0,4,36,0,40,294,70,55,10,429,6,44,50,479
04/11/2002,SMF,CA,AWP,WE,Towers with Display (VFR),268,64,19,10,361,0,20,51,0,71,268,84,70,10,432,8,18,26,458
04/12/2002,SMF,CA,AWP,WE,Towers with Display (VFR),267,60,18,11,356,0,10,18,0,28,267,70,36,11,384,36,2,38,422
04/13/2002,SMF,CA,AWP,WE,Towers with Display (VFR),201,45,13,0,259,10,6,26,0,42,211,51,39,0,301,4,0,4,305
04/14/2002,SMF,CA,AWP,WE,Towers with Display (VFR),236,53,15,1,305,27,2,29,0,58,263,55,44,1,363,6,0,6,369
04/15/2002,SMF,CA,AWP,WE,Towers with Display (VFR),271,60,18,2,351,11,13,31,0,55,282,73,49,2,406,86,4,90,496
04/16/2002,SMF,CA,AWP,WE,Towers with Display (VFR),272,63,18,6,359,0,26,24,0,50,272,89,42,6,409,8,40,48,457
04/17/2002,SMF,CA,AWP,WE,Towers with Display (VFR),285,63,18,9,375,0,14,26,0,40,285,77,44,9,415,4,8,12,427
04/18/2002,SMF,CA,AWP,WE,Towers with Display (VFR),258,61,17,5,341,0,25,49,0,74,258,86,66,5,415,72,16,88,503
04/19/2002,SMF,CA,AWP,WE,Towers with Display (VFR),266,59,17,2,344,0,15,23,0,38,266,74,40,2,382,122,24,146,528
04/20/2002,SMF,CA,AWP,WE,Towers with Display (VFR),208,45,13,0,266,7,2,73,0,82,215,47,86,0,348,12,0,12,360
04/21/2002,SMF,CA,AWP,WE,Towers with Display (VFR),219,38,13,0,270,21,0,41,0,62,240,38,54,0,332,54,0,54,386
04/22/2002,SMF,CA,AWP,WE,Towers with Display (VFR),261,57,16,0,334,15,15,50,0,80,276,72,66,0,414,12,0,12,426
04/23/2002,SMF,CA,AWP,WE,Towers with Display (VFR),280,61,18,6,365,0,26,43,0,69,280,87,61,6,434,88,4,92,526
04/24/2002,SMF,CA,AWP,WE,Towers with Display (VFR),256,58,16,0,330,0,23,48,0,71,256,81,64,0,401,16,0,16,417
04/25/2002,SMF,CA,AWP,WE,Towers with Display (VFR),266,60,17,4,347,0,15,59,0,74,266,75,76,4,421,48,2,50,471
04/26/2002,SMF,CA,AWP,WE,Towers with Display (VFR),262,62,18,6,348,0,9,43,0,52,262,71,61,6,400,40,18,58,458
04/27/2002,SMF,CA,AWP,WE,Towers with Display (VFR),205,44,12,0,261,10,7,29,0,46,215,51,41,0,307,102,0,102,409
04/28/2002,SMF,CA,AWP,WE,Towers with Display (VFR),238,51,15,0,304,16,0,46,0,62,254,51,61,0,366,38,0,38,404
04/29/2002,SMF,CA,AWP,WE,Towers with Display (VFR),261,58,16,5,340,0,5,26,0,31,261,63,42,5,371,64,6,70,441
04/30/2002,SMF,CA,AWP,WE,Towers with Display (VFR),249,55,15,6,325,38,35,44,0,117,287,90,59,6,442,14,22,36,478
05/01/2002,SMF,CA,AWP,WE,Towers with Display (VFR),285,61,18,2,366,4,19,39,0,62,289,80,57,2,428,172,10,182,610
05/02/2002,SMF,CA,AWP,WE,Towers with Display (VFR),268,62,19,3,352,0,16,83,0,99,268,78,102,3,451,158,24,182,633
05/03/2002,SMF,CA,AWP,WE,Towers with Display (VFR),265,61,18,5,349,0,15,36,0,51,265,76,54,5,400,8,12,20,420
05/04/2002,SMF,CA,AWP,WE,Towers with Display (VFR),220,48,14,0,282,17,4,33,0,54,237,52,47,0,336,2,0,2,338
05/05/2002,SMF,CA,AWP,WE,Towers with Display (VFR),228,48,15,0,291,16,3,24,0,43,244,51,39,0,334,10,0,10,344
05/06/2002,SMF,CA,AWP,WE,Towers with Display (VFR),261,56,17,2,336,5,7,49,0,61,266,63,66,2,397,40,0,40,437
05/07/2002,SMF,CA,AWP,WE,Towers with Display (VFR),298,65,19,3,385,0,20,64,0,84,298,85,83,3,469,122,18,140,609
05/08/2002,SMF,CA,AWP,WE,Towers with Display (VFR),254,55,16,0,325,28,27,28,0,83,282,82,44,0,408,14,0,14,422
05/09/2002,SMF,CA,AWP,WE,Towers with Display (VFR),276,59,18,6,359,5,23,41,0,69,281,82,59,6,428,40,10,50,478
05/10/2002,SMF,CA,AWP,WE,Towers with Display (VFR),273,60,18,2,353,0,14,43,0,57,273,74,61,2,410,58,22,80,490
05/11/2002,SMF,CA,AWP,WE,Towers with Display (VFR),204,40,13,0,257,17,0,39,0,56,221,40,52,0,313,0,0,0,313
05/12/2002,SMF,CA,AWP,WE,Towers with Display (VFR),220,48,14,0,282,14,4,40,0,58,234,52,54,0,340,4,0,4,344
05/13/2002,SMF,CA,AWP,WE,Towers with Display (VFR),289,62,18,8,377,5,34,43,0,82,294,96,61,8,459,30,22,52,511
05/14/2002,SMF,CA,AWP,WE,Towers with Display (VFR),266,61,18,10,355,0,28,52,0,80,266,89,70,10,435,22,32,54,489
05/15/2002,SMF,CA,AWP,WE,Towers with Display (VFR),283,61,19,2,365,0,23,48,0,71,283,84,67,2,436,34,2,36,472
05/16/2002,SMF,CA,AWP,WE,Towers with Display (VFR),282,60,18,0,360,0,10,65,0,75,282,70,83,0,435,40,0,40,475
05/17/2002,SMF,CA,AWP,WE,Towers with Display (VFR),274,64,19,3,360,0,14,91,0,105,274,78,110,3,465,134,8,142,607
05/18/2002,SMF,CA,AWP,WE,Towers with Display (VFR),223,47,14,0,284,2,5,48,0,55,225,52,62,0,339,18,0,18,357
05/19/2002,SMF,CA,AWP,WE,Towers with Display (VFR),273,49,17,0,339,31,0,22,0,53,304,49,39,0,392,0,0,0,392
05/20/2002,SMF,CA,AWP,WE,Towers with Display (VFR),269,57,17,0,343,11,14,17,0,42,280,71,34,0,385,4,0,4,389
05/21/2002,SMF,CA,AWP,WE,Towers with Display (VFR),262,61,18,3,344,0,30,12,0,42,262,91,30,3,386,2,18,20,406
05/22/2002,SMF,CA,AWP,WE,Towers with Display (VFR),279,63,18,4,364,0,22,62,0,84,279,85,80,4,448,64,6,70,518
05/23/2002,SMF,CA,AWP,WE,Towers with Display (VFR),278,64,18,0,360,0,20,78,0,98,278,84,96,0,458,50,0,50,508
05/24/2002,SMF,CA,AWP,WE,Towers with Display (VFR),264,57,16,3,340,0,19,68,0,87,264,76,84,3,427,74,0,74,501
05/25/2002,SMF,CA,AWP,WE,Towers with Display (VFR),202,42,12,0,256,17,9,33,0,59,219,51,45,0,315,2,0,2,317
05/26/2002,SMF,CA,AWP,WE,Towers with Display (VFR),202,33,12,0,247,25,0,42,0,67,227,33,54,0,314,18,0,18,332
05/27/2002,SMF,CA,AWP,WE,Towers with Display (VFR),223,48,13,0,284,17,3,39,0,59,240,51,52,0,343,4,0,4,347
05/28/2002,SMF,CA,AWP,WE,Towers with Display (VFR),261,61,17,12,351,0,32,68,0,100,261,93,85,12,451,166,46,212,663
05/29/2002,SMF,CA,AWP,WE,Towers with Display (VFR),263,57,16,4,340,0,24,74,0,98,263,81,90,4,438,44,0,44,482
05/30/2002,SMF,CA,AWP,WE,Towers with Display (VFR),273,59,16,2,350,0,19,63,0,82,273,78,79,2,432,118,10,128,560
05/31/2002,SMF,CA,AWP,WE,Towers with Display (VFR),267,57,16,0,340,5,24,46,0,75,272,81,62,0,415,58,0,58,473
06/01/2002,SMF,CA,AWP,WE,Towers with Display (VFR),202,42,11,0,255,15,0,27,0,42,217,42,38,0,297,0,0,0,297
06/02/2002,SMF,CA,AWP,WE,Towers with Display (VFR),246,60,14,0,320,0,3,87,0,90,246,63,101,0,410,48,0,48,458
06/03/2002,SMF,CA,AWP,WE,Towers with Display (VFR),284,63,15,0,362,0,14,54,0,68,284,77,69,0,430,44,0,44,474
06/04/2002,SMF,CA,AWP,WE,Towers with Display (VFR),280,64,15,4,363,0,30,52,0,82,280,94,67,4,445,44,4,48,493
06/05/2002,SMF,CA,AWP,WE,Towers with Display (VFR),291,64,15,0,370,10,16,35,0,61,301,80,50,0,431,8,0,8,439
06/06/2002,SMF,CA,AWP,WE,Towers with Display (VFR),292,64,15,4,375,0,15,36,0,51,292,79,51,4,426,26,14,40,466
06/07/2002,SMF,CA,AWP,WE,Towers with Display (VFR),281,62,15,0,358,0,12,50,0,62,281,74,65,0,420,32,0,32,452
06/08/2002,SMF,CA,AWP,WE,Towers with Display (VFR),221,49,11,2,283,8,4,36,0,48,229,53,47,2,331,20,0,20,351
06/09/2002,SMF,CA,AWP,WE,Towers with Display (VFR),272,54,14,0,340,29,0,15,0,44,301,54,29,0,384,0,0,0,384
06/10/2002,SMF,CA,AWP,WE,Towers with Display (VFR),272,60,14,6,352,6,4,61,0,71,278,64,75,6,423,106,16,122,545
06/11/2002,SMF,CA,AWP,WE,Towers with Display (VFR),276,61,14,2,353,9,31,59,0,99,285,92,73,2,452,106,14,120,572
06/12/2002,SMF,CA,AWP,WE,Towers with Display (VFR),290,67,15,2,374,0,13,56,0,69,290,80,71,2,443,56,0,56,499
06/13/2002,SMF,CA,AWP,WE,Towers with Display (VFR),264,59,14,0,337,0,18,65,0,83,264,77,79,0,420,76,4,80,500
06/14/2002,SMF,CA,AWP,WE,Towers with Display (VFR),286,63,15,2,366,0,26,69,0,95,286,89,84,2,461,118,8,126,587
06/15/2002,SMF,CA,AWP,WE,Towers with Display (VFR),227,43,12,0,282,8,0,30,0,38,235,43,42,0,320,12,0,12,332
06/16/2002,SMF,CA,AWP,WE,Towers with Display (VFR),245,52,13,0,310,22,5,28,0,55,267,57,41,0,365,6,0,6,371
06/17/2002,SMF,CA,AWP,WE,Towers with Display (VFR),293,64,14,0,371,0,10,66,0,76,293,74,80,0,447,32,0,32,479
06/18/2002,SMF,CA,AWP,WE,Towers with Display (VFR),301,65,14,2,382,3,19,60,0,82,304,84,74,2,464,48,2,50,514
06/19/2002,SMF,CA,AWP,WE,Towers with Display (VFR),274,61,13,6,354,0,30,61,0,91,274,91,74,6,445,18,6,24,469
06/20/2002,SMF,CA,AWP,WE,Towers with Display (VFR),279,63,14,2,358,0,10,63,0,73,279,73,77,2,431,48,0,48,479
06/21/2002,SMF,CA,AWP,WE,Towers with Display (VFR),277,64,14,4,359,0,12,73,0,85,277,76,87,4,444,78,12,90,534
06/22/2002,SMF,CA,AWP,WE,Towers with Display (VFR),235,45,11,0,291,7,0,36,0,43,242,45,47,0,334,28,0,28,362
06/23/2002,SMF,CA,AWP,WE,Towers with Display (VFR),258,52,12,0,322,9,0,35,0,44,267,52,47,0,366,10,0,10,376
06/24/2002,SMF,CA,AWP,WE,Towers with Display (VFR),303,66,15,19,403,6,11,42,15,74,309,77,57,34,477,86,16,102,579
06/25/2002,SMF,CA,AWP,WE,Towers with Display (VFR),294,66,14,6,380,0,25,40,0,65,294,91,54,6,445,18,8,26,471
06/26/2002,SMF,CA,AWP,WE,Towers with Display (VFR),300,68,15,8,391,0,13,44,0,57,300,81,59,8,448,34,36,70,518
06/27/2002,SMF,CA,AWP,WE,Towers with Display (VFR),280,64,14,0,358,0,15,52,0,67,280,79,66,0,425,42,0,42,467
06/28/2002,SMF,CA,AWP,WE,Towers with Display (VFR),283,68,15,0,366,0,14,65,0,79,283,82,80,0,445,84,26,110,555
06/29/2002,SMF,CA,AWP,WE,Towers with Display (VFR),221,48,10,4,283,4,0,57,0,61,225,48,67,4,344,28,0,28,372
06/30/2002,SMF,CA,AWP,WE,Towers with Display (VFR),252,56,12,0,320,22,1,38,0,61,274,57,50,0,381,40,0,40,421
07/01/2002,SMF,CA,AWP,WE,Towers with Display (VFR),281,64,14,4,363,5,5,50,0,60,286,69,64,4,423,92,8,100,523
07/02/2002,SMF,CA,AWP,WE,Towers with Display (VFR),290,68,15,2,375,0,21,50,0,71,290,89,65,2,446,58,12,70,516
07/03/2002,SMF,CA,AWP,WE,Towers with Display (VFR),283,67,14,0,364,0,9,90,0,99,283,76,104,0,463,128,0,128,591
07/04/2002,SMF,CA,AWP,WE,Towers with Display (VFR),198,32,10,0,240,15,0,8,0,23,213,32,18,0,263,2,0,2,265
07/05/2002,SMF,CA,AWP,WE,Towers with Display (VFR),229,52,11,0,292,2,9,26,0,37,231,61,37,0,329,46,0,46,375
07/06/2002,SMF,CA,AWP,WE,Towers with Display (VFR),217,44,11,0,272,8,0,22,0,30,225,44,33,0,302,8,0,8,310
07/07/2002,SMF,CA,AWP,WE,Towers with Display (VFR),271,57,13,0,341,27,0,29,0,56,298,57,42,0,397,0,0,0,397
07/08/2002,SMF,CA,AWP,WE,Towers with Display (VFR),297,66,15,0,378,17,0,60,0,77,314,66,75,0,455,46,0,46,501
07/09/2002,SMF,CA,AWP,WE,Towers with Display (VFR),297,69,15,2,383,0,20,34,0,54,297,89,49,2,437,50,10,60,497
07/10/2002,SMF,CA,AWP,WE,Towers with Display (VFR),268,61,13,2,344,1,13,65,0,79,269,74,78,2,423,22,0,22,445
07/11/2002,SMF,CA,AWP,WE,Towers with Display (VFR),284,66,14,4,368,0,2,61,0,63,284,68,75,4,431,72,2,74,505
07/12/2002,SMF,CA,AWP,WE,Towers with Display (VFR),276,65,14,4,359,0,11,60,0,71,276,76,74,4,430,20,6,26,456
07/13/2002,SMF,CA,AWP,WE,Towers with Display (VFR),236,43,12,0,291,20,0,25,0,45,256,43,37,0,336,18,0,18,354
07/14/2002,SMF,CA,AWP,WE,Towers with Display (VFR),252,53,12,0,317,18,0,41,0,59,270,53,53,0,376,4,0,4,380
07/15/2002,SMF,CA,AWP,WE,Towers with Display (VFR),254,58,12,0,324,0,16,45,0,61,254,74,57,0,385,42,0,42,427
07/16/2002,SMF,CA,AWP,WE,Towers with Display (VFR),303,71,14,6,394,0,18,47,0,65,303,89,61,6,459,58,10,68,527
07/17/2002,SMF,CA,AWP,WE,Towers with Display (VFR),283,67,14,0,364,0,21,59,0,80,283,88,73,0,444,30,0,30,474
07/18/2002,SMF,CA,AWP,WE,Towers with Display (VFR),270,66,14,4,354,0,25,52,0,77,270,91,66,4,431,12,8,20,451
07/19/2002,SMF,CA,AWP,WE,Towers with Display (VFR),301,68,14,4,387,0,22,57,0,79,301,90,71,4,466,26,16,42,508
07/20/2002,SMF,CA,AWP,WE,Towers with Display (VFR),222,50,10,0,282,6,0,34,0,40,228,50,44,0,322,6,0,6,328
07/21/2002,SMF,CA,AWP,WE,Towers with Display (VFR),263,58,12,0,333,21,0,17,0,38,284,58,29,0,371,6,0,6,377
07/22/2002,SMF,CA,AWP,WE,Towers with Display (VFR),279,63,13,6,361,0,10,24,0,34,279,73,37,6,395,0,26,26,421
07/23/2002,SMF,CA,AWP,WE,Towers with Display (VFR),280,65,13,8,366,0,26,42,0,68,280,91,55,8,434,264,10,274,708
07/24/2002,SMF,CA,AWP,WE,Towers with Display (VFR),303,70,14,2,389,0,24,50,0,74,303,94,64,2,463,98,8,106,569
07/25/2002,SMF,CA,AWP,WE,Towers with Display (VFR),290,69,14,6,379,0,17,92,0,109,290,86,106,6,488,88,6,94,582
07/26/2002,SMF,CA,AWP,WE,Towers with Display (VFR),274,67,13,0,354,0,23,78,0,101,274,90,91,0,455,40,0,40,495
07/27/2002,SMF,CA,AWP,WE,Towers with Display (VFR),212,47,10,0,269,11,8,29,0,48,223,55,39,0,317,8,0,8,325
07/28/2002,SMF,CA,AWP,WE,Towers with Display (VFR),258,59,12,0,329,17,4,39,0,60,275,63,51,0,389,12,0,12,401
07/29/2002,SMF,CA,AWP,WE,Towers with Display (VFR),279,63,13,8,363,18,2,30,0,50,297,65,43,8,413,24,20,44,457
07/30/2002,SMF,CA,AWP,WE,Towers with Display (VFR),292,68,14,4,378,0,8,45,0,53,292,76,59,4,431,28,30,58,489
07/31/2002,SMF,CA,AWP,WE,Towers with Display (VFR),302,73,15,4,394,0,13,43,0,56,302,86,58,4,450,28,0,28,478
08/01/2002,SMF,CA,AWP,WE,Towers with Display (VFR),259,65,15,16,355,0,1,42,0,43,259,66,57,16,398,26,16,42,440
08/02/2002,SMF,CA,AWP,WE,Towers with Display (VFR),284,71,17,4,376,0,1,48,0,49,284,72,65,4,425,42,12,54,479
08/03/2002,SMF,CA,AWP,WE,Towers with Display (VFR),209,31,12,0,252,25,0,15,0,40,234,31,27,0,292,2,0,2,294
08/04/2002,SMF,CA,AWP,WE,Towers with Display (VFR),252,49,14,1,316,26,0,34,0,60,278,49,48,1,376,8,0,8,384
08/05/2002,SMF,CA,AWP,WE,Towers with Display (VFR),290,68,16,0,374,13,5,50,0,68,303,73,66,0,442,32,10,42,484
08/06/2002,SMF,CA,AWP,WE,Towers with Display (VFR),272,66,16,6,360,0,36,64,0,100,272,102,80,6,460,26,10,36,496
08/07/2002,SMF,CA,AWP,WE,Towers with Display (VFR),276,66,15,4,361,0,23,61,0,84,276,89,76,4,445,10,0,10,455
08/08/2002,SMF,CA,AWP,WE,Towers with Display (VFR),274,66,15,10,365,0,22,51,0,73,274,88,66,10,438,40,6,46,484
08/09/2002,SMF,CA,AWP,WE,Towers with Display (VFR),275,66,16,2,359,0,19,57,0,76,275,85,73,2,435,76,0,76,511
08/10/2002,SMF,CA,AWP,WE,Towers with Display (VFR),216,43,12,0,271,15,0,28,0,43,231,43,40,0,314,4,0,4,318
08/11/2002,SMF,CA,AWP,WE,Towers with Display (VFR),255,47,14,0,316,28,0,26,0,54,283,47,40,0,370,16,0,16,386
08/12/2002,SMF,CA,AWP,WE,Towers with Display (VFR),279,66,15,7,367,17,15,55,0,87,296,81,70,7,454,64,10,74,528
08/13/2002,SMF,CA,AWP,WE,Towers with Display (VFR),269,64,15,0,348,0,16,40,0,56,269,80,55,0,404,66,0,66,470
08/14/2002,SMF,CA,AWP,WE,Towers with Display (VFR),285,67,16,8,376,0,24,33,0,57,285,91,49,8,433,0,22,22,455
08/15/2002,SMF,CA,AWP,WE,Towers with Display (VFR),262,69,16,23,370,0,18,41,18,77,262,87,57,41,447,32,40,72,519
08/16/2002,SMF,CA,AWP,WE,Towers with Display (VFR),269,67,16,2,354,0,17,53,0,70,269,84,69,2,424,62,10,72,496
08/17/2002,SMF,CA,AWP,WE,Towers with Display (VFR),223,52,12,0,287,8,3,14,0,25,231,55,26,0,312,0,0,0,312
08/18/2002,SMF,CA,AWP,WE,Towers with Display (VFR),242,43,12,0,297,18,0,44,0,62,260,43,56,0,359,2,0,2,361
08/19/2002,SMF,CA,AWP,WE,Towers with Display (VFR),276,63,14,14,367,0,0,50,0,50,276,63,64,14,417,70,8,78,495
08/20/2002,SMF,CA,AWP,WE,Towers with Display (VFR),298,72,16,4,390,0,26,74,0,100,298,98,90,4,490,62,42,104,594
08/21/2002,SMF,CA,AWP,WE,Towers with Display (VFR),256,59,13,7,335,23,24,46,0,93,279,83,59,7,428,26,6,32,460
08/22/2002,SMF,CA,AWP,WE,Towers with Display (VFR),272,63,14,4,353,0,19,43,0,62,272,82,57,4,415,32,24,56,471
08/23/2002,SMF,CA,AWP,WE,Towers with Display (VFR),263,63,14,0,340,0,22,61,0,83,263,85,75,0,423,46,0,46,469
08/24/2002,SMF,CA,AWP,WE,Towers with Display (VFR),219,44,12,2,277,0,0,41,0,41,219,44,53,2,318,54,2,56,374
08/25/2002,SMF,CA,AWP,WE,Towers with Display (VFR),276,55,15,0,346,0,0,33,0,33,276,55,48,0,379,6,0,6,385
08/26/2002,SMF,CA,AWP,WE,Towers with Display (VFR),301,71,15,8,395,6,10,71,0,87,307,81,86,8,482,2,6,8,490
08/27/2002,SMF,CA,AWP,WE,Towers with Display (VFR),241,57,12,4,314,21,28,108,0,157,262,85,120,4,471,24,2,26,497
08/28/2002,SMF,CA,AWP,WE,Towers with Display (VFR),259,61,13,4,337,13,28,76,0,117,272,89,89,4,454,12,14,26,480
08/29/2002,SMF,CA,AWP,WE,Towers with Display (VFR),251,59,13,4,327,14,18,57,0,89,265,77,70,4,416,42,14,56,472
08/30/2002,SMF,CA,AWP,WE,Towers with Display (VFR),276,66,14,3,359,0,7,40,0,47,276,73,54,3,406,66,0,66,472
08/31/2002,SMF,CA,AWP,WE,Towers with Display (VFR),219,52,13,0,284,0,0,29,0,29,219,52,42,0,313,0,0,0,313
09/01/2002,SMF,CA,AWP,WE,Towers with Display (VFR),226,34,14,0,274,0,0,52,0,52,226,34,66,0,326,0,0,0,326
09/02/2002,SMF,CA,AWP,WE,Towers with Display (VFR),267,46,17,0,330,0,0,26,0,26,267,46,43,0,356,10,0,10,366
09/03/2002,SMF,CA,AWP,WE,Towers with Display (VFR),251,61,14,8,334,40,23,80,0,143,291,84,94,8,477,44,24,68,545
09/04/2002,SMF,CA,AWP,WE,Towers with Display (VFR),266,65,15,6,352,30,30,86,0,146,296,95,101,6,498,24,14,38,536
09/05/2002,SMF,CA,AWP,WE,Towers with Display (VFR),261,64,15,6,346,0,16,64,0,80,261,80,79,6,426,40,20,60,486
09/06/2002,SMF,CA,AWP,WE,Towers with Display (VFR),267,68,16,4,355,0,2,85,0,87,267,70,101,4,442,26,8,34,476
09/07/2002,SMF,CA,AWP,WE,Towers with Display (VFR),224,51,14,0,289,0,0,59,0,59,224,51,73,0,348,18,0,18,366
09/08/2002,SMF,CA,AWP,WE,Towers with Display (VFR),272,45,16,8,341,3,0,86,0,89,275,45,102,8,430,50,0,50,480
09/09/2002,SMF,CA,AWP,WE,Towers with Display (VFR),315,74,18,4,411,1,0,43,0,44,316,74,61,4,455,6,0,6,461
09/10/2002,SMF,CA,AWP,WE,Towers with Display (VFR),267,65,15,16,363,32,27,108,0,167,299,92,123,16,530,98,6,104,634
09/11/2002,SMF,CA,AWP,WE,Towers with Display (VFR),241,58,14,6,319,13,4,63,0,80,254,62,77,6,399,18,16,34,433
09/12/2002,SMF,CA,AWP,WE,Towers with Display (VFR),239,57,14,4,314,13,18,68,0,99,252,75,82,4,413,68,16,84,497
09/13/2002,SMF,CA,AWP,WE,Towers with Display (VFR),264,66,16,4,350,0,8,79,0,87,264,74,95,4,437,56,0,56,493
09/14/2002,SMF,CA,AWP,WE,Towers with Display (VFR),222,45,14,0,281,0,0,48,0,48,222,45,62,0,329,28,0,28,357
09/15/2002,SMF,CA,AWP,WE,Towers with Display (VFR),277,41,17,0,335,0,0,83,0,83,277,41,100,0,418,78,0,78,496
09/16/2002,SMF,CA,AWP,WE,Towers with Display (VFR),302,69,17,4,392,0,0,77,0,77,302,69,94,4,469,104,12,116,585
09/17/2002,SMF,CA,AWP,WE,Towers with Display (VFR),259,62,14,6,341,26,35,92,0,153,285,97,106,6,494,72,14,86,580
09/18/2002,SMF,CA,AWP,WE,Towers with Display (VFR),256,60,14,2,332,19,44,72,0,135,275,104,86,2,467,18,0,18,485
09/19/2002,SMF,CA,AWP,WE,Towers with Display (VFR),261,64,15,4,344,0,15,56,0,71,261,79,71,4,415,40,4,44,459
09/20/2002,SMF,CA,AWP,WE,Towers with Display (VFR),269,69,16,6,360,0,4,57,0,61,269,73,73,6,421,40,14,54,475
09/21/2002,SMF,CA,AWP,WE,Towers with Display (VFR),232,50,12,2,296,8,0,59,0,67,240,50,71,2,363,64,0,64,427
09/22/2002,SMF,CA,AWP,WE,Towers with Display (VFR),280,54,15,0,349,4,0,56,0,60,284,54,71,0,409,40,0,40,449
09/23/2002,SMF,CA,AWP,WE,Towers with Display (VFR),286,69,16,20,391,0,18,82,0,100,286,87,98,20,491,52,38,90,581
09/24/2002,SMF,CA,AWP,WE,Towers with Display (VFR),296,72,16,10,394,0,20,58,0,78,296,92,74,10,472,94,6,100,572
09/25/2002,SMF,CA,AWP,WE,Towers with Display (VFR),261,69,15,12,357,0,20,47,0,67,261,89,62,12,424,30,40,70,494
09/26/2002,SMF,CA,AWP,WE,Towers with Display (VFR),281,67,15,6,369,1,24,62,0,87,282,91,77,6,456,48,18,66,522
09/27/2002,SMF,CA,AWP,WE,Towers with Display (VFR),246,60,13,0,319,21,10,47,0,78,267,70,60,0,397,62,0,62,459
09/28/2002,SMF,CA,AWP,WE,Towers with Display (VFR),221,44,12,0,277,0,0,26,0,26,221,44,38,0,303,16,0,16,319
09/29/2002,SMF,CA,AWP,WE,Towers with Display (VFR),262,54,14,0,330,8,0,38,0,46,270,54,52,0,376,22,0,22,398
09/30/2002,SMF,CA,AWP,WE,Towers with Display (VFR),300,70,16,0,386,1,0,58,0,59,301,70,74,0,445,6,0,6,451
10/01/2002,SMF,CA,AWP,WE,Towers with Display (VFR),303,68,20,4,395,9,35,59,0,103,312,103,79,4,498,72,0,72,570
10/02/2002,SMF,CA,AWP,WE,Towers with Display (VFR),303,72,21,4,400,0,23,45,0,68,303,95,66,4,468,26,35,61,529
10/03/2002,SMF,CA,AWP,WE,Towers with Display (VFR),264,58,18,4,344,14,26,44,0,84,278,84,62,4,428,38,0,38,466
10/04/2002,SMF,CA,AWP,WE,Towers with Display (VFR),250,55,17,2,324,21,26,42,0,89,271,81,59,2,413,20,2,22,435
10/05/2002,SMF,CA,AWP,WE,Towers with Display (VFR),201,41,14,2,258,4,0,17,0,21,205,41,31,2,279,12,0,12,291
10/06/2002,SMF,CA,AWP,WE,Towers with Display (VFR),264,58,18,4,344,6,10,86,0,102,270,68,104,4,446,24,10,34,480
10/07/2002,SMF,CA,AWP,WE,Towers with Display (VFR),301,68,20,6,395,0,10,111,0,121,301,78,131,6,516,100,36,136,652
10/08/2002,SMF,CA,AWP,WE,Towers with Display (VFR),258,58,17,3,336,21,38,66,0,125,279,96,83,3,461,160,18,178,639
10/09/2002,SMF,CA,AWP,WE,Towers with Display (VFR),263,61,18,10,352,0,23,61,0,84,263,84,79,10,436,44,30,74,510
10/10/2002,SMF,CA,AWP,WE,Towers with Display (VFR),254,60,18,4,336,0,23,45,0,68,254,83,63,4,404,80,14,94,498
10/11/2002,SMF,CA,AWP,WE,Towers with Display (VFR),243,55,16,0,314,23,25,46,0,94,266,80,62,0,408,62,0,62,470
10/12/2002,SMF,CA,AWP,WE,Towers with Display (VFR),217,40,15,0,272,7,0,11,0,18,224,40,26,0,290,0,0,0,290
10/13/2002,SMF,CA,AWP,WE,Towers with Display (VFR),262,55,18,0,335,0,0,21,0,21,262,55,39,0,356,0,0,0,356
10/14/2002,SMF,CA,AWP,WE,Towers with Display (VFR),226,47,17,0,290,0,0,43,0,43,226,47,60,0,333,30,0,30,363
10/15/2002,SMF,CA,AWP,WE,Towers with Display (VFR),291,66,19,24,400,0,19,47,16,82,291,85,66,40,482,16,20,36,518
10/16/2002,SMF,CA,AWP,WE,Towers with Display (VFR),262,58,17,11,348,0,21,80,0,101,262,79,97,11,449,26,50,76,525
10/17/2002,SMF,CA,AWP,WE,Towers with Display (VFR),255,65,18,10,348,0,20,63,0,83,255,85,81,10,431,22,22,44,475
10/18/2002,SMF,CA,AWP,WE,Towers with Display (VFR),269,60,17,0,346,20,15,50,0,85,289,75,67,0,431,58,6,64,495
10/19/2002,SMF,CA,AWP,WE,Towers with Display (VFR),220,48,14,0,282,5,0,13,0,18,225,48,27,0,300,8,0,8,308
10/20/2002,SMF,CA,AWP,WE,Towers with Display (VFR),274,48,18,0,340,0,0,24,0,24,274,48,42,0,364,0,0,0,364
10/21/2002,SMF,CA,AWP,WE,Towers with Display (VFR),320,71,20,10,421,0,4,79,0,83,320,75,99,10,504,50,14,64,568
10/22/2002,SMF,CA,AWP,WE,Towers with Display (VFR),272,62,18,0,352,0,22,59,0,81,272,84,77,0,433,70,4,74,507
10/23/2002,SMF,CA,AWP,WE,Towers with Display (VFR),260,62,18,13,353,0,18,46,0,64,260,80,64,13,417,16,22,38,455
10/24/2002,SMF,CA,AWP,WE,Towers with Display (VFR),265,57,17,2,341,2,33,47,0,82,267,90,64,2,423,32,28,60,483
10/25/2002,SMF,CA,AWP,WE,Towers with Display (VFR),259,57,16,10,342,8,20,45,0,73,267,77,61,10,415,174,28,202,617
10/26/2002,SMF,CA,AWP,WE,Towers with Display (VFR),205,46,13,0,264,0,2,45,0,47,205,48,58,0,311,16,0,16,327
10/27/2002,SMF,CA,AWP,WE,Towers with Display (VFR),247,51,15,0,313,13,0,39,0,52,260,51,54,0,365,8,0,8,373
10/28/2002,SMF,CA,AWP,WE,Towers with Display (VFR),291,65,18,18,392,18,9,46,0,73,309,74,64,18,465,30,72,102,567
10/29/2002,SMF,CA,AWP,WE,Towers with Display (VFR),278,62,18,10,368,1,35,42,0,78,279,97,60,10,446,18,36,54,500
10/30/2002,SMF,CA,AWP,WE,Towers with Display (VFR),264,61,17,16,358,0,23,48,0,71,264,84,65,16,429,12,22,34,463
10/31/2002,SMF,CA,AWP,WE,Towers with Display (VFR),254,56,16,18,344,6,28,37,0,71,260,84,53,18,415,100,44,144,559
11/01/2002,SMF,CA,AWP,WE,Towers with Display (VFR),266,58,25,4,353,0,18,34,0,52,266,76,59,4,405,168,16,184,589
11/02/2002,SMF,CA,AWP,WE,Towers with Display (VFR),223,44,23,0,290,0,0,8,0,8,223,44,31,0,298,0,0,0,298
11/03/2002,SMF,CA,AWP,WE,Towers with Display (VFR),235,51,22,1,309,25,5,12,0,42,260,56,34,1,351,6,0,6,357
11/04/2002,SMF,CA,AWP,WE,Towers with Display (VFR),240,52,23,6,321,30,23,73,0,126,270,75,96,6,447,66,6,72,519
11/05/2002,SMF,CA,AWP,WE,Towers with Display (VFR),249,54,24,4,331,7,27,14,0,48,256,81,38,4,379,6,0,6,385
11/06/2002,SMF,CA,AWP,WE,Towers with Display (VFR),259,58,25,4,346,0,22,33,0,55,259,80,58,4,401,40,0,40,441
11/07/2002,SMF,CA,AWP,WE,Towers with Display (VFR),271,58,26,0,355,4,11,0,0,15,275,69,26,0,370,16,14,30,400
11/08/2002,SMF,CA,AWP,WE,Towers with Display (VFR),271,58,26,4,359,1,18,7,0,26,272,76,33,4,385,12,2,14,399
11/09/2002,SMF,CA,AWP,WE,Towers with Display (VFR),235,44,21,0,300,0,0,0,0,0,235,44,21,0,300,0,0,0,300
11/10/2002,SMF,CA,AWP,WE,Towers with Display (VFR),232,45,22,0,299,24,0,10,0,34,256,45,32,0,333,14,0,14,347
11/11/2002,SMF,CA,AWP,WE,Towers with Display (VFR),234,50,21,0,305,20,12,6,0,38,254,62,27,0,343,24,0,24,367
11/12/2002,SMF,CA,AWP,WE,Towers with Display (VFR),254,55,24,0,333,3,31,57,0,91,257,86,81,0,424,94,0,94,518
11/13/2002,SMF,CA,AWP,WE,Towers with Display (VFR),261,58,25,2,346,0,28,19,0,47,261,86,44,2,393,70,0,70,463
11/14/2002,SMF,CA,AWP,WE,Towers with Display (VFR),254,60,25,0,339,0,17,25,0,42,254,77,50,0,381,108,10,118,499
11/15/2002,SMF,CA,AWP,WE,Towers with Display (VFR),257,60,25,6,348,0,12,40,0,52,257,72,65,6,400,26,42,68,468
11/16/2002,SMF,CA,AWP,WE,Towers with Display (VFR),227,32,22,0,281,0,0,16,0,16,227,32,38,0,297,4,0,4,301
11/17/2002,SMF,CA,AWP,WE,Towers with Display (VFR),248,49,22,1,320,4,0,7,0,11,252,49,29,1,331,0,0,0,331
11/18/2002,SMF,CA,AWP,WE,Towers with Display (VFR),252,54,23,7,336,15,16,39,0,70,267,70,62,7,406,50,2,52,458
11/19/2002,SMF,CA,AWP,WE,Towers with Display (VFR),271,60,26,21,378,0,23,52,0,75,271,83,78,21,453,2,48,50,503
11/20/2002,SMF,CA,AWP,WE,Towers with Display (VFR),279,62,26,2,369,0,23,29,0,52,279,85,55,2,421,50,22,72,493
11/21/2002,SMF,CA,AWP,WE,Towers with Display (VFR),249,58,25,2,334,0,23,23,0,46,249,81,48,2,380,28,20,48,428
11/22/2002,SMF,CA,AWP,WE,Towers with Display (VFR),234,50,21,0,305,13,35,35,0,83,247,85,56,0,388,52,0,52,440
11/23/2002,SMF,CA,AWP,WE,Towers with Display (VFR),230,39,19,2,290,0,0,0,0,0,230,39,19,2,290,0,0,0,290
11/24/2002,SMF,CA,AWP,WE,Towers with Display (VFR),242,51,22,0,315,20,0,4,0,24,262,51,26,0,339,8,0,8,347
11/25/2002,SMF,CA,AWP,WE,Towers with Display (VFR),252,55,23,6,336,23,25,70,0,118,275,80,93,6,454,58,16,74,528
11/26/2002,SMF,CA,AWP,WE,Towers with Display (VFR),281,61,25,6,373,12,47,50,0,109,293,108,75,6,482,76,14,90,572
11/27/2002,SMF,CA,AWP,WE,Towers with Display (VFR),284,66,28,2,380,0,27,24,0,51,284,93,52,2,431,30,0,30,461
11/28/2002,SMF,CA,AWP,WE,Towers with Display (VFR),153,32,13,0,198,29,6,0,0,35,182,38,13,0,233,0,0,0,233
11/29/2002,SMF,CA,AWP,WE,Towers with Display (VFR),231,50,22,0,303,0,18,15,0,33,231,68,37,0,336,18,0,18,354
11/30/2002,SMF,CA,AWP,WE,Towers with Display (VFR),230,46,23,0,299,0,0,3,0,3,230,46,26,0,302,6,0,6,308
12/01/2002,SMF,CA,AWP,WE,Towers with Display (VFR),257,55,31,0,343,5,0,20,0,25,262,55,51,0,368,16,0,16,384
12/02/2002,SMF,CA,AWP,WE,Towers with Display (VFR),290,69,39,2,400,0,0,43,0,43,290,69,82,2,443,56,2,58,501
12/03/2002,SMF,CA,AWP,WE,Towers with Display (VFR),289,82,41,2,414,0,19,37,0,56,289,101,78,2,470,94,50,144,614
12/04/2002,SMF,CA,AWP,WE,Towers with Display (VFR),297,79,40,3,419,0,16,9,0,25,297,95,49,3,444,40,24,64,508
12/05/2002,SMF,CA,AWP,WE,Towers with Display (VFR),258,72,36,3,369,0,18,14,9,41,258,90,50,12,410,52,24,76,486
12/06/2002,SMF,CA,AWP,WE,Towers with Display (VFR),250,65,32,0,347,0,10,7,0,17,250,75,39,0,364,30,0,30,394
12/07/2002,SMF,CA,AWP,WE,Towers with Display (VFR),221,44,28,2,295,10,0,7,0,17,231,44,35,2,312,16,2,18,330
12/08/2002,SMF,CA,AWP,WE,Towers with Display (VFR),223,47,19,0,289,23,0,0,0,23,246,47,19,0,312,0,0,0,312
12/09/2002,SMF,CA,AWP,WE,Towers with Display (VFR),255,63,21,0,339,18,0,0,0,18,273,63,21,0,357,2,0,2,359
12/10/2002,SMF,CA,AWP,WE,Towers with Display (VFR),270,67,24,3,364,0,10,0,3,13,270,77,24,6,377,14,22,36,413
12/11/2002,SMF,CA,AWP,WE,Towers with Display (VFR),264,74,36,3,377,0,18,18,1,37,264,92,54,4,414,2,0,2,416
12/12/2002,SMF,CA,AWP,WE,Towers with Display (VFR),259,67,32,2,360,0,6,10,0,16,259,73,42,2,376,22,0,22,398
12/13/2002,SMF,CA,AWP,WE,Towers with Display (VFR),256,64,11,4,335,16,0,0,4,20,272,64,11,8,355,2,12,14,369
12/14/2002,SMF,CA,AWP,WE,Towers with Display (VFR),207,42,6,0,255,36,0,0,0,36,243,42,6,0,291,6,0,6,297
12/15/2002,SMF,CA,AWP,WE,Towers with Display (VFR),235,44,25,2,306,23,0,0,0,23,258,44,25,2,329,2,0,2,331
12/16/2002,SMF,CA,AWP,WE,Towers with Display (VFR),289,77,37,0,403,0,10,19,0,29,289,87,56,0,432,22,0,22,454
12/17/2002,SMF,CA,AWP,WE,Towers with Display (VFR),278,80,39,4,401,0,9,39,0,48,278,89,78,4,449,66,2,68,517
12/18/2002,SMF,CA,AWP,WE,Towers with Display (VFR),281,76,36,2,395,0,5,28,0,33,281,81,64,2,428,56,12,68,496
12/19/2002,SMF,CA,AWP,WE,Towers with Display (VFR),270,66,22,0,358,11,6,0,0,17,281,72,22,0,375,6,0,6,381
12/20/2002,SMF,CA,AWP,WE,Towers with Display (VFR),283,69,22,4,378,10,6,0,2,18,293,75,22,6,396,46,0,46,442
12/21/2002,SMF,CA,AWP,WE,Towers with Display (VFR),232,57,24,0,313,6,6,0,0,12,238,63,24,0,325,0,0,0,325
12/22/2002,SMF,CA,AWP,WE,Towers with Display (VFR),240,52,24,0,316,20,0,0,0,20,260,52,24,0,336,2,0,2,338
12/23/2002,SMF,CA,AWP,WE,Towers with Display (VFR),278,69,30,4,381,0,7,0,2,9,278,76,30,6,390,16,8,24,414
12/24/2002,SMF,CA,AWP,WE,Towers with Display (VFR),225,55,8,0,288,6,20,0,0,26,231,75,8,0,314,0,0,0,314
12/25/2002,SMF,CA,AWP,WE,Towers with Display (VFR),180,36,3,0,219,28,0,0,0,28,208,36,3,0,247,0,0,0,247
12/26/2002,SMF,CA,AWP,WE,Towers with Display (VFR),245,57,18,0,320,22,0,0,0,22,267,57,18,0,342,0,0,0,342
12/27/2002,SMF,CA,AWP,WE,Towers with Display (VFR),247,61,30,4,342,0,3,7,0,10,247,64,37,4,352,54,6,60,412
12/28/2002,SMF,CA,AWP,WE,Towers with Display (VFR),211,46,10,0,267,27,0,0,0,27,238,46,10,0,294,0,0,0,294
12/29/2002,SMF,CA,AWP,WE,Towers with Display (VFR),224,48,22,0,294,19,0,0,0,19,243,48,22,0,313,0,0,0,313
12/30/2002,SMF,CA,AWP,WE,Towers with Display (VFR),272,59,28,3,362,0,0,0,3,3,272,59,28,6,365,38,10,48,413
12/31/2002,SMF,CA,AWP,WE,Towers with Display (VFR),249,64,30,3,346,0,2,5,3,10,249,66,35,6,356,34,0,34,390
01/01/2003,SMF,CA,AWP,WE,Towers with Display (VFR),209,54,9,0,272,17,1,0,0,18,226,55,9,0,290,12,0,12,302
01/02/2003,SMF,CA,AWP,WE,Towers with Display (VFR),260,70,31,1,362,0,14,4,1,19,260,84,35,2,381,4,10,14,395
01/03/2003,SMF,CA,AWP,WE,Towers with Display (VFR),253,73,33,1,360,0,6,23,8,37,253,79,56,9,397,16,12,28,425
01/04/2003,SMF,CA,AWP,WE,Towers with Display (VFR),228,51,23,0,302,18,0,0,0,18,246,51,23,0,320,0,0,0,320
01/05/2003,SMF,CA,AWP,WE,Towers with Display (VFR),243,48,28,0,319,25,0,6,0,31,268,48,34,0,350,24,0,24,374
01/06/2003,SMF,CA,AWP,WE,Towers with Display (VFR),265,64,30,1,360,5,0,0,1,6,270,64,30,2,366,28,10,38,404
01/07/2003,SMF,CA,AWP,WE,Towers with Display (VFR),258,67,19,0,344,10,6,0,0,16,268,73,19,0,360,18,0,18,378
01/08/2003,SMF,CA,AWP,WE,Towers with Display (VFR),278,72,25,0,375,9,0,0,0,9,287,72,25,0,384,0,0,0,384
01/09/2003,SMF,CA,AWP,WE,Towers with Display (VFR),250,65,16,0,331,12,2,0,0,14,262,67,16,0,345,0,0,0,345
01/10/2003,SMF,CA,AWP,WE,Towers with Display (VFR),272,75,34,2,383,0,3,14,2,19,272,78,48,4,402,40,2,42,444
01/11/2003,SMF,CA,AWP,WE,Towers with Display (VFR),224,45,22,2,293,19,0,0,1,20,243,45,22,3,313,2,0,2,315
01/12/2003,SMF,CA,AWP,WE,Towers with Display (VFR),236,60,20,0,316,11,0,0,0,11,247,60,20,0,327,2,0,2,329
01/13/2003,SMF,CA,AWP,WE,Towers with Display (VFR),269,74,33,2,378,0,5,36,0,41,269,79,69,2,419,58,2,60,479
01/14/2003,SMF,CA,AWP,WE,Towers with Display (VFR),275,71,13,0,359,15,6,0,0,21,290,77,13,0,380,10,0,10,390
01/15/2003,SMF,CA,AWP,WE,Towers with Display (VFR),267,77,34,3,381,0,13,28,7,48,267,90,62,10,429,72,26,98,527
01/16/2003,SMF,CA,AWP,WE,Towers with Display (VFR),273,73,33,0,379,0,14,4,0,18,273,87,37,0,397,16,24,40,437
01/17/2003,SMF,CA,AWP,WE,Towers with Display (VFR),198,27,2,0,227,45,0,0,0,45,243,27,2,0,272,0,0,0,272
01/18/2003,SMF,CA,AWP,WE,Towers with Display (VFR),178,39,8,0,225,20,0,0,0,20,198,39,8,0,245,2,0,2,247
01/19/2003,SMF,CA,AWP,WE,Towers with Display (VFR),227,44,12,0,283,29,0,0,0,29,256,44,12,0,312,0,0,0,312
01/20/2003,SMF,CA,AWP,WE,Towers with Display (VFR),235,60,19,0,314,2,7,0,0,9,237,67,19,0,323,4,0,4,327
01/21/2003,SMF,CA,AWP,WE,Towers with Display (VFR),259,76,34,3,372,0,6,36,1,43,259,82,70,4,415,22,0,22,437
01/22/2003,SMF,CA,AWP,WE,Towers with Display (VFR),271,71,32,2,376,0,5,3,0,8,271,76,35,2,384,10,6,16,400
01/23/2003,SMF,CA,AWP,WE,Towers with Display (VFR),261,69,30,0,360,0,6,7,0,13,261,75,37,0,373,2,0,2,375
01/24/2003,SMF,CA,AWP,WE,Towers with Display (VFR),270,65,33,2,370,0,0,29,0,29,270,65,62,2,399,78,12,90,489
01/25/2003,SMF,CA,AWP,WE,Towers with Display (VFR),207,50,23,0,280,6,0,13,0,19,213,50,36,0,299,62,0,62,361
01/26/2003,SMF,CA,AWP,WE,Towers with Display (VFR),213,46,15,0,274,19,0,0,0,19,232,46,15,0,293,0,0,0,293
01/27/2003,SMF,CA,AWP,WE,Towers with Display (VFR),253,68,31,0,352,0,1,31,0,32,253,69,62,0,384,110,0,110,494
01/28/2003,SMF,CA,AWP,WE,Towers with Display (VFR),254,66,29,2,351,0,12,6,6,24,254,78,35,8,375,120,14,134,509
01/29/2003,SMF,CA,AWP,WE,Towers with Display (VFR),243,68,30,1,342,0,8,9,3,20,243,76,39,4,362,18,0,18,380
01/30/2003,SMF,CA,AWP,WE,Towers with Display (VFR),281,67,33,0,381,0,0,16,0,16,281,67,49,0,397,36,0,36,433
01/31/2003,SMF,CA,AWP,WE,Towers with Display (VFR),283,72,33,1,389,0,0,13,1,14,283,72,46,2,403,2,0,2,405
02/01/2003,SMF,CA,AWP,WE,Towers with Display (VFR),202,41,34,0,277,13,0,0,0,13,215,41,34,0,290,6,0,6,296
02/02/2003,SMF,CA,AWP,WE,Towers with Display (VFR),221,53,37,0,311,14,0,13,0,27,235,53,50,0,338,8,0,8,346
02/03/2003,SMF,CA,AWP,WE,Towers with Display (VFR),243,67,45,2,357,0,13,32,0,45,243,80,77,2,402,74,0,74,476
02/04/2003,SMF,CA,AWP,WE,Towers with Display (VFR),270,69,46,0,385,0,14,23,0,37,270,83,69,0,422,90,0,90,512
02/05/2003,SMF,CA,AWP,WE,Towers with Display (VFR),280,73,49,3,405,0,21,7,1,29,280,94,56,4,434,16,8,24,458
02/06/2003,SMF,CA,AWP,WE,Towers with Display (VFR),282,74,51,2,409,0,0,25,0,25,282,74,76,2,434,36,0,36,470
02/07/2003,SMF,CA,AWP,WE,Towers with Display (VFR),267,68,46,2,383,0,15,6,0,21,267,83,52,2,404,8,10,18,422
02/08/2003,SMF,CA,AWP,WE,Towers with Display (VFR),214,52,28,0,294,18,0,0,0,18,232,52,28,0,312,8,0,8,320
02/09/2003,SMF,CA,AWP,WE,Towers with Display (VFR),241,56,40,0,337,13,0,18,0,31,254,56,58,0,368,2,0,2,370
02/10/2003,SMF,CA,AWP,WE,Towers with Display (VFR),276,77,51,5,409,0,8,45,11,64,276,85,96,16,473,52,16,68,541
02/11/2003,SMF,CA,AWP,WE,Towers with Display (VFR),258,73,49,4,384,0,19,31,10,60,258,92,80,14,444,14,26,40,484
02/12/2003,SMF,CA,AWP,WE,Towers with Display (VFR),287,71,36,4,398,0,19,0,2,21,287,90,36,6,419,112,6,118,537
02/13/2003,SMF,CA,AWP,WE,Towers with Display (VFR),255,63,35,0,353,6,7,0,0,13,261,70,35,0,366,0,18,18,384
02/14/2003,SMF,CA,AWP,WE,Towers with Display (VFR),285,70,46,2,403,1,0,1,0,2,286,70,47,2,405,6,2,8,413
02/15/2003,SMF,CA,AWP,WE,Towers with Display (VFR),194,32,28,0,254,30,0,0,0,30,224,32,28,0,284,72,0,72,356
02/16/2003,SMF,CA,AWP,WE,Towers with Display (VFR),229,34,37,0,300,27,0,4,0,31,256,34,41,0,331,2,0,2,333
02/17/2003,SMF,CA,AWP,WE,Towers with Display (VFR),285,69,46,0,400,2,1,10,0,13,287,70,56,0,413,80,0,80,493
02/18/2003,SMF,CA,AWP,WE,Towers with Display (VFR),256,61,41,4,362,3,1,37,2,43,259,62,78,6,405,40,40,80,485
02/19/2003,SMF,CA,AWP,WE,Towers with Display (VFR),287,67,43,4,401,14,0,0,6,20,301,67,43,10,421,46,32,78,499
02/20/2003,SMF,CA,AWP,WE,Towers with Display (VFR),265,54,44,0,363,0,0,28,0,28,265,54,72,0,391,22,0,22,413
02/21/2003,SMF,CA,AWP,WE,Towers with Display (VFR),266,56,44,4,370,0,0,13,1,14,266,56,57,5,384,54,10,64,448
02/22/2003,SMF,CA,AWP,WE,Towers with Display (VFR),201,38,33,0,272,25,0,5,0,30,226,38,38,0,302,1,0,1,303
02/23/2003,SMF,CA,AWP,WE,Towers with Display (VFR),221,40,36,0,297,16,0,12,0,28,237,40,48,0,325,16,0,16,341
02/24/2003,SMF,CA,AWP,WE,Towers with Display (VFR),254,49,41,4,348,8,0,3,2,13,262,49,44,6,361,0,4,4,365
02/25/2003,SMF,CA,AWP,WE,Towers with Display (VFR),271,63,45,3,382,0,0,17,7,24,271,63,62,10,406,40,18,58,464
02/26/2003,SMF,CA,AWP,WE,Towers with Display (VFR),251,66,44,3,364,0,1,26,3,30,251,67,70,6,394,34,34,68,462
02/27/2003,SMF,CA,AWP,WE,Towers with Display (VFR),268,63,43,2,376,17,0,6,0,23,285,63,49,2,399,66,6,72,471
02/28/2003,SMF,CA,AWP,WE,Towers with Display (VFR),276,60,45,0,381,3,0,13,0,16,279,60,58,0,397,12,0,12,409
03/01/2003,SMF,CA,AWP,WE,Towers with Display (VFR),199,28,20,0,247,34,0,0,0,34,233,28,20,0,281,0,0,0,281
03/02/2003,SMF,CA,AWP,WE,Towers with Display (VFR),194,23,34,0,251,38,0,6,0,44,232,23,40,0,295,2,0,2,297
03/03/2003,SMF,CA,AWP,WE,Towers with Display (VFR),271,54,47,2,374,2,0,12,0,14,273,54,59,2,388,0,8,8,396
03/04/2003,SMF,CA,AWP,WE,Towers with Display (VFR),247,50,43,2,342,14,21,26,0,61,261,71,69,2,403,52,0,52,455
03/05/2003,SMF,CA,AWP,WE,Towers with Display (VFR),260,54,47,4,365,0,15,18,0,33,260,69,65,4,398,60,2,62,460
03/06/2003,SMF,CA,AWP,WE,Towers with Display (VFR),304,60,53,0,417,0,0,26,0,26,304,60,79,0,443,40,0,40,483
03/07/2003,SMF,CA,AWP,WE,Towers with Display (VFR),260,58,49,2,369,0,1,29,0,30,260,59,78,2,399,22,6,28,427
03/08/2003,SMF,CA,AWP,WE,Towers with Display (VFR),189,22,24,0,235,36,0,0,0,36,225,22,24,0,271,16,0,16,287
03/09/2003,SMF,CA,AWP,WE,Towers with Display (VFR),228,30,39,0,297,29,0,8,0,37,257,30,47,0,334,36,0,36,370
03/10/2003,SMF,CA,AWP,WE,Towers with Display (VFR),266,54,46,0,366,0,10,12,0,22,266,64,58,0,388,50,0,50,438
03/11/2003,SMF,CA,AWP,WE,Towers with Display (VFR),292,59,46,2,399,3,19,0,0,22,295,78,46,2,421,34,0,34,455
03/12/2003,SMF,CA,AWP,WE,Towers with Display (VFR),332,68,58,6,464,0,16,12,0,28,332,84,70,6,492,82,0,82,574
03/13/2003,SMF,CA,AWP,WE,Towers with Display (VFR),272,54,44,6,376,0,0,0,22,22,272,54,44,28,398,46,28,74,472
03/14/2003,SMF,CA,AWP,WE,Towers with Display (VFR),258,51,26,0,335,20,8,0,0,28,278,59,26,0,363,8,0,8,371
03/15/2003,SMF,CA,AWP,WE,Towers with Display (VFR),195,40,8,0,243,28,4,0,0,32,223,44,8,0,275,0,0,0,275
03/16/2003,SMF,CA,AWP,WE,Towers with Display (VFR),217,27,17,0,261,46,0,0,0,46,263,27,17,0,307,0,0,0,307
03/17/2003,SMF,CA,AWP,WE,Towers with Display (VFR),268,55,46,0,369,0,2,59,0,61,268,57,105,0,430,96,0,96,526
03/18/2003,SMF,CA,AWP,WE,Towers with Display (VFR),264,62,52,0,378,0,17,54,0,71,264,79,106,0,449,50,0,50,499
03/19/2003,SMF,CA,AWP,WE,Towers with Display (VFR),286,58,50,4,398,0,8,24,0,32,286,66,74,4,430,8,4,12,442
03/20/2003,SMF,CA,AWP,WE,Towers with Display (VFR),293,61,53,8,415,0,3,21,0,24,293,64,74,8,439,52,14,66,505
03/21/2003,SMF,CA,AWP,WE,Towers with Display (VFR),278,55,51,2,386,0,0,46,0,46,278,55,97,2,432,174,10,184,616
03/22/2003,SMF,CA,AWP,WE,Towers with Display (VFR),216,31,36,0,283,13,0,8,0,21,229,31,44,0,304,4,0,4,308
03/23/2003,SMF,CA,AWP,WE,Towers with Display (VFR),213,37,14,0,264,37,0,0,0,37,250,37,14,0,301,0,0,0,301
03/24/2003,SMF,CA,AWP,WE,Towers with Display (VFR),290,47,53,8,398,0,0,40,17,57,290,47,93,25,455,66,11,77,532
03/25/2003,SMF,CA,AWP,WE,Towers with Display (VFR),289,63,54,4,410,0,23,8,0,31,289,86,62,4,441,78,22,100,541
03/26/2003,SMF,CA,AWP,WE,Towers with Display (VFR),296,70,61,9,436,0,5,52,3,60,296,75,113,12,496,64,32,96,592
03/27/2003,SMF,CA,AWP,WE,Towers with Display (VFR),297,69,59,2,427,0,8,31,0,39,297,77,90,2,466,46,20,66,532
03/28/2003,SMF,CA,AWP,WE,Towers with Display (VFR),296,54,51,2,403,0,0,29,0,29,296,54,80,2,432,48,2,50,482
03/29/2003,SMF,CA,AWP,WE,Towers with Display (VFR),222,28,37,0,287,18,0,10,0,28,240,28,47,0,315,16,0,16,331
03/30/2003,SMF,CA,AWP,WE,Towers with Display (VFR),220,30,37,2,289,24,0,5,0,29,244,30,42,2,318,4,0,4,322
03/31/2003,SMF,CA,AWP,WE,Towers with Display (VFR),285,55,51,0,391,0,0,39,0,39,285,55,90,0,430,68,0,68,498
04/01/2003,SMF,CA,AWP,WE,Towers with Display (VFR),288,65,50,4,407,0,2,7,0,9,288,67,57,4,416,80,26,106,522
04/02/2003,SMF,CA,AWP,WE,Towers with Display (VFR),276,45,46,0,367,30,0,0,0,30,306,45,46,0,397,8,0,8,405
04/03/2003,SMF,CA,AWP,WE,Towers with Display (VFR),262,53,44,4,363,12,0,1,0,13,274,53,45,4,376,2,8,10,386
04/04/2003,SMF,CA,AWP,WE,Towers with Display (VFR),268,57,45,2,372,2,0,17,0,19,270,57,62,2,391,56,10,66,457
04/05/2003,SMF,CA,AWP,WE,Towers with Display (VFR),261,62,52,2,377,0,0,55,0,55,261,62,107,2,432,74,0,74,506
04/06/2003,SMF,CA,AWP,WE,Towers with Display (VFR),239,40,40,0,319,24,0,33,0,57,263,40,73,0,376,28,0,28,404
04/07/2003,SMF,CA,AWP,WE,Towers with Display (VFR),284,65,50,5,404,0,0,14,19,33,284,65,64,24,437,48,42,90,527
04/08/2003,SMF,CA,AWP,WE,Towers with Display (VFR),267,61,47,2,377,0,6,24,0,30,267,67,71,2,407,26,4,30,437
04/09/2003,SMF,CA,AWP,WE,Towers with Display (VFR),272,62,47,2,383,0,1,22,0,23,272,63,69,2,406,24,0,24,430
04/10/2003,SMF,CA,AWP,WE,Towers with Display (VFR),305,57,51,2,415,0,0,25,0,25,305,57,76,2,440,0,6,6,446
04/11/2003,SMF,CA,AWP,WE,Towers with Display (VFR),266,54,43,2,365,8,0,9,0,17,274,54,52,2,382,70,20,90,472
04/12/2003,SMF,CA,AWP,WE,Towers with Display (VFR),221,42,21,0,284,26,0,0,0,26,247,42,21,0,310,4,0,4,314
04/13/2003,SMF,CA,AWP,WE,Towers with Display (VFR),224,42,30,0,296,20,0,0,0,20,244,42,30,0,316,14,0,14,330
04/14/2003,SMF,CA,AWP,WE,Towers with Display (VFR),276,64,47,6,393,0,3,21,6,30,276,67,68,12,423,78,22,100,523
04/15/2003,SMF,CA,AWP,WE,Towers with Display (VFR),287,65,49,6,407,0,13,13,0,26,287,78,62,6,433,38,10,48,481
04/16/2003,SMF,CA,AWP,WE,Towers with Display (VFR),279,61,33,2,375,9,14,0,0,23,288,75,33,2,398,30,0,30,428
04/17/2003,SMF,CA,AWP,WE,Towers with Display (VFR),266,57,41,4,368,3,10,0,0,13,269,67,41,4,381,12,6,18,399
04/18/2003,SMF,CA,AWP,WE,Towers with Display (VFR),256,55,42,2,355,8,4,10,0,22,264,59,52,2,377,12,2,14,391
04/19/2003,SMF,CA,AWP,WE,Towers with Display (VFR),228,56,42,2,328,0,2,38,0,40,228,58,80,2,368,34,6,40,408
04/20/2003,SMF,CA,AWP,WE,Towers with Display (VFR),242,42,39,0,323,34,0,0,0,34,276,42,39,0,357,6,0,6,363
04/21/2003,SMF,CA,AWP,WE,Towers with Display (VFR),271,60,44,6,381,0,5,0,12,17,271,65,44,18,398,14,28,42,440
04/22/2003,SMF,CA,AWP,WE,Towers with Display (VFR),261,62,47,6,376,0,13,9,16,38,261,75,56,22,414,104,22,126,540
04/23/2003,SMF,CA,AWP,WE,Towers with Display (VFR),259,57,43,2,361,0,3,20,0,23,259,60,63,2,384,22,10,32,416
04/24/2003,SMF,CA,AWP,WE,Towers with Display (VFR),273,54,37,6,370,17,0,0,2,19,290,54,37,8,389,20,32,52,441
04/25/2003,SMF,CA,AWP,WE,Towers with Display (VFR),245,48,34,0,327,32,0,0,0,32,277,48,34,0,359,4,16,20,379
04/26/2003,SMF,CA,AWP,WE,Towers with Display (VFR),239,53,40,0,332,0,17,0,0,17,239,70,40,0,349,93,0,93,442
04/27/2003,SMF,CA,AWP,WE,Towers with Display (VFR),229,39,37,0,305,22,0,6,0,28,251,39,43,0,333,10,0,10,343
04/28/2003,SMF,CA,AWP,WE,Towers with Display (VFR),276,56,38,5,375,9,0,0,5,14,285,56,38,10,389,12,2,14,403
04/29/2003,SMF,CA,AWP,WE,Towers with Display (VFR),264,68,51,5,388,0,5,39,13,57,264,73,90,18,445,90,18,108,553
04/30/2003,SMF,CA,AWP,WE,Towers with Display (VFR),302,69,52,2,425,0,4,35,0,39,302,73,87,2,464,58,0,58,522
05/01/2003,SMF,CA,AWP,WE,Towers with Display (VFR),269,57,44,0,370,0,5,32,0,37,269,62,76,0,407,94,0,94,501
05/02/2003,SMF,CA,AWP,WE,Towers with Display (VFR),279,57,35,2,373,12,3,0,0,15,291,60,35,2,388,8,10,18,406
05/03/2003,SMF,CA,AWP,WE,Towers with Display (VFR),203,38,25,0,266,19,0,0,0,19,222,38,25,0,285,18,0,18,303
05/04/2003,SMF,CA,AWP,WE,Towers with Display (VFR),241,27,39,0,307,30,0,3,0,33,271,27,42,0,340,2,0,2,342
05/05/2003,SMF,CA,AWP,WE,Towers with Display (VFR),262,53,42,0,357,4,3,17,0,24,266,56,59,0,381,30,0,30,411
05/06/2003,SMF,CA,AWP,WE,Towers with Display (VFR),266,57,45,4,372,0,7,23,4,34,266,64,68,8,406,54,18,72,478
05/07/2003,SMF,CA,AWP,WE,Towers with Display (VFR),304,62,50,0,416,4,7,7,0,18,308,69,57,0,434,42,0,42,476
05/08/2003,SMF,CA,AWP,WE,Towers with Display (VFR),260,47,36,0,343,26,0,0,0,26,286,47,36,0,369,30,0,30,399
05/09/2003,SMF,CA,AWP,WE,Towers with Display (VFR),272,52,43,4,371,11,0,23,0,34,283,52,66,4,405,112,16,128,533
05/10/2003,SMF,CA,AWP,WE,Towers with Display (VFR),215,35,34,0,284,11,0,7,0,18,226,35,41,0,302,30,2,32,334
05/11/2003,SMF,CA,AWP,WE,Towers with Display (VFR),218,28,34,0,280,31,0,3,0,34,249,28,37,0,314,16,0,16,330
05/12/2003,SMF,CA,AWP,WE,Towers with Display (VFR),286,59,46,5,396,0,1,32,1,34,286,60,78,6,430,48,8,56,486
05/13/2003,SMF,CA,AWP,WE,Towers with Display (VFR),262,54,43,5,364,0,17,28,0,45,262,71,71,5,409,86,4,90,499
05/14/2003,SMF,CA,AWP,WE,Towers with Display (VFR),282,60,47,0,389,0,2,34,0,36,282,62,81,0,425,34,4,38,463
05/15/2003,SMF,CA,AWP,WE,Towers with Display (VFR),272,60,47,2,381,0,16,22,0,38,272,76,69,2,419,20,0,20,439
05/16/2003,SMF,CA,AWP,WE,Towers with Display (VFR),311,60,52,6,429,0,0,44,2,46,311,60,96,8,475,92,24,116,591
05/17/2003,SMF,CA,AWP,WE,Towers with Display (VFR),249,42,43,0,334,0,0,58,0,58,249,42,101,0,392,84,0,84,476
05/18/2003,SMF,CA,AWP,WE,Towers with Display (VFR),265,41,47,0,353,0,0,16,0,16,265,41,63,0,369,72,0,72,441
05/19/2003,SMF,CA,AWP,WE,Towers with Display (VFR),233,47,37,2,319,25,5,42,0,72,258,52,79,2,391,54,0,54,445
05/20/2003,SMF,CA,AWP,WE,Towers with Display (VFR),285,59,47,2,393,0,9,13,0,22,285,68,60,2,415,58,4,62,477
05/21/2003,SMF,CA,AWP,WE,Towers with Display (VFR),263,53,41,2,359,5,10,7,0,22,268,63,48,2,381,6,4,10,391
05/22/2003,SMF,CA,AWP,WE,Towers with Display (VFR),284,61,48,5,398,0,1,44,3,48,284,62,92,8,446,88,6,94,540
05/23/2003,SMF,CA,AWP,WE,Towers with Display (VFR),293,59,47,4,403,0,0,27,0,27,293,59,74,4,430,0,8,8,438
05/24/2003,SMF,CA,AWP,WE,Towers with Display (VFR),223,40,35,0,298,5,0,8,0,13,228,40,43,0,311,0,0,0,311
05/25/2003,SMF,CA,AWP,WE,Towers with Display (VFR),210,41,33,0,284,26,0,0,0,26,236,41,33,0,310,10,0,10,320
05/26/2003,SMF,CA,AWP,WE,Towers with Display (VFR),247,46,39,0,332,12,0,23,0,35,259,46,62,0,367,110,0,110,477
05/27/2003,SMF,CA,AWP,WE,Towers with Display (VFR),263,63,49,4,379,0,17,45,12,74,263,80,94,16,453,112,4,116,569
05/28/2003,SMF,CA,AWP,WE,Towers with Display (VFR),297,60,47,2,406,4,5,13,0,22,301,65,60,2,428,4,10,14,442
05/29/2003,SMF,CA,AWP,WE,Towers with Display (VFR),292,60,46,2,400,0,6,20,0,26,292,66,66,2,426,14,4,18,444
05/30/2003,SMF,CA,AWP,WE,Towers with Display (VFR),297,54,47,4,402,2,0,12,4,18,299,54,59,8,420,10,18,28,448
05/31/2003,SMF,CA,AWP,WE,Towers with Display (VFR),240,48,38,0,326,4,0,11,0,15,244,48,49,0,341,44,0,44,385
06/01/2003,SMF,CA,AWP,WE,Towers with Display (VFR),239,38,40,0,317,32,0,0,0,32,271,38,40,0,349,34,0,34,383
06/02/2003,SMF,CA,AWP,WE,Towers with Display (VFR),290,58,51,6,405,0,3,24,2,29,290,61,75,8,434,98,10,108,542
06/03/2003,SMF,CA,AWP,WE,Towers with Display (VFR),282,56,49,5,392,0,15,15,1,31,282,71,64,6,423,30,20,50,473
06/04/2003,SMF,CA,AWP,WE,Towers with Display (VFR),260,51,44,0,355,8,8,16,0,32,268,59,60,0,387,70,8,78,465
06/05/2003,SMF,CA,AWP,WE,Towers with Display (VFR),261,51,44,5,361,18,5,12,7,42,279,56,56,12,403,12,42,54,457
06/06/2003,SMF,CA,AWP,WE,Towers with Display (VFR),262,49,45,4,360,14,0,23,0,37,276,49,68,4,397,22,22,44,441
06/07/2003,SMF,CA,AWP,WE,Towers with Display (VFR),231,43,40,0,314,8,0,26,0,34,239,43,66,0,348,16,0,16,364
06/08/2003,SMF,CA,AWP,WE,Towers with Display (VFR),253,41,43,0,337,28,0,40,0,68,281,41,83,0,405,52,0,52,457
06/09/2003,SMF,CA,AWP,WE,Towers with Display (VFR),262,51,45,5,363,22,14,8,9,53,284,65,53,14,416,90,16,106,522
06/10/2003,SMF,CA,AWP,WE,Towers with Display (VFR),271,53,46,5,375,12,12,14,3,41,283,65,60,8,416,30,4,34,450
06/11/2003,SMF,CA,AWP,WE,Towers with Display (VFR),273,53,46,6,378,0,17,11,2,30,273,70,57,8,408,42,24,66,474
06/12/2003,SMF,CA,AWP,WE,Towers with Display (VFR),259,50,26,2,337,22,5,0,0,27,281,55,26,2,364,36,18,54,418
06/13/2003,SMF,CA,AWP,WE,Towers with Display (VFR),275,56,48,4,383,0,0,43,0,43,275,56,91,4,426,84,4,88,514
06/14/2003,SMF,CA,AWP,WE,Towers with Display (VFR),251,45,46,0,342,0,0,61,0,61,251,45,107,0,403,66,0,66,469
06/15/2003,SMF,CA,AWP,WE,Towers with Display (VFR),259,34,43,0,336,27,0,10,0,37,286,34,53,0,373,66,0,66,439
06/16/2003,SMF,CA,AWP,WE,Towers with Display (VFR),279,48,47,6,380,0,0,26,16,42,279,48,73,22,422,32,4,36,458
06/17/2003,SMF,CA,AWP,WE,Towers with Display (VFR),280,54,48,0,382,0,18,44,0,62,280,72,92,0,444,87,0,87,531
06/18/2003,SMF,CA,AWP,WE,Towers with Display (VFR),313,60,52,4,429,7,3,23,0,33,320,63,75,4,462,22,12,34,496
06/19/2003,SMF,CA,AWP,WE,Towers with Display (VFR),316,58,54,4,432,0,0,40,0,40,316,58,94,4,472,26,8,34,506
06/20/2003,SMF,CA,AWP,WE,Towers with Display (VFR),284,56,48,0,388,0,5,36,0,41,284,61,84,0,429,18,0,18,447
06/21/2003,SMF,CA,AWP,WE,Towers with Display (VFR),250,44,41,2,337,6,0,23,0,29,256,44,64,2,366,36,0,36,402
06/22/2003,SMF,CA,AWP,WE,Towers with Display (VFR),281,39,47,0,367,0,0,46,0,46,281,39,93,0,413,66,0,66,479
06/23/2003,SMF,CA,AWP,WE,Towers with Display (VFR),282,56,52,7,397,0,0,60,11,71,282,56,112,18,468,84,10,94,562
06/24/2003,SMF,CA,AWP,WE,Towers with Display (VFR),286,62,53,6,407,0,14,53,0,67,286,76,106,6,474,82,44,126,600
06/25/2003,SMF,CA,AWP,WE,Towers with Display (VFR),310,60,52,7,429,0,9,57,3,69,310,69,109,10,498,124,16,140,638
06/26/2003,SMF,CA,AWP,WE,Towers with Display (VFR),286,41,47,6,380,8,0,17,6,31,294,41,64,12,411,32,16,48,459
06/27/2003,SMF,CA,AWP,WE,Towers with Display (VFR),296,60,52,7,415,0,22,30,7,59,296,82,82,14,474,80,18,98,572
06/28/2003,SMF,CA,AWP,WE,Towers with Display (VFR),267,36,45,5,353,0,0,49,1,50,267,36,94,6,403,62,6,68,471
06/29/2003,SMF,CA,AWP,WE,Towers with Display (VFR),269,37,44,0,350,1,0,32,0,33,270,37,76,0,383,58,0,58,441
06/30/2003,SMF,CA,AWP,WE,Towers with Display (VFR),299,60,51,6,416,0,3,19,10,32,299,63,70,16,448,22,26,48,496
07/01/2003,SMF,CA,AWP,WE,Towers with Display (VFR),287,65,58,4,414,0,12,58,0,70,287,77,116,4,484,172,32,204,688
07/02/2003,SMF,CA,AWP,WE,Towers with Display (VFR),299,58,51,3,411,0,13,9,2,24,299,71,60,5,435,24,6,30,465
07/03/2003,SMF,CA,AWP,WE,Towers with Display (VFR),289,50,49,0,388,18,0,7,0,25,307,50,56,0,413,54,20,74,487
07/04/2003,SMF,CA,AWP,WE,Towers with Display (VFR),186,24,26,0,236,26,0,0,0,26,212,24,26,0,262,2,0,2,264
07/05/2003,SMF,CA,AWP,WE,Towers with Display (VFR),242,37,42,0,321,5,0,11,0,16,247,37,53,0,337,60,0,60,397
07/06/2003,SMF,CA,AWP,WE,Towers with Display (VFR),282,42,48,0,372,19,0,23,0,42,301,42,71,0,414,24,0,24,438
07/07/2003,SMF,CA,AWP,WE,Towers with Display (VFR),294,58,51,3,406,0,3,23,1,27,294,61,74,4,433,50,4,54,487
07/08/2003,SMF,CA,AWP,WE,Towers with Display (VFR),280,53,52,3,388,0,0,50,12,62,280,53,102,15,450,114,30,144,594
07/09/2003,SMF,CA,AWP,WE,Towers with Display (VFR),306,55,52,0,413,11,0,27,0,38,317,55,79,0,451,48,0,48,499
07/10/2003,SMF,CA,AWP,WE,Towers with Display (VFR),305,46,51,4,406,16,0,9,0,25,321,46,60,4,431,56,8,64,495
07/11/2003,SMF,CA,AWP,WE,Towers with Display (VFR),316,60,52,4,432,0,0,24,2,26,316,60,76,6,458,56,18,74,532
07/12/2003,SMF,CA,AWP,WE,Towers with Display (VFR),236,25,40,2,303,23,0,15,0,38,259,25,55,2,341,0,0,0,341
07/13/2003,SMF,CA,AWP,WE,Towers with Display (VFR),271,48,45,0,364,24,0,27,0,51,295,48,72,0,415,14,0,14,429
07/14/2003,SMF,CA,AWP,WE,Towers with Display (VFR),287,55,48,2,392,9,4,23,0,36,296,59,71,2,428,16,10,26,454
07/15/2003,SMF,CA,AWP,WE,Towers with Display (VFR),280,54,46,4,384,7,17,52,0,76,287,71,98,4,460,59,12,71,531
07/16/2003,SMF,CA,AWP,WE,Towers with Display (VFR),290,57,50,2,399,0,9,34,0,43,290,66,84,2,442,24,4,28,470
07/17/2003,SMF,CA,AWP,WE,Towers with Display (VFR),272,45,45,2,364,11,0,9,0,20,283,45,54,2,384,12,2,14,398
07/18/2003,SMF,CA,AWP,WE,Towers with Display (VFR),285,57,49,0,391,0,3,37,0,40,285,60,86,0,431,22,0,22,453
07/19/2003,SMF,CA,AWP,WE,Towers with Display (VFR),253,46,42,0,341,1,7,20,0,28,254,53,62,0,369,36,0,36,405
07/20/2003,SMF,CA,AWP,WE,Towers with Display (VFR),254,32,42,0,328,35,0,22,0,57,289,32,64,0,385,22,0,22,407
07/21/2003,SMF,CA,AWP,WE,Towers with Display (VFR),282,52,47,4,385,0,6,25,0,31,282,58,72,4,416,74,12,86,502
07/22/2003,SMF,CA,AWP,WE,Towers with Display (VFR),302,60,53,4,419,0,23,27,4,54,302,83,80,8,473,54,10,64,537
07/23/2003,SMF,CA,AWP,WE,Towers with Display (VFR),299,56,49,4,408,3,5,24,0,32,302,61,73,4,440,36,0,36,476
07/24/2003,SMF,CA,AWP,WE,Towers with Display (VFR),296,56,50,4,406,0,7,15,0,22,296,63,65,4,428,22,8,30,458
07/25/2003,SMF,CA,AWP,WE,Towers with Display (VFR),280,55,48,4,387,0,2,27,2,31,280,57,75,6,418,18,14,32,450
07/26/2003,SMF,CA,AWP,WE,Towers with Display (VFR),253,44,40,0,337,11,0,0,0,11,264,44,40,0,348,8,0,8,356
07/27/2003,SMF,CA,AWP,WE,Towers with Display (VFR),248,32,41,0,321,9,0,26,0,35,257,32,67,0,356,32,0,32,388
07/28/2003,SMF,CA,AWP,WE,Towers with Display (VFR),298,54,54,3,409,0,0,41,7,48,298,54,95,10,457,72,14,86,543
07/29/2003,SMF,CA,AWP,WE,Towers with Display (VFR),276,56,49,3,384,0,14,62,7,83,276,70,111,10,467,84,8,92,559
07/30/2003,SMF,CA,AWP,WE,Towers with Display (VFR),331,58,56,0,445,0,0,34,0,34,331,58,90,0,479,60,0,60,539
07/31/2003,SMF,CA,AWP,WE,Towers with Display (VFR),277,58,51,3,389,0,10,26,9,45,277,68,77,12,434,38,24,62,496
08/01/2003,SMF,CA,AWP,WE,Towers with Display (VFR),298,57,46,0,401,0,8,36,0,44,298,65,82,0,445,56,0,56,501
08/02/2003,SMF,CA,AWP,WE,Towers with Display (VFR),251,45,38,0,334,5,0,11,0,16,256,45,49,0,350,14,0,14,364
08/03/2003,SMF,CA,AWP,WE,Towers with Display (VFR),258,33,39,0,330,16,0,24,0,40,274,33,63,0,370,38,0,38,408
08/04/2003,SMF,CA,AWP,WE,Towers with Display (VFR),294,57,47,2,400,0,6,60,0,66,294,63,107,2,466,66,0,66,532
08/05/2003,SMF,CA,AWP,WE,Towers with Display (VFR),301,64,52,3,420,0,9,72,1,82,301,73,124,4,502,134,6,140,642
08/06/2003,SMF,CA,AWP,WE,Towers with Display (VFR),283,58,47,3,391,0,18,41,3,62,283,76,88,6,453,46,30,76,529
08/07/2003,SMF,CA,AWP,WE,Towers with Display (VFR),317,46,49,3,415,0,0,53,1,54,317,46,102,4,469,24,12,36,505
08/08/2003,SMF,CA,AWP,WE,Towers with Display (VFR),271,51,41,2,365,0,3,28,0,31,271,54,69,2,396,20,0,20,416
08/09/2003,SMF,CA,AWP,WE,Towers with Display (VFR),234,34,35,2,305,19,0,9,0,28,253,34,44,2,333,6,6,12,345
08/10/2003,SMF,CA,AWP,WE,Towers with Display (VFR),261,36,40,2,339,41,0,5,6,52,302,36,45,8,391,0,0,0,391
08/11/2003,SMF,CA,AWP,WE,Towers with Display (VFR),287,54,44,2,387,0,5,37,0,42,287,59,81,2,429,60,0,60,489
08/12/2003,SMF,CA,AWP,WE,Towers with Display (VFR),298,58,48,3,407,0,13,31,5,49,298,71,79,8,456,18,26,44,500
08/13/2003,SMF,CA,AWP,WE,Towers with Display (VFR),303,56,45,3,407,5,11,6,3,25,308,67,51,6,432,26,16,42,474
08/14/2003,SMF,CA,AWP,WE,Towers with Display (VFR),310,48,46,2,406,0,0,31,0,31,310,48,77,2,437,46,22,68,505
08/15/2003,SMF,CA,AWP,WE,Towers with Display (VFR),321,45,47,0,413,6,0,19,0,25,327,45,66,0,438,26,0,26,464
08/16/2003,SMF,CA,AWP,WE,Towers with Display (VFR),248,41,36,0,325,11,0,25,0,36,259,41,61,0,361,30,0,30,391
08/17/2003,SMF,CA,AWP,WE,Towers with Display (VFR),253,34,38,0,325,16,0,22,0,38,269,34,60,0,363,16,0,16,379
08/18/2003,SMF,CA,AWP,WE,Towers with Display (VFR),289,52,42,4,387,2,3,35,0,40,291,55,77,4,427,48,0,48,475
08/19/2003,SMF,CA,AWP,WE,Towers with Display (VFR),294,53,44,4,395,0,15,15,6,36,294,68,59,10,431,94,20,114,545
08/20/2003,SMF,CA,AWP,WE,Towers with Display (VFR),276,50,42,3,371,0,3,23,3,29,276,53,65,6,400,36,6,42,442
08/21/2003,SMF,CA,AWP,WE,Towers with Display (VFR),280,51,42,2,375,0,12,11,0,23,280,63,53,2,398,52,2,54,452
08/22/2003,SMF,CA,AWP,WE,Towers with Display (VFR),292,52,43,2,389,0,5,5,0,10,292,57,48,2,399,62,0,62,461
08/23/2003,SMF,CA,AWP,WE,Towers with Display (VFR),250,45,36,0,331,2,7,19,0,28,252,52,55,0,359,12,0,12,371
08/24/2003,SMF,CA,AWP,WE,Towers with Display (VFR),277,35,40,0,352,18,0,31,0,49,295,35,71,0,401,46,0,46,447
08/25/2003,SMF,CA,AWP,WE,Towers with Display (VFR),300,54,45,4,403,0,9,61,8,78,300,63,106,12,481,52,26,78,559
08/26/2003,SMF,CA,AWP,WE,Towers with Display (VFR),315,56,46,4,421,0,13,22,0,35,315,69,68,4,456,46,22,68,524
08/27/2003,SMF,CA,AWP,WE,Towers with Display (VFR),340,61,50,4,455,7,2,34,2,45,347,63,84,6,500,16,22,38,538
08/28/2003,SMF,CA,AWP,WE,Towers with Display (VFR),295,54,43,2,394,0,0,21,0,21,295,54,64,2,415,32,4,36,451
08/29/2003,SMF,CA,AWP,WE,Towers with Display (VFR),304,50,45,0,399,0,0,33,0,33,304,50,78,0,432,30,0,30,462
08/30/2003,SMF,CA,AWP,WE,Towers with Display (VFR),267,37,39,0,343,8,0,15,0,23,275,37,54,0,366,48,0,48,414
08/31/2003,SMF,CA,AWP,WE,Towers with Display (VFR),208,20,30,0,258,32,0,31,0,63,240,20,61,0,321,18,0,18,339
09/01/2003,SMF,CA,AWP,WE,Towers with Display (VFR),270,44,42,0,356,6,3,18,0,27,276,47,60,0,383,10,0,10,393
09/02/2003,SMF,CA,AWP,WE,Towers with Display (VFR),261,43,41,3,348,31,3,28,5,67,292,46,69,8,415,56,21,77,492
09/03/2003,SMF,CA,AWP,WE,Towers with Display (VFR),272,45,42,4,363,15,13,27,10,65,287,58,69,14,428,12,16,28,456
09/04/2003,SMF,CA,AWP,WE,Towers with Display (VFR),330,55,52,5,442,0,0,27,7,34,330,55,79,12,476,60,14,74,550
09/05/2003,SMF,CA,AWP,WE,Towers with Display (VFR),306,54,51,4,415,0,11,23,2,36,306,65,74,6,451,14,14,28,479
09/06/2003,SMF,CA,AWP,WE,Towers with Display (VFR),263,43,41,0,347,0,0,26,0,26,263,43,67,0,373,40,0,40,413
09/07/2003,SMF,CA,AWP,WE,Towers with Display (VFR),255,24,40,0,319,21,0,6,0,27,276,24,46,0,346,12,0,12,358
09/08/2003,SMF,CA,AWP,WE,Towers with Display (VFR),288,51,48,4,391,0,5,14,14,33,288,56,62,18,424,28,26,54,478
09/09/2003,SMF,CA,AWP,WE,Towers with Display (VFR),279,49,45,4,377,0,4,21,20,45,279,53,66,24,422,62,26,88,510
09/10/2003,SMF,CA,AWP,WE,Towers with Display (VFR),279,37,43,4,363,14,0,15,0,29,293,37,58,4,392,34,8,42,434
09/11/2003,SMF,CA,AWP,WE,Towers with Display (VFR),278,36,43,2,359,11,0,21,0,32,289,36,64,2,391,4,4,8,399
09/12/2003,SMF,CA,AWP,WE,Towers with Display (VFR),293,42,45,4,384,4,0,22,2,28,297,42,67,6,412,30,40,70,482
09/13/2003,SMF,CA,AWP,WE,Towers with Display (VFR),232,38,35,0,305,9,10,10,0,29,241,48,45,0,334,28,0,28,362
09/14/2003,SMF,CA,AWP,WE,Towers with Display (VFR),257,35,39,0,331,26,0,10,0,36,283,35,49,0,367,16,0,16,383
09/15/2003,SMF,CA,AWP,WE,Towers with Display (VFR),285,48,44,4,381,0,9,35,0,44,285,57,79,4,425,52,4,56,481
09/16/2003,SMF,CA,AWP,WE,Towers with Display (VFR),308,57,54,6,425,0,5,53,0,58,308,62,107,6,483,90,4,94,577
09/17/2003,SMF,CA,AWP,WE,Towers with Display (VFR),296,48,45,4,393,0,10,18,0,28,296,58,63,4,421,14,12,26,447
09/18/2003,SMF,CA,AWP,WE,Towers with Display (VFR),270,32,41,2,345,28,0,7,0,35,298,32,48,2,380,4,4,8,388
09/19/2003,SMF,CA,AWP,WE,Towers with Display (VFR),296,45,45,5,391,0,0,14,1,15,296,45,59,6,406,0,6,6,412
09/20/2003,SMF,CA,AWP,WE,Towers with Display (VFR),233,31,35,0,299,12,0,7,0,19,245,31,42,0,318,6,0,6,324
09/21/2003,SMF,CA,AWP,WE,Towers with Display (VFR),260,23,39,0,322,5,0,30,0,35,265,23,69,0,357,26,0,26,383
09/22/2003,SMF,CA,AWP,WE,Towers with Display (VFR),302,49,48,5,404,0,0,37,1,38,302,49,85,6,442,140,12,152,594
09/23/2003,SMF,CA,AWP,WE,Towers with Display (VFR),279,49,45,2,375,0,14,50,0,64,279,63,95,2,439,72,8,80,519
09/24/2003,SMF,CA,AWP,WE,Towers with Display (VFR),303,51,48,5,407,0,14,22,1,37,303,65,70,6,444,52,24,76,520
09/25/2003,SMF,CA,AWP,WE,Towers with Display (VFR),295,48,46,4,393,0,0,22,0,22,295,48,68,4,415,36,14,50,465
09/26/2003,SMF,CA,AWP,WE,Towers with Display (VFR),296,41,45,4,386,0,0,31,0,31,296,41,76,4,417,32,4,36,453
09/27/2003,SMF,CA,AWP,WE,Towers with Display (VFR),224,37,34,0,295,0,4,8,0,12,224,41,42,0,307,12,0,12,319
09/28/2003,SMF,CA,AWP,WE,Towers with Display (VFR),253,29,38,0,320,7,0,53,0,60,260,29,91,0,380,32,0,32,412
09/29/2003,SMF,CA,AWP,WE,Towers with Display (VFR),280,47,43,4,374,0,6,30,0,36,280,53,73,4,410,52,24,76,486
09/30/2003,SMF,CA,AWP,WE,Towers with Display (VFR),279,46,42,0,367,12,4,14,0,30,291,50,56,0,397,76,0,76,473
10/01/2003,SMF,CA,AWP,WE,Towers with Display (VFR),308,37,55,2,402,3,0,24,0,27,311,37,79,2,429,66,0,66,495
10/02/2003,SMF,CA,AWP,WE,Towers with Display (VFR),296,52,53,2,403,13,16,4,0,33,309,68,57,2,436,60,4,64,500
10/03/2003,SMF,CA,AWP,WE,Towers with Display (VFR),287,52,55,2,396,0,0,32,0,32,287,52,87,2,428,64,10,74,502
10/04/2003,SMF,CA,AWP,WE,Towers with Display (VFR),235,35,42,0,312,5,0,14,0,19,240,35,56,0,331,2,0,2,333
10/05/2003,SMF,CA,AWP,WE,Towers with Display (VFR),254,32,44,0,330,33,0,0,0,33,287,32,44,0,363,8,0,8,371
10/06/2003,SMF,CA,AWP,WE,Towers with Display (VFR),283,46,51,0,380,25,0,27,0,52,308,46,78,0,432,176,0,176,608
10/07/2003,SMF,CA,AWP,WE,Towers with Display (VFR),270,47,48,0,365,21,1,16,0,38,291,48,64,0,403,70,0,70,473
10/08/2003,SMF,CA,AWP,WE,Towers with Display (VFR),289,50,56,2,397,0,0,46,0,46,289,50,102,2,443,36,2,38,481
10/09/2003,SMF,CA,AWP,WE,Towers with Display (VFR),274,48,48,3,373,17,3,0,1,21,291,51,48,4,394,46,0,46,440
10/10/2003,SMF,CA,AWP,WE,Towers with Display (VFR),261,44,47,4,356,15,4,6,2,27,276,48,53,6,383,42,12,54,437
10/11/2003,SMF,CA,AWP,WE,Towers with Display (VFR),232,40,42,0,314,15,3,2,0,20,247,43,44,0,334,18,0,18,352
10/12/2003,SMF,CA,AWP,WE,Towers with Display (VFR),273,47,48,0,368,0,4,10,0,14,273,51,58,0,382,24,0,24,406
10/13/2003,SMF,CA,AWP,WE,Towers with Display (VFR),287,50,52,0,389,0,3,31,0,34,287,53,83,0,423,56,0,56,479
10/14/2003,SMF,CA,AWP,WE,Towers with Display (VFR),293,52,55,2,402,0,17,42,0,59,293,69,97,2,461,80,8,88,549
10/15/2003,SMF,CA,AWP,WE,Towers with Display (VFR),304,52,55,4,415,0,7,3,0,10,304,59,58,4,425,16,16,32,457
10/16/2003,SMF,CA,AWP,WE,Towers with Display (VFR),276,51,54,4,385,0,5,32,4,41,276,56,86,8,426,38,16,54,480
10/17/2003,SMF,CA,AWP,WE,Towers with Display (VFR),304,50,54,2,410,0,0,31,0,31,304,50,85,2,441,104,6,110,551
10/18/2003,SMF,CA,AWP,WE,Towers with Display (VFR),213,38,39,0,290,0,15,4,0,19,213,53,43,0,309,20,0,20,329
10/19/2003,SMF,CA,AWP,WE,Towers with Display (VFR),282,39,51,4,376,0,0,27,10,37,282,39,78,14,413,0,0,0,413
10/20/2003,SMF,CA,AWP,WE,Towers with Display (VFR),302,54,54,4,414,0,2,24,4,30,302,56,78,8,444,78,12,90,534
10/21/2003,SMF,CA,AWP,WE,Towers with Display (VFR),308,54,55,4,421,0,8,17,4,29,308,62,72,8,450,60,16,76,526
10/22/2003,SMF,CA,AWP,WE,Towers with Display (VFR),284,53,54,4,395,0,3,25,6,34,284,56,79,10,429,100,12,112,541
10/23/2003,SMF,CA,AWP,WE,Towers with Display (VFR),279,48,49,2,378,13,0,10,0,23,292,48,59,2,401,6,0,6,407
10/24/2003,SMF,CA,AWP,WE,Towers with Display (VFR),285,39,50,4,378,11,0,24,0,35,296,39,74,4,413,2,2,4,417
10/25/2003,SMF,CA,AWP,WE,Towers with Display (VFR),224,31,39,0,294,14,0,1,0,15,238,31,40,0,309,6,0,6,315
10/26/2003,SMF,CA,AWP,WE,Towers with Display (VFR),234,23,41,0,298,20,0,19,0,39,254,23,60,0,337,8,0,8,345
10/27/2003,SMF,CA,AWP,WE,Towers with Display (VFR),266,47,51,4,368,0,0,51,2,53,266,47,102,6,421,54,12,66,487
10/28/2003,SMF,CA,AWP,WE,Towers with Display (VFR),290,53,55,4,402,0,14,27,6,47,290,67,82,10,449,60,12,72,521
10/29/2003,SMF,CA,AWP,WE,Towers with Display (VFR),315,57,58,5,435,0,2,21,6,29,315,59,79,11,464,14,12,26,490
10/30/2003,SMF,CA,AWP,WE,Towers with Display (VFR),292,42,52,4,390,0,0,20,6,26,292,42,72,10,416,16,12,28,444
10/31/2003,SMF,CA,AWP,WE,Towers with Display (VFR),295,45,52,4,396,1,0,7,4,12,296,45,59,8,408,10,6,16,424
11/01/2003,SMF,CA,AWP,WE,Towers with Display (VFR),231,42,31,0,304,0,2,4,0,6,231,44,35,0,310,2,0,2,312
11/02/2003,SMF,CA,AWP,WE,Towers with Display (VFR),247,32,33,0,312,27,0,1,0,28,274,32,34,0,340,10,0,10,350
11/03/2003,SMF,CA,AWP,WE,Towers with Display (VFR),301,54,40,3,398,6,5,18,1,30,307,59,58,4,428,4,12,16,444
11/04/2003,SMF,CA,AWP,WE,Towers with Display (VFR),286,56,42,3,387,0,0,39,3,42,286,56,81,6,429,36,6,42,471
11/05/2003,SMF,CA,AWP,WE,Towers with Display (VFR),287,48,39,3,377,0,0,13,17,30,287,48,52,20,407,24,18,42,449
11/06/2003,SMF,CA,AWP,WE,Towers with Display (VFR),292,53,34,2,381,3,10,0,0,13,295,63,34,2,394,86,2,88,482
11/07/2003,SMF,CA,AWP,WE,Towers with Display (VFR),290,51,33,3,377,7,0,0,1,8,297,51,33,4,385,12,0,12,397
11/08/2003,SMF,CA,AWP,WE,Towers with Display (VFR),210,37,18,2,267,12,0,0,0,12,222,37,18,2,279,2,0,2,281
11/09/2003,SMF,CA,AWP,WE,Towers with Display (VFR),238,37,25,0,300,19,0,0,0,19,257,37,25,0,319,0,0,0,319
11/10/2003,SMF,CA,AWP,WE,Towers with Display (VFR),279,50,36,4,369,0,0,15,0,15,279,50,51,4,384,34,0,34,418
11/11/2003,SMF,CA,AWP,WE,Towers with Display (VFR),307,58,41,0,406,0,7,49,0,56,307,65,90,0,462,144,0,144,606
11/12/2003,SMF,CA,AWP,WE,Towers with Display (VFR),293,58,42,2,395,0,5,35,0,40,293,63,77,2,435,16,8,24,459
11/13/2003,SMF,CA,AWP,WE,Towers with Display (VFR),290,37,37,4,368,15,0,29,4,48,305,37,66,8,416,44,8,52,468
11/14/2003,SMF,CA,AWP,WE,Towers with Display (VFR),272,52,37,4,365,0,2,8,8,18,272,54,45,12,383,0,14,14,397
11/15/2003,SMF,CA,AWP,WE,Towers with Display (VFR),212,37,15,0,264,15,4,0,0,19,227,41,15,0,283,4,0,4,287
11/16/2003,SMF,CA,AWP,WE,Towers with Display (VFR),259,32,34,0,325,20,0,15,0,35,279,32,49,0,360,8,0,8,368
11/17/2003,SMF,CA,AWP,WE,Towers with Display (VFR),280,57,41,4,382,0,15,27,0,42,280,72,68,4,424,48,4,52,476
11/18/2003,SMF,CA,AWP,WE,Towers with Display (VFR),300,53,39,4,396,0,8,26,2,36,300,61,65,6,432,24,8,32,464
11/19/2003,SMF,CA,AWP,WE,Towers with Display (VFR),285,47,36,2,370,3,0,10,0,13,288,47,46,2,383,6,0,6,389
11/20/2003,SMF,CA,AWP,WE,Towers with Display (VFR),290,54,38,4,386,0,1,14,0,15,290,55,52,4,401,10,2,12,413
11/21/2003,SMF,CA,AWP,WE,Towers with Display (VFR),287,51,37,2,377,0,2,8,0,10,287,53,45,2,387,10,2,12,399
11/22/2003,SMF,CA,AWP,WE,Towers with Display (VFR),244,44,32,0,320,4,0,1,0,5,248,44,33,0,325,12,0,12,337
11/23/2003,SMF,CA,AWP,WE,Towers with Display (VFR),276,49,36,0,361,3,0,17,0,20,279,49,53,0,381,28,0,28,409
11/24/2003,SMF,CA,AWP,WE,Towers with Display (VFR),302,56,40,0,398,0,6,51,0,57,302,62,91,0,455,44,0,44,499
11/25/2003,SMF,CA,AWP,WE,Towers with Display (VFR),304,61,43,3,411,0,18,29,3,50,304,79,72,6,461,60,8,68,529
11/26/2003,SMF,CA,AWP,WE,Towers with Display (VFR),318,58,41,2,419,0,0,26,0,26,318,58,67,2,445,32,16,48,493
11/27/2003,SMF,CA,AWP,WE,Towers with Display (VFR),172,18,11,0,201,32,0,0,0,32,204,18,11,0,233,6,0,6,239
11/28/2003,SMF,CA,AWP,WE,Towers with Display (VFR),241,43,31,0,315,4,0,2,0,6,245,43,33,0,321,4,0,4,325
11/29/2003,SMF,CA,AWP,WE,Towers with Display (VFR),241,40,31,0,312,5,0,1,0,6,246,40,32,0,318,4,0,4,322
11/30/2003,SMF,CA,AWP,WE,Towers with Display (VFR),262,45,23,0,330,18,0,0,0,18,280,45,23,0,348,8,0,8,356
12/01/2003,SMF,CA,AWP,WE,Towers with Display (VFR),287,58,31,4,380,0,1,0,26,27,287,59,31,30,407,8,12,20,427
12/02/2003,SMF,CA,AWP,WE,Towers with Display (VFR),302,60,35,4,401,0,3,18,2,23,302,63,53,6,424,44,0,44,468
12/03/2003,SMF,CA,AWP,WE,Towers with Display (VFR),277,38,30,2,347,3,0,18,0,21,280,38,48,2,368,4,0,4,372
12/04/2003,SMF,CA,AWP,WE,Towers with Display (VFR),284,33,31,0,348,15,0,9,0,24,299,33,40,0,372,0,0,0,372
12/05/2003,SMF,CA,AWP,WE,Towers with Display (VFR),291,43,32,4,370,0,0,11,4,15,291,43,43,8,385,2,20,22,407
12/06/2003,SMF,CA,AWP,WE,Towers with Display (VFR),231,44,25,0,300,0,3,7,0,10,231,47,32,0,310,16,0,16,326
12/07/2003,SMF,CA,AWP,WE,Towers with Display (VFR),252,36,28,0,316,4,0,10,0,14,256,36,38,0,330,8,0,8,338
12/08/2003,SMF,CA,AWP,WE,Towers with Display (VFR),319,66,38,5,428,0,3,44,3,50,319,69,82,8,478,18,8,26,504
12/09/2003,SMF,CA,AWP,WE,Towers with Display (VFR),279,56,32,4,371,0,18,19,4,41,279,74,51,8,412,22,12,34,446
12/10/2003,SMF,CA,AWP,WE,Towers with Display (VFR),298,51,33,4,386,0,0,17,10,27,298,51,50,14,413,35,16,51,464
12/11/2003,SMF,CA,AWP,WE,Towers with Display (VFR),280,52,31,4,367,0,0,7,2,9,280,52,38,6,376,6,16,22,398
12/12/2003,SMF,CA,AWP,WE,Towers with Display (VFR),295,41,32,4,372,4,0,14,0,18,299,41,46,4,390,58,4,62,452
12/13/2003,SMF,CA,AWP,WE,Towers with Display (VFR),208,39,17,0,264,7,4,0,0,11,215,43,17,0,275,0,0,0,275
12/14/2003,SMF,CA,AWP,WE,Towers with Display (VFR),278,51,30,0,359,5,0,10,0,15,283,51,40,0,374,4,0,4,378
12/15/2003,SMF,CA,AWP,WE,Towers with Display (VFR),301,57,32,5,395,0,6,22,5,33,301,63,54,10,428,30,32,62,490
12/16/2003,SMF,CA,AWP,WE,Towers with Display (VFR),293,61,35,4,393,0,12,37,0,49,293,73,72,4,442,44,6,50,492
12/17/2003,SMF,CA,AWP,WE,Towers with Display (VFR),304,63,35,5,407,0,3,37,7,47,304,66,72,12,454,8,8,16,470
12/18/2003,SMF,CA,AWP,WE,Towers with Display (VFR),297,55,32,2,386,0,2,10,0,12,297,57,42,2,398,2,10,12,410
12/19/2003,SMF,CA,AWP,WE,Towers with Display (VFR),293,50,31,2,376,4,0,11,0,15,297,50,42,2,391,38,2,40,431
12/20/2003,SMF,CA,AWP,WE,Towers with Display (VFR),231,43,9,0,283,11,8,0,0,19,242,51,9,0,302,0,0,0,302
12/21/2003,SMF,CA,AWP,WE,Towers with Display (VFR),256,40,22,0,318,18,0,0,0,18,274,40,22,0,336,10,0,10,346
12/22/2003,SMF,CA,AWP,WE,Towers with Display (VFR),300,57,30,0,387,0,14,0,0,14,300,71,30,0,401,12,0,12,413
12/23/2003,SMF,CA,AWP,WE,Towers with Display (VFR),288,55,32,0,375,0,17,11,0,28,288,72,43,0,403,40,0,40,443
12/24/2003,SMF,CA,AWP,WE,Towers with Display (VFR),263,48,8,0,319,15,10,0,0,25,278,58,8,0,344,2,0,2,346
12/25/2003,SMF,CA,AWP,WE,Towers with Display (VFR),183,12,4,0,199,42,0,0,0,42,225,12,4,0,241,0,0,0,241
12/26/2003,SMF,CA,AWP,WE,Towers with Display (VFR),260,40,27,0,327,1,0,15,0,16,261,40,42,0,343,6,0,6,349
12/27/2003,SMF,CA,AWP,WE,Towers with Display (VFR),243,45,26,0,314,0,5,13,0,18,243,50,39,0,332,2,0,2,334
12/28/2003,SMF,CA,AWP,WE,Towers with Display (VFR),269,49,21,0,339,25,0,0,0,25,294,49,21,0,364,2,0,2,366
12/29/2003,SMF,CA,AWP,WE,Towers with Display (VFR),270,44,6,0,320,33,0,0,0,33,303,44,6,0,353,0,0,0,353
12/30/2003,SMF,CA,AWP,WE,Towers with Display (VFR),313,59,34,5,411,0,15,6,3,24,313,74,40,8,435,36,22,58,493
12/31/2003,SMF,CA,AWP,WE,Towers with Display (VFR),265,50,28,3,346,11,2,6,1,20,276,52,34,4,366,32,0,32,398
01/01/2004,SMF,CA,AWP,WE,Towers with Display (VFR),184,13,9,1,207,34,0,0,2,36,218,13,9,3,243,0,0,0,243
01/02/2004,SMF,CA,AWP,WE,Towers with Display (VFR),245,34,21,0,300,22,0,0,0,22,267,34,21,0,322,4,0,4,326
01/03/2004,SMF,CA,AWP,WE,Towers with Display (VFR),254,41,36,0,331,0,2,5,0,7,254,43,41,0,338,4,0,4,342
01/04/2004,SMF,CA,AWP,WE,Towers with Display (VFR),277,37,39,2,355,3,0,18,1,22,280,37,57,3,377,24,0,24,401
01/05/2004,SMF,CA,AWP,WE,Towers with Display (VFR),311,53,47,2,413,0,8,25,0,33,311,61,72,2,446,90,2,92,538
01/06/2004,SMF,CA,AWP,WE,Towers with Display (VFR),278,49,43,2,372,0,23,15,2,40,278,72,58,4,412,78,0,78,490
01/07/2004,SMF,CA,AWP,WE,Towers with Display (VFR),252,44,38,2,336,0,20,1,0,21,252,64,39,2,357,16,0,16,373
01/08/2004,SMF,CA,AWP,WE,Towers with Display (VFR),259,41,37,2,339,0,0,9,4,13,259,41,46,6,352,2,2,4,356
01/09/2004,SMF,CA,AWP,WE,Towers with Display (VFR),270,34,34,2,340,16,0,0,0,16,286,34,34,2,356,2,2,4,360
01/10/2004,SMF,CA,AWP,WE,Towers with Display (VFR),213,35,22,0,270,15,4,0,0,19,228,39,22,0,289,12,0,12,301
01/11/2004,SMF,CA,AWP,WE,Towers with Display (VFR),254,31,35,2,322,16,0,7,0,23,270,31,42,2,345,26,0,26,371
01/12/2004,SMF,CA,AWP,WE,Towers with Display (VFR),290,23,40,2,355,22,0,3,0,25,312,23,43,2,380,10,0,10,390
01/13/2004,SMF,CA,AWP,WE,Towers with Display (VFR),280,54,46,3,383,0,0,56,5,61,280,54,102,8,444,22,2,24,468
01/14/2004,SMF,CA,AWP,WE,Towers with Display (VFR),258,44,38,3,343,0,12,3,0,15,258,56,41,3,358,0,0,0,358
01/15/2004,SMF,CA,AWP,WE,Towers with Display (VFR),286,47,40,1,374,0,7,0,0,7,286,54,40,1,381,14,0,14,395
01/16/2004,SMF,CA,AWP,WE,Towers with Display (VFR),270,46,39,2,357,0,9,3,0,12,270,55,42,2,369,16,0,16,385
01/17/2004,SMF,CA,AWP,WE,Towers with Display (VFR),224,24,29,0,277,15,0,0,0,15,239,24,29,0,292,2,0,2,294
01/18/2004,SMF,CA,AWP,WE,Towers with Display (VFR),276,39,14,0,329,34,0,0,0,34,310,39,14,0,363,0,0,0,363
01/19/2004,SMF,CA,AWP,WE,Towers with Display (VFR),295,47,22,0,364,9,13,0,0,22,304,60,22,0,386,2,0,2,388
01/20/2004,SMF,CA,AWP,WE,Towers with Display (VFR),314,50,44,0,408,0,17,19,0,36,314,67,63,0,444,20,0,20,464
01/21/2004,SMF,CA,AWP,WE,Towers with Display (VFR),289,52,45,3,389,0,8,43,1,52,289,60,88,4,441,36,0,36,477
01/22/2004,SMF,CA,AWP,WE,Towers with Display (VFR),276,47,40,3,366,0,0,31,3,34,276,47,71,6,400,40,20,60,460
01/23/2004,SMF,CA,AWP,WE,Towers with Display (VFR),268,37,34,0,339,14,0,0,0,14,282,37,34,0,353,0,0,0,353
01/24/2004,SMF,CA,AWP,WE,Towers with Display (VFR),225,29,16,0,270,24,0,0,0,24,249,29,16,0,294,12,0,12,306
01/25/2004,SMF,CA,AWP,WE,Towers with Display (VFR),250,18,34,0,302,28,0,4,0,32,278,18,38,0,334,42,0,42,376
01/26/2004,SMF,CA,AWP,WE,Towers with Display (VFR),291,44,43,2,380,0,0,34,2,36,291,44,77,4,416,128,10,138,554
01/27/2004,SMF,CA,AWP,WE,Towers with Display (VFR),289,48,40,2,379,0,0,0,12,12,289,48,40,14,391,34,10,44,435
01/28/2004,SMF,CA,AWP,WE,Towers with Display (VFR),263,48,40,2,353,0,13,28,0,41,263,61,68,2,394,96,0,96,490
01/29/2004,SMF,CA,AWP,WE,Towers with Display (VFR),306,50,43,2,401,0,0,7,0,7,306,50,50,2,408,20,0,20,428
01/30/2004,SMF,CA,AWP,WE,Towers with Display (VFR),295,48,37,0,380,2,5,0,0,7,297,53,37,0,387,8,0,8,395
01/31/2004,SMF,CA,AWP,WE,Towers with Display (VFR),221,31,26,0,278,18,0,0,0,18,239,31,26,0,296,8,0,8,304
02/01/2004,SMF,CA,AWP,WE,Towers with Display (VFR),228,25,20,0,273,40,0,0,0,40,268,25,20,0,313,0,0,0,313
02/02/2004,SMF,CA,AWP,WE,Towers with Display (VFR),257,34,23,2,316,22,0,0,0,22,279,34,23,2,338,0,4,4,342
02/03/2004,SMF,CA,AWP,WE,Towers with Display (VFR),298,42,25,4,369,10,0,0,13,23,308,42,25,17,392,8,26,34,426
02/04/2004,SMF,CA,AWP,WE,Towers with Display (VFR),271,46,38,4,359,0,9,21,2,32,271,55,59,6,391,96,12,108,499
02/05/2004,SMF,CA,AWP,WE,Towers with Display (VFR),296,48,39,4,387,0,15,13,0,28,296,63,52,4,415,8,18,26,441
02/06/2004,SMF,CA,AWP,WE,Towers with Display (VFR),277,54,44,4,379,0,12,35,10,57,277,66,79,14,436,30,10,40,476
02/07/2004,SMF,CA,AWP,WE,Towers with Display (VFR),240,34,32,2,308,6,0,6,0,12,246,34,38,2,320,2,4,6,326
02/08/2004,SMF,CA,AWP,WE,Towers with Display (VFR),272,20,37,1,330,25,0,6,0,31,297,20,43,1,361,12,0,12,373
02/09/2004,SMF,CA,AWP,WE,Towers with Display (VFR),270,37,36,0,343,13,0,4,0,17,283,37,40,0,360,36,0,36,396
02/10/2004,SMF,CA,AWP,WE,Towers with Display (VFR),300,55,45,0,400,0,12,40,0,52,300,67,85,0,452,152,2,154,606
02/11/2004,SMF,CA,AWP,WE,Towers with Display (VFR),276,47,38,4,365,0,18,26,0,44,276,65,64,4,409,88,24,112,521
02/12/2004,SMF,CA,AWP,WE,Towers with Display (VFR),297,49,40,0,386,0,18,40,0,58,297,67,80,0,444,32,0,32,476
02/13/2004,SMF,CA,AWP,WE,Towers with Display (VFR),283,40,39,5,367,0,0,39,3,42,283,40,78,8,409,32,46,78,487
02/14/2004,SMF,CA,AWP,WE,Towers with Display (VFR),232,37,29,0,298,7,0,0,0,7,239,37,29,0,305,14,0,14,319
02/15/2004,SMF,CA,AWP,WE,Towers with Display (VFR),246,15,20,0,281,44,0,0,0,44,290,15,20,0,325,12,0,12,337
02/16/2004,SMF,CA,AWP,WE,Towers with Display (VFR),281,41,36,0,358,8,0,1,0,9,289,41,37,0,367,0,0,0,367
02/17/2004,SMF,CA,AWP,WE,Towers with Display (VFR),272,43,30,4,349,5,0,0,0,5,277,43,30,4,354,10,2,12,366
02/18/2004,SMF,CA,AWP,WE,Towers with Display (VFR),287,49,41,5,382,0,22,17,7,46,287,71,58,12,428,4,24,28,456
02/19/2004,SMF,CA,AWP,WE,Towers with Display (VFR),314,47,43,5,409,0,0,65,11,76,314,47,108,16,485,140,44,184,669
02/20/2004,SMF,CA,AWP,WE,Towers with Display (VFR),265,45,36,2,348,0,11,20,0,31,265,56,56,2,379,26,8,34,413
02/21/2004,SMF,CA,AWP,WE,Towers with Display (VFR),222,31,27,0,280,16,0,0,0,16,238,31,27,0,296,8,0,8,304
02/22/2004,SMF,CA,AWP,WE,Towers with Display (VFR),265,21,18,2,306,40,0,0,0,40,305,21,18,2,346,4,2,6,352
02/23/2004,SMF,CA,AWP,WE,Towers with Display (VFR),298,48,39,2,387,0,1,36,0,37,298,49,75,2,424,112,18,130,554
02/24/2004,SMF,CA,AWP,WE,Towers with Display (VFR),309,52,42,5,408,0,17,15,9,41,309,69,57,14,449,12,28,40,489
02/25/2004,SMF,CA,AWP,WE,Towers with Display (VFR),308,48,30,0,386,2,15,0,0,17,310,63,30,0,403,12,0,12,415
02/26/2004,SMF,CA,AWP,WE,Towers with Display (VFR),290,42,37,4,373,0,0,8,4,12,290,42,45,8,385,4,12,16,401
02/27/2004,SMF,CA,AWP,WE,Towers with Display (VFR),273,47,38,2,360,0,6,25,0,31,273,53,63,2,391,70,0,70,461
02/28/2004,SMF,CA,AWP,WE,Towers with Display (VFR),254,42,33,0,329,0,1,25,0,26,254,43,58,0,355,62,0,62,417
02/29/2004,SMF,CA,AWP,WE,Towers with Display (VFR),252,21,32,0,305,22,0,11,0,33,274,21,43,0,338,0,0,0,338
03/01/2004,SMF,CA,AWP,WE,Towers with Display (VFR),297,49,37,5,388,14,0,0,3,17,311,49,37,8,405,32,16,48,453
03/02/2004,SMF,CA,AWP,WE,Towers with Display (VFR),299,57,48,5,409,0,20,12,1,33,299,77,60,6,442,84,16,100,542
03/03/2004,SMF,CA,AWP,WE,Towers with Display (VFR),268,51,43,4,366,5,4,7,2,18,273,55,50,6,384,8,6,14,398
03/04/2004,SMF,CA,AWP,WE,Towers with Display (VFR),283,56,48,5,392,0,3,18,3,24,283,59,66,8,416,40,10,50,466
03/05/2004,SMF,CA,AWP,WE,Towers with Display (VFR),284,58,49,5,396,0,4,49,7,60,284,62,98,12,456,120,10,130,586
03/06/2004,SMF,CA,AWP,WE,Towers with Display (VFR),211,25,31,0,267,29,0,0,0,29,240,25,31,0,296,42,0,42,338
03/07/2004,SMF,CA,AWP,WE,Towers with Display (VFR),263,44,35,0,342,26,0,0,0,26,289,44,35,0,368,20,0,20,388
03/08/2004,SMF,CA,AWP,WE,Towers with Display (VFR),305,49,49,0,403,8,0,13,0,21,313,49,62,0,424,28,0,28,452
03/09/2004,SMF,CA,AWP,WE,Towers with Display (VFR),305,58,49,4,416,0,9,24,0,33,305,67,73,4,449,84,34,118,567
03/10/2004,SMF,CA,AWP,WE,Towers with Display (VFR),296,56,47,5,404,1,3,16,7,27,297,59,63,12,431,64,12,76,507
03/11/2004,SMF,CA,AWP,WE,Towers with Display (VFR),283,54,45,2,384,0,5,18,0,23,283,59,63,2,407,8,0,8,415
03/12/2004,SMF,CA,AWP,WE,Towers with Display (VFR),262,48,41,5,356,0,0,27,1,28,262,48,68,6,384,48,0,48,432
03/13/2004,SMF,CA,AWP,WE,Towers with Display (VFR),248,45,38,0,331,17,0,26,0,43,265,45,64,0,374,18,0,18,392
03/14/2004,SMF,CA,AWP,WE,Towers with Display (VFR),279,31,43,0,353,2,0,32,0,34,281,31,75,0,387,44,0,44,431
03/15/2004,SMF,CA,AWP,WE,Towers with Display (VFR),271,40,43,5,359,12,0,3,5,20,283,40,46,10,379,46,12,58,437
03/16/2004,SMF,CA,AWP,WE,Towers with Display (VFR),277,54,45,6,382,0,8,27,2,37,277,62,72,8,419,148,32,180,599
03/17/2004,SMF,CA,AWP,WE,Towers with Display (VFR),272,58,50,6,386,0,39,31,12,82,272,97,81,18,468,32,12,44,512
03/18/2004,SMF,CA,AWP,WE,Towers with Display (VFR),266,56,48,6,376,0,1,53,2,56,266,57,101,8,432,80,20,100,532
03/19/2004,SMF,CA,AWP,WE,Towers with Display (VFR),272,50,42,5,369,7,0,14,3,24,279,50,56,8,393,68,8,76,469
03/20/2004,SMF,CA,AWP,WE,Towers with Display (VFR),254,36,39,0,329,4,0,16,0,20,258,36,55,0,349,6,0,6,355
03/21/2004,SMF,CA,AWP,WE,Towers with Display (VFR),264,35,41,0,340,21,0,4,0,25,285,35,45,0,365,20,0,20,385
03/22/2004,SMF,CA,AWP,WE,Towers with Display (VFR),289,49,45,0,383,12,0,1,0,13,301,49,46,0,396,76,0,76,472
03/23/2004,SMF,CA,AWP,WE,Towers with Display (VFR),318,64,54,4,440,0,27,12,0,39,318,91,66,4,479,86,44,130,609
03/24/2004,SMF,CA,AWP,WE,Towers with Display (VFR),294,45,45,2,386,8,0,22,0,30,302,45,67,2,416,86,8,94,510
03/25/2004,SMF,CA,AWP,WE,Towers with Display (VFR),280,40,43,2,365,20,0,9,0,29,300,40,52,2,394,34,4,38,432
03/26/2004,SMF,CA,AWP,WE,Towers with Display (VFR),279,50,44,4,377,0,0,28,0,28,279,50,72,4,405,96,0,96,501
03/27/2004,SMF,CA,AWP,WE,Towers with Display (VFR),227,30,35,0,292,19,0,0,0,19,246,30,35,0,311,14,0,14,325
03/28/2004,SMF,CA,AWP,WE,Towers with Display (VFR),275,40,43,0,358,18,0,11,0,29,293,40,54,0,387,30,0,30,417
03/29/2004,SMF,CA,AWP,WE,Towers with Display (VFR),305,54,48,5,412,0,0,8,4,12,305,54,56,9,424,38,24,62,486
03/30/2004,SMF,CA,AWP,WE,Towers with Display (VFR),276,56,47,5,384,0,17,17,7,41,276,73,64,12,425,62,21,83,508
03/31/2004,SMF,CA,AWP,WE,Towers with Display (VFR),319,61,51,5,436,0,6,20,7,33,319,67,71,12,469,32,10,42,511
04/01/2004,SMF,CA,AWP,WE,Towers with Display (VFR),274,51,45,4,374,0,0,21,8,29,274,51,66,12,403,12,26,38,441
04/02/2004,SMF,CA,AWP,WE,Towers with Display (VFR),264,47,43,4,358,0,17,8,0,25,264,64,51,4,383,16,8,24,407
04/03/2004,SMF,CA,AWP,WE,Towers with Display (VFR),229,37,37,2,305,7,0,10,0,17,236,37,47,2,322,4,0,4,326
04/04/2004,SMF,CA,AWP,WE,Towers with Display (VFR),251,36,40,0,327,20,0,7,0,27,271,36,47,0,354,0,0,0,354
04/05/2004,SMF,CA,AWP,WE,Towers with Display (VFR),293,47,47,4,391,20,0,5,0,25,313,47,52,4,416,56,12,68,484
04/06/2004,SMF,CA,AWP,WE,Towers with Display (VFR),286,53,46,4,389,0,8,10,0,18,286,61,56,4,407,24,8,32,439
04/07/2004,SMF,CA,AWP,WE,Towers with Display (VFR),280,51,37,4,372,14,7,0,2,23,294,58,37,6,395,10,24,34,429
04/08/2004,SMF,CA,AWP,WE,Towers with Display (VFR),275,50,44,4,373,0,2,15,0,17,275,52,59,4,390,32,0,32,422
04/09/2004,SMF,CA,AWP,WE,Towers with Display (VFR),289,54,48,4,395,0,2,18,6,26,289,56,66,10,421,6,26,32,453
04/10/2004,SMF,CA,AWP,WE,Towers with Display (VFR),225,41,30,0,296,10,6,0,0,16,235,47,30,0,312,8,0,8,320
04/11/2004,SMF,CA,AWP,WE,Towers with Display (VFR),287,51,46,0,384,5,0,20,0,25,292,51,66,0,409,6,0,6,415
04/12/2004,SMF,CA,AWP,WE,Towers with Display (VFR),296,54,47,0,397,16,3,1,0,20,312,57,48,0,417,30,8,38,455
04/13/2004,SMF,CA,AWP,WE,Towers with Display (VFR),304,56,49,5,414,0,16,3,0,19,304,72,52,5,433,42,18,60,493
04/14/2004,SMF,CA,AWP,WE,Towers with Display (VFR),291,58,50,5,404,0,13,30,1,44,291,71,80,6,448,40,8,48,496
04/15/2004,SMF,CA,AWP,WE,Towers with Display (VFR),284,47,45,5,381,0,0,20,3,23,284,47,65,8,404,62,26,88,492
04/16/2004,SMF,CA,AWP,WE,Towers with Display (VFR),295,44,46,0,385,11,0,12,0,23,306,44,58,0,408,64,0,64,472
04/17/2004,SMF,CA,AWP,WE,Towers with Display (VFR),236,40,39,0,315,0,0,25,0,25,236,40,64,0,340,28,0,28,368
04/18/2004,SMF,CA,AWP,WE,Towers with Display (VFR),245,33,38,0,316,51,0,31,0,82,296,33,69,0,398,182,0,182,580
04/19/2004,SMF,CA,AWP,WE,Towers with Display (VFR),317,53,50,5,425,1,0,5,5,11,318,53,55,10,436,82,32,114,550
04/20/2004,SMF,CA,AWP,WE,Towers with Display (VFR),301,57,51,5,414,0,10,8,6,24,301,67,59,11,438,60,20,80,518
04/21/2004,SMF,CA,AWP,WE,Towers with Display (VFR),285,52,46,4,387,0,4,18,0,22,285,56,64,4,409,12,12,24,433
04/22/2004,SMF,CA,AWP,WE,Towers with Display (VFR),281,51,48,5,385,0,0,48,3,51,281,51,96,8,436,90,24,114,550
04/23/2004,SMF,CA,AWP,WE,Towers with Display (VFR),301,37,49,4,391,0,0,42,0,42,301,37,91,4,433,78,8,86,519
04/24/2004,SMF,CA,AWP,WE,Towers with Display (VFR),229,31,36,0,296,13,0,32,0,45,242,31,68,0,341,62,0,62,403
04/25/2004,SMF,CA,AWP,WE,Towers with Display (VFR),279,46,44,0,369,19,0,39,0,58,298,46,83,0,427,83,0,83,510
04/26/2004,SMF,CA,AWP,WE,Towers with Display (VFR),307,58,51,5,421,0,3,26,9,38,307,61,77,14,459,222,16,238,697
04/27/2004,SMF,CA,AWP,WE,Towers with Display (VFR),320,62,53,4,439,0,9,30,0,39,320,71,83,4,478,92,16,108,586
04/28/2004,SMF,CA,AWP,WE,Towers with Display (VFR),293,53,46,4,396,2,3,7,4,16,295,56,53,8,412,46,14,60,472
04/29/2004,SMF,CA,AWP,WE,Towers with Display (VFR),261,51,44,0,356,0,1,38,0,39,261,52,82,0,395,28,0,28,423
04/30/2004,SMF,CA,AWP,WE,Towers with Display (VFR),284,39,46,0,369,0,0,48,0,48,284,39,94,0,417,70,0,70,487
05/01/2004,SMF,CA,AWP,WE,Towers with Display (VFR),247,34,48,0,329,0,0,51,0,51,247,34,99,0,380,6,0,6,386
05/02/2004,SMF,CA,AWP,WE,Towers with Display (VFR),267,34,47,2,350,15,0,8,0,23,282,34,55,2,373,100,0,100,473
05/03/2004,SMF,CA,AWP,WE,Towers with Display (VFR),292,41,52,4,389,23,0,12,0,35,315,41,64,4,424,50,2,52,476
05/04/2004,SMF,CA,AWP,WE,Towers with Display (VFR),307,51,55,5,418,0,16,20,3,39,307,67,75,8,457,98,36,134,591
05/05/2004,SMF,CA,AWP,WE,Towers with Display (VFR),279,48,51,2,380,0,15,9,0,24,279,63,60,2,404,20,6,26,430
05/06/2004,SMF,CA,AWP,WE,Towers with Display (VFR),283,52,55,2,392,0,13,37,0,50,283,65,92,2,442,168,0,168,610
05/07/2004,SMF,CA,AWP,WE,Towers with Display (VFR),285,49,52,4,390,0,1,39,0,40,285,50,91,4,430,72,0,72,502
05/08/2004,SMF,CA,AWP,WE,Towers with Display (VFR),242,39,42,0,323,10,8,0,0,18,252,47,42,0,341,34,0,34,375
05/09/2004,SMF,CA,AWP,WE,Towers with Display (VFR),266,31,37,0,334,29,0,0,0,29,295,31,37,0,363,60,0,60,423
05/10/2004,SMF,CA,AWP,WE,Towers with Display (VFR),330,44,58,4,436,12,0,9,0,21,342,44,67,4,457,74,2,76,533
05/11/2004,SMF,CA,AWP,WE,Towers with Display (VFR),320,55,61,6,442,0,12,23,0,35,320,67,84,6,477,52,6,58,535
05/12/2004,SMF,CA,AWP,WE,Towers with Display (VFR),287,49,54,0,390,0,18,31,0,49,287,67,85,0,439,8,0,8,447
05/13/2004,SMF,CA,AWP,WE,Towers with Display (VFR),278,45,49,2,374,0,14,18,0,32,278,59,67,2,406,18,14,32,438
05/14/2004,SMF,CA,AWP,WE,Towers with Display (VFR),267,47,50,2,366,0,3,48,0,51,267,50,98,2,417,8,8,16,433
05/15/2004,SMF,CA,AWP,WE,Towers with Display (VFR),236,36,41,0,313,11,0,4,0,15,247,36,45,0,328,20,0,20,348
05/16/2004,SMF,CA,AWP,WE,Towers with Display (VFR),280,45,48,0,373,8,3,17,0,28,288,48,65,0,401,18,0,18,419
05/17/2004,SMF,CA,AWP,WE,Towers with Display (VFR),274,44,47,0,365,0,6,9,0,15,274,50,56,0,380,38,0,38,418
05/18/2004,SMF,CA,AWP,WE,Towers with Display (VFR),311,45,54,6,416,2,0,3,3,8,313,45,57,9,424,42,4,46,470
05/19/2004,SMF,CA,AWP,WE,Towers with Display (VFR),321,52,56,1,430,0,6,18,0,24,321,58,74,1,454,10,0,10,464
05/20/2004,SMF,CA,AWP,WE,Towers with Display (VFR),290,47,52,2,391,0,1,22,0,23,290,48,74,2,414,16,4,20,434
05/21/2004,SMF,CA,AWP,WE,Towers with Display (VFR),296,43,53,4,396,0,0,31,0,31,296,43,84,4,427,44,0,44,471
05/22/2004,SMF,CA,AWP,WE,Towers with Display (VFR),229,29,39,0,297,23,0,3,0,26,252,29,42,0,323,4,0,4,327
05/23/2004,SMF,CA,AWP,WE,Towers with Display (VFR),242,34,40,0,316,22,0,0,0,22,264,34,40,0,338,42,0,42,380
05/24/2004,SMF,CA,AWP,WE,Towers with Display (VFR),322,50,58,6,436,0,0,19,8,27,322,50,77,14,463,38,8,46,509
05/25/2004,SMF,CA,AWP,WE,Towers with Display (VFR),295,49,55,5,404,0,17,38,1,56,295,66,93,6,460,60,8,68,528
05/26/2004,SMF,CA,AWP,WE,Towers with Display (VFR),305,49,50,5,409,0,14,0,3,17,305,63,50,8,426,0,18,18,444
05/27/2004,SMF,CA,AWP,WE,Towers with Display (VFR),290,48,54,0,392,0,7,24,0,31,290,55,78,0,423,30,4,34,457
05/28/2004,SMF,CA,AWP,WE,Towers with Display (VFR),306,45,53,0,404,1,0,32,0,33,307,45,85,0,437,24,0,24,461
05/29/2004,SMF,CA,AWP,WE,Towers with Display (VFR),235,21,42,0,298,0,0,4,0,4,235,21,46,0,302,4,0,4,306
05/30/2004,SMF,CA,AWP,WE,Towers with Display (VFR),263,36,31,0,330,6,0,0,0,6,269,36,31,0,336,8,0,8,344
05/31/2004,SMF,CA,AWP,WE,Towers with Display (VFR),218,32,38,0,288,76,0,9,0,85,294,32,47,0,373,2,0,2,375
06/01/2004,SMF,CA,AWP,WE,Towers with Display (VFR),303,57,51,2,413,0,0,30,0,30,303,57,81,2,443,34,0,34,477
06/02/2004,SMF,CA,AWP,WE,Towers with Display (VFR),311,57,51,4,423,0,13,11,0,24,311,70,62,4,447,16,4,20,467
06/03/2004,SMF,CA,AWP,WE,Towers with Display (VFR),271,55,49,4,379,0,2,24,10,36,271,57,73,14,415,42,18,60,475
06/04/2004,SMF,CA,AWP,WE,Towers with Display (VFR),279,53,47,4,383,0,19,23,4,46,279,72,70,8,429,58,18,76,505
06/05/2004,SMF,CA,AWP,WE,Towers with Display (VFR),257,41,42,0,340,0,0,20,0,20,257,41,62,0,360,64,0,64,424
06/06/2004,SMF,CA,AWP,WE,Towers with Display (VFR),288,39,47,0,374,13,0,20,0,33,301,39,67,0,407,40,0,40,447
06/07/2004,SMF,CA,AWP,WE,Towers with Display (VFR),298,53,48,2,401,11,0,10,0,21,309,53,58,2,422,96,8,104,526
06/08/2004,SMF,CA,AWP,WE,Towers with Display (VFR),303,55,49,2,409,3,6,8,0,17,306,61,57,2,426,96,6,102,528
06/09/2004,SMF,CA,AWP,WE,Towers with Display (VFR),306,57,50,4,417,0,18,9,0,27,306,75,59,4,444,24,24,48,492
06/10/2004,SMF,CA,AWP,WE,Towers with Display (VFR),282,51,49,4,386,0,0,50,2,52,282,51,99,6,438,70,22,92,530
06/11/2004,SMF,CA,AWP,WE,Towers with Display (VFR),292,48,46,2,388,0,0,27,0,27,292,48,73,2,415,82,4,86,501
06/12/2004,SMF,CA,AWP,WE,Towers with Display (VFR),257,36,41,0,334,22,0,12,0,34,279,36,53,0,368,40,0,40,408
06/13/2004,SMF,CA,AWP,WE,Towers with Display (VFR),312,38,49,5,404,12,0,17,9,38,324,38,66,14,442,18,24,42,484
06/14/2004,SMF,CA,AWP,WE,Towers with Display (VFR),324,50,51,5,430,16,0,37,7,60,340,50,88,12,490,34,16,50,540
06/15/2004,SMF,CA,AWP,WE,Towers with Display (VFR),319,58,51,2,430,0,4,36,0,40,319,62,87,2,470,80,12,92,562
06/16/2004,SMF,CA,AWP,WE,Towers with Display (VFR),312,58,51,0,421,0,5,45,0,50,312,63,96,0,471,20,0,20,491
06/17/2004,SMF,CA,AWP,WE,Towers with Display (VFR),282,51,44,2,379,2,10,14,0,26,284,61,58,2,405,46,2,48,453
06/18/2004,SMF,CA,AWP,WE,Towers with Display (VFR),300,47,47,5,399,4,0,28,1,33,304,47,75,6,432,48,12,60,492
06/19/2004,SMF,CA,AWP,WE,Towers with Display (VFR),260,42,41,0,343,19,0,12,0,31,279,42,53,0,374,20,0,20,394
06/20/2004,SMF,CA,AWP,WE,Towers with Display (VFR),253,33,40,0,326,22,0,17,0,39,275,33,57,0,365,34,0,34,399
06/21/2004,SMF,CA,AWP,WE,Towers with Display (VFR),288,52,45,5,390,6,2,25,1,34,294,54,70,6,424,86,22,108,532
06/22/2004,SMF,CA,AWP,WE,Towers with Display (VFR),309,61,55,5,430,0,10,33,5,48,309,71,88,10,478,96,42,138,616
06/23/2004,SMF,CA,AWP,WE,Towers with Display (VFR),339,63,56,5,463,0,21,22,3,46,339,84,78,8,509,54,16,70,579
06/24/2004,SMF,CA,AWP,WE,Towers with Display (VFR),293,58,51,4,406,0,3,44,0,47,293,61,95,4,453,78,26,104,557
06/25/2004,SMF,CA,AWP,WE,Towers with Display (VFR),302,57,51,4,414,0,0,56,0,56,302,57,107,4,470,80,10,90,560
06/26/2004,SMF,CA,AWP,WE,Towers with Display (VFR),262,36,42,0,340,20,0,6,0,26,282,36,48,0,366,22,0,22,388
06/27/2004,SMF,CA,AWP,WE,Towers with Display (VFR),278,38,44,0,360,26,0,11,0,37,304,38,55,0,397,0,0,0,397
06/28/2004,SMF,CA,AWP,WE,Towers with Display (VFR),312,51,49,4,416,26,0,31,6,63,338,51,80,10,479,14,30,44,523
06/29/2004,SMF,CA,AWP,WE,Towers with Display (VFR),327,60,52,4,443,0,1,22,2,25,327,61,74,6,468,54,18,72,540
06/30/2004,SMF,CA,AWP,WE,Towers with Display (VFR),317,59,52,0,428,0,12,23,0,35,317,71,75,0,463,40,10,50,513
07/01/2004,SMF,CA,AWP,WE,Towers with Display (VFR),302,48,45,4,399,0,0,45,6,51,302,48,90,10,450,72,18,90,540
07/02/2004,SMF,CA,AWP,WE,Towers with Display (VFR),291,48,42,2,383,0,0,32,0,32,291,48,74,2,415,26,0,26,441
07/03/2004,SMF,CA,AWP,WE,Towers with Display (VFR),254,44,36,0,334,20,0,10,0,30,274,44,46,0,364,0,0,0,364
07/04/2004,SMF,CA,AWP,WE,Towers with Display (VFR),229,36,33,0,298,16,0,2,0,18,245,36,35,0,316,8,0,8,324
07/05/2004,SMF,CA,AWP,WE,Towers with Display (VFR),272,40,39,0,351,30,0,21,0,51,302,40,60,0,402,44,0,44,446
07/06/2004,SMF,CA,AWP,WE,Towers with Display (VFR),329,60,47,4,440,0,13,23,2,38,329,73,70,6,478,42,0,42,520
07/07/2004,SMF,CA,AWP,WE,Towers with Display (VFR),334,61,48,4,447,0,5,28,0,33,334,66,76,4,480,26,2,28,508
07/08/2004,SMF,CA,AWP,WE,Towers with Display (VFR),311,56,45,4,416,3,9,48,0,60,314,65,93,4,476,76,12,88,564
07/09/2004,SMF,CA,AWP,WE,Towers with Display (VFR),290,52,43,0,385,5,7,13,0,25,295,59,56,0,410,18,0,18,428
07/10/2004,SMF,CA,AWP,WE,Towers with Display (VFR),293,41,42,0,376,18,0,4,0,22,311,41,46,0,398,28,0,28,426
07/11/2004,SMF,CA,AWP,WE,Towers with Display (VFR),271,36,39,0,346,36,0,14,0,50,307,36,53,0,396,40,0,40,436
07/12/2004,SMF,CA,AWP,WE,Towers with Display (VFR),325,60,48,4,437,0,11,37,4,52,325,71,85,8,489,72,14,86,575
07/13/2004,SMF,CA,AWP,WE,Towers with Display (VFR),326,66,53,5,450,0,8,60,7,75,326,74,113,12,525,138,52,190,715
07/14/2004,SMF,CA,AWP,WE,Towers with Display (VFR),321,59,46,0,426,0,12,20,0,32,321,71,66,0,458,4,10,14,472
07/15/2004,SMF,CA,AWP,WE,Towers with Display (VFR),298,55,44,0,397,0,4,58,0,62,298,59,102,0,459,76,0,76,535
07/16/2004,SMF,CA,AWP,WE,Towers with Display (VFR),290,47,42,2,381,0,0,35,0,35,290,47,77,2,416,62,6,68,484
07/17/2004,SMF,CA,AWP,WE,Towers with Display (VFR),248,26,35,4,313,18,0,16,0,34,266,26,51,4,347,16,4,20,367
07/18/2004,SMF,CA,AWP,WE,Towers with Display (VFR),242,29,34,0,305,38,0,8,0,46,280,29,42,0,351,12,0,12,363
07/19/2004,SMF,CA,AWP,WE,Towers with Display (VFR),313,60,48,5,426,0,15,23,25,63,313,75,71,30,489,158,62,220,709
07/20/2004,SMF,CA,AWP,WE,Towers with Display (VFR),316,61,48,5,430,0,8,30,3,41,316,69,78,8,471,206,26,232,703
07/21/2004,SMF,CA,AWP,WE,Towers with Display (VFR),304,55,43,5,407,0,8,21,7,36,304,63,64,12,443,32,26,58,501
07/22/2004,SMF,CA,AWP,WE,Towers with Display (VFR),290,58,47,5,400,0,0,56,1,57,290,58,103,6,457,62,14,76,533
07/23/2004,SMF,CA,AWP,WE,Towers with Display (VFR),299,47,45,2,393,0,0,60,0,60,299,47,105,2,453,122,4,126,579
07/24/2004,SMF,CA,AWP,WE,Towers with Display (VFR),270,34,38,0,342,11,0,23,0,34,281,34,61,0,376,10,0,10,386
07/25/2004,SMF,CA,AWP,WE,Towers with Display (VFR),324,53,46,0,423,8,0,26,0,34,332,53,72,0,457,20,0,20,477
07/26/2004,SMF,CA,AWP,WE,Towers with Display (VFR),309,55,43,0,407,15,1,26,0,42,324,56,69,0,449,52,0,52,501
07/27/2004,SMF,CA,AWP,WE,Towers with Display (VFR),290,57,45,2,394,0,7,48,0,55,290,64,93,2,449,72,2,74,523
07/28/2004,SMF,CA,AWP,WE,Towers with Display (VFR),318,57,44,4,423,2,11,20,4,37,320,68,64,8,460,38,20,58,518
07/29/2004,SMF,CA,AWP,WE,Towers with Display (VFR),295,53,41,2,391,1,5,18,0,24,296,58,59,2,415,42,10,52,467
07/30/2004,SMF,CA,AWP,WE,Towers with Display (VFR),276,48,38,2,364,20,0,1,0,21,296,48,39,2,385,44,0,44,429
07/31/2004,SMF,CA,AWP,WE,Towers with Display (VFR),258,42,32,0,332,22,0,0,0,22,280,42,32,0,354,38,0,38,392
08/01/2004,SMF,CA,AWP,WE,Towers with Display (VFR),269,42,40,0,351,14,0,20,0,34,283,42,60,0,385,34,0,34,419
08/02/2004,SMF,CA,AWP,WE,Towers with Display (VFR),302,57,45,3,407,13,5,5,1,24,315,62,50,4,431,118,4,122,553
08/03/2004,SMF,CA,AWP,WE,Towers with Display (VFR),365,71,56,0,492,0,34,29,0,63,365,105,85,0,555,174,0,174,729
08/04/2004,SMF,CA,AWP,WE,Towers with Display (VFR),317,63,51,3,434,0,21,35,1,57,317,84,86,4,491,26,8,34,525
08/05/2004,SMF,CA,AWP,WE,Towers with Display (VFR),299,56,45,3,403,0,0,33,3,36,299,56,78,6,439,64,8,72,511
08/06/2004,SMF,CA,AWP,WE,Towers with Display (VFR),298,48,47,2,395,0,0,54,0,54,298,48,101,2,449,124,10,134,583
08/07/2004,SMF,CA,AWP,WE,Towers with Display (VFR),261,34,40,0,335,15,0,19,0,34,276,34,59,0,369,34,0,34,403
08/08/2004,SMF,CA,AWP,WE,Towers with Display (VFR),299,49,44,0,392,13,0,32,0,45,312,49,76,0,437,20,0,20,457
08/09/2004,SMF,CA,AWP,WE,Towers with Display (VFR),298,56,43,0,397,5,7,36,0,48,303,63,79,0,445,90,0,90,535
08/10/2004,SMF,CA,AWP,WE,Towers with Display (VFR),336,63,50,0,449,5,3,37,0,45,341,66,87,0,494,142,0,142,636
08/11/2004,SMF,CA,AWP,WE,Towers with Display (VFR),330,62,48,4,444,7,2,22,97,128,337,64,70,101,572,48,24,72,644
08/12/2004,SMF,CA,AWP,WE,Towers with Display (VFR),280,52,9,4,345,0,0,0,12,12,280,52,9,16,357,58,34,92,449
08/13/2004,SMF,CA,AWP,WE,Towers with Display (VFR),284,54,43,2,383,0,6,19,0,25,284,60,62,2,408,66,2,68,476
08/14/2004,SMF,CA,AWP,WE,Towers with Display (VFR),267,43,39,0,349,16,0,10,0,26,283,43,49,0,375,2,0,2,377
08/15/2004,SMF,CA,AWP,WE,Towers with Display (VFR),273,34,40,4,351,15,0,23,2,40,288,34,63,6,391,10,4,14,405
08/16/2004,SMF,CA,AWP,WE,Towers with Display (VFR),321,59,47,4,431,2,6,23,4,35,323,65,70,8,466,76,8,84,550
08/17/2004,SMF,CA,AWP,WE,Towers with Display (VFR),307,59,47,4,417,0,3,42,0,45,307,62,89,4,462,86,24,110,572
08/18/2004,SMF,CA,AWP,WE,Towers with Display (VFR),315,62,49,0,426,0,5,65,0,70,315,67,114,0,496,18,0,18,514
08/19/2004,SMF,CA,AWP,WE,Towers with Display (VFR),296,56,46,4,402,0,0,71,4,75,296,56,117,8,477,38,8,46,523
08/20/2004,SMF,CA,AWP,WE,Towers with Display (VFR),283,52,41,2,378,12,5,6,0,23,295,57,47,2,401,2,0,2,403
08/21/2004,SMF,CA,AWP,WE,Towers with Display (VFR),265,37,39,0,341,17,0,14,0,31,282,37,53,0,372,24,0,24,396
08/22/2004,SMF,CA,AWP,WE,Towers with Display (VFR),288,49,42,0,379,26,0,6,0,32,314,49,48,0,411,28,0,28,439
08/23/2004,SMF,CA,AWP,WE,Towers with Display (VFR),313,59,45,3,420,2,2,29,5,38,315,61,74,8,458,92,26,118,576
08/24/2004,SMF,CA,AWP,WE,Towers with Display (VFR),346,68,53,4,471,0,6,32,4,42,346,74,85,8,513,56,6,62,575
08/25/2004,SMF,CA,AWP,WE,Towers with Display (VFR),318,63,49,3,433,0,9,17,7,33,318,72,66,10,466,84,6,90,556
08/26/2004,SMF,CA,AWP,WE,Towers with Display (VFR),293,56,44,0,393,0,1,25,0,26,293,57,69,0,419,16,0,16,435
08/27/2004,SMF,CA,AWP,WE,Towers with Display (VFR),296,46,44,3,389,0,0,36,1,37,296,46,80,4,426,18,12,30,456
08/28/2004,SMF,CA,AWP,WE,Towers with Display (VFR),276,42,40,0,358,15,0,9,0,24,291,42,49,0,382,24,0,24,406
08/29/2004,SMF,CA,AWP,WE,Towers with Display (VFR),295,47,43,0,385,11,0,29,0,40,306,47,72,0,425,46,0,46,471
08/30/2004,SMF,CA,AWP,WE,Towers with Display (VFR),335,63,49,2,449,3,6,30,0,39,338,69,79,2,488,92,6,98,586
08/31/2004,SMF,CA,AWP,WE,Towers with Display (VFR),311,52,46,3,412,2,0,26,1,29,313,52,72,4,441,56,2,58,499
09/01/2004,SMF,CA,AWP,WE,Towers with Display (VFR),315,61,52,2,430,0,14,46,0,60,315,75,98,2,490,40,0,40,530
09/02/2004,SMF,CA,AWP,WE,Towers with Display (VFR),277,47,44,3,371,9,0,7,1,17,286,47,51,4,388,10,14,24,412
09/03/2004,SMF,CA,AWP,WE,Towers with Display (VFR),267,49,43,0,359,14,2,7,0,23,281,51,50,0,382,12,0,12,394
09/04/2004,SMF,CA,AWP,WE,Towers with Display (VFR),266,36,42,0,344,1,0,28,0,29,267,36,70,0,373,4,0,4,377
09/05/2004,SMF,CA,AWP,WE,Towers with Display (VFR),218,34,36,0,288,32,0,5,0,37,250,34,41,0,325,4,0,4,329
09/06/2004,SMF,CA,AWP,WE,Towers with Display (VFR),320,54,51,0,425,12,0,23,0,35,332,54,74,0,460,10,0,10,470
09/07/2004,SMF,CA,AWP,WE,Towers with Display (VFR),312,55,55,4,426,0,0,62,7,69,312,55,117,11,495,68,36,104,599
09/08/2004,SMF,CA,AWP,WE,Towers with Display (VFR),325,62,54,2,443,0,11,22,0,33,325,73,76,2,476,22,0,22,498
09/09/2004,SMF,CA,AWP,WE,Towers with Display (VFR),291,57,49,4,401,0,2,33,8,43,291,59,82,12,444,4,18,22,466
09/10/2004,SMF,CA,AWP,WE,Towers with Display (VFR),306,49,50,0,405,0,0,24,0,24,306,49,74,0,429,10,0,10,439
09/11/2004,SMF,CA,AWP,WE,Towers with Display (VFR),281,40,45,0,366,5,0,20,0,25,286,40,65,0,391,60,0,60,451
09/12/2004,SMF,CA,AWP,WE,Towers with Display (VFR),265,43,42,2,352,36,0,10,0,46,301,43,52,2,398,18,20,38,436
09/13/2004,SMF,CA,AWP,WE,Towers with Display (VFR),350,64,55,0,469,6,2,18,0,26,356,66,73,0,495,10,0,10,505
09/14/2004,SMF,CA,AWP,WE,Towers with Display (VFR),293,56,48,0,397,0,15,34,0,49,293,71,82,0,446,108,0,108,554
09/15/2004,SMF,CA,AWP,WE,Towers with Display (VFR),324,59,51,2,436,0,7,21,0,28,324,66,72,2,464,68,10,78,542
09/16/2004,SMF,CA,AWP,WE,Towers with Display (VFR),286,53,44,4,387,1,2,15,6,24,287,55,59,10,411,18,34,52,463
09/17/2004,SMF,CA,AWP,WE,Towers with Display (VFR),283,43,44,0,370,9,0,11,0,20,292,43,55,0,390,4,0,4,394
09/18/2004,SMF,CA,AWP,WE,Towers with Display (VFR),242,46,32,0,320,0,0,0,0,0,242,46,32,0,320,0,0,0,320
09/19/2004,SMF,CA,AWP,WE,Towers with Display (VFR),302,54,47,0,403,14,2,19,0,35,316,56,66,0,438,50,0,50,488
09/20/2004,SMF,CA,AWP,WE,Towers with Display (VFR),295,48,46,0,389,10,0,6,0,16,305,48,52,0,405,8,0,8,413
09/21/2004,SMF,CA,AWP,WE,Towers with Display (VFR),337,61,52,2,452,6,14,9,0,29,343,75,61,2,481,50,0,50,531
09/22/2004,SMF,CA,AWP,WE,Towers with Display (VFR),273,49,43,4,369,20,6,36,6,68,293,55,79,10,437,46,2,48,485
09/23/2004,SMF,CA,AWP,WE,Towers with Display (VFR),283,51,44,2,380,2,0,46,0,48,285,51,90,2,428,24,24,48,476
09/24/2004,SMF,CA,AWP,WE,Towers with Display (VFR),299,48,49,0,396,0,0,39,0,39,299,48,88,0,435,26,0,26,461
09/25/2004,SMF,CA,AWP,WE,Towers with Display (VFR),250,41,39,0,330,0,0,15,0,15,250,41,54,0,345,0,0,0,345
09/26/2004,SMF,CA,AWP,WE,Towers with Display (VFR),283,31,44,0,358,29,0,2,0,31,312,31,46,0,389,4,0,4,393
09/27/2004,SMF,CA,AWP,WE,Towers with Display (VFR),325,59,52,2,438,0,13,33,0,46,325,72,85,2,484,94,0,94,578
09/28/2004,SMF,CA,AWP,WE,Towers with Display (VFR),335,64,55,0,454,0,8,28,0,36,335,72,83,0,490,70,0,70,560
09/29/2004,SMF,CA,AWP,WE,Towers with Display (VFR),290,56,48,2,396,0,13,12,0,25,290,69,60,2,421,12,14,26,447
09/30/2004,SMF,CA,AWP,WE,Towers with Display (VFR),298,54,47,0,399,0,0,16,0,16,298,54,63,0,415,28,0,28,443
10/01/2004,SMF,CA,AWP,WE,Towers with Display (VFR),0,0,0,0,0,266,51,89,4,410,266,51,89,4,410,24,6,30,440
10/02/2004,SMF,CA,AWP,WE,Towers with Display (VFR),0,0,0,0,0,248,42,65,4,359,248,42,65,4,359,0,0,0,359
10/03/2004,SMF,CA,AWP,WE,Towers with Display (VFR),0,0,0,0,0,308,34,65,0,407,308,34,65,0,407,6,0,6,413
10/04/2004,SMF,CA,AWP,WE,Towers with Display (VFR),0,0,0,0,0,283,62,54,4,403,283,62,54,4,403,54,26,80,483
10/05/2004,SMF,CA,AWP,WE,Towers with Display (VFR),0,0,0,0,0,298,57,89,10,454,298,57,89,10,454,198,24,222,676
10/06/2004,SMF,CA,AWP,WE,Towers with Display (VFR),0,0,0,0,0,288,58,65,4,415,288,58,65,4,415,52,36,88,503
10/07/2004,SMF,CA,AWP,WE,Towers with Display (VFR),0,0,0,0,0,292,49,71,6,418,292,49,71,6,418,60,6,66,484
10/08/2004,SMF,CA,AWP,WE,Towers with Display (VFR),0,0,0,0,0,281,51,73,4,409,281,51,73,4,409,46,0,46,455
10/09/2004,SMF,CA,AWP,WE,Towers with Display (VFR),7,3,1,0,11,235,34,25,0,294,242,37,26,0,305,28,0,28,333
10/10/2004,SMF,CA,AWP,WE,Towers with Display (VFR),0,0,0,0,0,326,43,37,0,406,326,43,37,0,406,0,0,0,406
10/11/2004,SMF,CA,AWP,WE,Towers with Display (VFR),0,0,0,0,0,307,48,56,0,411,307,48,56,0,411,4,0,4,415
10/12/2004,SMF,CA,AWP,WE,Towers with Display (VFR),0,0,0,0,0,306,53,74,4,437,306,53,74,4,437,24,4,28,465
10/13/2004,SMF,CA,AWP,WE,Towers with Display (VFR),0,0,0,0,0,289,53,66,4,412,289,53,66,4,412,0,12,12,424
10/14/2004,SMF,CA,AWP,WE,Towers with Display (VFR),0,0,0,0,0,291,52,46,0,389,291,52,46,0,389,20,0,20,409
10/15/2004,SMF,CA,AWP,WE,Towers with Display (VFR),0,0,0,0,0,298,54,58,10,420,298,54,58,10,420,18,12,30,450
10/16/2004,SMF,CA,AWP,WE,Towers with Display (VFR),0,0,0,0,0,253,37,38,0,328,253,37,38,0,328,0,0,0,328
10/17/2004,SMF,CA,AWP,WE,Towers with Display (VFR),0,0,0,0,0,300,38,41,0,379,300,38,41,0,379,2,0,2,381
10/18/2004,SMF,CA,AWP,WE,Towers with Display (VFR),0,0,0,0,0,309,51,34,6,400,309,51,34,6,400,0,2,2,402
10/19/2004,SMF,CA,AWP,WE,Towers with Display (VFR),11,3,2,0,16,281,51,16,6,354,292,54,18,6,370,2,0,2,372
10/20/2004,SMF,CA,AWP,WE,Towers with Display (VFR),0,0,0,0,0,289,77,39,0,405,289,77,39,0,405,2,0,2,407
10/21/2004,SMF,CA,AWP,WE,Towers with Display (VFR),11,2,0,0,13,294,57,87,7,445,305,59,87,7,458,66,22,88,546
10/22/2004,SMF,CA,AWP,WE,Towers with Display (VFR),0,0,0,0,0,296,39,54,2,391,296,39,54,2,391,36,4,40,431
10/23/2004,SMF,CA,AWP,WE,Towers with Display (VFR),80,19,8,0,107,174,14,14,0,202,254,33,22,0,309,0,0,0,309
10/24/2004,SMF,CA,AWP,WE,Towers with Display (VFR),10,4,0,0,14,279,47,47,0,373,289,51,47,0,387,22,0,22,409
10/25/2004,SMF,CA,AWP,WE,Towers with Display (VFR),21,3,2,0,26,264,40,65,6,375,285,43,67,6,401,0,8,8,409
10/26/2004,SMF,CA,AWP,WE,Towers with Display (VFR),68,17,12,4,101,227,42,21,10,300,295,59,33,14,401,66,32,98,499
10/27/2004,SMF,CA,AWP,WE,Towers with Display (VFR),0,0,0,0,0,297,67,51,8,423,297,67,51,8,423,70,8,78,501
10/28/2004,SMF,CA,AWP,WE,Towers with Display (VFR),0,0,0,0,0,288,61,57,8,414,288,61,57,8,414,52,28,80,494
10/29/2004,SMF,CA,AWP,WE,Towers with Display (VFR),0,0,0,0,0,299,32,55,0,386,299,32,55,0,386,52,0,52,438
10/30/2004,SMF,CA,AWP,WE,Towers with Display (VFR),0,0,0,0,0,250,44,33,0,327,250,44,33,0,327,22,0,22,349
10/31/2004,SMF,CA,AWP,WE,Towers with Display (VFR),0,0,0,0,0,289,35,26,0,350,289,35,26,0,350,8,0,8,358
11/01/2004,SMF,CA,AWP,WE,Towers with Radar,305,44,15,0,364,0,0,33,0,33,305,44,48,0,397,78,0,78,475
11/02/2004,SMF,CA,AWP,WE,Towers with Radar,305,62,45,2,414,0,0,22,0,22,305,62,67,2,436,60,16,76,512
11/03/2004,SMF,CA,AWP,WE,Towers with Radar,290,54,29,0,373,0,0,5,0,5,290,54,34,0,378,6,0,6,384
11/04/2004,SMF,CA,AWP,WE,Towers with Radar,289,59,54,4,406,0,0,13,0,13,289,59,67,4,419,12,22,34,453
11/05/2004,SMF,CA,AWP,WE,Towers with Radar,299,59,62,2,422,0,0,5,0,5,299,59,67,2,427,6,4,10,437
11/06/2004,SMF,CA,AWP,WE,Towers with Radar,242,34,45,0,321,0,0,8,0,8,242,34,53,0,329,60,0,60,389
11/07/2004,SMF,CA,AWP,WE,Towers with Radar,291,44,37,0,372,0,0,16,0,16,291,44,53,0,388,0,0,0,388
11/08/2004,SMF,CA,AWP,WE,Towers with Radar,311,54,32,2,399,0,0,22,0,22,311,54,54,2,421,96,2,98,519
11/09/2004,SMF,CA,AWP,WE,Towers with Radar,306,68,40,14,428,0,0,26,0,26,306,68,66,14,454,66,30,96,550
11/10/2004,SMF,CA,AWP,WE,Towers with Radar,285,56,47,2,390,0,0,1,0,1,285,56,48,2,391,2,0,2,393
11/11/2004,SMF,CA,AWP,WE,Towers with Radar,266,48,44,0,358,0,0,0,0,0,266,48,44,0,358,4,0,4,362
11/12/2004,SMF,CA,AWP,WE,Towers with Radar,280,45,24,2,351,0,0,8,0,8,280,45,32,2,359,24,2,26,385
11/13/2004,SMF,CA,AWP,WE,Towers with Radar,235,32,29,0,296,0,0,0,0,0,235,32,29,0,296,6,0,6,302
11/14/2004,SMF,CA,AWP,WE,Towers with Radar,272,40,42,0,354,0,0,11,0,11,272,40,53,0,365,12,0,12,377
11/15/2004,SMF,CA,AWP,WE,Towers with Radar,284,38,55,10,387,0,0,4,0,4,284,38,59,10,391,84,48,132,523
11/16/2004,SMF,CA,AWP,WE,Towers with Radar,281,61,53,2,397,0,0,3,0,3,281,61,56,2,400,38,8,46,446
11/17/2004,SMF,CA,AWP,WE,Towers with Radar,284,51,22,4,361,0,0,3,0,3,284,51,25,4,364,6,4,10,374
11/18/2004,SMF,CA,AWP,WE,Towers with Radar,270,47,29,4,350,0,0,0,0,0,270,47,29,4,350,2,0,2,352
11/19/2004,SMF,CA,AWP,WE,Towers with Radar,290,62,45,4,401,0,0,8,0,8,290,62,53,4,409,44,2,46,455
11/20/2004,SMF,CA,AWP,WE,Towers with Radar,235,31,34,0,300,0,0,6,0,6,235,31,40,0,306,2,4,6,312
11/21/2004,SMF,CA,AWP,WE,Towers with Radar,262,36,28,6,332,0,0,7,0,7,262,36,35,6,339,20,90,110,449
11/22/2004,SMF,CA,AWP,WE,Towers with Radar,280,32,29,8,349,0,0,53,0,53,280,32,82,8,402,70,18,88,490
11/23/2004,SMF,CA,AWP,WE,Towers with Radar,294,62,32,0,388,0,0,31,0,31,294,62,63,0,419,48,0,48,467
11/24/2004,SMF,CA,AWP,WE,Towers with Radar,302,50,45,2,399,0,0,20,0,20,302,50,65,2,419,30,8,38,457
11/25/2004,SMF,CA,AWP,WE,Towers with Radar,214,28,8,0,250,0,0,0,0,0,214,28,8,0,250,0,0,0,250
11/26/2004,SMF,CA,AWP,WE,Towers with Radar,266,41,16,0,323,0,0,0,0,0,266,41,16,0,323,6,0,6,329
11/27/2004,SMF,CA,AWP,WE,Towers with Radar,253,38,11,0,302,0,0,0,0,0,253,38,11,0,302,0,0,0,302
11/28/2004,SMF,CA,AWP,WE,Towers with Radar,295,32,23,0,350,0,0,10,0,10,295,32,33,0,360,26,0,26,386
11/29/2004,SMF,CA,AWP,WE,Towers with Radar,285,34,35,10,364,0,0,24,0,24,285,34,59,10,388,48,16,64,452
11/30/2004,SMF,CA,AWP,WE,Towers with Radar,272,52,34,10,368,0,0,16,0,16,272,52,50,10,384,30,16,46,430
12/01/2004,SMF,CA,AWP,WE,Towers with Radar,275,53,38,2,368,0,0,19,0,19,275,53,57,2,387,44,0,44,431
12/02/2004,SMF,CA,AWP,WE,Towers with Radar,284,61,43,4,392,0,0,23,0,23,284,61,66,4,415,38,10,48,463
12/03/2004,SMF,CA,AWP,WE,Towers with Radar,282,54,39,6,381,0,0,18,0,18,282,54,57,6,399,18,0,18,417
12/04/2004,SMF,CA,AWP,WE,Towers with Radar,235,41,51,0,327,0,0,4,0,4,235,41,55,0,331,4,0,4,335
12/05/2004,SMF,CA,AWP,WE,Towers with Radar,301,44,48,0,393,0,0,3,0,3,301,44,51,0,396,6,0,6,402
12/06/2004,SMF,CA,AWP,WE,Towers with Radar,271,39,25,10,345,0,0,4,0,4,271,39,29,10,349,16,6,22,371
12/07/2004,SMF,CA,AWP,WE,Towers with Radar,313,67,51,4,435,0,0,1,0,1,313,67,52,4,436,0,4,4,440
12/08/2004,SMF,CA,AWP,WE,Towers with Radar,305,54,38,0,397,0,0,0,0,0,305,54,38,0,397,0,0,0,397
12/09/2004,SMF,CA,AWP,WE,Towers with Radar,307,53,39,0,399,0,0,5,0,5,307,53,44,0,404,12,0,12,416
12/10/2004,SMF,CA,AWP,WE,Towers with Radar,311,51,23,2,387,0,0,0,0,0,311,51,23,2,387,0,2,2,389
12/11/2004,SMF,CA,AWP,WE,Towers with Radar,246,29,15,0,290,0,0,0,0,0,246,29,15,0,290,0,0,0,290
12/12/2004,SMF,CA,AWP,WE,Towers with Radar,276,27,15,0,318,0,0,0,0,0,276,27,15,0,318,2,0,2,320
12/13/2004,SMF,CA,AWP,WE,Towers with Radar,299,44,23,4,370,0,0,7,0,7,299,44,30,4,377,4,12,16,393
12/14/2004,SMF,CA,AWP,WE,Towers with Radar,315,69,41,2,427,0,0,8,0,8,315,69,49,2,435,24,6,30,465
12/15/2004,SMF,CA,AWP,WE,Towers with Radar,307,62,22,0,391,0,0,51,0,51,307,62,73,0,442,42,0,42,484
12/16/2004,SMF,CA,AWP,WE,Towers with Radar,315,50,32,4,401,0,0,10,0,10,315,50,42,4,411,14,10,24,435
12/17/2004,SMF,CA,AWP,WE,Towers with Radar,330,53,23,0,406,0,0,16,0,16,330,53,39,0,422,12,0,12,434
12/18/2004,SMF,CA,AWP,WE,Towers with Radar,232,16,7,0,255,0,0,0,0,0,232,16,7,0,255,4,0,4,259
12/19/2004,SMF,CA,AWP,WE,Towers with Radar,273,8,1,0,282,0,0,0,0,0,273,8,1,0,282,0,0,0,282
12/20/2004,SMF,CA,AWP,WE,Towers with Radar,289,39,20,4,352,0,0,3,0,3,289,39,23,4,355,0,10,10,365
12/21/2004,SMF,CA,AWP,WE,Towers with Radar,310,70,51,6,437,0,0,16,0,16,310,70,67,6,453,112,22,134,587
12/22/2004,SMF,CA,AWP,WE,Towers with Radar,332,62,17,0,411,0,0,10,0,10,332,62,27,0,421,30,0,30,451
12/23/2004,SMF,CA,AWP,WE,Towers with Radar,305,62,11,2,380,0,0,12,0,12,305,62,23,2,392,2,0,2,394
12/24/2004,SMF,CA,AWP,WE,Towers with Radar,328,31,3,0,362,0,0,0,0,0,328,31,3,0,362,0,0,0,362
12/25/2004,SMF,CA,AWP,WE,Towers with Radar,294,16,8,0,318,0,0,1,0,1,294,16,9,0,319,0,0,0,319
12/26/2004,SMF,CA,AWP,WE,Towers with Radar,304,33,11,0,348,0,0,0,0,0,304,33,11,0,348,0,0,0,348
12/27/2004,SMF,CA,AWP,WE,Towers with Radar,296,42,11,0,349,0,0,6,0,6,296,42,17,0,355,0,0,0,355
12/28/2004,SMF,CA,AWP,WE,Towers with Radar,324,47,28,2,401,0,0,1,0,1,324,47,29,2,402,4,0,4,406
12/29/2004,SMF,CA,AWP,WE,Towers with Radar,298,54,12,2,366,0,0,1,0,1,298,54,13,2,367,34,0,34,401
12/30/2004,SMF,CA,AWP,WE,Towers with Radar,346,59,19,3,427,0,0,7,0,7,346,59,26,3,434,6,0,6,440
12/31/2004,SMF,CA,AWP,WE,Towers with Radar,290,39,45,0,374,0,0,4,0,4,290,39,49,0,378,2,0,2,380
01/01/2005,SMF,CA,AWP,WE,Towers with Radar,275,24,19,0,318,0,0,1,0,1,275,24,20,0,319,0,0,0,319
01/02/2005,SMF,CA,AWP,WE,Towers with Radar,314,27,10,0,351,0,0,0,0,0,314,27,10,0,351,0,0,0,351
01/03/2005,SMF,CA,AWP,WE,Towers with Radar,292,54,29,8,383,0,0,2,0,2,292,54,31,8,385,2,8,10,395
01/04/2005,SMF,CA,AWP,WE,Towers with Radar,299,40,23,10,372,0,0,10,0,10,299,40,33,10,382,42,6,48,430
01/05/2005,SMF,CA,AWP,WE,Towers with Radar,264,52,29,2,347,0,0,11,0,11,264,52,40,2,358,28,0,28,386
01/06/2005,SMF,CA,AWP,WE,Towers with Radar,298,55,31,4,388,0,0,21,0,21,298,55,52,4,409,20,0,20,429
01/07/2005,SMF,CA,AWP,WE,Towers with Radar,274,41,23,1,339,0,0,0,0,0,274,41,23,1,339,2,0,2,341
01/08/2005,SMF,CA,AWP,WE,Towers with Radar,261,41,12,5,319,0,0,0,0,0,261,41,12,5,319,4,0,4,323
01/09/2005,SMF,CA,AWP,WE,Towers with Radar,284,30,27,0,341,0,0,2,0,2,284,30,29,0,343,20,0,20,363
01/10/2005,SMF,CA,AWP,WE,Towers with Radar,312,56,25,4,397,0,0,1,0,1,312,56,26,4,398,6,2,8,406
01/11/2005,SMF,CA,AWP,WE,Towers with Radar,318,62,25,4,409,0,0,12,0,12,318,62,37,4,421,30,4,34,455
01/12/2005,SMF,CA,AWP,WE,Towers with Radar,306,51,22,6,385,0,0,22,0,22,306,51,44,6,407,24,26,50,457
01/13/2005,SMF,CA,AWP,WE,Towers with Radar,299,62,12,14,387,0,0,5,0,5,299,62,17,14,392,4,0,4,396
01/14/2005,SMF,CA,AWP,WE,Towers with Radar,294,48,22,18,382,0,0,1,0,1,294,48,23,18,383,4,34,38,421
01/15/2005,SMF,CA,AWP,WE,Towers with Radar,233,32,25,0,290,0,0,0,0,0,233,32,25,0,290,8,0,8,298
01/16/2005,SMF,CA,AWP,WE,Towers with Radar,278,29,19,0,326,0,0,0,0,0,278,29,19,0,326,0,0,0,326
01/17/2005,SMF,CA,AWP,WE,Towers with Radar,318,52,28,0,398,0,0,0,0,0,318,52,28,0,398,0,0,0,398
01/18/2005,SMF,CA,AWP,WE,Towers with Radar,307,59,37,4,407,0,0,0,0,0,307,59,37,4,407,16,0,16,423
01/19/2005,SMF,CA,AWP,WE,Towers with Radar,282,61,23,0,366,0,0,0,0,0,282,61,23,0,366,2,0,2,368
01/20/2005,SMF,CA,AWP,WE,Towers with Radar,300,59,22,0,381,0,0,0,0,0,300,59,22,0,381,4,0,4,385
01/21/2005,SMF,CA,AWP,WE,Towers with Radar,287,65,21,0,373,0,0,0,0,0,287,65,21,0,373,0,0,0,373
01/22/2005,SMF,CA,AWP,WE,Towers with Radar,242,32,21,0,295,0,0,0,0,0,242,32,21,0,295,0,0,0,295
01/23/2005,SMF,CA,AWP,WE,Towers with Radar,285,28,8,0,321,0,0,0,0,0,285,28,8,0,321,0,0,0,321
01/24/2005,SMF,CA,AWP,WE,Towers with Radar,301,48,11,0,360,0,0,0,0,0,301,48,11,0,360,0,0,0,360
01/25/2005,SMF,CA,AWP,WE,Towers with Radar,296,53,43,24,416,0,0,2,0,2,296,53,45,24,418,14,8,22,440
01/26/2005,SMF,CA,AWP,WE,Towers with Radar,273,62,45,8,388,0,0,0,0,0,273,62,45,8,388,6,16,22,410
01/27/2005,SMF,CA,AWP,WE,Towers with Radar,285,51,37,0,373,0,0,6,0,6,285,51,43,0,379,66,4,70,449
01/28/2005,SMF,CA,AWP,WE,Towers with Radar,278,65,27,6,376,0,0,4,0,4,278,65,31,6,380,14,2,16,396
01/29/2005,SMF,CA,AWP,WE,Towers with Radar,242,33,31,0,306,0,0,0,0,0,242,33,31,0,306,0,0,0,306
01/30/2005,SMF,CA,AWP,WE,Towers with Radar,291,32,22,0,345,0,0,20,0,20,291,32,42,0,365,58,0,58,423
01/31/2005,SMF,CA,AWP,WE,Towers with Radar,299,41,58,2,400,0,0,17,0,17,299,41,75,2,417,80,6,86,503
02/01/2005,SMF,CA,AWP,WE,Towers with Radar,316,52,59,24,451,0,0,19,0,19,316,52,78,24,470,94,14,108,578
02/02/2005,SMF,CA,AWP,WE,Towers with Radar,302,50,30,12,394,0,0,30,0,30,302,50,60,12,424,62,0,62,486
02/03/2005,SMF,CA,AWP,WE,Towers with Radar,302,59,48,0,409,0,0,0,0,0,302,59,48,0,409,20,0,20,429
02/04/2005,SMF,CA,AWP,WE,Towers with Radar,270,60,42,0,372,0,0,6,0,6,270,60,48,0,378,42,0,42,420
02/05/2005,SMF,CA,AWP,WE,Towers with Radar,272,38,34,2,346,0,0,7,0,7,272,38,41,2,353,2,16,18,371
02/06/2005,SMF,CA,AWP,WE,Towers with Radar,286,31,25,0,342,0,0,2,0,2,286,31,27,0,344,0,0,0,344
02/07/2005,SMF,CA,AWP,WE,Towers with Radar,315,73,54,2,444,0,0,9,0,9,315,73,63,2,453,52,0,52,505
02/08/2005,SMF,CA,AWP,WE,Towers with Radar,309,51,66,4,430,0,0,5,0,5,309,51,71,4,435,56,16,72,507
02/09/2005,SMF,CA,AWP,WE,Towers with Radar,321,56,34,2,413,0,0,19,0,19,321,56,53,2,432,4,6,10,442
02/10/2005,SMF,CA,AWP,WE,Towers with Radar,322,53,95,6,476,0,0,8,0,8,322,53,103,6,484,18,4,22,506
02/11/2005,SMF,CA,AWP,WE,Towers with Radar,295,52,50,1,398,0,0,10,0,10,295,52,60,1,408,12,6,18,426
02/12/2005,SMF,CA,AWP,WE,Towers with Radar,257,28,32,0,317,0,0,1,0,1,257,28,33,0,318,12,0,12,330
02/13/2005,SMF,CA,AWP,WE,Towers with Radar,277,21,16,0,314,0,0,6,0,6,277,21,22,0,320,4,0,4,324
02/14/2005,SMF,CA,AWP,WE,Towers with Radar,295,40,44,8,387,0,0,8,0,8,295,40,52,8,395,34,32,66,461
02/15/2005,SMF,CA,AWP,WE,Towers with Radar,304,52,37,6,399,0,0,8,0,8,304,52,45,6,407,0,10,10,417
02/16/2005,SMF,CA,AWP,WE,Towers with Radar,387,59,41,10,497,0,0,0,0,0,387,59,41,10,497,2,0,2,499
02/17/2005,SMF,CA,AWP,WE,Towers with Radar,295,53,48,0,396,0,0,33,0,33,295,53,81,0,429,2,2,4,433
02/18/2005,SMF,CA,AWP,WE,Towers with Radar,294,50,44,8,396,0,0,13,0,13,294,50,57,8,409,34,28,62,471
02/19/2005,SMF,CA,AWP,WE,Towers with Radar,262,33,29,0,324,0,0,3,0,3,262,33,32,0,327,0,0,0,327
02/20/2005,SMF,CA,AWP,WE,Towers with Radar,285,31,20,0,336,0,0,0,0,0,285,31,20,0,336,0,0,0,336
02/21/2005,SMF,CA,AWP,WE,Towers with Radar,306,42,33,0,381,0,0,5,0,5,306,42,38,0,386,4,0,4,390
02/22/2005,SMF,CA,AWP,WE,Towers with Radar,310,43,64,4,421,0,0,15,0,15,310,43,79,4,436,74,4,78,514
02/23/2005,SMF,CA,AWP,WE,Towers with Radar,280,44,44,0,368,0,0,15,0,15,280,44,59,0,383,38,0,38,421
02/24/2005,SMF,CA,AWP,WE,Towers with Radar,288,60,24,0,372,0,0,15,0,15,288,60,39,0,387,14,0,14,401
02/25/2005,SMF,CA,AWP,WE,Towers with Radar,312,52,43,6,413,0,0,15,0,15,312,52,58,6,428,54,8,62,490
02/26/2005,SMF,CA,AWP,WE,Towers with Radar,251,38,46,0,335,0,0,3,0,3,251,38,49,0,338,0,0,0,338
02/27/2005,SMF,CA,AWP,WE,Towers with Radar,287,36,38,0,361,0,0,0,0,0,287,36,38,0,361,0,0,0,361
02/28/2005,SMF,CA,AWP,WE,Towers with Radar,284,43,43,0,370,0,0,5,0,5,284,43,48,0,375,70,6,76,451
03/01/2005,SMF,CA,AWP,WE,Towers with Radar,287,48,44,1,380,0,0,2,0,2,287,48,46,1,382,18,8,26,408
03/02/2005,SMF,CA,AWP,WE,Towers with Radar,273,60,18,0,351,0,0,12,0,12,273,60,30,0,363,38,0,38,401
03/03/2005,SMF,CA,AWP,WE,Towers with Radar,274,62,31,2,369,0,0,39,0,39,274,62,70,2,408,92,4,96,504
03/04/2005,SMF,CA,AWP,WE,Towers with Radar,302,49,28,2,381,0,0,6,0,6,302,49,34,2,387,0,6,6,393
03/05/2005,SMF,CA,AWP,WE,Towers with Radar,244,41,28,0,313,0,0,17,0,17,244,41,45,0,330,24,0,24,354
03/06/2005,SMF,CA,AWP,WE,Towers with Radar,276,39,70,3,388,0,0,0,0,0,276,39,70,3,388,6,10,16,404
03/07/2005,SMF,CA,AWP,WE,Towers with Radar,302,39,79,0,420,0,0,0,0,0,302,39,79,0,420,16,0,16,436
03/08/2005,SMF,CA,AWP,WE,Towers with Radar,278,57,91,3,429,0,0,24,0,24,278,57,115,3,453,62,10,72,525
03/09/2005,SMF,CA,AWP,WE,Towers with Radar,283,42,45,4,374,0,0,12,0,12,283,42,57,4,386,32,6,38,424
03/10/2005,SMF,CA,AWP,WE,Towers with Radar,283,54,49,2,388,0,0,37,0,37,283,54,86,2,425,64,6,70,495
03/11/2005,SMF,CA,AWP,WE,Towers with Radar,284,54,44,4,386,0,0,19,0,19,284,54,63,4,405,14,4,18,423
03/12/2005,SMF,CA,AWP,WE,Towers with Radar,254,75,49,2,380,0,0,19,0,19,254,75,68,2,399,26,0,26,425
03/13/2005,SMF,CA,AWP,WE,Towers with Radar,281,41,59,0,381,0,0,12,0,12,281,41,71,0,393,4,0,4,397
03/14/2005,SMF,CA,AWP,WE,Towers with Radar,308,40,42,4,394,0,0,10,0,10,308,40,52,4,404,36,10,46,450
03/15/2005,SMF,CA,AWP,WE,Towers with Radar,297,46,44,10,397,0,0,10,0,10,297,46,54,10,407,46,16,62,469
03/16/2005,SMF,CA,AWP,WE,Towers with Radar,298,53,77,8,436,0,0,12,0,12,298,53,89,8,448,66,16,82,530
03/17/2005,SMF,CA,AWP,WE,Towers with Radar,309,59,24,24,416,0,0,31,0,31,309,59,55,24,447,12,12,24,471
03/18/2005,SMF,CA,AWP,WE,Towers with Radar,282,61,22,6,371,0,0,14,0,14,282,61,36,6,385,16,10,26,411
03/19/2005,SMF,CA,AWP,WE,Towers with Radar,246,35,25,0,306,0,0,3,0,3,246,35,28,0,309,0,0,0,309
03/20/2005,SMF,CA,AWP,WE,Towers with Radar,264,41,20,0,325,0,0,3,0,3,264,41,23,0,328,6,0,6,334
03/21/2005,SMF,CA,AWP,WE,Towers with Radar,287,39,43,2,371,0,0,6,0,6,287,39,49,2,377,18,4,22,399
03/22/2005,SMF,CA,AWP,WE,Towers with Radar,276,54,23,11,364,0,0,1,0,1,276,54,24,11,365,0,44,44,409
03/23/2005,SMF,CA,AWP,WE,Towers with Radar,279,61,46,4,390,0,0,6,0,6,279,61,52,4,396,2,36,38,434
03/24/2005,SMF,CA,AWP,WE,Towers with Radar,278,49,66,4,397,0,0,20,0,20,278,49,86,4,417,10,0,10,427
03/25/2005,SMF,CA,AWP,WE,Towers with Radar,271,45,34,0,350,0,0,30,0,30,271,45,64,0,380,14,0,14,394
03/26/2005,SMF,CA,AWP,WE,Towers with Radar,245,36,38,0,319,0,0,21,0,21,245,36,59,0,340,6,0,6,346
03/27/2005,SMF,CA,AWP,WE,Towers with Radar,270,20,29,0,319,0,0,18,0,18,270,20,47,0,337,8,0,8,345
03/28/2005,SMF,CA,AWP,WE,Towers with Radar,295,55,66,14,430,0,0,10,0,10,295,55,76,14,440,54,32,86,526
03/29/2005,SMF,CA,AWP,WE,Towers with Radar,325,50,31,6,412,0,0,9,0,9,325,50,40,6,421,42,4,46,467
03/30/2005,SMF,CA,AWP,WE,Towers with Radar,298,50,36,2,386,0,0,25,0,25,298,50,61,2,411,54,0,54,465
03/31/2005,SMF,CA,AWP,WE,Towers with Radar,305,52,28,6,391,0,0,24,0,24,305,52,52,6,415,0,22,22,437
04/01/2005,SMF,CA,AWP,WE,Towers with Radar,302,53,23,8,386,0,0,37,0,37,302,53,60,8,423,18,2,20,443
04/02/2005,SMF,CA,AWP,WE,Towers with Radar,248,28,42,2,320,0,0,15,0,15,248,28,57,2,335,30,6,36,371
04/03/2005,SMF,CA,AWP,WE,Towers with Radar,284,31,29,0,344,0,0,7,0,7,284,31,36,0,351,0,0,0,351
04/04/2005,SMF,CA,AWP,WE,Towers with Radar,306,39,73,0,418,0,0,8,0,8,306,39,81,0,426,26,0,26,452
04/05/2005,SMF,CA,AWP,WE,Towers with Radar,318,51,92,10,471,0,0,22,0,22,318,51,114,10,493,74,10,84,577
04/06/2005,SMF,CA,AWP,WE,Towers with Radar,311,46,54,4,415,0,0,18,0,18,311,46,72,4,433,0,14,14,447
04/07/2005,SMF,CA,AWP,WE,Towers with Radar,302,62,19,2,385,0,0,37,0,37,302,62,56,2,422,24,4,28,450
04/08/2005,SMF,CA,AWP,WE,Towers with Radar,315,43,20,0,378,0,0,20,0,20,315,43,40,0,398,6,0,6,404
04/09/2005,SMF,CA,AWP,WE,Towers with Radar,266,53,32,0,351,0,0,18,0,18,266,53,50,0,369,8,0,8,377
04/10/2005,SMF,CA,AWP,WE,Towers with Radar,289,33,62,4,388,0,0,14,0,14,289,33,76,4,402,44,0,44,446
04/11/2005,SMF,CA,AWP,WE,Towers with Radar,288,43,46,0,377,0,0,13,0,13,288,43,59,0,390,28,0,28,418
04/12/2005,SMF,CA,AWP,WE,Towers with Radar,299,57,66,10,432,0,0,0,0,0,299,57,66,10,432,67,22,89,521
04/13/2005,SMF,CA,AWP,WE,Towers with Radar,287,53,56,10,406,0,0,0,0,0,287,53,56,10,406,28,8,36,442
04/14/2005,SMF,CA,AWP,WE,Towers with Radar,283,56,37,0,376,0,0,23,0,23,283,56,60,0,399,10,0,10,409
04/15/2005,SMF,CA,AWP,WE,Towers with Radar,290,43,41,0,374,0,0,43,0,43,290,43,84,0,417,6,0,6,423
04/16/2005,SMF,CA,AWP,WE,Towers with Radar,257,49,35,0,341,0,0,11,0,11,257,49,46,0,352,0,0,0,352
04/17/2005,SMF,CA,AWP,WE,Towers with Radar,289,38,37,0,364,0,0,4,0,4,289,38,41,0,368,10,0,10,378
04/18/2005,SMF,CA,AWP,WE,Towers with Radar,307,55,41,0,403,0,0,11,0,11,307,55,52,0,414,18,0,18,432
04/19/2005,SMF,CA,AWP,WE,Towers with Radar,334,66,55,6,461,0,0,24,0,24,334,66,79,6,485,52,10,62,547
04/20/2005,SMF,CA,AWP,WE,Towers with Radar,300,58,81,0,439,0,0,5,0,5,300,58,86,0,444,40,0,40,484
04/21/2005,SMF,CA,AWP,WE,Towers with Radar,293,45,60,2,400,0,0,18,0,18,293,45,78,2,418,52,8,60,478
04/22/2005,SMF,CA,AWP,WE,Towers with Radar,286,54,59,0,399,0,0,2,0,2,286,54,61,0,401,56,0,56,457
04/23/2005,SMF,CA,AWP,WE,Towers with Radar,282,55,2,0,339,0,0,23,0,23,282,55,25,0,362,22,0,22,384
04/24/2005,SMF,CA,AWP,WE,Towers with Radar,304,40,38,0,382,0,0,5,0,5,304,40,43,0,387,16,0,16,403
04/25/2005,SMF,CA,AWP,WE,Towers with Radar,298,53,99,2,452,0,0,16,0,16,298,53,115,2,468,186,0,186,654
04/26/2005,SMF,CA,AWP,WE,Towers with Radar,311,41,97,0,449,0,0,18,0,18,311,41,115,0,467,130,0,130,597
04/27/2005,SMF,CA,AWP,WE,Towers with Radar,276,43,58,18,395,0,0,24,0,24,276,43,82,18,419,40,18,58,477
04/28/2005,SMF,CA,AWP,WE,Towers with Radar,298,54,51,10,413,0,0,27,0,27,298,54,78,10,440,16,2,18,458
04/29/2005,SMF,CA,AWP,WE,Towers with Radar,284,59,45,10,398,0,0,41,0,41,284,59,86,10,439,46,2,48,487
04/30/2005,SMF,CA,AWP,WE,Towers with Radar,259,42,46,0,347,0,0,16,0,16,259,42,62,0,363,106,0,106,469
05/01/2005,SMF,CA,AWP,WE,Towers with Radar,312,35,42,6,395,0,0,3,0,3,312,35,45,6,398,6,0,6,404
05/02/2005,SMF,CA,AWP,WE,Towers with Radar,296,45,49,0,390,0,0,12,0,12,296,45,61,0,402,28,0,28,430
05/03/2005,SMF,CA,AWP,WE,Towers with Radar,299,55,78,2,434,0,0,9,0,9,299,55,87,2,443,55,87,142,585
05/04/2005,SMF,CA,AWP,WE,Towers with Radar,300,55,35,14,404,0,0,19,0,19,300,55,54,14,423,6,36,42,465
05/05/2005,SMF,CA,AWP,WE,Towers with Radar,301,66,52,8,427,0,0,10,0,10,301,66,62,8,437,58,8,66,503
05/06/2005,SMF,CA,AWP,WE,Towers with Radar,318,55,55,0,428,0,0,23,0,23,318,55,78,0,451,52,1,53,504
05/07/2005,SMF,CA,AWP,WE,Towers with Radar,261,31,58,0,350,0,0,16,0,16,261,31,74,0,366,66,0,66,432
05/08/2005,SMF,CA,AWP,WE,Towers with Radar,276,24,12,0,312,0,0,1,0,1,276,24,13,0,313,0,0,0,313
05/09/2005,SMF,CA,AWP,WE,Towers with Radar,293,51,38,0,382,0,0,0,0,0,293,51,38,0,382,42,0,42,424
05/10/2005,SMF,CA,AWP,WE,Towers with Radar,309,50,71,6,436,0,0,9,0,9,309,50,80,6,445,100,16,116,561
05/11/2005,SMF,CA,AWP,WE,Towers with Radar,290,46,75,6,417,0,0,0,0,0,290,46,75,6,417,40,2,42,459
05/12/2005,SMF,CA,AWP,WE,Towers with Radar,305,54,23,6,388,0,0,44,0,44,305,54,67,6,432,52,4,56,488
05/13/2005,SMF,CA,AWP,WE,Towers with Radar,318,62,19,0,399,0,0,40,0,40,318,62,59,0,439,30,0,30,469
05/14/2005,SMF,CA,AWP,WE,Towers with Radar,260,34,47,0,341,0,0,11,0,11,260,34,58,0,352,126,0,126,478
05/15/2005,SMF,CA,AWP,WE,Towers with Radar,296,32,37,0,365,0,0,6,0,6,296,32,43,0,371,12,0,12,383
05/16/2005,SMF,CA,AWP,WE,Towers with Radar,310,66,70,4,450,0,0,2,0,2,310,66,72,4,452,206,6,212,664
05/17/2005,SMF,CA,AWP,WE,Towers with Radar,305,52,54,8,419,0,0,3,0,3,305,52,57,8,422,94,4,98,520
05/18/2005,SMF,CA,AWP,WE,Towers with Radar,275,51,38,6,370,0,0,1,0,1,275,51,39,6,371,8,8,16,387
05/19/2005,SMF,CA,AWP,WE,Towers with Radar,286,54,40,4,384,0,0,21,0,21,286,54,61,4,405,6,10,16,421
05/20/2005,SMF,CA,AWP,WE,Towers with Radar,305,49,32,4,390,0,0,32,0,32,305,49,64,4,422,22,0,22,444
05/21/2005,SMF,CA,AWP,WE,Towers with Radar,278,48,35,0,361,0,0,19,0,19,278,48,54,0,380,16,0,16,396
05/22/2005,SMF,CA,AWP,WE,Towers with Radar,303,30,21,0,354,0,0,23,0,23,303,30,44,0,377,26,0,26,403
05/23/2005,SMF,CA,AWP,WE,Towers with Radar,292,48,67,2,409,0,0,11,0,11,292,48,78,2,420,126,0,126,546
05/24/2005,SMF,CA,AWP,WE,Towers with Radar,309,53,61,4,427,0,0,13,0,13,309,53,74,4,440,162,16,178,618
05/25/2005,SMF,CA,AWP,WE,Towers with Radar,325,54,56,2,437,0,0,17,0,17,325,54,73,2,454,16,0,16,470
05/26/2005,SMF,CA,AWP,WE,Towers with Radar,283,50,37,0,370,0,0,18,0,18,283,50,55,0,388,2,0,2,390
05/27/2005,SMF,CA,AWP,WE,Towers with Radar,282,43,85,2,412,0,0,7,0,7,282,43,92,2,419,32,0,32,451
05/28/2005,SMF,CA,AWP,WE,Towers with Radar,259,39,10,0,308,0,0,33,0,33,259,39,43,0,341,16,0,16,357
05/29/2005,SMF,CA,AWP,WE,Towers with Radar,259,25,25,0,309,0,0,11,0,11,259,25,36,0,320,30,0,30,350
05/30/2005,SMF,CA,AWP,WE,Towers with Radar,279,36,36,0,351,0,0,10,0,10,279,36,46,0,361,18,0,18,379
05/31/2005,SMF,CA,AWP,WE,Towers with Radar,289,43,54,14,400,0,0,40,0,40,289,43,94,14,440,40,30,70,510
06/01/2005,SMF,CA,AWP,WE,Towers with Radar,291,50,49,0,390,0,0,5,0,5,291,50,54,0,395,36,0,36,431
06/02/2005,SMF,CA,AWP,WE,Towers with Radar,294,47,29,4,374,0,0,27,0,27,294,47,56,4,401,24,4,28,429
06/03/2005,SMF,CA,AWP,WE,Towers with Radar,315,55,20,4,394,0,0,35,0,35,315,55,55,4,429,0,0,0,429
06/04/2005,SMF,CA,AWP,WE,Towers with Radar,266,40,44,0,350,0,0,19,0,19,266,40,63,0,369,74,0,74,443
06/05/2005,SMF,CA,AWP,WE,Towers with Radar,298,30,25,0,353,0,0,10,0,10,298,30,35,0,363,6,0,6,369
06/06/2005,SMF,CA,AWP,WE,Towers with Radar,303,36,54,1,394,0,0,22,0,22,303,36,76,1,416,68,8,76,492
06/07/2005,SMF,CA,AWP,WE,Towers with Radar,309,62,58,4,433,0,0,14,0,14,309,62,72,4,447,116,12,128,575
06/08/2005,SMF,CA,AWP,WE,Towers with Radar,300,58,29,4,391,0,0,7,0,7,300,58,36,4,398,2,10,12,410
06/09/2005,SMF,CA,AWP,WE,Towers with Radar,319,67,41,6,433,0,0,32,0,32,319,67,73,6,465,60,10,70,535
06/10/2005,SMF,CA,AWP,WE,Towers with Radar,301,47,44,4,396,0,0,18,0,18,301,47,62,4,414,48,0,48,462
06/11/2005,SMF,CA,AWP,WE,Towers with Radar,291,46,44,0,381,0,0,11,0,11,291,46,55,0,392,120,0,120,512
06/12/2005,SMF,CA,AWP,WE,Towers with Radar,300,31,49,0,380,0,0,13,0,13,300,31,62,0,393,0,0,0,393
06/13/2005,SMF,CA,AWP,WE,Towers with Radar,302,46,61,6,415,0,0,23,0,23,302,46,84,6,438,36,26,62,500
06/14/2005,SMF,CA,AWP,WE,Towers with Radar,320,46,83,4,453,0,0,3,0,3,320,46,86,4,456,104,0,104,560
06/15/2005,SMF,CA,AWP,WE,Towers with Radar,327,62,52,2,443,0,0,17,0,17,327,62,69,2,460,100,4,104,564
06/16/2005,SMF,CA,AWP,WE,Towers with Radar,350,59,37,2,448,0,0,14,0,14,350,59,51,2,462,4,10,14,476
06/17/2005,SMF,CA,AWP,WE,Towers with Radar,333,56,50,4,443,0,0,29,0,29,333,56,79,4,472,106,0,106,578
06/18/2005,SMF,CA,AWP,WE,Towers with Radar,302,56,63,0,421,0,0,8,0,8,302,56,71,0,429,102,0,102,531
06/19/2005,SMF,CA,AWP,WE,Towers with Radar,284,29,48,0,361,0,0,23,0,23,284,29,71,0,384,36,0,36,420
06/20/2005,SMF,CA,AWP,WE,Towers with Radar,290,42,47,4,383,0,0,23,0,23,290,42,70,4,406,194,8,202,608
06/21/2005,SMF,CA,AWP,WE,Towers with Radar,307,54,103,0,464,0,0,15,0,15,307,54,118,0,479,208,0,208,687
06/22/2005,SMF,CA,AWP,WE,Towers with Radar,308,60,61,0,429,0,0,41,0,41,308,60,102,0,470,44,0,44,514
06/23/2005,SMF,CA,AWP,WE,Towers with Radar,301,46,54,2,403,0,0,19,0,19,301,46,73,2,422,10,8,18,440
06/24/2005,SMF,CA,AWP,WE,Towers with Radar,332,56,29,2,419,0,0,43,0,43,332,56,72,2,462,42,6,48,510
06/25/2005,SMF,CA,AWP,WE,Towers with Radar,302,42,30,0,374,0,0,24,0,24,302,42,54,0,398,64,0,64,462
06/26/2005,SMF,CA,AWP,WE,Towers with Radar,315,40,60,6,421,0,0,10,0,10,315,40,70,6,431,26,4,30,461
06/27/2005,SMF,CA,AWP,WE,Towers with Radar,289,41,27,12,369,0,0,29,0,29,289,41,56,12,398,94,34,128,526
06/28/2005,SMF,CA,AWP,WE,Towers with Radar,315,63,71,6,455,0,0,24,0,24,315,63,95,6,479,78,10,88,567
06/29/2005,SMF,CA,AWP,WE,Towers with Radar,300,48,33,11,392,0,0,41,0,41,300,48,74,11,433,28,42,70,503
06/30/2005,SMF,CA,AWP,WE,Towers with Radar,276,50,51,3,380,0,0,38,0,38,276,50,89,3,418,50,28,78,496
07/01/2005,SMF,CA,AWP,WE,Towers with Radar,319,54,49,0,422,0,0,66,0,66,319,54,115,0,488,72,0,72,560
07/02/2005,SMF,CA,AWP,WE,Towers with Radar,278,24,36,0,338,0,0,28,0,28,278,24,64,0,366,6,0,6,372
07/03/2005,SMF,CA,AWP,WE,Towers with Radar,249,15,24,0,288,0,0,9,0,9,249,15,33,0,297,56,0,56,353
07/04/2005,SMF,CA,AWP,WE,Towers with Radar,274,28,21,2,325,0,0,1,0,1,274,28,22,2,326,2,2,4,330
07/05/2005,SMF,CA,AWP,WE,Towers with Radar,339,58,38,22,457,0,0,24,0,24,339,58,62,22,481,26,12,38,519
07/06/2005,SMF,CA,AWP,WE,Towers with Radar,306,41,81,2,430,0,0,0,0,0,306,41,81,2,430,28,2,30,460
07/07/2005,SMF,CA,AWP,WE,Towers with Radar,327,45,47,0,419,0,0,35,0,35,327,45,82,0,454,16,0,16,470
07/08/2005,SMF,CA,AWP,WE,Towers with Radar,309,53,55,0,417,0,0,20,0,20,309,53,75,0,437,10,0,10,447
07/09/2005,SMF,CA,AWP,WE,Towers with Radar,292,48,42,0,382,0,0,5,0,5,292,48,47,0,387,62,0,62,449
07/10/2005,SMF,CA,AWP,WE,Towers with Radar,333,45,35,0,413,0,0,17,0,17,333,45,52,0,430,24,0,24,454
07/11/2005,SMF,CA,AWP,WE,Towers with Radar,292,37,32,4,365,0,0,38,0,38,292,37,70,4,403,72,0,72,475
07/12/2005,SMF,CA,AWP,WE,Towers with Radar,323,47,78,4,452,0,0,13,0,13,323,47,91,4,465,188,14,202,667
07/13/2005,SMF,CA,AWP,WE,Towers with Radar,285,50,43,4,382,0,0,49,0,49,285,50,92,4,431,116,6,122,553
07/14/2005,SMF,CA,AWP,WE,Towers with Radar,318,44,31,2,395,0,0,44,0,44,318,44,75,2,439,76,4,80,519
07/15/2005,SMF,CA,AWP,WE,Towers with Radar,315,54,58,0,427,0,0,15,0,15,315,54,73,0,442,46,0,46,488
07/16/2005,SMF,CA,AWP,WE,Towers with Radar,337,57,31,0,425,0,0,37,0,37,337,57,68,0,462,264,0,264,726
07/17/2005,SMF,CA,AWP,WE,Towers with Radar,335,47,39,0,421,0,0,41,0,41,335,47,80,0,462,237,0,237,699
07/18/2005,SMF,CA,AWP,WE,Towers with Radar,292,47,34,8,381,0,0,24,0,24,292,47,58,8,405,76,10,86,491
07/19/2005,SMF,CA,AWP,WE,Towers with Radar,307,51,86,4,448,0,0,16,0,16,307,51,102,4,464,82,8,90,554
07/20/2005,SMF,CA,AWP,WE,Towers with Radar,294,55,26,8,383,0,0,26,0,26,294,55,52,8,409,18,0,18,427
07/21/2005,SMF,CA,AWP,WE,Towers with Radar,324,55,50,0,429,0,0,48,0,48,324,55,98,0,477,0,0,0,477
07/22/2005,SMF,CA,AWP,WE,Towers with Radar,334,58,50,0,442,0,0,31,0,31,334,58,81,0,473,28,0,28,501
07/23/2005,SMF,CA,AWP,WE,Towers with Radar,303,41,44,0,388,0,0,26,0,26,303,41,70,0,414,220,0,220,634
07/24/2005,SMF,CA,AWP,WE,Towers with Radar,331,37,42,0,410,0,0,22,0,22,331,37,64,0,432,150,0,150,582
07/25/2005,SMF,CA,AWP,WE,Towers with Radar,301,42,26,0,369,0,0,27,0,27,301,42,53,0,396,82,0,82,478
07/26/2005,SMF,CA,AWP,WE,Towers with Radar,305,49,48,0,402,0,0,11,0,11,305,49,59,0,413,210,0,210,623
07/27/2005,SMF,CA,AWP,WE,Towers with Radar,288,54,61,0,403,0,0,20,0,20,288,54,81,0,423,0,0,0,423
07/28/2005,SMF,CA,AWP,WE,Towers with Radar,332,57,56,2,447,0,0,21,0,21,332,57,77,2,468,2,0,2,470
07/29/2005,SMF,CA,AWP,WE,Towers with Radar,338,55,51,4,448,0,0,33,0,33,338,55,84,4,481,20,0,20,501
07/30/2005,SMF,CA,AWP,WE,Towers with Radar,306,39,37,0,382,0,0,16,0,16,306,39,53,0,398,56,0,56,454
07/31/2005,SMF,CA,AWP,WE,Towers with Radar,303,36,27,0,366,0,0,23,0,23,303,36,50,0,389,30,0,30,419
08/01/2005,SMF,CA,AWP,WE,Towers with Radar,309,48,30,6,393,0,0,25,0,25,309,48,55,6,418,106,16,122,540
08/02/2005,SMF,CA,AWP,WE,Towers with Radar,300,49,55,0,404,0,0,10,0,10,300,49,65,0,414,98,0,98,512
08/03/2005,SMF,CA,AWP,WE,Towers with Radar,301,48,51,2,402,0,0,16,0,16,301,48,67,2,418,14,0,14,432
08/04/2005,SMF,CA,AWP,WE,Towers with Radar,327,60,49,4,440,0,0,42,0,42,327,60,91,4,482,46,10,56,538
08/05/2005,SMF,CA,AWP,WE,Towers with Radar,319,37,40,2,398,0,0,26,0,26,319,37,66,2,424,26,0,26,450
08/06/2005,SMF,CA,AWP,WE,Towers with Radar,313,33,14,0,360,0,0,30,0,30,313,33,44,0,390,10,0,10,400
08/07/2005,SMF,CA,AWP,WE,Towers with Radar,298,35,21,0,354,0,0,40,0,40,298,35,61,0,394,10,0,10,404
08/08/2005,SMF,CA,AWP,WE,Towers with Radar,312,51,26,0,389,0,0,46,0,46,312,51,72,0,435,38,0,38,473
08/09/2005,SMF,CA,AWP,WE,Towers with Radar,317,53,45,0,415,0,0,19,0,19,317,53,64,0,434,64,0,64,498
08/10/2005,SMF,CA,AWP,WE,Towers with Radar,304,61,52,9,426,0,0,12,0,12,304,61,64,9,438,12,12,24,462
08/11/2005,SMF,CA,AWP,WE,Towers with Radar,316,59,13,0,388,0,0,29,0,29,316,59,42,0,417,6,0,6,423
08/12/2005,SMF,CA,AWP,WE,Towers with Radar,317,63,23,2,405,0,0,28,0,28,317,63,51,2,433,12,14,26,459
08/13/2005,SMF,CA,AWP,WE,Towers with Radar,312,39,43,0,394,0,0,15,0,15,312,39,58,0,409,114,0,114,523
08/14/2005,SMF,CA,AWP,WE,Towers with Radar,326,53,32,0,411,0,0,24,0,24,326,53,56,0,435,148,0,148,583
08/15/2005,SMF,CA,AWP,WE,Towers with Radar,327,51,56,9,443,0,0,27,0,27,327,51,83,9,470,182,12,194,664
08/16/2005,SMF,CA,AWP,WE,Towers with Radar,309,63,84,14,470,0,0,3,0,3,309,63,87,14,473,174,8,182,655
08/17/2005,SMF,CA,AWP,WE,Towers with Radar,319,62,34,8,423,0,0,34,0,34,319,62,68,8,457,28,12,40,497
08/18/2005,SMF,CA,AWP,WE,Towers with Radar,305,49,48,3,405,0,0,32,0,32,305,49,80,3,437,6,0,6,443
08/19/2005,SMF,CA,AWP,WE,Towers with Radar,295,47,48,0,390,0,0,11,0,11,295,47,59,0,401,18,0,18,419
08/20/2005,SMF,CA,AWP,WE,Towers with Radar,291,43,46,0,380,0,0,21,0,21,291,43,67,0,401,162,0,162,563
08/21/2005,SMF,CA,AWP,WE,Towers with Radar,317,44,43,0,404,0,0,20,0,20,317,44,63,0,424,134,0,134,558
08/22/2005,SMF,CA,AWP,WE,Towers with Radar,329,60,75,10,474,0,0,21,0,21,329,60,96,10,495,100,0,100,595
08/23/2005,SMF,CA,AWP,WE,Towers with Radar,328,72,62,6,468,0,0,37,0,37,328,72,99,6,505,220,6,226,731
08/24/2005,SMF,CA,AWP,WE,Towers with Radar,322,80,45,0,447,0,0,16,0,16,322,80,61,0,463,54,0,54,517
08/25/2005,SMF,CA,AWP,WE,Towers with Radar,352,63,37,2,454,0,0,26,0,26,352,63,63,2,480,64,10,74,554
08/26/2005,SMF,CA,AWP,WE,Towers with Radar,320,70,35,0,425,0,0,24,5,29,320,70,59,5,454,20,6,26,480
08/27/2005,SMF,CA,AWP,WE,Towers with Radar,316,51,28,1,396,0,0,20,0,20,316,51,48,1,416,118,0,118,534
08/28/2005,SMF,CA,AWP,WE,Towers with Radar,337,53,57,0,447,0,0,28,0,28,337,53,85,0,475,156,0,156,631
08/29/2005,SMF,CA,AWP,WE,Towers with Radar,324,63,35,4,426,0,0,35,0,35,324,63,70,4,461,220,8,228,689
08/30/2005,SMF,CA,AWP,WE,Towers with Radar,353,59,63,0,475,0,0,10,0,10,353,59,73,0,485,28,0,28,513
08/31/2005,SMF,CA,AWP,WE,Towers with Radar,334,67,68,6,475,0,0,23,0,23,334,67,91,6,498,166,6,172,670
09/01/2005,SMF,CA,AWP,WE,Towers with Radar,349,58,40,0,447,0,0,28,0,28,349,58,68,0,475,0,0,0,475
09/02/2005,SMF,CA,AWP,WE,Towers with Radar,325,69,0,0,394,0,0,72,0,72,325,69,72,0,466,60,0,60,526
09/03/2005,SMF,CA,AWP,WE,Towers with Radar,305,45,29,0,379,0,0,18,0,18,305,45,47,0,397,58,0,58,455
09/04/2005,SMF,CA,AWP,WE,Towers with Radar,264,40,18,0,322,0,0,10,0,10,264,40,28,0,332,64,0,64,396
09/05/2005,SMF,CA,AWP,WE,Towers with Radar,318,39,47,0,404,0,0,15,0,15,318,39,62,0,419,60,0,60,479
09/06/2005,SMF,CA,AWP,WE,Towers with Radar,314,57,67,20,458,0,0,10,0,10,314,57,77,20,468,144,10,154,622
09/07/2005,SMF,CA,AWP,WE,Towers with Radar,301,58,35,2,396,0,0,22,0,22,301,58,57,2,418,34,0,34,452
09/08/2005,SMF,CA,AWP,WE,Towers with Radar,318,65,40,2,425,0,0,33,0,33,318,65,73,2,458,34,4,38,496
09/09/2005,SMF,CA,AWP,WE,Towers with Radar,290,57,55,0,402,0,0,20,0,20,290,57,75,0,422,92,0,92,514
09/10/2005,SMF,CA,AWP,WE,Towers with Radar,306,54,23,0,383,0,0,11,0,11,306,54,34,0,394,40,0,40,434
09/11/2005,SMF,CA,AWP,WE,Towers with Radar,314,47,29,0,390,0,0,6,0,6,314,47,35,0,396,66,0,66,462
09/12/2005,SMF,CA,AWP,WE,Towers with Radar,307,51,70,2,430,0,0,15,0,15,307,51,85,2,445,204,6,210,655
09/13/2005,SMF,CA,AWP,WE,Towers with Radar,324,66,38,6,434,0,0,38,0,38,324,66,76,6,472,126,6,132,604
09/14/2005,SMF,CA,AWP,WE,Towers with Radar,308,62,62,0,432,0,0,7,0,7,308,62,69,0,439,26,0,26,465
09/15/2005,SMF,CA,AWP,WE,Towers with Radar,296,75,66,2,439,0,0,16,0,16,296,75,82,2,455,64,6,70,525
09/16/2005,SMF,CA,AWP,WE,Towers with Radar,293,57,35,4,389,0,0,37,0,37,293,57,72,4,426,94,6,100,526
09/17/2005,SMF,CA,AWP,WE,Towers with Radar,277,41,38,0,356,0,0,13,0,13,277,41,51,0,369,38,0,38,407
09/18/2005,SMF,CA,AWP,WE,Towers with Radar,326,55,63,0,444,0,0,20,0,20,326,55,83,0,464,26,0,26,490
09/19/2005,SMF,CA,AWP,WE,Towers with Radar,304,63,44,14,425,0,0,22,0,22,304,63,66,14,447,158,26,184,631
09/20/2005,SMF,CA,AWP,WE,Towers with Radar,286,55,72,4,417,0,0,12,0,12,286,55,84,4,429,22,16,38,467
09/21/2005,SMF,CA,AWP,WE,Towers with Radar,284,62,42,6,394,0,0,17,0,17,284,62,59,6,411,14,12,26,437
09/22/2005,SMF,CA,AWP,WE,Towers with Radar,336,62,43,0,441,0,0,27,0,27,336,62,70,0,468,34,0,34,502
09/23/2005,SMF,CA,AWP,WE,Towers with Radar,300,56,33,2,391,0,0,20,0,20,300,56,53,2,411,67,8,75,486
09/24/2005,SMF,CA,AWP,WE,Towers with Radar,269,49,38,0,356,0,0,8,0,8,269,49,46,0,364,10,0,10,374
09/25/2005,SMF,CA,AWP,WE,Towers with Radar,322,48,38,0,408,0,0,20,0,20,322,48,58,0,428,8,0,8,436
09/26/2005,SMF,CA,AWP,WE,Towers with Radar,308,62,48,14,432,0,0,35,0,35,308,62,83,14,467,94,2,96,563
09/27/2005,SMF,CA,AWP,WE,Towers with Radar,319,79,82,4,484,0,0,11,0,11,319,79,93,4,495,138,2,140,635
09/28/2005,SMF,CA,AWP,WE,Towers with Radar,292,69,50,2,413,0,0,24,0,24,292,69,74,2,437,20,0,20,457
09/29/2005,SMF,CA,AWP,WE,Towers with Radar,317,75,59,0,451,0,0,31,0,31,317,75,90,0,482,26,0,26,508
09/30/2005,SMF,CA,AWP,WE,Towers with Radar,325,52,24,0,401,0,0,44,0,44,325,52,68,0,445,28,0,28,473
10/01/2005,SMF,CA,AWP,WE,Towers with Radar,268,33,18,0,319,0,0,16,0,16,268,33,34,0,335,26,0,26,361
10/02/2005,SMF,CA,AWP,WE,Towers with Radar,339,33,32,0,404,0,0,16,0,16,339,33,48,0,420,0,0,0,420
10/03/2005,SMF,CA,AWP,WE,Towers with Radar,336,63,34,0,433,0,0,46,0,46,336,63,80,0,479,76,0,76,555
10/04/2005,SMF,CA,AWP,WE,Towers with Radar,329,63,61,2,455,0,0,20,0,20,329,63,81,2,475,58,0,58,533
10/05/2005,SMF,CA,AWP,WE,Towers with Radar,307,68,35,2,412,0,0,14,0,14,307,68,49,2,426,2,6,8,434
10/06/2005,SMF,CA,AWP,WE,Towers with Radar,295,61,32,18,406,0,0,26,0,26,295,61,58,18,432,16,14,30,462
10/07/2005,SMF,CA,AWP,WE,Towers with Radar,298,50,24,2,374,0,0,31,0,31,298,50,55,2,405,12,0,12,417
10/08/2005,SMF,CA,AWP,WE,Towers with Radar,272,43,47,0,362,0,0,12,0,12,272,43,59,0,374,24,0,24,398
10/09/2005,SMF,CA,AWP,WE,Towers with Radar,316,45,57,0,418,0,0,6,0,6,316,45,63,0,424,4,0,4,428
10/10/2005,SMF,CA,AWP,WE,Towers with Radar,295,48,58,0,401,0,0,20,0,20,295,48,78,0,421,172,0,172,593
10/11/2005,SMF,CA,AWP,WE,Towers with Radar,333,78,47,0,458,0,0,33,0,33,333,78,80,0,491,90,0,90,581
10/12/2005,SMF,CA,AWP,WE,Towers with Radar,315,76,44,10,445,0,0,42,0,42,315,76,86,10,487,42,28,70,557
10/13/2005,SMF,CA,AWP,WE,Towers with Radar,291,67,73,6,437,0,0,0,0,0,291,67,73,6,437,22,18,40,477
10/14/2005,SMF,CA,AWP,WE,Towers with Radar,289,60,28,0,377,0,0,43,0,43,289,60,71,0,420,22,0,22,442
10/15/2005,SMF,CA,AWP,WE,Towers with Radar,264,48,17,0,329,0,0,12,0,12,264,48,29,0,341,6,0,6,347
10/16/2005,SMF,CA,AWP,WE,Towers with Radar,328,45,41,0,414,0,0,15,0,15,328,45,56,0,429,6,0,6,435
10/17/2005,SMF,CA,AWP,WE,Towers with Radar,332,68,35,4,439,0,0,37,0,37,332,68,72,4,476,18,16,34,510
10/18/2005,SMF,CA,AWP,WE,Towers with Radar,323,54,48,2,427,0,0,15,0,15,323,54,63,2,442,16,4,20,462
10/19/2005,SMF,CA,AWP,WE,Towers with Radar,321,62,46,2,431,0,0,21,0,21,321,62,67,2,452,20,0,20,472
10/20/2005,SMF,CA,AWP,WE,Towers with Radar,303,61,41,6,411,0,0,31,0,31,303,61,72,6,442,18,6,24,466
10/21/2005,SMF,CA,AWP,WE,Towers with Radar,292,77,30,0,399,0,0,33,0,33,292,77,63,0,432,4,0,4,436
10/22/2005,SMF,CA,AWP,WE,Towers with Radar,264,54,50,0,368,0,0,12,0,12,264,54,62,0,380,26,0,26,406
10/23/2005,SMF,CA,AWP,WE,Towers with Radar,333,44,29,0,406,0,0,23,0,23,333,44,52,0,429,68,0,68,497
10/24/2005,SMF,CA,AWP,WE,Towers with Radar,311,61,61,12,445,0,0,24,0,24,311,61,85,12,469,66,30,96,565
10/25/2005,SMF,CA,AWP,WE,Towers with Radar,317,79,63,16,475,0,0,35,0,35,317,79,98,16,510,94,38,132,642
10/26/2005,SMF,CA,AWP,WE,Towers with Radar,309,40,30,4,383,0,0,8,0,8,309,40,38,4,391,8,8,16,407
10/27/2005,SMF,CA,AWP,WE,Towers with Radar,295,69,34,18,416,0,0,18,0,18,295,69,52,18,434,36,4,40,474
10/28/2005,SMF,CA,AWP,WE,Towers with Radar,287,65,27,32,411,0,0,16,0,16,287,65,43,32,427,12,26,38,465
10/29/2005,SMF,CA,AWP,WE,Towers with Radar,261,48,39,0,348,0,0,5,0,5,261,48,44,0,353,16,0,16,369
10/30/2005,SMF,CA,AWP,WE,Towers with Radar,315,48,40,0,403,0,0,8,0,8,315,48,48,0,411,30,0,30,441
10/31/2005,SMF,CA,AWP,WE,Towers with Radar,294,48,34,0,376,0,0,11,0,11,294,48,45,0,387,36,0,36,423
11/01/2005,SMF,CA,AWP,WE,Towers with Radar,308,67,59,8,442,0,0,53,0,53,308,67,112,8,495,70,0,70,565
11/02/2005,SMF,CA,AWP,WE,Towers with Radar,293,66,25,0,384,0,0,39,0,39,293,66,64,0,423,10,0,10,433
11/03/2005,SMF,CA,AWP,WE,Towers with Radar,322,58,39,11,430,0,0,32,0,32,322,58,71,11,462,78,16,94,556
11/04/2005,SMF,CA,AWP,WE,Towers with Radar,308,79,20,0,407,0,0,32,0,32,308,79,52,0,439,12,0,12,451
11/05/2005,SMF,CA,AWP,WE,Towers with Radar,258,44,34,0,336,0,0,14,0,14,258,44,48,0,350,16,0,16,366
11/06/2005,SMF,CA,AWP,WE,Towers with Radar,303,40,44,0,387,0,0,7,0,7,303,40,51,0,394,14,0,14,408
11/07/2005,SMF,CA,AWP,WE,Towers with Radar,304,60,46,0,410,0,0,9,0,9,304,60,55,0,419,14,0,14,433
11/08/2005,SMF,CA,AWP,WE,Towers with Radar,324,59,63,2,448,0,0,11,0,11,324,59,74,2,459,66,6,72,531
11/09/2005,SMF,CA,AWP,WE,Towers with Radar,303,61,52,0,416,0,0,33,0,33,303,61,85,0,449,46,0,46,495
11/10/2005,SMF,CA,AWP,WE,Towers with Radar,311,74,20,6,411,0,0,37,0,37,311,74,57,6,448,32,10,42,490
11/11/2005,SMF,CA,AWP,WE,Towers with Radar,291,62,35,0,388,0,0,24,0,24,291,62,59,0,412,10,0,10,422
11/12/2005,SMF,CA,AWP,WE,Towers with Radar,252,40,28,2,322,0,0,7,0,7,252,40,35,2,329,16,2,18,347
11/13/2005,SMF,CA,AWP,WE,Towers with Radar,353,56,62,0,471,0,0,15,0,15,353,56,77,0,486,12,0,12,498
11/14/2005,SMF,CA,AWP,WE,Towers with Radar,357,73,32,8,470,0,0,41,0,41,357,73,73,8,511,140,0,140,651
11/15/2005,SMF,CA,AWP,WE,Towers with Radar,318,74,61,2,455,0,0,34,0,34,318,74,95,2,489,46,4,50,539
11/16/2005,SMF,CA,AWP,WE,Towers with Radar,297,59,20,4,380,0,0,44,0,44,297,59,64,4,424,8,6,14,438
11/17/2005,SMF,CA,AWP,WE,Towers with Radar,296,49,35,2,382,0,0,28,0,28,296,49,63,2,410,84,8,92,502
11/18/2005,SMF,CA,AWP,WE,Towers with Radar,301,82,24,6,413,0,0,45,0,45,301,82,69,6,458,12,80,92,550
11/19/2005,SMF,CA,AWP,WE,Towers with Radar,274,31,42,1,348,0,0,32,0,32,274,31,74,1,380,14,0,14,394
11/20/2005,SMF,CA,AWP,WE,Towers with Radar,334,56,38,0,428,0,0,16,0,16,334,56,54,0,444,34,0,34,478
11/21/2005,SMF,CA,AWP,WE,Towers with Radar,346,43,65,12,466,0,0,34,0,34,346,43,99,12,500,145,28,173,673
11/22/2005,SMF,CA,AWP,WE,Towers with Radar,333,73,36,6,448,0,0,28,0,28,333,73,64,6,476,108,12,120,596
11/23/2005,SMF,CA,AWP,WE,Towers with Radar,334,77,37,0,448,0,0,36,0,36,334,77,73,0,484,108,0,108,592
11/24/2005,SMF,CA,AWP,WE,Towers with Radar,222,33,6,0,261,0,0,18,0,18,222,33,24,0,279,0,0,0,279
11/25/2005,SMF,CA,AWP,WE,Towers with Radar,261,46,22,0,329,0,0,6,0,6,261,46,28,0,335,0,0,0,335
11/26/2005,SMF,CA,AWP,WE,Towers with Radar,273,42,26,0,341,0,0,23,0,23,273,42,49,0,364,8,0,8,372
11/27/2005,SMF,CA,AWP,WE,Towers with Radar,365,37,32,0,434,0,0,17,0,17,365,37,49,0,451,36,0,36,487
11/28/2005,SMF,CA,AWP,WE,Towers with Radar,320,63,51,4,438,0,0,13,0,13,320,63,64,4,451,16,0,16,467
11/29/2005,SMF,CA,AWP,WE,Towers with Radar,335,70,43,2,450,0,0,0,0,0,335,70,43,2,450,6,0,6,456
11/30/2005,SMF,CA,AWP,WE,Towers with Radar,313,70,31,2,416,0,0,8,0,8,313,70,39,2,424,36,0,36,460
12/01/2005,SMF,CA,AWP,WE,Towers with Radar,326,60,21,12,419,0,0,8,0,8,326,60,29,12,427,2,0,2,429
12/02/2005,SMF,CA,AWP,WE,Towers with Radar,283,69,35,4,391,0,0,29,0,29,283,69,64,4,420,28,2,30,450
12/03/2005,SMF,CA,AWP,WE,Towers with Radar,263,46,21,0,330,0,0,7,0,7,263,46,28,0,337,2,0,2,339
12/04/2005,SMF,CA,AWP,WE,Towers with Radar,280,38,28,2,348,0,0,8,0,8,280,38,36,2,356,0,0,0,356
12/05/2005,SMF,CA,AWP,WE,Towers with Radar,314,44,64,12,434,0,0,11,0,11,314,44,75,12,445,92,18,110,555
12/06/2005,SMF,CA,AWP,WE,Towers with Radar,342,81,62,9,494,0,0,17,0,17,342,81,79,9,511,40,6,46,557
12/07/2005,SMF,CA,AWP,WE,Towers with Radar,269,68,25,2,364,0,0,18,0,18,269,68,43,2,382,22,2,24,406
12/08/2005,SMF,CA,AWP,WE,Towers with Radar,282,66,30,4,382,0,0,32,0,32,282,66,62,4,414,14,0,14,428
12/09/2005,SMF,CA,AWP,WE,Towers with Radar,297,55,38,0,390,0,0,17,0,17,297,55,55,0,407,14,0,14,421
12/10/2005,SMF,CA,AWP,WE,Towers with Radar,282,36,18,0,336,0,0,3,0,3,282,36,21,0,339,0,0,0,339
12/11/2005,SMF,CA,AWP,WE,Towers with Radar,325,39,36,0,400,0,0,6,0,6,325,39,42,0,406,0,0,0,406
12/12/2005,SMF,CA,AWP,WE,Towers with Radar,320,65,32,12,429,0,0,26,0,26,320,65,58,12,455,24,14,38,493
12/13/2005,SMF,CA,AWP,WE,Towers with Radar,292,75,51,12,430,0,0,23,0,23,292,75,74,12,453,54,12,66,519
12/14/2005,SMF,CA,AWP,WE,Towers with Radar,325,82,28,6,441,0,0,7,0,7,325,82,35,6,448,14,0,14,462
12/15/2005,SMF,CA,AWP,WE,Towers with Radar,332,53,56,4,445,0,0,11,0,11,332,53,67,4,456,10,0,10,466
12/16/2005,SMF,CA,AWP,WE,Towers with Radar,286,68,26,0,380,0,0,0,0,0,286,68,26,0,380,10,0,10,390
12/17/2005,SMF,CA,AWP,WE,Towers with Radar,252,44,7,0,303,0,0,0,0,0,252,44,7,0,303,0,0,0,303
12/18/2005,SMF,CA,AWP,WE,Towers with Radar,291,24,10,0,325,0,0,0,0,0,291,24,10,0,325,0,0,0,325
12/19/2005,SMF,CA,AWP,WE,Towers with Radar,325,57,41,12,435,0,0,13,0,13,325,57,54,12,448,14,14,28,476
12/20/2005,SMF,CA,AWP,WE,Towers with Radar,343,64,38,4,449,0,0,12,0,12,343,64,50,4,461,20,4,24,485
12/21/2005,SMF,CA,AWP,WE,Towers with Radar,297,55,12,6,370,0,0,9,0,9,297,55,21,6,379,4,8,12,391
12/22/2005,SMF,CA,AWP,WE,Towers with Radar,304,51,15,8,378,0,0,0,0,0,304,51,15,8,378,2,2,4,382
12/23/2005,SMF,CA,AWP,WE,Towers with Radar,307,65,31,0,403,0,0,0,0,0,307,65,31,0,403,2,0,2,405
12/24/2005,SMF,CA,AWP,WE,Towers with Radar,281,36,20,0,337,0,0,4,0,4,281,36,24,0,341,0,0,0,341
12/25/2005,SMF,CA,AWP,WE,Towers with Radar,299,35,20,0,354,0,0,0,0,0,299,35,20,0,354,2,0,2,356
12/26/2005,SMF,CA,AWP,WE,Towers with Radar,323,53,31,0,407,0,0,14,0,14,323,53,45,0,421,34,0,34,455
12/27/2005,SMF,CA,AWP,WE,Towers with Radar,333,70,45,0,448,0,0,9,0,9,333,70,54,0,457,4,0,4,461
12/28/2005,SMF,CA,AWP,WE,Towers with Radar,321,47,8,0,376,0,0,1,0,1,321,47,9,0,377,0,0,0,377
12/29/2005,SMF,CA,AWP,WE,Towers with Radar,308,54,12,2,376,0,0,0,0,0,308,54,12,2,376,0,0,0,376
12/30/2005,SMF,CA,AWP,WE,Towers with Radar,264,44,2,0,310,0,0,0,0,0,264,44,2,0,310,0,0,0,310
12/31/2005,SMF,CA,AWP,WE,Towers with Radar,246,44,12,4,306,0,0,1,0,1,246,44,13,4,307,6,0,6,313
01/01/2006,SMF,CA,AWP,WE,Towers with Radar,293,43,28,0,364,0,0,0,0,0,293,43,28,0,364,0,0,0,364
01/02/2006,SMF,CA,AWP,WE,Towers with Radar,299,29,7,0,335,0,0,2,0,2,299,29,9,0,337,0,0,0,337
01/03/2006,SMF,CA,AWP,WE,Towers with Radar,314,60,24,0,398,0,0,17,8,25,314,60,41,8,423,28,24,52,475
01/04/2006,SMF,CA,AWP,WE,Towers with Radar,353,63,18,0,434,0,0,22,0,22,353,63,40,0,456,8,0,8,464
01/05/2006,SMF,CA,AWP,WE,Towers with Radar,315,68,30,4,417,0,0,20,0,20,315,68,50,4,437,44,0,44,481
01/06/2006,SMF,CA,AWP,WE,Towers with Radar,310,71,32,4,417,0,0,29,0,29,310,71,61,4,446,38,4,42,488
01/07/2006,SMF,CA,AWP,WE,Towers with Radar,246,44,41,0,331,0,0,0,0,0,246,44,41,0,331,6,0,6,337
01/08/2006,SMF,CA,AWP,WE,Towers with Radar,325,32,19,0,376,0,0,3,0,3,325,32,22,0,379,10,0,10,389
01/09/2006,SMF,CA,AWP,WE,Towers with Radar,308,54,26,6,394,0,0,39,0,39,308,54,65,6,433,90,4,94,527
01/10/2006,SMF,CA,AWP,WE,Towers with Radar,306,59,31,6,402,0,0,13,0,13,306,59,44,6,415,0,0,0,415
01/11/2006,SMF,CA,AWP,WE,Towers with Radar,322,56,29,4,411,0,0,0,0,0,322,56,29,4,411,6,0,6,417
01/12/2006,SMF,CA,AWP,WE,Towers with Radar,308,77,45,4,434,0,0,12,0,12,308,77,57,4,446,40,0,40,486
01/13/2006,SMF,CA,AWP,WE,Towers with Radar,277,62,34,4,377,0,0,4,0,4,277,62,38,4,381,4,12,16,397
01/14/2006,SMF,CA,AWP,WE,Towers with Radar,254,51,18,0,323,0,0,12,0,12,254,51,30,0,335,0,0,0,335
01/15/2006,SMF,CA,AWP,WE,Towers with Radar,294,52,40,0,386,0,0,8,0,8,294,52,48,0,394,18,0,18,412
01/16/2006,SMF,CA,AWP,WE,Towers with Radar,317,41,25,0,383,0,0,9,0,9,317,41,34,0,392,16,0,16,408
01/17/2006,SMF,CA,AWP,WE,Towers with Radar,288,65,21,12,386,2592,0,4,0,2596,2880,65,25,12,2982,8,10,18,3000
01/18/2006,SMF,CA,AWP,WE,Towers with Radar,307,52,26,2,387,0,0,3,0,3,307,52,29,2,390,0,2,2,392
01/19/2006,SMF,CA,AWP,WE,Towers with Radar,310,78,45,16,449,0,0,28,0,28,310,78,73,16,477,70,18,88,565
01/20/2006,SMF,CA,AWP,WE,Towers with Radar,310,69,51,2,432,0,0,12,0,12,310,69,63,2,444,10,8,18,462
01/21/2006,SMF,CA,AWP,WE,Towers with Radar,256,56,21,0,333,0,0,7,0,7,256,56,28,0,340,0,0,0,340
01/22/2006,SMF,CA,AWP,WE,Towers with Radar,295,45,31,0,371,0,0,27,0,27,295,45,58,0,398,20,0,20,418
01/23/2006,SMF,CA,AWP,WE,Towers with Radar,348,77,23,0,448,0,0,42,0,42,348,77,65,0,490,44,0,44,534
01/24/2006,SMF,CA,AWP,WE,Towers with Radar,292,54,40,2,388,0,0,12,0,12,292,54,52,2,400,24,20,44,444
01/25/2006,SMF,CA,AWP,WE,Towers with Radar,293,51,29,0,373,0,0,8,0,8,293,51,37,0,381,6,0,6,387
01/26/2006,SMF,CA,AWP,WE,Towers with Radar,302,70,46,2,420,0,0,15,0,15,302,70,61,2,435,38,6,44,479
01/27/2006,SMF,CA,AWP,WE,Towers with Radar,292,72,46,0,410,0,0,7,0,7,292,72,53,0,417,6,0,6,423
01/28/2006,SMF,CA,AWP,WE,Towers with Radar,270,59,30,0,359,0,0,8,0,8,270,59,38,0,367,8,0,8,375
01/29/2006,SMF,CA,AWP,WE,Towers with Radar,294,41,27,0,362,0,0,0,0,0,294,41,27,0,362,0,0,0,362
01/30/2006,SMF,CA,AWP,WE,Towers with Radar,304,49,21,0,374,0,0,12,8,20,304,49,33,8,394,0,0,0,394
01/31/2006,SMF,CA,AWP,WE,Towers with Radar,304,67,30,8,409,0,0,10,0,10,304,67,40,8,419,10,12,22,441
02/01/2006,SMF,CA,AWP,WE,Towers with Radar,290,48,21,2,361,0,0,9,0,9,290,48,30,2,370,0,0,0,370
02/02/2006,SMF,CA,AWP,WE,Towers with Radar,302,71,44,0,417,0,0,13,0,13,302,71,57,0,430,10,0,10,440
02/03/2006,SMF,CA,AWP,WE,Towers with Radar,290,59,36,0,385,0,0,21,0,21,290,59,57,0,406,24,0,24,430
02/04/2006,SMF,CA,AWP,WE,Towers with Radar,246,39,18,0,303,0,0,4,0,4,246,39,22,0,307,2,0,2,309
02/05/2006,SMF,CA,AWP,WE,Towers with Radar,315,44,36,0,395,0,0,17,0,17,315,44,53,0,412,8,0,8,420
02/06/2006,SMF,CA,AWP,WE,Towers with Radar,302,53,17,2,374,0,0,33,0,33,302,53,50,2,407,30,6,36,443
02/07/2006,SMF,CA,AWP,WE,Towers with Radar,295,49,49,0,393,0,0,18,0,18,295,49,67,0,411,72,0,72,483
02/08/2006,SMF,CA,AWP,WE,Towers with Radar,317,58,49,0,424,0,0,30,0,30,317,58,79,0,454,36,0,36,490
02/09/2006,SMF,CA,AWP,WE,Towers with Radar,302,66,60,4,432,0,0,22,0,22,302,66,82,4,454,56,10,66,520
02/10/2006,SMF,CA,AWP,WE,Towers with Radar,296,71,34,2,403,0,0,27,0,27,296,71,61,2,430,38,4,42,472
02/11/2006,SMF,CA,AWP,WE,Towers with Radar,259,61,35,0,355,0,0,20,0,20,259,61,55,0,375,24,0,24,399
02/12/2006,SMF,CA,AWP,WE,Towers with Radar,320,54,46,0,420,0,0,13,0,13,320,54,59,0,433,28,0,28,461
02/13/2006,SMF,CA,AWP,WE,Towers with Radar,319,64,26,4,413,0,0,30,0,30,319,64,56,4,443,42,10,52,495
02/14/2006,SMF,CA,AWP,WE,Towers with Radar,302,52,24,4,382,0,0,11,0,11,302,52,35,4,393,24,2,26,419
02/15/2006,SMF,CA,AWP,WE,Towers with Radar,310,53,29,0,392,0,0,23,0,23,310,53,52,0,415,12,0,12,427
02/16/2006,SMF,CA,AWP,WE,Towers with Radar,276,60,48,22,406,0,0,5,0,5,276,60,53,22,411,10,12,22,433
02/17/2006,SMF,CA,AWP,WE,Towers with Radar,289,66,55,0,410,0,0,8,0,8,289,66,63,0,418,72,0,72,490
02/18/2006,SMF,CA,AWP,WE,Towers with Radar,285,44,25,0,354,0,0,4,0,4,285,44,29,0,358,0,0,0,358
02/19/2006,SMF,CA,AWP,WE,Towers with Radar,292,36,11,0,339,0,0,7,0,7,292,36,18,0,346,0,0,0,346
02/20/2006,SMF,CA,AWP,WE,Towers with Radar,301,49,16,0,366,0,0,32,0,32,301,49,48,0,398,14,0,14,412
02/21/2006,SMF,CA,AWP,WE,Towers with Radar,316,59,32,8,415,0,0,27,0,27,316,59,59,8,442,0,25,25,467
02/22/2006,SMF,CA,AWP,WE,Towers with Radar,304,63,35,0,402,0,0,19,0,19,304,63,54,0,421,57,0,57,478
02/23/2006,SMF,CA,AWP,WE,Towers with Radar,309,71,44,26,450,0,0,41,0,41,309,71,85,26,491,48,16,64,555
02/24/2006,SMF,CA,AWP,WE,Towers with Radar,318,64,68,0,450,0,0,17,0,17,318,64,85,0,467,70,0,70,537
02/25/2006,SMF,CA,AWP,WE,Towers with Radar,258,46,14,0,318,0,0,28,0,28,258,46,42,0,346,12,0,12,358
02/26/2006,SMF,CA,AWP,WE,Towers with Radar,295,53,31,0,379,0,0,13,0,13,295,53,44,0,392,12,0,12,404
02/27/2006,SMF,CA,AWP,WE,Towers with Radar,361,50,33,0,444,0,0,0,0,0,361,50,33,0,444,0,0,0,444
02/28/2006,SMF,CA,AWP,WE,Towers with Radar,291,50,18,4,363,0,0,9,0,9,291,50,27,4,372,10,2,12,384
03/01/2006,SMF,CA,AWP,WE,Towers with Radar,314,57,38,2,411,0,0,19,0,19,314,57,57,2,430,36,0,36,466
03/02/2006,SMF,CA,AWP,WE,Towers with Radar,299,59,17,6,381,0,0,20,0,20,299,59,37,6,401,4,12,16,417
03/03/2006,SMF,CA,AWP,WE,Towers with Radar,314,69,21,0,404,0,0,12,0,12,314,69,33,0,416,4,0,4,420
03/04/2006,SMF,CA,AWP,WE,Towers with Radar,252,45,65,0,362,0,0,26,0,26,252,45,91,0,388,0,0,0,388
03/05/2006,SMF,CA,AWP,WE,Towers with Radar,300,38,14,0,352,0,0,8,0,8,300,38,22,0,360,0,0,0,360
03/06/2006,SMF,CA,AWP,WE,Towers with Radar,325,59,30,16,430,0,0,14,0,14,325,59,44,16,444,12,0,12,456
03/07/2006,SMF,CA,AWP,WE,Towers with Radar,294,52,42,8,396,0,0,6,0,6,294,52,48,8,402,14,10,24,426
03/08/2006,SMF,CA,AWP,WE,Towers with Radar,288,60,29,0,377,0,0,10,0,10,288,60,39,0,387,20,0,20,407
03/09/2006,SMF,CA,AWP,WE,Towers with Radar,321,73,48,10,452,0,0,9,0,9,321,73,57,10,461,18,4,22,483
03/10/2006,SMF,CA,AWP,WE,Towers with Radar,316,76,64,8,464,0,0,3,0,3,316,76,67,8,467,46,28,74,541
03/11/2006,SMF,CA,AWP,WE,Towers with Radar,250,52,16,2,320,0,0,10,0,10,250,52,26,2,330,0,4,4,334
03/12/2006,SMF,CA,AWP,WE,Towers with Radar,266,44,21,0,331,0,0,7,0,7,266,44,28,0,338,0,0,0,338
03/13/2006,SMF,CA,AWP,WE,Towers with Radar,314,63,35,8,420,0,0,24,0,24,314,63,59,8,444,22,4,26,470
03/14/2006,SMF,CA,AWP,WE,Towers with Radar,289,59,15,8,371,0,0,26,0,26,289,59,41,8,397,18,6,24,421
03/15/2006,SMF,CA,AWP,WE,Towers with Radar,324,70,47,4,445,0,0,12,0,12,324,70,59,4,457,88,6,94,551
03/16/2006,SMF,CA,AWP,WE,Towers with Radar,303,65,31,9,408,0,0,17,0,17,303,65,48,9,425,6,48,54,479
03/17/2006,SMF,CA,AWP,WE,Towers with Radar,313,81,43,14,451,0,0,36,0,36,313,81,79,14,487,104,48,152,639
03/18/2006,SMF,CA,AWP,WE,Towers with Radar,274,56,37,0,367,0,0,17,0,17,274,56,54,0,384,10,0,10,394
03/19/2006,SMF,CA,AWP,WE,Towers with Radar,313,59,31,0,403,0,0,26,0,26,313,59,57,0,429,8,0,8,437
03/20/2006,SMF,CA,AWP,WE,Towers with Radar,310,57,20,2,389,0,0,5,0,5,310,57,25,2,394,0,0,0,394
03/21/2006,SMF,CA,AWP,WE,Towers with Radar,320,52,38,14,424,0,0,6,0,6,320,52,44,14,430,4,15,19,449
03/22/2006,SMF,CA,AWP,WE,Towers with Radar,342,59,78,6,485,0,0,23,0,23,342,59,101,6,508,44,18,62,570
03/23/2006,SMF,CA,AWP,WE,Towers with Radar,326,56,73,12,467,0,0,36,0,36,326,56,109,12,503,210,19,229,732
03/24/2006,SMF,CA,AWP,WE,Towers with Radar,335,61,38,2,436,0,0,15,0,15,335,61,53,2,451,10,0,10,461
03/25/2006,SMF,CA,AWP,WE,Towers with Radar,274,33,19,0,326,0,0,1,0,1,274,33,20,0,327,0,0,0,327
03/26/2006,SMF,CA,AWP,WE,Towers with Radar,307,48,29,0,384,0,0,15,0,15,307,48,44,0,399,26,0,26,425
03/27/2006,SMF,CA,AWP,WE,Towers with Radar,348,67,64,2,481,0,0,13,0,13,348,67,77,2,494,52,0,52,546
03/28/2006,SMF,CA,AWP,WE,Towers with Radar,303,65,16,2,386,0,0,0,0,0,303,65,16,2,386,60,8,68,454
03/29/2006,SMF,CA,AWP,WE,Towers with Radar,302,56,34,6,398,0,0,5,0,5,302,56,39,6,403,36,2,38,441
03/30/2006,SMF,CA,AWP,WE,Towers with Radar,310,65,29,20,424,0,0,29,0,29,310,65,58,20,453,28,34,62,515
03/31/2006,SMF,CA,AWP,WE,Towers with Radar,318,65,44,4,431,0,0,15,0,15,318,65,59,4,446,2,6,8,454
04/01/2006,SMF,CA,AWP,WE,Towers with Radar,259,45,37,0,341,0,0,8,0,8,259,45,45,0,349,4,0,4,353
04/02/2006,SMF,CA,AWP,WE,Towers with Radar,305,39,25,0,369,0,0,5,0,5,305,39,30,0,374,0,0,0,374
04/03/2006,SMF,CA,AWP,WE,Towers with Radar,345,53,19,9,426,0,0,8,0,8,345,53,27,9,434,0,6,6,440
04/04/2006,SMF,CA,AWP,WE,Towers with Radar,291,66,5,0,362,0,0,12,2,14,291,66,17,2,376,0,0,0,376
04/05/2006,SMF,CA,AWP,WE,Towers with Radar,322,70,26,0,418,0,0,4,0,4,322,70,30,0,422,8,0,8,430
04/06/2006,SMF,CA,AWP,WE,Towers with Radar,281,53,50,4,388,0,0,26,0,26,281,53,76,4,414,42,30,72,486
04/07/2006,SMF,CA,AWP,WE,Towers with Radar,302,56,30,10,398,0,0,11,0,11,302,56,41,10,409,0,6,6,415
04/08/2006,SMF,CA,AWP,WE,Towers with Radar,253,41,24,0,318,0,0,6,0,6,253,41,30,0,324,0,0,0,324
04/09/2006,SMF,CA,AWP,WE,Towers with Radar,290,40,11,0,341,0,0,4,0,4,290,40,15,0,345,0,0,0,345
04/10/2006,SMF,CA,AWP,WE,Towers with Radar,310,65,16,5,396,0,0,13,0,13,310,65,29,5,409,34,0,34,443
04/11/2006,SMF,CA,AWP,WE,Towers with Radar,305,61,38,6,410,0,0,21,0,21,305,61,59,6,431,2,12,14,445
04/12/2006,SMF,CA,AWP,WE,Towers with Radar,304,64,20,2,390,0,0,10,0,10,304,64,30,2,400,30,10,40,440
04/13/2006,SMF,CA,AWP,WE,Towers with Radar,292,73,41,15,421,0,0,47,0,47,292,73,88,15,468,84,56,140,608
04/14/2006,SMF,CA,AWP,WE,Towers with Radar,289,57,20,2,368,0,0,19,0,19,289,57,39,2,387,8,10,18,405
04/15/2006,SMF,CA,AWP,WE,Towers with Radar,248,37,13,2,300,0,0,4,0,4,248,37,17,2,304,0,0,0,304
04/16/2006,SMF,CA,AWP,WE,Towers with Radar,310,43,14,0,367,0,0,11,0,11,310,43,25,0,378,0,0,0,378
04/17/2006,SMF,CA,AWP,WE,Towers with Radar,334,65,53,4,456,0,0,35,0,35,334,65,88,4,491,128,0,128,619
04/18/2006,SMF,CA,AWP,WE,Towers with Radar,355,91,61,2,509,0,0,46,0,46,355,91,107,2,555,70,8,78,633
04/19/2006,SMF,CA,AWP,WE,Towers with Radar,338,71,40,10,459,0,0,45,0,45,338,71,85,10,504,44,0,44,548
04/20/2006,SMF,CA,AWP,WE,Towers with Radar,308,77,62,2,449,0,0,15,0,15,308,77,77,2,464,72,0,72,536
04/21/2006,SMF,CA,AWP,WE,Towers with Radar,314,70,44,1,429,0,0,21,0,21,314,70,65,1,450,64,0,64,514
04/22/2006,SMF,CA,AWP,WE,Towers with Radar,263,50,20,0,333,0,0,5,0,5,263,50,25,0,338,6,0,6,344
04/23/2006,SMF,CA,AWP,WE,Towers with Radar,276,48,36,0,360,0,0,10,0,10,276,48,46,0,370,14,6,20,390
04/24/2006,SMF,CA,AWP,WE,Towers with Radar,321,66,21,12,420,0,0,23,0,23,321,66,44,12,443,0,16,16,459
04/25/2006,SMF,CA,AWP,WE,Towers with Radar,338,71,35,26,470,0,0,24,0,24,338,71,59,26,494,2,60,62,556
04/26/2006,SMF,CA,AWP,WE,Towers with Radar,315,76,49,0,440,0,0,26,0,26,315,76,75,0,466,12,0,12,478
04/27/2006,SMF,CA,AWP,WE,Towers with Radar,330,103,67,24,524,0,0,31,0,31,330,103,98,24,555,136,8,144,699
04/28/2006,SMF,CA,AWP,WE,Towers with Radar,330,67,77,2,476,0,0,24,0,24,330,67,101,2,500,116,0,116,616
04/29/2006,SMF,CA,AWP,WE,Towers with Radar,263,46,42,0,351,0,0,3,0,3,263,46,45,0,354,20,0,20,374
04/30/2006,SMF,CA,AWP,WE,Towers with Radar,342,64,32,0,438,0,0,31,0,31,342,64,63,0,469,10,0,10,479
05/01/2006,SMF,CA,AWP,WE,Towers with Radar,335,73,25,14,447,0,0,34,0,34,335,73,59,14,481,94,8,102,583
05/02/2006,SMF,CA,AWP,WE,Towers with Radar,354,70,9,2,435,0,0,75,0,75,354,70,84,2,510,70,10,80,590
05/03/2006,SMF,CA,AWP,WE,Towers with Radar,321,68,48,4,441,0,0,43,0,43,321,68,91,4,484,0,18,18,502
05/04/2006,SMF,CA,AWP,WE,Towers with Radar,333,66,43,8,450,0,0,25,0,25,333,66,68,8,475,58,30,88,563
05/05/2006,SMF,CA,AWP,WE,Towers with Radar,322,78,78,8,486,0,0,11,0,11,322,78,89,8,497,100,14,114,611
05/06/2006,SMF,CA,AWP,WE,Towers with Radar,299,55,55,0,409,0,0,25,0,25,299,55,80,0,434,18,0,18,452
05/07/2006,SMF,CA,AWP,WE,Towers with Radar,340,48,25,0,413,0,0,35,0,35,340,48,60,0,448,42,0,42,490
05/08/2006,SMF,CA,AWP,WE,Towers with Radar,342,72,65,6,485,0,0,36,0,36,342,72,101,6,521,66,18,84,605
05/09/2006,SMF,CA,AWP,WE,Towers with Radar,340,80,28,6,454,0,0,46,0,46,340,80,74,6,500,52,26,78,578
05/10/2006,SMF,CA,AWP,WE,Towers with Radar,349,66,28,2,445,0,0,64,0,64,349,66,92,2,509,32,8,40,549
05/11/2006,SMF,CA,AWP,WE,Towers with Radar,304,66,34,11,415,0,0,16,0,16,304,66,50,11,431,18,32,50,481
05/12/2006,SMF,CA,AWP,WE,Towers with Radar,315,69,64,1,449,0,0,18,0,18,315,69,82,1,467,38,0,38,505
05/13/2006,SMF,CA,AWP,WE,Towers with Radar,300,61,36,0,397,0,0,16,0,16,300,61,52,0,413,178,0,178,591
05/14/2006,SMF,CA,AWP,WE,Towers with Radar,343,57,38,0,438,0,0,30,0,30,343,57,68,0,468,80,0,80,548
05/15/2006,SMF,CA,AWP,WE,Towers with Radar,332,68,77,16,493,0,0,58,0,58,332,68,135,16,551,218,38,256,807
05/16/2006,SMF,CA,AWP,WE,Towers with Radar,344,76,23,4,447,0,0,43,0,43,344,76,66,4,490,118,12,130,620
05/17/2006,SMF,CA,AWP,WE,Towers with Radar,335,66,48,2,451,0,0,11,0,11,335,66,59,2,462,8,0,8,470
05/18/2006,SMF,CA,AWP,WE,Towers with Radar,309,72,64,9,454,0,0,34,0,34,309,72,98,9,488,60,4,64,552
05/19/2006,SMF,CA,AWP,WE,Towers with Radar,311,67,58,0,436,0,0,21,0,21,311,67,79,0,457,46,0,46,503
05/20/2006,SMF,CA,AWP,WE,Towers with Radar,277,55,23,0,355,0,0,23,0,23,277,55,46,0,378,60,0,60,438
05/21/2006,SMF,CA,AWP,WE,Towers with Radar,301,49,11,0,361,0,0,6,0,6,301,49,17,0,367,82,0,82,449
05/22/2006,SMF,CA,AWP,WE,Towers with Radar,312,65,29,10,416,0,0,25,0,25,312,65,54,10,441,54,8,62,503
05/23/2006,SMF,CA,AWP,WE,Towers with Radar,325,70,76,0,471,0,0,16,0,16,325,70,92,0,487,82,0,82,569
05/24/2006,SMF,CA,AWP,WE,Towers with Radar,305,82,50,10,447,0,0,34,0,34,305,82,84,10,481,18,0,18,499
05/25/2006,SMF,CA,AWP,WE,Towers with Radar,310,68,51,20,449,0,0,31,0,31,310,68,82,20,480,118,26,144,624
05/26/2006,SMF,CA,AWP,WE,Towers with Radar,305,60,38,0,403,0,0,23,0,23,305,60,61,0,426,108,0,108,534
05/27/2006,SMF,CA,AWP,WE,Towers with Radar,246,37,21,0,304,0,0,11,0,11,246,37,32,0,315,10,0,10,325
05/28/2006,SMF,CA,AWP,WE,Towers with Radar,300,37,10,0,347,0,0,19,0,19,300,37,29,0,366,24,0,24,390
05/29/2006,SMF,CA,AWP,WE,Towers with Radar,302,39,17,2,360,0,0,31,0,31,302,39,48,2,391,24,0,24,415
05/30/2006,SMF,CA,AWP,WE,Towers with Radar,303,78,42,14,437,0,0,24,0,24,303,78,66,14,461,42,8,50,511
05/31/2006,SMF,CA,AWP,WE,Towers with Radar,369,73,15,4,461,0,0,57,0,57,369,73,72,4,518,38,4,42,560
06/01/2006,SMF,CA,AWP,WE,Towers with Radar,305,67,35,2,409,0,0,51,0,51,305,67,86,2,460,34,0,34,494
06/02/2006,SMF,CA,AWP,WE,Towers with Radar,316,56,37,0,409,0,0,30,0,30,316,56,67,0,439,0,0,0,439
06/03/2006,SMF,CA,AWP,WE,Towers with Radar,265,38,22,0,325,0,0,17,0,17,265,38,39,0,342,42,0,42,384
06/04/2006,SMF,CA,AWP,WE,Towers with Radar,324,37,49,0,410,0,0,10,0,10,324,37,59,0,420,122,0,122,542
06/05/2006,SMF,CA,AWP,WE,Towers with Radar,348,54,22,0,424,0,0,27,0,27,348,54,49,0,451,4,0,4,455
06/06/2006,SMF,CA,AWP,WE,Towers with Radar,326,58,47,4,435,0,0,18,0,18,326,58,65,4,453,40,6,46,499
06/07/2006,SMF,CA,AWP,WE,Towers with Radar,340,57,43,4,444,0,0,37,0,37,340,57,80,4,481,24,12,36,517
06/08/2006,SMF,CA,AWP,WE,Towers with Radar,304,60,30,4,398,0,0,27,0,27,304,60,57,4,425,36,6,42,467
06/09/2006,SMF,CA,AWP,WE,Towers with Radar,314,60,21,0,395,0,0,35,0,35,314,60,56,0,430,0,0,0,430
06/10/2006,SMF,CA,AWP,WE,Towers with Radar,271,44,23,0,338,0,0,19,0,19,271,44,42,0,357,0,0,0,357
06/11/2006,SMF,CA,AWP,WE,Towers with Radar,313,42,28,0,383,0,0,20,0,20,313,42,48,0,403,0,0,0,403
06/12/2006,SMF,CA,AWP,WE,Towers with Radar,305,54,21,4,384,0,0,27,0,27,305,54,48,4,411,44,6,50,461
06/13/2006,SMF,CA,AWP,WE,Towers with Radar,328,69,36,6,439,0,0,13,0,13,328,69,49,6,452,18,18,36,488
06/14/2006,SMF,CA,AWP,WE,Towers with Radar,334,60,43,2,439,0,0,22,0,22,334,60,65,2,461,22,12,34,495
06/15/2006,SMF,CA,AWP,WE,Towers with Radar,339,79,40,0,458,0,0,30,0,30,339,79,70,0,488,72,0,72,560
06/16/2006,SMF,CA,AWP,WE,Towers with Radar,322,69,60,6,457,0,0,13,0,13,322,69,73,6,470,46,6,52,522
06/17/2006,SMF,CA,AWP,WE,Towers with Radar,338,58,58,0,454,0,0,21,0,21,338,58,79,0,475,40,0,40,515
06/18/2006,SMF,CA,AWP,WE,Towers with Radar,337,64,41,0,442,0,0,15,0,15,337,64,56,0,457,122,0,122,579
06/19/2006,SMF,CA,AWP,WE,Towers with Radar,340,69,36,6,451,0,0,15,0,15,340,69,51,6,466,28,2,30,496
06/20/2006,SMF,CA,AWP,WE,Towers with Radar,372,71,28,0,471,0,0,23,0,23,372,71,51,0,494,8,0,8,502
06/21/2006,SMF,CA,AWP,WE,Towers with Radar,349,59,19,0,427,0,0,28,0,28,349,59,47,0,455,0,0,0,455
06/22/2006,SMF,CA,AWP,WE,Towers with Radar,337,77,28,2,444,0,0,17,0,17,337,77,45,2,461,14,6,20,481
06/23/2006,SMF,CA,AWP,WE,Towers with Radar,322,62,32,0,416,0,0,21,0,21,322,62,53,0,437,0,0,0,437
06/24/2006,SMF,CA,AWP,WE,Towers with Radar,371,36,27,0,434,0,0,26,0,26,371,36,53,0,460,0,0,0,460
06/25/2006,SMF,CA,AWP,WE,Towers with Radar,357,63,40,0,460,0,0,20,0,20,357,63,60,0,480,104,0,104,584
06/26/2006,SMF,CA,AWP,WE,Towers with Radar,324,70,29,4,427,0,0,25,0,25,324,70,54,4,452,6,0,6,458
06/27/2006,SMF,CA,AWP,WE,Towers with Radar,370,78,33,10,491,0,0,42,0,42,370,78,75,10,533,38,17,55,588
06/28/2006,SMF,CA,AWP,WE,Towers with Radar,367,70,19,0,456,0,0,24,0,24,367,70,43,0,480,20,0,20,500
06/29/2006,SMF,CA,AWP,WE,Towers with Radar,348,78,84,6,516,0,0,33,0,33,348,78,117,6,549,32,6,38,587
06/30/2006,SMF,CA,AWP,WE,Towers with Radar,316,70,0,2,388,0,0,7,0,7,316,70,7,2,395,70,0,70,465
07/01/2006,SMF,CA,AWP,WE,Towers with Radar,312,62,37,0,411,0,0,13,0,13,312,62,50,0,424,114,0,114,538
07/02/2006,SMF,CA,AWP,WE,Towers with Radar,333,35,40,0,408,0,0,17,0,17,333,35,57,0,425,146,0,146,571
07/03/2006,SMF,CA,AWP,WE,Towers with Radar,301,39,25,0,365,0,0,5,0,5,301,39,30,0,370,34,0,34,404
07/04/2006,SMF,CA,AWP,WE,Towers with Radar,290,33,12,0,335,0,0,8,0,8,290,33,20,0,343,6,0,6,349
07/05/2006,SMF,CA,AWP,WE,Towers with Radar,344,56,35,2,437,0,0,37,0,37,344,56,72,2,474,46,0,46,520
07/06/2006,SMF,CA,AWP,WE,Towers with Radar,332,61,43,7,443,0,0,12,0,12,332,61,55,7,455,26,6,32,487
07/07/2006,SMF,CA,AWP,WE,Towers with Radar,331,72,49,9,461,0,0,29,0,29,331,72,78,9,490,103,4,107,597
07/08/2006,SMF,CA,AWP,WE,Towers with Radar,300,53,33,0,386,0,0,17,0,17,300,53,50,0,403,154,0,154,557
07/09/2006,SMF,CA,AWP,WE,Towers with Radar,376,44,38,0,458,0,0,8,0,8,376,44,46,0,466,208,0,208,674
07/10/2006,SMF,CA,AWP,WE,Towers with Radar,402,54,36,2,494,0,0,25,0,25,402,54,61,2,519,18,4,22,541
07/11/2006,SMF,CA,AWP,WE,Towers with Radar,298,57,34,2,391,0,0,11,0,11,298,57,45,2,402,50,6,56,458
07/12/2006,SMF,CA,AWP,WE,Towers with Radar,357,50,36,0,443,0,0,23,0,23,357,50,59,0,466,10,0,10,476
07/13/2006,SMF,CA,AWP,WE,Towers with Radar,349,63,76,0,488,0,0,15,0,15,349,63,91,0,503,42,0,42,545
07/14/2006,SMF,CA,AWP,WE,Towers with Radar,312,60,51,3,426,0,0,9,0,9,312,60,60,3,435,168,4,172,607
07/15/2006,SMF,CA,AWP,WE,Towers with Radar,286,40,29,0,355,0,0,19,0,19,286,40,48,0,374,86,0,86,460
07/16/2006,SMF,CA,AWP,WE,Towers with Radar,350,44,41,0,435,0,0,35,0,35,350,44,76,0,470,88,0,88,558
07/17/2006,SMF,CA,AWP,WE,Towers with Radar,375,69,21,10,475,0,0,35,0,35,375,69,56,10,510,72,10,82,592
07/18/2006,SMF,CA,AWP,WE,Towers with Radar,357,73,48,0,478,0,0,17,0,17,357,73,65,0,495,54,0,54,549
07/19/2006,SMF,CA,AWP,WE,Towers with Radar,366,93,27,0,486,0,0,38,0,38,366,93,65,0,524,78,0,78,602
07/20/2006,SMF,CA,AWP,WE,Towers with Radar,318,68,69,0,455,0,0,16,0,16,318,68,85,0,471,48,0,48,519
07/21/2006,SMF,CA,AWP,WE,Towers with Radar,342,85,56,0,483,0,0,22,0,22,342,85,78,0,505,176,0,176,681
07/22/2006,SMF,CA,AWP,WE,Towers with Radar,289,42,31,0,362,0,0,9,0,9,289,42,40,0,371,110,0,110,481
07/23/2006,SMF,CA,AWP,WE,Towers with Radar,345,42,18,0,405,0,0,11,0,11,345,42,29,0,416,6,0,6,422
07/24/2006,SMF,CA,AWP,WE,Towers with Radar,342,61,25,0,428,0,0,25,0,25,342,61,50,0,453,60,0,60,513
07/25/2006,SMF,CA,AWP,WE,Towers with Radar,330,66,41,0,437,0,0,22,0,22,330,66,63,0,459,18,0,18,477
07/26/2006,SMF,CA,AWP,WE,Towers with Radar,348,66,43,2,459,0,0,25,0,25,348,66,68,2,484,18,0,18,502
07/27/2006,SMF,CA,AWP,WE,Towers with Radar,311,65,58,0,434,0,0,20,0,20,311,65,78,0,454,16,0,16,470
07/28/2006,SMF,CA,AWP,WE,Towers with Radar,333,78,36,12,459,0,0,28,0,28,333,78,64,12,487,6,8,14,501
07/29/2006,SMF,CA,AWP,WE,Towers with Radar,300,44,29,1,374,0,0,7,0,7,300,44,36,1,381,62,0,62,443
07/30/2006,SMF,CA,AWP,WE,Towers with Radar,362,41,26,0,429,0,0,22,0,22,362,41,48,0,451,90,0,90,541
07/31/2006,SMF,CA,AWP,WE,Towers with Radar,344,68,45,2,459,0,0,27,0,27,344,68,72,2,486,2,12,14,500
08/01/2006,SMF,CA,AWP,WE,Towers with Radar,264,74,19,2,359,0,0,46,0,46,264,74,65,2,405,22,0,22,427
08/02/2006,SMF,CA,AWP,WE,Towers with Radar,372,70,38,4,484,0,0,29,0,29,372,70,67,4,513,20,0,20,533
08/03/2006,SMF,CA,AWP,WE,Towers with Radar,337,72,27,2,438,0,0,30,0,30,337,72,57,2,468,18,0,18,486
08/04/2006,SMF,CA,AWP,WE,Towers with Radar,318,73,33,0,424,0,0,30,4,34,318,73,63,4,458,20,20,40,498
08/05/2006,SMF,CA,AWP,WE,Towers with Radar,271,59,13,0,343,0,0,22,0,22,271,59,35,0,365,4,0,4,369
08/06/2006,SMF,CA,AWP,WE,Towers with Radar,302,41,25,0,368,0,0,9,0,9,302,41,34,0,377,0,0,0,377
08/07/2006,SMF,CA,AWP,WE,Towers with Radar,324,64,48,2,438,0,0,28,0,28,324,64,76,2,466,156,48,204,670
08/08/2006,SMF,CA,AWP,WE,Towers with Radar,358,84,44,6,492,0,0,36,0,36,358,84,80,6,528,160,10,170,698
08/09/2006,SMF,CA,AWP,WE,Towers with Radar,345,55,55,8,463,0,0,19,0,19,345,55,74,8,482,56,18,74,556
08/10/2006,SMF,CA,AWP,WE,Towers with Radar,320,91,50,0,461,0,0,31,0,31,320,91,81,0,492,66,0,66,558
08/11/2006,SMF,CA,AWP,WE,Towers with Radar,334,62,29,2,427,0,0,23,0,23,334,62,52,2,450,20,0,20,470
08/12/2006,SMF,CA,AWP,WE,Towers with Radar,322,53,63,0,438,0,0,15,0,15,322,53,78,0,453,24,0,24,477
08/13/2006,SMF,CA,AWP,WE,Towers with Radar,326,43,13,0,382,0,0,38,0,38,326,43,51,0,420,12,0,12,432
08/14/2006,SMF,CA,AWP,WE,Towers with Radar,366,71,26,12,475,0,0,36,0,36,366,71,62,12,511,192,26,218,729
08/15/2006,SMF,CA,AWP,WE,Towers with Radar,348,72,65,6,491,0,0,18,0,18,348,72,83,6,509,114,4,118,627
08/16/2006,SMF,CA,AWP,WE,Towers with Radar,324,60,30,0,414,0,0,25,0,25,324,60,55,0,439,22,0,22,461
08/17/2006,SMF,CA,AWP,WE,Towers with Radar,313,66,34,4,417,0,0,23,0,23,313,66,57,4,440,22,8,30,470
08/18/2006,SMF,CA,AWP,WE,Towers with Radar,310,70,31,8,419,0,0,55,0,55,310,70,86,8,474,0,14,14,488
08/19/2006,SMF,CA,AWP,WE,Towers with Radar,309,44,27,0,380,0,0,9,0,9,309,44,36,0,389,46,0,46,435
08/20/2006,SMF,CA,AWP,WE,Towers with Radar,317,50,18,0,385,0,0,30,0,30,317,50,48,0,415,8,0,8,423
08/21/2006,SMF,CA,AWP,WE,Towers with Radar,347,67,51,4,469,0,0,30,0,30,347,67,81,4,499,144,10,154,653
08/22/2006,SMF,CA,AWP,WE,Towers with Radar,365,81,28,0,474,0,0,34,0,34,365,81,62,0,508,68,0,68,576
08/23/2006,SMF,CA,AWP,WE,Towers with Radar,361,73,42,0,476,0,0,27,0,27,361,73,69,0,503,84,0,84,587
08/24/2006,SMF,CA,AWP,WE,Towers with Radar,295,63,25,0,383,0,0,32,0,32,295,63,57,0,415,14,0,14,429
08/25/2006,SMF,CA,AWP,WE,Towers with Radar,314,54,24,0,392,0,0,21,0,21,314,54,45,0,413,38,0,38,451
08/26/2006,SMF,CA,AWP,WE,Towers with Radar,288,45,14,0,347,0,0,5,0,5,288,45,19,0,352,0,0,0,352
08/27/2006,SMF,CA,AWP,WE,Towers with Radar,311,48,18,0,377,0,0,29,0,29,311,48,47,0,406,0,0,0,406
08/28/2006,SMF,CA,AWP,WE,Towers with Radar,363,86,59,15,523,0,0,9,0,9,363,86,68,15,532,238,36,274,806
08/29/2006,SMF,CA,AWP,WE,Towers with Radar,329,70,34,12,445,0,0,44,0,44,329,70,78,12,489,60,2,62,551
08/30/2006,SMF,CA,AWP,WE,Towers with Radar,334,70,41,4,449,0,0,17,0,17,334,70,58,4,466,22,14,36,502
08/31/2006,SMF,CA,AWP,WE,Towers with Radar,321,68,36,0,425,0,0,36,0,36,321,68,72,0,461,6,0,6,467
09/01/2006,SMF,CA,AWP,WE,Towers with Radar,324,61,21,0,406,0,0,27,0,27,324,61,48,0,433,8,0,8,441
09/02/2006,SMF,CA,AWP,WE,Towers with Radar,292,44,31,0,367,0,0,3,0,3,292,44,34,0,370,6,0,6,376
09/03/2006,SMF,CA,AWP,WE,Towers with Radar,288,35,18,0,341,0,0,11,0,11,288,35,29,0,352,0,0,0,352
09/04/2006,SMF,CA,AWP,WE,Towers with Radar,324,49,31,2,406,0,0,23,0,23,324,49,54,2,429,2,0,2,431
09/05/2006,SMF,CA,AWP,WE,Towers with Radar,383,68,37,16,504,0,0,28,0,28,383,68,65,16,532,50,28,78,610
09/06/2006,SMF,CA,AWP,WE,Towers with Radar,353,54,41,4,452,0,0,16,0,16,353,54,57,4,468,20,2,22,490
09/07/2006,SMF,CA,AWP,WE,Towers with Radar,320,65,38,0,423,0,0,26,0,26,320,65,64,0,449,22,6,28,477
09/08/2006,SMF,CA,AWP,WE,Towers with Radar,311,61,43,4,419,0,0,16,0,16,311,61,59,4,435,16,22,38,473
09/09/2006,SMF,CA,AWP,WE,Towers with Radar,309,53,62,0,424,0,0,3,0,3,309,53,65,0,427,24,0,24,451
09/10/2006,SMF,CA,AWP,WE,Towers with Radar,343,48,46,0,437,0,0,7,0,7,343,48,53,0,444,16,0,16,460
09/11/2006,SMF,CA,AWP,WE,Towers with Radar,369,73,36,2,480,0,0,17,0,17,369,73,53,2,497,30,10,40,537
09/12/2006,SMF,CA,AWP,WE,Towers with Radar,344,57,56,4,461,0,0,22,0,22,344,57,78,4,483,130,16,146,629
09/13/2006,SMF,CA,AWP,WE,Towers with Radar,333,68,40,0,441,0,0,20,0,20,333,68,60,0,461,4,0,4,465
09/14/2006,SMF,CA,AWP,WE,Towers with Radar,330,62,34,4,430,0,0,14,0,14,330,62,48,4,444,0,16,16,460
09/15/2006,SMF,CA,AWP,WE,Towers with Radar,292,56,46,8,402,0,0,14,0,14,292,56,60,8,416,30,14,44,460
09/16/2006,SMF,CA,AWP,WE,Towers with Radar,285,42,29,4,360,0,0,13,0,13,285,42,42,4,373,0,0,0,373
09/17/2006,SMF,CA,AWP,WE,Towers with Radar,346,36,27,0,409,0,0,17,0,17,346,36,44,0,426,10,0,10,436
09/18/2006,SMF,CA,AWP,WE,Towers with Radar,369,53,36,28,486,0,0,25,0,25,369,53,61,28,511,68,30,98,609
09/19/2006,SMF,CA,AWP,WE,Towers with Radar,372,65,66,12,515,0,0,0,0,0,372,65,66,12,515,128,30,158,673
09/20/2006,SMF,CA,AWP,WE,Towers with Radar,335,62,48,4,449,0,0,29,0,29,335,62,77,4,478,16,14,30,508
09/21/2006,SMF,CA,AWP,WE,Towers with Radar,320,60,31,2,413,0,0,46,0,46,320,60,77,2,459,10,0,10,469
09/22/2006,SMF,CA,AWP,WE,Towers with Radar,317,56,43,2,418,0,0,8,0,8,317,56,51,2,426,2,0,2,428
09/23/2006,SMF,CA,AWP,WE,Towers with Radar,310,49,35,0,394,0,0,4,0,4,310,49,39,0,398,6,0,6,404
09/24/2006,SMF,CA,AWP,WE,Towers with Radar,317,42,31,0,390,0,0,22,0,22,317,42,53,0,412,10,0,10,422
09/25/2006,SMF,CA,AWP,WE,Towers with Radar,354,53,39,0,446,0,0,27,0,27,354,53,66,0,473,86,0,86,559
09/26/2006,SMF,CA,AWP,WE,Towers with Radar,339,64,43,6,452,0,0,29,0,29,339,64,72,6,481,84,6,90,571
09/27/2006,SMF,CA,AWP,WE,Towers with Radar,325,69,15,9,418,0,0,23,0,23,325,69,38,9,441,22,2,24,465
09/28/2006,SMF,CA,AWP,WE,Towers with Radar,305,58,42,0,405,0,0,18,0,18,305,58,60,0,423,0,0,0,423
09/29/2006,SMF,CA,AWP,WE,Towers with Radar,297,57,30,1,385,0,0,16,0,16,297,57,46,1,401,14,0,14,415
09/30/2006,SMF,CA,AWP,WE,Towers with Radar,324,47,38,0,409,0,0,5,0,5,324,47,43,0,414,12,0,12,426
10/01/2006,SMF,CA,AWP,WE,Towers with Radar,344,35,27,0,406,0,0,7,0,7,344,35,34,0,413,6,0,6,419
10/02/2006,SMF,CA,AWP,WE,Towers with Radar,316,48,42,2,408,0,0,8,0,8,316,48,50,2,416,12,6,18,434
10/03/2006,SMF,CA,AWP,WE,Towers with Radar,325,72,43,0,440,0,0,12,0,12,325,72,55,0,452,20,0,20,472
10/04/2006,SMF,CA,AWP,WE,Towers with Radar,332,56,43,0,431,0,0,11,0,11,332,56,54,0,442,38,0,38,480
10/05/2006,SMF,CA,AWP,WE,Towers with Radar,294,61,19,2,376,0,0,8,2,10,294,61,27,4,386,0,2,2,388
10/06/2006,SMF,CA,AWP,WE,Towers with Radar,311,52,24,17,404,0,0,22,0,22,311,52,46,17,426,46,14,60,486
10/07/2006,SMF,CA,AWP,WE,Towers with Radar,308,49,48,0,405,0,0,13,0,13,308,49,61,0,418,24,0,24,442
10/08/2006,SMF,CA,AWP,WE,Towers with Radar,339,35,27,0,401,0,0,15,0,15,339,35,42,0,416,0,0,0,416
10/09/2006,SMF,CA,AWP,WE,Towers with Radar,337,58,41,0,436,0,0,14,0,14,337,58,55,0,450,18,0,18,468
10/10/2006,SMF,CA,AWP,WE,Towers with Radar,377,55,48,8,488,0,0,23,0,23,377,55,71,8,511,18,14,32,543
10/11/2006,SMF,CA,AWP,WE,Towers with Radar,343,65,54,12,474,0,0,0,0,0,343,65,54,12,474,0,10,10,484
10/12/2006,SMF,CA,AWP,WE,Towers with Radar,310,70,9,4,393,0,0,54,0,54,310,70,63,4,447,8,0,8,455
10/13/2006,SMF,CA,AWP,WE,Towers with Radar,325,66,47,2,440,0,0,0,0,0,325,66,47,2,440,14,8,22,462
10/14/2006,SMF,CA,AWP,WE,Towers with Radar,274,41,28,0,343,0,0,12,0,12,274,41,40,0,355,8,0,8,363
10/15/2006,SMF,CA,AWP,WE,Towers with Radar,332,36,34,6,408,0,0,6,0,6,332,36,40,6,414,0,6,6,420
10/16/2006,SMF,CA,AWP,WE,Towers with Radar,307,50,39,2,398,0,0,1,0,1,307,50,40,2,399,36,2,38,437
10/17/2006,SMF,CA,AWP,WE,Towers with Radar,323,70,50,4,447,0,0,9,0,9,323,70,59,4,456,120,6,126,582
10/18/2006,SMF,CA,AWP,WE,Towers with Radar,328,73,41,4,446,0,0,13,0,13,328,73,54,4,459,44,10,54,513
10/19/2006,SMF,CA,AWP,WE,Towers with Radar,324,75,36,2,437,0,0,23,0,23,324,75,59,2,460,12,0,12,472
10/20/2006,SMF,CA,AWP,WE,Towers with Radar,303,52,42,4,401,0,0,24,0,24,303,52,66,4,425,10,0,10,435
10/21/2006,SMF,CA,AWP,WE,Towers with Radar,304,64,22,0,390,0,0,30,0,30,304,64,52,0,420,10,0,10,430
10/22/2006,SMF,CA,AWP,WE,Towers with Radar,335,37,45,0,417,0,0,25,0,25,335,37,70,0,442,10,0,10,452
10/23/2006,SMF,CA,AWP,WE,Towers with Radar,334,59,33,10,436,0,0,9,0,9,334,59,42,10,445,54,14,68,513
10/24/2006,SMF,CA,AWP,WE,Towers with Radar,330,59,64,4,457,0,0,26,0,26,330,59,90,4,483,26,0,26,509
10/25/2006,SMF,CA,AWP,WE,Towers with Radar,319,56,19,2,396,0,0,15,0,15,319,56,34,2,411,0,0,0,411
10/26/2006,SMF,CA,AWP,WE,Towers with Radar,300,73,22,4,399,0,0,46,0,46,300,73,68,4,445,8,0,8,453
10/27/2006,SMF,CA,AWP,WE,Towers with Radar,320,66,12,4,402,0,0,33,0,33,320,66,45,4,435,18,0,18,453
10/28/2006,SMF,CA,AWP,WE,Towers with Radar,297,63,56,0,416,0,0,5,0,5,297,63,61,0,421,4,0,4,425
10/29/2006,SMF,CA,AWP,WE,Towers with Radar,309,32,28,2,371,0,0,24,0,24,309,32,52,2,395,0,16,16,411
10/30/2006,SMF,CA,AWP,WE,Towers with Radar,333,40,10,4,387,0,0,32,0,32,333,40,42,4,419,20,14,34,453
10/31/2006,SMF,CA,AWP,WE,Towers with Radar,355,67,65,0,487,0,0,0,0,0,355,67,65,0,487,134,0,134,621
11/01/2006,SMF,CA,AWP,WE,Towers with Radar,384,71,37,6,498,0,0,29,0,29,384,71,66,6,527,10,0,10,537
11/02/2006,SMF,CA,AWP,WE,Towers with Radar,321,50,26,0,397,0,0,3,0,3,321,50,29,0,400,4,0,4,404
11/03/2006,SMF,CA,AWP,WE,Towers with Radar,300,53,18,12,383,0,0,9,0,9,300,53,27,12,392,0,4,4,396
11/04/2006,SMF,CA,AWP,WE,Towers with Radar,255,39,34,0,328,0,0,3,0,3,255,39,37,0,331,0,0,0,331
11/05/2006,SMF,CA,AWP,WE,Towers with Radar,335,43,7,2,387,0,0,50,0,50,335,43,57,2,437,0,18,18,455
11/06/2006,SMF,CA,AWP,WE,Towers with Radar,315,55,82,4,456,0,0,7,0,7,315,55,89,4,463,22,8,30,493
11/07/2006,SMF,CA,AWP,WE,Towers with Radar,354,66,50,20,490,0,0,27,0,27,354,66,77,20,517,62,2,64,581
11/08/2006,SMF,CA,AWP,WE,Towers with Radar,352,47,43,10,452,0,0,7,0,7,352,47,50,10,459,20,12,32,491
11/09/2006,SMF,CA,AWP,WE,Towers with Radar,320,49,33,0,402,0,0,45,0,45,320,49,78,0,447,0,0,0,447
11/10/2006,SMF,CA,AWP,WE,Towers with Radar,300,56,19,0,375,0,0,19,0,19,300,56,38,0,394,32,0,32,426
11/11/2006,SMF,CA,AWP,WE,Towers with Radar,285,41,23,0,349,0,0,0,0,0,285,41,23,0,349,0,0,0,349
11/12/2006,SMF,CA,AWP,WE,Towers with Radar,325,36,10,0,371,0,0,44,0,44,325,36,54,0,415,30,0,30,445
11/13/2006,SMF,CA,AWP,WE,Towers with Radar,344,59,45,4,452,0,0,6,0,6,344,59,51,4,458,6,2,8,466
11/14/2006,SMF,CA,AWP,WE,Towers with Radar,355,61,26,0,442,0,0,20,0,20,355,61,46,0,462,32,0,32,494
11/15/2006,SMF,CA,AWP,WE,Towers with Radar,365,60,21,2,448,0,0,17,0,17,365,60,38,2,465,24,2,26,491
11/16/2006,SMF,CA,AWP,WE,Towers with Radar,304,56,43,10,413,0,0,18,0,18,304,56,61,10,431,0,0,0,431
11/17/2006,SMF,CA,AWP,WE,Towers with Radar,332,63,36,0,431,0,0,0,0,0,332,63,36,0,431,0,0,0,431
11/18/2006,SMF,CA,AWP,WE,Towers with Radar,299,56,44,0,399,0,0,5,0,5,299,56,49,0,404,6,0,6,410
11/19/2006,SMF,CA,AWP,WE,Towers with Radar,304,31,29,22,386,0,0,0,0,0,304,31,29,22,386,0,2,2,388
11/20/2006,SMF,CA,AWP,WE,Towers with Radar,328,46,15,0,389,0,0,0,0,0,328,46,15,0,389,0,0,0,389
11/21/2006,SMF,CA,AWP,WE,Towers with Radar,365,60,37,2,464,0,0,15,0,15,365,60,52,2,479,52,0,52,531
11/22/2006,SMF,CA,AWP,WE,Towers with Radar,365,63,36,6,470,0,0,3,0,3,365,63,39,6,473,8,16,24,497
11/23/2006,SMF,CA,AWP,WE,Towers with Radar,235,30,10,0,275,0,0,14,0,14,235,30,24,0,289,0,0,0,289
11/24/2006,SMF,CA,AWP,WE,Towers with Radar,279,55,23,0,357,0,0,20,0,20,279,55,43,0,377,12,0,12,389
11/25/2006,SMF,CA,AWP,WE,Towers with Radar,295,54,28,0,377,0,0,18,0,18,295,54,46,0,395,8,0,8,403
11/26/2006,SMF,CA,AWP,WE,Towers with Radar,370,43,19,0,432,0,0,13,0,13,370,43,32,0,445,0,0,0,445
11/27/2006,SMF,CA,AWP,WE,Towers with Radar,369,59,38,8,474,0,0,8,0,8,369,59,46,8,482,0,18,18,500
11/28/2006,SMF,CA,AWP,WE,Towers with Radar,358,74,56,4,492,0,0,37,0,37,358,74,93,4,529,32,10,42,571
11/29/2006,SMF,CA,AWP,WE,Towers with Radar,349,80,16,2,447,0,0,46,0,46,349,80,62,2,493,32,2,34,527
11/30/2006,SMF,CA,AWP,WE,Towers with Radar,325,61,19,0,405,0,0,46,0,46,325,61,65,0,451,50,0,50,501
12/01/2006,SMF,CA,AWP,WE,Towers with Radar,295,62,30,2,389,0,0,17,0,17,295,62,47,2,406,68,0,68,474
12/02/2006,SMF,CA,AWP,WE,Towers with Radar,298,44,3,0,345,0,0,37,0,37,298,44,40,0,382,10,0,10,392
12/03/2006,SMF,CA,AWP,WE,Towers with Radar,351,41,26,2,420,0,0,27,0,27,351,41,53,2,447,8,2,10,457
12/04/2006,SMF,CA,AWP,WE,Towers with Radar,361,61,61,0,483,0,0,34,0,34,361,61,95,0,517,64,0,64,581
12/05/2006,SMF,CA,AWP,WE,Towers with Radar,336,62,40,8,446,0,0,7,0,7,336,62,47,8,453,16,2,18,471
12/06/2006,SMF,CA,AWP,WE,Towers with Radar,344,62,31,2,439,0,0,26,0,26,344,62,57,2,465,148,0,148,613
12/07/2006,SMF,CA,AWP,WE,Towers with Radar,324,67,42,0,433,0,0,13,0,13,324,67,55,0,446,164,0,164,610
12/08/2006,SMF,CA,AWP,WE,Towers with Radar,302,56,34,0,392,0,0,12,0,12,302,56,46,0,404,30,0,30,434
12/09/2006,SMF,CA,AWP,WE,Towers with Radar,293,57,13,0,363,0,0,0,0,0,293,57,13,0,363,0,0,0,363
12/10/2006,SMF,CA,AWP,WE,Towers with Radar,336,47,22,0,405,0,0,0,0,0,336,47,22,0,405,0,0,0,405
12/11/2006,SMF,CA,AWP,WE,Towers with Radar,364,70,40,4,478,0,0,27,0,27,364,70,67,4,505,28,10,38,543
12/12/2006,SMF,CA,AWP,WE,Towers with Radar,388,66,54,0,508,0,0,2,0,2,388,66,56,0,510,32,0,32,542
12/13/2006,SMF,CA,AWP,WE,Towers with Radar,351,58,34,6,449,0,0,18,0,18,351,58,52,6,467,8,0,8,475
12/14/2006,SMF,CA,AWP,WE,Towers with Radar,340,56,39,18,453,0,0,0,0,0,340,56,39,18,453,10,0,10,463
12/15/2006,SMF,CA,AWP,WE,Towers with Radar,309,66,35,2,412,0,0,7,0,7,309,66,42,2,419,0,2,2,421
12/16/2006,SMF,CA,AWP,WE,Towers with Radar,294,56,34,0,384,0,0,4,0,4,294,56,38,0,388,0,0,0,388
12/17/2006,SMF,CA,AWP,WE,Towers with Radar,354,41,9,0,404,0,0,17,0,17,354,41,26,0,421,10,0,10,431
12/18/2006,SMF,CA,AWP,WE,Towers with Radar,350,50,57,2,459,0,0,0,0,0,350,50,57,2,459,2,4,6,465
12/19/2006,SMF,CA,AWP,WE,Towers with Radar,324,58,43,2,427,0,0,20,0,20,324,58,63,2,447,4,4,8,455
12/20/2006,SMF,CA,AWP,WE,Towers with Radar,331,49,24,4,408,0,0,12,0,12,331,49,36,4,420,6,4,10,430
12/21/2006,SMF,CA,AWP,WE,Towers with Radar,298,51,23,2,374,0,0,2,0,2,298,51,25,2,376,0,0,0,376
12/22/2006,SMF,CA,AWP,WE,Towers with Radar,291,60,43,2,396,0,0,18,0,18,291,60,61,2,414,16,0,16,430
12/23/2006,SMF,CA,AWP,WE,Towers with Radar,310,52,34,0,396,0,0,11,0,11,310,52,45,0,407,10,0,10,417
12/24/2006,SMF,CA,AWP,WE,Towers with Radar,305,34,17,0,356,0,0,3,0,3,305,34,20,0,359,0,0,0,359
12/25/2006,SMF,CA,AWP,WE,Towers with Radar,336,36,11,0,383,0,0,0,0,0,336,36,11,0,383,0,0,0,383
12/26/2006,SMF,CA,AWP,WE,Towers with Radar,344,58,33,0,435,0,0,0,0,0,344,58,33,0,435,14,0,14,449
12/27/2006,SMF,CA,AWP,WE,Towers with Radar,366,61,28,2,457,0,0,1,0,1,366,61,29,2,458,4,0,4,462
12/28/2006,SMF,CA,AWP,WE,Towers with Radar,322,64,30,0,416,0,0,20,0,20,322,64,50,0,436,2,0,2,438
12/29/2006,SMF,CA,AWP,WE,Towers with Radar,305,70,19,0,394,0,0,20,0,20,305,70,39,0,414,18,0,18,432
12/30/2006,SMF,CA,AWP,WE,Towers with Radar,294,60,41,0,395,0,0,31,0,31,294,60,72,0,426,8,0,8,434
12/31/2006,SMF,CA,AWP,WE,Towers with Radar,262,48,7,0,317,0,0,14,0,14,262,48,21,0,331,0,0,0,331
01/01/2007,SMF,CA,AWP,WE,Towers with Radar,313,34,37,0,384,0,0,0,0,0,313,34,37,0,384,0,0,0,384
01/02/2007,SMF,CA,AWP,WE,Towers with Radar,338,51,24,0,413,0,0,0,0,0,338,51,24,0,413,0,0,0,413
01/03/2007,SMF,CA,AWP,WE,Towers with Radar,330,57,34,0,421,0,0,6,0,6,330,57,40,0,427,4,0,4,431
01/04/2007,SMF,CA,AWP,WE,Towers with Radar,292,66,28,10,396,0,0,12,0,12,292,66,40,10,408,18,8,26,434
01/05/2007,SMF,CA,AWP,WE,Towers with Radar,313,78,40,4,435,0,0,13,0,13,313,78,53,4,448,4,0,4,452
01/06/2007,SMF,CA,AWP,WE,Towers with Radar,277,59,36,21,393,0,0,14,0,14,277,59,50,21,407,0,4,4,411
01/07/2007,SMF,CA,AWP,WE,Towers with Radar,310,56,29,0,395,0,0,17,0,17,310,56,46,0,412,14,0,14,426
01/08/2007,SMF,CA,AWP,WE,Towers with Radar,325,58,55,4,442,0,0,14,0,14,325,58,69,4,456,18,16,34,490
01/09/2007,SMF,CA,AWP,WE,Towers with Radar,314,70,56,4,444,0,0,0,0,0,314,70,56,4,444,6,4,10,454
01/10/2007,SMF,CA,AWP,WE,Towers with Radar,313,61,23,0,397,0,0,18,0,18,313,61,41,0,415,96,0,96,511
01/11/2007,SMF,CA,AWP,WE,Towers with Radar,326,65,51,28,470,0,0,30,0,30,326,65,81,28,500,34,34,68,568
01/12/2007,SMF,CA,AWP,WE,Towers with Radar,317,73,33,4,427,0,0,34,0,34,317,73,67,4,461,42,0,42,503
01/13/2007,SMF,CA,AWP,WE,Towers with Radar,269,56,37,0,362,0,0,34,0,34,269,56,71,0,396,34,0,34,430
01/14/2007,SMF,CA,AWP,WE,Towers with Radar,299,61,41,0,401,0,0,9,0,9,299,61,50,0,410,24,0,24,434
01/15/2007,SMF,CA,AWP,WE,Towers with Radar,314,76,38,1,429,0,0,9,0,9,314,76,47,1,438,38,0,38,476
01/16/2007,SMF,CA,AWP,WE,Towers with Radar,326,66,44,12,448,0,0,0,0,0,326,66,44,12,448,26,10,36,484
01/17/2007,SMF,CA,AWP,WE,Towers with Radar,306,69,70,0,445,0,0,27,0,27,306,69,97,0,472,24,0,24,496
01/18/2007,SMF,CA,AWP,WE,Towers with Radar,306,63,26,4,399,0,0,36,0,36,306,63,62,4,435,22,14,36,471
01/19/2007,SMF,CA,AWP,WE,Towers with Radar,317,70,49,0,436,0,0,30,0,30,317,70,79,0,466,22,0,22,488
01/20/2007,SMF,CA,AWP,WE,Towers with Radar,265,51,12,0,328,0,0,23,0,23,265,51,35,0,351,10,0,10,361
01/21/2007,SMF,CA,AWP,WE,Towers with Radar,282,50,21,16,369,0,0,12,0,12,282,50,33,16,381,0,38,38,419
01/22/2007,SMF,CA,AWP,WE,Towers with Radar,308,52,41,6,407,0,0,22,0,22,308,52,63,6,429,18,6,24,453
01/23/2007,SMF,CA,AWP,WE,Towers with Radar,324,65,65,8,462,0,0,0,0,0,324,65,65,8,462,84,22,106,568
01/24/2007,SMF,CA,AWP,WE,Towers with Radar,350,55,32,4,441,0,0,33,0,33,350,55,65,4,474,32,6,38,512
01/25/2007,SMF,CA,AWP,WE,Towers with Radar,290,56,19,4,369,0,0,78,0,78,290,56,97,4,447,28,10,38,485
01/26/2007,SMF,CA,AWP,WE,Towers with Radar,317,52,12,4,385,0,0,36,0,36,317,52,48,4,421,6,8,14,435
01/27/2007,SMF,CA,AWP,WE,Towers with Radar,269,57,28,0,354,0,0,10,0,10,269,57,38,0,364,2,0,2,366
01/28/2007,SMF,CA,AWP,WE,Towers with Radar,300,42,32,0,374,0,0,9,0,9,300,42,41,0,383,6,0,6,389
01/29/2007,SMF,CA,AWP,WE,Towers with Radar,334,54,27,0,415,0,0,17,0,17,334,54,44,0,432,28,0,28,460
01/30/2007,SMF,CA,AWP,WE,Towers with Radar,316,61,76,6,459,0,0,0,0,0,316,61,76,6,459,134,0,134,593
01/31/2007,SMF,CA,AWP,WE,Towers with Radar,307,53,47,4,411,0,0,2,0,2,307,53,49,4,413,0,0,0,413
02/01/2007,SMF,CA,AWP,WE,Towers with Radar,305,68,26,2,401,0,0,1,0,1,305,68,27,2,402,0,0,0,402
02/02/2007,SMF,CA,AWP,WE,Towers with Radar,328,50,21,0,399,0,2,6,0,8,328,52,27,0,407,0,0,0,407
02/03/2007,SMF,CA,AWP,WE,Towers with Radar,286,50,20,0,356,0,0,43,0,43,286,50,63,0,399,0,0,0,399
02/04/2007,SMF,CA,AWP,WE,Towers with Radar,298,59,13,0,370,0,0,13,0,13,298,59,26,0,383,0,0,0,383
02/05/2007,SMF,CA,AWP,WE,Towers with Radar,337,57,58,2,454,0,0,6,0,6,337,57,64,2,460,42,0,42,502
02/06/2007,SMF,CA,AWP,WE,Towers with Radar,330,55,64,0,449,0,0,0,0,0,330,55,64,0,449,40,0,40,489
02/07/2007,SMF,CA,AWP,WE,Towers with Radar,317,49,23,14,403,0,0,2,0,2,317,49,25,14,405,0,0,0,405
02/08/2007,SMF,CA,AWP,WE,Towers with Radar,292,60,19,8,379,0,0,5,0,5,292,60,24,8,384,40,0,40,424
02/09/2007,SMF,CA,AWP,WE,Towers with Radar,318,70,31,8,427,0,0,0,0,0,318,70,31,8,427,0,8,8,435
02/10/2007,SMF,CA,AWP,WE,Towers with Radar,275,46,21,0,342,0,0,2,0,2,275,46,23,0,344,0,0,0,344
02/11/2007,SMF,CA,AWP,WE,Towers with Radar,312,51,14,0,377,0,0,26,0,26,312,51,40,0,403,0,0,0,403
02/12/2007,SMF,CA,AWP,WE,Towers with Radar,326,54,30,8,418,0,0,10,0,10,326,54,40,8,428,4,0,4,432
02/13/2007,SMF,CA,AWP,WE,Towers with Radar,310,61,39,6,416,0,0,0,0,0,310,61,39,6,416,6,0,6,422
02/14/2007,SMF,CA,AWP,WE,Towers with Radar,303,47,28,4,382,0,0,20,0,20,303,47,48,4,402,16,0,16,418
02/15/2007,SMF,CA,AWP,WE,Towers with Radar,285,55,21,2,363,0,0,61,0,61,285,55,82,2,424,26,10,36,460
02/16/2007,SMF,CA,AWP,WE,Towers with Radar,330,58,33,0,421,0,0,21,0,21,330,58,54,0,442,28,0,28,470
02/17/2007,SMF,CA,AWP,WE,Towers with Radar,262,56,11,0,329,0,0,44,0,44,262,56,55,0,373,8,0,8,381
02/18/2007,SMF,CA,AWP,WE,Towers with Radar,304,41,11,0,356,0,0,28,0,28,304,41,39,0,384,2,0,2,386
02/19/2007,SMF,CA,AWP,WE,Towers with Radar,345,56,58,0,459,0,0,16,0,16,345,56,74,0,475,30,0,30,505
02/20/2007,SMF,CA,AWP,WE,Towers with Radar,339,83,69,4,495,0,0,0,0,0,339,83,69,4,495,78,10,88,583
02/21/2007,SMF,CA,AWP,WE,Towers with Radar,328,62,30,2,422,0,0,12,0,12,328,62,42,2,434,12,0,12,446
02/22/2007,SMF,CA,AWP,WE,Towers with Radar,291,62,26,6,385,0,0,8,0,8,291,62,34,6,393,22,10,32,425
02/23/2007,SMF,CA,AWP,WE,Towers with Radar,325,68,59,0,452,0,0,10,0,10,325,68,69,0,462,46,0,46,508
02/24/2007,SMF,CA,AWP,WE,Towers with Radar,246,43,13,0,302,0,0,15,0,15,246,43,28,0,317,0,0,0,317
02/25/2007,SMF,CA,AWP,WE,Towers with Radar,289,36,16,0,341,0,0,1,0,1,289,36,17,0,342,0,0,0,342
02/26/2007,SMF,CA,AWP,WE,Towers with Radar,322,45,31,8,406,0,0,0,0,0,322,45,31,8,406,0,6,6,412
02/27/2007,SMF,CA,AWP,WE,Towers with Radar,332,51,20,6,409,0,0,4,0,4,332,51,24,6,413,60,0,60,473
02/28/2007,SMF,CA,AWP,WE,Towers with Radar,329,59,26,0,414,0,0,10,0,10,329,59,36,0,424,16,0,16,440
03/01/2007,SMF,CA,AWP,WE,Towers with Radar,300,57,46,0,403,0,0,10,0,10,300,57,56,0,413,26,0,26,439
03/02/2007,SMF,CA,AWP,WE,Towers with Radar,331,62,34,0,427,0,0,9,0,9,331,62,43,0,436,34,0,34,470
03/03/2007,SMF,CA,AWP,WE,Towers with Radar,290,56,28,0,374,0,0,22,0,22,290,56,50,0,396,4,0,4,400
03/04/2007,SMF,CA,AWP,WE,Towers with Radar,298,55,4,4,361,0,0,47,0,47,298,55,51,4,408,16,0,16,424
03/05/2007,SMF,CA,AWP,WE,Towers with Radar,329,62,45,0,436,0,0,10,0,10,329,62,55,0,446,30,0,30,476
03/06/2007,SMF,CA,AWP,WE,Towers with Radar,351,82,71,6,510,0,0,0,0,0,351,82,71,6,510,60,14,74,584
03/07/2007,SMF,CA,AWP,WE,Towers with Radar,357,69,26,0,452,0,0,11,0,11,357,69,37,0,463,0,0,0,463
03/08/2007,SMF,CA,AWP,WE,Towers with Radar,302,66,36,2,406,0,0,24,0,24,302,66,60,2,430,10,6,16,446
03/09/2007,SMF,CA,AWP,WE,Towers with Radar,312,68,30,2,412,0,0,36,0,36,312,68,66,2,448,0,0,0,448
03/10/2007,SMF,CA,AWP,WE,Towers with Radar,285,62,22,0,369,0,0,40,0,40,285,62,62,0,409,0,0,0,409
03/11/2007,SMF,CA,AWP,WE,Towers with Radar,309,59,5,0,373,0,0,63,0,63,309,59,68,0,436,59,0,59,495
03/12/2007,SMF,CA,AWP,WE,Towers with Radar,353,80,50,0,483,0,0,33,2,35,353,80,83,2,518,66,0,66,584
03/13/2007,SMF,CA,AWP,WE,Towers with Radar,340,73,92,8,513,0,0,0,0,0,340,73,92,8,513,48,0,48,561
03/14/2007,SMF,CA,AWP,WE,Towers with Radar,315,64,42,0,421,0,0,9,2,11,315,64,51,2,432,0,0,0,432
03/15/2007,SMF,CA,AWP,WE,Towers with Radar,322,61,51,2,436,0,0,61,0,61,322,61,112,2,497,42,0,42,539
03/16/2007,SMF,CA,AWP,WE,Towers with Radar,325,69,60,0,454,0,0,11,0,11,325,69,71,0,465,50,0,50,515
03/17/2007,SMF,CA,AWP,WE,Towers with Radar,310,60,62,0,432,0,0,12,0,12,310,60,74,0,444,124,0,124,568
03/18/2007,SMF,CA,AWP,WE,Towers with Radar,288,56,11,0,355,0,0,41,0,41,288,56,52,0,396,74,0,74,470
03/19/2007,SMF,CA,AWP,WE,Towers with Radar,311,70,56,2,439,0,0,20,0,20,311,70,76,2,459,66,10,76,535
03/20/2007,SMF,CA,AWP,WE,Towers with Radar,348,62,34,2,446,0,0,0,0,0,348,62,34,2,446,4,8,12,458
03/21/2007,SMF,CA,AWP,WE,Towers with Radar,338,61,36,2,437,0,0,26,0,26,338,61,62,2,463,58,6,64,527
03/22/2007,SMF,CA,AWP,WE,Towers with Radar,309,66,29,4,408,0,0,25,0,25,309,66,54,4,433,34,0,34,467
03/23/2007,SMF,CA,AWP,WE,Towers with Radar,356,81,52,0,489,0,0,24,0,24,356,81,76,0,513,58,0,58,571
03/24/2007,SMF,CA,AWP,WE,Towers with Radar,330,51,17,0,398,0,6,33,0,39,330,57,50,0,437,6,0,6,443
03/25/2007,SMF,CA,AWP,WE,Towers with Radar,340,48,11,0,399,0,0,40,0,40,340,48,51,0,439,22,0,22,461
03/26/2007,SMF,CA,AWP,WE,Towers with Radar,365,66,24,2,457,0,0,7,0,7,365,66,31,2,464,0,2,2,466
03/27/2007,SMF,CA,AWP,WE,Towers with Radar,343,79,46,6,474,0,0,0,0,0,343,79,46,6,474,16,8,24,498
03/28/2007,SMF,CA,AWP,WE,Towers with Radar,324,72,36,0,432,0,0,23,0,23,324,72,59,0,455,40,0,40,495
03/29/2007,SMF,CA,AWP,WE,Towers with Radar,319,59,17,4,399,0,0,32,0,32,319,59,49,4,431,8,0,8,439
03/30/2007,SMF,CA,AWP,WE,Towers with Radar,306,70,33,2,411,0,0,17,0,17,306,70,50,2,428,12,6,18,446
03/31/2007,SMF,CA,AWP,WE,Towers with Radar,275,58,5,2,340,0,0,49,0,49,275,58,54,2,389,0,0,0,389
04/01/2007,SMF,CA,AWP,WE,Towers with Radar,359,50,0,0,409,0,0,67,0,67,359,50,67,0,476,82,0,82,558
04/02/2007,SMF,CA,AWP,WE,Towers with Radar,337,71,23,8,439,0,0,39,0,39,337,71,62,8,478,44,20,64,542
04/03/2007,SMF,CA,AWP,WE,Towers with Radar,362,60,57,2,481,0,0,0,0,0,362,60,57,2,481,22,4,26,507
04/04/2007,SMF,CA,AWP,WE,Towers with Radar,344,60,12,0,416,0,0,26,0,26,344,60,38,0,442,6,0,6,448
04/05/2007,SMF,CA,AWP,WE,Towers with Radar,304,69,31,0,404,0,0,61,0,61,304,69,92,0,465,22,0,22,487
04/06/2007,SMF,CA,AWP,WE,Towers with Radar,321,69,54,0,444,0,0,25,0,25,321,69,79,0,469,0,0,0,469
04/07/2007,SMF,CA,AWP,WE,Towers with Radar,283,63,27,2,375,0,0,16,0,16,283,63,43,2,391,4,0,4,395
04/08/2007,SMF,CA,AWP,WE,Towers with Radar,319,43,35,0,397,0,0,9,0,9,319,43,44,0,406,0,0,0,406
04/09/2007,SMF,CA,AWP,WE,Towers with Radar,367,63,40,8,478,0,0,12,0,12,367,63,52,8,490,25,38,63,553
04/10/2007,SMF,CA,AWP,WE,Towers with Radar,373,64,75,14,526,0,0,0,0,0,373,64,75,14,526,10,26,36,562
04/11/2007,SMF,CA,AWP,WE,Towers with Radar,359,62,22,4,447,0,0,6,0,6,359,62,28,4,453,6,0,6,459
04/12/2007,SMF,CA,AWP,WE,Towers with Radar,318,57,24,6,405,0,0,24,4,28,318,57,48,10,433,0,22,22,455
04/13/2007,SMF,CA,AWP,WE,Towers with Radar,352,72,41,4,469,0,0,26,0,26,352,72,67,4,495,38,0,38,533
04/14/2007,SMF,CA,AWP,WE,Towers with Radar,311,63,12,2,388,0,0,10,0,10,311,63,22,2,398,0,0,0,398
04/15/2007,SMF,CA,AWP,WE,Towers with Radar,335,58,6,0,399,0,0,29,0,29,335,58,35,0,428,6,0,6,434
04/16/2007,SMF,CA,AWP,WE,Towers with Radar,341,51,36,0,428,0,0,10,0,10,341,51,46,0,438,0,0,0,438
04/17/2007,SMF,CA,AWP,WE,Towers with Radar,376,79,39,2,496,0,0,0,0,0,376,79,39,2,496,0,6,6,502
04/18/2007,SMF,CA,AWP,WE,Towers with Radar,364,57,40,0,461,0,0,16,0,16,364,57,56,0,477,0,0,0,477
04/19/2007,SMF,CA,AWP,WE,Towers with Radar,306,61,19,6,392,0,0,27,0,27,306,61,46,6,419,0,6,6,425
04/20/2007,SMF,CA,AWP,WE,Towers with Radar,329,70,34,2,435,0,0,23,0,23,329,70,57,2,458,8,0,8,466
04/21/2007,SMF,CA,AWP,WE,Towers with Radar,292,42,14,0,348,0,0,23,0,23,292,42,37,0,371,8,0,8,379
04/22/2007,SMF,CA,AWP,WE,Towers with Radar,343,53,3,0,399,0,0,32,0,32,343,53,35,0,431,4,0,4,435
04/23/2007,SMF,CA,AWP,WE,Towers with Radar,374,49,42,2,467,0,0,13,0,13,374,49,55,2,480,8,6,14,494
04/24/2007,SMF,CA,AWP,WE,Towers with Radar,386,81,62,4,533,0,0,0,0,0,386,81,62,4,533,18,0,18,551
04/25/2007,SMF,CA,AWP,WE,Towers with Radar,362,60,45,4,471,0,0,16,0,16,362,60,61,4,487,6,0,6,493
04/26/2007,SMF,CA,AWP,WE,Towers with Radar,358,75,62,0,495,0,0,22,0,22,358,75,84,0,517,32,0,32,549
04/27/2007,SMF,CA,AWP,WE,Towers with Radar,318,54,7,0,379,0,0,46,0,46,318,54,53,0,425,18,0,18,443
04/28/2007,SMF,CA,AWP,WE,Towers with Radar,301,56,10,0,367,0,0,51,0,51,301,56,61,0,418,54,0,54,472
04/29/2007,SMF,CA,AWP,WE,Towers with Radar,314,56,0,0,370,0,0,64,0,64,314,56,64,0,434,32,0,32,466
04/30/2007,SMF,CA,AWP,WE,Towers with Radar,355,75,46,36,512,0,0,14,0,14,355,75,60,36,526,84,10,94,620
05/01/2007,SMF,CA,AWP,WE,Towers with Radar,373,97,48,8,526,0,0,0,0,0,373,97,48,8,526,52,0,52,578
05/02/2007,SMF,CA,AWP,WE,Towers with Radar,363,54,22,2,441,0,0,10,0,10,363,54,32,2,451,0,0,0,451
05/03/2007,SMF,CA,AWP,WE,Towers with Radar,335,52,18,2,407,0,0,23,0,23,335,52,41,2,430,0,0,0,430
05/04/2007,SMF,CA,AWP,WE,Towers with Radar,338,50,14,0,402,0,0,31,0,31,338,50,45,0,433,32,0,32,465
05/05/2007,SMF,CA,AWP,WE,Towers with Radar,313,59,24,0,396,0,0,33,0,33,313,59,57,0,429,0,0,0,429
05/06/2007,SMF,CA,AWP,WE,Towers with Radar,343,33,17,0,393,0,0,32,0,32,343,33,49,0,425,70,0,70,495
05/07/2007,SMF,CA,AWP,WE,Towers with Radar,360,67,58,0,485,0,0,22,0,22,360,67,80,0,507,132,0,132,639
05/08/2007,SMF,CA,AWP,WE,Towers with Radar,355,81,75,0,511,0,0,0,0,0,355,81,75,0,511,34,0,34,545
05/09/2007,SMF,CA,AWP,WE,Towers with Radar,360,61,21,4,446,0,0,34,0,34,360,61,55,4,480,58,0,58,538
05/10/2007,SMF,CA,AWP,WE,Towers with Radar,327,65,45,0,437,0,0,41,0,41,327,65,86,0,478,94,0,94,572
05/11/2007,SMF,CA,AWP,WE,Towers with Radar,337,68,58,0,463,0,0,20,4,24,337,68,78,4,487,52,0,52,539
05/12/2007,SMF,CA,AWP,WE,Towers with Radar,319,54,23,0,396,0,0,35,0,35,319,54,58,0,431,102,0,102,533
05/13/2007,SMF,CA,AWP,WE,Towers with Radar,339,49,14,0,402,0,0,23,0,23,339,49,37,0,425,60,0,60,485
05/14/2007,SMF,CA,AWP,WE,Towers with Radar,355,56,54,2,467,0,0,8,0,8,355,56,62,2,475,122,22,144,619
05/15/2007,SMF,CA,AWP,WE,Towers with Radar,355,64,72,2,493,0,0,0,0,0,355,64,72,2,493,12,0,12,505
05/16/2007,SMF,CA,AWP,WE,Towers with Radar,333,75,46,6,460,0,0,17,0,17,333,75,63,6,477,24,0,24,501
05/17/2007,SMF,CA,AWP,WE,Towers with Radar,354,72,69,0,495,0,0,9,0,9,354,72,78,0,504,31,0,31,535
05/18/2007,SMF,CA,AWP,WE,Towers with Radar,318,65,33,0,416,0,0,48,0,48,318,65,81,0,464,10,0,10,474
05/19/2007,SMF,CA,AWP,WE,Towers with Radar,302,50,4,0,356,0,0,40,0,40,302,50,44,0,396,6,0,6,402
05/20/2007,SMF,CA,AWP,WE,Towers with Radar,299,38,18,0,355,0,0,67,0,67,299,38,85,0,422,66,0,66,488
05/21/2007,SMF,CA,AWP,WE,Towers with Radar,336,74,61,2,473,0,0,17,0,17,336,74,78,2,490,148,0,148,638
05/22/2007,SMF,CA,AWP,WE,Towers with Radar,321,69,62,4,456,0,0,0,0,0,321,69,62,4,456,14,0,14,470
05/23/2007,SMF,CA,AWP,WE,Towers with Radar,321,69,12,2,404,0,0,48,0,48,321,69,60,2,452,22,0,22,474
05/24/2007,SMF,CA,AWP,WE,Towers with Radar,339,57,41,0,437,0,0,58,0,58,339,57,99,0,495,22,0,22,517
05/25/2007,SMF,CA,AWP,WE,Towers with Radar,348,59,26,0,433,0,0,46,0,46,348,59,72,0,479,16,0,16,495
05/26/2007,SMF,CA,AWP,WE,Towers with Radar,291,44,0,0,335,0,0,42,0,42,291,44,42,0,377,12,0,12,389
05/27/2007,SMF,CA,AWP,WE,Towers with Radar,252,45,0,0,297,0,0,15,0,15,252,45,15,0,312,16,0,16,328
05/28/2007,SMF,CA,AWP,WE,Towers with Radar,353,53,40,0,446,0,0,6,0,6,353,53,46,0,452,14,0,14,466
05/29/2007,SMF,CA,AWP,WE,Towers with Radar,318,80,51,2,451,0,0,0,0,0,318,80,51,2,451,13,12,25,476
05/30/2007,SMF,CA,AWP,WE,Towers with Radar,350,82,36,0,468,0,0,22,0,22,350,82,58,0,490,13,0,13,503
05/31/2007,SMF,CA,AWP,WE,Towers with Radar,360,77,39,8,484,0,0,18,0,18,360,77,57,8,502,70,6,76,578
06/01/2007,SMF,CA,AWP,WE,Towers with Radar,348,68,37,4,457,0,0,39,0,39,348,68,76,4,496,62,0,62,558
06/02/2007,SMF,CA,AWP,WE,Towers with Radar,291,65,32,0,388,0,0,23,0,23,291,65,55,0,411,96,0,96,507
06/03/2007,SMF,CA,AWP,WE,Towers with Radar,335,40,10,0,385,0,0,15,0,15,335,40,25,0,400,76,0,76,476
06/04/2007,SMF,CA,AWP,WE,Towers with Radar,354,65,48,2,469,0,0,6,0,6,354,65,54,2,475,86,0,86,561
06/05/2007,SMF,CA,AWP,WE,Towers with Radar,329,75,34,2,440,0,0,0,0,0,329,75,34,2,440,2,0,2,442
06/06/2007,SMF,CA,AWP,WE,Towers with Radar,319,91,35,2,447,0,0,29,0,29,319,91,64,2,476,16,0,16,492
06/07/2007,SMF,CA,AWP,WE,Towers with Radar,342,90,14,0,446,0,0,53,0,53,342,90,67,0,499,2,0,2,501
06/08/2007,SMF,CA,AWP,WE,Towers with Radar,351,80,22,2,455,0,0,52,0,52,351,80,74,2,507,42,0,42,549
06/09/2007,SMF,CA,AWP,WE,Towers with Radar,320,64,27,2,413,0,0,20,0,20,320,64,47,2,433,0,0,0,433
06/10/2007,SMF,CA,AWP,WE,Towers with Radar,302,58,0,0,360,0,0,37,0,37,302,58,37,0,397,6,0,6,403
06/11/2007,SMF,CA,AWP,WE,Towers with Radar,319,90,50,0,459,0,0,7,0,7,319,90,57,0,466,16,0,16,482
06/12/2007,SMF,CA,AWP,WE,Towers with Radar,322,91,42,0,455,0,0,0,0,0,322,91,42,0,455,36,0,36,491
06/13/2007,SMF,CA,AWP,WE,Towers with Radar,322,85,24,0,431,0,0,23,0,23,322,85,47,0,454,40,0,40,494
06/14/2007,SMF,CA,AWP,WE,Towers with Radar,315,78,19,2,414,0,0,16,0,16,315,78,35,2,430,6,2,8,438
06/15/2007,SMF,CA,AWP,WE,Towers with Radar,340,82,27,0,449,0,0,24,0,24,340,82,51,0,473,0,0,0,473
06/16/2007,SMF,CA,AWP,WE,Towers with Radar,284,61,0,0,345,0,0,41,0,41,284,61,41,0,386,8,0,8,394
06/17/2007,SMF,CA,AWP,WE,Towers with Radar,319,56,21,0,396,0,0,67,0,67,319,56,88,0,463,8,0,8,471
06/18/2007,SMF,CA,AWP,WE,Towers with Radar,322,81,61,0,464,0,0,11,0,11,322,81,72,0,475,8,0,8,483
06/19/2007,SMF,CA,AWP,WE,Towers with Radar,303,85,67,0,455,0,0,0,0,0,303,85,67,0,455,22,0,22,477
06/20/2007,SMF,CA,AWP,WE,Towers with Radar,311,91,55,4,461,0,0,19,0,19,311,91,74,4,480,6,2,8,488
06/21/2007,SMF,CA,AWP,WE,Towers with Radar,322,88,18,2,430,0,0,36,0,36,322,88,54,2,466,12,0,12,478
06/22/2007,SMF,CA,AWP,WE,Towers with Radar,349,73,30,0,452,0,0,27,0,27,349,73,57,0,479,6,0,6,485
06/23/2007,SMF,CA,AWP,WE,Towers with Radar,291,66,1,0,358,0,0,57,0,57,291,66,58,0,415,20,0,20,435
06/24/2007,SMF,CA,AWP,WE,Towers with Radar,305,50,1,3,359,0,0,102,0,102,305,50,103,3,461,96,0,96,557
06/25/2007,SMF,CA,AWP,WE,Towers with Radar,352,78,48,2,480,0,0,9,0,9,352,78,57,2,489,106,0,106,595
06/26/2007,SMF,CA,AWP,WE,Towers with Radar,363,86,69,4,522,0,0,0,0,0,363,86,69,4,522,32,0,32,554
06/27/2007,SMF,CA,AWP,WE,Towers with Radar,359,74,45,2,480,0,0,15,0,15,359,74,60,2,495,38,0,38,533
06/28/2007,SMF,CA,AWP,WE,Towers with Radar,331,90,28,6,455,0,0,52,0,52,331,90,80,6,507,12,0,12,519
06/29/2007,SMF,CA,AWP,WE,Towers with Radar,370,62,33,1,466,0,0,34,0,34,370,62,67,1,500,0,0,0,500
06/30/2007,SMF,CA,AWP,WE,Towers with Radar,297,66,2,0,365,0,0,39,0,39,297,66,41,0,404,6,6,12,416
07/01/2007,SMF,CA,AWP,WE,Towers with Radar,337,52,6,0,395,0,0,30,0,30,337,52,36,0,425,12,0,12,437
07/02/2007,SMF,CA,AWP,WE,Towers with Radar,375,84,56,4,519,0,0,14,0,14,375,84,70,4,533,140,0,140,673
07/03/2007,SMF,CA,AWP,WE,Towers with Radar,322,81,16,4,423,0,0,30,0,30,322,81,46,4,453,62,6,68,521
07/04/2007,SMF,CA,AWP,WE,Towers with Radar,311,60,16,0,387,0,0,8,0,8,311,60,24,0,395,0,0,0,395
07/05/2007,SMF,CA,AWP,WE,Towers with Radar,311,84,25,0,420,0,0,35,0,35,311,84,60,0,455,10,0,10,465
07/06/2007,SMF,CA,AWP,WE,Towers with Radar,370,62,46,2,480,0,0,34,0,34,370,62,80,2,514,2,0,2,516
07/07/2007,SMF,CA,AWP,WE,Towers with Radar,311,67,28,0,406,0,0,43,0,43,311,67,71,0,449,122,0,122,571
07/08/2007,SMF,CA,AWP,WE,Towers with Radar,340,57,17,0,414,0,0,35,0,35,340,57,52,0,449,12,0,12,461
07/09/2007,SMF,CA,AWP,WE,Towers with Radar,338,85,48,0,471,0,0,8,0,8,338,85,56,0,479,106,0,106,585
07/10/2007,SMF,CA,AWP,WE,Towers with Radar,347,100,35,8,490,0,0,0,0,0,347,100,35,8,490,18,0,18,508
07/11/2007,SMF,CA,AWP,WE,Towers with Radar,336,92,21,0,449,0,0,24,0,24,336,92,45,0,473,4,0,4,477
07/12/2007,SMF,CA,AWP,WE,Towers with Radar,321,78,20,2,421,0,0,55,0,55,321,78,75,2,476,0,0,0,476
07/13/2007,SMF,CA,AWP,WE,Towers with Radar,340,82,35,5,462,0,0,35,0,35,340,82,70,5,497,72,2,74,571
07/14/2007,SMF,CA,AWP,WE,Towers with Radar,319,65,16,0,400,0,0,35,0,35,319,65,51,0,435,0,0,0,435
07/15/2007,SMF,CA,AWP,WE,Towers with Radar,336,59,29,0,424,0,0,34,0,34,336,59,63,0,458,2,0,2,460
07/16/2007,SMF,CA,AWP,WE,Towers with Radar,361,78,46,0,485,0,0,7,0,7,361,78,53,0,492,20,0,20,512
07/17/2007,SMF,CA,AWP,WE,Towers with Radar,367,78,53,2,500,0,0,0,0,0,367,78,53,2,500,12,6,18,518
07/18/2007,SMF,CA,AWP,WE,Towers with Radar,359,99,35,0,493,0,0,15,0,15,359,99,50,0,508,6,0,6,514
07/19/2007,SMF,CA,AWP,WE,Towers with Radar,322,83,14,0,419,0,0,33,0,33,322,83,47,0,452,12,0,12,464
07/20/2007,SMF,CA,AWP,WE,Towers with Radar,329,100,27,4,460,0,0,36,0,36,329,100,63,4,496,30,4,34,530
07/21/2007,SMF,CA,AWP,WE,Towers with Radar,319,68,6,0,393,0,0,37,0,37,319,68,43,0,430,8,0,8,438
07/22/2007,SMF,CA,AWP,WE,Towers with Radar,363,62,29,0,454,0,0,19,0,19,363,62,48,0,473,0,0,0,473
07/23/2007,SMF,CA,AWP,WE,Towers with Radar,299,93,50,2,444,0,0,4,0,4,299,93,54,2,448,2,2,4,452
07/24/2007,SMF,CA,AWP,WE,Towers with Radar,324,95,38,6,463,0,0,23,0,23,324,95,61,6,486,22,0,22,508
07/25/2007,SMF,CA,AWP,WE,Towers with Radar,358,88,34,2,482,0,0,16,0,16,358,88,50,2,498,16,6,22,520
07/26/2007,SMF,CA,AWP,WE,Towers with Radar,334,102,36,0,472,0,0,29,0,29,334,102,65,0,501,0,0,0,501
07/27/2007,SMF,CA,AWP,WE,Towers with Radar,306,84,24,0,414,0,0,30,0,30,306,84,54,0,444,8,0,8,452
07/28/2007,SMF,CA,AWP,WE,Towers with Radar,301,73,18,0,392,0,0,15,0,15,301,73,33,0,407,0,0,0,407
07/29/2007,SMF,CA,AWP,WE,Towers with Radar,329,56,10,0,395,0,0,20,0,20,329,56,30,0,415,0,0,0,415
07/30/2007,SMF,CA,AWP,WE,Towers with Radar,410,70,48,0,528,0,0,12,0,12,410,70,60,0,540,4,0,4,544
07/31/2007,SMF,CA,AWP,WE,Towers with Radar,317,93,61,0,471,0,0,0,0,0,317,93,61,0,471,24,0,24,495
08/01/2007,SMF,CA,AWP,WE,Towers with Radar,353,94,37,36,520,0,0,12,0,12,353,94,49,36,532,0,10,10,542
08/02/2007,SMF,CA,AWP,WE,Towers with Radar,328,94,38,2,462,0,0,43,0,43,328,94,81,2,505,4,0,4,509
08/03/2007,SMF,CA,AWP,WE,Towers with Radar,334,102,26,2,464,0,0,25,0,25,334,102,51,2,489,0,0,0,489
08/04/2007,SMF,CA,AWP,WE,Towers with Radar,318,67,8,6,399,0,0,19,0,19,318,67,27,6,418,2,12,14,432
08/05/2007,SMF,CA,AWP,WE,Towers with Radar,315,64,11,2,392,0,0,26,0,26,315,64,37,2,418,2,0,2,420
08/06/2007,SMF,CA,AWP,WE,Towers with Radar,347,94,48,4,493,0,0,8,0,8,347,94,56,4,501,6,8,14,515
08/07/2007,SMF,CA,AWP,WE,Towers with Radar,309,100,59,0,468,0,0,0,0,0,309,100,59,0,468,0,0,0,468
08/08/2007,SMF,CA,AWP,WE,Towers with Radar,359,105,24,2,490,0,0,37,0,37,359,105,61,2,527,18,10,28,555
08/09/2007,SMF,CA,AWP,WE,Towers with Radar,311,97,49,0,457,0,0,34,0,34,311,97,83,0,491,16,0,16,507
08/10/2007,SMF,CA,AWP,WE,Towers with Radar,338,85,40,0,463,0,0,36,0,36,338,85,76,0,499,18,0,18,517
08/11/2007,SMF,CA,AWP,WE,Towers with Radar,277,75,9,0,361,0,0,47,0,47,277,75,56,0,408,6,0,6,414
08/12/2007,SMF,CA,AWP,WE,Towers with Radar,301,66,5,0,372,0,0,56,0,56,301,66,61,0,428,4,0,4,432
08/13/2007,SMF,CA,AWP,WE,Towers with Radar,356,69,48,4,477,0,0,8,0,8,356,69,56,4,485,2,4,6,491
08/14/2007,SMF,CA,AWP,WE,Towers with Radar,337,85,49,4,475,0,0,10,0,10,337,85,59,4,485,2,10,12,497
08/15/2007,SMF,CA,AWP,WE,Towers with Radar,320,107,62,8,497,0,0,27,0,27,320,107,89,8,524,26,0,26,550
08/16/2007,SMF,CA,AWP,WE,Towers with Radar,312,94,22,2,430,0,0,32,0,32,312,94,54,2,462,0,0,0,462
08/17/2007,SMF,CA,AWP,WE,Towers with Radar,307,81,48,4,440,0,0,30,0,30,307,81,78,4,470,8,0,8,478
08/18/2007,SMF,CA,AWP,WE,Towers with Radar,284,79,3,0,366,0,0,31,0,31,284,79,34,0,397,0,0,0,397
08/19/2007,SMF,CA,AWP,WE,Towers with Radar,351,57,0,0,408,0,0,27,0,27,351,57,27,0,435,0,0,0,435
08/20/2007,SMF,CA,AWP,WE,Towers with Radar,367,90,54,0,511,0,0,6,0,6,367,90,60,0,517,12,0,12,529
08/21/2007,SMF,CA,AWP,WE,Towers with Radar,304,11,18,0,333,0,0,50,0,50,304,11,68,0,383,32,0,32,415
08/22/2007,SMF,CA,AWP,WE,Towers with Radar,337,87,35,0,459,0,0,14,0,14,337,87,49,0,473,12,0,12,485
08/23/2007,SMF,CA,AWP,WE,Towers with Radar,362,83,20,0,465,0,0,43,0,43,362,83,63,0,508,10,0,10,518
08/24/2007,SMF,CA,AWP,WE,Towers with Radar,324,103,57,0,484,0,0,29,0,29,324,103,86,0,513,40,0,40,553
08/25/2007,SMF,CA,AWP,WE,Towers with Radar,300,77,34,0,411,0,0,15,0,15,300,77,49,0,426,26,0,26,452
08/26/2007,SMF,CA,AWP,WE,Towers with Radar,310,76,28,0,414,0,0,29,0,29,310,76,57,0,443,4,0,4,447
08/27/2007,SMF,CA,AWP,WE,Towers with Radar,374,88,69,8,539,0,0,9,0,9,374,88,78,8,548,6,8,14,562
08/28/2007,SMF,CA,AWP,WE,Towers with Radar,314,83,19,10,426,0,0,48,0,48,314,83,67,10,474,22,8,30,504
08/29/2007,SMF,CA,AWP,WE,Towers with Radar,329,83,42,2,456,0,0,36,0,36,329,83,78,2,492,10,2,12,504
08/30/2007,SMF,CA,AWP,WE,Towers with Radar,351,109,122,12,594,0,0,9,0,9,351,109,131,12,603,72,8,80,683
08/31/2007,SMF,CA,AWP,WE,Towers with Radar,347,82,46,0,475,0,0,49,0,49,347,82,95,0,524,46,0,46,570
09/01/2007,SMF,CA,AWP,WE,Towers with Radar,299,55,18,0,372,0,0,15,0,15,299,55,33,0,387,6,0,6,393
09/02/2007,SMF,CA,AWP,WE,Towers with Radar,274,45,0,0,319,0,0,38,0,38,274,45,38,0,357,8,0,8,365
09/03/2007,SMF,CA,AWP,WE,Towers with Radar,359,68,46,0,473,0,0,6,0,6,359,68,52,0,479,6,0,6,485
09/04/2007,SMF,CA,AWP,WE,Towers with Radar,320,98,82,6,506,0,0,0,0,0,320,98,82,6,506,26,28,54,560
09/05/2007,SMF,CA,AWP,WE,Towers with Radar,389,70,35,2,496,0,0,11,0,11,389,70,46,2,507,4,0,4,511
09/06/2007,SMF,CA,AWP,WE,Towers with Radar,339,99,42,0,480,0,0,18,0,18,339,99,60,0,498,2,0,2,500
09/07/2007,SMF,CA,AWP,WE,Towers with Radar,324,100,48,0,472,0,0,16,0,16,324,100,64,0,488,58,0,58,546
09/08/2007,SMF,CA,AWP,WE,Towers with Radar,289,63,16,0,368,0,0,23,0,23,289,63,39,0,391,2,0,2,393
09/09/2007,SMF,CA,AWP,WE,Towers with Radar,332,50,9,0,391,0,0,44,0,44,332,50,53,0,435,8,0,8,443
09/10/2007,SMF,CA,AWP,WE,Towers with Radar,380,66,46,4,496,0,0,4,0,4,380,66,50,4,500,8,0,8,508
09/11/2007,SMF,CA,AWP,WE,Towers with Radar,300,90,52,10,452,0,0,0,0,0,300,90,52,10,452,10,18,28,480
09/12/2007,SMF,CA,AWP,WE,Towers with Radar,294,95,18,4,411,0,0,30,0,30,294,95,48,4,441,6,2,8,449
09/13/2007,SMF,CA,AWP,WE,Towers with Radar,338,79,28,2,447,0,0,37,0,37,338,79,65,2,484,46,4,50,534
09/14/2007,SMF,CA,AWP,WE,Towers with Radar,296,83,38,2,419,0,0,37,0,37,296,83,75,2,456,76,10,86,542
09/15/2007,SMF,CA,AWP,WE,Towers with Radar,273,60,50,6,389,0,0,15,0,15,273,60,65,6,404,0,0,0,404
09/16/2007,SMF,CA,AWP,WE,Towers with Radar,364,39,11,0,414,0,0,26,0,26,364,39,37,0,440,4,0,4,444
09/17/2007,SMF,CA,AWP,WE,Towers with Radar,362,81,66,0,509,0,0,21,0,21,362,81,87,0,530,62,0,62,592
09/18/2007,SMF,CA,AWP,WE,Towers with Radar,298,98,71,4,471,0,0,0,0,0,298,98,71,4,471,14,10,24,495
09/19/2007,SMF,CA,AWP,WE,Towers with Radar,319,95,28,4,446,0,0,22,0,22,319,95,50,4,468,6,2,8,476
09/20/2007,SMF,CA,AWP,WE,Towers with Radar,324,102,55,0,481,0,0,22,0,22,324,102,77,0,503,26,0,26,529
09/21/2007,SMF,CA,AWP,WE,Towers with Radar,325,90,40,17,472,0,0,15,0,15,325,90,55,17,487,12,10,22,509
09/22/2007,SMF,CA,AWP,WE,Towers with Radar,271,74,16,16,377,0,0,11,0,11,271,74,27,16,388,0,10,10,398
09/23/2007,SMF,CA,AWP,WE,Towers with Radar,370,52,21,0,443,0,0,22,0,22,370,52,43,0,465,0,0,0,465
09/24/2007,SMF,CA,AWP,WE,Towers with Radar,403,69,62,0,534,0,0,8,0,8,403,69,70,0,542,72,0,72,614
09/25/2007,SMF,CA,AWP,WE,Towers with Radar,361,77,51,0,489,0,0,9,0,9,361,77,60,0,498,24,0,24,522
09/26/2007,SMF,CA,AWP,WE,Towers with Radar,313,103,64,2,482,0,0,23,0,23,313,103,87,2,505,14,6,20,525
09/27/2007,SMF,CA,AWP,WE,Towers with Radar,308,94,51,0,453,0,0,48,0,48,308,94,99,0,501,30,0,30,531
09/28/2007,SMF,CA,AWP,WE,Towers with Radar,374,83,64,0,521,0,0,16,0,16,374,83,80,0,537,46,0,46,583
09/29/2007,SMF,CA,AWP,WE,Towers with Radar,292,63,4,0,359,0,0,32,0,32,292,63,36,0,391,10,0,10,401
09/30/2007,SMF,CA,AWP,WE,Towers with Radar,358,39,10,0,407,0,0,12,2,14,358,39,22,2,421,12,0,12,433
10/01/2007,SMF,CA,AWP,WE,Towers with Radar,360,97,54,12,523,0,0,8,0,8,360,97,62,12,531,18,12,30,561
10/02/2007,SMF,CA,AWP,WE,Towers with Radar,357,70,79,8,514,0,0,0,0,0,357,70,79,8,514,94,4,98,612
10/03/2007,SMF,CA,AWP,WE,Towers with Radar,369,91,27,6,493,0,0,13,0,13,369,91,40,6,506,2,0,2,508
10/04/2007,SMF,CA,AWP,WE,Towers with Radar,301,99,16,12,428,0,0,26,0,26,301,99,42,12,454,62,18,80,534
10/05/2007,SMF,CA,AWP,WE,Towers with Radar,324,84,69,2,479,0,0,15,0,15,324,84,84,2,494,80,8,88,582
10/06/2007,SMF,CA,AWP,WE,Towers with Radar,287,58,10,0,355,0,0,18,0,18,287,58,28,0,373,0,0,0,373
10/07/2007,SMF,CA,AWP,WE,Towers with Radar,341,71,24,0,436,0,0,19,0,19,341,71,43,0,455,12,0,12,467
10/08/2007,SMF,CA,AWP,WE,Towers with Radar,347,88,84,0,519,0,0,10,0,10,347,88,94,0,529,114,0,114,643
10/09/2007,SMF,CA,AWP,WE,Towers with Radar,316,79,36,2,433,0,0,0,0,0,316,79,36,2,433,4,0,4,437
10/10/2007,SMF,CA,AWP,WE,Towers with Radar,320,97,24,4,445,0,0,33,6,39,320,97,57,10,484,38,4,42,526
10/11/2007,SMF,CA,AWP,WE,Towers with Radar,339,71,60,0,470,0,0,32,0,32,339,71,92,0,502,46,0,46,548
10/12/2007,SMF,CA,AWP,WE,Towers with Radar,366,78,39,2,485,0,0,14,0,14,366,78,53,2,499,6,0,6,505
10/13/2007,SMF,CA,AWP,WE,Towers with Radar,289,73,17,0,379,0,0,20,0,20,289,73,37,0,399,8,0,8,407
10/14/2007,SMF,CA,AWP,WE,Towers with Radar,310,71,4,0,385,0,0,32,0,32,310,71,36,0,417,8,0,8,425
10/15/2007,SMF,CA,AWP,WE,Towers with Radar,392,81,40,0,513,0,0,2,0,2,392,81,42,0,515,0,0,0,515
10/16/2007,SMF,CA,AWP,WE,Towers with Radar,313,109,44,2,468,0,0,0,0,0,313,109,44,2,468,0,0,0,468
10/17/2007,SMF,CA,AWP,WE,Towers with Radar,352,87,48,0,487,0,0,25,0,25,352,87,73,0,512,24,0,24,536
10/18/2007,SMF,CA,AWP,WE,Towers with Radar,314,95,49,6,464,0,0,9,0,9,314,95,58,6,473,24,4,28,501
10/19/2007,SMF,CA,AWP,WE,Towers with Radar,352,76,45,6,479,0,0,12,0,12,352,76,57,6,491,18,4,22,513
10/20/2007,SMF,CA,AWP,WE,Towers with Radar,299,64,15,0,378,0,8,24,0,32,299,72,39,0,410,12,0,12,422
10/21/2007,SMF,CA,AWP,WE,Towers with Radar,332,48,10,0,390,0,0,38,0,38,332,48,48,0,428,8,0,8,436
10/22/2007,SMF,CA,AWP,WE,Towers with Radar,348,71,32,0,451,0,0,5,0,5,348,71,37,0,456,26,0,26,482
10/23/2007,SMF,CA,AWP,WE,Towers with Radar,357,73,48,2,480,0,0,0,0,0,357,73,48,2,480,48,2,50,530
10/24/2007,SMF,CA,AWP,WE,Towers with Radar,335,90,33,0,458,0,0,21,0,21,335,90,54,0,479,0,0,0,479
10/25/2007,SMF,CA,AWP,WE,Towers with Radar,313,92,14,8,427,0,0,41,0,41,313,92,55,8,468,0,0,0,468
10/26/2007,SMF,CA,AWP,WE,Towers with Radar,300,102,33,0,435,6000,0,28,0,6028,6300,102,61,0,6463,38,0,38,6501
10/27/2007,SMF,CA,AWP,WE,Towers with Radar,284,61,5,0,350,0,0,22,0,22,284,61,27,0,372,12,0,12,384
10/28/2007,SMF,CA,AWP,WE,Towers with Radar,310,64,9,0,383,0,0,42,0,42,310,64,51,0,425,20,0,20,445
10/29/2007,SMF,CA,AWP,WE,Towers with Radar,351,88,52,0,491,0,0,5,0,5,351,88,57,0,496,50,0,50,546
10/30/2007,SMF,CA,AWP,WE,Towers with Radar,335,80,21,0,436,0,0,17,0,17,335,80,38,0,453,2,0,2,455
10/31/2007,SMF,CA,AWP,WE,Towers with Radar,306,86,20,0,412,0,0,34,0,34,306,86,54,0,446,0,0,0,446
11/01/2007,SMF,CA,AWP,WE,Towers with Radar,294,105,35,2,436,0,0,30,0,30,294,105,65,2,466,56,0,56,522
11/02/2007,SMF,CA,AWP,WE,Towers with Radar,312,104,34,8,458,0,0,18,0,18,312,104,52,8,476,52,8,60,536
11/03/2007,SMF,CA,AWP,WE,Towers with Radar,273,46,0,0,319,0,5,23,0,28,273,51,23,0,347,4,0,4,351
11/04/2007,SMF,CA,AWP,WE,Towers with Radar,347,61,7,0,415,0,0,31,0,31,347,61,38,0,446,4,0,4,450
11/05/2007,SMF,CA,AWP,WE,Towers with Radar,370,91,72,8,541,0,0,8,0,8,370,91,80,8,549,72,18,90,639
11/06/2007,SMF,CA,AWP,WE,Towers with Radar,335,86,62,2,485,0,0,0,0,0,335,86,62,2,485,64,2,66,551
11/07/2007,SMF,CA,AWP,WE,Towers with Radar,356,92,31,0,479,0,0,19,0,19,356,92,50,0,498,6,0,6,504
11/08/2007,SMF,CA,AWP,WE,Towers with Radar,303,80,15,0,398,0,0,37,0,37,303,80,52,0,435,10,0,10,445
11/09/2007,SMF,CA,AWP,WE,Towers with Radar,308,88,30,2,428,0,0,14,0,14,308,88,44,2,442,4,0,4,446
11/10/2007,SMF,CA,AWP,WE,Towers with Radar,274,53,12,0,339,0,0,9,0,9,274,53,21,0,348,0,0,0,348
11/11/2007,SMF,CA,AWP,WE,Towers with Radar,311,61,23,0,395,0,0,31,0,31,311,61,54,0,426,2,0,2,428
11/12/2007,SMF,CA,AWP,WE,Towers with Radar,336,78,41,0,455,0,0,6,0,6,336,78,47,0,461,0,0,0,461
11/13/2007,SMF,CA,AWP,WE,Towers with Radar,324,97,30,0,451,0,0,0,0,0,324,97,30,0,451,4,0,4,455
11/14/2007,SMF,CA,AWP,WE,Towers with Radar,321,83,33,0,437,0,0,27,0,27,321,83,60,0,464,40,0,40,504
11/15/2007,SMF,CA,AWP,WE,Towers with Radar,315,88,16,2,421,0,0,21,0,21,315,88,37,2,442,18,0,18,460
11/16/2007,SMF,CA,AWP,WE,Towers with Radar,318,105,48,0,471,0,0,9,0,9,318,105,57,0,480,66,0,66,546
11/17/2007,SMF,CA,AWP,WE,Towers with Radar,284,73,30,0,387,0,0,2,0,2,284,73,32,0,389,8,0,8,397
11/18/2007,SMF,CA,AWP,WE,Towers with Radar,306,73,14,0,393,0,0,12,0,12,306,73,26,0,405,0,0,0,405
11/19/2007,SMF,CA,AWP,WE,Towers with Radar,322,92,40,0,454,0,0,6,0,6,322,92,46,0,460,16,0,16,476
11/20/2007,SMF,CA,AWP,WE,Towers with Radar,346,104,53,0,503,0,0,0,0,0,346,104,53,0,503,90,0,90,593
11/21/2007,SMF,CA,AWP,WE,Towers with Radar,334,89,33,20,476,0,0,17,0,17,334,89,50,20,493,50,12,62,555
11/22/2007,SMF,CA,AWP,WE,Towers with Radar,219,65,3,0,287,0,0,11,0,11,219,65,14,0,298,0,0,0,298
11/23/2007,SMF,CA,AWP,WE,Towers with Radar,295,85,43,0,423,0,0,13,0,13,295,85,56,0,436,0,0,0,436
11/24/2007,SMF,CA,AWP,WE,Towers with Radar,272,67,3,0,342,0,0,21,0,21,272,67,24,0,363,2,0,2,365
11/25/2007,SMF,CA,AWP,WE,Towers with Radar,306,76,31,0,413,0,0,14,0,14,306,76,45,0,427,0,0,0,427
11/26/2007,SMF,CA,AWP,WE,Towers with Radar,313,100,32,2,447,0,0,6,0,6,313,100,38,2,453,0,8,8,461
11/27/2007,SMF,CA,AWP,WE,Towers with Radar,314,92,28,6,440,0,0,37,0,37,314,92,65,6,477,4,4,8,485
11/28/2007,SMF,CA,AWP,WE,Towers with Radar,343,92,20,4,459,0,0,20,0,20,343,92,40,4,479,0,2,2,481
11/29/2007,SMF,CA,AWP,WE,Towers with Radar,308,92,20,0,420,0,0,30,0,30,308,92,50,0,450,0,0,0,450
11/30/2007,SMF,CA,AWP,WE,Towers with Radar,311,114,27,0,452,0,0,34,0,34,311,114,61,0,486,32,0,32,518
12/01/2007,SMF,CA,AWP,WE,Towers with Radar,239,83,17,2,341,0,0,37,0,37,239,83,54,2,378,6,0,6,384
12/02/2007,SMF,CA,AWP,WE,Towers with Radar,299,60,8,0,367,0,0,11,0,11,299,60,19,0,378,4,0,4,382
12/03/2007,SMF,CA,AWP,WE,Towers with Radar,344,89,40,0,473,0,0,1,0,1,344,89,41,0,474,30,0,30,504
12/04/2007,SMF,CA,AWP,WE,Towers with Radar,318,91,16,2,427,0,0,0,0,0,318,91,16,2,427,2,0,2,429
12/05/2007,SMF,CA,AWP,WE,Towers with Radar,375,84,29,1,489,0,0,14,0,14,375,84,43,1,503,18,0,18,521
12/06/2007,SMF,CA,AWP,WE,Towers with Radar,297,94,37,0,428,0,0,0,0,0,297,94,37,0,428,4,0,4,432
12/07/2007,SMF,CA,AWP,WE,Towers with Radar,331,108,27,10,476,0,0,16,0,16,331,108,43,10,492,81,12,93,585
12/08/2007,SMF,CA,AWP,WE,Towers with Radar,273,69,28,0,370,0,0,28,0,28,273,69,56,0,398,6,0,6,404
12/09/2007,SMF,CA,AWP,WE,Towers with Radar,328,66,32,1,427,0,0,16,0,16,328,66,48,1,443,0,0,0,443
12/10/2007,SMF,CA,AWP,WE,Towers with Radar,353,83,38,0,474,0,0,7,0,7,353,83,45,0,481,0,0,0,481
12/11/2007,SMF,CA,AWP,WE,Towers with Radar,380,90,0,0,470,0,0,46,0,46,380,90,46,0,516,8,0,8,524
12/12/2007,SMF,CA,AWP,WE,Towers with Radar,330,85,25,0,440,0,0,26,0,26,330,85,51,0,466,14,0,14,480
12/13/2007,SMF,CA,AWP,WE,Towers with Radar,311,91,24,2,428,0,0,0,0,0,311,91,24,2,428,6,0,6,434
12/14/2007,SMF,CA,AWP,WE,Towers with Radar,285,113,53,2,453,0,0,0,0,0,285,113,53,2,453,8,0,8,461
12/15/2007,SMF,CA,AWP,WE,Towers with Radar,251,83,8,0,342,0,0,7,0,7,251,83,15,0,349,0,0,0,349
12/16/2007,SMF,CA,AWP,WE,Towers with Radar,336,57,1,0,394,0,0,22,0,22,336,57,23,0,416,6,0,6,422
12/17/2007,SMF,CA,AWP,WE,Towers with Radar,328,79,32,2,441,0,0,0,0,0,328,79,32,2,441,0,6,6,447
12/18/2007,SMF,CA,AWP,WE,Towers with Radar,311,102,16,2,431,0,0,0,0,0,311,102,16,2,431,0,2,2,433
12/19/2007,SMF,CA,AWP,WE,Towers with Radar,343,85,34,2,464,0,0,0,0,0,343,85,34,2,464,6,0,6,470
12/20/2007,SMF,CA,AWP,WE,Towers with Radar,314,93,15,0,422,0,0,26,0,26,314,93,41,0,448,0,0,0,448
12/21/2007,SMF,CA,AWP,WE,Towers with Radar,306,104,44,4,458,0,0,26,0,26,306,104,70,4,484,24,2,26,510
12/22/2007,SMF,CA,AWP,WE,Towers with Radar,285,89,26,0,400,0,0,16,0,16,285,89,42,0,416,0,0,0,416
12/23/2007,SMF,CA,AWP,WE,Towers with Radar,341,87,9,0,437,0,4,24,0,28,341,91,33,0,465,17,0,17,482
12/24/2007,SMF,CA,AWP,WE,Towers with Radar,351,63,34,0,448,0,0,8,0,8,351,63,42,0,456,6,0,6,462
12/25/2007,SMF,CA,AWP,WE,Towers with Radar,256,68,1,0,325,0,0,7,0,7,256,68,8,0,332,0,0,0,332
12/26/2007,SMF,CA,AWP,WE,Towers with Radar,334,84,12,0,430,10,0,11,0,21,344,84,23,0,451,22,0,22,473
12/27/2007,SMF,CA,AWP,WE,Towers with Radar,329,84,26,0,439,0,0,6,0,6,329,84,32,0,445,8,0,8,453
12/28/2007,SMF,CA,AWP,WE,Towers with Radar,318,94,14,0,426,0,0,4,0,4,318,94,18,0,430,0,0,0,430
12/29/2007,SMF,CA,AWP,WE,Towers with Radar,274,83,11,0,368,0,0,0,0,0,274,83,11,0,368,0,0,0,368
12/30/2007,SMF,CA,AWP,WE,Towers with Radar,332,59,8,0,399,0,0,19,0,19,332,59,27,0,418,0,0,0,418
12/31/2007,SMF,CA,AWP,WE,Towers with Radar,264,73,20,0,357,0,0,0,0,0,264,73,20,0,357,0,0,0,357
01/01/2008,SMF,CA,AWP,WE,Towers with Radar,283,59,4,0,346,0,0,17,0,17,283,59,21,0,363,0,0,0,363
01/02/2008,SMF,CA,AWP,WE,Towers with Radar,319,66,8,2,395,0,0,34,0,34,319,66,42,2,429,32,4,36,465
01/03/2008,SMF,CA,AWP,WE,Towers with Radar,301,84,33,6,424,0,0,5,0,5,301,84,38,6,429,8,2,10,439
01/04/2008,SMF,CA,AWP,WE,Towers with Radar,305,57,11,0,373,0,0,0,0,0,305,57,11,0,373,0,0,0,373
01/05/2008,SMF,CA,AWP,WE,Towers with Radar,266,72,9,0,347,0,0,7,0,7,266,72,16,0,354,2,0,2,356
01/06/2008,SMF,CA,AWP,WE,Towers with Radar,281,70,5,0,356,0,0,12,0,12,281,70,17,0,368,4,0,4,372
01/07/2008,SMF,CA,AWP,WE,Towers with Radar,312,93,38,6,449,0,0,6,0,6,312,93,44,6,455,30,2,32,487
01/08/2008,SMF,CA,AWP,WE,Towers with Radar,317,87,15,0,419,0,0,0,0,0,317,87,15,0,419,8,0,8,427
01/09/2008,SMF,CA,AWP,WE,Towers with Radar,308,94,20,0,422,0,0,0,0,0,308,94,20,0,422,0,0,0,422
01/10/2008,SMF,CA,AWP,WE,Towers with Radar,299,96,17,2,414,0,0,0,0,0,299,96,17,2,414,8,0,8,422
01/11/2008,SMF,CA,AWP,WE,Towers with Radar,314,88,16,2,420,0,0,1,0,1,314,88,17,2,421,0,0,0,421
01/12/2008,SMF,CA,AWP,WE,Towers with Radar,279,69,6,2,356,0,0,14,0,14,279,69,20,2,370,4,0,4,374
01/13/2008,SMF,CA,AWP,WE,Towers with Radar,267,85,14,0,366,0,0,5,0,5,267,85,19,0,371,10,0,10,381
01/14/2008,SMF,CA,AWP,WE,Towers with Radar,307,94,49,0,450,0,0,4,0,4,307,94,53,0,454,16,0,16,470
01/15/2008,SMF,CA,AWP,WE,Towers with Radar,301,73,0,0,374,0,0,27,0,27,301,73,27,0,401,18,0,18,419
01/16/2008,SMF,CA,AWP,WE,Towers with Radar,289,93,14,4,400,0,0,35,0,35,289,93,49,4,435,8,0,8,443
01/17/2008,SMF,CA,AWP,WE,Towers with Radar,293,98,21,0,412,0,0,29,0,29,293,98,50,0,441,6,0,6,447
01/18/2008,SMF,CA,AWP,WE,Towers with Radar,335,103,49,0,487,3010,0,10,0,3020,3345,103,59,0,3507,0,0,0,3507
01/19/2008,SMF,CA,AWP,WE,Towers with Radar,264,76,23,0,363,0,0,18,0,18,264,76,41,0,381,6,0,6,387
01/20/2008,SMF,CA,AWP,WE,Towers with Radar,298,60,19,0,377,0,2,10,0,12,298,62,29,0,389,4,0,4,393
01/21/2008,SMF,CA,AWP,WE,Towers with Radar,299,96,20,0,415,0,0,0,0,0,299,96,20,0,415,0,0,0,415
01/22/2008,SMF,CA,AWP,WE,Towers with Radar,318,77,22,0,417,0,0,0,0,0,318,77,22,0,417,0,0,0,417
01/23/2008,SMF,CA,AWP,WE,Towers with Radar,296,87,21,2,406,0,0,0,0,0,296,87,21,2,406,0,4,4,410
01/24/2008,SMF,CA,AWP,WE,Towers with Radar,301,79,13,15,408,0,0,20,2,22,301,79,33,17,430,0,6,6,436
01/25/2008,SMF,CA,AWP,WE,Towers with Radar,315,98,43,0,456,0,0,0,0,0,315,98,43,0,456,34,0,34,490
01/26/2008,SMF,CA,AWP,WE,Towers with Radar,261,60,5,0,326,0,0,19,0,19,261,60,24,0,345,8,0,8,353
01/27/2008,SMF,CA,AWP,WE,Towers with Radar,277,73,19,0,369,0,0,0,0,0,277,73,19,0,369,4,0,4,373
01/28/2008,SMF,CA,AWP,WE,Towers with Radar,329,115,82,2,528,0,0,8,0,8,329,115,90,2,536,104,4,108,644
01/29/2008,SMF,CA,AWP,WE,Towers with Radar,312,77,33,0,422,0,0,0,0,0,312,77,33,0,422,22,0,22,444
01/30/2008,SMF,CA,AWP,WE,Towers with Radar,296,63,62,8,429,0,24,0,0,24,296,87,62,8,453,66,24,90,543
01/31/2008,SMF,CA,AWP,WE,Towers with Radar,396,82,48,0,526,0,0,5,0,5,396,82,53,0,531,66,0,66,597
02/01/2008,SMF,CA,AWP,WE,Towers with Radar,319,96,55,0,470,0,0,17,0,17,319,96,72,0,487,80,0,80,567
02/02/2008,SMF,CA,AWP,WE,Towers with Radar,273,71,11,1,356,0,0,2,0,2,273,71,13,1,358,12,0,12,370
02/03/2008,SMF,CA,AWP,WE,Towers with Radar,275,56,28,0,359,0,0,9,0,9,275,56,37,0,368,8,0,8,376
02/04/2008,SMF,CA,AWP,WE,Towers with Radar,326,75,59,10,470,0,0,8,0,8,326,75,67,10,478,78,10,88,566
02/05/2008,SMF,CA,AWP,WE,Towers with Radar,309,79,46,0,434,0,0,0,0,0,309,79,46,0,434,28,0,28,462
02/06/2008,SMF,CA,AWP,WE,Towers with Radar,290,78,33,2,403,0,0,18,0,18,290,78,51,2,421,6,0,6,427
02/07/2008,SMF,CA,AWP,WE,Towers with Radar,281,79,46,0,406,0,0,10,0,10,281,79,56,0,416,22,0,22,438
02/08/2008,SMF,CA,AWP,WE,Towers with Radar,313,61,35,0,409,0,0,13,0,13,313,61,48,0,422,26,0,26,448
02/09/2008,SMF,CA,AWP,WE,Towers with Radar,242,74,13,0,329,0,0,21,0,21,242,74,34,0,350,4,0,4,354
02/10/2008,SMF,CA,AWP,WE,Towers with Radar,278,66,24,0,368,0,0,7,0,7,278,66,31,0,375,0,0,0,375
02/11/2008,SMF,CA,AWP,WE,Towers with Radar,327,94,26,0,447,0,0,0,0,0,327,94,26,0,447,0,0,0,447
02/12/2008,SMF,CA,AWP,WE,Towers with Radar,302,92,42,2,438,0,0,0,0,0,302,92,42,2,438,0,0,0,438
02/13/2008,SMF,CA,AWP,WE,Towers with Radar,295,79,18,2,394,0,0,23,0,23,295,79,41,2,417,12,0,12,429
02/14/2008,SMF,CA,AWP,WE,Towers with Radar,300,84,39,8,431,0,0,20,0,20,300,84,59,8,451,34,2,36,487
02/15/2008,SMF,CA,AWP,WE,Towers with Radar,329,89,73,0,491,0,0,11,0,11,329,89,84,0,502,14,0,14,516
02/16/2008,SMF,CA,AWP,WE,Towers with Radar,312,89,12,0,413,0,0,19,0,19,312,89,31,0,432,2,0,2,434
02/17/2008,SMF,CA,AWP,WE,Towers with Radar,281,68,25,0,374,0,0,16,0,16,281,68,41,0,390,0,0,0,390
02/18/2008,SMF,CA,AWP,WE,Towers with Radar,325,84,50,0,459,0,0,3,0,3,325,84,53,0,462,18,0,18,480
02/19/2008,SMF,CA,AWP,WE,Towers with Radar,319,77,39,0,435,0,0,0,0,0,319,77,39,0,435,10,0,10,445
02/20/2008,SMF,CA,AWP,WE,Towers with Radar,306,95,13,0,414,0,0,0,0,0,306,95,13,0,414,14,0,14,428
02/21/2008,SMF,CA,AWP,WE,Towers with Radar,300,80,33,0,413,0,0,30,2,32,300,80,63,2,445,0,0,0,445
02/22/2008,SMF,CA,AWP,WE,Towers with Radar,302,91,44,4,441,0,0,3,0,3,302,91,47,4,444,22,0,22,466
02/23/2008,SMF,CA,AWP,WE,Towers with Radar,275,77,15,0,367,0,0,4,0,4,275,77,19,0,371,0,0,0,371
02/24/2008,SMF,CA,AWP,WE,Towers with Radar,286,54,7,0,347,0,0,0,0,0,286,54,7,0,347,0,0,0,347
02/25/2008,SMF,CA,AWP,WE,Towers with Radar,323,83,42,0,448,0,0,3,0,3,323,83,45,0,451,38,0,38,489
02/26/2008,SMF,CA,AWP,WE,Towers with Radar,289,105,62,2,458,0,0,0,0,0,289,105,62,2,458,22,4,26,484
02/27/2008,SMF,CA,AWP,WE,Towers with Radar,278,104,18,4,404,0,0,26,0,26,278,104,44,4,430,22,8,30,460
02/28/2008,SMF,CA,AWP,WE,Towers with Radar,306,91,69,0,466,0,0,10,0,10,306,91,79,0,476,78,0,78,554
02/29/2008,SMF,CA,AWP,WE,Towers with Radar,299,102,48,2,451,0,0,13,0,13,299,102,61,2,464,48,0,48,512
03/01/2008,SMF,CA,AWP,WE,Towers with Radar,288,86,0,0,374,0,0,29,0,29,288,86,29,0,403,0,0,0,403
03/02/2008,SMF,CA,AWP,WE,Towers with Radar,274,77,23,0,374,0,0,18,0,18,274,77,41,0,392,0,0,0,392
03/03/2008,SMF,CA,AWP,WE,Towers with Radar,314,96,68,0,478,0,0,3,0,3,314,96,71,0,481,92,0,92,573
03/04/2008,SMF,CA,AWP,WE,Towers with Radar,329,95,72,10,506,0,0,0,0,0,329,95,72,10,506,70,12,82,588
03/05/2008,SMF,CA,AWP,WE,Towers with Radar,294,90,17,2,403,0,0,16,0,16,294,90,33,2,419,8,0,8,427
03/06/2008,SMF,CA,AWP,WE,Towers with Radar,299,94,13,8,414,0,0,40,0,40,299,94,53,8,454,6,8,14,468
03/07/2008,SMF,CA,AWP,WE,Towers with Radar,312,93,33,0,438,0,0,12,0,12,312,93,45,0,450,6,0,6,456
03/08/2008,SMF,CA,AWP,WE,Towers with Radar,284,91,28,0,403,0,0,15,0,15,284,91,43,0,418,0,0,0,418
03/09/2008,SMF,CA,AWP,WE,Towers with Radar,268,74,16,0,358,0,0,28,0,28,268,74,44,0,386,0,0,0,386
03/10/2008,SMF,CA,AWP,WE,Towers with Radar,300,85,68,0,453,0,0,0,0,0,300,85,68,0,453,14,0,14,467
03/11/2008,SMF,CA,AWP,WE,Towers with Radar,287,83,10,6,386,0,0,29,0,29,287,83,39,6,415,4,20,24,439
03/12/2008,SMF,CA,AWP,WE,Towers with Radar,283,86,36,6,411,0,0,6,0,6,283,86,42,6,417,32,12,44,461
03/13/2008,SMF,CA,AWP,WE,Towers with Radar,303,87,9,0,399,0,0,39,0,39,303,87,48,0,438,28,0,28,466
03/14/2008,SMF,CA,AWP,WE,Towers with Radar,301,91,49,4,445,0,0,8,0,8,301,91,57,4,453,46,0,46,499
03/15/2008,SMF,CA,AWP,WE,Towers with Radar,251,77,13,0,341,0,0,15,0,15,251,77,28,0,356,0,0,0,356
03/16/2008,SMF,CA,AWP,WE,Towers with Radar,265,69,1,0,335,0,0,25,0,25,265,69,26,0,360,4,0,4,364
03/17/2008,SMF,CA,AWP,WE,Towers with Radar,288,87,0,1,376,0,0,42,0,42,288,87,42,1,418,4,10,14,432
03/18/2008,SMF,CA,AWP,WE,Towers with Radar,316,76,49,0,441,0,0,0,0,0,316,76,49,0,441,6,0,6,447
03/19/2008,SMF,CA,AWP,WE,Towers with Radar,303,83,26,0,412,0,0,14,0,14,303,83,40,0,426,0,0,0,426
03/20/2008,SMF,CA,AWP,WE,Towers with Radar,293,96,33,0,422,0,0,28,0,28,293,96,61,0,450,6,0,6,456
03/21/2008,SMF,CA,AWP,WE,Towers with Radar,263,100,29,0,392,0,0,16,0,16,263,100,45,0,408,0,0,0,408
03/22/2008,SMF,CA,AWP,WE,Towers with Radar,240,78,10,0,328,0,0,33,0,33,240,78,43,0,361,0,0,0,361
03/23/2008,SMF,CA,AWP,WE,Towers with Radar,248,68,0,0,316,0,2,22,0,24,248,70,22,0,340,0,0,0,340
03/24/2008,SMF,CA,AWP,WE,Towers with Radar,297,86,54,0,437,0,0,0,0,0,297,86,54,0,437,8,0,8,445
03/25/2008,SMF,CA,AWP,WE,Towers with Radar,311,76,102,4,493,0,0,0,0,0,311,76,102,4,493,18,26,44,537
03/26/2008,SMF,CA,AWP,WE,Towers with Radar,310,92,27,0,429,0,0,22,0,22,310,92,49,0,451,8,0,8,459
03/27/2008,SMF,CA,AWP,WE,Towers with Radar,287,80,17,4,388,0,16,34,0,50,287,96,51,4,438,22,14,36,474
03/28/2008,SMF,CA,AWP,WE,Towers with Radar,302,85,32,2,421,0,0,15,0,15,302,85,47,2,436,6,0,6,442
03/29/2008,SMF,CA,AWP,WE,Towers with Radar,245,74,5,0,324,0,0,19,0,19,245,74,24,0,343,4,0,4,347
03/30/2008,SMF,CA,AWP,WE,Towers with Radar,299,56,8,0,363,0,0,35,0,35,299,56,43,0,398,4,0,4,402
03/31/2008,SMF,CA,AWP,WE,Towers with Radar,308,83,44,0,435,0,0,4,0,4,308,83,48,0,439,4,0,4,443
04/01/2008,SMF,CA,AWP,WE,Towers with Radar,304,94,37,2,437,0,0,0,0,0,304,94,37,2,437,8,0,8,445
04/02/2008,SMF,CA,AWP,WE,Towers with Radar,312,87,15,6,420,0,0,24,0,24,312,87,39,6,444,0,0,0,444
04/03/2008,SMF,CA,AWP,WE,Towers with Radar,308,86,32,4,430,0,0,22,0,22,308,86,54,4,452,24,16,40,492
04/04/2008,SMF,CA,AWP,WE,Towers with Radar,293,87,55,2,437,0,0,13,0,13,293,87,68,2,450,14,0,14,464
04/05/2008,SMF,CA,AWP,WE,Towers with Radar,249,76,1,0,326,0,0,40,0,40,249,76,41,0,366,6,0,6,372
04/06/2008,SMF,CA,AWP,WE,Towers with Radar,284,69,22,0,375,0,0,17,0,17,284,69,39,0,392,2,0,2,394
04/07/2008,SMF,CA,AWP,WE,Towers with Radar,305,89,62,10,466,0,0,5,0,5,305,89,67,10,471,8,0,8,479
04/08/2008,SMF,CA,AWP,WE,Towers with Radar,312,96,21,16,445,0,0,0,0,0,312,96,21,16,445,0,6,6,451
04/09/2008,SMF,CA,AWP,WE,Towers with Radar,287,97,24,2,410,0,0,32,0,32,287,97,56,2,442,0,4,4,446
04/10/2008,SMF,CA,AWP,WE,Towers with Radar,274,94,27,2,397,0,0,22,0,22,274,94,49,2,419,10,0,10,429
04/11/2008,SMF,CA,AWP,WE,Towers with Radar,259,88,30,0,377,0,0,13,0,13,259,88,43,0,390,0,0,0,390
04/12/2008,SMF,CA,AWP,WE,Towers with Radar,262,58,22,0,342,0,0,14,0,14,262,58,36,0,356,0,0,0,356
04/13/2008,SMF,CA,AWP,WE,Towers with Radar,289,65,21,0,375,0,0,11,0,11,289,65,32,0,386,0,0,0,386
04/14/2008,SMF,CA,AWP,WE,Towers with Radar,322,89,38,2,451,0,0,3,0,3,322,89,41,2,454,12,4,16,470
04/15/2008,SMF,CA,AWP,WE,Towers with Radar,320,101,24,0,445,0,0,27,0,27,320,101,51,0,472,52,0,52,524
04/16/2008,SMF,CA,AWP,WE,Towers with Radar,318,95,8,0,421,0,0,30,0,30,318,95,38,0,451,0,0,0,451
04/17/2008,SMF,CA,AWP,WE,Towers with Radar,295,86,20,4,405,0,0,55,0,55,295,86,75,4,460,4,12,16,476
04/18/2008,SMF,CA,AWP,WE,Towers with Radar,320,87,18,0,425,0,0,0,0,0,320,87,18,0,425,62,0,62,487
04/19/2008,SMF,CA,AWP,WE,Towers with Radar,248,68,5,0,321,0,0,12,0,12,248,68,17,0,333,0,0,0,333
04/20/2008,SMF,CA,AWP,WE,Towers with Radar,292,67,23,0,382,0,0,26,0,26,292,67,49,0,408,0,0,0,408
04/21/2008,SMF,CA,AWP,WE,Towers with Radar,311,94,51,6,462,0,0,8,0,8,311,94,59,6,470,32,12,44,514
04/22/2008,SMF,CA,AWP,WE,Towers with Radar,314,94,43,4,455,0,0,0,0,0,314,94,43,4,455,8,6,14,469
04/23/2008,SMF,CA,AWP,WE,Towers with Radar,311,85,53,4,453,0,0,40,0,40,311,85,93,4,493,10,8,18,511
04/24/2008,SMF,CA,AWP,WE,Towers with Radar,298,81,8,2,389,0,0,41,0,41,298,81,49,2,430,0,6,6,436
04/25/2008,SMF,CA,AWP,WE,Towers with Radar,315,85,35,4,439,0,0,38,0,38,315,85,73,4,477,12,4,16,493
04/26/2008,SMF,CA,AWP,WE,Towers with Radar,260,59,8,0,327,0,0,13,0,13,260,59,21,0,340,2,0,2,342
04/27/2008,SMF,CA,AWP,WE,Towers with Radar,270,65,0,0,335,0,0,38,0,38,270,65,38,0,373,10,0,10,383
04/28/2008,SMF,CA,AWP,WE,Towers with Radar,322,86,44,2,454,0,0,5,0,5,322,86,49,2,459,4,0,4,463
04/29/2008,SMF,CA,AWP,WE,Towers with Radar,296,64,38,0,398,0,0,0,0,0,296,64,38,0,398,2,0,2,400
04/30/2008,SMF,CA,AWP,WE,Towers with Radar,299,77,43,2,421,0,0,14,0,14,299,77,57,2,435,22,12,34,469
05/01/2008,SMF,CA,AWP,WE,Towers with Radar,284,84,23,8,399,0,0,32,0,32,284,84,55,8,431,14,14,28,459
05/02/2008,SMF,CA,AWP,WE,Towers with Radar,296,89,36,2,423,0,0,20,0,20,296,89,56,2,443,32,18,50,493
05/03/2008,SMF,CA,AWP,WE,Towers with Radar,236,66,7,0,309,0,0,37,0,37,236,66,44,0,346,0,0,0,346
05/04/2008,SMF,CA,AWP,WE,Towers with Radar,279,78,10,0,367,0,0,38,0,38,279,78,48,0,405,4,0,4,409
05/05/2008,SMF,CA,AWP,WE,Towers with Radar,293,83,44,0,420,0,0,6,0,6,293,83,50,0,426,0,0,0,426
05/06/2008,SMF,CA,AWP,WE,Towers with Radar,299,78,24,0,401,0,0,31,0,31,299,78,55,0,432,48,0,48,480
05/07/2008,SMF,CA,AWP,WE,Towers with Radar,299,85,21,0,405,0,0,28,0,28,299,85,49,0,433,0,0,0,433
05/08/2008,SMF,CA,AWP,WE,Towers with Radar,296,97,25,3,421,0,0,35,0,35,296,97,60,3,456,4,2,6,462
05/09/2008,SMF,CA,AWP,WE,Towers with Radar,220,98,42,0,360,0,0,12,0,12,220,98,54,0,372,27,0,27,399
05/10/2008,SMF,CA,AWP,WE,Towers with Radar,276,67,9,0,352,0,0,44,0,44,276,67,53,0,396,10,0,10,406
05/11/2008,SMF,CA,AWP,WE,Towers with Radar,264,72,50,0,386,0,0,0,0,0,264,72,50,0,386,2,0,2,388
05/12/2008,SMF,CA,AWP,WE,Towers with Radar,313,87,38,0,438,0,0,3,0,3,313,87,41,0,441,28,0,28,469
05/13/2008,SMF,CA,AWP,WE,Towers with Radar,293,78,55,0,426,0,0,0,0,0,293,78,55,0,426,6,0,6,432
05/14/2008,SMF,CA,AWP,WE,Towers with Radar,306,77,27,2,412,0,0,25,0,25,306,77,52,2,437,16,0,16,453
05/15/2008,SMF,CA,AWP,WE,Towers with Radar,304,93,48,3,448,0,0,11,0,11,304,93,59,3,459,78,4,82,541
05/16/2008,SMF,CA,AWP,WE,Towers with Radar,325,85,59,0,469,0,0,16,0,16,325,85,75,0,485,52,0,52,537
05/17/2008,SMF,CA,AWP,WE,Towers with Radar,289,70,8,0,367,0,0,32,0,32,289,70,40,0,399,20,0,20,419
05/18/2008,SMF,CA,AWP,WE,Towers with Radar,272,67,21,0,360,0,0,31,0,31,272,67,52,0,391,2,0,2,393
05/19/2008,SMF,CA,AWP,WE,Towers with Radar,305,90,55,0,450,0,0,4,0,4,305,90,59,0,454,24,0,24,478
05/20/2008,SMF,CA,AWP,WE,Towers with Radar,295,80,62,4,441,0,0,0,0,0,295,80,62,4,441,28,2,30,471
05/21/2008,SMF,CA,AWP,WE,Towers with Radar,311,76,16,2,405,0,0,8,0,8,311,76,24,2,413,0,0,0,413
05/22/2008,SMF,CA,AWP,WE,Towers with Radar,280,92,16,0,388,0,0,31,0,31,280,92,47,0,419,6,0,6,425
05/23/2008,SMF,CA,AWP,WE,Towers with Radar,298,105,35,0,438,0,0,12,0,12,298,105,47,0,450,8,0,8,458
05/24/2008,SMF,CA,AWP,WE,Towers with Radar,266,61,12,0,339,0,0,18,0,18,266,61,30,0,357,0,0,0,357
05/25/2008,SMF,CA,AWP,WE,Towers with Radar,248,71,21,0,340,0,0,0,0,0,248,71,21,0,340,2,0,2,342
05/26/2008,SMF,CA,AWP,WE,Towers with Radar,267,65,0,0,332,0,0,54,0,54,267,65,54,0,386,0,0,0,386
05/27/2008,SMF,CA,AWP,WE,Towers with Radar,293,70,61,3,427,0,0,0,0,0,293,70,61,3,427,28,8,36,463
05/28/2008,SMF,CA,AWP,WE,Towers with Radar,298,88,20,12,418,0,0,31,0,31,298,88,51,12,449,8,26,34,483
05/29/2008,SMF,CA,AWP,WE,Towers with Radar,285,96,12,2,395,0,0,45,0,45,285,96,57,2,440,4,4,8,448
05/30/2008,SMF,CA,AWP,WE,Towers with Radar,312,85,44,2,443,0,0,14,0,14,312,85,58,2,457,6,16,22,479
05/31/2008,SMF,CA,AWP,WE,Towers with Radar,325,63,55,0,443,0,0,0,0,0,325,63,55,0,443,30,0,30,473
06/01/2008,SMF,CA,AWP,WE,Towers with Radar,286,69,26,0,381,0,0,25,0,25,286,69,51,0,406,0,0,0,406
06/02/2008,SMF,CA,AWP,WE,Towers with Radar,306,86,58,0,450,0,0,5,0,5,306,86,63,0,455,0,0,0,455
06/03/2008,SMF,CA,AWP,WE,Towers with Radar,311,70,19,2,402,0,0,47,0,47,311,70,66,2,449,10,16,26,475
06/04/2008,SMF,CA,AWP,WE,Towers with Radar,292,84,26,2,404,0,0,44,0,44,292,84,70,2,448,0,0,0,448
06/05/2008,SMF,CA,AWP,WE,Towers with Radar,300,81,24,0,405,0,0,47,0,47,300,81,71,0,452,0,0,0,452
06/06/2008,SMF,CA,AWP,WE,Towers with Radar,271,77,45,4,397,0,0,6,0,6,271,77,51,4,403,4,10,14,417
06/07/2008,SMF,CA,AWP,WE,Towers with Radar,262,78,0,0,340,0,0,42,0,42,262,78,42,0,382,10,0,10,392
06/08/2008,SMF,CA,AWP,WE,Towers with Radar,278,75,5,0,358,0,0,36,0,36,278,75,41,0,394,10,0,10,404
06/09/2008,SMF,CA,AWP,WE,Towers with Radar,313,81,50,0,444,0,0,8,0,8,313,81,58,0,452,0,0,0,452
06/10/2008,SMF,CA,AWP,WE,Towers with Radar,296,102,5,2,405,0,0,28,0,28,296,102,33,2,433,0,4,4,437
06/11/2008,SMF,CA,AWP,WE,Towers with Radar,295,97,11,6,409,0,0,45,0,45,295,97,56,6,454,2,14,16,470
06/12/2008,SMF,CA,AWP,WE,Towers with Radar,291,92,5,0,388,0,0,36,0,36,291,92,41,0,424,12,0,12,436
06/13/2008,SMF,CA,AWP,WE,Towers with Radar,284,92,48,2,426,0,0,16,0,16,284,92,64,2,442,30,0,30,472
06/14/2008,SMF,CA,AWP,WE,Towers with Radar,259,73,0,0,332,0,0,48,0,48,259,73,48,0,380,10,0,10,390
06/15/2008,SMF,CA,AWP,WE,Towers with Radar,282,54,0,0,336,0,13,38,0,51,282,67,38,0,387,20,0,20,407
06/16/2008,SMF,CA,AWP,WE,Towers with Radar,273,87,22,7,389,0,0,53,0,53,273,87,75,7,442,42,4,46,488
06/17/2008,SMF,CA,AWP,WE,Towers with Radar,310,80,56,6,452,0,0,0,0,0,310,80,56,6,452,38,24,62,514
06/18/2008,SMF,CA,AWP,WE,Towers with Radar,296,88,7,0,391,0,0,47,0,47,296,88,54,0,438,0,0,0,438
06/19/2008,SMF,CA,AWP,WE,Towers with Radar,286,88,21,2,397,0,0,37,0,37,286,88,58,2,434,24,0,24,458
06/20/2008,SMF,CA,AWP,WE,Towers with Radar,291,96,55,0,442,0,0,16,0,16,291,96,71,0,458,14,0,14,472
06/21/2008,SMF,CA,AWP,WE,Towers with Radar,280,62,27,0,369,0,0,40,0,40,280,62,67,0,409,4,0,4,413
06/22/2008,SMF,CA,AWP,WE,Towers with Radar,286,78,24,0,388,0,0,23,0,23,286,78,47,0,411,0,0,0,411
06/23/2008,SMF,CA,AWP,WE,Towers with Radar,302,74,58,12,446,0,0,6,0,6,302,74,64,12,452,2,42,44,496
06/24/2008,SMF,CA,AWP,WE,Towers with Radar,301,79,41,2,423,0,0,0,0,0,301,79,41,2,423,20,0,20,443
06/25/2008,SMF,CA,AWP,WE,Towers with Radar,314,78,25,8,425,0,0,44,0,44,314,78,69,8,469,0,0,0,469
06/26/2008,SMF,CA,AWP,WE,Towers with Radar,297,75,17,6,395,0,0,22,0,22,297,75,39,6,417,4,4,8,425
06/27/2008,SMF,CA,AWP,WE,Towers with Radar,284,94,44,0,422,0,0,0,0,0,284,94,44,0,422,6,0,6,428
06/28/2008,SMF,CA,AWP,WE,Towers with Radar,276,68,0,0,344,0,0,22,0,22,276,68,22,0,366,2,0,2,368
06/29/2008,SMF,CA,AWP,WE,Towers with Radar,273,64,4,0,341,0,8,9,4,21,273,72,13,4,362,6,0,6,368
06/30/2008,SMF,CA,AWP,WE,Towers with Radar,292,81,55,14,442,0,0,4,0,4,292,81,59,14,446,22,40,62,508
07/01/2008,SMF,CA,AWP,WE,Towers with Radar,322,83,50,2,457,23,0,0,0,23,345,83,50,2,480,23,0,23,503
07/02/2008,SMF,CA,AWP,WE,Towers with Radar,302,84,19,2,407,0,0,10,0,10,302,84,29,2,417,6,2,8,425
07/03/2008,SMF,CA,AWP,WE,Towers with Radar,305,70,14,0,389,0,0,30,0,30,305,70,44,0,419,32,0,32,451
07/04/2008,SMF,CA,AWP,WE,Towers with Radar,215,56,19,0,290,0,0,4,0,4,215,56,23,0,294,0,0,0,294
07/05/2008,SMF,CA,AWP,WE,Towers with Radar,263,56,17,0,336,0,0,9,0,9,263,56,26,0,345,2,0,2,347
07/06/2008,SMF,CA,AWP,WE,Towers with Radar,268,77,0,0,345,0,1,28,0,29,268,78,28,0,374,0,0,0,374
07/07/2008,SMF,CA,AWP,WE,Towers with Radar,294,74,46,0,414,0,0,16,0,16,294,74,62,0,430,8,0,8,438
07/08/2008,SMF,CA,AWP,WE,Towers with Radar,294,84,40,10,428,0,0,40,10,50,294,84,80,20,478,2,14,16,494
07/09/2008,SMF,CA,AWP,WE,Towers with Radar,321,93,29,2,445,0,0,11,0,11,321,93,40,2,456,30,0,30,486
07/10/2008,SMF,CA,AWP,WE,Towers with Radar,285,95,20,2,402,0,0,4,0,4,285,95,24,2,406,0,0,0,406
07/11/2008,SMF,CA,AWP,WE,Towers with Radar,314,102,15,0,431,0,0,8,0,8,314,102,23,0,439,6,0,6,445
07/12/2008,SMF,CA,AWP,WE,Towers with Radar,264,69,35,0,368,0,0,0,0,0,264,69,35,0,368,8,0,8,376
07/13/2008,SMF,CA,AWP,WE,Towers with Radar,264,81,8,0,353,0,0,15,0,15,264,81,23,0,368,0,0,0,368
07/14/2008,SMF,CA,AWP,WE,Towers with Radar,299,77,13,0,389,0,0,18,0,18,299,77,31,0,407,14,6,20,427
07/15/2008,SMF,CA,AWP,WE,Towers with Radar,317,95,68,2,482,0,0,0,0,0,317,95,68,2,482,18,8,26,508
07/16/2008,SMF,CA,AWP,WE,Towers with Radar,298,89,57,5,449,0,0,10,0,10,298,89,67,5,459,40,20,60,519
07/17/2008,SMF,CA,AWP,WE,Towers with Radar,288,95,14,0,397,0,0,16,0,16,288,95,30,0,413,54,0,54,467
07/18/2008,SMF,CA,AWP,WE,Towers with Radar,315,82,67,4,468,0,0,30,0,30,315,82,97,4,498,18,0,18,516
07/19/2008,SMF,CA,AWP,WE,Towers with Radar,286,61,29,0,376,0,0,17,0,17,286,61,46,0,393,0,0,0,393
07/20/2008,SMF,CA,AWP,WE,Towers with Radar,293,66,11,1,371,0,0,19,0,19,293,66,30,1,390,2,0,2,392
07/21/2008,SMF,CA,AWP,WE,Towers with Radar,332,88,65,11,496,0,2,22,0,24,332,90,87,11,520,122,36,158,678
07/22/2008,SMF,CA,AWP,WE,Towers with Radar,304,76,42,2,424,0,0,25,0,25,304,76,67,2,449,30,0,30,479
07/23/2008,SMF,CA,AWP,WE,Towers with Radar,296,87,43,12,438,0,0,22,0,22,296,87,65,12,460,4,8,12,472
07/24/2008,SMF,CA,AWP,WE,Towers with Radar,290,98,18,8,414,0,0,7,0,7,290,98,25,8,421,8,0,8,429
07/25/2008,SMF,CA,AWP,WE,Towers with Radar,291,90,27,0,408,0,0,17,0,17,291,90,44,0,425,14,0,14,439
07/26/2008,SMF,CA,AWP,WE,Towers with Radar,279,77,10,0,366,0,0,11,0,11,279,77,21,0,377,0,0,0,377
07/27/2008,SMF,CA,AWP,WE,Towers with Radar,315,64,18,0,397,0,0,7,0,7,315,64,25,0,404,10,0,10,414
07/28/2008,SMF,CA,AWP,WE,Towers with Radar,338,64,61,0,463,0,0,76,0,76,338,64,137,0,539,76,0,76,615
07/29/2008,SMF,CA,AWP,WE,Towers with Radar,295,74,41,2,412,0,0,41,0,41,295,74,82,2,453,18,0,18,471
07/30/2008,SMF,CA,AWP,WE,Towers with Radar,295,78,44,2,419,0,0,17,0,17,295,78,61,2,436,12,6,18,454
07/31/2008,SMF,CA,AWP,WE,Towers with Radar,299,74,6,2,381,0,0,6,0,6,299,74,12,2,387,2,10,12,399
08/01/2008,SMF,CA,AWP,WE,Towers with Radar,302,94,13,4,413,0,0,20,0,20,302,94,33,4,433,4,4,8,441
08/02/2008,SMF,CA,AWP,WE,Towers with Radar,256,67,33,0,356,0,0,33,0,33,256,67,66,0,389,0,0,0,389
08/03/2008,SMF,CA,AWP,WE,Towers with Radar,269,68,10,0,347,0,0,27,0,27,269,68,37,0,374,24,0,24,398
08/04/2008,SMF,CA,AWP,WE,Towers with Radar,332,77,66,0,475,0,0,24,0,24,332,77,90,0,499,24,0,24,523
08/05/2008,SMF,CA,AWP,WE,Towers with Radar,303,72,10,0,385,0,0,24,0,24,303,72,34,0,409,4,0,4,413
08/06/2008,SMF,CA,AWP,WE,Towers with Radar,289,83,83,2,457,0,0,28,0,28,289,83,111,2,485,8,0,8,493
08/07/2008,SMF,CA,AWP,WE,Towers with Radar,294,80,48,0,422,0,0,0,24,24,294,80,48,24,446,0,0,0,446
08/08/2008,SMF,CA,AWP,WE,Towers with Radar,370,88,23,0,481,0,0,18,0,18,370,88,41,0,499,24,0,24,523
08/09/2008,SMF,CA,AWP,WE,Towers with Radar,259,76,10,0,345,0,0,24,0,24,259,76,34,0,369,0,0,0,369
08/10/2008,SMF,CA,AWP,WE,Towers with Radar,275,71,8,0,354,0,0,16,0,16,275,71,24,0,370,0,0,0,370
08/11/2008,SMF,CA,AWP,WE,Towers with Radar,319,76,67,0,462,0,0,48,0,48,319,76,115,0,510,56,0,56,566
08/12/2008,SMF,CA,AWP,WE,Towers with Radar,311,79,15,0,405,26,0,0,0,26,337,79,15,0,431,36,0,36,467
08/13/2008,SMF,CA,AWP,WE,Towers with Radar,307,121,75,0,503,0,0,16,0,16,307,121,91,0,519,20,0,20,539
08/14/2008,SMF,CA,AWP,WE,Towers with Radar,291,74,17,8,390,0,0,29,0,29,291,74,46,8,419,42,6,48,467
08/15/2008,SMF,CA,AWP,WE,Towers with Radar,272,87,33,0,392,0,0,19,0,19,272,87,52,0,411,88,0,88,499
08/16/2008,SMF,CA,AWP,WE,Towers with Radar,257,73,41,0,371,0,0,18,0,18,257,73,59,0,389,10,0,10,399
08/17/2008,SMF,CA,AWP,WE,Towers with Radar,312,59,11,0,382,0,0,19,0,19,312,59,30,0,401,0,0,0,401
08/18/2008,SMF,CA,AWP,WE,Towers with Radar,329,72,61,0,462,0,8,24,0,32,329,80,85,0,494,160,0,160,654
08/19/2008,SMF,CA,AWP,WE,Towers with Radar,303,67,52,6,428,0,0,20,0,20,303,67,72,6,448,42,10,52,500
08/20/2008,SMF,CA,AWP,WE,Towers with Radar,299,82,77,0,458,0,0,30,0,30,299,82,107,0,488,42,0,42,530
08/21/2008,SMF,CA,AWP,WE,Towers with Radar,298,75,33,2,408,0,0,16,0,16,298,75,49,2,424,56,0,56,480
08/22/2008,SMF,CA,AWP,WE,Towers with Radar,323,90,10,0,423,0,0,13,0,13,323,90,23,0,436,50,0,50,486
08/23/2008,SMF,CA,AWP,WE,Towers with Radar,258,61,0,0,319,0,0,36,2,38,258,61,36,2,357,8,0,8,365
08/24/2008,SMF,CA,AWP,WE,Towers with Radar,290,36,14,0,340,0,0,13,0,13,290,36,27,0,353,0,0,0,353
08/25/2008,SMF,CA,AWP,WE,Towers with Radar,326,74,87,2,489,0,10,74,4,88,326,84,161,6,577,70,4,74,651
08/26/2008,SMF,CA,AWP,WE,Towers with Radar,308,59,40,0,407,0,0,9,0,9,308,59,49,0,416,16,2,18,434
08/27/2008,SMF,CA,AWP,WE,Towers with Radar,301,61,57,2,421,0,0,27,0,27,301,61,84,2,448,16,8,24,472
08/28/2008,SMF,CA,AWP,WE,Towers with Radar,276,70,7,2,355,0,0,22,0,22,276,70,29,2,377,14,0,14,391
08/29/2008,SMF,CA,AWP,WE,Towers with Radar,289,77,46,0,412,0,0,15,0,15,289,77,61,0,427,32,0,32,459
08/30/2008,SMF,CA,AWP,WE,Towers with Radar,262,47,0,0,309,0,0,43,0,43,262,47,43,0,352,0,0,0,352
08/31/2008,SMF,CA,AWP,WE,Towers with Radar,211,33,5,2,251,0,0,15,0,15,211,33,20,2,266,4,0,4,270
09/01/2008,SMF,CA,AWP,WE,Towers with Radar,272,48,33,0,353,0,4,13,0,17,272,52,46,0,370,6,0,6,376
09/02/2008,SMF,CA,AWP,WE,Towers with Radar,286,36,45,0,367,0,0,0,0,0,286,36,45,0,367,60,0,60,427
09/03/2008,SMF,CA,AWP,WE,Towers with Radar,286,38,29,0,353,0,0,12,0,12,286,38,41,0,365,10,0,10,375
09/04/2008,SMF,CA,AWP,WE,Towers with Radar,275,48,8,10,341,0,0,22,0,22,275,48,30,10,363,36,6,42,405
09/05/2008,SMF,CA,AWP,WE,Towers with Radar,293,82,11,2,388,0,0,14,0,14,293,82,25,2,402,12,0,12,414
09/06/2008,SMF,CA,AWP,WE,Towers with Radar,195,30,0,0,225,0,0,41,0,41,195,30,41,0,266,0,0,0,266
09/07/2008,SMF,CA,AWP,WE,Towers with Radar,261,33,9,0,303,0,0,27,0,27,261,33,36,0,330,0,0,0,330
09/08/2008,SMF,CA,AWP,WE,Towers with Radar,299,46,60,4,409,0,6,14,0,20,299,52,74,4,429,48,20,68,497
09/09/2008,SMF,CA,AWP,WE,Towers with Radar,276,39,16,4,335,0,0,11,0,11,276,39,27,4,346,16,14,30,376
09/10/2008,SMF,CA,AWP,WE,Towers with Radar,271,51,91,0,413,0,0,0,0,0,271,51,91,0,413,42,0,42,455
09/11/2008,SMF,CA,AWP,WE,Towers with Radar,286,49,9,2,346,0,0,30,0,30,286,49,39,2,376,54,4,58,434
09/12/2008,SMF,CA,AWP,WE,Towers with Radar,296,56,57,6,415,0,0,13,0,13,296,56,70,6,428,32,0,32,460
09/13/2008,SMF,CA,AWP,WE,Towers with Radar,210,45,44,0,299,0,0,7,0,7,210,45,51,0,306,6,0,6,312
09/14/2008,SMF,CA,AWP,WE,Towers with Radar,260,41,27,0,328,0,0,15,0,15,260,41,42,0,343,2,0,2,345
09/15/2008,SMF,CA,AWP,WE,Towers with Radar,315,42,74,4,435,0,4,12,0,16,315,46,86,4,451,34,12,46,497
09/16/2008,SMF,CA,AWP,WE,Towers with Radar,279,47,36,2,364,0,0,0,0,0,279,47,36,2,364,2,10,12,376
09/17/2008,SMF,CA,AWP,WE,Towers with Radar,277,59,11,0,347,0,0,36,0,36,277,59,47,0,383,6,0,6,389
09/18/2008,SMF,CA,AWP,WE,Towers with Radar,272,51,19,2,344,0,0,30,0,30,272,51,49,2,374,20,0,20,394
09/19/2008,SMF,CA,AWP,WE,Towers with Radar,285,63,21,0,369,0,0,15,0,15,285,63,36,0,384,0,0,0,384
09/20/2008,SMF,CA,AWP,WE,Towers with Radar,209,42,0,0,251,0,0,42,0,42,209,42,42,0,293,0,0,0,293
09/21/2008,SMF,CA,AWP,WE,Towers with Radar,250,48,7,0,305,0,0,31,0,31,250,48,38,0,336,0,0,0,336
09/22/2008,SMF,CA,AWP,WE,Towers with Radar,295,56,47,2,400,0,2,10,0,12,295,58,57,2,412,0,2,2,414
09/23/2008,SMF,CA,AWP,WE,Towers with Radar,272,47,13,2,334,0,0,16,0,16,272,47,29,2,350,4,8,12,362
09/24/2008,SMF,CA,AWP,WE,Towers with Radar,270,45,17,2,334,0,0,20,0,20,270,45,37,2,354,4,0,4,358
09/25/2008,SMF,CA,AWP,WE,Towers with Radar,281,48,18,0,347,0,0,21,0,21,281,48,39,0,368,0,0,0,368
09/26/2008,SMF,CA,AWP,WE,Towers with Radar,303,61,49,4,417,0,0,14,0,14,303,61,63,4,431,6,14,20,451
09/27/2008,SMF,CA,AWP,WE,Towers with Radar,213,34,0,0,247,0,0,26,6,32,213,34,26,6,279,14,26,40,319
09/28/2008,SMF,CA,AWP,WE,Towers with Radar,260,44,25,0,329,0,0,23,0,23,260,44,48,0,352,0,0,0,352
09/29/2008,SMF,CA,AWP,WE,Towers with Radar,298,47,56,4,405,0,0,0,6,6,298,47,56,10,411,0,6,6,417
09/30/2008,SMF,CA,AWP,WE,Towers with Radar,281,45,9,0,335,0,0,22,0,22,281,45,31,0,357,2,0,2,359
10/01/2008,SMF,CA,AWP,WE,Towers with Radar,274,45,21,2,342,0,0,37,0,37,274,45,58,2,379,2,0,2,381
10/02/2008,SMF,CA,AWP,WE,Towers with Radar,273,47,12,10,342,0,0,12,0,12,273,47,24,10,354,4,28,32,386
10/03/2008,SMF,CA,AWP,WE,Towers with Radar,300,51,21,4,376,0,0,6,0,6,300,51,27,4,382,0,10,10,392
10/04/2008,SMF,CA,AWP,WE,Towers with Radar,218,38,18,0,274,0,0,5,0,5,218,38,23,0,279,0,0,0,279
10/05/2008,SMF,CA,AWP,WE,Towers with Radar,268,41,19,2,330,0,0,12,0,12,268,41,31,2,342,0,0,0,342
10/06/2008,SMF,CA,AWP,WE,Towers with Radar,304,53,64,4,425,0,1,11,0,12,304,54,75,4,437,42,12,54,491
10/07/2008,SMF,CA,AWP,WE,Towers with Radar,284,49,43,2,378,0,0,21,0,21,284,49,64,2,399,6,6,12,411
10/08/2008,SMF,CA,AWP,WE,Towers with Radar,271,53,10,2,336,0,0,23,0,23,271,53,33,2,359,2,10,12,371
10/09/2008,SMF,CA,AWP,WE,Towers with Radar,279,53,18,6,356,0,0,35,0,35,279,53,53,6,391,6,0,6,397
10/10/2008,SMF,CA,AWP,WE,Towers with Radar,273,48,5,0,326,0,0,20,0,20,273,48,25,0,346,5,0,5,351
10/11/2008,SMF,CA,AWP,WE,Towers with Radar,195,38,0,0,233,0,0,48,0,48,195,38,48,0,281,0,0,0,281
10/12/2008,SMF,CA,AWP,WE,Towers with Radar,257,42,11,0,310,0,0,14,0,14,257,42,25,0,324,0,0,0,324
10/13/2008,SMF,CA,AWP,WE,Towers with Radar,301,51,64,0,416,0,1,8,0,9,301,52,72,0,425,8,0,8,433
10/14/2008,SMF,CA,AWP,WE,Towers with Radar,288,41,25,0,354,0,0,6,0,6,288,41,31,0,360,2,0,2,362
10/15/2008,SMF,CA,AWP,WE,Towers with Radar,273,45,20,0,338,0,0,19,0,19,273,45,39,0,357,22,0,22,379
10/16/2008,SMF,CA,AWP,WE,Towers with Radar,273,50,9,0,332,0,0,11,0,11,273,50,20,0,343,12,0,12,355
10/17/2008,SMF,CA,AWP,WE,Towers with Radar,279,43,8,5,335,0,0,13,0,13,279,43,21,5,348,0,18,18,366
10/18/2008,SMF,CA,AWP,WE,Towers with Radar,227,49,0,0,276,0,0,21,0,21,227,49,21,0,297,4,0,4,301
10/19/2008,SMF,CA,AWP,WE,Towers with Radar,268,39,20,0,327,0,0,10,0,10,268,39,30,0,337,2,0,2,339
10/20/2008,SMF,CA,AWP,WE,Towers with Radar,306,55,53,0,414,0,0,21,0,21,306,55,74,0,435,24,0,24,459
10/21/2008,SMF,CA,AWP,WE,Towers with Radar,267,40,39,0,346,0,0,12,0,12,267,40,51,0,358,14,0,14,372
10/22/2008,SMF,CA,AWP,WE,Towers with Radar,275,45,12,0,332,0,0,16,0,16,275,45,28,0,348,8,0,8,356
10/23/2008,SMF,CA,AWP,WE,Towers with Radar,283,50,11,5,349,0,0,21,0,21,283,50,32,5,370,14,8,22,392
10/24/2008,SMF,CA,AWP,WE,Towers with Radar,284,53,4,4,345,0,0,16,0,16,284,53,20,4,361,20,12,32,393
10/25/2008,SMF,CA,AWP,WE,Towers with Radar,204,34,0,0,238,0,0,40,0,40,204,34,40,0,278,11,0,11,289
10/26/2008,SMF,CA,AWP,WE,Towers with Radar,259,49,25,0,333,0,0,10,0,10,259,49,35,0,343,6,0,6,349
10/27/2008,SMF,CA,AWP,WE,Towers with Radar,293,36,29,10,368,0,0,15,0,15,293,36,44,10,383,40,24,64,447
10/28/2008,SMF,CA,AWP,WE,Towers with Radar,281,41,56,6,384,0,0,23,0,23,281,41,79,6,407,8,6,14,421
10/29/2008,SMF,CA,AWP,WE,Towers with Radar,271,49,11,6,337,0,0,35,0,35,271,49,46,6,372,6,20,26,398
10/30/2008,SMF,CA,AWP,WE,Towers with Radar,264,48,23,2,337,0,0,8,0,8,264,48,31,2,345,8,6,14,359
10/31/2008,SMF,CA,AWP,WE,Towers with Radar,266,47,17,0,330,0,0,7,0,7,266,47,24,0,337,6,0,6,343
11/01/2008,SMF,CA,AWP,WE,Towers with Radar,198,26,0,0,224,0,0,9,0,9,198,26,9,0,233,0,0,0,233
11/02/2008,SMF,CA,AWP,WE,Towers with Radar,230,34,6,0,270,0,0,4,0,4,230,34,10,0,274,0,0,0,274
11/03/2008,SMF,CA,AWP,WE,Towers with Radar,278,34,9,4,325,0,0,7,0,7,278,34,16,4,332,0,0,0,332
11/04/2008,SMF,CA,AWP,WE,Towers with Radar,279,52,37,0,368,0,0,13,0,13,279,52,50,0,381,6,0,6,387
11/05/2008,SMF,CA,AWP,WE,Towers with Radar,273,46,7,6,332,0,0,7,0,7,273,46,14,6,339,0,10,10,349
11/06/2008,SMF,CA,AWP,WE,Towers with Radar,273,57,7,4,341,0,0,23,0,23,273,57,30,4,364,6,12,18,382
11/07/2008,SMF,CA,AWP,WE,Towers with Radar,325,51,30,0,406,0,0,12,0,12,325,51,42,0,418,16,0,16,434
11/08/2008,SMF,CA,AWP,WE,Towers with Radar,217,35,0,0,252,0,0,23,0,23,217,35,23,0,275,0,0,0,275
11/09/2008,SMF,CA,AWP,WE,Towers with Radar,277,35,14,0,326,0,0,9,0,9,277,35,23,0,335,0,0,0,335
11/10/2008,SMF,CA,AWP,WE,Towers with Radar,303,49,39,2,393,0,0,12,2,14,303,49,51,4,407,26,2,28,435
11/11/2008,SMF,CA,AWP,WE,Towers with Radar,275,59,25,0,359,0,0,7,0,7,275,59,32,0,366,11,4,15,381
11/12/2008,SMF,CA,AWP,WE,Towers with Radar,282,43,23,2,350,0,0,14,0,14,282,43,37,2,364,0,0,0,364
11/13/2008,SMF,CA,AWP,WE,Towers with Radar,286,49,0,2,337,0,0,36,0,36,286,49,36,2,373,22,0,22,395
11/14/2008,SMF,CA,AWP,WE,Towers with Radar,300,69,22,3,394,0,0,24,0,24,300,69,46,3,418,0,6,6,424
11/15/2008,SMF,CA,AWP,WE,Towers with Radar,258,36,0,0,294,0,0,43,0,43,258,36,43,0,337,0,0,0,337
11/16/2008,SMF,CA,AWP,WE,Towers with Radar,261,31,12,0,304,0,0,11,0,11,261,31,23,0,315,10,0,10,325
11/17/2008,SMF,CA,AWP,WE,Towers with Radar,301,45,32,8,386,0,4,22,0,26,301,49,54,8,412,0,22,22,434
11/18/2008,SMF,CA,AWP,WE,Towers with Radar,283,53,27,3,366,0,0,13,0,13,283,53,40,3,379,16,0,16,395
11/19/2008,SMF,CA,AWP,WE,Towers with Radar,287,45,20,10,362,0,0,10,0,10,287,45,30,10,372,20,12,32,404
11/20/2008,SMF,CA,AWP,WE,Towers with Radar,275,51,13,4,343,0,0,2,0,2,275,51,15,4,345,6,12,18,363
11/21/2008,SMF,CA,AWP,WE,Towers with Radar,297,63,20,0,380,0,0,8,0,8,297,63,28,0,388,8,0,8,396
11/22/2008,SMF,CA,AWP,WE,Towers with Radar,237,26,24,0,287,0,0,26,0,26,237,26,50,0,313,0,0,0,313
11/23/2008,SMF,CA,AWP,WE,Towers with Radar,246,25,10,0,281,0,0,10,0,10,246,25,20,0,291,4,0,4,295
11/24/2008,SMF,CA,AWP,WE,Towers with Radar,317,42,68,18,445,0,4,8,0,12,317,46,76,18,457,52,38,90,547
11/25/2008,SMF,CA,AWP,WE,Towers with Radar,289,47,50,4,390,0,0,11,0,11,289,47,61,4,401,18,8,26,427
11/26/2008,SMF,CA,AWP,WE,Towers with Radar,279,55,30,0,364,0,0,11,0,11,279,55,41,0,375,8,0,8,383
11/27/2008,SMF,CA,AWP,WE,Towers with Radar,186,22,2,0,210,0,0,5,0,5,186,22,7,0,215,0,0,0,215
11/28/2008,SMF,CA,AWP,WE,Towers with Radar,253,64,11,0,328,0,0,1,0,1,253,64,12,0,329,0,0,0,329
11/29/2008,SMF,CA,AWP,WE,Towers with Radar,235,23,0,0,258,0,0,10,0,10,235,23,10,0,268,6,0,6,274
11/30/2008,SMF,CA,AWP,WE,Towers with Radar,270,35,16,0,321,0,0,19,0,19,270,35,35,0,340,0,0,0,340
12/01/2008,SMF,CA,AWP,WE,Towers with Radar,308,40,29,0,377,0,0,0,0,0,308,40,29,0,377,0,0,0,377
12/02/2008,SMF,CA,AWP,WE,Towers with Radar,285,43,12,0,340,0,0,0,0,0,285,43,12,0,340,0,0,0,340
12/03/2008,SMF,CA,AWP,WE,Towers with Radar,285,52,40,0,377,0,0,0,0,0,285,52,40,0,377,0,0,0,377
12/04/2008,SMF,CA,AWP,WE,Towers with Radar,266,48,16,0,330,0,0,0,0,0,266,48,16,0,330,0,0,0,330
12/05/2008,SMF,CA,AWP,WE,Towers with Radar,284,39,15,0,338,0,0,0,0,0,284,39,15,0,338,0,0,0,338
12/06/2008,SMF,CA,AWP,WE,Towers with Radar,213,15,4,0,232,0,0,0,0,0,213,15,4,0,232,2,0,2,234
12/07/2008,SMF,CA,AWP,WE,Towers with Radar,251,19,25,0,295,0,0,0,0,0,251,19,25,0,295,0,0,0,295
12/08/2008,SMF,CA,AWP,WE,Towers with Radar,299,43,16,2,360,0,0,6,0,6,299,43,22,2,366,24,2,26,392
12/09/2008,SMF,CA,AWP,WE,Towers with Radar,275,41,19,2,337,0,0,1,0,1,275,41,20,2,338,0,4,4,342
12/10/2008,SMF,CA,AWP,WE,Towers with Radar,265,40,5,2,312,0,0,19,0,19,265,40,24,2,331,34,0,34,365
12/11/2008,SMF,CA,AWP,WE,Towers with Radar,274,51,35,2,362,0,0,16,0,16,274,51,51,2,378,16,0,16,394
12/12/2008,SMF,CA,AWP,WE,Towers with Radar,261,44,29,2,336,0,0,4,0,4,261,44,33,2,340,6,0,6,346
12/13/2008,SMF,CA,AWP,WE,Towers with Radar,203,30,12,0,245,0,0,12,0,12,203,30,24,0,257,4,0,4,261
12/14/2008,SMF,CA,AWP,WE,Towers with Radar,250,20,4,0,274,0,0,2,0,2,250,20,6,0,276,6,0,6,282
12/15/2008,SMF,CA,AWP,WE,Towers with Radar,276,39,37,0,352,0,0,7,0,7,276,39,44,0,359,4,0,4,363
12/16/2008,SMF,CA,AWP,WE,Towers with Radar,268,46,21,0,335,0,0,0,0,0,268,46,21,0,335,0,0,0,335
12/17/2008,SMF,CA,AWP,WE,Towers with Radar,251,52,2,2,307,0,0,23,0,23,251,52,25,2,330,18,0,18,348
12/18/2008,SMF,CA,AWP,WE,Towers with Radar,257,51,25,4,337,0,0,11,0,11,257,51,36,4,348,6,2,8,356
12/19/2008,SMF,CA,AWP,WE,Towers with Radar,268,75,12,0,355,0,0,0,0,0,268,75,12,0,355,0,0,0,355
12/20/2008,SMF,CA,AWP,WE,Towers with Radar,239,44,0,0,283,0,0,21,0,21,239,44,21,0,304,7,0,7,311
12/21/2008,SMF,CA,AWP,WE,Towers with Radar,225,26,9,0,260,0,0,0,0,0,225,26,9,0,260,0,0,0,260
12/22/2008,SMF,CA,AWP,WE,Towers with Radar,265,50,23,4,342,0,4,10,0,14,265,54,33,4,356,0,4,4,360
12/23/2008,SMF,CA,AWP,WE,Towers with Radar,282,68,47,0,397,0,0,6,0,6,282,68,53,0,403,0,0,0,403
12/24/2008,SMF,CA,AWP,WE,Towers with Radar,230,35,1,2,268,0,0,6,0,6,230,35,7,2,274,4,0,4,278
12/25/2008,SMF,CA,AWP,WE,Towers with Radar,211,22,4,0,237,0,0,1,0,1,211,22,5,0,238,0,0,0,238
12/26/2008,SMF,CA,AWP,WE,Towers with Radar,261,46,12,0,319,0,0,0,0,0,261,46,12,0,319,10,0,10,329
12/27/2008,SMF,CA,AWP,WE,Towers with Radar,257,36,0,0,293,0,0,17,0,17,257,36,17,0,310,0,4,4,314
12/28/2008,SMF,CA,AWP,WE,Towers with Radar,266,27,6,0,299,0,0,3,0,3,266,27,9,0,302,4,0,4,306
12/29/2008,SMF,CA,AWP,WE,Towers with Radar,287,45,55,0,387,0,2,8,0,10,287,47,63,0,397,18,0,18,415
12/30/2008,SMF,CA,AWP,WE,Towers with Radar,302,39,35,0,376,0,0,3,0,3,302,39,38,0,379,0,0,0,379
12/31/2008,SMF,CA,AWP,WE,Towers with Radar,234,16,7,0,257,0,0,0,0,0,234,16,7,0,257,0,0,0,257
01/01/2009,SMF,CA,AWP,WE,Towers with Radar,235,26,0,0,261,0,0,0,0,0,235,26,0,0,261,0,0,0,261
01/02/2009,SMF,CA,AWP,WE,Towers with Radar,278,51,25,0,354,0,0,0,0,0,278,51,25,0,354,12,0,12,366
01/03/2009,SMF,CA,AWP,WE,Towers with Radar,257,46,8,0,311,0,2,10,0,12,257,48,18,0,323,20,0,20,343
01/04/2009,SMF,CA,AWP,WE,Towers with Radar,243,37,10,0,290,0,0,19,0,19,243,37,29,0,309,6,0,6,315
01/05/2009,SMF,CA,AWP,WE,Towers with Radar,286,38,13,0,337,0,0,4,0,4,286,38,17,0,341,6,10,16,357
01/06/2009,SMF,CA,AWP,WE,Towers with Radar,267,46,41,0,354,0,0,10,0,10,267,46,51,0,364,0,0,0,364
01/07/2009,SMF,CA,AWP,WE,Towers with Radar,259,49,2,0,310,0,0,0,0,0,259,49,2,0,310,0,0,0,310
01/08/2009,SMF,CA,AWP,WE,Towers with Radar,263,52,18,0,333,0,0,3,0,3,263,52,21,0,336,0,0,0,336
01/09/2009,SMF,CA,AWP,WE,Towers with Radar,263,58,28,0,349,0,0,14,0,14,263,58,42,0,363,16,0,16,379
01/10/2009,SMF,CA,AWP,WE,Towers with Radar,231,35,29,0,295,0,0,11,0,11,231,35,40,0,306,2,0,2,308
01/11/2009,SMF,CA,AWP,WE,Towers with Radar,263,36,17,0,316,0,0,1,0,1,263,36,18,0,317,8,0,8,325
01/12/2009,SMF,CA,AWP,WE,Towers with Radar,275,49,50,6,380,0,6,10,0,16,275,55,60,6,396,32,6,38,434
01/13/2009,SMF,CA,AWP,WE,Towers with Radar,362,44,67,0,473,0,0,22,0,22,362,44,89,0,495,14,0,14,509
01/14/2009,SMF,CA,AWP,WE,Towers with Radar,260,44,11,14,329,0,0,12,0,12,260,44,23,14,341,2,14,16,357
01/15/2009,SMF,CA,AWP,WE,Towers with Radar,263,42,11,0,316,0,0,6,0,6,263,42,17,0,322,0,0,0,322
01/16/2009,SMF,CA,AWP,WE,Towers with Radar,262,51,4,2,319,0,0,23,0,23,262,51,27,2,342,30,0,30,372
01/17/2009,SMF,CA,AWP,WE,Towers with Radar,219,32,24,0,275,0,0,15,0,15,219,32,39,0,290,4,0,4,294
01/18/2009,SMF,CA,AWP,WE,Towers with Radar,237,32,12,0,281,0,0,14,0,14,237,32,26,0,295,0,0,0,295
01/19/2009,SMF,CA,AWP,WE,Towers with Radar,286,50,54,1,391,0,2,4,0,6,286,52,58,1,397,6,0,6,403
01/20/2009,SMF,CA,AWP,WE,Towers with Radar,275,38,14,2,329,0,0,28,2,30,275,38,42,4,359,32,2,34,393
01/21/2009,SMF,CA,AWP,WE,Towers with Radar,258,51,21,2,332,0,0,12,0,12,258,51,33,2,344,14,0,14,358
01/22/2009,SMF,CA,AWP,WE,Towers with Radar,262,45,20,0,327,0,0,0,0,0,262,45,20,0,327,0,0,0,327
01/23/2009,SMF,CA,AWP,WE,Towers with Radar,278,45,9,0,332,0,0,0,0,0,278,45,9,0,332,0,0,0,332
01/24/2009,SMF,CA,AWP,WE,Towers with Radar,201,26,5,0,232,0,0,4,0,4,201,26,9,0,236,0,0,0,236
01/25/2009,SMF,CA,AWP,WE,Towers with Radar,257,38,18,2,315,0,0,5,0,5,257,38,23,2,320,22,0,22,342
01/26/2009,SMF,CA,AWP,WE,Towers with Radar,283,45,40,0,368,0,0,8,0,8,283,45,48,0,376,8,0,8,384
01/27/2009,SMF,CA,AWP,WE,Towers with Radar,264,45,8,8,325,0,0,18,0,18,264,45,26,8,343,2,2,4,347
01/28/2009,SMF,CA,AWP,WE,Towers with Radar,262,54,6,4,326,0,0,32,0,32,262,54,38,4,358,10,10,20,378
01/29/2009,SMF,CA,AWP,WE,Towers with Radar,257,57,48,0,362,0,0,11,4,15,257,57,59,4,377,18,8,26,403
01/30/2009,SMF,CA,AWP,WE,Towers with Radar,290,53,43,0,386,0,0,11,0,11,290,53,54,0,397,34,0,34,431
01/31/2009,SMF,CA,AWP,WE,Towers with Radar,242,27,23,0,292,0,0,9,0,9,242,27,32,0,301,34,0,34,335
02/01/2009,SMF,CA,AWP,WE,Towers with Radar,239,28,7,0,274,0,0,9,0,9,239,28,16,0,283,0,0,0,283
02/02/2009,SMF,CA,AWP,WE,Towers with Radar,289,47,57,10,403,0,4,12,0,16,289,51,69,10,419,24,10,34,453
02/03/2009,SMF,CA,AWP,WE,Towers with Radar,251,41,11,8,311,0,0,10,0,10,251,41,21,8,321,62,22,84,405
02/04/2009,SMF,CA,AWP,WE,Towers with Radar,254,45,9,2,310,0,0,21,0,21,254,45,30,2,331,0,10,10,341
02/05/2009,SMF,CA,AWP,WE,Towers with Radar,245,46,19,6,316,0,0,4,0,4,245,46,23,6,320,18,2,20,340
02/06/2009,SMF,CA,AWP,WE,Towers with Radar,267,45,11,6,329,0,0,11,0,11,267,45,22,6,340,0,10,10,350
02/07/2009,SMF,CA,AWP,WE,Towers with Radar,209,22,7,0,238,0,0,5,0,5,209,22,12,0,243,0,0,0,243
02/08/2009,SMF,CA,AWP,WE,Towers with Radar,226,33,8,0,267,0,0,5,0,5,226,33,13,0,272,0,0,0,272
02/09/2009,SMF,CA,AWP,WE,Towers with Radar,282,43,48,12,385,0,6,8,0,14,282,49,56,12,399,34,12,46,445
02/10/2009,SMF,CA,AWP,WE,Towers with Radar,254,55,12,8,329,0,0,0,0,0,254,55,12,8,329,26,18,44,373
02/11/2009,SMF,CA,AWP,WE,Towers with Radar,265,54,8,0,327,0,0,4,0,4,265,54,12,0,331,28,0,28,359
02/12/2009,SMF,CA,AWP,WE,Towers with Radar,269,62,21,4,356,0,0,2,0,2,269,62,23,4,358,22,6,28,386
02/13/2009,SMF,CA,AWP,WE,Towers with Radar,278,50,15,2,345,0,0,3,0,3,278,50,18,2,348,8,0,8,356
02/14/2009,SMF,CA,AWP,WE,Towers with Radar,233,37,27,0,297,0,0,8,0,8,233,37,35,0,305,8,0,8,313
02/15/2009,SMF,CA,AWP,WE,Towers with Radar,234,23,7,0,264,0,0,0,0,0,234,23,7,0,264,4,0,4,268
02/16/2009,SMF,CA,AWP,WE,Towers with Radar,291,40,15,0,346,0,0,0,0,0,291,40,15,0,346,0,0,0,346
02/17/2009,SMF,CA,AWP,WE,Towers with Radar,263,56,11,8,338,0,0,1,0,1,263,56,12,8,339,0,4,4,343
02/18/2009,SMF,CA,AWP,WE,Towers with Radar,268,51,56,3,378,0,0,16,0,16,268,51,72,3,394,32,10,42,436
02/19/2009,SMF,CA,AWP,WE,Towers with Radar,264,53,19,4,340,0,0,28,0,28,264,53,47,4,368,46,16,62,430
02/20/2009,SMF,CA,AWP,WE,Towers with Radar,301,59,11,2,373,0,0,18,0,18,301,59,29,2,391,20,30,50,441
02/21/2009,SMF,CA,AWP,WE,Towers with Radar,246,38,12,0,296,0,0,5,0,5,246,38,17,0,301,6,0,6,307
02/22/2009,SMF,CA,AWP,WE,Towers with Radar,245,30,10,0,285,0,0,0,0,0,245,30,10,0,285,0,0,0,285
02/23/2009,SMF,CA,AWP,WE,Towers with Radar,336,50,39,10,435,0,6,10,0,16,336,56,49,10,451,8,6,14,465
02/24/2009,SMF,CA,AWP,WE,Towers with Radar,265,48,0,14,327,0,0,36,0,36,265,48,36,14,363,42,0,42,405
02/25/2009,SMF,CA,AWP,WE,Towers with Radar,263,49,2,2,316,0,0,8,0,8,263,49,10,2,324,10,2,12,336
02/26/2009,SMF,CA,AWP,WE,Towers with Radar,256,51,14,2,323,0,0,8,0,8,256,51,22,2,331,6,0,6,337
02/27/2009,SMF,CA,AWP,WE,Towers with Radar,277,49,21,2,349,0,0,17,0,17,277,49,38,2,366,10,0,10,376
02/28/2009,SMF,CA,AWP,WE,Towers with Radar,230,34,10,0,274,0,0,0,0,0,230,34,10,0,274,6,0,6,280
03/01/2009,SMF,CA,AWP,WE,Towers with Radar,230,20,5,0,255,0,0,5,0,5,230,20,10,0,260,0,0,0,260
03/02/2009,SMF,CA,AWP,WE,Towers with Radar,270,42,34,0,346,0,0,8,0,8,270,42,42,0,354,14,0,14,368
03/03/2009,SMF,CA,AWP,WE,Towers with Radar,256,48,25,0,329,0,0,1,0,1,256,48,26,0,330,24,0,24,354
03/04/2009,SMF,CA,AWP,WE,Towers with Radar,253,55,3,2,313,0,0,9,0,9,253,55,12,2,322,14,0,14,336
03/05/2009,SMF,CA,AWP,WE,Towers with Radar,274,60,15,2,351,0,0,7,0,7,274,60,22,2,358,56,0,56,414
03/06/2009,SMF,CA,AWP,WE,Towers with Radar,293,50,24,0,367,0,0,12,0,12,293,50,36,0,379,92,0,92,471
03/07/2009,SMF,CA,AWP,WE,Towers with Radar,210,25,8,0,243,0,0,14,0,14,210,25,22,0,257,2,0,2,259
03/08/2009,SMF,CA,AWP,WE,Towers with Radar,246,27,1,0,274,0,0,16,0,16,246,27,17,0,290,10,0,10,300
03/09/2009,SMF,CA,AWP,WE,Towers with Radar,281,41,62,2,386,0,2,12,0,14,281,43,74,2,400,44,6,50,450
03/10/2009,SMF,CA,AWP,WE,Towers with Radar,268,40,36,2,346,0,0,8,0,8,268,40,44,2,354,32,0,32,386
03/11/2009,SMF,CA,AWP,WE,Towers with Radar,256,49,7,0,312,0,0,10,2,12,256,49,17,2,324,0,16,16,340
03/12/2009,SMF,CA,AWP,WE,Towers with Radar,269,54,10,4,337,0,0,15,0,15,269,54,25,4,352,20,0,20,372
03/13/2009,SMF,CA,AWP,WE,Towers with Radar,268,43,34,4,349,0,0,21,0,21,268,43,55,4,370,62,0,62,432
03/14/2009,SMF,CA,AWP,WE,Towers with Radar,213,31,5,0,249,0,0,10,0,10,213,31,15,0,259,0,0,0,259
03/15/2009,SMF,CA,AWP,WE,Towers with Radar,245,26,5,0,276,0,0,7,0,7,245,26,12,0,283,0,0,0,283
03/16/2009,SMF,CA,AWP,WE,Towers with Radar,276,54,48,0,378,0,2,4,0,6,276,56,52,0,384,40,0,40,424
03/17/2009,SMF,CA,AWP,WE,Towers with Radar,257,49,22,2,330,0,0,16,2,18,257,49,38,4,348,46,18,64,412
03/18/2009,SMF,CA,AWP,WE,Towers with Radar,261,50,9,0,320,0,0,7,0,7,261,50,16,0,327,0,0,0,327
03/19/2009,SMF,CA,AWP,WE,Towers with Radar,263,46,26,0,335,0,0,13,0,13,263,46,39,0,348,10,0,10,358
03/20/2009,SMF,CA,AWP,WE,Towers with Radar,278,46,48,2,374,0,0,24,0,24,278,46,72,2,398,44,0,44,442
03/21/2009,SMF,CA,AWP,WE,Towers with Radar,244,34,5,0,283,0,0,5,0,5,244,34,10,0,288,0,0,0,288
03/22/2009,SMF,CA,AWP,WE,Towers with Radar,291,52,52,0,395,0,4,3,0,7,291,56,55,0,402,20,12,32,434
03/23/2009,SMF,CA,AWP,WE,Towers with Radar,280,48,38,2,368,0,4,8,0,12,280,52,46,2,380,2,12,14,394
03/24/2009,SMF,CA,AWP,WE,Towers with Radar,266,47,6,4,323,0,0,37,0,37,266,47,43,4,360,16,8,24,384
03/25/2009,SMF,CA,AWP,WE,Towers with Radar,255,57,8,0,320,0,0,27,0,27,255,57,35,0,347,26,0,26,373
03/26/2009,SMF,CA,AWP,WE,Towers with Radar,250,48,15,6,319,0,0,26,0,26,250,48,41,6,345,32,30,62,407
03/27/2009,SMF,CA,AWP,WE,Towers with Radar,291,56,19,4,370,0,0,18,0,18,291,56,37,4,388,0,4,4,392
03/28/2009,SMF,CA,AWP,WE,Towers with Radar,218,33,11,0,262,0,0,17,0,17,218,33,28,0,279,16,0,16,295
03/29/2009,SMF,CA,AWP,WE,Towers with Radar,270,29,20,0,319,0,0,8,0,8,270,29,28,0,327,0,0,0,327
03/30/2009,SMF,CA,AWP,WE,Towers with Radar,272,44,59,8,383,0,4,8,0,12,272,48,67,8,395,28,40,68,463
03/31/2009,SMF,CA,AWP,WE,Towers with Radar,272,55,10,0,337,0,0,0,0,0,272,55,10,0,337,20,0,20,357
04/01/2009,SMF,CA,AWP,WE,Towers with Radar,264,49,5,2,320,0,0,4,0,4,264,49,9,2,324,2,0,2,326
04/02/2009,SMF,CA,AWP,WE,Towers with Radar,263,50,4,0,317,0,0,13,0,13,263,50,17,0,330,6,0,6,336
04/03/2009,SMF,CA,AWP,WE,Towers with Radar,264,45,18,4,331,0,0,16,0,16,264,45,34,4,347,4,8,12,359
04/04/2009,SMF,CA,AWP,WE,Towers with Radar,219,30,8,0,257,0,0,6,0,6,219,30,14,0,263,0,0,0,263
04/05/2009,SMF,CA,AWP,WE,Towers with Radar,249,40,8,0,297,0,0,6,0,6,249,40,14,0,303,16,0,16,319
04/06/2009,SMF,CA,AWP,WE,Towers with Radar,279,46,53,6,384,0,2,12,0,14,279,48,65,6,398,44,16,60,458
04/07/2009,SMF,CA,AWP,WE,Towers with Radar,278,49,0,0,327,0,0,11,2,13,278,49,11,2,340,0,12,12,352
04/08/2009,SMF,CA,AWP,WE,Towers with Radar,268,43,10,0,321,0,0,25,2,27,268,43,35,2,348,0,10,10,358
04/09/2009,SMF,CA,AWP,WE,Towers with Radar,269,47,19,2,337,0,0,0,0,0,269,47,19,2,337,12,10,22,359
04/10/2009,SMF,CA,AWP,WE,Towers with Radar,271,49,9,2,331,0,0,18,0,18,271,49,27,2,349,2,6,8,357
04/11/2009,SMF,CA,AWP,WE,Towers with Radar,202,36,16,0,254,0,0,7,0,7,202,36,23,0,261,8,0,8,269
04/12/2009,SMF,CA,AWP,WE,Towers with Radar,250,32,4,0,286,0,0,12,0,12,250,32,16,0,298,0,0,0,298
04/13/2009,SMF,CA,AWP,WE,Towers with Radar,273,42,33,8,356,0,4,12,0,16,273,46,45,8,372,18,12,30,402
04/14/2009,SMF,CA,AWP,WE,Towers with Radar,279,43,10,6,338,0,1,10,1,12,279,44,20,7,350,4,12,16,366
04/15/2009,SMF,CA,AWP,WE,Towers with Radar,245,47,2,4,298,0,0,16,0,16,245,47,18,4,314,14,18,32,346
04/16/2009,SMF,CA,AWP,WE,Towers with Radar,265,63,8,4,340,0,0,7,0,7,265,63,15,4,347,0,2,2,349
04/17/2009,SMF,CA,AWP,WE,Towers with Radar,278,43,24,6,351,0,1,8,0,9,278,44,32,6,360,0,0,0,360
04/18/2009,SMF,CA,AWP,WE,Towers with Radar,228,34,22,0,284,0,0,8,0,8,228,34,30,0,292,0,0,0,292
04/19/2009,SMF,CA,AWP,WE,Towers with Radar,247,28,24,0,299,0,0,10,0,10,247,28,34,0,309,0,0,0,309
04/20/2009,SMF,CA,AWP,WE,Towers with Radar,273,41,48,6,368,0,4,6,0,10,273,45,54,6,378,10,8,18,396
04/21/2009,SMF,CA,AWP,WE,Towers with Radar,268,47,20,2,337,0,0,23,0,23,268,47,43,2,360,12,6,18,378
04/22/2009,SMF,CA,AWP,WE,Towers with Radar,278,44,21,0,343,0,0,18,0,18,278,44,39,0,361,2,0,2,363
04/23/2009,SMF,CA,AWP,WE,Towers with Radar,252,49,26,2,329,0,0,0,0,0,252,49,26,2,329,0,8,8,337
04/24/2009,SMF,CA,AWP,WE,Towers with Radar,285,58,25,4,372,0,0,13,0,13,285,58,38,4,385,6,6,12,397
04/25/2009,SMF,CA,AWP,WE,Towers with Radar,210,33,20,0,263,0,0,11,0,11,210,33,31,0,274,0,0,0,274
04/26/2009,SMF,CA,AWP,WE,Towers with Radar,254,26,4,0,284,0,0,12,0,12,254,26,16,0,296,20,0,20,316
04/27/2009,SMF,CA,AWP,WE,Towers with Radar,274,43,67,4,388,0,4,8,0,12,274,47,75,4,400,2,4,6,406
04/28/2009,SMF,CA,AWP,WE,Towers with Radar,268,39,15,0,322,0,0,16,0,16,268,39,31,0,338,0,0,0,338
04/29/2009,SMF,CA,AWP,WE,Towers with Radar,260,54,0,0,314,0,0,12,0,12,260,54,12,0,326,0,0,0,326
04/30/2009,SMF,CA,AWP,WE,Towers with Radar,250,53,3,2,308,0,0,18,0,18,250,53,21,2,326,20,12,32,358
05/01/2009,SMF,CA,AWP,WE,Towers with Radar,280,36,32,0,348,0,0,9,0,9,280,36,41,0,357,0,0,0,357
05/02/2009,SMF,CA,AWP,WE,Towers with Radar,218,31,10,0,259,0,0,0,0,0,218,31,10,0,259,0,0,0,259
05/03/2009,SMF,CA,AWP,WE,Towers with Radar,256,30,0,0,286,0,0,5,0,5,256,30,5,0,291,0,0,0,291
05/04/2009,SMF,CA,AWP,WE,Towers with Radar,267,48,30,2,347,0,0,0,0,0,267,48,30,2,347,0,0,0,347
05/05/2009,SMF,CA,AWP,WE,Towers with Radar,275,43,10,0,328,0,0,8,0,8,275,43,18,0,336,8,0,8,344
05/06/2009,SMF,CA,AWP,WE,Towers with Radar,259,43,9,8,319,0,0,12,0,12,259,43,21,8,331,2,0,2,333
05/07/2009,SMF,CA,AWP,WE,Towers with Radar,269,50,16,12,347,0,0,7,0,7,269,50,23,12,354,18,8,26,380
05/08/2009,SMF,CA,AWP,WE,Towers with Radar,281,56,31,0,368,0,0,19,0,19,281,56,50,0,387,36,0,36,423
05/09/2009,SMF,CA,AWP,WE,Towers with Radar,231,30,19,0,280,0,0,18,0,18,231,30,37,0,298,0,0,0,298
05/10/2009,SMF,CA,AWP,WE,Towers with Radar,244,31,7,0,282,0,0,14,0,14,244,31,21,0,296,58,0,58,354
05/11/2009,SMF,CA,AWP,WE,Towers with Radar,278,48,86,8,420,0,8,12,0,20,278,56,98,8,440,28,16,44,484
05/12/2009,SMF,CA,AWP,WE,Towers with Radar,274,43,28,0,345,0,1,25,6,32,274,44,53,6,377,56,8,64,441
05/13/2009,SMF,CA,AWP,WE,Towers with Radar,271,46,5,10,332,0,0,26,0,26,271,46,31,10,358,2,0,2,360
05/14/2009,SMF,CA,AWP,WE,Towers with Radar,265,58,13,0,336,0,0,21,0,21,265,58,34,0,357,0,0,0,357
05/15/2009,SMF,CA,AWP,WE,Towers with Radar,280,51,33,0,364,0,0,9,0,9,280,51,42,0,373,30,0,30,403
05/16/2009,SMF,CA,AWP,WE,Towers with Radar,242,24,13,0,279,0,0,11,0,11,242,24,24,0,290,0,0,0,290
05/17/2009,SMF,CA,AWP,WE,Towers with Radar,254,29,12,4,299,0,0,3,0,3,254,29,15,4,302,26,6,32,334
05/18/2009,SMF,CA,AWP,WE,Towers with Radar,290,49,50,16,405,0,4,12,0,16,290,53,62,16,421,22,20,42,463
05/19/2009,SMF,CA,AWP,WE,Towers with Radar,270,46,60,0,376,0,0,25,0,25,270,46,85,0,401,0,0,0,401
05/20/2009,SMF,CA,AWP,WE,Towers with Radar,268,45,0,0,313,0,0,35,0,35,268,45,35,0,348,14,0,14,362
05/21/2009,SMF,CA,AWP,WE,Towers with Radar,276,51,13,0,340,0,0,21,0,21,276,51,34,0,361,0,0,0,361
05/22/2009,SMF,CA,AWP,WE,Towers with Radar,274,46,81,2,403,0,0,17,0,17,274,46,98,2,420,40,0,40,460
05/23/2009,SMF,CA,AWP,WE,Towers with Radar,228,27,4,0,259,0,0,13,0,13,228,27,17,0,272,10,0,10,282
05/24/2009,SMF,CA,AWP,WE,Towers with Radar,219,20,4,0,243,0,0,4,0,4,219,20,8,0,247,12,0,12,259
05/25/2009,SMF,CA,AWP,WE,Towers with Radar,245,32,3,0,280,0,0,2,0,2,245,32,5,0,282,6,0,6,288
05/26/2009,SMF,CA,AWP,WE,Towers with Radar,263,37,1,0,301,0,0,36,2,38,263,37,37,2,339,18,0,18,357
05/27/2009,SMF,CA,AWP,WE,Towers with Radar,262,54,7,4,327,0,0,21,0,21,262,54,28,4,348,36,24,60,408
05/28/2009,SMF,CA,AWP,WE,Towers with Radar,277,55,10,2,344,0,0,17,0,17,277,55,27,2,361,16,0,16,377
05/29/2009,SMF,CA,AWP,WE,Towers with Radar,262,46,26,0,334,0,0,17,0,17,262,46,43,0,351,30,0,30,381
05/30/2009,SMF,CA,AWP,WE,Towers with Radar,228,27,11,0,266,0,0,10,0,10,228,27,21,0,276,0,0,0,276
05/31/2009,SMF,CA,AWP,WE,Towers with Radar,247,21,5,2,275,0,0,9,0,9,247,21,14,2,284,2,10,12,296
06/01/2009,SMF,CA,AWP,WE,Towers with Radar,287,40,78,2,407,0,8,16,0,24,287,48,94,2,431,14,0,14,445
06/02/2009,SMF,CA,AWP,WE,Towers with Radar,278,49,9,0,336,0,0,12,2,14,278,49,21,2,350,0,0,0,350
06/03/2009,SMF,CA,AWP,WE,Towers with Radar,261,49,16,2,328,0,0,7,0,7,261,49,23,2,335,10,0,10,345
06/04/2009,SMF,CA,AWP,WE,Towers with Radar,279,55,13,4,351,0,0,10,0,10,279,55,23,4,361,0,18,18,379
06/05/2009,SMF,CA,AWP,WE,Towers with Radar,290,52,47,4,393,0,0,8,0,8,290,52,55,4,401,12,6,18,419
06/06/2009,SMF,CA,AWP,WE,Towers with Radar,248,31,17,2,298,0,0,12,2,14,248,31,29,4,312,4,2,6,318
06/07/2009,SMF,CA,AWP,WE,Towers with Radar,254,52,0,2,308,0,0,19,0,19,254,52,19,2,327,8,0,8,335
06/08/2009,SMF,CA,AWP,WE,Towers with Radar,286,54,81,14,435,0,6,12,0,18,286,60,93,14,453,86,24,110,563
06/09/2009,SMF,CA,AWP,WE,Towers with Radar,261,49,22,0,332,0,0,22,6,28,261,49,44,6,360,0,8,8,368
06/10/2009,SMF,CA,AWP,WE,Towers with Radar,272,61,19,0,352,0,0,14,0,14,272,61,33,0,366,8,0,8,374
06/11/2009,SMF,CA,AWP,WE,Towers with Radar,258,58,22,0,338,0,0,14,0,14,258,58,36,0,352,12,0,12,364
06/12/2009,SMF,CA,AWP,WE,Towers with Radar,276,47,21,4,348,0,0,13,0,13,276,47,34,4,361,14,0,14,375
06/13/2009,SMF,CA,AWP,WE,Towers with Radar,251,39,14,2,306,0,0,13,0,13,251,39,27,2,319,16,0,16,335
06/14/2009,SMF,CA,AWP,WE,Towers with Radar,256,33,16,0,305,0,0,10,0,10,256,33,26,0,315,22,0,22,337
06/15/2009,SMF,CA,AWP,WE,Towers with Radar,285,60,73,8,426,0,10,14,0,24,285,70,87,8,450,22,14,36,486
06/16/2009,SMF,CA,AWP,WE,Towers with Radar,289,60,0,0,349,0,0,30,6,36,289,60,30,6,385,6,0,6,391
06/17/2009,SMF,CA,AWP,WE,Towers with Radar,284,62,19,0,365,0,0,23,0,23,284,62,42,0,388,38,0,38,426
06/18/2009,SMF,CA,AWP,WE,Towers with Radar,282,65,8,4,359,0,0,19,0,19,282,65,27,4,378,0,12,12,390
06/19/2009,SMF,CA,AWP,WE,Towers with Radar,292,65,29,4,390,0,0,14,0,14,292,65,43,4,404,8,16,24,428
06/20/2009,SMF,CA,AWP,WE,Towers with Radar,249,39,9,0,297,0,0,10,0,10,249,39,19,0,307,6,0,6,313
06/21/2009,SMF,CA,AWP,WE,Towers with Radar,273,37,16,0,326,0,0,11,0,11,273,37,27,0,337,6,0,6,343
06/22/2009,SMF,CA,AWP,WE,Towers with Radar,282,39,76,2,399,0,8,16,0,24,282,47,92,2,423,24,0,24,447
06/23/2009,SMF,CA,AWP,WE,Towers with Radar,270,51,12,0,333,0,0,37,2,39,270,51,49,2,372,24,2,26,398
06/24/2009,SMF,CA,AWP,WE,Towers with Radar,272,54,21,6,353,0,0,27,0,27,272,54,48,6,380,2,2,4,384
06/25/2009,SMF,CA,AWP,WE,Towers with Radar,257,51,12,6,326,0,0,41,0,41,257,51,53,6,367,44,0,44,411
06/26/2009,SMF,CA,AWP,WE,Towers with Radar,288,61,18,0,367,0,0,28,0,28,288,61,46,0,395,38,0,38,433
06/27/2009,SMF,CA,AWP,WE,Towers with Radar,262,37,13,0,312,0,0,23,0,23,262,37,36,0,335,6,0,6,341
06/28/2009,SMF,CA,AWP,WE,Towers with Radar,262,45,9,0,316,0,0,6,0,6,262,45,15,0,322,46,0,46,368
06/29/2009,SMF,CA,AWP,WE,Towers with Radar,291,47,94,4,436,0,6,16,4,26,291,53,110,8,462,110,32,142,604
06/30/2009,SMF,CA,AWP,WE,Towers with Radar,289,45,17,7,358,0,0,20,0,20,289,45,37,7,378,8,12,20,398
07/01/2009,SMF,CA,AWP,WE,Towers with Radar,270,65,12,6,353,0,0,22,0,22,270,65,34,6,375,0,18,18,393
07/02/2009,SMF,CA,AWP,WE,Towers with Radar,271,70,5,0,346,0,0,29,0,29,271,70,34,0,375,20,0,20,395
07/03/2009,SMF,CA,AWP,WE,Towers with Radar,270,44,4,0,318,0,0,33,0,33,270,44,37,0,351,10,0,10,361
07/04/2009,SMF,CA,AWP,WE,Towers with Radar,191,33,10,0,234,0,0,12,0,12,191,33,22,0,246,2,0,2,248
07/05/2009,SMF,CA,AWP,WE,Towers with Radar,250,40,0,0,290,0,1,12,0,13,250,41,12,0,303,2,0,2,305
07/06/2009,SMF,CA,AWP,WE,Towers with Radar,276,45,10,0,331,0,0,27,0,27,276,45,37,0,358,6,0,6,364
07/07/2009,SMF,CA,AWP,WE,Towers with Radar,282,69,8,4,363,0,0,32,0,32,282,69,40,4,395,18,4,22,417
07/08/2009,SMF,CA,AWP,WE,Towers with Radar,258,55,0,2,315,0,3,23,0,26,258,58,23,2,341,12,0,12,353
07/09/2009,SMF,CA,AWP,WE,Towers with Radar,269,57,18,2,346,0,0,13,0,13,269,57,31,2,359,14,0,14,373
07/10/2009,SMF,CA,AWP,WE,Towers with Radar,255,54,3,2,314,0,0,28,0,28,255,54,31,2,342,4,0,4,346
07/11/2009,SMF,CA,AWP,WE,Towers with Radar,249,43,19,0,311,0,0,0,0,0,249,43,19,0,311,20,0,20,331
07/12/2009,SMF,CA,AWP,WE,Towers with Radar,269,29,1,0,299,0,0,12,0,12,269,29,13,0,311,2,0,2,313
07/13/2009,SMF,CA,AWP,WE,Towers with Radar,271,42,15,0,328,0,0,35,0,35,271,42,50,0,363,2,4,6,369
07/14/2009,SMF,CA,AWP,WE,Towers with Radar,269,53,3,0,325,0,0,35,0,35,269,53,38,0,360,50,0,50,410
07/15/2009,SMF,CA,AWP,WE,Towers with Radar,230,63,13,0,306,0,0,10,0,10,230,63,23,0,316,18,0,18,334
07/16/2009,SMF,CA,AWP,WE,Towers with Radar,279,44,11,0,334,0,0,26,0,26,279,44,37,0,360,8,0,8,368
07/17/2009,SMF,CA,AWP,WE,Towers with Radar,265,52,20,0,337,0,0,13,0,13,265,52,33,0,350,0,0,0,350
07/18/2009,SMF,CA,AWP,WE,Towers with Radar,236,39,0,0,275,0,0,10,2,12,236,39,10,2,287,0,10,10,297
07/19/2009,SMF,CA,AWP,WE,Towers with Radar,258,28,0,2,288,0,0,20,0,20,258,28,20,2,308,4,0,4,312
07/20/2009,SMF,CA,AWP,WE,Towers with Radar,282,48,67,4,401,0,6,10,0,16,282,54,77,4,417,6,4,10,427
07/21/2009,SMF,CA,AWP,WE,Towers with Radar,267,53,0,2,322,0,0,30,0,30,267,53,30,2,352,14,0,14,366
07/22/2009,SMF,CA,AWP,WE,Towers with Radar,279,54,1,12,346,0,0,30,0,30,279,54,31,12,376,34,16,50,426
07/23/2009,SMF,CA,AWP,WE,Towers with Radar,273,49,21,0,343,0,0,12,0,12,273,49,33,0,355,0,0,0,355
07/24/2009,SMF,CA,AWP,WE,Towers with Radar,272,67,3,4,346,0,0,31,0,31,272,67,34,4,377,32,4,36,413
07/25/2009,SMF,CA,AWP,WE,Towers with Radar,249,38,3,0,290,0,0,10,0,10,249,38,13,0,300,0,0,0,300
07/26/2009,SMF,CA,AWP,WE,Towers with Radar,254,42,7,2,305,0,0,20,0,20,254,42,27,2,325,4,14,18,343
07/27/2009,SMF,CA,AWP,WE,Towers with Radar,280,64,3,0,347,0,0,23,4,27,280,64,26,4,374,14,18,32,406
07/28/2009,SMF,CA,AWP,WE,Towers with Radar,261,65,0,4,330,0,0,25,0,25,261,65,25,4,355,30,6,36,391
07/29/2009,SMF,CA,AWP,WE,Towers with Radar,262,54,14,0,330,0,0,26,0,26,262,54,40,0,356,36,0,36,392
07/30/2009,SMF,CA,AWP,WE,Towers with Radar,276,57,12,2,347,0,0,23,0,23,276,57,35,2,370,8,0,8,378
07/31/2009,SMF,CA,AWP,WE,Towers with Radar,262,52,9,2,325,0,0,26,0,26,262,52,35,2,351,4,0,4,355
08/01/2009,SMF,CA,AWP,WE,Towers with Radar,238,40,4,0,282,0,0,5,0,5,238,40,9,0,287,10,0,10,297
08/02/2009,SMF,CA,AWP,WE,Towers with Radar,242,38,5,0,285,0,0,11,0,11,242,38,16,0,296,6,0,6,302
08/03/2009,SMF,CA,AWP,WE,Towers with Radar,304,51,51,6,412,0,6,10,0,16,304,57,61,6,428,28,12,40,468
08/04/2009,SMF,CA,AWP,WE,Towers with Radar,278,66,18,4,366,0,0,14,0,14,278,66,32,4,380,36,0,36,416
08/05/2009,SMF,CA,AWP,WE,Towers with Radar,270,56,14,3,343,0,0,29,0,29,270,56,43,3,372,22,0,22,394
08/06/2009,SMF,CA,AWP,WE,Towers with Radar,264,66,12,2,344,0,0,26,0,26,264,66,38,2,370,54,0,54,424
08/07/2009,SMF,CA,AWP,WE,Towers with Radar,263,64,27,2,356,0,0,16,0,16,263,64,43,2,372,92,2,94,466
08/08/2009,SMF,CA,AWP,WE,Towers with Radar,244,42,10,0,296,0,0,8,0,8,244,42,18,0,304,22,0,22,326
08/09/2009,SMF,CA,AWP,WE,Towers with Radar,260,37,30,0,327,0,0,20,0,20,260,37,50,0,347,0,0,0,347
08/10/2009,SMF,CA,AWP,WE,Towers with Radar,287,58,50,8,403,0,6,12,0,18,287,64,62,8,421,60,14,74,495
08/11/2009,SMF,CA,AWP,WE,Towers with Radar,267,43,2,4,316,0,0,20,0,20,267,43,22,4,336,18,12,30,366
08/12/2009,SMF,CA,AWP,WE,Towers with Radar,272,55,11,2,340,0,0,10,0,10,272,55,21,2,350,10,0,10,360
08/13/2009,SMF,CA,AWP,WE,Towers with Radar,274,55,9,0,338,0,0,8,0,8,274,55,17,0,346,10,0,10,356
08/14/2009,SMF,CA,AWP,WE,Towers with Radar,279,58,39,0,376,0,0,9,0,9,279,58,48,0,385,0,0,0,385
08/15/2009,SMF,CA,AWP,WE,Towers with Radar,242,32,0,0,274,0,0,15,0,15,242,32,15,0,289,2,0,2,291
08/16/2009,SMF,CA,AWP,WE,Towers with Radar,249,38,0,0,287,0,1,4,0,5,249,39,4,0,292,8,0,8,300
08/17/2009,SMF,CA,AWP,WE,Towers with Radar,296,64,71,0,431,0,8,16,0,24,296,72,87,0,455,70,0,70,525
08/18/2009,SMF,CA,AWP,WE,Towers with Radar,278,50,11,0,339,0,0,30,0,30,278,50,41,0,369,12,0,12,381
08/19/2009,SMF,CA,AWP,WE,Towers with Radar,266,58,17,4,345,0,0,9,0,9,266,58,26,4,354,34,0,34,388
08/20/2009,SMF,CA,AWP,WE,Towers with Radar,260,54,15,2,331,0,0,26,0,26,260,54,41,2,357,34,0,34,391
08/21/2009,SMF,CA,AWP,WE,Towers with Radar,273,72,63,4,412,0,0,16,0,16,273,72,79,4,428,32,16,48,476
08/22/2009,SMF,CA,AWP,WE,Towers with Radar,202,32,20,4,258,0,0,12,0,12,202,32,32,4,270,6,6,12,282
08/23/2009,SMF,CA,AWP,WE,Towers with Radar,239,40,30,0,309,0,0,14,1,15,239,40,44,1,324,8,0,8,332
08/24/2009,SMF,CA,AWP,WE,Towers with Radar,281,61,65,8,415,0,8,10,0,18,281,69,75,8,433,42,0,42,475
08/25/2009,SMF,CA,AWP,WE,Towers with Radar,268,54,11,2,335,0,0,25,0,25,268,54,36,2,360,24,14,38,398
08/26/2009,SMF,CA,AWP,WE,Towers with Radar,267,63,12,2,344,0,0,20,0,20,267,63,32,2,364,10,8,18,382
08/27/2009,SMF,CA,AWP,WE,Towers with Radar,263,66,13,4,346,0,0,31,0,31,263,66,44,4,377,38,0,38,415
08/28/2009,SMF,CA,AWP,WE,Towers with Radar,273,68,24,0,365,0,0,26,0,26,273,68,50,0,391,48,0,48,439
08/29/2009,SMF,CA,AWP,WE,Towers with Radar,217,52,11,0,280,0,0,22,0,22,217,52,33,0,302,0,0,0,302
08/30/2009,SMF,CA,AWP,WE,Towers with Radar,245,42,0,0,287,0,0,8,0,8,245,42,8,0,295,0,0,0,295
08/31/2009,SMF,CA,AWP,WE,Towers with Radar,280,56,75,21,432,0,6,18,4,28,280,62,93,25,460,42,14,56,516
09/01/2009,SMF,CA,AWP,WE,Towers with Radar,266,48,3,4,321,0,0,22,0,22,266,48,25,4,343,30,0,30,373
09/02/2009,SMF,CA,AWP,WE,Towers with Radar,262,65,8,8,343,0,0,23,0,23,262,65,31,8,366,8,20,28,394
09/03/2009,SMF,CA,AWP,WE,Towers with Radar,265,59,13,6,343,0,0,22,0,22,265,59,35,6,365,14,14,28,393
09/04/2009,SMF,CA,AWP,WE,Towers with Radar,275,43,85,2,405,0,0,9,0,9,275,43,94,2,414,56,0,56,470
09/05/2009,SMF,CA,AWP,WE,Towers with Radar,204,33,11,0,248,0,0,12,0,12,204,33,23,0,260,6,0,6,266
09/06/2009,SMF,CA,AWP,WE,Towers with Radar,207,31,17,0,255,0,0,12,0,12,207,31,29,0,267,0,0,0,267
09/07/2009,SMF,CA,AWP,WE,Towers with Radar,254,38,50,8,350,0,6,10,2,18,254,44,60,10,368,2,0,2,370
09/08/2009,SMF,CA,AWP,WE,Towers with Radar,268,45,8,4,325,0,0,13,0,13,268,45,21,4,338,0,8,8,346
09/09/2009,SMF,CA,AWP,WE,Towers with Radar,274,47,15,7,343,0,0,8,0,8,274,47,23,7,351,24,16,40,391
09/10/2009,SMF,CA,AWP,WE,Towers with Radar,272,53,27,8,360,0,0,22,0,22,272,53,49,8,382,42,22,64,446
09/11/2009,SMF,CA,AWP,WE,Towers with Radar,280,58,39,4,381,0,0,19,0,19,280,58,58,4,400,50,0,50,450
09/12/2009,SMF,CA,AWP,WE,Towers with Radar,217,32,4,2,255,0,0,28,0,28,217,32,32,2,283,12,18,30,313
09/13/2009,SMF,CA,AWP,WE,Towers with Radar,237,37,15,0,289,0,0,17,0,17,237,37,32,0,306,0,0,0,306
09/14/2009,SMF,CA,AWP,WE,Towers with Radar,293,43,51,6,393,0,6,10,0,16,293,49,61,6,409,50,2,52,461
09/15/2009,SMF,CA,AWP,WE,Towers with Radar,270,44,5,4,323,0,0,17,0,17,270,44,22,4,340,22,0,22,362
09/16/2009,SMF,CA,AWP,WE,Towers with Radar,275,43,29,2,349,0,0,19,0,19,275,43,48,2,368,6,0,6,374
09/17/2009,SMF,CA,AWP,WE,Towers with Radar,264,49,10,4,327,0,0,19,0,19,264,49,29,4,346,22,2,24,370
09/18/2009,SMF,CA,AWP,WE,Towers with Radar,285,56,47,0,388,0,0,10,0,10,285,56,57,0,398,0,0,0,398
09/19/2009,SMF,CA,AWP,WE,Towers with Radar,218,34,0,0,252,0,0,7,0,7,218,34,7,0,259,12,0,12,271
09/20/2009,SMF,CA,AWP,WE,Towers with Radar,248,34,27,0,309,0,0,9,0,9,248,34,36,0,318,6,0,6,324
09/21/2009,SMF,CA,AWP,WE,Towers with Radar,287,47,60,6,400,0,8,12,0,20,287,55,72,6,420,42,20,62,482
09/22/2009,SMF,CA,AWP,WE,Towers with Radar,264,47,4,0,315,0,0,15,8,23,264,47,19,8,338,36,52,88,426
09/23/2009,SMF,CA,AWP,WE,Towers with Radar,268,57,17,2,344,0,0,12,0,12,268,57,29,2,356,26,0,26,382
09/24/2009,SMF,CA,AWP,WE,Towers with Radar,271,43,11,4,329,0,0,19,0,19,271,43,30,4,348,14,2,16,364
09/25/2009,SMF,CA,AWP,WE,Towers with Radar,280,51,36,6,373,0,0,9,0,9,280,51,45,6,382,14,0,14,396
09/26/2009,SMF,CA,AWP,WE,Towers with Radar,202,29,11,4,246,0,0,11,0,11,202,29,22,4,257,0,0,0,257
09/27/2009,SMF,CA,AWP,WE,Towers with Radar,249,24,17,0,290,0,0,22,0,22,249,24,39,0,312,10,14,24,336
09/28/2009,SMF,CA,AWP,WE,Towers with Radar,299,51,45,4,399,0,6,10,0,16,299,57,55,4,415,0,0,0,415
09/29/2009,SMF,CA,AWP,WE,Towers with Radar,271,45,11,8,335,0,0,11,0,11,271,45,22,8,346,0,0,0,346
09/30/2009,SMF,CA,AWP,WE,Towers with Radar,274,50,7,4,335,0,0,24,0,24,274,50,31,4,359,6,0,6,365
10/01/2009,SMF,CA,AWP,WE,Towers with Radar,263,49,12,0,324,0,0,10,0,10,263,49,22,0,334,10,0,10,344
10/02/2009,SMF,CA,AWP,WE,Towers with Radar,294,46,23,2,365,0,0,13,0,13,294,46,36,2,378,4,2,6,384
10/03/2009,SMF,CA,AWP,WE,Towers with Radar,204,28,10,0,242,0,0,5,0,5,204,28,15,0,247,10,0,10,257
10/04/2009,SMF,CA,AWP,WE,Towers with Radar,241,36,11,0,288,0,0,16,0,16,241,36,27,0,304,2,0,2,306
10/05/2009,SMF,CA,AWP,WE,Towers with Radar,290,43,39,2,374,0,8,12,0,20,290,51,51,2,394,32,14,46,440
10/06/2009,SMF,CA,AWP,WE,Towers with Radar,266,49,7,3,325,0,0,14,0,14,266,49,21,3,339,20,8,28,367
10/07/2009,SMF,CA,AWP,WE,Towers with Radar,269,52,7,0,328,0,0,18,0,18,269,52,25,0,346,2,0,2,348
10/08/2009,SMF,CA,AWP,WE,Towers with Radar,263,57,16,4,340,0,0,21,0,21,263,57,37,4,361,14,0,14,375
10/09/2009,SMF,CA,AWP,WE,Towers with Radar,283,53,48,0,384,0,0,8,0,8,283,53,56,0,392,8,0,8,400
10/10/2009,SMF,CA,AWP,WE,Towers with Radar,212,47,19,0,278,0,0,12,0,12,212,47,31,0,290,2,0,2,292
10/11/2009,SMF,CA,AWP,WE,Towers with Radar,239,40,7,2,288,0,0,17,0,17,239,40,24,2,305,4,0,4,309
10/12/2009,SMF,CA,AWP,WE,Towers with Radar,291,52,45,0,388,0,6,10,0,16,291,58,55,0,404,0,0,0,404
10/13/2009,SMF,CA,AWP,WE,Towers with Radar,273,38,12,0,323,0,0,0,0,0,273,38,12,0,323,0,0,0,323
10/14/2009,SMF,CA,AWP,WE,Towers with Radar,263,36,14,2,315,0,0,11,0,11,263,36,25,2,326,6,10,16,342
10/15/2009,SMF,CA,AWP,WE,Towers with Radar,260,48,11,6,325,0,0,6,2,8,260,48,17,8,333,28,24,52,385
10/16/2009,SMF,CA,AWP,WE,Towers with Radar,290,70,32,0,392,0,0,16,0,16,290,70,48,0,408,36,0,36,444
10/17/2009,SMF,CA,AWP,WE,Towers with Radar,222,45,8,4,279,0,0,18,0,18,222,45,26,4,297,34,6,40,337
10/18/2009,SMF,CA,AWP,WE,Towers with Radar,244,49,13,0,306,0,0,9,0,9,244,49,22,0,315,0,0,0,315
10/19/2009,SMF,CA,AWP,WE,Towers with Radar,287,59,35,8,389,0,0,2,0,2,287,59,37,8,391,0,4,4,395
10/20/2009,SMF,CA,AWP,WE,Towers with Radar,258,38,48,0,344,0,0,0,0,0,258,38,48,0,344,30,0,30,374
10/21/2009,SMF,CA,AWP,WE,Towers with Radar,264,47,11,2,324,0,0,10,0,10,264,47,21,2,334,4,0,4,338
10/22/2009,SMF,CA,AWP,WE,Towers with Radar,266,43,15,8,332,0,0,15,0,15,266,43,30,8,347,0,10,10,357
10/23/2009,SMF,CA,AWP,WE,Towers with Radar,271,55,9,0,335,0,0,34,0,34,271,55,43,0,369,30,0,30,399
10/24/2009,SMF,CA,AWP,WE,Towers with Radar,206,51,0,2,259,0,0,25,0,25,206,51,25,2,284,8,0,8,292
10/25/2009,SMF,CA,AWP,WE,Towers with Radar,240,35,10,0,285,0,0,14,0,14,240,35,24,0,299,0,0,0,299
10/26/2009,SMF,CA,AWP,WE,Towers with Radar,283,56,61,20,420,0,8,12,0,20,283,64,73,20,440,50,26,76,516
10/27/2009,SMF,CA,AWP,WE,Towers with Radar,260,45,7,0,312,0,0,11,0,11,260,45,18,0,323,0,0,0,323
10/28/2009,SMF,CA,AWP,WE,Towers with Radar,256,47,11,4,318,0,0,15,0,15,256,47,26,4,333,6,0,6,339
10/29/2009,SMF,CA,AWP,WE,Towers with Radar,259,42,18,8,327,0,0,16,0,16,259,42,34,8,343,30,16,46,389
10/30/2009,SMF,CA,AWP,WE,Towers with Radar,262,46,46,2,356,0,0,15,0,15,262,46,61,2,371,26,0,26,397
10/31/2009,SMF,CA,AWP,WE,Towers with Radar,185,37,7,2,231,0,0,18,0,18,185,37,25,2,249,20,0,20,269
11/01/2009,SMF,CA,AWP,WE,Towers with Radar,245,26,4,0,275,0,0,15,0,15,245,26,19,0,290,2,0,2,292
11/02/2009,SMF,CA,AWP,WE,Towers with Radar,277,39,48,16,380,0,8,16,0,24,277,47,64,16,404,6,6,12,416
11/03/2009,SMF,CA,AWP,WE,Towers with Radar,261,39,1,2,303,0,0,19,0,19,261,39,20,2,322,6,0,6,328
11/04/2009,SMF,CA,AWP,WE,Towers with Radar,267,41,3,0,311,0,0,9,0,9,267,41,12,0,320,10,0,10,330
11/05/2009,SMF,CA,AWP,WE,Towers with Radar,268,49,11,0,328,0,0,16,0,16,268,49,27,0,344,0,0,0,344
11/06/2009,SMF,CA,AWP,WE,Towers with Radar,288,52,18,4,362,0,0,12,0,12,288,52,30,4,374,12,8,20,394
11/07/2009,SMF,CA,AWP,WE,Towers with Radar,213,43,14,0,270,0,0,14,0,14,213,43,28,0,284,0,0,0,284
11/08/2009,SMF,CA,AWP,WE,Towers with Radar,252,26,16,0,294,0,0,18,0,18,252,26,34,0,312,14,0,14,326
11/09/2009,SMF,CA,AWP,WE,Towers with Radar,266,45,68,2,381,0,8,12,0,20,266,53,80,2,401,50,0,50,451
11/10/2009,SMF,CA,AWP,WE,Towers with Radar,262,42,8,0,312,0,0,10,0,10,262,42,18,0,322,50,0,50,372
11/11/2009,SMF,CA,AWP,WE,Towers with Radar,261,41,17,2,321,0,0,6,0,6,261,41,23,2,327,0,0,0,327
11/12/2009,SMF,CA,AWP,WE,Towers with Radar,254,48,16,0,318,0,0,20,0,20,254,48,36,0,338,4,0,4,342
11/13/2009,SMF,CA,AWP,WE,Towers with Radar,274,52,32,4,362,0,0,20,0,20,274,52,52,4,382,26,20,46,428
11/14/2009,SMF,CA,AWP,WE,Towers with Radar,207,35,16,0,258,0,0,14,0,14,207,35,30,0,272,0,0,0,272
11/15/2009,SMF,CA,AWP,WE,Towers with Radar,244,26,6,2,278,0,0,9,0,9,244,26,15,2,287,6,4,10,297
11/16/2009,SMF,CA,AWP,WE,Towers with Radar,259,48,36,2,345,0,6,12,0,18,259,54,48,2,363,0,0,0,363
11/17/2009,SMF,CA,AWP,WE,Towers with Radar,271,46,10,0,327,0,0,14,0,14,271,46,24,0,341,14,0,14,355
11/18/2009,SMF,CA,AWP,WE,Towers with Radar,267,39,5,0,311,0,0,11,0,11,267,39,16,0,322,2,0,2,324
11/19/2009,SMF,CA,AWP,WE,Towers with Radar,263,42,22,0,327,0,0,11,0,11,263,42,33,0,338,6,0,6,344
11/20/2009,SMF,CA,AWP,WE,Towers with Radar,276,49,26,12,363,0,0,3,0,3,276,49,29,12,366,22,0,22,388
11/21/2009,SMF,CA,AWP,WE,Towers with Radar,198,27,7,0,232,0,0,15,0,15,198,27,22,0,247,2,0,2,249
11/22/2009,SMF,CA,AWP,WE,Towers with Radar,246,31,11,2,290,0,0,7,0,7,246,31,18,2,297,0,0,0,297
11/23/2009,SMF,CA,AWP,WE,Towers with Radar,268,52,54,10,384,0,8,10,0,18,268,60,64,10,402,34,8,42,444
11/24/2009,SMF,CA,AWP,WE,Towers with Radar,269,44,0,8,321,0,0,17,0,17,269,44,17,8,338,18,0,18,356
11/25/2009,SMF,CA,AWP,WE,Towers with Radar,272,48,12,0,332,0,0,12,0,12,272,48,24,0,344,0,0,0,344
11/26/2009,SMF,CA,AWP,WE,Towers with Radar,166,20,2,0,188,0,0,14,0,14,166,20,16,0,202,0,0,0,202
11/27/2009,SMF,CA,AWP,WE,Towers with Radar,244,40,7,0,291,0,0,5,0,5,244,40,12,0,296,0,0,0,296
11/28/2009,SMF,CA,AWP,WE,Towers with Radar,253,41,7,0,301,0,0,7,0,7,253,41,14,0,308,0,0,0,308
11/29/2009,SMF,CA,AWP,WE,Towers with Radar,275,32,17,0,324,0,0,12,0,12,275,32,29,0,336,6,0,6,342
11/30/2009,SMF,CA,AWP,WE,Towers with Radar,269,46,50,14,379,0,8,12,0,20,269,54,62,14,399,14,8,22,421
12/01/2009,SMF,CA,AWP,WE,Towers with Radar,258,50,10,2,320,0,0,12,0,12,258,50,22,2,332,2,0,2,334
12/02/2009,SMF,CA,AWP,WE,Towers with Radar,254,46,16,2,318,0,0,8,0,8,254,46,24,2,326,2,0,2,328
12/03/2009,SMF,CA,AWP,WE,Towers with Radar,268,43,11,0,322,0,0,11,0,11,268,43,22,0,333,4,0,4,337
12/04/2009,SMF,CA,AWP,WE,Towers with Radar,256,47,20,0,323,0,0,10,0,10,256,47,30,0,333,4,0,4,337
12/05/2009,SMF,CA,AWP,WE,Towers with Radar,207,33,8,0,248,0,0,3,0,3,207,33,11,0,251,0,0,0,251
12/06/2009,SMF,CA,AWP,WE,Towers with Radar,238,28,0,0,266,0,0,12,0,12,238,28,12,0,278,4,0,4,282
12/07/2009,SMF,CA,AWP,WE,Towers with Radar,268,46,23,0,337,0,6,12,0,18,268,52,35,0,355,0,0,0,355
12/08/2009,SMF,CA,AWP,WE,Towers with Radar,254,49,1,6,310,0,0,22,0,22,254,49,23,6,332,16,6,22,354
12/09/2009,SMF,CA,AWP,WE,Towers with Radar,255,47,10,0,312,0,0,5,0,5,255,47,15,0,317,8,0,8,325
12/10/2009,SMF,CA,AWP,WE,Towers with Radar,258,43,9,4,314,0,0,2,0,2,258,43,11,4,316,0,2,2,318
12/11/2009,SMF,CA,AWP,WE,Towers with Radar,241,43,16,2,302,0,0,0,0,0,241,43,16,2,302,0,0,0,302
12/12/2009,SMF,CA,AWP,WE,Towers with Radar,192,26,5,0,223,0,0,0,0,0,192,26,5,0,223,0,0,0,223
12/13/2009,SMF,CA,AWP,WE,Towers with Radar,245,26,7,0,278,0,0,0,0,0,245,26,7,0,278,2,0,2,280
12/14/2009,SMF,CA,AWP,WE,Towers with Radar,265,42,49,4,360,0,8,12,0,20,265,50,61,4,380,14,0,14,394
12/15/2009,SMF,CA,AWP,WE,Towers with Radar,254,46,3,4,307,0,0,3,0,3,254,46,6,4,310,0,2,2,312
12/16/2009,SMF,CA,AWP,WE,Towers with Radar,257,48,18,0,323,0,0,6,0,6,257,48,24,0,329,6,0,6,335
12/17/2009,SMF,CA,AWP,WE,Towers with Radar,267,41,9,4,321,0,0,10,0,10,267,41,19,4,331,4,4,8,339
12/18/2009,SMF,CA,AWP,WE,Towers with Radar,276,45,27,4,352,0,0,0,0,0,276,45,27,4,352,0,0,0,352
12/19/2009,SMF,CA,AWP,WE,Towers with Radar,213,41,17,0,271,0,0,1,0,1,213,41,18,0,272,0,0,0,272
12/20/2009,SMF,CA,AWP,WE,Towers with Radar,256,26,7,0,289,0,0,0,0,0,256,26,7,0,289,0,0,0,289
12/21/2009,SMF,CA,AWP,WE,Towers with Radar,282,55,28,2,367,0,4,8,0,12,282,59,36,2,379,0,0,0,379
12/22/2009,SMF,CA,AWP,WE,Towers with Radar,277,50,11,4,342,0,0,15,0,15,277,50,26,4,357,8,18,26,383
12/23/2009,SMF,CA,AWP,WE,Towers with Radar,260,51,10,4,325,0,0,23,0,23,260,51,33,4,348,16,4,20,368
12/24/2009,SMF,CA,AWP,WE,Towers with Radar,220,36,2,0,258,0,0,12,0,12,220,36,14,0,270,0,0,0,270
12/25/2009,SMF,CA,AWP,WE,Towers with Radar,209,32,4,0,245,0,0,5,0,5,209,32,9,0,250,0,0,0,250
12/26/2009,SMF,CA,AWP,WE,Towers with Radar,255,42,7,0,304,0,0,4,0,4,255,42,11,0,308,6,0,6,314
12/27/2009,SMF,CA,AWP,WE,Towers with Radar,261,25,5,0,291,0,0,0,0,0,261,25,5,0,291,0,0,0,291
12/28/2009,SMF,CA,AWP,WE,Towers with Radar,278,54,24,2,358,0,8,12,0,20,278,62,36,2,378,8,2,10,388
12/29/2009,SMF,CA,AWP,WE,Towers with Radar,269,37,6,0,312,0,0,0,0,0,269,37,6,0,312,0,0,0,312
12/30/2009,SMF,CA,AWP,WE,Towers with Radar,253,40,8,0,301,0,0,0,0,0,253,40,8,0,301,0,0,0,301
12/31/2009,SMF,CA,AWP,WE,Towers with Radar,198,35,6,0,239,0,0,4,0,4,198,35,10,0,243,0,0,0,243
01/01/2010,SMF,CA,AWP,WE,Towers with Radar,211,31,13,0,255,0,0,0,0,0,211,31,13,0,255,0,0,0,255
01/02/2010,SMF,CA,AWP,WE,Towers with Radar,239,34,3,0,276,0,0,5,0,5,239,34,8,0,281,2,0,2,283
01/03/2010,SMF,CA,AWP,WE,Towers with Radar,261,22,11,0,294,0,0,0,0,0,261,22,11,0,294,0,0,0,294
01/04/2010,SMF,CA,AWP,WE,Towers with Radar,257,41,16,4,318,0,0,2,0,2,257,41,18,4,320,8,6,14,334
01/05/2010,SMF,CA,AWP,WE,Towers with Radar,274,47,12,0,333,0,4,8,0,12,274,51,20,0,345,0,0,0,345
01/06/2010,SMF,CA,AWP,WE,Towers with Radar,246,45,21,0,312,0,0,0,0,0,246,45,21,0,312,0,0,0,312
01/07/2010,SMF,CA,AWP,WE,Towers with Radar,266,47,22,6,341,0,0,0,0,0,266,47,22,6,341,0,0,0,341
01/08/2010,SMF,CA,AWP,WE,Towers with Radar,252,56,33,4,345,0,0,0,0,0,252,56,33,4,345,0,0,0,345
01/09/2010,SMF,CA,AWP,WE,Towers with Radar,228,34,10,0,272,0,0,0,0,0,228,34,10,0,272,0,0,0,272
01/10/2010,SMF,CA,AWP,WE,Towers with Radar,223,22,12,0,257,0,0,0,0,0,223,22,12,0,257,0,0,0,257
01/11/2010,SMF,CA,AWP,WE,Towers with Radar,263,44,16,6,329,0,0,0,0,0,263,44,16,6,329,0,0,0,329
01/12/2010,SMF,CA,AWP,WE,Towers with Radar,262,48,26,2,338,0,8,10,0,18,262,56,36,2,356,10,2,12,368
01/13/2010,SMF,CA,AWP,WE,Towers with Radar,253,54,14,8,329,0,0,14,0,14,253,54,28,8,343,0,24,24,367
01/14/2010,SMF,CA,AWP,WE,Towers with Radar,263,49,29,4,345,0,0,15,0,15,263,49,44,4,360,6,12,18,378
01/15/2010,SMF,CA,AWP,WE,Towers with Radar,264,39,15,2,320,0,0,23,0,23,264,39,38,2,343,16,10,26,369
01/16/2010,SMF,CA,AWP,WE,Towers with Radar,197,27,8,0,232,0,0,3,0,3,197,27,11,0,235,0,0,0,235
01/17/2010,SMF,CA,AWP,WE,Towers with Radar,219,16,9,0,244,0,0,0,0,0,219,16,9,0,244,0,0,0,244
01/18/2010,SMF,CA,AWP,WE,Towers with Radar,263,33,9,0,305,0,0,0,0,0,263,33,9,0,305,0,0,0,305
01/19/2010,SMF,CA,AWP,WE,Towers with Radar,272,49,22,8,351,0,6,12,0,18,272,55,34,8,369,0,4,4,373
01/20/2010,SMF,CA,AWP,WE,Towers with Radar,252,45,10,0,307,0,0,0,0,0,252,45,10,0,307,0,0,0,307
01/21/2010,SMF,CA,AWP,WE,Towers with Radar,216,59,10,2,287,0,0,0,0,0,216,59,10,2,287,0,0,0,287
01/22/2010,SMF,CA,AWP,WE,Towers with Radar,262,45,14,0,321,0,0,0,0,0,262,45,14,0,321,0,0,0,321
01/23/2010,SMF,CA,AWP,WE,Towers with Radar,187,38,14,0,239,0,0,6,0,6,187,38,20,0,245,24,0,24,269
01/24/2010,SMF,CA,AWP,WE,Towers with Radar,224,32,20,7,283,0,0,5,2,7,224,32,25,9,290,6,8,14,304
01/25/2010,SMF,CA,AWP,WE,Towers with Radar,262,39,28,0,329,0,0,2,0,2,262,39,30,0,331,98,0,98,429
01/26/2010,SMF,CA,AWP,WE,Towers with Radar,277,54,24,0,355,0,4,8,0,12,277,58,32,0,367,6,0,6,373
01/27/2010,SMF,CA,AWP,WE,Towers with Radar,247,47,29,0,323,0,0,7,0,7,247,47,36,0,330,28,0,28,358
01/28/2010,SMF,CA,AWP,WE,Towers with Radar,270,60,16,4,350,0,0,7,0,7,270,60,23,4,357,20,0,20,377
01/29/2010,SMF,CA,AWP,WE,Towers with Radar,260,45,26,0,331,0,0,1,0,1,260,45,27,0,332,6,0,6,338
01/30/2010,SMF,CA,AWP,WE,Towers with Radar,198,40,6,2,246,0,0,2,0,2,198,40,8,2,248,2,0,2,250
01/31/2010,SMF,CA,AWP,WE,Towers with Radar,224,35,13,2,274,0,0,5,0,5,224,35,18,2,279,12,2,14,293
02/01/2010,SMF,CA,AWP,WE,Towers with Radar,257,34,18,10,319,0,0,5,0,5,257,34,23,10,324,4,2,6,330
02/02/2010,SMF,CA,AWP,WE,Towers with Radar,272,53,39,8,372,0,6,10,0,16,272,59,49,8,388,0,0,0,388
02/03/2010,SMF,CA,AWP,WE,Towers with Radar,234,60,9,2,305,0,0,2,0,2,234,60,11,2,307,0,0,0,307
02/04/2010,SMF,CA,AWP,WE,Towers with Radar,258,42,22,6,328,0,0,2,2,4,258,42,24,8,332,6,24,30,362
02/05/2010,SMF,CA,AWP,WE,Towers with Radar,260,47,10,4,321,0,0,0,0,0,260,47,10,4,321,6,0,6,327
02/06/2010,SMF,CA,AWP,WE,Towers with Radar,196,37,14,0,247,0,0,0,0,0,196,37,14,0,247,0,0,0,247
02/07/2010,SMF,CA,AWP,WE,Towers with Radar,224,36,16,0,276,0,0,1,0,1,224,36,17,0,277,8,0,8,285
02/08/2010,SMF,CA,AWP,WE,Towers with Radar,271,36,23,12,342,0,0,6,0,6,271,36,29,12,348,8,8,16,364
02/09/2010,SMF,CA,AWP,WE,Towers with Radar,273,44,44,4,365,0,8,8,0,16,273,52,52,4,381,18,8,26,407
02/10/2010,SMF,CA,AWP,WE,Towers with Radar,254,45,16,10,325,0,0,7,0,7,254,45,23,10,332,18,0,18,350
02/11/2010,SMF,CA,AWP,WE,Towers with Radar,256,44,9,12,321,0,0,10,0,10,256,44,19,12,331,12,14,26,357
02/12/2010,SMF,CA,AWP,WE,Towers with Radar,257,50,7,3,317,0,0,20,0,20,257,50,27,3,337,4,8,12,349
02/13/2010,SMF,CA,AWP,WE,Towers with Radar,206,42,23,0,271,0,0,24,0,24,206,42,47,0,295,0,0,0,295
02/14/2010,SMF,CA,AWP,WE,Towers with Radar,241,26,19,0,286,0,0,3,0,3,241,26,22,0,289,6,0,6,295
02/15/2010,SMF,CA,AWP,WE,Towers with Radar,263,47,22,4,336,0,0,7,0,7,263,47,29,4,343,18,6,24,367
02/16/2010,SMF,CA,AWP,WE,Towers with Radar,301,52,48,2,403,0,6,10,0,16,301,58,58,2,419,16,6,22,441
02/17/2010,SMF,CA,AWP,WE,Towers with Radar,264,47,10,2,323,0,0,9,0,9,264,47,19,2,332,0,2,2,334
02/18/2010,SMF,CA,AWP,WE,Towers with Radar,253,36,21,10,320,0,0,4,2,6,253,36,25,12,326,24,6,30,356
02/19/2010,SMF,CA,AWP,WE,Towers with Radar,265,43,27,2,337,0,0,0,0,0,265,43,27,2,337,8,0,8,345
02/20/2010,SMF,CA,AWP,WE,Towers with Radar,211,42,17,0,270,0,0,5,0,5,211,42,22,0,275,8,0,8,283
02/21/2010,SMF,CA,AWP,WE,Towers with Radar,239,26,12,0,277,0,1,1,0,2,239,27,13,0,279,0,0,0,279
02/22/2010,SMF,CA,AWP,WE,Towers with Radar,259,46,20,4,329,0,0,11,0,11,259,46,31,4,340,0,0,0,340
02/23/2010,SMF,CA,AWP,WE,Towers with Radar,271,58,46,6,381,0,4,6,0,10,271,62,52,6,391,16,0,16,407
02/24/2010,SMF,CA,AWP,WE,Towers with Radar,263,43,12,16,334,0,0,2,0,2,263,43,14,16,336,0,8,8,344
02/25/2010,SMF,CA,AWP,WE,Towers with Radar,275,49,19,0,343,0,0,16,0,16,275,49,35,0,359,10,0,10,369
02/26/2010,SMF,CA,AWP,WE,Towers with Radar,260,44,19,8,331,0,0,2,0,2,260,44,21,8,333,0,12,12,345
02/27/2010,SMF,CA,AWP,WE,Towers with Radar,192,29,6,0,227,0,0,1,0,1,192,29,7,0,228,2,0,2,230
02/28/2010,SMF,CA,AWP,WE,Towers with Radar,240,20,12,2,274,0,0,10,0,10,240,20,22,2,284,0,10,10,294
03/01/2010,SMF,CA,AWP,WE,Towers with Radar,261,33,15,2,311,0,0,8,0,8,261,33,23,2,319,28,4,32,351
03/02/2010,SMF,CA,AWP,WE,Towers with Radar,271,65,26,10,372,0,8,8,0,16,271,73,34,10,388,4,8,12,400
03/03/2010,SMF,CA,AWP,WE,Towers with Radar,260,49,10,10,329,0,0,2,0,2,260,49,12,10,331,2,4,6,337
03/04/2010,SMF,CA,AWP,WE,Towers with Radar,263,43,22,10,338,0,0,10,0,10,263,43,32,10,348,8,16,24,372
03/05/2010,SMF,CA,AWP,WE,Towers with Radar,243,37,18,0,298,0,0,10,0,10,243,37,28,0,308,0,0,0,308
03/06/2010,SMF,CA,AWP,WE,Towers with Radar,209,37,16,0,262,0,0,2,0,2,209,37,18,0,264,2,0,2,266
03/07/2010,SMF,CA,AWP,WE,Towers with Radar,224,25,15,0,264,0,2,7,2,11,224,27,22,2,275,0,0,0,275
03/08/2010,SMF,CA,AWP,WE,Towers with Radar,265,46,41,12,364,0,0,3,0,3,265,46,44,12,367,4,20,24,391
03/09/2010,SMF,CA,AWP,WE,Towers with Radar,285,60,44,16,405,0,8,8,0,16,285,68,52,16,421,42,14,56,477
03/10/2010,SMF,CA,AWP,WE,Towers with Radar,277,57,10,4,348,0,0,14,0,14,277,57,24,4,362,4,6,10,372
03/11/2010,SMF,CA,AWP,WE,Towers with Radar,257,48,11,4,320,0,0,16,0,16,257,48,27,4,336,2,0,2,338
03/12/2010,SMF,CA,AWP,WE,Towers with Radar,265,46,18,2,331,0,0,2,0,2,265,46,20,2,333,18,0,18,351
03/13/2010,SMF,CA,AWP,WE,Towers with Radar,212,37,8,0,257,0,0,3,0,3,212,37,11,0,260,0,0,0,260
03/14/2010,SMF,CA,AWP,WE,Towers with Radar,232,35,22,0,289,0,0,5,0,5,232,35,27,0,294,2,0,2,296
03/15/2010,SMF,CA,AWP,WE,Towers with Radar,261,39,27,0,327,0,0,19,0,19,261,39,46,0,346,44,0,44,390
03/16/2010,SMF,CA,AWP,WE,Towers with Radar,285,62,65,2,414,0,8,8,0,16,285,70,73,2,430,66,10,76,506
03/17/2010,SMF,CA,AWP,WE,Towers with Radar,253,65,6,0,324,0,0,19,0,19,253,65,25,0,343,0,0,0,343
03/18/2010,SMF,CA,AWP,WE,Towers with Radar,258,55,43,6,362,0,8,8,0,16,258,63,51,6,378,4,0,4,382
03/19/2010,SMF,CA,AWP,WE,Towers with Radar,263,57,1,0,321,0,0,26,0,26,263,57,27,0,347,0,0,0,347
03/20/2010,SMF,CA,AWP,WE,Towers with Radar,218,37,19,0,274,0,0,9,0,9,218,37,28,0,283,0,0,0,283
03/21/2010,SMF,CA,AWP,WE,Towers with Radar,228,26,14,0,268,0,0,2,0,2,228,26,16,0,270,0,0,0,270
03/22/2010,SMF,CA,AWP,WE,Towers with Radar,282,39,21,0,342,0,0,12,0,12,282,39,33,0,354,18,0,18,372
03/23/2010,SMF,CA,AWP,WE,Towers with Radar,270,76,32,0,378,0,0,0,0,0,270,76,32,0,378,22,0,22,400
03/24/2010,SMF,CA,AWP,WE,Towers with Radar,253,48,5,2,308,0,0,4,0,4,253,48,9,2,312,4,0,4,316
03/25/2010,SMF,CA,AWP,WE,Towers with Radar,262,50,15,9,336,0,0,8,1,9,262,50,23,10,345,18,6,24,369
03/26/2010,SMF,CA,AWP,WE,Towers with Radar,264,61,23,2,350,0,0,26,0,26,264,61,49,2,376,40,6,46,422
03/27/2010,SMF,CA,AWP,WE,Towers with Radar,226,24,0,4,254,0,0,18,0,18,226,24,18,4,272,0,16,16,288
03/28/2010,SMF,CA,AWP,WE,Towers with Radar,234,27,17,0,278,0,0,11,0,11,234,27,28,0,289,18,0,18,307
03/29/2010,SMF,CA,AWP,WE,Towers with Radar,274,36,19,8,337,0,0,0,0,0,274,36,19,8,337,2,2,4,341
03/30/2010,SMF,CA,AWP,WE,Towers with Radar,256,58,18,0,332,0,0,1,0,1,256,58,19,0,333,4,0,4,337
03/31/2010,SMF,CA,AWP,WE,Towers with Radar,259,45,5,2,311,0,0,2,0,2,259,45,7,2,313,0,4,4,317
04/01/2010,SMF,CA,AWP,WE,Towers with Radar,268,44,23,0,335,0,0,20,0,20,268,44,43,0,355,0,0,0,355
04/02/2010,SMF,CA,AWP,WE,Towers with Radar,275,50,6,0,331,0,0,0,0,0,275,50,6,0,331,2,0,2,333
04/03/2010,SMF,CA,AWP,WE,Towers with Radar,222,40,16,0,278,0,0,7,0,7,222,40,23,0,285,6,0,6,291
04/04/2010,SMF,CA,AWP,WE,Towers with Radar,257,25,1,0,283,0,0,0,0,0,257,25,1,0,283,0,0,0,283
04/05/2010,SMF,CA,AWP,WE,Towers with Radar,284,52,5,8,349,0,0,9,0,9,284,52,14,8,358,6,12,18,376
04/06/2010,SMF,CA,AWP,WE,Towers with Radar,270,36,37,0,343,0,8,10,0,18,270,44,47,0,361,20,0,20,381
04/07/2010,SMF,CA,AWP,WE,Towers with Radar,272,53,4,0,329,0,0,12,0,12,272,53,16,0,341,36,0,36,377
04/08/2010,SMF,CA,AWP,WE,Towers with Radar,265,52,9,2,328,0,2,13,0,15,265,54,22,2,343,0,0,0,343
04/09/2010,SMF,CA,AWP,WE,Towers with Radar,275,54,17,7,353,0,0,19,0,19,275,54,36,7,372,14,2,16,388
04/10/2010,SMF,CA,AWP,WE,Towers with Radar,220,48,11,0,279,0,0,2,0,2,220,48,13,0,281,34,0,34,315
04/11/2010,SMF,CA,AWP,WE,Towers with Radar,255,22,5,0,282,0,0,0,0,0,255,22,5,0,282,0,0,0,282
04/12/2010,SMF,CA,AWP,WE,Towers with Radar,278,37,25,2,342,0,0,3,0,3,278,37,28,2,345,18,0,18,363
04/13/2010,SMF,CA,AWP,WE,Towers with Radar,298,59,39,0,396,0,8,6,0,14,298,67,45,0,410,24,0,24,434
04/14/2010,SMF,CA,AWP,WE,Towers with Radar,286,46,11,8,351,0,0,11,0,11,286,46,22,8,362,12,12,24,386
04/15/2010,SMF,CA,AWP,WE,Towers with Radar,266,51,14,9,340,0,0,18,0,18,266,51,32,9,358,14,20,34,392
04/16/2010,SMF,CA,AWP,WE,Towers with Radar,271,51,5,4,331,0,0,13,0,13,271,51,18,4,344,4,4,8,352
04/17/2010,SMF,CA,AWP,WE,Towers with Radar,235,38,1,0,274,0,0,4,0,4,235,38,5,0,278,24,0,24,302
04/18/2010,SMF,CA,AWP,WE,Towers with Radar,257,41,0,0,298,0,0,12,0,12,257,41,12,0,310,16,0,16,326
04/19/2010,SMF,CA,AWP,WE,Towers with Radar,275,41,9,0,325,0,0,8,0,8,275,41,17,0,333,2,0,2,335
04/20/2010,SMF,CA,AWP,WE,Towers with Radar,275,54,21,2,352,0,8,6,0,14,275,62,27,2,366,0,6,6,372
04/21/2010,SMF,CA,AWP,WE,Towers with Radar,272,46,14,4,336,0,0,2,0,2,272,46,16,4,338,0,8,8,346
04/22/2010,SMF,CA,AWP,WE,Towers with Radar,260,55,13,2,330,0,0,13,0,13,260,55,26,2,343,0,0,0,343
04/23/2010,SMF,CA,AWP,WE,Towers with Radar,277,40,7,2,326,0,0,18,0,18,277,40,25,2,344,0,0,0,344
04/24/2010,SMF,CA,AWP,WE,Towers with Radar,235,28,5,0,268,0,0,13,0,13,235,28,18,0,281,4,0,4,285
04/25/2010,SMF,CA,AWP,WE,Towers with Radar,243,29,15,0,287,0,0,18,0,18,243,29,33,0,305,38,0,38,343
04/26/2010,SMF,CA,AWP,WE,Towers with Radar,278,30,21,20,349,0,0,0,0,0,278,30,21,20,349,18,20,38,387
04/27/2010,SMF,CA,AWP,WE,Towers with Radar,278,46,21,0,345,0,4,4,0,8,278,50,25,0,353,0,0,0,353
04/28/2010,SMF,CA,AWP,WE,Towers with Radar,270,51,14,0,335,0,0,5,0,5,270,51,19,0,340,12,0,12,352
04/29/2010,SMF,CA,AWP,WE,Towers with Radar,267,48,3,4,322,0,0,6,0,6,267,48,9,4,328,0,8,8,336
04/30/2010,SMF,CA,AWP,WE,Towers with Radar,262,45,0,8,315,0,0,30,0,30,262,45,30,8,345,10,30,40,385
05/01/2010,SMF,CA,AWP,WE,Towers with Radar,243,39,9,0,291,0,0,16,0,16,243,39,25,0,307,14,0,14,321
05/02/2010,SMF,CA,AWP,WE,Towers with Radar,254,23,14,0,291,0,0,14,0,14,254,23,28,0,305,0,0,0,305
05/03/2010,SMF,CA,AWP,WE,Towers with Radar,275,49,22,0,346,0,0,10,0,10,275,49,32,0,356,2,0,2,358
05/04/2010,SMF,CA,AWP,WE,Towers with Radar,273,63,61,4,401,0,6,6,0,12,273,69,67,4,413,4,6,10,423
05/05/2010,SMF,CA,AWP,WE,Towers with Radar,284,54,11,2,351,0,0,16,0,16,284,54,27,2,367,6,0,6,373
05/06/2010,SMF,CA,AWP,WE,Towers with Radar,266,46,15,6,333,0,0,41,0,41,266,46,56,6,374,22,12,34,408
05/07/2010,SMF,CA,AWP,WE,Towers with Radar,269,54,8,0,331,0,0,26,0,26,269,54,34,0,357,0,0,0,357
05/08/2010,SMF,CA,AWP,WE,Towers with Radar,238,35,10,0,283,0,0,15,0,15,238,35,25,0,298,14,0,14,312
05/09/2010,SMF,CA,AWP,WE,Towers with Radar,254,27,18,0,299,0,0,6,0,6,254,27,24,0,305,4,0,4,309
05/10/2010,SMF,CA,AWP,WE,Towers with Radar,268,35,21,0,324,0,2,1,0,3,268,37,22,0,327,40,0,40,367
05/11/2010,SMF,CA,AWP,WE,Towers with Radar,292,46,48,6,392,0,6,6,0,12,292,52,54,6,404,46,0,46,450
05/12/2010,SMF,CA,AWP,WE,Towers with Radar,268,56,23,0,347,0,0,19,0,19,268,56,42,0,366,20,0,20,386
05/13/2010,SMF,CA,AWP,WE,Towers with Radar,269,46,10,2,327,0,0,24,0,24,269,46,34,2,351,4,0,4,355
05/14/2010,SMF,CA,AWP,WE,Towers with Radar,262,53,5,0,320,0,0,32,0,32,262,53,37,0,352,0,0,0,352
05/15/2010,SMF,CA,AWP,WE,Towers with Radar,247,37,12,2,298,0,0,10,0,10,247,37,22,2,308,24,0,24,332
05/16/2010,SMF,CA,AWP,WE,Towers with Radar,254,19,7,0,280,0,0,15,0,15,254,19,22,0,295,2,0,2,297
05/17/2010,SMF,CA,AWP,WE,Towers with Radar,271,43,11,10,335,0,2,4,0,6,271,45,15,10,341,20,28,48,389
05/18/2010,SMF,CA,AWP,WE,Towers with Radar,287,49,44,0,380,0,8,8,0,16,287,57,52,0,396,100,0,100,496
05/19/2010,SMF,CA,AWP,WE,Towers with Radar,274,42,18,4,338,0,0,13,0,13,274,42,31,4,351,0,4,4,355
05/20/2010,SMF,CA,AWP,WE,Towers with Radar,270,40,30,0,340,0,0,19,0,19,270,40,49,0,359,8,0,8,367
05/21/2010,SMF,CA,AWP,WE,Towers with Radar,268,51,45,0,364,0,0,10,0,10,268,51,55,0,374,12,0,12,386
05/22/2010,SMF,CA,AWP,WE,Towers with Radar,236,39,14,0,289,0,0,7,0,7,236,39,21,0,296,18,0,18,314
05/23/2010,SMF,CA,AWP,WE,Towers with Radar,272,36,11,0,319,0,0,23,0,23,272,36,34,0,342,4,0,4,346
05/24/2010,SMF,CA,AWP,WE,Towers with Radar,270,53,30,4,357,0,3,2,0,5,270,56,32,4,362,34,2,36,398
05/25/2010,SMF,CA,AWP,WE,Towers with Radar,275,58,39,2,374,0,4,4,0,8,275,62,43,2,382,92,2,94,476
05/26/2010,SMF,CA,AWP,WE,Towers with Radar,260,57,9,6,332,0,0,2,0,2,260,57,11,6,334,42,0,42,376
05/27/2010,SMF,CA,AWP,WE,Towers with Radar,277,47,6,2,332,0,0,11,0,11,277,47,17,2,343,0,0,0,343
05/28/2010,SMF,CA,AWP,WE,Towers with Radar,266,53,11,0,330,0,0,13,0,13,266,53,24,0,343,40,0,40,383
05/29/2010,SMF,CA,AWP,WE,Towers with Radar,220,32,0,0,252,0,0,8,0,8,220,32,8,0,260,18,0,18,278
05/30/2010,SMF,CA,AWP,WE,Towers with Radar,209,23,3,0,235,0,0,21,0,21,209,23,24,0,256,40,0,40,296
05/31/2010,SMF,CA,AWP,WE,Towers with Radar,252,28,14,0,294,0,0,3,0,3,252,28,17,0,297,2,0,2,299
06/01/2010,SMF,CA,AWP,WE,Towers with Radar,266,56,6,2,330,0,0,0,0,0,266,56,6,2,330,10,0,10,340
06/02/2010,SMF,CA,AWP,WE,Towers with Radar,263,56,14,4,337,0,0,15,0,15,263,56,29,4,352,12,6,18,370
06/03/2010,SMF,CA,AWP,WE,Towers with Radar,265,56,18,10,349,0,0,14,0,14,265,56,32,10,363,6,12,18,381
06/04/2010,SMF,CA,AWP,WE,Towers with Radar,271,43,21,0,335,0,0,12,0,12,271,43,33,0,347,0,2,2,349
06/05/2010,SMF,CA,AWP,WE,Towers with Radar,247,32,23,0,302,0,0,7,0,7,247,32,30,0,309,0,0,0,309
06/06/2010,SMF,CA,AWP,WE,Towers with Radar,244,43,7,0,294,0,0,9,0,9,244,43,16,0,303,46,0,46,349
06/07/2010,SMF,CA,AWP,WE,Towers with Radar,279,41,21,6,347,0,0,19,0,19,279,41,40,6,366,22,6,28,394
06/08/2010,SMF,CA,AWP,WE,Towers with Radar,295,58,63,5,421,0,4,12,4,20,295,62,75,9,441,84,24,108,549
06/09/2010,SMF,CA,AWP,WE,Towers with Radar,277,47,19,2,345,0,0,5,0,5,277,47,24,2,350,0,0,0,350
06/10/2010,SMF,CA,AWP,WE,Towers with Radar,268,54,19,0,341,0,0,13,0,13,268,54,32,0,354,0,0,0,354
06/11/2010,SMF,CA,AWP,WE,Towers with Radar,258,67,10,0,335,0,0,17,0,17,258,67,27,0,352,0,0,0,352
06/12/2010,SMF,CA,AWP,WE,Towers with Radar,248,44,5,0,297,0,0,10,0,10,248,44,15,0,307,4,0,4,311
06/13/2010,SMF,CA,AWP,WE,Towers with Radar,267,40,8,0,315,0,0,10,0,10,267,40,18,0,325,22,0,22,347
06/14/2010,SMF,CA,AWP,WE,Towers with Radar,275,58,16,8,357,0,0,9,0,9,275,58,25,8,366,82,20,102,468
06/15/2010,SMF,CA,AWP,WE,Towers with Radar,271,53,73,8,405,0,4,8,2,14,271,57,81,10,419,74,16,90,509
06/16/2010,SMF,CA,AWP,WE,Towers with Radar,276,61,13,8,358,0,0,16,0,16,276,61,29,8,374,12,4,16,390
06/17/2010,SMF,CA,AWP,WE,Towers with Radar,276,56,0,4,336,0,0,28,0,28,276,56,28,4,364,38,12,50,414
06/18/2010,SMF,CA,AWP,WE,Towers with Radar,286,60,12,0,358,0,0,10,0,10,286,60,22,0,368,8,0,8,376
06/19/2010,SMF,CA,AWP,WE,Towers with Radar,245,49,25,2,321,0,0,10,0,10,245,49,35,2,331,50,0,50,381
06/20/2010,SMF,CA,AWP,WE,Towers with Radar,260,29,16,0,305,0,0,17,0,17,260,29,33,0,322,24,0,24,346
06/21/2010,SMF,CA,AWP,WE,Towers with Radar,273,51,4,4,332,0,0,23,0,23,273,51,27,4,355,44,0,44,399
06/22/2010,SMF,CA,AWP,WE,Towers with Radar,283,58,45,4,390,0,8,8,0,16,283,66,53,4,406,46,0,46,452
06/23/2010,SMF,CA,AWP,WE,Towers with Radar,279,60,11,0,350,0,0,23,0,23,279,60,34,0,373,34,0,34,407
06/24/2010,SMF,CA,AWP,WE,Towers with Radar,265,56,2,4,327,0,0,9,0,9,265,56,11,4,336,2,10,12,348
06/25/2010,SMF,CA,AWP,WE,Towers with Radar,271,54,15,0,340,0,0,17,0,17,271,54,32,0,357,8,0,8,365
06/26/2010,SMF,CA,AWP,WE,Towers with Radar,263,54,3,0,320,0,0,12,0,12,263,54,15,0,332,24,0,24,356
06/27/2010,SMF,CA,AWP,WE,Towers with Radar,264,40,14,0,318,0,0,19,0,19,264,40,33,0,337,28,0,28,365
06/28/2010,SMF,CA,AWP,WE,Towers with Radar,278,48,25,4,355,0,0,11,0,11,278,48,36,4,366,42,8,50,416
06/29/2010,SMF,CA,AWP,WE,Towers with Radar,292,66,56,8,422,0,6,6,2,14,292,72,62,10,436,82,10,92,528
06/30/2010,SMF,CA,AWP,WE,Towers with Radar,279,62,46,2,389,0,0,9,0,9,279,62,55,2,398,18,2,20,418
07/01/2010,SMF,CA,AWP,WE,Towers with Radar,276,69,12,10,367,0,0,21,0,21,276,69,33,10,388,10,4,14,402
07/02/2010,SMF,CA,AWP,WE,Towers with Radar,284,58,30,14,386,0,0,51,0,51,284,58,81,14,437,80,0,80,517
07/03/2010,SMF,CA,AWP,WE,Towers with Radar,246,53,4,0,303,0,0,15,0,15,246,53,19,0,318,46,0,46,364
07/04/2010,SMF,CA,AWP,WE,Towers with Radar,196,30,0,0,226,0,0,6,0,6,196,30,6,0,232,40,0,40,272
07/05/2010,SMF,CA,AWP,WE,Towers with Radar,251,32,38,0,321,0,0,10,0,10,251,32,48,0,331,66,0,66,397
07/06/2010,SMF,CA,AWP,WE,Towers with Radar,278,58,51,16,403,0,6,12,4,22,278,64,63,20,425,32,4,36,461
07/07/2010,SMF,CA,AWP,WE,Towers with Radar,281,57,28,4,370,0,0,13,0,13,281,57,41,4,383,6,0,6,389
07/08/2010,SMF,CA,AWP,WE,Towers with Radar,275,54,6,2,337,0,0,20,0,20,275,54,26,2,357,0,2,2,359
07/09/2010,SMF,CA,AWP,WE,Towers with Radar,285,52,6,0,343,0,0,9,0,9,285,52,15,0,352,6,0,6,358
07/10/2010,SMF,CA,AWP,WE,Towers with Radar,250,35,57,0,342,0,0,3,0,3,250,35,60,0,345,18,0,18,363
07/11/2010,SMF,CA,AWP,WE,Towers with Radar,251,42,27,0,320,0,0,13,0,13,251,42,40,0,333,10,0,10,343
07/12/2010,SMF,CA,AWP,WE,Towers with Radar,278,44,35,10,367,0,5,5,0,10,278,49,40,10,377,58,12,70,447
07/13/2010,SMF,CA,AWP,WE,Towers with Radar,281,62,36,2,381,0,4,12,4,20,281,66,48,6,401,46,18,64,465
07/14/2010,SMF,CA,AWP,WE,Towers with Radar,277,52,19,0,348,0,0,16,0,16,277,52,35,0,364,6,0,6,370
07/15/2010,SMF,CA,AWP,WE,Towers with Radar,268,46,11,1,326,0,1,25,1,27,268,47,36,2,353,0,0,0,353
07/16/2010,SMF,CA,AWP,WE,Towers with Radar,272,48,7,4,331,0,3,32,0,35,272,51,39,4,366,0,0,0,366
07/17/2010,SMF,CA,AWP,WE,Towers with Radar,223,35,6,0,264,0,1,21,4,26,223,36,27,4,290,0,0,0,290
07/18/2010,SMF,CA,AWP,WE,Towers with Radar,241,41,9,0,291,0,0,19,0,19,241,41,28,0,310,0,0,0,310
07/19/2010,SMF,CA,AWP,WE,Towers with Radar,266,45,11,1,323,0,1,16,2,19,266,46,27,3,342,0,0,0,342
07/20/2010,SMF,CA,AWP,WE,Towers with Radar,271,49,9,2,331,0,3,26,2,31,271,52,35,4,362,0,0,0,362
07/21/2010,SMF,CA,AWP,WE,Towers with Radar,266,49,9,0,324,0,2,14,1,17,266,51,23,1,341,0,0,0,341
07/22/2010,SMF,CA,AWP,WE,Towers with Radar,269,54,14,0,337,0,5,33,0,38,269,59,47,0,375,0,0,0,375
07/23/2010,SMF,CA,AWP,WE,Towers with Radar,265,43,9,3,320,0,7,22,0,29,265,50,31,3,349,0,0,0,349
07/24/2010,SMF,CA,AWP,WE,Towers with Radar,225,45,3,10,283,0,1,12,0,13,225,46,15,10,296,0,0,0,296
07/25/2010,SMF,CA,AWP,WE,Towers with Radar,237,33,8,0,278,0,0,6,0,6,237,33,14,0,284,0,0,0,284
07/26/2010,SMF,CA,AWP,WE,Towers with Radar,267,42,12,0,321,0,4,15,6,25,267,46,27,6,346,0,0,0,346
07/27/2010,SMF,CA,AWP,WE,Towers with Radar,265,49,19,0,333,0,7,15,0,22,265,56,34,0,355,0,0,0,355
07/28/2010,SMF,CA,AWP,WE,Towers with Radar,269,42,10,2,323,0,1,21,0,22,269,43,31,2,345,0,0,0,345
07/29/2010,SMF,CA,AWP,WE,Towers with Radar,269,52,7,0,328,0,3,18,0,21,269,55,25,0,349,0,0,0,349
07/30/2010,SMF,CA,AWP,WE,Towers with Radar,273,53,6,0,332,0,7,28,0,35,273,60,34,0,367,0,0,0,367
07/31/2010,SMF,CA,AWP,WE,Towers with Radar,224,42,7,0,273,0,1,16,0,17,224,43,23,0,290,0,0,0,290
08/01/2010,SMF,CA,AWP,WE,Towers with Radar,241,36,8,0,285,0,0,15,0,15,241,36,23,0,300,0,0,0,300
08/02/2010,SMF,CA,AWP,WE,Towers with Radar,262,45,15,0,322,0,2,38,0,40,262,47,53,0,362,12,0,12,374
08/03/2010,SMF,CA,AWP,WE,Towers with Radar,264,49,7,12,332,0,7,13,8,28,264,56,20,20,360,28,14,42,402
08/04/2010,SMF,CA,AWP,WE,Towers with Radar,260,53,9,3,325,0,3,25,0,28,260,56,34,3,353,20,0,20,373
08/05/2010,SMF,CA,AWP,WE,Towers with Radar,271,45,9,2,327,0,4,24,0,28,271,49,33,2,355,12,0,12,367
08/06/2010,SMF,CA,AWP,WE,Towers with Radar,269,48,7,0,324,0,1,8,0,9,269,49,15,0,333,0,0,0,333
08/07/2010,SMF,CA,AWP,WE,Towers with Radar,223,40,4,0,267,0,3,13,0,16,223,43,17,0,283,2,0,2,285
08/08/2010,SMF,CA,AWP,WE,Towers with Radar,240,35,12,0,287,0,0,15,0,15,240,35,27,0,302,0,0,0,302
08/09/2010,SMF,CA,AWP,WE,Towers with Radar,262,43,23,4,332,0,2,20,0,22,262,45,43,4,354,22,6,28,382
08/10/2010,SMF,CA,AWP,WE,Towers with Radar,261,49,8,10,328,0,3,17,0,20,261,52,25,10,348,58,12,70,418
08/11/2010,SMF,CA,AWP,WE,Towers with Radar,269,43,5,0,317,0,4,13,0,17,269,47,18,0,334,0,0,0,334
08/12/2010,SMF,CA,AWP,WE,Towers with Radar,264,53,9,6,332,0,5,20,0,25,264,58,29,6,357,0,2,2,359
08/13/2010,SMF,CA,AWP,WE,Towers with Radar,270,48,6,0,324,0,4,22,0,26,270,52,28,0,350,0,0,0,350
08/14/2010,SMF,CA,AWP,WE,Towers with Radar,217,41,2,0,260,0,1,5,4,10,217,42,7,4,270,0,4,4,274
08/15/2010,SMF,CA,AWP,WE,Towers with Radar,225,35,7,0,267,0,0,16,0,16,225,35,23,0,283,4,0,4,287
08/16/2010,SMF,CA,AWP,WE,Towers with Radar,253,42,18,2,315,0,3,19,4,26,253,45,37,6,341,26,12,38,379
08/17/2010,SMF,CA,AWP,WE,Towers with Radar,251,42,6,2,301,0,0,15,0,15,251,42,21,2,316,8,0,8,324
08/18/2010,SMF,CA,AWP,WE,Towers with Radar,249,51,9,0,309,0,2,11,0,13,249,53,20,0,322,2,0,2,324
08/19/2010,SMF,CA,AWP,WE,Towers with Radar,253,44,8,7,312,0,3,21,0,24,253,47,29,7,336,38,0,38,374
08/20/2010,SMF,CA,AWP,WE,Towers with Radar,262,45,15,6,328,0,3,25,0,28,262,48,40,6,356,16,0,16,372
08/21/2010,SMF,CA,AWP,WE,Towers with Radar,194,33,8,0,235,0,1,8,0,9,194,34,16,0,244,0,0,0,244
08/22/2010,SMF,CA,AWP,WE,Towers with Radar,216,34,5,0,255,0,0,9,0,9,216,34,14,0,264,8,0,8,272
08/23/2010,SMF,CA,AWP,WE,Towers with Radar,246,47,5,2,300,0,0,18,10,28,246,47,23,12,328,82,0,82,410
08/24/2010,SMF,CA,AWP,WE,Towers with Radar,240,49,5,8,302,0,2,28,0,30,240,51,33,8,332,94,0,94,426
08/25/2010,SMF,CA,AWP,WE,Towers with Radar,242,56,15,0,313,0,3,10,0,13,242,59,25,0,326,8,0,8,334
08/26/2010,SMF,CA,AWP,WE,Towers with Radar,246,49,8,4,307,0,9,26,6,41,246,58,34,10,348,32,2,34,382
08/27/2010,SMF,CA,AWP,WE,Towers with Radar,246,43,10,0,299,0,8,25,0,33,246,51,35,0,332,6,0,6,338
08/28/2010,SMF,CA,AWP,WE,Towers with Radar,191,30,4,0,225,0,3,10,0,13,191,33,14,0,238,24,0,24,262
08/29/2010,SMF,CA,AWP,WE,Towers with Radar,219,35,2,0,256,0,1,15,0,16,219,36,17,0,272,12,0,12,284
08/30/2010,SMF,CA,AWP,WE,Towers with Radar,242,48,11,12,313,0,2,24,0,26,242,50,35,12,339,28,30,58,397
08/31/2010,SMF,CA,AWP,WE,Towers with Radar,241,43,12,8,304,0,3,13,6,22,241,46,25,14,326,46,26,72,398
09/01/2010,SMF,CA,AWP,WE,Towers with Radar,242,56,17,1,316,0,4,17,1,22,242,60,34,2,338,2,4,6,344
09/02/2010,SMF,CA,AWP,WE,Towers with Radar,241,46,7,1,295,0,6,26,1,33,241,52,33,2,328,2,2,4,332
09/03/2010,SMF,CA,AWP,WE,Towers with Radar,257,49,16,0,322,0,3,8,0,11,257,52,24,0,333,14,0,14,347
09/04/2010,SMF,CA,AWP,WE,Towers with Radar,185,32,9,0,226,0,1,18,0,19,185,33,27,0,245,38,0,38,283
09/05/2010,SMF,CA,AWP,WE,Towers with Radar,170,29,1,0,200,0,0,7,0,7,170,29,8,0,207,32,0,32,239
09/06/2010,SMF,CA,AWP,WE,Towers with Radar,224,44,2,0,270,0,2,20,0,22,224,46,22,0,292,20,0,20,312
09/07/2010,SMF,CA,AWP,WE,Towers with Radar,243,42,6,0,291,0,3,12,1,16,243,45,18,1,307,68,0,68,375
09/08/2010,SMF,CA,AWP,WE,Towers with Radar,245,42,18,0,305,0,1,7,4,12,245,43,25,4,317,32,16,48,365
09/09/2010,SMF,CA,AWP,WE,Towers with Radar,246,53,15,8,322,0,2,22,0,24,246,55,37,8,346,24,0,24,370
09/10/2010,SMF,CA,AWP,WE,Towers with Radar,248,48,6,0,302,0,7,25,0,32,248,55,31,0,334,24,0,24,358
09/11/2010,SMF,CA,AWP,WE,Towers with Radar,185,30,6,0,221,0,3,12,0,15,185,33,18,0,236,10,0,10,246
09/12/2010,SMF,CA,AWP,WE,Towers with Radar,214,36,13,2,265,0,0,18,5,23,214,36,31,7,288,2,4,6,294
09/13/2010,SMF,CA,AWP,WE,Towers with Radar,243,43,6,4,296,0,4,17,0,21,243,47,23,4,317,4,2,6,323
09/14/2010,SMF,CA,AWP,WE,Towers with Radar,241,41,7,0,289,0,6,13,1,20,241,47,20,1,309,20,0,20,329
09/15/2010,SMF,CA,AWP,WE,Towers with Radar,239,47,9,0,295,0,3,15,2,20,239,50,24,2,315,38,0,38,353
09/16/2010,SMF,CA,AWP,WE,Towers with Radar,241,53,6,2,302,0,3,15,3,21,241,56,21,5,323,4,0,4,327
09/17/2010,SMF,CA,AWP,WE,Towers with Radar,250,52,10,0,312,0,4,18,0,22,250,56,28,0,334,2,0,2,336
09/18/2010,SMF,CA,AWP,WE,Towers with Radar,185,31,5,4,225,0,3,16,0,19,185,34,21,4,244,38,0,38,282
09/19/2010,SMF,CA,AWP,WE,Towers with Radar,214,31,3,0,248,0,0,9,0,9,214,31,12,0,257,8,0,8,265
09/20/2010,SMF,CA,AWP,WE,Towers with Radar,244,37,20,0,301,0,6,22,4,32,244,43,42,4,333,36,0,36,369
09/21/2010,SMF,CA,AWP,WE,Towers with Radar,243,43,11,11,308,0,5,21,6,32,243,48,32,17,340,46,50,96,436
09/22/2010,SMF,CA,AWP,WE,Towers with Radar,243,51,7,2,303,0,4,15,2,21,243,55,22,4,324,10,16,26,350
09/23/2010,SMF,CA,AWP,WE,Towers with Radar,247,45,4,2,298,0,5,22,0,27,247,50,26,2,325,0,0,0,325
09/24/2010,SMF,CA,AWP,WE,Towers with Radar,249,49,10,8,316,0,4,22,0,26,249,53,32,8,342,0,0,0,342
09/25/2010,SMF,CA,AWP,WE,Towers with Radar,191,32,10,2,235,0,3,12,0,15,191,35,22,2,250,26,0,26,276
09/26/2010,SMF,CA,AWP,WE,Towers with Radar,216,41,4,0,261,0,0,10,0,10,216,41,14,0,271,18,0,18,289
09/27/2010,SMF,CA,AWP,WE,Towers with Radar,240,42,6,4,292,0,4,15,3,22,240,46,21,7,314,10,18,28,342
09/28/2010,SMF,CA,AWP,WE,Towers with Radar,243,45,10,3,301,0,2,12,1,15,243,47,22,4,316,20,12,32,348
09/29/2010,SMF,CA,AWP,WE,Towers with Radar,245,44,11,3,303,0,6,9,1,16,245,50,20,4,319,0,18,18,337
09/30/2010,SMF,CA,AWP,WE,Towers with Radar,245,49,8,0,302,0,3,23,0,26,245,52,31,0,328,18,12,30,358
10/01/2010,SMF,CA,AWP,WE,Towers with Radar,247,49,14,9,319,0,2,14,5,21,247,51,28,14,340,0,24,24,364
10/02/2010,SMF,CA,AWP,WE,Towers with Radar,190,27,6,0,223,0,2,9,0,11,190,29,15,0,234,34,0,34,268
10/03/2010,SMF,CA,AWP,WE,Towers with Radar,219,31,6,0,256,0,0,19,0,19,219,31,25,0,275,0,0,0,275
10/04/2010,SMF,CA,AWP,WE,Towers with Radar,245,34,10,0,289,0,1,10,0,11,245,35,20,0,300,8,0,8,308
10/05/2010,SMF,CA,AWP,WE,Towers with Radar,240,38,9,0,287,0,5,8,1,14,240,43,17,1,301,0,6,6,307
10/06/2010,SMF,CA,AWP,WE,Towers with Radar,249,48,9,0,306,0,1,17,0,18,249,49,26,0,324,0,0,0,324
10/07/2010,SMF,CA,AWP,WE,Towers with Radar,246,48,12,29,335,0,3,10,2,15,246,51,22,31,350,4,6,10,360
10/08/2010,SMF,CA,AWP,WE,Towers with Radar,247,43,11,4,305,0,3,17,12,32,247,46,28,16,337,4,28,32,369
10/09/2010,SMF,CA,AWP,WE,Towers with Radar,191,28,4,0,223,0,1,11,0,12,191,29,15,0,235,6,0,6,241
10/10/2010,SMF,CA,AWP,WE,Towers with Radar,216,33,11,0,260,0,0,14,0,14,216,33,25,0,274,4,0,4,278
10/11/2010,SMF,CA,AWP,WE,Towers with Radar,242,37,7,0,286,0,5,13,0,18,242,42,20,0,304,20,0,20,324
10/12/2010,SMF,CA,AWP,WE,Towers with Radar,247,43,5,12,307,0,3,23,0,26,247,46,28,12,333,60,14,74,407
10/13/2010,SMF,CA,AWP,WE,Towers with Radar,244,44,3,8,299,0,2,18,2,22,244,46,21,10,321,4,20,24,345
10/14/2010,SMF,CA,AWP,WE,Towers with Radar,247,41,11,0,299,0,2,21,0,23,247,43,32,0,322,10,0,10,332
10/15/2010,SMF,CA,AWP,WE,Towers with Radar,249,41,6,0,296,0,3,14,0,17,249,44,20,0,313,2,0,2,315
10/16/2010,SMF,CA,AWP,WE,Towers with Radar,187,28,3,0,218,0,1,14,0,15,187,29,17,0,233,4,0,4,237
10/17/2010,SMF,CA,AWP,WE,Towers with Radar,215,31,12,0,258,0,0,6,0,6,215,31,18,0,264,6,0,6,270
10/18/2010,SMF,CA,AWP,WE,Towers with Radar,246,35,15,2,298,0,2,15,0,17,246,37,30,2,315,18,8,26,341
10/19/2010,SMF,CA,AWP,WE,Towers with Radar,244,41,16,0,301,0,4,13,4,21,244,45,29,4,322,0,36,36,358
10/20/2010,SMF,CA,AWP,WE,Towers with Radar,245,39,14,0,298,1,6,53,0,60,246,45,67,0,358,14,0,14,372
10/21/2010,SMF,CA,AWP,WE,Towers with Radar,247,49,14,8,318,0,0,18,0,18,247,49,32,8,336,4,4,8,344
10/22/2010,SMF,CA,AWP,WE,Towers with Radar,253,45,20,0,318,0,0,4,0,4,253,45,24,0,322,0,0,0,322
10/23/2010,SMF,CA,AWP,WE,Towers with Radar,186,29,8,0,223,0,0,7,0,7,186,29,15,0,230,0,0,0,230
10/24/2010,SMF,CA,AWP,WE,Towers with Radar,215,29,2,0,246,0,0,2,0,2,215,29,4,0,248,0,0,0,248
10/25/2010,SMF,CA,AWP,WE,Towers with Radar,244,38,4,4,290,0,16,13,1,30,244,54,17,5,320,8,0,8,328
10/26/2010,SMF,CA,AWP,WE,Towers with Radar,247,44,10,0,301,0,5,21,0,26,247,49,31,0,327,0,0,0,327
10/27/2010,SMF,CA,AWP,WE,Towers with Radar,246,50,13,2,311,0,0,19,0,19,246,50,32,2,330,4,0,4,334
10/28/2010,SMF,CA,AWP,WE,Towers with Radar,247,45,14,0,306,0,1,9,2,12,247,46,23,2,318,0,4,4,322
10/29/2010,SMF,CA,AWP,WE,Towers with Radar,252,44,9,0,305,0,2,9,0,11,252,46,18,0,316,0,0,0,316
10/30/2010,SMF,CA,AWP,WE,Towers with Radar,188,24,4,0,216,0,0,2,0,2,188,24,6,0,218,0,0,0,218
10/31/2010,SMF,CA,AWP,WE,Towers with Radar,213,31,4,0,248,0,0,4,0,4,213,31,8,0,252,0,0,0,252
11/01/2010,SMF,CA,AWP,WE,Towers with Radar,243,43,8,8,302,0,2,20,0,22,243,45,28,8,324,0,24,24,348
11/02/2010,SMF,CA,AWP,WE,Towers with Radar,238,36,8,2,284,0,3,16,0,19,238,39,24,2,303,2,0,2,305
11/03/2010,SMF,CA,AWP,WE,Towers with Radar,237,41,16,2,296,0,8,20,0,28,237,49,36,2,324,0,2,2,326
11/04/2010,SMF,CA,AWP,WE,Towers with Radar,250,51,12,4,317,0,2,23,0,25,250,53,35,4,342,0,0,0,342
11/05/2010,SMF,CA,AWP,WE,Towers with Radar,251,48,18,0,317,0,3,17,0,20,251,51,35,0,337,0,0,0,337
11/06/2010,SMF,CA,AWP,WE,Towers with Radar,185,32,11,0,228,0,1,13,0,14,185,33,24,0,242,16,0,16,258
11/07/2010,SMF,CA,AWP,WE,Towers with Radar,227,31,9,0,267,0,0,1,0,1,227,31,10,0,268,0,0,0,268
11/08/2010,SMF,CA,AWP,WE,Towers with Radar,238,44,8,4,294,0,2,20,0,22,238,46,28,4,316,44,8,52,368
11/09/2010,SMF,CA,AWP,WE,Towers with Radar,237,42,11,14,304,0,0,3,0,3,237,42,14,14,307,0,16,16,323
11/10/2010,SMF,CA,AWP,WE,Towers with Radar,239,46,11,0,296,0,0,13,0,13,239,46,24,0,309,0,0,0,309
11/11/2010,SMF,CA,AWP,WE,Towers with Radar,243,47,9,0,299,0,3,12,2,17,243,50,21,2,316,0,0,0,316
11/12/2010,SMF,CA,AWP,WE,Towers with Radar,250,46,9,6,311,0,2,20,0,22,250,48,29,6,333,52,0,52,385
11/13/2010,SMF,CA,AWP,WE,Towers with Radar,183,32,9,0,224,0,0,8,0,8,183,32,17,0,232,0,0,0,232
11/14/2010,SMF,CA,AWP,WE,Towers with Radar,220,36,7,0,263,0,0,14,0,14,220,36,21,0,277,12,0,12,289
11/15/2010,SMF,CA,AWP,WE,Towers with Radar,229,47,9,0,285,0,1,10,0,11,229,48,19,0,296,26,0,26,322
11/16/2010,SMF,CA,AWP,WE,Towers with Radar,243,46,19,0,308,0,0,10,0,10,243,46,29,0,318,42,0,42,360
11/17/2010,SMF,CA,AWP,WE,Towers with Radar,236,47,9,0,292,0,3,8,0,11,236,50,17,0,303,2,0,2,305
11/18/2010,SMF,CA,AWP,WE,Towers with Radar,238,44,19,1,302,0,2,10,0,12,238,46,29,1,314,0,0,0,314
11/19/2010,SMF,CA,AWP,WE,Towers with Radar,245,45,15,0,305,0,0,5,0,5,245,45,20,0,310,0,0,0,310
11/20/2010,SMF,CA,AWP,WE,Towers with Radar,199,25,7,0,231,0,0,1,0,1,199,25,8,0,232,2,0,2,234
11/21/2010,SMF,CA,AWP,WE,Towers with Radar,224,35,9,0,268,0,0,3,0,3,224,35,12,0,271,0,0,0,271
11/22/2010,SMF,CA,AWP,WE,Towers with Radar,228,37,14,10,289,0,0,12,0,12,228,37,26,10,301,6,0,6,307
11/23/2010,SMF,CA,AWP,WE,Towers with Radar,245,47,11,2,305,0,0,8,0,8,245,47,19,2,313,0,22,22,335
11/24/2010,SMF,CA,AWP,WE,Towers with Radar,249,47,11,0,307,0,0,15,0,15,249,47,26,0,322,12,0,12,334
11/25/2010,SMF,CA,AWP,WE,Towers with Radar,159,24,2,0,185,0,0,6,0,6,159,24,8,0,191,0,0,0,191
11/26/2010,SMF,CA,AWP,WE,Towers with Radar,204,42,4,0,250,0,0,6,0,6,204,42,10,0,256,0,0,0,256
11/27/2010,SMF,CA,AWP,WE,Towers with Radar,220,32,11,0,263,0,1,0,0,1,220,33,11,0,264,0,0,0,264
11/28/2010,SMF,CA,AWP,WE,Towers with Radar,238,34,7,0,279,0,0,13,0,13,238,34,20,0,292,0,0,0,292
11/29/2010,SMF,CA,AWP,WE,Towers with Radar,243,42,8,0,293,0,0,2,0,2,243,42,10,0,295,0,0,0,295
11/30/2010,SMF,CA,AWP,WE,Towers with Radar,239,38,13,5,295,0,0,3,2,5,239,38,16,7,300,0,0,0,300
12/01/2010,SMF,CA,AWP,WE,Towers with Radar,235,47,14,8,304,0,1,11,2,14,235,48,25,10,318,8,0,8,326
12/02/2010,SMF,CA,AWP,WE,Towers with Radar,237,45,19,4,305,0,0,6,0,6,237,45,25,4,311,0,0,0,311
12/03/2010,SMF,CA,AWP,WE,Towers with Radar,242,46,17,0,305,0,0,0,0,0,242,46,17,0,305,6,0,6,311
12/04/2010,SMF,CA,AWP,WE,Towers with Radar,182,37,19,0,238,0,1,0,0,1,182,38,19,0,239,0,0,0,239
12/05/2010,SMF,CA,AWP,WE,Towers with Radar,221,27,13,0,261,0,0,0,0,0,221,27,13,0,261,0,0,0,261
12/06/2010,SMF,CA,AWP,WE,Towers with Radar,238,41,9,0,288,0,0,11,0,11,238,41,20,0,299,18,0,18,317
12/07/2010,SMF,CA,AWP,WE,Towers with Radar,236,46,4,0,286,0,0,12,0,12,236,46,16,0,298,6,0,6,304
12/08/2010,SMF,CA,AWP,WE,Towers with Radar,237,43,15,4,299,0,0,0,0,0,237,43,15,4,299,0,0,0,299
12/09/2010,SMF,CA,AWP,WE,Towers with Radar,242,48,14,12,316,0,0,4,0,4,242,48,18,12,320,0,0,0,320
12/10/2010,SMF,CA,AWP,WE,Towers with Radar,240,41,21,8,310,0,0,6,0,6,240,41,27,8,316,0,14,14,330
12/11/2010,SMF,CA,AWP,WE,Towers with Radar,176,40,18,0,234,0,0,2,0,2,176,40,20,0,236,6,0,6,242
12/12/2010,SMF,CA,AWP,WE,Towers with Radar,215,31,8,0,254,0,0,1,0,1,215,31,9,0,255,0,0,0,255
12/13/2010,SMF,CA,AWP,WE,Towers with Radar,238,42,16,4,300,0,0,1,0,1,238,42,17,4,301,0,0,0,301
12/14/2010,SMF,CA,AWP,WE,Towers with Radar,238,38,14,18,308,0,0,2,6,8,238,38,16,24,316,0,36,36,352
12/15/2010,SMF,CA,AWP,WE,Towers with Radar,242,47,19,2,310,0,1,8,0,9,242,48,27,2,319,0,0,0,319
12/16/2010,SMF,CA,AWP,WE,Towers with Radar,240,52,24,0,316,0,2,11,0,13,240,54,35,0,329,0,0,0,329
12/17/2010,SMF,CA,AWP,WE,Towers with Radar,246,40,13,0,299,0,0,0,0,0,246,40,13,0,299,0,0,0,299
12/18/2010,SMF,CA,AWP,WE,Towers with Radar,205,34,13,0,252,0,0,0,0,0,205,34,13,0,252,0,0,0,252
12/19/2010,SMF,CA,AWP,WE,Towers with Radar,226,33,5,0,264,0,0,0,0,0,226,33,5,0,264,0,0,0,264
12/20/2010,SMF,CA,AWP,WE,Towers with Radar,233,46,12,13,304,0,0,1,8,9,233,46,13,21,313,0,20,20,333
12/21/2010,SMF,CA,AWP,WE,Towers with Radar,236,58,2,12,308,0,0,4,0,4,236,58,6,12,312,0,0,0,312
12/22/2010,SMF,CA,AWP,WE,Towers with Radar,243,52,9,2,306,0,3,0,0,3,243,55,9,2,309,0,0,0,309
12/23/2010,SMF,CA,AWP,WE,Towers with Radar,253,48,17,0,318,0,0,4,0,4,253,48,21,0,322,0,0,0,322
12/24/2010,SMF,CA,AWP,WE,Towers with Radar,188,41,9,0,238,0,0,0,0,0,188,41,9,0,238,0,0,0,238
12/25/2010,SMF,CA,AWP,WE,Towers with Radar,172,23,1,0,196,0,0,0,0,0,172,23,1,0,196,0,0,0,196
12/26/2010,SMF,CA,AWP,WE,Towers with Radar,235,37,9,0,281,0,0,0,0,0,235,37,9,0,281,0,0,0,281
12/27/2010,SMF,CA,AWP,WE,Towers with Radar,242,26,9,0,277,0,0,6,0,6,242,26,15,0,283,16,0,16,299
12/28/2010,SMF,CA,AWP,WE,Towers with Radar,243,40,8,4,295,0,0,2,0,2,243,40,10,4,297,0,0,0,297
12/29/2010,SMF,CA,AWP,WE,Towers with Radar,248,43,7,2,300,0,0,2,0,2,248,43,9,2,302,0,0,0,302
12/30/2010,SMF,CA,AWP,WE,Towers with Radar,246,45,8,0,299,0,2,16,0,18,246,47,24,0,317,4,0,4,321
12/31/2010,SMF,CA,AWP,WE,Towers with Radar,192,43,7,0,242,0,1,6,0,7,192,44,13,0,249,0,0,0,249
01/01/2011,SMF,CA,AWP,WE,Towers with Radar,172,32,0,0,204,0,0,0,0,0,172,32,0,0,204,0,0,0,204
01/02/2011,SMF,CA,AWP,WE,Towers with Radar,236,30,8,0,274,0,0,0,0,0,236,30,8,0,274,0,0,0,274
01/03/2011,SMF,CA,AWP,WE,Towers with Radar,248,34,12,0,294,0,0,3,0,3,248,34,15,0,297,0,0,0,297
01/04/2011,SMF,CA,AWP,WE,Towers with Radar,235,51,12,2,300,0,1,13,4,18,235,52,25,6,318,12,10,22,340
01/05/2011,SMF,CA,AWP,WE,Towers with Radar,225,41,10,16,292,0,1,7,2,10,225,42,17,18,302,0,8,8,310
01/06/2011,SMF,CA,AWP,WE,Towers with Radar,234,44,12,0,290,0,0,0,0,0,234,44,12,0,290,0,0,0,290
01/07/2011,SMF,CA,AWP,WE,Towers with Radar,237,52,20,0,309,0,0,0,0,0,237,52,20,0,309,0,0,0,309
01/08/2011,SMF,CA,AWP,WE,Towers with Radar,169,35,8,0,212,0,1,0,0,1,169,36,8,0,213,0,0,0,213
01/09/2011,SMF,CA,AWP,WE,Towers with Radar,194,37,9,2,242,0,0,4,0,4,194,37,13,2,246,0,0,0,246
01/10/2011,SMF,CA,AWP,WE,Towers with Radar,237,43,11,0,291,0,1,4,0,5,237,44,15,0,296,0,0,0,296
01/11/2011,SMF,CA,AWP,WE,Towers with Radar,230,50,17,8,305,0,0,4,2,6,230,50,21,10,311,6,0,6,317
01/12/2011,SMF,CA,AWP,WE,Towers with Radar,236,55,8,4,303,0,0,7,0,7,236,55,15,4,310,0,2,2,312
01/13/2011,SMF,CA,AWP,WE,Towers with Radar,232,48,10,4,294,0,0,0,0,0,232,48,10,4,294,0,0,0,294
01/14/2011,SMF,CA,AWP,WE,Towers with Radar,241,45,14,2,302,0,0,11,0,11,241,45,25,2,313,4,0,4,317
01/15/2011,SMF,CA,AWP,WE,Towers with Radar,173,32,8,0,213,0,0,1,0,1,173,32,9,0,214,0,0,0,214
01/16/2011,SMF,CA,AWP,WE,Towers with Radar,203,26,11,0,240,0,0,0,0,0,203,26,11,0,240,0,0,0,240
01/17/2011,SMF,CA,AWP,WE,Towers with Radar,235,33,6,0,274,0,0,0,0,0,235,33,6,0,274,0,0,0,274
01/18/2011,SMF,CA,AWP,WE,Towers with Radar,246,42,15,5,308,0,1,10,3,14,246,43,25,8,322,32,20,52,374
01/19/2011,SMF,CA,AWP,WE,Towers with Radar,228,48,10,6,292,0,4,6,0,10,228,52,16,6,302,0,0,0,302
01/20/2011,SMF,CA,AWP,WE,Towers with Radar,237,52,4,0,293,0,1,5,7,13,237,53,9,7,306,0,40,40,346
01/21/2011,SMF,CA,AWP,WE,Towers with Radar,234,46,11,6,297,0,2,11,0,13,234,48,22,6,310,2,0,2,312
01/22/2011,SMF,CA,AWP,WE,Towers with Radar,169,35,1,2,207,0,0,16,0,16,169,35,17,2,223,0,0,0,223
01/23/2011,SMF,CA,AWP,WE,Towers with Radar,199,29,3,0,231,0,0,2,0,2,199,29,5,0,233,0,0,0,233
01/24/2011,SMF,CA,AWP,WE,Towers with Radar,236,40,8,0,284,0,0,3,0,3,236,40,11,0,287,0,0,0,287
01/25/2011,SMF,CA,AWP,WE,Towers with Radar,235,54,11,6,306,0,2,6,2,10,235,56,17,8,316,20,18,38,354
01/26/2011,SMF,CA,AWP,WE,Towers with Radar,236,45,17,0,298,0,0,0,0,0,236,45,17,0,298,0,0,0,298
01/27/2011,SMF,CA,AWP,WE,Towers with Radar,246,19,9,0,274,0,0,0,0,0,246,19,9,0,274,0,0,0,274
01/28/2011,SMF,CA,AWP,WE,Towers with Radar,242,26,6,0,274,0,0,0,0,0,242,26,6,0,274,0,0,0,274
01/29/2011,SMF,CA,AWP,WE,Towers with Radar,172,34,12,0,218,0,0,0,0,0,172,34,12,0,218,0,0,0,218
01/30/2011,SMF,CA,AWP,WE,Towers with Radar,204,32,14,0,250,0,0,1,0,1,204,32,15,0,251,0,0,0,251
01/31/2011,SMF,CA,AWP,WE,Towers with Radar,228,41,12,1,282,0,2,9,1,12,228,43,21,2,294,10,0,10,304
02/01/2011,SMF,CA,AWP,WE,Towers with Radar,223,47,6,0,276,0,0,2,0,2,223,47,8,0,278,4,0,4,282
02/02/2011,SMF,CA,AWP,WE,Towers with Radar,220,48,7,0,275,0,3,6,0,9,220,51,13,0,284,4,0,4,288
02/03/2011,SMF,CA,AWP,WE,Towers with Radar,228,50,15,4,297,0,2,17,0,19,228,52,32,4,316,0,10,10,326
02/04/2011,SMF,CA,AWP,WE,Towers with Radar,226,47,5,2,280,0,2,11,0,13,226,49,16,2,293,38,32,70,363
02/05/2011,SMF,CA,AWP,WE,Towers with Radar,175,31,2,2,210,0,1,6,0,7,175,32,8,2,217,0,0,0,217
02/06/2011,SMF,CA,AWP,WE,Towers with Radar,204,34,5,4,247,0,0,10,0,10,204,34,15,4,257,6,0,6,263
02/07/2011,SMF,CA,AWP,WE,Towers with Radar,231,39,12,0,282,1,2,13,0,16,232,41,25,0,298,18,0,18,316
02/08/2011,SMF,CA,AWP,WE,Towers with Radar,226,54,9,2,291,0,2,4,0,6,226,56,13,2,297,20,24,44,341
02/09/2011,SMF,CA,AWP,WE,Towers with Radar,229,53,6,0,288,0,0,5,0,5,229,53,11,0,293,0,0,0,293
02/10/2011,SMF,CA,AWP,WE,Towers with Radar,231,46,16,0,293,0,2,19,0,21,231,48,35,0,314,10,0,10,324
02/11/2011,SMF,CA,AWP,WE,Towers with Radar,236,53,12,0,301,0,3,15,0,18,236,56,27,0,319,0,0,0,319
02/12/2011,SMF,CA,AWP,WE,Towers with Radar,173,36,1,0,210,0,4,9,2,15,173,40,10,2,225,0,0,0,225
02/13/2011,SMF,CA,AWP,WE,Towers with Radar,215,33,5,0,253,0,0,20,0,20,215,33,25,0,273,0,0,0,273
02/14/2011,SMF,CA,AWP,WE,Towers with Radar,231,33,11,0,275,0,0,3,0,3,231,33,14,0,278,0,0,0,278
02/15/2011,SMF,CA,AWP,WE,Towers with Radar,231,48,22,4,305,0,0,6,1,7,231,48,28,5,312,8,0,8,320
02/16/2011,SMF,CA,AWP,WE,Towers with Radar,233,54,17,10,314,0,0,5,4,9,233,54,22,14,323,2,20,22,345
02/17/2011,SMF,CA,AWP,WE,Towers with Radar,236,46,12,0,294,0,0,0,0,0,236,46,12,0,294,0,0,0,294
02/18/2011,SMF,CA,AWP,WE,Towers with Radar,226,42,19,1,288,0,0,0,0,0,226,42,19,1,288,0,0,0,288
02/19/2011,SMF,CA,AWP,WE,Towers with Radar,181,35,8,1,225,0,0,4,0,4,181,35,12,1,229,0,0,0,229
02/20/2011,SMF,CA,AWP,WE,Towers with Radar,203,36,10,0,249,0,2,14,0,16,203,38,24,0,265,0,0,0,265
02/21/2011,SMF,CA,AWP,WE,Towers with Radar,225,45,4,0,274,0,1,12,0,13,225,46,16,0,287,12,0,12,299
02/22/2011,SMF,CA,AWP,WE,Towers with Radar,230,48,9,0,287,0,1,16,0,17,230,49,25,0,304,0,0,0,304
02/23/2011,SMF,CA,AWP,WE,Towers with Radar,233,45,16,0,294,0,2,11,0,13,233,47,27,0,307,2,0,2,309
02/24/2011,SMF,CA,AWP,WE,Towers with Radar,229,56,7,4,296,0,0,4,0,4,229,56,11,4,300,0,0,0,300
02/25/2011,SMF,CA,AWP,WE,Towers with Radar,238,53,12,0,303,0,1,3,0,4,238,54,15,0,307,0,0,0,307
02/26/2011,SMF,CA,AWP,WE,Towers with Radar,180,38,6,2,226,0,0,3,0,3,180,38,9,2,229,0,0,0,229
02/27/2011,SMF,CA,AWP,WE,Towers with Radar,214,45,6,0,265,0,0,3,0,3,214,45,9,0,268,0,0,0,268
02/28/2011,SMF,CA,AWP,WE,Towers with Radar,229,45,14,6,294,0,0,21,4,25,229,45,35,10,319,12,10,22,341
03/01/2011,SMF,CA,AWP,WE,Towers with Radar,229,52,13,16,310,0,2,7,2,11,229,54,20,18,321,0,42,42,363
03/02/2011,SMF,CA,AWP,WE,Towers with Radar,231,49,7,2,289,0,0,2,0,2,231,49,9,2,291,0,0,0,291
03/03/2011,SMF,CA,AWP,WE,Towers with Radar,230,61,14,0,305,0,0,4,0,4,230,61,18,0,309,0,0,0,309
03/04/2011,SMF,CA,AWP,WE,Towers with Radar,239,54,6,0,299,0,1,16,0,17,239,55,22,0,316,0,0,0,316
03/05/2011,SMF,CA,AWP,WE,Towers with Radar,168,35,2,0,205,0,0,10,0,10,168,35,12,0,215,0,0,0,215
03/06/2011,SMF,CA,AWP,WE,Towers with Radar,206,35,4,0,245,0,0,0,0,0,206,35,4,0,245,0,0,0,245
03/07/2011,SMF,CA,AWP,WE,Towers with Radar,230,53,11,2,296,0,0,7,0,7,230,53,18,2,303,0,8,8,311
03/08/2011,SMF,CA,AWP,WE,Towers with Radar,226,50,10,6,292,0,0,8,0,8,226,50,18,6,300,0,0,0,300
03/09/2011,SMF,CA,AWP,WE,Towers with Radar,233,50,12,0,295,0,3,12,0,15,233,53,24,0,310,0,0,0,310
03/10/2011,SMF,CA,AWP,WE,Towers with Radar,234,53,10,5,302,0,1,7,4,12,234,54,17,9,314,0,14,14,328
03/11/2011,SMF,CA,AWP,WE,Towers with Radar,237,51,5,0,293,0,4,10,0,14,237,55,15,0,307,6,0,6,313
03/12/2011,SMF,CA,AWP,WE,Towers with Radar,170,37,6,0,213,0,1,19,0,20,170,38,25,0,233,0,0,0,233
03/13/2011,SMF,CA,AWP,WE,Towers with Radar,214,33,7,0,254,1,0,2,0,3,215,33,9,0,257,0,0,0,257
03/14/2011,SMF,CA,AWP,WE,Towers with Radar,226,48,11,0,285,0,1,1,0,2,226,49,12,0,287,0,0,0,287
03/15/2011,SMF,CA,AWP,WE,Towers with Radar,229,52,7,2,290,0,0,0,0,0,229,52,7,2,290,0,0,0,290
03/16/2011,SMF,CA,AWP,WE,Towers with Radar,226,52,9,2,289,1,1,3,0,5,227,53,12,2,294,0,0,0,294
03/17/2011,SMF,CA,AWP,WE,Towers with Radar,237,56,12,0,305,0,2,11,0,13,237,58,23,0,318,0,0,0,318
03/18/2011,SMF,CA,AWP,WE,Towers with Radar,235,47,20,0,302,0,0,0,0,0,235,47,20,0,302,0,0,0,302
03/19/2011,SMF,CA,AWP,WE,Towers with Radar,182,36,6,1,225,0,0,2,0,2,182,36,8,1,227,0,0,0,227
03/20/2011,SMF,CA,AWP,WE,Towers with Radar,213,35,8,0,256,0,0,0,0,0,213,35,8,0,256,0,0,0,256
03/21/2011,SMF,CA,AWP,WE,Towers with Radar,230,45,8,0,283,0,2,2,0,4,230,47,10,0,287,0,0,0,287
03/22/2011,SMF,CA,AWP,WE,Towers with Radar,224,50,18,0,292,0,2,8,0,10,224,52,26,0,302,0,0,0,302
03/23/2011,SMF,CA,AWP,WE,Towers with Radar,225,58,7,2,292,0,0,3,0,3,225,58,10,2,295,0,0,0,295
03/24/2011,SMF,CA,AWP,WE,Towers with Radar,230,53,12,0,295,0,0,0,0,0,230,53,12,0,295,0,0,0,295
03/25/2011,SMF,CA,AWP,WE,Towers with Radar,229,51,13,2,295,0,1,6,0,7,229,52,19,2,302,0,0,0,302
03/26/2011,SMF,CA,AWP,WE,Towers with Radar,172,36,12,0,220,0,1,2,0,3,172,37,14,0,223,0,0,0,223
03/27/2011,SMF,CA,AWP,WE,Towers with Radar,217,29,8,0,254,0,0,3,0,3,217,29,11,0,257,0,0,0,257
03/28/2011,SMF,CA,AWP,WE,Towers with Radar,230,43,12,1,286,0,2,11,0,13,230,45,23,1,299,2,0,2,301
03/29/2011,SMF,CA,AWP,WE,Towers with Radar,232,46,21,0,299,0,1,11,0,12,232,47,32,0,311,0,0,0,311
03/30/2011,SMF,CA,AWP,WE,Towers with Radar,228,50,9,5,292,0,0,15,0,15,228,50,24,5,307,0,0,0,307
03/31/2011,SMF,CA,AWP,WE,Towers with Radar,236,46,11,8,301,0,3,25,2,30,236,49,36,10,331,4,12,16,347
04/01/2011,SMF,CA,AWP,WE,Towers with Radar,234,56,15,0,305,0,2,16,0,18,234,58,31,0,323,26,0,26,349
04/02/2011,SMF,CA,AWP,WE,Towers with Radar,170,44,1,0,215,0,2,14,0,16,170,46,15,0,231,2,0,2,233
04/03/2011,SMF,CA,AWP,WE,Towers with Radar,203,35,13,0,251,0,0,20,0,20,203,35,33,0,271,42,0,42,313
04/04/2011,SMF,CA,AWP,WE,Towers with Radar,229,42,6,8,285,0,5,21,8,34,229,47,27,16,319,114,44,158,477
04/05/2011,SMF,CA,AWP,WE,Towers with Radar,233,55,14,45,347,1,2,19,7,29,234,57,33,52,376,46,40,86,462
04/06/2011,SMF,CA,AWP,WE,Towers with Radar,230,56,5,2,293,0,1,9,0,10,230,57,14,2,303,0,0,0,303
04/07/2011,SMF,CA,AWP,WE,Towers with Radar,230,69,14,0,313,0,0,8,0,8,230,69,22,0,321,12,0,12,333
04/08/2011,SMF,CA,AWP,WE,Towers with Radar,245,56,11,0,312,0,3,8,0,11,245,59,19,0,323,22,0,22,345
04/09/2011,SMF,CA,AWP,WE,Towers with Radar,181,51,3,0,235,1,1,5,0,7,182,52,8,0,242,0,0,0,242
04/10/2011,SMF,CA,AWP,WE,Towers with Radar,218,46,4,0,268,0,0,7,0,7,218,46,11,0,275,4,0,4,279
04/11/2011,SMF,CA,AWP,WE,Towers with Radar,229,50,7,0,286,0,2,11,18,31,229,52,18,18,317,38,18,56,373
04/12/2011,SMF,CA,AWP,WE,Towers with Radar,230,57,12,0,299,0,3,16,0,19,230,60,28,0,318,0,0,0,318
04/13/2011,SMF,CA,AWP,WE,Towers with Radar,232,60,6,4,302,0,4,15,4,23,232,64,21,8,325,20,0,20,345
04/14/2011,SMF,CA,AWP,WE,Towers with Radar,237,66,22,0,325,0,5,23,0,28,237,71,45,0,353,34,6,40,393
04/15/2011,SMF,CA,AWP,WE,Towers with Radar,235,57,18,10,320,0,2,19,0,21,235,59,37,10,341,24,8,32,373
04/16/2011,SMF,CA,AWP,WE,Towers with Radar,184,55,3,0,242,0,1,14,0,15,184,56,17,0,257,40,0,40,297
04/17/2011,SMF,CA,AWP,WE,Towers with Radar,220,43,5,0,268,0,0,9,0,9,220,43,14,0,277,44,0,44,321
04/18/2011,SMF,CA,AWP,WE,Towers with Radar,227,59,9,19,314,0,2,6,0,8,227,61,15,19,322,14,18,32,354
04/19/2011,SMF,CA,AWP,WE,Towers with Radar,232,57,7,2,298,0,3,10,3,16,232,60,17,5,314,20,0,20,334
04/20/2011,SMF,CA,AWP,WE,Towers with Radar,234,58,21,6,319,0,0,5,4,9,234,58,26,10,328,0,14,14,342
04/21/2011,SMF,CA,AWP,WE,Towers with Radar,239,58,16,2,315,0,3,10,10,23,239,61,26,12,338,8,22,30,368
04/22/2011,SMF,CA,AWP,WE,Towers with Radar,241,58,9,2,310,0,2,13,3,18,241,60,22,5,328,18,12,30,358
04/23/2011,SMF,CA,AWP,WE,Towers with Radar,179,55,3,0,237,0,1,3,0,4,179,56,6,0,241,10,0,10,251
04/24/2011,SMF,CA,AWP,WE,Towers with Radar,211,46,3,1,261,0,0,2,0,2,211,46,5,1,263,0,0,0,263
04/25/2011,SMF,CA,AWP,WE,Towers with Radar,235,52,11,0,298,0,0,1,0,1,235,52,12,0,299,0,2,2,301
04/26/2011,SMF,CA,AWP,WE,Towers with Radar,230,57,3,5,295,0,1,8,2,11,230,58,11,7,306,0,0,0,306
04/27/2011,SMF,CA,AWP,WE,Towers with Radar,234,60,5,6,305,0,4,17,0,21,234,64,22,6,326,2,6,8,334
04/28/2011,SMF,CA,AWP,WE,Towers with Radar,239,61,9,0,309,0,2,18,0,20,239,63,27,0,329,0,0,0,329
04/29/2011,SMF,CA,AWP,WE,Towers with Radar,240,57,7,8,312,0,2,13,0,15,240,59,20,8,327,8,4,12,339
04/30/2011,SMF,CA,AWP,WE,Towers with Radar,183,50,6,1,240,0,1,11,17,29,183,51,17,18,269,14,52,66,335
05/01/2011,SMF,CA,AWP,WE,Towers with Radar,222,48,2,0,272,0,0,22,0,22,222,48,24,0,294,0,0,0,294
05/02/2011,SMF,CA,AWP,WE,Towers with Radar,235,53,13,6,307,0,1,10,13,24,235,54,23,19,331,18,40,58,389
05/03/2011,SMF,CA,AWP,WE,Towers with Radar,238,60,8,0,306,0,2,12,0,14,238,62,20,0,320,0,0,0,320
05/04/2011,SMF,CA,AWP,WE,Towers with Radar,239,58,6,5,308,0,3,18,2,23,239,61,24,7,331,0,26,26,357
05/05/2011,SMF,CA,AWP,WE,Towers with Radar,244,66,5,0,315,0,3,20,0,23,244,69,25,0,338,0,0,0,338
05/06/2011,SMF,CA,AWP,WE,Towers with Radar,241,55,9,2,307,0,6,15,0,21,241,61,24,2,328,80,0,80,408
05/07/2011,SMF,CA,AWP,WE,Towers with Radar,180,53,2,0,235,0,0,24,0,24,180,53,26,0,259,56,0,56,315
05/08/2011,SMF,CA,AWP,WE,Towers with Radar,236,48,9,0,293,0,0,2,0,2,236,48,11,0,295,42,0,42,337
05/09/2011,SMF,CA,AWP,WE,Towers with Radar,239,51,12,0,302,4,5,13,0,22,243,56,25,0,324,20,0,20,344
05/10/2011,SMF,CA,AWP,WE,Towers with Radar,234,59,7,7,307,1,5,22,1,29,235,64,29,8,336,2,22,24,360
05/11/2011,SMF,CA,AWP,WE,Towers with Radar,235,58,9,10,312,0,2,12,2,16,235,60,21,12,328,28,42,70,398
05/12/2011,SMF,CA,AWP,WE,Towers with Radar,237,63,9,4,313,0,15,12,4,31,237,78,21,8,344,58,26,84,428
05/13/2011,SMF,CA,AWP,WE,Towers with Radar,249,57,12,2,320,0,3,11,4,18,249,60,23,6,338,8,10,18,356
05/14/2011,SMF,CA,AWP,WE,Towers with Radar,179,53,11,0,243,0,1,5,0,6,179,54,16,0,249,48,0,48,297
05/15/2011,SMF,CA,AWP,WE,Towers with Radar,223,42,3,0,268,0,0,2,0,2,223,42,5,0,270,24,0,24,294
05/16/2011,SMF,CA,AWP,WE,Towers with Radar,230,53,14,16,313,1,1,6,2,10,231,54,20,18,323,18,24,42,365
05/17/2011,SMF,CA,AWP,WE,Towers with Radar,239,53,12,6,310,0,0,0,2,2,239,53,12,8,312,28,6,34,346
05/18/2011,SMF,CA,AWP,WE,Towers with Radar,233,55,9,3,300,0,6,3,0,9,233,61,12,3,309,22,0,22,331
05/19/2011,SMF,CA,AWP,WE,Towers with Radar,237,61,15,4,317,0,3,31,4,38,237,64,46,8,355,18,0,18,373
05/20/2011,SMF,CA,AWP,WE,Towers with Radar,238,63,16,1,318,0,1,25,3,29,238,64,41,4,347,18,12,30,377
05/21/2011,SMF,CA,AWP,WE,Towers with Radar,182,52,11,0,245,0,1,18,0,19,182,53,29,0,264,62,0,62,326
05/22/2011,SMF,CA,AWP,WE,Towers with Radar,221,47,3,4,275,0,0,8,0,8,221,47,11,4,283,18,12,30,313
05/23/2011,SMF,CA,AWP,WE,Towers with Radar,233,54,10,2,299,0,4,12,0,16,233,58,22,2,315,18,0,18,333
05/24/2011,SMF,CA,AWP,WE,Towers with Radar,241,58,10,10,319,0,1,13,2,16,241,59,23,12,335,22,38,60,395
05/25/2011,SMF,CA,AWP,WE,Towers with Radar,233,59,19,12,323,0,0,3,0,3,233,59,22,12,326,24,16,40,366
05/26/2011,SMF,CA,AWP,WE,Towers with Radar,237,61,15,2,315,0,0,20,4,24,237,61,35,6,339,28,0,28,367
05/27/2011,SMF,CA,AWP,WE,Towers with Radar,243,62,18,0,323,0,0,21,0,21,243,62,39,0,344,0,2,2,346
05/28/2011,SMF,CA,AWP,WE,Towers with Radar,184,45,6,0,235,0,1,5,0,6,184,46,11,0,241,48,0,48,289
05/29/2011,SMF,CA,AWP,WE,Towers with Radar,189,40,5,0,234,1,0,1,0,2,190,40,6,0,236,0,0,0,236
05/30/2011,SMF,CA,AWP,WE,Towers with Radar,215,51,7,0,273,0,0,14,0,14,215,51,21,0,287,40,0,40,327
05/31/2011,SMF,CA,AWP,WE,Towers with Radar,237,52,11,8,308,0,0,7,4,11,237,52,18,12,319,6,18,24,343
06/01/2011,SMF,CA,AWP,WE,Towers with Radar,241,60,17,8,326,0,1,2,0,3,241,61,19,8,329,0,0,0,329
06/02/2011,SMF,CA,AWP,WE,Towers with Radar,244,58,9,3,314,0,3,8,4,15,244,61,17,7,329,0,12,12,341
06/03/2011,SMF,CA,AWP,WE,Towers with Radar,243,57,7,1,308,0,1,16,6,23,243,58,23,7,331,10,14,24,355
06/04/2011,SMF,CA,AWP,WE,Towers with Radar,182,47,8,0,237,0,0,1,0,1,182,47,9,0,238,0,0,0,238
06/05/2011,SMF,CA,AWP,WE,Towers with Radar,227,44,9,0,280,0,0,4,0,4,227,44,13,0,284,0,0,0,284
06/06/2011,SMF,CA,AWP,WE,Towers with Radar,245,56,24,4,329,0,0,3,0,3,245,56,27,4,332,0,12,12,344
06/07/2011,SMF,CA,AWP,WE,Towers with Radar,240,59,9,0,308,1,0,14,2,17,241,59,23,2,325,0,4,4,329
06/08/2011,SMF,CA,AWP,WE,Towers with Radar,246,55,8,0,309,0,3,20,4,27,246,58,28,4,336,10,6,16,352
06/09/2011,SMF,CA,AWP,WE,Towers with Radar,243,54,13,2,312,0,1,20,5,26,243,55,33,7,338,8,32,40,378
06/10/2011,SMF,CA,AWP,WE,Towers with Radar,262,52,7,2,323,0,2,20,4,26,262,54,27,6,349,2,14,16,365
06/11/2011,SMF,CA,AWP,WE,Towers with Radar,205,45,25,0,275,0,1,12,0,13,205,46,37,0,288,0,0,0,288
06/12/2011,SMF,CA,AWP,WE,Towers with Radar,239,40,6,0,285,0,0,21,0,21,239,40,27,0,306,10,0,10,316
06/13/2011,SMF,CA,AWP,WE,Towers with Radar,250,44,15,0,309,0,3,22,1,26,250,47,37,1,335,0,0,0,335
06/14/2011,SMF,CA,AWP,WE,Towers with Radar,253,54,11,2,320,0,0,18,3,21,253,54,29,5,341,14,20,34,375
06/15/2011,SMF,CA,AWP,WE,Towers with Radar,248,51,5,0,304,0,1,23,0,24,248,52,28,0,328,28,0,28,356
06/16/2011,SMF,CA,AWP,WE,Towers with Radar,256,58,12,7,333,0,3,30,8,41,256,61,42,15,374,32,34,66,440
06/17/2011,SMF,CA,AWP,WE,Towers with Radar,250,59,3,4,316,0,6,18,2,26,250,65,21,6,342,0,0,0,342
06/18/2011,SMF,CA,AWP,WE,Towers with Radar,211,48,3,6,268,0,1,10,0,11,211,49,13,6,279,0,12,12,291
06/19/2011,SMF,CA,AWP,WE,Towers with Radar,243,44,9,0,296,0,0,16,0,16,243,44,25,0,312,0,0,0,312
06/20/2011,SMF,CA,AWP,WE,Towers with Radar,247,50,8,0,305,0,5,20,0,25,247,55,28,0,330,0,0,0,330
06/21/2011,SMF,CA,AWP,WE,Towers with Radar,248,58,8,6,320,0,0,19,12,31,248,58,27,18,351,18,34,52,403
06/22/2011,SMF,CA,AWP,WE,Towers with Radar,248,58,13,0,319,0,2,21,0,23,248,60,34,0,342,0,0,0,342
06/23/2011,SMF,CA,AWP,WE,Towers with Radar,259,57,10,12,338,0,3,21,3,27,259,60,31,15,365,12,0,12,377
06/24/2011,SMF,CA,AWP,WE,Towers with Radar,248,54,7,0,309,0,3,18,0,21,248,57,25,0,330,0,0,0,330
06/25/2011,SMF,CA,AWP,WE,Towers with Radar,209,52,8,5,274,0,0,19,2,21,209,52,27,7,295,56,0,56,351
06/26/2011,SMF,CA,AWP,WE,Towers with Radar,238,45,5,0,288,0,4,20,0,24,238,49,25,0,312,12,0,12,324
06/27/2011,SMF,CA,AWP,WE,Towers with Radar,248,54,9,9,320,0,3,23,7,33,248,57,32,16,353,0,20,20,373
06/28/2011,SMF,CA,AWP,WE,Towers with Radar,247,52,11,0,310,0,0,2,0,2,247,52,13,0,312,0,6,6,318
06/29/2011,SMF,CA,AWP,WE,Towers with Radar,250,56,15,7,328,0,2,6,3,11,250,58,21,10,339,10,0,10,349
06/30/2011,SMF,CA,AWP,WE,Towers with Radar,247,60,18,0,325,0,1,23,0,24,247,61,41,0,349,0,0,0,349
07/01/2011,SMF,CA,AWP,WE,Towers with Radar,259,54,10,2,325,0,4,19,0,23,259,58,29,2,348,0,0,0,348
07/02/2011,SMF,CA,AWP,WE,Towers with Radar,212,48,3,0,263,0,0,18,1,19,212,48,21,1,282,16,0,16,298
07/03/2011,SMF,CA,AWP,WE,Towers with Radar,188,36,3,4,231,0,0,7,4,11,188,36,10,8,242,6,36,42,284
07/04/2011,SMF,CA,AWP,WE,Towers with Radar,223,52,3,0,278,0,0,14,0,14,223,52,17,0,292,0,0,0,292
07/05/2011,SMF,CA,AWP,WE,Towers with Radar,244,49,11,0,304,0,0,19,3,22,244,49,30,3,326,6,8,14,340
07/06/2011,SMF,CA,AWP,WE,Towers with Radar,245,53,17,1,316,0,2,9,6,17,245,55,26,7,333,24,24,48,381
07/07/2011,SMF,CA,AWP,WE,Towers with Radar,243,62,9,0,314,0,3,15,0,18,243,65,24,0,332,0,0,0,332
07/08/2011,SMF,CA,AWP,WE,Towers with Radar,244,55,9,2,310,0,3,14,0,17,244,58,23,2,327,0,0,0,327
07/09/2011,SMF,CA,AWP,WE,Towers with Radar,219,52,7,0,278,0,1,12,0,13,219,53,19,0,291,12,0,12,303
07/10/2011,SMF,CA,AWP,WE,Towers with Radar,238,50,11,4,303,0,0,12,0,12,238,50,23,4,315,30,8,38,353
07/11/2011,SMF,CA,AWP,WE,Towers with Radar,242,47,14,9,312,0,3,15,3,21,242,50,29,12,333,54,20,74,407
07/12/2011,SMF,CA,AWP,WE,Towers with Radar,247,55,10,0,312,0,1,14,6,21,247,56,24,6,333,0,18,18,351
07/13/2011,SMF,CA,AWP,WE,Towers with Radar,251,45,6,3,305,0,3,15,12,30,251,48,21,15,335,0,38,38,373
07/14/2011,SMF,CA,AWP,WE,Towers with Radar,254,55,14,0,323,0,3,17,0,20,254,58,31,0,343,8,0,8,351
07/15/2011,SMF,CA,AWP,WE,Towers with Radar,255,53,4,4,316,0,2,17,0,19,255,55,21,4,335,10,0,10,345
07/16/2011,SMF,CA,AWP,WE,Towers with Radar,213,46,9,0,268,0,0,12,1,13,213,46,21,1,281,0,6,6,287
07/17/2011,SMF,CA,AWP,WE,Towers with Radar,241,44,4,1,290,0,2,12,0,14,241,46,16,1,304,0,0,0,304
07/18/2011,SMF,CA,AWP,WE,Towers with Radar,247,50,13,2,312,0,0,14,0,14,247,50,27,2,326,0,0,0,326
07/19/2011,SMF,CA,AWP,WE,Towers with Radar,251,57,10,0,318,1,1,23,6,31,252,58,33,6,349,0,10,10,359
07/20/2011,SMF,CA,AWP,WE,Towers with Radar,252,56,15,2,325,0,3,17,2,22,252,59,32,4,347,0,4,4,351
07/21/2011,SMF,CA,AWP,WE,Towers with Radar,259,61,12,0,332,0,3,20,0,23,259,64,32,0,355,2,0,2,357
07/22/2011,SMF,CA,AWP,WE,Towers with Radar,252,57,5,0,314,0,3,29,0,32,252,60,34,0,346,0,0,0,346
07/23/2011,SMF,CA,AWP,WE,Towers with Radar,213,50,5,0,268,0,1,11,0,12,213,51,16,0,280,0,0,0,280
07/24/2011,SMF,CA,AWP,WE,Towers with Radar,241,42,5,0,288,0,0,16,0,16,241,42,21,0,304,0,0,0,304
07/25/2011,SMF,CA,AWP,WE,Towers with Radar,252,52,10,0,314,0,1,15,4,20,252,53,25,4,334,0,16,16,350
07/26/2011,SMF,CA,AWP,WE,Towers with Radar,255,62,10,0,327,0,0,35,16,51,255,62,45,16,378,90,26,116,494
07/27/2011,SMF,CA,AWP,WE,Towers with Radar,247,55,11,0,313,0,3,19,2,24,247,58,30,2,337,12,0,12,349
07/28/2011,SMF,CA,AWP,WE,Towers with Radar,260,55,10,1,326,0,2,14,3,19,260,57,24,4,345,0,8,8,353
07/29/2011,SMF,CA,AWP,WE,Towers with Radar,254,53,8,2,317,0,2,24,0,26,254,55,32,2,343,6,0,6,349
07/30/2011,SMF,CA,AWP,WE,Towers with Radar,212,48,4,0,264,0,0,12,0,12,212,48,16,0,276,0,0,0,276
07/31/2011,SMF,CA,AWP,WE,Towers with Radar,240,38,6,0,284,0,0,7,0,7,240,38,13,0,291,40,0,40,331
08/01/2011,SMF,CA,AWP,WE,Towers with Radar,249,50,6,2,307,0,4,21,2,27,249,54,27,4,334,30,4,34,368
08/02/2011,SMF,CA,AWP,WE,Towers with Radar,255,53,18,3,329,0,2,10,7,19,255,55,28,10,348,16,12,28,376
08/03/2011,SMF,CA,AWP,WE,Towers with Radar,255,56,9,0,320,0,3,17,0,20,255,59,26,0,340,8,0,8,348
08/04/2011,SMF,CA,AWP,WE,Towers with Radar,262,57,9,13,341,0,0,18,6,24,262,57,27,19,365,0,22,22,387
08/05/2011,SMF,CA,AWP,WE,Towers with Radar,257,54,8,22,341,0,3,16,14,33,257,57,24,36,374,0,20,20,394
08/06/2011,SMF,CA,AWP,WE,Towers with Radar,210,47,6,0,263,0,0,3,0,3,210,47,9,0,266,6,0,6,272
08/07/2011,SMF,CA,AWP,WE,Towers with Radar,243,36,7,0,286,0,2,43,0,45,243,38,50,0,331,0,0,0,331
08/08/2011,SMF,CA,AWP,WE,Towers with Radar,249,54,13,1,317,0,4,15,0,19,249,58,28,1,336,0,0,0,336
08/09/2011,SMF,CA,AWP,WE,Towers with Radar,254,57,7,0,318,0,2,16,4,22,254,59,23,4,340,18,2,20,360
08/10/2011,SMF,CA,AWP,WE,Towers with Radar,250,60,6,0,316,0,3,15,0,18,250,63,21,0,334,6,0,6,340
08/11/2011,SMF,CA,AWP,WE,Towers with Radar,251,63,15,0,329,0,6,19,0,25,251,69,34,0,354,0,0,0,354
08/12/2011,SMF,CA,AWP,WE,Towers with Radar,256,59,4,17,336,0,5,26,0,31,256,64,30,17,367,18,40,58,425
08/13/2011,SMF,CA,AWP,WE,Towers with Radar,215,49,11,1,276,0,1,5,2,8,215,50,16,3,284,0,6,6,290
08/14/2011,SMF,CA,AWP,WE,Towers with Radar,228,38,4,0,270,0,2,14,1,17,228,40,18,1,287,4,0,4,291
08/15/2011,SMF,CA,AWP,WE,Towers with Radar,248,58,7,19,332,0,2,23,17,42,248,60,30,36,374,36,76,112,486
08/16/2011,SMF,CA,AWP,WE,Towers with Radar,241,54,3,4,302,0,3,19,5,27,241,57,22,9,329,26,12,38,367
08/17/2011,SMF,CA,AWP,WE,Towers with Radar,247,57,9,5,318,0,3,18,6,27,247,60,27,11,345,50,20,70,415
08/18/2011,SMF,CA,AWP,WE,Towers with Radar,243,64,13,2,322,0,3,12,8,23,243,67,25,10,345,24,12,36,381
08/19/2011,SMF,CA,AWP,WE,Towers with Radar,242,54,17,0,313,0,6,16,0,22,242,60,33,0,335,0,0,0,335
08/20/2011,SMF,CA,AWP,WE,Towers with Radar,194,48,3,0,245,0,1,14,0,15,194,49,17,0,260,16,0,16,276
08/21/2011,SMF,CA,AWP,WE,Towers with Radar,220,46,4,0,270,0,0,14,0,14,220,46,18,0,284,2,0,2,286
08/22/2011,SMF,CA,AWP,WE,Towers with Radar,242,52,11,12,317,0,3,18,2,23,242,55,29,14,340,0,20,20,360
08/23/2011,SMF,CA,AWP,WE,Towers with Radar,240,53,8,5,306,0,1,16,23,40,240,54,24,28,346,0,56,56,402
08/24/2011,SMF,CA,AWP,WE,Towers with Radar,247,56,5,7,315,0,3,22,5,30,247,59,27,12,345,120,8,128,473
08/25/2011,SMF,CA,AWP,WE,Towers with Radar,246,55,3,2,306,0,4,24,2,30,246,59,27,4,336,10,0,10,346
08/26/2011,SMF,CA,AWP,WE,Towers with Radar,246,57,9,0,312,0,3,15,1,19,246,60,24,1,331,22,0,22,353
08/27/2011,SMF,CA,AWP,WE,Towers with Radar,192,49,7,0,248,0,0,8,0,8,192,49,15,0,256,0,0,0,256
08/28/2011,SMF,CA,AWP,WE,Towers with Radar,214,45,12,0,271,0,2,28,0,30,214,47,40,0,301,14,0,14,315
08/29/2011,SMF,CA,AWP,WE,Towers with Radar,232,52,10,6,300,0,2,23,6,31,232,54,33,12,331,10,24,34,365
08/30/2011,SMF,CA,AWP,WE,Towers with Radar,234,53,11,8,306,0,2,16,6,24,234,55,27,14,330,8,16,24,354
08/31/2011,SMF,CA,AWP,WE,Towers with Radar,236,55,8,2,301,0,1,29,8,38,236,56,37,10,339,10,22,32,371
09/01/2011,SMF,CA,AWP,WE,Towers with Radar,240,60,3,2,305,0,0,32,0,32,240,60,35,2,337,0,0,0,337
09/02/2011,SMF,CA,AWP,WE,Towers with Radar,245,61,16,0,322,0,6,29,0,35,245,67,45,0,357,6,0,6,363
09/03/2011,SMF,CA,AWP,WE,Towers with Radar,164,43,7,0,214,0,0,19,0,19,164,43,26,0,233,0,0,0,233
09/04/2011,SMF,CA,AWP,WE,Towers with Radar,175,34,2,0,211,0,0,6,0,6,175,34,8,0,217,0,0,0,217
09/05/2011,SMF,CA,AWP,WE,Towers with Radar,212,45,7,0,264,0,0,15,0,15,212,45,22,0,279,4,0,4,283
09/06/2011,SMF,CA,AWP,WE,Towers with Radar,234,54,13,4,305,1,2,13,0,16,235,56,26,4,321,38,14,52,373
09/07/2011,SMF,CA,AWP,WE,Towers with Radar,242,52,7,2,303,1,3,15,10,29,243,55,22,12,332,66,26,92,424
09/08/2011,SMF,CA,AWP,WE,Towers with Radar,235,65,8,4,312,0,4,13,3,20,235,69,21,7,332,58,4,62,394
09/09/2011,SMF,CA,AWP,WE,Towers with Radar,246,62,14,0,322,0,4,15,10,29,246,66,29,10,351,4,16,20,371
09/10/2011,SMF,CA,AWP,WE,Towers with Radar,189,41,6,0,236,0,1,8,0,9,189,42,14,0,245,6,0,6,251
09/11/2011,SMF,CA,AWP,WE,Towers with Radar,213,47,8,0,268,0,4,19,0,23,213,51,27,0,291,22,0,22,313
09/12/2011,SMF,CA,AWP,WE,Towers with Radar,241,56,12,30,339,0,0,10,0,10,241,56,22,30,349,4,38,42,391
09/13/2011,SMF,CA,AWP,WE,Towers with Radar,234,55,4,2,295,0,1,7,2,10,234,56,11,4,305,10,10,20,325
09/14/2011,SMF,CA,AWP,WE,Towers with Radar,234,65,11,0,310,1,2,19,2,24,235,67,30,2,334,12,0,12,346
09/15/2011,SMF,CA,AWP,WE,Towers with Radar,245,64,14,0,323,0,2,16,1,19,245,66,30,1,342,0,0,0,342
09/16/2011,SMF,CA,AWP,WE,Towers with Radar,245,62,9,10,326,0,5,18,6,29,245,67,27,16,355,52,16,68,423
09/17/2011,SMF,CA,AWP,WE,Towers with Radar,183,44,7,0,234,0,0,19,0,19,183,44,26,0,253,16,0,16,269
09/18/2011,SMF,CA,AWP,WE,Towers with Radar,212,51,6,0,269,1,0,18,0,19,213,51,24,0,288,0,0,0,288
09/19/2011,SMF,CA,AWP,WE,Towers with Radar,244,54,13,0,311,0,8,18,0,26,244,62,31,0,337,30,0,30,367
09/20/2011,SMF,CA,AWP,WE,Towers with Radar,236,47,5,0,288,0,3,9,6,18,236,50,14,6,306,0,20,20,326
09/21/2011,SMF,CA,AWP,WE,Towers with Radar,239,60,8,0,307,0,2,16,0,18,239,62,24,0,325,0,0,0,325
09/22/2011,SMF,CA,AWP,WE,Towers with Radar,246,61,13,3,323,0,1,6,11,18,246,62,19,14,341,2,20,22,363
09/23/2011,SMF,CA,AWP,WE,Towers with Radar,245,60,4,0,309,0,4,9,2,15,245,64,13,2,324,2,0,2,326
09/24/2011,SMF,CA,AWP,WE,Towers with Radar,186,41,3,0,230,0,1,13,0,14,186,42,16,0,244,0,0,0,244
09/25/2011,SMF,CA,AWP,WE,Towers with Radar,213,45,13,0,271,0,0,12,0,12,213,45,25,0,283,0,0,0,283
09/26/2011,SMF,CA,AWP,WE,Towers with Radar,239,55,12,21,327,1,2,19,25,47,240,57,31,46,374,0,70,70,444
09/27/2011,SMF,CA,AWP,WE,Towers with Radar,238,53,7,11,309,0,2,16,1,19,238,55,23,12,328,14,26,40,368
09/28/2011,SMF,CA,AWP,WE,Towers with Radar,244,51,6,0,301,0,2,11,0,13,244,53,17,0,314,0,0,0,314
09/29/2011,SMF,CA,AWP,WE,Towers with Radar,239,60,10,14,323,0,0,26,0,26,239,60,36,14,349,12,18,30,379
09/30/2011,SMF,CA,AWP,WE,Towers with Radar,247,56,12,0,315,0,4,17,0,21,247,60,29,0,336,6,0,6,342
10/01/2011,SMF,CA,AWP,WE,Towers with Radar,190,36,5,6,237,0,1,16,0,17,190,37,21,6,254,28,0,28,282
10/02/2011,SMF,CA,AWP,WE,Towers with Radar,206,49,9,0,264,0,0,6,0,6,206,49,15,0,270,0,0,0,270
10/03/2011,SMF,CA,AWP,WE,Towers with Radar,234,49,13,2,298,0,0,9,3,12,234,49,22,5,310,4,4,8,318
10/04/2011,SMF,CA,AWP,WE,Towers with Radar,236,49,15,22,322,0,1,4,4,9,236,50,19,26,331,0,16,16,347
10/05/2011,SMF,CA,AWP,WE,Towers with Radar,233,52,14,6,305,0,1,6,6,13,233,53,20,12,318,0,0,0,318
10/06/2011,SMF,CA,AWP,WE,Towers with Radar,237,55,18,6,316,0,3,2,2,7,237,58,20,8,323,0,4,4,327
10/07/2011,SMF,CA,AWP,WE,Towers with Radar,241,65,17,16,339,0,4,22,2,28,241,69,39,18,367,0,38,38,405
10/08/2011,SMF,CA,AWP,WE,Towers with Radar,183,41,1,3,228,0,0,16,0,16,183,41,17,3,244,0,0,0,244
10/09/2011,SMF,CA,AWP,WE,Towers with Radar,205,52,5,0,262,0,8,10,0,18,205,60,15,0,280,34,0,34,314
10/10/2011,SMF,CA,AWP,WE,Towers with Radar,231,53,8,0,292,0,0,0,0,0,231,53,8,0,292,0,0,0,292
10/11/2011,SMF,CA,AWP,WE,Towers with Radar,236,46,13,0,295,0,3,18,0,21,236,49,31,0,316,20,0,20,336
10/12/2011,SMF,CA,AWP,WE,Towers with Radar,230,58,10,2,300,0,2,13,0,15,230,60,23,2,315,0,2,2,317
10/13/2011,SMF,CA,AWP,WE,Towers with Radar,236,63,7,0,306,0,1,21,0,22,236,64,28,0,328,0,0,0,328
10/14/2011,SMF,CA,AWP,WE,Towers with Radar,244,60,10,4,318,0,4,7,0,11,244,64,17,4,329,0,10,10,339
10/15/2011,SMF,CA,AWP,WE,Towers with Radar,179,39,13,9,240,0,1,24,0,25,179,40,37,9,265,8,22,30,295
10/16/2011,SMF,CA,AWP,WE,Towers with Radar,208,46,6,0,260,0,0,12,3,15,208,46,18,3,275,0,12,12,287
10/17/2011,SMF,CA,AWP,WE,Towers with Radar,232,52,9,12,305,0,2,10,5,17,232,54,19,17,322,2,50,52,374
10/18/2011,SMF,CA,AWP,WE,Towers with Radar,236,45,14,0,295,0,2,23,0,25,236,47,37,0,320,16,0,16,336
10/19/2011,SMF,CA,AWP,WE,Towers with Radar,227,54,6,0,287,0,2,14,0,16,227,56,20,0,303,16,0,16,319
10/20/2011,SMF,CA,AWP,WE,Towers with Radar,240,59,4,4,307,0,0,29,1,30,240,59,33,5,337,4,0,4,341
10/21/2011,SMF,CA,AWP,WE,Towers with Radar,242,63,6,0,311,0,1,18,0,19,242,64,24,0,330,0,0,0,330
10/22/2011,SMF,CA,AWP,WE,Towers with Radar,176,44,3,0,223,0,0,18,0,18,176,44,21,0,241,4,0,4,245
10/23/2011,SMF,CA,AWP,WE,Towers with Radar,205,50,2,0,257,0,0,18,0,18,205,50,20,0,275,0,0,0,275
10/24/2011,SMF,CA,AWP,WE,Towers with Radar,233,50,4,6,293,0,4,14,6,24,233,54,18,12,317,0,24,24,341
10/25/2011,SMF,CA,AWP,WE,Towers with Radar,234,48,6,25,313,0,5,22,37,64,234,53,28,62,377,4,80,84,461
10/26/2011,SMF,CA,AWP,WE,Towers with Radar,229,54,13,9,305,0,2,22,5,29,229,56,35,14,334,4,6,10,344
10/27/2011,SMF,CA,AWP,WE,Towers with Radar,236,57,14,0,307,0,2,13,0,15,236,59,27,0,322,6,0,6,328
10/28/2011,SMF,CA,AWP,WE,Towers with Radar,239,56,6,0,301,0,4,21,0,25,239,60,27,0,326,4,0,4,330
10/29/2011,SMF,CA,AWP,WE,Towers with Radar,177,38,2,0,217,0,3,4,6,13,177,41,6,6,230,2,8,10,240
10/30/2011,SMF,CA,AWP,WE,Towers with Radar,208,50,6,1,265,0,0,6,1,7,208,50,12,2,272,10,0,10,282
10/31/2011,SMF,CA,AWP,WE,Towers with Radar,214,48,5,2,269,0,3,6,0,9,214,51,11,2,278,0,0,0,278
11/01/2011,SMF,CA,AWP,WE,Towers with Radar,234,49,9,10,302,0,1,3,0,4,234,50,12,10,306,2,8,10,316
11/02/2011,SMF,CA,AWP,WE,Towers with Radar,234,48,21,0,303,1,4,16,0,21,235,52,37,0,324,0,0,0,324
11/03/2011,SMF,CA,AWP,WE,Towers with Radar,240,60,11,0,311,0,1,6,2,9,240,61,17,2,320,0,32,32,352
11/04/2011,SMF,CA,AWP,WE,Towers with Radar,238,57,10,4,309,0,2,11,14,27,238,59,21,18,336,0,28,28,364
11/05/2011,SMF,CA,AWP,WE,Towers with Radar,177,39,8,0,224,0,0,2,0,2,177,39,10,0,226,0,0,0,226
11/06/2011,SMF,CA,AWP,WE,Towers with Radar,215,46,7,1,269,0,0,3,3,6,215,46,10,4,275,8,0,8,283
11/07/2011,SMF,CA,AWP,WE,Towers with Radar,225,65,11,13,314,0,0,14,3,17,225,65,25,16,331,36,0,36,367
11/08/2011,SMF,CA,AWP,WE,Towers with Radar,226,63,9,0,298,0,2,13,2,17,226,65,22,2,315,10,6,16,331
11/09/2011,SMF,CA,AWP,WE,Towers with Radar,230,60,12,13,315,0,2,27,6,35,230,62,39,19,350,16,22,38,388
11/10/2011,SMF,CA,AWP,WE,Towers with Radar,232,67,20,9,328,0,2,13,5,20,232,69,33,14,348,0,16,16,364
11/11/2011,SMF,CA,AWP,WE,Towers with Radar,229,65,8,0,302,0,3,8,0,11,229,68,16,0,313,0,0,0,313
11/12/2011,SMF,CA,AWP,WE,Towers with Radar,170,43,12,0,225,0,1,9,0,10,170,44,21,0,235,2,0,2,237
11/13/2011,SMF,CA,AWP,WE,Towers with Radar,214,52,11,0,277,0,0,4,0,4,214,52,15,0,281,0,0,0,281
11/14/2011,SMF,CA,AWP,WE,Towers with Radar,225,59,15,7,306,0,1,4,11,16,225,60,19,18,322,8,35,43,365
11/15/2011,SMF,CA,AWP,WE,Towers with Radar,229,55,6,16,306,0,2,22,25,49,229,57,28,41,355,20,72,92,447
11/16/2011,SMF,CA,AWP,WE,Towers with Radar,227,73,6,0,306,0,2,23,0,25,227,75,29,0,331,0,0,0,331
11/17/2011,SMF,CA,AWP,WE,Towers with Radar,230,67,10,20,327,0,0,6,18,24,230,67,16,38,351,0,12,12,363
11/18/2011,SMF,CA,AWP,WE,Towers with Radar,235,67,16,4,322,0,0,10,0,10,235,67,26,4,332,0,0,0,332
11/19/2011,SMF,CA,AWP,WE,Towers with Radar,175,44,5,0,224,0,1,6,0,7,175,45,11,0,231,14,0,14,245
11/20/2011,SMF,CA,AWP,WE,Towers with Radar,211,56,10,0,277,0,0,0,0,0,211,56,10,0,277,0,0,0,277
11/21/2011,SMF,CA,AWP,WE,Towers with Radar,223,59,11,0,293,0,0,8,0,8,223,59,19,0,301,14,0,14,315
11/22/2011,SMF,CA,AWP,WE,Towers with Radar,236,62,5,10,313,0,1,11,18,30,236,63,16,28,343,0,32,32,375
11/23/2011,SMF,CA,AWP,WE,Towers with Radar,238,68,3,2,311,0,0,7,0,7,238,68,10,2,318,0,0,0,318
11/24/2011,SMF,CA,AWP,WE,Towers with Radar,160,37,4,0,201,0,0,0,0,0,160,37,4,0,201,0,0,0,201
11/25/2011,SMF,CA,AWP,WE,Towers with Radar,202,57,5,0,264,0,0,6,0,6,202,57,11,0,270,4,0,4,274
11/26/2011,SMF,CA,AWP,WE,Towers with Radar,186,53,8,4,251,0,0,0,0,0,186,53,8,4,251,2,6,8,259
11/27/2011,SMF,CA,AWP,WE,Towers with Radar,237,35,6,0,278,0,0,0,0,0,237,35,6,0,278,0,0,0,278
11/28/2011,SMF,CA,AWP,WE,Towers with Radar,237,51,17,4,309,0,0,7,0,7,237,51,24,4,316,0,6,6,322
11/29/2011,SMF,CA,AWP,WE,Towers with Radar,228,36,10,0,274,0,0,0,0,0,228,36,10,0,274,0,0,0,274
11/30/2011,SMF,CA,AWP,WE,Towers with Radar,225,66,5,6,302,0,2,8,0,10,225,68,13,6,312,0,4,4,316
12/01/2011,SMF,CA,AWP,WE,Towers with Radar,233,68,15,4,320,0,1,12,4,17,233,69,27,8,337,0,14,14,351
12/02/2011,SMF,CA,AWP,WE,Towers with Radar,229,68,12,0,309,0,2,22,0,24,229,70,34,0,333,22,0,22,355
12/03/2011,SMF,CA,AWP,WE,Towers with Radar,167,45,2,17,231,0,1,9,3,13,167,46,11,20,244,12,40,52,296
12/04/2011,SMF,CA,AWP,WE,Towers with Radar,205,48,9,0,262,0,0,17,0,17,205,48,26,0,279,0,0,0,279
12/05/2011,SMF,CA,AWP,WE,Towers with Radar,227,68,7,3,305,0,0,12,9,21,227,68,19,12,326,24,0,24,350
12/06/2011,SMF,CA,AWP,WE,Towers with Radar,222,59,6,2,289,0,2,19,4,25,222,61,25,6,314,6,14,20,334
12/07/2011,SMF,CA,AWP,WE,Towers with Radar,221,61,9,9,300,0,0,10,7,17,221,61,19,16,317,4,32,36,353
12/08/2011,SMF,CA,AWP,WE,Towers with Radar,235,63,14,2,314,0,4,16,0,20,235,67,30,2,334,6,0,6,340
12/09/2011,SMF,CA,AWP,WE,Towers with Radar,227,74,16,0,317,0,0,17,0,17,227,74,33,0,334,0,60,60,394
12/10/2011,SMF,CA,AWP,WE,Towers with Radar,175,45,5,10,235,0,1,11,18,30,175,46,16,28,265,22,0,22,287
12/11/2011,SMF,CA,AWP,WE,Towers with Radar,210,58,13,0,281,0,0,3,0,3,210,58,16,0,284,20,0,20,304
12/12/2011,SMF,CA,AWP,WE,Towers with Radar,221,56,13,11,301,0,0,12,7,19,221,56,25,18,320,0,20,20,340
12/13/2011,SMF,CA,AWP,WE,Towers with Radar,225,60,9,4,298,0,4,10,0,14,225,64,19,4,312,0,0,0,312
12/14/2011,SMF,CA,AWP,WE,Towers with Radar,227,64,9,5,305,0,2,7,13,22,227,66,16,18,327,0,24,24,351
12/15/2011,SMF,CA,AWP,WE,Towers with Radar,232,58,18,10,318,0,0,6,13,19,232,58,24,23,337,10,32,42,379
12/16/2011,SMF,CA,AWP,WE,Towers with Radar,230,69,10,4,313,0,0,18,2,20,230,69,28,6,333,0,14,14,347
12/17/2011,SMF,CA,AWP,WE,Towers with Radar,185,50,9,0,244,0,1,8,0,9,185,51,17,0,253,0,0,0,253
12/18/2011,SMF,CA,AWP,WE,Towers with Radar,210,48,3,0,261,0,0,3,0,3,210,48,6,0,264,0,0,0,264
12/19/2011,SMF,CA,AWP,WE,Towers with Radar,227,62,11,0,300,0,0,4,0,4,227,62,15,0,304,0,4,4,308
12/20/2011,SMF,CA,AWP,WE,Towers with Radar,233,67,14,0,314,1,1,9,0,11,234,68,23,0,325,10,0,10,335
12/21/2011,SMF,CA,AWP,WE,Towers with Radar,235,58,4,5,302,0,2,6,1,9,235,60,10,6,311,36,10,46,357
12/22/2011,SMF,CA,AWP,WE,Towers with Radar,243,71,10,13,337,0,1,8,17,26,243,72,18,30,363,0,34,34,397
12/23/2011,SMF,CA,AWP,WE,Towers with Radar,238,70,5,0,313,0,1,15,0,16,238,71,20,0,329,2,0,2,331
12/24/2011,SMF,CA,AWP,WE,Towers with Radar,173,46,1,2,222,0,0,0,0,0,173,46,1,2,222,6,8,14,236
12/25/2011,SMF,CA,AWP,WE,Towers with Radar,163,39,4,0,206,0,0,4,0,4,163,39,8,0,210,6,0,6,216
12/26/2011,SMF,CA,AWP,WE,Towers with Radar,232,47,3,0,282,0,0,12,0,12,232,47,15,0,294,4,0,4,298
12/27/2011,SMF,CA,AWP,WE,Towers with Radar,235,54,5,0,294,0,0,3,0,3,235,54,8,0,297,14,0,14,311
12/28/2011,SMF,CA,AWP,WE,Towers with Radar,236,63,6,0,305,0,3,7,0,10,236,66,13,0,315,12,0,12,327
12/29/2011,SMF,CA,AWP,WE,Towers with Radar,229,64,7,0,300,0,0,21,0,21,229,64,28,0,321,24,0,24,345
12/30/2011,SMF,CA,AWP,WE,Towers with Radar,239,57,10,0,306,0,0,6,0,6,239,57,16,0,312,0,0,0,312
12/31/2011,SMF,CA,AWP,WE,Towers with Radar,170,39,1,1,211,0,1,0,2,3,170,40,1,3,214,0,6,6,220
01/01/2012,SMF,CA,AWP,WE,Towers with Radar,171,43,4,0,218,0,2,9,0,11,171,45,13,0,229,0,0,0,229
01/02/2012,SMF,CA,AWP,WE,Towers with Radar,228,52,11,0,291,0,0,7,0,7,228,52,18,0,298,0,0,0,298
01/03/2012,SMF,CA,AWP,WE,Towers with Radar,224,53,8,0,285,0,0,5,0,5,224,53,13,0,290,2,0,2,292
01/04/2012,SMF,CA,AWP,WE,Towers with Radar,218,65,7,0,290,0,2,5,0,7,218,67,12,0,297,0,0,0,297
01/05/2012,SMF,CA,AWP,WE,Towers with Radar,225,68,9,0,302,0,0,21,0,21,225,68,30,0,323,20,0,20,343
01/06/2012,SMF,CA,AWP,WE,Towers with Radar,220,72,11,4,307,0,0,11,6,17,220,72,22,10,324,6,18,24,348
01/07/2012,SMF,CA,AWP,WE,Towers with Radar,169,42,3,15,229,0,1,12,1,14,169,43,15,16,243,6,12,18,261
01/08/2012,SMF,CA,AWP,WE,Towers with Radar,194,46,8,0,248,0,0,12,0,12,194,46,20,0,260,8,0,8,268
01/09/2012,SMF,CA,AWP,WE,Towers with Radar,211,60,7,16,294,0,1,21,3,25,211,61,28,19,319,50,46,96,415
01/10/2012,SMF,CA,AWP,WE,Towers with Radar,211,62,11,3,287,0,5,13,4,22,211,67,24,7,309,10,8,18,327
01/11/2012,SMF,CA,AWP,WE,Towers with Radar,206,60,7,11,284,0,2,12,1,15,206,62,19,12,299,10,16,26,325
01/12/2012,SMF,CA,AWP,WE,Towers with Radar,214,67,8,5,294,0,2,9,2,13,214,69,17,7,307,0,0,0,307
01/13/2012,SMF,CA,AWP,WE,Towers with Radar,212,67,13,10,302,0,2,14,3,19,212,69,27,13,321,4,28,32,353
01/14/2012,SMF,CA,AWP,WE,Towers with Radar,159,41,2,0,202,0,2,5,0,7,159,43,7,0,209,4,0,4,213
01/15/2012,SMF,CA,AWP,WE,Towers with Radar,177,46,3,0,226,0,0,12,6,18,177,46,15,6,244,0,10,10,254
01/16/2012,SMF,CA,AWP,WE,Towers with Radar,211,63,8,0,282,0,0,3,0,3,211,63,11,0,285,0,0,0,285
01/17/2012,SMF,CA,AWP,WE,Towers with Radar,215,62,11,10,298,0,4,7,0,11,215,66,18,10,309,10,8,18,327
01/18/2012,SMF,CA,AWP,WE,Towers with Radar,201,71,8,12,292,0,0,9,0,9,201,71,17,12,301,0,10,10,311
01/19/2012,SMF,CA,AWP,WE,Towers with Radar,204,77,10,17,308,0,0,4,7,11,204,77,14,24,319,0,22,22,341
01/20/2012,SMF,CA,AWP,WE,Towers with Radar,210,63,7,0,280,0,0,0,0,0,210,63,7,0,280,0,0,0,280
01/21/2012,SMF,CA,AWP,WE,Towers with Radar,164,44,1,0,209,0,1,2,0,3,164,45,3,0,212,2,0,2,214
01/22/2012,SMF,CA,AWP,WE,Towers with Radar,186,47,4,0,237,0,0,0,0,0,186,47,4,0,237,2,0,2,239
01/23/2012,SMF,CA,AWP,WE,Towers with Radar,210,54,9,16,289,0,1,3,0,4,210,55,12,16,293,0,32,32,325
01/24/2012,SMF,CA,AWP,WE,Towers with Radar,217,51,12,0,280,0,0,10,0,10,217,51,22,0,290,2,0,2,292
01/25/2012,SMF,CA,AWP,WE,Towers with Radar,207,64,10,2,283,0,1,15,0,16,207,65,25,2,299,4,0,4,303
01/26/2012,SMF,CA,AWP,WE,Towers with Radar,213,67,9,2,291,0,0,0,0,0,213,67,9,2,291,0,0,0,291
01/27/2012,SMF,CA,AWP,WE,Towers with Radar,213,73,10,3,299,0,3,9,6,18,213,76,19,9,317,20,0,20,337
01/28/2012,SMF,CA,AWP,WE,Towers with Radar,162,44,5,0,211,0,1,8,0,9,162,45,13,0,220,4,0,4,224
01/29/2012,SMF,CA,AWP,WE,Towers with Radar,189,51,4,0,244,0,0,5,0,5,189,51,9,0,249,6,0,6,255
01/30/2012,SMF,CA,AWP,WE,Towers with Radar,208,60,6,8,282,0,2,16,10,28,208,62,22,18,310,6,32,38,348
01/31/2012,SMF,CA,AWP,WE,Towers with Radar,206,49,14,0,269,0,0,14,0,14,206,49,28,0,283,10,0,10,293
02/01/2012,SMF,CA,AWP,WE,Towers with Radar,202,61,7,1,271,0,2,6,3,11,202,63,13,4,282,4,0,4,286
02/02/2012,SMF,CA,AWP,WE,Towers with Radar,222,66,11,1,300,0,1,7,11,19,222,67,18,12,319,30,10,40,359
02/03/2012,SMF,CA,AWP,WE,Towers with Radar,207,70,13,2,292,0,1,11,0,12,207,71,24,2,304,2,0,2,306
02/04/2012,SMF,CA,AWP,WE,Towers with Radar,160,42,0,0,202,0,2,18,0,20,160,44,18,0,222,80,0,80,302
02/05/2012,SMF,CA,AWP,WE,Towers with Radar,185,48,4,1,238,0,0,7,1,8,185,48,11,2,246,0,0,0,246
02/06/2012,SMF,CA,AWP,WE,Towers with Radar,208,57,10,0,275,0,2,22,0,24,208,59,32,0,299,16,0,16,315
02/07/2012,SMF,CA,AWP,WE,Towers with Radar,208,53,12,9,282,0,0,5,1,6,208,53,17,10,288,0,0,0,288
02/08/2012,SMF,CA,AWP,WE,Towers with Radar,214,60,11,6,291,0,2,13,12,27,214,62,24,18,318,6,36,42,360
02/09/2012,SMF,CA,AWP,WE,Towers with Radar,213,65,10,1,289,0,1,11,5,17,213,66,21,6,306,16,8,24,330
02/10/2012,SMF,CA,AWP,WE,Towers with Radar,217,64,17,4,302,0,0,9,0,9,217,64,26,4,311,4,0,4,315
02/11/2012,SMF,CA,AWP,WE,Towers with Radar,164,41,8,0,213,0,2,4,0,6,164,43,12,0,219,22,0,22,241
02/12/2012,SMF,CA,AWP,WE,Towers with Radar,194,47,7,0,248,0,0,1,0,1,194,47,8,0,249,4,0,4,253
02/13/2012,SMF,CA,AWP,WE,Towers with Radar,221,68,11,0,300,0,0,9,0,9,221,68,20,0,309,2,0,2,311
02/14/2012,SMF,CA,AWP,WE,Towers with Radar,217,57,5,5,284,0,0,5,22,27,217,57,10,27,311,20,64,84,395
02/15/2012,SMF,CA,AWP,WE,Towers with Radar,218,66,13,6,303,0,2,12,12,26,218,68,25,18,329,14,48,62,391
02/16/2012,SMF,CA,AWP,WE,Towers with Radar,224,61,7,9,301,0,1,24,4,29,224,62,31,13,330,14,24,38,368
02/17/2012,SMF,CA,AWP,WE,Towers with Radar,231,62,10,0,303,0,3,15,6,24,231,65,25,6,327,22,2,24,351
02/18/2012,SMF,CA,AWP,WE,Towers with Radar,163,53,6,0,222,0,17,2,0,19,163,70,8,0,241,64,0,64,305
02/19/2012,SMF,CA,AWP,WE,Towers with Radar,189,48,3,0,240,0,3,11,0,14,189,51,14,0,254,14,0,14,268
02/20/2012,SMF,CA,AWP,WE,Towers with Radar,223,57,4,0,284,0,3,6,0,9,223,60,10,0,293,10,0,10,303
02/21/2012,SMF,CA,AWP,WE,Towers with Radar,222,55,10,4,291,0,2,7,0,9,222,57,17,4,300,6,14,20,320
02/22/2012,SMF,CA,AWP,WE,Towers with Radar,221,57,7,0,285,0,2,17,0,19,221,59,24,0,304,24,0,24,328
02/23/2012,SMF,CA,AWP,WE,Towers with Radar,227,62,10,0,299,0,4,10,4,18,227,66,20,4,317,0,0,0,317
02/24/2012,SMF,CA,AWP,WE,Towers with Radar,227,60,12,10,309,0,4,15,4,23,227,64,27,14,332,28,0,28,360
02/25/2012,SMF,CA,AWP,WE,Towers with Radar,159,48,2,0,209,0,1,4,0,5,159,49,6,0,214,2,0,2,216
02/26/2012,SMF,CA,AWP,WE,Towers with Radar,199,51,3,0,253,0,0,3,0,3,199,51,6,0,256,2,0,2,258
02/27/2012,SMF,CA,AWP,WE,Towers with Radar,224,60,7,11,302,0,0,3,6,9,224,60,10,17,311,0,34,34,345
02/28/2012,SMF,CA,AWP,WE,Towers with Radar,223,55,10,2,290,0,0,4,0,4,223,55,14,2,294,4,6,10,304
02/29/2012,SMF,CA,AWP,WE,Towers with Radar,217,64,13,0,294,0,0,2,0,2,217,64,15,0,296,0,0,0,296
03/01/2012,SMF,CA,AWP,WE,Towers with Radar,233,61,20,16,330,0,1,8,2,11,233,62,28,18,341,10,0,10,351
03/02/2012,SMF,CA,AWP,WE,Towers with Radar,232,54,9,0,295,0,3,28,2,33,232,57,37,2,328,32,0,32,360
03/03/2012,SMF,CA,AWP,WE,Towers with Radar,164,45,6,0,215,0,1,26,6,33,164,46,32,6,248,66,0,66,314
03/04/2012,SMF,CA,AWP,WE,Towers with Radar,206,42,9,0,257,0,2,6,0,8,206,44,15,0,265,0,0,0,265
03/05/2012,SMF,CA,AWP,WE,Towers with Radar,230,52,6,2,290,0,4,23,0,27,230,56,29,2,317,2,12,14,331
03/06/2012,SMF,CA,AWP,WE,Towers with Radar,235,51,6,11,303,0,2,7,9,18,235,53,13,20,321,6,44,50,371
03/07/2012,SMF,CA,AWP,WE,Towers with Radar,231,56,15,12,314,0,4,5,0,9,231,60,20,12,323,14,0,14,337
03/08/2012,SMF,CA,AWP,WE,Towers with Radar,231,62,15,5,313,0,2,15,1,18,231,64,30,6,331,0,0,0,331
03/09/2012,SMF,CA,AWP,WE,Towers with Radar,239,56,19,2,316,0,4,15,25,44,239,60,34,27,360,2,44,46,406
03/10/2012,SMF,CA,AWP,WE,Towers with Radar,167,46,0,0,213,0,1,4,0,5,167,47,4,0,218,2,0,2,220
03/11/2012,SMF,CA,AWP,WE,Towers with Radar,217,46,7,0,270,0,0,4,0,4,217,46,11,0,274,0,0,0,274
03/12/2012,SMF,CA,AWP,WE,Towers with Radar,234,57,17,5,313,0,1,10,7,18,234,58,27,12,331,32,44,76,407
03/13/2012,SMF,CA,AWP,WE,Towers with Radar,227,45,10,8,290,0,0,0,2,2,227,45,10,10,292,2,26,28,320
03/14/2012,SMF,CA,AWP,WE,Towers with Radar,226,53,14,10,303,0,0,0,0,0,226,53,14,10,303,4,0,4,307
03/15/2012,SMF,CA,AWP,WE,Towers with Radar,228,51,8,10,297,0,0,5,0,5,228,51,13,10,302,18,8,26,328
03/16/2012,SMF,CA,AWP,WE,Towers with Radar,237,56,10,18,321,0,0,0,0,0,237,56,10,18,321,0,0,0,321
03/17/2012,SMF,CA,AWP,WE,Towers with Radar,172,46,9,0,227,0,0,2,0,2,172,46,11,0,229,14,0,14,243
03/18/2012,SMF,CA,AWP,WE,Towers with Radar,216,46,4,5,271,0,0,3,5,8,216,46,7,10,279,0,22,22,301
03/19/2012,SMF,CA,AWP,WE,Towers with Radar,229,51,3,8,291,0,2,9,0,11,229,53,12,8,302,6,12,18,320
03/20/2012,SMF,CA,AWP,WE,Towers with Radar,225,52,16,5,298,0,1,4,6,11,225,53,20,11,309,0,22,22,331
03/21/2012,SMF,CA,AWP,WE,Towers with Radar,233,52,7,1,293,0,3,4,3,10,233,55,11,4,303,10,0,10,313
03/22/2012,SMF,CA,AWP,WE,Towers with Radar,234,59,12,10,315,0,1,8,3,12,234,60,20,13,327,0,14,14,341
03/23/2012,SMF,CA,AWP,WE,Towers with Radar,236,56,6,5,303,0,4,14,7,25,236,60,20,12,328,0,20,20,348
03/24/2012,SMF,CA,AWP,WE,Towers with Radar,171,48,11,0,230,0,1,10,1,12,171,49,21,1,242,2,16,18,260
03/25/2012,SMF,CA,AWP,WE,Towers with Radar,225,49,6,0,280,0,0,2,0,2,225,49,8,0,282,0,0,0,282
03/26/2012,SMF,CA,AWP,WE,Towers with Radar,226,55,17,4,302,0,1,12,5,18,226,56,29,9,320,2,18,20,340
03/27/2012,SMF,CA,AWP,WE,Towers with Radar,223,53,5,16,297,0,2,5,6,13,223,55,10,22,310,12,16,28,338
03/28/2012,SMF,CA,AWP,WE,Towers with Radar,229,58,9,18,314,0,2,1,6,9,229,60,10,24,323,0,20,20,343
03/29/2012,SMF,CA,AWP,WE,Towers with Radar,230,59,17,20,326,0,1,4,10,15,230,60,21,30,341,0,40,40,381
03/30/2012,SMF,CA,AWP,WE,Towers with Radar,235,62,12,4,313,0,0,17,0,17,235,62,29,4,330,2,8,10,340
03/31/2012,SMF,CA,AWP,WE,Towers with Radar,178,43,5,0,226,0,0,0,0,0,178,43,5,0,226,0,0,0,226
04/01/2012,SMF,CA,AWP,WE,Towers with Radar,211,46,7,0,264,0,0,4,1,5,211,46,11,1,269,0,0,0,269
04/02/2012,SMF,CA,AWP,WE,Towers with Radar,221,55,8,0,284,0,2,6,4,12,221,57,14,4,296,24,22,46,342
04/03/2012,SMF,CA,AWP,WE,Towers with Radar,228,62,13,18,321,0,3,7,4,14,228,65,20,22,335,2,40,42,377
04/04/2012,SMF,CA,AWP,WE,Towers with Radar,227,59,6,18,310,0,1,4,0,5,227,60,10,18,315,34,36,70,385
04/05/2012,SMF,CA,AWP,WE,Towers with Radar,225,60,13,4,302,0,5,6,0,11,225,65,19,4,313,0,6,6,319
04/06/2012,SMF,CA,AWP,WE,Towers with Radar,223,63,9,0,295,0,6,23,0,29,223,69,32,0,324,2,0,2,326
04/07/2012,SMF,CA,AWP,WE,Towers with Radar,170,50,8,0,228,0,1,11,0,12,170,51,19,0,240,2,0,2,242
04/08/2012,SMF,CA,AWP,WE,Towers with Radar,213,40,6,0,259,0,0,2,0,2,213,40,8,0,261,4,0,4,265
04/09/2012,SMF,CA,AWP,WE,Towers with Radar,223,56,19,24,322,0,3,11,10,24,223,59,30,34,346,24,36,60,406
04/10/2012,SMF,CA,AWP,WE,Towers with Radar,227,44,14,10,295,0,0,6,0,6,227,44,20,10,301,2,8,10,311
04/11/2012,SMF,CA,AWP,WE,Towers with Radar,231,59,17,5,312,0,2,1,4,7,231,61,18,9,319,0,16,16,335
04/12/2012,SMF,CA,AWP,WE,Towers with Radar,246,59,8,6,319,0,0,6,6,12,246,59,14,12,331,16,8,24,355
04/13/2012,SMF,CA,AWP,WE,Towers with Radar,234,64,12,0,310,0,1,2,0,3,234,65,14,0,313,0,0,0,313
04/14/2012,SMF,CA,AWP,WE,Towers with Radar,171,53,9,4,237,0,1,12,16,29,171,54,21,20,266,8,40,48,314
04/15/2012,SMF,CA,AWP,WE,Towers with Radar,207,47,8,0,262,0,4,5,0,9,207,51,13,0,271,4,0,4,275
04/16/2012,SMF,CA,AWP,WE,Towers with Radar,221,59,9,1,290,0,3,9,3,15,221,62,18,4,305,0,14,14,319
04/17/2012,SMF,CA,AWP,WE,Towers with Radar,226,55,6,1,288,0,2,9,11,22,226,57,15,12,310,0,22,22,332
04/18/2012,SMF,CA,AWP,WE,Towers with Radar,229,60,8,11,308,0,2,21,7,30,229,62,29,18,338,16,28,44,382
04/19/2012,SMF,CA,AWP,WE,Towers with Radar,228,60,8,0,296,0,6,8,0,14,228,66,16,0,310,6,0,6,316
04/20/2012,SMF,CA,AWP,WE,Towers with Radar,227,67,2,0,296,0,29,20,0,49,227,96,22,0,345,40,0,40,385
04/21/2012,SMF,CA,AWP,WE,Towers with Radar,175,49,2,0,226,0,5,4,0,9,175,54,6,0,235,6,0,6,241
04/22/2012,SMF,CA,AWP,WE,Towers with Radar,207,45,11,0,263,0,0,21,0,21,207,45,32,0,284,4,0,4,288
04/23/2012,SMF,CA,AWP,WE,Towers with Radar,222,52,11,4,289,0,0,2,0,2,222,52,13,4,291,10,10,20,311
04/24/2012,SMF,CA,AWP,WE,Towers with Radar,223,52,17,2,294,0,5,5,3,13,223,57,22,5,307,8,18,26,333
04/25/2012,SMF,CA,AWP,WE,Towers with Radar,232,59,10,0,301,0,1,3,0,4,232,60,13,0,305,0,0,0,305
04/26/2012,SMF,CA,AWP,WE,Towers with Radar,231,63,14,8,316,0,7,17,0,24,231,70,31,8,340,0,20,20,360
04/27/2012,SMF,CA,AWP,WE,Towers with Radar,226,68,8,1,303,0,4,21,0,25,226,72,29,1,328,26,0,26,354
04/28/2012,SMF,CA,AWP,WE,Towers with Radar,167,50,9,0,226,0,0,13,0,13,167,50,22,0,239,44,0,44,283
04/29/2012,SMF,CA,AWP,WE,Towers with Radar,208,45,4,0,257,0,0,7,0,7,208,45,11,0,264,12,0,12,276
04/30/2012,SMF,CA,AWP,WE,Towers with Radar,221,57,5,0,283,0,4,5,0,9,221,61,10,0,292,0,0,0,292
05/01/2012,SMF,CA,AWP,WE,Towers with Radar,224,52,6,15,297,0,12,5,12,29,224,64,11,27,326,34,56,90,416
05/02/2012,SMF,CA,AWP,WE,Towers with Radar,227,67,18,0,312,0,1,1,0,2,227,68,19,0,314,0,0,0,314
05/03/2012,SMF,CA,AWP,WE,Towers with Radar,237,60,17,5,319,0,1,11,1,13,237,61,28,6,332,0,6,6,338
05/04/2012,SMF,CA,AWP,WE,Towers with Radar,239,61,7,18,325,0,3,15,0,18,239,64,22,18,343,4,24,28,371
05/05/2012,SMF,CA,AWP,WE,Towers with Radar,182,41,2,0,225,0,1,8,0,9,182,42,10,0,234,0,0,0,234
05/06/2012,SMF,CA,AWP,WE,Towers with Radar,218,50,8,0,276,0,0,55,0,55,218,50,63,0,331,90,0,90,421
05/07/2012,SMF,CA,AWP,WE,Towers with Radar,233,49,5,6,293,0,4,15,0,19,233,53,20,6,312,10,26,36,348
05/08/2012,SMF,CA,AWP,WE,Towers with Radar,232,57,13,1,303,0,0,8,4,12,232,57,21,5,315,0,14,14,329
05/09/2012,SMF,CA,AWP,WE,Towers with Radar,231,60,7,0,298,0,2,12,8,22,231,62,19,8,320,6,8,14,334
05/10/2012,SMF,CA,AWP,WE,Towers with Radar,244,60,13,0,317,0,11,10,0,21,244,71,23,0,338,34,0,34,372
05/11/2012,SMF,CA,AWP,WE,Towers with Radar,242,63,8,0,313,0,3,23,0,26,242,66,31,0,339,2,0,2,341
05/12/2012,SMF,CA,AWP,WE,Towers with Radar,183,38,6,0,227,0,1,8,0,9,183,39,14,0,236,2,0,2,238
05/13/2012,SMF,CA,AWP,WE,Towers with Radar,228,40,4,0,272,0,4,4,0,8,228,44,8,0,280,0,0,0,280
05/14/2012,SMF,CA,AWP,WE,Towers with Radar,231,50,11,20,312,0,5,12,2,19,231,55,23,22,331,26,44,70,401
05/15/2012,SMF,CA,AWP,WE,Towers with Radar,229,52,4,4,289,0,0,8,10,18,229,52,12,14,307,4,18,22,329
05/16/2012,SMF,CA,AWP,WE,Towers with Radar,228,57,11,0,296,0,2,20,0,22,228,59,31,0,318,0,10,10,328
05/17/2012,SMF,CA,AWP,WE,Towers with Radar,238,60,13,1,312,0,2,11,3,16,238,62,24,4,328,4,0,4,332
05/18/2012,SMF,CA,AWP,WE,Towers with Radar,240,54,15,1,310,0,3,31,0,34,240,57,46,1,344,0,2,2,346
05/19/2012,SMF,CA,AWP,WE,Towers with Radar,183,40,7,0,230,0,1,13,3,17,183,41,20,3,247,10,4,14,261
05/20/2012,SMF,CA,AWP,WE,Towers with Radar,218,47,10,1,276,1,2,16,0,19,219,49,26,1,295,18,0,18,313
05/21/2012,SMF,CA,AWP,WE,Towers with Radar,231,46,13,6,296,0,3,9,3,15,231,49,22,9,311,6,10,16,327
05/22/2012,SMF,CA,AWP,WE,Towers with Radar,230,55,10,11,306,0,3,20,11,34,230,58,30,22,340,0,62,62,402
05/23/2012,SMF,CA,AWP,WE,Towers with Radar,232,59,11,27,329,0,5,10,24,39,232,64,21,51,368,4,128,132,500
05/24/2012,SMF,CA,AWP,WE,Towers with Radar,236,56,13,2,307,0,3,28,4,35,236,59,41,6,342,12,36,48,390
05/25/2012,SMF,CA,AWP,WE,Towers with Radar,243,60,11,0,314,0,2,17,0,19,243,62,28,0,333,2,0,2,335
05/26/2012,SMF,CA,AWP,WE,Towers with Radar,163,40,2,0,205,0,1,4,3,8,163,41,6,3,213,40,0,40,253
05/27/2012,SMF,CA,AWP,WE,Towers with Radar,182,37,4,0,223,0,0,10,0,10,182,37,14,0,233,0,0,0,233
05/28/2012,SMF,CA,AWP,WE,Towers with Radar,207,47,5,0,259,0,8,12,2,22,207,55,17,2,281,10,22,32,313
05/29/2012,SMF,CA,AWP,WE,Towers with Radar,226,48,15,8,297,0,2,12,1,15,226,50,27,9,312,12,16,28,340
05/30/2012,SMF,CA,AWP,WE,Towers with Radar,224,59,4,0,287,0,3,13,0,16,224,62,17,0,303,6,8,14,317
05/31/2012,SMF,CA,AWP,WE,Towers with Radar,239,56,10,12,317,0,4,14,2,20,239,60,24,14,337,0,18,18,355
06/01/2012,SMF,CA,AWP,WE,Towers with Radar,236,55,11,0,302,0,3,16,0,19,236,58,27,0,321,0,0,0,321
06/02/2012,SMF,CA,AWP,WE,Towers with Radar,183,37,3,0,223,0,8,11,4,23,183,45,14,4,246,32,4,36,282
06/03/2012,SMF,CA,AWP,WE,Towers with Radar,221,40,10,0,271,0,3,15,0,18,221,43,25,0,289,14,0,14,303
06/04/2012,SMF,CA,AWP,WE,Towers with Radar,236,51,12,0,299,0,3,3,0,6,236,54,15,0,305,0,0,0,305
06/05/2012,SMF,CA,AWP,WE,Towers with Radar,239,50,6,0,295,0,3,12,6,21,239,53,18,6,316,6,12,18,334
06/06/2012,SMF,CA,AWP,WE,Towers with Radar,231,57,12,1,301,0,1,10,3,14,231,58,22,4,315,6,22,28,343
06/07/2012,SMF,CA,AWP,WE,Towers with Radar,241,56,4,0,301,0,3,19,7,29,241,59,23,7,330,10,16,26,356
06/08/2012,SMF,CA,AWP,WE,Towers with Radar,243,58,13,0,314,0,3,15,0,18,243,61,28,0,332,0,0,0,332
06/09/2012,SMF,CA,AWP,WE,Towers with Radar,204,41,4,0,249,0,4,9,0,13,204,45,13,0,262,20,0,20,282
06/10/2012,SMF,CA,AWP,WE,Towers with Radar,225,43,6,0,274,0,4,12,0,16,225,47,18,0,290,14,0,14,304
06/11/2012,SMF,CA,AWP,WE,Towers with Radar,237,57,10,18,322,0,3,25,14,42,237,60,35,32,364,22,90,112,476
06/12/2012,SMF,CA,AWP,WE,Towers with Radar,233,56,7,8,304,0,3,10,2,15,233,59,17,10,319,0,38,38,357
06/13/2012,SMF,CA,AWP,WE,Towers with Radar,238,56,7,18,319,0,6,14,2,22,238,62,21,20,341,0,58,58,399
06/14/2012,SMF,CA,AWP,WE,Towers with Radar,239,66,7,12,324,0,4,7,0,11,239,70,14,12,335,2,10,12,347
06/15/2012,SMF,CA,AWP,WE,Towers with Radar,241,54,10,0,305,0,4,11,0,15,241,58,21,0,320,0,0,0,320
06/16/2012,SMF,CA,AWP,WE,Towers with Radar,207,48,4,0,259,0,2,15,0,17,207,50,19,0,276,18,0,18,294
06/17/2012,SMF,CA,AWP,WE,Towers with Radar,225,54,6,0,285,0,5,9,0,14,225,59,15,0,299,66,0,66,365
06/18/2012,SMF,CA,AWP,WE,Towers with Radar,230,48,10,9,297,0,3,11,0,14,230,51,21,9,311,0,12,12,323
06/19/2012,SMF,CA,AWP,WE,Towers with Radar,243,57,17,13,330,0,5,13,5,23,243,62,30,18,353,14,28,42,395
06/20/2012,SMF,CA,AWP,WE,Towers with Radar,240,62,3,0,305,0,1,15,0,16,240,63,18,0,321,18,0,18,339
06/21/2012,SMF,CA,AWP,WE,Towers with Radar,241,51,10,10,312,0,16,24,11,51,241,67,34,21,363,14,12,26,389
06/22/2012,SMF,CA,AWP,WE,Towers with Radar,239,55,9,11,314,0,5,8,1,14,239,60,17,12,328,20,16,36,364
06/23/2012,SMF,CA,AWP,WE,Towers with Radar,206,48,2,0,256,0,1,13,0,14,206,49,15,0,270,0,0,0,270
06/24/2012,SMF,CA,AWP,WE,Towers with Radar,227,41,9,0,277,0,0,11,0,11,227,41,20,0,288,0,0,0,288
06/25/2012,SMF,CA,AWP,WE,Towers with Radar,232,59,7,0,298,0,0,16,0,16,232,59,23,0,314,8,10,18,332
06/26/2012,SMF,CA,AWP,WE,Towers with Radar,246,56,14,4,320,0,8,13,12,33,246,64,27,16,353,0,34,34,387
06/27/2012,SMF,CA,AWP,WE,Towers with Radar,239,62,5,8,314,0,6,11,2,19,239,68,16,10,333,0,6,6,339
06/28/2012,SMF,CA,AWP,WE,Towers with Radar,246,55,8,6,315,0,7,27,2,36,246,62,35,8,351,36,30,66,417
06/29/2012,SMF,CA,AWP,WE,Towers with Radar,245,52,13,11,321,0,4,16,3,23,245,56,29,14,344,4,10,14,358
06/30/2012,SMF,CA,AWP,WE,Towers with Radar,204,40,4,1,249,0,1,10,0,11,204,41,14,1,260,0,0,0,260
07/01/2012,SMF,CA,AWP,WE,Towers with Radar,227,45,9,0,281,0,4,8,0,12,227,49,17,0,293,0,0,0,293
07/02/2012,SMF,CA,AWP,WE,Towers with Radar,235,46,7,16,304,0,4,13,2,19,235,50,20,18,323,8,58,66,389
07/03/2012,SMF,CA,AWP,WE,Towers with Radar,242,52,7,0,301,0,3,10,2,15,242,55,17,2,316,0,0,0,316
07/04/2012,SMF,CA,AWP,WE,Towers with Radar,201,39,3,0,243,0,0,2,0,2,201,39,5,0,245,0,0,0,245
07/05/2012,SMF,CA,AWP,WE,Towers with Radar,237,49,14,16,316,0,4,26,0,30,237,53,40,16,346,6,14,20,366
07/06/2012,SMF,CA,AWP,WE,Towers with Radar,243,51,2,14,310,0,2,9,0,11,243,53,11,14,321,8,34,42,363
07/07/2012,SMF,CA,AWP,WE,Towers with Radar,199,42,11,0,252,0,3,12,0,15,199,45,23,0,267,32,0,32,299
07/08/2012,SMF,CA,AWP,WE,Towers with Radar,235,42,10,0,287,0,0,15,0,15,235,42,25,0,302,16,0,16,318
07/09/2012,SMF,CA,AWP,WE,Towers with Radar,238,46,4,3,291,0,5,6,1,12,238,51,10,4,303,0,0,0,303
07/10/2012,SMF,CA,AWP,WE,Towers with Radar,245,54,5,3,307,0,3,21,0,24,245,57,26,3,331,28,0,28,359
07/11/2012,SMF,CA,AWP,WE,Towers with Radar,250,49,11,0,310,0,2,17,0,19,250,51,28,0,329,16,0,16,345
07/12/2012,SMF,CA,AWP,WE,Towers with Radar,256,47,6,7,316,0,5,25,1,31,256,52,31,8,347,22,16,38,385
07/13/2012,SMF,CA,AWP,WE,Towers with Radar,251,66,14,10,341,0,9,9,32,50,251,75,23,42,391,40,60,100,491
07/14/2012,SMF,CA,AWP,WE,Towers with Radar,221,45,8,0,274,0,0,22,0,22,221,45,30,0,296,14,0,14,310
07/15/2012,SMF,CA,AWP,WE,Towers with Radar,238,38,12,0,288,0,10,11,1,22,238,48,23,1,310,12,0,12,322
07/16/2012,SMF,CA,AWP,WE,Towers with Radar,245,38,9,0,292,0,0,16,8,24,245,38,25,8,316,0,4,4,320
07/17/2012,SMF,CA,AWP,WE,Towers with Radar,246,49,20,0,315,0,3,21,0,24,246,52,41,0,339,14,0,14,353
07/18/2012,SMF,CA,AWP,WE,Towers with Radar,246,54,14,0,314,0,3,17,4,24,246,57,31,4,338,0,0,0,338
07/19/2012,SMF,CA,AWP,WE,Towers with Radar,256,51,4,8,319,0,4,16,0,20,256,55,20,8,339,0,0,0,339
07/20/2012,SMF,CA,AWP,WE,Towers with Radar,254,45,17,9,325,0,1,18,1,20,254,46,35,10,345,2,12,14,359
07/21/2012,SMF,CA,AWP,WE,Towers with Radar,215,37,5,0,257,0,1,21,0,22,215,38,26,0,279,4,0,4,283
07/22/2012,SMF,CA,AWP,WE,Towers with Radar,240,33,14,0,287,0,1,20,0,21,240,34,34,0,308,0,0,0,308
07/23/2012,SMF,CA,AWP,WE,Towers with Radar,247,38,15,7,307,0,3,28,7,38,247,41,43,14,345,10,14,24,369
07/24/2012,SMF,CA,AWP,WE,Towers with Radar,251,53,14,5,323,0,5,16,4,25,251,58,30,9,348,0,16,16,364
07/25/2012,SMF,CA,AWP,WE,Towers with Radar,245,45,5,4,299,0,3,11,10,24,245,48,16,14,323,0,26,26,349
07/26/2012,SMF,CA,AWP,WE,Towers with Radar,256,48,10,7,321,0,4,24,17,45,256,52,34,24,366,6,44,50,416
07/27/2012,SMF,CA,AWP,WE,Towers with Radar,250,44,11,11,316,0,4,11,5,20,250,48,22,16,336,0,28,28,364
07/28/2012,SMF,CA,AWP,WE,Towers with Radar,212,41,7,0,260,0,1,19,0,20,212,42,26,0,280,44,0,44,324
07/29/2012,SMF,CA,AWP,WE,Towers with Radar,234,40,8,0,282,0,2,14,0,16,234,42,22,0,298,0,0,0,298
07/30/2012,SMF,CA,AWP,WE,Towers with Radar,246,41,11,3,301,0,3,42,1,46,246,44,53,4,347,28,26,54,401
07/31/2012,SMF,CA,AWP,WE,Towers with Radar,245,48,19,16,328,0,4,12,4,20,245,52,31,20,348,16,26,42,390
08/01/2012,SMF,CA,AWP,WE,Towers with Radar,238,47,15,12,312,0,1,39,8,48,238,48,54,20,360,74,36,110,470
08/02/2012,SMF,CA,AWP,WE,Towers with Radar,255,41,12,0,308,0,4,17,0,21,255,45,29,0,329,8,0,8,337
08/03/2012,SMF,CA,AWP,WE,Towers with Radar,257,42,13,5,317,0,3,16,0,19,257,45,29,5,336,0,0,0,336
08/04/2012,SMF,CA,AWP,WE,Towers with Radar,211,38,6,0,255,0,1,5,0,6,211,39,11,0,261,0,0,0,261
08/05/2012,SMF,CA,AWP,WE,Towers with Radar,232,34,7,0,273,0,2,3,0,5,232,36,10,0,278,16,0,16,294
08/06/2012,SMF,CA,AWP,WE,Towers with Radar,249,47,10,0,306,0,2,8,0,10,249,49,18,0,316,0,0,0,316
08/07/2012,SMF,CA,AWP,WE,Towers with Radar,247,47,7,5,306,0,5,22,2,29,247,52,29,7,335,40,20,60,395
08/08/2012,SMF,CA,AWP,WE,Towers with Radar,249,50,8,2,309,0,3,9,4,16,249,53,17,6,325,0,8,8,333
08/09/2012,SMF,CA,AWP,WE,Towers with Radar,252,53,9,2,316,0,9,15,0,24,252,62,24,2,340,32,0,32,372
08/10/2012,SMF,CA,AWP,WE,Towers with Radar,249,48,10,0,307,0,0,10,0,10,249,48,20,0,317,10,0,10,327
08/11/2012,SMF,CA,AWP,WE,Towers with Radar,214,33,4,0,251,0,3,12,0,15,214,36,16,0,266,0,0,0,266
08/12/2012,SMF,CA,AWP,WE,Towers with Radar,231,31,6,0,268,0,2,26,0,28,231,33,32,0,296,20,0,20,316
08/13/2012,SMF,CA,AWP,WE,Towers with Radar,244,46,13,9,312,0,2,12,0,14,244,48,25,9,326,32,46,78,404
08/14/2012,SMF,CA,AWP,WE,Towers with Radar,242,51,8,8,309,0,2,24,0,26,242,53,32,8,335,14,18,32,367
08/15/2012,SMF,CA,AWP,WE,Towers with Radar,240,57,11,2,310,0,0,16,4,20,240,57,27,6,330,26,14,40,370
08/16/2012,SMF,CA,AWP,WE,Towers with Radar,246,52,8,11,317,0,0,16,3,19,246,52,24,14,336,6,30,36,372
08/17/2012,SMF,CA,AWP,WE,Towers with Radar,258,48,14,0,320,0,4,17,6,27,258,52,31,6,347,46,24,70,417
08/18/2012,SMF,CA,AWP,WE,Towers with Radar,199,38,4,7,248,0,2,19,5,26,199,40,23,12,274,14,16,30,304
08/19/2012,SMF,CA,AWP,WE,Towers with Radar,226,39,12,7,284,0,4,11,0,15,226,43,23,7,299,10,0,10,309
08/20/2012,SMF,CA,AWP,WE,Towers with Radar,239,46,7,3,295,0,2,26,1,29,239,48,33,4,324,32,0,32,356
08/21/2012,SMF,CA,AWP,WE,Towers with Radar,241,49,3,0,293,0,4,30,12,46,241,53,33,12,339,38,16,54,393
08/22/2012,SMF,CA,AWP,WE,Towers with Radar,244,46,6,0,296,0,4,27,0,31,244,50,33,0,327,34,0,34,361
08/23/2012,SMF,CA,AWP,WE,Towers with Radar,248,50,6,0,304,0,10,19,10,39,248,60,25,10,343,20,14,34,377
08/24/2012,SMF,CA,AWP,WE,Towers with Radar,247,47,4,1,299,0,3,13,0,16,247,50,17,1,315,46,0,46,361
08/25/2012,SMF,CA,AWP,WE,Towers with Radar,199,30,2,0,231,0,0,7,0,7,199,30,9,0,238,0,0,0,238
08/26/2012,SMF,CA,AWP,WE,Towers with Radar,220,39,5,0,264,0,2,13,2,17,220,41,18,2,281,0,0,0,281
08/27/2012,SMF,CA,AWP,WE,Towers with Radar,233,41,17,3,294,0,5,6,3,14,233,46,23,6,308,0,18,18,326
08/28/2012,SMF,CA,AWP,WE,Towers with Radar,234,42,9,6,291,0,0,14,2,16,234,42,23,8,307,0,22,22,329
08/29/2012,SMF,CA,AWP,WE,Towers with Radar,233,50,7,5,295,0,3,10,0,13,233,53,17,5,308,0,6,6,314
08/30/2012,SMF,CA,AWP,WE,Towers with Radar,236,56,3,14,309,0,4,10,0,14,236,60,13,14,323,28,18,46,369
08/31/2012,SMF,CA,AWP,WE,Towers with Radar,242,49,11,0,302,0,0,21,0,21,242,49,32,0,323,0,0,0,323
09/01/2012,SMF,CA,AWP,WE,Towers with Radar,159,35,7,0,201,0,4,5,0,9,159,39,12,0,210,0,0,0,210
09/02/2012,SMF,CA,AWP,WE,Towers with Radar,170,25,11,0,206,0,2,10,0,12,170,27,21,0,218,0,0,0,218
09/03/2012,SMF,CA,AWP,WE,Towers with Radar,208,37,3,0,248,0,7,14,0,21,208,44,17,0,269,4,0,4,273
09/04/2012,SMF,CA,AWP,WE,Towers with Radar,227,46,20,0,293,0,0,15,0,15,227,46,35,0,308,14,0,14,322
09/05/2012,SMF,CA,AWP,WE,Towers with Radar,237,44,12,0,293,0,0,18,0,18,237,44,30,0,311,8,0,8,319
09/06/2012,SMF,CA,AWP,WE,Towers with Radar,234,57,15,1,307,0,2,20,7,29,234,59,35,8,336,0,0,0,336
09/07/2012,SMF,CA,AWP,WE,Towers with Radar,223,55,3,0,281,0,12,16,8,36,223,67,19,8,317,0,16,16,333
09/08/2012,SMF,CA,AWP,WE,Towers with Radar,171,39,9,0,219,0,0,14,0,14,171,39,23,0,233,0,0,0,233
09/09/2012,SMF,CA,AWP,WE,Towers with Radar,211,36,7,14,268,0,8,10,0,18,211,44,17,14,286,12,0,12,298
09/10/2012,SMF,CA,AWP,WE,Towers with Radar,227,54,7,0,288,0,0,17,0,17,227,54,24,0,305,0,0,0,305
09/11/2012,SMF,CA,AWP,WE,Towers with Radar,230,46,9,4,289,0,2,14,0,16,230,48,23,4,305,4,10,14,319
09/12/2012,SMF,CA,AWP,WE,Towers with Radar,233,57,7,28,325,0,1,13,10,24,233,58,20,38,349,0,32,32,381
09/13/2012,SMF,CA,AWP,WE,Towers with Radar,231,56,3,14,304,0,0,21,2,23,231,56,24,16,327,6,20,26,353
09/14/2012,SMF,CA,AWP,WE,Towers with Radar,228,56,8,0,292,0,2,11,2,15,228,58,19,2,307,0,2,2,309
09/15/2012,SMF,CA,AWP,WE,Towers with Radar,176,37,6,0,219,0,2,8,0,10,176,39,14,0,229,4,0,4,233
09/16/2012,SMF,CA,AWP,WE,Towers with Radar,210,29,8,0,247,0,2,14,0,16,210,31,22,0,263,0,0,0,263
09/17/2012,SMF,CA,AWP,WE,Towers with Radar,232,47,10,6,295,0,8,30,0,38,232,55,40,6,333,10,10,20,353
09/18/2012,SMF,CA,AWP,WE,Towers with Radar,229,44,11,0,284,0,1,23,0,24,229,45,34,0,308,8,0,8,316
09/19/2012,SMF,CA,AWP,WE,Towers with Radar,234,44,9,0,287,0,0,15,0,15,234,44,24,0,302,6,0,6,308
09/20/2012,SMF,CA,AWP,WE,Towers with Radar,229,53,11,0,293,0,3,7,0,10,229,56,18,0,303,30,0,30,333
09/21/2012,SMF,CA,AWP,WE,Towers with Radar,232,51,14,3,300,0,0,21,13,34,232,51,35,16,334,6,18,24,358
09/22/2012,SMF,CA,AWP,WE,Towers with Radar,173,40,5,3,221,0,1,18,1,20,173,41,23,4,241,0,2,2,243
09/23/2012,SMF,CA,AWP,WE,Towers with Radar,213,40,14,0,267,0,1,21,0,22,213,41,35,0,289,6,0,6,295
09/24/2012,SMF,CA,AWP,WE,Towers with Radar,225,50,8,21,304,0,2,10,3,15,225,52,18,24,319,10,32,42,361
09/25/2012,SMF,CA,AWP,WE,Towers with Radar,230,46,8,0,284,0,0,13,0,13,230,46,21,0,297,62,0,62,359
09/26/2012,SMF,CA,AWP,WE,Towers with Radar,232,55,6,6,299,0,0,10,1,11,232,55,16,7,310,0,2,2,312
09/27/2012,SMF,CA,AWP,WE,Towers with Radar,234,54,8,2,298,0,0,10,1,11,234,54,18,3,309,2,10,12,321
09/28/2012,SMF,CA,AWP,WE,Towers with Radar,230,50,8,2,290,0,0,19,2,21,230,50,27,4,311,12,0,12,323
09/29/2012,SMF,CA,AWP,WE,Towers with Radar,175,38,9,0,222,0,2,8,0,10,175,40,17,0,232,0,0,0,232
09/30/2012,SMF,CA,AWP,WE,Towers with Radar,209,38,6,0,253,0,2,13,0,15,209,40,19,0,268,0,0,0,268
10/01/2012,SMF,CA,AWP,WE,Towers with Radar,227,51,13,2,293,0,0,10,2,12,227,51,23,4,305,6,12,18,323
10/02/2012,SMF,CA,AWP,WE,Towers with Radar,229,48,9,8,294,0,0,12,0,12,229,48,21,8,306,4,16,20,326
10/03/2012,SMF,CA,AWP,WE,Towers with Radar,230,46,6,1,283,0,1,8,2,11,230,47,14,3,294,18,0,18,312
10/04/2012,SMF,CA,AWP,WE,Towers with Radar,241,49,6,11,307,0,2,12,1,15,241,51,18,12,322,0,16,16,338
10/05/2012,SMF,CA,AWP,WE,Towers with Radar,238,48,7,5,298,0,2,6,17,25,238,50,13,22,323,0,38,38,361
10/06/2012,SMF,CA,AWP,WE,Towers with Radar,170,36,9,0,215,0,1,10,0,11,170,37,19,0,226,0,0,0,226
10/07/2012,SMF,CA,AWP,WE,Towers with Radar,205,36,4,0,245,0,2,11,0,13,205,38,15,0,258,18,0,18,276
10/08/2012,SMF,CA,AWP,WE,Towers with Radar,227,45,10,1,283,0,2,5,0,7,227,47,15,1,290,0,0,0,290
10/09/2012,SMF,CA,AWP,WE,Towers with Radar,234,45,17,4,300,0,0,11,0,11,234,45,28,4,311,0,2,2,313
10/10/2012,SMF,CA,AWP,WE,Towers with Radar,238,53,12,5,308,0,2,10,5,17,238,55,22,10,325,0,22,22,347
10/11/2012,SMF,CA,AWP,WE,Towers with Radar,232,52,11,2,297,0,0,12,3,15,232,52,23,5,312,0,2,2,314
10/12/2012,SMF,CA,AWP,WE,Towers with Radar,240,58,12,1,311,0,0,4,0,4,240,58,16,1,315,2,0,2,317
10/13/2012,SMF,CA,AWP,WE,Towers with Radar,174,35,6,0,215,0,2,12,0,14,174,37,18,0,229,10,0,10,239
10/14/2012,SMF,CA,AWP,WE,Towers with Radar,209,36,3,0,248,0,0,13,0,13,209,36,16,0,261,0,0,0,261
10/15/2012,SMF,CA,AWP,WE,Towers with Radar,234,50,15,0,299,0,0,17,0,17,234,50,32,0,316,4,2,6,322
10/16/2012,SMF,CA,AWP,WE,Towers with Radar,233,43,4,2,282,0,0,14,0,14,233,43,18,2,296,0,2,2,298
10/17/2012,SMF,CA,AWP,WE,Towers with Radar,231,46,14,0,291,0,0,16,0,16,231,46,30,0,307,0,0,0,307
10/18/2012,SMF,CA,AWP,WE,Towers with Radar,242,45,8,4,299,0,0,13,0,13,242,45,21,4,312,0,0,0,312
10/19/2012,SMF,CA,AWP,WE,Towers with Radar,237,44,6,2,289,0,1,14,2,17,237,45,20,4,306,0,12,12,318
10/20/2012,SMF,CA,AWP,WE,Towers with Radar,176,37,1,0,214,0,5,19,0,24,176,42,20,0,238,42,0,42,280
10/21/2012,SMF,CA,AWP,WE,Towers with Radar,211,35,3,2,251,0,2,8,0,10,211,37,11,2,261,0,0,0,261
10/22/2012,SMF,CA,AWP,WE,Towers with Radar,235,40,10,4,289,0,0,1,0,1,235,40,11,4,290,0,0,0,290
10/23/2012,SMF,CA,AWP,WE,Towers with Radar,234,44,3,12,293,0,0,3,3,6,234,44,6,15,299,0,48,48,347
10/24/2012,SMF,CA,AWP,WE,Towers with Radar,235,48,16,9,308,0,0,5,3,8,235,48,21,12,316,2,24,26,342
10/25/2012,SMF,CA,AWP,WE,Towers with Radar,244,45,15,0,304,0,0,3,0,3,244,45,18,0,307,0,0,0,307
10/26/2012,SMF,CA,AWP,WE,Towers with Radar,237,50,8,3,298,0,0,11,5,16,237,50,19,8,314,18,0,18,332
10/27/2012,SMF,CA,AWP,WE,Towers with Radar,172,36,6,0,214,0,1,5,0,6,172,37,11,0,220,0,0,0,220
10/28/2012,SMF,CA,AWP,WE,Towers with Radar,206,37,3,0,246,0,0,11,0,11,206,37,14,0,257,0,0,0,257
10/29/2012,SMF,CA,AWP,WE,Towers with Radar,227,41,14,0,282,0,0,12,0,12,227,41,26,0,294,2,0,2,296
10/30/2012,SMF,CA,AWP,WE,Towers with Radar,227,40,5,2,274,0,0,10,0,10,227,40,15,2,284,30,0,30,314
10/31/2012,SMF,CA,AWP,WE,Towers with Radar,207,41,13,23,284,0,0,0,11,11,207,41,13,34,295,18,60,78,373
11/01/2012,SMF,CA,AWP,WE,Towers with Radar,234,48,20,0,302,0,0,3,0,3,234,48,23,0,305,0,0,0,305
11/02/2012,SMF,CA,AWP,WE,Towers with Radar,238,48,7,0,293,0,0,4,0,4,238,48,11,0,297,0,0,0,297
11/03/2012,SMF,CA,AWP,WE,Towers with Radar,169,37,3,3,212,0,1,2,0,3,169,38,5,3,215,0,14,14,229
11/04/2012,SMF,CA,AWP,WE,Towers with Radar,217,41,1,0,259,0,0,9,0,9,217,41,10,0,268,0,0,0,268
11/05/2012,SMF,CA,AWP,WE,Towers with Radar,220,49,3,5,277,0,0,12,0,12,220,49,15,5,289,2,16,18,307
11/06/2012,SMF,CA,AWP,WE,Towers with Radar,200,48,3,1,252,0,0,11,3,14,200,48,14,4,266,0,18,18,284
11/07/2012,SMF,CA,AWP,WE,Towers with Radar,228,52,26,0,306,0,0,17,0,17,228,52,43,0,323,0,2,2,325
11/08/2012,SMF,CA,AWP,WE,Towers with Radar,241,49,4,6,300,0,2,5,0,7,241,51,9,6,307,4,0,4,311
11/09/2012,SMF,CA,AWP,WE,Towers with Radar,233,53,11,18,315,0,0,7,10,17,233,53,18,28,332,8,62,70,402
11/10/2012,SMF,CA,AWP,WE,Towers with Radar,178,34,3,3,218,0,1,3,0,4,178,35,6,3,222,0,8,8,230
11/11/2012,SMF,CA,AWP,WE,Towers with Radar,211,37,7,0,255,0,0,9,0,9,211,37,16,0,264,0,0,0,264
11/12/2012,SMF,CA,AWP,WE,Towers with Radar,225,45,10,0,280,0,1,9,0,10,225,46,19,0,290,0,0,0,290
11/13/2012,SMF,CA,AWP,WE,Towers with Radar,222,47,11,28,308,0,0,11,6,17,222,47,22,34,325,0,64,64,389
11/14/2012,SMF,CA,AWP,WE,Towers with Radar,231,46,6,6,289,0,0,11,0,11,231,46,17,6,300,2,0,2,302
11/15/2012,SMF,CA,AWP,WE,Towers with Radar,235,53,9,6,303,0,0,11,3,14,235,53,20,9,317,8,12,20,337
11/16/2012,SMF,CA,AWP,WE,Towers with Radar,235,51,17,9,312,0,0,6,2,8,235,51,23,11,320,0,28,28,348
11/17/2012,SMF,CA,AWP,WE,Towers with Radar,188,37,9,0,234,0,0,1,0,1,188,37,10,0,235,0,0,0,235
11/18/2012,SMF,CA,AWP,WE,Towers with Radar,216,36,10,0,262,0,0,3,0,3,216,36,13,0,265,0,0,0,265
11/19/2012,SMF,CA,AWP,WE,Towers with Radar,220,59,8,11,298,0,0,4,0,4,220,59,12,11,302,0,8,8,310
11/20/2012,SMF,CA,AWP,WE,Towers with Radar,231,49,8,10,298,0,0,1,0,1,231,49,9,10,299,0,0,0,299
11/21/2012,SMF,CA,AWP,WE,Towers with Radar,234,55,10,4,303,0,0,3,1,4,234,55,13,5,307,0,0,0,307
11/22/2012,SMF,CA,AWP,WE,Towers with Radar,151,27,4,0,182,0,0,10,0,10,151,27,14,0,192,0,26,26,218
11/23/2012,SMF,CA,AWP,WE,Towers with Radar,188,45,1,0,234,0,0,10,0,10,188,45,11,0,244,6,0,6,250
11/24/2012,SMF,CA,AWP,WE,Towers with Radar,188,41,3,0,232,0,0,11,0,11,188,41,14,0,243,8,0,8,251
11/25/2012,SMF,CA,AWP,WE,Towers with Radar,229,31,9,0,269,0,0,15,0,15,229,31,24,0,284,0,0,0,284
11/26/2012,SMF,CA,AWP,WE,Towers with Radar,238,48,10,6,302,0,0,11,0,11,238,48,21,6,313,14,0,14,327
11/27/2012,SMF,CA,AWP,WE,Towers with Radar,221,45,6,0,272,0,0,10,0,10,221,45,16,0,282,0,0,0,282
11/28/2012,SMF,CA,AWP,WE,Towers with Radar,223,39,8,5,275,0,0,0,0,0,223,39,8,5,275,0,0,0,275
11/29/2012,SMF,CA,AWP,WE,Towers with Radar,226,47,10,15,298,0,0,3,13,16,226,47,13,28,314,0,26,26,340
11/30/2012,SMF,CA,AWP,WE,Towers with Radar,227,50,18,11,306,0,0,2,3,5,227,50,20,14,311,0,10,10,321
12/01/2012,SMF,CA,AWP,WE,Towers with Radar,177,33,7,0,217,0,0,0,0,0,177,33,7,0,217,0,0,0,217
12/02/2012,SMF,CA,AWP,WE,Towers with Radar,217,32,7,0,256,0,0,2,0,2,217,32,9,0,258,0,0,0,258
12/03/2012,SMF,CA,AWP,WE,Towers with Radar,218,49,9,0,276,0,0,4,5,9,218,49,13,5,285,0,46,46,331
12/04/2012,SMF,CA,AWP,WE,Towers with Radar,227,46,11,13,297,0,1,6,2,9,227,47,17,15,306,6,22,28,334
12/05/2012,SMF,CA,AWP,WE,Towers with Radar,223,49,12,0,284,0,0,0,0,0,223,49,12,0,284,0,0,0,284
12/06/2012,SMF,CA,AWP,WE,Towers with Radar,225,57,12,9,303,0,0,7,2,9,225,57,19,11,312,10,16,26,338
12/07/2012,SMF,CA,AWP,WE,Towers with Radar,231,58,7,7,303,0,0,5,2,7,231,58,12,9,310,0,34,34,344
12/08/2012,SMF,CA,AWP,WE,Towers with Radar,175,33,4,0,212,0,1,6,0,7,175,34,10,0,219,0,0,0,219
12/09/2012,SMF,CA,AWP,WE,Towers with Radar,207,37,5,0,249,0,0,5,0,5,207,37,10,0,254,0,0,0,254
12/10/2012,SMF,CA,AWP,WE,Towers with Radar,216,48,10,0,274,0,0,6,0,6,216,48,16,0,280,0,0,0,280
12/11/2012,SMF,CA,AWP,WE,Towers with Radar,224,48,16,6,294,0,0,0,0,0,224,48,16,6,294,2,0,2,296
12/12/2012,SMF,CA,AWP,WE,Towers with Radar,224,49,15,12,300,0,0,8,2,10,224,49,23,14,310,0,0,0,310
12/13/2012,SMF,CA,AWP,WE,Towers with Radar,228,53,3,0,284,0,0,10,0,10,228,53,13,0,294,0,18,18,312
12/14/2012,SMF,CA,AWP,WE,Towers with Radar,226,59,13,3,301,0,0,6,0,6,226,59,19,3,307,0,4,4,311
12/15/2012,SMF,CA,AWP,WE,Towers with Radar,178,32,9,0,219,0,0,0,0,0,178,32,9,0,219,0,0,0,219
12/16/2012,SMF,CA,AWP,WE,Towers with Radar,212,34,12,0,258,0,0,1,0,1,212,34,13,0,259,0,0,0,259
12/17/2012,SMF,CA,AWP,WE,Towers with Radar,217,53,19,6,295,0,0,0,2,2,217,53,19,8,297,0,30,30,327
12/18/2012,SMF,CA,AWP,WE,Towers with Radar,229,50,12,12,303,0,1,8,9,18,229,51,20,21,321,0,66,66,387
12/19/2012,SMF,CA,AWP,WE,Towers with Radar,230,57,3,2,292,0,0,8,0,8,230,57,11,2,300,0,0,0,300
12/20/2012,SMF,CA,AWP,WE,Towers with Radar,242,55,12,1,310,0,1,21,3,25,242,56,33,4,335,6,0,6,341
12/21/2012,SMF,CA,AWP,WE,Towers with Radar,231,54,11,21,317,0,0,2,0,2,231,54,13,21,319,0,0,0,319
12/22/2012,SMF,CA,AWP,WE,Towers with Radar,230,50,5,1,286,0,0,1,0,1,230,50,6,1,287,0,0,0,287
12/23/2012,SMF,CA,AWP,WE,Towers with Radar,214,32,2,0,248,0,0,0,0,0,214,32,2,0,248,0,0,0,248
12/24/2012,SMF,CA,AWP,WE,Towers with Radar,166,39,4,0,209,0,1,0,0,1,166,40,4,0,210,0,0,0,210
12/25/2012,SMF,CA,AWP,WE,Towers with Radar,170,33,3,0,206,0,0,0,0,0,170,33,3,0,206,0,0,0,206
12/26/2012,SMF,CA,AWP,WE,Towers with Radar,224,54,14,0,292,0,1,4,0,5,224,55,18,0,297,8,0,8,305
12/27/2012,SMF,CA,AWP,WE,Towers with Radar,237,49,10,0,296,0,1,9,0,10,237,50,19,0,306,24,0,24,330
12/28/2012,SMF,CA,AWP,WE,Towers with Radar,227,50,12,0,289,0,0,10,0,10,227,50,22,0,299,0,0,0,299
12/29/2012,SMF,CA,AWP,WE,Towers with Radar,178,28,5,0,211,0,1,5,0,6,178,29,10,0,217,0,0,0,217
12/30/2012,SMF,CA,AWP,WE,Towers with Radar,206,39,3,0,248,0,0,3,0,3,206,39,6,0,251,0,0,0,251
12/31/2012,SMF,CA,AWP,WE,Towers with Radar,176,39,1,0,216,0,0,4,0,4,176,39,5,0,220,0,0,0,220
01/01/2013,SMF,CA,AWP,WE,Towers with Radar,186,33,4,0,223,0,0,2,0,2,186,33,6,0,225,0,0,0,225
01/02/2013,SMF,CA,AWP,WE,Towers with Radar,220,57,15,0,292,0,0,10,0,10,220,57,25,0,302,6,0,6,308
01/03/2013,SMF,CA,AWP,WE,Towers with Radar,217,57,11,0,285,0,0,6,0,6,217,57,17,0,291,0,0,0,291
01/04/2013,SMF,CA,AWP,WE,Towers with Radar,218,51,10,0,279,0,2,12,0,14,218,53,22,0,293,0,0,0,293
01/05/2013,SMF,CA,AWP,WE,Towers with Radar,176,36,7,0,219,0,0,3,0,3,176,36,10,0,222,0,0,0,222
01/06/2013,SMF,CA,AWP,WE,Towers with Radar,202,33,5,0,240,0,0,5,0,5,202,33,10,0,245,0,0,0,245
01/07/2013,SMF,CA,AWP,WE,Towers with Radar,214,48,3,8,273,0,0,6,4,10,214,48,9,12,283,8,26,34,317
01/08/2013,SMF,CA,AWP,WE,Towers with Radar,210,42,10,6,268,0,0,11,2,13,210,42,21,8,281,0,14,14,295
01/09/2013,SMF,CA,AWP,WE,Towers with Radar,213,43,9,0,265,0,0,0,2,2,213,43,9,2,267,0,0,0,267
01/10/2013,SMF,CA,AWP,WE,Towers with Radar,216,55,14,8,293,0,0,11,0,11,216,55,25,8,304,0,12,12,316
01/11/2013,SMF,CA,AWP,WE,Towers with Radar,219,53,17,0,289,0,1,8,0,9,219,54,25,0,298,10,0,10,308
01/12/2013,SMF,CA,AWP,WE,Towers with Radar,157,34,4,0,195,0,0,15,0,15,157,34,19,0,210,0,0,0,210
01/13/2013,SMF,CA,AWP,WE,Towers with Radar,189,32,4,0,225,0,2,20,0,22,189,34,24,0,247,18,0,18,265
01/14/2013,SMF,CA,AWP,WE,Towers with Radar,217,45,15,0,277,0,0,7,0,7,217,45,22,0,284,0,0,0,284
01/15/2013,SMF,CA,AWP,WE,Towers with Radar,207,42,2,10,261,0,1,14,2,17,207,43,16,12,278,0,40,40,318
01/16/2013,SMF,CA,AWP,WE,Towers with Radar,213,49,6,11,279,0,0,15,0,15,213,49,21,11,294,0,0,0,294
01/17/2013,SMF,CA,AWP,WE,Towers with Radar,221,50,5,0,276,0,0,4,0,4,221,50,9,0,280,0,0,0,280
01/18/2013,SMF,CA,AWP,WE,Towers with Radar,216,52,14,3,285,0,0,12,0,12,216,52,26,3,297,12,0,12,309
01/19/2013,SMF,CA,AWP,WE,Towers with Radar,155,32,7,0,194,0,1,12,0,13,155,33,19,0,207,0,0,0,207
01/20/2013,SMF,CA,AWP,WE,Towers with Radar,184,32,5,0,221,0,0,9,0,9,184,32,14,0,230,0,0,0,230
01/21/2013,SMF,CA,AWP,WE,Towers with Radar,210,43,7,0,260,0,0,13,0,13,210,43,20,0,273,10,0,10,283
01/22/2013,SMF,CA,AWP,WE,Towers with Radar,212,49,16,1,278,0,0,3,3,6,212,49,19,4,284,0,22,22,306
01/23/2013,SMF,CA,AWP,WE,Towers with Radar,214,44,9,2,269,0,0,1,0,1,214,44,10,2,270,0,0,0,270
01/24/2013,SMF,CA,AWP,WE,Towers with Radar,218,50,10,8,286,0,0,4,1,5,218,50,14,9,291,0,26,26,317
01/25/2013,SMF,CA,AWP,WE,Towers with Radar,232,52,21,3,308,0,0,3,0,3,232,52,24,3,311,0,0,0,311
01/26/2013,SMF,CA,AWP,WE,Towers with Radar,165,32,1,0,198,0,1,5,0,6,165,33,6,0,204,0,0,0,204
01/27/2013,SMF,CA,AWP,WE,Towers with Radar,191,28,6,0,225,0,0,8,0,8,191,28,14,0,233,0,0,0,233
01/28/2013,SMF,CA,AWP,WE,Towers with Radar,212,43,9,2,266,0,1,6,0,7,212,44,15,2,273,0,14,14,287
01/29/2013,SMF,CA,AWP,WE,Towers with Radar,211,45,9,5,270,0,0,6,2,8,211,45,15,7,278,2,4,6,284
01/30/2013,SMF,CA,AWP,WE,Towers with Radar,214,45,6,5,270,0,0,19,6,25,214,45,25,11,295,24,36,60,355
01/31/2013,SMF,CA,AWP,WE,Towers with Radar,222,54,12,5,293,0,0,13,0,13,222,54,25,5,306,10,4,14,320
02/01/2013,SMF,CA,AWP,WE,Towers with Radar,222,49,9,2,282,0,0,11,0,11,222,49,20,2,293,0,0,0,293
02/02/2013,SMF,CA,AWP,WE,Towers with Radar,161,33,2,0,196,0,1,10,0,11,161,34,12,0,207,14,0,14,221
02/03/2013,SMF,CA,AWP,WE,Towers with Radar,186,32,4,0,222,0,0,5,0,5,186,32,9,0,227,0,0,0,227
02/04/2013,SMF,CA,AWP,WE,Towers with Radar,215,47,10,4,276,0,0,9,0,9,215,47,19,4,285,0,0,0,285
02/05/2013,SMF,CA,AWP,WE,Towers with Radar,215,45,10,1,271,0,0,7,0,7,215,45,17,1,278,0,0,0,278
02/06/2013,SMF,CA,AWP,WE,Towers with Radar,219,42,7,0,268,0,0,13,0,13,219,42,20,0,281,0,4,4,285
02/07/2013,SMF,CA,AWP,WE,Towers with Radar,222,51,13,5,291,0,0,2,3,5,222,51,15,8,296,0,0,0,296
02/08/2013,SMF,CA,AWP,WE,Towers with Radar,218,56,9,0,283,0,0,7,8,15,218,56,16,8,298,0,24,24,322
02/09/2013,SMF,CA,AWP,WE,Towers with Radar,164,32,8,0,204,0,1,5,0,6,164,33,13,0,210,0,0,0,210
02/10/2013,SMF,CA,AWP,WE,Towers with Radar,190,33,10,0,233,0,0,4,0,4,190,33,14,0,237,0,0,0,237
02/11/2013,SMF,CA,AWP,WE,Towers with Radar,209,45,3,3,260,0,0,2,1,3,209,45,5,4,263,0,8,8,271
02/12/2013,SMF,CA,AWP,WE,Towers with Radar,213,46,14,1,274,0,0,10,4,14,213,46,24,5,288,32,20,52,340
02/13/2013,SMF,CA,AWP,WE,Towers with Radar,219,49,1,4,273,0,2,19,5,26,219,51,20,9,299,2,26,28,327
02/14/2013,SMF,CA,AWP,WE,Towers with Radar,227,51,14,2,294,0,0,5,2,7,227,51,19,4,301,0,2,2,303
02/15/2013,SMF,CA,AWP,WE,Towers with Radar,225,55,12,9,301,0,2,9,3,14,225,57,21,12,315,10,18,28,343
02/16/2013,SMF,CA,AWP,WE,Towers with Radar,172,35,2,0,209,0,1,16,0,17,172,36,18,0,226,4,0,4,230
02/17/2013,SMF,CA,AWP,WE,Towers with Radar,181,36,4,0,221,0,0,4,0,4,181,36,8,0,225,0,0,0,225
02/18/2013,SMF,CA,AWP,WE,Towers with Radar,216,52,3,0,271,0,0,5,0,5,216,52,8,0,276,2,0,2,278
02/19/2013,SMF,CA,AWP,WE,Towers with Radar,221,51,4,0,276,0,0,1,0,1,221,51,5,0,277,0,0,0,277
02/20/2013,SMF,CA,AWP,WE,Towers with Radar,218,50,9,15,292,0,0,14,7,21,218,50,23,22,313,0,72,72,385
02/21/2013,SMF,CA,AWP,WE,Towers with Radar,225,54,10,8,297,0,0,13,15,28,225,54,23,23,325,0,30,30,355
02/22/2013,SMF,CA,AWP,WE,Towers with Radar,217,57,9,1,284,0,0,19,1,20,217,57,28,2,304,18,10,28,332
02/23/2013,SMF,CA,AWP,WE,Towers with Radar,177,31,1,0,209,0,2,3,0,5,177,33,4,0,214,0,0,0,214
02/24/2013,SMF,CA,AWP,WE,Towers with Radar,185,37,4,0,226,0,0,11,0,11,185,37,15,0,237,2,0,2,239
02/25/2013,SMF,CA,AWP,WE,Towers with Radar,219,47,6,4,276,0,0,26,1,27,219,47,32,5,303,2,10,12,315
02/26/2013,SMF,CA,AWP,WE,Towers with Radar,220,44,15,15,294,0,0,12,3,15,220,44,27,18,309,14,42,56,365
02/27/2013,SMF,CA,AWP,WE,Towers with Radar,212,47,9,7,275,0,0,14,5,19,212,47,23,12,294,0,0,0,294
02/28/2013,SMF,CA,AWP,WE,Towers with Radar,225,53,9,5,292,0,1,10,1,12,225,54,19,6,304,34,10,44,348
03/01/2013,SMF,CA,AWP,WE,Towers with Radar,232,66,6,0,304,0,1,17,0,18,232,67,23,0,322,0,0,0,322
03/02/2013,SMF,CA,AWP,WE,Towers with Radar,176,34,3,0,213,0,0,8,0,8,176,34,11,0,221,0,0,0,221
03/03/2013,SMF,CA,AWP,WE,Towers with Radar,197,36,7,0,240,0,0,8,0,8,197,36,15,0,248,0,0,0,248
03/04/2013,SMF,CA,AWP,WE,Towers with Radar,220,44,10,0,274,0,0,16,0,16,220,44,26,0,290,0,0,0,290
03/05/2013,SMF,CA,AWP,WE,Towers with Radar,214,44,18,0,276,0,0,12,4,16,214,44,30,4,292,24,10,34,326
03/06/2013,SMF,CA,AWP,WE,Towers with Radar,219,52,9,0,280,1,1,4,4,10,220,53,13,4,290,4,12,16,306
03/07/2013,SMF,CA,AWP,WE,Towers with Radar,226,56,9,0,291,0,0,9,0,9,226,56,18,0,300,2,0,2,302
03/08/2013,SMF,CA,AWP,WE,Towers with Radar,221,52,15,0,288,0,0,5,0,5,221,52,20,0,293,0,0,0,293
03/09/2013,SMF,CA,AWP,WE,Towers with Radar,175,40,5,0,220,0,1,6,0,7,175,41,11,0,227,6,0,6,233
03/10/2013,SMF,CA,AWP,WE,Towers with Radar,209,41,5,0,255,0,0,10,0,10,209,41,15,0,265,0,0,0,265
03/11/2013,SMF,CA,AWP,WE,Towers with Radar,222,50,3,0,275,0,0,10,0,10,222,50,13,0,285,0,0,0,285
03/12/2013,SMF,CA,AWP,WE,Towers with Radar,221,48,11,8,288,0,0,8,0,8,221,48,19,8,296,0,26,26,322
03/13/2013,SMF,CA,AWP,WE,Towers with Radar,224,51,14,2,291,0,2,12,0,14,224,53,26,2,305,4,0,4,309
03/14/2013,SMF,CA,AWP,WE,Towers with Radar,227,54,11,4,296,0,0,24,2,26,227,54,35,6,322,0,6,6,328
03/15/2013,SMF,CA,AWP,WE,Towers with Radar,226,54,6,9,295,0,0,17,3,20,226,54,23,12,315,0,16,16,331
03/16/2013,SMF,CA,AWP,WE,Towers with Radar,180,34,4,0,218,0,1,15,0,16,180,35,19,0,234,16,0,16,250
03/17/2013,SMF,CA,AWP,WE,Towers with Radar,208,38,9,0,255,0,0,10,1,11,208,38,19,1,266,0,0,0,266
03/18/2013,SMF,CA,AWP,WE,Towers with Radar,218,47,15,2,282,0,0,8,0,8,218,47,23,2,290,0,6,6,296
03/19/2013,SMF,CA,AWP,WE,Towers with Radar,225,45,9,17,296,0,0,13,4,17,225,45,22,21,313,0,12,12,325
03/20/2013,SMF,CA,AWP,WE,Towers with Radar,225,50,19,1,295,0,0,2,3,5,225,50,21,4,300,0,6,6,306
03/21/2013,SMF,CA,AWP,WE,Towers with Radar,224,59,17,7,307,0,0,18,1,19,224,59,35,8,326,4,16,20,346
03/22/2013,SMF,CA,AWP,WE,Towers with Radar,229,55,10,6,300,0,0,10,2,12,229,55,20,8,312,0,18,18,330
03/23/2013,SMF,CA,AWP,WE,Towers with Radar,176,36,7,0,219,0,1,10,0,11,176,37,17,0,230,0,0,0,230
03/24/2013,SMF,CA,AWP,WE,Towers with Radar,212,40,3,0,255,0,0,10,0,10,212,40,13,0,265,0,0,0,265
03/25/2013,SMF,CA,AWP,WE,Towers with Radar,220,46,14,3,283,0,0,14,7,21,220,46,28,10,304,0,14,14,318
03/26/2013,SMF,CA,AWP,WE,Towers with Radar,223,50,12,4,289,0,0,16,7,23,223,50,28,11,312,8,24,32,344
03/27/2013,SMF,CA,AWP,WE,Towers with Radar,223,52,9,4,288,0,0,6,0,6,223,52,15,4,294,0,22,22,316
03/28/2013,SMF,CA,AWP,WE,Towers with Radar,227,53,13,10,303,0,0,7,3,10,227,53,20,13,313,12,22,34,347
03/29/2013,SMF,CA,AWP,WE,Towers with Radar,231,53,4,2,290,0,0,9,2,11,231,53,13,4,301,0,0,0,301
03/30/2013,SMF,CA,AWP,WE,Towers with Radar,181,38,7,0,226,0,1,5,0,6,181,39,12,0,232,8,0,8,240
03/31/2013,SMF,CA,AWP,WE,Towers with Radar,207,37,2,0,246,0,0,0,0,0,207,37,2,0,246,0,0,0,246
04/01/2013,SMF,CA,AWP,WE,Towers with Radar,224,49,3,3,279,0,0,2,3,5,224,49,5,6,284,0,16,16,300
04/02/2013,SMF,CA,AWP,WE,Towers with Radar,221,49,13,0,283,0,0,16,2,18,221,49,29,2,301,4,4,8,309
04/03/2013,SMF,CA,AWP,WE,Towers with Radar,222,51,13,5,291,0,0,9,1,10,222,51,22,6,301,6,8,14,315
04/04/2013,SMF,CA,AWP,WE,Towers with Radar,228,53,8,2,291,0,0,3,0,3,228,53,11,2,294,0,0,0,294
04/05/2013,SMF,CA,AWP,WE,Towers with Radar,229,54,9,0,292,0,0,4,0,4,229,54,13,0,296,2,0,2,298
04/06/2013,SMF,CA,AWP,WE,Towers with Radar,180,34,10,0,224,0,0,8,0,8,180,34,18,0,232,0,0,0,232
04/07/2013,SMF,CA,AWP,WE,Towers with Radar,210,38,3,0,251,0,0,7,2,9,210,38,10,2,260,0,0,0,260
04/08/2013,SMF,CA,AWP,WE,Towers with Radar,219,46,11,10,286,0,0,16,8,24,219,46,27,18,310,0,24,24,334
04/09/2013,SMF,CA,AWP,WE,Towers with Radar,215,53,12,14,294,0,0,12,3,15,215,53,24,17,309,20,34,54,363
04/10/2013,SMF,CA,AWP,WE,Towers with Radar,225,51,10,0,286,0,0,23,0,23,225,51,33,0,309,0,0,0,309
04/11/2013,SMF,CA,AWP,WE,Towers with Radar,232,52,6,12,302,0,1,16,0,17,232,53,22,12,319,14,4,18,337
04/12/2013,SMF,CA,AWP,WE,Towers with Radar,227,56,7,3,293,0,0,18,1,19,227,56,25,4,312,0,16,16,328
04/13/2013,SMF,CA,AWP,WE,Towers with Radar,174,35,4,0,213,0,1,9,0,10,174,36,13,0,223,28,0,28,251
04/14/2013,SMF,CA,AWP,WE,Towers with Radar,209,35,5,0,249,0,0,17,0,17,209,35,22,0,266,0,0,0,266
04/15/2013,SMF,CA,AWP,WE,Towers with Radar,220,46,7,3,276,0,0,10,1,11,220,46,17,4,287,0,0,0,287
04/16/2013,SMF,CA,AWP,WE,Towers with Radar,223,53,4,11,291,0,0,7,5,12,223,53,11,16,303,8,36,44,347
04/17/2013,SMF,CA,AWP,WE,Towers with Radar,218,53,9,12,292,0,0,6,2,8,218,53,15,14,300,4,8,12,312
04/18/2013,SMF,CA,AWP,WE,Towers with Radar,230,53,2,7,292,0,0,16,1,17,230,53,18,8,309,20,0,20,329
04/19/2013,SMF,CA,AWP,WE,Towers with Radar,229,59,3,8,299,0,0,14,0,14,229,59,17,8,313,0,0,0,313
04/20/2013,SMF,CA,AWP,WE,Towers with Radar,178,39,1,0,218,0,1,6,0,7,178,40,7,0,225,0,0,0,225
04/21/2013,SMF,CA,AWP,WE,Towers with Radar,204,35,5,0,244,0,0,21,0,21,204,35,26,0,265,0,0,0,265
04/22/2013,SMF,CA,AWP,WE,Towers with Radar,220,49,3,7,279,0,0,5,1,6,220,49,8,8,285,0,6,6,291
04/23/2013,SMF,CA,AWP,WE,Towers with Radar,231,47,9,6,293,0,0,4,4,8,231,47,13,10,301,0,32,32,333
04/24/2013,SMF,CA,AWP,WE,Towers with Radar,225,56,13,17,311,0,0,11,10,21,225,56,24,27,332,0,50,50,382
04/25/2013,SMF,CA,AWP,WE,Towers with Radar,230,53,10,9,302,0,0,21,7,28,230,53,31,16,330,0,30,30,360
04/26/2013,SMF,CA,AWP,WE,Towers with Radar,232,53,4,1,290,0,0,11,5,16,232,53,15,6,306,0,26,26,332
04/27/2013,SMF,CA,AWP,WE,Towers with Radar,176,36,8,0,220,0,2,7,0,9,176,38,15,0,229,0,0,0,229
04/28/2013,SMF,CA,AWP,WE,Towers with Radar,212,34,1,0,247,0,0,10,0,10,212,34,11,0,257,0,0,0,257
04/29/2013,SMF,CA,AWP,WE,Towers with Radar,222,53,6,0,281,0,0,18,1,19,222,53,24,1,300,30,4,34,334
04/30/2013,SMF,CA,AWP,WE,Towers with Radar,220,55,14,8,297,0,0,2,4,6,220,55,16,12,303,0,0,0,303
05/01/2013,SMF,CA,AWP,WE,Towers with Radar,223,53,4,0,280,0,0,11,6,17,223,53,15,6,297,16,14,30,327
05/02/2013,SMF,CA,AWP,WE,Towers with Radar,230,55,6,9,300,0,0,11,3,14,230,55,17,12,314,0,32,32,346
05/03/2013,SMF,CA,AWP,WE,Towers with Radar,233,54,9,2,298,0,0,38,0,38,233,54,47,2,336,0,0,0,336
05/04/2013,SMF,CA,AWP,WE,Towers with Radar,184,32,9,0,225,0,1,11,0,12,184,33,20,0,237,4,0,4,241
05/05/2013,SMF,CA,AWP,WE,Towers with Radar,210,35,4,0,249,0,0,12,0,12,210,35,16,0,261,0,0,0,261
05/06/2013,SMF,CA,AWP,WE,Towers with Radar,229,44,5,14,292,0,0,0,4,4,229,44,5,18,296,0,22,22,318
05/07/2013,SMF,CA,AWP,WE,Towers with Radar,226,52,12,7,297,0,0,8,1,9,226,52,20,8,306,2,4,6,312
05/08/2013,SMF,CA,AWP,WE,Towers with Radar,228,53,14,4,299,0,0,16,5,21,228,53,30,9,320,0,20,20,340
05/09/2013,SMF,CA,AWP,WE,Towers with Radar,239,52,10,2,303,0,0,19,3,22,239,52,29,5,325,0,18,18,343
05/10/2013,SMF,CA,AWP,WE,Towers with Radar,237,52,10,0,299,0,0,16,0,16,237,52,26,0,315,2,0,2,317
05/11/2013,SMF,CA,AWP,WE,Towers with Radar,175,33,4,1,213,0,0,15,0,15,175,33,19,1,228,2,0,2,230
05/12/2013,SMF,CA,AWP,WE,Towers with Radar,209,36,3,0,248,0,0,12,0,12,209,36,15,0,260,0,0,0,260
05/13/2013,SMF,CA,AWP,WE,Towers with Radar,225,47,13,4,289,0,0,27,2,29,225,47,40,6,318,8,10,18,336
05/14/2013,SMF,CA,AWP,WE,Towers with Radar,233,51,7,9,300,0,0,14,3,17,233,51,21,12,317,0,20,20,337
05/15/2013,SMF,CA,AWP,WE,Towers with Radar,230,47,9,1,287,0,0,2,2,4,230,47,11,3,291,0,0,0,291
05/16/2013,SMF,CA,AWP,WE,Towers with Radar,239,58,5,2,304,0,0,6,0,6,239,58,11,2,310,0,2,2,312
05/17/2013,SMF,CA,AWP,WE,Towers with Radar,237,61,13,1,312,0,0,12,0,12,237,61,25,1,324,0,0,0,324
05/18/2013,SMF,CA,AWP,WE,Towers with Radar,180,33,3,0,216,0,2,13,0,15,180,35,16,0,231,0,0,0,231
05/19/2013,SMF,CA,AWP,WE,Towers with Radar,208,41,3,0,252,0,0,102,2,104,208,41,105,2,356,0,0,0,356
05/20/2013,SMF,CA,AWP,WE,Towers with Radar,225,50,8,4,287,0,0,18,2,20,225,50,26,6,307,0,18,18,325
05/21/2013,SMF,CA,AWP,WE,Towers with Radar,231,48,8,5,292,0,0,3,3,6,231,48,11,8,298,0,14,14,312
05/22/2013,SMF,CA,AWP,WE,Towers with Radar,236,48,6,17,307,0,0,11,6,17,236,48,17,23,324,0,14,14,338
05/23/2013,SMF,CA,AWP,WE,Towers with Radar,235,52,16,3,306,0,2,19,7,28,235,54,35,10,334,0,38,38,372
05/24/2013,SMF,CA,AWP,WE,Towers with Radar,238,51,13,0,302,0,1,30,0,31,238,52,43,0,333,0,0,0,333
05/25/2013,SMF,CA,AWP,WE,Towers with Radar,165,32,6,3,206,0,1,10,0,11,165,33,16,3,217,0,0,0,217
05/26/2013,SMF,CA,AWP,WE,Towers with Radar,162,35,3,0,200,0,0,18,0,18,162,35,21,0,218,0,0,0,218
05/27/2013,SMF,CA,AWP,WE,Towers with Radar,201,42,5,0,248,0,0,5,0,5,201,42,10,0,253,12,0,12,265
05/28/2013,SMF,CA,AWP,WE,Towers with Radar,229,50,16,12,307,0,0,13,5,18,229,50,29,17,325,0,42,42,367
05/29/2013,SMF,CA,AWP,WE,Towers with Radar,238,60,6,2,306,0,0,11,4,15,238,60,17,6,321,0,8,8,329
05/30/2013,SMF,CA,AWP,WE,Towers with Radar,238,52,21,0,311,0,2,8,0,10,238,54,29,0,321,0,0,0,321
05/31/2013,SMF,CA,AWP,WE,Towers with Radar,241,56,7,2,306,0,0,4,0,4,241,56,11,2,310,2,14,16,326
06/01/2013,SMF,CA,AWP,WE,Towers with Radar,188,29,5,0,222,0,1,9,1,11,188,30,14,1,233,0,0,0,233
06/02/2013,SMF,CA,AWP,WE,Towers with Radar,210,40,6,0,256,0,0,18,0,18,210,40,24,0,274,0,0,0,274
06/03/2013,SMF,CA,AWP,WE,Towers with Radar,237,48,5,7,297,0,0,6,1,7,237,48,11,8,304,2,4,6,310
06/04/2013,SMF,CA,AWP,WE,Towers with Radar,234,51,8,3,296,0,0,15,3,18,234,51,23,6,314,6,16,22,336
06/05/2013,SMF,CA,AWP,WE,Towers with Radar,228,49,6,2,285,0,0,8,0,8,228,49,14,2,293,0,2,2,295
06/06/2013,SMF,CA,AWP,WE,Towers with Radar,233,54,13,9,309,0,0,10,4,14,233,54,23,13,323,0,24,24,347
06/07/2013,SMF,CA,AWP,WE,Towers with Radar,232,56,8,5,301,0,0,11,1,12,232,56,19,6,313,0,4,4,317
06/08/2013,SMF,CA,AWP,WE,Towers with Radar,195,33,3,0,231,0,1,11,0,12,195,34,14,0,243,2,0,2,245
06/09/2013,SMF,CA,AWP,WE,Towers with Radar,221,34,6,0,261,0,0,3,0,3,221,34,9,0,264,0,0,0,264
06/10/2013,SMF,CA,AWP,WE,Towers with Radar,232,40,10,5,287,1,4,7,1,13,233,44,17,6,300,0,0,0,300
06/11/2013,SMF,CA,AWP,WE,Towers with Radar,252,51,11,0,314,0,0,9,0,9,252,51,20,0,323,24,16,40,363
06/12/2013,SMF,CA,AWP,WE,Towers with Radar,236,57,9,12,314,0,0,7,0,7,236,57,16,12,321,0,0,0,321
06/13/2013,SMF,CA,AWP,WE,Towers with Radar,237,56,6,0,299,0,2,13,4,19,237,58,19,4,318,0,8,8,326
06/14/2013,SMF,CA,AWP,WE,Towers with Radar,251,54,7,1,313,0,2,7,1,10,251,56,14,2,323,10,8,18,341
06/15/2013,SMF,CA,AWP,WE,Towers with Radar,208,39,6,0,253,0,0,5,0,5,208,39,11,0,258,0,0,0,258
06/16/2013,SMF,CA,AWP,WE,Towers with Radar,225,34,7,0,266,0,4,12,0,16,225,38,19,0,282,14,0,14,296
06/17/2013,SMF,CA,AWP,WE,Towers with Radar,224,46,7,2,279,0,0,5,4,9,224,46,12,6,288,0,20,20,308
06/18/2013,SMF,CA,AWP,WE,Towers with Radar,240,52,7,3,302,0,2,13,0,15,240,54,20,3,317,24,0,24,341
06/19/2013,SMF,CA,AWP,WE,Towers with Radar,245,56,7,3,311,0,2,12,0,14,245,58,19,3,325,0,4,4,329
06/20/2013,SMF,CA,AWP,WE,Towers with Radar,243,49,4,0,296,0,2,4,0,6,243,51,8,0,302,8,0,8,310
06/21/2013,SMF,CA,AWP,WE,Towers with Radar,224,52,11,5,292,0,0,20,0,20,224,52,31,5,312,0,6,6,318
06/22/2013,SMF,CA,AWP,WE,Towers with Radar,218,42,9,0,269,0,0,19,1,20,218,42,28,1,289,0,0,0,289
06/23/2013,SMF,CA,AWP,WE,Towers with Radar,221,34,5,0,260,0,0,9,0,9,221,34,14,0,269,0,0,0,269
06/24/2013,SMF,CA,AWP,WE,Towers with Radar,236,42,15,1,294,0,0,1,0,1,236,42,16,1,295,0,0,0,295
06/25/2013,SMF,CA,AWP,WE,Towers with Radar,244,46,12,7,309,0,0,2,1,3,244,46,14,8,312,14,0,14,326
06/26/2013,SMF,CA,AWP,WE,Towers with Radar,234,50,8,0,292,0,0,17,0,17,234,50,25,0,309,18,0,18,327
06/27/2013,SMF,CA,AWP,WE,Towers with Radar,239,49,10,0,298,0,12,15,0,27,239,61,25,0,325,38,0,38,363
06/28/2013,SMF,CA,AWP,WE,Towers with Radar,240,52,9,0,301,0,5,8,0,13,240,57,17,0,314,18,0,18,332
06/29/2013,SMF,CA,AWP,WE,Towers with Radar,214,37,3,0,254,0,3,15,2,20,214,40,18,2,274,0,0,0,274
06/30/2013,SMF,CA,AWP,WE,Towers with Radar,219,36,2,0,257,0,0,12,0,12,219,36,14,0,269,6,0,6,275
07/01/2013,SMF,CA,AWP,WE,Towers with Radar,234,41,10,2,287,0,3,21,0,24,234,44,31,2,311,0,0,0,311
07/02/2013,SMF,CA,AWP,WE,Towers with Radar,243,51,8,2,304,0,0,20,0,20,243,51,28,2,324,4,0,4,328
07/03/2013,SMF,CA,AWP,WE,Towers with Radar,244,49,8,0,301,0,1,15,0,16,244,50,23,0,317,28,0,28,345
07/04/2013,SMF,CA,AWP,WE,Towers with Radar,165,33,1,0,199,0,1,1,0,2,165,34,2,0,201,16,0,16,217
07/05/2013,SMF,CA,AWP,WE,Towers with Radar,202,35,4,0,241,0,0,6,0,6,202,35,10,0,247,0,0,0,247
07/06/2013,SMF,CA,AWP,WE,Towers with Radar,225,34,1,0,260,0,1,9,0,10,225,35,10,0,270,0,0,0,270
07/07/2013,SMF,CA,AWP,WE,Towers with Radar,237,23,7,1,268,0,0,11,0,11,237,23,18,1,279,4,0,4,283
07/08/2013,SMF,CA,AWP,WE,Towers with Radar,242,43,13,5,303,0,0,28,9,37,242,43,41,14,340,38,10,48,388
07/09/2013,SMF,CA,AWP,WE,Towers with Radar,249,53,8,21,331,0,0,10,6,16,249,53,18,27,347,0,50,50,397
07/10/2013,SMF,CA,AWP,WE,Towers with Radar,240,51,17,8,316,0,4,14,4,22,240,55,31,12,338,42,32,74,412
07/11/2013,SMF,CA,AWP,WE,Towers with Radar,253,45,11,5,314,0,1,7,3,11,253,46,18,8,325,0,28,28,353
07/12/2013,SMF,CA,AWP,WE,Towers with Radar,248,47,12,3,310,0,2,10,3,15,248,49,22,6,325,0,16,16,341
07/13/2013,SMF,CA,AWP,WE,Towers with Radar,206,33,8,2,249,0,2,8,2,12,206,35,16,4,261,20,14,34,295
07/14/2013,SMF,CA,AWP,WE,Towers with Radar,228,33,6,0,267,0,1,14,0,15,228,34,20,0,282,24,0,24,306
07/15/2013,SMF,CA,AWP,WE,Towers with Radar,240,42,12,5,299,0,0,5,1,6,240,42,17,6,305,0,28,28,333
07/16/2013,SMF,CA,AWP,WE,Towers with Radar,242,46,11,2,301,0,2,16,2,20,242,48,27,4,321,14,8,22,343
07/17/2013,SMF,CA,AWP,WE,Towers with Radar,242,56,7,0,305,0,4,7,0,11,242,60,14,0,316,0,0,0,316
07/18/2013,SMF,CA,AWP,WE,Towers with Radar,248,53,8,6,315,0,0,25,2,27,248,53,33,8,342,0,10,10,352
07/19/2013,SMF,CA,AWP,WE,Towers with Radar,233,50,11,3,297,0,0,17,1,18,233,50,28,4,315,0,0,0,315
07/20/2013,SMF,CA,AWP,WE,Towers with Radar,207,35,5,0,247,0,1,10,0,11,207,36,15,0,258,0,0,0,258
07/21/2013,SMF,CA,AWP,WE,Towers with Radar,228,33,8,0,269,0,0,17,0,17,228,33,25,0,286,0,0,0,286
07/22/2013,SMF,CA,AWP,WE,Towers with Radar,240,42,5,2,289,0,0,11,0,11,240,42,16,2,300,2,6,8,308
07/23/2013,SMF,CA,AWP,WE,Towers with Radar,239,48,10,10,307,0,0,6,2,8,239,48,16,12,315,18,14,32,347
07/24/2013,SMF,CA,AWP,WE,Towers with Radar,243,55,10,4,312,0,3,13,4,20,243,58,23,8,332,2,8,10,342
07/25/2013,SMF,CA,AWP,WE,Towers with Radar,245,55,17,3,320,0,4,16,1,21,245,59,33,4,341,0,0,0,341
07/26/2013,SMF,CA,AWP,WE,Towers with Radar,244,51,9,4,308,0,0,21,0,21,244,51,30,4,329,0,10,10,339
07/27/2013,SMF,CA,AWP,WE,Towers with Radar,204,37,4,0,245,0,1,15,0,16,204,38,19,0,261,18,0,18,279
07/28/2013,SMF,CA,AWP,WE,Towers with Radar,221,38,4,0,263,0,0,16,0,16,221,38,20,0,279,2,0,2,281
07/29/2013,SMF,CA,AWP,WE,Towers with Radar,242,52,3,5,302,0,0,1,1,2,242,52,4,6,304,0,0,0,304
07/30/2013,SMF,CA,AWP,WE,Towers with Radar,238,41,12,0,291,0,0,11,0,11,238,41,23,0,302,10,22,32,334
07/31/2013,SMF,CA,AWP,WE,Towers with Radar,241,53,13,7,314,0,0,14,1,15,241,53,27,8,329,0,26,26,355
08/01/2013,SMF,CA,AWP,WE,Towers with Radar,244,59,3,7,313,0,4,21,2,27,244,63,24,9,340,74,14,88,428
08/02/2013,SMF,CA,AWP,WE,Towers with Radar,250,53,3,1,307,0,2,17,1,20,250,55,20,2,327,28,8,36,363
08/03/2013,SMF,CA,AWP,WE,Towers with Radar,200,34,5,0,239,0,6,4,1,11,200,40,9,1,250,56,0,56,306
08/04/2013,SMF,CA,AWP,WE,Towers with Radar,229,37,6,0,272,0,0,8,0,8,229,37,14,0,280,2,0,2,282
08/05/2013,SMF,CA,AWP,WE,Towers with Radar,237,52,11,0,300,0,0,12,0,12,237,52,23,0,312,2,0,2,314
08/06/2013,SMF,CA,AWP,WE,Towers with Radar,246,53,12,2,313,0,3,2,4,9,246,56,14,6,322,0,18,18,340
08/07/2013,SMF,CA,AWP,WE,Towers with Radar,238,52,4,5,299,0,2,11,4,17,238,54,15,9,316,6,22,28,344
08/08/2013,SMF,CA,AWP,WE,Towers with Radar,252,57,6,5,320,0,0,11,11,22,252,57,17,16,342,0,46,46,388
08/09/2013,SMF,CA,AWP,WE,Towers with Radar,243,47,6,2,298,0,0,17,0,17,243,47,23,2,315,0,0,0,315
08/10/2013,SMF,CA,AWP,WE,Towers with Radar,200,39,6,0,245,0,1,6,0,7,200,40,12,0,252,0,0,0,252
08/11/2013,SMF,CA,AWP,WE,Towers with Radar,226,38,5,0,269,0,3,16,0,19,226,41,21,0,288,4,0,4,292
08/12/2013,SMF,CA,AWP,WE,Towers with Radar,232,43,5,8,288,0,0,19,4,23,232,43,24,12,311,0,44,44,355
08/13/2013,SMF,CA,AWP,WE,Towers with Radar,231,49,7,10,297,0,0,10,4,14,231,49,17,14,311,0,12,12,323
08/14/2013,SMF,CA,AWP,WE,Towers with Radar,235,52,8,0,295,0,1,7,0,8,235,53,15,0,303,0,0,0,303
08/15/2013,SMF,CA,AWP,WE,Towers with Radar,243,51,12,3,309,0,6,18,1,25,243,57,30,4,334,24,2,26,360
08/16/2013,SMF,CA,AWP,WE,Towers with Radar,246,58,4,6,314,0,2,9,8,19,246,60,13,14,333,12,22,34,367
08/17/2013,SMF,CA,AWP,WE,Towers with Radar,182,35,4,0,221,0,5,7,0,12,182,40,11,0,233,0,0,0,233
08/18/2013,SMF,CA,AWP,WE,Towers with Radar,216,37,5,0,258,0,1,17,0,18,216,38,22,0,276,10,0,10,286
08/19/2013,SMF,CA,AWP,WE,Towers with Radar,238,48,7,1,294,0,0,30,1,31,238,48,37,2,325,4,6,10,335
08/20/2013,SMF,CA,AWP,WE,Towers with Radar,232,48,13,8,301,0,2,5,8,15,232,50,18,16,316,0,18,18,334
08/21/2013,SMF,CA,AWP,WE,Towers with Radar,231,53,4,5,293,0,0,8,9,17,231,53,12,14,310,0,10,10,320
08/22/2013,SMF,CA,AWP,WE,Towers with Radar,238,53,9,3,303,0,0,16,1,17,238,53,25,4,320,2,10,12,332
08/23/2013,SMF,CA,AWP,WE,Towers with Radar,233,51,18,2,304,0,0,20,2,22,233,51,38,4,326,0,8,8,334
08/24/2013,SMF,CA,AWP,WE,Towers with Radar,173,38,4,0,215,0,1,7,0,8,173,39,11,0,223,0,0,0,223
08/25/2013,SMF,CA,AWP,WE,Towers with Radar,211,32,7,0,250,0,0,22,0,22,211,32,29,0,272,0,0,0,272
08/26/2013,SMF,CA,AWP,WE,Towers with Radar,229,48,3,1,281,0,0,8,1,9,229,48,11,2,290,2,8,10,300
08/27/2013,SMF,CA,AWP,WE,Towers with Radar,224,50,14,0,288,0,0,14,0,14,224,50,28,0,302,0,0,0,302
08/28/2013,SMF,CA,AWP,WE,Towers with Radar,231,54,9,3,297,0,0,15,1,16,231,54,24,4,313,12,4,16,329
08/29/2013,SMF,CA,AWP,WE,Towers with Radar,231,57,9,2,299,0,1,10,2,13,231,58,19,4,312,0,6,6,318
08/30/2013,SMF,CA,AWP,WE,Towers with Radar,231,56,13,0,300,0,0,25,0,25,231,56,38,0,325,26,0,26,351
08/31/2013,SMF,CA,AWP,WE,Towers with Radar,156,33,2,0,191,0,1,5,0,6,156,34,7,0,197,0,0,0,197
09/01/2013,SMF,CA,AWP,WE,Towers with Radar,160,29,2,0,191,0,0,2,0,2,160,29,4,0,193,0,0,0,193
09/02/2013,SMF,CA,AWP,WE,Towers with Radar,203,43,4,0,250,0,0,21,0,21,203,43,25,0,271,6,0,6,277
09/03/2013,SMF,CA,AWP,WE,Towers with Radar,226,49,9,0,284,0,0,13,2,15,226,49,22,2,299,4,4,8,307
09/04/2013,SMF,CA,AWP,WE,Towers with Radar,231,53,7,0,291,0,0,7,0,7,231,53,14,0,298,18,0,18,316
09/05/2013,SMF,CA,AWP,WE,Towers with Radar,232,60,5,0,297,0,2,9,0,11,232,62,14,0,308,18,0,18,326
09/06/2013,SMF,CA,AWP,WE,Towers with Radar,233,55,14,0,302,0,0,6,5,11,233,55,20,5,313,4,12,16,329
09/07/2013,SMF,CA,AWP,WE,Towers with Radar,163,42,2,0,207,0,1,11,0,12,163,43,13,0,219,0,0,0,219
09/08/2013,SMF,CA,AWP,WE,Towers with Radar,215,39,3,0,257,0,0,16,0,16,215,39,19,0,273,26,0,26,299
09/09/2013,SMF,CA,AWP,WE,Towers with Radar,226,43,8,2,279,0,0,10,0,10,226,43,18,2,289,0,0,0,289
09/10/2013,SMF,CA,AWP,WE,Towers with Radar,224,48,11,8,291,0,0,14,1,15,224,48,25,9,306,2,22,24,330
09/11/2013,SMF,CA,AWP,WE,Towers with Radar,228,49,7,22,306,0,0,13,1,14,228,49,20,23,320,0,26,26,346
09/12/2013,SMF,CA,AWP,WE,Towers with Radar,233,49,6,7,295,0,0,17,5,22,233,49,23,12,317,0,34,34,351
09/13/2013,SMF,CA,AWP,WE,Towers with Radar,235,54,12,0,301,0,2,13,2,17,235,56,25,2,318,2,6,8,326
09/14/2013,SMF,CA,AWP,WE,Towers with Radar,164,41,3,0,208,0,1,13,0,14,164,42,16,0,222,0,0,0,222
09/15/2013,SMF,CA,AWP,WE,Towers with Radar,214,37,6,0,257,0,0,7,0,7,214,37,13,0,264,0,0,0,264
09/16/2013,SMF,CA,AWP,WE,Towers with Radar,231,46,5,8,290,0,1,16,0,17,231,47,21,8,307,0,0,0,307
09/17/2013,SMF,CA,AWP,WE,Towers with Radar,222,52,13,6,293,0,0,7,2,9,222,52,20,8,302,0,12,12,314
09/18/2013,SMF,CA,AWP,WE,Towers with Radar,233,53,4,1,291,0,0,12,3,15,233,53,16,4,306,0,0,0,306
09/19/2013,SMF,CA,AWP,WE,Towers with Radar,228,54,9,6,297,0,0,19,2,21,228,54,28,8,318,18,16,34,352
09/20/2013,SMF,CA,AWP,WE,Towers with Radar,239,55,8,0,302,0,1,9,0,10,239,56,17,0,312,0,0,0,312
09/21/2013,SMF,CA,AWP,WE,Towers with Radar,164,48,1,0,213,0,1,0,0,1,164,49,1,0,214,0,0,0,214
09/22/2013,SMF,CA,AWP,WE,Towers with Radar,218,37,6,0,261,0,0,14,0,14,218,37,20,0,275,0,0,0,275
09/23/2013,SMF,CA,AWP,WE,Towers with Radar,227,45,7,1,280,0,2,7,1,10,227,47,14,2,290,0,6,6,296
09/24/2013,SMF,CA,AWP,WE,Towers with Radar,220,48,9,2,279,0,0,9,2,11,220,48,18,4,290,0,4,4,294
09/25/2013,SMF,CA,AWP,WE,Towers with Radar,223,52,6,6,287,0,0,19,1,20,223,52,25,7,307,0,24,24,331
09/26/2013,SMF,CA,AWP,WE,Towers with Radar,233,53,12,4,302,0,0,12,2,14,233,53,24,6,316,0,26,26,342
09/27/2013,SMF,CA,AWP,WE,Towers with Radar,232,52,12,2,298,0,0,14,0,14,232,52,26,2,312,6,0,6,318
09/28/2013,SMF,CA,AWP,WE,Towers with Radar,160,34,6,0,200,0,1,8,0,9,160,35,14,0,209,0,0,0,209
09/29/2013,SMF,CA,AWP,WE,Towers with Radar,202,36,7,0,245,0,0,17,0,17,202,36,24,0,262,2,0,2,264
09/30/2013,SMF,CA,AWP,WE,Towers with Radar,222,49,12,1,284,0,0,4,0,4,222,49,16,1,288,0,0,0,288
10/01/2013,SMF,CA,AWP,WE,Towers with Radar,219,45,5,9,278,0,0,13,5,18,219,45,18,14,296,0,26,26,322
10/02/2013,SMF,CA,AWP,WE,Towers with Radar,225,51,10,10,296,0,2,16,2,20,225,53,26,12,316,6,44,50,366
10/03/2013,SMF,CA,AWP,WE,Towers with Radar,224,57,8,16,305,0,0,18,11,29,224,57,26,27,334,0,12,12,346
10/04/2013,SMF,CA,AWP,WE,Towers with Radar,225,60,5,24,314,0,0,10,5,15,225,60,15,29,329,0,40,40,369
10/05/2013,SMF,CA,AWP,WE,Towers with Radar,163,37,0,0,200,0,1,5,0,6,163,38,5,0,206,0,0,0,206
10/06/2013,SMF,CA,AWP,WE,Towers with Radar,206,38,7,0,251,0,0,9,0,9,206,38,16,0,260,0,0,0,260
10/07/2013,SMF,CA,AWP,WE,Towers with Radar,223,49,5,2,279,0,1,8,2,11,223,50,13,4,290,0,6,6,296
10/08/2013,SMF,CA,AWP,WE,Towers with Radar,225,46,8,22,301,0,0,16,2,18,225,46,24,24,319,0,28,28,347
10/09/2013,SMF,CA,AWP,WE,Towers with Radar,231,49,12,8,300,0,2,6,2,10,231,51,18,10,310,28,42,70,380
10/10/2013,SMF,CA,AWP,WE,Towers with Radar,228,57,5,2,292,0,1,10,2,13,228,58,15,4,305,0,12,12,317
10/11/2013,SMF,CA,AWP,WE,Towers with Radar,229,58,14,7,308,0,0,7,1,8,229,58,21,8,316,0,18,18,334
10/12/2013,SMF,CA,AWP,WE,Towers with Radar,161,34,3,0,198,0,1,4,0,5,161,35,7,0,203,0,0,0,203
10/13/2013,SMF,CA,AWP,WE,Towers with Radar,204,42,7,0,253,0,0,1,0,1,204,42,8,0,254,0,0,0,254
10/14/2013,SMF,CA,AWP,WE,Towers with Radar,225,45,6,2,278,0,0,15,0,15,225,45,21,2,293,0,0,0,293
10/15/2013,SMF,CA,AWP,WE,Towers with Radar,224,52,7,2,285,0,0,4,0,4,224,52,11,2,289,0,14,14,303
10/16/2013,SMF,CA,AWP,WE,Towers with Radar,226,54,6,0,286,0,0,11,0,11,226,54,17,0,297,0,0,0,297
10/17/2013,SMF,CA,AWP,WE,Towers with Radar,231,52,6,1,290,0,1,11,3,15,231,53,17,4,305,0,16,16,321
10/18/2013,SMF,CA,AWP,WE,Towers with Radar,230,50,8,8,296,0,0,7,0,7,230,50,15,8,303,0,10,10,313
10/19/2013,SMF,CA,AWP,WE,Towers with Radar,164,37,4,0,205,0,1,2,0,3,164,38,6,0,208,0,0,0,208
10/20/2013,SMF,CA,AWP,WE,Towers with Radar,210,37,10,0,257,0,0,10,0,10,210,37,20,0,267,0,0,0,267
10/21/2013,SMF,CA,AWP,WE,Towers with Radar,222,46,12,6,286,0,0,10,0,10,222,46,22,6,296,2,4,6,302
10/22/2013,SMF,CA,AWP,WE,Towers with Radar,225,53,11,2,291,0,0,7,1,8,225,53,18,3,299,0,14,14,313
10/23/2013,SMF,CA,AWP,WE,Towers with Radar,226,52,16,1,295,0,0,6,3,9,226,52,22,4,304,0,16,16,320
10/24/2013,SMF,CA,AWP,WE,Towers with Radar,230,47,11,3,291,0,0,11,5,16,230,47,22,8,307,0,52,52,359
10/25/2013,SMF,CA,AWP,WE,Towers with Radar,228,52,4,4,288,0,2,13,0,15,228,54,17,4,303,0,0,0,303
10/26/2013,SMF,CA,AWP,WE,Towers with Radar,160,37,4,0,201,0,1,9,0,10,160,38,13,0,211,20,0,20,231
10/27/2013,SMF,CA,AWP,WE,Towers with Radar,203,35,3,0,241,0,0,13,0,13,203,35,16,0,254,0,0,0,254
10/28/2013,SMF,CA,AWP,WE,Towers with Radar,225,45,8,6,284,0,0,15,2,17,225,45,23,8,301,0,24,24,325
10/29/2013,SMF,CA,AWP,WE,Towers with Radar,228,43,14,15,300,0,0,10,3,13,228,43,24,18,313,0,36,36,349
10/30/2013,SMF,CA,AWP,WE,Towers with Radar,227,53,9,3,292,0,0,19,1,20,227,53,28,4,312,0,18,18,330
10/31/2013,SMF,CA,AWP,WE,Towers with Radar,203,47,8,2,260,0,1,14,1,16,203,48,22,3,276,0,14,14,290
11/01/2013,SMF,CA,AWP,WE,Towers with Radar,220,47,8,0,275,0,0,12,0,12,220,47,20,0,287,0,0,0,287
11/02/2013,SMF,CA,AWP,WE,Towers with Radar,158,39,5,0,202,0,1,4,0,5,158,40,9,0,207,0,0,0,207
11/03/2013,SMF,CA,AWP,WE,Towers with Radar,210,38,4,0,252,0,0,10,0,10,210,38,14,0,262,0,0,0,262
11/04/2013,SMF,CA,AWP,WE,Towers with Radar,224,48,3,10,285,0,0,13,10,23,224,48,16,20,308,0,52,52,360
11/05/2013,SMF,CA,AWP,WE,Towers with Radar,223,46,9,6,284,0,0,16,2,18,223,46,25,8,302,0,26,26,328
11/06/2013,SMF,CA,AWP,WE,Towers with Radar,230,46,13,2,291,0,2,10,0,12,230,48,23,2,303,0,0,0,303
11/07/2013,SMF,CA,AWP,WE,Towers with Radar,233,54,11,2,300,0,1,10,2,13,233,55,21,4,313,0,12,12,325
11/08/2013,SMF,CA,AWP,WE,Towers with Radar,243,65,6,0,314,0,1,11,0,12,243,66,17,0,326,0,0,0,326
11/09/2013,SMF,CA,AWP,WE,Towers with Radar,173,35,6,0,214,0,0,8,0,8,173,35,14,0,222,0,0,0,222
11/10/2013,SMF,CA,AWP,WE,Towers with Radar,212,35,2,0,249,0,0,6,0,6,212,35,8,0,255,0,0,0,255
11/11/2013,SMF,CA,AWP,WE,Towers with Radar,224,44,12,0,280,0,0,15,0,15,224,44,27,0,295,8,0,8,303
11/12/2013,SMF,CA,AWP,WE,Towers with Radar,222,50,4,14,290,0,2,18,3,23,222,52,22,17,313,2,26,28,341
11/13/2013,SMF,CA,AWP,WE,Towers with Radar,229,47,8,2,286,0,0,14,2,16,229,47,22,4,302,0,10,10,312
11/14/2013,SMF,CA,AWP,WE,Towers with Radar,232,47,16,8,303,0,0,9,8,17,232,47,25,16,320,0,46,46,366
11/15/2013,SMF,CA,AWP,WE,Towers with Radar,232,52,16,0,300,0,0,4,0,4,232,52,20,0,304,0,0,0,304
11/16/2013,SMF,CA,AWP,WE,Towers with Radar,163,37,2,0,202,0,0,3,0,3,163,37,5,0,205,0,0,0,205
11/17/2013,SMF,CA,AWP,WE,Towers with Radar,211,35,6,0,252,0,0,8,0,8,211,35,14,0,260,0,0,0,260
11/18/2013,SMF,CA,AWP,WE,Towers with Radar,230,45,12,4,291,0,0,12,1,13,230,45,24,5,304,0,8,8,312
11/19/2013,SMF,CA,AWP,WE,Towers with Radar,224,50,19,5,298,0,0,0,1,1,224,50,19,6,299,0,4,4,303
11/20/2013,SMF,CA,AWP,WE,Towers with Radar,228,48,16,0,292,0,0,0,0,0,228,48,16,0,292,0,0,0,292
11/21/2013,SMF,CA,AWP,WE,Towers with Radar,229,48,11,11,299,0,0,6,0,6,229,48,17,11,305,0,6,6,311
11/22/2013,SMF,CA,AWP,WE,Towers with Radar,223,51,5,3,282,0,0,4,0,4,223,51,9,3,286,0,0,0,286
11/23/2013,SMF,CA,AWP,WE,Towers with Radar,179,37,9,0,225,0,0,11,0,11,179,37,20,0,236,4,0,4,240
11/24/2013,SMF,CA,AWP,WE,Towers with Radar,207,33,2,0,242,0,0,5,0,5,207,33,7,0,247,0,10,10,257
11/25/2013,SMF,CA,AWP,WE,Towers with Radar,217,51,20,11,299,0,0,10,2,12,217,51,30,13,311,0,18,18,329
11/26/2013,SMF,CA,AWP,WE,Towers with Radar,224,46,5,6,281,0,0,6,6,12,224,46,11,12,293,0,28,28,321
11/27/2013,SMF,CA,AWP,WE,Towers with Radar,226,50,6,8,290,0,0,8,8,16,226,50,14,16,306,0,28,28,334
11/28/2013,SMF,CA,AWP,WE,Towers with Radar,151,20,0,0,171,0,0,6,0,6,151,20,6,0,177,0,0,0,177
11/29/2013,SMF,CA,AWP,WE,Towers with Radar,177,36,5,0,218,0,0,15,0,15,177,36,20,0,233,0,0,0,233
11/30/2013,SMF,CA,AWP,WE,Towers with Radar,214,44,3,0,261,0,0,13,0,13,214,44,16,0,274,12,0,12,286
12/01/2013,SMF,CA,AWP,WE,Towers with Radar,240,38,6,2,286,0,2,16,0,18,240,40,22,2,304,0,0,0,304
12/02/2013,SMF,CA,AWP,WE,Towers with Radar,233,46,8,0,287,0,2,5,0,7,233,48,13,0,294,12,0,12,306
12/03/2013,SMF,CA,AWP,WE,Towers with Radar,236,49,11,1,297,0,0,3,0,3,236,49,14,1,300,0,0,0,300
12/04/2013,SMF,CA,AWP,WE,Towers with Radar,225,46,2,2,275,0,1,15,4,20,225,47,17,6,295,2,0,2,297
12/05/2013,SMF,CA,AWP,WE,Towers with Radar,223,51,3,0,277,0,1,9,0,10,223,52,12,0,287,0,0,0,287
12/06/2013,SMF,CA,AWP,WE,Towers with Radar,227,45,9,7,288,0,1,7,0,8,227,46,16,7,296,0,18,18,314
12/07/2013,SMF,CA,AWP,WE,Towers with Radar,165,38,2,3,208,0,0,5,0,5,165,38,7,3,213,0,0,0,213
12/08/2013,SMF,CA,AWP,WE,Towers with Radar,200,34,4,0,238,0,0,8,0,8,200,34,12,0,246,0,0,0,246
12/09/2013,SMF,CA,AWP,WE,Towers with Radar,223,48,13,1,285,0,1,14,7,22,223,49,27,8,307,12,22,34,341
12/10/2013,SMF,CA,AWP,WE,Towers with Radar,212,43,8,1,264,0,1,11,1,13,212,44,19,2,277,0,4,4,281
12/11/2013,SMF,CA,AWP,WE,Towers with Radar,224,51,14,0,289,0,1,6,2,9,224,52,20,2,298,0,0,0,298
12/12/2013,SMF,CA,AWP,WE,Towers with Radar,230,48,7,3,288,0,0,11,0,11,230,48,18,3,299,0,10,10,309
12/13/2013,SMF,CA,AWP,WE,Towers with Radar,232,48,12,0,292,0,0,19,0,19,232,48,31,0,311,14,0,14,325
12/14/2013,SMF,CA,AWP,WE,Towers with Radar,171,40,6,0,217,0,0,12,0,12,171,40,18,0,229,0,0,0,229
12/15/2013,SMF,CA,AWP,WE,Towers with Radar,206,38,5,0,249,0,0,14,0,14,206,38,19,0,263,0,0,0,263
12/16/2013,SMF,CA,AWP,WE,Towers with Radar,228,46,7,2,283,0,1,18,1,20,228,47,25,3,303,18,0,18,321
12/17/2013,SMF,CA,AWP,WE,Towers with Radar,217,52,5,0,274,0,2,13,0,15,217,54,18,0,289,18,0,18,307
12/18/2013,SMF,CA,AWP,WE,Towers with Radar,230,52,3,4,289,0,0,9,0,9,230,52,12,4,298,0,0,0,298
12/19/2013,SMF,CA,AWP,WE,Towers with Radar,231,50,18,8,307,0,1,4,0,5,231,51,22,8,312,0,10,10,322
12/20/2013,SMF,CA,AWP,WE,Towers with Radar,222,57,9,2,290,0,1,13,0,14,222,58,22,2,304,0,0,0,304
12/21/2013,SMF,CA,AWP,WE,Towers with Radar,202,42,2,0,246,0,2,15,0,17,202,44,17,0,263,0,0,0,263
12/22/2013,SMF,CA,AWP,WE,Towers with Radar,214,31,3,0,248,0,0,18,0,18,214,31,21,0,266,0,0,0,266
12/23/2013,SMF,CA,AWP,WE,Towers with Radar,224,47,7,4,282,0,0,5,0,5,224,47,12,4,287,0,0,0,287
12/24/2013,SMF,CA,AWP,WE,Towers with Radar,178,47,1,0,226,0,3,1,0,4,178,50,2,0,230,0,0,0,230
12/25/2013,SMF,CA,AWP,WE,Towers with Radar,169,30,0,0,199,0,0,4,0,4,169,30,4,0,203,0,0,0,203
12/26/2013,SMF,CA,AWP,WE,Towers with Radar,226,47,12,0,285,0,3,17,0,20,226,50,29,0,305,10,0,10,315
12/27/2013,SMF,CA,AWP,WE,Towers with Radar,229,51,12,0,292,0,1,16,0,17,229,52,28,0,309,0,0,0,309
12/28/2013,SMF,CA,AWP,WE,Towers with Radar,201,35,1,0,237,0,1,15,0,16,201,36,16,0,253,0,0,0,253
12/29/2013,SMF,CA,AWP,WE,Towers with Radar,198,29,2,0,229,0,0,17,0,17,198,29,19,0,246,0,0,0,246
12/30/2013,SMF,CA,AWP,WE,Towers with Radar,222,39,4,0,265,0,0,13,0,13,222,39,17,0,278,0,0,0,278
12/31/2013,SMF,CA,AWP,WE,Towers with Radar,165,43,5,2,215,0,1,6,0,7,165,44,11,2,222,2,12,14,236
01/01/2014,SMF,CA,AWP,WE,Towers with Radar,170,35,4,2,211,0,0,7,0,7,170,35,11,2,218,0,16,16,234
01/02/2014,SMF,CA,AWP,WE,Towers with Radar,218,48,7,0,273,0,3,19,0,22,218,51,26,0,295,0,0,0,295
01/03/2014,SMF,CA,AWP,WE,Towers with Radar,215,50,8,5,278,0,0,10,5,15,215,50,18,10,293,0,34,34,327
01/04/2014,SMF,CA,AWP,WE,Towers with Radar,189,40,7,1,237,0,2,16,0,18,189,42,23,1,255,0,2,2,257
01/05/2014,SMF,CA,AWP,WE,Towers with Radar,206,35,4,0,245,0,1,3,0,4,206,36,7,0,249,0,0,0,249
01/06/2014,SMF,CA,AWP,WE,Towers with Radar,210,40,5,2,257,0,0,20,0,20,210,40,25,2,277,32,12,44,321
01/07/2014,SMF,CA,AWP,WE,Towers with Radar,206,48,27,16,297,0,0,10,2,12,206,48,37,18,309,12,8,20,329
01/08/2014,SMF,CA,AWP,WE,Towers with Radar,208,55,13,0,276,0,0,0,0,0,208,55,13,0,276,0,0,0,276
01/09/2014,SMF,CA,AWP,WE,Towers with Radar,220,49,7,4,280,0,0,10,0,10,220,49,17,4,290,0,0,0,290
01/10/2014,SMF,CA,AWP,WE,Towers with Radar,225,47,15,4,291,0,0,8,0,8,225,47,23,4,299,8,0,8,307
01/11/2014,SMF,CA,AWP,WE,Towers with Radar,149,31,7,0,187,0,0,6,0,6,149,31,13,0,193,30,0,30,223
01/12/2014,SMF,CA,AWP,WE,Towers with Radar,189,32,4,0,225,0,1,11,0,12,189,33,15,0,237,0,0,0,237
01/13/2014,SMF,CA,AWP,WE,Towers with Radar,218,43,11,2,274,0,0,7,0,7,218,43,18,2,281,0,0,0,281
01/14/2014,SMF,CA,AWP,WE,Towers with Radar,212,48,14,18,292,0,0,23,7,30,212,48,37,25,322,30,44,74,396
01/15/2014,SMF,CA,AWP,WE,Towers with Radar,211,41,13,3,268,0,1,11,3,15,211,42,24,6,283,24,10,34,317
01/16/2014,SMF,CA,AWP,WE,Towers with Radar,219,50,11,4,284,0,1,17,1,19,219,51,28,5,303,0,6,6,309
01/17/2014,SMF,CA,AWP,WE,Towers with Radar,221,53,8,6,288,0,0,20,2,22,221,53,28,8,310,0,24,24,334
01/18/2014,SMF,CA,AWP,WE,Towers with Radar,146,36,5,0,187,0,0,12,0,12,146,36,17,0,199,0,0,0,199
01/19/2014,SMF,CA,AWP,WE,Towers with Radar,176,29,4,2,211,0,0,11,0,11,176,29,15,2,222,6,0,6,228
01/20/2014,SMF,CA,AWP,WE,Towers with Radar,219,41,14,0,274,0,0,12,0,12,219,41,26,0,286,0,0,0,286
01/21/2014,SMF,CA,AWP,WE,Towers with Radar,212,47,9,2,270,0,0,19,0,19,212,47,28,2,289,34,8,42,331
01/22/2014,SMF,CA,AWP,WE,Towers with Radar,210,48,14,2,274,0,0,9,2,11,210,48,23,4,285,4,12,16,301
01/23/2014,SMF,CA,AWP,WE,Towers with Radar,221,50,7,6,284,0,0,5,0,5,221,50,12,6,289,0,0,0,289
01/24/2014,SMF,CA,AWP,WE,Towers with Radar,221,51,18,9,299,0,5,13,2,20,221,56,31,11,319,0,4,4,323
01/25/2014,SMF,CA,AWP,WE,Towers with Radar,145,32,9,0,186,0,0,16,0,16,145,32,25,0,202,6,0,6,208
01/26/2014,SMF,CA,AWP,WE,Towers with Radar,191,26,10,0,227,0,0,6,0,6,191,26,16,0,233,28,0,28,261
01/27/2014,SMF,CA,AWP,WE,Towers with Radar,215,44,3,15,277,0,1,7,4,12,215,45,10,19,289,0,30,30,319
01/28/2014,SMF,CA,AWP,WE,Towers with Radar,211,45,15,6,277,0,0,12,3,15,211,45,27,9,292,32,0,32,324
01/29/2014,SMF,CA,AWP,WE,Towers with Radar,206,41,30,2,279,0,0,1,0,1,206,41,31,2,280,0,0,0,280
01/30/2014,SMF,CA,AWP,WE,Towers with Radar,213,49,7,10,279,0,0,1,2,3,213,49,8,12,282,6,22,28,310
01/31/2014,SMF,CA,AWP,WE,Towers with Radar,223,47,7,2,279,0,0,11,1,12,223,47,18,3,291,4,12,16,307
02/01/2014,SMF,CA,AWP,WE,Towers with Radar,146,28,6,0,180,0,1,15,0,16,146,29,21,0,196,0,0,0,196
02/02/2014,SMF,CA,AWP,WE,Towers with Radar,174,23,4,0,201,0,0,2,0,2,174,23,6,0,203,0,0,0,203
02/03/2014,SMF,CA,AWP,WE,Towers with Radar,214,42,12,0,268,0,0,11,1,12,214,42,23,1,280,0,0,0,280
02/04/2014,SMF,CA,AWP,WE,Towers with Radar,215,45,9,3,272,0,1,12,0,13,215,46,21,3,285,0,26,26,311
02/05/2014,SMF,CA,AWP,WE,Towers with Radar,213,55,12,1,281,0,0,0,0,0,213,55,12,1,281,0,8,8,289
02/06/2014,SMF,CA,AWP,WE,Towers with Radar,215,45,12,8,280,0,0,0,1,1,215,45,12,9,281,0,0,0,281
02/07/2014,SMF,CA,AWP,WE,Towers with Radar,220,51,12,4,287,0,0,0,0,0,220,51,12,4,287,0,0,0,287
02/08/2014,SMF,CA,AWP,WE,Towers with Radar,147,29,2,0,178,0,0,0,0,0,147,29,2,0,178,0,0,0,178
02/09/2014,SMF,CA,AWP,WE,Towers with Radar,184,21,6,0,211,0,0,0,0,0,184,21,6,0,211,0,0,0,211
02/10/2014,SMF,CA,AWP,WE,Towers with Radar,217,45,12,0,274,0,1,2,0,3,217,46,14,0,277,0,0,0,277
02/11/2014,SMF,CA,AWP,WE,Towers with Radar,208,44,17,1,270,0,0,5,2,7,208,44,22,3,277,8,6,14,291
02/12/2014,SMF,CA,AWP,WE,Towers with Radar,207,53,18,6,284,0,0,11,0,11,207,53,29,6,295,0,18,18,313
02/13/2014,SMF,CA,AWP,WE,Towers with Radar,233,48,15,22,318,0,0,7,8,15,233,48,22,30,333,12,58,70,403
02/14/2014,SMF,CA,AWP,WE,Towers with Radar,224,47,12,2,285,0,0,2,3,5,224,47,14,5,290,8,0,8,298
02/15/2014,SMF,CA,AWP,WE,Towers with Radar,159,30,3,2,194,0,0,0,0,0,159,30,3,2,194,0,0,0,194
02/16/2014,SMF,CA,AWP,WE,Towers with Radar,181,32,3,0,216,0,0,9,0,9,181,32,12,0,225,0,0,0,225
02/17/2014,SMF,CA,AWP,WE,Towers with Radar,219,38,7,0,264,0,2,10,0,12,219,40,17,0,276,0,0,0,276
02/18/2014,SMF,CA,AWP,WE,Towers with Radar,220,43,8,4,275,0,0,12,0,12,220,43,20,4,287,8,4,12,299
02/19/2014,SMF,CA,AWP,WE,Towers with Radar,215,42,20,5,282,0,0,6,3,9,215,42,26,8,291,0,8,8,299
02/20/2014,SMF,CA,AWP,WE,Towers with Radar,221,50,5,3,279,0,1,10,1,12,221,51,15,4,291,10,6,16,307
02/21/2014,SMF,CA,AWP,WE,Towers with Radar,217,50,6,7,280,0,1,11,1,13,217,51,17,8,293,0,10,10,303
02/22/2014,SMF,CA,AWP,WE,Towers with Radar,166,30,10,0,206,0,2,9,0,11,166,32,19,0,217,0,0,0,217
02/23/2014,SMF,CA,AWP,WE,Towers with Radar,189,36,8,0,233,0,0,7,0,7,189,36,15,0,240,12,0,12,252
02/24/2014,SMF,CA,AWP,WE,Towers with Radar,228,40,14,3,285,0,1,9,3,13,228,41,23,6,298,0,22,22,320
02/25/2014,SMF,CA,AWP,WE,Towers with Radar,219,48,19,3,289,0,1,8,6,15,219,49,27,9,304,0,16,16,320
02/26/2014,SMF,CA,AWP,WE,Towers with Radar,212,39,17,33,301,0,0,4,3,7,212,39,21,36,308,0,50,50,358
02/27/2014,SMF,CA,AWP,WE,Towers with Radar,225,42,13,13,293,0,0,1,1,2,225,42,14,14,295,0,22,22,317
02/28/2014,SMF,CA,AWP,WE,Towers with Radar,217,45,25,6,293,0,0,0,0,0,217,45,25,6,293,0,0,0,293
03/01/2014,SMF,CA,AWP,WE,Towers with Radar,165,31,4,1,201,0,0,4,1,5,165,31,8,2,206,8,4,12,218
03/02/2014,SMF,CA,AWP,WE,Towers with Radar,195,38,7,0,240,0,0,2,0,2,195,38,9,0,242,0,0,0,242
03/03/2014,SMF,CA,AWP,WE,Towers with Radar,223,41,16,10,290,0,0,3,0,3,223,41,19,10,293,0,28,28,321
03/04/2014,SMF,CA,AWP,WE,Towers with Radar,221,47,9,2,279,0,0,2,0,2,221,47,11,2,281,4,6,10,291
03/05/2014,SMF,CA,AWP,WE,Towers with Radar,209,45,20,5,279,0,0,7,3,10,209,45,27,8,289,4,20,24,313
03/06/2014,SMF,CA,AWP,WE,Towers with Radar,229,48,9,6,292,0,1,4,0,5,229,49,13,6,297,0,10,10,307
03/07/2014,SMF,CA,AWP,WE,Towers with Radar,226,48,6,0,280,0,1,13,0,14,226,49,19,0,294,0,0,0,294
03/08/2014,SMF,CA,AWP,WE,Towers with Radar,174,37,3,0,214,0,1,10,0,11,174,38,13,0,225,0,0,0,225
03/09/2014,SMF,CA,AWP,WE,Towers with Radar,199,36,3,0,238,0,0,8,0,8,199,36,11,0,246,6,0,6,252
03/10/2014,SMF,CA,AWP,WE,Towers with Radar,222,43,6,6,277,0,1,9,3,13,222,44,15,9,290,6,48,54,344
03/11/2014,SMF,CA,AWP,WE,Towers with Radar,215,48,12,9,284,0,1,6,1,8,215,49,18,10,292,0,28,28,320
03/12/2014,SMF,CA,AWP,WE,Towers with Radar,223,47,7,15,292,0,1,9,6,16,223,48,16,21,308,0,34,34,342
03/13/2014,SMF,CA,AWP,WE,Towers with Radar,224,43,2,1,270,0,1,11,11,23,224,44,13,12,293,0,34,34,327
03/14/2014,SMF,CA,AWP,WE,Towers with Radar,224,44,4,14,286,0,3,18,0,21,224,47,22,14,307,0,10,10,317
03/15/2014,SMF,CA,AWP,WE,Towers with Radar,172,40,4,1,217,0,1,19,0,20,172,41,23,1,237,0,0,0,237
03/16/2014,SMF,CA,AWP,WE,Towers with Radar,203,33,7,0,243,0,0,6,0,6,203,33,13,0,249,0,0,0,249
03/17/2014,SMF,CA,AWP,WE,Towers with Radar,224,41,8,5,278,0,1,16,12,29,224,42,24,17,307,20,26,46,353
03/18/2014,SMF,CA,AWP,WE,Towers with Radar,220,44,10,7,281,0,1,14,6,21,220,45,24,13,302,0,24,24,326
03/19/2014,SMF,CA,AWP,WE,Towers with Radar,219,46,7,3,275,0,2,11,5,18,219,48,18,8,293,2,8,10,303
03/20/2014,SMF,CA,AWP,WE,Towers with Radar,229,46,13,2,290,0,1,16,2,19,229,47,29,4,309,0,18,18,327
03/21/2014,SMF,CA,AWP,WE,Towers with Radar,228,45,12,4,289,0,1,12,0,13,228,46,24,4,302,0,0,0,302
03/22/2014,SMF,CA,AWP,WE,Towers with Radar,173,37,4,0,214,0,1,16,0,17,173,38,20,0,231,12,0,12,243
03/23/2014,SMF,CA,AWP,WE,Towers with Radar,209,34,8,0,251,0,0,12,0,12,209,34,20,0,263,0,0,0,263
03/24/2014,SMF,CA,AWP,WE,Towers with Radar,223,42,6,1,272,0,1,12,1,14,223,43,18,2,286,0,10,10,296
03/25/2014,SMF,CA,AWP,WE,Towers with Radar,222,46,19,12,299,0,0,2,2,4,222,46,21,14,303,0,4,4,307
03/26/2014,SMF,CA,AWP,WE,Towers with Radar,220,43,20,6,289,0,0,2,2,4,220,43,22,8,293,0,24,24,317
03/27/2014,SMF,CA,AWP,WE,Towers with Radar,232,46,4,5,287,0,1,7,1,9,232,47,11,6,296,0,6,6,302
03/28/2014,SMF,CA,AWP,WE,Towers with Radar,223,43,12,1,279,0,0,3,0,3,223,43,15,1,282,0,0,0,282
03/29/2014,SMF,CA,AWP,WE,Towers with Radar,182,38,4,0,224,0,1,0,0,1,182,39,4,0,225,0,0,0,225
03/30/2014,SMF,CA,AWP,WE,Towers with Radar,210,39,11,0,260,0,0,8,0,8,210,39,19,0,268,0,0,0,268
03/31/2014,SMF,CA,AWP,WE,Towers with Radar,219,41,15,18,293,0,0,6,2,8,219,41,21,20,301,0,28,28,329
04/01/2014,SMF,CA,AWP,WE,Towers with Radar,224,47,12,21,304,0,0,0,5,5,224,47,12,26,309,0,0,0,309
04/02/2014,SMF,CA,AWP,WE,Towers with Radar,221,48,14,7,290,0,2,3,3,8,221,50,17,10,298,0,0,0,298
04/03/2014,SMF,CA,AWP,WE,Towers with Radar,231,44,8,5,288,0,1,2,3,6,231,45,10,8,294,0,20,20,314
04/04/2014,SMF,CA,AWP,WE,Towers with Radar,228,47,8,8,291,0,1,7,4,12,228,48,15,12,303,0,32,32,335
04/05/2014,SMF,CA,AWP,WE,Towers with Radar,176,34,7,0,217,0,1,13,0,14,176,35,20,0,231,8,0,8,239
04/06/2014,SMF,CA,AWP,WE,Towers with Radar,210,34,6,8,258,0,2,12,0,14,210,36,18,8,272,0,10,10,282
04/07/2014,SMF,CA,AWP,WE,Towers with Radar,228,44,9,3,284,0,2,20,3,25,228,46,29,6,309,0,4,4,313
04/08/2014,SMF,CA,AWP,WE,Towers with Radar,233,43,8,0,284,0,1,14,4,19,233,44,22,4,303,0,20,20,323
04/09/2014,SMF,CA,AWP,WE,Towers with Radar,229,47,8,0,284,0,2,9,0,11,229,49,17,0,295,0,0,0,295
04/10/2014,SMF,CA,AWP,WE,Towers with Radar,239,49,7,0,295,0,1,23,4,28,239,50,30,4,323,6,34,40,363
04/11/2014,SMF,CA,AWP,WE,Towers with Radar,233,49,12,5,299,0,1,16,8,25,233,50,28,13,324,0,0,0,324
04/12/2014,SMF,CA,AWP,WE,Towers with Radar,180,32,2,0,214,0,1,5,0,6,180,33,7,0,220,0,0,0,220
04/13/2014,SMF,CA,AWP,WE,Towers with Radar,215,28,5,0,248,0,2,11,0,13,215,30,16,0,261,0,0,0,261
04/14/2014,SMF,CA,AWP,WE,Towers with Radar,229,44,14,3,290,0,3,19,2,24,229,47,33,5,314,0,8,8,322
04/15/2014,SMF,CA,AWP,WE,Towers with Radar,229,40,16,2,287,0,1,15,2,18,229,41,31,4,305,2,6,8,313
04/16/2014,SMF,CA,AWP,WE,Towers with Radar,236,48,10,14,308,0,4,15,0,19,236,52,25,14,327,0,0,0,327
04/17/2014,SMF,CA,AWP,WE,Towers with Radar,234,54,12,0,300,0,1,16,2,19,234,55,28,2,319,0,8,8,327
04/18/2014,SMF,CA,AWP,WE,Towers with Radar,234,51,10,5,300,0,1,15,3,19,234,52,25,8,319,2,10,12,331
04/19/2014,SMF,CA,AWP,WE,Towers with Radar,176,29,3,0,208,0,1,5,0,6,176,30,8,0,214,0,0,0,214
04/20/2014,SMF,CA,AWP,WE,Towers with Radar,212,31,2,0,245,0,0,7,0,7,212,31,9,0,252,0,0,0,252
04/21/2014,SMF,CA,AWP,WE,Towers with Radar,234,44,9,4,291,0,0,12,4,16,234,44,21,8,307,6,16,22,329
04/22/2014,SMF,CA,AWP,WE,Towers with Radar,233,45,14,3,295,0,2,11,3,16,233,47,25,6,311,0,8,8,319
04/23/2014,SMF,CA,AWP,WE,Towers with Radar,232,48,10,4,294,0,1,16,4,21,232,49,26,8,315,0,26,26,341
04/24/2014,SMF,CA,AWP,WE,Towers with Radar,235,52,9,0,296,0,1,14,2,17,235,53,23,2,313,10,2,12,325
04/25/2014,SMF,CA,AWP,WE,Towers with Radar,236,57,13,0,306,0,0,1,0,1,236,57,14,0,307,0,0,0,307
04/26/2014,SMF,CA,AWP,WE,Towers with Radar,183,34,5,0,222,0,1,2,0,3,183,35,7,0,225,10,0,10,235
04/27/2014,SMF,CA,AWP,WE,Towers with Radar,217,36,9,0,262,0,0,2,0,2,217,36,11,0,264,0,0,0,264
04/28/2014,SMF,CA,AWP,WE,Towers with Radar,231,48,8,0,287,0,0,17,0,17,231,48,25,0,304,0,0,0,304
04/29/2014,SMF,CA,AWP,WE,Towers with Radar,232,50,11,8,301,0,0,19,4,23,232,50,30,12,324,16,18,34,358
04/30/2014,SMF,CA,AWP,WE,Towers with Radar,229,50,11,2,292,0,0,19,1,20,229,50,30,3,312,20,6,26,338
05/01/2014,SMF,CA,AWP,WE,Towers with Radar,239,58,7,12,316,0,2,16,6,24,239,60,23,18,340,0,22,22,362
05/02/2014,SMF,CA,AWP,WE,Towers with Radar,236,58,8,2,304,0,2,18,0,20,236,60,26,2,324,28,0,28,352
05/03/2014,SMF,CA,AWP,WE,Towers with Radar,176,38,3,2,219,0,2,2,0,4,176,40,5,2,223,0,0,0,223
05/04/2014,SMF,CA,AWP,WE,Towers with Radar,215,38,2,2,257,0,2,5,0,7,215,40,7,2,264,12,0,12,276
05/05/2014,SMF,CA,AWP,WE,Towers with Radar,236,46,9,2,293,0,0,4,0,4,236,46,13,2,297,0,8,8,305
05/06/2014,SMF,CA,AWP,WE,Towers with Radar,232,52,11,5,300,0,1,11,0,12,232,53,22,5,312,4,0,4,316
05/07/2014,SMF,CA,AWP,WE,Towers with Radar,236,61,17,7,321,0,0,8,0,8,236,61,25,7,329,0,2,2,331
05/08/2014,SMF,CA,AWP,WE,Towers with Radar,233,53,9,1,296,0,0,6,3,9,233,53,15,4,305,0,0,0,305
05/09/2014,SMF,CA,AWP,WE,Towers with Radar,239,58,9,8,314,0,0,11,7,18,239,58,20,15,332,0,60,60,392
05/10/2014,SMF,CA,AWP,WE,Towers with Radar,178,38,7,2,225,0,1,8,2,11,178,39,15,4,236,0,22,22,258
05/11/2014,SMF,CA,AWP,WE,Towers with Radar,212,32,5,0,249,0,0,5,0,5,212,32,10,0,254,0,0,0,254
05/12/2014,SMF,CA,AWP,WE,Towers with Radar,221,50,10,3,284,0,2,9,1,12,221,52,19,4,296,0,0,0,296
05/13/2014,SMF,CA,AWP,WE,Towers with Radar,231,49,7,1,288,0,0,13,3,16,231,49,20,4,304,28,20,48,352
05/14/2014,SMF,CA,AWP,WE,Towers with Radar,233,52,13,4,302,0,2,12,2,16,233,54,25,6,318,8,18,26,344
05/15/2014,SMF,CA,AWP,WE,Towers with Radar,234,50,5,2,291,0,0,20,7,27,234,50,25,9,318,0,34,34,352
05/16/2014,SMF,CA,AWP,WE,Towers with Radar,233,53,5,5,296,0,1,11,5,17,233,54,16,10,313,0,40,40,353
05/17/2014,SMF,CA,AWP,WE,Towers with Radar,177,34,6,0,217,0,0,7,0,7,177,34,13,0,224,0,0,0,224
05/18/2014,SMF,CA,AWP,WE,Towers with Radar,211,31,2,0,244,0,0,9,0,9,211,31,11,0,253,4,0,4,257
05/19/2014,SMF,CA,AWP,WE,Towers with Radar,235,41,3,13,292,0,2,21,5,28,235,43,24,18,320,8,34,42,362
05/20/2014,SMF,CA,AWP,WE,Towers with Radar,232,49,15,12,308,0,0,10,0,10,232,49,25,12,318,12,24,36,354
05/21/2014,SMF,CA,AWP,WE,Towers with Radar,229,48,12,0,289,0,0,7,0,7,229,48,19,0,296,0,0,0,296
05/22/2014,SMF,CA,AWP,WE,Towers with Radar,240,59,11,12,322,0,0,12,2,14,240,59,23,14,336,0,20,20,356
05/23/2014,SMF,CA,AWP,WE,Towers with Radar,242,51,10,0,303,0,0,13,0,13,242,51,23,0,316,0,0,0,316
05/24/2014,SMF,CA,AWP,WE,Towers with Radar,166,34,5,0,205,0,0,10,0,10,166,34,15,0,215,0,0,0,215
05/25/2014,SMF,CA,AWP,WE,Towers with Radar,180,24,0,0,204,0,0,3,0,3,180,24,3,0,207,0,0,0,207
05/26/2014,SMF,CA,AWP,WE,Towers with Radar,209,36,4,0,249,0,1,14,0,15,209,37,18,0,264,0,0,0,264
05/27/2014,SMF,CA,AWP,WE,Towers with Radar,233,47,8,6,294,0,0,15,0,15,233,47,23,6,309,0,0,0,309
05/28/2014,SMF,CA,AWP,WE,Towers with Radar,240,50,8,11,309,0,4,8,1,13,240,54,16,12,322,0,34,34,356
05/29/2014,SMF,CA,AWP,WE,Towers with Radar,240,50,9,7,306,0,0,15,3,18,240,50,24,10,324,0,0,0,324
05/30/2014,SMF,CA,AWP,WE,Towers with Radar,236,50,8,4,298,0,0,13,2,15,236,50,21,6,313,0,0,0,313
05/31/2014,SMF,CA,AWP,WE,Towers with Radar,182,32,1,0,215,0,0,17,0,17,182,32,18,0,232,0,0,0,232
06/01/2014,SMF,CA,AWP,WE,Towers with Radar,215,32,7,0,254,0,0,6,0,6,215,32,13,0,260,0,0,0,260
06/02/2014,SMF,CA,AWP,WE,Towers with Radar,235,42,6,2,285,0,2,6,0,8,235,44,12,2,293,0,0,0,293
06/03/2014,SMF,CA,AWP,WE,Towers with Radar,231,48,7,1,287,0,0,14,3,17,231,48,21,4,304,0,10,10,314
06/04/2014,SMF,CA,AWP,WE,Towers with Radar,233,55,10,0,298,0,0,13,0,13,233,55,23,0,311,0,0,0,311
06/05/2014,SMF,CA,AWP,WE,Towers with Radar,243,52,11,0,306,0,0,4,0,4,243,52,15,0,310,0,0,0,310
06/06/2014,SMF,CA,AWP,WE,Towers with Radar,234,48,5,0,287,0,0,2,0,2,234,48,7,0,289,0,0,0,289
06/07/2014,SMF,CA,AWP,WE,Towers with Radar,185,34,2,0,221,0,0,10,0,10,185,34,12,0,231,0,0,0,231
06/08/2014,SMF,CA,AWP,WE,Towers with Radar,215,29,5,0,249,0,0,13,0,13,215,29,18,0,262,6,0,6,268
06/09/2014,SMF,CA,AWP,WE,Towers with Radar,243,44,9,0,296,0,3,12,0,15,243,47,21,0,311,0,0,0,311
06/10/2014,SMF,CA,AWP,WE,Towers with Radar,248,50,22,0,320,0,6,17,2,25,248,56,39,2,345,16,0,16,361
06/11/2014,SMF,CA,AWP,WE,Towers with Radar,241,55,8,0,304,0,0,10,0,10,241,55,18,0,314,0,0,0,314
06/12/2014,SMF,CA,AWP,WE,Towers with Radar,243,43,14,9,309,0,2,20,1,23,243,45,34,10,332,6,12,18,350
06/13/2014,SMF,CA,AWP,WE,Towers with Radar,240,55,9,0,304,0,2,26,0,28,240,57,35,0,332,0,0,0,332
06/14/2014,SMF,CA,AWP,WE,Towers with Radar,205,31,2,2,240,0,0,9,0,9,205,31,11,2,249,0,0,0,249
06/15/2014,SMF,CA,AWP,WE,Towers with Radar,222,32,8,0,262,0,1,13,0,14,222,33,21,0,276,14,0,14,290
06/16/2014,SMF,CA,AWP,WE,Towers with Radar,234,41,16,0,291,0,4,23,4,31,234,45,39,4,322,18,10,28,350
06/17/2014,SMF,CA,AWP,WE,Towers with Radar,248,47,4,4,303,0,2,10,4,16,248,49,14,8,319,2,16,18,337
06/18/2014,SMF,CA,AWP,WE,Towers with Radar,241,47,9,0,297,0,0,12,0,12,241,47,21,0,309,0,0,0,309
06/19/2014,SMF,CA,AWP,WE,Towers with Radar,241,44,4,5,294,0,4,6,1,11,241,48,10,6,305,0,0,0,305
06/20/2014,SMF,CA,AWP,WE,Towers with Radar,242,51,10,1,304,0,1,19,1,21,242,52,29,2,325,0,10,10,335
06/21/2014,SMF,CA,AWP,WE,Towers with Radar,196,30,3,2,231,0,2,11,1,14,196,32,14,3,245,0,0,0,245
06/22/2014,SMF,CA,AWP,WE,Towers with Radar,223,28,4,0,255,0,0,10,0,10,223,28,14,0,265,0,0,0,265
06/23/2014,SMF,CA,AWP,WE,Towers with Radar,237,33,7,6,283,0,0,10,3,13,237,33,17,9,296,0,14,14,310
06/24/2014,SMF,CA,AWP,WE,Towers with Radar,243,40,5,0,288,0,2,15,0,17,243,42,20,0,305,4,22,26,331
06/25/2014,SMF,CA,AWP,WE,Towers with Radar,241,40,11,5,297,0,0,4,7,11,241,40,15,12,308,0,20,20,328
06/26/2014,SMF,CA,AWP,WE,Towers with Radar,245,37,11,1,294,0,2,14,3,19,245,39,25,4,313,10,22,32,345
06/27/2014,SMF,CA,AWP,WE,Towers with Radar,251,47,9,0,307,0,0,25,4,29,251,47,34,4,336,0,0,0,336
06/28/2014,SMF,CA,AWP,WE,Towers with Radar,197,38,4,0,239,0,0,6,0,6,197,38,10,0,245,0,0,0,245
06/29/2014,SMF,CA,AWP,WE,Towers with Radar,221,31,2,1,255,0,1,6,0,7,221,32,8,1,262,2,0,2,264
06/30/2014,SMF,CA,AWP,WE,Towers with Radar,232,39,5,0,276,0,1,7,0,8,232,40,12,0,284,0,0,0,284
07/01/2014,SMF,CA,AWP,WE,Towers with Radar,235,39,4,7,285,0,2,11,5,18,235,41,15,12,303,0,20,20,323
07/02/2014,SMF,CA,AWP,WE,Towers with Radar,231,45,8,2,286,0,4,4,2,10,231,49,12,4,296,0,0,0,296
07/03/2014,SMF,CA,AWP,WE,Towers with Radar,232,43,5,2,282,0,3,15,6,24,232,46,20,8,306,16,20,36,342
07/04/2014,SMF,CA,AWP,WE,Towers with Radar,150,33,4,0,187,0,0,7,0,7,150,33,11,0,194,0,0,0,194
07/05/2014,SMF,CA,AWP,WE,Towers with Radar,189,32,3,0,224,0,2,4,0,6,189,34,7,0,230,0,0,0,230
07/06/2014,SMF,CA,AWP,WE,Towers with Radar,225,33,0,0,258,0,0,10,0,10,225,33,10,0,268,0,0,0,268
07/07/2014,SMF,CA,AWP,WE,Towers with Radar,237,43,5,0,285,0,0,8,0,8,237,43,13,0,293,0,0,0,293
07/08/2014,SMF,CA,AWP,WE,Towers with Radar,245,40,6,7,298,0,2,5,4,11,245,42,11,11,309,0,12,12,321
07/09/2014,SMF,CA,AWP,WE,Towers with Radar,249,55,8,16,328,0,1,5,4,10,249,56,13,20,338,0,22,22,360
07/10/2014,SMF,CA,AWP,WE,Towers with Radar,249,47,11,6,313,0,3,11,2,16,249,50,22,8,329,15,16,31,360
07/11/2014,SMF,CA,AWP,WE,Towers with Radar,243,61,5,1,310,0,1,10,0,11,243,62,15,1,321,4,0,4,325
07/12/2014,SMF,CA,AWP,WE,Towers with Radar,199,39,3,0,241,0,1,10,0,11,199,40,13,0,252,16,0,16,268
07/13/2014,SMF,CA,AWP,WE,Towers with Radar,228,31,16,0,275,0,2,8,0,10,228,33,24,0,285,62,0,62,347
07/14/2014,SMF,CA,AWP,WE,Towers with Radar,239,43,11,1,294,0,5,14,13,32,239,48,25,14,326,40,20,60,386
07/15/2014,SMF,CA,AWP,WE,Towers with Radar,242,50,6,9,307,0,2,6,7,15,242,52,12,16,322,0,38,38,360
07/16/2014,SMF,CA,AWP,WE,Towers with Radar,245,48,12,2,307,0,1,19,2,22,245,49,31,4,329,4,6,10,339
07/17/2014,SMF,CA,AWP,WE,Towers with Radar,241,50,13,1,305,0,1,10,3,14,241,51,23,4,319,0,26,26,345
07/18/2014,SMF,CA,AWP,WE,Towers with Radar,245,46,6,6,303,0,3,12,0,15,245,49,18,6,318,0,0,0,318
07/19/2014,SMF,CA,AWP,WE,Towers with Radar,197,38,4,0,239,0,1,7,0,8,197,39,11,0,247,0,0,0,247
07/20/2014,SMF,CA,AWP,WE,Towers with Radar,226,30,10,0,266,0,1,15,0,16,226,31,25,0,282,20,0,20,302
07/21/2014,SMF,CA,AWP,WE,Towers with Radar,239,47,8,9,303,0,4,7,3,14,239,51,15,12,317,44,24,68,385
07/22/2014,SMF,CA,AWP,WE,Towers with Radar,248,50,14,4,316,0,1,7,2,10,248,51,21,6,326,10,4,14,340
07/23/2014,SMF,CA,AWP,WE,Towers with Radar,236,48,17,4,305,0,1,18,0,19,236,49,35,4,324,0,0,0,324
07/24/2014,SMF,CA,AWP,WE,Towers with Radar,255,52,14,1,322,0,2,9,1,12,255,54,23,2,334,0,0,0,334
07/25/2014,SMF,CA,AWP,WE,Towers with Radar,242,51,6,5,304,0,1,12,3,16,242,52,18,8,320,0,20,20,340
07/26/2014,SMF,CA,AWP,WE,Towers with Radar,207,31,6,0,244,0,0,10,0,10,207,31,16,0,254,20,0,20,274
07/27/2014,SMF,CA,AWP,WE,Towers with Radar,222,36,4,0,262,0,0,8,0,8,222,36,12,0,270,0,0,0,270
07/28/2014,SMF,CA,AWP,WE,Towers with Radar,245,42,19,9,315,0,2,21,7,30,245,44,40,16,345,20,26,46,391
07/29/2014,SMF,CA,AWP,WE,Towers with Radar,248,45,9,7,309,0,2,12,1,15,248,47,21,8,324,0,30,30,354
07/30/2014,SMF,CA,AWP,WE,Towers with Radar,245,54,9,0,308,0,2,13,4,19,245,56,22,4,327,0,8,8,335
07/31/2014,SMF,CA,AWP,WE,Towers with Radar,245,55,10,0,310,0,1,12,4,17,245,56,22,4,327,0,8,8,335
08/01/2014,SMF,CA,AWP,WE,Towers with Radar,248,54,10,2,314,0,1,6,2,9,248,55,16,4,323,0,4,4,327
08/02/2014,SMF,CA,AWP,WE,Towers with Radar,198,29,2,0,229,0,2,11,0,13,198,31,13,0,242,0,0,0,242
08/03/2014,SMF,CA,AWP,WE,Towers with Radar,228,30,6,0,264,0,1,9,0,10,228,31,15,0,274,2,0,2,276
08/04/2014,SMF,CA,AWP,WE,Towers with Radar,233,44,8,2,287,0,5,8,8,21,233,49,16,10,308,20,24,44,352
08/05/2014,SMF,CA,AWP,WE,Towers with Radar,252,49,15,24,340,0,1,11,8,20,252,50,26,32,360,0,48,48,408
08/06/2014,SMF,CA,AWP,WE,Towers with Radar,241,49,16,3,309,0,5,20,5,30,241,54,36,8,339,14,8,22,361
08/07/2014,SMF,CA,AWP,WE,Towers with Radar,239,50,7,5,301,0,3,7,1,11,239,53,14,6,312,0,18,18,330
08/08/2014,SMF,CA,AWP,WE,Towers with Radar,249,51,8,0,308,0,1,10,0,11,249,52,18,0,319,0,0,0,319
08/09/2014,SMF,CA,AWP,WE,Towers with Radar,189,33,6,0,228,0,3,6,0,9,189,36,12,0,237,16,0,16,253
08/10/2014,SMF,CA,AWP,WE,Towers with Radar,226,32,10,0,268,0,3,5,0,8,226,35,15,0,276,21,0,21,297
08/11/2014,SMF,CA,AWP,WE,Towers with Radar,240,44,8,15,307,0,1,8,5,14,240,45,16,20,321,0,46,46,367
08/12/2014,SMF,CA,AWP,WE,Towers with Radar,243,48,10,2,303,0,2,8,4,14,243,50,18,6,317,0,26,26,343
08/13/2014,SMF,CA,AWP,WE,Towers with Radar,244,46,21,5,316,0,5,16,7,28,244,51,37,12,344,22,38,60,404
08/14/2014,SMF,CA,AWP,WE,Towers with Radar,243,54,6,2,305,0,4,20,8,32,243,58,26,10,337,20,34,54,391
08/15/2014,SMF,CA,AWP,WE,Towers with Radar,243,51,6,1,301,0,5,16,3,24,243,56,22,4,325,40,14,54,379
08/16/2014,SMF,CA,AWP,WE,Towers with Radar,188,40,2,0,230,0,2,10,0,12,188,42,12,0,242,0,0,0,242
08/17/2014,SMF,CA,AWP,WE,Towers with Radar,225,31,3,0,259,0,0,8,0,8,225,31,11,0,267,24,0,24,291
08/18/2014,SMF,CA,AWP,WE,Towers with Radar,241,44,6,0,291,0,1,18,0,19,241,45,24,0,310,0,0,0,310
08/19/2014,SMF,CA,AWP,WE,Towers with Radar,231,51,8,10,300,0,1,21,1,23,231,52,29,11,323,8,8,16,339
08/20/2014,SMF,CA,AWP,WE,Towers with Radar,228,49,9,2,288,0,2,13,0,15,228,51,22,2,303,0,0,0,303
08/21/2014,SMF,CA,AWP,WE,Towers with Radar,237,47,8,1,293,0,1,24,2,27,237,48,32,3,320,10,0,10,330
08/22/2014,SMF,CA,AWP,WE,Towers with Radar,236,48,8,6,298,0,4,12,2,18,236,52,20,8,316,0,0,0,316
08/23/2014,SMF,CA,AWP,WE,Towers with Radar,169,35,4,0,208,0,1,11,0,12,169,36,15,0,220,12,0,12,232
08/24/2014,SMF,CA,AWP,WE,Towers with Radar,215,30,9,0,254,0,0,2,0,2,215,30,11,0,256,0,0,0,256
08/25/2014,SMF,CA,AWP,WE,Towers with Radar,231,45,5,9,290,0,3,16,0,19,231,48,21,9,309,20,12,32,341
08/26/2014,SMF,CA,AWP,WE,Towers with Radar,229,47,12,0,288,0,1,14,0,15,229,48,26,0,303,0,0,0,303
08/27/2014,SMF,CA,AWP,WE,Towers with Radar,228,49,7,2,286,0,4,19,2,25,228,53,26,4,311,14,6,20,331
08/28/2014,SMF,CA,AWP,WE,Towers with Radar,237,48,5,2,292,0,2,19,2,23,237,50,24,4,315,4,0,4,319
08/29/2014,SMF,CA,AWP,WE,Towers with Radar,234,47,9,0,290,0,5,12,0,17,234,52,21,0,307,0,0,0,307
08/30/2014,SMF,CA,AWP,WE,Towers with Radar,159,34,6,0,199,0,3,14,0,17,159,37,20,0,216,10,0,10,226
08/31/2014,SMF,CA,AWP,WE,Towers with Radar,160,28,7,0,195,0,2,8,0,10,160,30,15,0,205,10,0,10,215
09/01/2014,SMF,CA,AWP,WE,Towers with Radar,210,34,6,0,250,0,0,9,0,9,210,34,15,0,259,8,0,8,267
09/02/2014,SMF,CA,AWP,WE,Towers with Radar,220,47,9,2,278,0,1,20,10,31,220,48,29,12,309,10,10,20,329
09/03/2014,SMF,CA,AWP,WE,Towers with Radar,228,43,9,6,286,0,2,18,8,28,228,45,27,14,314,0,6,6,320
09/04/2014,SMF,CA,AWP,WE,Towers with Radar,230,50,10,13,303,0,3,11,3,17,230,53,21,16,320,0,30,30,350
09/05/2014,SMF,CA,AWP,WE,Towers with Radar,226,56,11,8,301,0,5,17,2,24,226,61,28,10,325,0,12,12,337
09/06/2014,SMF,CA,AWP,WE,Towers with Radar,162,35,1,0,198,0,1,11,0,12,162,36,12,0,210,10,0,10,220
09/07/2014,SMF,CA,AWP,WE,Towers with Radar,211,35,10,0,256,0,0,6,0,6,211,35,16,0,262,18,0,18,280
09/08/2014,SMF,CA,AWP,WE,Towers with Radar,230,42,2,0,274,0,2,11,0,13,230,44,13,0,287,0,0,0,287
09/09/2014,SMF,CA,AWP,WE,Towers with Radar,221,48,8,7,284,0,2,15,5,22,221,50,23,12,306,0,6,6,312
09/10/2014,SMF,CA,AWP,WE,Towers with Radar,230,47,8,2,287,0,3,13,0,16,230,50,21,2,303,0,4,4,307
09/11/2014,SMF,CA,AWP,WE,Towers with Radar,237,45,8,5,295,0,1,9,3,13,237,46,17,8,308,4,12,16,324
09/12/2014,SMF,CA,AWP,WE,Towers with Radar,233,51,5,1,290,0,1,18,1,20,233,52,23,2,310,16,0,16,326
09/13/2014,SMF,CA,AWP,WE,Towers with Radar,163,33,2,0,198,0,3,10,0,13,163,36,12,0,211,26,0,26,237
09/14/2014,SMF,CA,AWP,WE,Towers with Radar,215,34,5,0,254,0,2,7,0,9,215,36,12,0,263,16,0,16,279
09/15/2014,SMF,CA,AWP,WE,Towers with Radar,228,43,16,1,288,0,3,15,1,19,228,46,31,2,307,32,8,40,347
09/16/2014,SMF,CA,AWP,WE,Towers with Radar,218,47,7,2,274,0,3,13,2,18,218,50,20,4,292,66,0,66,358
09/17/2014,SMF,CA,AWP,WE,Towers with Radar,229,53,11,0,293,0,2,23,0,25,229,55,34,0,318,24,0,24,342
09/18/2014,SMF,CA,AWP,WE,Towers with Radar,234,54,11,0,299,0,3,5,0,8,234,57,16,0,307,0,0,0,307
09/19/2014,SMF,CA,AWP,WE,Towers with Radar,230,59,5,7,301,0,5,8,1,14,230,64,13,8,315,4,22,26,341
09/20/2014,SMF,CA,AWP,WE,Towers with Radar,162,35,9,0,206,0,4,13,0,17,162,39,22,0,223,0,0,0,223
09/21/2014,SMF,CA,AWP,WE,Towers with Radar,212,29,5,1,247,0,2,8,1,11,212,31,13,2,258,4,14,18,276
09/22/2014,SMF,CA,AWP,WE,Towers with Radar,236,42,7,0,285,0,1,10,2,13,236,43,17,2,298,0,0,0,298
09/23/2014,SMF,CA,AWP,WE,Towers with Radar,224,44,7,2,277,0,1,10,2,13,224,45,17,4,290,6,6,12,302
09/24/2014,SMF,CA,AWP,WE,Towers with Radar,234,47,14,4,299,0,2,12,0,14,234,49,26,4,313,0,0,0,313
09/25/2014,SMF,CA,AWP,WE,Towers with Radar,236,48,9,20,313,0,2,11,2,15,236,50,20,22,328,0,8,8,336
09/26/2014,SMF,CA,AWP,WE,Towers with Radar,231,43,8,1,283,0,3,13,0,16,231,46,21,1,299,0,0,0,299
09/27/2014,SMF,CA,AWP,WE,Towers with Radar,163,33,8,0,204,0,2,7,0,9,163,35,15,0,213,0,0,0,213
09/28/2014,SMF,CA,AWP,WE,Towers with Radar,214,31,11,0,256,0,0,15,0,15,214,31,26,0,271,0,0,0,271
09/29/2014,SMF,CA,AWP,WE,Towers with Radar,232,35,9,2,278,0,2,12,1,15,232,37,21,3,293,0,0,0,293
09/30/2014,SMF,CA,AWP,WE,Towers with Radar,218,40,6,1,265,0,2,5,0,7,218,42,11,1,272,0,0,0,272
10/01/2014,SMF,CA,AWP,WE,Towers with Radar,235,43,15,3,296,0,3,22,3,28,235,46,37,6,324,0,0,0,324
10/02/2014,SMF,CA,AWP,WE,Towers with Radar,230,50,10,8,298,0,4,16,2,22,230,54,26,10,320,14,0,14,334
10/03/2014,SMF,CA,AWP,WE,Towers with Radar,235,46,3,0,284,0,3,19,4,26,235,49,22,4,310,0,0,0,310
10/04/2014,SMF,CA,AWP,WE,Towers with Radar,168,31,3,0,202,0,4,6,0,10,168,35,9,0,212,0,0,0,212
10/05/2014,SMF,CA,AWP,WE,Towers with Radar,222,30,1,1,254,0,3,4,1,8,222,33,5,2,262,16,0,16,278
10/06/2014,SMF,CA,AWP,WE,Towers with Radar,231,39,9,6,285,0,1,19,4,24,231,40,28,10,309,12,40,52,361
10/07/2014,SMF,CA,AWP,WE,Towers with Radar,228,44,10,6,288,0,3,9,0,12,228,47,19,6,300,0,6,6,306
10/08/2014,SMF,CA,AWP,WE,Towers with Radar,236,44,10,2,292,0,1,12,1,14,236,45,22,3,306,0,10,10,316
10/09/2014,SMF,CA,AWP,WE,Towers with Radar,235,47,8,13,303,0,1,6,3,10,235,48,14,16,313,0,16,16,329
10/10/2014,SMF,CA,AWP,WE,Towers with Radar,233,42,17,1,293,0,1,13,1,15,233,43,30,2,308,4,12,16,324
10/11/2014,SMF,CA,AWP,WE,Towers with Radar,167,33,3,0,203,0,1,11,0,12,167,34,14,0,215,0,0,0,215
10/12/2014,SMF,CA,AWP,WE,Towers with Radar,214,29,7,0,250,0,0,13,0,13,214,29,20,0,263,0,0,0,263
10/13/2014,SMF,CA,AWP,WE,Towers with Radar,227,40,11,0,278,0,1,7,0,8,227,41,18,0,286,0,0,0,286
10/14/2014,SMF,CA,AWP,WE,Towers with Radar,231,35,18,4,288,0,1,8,9,18,231,36,26,13,306,0,0,0,306
10/15/2014,SMF,CA,AWP,WE,Towers with Radar,231,42,11,11,295,0,1,12,1,14,231,43,23,12,309,18,34,52,361
10/16/2014,SMF,CA,AWP,WE,Towers with Radar,232,50,10,10,302,0,1,20,0,21,232,51,30,10,323,0,18,18,341
10/17/2014,SMF,CA,AWP,WE,Towers with Radar,236,56,6,0,298,0,1,18,1,20,236,57,24,1,318,10,0,10,328
10/18/2014,SMF,CA,AWP,WE,Towers with Radar,165,38,4,2,209,0,2,7,1,10,165,40,11,3,219,0,0,0,219
10/19/2014,SMF,CA,AWP,WE,Towers with Radar,216,32,6,0,254,0,0,10,0,10,216,32,16,0,264,0,0,0,264
10/20/2014,SMF,CA,AWP,WE,Towers with Radar,236,38,17,2,293,0,6,9,0,15,236,44,26,2,308,16,0,16,324
10/21/2014,SMF,CA,AWP,WE,Towers with Radar,228,44,5,0,277,0,2,13,0,15,228,46,18,0,292,0,0,0,292
10/22/2014,SMF,CA,AWP,WE,Towers with Radar,232,52,10,0,294,0,4,19,0,23,232,56,29,0,317,6,0,6,323
10/23/2014,SMF,CA,AWP,WE,Towers with Radar,235,51,17,2,305,0,0,14,0,14,235,51,31,2,319,4,0,4,323
10/24/2014,SMF,CA,AWP,WE,Towers with Radar,237,48,10,0,295,0,1,12,0,13,237,49,22,0,308,0,0,0,308
10/25/2014,SMF,CA,AWP,WE,Towers with Radar,168,31,4,0,203,0,0,3,0,3,168,31,7,0,206,0,0,0,206
10/26/2014,SMF,CA,AWP,WE,Towers with Radar,214,35,5,0,254,0,2,6,0,8,214,37,11,0,262,10,0,10,272
10/27/2014,SMF,CA,AWP,WE,Towers with Radar,229,40,7,4,280,0,2,16,0,18,229,42,23,4,298,10,0,10,308
10/28/2014,SMF,CA,AWP,WE,Towers with Radar,225,47,7,0,279,0,3,12,0,15,225,50,19,0,294,10,0,10,304
10/29/2014,SMF,CA,AWP,WE,Towers with Radar,226,46,14,0,286,0,2,18,0,20,226,48,32,0,306,4,0,4,310
10/30/2014,SMF,CA,AWP,WE,Towers with Radar,230,50,11,4,295,0,3,19,0,22,230,53,30,4,317,22,14,36,353
10/31/2014,SMF,CA,AWP,WE,Towers with Radar,206,39,13,2,260,0,2,3,0,5,206,41,16,2,265,18,0,18,283
11/01/2014,SMF,CA,AWP,WE,Towers with Radar,165,32,6,0,203,0,3,4,0,7,165,35,10,0,210,0,0,0,210
11/02/2014,SMF,CA,AWP,WE,Towers with Radar,209,33,2,0,244,0,0,5,0,5,209,33,7,0,249,0,0,0,249
11/03/2014,SMF,CA,AWP,WE,Towers with Radar,227,36,7,0,270,0,1,3,0,4,227,37,10,0,274,0,0,0,274
11/04/2014,SMF,CA,AWP,WE,Towers with Radar,216,47,10,0,273,0,4,3,0,7,216,51,13,0,280,0,0,0,280
11/05/2014,SMF,CA,AWP,WE,Towers with Radar,227,49,12,0,288,0,1,13,0,14,227,50,25,0,302,0,0,0,302
11/06/2014,SMF,CA,AWP,WE,Towers with Radar,234,48,7,0,289,0,2,11,0,13,234,50,18,0,302,0,0,0,302
11/07/2014,SMF,CA,AWP,WE,Towers with Radar,240,46,6,2,294,0,0,3,0,3,240,46,9,2,297,0,0,0,297
11/08/2014,SMF,CA,AWP,WE,Towers with Radar,175,35,2,0,212,0,2,8,0,10,175,37,10,0,222,0,0,0,222
11/09/2014,SMF,CA,AWP,WE,Towers with Radar,213,35,7,0,255,0,2,4,0,6,213,37,11,0,261,0,0,0,261
11/10/2014,SMF,CA,AWP,WE,Towers with Radar,232,41,13,0,286,0,2,23,0,25,232,43,36,0,311,0,0,0,311
11/11/2014,SMF,CA,AWP,WE,Towers with Radar,221,43,14,0,278,0,0,1,4,5,221,43,15,4,283,0,0,0,283
11/12/2014,SMF,CA,AWP,WE,Towers with Radar,230,46,14,2,292,0,0,9,0,9,230,46,23,2,301,0,8,8,309
11/13/2014,SMF,CA,AWP,WE,Towers with Radar,227,51,8,4,290,0,0,0,0,0,227,51,8,4,290,0,0,0,290
11/14/2014,SMF,CA,AWP,WE,Towers with Radar,241,55,8,0,304,0,0,6,0,6,241,55,14,0,310,0,0,0,310
11/15/2014,SMF,CA,AWP,WE,Towers with Radar,175,37,6,0,218,0,1,10,0,11,175,38,16,0,229,0,0,0,229
11/16/2014,SMF,CA,AWP,WE,Towers with Radar,209,36,9,0,254,0,1,7,0,8,209,37,16,0,262,0,0,0,262
11/17/2014,SMF,CA,AWP,WE,Towers with Radar,229,43,8,0,280,0,0,8,0,8,229,43,16,0,288,0,0,0,288
11/18/2014,SMF,CA,AWP,WE,Towers with Radar,228,45,17,0,290,0,0,16,0,16,228,45,33,0,306,0,0,0,306
11/19/2014,SMF,CA,AWP,WE,Towers with Radar,227,43,19,4,293,0,0,4,0,4,227,43,23,4,297,0,0,0,297
11/20/2014,SMF,CA,AWP,WE,Towers with Radar,232,55,41,6,334,0,0,1,0,1,232,55,42,6,335,0,0,0,335
11/21/2014,SMF,CA,AWP,WE,Towers with Radar,233,47,11,4,295,0,0,6,0,6,233,47,17,4,301,0,0,0,301
11/22/2014,SMF,CA,AWP,WE,Towers with Radar,177,42,7,0,226,0,1,0,0,1,177,43,7,0,227,0,0,0,227
11/23/2014,SMF,CA,AWP,WE,Towers with Radar,209,32,6,0,247,0,0,11,0,11,209,32,17,0,258,0,0,0,258
11/24/2014,SMF,CA,AWP,WE,Towers with Radar,224,43,13,4,284,0,3,8,0,11,224,46,21,4,295,2,0,2,297
11/25/2014,SMF,CA,AWP,WE,Towers with Radar,228,47,5,2,282,0,1,18,4,23,228,48,23,6,305,0,0,0,305
11/26/2014,SMF,CA,AWP,WE,Towers with Radar,236,45,5,0,286,0,0,16,0,16,236,45,21,0,302,10,0,10,312
11/27/2014,SMF,CA,AWP,WE,Towers with Radar,152,31,4,0,187,0,0,5,0,5,152,31,9,0,192,0,0,0,192
11/28/2014,SMF,CA,AWP,WE,Towers with Radar,179,42,2,0,223,0,0,2,0,2,179,42,4,0,225,0,0,0,225
11/29/2014,SMF,CA,AWP,WE,Towers with Radar,210,41,6,0,257,0,0,0,0,0,210,41,6,0,257,0,0,0,257
11/30/2014,SMF,CA,AWP,WE,Towers with Radar,237,32,21,0,290,0,0,3,0,3,237,32,24,0,293,0,0,0,293
12/01/2014,SMF,CA,AWP,WE,Towers with Radar,242,40,10,0,292,0,0,12,0,12,242,40,22,0,304,0,0,0,304
12/02/2014,SMF,CA,AWP,WE,Towers with Radar,230,47,12,6,295,0,0,1,0,1,230,47,13,6,296,0,0,0,296
12/03/2014,SMF,CA,AWP,WE,Towers with Radar,220,38,16,0,274,0,0,0,0,0,220,38,16,0,274,0,0,0,274
12/04/2014,SMF,CA,AWP,WE,Towers with Radar,229,48,17,0,294,0,1,4,0,5,229,49,21,0,299,0,0,0,299
12/05/2014,SMF,CA,AWP,WE,Towers with Radar,236,59,13,4,312,0,0,2,0,2,236,59,15,4,314,10,0,10,324
12/06/2014,SMF,CA,AWP,WE,Towers with Radar,165,33,5,0,203,0,1,10,0,11,165,34,15,0,214,0,0,0,214
12/07/2014,SMF,CA,AWP,WE,Towers with Radar,208,29,9,0,246,0,0,3,0,3,208,29,12,0,249,0,0,0,249
12/08/2014,SMF,CA,AWP,WE,Towers with Radar,223,38,18,2,281,0,1,2,0,3,223,39,20,2,284,4,0,4,288
12/09/2014,SMF,CA,AWP,WE,Towers with Radar,223,35,12,8,278,0,0,0,0,0,223,35,12,8,278,2,30,32,310
12/10/2014,SMF,CA,AWP,WE,Towers with Radar,226,33,14,2,275,0,0,0,0,0,226,33,14,2,275,0,0,0,275
12/11/2014,SMF,CA,AWP,WE,Towers with Radar,232,31,7,0,270,0,0,0,0,0,232,31,7,0,270,0,0,0,270
12/12/2014,SMF,CA,AWP,WE,Towers with Radar,235,53,10,0,298,0,0,0,0,0,235,53,10,0,298,0,0,0,298
12/13/2014,SMF,CA,AWP,WE,Towers with Radar,167,40,11,0,218,0,2,1,0,3,167,42,12,0,221,0,0,0,221
12/14/2014,SMF,CA,AWP,WE,Towers with Radar,208,27,6,1,242,0,0,3,0,3,208,27,9,1,245,6,0,6,251
12/15/2014,SMF,CA,AWP,WE,Towers with Radar,227,30,15,3,275,0,0,0,0,0,227,30,15,3,275,0,24,24,299
12/16/2014,SMF,CA,AWP,WE,Towers with Radar,231,48,14,3,296,0,0,4,5,9,231,48,18,8,305,0,28,28,333
12/17/2014,SMF,CA,AWP,WE,Towers with Radar,228,46,7,5,286,0,0,5,0,5,228,46,12,5,291,0,24,24,315
12/18/2014,SMF,CA,AWP,WE,Towers with Radar,234,50,16,1,301,0,0,0,1,1,234,50,16,2,302,0,10,10,312
12/19/2014,SMF,CA,AWP,WE,Towers with Radar,226,41,28,4,299,0,0,1,0,1,226,41,29,4,300,0,0,0,300
12/20/2014,SMF,CA,AWP,WE,Towers with Radar,212,39,4,0,255,0,0,2,0,2,212,39,6,0,257,0,0,0,257
12/21/2014,SMF,CA,AWP,WE,Towers with Radar,208,23,15,0,246,0,0,4,0,4,208,23,19,0,250,0,0,0,250
12/22/2014,SMF,CA,AWP,WE,Towers with Radar,230,38,9,4,281,0,0,5,4,9,230,38,14,8,290,0,10,10,300
12/23/2014,SMF,CA,AWP,WE,Towers with Radar,224,41,7,2,274,0,1,1,0,2,224,42,8,2,276,0,0,0,276
12/24/2014,SMF,CA,AWP,WE,Towers with Radar,170,37,6,0,213,0,0,2,0,2,170,37,8,0,215,0,0,0,215
12/25/2014,SMF,CA,AWP,WE,Towers with Radar,166,29,4,0,199,0,0,3,0,3,166,29,7,0,202,0,0,0,202
12/26/2014,SMF,CA,AWP,WE,Towers with Radar,227,37,4,0,268,0,2,8,0,10,227,39,12,0,278,16,0,16,294
12/27/2014,SMF,CA,AWP,WE,Towers with Radar,203,30,5,0,238,0,3,5,0,8,203,33,10,0,246,36,0,36,282
12/28/2014,SMF,CA,AWP,WE,Towers with Radar,208,26,5,0,239,0,2,7,0,9,208,28,12,0,248,20,0,20,268
12/29/2014,SMF,CA,AWP,WE,Towers with Radar,220,38,9,0,267,0,0,6,0,6,220,38,15,0,273,0,0,0,273
12/30/2014,SMF,CA,AWP,WE,Towers with Radar,226,32,5,0,263,0,1,4,0,5,226,33,9,0,268,0,0,0,268
12/31/2014,SMF,CA,AWP,WE,Towers with Radar,165,40,1,3,209,0,0,2,1,3,165,40,3,4,212,0,4,4,216
01/01/2015,SMF,CA,AWP,WE,Towers with Radar,156,34,2,0,192,0,0,7,0,7,156,34,9,0,199,0,0,0,199
01/02/2015,SMF,CA,AWP,WE,Towers with Radar,225,44,3,0,272,0,1,13,0,14,225,45,16,0,286,0,0,0,286
01/03/2015,SMF,CA,AWP,WE,Towers with Radar,198,34,6,0,238,0,1,4,0,5,198,35,10,0,243,0,0,0,243
01/04/2015,SMF,CA,AWP,WE,Towers with Radar,208,25,9,0,242,0,0,11,0,11,208,25,20,0,253,0,0,0,253
01/05/2015,SMF,CA,AWP,WE,Towers with Radar,223,32,8,0,263,0,2,11,0,13,223,34,19,0,276,0,0,0,276
01/06/2015,SMF,CA,AWP,WE,Towers with Radar,208,41,8,4,261,0,7,9,2,18,208,48,17,6,279,28,20,48,327
01/07/2015,SMF,CA,AWP,WE,Towers with Radar,217,40,15,0,272,0,3,3,0,6,217,43,18,0,278,0,0,0,278
01/08/2015,SMF,CA,AWP,WE,Towers with Radar,221,42,11,0,274,0,2,7,0,9,221,44,18,0,283,14,0,14,297
01/09/2015,SMF,CA,AWP,WE,Towers with Radar,220,42,15,3,280,0,1,8,1,10,220,43,23,4,290,16,8,24,314
01/10/2015,SMF,CA,AWP,WE,Towers with Radar,149,29,11,0,189,0,2,6,0,8,149,31,17,0,197,0,0,0,197
01/11/2015,SMF,CA,AWP,WE,Towers with Radar,188,30,10,0,228,0,5,2,0,7,188,35,12,0,235,24,0,24,259
01/12/2015,SMF,CA,AWP,WE,Towers with Radar,214,31,20,0,265,0,0,4,0,4,214,31,24,0,269,0,0,0,269
01/13/2015,SMF,CA,AWP,WE,Towers with Radar,219,34,12,1,266,0,0,7,3,10,219,34,19,4,276,6,8,14,290
01/14/2015,SMF,CA,AWP,WE,Towers with Radar,208,36,9,2,255,0,0,1,0,1,208,36,10,2,256,0,0,0,256
01/15/2015,SMF,CA,AWP,WE,Towers with Radar,219,39,5,0,263,0,0,6,0,6,219,39,11,0,269,0,0,0,269
01/16/2015,SMF,CA,AWP,WE,Towers with Radar,221,46,14,0,281,0,0,0,0,0,221,46,14,0,281,0,0,0,281
01/17/2015,SMF,CA,AWP,WE,Towers with Radar,154,25,16,0,195,0,0,0,0,0,154,25,16,0,195,0,0,0,195
01/18/2015,SMF,CA,AWP,WE,Towers with Radar,184,22,6,0,212,0,0,0,0,0,184,22,6,0,212,0,0,0,212
01/19/2015,SMF,CA,AWP,WE,Towers with Radar,223,35,4,0,262,0,0,0,0,0,223,35,4,0,262,0,0,0,262
01/20/2015,SMF,CA,AWP,WE,Towers with Radar,211,41,5,0,257,0,2,0,0,2,211,43,5,0,259,0,0,0,259
01/21/2015,SMF,CA,AWP,WE,Towers with Radar,209,37,9,7,262,0,1,7,3,11,209,38,16,10,273,0,0,0,273
01/22/2015,SMF,CA,AWP,WE,Towers with Radar,217,43,8,4,272,0,2,2,0,4,217,45,10,4,276,4,4,8,284
01/23/2015,SMF,CA,AWP,WE,Towers with Radar,225,32,12,1,270,0,0,6,0,6,225,32,18,1,276,0,0,0,276
01/24/2015,SMF,CA,AWP,WE,Towers with Radar,149,20,8,0,177,0,2,4,0,6,149,22,12,0,183,0,0,0,183
01/25/2015,SMF,CA,AWP,WE,Towers with Radar,184,22,4,0,210,0,3,1,0,4,184,25,5,0,214,20,0,20,234
01/26/2015,SMF,CA,AWP,WE,Towers with Radar,215,41,7,6,269,0,0,2,0,2,215,41,9,6,271,0,0,0,271
01/27/2015,SMF,CA,AWP,WE,Towers with Radar,213,45,13,6,277,0,0,11,4,15,213,45,24,10,292,0,18,18,310
01/28/2015,SMF,CA,AWP,WE,Towers with Radar,215,40,9,0,264,0,0,3,0,3,215,40,12,0,267,0,0,0,267
01/29/2015,SMF,CA,AWP,WE,Towers with Radar,227,41,17,8,293,0,0,4,6,10,227,41,21,14,303,0,18,18,321
01/30/2015,SMF,CA,AWP,WE,Towers with Radar,217,44,9,0,270,0,0,8,0,8,217,44,17,0,278,2,0,2,280
01/31/2015,SMF,CA,AWP,WE,Towers with Radar,143,32,5,0,180,0,3,10,0,13,143,35,15,0,193,0,14,14,207
02/01/2015,SMF,CA,AWP,WE,Towers with Radar,158,29,10,0,197,0,0,8,0,8,158,29,18,0,205,0,0,0,205
02/02/2015,SMF,CA,AWP,WE,Towers with Radar,220,35,13,2,270,0,0,9,0,9,220,35,22,2,279,8,2,10,289
02/03/2015,SMF,CA,AWP,WE,Towers with Radar,212,42,20,1,275,0,0,10,5,15,212,42,30,6,290,0,36,36,326
02/04/2015,SMF,CA,AWP,WE,Towers with Radar,213,39,10,0,262,0,1,4,0,5,213,40,14,0,267,0,0,0,267
02/05/2015,SMF,CA,AWP,WE,Towers with Radar,224,47,9,1,281,0,2,8,3,13,224,49,17,4,294,0,18,18,312
02/06/2015,SMF,CA,AWP,WE,Towers with Radar,231,40,15,2,288,0,0,1,0,1,231,40,16,2,289,0,0,0,289
02/07/2015,SMF,CA,AWP,WE,Towers with Radar,148,24,1,1,174,0,1,0,0,1,148,25,1,1,175,0,0,0,175
02/08/2015,SMF,CA,AWP,WE,Towers with Radar,190,30,10,0,230,0,0,2,0,2,190,30,12,0,232,0,0,0,232
02/09/2015,SMF,CA,AWP,WE,Towers with Radar,221,39,15,0,275,0,2,8,2,12,221,41,23,2,287,0,8,8,295
02/10/2015,SMF,CA,AWP,WE,Towers with Radar,211,46,10,0,267,0,0,25,0,25,211,46,35,0,292,0,0,0,292
02/11/2015,SMF,CA,AWP,WE,Towers with Radar,217,43,9,2,271,0,0,5,1,6,217,43,14,3,277,0,4,4,281
02/12/2015,SMF,CA,AWP,WE,Towers with Radar,228,49,7,12,296,0,2,17,8,27,228,51,24,20,323,8,30,38,361
02/13/2015,SMF,CA,AWP,WE,Towers with Radar,221,45,12,3,281,0,3,5,1,9,221,48,17,4,290,0,10,10,300
02/14/2015,SMF,CA,AWP,WE,Towers with Radar,142,35,2,0,179,0,1,1,0,2,142,36,3,0,181,0,0,0,181
02/15/2015,SMF,CA,AWP,WE,Towers with Radar,178,36,4,2,220,0,0,13,0,13,178,36,17,2,233,0,0,0,233
02/16/2015,SMF,CA,AWP,WE,Towers with Radar,217,41,12,0,270,0,1,3,0,4,217,42,15,0,274,0,0,0,274
02/17/2015,SMF,CA,AWP,WE,Towers with Radar,211,47,6,0,264,0,1,10,2,13,211,48,16,2,277,0,6,6,283
02/18/2015,SMF,CA,AWP,WE,Towers with Radar,214,48,13,0,275,0,0,3,0,3,214,48,16,0,278,2,0,2,280
02/19/2015,SMF,CA,AWP,WE,Towers with Radar,221,42,17,0,280,0,0,0,0,0,221,42,17,0,280,0,0,0,280
02/20/2015,SMF,CA,AWP,WE,Towers with Radar,228,45,16,5,294,0,0,7,2,9,228,45,23,7,303,0,4,4,307
02/21/2015,SMF,CA,AWP,WE,Towers with Radar,143,36,16,0,195,0,2,2,0,4,143,38,18,0,199,0,0,0,199
02/22/2015,SMF,CA,AWP,WE,Towers with Radar,184,32,8,0,224,0,0,4,0,4,184,32,12,0,228,0,0,0,228
02/23/2015,SMF,CA,AWP,WE,Towers with Radar,219,38,9,8,274,0,4,7,6,17,219,42,16,14,291,2,36,38,329
02/24/2015,SMF,CA,AWP,WE,Towers with Radar,199,41,14,1,255,0,1,14,1,16,199,42,28,2,271,0,10,10,281
02/25/2015,SMF,CA,AWP,WE,Towers with Radar,212,47,12,5,276,0,2,8,3,13,212,49,20,8,289,0,6,6,295
02/26/2015,SMF,CA,AWP,WE,Towers with Radar,219,50,6,2,277,0,6,15,0,21,219,56,21,2,298,0,0,0,298
02/27/2015,SMF,CA,AWP,WE,Towers with Radar,225,50,16,0,291,0,2,9,2,13,225,52,25,2,304,0,10,10,314
02/28/2015,SMF,CA,AWP,WE,Towers with Radar,143,34,10,0,187,0,1,3,0,4,143,35,13,0,191,0,0,0,191
03/01/2015,SMF,CA,AWP,WE,Towers with Radar,182,36,16,0,234,0,0,15,1,16,182,36,31,1,250,4,0,4,254
03/02/2015,SMF,CA,AWP,WE,Towers with Radar,217,40,6,0,263,0,2,12,0,14,217,42,18,0,277,0,4,4,281
03/03/2015,SMF,CA,AWP,WE,Towers with Radar,212,47,5,0,264,0,2,0,0,2,212,49,5,0,266,0,0,0,266
03/04/2015,SMF,CA,AWP,WE,Towers with Radar,211,48,11,0,270,0,2,11,0,13,211,50,22,0,283,0,0,0,283
03/05/2015,SMF,CA,AWP,WE,Towers with Radar,219,43,9,1,272,0,1,17,1,19,219,44,26,2,291,0,0,0,291
03/06/2015,SMF,CA,AWP,WE,Towers with Radar,221,45,7,0,273,0,2,16,0,18,221,47,23,0,291,0,0,0,291
03/07/2015,SMF,CA,AWP,WE,Towers with Radar,166,38,8,0,212,0,4,31,0,35,166,42,39,0,247,10,28,38,285
03/08/2015,SMF,CA,AWP,WE,Towers with Radar,191,31,4,0,226,0,3,4,0,7,191,34,8,0,233,0,0,0,233
03/09/2015,SMF,CA,AWP,WE,Towers with Radar,216,40,14,11,281,0,4,11,5,20,216,44,25,16,301,0,0,0,301
03/10/2015,SMF,CA,AWP,WE,Towers with Radar,210,45,15,1,271,0,4,6,5,15,210,49,21,6,286,0,14,14,300
03/11/2015,SMF,CA,AWP,WE,Towers with Radar,208,50,5,11,274,0,0,1,3,4,208,50,6,14,278,0,40,40,318
03/12/2015,SMF,CA,AWP,WE,Towers with Radar,220,46,5,7,278,0,1,24,8,33,220,47,29,15,311,8,36,44,355
03/13/2015,SMF,CA,AWP,WE,Towers with Radar,223,46,5,8,282,0,2,16,4,22,223,48,21,12,304,0,24,24,328
03/14/2015,SMF,CA,AWP,WE,Towers with Radar,165,32,6,0,203,0,1,12,0,13,165,33,18,0,216,0,0,0,216
03/15/2015,SMF,CA,AWP,WE,Towers with Radar,197,31,10,1,239,0,1,5,0,6,197,32,15,1,245,10,0,10,255
03/16/2015,SMF,CA,AWP,WE,Towers with Radar,222,38,8,1,269,0,2,13,1,16,222,40,21,2,285,0,8,8,293
03/17/2015,SMF,CA,AWP,WE,Towers with Radar,207,41,15,3,266,0,4,12,1,17,207,45,27,4,283,8,14,22,305
03/18/2015,SMF,CA,AWP,WE,Towers with Radar,216,53,12,1,282,0,0,9,3,12,216,53,21,4,294,20,16,36,330
03/19/2015,SMF,CA,AWP,WE,Towers with Radar,224,41,4,7,276,0,2,14,1,17,224,43,18,8,293,0,12,12,305
03/20/2015,SMF,CA,AWP,WE,Towers with Radar,223,49,8,1,281,0,4,22,2,28,223,53,30,3,309,0,14,14,323
03/21/2015,SMF,CA,AWP,WE,Towers with Radar,170,35,3,1,209,0,1,15,1,17,170,36,18,2,226,0,0,0,226
03/22/2015,SMF,CA,AWP,WE,Towers with Radar,198,33,13,0,244,0,0,10,0,10,198,33,23,0,254,0,0,0,254
03/23/2015,SMF,CA,AWP,WE,Towers with Radar,214,37,10,4,265,0,4,6,6,16,214,41,16,10,281,0,6,6,287
03/24/2015,SMF,CA,AWP,WE,Towers with Radar,216,42,15,0,273,0,2,6,2,10,216,44,21,2,283,2,10,12,295
03/25/2015,SMF,CA,AWP,WE,Towers with Radar,212,42,5,1,260,0,4,11,1,16,212,46,16,2,276,0,0,0,276
03/26/2015,SMF,CA,AWP,WE,Towers with Radar,221,46,5,2,274,0,2,17,2,21,221,48,22,4,295,0,20,20,315
03/27/2015,SMF,CA,AWP,WE,Towers with Radar,218,43,14,0,275,0,5,11,0,16,218,48,25,0,291,6,0,6,297
03/28/2015,SMF,CA,AWP,WE,Towers with Radar,169,35,1,1,206,0,0,9,0,9,169,35,10,1,215,0,0,0,215
03/29/2015,SMF,CA,AWP,WE,Towers with Radar,198,31,6,1,236,0,3,16,0,19,198,34,22,1,255,12,0,12,267
03/30/2015,SMF,CA,AWP,WE,Towers with Radar,221,34,13,3,271,0,2,16,1,19,221,36,29,4,290,4,0,4,294
03/31/2015,SMF,CA,AWP,WE,Towers with Radar,216,42,5,4,267,0,2,19,6,27,216,44,24,10,294,0,40,40,334
04/01/2015,SMF,CA,AWP,WE,Towers with Radar,221,49,4,3,277,0,2,10,1,13,221,51,14,4,290,8,14,22,312
04/02/2015,SMF,CA,AWP,WE,Towers with Radar,222,45,6,2,275,0,2,5,4,11,222,47,11,6,286,0,26,26,312
04/03/2015,SMF,CA,AWP,WE,Towers with Radar,222,44,7,0,273,0,6,23,0,29,222,50,30,0,302,0,0,0,302
04/04/2015,SMF,CA,AWP,WE,Towers with Radar,165,32,3,0,200,0,5,10,0,15,165,37,13,0,215,0,0,0,215
04/05/2015,SMF,CA,AWP,WE,Towers with Radar,206,31,6,0,243,0,0,0,0,0,206,31,6,0,243,0,0,0,243
04/06/2015,SMF,CA,AWP,WE,Towers with Radar,228,36,17,5,286,0,2,12,4,18,228,38,29,9,304,6,20,26,330
04/07/2015,SMF,CA,AWP,WE,Towers with Radar,216,42,9,0,267,0,0,3,0,3,216,42,12,0,270,0,0,0,270
04/08/2015,SMF,CA,AWP,WE,Towers with Radar,240,48,19,5,312,0,2,7,1,10,240,50,26,6,322,0,20,20,342
04/09/2015,SMF,CA,AWP,WE,Towers with Radar,236,39,10,0,285,0,4,7,0,11,236,43,17,0,296,10,0,10,306
04/10/2015,SMF,CA,AWP,WE,Towers with Radar,238,40,10,0,288,0,7,12,2,21,238,47,22,2,309,6,0,6,315
04/11/2015,SMF,CA,AWP,WE,Towers with Radar,177,29,2,0,208,0,2,9,0,11,177,31,11,0,219,10,0,10,229
04/12/2015,SMF,CA,AWP,WE,Towers with Radar,224,27,2,0,253,0,0,10,0,10,224,27,12,0,263,0,0,0,263
04/13/2015,SMF,CA,AWP,WE,Towers with Radar,236,36,14,7,293,0,3,14,6,23,236,39,28,13,316,14,34,48,364
04/14/2015,SMF,CA,AWP,WE,Towers with Radar,230,41,9,9,289,0,1,8,0,9,230,42,17,9,298,0,28,28,326
04/15/2015,SMF,CA,AWP,WE,Towers with Radar,239,40,11,13,303,0,4,17,1,22,239,44,28,14,325,4,2,6,331
04/16/2015,SMF,CA,AWP,WE,Towers with Radar,242,46,14,2,304,0,2,11,3,16,242,48,25,5,320,0,12,12,332
04/17/2015,SMF,CA,AWP,WE,Towers with Radar,239,43,11,0,293,0,4,20,2,26,239,47,31,2,319,18,0,18,337
04/18/2015,SMF,CA,AWP,WE,Towers with Radar,175,34,2,0,211,0,3,6,0,9,175,37,8,0,220,0,0,0,220
04/19/2015,SMF,CA,AWP,WE,Towers with Radar,222,27,11,0,260,0,2,11,1,14,222,29,22,1,274,16,0,16,290
04/20/2015,SMF,CA,AWP,WE,Towers with Radar,239,38,6,1,284,0,4,14,3,21,239,42,20,4,305,22,12,34,339
04/21/2015,SMF,CA,AWP,WE,Towers with Radar,226,39,9,1,275,0,4,13,2,19,226,43,22,3,294,22,36,58,352
04/22/2015,SMF,CA,AWP,WE,Towers with Radar,236,42,11,0,289,0,2,12,3,17,236,44,23,3,306,2,12,14,320
04/23/2015,SMF,CA,AWP,WE,Towers with Radar,241,43,13,3,300,0,2,20,7,29,241,45,33,10,329,6,32,38,367
04/24/2015,SMF,CA,AWP,WE,Towers with Radar,236,46,11,1,294,0,5,6,1,12,236,51,17,2,306,0,0,0,306
04/25/2015,SMF,CA,AWP,WE,Towers with Radar,176,37,4,0,217,0,0,0,0,0,176,37,4,0,217,0,2,2,219
04/26/2015,SMF,CA,AWP,WE,Towers with Radar,220,32,7,0,259,0,0,7,0,7,220,32,14,0,266,0,0,0,266
04/27/2015,SMF,CA,AWP,WE,Towers with Radar,238,37,7,13,295,0,2,9,3,14,238,39,16,16,309,0,28,28,337
04/28/2015,SMF,CA,AWP,WE,Towers with Radar,225,43,9,3,280,0,2,16,3,21,225,45,25,6,301,10,10,20,321
04/29/2015,SMF,CA,AWP,WE,Towers with Radar,234,41,6,2,283,0,3,3,2,8,234,44,9,4,291,0,6,6,297
04/30/2015,SMF,CA,AWP,WE,Towers with Radar,243,38,15,0,296,0,5,22,6,33,243,43,37,6,329,0,22,22,351
05/01/2015,SMF,CA,AWP,WE,Towers with Radar,239,45,11,0,295,0,2,12,0,14,239,47,23,0,309,16,0,16,325
05/02/2015,SMF,CA,AWP,WE,Towers with Radar,179,28,4,0,211,0,2,9,0,11,179,30,13,0,222,10,0,10,232
05/03/2015,SMF,CA,AWP,WE,Towers with Radar,227,28,5,0,260,0,2,10,0,12,227,30,15,0,272,0,0,0,272
05/04/2015,SMF,CA,AWP,WE,Towers with Radar,252,33,10,0,295,0,3,5,0,8,252,36,15,0,303,0,0,0,303
05/05/2015,SMF,CA,AWP,WE,Towers with Radar,237,37,10,0,284,0,2,12,0,14,237,39,22,0,298,0,0,0,298
05/06/2015,SMF,CA,AWP,WE,Towers with Radar,244,47,5,0,296,0,2,13,0,15,244,49,18,0,311,22,0,22,333
05/07/2015,SMF,CA,AWP,WE,Towers with Radar,245,52,10,0,307,0,2,12,0,14,245,54,22,0,321,0,0,0,321
05/08/2015,SMF,CA,AWP,WE,Towers with Radar,249,45,6,0,300,0,2,6,0,8,249,47,12,0,308,0,0,0,308
05/09/2015,SMF,CA,AWP,WE,Towers with Radar,181,31,6,0,218,0,1,11,0,12,181,32,17,0,230,8,0,8,238
05/10/2015,SMF,CA,AWP,WE,Towers with Radar,225,31,3,0,259,0,0,17,0,17,225,31,20,0,276,0,0,0,276
05/11/2015,SMF,CA,AWP,WE,Towers with Radar,251,43,18,0,312,0,4,8,0,12,251,47,26,0,324,4,0,4,328
05/12/2015,SMF,CA,AWP,WE,Towers with Radar,241,50,7,0,298,0,3,13,2,18,241,53,20,2,316,24,0,24,340
05/13/2015,SMF,CA,AWP,WE,Towers with Radar,250,50,9,1,310,0,0,13,3,16,250,50,22,4,326,0,0,0,326
05/14/2015,SMF,CA,AWP,WE,Towers with Radar,249,44,23,1,317,0,0,9,0,9,249,44,32,1,326,10,18,28,354
05/15/2015,SMF,CA,AWP,WE,Towers with Radar,248,48,7,0,303,0,2,4,2,8,248,50,11,2,311,0,10,10,321
05/16/2015,SMF,CA,AWP,WE,Towers with Radar,190,33,4,0,227,0,2,6,0,8,190,35,10,0,235,0,0,0,235
05/17/2015,SMF,CA,AWP,WE,Towers with Radar,227,29,4,0,260,0,0,6,0,6,227,29,10,0,266,0,0,0,266
05/18/2015,SMF,CA,AWP,WE,Towers with Radar,251,40,12,3,306,0,2,19,1,22,251,42,31,4,328,4,6,10,338
05/19/2015,SMF,CA,AWP,WE,Towers with Radar,238,51,18,4,311,0,2,12,0,14,238,53,30,4,325,2,4,6,331
05/20/2015,SMF,CA,AWP,WE,Towers with Radar,243,48,11,0,302,0,5,12,1,18,243,53,23,1,320,0,0,0,320
05/21/2015,SMF,CA,AWP,WE,Towers with Radar,246,45,13,4,308,0,1,13,2,16,246,46,26,6,324,26,0,26,350
05/22/2015,SMF,CA,AWP,WE,Towers with Radar,248,48,5,0,301,0,2,20,0,22,248,50,25,0,323,0,0,0,323
05/23/2015,SMF,CA,AWP,WE,Towers with Radar,176,33,5,0,214,0,1,3,0,4,176,34,8,0,218,0,0,0,218
05/24/2015,SMF,CA,AWP,WE,Towers with Radar,169,23,0,4,196,0,2,13,0,15,169,25,13,4,211,0,0,0,211
05/25/2015,SMF,CA,AWP,WE,Towers with Radar,221,28,4,0,253,0,2,13,0,15,221,30,17,0,268,0,0,0,268
05/26/2015,SMF,CA,AWP,WE,Towers with Radar,234,41,13,2,290,0,4,12,4,20,234,45,25,6,310,0,0,0,310
05/27/2015,SMF,CA,AWP,WE,Towers with Radar,247,42,4,5,298,0,3,7,1,11,247,45,11,6,309,0,0,0,309
05/28/2015,SMF,CA,AWP,WE,Towers with Radar,253,45,10,4,312,0,4,14,0,18,253,49,24,4,330,0,0,0,330
05/29/2015,SMF,CA,AWP,WE,Towers with Radar,249,45,5,0,299,0,2,17,4,23,249,47,22,4,322,0,0,0,322
05/30/2015,SMF,CA,AWP,WE,Towers with Radar,191,39,4,0,234,0,2,9,1,12,191,41,13,1,246,0,0,0,246
05/31/2015,SMF,CA,AWP,WE,Towers with Radar,229,26,3,0,258,0,2,9,0,11,229,28,12,0,269,0,0,0,269
06/01/2015,SMF,CA,AWP,WE,Towers with Radar,253,39,9,1,302,0,2,15,1,18,253,41,24,2,320,6,6,12,332
06/02/2015,SMF,CA,AWP,WE,Towers with Radar,238,48,7,1,294,0,3,11,1,15,238,51,18,2,309,0,16,16,325
06/03/2015,SMF,CA,AWP,WE,Towers with Radar,246,44,8,4,302,0,3,9,0,12,246,47,17,4,314,0,0,0,314
06/04/2015,SMF,CA,AWP,WE,Towers with Radar,250,45,12,7,314,0,4,9,2,15,250,49,21,9,329,0,8,8,337
06/05/2015,SMF,CA,AWP,WE,Towers with Radar,256,45,9,2,312,0,4,16,0,20,256,49,25,2,332,0,0,0,332
06/06/2015,SMF,CA,AWP,WE,Towers with Radar,193,29,3,0,225,0,2,9,0,11,193,31,12,0,236,0,0,0,236
06/07/2015,SMF,CA,AWP,WE,Towers with Radar,235,26,2,0,263,0,2,16,0,18,235,28,18,0,281,2,0,2,283
06/08/2015,SMF,CA,AWP,WE,Towers with Radar,250,31,11,0,292,0,2,13,1,16,250,33,24,1,308,0,0,0,308
06/09/2015,SMF,CA,AWP,WE,Towers with Radar,246,38,13,7,304,0,1,10,1,12,246,39,23,8,316,0,8,8,324
06/10/2015,SMF,CA,AWP,WE,Towers with Radar,249,48,18,9,324,0,2,10,0,12,249,50,28,9,336,0,0,0,336
06/11/2015,SMF,CA,AWP,WE,Towers with Radar,260,42,5,0,307,0,4,9,0,13,260,46,14,0,320,6,0,6,326
06/12/2015,SMF,CA,AWP,WE,Towers with Radar,259,38,5,0,302,0,4,13,0,17,259,42,18,0,319,0,0,0,319
06/13/2015,SMF,CA,AWP,WE,Towers with Radar,212,30,6,0,248,0,0,14,2,16,212,30,20,2,264,0,0,0,264
06/14/2015,SMF,CA,AWP,WE,Towers with Radar,229,27,9,1,266,0,1,17,0,18,229,28,26,1,284,10,0,10,294
06/15/2015,SMF,CA,AWP,WE,Towers with Radar,251,32,6,0,289,0,3,12,0,15,251,35,18,0,304,0,0,0,304
06/16/2015,SMF,CA,AWP,WE,Towers with Radar,247,32,7,3,289,0,4,10,1,15,247,36,17,4,304,16,14,30,334
06/17/2015,SMF,CA,AWP,WE,Towers with Radar,260,41,12,2,315,0,4,22,0,26,260,45,34,2,341,0,0,0,341
06/18/2015,SMF,CA,AWP,WE,Towers with Radar,249,42,13,6,310,0,3,12,0,15,249,45,25,6,325,0,0,0,325
06/19/2015,SMF,CA,AWP,WE,Towers with Radar,260,40,8,2,310,0,3,15,0,18,260,43,23,2,328,0,0,0,328
06/20/2015,SMF,CA,AWP,WE,Towers with Radar,210,36,3,0,249,0,0,6,0,6,210,36,9,0,255,0,0,0,255
06/21/2015,SMF,CA,AWP,WE,Towers with Radar,240,24,5,1,270,0,0,13,0,13,240,24,18,1,283,20,0,20,303
06/22/2015,SMF,CA,AWP,WE,Towers with Radar,256,35,17,2,310,0,4,6,0,10,256,39,23,2,320,24,0,24,344
06/23/2015,SMF,CA,AWP,WE,Towers with Radar,245,44,7,5,301,0,4,19,2,25,245,48,26,7,326,20,8,28,354
06/24/2015,SMF,CA,AWP,WE,Towers with Radar,253,43,8,0,304,0,4,14,1,19,253,47,22,1,323,0,0,0,323
06/25/2015,SMF,CA,AWP,WE,Towers with Radar,256,40,21,0,317,0,0,18,1,19,256,40,39,1,336,6,4,10,346
06/26/2015,SMF,CA,AWP,WE,Towers with Radar,253,43,4,0,300,0,5,13,0,18,253,48,17,0,318,0,0,0,318
06/27/2015,SMF,CA,AWP,WE,Towers with Radar,213,28,7,0,248,0,0,10,0,10,213,28,17,0,258,0,0,0,258
06/28/2015,SMF,CA,AWP,WE,Towers with Radar,230,36,9,0,275,0,4,9,0,13,230,40,18,0,288,18,0,18,306
06/29/2015,SMF,CA,AWP,WE,Towers with Radar,246,34,12,3,295,0,3,17,8,28,246,37,29,11,323,32,20,52,375
06/30/2015,SMF,CA,AWP,WE,Towers with Radar,245,40,5,0,290,0,6,12,3,21,245,46,17,3,311,16,16,32,343
07/01/2015,SMF,CA,AWP,WE,Towers with Radar,249,39,10,0,298,0,7,10,0,17,249,46,20,0,315,0,0,0,315
07/02/2015,SMF,CA,AWP,WE,Towers with Radar,264,40,23,0,327,0,3,11,2,16,264,43,34,2,343,0,6,6,349
07/03/2015,SMF,CA,AWP,WE,Towers with Radar,223,35,7,12,277,0,3,17,0,20,223,38,24,12,297,0,0,0,297
07/04/2015,SMF,CA,AWP,WE,Towers with Radar,154,21,1,0,176,0,0,9,1,10,154,21,10,1,186,0,0,0,186
07/05/2015,SMF,CA,AWP,WE,Towers with Radar,232,25,2,0,259,0,0,10,0,10,232,25,12,0,269,0,0,0,269
07/06/2015,SMF,CA,AWP,WE,Towers with Radar,252,35,10,0,297,0,4,13,0,17,252,39,23,0,314,12,0,12,326
07/07/2015,SMF,CA,AWP,WE,Towers with Radar,249,40,19,0,308,0,6,23,2,31,249,46,42,2,339,38,12,50,389
07/08/2015,SMF,CA,AWP,WE,Towers with Radar,253,40,15,0,308,0,4,15,0,19,253,44,30,0,327,20,0,20,347
07/09/2015,SMF,CA,AWP,WE,Towers with Radar,253,48,12,8,321,0,0,5,4,9,253,48,17,12,330,0,30,30,360
07/10/2015,SMF,CA,AWP,WE,Towers with Radar,254,43,12,2,311,0,2,10,0,12,254,45,22,2,323,26,0,26,349
07/11/2015,SMF,CA,AWP,WE,Towers with Radar,214,33,10,0,257,0,2,8,2,12,214,35,18,2,269,0,0,0,269
07/12/2015,SMF,CA,AWP,WE,Towers with Radar,236,25,3,0,264,0,5,7,0,12,236,30,10,0,276,0,12,12,288
07/13/2015,SMF,CA,AWP,WE,Towers with Radar,254,36,7,0,297,0,4,23,0,27,254,40,30,0,324,8,0,8,332
07/14/2015,SMF,CA,AWP,WE,Towers with Radar,247,43,7,4,301,0,7,16,0,23,247,50,23,4,324,0,0,0,324
07/15/2015,SMF,CA,AWP,WE,Towers with Radar,250,41,7,0,298,0,2,7,0,9,250,43,14,0,307,0,8,8,315
07/16/2015,SMF,CA,AWP,WE,Towers with Radar,257,40,9,4,310,0,1,20,0,21,257,41,29,4,331,0,0,0,331
07/17/2015,SMF,CA,AWP,WE,Towers with Radar,263,43,15,0,321,0,7,16,0,23,263,50,31,0,344,0,0,0,344
07/18/2015,SMF,CA,AWP,WE,Towers with Radar,203,30,3,0,236,0,3,17,2,22,203,33,20,2,258,0,0,0,258
07/19/2015,SMF,CA,AWP,WE,Towers with Radar,242,27,13,0,282,0,0,11,0,11,242,27,24,0,293,10,0,10,303
07/20/2015,SMF,CA,AWP,WE,Towers with Radar,255,34,6,7,302,0,2,22,3,27,255,36,28,10,329,0,24,24,353
07/21/2015,SMF,CA,AWP,WE,Towers with Radar,253,44,7,2,306,0,4,12,0,16,253,48,19,2,322,0,0,0,322
07/22/2015,SMF,CA,AWP,WE,Towers with Radar,254,41,16,5,316,0,4,16,3,23,254,45,32,8,339,0,20,20,359
07/23/2015,SMF,CA,AWP,WE,Towers with Radar,254,42,16,0,312,0,1,18,2,21,254,43,34,2,333,0,0,0,333
07/24/2015,SMF,CA,AWP,WE,Towers with Radar,258,43,7,2,310,0,1,7,0,8,258,44,14,2,318,0,12,12,330
07/25/2015,SMF,CA,AWP,WE,Towers with Radar,212,28,2,0,242,0,2,7,0,9,212,30,9,0,251,0,0,0,251
07/26/2015,SMF,CA,AWP,WE,Towers with Radar,237,25,3,0,265,0,2,12,2,16,237,27,15,2,281,0,0,0,281
07/27/2015,SMF,CA,AWP,WE,Towers with Radar,248,37,8,0,293,0,2,10,2,14,248,39,18,2,307,0,0,0,307
07/28/2015,SMF,CA,AWP,WE,Towers with Radar,249,47,6,3,305,0,5,19,1,25,249,52,25,4,330,10,0,10,340
07/29/2015,SMF,CA,AWP,WE,Towers with Radar,255,43,6,4,308,0,2,15,1,18,255,45,21,5,326,28,6,34,360
07/30/2015,SMF,CA,AWP,WE,Towers with Radar,255,44,10,4,313,0,4,5,0,9,255,48,15,4,322,0,0,0,322
07/31/2015,SMF,CA,AWP,WE,Towers with Radar,254,40,3,0,297,0,5,20,0,25,254,45,23,0,322,0,0,0,322
08/01/2015,SMF,CA,AWP,WE,Towers with Radar,220,30,7,0,257,0,4,6,0,10,220,34,13,0,267,2,0,2,269
08/02/2015,SMF,CA,AWP,WE,Towers with Radar,239,30,3,0,272,0,0,8,0,8,239,30,11,0,280,0,0,0,280
08/03/2015,SMF,CA,AWP,WE,Towers with Radar,251,42,10,0,303,0,1,11,2,14,251,43,21,2,317,0,0,0,317
08/04/2015,SMF,CA,AWP,WE,Towers with Radar,244,39,11,0,294,0,4,15,0,19,244,43,26,0,313,6,0,6,319
08/05/2015,SMF,CA,AWP,WE,Towers with Radar,251,41,6,4,302,0,4,15,2,21,251,45,21,6,323,0,0,0,323
08/06/2015,SMF,CA,AWP,WE,Towers with Radar,253,39,7,3,302,0,5,22,3,30,253,44,29,6,332,0,4,4,336
08/07/2015,SMF,CA,AWP,WE,Towers with Radar,258,46,7,1,312,0,2,5,2,9,258,48,12,3,321,12,22,34,355
08/08/2015,SMF,CA,AWP,WE,Towers with Radar,216,25,6,0,247,0,2,8,0,10,216,27,14,0,257,0,0,0,257
08/09/2015,SMF,CA,AWP,WE,Towers with Radar,235,24,3,0,262,0,2,11,0,13,235,26,14,0,275,40,0,40,315
08/10/2015,SMF,CA,AWP,WE,Towers with Radar,253,32,13,2,300,0,5,15,0,20,253,37,28,2,320,14,0,14,334
08/11/2015,SMF,CA,AWP,WE,Towers with Radar,248,46,11,0,305,0,4,15,0,19,248,50,26,0,324,0,0,0,324
08/12/2015,SMF,CA,AWP,WE,Towers with Radar,260,40,7,4,311,0,2,7,0,9,260,42,14,4,320,0,0,0,320
08/13/2015,SMF,CA,AWP,WE,Towers with Radar,250,39,17,2,308,0,2,14,2,18,250,41,31,4,326,0,0,0,326
08/14/2015,SMF,CA,AWP,WE,Towers with Radar,261,44,6,3,314,0,0,10,0,10,261,44,16,3,324,0,0,0,324
08/15/2015,SMF,CA,AWP,WE,Towers with Radar,205,22,4,1,232,0,2,13,0,15,205,24,17,1,247,0,0,0,247
08/16/2015,SMF,CA,AWP,WE,Towers with Radar,236,24,3,0,263,0,3,12,0,15,236,27,15,0,278,0,2,2,280
08/17/2015,SMF,CA,AWP,WE,Towers with Radar,252,33,8,0,293,0,2,16,0,18,252,35,24,0,311,0,0,0,311
08/18/2015,SMF,CA,AWP,WE,Towers with Radar,241,39,6,2,288,0,4,18,1,23,241,43,24,3,311,0,0,0,311
08/19/2015,SMF,CA,AWP,WE,Towers with Radar,240,38,9,2,289,0,2,17,0,19,240,40,26,2,308,0,0,0,308
08/20/2015,SMF,CA,AWP,WE,Towers with Radar,250,39,12,2,303,1,2,15,0,18,251,41,27,2,321,0,0,0,321
08/21/2015,SMF,CA,AWP,WE,Towers with Radar,249,41,3,5,298,0,1,14,0,15,249,42,17,5,313,2,4,6,319
08/22/2015,SMF,CA,AWP,WE,Towers with Radar,193,27,4,0,224,0,2,5,1,8,193,29,9,1,232,0,0,0,232
08/23/2015,SMF,CA,AWP,WE,Towers with Radar,228,24,6,0,258,0,3,15,0,18,228,27,21,0,276,0,0,0,276
08/24/2015,SMF,CA,AWP,WE,Towers with Radar,244,36,6,3,289,0,6,15,1,22,244,42,21,4,311,0,10,10,321
08/25/2015,SMF,CA,AWP,WE,Towers with Radar,237,40,15,4,296,0,5,10,2,17,237,45,25,6,313,0,6,6,319
08/26/2015,SMF,CA,AWP,WE,Towers with Radar,248,41,14,2,305,0,2,14,2,18,248,43,28,4,323,0,0,0,323
08/27/2015,SMF,CA,AWP,WE,Towers with Radar,250,43,17,0,310,0,2,18,0,20,250,45,35,0,330,10,0,10,340
08/28/2015,SMF,CA,AWP,WE,Towers with Radar,251,45,9,0,305,0,4,12,0,16,251,49,21,0,321,0,0,0,321
08/29/2015,SMF,CA,AWP,WE,Towers with Radar,188,24,5,0,217,0,2,4,0,6,188,26,9,0,223,0,0,0,223
08/30/2015,SMF,CA,AWP,WE,Towers with Radar,223,28,3,0,254,0,2,7,0,9,223,30,10,0,263,2,0,2,265
08/31/2015,SMF,CA,AWP,WE,Towers with Radar,252,30,10,0,292,0,4,17,0,21,252,34,27,0,313,4,0,4,317
09/01/2015,SMF,CA,AWP,WE,Towers with Radar,243,42,8,8,301,0,2,16,0,18,243,44,24,8,319,4,0,4,323
09/02/2015,SMF,CA,AWP,WE,Towers with Radar,250,44,12,0,306,0,2,18,0,20,250,46,30,0,326,0,0,0,326
09/03/2015,SMF,CA,AWP,WE,Towers with Radar,256,43,19,0,318,0,3,11,0,14,256,46,30,0,332,20,0,20,352
09/04/2015,SMF,CA,AWP,WE,Towers with Radar,255,47,8,0,310,0,3,19,0,22,255,50,27,0,332,14,0,14,346
09/05/2015,SMF,CA,AWP,WE,Towers with Radar,163,26,4,0,193,0,2,19,0,21,163,28,23,0,214,0,0,0,214
09/06/2015,SMF,CA,AWP,WE,Towers with Radar,175,27,5,0,207,0,3,7,0,10,175,30,12,0,217,0,0,0,217
09/07/2015,SMF,CA,AWP,WE,Towers with Radar,223,28,4,0,255,0,4,19,0,23,223,32,23,0,278,0,0,0,278
09/08/2015,SMF,CA,AWP,WE,Towers with Radar,233,40,7,0,280,0,3,9,0,12,233,43,16,0,292,0,0,0,292
09/09/2015,SMF,CA,AWP,WE,Towers with Radar,236,50,14,0,300,0,5,12,2,19,236,55,26,2,319,0,2,2,321
09/10/2015,SMF,CA,AWP,WE,Towers with Radar,242,46,8,3,299,0,7,12,0,19,242,53,20,3,318,4,0,4,322
09/11/2015,SMF,CA,AWP,WE,Towers with Radar,242,54,17,3,316,0,0,27,0,27,242,54,44,3,343,0,0,0,343
09/12/2015,SMF,CA,AWP,WE,Towers with Radar,183,38,5,0,226,0,2,9,0,11,183,40,14,0,237,0,6,6,243
09/13/2015,SMF,CA,AWP,WE,Towers with Radar,231,34,7,0,272,0,0,3,0,3,231,34,10,0,275,0,0,0,275
09/14/2015,SMF,CA,AWP,WE,Towers with Radar,244,41,21,0,306,0,5,12,1,18,244,46,33,1,324,6,0,6,330
09/15/2015,SMF,CA,AWP,WE,Towers with Radar,230,45,16,0,291,0,2,17,2,21,230,47,33,2,312,0,0,0,312
09/16/2015,SMF,CA,AWP,WE,Towers with Radar,239,53,12,2,306,0,4,4,0,8,239,57,16,2,314,0,0,0,314
09/17/2015,SMF,CA,AWP,WE,Towers with Radar,247,44,10,0,301,0,2,13,0,15,247,46,23,0,316,6,0,6,322
09/18/2015,SMF,CA,AWP,WE,Towers with Radar,248,50,6,0,304,0,0,19,1,20,248,50,25,1,324,0,8,8,332
09/19/2015,SMF,CA,AWP,WE,Towers with Radar,182,33,6,0,221,0,2,9,0,11,182,35,15,0,232,0,0,0,232
09/20/2015,SMF,CA,AWP,WE,Towers with Radar,224,31,13,0,268,0,2,14,0,16,224,33,27,0,284,0,0,0,284
09/21/2015,SMF,CA,AWP,WE,Towers with Radar,242,41,5,0,288,0,4,17,0,21,242,45,22,0,309,0,0,0,309
09/22/2015,SMF,CA,AWP,WE,Towers with Radar,233,44,5,0,282,0,4,8,0,12,233,48,13,0,294,4,0,4,298
09/23/2015,SMF,CA,AWP,WE,Towers with Radar,242,45,11,0,298,0,2,16,0,18,242,47,27,0,316,4,0,4,320
09/24/2015,SMF,CA,AWP,WE,Towers with Radar,244,52,9,9,314,0,4,16,2,22,244,56,25,11,336,0,0,0,336
09/25/2015,SMF,CA,AWP,WE,Towers with Radar,247,55,7,1,310,0,2,12,1,15,247,57,19,2,325,0,6,6,331
09/26/2015,SMF,CA,AWP,WE,Towers with Radar,182,29,2,3,216,0,2,11,1,14,182,31,13,4,230,12,0,12,242
09/27/2015,SMF,CA,AWP,WE,Towers with Radar,226,29,7,0,262,0,2,11,0,13,226,31,18,0,275,0,0,0,275
09/28/2015,SMF,CA,AWP,WE,Towers with Radar,244,49,12,0,305,0,3,12,2,17,244,52,24,2,322,0,4,4,326
09/29/2015,SMF,CA,AWP,WE,Towers with Radar,232,44,8,1,285,0,5,10,3,18,232,49,18,4,303,0,10,10,313
09/30/2015,SMF,CA,AWP,WE,Towers with Radar,240,48,19,0,307,0,2,12,0,14,240,50,31,0,321,0,0,0,321
10/01/2015,SMF,CA,AWP,WE,Towers with Radar,243,57,12,7,319,0,2,8,1,11,243,59,20,8,330,0,10,10,340
10/02/2015,SMF,CA,AWP,WE,Towers with Radar,243,52,8,2,305,0,1,18,1,20,243,53,26,3,325,4,10,14,339
10/03/2015,SMF,CA,AWP,WE,Towers with Radar,182,33,1,0,216,0,2,19,0,21,182,35,20,0,237,0,0,0,237
10/04/2015,SMF,CA,AWP,WE,Towers with Radar,223,31,7,0,261,0,0,13,0,13,223,31,20,0,274,0,0,0,274
10/05/2015,SMF,CA,AWP,WE,Towers with Radar,249,41,18,4,312,0,2,16,0,18,249,43,34,4,330,0,0,0,330
10/06/2015,SMF,CA,AWP,WE,Towers with Radar,240,40,4,4,288,0,4,10,1,15,240,44,14,5,303,0,8,8,311
10/07/2015,SMF,CA,AWP,WE,Towers with Radar,249,45,9,0,303,0,3,16,0,19,249,48,25,0,322,0,0,0,322
10/08/2015,SMF,CA,AWP,WE,Towers with Radar,253,47,9,0,309,0,0,20,2,22,253,47,29,2,331,0,8,8,339
10/09/2015,SMF,CA,AWP,WE,Towers with Radar,259,46,4,2,311,0,3,11,0,14,259,49,15,2,325,0,0,0,325
10/10/2015,SMF,CA,AWP,WE,Towers with Radar,203,26,2,0,231,0,2,7,2,11,203,28,9,2,242,0,0,0,242
10/11/2015,SMF,CA,AWP,WE,Towers with Radar,232,32,5,0,269,0,2,14,0,16,232,34,19,0,285,0,0,0,285
10/12/2015,SMF,CA,AWP,WE,Towers with Radar,244,38,6,0,288,0,2,12,0,14,244,40,18,0,302,0,0,0,302
10/13/2015,SMF,CA,AWP,WE,Towers with Radar,243,44,5,1,293,0,6,31,3,40,243,50,36,4,333,0,0,0,333
10/14/2015,SMF,CA,AWP,WE,Towers with Radar,250,43,16,2,311,0,4,9,1,14,250,47,25,3,325,0,32,32,357
10/15/2015,SMF,CA,AWP,WE,Towers with Radar,255,47,9,0,311,0,2,13,2,17,255,49,22,2,328,0,6,6,334
10/16/2015,SMF,CA,AWP,WE,Towers with Radar,254,45,12,2,313,0,0,19,2,21,254,45,31,4,334,0,6,6,340
10/17/2015,SMF,CA,AWP,WE,Towers with Radar,189,26,5,0,220,0,2,4,0,6,189,28,9,0,226,0,0,0,226
10/18/2015,SMF,CA,AWP,WE,Towers with Radar,226,27,4,0,257,0,2,8,0,10,226,29,12,0,267,0,0,0,267
10/19/2015,SMF,CA,AWP,WE,Towers with Radar,250,48,15,0,313,0,3,11,0,14,250,51,26,0,327,0,0,0,327
10/20/2015,SMF,CA,AWP,WE,Towers with Radar,241,41,8,1,291,0,1,12,5,18,241,42,20,6,309,2,12,14,323
10/21/2015,SMF,CA,AWP,WE,Towers with Radar,251,50,6,3,310,0,2,15,1,18,251,52,21,4,328,0,8,8,336
10/22/2015,SMF,CA,AWP,WE,Towers with Radar,252,48,13,2,315,0,2,20,1,23,252,50,33,3,338,0,10,10,348
10/23/2015,SMF,CA,AWP,WE,Towers with Radar,248,49,8,10,315,0,2,18,0,20,248,51,26,10,335,0,14,14,349
10/24/2015,SMF,CA,AWP,WE,Towers with Radar,187,40,3,0,230,0,0,12,0,12,187,40,15,0,242,0,0,0,242
10/25/2015,SMF,CA,AWP,WE,Towers with Radar,230,31,5,4,270,0,2,2,0,4,230,33,7,4,274,0,36,36,310
10/26/2015,SMF,CA,AWP,WE,Towers with Radar,249,37,13,0,299,0,2,12,0,14,249,39,25,0,313,0,0,0,313
10/27/2015,SMF,CA,AWP,WE,Towers with Radar,244,42,12,10,308,0,0,12,7,19,244,42,24,17,327,0,0,0,327
10/28/2015,SMF,CA,AWP,WE,Towers with Radar,250,37,15,2,304,0,1,7,6,14,250,38,22,8,318,0,14,14,332
10/29/2015,SMF,CA,AWP,WE,Towers with Radar,251,43,7,2,303,0,4,12,0,16,251,47,19,2,319,2,2,4,323
10/30/2015,SMF,CA,AWP,WE,Towers with Radar,250,46,10,2,308,0,4,21,4,29,250,50,31,6,337,0,0,0,337
10/31/2015,SMF,CA,AWP,WE,Towers with Radar,167,28,6,0,201,0,1,5,0,6,167,29,11,0,207,0,0,0,207
11/01/2015,SMF,CA,AWP,WE,Towers with Radar,229,30,11,0,270,0,0,0,0,0,229,30,11,0,270,0,0,0,270
11/02/2015,SMF,CA,AWP,WE,Towers with Radar,246,36,14,11,307,0,0,1,2,3,246,36,15,13,310,0,6,6,316
11/03/2015,SMF,CA,AWP,WE,Towers with Radar,241,44,10,1,296,0,1,14,3,18,241,45,24,4,314,0,16,16,330
11/04/2015,SMF,CA,AWP,WE,Towers with Radar,239,47,15,2,303,0,2,16,0,18,239,49,31,2,321,0,0,0,321
11/05/2015,SMF,CA,AWP,WE,Towers with Radar,253,37,10,0,300,0,1,11,2,14,253,38,21,2,314,0,10,10,324
11/06/2015,SMF,CA,AWP,WE,Towers with Radar,253,36,11,4,304,0,5,16,0,21,253,41,27,4,325,0,0,0,325
11/07/2015,SMF,CA,AWP,WE,Towers with Radar,195,26,8,0,229,0,0,13,0,13,195,26,21,0,242,0,0,0,242
11/08/2015,SMF,CA,AWP,WE,Towers with Radar,229,24,9,0,262,0,0,0,0,0,229,24,9,0,262,0,0,0,262
11/09/2015,SMF,CA,AWP,WE,Towers with Radar,253,39,17,4,313,0,0,2,0,2,253,39,19,4,315,0,0,0,315
11/10/2015,SMF,CA,AWP,WE,Towers with Radar,236,40,15,7,298,0,1,4,5,10,236,41,19,12,308,0,10,10,318
11/11/2015,SMF,CA,AWP,WE,Towers with Radar,245,40,16,0,301,0,1,7,1,9,245,41,23,1,310,0,6,6,316
11/12/2015,SMF,CA,AWP,WE,Towers with Radar,251,41,20,1,313,0,0,14,0,14,251,41,34,1,327,0,12,12,339
11/13/2015,SMF,CA,AWP,WE,Towers with Radar,247,39,15,2,303,0,0,17,0,17,247,39,32,2,320,0,6,6,326
11/14/2015,SMF,CA,AWP,WE,Towers with Radar,194,28,9,0,231,0,0,8,0,8,194,28,17,0,239,0,0,0,239
11/15/2015,SMF,CA,AWP,WE,Towers with Radar,229,26,13,0,268,0,1,3,0,4,229,27,16,0,272,0,0,0,272
11/16/2015,SMF,CA,AWP,WE,Towers with Radar,253,29,11,14,307,0,0,13,4,17,253,29,24,18,324,0,0,0,324
11/17/2015,SMF,CA,AWP,WE,Towers with Radar,242,34,1,0,277,0,0,15,4,19,242,34,16,4,296,0,16,16,312
11/18/2015,SMF,CA,AWP,WE,Towers with Radar,246,37,5,0,288,0,5,9,0,14,246,42,14,0,302,2,0,2,304
11/19/2015,SMF,CA,AWP,WE,Towers with Radar,250,38,14,0,302,0,4,11,0,15,250,42,25,0,317,0,0,0,317
11/20/2015,SMF,CA,AWP,WE,Towers with Radar,248,38,11,2,299,0,4,15,2,21,248,42,26,4,320,0,0,0,320
11/21/2015,SMF,CA,AWP,WE,Towers with Radar,196,31,11,0,238,0,0,13,0,13,196,31,24,0,251,0,0,0,251
11/22/2015,SMF,CA,AWP,WE,Towers with Radar,225,21,1,0,247,0,2,8,0,10,225,23,9,0,257,0,0,0,257
11/23/2015,SMF,CA,AWP,WE,Towers with Radar,241,32,7,0,280,0,1,7,0,8,241,33,14,0,288,0,0,0,288
11/24/2015,SMF,CA,AWP,WE,Towers with Radar,237,44,13,0,294,0,1,3,1,5,237,45,16,1,299,0,0,0,299
11/25/2015,SMF,CA,AWP,WE,Towers with Radar,254,36,10,6,306,0,2,8,2,12,254,38,18,8,318,0,26,26,344
11/26/2015,SMF,CA,AWP,WE,Towers with Radar,164,20,1,0,185,0,2,8,0,10,164,22,9,0,195,0,0,0,195
11/27/2015,SMF,CA,AWP,WE,Towers with Radar,193,31,3,0,227,0,2,4,0,6,193,33,7,0,233,0,0,0,233
11/28/2015,SMF,CA,AWP,WE,Towers with Radar,239,19,4,0,262,0,1,7,0,8,239,20,11,0,270,0,0,0,270
11/29/2015,SMF,CA,AWP,WE,Towers with Radar,260,20,10,0,290,0,2,15,0,17,260,22,25,0,307,0,0,0,307
11/30/2015,SMF,CA,AWP,WE,Towers with Radar,255,40,16,0,311,0,1,5,2,8,255,41,21,2,319,0,0,0,319
12/01/2015,SMF,CA,AWP,WE,Towers with Radar,248,31,9,0,288,0,1,6,0,7,248,32,15,0,295,0,0,0,295
12/02/2015,SMF,CA,AWP,WE,Towers with Radar,249,34,8,0,291,0,1,4,2,7,249,35,12,2,298,0,14,14,312
12/03/2015,SMF,CA,AWP,WE,Towers with Radar,256,34,12,2,304,0,2,3,0,5,256,36,15,2,309,0,0,0,309
12/04/2015,SMF,CA,AWP,WE,Towers with Radar,242,43,11,0,296,0,3,12,0,15,242,46,23,0,311,0,0,0,311
12/05/2015,SMF,CA,AWP,WE,Towers with Radar,186,20,3,0,209,0,2,8,0,10,186,22,11,0,219,0,0,0,219
12/06/2015,SMF,CA,AWP,WE,Towers with Radar,229,17,3,0,249,0,0,1,0,1,229,17,4,0,250,0,0,0,250
12/07/2015,SMF,CA,AWP,WE,Towers with Radar,237,30,13,5,285,0,0,4,1,5,237,30,17,6,290,0,20,20,310
12/08/2015,SMF,CA,AWP,WE,Towers with Radar,239,33,22,0,294,0,0,0,0,0,239,33,22,0,294,0,0,0,294
12/09/2015,SMF,CA,AWP,WE,Towers with Radar,234,41,19,1,295,0,0,0,0,0,234,41,19,1,295,0,0,0,295
12/10/2015,SMF,CA,AWP,WE,Towers with Radar,248,33,12,0,293,0,0,4,0,4,248,33,16,0,297,0,0,0,297
12/11/2015,SMF,CA,AWP,WE,Towers with Radar,248,35,16,4,303,0,0,6,0,6,248,35,22,4,309,0,12,12,321
12/12/2015,SMF,CA,AWP,WE,Towers with Radar,186,17,4,2,209,0,1,5,2,8,186,18,9,4,217,0,0,0,217
12/13/2015,SMF,CA,AWP,WE,Towers with Radar,229,15,12,0,256,0,0,1,0,1,229,15,13,0,257,0,0,0,257
12/14/2015,SMF,CA,AWP,WE,Towers with Radar,234,31,12,3,280,0,1,13,3,17,234,32,25,6,297,0,20,20,317
12/15/2015,SMF,CA,AWP,WE,Towers with Radar,241,45,11,1,298,0,1,12,1,14,241,46,23,2,312,6,18,24,336
12/16/2015,SMF,CA,AWP,WE,Towers with Radar,250,33,9,2,294,0,1,13,4,18,250,34,22,6,312,0,10,10,322
12/17/2015,SMF,CA,AWP,WE,Towers with Radar,251,37,22,2,312,0,2,10,0,12,251,39,32,2,324,0,0,0,324
12/18/2015,SMF,CA,AWP,WE,Towers with Radar,255,41,14,3,313,0,0,8,3,11,255,41,22,6,324,4,10,14,338
12/19/2015,SMF,CA,AWP,WE,Towers with Radar,216,24,7,0,247,0,0,4,0,4,216,24,11,0,251,0,0,0,251
12/20/2015,SMF,CA,AWP,WE,Towers with Radar,233,15,5,2,255,0,0,0,0,0,233,15,5,2,255,0,0,0,255
12/21/2015,SMF,CA,AWP,WE,Towers with Radar,252,35,9,0,296,0,0,0,0,0,252,35,9,0,296,0,0,0,296
12/22/2015,SMF,CA,AWP,WE,Towers with Radar,251,34,9,2,296,0,0,11,0,11,251,34,20,2,307,0,0,0,307
12/23/2015,SMF,CA,AWP,WE,Towers with Radar,257,40,8,0,305,0,1,16,0,17,257,41,24,0,322,0,0,0,322
12/24/2015,SMF,CA,AWP,WE,Towers with Radar,216,26,1,0,243,0,0,0,0,0,216,26,1,0,243,0,0,0,243
12/25/2015,SMF,CA,AWP,WE,Towers with Radar,176,16,0,0,192,0,0,2,4,6,176,16,2,4,198,0,0,0,198
12/26/2015,SMF,CA,AWP,WE,Towers with Radar,227,25,8,0,260,0,0,4,0,4,227,25,12,0,264,0,0,0,264
12/27/2015,SMF,CA,AWP,WE,Towers with Radar,241,22,8,0,271,0,0,5,0,5,241,22,13,0,276,0,0,0,276
12/28/2015,SMF,CA,AWP,WE,Towers with Radar,236,31,9,0,276,0,0,4,0,4,236,31,13,0,280,0,0,0,280
12/29/2015,SMF,CA,AWP,WE,Towers with Radar,251,36,5,7,299,0,0,6,0,6,251,36,11,7,305,0,0,0,305
12/30/2015,SMF,CA,AWP,WE,Towers with Radar,248,36,8,0,292,0,1,7,2,10,248,37,15,2,302,0,0,0,302
12/31/2015,SMF,CA,AWP,WE,Towers with Radar,187,32,4,0,223,0,0,4,0,4,187,32,8,0,227,22,0,22,249
01/01/2016,SMF,CA,AWP,WE,Towers with Radar,174,20,7,0,201,0,0,6,2,8,174,20,13,2,209,0,0,0,209
01/02/2016,SMF,CA,AWP,WE,Towers with Radar,235,26,2,0,263,0,1,7,0,8,235,27,9,0,271,0,0,0,271
01/03/2016,SMF,CA,AWP,WE,Towers with Radar,235,17,10,0,262,0,0,2,0,2,235,17,12,0,264,0,0,0,264
01/04/2016,SMF,CA,AWP,WE,Towers with Radar,248,31,10,0,289,0,0,1,0,1,248,31,11,0,290,0,0,0,290
01/05/2016,SMF,CA,AWP,WE,Towers with Radar,225,40,12,0,277,0,0,2,0,2,225,40,14,0,279,0,0,0,279
01/06/2016,SMF,CA,AWP,WE,Towers with Radar,232,39,10,6,287,0,1,1,0,2,232,40,11,6,289,0,0,0,289
01/07/2016,SMF,CA,AWP,WE,Towers with Radar,238,44,17,0,299,0,0,5,0,5,238,44,22,0,304,0,0,0,304
01/08/2016,SMF,CA,AWP,WE,Towers with Radar,244,38,4,2,288,0,0,3,0,3,244,38,7,2,291,0,0,0,291
01/09/2016,SMF,CA,AWP,WE,Towers with Radar,163,22,7,0,192,0,0,0,0,0,163,22,7,0,192,0,0,0,192
01/10/2016,SMF,CA,AWP,WE,Towers with Radar,200,31,11,0,242,0,0,6,0,6,200,31,17,0,248,0,0,0,248
01/11/2016,SMF,CA,AWP,WE,Towers with Radar,234,37,11,9,291,0,0,8,3,11,234,37,19,12,302,12,12,24,326
01/12/2016,SMF,CA,AWP,WE,Towers with Radar,224,41,5,0,270,0,0,4,0,4,224,41,9,0,274,0,0,0,274
01/13/2016,SMF,CA,AWP,WE,Towers with Radar,237,42,11,18,308,0,0,2,1,3,237,42,13,19,311,0,12,12,323
01/14/2016,SMF,CA,AWP,WE,Towers with Radar,236,48,10,2,296,0,0,0,0,0,236,48,10,2,296,0,0,0,296
01/15/2016,SMF,CA,AWP,WE,Towers with Radar,237,46,22,9,314,0,0,8,0,8,237,46,30,9,322,0,0,0,322
01/16/2016,SMF,CA,AWP,WE,Towers with Radar,157,21,5,0,183,0,0,1,0,1,157,21,6,0,184,0,0,0,184
01/17/2016,SMF,CA,AWP,WE,Towers with Radar,199,18,4,0,221,0,0,0,0,0,199,18,4,0,221,0,0,0,221
01/18/2016,SMF,CA,AWP,WE,Towers with Radar,236,36,10,0,282,0,0,5,0,5,236,36,15,0,287,0,0,0,287
01/19/2016,SMF,CA,AWP,WE,Towers with Radar,219,39,19,2,279,0,0,2,0,2,219,39,21,2,281,0,0,0,281
01/20/2016,SMF,CA,AWP,WE,Towers with Radar,230,36,10,0,276,0,0,5,0,5,230,36,15,0,281,0,0,0,281
01/21/2016,SMF,CA,AWP,WE,Towers with Radar,243,52,17,0,312,0,0,3,0,3,243,52,20,0,315,0,0,0,315
01/22/2016,SMF,CA,AWP,WE,Towers with Radar,228,36,10,2,276,0,0,1,0,1,228,36,11,2,277,0,0,0,277
01/23/2016,SMF,CA,AWP,WE,Towers with Radar,156,20,9,0,185,0,0,5,0,5,156,20,14,0,190,0,0,0,190
01/24/2016,SMF,CA,AWP,WE,Towers with Radar,211,28,7,0,246,0,0,6,0,6,211,28,13,0,252,0,0,0,252
01/25/2016,SMF,CA,AWP,WE,Towers with Radar,235,42,26,2,305,0,1,10,0,11,235,43,36,2,316,0,0,0,316
01/26/2016,SMF,CA,AWP,WE,Towers with Radar,226,39,14,0,279,0,0,9,0,9,226,39,23,0,288,0,0,0,288
01/27/2016,SMF,CA,AWP,WE,Towers with Radar,227,41,17,7,292,0,0,22,1,23,227,41,39,8,315,6,8,14,329
01/28/2016,SMF,CA,AWP,WE,Towers with Radar,241,43,28,0,312,0,0,6,0,6,241,43,34,0,318,0,0,0,318
01/29/2016,SMF,CA,AWP,WE,Towers with Radar,233,46,16,0,295,0,0,0,0,0,233,46,16,0,295,0,0,0,295
01/30/2016,SMF,CA,AWP,WE,Towers with Radar,159,21,1,0,181,0,0,10,1,11,159,21,11,1,192,0,0,0,192
01/31/2016,SMF,CA,AWP,WE,Towers with Radar,211,29,17,0,257,0,0,8,0,8,211,29,25,0,265,0,0,0,265
02/01/2016,SMF,CA,AWP,WE,Towers with Radar,236,34,15,1,286,0,0,15,1,16,236,34,30,2,302,0,0,0,302
02/02/2016,SMF,CA,AWP,WE,Towers with Radar,227,35,13,2,277,0,0,4,0,4,227,35,17,2,281,0,0,0,281
02/03/2016,SMF,CA,AWP,WE,Towers with Radar,229,42,11,1,283,0,0,14,1,15,229,42,25,2,298,0,18,18,316
02/04/2016,SMF,CA,AWP,WE,Towers with Radar,243,43,15,0,301,0,0,20,1,21,243,43,35,1,322,0,0,0,322
02/05/2016,SMF,CA,AWP,WE,Towers with Radar,235,41,16,0,292,0,0,24,0,24,235,41,40,0,316,12,0,12,328
02/06/2016,SMF,CA,AWP,WE,Towers with Radar,155,24,5,0,184,0,0,12,1,13,155,24,17,1,197,0,0,0,197
02/07/2016,SMF,CA,AWP,WE,Towers with Radar,173,28,1,0,202,0,0,14,0,14,173,28,15,0,216,10,0,10,226
02/08/2016,SMF,CA,AWP,WE,Towers with Radar,234,34,16,3,287,0,0,13,0,13,234,34,29,3,300,0,0,0,300
02/09/2016,SMF,CA,AWP,WE,Towers with Radar,226,35,15,0,276,0,0,18,0,18,226,35,33,0,294,0,0,0,294
02/10/2016,SMF,CA,AWP,WE,Towers with Radar,229,37,11,0,277,0,0,10,0,10,229,37,21,0,287,0,0,0,287
02/11/2016,SMF,CA,AWP,WE,Towers with Radar,235,45,11,7,298,0,0,15,5,20,235,45,26,12,318,4,6,10,328
02/12/2016,SMF,CA,AWP,WE,Towers with Radar,237,48,9,0,294,0,0,18,0,18,237,48,27,0,312,0,0,0,312
02/13/2016,SMF,CA,AWP,WE,Towers with Radar,157,23,1,0,181,0,1,11,0,12,157,24,12,0,193,10,0,10,203
02/14/2016,SMF,CA,AWP,WE,Towers with Radar,197,24,0,0,221,0,0,7,0,7,197,24,7,0,228,0,0,0,228
02/15/2016,SMF,CA,AWP,WE,Towers with Radar,238,39,12,0,289,0,0,16,0,16,238,39,28,0,305,18,0,18,323
02/16/2016,SMF,CA,AWP,WE,Towers with Radar,232,39,9,2,282,0,0,9,0,9,232,39,18,2,291,0,0,0,291
02/17/2016,SMF,CA,AWP,WE,Towers with Radar,239,43,9,8,299,0,2,2,8,12,239,45,11,16,311,28,42,70,381
02/18/2016,SMF,CA,AWP,WE,Towers with Radar,241,45,6,1,293,0,1,2,1,4,241,46,8,2,297,0,16,16,313
02/19/2016,SMF,CA,AWP,WE,Towers with Radar,244,45,20,1,310,0,0,1,1,2,244,45,21,2,312,8,0,8,320
02/20/2016,SMF,CA,AWP,WE,Towers with Radar,157,21,6,0,184,0,1,8,0,9,157,22,14,0,193,8,0,8,201
02/21/2016,SMF,CA,AWP,WE,Towers with Radar,209,30,5,0,244,0,0,10,0,10,209,30,15,0,254,0,0,0,254
02/22/2016,SMF,CA,AWP,WE,Towers with Radar,234,41,13,0,288,0,0,18,1,19,234,41,31,1,307,0,0,0,307
02/23/2016,SMF,CA,AWP,WE,Towers with Radar,227,39,6,1,273,0,0,25,1,26,227,39,31,2,299,0,16,16,315
02/24/2016,SMF,CA,AWP,WE,Towers with Radar,238,43,11,3,295,0,0,20,3,23,238,43,31,6,318,0,12,12,330
02/25/2016,SMF,CA,AWP,WE,Towers with Radar,241,47,13,6,307,0,0,13,0,13,241,47,26,6,320,0,0,0,320
02/26/2016,SMF,CA,AWP,WE,Towers with Radar,238,42,13,0,293,0,0,16,0,16,238,42,29,0,309,0,0,0,309
02/27/2016,SMF,CA,AWP,WE,Towers with Radar,152,25,2,0,179,0,0,9,0,9,152,25,11,0,188,0,0,0,188
02/28/2016,SMF,CA,AWP,WE,Towers with Radar,209,30,7,0,246,0,0,11,0,11,209,30,18,0,257,0,0,0,257
02/29/2016,SMF,CA,AWP,WE,Towers with Radar,233,38,10,0,281,0,2,12,1,15,233,40,22,1,296,0,0,0,296
03/01/2016,SMF,CA,AWP,WE,Towers with Radar,234,40,8,0,282,0,0,7,4,11,234,40,15,4,293,0,12,12,305
03/02/2016,SMF,CA,AWP,WE,Towers with Radar,235,44,7,2,288,0,2,21,0,23,235,46,28,2,311,0,0,0,311
03/03/2016,SMF,CA,AWP,WE,Towers with Radar,244,35,17,0,296,0,0,5,0,5,244,35,22,0,301,0,0,0,301
03/04/2016,SMF,CA,AWP,WE,Towers with Radar,249,37,10,0,296,0,0,1,0,1,249,37,11,0,297,0,0,0,297
03/05/2016,SMF,CA,AWP,WE,Towers with Radar,167,26,2,0,195,0,0,1,0,1,167,26,3,0,196,0,0,0,196
03/06/2016,SMF,CA,AWP,WE,Towers with Radar,217,23,6,0,246,0,0,1,0,1,217,23,7,0,247,0,0,0,247
03/07/2016,SMF,CA,AWP,WE,Towers with Radar,246,39,14,6,305,0,0,3,0,3,246,39,17,6,308,8,0,8,316
03/08/2016,SMF,CA,AWP,WE,Towers with Radar,235,42,10,0,287,0,0,11,3,14,235,42,21,3,301,0,0,0,301
03/09/2016,SMF,CA,AWP,WE,Towers with Radar,240,39,13,20,312,0,0,6,4,10,240,39,19,24,322,0,12,12,334
03/10/2016,SMF,CA,AWP,WE,Towers with Radar,246,33,3,3,285,0,0,6,3,9,246,33,9,6,294,0,24,24,318
03/11/2016,SMF,CA,AWP,WE,Towers with Radar,248,35,9,0,292,0,0,1,0,1,248,35,10,0,293,0,0,0,293
03/12/2016,SMF,CA,AWP,WE,Towers with Radar,188,25,8,0,221,0,0,0,0,0,188,25,8,0,221,0,0,0,221
03/13/2016,SMF,CA,AWP,WE,Towers with Radar,230,20,15,0,265,0,0,0,0,0,230,20,15,0,265,0,0,0,265
03/14/2016,SMF,CA,AWP,WE,Towers with Radar,247,29,18,7,301,0,0,8,3,11,247,29,26,10,312,0,0,0,312
03/15/2016,SMF,CA,AWP,WE,Towers with Radar,233,45,5,0,283,0,0,13,0,13,233,45,18,0,296,0,0,0,296
03/16/2016,SMF,CA,AWP,WE,Towers with Radar,248,42,10,2,302,0,0,22,0,22,248,42,32,2,324,0,0,0,324
03/17/2016,SMF,CA,AWP,WE,Towers with Radar,250,36,7,0,293,0,0,11,0,11,250,36,18,0,304,0,0,0,304
03/18/2016,SMF,CA,AWP,WE,Towers with Radar,248,39,9,4,300,0,0,10,0,10,248,39,19,4,310,0,0,0,310
03/19/2016,SMF,CA,AWP,WE,Towers with Radar,195,20,15,0,230,0,0,11,0,11,195,20,26,0,241,0,0,0,241
03/20/2016,SMF,CA,AWP,WE,Towers with Radar,228,19,5,0,252,0,0,6,0,6,228,19,11,0,258,6,0,6,264
03/21/2016,SMF,CA,AWP,WE,Towers with Radar,260,29,7,1,297,0,1,21,1,23,260,30,28,2,320,0,6,6,326
03/22/2016,SMF,CA,AWP,WE,Towers with Radar,239,32,14,0,285,0,0,7,0,7,239,32,21,0,292,0,0,0,292
03/23/2016,SMF,CA,AWP,WE,Towers with Radar,234,40,10,5,289,0,2,23,0,25,234,42,33,5,314,0,0,0,314
03/24/2016,SMF,CA,AWP,WE,Towers with Radar,246,42,12,0,300,0,1,18,0,19,246,43,30,0,319,0,0,0,319
03/25/2016,SMF,CA,AWP,WE,Towers with Radar,248,37,14,2,301,0,0,13,2,15,248,37,27,4,316,4,22,26,342
03/26/2016,SMF,CA,AWP,WE,Towers with Radar,191,25,4,0,220,0,3,9,0,12,191,28,13,0,232,0,0,0,232
03/27/2016,SMF,CA,AWP,WE,Towers with Radar,226,21,7,0,254,0,0,8,0,8,226,21,15,0,262,28,0,28,290
03/28/2016,SMF,CA,AWP,WE,Towers with Radar,249,39,19,7,314,0,0,14,5,19,249,39,33,12,333,8,26,34,367
03/29/2016,SMF,CA,AWP,WE,Towers with Radar,238,42,9,2,291,0,0,15,1,16,238,42,24,3,307,0,0,0,307
03/30/2016,SMF,CA,AWP,WE,Towers with Radar,251,36,12,9,308,0,0,25,1,26,251,36,37,10,334,0,0,0,334
03/31/2016,SMF,CA,AWP,WE,Towers with Radar,245,42,10,12,309,0,2,18,0,20,245,44,28,12,329,0,0,0,329
04/01/2016,SMF,CA,AWP,WE,Towers with Radar,246,39,12,2,299,0,0,11,0,11,246,39,23,2,310,0,0,0,310
04/02/2016,SMF,CA,AWP,WE,Towers with Radar,191,20,5,0,216,0,3,10,0,13,191,23,15,0,229,0,0,0,229
04/03/2016,SMF,CA,AWP,WE,Towers with Radar,231,18,8,2,259,0,0,9,0,9,231,18,17,2,268,0,0,0,268
04/04/2016,SMF,CA,AWP,WE,Towers with Radar,244,39,14,1,298,0,1,10,1,12,244,40,24,2,310,0,0,0,310
04/05/2016,SMF,CA,AWP,WE,Towers with Radar,244,31,9,4,288,0,1,11,4,16,244,32,20,8,304,2,32,34,338
04/06/2016,SMF,CA,AWP,WE,Towers with Radar,251,30,10,3,294,0,0,18,0,18,251,30,28,3,312,0,0,0,312
04/07/2016,SMF,CA,AWP,WE,Towers with Radar,244,32,16,1,293,0,0,13,1,14,244,32,29,2,307,8,0,8,315
04/08/2016,SMF,CA,AWP,WE,Towers with Radar,264,29,7,0,300,0,0,6,0,6,264,29,13,0,306,0,0,0,306
04/09/2016,SMF,CA,AWP,WE,Towers with Radar,187,25,8,6,226,0,0,0,0,0,187,25,8,6,226,0,0,0,226
04/10/2016,SMF,CA,AWP,WE,Towers with Radar,233,14,5,0,252,0,0,3,0,3,233,14,8,0,255,0,0,0,255
04/11/2016,SMF,CA,AWP,WE,Towers with Radar,251,24,4,9,288,0,0,18,1,19,251,24,22,10,307,0,42,42,349
04/12/2016,SMF,CA,AWP,WE,Towers with Radar,247,29,8,8,292,0,0,12,0,12,247,29,20,8,304,12,10,22,326
04/13/2016,SMF,CA,AWP,WE,Towers with Radar,260,32,8,12,312,0,2,8,1,11,260,34,16,13,323,0,0,0,323
04/14/2016,SMF,CA,AWP,WE,Towers with Radar,264,34,10,5,313,0,0,20,0,20,264,34,30,5,333,0,0,0,333
04/15/2016,SMF,CA,AWP,WE,Towers with Radar,260,33,12,2,307,0,4,20,0,24,260,37,32,2,331,0,0,0,331
04/16/2016,SMF,CA,AWP,WE,Towers with Radar,184,20,3,0,207,0,5,12,0,17,184,25,15,0,224,12,0,12,236
04/17/2016,SMF,CA,AWP,WE,Towers with Radar,231,14,7,0,252,0,0,16,0,16,231,14,23,0,268,8,0,8,276
04/18/2016,SMF,CA,AWP,WE,Towers with Radar,257,29,5,6,297,0,0,10,1,11,257,29,15,7,308,0,0,0,308
04/19/2016,SMF,CA,AWP,WE,Towers with Radar,254,32,4,2,292,0,2,17,0,19,254,34,21,2,311,0,6,6,317
04/20/2016,SMF,CA,AWP,WE,Towers with Radar,258,31,6,1,296,0,0,9,1,10,258,31,15,2,306,0,0,0,306
04/21/2016,SMF,CA,AWP,WE,Towers with Radar,259,32,6,4,301,0,2,6,6,14,259,34,12,10,315,12,14,26,341
04/22/2016,SMF,CA,AWP,WE,Towers with Radar,259,37,9,6,311,0,0,3,2,5,259,37,12,8,316,8,0,8,324
04/23/2016,SMF,CA,AWP,WE,Towers with Radar,194,24,1,0,219,0,0,6,0,6,194,24,7,0,225,0,0,0,225
04/24/2016,SMF,CA,AWP,WE,Towers with Radar,234,14,8,0,256,0,3,7,0,10,234,17,15,0,266,16,0,16,282
04/25/2016,SMF,CA,AWP,WE,Towers with Radar,258,28,6,6,298,0,0,11,4,15,258,28,17,10,313,0,0,0,313
04/26/2016,SMF,CA,AWP,WE,Towers with Radar,249,29,6,0,284,0,0,9,0,9,249,29,15,0,293,0,16,16,309
04/27/2016,SMF,CA,AWP,WE,Towers with Radar,261,32,6,0,299,0,0,4,2,6,261,32,10,2,305,0,0,0,305
04/28/2016,SMF,CA,AWP,WE,Towers with Radar,262,33,10,4,309,0,2,11,2,15,262,35,21,6,324,20,12,32,356
04/29/2016,SMF,CA,AWP,WE,Towers with Radar,255,31,9,1,296,0,0,3,1,4,255,31,12,2,300,0,10,10,310
04/30/2016,SMF,CA,AWP,WE,Towers with Radar,194,26,7,0,227,0,2,7,0,9,194,28,14,0,236,0,0,0,236
05/01/2016,SMF,CA,AWP,WE,Towers with Radar,236,13,8,0,257,0,1,5,0,6,236,14,13,0,263,0,0,0,263
05/02/2016,SMF,CA,AWP,WE,Towers with Radar,258,35,6,3,302,0,0,25,4,29,258,35,31,7,331,8,8,16,347
05/03/2016,SMF,CA,AWP,WE,Towers with Radar,251,33,7,0,291,0,0,9,4,13,251,33,16,4,304,0,14,14,318
05/04/2016,SMF,CA,AWP,WE,Towers with Radar,262,32,11,0,305,0,0,6,0,6,262,32,17,0,311,0,0,0,311
05/05/2016,SMF,CA,AWP,WE,Towers with Radar,262,39,7,4,312,0,0,7,0,7,262,39,14,4,319,0,0,0,319
05/06/2016,SMF,CA,AWP,WE,Towers with Radar,257,36,12,2,307,0,0,1,0,1,257,36,13,2,308,0,0,0,308
05/07/2016,SMF,CA,AWP,WE,Towers with Radar,198,29,0,0,227,0,0,0,0,0,198,29,0,0,227,0,0,0,227
05/08/2016,SMF,CA,AWP,WE,Towers with Radar,241,23,8,0,272,0,0,9,0,9,241,23,17,0,281,0,0,0,281
05/09/2016,SMF,CA,AWP,WE,Towers with Radar,259,28,16,2,305,0,0,33,2,35,259,28,49,4,340,50,36,86,426
05/10/2016,SMF,CA,AWP,WE,Towers with Radar,258,37,7,8,310,0,0,11,2,13,258,37,18,10,323,2,24,26,349
05/11/2016,SMF,CA,AWP,WE,Towers with Radar,263,39,8,2,312,0,1,14,2,17,263,40,22,4,329,0,0,0,329
05/12/2016,SMF,CA,AWP,WE,Towers with Radar,261,37,3,1,302,0,0,11,1,12,261,37,14,2,314,0,14,14,328
05/13/2016,SMF,CA,AWP,WE,Towers with Radar,262,34,12,0,308,0,0,9,0,9,262,34,21,0,317,0,0,0,317
05/14/2016,SMF,CA,AWP,WE,Towers with Radar,193,25,5,0,223,0,0,10,0,10,193,25,15,0,233,6,0,6,239
05/15/2016,SMF,CA,AWP,WE,Towers with Radar,241,16,4,0,261,0,0,5,0,5,241,16,9,0,266,0,0,0,266
05/16/2016,SMF,CA,AWP,WE,Towers with Radar,261,35,11,8,315,0,0,18,4,22,261,35,29,12,337,8,44,52,389
05/17/2016,SMF,CA,AWP,WE,Towers with Radar,255,35,6,6,302,0,0,7,4,11,255,35,13,10,313,2,20,22,335
05/18/2016,SMF,CA,AWP,WE,Towers with Radar,266,39,6,6,317,0,1,16,0,17,266,40,22,6,334,0,0,0,334
05/19/2016,SMF,CA,AWP,WE,Towers with Radar,269,39,21,0,329,0,1,19,1,21,269,40,40,1,350,14,0,14,364
05/20/2016,SMF,CA,AWP,WE,Towers with Radar,272,39,14,0,325,0,0,19,0,19,272,39,33,0,344,0,0,0,344
05/21/2016,SMF,CA,AWP,WE,Towers with Radar,193,32,6,0,231,0,0,10,0,10,193,32,16,0,241,0,0,0,241
05/22/2016,SMF,CA,AWP,WE,Towers with Radar,242,25,3,2,272,0,1,19,0,20,242,26,22,2,292,18,4,22,314
05/23/2016,SMF,CA,AWP,WE,Towers with Radar,261,26,6,12,305,0,0,14,0,14,261,26,20,12,319,10,0,10,329
05/24/2016,SMF,CA,AWP,WE,Towers with Radar,261,32,10,3,306,0,2,11,1,14,261,34,21,4,320,2,26,28,348
05/25/2016,SMF,CA,AWP,WE,Towers with Radar,257,29,9,0,295,0,0,18,0,18,257,29,27,0,313,16,0,16,329
05/26/2016,SMF,CA,AWP,WE,Towers with Radar,262,34,11,0,307,0,0,17,0,17,262,34,28,0,324,20,0,20,344
05/27/2016,SMF,CA,AWP,WE,Towers with Radar,270,30,9,0,309,0,0,16,3,19,270,30,25,3,328,0,0,0,328
05/28/2016,SMF,CA,AWP,WE,Towers with Radar,194,19,4,0,217,0,0,10,0,10,194,19,14,0,227,4,2,6,233
05/29/2016,SMF,CA,AWP,WE,Towers with Radar,184,10,1,0,195,0,0,9,0,9,184,10,10,0,204,0,0,0,204
05/30/2016,SMF,CA,AWP,WE,Towers with Radar,241,18,3,0,262,0,2,16,2,20,241,20,19,2,282,0,0,0,282
05/31/2016,SMF,CA,AWP,WE,Towers with Radar,247,26,10,8,291,0,2,18,1,21,247,28,28,9,312,22,14,36,348
06/01/2016,SMF,CA,AWP,WE,Towers with Radar,261,34,10,2,307,0,0,11,4,15,261,34,21,6,322,0,22,22,344
06/02/2016,SMF,CA,AWP,WE,Towers with Radar,264,31,8,4,307,0,1,13,1,15,264,32,21,5,322,0,6,6,328
06/03/2016,SMF,CA,AWP,WE,Towers with Radar,272,39,7,1,319,0,4,11,0,15,272,43,18,1,334,0,0,0,334
06/04/2016,SMF,CA,AWP,WE,Towers with Radar,204,25,4,0,233,0,0,16,0,16,204,25,20,0,249,0,0,0,249
06/05/2016,SMF,CA,AWP,WE,Towers with Radar,260,23,5,0,288,0,0,6,0,6,260,23,11,0,294,0,0,0,294
06/06/2016,SMF,CA,AWP,WE,Towers with Radar,274,29,11,0,314,0,0,12,0,12,274,29,23,0,326,0,0,0,326
06/07/2016,SMF,CA,AWP,WE,Towers with Radar,269,30,10,2,311,0,2,11,0,13,269,32,21,2,324,0,0,0,324
06/08/2016,SMF,CA,AWP,WE,Towers with Radar,269,30,15,5,319,0,1,15,0,16,269,31,30,5,335,0,6,6,341
06/09/2016,SMF,CA,AWP,WE,Towers with Radar,275,35,15,0,325,0,0,20,0,20,275,35,35,0,345,18,4,22,367
06/10/2016,SMF,CA,AWP,WE,Towers with Radar,278,39,5,5,327,0,0,6,1,7,278,39,11,6,334,10,0,10,344
06/11/2016,SMF,CA,AWP,WE,Towers with Radar,220,21,6,0,247,0,2,8,0,10,220,23,14,0,257,0,0,0,257
06/12/2016,SMF,CA,AWP,WE,Towers with Radar,251,25,4,0,280,0,0,4,0,4,251,25,8,0,284,0,0,0,284
06/13/2016,SMF,CA,AWP,WE,Towers with Radar,279,28,9,0,316,0,1,19,0,20,279,29,28,0,336,0,0,0,336
06/14/2016,SMF,CA,AWP,WE,Towers with Radar,266,38,11,5,320,0,0,19,5,24,266,38,30,10,344,12,44,56,400
06/15/2016,SMF,CA,AWP,WE,Towers with Radar,279,33,8,1,321,0,0,14,1,15,279,33,22,2,336,0,8,8,344
06/16/2016,SMF,CA,AWP,WE,Towers with Radar,273,36,5,1,315,0,2,6,1,9,273,38,11,2,324,0,16,16,340
06/17/2016,SMF,CA,AWP,WE,Towers with Radar,276,34,6,0,316,0,0,9,0,9,276,34,15,0,325,0,0,0,325
06/18/2016,SMF,CA,AWP,WE,Towers with Radar,221,22,2,0,245,0,1,10,0,11,221,23,12,0,256,0,0,0,256
06/19/2016,SMF,CA,AWP,WE,Towers with Radar,265,22,4,0,291,0,0,8,0,8,265,22,12,0,299,6,0,6,305
06/20/2016,SMF,CA,AWP,WE,Towers with Radar,277,34,15,0,326,0,3,25,3,31,277,37,40,3,357,0,0,0,357
06/21/2016,SMF,CA,AWP,WE,Towers with Radar,266,37,5,0,308,0,0,23,3,26,266,37,28,3,334,8,0,8,342
06/22/2016,SMF,CA,AWP,WE,Towers with Radar,266,33,12,0,311,0,0,11,0,11,266,33,23,0,322,2,0,2,324
06/23/2016,SMF,CA,AWP,WE,Towers with Radar,272,33,17,6,328,0,1,16,8,25,272,34,33,14,353,10,12,22,375
06/24/2016,SMF,CA,AWP,WE,Towers with Radar,281,35,8,0,324,0,0,14,0,14,281,35,22,0,338,0,0,0,338
06/25/2016,SMF,CA,AWP,WE,Towers with Radar,222,23,7,0,252,0,0,16,0,16,222,23,23,0,268,0,0,0,268
06/26/2016,SMF,CA,AWP,WE,Towers with Radar,261,18,9,0,288,0,2,8,0,10,261,20,17,0,298,8,0,8,306
06/27/2016,SMF,CA,AWP,WE,Towers with Radar,268,28,6,0,302,0,2,16,0,18,268,30,22,0,320,0,0,0,320
06/28/2016,SMF,CA,AWP,WE,Towers with Radar,268,32,9,0,309,0,0,11,0,11,268,32,20,0,320,0,0,0,320
06/29/2016,SMF,CA,AWP,WE,Towers with Radar,281,36,16,6,339,0,0,17,2,19,281,36,33,8,358,4,4,8,366
06/30/2016,SMF,CA,AWP,WE,Towers with Radar,270,35,12,0,317,0,1,9,0,10,270,36,21,0,327,8,0,8,335
07/01/2016,SMF,CA,AWP,WE,Towers with Radar,266,32,4,0,302,0,0,16,0,16,266,32,20,0,318,0,0,0,318
07/02/2016,SMF,CA,AWP,WE,Towers with Radar,230,24,5,0,259,0,0,2,1,3,230,24,7,1,262,0,0,0,262
07/03/2016,SMF,CA,AWP,WE,Towers with Radar,212,16,4,0,232,0,0,5,0,5,212,16,9,0,237,0,0,0,237
07/04/2016,SMF,CA,AWP,WE,Towers with Radar,213,24,4,0,241,0,3,6,0,9,213,27,10,0,250,0,0,0,250
07/05/2016,SMF,CA,AWP,WE,Towers with Radar,261,32,10,0,303,0,1,20,0,21,261,33,30,0,324,0,0,0,324
07/06/2016,SMF,CA,AWP,WE,Towers with Radar,271,34,4,8,317,0,2,8,4,14,271,36,12,12,331,0,4,4,335
07/07/2016,SMF,CA,AWP,WE,Towers with Radar,287,29,6,13,335,0,0,10,1,11,287,29,16,14,346,0,0,0,346
07/08/2016,SMF,CA,AWP,WE,Towers with Radar,269,37,10,2,318,0,1,11,0,12,269,38,21,2,330,0,0,0,330
07/09/2016,SMF,CA,AWP,WE,Towers with Radar,231,25,3,0,259,0,0,5,0,5,231,25,8,0,264,0,0,0,264
07/10/2016,SMF,CA,AWP,WE,Towers with Radar,265,20,3,0,288,0,0,12,0,12,265,20,15,0,300,0,0,0,300
07/11/2016,SMF,CA,AWP,WE,Towers with Radar,272,30,12,2,316,0,4,10,0,14,272,34,22,2,330,0,0,0,330
07/12/2016,SMF,CA,AWP,WE,Towers with Radar,279,36,5,8,328,0,0,12,14,26,279,36,17,22,354,0,26,26,380
07/13/2016,SMF,CA,AWP,WE,Towers with Radar,278,33,7,2,320,0,0,14,0,14,278,33,21,2,334,0,0,0,334
07/14/2016,SMF,CA,AWP,WE,Towers with Radar,275,43,13,2,333,1,2,13,0,16,276,45,26,2,349,8,20,28,377
07/15/2016,SMF,CA,AWP,WE,Towers with Radar,279,34,3,0,316,0,2,24,0,26,279,36,27,0,342,0,0,0,342
07/16/2016,SMF,CA,AWP,WE,Towers with Radar,230,18,2,0,250,0,0,19,0,19,230,18,21,0,269,0,0,0,269
07/17/2016,SMF,CA,AWP,WE,Towers with Radar,261,20,9,0,290,0,1,11,0,12,261,21,20,0,302,0,0,0,302
07/18/2016,SMF,CA,AWP,WE,Towers with Radar,270,33,11,4,318,0,2,13,7,22,270,35,24,11,340,2,34,36,376
07/19/2016,SMF,CA,AWP,WE,Towers with Radar,281,38,7,10,336,0,0,12,2,14,281,38,19,12,350,0,0,0,350
07/20/2016,SMF,CA,AWP,WE,Towers with Radar,242,36,4,2,284,0,2,14,3,19,242,38,18,5,303,0,8,8,311
07/21/2016,SMF,CA,AWP,WE,Towers with Radar,232,47,7,0,286,0,3,11,0,14,232,50,18,0,300,12,0,12,312
07/22/2016,SMF,CA,AWP,WE,Towers with Radar,244,55,3,0,302,0,0,11,4,15,244,55,14,4,317,0,6,6,323
07/23/2016,SMF,CA,AWP,WE,Towers with Radar,204,41,9,0,254,0,0,9,2,11,204,41,18,2,265,0,0,0,265
07/24/2016,SMF,CA,AWP,WE,Towers with Radar,245,38,2,0,285,0,0,7,0,7,245,38,9,0,292,0,0,0,292
07/25/2016,SMF,CA,AWP,WE,Towers with Radar,258,45,6,2,311,0,0,7,0,7,258,45,13,2,318,0,0,0,318
07/26/2016,SMF,CA,AWP,WE,Towers with Radar,265,59,8,3,335,0,5,13,4,22,265,64,21,7,357,0,0,0,357
07/27/2016,SMF,CA,AWP,WE,Towers with Radar,254,56,10,0,320,0,8,11,2,21,254,64,21,2,341,16,6,22,363
07/28/2016,SMF,CA,AWP,WE,Towers with Radar,262,64,9,0,335,0,0,15,0,15,262,64,24,0,350,0,0,0,350
07/29/2016,SMF,CA,AWP,WE,Towers with Radar,254,55,8,0,317,0,1,3,0,4,254,56,11,0,321,0,0,0,321
07/30/2016,SMF,CA,AWP,WE,Towers with Radar,204,44,8,0,256,0,0,11,0,11,204,44,19,0,267,0,0,0,267
07/31/2016,SMF,CA,AWP,WE,Towers with Radar,241,42,4,0,287,0,0,10,0,10,241,42,14,0,297,0,0,0,297
08/01/2016,SMF,CA,AWP,WE,Towers with Radar,262,47,9,4,322,3,0,10,0,13,265,47,19,4,335,0,0,0,335
08/02/2016,SMF,CA,AWP,WE,Towers with Radar,257,52,19,3,331,0,0,3,1,4,257,52,22,4,335,0,6,6,341
08/03/2016,SMF,CA,AWP,WE,Towers with Radar,257,56,7,1,321,0,0,18,3,21,257,56,25,4,342,0,34,34,376
08/04/2016,SMF,CA,AWP,WE,Towers with Radar,257,54,4,2,317,0,0,9,0,9,257,54,13,2,326,0,18,18,344
08/05/2016,SMF,CA,AWP,WE,Towers with Radar,256,59,11,0,326,0,0,13,0,13,256,59,24,0,339,0,0,0,339
08/06/2016,SMF,CA,AWP,WE,Towers with Radar,204,41,5,0,250,0,2,12,0,14,204,43,17,0,264,0,0,0,264
08/07/2016,SMF,CA,AWP,WE,Towers with Radar,247,35,14,0,296,0,0,12,0,12,247,35,26,0,308,0,0,0,308
08/08/2016,SMF,CA,AWP,WE,Towers with Radar,253,48,6,0,307,0,3,20,0,23,253,51,26,0,330,14,8,22,352
08/09/2016,SMF,CA,AWP,WE,Towers with Radar,244,53,7,9,313,0,4,14,3,21,244,57,21,12,334,0,34,34,368
08/10/2016,SMF,CA,AWP,WE,Towers with Radar,252,59,14,3,328,0,1,11,8,20,252,60,25,11,348,46,52,98,446
08/11/2016,SMF,CA,AWP,WE,Towers with Radar,253,54,5,16,328,0,2,16,0,18,253,56,21,16,346,0,16,16,362
08/12/2016,SMF,CA,AWP,WE,Towers with Radar,256,56,7,0,319,0,2,20,0,22,256,58,27,0,341,2,0,2,343
08/13/2016,SMF,CA,AWP,WE,Towers with Radar,193,48,4,0,245,0,0,6,0,6,193,48,10,0,251,12,0,12,263
08/14/2016,SMF,CA,AWP,WE,Towers with Radar,241,44,7,0,292,0,0,13,0,13,241,44,20,0,305,0,0,0,305
08/15/2016,SMF,CA,AWP,WE,Towers with Radar,258,44,8,0,310,0,1,18,0,19,258,45,26,0,329,0,0,0,329
08/16/2016,SMF,CA,AWP,WE,Towers with Radar,255,63,4,5,327,0,0,7,2,9,255,63,11,7,336,0,28,28,364
08/17/2016,SMF,CA,AWP,WE,Towers with Radar,255,57,12,0,324,0,2,15,0,17,255,59,27,0,341,0,0,0,341
08/18/2016,SMF,CA,AWP,WE,Towers with Radar,251,55,10,0,316,0,1,12,0,13,251,56,22,0,329,0,0,0,329
08/19/2016,SMF,CA,AWP,WE,Towers with Radar,250,56,15,0,321,0,1,13,0,14,250,57,28,0,335,0,0,0,335
08/20/2016,SMF,CA,AWP,WE,Towers with Radar,193,45,6,0,244,0,0,11,0,11,193,45,17,0,255,0,0,0,255
08/21/2016,SMF,CA,AWP,WE,Towers with Radar,234,44,7,0,285,0,0,12,0,12,234,44,19,0,297,0,0,0,297
08/22/2016,SMF,CA,AWP,WE,Towers with Radar,252,55,14,0,321,0,0,27,0,27,252,55,41,0,348,4,0,4,352
08/23/2016,SMF,CA,AWP,WE,Towers with Radar,245,59,8,15,327,0,0,13,4,17,245,59,21,19,344,14,12,26,370
08/24/2016,SMF,CA,AWP,WE,Towers with Radar,244,56,7,2,309,0,2,8,0,10,244,58,15,2,319,0,0,0,319
08/25/2016,SMF,CA,AWP,WE,Towers with Radar,256,49,8,0,313,0,0,7,0,7,256,49,15,0,320,0,0,0,320
08/26/2016,SMF,CA,AWP,WE,Towers with Radar,248,53,10,7,318,0,0,18,0,18,248,53,28,7,336,0,0,0,336
08/27/2016,SMF,CA,AWP,WE,Towers with Radar,186,43,4,0,233,0,0,10,0,10,186,43,14,0,243,20,0,20,263
08/28/2016,SMF,CA,AWP,WE,Towers with Radar,228,37,3,0,268,0,0,18,0,18,228,37,21,0,286,0,0,0,286
08/29/2016,SMF,CA,AWP,WE,Towers with Radar,243,50,7,2,302,0,0,2,2,4,243,50,9,4,306,0,6,6,312
08/30/2016,SMF,CA,AWP,WE,Towers with Radar,231,64,8,2,305,0,0,25,5,30,231,64,33,7,335,0,22,22,357
08/31/2016,SMF,CA,AWP,WE,Towers with Radar,266,38,11,2,317,0,0,11,3,14,266,38,22,5,331,0,0,0,331
09/01/2016,SMF,CA,AWP,WE,Towers with Radar,263,32,7,6,308,0,0,11,0,11,263,32,18,6,319,0,0,0,319
09/02/2016,SMF,CA,AWP,WE,Towers with Radar,270,37,10,0,317,0,0,18,0,18,270,37,28,0,335,0,0,0,335
09/03/2016,SMF,CA,AWP,WE,Towers with Radar,175,24,1,0,200,0,1,6,0,7,175,25,7,0,207,0,0,0,207
09/04/2016,SMF,CA,AWP,WE,Towers with Radar,195,18,6,0,219,0,0,6,0,6,195,18,12,0,225,0,0,0,225
09/05/2016,SMF,CA,AWP,WE,Towers with Radar,248,21,6,0,275,0,0,3,0,3,248,21,9,0,278,0,0,0,278
09/06/2016,SMF,CA,AWP,WE,Towers with Radar,254,32,5,2,293,0,0,16,3,19,254,32,21,5,312,0,0,0,312
09/07/2016,SMF,CA,AWP,WE,Towers with Radar,263,32,4,2,301,0,0,11,1,12,263,32,15,3,313,0,0,0,313
09/08/2016,SMF,CA,AWP,WE,Towers with Radar,271,33,11,2,317,0,0,13,0,13,271,33,24,2,330,0,0,0,330
09/09/2016,SMF,CA,AWP,WE,Towers with Radar,266,35,6,0,307,0,0,15,0,15,266,35,21,0,322,0,0,0,322
09/10/2016,SMF,CA,AWP,WE,Towers with Radar,192,25,4,0,221,0,1,18,1,20,192,26,22,1,241,0,0,0,241
09/11/2016,SMF,CA,AWP,WE,Towers with Radar,244,19,7,0,270,0,0,17,0,17,244,19,24,0,287,0,0,0,287
09/12/2016,SMF,CA,AWP,WE,Towers with Radar,266,34,7,0,307,0,0,8,0,8,266,34,15,0,315,0,0,0,315
09/13/2016,SMF,CA,AWP,WE,Towers with Radar,262,34,9,0,305,0,0,13,0,13,262,34,22,0,318,0,0,0,318
09/14/2016,SMF,CA,AWP,WE,Towers with Radar,268,34,10,6,318,0,0,9,0,9,268,34,19,6,327,0,0,0,327
09/15/2016,SMF,CA,AWP,WE,Towers with Radar,268,31,8,0,307,0,0,12,0,12,268,31,20,0,319,0,0,0,319
09/16/2016,SMF,CA,AWP,WE,Towers with Radar,272,37,11,0,320,0,0,19,0,19,272,37,30,0,339,0,0,0,339
09/17/2016,SMF,CA,AWP,WE,Towers with Radar,197,24,4,0,225,0,1,4,0,5,197,25,8,0,230,0,0,0,230
09/18/2016,SMF,CA,AWP,WE,Towers with Radar,240,21,2,0,263,0,0,9,1,10,240,21,11,1,273,0,0,0,273
09/19/2016,SMF,CA,AWP,WE,Towers with Radar,270,28,8,0,306,0,0,9,0,9,270,28,17,0,315,0,0,0,315
09/20/2016,SMF,CA,AWP,WE,Towers with Radar,261,35,12,0,308,0,0,13,0,13,261,35,25,0,321,0,0,0,321
09/21/2016,SMF,CA,AWP,WE,Towers with Radar,262,33,11,6,312,0,0,14,0,14,262,33,25,6,326,0,0,0,326
09/22/2016,SMF,CA,AWP,WE,Towers with Radar,264,36,14,0,314,0,0,8,0,8,264,36,22,0,322,0,0,0,322
09/23/2016,SMF,CA,AWP,WE,Towers with Radar,272,38,10,0,320,0,4,20,0,24,272,42,30,0,344,0,0,0,344
09/24/2016,SMF,CA,AWP,WE,Towers with Radar,201,25,2,0,228,0,0,9,0,9,201,25,11,0,237,0,0,0,237
09/25/2016,SMF,CA,AWP,WE,Towers with Radar,250,23,1,2,276,0,3,6,0,9,250,26,7,2,285,0,0,0,285
09/26/2016,SMF,CA,AWP,WE,Towers with Radar,264,29,14,2,309,0,0,13,0,13,264,29,27,2,322,0,0,0,322
09/27/2016,SMF,CA,AWP,WE,Towers with Radar,257,36,5,2,300,0,0,13,0,13,257,36,18,2,313,0,0,0,313
09/28/2016,SMF,CA,AWP,WE,Towers with Radar,264,31,11,2,308,0,0,12,0,12,264,31,23,2,320,0,0,0,320
09/29/2016,SMF,CA,AWP,WE,Towers with Radar,264,31,10,1,306,0,3,27,1,31,264,34,37,2,337,0,0,0,337
09/30/2016,SMF,CA,AWP,WE,Towers with Radar,266,34,14,1,315,0,1,21,2,24,266,35,35,3,339,0,0,0,339
10/01/2016,SMF,CA,AWP,WE,Towers with Radar,202,28,8,0,238,0,2,14,0,16,202,30,22,0,254,0,0,0,254
10/02/2016,SMF,CA,AWP,WE,Towers with Radar,250,19,10,0,279,0,0,9,0,9,250,19,19,0,288,0,0,0,288
10/03/2016,SMF,CA,AWP,WE,Towers with Radar,267,26,14,1,308,0,0,3,3,6,267,26,17,4,314,0,8,8,322
10/04/2016,SMF,CA,AWP,WE,Towers with Radar,261,33,14,0,308,0,0,18,0,18,261,33,32,0,326,0,0,0,326
10/05/2016,SMF,CA,AWP,WE,Towers with Radar,263,33,6,0,302,0,0,21,0,21,263,33,27,0,323,16,0,16,339
10/06/2016,SMF,CA,AWP,WE,Towers with Radar,271,33,13,5,322,0,1,19,0,20,271,34,32,5,342,0,0,0,342
10/07/2016,SMF,CA,AWP,WE,Towers with Radar,271,36,14,0,321,0,1,10,0,11,271,37,24,0,332,0,0,0,332
10/08/2016,SMF,CA,AWP,WE,Towers with Radar,190,29,2,0,221,0,1,7,0,8,190,30,9,0,229,0,0,0,229
10/09/2016,SMF,CA,AWP,WE,Towers with Radar,254,20,3,0,277,0,0,13,0,13,254,20,16,0,290,0,0,0,290
10/10/2016,SMF,CA,AWP,WE,Towers with Radar,269,30,5,0,304,0,0,11,0,11,269,30,16,0,315,4,0,4,319
10/11/2016,SMF,CA,AWP,WE,Towers with Radar,260,33,6,2,301,0,1,14,1,16,260,34,20,3,317,0,0,0,317
10/12/2016,SMF,CA,AWP,WE,Towers with Radar,268,35,9,0,312,0,0,17,2,19,268,35,26,2,331,0,0,0,331
10/13/2016,SMF,CA,AWP,WE,Towers with Radar,268,36,15,0,319,0,0,14,0,14,268,36,29,0,333,0,0,0,333
10/14/2016,SMF,CA,AWP,WE,Towers with Radar,274,36,20,0,330,0,0,3,0,3,274,36,23,0,333,0,0,0,333
10/15/2016,SMF,CA,AWP,WE,Towers with Radar,191,26,4,0,221,0,0,0,0,0,191,26,4,0,221,0,0,0,221
10/16/2016,SMF,CA,AWP,WE,Towers with Radar,253,19,11,0,283,0,0,0,0,0,253,19,11,0,283,0,0,0,283
10/17/2016,SMF,CA,AWP,WE,Towers with Radar,270,31,6,8,315,0,0,9,0,9,270,31,15,8,324,0,0,0,324
10/18/2016,SMF,CA,AWP,WE,Towers with Radar,262,35,5,0,302,0,0,3,0,3,262,35,8,0,305,0,0,0,305
10/19/2016,SMF,CA,AWP,WE,Towers with Radar,264,36,9,0,309,0,0,15,1,16,264,36,24,1,325,0,0,0,325
10/20/2016,SMF,CA,AWP,WE,Towers with Radar,268,42,18,0,328,0,1,16,0,17,268,43,34,0,345,0,0,0,345
10/21/2016,SMF,CA,AWP,WE,Towers with Radar,264,39,6,0,309,0,0,17,0,17,264,39,23,0,326,26,0,26,352
10/22/2016,SMF,CA,AWP,WE,Towers with Radar,187,29,4,0,220,0,2,9,0,11,187,31,13,0,231,0,0,0,231
10/23/2016,SMF,CA,AWP,WE,Towers with Radar,253,20,6,0,279,0,0,10,0,10,253,20,16,0,289,0,0,0,289
10/24/2016,SMF,CA,AWP,WE,Towers with Radar,265,26,11,0,302,0,0,9,0,9,265,26,20,0,311,0,0,0,311
10/25/2016,SMF,CA,AWP,WE,Towers with Radar,264,34,13,2,313,0,2,2,0,4,264,36,15,2,317,0,0,0,317
10/26/2016,SMF,CA,AWP,WE,Towers with Radar,264,34,8,4,310,0,0,14,0,14,264,34,22,4,324,0,0,0,324
10/27/2016,SMF,CA,AWP,WE,Towers with Radar,272,40,17,11,340,0,0,3,1,4,272,40,20,12,344,0,10,10,354
10/28/2016,SMF,CA,AWP,WE,Towers with Radar,263,35,17,2,317,0,0,0,0,0,263,35,17,2,317,0,0,0,317
10/29/2016,SMF,CA,AWP,WE,Towers with Radar,187,32,15,0,234,0,0,4,0,4,187,32,19,0,238,0,0,0,238
10/30/2016,SMF,CA,AWP,WE,Towers with Radar,246,15,3,0,264,0,0,2,0,2,246,15,5,0,266,0,0,0,266
10/31/2016,SMF,CA,AWP,WE,Towers with Radar,238,31,7,6,282,0,1,2,0,3,238,32,9,6,285,0,0,0,285
11/01/2016,SMF,CA,AWP,WE,Towers with Radar,264,37,11,4,316,0,1,6,0,7,264,38,17,4,323,0,0,0,323
11/02/2016,SMF,CA,AWP,WE,Towers with Radar,273,45,9,0,327,0,0,16,0,16,273,45,25,0,343,0,0,0,343
11/03/2016,SMF,CA,AWP,WE,Towers with Radar,262,36,11,0,309,0,0,21,0,21,262,36,32,0,330,10,0,10,340
11/04/2016,SMF,CA,AWP,WE,Towers with Radar,264,39,8,0,311,0,0,11,2,13,264,39,19,2,324,0,0,0,324
11/05/2016,SMF,CA,AWP,WE,Towers with Radar,197,30,7,0,234,0,0,11,0,11,197,30,18,0,245,0,0,0,245
11/06/2016,SMF,CA,AWP,WE,Towers with Radar,238,23,6,0,267,0,0,5,0,5,238,23,11,0,272,0,0,0,272
11/07/2016,SMF,CA,AWP,WE,Towers with Radar,248,31,12,2,293,0,0,11,0,11,248,31,23,2,304,0,0,0,304
11/08/2016,SMF,CA,AWP,WE,Towers with Radar,222,34,3,0,259,0,0,18,2,20,222,34,21,2,279,0,0,0,279
11/09/2016,SMF,CA,AWP,WE,Towers with Radar,267,38,11,8,324,0,0,11,0,11,267,38,22,8,335,0,0,0,335
11/10/2016,SMF,CA,AWP,WE,Towers with Radar,260,36,17,0,313,0,1,14,0,15,260,37,31,0,328,0,0,0,328
11/11/2016,SMF,CA,AWP,WE,Towers with Radar,272,40,14,2,328,0,2,11,0,13,272,42,25,2,341,0,0,0,341
11/12/2016,SMF,CA,AWP,WE,Towers with Radar,196,29,2,0,227,0,0,9,0,9,196,29,11,0,236,0,0,0,236
11/13/2016,SMF,CA,AWP,WE,Towers with Radar,240,19,9,0,268,0,0,11,0,11,240,19,20,0,279,0,0,0,279
11/14/2016,SMF,CA,AWP,WE,Towers with Radar,257,32,5,0,294,0,0,19,2,21,257,32,24,2,315,0,0,0,315
11/15/2016,SMF,CA,AWP,WE,Towers with Radar,259,34,10,1,304,0,0,2,5,7,259,34,12,6,311,0,0,0,311
11/16/2016,SMF,CA,AWP,WE,Towers with Radar,263,42,8,0,313,0,2,16,1,19,263,44,24,1,332,0,0,0,332
11/17/2016,SMF,CA,AWP,WE,Towers with Radar,263,38,9,2,312,0,0,3,2,5,263,38,12,4,317,0,0,0,317
11/18/2016,SMF,CA,AWP,WE,Towers with Radar,265,36,11,0,312,0,0,24,0,24,265,36,35,0,336,22,0,22,358
11/19/2016,SMF,CA,AWP,WE,Towers with Radar,213,24,7,4,248,0,0,2,0,2,213,24,9,4,250,0,0,0,250
11/20/2016,SMF,CA,AWP,WE,Towers with Radar,238,21,8,0,267,0,0,2,0,2,238,21,10,0,269,0,0,0,269
11/21/2016,SMF,CA,AWP,WE,Towers with Radar,247,36,12,0,295,0,0,5,0,5,247,36,17,0,300,0,0,0,300
11/22/2016,SMF,CA,AWP,WE,Towers with Radar,257,42,7,0,306,0,0,2,2,4,257,42,9,2,310,0,8,8,318
11/23/2016,SMF,CA,AWP,WE,Towers with Radar,277,42,14,4,337,0,1,9,0,10,277,43,23,4,347,6,0,6,353
11/24/2016,SMF,CA,AWP,WE,Towers with Radar,168,17,1,0,186,0,0,1,0,1,168,17,2,0,187,0,0,0,187
11/25/2016,SMF,CA,AWP,WE,Towers with Radar,207,30,11,0,248,0,0,2,0,2,207,30,13,0,250,0,0,0,250
11/26/2016,SMF,CA,AWP,WE,Towers with Radar,246,29,5,0,280,0,0,0,0,0,246,29,5,0,280,0,0,0,280
11/27/2016,SMF,CA,AWP,WE,Towers with Radar,278,25,5,0,308,0,0,9,1,10,278,25,14,1,318,0,0,0,318
11/28/2016,SMF,CA,AWP,WE,Towers with Radar,283,32,10,0,325,0,0,2,0,2,283,32,12,0,327,0,0,0,327
11/29/2016,SMF,CA,AWP,WE,Towers with Radar,261,38,12,0,311,0,0,16,0,16,261,38,28,0,327,0,0,0,327
11/30/2016,SMF,CA,AWP,WE,Towers with Radar,255,46,10,0,311,0,1,8,0,9,255,47,18,0,320,0,0,0,320
12/01/2016,SMF,CA,AWP,WE,Towers with Radar,252,45,6,5,308,0,0,4,1,5,252,45,10,6,313,0,14,14,327
12/02/2016,SMF,CA,AWP,WE,Towers with Radar,249,38,17,0,304,0,0,15,0,15,249,38,32,0,319,6,0,6,325
12/03/2016,SMF,CA,AWP,WE,Towers with Radar,197,23,10,0,230,0,0,14,0,14,197,23,24,0,244,14,0,14,258
12/04/2016,SMF,CA,AWP,WE,Towers with Radar,231,20,8,0,259,0,0,14,0,14,231,20,22,0,273,0,0,0,273
12/05/2016,SMF,CA,AWP,WE,Towers with Radar,250,30,11,0,291,0,0,0,0,0,250,30,11,0,291,0,0,0,291
12/06/2016,SMF,CA,AWP,WE,Towers with Radar,242,44,22,0,308,0,0,11,0,11,242,44,33,0,319,0,0,0,319
12/07/2016,SMF,CA,AWP,WE,Towers with Radar,251,41,14,1,307,0,1,6,1,8,251,42,20,2,315,0,12,12,327
12/08/2016,SMF,CA,AWP,WE,Towers with Radar,253,34,13,0,300,0,0,0,0,0,253,34,13,0,300,0,0,0,300
12/09/2016,SMF,CA,AWP,WE,Towers with Radar,248,45,25,0,318,0,0,3,0,3,248,45,28,0,321,0,0,0,321
12/10/2016,SMF,CA,AWP,WE,Towers with Radar,195,28,6,0,229,0,0,0,0,0,195,28,6,0,229,0,0,0,229
12/11/2016,SMF,CA,AWP,WE,Towers with Radar,233,19,12,2,266,0,0,0,0,0,233,19,12,2,266,0,0,0,266
12/12/2016,SMF,CA,AWP,WE,Towers with Radar,251,37,9,0,297,0,0,6,0,6,251,37,15,0,303,0,0,0,303
12/13/2016,SMF,CA,AWP,WE,Towers with Radar,255,41,15,1,312,0,0,2,1,3,255,41,17,2,315,0,0,0,315
12/14/2016,SMF,CA,AWP,WE,Towers with Radar,257,43,6,0,306,0,0,0,0,0,257,43,6,0,306,0,0,0,306
12/15/2016,SMF,CA,AWP,WE,Towers with Radar,267,39,14,1,321,0,0,0,0,0,267,39,14,1,321,0,0,0,321
12/16/2016,SMF,CA,AWP,WE,Towers with Radar,255,34,8,0,297,0,0,12,0,12,255,34,20,0,309,0,0,0,309
12/17/2016,SMF,CA,AWP,WE,Towers with Radar,211,25,5,0,241,0,0,10,0,10,211,25,15,0,251,0,0,0,251
12/18/2016,SMF,CA,AWP,WE,Towers with Radar,243,17,8,0,268,0,0,10,0,10,243,17,18,0,278,0,0,0,278
12/19/2016,SMF,CA,AWP,WE,Towers with Radar,269,23,5,2,299,0,0,20,2,22,269,23,25,4,321,0,0,0,321
12/20/2016,SMF,CA,AWP,WE,Towers with Radar,259,37,13,0,309,0,1,12,0,13,259,38,25,0,322,0,0,0,322
12/21/2016,SMF,CA,AWP,WE,Towers with Radar,261,36,11,0,308,0,0,21,0,21,261,36,32,0,329,0,0,0,329
12/22/2016,SMF,CA,AWP,WE,Towers with Radar,272,33,15,0,320,0,2,7,0,9,272,35,22,0,329,0,0,0,329
12/23/2016,SMF,CA,AWP,WE,Towers with Radar,278,34,13,0,325,0,0,0,0,0,278,34,13,0,325,0,0,0,325
12/24/2016,SMF,CA,AWP,WE,Towers with Radar,203,18,2,0,223,0,0,3,0,3,203,18,5,0,226,0,0,0,226
12/25/2016,SMF,CA,AWP,WE,Towers with Radar,189,15,0,0,204,0,0,0,0,0,189,15,0,0,204,0,0,0,204
12/26/2016,SMF,CA,AWP,WE,Towers with Radar,255,11,7,0,273,0,0,7,0,7,255,11,14,0,280,0,0,0,280
12/27/2016,SMF,CA,AWP,WE,Towers with Radar,275,25,9,0,309,0,0,10,0,10,275,25,19,0,319,0,0,0,319
12/28/2016,SMF,CA,AWP,WE,Towers with Radar,276,29,4,0,309,0,0,3,0,3,276,29,7,0,312,0,0,0,312
12/29/2016,SMF,CA,AWP,WE,Towers with Radar,272,28,3,2,305,0,0,5,0,5,272,28,8,2,310,0,0,0,310
12/30/2016,SMF,CA,AWP,WE,Towers with Radar,273,26,7,0,306,0,0,3,0,3,273,26,10,0,309,0,0,0,309
12/31/2016,SMF,CA,AWP,WE,Towers with Radar,189,23,5,0,217,0,0,3,0,3,189,23,8,0,220,0,0,0,220
01/01/2017,SMF,CA,AWP,WE,Towers with Radar,221,20,7,0,248,0,0,1,0,1,221,20,8,0,249,0,0,0,249
01/02/2017,SMF,CA,AWP,WE,Towers with Radar,259,11,4,0,274,0,0,2,0,2,259,11,6,0,276,0,0,0,276
01/03/2017,SMF,CA,AWP,WE,Towers with Radar,261,20,18,0,299,0,0,0,0,0,261,20,18,0,299,0,0,0,299
01/04/2017,SMF,CA,AWP,WE,Towers with Radar,255,28,17,4,304,0,0,0,0,0,255,28,17,4,304,0,0,0,304
01/05/2017,SMF,CA,AWP,WE,Towers with Radar,243,35,12,0,290,0,0,4,0,4,243,35,16,0,294,0,0,0,294
01/06/2017,SMF,CA,AWP,WE,Towers with Radar,257,29,11,0,297,0,0,15,0,15,257,29,26,0,312,0,0,0,312
01/07/2017,SMF,CA,AWP,WE,Towers with Radar,181,17,3,0,201,0,0,0,0,0,181,17,3,0,201,0,0,0,201
01/08/2017,SMF,CA,AWP,WE,Towers with Radar,200,20,13,0,233,0,0,0,0,0,200,20,13,0,233,0,0,0,233
01/09/2017,SMF,CA,AWP,WE,Towers with Radar,249,22,6,0,277,0,1,1,0,2,249,23,7,0,279,0,0,0,279
01/10/2017,SMF,CA,AWP,WE,Towers with Radar,250,21,12,0,283,0,0,1,0,1,250,21,13,0,284,0,0,0,284
01/11/2017,SMF,CA,AWP,WE,Towers with Radar,239,35,9,0,283,0,0,2,0,2,239,35,11,0,285,0,0,0,285
01/12/2017,SMF,CA,AWP,WE,Towers with Radar,262,29,9,0,300,0,0,0,0,0,262,29,9,0,300,0,0,0,300
01/13/2017,SMF,CA,AWP,WE,Towers with Radar,260,36,11,2,309,0,0,10,0,10,260,36,21,2,319,0,0,0,319
01/14/2017,SMF,CA,AWP,WE,Towers with Radar,183,20,5,0,208,0,0,2,0,2,183,20,7,0,210,0,0,0,210
01/15/2017,SMF,CA,AWP,WE,Towers with Radar,210,18,7,0,235,0,0,11,2,13,210,18,18,2,248,0,0,0,248
01/16/2017,SMF,CA,AWP,WE,Towers with Radar,253,26,4,0,283,0,1,10,0,11,253,27,14,0,294,0,0,0,294
01/17/2017,SMF,CA,AWP,WE,Towers with Radar,241,27,27,0,295,0,0,1,0,1,241,27,28,0,296,0,0,0,296
01/18/2017,SMF,CA,AWP,WE,Towers with Radar,252,24,15,0,291,0,0,0,0,0,252,24,15,0,291,0,0,0,291
01/19/2017,SMF,CA,AWP,WE,Towers with Radar,263,35,10,0,308,0,0,3,0,3,263,35,13,0,311,0,0,0,311
01/20/2017,SMF,CA,AWP,WE,Towers with Radar,243,35,10,0,288,0,0,4,0,4,243,35,14,0,292,0,0,0,292
01/21/2017,SMF,CA,AWP,WE,Towers with Radar,176,28,5,0,209,0,0,0,0,0,176,28,5,0,209,0,0,0,209
01/22/2017,SMF,CA,AWP,WE,Towers with Radar,200,21,3,4,228,0,0,1,0,1,200,21,4,4,229,0,0,0,229
01/23/2017,SMF,CA,AWP,WE,Towers with Radar,252,21,8,0,281,0,0,1,0,1,252,21,9,0,282,0,0,0,282
01/24/2017,SMF,CA,AWP,WE,Towers with Radar,241,30,14,0,285,0,2,10,0,12,241,32,24,0,297,2,0,2,299
01/25/2017,SMF,CA,AWP,WE,Towers with Radar,252,31,11,0,294,0,0,14,1,15,252,31,25,1,309,6,0,6,315
01/26/2017,SMF,CA,AWP,WE,Towers with Radar,259,31,17,0,307,0,0,5,0,5,259,31,22,0,312,0,0,0,312
01/27/2017,SMF,CA,AWP,WE,Towers with Radar,256,36,13,0,305,0,0,12,0,12,256,36,25,0,317,0,0,0,317
01/28/2017,SMF,CA,AWP,WE,Towers with Radar,174,17,7,0,198,0,1,7,0,8,174,18,14,0,206,0,0,0,206
01/29/2017,SMF,CA,AWP,WE,Towers with Radar,207,23,8,0,238,0,0,4,0,4,207,23,12,0,242,0,0,0,242
01/30/2017,SMF,CA,AWP,WE,Towers with Radar,252,25,6,2,285,0,3,13,0,16,252,28,19,2,301,0,6,6,307
01/31/2017,SMF,CA,AWP,WE,Towers with Radar,245,32,10,0,287,0,0,11,2,13,245,32,21,2,300,0,0,0,300
02/01/2017,SMF,CA,AWP,WE,Towers with Radar,254,32,20,2,308,0,0,2,0,2,254,32,22,2,310,0,8,8,318
02/02/2017,SMF,CA,AWP,WE,Towers with Radar,259,38,7,0,304,0,0,1,0,1,259,38,8,0,305,0,0,0,305
02/03/2017,SMF,CA,AWP,WE,Towers with Radar,254,36,18,0,308,0,0,1,0,1,254,36,19,0,309,0,0,0,309
02/04/2017,SMF,CA,AWP,WE,Towers with Radar,175,17,12,0,204,0,1,3,0,4,175,18,15,0,208,0,0,0,208
02/05/2017,SMF,CA,AWP,WE,Towers with Radar,180,18,4,0,202,0,0,3,4,7,180,18,7,4,209,0,0,0,209
02/06/2017,SMF,CA,AWP,WE,Towers with Radar,243,25,11,4,283,0,0,0,0,0,243,25,11,4,283,0,0,0,283
02/07/2017,SMF,CA,AWP,WE,Towers with Radar,250,39,14,8,311,0,1,0,0,1,250,40,14,8,312,0,0,0,312
02/08/2017,SMF,CA,AWP,WE,Towers with Radar,256,31,18,0,305,0,0,0,0,0,256,31,18,0,305,0,0,0,305
02/09/2017,SMF,CA,AWP,WE,Towers with Radar,261,31,8,0,300,0,0,0,0,0,261,31,8,0,300,0,0,0,300
02/10/2017,SMF,CA,AWP,WE,Towers with Radar,260,30,17,2,309,0,0,11,0,11,260,30,28,2,320,0,0,0,320
02/11/2017,SMF,CA,AWP,WE,Towers with Radar,174,15,7,0,196,0,2,7,0,9,174,17,14,0,205,0,0,0,205
02/12/2017,SMF,CA,AWP,WE,Towers with Radar,221,14,4,0,239,0,0,3,0,3,221,14,7,0,242,0,0,0,242
02/13/2017,SMF,CA,AWP,WE,Towers with Radar,257,29,7,0,293,0,2,9,0,11,257,31,16,0,304,14,0,14,318
02/14/2017,SMF,CA,AWP,WE,Towers with Radar,228,27,12,0,267,0,0,10,0,10,228,27,22,0,277,0,0,0,277
02/15/2017,SMF,CA,AWP,WE,Towers with Radar,257,28,8,1,294,0,1,6,2,9,257,29,14,3,303,0,8,8,311
02/16/2017,SMF,CA,AWP,WE,Towers with Radar,257,38,13,0,308,0,0,3,0,3,257,38,16,0,311,0,0,0,311
02/17/2017,SMF,CA,AWP,WE,Towers with Radar,221,24,15,2,262,0,0,0,0,0,221,24,15,2,262,0,0,0,262
02/18/2017,SMF,CA,AWP,WE,Towers with Radar,171,20,8,0,199,0,0,3,0,3,171,20,11,0,202,0,0,0,202
02/19/2017,SMF,CA,AWP,WE,Towers with Radar,211,7,4,1,223,0,0,0,0,0,211,7,4,1,223,0,0,0,223
02/20/2017,SMF,CA,AWP,WE,Towers with Radar,255,27,15,0,297,0,0,0,0,0,255,27,15,0,297,0,0,0,297
02/21/2017,SMF,CA,AWP,WE,Towers with Radar,247,32,19,4,302,0,0,7,0,7,247,32,26,4,309,0,0,0,309
02/22/2017,SMF,CA,AWP,WE,Towers with Radar,252,35,11,0,298,0,0,4,2,6,252,35,15,2,304,0,6,6,310
02/23/2017,SMF,CA,AWP,WE,Towers with Radar,258,35,15,0,308,0,0,13,2,15,258,35,28,2,323,0,0,0,323
02/24/2017,SMF,CA,AWP,WE,Towers with Radar,258,37,5,1,301,0,1,23,1,25,258,38,28,2,326,0,8,8,334
02/25/2017,SMF,CA,AWP,WE,Towers with Radar,174,27,7,0,208,0,0,16,0,16,174,27,23,0,224,0,0,0,224
02/26/2017,SMF,CA,AWP,WE,Towers with Radar,222,23,7,0,252,0,0,6,2,8,222,23,13,2,260,0,0,0,260
02/27/2017,SMF,CA,AWP,WE,Towers with Radar,254,36,9,6,305,0,0,13,0,13,254,36,22,6,318,0,0,0,318
02/28/2017,SMF,CA,AWP,WE,Towers with Radar,251,47,10,2,310,0,3,8,0,11,251,50,18,2,321,0,0,0,321
03/01/2017,SMF,CA,AWP,WE,Towers with Radar,254,35,19,0,308,0,1,10,0,11,254,36,29,0,319,0,0,0,319
03/02/2017,SMF,CA,AWP,WE,Towers with Radar,254,40,17,0,311,0,0,11,0,11,254,40,28,0,322,0,0,0,322
03/03/2017,SMF,CA,AWP,WE,Towers with Radar,255,35,8,0,298,0,0,17,0,17,255,35,25,0,315,0,0,0,315
03/04/2017,SMF,CA,AWP,WE,Towers with Radar,171,23,11,0,205,0,2,3,0,5,171,25,14,0,210,0,0,0,210
03/05/2017,SMF,CA,AWP,WE,Towers with Radar,212,20,13,0,245,0,0,5,0,5,212,20,18,0,250,0,0,0,250
03/06/2017,SMF,CA,AWP,WE,Towers with Radar,256,28,16,0,300,0,0,6,0,6,256,28,22,0,306,0,0,0,306
03/07/2017,SMF,CA,AWP,WE,Towers with Radar,250,35,3,18,306,0,0,6,0,6,250,35,9,18,312,0,0,0,312
03/08/2017,SMF,CA,AWP,WE,Towers with Radar,252,36,9,0,297,0,0,13,2,15,252,36,22,2,312,0,0,0,312
03/09/2017,SMF,CA,AWP,WE,Towers with Radar,259,35,10,2,306,0,2,14,1,17,259,37,24,3,323,18,0,18,341
03/10/2017,SMF,CA,AWP,WE,Towers with Radar,268,34,9,0,311,0,0,14,0,14,268,34,23,0,325,0,0,0,325
03/11/2017,SMF,CA,AWP,WE,Towers with Radar,197,25,7,0,229,0,0,11,0,11,197,25,18,0,240,0,0,0,240
03/12/2017,SMF,CA,AWP,WE,Towers with Radar,239,17,4,0,260,0,0,5,1,6,239,17,9,1,266,0,0,0,266
03/13/2017,SMF,CA,AWP,WE,Towers with Radar,262,28,9,5,304,0,0,13,0,13,262,28,22,5,317,0,0,0,317
03/14/2017,SMF,CA,AWP,WE,Towers with Radar,257,34,6,2,299,0,0,11,0,11,257,34,17,2,310,0,0,0,310
03/15/2017,SMF,CA,AWP,WE,Towers with Radar,277,41,11,0,329,0,0,10,2,12,277,41,21,2,341,2,14,16,357
03/16/2017,SMF,CA,AWP,WE,Towers with Radar,274,35,10,0,319,0,0,12,3,15,274,35,22,3,334,0,0,0,334
03/17/2017,SMF,CA,AWP,WE,Towers with Radar,272,41,8,4,325,0,0,16,0,16,272,41,24,4,341,0,0,0,341
03/18/2017,SMF,CA,AWP,WE,Towers with Radar,216,25,3,0,244,0,1,6,0,7,216,26,9,0,251,4,4,8,259
03/19/2017,SMF,CA,AWP,WE,Towers with Radar,250,21,14,0,285,0,1,13,0,14,250,22,27,0,299,0,6,6,305
03/20/2017,SMF,CA,AWP,WE,Towers with Radar,272,28,9,4,313,0,0,6,0,6,272,28,15,4,319,0,0,0,319
03/21/2017,SMF,CA,AWP,WE,Towers with Radar,268,34,8,0,310,0,0,2,0,2,268,34,10,0,312,0,0,0,312
03/22/2017,SMF,CA,AWP,WE,Towers with Radar,267,40,14,0,321,0,0,2,0,2,267,40,16,0,323,0,0,0,323
03/23/2017,SMF,CA,AWP,WE,Towers with Radar,280,39,16,0,335,0,0,8,1,9,280,39,24,1,344,0,0,0,344
03/24/2017,SMF,CA,AWP,WE,Towers with Radar,266,30,11,0,307,0,0,0,0,0,266,30,11,0,307,0,0,0,307
03/25/2017,SMF,CA,AWP,WE,Towers with Radar,216,25,13,0,254,0,0,1,0,1,216,25,14,0,255,0,0,0,255
03/26/2017,SMF,CA,AWP,WE,Towers with Radar,243,17,12,0,272,0,0,2,0,2,243,17,14,0,274,0,0,0,274
03/27/2017,SMF,CA,AWP,WE,Towers with Radar,273,30,10,0,313,0,3,5,0,8,273,33,15,0,321,0,0,0,321
03/28/2017,SMF,CA,AWP,WE,Towers with Radar,268,36,8,7,319,0,2,6,3,11,268,38,14,10,330,0,0,0,330
03/29/2017,SMF,CA,AWP,WE,Towers with Radar,270,38,9,4,321,0,2,15,0,17,270,40,24,4,338,0,0,0,338
03/30/2017,SMF,CA,AWP,WE,Towers with Radar,262,40,11,5,318,0,1,16,2,19,262,41,27,7,337,0,2,2,339
03/31/2017,SMF,CA,AWP,WE,Towers with Radar,273,33,11,2,319,0,1,15,0,16,273,34,26,2,335,4,0,4,339
04/01/2017,SMF,CA,AWP,WE,Towers with Radar,215,27,17,0,259,0,0,11,0,11,215,27,28,0,270,0,0,0,270
04/02/2017,SMF,CA,AWP,WE,Towers with Radar,242,19,3,1,265,0,0,15,0,15,242,19,18,1,280,0,0,0,280
04/03/2017,SMF,CA,AWP,WE,Towers with Radar,272,31,2,0,305,0,1,12,0,13,272,32,14,0,318,0,0,0,318
04/04/2017,SMF,CA,AWP,WE,Towers with Radar,267,32,15,2,316,1,0,16,0,17,268,32,31,2,333,0,0,0,333
04/05/2017,SMF,CA,AWP,WE,Towers with Radar,265,35,8,0,308,0,1,20,0,21,265,36,28,0,329,0,0,0,329
04/06/2017,SMF,CA,AWP,WE,Towers with Radar,262,37,13,2,314,0,0,8,0,8,262,37,21,2,322,0,0,0,322
04/07/2017,SMF,CA,AWP,WE,Towers with Radar,275,38,10,11,334,0,0,1,0,1,275,38,11,11,335,0,0,0,335
04/08/2017,SMF,CA,AWP,WE,Towers with Radar,216,24,5,0,245,0,0,3,0,3,216,24,8,0,248,0,0,0,248
04/09/2017,SMF,CA,AWP,WE,Towers with Radar,240,19,4,0,263,0,0,9,0,9,240,19,13,0,272,0,0,0,272
04/10/2017,SMF,CA,AWP,WE,Towers with Radar,271,34,7,2,314,0,2,7,1,10,271,36,14,3,324,0,0,0,324
04/11/2017,SMF,CA,AWP,WE,Towers with Radar,266,33,13,0,312,0,0,11,0,11,266,33,24,0,323,0,0,0,323
04/12/2017,SMF,CA,AWP,WE,Towers with Radar,271,39,11,0,321,0,0,3,2,5,271,39,14,2,326,0,4,4,330
04/13/2017,SMF,CA,AWP,WE,Towers with Radar,275,32,9,4,320,0,0,5,0,5,275,32,14,4,325,0,0,0,325
04/14/2017,SMF,CA,AWP,WE,Towers with Radar,264,36,3,2,305,0,0,25,1,26,264,36,28,3,331,4,0,4,335
04/15/2017,SMF,CA,AWP,WE,Towers with Radar,209,21,5,0,235,0,0,14,0,14,209,21,19,0,249,0,0,0,249
04/16/2017,SMF,CA,AWP,WE,Towers with Radar,241,17,2,0,260,0,2,0,0,2,241,19,2,0,262,0,0,0,262
04/17/2017,SMF,CA,AWP,WE,Towers with Radar,265,31,16,0,312,0,0,0,0,0,265,31,16,0,312,0,0,0,312
04/18/2017,SMF,CA,AWP,WE,Towers with Radar,266,36,6,0,308,0,1,1,2,4,266,37,7,2,312,0,0,0,312
04/19/2017,SMF,CA,AWP,WE,Towers with Radar,267,32,11,0,310,0,0,17,2,19,267,32,28,2,329,0,0,0,329
04/20/2017,SMF,CA,AWP,WE,Towers with Radar,270,39,15,0,324,0,1,11,0,12,270,40,26,0,336,0,0,0,336
04/21/2017,SMF,CA,AWP,WE,Towers with Radar,270,40,9,0,319,0,0,13,0,13,270,40,22,0,332,0,0,0,332
04/22/2017,SMF,CA,AWP,WE,Towers with Radar,211,15,1,0,227,0,0,7,0,7,211,15,8,0,234,0,0,0,234
04/23/2017,SMF,CA,AWP,WE,Towers with Radar,240,13,6,0,259,0,1,3,0,4,240,14,9,0,263,0,0,0,263
04/24/2017,SMF,CA,AWP,WE,Towers with Radar,270,20,17,4,311,0,2,7,0,9,270,22,24,4,320,0,0,0,320
04/25/2017,SMF,CA,AWP,WE,Towers with Radar,260,40,6,0,306,0,0,5,0,5,260,40,11,0,311,0,0,0,311
04/26/2017,SMF,CA,AWP,WE,Towers with Radar,263,32,17,7,319,0,2,2,0,4,263,34,19,7,323,0,0,0,323
04/27/2017,SMF,CA,AWP,WE,Towers with Radar,269,37,6,8,320,0,0,15,1,16,269,37,21,9,336,2,0,2,338
04/28/2017,SMF,CA,AWP,WE,Towers with Radar,278,37,9,0,324,0,0,11,0,11,278,37,20,0,335,0,0,0,335
04/29/2017,SMF,CA,AWP,WE,Towers with Radar,214,20,3,0,237,0,0,7,0,7,214,20,10,0,244,0,0,0,244
04/30/2017,SMF,CA,AWP,WE,Towers with Radar,254,18,7,0,279,0,0,18,0,18,254,18,25,0,297,0,0,0,297
05/01/2017,SMF,CA,AWP,WE,Towers with Radar,278,32,5,4,319,0,0,3,0,3,278,32,8,4,322,0,0,0,322
05/02/2017,SMF,CA,AWP,WE,Towers with Radar,270,32,2,0,304,0,1,7,0,8,270,33,9,0,312,0,0,0,312
05/03/2017,SMF,CA,AWP,WE,Towers with Radar,268,36,5,0,309,0,0,8,0,8,268,36,13,0,317,0,0,0,317
05/04/2017,SMF,CA,AWP,WE,Towers with Radar,276,38,12,6,332,0,0,15,6,21,276,38,27,12,353,0,34,34,387
05/05/2017,SMF,CA,AWP,WE,Towers with Radar,273,31,9,0,313,0,0,17,2,19,273,31,26,2,332,18,18,36,368
05/06/2017,SMF,CA,AWP,WE,Towers with Radar,217,24,2,0,243,0,1,3,0,4,217,25,5,0,247,0,0,0,247
05/07/2017,SMF,CA,AWP,WE,Towers with Radar,255,16,6,0,277,0,0,9,2,11,255,16,15,2,288,0,0,0,288
05/08/2017,SMF,CA,AWP,WE,Towers with Radar,276,36,15,0,327,0,1,12,0,13,276,37,27,0,340,0,0,0,340
05/09/2017,SMF,CA,AWP,WE,Towers with Radar,272,35,10,2,319,0,1,20,0,21,272,36,30,2,340,0,14,14,354
05/10/2017,SMF,CA,AWP,WE,Towers with Radar,276,41,6,2,325,0,0,19,2,21,276,41,25,4,346,0,0,0,346
05/11/2017,SMF,CA,AWP,WE,Towers with Radar,225,30,7,4,266,0,0,11,0,11,225,30,18,4,277,0,18,18,295
05/12/2017,SMF,CA,AWP,WE,Towers with Radar,280,32,7,0,319,0,3,13,0,16,280,35,20,0,335,10,0,10,345
05/13/2017,SMF,CA,AWP,WE,Towers with Radar,212,23,9,0,244,0,2,5,0,7,212,25,14,0,251,0,0,0,251
05/14/2017,SMF,CA,AWP,WE,Towers with Radar,251,25,2,0,278,0,0,6,0,6,251,25,8,0,284,0,0,0,284
05/15/2017,SMF,CA,AWP,WE,Towers with Radar,281,28,11,0,320,0,4,21,1,26,281,32,32,1,346,0,0,0,346
05/16/2017,SMF,CA,AWP,WE,Towers with Radar,274,33,10,4,321,0,0,10,0,10,274,33,20,4,331,0,0,0,331
05/17/2017,SMF,CA,AWP,WE,Towers with Radar,274,34,3,0,311,0,0,24,0,24,274,34,27,0,335,22,0,22,357
05/18/2017,SMF,CA,AWP,WE,Towers with Radar,282,31,8,0,321,0,0,15,0,15,282,31,23,0,336,0,0,0,336
05/19/2017,SMF,CA,AWP,WE,Towers with Radar,278,33,4,0,315,0,0,13,0,13,278,33,17,0,328,0,0,0,328
05/20/2017,SMF,CA,AWP,WE,Towers with Radar,218,18,10,0,246,0,0,9,0,9,218,18,19,0,255,80,0,80,335
05/21/2017,SMF,CA,AWP,WE,Towers with Radar,261,11,8,0,280,0,0,14,0,14,261,11,22,0,294,20,0,20,314
05/22/2017,SMF,CA,AWP,WE,Towers with Radar,281,27,6,0,314,0,3,12,0,15,281,30,18,0,329,0,0,0,329
05/23/2017,SMF,CA,AWP,WE,Towers with Radar,276,36,4,2,318,0,2,20,0,22,276,38,24,2,340,16,14,30,370
05/24/2017,SMF,CA,AWP,WE,Towers with Radar,273,33,9,0,315,0,4,14,2,20,273,37,23,2,335,0,0,0,335
05/25/2017,SMF,CA,AWP,WE,Towers with Radar,278,32,8,12,330,0,0,20,1,21,278,32,28,13,351,0,12,12,363
05/26/2017,SMF,CA,AWP,WE,Towers with Radar,280,36,18,0,334,0,0,13,3,16,280,36,31,3,350,0,0,0,350
05/27/2017,SMF,CA,AWP,WE,Towers with Radar,211,28,5,0,244,0,1,7,0,8,211,29,12,0,252,0,0,0,252
05/28/2017,SMF,CA,AWP,WE,Towers with Radar,209,9,0,0,218,0,0,11,0,11,209,9,11,0,229,0,0,0,229
05/29/2017,SMF,CA,AWP,WE,Towers with Radar,264,20,2,1,287,0,0,4,1,5,264,20,6,2,292,0,0,0,292
05/30/2017,SMF,CA,AWP,WE,Towers with Radar,266,36,11,1,314,0,1,8,1,10,266,37,19,2,324,0,4,4,328
05/31/2017,SMF,CA,AWP,WE,Towers with Radar,274,34,4,4,316,0,0,9,0,9,274,34,13,4,325,12,2,14,339
06/01/2017,SMF,CA,AWP,WE,Towers with Radar,276,42,15,12,345,0,3,6,1,10,276,45,21,13,355,0,12,12,367
06/02/2017,SMF,CA,AWP,WE,Towers with Radar,271,34,8,1,314,0,0,16,1,17,271,34,24,2,331,0,10,10,341
06/03/2017,SMF,CA,AWP,WE,Towers with Radar,216,19,8,0,243,0,0,15,0,15,216,19,23,0,258,0,0,0,258
06/04/2017,SMF,CA,AWP,WE,Towers with Radar,259,15,0,0,274,0,0,5,0,5,259,15,5,0,279,0,0,0,279
06/05/2017,SMF,CA,AWP,WE,Towers with Radar,292,35,4,2,333,0,0,9,0,9,292,35,13,2,342,0,0,0,342
06/06/2017,SMF,CA,AWP,WE,Towers with Radar,285,34,5,0,324,0,3,22,1,26,285,37,27,1,350,0,0,0,350
06/07/2017,SMF,CA,AWP,WE,Towers with Radar,288,37,6,0,331,0,0,16,2,18,288,37,22,2,349,10,6,16,365
06/08/2017,SMF,CA,AWP,WE,Towers with Radar,298,32,8,2,340,0,0,4,2,6,298,32,12,4,346,2,10,12,358
06/09/2017,SMF,CA,AWP,WE,Towers with Radar,285,40,6,0,331,0,0,15,0,15,285,40,21,0,346,0,0,0,346
06/10/2017,SMF,CA,AWP,WE,Towers with Radar,242,25,3,0,270,0,2,14,0,16,242,27,17,0,286,0,0,0,286
06/11/2017,SMF,CA,AWP,WE,Towers with Radar,266,21,4,0,291,0,1,4,0,5,266,22,8,0,296,0,0,0,296
06/12/2017,SMF,CA,AWP,WE,Towers with Radar,302,36,9,0,347,0,2,12,0,14,302,38,21,0,361,0,0,0,361
06/13/2017,SMF,CA,AWP,WE,Towers with Radar,284,34,10,0,328,0,0,9,2,11,284,34,19,2,339,6,0,6,345
06/14/2017,SMF,CA,AWP,WE,Towers with Radar,300,38,7,5,350,0,3,21,1,25,300,41,28,6,375,0,8,8,383
06/15/2017,SMF,CA,AWP,WE,Towers with Radar,298,37,6,0,341,0,1,14,0,15,298,38,20,0,356,0,0,0,356
06/16/2017,SMF,CA,AWP,WE,Towers with Radar,293,32,5,0,330,0,2,17,0,19,293,34,22,0,349,0,0,0,349
06/17/2017,SMF,CA,AWP,WE,Towers with Radar,240,26,1,0,267,0,1,10,0,11,240,27,11,0,278,0,0,0,278
06/18/2017,SMF,CA,AWP,WE,Towers with Radar,273,21,4,0,298,0,1,14,0,15,273,22,18,0,313,0,0,0,313
06/19/2017,SMF,CA,AWP,WE,Towers with Radar,288,33,11,0,332,0,0,14,0,14,288,33,25,0,346,0,0,0,346
06/20/2017,SMF,CA,AWP,WE,Towers with Radar,294,36,11,0,341,0,5,18,2,25,294,41,29,2,366,12,2,14,380
06/21/2017,SMF,CA,AWP,WE,Towers with Radar,300,40,9,0,349,0,1,10,0,11,300,41,19,0,360,0,0,0,360
06/22/2017,SMF,CA,AWP,WE,Towers with Radar,302,37,7,1,347,0,0,14,1,15,302,37,21,2,362,0,0,0,362
06/23/2017,SMF,CA,AWP,WE,Towers with Radar,294,43,6,0,343,0,0,12,0,12,294,43,18,0,355,0,0,0,355
06/24/2017,SMF,CA,AWP,WE,Towers with Radar,241,21,3,0,265,0,0,3,0,3,241,21,6,0,268,40,0,40,308
06/25/2017,SMF,CA,AWP,WE,Towers with Radar,275,19,8,0,302,0,3,15,2,20,275,22,23,2,322,0,0,0,322
06/26/2017,SMF,CA,AWP,WE,Towers with Radar,300,28,12,0,340,0,1,21,4,26,300,29,33,4,366,6,6,12,378
06/27/2017,SMF,CA,AWP,WE,Towers with Radar,288,35,8,0,331,0,3,15,0,18,288,38,23,0,349,32,0,32,381
06/28/2017,SMF,CA,AWP,WE,Towers with Radar,293,35,7,8,343,0,2,11,0,13,293,37,18,8,356,0,0,0,356
06/29/2017,SMF,CA,AWP,WE,Towers with Radar,298,41,5,4,348,0,3,18,0,21,298,44,23,4,369,24,22,46,415
06/30/2017,SMF,CA,AWP,WE,Towers with Radar,296,41,15,8,360,0,0,13,0,13,296,41,28,8,373,0,4,4,377
07/01/2017,SMF,CA,AWP,WE,Towers with Radar,250,25,6,0,281,0,0,10,0,10,250,25,16,0,291,0,0,0,291
07/02/2017,SMF,CA,AWP,WE,Towers with Radar,256,17,2,0,275,0,0,8,0,8,256,17,10,0,283,0,0,0,283
07/03/2017,SMF,CA,AWP,WE,Towers with Radar,240,24,14,0,278,0,3,12,0,15,240,27,26,0,293,0,0,0,293
07/04/2017,SMF,CA,AWP,WE,Towers with Radar,219,19,4,0,242,0,2,5,0,7,219,21,9,0,249,0,0,0,249
07/05/2017,SMF,CA,AWP,WE,Towers with Radar,287,34,7,4,332,0,0,14,0,14,287,34,21,4,346,8,14,22,368
07/06/2017,SMF,CA,AWP,WE,Towers with Radar,294,39,7,6,346,0,0,17,2,19,294,39,24,8,365,8,10,18,383
07/07/2017,SMF,CA,AWP,WE,Towers with Radar,294,33,8,0,335,0,3,13,2,18,294,36,21,2,353,20,6,26,379
07/08/2017,SMF,CA,AWP,WE,Towers with Radar,243,34,6,0,283,0,2,6,0,8,243,36,12,0,291,0,0,0,291
07/09/2017,SMF,CA,AWP,WE,Towers with Radar,270,18,13,0,301,0,0,10,0,10,270,18,23,0,311,8,0,8,319
07/10/2017,SMF,CA,AWP,WE,Towers with Radar,303,34,22,0,359,0,3,14,0,17,303,37,36,0,376,20,0,20,396
07/11/2017,SMF,CA,AWP,WE,Towers with Radar,300,38,6,0,344,0,0,16,1,17,300,38,22,1,361,0,0,0,361
07/12/2017,SMF,CA,AWP,WE,Towers with Radar,302,36,6,3,347,0,0,10,1,11,302,36,16,4,358,6,0,6,364
07/13/2017,SMF,CA,AWP,WE,Towers with Radar,301,33,9,2,345,0,0,12,2,14,301,33,21,4,359,0,40,40,399
07/14/2017,SMF,CA,AWP,WE,Towers with Radar,300,34,4,1,339,0,0,12,3,15,300,34,16,4,354,0,54,54,408
07/15/2017,SMF,CA,AWP,WE,Towers with Radar,249,21,4,0,274,0,0,16,0,16,249,21,20,0,290,0,0,0,290
07/16/2017,SMF,CA,AWP,WE,Towers with Radar,275,17,6,0,298,0,0,15,0,15,275,17,21,0,313,0,0,0,313
07/17/2017,SMF,CA,AWP,WE,Towers with Radar,303,28,10,10,351,0,5,23,2,30,303,33,33,12,381,0,46,46,427
07/18/2017,SMF,CA,AWP,WE,Towers with Radar,299,38,10,4,351,0,0,15,4,19,299,38,25,8,370,0,0,0,370
07/19/2017,SMF,CA,AWP,WE,Towers with Radar,299,35,8,7,349,0,0,13,0,13,299,35,21,7,362,6,30,36,398
07/20/2017,SMF,CA,AWP,WE,Towers with Radar,303,39,14,4,360,0,1,12,2,15,303,40,26,6,375,38,0,38,413
07/21/2017,SMF,CA,AWP,WE,Towers with Radar,296,38,5,2,341,0,1,18,0,19,296,39,23,2,360,0,12,12,372
07/22/2017,SMF,CA,AWP,WE,Towers with Radar,251,24,3,0,278,0,1,13,0,14,251,25,16,0,292,0,0,0,292
07/23/2017,SMF,CA,AWP,WE,Towers with Radar,266,20,7,0,293,0,2,11,0,13,266,22,18,0,306,0,0,0,306
07/24/2017,SMF,CA,AWP,WE,Towers with Radar,310,27,12,8,357,0,0,14,0,14,310,27,26,8,371,0,12,12,383
07/25/2017,SMF,CA,AWP,WE,Towers with Radar,297,35,7,2,341,0,2,17,0,19,297,37,24,2,360,0,30,30,390
07/26/2017,SMF,CA,AWP,WE,Towers with Radar,296,35,4,0,335,0,1,12,0,13,296,36,16,0,348,4,0,4,352
07/27/2017,SMF,CA,AWP,WE,Towers with Radar,301,37,11,2,351,0,0,22,0,22,301,37,33,2,373,14,18,32,405
07/28/2017,SMF,CA,AWP,WE,Towers with Radar,297,34,14,7,352,0,0,12,1,13,297,34,26,8,365,0,18,18,383
07/29/2017,SMF,CA,AWP,WE,Towers with Radar,253,21,11,4,289,0,1,11,0,12,253,22,22,4,301,0,0,0,301
07/30/2017,SMF,CA,AWP,WE,Towers with Radar,279,15,1,4,299,0,0,18,1,19,279,15,19,5,318,0,0,0,318
07/31/2017,SMF,CA,AWP,WE,Towers with Radar,308,34,15,0,357,0,0,13,0,13,308,34,28,0,370,20,0,20,390
08/01/2017,SMF,CA,AWP,WE,Towers with Radar,308,28,8,4,348,0,3,17,1,21,308,31,25,5,369,14,0,14,383
08/02/2017,SMF,CA,AWP,WE,Towers with Radar,301,43,12,0,356,0,0,13,2,15,301,43,25,2,371,8,0,8,379
08/03/2017,SMF,CA,AWP,WE,Towers with Radar,302,37,7,0,346,0,2,8,0,10,302,39,15,0,356,12,0,12,368
08/04/2017,SMF,CA,AWP,WE,Towers with Radar,287,34,9,1,331,0,0,17,3,20,287,34,26,4,351,4,10,14,365
08/05/2017,SMF,CA,AWP,WE,Towers with Radar,256,21,4,0,281,0,1,14,0,15,256,22,18,0,296,0,0,0,296
08/06/2017,SMF,CA,AWP,WE,Towers with Radar,284,22,3,0,309,0,0,17,0,17,284,22,20,0,326,0,0,0,326
08/07/2017,SMF,CA,AWP,WE,Towers with Radar,313,28,9,0,350,0,0,13,2,15,313,28,22,2,365,0,0,0,365
08/08/2017,SMF,CA,AWP,WE,Towers with Radar,290,36,6,3,335,0,0,14,1,15,290,36,20,4,350,0,0,0,350
08/09/2017,SMF,CA,AWP,WE,Towers with Radar,305,29,9,0,343,0,3,8,0,11,305,32,17,0,354,0,0,0,354
08/10/2017,SMF,CA,AWP,WE,Towers with Radar,306,35,5,0,346,0,2,7,0,9,306,37,12,0,355,0,0,0,355
08/11/2017,SMF,CA,AWP,WE,Towers with Radar,304,32,8,0,344,0,0,18,0,18,304,32,26,0,362,6,0,6,368
08/12/2017,SMF,CA,AWP,WE,Towers with Radar,254,19,6,0,279,0,1,5,0,6,254,20,11,0,285,0,0,0,285
08/13/2017,SMF,CA,AWP,WE,Towers with Radar,281,15,5,0,301,0,1,7,0,8,281,16,12,0,309,0,0,0,309
08/14/2017,SMF,CA,AWP,WE,Towers with Radar,306,21,8,0,335,0,0,14,0,14,306,21,22,0,349,0,0,0,349
08/15/2017,SMF,CA,AWP,WE,Towers with Radar,302,35,10,2,349,0,2,8,0,10,302,37,18,2,359,0,0,0,359
08/16/2017,SMF,CA,AWP,WE,Towers with Radar,303,41,8,5,357,0,4,5,1,10,303,45,13,6,367,0,10,10,377
08/17/2017,SMF,CA,AWP,WE,Towers with Radar,310,42,14,4,370,0,1,25,1,27,310,43,39,5,397,10,6,16,413
08/18/2017,SMF,CA,AWP,WE,Towers with Radar,298,43,9,4,354,0,0,23,0,23,298,43,32,4,377,6,8,14,391
08/19/2017,SMF,CA,AWP,WE,Towers with Radar,239,27,4,0,270,0,0,13,0,13,239,27,17,0,283,0,0,0,283
08/20/2017,SMF,CA,AWP,WE,Towers with Radar,280,18,8,0,306,0,0,24,0,24,280,18,32,0,330,0,0,0,330
08/21/2017,SMF,CA,AWP,WE,Towers with Radar,301,24,19,2,346,0,0,12,1,13,301,24,31,3,359,0,0,0,359
08/22/2017,SMF,CA,AWP,WE,Towers with Radar,290,34,9,2,335,0,0,17,0,17,290,34,26,2,352,0,0,0,352
08/23/2017,SMF,CA,AWP,WE,Towers with Radar,297,35,14,2,348,0,0,10,0,10,297,35,24,2,358,0,0,0,358
08/24/2017,SMF,CA,AWP,WE,Towers with Radar,305,31,7,0,343,0,0,18,2,20,305,31,25,2,363,8,0,8,371
08/25/2017,SMF,CA,AWP,WE,Towers with Radar,314,32,10,0,356,0,0,13,1,14,314,32,23,1,370,0,0,0,370
08/26/2017,SMF,CA,AWP,WE,Towers with Radar,233,28,5,1,267,0,3,14,0,17,233,31,19,1,284,0,0,0,284
08/27/2017,SMF,CA,AWP,WE,Towers with Radar,268,14,7,0,289,0,0,3,1,4,268,14,10,1,293,0,0,0,293
08/28/2017,SMF,CA,AWP,WE,Towers with Radar,290,26,10,4,330,0,1,22,0,23,290,27,32,4,353,6,16,22,375
08/29/2017,SMF,CA,AWP,WE,Towers with Radar,291,31,8,3,333,0,2,5,1,8,291,33,13,4,341,0,20,20,361
08/30/2017,SMF,CA,AWP,WE,Towers with Radar,289,40,5,4,338,0,1,4,4,9,289,41,9,8,347,0,0,0,347
08/31/2017,SMF,CA,AWP,WE,Towers with Radar,295,29,6,3,333,0,1,20,1,22,295,30,26,4,355,2,12,14,369
09/01/2017,SMF,CA,AWP,WE,Towers with Radar,304,38,9,5,356,0,4,13,2,19,304,42,22,7,375,0,20,20,395
09/02/2017,SMF,CA,AWP,WE,Towers with Radar,221,21,1,0,243,0,2,4,0,6,221,23,5,0,249,0,0,0,249
09/03/2017,SMF,CA,AWP,WE,Towers with Radar,222,14,6,0,242,0,2,1,0,3,222,16,7,0,245,20,0,20,265
09/04/2017,SMF,CA,AWP,WE,Towers with Radar,285,16,10,0,311,0,0,2,0,2,285,16,12,0,313,0,0,0,313
09/05/2017,SMF,CA,AWP,WE,Towers with Radar,292,24,15,8,339,0,0,6,0,6,292,24,21,8,345,0,8,8,353
09/06/2017,SMF,CA,AWP,WE,Towers with Radar,297,25,5,0,327,0,2,13,0,15,297,27,18,0,342,0,0,0,342
09/07/2017,SMF,CA,AWP,WE,Towers with Radar,300,28,8,2,338,0,4,5,0,9,300,32,13,2,347,0,0,0,347
09/08/2017,SMF,CA,AWP,WE,Towers with Radar,297,37,12,6,352,0,0,15,0,15,297,37,27,6,367,0,0,0,367
09/09/2017,SMF,CA,AWP,WE,Towers with Radar,229,21,5,0,255,0,0,10,0,10,229,21,15,0,265,0,0,0,265
09/10/2017,SMF,CA,AWP,WE,Towers with Radar,289,17,10,0,316,0,0,15,0,15,289,17,25,0,331,0,0,0,331
09/11/2017,SMF,CA,AWP,WE,Towers with Radar,327,38,4,4,373,0,0,16,0,16,327,38,20,4,389,0,0,0,389
09/12/2017,SMF,CA,AWP,WE,Towers with Radar,312,31,7,0,350,0,0,8,0,8,312,31,15,0,358,0,0,0,358
09/13/2017,SMF,CA,AWP,WE,Towers with Radar,303,33,14,2,352,0,0,6,0,6,303,33,20,2,358,16,0,16,374
09/14/2017,SMF,CA,AWP,WE,Towers with Radar,308,35,9,5,357,0,2,5,1,8,308,37,14,6,365,0,0,0,365
09/15/2017,SMF,CA,AWP,WE,Towers with Radar,314,28,17,4,363,0,0,25,0,25,314,28,42,4,388,2,2,4,392
09/16/2017,SMF,CA,AWP,WE,Towers with Radar,241,30,9,0,280,0,0,8,0,8,241,30,17,0,288,0,0,0,288
09/17/2017,SMF,CA,AWP,WE,Towers with Radar,287,14,10,0,311,0,3,14,0,17,287,17,24,0,328,0,0,0,328
09/18/2017,SMF,CA,AWP,WE,Towers with Radar,303,22,11,1,337,0,1,10,1,12,303,23,21,2,349,0,0,0,349
09/19/2017,SMF,CA,AWP,WE,Towers with Radar,297,29,6,6,338,0,0,19,0,19,297,29,25,6,357,0,12,12,369
09/20/2017,SMF,CA,AWP,WE,Towers with Radar,305,27,23,2,357,0,0,13,1,14,305,27,36,3,371,0,10,10,381
09/21/2017,SMF,CA,AWP,WE,Towers with Radar,307,37,10,0,354,0,1,21,0,22,307,38,31,0,376,10,0,10,386
09/22/2017,SMF,CA,AWP,WE,Towers with Radar,312,38,7,0,357,0,1,11,0,12,312,39,18,0,369,0,0,0,369
09/23/2017,SMF,CA,AWP,WE,Towers with Radar,236,20,2,0,258,0,1,10,0,11,236,21,12,0,269,0,0,0,269
09/24/2017,SMF,CA,AWP,WE,Towers with Radar,289,16,5,0,310,0,1,17,0,18,289,17,22,0,328,0,0,0,328
09/25/2017,SMF,CA,AWP,WE,Towers with Radar,311,26,8,0,345,0,1,12,0,13,311,27,20,0,358,0,0,0,358
09/26/2017,SMF,CA,AWP,WE,Towers with Radar,296,29,9,3,337,0,0,19,4,23,296,29,28,7,360,0,0,0,360
09/27/2017,SMF,CA,AWP,WE,Towers with Radar,297,35,9,0,341,0,0,11,2,13,297,35,20,2,354,10,18,28,382
09/28/2017,SMF,CA,AWP,WE,Towers with Radar,310,26,11,4,351,0,0,17,1,18,310,26,28,5,369,0,0,0,369
09/29/2017,SMF,CA,AWP,WE,Towers with Radar,310,35,11,0,356,0,1,9,1,11,310,36,20,1,367,0,14,14,381
09/30/2017,SMF,CA,AWP,WE,Towers with Radar,237,23,0,0,260,0,0,12,2,14,237,23,12,2,274,0,0,0,274
10/01/2017,SMF,CA,AWP,WE,Towers with Radar,283,21,7,0,311,0,0,8,2,10,283,21,15,2,321,0,0,0,321
10/02/2017,SMF,CA,AWP,WE,Towers with Radar,303,27,6,4,340,0,3,5,0,8,303,30,11,4,348,0,0,0,348
10/03/2017,SMF,CA,AWP,WE,Towers with Radar,295,30,8,2,335,0,2,11,0,13,295,32,19,2,348,0,18,18,366
10/04/2017,SMF,CA,AWP,WE,Towers with Radar,301,32,7,0,340,0,0,17,0,17,301,32,24,0,357,0,0,0,357
10/05/2017,SMF,CA,AWP,WE,Towers with Radar,309,30,15,0,354,0,3,16,2,21,309,33,31,2,375,0,0,0,375
10/06/2017,SMF,CA,AWP,WE,Towers with Radar,301,34,13,2,350,0,0,13,0,13,301,34,26,2,363,0,10,10,373
10/07/2017,SMF,CA,AWP,WE,Towers with Radar,234,23,6,0,263,0,0,6,2,8,234,23,12,2,271,0,0,0,271
10/08/2017,SMF,CA,AWP,WE,Towers with Radar,280,15,7,0,302,0,1,10,0,11,280,16,17,0,313,0,0,0,313
10/09/2017,SMF,CA,AWP,WE,Towers with Radar,301,30,8,0,339,0,0,6,0,6,301,30,14,0,345,0,0,0,345
10/10/2017,SMF,CA,AWP,WE,Towers with Radar,294,28,6,0,328,0,2,13,0,15,294,30,19,0,343,0,0,0,343
10/11/2017,SMF,CA,AWP,WE,Towers with Radar,301,23,13,2,339,0,0,11,2,13,301,23,24,4,352,0,0,0,352
10/12/2017,SMF,CA,AWP,WE,Towers with Radar,303,28,9,0,340,0,2,9,3,14,303,30,18,3,354,0,0,0,354
10/13/2017,SMF,CA,AWP,WE,Towers with Radar,316,28,15,0,359,0,1,21,0,22,316,29,36,0,381,0,0,0,381
10/14/2017,SMF,CA,AWP,WE,Towers with Radar,238,27,3,0,268,0,1,12,2,15,238,28,15,2,283,0,0,0,283
10/15/2017,SMF,CA,AWP,WE,Towers with Radar,283,16,3,0,302,0,2,9,0,11,283,18,12,0,313,0,0,0,313
10/16/2017,SMF,CA,AWP,WE,Towers with Radar,307,25,10,2,344,0,1,6,0,7,307,26,16,2,351,0,0,0,351
10/17/2017,SMF,CA,AWP,WE,Towers with Radar,289,29,7,0,325,0,0,10,0,10,289,29,17,0,335,0,0,0,335
10/18/2017,SMF,CA,AWP,WE,Towers with Radar,306,32,15,5,358,0,2,13,0,15,306,34,28,5,373,0,10,10,383
10/19/2017,SMF,CA,AWP,WE,Towers with Radar,306,28,9,10,353,0,3,7,3,13,306,31,16,13,366,2,14,16,382
10/20/2017,SMF,CA,AWP,WE,Towers with Radar,330,28,7,0,365,0,0,10,0,10,330,28,17,0,375,0,0,0,375
10/21/2017,SMF,CA,AWP,WE,Towers with Radar,233,26,4,0,263,0,1,12,0,13,233,27,16,0,276,0,0,0,276
10/22/2017,SMF,CA,AWP,WE,Towers with Radar,290,13,3,0,306,0,0,2,0,2,290,13,5,0,308,0,0,0,308
10/23/2017,SMF,CA,AWP,WE,Towers with Radar,314,27,7,1,349,0,0,13,3,16,314,27,20,4,365,26,10,36,401
10/24/2017,SMF,CA,AWP,WE,Towers with Radar,299,29,4,0,332,0,2,28,2,32,299,31,32,2,364,0,0,0,364
10/25/2017,SMF,CA,AWP,WE,Towers with Radar,305,35,12,0,352,0,2,14,0,16,305,37,26,0,368,22,0,22,390
10/26/2017,SMF,CA,AWP,WE,Towers with Radar,308,36,7,3,354,0,1,15,1,17,308,37,22,4,371,0,6,6,377
10/27/2017,SMF,CA,AWP,WE,Towers with Radar,313,38,6,0,357,0,0,13,0,13,313,38,19,0,370,0,0,0,370
10/28/2017,SMF,CA,AWP,WE,Towers with Radar,230,21,6,0,257,0,0,9,0,9,230,21,15,0,266,0,0,0,266
10/29/2017,SMF,CA,AWP,WE,Towers with Radar,289,20,6,2,317,0,2,8,2,12,289,22,14,4,329,0,46,46,375
10/30/2017,SMF,CA,AWP,WE,Towers with Radar,291,32,13,5,341,0,2,4,0,6,291,34,17,5,347,6,2,8,355
10/31/2017,SMF,CA,AWP,WE,Towers with Radar,259,36,9,2,306,0,2,8,2,12,259,38,17,4,318,0,24,24,342
11/01/2017,SMF,CA,AWP,WE,Towers with Radar,301,33,6,6,346,0,2,17,0,19,301,35,23,6,365,6,2,8,373
11/02/2017,SMF,CA,AWP,WE,Towers with Radar,302,34,5,0,341,0,0,2,0,2,302,34,7,0,343,0,0,0,343
11/03/2017,SMF,CA,AWP,WE,Towers with Radar,299,32,6,1,338,0,0,4,0,4,299,32,10,1,342,0,0,0,342
11/04/2017,SMF,CA,AWP,WE,Towers with Radar,228,19,5,0,252,0,0,0,0,0,228,19,5,0,252,0,0,0,252
11/05/2017,SMF,CA,AWP,WE,Towers with Radar,268,17,10,0,295,0,0,4,0,4,268,17,14,0,299,0,0,0,299
11/06/2017,SMF,CA,AWP,WE,Towers with Radar,303,34,7,2,346,0,0,12,2,14,303,34,19,4,360,0,0,0,360
11/07/2017,SMF,CA,AWP,WE,Towers with Radar,299,33,7,0,339,0,1,21,0,22,299,34,28,0,361,0,0,0,361
11/08/2017,SMF,CA,AWP,WE,Towers with Radar,305,30,12,2,349,0,1,6,2,9,305,31,18,4,358,0,10,10,368
11/09/2017,SMF,CA,AWP,WE,Towers with Radar,315,41,12,0,368,0,2,1,0,3,315,43,13,0,371,0,0,0,371
11/10/2017,SMF,CA,AWP,WE,Towers with Radar,309,34,15,0,358,0,0,8,0,8,309,34,23,0,366,0,0,0,366
11/11/2017,SMF,CA,AWP,WE,Towers with Radar,233,17,7,0,257,0,3,1,0,4,233,20,8,0,261,0,0,0,261
11/12/2017,SMF,CA,AWP,WE,Towers with Radar,274,13,8,2,297,0,0,5,0,5,274,13,13,2,302,0,0,0,302
11/13/2017,SMF,CA,AWP,WE,Towers with Radar,305,30,10,1,346,0,0,4,5,9,305,30,14,6,355,0,32,32,387
11/14/2017,SMF,CA,AWP,WE,Towers with Radar,299,35,10,0,344,0,0,11,0,11,299,35,21,0,355,0,0,0,355
11/15/2017,SMF,CA,AWP,WE,Towers with Radar,304,37,14,0,355,0,0,3,0,3,304,37,17,0,358,0,0,0,358
11/16/2017,SMF,CA,AWP,WE,Towers with Radar,315,31,24,0,370,0,0,0,0,0,315,31,24,0,370,0,0,0,370
11/17/2017,SMF,CA,AWP,WE,Towers with Radar,307,32,13,2,354,0,1,25,0,26,307,33,38,2,380,0,14,14,394
11/18/2017,SMF,CA,AWP,WE,Towers with Radar,259,20,3,0,282,0,2,10,0,12,259,22,13,0,294,0,0,0,294
11/19/2017,SMF,CA,AWP,WE,Towers with Radar,271,17,3,0,291,0,0,9,0,9,271,17,12,0,300,0,0,0,300
11/20/2017,SMF,CA,AWP,WE,Towers with Radar,294,34,16,10,354,0,0,4,0,4,294,34,20,10,358,6,0,6,364
11/21/2017,SMF,CA,AWP,WE,Towers with Radar,300,34,14,0,348,0,0,13,0,13,300,34,27,0,361,0,0,0,361
11/22/2017,SMF,CA,AWP,WE,Towers with Radar,316,30,11,0,357,0,0,15,0,15,316,30,26,0,372,0,0,0,372
11/23/2017,SMF,CA,AWP,WE,Towers with Radar,207,19,0,0,226,0,0,2,0,2,207,19,2,0,228,0,0,0,228
11/24/2017,SMF,CA,AWP,WE,Towers with Radar,248,28,2,0,278,0,0,1,0,1,248,28,3,0,279,0,0,0,279
11/25/2017,SMF,CA,AWP,WE,Towers with Radar,285,15,10,0,310,0,0,2,2,4,285,15,12,2,314,0,4,4,318
11/26/2017,SMF,CA,AWP,WE,Towers with Radar,320,17,5,0,342,0,0,2,0,2,320,17,7,0,344,0,0,0,344
11/27/2017,SMF,CA,AWP,WE,Towers with Radar,323,30,14,2,369,0,0,13,0,13,323,30,27,2,382,0,8,8,390
11/28/2017,SMF,CA,AWP,WE,Towers with Radar,312,35,21,1,369,0,5,12,1,18,312,40,33,2,387,0,0,0,387
11/29/2017,SMF,CA,AWP,WE,Towers with Radar,301,36,14,3,354,0,2,10,0,12,301,38,24,3,366,12,8,20,386
11/30/2017,SMF,CA,AWP,WE,Towers with Radar,306,31,18,0,355,0,0,11,0,11,306,31,29,0,366,0,0,0,366
12/01/2017,SMF,CA,AWP,WE,Towers with Radar,306,28,14,0,348,0,0,5,0,5,306,28,19,0,353,0,0,0,353
12/02/2017,SMF,CA,AWP,WE,Towers with Radar,231,21,5,0,257,0,2,5,0,7,231,23,10,0,264,0,0,0,264
12/03/2017,SMF,CA,AWP,WE,Towers with Radar,261,12,9,0,282,0,0,6,0,6,261,12,15,0,288,0,0,0,288
12/04/2017,SMF,CA,AWP,WE,Towers with Radar,306,27,9,7,349,0,0,13,1,14,306,27,22,8,363,0,12,12,375
12/05/2017,SMF,CA,AWP,WE,Towers with Radar,297,35,11,0,343,0,1,14,2,17,297,36,25,2,360,0,0,0,360
12/06/2017,SMF,CA,AWP,WE,Towers with Radar,305,29,13,0,347,0,2,16,0,18,305,31,29,0,365,2,0,2,367
12/07/2017,SMF,CA,AWP,WE,Towers with Radar,305,27,10,1,343,0,1,16,1,18,305,28,26,2,361,0,0,0,361
12/08/2017,SMF,CA,AWP,WE,Towers with Radar,302,31,9,6,348,0,3,9,1,13,302,34,18,7,361,0,0,0,361
12/09/2017,SMF,CA,AWP,WE,Towers with Radar,231,16,7,4,258,0,1,8,0,9,231,17,15,4,267,0,0,0,267
12/10/2017,SMF,CA,AWP,WE,Towers with Radar,264,12,10,0,286,0,0,18,0,18,264,12,28,0,304,0,0,0,304
12/11/2017,SMF,CA,AWP,WE,Towers with Radar,300,24,10,0,334,0,0,16,2,18,300,24,26,2,352,0,0,0,352
12/12/2017,SMF,CA,AWP,WE,Towers with Radar,293,33,9,0,335,0,2,10,0,12,293,35,19,0,347,0,0,0,347
12/13/2017,SMF,CA,AWP,WE,Towers with Radar,311,34,11,1,357,0,0,12,0,12,311,34,23,1,369,0,0,0,369
12/14/2017,SMF,CA,AWP,WE,Towers with Radar,311,39,13,0,363,0,1,15,0,16,311,40,28,0,379,0,0,0,379
12/15/2017,SMF,CA,AWP,WE,Towers with Radar,306,34,14,4,358,0,0,12,3,15,306,34,26,7,373,0,0,0,373
12/16/2017,SMF,CA,AWP,WE,Towers with Radar,242,19,7,0,268,0,1,2,0,3,242,20,9,0,271,0,0,0,271
12/17/2017,SMF,CA,AWP,WE,Towers with Radar,267,11,11,0,289,0,0,4,0,4,267,11,15,0,293,0,0,0,293
12/18/2017,SMF,CA,AWP,WE,Towers with Radar,306,32,7,4,349,0,0,9,0,9,306,32,16,4,358,6,4,10,368
12/19/2017,SMF,CA,AWP,WE,Towers with Radar,310,38,10,3,361,0,0,11,2,13,310,38,21,5,374,0,14,14,388
12/20/2017,SMF,CA,AWP,WE,Towers with Radar,311,31,5,0,347,0,2,5,0,7,311,33,10,0,354,0,0,0,354
12/21/2017,SMF,CA,AWP,WE,Towers with Radar,311,34,11,6,362,0,1,12,3,16,311,35,23,9,378,0,20,20,398
12/22/2017,SMF,CA,AWP,WE,Towers with Radar,314,28,10,3,355,0,1,11,1,13,314,29,21,4,368,0,0,0,368
12/23/2017,SMF,CA,AWP,WE,Towers with Radar,267,16,6,0,289,0,1,4,1,6,267,17,10,1,295,0,0,0,295
12/24/2017,SMF,CA,AWP,WE,Towers with Radar,223,10,1,0,234,0,0,0,0,0,223,10,1,0,234,0,0,0,234
12/25/2017,SMF,CA,AWP,WE,Towers with Radar,240,9,0,0,249,0,0,0,0,0,240,9,0,0,249,0,0,0,249
12/26/2017,SMF,CA,AWP,WE,Towers with Radar,288,21,7,0,316,0,0,12,0,12,288,21,19,0,328,0,0,0,328
12/27/2017,SMF,CA,AWP,WE,Towers with Radar,320,20,10,0,350,0,1,8,0,9,320,21,18,0,359,0,0,0,359
12/28/2017,SMF,CA,AWP,WE,Towers with Radar,306,27,11,1,345,0,0,9,3,12,306,27,20,4,357,0,0,0,357
12/29/2017,SMF,CA,AWP,WE,Towers with Radar,302,28,8,0,338,0,0,8,0,8,302,28,16,0,346,0,0,0,346
12/30/2017,SMF,CA,AWP,WE,Towers with Radar,271,16,4,0,291,0,0,9,0,9,271,16,13,0,300,0,0,0,300
12/31/2017,SMF,CA,AWP,WE,Towers with Radar,220,10,3,0,233,0,1,3,0,4,220,11,6,0,237,0,0,0,237
01/01/2018,SMF,CA,AWP,WE,Towers with Radar,283,11,0,0,294,0,0,7,0,7,283,11,7,0,301,0,0,0,301
01/02/2018,SMF,CA,AWP,WE,Towers with Radar,288,28,8,0,324,0,0,13,0,13,288,28,21,0,337,0,0,0,337
01/03/2018,SMF,CA,AWP,WE,Towers with Radar,301,28,21,4,354,0,0,8,0,8,301,28,29,4,362,0,0,0,362
01/04/2018,SMF,CA,AWP,WE,Towers with Radar,290,32,13,1,336,0,0,3,1,4,290,32,16,2,340,0,30,30,370
01/05/2018,SMF,CA,AWP,WE,Towers with Radar,294,29,10,0,333,0,0,1,0,1,294,29,11,0,334,0,0,0,334
01/06/2018,SMF,CA,AWP,WE,Towers with Radar,245,15,6,0,266,0,0,6,0,6,245,15,12,0,272,0,0,0,272
01/07/2018,SMF,CA,AWP,WE,Towers with Radar,277,12,5,0,294,0,0,5,0,5,277,12,10,0,299,0,0,0,299
01/08/2018,SMF,CA,AWP,WE,Towers with Radar,285,26,15,0,326,0,0,0,0,0,285,26,15,0,326,0,0,0,326
01/09/2018,SMF,CA,AWP,WE,Towers with Radar,272,33,9,2,316,0,0,0,0,0,272,33,9,2,316,0,0,0,316
01/10/2018,SMF,CA,AWP,WE,Towers with Radar,282,34,9,0,325,0,0,2,0,2,282,34,11,0,327,0,0,0,327
01/11/2018,SMF,CA,AWP,WE,Towers with Radar,282,39,21,3,345,0,2,7,1,10,282,41,28,4,355,0,0,0,355
01/12/2018,SMF,CA,AWP,WE,Towers with Radar,280,30,12,4,326,0,0,12,0,12,280,30,24,4,338,16,6,22,360
01/13/2018,SMF,CA,AWP,WE,Towers with Radar,204,19,16,0,239,0,0,1,0,1,204,19,17,0,240,0,0,0,240
01/14/2018,SMF,CA,AWP,WE,Towers with Radar,244,16,5,0,265,0,0,0,0,0,244,16,5,0,265,0,0,0,265
01/15/2018,SMF,CA,AWP,WE,Towers with Radar,270,32,9,0,311,0,0,0,0,0,270,32,9,0,311,0,0,0,311
01/16/2018,SMF,CA,AWP,WE,Towers with Radar,273,29,13,4,319,0,1,0,0,1,273,30,13,4,320,0,0,0,320
01/17/2018,SMF,CA,AWP,WE,Towers with Radar,276,25,21,0,322,0,0,0,0,0,276,25,21,0,322,0,0,0,322
01/18/2018,SMF,CA,AWP,WE,Towers with Radar,285,32,9,2,328,0,0,0,0,0,285,32,9,2,328,0,0,0,328
01/19/2018,SMF,CA,AWP,WE,Towers with Radar,272,38,14,0,324,0,0,8,0,8,272,38,22,0,332,6,0,6,338
01/20/2018,SMF,CA,AWP,WE,Towers with Radar,199,19,4,0,222,0,0,18,0,18,199,19,22,0,240,22,0,22,262
01/21/2018,SMF,CA,AWP,WE,Towers with Radar,234,18,7,0,259,0,1,2,0,3,234,19,9,0,262,0,0,0,262
01/22/2018,SMF,CA,AWP,WE,Towers with Radar,276,30,13,0,319,0,0,0,0,0,276,30,13,0,319,0,0,0,319
01/23/2018,SMF,CA,AWP,WE,Towers with Radar,267,31,18,0,316,0,0,13,0,13,267,31,31,0,329,0,0,0,329
01/24/2018,SMF,CA,AWP,WE,Towers with Radar,280,31,16,0,327,0,0,2,0,2,280,31,18,0,329,0,0,0,329
01/25/2018,SMF,CA,AWP,WE,Towers with Radar,272,35,12,6,325,0,0,5,0,5,272,35,17,6,330,0,0,0,330
01/26/2018,SMF,CA,AWP,WE,Towers with Radar,278,34,6,2,320,0,0,4,0,4,278,34,10,2,324,0,0,0,324
01/27/2018,SMF,CA,AWP,WE,Towers with Radar,201,16,4,0,221,0,0,4,0,4,201,16,8,0,225,0,0,0,225
01/28/2018,SMF,CA,AWP,WE,Towers with Radar,245,14,10,2,271,0,0,8,0,8,245,14,18,2,279,0,0,0,279
01/29/2018,SMF,CA,AWP,WE,Towers with Radar,269,30,15,2,316,0,1,14,2,17,269,31,29,4,333,6,10,16,349
01/30/2018,SMF,CA,AWP,WE,Towers with Radar,283,31,4,2,320,0,1,4,0,5,283,32,8,2,325,0,0,0,325
01/31/2018,SMF,CA,AWP,WE,Towers with Radar,282,32,12,0,326,0,0,5,4,9,282,32,17,4,335,0,14,14,349
02/01/2018,SMF,CA,AWP,WE,Towers with Radar,275,34,8,0,317,0,2,13,0,15,275,36,21,0,332,0,0,0,332
02/02/2018,SMF,CA,AWP,WE,Towers with Radar,283,36,20,4,343,0,0,15,0,15,283,36,35,4,358,8,6,14,372
02/03/2018,SMF,CA,AWP,WE,Towers with Radar,200,20,4,0,224,0,2,14,0,16,200,22,18,0,240,0,0,0,240
02/04/2018,SMF,CA,AWP,WE,Towers with Radar,221,12,4,0,237,0,0,4,0,4,221,12,8,0,241,0,0,0,241
02/05/2018,SMF,CA,AWP,WE,Towers with Radar,272,27,18,0,317,0,0,12,1,13,272,27,30,1,330,0,0,0,330
02/06/2018,SMF,CA,AWP,WE,Towers with Radar,264,29,7,0,300,0,2,10,0,12,264,31,17,0,312,0,0,0,312
02/07/2018,SMF,CA,AWP,WE,Towers with Radar,274,27,14,0,315,0,3,8,0,11,274,30,22,0,326,0,0,0,326
02/08/2018,SMF,CA,AWP,WE,Towers with Radar,275,31,10,2,318,0,0,11,0,11,275,31,21,2,329,2,0,2,331
02/09/2018,SMF,CA,AWP,WE,Towers with Radar,276,31,17,0,324,0,1,3,6,10,276,32,20,6,334,0,16,16,350
02/10/2018,SMF,CA,AWP,WE,Towers with Radar,202,19,1,0,222,0,0,9,0,9,202,19,10,0,231,0,0,0,231
02/11/2018,SMF,CA,AWP,WE,Towers with Radar,243,16,1,0,260,0,0,4,0,4,243,16,5,0,264,0,0,0,264
02/12/2018,SMF,CA,AWP,WE,Towers with Radar,275,30,13,7,325,0,1,8,1,10,275,31,21,8,335,0,0,0,335
02/13/2018,SMF,CA,AWP,WE,Towers with Radar,265,32,7,0,304,0,0,6,1,7,265,32,13,1,311,0,0,0,311
02/14/2018,SMF,CA,AWP,WE,Towers with Radar,237,34,7,0,278,0,0,8,0,8,237,34,15,0,286,0,0,0,286
02/15/2018,SMF,CA,AWP,WE,Towers with Radar,278,34,17,1,330,0,1,17,1,19,278,35,34,2,349,0,6,6,355
02/16/2018,SMF,CA,AWP,WE,Towers with Radar,284,34,8,0,326,0,0,8,0,8,284,34,16,0,334,0,0,0,334
02/17/2018,SMF,CA,AWP,WE,Towers with Radar,207,21,7,0,235,0,0,13,0,13,207,21,20,0,248,0,0,0,248
02/18/2018,SMF,CA,AWP,WE,Towers with Radar,236,19,4,2,261,0,0,3,0,3,236,19,7,2,264,0,0,0,264
02/19/2018,SMF,CA,AWP,WE,Towers with Radar,276,30,6,0,312,0,0,7,0,7,276,30,13,0,319,0,0,0,319
02/20/2018,SMF,CA,AWP,WE,Towers with Radar,276,34,6,0,316,0,5,8,0,13,276,39,14,0,329,0,0,0,329
02/21/2018,SMF,CA,AWP,WE,Towers with Radar,281,39,11,1,332,0,0,9,1,10,281,39,20,2,342,8,0,8,350
02/22/2018,SMF,CA,AWP,WE,Towers with Radar,285,40,18,14,357,0,0,2,3,5,285,40,20,17,362,0,16,16,378
02/23/2018,SMF,CA,AWP,WE,Towers with Radar,282,35,7,2,326,0,0,10,0,10,282,35,17,2,336,0,14,14,350
02/24/2018,SMF,CA,AWP,WE,Towers with Radar,207,19,3,2,231,0,2,8,0,10,207,21,11,2,241,8,12,20,261
02/25/2018,SMF,CA,AWP,WE,Towers with Radar,251,22,13,0,286,0,0,5,0,5,251,22,18,0,291,0,0,0,291
02/26/2018,SMF,CA,AWP,WE,Towers with Radar,283,31,10,2,326,0,0,0,0,0,283,31,10,2,326,0,0,0,326
02/27/2018,SMF,CA,AWP,WE,Towers with Radar,275,29,9,1,314,0,0,8,1,9,275,29,17,2,323,0,0,0,323
02/28/2018,SMF,CA,AWP,WE,Towers with Radar,279,48,3,4,334,0,1,3,0,4,279,49,6,4,338,0,0,0,338
03/01/2018,SMF,CA,AWP,WE,Towers with Radar,277,38,7,0,322,0,0,0,0,0,277,38,7,0,322,0,6,6,328
03/02/2018,SMF,CA,AWP,WE,Towers with Radar,280,36,17,7,340,0,1,1,2,4,280,37,18,9,344,0,28,28,372
03/03/2018,SMF,CA,AWP,WE,Towers with Radar,215,17,4,0,236,0,0,2,0,2,215,17,6,0,238,0,0,0,238
03/04/2018,SMF,CA,AWP,WE,Towers with Radar,244,19,8,0,271,0,0,8,0,8,244,19,16,0,279,6,0,6,285
03/05/2018,SMF,CA,AWP,WE,Towers with Radar,275,29,7,5,316,0,0,8,0,8,275,29,15,5,324,18,0,18,342
03/06/2018,SMF,CA,AWP,WE,Towers with Radar,275,37,6,16,334,0,0,12,0,12,275,37,18,16,346,0,0,0,346
03/07/2018,SMF,CA,AWP,WE,Towers with Radar,273,40,3,1,317,0,0,9,2,11,273,40,12,3,328,0,0,0,328
03/08/2018,SMF,CA,AWP,WE,Towers with Radar,275,35,14,3,327,0,0,8,0,8,275,35,22,3,335,0,16,16,351
03/09/2018,SMF,CA,AWP,WE,Towers with Radar,278,33,15,14,340,0,3,5,3,11,278,36,20,17,351,0,0,0,351
03/10/2018,SMF,CA,AWP,WE,Towers with Radar,220,22,6,6,254,0,1,13,0,14,220,23,19,6,268,28,0,28,296
03/11/2018,SMF,CA,AWP,WE,Towers with Radar,266,22,3,0,291,0,0,3,0,3,266,22,6,0,294,0,0,0,294
03/12/2018,SMF,CA,AWP,WE,Towers with Radar,294,32,8,0,334,0,1,13,0,14,294,33,21,0,348,6,0,6,354
03/13/2018,SMF,CA,AWP,WE,Towers with Radar,288,32,3,4,327,0,0,1,0,1,288,32,4,4,328,0,0,0,328
03/14/2018,SMF,CA,AWP,WE,Towers with Radar,294,32,17,8,351,0,1,10,0,11,294,33,27,8,362,0,0,0,362
03/15/2018,SMF,CA,AWP,WE,Towers with Radar,295,31,6,10,342,0,0,1,2,3,295,31,7,12,345,0,32,32,377
03/16/2018,SMF,CA,AWP,WE,Towers with Radar,289,43,14,3,349,0,0,1,1,2,289,43,15,4,351,0,6,6,357
03/17/2018,SMF,CA,AWP,WE,Towers with Radar,226,23,12,0,261,0,1,1,0,2,226,24,13,0,263,0,0,0,263
03/18/2018,SMF,CA,AWP,WE,Towers with Radar,268,23,9,0,300,0,0,8,0,8,268,23,17,0,308,0,0,0,308
03/19/2018,SMF,CA,AWP,WE,Towers with Radar,296,28,17,2,343,0,0,18,1,19,296,28,35,3,362,14,8,22,384
03/20/2018,SMF,CA,AWP,WE,Towers with Radar,285,36,16,1,338,0,0,6,1,7,285,36,22,2,345,6,14,20,365
03/21/2018,SMF,CA,AWP,WE,Towers with Radar,287,29,11,6,333,0,0,0,0,0,287,29,11,6,333,0,0,0,333
03/22/2018,SMF,CA,AWP,WE,Towers with Radar,295,31,15,2,343,0,0,3,0,3,295,31,18,2,346,8,0,8,354
03/23/2018,SMF,CA,AWP,WE,Towers with Radar,294,42,14,0,350,0,0,11,1,12,294,42,25,1,362,0,0,0,362
03/24/2018,SMF,CA,AWP,WE,Towers with Radar,226,23,4,0,253,0,3,3,0,6,226,26,7,0,259,0,0,0,259
03/25/2018,SMF,CA,AWP,WE,Towers with Radar,266,19,7,0,292,0,0,6,0,6,266,19,13,0,298,0,0,0,298
03/26/2018,SMF,CA,AWP,WE,Towers with Radar,292,30,11,0,333,0,0,14,0,14,292,30,25,0,347,26,0,26,373
03/27/2018,SMF,CA,AWP,WE,Towers with Radar,288,30,13,0,331,0,0,19,2,21,288,30,32,2,352,34,6,40,392
03/28/2018,SMF,CA,AWP,WE,Towers with Radar,288,36,7,0,331,0,2,11,1,14,288,38,18,1,345,36,0,36,381
03/29/2018,SMF,CA,AWP,WE,Towers with Radar,301,40,12,0,353,0,2,13,2,17,301,42,25,2,370,18,0,18,388
03/30/2018,SMF,CA,AWP,WE,Towers with Radar,293,34,3,0,330,0,4,4,0,8,293,38,7,0,338,4,0,4,342
03/31/2018,SMF,CA,AWP,WE,Towers with Radar,220,21,6,0,247,0,10,32,1,43,220,31,38,1,290,42,0,42,332
04/01/2018,SMF,CA,AWP,WE,Towers with Radar,268,20,2,0,290,0,2,3,0,5,268,22,5,0,295,0,0,0,295
04/02/2018,SMF,CA,AWP,WE,Towers with Radar,288,32,4,3,327,0,1,13,1,15,288,33,17,4,342,0,2,2,344
04/03/2018,SMF,CA,AWP,WE,Towers with Radar,283,35,4,0,322,0,0,13,2,15,283,35,17,2,337,26,6,32,369
04/04/2018,SMF,CA,AWP,WE,Towers with Radar,295,37,5,8,345,0,0,12,0,12,295,37,17,8,357,12,0,12,369
04/05/2018,SMF,CA,AWP,WE,Towers with Radar,291,45,14,2,352,0,2,14,0,16,291,47,28,2,368,0,0,0,368
04/06/2018,SMF,CA,AWP,WE,Towers with Radar,295,35,16,0,346,0,0,0,0,0,295,35,16,0,346,0,0,0,346
04/07/2018,SMF,CA,AWP,WE,Towers with Radar,226,24,6,0,256,0,0,1,0,1,226,24,7,0,257,0,0,0,257
04/08/2018,SMF,CA,AWP,WE,Towers with Radar,277,17,9,0,303,0,0,8,0,8,277,17,17,0,311,14,0,14,325
04/09/2018,SMF,CA,AWP,WE,Towers with Radar,307,31,6,4,348,0,1,15,0,16,307,32,21,4,364,0,0,0,364
04/10/2018,SMF,CA,AWP,WE,Towers with Radar,305,32,9,0,346,0,2,15,1,18,305,34,24,1,364,8,14,22,386
04/11/2018,SMF,CA,AWP,WE,Towers with Radar,308,41,11,4,364,0,1,9,4,14,308,42,20,8,378,12,0,12,390
04/12/2018,SMF,CA,AWP,WE,Towers with Radar,310,39,7,0,356,0,0,16,0,16,310,39,23,0,372,26,0,26,398
04/13/2018,SMF,CA,AWP,WE,Towers with Radar,310,32,2,4,348,0,4,9,0,13,310,36,11,4,361,4,0,4,365
04/14/2018,SMF,CA,AWP,WE,Towers with Radar,241,17,6,0,264,0,0,8,0,8,241,17,14,0,272,0,0,0,272
04/15/2018,SMF,CA,AWP,WE,Towers with Radar,278,18,9,0,305,0,0,4,0,4,278,18,13,0,309,0,0,0,309
04/16/2018,SMF,CA,AWP,WE,Towers with Radar,305,25,21,6,357,0,0,10,0,10,305,25,31,6,367,0,0,0,367
04/17/2018,SMF,CA,AWP,WE,Towers with Radar,306,31,7,0,344,0,0,10,0,10,306,31,17,0,354,0,0,0,354
04/18/2018,SMF,CA,AWP,WE,Towers with Radar,300,32,11,7,350,0,0,13,1,14,300,32,24,8,364,30,12,42,406
04/19/2018,SMF,CA,AWP,WE,Towers with Radar,308,36,11,5,360,0,2,11,3,16,308,38,22,8,376,0,26,26,402
04/20/2018,SMF,CA,AWP,WE,Towers with Radar,309,33,9,5,356,0,0,13,2,15,309,33,22,7,371,0,16,16,387
04/21/2018,SMF,CA,AWP,WE,Towers with Radar,241,21,12,3,277,0,0,10,0,10,241,21,22,3,287,42,0,42,329
04/22/2018,SMF,CA,AWP,WE,Towers with Radar,284,20,8,0,312,0,1,13,0,14,284,21,21,0,326,42,0,42,368
04/23/2018,SMF,CA,AWP,WE,Towers with Radar,303,30,2,0,335,0,0,10,0,10,303,30,12,0,345,42,0,42,387
04/24/2018,SMF,CA,AWP,WE,Towers with Radar,295,36,4,0,335,0,1,18,0,19,295,37,22,0,354,18,0,18,372
04/25/2018,SMF,CA,AWP,WE,Towers with Radar,300,35,10,2,347,0,0,12,3,15,300,35,22,5,362,26,26,52,414
04/26/2018,SMF,CA,AWP,WE,Towers with Radar,307,34,8,1,350,0,0,13,1,14,307,34,21,2,364,8,0,8,372
04/27/2018,SMF,CA,AWP,WE,Towers with Radar,312,38,17,0,367,0,0,16,0,16,312,38,33,0,383,0,0,0,383
04/28/2018,SMF,CA,AWP,WE,Towers with Radar,238,19,1,1,259,0,3,4,0,7,238,22,5,1,266,14,0,14,280
04/29/2018,SMF,CA,AWP,WE,Towers with Radar,287,25,4,0,316,0,0,8,0,8,287,25,12,0,324,0,0,0,324
04/30/2018,SMF,CA,AWP,WE,Towers with Radar,311,31,8,2,352,0,2,15,2,19,311,33,23,4,371,22,22,44,415
05/01/2018,SMF,CA,AWP,WE,Towers with Radar,293,34,6,0,333,0,1,18,0,19,293,35,24,0,352,10,0,10,362
05/02/2018,SMF,CA,AWP,WE,Towers with Radar,306,34,7,2,349,0,1,16,0,17,306,35,23,2,366,2,0,2,368
05/03/2018,SMF,CA,AWP,WE,Towers with Radar,304,35,7,5,351,0,0,10,4,14,304,35,17,9,365,2,12,14,379
05/04/2018,SMF,CA,AWP,WE,Towers with Radar,324,39,3,4,370,0,1,8,0,9,324,40,11,4,379,0,0,0,379
05/05/2018,SMF,CA,AWP,WE,Towers with Radar,243,26,2,0,271,0,1,5,0,6,243,27,7,0,277,0,0,0,277
05/06/2018,SMF,CA,AWP,WE,Towers with Radar,289,15,8,0,312,0,0,9,0,9,289,15,17,0,321,0,0,0,321
05/07/2018,SMF,CA,AWP,WE,Towers with Radar,315,29,13,0,357,0,2,11,1,14,315,31,24,1,371,0,0,0,371
05/08/2018,SMF,CA,AWP,WE,Towers with Radar,309,34,6,4,353,0,1,5,1,7,309,35,11,5,360,0,16,16,376
05/09/2018,SMF,CA,AWP,WE,Towers with Radar,310,43,5,2,360,0,1,4,2,7,310,44,9,4,367,0,10,10,377
05/10/2018,SMF,CA,AWP,WE,Towers with Radar,312,38,2,4,356,0,0,13,0,13,312,38,15,4,369,12,0,12,381
05/11/2018,SMF,CA,AWP,WE,Towers with Radar,324,38,6,2,370,0,3,3,0,6,324,41,9,2,376,0,4,4,380
05/12/2018,SMF,CA,AWP,WE,Towers with Radar,240,22,1,0,263,0,1,10,0,11,240,23,11,0,274,0,0,0,274
05/13/2018,SMF,CA,AWP,WE,Towers with Radar,284,16,3,0,303,0,2,10,0,12,284,18,13,0,315,0,0,0,315
05/14/2018,SMF,CA,AWP,WE,Towers with Radar,310,29,11,0,350,0,0,13,0,13,310,29,24,0,363,2,0,2,365
05/15/2018,SMF,CA,AWP,WE,Towers with Radar,306,36,9,2,353,0,2,7,0,9,306,38,16,2,362,16,2,18,380
05/16/2018,SMF,CA,AWP,WE,Towers with Radar,318,41,15,0,374,0,0,12,3,15,318,41,27,3,389,24,2,26,415
05/17/2018,SMF,CA,AWP,WE,Towers with Radar,318,33,21,5,377,0,4,5,1,10,318,37,26,6,387,0,14,14,401
05/18/2018,SMF,CA,AWP,WE,Towers with Radar,321,33,19,3,376,0,4,9,3,16,321,37,28,6,392,2,10,12,404
05/19/2018,SMF,CA,AWP,WE,Towers with Radar,248,20,5,0,273,0,2,4,0,6,248,22,9,0,279,0,0,0,279
05/20/2018,SMF,CA,AWP,WE,Towers with Radar,290,16,9,0,315,0,1,6,0,7,290,17,15,0,322,36,0,36,358
05/21/2018,SMF,CA,AWP,WE,Towers with Radar,316,30,14,0,360,0,0,2,0,2,316,30,16,0,362,0,0,0,362
05/22/2018,SMF,CA,AWP,WE,Towers with Radar,322,33,11,0,366,0,2,17,0,19,322,35,28,0,385,14,0,14,399
05/23/2018,SMF,CA,AWP,WE,Towers with Radar,320,35,6,2,363,0,2,8,0,10,320,37,14,2,373,44,6,50,423
05/24/2018,SMF,CA,AWP,WE,Towers with Radar,322,32,16,0,370,0,0,14,0,14,322,32,30,0,384,0,0,0,384
05/25/2018,SMF,CA,AWP,WE,Towers with Radar,314,35,12,0,361,0,0,6,0,6,314,35,18,0,367,0,0,0,367
05/26/2018,SMF,CA,AWP,WE,Towers with Radar,255,20,4,0,279,0,0,3,0,3,255,20,7,0,282,0,0,0,282
05/27/2018,SMF,CA,AWP,WE,Towers with Radar,254,13,0,0,267,0,0,5,0,5,254,13,5,0,272,0,0,0,272
05/28/2018,SMF,CA,AWP,WE,Towers with Radar,289,15,2,0,306,0,0,6,0,6,289,15,8,0,312,12,0,12,324
05/29/2018,SMF,CA,AWP,WE,Towers with Radar,312,28,10,0,350,0,0,8,0,8,312,28,18,0,358,0,0,0,358
05/30/2018,SMF,CA,AWP,WE,Towers with Radar,313,41,9,5,368,0,0,12,2,14,313,41,21,7,382,20,0,20,402
05/31/2018,SMF,CA,AWP,WE,Towers with Radar,319,39,7,1,366,0,0,10,0,10,319,39,17,1,376,0,14,14,390
06/01/2018,SMF,CA,AWP,WE,Towers with Radar,327,37,8,4,376,0,0,27,4,31,327,37,35,8,407,0,20,20,427
06/02/2018,SMF,CA,AWP,WE,Towers with Radar,247,25,6,0,278,0,3,6,0,9,247,28,12,0,287,14,0,14,301
06/03/2018,SMF,CA,AWP,WE,Towers with Radar,294,16,8,0,318,0,1,8,0,9,294,17,16,0,327,8,6,14,341
06/04/2018,SMF,CA,AWP,WE,Towers with Radar,316,28,11,1,356,0,1,10,2,13,316,29,21,3,369,0,0,0,369
06/05/2018,SMF,CA,AWP,WE,Towers with Radar,317,31,4,0,352,0,2,6,0,8,317,33,10,0,360,16,0,16,376
06/06/2018,SMF,CA,AWP,WE,Towers with Radar,310,41,11,0,362,0,0,9,0,9,310,41,20,0,371,0,0,0,371
06/07/2018,SMF,CA,AWP,WE,Towers with Radar,332,27,15,6,380,0,0,12,1,13,332,27,27,7,393,0,8,8,401
06/08/2018,SMF,CA,AWP,WE,Towers with Radar,338,24,8,0,370,0,1,18,2,21,338,25,26,2,391,0,12,12,403
06/09/2018,SMF,CA,AWP,WE,Towers with Radar,278,13,6,0,297,0,0,5,0,5,278,13,11,0,302,0,0,0,302
06/10/2018,SMF,CA,AWP,WE,Towers with Radar,306,11,8,0,325,0,0,18,0,18,306,11,26,0,343,0,0,0,343
06/11/2018,SMF,CA,AWP,WE,Towers with Radar,333,14,9,1,357,0,2,18,4,24,333,16,27,5,381,20,6,26,407
06/12/2018,SMF,CA,AWP,WE,Towers with Radar,332,18,10,0,360,0,2,19,0,21,332,20,29,0,381,18,0,18,399
06/13/2018,SMF,CA,AWP,WE,Towers with Radar,334,26,4,11,375,0,7,21,1,29,334,33,25,12,404,32,32,64,468
06/14/2018,SMF,CA,AWP,WE,Towers with Radar,328,26,10,1,365,0,2,22,1,25,328,28,32,2,390,0,0,0,390
06/15/2018,SMF,CA,AWP,WE,Towers with Radar,333,29,7,0,369,0,0,12,1,13,333,29,19,1,382,32,0,32,414
06/16/2018,SMF,CA,AWP,WE,Towers with Radar,269,14,7,0,290,0,0,7,1,8,269,14,14,1,298,26,0,26,324
06/17/2018,SMF,CA,AWP,WE,Towers with Radar,305,6,7,0,318,0,0,5,0,5,305,6,12,0,323,0,0,0,323
06/18/2018,SMF,CA,AWP,WE,Towers with Radar,325,21,3,3,352,0,2,10,2,14,325,23,13,5,366,0,0,0,366
06/19/2018,SMF,CA,AWP,WE,Towers with Radar,329,21,8,2,360,0,6,18,1,25,329,27,26,3,385,0,0,0,385
06/20/2018,SMF,CA,AWP,WE,Towers with Radar,329,24,5,3,361,0,1,11,0,12,329,25,16,3,373,10,0,10,383
06/21/2018,SMF,CA,AWP,WE,Towers with Radar,335,24,15,10,384,0,5,12,3,20,335,29,27,13,404,32,56,88,492
06/22/2018,SMF,CA,AWP,WE,Towers with Radar,332,24,4,0,360,0,2,15,0,17,332,26,19,0,377,0,0,0,377
06/23/2018,SMF,CA,AWP,WE,Towers with Radar,272,10,4,0,286,0,2,7,1,10,272,12,11,1,296,0,0,0,296
06/24/2018,SMF,CA,AWP,WE,Towers with Radar,302,8,10,0,320,0,0,4,0,4,302,8,14,0,324,0,0,0,324
06/25/2018,SMF,CA,AWP,WE,Towers with Radar,332,25,8,0,365,0,4,12,0,16,332,29,20,0,381,32,0,32,413
06/26/2018,SMF,CA,AWP,WE,Towers with Radar,331,26,13,2,372,0,2,14,5,21,331,28,27,7,393,38,0,38,431
06/27/2018,SMF,CA,AWP,WE,Towers with Radar,332,29,5,1,367,0,4,16,1,21,332,33,21,2,388,38,6,44,432
06/28/2018,SMF,CA,AWP,WE,Towers with Radar,329,27,10,5,371,0,0,16,0,16,329,27,26,5,387,4,2,6,393
06/29/2018,SMF,CA,AWP,WE,Towers with Radar,338,29,11,3,381,0,0,13,2,15,338,29,24,5,396,20,16,36,432
06/30/2018,SMF,CA,AWP,WE,Towers with Radar,283,13,3,7,306,0,0,22,1,23,283,13,25,8,329,10,8,18,347
07/01/2018,SMF,CA,AWP,WE,Towers with Radar,304,6,5,2,317,0,0,5,0,5,304,6,10,2,322,2,8,10,332
07/02/2018,SMF,CA,AWP,WE,Towers with Radar,312,30,5,6,353,0,4,10,0,14,312,34,15,6,367,2,18,20,387
07/03/2018,SMF,CA,AWP,WE,Towers with Radar,278,22,10,3,313,0,2,11,0,13,278,24,21,3,326,12,0,12,338
07/04/2018,SMF,CA,AWP,WE,Towers with Radar,260,8,1,0,269,0,0,1,0,1,260,8,2,0,270,0,0,0,270
07/05/2018,SMF,CA,AWP,WE,Towers with Radar,308,20,4,4,336,0,0,10,0,10,308,20,14,4,346,0,4,4,350
07/06/2018,SMF,CA,AWP,WE,Towers with Radar,321,24,8,1,354,0,0,7,1,8,321,24,15,2,362,0,6,6,368
07/07/2018,SMF,CA,AWP,WE,Towers with Radar,275,13,9,0,297,0,2,6,0,8,275,15,15,0,305,0,0,0,305
07/08/2018,SMF,CA,AWP,WE,Towers with Radar,306,10,5,0,321,0,0,12,0,12,306,10,17,0,333,18,0,18,351
07/09/2018,SMF,CA,AWP,WE,Towers with Radar,326,15,6,4,351,0,0,6,5,11,326,15,12,9,362,0,24,24,386
07/10/2018,SMF,CA,AWP,WE,Towers with Radar,336,21,8,10,375,0,0,13,7,20,336,21,21,17,395,16,12,28,423
07/11/2018,SMF,CA,AWP,WE,Towers with Radar,330,23,11,0,364,0,0,16,0,16,330,23,27,0,380,0,0,0,380
07/12/2018,SMF,CA,AWP,WE,Towers with Radar,332,26,6,5,369,0,0,13,1,14,332,26,19,6,383,18,0,18,401
07/13/2018,SMF,CA,AWP,WE,Towers with Radar,337,30,3,0,370,0,0,13,1,14,337,30,16,1,384,20,0,20,404
07/14/2018,SMF,CA,AWP,WE,Towers with Radar,278,17,2,0,297,0,0,11,0,11,278,17,13,0,308,0,0,0,308
07/15/2018,SMF,CA,AWP,WE,Towers with Radar,305,12,6,0,323,0,2,12,0,14,305,14,18,0,337,0,0,0,337
07/16/2018,SMF,CA,AWP,WE,Towers with Radar,322,16,14,0,352,0,1,19,0,20,322,17,33,0,372,2,0,2,374
07/17/2018,SMF,CA,AWP,WE,Towers with Radar,334,21,5,5,365,0,5,15,5,25,334,26,20,10,390,34,0,34,424
07/18/2018,SMF,CA,AWP,WE,Towers with Radar,335,21,7,0,363,0,1,13,0,14,335,22,20,0,377,14,0,14,391
07/19/2018,SMF,CA,AWP,WE,Towers with Radar,329,26,9,0,364,0,6,8,0,14,329,32,17,0,378,2,0,2,380
07/20/2018,SMF,CA,AWP,WE,Towers with Radar,341,24,7,1,373,0,6,13,1,20,341,30,20,2,393,4,0,4,397
07/21/2018,SMF,CA,AWP,WE,Towers with Radar,278,17,2,0,297,0,0,21,0,21,278,17,23,0,318,0,0,0,318
07/22/2018,SMF,CA,AWP,WE,Towers with Radar,303,7,7,0,317,0,0,12,0,12,303,7,19,0,329,10,0,10,339
07/23/2018,SMF,CA,AWP,WE,Towers with Radar,321,23,6,2,352,0,5,16,6,27,321,28,22,8,379,26,10,36,415
07/24/2018,SMF,CA,AWP,WE,Towers with Radar,338,19,7,0,364,0,2,9,0,11,338,21,16,0,375,14,0,14,389
07/25/2018,SMF,CA,AWP,WE,Towers with Radar,329,27,7,8,371,0,4,18,6,28,329,31,25,14,399,60,10,70,469
07/26/2018,SMF,CA,AWP,WE,Towers with Radar,337,24,21,2,384,0,0,12,0,12,337,24,33,2,396,0,2,2,398
07/27/2018,SMF,CA,AWP,WE,Towers with Radar,336,25,10,2,373,0,2,26,0,28,336,27,36,2,401,18,0,18,419
07/28/2018,SMF,CA,AWP,WE,Towers with Radar,279,19,9,0,307,0,1,10,0,11,279,20,19,0,318,0,0,0,318
07/29/2018,SMF,CA,AWP,WE,Towers with Radar,314,9,9,0,332,0,1,17,0,18,314,10,26,0,350,0,0,0,350
07/30/2018,SMF,CA,AWP,WE,Towers with Radar,330,29,12,0,371,0,3,10,0,13,330,32,22,0,384,0,0,0,384
07/31/2018,SMF,CA,AWP,WE,Towers with Radar,330,23,6,0,359,0,1,7,0,8,330,24,13,0,367,2,0,2,369
08/01/2018,SMF,CA,AWP,WE,Towers with Radar,332,25,4,0,361,0,2,10,2,14,332,27,14,2,375,48,6,54,429
08/02/2018,SMF,CA,AWP,WE,Towers with Radar,325,23,14,2,364,0,4,12,2,18,325,27,26,4,382,36,0,36,418
08/03/2018,SMF,CA,AWP,WE,Towers with Radar,330,34,7,2,373,0,3,14,0,17,330,37,21,2,390,0,10,10,400
08/04/2018,SMF,CA,AWP,WE,Towers with Radar,277,18,5,0,300,0,0,10,0,10,277,18,15,0,310,0,0,0,310
08/05/2018,SMF,CA,AWP,WE,Towers with Radar,309,12,14,0,335,0,0,10,0,10,309,12,24,0,345,2,0,2,347
08/06/2018,SMF,CA,AWP,WE,Towers with Radar,323,27,7,2,359,0,1,2,0,3,323,28,9,2,362,0,0,0,362
08/07/2018,SMF,CA,AWP,WE,Towers with Radar,329,25,6,0,360,0,2,5,0,7,329,27,11,0,367,0,0,0,367
08/08/2018,SMF,CA,AWP,WE,Towers with Radar,314,30,2,5,351,0,0,4,0,4,314,30,6,5,355,0,6,6,361
08/09/2018,SMF,CA,AWP,WE,Towers with Radar,334,26,7,7,374,0,3,10,0,13,334,29,17,7,387,12,16,28,415
08/10/2018,SMF,CA,AWP,WE,Towers with Radar,343,27,4,0,374,0,4,10,4,18,343,31,14,4,392,0,0,0,392
08/11/2018,SMF,CA,AWP,WE,Towers with Radar,262,22,1,0,285,0,1,5,1,7,262,23,6,1,292,16,8,24,316
08/12/2018,SMF,CA,AWP,WE,Towers with Radar,302,17,3,1,323,0,0,12,0,12,302,17,15,1,335,0,6,6,341
08/13/2018,SMF,CA,AWP,WE,Towers with Radar,339,18,9,8,374,0,4,8,6,18,339,22,17,14,392,26,50,76,468
08/14/2018,SMF,CA,AWP,WE,Towers with Radar,325,28,9,0,362,0,0,6,0,6,325,28,15,0,368,0,0,0,368
08/15/2018,SMF,CA,AWP,WE,Towers with Radar,335,25,6,5,371,0,1,11,5,17,335,26,17,10,388,6,0,6,394
08/16/2018,SMF,CA,AWP,WE,Towers with Radar,330,25,5,6,366,0,0,13,7,20,330,25,18,13,386,14,36,50,436
08/17/2018,SMF,CA,AWP,WE,Towers with Radar,338,23,12,4,377,0,2,21,0,23,338,25,33,4,400,2,6,8,408
08/18/2018,SMF,CA,AWP,WE,Towers with Radar,262,18,0,0,280,0,0,7,0,7,262,18,7,0,287,0,0,0,287
08/19/2018,SMF,CA,AWP,WE,Towers with Radar,306,11,5,0,322,0,0,12,0,12,306,11,17,0,334,0,0,0,334
08/20/2018,SMF,CA,AWP,WE,Towers with Radar,327,19,11,4,361,0,1,12,5,18,327,20,23,9,379,0,44,44,423
08/21/2018,SMF,CA,AWP,WE,Towers with Radar,318,23,11,7,359,0,2,8,0,10,318,25,19,7,369,0,10,10,379
08/22/2018,SMF,CA,AWP,WE,Towers with Radar,325,22,12,1,360,0,0,15,1,16,325,22,27,2,376,0,24,24,400
08/23/2018,SMF,CA,AWP,WE,Towers with Radar,335,22,7,0,364,0,2,5,2,9,335,24,12,2,373,2,2,4,377
08/24/2018,SMF,CA,AWP,WE,Towers with Radar,326,25,5,3,359,0,2,10,0,12,326,27,15,3,371,2,10,12,383
08/25/2018,SMF,CA,AWP,WE,Towers with Radar,263,8,8,0,279,0,2,14,0,16,263,10,22,0,295,0,0,0,295
08/26/2018,SMF,CA,AWP,WE,Towers with Radar,310,7,7,0,324,0,0,11,0,11,310,7,18,0,335,0,0,0,335
08/27/2018,SMF,CA,AWP,WE,Towers with Radar,328,14,8,1,351,0,2,9,0,11,328,16,17,1,362,0,0,0,362
08/28/2018,SMF,CA,AWP,WE,Towers with Radar,318,20,5,0,343,0,2,12,0,14,318,22,17,0,357,6,0,6,363
08/29/2018,SMF,CA,AWP,WE,Towers with Radar,321,23,7,7,358,0,1,15,3,19,321,24,22,10,377,12,0,12,389
08/30/2018,SMF,CA,AWP,WE,Towers with Radar,336,27,10,0,373,0,4,16,0,20,336,31,26,0,393,20,0,20,413
08/31/2018,SMF,CA,AWP,WE,Towers with Radar,331,27,4,0,362,0,0,12,0,12,331,27,16,0,374,12,0,12,386
09/01/2018,SMF,CA,AWP,WE,Towers with Radar,245,8,7,0,260,0,2,11,0,13,245,10,18,0,273,30,0,30,303
09/02/2018,SMF,CA,AWP,WE,Towers with Radar,255,7,1,0,263,0,0,6,0,6,255,7,7,0,269,0,0,0,269
09/03/2018,SMF,CA,AWP,WE,Towers with Radar,307,12,3,0,322,0,0,3,0,3,307,12,6,0,325,0,0,0,325
09/04/2018,SMF,CA,AWP,WE,Towers with Radar,320,15,9,9,353,0,7,25,3,35,320,22,34,12,388,24,26,50,438
09/05/2018,SMF,CA,AWP,WE,Towers with Radar,325,23,6,0,354,0,2,22,0,24,325,25,28,0,378,22,0,22,400
09/06/2018,SMF,CA,AWP,WE,Towers with Radar,325,24,3,0,352,0,2,7,0,9,325,26,10,0,361,2,0,2,363
09/07/2018,SMF,CA,AWP,WE,Towers with Radar,333,30,8,4,375,0,0,18,0,18,333,30,26,4,393,20,0,20,413
09/08/2018,SMF,CA,AWP,WE,Towers with Radar,255,12,9,0,276,0,0,7,0,7,255,12,16,0,283,0,0,0,283
09/09/2018,SMF,CA,AWP,WE,Towers with Radar,308,7,3,0,318,0,0,22,0,22,308,7,25,0,340,0,0,0,340
09/10/2018,SMF,CA,AWP,WE,Towers with Radar,343,22,17,0,382,0,0,15,0,15,343,22,32,0,397,0,0,0,397
09/11/2018,SMF,CA,AWP,WE,Towers with Radar,320,20,5,5,350,0,2,14,1,17,320,22,19,6,367,10,16,26,393
09/12/2018,SMF,CA,AWP,WE,Towers with Radar,331,24,9,2,366,0,4,15,0,19,331,28,24,2,385,0,0,0,385
09/13/2018,SMF,CA,AWP,WE,Towers with Radar,340,29,10,2,381,0,0,8,0,8,340,29,18,2,389,12,0,12,401
09/14/2018,SMF,CA,AWP,WE,Towers with Radar,336,26,12,0,374,0,4,21,2,27,336,30,33,2,401,6,0,6,407
09/15/2018,SMF,CA,AWP,WE,Towers with Radar,253,11,3,0,267,0,0,7,0,7,253,11,10,0,274,4,0,4,278
09/16/2018,SMF,CA,AWP,WE,Towers with Radar,302,12,5,0,319,0,2,8,0,10,302,14,13,0,329,0,0,0,329
09/17/2018,SMF,CA,AWP,WE,Towers with Radar,339,15,11,0,365,0,4,10,2,16,339,19,21,2,381,0,0,0,381
09/18/2018,SMF,CA,AWP,WE,Towers with Radar,324,25,10,0,359,0,3,19,0,22,324,28,29,0,381,10,0,10,391
09/19/2018,SMF,CA,AWP,WE,Towers with Radar,329,20,10,7,366,0,0,26,1,27,329,20,36,8,393,2,6,8,401
09/20/2018,SMF,CA,AWP,WE,Towers with Radar,334,20,9,0,363,0,0,21,2,23,334,20,30,2,386,8,8,16,402
09/21/2018,SMF,CA,AWP,WE,Towers with Radar,349,26,14,1,390,0,0,10,2,12,349,26,24,3,402,0,0,0,402
09/22/2018,SMF,CA,AWP,WE,Towers with Radar,255,13,4,0,272,0,0,0,0,0,255,13,4,0,272,0,0,0,272
09/23/2018,SMF,CA,AWP,WE,Towers with Radar,301,7,10,0,318,0,0,18,0,18,301,7,28,0,336,40,0,40,376
09/24/2018,SMF,CA,AWP,WE,Towers with Radar,340,22,6,2,370,0,0,14,0,14,340,22,20,2,384,2,0,2,386
09/25/2018,SMF,CA,AWP,WE,Towers with Radar,325,20,11,1,357,0,2,18,3,23,325,22,29,4,380,0,0,0,380
09/26/2018,SMF,CA,AWP,WE,Towers with Radar,336,25,12,8,381,0,1,17,2,20,336,26,29,10,401,8,0,8,409
09/27/2018,SMF,CA,AWP,WE,Towers with Radar,336,26,19,2,383,0,0,4,1,5,336,26,23,3,388,0,2,2,390
09/28/2018,SMF,CA,AWP,WE,Towers with Radar,342,27,12,0,381,0,0,15,0,15,342,27,27,0,396,0,0,0,396
09/29/2018,SMF,CA,AWP,WE,Towers with Radar,256,11,6,0,273,0,0,7,0,7,256,11,13,0,280,0,0,0,280
09/30/2018,SMF,CA,AWP,WE,Towers with Radar,305,8,8,0,321,0,0,12,0,12,305,8,20,0,333,24,0,24,357
10/01/2018,SMF,CA,AWP,WE,Towers with Radar,335,18,7,10,370,0,0,8,2,10,335,18,15,12,380,0,16,16,396
10/02/2018,SMF,CA,AWP,WE,Towers with Radar,324,21,7,2,354,0,8,10,0,18,324,29,17,2,372,38,8,46,418
10/03/2018,SMF,CA,AWP,WE,Towers with Radar,334,24,8,3,369,0,0,5,1,6,334,24,13,4,375,0,0,0,375
10/04/2018,SMF,CA,AWP,WE,Towers with Radar,339,22,13,4,378,0,0,6,2,8,339,22,19,6,386,16,16,32,418
10/05/2018,SMF,CA,AWP,WE,Towers with Radar,350,19,9,2,380,0,3,18,1,22,350,22,27,3,402,0,0,0,402
10/06/2018,SMF,CA,AWP,WE,Towers with Radar,264,13,9,0,286,0,0,12,0,12,264,13,21,0,298,0,0,0,298
10/07/2018,SMF,CA,AWP,WE,Towers with Radar,304,7,5,0,316,0,0,10,4,14,304,7,15,4,330,0,0,0,330
10/08/2018,SMF,CA,AWP,WE,Towers with Radar,331,16,7,0,354,0,0,18,0,18,331,16,25,0,372,4,0,4,376
10/09/2018,SMF,CA,AWP,WE,Towers with Radar,331,20,7,11,369,0,0,12,3,15,331,20,19,14,384,10,24,34,418
10/10/2018,SMF,CA,AWP,WE,Towers with Radar,337,31,10,5,383,0,2,16,2,20,337,33,26,7,403,0,6,6,409
10/11/2018,SMF,CA,AWP,WE,Towers with Radar,339,21,3,4,367,0,2,14,0,16,339,23,17,4,383,0,0,0,383
10/12/2018,SMF,CA,AWP,WE,Towers with Radar,344,21,8,2,375,0,0,17,0,17,344,21,25,2,392,6,0,6,398
10/13/2018,SMF,CA,AWP,WE,Towers with Radar,265,12,3,0,280,0,0,12,0,12,265,12,15,0,292,10,0,10,302
10/14/2018,SMF,CA,AWP,WE,Towers with Radar,300,7,4,0,311,0,0,18,0,18,300,7,22,0,329,22,0,22,351
10/15/2018,SMF,CA,AWP,WE,Towers with Radar,337,20,15,3,375,0,3,19,4,26,337,23,34,7,401,0,14,14,415
10/16/2018,SMF,CA,AWP,WE,Towers with Radar,337,21,7,6,371,0,1,2,0,3,337,22,9,6,374,0,16,16,390
10/17/2018,SMF,CA,AWP,WE,Towers with Radar,338,24,18,3,383,0,0,14,3,17,338,24,32,6,400,20,4,24,424
10/18/2018,SMF,CA,AWP,WE,Towers with Radar,340,28,11,0,379,0,0,17,2,19,340,28,28,2,398,16,6,22,420
10/19/2018,SMF,CA,AWP,WE,Towers with Radar,344,28,11,5,388,0,1,13,3,17,344,29,24,8,405,2,16,18,423
10/20/2018,SMF,CA,AWP,WE,Towers with Radar,266,14,5,0,285,0,0,8,0,8,266,14,13,0,293,0,0,0,293
10/21/2018,SMF,CA,AWP,WE,Towers with Radar,303,12,4,0,319,0,0,15,0,15,303,12,19,0,334,0,0,0,334
10/22/2018,SMF,CA,AWP,WE,Towers with Radar,335,22,11,5,373,0,2,16,1,19,335,24,27,6,392,16,10,26,418
10/23/2018,SMF,CA,AWP,WE,Towers with Radar,329,29,12,1,371,0,1,6,3,10,329,30,18,4,381,0,16,16,397
10/24/2018,SMF,CA,AWP,WE,Towers with Radar,334,28,7,2,371,0,0,19,2,21,334,28,26,4,392,0,6,6,398
10/25/2018,SMF,CA,AWP,WE,Towers with Radar,338,28,5,0,371,0,0,12,0,12,338,28,17,0,383,6,0,6,389
10/26/2018,SMF,CA,AWP,WE,Towers with Radar,343,25,8,5,381,0,0,22,1,23,343,25,30,6,404,12,6,18,422
10/27/2018,SMF,CA,AWP,WE,Towers with Radar,264,13,4,0,281,0,1,15,0,16,264,14,19,0,297,26,0,26,323
10/28/2018,SMF,CA,AWP,WE,Towers with Radar,294,13,6,0,313,0,0,17,0,17,294,13,23,0,330,28,0,28,358
10/29/2018,SMF,CA,AWP,WE,Towers with Radar,321,26,7,0,354,0,0,8,2,10,321,26,15,2,364,0,0,0,364
10/30/2018,SMF,CA,AWP,WE,Towers with Radar,312,26,7,0,345,0,1,4,0,5,312,27,11,0,350,0,0,0,350
10/31/2018,SMF,CA,AWP,WE,Towers with Radar,268,20,11,10,309,0,1,3,4,8,268,21,14,14,317,0,0,0,317
11/01/2018,SMF,CA,AWP,WE,Towers with Radar,328,30,12,8,378,0,0,17,1,18,328,30,29,9,396,2,6,8,404
11/02/2018,SMF,CA,AWP,WE,Towers with Radar,339,23,11,2,375,0,0,9,0,9,339,23,20,2,384,2,0,2,386
11/03/2018,SMF,CA,AWP,WE,Towers with Radar,265,7,7,0,279,0,2,2,0,4,265,9,9,0,283,0,0,0,283
11/04/2018,SMF,CA,AWP,WE,Towers with Radar,310,11,1,0,322,0,0,8,0,8,310,11,9,0,330,0,0,0,330
11/05/2018,SMF,CA,AWP,WE,Towers with Radar,335,17,12,1,365,0,2,17,3,22,335,19,29,4,387,12,8,20,407
11/06/2018,SMF,CA,AWP,WE,Towers with Radar,336,23,8,0,367,0,3,10,0,13,336,26,18,0,380,0,0,0,380
11/07/2018,SMF,CA,AWP,WE,Towers with Radar,332,19,9,2,362,0,2,8,13,23,332,21,17,15,385,2,24,26,411
11/08/2018,SMF,CA,AWP,WE,Towers with Radar,346,21,8,4,379,0,0,16,1,17,346,21,24,5,396,0,6,6,402
11/09/2018,SMF,CA,AWP,WE,Towers with Radar,355,22,25,0,402,0,0,6,0,6,355,22,31,0,408,6,0,6,414
11/10/2018,SMF,CA,AWP,WE,Towers with Radar,262,6,11,0,279,0,0,1,0,1,262,6,12,0,280,0,0,0,280
11/11/2018,SMF,CA,AWP,WE,Towers with Radar,321,7,7,0,335,0,0,4,0,4,321,7,11,0,339,0,0,0,339
11/12/2018,SMF,CA,AWP,WE,Towers with Radar,337,19,15,0,371,0,0,1,0,1,337,19,16,0,372,0,0,0,372
11/13/2018,SMF,CA,AWP,WE,Towers with Radar,329,23,14,0,366,0,0,0,0,0,329,23,14,0,366,0,0,0,366
11/14/2018,SMF,CA,AWP,WE,Towers with Radar,322,39,18,0,379,0,0,1,0,1,322,39,19,0,380,0,0,0,380
11/15/2018,SMF,CA,AWP,WE,Towers with Radar,328,29,17,0,374,0,0,1,0,1,328,29,18,0,375,0,0,0,375
11/16/2018,SMF,CA,AWP,WE,Towers with Radar,326,19,12,2,359,0,0,0,0,0,326,19,12,2,359,0,0,0,359
11/17/2018,SMF,CA,AWP,WE,Towers with Radar,282,20,4,0,306,0,0,2,0,2,282,20,6,0,308,0,0,0,308
11/18/2018,SMF,CA,AWP,WE,Towers with Radar,305,5,10,0,320,0,0,2,0,2,305,5,12,0,322,0,0,0,322
11/19/2018,SMF,CA,AWP,WE,Towers with Radar,329,22,22,2,375,0,0,1,0,1,329,22,23,2,376,0,0,0,376
11/20/2018,SMF,CA,AWP,WE,Towers with Radar,331,25,15,0,371,0,0,11,0,11,331,25,26,0,382,0,0,0,382
11/21/2018,SMF,CA,AWP,WE,Towers with Radar,343,22,8,2,375,0,0,0,0,0,343,22,8,2,375,0,0,0,375
11/22/2018,SMF,CA,AWP,WE,Towers with Radar,231,7,3,0,241,0,0,3,0,3,231,7,6,0,244,2,0,2,246
11/23/2018,SMF,CA,AWP,WE,Towers with Radar,276,15,1,0,292,0,0,0,0,0,276,15,1,0,292,0,0,0,292
11/24/2018,SMF,CA,AWP,WE,Towers with Radar,315,17,10,0,342,0,0,1,0,1,315,17,11,0,343,0,0,0,343
11/25/2018,SMF,CA,AWP,WE,Towers with Radar,355,5,8,0,368,0,0,16,0,16,355,5,24,0,384,0,0,0,384
11/26/2018,SMF,CA,AWP,WE,Towers with Radar,348,18,10,3,379,0,0,11,0,11,348,18,21,3,390,4,0,4,394
11/27/2018,SMF,CA,AWP,WE,Towers with Radar,338,24,11,8,381,0,1,0,2,3,338,25,11,10,384,0,0,0,384
11/28/2018,SMF,CA,AWP,WE,Towers with Radar,321,29,10,4,364,0,0,3,0,3,321,29,13,4,367,0,0,0,367
11/29/2018,SMF,CA,AWP,WE,Towers with Radar,339,31,15,4,389,0,0,2,0,2,339,31,17,4,391,0,4,4,395
11/30/2018,SMF,CA,AWP,WE,Towers with Radar,351,29,15,0,395,0,0,9,0,9,351,29,24,0,404,0,0,0,404
12/01/2018,SMF,CA,AWP,WE,Towers with Radar,258,9,7,0,274,0,0,5,0,5,258,9,12,0,279,0,0,0,279
12/02/2018,SMF,CA,AWP,WE,Towers with Radar,299,9,7,0,315,0,0,18,0,18,299,9,25,0,333,0,0,0,333
12/03/2018,SMF,CA,AWP,WE,Towers with Radar,328,22,15,1,366,0,0,15,0,15,328,22,30,1,381,2,6,8,389
12/04/2018,SMF,CA,AWP,WE,Towers with Radar,332,23,14,3,372,0,2,5,0,7,332,25,19,3,379,0,0,0,379
12/05/2018,SMF,CA,AWP,WE,Towers with Radar,315,25,12,0,352,0,0,2,0,2,315,25,14,0,354,0,0,0,354
12/06/2018,SMF,CA,AWP,WE,Towers with Radar,334,29,8,2,373,0,2,17,0,19,334,31,25,2,392,2,0,2,394
12/07/2018,SMF,CA,AWP,WE,Towers with Radar,336,26,6,0,368,0,0,7,1,8,336,26,13,1,376,0,0,0,376
12/08/2018,SMF,CA,AWP,WE,Towers with Radar,251,12,1,1,265,0,0,3,0,3,251,12,4,1,268,0,0,0,268
12/09/2018,SMF,CA,AWP,WE,Towers with Radar,303,8,3,0,314,0,0,0,0,0,303,8,3,0,314,0,0,0,314
12/10/2018,SMF,CA,AWP,WE,Towers with Radar,328,22,16,1,367,0,2,8,0,10,328,24,24,1,377,0,0,0,377
12/11/2018,SMF,CA,AWP,WE,Towers with Radar,326,36,12,0,374,0,0,2,0,2,326,36,14,0,376,0,0,0,376
12/12/2018,SMF,CA,AWP,WE,Towers with Radar,327,30,5,2,364,0,2,11,0,13,327,32,16,2,377,4,0,4,381
12/13/2018,SMF,CA,AWP,WE,Towers with Radar,338,31,9,0,378,0,0,13,0,13,338,31,22,0,391,14,0,14,405
12/14/2018,SMF,CA,AWP,WE,Towers with Radar,341,33,21,0,395,0,0,3,0,3,341,33,24,0,398,0,0,0,398
12/15/2018,SMF,CA,AWP,WE,Towers with Radar,260,10,5,0,275,0,0,3,0,3,260,10,8,0,278,0,0,0,278
12/16/2018,SMF,CA,AWP,WE,Towers with Radar,303,10,6,0,319,0,0,2,0,2,303,10,8,0,321,0,0,0,321
12/17/2018,SMF,CA,AWP,WE,Towers with Radar,330,29,12,2,373,0,0,8,2,10,330,29,20,4,383,10,0,10,393
12/18/2018,SMF,CA,AWP,WE,Towers with Radar,336,29,11,8,384,0,0,7,4,11,336,29,18,12,395,0,24,24,419
12/19/2018,SMF,CA,AWP,WE,Towers with Radar,336,32,15,2,385,0,3,5,0,8,336,35,20,2,393,0,2,2,395
12/20/2018,SMF,CA,AWP,WE,Towers with Radar,330,33,21,4,388,0,0,2,0,2,330,33,23,4,390,0,0,0,390
12/21/2018,SMF,CA,AWP,WE,Towers with Radar,356,30,7,0,393,0,2,3,0,5,356,32,10,0,398,0,0,0,398
12/22/2018,SMF,CA,AWP,WE,Towers with Radar,317,13,3,0,333,0,1,3,0,4,317,14,6,0,337,0,0,0,337
12/23/2018,SMF,CA,AWP,WE,Towers with Radar,332,7,2,0,341,0,0,10,0,10,332,7,12,0,351,0,0,0,351
12/24/2018,SMF,CA,AWP,WE,Towers with Radar,263,15,2,0,280,0,0,0,0,0,263,15,2,0,280,0,0,0,280
12/25/2018,SMF,CA,AWP,WE,Towers with Radar,254,15,2,0,271,0,0,1,0,1,254,15,3,0,272,0,0,0,272
12/26/2018,SMF,CA,AWP,WE,Towers with Radar,326,20,9,0,355,0,1,12,0,13,326,21,21,0,368,16,0,16,384
12/27/2018,SMF,CA,AWP,WE,Towers with Radar,339,22,3,10,374,0,2,18,4,24,339,24,21,14,398,2,34,36,434
12/28/2018,SMF,CA,AWP,WE,Towers with Radar,339,25,8,0,372,0,0,11,0,11,339,25,19,0,383,6,0,6,389
12/29/2018,SMF,CA,AWP,WE,Towers with Radar,315,17,4,0,336,0,1,7,0,8,315,18,11,0,344,0,0,0,344
12/30/2018,SMF,CA,AWP,WE,Towers with Radar,330,11,5,0,346,0,0,11,0,11,330,11,16,0,357,40,0,40,397
12/31/2018,SMF,CA,AWP,WE,Towers with Radar,277,18,1,0,296,0,0,3,0,3,277,18,4,0,299,0,0,0,299
01/01/2019,SMF,CA,AWP,WE,Towers with Radar,302,12,3,0,317,0,0,3,3,6,302,12,6,3,323,2,0,2,325
01/02/2019,SMF,CA,AWP,WE,Towers with Radar,321,27,7,14,369,0,0,10,0,10,321,27,17,14,379,10,12,22,401
01/03/2019,SMF,CA,AWP,WE,Towers with Radar,323,29,8,7,367,0,0,4,4,8,323,29,12,11,375,0,22,22,397
01/04/2019,SMF,CA,AWP,WE,Towers with Radar,325,24,8,0,357,0,2,4,0,6,325,26,12,0,363,0,0,0,363
01/05/2019,SMF,CA,AWP,WE,Towers with Radar,268,11,17,0,296,0,0,0,0,0,268,11,17,0,296,0,0,0,296
01/06/2019,SMF,CA,AWP,WE,Towers with Radar,301,6,5,2,314,0,0,0,0,0,301,6,5,2,314,0,0,0,314
01/07/2019,SMF,CA,AWP,WE,Towers with Radar,314,31,12,4,361,0,0,4,1,5,314,31,16,5,366,0,14,14,380
01/08/2019,SMF,CA,AWP,WE,Towers with Radar,307,23,15,5,350,0,0,5,2,7,307,23,20,7,357,0,0,0,357
01/09/2019,SMF,CA,AWP,WE,Towers with Radar,309,34,8,2,353,0,0,1,0,1,309,34,9,2,354,0,0,0,354
01/10/2019,SMF,CA,AWP,WE,Towers with Radar,326,31,5,0,362,0,0,0,0,0,326,31,5,0,362,0,0,0,362
01/11/2019,SMF,CA,AWP,WE,Towers with Radar,322,33,5,1,361,0,0,3,1,4,322,33,8,2,365,6,4,10,375
01/12/2019,SMF,CA,AWP,WE,Towers with Radar,219,20,10,0,249,0,0,3,0,3,219,20,13,0,252,0,0,0,252
01/13/2019,SMF,CA,AWP,WE,Towers with Radar,277,18,3,0,298,0,0,5,0,5,277,18,8,0,303,0,0,0,303
01/14/2019,SMF,CA,AWP,WE,Towers with Radar,313,33,10,10,366,0,2,6,2,10,313,35,16,12,376,0,4,4,380
01/15/2019,SMF,CA,AWP,WE,Towers with Radar,304,28,6,8,346,0,0,1,0,1,304,28,7,8,347,0,18,18,365
01/16/2019,SMF,CA,AWP,WE,Towers with Radar,311,26,10,2,349,0,0,0,0,0,311,26,10,2,349,0,0,0,349
01/17/2019,SMF,CA,AWP,WE,Towers with Radar,320,33,7,11,371,0,4,0,0,4,320,37,7,11,375,0,14,14,389
01/18/2019,SMF,CA,AWP,WE,Towers with Radar,322,32,21,2,377,0,1,13,0,14,322,33,34,2,391,0,0,0,391
01/19/2019,SMF,CA,AWP,WE,Towers with Radar,213,20,4,0,237,0,0,4,0,4,213,20,8,0,241,0,0,0,241
01/20/2019,SMF,CA,AWP,WE,Towers with Radar,262,16,2,0,280,0,0,0,0,0,262,16,2,0,280,4,0,4,284
01/21/2019,SMF,CA,AWP,WE,Towers with Radar,308,29,8,0,345,0,0,7,0,7,308,29,15,0,352,0,0,0,352
01/22/2019,SMF,CA,AWP,WE,Towers with Radar,303,25,18,2,348,0,1,11,0,12,303,26,29,2,360,0,2,2,362
01/23/2019,SMF,CA,AWP,WE,Towers with Radar,308,33,16,2,359,0,1,5,0,6,308,34,21,2,365,0,0,0,365
01/24/2019,SMF,CA,AWP,WE,Towers with Radar,316,33,9,4,362,0,2,17,0,19,316,35,26,4,381,0,14,14,395
01/25/2019,SMF,CA,AWP,WE,Towers with Radar,324,29,6,5,364,0,3,3,1,7,324,32,9,6,371,20,8,28,399
01/26/2019,SMF,CA,AWP,WE,Towers with Radar,220,16,1,2,239,0,0,10,0,10,220,16,11,2,249,0,2,2,251
01/27/2019,SMF,CA,AWP,WE,Towers with Radar,280,13,3,0,296,0,3,7,0,10,280,16,10,0,306,0,0,0,306
01/28/2019,SMF,CA,AWP,WE,Towers with Radar,312,29,7,0,348,0,1,13,0,14,312,30,20,0,362,26,0,26,388
01/29/2019,SMF,CA,AWP,WE,Towers with Radar,313,30,15,0,358,0,0,6,0,6,313,30,21,0,364,18,0,18,382
01/30/2019,SMF,CA,AWP,WE,Towers with Radar,303,31,11,3,348,0,0,19,0,19,303,31,30,3,367,6,2,8,375
01/31/2019,SMF,CA,AWP,WE,Towers with Radar,308,30,9,0,347,0,0,7,0,7,308,30,16,0,354,0,0,0,354
02/01/2019,SMF,CA,AWP,WE,Towers with Radar,313,29,5,4,351,0,0,2,4,6,313,29,7,8,357,26,14,40,397
02/02/2019,SMF,CA,AWP,WE,Towers with Radar,221,24,8,0,253,0,0,3,0,3,221,24,11,0,256,0,0,0,256
02/03/2019,SMF,CA,AWP,WE,Towers with Radar,249,15,4,4,272,0,0,0,0,0,249,15,4,4,272,0,0,0,272
02/04/2019,SMF,CA,AWP,WE,Towers with Radar,310,23,7,0,340,0,0,3,0,3,310,23,10,0,343,2,0,2,345
02/05/2019,SMF,CA,AWP,WE,Towers with Radar,310,23,14,0,347,0,0,2,0,2,310,23,16,0,349,4,0,4,353
02/06/2019,SMF,CA,AWP,WE,Towers with Radar,311,30,9,7,357,0,3,14,2,19,311,33,23,9,376,20,0,20,396
02/07/2019,SMF,CA,AWP,WE,Towers with Radar,319,32,12,0,363,0,2,16,2,20,319,34,28,2,383,0,8,8,391
02/08/2019,SMF,CA,AWP,WE,Towers with Radar,318,28,21,11,378,0,4,7,1,12,318,32,28,12,390,16,38,54,444
02/09/2019,SMF,CA,AWP,WE,Towers with Radar,218,23,4,0,245,0,0,0,0,0,218,23,4,0,245,0,0,0,245
02/10/2019,SMF,CA,AWP,WE,Towers with Radar,275,15,13,0,303,0,2,13,1,16,275,17,26,1,319,44,22,66,385
02/11/2019,SMF,CA,AWP,WE,Towers with Radar,297,26,14,5,342,0,2,15,5,22,297,28,29,10,364,10,26,36,400
02/12/2019,SMF,CA,AWP,WE,Towers with Radar,310,29,11,12,362,0,0,9,6,15,310,29,20,18,377,0,16,16,393
02/13/2019,SMF,CA,AWP,WE,Towers with Radar,298,29,7,12,346,0,0,0,0,0,298,29,7,12,346,0,0,0,346
02/14/2019,SMF,CA,AWP,WE,Towers with Radar,314,21,13,0,348,0,0,6,1,7,314,21,19,1,355,12,2,14,369
02/15/2019,SMF,CA,AWP,WE,Towers with Radar,327,26,11,15,379,0,0,2,3,5,327,26,13,18,384,0,28,28,412
02/16/2019,SMF,CA,AWP,WE,Towers with Radar,228,8,6,0,242,0,2,0,0,2,228,10,6,0,244,0,0,0,244
02/17/2019,SMF,CA,AWP,WE,Towers with Radar,278,6,10,0,294,0,0,2,0,2,278,6,12,0,296,2,0,2,298
02/18/2019,SMF,CA,AWP,WE,Towers with Radar,316,20,19,0,355,0,0,7,0,7,316,20,26,0,362,14,0,14,376
02/19/2019,SMF,CA,AWP,WE,Towers with Radar,315,23,13,13,364,0,0,7,3,10,315,23,20,16,374,0,6,6,380
02/20/2019,SMF,CA,AWP,WE,Towers with Radar,324,27,8,12,371,0,0,2,1,3,324,27,10,13,374,6,14,20,394
02/21/2019,SMF,CA,AWP,WE,Towers with Radar,308,22,3,15,348,0,0,4,13,17,308,22,7,28,365,20,58,78,443
02/22/2019,SMF,CA,AWP,WE,Towers with Radar,322,30,7,1,360,0,3,6,0,9,322,33,13,1,369,36,0,36,405
02/23/2019,SMF,CA,AWP,WE,Towers with Radar,229,8,2,0,239,0,0,6,1,7,229,8,8,1,246,2,0,2,248
02/24/2019,SMF,CA,AWP,WE,Towers with Radar,285,6,11,1,303,0,0,7,0,7,285,6,18,1,310,4,0,4,314
02/25/2019,SMF,CA,AWP,WE,Towers with Radar,323,33,7,23,386,0,0,0,1,1,323,33,7,24,387,2,22,24,411
02/26/2019,SMF,CA,AWP,WE,Towers with Radar,326,32,14,16,388,0,0,0,0,0,326,32,14,16,388,0,0,0,388
02/27/2019,SMF,CA,AWP,WE,Towers with Radar,316,30,14,2,362,0,1,5,2,8,316,31,19,4,370,0,4,4,374
02/28/2019,SMF,CA,AWP,WE,Towers with Radar,321,30,6,2,359,0,4,15,0,19,321,34,21,2,378,28,4,32,410
03/01/2019,SMF,CA,AWP,WE,Towers with Radar,324,27,16,0,367,0,1,14,0,15,324,28,30,0,382,4,0,4,386
03/02/2019,SMF,CA,AWP,WE,Towers with Radar,237,8,3,0,248,0,0,0,0,0,237,8,3,0,248,0,0,0,248
03/03/2019,SMF,CA,AWP,WE,Towers with Radar,282,9,11,0,302,0,0,5,0,5,282,9,16,0,307,20,0,20,327
03/04/2019,SMF,CA,AWP,WE,Towers with Radar,323,26,19,0,368,0,1,12,0,13,323,27,31,0,381,16,0,16,397
03/05/2019,SMF,CA,AWP,WE,Towers with Radar,316,26,10,5,357,0,0,0,1,1,316,26,10,6,358,0,10,10,368
03/06/2019,SMF,CA,AWP,WE,Towers with Radar,307,26,8,0,341,0,0,2,0,2,307,26,10,0,343,0,0,0,343
03/07/2019,SMF,CA,AWP,WE,Towers with Radar,325,25,10,4,364,0,0,7,0,7,325,25,17,4,371,10,0,10,381
03/08/2019,SMF,CA,AWP,WE,Towers with Radar,310,36,21,5,372,0,4,14,2,20,310,40,35,7,392,10,16,26,418
03/09/2019,SMF,CA,AWP,WE,Towers with Radar,240,15,11,3,269,0,0,2,3,5,240,15,13,6,274,0,10,10,284
03/10/2019,SMF,CA,AWP,WE,Towers with Radar,292,17,6,0,315,0,0,4,0,4,292,17,10,0,319,0,0,0,319
03/11/2019,SMF,CA,AWP,WE,Towers with Radar,320,24,6,13,363,0,0,11,11,22,320,24,17,24,385,26,44,70,455
03/12/2019,SMF,CA,AWP,WE,Towers with Radar,316,27,8,3,354,0,1,13,4,18,316,28,21,7,372,56,18,74,446
03/13/2019,SMF,CA,AWP,WE,Towers with Radar,303,30,3,17,353,0,0,11,12,23,303,30,14,29,376,32,54,86,462
03/14/2019,SMF,CA,AWP,WE,Towers with Radar,310,29,20,9,368,0,0,14,4,18,310,29,34,13,386,24,18,42,428
03/15/2019,SMF,CA,AWP,WE,Towers with Radar,312,35,9,7,363,0,1,16,0,17,312,36,25,7,380,14,4,18,398
03/16/2019,SMF,CA,AWP,WE,Towers with Radar,249,16,7,0,272,0,3,19,0,22,249,19,26,0,294,24,0,24,318
03/17/2019,SMF,CA,AWP,WE,Towers with Radar,286,12,8,0,306,0,2,18,0,20,286,14,26,0,326,38,0,38,364
03/18/2019,SMF,CA,AWP,WE,Towers with Radar,321,24,17,4,366,0,5,3,0,8,321,29,20,4,374,2,0,2,376
03/19/2019,SMF,CA,AWP,WE,Towers with Radar,314,32,11,4,361,0,2,10,0,12,314,34,21,4,373,16,6,22,395
03/20/2019,SMF,CA,AWP,WE,Towers with Radar,308,27,17,5,357,0,0,5,3,8,308,27,22,8,365,0,6,6,371
03/21/2019,SMF,CA,AWP,WE,Towers with Radar,321,27,17,0,365,0,2,23,0,25,321,29,40,0,390,0,0,0,390
03/22/2019,SMF,CA,AWP,WE,Towers with Radar,312,26,8,6,352,0,0,5,0,5,312,26,13,6,357,24,0,24,381
03/23/2019,SMF,CA,AWP,WE,Towers with Radar,253,20,5,0,278,0,3,3,0,6,253,23,8,0,284,2,0,2,286
03/24/2019,SMF,CA,AWP,WE,Towers with Radar,289,15,6,0,310,0,0,9,0,9,289,15,15,0,319,6,0,6,325
03/25/2019,SMF,CA,AWP,WE,Towers with Radar,316,26,9,4,355,0,0,0,1,1,316,26,9,5,356,0,4,4,360
03/26/2019,SMF,CA,AWP,WE,Towers with Radar,314,29,9,0,352,0,0,7,0,7,314,29,16,0,359,12,0,12,371
03/27/2019,SMF,CA,AWP,WE,Towers with Radar,317,38,7,2,364,0,2,1,0,3,317,40,8,2,367,0,0,0,367
03/28/2019,SMF,CA,AWP,WE,Towers with Radar,328,28,6,1,363,0,2,3,0,5,328,30,9,1,368,0,0,0,368
03/29/2019,SMF,CA,AWP,WE,Towers with Radar,311,23,10,0,344,0,2,18,0,20,311,25,28,0,364,22,0,22,386
03/30/2019,SMF,CA,AWP,WE,Towers with Radar,249,19,1,0,269,0,4,10,0,14,249,23,11,0,283,48,0,48,331
03/31/2019,SMF,CA,AWP,WE,Towers with Radar,295,13,9,0,317,0,0,24,0,24,295,13,33,0,341,22,0,22,363
04/01/2019,SMF,CA,AWP,WE,Towers with Radar,322,19,12,0,353,0,0,11,3,14,322,19,23,3,367,10,0,10,377
04/02/2019,SMF,CA,AWP,WE,Towers with Radar,326,29,8,0,363,0,0,5,0,5,326,29,13,0,368,0,0,0,368
04/03/2019,SMF,CA,AWP,WE,Towers with Radar,323,24,16,2,365,0,2,12,0,14,323,26,28,2,379,4,0,4,383
04/04/2019,SMF,CA,AWP,WE,Towers with Radar,333,31,18,2,384,0,2,4,2,8,333,33,22,4,392,16,10,26,418
04/05/2019,SMF,CA,AWP,WE,Towers with Radar,328,36,4,2,370,0,0,3,0,3,328,36,7,2,373,4,0,4,377
04/06/2019,SMF,CA,AWP,WE,Towers with Radar,277,13,5,0,295,0,0,4,0,4,277,13,9,0,299,16,0,16,315
04/07/2019,SMF,CA,AWP,WE,Towers with Radar,296,11,6,0,313,0,0,10,0,10,296,11,16,0,323,18,0,18,341
04/08/2019,SMF,CA,AWP,WE,Towers with Radar,328,26,10,4,368,0,0,11,0,11,328,26,21,4,379,10,0,10,389
04/09/2019,SMF,CA,AWP,WE,Towers with Radar,330,21,7,14,372,0,0,11,1,12,330,21,18,15,384,0,10,10,394
04/10/2019,SMF,CA,AWP,WE,Towers with Radar,325,27,5,3,360,0,0,13,4,17,325,27,18,7,377,0,10,10,387
04/11/2019,SMF,CA,AWP,WE,Towers with Radar,334,29,11,3,377,0,0,14,3,17,334,29,25,6,394,0,8,8,402
04/12/2019,SMF,CA,AWP,WE,Towers with Radar,337,23,10,2,372,0,5,17,0,22,337,28,27,2,394,4,0,4,398
04/13/2019,SMF,CA,AWP,WE,Towers with Radar,262,13,2,0,277,0,2,12,0,14,262,15,14,0,291,10,0,10,301
04/14/2019,SMF,CA,AWP,WE,Towers with Radar,287,9,9,0,305,0,2,1,1,4,287,11,10,1,309,0,0,0,309
04/15/2019,SMF,CA,AWP,WE,Towers with Radar,340,19,9,4,372,0,2,8,0,10,340,21,17,4,382,2,4,6,388
04/16/2019,SMF,CA,AWP,WE,Towers with Radar,333,35,9,0,377,0,0,4,0,4,333,35,13,0,381,2,0,2,383
04/17/2019,SMF,CA,AWP,WE,Towers with Radar,330,30,3,5,368,0,0,13,5,18,330,30,16,10,386,20,12,32,418
04/18/2019,SMF,CA,AWP,WE,Towers with Radar,331,27,14,0,372,0,2,8,0,10,331,29,22,0,382,0,0,0,382
04/19/2019,SMF,CA,AWP,WE,Towers with Radar,330,27,8,2,367,0,2,16,2,20,330,29,24,4,387,16,6,22,409
04/20/2019,SMF,CA,AWP,WE,Towers with Radar,264,15,5,0,284,0,5,7,0,12,264,20,12,0,296,8,0,8,304
04/21/2019,SMF,CA,AWP,WE,Towers with Radar,296,7,7,0,310,0,4,7,0,11,296,11,14,0,321,0,0,0,321
04/22/2019,SMF,CA,AWP,WE,Towers with Radar,332,22,9,2,365,0,1,4,1,6,332,23,13,3,371,0,6,6,377
04/23/2019,SMF,CA,AWP,WE,Towers with Radar,330,31,10,9,380,0,0,8,5,13,330,31,18,14,393,16,12,28,421
04/24/2019,SMF,CA,AWP,WE,Towers with Radar,328,25,7,1,361,0,4,11,2,17,328,29,18,3,378,0,8,8,386
04/25/2019,SMF,CA,AWP,WE,Towers with Radar,338,29,8,3,378,0,0,13,4,17,338,29,21,7,395,0,10,10,405
04/26/2019,SMF,CA,AWP,WE,Towers with Radar,342,24,13,1,380,0,4,4,2,10,342,28,17,3,390,0,12,12,402
04/27/2019,SMF,CA,AWP,WE,Towers with Radar,260,13,7,5,285,0,2,8,3,13,260,15,15,8,298,16,18,34,332
04/28/2019,SMF,CA,AWP,WE,Towers with Radar,306,10,1,0,317,0,1,9,0,10,306,11,10,0,327,0,0,0,327
04/29/2019,SMF,CA,AWP,WE,Towers with Radar,323,23,19,2,367,0,2,10,0,12,323,25,29,2,379,8,0,8,387
04/30/2019,SMF,CA,AWP,WE,Towers with Radar,328,24,13,10,375,0,0,3,0,3,328,24,16,10,378,0,0,0,378
05/01/2019,SMF,CA,AWP,WE,Towers with Radar,330,35,13,0,378,0,0,7,0,7,330,35,20,0,385,0,0,0,385
05/02/2019,SMF,CA,AWP,WE,Towers with Radar,322,25,9,0,356,0,0,8,0,8,322,25,17,0,364,0,0,0,364
05/03/2019,SMF,CA,AWP,WE,Towers with Radar,338,27,10,4,379,0,4,15,0,19,338,31,25,4,398,20,4,24,422
05/04/2019,SMF,CA,AWP,WE,Towers with Radar,269,18,4,0,291,0,1,9,0,10,269,19,13,0,301,0,0,0,301
05/05/2019,SMF,CA,AWP,WE,Towers with Radar,304,10,7,0,321,0,0,20,0,20,304,10,27,0,341,0,0,0,341
05/06/2019,SMF,CA,AWP,WE,Towers with Radar,341,21,8,0,370,0,2,13,0,15,341,23,21,0,385,10,0,10,395
05/07/2019,SMF,CA,AWP,WE,Towers with Radar,343,27,7,18,395,0,2,9,0,11,343,29,16,18,406,0,4,4,410
05/08/2019,SMF,CA,AWP,WE,Towers with Radar,324,33,8,2,367,0,2,6,0,8,324,35,14,2,375,28,0,28,403
05/09/2019,SMF,CA,AWP,WE,Towers with Radar,338,31,10,13,392,0,0,15,11,26,338,31,25,24,418,0,26,26,444
05/10/2019,SMF,CA,AWP,WE,Towers with Radar,345,28,8,0,381,0,1,9,2,12,345,29,17,2,393,0,4,4,397
05/11/2019,SMF,CA,AWP,WE,Towers with Radar,270,19,5,2,296,0,2,8,0,10,270,21,13,2,306,0,0,0,306
05/12/2019,SMF,CA,AWP,WE,Towers with Radar,304,12,8,0,324,0,0,12,0,12,304,12,20,0,336,0,0,0,336
05/13/2019,SMF,CA,AWP,WE,Towers with Radar,338,27,22,4,391,0,1,20,0,21,338,28,42,4,412,0,12,12,424
05/14/2019,SMF,CA,AWP,WE,Towers with Radar,333,30,7,0,370,0,0,5,2,7,333,30,12,2,377,6,8,14,391
05/15/2019,SMF,CA,AWP,WE,Towers with Radar,327,26,10,8,371,0,0,6,2,8,327,26,16,10,379,0,8,8,387
05/16/2019,SMF,CA,AWP,WE,Towers with Radar,346,29,9,6,390,0,0,1,0,1,346,29,10,6,391,0,8,8,399
05/17/2019,SMF,CA,AWP,WE,Towers with Radar,356,26,17,2,401,0,2,10,0,12,356,28,27,2,413,8,10,18,431
05/18/2019,SMF,CA,AWP,WE,Towers with Radar,274,18,1,4,297,0,0,3,0,3,274,18,4,4,300,0,0,0,300
05/19/2019,SMF,CA,AWP,WE,Towers with Radar,300,13,6,0,319,0,2,1,0,3,300,15,7,0,322,3,1,4,326
05/20/2019,SMF,CA,AWP,WE,Towers with Radar,343,23,4,0,370,0,0,5,0,5,343,23,9,0,375,7,0,7,382
05/21/2019,SMF,CA,AWP,WE,Towers with Radar,336,31,6,9,382,0,0,1,0,1,336,31,7,9,383,0,4,4,387
05/22/2019,SMF,CA,AWP,WE,Towers with Radar,337,30,9,4,380,0,0,4,0,4,337,30,13,4,384,0,2,2,386
05/23/2019,SMF,CA,AWP,WE,Towers with Radar,344,26,13,10,393,0,1,6,2,9,344,27,19,12,402,5,3,8,410
05/24/2019,SMF,CA,AWP,WE,Towers with Radar,359,28,4,0,391,0,0,12,0,12,359,28,16,0,403,0,0,0,403
05/25/2019,SMF,CA,AWP,WE,Towers with Radar,274,13,4,2,293,0,2,0,0,2,274,15,4,2,295,0,0,0,295
05/26/2019,SMF,CA,AWP,WE,Towers with Radar,250,9,0,0,259,0,0,0,0,0,250,9,0,0,259,4,0,4,263
05/27/2019,SMF,CA,AWP,WE,Towers with Radar,317,14,13,0,344,0,0,3,0,3,317,14,16,0,347,0,0,0,347
05/28/2019,SMF,CA,AWP,WE,Towers with Radar,328,25,11,0,364,0,0,9,2,11,328,25,20,2,375,2,0,2,377
05/29/2019,SMF,CA,AWP,WE,Towers with Radar,323,27,6,0,356,0,0,3,0,3,323,27,9,0,359,1,0,1,360
05/30/2019,SMF,CA,AWP,WE,Towers with Radar,333,30,8,0,371,0,0,15,1,16,333,30,23,1,387,0,0,0,387
05/31/2019,SMF,CA,AWP,WE,Towers with Radar,351,26,8,0,385,0,0,15,1,16,351,26,23,1,401,10,1,11,412
06/01/2019,SMF,CA,AWP,WE,Towers with Radar,271,17,0,0,288,0,0,7,0,7,271,17,7,0,295,1,0,1,296
06/02/2019,SMF,CA,AWP,WE,Towers with Radar,302,11,4,0,317,0,0,12,2,14,302,11,16,2,331,1,0,1,332
06/03/2019,SMF,CA,AWP,WE,Towers with Radar,347,28,5,4,384,0,1,5,0,6,347,29,10,4,390,0,0,0,390
06/04/2019,SMF,CA,AWP,WE,Towers with Radar,342,30,8,0,380,0,0,25,1,26,342,30,33,1,406,1,0,1,407
06/05/2019,SMF,CA,AWP,WE,Towers with Radar,331,28,5,0,364,0,0,15,0,15,331,28,20,0,379,0,0,0,379
06/06/2019,SMF,CA,AWP,WE,Towers with Radar,339,29,9,0,377,0,1,14,2,17,339,30,23,2,394,0,3,3,397
06/07/2019,SMF,CA,AWP,WE,Towers with Radar,337,35,7,0,379,0,0,17,2,19,337,35,24,2,398,5,0,5,403
06/08/2019,SMF,CA,AWP,WE,Towers with Radar,278,22,2,0,302,0,0,17,0,17,278,22,19,0,319,18,0,18,337
06/09/2019,SMF,CA,AWP,WE,Towers with Radar,318,17,6,0,341,0,1,11,0,12,318,18,17,0,353,14,0,14,367
06/10/2019,SMF,CA,AWP,WE,Towers with Radar,339,33,6,3,381,0,1,14,2,17,339,34,20,5,398,8,2,10,408
06/11/2019,SMF,CA,AWP,WE,Towers with Radar,348,33,8,0,389,0,2,8,0,10,348,35,16,0,399,5,0,5,404
06/12/2019,SMF,CA,AWP,WE,Towers with Radar,348,40,6,0,394,0,2,10,0,12,348,42,16,0,406,6,0,6,412
06/13/2019,SMF,CA,AWP,WE,Towers with Radar,348,35,8,0,391,0,1,6,3,10,348,36,14,3,401,0,0,0,401
06/14/2019,SMF,CA,AWP,WE,Towers with Radar,350,42,5,2,399,0,2,9,0,11,350,44,14,2,410,0,0,0,410
06/15/2019,SMF,CA,AWP,WE,Towers with Radar,295,35,4,0,334,0,0,14,0,14,295,35,18,0,348,0,0,0,348
06/16/2019,SMF,CA,AWP,WE,Towers with Radar,303,19,7,0,329,0,0,9,0,9,303,19,16,0,338,0,0,0,338
06/17/2019,SMF,CA,AWP,WE,Towers with Radar,339,36,12,0,387,0,1,8,1,10,339,37,20,1,397,12,0,12,409
06/18/2019,SMF,CA,AWP,WE,Towers with Radar,359,40,7,0,406,0,0,17,2,19,359,40,24,2,425,2,0,2,427
06/19/2019,SMF,CA,AWP,WE,Towers with Radar,348,39,4,2,393,0,1,22,2,25,348,40,26,4,418,38,6,44,462
06/20/2019,SMF,CA,AWP,WE,Towers with Radar,348,30,19,2,399,0,0,23,0,23,348,30,42,2,422,42,2,44,466
06/21/2019,SMF,CA,AWP,WE,Towers with Radar,365,31,9,0,405,0,0,23,0,23,365,31,32,0,428,10,0,10,438
06/22/2019,SMF,CA,AWP,WE,Towers with Radar,299,20,6,0,325,0,0,8,0,8,299,20,14,0,333,0,0,0,333
06/23/2019,SMF,CA,AWP,WE,Towers with Radar,315,23,3,0,341,0,0,15,1,16,315,23,18,1,357,6,0,6,363
06/24/2019,SMF,CA,AWP,WE,Towers with Radar,353,33,10,4,400,0,1,16,0,17,353,34,26,4,417,0,2,2,419
06/25/2019,SMF,CA,AWP,WE,Towers with Radar,359,32,7,3,401,0,0,14,0,14,359,32,21,3,415,4,0,4,419
06/26/2019,SMF,CA,AWP,WE,Towers with Radar,358,34,12,0,404,0,0,13,0,13,358,34,25,0,417,28,0,28,445
06/27/2019,SMF,CA,AWP,WE,Towers with Radar,357,32,8,0,397,0,0,11,0,11,357,32,19,0,408,26,0,26,434
06/28/2019,SMF,CA,AWP,WE,Towers with Radar,358,33,11,0,402,0,0,20,0,20,358,33,31,0,422,16,0,16,438
06/29/2019,SMF,CA,AWP,WE,Towers with Radar,298,23,1,0,322,0,1,8,2,11,298,24,9,2,333,14,0,14,347
06/30/2019,SMF,CA,AWP,WE,Towers with Radar,317,23,2,0,342,0,0,11,2,13,317,23,13,2,355,0,0,0,355
07/01/2019,SMF,CA,AWP,WE,Towers with Radar,354,30,11,0,395,0,0,16,0,16,354,30,27,0,411,16,0,16,427
07/02/2019,SMF,CA,AWP,WE,Towers with Radar,340,32,3,0,375,0,0,14,2,16,340,32,17,2,391,1,0,1,392
07/03/2019,SMF,CA,AWP,WE,Towers with Radar,346,33,11,0,390,0,0,29,0,29,346,33,40,0,419,0,0,0,419
07/04/2019,SMF,CA,AWP,WE,Towers with Radar,271,15,0,0,286,0,0,8,0,8,271,15,8,0,294,0,0,0,294
07/05/2019,SMF,CA,AWP,WE,Towers with Radar,297,31,4,0,332,0,0,9,0,9,297,31,13,0,341,2,0,2,343
07/06/2019,SMF,CA,AWP,WE,Towers with Radar,291,23,0,0,314,0,0,9,0,9,291,23,9,0,323,0,0,0,323
07/07/2019,SMF,CA,AWP,WE,Towers with Radar,321,19,14,0,354,0,1,15,0,16,321,20,29,0,370,0,0,0,370
07/08/2019,SMF,CA,AWP,WE,Towers with Radar,355,36,9,0,400,0,3,6,0,9,355,39,15,0,409,0,0,0,409
07/09/2019,SMF,CA,AWP,WE,Towers with Radar,365,38,7,0,410,0,1,15,3,19,365,39,22,3,429,1,4,5,434
07/10/2019,SMF,CA,AWP,WE,Towers with Radar,360,35,6,0,401,0,3,13,2,18,360,38,19,2,419,2,4,6,425
07/11/2019,SMF,CA,AWP,WE,Towers with Radar,355,42,4,2,403,0,0,8,1,9,355,42,12,3,412,17,3,20,432
07/12/2019,SMF,CA,AWP,WE,Towers with Radar,362,38,8,0,408,0,0,21,0,21,362,38,29,0,429,14,0,14,443
07/13/2019,SMF,CA,AWP,WE,Towers with Radar,302,24,7,0,333,0,1,1,0,2,302,25,8,0,335,5,0,5,340
07/14/2019,SMF,CA,AWP,WE,Towers with Radar,332,22,7,0,361,0,0,10,0,10,332,22,17,0,371,0,0,0,371
07/15/2019,SMF,CA,AWP,WE,Towers with Radar,351,32,7,1,391,0,1,17,1,19,351,33,24,2,410,2,0,2,412
07/16/2019,SMF,CA,AWP,WE,Towers with Radar,365,33,8,0,406,0,1,6,2,9,365,34,14,2,415,0,7,7,422
07/17/2019,SMF,CA,AWP,WE,Towers with Radar,354,36,4,0,394,0,2,11,2,15,354,38,15,2,409,2,0,2,411
07/18/2019,SMF,CA,AWP,WE,Towers with Radar,350,41,4,4,399,0,1,19,0,20,350,42,23,4,419,0,0,0,419
07/19/2019,SMF,CA,AWP,WE,Towers with Radar,365,39,5,1,410,0,0,6,1,7,365,39,11,2,417,28,6,34,451
07/20/2019,SMF,CA,AWP,WE,Towers with Radar,304,23,10,0,337,0,0,4,0,4,304,23,14,0,341,0,0,0,341
07/21/2019,SMF,CA,AWP,WE,Towers with Radar,309,19,1,0,329,0,0,8,0,8,309,19,9,0,337,0,0,0,337
07/22/2019,SMF,CA,AWP,WE,Towers with Radar,362,33,8,14,417,0,0,18,2,20,362,33,26,16,437,8,0,8,445
07/23/2019,SMF,CA,AWP,WE,Towers with Radar,362,36,12,0,410,0,0,10,0,10,362,36,22,0,420,26,0,26,446
07/24/2019,SMF,CA,AWP,WE,Towers with Radar,356,36,8,2,402,0,1,11,0,12,356,37,19,2,414,12,4,16,430
07/25/2019,SMF,CA,AWP,WE,Towers with Radar,358,36,12,0,406,0,0,16,1,17,358,36,28,1,423,3,0,3,426
07/26/2019,SMF,CA,AWP,WE,Towers with Radar,368,37,13,0,418,0,0,15,2,17,368,37,28,2,435,0,0,0,435
07/27/2019,SMF,CA,AWP,WE,Towers with Radar,302,24,6,0,332,0,0,4,0,4,302,24,10,0,336,0,0,0,336
07/28/2019,SMF,CA,AWP,WE,Towers with Radar,330,21,8,0,359,0,1,18,0,19,330,22,26,0,378,0,0,0,378
07/29/2019,SMF,CA,AWP,WE,Towers with Radar,355,31,5,0,391,0,0,12,0,12,355,31,17,0,403,4,0,4,407
07/30/2019,SMF,CA,AWP,WE,Towers with Radar,355,41,6,0,402,0,0,5,0,5,355,41,11,0,407,8,0,8,415
07/31/2019,SMF,CA,AWP,WE,Towers with Radar,359,40,8,0,407,0,2,9,0,11,359,42,17,0,418,0,0,0,418
08/01/2019,SMF,CA,AWP,WE,Towers with Radar,358,37,14,6,415,0,10,8,0,18,358,47,22,6,433,0,2,2,435
08/02/2019,SMF,CA,AWP,WE,Towers with Radar,360,36,6,0,402,0,1,17,0,18,360,37,23,0,420,14,0,14,434
08/03/2019,SMF,CA,AWP,WE,Towers with Radar,308,25,3,0,336,0,1,9,0,10,308,26,12,0,346,6,0,6,352
08/04/2019,SMF,CA,AWP,WE,Towers with Radar,330,23,10,0,363,0,0,26,0,26,330,23,36,0,389,1,0,1,390
08/05/2019,SMF,CA,AWP,WE,Towers with Radar,354,35,13,0,402,0,0,11,0,11,354,35,24,0,413,2,0,2,415
08/06/2019,SMF,CA,AWP,WE,Towers with Radar,374,38,5,0,417,0,1,10,0,11,374,39,15,0,428,0,0,0,428
08/07/2019,SMF,CA,AWP,WE,Towers with Radar,356,38,12,0,406,0,1,14,0,15,356,39,26,0,421,0,0,0,421
08/08/2019,SMF,CA,AWP,WE,Towers with Radar,357,40,11,0,408,0,0,5,0,5,357,40,16,0,413,0,0,0,413
08/09/2019,SMF,CA,AWP,WE,Towers with Radar,375,32,9,0,416,0,0,11,0,11,375,32,20,0,427,13,0,13,440
08/10/2019,SMF,CA,AWP,WE,Towers with Radar,305,25,3,0,333,0,0,11,0,11,305,25,14,0,344,1,0,1,345
08/11/2019,SMF,CA,AWP,WE,Towers with Radar,328,25,6,0,359,0,0,10,0,10,328,25,16,0,369,0,0,0,369
08/12/2019,SMF,CA,AWP,WE,Towers with Radar,362,37,10,0,409,0,0,11,0,11,362,37,21,0,420,3,0,3,423
08/13/2019,SMF,CA,AWP,WE,Towers with Radar,359,37,5,0,401,0,1,16,0,17,359,38,21,0,418,2,0,2,420
08/14/2019,SMF,CA,AWP,WE,Towers with Radar,367,40,13,0,420,0,0,19,1,20,367,40,32,1,440,2,0,2,442
08/15/2019,SMF,CA,AWP,WE,Towers with Radar,354,36,13,0,403,0,2,8,1,11,354,38,21,1,414,2,0,2,416
08/16/2019,SMF,CA,AWP,WE,Towers with Radar,373,34,11,0,418,0,2,9,0,11,373,36,20,0,429,0,0,0,429
08/17/2019,SMF,CA,AWP,WE,Towers with Radar,301,20,1,0,322,0,0,1,0,1,301,20,2,0,323,3,0,3,326
08/18/2019,SMF,CA,AWP,WE,Towers with Radar,313,21,2,0,336,0,0,9,0,9,313,21,11,0,345,0,0,0,345
08/19/2019,SMF,CA,AWP,WE,Towers with Radar,356,29,10,1,396,0,0,13,1,14,356,29,23,2,410,1,2,3,413
08/20/2019,SMF,CA,AWP,WE,Towers with Radar,345,38,9,2,394,0,1,12,0,13,345,39,21,2,407,3,1,4,411
08/21/2019,SMF,CA,AWP,WE,Towers with Radar,354,33,6,0,393,0,0,13,0,13,354,33,19,0,406,0,0,0,406
08/22/2019,SMF,CA,AWP,WE,Towers with Radar,355,31,14,2,402,0,1,3,0,4,355,32,17,2,406,0,0,0,406
08/23/2019,SMF,CA,AWP,WE,Towers with Radar,365,35,11,2,413,0,2,10,0,12,365,37,21,2,425,16,0,16,441
08/24/2019,SMF,CA,AWP,WE,Towers with Radar,288,25,5,0,318,0,0,13,0,13,288,25,18,0,331,0,0,0,331
08/25/2019,SMF,CA,AWP,WE,Towers with Radar,327,19,3,0,349,0,0,11,0,11,327,19,14,0,360,8,0,8,368
08/26/2019,SMF,CA,AWP,WE,Towers with Radar,356,29,5,0,390,0,0,13,0,13,356,29,18,0,403,0,0,0,403
08/27/2019,SMF,CA,AWP,WE,Towers with Radar,340,34,9,0,383,0,1,16,0,17,340,35,25,0,400,4,0,4,404
08/28/2019,SMF,CA,AWP,WE,Towers with Radar,355,33,6,0,394,0,0,8,0,8,355,33,14,0,402,16,0,16,418
08/29/2019,SMF,CA,AWP,WE,Towers with Radar,352,34,8,0,394,0,0,12,0,12,352,34,20,0,406,2,0,2,408
08/30/2019,SMF,CA,AWP,WE,Towers with Radar,355,35,12,0,402,0,0,15,0,15,355,35,27,0,417,0,0,0,417
08/31/2019,SMF,CA,AWP,WE,Towers with Radar,262,21,1,0,284,0,0,2,0,2,262,21,3,0,286,0,0,0,286
09/01/2019,SMF,CA,AWP,WE,Towers with Radar,244,15,0,0,259,0,0,6,0,6,244,15,6,0,265,16,0,16,281
09/02/2019,SMF,CA,AWP,WE,Towers with Radar,341,16,1,0,358,0,0,6,0,6,341,16,7,0,364,0,0,0,364
09/03/2019,SMF,CA,AWP,WE,Towers with Radar,331,32,6,0,369,0,1,13,0,14,331,33,19,0,383,0,0,0,383
09/04/2019,SMF,CA,AWP,WE,Towers with Radar,342,32,7,0,381,0,0,6,0,6,342,32,13,0,387,0,0,0,387
09/05/2019,SMF,CA,AWP,WE,Towers with Radar,345,32,12,0,389,0,0,16,0,16,345,32,28,0,405,5,0,5,410
09/06/2019,SMF,CA,AWP,WE,Towers with Radar,355,34,5,0,394,0,0,14,0,14,355,34,19,0,408,0,0,0,408
09/07/2019,SMF,CA,AWP,WE,Towers with Radar,281,24,5,0,310,0,0,12,0,12,281,24,17,0,322,0,0,0,322
09/08/2019,SMF,CA,AWP,WE,Towers with Radar,319,15,8,0,342,0,0,12,0,12,319,15,20,0,354,0,0,0,354
09/09/2019,SMF,CA,AWP,WE,Towers with Radar,359,28,11,2,400,0,0,5,0,5,359,28,16,2,405,1,4,5,410
09/10/2019,SMF,CA,AWP,WE,Towers with Radar,341,32,10,0,383,0,0,16,0,16,341,32,26,0,399,0,0,0,399
09/11/2019,SMF,CA,AWP,WE,Towers with Radar,349,34,8,0,391,0,0,10,2,12,349,34,18,2,403,0,2,2,405
09/12/2019,SMF,CA,AWP,WE,Towers with Radar,354,32,8,0,394,0,0,14,0,14,354,32,22,0,408,0,0,0,408
09/13/2019,SMF,CA,AWP,WE,Towers with Radar,362,35,7,0,404,0,0,20,0,20,362,35,27,0,424,0,0,0,424
09/14/2019,SMF,CA,AWP,WE,Towers with Radar,284,19,3,2,308,0,0,3,0,3,284,19,6,2,311,0,1,1,312
09/15/2019,SMF,CA,AWP,WE,Towers with Radar,322,15,8,0,345,0,0,18,0,18,322,15,26,0,363,3,0,3,366
09/16/2019,SMF,CA,AWP,WE,Towers with Radar,358,37,7,0,402,0,2,8,0,10,358,39,15,0,412,0,0,0,412
09/17/2019,SMF,CA,AWP,WE,Towers with Radar,348,43,9,0,400,0,0,10,0,10,348,43,19,0,410,3,0,3,413
09/18/2019,SMF,CA,AWP,WE,Towers with Radar,350,34,9,2,395,0,0,9,0,9,350,34,18,2,404,0,0,0,404
09/19/2019,SMF,CA,AWP,WE,Towers with Radar,350,36,9,0,395,0,0,3,0,3,350,36,12,0,398,0,0,0,398
09/20/2019,SMF,CA,AWP,WE,Towers with Radar,356,45,8,0,409,0,4,22,2,28,356,49,30,2,437,0,1,1,438
09/21/2019,SMF,CA,AWP,WE,Towers with Radar,288,27,1,0,316,0,1,11,0,12,288,28,12,0,328,0,0,0,328
09/22/2019,SMF,CA,AWP,WE,Towers with Radar,323,21,7,0,351,0,0,15,0,15,323,21,22,0,366,0,0,0,366
09/23/2019,SMF,CA,AWP,WE,Towers with Radar,345,35,9,2,391,0,1,10,0,11,345,36,19,2,402,0,1,1,403
09/24/2019,SMF,CA,AWP,WE,Towers with Radar,350,39,9,0,398,0,0,10,0,10,350,39,19,0,408,2,0,2,410
09/25/2019,SMF,CA,AWP,WE,Towers with Radar,347,33,5,1,386,0,0,8,1,9,347,33,13,2,395,0,3,3,398
09/26/2019,SMF,CA,AWP,WE,Towers with Radar,356,34,7,1,398,0,0,16,1,17,356,34,23,2,415,0,5,5,420
09/27/2019,SMF,CA,AWP,WE,Towers with Radar,353,38,11,5,407,0,1,10,1,12,353,39,21,6,419,3,4,7,426
09/28/2019,SMF,CA,AWP,WE,Towers with Radar,293,21,7,0,321,0,0,8,0,8,293,21,15,0,329,0,0,0,329
09/29/2019,SMF,CA,AWP,WE,Towers with Radar,320,14,7,0,341,0,0,7,0,7,320,14,14,0,348,0,0,0,348
09/30/2019,SMF,CA,AWP,WE,Towers with Radar,356,44,10,0,410,0,0,17,0,17,356,44,27,0,427,0,0,0,427
10/01/2019,SMF,CA,AWP,WE,Towers with Radar,348,36,7,0,391,0,0,25,0,25,348,36,32,0,416,7,0,7,423
10/02/2019,SMF,CA,AWP,WE,Towers with Radar,347,37,14,0,398,0,1,17,0,18,347,38,31,0,416,6,0,6,422
10/03/2019,SMF,CA,AWP,WE,Towers with Radar,355,38,17,2,412,0,0,6,0,6,355,38,23,2,418,0,0,0,418
10/04/2019,SMF,CA,AWP,WE,Towers with Radar,359,36,14,0,409,0,0,9,0,9,359,36,23,0,418,0,0,0,418
10/05/2019,SMF,CA,AWP,WE,Towers with Radar,277,23,13,0,313,0,1,21,0,22,277,24,34,0,335,0,0,0,335
10/06/2019,SMF,CA,AWP,WE,Towers with Radar,323,21,7,0,351,0,0,7,0,7,323,21,14,0,358,0,0,0,358
10/07/2019,SMF,CA,AWP,WE,Towers with Radar,351,33,11,0,395,0,0,20,0,20,351,33,31,0,415,2,0,2,417
10/08/2019,SMF,CA,AWP,WE,Towers with Radar,355,34,10,0,399,0,0,8,0,8,355,34,18,0,407,0,0,0,407
10/09/2019,SMF,CA,AWP,WE,Towers with Radar,352,36,10,0,398,0,1,9,0,10,352,37,19,0,408,0,0,0,408
10/10/2019,SMF,CA,AWP,WE,Towers with Radar,353,37,9,0,399,0,0,13,0,13,353,37,22,0,412,0,0,0,412
10/11/2019,SMF,CA,AWP,WE,Towers with Radar,357,34,8,0,399,0,0,8,0,8,357,34,16,0,407,0,0,0,407
10/12/2019,SMF,CA,AWP,WE,Towers with Radar,285,23,4,0,312,0,0,14,0,14,285,23,18,0,326,0,0,0,326
10/13/2019,SMF,CA,AWP,WE,Towers with Radar,325,17,5,0,347,0,0,23,2,25,325,17,28,2,372,0,0,0,372
10/14/2019,SMF,CA,AWP,WE,Towers with Radar,359,32,3,0,394,0,1,9,0,10,359,33,12,0,404,0,0,0,404
10/15/2019,SMF,CA,AWP,WE,Towers with Radar,357,36,3,0,396,0,0,8,0,8,357,36,11,0,404,0,0,0,404
10/16/2019,SMF,CA,AWP,WE,Towers with Radar,350,39,2,0,391,0,1,11,0,12,350,40,13,0,403,5,0,5,408
10/17/2019,SMF,CA,AWP,WE,Towers with Radar,356,35,9,0,400,0,0,6,0,6,356,35,15,0,406,0,0,0,406
10/18/2019,SMF,CA,AWP,WE,Towers with Radar,359,35,8,0,402,0,0,23,0,23,359,35,31,0,425,0,0,0,425
10/19/2019,SMF,CA,AWP,WE,Towers with Radar,279,32,2,0,313,0,0,9,0,9,279,32,11,0,322,0,0,0,322
10/20/2019,SMF,CA,AWP,WE,Towers with Radar,313,18,5,0,336,0,2,8,0,10,313,20,13,0,346,0,0,0,346
10/21/2019,SMF,CA,AWP,WE,Towers with Radar,356,33,5,0,394,0,0,12,1,13,356,33,17,1,407,1,0,1,408
10/22/2019,SMF,CA,AWP,WE,Towers with Radar,347,40,7,0,394,0,1,11,0,12,347,41,18,0,406,4,0,4,410
10/23/2019,SMF,CA,AWP,WE,Towers with Radar,349,38,8,0,395,0,2,13,1,16,349,40,21,1,411,0,0,0,411
10/24/2019,SMF,CA,AWP,WE,Towers with Radar,350,30,8,2,390,0,0,6,0,6,350,30,14,2,396,2,0,2,398
10/25/2019,SMF,CA,AWP,WE,Towers with Radar,360,39,9,3,411,0,1,20,1,22,360,40,29,4,433,0,2,2,435
10/26/2019,SMF,CA,AWP,WE,Towers with Radar,271,25,3,0,299,0,0,9,0,9,271,25,12,0,308,6,0,6,314
10/27/2019,SMF,CA,AWP,WE,Towers with Radar,308,23,4,0,335,0,0,7,0,7,308,23,11,0,342,0,0,0,342
10/28/2019,SMF,CA,AWP,WE,Towers with Radar,338,39,7,4,388,0,1,16,1,18,338,40,23,5,406,0,6,6,412
10/29/2019,SMF,CA,AWP,WE,Towers with Radar,332,42,2,11,387,0,1,14,1,16,332,43,16,12,403,1,9,10,413
10/30/2019,SMF,CA,AWP,WE,Towers with Radar,324,46,4,0,374,0,0,18,0,18,324,46,22,0,392,0,0,0,392
10/31/2019,SMF,CA,AWP,WE,Towers with Radar,308,40,10,9,367,0,2,14,4,20,308,42,24,13,387,2,11,13,400
11/01/2019,SMF,CA,AWP,WE,Towers with Radar,337,39,11,1,388,0,0,14,1,15,337,39,25,2,403,0,2,2,405
11/02/2019,SMF,CA,AWP,WE,Towers with Radar,268,23,6,0,297,0,0,10,0,10,268,23,16,0,307,0,0,0,307
11/03/2019,SMF,CA,AWP,WE,Towers with Radar,316,29,2,0,347,0,0,10,0,10,316,29,12,0,357,0,0,0,357
11/04/2019,SMF,CA,AWP,WE,Towers with Radar,332,39,7,3,381,0,0,15,6,21,332,39,22,9,402,0,5,5,407
11/05/2019,SMF,CA,AWP,WE,Towers with Radar,330,42,3,4,379,0,0,11,0,11,330,42,14,4,390,0,3,3,393
11/06/2019,SMF,CA,AWP,WE,Towers with Radar,334,40,4,3,381,0,0,10,0,10,334,40,14,3,391,5,0,5,396
11/07/2019,SMF,CA,AWP,WE,Towers with Radar,349,40,4,2,395,0,0,5,0,5,349,40,9,2,400,2,0,2,402
11/08/2019,SMF,CA,AWP,WE,Towers with Radar,344,44,7,11,406,0,2,15,1,18,344,46,22,12,424,1,4,5,429
11/09/2019,SMF,CA,AWP,WE,Towers with Radar,271,25,7,0,303,0,0,5,0,5,271,25,12,0,308,1,0,1,309
11/10/2019,SMF,CA,AWP,WE,Towers with Radar,318,30,8,0,356,0,0,7,0,7,318,30,15,0,363,0,0,0,363
11/11/2019,SMF,CA,AWP,WE,Towers with Radar,341,40,7,0,388,0,0,13,0,13,341,40,20,0,401,2,0,2,403
11/12/2019,SMF,CA,AWP,WE,Towers with Radar,333,40,7,2,382,0,0,10,2,12,333,40,17,4,394,0,1,1,395
11/13/2019,SMF,CA,AWP,WE,Towers with Radar,342,38,6,1,387,0,2,14,1,17,342,40,20,2,404,5,2,7,411
11/14/2019,SMF,CA,AWP,WE,Towers with Radar,346,45,12,3,406,0,0,7,0,7,346,45,19,3,413,5,1,6,419
11/15/2019,SMF,CA,AWP,WE,Towers with Radar,345,41,9,2,397,0,0,16,0,16,345,41,25,2,413,0,0,0,413
11/16/2019,SMF,CA,AWP,WE,Towers with Radar,268,28,6,0,302,0,0,10,0,10,268,28,16,0,312,2,0,2,314
11/17/2019,SMF,CA,AWP,WE,Towers with Radar,328,26,8,0,362,0,0,10,0,10,328,26,18,0,372,0,0,0,372
11/18/2019,SMF,CA,AWP,WE,Towers with Radar,340,40,7,6,393,0,0,12,0,12,340,40,19,6,405,2,0,2,407
11/19/2019,SMF,CA,AWP,WE,Towers with Radar,340,46,7,6,399,0,0,10,2,12,340,46,17,8,411,0,0,0,411
11/20/2019,SMF,CA,AWP,WE,Towers with Radar,335,38,15,2,390,0,2,5,0,7,335,40,20,2,397,0,0,0,397
11/21/2019,SMF,CA,AWP,WE,Towers with Radar,345,42,6,0,393,0,1,15,0,16,345,43,21,0,409,4,9,13,422
11/22/2019,SMF,CA,AWP,WE,Towers with Radar,347,44,8,3,402,0,0,13,1,14,347,44,21,4,416,0,7,7,423
11/23/2019,SMF,CA,AWP,WE,Towers with Radar,293,31,6,0,330,0,1,6,0,7,293,32,12,0,337,0,0,0,337
11/24/2019,SMF,CA,AWP,WE,Towers with Radar,320,25,5,0,350,0,0,8,2,10,320,25,13,2,360,0,0,0,360
11/25/2019,SMF,CA,AWP,WE,Towers with Radar,324,44,3,3,374,0,0,4,1,5,324,44,7,4,379,0,4,4,383
11/26/2019,SMF,CA,AWP,WE,Towers with Radar,350,43,7,4,404,0,0,1,0,1,350,43,8,4,405,0,2,2,407
11/27/2019,SMF,CA,AWP,WE,Towers with Radar,344,44,6,3,397,0,0,1,1,2,344,44,7,4,399,0,7,7,406
11/28/2019,SMF,CA,AWP,WE,Towers with Radar,244,12,1,0,257,0,0,7,0,7,244,12,8,0,264,0,0,0,264
11/29/2019,SMF,CA,AWP,WE,Towers with Radar,262,36,3,0,301,0,1,7,0,8,262,37,10,0,309,0,0,0,309
11/30/2019,SMF,CA,AWP,WE,Towers with Radar,305,34,7,0,346,0,0,3,0,3,305,34,10,0,349,0,0,0,349
12/01/2019,SMF,CA,AWP,WE,Towers with Radar,342,19,10,0,371,0,0,1,0,1,342,19,11,0,372,0,0,0,372
12/02/2019,SMF,CA,AWP,WE,Towers with Radar,351,35,12,0,398,0,0,0,0,0,351,35,12,0,398,0,0,0,398
12/03/2019,SMF,CA,AWP,WE,Towers with Radar,356,44,9,2,411,0,0,4,2,6,356,44,13,4,417,0,0,0,417
12/04/2019,SMF,CA,AWP,WE,Towers with Radar,332,48,8,16,404,0,0,0,0,0,332,48,8,16,404,0,6,6,410
12/05/2019,SMF,CA,AWP,WE,Towers with Radar,363,43,6,9,421,0,2,6,1,9,363,45,12,10,430,0,4,4,434
12/06/2019,SMF,CA,AWP,WE,Towers with Radar,346,33,12,7,398,0,2,3,1,6,346,35,15,8,404,0,0,0,404
12/07/2019,SMF,CA,AWP,WE,Towers with Radar,255,27,10,1,293,0,0,1,0,1,255,27,11,1,294,0,0,0,294
12/08/2019,SMF,CA,AWP,WE,Towers with Radar,324,20,4,0,348,0,0,4,0,4,324,20,8,0,352,0,0,0,352
12/09/2019,SMF,CA,AWP,WE,Towers with Radar,344,35,9,2,390,0,2,5,0,7,344,37,14,2,397,0,0,0,397
12/10/2019,SMF,CA,AWP,WE,Towers with Radar,335,44,10,2,391,0,0,0,0,0,335,44,10,2,391,0,9,9,400
12/11/2019,SMF,CA,AWP,WE,Towers with Radar,343,42,10,1,396,0,0,4,0,4,343,42,14,1,400,0,0,0,400
12/12/2019,SMF,CA,AWP,WE,Towers with Radar,357,43,29,0,429,0,0,2,0,2,357,43,31,0,431,0,0,0,431
12/13/2019,SMF,CA,AWP,WE,Towers with Radar,348,37,35,0,420,0,0,5,0,5,348,37,40,0,425,0,0,0,425
12/14/2019,SMF,CA,AWP,WE,Towers with Radar,259,30,3,0,292,0,0,7,0,7,259,30,10,0,299,0,0,0,299
12/15/2019,SMF,CA,AWP,WE,Towers with Radar,323,22,6,0,351,0,0,11,0,11,323,22,17,0,362,0,0,0,362
12/16/2019,SMF,CA,AWP,WE,Towers with Radar,338,37,13,0,388,0,0,23,0,23,338,37,36,0,411,0,0,0,411
12/17/2019,SMF,CA,AWP,WE,Towers with Radar,337,43,7,6,393,0,6,6,2,14,337,49,13,8,407,3,11,14,421
12/18/2019,SMF,CA,AWP,WE,Towers with Radar,350,47,6,23,426,0,0,1,1,2,350,47,7,24,428,0,4,4,432
12/19/2019,SMF,CA,AWP,WE,Towers with Radar,353,46,14,0,413,0,0,3,0,3,353,46,17,0,416,0,0,0,416
12/20/2019,SMF,CA,AWP,WE,Towers with Radar,348,44,9,2,403,0,0,8,0,8,348,44,17,2,411,1,7,8,419
12/21/2019,SMF,CA,AWP,WE,Towers with Radar,305,29,0,0,334,0,0,2,0,2,305,29,2,0,336,0,0,0,336
12/22/2019,SMF,CA,AWP,WE,Towers with Radar,314,23,4,0,341,0,0,1,0,1,314,23,5,0,342,0,0,0,342
12/23/2019,SMF,CA,AWP,WE,Towers with Radar,343,30,8,5,386,0,4,12,1,17,343,34,20,6,403,0,3,3,406
12/24/2019,SMF,CA,AWP,WE,Towers with Radar,306,31,6,0,343,0,0,2,0,2,306,31,8,0,345,2,0,2,347
12/25/2019,SMF,CA,AWP,WE,Towers with Radar,279,11,0,0,290,0,0,2,0,2,279,11,2,0,292,0,0,0,292
12/26/2019,SMF,CA,AWP,WE,Towers with Radar,335,32,6,1,374,0,1,7,0,8,335,33,13,1,382,0,0,0,382
12/27/2019,SMF,CA,AWP,WE,Towers with Radar,350,37,5,1,393,0,0,16,1,17,350,37,21,2,410,0,3,3,413
12/28/2019,SMF,CA,AWP,WE,Towers with Radar,305,24,6,0,335,0,0,9,1,10,305,24,15,1,345,0,0,0,345
12/29/2019,SMF,CA,AWP,WE,Towers with Radar,334,13,8,0,355,0,0,0,0,0,334,13,8,0,355,15,0,15,370
12/30/2019,SMF,CA,AWP,WE,Towers with Radar,339,32,5,4,380,0,0,12,2,14,339,32,17,6,394,0,5,5,399
12/31/2019,SMF,CA,AWP,WE,Towers with Radar,307,32,1,0,340,0,1,12,0,13,307,33,13,0,353,0,0,0,353
01/01/2020,SMF,CA,AWP,WE,Towers with Radar,312,14,1,0,327,0,1,5,0,6,312,15,6,0,333,0,0,0,333
01/02/2020,SMF,CA,AWP,WE,Towers with Radar,342,36,6,0,384,0,0,9,0,9,342,36,15,0,393,0,0,0,393
01/03/2020,SMF,CA,AWP,WE,Towers with Radar,343,31,10,13,397,0,0,9,1,10,343,31,19,14,407,4,5,9,416
01/04/2020,SMF,CA,AWP,WE,Towers with Radar,280,17,11,4,312,0,0,6,0,6,280,17,17,4,318,0,1,1,319
01/05/2020,SMF,CA,AWP,WE,Towers with Radar,350,16,16,0,382,0,0,6,0,6,350,16,22,0,388,0,0,0,388
01/06/2020,SMF,CA,AWP,WE,Towers with Radar,344,31,19,0,394,0,0,11,4,15,344,31,30,4,409,0,9,9,418
01/07/2020,SMF,CA,AWP,WE,Towers with Radar,340,32,10,0,382,0,0,0,0,0,340,32,10,0,382,0,0,0,382
01/08/2020,SMF,CA,AWP,WE,Towers with Radar,336,32,6,0,374,0,0,0,0,0,336,32,6,0,374,0,0,0,374
01/09/2020,SMF,CA,AWP,WE,Towers with Radar,350,32,10,4,396,0,0,11,0,11,350,32,21,4,407,0,0,0,407
01/10/2020,SMF,CA,AWP,WE,Towers with Radar,335,38,11,0,384,0,0,11,0,11,335,38,22,0,395,1,0,1,396
01/11/2020,SMF,CA,AWP,WE,Towers with Radar,235,23,8,0,266,0,0,7,0,7,235,23,15,0,273,0,0,0,273
01/12/2020,SMF,CA,AWP,WE,Towers with Radar,310,18,6,0,334,0,0,4,0,4,310,18,10,0,338,0,0,0,338
01/13/2020,SMF,CA,AWP,WE,Towers with Radar,339,32,4,3,378,0,0,13,1,14,339,32,17,4,392,3,3,6,398
01/14/2020,SMF,CA,AWP,WE,Towers with Radar,320,34,5,0,359,0,0,11,2,13,320,34,16,2,372,0,0,0,372
01/15/2020,SMF,CA,AWP,WE,Towers with Radar,330,33,11,0,374,0,2,21,0,23,330,35,32,0,397,2,0,2,399
01/16/2020,SMF,CA,AWP,WE,Towers with Radar,335,31,11,10,387,0,0,1,0,1,335,31,12,10,388,0,2,2,390
01/17/2020,SMF,CA,AWP,WE,Towers with Radar,338,35,15,2,390,0,0,2,2,4,338,35,17,4,394,0,2,2,396
01/18/2020,SMF,CA,AWP,WE,Towers with Radar,225,22,15,1,263,0,0,7,0,7,225,22,22,1,270,1,0,1,271
01/19/2020,SMF,CA,AWP,WE,Towers with Radar,279,15,5,1,300,0,0,0,0,0,279,15,5,1,300,0,0,0,300
01/20/2020,SMF,CA,AWP,WE,Towers with Radar,336,35,13,0,384,0,0,1,0,1,336,35,14,0,385,0,0,0,385
01/21/2020,SMF,CA,AWP,WE,Towers with Radar,321,39,21,1,382,0,0,0,6,6,321,39,21,7,388,0,18,18,406
01/22/2020,SMF,CA,AWP,WE,Towers with Radar,333,32,5,1,371,0,0,2,1,3,333,32,7,2,374,0,0,0,374
01/23/2020,SMF,CA,AWP,WE,Towers with Radar,351,31,9,0,391,0,0,2,0,2,351,31,11,0,393,0,0,0,393
01/24/2020,SMF,CA,AWP,WE,Towers with Radar,336,34,5,1,376,0,0,7,2,9,336,34,12,3,385,0,1,1,386
01/25/2020,SMF,CA,AWP,WE,Towers with Radar,225,23,5,0,253,0,0,2,0,2,225,23,7,0,255,0,0,0,255
01/26/2020,SMF,CA,AWP,WE,Towers with Radar,310,11,4,0,325,0,0,4,0,4,310,11,8,0,329,5,0,5,334
01/27/2020,SMF,CA,AWP,WE,Towers with Radar,330,43,10,0,383,0,0,9,0,9,330,43,19,0,392,3,0,3,395
01/28/2020,SMF,CA,AWP,WE,Towers with Radar,330,35,10,6,381,0,0,3,0,3,330,35,13,6,384,0,0,0,384
01/29/2020,SMF,CA,AWP,WE,Towers with Radar,326,38,5,0,369,0,0,10,2,12,326,38,15,2,381,2,0,2,383
01/30/2020,SMF,CA,AWP,WE,Towers with Radar,341,40,9,3,393,0,1,9,1,11,341,41,18,4,404,0,1,1,405
01/31/2020,SMF,CA,AWP,WE,Towers with Radar,334,34,11,1,380,0,0,10,6,16,334,34,21,7,396,0,17,17,413
02/01/2020,SMF,CA,AWP,WE,Towers with Radar,221,22,7,0,250,0,0,9,0,9,221,22,16,0,259,0,0,0,259
02/02/2020,SMF,CA,AWP,WE,Towers with Radar,287,14,4,0,305,0,0,1,0,1,287,14,5,0,306,0,0,0,306
02/03/2020,SMF,CA,AWP,WE,Towers with Radar,333,34,11,5,383,0,0,9,5,14,333,34,20,10,397,0,20,20,417
02/04/2020,SMF,CA,AWP,WE,Towers with Radar,327,38,7,13,385,0,0,12,2,14,327,38,19,15,399,4,8,12,411
02/05/2020,SMF,CA,AWP,WE,Towers with Radar,325,28,8,0,361,0,1,11,0,12,325,29,19,0,373,0,0,0,373
02/06/2020,SMF,CA,AWP,WE,Towers with Radar,338,32,20,0,390,0,0,12,0,12,338,32,32,0,402,6,0,6,408
02/07/2020,SMF,CA,AWP,WE,Towers with Radar,337,36,7,0,380,0,2,12,2,16,337,38,19,2,396,12,2,14,410
02/08/2020,SMF,CA,AWP,WE,Towers with Radar,231,19,12,0,262,0,6,17,0,23,231,25,29,0,285,0,0,0,285
02/09/2020,SMF,CA,AWP,WE,Towers with Radar,313,23,6,0,342,0,0,4,0,4,313,23,10,0,346,0,0,0,346
02/10/2020,SMF,CA,AWP,WE,Towers with Radar,333,31,6,11,381,0,1,6,5,12,333,32,12,16,393,0,26,26,419
02/11/2020,SMF,CA,AWP,WE,Towers with Radar,316,33,6,1,356,0,0,10,2,12,316,33,16,3,368,0,4,4,372
02/12/2020,SMF,CA,AWP,WE,Towers with Radar,331,33,6,1,371,0,0,15,1,16,331,33,21,2,387,0,4,4,391
02/13/2020,SMF,CA,AWP,WE,Towers with Radar,338,39,8,1,386,0,1,11,1,13,338,40,19,2,399,0,10,10,409
02/14/2020,SMF,CA,AWP,WE,Towers with Radar,333,45,5,2,385,0,4,24,4,32,333,49,29,6,417,38,6,44,461
02/15/2020,SMF,CA,AWP,WE,Towers with Radar,233,23,4,0,260,0,2,6,0,8,233,25,10,0,268,0,0,0,268
02/16/2020,SMF,CA,AWP,WE,Towers with Radar,284,20,2,0,306,0,0,7,0,7,284,20,9,0,313,6,0,6,319
02/17/2020,SMF,CA,AWP,WE,Towers with Radar,328,31,13,0,372,0,0,10,0,10,328,31,23,0,382,34,0,34,416
02/18/2020,SMF,CA,AWP,WE,Towers with Radar,334,43,8,3,388,0,1,11,3,15,334,44,19,6,403,0,28,28,431
02/19/2020,SMF,CA,AWP,WE,Towers with Radar,333,39,9,0,381,0,0,16,0,16,333,39,25,0,397,14,0,14,411
02/20/2020,SMF,CA,AWP,WE,Towers with Radar,342,42,6,1,391,0,1,8,1,10,342,43,14,2,401,0,0,0,401
02/21/2020,SMF,CA,AWP,WE,Towers with Radar,337,37,8,2,384,0,0,9,0,9,337,37,17,2,393,0,0,0,393
02/22/2020,SMF,CA,AWP,WE,Towers with Radar,242,24,5,0,271,0,0,16,0,16,242,24,21,0,287,4,0,4,291
02/23/2020,SMF,CA,AWP,WE,Towers with Radar,305,24,9,0,338,0,0,6,0,6,305,24,15,0,344,0,0,0,344
02/24/2020,SMF,CA,AWP,WE,Towers with Radar,330,38,4,0,372,0,0,7,0,7,330,38,11,0,379,0,0,0,379
02/25/2020,SMF,CA,AWP,WE,Towers with Radar,326,37,9,0,372,0,0,10,0,10,326,37,19,0,382,0,0,0,382
02/26/2020,SMF,CA,AWP,WE,Towers with Radar,330,41,2,8,381,0,0,5,1,6,330,41,7,9,387,12,0,12,399
02/27/2020,SMF,CA,AWP,WE,Towers with Radar,340,40,3,0,383,0,0,8,2,10,340,40,11,2,393,6,0,6,399
02/28/2020,SMF,CA,AWP,WE,Towers with Radar,334,43,4,0,381,0,4,13,0,17,334,47,17,0,398,14,0,14,412
02/29/2020,SMF,CA,AWP,WE,Towers with Radar,241,20,2,0,263,0,0,4,1,5,241,20,6,1,268,0,0,0,268
03/01/2020,SMF,CA,AWP,WE,Towers with Radar,299,19,9,0,327,0,0,8,1,9,299,19,17,1,336,0,0,0,336
03/02/2020,SMF,CA,AWP,WE,Towers with Radar,332,36,6,5,379,0,0,11,5,16,332,36,17,10,395,0,24,24,419
03/03/2020,SMF,CA,AWP,WE,Towers with Radar,328,36,12,2,378,0,0,13,0,13,328,36,25,2,391,2,0,2,393
03/04/2020,SMF,CA,AWP,WE,Towers with Radar,325,35,6,2,368,0,0,15,0,15,325,35,21,2,383,6,0,6,389
03/05/2020,SMF,CA,AWP,WE,Towers with Radar,335,39,12,7,393,0,0,23,7,30,335,39,35,14,423,20,24,44,467
03/06/2020,SMF,CA,AWP,WE,Towers with Radar,339,33,7,6,385,0,0,11,1,12,339,33,18,7,397,0,8,8,405
03/07/2020,SMF,CA,AWP,WE,Towers with Radar,245,23,6,2,276,0,0,0,0,0,245,23,6,2,276,0,4,4,280
03/08/2020,SMF,CA,AWP,WE,Towers with Radar,296,16,6,4,322,0,0,6,0,6,296,16,12,4,328,0,6,6,334
03/09/2020,SMF,CA,AWP,WE,Towers with Radar,332,31,10,5,378,0,1,9,1,11,332,32,19,6,389,0,10,10,399
03/10/2020,SMF,CA,AWP,WE,Towers with Radar,332,37,9,0,378,0,0,19,0,19,332,37,28,0,397,28,0,28,425
03/11/2020,SMF,CA,AWP,WE,Towers with Radar,341,34,15,2,392,0,0,26,0,26,341,34,41,2,418,14,0,14,432
03/12/2020,SMF,CA,AWP,WE,Towers with Radar,346,39,11,4,400,0,0,13,5,18,346,39,24,9,418,0,8,8,426
03/13/2020,SMF,CA,AWP,WE,Towers with Radar,336,32,9,0,377,0,0,8,0,8,336,32,17,0,385,8,0,8,393
03/14/2020,SMF,CA,AWP,WE,Towers with Radar,239,18,2,0,259,0,0,0,0,0,239,18,2,0,259,0,0,0,259
03/15/2020,SMF,CA,AWP,WE,Towers with Radar,288,17,3,0,308,0,0,2,0,2,288,17,5,0,310,0,0,0,310
03/16/2020,SMF,CA,AWP,WE,Towers with Radar,330,34,12,0,376,0,0,0,0,0,330,34,12,0,376,0,0,0,376
03/17/2020,SMF,CA,AWP,WE,Towers with Radar,325,34,14,0,373,0,0,2,0,2,325,34,16,0,375,0,0,0,375
03/18/2020,SMF,CA,AWP,WE,Towers with Radar,300,29,8,0,337,0,1,2,0,3,300,30,10,0,340,28,0,28,368
03/19/2020,SMF,CA,AWP,WE,Towers with Radar,289,27,11,0,327,0,0,12,0,12,289,27,23,0,339,16,0,16,355
03/20/2020,SMF,CA,AWP,WE,Towers with Radar,290,25,8,0,323,0,1,18,0,19,290,26,26,0,342,0,0,0,342
03/21/2020,SMF,CA,AWP,WE,Towers with Radar,210,14,2,0,226,0,0,3,0,3,210,14,5,0,229,0,0,0,229
03/22/2020,SMF,CA,AWP,WE,Towers with Radar,204,10,4,0,218,0,0,5,0,5,204,10,9,0,223,0,0,0,223
03/23/2020,SMF,CA,AWP,WE,Towers with Radar,250,22,5,0,277,0,4,1,0,5,250,26,6,0,282,0,0,0,282
03/24/2020,SMF,CA,AWP,WE,Towers with Radar,247,22,2,13,284,0,0,0,3,3,247,22,2,16,287,0,24,24,311
03/25/2020,SMF,CA,AWP,WE,Towers with Radar,229,22,4,0,255,0,1,10,0,11,229,23,14,0,266,0,0,0,266
03/26/2020,SMF,CA,AWP,WE,Towers with Radar,231,22,6,0,259,0,0,1,0,1,231,22,7,0,260,0,0,0,260
03/27/2020,SMF,CA,AWP,WE,Towers with Radar,173,21,6,2,202,0,4,11,0,15,173,25,17,2,217,12,0,12,229
03/28/2020,SMF,CA,AWP,WE,Towers with Radar,130,14,1,0,145,0,0,0,0,0,130,14,1,0,145,0,0,0,145
03/29/2020,SMF,CA,AWP,WE,Towers with Radar,147,12,3,0,162,0,0,3,0,3,147,12,6,0,165,4,0,4,169
03/30/2020,SMF,CA,AWP,WE,Towers with Radar,160,20,6,0,186,0,0,2,0,2,160,20,8,0,188,0,0,0,188
03/31/2020,SMF,CA,AWP,WE,Towers with Radar,154,23,6,4,187,0,0,5,1,6,154,23,11,5,193,2,0,2,195
04/01/2020,SMF,CA,AWP,WE,Towers with Radar,149,31,2,0,182,0,0,12,0,12,149,31,14,0,194,0,0,0,194
04/02/2020,SMF,CA,AWP,WE,Towers with Radar,143,27,3,0,173,0,1,12,0,13,143,28,15,0,186,0,0,0,186
04/03/2020,SMF,CA,AWP,WE,Towers with Radar,134,23,0,0,157,0,1,11,0,12,134,24,11,0,169,4,0,4,173
04/04/2020,SMF,CA,AWP,WE,Towers with Radar,106,18,3,0,127,0,0,1,0,1,106,18,4,0,128,0,0,0,128
04/05/2020,SMF,CA,AWP,WE,Towers with Radar,124,15,1,0,140,0,0,0,0,0,124,15,1,0,140,0,0,0,140
04/06/2020,SMF,CA,AWP,WE,Towers with Radar,114,29,4,4,151,0,0,1,0,1,114,29,5,4,152,0,0,0,152
04/07/2020,SMF,CA,AWP,WE,Towers with Radar,125,24,8,5,162,0,0,7,2,9,125,24,15,7,171,6,18,24,195
04/08/2020,SMF,CA,AWP,WE,Towers with Radar,123,31,13,0,167,0,0,12,0,12,123,31,25,0,179,0,0,0,179
04/09/2020,SMF,CA,AWP,WE,Towers with Radar,121,31,12,0,164,0,1,5,0,6,121,32,17,0,170,2,0,2,172
04/10/2020,SMF,CA,AWP,WE,Towers with Radar,123,26,7,0,156,0,0,3,1,4,123,26,10,1,160,0,0,0,160
04/11/2020,SMF,CA,AWP,WE,Towers with Radar,98,15,0,0,113,0,0,3,0,3,98,15,3,0,116,0,0,0,116
04/12/2020,SMF,CA,AWP,WE,Towers with Radar,106,6,0,0,112,0,0,0,0,0,106,6,0,0,112,0,0,0,112
04/13/2020,SMF,CA,AWP,WE,Towers with Radar,107,19,10,3,139,0,0,6,3,9,107,19,16,6,148,0,16,16,164
04/14/2020,SMF,CA,AWP,WE,Towers with Radar,111,20,1,0,132,0,0,7,0,7,111,20,8,0,139,4,0,4,143
04/15/2020,SMF,CA,AWP,WE,Towers with Radar,106,18,7,0,131,0,1,6,0,7,106,19,13,0,138,0,0,0,138
04/16/2020,SMF,CA,AWP,WE,Towers with Radar,104,17,3,6,130,0,0,3,0,3,104,17,6,6,133,0,0,0,133
04/17/2020,SMF,CA,AWP,WE,Towers with Radar,113,21,2,1,137,0,2,8,1,11,113,23,10,2,148,6,8,14,162
04/18/2020,SMF,CA,AWP,WE,Towers with Radar,90,11,1,0,102,0,0,4,0,4,90,11,5,0,106,0,0,0,106
04/19/2020,SMF,CA,AWP,WE,Towers with Radar,92,11,4,0,107,0,0,8,0,8,92,11,12,0,115,0,0,0,115
04/20/2020,SMF,CA,AWP,WE,Towers with Radar,90,21,5,7,123,0,0,10,5,15,90,21,15,12,138,4,34,38,176
04/21/2020,SMF,CA,AWP,WE,Towers with Radar,107,23,3,0,133,0,0,12,4,16,107,23,15,4,149,0,10,10,159
04/22/2020,SMF,CA,AWP,WE,Towers with Radar,94,24,9,4,131,0,2,8,2,12,94,26,17,6,143,6,14,20,163
04/23/2020,SMF,CA,AWP,WE,Towers with Radar,101,23,3,10,137,0,1,6,1,8,101,24,9,11,145,0,24,24,169
04/24/2020,SMF,CA,AWP,WE,Towers with Radar,99,22,12,2,135,0,4,12,4,20,99,26,24,6,155,4,12,16,171
04/25/2020,SMF,CA,AWP,WE,Towers with Radar,81,12,2,3,98,0,0,10,2,12,81,12,12,5,110,4,0,4,114
04/26/2020,SMF,CA,AWP,WE,Towers with Radar,97,9,3,0,109,0,0,6,0,6,97,9,9,0,115,0,10,10,125
04/27/2020,SMF,CA,AWP,WE,Towers with Radar,93,18,9,1,121,0,0,17,1,18,93,18,26,2,139,2,8,10,149
04/28/2020,SMF,CA,AWP,WE,Towers with Radar,107,24,9,9,149,0,0,15,1,16,107,24,24,10,165,6,12,18,183
04/29/2020,SMF,CA,AWP,WE,Towers with Radar,100,20,10,15,145,0,0,10,1,11,100,20,20,16,156,2,32,34,190
04/30/2020,SMF,CA,AWP,WE,Towers with Radar,110,23,15,8,156,0,0,46,2,48,110,23,61,10,204,0,42,42,246
05/01/2020,SMF,CA,AWP,WE,Towers with Radar,107,16,6,3,132,0,0,9,3,12,107,16,15,6,144,0,14,14,158
05/02/2020,SMF,CA,AWP,WE,Towers with Radar,88,10,3,0,101,0,0,3,1,4,88,10,6,1,105,0,0,0,105
05/03/2020,SMF,CA,AWP,WE,Towers with Radar,96,4,6,0,106,0,0,12,0,12,96,4,18,0,118,20,0,20,138
05/04/2020,SMF,CA,AWP,WE,Towers with Radar,98,22,2,3,125,0,0,10,0,10,98,22,12,3,135,0,10,10,145
05/05/2020,SMF,CA,AWP,WE,Towers with Radar,102,21,10,3,136,0,0,7,8,15,102,21,17,11,151,0,18,18,169
05/06/2020,SMF,CA,AWP,WE,Towers with Radar,99,21,12,11,143,0,1,12,3,16,99,22,24,14,159,0,10,10,169
05/07/2020,SMF,CA,AWP,WE,Towers with Radar,105,28,4,2,139,0,0,12,0,12,105,28,16,2,151,0,0,0,151
05/08/2020,SMF,CA,AWP,WE,Towers with Radar,105,22,3,0,130,0,0,12,0,12,105,22,15,0,142,26,0,26,168
05/09/2020,SMF,CA,AWP,WE,Towers with Radar,93,20,2,0,115,0,0,10,0,10,93,20,12,0,125,12,0,12,137
05/10/2020,SMF,CA,AWP,WE,Towers with Radar,104,8,2,0,114,0,1,2,0,3,104,9,4,0,117,10,0,10,127
05/11/2020,SMF,CA,AWP,WE,Towers with Radar,98,16,6,5,125,0,2,7,3,12,98,18,13,8,137,2,28,30,167
05/12/2020,SMF,CA,AWP,WE,Towers with Radar,102,22,13,6,143,0,0,3,1,4,102,22,16,7,147,20,10,30,177
05/13/2020,SMF,CA,AWP,WE,Towers with Radar,98,28,7,4,137,0,1,3,0,4,98,29,10,4,141,8,0,8,149
05/14/2020,SMF,CA,AWP,WE,Towers with Radar,108,18,9,0,135,0,0,1,2,3,108,18,10,2,138,0,2,2,140
05/15/2020,SMF,CA,AWP,WE,Towers with Radar,106,22,6,0,134,0,0,11,0,11,106,22,17,0,145,0,0,0,145
05/16/2020,SMF,CA,AWP,WE,Towers with Radar,91,13,6,0,110,0,0,10,0,10,91,13,16,0,120,0,0,0,120
05/17/2020,SMF,CA,AWP,WE,Towers with Radar,103,4,2,0,109,0,0,0,0,0,103,4,2,0,109,0,0,0,109
05/18/2020,SMF,CA,AWP,WE,Towers with Radar,101,20,3,2,126,0,0,5,0,5,101,20,8,2,131,0,6,6,137
05/19/2020,SMF,CA,AWP,WE,Towers with Radar,100,22,8,6,136,0,0,14,4,18,100,22,22,10,154,14,22,36,190
05/20/2020,SMF,CA,AWP,WE,Towers with Radar,100,22,6,4,132,0,0,12,3,15,100,22,18,7,147,14,24,38,185
05/21/2020,SMF,CA,AWP,WE,Towers with Radar,105,18,12,2,137,0,0,14,5,19,105,18,26,7,156,20,20,40,196
05/22/2020,SMF,CA,AWP,WE,Towers with Radar,115,23,9,10,157,0,1,5,0,6,115,24,14,10,163,12,0,12,175
05/23/2020,SMF,CA,AWP,WE,Towers with Radar,98,9,1,1,109,0,0,3,0,3,98,9,4,1,112,12,0,12,124
05/24/2020,SMF,CA,AWP,WE,Towers with Radar,102,6,1,0,109,0,0,10,0,10,102,6,11,0,119,8,0,8,127
05/25/2020,SMF,CA,AWP,WE,Towers with Radar,105,8,1,0,114,0,0,5,0,5,105,8,6,0,119,0,0,0,119
05/26/2020,SMF,CA,AWP,WE,Towers with Radar,101,23,10,0,134,1,0,13,0,14,102,23,23,0,148,16,0,16,164
05/27/2020,SMF,CA,AWP,WE,Towers with Radar,102,21,19,0,142,0,1,9,2,12,102,22,28,2,154,21,0,21,175
05/28/2020,SMF,CA,AWP,WE,Towers with Radar,114,23,11,26,174,0,0,9,4,13,114,23,20,30,187,0,34,34,221
05/29/2020,SMF,CA,AWP,WE,Towers with Radar,108,22,2,1,133,0,0,2,1,3,108,22,4,2,136,4,12,16,152
05/30/2020,SMF,CA,AWP,WE,Towers with Radar,99,15,1,0,115,0,0,4,0,4,99,15,5,0,119,0,0,0,119
05/31/2020,SMF,CA,AWP,WE,Towers with Radar,110,7,5,0,122,6,0,9,0,15,116,7,14,0,137,2,0,2,139
06/01/2020,SMF,CA,AWP,WE,Towers with Radar,110,24,7,16,157,0,0,8,4,12,110,24,15,20,169,0,12,12,181
06/02/2020,SMF,CA,AWP,WE,Towers with Radar,113,18,1,3,135,0,0,4,0,4,113,18,5,3,139,0,6,6,145
06/03/2020,SMF,CA,AWP,WE,Towers with Radar,114,18,5,1,138,0,2,5,1,8,114,20,10,2,146,20,8,28,174
06/04/2020,SMF,CA,AWP,WE,Towers with Radar,119,22,5,2,148,0,0,16,2,18,119,22,21,4,166,26,26,52,218
06/05/2020,SMF,CA,AWP,WE,Towers with Radar,121,24,1,0,146,0,2,8,4,14,121,26,9,4,160,12,12,24,184
06/06/2020,SMF,CA,AWP,WE,Towers with Radar,120,11,6,7,144,0,3,5,1,9,120,14,11,8,153,18,8,26,179
06/07/2020,SMF,CA,AWP,WE,Towers with Radar,151,5,2,0,158,0,0,2,0,2,151,5,4,0,160,0,0,0,160
06/08/2020,SMF,CA,AWP,WE,Towers with Radar,149,16,9,3,177,0,0,17,3,20,149,16,26,6,197,34,30,64,261
06/09/2020,SMF,CA,AWP,WE,Towers with Radar,136,20,7,3,166,0,0,14,3,17,136,20,21,6,183,0,6,6,189
06/10/2020,SMF,CA,AWP,WE,Towers with Radar,144,27,9,2,182,0,1,7,4,12,144,28,16,6,194,2,16,18,212
06/11/2020,SMF,CA,AWP,WE,Towers with Radar,157,22,4,1,184,0,2,10,0,12,157,24,14,1,196,10,0,10,206
06/12/2020,SMF,CA,AWP,WE,Towers with Radar,157,24,6,6,193,7,2,14,7,30,164,26,20,13,223,2,12,14,237
06/13/2020,SMF,CA,AWP,WE,Towers with Radar,142,9,5,0,156,0,2,10,0,12,142,11,15,0,168,20,0,20,188
06/14/2020,SMF,CA,AWP,WE,Towers with Radar,157,3,8,0,168,0,0,12,1,13,157,3,20,1,181,12,0,12,193
06/15/2020,SMF,CA,AWP,WE,Towers with Radar,156,25,5,6,192,0,2,18,0,20,156,27,23,6,212,0,0,0,212
06/16/2020,SMF,CA,AWP,WE,Towers with Radar,147,23,3,1,174,0,2,11,4,17,147,25,14,5,191,24,26,50,241
06/17/2020,SMF,CA,AWP,WE,Towers with Radar,149,26,2,10,187,0,1,11,4,16,149,27,13,14,203,44,26,70,273
06/18/2020,SMF,CA,AWP,WE,Towers with Radar,159,32,5,14,210,0,6,13,16,35,159,38,18,30,245,30,68,98,343
06/19/2020,SMF,CA,AWP,WE,Towers with Radar,158,22,9,1,190,0,2,21,2,25,158,24,30,3,215,14,12,26,241
06/20/2020,SMF,CA,AWP,WE,Towers with Radar,144,9,5,1,159,0,0,16,0,16,144,9,21,1,175,2,0,2,177
06/21/2020,SMF,CA,AWP,WE,Towers with Radar,164,2,4,0,170,0,0,12,0,12,164,2,16,0,182,4,0,4,186
06/22/2020,SMF,CA,AWP,WE,Towers with Radar,171,22,9,0,202,0,0,14,0,14,171,22,23,0,216,12,0,12,228
06/23/2020,SMF,CA,AWP,WE,Towers with Radar,155,20,5,0,180,0,0,11,0,11,155,20,16,0,191,2,0,2,193
06/24/2020,SMF,CA,AWP,WE,Towers with Radar,158,24,8,4,194,0,5,19,0,24,158,29,27,4,218,28,6,34,252
06/25/2020,SMF,CA,AWP,WE,Towers with Radar,173,22,6,0,201,0,2,13,0,15,173,24,19,0,216,26,0,26,242
06/26/2020,SMF,CA,AWP,WE,Towers with Radar,169,20,9,0,198,0,2,19,0,21,169,22,28,0,219,24,0,24,243
06/27/2020,SMF,CA,AWP,WE,Towers with Radar,154,11,3,0,168,0,2,9,0,11,154,13,12,0,179,56,0,56,235
06/28/2020,SMF,CA,AWP,WE,Towers with Radar,162,5,3,0,170,0,0,11,1,12,162,5,14,1,182,0,0,0,182
06/29/2020,SMF,CA,AWP,WE,Towers with Radar,171,18,4,4,197,0,0,18,2,20,171,18,22,6,217,22,4,26,243
06/30/2020,SMF,CA,AWP,WE,Towers with Radar,165,21,6,3,195,0,0,7,2,9,165,21,13,5,204,2,6,8,212
07/01/2020,SMF,CA,AWP,WE,Towers with Radar,170,19,2,0,191,0,0,11,0,11,170,19,13,0,202,34,0,34,236
07/02/2020,SMF,CA,AWP,WE,Towers with Radar,185,20,5,4,214,0,6,17,0,23,185,26,22,4,237,56,12,68,305
07/03/2020,SMF,CA,AWP,WE,Towers with Radar,177,17,3,0,197,0,0,18,0,18,177,17,21,0,215,14,0,14,229
07/04/2020,SMF,CA,AWP,WE,Towers with Radar,129,2,1,0,132,0,2,7,0,9,129,4,8,0,141,0,0,0,141
07/05/2020,SMF,CA,AWP,WE,Towers with Radar,177,7,3,0,187,0,0,7,0,7,177,7,10,0,194,0,0,0,194
07/06/2020,SMF,CA,AWP,WE,Towers with Radar,183,21,3,0,207,0,0,15,0,15,183,21,18,0,222,0,0,0,222
07/07/2020,SMF,CA,AWP,WE,Towers with Radar,186,22,8,5,221,0,0,7,4,11,186,22,15,9,232,46,8,54,286
07/08/2020,SMF,CA,AWP,WE,Towers with Radar,189,21,5,2,217,0,0,11,1,12,189,21,16,3,229,14,8,22,251
07/09/2020,SMF,CA,AWP,WE,Towers with Radar,202,20,7,0,229,0,0,18,0,18,202,20,25,0,247,20,0,20,267
07/10/2020,SMF,CA,AWP,WE,Towers with Radar,196,23,4,6,229,0,0,8,0,8,196,23,12,6,237,0,0,0,237
07/11/2020,SMF,CA,AWP,WE,Towers with Radar,180,13,3,0,196,0,1,9,0,10,180,14,12,0,206,42,0,42,248
07/12/2020,SMF,CA,AWP,WE,Towers with Radar,195,9,9,0,213,0,0,9,0,9,195,9,18,0,222,18,0,18,240
07/13/2020,SMF,CA,AWP,WE,Towers with Radar,191,21,6,0,218,0,2,8,0,10,191,23,14,0,228,2,0,2,230
07/14/2020,SMF,CA,AWP,WE,Towers with Radar,192,26,4,4,226,0,0,5,2,7,192,26,9,6,233,0,20,20,253
07/15/2020,SMF,CA,AWP,WE,Towers with Radar,192,21,2,4,219,0,2,14,5,21,192,23,16,9,240,6,20,26,266
07/16/2020,SMF,CA,AWP,WE,Towers with Radar,201,20,4,3,228,0,3,15,1,19,201,23,19,4,247,16,12,28,275
07/17/2020,SMF,CA,AWP,WE,Towers with Radar,201,22,9,10,242,0,0,20,0,20,201,22,29,10,262,5,10,15,277
07/18/2020,SMF,CA,AWP,WE,Towers with Radar,187,11,2,0,200,0,2,3,1,6,187,13,5,1,206,18,0,18,224
07/19/2020,SMF,CA,AWP,WE,Towers with Radar,195,8,2,0,205,0,0,15,0,15,195,8,17,0,220,0,0,0,220
07/20/2020,SMF,CA,AWP,WE,Towers with Radar,193,17,9,3,222,0,0,6,0,6,193,17,15,3,228,0,8,8,236
07/21/2020,SMF,CA,AWP,WE,Towers with Radar,191,22,6,8,227,0,2,11,1,14,191,24,17,9,241,16,12,28,269
07/22/2020,SMF,CA,AWP,WE,Towers with Radar,194,22,4,0,220,0,0,14,0,14,194,22,18,0,234,34,0,34,268
07/23/2020,SMF,CA,AWP,WE,Towers with Radar,207,18,5,4,234,0,0,12,1,13,207,18,17,5,247,16,0,16,263
07/24/2020,SMF,CA,AWP,WE,Towers with Radar,204,25,7,2,238,0,2,4,0,6,204,27,11,2,244,0,0,0,244
07/25/2020,SMF,CA,AWP,WE,Towers with Radar,194,15,2,0,211,0,3,4,0,7,194,18,6,0,218,0,0,0,218
07/26/2020,SMF,CA,AWP,WE,Towers with Radar,193,8,4,0,205,0,1,18,1,20,193,9,22,1,225,28,0,28,253
07/27/2020,SMF,CA,AWP,WE,Towers with Radar,196,23,4,2,225,0,0,14,3,17,196,23,18,5,242,26,6,32,274
07/28/2020,SMF,CA,AWP,WE,Towers with Radar,184,23,3,2,212,0,0,11,4,15,184,23,14,6,227,12,4,16,243
07/29/2020,SMF,CA,AWP,WE,Towers with Radar,187,22,7,2,218,0,1,14,2,17,187,23,21,4,235,18,0,18,253
07/30/2020,SMF,CA,AWP,WE,Towers with Radar,199,24,20,2,245,0,0,12,0,12,199,24,32,2,257,4,8,12,269
07/31/2020,SMF,CA,AWP,WE,Towers with Radar,200,21,1,0,222,2,2,19,1,24,202,23,20,1,246,28,0,28,274
08/01/2020,SMF,CA,AWP,WE,Towers with Radar,183,12,2,0,197,0,2,7,0,9,183,14,9,0,206,40,0,40,246
08/02/2020,SMF,CA,AWP,WE,Towers with Radar,198,6,8,0,212,4,0,2,0,6,202,6,10,0,218,0,0,0,218
08/03/2020,SMF,CA,AWP,WE,Towers with Radar,193,20,9,2,224,0,0,11,0,11,193,20,20,2,235,4,0,4,239
08/04/2020,SMF,CA,AWP,WE,Towers with Radar,191,26,8,4,229,0,0,10,4,14,191,26,18,8,243,0,0,0,243
08/05/2020,SMF,CA,AWP,WE,Towers with Radar,187,25,4,0,216,0,0,11,2,13,187,25,15,2,229,24,6,30,259
08/06/2020,SMF,CA,AWP,WE,Towers with Radar,198,22,6,0,226,0,0,8,0,8,198,22,14,0,234,0,0,0,234
08/07/2020,SMF,CA,AWP,WE,Towers with Radar,202,27,7,2,238,0,2,4,0,6,202,29,11,2,244,22,4,26,270
08/08/2020,SMF,CA,AWP,WE,Towers with Radar,187,13,2,8,210,0,3,10,0,13,187,16,12,8,223,20,8,28,251
08/09/2020,SMF,CA,AWP,WE,Towers with Radar,194,15,4,0,213,0,2,4,0,6,194,17,8,0,219,22,0,22,241
08/10/2020,SMF,CA,AWP,WE,Towers with Radar,193,24,15,2,234,0,0,4,0,4,193,24,19,2,238,18,0,18,256
08/11/2020,SMF,CA,AWP,WE,Towers with Radar,179,32,9,3,223,0,0,11,3,14,179,32,20,6,237,0,6,6,243
08/12/2020,SMF,CA,AWP,WE,Towers with Radar,181,32,10,0,223,0,1,8,0,9,181,33,18,0,232,28,0,28,260
08/13/2020,SMF,CA,AWP,WE,Towers with Radar,196,29,13,2,240,0,2,6,0,8,196,31,19,2,248,20,0,20,268
08/14/2020,SMF,CA,AWP,WE,Towers with Radar,196,30,5,3,234,0,2,3,1,6,196,32,8,4,240,6,6,12,252
08/15/2020,SMF,CA,AWP,WE,Towers with Radar,170,14,1,4,189,0,1,4,0,5,170,15,5,4,194,4,0,4,198
08/16/2020,SMF,CA,AWP,WE,Towers with Radar,183,18,8,0,209,0,2,6,0,8,183,20,14,0,217,2,0,2,219
08/17/2020,SMF,CA,AWP,WE,Towers with Radar,186,26,14,4,230,0,4,11,0,15,186,30,25,4,245,42,4,46,291
08/18/2020,SMF,CA,AWP,WE,Towers with Radar,184,26,7,0,217,0,0,2,1,3,184,26,9,1,220,10,0,10,230
08/19/2020,SMF,CA,AWP,WE,Towers with Radar,182,27,5,5,219,0,0,1,3,4,182,27,6,8,223,0,10,10,233
08/20/2020,SMF,CA,AWP,WE,Towers with Radar,195,26,6,0,227,0,0,0,0,0,195,26,6,0,227,0,0,0,227
08/21/2020,SMF,CA,AWP,WE,Towers with Radar,194,25,9,0,228,0,0,5,0,5,194,25,14,0,233,0,0,0,233
08/22/2020,SMF,CA,AWP,WE,Towers with Radar,166,17,3,0,186,0,0,0,0,0,166,17,3,0,186,0,0,0,186
08/23/2020,SMF,CA,AWP,WE,Towers with Radar,187,8,3,0,198,0,0,1,0,1,187,8,4,0,199,0,0,0,199
08/24/2020,SMF,CA,AWP,WE,Towers with Radar,187,22,10,0,219,0,0,2,0,2,187,22,12,0,221,0,0,0,221
08/25/2020,SMF,CA,AWP,WE,Towers with Radar,186,26,8,4,224,0,0,5,0,5,186,26,13,4,229,2,0,2,231
08/26/2020,SMF,CA,AWP,WE,Towers with Radar,179,28,5,0,212,0,1,2,0,3,179,29,7,0,215,0,0,0,215
08/27/2020,SMF,CA,AWP,WE,Towers with Radar,192,24,3,2,221,0,0,13,0,13,192,24,16,2,234,2,4,6,240
08/28/2020,SMF,CA,AWP,WE,Towers with Radar,196,25,9,2,232,0,2,8,0,10,196,27,17,2,242,24,4,28,270
08/29/2020,SMF,CA,AWP,WE,Towers with Radar,168,19,7,6,200,0,0,3,0,3,168,19,10,6,203,0,4,4,207
08/30/2020,SMF,CA,AWP,WE,Towers with Radar,186,10,6,0,202,0,0,9,0,9,186,10,15,0,211,0,0,0,211
08/31/2020,SMF,CA,AWP,WE,Towers with Radar,189,24,23,0,236,0,3,11,0,14,189,27,34,0,250,20,0,20,270
09/01/2020,SMF,CA,AWP,WE,Towers with Radar,188,25,14,1,228,0,0,7,1,8,188,25,21,2,236,6,0,6,242
09/02/2020,SMF,CA,AWP,WE,Towers with Radar,183,24,11,3,221,0,0,18,1,19,183,24,29,4,240,26,0,26,266
09/03/2020,SMF,CA,AWP,WE,Towers with Radar,202,31,9,12,254,0,0,3,0,3,202,31,12,12,257,8,14,22,279
09/04/2020,SMF,CA,AWP,WE,Towers with Radar,200,26,11,0,237,0,0,21,0,21,200,26,32,0,258,4,0,4,262
09/05/2020,SMF,CA,AWP,WE,Towers with Radar,163,19,3,0,185,0,0,6,0,6,163,19,9,0,191,0,0,0,191
09/06/2020,SMF,CA,AWP,WE,Towers with Radar,164,13,2,0,179,0,0,2,0,2,164,13,4,0,181,0,0,0,181
09/07/2020,SMF,CA,AWP,WE,Towers with Radar,175,9,4,0,188,0,0,12,0,12,175,9,16,0,200,2,0,2,202
09/08/2020,SMF,CA,AWP,WE,Towers with Radar,169,22,10,10,211,0,0,0,0,0,169,22,10,10,211,0,0,0,211
09/09/2020,SMF,CA,AWP,WE,Towers with Radar,164,25,8,8,205,0,3,5,1,9,164,28,13,9,214,0,18,18,232
09/10/2020,SMF,CA,AWP,WE,Towers with Radar,171,26,12,2,211,0,0,2,0,2,171,26,14,2,213,8,0,8,221
09/11/2020,SMF,CA,AWP,WE,Towers with Radar,176,31,10,0,217,0,0,0,0,0,176,31,10,0,217,0,0,0,217
09/12/2020,SMF,CA,AWP,WE,Towers with Radar,166,17,15,0,198,0,0,0,0,0,166,17,15,0,198,0,0,0,198
09/13/2020,SMF,CA,AWP,WE,Towers with Radar,168,10,9,2,189,0,0,0,0,0,168,10,9,2,189,0,0,0,189
09/14/2020,SMF,CA,AWP,WE,Towers with Radar,165,26,7,4,202,0,0,0,0,0,165,26,7,4,202,0,0,0,202
09/15/2020,SMF,CA,AWP,WE,Towers with Radar,164,27,5,5,201,0,0,1,1,2,164,27,6,6,203,0,10,10,213
09/16/2020,SMF,CA,AWP,WE,Towers with Radar,160,29,7,5,201,0,0,11,1,12,160,29,18,6,213,6,6,12,225
09/17/2020,SMF,CA,AWP,WE,Towers with Radar,169,27,6,0,202,0,2,3,0,5,169,29,9,0,207,0,0,0,207
09/18/2020,SMF,CA,AWP,WE,Towers with Radar,172,25,10,0,207,0,0,16,0,16,172,25,26,0,223,20,0,20,243
09/19/2020,SMF,CA,AWP,WE,Towers with Radar,164,17,3,2,186,0,0,5,0,5,164,17,8,2,191,8,0,8,199
09/20/2020,SMF,CA,AWP,WE,Towers with Radar,170,13,2,0,185,0,0,2,0,2,170,13,4,0,187,0,0,0,187
09/21/2020,SMF,CA,AWP,WE,Towers with Radar,164,23,4,0,191,0,0,19,0,19,164,23,23,0,210,8,4,12,222
09/22/2020,SMF,CA,AWP,WE,Towers with Radar,166,26,5,3,200,0,1,16,1,18,166,27,21,4,218,6,0,6,224
09/23/2020,SMF,CA,AWP,WE,Towers with Radar,161,25,6,5,197,0,0,8,1,9,161,25,14,6,206,0,0,0,206
09/24/2020,SMF,CA,AWP,WE,Towers with Radar,172,28,7,6,213,0,0,7,1,8,172,28,14,7,221,10,0,10,231
09/25/2020,SMF,CA,AWP,WE,Towers with Radar,173,26,5,7,211,0,1,10,6,17,173,27,15,13,228,0,0,0,228
09/26/2020,SMF,CA,AWP,WE,Towers with Radar,165,17,2,0,184,0,0,8,0,8,165,17,10,0,192,0,0,0,192
09/27/2020,SMF,CA,AWP,WE,Towers with Radar,168,14,3,0,185,0,0,10,0,10,168,14,13,0,195,0,0,0,195
09/28/2020,SMF,CA,AWP,WE,Towers with Radar,164,25,3,4,196,0,0,10,4,14,164,25,13,8,210,4,8,12,222
09/29/2020,SMF,CA,AWP,WE,Towers with Radar,174,24,5,5,208,0,0,3,1,4,174,24,8,6,212,0,8,8,220
09/30/2020,SMF,CA,AWP,WE,Towers with Radar,166,29,3,5,203,0,0,3,1,4,166,29,6,6,207,0,0,0,207
10/01/2020,SMF,CA,AWP,WE,Towers with Radar,180,25,9,2,216,0,0,1,0,1,180,25,10,2,217,0,0,0,217
10/02/2020,SMF,CA,AWP,WE,Towers with Radar,183,23,11,0,217,0,1,0,0,1,183,24,11,0,218,0,0,0,218
10/03/2020,SMF,CA,AWP,WE,Towers with Radar,173,11,4,0,188,0,0,4,0,4,173,11,8,0,192,0,0,0,192
10/04/2020,SMF,CA,AWP,WE,Towers with Radar,182,9,5,0,196,0,0,4,1,5,182,9,9,1,201,0,0,0,201
10/05/2020,SMF,CA,AWP,WE,Towers with Radar,200,21,8,2,231,0,0,10,0,10,200,21,18,2,241,12,0,12,253
10/06/2020,SMF,CA,AWP,WE,Towers with Radar,164,21,12,0,197,0,0,2,2,4,164,21,14,2,201,2,4,6,207
10/07/2020,SMF,CA,AWP,WE,Towers with Radar,169,27,7,8,211,0,0,11,1,12,169,27,18,9,223,8,6,14,237
10/08/2020,SMF,CA,AWP,WE,Towers with Radar,189,20,12,4,225,0,0,10,0,10,189,20,22,4,235,0,0,0,235
10/09/2020,SMF,CA,AWP,WE,Towers with Radar,188,21,6,6,221,0,2,7,0,9,188,23,13,6,230,8,0,8,238
10/10/2020,SMF,CA,AWP,WE,Towers with Radar,173,16,5,0,194,0,4,5,0,9,173,20,10,0,203,8,0,8,211
10/11/2020,SMF,CA,AWP,WE,Towers with Radar,187,7,4,0,198,0,0,6,0,6,187,7,10,0,204,0,0,0,204
10/12/2020,SMF,CA,AWP,WE,Towers with Radar,183,25,5,0,213,0,1,7,0,8,183,26,12,0,221,8,0,8,229
10/13/2020,SMF,CA,AWP,WE,Towers with Radar,168,24,7,7,206,0,0,25,1,26,168,24,32,8,232,18,32,50,282
10/14/2020,SMF,CA,AWP,WE,Towers with Radar,172,21,9,3,205,0,0,17,5,22,172,21,26,8,227,18,12,30,257
10/15/2020,SMF,CA,AWP,WE,Towers with Radar,189,26,4,8,227,0,0,25,4,29,189,26,29,12,256,34,15,49,305
10/16/2020,SMF,CA,AWP,WE,Towers with Radar,196,24,5,5,230,0,0,10,0,10,196,24,15,5,240,14,0,14,254
10/17/2020,SMF,CA,AWP,WE,Towers with Radar,182,10,4,0,196,0,0,7,0,7,182,10,11,0,203,0,0,0,203
10/18/2020,SMF,CA,AWP,WE,Towers with Radar,193,5,5,0,203,0,0,8,0,8,193,5,13,0,211,0,0,0,211
10/19/2020,SMF,CA,AWP,WE,Towers with Radar,190,18,9,2,219,0,0,18,2,20,190,18,27,4,239,16,10,26,265
10/20/2020,SMF,CA,AWP,WE,Towers with Radar,174,20,13,8,215,0,0,6,5,11,174,20,19,13,226,0,34,34,260
10/21/2020,SMF,CA,AWP,WE,Towers with Radar,177,29,6,5,217,0,2,18,0,20,177,31,24,5,237,22,0,22,259
10/22/2020,SMF,CA,AWP,WE,Towers with Radar,187,26,8,4,225,0,0,11,0,11,187,26,19,4,236,4,4,8,244
10/23/2020,SMF,CA,AWP,WE,Towers with Radar,190,22,6,0,218,0,0,10,0,10,190,22,16,0,228,0,0,0,228
10/24/2020,SMF,CA,AWP,WE,Towers with Radar,172,10,3,0,185,0,0,6,0,6,172,10,9,0,191,0,0,0,191
10/25/2020,SMF,CA,AWP,WE,Towers with Radar,189,12,5,0,206,0,3,4,0,7,189,15,9,0,213,0,0,0,213
10/26/2020,SMF,CA,AWP,WE,Towers with Radar,186,22,6,14,228,0,1,9,11,21,186,23,15,25,249,0,34,34,283
10/27/2020,SMF,CA,AWP,WE,Towers with Radar,177,24,8,0,209,0,0,10,0,10,177,24,18,0,219,2,0,2,221
10/28/2020,SMF,CA,AWP,WE,Towers with Radar,178,24,17,0,219,0,0,18,0,18,178,24,35,0,237,0,0,0,237
10/29/2020,SMF,CA,AWP,WE,Towers with Radar,185,27,1,2,215,0,3,11,2,16,185,30,12,4,231,6,18,24,255
10/30/2020,SMF,CA,AWP,WE,Towers with Radar,185,24,5,0,214,0,1,10,0,11,185,25,15,0,225,7,0,7,232
10/31/2020,SMF,CA,AWP,WE,Towers with Radar,170,13,2,0,185,0,0,4,0,4,170,13,6,0,189,6,0,6,195
11/01/2020,SMF,CA,AWP,WE,Towers with Radar,193,5,4,0,202,0,0,13,0,13,193,5,17,0,215,16,0,16,231
11/02/2020,SMF,CA,AWP,WE,Towers with Radar,181,23,9,1,214,0,1,12,5,18,181,24,21,6,232,4,0,4,236
11/03/2020,SMF,CA,AWP,WE,Towers with Radar,173,22,7,0,202,0,2,10,2,14,173,24,17,2,216,8,4,12,228
11/04/2020,SMF,CA,AWP,WE,Towers with Radar,175,23,6,1,205,0,0,14,1,15,175,23,20,2,220,2,0,2,222
11/05/2020,SMF,CA,AWP,WE,Towers with Radar,216,22,8,2,248,0,2,5,0,7,216,24,13,2,255,0,0,0,255
11/06/2020,SMF,CA,AWP,WE,Towers with Radar,211,29,4,0,244,0,2,5,2,9,211,31,9,2,253,0,0,0,253
11/07/2020,SMF,CA,AWP,WE,Towers with Radar,165,13,3,0,181,0,0,8,0,8,165,13,11,0,189,0,0,0,189
11/08/2020,SMF,CA,AWP,WE,Towers with Radar,221,10,2,0,233,0,0,2,0,2,221,10,4,0,235,0,0,0,235
11/09/2020,SMF,CA,AWP,WE,Towers with Radar,203,24,11,0,238,0,2,9,0,11,203,26,20,0,249,0,0,0,249
11/10/2020,SMF,CA,AWP,WE,Towers with Radar,168,25,7,4,204,0,2,13,2,17,168,27,20,6,221,22,4,26,247
11/11/2020,SMF,CA,AWP,WE,Towers with Radar,180,23,7,0,210,0,2,8,0,10,180,25,15,0,220,12,0,12,232
11/12/2020,SMF,CA,AWP,WE,Towers with Radar,205,25,3,0,233,0,2,7,2,11,205,27,10,2,244,22,8,30,274
11/13/2020,SMF,CA,AWP,WE,Towers with Radar,212,21,3,2,238,0,0,1,2,3,212,21,4,4,241,0,6,6,247
11/14/2020,SMF,CA,AWP,WE,Towers with Radar,174,12,7,2,195,0,0,10,0,10,174,12,17,2,205,2,0,2,207
11/15/2020,SMF,CA,AWP,WE,Towers with Radar,211,10,6,0,227,0,0,6,0,6,211,10,12,0,233,0,0,0,233
11/16/2020,SMF,CA,AWP,WE,Towers with Radar,201,21,7,4,233,0,0,11,4,15,201,21,18,8,248,0,0,0,248
11/17/2020,SMF,CA,AWP,WE,Towers with Radar,169,32,10,4,215,0,0,2,2,4,169,32,12,6,219,0,0,0,219
11/18/2020,SMF,CA,AWP,WE,Towers with Radar,185,26,2,8,221,0,0,6,1,7,185,26,8,9,228,8,4,12,240
11/19/2020,SMF,CA,AWP,WE,Towers with Radar,220,22,8,0,250,0,0,5,0,5,220,22,13,0,255,22,0,22,277
11/20/2020,SMF,CA,AWP,WE,Towers with Radar,218,23,7,1,249,0,0,7,1,8,218,23,14,2,257,12,4,16,273
11/21/2020,SMF,CA,AWP,WE,Towers with Radar,211,18,5,0,234,0,0,4,0,4,211,18,9,0,238,0,0,0,238
11/22/2020,SMF,CA,AWP,WE,Towers with Radar,212,15,9,0,236,0,0,8,0,8,212,15,17,0,244,0,0,0,244
11/23/2020,SMF,CA,AWP,WE,Towers with Radar,216,22,7,0,245,0,1,8,2,11,216,23,15,2,256,0,2,2,258
11/24/2020,SMF,CA,AWP,WE,Towers with Radar,226,31,8,1,266,0,0,10,1,11,226,31,18,2,277,0,6,6,283
11/25/2020,SMF,CA,AWP,WE,Towers with Radar,233,23,7,0,263,0,1,11,0,12,233,24,18,0,275,0,0,0,275
11/26/2020,SMF,CA,AWP,WE,Towers with Radar,151,8,1,0,160,0,0,3,0,3,151,8,4,0,163,0,0,0,163
11/27/2020,SMF,CA,AWP,WE,Towers with Radar,199,23,2,0,224,0,0,11,0,11,199,23,13,0,235,6,0,6,241
11/28/2020,SMF,CA,AWP,WE,Towers with Radar,215,17,8,0,240,0,1,1,0,2,215,18,9,0,242,2,0,2,244
11/29/2020,SMF,CA,AWP,WE,Towers with Radar,237,14,4,2,257,0,0,10,0,10,237,14,14,2,267,8,0,8,275
11/30/2020,SMF,CA,AWP,WE,Towers with Radar,224,25,9,3,261,0,0,10,1,11,224,25,19,4,272,0,0,0,272
12/01/2020,SMF,CA,AWP,WE,Towers with Radar,226,28,9,0,263,0,0,19,1,20,226,28,28,1,283,24,0,24,307
12/02/2020,SMF,CA,AWP,WE,Towers with Radar,175,32,3,0,210,0,0,15,0,15,175,32,18,0,225,0,0,0,225
12/03/2020,SMF,CA,AWP,WE,Towers with Radar,188,27,8,0,223,0,0,12,0,12,188,27,20,0,235,22,0,22,257
12/04/2020,SMF,CA,AWP,WE,Towers with Radar,195,30,6,0,231,0,0,9,2,11,195,30,15,2,242,0,0,0,242
12/05/2020,SMF,CA,AWP,WE,Towers with Radar,168,13,1,0,182,0,0,14,0,14,168,13,15,0,196,6,0,6,202
12/06/2020,SMF,CA,AWP,WE,Towers with Radar,190,9,2,0,201,0,0,9,0,9,190,9,11,0,210,0,0,0,210
12/07/2020,SMF,CA,AWP,WE,Towers with Radar,179,22,8,6,215,0,0,9,1,10,179,22,17,7,225,0,10,10,235
12/08/2020,SMF,CA,AWP,WE,Towers with Radar,171,20,6,5,202,0,4,13,0,17,171,24,19,5,219,0,8,8,227
12/09/2020,SMF,CA,AWP,WE,Towers with Radar,173,23,4,0,200,0,0,10,0,10,173,23,14,0,210,0,0,0,210
12/10/2020,SMF,CA,AWP,WE,Towers with Radar,194,27,16,0,237,0,1,10,1,12,194,28,26,1,249,4,0,4,253
12/11/2020,SMF,CA,AWP,WE,Towers with Radar,194,24,9,0,227,0,1,8,0,9,194,25,17,0,236,0,0,0,236
12/12/2020,SMF,CA,AWP,WE,Towers with Radar,176,12,3,0,191,0,0,2,0,2,176,12,5,0,193,0,0,0,193
12/13/2020,SMF,CA,AWP,WE,Towers with Radar,192,8,7,0,207,0,0,0,0,0,192,8,7,0,207,0,0,0,207
12/14/2020,SMF,CA,AWP,WE,Towers with Radar,183,27,4,0,214,0,3,11,0,14,183,30,15,0,228,40,0,40,268
12/15/2020,SMF,CA,AWP,WE,Towers with Radar,172,26,10,0,208,0,0,11,2,13,172,26,21,2,221,0,0,0,221
12/16/2020,SMF,CA,AWP,WE,Towers with Radar,180,25,11,0,216,0,0,4,0,4,180,25,15,0,220,2,0,2,222
12/17/2020,SMF,CA,AWP,WE,Towers with Radar,219,30,7,4,260,0,0,8,0,8,219,30,15,4,268,24,4,28,296
12/18/2020,SMF,CA,AWP,WE,Towers with Radar,226,31,13,0,270,0,2,10,0,12,226,33,23,0,282,0,0,0,282
12/19/2020,SMF,CA,AWP,WE,Towers with Radar,222,18,3,0,243,0,2,6,0,8,222,20,9,0,251,0,0,0,251
12/20/2020,SMF,CA,AWP,WE,Towers with Radar,223,4,4,0,231,0,0,4,0,4,223,4,8,0,235,0,0,0,235
12/21/2020,SMF,CA,AWP,WE,Towers with Radar,222,20,6,0,248,0,0,0,0,0,222,20,6,0,248,0,0,0,248
12/22/2020,SMF,CA,AWP,WE,Towers with Radar,222,31,11,0,264,0,0,19,0,19,222,31,30,0,283,24,2,26,309
12/23/2020,SMF,CA,AWP,WE,Towers with Radar,238,30,5,1,274,0,0,8,1,9,238,30,13,2,283,0,0,0,283
12/24/2020,SMF,CA,AWP,WE,Towers with Radar,170,20,2,0,192,0,0,0,0,0,170,20,2,0,192,0,0,0,192
12/25/2020,SMF,CA,AWP,WE,Towers with Radar,144,4,0,0,148,0,0,2,0,2,144,4,2,0,150,0,0,0,150
12/26/2020,SMF,CA,AWP,WE,Towers with Radar,207,16,0,0,223,0,0,6,0,6,207,16,6,0,229,0,0,0,229
12/27/2020,SMF,CA,AWP,WE,Towers with Radar,236,9,3,0,248,0,0,8,0,8,236,9,11,0,256,0,0,0,256
12/28/2020,SMF,CA,AWP,WE,Towers with Radar,206,22,13,2,243,0,7,1,0,8,206,29,14,2,251,2,2,4,255
12/29/2020,SMF,CA,AWP,WE,Towers with Radar,214,27,5,0,246,0,5,24,2,31,214,32,29,2,277,22,10,32,309
12/30/2020,SMF,CA,AWP,WE,Towers with Radar,219,25,5,1,250,0,0,6,1,7,219,25,11,2,257,0,4,4,261
12/31/2020,SMF,CA,AWP,WE,Towers with Radar,169,22,2,0,193,0,0,6,0,6,169,22,8,0,199,2,0,2,201
01/01/2021,SMF,CA,AWP,WE,Towers with Radar,162,8,1,0,171,0,0,2,0,2,162,8,3,0,173,0,0,0,173
01/02/2021,SMF,CA,AWP,WE,Towers with Radar,210,16,5,0,231,0,0,0,0,0,210,16,5,0,231,0,0,0,231
01/03/2021,SMF,CA,AWP,WE,Towers with Radar,245,10,12,0,267,0,0,1,0,1,245,10,13,0,268,0,0,0,268
01/04/2021,SMF,CA,AWP,WE,Towers with Radar,213,24,6,0,243,0,0,3,0,3,213,24,9,0,246,0,0,0,246
01/05/2021,SMF,CA,AWP,WE,Towers with Radar,209,26,13,0,248,0,0,8,0,8,209,26,21,0,256,20,0,20,276
01/06/2021,SMF,CA,AWP,WE,Towers with Radar,202,24,2,0,228,0,0,7,0,7,202,24,9,0,235,0,0,0,235
01/07/2021,SMF,CA,AWP,WE,Towers with Radar,199,22,10,0,231,0,1,6,0,7,199,23,16,0,238,12,0,12,250
01/08/2021,SMF,CA,AWP,WE,Towers with Radar,195,24,7,0,226,0,2,7,0,9,195,26,14,0,235,0,0,0,235
01/09/2021,SMF,CA,AWP,WE,Towers with Radar,176,14,5,0,195,0,1,15,0,16,176,15,20,0,211,20,0,20,231
01/10/2021,SMF,CA,AWP,WE,Towers with Radar,187,11,9,0,207,0,0,3,0,3,187,11,12,0,210,0,0,0,210
01/11/2021,SMF,CA,AWP,WE,Towers with Radar,190,20,11,0,221,0,1,10,0,11,190,21,21,0,232,0,0,0,232
01/12/2021,SMF,CA,AWP,WE,Towers with Radar,183,25,9,0,217,0,0,2,0,2,183,25,11,0,219,0,0,0,219
01/13/2021,SMF,CA,AWP,WE,Towers with Radar,181,29,10,2,222,0,0,9,2,11,181,29,19,4,233,2,2,4,237
01/14/2021,SMF,CA,AWP,WE,Towers with Radar,190,27,9,4,230,0,0,5,2,7,190,27,14,6,237,6,36,42,279
01/15/2021,SMF,CA,AWP,WE,Towers with Radar,190,27,11,1,229,0,0,10,1,11,190,27,21,2,240,6,2,8,248
01/16/2021,SMF,CA,AWP,WE,Towers with Radar,165,12,0,0,177,0,0,7,1,8,165,12,7,1,185,0,0,0,185
01/17/2021,SMF,CA,AWP,WE,Towers with Radar,182,6,2,0,190,0,0,4,0,4,182,6,6,0,194,0,0,0,194
01/18/2021,SMF,CA,AWP,WE,Towers with Radar,184,22,7,0,213,0,0,9,0,9,184,22,16,0,222,14,0,14,236
01/19/2021,SMF,CA,AWP,WE,Towers with Radar,182,23,4,2,211,0,0,4,2,6,182,23,8,4,217,2,16,18,235
01/20/2021,SMF,CA,AWP,WE,Towers with Radar,182,24,7,1,214,0,2,20,0,22,182,26,27,1,236,16,10,26,262
01/21/2021,SMF,CA,AWP,WE,Towers with Radar,186,23,3,7,219,0,0,17,2,19,186,23,20,9,238,24,16,40,278
01/22/2021,SMF,CA,AWP,WE,Towers with Radar,194,21,12,13,240,0,0,9,8,17,194,21,21,21,257,0,38,38,295
01/23/2021,SMF,CA,AWP,WE,Towers with Radar,162,16,3,0,181,0,0,2,0,2,162,16,5,0,183,0,0,0,183
01/24/2021,SMF,CA,AWP,WE,Towers with Radar,190,6,1,0,197,0,0,0,0,0,190,6,1,0,197,0,0,0,197
01/25/2021,SMF,CA,AWP,WE,Towers with Radar,182,22,1,2,207,0,1,3,2,6,182,23,4,4,213,0,18,18,231
01/26/2021,SMF,CA,AWP,WE,Towers with Radar,175,23,4,15,217,0,0,0,4,4,175,23,4,19,221,0,32,32,253
01/27/2021,SMF,CA,AWP,WE,Towers with Radar,186,21,2,1,210,0,2,0,0,2,186,23,2,1,212,0,0,0,212
01/28/2021,SMF,CA,AWP,WE,Towers with Radar,182,29,11,30,252,0,0,0,0,0,182,29,11,30,252,0,10,10,262
01/29/2021,SMF,CA,AWP,WE,Towers with Radar,188,27,36,6,257,0,1,5,0,6,188,28,41,6,263,2,0,2,265
01/30/2021,SMF,CA,AWP,WE,Towers with Radar,163,14,1,0,178,0,0,5,0,5,163,14,6,0,183,2,0,2,185
01/31/2021,SMF,CA,AWP,WE,Towers with Radar,185,10,7,0,202,0,0,4,0,4,185,10,11,0,206,0,0,0,206
02/01/2021,SMF,CA,AWP,WE,Towers with Radar,184,20,4,1,209,0,0,6,5,11,184,20,10,6,220,2,18,20,240
02/02/2021,SMF,CA,AWP,WE,Towers with Radar,181,25,6,6,218,0,0,0,0,0,181,25,6,6,218,0,6,6,224
02/03/2021,SMF,CA,AWP,WE,Towers with Radar,171,23,4,11,209,0,4,5,2,11,171,27,9,13,220,0,0,0,220
02/04/2021,SMF,CA,AWP,WE,Towers with Radar,182,33,10,13,238,0,2,10,12,24,182,35,20,25,262,0,50,50,312
02/05/2021,SMF,CA,AWP,WE,Towers with Radar,190,25,10,10,235,0,0,22,0,22,190,25,32,10,257,2,12,14,271
02/06/2021,SMF,CA,AWP,WE,Towers with Radar,168,18,6,6,198,0,3,9,0,12,168,21,15,6,210,0,6,6,216
02/07/2021,SMF,CA,AWP,WE,Towers with Radar,186,7,7,0,200,0,2,10,0,12,186,9,17,0,212,0,0,0,212
02/08/2021,SMF,CA,AWP,WE,Towers with Radar,180,23,10,15,228,0,0,24,1,25,180,23,34,16,253,18,24,42,295
02/09/2021,SMF,CA,AWP,WE,Towers with Radar,181,25,4,3,213,0,1,16,3,20,181,26,20,6,233,4,42,46,279
02/10/2021,SMF,CA,AWP,WE,Towers with Radar,183,31,15,8,237,0,0,27,3,30,183,31,42,11,267,0,36,36,303
02/11/2021,SMF,CA,AWP,WE,Towers with Radar,178,29,7,16,230,0,3,8,3,14,178,32,15,19,244,0,46,46,290
02/12/2021,SMF,CA,AWP,WE,Towers with Radar,189,27,8,8,232,0,1,16,1,18,189,28,24,9,250,8,22,30,280
02/13/2021,SMF,CA,AWP,WE,Towers with Radar,148,16,3,0,167,0,1,2,0,3,148,17,5,0,170,0,0,0,170
02/14/2021,SMF,CA,AWP,WE,Towers with Radar,156,15,3,0,174,0,0,5,0,5,156,15,8,0,179,24,0,24,203
02/15/2021,SMF,CA,AWP,WE,Towers with Radar,175,24,10,0,209,0,0,1,0,1,175,24,11,0,210,0,0,0,210
02/16/2021,SMF,CA,AWP,WE,Towers with Radar,164,27,6,1,198,0,0,12,1,13,164,27,18,2,211,6,12,18,229
02/17/2021,SMF,CA,AWP,WE,Towers with Radar,159,26,11,8,204,0,2,10,3,15,159,28,21,11,219,0,0,0,219
02/18/2021,SMF,CA,AWP,WE,Towers with Radar,179,24,6,3,212,0,0,16,2,18,179,24,22,5,230,0,22,22,252
02/19/2021,SMF,CA,AWP,WE,Towers with Radar,190,24,6,3,223,0,0,0,0,0,190,24,6,3,223,0,0,0,223
02/20/2021,SMF,CA,AWP,WE,Towers with Radar,155,14,8,1,178,0,0,10,1,11,155,14,18,2,189,26,0,26,215
02/21/2021,SMF,CA,AWP,WE,Towers with Radar,181,15,4,0,200,0,0,1,1,2,181,15,5,1,202,0,0,0,202
02/22/2021,SMF,CA,AWP,WE,Towers with Radar,189,16,6,4,215,0,0,14,2,16,189,16,20,6,231,20,30,50,281
02/23/2021,SMF,CA,AWP,WE,Towers with Radar,173,24,1,9,207,0,0,2,3,5,173,24,3,12,212,0,8,8,220
02/24/2021,SMF,CA,AWP,WE,Towers with Radar,174,26,3,6,209,0,2,5,2,9,174,28,8,8,218,0,6,6,224
02/25/2021,SMF,CA,AWP,WE,Towers with Radar,185,21,10,4,220,0,2,7,2,11,185,23,17,6,231,20,16,36,267
02/26/2021,SMF,CA,AWP,WE,Towers with Radar,195,32,8,2,237,0,0,20,2,22,195,32,28,4,259,8,14,22,281
02/27/2021,SMF,CA,AWP,WE,Towers with Radar,159,15,4,1,179,0,1,3,2,6,159,16,7,3,185,0,10,10,195
02/28/2021,SMF,CA,AWP,WE,Towers with Radar,183,16,7,3,209,0,0,8,1,9,183,16,15,4,218,0,0,0,218
03/01/2021,SMF,CA,AWP,WE,Towers with Radar,186,26,7,0,219,0,1,5,0,6,186,27,12,0,225,0,0,0,225
03/02/2021,SMF,CA,AWP,WE,Towers with Radar,176,31,3,0,210,0,0,15,2,17,176,31,18,2,227,18,6,24,251
03/03/2021,SMF,CA,AWP,WE,Towers with Radar,172,30,4,4,210,0,0,14,0,14,172,30,18,4,224,6,0,6,230
03/04/2021,SMF,CA,AWP,WE,Towers with Radar,177,28,4,2,211,0,0,7,3,10,177,28,11,5,221,0,12,12,233
03/05/2021,SMF,CA,AWP,WE,Towers with Radar,190,24,3,1,218,0,0,18,1,19,190,24,21,2,237,18,16,34,271
03/06/2021,SMF,CA,AWP,WE,Towers with Radar,165,19,9,0,193,0,1,6,0,7,165,20,15,0,200,0,0,0,200
03/07/2021,SMF,CA,AWP,WE,Towers with Radar,203,16,8,1,228,0,0,9,1,10,203,16,17,2,238,2,16,18,256
03/08/2021,SMF,CA,AWP,WE,Towers with Radar,204,26,7,1,238,0,1,3,1,5,204,27,10,2,243,0,0,0,243
03/09/2021,SMF,CA,AWP,WE,Towers with Radar,173,22,11,12,218,0,0,4,1,5,173,22,15,13,223,10,6,16,239
03/10/2021,SMF,CA,AWP,WE,Towers with Radar,180,28,3,1,212,0,0,1,0,1,180,28,4,1,213,0,0,0,213
03/11/2021,SMF,CA,AWP,WE,Towers with Radar,212,29,8,0,249,0,0,14,0,14,212,29,22,0,263,0,0,0,263
03/12/2021,SMF,CA,AWP,WE,Towers with Radar,224,29,12,1,266,0,0,7,1,8,224,29,19,2,274,4,6,10,284
03/13/2021,SMF,CA,AWP,WE,Towers with Radar,176,19,7,2,204,0,0,15,1,16,176,19,22,3,220,10,0,10,230
03/14/2021,SMF,CA,AWP,WE,Towers with Radar,195,9,5,0,209,0,0,3,0,3,195,9,8,0,212,0,0,0,212
03/15/2021,SMF,CA,AWP,WE,Towers with Radar,197,26,6,4,233,0,1,5,4,10,197,27,11,8,243,8,20,28,271
03/16/2021,SMF,CA,AWP,WE,Towers with Radar,210,26,5,1,242,0,2,9,3,14,210,28,14,4,256,6,10,16,272
03/17/2021,SMF,CA,AWP,WE,Towers with Radar,198,27,5,0,230,0,0,14,0,14,198,27,19,0,244,14,0,14,258
03/18/2021,SMF,CA,AWP,WE,Towers with Radar,214,23,4,4,245,0,0,2,0,2,214,23,6,4,247,0,0,0,247
03/19/2021,SMF,CA,AWP,WE,Towers with Radar,220,30,3,0,253,0,0,2,0,2,220,30,5,0,255,0,0,0,255
03/20/2021,SMF,CA,AWP,WE,Towers with Radar,183,22,7,6,218,0,1,5,0,6,183,23,12,6,224,0,0,0,224
03/21/2021,SMF,CA,AWP,WE,Towers with Radar,211,11,3,2,227,0,0,9,0,9,211,11,12,2,236,0,0,0,236
03/22/2021,SMF,CA,AWP,WE,Towers with Radar,219,27,6,0,252,0,1,10,2,13,219,28,16,2,265,0,0,0,265
03/23/2021,SMF,CA,AWP,WE,Towers with Radar,214,27,17,17,275,0,1,13,6,20,214,28,30,23,295,6,44,50,345
03/24/2021,SMF,CA,AWP,WE,Towers with Radar,208,26,8,3,245,0,1,5,2,8,208,27,13,5,253,6,10,16,269
03/25/2021,SMF,CA,AWP,WE,Towers with Radar,212,31,9,5,257,0,0,20,5,25,212,31,29,10,282,20,30,50,332
03/26/2021,SMF,CA,AWP,WE,Towers with Radar,222,32,6,7,267,0,0,7,6,13,222,32,13,13,280,18,14,32,312
03/27/2021,SMF,CA,AWP,WE,Towers with Radar,185,19,8,2,214,0,0,22,1,23,185,19,30,3,237,4,0,4,241
03/28/2021,SMF,CA,AWP,WE,Towers with Radar,216,12,5,1,234,0,0,19,1,20,216,12,24,2,254,8,4,12,266
03/29/2021,SMF,CA,AWP,WE,Towers with Radar,222,26,14,7,269,0,0,12,1,13,222,26,26,8,282,14,0,14,296
03/30/2021,SMF,CA,AWP,WE,Towers with Radar,213,24,9,4,250,0,0,5,8,13,213,24,14,12,263,8,20,28,291
03/31/2021,SMF,CA,AWP,WE,Towers with Radar,212,24,12,1,249,0,0,6,1,7,212,24,18,2,256,0,12,12,268
04/01/2021,SMF,CA,AWP,WE,Towers with Radar,220,31,7,0,258,0,0,8,2,10,220,31,15,2,268,0,0,0,268
04/02/2021,SMF,CA,AWP,WE,Towers with Radar,228,34,16,0,278,0,0,22,0,22,228,34,38,0,300,14,6,20,320
04/03/2021,SMF,CA,AWP,WE,Towers with Radar,186,18,2,0,206,0,0,6,0,6,186,18,8,0,212,0,0,0,212
04/04/2021,SMF,CA,AWP,WE,Towers with Radar,228,14,2,0,244,0,0,3,0,3,228,14,5,0,247,0,0,0,247
04/05/2021,SMF,CA,AWP,WE,Towers with Radar,227,30,9,2,268,0,1,10,2,13,227,31,19,4,281,14,16,30,311
04/06/2021,SMF,CA,AWP,WE,Towers with Radar,224,29,8,2,263,0,2,5,0,7,224,31,13,2,270,4,18,22,292
04/07/2021,SMF,CA,AWP,WE,Towers with Radar,225,30,2,4,261,0,1,3,0,4,225,31,5,4,265,0,10,10,275
04/08/2021,SMF,CA,AWP,WE,Towers with Radar,229,30,5,4,268,0,0,13,4,17,229,30,18,8,285,16,0,16,301
04/09/2021,SMF,CA,AWP,WE,Towers with Radar,241,31,5,3,280,0,0,10,1,11,241,31,15,4,291,0,0,0,291
04/10/2021,SMF,CA,AWP,WE,Towers with Radar,192,15,1,0,208,0,0,6,0,6,192,15,7,0,214,82,0,82,296
04/11/2021,SMF,CA,AWP,WE,Towers with Radar,231,11,2,0,244,0,2,13,0,15,231,13,15,0,259,12,0,12,271
04/12/2021,SMF,CA,AWP,WE,Towers with Radar,218,27,6,5,256,0,2,13,0,15,218,29,19,5,271,2,12,14,285
04/13/2021,SMF,CA,AWP,WE,Towers with Radar,204,34,10,0,248,0,2,17,0,19,204,36,27,0,267,10,0,10,277
04/14/2021,SMF,CA,AWP,WE,Towers with Radar,200,33,8,3,244,0,0,14,3,17,200,33,22,6,261,0,6,6,267
04/15/2021,SMF,CA,AWP,WE,Towers with Radar,217,32,10,0,259,0,0,5,3,8,217,32,15,3,267,20,0,20,287
04/16/2021,SMF,CA,AWP,WE,Towers with Radar,227,24,13,0,264,0,0,14,0,14,227,24,27,0,278,16,0,16,294
04/17/2021,SMF,CA,AWP,WE,Towers with Radar,190,19,2,0,211,0,0,9,0,9,190,19,11,0,220,0,0,0,220
04/18/2021,SMF,CA,AWP,WE,Towers with Radar,216,15,12,0,243,0,0,14,1,15,216,15,26,1,258,0,0,0,258
04/19/2021,SMF,CA,AWP,WE,Towers with Radar,215,29,9,13,266,0,2,14,1,17,215,31,23,14,283,0,6,6,289
04/20/2021,SMF,CA,AWP,WE,Towers with Radar,200,36,10,4,250,0,0,23,4,27,200,36,33,8,277,2,24,26,303
04/21/2021,SMF,CA,AWP,WE,Towers with Radar,197,25,6,5,233,0,0,9,1,10,197,25,15,6,243,4,8,12,255
04/22/2021,SMF,CA,AWP,WE,Towers with Radar,223,34,8,0,265,0,0,16,0,16,223,34,24,0,281,2,0,2,283
04/23/2021,SMF,CA,AWP,WE,Towers with Radar,225,30,6,1,262,0,0,16,3,19,225,30,22,4,281,8,12,20,301
04/24/2021,SMF,CA,AWP,WE,Towers with Radar,189,13,5,2,209,0,0,12,0,12,189,13,17,2,221,18,0,18,239
04/25/2021,SMF,CA,AWP,WE,Towers with Radar,218,14,4,0,236,0,0,2,0,2,218,14,6,0,238,0,0,0,238
04/26/2021,SMF,CA,AWP,WE,Towers with Radar,220,27,5,5,257,0,0,4,8,12,220,27,9,13,269,0,26,26,295
04/27/2021,SMF,CA,AWP,WE,Towers with Radar,196,28,7,1,232,0,0,12,2,14,196,28,19,3,246,14,20,34,280
04/28/2021,SMF,CA,AWP,WE,Towers with Radar,196,25,9,2,232,0,0,13,1,14,196,25,22,3,246,8,6,14,260
04/29/2021,SMF,CA,AWP,WE,Towers with Radar,221,32,6,11,270,0,1,9,4,14,221,33,15,15,284,10,38,48,332
04/30/2021,SMF,CA,AWP,WE,Towers with Radar,222,25,5,2,254,0,0,17,1,18,222,25,22,3,272,34,2,36,308
05/01/2021,SMF,CA,AWP,WE,Towers with Radar,188,17,4,1,210,0,1,3,0,4,188,18,7,1,214,0,0,0,214
05/02/2021,SMF,CA,AWP,WE,Towers with Radar,217,10,2,0,229,0,0,8,0,8,217,10,10,0,237,2,0,2,239
05/03/2021,SMF,CA,AWP,WE,Towers with Radar,214,26,12,5,257,0,1,12,8,21,214,27,24,13,278,2,22,24,302
05/04/2021,SMF,CA,AWP,WE,Towers with Radar,197,32,8,2,239,0,1,15,1,17,197,33,23,3,256,38,6,44,300
05/05/2021,SMF,CA,AWP,WE,Towers with Radar,205,35,13,3,256,0,0,13,3,16,205,35,26,6,272,8,14,22,294
05/06/2021,SMF,CA,AWP,WE,Towers with Radar,223,34,12,3,272,0,0,14,1,15,223,34,26,4,287,0,6,6,293
05/07/2021,SMF,CA,AWP,WE,Towers with Radar,232,34,7,0,273,1,2,15,0,18,233,36,22,0,291,0,0,0,291
05/08/2021,SMF,CA,AWP,WE,Towers with Radar,196,16,1,0,213,0,0,4,0,4,196,16,5,0,217,0,0,0,217
05/09/2021,SMF,CA,AWP,WE,Towers with Radar,244,13,4,0,261,0,0,5,0,5,244,13,9,0,266,0,0,0,266
05/10/2021,SMF,CA,AWP,WE,Towers with Radar,243,29,11,5,288,0,1,21,3,25,243,30,32,8,313,10,24,34,347
05/11/2021,SMF,CA,AWP,WE,Towers with Radar,213,33,9,4,259,0,2,9,1,12,213,35,18,5,271,4,8,12,283
05/12/2021,SMF,CA,AWP,WE,Towers with Radar,225,28,4,5,262,0,1,9,5,15,225,29,13,10,277,12,42,54,331
05/13/2021,SMF,CA,AWP,WE,Towers with Radar,246,32,5,3,286,0,4,11,2,17,246,36,16,5,303,32,12,44,347
05/14/2021,SMF,CA,AWP,WE,Towers with Radar,254,29,10,0,293,0,4,14,4,22,254,33,24,4,315,4,10,14,329
05/15/2021,SMF,CA,AWP,WE,Towers with Radar,205,22,7,0,234,0,0,2,1,3,205,22,9,1,237,0,0,0,237
05/16/2021,SMF,CA,AWP,WE,Towers with Radar,239,16,3,0,258,0,0,9,0,9,239,16,12,0,267,4,0,4,271
05/17/2021,SMF,CA,AWP,WE,Towers with Radar,247,28,6,7,288,0,1,19,7,27,247,29,25,14,315,20,32,52,367
05/18/2021,SMF,CA,AWP,WE,Towers with Radar,226,30,7,2,265,0,0,13,3,16,226,30,20,5,281,0,0,0,281
05/19/2021,SMF,CA,AWP,WE,Towers with Radar,225,27,10,2,264,0,0,8,6,14,225,27,18,8,278,0,0,0,278
05/20/2021,SMF,CA,AWP,WE,Towers with Radar,250,29,11,12,302,0,1,15,0,16,250,30,26,12,318,0,0,0,318
05/21/2021,SMF,CA,AWP,WE,Towers with Radar,260,31,11,10,312,0,0,16,1,17,260,31,27,11,329,22,28,50,379
05/22/2021,SMF,CA,AWP,WE,Towers with Radar,207,17,2,0,226,0,0,6,0,6,207,17,8,0,232,0,0,0,232
05/23/2021,SMF,CA,AWP,WE,Towers with Radar,244,11,4,0,259,0,0,13,2,15,244,11,17,2,274,6,0,6,280
05/24/2021,SMF,CA,AWP,WE,Towers with Radar,251,26,11,0,288,0,0,11,4,15,251,26,22,4,303,2,6,8,311
05/25/2021,SMF,CA,AWP,WE,Towers with Radar,230,29,15,4,278,0,2,10,2,14,230,31,25,6,292,24,16,40,332
05/26/2021,SMF,CA,AWP,WE,Towers with Radar,232,28,5,0,265,0,0,25,0,25,232,28,30,0,290,36,18,54,344
05/27/2021,SMF,CA,AWP,WE,Towers with Radar,247,33,12,12,304,0,0,18,6,24,247,33,30,18,328,2,34,36,364
05/28/2021,SMF,CA,AWP,WE,Towers with Radar,261,31,5,0,297,0,1,19,1,21,261,32,24,1,318,62,0,62,380
05/29/2021,SMF,CA,AWP,WE,Towers with Radar,204,16,4,0,224,0,0,13,0,13,204,16,17,0,237,0,0,0,237
05/30/2021,SMF,CA,AWP,WE,Towers with Radar,241,14,3,0,258,0,0,9,0,9,241,14,12,0,267,0,0,0,267
05/31/2021,SMF,CA,AWP,WE,Towers with Radar,253,10,2,0,265,0,0,1,0,1,253,10,3,0,266,0,0,0,266
06/01/2021,SMF,CA,AWP,WE,Towers with Radar,244,25,5,4,278,0,3,7,1,11,244,28,12,5,289,18,16,34,323
06/02/2021,SMF,CA,AWP,WE,Towers with Radar,250,24,8,2,284,0,2,4,0,6,250,26,12,2,290,0,0,0,290
06/03/2021,SMF,CA,AWP,WE,Towers with Radar,266,28,10,6,310,0,0,23,5,28,266,28,33,11,338,68,10,78,416
06/04/2021,SMF,CA,AWP,WE,Towers with Radar,279,31,11,0,321,0,1,15,0,16,279,32,26,0,337,4,0,4,341
06/05/2021,SMF,CA,AWP,WE,Towers with Radar,225,17,6,0,248,0,0,5,1,6,225,17,11,1,254,0,0,0,254
06/06/2021,SMF,CA,AWP,WE,Towers with Radar,257,14,7,0,278,0,0,9,0,9,257,14,16,0,287,0,0,0,287
06/07/2021,SMF,CA,AWP,WE,Towers with Radar,284,25,10,2,321,0,0,19,8,27,284,25,29,10,348,10,36,46,394
06/08/2021,SMF,CA,AWP,WE,Towers with Radar,289,30,7,1,327,0,0,9,0,9,289,30,16,1,336,24,8,32,368
06/09/2021,SMF,CA,AWP,WE,Towers with Radar,287,33,5,3,328,0,0,8,1,9,287,33,13,4,337,0,10,10,347
06/10/2021,SMF,CA,AWP,WE,Towers with Radar,296,32,8,8,344,0,0,19,1,20,296,32,27,9,364,56,14,70,434
06/11/2021,SMF,CA,AWP,WE,Towers with Radar,308,27,11,4,350,0,0,17,4,21,308,27,28,8,371,6,28,34,405
06/12/2021,SMF,CA,AWP,WE,Towers with Radar,233,18,3,0,254,0,0,10,0,10,233,18,13,0,264,0,0,0,264
06/13/2021,SMF,CA,AWP,WE,Towers with Radar,269,17,6,0,292,0,0,12,0,12,269,17,18,0,304,0,0,0,304
06/14/2021,SMF,CA,AWP,WE,Towers with Radar,278,31,9,3,321,0,0,11,1,12,278,31,20,4,333,4,4,8,341
06/15/2021,SMF,CA,AWP,WE,Towers with Radar,266,26,7,2,301,0,0,21,0,21,266,26,28,2,322,18,0,18,340
06/16/2021,SMF,CA,AWP,WE,Towers with Radar,272,33,6,3,314,0,0,17,6,23,272,33,23,9,337,62,8,70,407
06/17/2021,SMF,CA,AWP,WE,Towers with Radar,299,25,6,0,330,0,0,7,0,7,299,25,13,0,337,0,0,0,337
06/18/2021,SMF,CA,AWP,WE,Towers with Radar,299,24,5,0,328,0,0,6,0,6,299,24,11,0,334,14,0,14,348
06/19/2021,SMF,CA,AWP,WE,Towers with Radar,243,19,2,0,264,0,0,13,1,14,243,19,15,1,278,8,8,16,294
06/20/2021,SMF,CA,AWP,WE,Towers with Radar,272,8,4,2,286,0,0,13,0,13,272,8,17,2,299,0,0,0,299
06/21/2021,SMF,CA,AWP,WE,Towers with Radar,289,32,8,8,337,0,1,8,0,9,289,33,16,8,346,0,6,6,352
06/22/2021,SMF,CA,AWP,WE,Towers with Radar,298,29,8,2,337,0,3,16,4,23,298,32,24,6,360,40,16,56,416
06/23/2021,SMF,CA,AWP,WE,Towers with Radar,294,30,10,5,339,0,0,5,7,12,294,30,15,12,351,8,52,60,411
06/24/2021,SMF,CA,AWP,WE,Towers with Radar,293,29,7,5,334,0,0,3,4,7,293,29,10,9,341,6,12,18,359
06/25/2021,SMF,CA,AWP,WE,Towers with Radar,302,33,21,4,360,0,0,12,5,17,302,33,33,9,377,24,28,52,429
06/26/2021,SMF,CA,AWP,WE,Towers with Radar,241,22,8,0,271,0,2,5,2,9,241,24,13,2,280,10,0,10,290
06/27/2021,SMF,CA,AWP,WE,Towers with Radar,270,11,9,0,290,0,0,8,0,8,270,11,17,0,298,0,0,0,298
06/28/2021,SMF,CA,AWP,WE,Towers with Radar,301,26,5,4,336,0,1,11,1,13,301,27,16,5,349,18,18,36,385
06/29/2021,SMF,CA,AWP,WE,Towers with Radar,300,30,7,2,339,0,1,17,0,18,300,31,24,2,357,6,0,6,363
06/30/2021,SMF,CA,AWP,WE,Towers with Radar,290,30,11,2,333,0,0,9,0,9,290,30,20,2,342,0,4,4,346
07/01/2021,SMF,CA,AWP,WE,Towers with Radar,307,37,11,4,359,0,0,12,9,21,307,37,23,13,380,14,22,36,416
07/02/2021,SMF,CA,AWP,WE,Towers with Radar,301,42,8,0,351,0,3,10,0,13,301,45,18,0,364,0,0,0,364
07/03/2021,SMF,CA,AWP,WE,Towers with Radar,234,18,3,0,255,0,0,6,0,6,234,18,9,0,261,18,0,18,279
07/04/2021,SMF,CA,AWP,WE,Towers with Radar,246,14,0,0,260,0,0,1,0,1,246,14,1,0,261,0,0,0,261
07/05/2021,SMF,CA,AWP,WE,Towers with Radar,290,17,2,0,309,0,0,10,0,10,290,17,12,0,319,0,0,0,319
07/06/2021,SMF,CA,AWP,WE,Towers with Radar,280,38,9,0,327,0,0,12,0,12,280,38,21,0,339,20,0,20,359
07/07/2021,SMF,CA,AWP,WE,Towers with Radar,296,38,10,0,344,0,0,20,0,20,296,38,30,0,364,40,0,40,404
07/08/2021,SMF,CA,AWP,WE,Towers with Radar,305,33,13,0,351,0,0,13,4,17,305,33,26,4,368,0,6,6,374
07/09/2021,SMF,CA,AWP,WE,Towers with Radar,307,33,3,1,344,0,0,28,5,33,307,33,31,6,377,0,10,10,387
07/10/2021,SMF,CA,AWP,WE,Towers with Radar,236,20,5,0,261,0,0,6,0,6,236,20,11,0,267,6,0,6,273
07/11/2021,SMF,CA,AWP,WE,Towers with Radar,263,19,7,0,289,0,0,7,0,7,263,19,14,0,296,0,0,0,296
07/12/2021,SMF,CA,AWP,WE,Towers with Radar,302,33,12,4,351,0,0,15,2,17,302,33,27,6,368,4,14,18,386
07/13/2021,SMF,CA,AWP,WE,Towers with Radar,308,38,9,12,367,0,5,15,4,24,308,43,24,16,391,0,14,14,405
07/14/2021,SMF,CA,AWP,WE,Towers with Radar,295,38,3,4,340,0,0,5,4,9,295,38,8,8,349,4,30,34,383
07/15/2021,SMF,CA,AWP,WE,Towers with Radar,309,31,9,1,350,0,0,18,5,23,309,31,27,6,373,14,36,50,423
07/16/2021,SMF,CA,AWP,WE,Towers with Radar,311,32,6,0,349,0,1,19,0,20,311,33,25,0,369,20,0,20,389
07/17/2021,SMF,CA,AWP,WE,Towers with Radar,243,19,1,0,263,0,1,18,0,19,243,20,19,0,282,12,0,12,294
07/18/2021,SMF,CA,AWP,WE,Towers with Radar,263,16,6,0,285,0,0,10,0,10,263,16,16,0,295,4,0,4,299
07/19/2021,SMF,CA,AWP,WE,Towers with Radar,301,29,4,3,337,0,1,15,1,17,301,30,19,4,354,0,12,12,366
07/20/2021,SMF,CA,AWP,WE,Towers with Radar,302,35,6,6,349,0,0,11,6,17,302,35,17,12,366,2,30,32,398
07/21/2021,SMF,CA,AWP,WE,Towers with Radar,300,32,3,3,338,0,0,21,1,22,300,32,24,4,360,18,6,24,384
07/22/2021,SMF,CA,AWP,WE,Towers with Radar,305,31,7,1,344,0,0,7,1,8,305,31,14,2,352,6,0,6,358
07/23/2021,SMF,CA,AWP,WE,Towers with Radar,303,33,5,2,343,0,6,7,2,15,303,39,12,4,358,8,8,16,374
07/24/2021,SMF,CA,AWP,WE,Towers with Radar,240,25,4,0,269,0,2,15,0,17,240,27,19,0,286,8,0,8,294
07/25/2021,SMF,CA,AWP,WE,Towers with Radar,271,23,6,0,300,0,1,11,0,12,271,24,17,0,312,0,0,0,312
07/26/2021,SMF,CA,AWP,WE,Towers with Radar,299,26,5,2,332,0,0,8,2,10,299,26,13,4,342,0,18,18,360
07/27/2021,SMF,CA,AWP,WE,Towers with Radar,298,32,9,8,347,0,0,29,3,32,298,32,38,11,379,0,10,10,389
07/28/2021,SMF,CA,AWP,WE,Towers with Radar,301,34,10,14,359,0,1,12,1,14,301,35,22,15,373,0,10,10,383
07/29/2021,SMF,CA,AWP,WE,Towers with Radar,311,30,10,5,356,0,4,16,6,26,311,34,26,11,382,14,46,60,442
07/30/2021,SMF,CA,AWP,WE,Towers with Radar,308,32,9,2,351,0,0,5,4,9,308,32,14,6,360,0,4,4,364
07/31/2021,SMF,CA,AWP,WE,Towers with Radar,249,19,9,0,277,0,0,11,0,11,249,19,20,0,288,0,0,0,288
08/01/2021,SMF,CA,AWP,WE,Towers with Radar,262,18,3,0,283,0,0,14,0,14,262,18,17,0,297,10,0,10,307
08/02/2021,SMF,CA,AWP,WE,Towers with Radar,297,34,1,4,336,0,0,14,2,16,297,34,15,6,352,18,18,36,388
08/03/2021,SMF,CA,AWP,WE,Towers with Radar,298,33,13,9,353,0,0,10,5,15,298,33,23,14,368,10,24,34,402
08/04/2021,SMF,CA,AWP,WE,Towers with Radar,295,35,10,0,340,0,0,8,2,10,295,35,18,2,350,0,4,4,354
08/05/2021,SMF,CA,AWP,WE,Towers with Radar,306,37,9,6,358,0,2,17,10,29,306,39,26,16,387,10,44,54,441
08/06/2021,SMF,CA,AWP,WE,Towers with Radar,307,34,6,4,351,0,0,9,0,9,307,34,15,4,360,38,4,42,402
08/07/2021,SMF,CA,AWP,WE,Towers with Radar,253,24,10,0,287,0,0,6,1,7,253,24,16,1,294,0,0,0,294
08/08/2021,SMF,CA,AWP,WE,Towers with Radar,279,22,12,3,316,0,0,9,0,9,279,22,21,3,325,4,6,10,335
08/09/2021,SMF,CA,AWP,WE,Towers with Radar,306,27,8,8,349,0,0,6,6,12,306,27,14,14,361,0,16,16,377
08/10/2021,SMF,CA,AWP,WE,Towers with Radar,298,32,10,2,342,0,0,12,0,12,298,32,22,2,354,0,4,4,358
08/11/2021,SMF,CA,AWP,WE,Towers with Radar,305,32,14,7,358,0,0,12,4,16,305,32,26,11,374,0,24,24,398
08/12/2021,SMF,CA,AWP,WE,Towers with Radar,314,32,13,0,359,0,0,16,6,22,314,32,29,6,381,0,42,42,423
08/13/2021,SMF,CA,AWP,WE,Towers with Radar,319,33,10,5,367,0,0,10,3,13,319,33,20,8,380,12,12,24,404
08/14/2021,SMF,CA,AWP,WE,Towers with Radar,242,25,3,0,270,0,0,7,0,7,242,25,10,0,277,0,0,0,277
08/15/2021,SMF,CA,AWP,WE,Towers with Radar,277,18,8,0,303,0,2,7,0,9,277,20,15,0,312,0,0,0,312
08/16/2021,SMF,CA,AWP,WE,Towers with Radar,304,34,2,1,341,0,0,8,1,9,304,34,10,2,350,8,10,18,368
08/17/2021,SMF,CA,AWP,WE,Towers with Radar,295,40,20,11,366,0,0,10,1,11,295,40,30,12,377,0,0,0,377
08/18/2021,SMF,CA,AWP,WE,Towers with Radar,292,33,14,2,341,0,0,1,0,1,292,33,15,2,342,2,0,2,344
08/19/2021,SMF,CA,AWP,WE,Towers with Radar,312,40,10,10,372,0,4,4,6,14,312,44,14,16,386,0,38,38,424
08/20/2021,SMF,CA,AWP,WE,Towers with Radar,308,36,10,13,367,0,1,1,2,4,308,37,11,15,371,0,28,28,399
08/21/2021,SMF,CA,AWP,WE,Towers with Radar,237,23,3,0,263,0,0,8,0,8,237,23,11,0,271,0,0,0,271
08/22/2021,SMF,CA,AWP,WE,Towers with Radar,278,20,8,0,306,0,0,7,0,7,278,20,15,0,313,2,0,2,315
08/23/2021,SMF,CA,AWP,WE,Towers with Radar,303,34,11,0,348,0,0,9,0,9,303,34,20,0,357,32,0,32,389
08/24/2021,SMF,CA,AWP,WE,Towers with Radar,295,32,14,3,344,0,0,8,4,12,295,32,22,7,356,10,16,26,382
08/25/2021,SMF,CA,AWP,WE,Towers with Radar,297,29,11,3,340,0,0,8,5,13,297,29,19,8,353,34,28,62,415
08/26/2021,SMF,CA,AWP,WE,Towers with Radar,309,34,10,6,359,0,0,8,8,16,309,34,18,14,375,8,38,46,421
08/27/2021,SMF,CA,AWP,WE,Towers with Radar,315,33,13,5,366,0,0,6,1,7,315,33,19,6,373,0,6,6,379
08/28/2021,SMF,CA,AWP,WE,Towers with Radar,238,23,2,2,265,0,0,2,0,2,238,23,4,2,267,0,2,2,269
08/29/2021,SMF,CA,AWP,WE,Towers with Radar,272,20,8,0,300,0,0,0,0,0,272,20,8,0,300,0,0,0,300
08/30/2021,SMF,CA,AWP,WE,Towers with Radar,309,30,13,12,364,0,0,11,6,17,309,30,24,18,381,20,30,50,431
08/31/2021,SMF,CA,AWP,WE,Towers with Radar,293,33,6,4,336,0,0,13,2,15,293,33,19,6,351,30,8,38,389
09/01/2021,SMF,CA,AWP,WE,Towers with Radar,297,36,10,0,343,0,0,16,4,20,297,36,26,4,363,0,0,0,363
09/02/2021,SMF,CA,AWP,WE,Towers with Radar,308,31,9,3,351,0,0,10,3,13,308,31,19,6,364,12,26,38,402
09/03/2021,SMF,CA,AWP,WE,Towers with Radar,319,32,9,0,360,0,0,13,0,13,319,32,22,0,373,0,0,0,373
09/04/2021,SMF,CA,AWP,WE,Towers with Radar,230,21,3,0,254,0,0,5,0,5,230,21,8,0,259,0,0,0,259
09/05/2021,SMF,CA,AWP,WE,Towers with Radar,273,15,1,0,289,0,1,5,0,6,273,16,6,0,295,0,0,0,295
09/06/2021,SMF,CA,AWP,WE,Towers with Radar,300,11,6,0,317,0,0,10,0,10,300,11,16,0,327,12,0,12,339
09/07/2021,SMF,CA,AWP,WE,Towers with Radar,277,27,10,7,321,0,1,13,2,16,277,28,23,9,337,18,10,28,365
09/08/2021,SMF,CA,AWP,WE,Towers with Radar,286,33,4,7,330,0,0,1,1,2,286,33,5,8,332,0,6,6,338
09/09/2021,SMF,CA,AWP,WE,Towers with Radar,301,36,10,4,351,0,3,8,3,14,301,39,18,7,365,0,0,0,365
09/10/2021,SMF,CA,AWP,WE,Towers with Radar,318,36,8,4,366,0,0,4,5,9,318,36,12,9,375,0,0,0,375
09/11/2021,SMF,CA,AWP,WE,Towers with Radar,252,22,9,3,286,0,0,12,1,13,252,22,21,4,299,42,8,50,349
09/12/2021,SMF,CA,AWP,WE,Towers with Radar,293,19,7,2,321,0,4,5,0,9,293,23,12,2,330,0,0,0,330
09/13/2021,SMF,CA,AWP,WE,Towers with Radar,292,33,9,2,336,0,0,15,0,15,292,33,24,2,351,2,2,4,355
09/14/2021,SMF,CA,AWP,WE,Towers with Radar,286,38,12,3,339,0,2,18,5,25,286,40,30,8,364,10,32,42,406
09/15/2021,SMF,CA,AWP,WE,Towers with Radar,288,41,5,0,334,0,1,9,0,10,288,42,14,0,344,0,0,0,344
09/16/2021,SMF,CA,AWP,WE,Towers with Radar,307,38,6,5,356,0,1,12,1,14,307,39,18,6,370,2,6,8,378
09/17/2021,SMF,CA,AWP,WE,Towers with Radar,306,32,5,6,349,0,0,7,3,10,306,32,12,9,359,0,4,4,363
09/18/2021,SMF,CA,AWP,WE,Towers with Radar,255,22,0,0,277,0,0,6,0,6,255,22,6,0,283,0,0,0,283
09/19/2021,SMF,CA,AWP,WE,Towers with Radar,292,20,3,0,315,0,0,12,0,12,292,20,15,0,327,18,0,18,345
09/20/2021,SMF,CA,AWP,WE,Towers with Radar,292,28,9,7,336,0,0,15,6,21,292,28,24,13,357,8,18,26,383
09/21/2021,SMF,CA,AWP,WE,Towers with Radar,288,31,6,5,330,0,0,16,3,19,288,31,22,8,349,12,60,72,421
09/22/2021,SMF,CA,AWP,WE,Towers with Radar,285,28,6,0,319,0,2,12,0,14,285,30,18,0,333,0,0,0,333
09/23/2021,SMF,CA,AWP,WE,Towers with Radar,300,33,16,1,350,0,0,19,1,20,300,33,35,2,370,18,0,18,388
09/24/2021,SMF,CA,AWP,WE,Towers with Radar,309,38,10,0,357,0,2,16,0,18,309,40,26,0,375,0,0,0,375
09/25/2021,SMF,CA,AWP,WE,Towers with Radar,252,23,8,0,283,0,0,14,0,14,252,23,22,0,297,8,0,8,305
09/26/2021,SMF,CA,AWP,WE,Towers with Radar,296,19,11,0,326,0,0,5,0,5,296,19,16,0,331,0,0,0,331
09/27/2021,SMF,CA,AWP,WE,Towers with Radar,292,30,7,2,331,0,0,14,1,15,292,30,21,3,346,4,0,4,350
09/28/2021,SMF,CA,AWP,WE,Towers with Radar,281,37,10,2,330,0,0,26,1,27,281,37,36,3,357,0,0,0,357
09/29/2021,SMF,CA,AWP,WE,Towers with Radar,283,32,11,4,330,0,0,19,2,21,283,32,30,6,351,10,16,26,377
09/30/2021,SMF,CA,AWP,WE,Towers with Radar,304,33,6,4,347,0,0,12,2,14,304,33,18,6,361,2,4,6,367
10/01/2021,SMF,CA,AWP,WE,Towers with Radar,305,35,7,1,348,0,1,14,1,16,305,36,21,2,364,0,14,14,378
10/02/2021,SMF,CA,AWP,WE,Towers with Radar,254,23,2,0,279,0,0,7,0,7,254,23,9,0,286,2,0,2,288
10/03/2021,SMF,CA,AWP,WE,Towers with Radar,303,15,4,0,322,0,0,4,0,4,303,15,8,0,326,0,0,0,326
10/04/2021,SMF,CA,AWP,WE,Towers with Radar,300,28,2,2,332,0,0,12,1,13,300,28,14,3,345,4,2,6,351
10/05/2021,SMF,CA,AWP,WE,Towers with Radar,289,29,8,1,327,0,2,9,2,13,289,31,17,3,340,2,14,16,356
10/06/2021,SMF,CA,AWP,WE,Towers with Radar,288,30,5,3,326,0,1,3,0,4,288,31,8,3,330,0,0,0,330
10/07/2021,SMF,CA,AWP,WE,Towers with Radar,306,36,7,2,351,0,0,19,0,19,306,36,26,2,370,0,0,0,370
10/08/2021,SMF,CA,AWP,WE,Towers with Radar,306,32,7,5,350,0,0,5,1,6,306,32,12,6,356,0,14,14,370
10/09/2021,SMF,CA,AWP,WE,Towers with Radar,227,22,5,0,254,0,0,6,0,6,227,22,11,0,260,0,0,0,260
10/10/2021,SMF,CA,AWP,WE,Towers with Radar,260,22,5,0,287,0,0,7,0,7,260,22,12,0,294,4,0,4,298
10/11/2021,SMF,CA,AWP,WE,Towers with Radar,281,34,5,0,320,0,1,6,0,7,281,35,11,0,327,0,0,0,327
10/12/2021,SMF,CA,AWP,WE,Towers with Radar,289,39,14,13,355,0,0,15,6,21,289,39,29,19,376,2,22,24,400
10/13/2021,SMF,CA,AWP,WE,Towers with Radar,286,44,10,2,342,0,0,8,1,9,286,44,18,3,351,0,0,0,351
10/14/2021,SMF,CA,AWP,WE,Towers with Radar,305,31,5,0,341,0,2,12,2,16,305,33,17,2,357,0,0,0,357
10/15/2021,SMF,CA,AWP,WE,Towers with Radar,321,39,8,2,370,0,0,15,0,15,321,39,23,2,385,0,0,0,385
10/16/2021,SMF,CA,AWP,WE,Towers with Radar,260,22,5,0,287,0,0,9,0,9,260,22,14,0,296,0,0,0,296
10/17/2021,SMF,CA,AWP,WE,Towers with Radar,297,22,6,0,325,0,0,5,0,5,297,22,11,0,330,0,0,0,330
10/18/2021,SMF,CA,AWP,WE,Towers with Radar,304,40,11,5,360,0,0,6,1,7,304,40,17,6,367,0,20,20,387
10/19/2021,SMF,CA,AWP,WE,Towers with Radar,287,34,9,5,335,0,0,10,1,11,287,34,19,6,346,10,10,20,366
10/20/2021,SMF,CA,AWP,WE,Towers with Radar,285,39,5,4,333,0,0,12,0,12,285,39,17,4,345,0,6,6,351
10/21/2021,SMF,CA,AWP,WE,Towers with Radar,294,27,7,0,328,0,0,3,0,3,294,27,10,0,331,0,0,0,331
10/22/2021,SMF,CA,AWP,WE,Towers with Radar,294,33,17,5,349,0,2,7,1,10,294,35,24,6,359,0,0,0,359
10/23/2021,SMF,CA,AWP,WE,Towers with Radar,254,38,8,0,300,0,0,6,0,6,254,38,14,0,306,0,0,0,306
10/24/2021,SMF,CA,AWP,WE,Towers with Radar,283,30,12,0,325,0,0,0,0,0,283,30,12,0,325,0,0,0,325
10/25/2021,SMF,CA,AWP,WE,Towers with Radar,295,36,11,5,347,0,0,7,1,8,295,36,18,6,355,0,0,0,355
10/26/2021,SMF,CA,AWP,WE,Towers with Radar,292,39,8,10,349,0,0,6,6,12,292,39,14,16,361,0,24,24,385
10/27/2021,SMF,CA,AWP,WE,Towers with Radar,287,36,5,2,330,0,0,8,4,12,287,36,13,6,342,0,22,22,364
10/28/2021,SMF,CA,AWP,WE,Towers with Radar,308,32,7,26,373,0,1,8,2,11,308,33,15,28,384,0,14,14,398
10/29/2021,SMF,CA,AWP,WE,Towers with Radar,319,36,11,1,367,0,0,7,0,7,319,36,18,1,374,18,0,18,392
10/30/2021,SMF,CA,AWP,WE,Towers with Radar,247,24,9,0,280,0,0,12,0,12,247,24,21,0,292,12,0,12,304
10/31/2021,SMF,CA,AWP,WE,Towers with Radar,258,17,7,0,282,0,2,11,0,13,258,19,18,0,295,8,0,8,303
11/01/2021,SMF,CA,AWP,WE,Towers with Radar,290,28,18,0,336,0,0,2,0,2,290,28,20,0,338,0,0,0,338
11/02/2021,SMF,CA,AWP,WE,Towers with Radar,276,36,16,0,328,0,0,5,0,5,276,36,21,0,333,0,0,0,333
11/03/2021,SMF,CA,AWP,WE,Towers with Radar,284,42,13,4,343,0,0,16,1,17,284,42,29,5,360,26,12,38,398
11/04/2021,SMF,CA,AWP,WE,Towers with Radar,315,28,8,1,352,0,0,13,1,14,315,28,21,2,366,0,0,0,366
11/05/2021,SMF,CA,AWP,WE,Towers with Radar,307,30,17,0,354,0,0,16,0,16,307,30,33,0,370,0,0,0,370
11/06/2021,SMF,CA,AWP,WE,Towers with Radar,252,20,12,0,284,0,0,3,0,3,252,20,15,0,287,0,0,0,287
11/07/2021,SMF,CA,AWP,WE,Towers with Radar,277,13,15,0,305,0,0,5,0,5,277,13,20,0,310,0,0,0,310
11/08/2021,SMF,CA,AWP,WE,Towers with Radar,279,29,10,2,320,0,0,9,4,13,279,29,19,6,333,0,26,26,359
11/09/2021,SMF,CA,AWP,WE,Towers with Radar,259,34,6,6,305,0,0,0,1,1,259,34,6,7,306,0,0,0,306
11/10/2021,SMF,CA,AWP,WE,Towers with Radar,263,35,18,0,316,0,0,8,0,8,263,35,26,0,324,20,0,20,344
11/11/2021,SMF,CA,AWP,WE,Towers with Radar,289,31,4,0,324,0,1,18,0,19,289,32,22,0,343,0,0,0,343
11/12/2021,SMF,CA,AWP,WE,Towers with Radar,291,20,16,0,327,0,0,0,0,0,291,20,16,0,327,0,0,0,327
11/13/2021,SMF,CA,AWP,WE,Towers with Radar,239,17,9,0,265,0,0,0,0,0,239,17,9,0,265,0,0,0,265
11/14/2021,SMF,CA,AWP,WE,Towers with Radar,272,15,10,0,297,0,0,0,0,0,272,15,10,0,297,0,0,0,297
11/15/2021,SMF,CA,AWP,WE,Towers with Radar,282,31,15,0,328,0,0,2,0,2,282,31,17,0,330,0,0,0,330
11/16/2021,SMF,CA,AWP,WE,Towers with Radar,258,35,7,3,303,0,0,11,0,11,258,35,18,3,314,12,0,12,326
11/17/2021,SMF,CA,AWP,WE,Towers with Radar,254,29,9,0,292,0,0,4,0,4,254,29,13,0,296,0,0,0,296
11/18/2021,SMF,CA,AWP,WE,Towers with Radar,302,30,11,2,345,0,0,1,0,1,302,30,12,2,346,0,0,0,346
11/19/2021,SMF,CA,AWP,WE,Towers with Radar,290,26,21,0,337,0,0,2,0,2,290,26,23,0,339,0,0,0,339
11/20/2021,SMF,CA,AWP,WE,Towers with Radar,250,20,11,0,281,0,0,10,0,10,250,20,21,0,291,0,0,0,291
11/21/2021,SMF,CA,AWP,WE,Towers with Radar,277,23,2,0,302,0,0,7,0,7,277,23,9,0,309,0,0,0,309
11/22/2021,SMF,CA,AWP,WE,Towers with Radar,280,26,14,5,325,0,0,7,1,8,280,26,21,6,333,0,0,0,333
11/23/2021,SMF,CA,AWP,WE,Towers with Radar,285,30,5,0,320,0,0,5,0,5,285,30,10,0,325,0,16,16,341
11/24/2021,SMF,CA,AWP,WE,Towers with Radar,295,31,17,0,343,0,0,10,0,10,295,31,27,0,353,1,0,1,354
11/25/2021,SMF,CA,AWP,WE,Towers with Radar,213,10,0,0,223,0,0,4,0,4,213,10,4,0,227,0,0,0,227
11/26/2021,SMF,CA,AWP,WE,Towers with Radar,245,32,6,0,283,0,1,7,0,8,245,33,13,0,291,0,0,0,291
11/27/2021,SMF,CA,AWP,WE,Towers with Radar,255,23,2,0,280,0,0,6,0,6,255,23,8,0,286,0,0,0,286
11/28/2021,SMF,CA,AWP,WE,Towers with Radar,300,16,9,0,325,0,0,7,0,7,300,16,16,0,332,0,0,0,332
11/29/2021,SMF,CA,AWP,WE,Towers with Radar,286,23,6,0,315,0,0,6,0,6,286,23,12,0,321,0,0,0,321
11/30/2021,SMF,CA,AWP,WE,Towers with Radar,284,34,19,0,337,0,2,4,0,6,284,36,23,0,343,0,0,0,343
12/01/2021,SMF,CA,AWP,WE,Towers with Radar,258,32,21,1,312,0,0,12,1,13,258,32,33,2,325,0,0,0,325
12/02/2021,SMF,CA,AWP,WE,Towers with Radar,279,26,10,4,319,0,0,12,0,12,279,26,22,4,331,0,0,0,331
12/03/2021,SMF,CA,AWP,WE,Towers with Radar,271,34,6,0,311,0,0,5,0,5,271,34,11,0,316,4,0,4,320
12/04/2021,SMF,CA,AWP,WE,Towers with Radar,237,13,7,0,257,0,0,0,0,0,237,13,7,0,257,0,0,0,257
12/05/2021,SMF,CA,AWP,WE,Towers with Radar,281,11,6,0,298,0,0,0,0,0,281,11,6,0,298,0,0,0,298
12/06/2021,SMF,CA,AWP,WE,Towers with Radar,264,29,8,2,303,0,0,0,0,0,264,29,8,2,303,0,0,0,303
12/07/2021,SMF,CA,AWP,WE,Towers with Radar,255,33,13,8,309,0,0,1,0,1,255,33,14,8,310,0,0,0,310
12/08/2021,SMF,CA,AWP,WE,Towers with Radar,262,25,24,6,317,0,0,0,0,0,262,25,24,6,317,0,0,0,317
12/09/2021,SMF,CA,AWP,WE,Towers with Radar,281,31,12,5,329,0,0,10,0,10,281,31,22,5,339,0,0,0,339
12/10/2021,SMF,CA,AWP,WE,Towers with Radar,273,34,10,0,317,0,0,13,0,13,273,34,23,0,330,0,0,0,330
12/11/2021,SMF,CA,AWP,WE,Towers with Radar,227,23,2,0,252,0,0,8,0,8,227,23,10,0,260,0,0,0,260
12/12/2021,SMF,CA,AWP,WE,Towers with Radar,275,22,6,0,303,0,0,1,0,1,275,22,7,0,304,0,0,0,304
12/13/2021,SMF,CA,AWP,WE,Towers with Radar,265,28,10,0,303,0,0,0,0,0,265,28,10,0,303,0,0,0,303
12/14/2021,SMF,CA,AWP,WE,Towers with Radar,239,33,24,5,301,0,0,4,1,5,239,33,28,6,306,6,6,12,318
12/15/2021,SMF,CA,AWP,WE,Towers with Radar,257,27,13,0,297,0,0,2,2,4,257,27,15,2,301,0,0,0,301
12/16/2021,SMF,CA,AWP,WE,Towers with Radar,290,30,10,0,330,0,1,9,0,10,290,31,19,0,340,0,0,0,340
12/17/2021,SMF,CA,AWP,WE,Towers with Radar,281,27,8,3,319,0,0,11,0,11,281,27,19,3,330,10,0,10,340
12/18/2021,SMF,CA,AWP,WE,Towers with Radar,225,23,10,0,258,0,0,0,0,0,225,23,10,0,258,0,0,0,258
12/19/2021,SMF,CA,AWP,WE,Towers with Radar,275,18,14,0,307,0,0,2,0,2,275,18,16,0,309,0,0,0,309
12/20/2021,SMF,CA,AWP,WE,Towers with Radar,277,30,4,0,311,0,0,0,0,0,277,30,4,0,311,0,0,0,311
12/21/2021,SMF,CA,AWP,WE,Towers with Radar,275,38,6,0,319,0,0,1,0,1,275,38,7,0,320,0,0,0,320
12/22/2021,SMF,CA,AWP,WE,Towers with Radar,274,34,11,0,319,0,0,1,0,1,274,34,12,0,320,0,0,0,320
12/23/2021,SMF,CA,AWP,WE,Towers with Radar,282,33,6,0,321,0,0,1,0,1,282,33,7,0,322,0,0,0,322
12/24/2021,SMF,CA,AWP,WE,Towers with Radar,234,19,4,0,257,0,0,1,0,1,234,19,5,0,258,0,0,0,258
12/25/2021,SMF,CA,AWP,WE,Towers with Radar,190,10,0,0,200,0,0,0,0,0,190,10,0,0,200,0,0,0,200
12/26/2021,SMF,CA,AWP,WE,Towers with Radar,254,8,7,0,269,0,0,4,0,4,254,8,11,0,273,0,0,0,273
12/27/2021,SMF,CA,AWP,WE,Towers with Radar,267,29,5,17,318,0,0,1,3,4,267,29,6,20,322,0,0,0,322
12/28/2021,SMF,CA,AWP,WE,Towers with Radar,269,28,5,0,302,0,0,7,0,7,269,28,12,0,309,0,0,0,309
12/29/2021,SMF,CA,AWP,WE,Towers with Radar,271,31,14,0,316,0,0,0,0,0,271,31,14,0,316,0,0,0,316
12/30/2021,SMF,CA,AWP,WE,Towers with Radar,263,31,5,0,299,0,0,8,2,10,263,31,13,2,309,0,0,0,309
12/31/2021,SMF,CA,AWP,WE,Towers with Radar,234,15,1,0,250,0,0,5,0,5,234,15,6,0,255,42,0,42,297
01/01/2022,SMF,CA,AWP,WE,Towers with Radar,193,7,3,0,203,0,0,4,0,4,193,7,7,0,207,0,0,0,207
01/02/2022,SMF,CA,AWP,WE,Towers with Radar,253,15,5,0,273,0,0,5,0,5,253,15,10,0,278,0,0,0,278
01/03/2022,SMF,CA,AWP,WE,Towers with Radar,267,27,5,0,299,0,0,3,0,3,267,27,8,0,302,0,0,0,302
01/04/2022,SMF,CA,AWP,WE,Towers with Radar,237,25,26,0,288,0,0,2,0,2,237,25,28,0,290,0,0,0,290
01/05/2022,SMF,CA,AWP,WE,Towers with Radar,228,28,11,0,267,0,0,2,0,2,228,28,13,0,269,0,0,0,269
01/06/2022,SMF,CA,AWP,WE,Towers with Radar,232,27,5,0,264,0,0,0,0,0,232,27,5,0,264,0,0,0,264
01/07/2022,SMF,CA,AWP,WE,Towers with Radar,229,25,7,1,262,0,0,1,1,2,229,25,8,2,264,0,0,0,264
01/08/2022,SMF,CA,AWP,WE,Towers with Radar,206,15,6,0,227,0,0,4,0,4,206,15,10,0,231,0,0,0,231
01/09/2022,SMF,CA,AWP,WE,Towers with Radar,240,9,2,0,251,0,0,4,0,4,240,9,6,0,255,0,0,0,255
01/10/2022,SMF,CA,AWP,WE,Towers with Radar,232,23,6,1,262,0,1,8,5,14,232,24,14,6,276,0,0,0,276
01/11/2022,SMF,CA,AWP,WE,Towers with Radar,236,27,10,0,273,0,0,13,0,13,236,27,23,0,286,0,0,0,286
01/12/2022,SMF,CA,AWP,WE,Towers with Radar,239,25,14,5,283,0,0,18,0,18,239,25,32,5,301,46,0,46,347
01/13/2022,SMF,CA,AWP,WE,Towers with Radar,248,21,7,3,279,0,0,7,3,10,248,21,14,6,289,50,8,58,347
01/14/2022,SMF,CA,AWP,WE,Towers with Radar,262,29,22,1,314,0,0,16,1,17,262,29,38,2,331,6,0,6,337
01/15/2022,SMF,CA,AWP,WE,Towers with Radar,219,20,7,0,246,0,1,3,0,4,219,21,10,0,250,0,0,0,250
01/16/2022,SMF,CA,AWP,WE,Towers with Radar,245,18,5,0,268,0,1,5,0,6,245,19,10,0,274,4,0,4,278
01/17/2022,SMF,CA,AWP,WE,Towers with Radar,266,26,6,0,298,0,0,2,0,2,266,26,8,0,300,2,0,2,302
01/18/2022,SMF,CA,AWP,WE,Towers with Radar,240,26,5,0,271,0,0,14,0,14,240,26,19,0,285,22,0,22,307
01/19/2022,SMF,CA,AWP,WE,Towers with Radar,230,26,8,0,264,0,0,11,0,11,230,26,19,0,275,0,0,0,275
01/20/2022,SMF,CA,AWP,WE,Towers with Radar,283,29,10,6,328,0,1,9,2,12,283,30,19,8,340,10,20,30,370
01/21/2022,SMF,CA,AWP,WE,Towers with Radar,280,25,11,4,320,0,0,6,8,14,280,25,17,12,334,0,36,36,370
01/22/2022,SMF,CA,AWP,WE,Towers with Radar,223,15,4,0,242,0,0,5,0,5,223,15,9,0,247,0,0,0,247
01/23/2022,SMF,CA,AWP,WE,Towers with Radar,275,12,9,1,297,0,0,4,2,6,275,12,13,3,303,0,8,8,311
01/24/2022,SMF,CA,AWP,WE,Towers with Radar,267,24,14,6,311,0,0,9,0,9,267,24,23,6,320,0,0,0,320
01/25/2022,SMF,CA,AWP,WE,Towers with Radar,244,30,8,11,293,0,0,13,4,17,244,30,21,15,310,12,12,24,334
01/26/2022,SMF,CA,AWP,WE,Towers with Radar,246,23,11,4,284,0,1,11,2,14,246,24,22,6,298,28,20,48,346
01/27/2022,SMF,CA,AWP,WE,Towers with Radar,272,26,6,0,304,0,1,9,0,10,272,27,15,0,314,0,0,0,314
01/28/2022,SMF,CA,AWP,WE,Towers with Radar,276,28,3,3,310,0,0,16,1,17,276,28,19,4,327,0,20,20,347
01/29/2022,SMF,CA,AWP,WE,Towers with Radar,223,14,5,0,242,0,0,15,0,15,223,14,20,0,257,38,0,38,295
01/30/2022,SMF,CA,AWP,WE,Towers with Radar,269,11,1,0,281,0,0,23,0,23,269,11,24,0,304,12,0,12,316
01/31/2022,SMF,CA,AWP,WE,Towers with Radar,273,23,13,0,309,0,0,12,2,14,273,23,25,2,323,6,14,20,343
02/01/2022,SMF,CA,AWP,WE,Towers with Radar,247,27,11,1,286,0,0,3,1,4,247,27,14,2,290,0,6,6,296
02/02/2022,SMF,CA,AWP,WE,Towers with Radar,247,28,4,7,286,0,0,11,18,29,247,28,15,25,315,6,56,62,377
02/03/2022,SMF,CA,AWP,WE,Towers with Radar,259,29,7,2,297,0,0,9,2,11,259,29,16,4,308,18,16,34,342
02/04/2022,SMF,CA,AWP,WE,Towers with Radar,261,27,6,1,295,0,0,18,3,21,261,27,24,4,316,38,10,48,364
02/05/2022,SMF,CA,AWP,WE,Towers with Radar,211,15,1,0,227,0,0,7,0,7,211,15,8,0,234,22,0,22,256
02/06/2022,SMF,CA,AWP,WE,Towers with Radar,262,15,2,0,279,0,0,8,0,8,262,15,10,0,287,0,0,0,287
02/07/2022,SMF,CA,AWP,WE,Towers with Radar,262,23,4,0,289,0,0,7,0,7,262,23,11,0,296,0,0,0,296
02/08/2022,SMF,CA,AWP,WE,Towers with Radar,247,34,6,0,287,0,0,10,0,10,247,34,16,0,297,12,4,16,313
02/09/2022,SMF,CA,AWP,WE,Towers with Radar,246,30,9,2,287,0,0,6,0,6,246,30,15,2,293,0,0,0,293
02/10/2022,SMF,CA,AWP,WE,Towers with Radar,273,25,9,2,309,0,1,6,0,7,273,26,15,2,316,0,0,0,316
02/11/2022,SMF,CA,AWP,WE,Towers with Radar,284,22,8,0,314,0,0,10,0,10,284,22,18,0,324,0,0,0,324
02/12/2022,SMF,CA,AWP,WE,Towers with Radar,228,17,0,0,245,0,0,10,0,10,228,17,10,0,255,4,0,4,259
02/13/2022,SMF,CA,AWP,WE,Towers with Radar,263,11,3,0,277,0,0,7,0,7,263,11,10,0,284,0,0,0,284
02/14/2022,SMF,CA,AWP,WE,Towers with Radar,272,23,8,4,307,0,0,7,0,7,272,23,15,4,314,0,0,0,314
02/15/2022,SMF,CA,AWP,WE,Towers with Radar,250,25,8,4,287,0,0,2,4,6,250,25,10,8,293,0,22,22,315
02/16/2022,SMF,CA,AWP,WE,Towers with Radar,254,22,11,6,293,0,0,15,3,18,254,22,26,9,311,28,8,36,347
02/17/2022,SMF,CA,AWP,WE,Towers with Radar,287,23,15,10,335,0,1,11,2,14,287,24,26,12,349,14,16,30,379
02/18/2022,SMF,CA,AWP,WE,Towers with Radar,290,21,6,14,331,0,2,23,0,25,290,23,29,14,356,0,0,0,356
02/19/2022,SMF,CA,AWP,WE,Towers with Radar,223,12,1,0,236,0,0,4,0,4,223,12,5,0,240,0,0,0,240
02/20/2022,SMF,CA,AWP,WE,Towers with Radar,266,7,7,0,280,0,2,4,0,6,266,9,11,0,286,4,0,4,290
02/21/2022,SMF,CA,AWP,WE,Towers with Radar,276,20,5,0,301,0,0,17,0,17,276,20,22,0,318,8,0,8,326
02/22/2022,SMF,CA,AWP,WE,Towers with Radar,255,27,9,5,296,0,0,8,4,12,255,27,17,9,308,0,26,26,334
02/23/2022,SMF,CA,AWP,WE,Towers with Radar,261,22,15,9,307,0,0,16,4,20,261,22,31,13,327,20,28,48,375
02/24/2022,SMF,CA,AWP,WE,Towers with Radar,279,24,12,4,319,0,4,10,8,22,279,28,22,12,341,2,58,60,401
02/25/2022,SMF,CA,AWP,WE,Towers with Radar,284,24,4,0,312,0,2,12,0,14,284,26,16,0,326,24,0,24,350
02/26/2022,SMF,CA,AWP,WE,Towers with Radar,228,12,4,0,244,0,1,0,0,1,228,13,4,0,245,4,0,4,249
02/27/2022,SMF,CA,AWP,WE,Towers with Radar,281,8,7,0,296,0,0,9,0,9,281,8,16,0,305,6,0,6,311
02/28/2022,SMF,CA,AWP,WE,Towers with Radar,275,22,9,6,312,0,0,14,0,14,275,22,23,6,326,26,2,28,354
03/01/2022,SMF,CA,AWP,WE,Towers with Radar,254,23,13,0,290,0,0,8,4,12,254,23,21,4,302,0,2,2,304
03/02/2022,SMF,CA,AWP,WE,Towers with Radar,261,20,7,5,293,0,0,7,3,10,261,20,14,8,303,4,8,12,315
03/03/2022,SMF,CA,AWP,WE,Towers with Radar,282,25,9,0,316,0,0,8,0,8,282,25,17,0,324,16,0,16,340
03/04/2022,SMF,CA,AWP,WE,Towers with Radar,268,30,11,2,311,0,2,8,0,10,268,32,19,2,321,0,2,2,323
03/05/2022,SMF,CA,AWP,WE,Towers with Radar,216,11,7,0,234,0,0,4,0,4,216,11,11,0,238,16,0,16,254
03/06/2022,SMF,CA,AWP,WE,Towers with Radar,265,7,8,0,280,0,0,7,0,7,265,7,15,0,287,4,0,4,291
03/07/2022,SMF,CA,AWP,WE,Towers with Radar,272,23,8,0,303,0,0,14,4,18,272,23,22,4,321,0,14,14,335
03/08/2022,SMF,CA,AWP,WE,Towers with Radar,249,21,13,1,284,0,0,8,1,9,249,21,21,2,293,24,0,24,317
03/09/2022,SMF,CA,AWP,WE,Towers with Radar,248,22,6,3,279,0,0,7,3,10,248,22,13,6,289,2,24,26,315
03/10/2022,SMF,CA,AWP,WE,Towers with Radar,286,24,6,4,320,0,0,4,1,5,286,24,10,5,325,0,16,16,341
03/11/2022,SMF,CA,AWP,WE,Towers with Radar,288,21,6,7,322,0,0,7,2,9,288,21,13,9,331,0,8,8,339
03/12/2022,SMF,CA,AWP,WE,Towers with Radar,225,13,3,0,241,0,0,6,0,6,225,13,9,0,247,0,0,0,247
03/13/2022,SMF,CA,AWP,WE,Towers with Radar,265,8,2,1,276,0,0,7,1,8,265,8,9,2,284,24,4,28,312
03/14/2022,SMF,CA,AWP,WE,Towers with Radar,284,23,12,0,319,0,0,7,2,9,284,23,19,2,328,16,0,16,344
03/15/2022,SMF,CA,AWP,WE,Towers with Radar,281,22,14,7,324,0,0,2,1,3,281,22,16,8,327,0,10,10,337
03/16/2022,SMF,CA,AWP,WE,Towers with Radar,282,25,19,1,327,0,0,13,3,16,282,25,32,4,343,14,20,34,377
03/17/2022,SMF,CA,AWP,WE,Towers with Radar,297,22,13,0,332,0,0,15,0,15,297,22,28,0,347,0,0,0,347
03/18/2022,SMF,CA,AWP,WE,Towers with Radar,290,25,8,4,327,0,1,10,0,11,290,26,18,4,338,0,0,0,338
03/19/2022,SMF,CA,AWP,WE,Towers with Radar,221,14,6,0,241,0,0,3,0,3,221,14,9,0,244,0,0,0,244
03/20/2022,SMF,CA,AWP,WE,Towers with Radar,288,8,4,2,302,0,1,9,0,10,288,9,13,2,312,0,0,0,312
03/21/2022,SMF,CA,AWP,WE,Towers with Radar,284,21,7,2,314,0,0,8,1,9,284,21,15,3,323,0,2,2,325
03/22/2022,SMF,CA,AWP,WE,Towers with Radar,297,32,6,4,339,0,1,14,0,15,297,33,20,4,354,0,0,0,354
03/23/2022,SMF,CA,AWP,WE,Towers with Radar,281,23,3,1,308,0,2,6,1,9,281,25,9,2,317,0,0,0,317
03/24/2022,SMF,CA,AWP,WE,Towers with Radar,300,19,6,0,325,0,1,24,0,25,300,20,30,0,350,0,0,0,350
03/25/2022,SMF,CA,AWP,WE,Towers with Radar,288,22,12,1,323,0,0,14,3,17,288,22,26,4,340,0,6,6,346
03/26/2022,SMF,CA,AWP,WE,Towers with Radar,229,11,4,0,244,0,0,4,0,4,229,11,8,0,248,2,0,2,250
03/27/2022,SMF,CA,AWP,WE,Towers with Radar,282,10,9,0,301,0,2,7,0,9,282,12,16,0,310,8,0,8,318
03/28/2022,SMF,CA,AWP,WE,Towers with Radar,284,29,9,7,329,0,0,7,5,12,284,29,16,12,341,0,32,32,373
03/29/2022,SMF,CA,AWP,WE,Towers with Radar,295,24,4,1,324,0,0,3,3,6,295,24,7,4,330,0,18,18,348
03/30/2022,SMF,CA,AWP,WE,Towers with Radar,282,26,13,3,324,0,0,9,0,9,282,26,22,3,333,0,8,8,341
03/31/2022,SMF,CA,AWP,WE,Towers with Radar,295,25,21,1,342,0,0,19,1,20,295,25,40,2,362,22,10,32,394
04/01/2022,SMF,CA,AWP,WE,Towers with Radar,291,24,7,1,323,0,1,13,1,15,291,25,20,2,338,0,0,0,338
04/02/2022,SMF,CA,AWP,WE,Towers with Radar,228,11,2,0,241,0,1,5,0,6,228,12,7,0,247,2,0,2,249
04/03/2022,SMF,CA,AWP,WE,Towers with Radar,291,6,6,0,303,0,0,10,0,10,291,6,16,0,313,24,0,24,337
04/04/2022,SMF,CA,AWP,WE,Towers with Radar,308,29,3,2,342,0,0,4,1,5,308,29,7,3,347,0,8,8,355
04/05/2022,SMF,CA,AWP,WE,Towers with Radar,310,30,10,1,351,0,0,4,1,5,310,30,14,2,356,0,0,0,356
04/06/2022,SMF,CA,AWP,WE,Towers with Radar,312,23,2,0,337,0,1,8,4,13,312,24,10,4,350,0,0,0,350
04/07/2022,SMF,CA,AWP,WE,Towers with Radar,318,28,3,1,350,0,0,18,5,23,318,28,21,6,373,12,6,18,391
04/08/2022,SMF,CA,AWP,WE,Towers with Radar,325,25,2,1,353,0,2,21,2,25,325,27,23,3,378,6,0,6,384
04/09/2022,SMF,CA,AWP,WE,Towers with Radar,246,14,6,0,266,0,1,2,0,3,246,15,8,0,269,0,0,0,269
04/10/2022,SMF,CA,AWP,WE,Towers with Radar,311,10,3,0,324,0,1,15,1,17,311,11,18,1,341,2,0,2,343
04/11/2022,SMF,CA,AWP,WE,Towers with Radar,312,23,7,2,344,0,0,1,0,1,312,23,8,2,345,0,2,2,347
04/12/2022,SMF,CA,AWP,WE,Towers with Radar,313,26,11,0,350,0,1,13,0,14,313,27,24,0,364,0,0,0,364
04/13/2022,SMF,CA,AWP,WE,Towers with Radar,307,21,5,2,335,0,0,3,0,3,307,21,8,2,338,0,0,0,338
04/14/2022,SMF,CA,AWP,WE,Towers with Radar,328,31,6,7,372,0,0,0,0,0,328,31,6,7,372,0,6,6,378
04/15/2022,SMF,CA,AWP,WE,Towers with Radar,321,26,7,2,356,0,0,16,1,17,321,26,23,3,373,38,8,46,419
04/16/2022,SMF,CA,AWP,WE,Towers with Radar,249,14,3,0,266,0,0,7,0,7,249,14,10,0,273,0,0,0,273
04/17/2022,SMF,CA,AWP,WE,Towers with Radar,307,6,4,0,317,0,0,4,0,4,307,6,8,0,321,22,0,22,343
04/18/2022,SMF,CA,AWP,WE,Towers with Radar,308,28,5,1,342,0,0,5,1,6,308,28,10,2,348,0,12,12,360
04/19/2022,SMF,CA,AWP,WE,Towers with Radar,316,27,10,0,353,0,0,10,0,10,316,27,20,0,363,16,0,16,379
04/20/2022,SMF,CA,AWP,WE,Towers with Radar,315,26,6,8,355,0,1,7,0,8,315,27,13,8,363,4,0,4,367
04/21/2022,SMF,CA,AWP,WE,Towers with Radar,331,24,7,4,366,0,0,3,3,6,331,24,10,7,372,0,12,12,384
04/22/2022,SMF,CA,AWP,WE,Towers with Radar,311,24,11,3,349,0,0,7,1,8,311,24,18,4,357,24,14,38,395
04/23/2022,SMF,CA,AWP,WE,Towers with Radar,258,14,6,0,278,0,0,13,0,13,258,14,19,0,291,0,0,0,291
04/24/2022,SMF,CA,AWP,WE,Towers with Radar,315,10,10,0,335,0,0,10,0,10,315,10,20,0,345,0,0,0,345
04/25/2022,SMF,CA,AWP,WE,Towers with Radar,313,24,9,3,349,0,0,8,1,9,313,24,17,4,358,2,4,6,364
04/26/2022,SMF,CA,AWP,WE,Towers with Radar,311,27,15,0,353,0,1,17,0,18,311,28,32,0,371,2,0,2,373
04/27/2022,SMF,CA,AWP,WE,Towers with Radar,319,27,9,2,357,0,0,15,0,15,319,27,24,2,372,0,0,0,372
04/28/2022,SMF,CA,AWP,WE,Towers with Radar,328,27,7,8,370,0,0,12,2,14,328,27,19,10,384,12,28,40,424
04/29/2022,SMF,CA,AWP,WE,Towers with Radar,315,32,11,5,363,0,0,12,3,15,315,32,23,8,378,0,24,24,402
04/30/2022,SMF,CA,AWP,WE,Towers with Radar,248,14,2,0,264,0,0,8,0,8,248,14,10,0,272,10,0,10,282
05/01/2022,SMF,CA,AWP,WE,Towers with Radar,310,8,6,2,326,0,0,9,0,9,310,8,15,2,335,0,2,2,337
05/02/2022,SMF,CA,AWP,WE,Towers with Radar,303,26,15,1,345,0,0,19,4,23,303,26,34,5,368,36,38,74,442
05/03/2022,SMF,CA,AWP,WE,Towers with Radar,313,26,8,9,356,0,0,13,7,20,313,26,21,16,376,16,10,26,402
05/04/2022,SMF,CA,AWP,WE,Towers with Radar,311,24,10,0,345,0,1,12,0,13,311,25,22,0,358,28,0,28,386
05/05/2022,SMF,CA,AWP,WE,Towers with Radar,323,28,4,1,356,0,3,2,3,8,323,31,6,4,364,18,10,28,392
05/06/2022,SMF,CA,AWP,WE,Towers with Radar,321,22,9,2,354,0,0,10,4,14,321,22,19,6,368,16,16,32,400
05/07/2022,SMF,CA,AWP,WE,Towers with Radar,249,11,2,1,263,0,1,11,0,12,249,12,13,1,275,12,0,12,287
05/08/2022,SMF,CA,AWP,WE,Towers with Radar,316,7,0,0,323,0,0,2,0,2,316,7,2,0,325,0,0,0,325
05/09/2022,SMF,CA,AWP,WE,Towers with Radar,320,25,15,1,361,0,1,3,3,7,320,26,18,4,368,0,0,0,368
05/10/2022,SMF,CA,AWP,WE,Towers with Radar,320,25,17,0,362,0,0,3,0,3,320,25,20,0,365,0,0,0,365
05/11/2022,SMF,CA,AWP,WE,Towers with Radar,327,20,3,6,356,0,0,7,4,11,327,20,10,10,367,0,18,18,385
05/12/2022,SMF,CA,AWP,WE,Towers with Radar,335,25,10,10,380,0,0,21,5,26,335,25,31,15,406,2,46,48,454
05/13/2022,SMF,CA,AWP,WE,Towers with Radar,323,23,6,0,352,0,1,14,3,18,323,24,20,3,370,6,0,6,376
05/14/2022,SMF,CA,AWP,WE,Towers with Radar,251,12,2,0,265,0,0,11,0,11,251,12,13,0,276,14,0,14,290
05/15/2022,SMF,CA,AWP,WE,Towers with Radar,330,7,12,0,349,0,0,7,0,7,330,7,19,0,356,0,0,0,356
05/16/2022,SMF,CA,AWP,WE,Towers with Radar,321,23,6,2,352,0,0,11,2,13,321,23,17,4,365,10,16,26,391
05/17/2022,SMF,CA,AWP,WE,Towers with Radar,323,23,7,5,358,0,0,8,3,11,323,23,15,8,369,0,0,0,369
05/18/2022,SMF,CA,AWP,WE,Towers with Radar,323,24,10,0,357,0,0,7,0,7,323,24,17,0,364,0,0,0,364
05/19/2022,SMF,CA,AWP,WE,Towers with Radar,339,22,14,0,375,0,3,13,2,18,339,25,27,2,393,0,12,12,405
05/20/2022,SMF,CA,AWP,WE,Towers with Radar,323,24,9,10,366,0,0,16,8,24,323,24,25,18,390,0,28,28,418
05/21/2022,SMF,CA,AWP,WE,Towers with Radar,265,10,12,0,287,0,0,15,0,15,265,10,27,0,302,0,0,0,302
05/22/2022,SMF,CA,AWP,WE,Towers with Radar,322,8,7,0,337,0,0,10,0,10,322,8,17,0,347,10,0,10,357
05/23/2022,SMF,CA,AWP,WE,Towers with Radar,324,22,8,0,354,0,0,5,1,6,324,22,13,1,360,22,0,22,382
05/24/2022,SMF,CA,AWP,WE,Towers with Radar,322,20,10,10,362,0,0,18,1,19,322,20,28,11,381,0,0,0,381
05/25/2022,SMF,CA,AWP,WE,Towers with Radar,322,24,8,0,354,0,0,12,6,18,322,24,20,6,372,4,14,18,390
05/26/2022,SMF,CA,AWP,WE,Towers with Radar,331,23,7,0,361,0,0,14,0,14,331,23,21,0,375,10,0,10,385
05/27/2022,SMF,CA,AWP,WE,Towers with Radar,330,23,8,0,361,0,0,5,0,5,330,23,13,0,366,0,0,0,366
05/28/2022,SMF,CA,AWP,WE,Towers with Radar,259,13,2,0,274,0,0,2,0,2,259,13,4,0,276,14,0,14,290
05/29/2022,SMF,CA,AWP,WE,Towers with Radar,317,6,3,0,326,0,0,8,0,8,317,6,11,0,334,22,0,22,356
05/30/2022,SMF,CA,AWP,WE,Towers with Radar,327,4,4,0,335,0,2,5,0,7,327,6,9,0,342,0,0,0,342
05/31/2022,SMF,CA,AWP,WE,Towers with Radar,317,22,11,1,351,0,0,13,2,15,317,22,24,3,366,0,0,0,366
06/01/2022,SMF,CA,AWP,WE,Towers with Radar,319,21,9,2,351,0,0,13,2,15,319,21,22,4,366,0,6,6,372
06/02/2022,SMF,CA,AWP,WE,Towers with Radar,323,21,12,0,356,0,0,16,0,16,323,21,28,0,372,8,0,8,380
06/03/2022,SMF,CA,AWP,WE,Towers with Radar,319,23,7,5,354,0,0,16,3,19,319,23,23,8,373,2,14,16,389
06/04/2022,SMF,CA,AWP,WE,Towers with Radar,250,11,4,0,265,0,0,6,0,6,250,11,10,0,271,0,0,0,271
06/05/2022,SMF,CA,AWP,WE,Towers with Radar,340,9,3,0,352,0,0,2,0,2,340,9,5,0,354,0,0,0,354
06/06/2022,SMF,CA,AWP,WE,Towers with Radar,342,18,11,2,373,0,0,16,2,18,342,18,27,4,391,12,2,14,405
06/07/2022,SMF,CA,AWP,WE,Towers with Radar,343,25,5,2,375,0,0,4,0,4,343,25,9,2,379,0,6,6,385
06/08/2022,SMF,CA,AWP,WE,Towers with Radar,344,29,2,0,375,0,0,13,0,13,344,29,15,0,388,0,0,0,388
06/09/2022,SMF,CA,AWP,WE,Towers with Radar,336,26,6,0,368,0,0,17,0,17,336,26,23,0,385,30,0,30,415
06/10/2022,SMF,CA,AWP,WE,Towers with Radar,350,26,10,1,387,0,1,11,0,12,350,27,21,1,399,6,6,12,411
06/11/2022,SMF,CA,AWP,WE,Towers with Radar,277,14,5,0,296,0,0,17,0,17,277,14,22,0,313,2,0,2,315
06/12/2022,SMF,CA,AWP,WE,Towers with Radar,335,7,5,0,347,0,0,5,0,5,335,7,10,0,352,0,0,0,352
06/13/2022,SMF,CA,AWP,WE,Towers with Radar,340,22,12,5,379,0,0,20,5,25,340,22,32,10,404,8,24,32,436
06/14/2022,SMF,CA,AWP,WE,Towers with Radar,348,27,12,5,392,0,0,15,3,18,348,27,27,8,410,20,6,26,436
06/15/2022,SMF,CA,AWP,WE,Towers with Radar,343,26,5,2,376,0,1,22,3,26,343,27,27,5,402,0,0,0,402
06/16/2022,SMF,CA,AWP,WE,Towers with Radar,339,24,7,0,370,0,0,7,0,7,339,24,14,0,377,0,0,0,377
06/17/2022,SMF,CA,AWP,WE,Towers with Radar,350,24,7,0,381,0,0,11,0,11,350,24,18,0,392,16,0,16,408
06/18/2022,SMF,CA,AWP,WE,Towers with Radar,274,15,1,0,290,0,0,12,1,13,274,15,13,1,303,52,0,52,355
06/19/2022,SMF,CA,AWP,WE,Towers with Radar,343,10,2,0,355,0,0,10,0,10,343,10,12,0,365,16,0,16,381
06/20/2022,SMF,CA,AWP,WE,Towers with Radar,335,21,7,0,363,0,0,13,0,13,335,21,20,0,376,6,0,6,382
06/21/2022,SMF,CA,AWP,WE,Towers with Radar,347,26,8,0,381,0,0,10,0,10,347,26,18,0,391,0,0,0,391
06/22/2022,SMF,CA,AWP,WE,Towers with Radar,345,27,4,7,383,0,0,12,1,13,345,27,16,8,396,0,10,10,406
06/23/2022,SMF,CA,AWP,WE,Towers with Radar,349,23,15,0,387,0,0,17,0,17,349,23,32,0,404,0,0,0,404
06/24/2022,SMF,CA,AWP,WE,Towers with Radar,353,28,9,0,390,0,0,14,3,17,353,28,23,3,407,12,0,12,419
06/25/2022,SMF,CA,AWP,WE,Towers with Radar,267,15,3,0,285,0,0,10,0,10,267,15,13,0,295,24,0,24,319
06/26/2022,SMF,CA,AWP,WE,Towers with Radar,347,8,4,0,359,0,0,3,0,3,347,8,7,0,362,0,0,0,362
06/27/2022,SMF,CA,AWP,WE,Towers with Radar,342,25,8,2,377,0,0,7,5,12,342,25,15,7,389,0,10,10,399
06/28/2022,SMF,CA,AWP,WE,Towers with Radar,346,25,12,17,400,0,0,26,12,38,346,25,38,29,438,18,14,32,470
06/29/2022,SMF,CA,AWP,WE,Towers with Radar,335,24,7,0,366,0,0,29,4,33,335,24,36,4,399,40,12,52,451
06/30/2022,SMF,CA,AWP,WE,Towers with Radar,357,33,11,6,407,0,1,21,0,22,357,34,32,6,429,26,0,26,455
07/01/2022,SMF,CA,AWP,WE,Towers with Radar,351,28,11,0,390,0,0,13,0,13,351,28,24,0,403,18,0,18,421
07/02/2022,SMF,CA,AWP,WE,Towers with Radar,276,18,3,2,299,0,0,4,0,4,276,18,7,2,303,2,8,10,313
07/03/2022,SMF,CA,AWP,WE,Towers with Radar,318,10,5,0,333,0,1,3,2,6,318,11,8,2,339,20,0,20,359
07/04/2022,SMF,CA,AWP,WE,Towers with Radar,314,11,1,1,327,0,0,7,1,8,314,11,8,2,335,4,22,26,361
07/05/2022,SMF,CA,AWP,WE,Towers with Radar,337,23,6,1,367,0,0,13,2,15,337,23,19,3,382,0,0,0,382
07/06/2022,SMF,CA,AWP,WE,Towers with Radar,339,25,3,2,369,0,0,11,0,11,339,25,14,2,380,24,0,24,404
07/07/2022,SMF,CA,AWP,WE,Towers with Radar,353,23,5,0,381,0,0,17,1,18,353,23,22,1,399,22,2,24,423
07/08/2022,SMF,CA,AWP,WE,Towers with Radar,344,27,5,7,383,0,0,13,1,14,344,27,18,8,397,22,8,30,427
07/09/2022,SMF,CA,AWP,WE,Towers with Radar,276,17,6,0,299,0,1,10,0,11,276,18,16,0,310,8,0,8,318
07/10/2022,SMF,CA,AWP,WE,Towers with Radar,340,17,6,0,363,0,0,8,0,8,340,17,14,0,371,20,0,20,391
07/11/2022,SMF,CA,AWP,WE,Towers with Radar,353,19,9,1,382,0,1,14,2,17,353,20,23,3,399,10,18,28,427
07/12/2022,SMF,CA,AWP,WE,Towers with Radar,346,29,9,0,384,0,3,13,0,16,346,32,22,0,400,0,0,0,400
07/13/2022,SMF,CA,AWP,WE,Towers with Radar,338,25,8,0,371,0,0,8,0,8,338,25,16,0,379,0,0,0,379
07/14/2022,SMF,CA,AWP,WE,Towers with Radar,347,26,8,1,382,0,0,11,2,13,347,26,19,3,395,0,0,0,395
07/15/2022,SMF,CA,AWP,WE,Towers with Radar,360,28,9,0,397,0,0,14,2,16,360,28,23,2,413,6,6,12,425
07/16/2022,SMF,CA,AWP,WE,Towers with Radar,266,13,0,0,279,0,1,10,0,11,266,14,10,0,290,10,0,10,300
07/17/2022,SMF,CA,AWP,WE,Towers with Radar,337,10,0,0,347,0,0,7,0,7,337,10,7,0,354,0,0,0,354
07/18/2022,SMF,CA,AWP,WE,Towers with Radar,350,23,5,2,380,0,1,9,1,11,350,24,14,3,391,2,12,14,405
07/19/2022,SMF,CA,AWP,WE,Towers with Radar,349,27,6,0,382,0,0,17,1,18,349,27,23,1,400,14,0,14,414
07/20/2022,SMF,CA,AWP,WE,Towers with Radar,334,27,6,0,367,0,2,12,0,14,334,29,18,0,381,0,0,0,381
07/21/2022,SMF,CA,AWP,WE,Towers with Radar,362,28,18,5,413,0,1,19,6,26,362,29,37,11,439,24,40,64,503
07/22/2022,SMF,CA,AWP,WE,Towers with Radar,351,28,3,0,382,0,2,26,2,30,351,30,29,2,412,22,6,28,440
07/23/2022,SMF,CA,AWP,WE,Towers with Radar,266,19,5,0,290,0,0,13,0,13,266,19,18,0,303,14,0,14,317
07/24/2022,SMF,CA,AWP,WE,Towers with Radar,331,10,4,0,345,0,0,8,1,9,331,10,12,1,354,16,4,20,374
07/25/2022,SMF,CA,AWP,WE,Towers with Radar,340,19,10,4,373,0,0,22,1,23,340,19,32,5,396,18,0,18,414
07/26/2022,SMF,CA,AWP,WE,Towers with Radar,332,27,8,10,377,0,0,30,2,32,332,27,38,12,409,0,16,16,425
07/27/2022,SMF,CA,AWP,WE,Towers with Radar,342,28,10,4,384,0,0,43,0,43,342,28,53,4,427,0,0,0,427
07/28/2022,SMF,CA,AWP,WE,Towers with Radar,355,28,2,0,385,0,2,14,0,16,355,30,16,0,401,0,0,0,401
07/29/2022,SMF,CA,AWP,WE,Towers with Radar,349,25,9,0,383,0,0,9,0,9,349,25,18,0,392,14,0,14,406
07/30/2022,SMF,CA,AWP,WE,Towers with Radar,278,13,2,0,293,0,1,8,0,9,278,14,10,0,302,10,0,10,312
07/31/2022,SMF,CA,AWP,WE,Towers with Radar,327,13,6,0,346,0,1,11,0,12,327,14,17,0,358,12,0,12,370
08/01/2022,SMF,CA,AWP,WE,Towers with Radar,337,26,8,0,371,0,0,22,0,22,337,26,30,0,393,12,0,12,405
08/02/2022,SMF,CA,AWP,WE,Towers with Radar,346,25,9,0,380,0,0,18,2,20,346,25,27,2,400,14,0,14,414
08/03/2022,SMF,CA,AWP,WE,Towers with Radar,336,28,10,0,374,0,0,15,0,15,336,28,25,0,389,12,0,12,401
08/04/2022,SMF,CA,AWP,WE,Towers with Radar,324,29,2,0,355,0,3,11,0,14,324,32,13,0,369,16,0,16,385
08/05/2022,SMF,CA,AWP,WE,Towers with Radar,338,26,6,0,370,0,0,9,0,9,338,26,15,0,379,10,0,10,389
08/06/2022,SMF,CA,AWP,WE,Towers with Radar,265,15,0,0,280,0,0,13,0,13,265,15,13,0,293,2,0,2,295
08/07/2022,SMF,CA,AWP,WE,Towers with Radar,336,10,4,0,350,0,0,9,0,9,336,10,13,0,359,0,0,0,359
08/08/2022,SMF,CA,AWP,WE,Towers with Radar,344,24,5,5,378,0,2,13,1,16,344,26,18,6,394,6,8,14,408
08/09/2022,SMF,CA,AWP,WE,Towers with Radar,334,27,6,0,367,0,0,13,2,15,334,27,19,2,382,4,0,4,386
08/10/2022,SMF,CA,AWP,WE,Towers with Radar,331,23,5,0,359,0,0,23,2,25,331,23,28,2,384,22,8,30,414
08/11/2022,SMF,CA,AWP,WE,Towers with Radar,341,20,4,8,373,0,2,15,6,23,341,22,19,14,396,14,32,46,442
08/12/2022,SMF,CA,AWP,WE,Towers with Radar,349,25,3,2,379,0,0,29,0,29,349,25,32,2,408,70,0,70,478
08/13/2022,SMF,CA,AWP,WE,Towers with Radar,267,17,3,0,287,0,2,9,0,11,267,19,12,0,298,22,0,22,320
08/14/2022,SMF,CA,AWP,WE,Towers with Radar,332,10,2,0,344,0,0,12,0,12,332,10,14,0,356,24,0,24,380
08/15/2022,SMF,CA,AWP,WE,Towers with Radar,339,21,4,0,364,0,0,11,2,13,339,21,15,2,377,18,0,18,395
08/16/2022,SMF,CA,AWP,WE,Towers with Radar,347,24,10,2,383,0,0,11,3,14,347,24,21,5,397,0,0,0,397
08/17/2022,SMF,CA,AWP,WE,Towers with Radar,335,25,4,0,364,0,2,15,2,19,335,27,19,2,383,32,4,36,419
08/18/2022,SMF,CA,AWP,WE,Towers with Radar,349,25,12,0,386,0,3,18,0,21,349,28,30,0,407,26,0,26,433
08/19/2022,SMF,CA,AWP,WE,Towers with Radar,350,22,9,2,383,0,0,17,2,19,350,22,26,4,402,24,8,32,434
08/20/2022,SMF,CA,AWP,WE,Towers with Radar,260,13,3,0,276,0,0,3,0,3,260,13,6,0,279,12,0,12,291
08/21/2022,SMF,CA,AWP,WE,Towers with Radar,331,10,3,0,344,0,1,11,0,12,331,11,14,0,356,2,0,2,358
08/22/2022,SMF,CA,AWP,WE,Towers with Radar,337,28,9,13,387,0,0,14,5,19,337,28,23,18,406,20,22,42,448
08/23/2022,SMF,CA,AWP,WE,Towers with Radar,331,23,11,7,372,0,2,14,1,17,331,25,25,8,389,0,16,16,405
08/24/2022,SMF,CA,AWP,WE,Towers with Radar,337,22,18,1,378,0,1,14,3,18,337,23,32,4,396,4,18,22,418
08/25/2022,SMF,CA,AWP,WE,Towers with Radar,350,22,8,0,380,0,3,22,2,27,350,25,30,2,407,24,10,34,441
08/26/2022,SMF,CA,AWP,WE,Towers with Radar,354,28,17,3,402,0,2,20,1,23,354,30,37,4,425,42,6,48,473
08/27/2022,SMF,CA,AWP,WE,Towers with Radar,263,12,2,0,277,0,0,12,0,12,263,12,14,0,289,0,0,0,289
08/28/2022,SMF,CA,AWP,WE,Towers with Radar,346,11,6,0,363,0,0,12,0,12,346,11,18,0,375,7,0,7,382
08/29/2022,SMF,CA,AWP,WE,Towers with Radar,333,22,8,0,363,0,0,13,2,15,333,22,21,2,378,38,8,46,424
08/30/2022,SMF,CA,AWP,WE,Towers with Radar,332,23,10,6,371,0,0,14,1,15,332,23,24,7,386,2,4,6,392
08/31/2022,SMF,CA,AWP,WE,Towers with Radar,336,20,5,1,362,0,0,13,1,14,336,20,18,2,376,16,6,22,398
09/01/2022,SMF,CA,AWP,WE,Towers with Radar,352,26,4,0,382,0,0,15,0,15,352,26,19,0,397,28,0,28,425
09/02/2022,SMF,CA,AWP,WE,Towers with Radar,351,29,7,0,387,1,1,11,0,13,352,30,18,0,400,0,0,0,400
09/03/2022,SMF,CA,AWP,WE,Towers with Radar,254,12,1,0,267,0,1,3,0,4,254,13,4,0,271,0,0,0,271
09/04/2022,SMF,CA,AWP,WE,Towers with Radar,286,8,1,0,295,0,0,9,1,10,286,8,10,1,305,10,0,10,315
09/05/2022,SMF,CA,AWP,WE,Towers with Radar,326,10,1,3,340,0,0,4,0,4,326,10,5,3,344,24,0,24,368
09/06/2022,SMF,CA,AWP,WE,Towers with Radar,328,26,5,0,359,0,1,10,0,11,328,27,15,0,370,0,0,0,370
09/07/2022,SMF,CA,AWP,WE,Towers with Radar,318,31,13,3,365,0,3,14,0,17,318,34,27,3,382,0,6,6,388
09/08/2022,SMF,CA,AWP,WE,Towers with Radar,345,28,3,6,382,0,1,6,0,7,345,29,9,6,389,0,0,0,389
09/09/2022,SMF,CA,AWP,WE,Towers with Radar,339,25,5,1,370,0,1,18,1,20,339,26,23,2,390,2,6,8,398
09/10/2022,SMF,CA,AWP,WE,Towers with Radar,260,14,3,0,277,0,2,8,2,12,260,16,11,2,289,4,0,4,293
09/11/2022,SMF,CA,AWP,WE,Towers with Radar,299,6,5,0,310,0,0,7,0,7,299,6,12,0,317,4,0,4,321
09/12/2022,SMF,CA,AWP,WE,Towers with Radar,344,22,10,0,376,0,0,5,4,9,344,22,15,4,385,0,16,16,401
09/13/2022,SMF,CA,AWP,WE,Towers with Radar,327,26,6,0,359,0,1,7,2,10,327,27,13,2,369,4,0,4,373
09/14/2022,SMF,CA,AWP,WE,Towers with Radar,326,23,14,1,364,0,0,9,5,14,326,23,23,6,378,0,14,14,392
09/15/2022,SMF,CA,AWP,WE,Towers with Radar,357,26,2,4,389,0,1,16,0,17,357,27,18,4,406,0,0,0,406
09/16/2022,SMF,CA,AWP,WE,Towers with Radar,352,24,4,0,380,0,1,17,0,18,352,25,21,0,398,44,0,44,442
09/17/2022,SMF,CA,AWP,WE,Towers with Radar,253,16,3,0,272,0,0,10,0,10,253,16,13,0,282,0,0,0,282
09/18/2022,SMF,CA,AWP,WE,Towers with Radar,299,8,6,1,314,0,0,3,0,3,299,8,9,1,317,0,0,0,317
09/19/2022,SMF,CA,AWP,WE,Towers with Radar,345,18,7,1,371,0,0,0,0,0,345,18,7,1,371,0,0,0,371
09/20/2022,SMF,CA,AWP,WE,Towers with Radar,331,26,7,1,365,0,0,6,3,9,331,26,13,4,374,0,6,6,380
09/21/2022,SMF,CA,AWP,WE,Towers with Radar,331,29,11,0,371,0,0,6,0,6,331,29,17,0,377,0,0,0,377
09/22/2022,SMF,CA,AWP,WE,Towers with Radar,353,24,17,2,396,0,1,13,0,14,353,25,30,2,410,0,0,0,410
09/23/2022,SMF,CA,AWP,WE,Towers with Radar,353,22,8,1,384,0,0,9,0,9,353,22,17,1,393,52,0,52,445
09/24/2022,SMF,CA,AWP,WE,Towers with Radar,255,17,10,0,282,0,0,12,0,12,255,17,22,0,294,0,0,0,294
09/25/2022,SMF,CA,AWP,WE,Towers with Radar,301,6,5,0,312,0,0,11,0,11,301,6,16,0,323,0,0,0,323
09/26/2022,SMF,CA,AWP,WE,Towers with Radar,345,25,5,2,377,0,0,17,0,17,345,25,22,2,394,16,0,16,410
09/27/2022,SMF,CA,AWP,WE,Towers with Radar,333,24,6,1,364,0,0,82,1,83,333,24,88,2,447,4,0,4,451
09/28/2022,SMF,CA,AWP,WE,Towers with Radar,321,22,9,5,357,0,1,14,5,20,321,23,23,10,377,16,20,36,413
09/29/2022,SMF,CA,AWP,WE,Towers with Radar,354,22,16,2,394,0,0,13,2,15,354,22,29,4,409,0,14,14,423
09/30/2022,SMF,CA,AWP,WE,Towers with Radar,349,29,12,0,390,0,2,29,0,31,349,31,41,0,421,0,0,0,421
10/01/2022,SMF,CA,AWP,WE,Towers with Radar,249,19,4,0,272,0,0,8,0,8,249,19,12,0,280,0,0,0,280
10/02/2022,SMF,CA,AWP,WE,Towers with Radar,306,13,4,0,323,0,0,7,0,7,306,13,11,0,330,4,0,4,334
10/03/2022,SMF,CA,AWP,WE,Towers with Radar,341,20,6,0,367,0,1,19,0,20,341,21,25,0,387,30,0,30,417
10/04/2022,SMF,CA,AWP,WE,Towers with Radar,327,22,5,8,362,0,0,18,4,22,327,22,23,12,384,36,14,50,434
10/05/2022,SMF,CA,AWP,WE,Towers with Radar,325,24,5,0,354,0,1,5,0,6,325,25,10,0,360,12,0,12,372
10/06/2022,SMF,CA,AWP,WE,Towers with Radar,350,22,9,0,381,0,0,13,0,13,350,22,22,0,394,0,0,0,394
10/07/2022,SMF,CA,AWP,WE,Towers with Radar,346,23,4,2,375,0,1,7,0,8,346,24,11,2,383,0,0,0,383
10/08/2022,SMF,CA,AWP,WE,Towers with Radar,250,16,6,0,272,0,0,12,0,12,250,16,18,0,284,0,0,0,284
10/09/2022,SMF,CA,AWP,WE,Towers with Radar,300,10,4,0,314,0,0,18,0,18,300,10,22,0,332,20,0,20,352
10/10/2022,SMF,CA,AWP,WE,Towers with Radar,341,22,5,0,368,0,0,15,0,15,341,22,20,0,383,0,0,0,383
10/11/2022,SMF,CA,AWP,WE,Towers with Radar,338,24,4,0,366,0,1,15,0,16,338,25,19,0,382,20,0,20,402
10/12/2022,SMF,CA,AWP,WE,Towers with Radar,332,24,3,8,367,0,0,15,9,24,332,24,18,17,391,20,18,38,429
10/13/2022,SMF,CA,AWP,WE,Towers with Radar,356,20,3,0,379,0,0,9,2,11,356,20,12,2,390,0,0,0,390
10/14/2022,SMF,CA,AWP,WE,Towers with Radar,351,24,9,1,385,0,0,10,1,11,351,24,19,2,396,0,6,6,402
10/15/2022,SMF,CA,AWP,WE,Towers with Radar,249,16,3,0,268,0,1,14,0,15,249,17,17,0,283,0,0,0,283
10/16/2022,SMF,CA,AWP,WE,Towers with Radar,299,8,5,0,312,0,0,15,0,15,299,8,20,0,327,12,0,12,339
10/17/2022,SMF,CA,AWP,WE,Towers with Radar,342,20,14,0,376,0,1,5,2,8,342,21,19,2,384,8,0,8,392
10/18/2022,SMF,CA,AWP,WE,Towers with Radar,336,23,5,0,364,0,2,21,0,23,336,25,26,0,387,30,0,30,417
10/19/2022,SMF,CA,AWP,WE,Towers with Radar,332,26,12,1,371,0,0,12,2,14,332,26,24,3,385,0,14,14,399
10/20/2022,SMF,CA,AWP,WE,Towers with Radar,348,24,11,3,386,0,2,16,2,20,348,26,27,5,406,24,4,28,434
10/21/2022,SMF,CA,AWP,WE,Towers with Radar,350,26,11,2,389,0,0,10,0,10,350,26,21,2,399,12,8,20,419
10/22/2022,SMF,CA,AWP,WE,Towers with Radar,249,15,10,0,274,0,0,14,0,14,249,15,24,0,288,0,0,0,288
10/23/2022,SMF,CA,AWP,WE,Towers with Radar,299,13,6,0,318,0,0,13,0,13,299,13,19,0,331,0,0,0,331
10/24/2022,SMF,CA,AWP,WE,Towers with Radar,341,21,4,2,368,0,0,16,2,18,341,21,20,4,386,0,18,18,404
10/25/2022,SMF,CA,AWP,WE,Towers with Radar,325,26,3,4,358,0,0,11,2,13,325,26,14,6,371,26,4,30,401
10/26/2022,SMF,CA,AWP,WE,Towers with Radar,339,27,9,0,375,0,2,9,1,12,339,29,18,1,387,8,0,8,395
10/27/2022,SMF,CA,AWP,WE,Towers with Radar,352,29,11,0,392,0,0,16,4,20,352,29,27,4,412,14,14,28,440
10/28/2022,SMF,CA,AWP,WE,Towers with Radar,346,23,3,1,373,0,2,14,1,17,346,25,17,2,390,10,6,16,406
10/29/2022,SMF,CA,AWP,WE,Towers with Radar,247,12,5,0,264,0,0,8,0,8,247,12,13,0,272,18,0,18,290
10/30/2022,SMF,CA,AWP,WE,Towers with Radar,293,9,5,0,307,0,2,8,0,10,293,11,13,0,317,0,0,0,317
10/31/2022,SMF,CA,AWP,WE,Towers with Radar,325,18,5,0,348,0,0,7,0,7,325,18,12,0,355,0,0,0,355
11/01/2022,SMF,CA,AWP,WE,Towers with Radar,338,28,5,2,373,0,0,1,0,1,338,28,6,2,374,12,0,12,386
11/02/2022,SMF,CA,AWP,WE,Towers with Radar,336,25,2,7,370,0,0,10,5,15,336,25,12,12,385,0,6,6,391
11/03/2022,SMF,CA,AWP,WE,Towers with Radar,353,26,4,2,385,0,0,9,0,9,353,26,13,2,394,14,2,16,410
11/04/2022,SMF,CA,AWP,WE,Towers with Radar,339,22,7,7,375,0,0,9,1,10,339,22,16,8,385,18,16,34,419
11/05/2022,SMF,CA,AWP,WE,Towers with Radar,250,15,8,0,273,0,0,0,0,0,250,15,8,0,273,0,0,0,273
11/06/2022,SMF,CA,AWP,WE,Towers with Radar,342,6,4,0,352,0,0,9,0,9,342,6,13,0,361,2,0,2,363
11/07/2022,SMF,CA,AWP,WE,Towers with Radar,341,19,12,0,372,0,0,5,0,5,341,19,17,0,377,2,0,2,379
11/08/2022,SMF,CA,AWP,WE,Towers with Radar,313,24,13,0,350,0,0,2,0,2,313,24,15,0,352,0,0,0,352
11/09/2022,SMF,CA,AWP,WE,Towers with Radar,332,33,9,12,386,0,0,8,2,10,332,33,17,14,396,0,26,26,422
11/10/2022,SMF,CA,AWP,WE,Towers with Radar,368,21,8,1,398,0,0,9,1,10,368,21,17,2,408,24,6,30,438
11/11/2022,SMF,CA,AWP,WE,Towers with Radar,354,20,3,0,377,0,0,2,0,2,354,20,5,0,379,0,0,0,379
11/12/2022,SMF,CA,AWP,WE,Towers with Radar,270,14,3,0,287,0,0,4,0,4,270,14,7,0,291,0,0,0,291
11/13/2022,SMF,CA,AWP,WE,Towers with Radar,349,10,5,0,364,0,0,11,0,11,349,10,16,0,375,0,0,0,375
11/14/2022,SMF,CA,AWP,WE,Towers with Radar,356,19,10,0,385,0,1,7,0,8,356,20,17,0,393,2,0,2,395
11/15/2022,SMF,CA,AWP,WE,Towers with Radar,326,21,14,2,363,0,1,25,8,34,326,22,39,10,397,18,38,56,453
11/16/2022,SMF,CA,AWP,WE,Towers with Radar,340,20,9,2,371,0,0,8,0,8,340,20,17,2,379,0,0,0,379
11/17/2022,SMF,CA,AWP,WE,Towers with Radar,355,24,11,0,390,0,2,20,0,22,355,26,31,0,412,2,0,2,414
11/18/2022,SMF,CA,AWP,WE,Towers with Radar,349,27,5,1,382,0,0,9,0,9,349,27,14,1,391,2,0,2,393
11/19/2022,SMF,CA,AWP,WE,Towers with Radar,267,10,5,0,282,0,0,3,0,3,267,10,8,0,285,0,0,0,285
11/20/2022,SMF,CA,AWP,WE,Towers with Radar,348,7,8,0,363,0,0,11,0,11,348,7,19,0,374,0,0,0,374
11/21/2022,SMF,CA,AWP,WE,Towers with Radar,349,17,2,7,375,0,0,10,1,11,349,17,12,8,386,4,0,4,390
11/22/2022,SMF,CA,AWP,WE,Towers with Radar,328,25,9,9,371,0,0,12,5,17,328,25,21,14,388,2,20,22,410
11/23/2022,SMF,CA,AWP,WE,Towers with Radar,344,25,5,1,375,0,2,31,3,36,344,27,36,4,411,0,12,12,423
11/24/2022,SMF,CA,AWP,WE,Towers with Radar,240,4,2,0,246,0,0,8,0,8,240,4,10,0,254,0,0,0,254
11/25/2022,SMF,CA,AWP,WE,Towers with Radar,317,24,4,0,345,0,2,14,0,16,317,26,18,0,361,2,0,2,363
11/26/2022,SMF,CA,AWP,WE,Towers with Radar,280,12,2,0,294,0,0,11,0,11,280,12,13,0,305,0,0,0,305
11/27/2022,SMF,CA,AWP,WE,Towers with Radar,330,7,6,0,343,0,0,18,0,18,330,7,24,0,361,14,0,14,375
11/28/2022,SMF,CA,AWP,WE,Towers with Radar,341,18,9,11,379,0,0,6,0,6,341,18,15,11,385,6,0,6,391
11/29/2022,SMF,CA,AWP,WE,Towers with Radar,340,31,11,4,386,0,0,11,4,15,340,31,22,8,401,18,20,38,439
11/30/2022,SMF,CA,AWP,WE,Towers with Radar,315,21,12,4,352,0,0,18,2,20,315,21,30,6,372,18,0,18,390
12/01/2022,SMF,CA,AWP,WE,Towers with Radar,324,25,5,8,362,0,0,2,3,5,324,25,7,11,367,34,0,34,401
12/02/2022,SMF,CA,AWP,WE,Towers with Radar,332,19,8,2,361,0,0,8,0,8,332,19,16,2,369,40,2,42,411
12/03/2022,SMF,CA,AWP,WE,Towers with Radar,253,9,9,0,271,0,0,0,0,0,253,9,9,0,271,6,0,6,277
12/04/2022,SMF,CA,AWP,WE,Towers with Radar,332,2,9,0,343,0,0,2,0,2,332,2,11,0,345,0,0,0,345
12/05/2022,SMF,CA,AWP,WE,Towers with Radar,326,17,14,12,369,0,0,5,6,11,326,17,19,18,380,18,18,36,416
12/06/2022,SMF,CA,AWP,WE,Towers with Radar,321,25,11,5,362,0,2,8,1,11,321,27,19,6,373,18,6,24,397
12/07/2022,SMF,CA,AWP,WE,Towers with Radar,327,21,8,0,356,0,2,9,0,11,327,23,17,0,367,0,0,0,367
12/08/2022,SMF,CA,AWP,WE,Towers with Radar,328,19,5,0,352,0,0,7,0,7,328,19,12,0,359,0,0,0,359
12/09/2022,SMF,CA,AWP,WE,Towers with Radar,325,19,11,0,355,0,1,1,1,3,325,20,12,1,358,2,6,8,366
12/10/2022,SMF,CA,AWP,WE,Towers with Radar,258,9,11,0,278,0,0,0,0,0,258,9,11,0,278,0,0,0,278
12/11/2022,SMF,CA,AWP,WE,Towers with Radar,328,8,6,0,342,0,0,1,0,1,328,8,7,0,343,0,0,0,343
12/12/2022,SMF,CA,AWP,WE,Towers with Radar,320,23,7,4,354,0,2,13,2,17,320,25,20,6,371,30,28,58,429
12/13/2022,SMF,CA,AWP,WE,Towers with Radar,320,21,7,2,350,0,1,10,1,12,320,22,17,3,362,0,0,0,362
12/14/2022,SMF,CA,AWP,WE,Towers with Radar,316,27,12,7,362,0,0,14,1,15,316,27,26,8,377,26,6,32,409
12/15/2022,SMF,CA,AWP,WE,Towers with Radar,329,29,7,0,365,0,0,7,0,7,329,29,14,0,372,0,0,0,372
12/16/2022,SMF,CA,AWP,WE,Towers with Radar,340,19,8,0,367,0,1,12,0,13,340,20,20,0,380,10,0,10,390
12/17/2022,SMF,CA,AWP,WE,Towers with Radar,270,12,4,0,286,0,0,4,0,4,270,12,8,0,290,0,0,0,290
12/18/2022,SMF,CA,AWP,WE,Towers with Radar,348,6,5,0,359,0,0,1,0,1,348,6,6,0,360,0,0,0,360
12/19/2022,SMF,CA,AWP,WE,Towers with Radar,345,18,7,0,370,0,0,0,0,0,345,18,7,0,370,2,0,2,372
12/20/2022,SMF,CA,AWP,WE,Towers with Radar,341,16,4,2,363,0,0,4,0,4,341,16,8,2,367,2,12,14,381
12/21/2022,SMF,CA,AWP,WE,Towers with Radar,313,22,8,0,343,0,0,0,0,0,313,22,8,0,343,0,0,0,343
12/22/2022,SMF,CA,AWP,WE,Towers with Radar,294,19,17,0,330,0,0,2,0,2,294,19,19,0,332,0,0,0,332
12/23/2022,SMF,CA,AWP,WE,Towers with Radar,236,18,15,0,269,0,0,5,0,5,236,18,20,0,274,0,0,0,274
12/24/2022,SMF,CA,AWP,WE,Towers with Radar,161,12,7,0,180,0,2,0,0,2,161,14,7,0,182,0,0,0,182
12/25/2022,SMF,CA,AWP,WE,Towers with Radar,157,3,3,0,163,0,0,0,0,0,157,3,3,0,163,0,0,0,163
12/26/2022,SMF,CA,AWP,WE,Towers with Radar,155,1,15,0,171,0,0,0,0,0,155,1,15,0,171,0,0,0,171
12/27/2022,SMF,CA,AWP,WE,Towers with Radar,174,19,11,0,204,0,0,3,0,3,174,19,14,0,207,0,0,0,207
12/28/2022,SMF,CA,AWP,WE,Towers with Radar,200,21,6,0,227,0,0,3,0,3,200,21,9,0,230,6,0,6,236
12/29/2022,SMF,CA,AWP,WE,Towers with Radar,190,24,6,4,224,0,0,6,0,6,190,24,12,4,230,0,0,0,230
12/30/2022,SMF,CA,AWP,WE,Towers with Radar,323,20,9,0,352,0,0,0,0,0,323,20,9,0,352,0,0,0,352
12/31/2022,SMF,CA,AWP,WE,Towers with Radar,232,14,1,0,247,0,0,0,0,0,232,14,1,0,247,0,0,0,247
01/01/2023,SMF,CA,AWP,WE,Towers with Radar,312,4,2,0,318,0,0,5,0,5,312,4,7,0,323,0,0,0,323
01/02/2023,SMF,CA,AWP,WE,Towers with Radar,319,3,7,0,329,0,0,4,0,4,319,3,11,0,333,0,0,0,333
01/03/2023,SMF,CA,AWP,WE,Towers with Radar,332,17,4,4,357,0,0,0,1,1,332,17,4,5,358,0,0,0,358
01/04/2023,SMF,CA,AWP,WE,Towers with Radar,317,8,14,0,339,0,0,0,0,0,317,8,14,0,339,0,0,0,339
01/05/2023,SMF,CA,AWP,WE,Towers with Radar,328,15,3,0,346,0,0,1,0,1,328,15,4,0,347,0,0,0,347
01/06/2023,SMF,CA,AWP,WE,Towers with Radar,322,16,3,0,341,0,0,3,8,11,322,16,6,8,352,0,22,22,374
01/07/2023,SMF,CA,AWP,WE,Towers with Radar,233,9,3,2,247,0,0,2,7,9,233,9,5,9,256,0,0,0,256
01/08/2023,SMF,CA,AWP,WE,Towers with Radar,283,3,6,1,293,0,0,6,0,6,283,3,12,1,299,18,0,18,317
01/09/2023,SMF,CA,AWP,WE,Towers with Radar,319,22,7,3,351,1,0,4,1,6,320,22,11,4,357,8,16,24,381
01/10/2023,SMF,CA,AWP,WE,Towers with Radar,290,21,4,2,317,0,0,1,0,1,290,21,5,2,318,0,0,0,318
01/11/2023,SMF,CA,AWP,WE,Towers with Radar,276,18,7,2,303,0,0,4,0,4,276,18,11,2,307,0,2,2,309
01/12/2023,SMF,CA,AWP,WE,Towers with Radar,330,14,15,3,362,0,0,13,3,16,330,14,28,6,378,0,0,0,378
01/13/2023,SMF,CA,AWP,WE,Towers with Radar,331,19,8,0,358,0,0,3,0,3,331,19,11,0,361,0,2,2,363
01/14/2023,SMF,CA,AWP,WE,Towers with Radar,231,10,3,0,244,0,0,0,0,0,231,10,3,0,244,0,0,0,244
01/15/2023,SMF,CA,AWP,WE,Towers with Radar,271,1,3,0,275,0,0,0,0,0,271,1,3,0,275,0,0,0,275
01/16/2023,SMF,CA,AWP,WE,Towers with Radar,327,15,3,0,345,0,0,1,0,1,327,15,4,0,346,0,0,0,346
01/17/2023,SMF,CA,AWP,WE,Towers with Radar,284,25,16,5,330,0,0,8,0,8,284,25,24,5,338,0,0,0,338
01/18/2023,SMF,CA,AWP,WE,Towers with Radar,287,17,4,4,312,0,0,5,5,10,287,17,9,9,322,2,12,14,336
01/19/2023,SMF,CA,AWP,WE,Towers with Radar,333,16,4,0,353,0,0,2,2,4,333,16,6,2,357,0,0,0,357
01/20/2023,SMF,CA,AWP,WE,Towers with Radar,329,19,17,5,370,0,0,14,1,15,329,19,31,6,385,4,10,14,399
01/21/2023,SMF,CA,AWP,WE,Towers with Radar,229,8,4,0,241,0,0,8,0,8,229,8,12,0,249,2,0,2,251
01/22/2023,SMF,CA,AWP,WE,Towers with Radar,284,1,3,0,288,0,1,2,0,3,284,2,5,0,291,0,0,0,291
01/23/2023,SMF,CA,AWP,WE,Towers with Radar,320,13,13,7,353,0,0,11,3,14,320,13,24,10,367,0,28,28,395
01/24/2023,SMF,CA,AWP,WE,Towers with Radar,295,20,12,4,331,0,0,7,0,7,295,20,19,4,338,0,0,0,338
01/25/2023,SMF,CA,AWP,WE,Towers with Radar,294,21,11,2,328,0,1,16,0,17,294,22,27,2,345,6,4,10,355
01/26/2023,SMF,CA,AWP,WE,Towers with Radar,323,19,5,4,351,0,0,15,4,19,323,19,20,8,370,24,2,26,396
01/27/2023,SMF,CA,AWP,WE,Towers with Radar,331,16,11,2,360,0,2,10,4,16,331,18,21,6,376,16,16,32,408
01/28/2023,SMF,CA,AWP,WE,Towers with Radar,230,9,1,0,240,0,0,5,0,5,230,9,6,0,245,8,0,8,253
01/29/2023,SMF,CA,AWP,WE,Towers with Radar,280,3,3,0,286,0,1,0,0,1,280,4,3,0,287,0,0,0,287
01/30/2023,SMF,CA,AWP,WE,Towers with Radar,297,13,3,6,319,0,0,1,5,6,297,13,4,11,325,0,30,30,355
01/31/2023,SMF,CA,AWP,WE,Towers with Radar,282,18,7,6,313,0,0,11,0,11,282,18,18,6,324,30,0,30,354
02/01/2023,SMF,CA,AWP,WE,Towers with Radar,284,16,4,0,304,0,1,20,0,21,284,17,24,0,325,34,0,34,359
02/02/2023,SMF,CA,AWP,WE,Towers with Radar,322,14,6,4,346,0,2,9,0,11,322,16,15,4,357,22,0,22,379
02/03/2023,SMF,CA,AWP,WE,Towers with Radar,329,16,9,2,356,0,2,3,1,6,329,18,12,3,362,4,0,4,366
02/04/2023,SMF,CA,AWP,WE,Towers with Radar,246,6,1,0,253,0,0,1,0,1,246,6,2,0,254,0,0,0,254
02/05/2023,SMF,CA,AWP,WE,Towers with Radar,288,2,5,0,295,0,0,0,0,0,288,2,5,0,295,0,0,0,295
02/06/2023,SMF,CA,AWP,WE,Towers with Radar,321,15,10,1,347,0,0,9,3,12,321,15,19,4,359,0,12,12,371
02/07/2023,SMF,CA,AWP,WE,Towers with Radar,308,17,11,2,338,0,0,11,3,14,308,17,22,5,352,6,46,52,404
02/08/2023,SMF,CA,AWP,WE,Towers with Radar,303,19,8,1,331,0,1,14,1,16,303,20,22,2,347,16,0,16,363
02/09/2023,SMF,CA,AWP,WE,Towers with Radar,329,21,7,3,360,0,0,17,0,17,329,21,24,3,377,14,10,24,401
02/10/2023,SMF,CA,AWP,WE,Towers with Radar,325,24,5,9,363,0,2,6,1,9,325,26,11,10,372,0,0,0,372
02/11/2023,SMF,CA,AWP,WE,Towers with Radar,246,7,7,0,260,0,0,10,0,10,246,7,17,0,270,24,0,24,294
02/12/2023,SMF,CA,AWP,WE,Towers with Radar,276,1,2,0,279,0,2,6,0,8,276,3,8,0,287,0,0,0,287
02/13/2023,SMF,CA,AWP,WE,Towers with Radar,314,16,9,9,348,0,0,11,0,11,314,16,20,9,359,0,12,12,371
02/14/2023,SMF,CA,AWP,WE,Towers with Radar,293,19,4,1,317,0,1,9,1,11,293,20,13,2,328,0,0,0,328
02/15/2023,SMF,CA,AWP,WE,Towers with Radar,306,21,4,4,335,0,1,14,0,15,306,22,18,4,350,8,0,8,358
02/16/2023,SMF,CA,AWP,WE,Towers with Radar,321,25,7,3,356,0,0,6,1,7,321,25,13,4,363,0,14,14,377
02/17/2023,SMF,CA,AWP,WE,Towers with Radar,326,17,7,12,362,0,0,7,2,9,326,17,14,14,371,0,40,40,411
02/18/2023,SMF,CA,AWP,WE,Towers with Radar,239,9,6,0,254,0,3,5,0,8,239,12,11,0,262,26,0,26,288
02/19/2023,SMF,CA,AWP,WE,Towers with Radar,271,1,7,0,279,0,0,10,0,10,271,1,17,0,289,14,0,14,303
02/20/2023,SMF,CA,AWP,WE,Towers with Radar,317,20,3,0,340,0,0,7,0,7,317,20,10,0,347,14,0,14,361
02/21/2023,SMF,CA,AWP,WE,Towers with Radar,306,27,11,2,346,0,0,1,0,1,306,27,12,2,347,2,0,2,349
02/22/2023,SMF,CA,AWP,WE,Towers with Radar,297,22,14,0,333,0,0,10,2,12,297,22,24,2,345,0,4,4,349
02/23/2023,SMF,CA,AWP,WE,Towers with Radar,311,20,14,6,351,0,0,3,0,3,311,20,17,6,354,2,8,10,364
02/24/2023,SMF,CA,AWP,WE,Towers with Radar,320,17,2,2,341,0,0,0,0,0,320,17,2,2,341,0,0,0,341
02/25/2023,SMF,CA,AWP,WE,Towers with Radar,237,7,6,0,250,0,0,0,0,0,237,7,6,0,250,0,0,0,250
02/26/2023,SMF,CA,AWP,WE,Towers with Radar,279,6,4,0,289,0,0,0,0,0,279,6,4,0,289,0,0,0,289
02/27/2023,SMF,CA,AWP,WE,Towers with Radar,324,13,9,1,347,0,0,1,1,2,324,13,10,2,349,0,8,8,357
02/28/2023,SMF,CA,AWP,WE,Towers with Radar,304,26,8,0,338,0,0,0,2,2,304,26,8,2,340,0,24,24,364
03/01/2023,SMF,CA,AWP,WE,Towers with Radar,297,20,9,7,333,0,0,6,7,13,297,20,15,14,346,16,18,34,380
03/02/2023,SMF,CA,AWP,WE,Towers with Radar,321,24,9,0,354,0,0,12,1,13,321,24,21,1,367,10,0,10,377
03/03/2023,SMF,CA,AWP,WE,Towers with Radar,320,18,5,8,351,1,1,15,2,19,321,19,20,10,370,30,18,48,418
03/04/2023,SMF,CA,AWP,WE,Towers with Radar,239,11,5,0,255,0,0,1,0,1,239,11,6,0,256,10,0,10,266
03/05/2023,SMF,CA,AWP,WE,Towers with Radar,278,5,7,8,298,0,0,2,0,2,278,5,9,8,300,4,0,4,304
03/06/2023,SMF,CA,AWP,WE,Towers with Radar,322,14,14,8,358,0,0,3,2,5,322,14,17,10,363,0,26,26,389
03/07/2023,SMF,CA,AWP,WE,Towers with Radar,300,16,7,1,324,0,0,10,1,11,300,16,17,2,335,0,0,0,335
03/08/2023,SMF,CA,AWP,WE,Towers with Radar,298,18,12,4,332,0,0,20,0,20,298,18,32,4,352,70,6,76,428
03/09/2023,SMF,CA,AWP,WE,Towers with Radar,329,14,15,1,359,0,0,1,0,1,329,14,16,1,360,0,0,0,360
03/10/2023,SMF,CA,AWP,WE,Towers with Radar,331,18,12,2,363,0,2,7,1,10,331,20,19,3,373,8,8,16,389
03/11/2023,SMF,CA,AWP,WE,Towers with Radar,236,8,0,8,252,0,1,0,0,1,236,9,0,8,253,0,8,8,261
03/12/2023,SMF,CA,AWP,WE,Towers with Radar,275,3,5,0,283,0,0,0,0,0,275,3,5,0,283,0,0,0,283
03/13/2023,SMF,CA,AWP,WE,Towers with Radar,328,19,6,0,353,0,2,1,0,3,328,21,7,0,356,0,0,0,356
03/14/2023,SMF,CA,AWP,WE,Towers with Radar,318,25,4,2,349,0,0,0,0,0,318,25,4,2,349,0,0,0,349
03/15/2023,SMF,CA,AWP,WE,Towers with Radar,301,20,4,7,332,1,0,4,1,6,302,20,8,8,338,4,6,10,348
03/16/2023,SMF,CA,AWP,WE,Towers with Radar,343,23,13,2,381,2,2,13,6,23,345,25,26,8,404,17,16,33,437
03/17/2023,SMF,CA,AWP,WE,Towers with Radar,330,25,14,0,369,0,0,16,0,16,330,25,30,0,385,27,0,27,412
03/18/2023,SMF,CA,AWP,WE,Towers with Radar,250,11,3,0,264,0,0,1,0,1,250,11,4,0,265,0,0,0,265
03/19/2023,SMF,CA,AWP,WE,Towers with Radar,281,6,2,0,289,0,0,0,0,0,281,6,2,0,289,0,0,0,289
03/20/2023,SMF,CA,AWP,WE,Towers with Radar,331,16,4,0,351,0,2,7,2,11,331,18,11,2,362,0,0,0,362
03/21/2023,SMF,CA,AWP,WE,Towers with Radar,336,23,11,2,372,0,0,1,1,2,336,23,12,3,374,0,8,8,382
03/22/2023,SMF,CA,AWP,WE,Towers with Radar,307,25,7,5,344,0,0,2,3,5,307,25,9,8,349,6,18,24,373
03/23/2023,SMF,CA,AWP,WE,Towers with Radar,330,15,14,4,363,0,0,2,4,6,330,15,16,8,369,6,0,6,375
03/24/2023,SMF,CA,AWP,WE,Towers with Radar,335,15,11,0,361,0,0,11,0,11,335,15,22,0,372,0,0,0,372
03/25/2023,SMF,CA,AWP,WE,Towers with Radar,243,9,7,0,259,0,2,17,0,19,243,11,24,0,278,0,0,0,278
03/26/2023,SMF,CA,AWP,WE,Towers with Radar,272,4,5,0,281,0,0,11,0,11,272,4,16,0,292,2,0,2,294
03/27/2023,SMF,CA,AWP,WE,Towers with Radar,342,19,11,0,372,0,0,15,0,15,342,19,26,0,387,42,0,42,429
03/28/2023,SMF,CA,AWP,WE,Towers with Radar,300,19,3,2,324,0,0,0,0,0,300,19,3,2,324,0,0,0,324
03/29/2023,SMF,CA,AWP,WE,Towers with Radar,309,22,11,0,342,0,0,0,0,0,309,22,11,0,342,0,0,0,342
03/30/2023,SMF,CA,AWP,WE,Towers with Radar,329,22,9,5,365,0,1,5,3,9,329,23,14,8,374,36,18,54,428
03/31/2023,SMF,CA,AWP,WE,Towers with Radar,333,19,6,0,358,0,0,20,2,22,333,19,26,2,380,26,0,26,406
04/01/2023,SMF,CA,AWP,WE,Towers with Radar,241,9,1,0,251,0,2,10,0,12,241,11,11,0,263,14,0,14,277
04/02/2023,SMF,CA,AWP,WE,Towers with Radar,275,4,5,0,284,0,0,7,0,7,275,4,12,0,291,0,0,0,291
04/03/2023,SMF,CA,AWP,WE,Towers with Radar,328,17,6,10,361,0,1,7,3,11,328,18,13,13,372,44,18,62,434
04/04/2023,SMF,CA,AWP,WE,Towers with Radar,302,18,3,1,324,0,2,6,2,10,302,20,9,3,334,18,0,18,352
04/05/2023,SMF,CA,AWP,WE,Towers with Radar,302,14,7,0,323,0,1,12,2,15,302,15,19,2,338,40,4,44,382
04/06/2023,SMF,CA,AWP,WE,Towers with Radar,338,18,6,0,362,1,0,16,2,19,339,18,22,2,381,16,0,16,397
04/07/2023,SMF,CA,AWP,WE,Towers with Radar,330,29,9,8,376,0,0,7,0,7,330,29,16,8,383,0,0,0,383
04/08/2023,SMF,CA,AWP,WE,Towers with Radar,250,15,0,0,265,0,1,9,0,10,250,16,9,0,275,16,0,16,291
04/09/2023,SMF,CA,AWP,WE,Towers with Radar,278,7,2,0,287,0,2,13,1,16,278,9,15,1,303,30,0,30,333
04/10/2023,SMF,CA,AWP,WE,Towers with Radar,328,17,6,0,351,0,1,10,0,11,328,18,16,0,362,0,0,0,362
04/11/2023,SMF,CA,AWP,WE,Towers with Radar,340,20,6,0,366,0,4,1,0,5,340,24,7,0,371,12,0,12,383
04/12/2023,SMF,CA,AWP,WE,Towers with Radar,338,18,5,5,366,0,4,18,3,25,338,22,23,8,391,18,6,24,415
04/13/2023,SMF,CA,AWP,WE,Towers with Radar,352,24,4,1,381,0,0,16,1,17,352,24,20,2,398,32,0,32,430
04/14/2023,SMF,CA,AWP,WE,Towers with Radar,334,15,4,0,353,0,3,27,2,32,334,18,31,2,385,14,4,18,403
04/15/2023,SMF,CA,AWP,WE,Towers with Radar,246,5,5,0,256,0,0,9,0,9,246,5,14,0,265,20,0,20,285
04/16/2023,SMF,CA,AWP,WE,Towers with Radar,294,3,2,0,299,0,0,10,0,10,294,3,12,0,309,22,0,22,331
04/17/2023,SMF,CA,AWP,WE,Towers with Radar,342,22,14,4,382,0,2,13,6,21,342,24,27,10,403,0,0,0,403
04/18/2023,SMF,CA,AWP,WE,Towers with Radar,326,23,10,0,359,0,0,5,3,8,326,23,15,3,367,0,0,0,367
04/19/2023,SMF,CA,AWP,WE,Towers with Radar,325,25,7,0,357,0,0,18,2,20,325,25,25,2,377,18,0,18,395
04/20/2023,SMF,CA,AWP,WE,Towers with Radar,327,18,9,2,356,0,0,8,0,8,327,18,17,2,364,18,0,18,382
04/21/2023,SMF,CA,AWP,WE,Towers with Radar,338,20,5,3,366,0,0,20,0,20,338,20,25,3,386,22,0,22,408
04/22/2023,SMF,CA,AWP,WE,Towers with Radar,241,11,5,0,257,0,0,11,0,11,241,11,16,0,268,8,0,8,276
04/23/2023,SMF,CA,AWP,WE,Towers with Radar,295,7,7,0,309,0,0,6,0,6,295,7,13,0,315,0,0,0,315
04/24/2023,SMF,CA,AWP,WE,Towers with Radar,333,20,3,0,356,0,3,20,0,23,333,23,23,0,379,6,0,6,385
04/25/2023,SMF,CA,AWP,WE,Towers with Radar,316,22,7,0,345,0,0,7,0,7,316,22,14,0,352,0,0,0,352
04/26/2023,SMF,CA,AWP,WE,Towers with Radar,325,25,8,2,360,0,1,17,0,18,325,26,25,2,378,36,2,38,416
04/27/2023,SMF,CA,AWP,WE,Towers with Radar,341,14,6,4,365,0,2,18,0,20,341,16,24,4,385,56,0,56,441
04/28/2023,SMF,CA,AWP,WE,Towers with Radar,331,23,9,0,363,0,2,27,0,29,331,25,36,0,392,16,0,16,408
04/29/2023,SMF,CA,AWP,WE,Towers with Radar,250,7,2,0,259,0,1,9,0,10,250,8,11,0,269,28,0,28,297
04/30/2023,SMF,CA,AWP,WE,Towers with Radar,287,10,12,0,309,0,4,5,0,9,287,14,17,0,318,4,0,4,322
05/01/2023,SMF,CA,AWP,WE,Towers with Radar,329,19,9,3,360,0,0,4,5,9,329,19,13,8,369,10,16,26,395
05/02/2023,SMF,CA,AWP,WE,Towers with Radar,333,25,11,2,371,0,1,2,0,3,333,26,13,2,374,0,0,0,374
05/03/2023,SMF,CA,AWP,WE,Towers with Radar,333,21,6,2,362,0,1,12,8,21,333,22,18,10,383,20,14,34,417
05/04/2023,SMF,CA,AWP,WE,Towers with Radar,335,21,3,0,359,0,0,4,0,4,335,21,7,0,363,24,0,24,387
05/05/2023,SMF,CA,AWP,WE,Towers with Radar,336,21,2,3,362,0,2,5,5,12,336,23,7,8,374,12,32,44,418
05/06/2023,SMF,CA,AWP,WE,Towers with Radar,254,8,8,0,270,0,0,1,0,1,254,8,9,0,271,0,0,0,271
05/07/2023,SMF,CA,AWP,WE,Towers with Radar,288,2,5,0,295,0,2,6,0,8,288,4,11,0,303,14,0,14,317
05/08/2023,SMF,CA,AWP,WE,Towers with Radar,333,20,9,4,366,0,0,10,0,10,333,20,19,4,376,26,2,28,404
05/09/2023,SMF,CA,AWP,WE,Towers with Radar,334,30,10,2,376,0,9,10,0,19,334,39,20,2,395,58,0,58,453
05/10/2023,SMF,CA,AWP,WE,Towers with Radar,335,20,10,0,365,0,3,7,2,12,335,23,17,2,377,32,4,36,413
05/11/2023,SMF,CA,AWP,WE,Towers with Radar,341,22,6,0,369,0,2,14,0,16,341,24,20,0,385,28,0,28,413
05/12/2023,SMF,CA,AWP,WE,Towers with Radar,325,30,4,0,359,0,2,13,0,15,325,32,17,0,374,54,0,54,428
05/13/2023,SMF,CA,AWP,WE,Towers with Radar,255,9,0,0,264,0,1,5,0,6,255,10,5,0,270,14,0,14,284
05/14/2023,SMF,CA,AWP,WE,Towers with Radar,289,11,6,0,306,0,0,16,0,16,289,11,22,0,322,12,0,12,334
05/15/2023,SMF,CA,AWP,WE,Towers with Radar,341,17,1,3,362,0,3,10,3,16,341,20,11,6,378,74,8,82,460
05/16/2023,SMF,CA,AWP,WE,Towers with Radar,334,19,4,2,359,0,2,14,4,20,334,21,18,6,379,52,20,72,451
05/17/2023,SMF,CA,AWP,WE,Towers with Radar,338,23,16,3,380,0,0,9,0,9,338,23,25,3,389,50,0,50,439
05/18/2023,SMF,CA,AWP,WE,Towers with Radar,332,20,12,7,371,0,4,14,1,19,332,24,26,8,390,86,14,100,490
05/19/2023,SMF,CA,AWP,WE,Towers with Radar,341,18,13,0,372,0,4,18,0,22,341,22,31,0,394,28,0,28,422
05/20/2023,SMF,CA,AWP,WE,Towers with Radar,252,9,1,0,262,0,0,6,0,6,252,9,7,0,268,24,0,24,292
05/21/2023,SMF,CA,AWP,WE,Towers with Radar,298,3,2,0,303,0,1,10,0,11,298,4,12,0,314,2,0,2,316
05/22/2023,SMF,CA,AWP,WE,Towers with Radar,339,18,10,2,369,0,2,10,4,16,339,20,20,6,385,26,6,32,417
05/23/2023,SMF,CA,AWP,WE,Towers with Radar,340,22,11,0,373,0,0,14,0,14,340,22,25,0,387,0,0,0,387
05/24/2023,SMF,CA,AWP,WE,Towers with Radar,338,20,6,0,364,0,2,14,0,16,338,22,20,0,380,16,0,16,396
05/25/2023,SMF,CA,AWP,WE,Towers with Radar,345,26,4,0,375,0,0,9,4,13,345,26,13,4,388,12,8,20,408
05/26/2023,SMF,CA,AWP,WE,Towers with Radar,341,19,6,0,366,0,0,15,0,15,341,19,21,0,381,24,0,24,405
05/27/2023,SMF,CA,AWP,WE,Towers with Radar,257,11,2,0,270,0,0,18,0,18,257,11,20,0,288,42,0,42,330
05/28/2023,SMF,CA,AWP,WE,Towers with Radar,273,4,1,0,278,0,0,3,0,3,273,4,4,0,281,6,0,6,287
05/29/2023,SMF,CA,AWP,WE,Towers with Radar,336,4,1,0,341,0,3,7,0,10,336,7,8,0,351,10,0,10,361
05/30/2023,SMF,CA,AWP,WE,Towers with Radar,327,17,5,11,360,0,1,9,1,11,327,18,14,12,371,24,8,32,403
05/31/2023,SMF,CA,AWP,WE,Towers with Radar,335,19,10,2,366,0,0,24,2,26,335,19,34,4,392,52,14,66,458
06/01/2023,SMF,CA,AWP,WE,Towers with Radar,343,23,11,2,379,0,3,10,9,22,343,26,21,11,401,38,8,46,447
06/02/2023,SMF,CA,AWP,WE,Towers with Radar,344,16,5,0,365,0,0,9,0,9,344,16,14,0,374,16,0,16,390
06/03/2023,SMF,CA,AWP,WE,Towers with Radar,256,9,0,0,265,0,0,8,0,8,256,9,8,0,273,2,0,2,275
06/04/2023,SMF,CA,AWP,WE,Towers with Radar,286,3,4,0,293,0,1,11,0,12,286,4,15,0,305,18,0,18,323
06/05/2023,SMF,CA,AWP,WE,Towers with Radar,340,14,9,0,363,0,0,4,4,8,340,14,13,4,371,0,12,12,383
06/06/2023,SMF,CA,AWP,WE,Towers with Radar,338,19,10,0,367,0,1,9,2,12,338,20,19,2,379,14,4,18,397
06/07/2023,SMF,CA,AWP,WE,Towers with Radar,345,23,11,0,379,0,0,11,2,13,345,23,22,2,392,32,4,36,428
06/08/2023,SMF,CA,AWP,WE,Towers with Radar,349,17,9,6,381,0,2,20,0,22,349,19,29,6,403,62,18,80,483
06/09/2023,SMF,CA,AWP,WE,Towers with Radar,350,18,13,2,383,0,0,15,0,15,350,18,28,2,398,0,0,0,398
06/10/2023,SMF,CA,AWP,WE,Towers with Radar,267,10,1,0,278,0,1,4,0,5,267,11,5,0,283,34,0,34,317
06/11/2023,SMF,CA,AWP,WE,Towers with Radar,293,4,5,0,302,0,0,7,0,7,293,4,12,0,309,0,0,0,309
06/12/2023,SMF,CA,AWP,WE,Towers with Radar,344,20,6,6,376,0,2,11,4,17,344,22,17,10,393,28,30,58,451
06/13/2023,SMF,CA,AWP,WE,Towers with Radar,341,23,9,4,377,0,3,12,6,21,341,26,21,10,398,34,0,34,432
06/14/2023,SMF,CA,AWP,WE,Towers with Radar,346,20,3,0,369,0,3,10,0,13,346,23,13,0,382,22,0,22,404
06/15/2023,SMF,CA,AWP,WE,Towers with Radar,352,20,7,1,380,0,0,27,3,30,352,20,34,4,410,12,0,12,422
06/16/2023,SMF,CA,AWP,WE,Towers with Radar,349,15,5,0,369,0,0,7,0,7,349,15,12,0,376,0,0,0,376
06/17/2023,SMF,CA,AWP,WE,Towers with Radar,275,6,3,0,284,0,0,2,0,2,275,6,5,0,286,8,0,8,294
06/18/2023,SMF,CA,AWP,WE,Towers with Radar,293,0,0,0,293,0,0,6,0,6,293,0,6,0,299,0,0,0,299
06/19/2023,SMF,CA,AWP,WE,Towers with Radar,345,17,7,0,369,0,1,3,0,4,345,18,10,0,373,14,0,14,387
06/20/2023,SMF,CA,AWP,WE,Towers with Radar,337,20,14,0,371,0,2,13,0,15,337,22,27,0,386,36,0,36,422
06/21/2023,SMF,CA,AWP,WE,Towers with Radar,342,23,2,0,367,0,4,13,0,17,342,27,15,0,384,20,0,20,404
06/22/2023,SMF,CA,AWP,WE,Towers with Radar,345,14,9,3,371,0,2,20,6,28,345,16,29,9,399,38,10,48,447
06/23/2023,SMF,CA,AWP,WE,Towers with Radar,352,14,8,0,374,0,2,16,2,20,352,16,24,2,394,17,0,17,411
06/24/2023,SMF,CA,AWP,WE,Towers with Radar,273,12,0,0,285,0,0,6,0,6,273,12,6,0,291,76,0,76,367
06/25/2023,SMF,CA,AWP,WE,Towers with Radar,288,6,6,0,300,0,1,8,0,9,288,7,14,0,309,26,0,26,335
06/26/2023,SMF,CA,AWP,WE,Towers with Radar,335,19,7,0,361,0,0,17,0,17,335,19,24,0,378,18,0,18,396
06/27/2023,SMF,CA,AWP,WE,Towers with Radar,331,23,14,0,368,0,0,4,0,4,331,23,18,0,372,0,0,0,372
06/28/2023,SMF,CA,AWP,WE,Towers with Radar,332,23,3,0,358,0,1,4,2,7,332,24,7,2,365,8,0,8,373
06/29/2023,SMF,CA,AWP,WE,Towers with Radar,344,20,7,2,373,0,1,17,0,18,344,21,24,2,391,30,0,30,421
06/30/2023,SMF,CA,AWP,WE,Towers with Radar,349,23,7,0,379,0,0,19,0,19,349,23,26,0,398,56,0,56,454
07/01/2023,SMF,CA,AWP,WE,Towers with Radar,275,11,4,0,290,0,1,23,0,24,275,12,27,0,314,40,0,40,354
07/02/2023,SMF,CA,AWP,WE,Towers with Radar,282,7,3,0,292,0,0,8,0,8,282,7,11,0,300,2,0,2,302
07/03/2023,SMF,CA,AWP,WE,Towers with Radar,328,16,3,0,347,0,0,17,0,17,328,16,20,0,364,0,0,0,364
07/04/2023,SMF,CA,AWP,WE,Towers with Radar,316,4,5,0,325,0,3,10,0,13,316,7,15,0,338,0,0,0,338
07/05/2023,SMF,CA,AWP,WE,Towers with Radar,351,21,8,3,383,0,0,12,3,15,351,21,20,6,398,36,12,48,446
07/06/2023,SMF,CA,AWP,WE,Towers with Radar,351,20,4,0,375,0,2,3,0,5,351,22,7,0,380,28,0,28,408
07/07/2023,SMF,CA,AWP,WE,Towers with Radar,353,19,1,0,373,0,0,21,0,21,353,19,22,0,394,2,0,2,396
07/08/2023,SMF,CA,AWP,WE,Towers with Radar,277,7,3,0,287,1,1,8,1,11,278,8,11,1,298,16,0,16,314
07/09/2023,SMF,CA,AWP,WE,Towers with Radar,299,2,10,0,311,0,2,11,0,13,299,4,21,0,324,22,0,22,346
07/10/2023,SMF,CA,AWP,WE,Towers with Radar,354,18,7,2,381,0,1,7,0,8,354,19,14,2,389,16,0,16,405
07/11/2023,SMF,CA,AWP,WE,Towers with Radar,334,22,5,1,362,0,6,4,1,11,334,28,9,2,373,44,8,52,425
07/12/2023,SMF,CA,AWP,WE,Towers with Radar,335,26,5,3,369,0,8,15,3,26,335,34,20,6,395,26,10,36,431
07/13/2023,SMF,CA,AWP,WE,Towers with Radar,350,25,6,1,382,0,4,11,3,18,350,29,17,4,400,34,18,52,452
07/14/2023,SMF,CA,AWP,WE,Towers with Radar,347,25,11,0,383,0,1,6,1,8,347,26,17,1,391,0,0,0,391
07/15/2023,SMF,CA,AWP,WE,Towers with Radar,273,13,4,0,290,0,0,4,2,6,273,13,8,2,296,4,0,4,300
07/16/2023,SMF,CA,AWP,WE,Towers with Radar,296,6,3,0,305,0,0,7,0,7,296,6,10,0,312,0,0,0,312
07/17/2023,SMF,CA,AWP,WE,Towers with Radar,352,19,6,0,377,0,0,7,0,7,352,19,13,0,384,8,0,8,392
07/18/2023,SMF,CA,AWP,WE,Towers with Radar,329,26,8,1,364,0,0,15,4,19,329,26,23,5,383,26,8,34,417
07/19/2023,SMF,CA,AWP,WE,Towers with Radar,338,25,6,0,369,0,1,10,0,11,338,26,16,0,380,18,0,18,398
07/20/2023,SMF,CA,AWP,WE,Towers with Radar,351,17,7,0,375,0,1,15,0,16,351,18,22,0,391,42,0,42,433
07/21/2023,SMF,CA,AWP,WE,Towers with Radar,357,19,6,1,383,0,0,14,4,18,357,19,20,5,401,68,10,78,479
07/22/2023,SMF,CA,AWP,WE,Towers with Radar,275,13,6,0,294,0,0,15,0,15,275,13,21,0,309,2,0,2,311
07/23/2023,SMF,CA,AWP,WE,Towers with Radar,307,5,1,0,313,0,2,5,0,7,307,7,6,0,320,30,0,30,350
07/24/2023,SMF,CA,AWP,WE,Towers with Radar,348,16,6,0,370,0,2,18,2,22,348,18,24,2,392,15,10,25,417
07/25/2023,SMF,CA,AWP,WE,Towers with Radar,337,20,7,6,370,0,0,14,0,14,337,20,21,6,384,24,0,24,408
07/26/2023,SMF,CA,AWP,WE,Towers with Radar,329,19,4,0,352,0,0,16,0,16,329,19,20,0,368,34,0,34,402
07/27/2023,SMF,CA,AWP,WE,Towers with Radar,356,23,4,2,385,0,2,10,2,14,356,25,14,4,399,22,12,34,433
07/28/2023,SMF,CA,AWP,WE,Towers with Radar,341,19,9,0,369,0,1,6,0,7,341,20,15,0,376,10,0,10,386
07/29/2023,SMF,CA,AWP,WE,Towers with Radar,272,9,2,0,283,0,0,17,0,17,272,9,19,0,300,10,0,10,310
07/30/2023,SMF,CA,AWP,WE,Towers with Radar,305,5,3,0,313,0,1,3,0,4,305,6,6,0,317,0,0,0,317
07/31/2023,SMF,CA,AWP,WE,Towers with Radar,337,18,5,0,360,0,0,16,0,16,337,18,21,0,376,6,0,6,382
08/01/2023,SMF,CA,AWP,WE,Towers with Radar,341,19,10,2,372,0,0,21,6,27,341,19,31,8,399,90,20,110,509
08/02/2023,SMF,CA,AWP,WE,Towers with Radar,337,20,8,1,366,0,3,20,3,26,337,23,28,4,392,14,20,34,426
08/03/2023,SMF,CA,AWP,WE,Towers with Radar,348,18,3,0,369,0,2,24,2,28,348,20,27,2,397,12,12,24,421
08/04/2023,SMF,CA,AWP,WE,Towers with Radar,354,24,4,0,382,0,3,20,0,23,354,27,24,0,405,52,0,52,457
08/05/2023,SMF,CA,AWP,WE,Towers with Radar,280,7,4,0,291,1,1,9,0,11,281,8,13,0,302,0,0,0,302
08/06/2023,SMF,CA,AWP,WE,Towers with Radar,311,6,3,0,320,0,3,9,0,12,311,9,12,0,332,16,0,16,348
08/07/2023,SMF,CA,AWP,WE,Towers with Radar,351,21,8,0,380,0,2,11,0,13,351,23,19,0,393,16,0,16,409
08/08/2023,SMF,CA,AWP,WE,Towers with Radar,344,18,4,1,367,0,0,7,1,8,344,18,11,2,375,0,10,10,385
08/09/2023,SMF,CA,AWP,WE,Towers with Radar,344,25,5,2,376,0,1,10,0,11,344,26,15,2,387,2,0,2,389
08/10/2023,SMF,CA,AWP,WE,Towers with Radar,353,23,3,0,379,0,0,7,0,7,353,23,10,0,386,16,0,16,402
08/11/2023,SMF,CA,AWP,WE,Towers with Radar,353,24,6,2,385,0,0,11,0,11,353,24,17,2,396,2,2,4,400
08/12/2023,SMF,CA,AWP,WE,Towers with Radar,276,9,7,0,292,0,1,4,0,5,276,10,11,0,297,8,0,8,305
08/13/2023,SMF,CA,AWP,WE,Towers with Radar,314,5,4,0,323,0,0,8,0,8,314,5,12,0,331,12,0,12,343
08/14/2023,SMF,CA,AWP,WE,Towers with Radar,353,19,2,0,374,0,0,5,0,5,353,19,7,0,379,9,0,9,388
08/15/2023,SMF,CA,AWP,WE,Towers with Radar,355,21,13,1,390,0,2,15,3,20,355,23,28,4,410,14,6,20,430
08/16/2023,SMF,CA,AWP,WE,Towers with Radar,346,20,12,0,378,0,0,11,0,11,346,20,23,0,389,8,0,8,397
08/17/2023,SMF,CA,AWP,WE,Towers with Radar,363,18,9,0,390,0,1,14,0,15,363,19,23,0,405,38,0,38,443
08/18/2023,SMF,CA,AWP,WE,Towers with Radar,342,18,16,0,376,0,1,8,2,11,342,19,24,2,387,44,8,52,439
08/19/2023,SMF,CA,AWP,WE,Towers with Radar,268,10,6,0,284,0,2,10,0,12,268,12,16,0,296,16,0,16,312
08/20/2023,SMF,CA,AWP,WE,Towers with Radar,265,3,10,0,278,0,0,5,0,5,265,3,15,0,283,0,0,0,283
08/21/2023,SMF,CA,AWP,WE,Towers with Radar,323,14,8,0,345,0,1,5,0,6,323,15,13,0,351,4,0,4,355
08/22/2023,SMF,CA,AWP,WE,Towers with Radar,349,19,8,4,380,0,1,16,0,17,349,20,24,4,397,2,0,2,399
08/23/2023,SMF,CA,AWP,WE,Towers with Radar,339,26,12,2,379,0,2,17,0,19,339,28,29,2,398,36,4,40,438
08/24/2023,SMF,CA,AWP,WE,Towers with Radar,354,27,5,2,388,0,2,11,0,13,354,29,16,2,401,10,0,10,411
08/25/2023,SMF,CA,AWP,WE,Towers with Radar,352,18,9,0,379,0,1,13,0,14,352,19,22,0,393,0,0,0,393
08/26/2023,SMF,CA,AWP,WE,Towers with Radar,261,10,2,0,273,0,0,13,0,13,261,10,15,0,286,14,0,14,300
08/27/2023,SMF,CA,AWP,WE,Towers with Radar,338,5,3,1,347,4,0,10,0,14,342,5,13,1,361,12,0,12,373
08/28/2023,SMF,CA,AWP,WE,Towers with Radar,348,16,5,5,374,0,2,15,3,20,348,18,20,8,394,4,8,12,406
08/29/2023,SMF,CA,AWP,WE,Towers with Radar,345,25,7,1,378,0,3,15,1,19,345,28,22,2,397,20,0,20,417
08/30/2023,SMF,CA,AWP,WE,Towers with Radar,345,21,5,1,372,0,2,9,1,12,345,23,14,2,384,22,10,32,416
08/31/2023,SMF,CA,AWP,WE,Towers with Radar,345,20,8,0,373,0,1,11,0,12,345,21,19,0,385,16,0,16,401
