01/01/2000,SMO,CA,AWP,WE,Towers with Display (VFR),0,7,39,0,46,0,11,139,0,150,0,18,178,0,196,30,0,30,226
01/02/2000,SMO,CA,AWP,WE,Towers with Display (VFR),0,9,50,0,59,0,8,260,4,272,0,17,310,4,331,100,0,100,431
01/03/2000,SMO,CA,AWP,WE,Towers with Display (VFR),0,8,54,0,62,0,0,350,2,352,0,8,404,2,414,136,0,136,550
01/04/2000,SMO,CA,AWP,WE,Towers with Display (VFR),0,10,56,0,66,0,7,443,0,450,0,17,499,0,516,184,0,184,700
01/05/2000,SMO,CA,AWP,WE,Towers with Display (VFR),0,7,36,0,43,0,9,293,28,330,0,16,329,28,373,94,0,94,467
01/06/2000,SMO,CA,AWP,WE,Towers with Display (VFR),0,10,54,0,64,0,1,375,2,378,0,11,429,2,442,236,0,236,678
01/07/2000,SMO,CA,AWP,WE,Towers with Display (VFR),0,11,63,0,74,0,19,479,17,515,0,30,542,17,589,228,0,228,817
01/08/2000,SMO,CA,AWP,WE,Towers with Display (VFR),0,8,44,0,52,0,19,511,10,540,0,27,555,10,592,172,0,172,764
01/09/2000,SMO,CA,AWP,WE,Towers with Display (VFR),0,10,53,0,63,0,11,395,4,410,0,21,448,4,473,140,0,140,613
01/10/2000,SMO,CA,AWP,WE,Towers with Display (VFR),0,8,47,0,55,0,7,302,10,319,0,15,349,10,374,114,0,114,488
01/11/2000,SMO,CA,AWP,WE,Towers with Display (VFR),0,10,60,1,71,0,7,333,7,347,0,17,393,8,418,148,0,148,566
01/12/2000,SMO,CA,AWP,WE,Towers with Display (VFR),0,14,83,1,98,0,9,178,3,190,0,23,261,4,288,128,0,128,416
01/13/2000,SMO,CA,AWP,WE,Towers with Display (VFR),0,10,71,1,82,0,0,341,3,344,0,10,412,4,426,232,0,232,658
01/14/2000,SMO,CA,AWP,WE,Towers with Display (VFR),0,13,83,1,97,0,9,406,1,416,0,22,489,2,513,170,0,170,683
01/15/2000,SMO,CA,AWP,WE,Towers with Display (VFR),0,8,50,0,58,0,13,501,0,514,0,21,551,0,572,164,0,164,736
01/16/2000,SMO,CA,AWP,WE,Towers with Display (VFR),0,8,51,0,59,0,9,324,0,333,0,17,375,0,392,168,0,168,560
01/17/2000,SMO,CA,AWP,WE,Towers with Display (VFR),0,10,72,0,82,0,0,331,8,339,0,10,403,8,421,174,0,174,595
01/18/2000,SMO,CA,AWP,WE,Towers with Display (VFR),0,9,55,0,64,0,10,351,5,366,0,19,406,5,430,132,0,132,562
01/19/2000,SMO,CA,AWP,WE,Towers with Display (VFR),0,6,41,0,47,0,1,404,8,413,0,7,445,8,460,250,0,250,710
01/20/2000,SMO,CA,AWP,WE,Towers with Display (VFR),0,6,65,0,71,0,0,400,0,400,0,6,465,0,471,156,0,156,627
01/21/2000,SMO,CA,AWP,WE,Towers with Display (VFR),0,17,103,0,120,0,18,356,5,379,0,35,459,5,499,174,0,174,673
01/22/2000,SMO,CA,AWP,WE,Towers with Display (VFR),0,7,60,0,67,0,0,361,4,365,0,7,421,4,432,184,0,184,616
01/23/2000,SMO,CA,AWP,WE,Towers with Display (VFR),0,9,60,0,69,0,8,309,0,317,0,17,369,0,386,142,28,170,556
01/24/2000,SMO,CA,AWP,WE,Towers with Display (VFR),0,8,49,0,57,0,1,333,0,334,0,9,382,0,391,118,0,118,509
01/25/2000,SMO,CA,AWP,WE,Towers with Display (VFR),0,4,30,0,34,0,8,14,0,22,0,12,44,0,56,0,0,0,56
01/26/2000,SMO,CA,AWP,WE,Towers with Display (VFR),0,7,48,0,55,0,16,415,8,439,0,23,463,8,494,154,0,154,648
01/27/2000,SMO,CA,AWP,WE,Towers with Display (VFR),0,10,64,0,74,0,5,467,0,472,0,15,531,0,546,220,0,220,766
01/28/2000,SMO,CA,AWP,WE,Towers with Display (VFR),0,9,59,0,68,0,7,526,4,537,0,16,585,4,605,182,0,182,787
01/29/2000,SMO,CA,AWP,WE,Towers with Display (VFR),0,8,49,0,57,0,9,408,0,417,0,17,457,0,474,148,0,148,622
01/30/2000,SMO,CA,AWP,WE,Towers with Display (VFR),0,6,74,0,80,0,0,51,0,51,0,6,125,0,131,14,0,14,145
01/31/2000,SMO,CA,AWP,WE,Towers with Display (VFR),0,11,72,0,83,0,14,357,10,381,0,25,429,10,464,164,0,164,628
02/01/2000,SMO,CA,AWP,WE,Towers with Display (VFR),0,8,47,0,55,0,4,425,10,439,0,12,472,10,494,114,0,114,608
02/02/2000,SMO,CA,AWP,WE,Towers with Display (VFR),0,10,58,0,68,0,5,453,16,474,0,15,511,16,542,256,0,256,798
02/03/2000,SMO,CA,AWP,WE,Towers with Display (VFR),0,10,60,0,70,0,5,474,8,487,0,15,534,8,557,174,0,174,731
02/04/2000,SMO,CA,AWP,WE,Towers with Display (VFR),0,11,61,0,72,0,12,405,2,419,0,23,466,2,491,266,0,266,757
02/05/2000,SMO,CA,AWP,WE,Towers with Display (VFR),0,10,57,0,67,0,30,457,6,493,0,40,514,6,560,188,0,188,748
02/06/2000,SMO,CA,AWP,WE,Towers with Display (VFR),0,9,48,0,57,0,2,482,2,486,0,11,530,2,543,114,0,114,657
02/07/2000,SMO,CA,AWP,WE,Towers with Display (VFR),0,8,47,0,55,0,8,337,8,353,0,16,384,8,408,138,0,138,546
02/08/2000,SMO,CA,AWP,WE,Towers with Display (VFR),0,10,59,0,69,0,2,381,16,399,0,12,440,16,468,118,0,118,586
02/09/2000,SMO,CA,AWP,WE,Towers with Display (VFR),0,17,97,0,114,0,11,265,0,276,0,28,362,0,390,90,0,90,480
02/10/2000,SMO,CA,AWP,WE,Towers with Display (VFR),0,14,79,0,93,0,3,136,0,139,0,17,215,0,232,2,0,2,234
02/11/2000,SMO,CA,AWP,WE,Towers with Display (VFR),0,13,73,0,86,0,8,296,0,304,0,21,369,0,390,206,0,206,596
02/12/2000,SMO,CA,AWP,WE,Towers with Display (VFR),0,7,44,1,52,0,15,326,3,344,0,22,370,4,396,174,0,174,570
02/13/2000,SMO,CA,AWP,WE,Towers with Display (VFR),0,12,76,0,88,0,9,13,0,22,0,21,89,0,110,2,0,2,112
02/14/2000,SMO,CA,AWP,WE,Towers with Display (VFR),0,10,62,0,72,0,29,87,2,118,0,39,149,2,190,0,0,0,190
02/15/2000,SMO,CA,AWP,WE,Towers with Display (VFR),0,10,63,0,73,0,5,246,4,255,0,15,309,4,328,70,0,70,398
02/16/2000,SMO,CA,AWP,WE,Towers with Display (VFR),0,11,72,0,83,0,1,117,0,118,0,12,189,0,201,0,0,0,201
02/17/2000,SMO,CA,AWP,WE,Towers with Display (VFR),0,11,72,0,83,0,17,179,4,200,0,28,251,4,283,176,0,176,459
02/18/2000,SMO,CA,AWP,WE,Towers with Display (VFR),0,14,87,0,101,0,8,233,8,249,0,22,320,8,350,192,0,192,542
02/19/2000,SMO,CA,AWP,WE,Towers with Display (VFR),0,5,33,0,38,0,6,326,0,332,0,11,359,0,370,166,0,166,536
02/20/2000,SMO,CA,AWP,WE,Towers with Display (VFR),0,2,19,0,21,0,0,58,2,60,0,2,77,2,81,54,0,54,135
02/21/2000,SMO,CA,AWP,WE,Towers with Display (VFR),0,6,37,0,43,0,1,12,0,13,0,7,49,0,56,20,0,20,76
02/22/2000,SMO,CA,AWP,WE,Towers with Display (VFR),0,15,94,0,109,0,14,123,7,144,0,29,217,7,253,182,0,182,435
02/23/2000,SMO,CA,AWP,WE,Towers with Display (VFR),0,5,31,0,36,0,2,51,0,53,0,7,82,0,89,4,0,4,93
02/24/2000,SMO,CA,AWP,WE,Towers with Display (VFR),0,9,58,0,67,0,25,219,6,250,0,34,277,6,317,262,0,262,579
02/25/2000,SMO,CA,AWP,WE,Towers with Display (VFR),0,13,84,0,97,0,18,155,2,175,0,31,239,2,272,316,0,316,588
02/26/2000,SMO,CA,AWP,WE,Towers with Display (VFR),0,7,44,0,51,0,6,370,2,378,0,13,414,2,429,176,0,176,605
02/27/2000,SMO,CA,AWP,WE,Towers with Display (VFR),0,4,42,0,46,0,0,21,0,21,0,4,63,0,67,36,0,36,103
02/28/2000,SMO,CA,AWP,WE,Towers with Display (VFR),0,9,58,0,67,0,14,243,12,269,0,23,301,12,336,212,0,212,548
02/29/2000,SMO,CA,AWP,WE,Towers with Display (VFR),0,10,62,0,72,0,4,219,2,225,0,14,281,2,297,126,0,126,423
03/01/2000,SMO,CA,AWP,WE,Towers with Display (VFR),0,11,54,0,65,0,4,247,2,253,0,15,301,2,318,246,0,246,564
03/02/2000,SMO,CA,AWP,WE,Towers with Display (VFR),0,12,58,0,70,0,10,268,6,284,0,22,326,6,354,226,0,226,580
03/03/2000,SMO,CA,AWP,WE,Towers with Display (VFR),0,12,60,0,72,0,4,110,4,118,0,16,170,4,190,232,0,232,422
03/04/2000,SMO,CA,AWP,WE,Towers with Display (VFR),0,8,40,0,48,0,12,222,6,240,0,20,262,6,288,260,0,260,548
03/05/2000,SMO,CA,AWP,WE,Towers with Display (VFR),0,4,20,0,24,0,0,30,1,31,0,4,50,1,55,48,0,48,103
03/06/2000,SMO,CA,AWP,WE,Towers with Display (VFR),0,8,41,0,49,0,14,120,10,144,0,22,161,10,193,168,0,168,361
03/07/2000,SMO,CA,AWP,WE,Towers with Display (VFR),0,13,63,0,76,0,17,154,4,175,0,30,217,4,251,220,0,220,471
03/08/2000,SMO,CA,AWP,WE,Towers with Display (VFR),0,7,32,0,39,0,0,136,6,142,0,7,168,6,181,66,0,66,247
03/09/2000,SMO,CA,AWP,WE,Towers with Display (VFR),0,12,60,0,72,0,11,180,0,191,0,23,240,0,263,208,0,208,471
03/10/2000,SMO,CA,AWP,WE,Towers with Display (VFR),0,13,69,0,82,0,10,272,2,284,0,23,341,2,366,212,0,212,578
03/11/2000,SMO,CA,AWP,WE,Towers with Display (VFR),0,7,41,1,49,0,6,336,1,343,0,13,377,2,392,162,0,162,554
03/12/2000,SMO,CA,AWP,WE,Towers with Display (VFR),0,10,57,1,68,0,4,334,1,339,0,14,391,2,407,184,0,184,591
03/13/2000,SMO,CA,AWP,WE,Towers with Display (VFR),0,12,72,1,85,0,0,154,3,157,0,12,226,4,242,94,0,94,336
03/14/2000,SMO,CA,AWP,WE,Towers with Display (VFR),0,10,59,0,69,0,0,114,0,114,0,10,173,0,183,72,0,72,255
03/15/2000,SMO,CA,AWP,WE,Towers with Display (VFR),0,17,96,0,113,0,1,72,0,73,0,18,168,0,186,18,0,18,204
03/16/2000,SMO,CA,AWP,WE,Towers with Display (VFR),0,8,86,0,94,0,0,176,24,200,0,8,262,24,294,100,0,100,394
03/17/2000,SMO,CA,AWP,WE,Towers with Display (VFR),0,10,55,0,65,0,12,221,0,233,0,22,276,0,298,184,0,184,482
03/18/2000,SMO,CA,AWP,WE,Towers with Display (VFR),0,7,43,0,50,0,17,292,2,311,0,24,335,2,361,144,0,144,505
03/19/2000,SMO,CA,AWP,WE,Towers with Display (VFR),0,15,81,0,96,0,13,176,6,195,0,28,257,6,291,106,0,106,397
03/20/2000,SMO,CA,AWP,WE,Towers with Display (VFR),0,6,33,0,39,0,3,126,2,131,0,9,159,2,170,82,0,82,252
03/21/2000,SMO,CA,AWP,WE,Towers with Display (VFR),0,9,49,0,58,0,4,231,14,249,0,13,280,14,307,200,0,200,507
03/22/2000,SMO,CA,AWP,WE,Towers with Display (VFR),0,11,61,0,72,0,8,309,6,323,0,19,370,6,395,256,0,256,651
03/23/2000,SMO,CA,AWP,WE,Towers with Display (VFR),0,8,52,0,60,0,0,305,6,311,0,8,357,6,371,232,0,232,603
03/24/2000,SMO,CA,AWP,WE,Towers with Display (VFR),0,8,45,0,53,0,17,273,12,302,0,25,318,12,355,224,0,224,579
03/25/2000,SMO,CA,AWP,WE,Towers with Display (VFR),0,8,45,0,53,0,26,279,6,311,0,34,324,6,364,220,0,220,584
03/26/2000,SMO,CA,AWP,WE,Towers with Display (VFR),0,13,74,0,87,0,11,374,2,387,0,24,448,2,474,160,0,160,634
03/27/2000,SMO,CA,AWP,WE,Towers with Display (VFR),0,12,68,0,80,0,29,223,20,272,0,41,291,20,352,154,0,154,506
03/28/2000,SMO,CA,AWP,WE,Towers with Display (VFR),0,13,72,0,85,0,4,166,40,210,0,17,238,40,295,192,0,192,487
03/29/2000,SMO,CA,AWP,WE,Towers with Display (VFR),0,17,95,0,112,0,9,180,10,199,0,26,275,10,311,268,0,268,579
03/30/2000,SMO,CA,AWP,WE,Towers with Display (VFR),0,13,70,0,83,0,12,247,14,273,0,25,317,14,356,268,0,268,624
03/31/2000,SMO,CA,AWP,WE,Towers with Display (VFR),0,10,57,0,67,0,9,176,0,185,0,19,233,0,252,148,0,148,400
04/01/2000,SMO,CA,AWP,WE,Towers with Display (VFR),0,6,48,0,54,0,25,281,6,312,0,31,329,6,366,206,0,206,572
04/02/2000,SMO,CA,AWP,WE,Towers with Display (VFR),0,6,51,0,57,0,3,317,10,330,0,9,368,10,387,206,0,206,593
04/03/2000,SMO,CA,AWP,WE,Towers with Display (VFR),0,6,55,0,61,0,7,201,8,216,0,13,256,8,277,224,0,224,501
04/04/2000,SMO,CA,AWP,WE,Towers with Display (VFR),0,7,61,0,68,0,1,204,0,205,0,8,265,0,273,70,0,70,343
04/05/2000,SMO,CA,AWP,WE,Towers with Display (VFR),0,9,89,0,98,0,0,135,4,139,0,9,224,4,237,132,0,132,369
04/06/2000,SMO,CA,AWP,WE,Towers with Display (VFR),0,7,98,0,105,0,0,143,0,143,0,7,241,0,248,92,0,92,340
04/07/2000,SMO,CA,AWP,WE,Towers with Display (VFR),0,13,116,0,129,0,19,168,9,196,0,32,284,9,325,178,0,178,503
04/08/2000,SMO,CA,AWP,WE,Towers with Display (VFR),0,10,92,0,102,0,10,210,2,222,0,20,302,2,324,198,0,198,522
04/09/2000,SMO,CA,AWP,WE,Towers with Display (VFR),0,8,70,0,78,0,9,355,11,375,0,17,425,11,453,188,0,188,641
04/10/2000,SMO,CA,AWP,WE,Towers with Display (VFR),0,7,56,0,63,0,1,233,0,234,0,8,289,0,297,184,0,184,481
04/11/2000,SMO,CA,AWP,WE,Towers with Display (VFR),0,6,47,0,53,0,2,293,4,299,0,8,340,4,352,136,0,136,488
04/12/2000,SMO,CA,AWP,WE,Towers with Display (VFR),0,7,63,0,70,0,3,105,0,108,0,10,168,0,178,54,0,54,232
04/13/2000,SMO,CA,AWP,WE,Towers with Display (VFR),0,7,57,0,64,0,6,160,4,170,0,13,217,4,234,186,0,186,420
04/14/2000,SMO,CA,AWP,WE,Towers with Display (VFR),0,8,70,0,78,0,9,214,2,225,0,17,284,2,303,186,0,186,489
04/15/2000,SMO,CA,AWP,WE,Towers with Display (VFR),0,8,71,0,79,0,9,255,2,266,0,17,326,2,345,176,0,176,521
04/16/2000,SMO,CA,AWP,WE,Towers with Display (VFR),0,6,55,0,61,0,10,232,0,242,0,16,287,0,303,170,0,170,473
04/17/2000,SMO,CA,AWP,WE,Towers with Display (VFR),0,2,26,1,29,0,7,12,5,24,0,9,38,6,53,0,0,0,53
04/18/2000,SMO,CA,AWP,WE,Towers with Display (VFR),0,5,47,1,53,0,7,173,3,183,0,12,220,4,236,138,0,138,374
04/19/2000,SMO,CA,AWP,WE,Towers with Display (VFR),0,5,49,1,55,0,2,250,1,253,0,7,299,2,308,210,0,210,518
04/20/2000,SMO,CA,AWP,WE,Towers with Display (VFR),0,6,64,0,70,0,7,303,2,312,0,13,367,2,382,238,0,238,620
04/21/2000,SMO,CA,AWP,WE,Towers with Display (VFR),0,6,62,0,68,0,5,154,0,159,0,11,216,0,227,170,0,170,397
04/22/2000,SMO,CA,AWP,WE,Towers with Display (VFR),0,5,56,0,61,0,5,253,0,258,0,10,309,0,319,270,0,270,589
04/23/2000,SMO,CA,AWP,WE,Towers with Display (VFR),0,6,65,0,71,0,0,267,0,267,0,6,332,0,338,190,0,190,528
04/24/2000,SMO,CA,AWP,WE,Towers with Display (VFR),0,4,46,0,50,0,3,304,2,309,0,7,350,2,359,128,0,128,487
04/25/2000,SMO,CA,AWP,WE,Towers with Display (VFR),0,4,45,0,49,0,9,310,0,319,0,13,355,0,368,164,0,164,532
04/26/2000,SMO,CA,AWP,WE,Towers with Display (VFR),0,2,63,0,65,0,0,322,2,324,0,2,385,2,389,100,0,100,489
04/27/2000,SMO,CA,AWP,WE,Towers with Display (VFR),0,10,102,0,112,0,13,148,6,167,0,23,250,6,279,74,0,74,353
04/28/2000,SMO,CA,AWP,WE,Towers with Display (VFR),0,11,107,0,118,0,3,203,4,210,0,14,310,4,328,262,0,262,590
04/29/2000,SMO,CA,AWP,WE,Towers with Display (VFR),0,4,44,0,48,0,11,304,0,315,0,15,348,0,363,212,0,212,575
04/30/2000,SMO,CA,AWP,WE,Towers with Display (VFR),0,7,72,0,79,0,15,358,0,373,0,22,430,0,452,184,0,184,636
05/01/2000,SMO,CA,AWP,WE,Towers with Display (VFR),0,7,46,0,53,0,3,279,2,284,0,10,325,2,337,210,0,210,547
05/02/2000,SMO,CA,AWP,WE,Towers with Display (VFR),0,4,60,0,64,0,0,304,2,306,0,4,364,2,370,198,0,198,568
05/03/2000,SMO,CA,AWP,WE,Towers with Display (VFR),0,9,73,0,82,0,0,297,4,301,0,9,370,4,383,200,0,200,583
05/04/2000,SMO,CA,AWP,WE,Towers with Display (VFR),0,8,84,0,92,0,0,148,2,150,0,8,232,2,242,92,0,92,334
05/05/2000,SMO,CA,AWP,WE,Towers with Display (VFR),0,12,88,0,100,0,1,71,0,72,0,13,159,0,172,122,0,122,294
05/06/2000,SMO,CA,AWP,WE,Towers with Display (VFR),0,9,63,0,72,0,14,317,0,331,0,23,380,0,403,208,0,208,611
05/07/2000,SMO,CA,AWP,WE,Towers with Display (VFR),0,8,57,0,65,0,5,309,2,316,0,13,366,2,381,152,0,152,533
05/08/2000,SMO,CA,AWP,WE,Towers with Display (VFR),0,6,68,0,74,0,0,134,8,142,0,6,202,8,216,56,0,56,272
05/09/2000,SMO,CA,AWP,WE,Towers with Display (VFR),0,13,91,0,104,0,0,141,8,149,0,13,232,8,253,70,0,70,323
05/10/2000,SMO,CA,AWP,WE,Towers with Display (VFR),0,10,72,0,82,0,10,181,8,199,0,20,253,8,281,210,0,210,491
05/11/2000,SMO,CA,AWP,WE,Towers with Display (VFR),0,6,51,1,58,0,8,120,5,133,0,14,171,6,191,52,0,52,243
05/12/2000,SMO,CA,AWP,WE,Towers with Display (VFR),0,8,63,1,72,0,32,331,5,368,0,40,394,6,440,204,0,204,644
05/13/2000,SMO,CA,AWP,WE,Towers with Display (VFR),0,4,37,0,41,0,25,347,0,372,0,29,384,0,413,164,0,164,577
05/14/2000,SMO,CA,AWP,WE,Towers with Display (VFR),0,9,67,1,77,0,4,268,1,273,0,13,335,2,350,124,0,124,474
05/15/2000,SMO,CA,AWP,WE,Towers with Display (VFR),0,4,81,1,86,0,0,105,3,108,0,4,186,4,194,44,0,44,238
05/16/2000,SMO,CA,AWP,WE,Towers with Display (VFR),0,6,46,0,52,0,11,208,4,223,0,17,254,4,275,132,0,132,407
05/17/2000,SMO,CA,AWP,WE,Towers with Display (VFR),0,9,83,0,92,0,0,250,4,254,0,9,333,4,346,214,0,214,560
05/18/2000,SMO,CA,AWP,WE,Towers with Display (VFR),0,7,53,0,60,0,12,240,0,252,0,19,293,0,312,218,0,218,530
05/19/2000,SMO,CA,AWP,WE,Towers with Display (VFR),0,13,100,0,113,0,7,219,3,229,0,20,319,3,342,128,0,128,470
05/20/2000,SMO,CA,AWP,WE,Towers with Display (VFR),0,9,75,0,84,0,11,226,0,237,0,20,301,0,321,122,0,122,443
05/21/2000,SMO,CA,AWP,WE,Towers with Display (VFR),0,6,56,0,62,0,0,76,2,78,0,6,132,2,140,46,0,46,186
05/22/2000,SMO,CA,AWP,WE,Towers with Display (VFR),0,16,122,0,138,0,12,54,0,66,0,28,176,0,204,0,0,0,204
05/23/2000,SMO,CA,AWP,WE,Towers with Display (VFR),0,12,115,0,127,0,0,39,0,39,0,12,154,0,166,46,0,46,212
05/24/2000,SMO,CA,AWP,WE,Towers with Display (VFR),0,11,113,0,124,0,0,28,2,30,0,11,141,2,154,22,0,22,176
05/25/2000,SMO,CA,AWP,WE,Towers with Display (VFR),0,14,106,0,120,0,3,73,0,76,0,17,179,0,196,214,0,214,410
05/26/2000,SMO,CA,AWP,WE,Towers with Display (VFR),0,9,69,0,78,0,9,294,4,307,0,18,363,4,385,256,0,256,641
05/27/2000,SMO,CA,AWP,WE,Towers with Display (VFR),0,5,42,0,47,0,8,338,0,346,0,13,380,0,393,198,0,198,591
05/28/2000,SMO,CA,AWP,WE,Towers with Display (VFR),0,5,38,0,43,0,7,257,0,264,0,12,295,0,307,138,0,138,445
05/29/2000,SMO,CA,AWP,WE,Towers with Display (VFR),0,15,133,0,148,0,0,39,2,41,0,15,172,2,189,0,0,0,189
05/30/2000,SMO,CA,AWP,WE,Towers with Display (VFR),0,9,88,0,97,0,0,107,4,111,0,9,195,4,208,42,0,42,250
05/31/2000,SMO,CA,AWP,WE,Towers with Display (VFR),0,6,67,0,73,0,0,252,0,252,0,6,319,0,325,156,0,156,481
06/01/2000,SMO,CA,AWP,WE,Towers with Display (VFR),0,10,71,0,81,0,12,173,8,193,0,22,244,8,274,208,0,208,482
06/02/2000,SMO,CA,AWP,WE,Towers with Display (VFR),0,9,61,0,70,0,10,249,6,265,0,19,310,6,335,185,0,185,520
06/03/2000,SMO,CA,AWP,WE,Towers with Display (VFR),0,5,68,0,73,0,0,360,4,364,0,5,428,4,437,146,0,146,583
06/04/2000,SMO,CA,AWP,WE,Towers with Display (VFR),0,9,64,0,73,0,8,315,2,325,0,17,379,2,398,178,0,178,576
06/05/2000,SMO,CA,AWP,WE,Towers with Display (VFR),0,6,44,0,50,0,8,277,8,293,0,14,321,8,343,204,0,204,547
06/06/2000,SMO,CA,AWP,WE,Towers with Display (VFR),0,8,52,0,60,0,2,265,4,271,0,10,317,4,331,178,0,178,509
06/07/2000,SMO,CA,AWP,WE,Towers with Display (VFR),0,8,58,0,66,0,6,325,0,331,0,14,383,0,397,226,0,226,623
06/08/2000,SMO,CA,AWP,WE,Towers with Display (VFR),0,10,71,0,81,0,5,154,0,159,0,15,225,0,240,194,0,194,434
06/09/2000,SMO,CA,AWP,WE,Towers with Display (VFR),0,10,71,0,81,0,0,278,2,280,0,10,349,2,361,238,0,238,599
06/10/2000,SMO,CA,AWP,WE,Towers with Display (VFR),0,8,57,0,65,0,7,292,4,303,0,15,349,4,368,216,0,216,584
06/11/2000,SMO,CA,AWP,WE,Towers with Display (VFR),0,8,53,0,61,0,12,309,0,321,0,20,362,0,382,196,0,196,578
06/12/2000,SMO,CA,AWP,WE,Towers with Display (VFR),0,8,57,0,65,0,13,235,6,254,0,21,292,6,319,272,0,272,591
06/13/2000,SMO,CA,AWP,WE,Towers with Display (VFR),0,8,58,0,66,0,7,253,10,270,0,15,311,10,336,250,0,250,586
06/14/2000,SMO,CA,AWP,WE,Towers with Display (VFR),0,12,89,0,101,0,0,121,4,125,0,12,210,4,226,104,0,104,330
06/15/2000,SMO,CA,AWP,WE,Towers with Display (VFR),0,12,87,0,99,0,0,123,4,127,0,12,210,4,226,16,0,16,242
06/16/2000,SMO,CA,AWP,WE,Towers with Display (VFR),0,15,107,0,122,0,2,163,0,165,0,17,270,0,287,190,0,190,477
06/17/2000,SMO,CA,AWP,WE,Towers with Display (VFR),0,11,88,0,99,0,13,165,0,178,0,24,253,0,277,156,0,156,433
06/18/2000,SMO,CA,AWP,WE,Towers with Display (VFR),0,12,96,0,108,0,4,162,0,166,0,16,258,0,274,138,0,138,412
06/19/2000,SMO,CA,AWP,WE,Towers with Display (VFR),0,8,65,0,73,0,5,250,2,257,0,13,315,2,330,176,0,176,506
06/20/2000,SMO,CA,AWP,WE,Towers with Display (VFR),0,9,69,0,78,0,5,157,2,164,0,14,226,2,242,235,0,235,477
06/21/2000,SMO,CA,AWP,WE,Towers with Display (VFR),0,13,105,0,118,0,8,79,4,91,0,21,184,4,209,46,0,46,255
06/22/2000,SMO,CA,AWP,WE,Towers with Display (VFR),0,9,76,0,85,0,5,188,6,199,0,14,264,6,284,54,0,54,338
06/23/2000,SMO,CA,AWP,WE,Towers with Display (VFR),0,11,85,0,96,0,0,181,5,186,0,11,266,5,282,178,0,178,460
06/24/2000,SMO,CA,AWP,WE,Towers with Display (VFR),0,7,61,0,68,0,6,213,7,226,0,13,274,7,294,180,0,180,474
06/25/2000,SMO,CA,AWP,WE,Towers with Display (VFR),0,6,51,0,57,0,1,306,0,307,0,7,357,0,364,190,0,190,554
06/26/2000,SMO,CA,AWP,WE,Towers with Display (VFR),0,7,55,0,62,0,6,238,0,244,0,13,293,0,306,354,0,354,660
06/27/2000,SMO,CA,AWP,WE,Towers with Display (VFR),0,8,64,0,72,0,7,280,6,293,0,15,344,6,365,176,0,176,541
06/28/2000,SMO,CA,AWP,WE,Towers with Display (VFR),0,13,103,0,116,0,15,187,4,206,0,28,290,4,322,172,0,172,494
06/29/2000,SMO,CA,AWP,WE,Towers with Display (VFR),0,9,76,0,85,0,7,152,6,165,0,16,228,6,250,264,0,264,514
06/30/2000,SMO,CA,AWP,WE,Towers with Display (VFR),0,15,116,0,131,0,11,183,4,198,0,26,299,4,329,178,0,178,507
07/01/2000,SMO,CA,AWP,WE,Towers with Display (VFR),0,17,79,0,96,0,5,228,2,235,0,22,307,2,331,214,0,214,545
07/02/2000,SMO,CA,AWP,WE,Towers with Display (VFR),0,11,48,0,59,0,3,223,6,232,0,14,271,6,291,194,0,194,485
07/03/2000,SMO,CA,AWP,WE,Towers with Display (VFR),0,4,42,0,46,0,0,263,0,263,0,4,305,0,309,178,0,178,487
07/04/2000,SMO,CA,AWP,WE,Towers with Display (VFR),0,9,40,0,49,0,2,168,4,174,0,11,208,4,223,146,0,146,369
07/05/2000,SMO,CA,AWP,WE,Towers with Display (VFR),0,9,48,0,57,0,0,215,0,215,0,9,263,0,272,230,0,230,502
07/06/2000,SMO,CA,AWP,WE,Towers with Display (VFR),0,3,50,0,53,0,0,222,0,222,0,3,272,0,275,212,0,212,487
07/07/2000,SMO,CA,AWP,WE,Towers with Display (VFR),0,12,56,0,68,0,2,248,2,252,0,14,304,2,320,214,0,214,534
07/08/2000,SMO,CA,AWP,WE,Towers with Display (VFR),0,13,57,0,70,0,3,262,0,265,0,16,319,0,335,250,0,250,585
07/09/2000,SMO,CA,AWP,WE,Towers with Display (VFR),0,10,58,0,68,0,0,220,4,224,0,10,278,4,292,236,0,236,528
07/10/2000,SMO,CA,AWP,WE,Towers with Display (VFR),0,11,51,0,62,0,0,179,6,185,0,11,230,6,247,310,0,310,557
07/11/2000,SMO,CA,AWP,WE,Towers with Display (VFR),0,11,65,0,76,0,0,280,0,280,0,11,345,0,356,176,0,176,532
07/12/2000,SMO,CA,AWP,WE,Towers with Display (VFR),0,15,80,0,95,0,0,288,4,292,0,15,368,4,387,156,0,156,543
07/13/2000,SMO,CA,AWP,WE,Towers with Display (VFR),0,11,48,0,59,0,8,258,4,270,0,19,306,4,329,184,0,184,513
07/14/2000,SMO,CA,AWP,WE,Towers with Display (VFR),0,13,66,1,80,0,3,268,3,274,0,16,334,4,354,230,0,230,584
07/15/2000,SMO,CA,AWP,WE,Towers with Display (VFR),0,16,80,1,97,0,6,245,1,252,0,22,325,2,349,230,0,230,579
07/16/2000,SMO,CA,AWP,WE,Towers with Display (VFR),0,18,89,0,107,0,0,298,2,300,0,18,387,2,407,196,0,196,603
07/17/2000,SMO,CA,AWP,WE,Towers with Display (VFR),0,13,64,0,77,0,8,315,4,327,0,21,379,4,404,200,0,200,604
07/18/2000,SMO,CA,AWP,WE,Towers with Display (VFR),0,13,65,0,78,0,12,258,4,274,0,25,323,4,352,204,0,204,556
07/19/2000,SMO,CA,AWP,WE,Towers with Display (VFR),0,10,53,0,63,0,12,302,8,322,0,22,355,8,385,318,0,318,703
07/20/2000,SMO,CA,AWP,WE,Towers with Display (VFR),0,14,67,0,81,0,13,202,4,219,0,27,269,4,300,166,0,166,466
07/21/2000,SMO,CA,AWP,WE,Towers with Display (VFR),0,11,74,0,85,0,0,182,2,184,0,11,256,2,269,106,0,106,375
07/22/2000,SMO,CA,AWP,WE,Towers with Display (VFR),0,5,27,0,32,0,2,291,6,299,0,7,318,6,331,206,0,206,537
07/23/2000,SMO,CA,AWP,WE,Towers with Display (VFR),0,13,64,0,77,0,6,254,6,266,0,19,318,6,343,254,0,254,597
07/24/2000,SMO,CA,AWP,WE,Towers with Display (VFR),0,12,58,0,70,0,7,178,3,188,0,19,236,3,258,134,0,134,392
07/25/2000,SMO,CA,AWP,WE,Towers with Display (VFR),0,10,49,0,59,0,1,276,0,277,0,11,325,0,336,214,0,214,550
07/26/2000,SMO,CA,AWP,WE,Towers with Display (VFR),0,9,66,0,75,0,0,248,2,250,0,9,314,2,325,282,0,282,607
07/27/2000,SMO,CA,AWP,WE,Towers with Display (VFR),0,14,70,0,84,0,4,199,8,211,0,18,269,8,295,208,0,208,503
07/28/2000,SMO,CA,AWP,WE,Towers with Display (VFR),0,15,75,0,90,0,18,231,2,251,0,33,306,2,341,284,0,284,625
07/29/2000,SMO,CA,AWP,WE,Towers with Display (VFR),0,9,44,0,53,0,15,182,2,199,0,24,226,2,252,170,0,170,422
07/30/2000,SMO,CA,AWP,WE,Towers with Display (VFR),0,11,67,0,78,0,0,206,0,206,0,11,273,0,284,210,0,210,494
07/31/2000,SMO,CA,AWP,WE,Towers with Display (VFR),0,14,71,0,85,0,2,203,4,209,0,16,274,4,294,212,0,212,506
08/01/2000,SMO,CA,AWP,WE,Towers with Display (VFR),0,8,60,0,68,0,0,310,4,314,0,8,370,4,382,258,0,258,640
08/02/2000,SMO,CA,AWP,WE,Towers with Display (VFR),0,13,52,0,65,0,7,253,2,262,0,20,305,2,327,136,0,136,463
08/03/2000,SMO,CA,AWP,WE,Towers with Display (VFR),0,13,52,0,65,0,16,211,8,235,0,29,263,8,300,196,0,196,496
08/04/2000,SMO,CA,AWP,WE,Towers with Display (VFR),0,15,63,0,78,0,11,255,2,268,0,26,318,2,346,198,0,198,544
08/05/2000,SMO,CA,AWP,WE,Towers with Display (VFR),0,11,43,0,54,0,7,262,4,273,0,18,305,4,327,194,0,194,521
08/06/2000,SMO,CA,AWP,WE,Towers with Display (VFR),0,16,67,0,83,0,0,166,2,168,0,16,233,2,251,40,0,40,291
08/07/2000,SMO,CA,AWP,WE,Towers with Display (VFR),0,19,78,0,97,0,3,137,10,150,0,22,215,10,247,138,0,138,385
08/08/2000,SMO,CA,AWP,WE,Towers with Display (VFR),0,9,61,0,70,0,0,154,8,162,0,9,215,8,232,80,0,80,312
08/09/2000,SMO,CA,AWP,WE,Towers with Display (VFR),0,12,47,0,59,0,7,236,2,245,0,19,283,2,304,150,0,150,454
08/10/2000,SMO,CA,AWP,WE,Towers with Display (VFR),0,13,54,0,67,0,18,226,0,244,0,31,280,0,311,228,0,228,539
08/11/2000,SMO,CA,AWP,WE,Towers with Display (VFR),0,17,72,1,90,0,26,280,5,311,0,43,352,6,401,108,0,108,509
08/12/2000,SMO,CA,AWP,WE,Towers with Display (VFR),0,9,41,1,51,0,17,249,1,267,0,26,290,2,318,0,0,0,318
08/13/2000,SMO,CA,AWP,WE,Towers with Display (VFR),0,13,58,1,72,0,9,254,2,265,0,22,312,3,337,4,0,4,341
08/14/2000,SMO,CA,AWP,WE,Towers with Display (VFR),0,15,65,1,81,0,7,187,5,199,0,22,252,6,280,2,0,2,282
08/15/2000,SMO,CA,AWP,WE,Towers with Display (VFR),0,16,72,1,89,0,7,230,17,254,0,23,302,18,343,2,0,2,345
08/16/2000,SMO,CA,AWP,WE,Towers with Display (VFR),0,9,64,0,73,0,0,236,6,242,0,9,300,6,315,132,0,132,447
08/17/2000,SMO,CA,AWP,WE,Towers with Display (VFR),0,16,70,0,86,0,9,271,14,294,0,25,341,14,380,64,0,64,444
08/18/2000,SMO,CA,AWP,WE,Towers with Display (VFR),0,18,77,0,95,0,8,302,6,316,0,26,379,6,411,272,0,272,683
08/19/2000,SMO,CA,AWP,WE,Towers with Display (VFR),0,14,62,0,76,0,12,313,8,333,0,26,375,8,409,262,0,262,671
08/20/2000,SMO,CA,AWP,WE,Towers with Display (VFR),0,12,54,0,66,0,17,313,2,332,0,29,367,2,398,196,0,196,594
08/21/2000,SMO,CA,AWP,WE,Towers with Display (VFR),0,15,69,0,84,0,5,208,0,213,0,20,277,0,297,208,0,208,505
08/22/2000,SMO,CA,AWP,WE,Towers with Display (VFR),0,16,74,0,90,0,0,247,0,247,0,16,321,0,337,220,0,220,557
08/23/2000,SMO,CA,AWP,WE,Towers with Display (VFR),0,18,81,0,99,0,7,214,8,229,0,25,295,8,328,230,0,230,558
08/24/2000,SMO,CA,AWP,WE,Towers with Display (VFR),0,18,80,0,98,0,9,210,0,219,0,27,290,0,317,188,0,188,505
08/25/2000,SMO,CA,AWP,WE,Towers with Display (VFR),0,10,45,0,55,0,12,200,2,214,0,22,245,2,269,208,0,208,477
08/26/2000,SMO,CA,AWP,WE,Towers with Display (VFR),0,7,35,0,42,0,8,246,0,254,0,15,281,0,296,142,0,142,438
08/27/2000,SMO,CA,AWP,WE,Towers with Display (VFR),0,12,56,0,68,0,10,162,0,172,0,22,218,0,240,130,0,130,370
08/28/2000,SMO,CA,AWP,WE,Towers with Display (VFR),0,11,48,0,59,0,1,197,10,208,0,12,245,10,267,92,0,92,359
08/29/2000,SMO,CA,AWP,WE,Towers with Display (VFR),0,10,66,0,76,0,0,68,2,70,0,10,134,2,146,6,0,6,152
08/30/2000,SMO,CA,AWP,WE,Towers with Display (VFR),0,16,86,0,102,0,0,199,6,205,0,16,285,6,307,296,0,296,603
08/31/2000,SMO,CA,AWP,WE,Towers with Display (VFR),0,20,89,0,109,0,3,162,8,173,0,23,251,8,282,314,0,314,596
09/01/2000,SMO,CA,AWP,WE,Towers with Display (VFR),0,17,73,0,90,0,24,230,4,258,0,41,303,4,348,274,0,274,622
09/02/2000,SMO,CA,AWP,WE,Towers with Display (VFR),0,10,43,0,53,0,16,247,0,263,0,26,290,0,316,212,0,212,528
09/03/2000,SMO,CA,AWP,WE,Towers with Display (VFR),0,10,43,0,53,0,2,244,2,248,0,12,287,2,301,192,0,192,493
09/04/2000,SMO,CA,AWP,WE,Towers with Display (VFR),0,13,54,0,67,0,0,267,0,267,0,13,321,0,334,154,0,154,488
09/05/2000,SMO,CA,AWP,WE,Towers with Display (VFR),0,7,50,0,57,0,0,298,4,302,0,7,348,4,359,118,0,118,477
09/06/2000,SMO,CA,AWP,WE,Towers with Display (VFR),0,14,58,0,72,0,22,244,6,272,0,36,302,6,344,286,0,286,630
09/07/2000,SMO,CA,AWP,WE,Towers with Display (VFR),0,14,57,0,71,0,14,240,0,254,0,28,297,0,325,174,0,174,499
09/08/2000,SMO,CA,AWP,WE,Towers with Display (VFR),0,14,60,0,74,0,5,193,6,204,0,19,253,6,278,162,0,162,440
09/09/2000,SMO,CA,AWP,WE,Towers with Display (VFR),0,15,60,0,75,0,14,265,6,285,0,29,325,6,360,160,0,160,520
09/10/2000,SMO,CA,AWP,WE,Towers with Display (VFR),0,10,41,0,51,0,18,271,0,289,0,28,312,0,340,176,0,176,516
09/11/2000,SMO,CA,AWP,WE,Towers with Display (VFR),0,10,43,0,53,0,7,260,2,269,0,17,303,2,322,144,0,144,466
09/12/2000,SMO,CA,AWP,WE,Towers with Display (VFR),0,11,43,0,54,0,9,282,12,303,0,20,325,12,357,226,0,226,583
09/13/2000,SMO,CA,AWP,WE,Towers with Display (VFR),0,10,39,0,49,0,2,274,0,276,0,12,313,0,325,226,0,226,551
09/14/2000,SMO,CA,AWP,WE,Towers with Display (VFR),0,23,99,0,122,0,5,123,2,130,0,28,222,2,252,46,0,46,298
09/15/2000,SMO,CA,AWP,WE,Towers with Display (VFR),0,11,51,1,63,0,18,259,8,285,0,29,310,9,348,216,0,216,564
09/16/2000,SMO,CA,AWP,WE,Towers with Display (VFR),0,9,42,1,52,0,7,289,3,299,0,16,331,4,351,218,0,218,569
09/17/2000,SMO,CA,AWP,WE,Towers with Display (VFR),0,10,43,0,53,0,10,290,0,300,0,20,333,0,353,142,0,142,495
09/18/2000,SMO,CA,AWP,WE,Towers with Display (VFR),0,7,70,0,77,0,0,95,0,95,0,7,165,0,172,28,0,28,200
09/19/2000,SMO,CA,AWP,WE,Towers with Display (VFR),0,10,65,0,75,0,0,42,0,42,0,10,107,0,117,14,0,14,131
09/20/2000,SMO,CA,AWP,WE,Towers with Display (VFR),0,18,79,0,97,0,19,152,6,177,0,37,231,6,274,184,0,184,458
09/21/2000,SMO,CA,AWP,WE,Towers with Display (VFR),0,22,98,0,120,0,15,99,8,122,0,37,197,8,242,206,0,206,448
09/22/2000,SMO,CA,AWP,WE,Towers with Display (VFR),0,20,89,0,109,0,5,110,0,115,0,25,199,0,224,294,0,294,518
09/23/2000,SMO,CA,AWP,WE,Towers with Display (VFR),0,12,57,0,69,0,22,186,4,212,0,34,243,4,281,250,0,250,531
09/24/2000,SMO,CA,AWP,WE,Towers with Display (VFR),0,11,50,0,61,0,19,305,6,330,0,30,355,6,391,220,0,220,611
09/25/2000,SMO,CA,AWP,WE,Towers with Display (VFR),0,13,57,0,70,0,2,253,0,255,0,15,310,0,325,118,0,118,443
09/26/2000,SMO,CA,AWP,WE,Towers with Display (VFR),0,12,52,0,64,0,8,271,6,285,0,20,323,6,349,162,0,162,511
09/27/2000,SMO,CA,AWP,WE,Towers with Display (VFR),0,18,78,0,96,0,5,99,8,112,0,23,177,8,208,212,0,212,420
09/28/2000,SMO,CA,AWP,WE,Towers with Display (VFR),0,18,80,0,98,0,4,150,4,158,0,22,230,4,256,250,0,250,506
09/29/2000,SMO,CA,AWP,WE,Towers with Display (VFR),0,16,72,0,88,0,14,177,0,191,0,30,249,0,279,185,0,185,464
09/30/2000,SMO,CA,AWP,WE,Towers with Display (VFR),0,10,61,0,71,0,0,190,0,190,0,10,251,0,261,202,0,202,463
10/01/2000,SMO,CA,AWP,WE,Towers with Display (VFR),0,7,67,0,74,0,0,245,0,245,0,7,312,0,319,74,0,74,393
10/02/2000,SMO,CA,AWP,WE,Towers with Display (VFR),0,10,47,0,57,0,7,177,0,184,0,17,224,0,241,80,0,80,321
10/03/2000,SMO,CA,AWP,WE,Towers with Display (VFR),0,15,73,0,88,0,9,141,4,154,0,24,214,4,242,122,0,122,364
10/04/2000,SMO,CA,AWP,WE,Towers with Display (VFR),0,9,85,0,94,0,0,138,4,142,0,9,223,4,236,148,0,148,384
10/05/2000,SMO,CA,AWP,WE,Towers with Display (VFR),0,16,78,0,94,0,14,179,2,195,0,30,257,2,289,185,0,185,474
10/06/2000,SMO,CA,AWP,WE,Towers with Display (VFR),0,20,103,0,123,0,7,19,1,27,0,27,122,1,150,0,0,0,150
10/07/2000,SMO,CA,AWP,WE,Towers with Display (VFR),0,15,74,0,89,0,15,241,12,268,0,30,315,12,357,244,0,244,601
10/08/2000,SMO,CA,AWP,WE,Towers with Display (VFR),0,15,77,0,92,0,10,184,0,194,0,25,261,0,286,228,0,228,514
10/09/2000,SMO,CA,AWP,WE,Towers with Display (VFR),0,18,89,0,107,0,10,58,1,69,0,28,147,1,176,52,0,52,228
10/10/2000,SMO,CA,AWP,WE,Towers with Display (VFR),0,10,51,0,61,0,4,168,14,186,0,14,219,14,247,134,0,134,381
10/11/2000,SMO,CA,AWP,WE,Towers with Display (VFR),0,13,64,0,77,0,19,141,4,164,0,32,205,4,241,252,0,252,493
10/12/2000,SMO,CA,AWP,WE,Towers with Display (VFR),0,15,77,0,92,0,5,156,10,171,0,20,233,10,263,228,0,228,491
10/13/2000,SMO,CA,AWP,WE,Towers with Display (VFR),0,13,61,0,74,0,34,121,4,159,0,47,182,4,233,254,0,254,487
10/14/2000,SMO,CA,AWP,WE,Towers with Display (VFR),0,7,37,0,44,0,21,317,0,338,0,28,354,0,382,178,0,178,560
10/15/2000,SMO,CA,AWP,WE,Towers with Display (VFR),0,13,71,0,84,0,34,215,0,249,0,47,286,0,333,214,0,214,547
10/16/2000,SMO,CA,AWP,WE,Towers with Display (VFR),0,10,70,1,81,0,0,212,5,217,0,10,282,6,298,170,0,170,468
10/17/2000,SMO,CA,AWP,WE,Towers with Display (VFR),0,9,52,0,61,0,6,189,0,195,0,15,241,0,256,94,0,94,350
10/18/2000,SMO,CA,AWP,WE,Towers with Display (VFR),0,9,107,0,116,0,0,30,2,32,0,9,137,2,148,38,0,38,186
10/19/2000,SMO,CA,AWP,WE,Towers with Display (VFR),0,13,105,0,118,0,0,40,0,40,0,13,145,0,158,4,0,4,162
10/20/2000,SMO,CA,AWP,WE,Towers with Display (VFR),0,15,83,0,98,0,2,3,0,5,0,17,86,0,103,0,0,0,103
10/21/2000,SMO,CA,AWP,WE,Towers with Display (VFR),0,14,73,0,87,0,6,149,0,155,0,20,222,0,242,228,0,228,470
10/22/2000,SMO,CA,AWP,WE,Towers with Display (VFR),0,9,48,0,57,0,1,241,2,244,0,10,289,2,301,232,0,232,533
10/23/2000,SMO,CA,AWP,WE,Towers with Display (VFR),0,11,58,0,69,0,14,241,8,263,0,25,299,8,332,174,0,174,506
10/24/2000,SMO,CA,AWP,WE,Towers with Display (VFR),0,13,69,0,82,0,14,290,6,310,0,27,359,6,392,174,0,174,566
10/25/2000,SMO,CA,AWP,WE,Towers with Display (VFR),0,11,61,0,72,0,0,264,6,270,0,11,325,6,342,178,0,178,520
10/26/2000,SMO,CA,AWP,WE,Towers with Display (VFR),0,15,80,0,95,0,21,99,5,125,0,36,179,5,220,202,0,202,422
10/27/2000,SMO,CA,AWP,WE,Towers with Display (VFR),0,10,53,0,63,0,28,143,10,181,0,38,196,10,244,168,0,168,412
10/28/2000,SMO,CA,AWP,WE,Towers with Display (VFR),0,14,75,0,89,0,12,242,0,254,0,26,317,0,343,256,0,256,599
10/29/2000,SMO,CA,AWP,WE,Towers with Display (VFR),0,6,80,0,86,0,0,56,0,56,0,6,136,0,142,158,0,158,300
10/30/2000,SMO,CA,AWP,WE,Towers with Display (VFR),0,7,46,0,53,0,0,228,0,228,0,7,274,0,281,176,0,176,457
10/31/2000,SMO,CA,AWP,WE,Towers with Display (VFR),0,10,54,0,64,0,13,262,0,275,0,23,316,0,339,148,0,148,487
11/01/2000,SMO,CA,AWP,WE,Towers with Display (VFR),0,8,57,0,65,0,0,272,7,279,0,8,329,7,344,176,0,176,520
11/02/2000,SMO,CA,AWP,WE,Towers with Display (VFR),0,13,56,0,69,0,11,201,10,222,0,24,257,10,291,178,0,178,469
11/03/2000,SMO,CA,AWP,WE,Towers with Display (VFR),0,14,63,0,77,0,22,247,5,274,0,36,310,5,351,258,0,258,609
11/04/2000,SMO,CA,AWP,WE,Towers with Display (VFR),0,11,47,0,58,0,23,326,4,353,0,34,373,4,411,240,0,240,651
11/05/2000,SMO,CA,AWP,WE,Towers with Display (VFR),0,14,62,0,76,0,11,260,0,271,0,25,322,0,347,214,0,214,561
11/06/2000,SMO,CA,AWP,WE,Towers with Display (VFR),0,16,69,0,85,0,18,178,10,206,0,34,247,10,291,50,0,50,341
11/07/2000,SMO,CA,AWP,WE,Towers with Display (VFR),0,7,28,0,35,0,2,140,4,146,0,9,168,4,181,138,0,138,319
11/08/2000,SMO,CA,AWP,WE,Towers with Display (VFR),0,15,69,0,84,0,17,235,2,254,0,32,304,2,338,252,0,252,590
11/09/2000,SMO,CA,AWP,WE,Towers with Display (VFR),0,18,79,0,97,0,7,143,0,150,0,25,222,0,247,208,0,208,455
11/10/2000,SMO,CA,AWP,WE,Towers with Display (VFR),0,12,52,0,64,0,30,167,2,199,0,42,219,2,263,130,0,130,393
11/11/2000,SMO,CA,AWP,WE,Towers with Display (VFR),0,4,16,0,20,0,16,264,4,284,0,20,280,4,304,174,0,174,478
11/12/2000,SMO,CA,AWP,WE,Towers with Display (VFR),0,14,63,0,77,0,9,274,2,285,0,23,337,2,362,208,0,208,570
11/13/2000,SMO,CA,AWP,WE,Towers with Display (VFR),0,8,53,0,61,0,0,246,2,248,0,8,299,2,309,140,0,140,449
11/14/2000,SMO,CA,AWP,WE,Towers with Display (VFR),0,11,49,0,60,0,1,313,0,314,0,12,362,0,374,206,0,206,580
11/15/2000,SMO,CA,AWP,WE,Towers with Display (VFR),0,11,51,1,63,0,4,207,3,214,0,15,258,4,277,210,0,210,487
11/16/2000,SMO,CA,AWP,WE,Towers with Display (VFR),0,15,70,1,86,0,4,239,37,280,0,19,309,38,366,196,0,196,562
11/17/2000,SMO,CA,AWP,WE,Towers with Display (VFR),0,15,70,0,85,0,21,225,0,246,0,36,295,0,331,270,0,270,601
11/18/2000,SMO,CA,AWP,WE,Towers with Display (VFR),0,9,45,0,54,0,16,304,0,320,0,25,349,0,374,228,0,228,602
11/19/2000,SMO,CA,AWP,WE,Towers with Display (VFR),0,7,36,0,43,0,9,308,0,317,0,16,344,0,360,200,0,200,560
11/20/2000,SMO,CA,AWP,WE,Towers with Display (VFR),0,5,44,0,49,0,0,228,2,230,0,5,272,2,279,150,0,150,429
11/21/2000,SMO,CA,AWP,WE,Towers with Display (VFR),0,9,47,0,56,0,5,299,4,308,0,14,346,4,364,224,0,224,588
11/22/2000,SMO,CA,AWP,WE,Towers with Display (VFR),0,18,88,0,106,0,2,202,0,204,0,20,290,0,310,172,0,172,482
11/23/2000,SMO,CA,AWP,WE,Towers with Display (VFR),0,4,24,0,28,0,4,161,0,165,0,8,185,0,193,66,0,66,259
11/24/2000,SMO,CA,AWP,WE,Towers with Display (VFR),0,7,36,0,43,0,13,276,0,289,0,20,312,0,332,194,0,194,526
11/25/2000,SMO,CA,AWP,WE,Towers with Display (VFR),0,9,47,0,56,0,21,259,4,284,0,30,306,4,340,164,0,164,504
11/26/2000,SMO,CA,AWP,WE,Towers with Display (VFR),0,15,75,0,90,0,23,312,1,336,0,38,387,1,426,186,0,186,612
11/27/2000,SMO,CA,AWP,WE,Towers with Display (VFR),0,5,60,0,65,0,0,146,4,150,0,5,206,4,215,134,0,134,349
11/28/2000,SMO,CA,AWP,WE,Towers with Display (VFR),0,13,64,0,77,0,7,176,0,183,0,20,240,0,260,80,0,80,340
11/29/2000,SMO,CA,AWP,WE,Towers with Display (VFR),0,15,74,0,89,0,7,115,0,122,0,22,189,0,211,132,0,132,343
11/30/2000,SMO,CA,AWP,WE,Towers with Display (VFR),0,15,75,0,90,0,23,89,0,112,0,38,164,0,202,88,0,88,290
12/01/2000,SMO,CA,AWP,WE,Towers with Display (VFR),0,21,118,0,139,0,0,12,0,12,0,21,130,0,151,0,0,0,151
12/02/2000,SMO,CA,AWP,WE,Towers with Display (VFR),0,14,92,0,106,0,0,130,0,130,0,14,222,0,236,90,0,90,326
12/03/2000,SMO,CA,AWP,WE,Towers with Display (VFR),0,13,65,0,78,0,6,187,0,193,0,19,252,0,271,102,0,102,373
12/04/2000,SMO,CA,AWP,WE,Towers with Display (VFR),0,10,50,0,60,0,3,176,14,193,0,13,226,14,253,166,0,166,419
12/05/2000,SMO,CA,AWP,WE,Towers with Display (VFR),0,14,66,0,80,0,15,239,0,254,0,29,305,0,334,176,0,176,510
12/06/2000,SMO,CA,AWP,WE,Towers with Display (VFR),0,13,73,0,86,0,0,208,0,208,0,13,281,0,294,168,0,168,462
12/07/2000,SMO,CA,AWP,WE,Towers with Display (VFR),0,15,73,0,88,0,18,153,2,173,0,33,226,2,261,112,0,112,373
12/08/2000,SMO,CA,AWP,WE,Towers with Display (VFR),0,17,86,0,103,0,8,78,0,86,0,25,164,0,189,170,0,170,359
12/09/2000,SMO,CA,AWP,WE,Towers with Display (VFR),0,13,69,0,82,0,0,150,0,150,0,13,219,0,232,204,0,204,436
12/10/2000,SMO,CA,AWP,WE,Towers with Display (VFR),0,9,79,0,88,0,0,217,2,219,0,9,296,2,307,266,0,266,573
12/11/2000,SMO,CA,AWP,WE,Towers with Display (VFR),0,12,56,0,68,0,5,213,6,224,0,17,269,6,292,128,0,128,420
12/12/2000,SMO,CA,AWP,WE,Towers with Display (VFR),0,10,49,0,59,0,6,175,8,189,0,16,224,8,248,154,0,154,402
12/13/2000,SMO,CA,AWP,WE,Towers with Display (VFR),0,14,68,0,82,0,2,159,3,164,0,16,227,3,246,192,0,192,438
12/14/2000,SMO,CA,AWP,WE,Towers with Display (VFR),0,16,82,1,99,0,7,243,3,253,0,23,325,4,352,206,0,206,558
12/15/2000,SMO,CA,AWP,WE,Towers with Display (VFR),0,12,64,0,76,0,20,164,2,186,0,32,228,2,262,274,0,274,536
12/16/2000,SMO,CA,AWP,WE,Towers with Display (VFR),0,9,48,0,57,0,8,337,1,346,0,17,385,1,403,180,0,180,583
12/17/2000,SMO,CA,AWP,WE,Towers with Display (VFR),0,10,52,0,62,0,19,262,0,281,0,29,314,0,343,136,0,136,479
12/18/2000,SMO,CA,AWP,WE,Towers with Display (VFR),0,11,61,0,72,0,11,202,6,219,0,22,263,6,291,132,0,132,423
12/19/2000,SMO,CA,AWP,WE,Towers with Display (VFR),0,9,49,0,58,0,10,205,10,225,0,19,254,10,283,138,0,138,421
12/20/2000,SMO,CA,AWP,WE,Towers with Display (VFR),0,11,57,0,68,0,19,217,2,238,0,30,274,2,306,182,0,182,488
12/21/2000,SMO,CA,AWP,WE,Towers with Display (VFR),0,11,60,0,71,0,12,80,2,94,0,23,140,2,165,34,0,34,199
12/22/2000,SMO,CA,AWP,WE,Towers with Display (VFR),0,21,112,0,133,0,7,58,0,65,0,28,170,0,198,6,0,6,204
12/23/2000,SMO,CA,AWP,WE,Towers with Display (VFR),0,6,89,0,95,0,0,75,0,75,0,6,164,0,170,36,0,36,206
12/24/2000,SMO,CA,AWP,WE,Towers with Display (VFR),0,6,31,0,37,0,9,181,0,190,0,15,212,0,227,74,0,74,301
12/25/2000,SMO,CA,AWP,WE,Towers with Display (VFR),0,1,7,0,8,0,1,86,0,87,0,2,93,0,95,20,0,20,115
12/26/2000,SMO,CA,AWP,WE,Towers with Display (VFR),0,3,42,0,45,0,0,284,0,284,0,3,326,0,329,64,0,64,393
12/27/2000,SMO,CA,AWP,WE,Towers with Display (VFR),0,7,37,0,44,0,3,224,2,229,0,10,261,2,273,136,0,136,409
12/28/2000,SMO,CA,AWP,WE,Towers with Display (VFR),0,8,47,0,55,0,12,291,8,311,0,20,338,8,366,174,0,174,540
12/29/2000,SMO,CA,AWP,WE,Towers with Display (VFR),0,7,41,0,48,0,16,252,6,274,0,23,293,6,322,208,0,208,530
12/30/2000,SMO,CA,AWP,WE,Towers with Display (VFR),0,5,36,0,41,0,0,270,0,270,0,5,306,0,311,152,0,152,463
12/31/2000,SMO,CA,AWP,WE,Towers with Display (VFR),0,6,34,0,40,0,5,181,0,186,0,11,215,0,226,80,0,80,306
01/01/2001,SMO,CA,AWP,WE,Towers with Display (VFR),0,10,43,0,53,0,15,155,0,170,0,25,198,0,223,18,0,18,241
01/02/2001,SMO,CA,AWP,WE,Towers with Display (VFR),0,17,70,0,87,0,9,199,0,208,0,26,269,0,295,100,0,100,395
01/03/2001,SMO,CA,AWP,WE,Towers with Display (VFR),0,11,44,0,55,0,5,229,8,242,0,16,273,8,297,182,0,182,479
01/04/2001,SMO,CA,AWP,WE,Towers with Display (VFR),0,11,47,0,58,0,6,344,11,361,0,17,391,11,419,192,0,192,611
01/05/2001,SMO,CA,AWP,WE,Towers with Display (VFR),0,11,47,0,58,0,6,307,4,317,0,17,354,4,375,174,0,174,549
01/06/2001,SMO,CA,AWP,WE,Towers with Display (VFR),0,10,39,0,49,0,5,307,0,312,0,15,346,0,361,158,0,158,519
01/07/2001,SMO,CA,AWP,WE,Towers with Display (VFR),0,8,61,0,69,0,0,213,4,217,0,8,274,4,286,128,0,128,414
01/08/2001,SMO,CA,AWP,WE,Towers with Display (VFR),0,9,37,0,46,0,2,39,2,43,0,11,76,2,89,0,0,0,89
01/09/2001,SMO,CA,AWP,WE,Towers with Display (VFR),0,8,31,0,39,0,2,227,2,231,0,10,258,2,270,52,0,52,322
01/10/2001,SMO,CA,AWP,WE,Towers with Display (VFR),0,7,29,0,36,0,0,46,10,56,0,7,75,10,92,48,0,48,140
01/11/2001,SMO,CA,AWP,WE,Towers with Display (VFR),0,9,39,0,48,0,13,97,4,114,0,22,136,4,162,70,0,70,232
01/12/2001,SMO,CA,AWP,WE,Towers with Display (VFR),0,8,32,0,40,0,8,98,2,108,0,16,130,2,148,54,0,54,202
01/13/2001,SMO,CA,AWP,WE,Towers with Display (VFR),0,9,36,0,45,0,12,294,0,306,0,21,330,0,351,194,0,194,545
01/14/2001,SMO,CA,AWP,WE,Towers with Display (VFR),0,12,49,0,61,0,2,192,2,196,0,14,241,2,257,148,0,148,405
01/15/2001,SMO,CA,AWP,WE,Towers with Display (VFR),0,15,64,0,79,0,2,264,0,266,0,17,328,0,345,146,0,146,491
01/16/2001,SMO,CA,AWP,WE,Towers with Display (VFR),0,14,58,0,72,0,2,274,0,276,0,16,332,0,348,118,0,118,466
01/17/2001,SMO,CA,AWP,WE,Towers with Display (VFR),0,14,61,0,75,0,9,210,6,225,0,23,271,6,300,160,0,160,460
01/18/2001,SMO,CA,AWP,WE,Towers with Display (VFR),0,14,63,1,78,0,19,211,2,232,0,33,274,3,310,210,0,210,520
01/19/2001,SMO,CA,AWP,WE,Towers with Display (VFR),0,12,56,0,68,0,22,231,0,253,0,34,287,0,321,158,0,158,479
01/20/2001,SMO,CA,AWP,WE,Towers with Display (VFR),0,6,31,0,37,0,9,349,2,360,0,15,380,2,397,134,0,134,531
01/21/2001,SMO,CA,AWP,WE,Towers with Display (VFR),0,9,43,0,52,0,8,226,4,238,0,17,269,4,290,108,0,108,398
01/22/2001,SMO,CA,AWP,WE,Towers with Display (VFR),0,9,40,0,49,0,4,232,0,236,0,13,272,0,285,60,0,60,345
01/23/2001,SMO,CA,AWP,WE,Towers with Display (VFR),0,13,62,0,75,0,17,293,10,320,0,30,355,10,395,130,0,130,525
01/24/2001,SMO,CA,AWP,WE,Towers with Display (VFR),0,13,62,0,75,0,5,100,0,105,0,18,162,0,180,144,0,144,324
01/25/2001,SMO,CA,AWP,WE,Towers with Display (VFR),0,12,57,0,69,0,0,231,4,235,0,12,288,4,304,190,0,190,494
01/26/2001,SMO,CA,AWP,WE,Towers with Display (VFR),0,9,44,0,53,0,1,42,0,43,0,10,86,0,96,78,0,78,174
01/27/2001,SMO,CA,AWP,WE,Towers with Display (VFR),0,7,31,0,38,0,16,197,12,225,0,23,228,12,263,190,0,190,453
01/28/2001,SMO,CA,AWP,WE,Towers with Display (VFR),0,10,47,0,57,0,2,183,0,185,0,12,230,0,242,166,0,166,408
01/29/2001,SMO,CA,AWP,WE,Towers with Display (VFR),0,10,47,0,57,0,12,185,2,199,0,22,232,2,256,200,0,200,456
01/30/2001,SMO,CA,AWP,WE,Towers with Display (VFR),0,8,40,0,48,0,3,280,4,287,0,11,320,4,335,222,0,222,557
01/31/2001,SMO,CA,AWP,WE,Towers with Display (VFR),0,10,48,0,58,0,15,267,6,288,0,25,315,6,346,202,0,202,548
02/01/2001,SMO,CA,AWP,WE,Towers with Display (VFR),0,11,46,0,57,0,7,285,14,306,0,18,331,14,363,168,0,168,531
02/02/2001,SMO,CA,AWP,WE,Towers with Display (VFR),0,11,44,0,55,0,6,271,4,281,0,17,315,4,336,210,0,210,546
02/03/2001,SMO,CA,AWP,WE,Towers with Display (VFR),0,9,39,0,48,0,13,335,0,348,0,22,374,0,396,192,0,192,588
02/04/2001,SMO,CA,AWP,WE,Towers with Display (VFR),0,15,63,0,78,0,17,337,0,354,0,32,400,0,432,136,0,136,568
02/05/2001,SMO,CA,AWP,WE,Towers with Display (VFR),0,8,32,0,40,0,6,277,2,285,0,14,309,2,325,162,0,162,487
02/06/2001,SMO,CA,AWP,WE,Towers with Display (VFR),0,12,52,0,64,0,2,218,6,226,0,14,270,6,290,102,0,102,392
02/07/2001,SMO,CA,AWP,WE,Towers with Display (VFR),0,9,36,0,45,0,7,198,8,213,0,16,234,8,258,118,0,118,376
02/08/2001,SMO,CA,AWP,WE,Towers with Display (VFR),0,15,60,0,75,0,5,211,2,218,0,20,271,2,293,148,0,148,441
02/09/2001,SMO,CA,AWP,WE,Towers with Display (VFR),0,17,72,0,89,0,10,215,0,225,0,27,287,0,314,224,0,224,538
02/10/2001,SMO,CA,AWP,WE,Towers with Display (VFR),0,4,31,0,35,0,0,107,0,107,0,4,138,0,142,168,0,168,310
02/11/2001,SMO,CA,AWP,WE,Towers with Display (VFR),0,9,37,0,46,0,14,134,2,150,0,23,171,2,196,142,0,142,338
02/12/2001,SMO,CA,AWP,WE,Towers with Display (VFR),0,6,51,0,57,0,0,90,0,90,0,6,141,0,147,46,0,46,193
02/13/2001,SMO,CA,AWP,WE,Towers with Display (VFR),0,8,42,0,50,0,0,133,0,133,0,8,175,0,183,66,0,66,249
02/14/2001,SMO,CA,AWP,WE,Towers with Display (VFR),0,10,43,0,53,0,25,223,12,260,0,35,266,12,313,166,0,166,479
02/15/2001,SMO,CA,AWP,WE,Towers with Display (VFR),0,19,81,0,100,0,25,250,6,281,0,44,331,6,381,254,0,254,635
02/16/2001,SMO,CA,AWP,WE,Towers with Display (VFR),0,18,80,0,98,0,23,313,2,338,0,41,393,2,436,168,0,168,604
02/17/2001,SMO,CA,AWP,WE,Towers with Display (VFR),0,10,47,0,57,0,9,241,0,250,0,19,288,0,307,226,0,226,533
02/18/2001,SMO,CA,AWP,WE,Towers with Display (VFR),0,10,44,0,54,0,6,116,0,122,0,16,160,0,176,236,0,236,412
02/19/2001,SMO,CA,AWP,WE,Towers with Display (VFR),0,11,53,0,64,0,3,69,0,72,0,14,122,0,136,28,0,28,164
02/20/2001,SMO,CA,AWP,WE,Towers with Display (VFR),0,22,99,0,121,0,6,315,4,325,0,28,414,4,446,138,0,138,584
02/21/2001,SMO,CA,AWP,WE,Towers with Display (VFR),0,17,78,0,95,0,12,285,0,297,0,29,363,0,392,230,0,230,622
02/22/2001,SMO,CA,AWP,WE,Towers with Display (VFR),0,20,88,0,108,0,16,176,2,194,0,36,264,2,302,134,0,134,436
02/23/2001,SMO,CA,AWP,WE,Towers with Display (VFR),0,8,57,0,65,0,0,162,6,168,0,8,219,6,233,162,0,162,395
02/24/2001,SMO,CA,AWP,WE,Towers with Display (VFR),0,10,50,0,60,0,0,109,0,109,0,10,159,0,169,138,0,138,307
02/25/2001,SMO,CA,AWP,WE,Towers with Display (VFR),0,3,34,0,37,0,0,16,0,16,0,3,50,0,53,26,0,26,79
02/26/2001,SMO,CA,AWP,WE,Towers with Display (VFR),0,7,33,0,40,0,3,127,6,136,0,10,160,6,176,148,0,148,324
02/27/2001,SMO,CA,AWP,WE,Towers with Display (VFR),0,10,44,0,54,0,10,103,8,121,0,20,147,8,175,132,0,132,307
02/28/2001,SMO,CA,AWP,WE,Towers with Display (VFR),0,16,70,0,86,0,0,89,6,95,0,16,159,6,181,112,0,112,293
03/01/2001,SMO,CA,AWP,WE,Towers with Display (VFR),0,14,58,0,72,0,12,281,10,303,0,26,339,10,375,182,0,182,557
03/02/2001,SMO,CA,AWP,WE,Towers with Display (VFR),0,21,84,0,105,0,2,229,6,237,0,23,313,6,342,236,0,236,578
03/03/2001,SMO,CA,AWP,WE,Towers with Display (VFR),0,16,63,0,79,0,8,208,0,216,0,24,271,0,295,242,0,242,537
03/04/2001,SMO,CA,AWP,WE,Towers with Display (VFR),0,9,34,0,43,0,1,111,0,112,0,10,145,0,155,110,0,110,265
03/05/2001,SMO,CA,AWP,WE,Towers with Display (VFR),0,4,26,0,30,0,0,76,2,78,0,4,102,2,108,84,0,84,192
03/06/2001,SMO,CA,AWP,WE,Towers with Display (VFR),0,10,39,0,49,0,1,164,8,173,0,11,203,8,222,108,0,108,330
03/07/2001,SMO,CA,AWP,WE,Towers with Display (VFR),0,10,64,0,74,0,0,241,6,247,0,10,305,6,321,94,0,94,415
03/08/2001,SMO,CA,AWP,WE,Towers with Display (VFR),0,10,63,0,73,0,0,254,2,256,0,10,317,2,329,168,0,168,497
03/09/2001,SMO,CA,AWP,WE,Towers with Display (VFR),0,19,80,0,99,0,17,163,4,184,0,36,243,4,283,144,0,144,427
03/10/2001,SMO,CA,AWP,WE,Towers with Display (VFR),0,12,47,0,59,0,6,274,6,286,0,18,321,6,345,266,0,266,611
03/11/2001,SMO,CA,AWP,WE,Towers with Display (VFR),0,19,76,0,95,0,4,182,0,186,0,23,258,0,281,272,0,272,553
03/12/2001,SMO,CA,AWP,WE,Towers with Display (VFR),0,12,47,0,59,0,9,288,10,307,0,21,335,10,366,170,0,170,536
03/13/2001,SMO,CA,AWP,WE,Towers with Display (VFR),0,13,51,0,64,0,0,310,2,312,0,13,361,2,376,172,0,172,548
03/14/2001,SMO,CA,AWP,WE,Towers with Display (VFR),0,18,79,1,98,0,10,215,3,228,0,28,294,4,326,226,0,226,552
03/15/2001,SMO,CA,AWP,WE,Towers with Display (VFR),0,22,96,0,118,0,9,196,2,207,0,31,292,2,325,198,0,198,523
03/16/2001,SMO,CA,AWP,WE,Towers with Display (VFR),0,20,87,0,107,0,0,226,4,230,0,20,313,4,337,208,0,208,545
03/17/2001,SMO,CA,AWP,WE,Towers with Display (VFR),0,10,44,0,54,0,6,443,16,465,0,16,487,16,519,240,0,240,759
03/18/2001,SMO,CA,AWP,WE,Towers with Display (VFR),0,12,53,0,65,0,13,331,2,346,0,25,384,2,411,184,0,184,595
03/19/2001,SMO,CA,AWP,WE,Towers with Display (VFR),0,13,59,0,72,0,0,323,6,329,0,13,382,6,401,216,0,216,617
03/20/2001,SMO,CA,AWP,WE,Towers with Display (VFR),0,14,61,0,75,0,1,108,0,109,0,15,169,0,184,64,0,64,248
03/21/2001,SMO,CA,AWP,WE,Towers with Display (VFR),0,15,99,0,114,0,0,11,0,11,0,15,110,0,125,0,0,0,125
03/22/2001,SMO,CA,AWP,WE,Towers with Display (VFR),0,17,75,0,92,0,3,217,14,234,0,20,292,14,326,202,0,202,528
03/23/2001,SMO,CA,AWP,WE,Towers with Display (VFR),0,20,87,0,107,0,10,184,0,194,0,30,271,0,301,256,0,256,557
03/24/2001,SMO,CA,AWP,WE,Towers with Display (VFR),0,18,107,0,125,0,0,55,0,55,0,18,162,0,180,32,0,32,212
03/25/2001,SMO,CA,AWP,WE,Towers with Display (VFR),0,19,83,0,102,0,6,209,0,215,0,25,292,0,317,226,0,226,543
03/26/2001,SMO,CA,AWP,WE,Towers with Display (VFR),0,16,70,0,86,0,30,210,0,240,0,46,280,0,326,142,0,142,468
03/27/2001,SMO,CA,AWP,WE,Towers with Display (VFR),0,11,47,0,58,0,17,274,4,295,0,28,321,4,353,202,0,202,555
03/28/2001,SMO,CA,AWP,WE,Towers with Display (VFR),0,26,114,0,140,0,7,127,10,144,0,33,241,10,284,14,0,14,298
03/29/2001,SMO,CA,AWP,WE,Towers with Display (VFR),0,26,113,0,139,0,3,86,22,111,0,29,199,22,250,6,0,6,256
03/30/2001,SMO,CA,AWP,WE,Towers with Display (VFR),0,23,97,0,120,0,15,150,10,175,0,38,247,10,295,132,0,132,427
03/31/2001,SMO,CA,AWP,WE,Towers with Display (VFR),0,15,70,0,85,0,0,54,6,60,0,15,124,6,145,8,0,8,153
04/01/2001,SMO,CA,AWP,WE,Towers with Display (VFR),0,31,123,0,154,0,2,38,2,42,0,33,161,2,196,12,0,12,208
04/02/2001,SMO,CA,AWP,WE,Towers with Display (VFR),0,17,70,0,87,0,22,241,6,269,0,39,311,6,356,250,0,250,606
04/03/2001,SMO,CA,AWP,WE,Towers with Display (VFR),0,18,61,0,79,0,3,224,8,235,0,21,285,8,314,300,0,300,614
04/04/2001,SMO,CA,AWP,WE,Towers with Display (VFR),0,21,82,0,103,0,14,243,6,263,0,35,325,6,366,236,0,236,602
04/05/2001,SMO,CA,AWP,WE,Towers with Display (VFR),0,9,60,0,69,0,11,236,14,261,0,20,296,14,330,270,0,270,600
04/06/2001,SMO,CA,AWP,WE,Towers with Display (VFR),0,19,74,0,93,0,0,221,24,245,0,19,295,24,338,264,0,264,602
04/07/2001,SMO,CA,AWP,WE,Towers with Display (VFR),0,11,45,0,56,0,5,86,0,91,0,16,131,0,147,86,0,86,233
04/08/2001,SMO,CA,AWP,WE,Towers with Display (VFR),0,25,36,0,61,0,15,321,0,336,0,40,357,0,397,192,0,192,589
04/09/2001,SMO,CA,AWP,WE,Towers with Display (VFR),0,8,55,0,63,0,7,154,2,163,0,15,209,2,226,134,0,134,360
04/10/2001,SMO,CA,AWP,WE,Towers with Display (VFR),0,17,47,0,64,0,8,309,4,321,0,25,356,4,385,226,0,226,611
04/11/2001,SMO,CA,AWP,WE,Towers with Display (VFR),0,15,76,0,91,0,8,234,8,250,0,23,310,8,341,264,0,264,605
04/12/2001,SMO,CA,AWP,WE,Towers with Display (VFR),0,4,72,0,76,0,1,273,2,276,0,5,345,2,352,185,0,185,537
04/13/2001,SMO,CA,AWP,WE,Towers with Display (VFR),0,15,66,0,81,0,17,253,4,274,0,32,319,4,355,182,0,182,537
04/14/2001,SMO,CA,AWP,WE,Towers with Display (VFR),0,10,48,0,58,0,5,308,2,315,0,15,356,2,373,200,0,200,573
04/15/2001,SMO,CA,AWP,WE,Towers with Display (VFR),0,12,44,0,56,0,12,223,0,235,0,24,267,0,291,142,0,142,433
04/16/2001,SMO,CA,AWP,WE,Towers with Display (VFR),0,10,59,0,69,0,4,228,0,232,0,14,287,0,301,140,0,140,441
04/17/2001,SMO,CA,AWP,WE,Towers with Display (VFR),0,14,46,0,60,0,4,326,12,342,0,18,372,12,402,200,0,200,602
04/18/2001,SMO,CA,AWP,WE,Towers with Display (VFR),0,10,56,0,66,0,1,207,2,210,0,11,263,2,276,200,0,200,476
04/19/2001,SMO,CA,AWP,WE,Towers with Display (VFR),0,14,86,0,100,0,13,169,4,186,0,27,255,4,286,112,0,112,398
04/20/2001,SMO,CA,AWP,WE,Towers with Display (VFR),0,17,72,0,89,0,14,185,0,199,0,31,257,0,288,168,0,168,456
04/21/2001,SMO,CA,AWP,WE,Towers with Display (VFR),0,9,32,0,41,0,20,184,0,204,0,29,216,0,245,212,0,212,457
04/22/2001,SMO,CA,AWP,WE,Towers with Display (VFR),0,22,63,0,85,0,23,287,1,311,0,45,350,1,396,152,0,152,548
04/23/2001,SMO,CA,AWP,WE,Towers with Display (VFR),0,10,45,0,55,0,12,259,10,281,0,22,304,10,336,204,0,204,540
04/24/2001,SMO,CA,AWP,WE,Towers with Display (VFR),0,7,45,0,52,0,18,341,0,359,0,25,386,0,411,152,0,152,563
04/25/2001,SMO,CA,AWP,WE,Towers with Display (VFR),0,14,45,0,59,0,5,192,0,197,0,19,237,0,256,134,0,134,390
04/26/2001,SMO,CA,AWP,WE,Towers with Display (VFR),0,19,105,0,124,0,10,62,6,78,0,29,167,6,202,0,0,0,202
04/27/2001,SMO,CA,AWP,WE,Towers with Display (VFR),0,22,114,0,136,0,6,97,2,105,0,28,211,2,241,24,0,24,265
04/28/2001,SMO,CA,AWP,WE,Towers with Display (VFR),0,13,86,0,99,0,8,44,6,58,0,21,130,6,157,8,0,8,165
04/29/2001,SMO,CA,AWP,WE,Towers with Display (VFR),0,17,64,0,81,0,23,242,0,265,0,40,306,0,346,172,0,172,518
04/30/2001,SMO,CA,AWP,WE,Towers with Display (VFR),0,11,82,0,93,0,4,146,0,150,0,15,228,0,243,50,0,50,293
05/01/2001,SMO,CA,AWP,WE,Towers with Display (VFR),0,18,88,0,106,0,3,11,4,18,0,21,99,4,124,2,0,2,126
05/02/2001,SMO,CA,AWP,WE,Towers with Display (VFR),0,9,82,0,91,0,11,169,4,184,0,20,251,4,275,242,0,242,517
05/03/2001,SMO,CA,AWP,WE,Towers with Display (VFR),0,23,64,0,87,0,6,279,0,285,0,29,343,0,372,268,0,268,640
05/04/2001,SMO,CA,AWP,WE,Towers with Display (VFR),0,27,51,0,78,0,8,318,4,330,0,35,369,4,408,276,0,276,684
05/05/2001,SMO,CA,AWP,WE,Towers with Display (VFR),0,14,37,0,51,0,10,330,0,340,0,24,367,0,391,250,0,250,641
05/06/2001,SMO,CA,AWP,WE,Towers with Display (VFR),0,14,54,0,68,0,11,243,8,262,0,25,297,8,330,168,0,168,498
05/07/2001,SMO,CA,AWP,WE,Towers with Display (VFR),0,9,54,0,63,0,29,287,0,316,0,38,341,0,379,176,0,176,555
05/08/2001,SMO,CA,AWP,WE,Towers with Display (VFR),0,17,63,0,80,0,10,210,2,222,0,27,273,2,302,160,0,160,462
05/09/2001,SMO,CA,AWP,WE,Towers with Display (VFR),0,10,64,0,74,0,0,156,0,156,0,10,220,0,230,66,0,66,296
05/10/2001,SMO,CA,AWP,WE,Towers with Display (VFR),0,11,81,1,93,0,4,121,3,128,0,15,202,4,221,118,0,118,339
05/11/2001,SMO,CA,AWP,WE,Towers with Display (VFR),0,20,128,0,148,0,12,62,0,74,0,32,190,0,222,28,0,28,250
05/12/2001,SMO,CA,AWP,WE,Towers with Display (VFR),0,14,65,0,79,0,25,60,0,85,0,39,125,0,164,72,0,72,236
05/13/2001,SMO,CA,AWP,WE,Towers with Display (VFR),0,21,90,0,111,0,15,169,6,190,0,36,259,6,301,188,0,188,489
05/14/2001,SMO,CA,AWP,WE,Towers with Display (VFR),0,8,104,0,112,0,0,129,0,129,0,8,233,0,241,34,0,34,275
05/15/2001,SMO,CA,AWP,WE,Towers with Display (VFR),0,15,96,0,111,0,3,127,0,130,0,18,223,0,241,60,0,60,301
05/16/2001,SMO,CA,AWP,WE,Towers with Display (VFR),0,12,108,0,120,0,1,76,6,83,0,13,184,6,203,90,0,90,293
05/17/2001,SMO,CA,AWP,WE,Towers with Display (VFR),0,21,81,0,102,0,4,191,2,197,0,25,272,2,299,258,0,258,557
05/18/2001,SMO,CA,AWP,WE,Towers with Display (VFR),0,35,137,0,172,0,16,133,6,155,0,51,270,6,327,110,0,110,437
05/19/2001,SMO,CA,AWP,WE,Towers with Display (VFR),0,14,89,0,103,0,22,157,6,185,0,36,246,6,288,290,0,290,578
05/20/2001,SMO,CA,AWP,WE,Towers with Display (VFR),0,14,92,0,106,0,8,19,0,27,0,22,111,0,133,18,0,18,151
05/21/2001,SMO,CA,AWP,WE,Towers with Display (VFR),0,5,116,1,122,0,0,8,2,10,0,5,124,3,132,0,0,0,132
05/22/2001,SMO,CA,AWP,WE,Towers with Display (VFR),0,19,125,0,144,0,0,51,1,52,0,19,176,1,196,34,0,34,230
05/23/2001,SMO,CA,AWP,WE,Towers with Display (VFR),0,10,92,0,102,0,0,78,2,80,0,10,170,2,182,44,0,44,226
05/24/2001,SMO,CA,AWP,WE,Towers with Display (VFR),0,23,110,0,133,0,2,133,0,135,0,25,243,0,268,92,0,92,360
05/25/2001,SMO,CA,AWP,WE,Towers with Display (VFR),0,11,134,0,145,0,4,107,2,113,0,15,241,2,258,8,0,8,266
05/26/2001,SMO,CA,AWP,WE,Towers with Display (VFR),0,11,109,0,120,0,9,66,0,75,0,20,175,0,195,38,9,47,242
05/27/2001,SMO,CA,AWP,WE,Towers with Display (VFR),0,9,75,0,84,0,0,80,18,98,0,9,155,18,182,84,0,84,266
05/28/2001,SMO,CA,AWP,WE,Towers with Display (VFR),0,13,81,0,94,0,9,260,5,274,0,22,341,5,368,148,0,148,516
05/29/2001,SMO,CA,AWP,WE,Towers with Display (VFR),0,13,37,8,58,0,14,263,12,289,0,27,300,20,347,202,100,302,649
05/30/2001,SMO,CA,AWP,WE,Towers with Display (VFR),0,6,97,0,103,0,1,83,2,86,0,7,180,2,189,72,0,72,261
05/31/2001,SMO,CA,AWP,WE,Towers with Display (VFR),0,10,145,0,155,0,3,22,0,25,0,13,167,0,180,70,0,70,250
06/01/2001,SMO,CA,AWP,WE,Towers with Display (VFR),0,15,83,0,98,0,4,57,0,61,0,19,140,0,159,28,0,28,187
06/02/2001,SMO,CA,AWP,WE,Towers with Display (VFR),0,6,110,0,116,0,0,56,0,56,0,6,166,0,172,14,0,14,186
06/03/2001,SMO,CA,AWP,WE,Towers with Display (VFR),0,7,86,0,93,0,2,276,0,278,0,9,362,0,371,238,0,238,609
06/04/2001,SMO,CA,AWP,WE,Towers with Display (VFR),0,17,54,0,71,0,24,255,4,283,0,41,309,4,354,230,0,230,584
06/05/2001,SMO,CA,AWP,WE,Towers with Display (VFR),0,6,23,0,29,0,12,270,14,296,0,18,293,14,325,286,0,286,611
06/06/2001,SMO,CA,AWP,WE,Towers with Display (VFR),0,26,90,0,116,0,11,208,4,223,0,37,298,4,339,220,0,220,559
06/07/2001,SMO,CA,AWP,WE,Towers with Display (VFR),0,11,114,4,129,0,0,71,4,75,0,11,185,8,204,8,0,8,212
06/08/2001,SMO,CA,AWP,WE,Towers with Display (VFR),0,8,126,0,134,0,0,39,8,47,0,8,165,8,181,8,0,8,189
06/09/2001,SMO,CA,AWP,WE,Towers with Display (VFR),0,13,100,0,113,0,2,104,0,106,0,15,204,0,219,18,0,18,237
06/10/2001,SMO,CA,AWP,WE,Towers with Display (VFR),0,20,58,0,78,0,7,212,0,219,0,27,270,0,297,174,0,174,471
06/11/2001,SMO,CA,AWP,WE,Towers with Display (VFR),0,10,45,0,55,0,4,216,2,222,0,14,261,2,277,220,0,220,497
06/12/2001,SMO,CA,AWP,WE,Towers with Display (VFR),0,17,80,0,97,0,5,169,0,174,0,22,249,0,271,180,0,180,451
06/13/2001,SMO,CA,AWP,WE,Towers with Display (VFR),0,15,69,0,84,0,9,165,4,178,0,24,234,4,262,176,0,176,438
06/14/2001,SMO,CA,AWP,WE,Towers with Display (VFR),0,21,49,0,70,0,17,217,0,234,0,38,266,0,304,284,0,284,588
06/15/2001,SMO,CA,AWP,WE,Towers with Display (VFR),0,19,59,0,78,0,7,295,0,302,0,26,354,0,380,234,0,234,614
06/16/2001,SMO,CA,AWP,WE,Towers with Display (VFR),0,7,46,0,53,0,14,326,0,340,0,21,372,0,393,238,0,238,631
06/17/2001,SMO,CA,AWP,WE,Towers with Display (VFR),0,15,56,0,71,0,10,274,0,284,0,25,330,0,355,196,0,196,551
06/18/2001,SMO,CA,AWP,WE,Towers with Display (VFR),0,10,38,0,48,0,16,210,0,226,0,26,248,0,274,244,0,244,518
06/19/2001,SMO,CA,AWP,WE,Towers with Display (VFR),0,9,45,0,54,0,20,262,0,282,0,29,307,0,336,210,0,210,546
06/20/2001,SMO,CA,AWP,WE,Towers with Display (VFR),0,7,76,0,83,0,0,233,0,233,0,7,309,0,316,166,0,166,482
06/21/2001,SMO,CA,AWP,WE,Towers with Display (VFR),0,16,51,0,67,0,9,263,0,272,0,25,314,0,339,296,0,296,635
06/22/2001,SMO,CA,AWP,WE,Towers with Display (VFR),0,10,49,1,60,0,5,298,4,307,0,15,347,5,367,258,0,258,625
06/23/2001,SMO,CA,AWP,WE,Towers with Display (VFR),0,9,38,0,47,0,18,250,4,272,0,27,288,4,319,212,0,212,531
06/24/2001,SMO,CA,AWP,WE,Towers with Display (VFR),0,19,52,1,72,0,10,259,4,273,0,29,311,5,345,156,0,156,501
06/25/2001,SMO,CA,AWP,WE,Towers with Display (VFR),0,14,52,0,66,0,8,293,0,301,0,22,345,0,367,231,117,348,715
06/26/2001,SMO,CA,AWP,WE,Towers with Display (VFR),0,10,48,0,58,0,16,267,2,285,0,26,315,2,343,260,88,348,691
06/27/2001,SMO,CA,AWP,WE,Towers with Display (VFR),0,22,48,0,70,0,1,255,0,256,0,23,303,0,326,254,123,377,703
06/28/2001,SMO,CA,AWP,WE,Towers with Display (VFR),0,13,32,0,45,0,8,232,16,256,0,21,264,16,301,250,157,407,708
06/29/2001,SMO,CA,AWP,WE,Towers with Display (VFR),0,19,51,0,70,0,8,237,0,245,0,27,288,0,315,164,158,322,637
06/30/2001,SMO,CA,AWP,WE,Towers with Display (VFR),0,13,49,0,62,0,2,212,0,214,0,15,261,0,276,142,131,273,549
07/01/2001,SMO,CA,AWP,WE,Towers with Display (VFR),0,14,33,0,47,0,8,223,0,231,0,22,256,0,278,172,0,172,450
07/02/2001,SMO,CA,AWP,WE,Towers with Display (VFR),0,9,37,0,46,0,2,182,2,186,0,11,219,2,232,136,0,136,368
07/03/2001,SMO,CA,AWP,WE,Towers with Display (VFR),0,23,34,0,57,0,6,253,42,301,0,29,287,42,358,194,0,194,552
07/04/2001,SMO,CA,AWP,WE,Towers with Display (VFR),0,5,20,0,25,0,13,189,0,202,0,18,209,0,227,202,0,202,429
07/05/2001,SMO,CA,AWP,WE,Towers with Display (VFR),0,19,33,1,53,0,9,168,5,182,0,28,201,6,235,198,0,198,433
07/06/2001,SMO,CA,AWP,WE,Towers with Display (VFR),0,19,57,0,76,0,4,173,2,179,0,23,230,2,255,148,0,148,403
07/07/2001,SMO,CA,AWP,WE,Towers with Display (VFR),0,19,38,0,57,0,11,294,0,305,0,30,332,0,362,192,0,192,554
07/08/2001,SMO,CA,AWP,WE,Towers with Display (VFR),0,18,56,0,74,0,13,246,0,259,0,31,302,0,333,162,0,162,495
07/09/2001,SMO,CA,AWP,WE,Towers with Display (VFR),0,14,46,2,62,0,11,178,10,199,0,25,224,12,261,144,0,144,405
07/10/2001,SMO,CA,AWP,WE,Towers with Display (VFR),0,15,51,0,66,0,4,241,4,249,0,19,292,4,315,74,0,74,389
07/11/2001,SMO,CA,AWP,WE,Towers with Display (VFR),0,13,46,0,59,0,0,191,8,199,0,13,237,8,258,166,0,166,424
07/12/2001,SMO,CA,AWP,WE,Towers with Display (VFR),0,21,63,0,84,0,7,219,2,228,0,28,282,2,312,182,0,182,494
07/13/2001,SMO,CA,AWP,WE,Towers with Display (VFR),0,29,60,0,89,0,15,275,4,294,0,44,335,4,383,222,0,222,605
07/14/2001,SMO,CA,AWP,WE,Towers with Display (VFR),0,22,87,4,113,0,7,121,4,132,0,29,208,8,245,128,0,128,373
07/15/2001,SMO,CA,AWP,WE,Towers with Display (VFR),0,28,63,0,91,0,4,251,4,259,0,32,314,4,350,176,0,176,526
07/16/2001,SMO,CA,AWP,WE,Towers with Display (VFR),0,19,65,0,84,0,14,177,0,191,0,33,242,0,275,193,0,193,468
07/17/2001,SMO,CA,AWP,WE,Towers with Display (VFR),0,23,47,0,70,0,5,249,8,262,0,28,296,8,332,234,0,234,566
07/18/2001,SMO,CA,AWP,WE,Towers with Display (VFR),0,12,36,0,48,0,7,239,16,262,0,19,275,16,310,208,0,208,518
07/19/2001,SMO,CA,AWP,WE,Towers with Display (VFR),0,22,48,0,70,0,10,217,6,233,0,32,265,6,303,176,0,176,479
07/20/2001,SMO,CA,AWP,WE,Towers with Display (VFR),0,27,83,0,110,0,20,242,14,276,0,47,325,14,386,228,0,228,614
07/21/2001,SMO,CA,AWP,WE,Towers with Display (VFR),0,18,59,0,77,0,9,229,6,244,0,27,288,6,321,200,0,200,521
07/22/2001,SMO,CA,AWP,WE,Towers with Display (VFR),0,22,70,0,92,0,36,214,2,252,0,58,284,2,344,128,0,128,472
07/23/2001,SMO,CA,AWP,WE,Towers with Display (VFR),0,11,66,0,77,0,12,211,4,227,0,23,277,4,304,104,0,104,408
07/24/2001,SMO,CA,AWP,WE,Towers with Display (VFR),0,20,76,0,96,0,6,187,0,193,0,26,263,0,289,112,0,112,401
07/25/2001,SMO,CA,AWP,WE,Towers with Display (VFR),0,15,92,0,107,0,0,167,0,167,0,15,259,0,274,136,117,253,527
07/26/2001,SMO,CA,AWP,WE,Towers with Display (VFR),0,21,65,0,86,0,7,139,0,146,0,28,204,0,232,76,88,164,396
07/27/2001,SMO,CA,AWP,WE,Towers with Display (VFR),0,28,88,0,116,0,17,182,2,201,0,45,270,2,317,226,123,349,666
07/28/2001,SMO,CA,AWP,WE,Towers with Display (VFR),0,5,62,0,67,0,7,149,0,156,0,12,211,0,223,54,157,211,434
07/29/2001,SMO,CA,AWP,WE,Towers with Display (VFR),0,16,63,0,79,0,6,216,0,222,0,22,279,0,301,101,158,259,560
07/30/2001,SMO,CA,AWP,WE,Towers with Display (VFR),0,11,63,0,74,0,14,158,2,174,0,25,221,2,248,104,131,235,483
07/31/2001,SMO,CA,AWP,WE,Towers with Display (VFR),0,29,65,0,94,0,6,204,0,210,0,35,269,0,304,218,0,218,522
08/01/2001,SMO,CA,AWP,WE,Towers with Display (VFR),0,24,84,0,108,0,8,193,2,203,0,32,277,2,311,234,0,234,545
08/02/2001,SMO,CA,AWP,WE,Towers with Display (VFR),0,15,120,0,135,0,1,101,4,106,0,16,221,4,241,28,0,28,269
08/03/2001,SMO,CA,AWP,WE,Towers with Display (VFR),0,27,117,0,144,0,4,81,0,85,0,31,198,0,229,8,0,8,237
08/04/2001,SMO,CA,AWP,WE,Towers with Display (VFR),0,17,69,0,86,0,3,180,0,183,0,20,249,0,269,82,0,82,351
08/05/2001,SMO,CA,AWP,WE,Towers with Display (VFR),0,23,45,0,68,0,6,298,2,306,0,29,343,2,374,152,0,152,526
08/06/2001,SMO,CA,AWP,WE,Towers with Display (VFR),0,15,61,0,76,0,9,255,2,266,0,24,316,2,342,130,0,130,472
08/07/2001,SMO,CA,AWP,WE,Towers with Display (VFR),0,27,52,0,79,0,3,258,12,273,0,30,310,12,352,214,0,214,566
08/08/2001,SMO,CA,AWP,WE,Towers with Display (VFR),0,18,141,0,159,0,0,39,6,45,0,18,180,6,204,6,0,6,210
08/09/2001,SMO,CA,AWP,WE,Towers with Display (VFR),0,24,130,0,154,0,0,60,2,62,0,24,190,2,216,26,0,26,242
08/10/2001,SMO,CA,AWP,WE,Towers with Display (VFR),0,21,64,0,85,0,11,226,0,237,0,32,290,0,322,164,0,164,486
08/11/2001,SMO,CA,AWP,WE,Towers with Display (VFR),0,16,47,0,63,0,20,283,0,303,0,36,330,0,366,130,0,130,496
08/12/2001,SMO,CA,AWP,WE,Towers with Display (VFR),0,20,62,0,82,0,4,273,4,281,0,24,335,4,363,224,0,224,587
08/13/2001,SMO,CA,AWP,WE,Towers with Display (VFR),0,15,51,0,66,0,10,261,18,289,0,25,312,18,355,226,0,226,581
08/14/2001,SMO,CA,AWP,WE,Towers with Display (VFR),0,28,60,0,88,0,14,282,10,306,0,42,342,10,394,186,0,186,580
08/15/2001,SMO,CA,AWP,WE,Towers with Display (VFR),0,16,65,0,81,0,12,173,4,189,0,28,238,4,270,148,0,148,418
08/16/2001,SMO,CA,AWP,WE,Towers with Display (VFR),0,22,79,0,101,0,7,152,2,161,0,29,231,2,262,168,0,168,430
08/17/2001,SMO,CA,AWP,WE,Towers with Display (VFR),0,27,65,0,92,0,65,297,4,366,0,92,362,4,458,282,0,282,740
08/18/2001,SMO,CA,AWP,WE,Towers with Display (VFR),0,9,34,0,43,0,18,267,4,289,0,27,301,4,332,182,0,182,514
08/19/2001,SMO,CA,AWP,WE,Towers with Display (VFR),0,26,53,0,79,0,3,264,12,279,0,29,317,12,358,116,0,116,474
08/20/2001,SMO,CA,AWP,WE,Towers with Display (VFR),0,13,51,0,64,0,3,266,0,269,0,16,317,0,333,124,0,124,457
08/21/2001,SMO,CA,AWP,WE,Towers with Display (VFR),0,22,57,0,79,0,10,203,10,223,0,32,260,10,302,122,0,122,424
08/22/2001,SMO,CA,AWP,WE,Towers with Display (VFR),0,21,58,0,79,0,0,231,4,235,0,21,289,4,314,272,0,272,586
08/23/2001,SMO,CA,AWP,WE,Towers with Display (VFR),0,23,78,0,101,0,2,152,6,160,0,25,230,6,261,162,0,162,423
08/24/2001,SMO,CA,AWP,WE,Towers with Display (VFR),0,16,60,0,76,0,35,232,0,267,0,51,292,0,343,208,0,208,551
08/25/2001,SMO,CA,AWP,WE,Towers with Display (VFR),0,14,85,0,99,0,5,159,0,164,0,19,244,0,263,70,0,70,333
08/26/2001,SMO,CA,AWP,WE,Towers with Display (VFR),0,17,110,0,127,0,10,41,0,51,0,27,151,0,178,36,0,36,214
08/27/2001,SMO,CA,AWP,WE,Towers with Display (VFR),0,7,113,0,120,0,6,24,0,30,0,13,137,0,150,12,0,12,162
08/28/2001,SMO,CA,AWP,WE,Towers with Display (VFR),0,11,56,0,67,0,11,162,0,173,0,22,218,0,240,122,0,122,362
08/29/2001,SMO,CA,AWP,WE,Towers with Display (VFR),0,11,66,0,77,0,16,151,0,167,0,27,217,0,244,198,0,198,442
08/30/2001,SMO,CA,AWP,WE,Towers with Display (VFR),0,11,75,0,86,0,16,169,2,187,0,27,244,2,273,218,0,218,491
08/31/2001,SMO,CA,AWP,WE,Towers with Display (VFR),0,15,55,0,70,0,15,216,6,237,0,30,271,6,307,230,0,230,537
09/01/2001,SMO,CA,AWP,WE,Towers with Display (VFR),0,10,45,0,55,0,8,187,0,195,0,18,232,0,250,98,0,98,348
09/02/2001,SMO,CA,AWP,WE,Towers with Display (VFR),0,12,57,0,69,0,14,186,0,200,0,26,243,0,269,136,0,136,405
09/03/2001,SMO,CA,AWP,WE,Towers with Display (VFR),0,21,115,1,137,0,0,1,1,2,0,21,116,2,139,84,0,84,223
09/04/2001,SMO,CA,AWP,WE,Towers with Display (VFR),0,23,103,0,126,0,0,121,0,121,0,23,224,0,247,68,0,68,315
09/05/2001,SMO,CA,AWP,WE,Towers with Display (VFR),0,15,86,0,101,0,3,123,0,126,0,18,209,0,227,10,0,10,237
09/06/2001,SMO,CA,AWP,WE,Towers with Display (VFR),0,22,131,0,153,0,9,50,0,59,0,31,181,0,212,10,0,10,222
09/07/2001,SMO,CA,AWP,WE,Towers with Display (VFR),0,29,96,0,125,0,1,118,6,125,0,30,214,6,250,130,0,130,380
09/08/2001,SMO,CA,AWP,WE,Towers with Display (VFR),0,9,56,0,65,0,26,211,2,239,0,35,267,2,304,204,0,204,508
09/09/2001,SMO,CA,AWP,WE,Towers with Display (VFR),0,19,99,0,118,0,15,63,4,82,0,34,162,4,200,12,0,12,212
09/10/2001,SMO,CA,AWP,WE,Towers with Display (VFR),0,14,73,0,87,0,15,228,6,249,0,29,301,6,336,60,0,60,396
09/11/2001,SMO,CA,AWP,WE,Towers with Display (VFR),0,1,0,0,1,0,0,6,0,6,0,1,6,0,7,0,0,0,7
09/12/2001,SMO,CA,AWP,WE,Towers with Display (VFR),0,2,8,0,10,0,0,0,0,0,0,2,8,0,10,0,0,0,10
09/13/2001,SMO,CA,AWP,WE,Towers with Display (VFR),0,0,0,0,0,0,6,4,2,12,0,6,4,2,12,0,0,0,12
09/14/2001,SMO,CA,AWP,WE,Towers with Display (VFR),0,25,20,0,45,0,6,5,9,20,0,31,25,9,65,0,0,0,65
09/15/2001,SMO,CA,AWP,WE,Towers with Display (VFR),0,24,65,0,89,0,2,1,0,3,0,26,66,0,92,0,0,0,92
09/16/2001,SMO,CA,AWP,WE,Towers with Display (VFR),0,23,73,0,96,0,0,2,2,4,0,23,75,2,100,0,0,0,100
09/17/2001,SMO,CA,AWP,WE,Towers with Display (VFR),0,19,88,0,107,0,4,4,3,11,0,23,92,3,118,0,0,0,118
09/18/2001,SMO,CA,AWP,WE,Towers with Display (VFR),0,26,84,0,110,0,4,6,9,19,0,30,90,9,129,0,0,0,129
09/19/2001,SMO,CA,AWP,WE,Towers with Display (VFR),0,23,103,0,126,0,7,4,13,24,0,30,107,13,150,0,0,0,150
09/20/2001,SMO,CA,AWP,WE,Towers with Display (VFR),0,27,96,0,123,0,14,0,5,19,0,41,96,5,142,0,0,0,142
09/21/2001,SMO,CA,AWP,WE,Towers with Display (VFR),0,28,124,0,152,0,9,1,10,20,0,37,125,10,172,32,0,32,204
09/22/2001,SMO,CA,AWP,WE,Towers with Display (VFR),0,24,98,0,122,0,1,55,0,56,0,25,153,0,178,38,0,38,216
09/23/2001,SMO,CA,AWP,WE,Towers with Display (VFR),0,24,122,0,146,0,0,21,0,21,0,24,143,0,167,0,0,0,167
09/24/2001,SMO,CA,AWP,WE,Towers with Display (VFR),0,11,95,2,108,0,12,86,0,98,0,23,181,2,206,106,0,106,312
09/25/2001,SMO,CA,AWP,WE,Towers with Display (VFR),0,26,103,0,129,0,11,177,0,188,0,37,280,0,317,148,0,148,465
09/26/2001,SMO,CA,AWP,WE,Towers with Display (VFR),0,20,100,0,120,0,9,85,0,94,0,29,185,0,214,206,0,206,420
09/27/2001,SMO,CA,AWP,WE,Towers with Display (VFR),0,21,96,0,117,0,9,49,2,60,0,30,145,2,177,148,0,148,325
09/28/2001,SMO,CA,AWP,WE,Towers with Display (VFR),0,28,127,0,155,0,18,142,3,163,0,46,269,3,318,208,0,208,526
09/29/2001,SMO,CA,AWP,WE,Towers with Display (VFR),0,13,87,0,100,0,2,88,0,90,0,15,175,0,190,190,0,190,380
09/30/2001,SMO,CA,AWP,WE,Towers with Display (VFR),0,24,115,0,139,0,19,111,0,130,0,43,226,0,269,94,0,94,363
10/01/2001,SMO,CA,AWP,WE,Towers with Display (VFR),0,25,90,0,115,0,9,100,0,109,0,34,190,0,224,0,0,0,224
10/02/2001,SMO,CA,AWP,WE,Towers with Display (VFR),0,20,78,0,98,0,5,93,10,108,0,25,171,10,206,0,0,0,206
10/03/2001,SMO,CA,AWP,WE,Towers with Display (VFR),0,34,140,2,176,0,15,71,1,87,0,49,211,3,263,106,0,106,369
10/04/2001,SMO,CA,AWP,WE,Towers with Display (VFR),0,33,109,1,143,0,18,51,9,78,0,51,160,10,221,88,0,88,309
10/05/2001,SMO,CA,AWP,WE,Towers with Display (VFR),0,29,149,0,178,0,28,70,10,108,0,57,219,10,286,109,0,109,395
10/06/2001,SMO,CA,AWP,WE,Towers with Display (VFR),0,16,79,0,95,0,11,116,10,137,0,27,195,10,232,204,0,204,436
10/07/2001,SMO,CA,AWP,WE,Towers with Display (VFR),0,29,102,0,131,0,5,122,1,128,0,34,224,1,259,103,0,103,362
10/08/2001,SMO,CA,AWP,WE,Towers with Display (VFR),0,17,114,0,131,0,12,67,2,81,0,29,181,2,212,114,0,114,326
10/09/2001,SMO,CA,AWP,WE,Towers with Display (VFR),0,20,95,0,115,0,50,122,12,184,0,70,217,12,299,149,0,149,448
10/10/2001,SMO,CA,AWP,WE,Towers with Display (VFR),0,25,107,0,132,0,22,118,10,150,0,47,225,10,282,169,0,169,451
10/11/2001,SMO,CA,AWP,WE,Towers with Display (VFR),0,19,135,0,154,0,33,27,0,60,0,52,162,0,214,101,0,101,315
10/12/2001,SMO,CA,AWP,WE,Towers with Display (VFR),0,29,123,0,152,0,44,120,8,172,0,73,243,8,324,164,0,164,488
10/13/2001,SMO,CA,AWP,WE,Towers with Display (VFR),0,24,104,0,128,0,16,70,7,93,0,40,174,7,221,120,0,120,341
10/14/2001,SMO,CA,AWP,WE,Towers with Display (VFR),0,34,110,0,144,0,9,63,1,73,0,43,173,1,217,98,0,98,315
10/15/2001,SMO,CA,AWP,WE,Towers with Display (VFR),0,24,90,0,114,0,65,108,2,175,0,89,198,2,289,74,0,74,363
10/16/2001,SMO,CA,AWP,WE,Towers with Display (VFR),0,25,95,0,120,0,29,89,0,118,0,54,184,0,238,70,0,70,308
10/17/2001,SMO,CA,AWP,WE,Towers with Display (VFR),0,19,93,0,112,0,25,68,2,95,0,44,161,2,207,104,0,104,311
10/18/2001,SMO,CA,AWP,WE,Towers with Display (VFR),0,35,111,0,146,0,25,110,6,141,0,60,221,6,287,137,0,137,424
10/19/2001,SMO,CA,AWP,WE,Towers with Display (VFR),0,31,126,0,157,0,34,82,2,118,0,65,208,2,275,50,0,50,325
10/20/2001,SMO,CA,AWP,WE,Towers with Display (VFR),0,14,101,0,115,0,16,55,0,71,0,30,156,0,186,58,0,58,244
10/21/2001,SMO,CA,AWP,WE,Towers with Display (VFR),0,21,121,0,142,0,12,43,0,55,0,33,164,0,197,20,0,20,217
10/22/2001,SMO,CA,AWP,WE,Towers with Display (VFR),0,15,87,0,102,0,10,93,0,103,0,25,180,0,205,108,0,108,313
10/23/2001,SMO,CA,AWP,WE,Towers with Display (VFR),0,28,105,0,133,0,13,15,2,30,0,41,120,2,163,10,0,10,173
10/24/2001,SMO,CA,AWP,WE,Towers with Display (VFR),0,34,86,1,121,0,2,90,0,92,0,36,176,1,213,72,0,72,285
10/25/2001,SMO,CA,AWP,WE,Towers with Display (VFR),0,35,112,0,147,0,19,34,0,53,0,54,146,0,200,42,0,42,242
10/26/2001,SMO,CA,AWP,WE,Towers with Display (VFR),0,22,78,0,100,0,18,113,4,135,0,40,191,4,235,126,0,126,361
10/27/2001,SMO,CA,AWP,WE,Towers with Display (VFR),0,10,74,0,84,0,10,175,0,185,0,20,249,0,269,162,0,162,431
10/28/2001,SMO,CA,AWP,WE,Towers with Display (VFR),0,30,89,0,119,0,14,169,6,189,0,44,258,6,308,184,0,184,492
10/29/2001,SMO,CA,AWP,WE,Towers with Display (VFR),0,21,79,0,100,0,22,168,2,192,0,43,247,2,292,135,0,135,427
10/30/2001,SMO,CA,AWP,WE,Towers with Display (VFR),0,15,74,0,89,0,2,90,14,106,0,17,164,14,195,114,0,114,309
10/31/2001,SMO,CA,AWP,WE,Towers with Display (VFR),0,19,86,0,105,0,4,145,8,157,0,23,231,8,262,106,0,106,368
11/01/2001,SMO,CA,AWP,WE,Towers with Display (VFR),0,30,81,0,111,0,6,157,0,163,0,36,238,0,274,88,0,88,362
11/02/2001,SMO,CA,AWP,WE,Towers with Display (VFR),0,25,122,0,147,0,11,119,10,140,0,36,241,10,287,78,0,78,365
11/03/2001,SMO,CA,AWP,WE,Towers with Display (VFR),0,19,57,0,76,0,21,96,0,117,0,40,153,0,193,56,0,56,249
11/04/2001,SMO,CA,AWP,WE,Towers with Display (VFR),0,0,0,0,0,0,42,260,0,302,0,42,260,0,302,102,0,102,404
11/05/2001,SMO,CA,AWP,WE,Towers with Display (VFR),0,16,89,0,105,0,1,8,0,9,0,17,97,0,114,10,0,10,124
11/06/2001,SMO,CA,AWP,WE,Towers with Display (VFR),0,17,83,0,100,0,2,7,2,11,0,19,90,2,111,20,0,20,131
11/07/2001,SMO,CA,AWP,WE,Towers with Display (VFR),0,30,87,0,117,0,12,116,2,130,0,42,203,2,247,57,0,57,304
11/08/2001,SMO,CA,AWP,WE,Towers with Display (VFR),0,0,0,0,0,0,30,239,16,285,0,30,239,16,285,88,0,88,373
11/09/2001,SMO,CA,AWP,WE,Towers with Display (VFR),0,26,136,0,162,0,14,85,0,99,0,40,221,0,261,101,0,101,362
11/10/2001,SMO,CA,AWP,WE,Towers with Display (VFR),0,10,105,0,115,0,14,94,2,110,0,24,199,2,225,88,0,88,313
11/11/2001,SMO,CA,AWP,WE,Towers with Display (VFR),0,26,83,0,109,0,0,61,0,61,0,26,144,0,170,52,0,52,222
11/12/2001,SMO,CA,AWP,WE,Towers with Display (VFR),0,25,77,0,102,0,0,66,0,66,0,25,143,0,168,6,0,6,174
11/13/2001,SMO,CA,AWP,WE,Towers with Display (VFR),0,24,37,0,61,0,10,197,6,213,0,34,234,6,274,75,0,75,349
11/14/2001,SMO,CA,AWP,WE,Towers with Display (VFR),0,22,43,0,65,0,4,137,11,152,0,26,180,11,217,75,0,75,292
11/15/2001,SMO,CA,AWP,WE,Towers with Display (VFR),0,38,83,0,121,0,16,199,8,223,0,54,282,8,344,206,0,206,550
11/16/2001,SMO,CA,AWP,WE,Towers with Display (VFR),0,44,85,0,129,0,16,212,3,231,0,60,297,3,360,156,0,156,516
11/17/2001,SMO,CA,AWP,WE,Towers with Display (VFR),0,22,75,0,97,0,24,176,0,200,0,46,251,0,297,122,0,122,419
11/18/2001,SMO,CA,AWP,WE,Towers with Display (VFR),0,23,56,0,79,0,6,178,5,189,0,29,234,5,268,120,0,120,388
11/19/2001,SMO,CA,AWP,WE,Towers with Display (VFR),0,29,50,0,79,0,9,170,3,182,0,38,220,3,261,126,0,126,387
11/20/2001,SMO,CA,AWP,WE,Towers with Display (VFR),0,34,50,2,86,0,4,240,5,249,0,38,290,7,335,202,0,202,537
11/21/2001,SMO,CA,AWP,WE,Towers with Display (VFR),0,30,83,0,113,0,14,219,0,233,0,44,302,0,346,116,0,116,462
11/22/2001,SMO,CA,AWP,WE,Towers with Display (VFR),0,17,39,0,56,0,0,84,8,92,0,17,123,8,148,46,0,46,194
11/23/2001,SMO,CA,AWP,WE,Towers with Display (VFR),0,14,41,0,55,0,17,255,0,272,0,31,296,0,327,190,0,190,517
11/24/2001,SMO,CA,AWP,WE,Towers with Display (VFR),0,13,37,0,50,0,1,12,0,13,0,14,49,0,63,12,0,12,75
11/25/2001,SMO,CA,AWP,WE,Towers with Display (VFR),0,24,76,0,100,0,18,206,0,224,0,42,282,0,324,138,0,138,462
11/26/2001,SMO,CA,AWP,WE,Towers with Display (VFR),0,15,30,0,45,0,1,99,12,112,0,16,129,12,157,42,0,42,199
11/27/2001,SMO,CA,AWP,WE,Towers with Display (VFR),0,15,22,0,37,0,25,107,8,140,0,40,129,8,177,52,0,52,229
11/28/2001,SMO,CA,AWP,WE,Towers with Display (VFR),0,20,37,0,57,0,5,135,8,148,0,25,172,8,205,50,0,50,255
11/29/2001,SMO,CA,AWP,WE,Towers with Display (VFR),0,3,27,0,30,0,4,39,18,61,0,7,66,18,91,52,0,52,143
11/30/2001,SMO,CA,AWP,WE,Towers with Display (VFR),0,14,36,0,50,0,13,113,6,132,0,27,149,6,182,52,0,52,234
12/01/2001,SMO,CA,AWP,WE,Towers with Display (VFR),0,11,40,0,51,0,10,261,6,277,0,21,301,6,328,138,0,138,466
12/02/2001,SMO,CA,AWP,WE,Towers with Display (VFR),0,13,51,0,64,0,1,134,0,135,0,14,185,0,199,67,0,67,266
12/03/2001,SMO,CA,AWP,WE,Towers with Display (VFR),0,23,71,0,94,0,7,140,6,153,0,30,211,6,247,133,0,133,380
12/04/2001,SMO,CA,AWP,WE,Towers with Display (VFR),0,26,47,0,73,0,3,203,8,214,0,29,250,8,287,141,0,141,428
12/05/2001,SMO,CA,AWP,WE,Towers with Display (VFR),0,26,64,0,90,0,5,163,16,184,0,31,227,16,274,125,0,125,399
12/06/2001,SMO,CA,AWP,WE,Towers with Display (VFR),0,30,59,0,89,0,1,193,5,199,0,31,252,5,288,162,0,162,450
12/07/2001,SMO,CA,AWP,WE,Towers with Display (VFR),0,20,65,0,85,0,17,257,21,295,0,37,322,21,380,254,0,254,634
12/08/2001,SMO,CA,AWP,WE,Towers with Display (VFR),0,14,48,0,62,0,8,188,12,208,0,22,236,12,270,84,0,84,354
12/09/2001,SMO,CA,AWP,WE,Towers with Display (VFR),0,14,37,0,51,0,0,176,4,180,0,14,213,4,231,64,0,64,295
12/10/2001,SMO,CA,AWP,WE,Towers with Display (VFR),0,35,58,0,93,0,9,134,1,144,0,44,192,1,237,116,0,116,353
12/11/2001,SMO,CA,AWP,WE,Towers with Display (VFR),0,22,61,0,83,0,7,188,0,195,0,29,249,0,278,140,0,140,418
12/12/2001,SMO,CA,AWP,WE,Towers with Display (VFR),0,23,60,0,83,0,2,211,4,217,0,25,271,4,300,248,0,248,548
12/13/2001,SMO,CA,AWP,WE,Towers with Display (VFR),0,36,79,0,115,0,9,199,6,214,0,45,278,6,329,130,0,130,459
12/14/2001,SMO,CA,AWP,WE,Towers with Display (VFR),0,24,71,0,95,0,0,54,0,54,0,24,125,0,149,38,0,38,187
12/15/2001,SMO,CA,AWP,WE,Towers with Display (VFR),0,15,36,0,51,0,9,202,12,223,0,24,238,12,274,134,0,134,408
12/16/2001,SMO,CA,AWP,WE,Towers with Display (VFR),0,28,68,0,96,0,7,214,5,226,0,35,282,5,322,90,0,90,412
12/17/2001,SMO,CA,AWP,WE,Towers with Display (VFR),0,18,62,0,80,0,0,219,14,233,0,18,281,14,313,152,0,152,465
12/18/2001,SMO,CA,AWP,WE,Towers with Display (VFR),0,24,56,0,80,0,3,241,6,250,0,27,297,6,330,182,0,182,512
12/19/2001,SMO,CA,AWP,WE,Towers with Display (VFR),0,20,67,0,87,0,6,176,6,188,0,26,243,6,275,224,0,224,499
12/20/2001,SMO,CA,AWP,WE,Towers with Display (VFR),0,25,77,0,102,0,8,86,2,96,0,33,163,2,198,78,0,78,276
12/21/2001,SMO,CA,AWP,WE,Towers with Display (VFR),0,38,73,0,111,0,6,65,4,75,0,44,138,4,186,84,0,84,270
12/22/2001,SMO,CA,AWP,WE,Towers with Display (VFR),0,28,56,0,84,0,8,216,0,224,0,36,272,0,308,132,0,132,440
12/23/2001,SMO,CA,AWP,WE,Towers with Display (VFR),0,26,42,0,68,0,21,164,2,187,0,47,206,2,255,110,0,110,365
12/24/2001,SMO,CA,AWP,WE,Towers with Display (VFR),0,12,25,0,37,0,7,199,0,206,0,19,224,0,243,184,0,184,427
12/25/2001,SMO,CA,AWP,WE,Towers with Display (VFR),0,18,13,0,31,0,2,109,0,111,0,20,122,0,142,74,0,74,216
12/26/2001,SMO,CA,AWP,WE,Towers with Display (VFR),0,23,60,0,83,0,6,200,8,214,0,29,260,8,297,220,0,220,517
12/27/2001,SMO,CA,AWP,WE,Towers with Display (VFR),0,14,59,0,73,0,12,151,4,167,0,26,210,4,240,152,0,152,392
12/28/2001,SMO,CA,AWP,WE,Towers with Display (VFR),0,22,55,0,77,0,21,155,2,178,0,43,210,2,255,188,0,188,443
12/29/2001,SMO,CA,AWP,WE,Towers with Display (VFR),0,14,46,0,60,0,6,100,2,108,0,20,146,2,168,102,0,102,270
12/30/2001,SMO,CA,AWP,WE,Towers with Display (VFR),0,20,53,0,73,0,0,82,0,82,0,20,135,0,155,100,0,100,255
12/31/2001,SMO,CA,AWP,WE,Towers with Display (VFR),0,19,45,0,64,0,1,28,0,29,0,20,73,0,93,0,0,0,93
01/01/2002,SMO,CA,AWP,WE,Towers with Display (VFR),0,18,44,0,62,0,0,109,0,109,0,18,153,0,171,46,0,46,217
01/02/2002,SMO,CA,AWP,WE,Towers with Display (VFR),0,30,68,0,98,0,0,63,6,69,0,30,131,6,167,80,0,80,247
01/03/2002,SMO,CA,AWP,WE,Towers with Display (VFR),0,30,61,0,91,0,5,82,4,91,0,35,143,4,182,92,0,92,274
01/04/2002,SMO,CA,AWP,WE,Towers with Display (VFR),0,26,75,0,101,0,10,181,4,195,0,36,256,4,296,110,0,110,406
01/05/2002,SMO,CA,AWP,WE,Towers with Display (VFR),0,28,64,0,92,0,12,283,0,295,0,40,347,0,387,164,0,164,551
01/06/2002,SMO,CA,AWP,WE,Towers with Display (VFR),0,11,81,0,92,0,10,238,9,257,0,21,319,9,349,140,0,140,489
01/07/2002,SMO,CA,AWP,WE,Towers with Display (VFR),0,23,44,0,67,0,1,186,2,189,0,24,230,2,256,162,0,162,418
01/08/2002,SMO,CA,AWP,WE,Towers with Display (VFR),0,26,58,0,84,0,2,221,20,243,0,28,279,20,327,130,0,130,457
01/09/2002,SMO,CA,AWP,WE,Towers with Display (VFR),0,26,78,0,104,0,14,180,0,194,0,40,258,0,298,142,0,142,440
01/10/2002,SMO,CA,AWP,WE,Towers with Display (VFR),0,35,52,0,87,0,2,186,0,188,0,37,238,0,275,88,0,88,363
01/11/2002,SMO,CA,AWP,WE,Towers with Display (VFR),0,36,65,0,101,0,5,198,0,203,0,41,263,0,304,192,0,192,496
01/12/2002,SMO,CA,AWP,WE,Towers with Display (VFR),0,13,49,0,62,0,13,270,2,285,0,26,319,2,347,165,0,165,512
01/13/2002,SMO,CA,AWP,WE,Towers with Display (VFR),0,22,56,0,78,0,2,185,4,191,0,24,241,4,269,142,0,142,411
01/14/2002,SMO,CA,AWP,WE,Towers with Display (VFR),0,24,69,0,93,0,14,98,6,118,0,38,167,6,211,88,0,88,299
01/15/2002,SMO,CA,AWP,WE,Towers with Display (VFR),0,27,64,0,91,0,7,145,0,152,0,34,209,0,243,194,0,194,437
01/16/2002,SMO,CA,AWP,WE,Towers with Display (VFR),0,32,75,0,107,0,14,196,10,220,0,46,271,10,327,170,0,170,497
01/17/2002,SMO,CA,AWP,WE,Towers with Display (VFR),0,51,68,0,119,0,13,198,0,211,0,64,266,0,330,178,0,178,508
01/18/2002,SMO,CA,AWP,WE,Towers with Display (VFR),0,18,43,0,61,0,16,245,12,273,0,34,288,12,334,94,0,94,428
01/19/2002,SMO,CA,AWP,WE,Towers with Display (VFR),0,16,54,0,70,0,16,225,0,241,0,32,279,0,311,106,0,106,417
01/20/2002,SMO,CA,AWP,WE,Towers with Display (VFR),0,21,46,0,67,0,4,228,6,238,0,25,274,6,305,154,0,154,459
01/21/2002,SMO,CA,AWP,WE,Towers with Display (VFR),0,34,66,0,100,0,3,262,6,271,0,37,328,6,371,186,0,186,557
01/22/2002,SMO,CA,AWP,WE,Towers with Display (VFR),0,16,50,0,66,0,3,175,4,182,0,19,225,4,248,98,0,98,346
01/23/2002,SMO,CA,AWP,WE,Towers with Display (VFR),0,19,48,0,67,0,0,144,0,144,0,19,192,0,211,100,0,100,311
01/24/2002,SMO,CA,AWP,WE,Towers with Display (VFR),0,37,81,0,118,0,12,258,4,274,0,49,339,4,392,214,0,214,606
01/25/2002,SMO,CA,AWP,WE,Towers with Display (VFR),0,33,57,0,90,0,11,240,10,261,0,44,297,10,351,220,0,220,571
01/26/2002,SMO,CA,AWP,WE,Towers with Display (VFR),0,11,51,0,62,0,2,203,4,209,0,13,254,4,271,124,0,124,395
01/27/2002,SMO,CA,AWP,WE,Towers with Display (VFR),0,27,58,0,85,0,2,18,0,20,0,29,76,0,105,48,0,48,153
01/28/2002,SMO,CA,AWP,WE,Towers with Display (VFR),0,27,52,0,79,0,1,60,5,66,0,28,112,5,145,120,0,120,265
01/29/2002,SMO,CA,AWP,WE,Towers with Display (VFR),0,18,61,0,79,0,6,133,12,151,0,24,194,12,230,130,0,130,360
01/30/2002,SMO,CA,AWP,WE,Towers with Display (VFR),0,28,48,0,76,0,10,157,5,172,0,38,205,5,248,138,0,138,386
01/31/2002,SMO,CA,AWP,WE,Towers with Display (VFR),0,25,53,0,78,0,8,232,7,247,0,33,285,7,325,134,0,134,459
02/01/2002,SMO,CA,AWP,WE,Towers with Display (VFR),0,26,62,0,88,0,21,246,2,269,0,47,308,2,357,129,0,129,486
02/02/2002,SMO,CA,AWP,WE,Towers with Display (VFR),0,26,53,0,79,0,18,315,0,333,0,44,368,0,412,139,0,139,551
02/03/2002,SMO,CA,AWP,WE,Towers with Display (VFR),0,16,64,0,80,0,9,225,0,234,0,25,289,0,314,102,0,102,416
02/04/2002,SMO,CA,AWP,WE,Towers with Display (VFR),0,29,53,0,82,0,7,227,6,240,0,36,280,6,322,148,0,148,470
02/05/2002,SMO,CA,AWP,WE,Towers with Display (VFR),0,36,75,0,111,0,3,200,0,203,0,39,275,0,314,178,0,178,492
02/06/2002,SMO,CA,AWP,WE,Towers with Display (VFR),0,31,70,0,101,0,22,190,1,213,0,53,260,1,314,103,0,103,417
02/07/2002,SMO,CA,AWP,WE,Towers with Display (VFR),0,31,71,0,102,0,8,161,2,171,0,39,232,2,273,109,0,109,382
02/08/2002,SMO,CA,AWP,WE,Towers with Display (VFR),0,31,69,0,100,0,11,156,3,170,0,42,225,3,270,126,0,126,396
02/09/2002,SMO,CA,AWP,WE,Towers with Display (VFR),0,25,37,0,62,0,15,213,2,230,0,40,250,2,292,124,0,124,416
02/10/2002,SMO,CA,AWP,WE,Towers with Display (VFR),0,23,48,0,71,0,10,241,0,251,0,33,289,0,322,120,0,120,442
02/11/2002,SMO,CA,AWP,WE,Towers with Display (VFR),0,37,65,0,102,0,0,220,8,228,0,37,285,8,330,132,0,132,462
02/12/2002,SMO,CA,AWP,WE,Towers with Display (VFR),0,39,40,0,79,0,0,277,16,293,0,39,317,16,372,206,0,206,578
02/13/2002,SMO,CA,AWP,WE,Towers with Display (VFR),0,36,79,0,115,0,11,194,0,205,0,47,273,0,320,118,0,118,438
02/14/2002,SMO,CA,AWP,WE,Towers with Display (VFR),0,25,73,0,98,0,23,166,12,201,0,48,239,12,299,220,0,220,519
02/15/2002,SMO,CA,AWP,WE,Towers with Display (VFR),0,34,83,0,117,0,13,215,2,230,0,47,298,2,347,148,0,148,495
02/16/2002,SMO,CA,AWP,WE,Towers with Display (VFR),0,10,120,1,131,0,11,58,1,70,0,21,178,2,201,68,0,68,269
02/17/2002,SMO,CA,AWP,WE,Towers with Display (VFR),0,16,56,0,72,0,2,73,0,75,0,18,129,0,147,78,0,78,225
02/18/2002,SMO,CA,AWP,WE,Towers with Display (VFR),0,27,70,0,97,0,4,193,0,197,0,31,263,0,294,128,0,128,422
02/19/2002,SMO,CA,AWP,WE,Towers with Display (VFR),0,35,61,0,96,0,1,197,8,206,0,36,258,8,302,166,0,166,468
02/20/2002,SMO,CA,AWP,WE,Towers with Display (VFR),0,44,99,0,143,0,3,120,12,135,0,47,219,12,278,82,0,82,360
02/21/2002,SMO,CA,AWP,WE,Towers with Display (VFR),0,30,62,0,92,0,13,228,6,247,0,43,290,6,339,214,0,214,553
02/22/2002,SMO,CA,AWP,WE,Towers with Display (VFR),0,36,64,0,100,0,11,240,0,251,0,47,304,0,351,288,0,288,639
02/23/2002,SMO,CA,AWP,WE,Towers with Display (VFR),0,31,49,0,80,0,24,262,10,296,0,55,311,10,376,136,0,136,512
02/24/2002,SMO,CA,AWP,WE,Towers with Display (VFR),0,28,69,0,97,0,12,296,0,308,0,40,365,0,405,134,0,134,539
02/25/2002,SMO,CA,AWP,WE,Towers with Display (VFR),0,29,60,0,89,0,1,160,0,161,0,30,220,0,250,82,0,82,332
02/26/2002,SMO,CA,AWP,WE,Towers with Display (VFR),0,42,45,0,87,0,11,256,12,279,0,53,301,12,366,219,0,219,585
02/27/2002,SMO,CA,AWP,WE,Towers with Display (VFR),0,37,51,0,88,0,1,203,8,212,0,38,254,8,300,149,0,149,449
02/28/2002,SMO,CA,AWP,WE,Towers with Display (VFR),0,36,122,0,158,0,9,101,14,124,0,45,223,14,282,118,0,118,400
03/01/2002,SMO,CA,AWP,WE,Towers with Display (VFR),0,28,77,0,105,0,11,190,8,209,0,39,267,8,314,168,0,168,482
03/02/2002,SMO,CA,AWP,WE,Towers with Display (VFR),0,15,24,0,39,0,15,256,10,281,0,30,280,10,320,176,0,176,496
03/03/2002,SMO,CA,AWP,WE,Towers with Display (VFR),0,33,63,0,96,0,7,283,2,292,0,40,346,2,388,152,0,152,540
03/04/2002,SMO,CA,AWP,WE,Towers with Display (VFR),0,30,58,0,88,0,4,158,10,172,0,34,216,10,260,102,0,102,362
03/05/2002,SMO,CA,AWP,WE,Towers with Display (VFR),0,19,47,0,66,0,4,215,10,229,0,23,262,10,295,192,0,192,487
03/06/2002,SMO,CA,AWP,WE,Towers with Display (VFR),0,25,60,0,85,0,15,175,10,200,0,40,235,10,285,122,0,122,407
03/07/2002,SMO,CA,AWP,WE,Towers with Display (VFR),0,36,65,0,101,0,17,92,20,129,0,53,157,20,230,102,0,102,332
03/08/2002,SMO,CA,AWP,WE,Towers with Display (VFR),0,31,68,0,99,0,12,206,4,222,0,43,274,4,321,190,0,190,511
03/09/2002,SMO,CA,AWP,WE,Towers with Display (VFR),0,23,56,0,79,0,20,273,0,293,0,43,329,0,372,126,0,126,498
03/10/2002,SMO,CA,AWP,WE,Towers with Display (VFR),0,30,55,0,85,0,3,242,2,247,0,33,297,2,332,140,0,140,472
03/11/2002,SMO,CA,AWP,WE,Towers with Display (VFR),0,26,56,0,82,0,14,179,2,195,0,40,235,2,277,138,0,138,415
03/12/2002,SMO,CA,AWP,WE,Towers with Display (VFR),0,30,75,0,105,0,8,131,8,147,0,38,206,8,252,72,0,72,324
03/13/2002,SMO,CA,AWP,WE,Towers with Display (VFR),0,25,47,0,72,0,6,90,6,102,0,31,137,6,174,98,0,98,272
03/14/2002,SMO,CA,AWP,WE,Towers with Display (VFR),0,31,48,0,79,0,11,136,28,175,0,42,184,28,254,133,0,133,387
03/15/2002,SMO,CA,AWP,WE,Towers with Display (VFR),0,43,49,0,92,0,7,202,2,211,0,50,251,2,303,266,0,266,569
03/16/2002,SMO,CA,AWP,WE,Towers with Display (VFR),0,14,38,0,52,0,6,134,6,146,0,20,172,6,198,62,0,62,260
03/17/2002,SMO,CA,AWP,WE,Towers with Display (VFR),0,28,58,0,86,0,7,146,0,153,0,35,204,0,239,190,0,190,429
03/18/2002,SMO,CA,AWP,WE,Towers with Display (VFR),0,22,39,0,61,0,10,110,6,126,0,32,149,6,187,44,0,44,231
03/19/2002,SMO,CA,AWP,WE,Towers with Display (VFR),0,41,50,0,91,0,0,221,0,221,0,41,271,0,312,200,0,200,512
03/20/2002,SMO,CA,AWP,WE,Towers with Display (VFR),0,27,64,0,91,0,19,218,8,245,0,46,282,8,336,178,0,178,514
03/21/2002,SMO,CA,AWP,WE,Towers with Display (VFR),0,32,71,0,103,0,10,220,6,236,0,42,291,6,339,244,0,244,583
03/22/2002,SMO,CA,AWP,WE,Towers with Display (VFR),0,26,64,0,90,0,13,241,10,264,0,39,305,10,354,172,0,172,526
03/23/2002,SMO,CA,AWP,WE,Towers with Display (VFR),0,22,85,0,107,0,14,132,8,154,0,36,217,8,261,126,0,126,387
03/24/2002,SMO,CA,AWP,WE,Towers with Display (VFR),0,26,83,0,109,0,3,178,2,183,0,29,261,2,292,166,0,166,458
03/25/2002,SMO,CA,AWP,WE,Towers with Display (VFR),0,33,69,0,102,0,8,196,2,206,0,41,265,2,308,104,0,104,412
03/26/2002,SMO,CA,AWP,WE,Towers with Display (VFR),0,31,60,0,91,0,5,200,6,211,0,36,260,6,302,164,0,164,466
03/27/2002,SMO,CA,AWP,WE,Towers with Display (VFR),0,28,67,0,95,0,16,154,2,172,0,44,221,2,267,202,0,202,469
03/28/2002,SMO,CA,AWP,WE,Towers with Display (VFR),0,30,103,0,133,0,11,191,11,213,0,41,294,11,346,210,0,210,556
03/29/2002,SMO,CA,AWP,WE,Towers with Display (VFR),0,24,109,0,133,0,10,122,10,142,0,34,231,10,275,100,0,100,375
03/30/2002,SMO,CA,AWP,WE,Towers with Display (VFR),0,17,106,0,123,0,11,28,2,41,0,28,134,2,164,26,0,26,190
03/31/2002,SMO,CA,AWP,WE,Towers with Display (VFR),0,13,59,0,72,0,0,24,4,28,0,13,83,4,100,4,0,4,104
04/01/2002,SMO,CA,AWP,WE,Towers with Display (VFR),0,14,91,0,105,0,6,30,0,36,0,20,121,0,141,0,0,0,141
04/02/2002,SMO,CA,AWP,WE,Towers with Display (VFR),0,17,101,0,118,0,0,27,0,27,0,17,128,0,145,0,0,0,145
04/03/2002,SMO,CA,AWP,WE,Towers with Display (VFR),0,34,136,0,170,0,11,31,4,46,0,45,167,4,216,78,0,78,294
04/04/2002,SMO,CA,AWP,WE,Towers with Display (VFR),0,41,69,0,110,0,27,169,2,198,0,68,238,2,308,150,0,150,458
04/05/2002,SMO,CA,AWP,WE,Towers with Display (VFR),0,29,85,0,114,0,9,184,8,201,0,38,269,8,315,176,0,176,491
04/06/2002,SMO,CA,AWP,WE,Towers with Display (VFR),0,39,68,0,107,0,17,229,6,252,0,56,297,6,359,236,0,236,595
04/07/2002,SMO,CA,AWP,WE,Towers with Display (VFR),0,37,82,0,119,0,6,152,6,164,0,43,234,6,283,166,0,166,449
04/08/2002,SMO,CA,AWP,WE,Towers with Display (VFR),0,31,65,0,96,0,2,155,0,157,0,33,220,0,253,198,0,198,451
04/09/2002,SMO,CA,AWP,WE,Towers with Display (VFR),0,18,123,0,141,0,6,68,2,76,0,24,191,2,217,34,0,34,251
04/10/2002,SMO,CA,AWP,WE,Towers with Display (VFR),0,31,104,0,135,0,6,126,14,146,0,37,230,14,281,110,0,110,391
04/11/2002,SMO,CA,AWP,WE,Towers with Display (VFR),0,35,126,0,161,0,6,43,7,56,0,41,169,7,217,33,0,33,250
04/12/2002,SMO,CA,AWP,WE,Towers with Display (VFR),0,37,130,0,167,0,0,48,1,49,0,37,178,1,216,18,0,18,234
04/13/2002,SMO,CA,AWP,WE,Towers with Display (VFR),0,9,103,0,112,0,5,95,0,100,0,14,198,0,212,58,0,58,270
04/14/2002,SMO,CA,AWP,WE,Towers with Display (VFR),0,16,96,0,112,0,0,13,0,13,0,16,109,0,125,0,0,0,125
04/15/2002,SMO,CA,AWP,WE,Towers with Display (VFR),0,10,69,0,79,0,9,112,2,123,0,19,181,2,202,128,0,128,330
04/16/2002,SMO,CA,AWP,WE,Towers with Display (VFR),0,28,100,0,128,0,3,124,4,131,0,31,224,4,259,262,0,262,521
04/17/2002,SMO,CA,AWP,WE,Towers with Display (VFR),0,28,64,0,92,0,23,194,4,221,0,51,258,4,313,216,0,216,529
04/18/2002,SMO,CA,AWP,WE,Towers with Display (VFR),0,29,76,0,105,0,12,210,4,226,0,41,286,4,331,224,0,224,555
04/19/2002,SMO,CA,AWP,WE,Towers with Display (VFR),0,19,64,0,83,0,13,262,13,288,0,32,326,13,371,208,0,208,579
04/20/2002,SMO,CA,AWP,WE,Towers with Display (VFR),0,6,53,0,59,0,30,321,8,359,0,36,374,8,418,228,0,228,646
04/21/2002,SMO,CA,AWP,WE,Towers with Display (VFR),0,7,44,0,51,0,19,281,0,300,0,26,325,0,351,176,0,176,527
04/22/2002,SMO,CA,AWP,WE,Towers with Display (VFR),0,29,65,0,94,0,3,209,4,216,0,32,274,4,310,166,0,166,476
04/23/2002,SMO,CA,AWP,WE,Towers with Display (VFR),0,12,48,0,60,0,8,249,10,267,0,20,297,10,327,210,0,210,537
04/24/2002,SMO,CA,AWP,WE,Towers with Display (VFR),0,13,82,0,95,0,10,183,16,209,0,23,265,16,304,158,0,158,462
04/25/2002,SMO,CA,AWP,WE,Towers with Display (VFR),0,29,62,0,91,0,20,201,20,241,0,49,263,20,332,138,0,138,470
04/26/2002,SMO,CA,AWP,WE,Towers with Display (VFR),0,36,101,0,137,0,18,170,24,212,0,54,271,24,349,184,0,184,533
04/27/2002,SMO,CA,AWP,WE,Towers with Display (VFR),0,19,67,0,86,0,19,216,0,235,0,38,283,0,321,152,0,152,473
04/28/2002,SMO,CA,AWP,WE,Towers with Display (VFR),0,26,63,0,89,0,6,290,2,298,0,32,353,2,387,184,0,184,571
04/29/2002,SMO,CA,AWP,WE,Towers with Display (VFR),0,17,78,0,95,0,6,187,16,209,0,23,265,16,304,158,0,158,462
04/30/2002,SMO,CA,AWP,WE,Towers with Display (VFR),0,30,57,0,87,0,0,223,2,225,0,30,280,2,312,224,0,224,536
05/01/2002,SMO,CA,AWP,WE,Towers with Display (VFR),0,45,67,0,112,0,24,210,4,238,0,69,277,4,350,226,0,226,576
05/02/2002,SMO,CA,AWP,WE,Towers with Display (VFR),0,28,67,0,95,0,5,248,4,257,0,33,315,4,352,252,0,252,604
05/03/2002,SMO,CA,AWP,WE,Towers with Display (VFR),0,26,57,0,83,0,9,200,11,220,0,35,257,11,303,108,0,108,411
05/04/2002,SMO,CA,AWP,WE,Towers with Display (VFR),0,15,73,0,88,0,8,207,2,217,0,23,280,2,305,148,0,148,453
05/05/2002,SMO,CA,AWP,WE,Towers with Display (VFR),0,24,94,0,118,0,13,205,2,220,0,37,299,2,338,92,0,92,430
05/06/2002,SMO,CA,AWP,WE,Towers with Display (VFR),0,25,88,0,113,0,6,110,0,116,0,31,198,0,229,74,0,74,303
05/07/2002,SMO,CA,AWP,WE,Towers with Display (VFR),0,23,119,0,142,0,2,163,20,185,0,25,282,20,327,8,0,8,335
05/08/2002,SMO,CA,AWP,WE,Towers with Display (VFR),0,27,48,0,75,0,10,208,8,226,0,37,256,8,301,172,0,172,473
05/09/2002,SMO,CA,AWP,WE,Towers with Display (VFR),0,30,94,0,124,0,17,162,13,192,0,47,256,13,316,75,0,75,391
05/10/2002,SMO,CA,AWP,WE,Towers with Display (VFR),0,36,70,0,106,0,13,193,0,206,0,49,263,0,312,140,0,140,452
05/11/2002,SMO,CA,AWP,WE,Towers with Display (VFR),0,11,51,0,62,0,27,281,24,332,0,38,332,24,394,198,0,198,592
05/12/2002,SMO,CA,AWP,WE,Towers with Display (VFR),0,23,61,0,84,0,12,247,0,259,0,35,308,0,343,100,0,100,443
05/13/2002,SMO,CA,AWP,WE,Towers with Display (VFR),0,26,58,0,84,0,9,228,4,241,0,35,286,4,325,181,0,181,506
05/14/2002,SMO,CA,AWP,WE,Towers with Display (VFR),0,29,50,0,79,0,13,272,4,289,0,42,322,4,368,246,0,246,614
05/15/2002,SMO,CA,AWP,WE,Towers with Display (VFR),0,27,95,0,122,0,5,167,5,177,0,32,262,5,299,180,0,180,479
05/16/2002,SMO,CA,AWP,WE,Towers with Display (VFR),0,31,85,0,116,0,15,127,6,148,0,46,212,6,264,196,0,196,460
05/17/2002,SMO,CA,AWP,WE,Towers with Display (VFR),0,17,91,0,108,0,14,178,2,194,0,31,269,2,302,138,0,138,440
05/18/2002,SMO,CA,AWP,WE,Towers with Display (VFR),0,13,87,0,100,0,31,62,0,93,0,44,149,0,193,52,0,52,245
05/19/2002,SMO,CA,AWP,WE,Towers with Display (VFR),0,28,76,0,104,0,7,127,2,136,0,35,203,2,240,134,0,134,374
05/20/2002,SMO,CA,AWP,WE,Towers with Display (VFR),0,26,63,0,89,0,24,127,6,157,0,50,190,6,246,64,0,64,310
05/21/2002,SMO,CA,AWP,WE,Towers with Display (VFR),0,19,62,0,81,0,6,231,0,237,0,25,293,0,318,228,0,228,546
05/22/2002,SMO,CA,AWP,WE,Towers with Display (VFR),0,32,54,0,86,0,2,237,2,241,0,34,291,2,327,272,0,272,599
05/23/2002,SMO,CA,AWP,WE,Towers with Display (VFR),0,50,77,0,127,0,16,203,4,223,0,66,280,4,350,226,0,226,576
05/24/2002,SMO,CA,AWP,WE,Towers with Display (VFR),0,35,93,0,128,0,9,221,6,236,0,44,314,6,364,168,0,168,532
05/25/2002,SMO,CA,AWP,WE,Towers with Display (VFR),0,13,74,0,87,0,12,254,0,266,0,25,328,0,353,156,0,156,509
05/26/2002,SMO,CA,AWP,WE,Towers with Display (VFR),0,10,55,0,65,0,15,195,0,210,0,25,250,0,275,190,0,190,465
05/27/2002,SMO,CA,AWP,WE,Towers with Display (VFR),0,25,66,0,91,0,6,196,0,202,0,31,262,0,293,244,0,244,537
05/28/2002,SMO,CA,AWP,WE,Towers with Display (VFR),0,24,62,0,86,0,10,167,8,185,0,34,229,8,271,108,0,108,379
05/29/2002,SMO,CA,AWP,WE,Towers with Display (VFR),0,23,73,0,96,0,5,155,0,160,0,28,228,0,256,102,0,102,358
05/30/2002,SMO,CA,AWP,WE,Towers with Display (VFR),0,17,81,2,100,0,0,114,3,117,0,17,195,5,217,84,0,84,301
05/31/2002,SMO,CA,AWP,WE,Towers with Display (VFR),0,28,94,1,123,0,1,108,1,110,0,29,202,2,233,36,0,36,269
06/01/2002,SMO,CA,AWP,WE,Towers with Display (VFR),0,22,44,0,66,0,13,170,4,187,0,35,214,4,253,142,0,142,395
06/02/2002,SMO,CA,AWP,WE,Towers with Display (VFR),0,27,72,0,99,0,11,162,0,173,0,38,234,0,272,140,0,140,412
06/03/2002,SMO,CA,AWP,WE,Towers with Display (VFR),0,21,58,0,79,0,11,127,0,138,0,32,185,0,217,118,0,118,335
06/04/2002,SMO,CA,AWP,WE,Towers with Display (VFR),0,28,57,0,85,0,9,187,6,202,0,37,244,6,287,126,0,126,413
06/05/2002,SMO,CA,AWP,WE,Towers with Display (VFR),0,32,53,0,85,0,4,173,0,177,0,36,226,0,262,100,0,100,362
06/06/2002,SMO,CA,AWP,WE,Towers with Display (VFR),0,43,111,0,154,0,8,46,4,58,0,51,157,4,212,8,0,8,220
06/07/2002,SMO,CA,AWP,WE,Towers with Display (VFR),0,22,78,0,100,0,3,102,2,107,0,25,180,2,207,88,0,88,295
06/08/2002,SMO,CA,AWP,WE,Towers with Display (VFR),0,11,70,1,82,0,13,155,4,172,0,24,225,5,254,170,0,170,424
06/09/2002,SMO,CA,AWP,WE,Towers with Display (VFR),0,25,74,0,99,0,10,143,14,167,0,35,217,14,266,120,0,120,386
06/10/2002,SMO,CA,AWP,WE,Towers with Display (VFR),0,14,67,0,81,0,6,171,4,181,0,20,238,4,262,200,0,200,462
06/11/2002,SMO,CA,AWP,WE,Towers with Display (VFR),0,14,61,0,75,0,11,152,3,166,0,25,213,3,241,160,0,160,401
06/12/2002,SMO,CA,AWP,WE,Towers with Display (VFR),0,31,74,0,105,0,6,221,8,235,0,37,295,8,340,400,0,400,740
06/13/2002,SMO,CA,AWP,WE,Towers with Display (VFR),0,34,76,0,110,0,17,251,9,277,0,51,327,9,387,236,0,236,623
06/14/2002,SMO,CA,AWP,WE,Towers with Display (VFR),0,26,72,0,98,0,12,281,0,293,0,38,353,0,391,220,0,220,611
06/15/2002,SMO,CA,AWP,WE,Towers with Display (VFR),0,13,52,0,65,0,17,301,0,318,0,30,353,0,383,168,0,168,551
06/16/2002,SMO,CA,AWP,WE,Towers with Display (VFR),0,21,39,0,60,0,5,258,1,264,0,26,297,1,324,149,0,149,473
06/17/2002,SMO,CA,AWP,WE,Towers with Display (VFR),0,22,34,0,56,0,16,245,6,267,0,38,279,6,323,162,0,162,485
06/18/2002,SMO,CA,AWP,WE,Towers with Display (VFR),0,26,75,3,104,0,15,143,17,175,0,41,218,20,279,86,0,86,365
06/19/2002,SMO,CA,AWP,WE,Towers with Display (VFR),0,32,87,0,119,0,3,176,8,187,0,35,263,8,306,144,0,144,450
06/20/2002,SMO,CA,AWP,WE,Towers with Display (VFR),0,24,103,0,127,0,7,74,2,83,0,31,177,2,210,149,0,149,359
06/21/2002,SMO,CA,AWP,WE,Towers with Display (VFR),0,15,125,0,140,0,18,158,10,186,0,33,283,10,326,134,0,134,460
06/22/2002,SMO,CA,AWP,WE,Towers with Display (VFR),0,8,56,0,64,0,12,237,0,249,0,20,293,0,313,204,0,204,517
06/23/2002,SMO,CA,AWP,WE,Towers with Display (VFR),0,17,70,0,87,0,6,229,0,235,0,23,299,0,322,160,0,160,482
06/24/2002,SMO,CA,AWP,WE,Towers with Display (VFR),0,22,89,0,111,0,9,195,7,211,0,31,284,7,322,156,0,156,478
06/25/2002,SMO,CA,AWP,WE,Towers with Display (VFR),0,25,69,0,94,0,6,134,0,140,0,31,203,0,234,60,0,60,294
06/26/2002,SMO,CA,AWP,WE,Towers with Display (VFR),0,17,85,2,104,0,6,187,0,193,0,23,272,2,297,110,0,110,407
06/27/2002,SMO,CA,AWP,WE,Towers with Display (VFR),0,32,55,0,87,0,6,189,2,197,0,38,244,2,284,170,0,170,454
06/28/2002,SMO,CA,AWP,WE,Towers with Display (VFR),0,30,90,0,120,0,10,208,0,218,0,40,298,0,338,218,0,218,556
06/29/2002,SMO,CA,AWP,WE,Towers with Display (VFR),0,23,63,0,86,0,25,264,0,289,0,48,327,0,375,124,0,124,499
06/30/2002,SMO,CA,AWP,WE,Towers with Display (VFR),0,23,66,0,89,0,6,196,0,202,0,29,262,0,291,120,0,120,411
07/01/2002,SMO,CA,AWP,WE,Towers with Display (VFR),0,27,54,0,81,0,8,168,2,178,0,35,222,2,259,202,0,202,461
07/02/2002,SMO,CA,AWP,WE,Towers with Display (VFR),0,23,56,0,79,0,2,118,0,120,0,25,174,0,199,130,0,130,329
07/03/2002,SMO,CA,AWP,WE,Towers with Display (VFR),0,24,124,0,148,0,13,177,0,190,0,37,301,0,338,58,0,58,396
07/04/2002,SMO,CA,AWP,WE,Towers with Display (VFR),0,9,60,0,69,0,1,83,0,84,0,10,143,0,153,64,0,64,217
07/05/2002,SMO,CA,AWP,WE,Towers with Display (VFR),0,8,92,0,100,0,4,139,4,147,0,12,231,4,247,152,0,152,399
07/06/2002,SMO,CA,AWP,WE,Towers with Display (VFR),0,19,64,0,83,0,1,182,4,187,0,20,246,4,270,118,0,118,388
07/07/2002,SMO,CA,AWP,WE,Towers with Display (VFR),0,40,134,0,174,0,11,93,2,106,0,51,227,2,280,0,0,0,280
07/08/2002,SMO,CA,AWP,WE,Towers with Display (VFR),0,26,75,0,101,0,1,113,0,114,0,27,188,0,215,50,0,50,265
07/09/2002,SMO,CA,AWP,WE,Towers with Display (VFR),0,23,87,1,111,0,0,154,8,162,0,23,241,9,273,70,0,70,343
07/10/2002,SMO,CA,AWP,WE,Towers with Display (VFR),0,32,80,1,113,0,3,163,0,166,0,35,243,1,279,172,0,172,451
07/11/2002,SMO,CA,AWP,WE,Towers with Display (VFR),0,16,78,0,94,0,6,189,2,197,0,22,267,2,291,278,0,278,569
07/12/2002,SMO,CA,AWP,WE,Towers with Display (VFR),0,24,65,0,89,0,13,177,2,192,0,37,242,2,281,106,0,106,387
07/13/2002,SMO,CA,AWP,WE,Towers with Display (VFR),0,15,44,0,59,0,13,217,2,232,0,28,261,2,291,114,0,114,405
07/14/2002,SMO,CA,AWP,WE,Towers with Display (VFR),0,32,67,0,99,0,18,227,0,245,0,50,294,0,344,118,0,118,462
07/15/2002,SMO,CA,AWP,WE,Towers with Display (VFR),0,19,45,0,64,0,9,207,0,216,0,28,252,0,280,148,0,148,428
07/16/2002,SMO,CA,AWP,WE,Towers with Display (VFR),0,6,47,0,53,0,0,137,4,141,0,6,184,4,194,149,0,149,343
07/17/2002,SMO,CA,AWP,WE,Towers with Display (VFR),0,22,82,2,106,0,12,168,3,183,0,34,250,5,289,64,0,64,353
07/18/2002,SMO,CA,AWP,WE,Towers with Display (VFR),0,35,74,0,109,0,10,189,2,201,0,45,263,2,310,194,0,194,504
07/19/2002,SMO,CA,AWP,WE,Towers with Display (VFR),0,14,106,0,120,0,5,76,0,81,0,19,182,0,201,26,0,26,227
07/20/2002,SMO,CA,AWP,WE,Towers with Display (VFR),0,11,56,0,67,0,10,155,0,165,0,21,211,0,232,116,0,116,348
07/21/2002,SMO,CA,AWP,WE,Towers with Display (VFR),0,14,67,0,81,0,6,195,4,205,0,20,262,4,286,130,0,130,416
07/22/2002,SMO,CA,AWP,WE,Towers with Display (VFR),0,17,51,0,68,0,8,200,0,208,0,25,251,0,276,118,0,118,394
07/23/2002,SMO,CA,AWP,WE,Towers with Display (VFR),0,33,62,0,95,0,2,259,2,263,0,35,321,2,358,222,0,222,580
07/24/2002,SMO,CA,AWP,WE,Towers with Display (VFR),0,23,64,0,87,0,6,178,8,192,0,29,242,8,279,216,0,216,495
07/25/2002,SMO,CA,AWP,WE,Towers with Display (VFR),0,28,59,0,87,0,13,180,6,199,0,41,239,6,286,230,0,230,516
07/26/2002,SMO,CA,AWP,WE,Towers with Display (VFR),0,26,59,0,85,0,11,234,5,250,0,37,293,5,335,280,0,280,615
07/27/2002,SMO,CA,AWP,WE,Towers with Display (VFR),0,21,51,0,72,0,14,232,6,252,0,35,283,6,324,196,0,196,520
07/28/2002,SMO,CA,AWP,WE,Towers with Display (VFR),0,21,56,0,77,0,16,245,2,263,0,37,301,2,340,130,0,130,470
07/29/2002,SMO,CA,AWP,WE,Towers with Display (VFR),0,21,39,0,60,0,5,162,6,173,0,26,201,6,233,178,0,178,411
07/30/2002,SMO,CA,AWP,WE,Towers with Display (VFR),0,22,53,0,75,0,12,163,6,181,0,34,216,6,256,100,0,100,356
07/31/2002,SMO,CA,AWP,WE,Towers with Display (VFR),0,18,80,0,98,0,5,184,2,191,0,23,264,2,289,42,0,42,331
08/01/2002,SMO,CA,AWP,WE,Towers with Display (VFR),0,28,51,0,79,0,10,160,6,176,0,38,211,6,255,166,0,166,421
08/02/2002,SMO,CA,AWP,WE,Towers with Display (VFR),0,40,121,0,161,0,13,114,18,145,0,53,235,18,306,16,0,16,322
08/03/2002,SMO,CA,AWP,WE,Towers with Display (VFR),0,22,92,0,114,0,11,163,0,174,0,33,255,0,288,128,0,128,416
08/04/2002,SMO,CA,AWP,WE,Towers with Display (VFR),0,39,60,0,99,0,4,197,2,203,0,43,257,2,302,83,0,83,385
08/05/2002,SMO,CA,AWP,WE,Towers with Display (VFR),0,27,64,0,91,0,5,166,2,173,0,32,230,2,264,132,0,132,396
08/06/2002,SMO,CA,AWP,WE,Towers with Display (VFR),0,34,49,0,83,0,7,216,4,227,0,41,265,4,310,190,0,190,500
08/07/2002,SMO,CA,AWP,WE,Towers with Display (VFR),0,33,59,0,92,0,15,212,0,227,0,48,271,0,319,170,0,170,489
08/08/2002,SMO,CA,AWP,WE,Towers with Display (VFR),0,45,72,0,117,0,14,260,2,276,0,59,332,2,393,182,0,182,575
08/09/2002,SMO,CA,AWP,WE,Towers with Display (VFR),0,34,88,0,122,0,10,218,0,228,0,44,306,0,350,60,0,60,410
08/10/2002,SMO,CA,AWP,WE,Towers with Display (VFR),0,21,55,0,76,0,15,158,0,173,0,36,213,0,249,90,0,90,339
08/11/2002,SMO,CA,AWP,WE,Towers with Display (VFR),0,33,56,0,89,0,7,222,0,229,0,40,278,0,318,126,0,126,444
08/12/2002,SMO,CA,AWP,WE,Towers with Display (VFR),0,23,55,0,78,0,2,153,6,161,0,25,208,6,239,119,0,119,358
08/13/2002,SMO,CA,AWP,WE,Towers with Display (VFR),0,19,81,0,100,0,17,189,0,206,0,36,270,0,306,214,0,214,520
08/14/2002,SMO,CA,AWP,WE,Towers with Display (VFR),0,25,89,0,114,0,5,150,0,155,0,30,239,0,269,54,0,54,323
08/15/2002,SMO,CA,AWP,WE,Towers with Display (VFR),0,19,87,0,106,0,4,126,4,134,0,23,213,4,240,192,0,192,432
08/16/2002,SMO,CA,AWP,WE,Towers with Display (VFR),0,36,91,0,127,0,0,122,12,134,0,36,213,12,261,90,0,90,351
08/17/2002,SMO,CA,AWP,WE,Towers with Display (VFR),0,23,107,0,130,0,1,35,0,36,0,24,142,0,166,20,0,20,186
08/18/2002,SMO,CA,AWP,WE,Towers with Display (VFR),0,28,109,0,137,0,8,62,0,70,0,36,171,0,207,22,0,22,229
08/19/2002,SMO,CA,AWP,WE,Towers with Display (VFR),0,19,103,0,122,0,14,120,2,136,0,33,223,2,258,158,0,158,416
08/20/2002,SMO,CA,AWP,WE,Towers with Display (VFR),0,33,101,0,134,0,4,105,20,129,0,37,206,20,263,114,0,114,377
08/21/2002,SMO,CA,AWP,WE,Towers with Display (VFR),0,28,90,0,118,0,11,143,8,162,0,39,233,8,280,205,0,205,485
08/22/2002,SMO,CA,AWP,WE,Towers with Display (VFR),0,37,65,0,102,0,0,215,8,223,0,37,280,8,325,202,0,202,527
08/23/2002,SMO,CA,AWP,WE,Towers with Display (VFR),0,26,67,0,93,0,3,242,2,247,0,29,309,2,340,172,0,172,512
08/24/2002,SMO,CA,AWP,WE,Towers with Display (VFR),0,10,44,0,54,0,10,267,10,287,0,20,311,10,341,185,0,185,526
08/25/2002,SMO,CA,AWP,WE,Towers with Display (VFR),0,26,63,0,89,0,12,296,6,314,0,38,359,6,403,200,0,200,603
08/26/2002,SMO,CA,AWP,WE,Towers with Display (VFR),0,28,55,0,83,0,8,215,6,229,0,36,270,6,312,254,0,254,566
08/27/2002,SMO,CA,AWP,WE,Towers with Display (VFR),0,14,78,0,92,0,1,171,0,172,0,15,249,0,264,196,0,196,460
08/28/2002,SMO,CA,AWP,WE,Towers with Display (VFR),0,14,79,0,93,0,8,170,0,178,0,22,249,0,271,248,0,248,519
08/29/2002,SMO,CA,AWP,WE,Towers with Display (VFR),0,6,21,0,27,0,0,0,0,0,0,6,21,0,27,24,0,24,51
08/30/2002,SMO,CA,AWP,WE,Towers with Display (VFR),0,20,74,0,94,0,10,203,2,215,0,30,277,2,309,187,0,187,496
08/31/2002,SMO,CA,AWP,WE,Towers with Display (VFR),0,10,40,0,50,0,12,306,0,318,0,22,346,0,368,185,0,185,553
09/01/2002,SMO,CA,AWP,WE,Towers with Display (VFR),0,12,45,0,57,0,7,224,0,231,0,19,269,0,288,140,0,140,428
09/02/2002,SMO,CA,AWP,WE,Towers with Display (VFR),0,20,63,0,83,0,1,208,0,209,0,21,271,0,292,152,0,152,444
09/03/2002,SMO,CA,AWP,WE,Towers with Display (VFR),0,21,37,0,58,0,0,151,2,153,0,21,188,2,211,196,0,196,407
09/04/2002,SMO,CA,AWP,WE,Towers with Display (VFR),0,16,70,0,86,0,7,155,3,165,0,23,225,3,251,182,0,182,433
09/05/2002,SMO,CA,AWP,WE,Towers with Display (VFR),0,15,44,0,59,0,7,196,4,207,0,22,240,4,266,182,0,182,448
09/06/2002,SMO,CA,AWP,WE,Towers with Display (VFR),0,29,64,0,93,0,12,199,4,215,0,41,263,4,308,146,0,146,454
09/07/2002,SMO,CA,AWP,WE,Towers with Display (VFR),0,14,43,0,57,0,9,242,2,253,0,23,285,2,310,110,0,110,420
09/08/2002,SMO,CA,AWP,WE,Towers with Display (VFR),0,14,44,0,58,0,16,295,6,317,0,30,339,6,375,151,0,151,526
09/09/2002,SMO,CA,AWP,WE,Towers with Display (VFR),0,23,51,0,74,0,0,196,2,198,0,23,247,2,272,182,0,182,454
09/10/2002,SMO,CA,AWP,WE,Towers with Display (VFR),0,23,65,2,90,0,5,229,0,234,0,28,294,2,324,204,0,204,528
09/11/2002,SMO,CA,AWP,WE,Towers with Display (VFR),0,25,53,0,78,0,6,138,4,148,0,31,191,4,226,186,0,186,412
09/12/2002,SMO,CA,AWP,WE,Towers with Display (VFR),0,17,68,0,85,0,13,94,2,109,0,30,162,2,194,44,0,44,238
09/13/2002,SMO,CA,AWP,WE,Towers with Display (VFR),0,16,94,0,110,0,2,203,2,207,0,18,297,2,317,48,0,48,365
09/14/2002,SMO,CA,AWP,WE,Towers with Display (VFR),0,18,72,0,90,0,7,112,0,119,0,25,184,0,209,16,0,16,225
09/15/2002,SMO,CA,AWP,WE,Towers with Display (VFR),0,14,82,0,96,0,9,176,0,185,0,23,258,0,281,122,0,122,403
09/16/2002,SMO,CA,AWP,WE,Towers with Display (VFR),0,12,43,0,55,0,11,202,4,217,0,23,245,4,272,220,0,220,492
09/17/2002,SMO,CA,AWP,WE,Towers with Display (VFR),0,23,57,0,80,0,10,197,6,213,0,33,254,6,293,174,0,174,467
09/18/2002,SMO,CA,AWP,WE,Towers with Display (VFR),0,40,64,0,104,0,0,183,11,194,0,40,247,11,298,234,0,234,532
09/19/2002,SMO,CA,AWP,WE,Towers with Display (VFR),0,22,99,0,121,0,5,168,0,173,0,27,267,0,294,136,0,136,430
09/20/2002,SMO,CA,AWP,WE,Towers with Display (VFR),0,28,94,0,122,0,12,134,2,148,0,40,228,2,270,88,0,88,358
09/21/2002,SMO,CA,AWP,WE,Towers with Display (VFR),0,15,50,0,65,0,11,162,10,183,0,26,212,10,248,92,0,92,340
09/22/2002,SMO,CA,AWP,WE,Towers with Display (VFR),0,22,54,0,76,0,4,254,0,258,0,26,308,0,334,184,0,184,518
09/23/2002,SMO,CA,AWP,WE,Towers with Display (VFR),0,22,43,1,66,0,9,175,9,193,0,31,218,10,259,178,0,178,437
09/24/2002,SMO,CA,AWP,WE,Towers with Display (VFR),0,8,72,0,80,0,11,118,2,131,0,19,190,2,211,66,0,66,277
09/25/2002,SMO,CA,AWP,WE,Towers with Display (VFR),0,14,83,0,97,0,9,117,0,126,0,23,200,0,223,72,0,72,295
09/26/2002,SMO,CA,AWP,WE,Towers with Display (VFR),0,20,118,1,139,0,14,26,4,44,0,34,144,5,183,18,0,18,201
09/27/2002,SMO,CA,AWP,WE,Towers with Display (VFR),0,29,100,0,129,0,7,148,2,157,0,36,248,2,286,232,0,232,518
09/28/2002,SMO,CA,AWP,WE,Towers with Display (VFR),0,20,90,0,110,0,16,107,2,125,0,36,197,2,235,188,0,188,423
09/29/2002,SMO,CA,AWP,WE,Towers with Display (VFR),0,22,64,0,86,0,5,150,6,161,0,27,214,6,247,128,0,128,375
09/30/2002,SMO,CA,AWP,WE,Towers with Display (VFR),0,18,59,0,77,0,6,137,8,151,0,24,196,8,228,182,0,182,410
10/01/2002,SMO,CA,AWP,WE,Towers with Display (VFR),0,17,97,1,115,0,2,75,1,78,0,19,172,2,193,64,0,64,257
10/02/2002,SMO,CA,AWP,WE,Towers with Display (VFR),0,25,67,0,92,0,5,177,16,198,0,30,244,16,290,148,0,148,438
10/03/2002,SMO,CA,AWP,WE,Towers with Display (VFR),0,29,81,0,110,0,19,219,4,242,0,48,300,4,352,230,0,230,582
10/04/2002,SMO,CA,AWP,WE,Towers with Display (VFR),0,36,61,0,97,0,20,270,2,292,0,56,331,2,389,138,0,138,527
10/05/2002,SMO,CA,AWP,WE,Towers with Display (VFR),0,17,42,0,59,0,2,270,2,274,0,19,312,2,333,104,0,104,437
10/06/2002,SMO,CA,AWP,WE,Towers with Display (VFR),0,30,59,0,89,0,13,244,4,261,0,43,303,4,350,116,0,116,466
10/07/2002,SMO,CA,AWP,WE,Towers with Display (VFR),0,29,52,0,81,0,16,202,10,228,0,45,254,10,309,144,0,144,453
10/08/2002,SMO,CA,AWP,WE,Towers with Display (VFR),0,15,61,0,76,0,5,91,2,98,0,20,152,2,174,50,0,50,224
10/09/2002,SMO,CA,AWP,WE,Towers with Display (VFR),0,29,69,1,99,0,5,63,10,78,0,34,132,11,177,72,0,72,249
10/10/2002,SMO,CA,AWP,WE,Towers with Display (VFR),0,29,97,0,126,0,0,91,4,95,0,29,188,4,221,98,0,98,319
10/11/2002,SMO,CA,AWP,WE,Towers with Display (VFR),0,30,85,0,115,0,14,189,0,203,0,44,274,0,318,132,0,132,450
10/12/2002,SMO,CA,AWP,WE,Towers with Display (VFR),0,13,66,0,79,0,6,224,0,230,0,19,290,0,309,164,0,164,473
10/13/2002,SMO,CA,AWP,WE,Towers with Display (VFR),0,9,131,0,140,0,0,55,0,55,0,9,186,0,195,8,0,8,203
10/14/2002,SMO,CA,AWP,WE,Towers with Display (VFR),0,22,118,0,140,0,0,13,0,13,0,22,131,0,153,0,0,0,153
10/15/2002,SMO,CA,AWP,WE,Towers with Display (VFR),0,27,91,0,118,0,4,47,0,51,0,31,138,0,169,22,0,22,191
10/16/2002,SMO,CA,AWP,WE,Towers with Display (VFR),0,39,85,0,124,0,2,107,6,115,0,41,192,6,239,152,0,152,391
10/17/2002,SMO,CA,AWP,WE,Towers with Display (VFR),0,34,90,0,124,0,13,169,6,188,0,47,259,6,312,130,0,130,442
10/18/2002,SMO,CA,AWP,WE,Towers with Display (VFR),0,32,84,0,116,0,5,124,0,129,0,37,208,0,245,176,0,176,421
10/19/2002,SMO,CA,AWP,WE,Towers with Display (VFR),0,11,49,0,60,0,11,229,0,240,0,22,278,0,300,142,0,142,442
10/20/2002,SMO,CA,AWP,WE,Towers with Display (VFR),0,25,141,0,166,0,13,38,0,51,0,38,179,0,217,16,0,16,233
10/21/2002,SMO,CA,AWP,WE,Towers with Display (VFR),0,17,71,0,88,0,0,73,4,77,0,17,144,4,165,158,0,158,323
10/22/2002,SMO,CA,AWP,WE,Towers with Display (VFR),0,13,103,0,116,0,5,162,4,171,0,18,265,4,287,144,0,144,431
10/23/2002,SMO,CA,AWP,WE,Towers with Display (VFR),0,24,85,0,109,0,8,148,10,166,0,32,233,10,275,152,0,152,427
10/24/2002,SMO,CA,AWP,WE,Towers with Display (VFR),0,39,101,0,140,0,10,163,4,177,0,49,264,4,317,196,0,196,513
10/25/2002,SMO,CA,AWP,WE,Towers with Display (VFR),0,38,84,0,122,0,10,75,15,100,0,48,159,15,222,174,0,174,396
10/26/2002,SMO,CA,AWP,WE,Towers with Display (VFR),0,11,62,0,73,0,17,197,2,216,0,28,259,2,289,198,0,198,487
10/27/2002,SMO,CA,AWP,WE,Towers with Display (VFR),0,19,77,0,96,0,9,173,0,182,0,28,250,0,278,147,0,147,425
10/28/2002,SMO,CA,AWP,WE,Towers with Display (VFR),0,27,73,0,100,0,11,153,10,174,0,38,226,10,274,98,0,98,372
10/29/2002,SMO,CA,AWP,WE,Towers with Display (VFR),0,27,79,4,110,0,1,121,8,130,0,28,200,12,240,198,0,198,438
10/30/2002,SMO,CA,AWP,WE,Towers with Display (VFR),0,29,101,0,130,0,15,132,4,151,0,44,233,4,281,206,0,206,487
10/31/2002,SMO,CA,AWP,WE,Towers with Display (VFR),0,18,88,0,106,0,5,75,2,82,0,23,163,2,188,118,0,118,306
11/01/2002,SMO,CA,AWP,WE,Towers with Display (VFR),0,23,68,0,91,0,1,162,2,165,0,24,230,2,256,122,0,122,378
11/02/2002,SMO,CA,AWP,WE,Towers with Display (VFR),0,14,66,0,80,0,0,149,0,149,0,14,215,0,229,110,0,110,339
11/03/2002,SMO,CA,AWP,WE,Towers with Display (VFR),0,24,60,0,84,0,5,232,2,239,0,29,292,2,323,133,0,133,456
11/04/2002,SMO,CA,AWP,WE,Towers with Display (VFR),0,20,56,0,76,0,4,167,0,171,0,24,223,0,247,136,0,136,383
11/05/2002,SMO,CA,AWP,WE,Towers with Display (VFR),0,26,56,0,82,0,4,154,0,158,0,30,210,0,240,132,0,132,372
11/06/2002,SMO,CA,AWP,WE,Towers with Display (VFR),0,32,69,1,102,0,13,203,4,220,0,45,272,5,322,164,0,164,486
11/07/2002,SMO,CA,AWP,WE,Towers with Display (VFR),0,20,68,0,88,0,8,156,8,172,0,28,224,8,260,126,0,126,386
11/08/2002,SMO,CA,AWP,WE,Towers with Display (VFR),0,2,6,0,8,0,2,0,0,2,0,4,6,0,10,0,0,0,10
11/09/2002,SMO,CA,AWP,WE,Towers with Display (VFR),0,1,3,0,4,0,0,1,0,1,0,1,4,0,5,0,0,0,5
11/10/2002,SMO,CA,AWP,WE,Towers with Display (VFR),0,21,32,0,53,0,7,287,4,298,0,28,319,4,351,186,0,186,537
11/11/2002,SMO,CA,AWP,WE,Towers with Display (VFR),0,15,43,0,58,0,0,201,0,201,0,15,244,0,259,210,0,210,469
11/12/2002,SMO,CA,AWP,WE,Towers with Display (VFR),0,22,26,0,48,0,1,209,0,210,0,23,235,0,258,160,0,160,418
11/13/2002,SMO,CA,AWP,WE,Towers with Display (VFR),0,16,35,0,51,0,0,237,6,243,0,16,272,6,294,128,0,128,422
11/14/2002,SMO,CA,AWP,WE,Towers with Display (VFR),0,19,46,0,65,0,10,106,0,116,0,29,152,0,181,46,0,46,227
11/15/2002,SMO,CA,AWP,WE,Towers with Display (VFR),0,28,69,0,97,0,17,287,7,311,0,45,356,7,408,226,0,226,634
11/16/2002,SMO,CA,AWP,WE,Towers with Display (VFR),0,12,39,0,51,0,7,316,0,323,0,19,355,0,374,180,0,180,554
11/17/2002,SMO,CA,AWP,WE,Towers with Display (VFR),0,16,58,0,74,0,9,257,14,280,0,25,315,14,354,184,0,184,538
11/18/2002,SMO,CA,AWP,WE,Towers with Display (VFR),0,30,50,0,80,0,3,197,4,204,0,33,247,4,284,129,0,129,413
11/19/2002,SMO,CA,AWP,WE,Towers with Display (VFR),0,14,32,0,46,0,2,196,0,198,0,16,228,0,244,142,0,142,386
11/20/2002,SMO,CA,AWP,WE,Towers with Display (VFR),0,36,56,0,92,0,3,204,12,219,0,39,260,12,311,170,0,170,481
11/21/2002,SMO,CA,AWP,WE,Towers with Display (VFR),0,32,57,0,89,0,13,209,18,240,0,45,266,18,329,214,0,214,543
11/22/2002,SMO,CA,AWP,WE,Towers with Display (VFR),0,18,64,0,82,0,13,213,6,232,0,31,277,6,314,234,0,234,548
11/23/2002,SMO,CA,AWP,WE,Towers with Display (VFR),0,8,53,0,61,0,7,172,0,179,0,15,225,0,240,218,0,218,458
11/24/2002,SMO,CA,AWP,WE,Towers with Display (VFR),0,17,38,0,55,0,2,198,0,200,0,19,236,0,255,124,0,124,379
11/25/2002,SMO,CA,AWP,WE,Towers with Display (VFR),0,17,49,2,68,0,3,71,0,74,0,20,120,2,142,66,0,66,208
11/26/2002,SMO,CA,AWP,WE,Towers with Display (VFR),0,25,37,0,62,0,1,167,6,174,0,26,204,6,236,136,0,136,372
11/27/2002,SMO,CA,AWP,WE,Towers with Display (VFR),0,29,65,0,94,0,24,214,0,238,0,53,279,0,332,150,0,150,482
11/28/2002,SMO,CA,AWP,WE,Towers with Display (VFR),0,8,21,0,29,0,0,122,0,122,0,8,143,0,151,43,0,43,194
11/29/2002,SMO,CA,AWP,WE,Towers with Display (VFR),0,32,63,0,95,0,10,131,2,143,0,42,194,2,238,48,0,48,286
11/30/2002,SMO,CA,AWP,WE,Towers with Display (VFR),0,28,60,0,88,0,5,107,0,112,0,33,167,0,200,75,0,75,275
12/01/2002,SMO,CA,AWP,WE,Towers with Display (VFR),0,31,67,0,98,0,13,282,2,297,0,44,349,2,395,122,0,122,517
12/02/2002,SMO,CA,AWP,WE,Towers with Display (VFR),0,25,46,0,71,0,5,230,4,239,0,30,276,4,310,130,0,130,440
12/03/2002,SMO,CA,AWP,WE,Towers with Display (VFR),0,24,51,0,75,0,0,133,5,138,0,24,184,5,213,76,0,76,289
12/04/2002,SMO,CA,AWP,WE,Towers with Display (VFR),0,25,57,0,82,0,10,182,3,195,0,35,239,3,277,136,0,136,413
12/05/2002,SMO,CA,AWP,WE,Towers with Display (VFR),0,37,81,0,118,0,3,188,12,203,0,40,269,12,321,170,0,170,491
12/06/2002,SMO,CA,AWP,WE,Towers with Display (VFR),0,28,81,0,109,0,2,118,4,124,0,30,199,4,233,136,0,136,369
12/07/2002,SMO,CA,AWP,WE,Towers with Display (VFR),0,23,73,0,96,0,12,163,2,177,0,35,236,2,273,112,0,112,385
12/08/2002,SMO,CA,AWP,WE,Towers with Display (VFR),0,25,57,0,82,0,10,216,0,226,0,35,273,0,308,134,0,134,442
12/09/2002,SMO,CA,AWP,WE,Towers with Display (VFR),0,27,63,0,90,0,5,146,4,155,0,32,209,4,245,142,0,142,387
12/10/2002,SMO,CA,AWP,WE,Towers with Display (VFR),0,16,66,0,82,0,6,169,0,175,0,22,235,0,257,163,0,163,420
12/11/2002,SMO,CA,AWP,WE,Towers with Display (VFR),0,22,54,0,76,0,4,224,37,265,0,26,278,37,341,144,0,144,485
12/12/2002,SMO,CA,AWP,WE,Towers with Display (VFR),0,20,59,0,79,0,0,185,17,202,0,20,244,17,281,217,0,217,498
12/13/2002,SMO,CA,AWP,WE,Towers with Display (VFR),0,32,98,0,130,0,11,167,4,182,0,43,265,4,312,144,0,144,456
12/14/2002,SMO,CA,AWP,WE,Towers with Display (VFR),0,15,38,0,53,0,8,178,0,186,0,23,216,0,239,124,0,124,363
12/15/2002,SMO,CA,AWP,WE,Towers with Display (VFR),0,10,60,0,70,0,9,105,4,118,0,19,165,4,188,114,0,114,302
12/16/2002,SMO,CA,AWP,WE,Towers with Display (VFR),0,13,40,0,53,0,5,31,0,36,0,18,71,0,89,8,0,8,97
12/17/2002,SMO,CA,AWP,WE,Towers with Display (VFR),0,15,54,0,69,0,10,103,6,119,0,25,157,6,188,128,0,128,316
12/18/2002,SMO,CA,AWP,WE,Towers with Display (VFR),0,12,44,0,56,0,6,203,6,215,0,18,247,6,271,124,0,124,395
12/19/2002,SMO,CA,AWP,WE,Towers with Display (VFR),0,16,53,0,69,0,3,123,0,126,0,19,176,0,195,204,0,204,399
12/20/2002,SMO,CA,AWP,WE,Towers with Display (VFR),0,34,40,0,74,0,8,122,0,130,0,42,162,0,204,130,0,130,334
12/21/2002,SMO,CA,AWP,WE,Towers with Display (VFR),0,23,47,0,70,0,14,84,0,98,0,37,131,0,168,98,0,98,266
12/22/2002,SMO,CA,AWP,WE,Towers with Display (VFR),0,19,48,0,67,0,0,157,0,157,0,19,205,0,224,76,0,76,300
12/23/2002,SMO,CA,AWP,WE,Towers with Display (VFR),0,11,47,0,58,0,0,167,0,167,0,11,214,0,225,130,0,130,355
12/24/2002,SMO,CA,AWP,WE,Towers with Display (VFR),0,15,36,0,51,0,0,111,0,111,0,15,147,0,162,102,0,102,264
12/25/2002,SMO,CA,AWP,WE,Towers with Display (VFR),0,8,12,0,20,0,0,125,0,125,0,8,137,0,145,34,0,34,179
12/26/2002,SMO,CA,AWP,WE,Towers with Display (VFR),0,24,29,0,53,0,15,203,2,220,0,39,232,2,273,126,0,126,399
12/27/2002,SMO,CA,AWP,WE,Towers with Display (VFR),0,8,45,0,53,0,6,205,2,213,0,14,250,2,266,138,0,138,404
12/28/2002,SMO,CA,AWP,WE,Towers with Display (VFR),0,18,48,0,66,0,2,155,2,159,0,20,203,2,225,18,0,18,243
12/29/2002,SMO,CA,AWP,WE,Towers with Display (VFR),0,12,46,0,58,0,8,204,0,212,0,20,250,0,270,102,0,102,372
12/30/2002,SMO,CA,AWP,WE,Towers with Display (VFR),0,15,65,0,80,0,3,169,4,176,0,18,234,4,256,148,0,148,404
12/31/2002,SMO,CA,AWP,WE,Towers with Display (VFR),0,8,35,0,43,0,0,143,0,143,0,8,178,0,186,122,0,122,308
01/01/2003,SMO,CA,AWP,WE,Towers with Display (VFR),0,25,23,1,49,0,5,147,1,153,0,30,170,2,202,84,0,84,286
01/02/2003,SMO,CA,AWP,WE,Towers with Display (VFR),0,36,55,0,91,0,10,202,6,218,0,46,257,6,309,220,0,220,529
01/03/2003,SMO,CA,AWP,WE,Towers with Display (VFR),0,24,65,0,89,0,7,215,0,222,0,31,280,0,311,176,0,176,487
01/04/2003,SMO,CA,AWP,WE,Towers with Display (VFR),0,24,55,0,79,0,7,262,2,271,0,31,317,2,350,172,0,172,522
01/05/2003,SMO,CA,AWP,WE,Towers with Display (VFR),0,31,62,0,93,0,10,242,0,252,0,41,304,0,345,146,0,146,491
01/06/2003,SMO,CA,AWP,WE,Towers with Display (VFR),0,22,27,0,49,0,5,72,0,77,0,27,99,0,126,50,0,50,176
01/07/2003,SMO,CA,AWP,WE,Towers with Display (VFR),0,8,44,0,52,0,2,146,0,148,0,10,190,0,200,290,0,290,490
01/08/2003,SMO,CA,AWP,WE,Towers with Display (VFR),0,15,55,0,70,0,10,194,20,224,0,25,249,20,294,216,0,216,510
01/09/2003,SMO,CA,AWP,WE,Towers with Display (VFR),0,22,89,0,111,0,7,124,28,159,0,29,213,28,270,148,0,148,418
01/10/2003,SMO,CA,AWP,WE,Towers with Display (VFR),0,19,61,1,81,0,6,166,6,178,0,25,227,7,259,200,0,200,459
01/11/2003,SMO,CA,AWP,WE,Towers with Display (VFR),0,13,59,0,72,0,3,184,2,189,0,16,243,2,261,155,0,155,416
01/12/2003,SMO,CA,AWP,WE,Towers with Display (VFR),0,20,69,0,89,0,13,143,2,158,0,33,212,2,247,62,0,62,309
01/13/2003,SMO,CA,AWP,WE,Towers with Display (VFR),0,16,62,0,78,0,1,124,0,125,0,17,186,0,203,30,0,30,233
01/14/2003,SMO,CA,AWP,WE,Towers with Display (VFR),0,16,56,0,72,0,9,191,10,210,0,25,247,10,282,108,0,108,390
01/15/2003,SMO,CA,AWP,WE,Towers with Display (VFR),0,21,49,0,70,0,0,208,6,214,0,21,257,6,284,178,0,178,462
01/16/2003,SMO,CA,AWP,WE,Towers with Display (VFR),0,44,66,0,110,0,7,202,0,209,0,51,268,0,319,96,0,96,415
01/17/2003,SMO,CA,AWP,WE,Towers with Display (VFR),0,28,65,0,93,0,0,313,0,313,0,28,378,0,406,158,0,158,564
01/18/2003,SMO,CA,AWP,WE,Towers with Display (VFR),0,31,56,0,87,0,9,318,2,329,0,40,374,2,416,146,0,146,562
01/19/2003,SMO,CA,AWP,WE,Towers with Display (VFR),0,12,52,0,64,0,6,191,0,197,0,18,243,0,261,94,0,94,355
01/20/2003,SMO,CA,AWP,WE,Towers with Display (VFR),0,25,70,0,95,0,4,148,4,156,0,29,218,4,251,108,0,108,359
01/21/2003,SMO,CA,AWP,WE,Towers with Display (VFR),0,22,57,0,79,0,16,145,6,167,0,38,202,6,246,140,0,140,386
01/22/2003,SMO,CA,AWP,WE,Towers with Display (VFR),0,25,76,0,101,0,10,132,5,147,0,35,208,5,248,206,0,206,454
01/23/2003,SMO,CA,AWP,WE,Towers with Display (VFR),0,29,93,0,122,0,5,138,0,143,0,34,231,0,265,124,0,124,389
01/24/2003,SMO,CA,AWP,WE,Towers with Display (VFR),0,29,57,0,86,0,4,183,2,189,0,33,240,2,275,106,0,106,381
01/25/2003,SMO,CA,AWP,WE,Towers with Display (VFR),0,17,35,0,52,0,10,235,0,245,0,27,270,0,297,192,0,192,489
01/26/2003,SMO,CA,AWP,WE,Towers with Display (VFR),0,18,57,0,75,0,13,240,0,253,0,31,297,0,328,188,0,188,516
01/27/2003,SMO,CA,AWP,WE,Towers with Display (VFR),0,25,56,0,81,0,9,168,4,181,0,34,224,4,262,160,0,160,422
01/28/2003,SMO,CA,AWP,WE,Towers with Display (VFR),0,19,64,0,83,0,2,154,0,156,0,21,218,0,239,220,0,220,459
01/29/2003,SMO,CA,AWP,WE,Towers with Display (VFR),0,23,80,0,103,0,5,158,8,171,0,28,238,8,274,52,0,52,326
01/30/2003,SMO,CA,AWP,WE,Towers with Display (VFR),0,22,45,0,67,0,18,227,4,249,0,40,272,4,316,136,0,136,452
01/31/2003,SMO,CA,AWP,WE,Towers with Display (VFR),0,42,66,0,108,0,0,268,0,268,0,42,334,0,376,182,0,182,558
02/01/2003,SMO,CA,AWP,WE,Towers with Display (VFR),0,23,51,0,74,0,3,236,4,243,0,26,287,4,317,98,0,98,415
02/02/2003,SMO,CA,AWP,WE,Towers with Display (VFR),0,12,37,0,49,0,4,101,0,105,0,16,138,0,154,102,0,102,256
02/03/2003,SMO,CA,AWP,WE,Towers with Display (VFR),0,20,56,0,76,0,4,163,0,167,0,24,219,0,243,148,0,148,391
02/04/2003,SMO,CA,AWP,WE,Towers with Display (VFR),0,5,43,0,48,0,13,237,12,262,0,18,280,12,310,222,0,222,532
02/05/2003,SMO,CA,AWP,WE,Towers with Display (VFR),0,43,50,0,93,0,7,226,8,241,0,50,276,8,334,180,0,180,514
02/06/2003,SMO,CA,AWP,WE,Towers with Display (VFR),0,39,51,0,90,0,0,219,2,221,0,39,270,2,311,178,0,178,489
02/07/2003,SMO,CA,AWP,WE,Towers with Display (VFR),0,29,54,0,83,0,0,208,4,212,0,29,262,4,295,182,0,182,477
02/08/2003,SMO,CA,AWP,WE,Towers with Display (VFR),0,21,40,0,61,0,3,219,6,228,0,24,259,6,289,148,0,148,437
02/09/2003,SMO,CA,AWP,WE,Towers with Display (VFR),0,30,52,0,82,0,10,256,4,270,0,40,308,4,352,142,0,142,494
02/10/2003,SMO,CA,AWP,WE,Towers with Display (VFR),0,14,80,0,94,0,25,141,8,174,0,39,221,8,268,176,0,176,444
02/11/2003,SMO,CA,AWP,WE,Towers with Display (VFR),0,13,58,0,71,0,11,131,2,144,0,24,189,2,215,54,0,54,269
02/12/2003,SMO,CA,AWP,WE,Towers with Display (VFR),0,4,34,0,38,0,0,5,2,7,0,4,39,2,45,0,0,0,45
02/13/2003,SMO,CA,AWP,WE,Towers with Display (VFR),0,19,54,0,73,0,5,50,10,65,0,24,104,10,138,20,0,20,158
02/14/2003,SMO,CA,AWP,WE,Towers with Display (VFR),0,49,82,0,131,0,9,180,6,195,0,58,262,6,326,180,0,180,506
02/15/2003,SMO,CA,AWP,WE,Towers with Display (VFR),0,13,69,0,82,0,3,98,0,101,0,16,167,0,183,160,0,160,343
02/16/2003,SMO,CA,AWP,WE,Towers with Display (VFR),0,15,48,0,63,0,0,138,0,138,0,15,186,0,201,140,0,140,341
02/17/2003,SMO,CA,AWP,WE,Towers with Display (VFR),0,20,72,0,92,0,2,177,0,179,0,22,249,0,271,262,0,262,533
02/18/2003,SMO,CA,AWP,WE,Towers with Display (VFR),0,35,60,0,95,0,5,210,0,215,0,40,270,0,310,214,0,214,524
02/19/2003,SMO,CA,AWP,WE,Towers with Display (VFR),0,32,66,0,98,0,6,151,4,161,0,38,217,4,259,200,0,200,459
02/20/2003,SMO,CA,AWP,WE,Towers with Display (VFR),0,39,49,2,90,0,2,147,10,159,0,41,196,12,249,18,0,18,267
02/21/2003,SMO,CA,AWP,WE,Towers with Display (VFR),0,18,53,0,71,0,5,226,2,233,0,23,279,2,304,144,0,144,448
02/22/2003,SMO,CA,AWP,WE,Towers with Display (VFR),0,10,56,0,66,0,0,163,0,163,0,10,219,0,229,178,0,178,407
02/23/2003,SMO,CA,AWP,WE,Towers with Display (VFR),0,24,103,0,127,0,0,133,0,133,0,24,236,0,260,126,0,126,386
02/24/2003,SMO,CA,AWP,WE,Towers with Display (VFR),0,22,38,0,60,0,2,57,0,59,0,24,95,0,119,82,0,82,201
02/25/2003,SMO,CA,AWP,WE,Towers with Display (VFR),0,23,32,0,55,0,3,84,11,98,0,26,116,11,153,48,0,48,201
02/26/2003,SMO,CA,AWP,WE,Towers with Display (VFR),0,23,69,0,92,0,16,110,4,130,0,39,179,4,222,196,0,196,418
02/27/2003,SMO,CA,AWP,WE,Towers with Display (VFR),0,33,59,0,92,0,0,88,2,90,0,33,147,2,182,98,0,98,280
02/28/2003,SMO,CA,AWP,WE,Towers with Display (VFR),0,25,43,1,69,0,7,206,4,217,0,32,249,5,286,222,0,222,508
03/01/2003,SMO,CA,AWP,WE,Towers with Display (VFR),0,16,57,0,73,0,12,248,0,260,0,28,305,0,333,132,0,132,465
03/02/2003,SMO,CA,AWP,WE,Towers with Display (VFR),0,16,57,0,73,0,14,223,0,237,0,30,280,0,310,158,0,158,468
03/03/2003,SMO,CA,AWP,WE,Towers with Display (VFR),0,27,46,0,73,0,11,166,4,181,0,38,212,4,254,102,0,102,356
03/04/2003,SMO,CA,AWP,WE,Towers with Display (VFR),0,20,53,0,73,0,10,95,17,122,0,30,148,17,195,114,0,114,309
03/05/2003,SMO,CA,AWP,WE,Towers with Display (VFR),0,28,55,0,83,0,11,197,5,213,0,39,252,5,296,142,0,142,438
03/06/2003,SMO,CA,AWP,WE,Towers with Display (VFR),0,50,59,0,109,0,3,194,8,205,0,53,253,8,314,112,0,112,426
03/07/2003,SMO,CA,AWP,WE,Towers with Display (VFR),0,29,66,0,95,0,2,241,4,247,0,31,307,4,342,142,0,142,484
03/08/2003,SMO,CA,AWP,WE,Towers with Display (VFR),0,16,51,0,67,0,3,263,11,277,0,19,314,11,344,124,0,124,468
03/09/2003,SMO,CA,AWP,WE,Towers with Display (VFR),0,23,68,0,91,0,12,244,0,256,0,35,312,0,347,114,0,114,461
03/10/2003,SMO,CA,AWP,WE,Towers with Display (VFR),0,17,46,0,63,0,6,191,2,199,0,23,237,2,262,216,0,216,478
03/11/2003,SMO,CA,AWP,WE,Towers with Display (VFR),0,36,67,0,103,0,5,136,0,141,0,41,203,0,244,34,0,34,278
03/12/2003,SMO,CA,AWP,WE,Towers with Display (VFR),0,32,78,0,110,0,10,160,2,172,0,42,238,2,282,136,0,136,418
03/13/2003,SMO,CA,AWP,WE,Towers with Display (VFR),0,36,90,2,128,0,0,89,3,92,0,36,179,5,220,30,0,30,250
03/14/2003,SMO,CA,AWP,WE,Towers with Display (VFR),0,34,67,0,101,0,0,117,4,121,0,34,184,4,222,178,0,178,400
03/15/2003,SMO,CA,AWP,WE,Towers with Display (VFR),0,4,8,0,12,0,0,0,0,0,0,4,8,0,12,0,0,0,12
03/16/2003,SMO,CA,AWP,WE,Towers with Display (VFR),0,25,68,0,93,0,4,196,3,203,0,29,264,3,296,110,0,110,406
03/17/2003,SMO,CA,AWP,WE,Towers with Display (VFR),0,27,48,2,77,0,13,156,4,173,0,40,204,6,250,136,0,136,386
03/18/2003,SMO,CA,AWP,WE,Towers with Display (VFR),0,24,35,0,59,0,3,94,4,101,0,27,129,4,160,55,0,55,215
03/19/2003,SMO,CA,AWP,WE,Towers with Display (VFR),0,34,44,0,78,0,11,197,8,216,0,45,241,8,294,262,0,262,556
03/20/2003,SMO,CA,AWP,WE,Towers with Display (VFR),0,40,88,2,130,0,1,124,9,134,0,41,212,11,264,204,0,204,468
03/21/2003,SMO,CA,AWP,WE,Towers with Display (VFR),0,40,55,0,95,0,5,270,0,275,0,45,325,0,370,210,0,210,580
03/22/2003,SMO,CA,AWP,WE,Towers with Display (VFR),0,24,48,0,72,0,15,240,0,255,0,39,288,0,327,200,0,200,527
03/23/2003,SMO,CA,AWP,WE,Towers with Display (VFR),0,11,94,0,105,0,15,26,3,44,0,26,120,3,149,22,0,22,171
03/24/2003,SMO,CA,AWP,WE,Towers with Display (VFR),0,26,114,0,140,0,15,98,4,117,0,41,212,4,257,96,0,96,353
03/25/2003,SMO,CA,AWP,WE,Towers with Display (VFR),0,23,41,0,64,0,1,189,4,194,0,24,230,4,258,248,0,248,506
03/26/2003,SMO,CA,AWP,WE,Towers with Display (VFR),0,41,74,0,115,0,4,181,14,199,0,45,255,14,314,186,0,186,500
03/27/2003,SMO,CA,AWP,WE,Towers with Display (VFR),0,26,39,0,65,0,1,104,8,113,0,27,143,8,178,28,0,28,206
03/28/2003,SMO,CA,AWP,WE,Towers with Display (VFR),0,25,62,0,87,0,4,171,0,175,0,29,233,0,262,282,0,282,544
03/29/2003,SMO,CA,AWP,WE,Towers with Display (VFR),0,27,62,0,89,0,8,224,0,232,0,35,286,0,321,140,0,140,461
03/30/2003,SMO,CA,AWP,WE,Towers with Display (VFR),0,21,47,0,68,0,10,247,2,259,0,31,294,2,327,224,0,224,551
03/31/2003,SMO,CA,AWP,WE,Towers with Display (VFR),0,25,46,0,71,0,0,219,0,219,0,25,265,0,290,190,0,190,480
04/01/2003,SMO,CA,AWP,WE,Towers with Display (VFR),0,19,67,0,86,0,18,168,4,190,0,37,235,4,276,118,0,118,394
04/02/2003,SMO,CA,AWP,WE,Towers with Display (VFR),0,26,59,0,85,0,7,146,8,161,0,33,205,8,246,22,0,22,268
04/03/2003,SMO,CA,AWP,WE,Towers with Display (VFR),0,34,60,0,94,0,6,157,2,165,0,40,217,2,259,176,0,176,435
04/04/2003,SMO,CA,AWP,WE,Towers with Display (VFR),0,23,65,0,88,0,3,157,8,168,0,26,222,8,256,164,0,164,420
04/05/2003,SMO,CA,AWP,WE,Towers with Display (VFR),0,15,29,0,44,0,11,172,10,193,0,26,201,10,237,150,0,150,387
04/06/2003,SMO,CA,AWP,WE,Towers with Display (VFR),0,24,47,0,71,0,9,242,0,251,0,33,289,0,322,96,0,96,418
04/07/2003,SMO,CA,AWP,WE,Towers with Display (VFR),0,16,57,1,74,0,9,209,2,220,0,25,266,3,294,186,0,186,480
04/08/2003,SMO,CA,AWP,WE,Towers with Display (VFR),0,19,39,0,58,0,8,235,8,251,0,27,274,8,309,274,0,274,583
04/09/2003,SMO,CA,AWP,WE,Towers with Display (VFR),0,31,47,0,78,0,6,206,0,212,0,37,253,0,290,236,0,236,526
04/10/2003,SMO,CA,AWP,WE,Towers with Display (VFR),0,35,58,0,93,0,6,185,2,193,0,41,243,2,286,154,0,154,440
04/11/2003,SMO,CA,AWP,WE,Towers with Display (VFR),0,29,126,0,155,0,8,86,2,96,0,37,212,2,251,108,0,108,359
04/12/2003,SMO,CA,AWP,WE,Towers with Display (VFR),0,16,90,0,106,0,14,198,0,212,0,30,288,0,318,230,0,230,548
04/13/2003,SMO,CA,AWP,WE,Towers with Display (VFR),0,21,58,0,79,0,12,135,2,149,0,33,193,2,228,186,0,186,414
04/14/2003,SMO,CA,AWP,WE,Towers with Display (VFR),0,11,57,0,68,0,13,44,2,59,0,24,101,2,127,14,0,14,141
04/15/2003,SMO,CA,AWP,WE,Towers with Display (VFR),0,23,46,0,69,0,8,256,12,276,0,31,302,12,345,136,0,136,481
04/16/2003,SMO,CA,AWP,WE,Towers with Display (VFR),0,27,68,0,95,0,15,234,2,251,0,42,302,2,346,246,0,246,592
04/17/2003,SMO,CA,AWP,WE,Towers with Display (VFR),0,26,57,0,83,0,3,168,2,173,0,29,225,2,256,80,0,80,336
04/18/2003,SMO,CA,AWP,WE,Towers with Display (VFR),0,28,70,0,98,0,0,158,4,162,0,28,228,4,260,208,0,208,468
04/19/2003,SMO,CA,AWP,WE,Towers with Display (VFR),0,16,61,0,77,0,11,142,0,153,0,27,203,0,230,192,0,192,422
04/20/2003,SMO,CA,AWP,WE,Towers with Display (VFR),0,23,56,0,79,0,8,191,2,201,0,31,247,2,280,120,0,120,400
04/21/2003,SMO,CA,AWP,WE,Towers with Display (VFR),0,19,93,0,112,0,22,129,14,165,0,41,222,14,277,196,0,196,473
04/22/2003,SMO,CA,AWP,WE,Towers with Display (VFR),0,26,46,0,72,0,11,146,6,163,0,37,192,6,235,106,0,106,341
04/23/2003,SMO,CA,AWP,WE,Towers with Display (VFR),0,22,90,0,112,0,15,193,2,210,0,37,283,2,322,220,0,220,542
04/24/2003,SMO,CA,AWP,WE,Towers with Display (VFR),0,18,78,0,96,0,14,143,2,159,0,32,221,2,255,158,0,158,413
04/25/2003,SMO,CA,AWP,WE,Towers with Display (VFR),0,26,75,0,101,0,0,126,0,126,0,26,201,0,227,160,0,160,387
04/26/2003,SMO,CA,AWP,WE,Towers with Display (VFR),0,23,45,0,68,0,3,259,0,262,0,26,304,0,330,190,0,190,520
04/27/2003,SMO,CA,AWP,WE,Towers with Display (VFR),0,21,81,0,102,0,11,225,1,237,0,32,306,1,339,168,0,168,507
04/28/2003,SMO,CA,AWP,WE,Towers with Display (VFR),0,25,92,0,117,0,15,188,4,207,0,40,280,4,324,134,0,134,458
04/29/2003,SMO,CA,AWP,WE,Towers with Display (VFR),0,22,49,0,71,0,2,214,0,216,0,24,263,0,287,130,0,130,417
04/30/2003,SMO,CA,AWP,WE,Towers with Display (VFR),0,25,60,0,85,0,7,212,3,222,0,32,272,3,307,64,0,64,371
05/01/2003,SMO,CA,AWP,WE,Towers with Display (VFR),0,31,62,0,93,0,3,227,4,234,0,34,289,4,327,252,0,252,579
05/02/2003,SMO,CA,AWP,WE,Towers with Display (VFR),0,28,80,0,108,0,2,98,4,104,0,30,178,4,212,136,0,136,348
05/03/2003,SMO,CA,AWP,WE,Towers with Display (VFR),0,20,53,0,73,0,5,64,0,69,0,25,117,0,142,82,0,82,224
05/04/2003,SMO,CA,AWP,WE,Towers with Display (VFR),0,24,69,0,93,0,6,218,0,224,0,30,287,0,317,118,0,118,435
05/05/2003,SMO,CA,AWP,WE,Towers with Display (VFR),0,21,64,1,86,0,9,185,1,195,0,30,249,2,281,138,0,138,419
05/06/2003,SMO,CA,AWP,WE,Towers with Display (VFR),0,24,59,0,83,0,7,197,12,216,0,31,256,12,299,162,0,162,461
05/07/2003,SMO,CA,AWP,WE,Towers with Display (VFR),0,24,87,0,111,0,0,175,10,185,0,24,262,10,296,140,0,140,436
05/08/2003,SMO,CA,AWP,WE,Towers with Display (VFR),0,26,65,0,91,0,6,137,6,149,0,32,202,6,240,138,0,138,378
05/09/2003,SMO,CA,AWP,WE,Towers with Display (VFR),0,31,75,0,106,0,3,152,0,155,0,34,227,0,261,54,0,54,315
05/10/2003,SMO,CA,AWP,WE,Towers with Display (VFR),0,24,28,0,52,0,4,326,0,330,0,28,354,0,382,190,0,190,572
05/11/2003,SMO,CA,AWP,WE,Towers with Display (VFR),0,25,54,0,79,0,4,338,0,342,0,29,392,0,421,170,0,170,591
05/12/2003,SMO,CA,AWP,WE,Towers with Display (VFR),0,22,53,0,75,0,0,209,2,211,0,22,262,2,286,164,0,164,450
05/13/2003,SMO,CA,AWP,WE,Towers with Display (VFR),0,27,71,0,98,0,8,251,0,259,0,35,322,0,357,162,0,162,519
05/14/2003,SMO,CA,AWP,WE,Towers with Display (VFR),0,35,110,0,145,0,14,150,0,164,0,49,260,0,309,190,0,190,499
05/15/2003,SMO,CA,AWP,WE,Towers with Display (VFR),0,35,61,0,96,0,1,213,6,220,0,36,274,6,316,210,0,210,526
05/16/2003,SMO,CA,AWP,WE,Towers with Display (VFR),0,33,67,0,100,0,0,213,0,213,0,33,280,0,313,158,0,158,471
05/17/2003,SMO,CA,AWP,WE,Towers with Display (VFR),0,13,51,0,64,0,2,180,0,182,0,15,231,0,246,132,0,132,378
05/18/2003,SMO,CA,AWP,WE,Towers with Display (VFR),0,30,75,0,105,0,14,240,0,254,0,44,315,0,359,66,0,66,425
05/19/2003,SMO,CA,AWP,WE,Towers with Display (VFR),0,31,74,0,105,0,5,118,0,123,0,36,192,0,228,42,0,42,270
05/20/2003,SMO,CA,AWP,WE,Towers with Display (VFR),0,29,72,0,101,0,10,141,0,151,0,39,213,0,252,72,0,72,324
05/21/2003,SMO,CA,AWP,WE,Towers with Display (VFR),0,41,73,0,114,0,12,243,0,255,0,53,316,0,369,314,0,314,683
05/22/2003,SMO,CA,AWP,WE,Towers with Display (VFR),0,31,88,0,119,0,0,75,0,75,0,31,163,0,194,60,0,60,254
05/23/2003,SMO,CA,AWP,WE,Towers with Display (VFR),0,43,125,0,168,0,0,62,0,62,0,43,187,0,230,22,0,22,252
05/24/2003,SMO,CA,AWP,WE,Towers with Display (VFR),0,6,85,0,91,0,4,41,0,45,0,10,126,0,136,62,0,62,198
05/25/2003,SMO,CA,AWP,WE,Towers with Display (VFR),0,14,87,0,101,0,2,115,4,121,0,16,202,4,222,182,0,182,404
05/26/2003,SMO,CA,AWP,WE,Towers with Display (VFR),0,32,69,0,101,0,6,229,8,243,0,38,298,8,344,70,0,70,414
05/27/2003,SMO,CA,AWP,WE,Towers with Display (VFR),0,28,77,0,105,0,0,96,0,96,0,28,173,0,201,48,0,48,249
05/28/2003,SMO,CA,AWP,WE,Towers with Display (VFR),0,21,72,0,93,0,8,102,2,112,0,29,174,2,205,96,0,96,301
05/29/2003,SMO,CA,AWP,WE,Towers with Display (VFR),0,28,106,1,135,0,2,15,3,20,0,30,121,4,155,10,0,10,165
05/30/2003,SMO,CA,AWP,WE,Towers with Display (VFR),0,32,108,0,140,0,1,43,2,46,0,33,151,2,186,16,0,16,202
05/31/2003,SMO,CA,AWP,WE,Towers with Display (VFR),0,20,84,0,104,0,0,133,0,133,0,20,217,0,237,72,0,72,309
06/01/2003,SMO,CA,AWP,WE,Towers with Display (VFR),0,23,109,1,133,0,10,92,0,102,0,33,201,1,235,56,0,56,291
06/02/2003,SMO,CA,AWP,WE,Towers with Display (VFR),0,17,101,0,118,0,0,54,2,56,0,17,155,2,174,10,0,10,184
06/03/2003,SMO,CA,AWP,WE,Towers with Display (VFR),0,35,67,0,102,0,0,121,4,125,0,35,188,4,227,28,0,28,255
06/04/2003,SMO,CA,AWP,WE,Towers with Display (VFR),0,38,81,0,119,0,5,116,2,123,0,43,197,2,242,208,0,208,450
06/05/2003,SMO,CA,AWP,WE,Towers with Display (VFR),0,27,95,0,122,0,7,31,0,38,0,34,126,0,160,44,0,44,204
06/06/2003,SMO,CA,AWP,WE,Towers with Display (VFR),0,26,102,0,128,0,3,96,0,99,0,29,198,0,227,194,0,194,421
06/07/2003,SMO,CA,AWP,WE,Towers with Display (VFR),0,12,97,0,109,0,8,91,0,99,0,20,188,0,208,94,0,94,302
06/08/2003,SMO,CA,AWP,WE,Towers with Display (VFR),0,27,127,0,154,0,0,46,0,46,0,27,173,0,200,6,0,6,206
06/09/2003,SMO,CA,AWP,WE,Towers with Display (VFR),0,32,115,0,147,0,11,57,0,68,0,43,172,0,215,56,0,56,271
06/10/2003,SMO,CA,AWP,WE,Towers with Display (VFR),0,22,87,0,109,0,12,122,8,142,0,34,209,8,251,140,0,140,391
06/11/2003,SMO,CA,AWP,WE,Towers with Display (VFR),0,34,68,0,102,0,1,167,3,171,0,35,235,3,273,208,0,208,481
06/12/2003,SMO,CA,AWP,WE,Towers with Display (VFR),0,10,70,0,80,0,1,164,8,173,0,11,234,8,253,150,0,150,403
06/13/2003,SMO,CA,AWP,WE,Towers with Display (VFR),0,36,65,0,101,0,0,208,4,212,0,36,273,4,313,82,0,82,395
06/14/2003,SMO,CA,AWP,WE,Towers with Display (VFR),0,11,45,0,56,0,6,239,0,245,0,17,284,0,301,204,0,204,505
06/15/2003,SMO,CA,AWP,WE,Towers with Display (VFR),0,19,62,0,81,0,2,168,2,172,0,21,230,2,253,30,0,30,283
06/16/2003,SMO,CA,AWP,WE,Towers with Display (VFR),0,33,105,0,138,0,2,82,8,92,0,35,187,8,230,14,0,14,244
06/17/2003,SMO,CA,AWP,WE,Towers with Display (VFR),0,18,85,0,103,0,13,121,16,150,0,31,206,16,253,84,0,84,337
06/18/2003,SMO,CA,AWP,WE,Towers with Display (VFR),0,27,132,0,159,0,4,86,12,102,0,31,218,12,261,42,0,42,303
06/19/2003,SMO,CA,AWP,WE,Towers with Display (VFR),0,22,99,0,121,0,1,72,2,75,0,23,171,2,196,118,0,118,314
06/20/2003,SMO,CA,AWP,WE,Towers with Display (VFR),0,31,71,2,104,0,0,108,3,111,0,31,179,5,215,206,0,206,421
06/21/2003,SMO,CA,AWP,WE,Towers with Display (VFR),0,10,88,0,98,0,5,75,2,82,0,15,163,2,180,152,0,152,332
06/22/2003,SMO,CA,AWP,WE,Towers with Display (VFR),0,24,93,0,117,0,8,128,8,144,0,32,221,8,261,166,0,166,427
06/23/2003,SMO,CA,AWP,WE,Towers with Display (VFR),0,20,88,0,108,0,10,171,14,195,0,30,259,14,303,188,0,188,491
06/24/2003,SMO,CA,AWP,WE,Towers with Display (VFR),0,13,60,0,73,0,17,210,6,233,0,30,270,6,306,204,0,204,510
06/25/2003,SMO,CA,AWP,WE,Towers with Display (VFR),0,28,66,0,94,0,5,255,6,266,0,33,321,6,360,164,0,164,524
06/26/2003,SMO,CA,AWP,WE,Towers with Display (VFR),0,21,84,0,105,0,5,172,0,177,0,26,256,0,282,74,0,74,356
06/27/2003,SMO,CA,AWP,WE,Towers with Display (VFR),0,23,38,0,61,0,6,89,2,97,0,29,127,2,158,10,0,10,168
06/28/2003,SMO,CA,AWP,WE,Towers with Display (VFR),0,13,72,0,85,0,15,185,0,200,0,28,257,0,285,52,0,52,337
06/29/2003,SMO,CA,AWP,WE,Towers with Display (VFR),0,30,82,0,112,0,4,84,0,88,0,34,166,0,200,6,0,6,206
06/30/2003,SMO,CA,AWP,WE,Towers with Display (VFR),0,21,65,0,86,0,9,150,9,168,0,30,215,9,254,72,0,72,326
07/01/2003,SMO,CA,AWP,WE,Towers with Display (VFR),0,27,49,0,76,0,13,246,28,287,0,40,295,28,363,168,0,168,531
07/02/2003,SMO,CA,AWP,WE,Towers with Display (VFR),0,35,52,0,87,0,7,224,4,235,0,42,276,4,322,208,0,208,530
07/03/2003,SMO,CA,AWP,WE,Towers with Display (VFR),0,18,69,0,87,0,1,268,4,273,0,19,337,4,360,212,0,212,572
07/04/2003,SMO,CA,AWP,WE,Towers with Display (VFR),0,11,15,0,26,0,4,210,2,216,0,15,225,2,242,70,0,70,312
07/05/2003,SMO,CA,AWP,WE,Towers with Display (VFR),0,14,32,0,46,0,9,213,0,222,0,23,245,0,268,150,0,150,418
07/06/2003,SMO,CA,AWP,WE,Towers with Display (VFR),0,34,54,0,88,0,5,233,0,238,0,39,287,0,326,46,0,46,372
07/07/2003,SMO,CA,AWP,WE,Towers with Display (VFR),0,40,48,0,88,0,12,163,4,179,0,52,211,4,267,162,0,162,429
07/08/2003,SMO,CA,AWP,WE,Towers with Display (VFR),0,26,66,0,92,0,9,170,0,179,0,35,236,0,271,122,0,122,393
07/09/2003,SMO,CA,AWP,WE,Towers with Display (VFR),0,22,103,0,125,0,4,76,0,80,0,26,179,0,205,62,0,62,267
07/10/2003,SMO,CA,AWP,WE,Towers with Display (VFR),0,32,90,0,122,0,0,73,8,81,0,32,163,8,203,82,0,82,285
07/11/2003,SMO,CA,AWP,WE,Towers with Display (VFR),0,33,46,0,79,0,0,146,6,152,0,33,192,6,231,104,0,104,335
07/12/2003,SMO,CA,AWP,WE,Towers with Display (VFR),0,20,33,0,53,0,12,191,0,203,0,32,224,0,256,120,0,120,376
07/13/2003,SMO,CA,AWP,WE,Towers with Display (VFR),0,29,48,0,77,0,4,238,0,242,0,33,286,0,319,46,0,46,365
07/14/2003,SMO,CA,AWP,WE,Towers with Display (VFR),0,30,71,0,101,0,15,207,0,222,0,45,278,0,323,148,0,148,471
07/15/2003,SMO,CA,AWP,WE,Towers with Display (VFR),0,10,47,0,57,0,14,213,9,236,0,24,260,9,293,113,0,113,406
07/16/2003,SMO,CA,AWP,WE,Towers with Display (VFR),0,25,48,0,73,0,12,211,2,225,0,37,259,2,298,221,0,221,519
07/17/2003,SMO,CA,AWP,WE,Towers with Display (VFR),0,35,57,0,92,0,5,222,4,231,0,40,279,4,323,154,0,154,477
07/18/2003,SMO,CA,AWP,WE,Towers with Display (VFR),0,32,63,0,95,0,5,92,2,99,0,37,155,2,194,10,0,10,204
07/19/2003,SMO,CA,AWP,WE,Towers with Display (VFR),0,12,47,0,59,0,0,234,8,242,0,12,281,8,301,188,0,188,489
07/20/2003,SMO,CA,AWP,WE,Towers with Display (VFR),0,27,78,0,105,0,3,217,0,220,0,30,295,0,325,130,0,130,455
07/21/2003,SMO,CA,AWP,WE,Towers with Display (VFR),0,22,69,0,91,0,18,156,0,174,0,40,225,0,265,112,0,112,377
07/22/2003,SMO,CA,AWP,WE,Towers with Display (VFR),0,25,60,0,85,0,18,176,13,207,0,43,236,13,292,218,0,218,510
07/23/2003,SMO,CA,AWP,WE,Towers with Display (VFR),0,28,91,0,119,0,4,168,18,190,0,32,259,18,309,70,0,70,379
07/24/2003,SMO,CA,AWP,WE,Towers with Display (VFR),0,43,110,0,153,0,4,102,14,120,0,47,212,14,273,0,0,0,273
07/25/2003,SMO,CA,AWP,WE,Towers with Display (VFR),0,23,57,0,80,0,4,176,8,188,0,27,233,8,268,86,0,86,354
07/26/2003,SMO,CA,AWP,WE,Towers with Display (VFR),0,17,68,0,85,0,12,216,4,232,0,29,284,4,317,120,0,120,437
07/27/2003,SMO,CA,AWP,WE,Towers with Display (VFR),0,30,49,0,79,0,18,265,6,289,0,48,314,6,368,100,0,100,468
07/28/2003,SMO,CA,AWP,WE,Towers with Display (VFR),0,10,38,0,48,0,10,102,2,114,0,20,140,2,162,36,0,36,198
07/29/2003,SMO,CA,AWP,WE,Towers with Display (VFR),0,21,37,0,58,0,9,199,2,210,0,30,236,2,268,194,0,194,462
07/30/2003,SMO,CA,AWP,WE,Towers with Display (VFR),0,18,48,0,66,0,0,129,4,133,0,18,177,4,199,90,0,90,289
07/31/2003,SMO,CA,AWP,WE,Towers with Display (VFR),0,15,35,1,51,0,2,93,7,102,0,17,128,8,153,64,0,64,217
08/01/2003,SMO,CA,AWP,WE,Towers with Display (VFR),0,39,48,0,87,0,10,209,0,219,0,49,257,0,306,132,0,132,438
08/02/2003,SMO,CA,AWP,WE,Towers with Display (VFR),0,21,51,0,72,0,3,269,0,272,0,24,320,0,344,208,0,208,552
08/03/2003,SMO,CA,AWP,WE,Towers with Display (VFR),0,34,49,0,83,0,1,264,2,267,0,35,313,2,350,126,0,126,476
08/04/2003,SMO,CA,AWP,WE,Towers with Display (VFR),0,28,35,0,63,0,5,237,0,242,0,33,272,0,305,106,0,106,411
08/05/2003,SMO,CA,AWP,WE,Towers with Display (VFR),0,21,51,0,72,0,8,246,8,262,0,29,297,8,334,224,0,224,558
08/06/2003,SMO,CA,AWP,WE,Towers with Display (VFR),0,42,57,0,99,0,10,223,8,241,0,52,280,8,340,230,0,230,570
08/07/2003,SMO,CA,AWP,WE,Towers with Display (VFR),0,17,49,0,66,0,0,219,0,219,0,17,268,0,285,162,0,162,447
08/08/2003,SMO,CA,AWP,WE,Towers with Display (VFR),0,27,47,0,74,0,3,259,0,262,0,30,306,0,336,194,0,194,530
08/09/2003,SMO,CA,AWP,WE,Towers with Display (VFR),0,15,32,0,47,0,11,306,6,323,0,26,338,6,370,144,0,144,514
08/10/2003,SMO,CA,AWP,WE,Towers with Display (VFR),0,22,42,0,64,0,17,309,0,326,0,39,351,0,390,126,0,126,516
08/11/2003,SMO,CA,AWP,WE,Towers with Display (VFR),0,20,55,0,75,0,8,236,2,246,0,28,291,2,321,198,0,198,519
08/12/2003,SMO,CA,AWP,WE,Towers with Display (VFR),0,15,77,0,92,0,7,220,20,247,0,22,297,20,339,66,0,66,405
08/13/2003,SMO,CA,AWP,WE,Towers with Display (VFR),0,28,59,0,87,0,4,257,6,267,0,32,316,6,354,260,0,260,614
08/14/2003,SMO,CA,AWP,WE,Towers with Display (VFR),0,28,50,0,78,0,4,217,6,227,0,32,267,6,305,244,0,244,549
08/15/2003,SMO,CA,AWP,WE,Towers with Display (VFR),0,32,63,0,95,0,2,188,10,200,0,34,251,10,295,102,0,102,397
08/16/2003,SMO,CA,AWP,WE,Towers with Display (VFR),0,14,50,0,64,0,13,296,0,309,0,27,346,0,373,120,0,120,493
08/17/2003,SMO,CA,AWP,WE,Towers with Display (VFR),0,19,53,0,72,0,2,276,0,278,0,21,329,0,350,144,0,144,494
08/18/2003,SMO,CA,AWP,WE,Towers with Display (VFR),0,21,43,0,64,0,11,236,0,247,0,32,279,0,311,222,0,222,533
08/19/2003,SMO,CA,AWP,WE,Towers with Display (VFR),0,29,48,0,77,0,4,263,1,268,0,33,311,1,345,176,0,176,521
08/20/2003,SMO,CA,AWP,WE,Towers with Display (VFR),0,37,61,0,98,0,3,166,8,177,0,40,227,8,275,108,0,108,383
08/21/2003,SMO,CA,AWP,WE,Towers with Display (VFR),0,40,96,0,136,0,7,188,4,199,0,47,284,4,335,74,0,74,409
08/22/2003,SMO,CA,AWP,WE,Towers with Display (VFR),0,45,70,0,115,0,4,194,7,205,0,49,264,7,320,82,0,82,402
08/23/2003,SMO,CA,AWP,WE,Towers with Display (VFR),0,16,48,0,64,0,0,230,2,232,0,16,278,2,296,130,0,130,426
08/24/2003,SMO,CA,AWP,WE,Towers with Display (VFR),0,35,48,0,83,0,16,204,0,220,0,51,252,0,303,160,0,160,463
08/25/2003,SMO,CA,AWP,WE,Towers with Display (VFR),0,35,61,0,96,0,11,147,6,164,0,46,208,6,260,98,0,98,358
08/26/2003,SMO,CA,AWP,WE,Towers with Display (VFR),0,25,50,0,75,0,25,165,5,195,0,50,215,5,270,118,0,118,388
08/27/2003,SMO,CA,AWP,WE,Towers with Display (VFR),0,26,53,0,79,0,6,238,0,244,0,32,291,0,323,126,0,126,449
08/28/2003,SMO,CA,AWP,WE,Towers with Display (VFR),0,26,47,0,73,0,4,217,4,225,0,30,264,4,298,210,0,210,508
08/29/2003,SMO,CA,AWP,WE,Towers with Display (VFR),0,30,58,0,88,0,4,210,4,218,0,34,268,4,306,180,0,180,486
08/30/2003,SMO,CA,AWP,WE,Towers with Display (VFR),0,11,43,0,54,0,19,246,0,265,0,30,289,0,319,208,0,208,527
08/31/2003,SMO,CA,AWP,WE,Towers with Display (VFR),0,24,48,0,72,0,5,216,0,221,0,29,264,0,293,117,0,117,410
09/01/2003,SMO,CA,AWP,WE,Towers with Display (VFR),0,21,98,0,119,0,2,78,0,80,0,23,176,0,199,14,0,14,213
09/02/2003,SMO,CA,AWP,WE,Towers with Display (VFR),0,19,63,0,82,0,0,72,0,72,0,19,135,0,154,0,0,0,154
09/03/2003,SMO,CA,AWP,WE,Towers with Display (VFR),0,10,54,0,64,0,5,215,0,220,0,15,269,0,284,184,0,184,468
09/04/2003,SMO,CA,AWP,WE,Towers with Display (VFR),0,16,75,0,91,0,5,207,8,220,0,21,282,8,311,170,0,170,481
09/05/2003,SMO,CA,AWP,WE,Towers with Display (VFR),0,31,62,0,93,0,0,204,2,206,0,31,266,2,299,214,0,214,513
09/06/2003,SMO,CA,AWP,WE,Towers with Display (VFR),0,12,41,0,53,0,0,304,4,308,0,12,345,4,361,176,0,176,537
09/07/2003,SMO,CA,AWP,WE,Towers with Display (VFR),0,26,45,0,71,0,6,253,2,261,0,32,298,2,332,126,0,126,458
09/08/2003,SMO,CA,AWP,WE,Towers with Display (VFR),0,14,44,0,58,0,8,169,10,187,0,22,213,10,245,132,0,132,377
09/09/2003,SMO,CA,AWP,WE,Towers with Display (VFR),0,17,48,0,65,0,9,168,2,179,0,26,216,2,244,206,0,206,450
09/10/2003,SMO,CA,AWP,WE,Towers with Display (VFR),0,39,80,0,119,0,14,189,6,209,0,53,269,6,328,178,0,178,506
09/11/2003,SMO,CA,AWP,WE,Towers with Display (VFR),0,22,87,0,109,0,14,169,7,190,0,36,256,7,299,122,0,122,421
09/12/2003,SMO,CA,AWP,WE,Towers with Display (VFR),0,33,101,0,134,0,0,58,0,58,0,33,159,0,192,2,0,2,194
09/13/2003,SMO,CA,AWP,WE,Towers with Display (VFR),0,11,79,0,90,0,15,185,0,200,0,26,264,0,290,84,0,84,374
09/14/2003,SMO,CA,AWP,WE,Towers with Display (VFR),0,25,120,2,147,0,0,9,0,9,0,25,129,2,156,0,0,0,156
09/15/2003,SMO,CA,AWP,WE,Towers with Display (VFR),0,14,87,0,101,0,10,0,5,15,0,24,87,5,116,0,0,0,116
09/16/2003,SMO,CA,AWP,WE,Towers with Display (VFR),0,21,71,0,92,0,2,83,2,87,0,23,154,2,179,34,0,34,213
09/17/2003,SMO,CA,AWP,WE,Towers with Display (VFR),0,31,73,3,107,0,6,179,14,199,0,37,252,17,306,128,0,128,434
09/18/2003,SMO,CA,AWP,WE,Towers with Display (VFR),0,35,80,0,115,0,1,162,0,163,0,36,242,0,278,124,0,124,402
09/19/2003,SMO,CA,AWP,WE,Towers with Display (VFR),0,35,70,0,105,0,2,201,2,205,0,37,271,2,310,102,0,102,412
09/20/2003,SMO,CA,AWP,WE,Towers with Display (VFR),0,29,59,0,88,0,11,133,0,144,0,40,192,0,232,86,0,86,318
09/21/2003,SMO,CA,AWP,WE,Towers with Display (VFR),0,20,80,0,100,0,13,136,2,151,0,33,216,2,251,72,0,72,323
09/22/2003,SMO,CA,AWP,WE,Towers with Display (VFR),0,35,63,0,98,0,5,79,0,84,0,40,142,0,182,20,0,20,202
09/23/2003,SMO,CA,AWP,WE,Towers with Display (VFR),0,30,113,0,143,0,6,68,0,74,0,36,181,0,217,10,0,10,227
09/24/2003,SMO,CA,AWP,WE,Towers with Display (VFR),0,26,91,0,117,0,14,118,6,138,0,40,209,6,255,108,0,108,363
09/25/2003,SMO,CA,AWP,WE,Towers with Display (VFR),0,38,89,0,127,0,2,108,10,120,0,40,197,10,247,92,0,92,339
09/26/2003,SMO,CA,AWP,WE,Towers with Display (VFR),0,29,104,0,133,0,4,154,2,160,0,33,258,2,293,116,0,116,409
09/27/2003,SMO,CA,AWP,WE,Towers with Display (VFR),0,9,101,0,110,0,0,27,0,27,0,9,128,0,137,14,0,14,151
09/28/2003,SMO,CA,AWP,WE,Towers with Display (VFR),0,23,105,2,130,0,2,36,2,40,0,25,141,4,170,10,0,10,180
09/29/2003,SMO,CA,AWP,WE,Towers with Display (VFR),0,20,91,0,111,0,0,40,0,40,0,20,131,0,151,42,0,42,193
09/30/2003,SMO,CA,AWP,WE,Towers with Display (VFR),0,26,111,0,137,0,0,5,4,9,0,26,116,4,146,0,0,0,146
10/01/2003,SMO,CA,AWP,WE,Towers with Display (VFR),0,23,72,0,95,0,17,122,4,143,0,40,194,4,238,186,0,186,424
10/02/2003,SMO,CA,AWP,WE,Towers with Display (VFR),0,23,129,0,152,0,0,18,2,20,0,23,147,2,172,10,0,10,182
10/03/2003,SMO,CA,AWP,WE,Towers with Display (VFR),0,34,106,0,140,0,2,124,0,126,0,36,230,0,266,232,0,232,498
10/04/2003,SMO,CA,AWP,WE,Towers with Display (VFR),0,16,50,0,66,0,13,220,0,233,0,29,270,0,299,154,0,154,453
10/05/2003,SMO,CA,AWP,WE,Towers with Display (VFR),0,40,127,0,167,0,0,2,0,2,0,40,129,0,169,0,0,0,169
10/06/2003,SMO,CA,AWP,WE,Towers with Display (VFR),0,22,89,0,111,0,0,11,0,11,0,22,100,0,122,0,0,0,122
10/07/2003,SMO,CA,AWP,WE,Towers with Display (VFR),0,26,117,0,143,0,0,24,8,32,0,26,141,8,175,0,0,0,175
10/08/2003,SMO,CA,AWP,WE,Towers with Display (VFR),0,28,98,0,126,0,0,74,2,76,0,28,172,2,202,48,0,48,250
10/09/2003,SMO,CA,AWP,WE,Towers with Display (VFR),0,18,58,0,76,0,0,26,2,28,0,18,84,2,104,8,0,8,112
10/10/2003,SMO,CA,AWP,WE,Towers with Display (VFR),0,42,133,0,175,0,1,136,0,137,0,43,269,0,312,170,0,170,482
10/11/2003,SMO,CA,AWP,WE,Towers with Display (VFR),0,17,51,0,68,0,5,244,0,249,0,22,295,0,317,198,0,198,515
10/12/2003,SMO,CA,AWP,WE,Towers with Display (VFR),0,21,64,0,85,0,5,289,0,294,0,26,353,0,379,212,0,212,591
10/13/2003,SMO,CA,AWP,WE,Towers with Display (VFR),0,23,69,0,92,0,16,239,2,257,0,39,308,2,349,160,0,160,509
10/14/2003,SMO,CA,AWP,WE,Towers with Display (VFR),0,21,66,0,87,0,4,106,0,110,0,25,172,0,197,62,0,62,259
10/15/2003,SMO,CA,AWP,WE,Towers with Display (VFR),0,24,74,0,98,0,7,157,4,168,0,31,231,4,266,185,0,185,451
10/16/2003,SMO,CA,AWP,WE,Towers with Display (VFR),0,22,70,0,92,0,8,121,2,131,0,30,191,2,223,106,0,106,329
10/17/2003,SMO,CA,AWP,WE,Towers with Display (VFR),0,22,70,0,92,0,4,174,2,180,0,26,244,2,272,92,0,92,364
10/18/2003,SMO,CA,AWP,WE,Towers with Display (VFR),0,15,49,0,64,0,14,217,0,231,0,29,266,0,295,154,0,154,449
10/19/2003,SMO,CA,AWP,WE,Towers with Display (VFR),0,18,59,0,77,0,12,227,2,241,0,30,286,2,318,198,0,198,516
10/20/2003,SMO,CA,AWP,WE,Towers with Display (VFR),0,21,67,0,88,0,4,224,6,234,0,25,291,6,322,182,0,182,504
10/21/2003,SMO,CA,AWP,WE,Towers with Display (VFR),0,21,68,0,89,0,29,198,8,235,0,50,266,8,324,196,0,196,520
10/22/2003,SMO,CA,AWP,WE,Towers with Display (VFR),0,22,74,0,96,0,8,204,6,218,0,30,278,6,314,188,0,188,502
10/23/2003,SMO,CA,AWP,WE,Towers with Display (VFR),0,20,64,0,84,0,6,290,0,296,0,26,354,0,380,150,0,150,530
10/24/2003,SMO,CA,AWP,WE,Towers with Display (VFR),0,28,90,0,118,0,9,104,0,113,0,37,194,0,231,62,0,62,293
10/25/2003,SMO,CA,AWP,WE,Towers with Display (VFR),0,20,70,0,90,0,0,63,0,63,0,20,133,0,153,64,0,64,217
10/26/2003,SMO,CA,AWP,WE,Towers with Display (VFR),0,15,51,0,66,0,4,114,0,118,0,19,165,0,184,92,0,92,276
10/27/2003,SMO,CA,AWP,WE,Towers with Display (VFR),0,5,20,0,25,0,9,141,8,158,0,14,161,8,183,114,0,114,297
10/28/2003,SMO,CA,AWP,WE,Towers with Display (VFR),0,19,62,0,81,0,3,118,0,121,0,22,180,0,202,86,0,86,288
10/29/2003,SMO,CA,AWP,WE,Towers with Display (VFR),0,24,77,0,101,0,0,99,6,105,0,24,176,6,206,104,0,104,310
10/30/2003,SMO,CA,AWP,WE,Towers with Display (VFR),0,25,80,0,105,0,15,160,2,177,0,40,240,2,282,220,0,220,502
10/31/2003,SMO,CA,AWP,WE,Towers with Display (VFR),0,9,70,0,79,0,0,148,0,148,0,9,218,0,227,98,0,98,325
11/01/2003,SMO,CA,AWP,WE,Towers with Display (VFR),0,19,50,0,69,0,5,258,6,269,0,24,308,6,338,230,0,230,568
11/02/2003,SMO,CA,AWP,WE,Towers with Display (VFR),0,25,65,0,90,0,13,243,0,256,0,38,308,0,346,182,0,182,528
11/03/2003,SMO,CA,AWP,WE,Towers with Display (VFR),0,29,76,0,105,0,0,99,0,99,0,29,175,0,204,128,0,128,332
11/04/2003,SMO,CA,AWP,WE,Towers with Display (VFR),0,20,51,0,71,0,9,185,4,198,0,29,236,4,269,206,0,206,475
11/05/2003,SMO,CA,AWP,WE,Towers with Display (VFR),0,28,74,0,102,0,20,177,20,217,0,48,251,20,319,206,0,206,525
11/06/2003,SMO,CA,AWP,WE,Towers with Display (VFR),0,22,56,0,78,0,0,181,5,186,0,22,237,5,264,156,0,156,420
11/07/2003,SMO,CA,AWP,WE,Towers with Display (VFR),0,22,55,0,77,0,2,235,0,237,0,24,290,0,314,146,0,146,460
11/08/2003,SMO,CA,AWP,WE,Towers with Display (VFR),0,14,41,0,55,0,0,248,0,248,0,14,289,0,303,160,0,160,463
11/09/2003,SMO,CA,AWP,WE,Towers with Display (VFR),0,23,79,1,103,0,0,130,7,137,0,23,209,8,240,180,0,180,420
11/10/2003,SMO,CA,AWP,WE,Towers with Display (VFR),0,21,55,1,77,0,3,239,7,249,0,24,294,8,326,174,0,174,500
11/11/2003,SMO,CA,AWP,WE,Towers with Display (VFR),0,20,61,0,81,0,0,208,0,208,0,20,269,0,289,126,0,126,415
11/12/2003,SMO,CA,AWP,WE,Towers with Display (VFR),0,25,67,1,93,0,2,108,10,120,0,27,175,11,213,72,0,72,285
11/13/2003,SMO,CA,AWP,WE,Towers with Display (VFR),0,32,87,0,119,0,6,181,4,191,0,38,268,4,310,260,0,260,570
11/14/2003,SMO,CA,AWP,WE,Towers with Display (VFR),0,30,81,0,111,0,1,233,12,246,0,31,314,12,357,94,0,94,451
11/15/2003,SMO,CA,AWP,WE,Towers with Display (VFR),0,21,67,0,88,0,0,184,10,194,0,21,251,10,282,194,0,194,476
11/16/2003,SMO,CA,AWP,WE,Towers with Display (VFR),0,35,93,0,128,0,12,248,26,286,0,47,341,26,414,130,0,130,544
11/17/2003,SMO,CA,AWP,WE,Towers with Display (VFR),0,28,75,0,103,0,6,182,6,194,0,34,257,6,297,230,0,230,527
11/18/2003,SMO,CA,AWP,WE,Towers with Display (VFR),0,25,67,0,92,0,12,214,17,243,0,37,281,17,335,190,0,190,525
11/19/2003,SMO,CA,AWP,WE,Towers with Display (VFR),0,24,64,0,88,0,4,251,2,257,0,28,315,2,345,168,0,168,513
11/20/2003,SMO,CA,AWP,WE,Towers with Display (VFR),0,20,93,0,113,0,0,82,4,86,0,20,175,4,199,8,0,8,207
11/21/2003,SMO,CA,AWP,WE,Towers with Display (VFR),0,31,123,0,154,0,0,91,4,95,0,31,214,4,249,188,0,188,437
11/22/2003,SMO,CA,AWP,WE,Towers with Display (VFR),0,19,53,0,72,0,14,105,6,125,0,33,158,6,197,184,0,184,381
11/23/2003,SMO,CA,AWP,WE,Towers with Display (VFR),0,15,56,0,71,0,0,207,2,209,0,15,263,2,280,152,0,152,432
11/24/2003,SMO,CA,AWP,WE,Towers with Display (VFR),0,18,48,0,66,0,12,217,14,243,0,30,265,14,309,172,0,172,481
11/25/2003,SMO,CA,AWP,WE,Towers with Display (VFR),0,22,62,0,84,0,5,181,2,188,0,27,243,2,272,134,0,134,406
11/26/2003,SMO,CA,AWP,WE,Towers with Display (VFR),0,30,80,0,110,0,14,273,2,289,0,44,353,2,399,126,0,126,525
11/27/2003,SMO,CA,AWP,WE,Towers with Display (VFR),0,7,20,0,27,0,3,154,0,157,0,10,174,0,184,56,0,56,240
11/28/2003,SMO,CA,AWP,WE,Towers with Display (VFR),0,18,51,0,69,0,0,210,2,212,0,18,261,2,281,120,0,120,401
11/29/2003,SMO,CA,AWP,WE,Towers with Display (VFR),0,19,52,0,71,0,7,250,0,257,0,26,302,0,328,106,0,106,434
11/30/2003,SMO,CA,AWP,WE,Towers with Display (VFR),0,38,101,0,139,0,7,210,0,217,0,45,311,0,356,70,0,70,426
12/01/2003,SMO,CA,AWP,WE,Towers with Display (VFR),0,18,50,0,68,0,12,110,6,128,0,30,160,6,196,86,0,86,282
12/02/2003,SMO,CA,AWP,WE,Towers with Display (VFR),0,14,39,0,53,0,1,193,8,202,0,15,232,8,255,112,0,112,367
12/03/2003,SMO,CA,AWP,WE,Towers with Display (VFR),0,29,80,0,109,0,17,207,9,233,0,46,287,9,342,152,0,152,494
12/04/2003,SMO,CA,AWP,WE,Towers with Display (VFR),0,31,92,0,123,0,0,78,4,82,0,31,170,4,205,60,0,60,265
12/05/2003,SMO,CA,AWP,WE,Towers with Display (VFR),0,22,72,0,94,0,0,95,8,103,0,22,167,8,197,88,0,88,285
12/06/2003,SMO,CA,AWP,WE,Towers with Display (VFR),0,21,64,0,85,0,0,67,0,67,0,21,131,0,152,48,0,48,200
12/07/2003,SMO,CA,AWP,WE,Towers with Display (VFR),0,24,72,0,96,0,0,24,0,24,0,24,96,0,120,6,0,6,126
12/08/2003,SMO,CA,AWP,WE,Towers with Display (VFR),0,20,55,0,75,0,23,120,8,151,0,43,175,8,226,96,0,96,322
12/09/2003,SMO,CA,AWP,WE,Towers with Display (VFR),0,19,50,0,69,0,3,143,1,147,0,22,193,1,216,116,0,116,332
12/10/2003,SMO,CA,AWP,WE,Towers with Display (VFR),0,26,83,0,109,0,0,79,8,87,0,26,162,8,196,148,0,148,344
12/11/2003,SMO,CA,AWP,WE,Towers with Display (VFR),0,21,78,0,99,0,0,83,0,83,0,21,161,0,182,76,0,76,258
12/12/2003,SMO,CA,AWP,WE,Towers with Display (VFR),0,22,60,0,82,0,0,176,0,176,0,22,236,0,258,104,0,104,362
12/13/2003,SMO,CA,AWP,WE,Towers with Display (VFR),0,14,44,0,58,0,0,261,0,261,0,14,305,0,319,148,0,148,467
12/14/2003,SMO,CA,AWP,WE,Towers with Display (VFR),0,18,67,0,85,0,0,39,0,39,0,18,106,0,124,66,0,66,190
12/15/2003,SMO,CA,AWP,WE,Towers with Display (VFR),0,15,43,0,58,0,7,158,0,165,0,22,201,0,223,74,0,74,297
12/16/2003,SMO,CA,AWP,WE,Towers with Display (VFR),0,22,61,0,83,0,4,186,0,190,0,26,247,0,273,92,0,92,365
12/17/2003,SMO,CA,AWP,WE,Towers with Display (VFR),0,26,73,0,99,0,1,235,0,236,0,27,308,0,335,146,0,146,481
12/18/2003,SMO,CA,AWP,WE,Towers with Display (VFR),0,25,72,0,97,0,9,184,0,193,0,34,256,0,290,182,0,182,472
12/19/2003,SMO,CA,AWP,WE,Towers with Display (VFR),0,22,65,0,87,0,1,184,0,185,0,23,249,0,272,74,0,74,346
12/20/2003,SMO,CA,AWP,WE,Towers with Display (VFR),0,22,62,0,84,0,2,138,0,140,0,24,200,0,224,206,0,206,430
12/21/2003,SMO,CA,AWP,WE,Towers with Display (VFR),0,23,68,0,91,0,5,108,0,113,0,28,176,0,204,50,0,50,254
12/22/2003,SMO,CA,AWP,WE,Towers with Display (VFR),0,21,59,0,80,0,9,138,0,147,0,30,197,0,227,88,0,88,315
12/23/2003,SMO,CA,AWP,WE,Towers with Display (VFR),0,16,47,0,63,0,1,88,4,93,0,17,135,4,156,70,0,70,226
12/24/2003,SMO,CA,AWP,WE,Towers with Display (VFR),0,17,50,0,67,0,7,56,4,67,0,24,106,4,134,64,0,64,198
12/25/2003,SMO,CA,AWP,WE,Towers with Display (VFR),0,2,3,0,5,0,5,0,0,5,0,7,3,0,10,0,0,0,10
12/26/2003,SMO,CA,AWP,WE,Towers with Display (VFR),0,14,43,0,57,0,4,161,4,169,0,18,204,4,226,120,0,120,346
12/27/2003,SMO,CA,AWP,WE,Towers with Display (VFR),0,18,51,0,69,0,7,161,0,168,0,25,212,0,237,90,0,90,327
12/28/2003,SMO,CA,AWP,WE,Towers with Display (VFR),0,15,45,0,60,0,8,212,0,220,0,23,257,0,280,110,0,110,390
12/29/2003,SMO,CA,AWP,WE,Towers with Display (VFR),0,14,43,0,57,0,8,96,7,111,0,22,139,7,168,78,0,78,246
12/30/2003,SMO,CA,AWP,WE,Towers with Display (VFR),0,8,27,0,35,0,0,110,3,113,0,8,137,3,148,56,0,56,204
12/31/2003,SMO,CA,AWP,WE,Towers with Display (VFR),0,10,41,0,51,0,0,153,4,157,0,10,194,4,208,64,0,64,272
01/01/2004,SMO,CA,AWP,WE,Towers with Display (VFR),0,10,30,0,40,0,0,138,0,138,0,10,168,0,178,36,0,36,214
01/02/2004,SMO,CA,AWP,WE,Towers with Display (VFR),0,10,21,0,31,0,1,0,0,1,0,11,21,0,32,0,0,0,32
01/03/2004,SMO,CA,AWP,WE,Towers with Display (VFR),0,23,50,0,73,0,19,105,2,126,0,42,155,2,199,94,0,94,293
01/04/2004,SMO,CA,AWP,WE,Towers with Display (VFR),0,27,60,0,87,0,9,222,2,233,0,36,282,2,320,164,0,164,484
01/05/2004,SMO,CA,AWP,WE,Towers with Display (VFR),0,23,50,0,73,0,13,133,0,146,0,36,183,0,219,120,0,120,339
01/06/2004,SMO,CA,AWP,WE,Towers with Display (VFR),0,17,41,0,58,0,13,127,0,140,0,30,168,0,198,118,0,118,316
01/07/2004,SMO,CA,AWP,WE,Towers with Display (VFR),0,20,52,1,73,0,0,155,5,160,0,20,207,6,233,88,0,88,321
01/08/2004,SMO,CA,AWP,WE,Towers with Display (VFR),0,20,46,1,67,0,4,161,5,170,0,24,207,6,237,142,0,142,379
01/09/2004,SMO,CA,AWP,WE,Towers with Display (VFR),0,27,64,1,92,0,0,182,1,183,0,27,246,2,275,140,0,140,415
01/10/2004,SMO,CA,AWP,WE,Towers with Display (VFR),0,20,48,0,68,0,4,273,0,277,0,24,321,0,345,136,0,136,481
01/11/2004,SMO,CA,AWP,WE,Towers with Display (VFR),0,26,61,0,87,0,9,226,0,235,0,35,287,0,322,89,0,89,411
01/12/2004,SMO,CA,AWP,WE,Towers with Display (VFR),0,16,68,0,84,0,0,69,0,69,0,16,137,0,153,62,0,62,215
01/13/2004,SMO,CA,AWP,WE,Towers with Display (VFR),0,17,52,0,69,0,0,164,0,164,0,17,216,0,233,80,0,80,313
01/14/2004,SMO,CA,AWP,WE,Towers with Display (VFR),0,27,75,1,103,0,0,185,8,193,0,27,260,9,296,148,0,148,444
01/15/2004,SMO,CA,AWP,WE,Towers with Display (VFR),0,28,66,0,94,0,26,202,6,234,0,54,268,6,328,150,0,150,478
01/16/2004,SMO,CA,AWP,WE,Towers with Display (VFR),0,43,100,0,143,0,4,100,5,109,0,47,200,5,252,104,0,104,356
01/17/2004,SMO,CA,AWP,WE,Towers with Display (VFR),0,25,59,0,84,0,7,183,4,194,0,32,242,4,278,134,0,134,412
01/18/2004,SMO,CA,AWP,WE,Towers with Display (VFR),0,25,88,0,113,0,0,125,0,125,0,25,213,0,238,34,0,34,272
01/19/2004,SMO,CA,AWP,WE,Towers with Display (VFR),0,46,119,0,165,0,0,93,2,95,0,46,212,2,260,70,0,70,330
01/20/2004,SMO,CA,AWP,WE,Towers with Display (VFR),0,32,75,0,107,0,6,130,2,138,0,38,205,2,245,110,0,110,355
01/21/2004,SMO,CA,AWP,WE,Towers with Display (VFR),0,18,51,0,69,0,0,213,6,219,0,18,264,6,288,130,0,130,418
01/22/2004,SMO,CA,AWP,WE,Towers with Display (VFR),0,22,53,0,75,0,25,106,10,141,0,47,159,10,216,134,0,134,350
01/23/2004,SMO,CA,AWP,WE,Towers with Display (VFR),0,34,86,0,120,0,0,261,0,261,0,34,347,0,381,156,0,156,537
01/24/2004,SMO,CA,AWP,WE,Towers with Display (VFR),0,22,65,0,87,0,0,113,0,113,0,22,178,0,200,126,0,126,326
01/25/2004,SMO,CA,AWP,WE,Towers with Display (VFR),0,28,67,0,95,0,12,215,0,227,0,40,282,0,322,156,0,156,478
01/26/2004,SMO,CA,AWP,WE,Towers with Display (VFR),0,29,69,0,98,0,7,159,2,168,0,36,228,2,266,122,0,122,388
01/27/2004,SMO,CA,AWP,WE,Towers with Display (VFR),0,24,61,0,85,0,0,134,2,136,0,24,195,2,221,156,0,156,377
01/28/2004,SMO,CA,AWP,WE,Towers with Display (VFR),0,23,56,0,79,0,0,133,2,135,0,23,189,2,214,94,0,94,308
01/29/2004,SMO,CA,AWP,WE,Towers with Display (VFR),0,28,68,0,96,0,9,186,15,210,0,37,254,15,306,138,0,138,444
01/30/2004,SMO,CA,AWP,WE,Towers with Display (VFR),0,27,70,0,97,0,0,195,0,195,0,27,265,0,292,98,0,98,390
01/31/2004,SMO,CA,AWP,WE,Towers with Display (VFR),0,14,35,0,49,0,10,148,4,162,0,24,183,4,211,86,0,86,297
02/01/2004,SMO,CA,AWP,WE,Towers with Display (VFR),0,24,48,0,72,0,3,225,0,228,0,27,273,0,300,92,0,92,392
02/02/2004,SMO,CA,AWP,WE,Towers with Display (VFR),0,29,58,0,87,0,2,86,0,88,0,31,144,0,175,90,0,90,265
02/03/2004,SMO,CA,AWP,WE,Towers with Display (VFR),0,25,51,0,76,0,8,105,6,119,0,33,156,6,195,68,0,68,263
02/04/2004,SMO,CA,AWP,WE,Towers with Display (VFR),0,33,65,0,98,0,18,155,2,175,0,51,220,2,273,144,0,144,417
02/05/2004,SMO,CA,AWP,WE,Towers with Display (VFR),0,32,64,0,96,0,4,169,8,181,0,36,233,8,277,120,0,120,397
02/06/2004,SMO,CA,AWP,WE,Towers with Display (VFR),0,39,79,0,118,0,8,289,12,309,0,47,368,12,427,206,0,206,633
02/07/2004,SMO,CA,AWP,WE,Towers with Display (VFR),0,22,44,0,66,0,8,177,0,185,0,30,221,0,251,76,0,76,327
02/08/2004,SMO,CA,AWP,WE,Towers with Display (VFR),0,30,60,0,90,0,9,247,4,260,0,39,307,4,350,140,0,140,490
02/09/2004,SMO,CA,AWP,WE,Towers with Display (VFR),0,31,62,0,93,0,7,131,3,141,0,38,193,3,234,167,0,167,401
02/10/2004,SMO,CA,AWP,WE,Towers with Display (VFR),0,27,56,0,83,0,15,139,0,154,0,42,195,0,237,134,0,134,371
02/11/2004,SMO,CA,AWP,WE,Towers with Display (VFR),0,34,70,1,105,0,7,191,9,207,0,41,261,10,312,142,0,142,454
02/12/2004,SMO,CA,AWP,WE,Towers with Display (VFR),0,39,80,1,120,0,6,256,3,265,0,45,336,4,385,148,0,148,533
02/13/2004,SMO,CA,AWP,WE,Towers with Display (VFR),0,33,69,1,103,0,13,195,1,209,0,46,264,2,312,76,0,76,388
02/14/2004,SMO,CA,AWP,WE,Towers with Display (VFR),0,20,42,1,63,0,11,230,1,242,0,31,272,2,305,108,0,108,413
02/15/2004,SMO,CA,AWP,WE,Towers with Display (VFR),0,29,61,1,91,0,16,164,1,181,0,45,225,2,272,82,0,82,354
02/16/2004,SMO,CA,AWP,WE,Towers with Display (VFR),0,35,73,0,108,0,7,207,0,214,0,42,280,0,322,144,0,144,466
02/17/2004,SMO,CA,AWP,WE,Towers with Display (VFR),0,38,81,0,119,0,15,216,0,231,0,53,297,0,350,136,0,136,486
02/18/2004,SMO,CA,AWP,WE,Towers with Display (VFR),0,32,68,0,100,0,2,24,0,26,0,34,92,0,126,14,0,14,140
02/19/2004,SMO,CA,AWP,WE,Towers with Display (VFR),0,34,85,0,119,0,0,190,0,190,0,34,275,0,309,58,0,58,367
02/20/2004,SMO,CA,AWP,WE,Towers with Display (VFR),0,36,83,0,119,0,0,70,8,78,0,36,153,8,197,130,0,130,327
02/21/2004,SMO,CA,AWP,WE,Towers with Display (VFR),0,16,54,0,70,0,0,54,4,58,0,16,108,4,128,80,0,80,208
02/22/2004,SMO,CA,AWP,WE,Towers with Display (VFR),0,26,58,0,84,0,0,55,2,57,0,26,113,2,141,36,0,36,177
02/23/2004,SMO,CA,AWP,WE,Towers with Display (VFR),0,31,65,0,96,0,5,118,4,127,0,36,183,4,223,108,0,108,331
02/24/2004,SMO,CA,AWP,WE,Towers with Display (VFR),0,32,71,0,103,0,0,107,0,107,0,32,178,0,210,94,0,94,304
02/25/2004,SMO,CA,AWP,WE,Towers with Display (VFR),0,9,44,0,53,0,0,63,2,65,0,9,107,2,118,64,0,64,182
02/26/2004,SMO,CA,AWP,WE,Towers with Display (VFR),0,29,61,0,90,0,6,65,2,73,0,35,126,2,163,24,0,24,187
02/27/2004,SMO,CA,AWP,WE,Towers with Display (VFR),0,37,78,0,115,0,4,133,2,139,0,41,211,2,254,108,0,108,362
02/28/2004,SMO,CA,AWP,WE,Towers with Display (VFR),0,17,44,0,61,0,0,209,0,209,0,17,253,0,270,96,0,96,366
02/29/2004,SMO,CA,AWP,WE,Towers with Display (VFR),0,30,62,0,92,0,5,208,0,213,0,35,270,0,305,128,0,128,433
03/01/2004,SMO,CA,AWP,WE,Towers with Display (VFR),0,27,71,0,98,0,4,59,12,75,0,31,130,12,173,148,0,148,321
03/02/2004,SMO,CA,AWP,WE,Towers with Display (VFR),0,22,56,0,78,0,1,71,2,74,0,23,127,2,152,24,0,24,176
03/03/2004,SMO,CA,AWP,WE,Towers with Display (VFR),0,11,29,0,40,0,9,26,21,56,0,20,55,21,96,24,0,24,120
03/04/2004,SMO,CA,AWP,WE,Towers with Display (VFR),0,32,84,0,116,0,8,141,4,153,0,40,225,4,269,148,0,148,417
03/05/2004,SMO,CA,AWP,WE,Towers with Display (VFR),0,31,81,0,112,0,8,144,14,166,0,39,225,14,278,172,0,172,450
03/06/2004,SMO,CA,AWP,WE,Towers with Display (VFR),0,21,55,0,76,0,6,237,2,245,0,27,292,2,321,142,0,142,463
03/07/2004,SMO,CA,AWP,WE,Towers with Display (VFR),0,29,75,0,104,0,22,203,0,225,0,51,278,0,329,128,0,128,457
03/08/2004,SMO,CA,AWP,WE,Towers with Display (VFR),0,23,62,0,85,0,9,201,10,220,0,32,263,10,305,118,0,118,423
03/09/2004,SMO,CA,AWP,WE,Towers with Display (VFR),0,19,51,0,70,0,9,177,0,186,0,28,228,0,256,108,0,108,364
03/10/2004,SMO,CA,AWP,WE,Towers with Display (VFR),0,33,89,0,122,0,12,47,0,59,0,45,136,0,181,32,0,32,213
03/11/2004,SMO,CA,AWP,WE,Towers with Display (VFR),0,25,73,0,98,0,0,56,0,56,0,25,129,0,154,16,0,16,170
03/12/2004,SMO,CA,AWP,WE,Towers with Display (VFR),0,41,111,1,153,0,15,94,18,127,0,56,205,19,280,122,0,122,402
03/13/2004,SMO,CA,AWP,WE,Towers with Display (VFR),0,21,58,0,79,0,4,122,0,126,0,25,180,0,205,91,0,91,296
03/14/2004,SMO,CA,AWP,WE,Towers with Display (VFR),0,18,75,0,93,0,0,30,0,30,0,18,105,0,123,2,0,2,125
03/15/2004,SMO,CA,AWP,WE,Towers with Display (VFR),0,19,97,0,116,0,0,49,0,49,0,19,146,0,165,4,0,4,169
03/16/2004,SMO,CA,AWP,WE,Towers with Display (VFR),0,13,60,1,74,0,0,75,3,78,0,13,135,4,152,30,0,30,182
03/17/2004,SMO,CA,AWP,WE,Towers with Display (VFR),0,18,64,0,82,0,0,61,0,61,0,18,125,0,143,22,0,22,165
03/18/2004,SMO,CA,AWP,WE,Towers with Display (VFR),0,41,136,0,177,0,0,22,2,24,0,41,158,2,201,0,0,0,201
03/19/2004,SMO,CA,AWP,WE,Towers with Display (VFR),0,30,114,0,144,0,0,42,6,48,0,30,156,6,192,12,0,12,204
03/20/2004,SMO,CA,AWP,WE,Towers with Display (VFR),0,18,74,0,92,0,0,54,0,54,0,18,128,0,146,14,0,14,160
03/21/2004,SMO,CA,AWP,WE,Towers with Display (VFR),0,20,87,0,107,0,0,67,0,67,0,20,154,0,174,32,0,32,206
03/22/2004,SMO,CA,AWP,WE,Towers with Display (VFR),0,27,82,0,109,0,0,15,8,23,0,27,97,8,132,8,0,8,140
03/23/2004,SMO,CA,AWP,WE,Towers with Display (VFR),0,29,81,0,110,0,5,21,2,28,0,34,102,2,138,86,0,86,224
03/24/2004,SMO,CA,AWP,WE,Towers with Display (VFR),0,28,79,0,107,0,3,156,0,159,0,31,235,0,266,164,0,164,430
03/25/2004,SMO,CA,AWP,WE,Towers with Display (VFR),0,32,89,0,121,0,3,112,4,119,0,35,201,4,240,138,0,138,378
03/26/2004,SMO,CA,AWP,WE,Towers with Display (VFR),0,29,81,0,110,0,20,169,6,195,0,49,250,6,305,166,0,166,471
03/27/2004,SMO,CA,AWP,WE,Towers with Display (VFR),0,18,50,0,68,0,16,261,0,277,0,34,311,0,345,204,0,204,549
03/28/2004,SMO,CA,AWP,WE,Towers with Display (VFR),0,22,60,0,82,0,9,291,2,302,0,31,351,2,384,162,0,162,546
03/29/2004,SMO,CA,AWP,WE,Towers with Display (VFR),0,23,64,0,87,0,15,215,4,234,0,38,279,4,321,170,0,170,491
03/30/2004,SMO,CA,AWP,WE,Towers with Display (VFR),0,19,54,0,73,0,3,222,0,225,0,22,276,0,298,108,0,108,406
03/31/2004,SMO,CA,AWP,WE,Towers with Display (VFR),0,32,88,0,120,0,3,135,4,142,0,35,223,4,262,110,0,110,372
04/01/2004,SMO,CA,AWP,WE,Towers with Display (VFR),0,26,83,0,109,0,0,61,0,61,0,26,144,0,170,90,0,90,260
04/02/2004,SMO,CA,AWP,WE,Towers with Display (VFR),0,29,87,0,116,0,0,121,12,133,0,29,208,12,249,274,0,274,523
04/03/2004,SMO,CA,AWP,WE,Towers with Display (VFR),0,26,67,0,93,0,2,120,4,126,0,28,187,4,219,84,0,84,303
04/04/2004,SMO,CA,AWP,WE,Towers with Display (VFR),0,26,69,0,95,0,0,181,12,193,0,26,250,12,288,148,0,148,436
04/05/2004,SMO,CA,AWP,WE,Towers with Display (VFR),0,28,72,0,100,0,9,90,2,101,0,37,162,2,201,104,0,104,305
04/06/2004,SMO,CA,AWP,WE,Towers with Display (VFR),0,23,74,0,97,0,0,105,18,123,0,23,179,18,220,144,0,144,364
04/07/2004,SMO,CA,AWP,WE,Towers with Display (VFR),0,18,46,0,64,0,7,164,2,173,0,25,210,2,237,96,0,96,333
04/08/2004,SMO,CA,AWP,WE,Towers with Display (VFR),0,34,86,0,120,0,3,58,0,61,0,37,144,0,181,104,0,104,285
04/09/2004,SMO,CA,AWP,WE,Towers with Display (VFR),0,32,82,0,114,0,0,137,6,143,0,32,219,6,257,104,0,104,361
04/10/2004,SMO,CA,AWP,WE,Towers with Display (VFR),0,18,98,0,116,0,0,32,4,36,0,18,130,4,152,40,0,40,192
04/11/2004,SMO,CA,AWP,WE,Towers with Display (VFR),0,23,65,0,88,0,0,165,0,165,0,23,230,0,253,100,0,100,353
04/12/2004,SMO,CA,AWP,WE,Towers with Display (VFR),0,29,75,1,105,0,0,125,3,128,0,29,200,4,233,38,0,38,271
04/13/2004,SMO,CA,AWP,WE,Towers with Display (VFR),0,26,70,1,97,0,8,124,5,137,0,34,194,6,234,72,0,72,306
04/14/2004,SMO,CA,AWP,WE,Towers with Display (VFR),0,23,62,1,86,0,0,151,3,154,0,23,213,4,240,70,0,70,310
04/15/2004,SMO,CA,AWP,WE,Towers with Display (VFR),0,28,76,0,104,0,4,172,8,184,0,32,248,8,288,92,0,92,380
04/16/2004,SMO,CA,AWP,WE,Towers with Display (VFR),0,32,85,0,117,0,4,141,6,151,0,36,226,6,268,88,0,88,356
04/17/2004,SMO,CA,AWP,WE,Towers with Display (VFR),0,18,49,0,67,0,15,118,1,134,0,33,167,1,201,190,0,190,391
04/18/2004,SMO,CA,AWP,WE,Towers with Display (VFR),0,30,80,0,110,0,2,186,2,190,0,32,266,2,300,164,0,164,464
04/19/2004,SMO,CA,AWP,WE,Towers with Display (VFR),0,20,53,0,73,0,2,219,8,229,0,22,272,8,302,106,0,106,408
04/20/2004,SMO,CA,AWP,WE,Towers with Display (VFR),0,25,68,0,93,0,24,238,3,265,0,49,306,3,358,134,0,134,492
04/21/2004,SMO,CA,AWP,WE,Towers with Display (VFR),0,28,74,0,102,0,8,133,2,143,0,36,207,2,245,172,0,172,417
04/22/2004,SMO,CA,AWP,WE,Towers with Display (VFR),0,29,76,0,105,0,15,100,8,123,0,44,176,8,228,94,0,94,322
04/23/2004,SMO,CA,AWP,WE,Towers with Display (VFR),0,29,76,0,105,0,11,195,0,206,0,40,271,0,311,86,0,86,397
04/24/2004,SMO,CA,AWP,WE,Towers with Display (VFR),0,24,63,0,87,0,7,269,2,278,0,31,332,2,365,144,0,144,509
04/25/2004,SMO,CA,AWP,WE,Towers with Display (VFR),0,27,71,0,98,0,11,271,0,282,0,38,342,0,380,122,0,122,502
04/26/2004,SMO,CA,AWP,WE,Towers with Display (VFR),0,21,57,0,78,0,6,205,6,217,0,27,262,6,295,130,0,130,425
04/27/2004,SMO,CA,AWP,WE,Towers with Display (VFR),0,28,74,0,102,0,12,175,2,189,0,40,249,2,291,96,0,96,387
04/28/2004,SMO,CA,AWP,WE,Towers with Display (VFR),0,41,112,0,153,0,0,110,6,116,0,41,222,6,269,60,0,60,329
04/29/2004,SMO,CA,AWP,WE,Towers with Display (VFR),0,36,94,0,130,0,3,125,6,134,0,39,219,6,264,210,0,210,474
04/30/2004,SMO,CA,AWP,WE,Towers with Display (VFR),0,29,81,0,110,0,0,170,6,176,0,29,251,6,286,116,0,116,402
05/01/2004,SMO,CA,AWP,WE,Towers with Display (VFR),0,16,40,0,56,0,0,249,2,251,0,16,289,2,307,158,0,158,465
05/02/2004,SMO,CA,AWP,WE,Towers with Display (VFR),0,22,52,0,74,0,3,229,4,236,0,25,281,4,310,152,0,152,462
05/03/2004,SMO,CA,AWP,WE,Towers with Display (VFR),0,25,61,0,86,0,5,183,6,194,0,30,244,6,280,124,0,124,404
05/04/2004,SMO,CA,AWP,WE,Towers with Display (VFR),0,23,59,0,82,0,0,246,2,248,0,23,305,2,330,142,0,142,472
05/05/2004,SMO,CA,AWP,WE,Towers with Display (VFR),0,35,85,0,120,0,3,197,0,200,0,38,282,0,320,182,0,182,502
05/06/2004,SMO,CA,AWP,WE,Towers with Display (VFR),0,24,60,0,84,0,0,160,0,160,0,24,220,0,244,176,0,176,420
05/07/2004,SMO,CA,AWP,WE,Towers with Display (VFR),0,30,73,0,103,0,5,217,2,224,0,35,290,2,327,138,0,138,465
05/08/2004,SMO,CA,AWP,WE,Towers with Display (VFR),0,24,58,0,82,0,9,201,4,214,0,33,259,4,296,120,0,120,416
05/09/2004,SMO,CA,AWP,WE,Towers with Display (VFR),0,21,52,0,73,0,8,215,2,225,0,29,267,2,298,170,0,170,468
05/10/2004,SMO,CA,AWP,WE,Towers with Display (VFR),0,31,75,0,106,0,10,120,16,146,0,41,195,16,252,90,0,90,342
05/11/2004,SMO,CA,AWP,WE,Towers with Display (VFR),0,25,62,0,87,0,9,168,2,179,0,34,230,2,266,154,0,154,420
05/12/2004,SMO,CA,AWP,WE,Towers with Display (VFR),0,29,79,0,108,0,0,202,4,206,0,29,281,4,314,78,0,78,392
05/13/2004,SMO,CA,AWP,WE,Towers with Display (VFR),0,28,69,1,98,0,0,189,7,196,0,28,258,8,294,156,0,156,450
05/14/2004,SMO,CA,AWP,WE,Towers with Display (VFR),0,35,87,1,123,0,21,221,5,247,0,56,308,6,370,160,0,160,530
05/15/2004,SMO,CA,AWP,WE,Towers with Display (VFR),0,24,60,0,84,0,4,215,6,225,0,28,275,6,309,141,0,141,450
05/16/2004,SMO,CA,AWP,WE,Towers with Display (VFR),0,30,77,0,107,0,14,177,4,195,0,44,254,4,302,150,0,150,452
05/17/2004,SMO,CA,AWP,WE,Towers with Display (VFR),0,32,81,0,113,0,5,126,6,137,0,37,207,6,250,238,0,238,488
05/18/2004,SMO,CA,AWP,WE,Towers with Display (VFR),0,16,49,0,65,0,0,159,2,161,0,16,208,2,226,172,0,172,398
05/19/2004,SMO,CA,AWP,WE,Towers with Display (VFR),0,32,82,0,114,0,1,217,8,226,0,33,299,8,340,180,0,180,520
05/20/2004,SMO,CA,AWP,WE,Towers with Display (VFR),0,31,77,0,108,0,13,164,6,183,0,44,241,6,291,184,0,184,475
05/21/2004,SMO,CA,AWP,WE,Towers with Display (VFR),0,39,97,0,136,0,9,154,10,173,0,48,251,10,309,184,0,184,493
05/22/2004,SMO,CA,AWP,WE,Towers with Display (VFR),0,17,55,0,72,0,0,217,6,223,0,17,272,6,295,134,0,134,429
05/23/2004,SMO,CA,AWP,WE,Towers with Display (VFR),0,30,82,0,112,0,0,120,0,120,0,30,202,0,232,128,0,128,360
05/24/2004,SMO,CA,AWP,WE,Towers with Display (VFR),0,34,87,0,121,0,9,163,2,174,0,43,250,2,295,160,0,160,455
05/25/2004,SMO,CA,AWP,WE,Towers with Display (VFR),0,23,93,0,116,0,0,140,20,160,0,23,233,20,276,206,0,206,482
05/26/2004,SMO,CA,AWP,WE,Towers with Display (VFR),0,27,75,0,102,0,0,222,4,226,0,27,297,4,328,114,0,114,442
05/27/2004,SMO,CA,AWP,WE,Towers with Display (VFR),0,36,98,0,134,0,0,115,8,123,0,36,213,8,257,176,0,176,433
05/28/2004,SMO,CA,AWP,WE,Towers with Display (VFR),0,42,129,0,171,0,0,84,0,84,0,42,213,0,255,92,0,92,347
05/29/2004,SMO,CA,AWP,WE,Towers with Display (VFR),0,19,49,0,68,0,6,251,0,257,0,25,300,0,325,164,0,164,489
05/30/2004,SMO,CA,AWP,WE,Towers with Display (VFR),0,16,41,0,57,0,12,184,2,198,0,28,225,2,255,112,0,112,367
05/31/2004,SMO,CA,AWP,WE,Towers with Display (VFR),0,26,67,0,93,0,5,242,0,247,0,31,309,0,340,114,0,114,454
06/01/2004,SMO,CA,AWP,WE,Towers with Display (VFR),0,27,80,0,107,0,14,166,0,180,0,41,246,0,287,94,0,94,381
06/02/2004,SMO,CA,AWP,WE,Towers with Display (VFR),0,29,85,0,114,0,15,141,2,158,0,44,226,2,272,80,0,80,352
06/03/2004,SMO,CA,AWP,WE,Towers with Display (VFR),0,29,87,0,116,0,0,104,4,108,0,29,191,4,224,106,0,106,330
06/04/2004,SMO,CA,AWP,WE,Towers with Display (VFR),0,37,109,0,146,0,0,71,0,71,0,37,180,0,217,22,0,22,239
06/05/2004,SMO,CA,AWP,WE,Towers with Display (VFR),0,29,86,0,115,0,4,112,0,116,0,33,198,0,231,44,0,44,275
06/06/2004,SMO,CA,AWP,WE,Towers with Display (VFR),0,28,82,0,110,0,3,149,4,156,0,31,231,4,266,76,0,76,342
06/07/2004,SMO,CA,AWP,WE,Towers with Display (VFR),0,33,95,0,128,0,16,37,6,59,0,49,132,6,187,102,0,102,289
06/08/2004,SMO,CA,AWP,WE,Towers with Display (VFR),0,40,115,0,155,0,14,43,5,62,0,54,158,5,217,0,0,0,217
06/09/2004,SMO,CA,AWP,WE,Towers with Display (VFR),0,30,86,0,116,0,9,146,0,155,0,39,232,0,271,234,0,234,505
06/10/2004,SMO,CA,AWP,WE,Towers with Display (VFR),0,21,61,0,82,0,1,169,8,178,0,22,230,8,260,130,0,130,390
06/11/2004,SMO,CA,AWP,WE,Towers with Display (VFR),0,35,101,0,136,0,14,141,8,163,0,49,242,8,299,52,0,52,351
06/12/2004,SMO,CA,AWP,WE,Towers with Display (VFR),0,12,54,1,67,0,0,219,1,220,0,12,273,2,287,148,0,148,435
06/13/2004,SMO,CA,AWP,WE,Towers with Display (VFR),0,22,67,1,90,0,18,199,3,220,0,40,266,4,310,90,0,90,400
06/14/2004,SMO,CA,AWP,WE,Towers with Display (VFR),0,26,81,1,108,0,0,115,7,122,0,26,196,8,230,56,0,56,286
06/15/2004,SMO,CA,AWP,WE,Towers with Display (VFR),0,14,62,1,77,0,0,126,5,131,0,14,188,6,208,192,0,192,400
06/16/2004,SMO,CA,AWP,WE,Towers with Display (VFR),0,16,121,1,138,0,0,85,3,88,0,16,206,4,226,96,0,96,322
06/17/2004,SMO,CA,AWP,WE,Towers with Display (VFR),0,39,116,0,155,0,3,98,6,107,0,42,214,6,262,154,0,154,416
06/18/2004,SMO,CA,AWP,WE,Towers with Display (VFR),0,32,97,0,129,0,2,171,4,177,0,34,268,4,306,160,0,160,466
06/19/2004,SMO,CA,AWP,WE,Towers with Display (VFR),0,21,75,0,96,0,0,96,0,96,0,21,171,0,192,110,0,110,302
06/20/2004,SMO,CA,AWP,WE,Towers with Display (VFR),0,19,99,0,118,0,0,92,26,118,0,19,191,26,236,42,0,42,278
06/21/2004,SMO,CA,AWP,WE,Towers with Display (VFR),0,29,104,0,133,0,0,33,6,39,0,29,137,6,172,80,0,80,252
06/22/2004,SMO,CA,AWP,WE,Towers with Display (VFR),0,27,81,0,108,0,2,76,6,84,0,29,157,6,192,102,0,102,294
06/23/2004,SMO,CA,AWP,WE,Towers with Display (VFR),0,33,100,0,133,0,12,60,2,74,0,45,160,2,207,94,0,94,301
06/24/2004,SMO,CA,AWP,WE,Towers with Display (VFR),0,21,65,0,86,0,10,70,5,85,0,31,135,5,171,12,0,12,183
06/25/2004,SMO,CA,AWP,WE,Towers with Display (VFR),0,32,96,0,128,0,10,90,6,106,0,42,186,6,234,106,0,106,340
06/26/2004,SMO,CA,AWP,WE,Towers with Display (VFR),0,14,43,0,57,0,8,214,6,228,0,22,257,6,285,60,0,60,345
06/27/2004,SMO,CA,AWP,WE,Towers with Display (VFR),0,33,102,0,135,0,11,178,2,191,0,44,280,2,326,132,0,132,458
06/28/2004,SMO,CA,AWP,WE,Towers with Display (VFR),0,35,106,0,141,0,14,101,14,129,0,49,207,14,270,174,0,174,444
06/29/2004,SMO,CA,AWP,WE,Towers with Display (VFR),0,29,89,0,118,0,1,142,6,149,0,30,231,6,267,180,0,180,447
06/30/2004,SMO,CA,AWP,WE,Towers with Display (VFR),0,30,93,0,123,0,1,131,10,142,0,31,224,10,265,252,0,252,517
07/01/2004,SMO,CA,AWP,WE,Towers with Display (VFR),0,24,94,0,118,0,0,105,12,117,0,24,199,12,235,142,0,142,377
07/02/2004,SMO,CA,AWP,WE,Towers with Display (VFR),0,27,55,0,82,0,30,124,2,156,0,57,179,2,238,110,0,110,348
07/03/2004,SMO,CA,AWP,WE,Towers with Display (VFR),0,29,64,0,93,0,0,156,0,156,0,29,220,0,249,142,0,142,391
07/04/2004,SMO,CA,AWP,WE,Towers with Display (VFR),0,10,33,0,43,0,0,70,0,70,0,10,103,0,113,52,0,52,165
07/05/2004,SMO,CA,AWP,WE,Towers with Display (VFR),0,44,90,0,134,0,23,180,0,203,0,67,270,0,337,114,0,114,451
07/06/2004,SMO,CA,AWP,WE,Towers with Display (VFR),0,33,73,0,106,0,0,129,8,137,0,33,202,8,243,90,0,90,333
07/07/2004,SMO,CA,AWP,WE,Towers with Display (VFR),0,30,81,0,111,0,0,82,6,88,0,30,163,6,199,6,0,6,205
07/08/2004,SMO,CA,AWP,WE,Towers with Display (VFR),0,37,76,0,113,0,0,120,6,126,0,37,196,6,239,200,0,200,439
07/09/2004,SMO,CA,AWP,WE,Towers with Display (VFR),0,29,59,0,88,0,10,156,2,168,0,39,215,2,256,144,0,144,400
07/10/2004,SMO,CA,AWP,WE,Towers with Display (VFR),0,19,39,0,58,0,8,213,4,225,0,27,252,4,283,178,0,178,461
07/11/2004,SMO,CA,AWP,WE,Towers with Display (VFR),0,34,69,0,103,0,11,190,0,201,0,45,259,0,304,56,0,56,360
07/12/2004,SMO,CA,AWP,WE,Towers with Display (VFR),0,24,47,0,71,0,6,184,2,192,0,30,231,2,263,90,0,90,353
07/13/2004,SMO,CA,AWP,WE,Towers with Display (VFR),0,33,68,0,101,0,5,136,6,147,0,38,204,6,248,28,0,28,276
07/14/2004,SMO,CA,AWP,WE,Towers with Display (VFR),0,28,57,0,85,0,3,168,13,184,0,31,225,13,269,266,0,266,535
07/15/2004,SMO,CA,AWP,WE,Towers with Display (VFR),0,33,68,1,102,0,3,181,17,201,0,36,249,18,303,140,0,140,443
07/16/2004,SMO,CA,AWP,WE,Towers with Display (VFR),0,39,83,1,123,0,24,186,13,223,0,63,269,14,346,168,0,168,514
07/17/2004,SMO,CA,AWP,WE,Towers with Display (VFR),0,23,48,0,71,0,15,189,4,208,0,38,237,4,279,158,0,158,437
07/18/2004,SMO,CA,AWP,WE,Towers with Display (VFR),0,35,75,0,110,0,8,192,2,202,0,43,267,2,312,108,0,108,420
07/19/2004,SMO,CA,AWP,WE,Towers with Display (VFR),0,24,52,0,76,0,13,191,2,206,0,37,243,2,282,172,0,172,454
07/20/2004,SMO,CA,AWP,WE,Towers with Display (VFR),0,25,52,0,77,0,6,142,2,150,0,31,194,2,227,110,0,110,337
07/21/2004,SMO,CA,AWP,WE,Towers with Display (VFR),0,24,55,0,79,0,0,188,6,194,0,24,243,6,273,88,0,88,361
07/22/2004,SMO,CA,AWP,WE,Towers with Display (VFR),0,31,77,0,108,0,0,151,10,161,0,31,228,10,269,50,0,50,319
07/23/2004,SMO,CA,AWP,WE,Towers with Display (VFR),0,38,90,0,128,0,0,111,4,115,0,38,201,4,243,44,0,44,287
07/24/2004,SMO,CA,AWP,WE,Towers with Display (VFR),0,18,53,0,71,0,0,186,4,190,0,18,239,4,261,80,0,80,341
07/25/2004,SMO,CA,AWP,WE,Towers with Display (VFR),0,26,57,0,83,0,12,195,0,207,0,38,252,0,290,140,0,140,430
07/26/2004,SMO,CA,AWP,WE,Towers with Display (VFR),0,34,89,0,123,0,0,84,2,86,0,34,173,2,209,16,0,16,225
07/27/2004,SMO,CA,AWP,WE,Towers with Display (VFR),0,29,63,0,92,0,9,136,4,149,0,38,199,4,241,143,0,143,384
07/28/2004,SMO,CA,AWP,WE,Towers with Display (VFR),0,36,76,0,112,0,5,146,4,155,0,41,222,4,267,144,0,144,411
07/29/2004,SMO,CA,AWP,WE,Towers with Display (VFR),0,44,92,0,136,0,4,141,8,153,0,48,233,8,289,102,0,102,391
07/30/2004,SMO,CA,AWP,WE,Towers with Display (VFR),0,35,73,0,108,0,12,180,2,194,0,47,253,2,302,144,0,144,446
07/31/2004,SMO,CA,AWP,WE,Towers with Display (VFR),0,29,63,0,92,0,3,120,0,123,0,32,183,0,215,100,0,100,315
08/01/2004,SMO,CA,AWP,WE,Towers with Display (VFR),0,27,76,0,103,0,0,133,2,135,0,27,209,2,238,93,0,93,331
08/02/2004,SMO,CA,AWP,WE,Towers with Display (VFR),0,33,77,0,110,0,17,160,2,179,0,50,237,2,289,100,0,100,389
08/03/2004,SMO,CA,AWP,WE,Towers with Display (VFR),0,31,74,0,105,0,0,156,4,160,0,31,230,4,265,140,0,140,405
08/04/2004,SMO,CA,AWP,WE,Towers with Display (VFR),0,37,88,0,125,0,10,149,0,159,0,47,237,0,284,86,0,86,370
08/05/2004,SMO,CA,AWP,WE,Towers with Display (VFR),0,28,74,0,102,0,0,173,4,177,0,28,247,4,279,162,0,162,441
08/06/2004,SMO,CA,AWP,WE,Towers with Display (VFR),0,38,89,0,127,0,0,155,2,157,0,38,244,2,284,86,0,86,370
08/07/2004,SMO,CA,AWP,WE,Towers with Display (VFR),0,20,45,0,65,0,6,279,6,291,0,26,324,6,356,142,0,142,498
08/08/2004,SMO,CA,AWP,WE,Towers with Display (VFR),0,31,73,0,104,0,2,197,10,209,0,33,270,10,313,74,0,74,387
08/09/2004,SMO,CA,AWP,WE,Towers with Display (VFR),0,29,69,0,98,0,12,162,2,176,0,41,231,2,274,154,0,154,428
08/10/2004,SMO,CA,AWP,WE,Towers with Display (VFR),0,26,61,0,87,0,5,204,0,209,0,31,265,0,296,134,0,134,430
08/11/2004,SMO,CA,AWP,WE,Towers with Display (VFR),0,23,64,0,87,0,0,261,0,261,0,23,325,0,348,76,0,76,424
08/12/2004,SMO,CA,AWP,WE,Towers with Display (VFR),0,11,39,0,50,0,0,22,0,22,0,11,61,0,72,10,0,10,82
08/13/2004,SMO,CA,AWP,WE,Towers with Display (VFR),0,25,61,0,86,0,13,197,0,210,0,38,258,0,296,178,0,178,474
08/14/2004,SMO,CA,AWP,WE,Towers with Display (VFR),0,22,54,1,77,0,10,193,1,204,0,32,247,2,281,132,0,132,413
08/15/2004,SMO,CA,AWP,WE,Towers with Display (VFR),0,29,70,0,99,0,3,143,2,148,0,32,213,2,247,102,0,102,349
08/16/2004,SMO,CA,AWP,WE,Towers with Display (VFR),0,33,95,0,128,0,0,128,6,134,0,33,223,6,262,52,0,52,314
08/17/2004,SMO,CA,AWP,WE,Towers with Display (VFR),0,35,111,0,146,0,0,54,8,62,0,35,165,8,208,14,0,14,222
08/18/2004,SMO,CA,AWP,WE,Towers with Display (VFR),0,42,102,0,144,0,1,88,4,93,0,43,190,4,237,0,0,0,237
08/19/2004,SMO,CA,AWP,WE,Towers with Display (VFR),0,32,79,0,111,0,16,136,4,156,0,48,215,4,267,76,0,76,343
08/20/2004,SMO,CA,AWP,WE,Towers with Display (VFR),0,36,90,0,126,0,5,177,2,184,0,41,267,2,310,120,0,120,430
08/21/2004,SMO,CA,AWP,WE,Towers with Display (VFR),0,27,67,0,94,0,7,130,0,137,0,34,197,0,231,114,0,114,345
08/22/2004,SMO,CA,AWP,WE,Towers with Display (VFR),0,24,58,0,82,0,2,172,0,174,0,26,230,0,256,108,0,108,364
08/23/2004,SMO,CA,AWP,WE,Towers with Display (VFR),0,28,73,0,101,0,0,152,2,154,0,28,225,2,255,200,0,200,455
08/24/2004,SMO,CA,AWP,WE,Towers with Display (VFR),0,33,82,0,115,0,2,179,8,189,0,35,261,8,304,170,0,170,474
08/25/2004,SMO,CA,AWP,WE,Towers with Display (VFR),0,30,74,0,104,0,2,141,9,152,0,32,215,9,256,134,0,134,390
08/26/2004,SMO,CA,AWP,WE,Towers with Display (VFR),0,36,88,0,124,0,5,100,4,109,0,41,188,4,233,80,0,80,313
08/27/2004,SMO,CA,AWP,WE,Towers with Display (VFR),0,34,83,0,117,0,3,152,12,167,0,37,235,12,284,188,0,188,472
08/28/2004,SMO,CA,AWP,WE,Towers with Display (VFR),0,29,72,0,101,0,15,144,0,159,0,44,216,0,260,128,0,128,388
08/29/2004,SMO,CA,AWP,WE,Towers with Display (VFR),0,25,63,0,88,0,7,178,4,189,0,32,241,4,277,84,0,84,361
08/30/2004,SMO,CA,AWP,WE,Towers with Display (VFR),0,24,58,0,82,0,1,131,6,138,0,25,189,6,220,122,0,122,342
08/31/2004,SMO,CA,AWP,WE,Towers with Display (VFR),0,25,61,0,86,0,1,223,0,224,0,26,284,0,310,150,0,150,460
09/01/2004,SMO,CA,AWP,WE,Towers with Display (VFR),0,28,64,0,92,0,0,158,0,158,0,28,222,0,250,158,0,158,408
09/02/2004,SMO,CA,AWP,WE,Towers with Display (VFR),0,31,69,0,100,0,2,146,2,150,0,33,215,2,250,122,0,122,372
09/03/2004,SMO,CA,AWP,WE,Towers with Display (VFR),0,30,69,0,99,0,17,150,0,167,0,47,219,0,266,122,0,122,388
09/04/2004,SMO,CA,AWP,WE,Towers with Display (VFR),0,18,40,0,58,0,3,197,0,200,0,21,237,0,258,130,0,130,388
09/05/2004,SMO,CA,AWP,WE,Towers with Display (VFR),0,19,44,0,63,0,11,165,0,176,0,30,209,0,239,98,0,98,337
09/06/2004,SMO,CA,AWP,WE,Towers with Display (VFR),0,34,78,0,112,0,7,172,0,179,0,41,250,0,291,108,0,108,399
09/07/2004,SMO,CA,AWP,WE,Towers with Display (VFR),0,30,68,0,98,0,10,145,4,159,0,40,213,4,257,140,0,140,397
09/08/2004,SMO,CA,AWP,WE,Towers with Display (VFR),0,26,60,0,86,0,0,197,4,201,0,26,257,4,287,134,0,134,421
09/09/2004,SMO,CA,AWP,WE,Towers with Display (VFR),0,21,49,1,71,0,4,146,3,153,0,25,195,4,224,108,0,108,332
09/10/2004,SMO,CA,AWP,WE,Towers with Display (VFR),0,26,60,1,87,0,19,205,5,229,0,45,265,6,316,182,0,182,498
09/11/2004,SMO,CA,AWP,WE,Towers with Display (VFR),0,11,27,0,38,0,14,212,0,226,0,25,239,0,264,156,0,156,420
09/12/2004,SMO,CA,AWP,WE,Towers with Display (VFR),0,30,70,1,101,0,18,196,1,215,0,48,266,2,316,128,0,128,444
09/13/2004,SMO,CA,AWP,WE,Towers with Display (VFR),0,32,76,1,109,0,5,128,3,136,0,37,204,4,245,174,0,174,419
09/14/2004,SMO,CA,AWP,WE,Towers with Display (VFR),0,33,82,0,115,0,0,100,0,100,0,33,182,0,215,204,0,204,419
09/15/2004,SMO,CA,AWP,WE,Towers with Display (VFR),0,45,112,0,157,0,0,114,0,114,0,45,226,0,271,64,0,64,335
09/16/2004,SMO,CA,AWP,WE,Towers with Display (VFR),0,21,76,0,97,0,0,141,4,145,0,21,217,4,242,124,0,124,366
09/17/2004,SMO,CA,AWP,WE,Towers with Display (VFR),0,33,79,0,112,0,5,100,0,105,0,38,179,0,217,114,0,114,331
09/18/2004,SMO,CA,AWP,WE,Towers with Display (VFR),0,27,63,0,90,0,13,134,4,151,0,40,197,4,241,168,0,168,409
09/19/2004,SMO,CA,AWP,WE,Towers with Display (VFR),0,33,78,0,111,0,16,122,2,140,0,49,200,2,251,146,0,146,397
09/20/2004,SMO,CA,AWP,WE,Towers with Display (VFR),0,27,63,0,90,0,2,184,6,192,0,29,247,6,282,140,0,140,422
09/21/2004,SMO,CA,AWP,WE,Towers with Display (VFR),0,25,59,0,84,0,2,158,0,160,0,27,217,0,244,116,0,116,360
09/22/2004,SMO,CA,AWP,WE,Towers with Display (VFR),0,24,56,0,80,0,7,160,0,167,0,31,216,0,247,138,0,138,385
09/23/2004,SMO,CA,AWP,WE,Towers with Display (VFR),0,27,76,0,103,0,0,160,2,162,0,27,236,2,265,110,0,110,375
09/24/2004,SMO,CA,AWP,WE,Towers with Display (VFR),0,21,56,0,77,0,0,160,4,164,0,21,216,4,241,134,0,134,375
09/25/2004,SMO,CA,AWP,WE,Towers with Display (VFR),0,14,38,0,52,0,0,216,0,216,0,14,254,0,268,168,0,168,436
09/26/2004,SMO,CA,AWP,WE,Towers with Display (VFR),0,27,63,0,90,0,8,143,0,151,0,35,206,0,241,68,0,68,309
09/27/2004,SMO,CA,AWP,WE,Towers with Display (VFR),0,19,84,0,103,0,0,92,5,97,0,19,176,5,200,16,0,16,216
09/28/2004,SMO,CA,AWP,WE,Towers with Display (VFR),0,31,76,0,107,0,0,82,4,86,0,31,158,4,193,132,0,132,325
09/29/2004,SMO,CA,AWP,WE,Towers with Display (VFR),0,26,93,0,119,0,0,162,0,162,0,26,255,0,281,152,0,152,433
09/30/2004,SMO,CA,AWP,WE,Towers with Display (VFR),0,33,83,0,116,0,0,95,7,102,0,33,178,7,218,154,0,154,372
10/01/2004,SMO,CA,AWP,WE,Towers with Display (VFR),0,45,108,0,153,0,6,162,4,172,0,51,270,4,325,150,0,150,475
10/02/2004,SMO,CA,AWP,WE,Towers with Display (VFR),0,27,58,0,85,0,11,138,6,155,0,38,196,6,240,120,0,120,360
10/03/2004,SMO,CA,AWP,WE,Towers with Display (VFR),0,26,112,0,138,0,4,103,4,111,0,30,215,4,249,54,0,54,303
10/04/2004,SMO,CA,AWP,WE,Towers with Display (VFR),0,35,67,0,102,0,3,109,0,112,0,38,176,0,214,44,0,44,258
10/05/2004,SMO,CA,AWP,WE,Towers with Display (VFR),0,30,64,0,94,0,1,130,6,137,0,31,194,6,231,84,0,84,315
10/06/2004,SMO,CA,AWP,WE,Towers with Display (VFR),0,26,83,0,109,0,3,27,2,32,0,29,110,2,141,10,0,10,151
10/07/2004,SMO,CA,AWP,WE,Towers with Display (VFR),0,20,114,1,135,0,0,0,1,1,0,20,114,2,136,0,0,0,136
10/08/2004,SMO,CA,AWP,WE,Towers with Display (VFR),0,26,83,0,109,0,4,102,2,108,0,30,185,2,217,82,0,82,299
10/09/2004,SMO,CA,AWP,WE,Towers with Display (VFR),0,28,93,0,121,0,0,73,0,73,0,28,166,0,194,48,0,48,242
10/10/2004,SMO,CA,AWP,WE,Towers with Display (VFR),0,27,70,0,97,0,5,171,4,180,0,32,241,4,277,150,0,150,427
10/11/2004,SMO,CA,AWP,WE,Towers with Display (VFR),0,22,57,0,79,0,0,172,0,172,0,22,229,0,251,198,0,198,449
10/12/2004,SMO,CA,AWP,WE,Towers with Display (VFR),0,28,67,0,95,0,3,132,2,137,0,31,199,2,232,150,0,150,382
10/13/2004,SMO,CA,AWP,WE,Towers with Display (VFR),0,26,86,2,114,0,3,78,8,89,0,29,164,10,203,104,0,104,307
10/14/2004,SMO,CA,AWP,WE,Towers with Display (VFR),0,47,70,0,117,0,9,109,6,124,0,56,179,6,241,104,0,104,345
10/15/2004,SMO,CA,AWP,WE,Towers with Display (VFR),0,62,114,0,176,0,0,76,2,78,0,62,190,2,254,76,0,76,330
10/16/2004,SMO,CA,AWP,WE,Towers with Display (VFR),0,24,114,0,138,0,7,85,0,92,0,31,199,0,230,140,0,140,370
10/17/2004,SMO,CA,AWP,WE,Towers with Display (VFR),0,43,84,0,127,4,0,25,4,33,4,43,109,4,160,0,0,0,160
10/18/2004,SMO,CA,AWP,WE,Towers with Display (VFR),0,30,91,0,121,0,4,26,0,30,0,34,117,0,151,36,0,36,187
10/19/2004,SMO,CA,AWP,WE,Towers with Display (VFR),0,34,62,0,96,0,0,60,0,60,0,34,122,0,156,66,0,66,222
10/20/2004,SMO,CA,AWP,WE,Towers with Display (VFR),0,31,73,0,104,0,1,27,14,42,0,32,100,14,146,12,0,12,158
10/21/2004,SMO,CA,AWP,WE,Towers with Display (VFR),0,34,51,0,85,0,7,145,8,160,0,41,196,8,245,90,0,90,335
10/22/2004,SMO,CA,AWP,WE,Towers with Display (VFR),0,36,62,0,98,0,1,251,4,256,0,37,313,4,354,206,0,206,560
10/23/2004,SMO,CA,AWP,WE,Towers with Display (VFR),0,27,66,0,93,0,0,219,0,219,0,27,285,0,312,142,0,142,454
10/24/2004,SMO,CA,AWP,WE,Towers with Display (VFR),0,57,91,0,148,0,7,186,0,193,0,64,277,0,341,152,0,152,493
10/25/2004,SMO,CA,AWP,WE,Towers with Display (VFR),0,31,94,0,125,0,3,111,2,116,0,34,205,2,241,170,0,170,411
10/26/2004,SMO,CA,AWP,WE,Towers with Display (VFR),0,30,69,0,99,0,0,58,0,58,0,30,127,0,157,194,0,194,351
10/27/2004,SMO,CA,AWP,WE,Towers with Display (VFR),0,18,61,0,79,0,6,60,0,66,0,24,121,0,145,154,0,154,299
10/28/2004,SMO,CA,AWP,WE,Towers with Display (VFR),0,26,68,0,94,0,3,154,4,161,0,29,222,4,255,150,0,150,405
10/29/2004,SMO,CA,AWP,WE,Towers with Display (VFR),0,39,82,0,121,0,0,191,6,197,0,39,273,6,318,130,0,130,448
10/30/2004,SMO,CA,AWP,WE,Towers with Display (VFR),0,22,52,0,74,0,2,182,0,184,0,24,234,0,258,118,0,118,376
10/31/2004,SMO,CA,AWP,WE,Towers with Display (VFR),0,26,51,0,77,0,3,196,2,201,0,29,247,2,278,152,0,152,430
11/01/2004,SMO,CA,AWP,WE,Towers with Radar,0,27,59,0,86,0,11,140,14,165,0,38,199,14,251,130,0,130,381
11/02/2004,SMO,CA,AWP,WE,Towers with Radar,0,15,63,0,78,0,2,168,0,170,0,17,231,0,248,92,0,92,340
11/03/2004,SMO,CA,AWP,WE,Towers with Radar,0,32,81,0,113,0,4,207,8,219,0,36,288,8,332,96,0,96,428
11/04/2004,SMO,CA,AWP,WE,Towers with Radar,0,36,83,0,119,0,1,150,6,157,0,37,233,6,276,180,0,180,456
11/05/2004,SMO,CA,AWP,WE,Towers with Radar,0,29,69,0,98,0,8,154,10,172,0,37,223,10,270,126,0,126,396
11/06/2004,SMO,CA,AWP,WE,Towers with Radar,0,15,55,0,70,0,5,167,18,190,0,20,222,18,260,154,0,154,414
11/07/2004,SMO,CA,AWP,WE,Towers with Radar,0,25,45,0,70,0,0,100,2,102,0,25,145,2,172,86,0,86,258
11/08/2004,SMO,CA,AWP,WE,Towers with Radar,0,20,70,0,90,0,7,105,14,126,0,27,175,14,216,86,0,86,302
11/09/2004,SMO,CA,AWP,WE,Towers with Radar,0,14,73,0,87,0,11,156,0,167,0,25,229,0,254,138,0,138,392
11/10/2004,SMO,CA,AWP,WE,Towers with Radar,0,31,73,0,104,0,11,181,4,196,0,42,254,4,300,132,0,132,432
11/11/2004,SMO,CA,AWP,WE,Towers with Radar,0,30,101,0,131,0,4,172,6,182,0,34,273,6,313,174,0,174,487
11/12/2004,SMO,CA,AWP,WE,Towers with Radar,0,28,86,0,114,0,8,195,6,209,0,36,281,6,323,140,0,140,463
11/13/2004,SMO,CA,AWP,WE,Towers with Radar,0,17,62,0,79,0,8,161,0,169,0,25,223,0,248,116,0,116,364
11/14/2004,SMO,CA,AWP,WE,Towers with Radar,0,34,60,0,94,0,0,203,2,205,0,34,263,2,299,116,0,116,415
11/15/2004,SMO,CA,AWP,WE,Towers with Radar,0,27,62,0,89,0,0,77,6,83,0,27,139,6,172,112,0,112,284
11/16/2004,SMO,CA,AWP,WE,Towers with Radar,0,28,71,0,99,0,6,211,2,219,0,34,282,2,318,144,0,144,462
11/17/2004,SMO,CA,AWP,WE,Towers with Radar,0,47,80,0,127,0,5,154,8,167,0,52,234,8,294,84,0,84,378
11/18/2004,SMO,CA,AWP,WE,Towers with Radar,0,55,130,0,185,0,0,115,6,121,0,55,245,6,306,160,0,160,466
11/19/2004,SMO,CA,AWP,WE,Towers with Radar,0,43,94,0,137,0,4,162,10,176,0,47,256,10,313,108,0,108,421
11/20/2004,SMO,CA,AWP,WE,Towers with Radar,0,28,57,0,85,0,6,175,2,183,0,34,232,2,268,168,0,168,436
11/21/2004,SMO,CA,AWP,WE,Towers with Radar,0,27,59,0,86,0,6,132,0,138,0,33,191,0,224,128,0,128,352
11/22/2004,SMO,CA,AWP,WE,Towers with Radar,0,34,46,0,80,0,0,142,8,150,0,34,188,8,230,146,0,146,376
11/23/2004,SMO,CA,AWP,WE,Towers with Radar,0,45,78,0,123,0,1,132,4,137,0,46,210,4,260,136,0,136,396
11/24/2004,SMO,CA,AWP,WE,Towers with Radar,0,45,108,0,153,0,9,188,4,201,0,54,296,4,354,122,0,122,476
11/25/2004,SMO,CA,AWP,WE,Towers with Radar,0,8,27,0,35,0,0,94,0,94,0,8,121,0,129,34,0,34,163
11/26/2004,SMO,CA,AWP,WE,Towers with Radar,0,17,38,0,55,0,4,184,0,188,0,21,222,0,243,144,0,144,387
11/27/2004,SMO,CA,AWP,WE,Towers with Radar,0,20,85,0,105,0,0,1,0,1,0,20,86,0,106,0,0,0,106
11/28/2004,SMO,CA,AWP,WE,Towers with Radar,0,35,62,0,97,0,6,137,4,147,0,41,199,4,244,98,0,98,342
11/29/2004,SMO,CA,AWP,WE,Towers with Radar,0,39,41,0,80,0,9,150,0,159,0,48,191,0,239,162,0,162,401
11/30/2004,SMO,CA,AWP,WE,Towers with Radar,0,25,50,0,75,0,5,164,8,177,0,30,214,8,252,108,0,108,360
12/01/2004,SMO,CA,AWP,WE,Towers with Radar,0,32,81,0,113,0,1,132,8,141,0,33,213,8,254,90,0,90,344
12/02/2004,SMO,CA,AWP,WE,Towers with Radar,0,38,66,0,104,0,0,178,2,180,0,38,244,2,284,104,0,104,388
12/03/2004,SMO,CA,AWP,WE,Towers with Radar,0,36,61,0,97,0,2,179,4,185,0,38,240,4,282,144,0,144,426
12/04/2004,SMO,CA,AWP,WE,Towers with Radar,0,20,55,0,75,0,4,160,0,164,0,24,215,0,239,172,0,172,411
12/05/2004,SMO,CA,AWP,WE,Towers with Radar,0,16,44,0,60,0,0,20,2,22,0,16,64,2,82,40,0,40,122
12/06/2004,SMO,CA,AWP,WE,Towers with Radar,0,36,54,0,90,0,4,102,6,112,0,40,156,6,202,150,0,150,352
12/07/2004,SMO,CA,AWP,WE,Towers with Radar,0,46,67,0,113,0,1,80,6,87,0,47,147,6,200,98,0,98,298
12/08/2004,SMO,CA,AWP,WE,Towers with Radar,0,20,96,0,116,0,7,60,12,79,0,27,156,12,195,90,0,90,285
12/09/2004,SMO,CA,AWP,WE,Towers with Radar,0,34,71,0,105,0,1,112,8,121,0,35,183,8,226,76,0,76,302
12/10/2004,SMO,CA,AWP,WE,Towers with Radar,0,53,60,0,113,0,3,213,4,220,0,56,273,4,333,168,0,168,501
12/11/2004,SMO,CA,AWP,WE,Towers with Radar,0,16,52,0,68,0,5,231,0,236,0,21,283,0,304,162,0,162,466
12/12/2004,SMO,CA,AWP,WE,Towers with Radar,0,32,81,0,113,0,5,86,0,91,0,37,167,0,204,66,0,66,270
12/13/2004,SMO,CA,AWP,WE,Towers with Radar,0,28,69,0,97,0,9,128,14,151,0,37,197,14,248,106,0,106,354
12/14/2004,SMO,CA,AWP,WE,Towers with Radar,0,41,49,0,90,0,3,166,4,173,0,44,215,4,263,60,0,60,323
12/15/2004,SMO,CA,AWP,WE,Towers with Radar,0,31,67,0,98,0,0,166,0,166,0,31,233,0,264,134,0,134,398
12/16/2004,SMO,CA,AWP,WE,Towers with Radar,0,27,51,0,78,0,3,131,6,140,0,30,182,6,218,64,0,64,282
12/17/2004,SMO,CA,AWP,WE,Towers with Radar,0,42,50,0,92,0,0,158,2,160,0,42,208,2,252,154,0,154,406
12/18/2004,SMO,CA,AWP,WE,Towers with Radar,0,26,58,0,84,0,2,224,2,228,0,28,282,2,312,162,0,162,474
12/19/2004,SMO,CA,AWP,WE,Towers with Radar,0,40,60,0,100,0,6,197,0,203,0,46,257,0,303,80,0,80,383
12/20/2004,SMO,CA,AWP,WE,Towers with Radar,0,28,51,0,79,0,7,187,2,196,0,35,238,2,275,114,0,114,389
12/21/2004,SMO,CA,AWP,WE,Towers with Radar,0,23,52,0,75,0,0,156,0,156,0,23,208,0,231,84,0,84,315
12/22/2004,SMO,CA,AWP,WE,Towers with Radar,0,29,50,0,79,0,1,186,0,187,0,30,236,0,266,100,0,100,366
12/23/2004,SMO,CA,AWP,WE,Towers with Radar,0,27,42,0,69,0,4,156,2,162,0,31,198,2,231,91,0,91,322
12/24/2004,SMO,CA,AWP,WE,Towers with Radar,0,11,31,0,42,0,6,141,0,147,0,17,172,0,189,98,0,98,287
12/25/2004,SMO,CA,AWP,WE,Towers with Radar,0,24,12,0,36,0,0,120,0,120,0,24,132,0,156,42,0,42,198
12/26/2004,SMO,CA,AWP,WE,Towers with Radar,0,31,71,0,102,0,4,157,8,169,0,35,228,8,271,90,0,90,361
12/27/2004,SMO,CA,AWP,WE,Towers with Radar,0,21,38,0,59,0,3,73,2,78,0,24,111,2,137,92,0,92,229
12/28/2004,SMO,CA,AWP,WE,Towers with Radar,0,7,15,0,22,0,4,39,4,47,0,11,54,4,69,66,0,66,135
12/29/2004,SMO,CA,AWP,WE,Towers with Radar,0,7,40,0,47,0,10,38,0,48,0,17,78,0,95,8,0,8,103
12/30/2004,SMO,CA,AWP,WE,Towers with Radar,0,17,80,0,97,0,4,80,8,92,0,21,160,8,189,170,0,170,359
12/31/2004,SMO,CA,AWP,WE,Towers with Radar,0,16,36,0,52,0,1,38,4,43,0,17,74,4,95,46,0,46,141
01/01/2005,SMO,CA,AWP,WE,Towers with Radar,0,29,59,0,88,0,2,81,0,83,0,31,140,0,171,104,0,104,275
01/02/2005,SMO,CA,AWP,WE,Towers with Radar,0,25,73,0,98,0,14,24,0,38,0,39,97,0,136,104,0,104,240
01/03/2005,SMO,CA,AWP,WE,Towers with Radar,0,16,48,0,64,0,8,38,6,52,0,24,86,6,116,52,0,52,168
01/04/2005,SMO,CA,AWP,WE,Towers with Radar,0,19,31,0,50,0,7,46,0,53,0,26,77,0,103,72,0,72,175
01/05/2005,SMO,CA,AWP,WE,Towers with Radar,0,23,101,0,124,0,0,147,0,147,0,23,248,0,271,146,0,146,417
01/06/2005,SMO,CA,AWP,WE,Towers with Radar,0,33,58,0,91,0,4,123,6,133,0,37,181,6,224,132,0,132,356
01/07/2005,SMO,CA,AWP,WE,Towers with Radar,0,13,23,0,36,0,0,9,2,11,0,13,32,2,47,0,0,0,47
01/08/2005,SMO,CA,AWP,WE,Towers with Radar,0,7,36,0,43,0,0,0,0,0,0,7,36,0,43,10,0,10,53
01/09/2005,SMO,CA,AWP,WE,Towers with Radar,0,3,10,0,13,0,0,0,0,0,0,3,10,0,13,0,0,0,13
01/10/2005,SMO,CA,AWP,WE,Towers with Radar,0,4,13,0,17,0,0,11,0,11,0,4,24,0,28,0,0,0,28
01/11/2005,SMO,CA,AWP,WE,Towers with Radar,0,23,44,0,67,0,5,71,7,83,0,28,115,7,150,40,0,40,190
01/12/2005,SMO,CA,AWP,WE,Towers with Radar,0,22,56,1,79,0,10,180,18,208,0,32,236,19,287,98,0,98,385
01/13/2005,SMO,CA,AWP,WE,Towers with Radar,0,51,63,0,114,0,4,165,6,175,0,55,228,6,289,118,0,118,407
01/14/2005,SMO,CA,AWP,WE,Towers with Radar,0,26,66,0,92,0,7,170,5,182,0,33,236,5,274,164,0,164,438
01/15/2005,SMO,CA,AWP,WE,Towers with Radar,0,30,51,0,81,0,15,234,8,257,0,45,285,8,338,136,0,136,474
01/16/2005,SMO,CA,AWP,WE,Towers with Radar,0,17,59,0,76,0,8,214,1,223,0,25,273,1,299,132,0,132,431
01/17/2005,SMO,CA,AWP,WE,Towers with Radar,0,38,50,0,88,0,5,216,0,221,0,43,266,0,309,120,0,120,429
01/18/2005,SMO,CA,AWP,WE,Towers with Radar,0,32,64,0,96,0,2,158,2,162,0,34,222,2,258,49,0,49,307
01/19/2005,SMO,CA,AWP,WE,Towers with Radar,0,35,47,0,82,0,7,173,2,182,0,42,220,2,264,108,0,108,372
01/20/2005,SMO,CA,AWP,WE,Towers with Radar,0,44,91,0,135,0,8,155,0,163,0,52,246,0,298,68,0,68,366
01/21/2005,SMO,CA,AWP,WE,Towers with Radar,0,35,54,0,89,0,0,147,8,155,0,35,201,8,244,52,0,52,296
01/22/2005,SMO,CA,AWP,WE,Towers with Radar,0,20,62,0,82,0,8,174,2,184,0,28,236,2,266,108,0,108,374
01/23/2005,SMO,CA,AWP,WE,Towers with Radar,0,32,65,0,97,0,9,170,0,179,0,41,235,0,276,88,0,88,364
01/24/2005,SMO,CA,AWP,WE,Towers with Radar,0,39,71,1,111,0,5,60,5,70,0,44,131,6,181,72,0,72,253
01/25/2005,SMO,CA,AWP,WE,Towers with Radar,0,25,73,0,98,0,4,117,8,129,0,29,190,8,227,148,0,148,375
01/26/2005,SMO,CA,AWP,WE,Towers with Radar,0,31,74,2,107,0,2,44,4,50,0,33,118,6,157,56,0,56,213
01/27/2005,SMO,CA,AWP,WE,Towers with Radar,0,33,67,0,100,0,5,136,2,143,0,38,203,2,243,112,0,112,355
01/28/2005,SMO,CA,AWP,WE,Towers with Radar,0,24,59,0,83,0,0,17,2,19,0,24,76,2,102,34,0,34,136
01/29/2005,SMO,CA,AWP,WE,Towers with Radar,0,17,45,0,62,0,3,143,4,150,0,20,188,4,212,152,0,152,364
01/30/2005,SMO,CA,AWP,WE,Towers with Radar,0,27,61,0,88,0,3,224,0,227,0,30,285,0,315,182,0,182,497
01/31/2005,SMO,CA,AWP,WE,Towers with Radar,0,24,43,0,67,0,6,146,2,154,0,30,189,2,221,168,0,168,389
02/01/2005,SMO,CA,AWP,WE,Towers with Radar,0,34,51,0,85,0,10,185,0,195,0,44,236,0,280,180,0,180,460
02/02/2005,SMO,CA,AWP,WE,Towers with Radar,0,32,36,0,68,0,0,153,2,155,0,32,189,2,223,158,0,158,381
02/03/2005,SMO,CA,AWP,WE,Towers with Radar,0,41,45,0,86,0,0,179,14,193,0,41,224,14,279,152,0,152,431
02/04/2005,SMO,CA,AWP,WE,Towers with Radar,0,41,72,0,113,0,5,228,2,235,0,46,300,2,348,182,0,182,530
02/05/2005,SMO,CA,AWP,WE,Towers with Radar,0,36,57,0,93,0,8,199,4,211,0,44,256,4,304,140,0,140,444
02/06/2005,SMO,CA,AWP,WE,Towers with Radar,0,30,70,0,100,0,0,55,4,59,0,30,125,4,159,82,0,82,241
02/07/2005,SMO,CA,AWP,WE,Towers with Radar,0,32,83,0,115,0,6,93,6,105,0,38,176,6,220,138,0,138,358
02/08/2005,SMO,CA,AWP,WE,Towers with Radar,0,25,80,0,105,0,6,152,6,164,0,31,232,6,269,70,0,70,339
02/09/2005,SMO,CA,AWP,WE,Towers with Radar,0,48,71,0,119,0,0,187,0,187,0,48,258,0,306,126,0,126,432
02/10/2005,SMO,CA,AWP,WE,Towers with Radar,0,48,71,0,119,0,0,187,0,187,0,48,258,0,306,126,0,126,432
02/11/2005,SMO,CA,AWP,WE,Towers with Radar,0,22,46,0,68,0,0,20,6,26,0,22,66,6,94,6,26,32,126
02/12/2005,SMO,CA,AWP,WE,Towers with Radar,0,20,67,0,87,0,5,166,0,171,0,25,233,0,258,178,0,178,436
02/13/2005,SMO,CA,AWP,WE,Towers with Radar,0,41,81,0,122,0,1,124,0,125,0,42,205,0,247,190,0,190,437
02/14/2005,SMO,CA,AWP,WE,Towers with Radar,0,42,62,0,104,0,2,167,6,175,0,44,229,6,279,124,0,124,403
02/15/2005,SMO,CA,AWP,WE,Towers with Radar,0,45,42,0,87,0,0,175,8,183,0,45,217,8,270,212,0,212,482
02/16/2005,SMO,CA,AWP,WE,Towers with Radar,0,46,88,0,134,0,3,132,12,147,0,49,220,12,281,136,0,136,417
02/17/2005,SMO,CA,AWP,WE,Towers with Radar,0,42,63,0,105,0,0,106,4,110,0,42,169,4,215,60,0,60,275
02/18/2005,SMO,CA,AWP,WE,Towers with Radar,0,22,68,0,90,0,3,20,0,23,0,25,88,0,113,28,0,28,141
02/19/2005,SMO,CA,AWP,WE,Towers with Radar,0,20,34,0,54,0,3,76,0,79,0,23,110,0,133,54,0,54,187
02/20/2005,SMO,CA,AWP,WE,Towers with Radar,0,18,44,0,62,0,4,50,0,54,0,22,94,0,116,76,0,76,192
02/21/2005,SMO,CA,AWP,WE,Towers with Radar,0,15,38,0,53,0,2,21,0,23,0,17,59,0,76,28,0,28,104
02/22/2005,SMO,CA,AWP,WE,Towers with Radar,0,14,37,0,51,0,6,32,0,38,0,20,69,0,89,32,0,32,121
02/23/2005,SMO,CA,AWP,WE,Towers with Radar,0,24,71,0,95,0,4,140,14,158,0,28,211,14,253,120,0,120,373
02/24/2005,SMO,CA,AWP,WE,Towers with Radar,0,39,86,0,125,0,2,178,0,180,0,41,264,0,305,150,0,150,455
02/25/2005,SMO,CA,AWP,WE,Towers with Radar,0,42,94,0,136,0,0,119,4,123,0,42,213,4,259,168,0,168,427
02/26/2005,SMO,CA,AWP,WE,Towers with Radar,0,32,81,0,113,0,4,163,4,171,0,36,244,4,284,194,0,194,478
02/27/2005,SMO,CA,AWP,WE,Towers with Radar,0,34,83,0,117,0,8,211,0,219,0,42,294,0,336,138,0,138,474
02/28/2005,SMO,CA,AWP,WE,Towers with Radar,0,29,90,0,119,0,6,119,2,127,0,35,209,2,246,168,0,168,414
03/01/2005,SMO,CA,AWP,WE,Towers with Radar,0,25,78,0,103,0,4,165,8,177,0,29,243,8,280,160,0,160,440
03/02/2005,SMO,CA,AWP,WE,Towers with Radar,0,39,95,0,134,0,1,106,2,109,0,40,201,2,243,112,0,112,355
03/03/2005,SMO,CA,AWP,WE,Towers with Radar,0,37,87,0,124,0,5,147,6,158,0,42,234,6,282,142,0,142,424
03/04/2005,SMO,CA,AWP,WE,Towers with Radar,0,32,75,0,107,0,5,91,10,106,0,37,166,10,213,200,0,200,413
03/05/2005,SMO,CA,AWP,WE,Towers with Radar,0,22,55,0,77,0,0,115,9,124,0,22,170,9,201,114,0,114,315
03/06/2005,SMO,CA,AWP,WE,Towers with Radar,0,29,110,0,139,0,6,126,8,140,0,35,236,8,279,114,0,114,393
03/07/2005,SMO,CA,AWP,WE,Towers with Radar,0,30,57,0,87,0,4,169,2,175,0,34,226,2,262,154,0,154,416
03/08/2005,SMO,CA,AWP,WE,Towers with Radar,0,26,89,0,115,0,3,56,4,63,0,29,145,4,178,42,0,42,220
03/09/2005,SMO,CA,AWP,WE,Towers with Radar,0,30,86,0,116,0,0,79,0,79,0,30,165,0,195,6,0,6,201
03/10/2005,SMO,CA,AWP,WE,Towers with Radar,0,24,82,0,106,0,0,36,0,36,0,24,118,0,142,22,0,22,164
03/11/2005,SMO,CA,AWP,WE,Towers with Radar,0,31,118,0,149,0,0,67,4,71,0,31,185,4,220,38,0,38,258
03/12/2005,SMO,CA,AWP,WE,Towers with Radar,0,18,77,0,95,0,4,56,14,74,0,22,133,14,169,16,0,16,185
03/13/2005,SMO,CA,AWP,WE,Towers with Radar,0,35,108,0,143,0,6,88,4,98,0,41,196,4,241,158,0,158,399
03/14/2005,SMO,CA,AWP,WE,Towers with Radar,0,22,45,0,67,0,9,157,6,172,0,31,202,6,239,220,0,220,459
03/15/2005,SMO,CA,AWP,WE,Towers with Radar,0,31,77,0,108,0,8,213,10,231,0,39,290,10,339,168,0,168,507
03/16/2005,SMO,CA,AWP,WE,Towers with Radar,0,40,86,0,126,0,1,191,2,194,0,41,277,2,320,100,0,100,420
03/17/2005,SMO,CA,AWP,WE,Towers with Radar,0,35,75,0,110,0,1,159,16,176,0,36,234,16,286,108,0,108,394
03/18/2005,SMO,CA,AWP,WE,Towers with Radar,0,21,79,0,100,0,4,110,12,126,0,25,189,12,226,178,0,178,404
03/19/2005,SMO,CA,AWP,WE,Towers with Radar,0,14,56,0,70,0,0,58,0,58,0,14,114,0,128,22,0,22,150
03/20/2005,SMO,CA,AWP,WE,Towers with Radar,0,25,67,0,92,0,6,131,0,137,0,31,198,0,229,118,0,118,347
03/21/2005,SMO,CA,AWP,WE,Towers with Radar,0,25,61,0,86,0,2,170,14,186,0,27,231,14,272,78,0,78,350
03/22/2005,SMO,CA,AWP,WE,Towers with Radar,0,12,73,0,85,0,4,26,8,38,0,16,99,8,123,70,0,70,193
03/23/2005,SMO,CA,AWP,WE,Towers with Radar,0,25,65,0,90,0,4,98,8,110,0,29,163,8,200,78,0,78,278
03/24/2005,SMO,CA,AWP,WE,Towers with Radar,0,41,78,0,119,0,0,66,8,74,0,41,144,8,193,62,0,62,255
03/25/2005,SMO,CA,AWP,WE,Towers with Radar,0,42,59,0,101,0,2,238,4,244,0,44,297,4,345,172,0,172,517
03/26/2005,SMO,CA,AWP,WE,Towers with Radar,0,19,59,0,78,0,13,275,0,288,0,32,334,0,366,170,0,170,536
03/27/2005,SMO,CA,AWP,WE,Towers with Radar,0,33,40,0,73,0,5,255,0,260,0,38,295,0,333,158,0,158,491
03/28/2005,SMO,CA,AWP,WE,Towers with Radar,0,14,46,0,60,0,7,103,6,116,0,21,149,6,176,96,0,96,272
03/29/2005,SMO,CA,AWP,WE,Towers with Radar,0,20,45,0,65,0,6,160,4,170,0,26,205,4,235,118,0,118,353
03/30/2005,SMO,CA,AWP,WE,Towers with Radar,0,32,66,0,98,0,0,191,4,195,0,32,257,4,293,70,0,70,363
03/31/2005,SMO,CA,AWP,WE,Towers with Radar,0,34,45,0,79,0,5,168,6,179,0,39,213,6,258,88,0,88,346
04/01/2005,SMO,CA,AWP,WE,Towers with Radar,0,34,74,0,108,0,3,207,12,222,0,37,281,12,330,180,0,180,510
04/02/2005,SMO,CA,AWP,WE,Towers with Radar,0,20,41,0,61,0,8,242,4,254,0,28,283,4,315,134,0,134,449
04/03/2005,SMO,CA,AWP,WE,Towers with Radar,0,24,93,0,117,0,11,138,0,149,0,35,231,0,266,78,0,78,344
04/04/2005,SMO,CA,AWP,WE,Towers with Radar,0,19,51,0,70,0,7,123,4,134,0,26,174,4,204,108,0,108,312
04/05/2005,SMO,CA,AWP,WE,Towers with Radar,0,29,54,0,83,0,0,182,6,188,0,29,236,6,271,99,0,99,370
04/06/2005,SMO,CA,AWP,WE,Towers with Radar,0,21,53,0,74,0,4,163,10,177,0,25,216,10,251,90,0,90,341
04/07/2005,SMO,CA,AWP,WE,Towers with Radar,0,31,70,0,101,0,1,129,8,138,0,32,199,8,239,66,0,66,305
04/08/2005,SMO,CA,AWP,WE,Towers with Radar,0,29,60,0,89,0,7,120,6,133,0,36,180,6,222,48,0,48,270
04/09/2005,SMO,CA,AWP,WE,Towers with Radar,0,16,30,0,46,0,6,249,2,257,0,22,279,2,303,202,0,202,505
04/10/2005,SMO,CA,AWP,WE,Towers with Radar,0,28,53,0,81,0,3,229,2,234,0,31,282,2,315,156,0,156,471
04/11/2005,SMO,CA,AWP,WE,Towers with Radar,0,48,41,0,89,0,3,172,4,179,0,51,213,4,268,94,0,94,362
04/12/2005,SMO,CA,AWP,WE,Towers with Radar,0,24,50,0,74,0,5,220,0,225,0,29,270,0,299,116,0,116,415
04/13/2005,SMO,CA,AWP,WE,Towers with Radar,0,30,65,0,95,0,3,193,2,198,0,33,258,2,293,108,0,108,401
04/14/2005,SMO,CA,AWP,WE,Towers with Radar,0,32,60,0,92,0,4,197,6,207,0,36,257,6,299,166,0,166,465
04/15/2005,SMO,CA,AWP,WE,Towers with Radar,0,35,78,0,113,0,7,215,8,230,0,42,293,8,343,118,0,118,461
04/16/2005,SMO,CA,AWP,WE,Towers with Radar,0,13,60,0,73,0,0,263,0,263,0,13,323,0,336,114,0,114,450
04/17/2005,SMO,CA,AWP,WE,Towers with Radar,0,29,67,0,96,0,5,168,4,177,0,34,235,4,273,72,0,72,345
04/18/2005,SMO,CA,AWP,WE,Towers with Radar,0,34,145,0,179,0,0,56,4,60,0,34,201,4,239,120,0,120,359
04/19/2005,SMO,CA,AWP,WE,Towers with Radar,0,34,64,0,98,0,0,152,4,156,0,34,216,4,254,90,0,90,344
04/20/2005,SMO,CA,AWP,WE,Towers with Radar,0,31,95,0,126,0,1,219,4,224,0,32,314,4,350,132,0,132,482
04/21/2005,SMO,CA,AWP,WE,Towers with Radar,0,34,64,0,98,0,3,198,2,203,0,37,262,2,301,206,0,206,507
04/22/2005,SMO,CA,AWP,WE,Towers with Radar,0,38,104,0,142,0,10,121,10,141,0,48,225,10,283,72,0,72,355
04/23/2005,SMO,CA,AWP,WE,Towers with Radar,0,27,60,0,87,0,2,159,0,161,0,29,219,0,248,109,0,109,357
04/24/2005,SMO,CA,AWP,WE,Towers with Radar,0,34,77,0,111,0,3,109,2,114,0,37,186,2,225,76,0,76,301
04/25/2005,SMO,CA,AWP,WE,Towers with Radar,0,30,65,0,95,0,3,145,4,152,0,33,210,4,247,166,0,166,413
04/26/2005,SMO,CA,AWP,WE,Towers with Radar,0,30,63,0,93,0,3,146,26,175,0,33,209,26,268,126,0,126,394
04/27/2005,SMO,CA,AWP,WE,Towers with Radar,0,40,76,0,116,0,5,87,0,92,0,45,163,0,208,186,0,186,394
04/28/2005,SMO,CA,AWP,WE,Towers with Radar,0,39,74,0,113,0,2,117,0,119,0,41,191,0,232,84,0,84,316
04/29/2005,SMO,CA,AWP,WE,Towers with Radar,0,41,99,0,140,0,11,266,6,283,0,52,365,6,423,196,0,196,619
04/30/2005,SMO,CA,AWP,WE,Towers with Radar,0,26,42,0,68,0,4,213,0,217,0,30,255,0,285,180,0,180,465
05/01/2005,SMO,CA,AWP,WE,Towers with Radar,0,41,71,0,112,0,0,135,0,135,0,41,206,0,247,90,0,90,337
05/02/2005,SMO,CA,AWP,WE,Towers with Radar,0,42,85,0,127,0,4,163,6,173,0,46,248,6,300,178,0,178,478
05/03/2005,SMO,CA,AWP,WE,Towers with Radar,0,24,75,0,99,0,0,155,10,165,0,24,230,10,264,112,0,112,376
05/04/2005,SMO,CA,AWP,WE,Towers with Radar,0,32,110,0,142,0,6,92,0,98,0,38,202,0,240,98,0,98,338
05/05/2005,SMO,CA,AWP,WE,Towers with Radar,0,35,99,0,134,0,8,70,2,80,0,43,169,2,214,58,0,58,272
05/06/2005,SMO,CA,AWP,WE,Towers with Radar,0,28,83,0,111,0,5,144,2,151,0,33,227,2,262,64,0,64,326
05/07/2005,SMO,CA,AWP,WE,Towers with Radar,0,33,47,0,80,0,10,256,2,268,0,43,303,2,348,218,0,218,566
05/08/2005,SMO,CA,AWP,WE,Towers with Radar,0,26,62,0,88,0,0,164,0,164,0,26,226,0,252,70,0,70,322
05/09/2005,SMO,CA,AWP,WE,Towers with Radar,0,22,82,0,104,0,0,22,2,24,0,22,104,2,128,6,0,6,134
05/10/2005,SMO,CA,AWP,WE,Towers with Radar,0,36,61,0,97,0,4,116,4,124,0,40,177,4,221,68,0,68,289
05/11/2005,SMO,CA,AWP,WE,Towers with Radar,0,30,74,0,104,0,1,221,5,227,0,31,295,5,331,158,0,158,489
05/12/2005,SMO,CA,AWP,WE,Towers with Radar,0,46,57,0,103,0,0,253,11,264,0,46,310,11,367,258,0,258,625
05/13/2005,SMO,CA,AWP,WE,Towers with Radar,0,47,84,0,131,0,7,210,1,218,0,54,294,1,349,180,0,180,529
05/14/2005,SMO,CA,AWP,WE,Towers with Radar,0,33,51,0,84,0,5,224,2,231,0,38,275,2,315,164,0,164,479
05/15/2005,SMO,CA,AWP,WE,Towers with Radar,0,36,79,0,115,0,3,191,8,202,0,39,270,8,317,106,0,106,423
05/16/2005,SMO,CA,AWP,WE,Towers with Radar,0,25,98,0,123,0,5,39,2,46,0,30,137,2,169,84,0,84,253
05/17/2005,SMO,CA,AWP,WE,Towers with Radar,0,44,68,0,112,0,2,157,1,160,0,46,225,1,272,158,0,158,430
05/18/2005,SMO,CA,AWP,WE,Towers with Radar,0,44,59,0,103,0,1,190,5,196,0,45,249,5,299,152,0,152,451
05/19/2005,SMO,CA,AWP,WE,Towers with Radar,0,49,63,0,112,0,5,194,6,205,0,54,257,6,317,148,0,148,465
05/20/2005,SMO,CA,AWP,WE,Towers with Radar,0,33,49,0,82,0,4,193,2,199,0,37,242,2,281,194,0,194,475
05/21/2005,SMO,CA,AWP,WE,Towers with Radar,0,29,49,0,78,0,10,285,0,295,0,39,334,0,373,218,0,218,591
05/22/2005,SMO,CA,AWP,WE,Towers with Radar,0,26,91,0,117,0,3,209,2,214,0,29,300,2,331,130,0,130,461
05/23/2005,SMO,CA,AWP,WE,Towers with Radar,0,40,89,0,129,0,8,117,0,125,0,48,206,0,254,40,0,40,294
05/24/2005,SMO,CA,AWP,WE,Towers with Radar,0,31,76,0,107,0,1,105,1,107,0,32,181,1,214,104,0,104,318
05/25/2005,SMO,CA,AWP,WE,Towers with Radar,0,30,114,0,144,0,3,69,0,72,0,33,183,0,216,36,0,36,252
05/26/2005,SMO,CA,AWP,WE,Towers with Radar,0,27,109,0,136,0,6,51,0,57,0,33,160,0,193,0,0,0,193
05/27/2005,SMO,CA,AWP,WE,Towers with Radar,0,61,109,0,170,0,5,73,2,80,0,66,182,2,250,106,0,106,356
05/28/2005,SMO,CA,AWP,WE,Towers with Radar,0,17,79,0,96,0,4,112,2,118,0,21,191,2,214,230,0,230,444
05/29/2005,SMO,CA,AWP,WE,Towers with Radar,0,16,64,0,80,0,2,101,0,103,0,18,165,0,183,100,0,100,283
05/30/2005,SMO,CA,AWP,WE,Towers with Radar,0,52,58,0,110,0,0,165,3,168,0,52,223,3,278,82,0,82,360
05/31/2005,SMO,CA,AWP,WE,Towers with Radar,0,35,81,1,117,0,5,132,0,137,0,40,213,1,254,122,0,122,376
06/01/2005,SMO,CA,AWP,WE,Towers with Radar,0,28,91,0,119,0,0,59,0,59,0,28,150,0,178,150,0,150,328
06/02/2005,SMO,CA,AWP,WE,Towers with Radar,0,19,92,0,111,0,0,46,10,56,0,19,138,10,167,206,0,206,373
06/03/2005,SMO,CA,AWP,WE,Towers with Radar,0,30,71,0,101,0,0,150,2,152,0,30,221,2,253,116,0,116,369
06/04/2005,SMO,CA,AWP,WE,Towers with Radar,0,19,75,0,94,0,7,119,2,128,0,26,194,2,222,130,0,130,352
06/05/2005,SMO,CA,AWP,WE,Towers with Radar,0,41,106,0,147,0,0,139,2,141,0,41,245,2,288,98,0,98,386
06/06/2005,SMO,CA,AWP,WE,Towers with Radar,0,19,79,0,98,0,0,188,2,190,0,19,267,2,288,104,0,104,392
06/07/2005,SMO,CA,AWP,WE,Towers with Radar,0,31,74,0,105,0,6,200,0,206,0,37,274,0,311,212,0,212,523
06/08/2005,SMO,CA,AWP,WE,Towers with Radar,0,30,85,0,115,0,2,160,0,162,0,32,245,0,277,194,0,194,471
06/09/2005,SMO,CA,AWP,WE,Towers with Radar,0,30,103,0,133,0,1,100,0,101,0,31,203,0,234,134,0,134,368
06/10/2005,SMO,CA,AWP,WE,Towers with Radar,0,37,111,0,148,0,2,150,0,152,0,39,261,0,300,242,0,242,542
06/11/2005,SMO,CA,AWP,WE,Towers with Radar,0,19,75,0,94,0,2,158,0,160,0,21,233,0,254,136,0,136,390
06/12/2005,SMO,CA,AWP,WE,Towers with Radar,0,25,72,0,97,0,7,169,0,176,0,32,241,0,273,226,0,226,499
06/13/2005,SMO,CA,AWP,WE,Towers with Radar,0,23,52,2,77,0,12,129,2,143,0,35,181,4,220,98,0,98,318
06/14/2005,SMO,CA,AWP,WE,Towers with Radar,0,25,96,0,121,0,7,72,2,81,0,32,168,2,202,52,0,52,254
06/15/2005,SMO,CA,AWP,WE,Towers with Radar,0,19,112,0,131,0,0,89,1,90,0,19,201,1,221,116,0,116,337
06/16/2005,SMO,CA,AWP,WE,Towers with Radar,0,12,107,0,119,0,0,91,0,91,0,12,198,0,210,106,0,106,316
06/17/2005,SMO,CA,AWP,WE,Towers with Radar,0,40,96,0,136,0,2,192,0,194,0,42,288,0,330,220,0,220,550
06/18/2005,SMO,CA,AWP,WE,Towers with Radar,0,15,64,0,79,0,4,246,0,250,0,19,310,0,329,170,0,170,499
06/19/2005,SMO,CA,AWP,WE,Towers with Radar,0,40,69,0,109,0,0,230,0,230,0,40,299,0,339,70,0,70,409
06/20/2005,SMO,CA,AWP,WE,Towers with Radar,0,36,54,0,90,0,1,165,2,168,0,37,219,2,258,156,0,156,414
06/21/2005,SMO,CA,AWP,WE,Towers with Radar,0,33,59,0,92,0,5,200,3,208,0,38,259,3,300,92,0,92,392
06/22/2005,SMO,CA,AWP,WE,Towers with Radar,0,33,68,0,101,0,4,191,0,195,0,37,259,0,296,234,0,234,530
06/23/2005,SMO,CA,AWP,WE,Towers with Radar,0,32,79,0,111,0,3,171,2,176,0,35,250,2,287,196,0,196,483
06/24/2005,SMO,CA,AWP,WE,Towers with Radar,0,42,57,0,99,0,7,228,0,235,0,49,285,0,334,240,0,240,574
06/25/2005,SMO,CA,AWP,WE,Towers with Radar,0,25,56,0,81,0,8,94,0,102,0,33,150,0,183,194,0,194,377
06/26/2005,SMO,CA,AWP,WE,Towers with Radar,0,33,71,0,104,0,4,220,0,224,0,37,291,0,328,114,0,114,442
06/27/2005,SMO,CA,AWP,WE,Towers with Radar,0,20,83,0,103,0,9,93,1,103,0,29,176,1,206,218,0,218,424
06/28/2005,SMO,CA,AWP,WE,Towers with Radar,0,18,92,0,110,0,1,150,1,152,0,19,242,1,262,242,0,242,504
06/29/2005,SMO,CA,AWP,WE,Towers with Radar,0,31,76,0,107,0,1,152,0,153,0,32,228,0,260,132,0,132,392
06/30/2005,SMO,CA,AWP,WE,Towers with Radar,0,25,106,0,131,0,2,65,0,67,0,27,171,0,198,16,0,16,214
07/01/2005,SMO,CA,AWP,WE,Towers with Radar,0,41,98,0,139,0,10,120,0,130,0,51,218,0,269,72,0,72,341
07/02/2005,SMO,CA,AWP,WE,Towers with Radar,0,28,99,0,127,0,4,88,2,94,0,32,187,2,221,114,0,114,335
07/03/2005,SMO,CA,AWP,WE,Towers with Radar,0,15,51,0,66,0,7,124,0,131,0,22,175,0,197,112,0,112,309
07/04/2005,SMO,CA,AWP,WE,Towers with Radar,0,24,59,0,83,0,9,103,5,117,0,33,162,5,200,80,0,80,280
07/05/2005,SMO,CA,AWP,WE,Towers with Radar,0,34,84,0,118,0,1,96,0,97,0,35,180,0,215,24,0,24,239
07/06/2005,SMO,CA,AWP,WE,Towers with Radar,0,40,62,0,102,0,7,117,0,124,0,47,179,0,226,212,0,212,438
07/07/2005,SMO,CA,AWP,WE,Towers with Radar,0,33,88,0,121,0,2,122,0,124,0,35,210,0,245,134,0,134,379
07/08/2005,SMO,CA,AWP,WE,Towers with Radar,0,31,68,0,99,0,8,188,4,200,0,39,256,4,299,177,0,177,476
07/09/2005,SMO,CA,AWP,WE,Towers with Radar,0,29,59,0,88,0,3,160,0,163,0,32,219,0,251,76,0,76,327
07/10/2005,SMO,CA,AWP,WE,Towers with Radar,0,55,81,0,136,0,10,127,0,137,0,65,208,0,273,138,2,140,413
07/11/2005,SMO,CA,AWP,WE,Towers with Radar,0,32,107,0,139,0,0,22,1,23,0,32,129,1,162,12,0,12,174
07/12/2005,SMO,CA,AWP,WE,Towers with Radar,0,25,81,0,106,0,8,80,0,88,0,33,161,0,194,28,0,28,222
07/13/2005,SMO,CA,AWP,WE,Towers with Radar,0,9,83,0,92,0,22,101,0,123,0,31,184,0,215,78,0,78,293
07/14/2005,SMO,CA,AWP,WE,Towers with Radar,0,36,71,0,107,0,2,118,0,120,0,38,189,0,227,104,0,104,331
07/15/2005,SMO,CA,AWP,WE,Towers with Radar,0,41,82,0,123,0,0,94,0,94,0,41,176,0,217,88,0,88,305
07/16/2005,SMO,CA,AWP,WE,Towers with Radar,0,11,63,0,74,0,0,114,2,116,0,11,177,2,190,86,0,86,276
07/17/2005,SMO,CA,AWP,WE,Towers with Radar,0,25,94,0,119,0,0,67,0,67,0,25,161,0,186,40,0,40,226
07/18/2005,SMO,CA,AWP,WE,Towers with Radar,0,18,101,0,119,0,0,64,2,66,0,18,165,2,185,18,0,18,203
07/19/2005,SMO,CA,AWP,WE,Towers with Radar,0,36,84,0,120,0,0,202,1,203,0,36,286,1,323,312,0,312,635
07/20/2005,SMO,CA,AWP,WE,Towers with Radar,0,39,70,0,109,0,1,202,0,203,0,40,272,0,312,268,0,268,580
07/21/2005,SMO,CA,AWP,WE,Towers with Radar,0,36,76,0,112,0,2,217,0,219,0,38,293,0,331,164,0,164,495
07/22/2005,SMO,CA,AWP,WE,Towers with Radar,0,34,69,0,103,0,10,230,0,240,0,44,299,0,343,182,0,182,525
07/23/2005,SMO,CA,AWP,WE,Towers with Radar,0,29,70,0,99,0,7,196,4,207,0,36,266,4,306,138,0,138,444
07/24/2005,SMO,CA,AWP,WE,Towers with Radar,0,28,56,0,84,0,7,157,0,164,0,35,213,0,248,126,0,126,374
07/25/2005,SMO,CA,AWP,WE,Towers with Radar,0,51,82,0,133,0,7,138,5,150,0,58,220,5,283,94,0,94,377
07/26/2005,SMO,CA,AWP,WE,Towers with Radar,0,35,63,0,98,0,6,192,0,198,0,41,255,0,296,148,0,148,444
07/27/2005,SMO,CA,AWP,WE,Towers with Radar,0,38,63,0,101,0,2,124,0,126,0,40,187,0,227,66,0,66,293
07/28/2005,SMO,CA,AWP,WE,Towers with Radar,0,37,51,0,88,0,0,161,0,161,0,37,212,0,249,182,0,182,431
07/29/2005,SMO,CA,AWP,WE,Towers with Radar,0,40,98,0,138,0,5,184,0,189,0,45,282,0,327,98,0,98,425
07/30/2005,SMO,CA,AWP,WE,Towers with Radar,0,18,59,0,77,0,8,209,0,217,0,26,268,0,294,114,0,114,408
07/31/2005,SMO,CA,AWP,WE,Towers with Radar,0,29,87,0,116,0,6,185,0,191,0,35,272,0,307,82,0,82,389
08/01/2005,SMO,CA,AWP,WE,Towers with Radar,0,36,104,0,140,0,0,20,5,25,0,36,124,5,165,20,0,20,185
08/02/2005,SMO,CA,AWP,WE,Towers with Radar,0,28,76,0,104,0,4,116,0,120,0,32,192,0,224,20,0,20,244
08/03/2005,SMO,CA,AWP,WE,Towers with Radar,0,21,64,0,85,0,2,139,0,141,0,23,203,0,226,52,0,52,278
08/04/2005,SMO,CA,AWP,WE,Towers with Radar,0,32,100,0,132,0,0,76,0,76,0,32,176,0,208,8,0,8,216
08/05/2005,SMO,CA,AWP,WE,Towers with Radar,0,32,82,0,114,0,1,189,1,191,0,33,271,1,305,148,0,148,453
08/06/2005,SMO,CA,AWP,WE,Towers with Radar,0,26,106,0,132,0,9,109,0,118,0,35,215,0,250,22,0,22,272
08/07/2005,SMO,CA,AWP,WE,Towers with Radar,0,48,91,0,139,0,2,86,0,88,0,50,177,0,227,20,0,20,247
08/08/2005,SMO,CA,AWP,WE,Towers with Radar,0,37,77,0,114,0,1,103,2,106,0,38,180,2,220,170,0,170,390
08/09/2005,SMO,CA,AWP,WE,Towers with Radar,0,23,75,0,98,0,0,145,3,148,0,23,220,3,246,182,0,182,428
08/10/2005,SMO,CA,AWP,WE,Towers with Radar,0,43,78,0,121,0,0,194,2,196,0,43,272,2,317,226,0,226,543
08/11/2005,SMO,CA,AWP,WE,Towers with Radar,0,39,92,0,131,0,0,178,0,178,0,39,270,0,309,82,0,82,391
08/12/2005,SMO,CA,AWP,WE,Towers with Radar,0,30,95,0,125,0,9,98,4,111,0,39,193,4,236,134,0,134,370
08/13/2005,SMO,CA,AWP,WE,Towers with Radar,0,24,79,0,103,0,9,130,2,141,0,33,209,2,244,98,0,98,342
08/14/2005,SMO,CA,AWP,WE,Towers with Radar,0,39,64,0,103,0,5,148,0,153,0,44,212,0,256,106,0,106,362
08/15/2005,SMO,CA,AWP,WE,Towers with Radar,0,41,88,0,129,0,3,118,0,121,0,44,206,0,250,188,0,188,438
08/16/2005,SMO,CA,AWP,WE,Towers with Radar,0,36,87,0,123,0,5,127,6,138,0,41,214,6,261,170,0,170,431
08/17/2005,SMO,CA,AWP,WE,Towers with Radar,0,37,91,0,128,0,2,127,0,129,0,39,218,0,257,108,0,108,365
08/18/2005,SMO,CA,AWP,WE,Towers with Radar,0,59,92,0,151,0,6,170,4,180,0,65,262,4,331,180,0,180,511
08/19/2005,SMO,CA,AWP,WE,Towers with Radar,0,53,78,0,131,0,7,220,5,232,0,60,298,5,363,174,0,174,537
08/20/2005,SMO,CA,AWP,WE,Towers with Radar,0,35,100,0,135,0,10,182,4,196,0,45,282,4,331,116,0,116,447
08/21/2005,SMO,CA,AWP,WE,Towers with Radar,0,41,64,0,105,0,5,177,0,182,0,46,241,0,287,116,0,116,403
08/22/2005,SMO,CA,AWP,WE,Towers with Radar,0,36,78,0,114,0,7,179,4,190,0,43,257,4,304,180,0,180,484
08/23/2005,SMO,CA,AWP,WE,Towers with Radar,0,23,71,0,94,0,3,143,6,152,0,26,214,6,246,74,0,74,320
08/24/2005,SMO,CA,AWP,WE,Towers with Radar,0,31,71,0,102,0,0,204,0,204,0,31,275,0,306,158,0,158,464
08/25/2005,SMO,CA,AWP,WE,Towers with Radar,0,28,64,0,92,0,1,183,0,184,0,29,247,0,276,244,0,244,520
08/26/2005,SMO,CA,AWP,WE,Towers with Radar,0,44,87,0,131,0,4,220,0,224,0,48,307,0,355,170,0,170,525
08/27/2005,SMO,CA,AWP,WE,Towers with Radar,0,23,63,0,86,0,3,211,0,214,0,26,274,0,300,130,0,130,430
08/28/2005,SMO,CA,AWP,WE,Towers with Radar,0,28,43,0,71,0,0,222,0,222,0,28,265,0,293,166,0,166,459
08/29/2005,SMO,CA,AWP,WE,Towers with Radar,0,30,55,0,85,0,1,150,2,153,0,31,205,2,238,172,0,172,410
08/30/2005,SMO,CA,AWP,WE,Towers with Radar,0,40,65,0,105,0,1,170,0,171,0,41,235,0,276,166,0,166,442
08/31/2005,SMO,CA,AWP,WE,Towers with Radar,0,36,74,0,110,0,1,165,0,166,0,37,239,0,276,106,0,106,382
09/01/2005,SMO,CA,AWP,WE,Towers with Radar,0,37,83,0,120,0,0,130,0,130,0,37,213,0,250,118,0,118,368
09/02/2005,SMO,CA,AWP,WE,Towers with Radar,0,33,94,0,127,0,0,207,0,207,0,33,301,0,334,126,0,126,460
09/03/2005,SMO,CA,AWP,WE,Towers with Radar,0,10,61,0,71,0,5,191,0,196,0,15,252,0,267,184,0,184,451
09/04/2005,SMO,CA,AWP,WE,Towers with Radar,0,29,32,0,61,0,10,190,0,200,0,39,222,0,261,114,0,114,375
09/05/2005,SMO,CA,AWP,WE,Towers with Radar,0,48,67,0,115,0,9,204,0,213,0,57,271,0,328,94,0,94,422
09/06/2005,SMO,CA,AWP,WE,Towers with Radar,0,26,55,0,81,0,1,192,2,195,0,27,247,2,276,157,0,157,433
09/07/2005,SMO,CA,AWP,WE,Towers with Radar,0,24,75,0,99,0,4,189,0,193,0,28,264,0,292,194,0,194,486
09/08/2005,SMO,CA,AWP,WE,Towers with Radar,0,23,53,0,76,0,0,145,0,145,0,23,198,0,221,188,0,188,409
09/09/2005,SMO,CA,AWP,WE,Towers with Radar,0,45,85,0,130,0,6,117,0,123,0,51,202,0,253,178,0,178,431
09/10/2005,SMO,CA,AWP,WE,Towers with Radar,0,22,83,0,105,0,8,111,4,123,0,30,194,4,228,136,0,136,364
09/11/2005,SMO,CA,AWP,WE,Towers with Radar,0,42,93,0,135,0,4,171,0,175,0,46,264,0,310,100,0,100,410
09/12/2005,SMO,CA,AWP,WE,Towers with Radar,0,30,65,0,95,0,11,141,2,154,0,41,206,2,249,112,0,112,361
09/13/2005,SMO,CA,AWP,WE,Towers with Radar,0,29,64,0,93,0,0,155,1,156,0,29,219,1,249,172,0,172,421
09/14/2005,SMO,CA,AWP,WE,Towers with Radar,0,32,74,0,106,0,0,158,0,158,0,32,232,0,264,122,0,122,386
09/15/2005,SMO,CA,AWP,WE,Towers with Radar,0,36,72,2,110,0,0,142,0,142,0,36,214,2,252,128,0,128,380
09/16/2005,SMO,CA,AWP,WE,Towers with Radar,0,37,87,0,124,0,0,117,2,119,0,37,204,2,243,178,0,178,421
09/17/2005,SMO,CA,AWP,WE,Towers with Radar,0,17,74,0,91,0,3,129,0,132,0,20,203,0,223,94,0,94,317
09/18/2005,SMO,CA,AWP,WE,Towers with Radar,0,42,91,0,133,0,9,146,0,155,0,51,237,0,288,98,0,98,386
09/19/2005,SMO,CA,AWP,WE,Towers with Radar,0,39,88,0,127,0,8,107,0,115,0,47,195,0,242,66,0,66,308
09/20/2005,SMO,CA,AWP,WE,Towers with Radar,0,17,59,0,76,0,7,119,0,126,0,24,178,0,202,84,0,84,286
09/21/2005,SMO,CA,AWP,WE,Towers with Radar,0,34,75,0,109,0,2,178,2,182,0,36,253,2,291,122,0,122,413
09/22/2005,SMO,CA,AWP,WE,Towers with Radar,0,34,71,0,105,0,0,158,0,158,0,34,229,0,263,146,0,146,409
09/23/2005,SMO,CA,AWP,WE,Towers with Radar,0,26,132,0,158,0,0,93,0,93,0,26,225,0,251,40,0,40,291
09/24/2005,SMO,CA,AWP,WE,Towers with Radar,0,22,74,0,96,0,0,104,0,104,0,22,178,0,200,95,0,95,295
09/25/2005,SMO,CA,AWP,WE,Towers with Radar,0,32,52,0,84,0,5,186,0,191,0,37,238,0,275,116,0,116,391
09/26/2005,SMO,CA,AWP,WE,Towers with Radar,0,24,52,0,76,0,8,108,1,117,0,32,160,1,193,84,0,84,277
09/27/2005,SMO,CA,AWP,WE,Towers with Radar,0,30,47,0,77,0,2,194,2,198,0,32,241,2,275,210,0,210,485
09/28/2005,SMO,CA,AWP,WE,Towers with Radar,0,31,45,0,76,0,4,172,0,176,0,35,217,0,252,124,0,124,376
09/29/2005,SMO,CA,AWP,WE,Towers with Radar,0,39,54,0,93,0,0,177,0,177,0,39,231,0,270,182,0,182,452
09/30/2005,SMO,CA,AWP,WE,Towers with Radar,0,43,67,0,110,0,12,148,0,160,0,55,215,0,270,192,0,192,462
10/01/2005,SMO,CA,AWP,WE,Towers with Radar,0,28,44,0,72,0,2,64,0,66,0,30,108,0,138,20,0,20,158
10/02/2005,SMO,CA,AWP,WE,Towers with Radar,0,41,65,0,106,0,0,116,0,116,0,41,181,0,222,80,0,80,302
10/03/2005,SMO,CA,AWP,WE,Towers with Radar,0,17,54,0,71,0,2,147,2,151,0,19,201,2,222,78,0,78,300
10/04/2005,SMO,CA,AWP,WE,Towers with Radar,0,26,47,0,73,0,0,165,0,165,0,26,212,0,238,122,0,122,360
10/05/2005,SMO,CA,AWP,WE,Towers with Radar,0,41,49,0,90,0,8,228,0,236,0,49,277,0,326,126,0,126,452
10/06/2005,SMO,CA,AWP,WE,Towers with Radar,0,44,77,0,121,0,0,212,0,212,0,44,289,0,333,180,0,180,513
10/07/2005,SMO,CA,AWP,WE,Towers with Radar,0,47,87,0,134,0,0,165,2,167,0,47,252,2,301,114,0,114,415
10/08/2005,SMO,CA,AWP,WE,Towers with Radar,0,41,77,0,118,0,8,144,0,152,0,49,221,0,270,88,0,88,358
10/09/2005,SMO,CA,AWP,WE,Towers with Radar,0,46,58,0,104,0,4,212,0,216,0,50,270,0,320,84,0,84,404
10/10/2005,SMO,CA,AWP,WE,Towers with Radar,0,44,69,0,113,0,0,123,1,124,0,44,192,1,237,156,0,156,393
10/11/2005,SMO,CA,AWP,WE,Towers with Radar,0,19,104,0,123,0,0,88,1,89,0,19,192,1,212,66,0,66,278
10/12/2005,SMO,CA,AWP,WE,Towers with Radar,0,43,70,0,113,0,1,157,0,158,0,44,227,0,271,118,0,118,389
10/13/2005,SMO,CA,AWP,WE,Towers with Radar,0,33,41,0,74,0,0,222,0,222,0,33,263,0,296,136,0,136,432
10/14/2005,SMO,CA,AWP,WE,Towers with Radar,0,39,77,0,116,0,10,188,0,198,0,49,265,0,314,168,0,168,482
10/15/2005,SMO,CA,AWP,WE,Towers with Radar,0,27,55,0,82,0,7,208,0,215,0,34,263,0,297,96,0,96,393
10/16/2005,SMO,CA,AWP,WE,Towers with Radar,0,37,52,0,89,0,6,136,0,142,0,43,188,0,231,96,0,96,327
10/17/2005,SMO,CA,AWP,WE,Towers with Radar,0,23,53,0,76,0,0,30,2,32,0,23,83,2,108,8,0,8,116
10/18/2005,SMO,CA,AWP,WE,Towers with Radar,0,30,64,0,94,0,9,64,5,78,0,39,128,5,172,70,0,70,242
10/19/2005,SMO,CA,AWP,WE,Towers with Radar,0,39,80,0,119,0,0,105,0,105,0,39,185,0,224,178,0,178,402
10/20/2005,SMO,CA,AWP,WE,Towers with Radar,0,29,53,0,82,0,0,96,0,96,0,29,149,0,178,122,0,122,300
10/21/2005,SMO,CA,AWP,WE,Towers with Radar,0,40,84,0,124,0,2,5,0,7,0,42,89,0,131,8,0,8,139
10/22/2005,SMO,CA,AWP,WE,Towers with Radar,0,26,82,0,108,0,0,0,0,0,0,26,82,0,108,0,0,0,108
10/23/2005,SMO,CA,AWP,WE,Towers with Radar,0,38,106,0,144,0,7,30,5,42,0,45,136,5,186,73,0,73,259
10/24/2005,SMO,CA,AWP,WE,Towers with Radar,0,24,64,0,88,0,0,2,2,4,0,24,66,2,92,12,0,12,104
10/25/2005,SMO,CA,AWP,WE,Towers with Radar,0,25,73,0,98,0,4,117,0,121,0,29,190,0,219,182,0,182,401
10/26/2005,SMO,CA,AWP,WE,Towers with Radar,0,23,96,0,119,0,2,76,0,78,0,25,172,0,197,70,0,70,267
10/27/2005,SMO,CA,AWP,WE,Towers with Radar,0,41,130,0,171,0,1,56,0,57,0,42,186,0,228,90,0,90,318
10/28/2005,SMO,CA,AWP,WE,Towers with Radar,0,62,102,0,164,0,5,172,0,177,0,67,274,0,341,186,0,186,527
10/29/2005,SMO,CA,AWP,WE,Towers with Radar,0,42,58,0,100,0,4,211,10,225,0,46,269,10,325,144,0,144,469
10/30/2005,SMO,CA,AWP,WE,Towers with Radar,0,49,50,1,100,0,4,202,3,209,0,53,252,4,309,136,0,136,445
10/31/2005,SMO,CA,AWP,WE,Towers with Radar,0,32,41,0,73,0,7,160,2,169,0,39,201,2,242,124,0,124,366
11/01/2005,SMO,CA,AWP,WE,Towers with Radar,0,45,93,0,138,0,5,199,3,207,0,50,292,3,345,104,0,104,449
11/02/2005,SMO,CA,AWP,WE,Towers with Radar,0,24,101,0,125,0,0,148,1,149,0,24,249,1,274,27,0,27,301
11/03/2005,SMO,CA,AWP,WE,Towers with Radar,0,36,57,0,93,0,0,197,2,199,0,36,254,2,292,146,0,146,438
11/04/2005,SMO,CA,AWP,WE,Towers with Radar,0,58,94,0,152,0,10,144,2,156,0,68,238,2,308,144,0,144,452
11/05/2005,SMO,CA,AWP,WE,Towers with Radar,0,30,51,0,81,0,8,209,0,217,0,38,260,0,298,150,0,150,448
11/06/2005,SMO,CA,AWP,WE,Towers with Radar,0,49,78,1,128,0,7,189,0,196,0,56,267,1,324,116,0,116,440
11/07/2005,SMO,CA,AWP,WE,Towers with Radar,0,41,75,0,116,0,6,102,7,115,0,47,177,7,231,90,0,90,321
11/08/2005,SMO,CA,AWP,WE,Towers with Radar,0,33,88,0,121,0,2,74,3,79,0,35,162,3,200,98,0,98,298
11/09/2005,SMO,CA,AWP,WE,Towers with Radar,0,17,50,1,68,0,0,76,0,76,0,17,126,1,144,30,0,30,174
11/10/2005,SMO,CA,AWP,WE,Towers with Radar,0,38,86,0,124,0,0,76,4,80,0,38,162,4,204,134,0,134,338
11/11/2005,SMO,CA,AWP,WE,Towers with Radar,0,23,98,0,121,0,1,183,0,184,0,24,281,0,305,152,0,152,457
11/12/2005,SMO,CA,AWP,WE,Towers with Radar,0,26,58,0,84,0,6,233,0,239,0,32,291,0,323,152,0,152,475
11/13/2005,SMO,CA,AWP,WE,Towers with Radar,0,47,78,0,125,0,0,154,0,154,0,47,232,0,279,56,0,56,335
11/14/2005,SMO,CA,AWP,WE,Towers with Radar,0,30,77,0,107,0,3,89,0,92,0,33,166,0,199,54,0,54,253
11/15/2005,SMO,CA,AWP,WE,Towers with Radar,0,29,49,0,78,0,4,254,4,262,0,33,303,4,340,161,0,161,501
11/16/2005,SMO,CA,AWP,WE,Towers with Radar,0,28,89,0,117,0,0,195,2,197,0,28,284,2,314,180,0,180,494
11/17/2005,SMO,CA,AWP,WE,Towers with Radar,0,36,96,0,132,0,0,214,3,217,0,36,310,3,349,180,0,180,529
11/18/2005,SMO,CA,AWP,WE,Towers with Radar,0,54,59,0,113,0,4,184,4,192,0,58,243,4,305,240,0,240,545
11/19/2005,SMO,CA,AWP,WE,Towers with Radar,0,38,60,0,98,0,9,233,0,242,0,47,293,0,340,158,0,158,498
11/20/2005,SMO,CA,AWP,WE,Towers with Radar,0,34,49,0,83,0,1,237,0,238,0,35,286,0,321,144,0,144,465
11/21/2005,SMO,CA,AWP,WE,Towers with Radar,0,33,42,0,75,0,12,133,4,149,0,45,175,4,224,146,0,146,370
11/22/2005,SMO,CA,AWP,WE,Towers with Radar,0,36,74,0,110,0,2,176,0,178,0,38,250,0,288,117,0,117,405
11/23/2005,SMO,CA,AWP,WE,Towers with Radar,0,39,100,0,139,0,1,179,0,180,0,40,279,0,319,150,0,150,469
11/24/2005,SMO,CA,AWP,WE,Towers with Radar,0,13,24,0,37,0,0,96,0,96,0,13,120,0,133,14,0,14,147
11/25/2005,SMO,CA,AWP,WE,Towers with Radar,0,24,84,0,108,0,2,19,0,21,0,26,103,0,129,0,0,0,129
11/26/2005,SMO,CA,AWP,WE,Towers with Radar,0,23,45,0,68,0,0,102,2,104,0,23,147,2,172,98,0,98,270
11/27/2005,SMO,CA,AWP,WE,Towers with Radar,0,44,98,0,142,0,0,166,0,166,0,44,264,0,308,66,0,66,374
11/28/2005,SMO,CA,AWP,WE,Towers with Radar,0,21,74,0,95,0,0,134,0,134,0,21,208,0,229,112,0,112,341
11/29/2005,SMO,CA,AWP,WE,Towers with Radar,0,32,74,0,106,0,15,136,0,151,0,47,210,0,257,106,0,106,363
11/30/2005,SMO,CA,AWP,WE,Towers with Radar,0,15,57,0,72,0,0,246,1,247,0,15,303,1,319,149,0,149,468
12/01/2005,SMO,CA,AWP,WE,Towers with Radar,0,24,97,1,122,0,0,29,0,29,0,24,126,1,151,16,0,16,167
12/02/2005,SMO,CA,AWP,WE,Towers with Radar,0,32,67,0,99,0,6,63,2,71,0,38,130,2,170,56,0,56,226
12/03/2005,SMO,CA,AWP,WE,Towers with Radar,0,33,47,0,80,0,5,174,0,179,0,38,221,0,259,90,0,90,349
12/04/2005,SMO,CA,AWP,WE,Towers with Radar,0,38,43,0,81,0,8,153,0,161,0,46,196,0,242,152,0,152,394
12/05/2005,SMO,CA,AWP,WE,Towers with Radar,0,51,46,0,97,0,14,186,5,205,0,65,232,5,302,174,0,174,476
12/06/2005,SMO,CA,AWP,WE,Towers with Radar,0,30,61,0,91,0,5,257,1,263,0,35,318,1,354,136,0,136,490
12/07/2005,SMO,CA,AWP,WE,Towers with Radar,0,29,63,0,92,0,0,216,0,216,0,29,279,0,308,202,0,202,510
12/08/2005,SMO,CA,AWP,WE,Towers with Radar,0,39,71,0,110,0,4,133,0,137,0,43,204,0,247,156,0,156,403
12/09/2005,SMO,CA,AWP,WE,Towers with Radar,0,34,69,0,103,0,3,176,4,183,0,37,245,4,286,122,0,122,408
12/10/2005,SMO,CA,AWP,WE,Towers with Radar,0,39,45,0,84,0,6,220,0,226,0,45,265,0,310,158,0,158,468
12/11/2005,SMO,CA,AWP,WE,Towers with Radar,0,36,63,0,99,0,9,195,2,206,0,45,258,2,305,150,0,150,455
12/12/2005,SMO,CA,AWP,WE,Towers with Radar,0,40,63,0,103,0,3,135,0,138,0,43,198,0,241,82,0,82,323
12/13/2005,SMO,CA,AWP,WE,Towers with Radar,0,34,63,0,97,0,1,139,2,142,0,35,202,2,239,78,0,78,317
12/14/2005,SMO,CA,AWP,WE,Towers with Radar,0,25,94,0,119,0,3,189,0,192,0,28,283,0,311,114,0,114,425
12/15/2005,SMO,CA,AWP,WE,Towers with Radar,0,31,81,0,112,0,0,119,2,121,0,31,200,2,233,134,0,134,367
12/16/2005,SMO,CA,AWP,WE,Towers with Radar,0,39,81,0,120,0,2,152,0,154,0,41,233,0,274,152,0,152,426
12/17/2005,SMO,CA,AWP,WE,Towers with Radar,0,42,76,0,118,0,8,152,0,160,0,50,228,0,278,210,0,210,488
12/18/2005,SMO,CA,AWP,WE,Towers with Radar,0,28,68,0,96,0,8,115,0,123,0,36,183,0,219,162,0,162,381
12/19/2005,SMO,CA,AWP,WE,Towers with Radar,0,40,42,0,82,0,4,142,2,148,0,44,184,2,230,110,0,110,340
12/20/2005,SMO,CA,AWP,WE,Towers with Radar,0,35,52,0,87,0,11,193,4,208,0,46,245,4,295,144,0,144,439
12/21/2005,SMO,CA,AWP,WE,Towers with Radar,0,28,72,0,100,0,1,185,0,186,0,29,257,0,286,82,0,82,368
12/22/2005,SMO,CA,AWP,WE,Towers with Radar,0,30,67,0,97,0,2,110,0,112,0,32,177,0,209,86,0,86,295
12/23/2005,SMO,CA,AWP,WE,Towers with Radar,0,17,93,0,110,0,9,30,2,41,0,26,123,2,151,52,0,52,203
12/24/2005,SMO,CA,AWP,WE,Towers with Radar,0,16,38,0,54,0,3,74,0,77,0,19,112,0,131,16,0,16,147
12/25/2005,SMO,CA,AWP,WE,Towers with Radar,0,18,18,0,36,0,0,0,0,0,0,18,18,0,36,0,0,0,36
12/26/2005,SMO,CA,AWP,WE,Towers with Radar,0,18,85,0,103,0,0,0,0,0,0,18,85,0,103,12,0,12,115
12/27/2005,SMO,CA,AWP,WE,Towers with Radar,0,37,54,0,91,0,3,142,0,145,0,40,196,0,236,96,0,96,332
12/28/2005,SMO,CA,AWP,WE,Towers with Radar,0,18,43,0,61,0,3,66,3,72,0,21,109,3,133,64,0,64,197
12/29/2005,SMO,CA,AWP,WE,Towers with Radar,0,22,59,0,81,0,0,122,0,122,0,22,181,0,203,140,0,140,343
12/30/2005,SMO,CA,AWP,WE,Towers with Radar,0,38,38,0,76,0,7,197,0,204,0,45,235,0,280,160,0,160,440
12/31/2005,SMO,CA,AWP,WE,Towers with Radar,0,12,12,1,25,0,0,0,0,0,0,12,12,1,25,0,0,0,25
01/01/2006,SMO,CA,AWP,WE,Towers with Radar,0,19,30,0,49,0,0,0,0,0,0,19,30,0,49,0,0,0,49
01/02/2006,SMO,CA,AWP,WE,Towers with Radar,0,18,28,0,46,0,0,0,2,2,0,18,28,2,48,14,0,14,62
01/03/2006,SMO,CA,AWP,WE,Towers with Radar,0,46,61,0,107,0,0,142,2,144,0,46,203,2,251,110,0,110,361
01/04/2006,SMO,CA,AWP,WE,Towers with Radar,0,24,57,0,81,0,0,109,3,112,0,24,166,3,193,130,0,130,323
01/05/2006,SMO,CA,AWP,WE,Towers with Radar,0,49,96,0,145,0,0,122,1,123,0,49,218,1,268,104,0,104,372
01/06/2006,SMO,CA,AWP,WE,Towers with Radar,0,23,66,0,89,0,1,147,0,148,0,24,213,0,237,250,0,250,487
01/07/2006,SMO,CA,AWP,WE,Towers with Radar,0,10,66,0,76,0,0,206,0,206,0,10,272,0,282,116,0,116,398
01/08/2006,SMO,CA,AWP,WE,Towers with Radar,0,25,67,0,92,0,0,145,0,145,0,25,212,0,237,120,0,120,357
01/09/2006,SMO,CA,AWP,WE,Towers with Radar,0,24,50,0,74,0,0,162,1,163,0,24,212,1,237,40,0,40,277
01/10/2006,SMO,CA,AWP,WE,Towers with Radar,0,36,57,0,93,0,0,149,2,151,0,36,206,2,244,222,0,222,466
01/11/2006,SMO,CA,AWP,WE,Towers with Radar,0,25,55,0,80,0,1,132,2,135,0,26,187,2,215,190,0,190,405
01/12/2006,SMO,CA,AWP,WE,Towers with Radar,0,36,66,0,102,0,0,168,0,168,0,36,234,0,270,70,0,70,340
01/13/2006,SMO,CA,AWP,WE,Towers with Radar,0,37,86,0,123,0,2,168,6,176,0,39,254,6,299,46,0,46,345
01/14/2006,SMO,CA,AWP,WE,Towers with Radar,0,11,43,0,54,0,0,15,0,15,0,11,58,0,69,30,0,30,99
01/15/2006,SMO,CA,AWP,WE,Towers with Radar,0,19,42,0,61,0,0,142,2,144,0,19,184,2,205,58,0,58,263
01/16/2006,SMO,CA,AWP,WE,Towers with Radar,0,49,80,0,129,0,0,220,4,224,0,49,300,4,353,124,0,124,477
01/17/2006,SMO,CA,AWP,WE,Towers with Radar,0,42,67,0,109,0,1,160,0,161,0,43,227,0,270,106,0,106,376
01/18/2006,SMO,CA,AWP,WE,Towers with Radar,0,30,106,0,136,0,0,84,4,88,0,30,190,4,224,70,0,70,294
01/19/2006,SMO,CA,AWP,WE,Towers with Radar,0,40,67,0,107,0,1,107,0,108,0,41,174,0,215,76,0,76,291
01/20/2006,SMO,CA,AWP,WE,Towers with Radar,0,53,81,0,134,0,5,233,0,238,0,58,314,0,372,174,0,174,546
01/21/2006,SMO,CA,AWP,WE,Towers with Radar,0,21,60,0,81,0,7,210,3,220,0,28,270,3,301,146,0,146,447
01/22/2006,SMO,CA,AWP,WE,Towers with Radar,0,44,74,0,118,0,0,173,3,176,0,44,247,3,294,202,0,202,496
01/23/2006,SMO,CA,AWP,WE,Towers with Radar,0,35,47,0,82,0,8,60,2,70,0,43,107,2,152,48,0,48,200
01/24/2006,SMO,CA,AWP,WE,Towers with Radar,0,31,73,0,104,0,7,115,0,122,0,38,188,0,226,170,0,170,396
01/25/2006,SMO,CA,AWP,WE,Towers with Radar,0,30,80,0,110,0,4,140,0,144,0,34,220,0,254,140,0,140,394
01/26/2006,SMO,CA,AWP,WE,Towers with Radar,0,31,90,0,121,0,0,120,0,120,0,31,210,0,241,160,0,160,401
01/27/2006,SMO,CA,AWP,WE,Towers with Radar,0,42,58,0,100,0,10,171,0,181,0,52,229,0,281,296,0,296,577
01/28/2006,SMO,CA,AWP,WE,Towers with Radar,0,21,40,0,61,0,0,178,2,180,0,21,218,2,241,146,0,146,387
01/29/2006,SMO,CA,AWP,WE,Towers with Radar,0,41,69,0,110,0,0,156,0,156,0,41,225,0,266,122,0,122,388
01/30/2006,SMO,CA,AWP,WE,Towers with Radar,0,36,71,0,107,0,7,115,2,124,0,43,186,2,231,76,0,76,307
01/31/2006,SMO,CA,AWP,WE,Towers with Radar,0,47,75,0,122,0,11,175,2,188,0,58,250,2,310,160,0,160,470
02/01/2006,SMO,CA,AWP,WE,Towers with Radar,0,26,75,0,101,0,2,169,0,171,0,28,244,0,272,236,0,236,508
02/02/2006,SMO,CA,AWP,WE,Towers with Radar,0,46,76,0,122,0,1,154,0,155,0,47,230,0,277,210,0,210,487
02/03/2006,SMO,CA,AWP,WE,Towers with Radar,0,37,68,0,105,0,1,69,0,70,0,38,137,0,175,82,0,82,257
02/04/2006,SMO,CA,AWP,WE,Towers with Radar,0,12,74,0,86,0,0,22,0,22,0,12,96,0,108,22,0,22,130
02/05/2006,SMO,CA,AWP,WE,Towers with Radar,0,31,41,0,72,0,0,142,0,142,0,31,183,0,214,136,0,136,350
02/06/2006,SMO,CA,AWP,WE,Towers with Radar,0,48,61,0,109,0,3,204,4,211,0,51,265,4,320,162,0,162,482
02/07/2006,SMO,CA,AWP,WE,Towers with Radar,0,53,48,1,102,0,7,175,0,182,0,60,223,1,284,106,0,106,390
02/08/2006,SMO,CA,AWP,WE,Towers with Radar,0,43,80,0,123,0,3,190,0,193,0,46,270,0,316,240,0,240,556
02/09/2006,SMO,CA,AWP,WE,Towers with Radar,0,57,79,0,136,0,4,154,1,159,0,61,233,1,295,214,0,214,509
02/10/2006,SMO,CA,AWP,WE,Towers with Radar,0,35,105,0,140,0,3,141,0,144,0,38,246,0,284,164,0,164,448
02/11/2006,SMO,CA,AWP,WE,Towers with Radar,0,30,67,0,97,0,8,143,0,151,0,38,210,0,248,128,0,128,376
02/12/2006,SMO,CA,AWP,WE,Towers with Radar,0,37,50,0,87,0,1,213,0,214,0,38,263,0,301,118,0,118,419
02/13/2006,SMO,CA,AWP,WE,Towers with Radar,0,35,45,0,80,0,1,177,3,181,0,36,222,3,261,136,0,136,397
02/14/2006,SMO,CA,AWP,WE,Towers with Radar,0,35,65,0,100,0,0,146,3,149,0,35,211,3,249,177,0,177,426
02/15/2006,SMO,CA,AWP,WE,Towers with Radar,0,41,82,0,123,0,0,137,0,137,0,41,219,0,260,142,0,142,402
02/16/2006,SMO,CA,AWP,WE,Towers with Radar,0,31,67,0,98,0,1,127,3,131,0,32,194,3,229,192,0,192,421
02/17/2006,SMO,CA,AWP,WE,Towers with Radar,0,35,93,0,128,0,3,121,0,124,0,38,214,0,252,206,0,206,458
02/18/2006,SMO,CA,AWP,WE,Towers with Radar,0,18,45,0,63,0,4,71,2,77,0,22,116,2,140,127,0,127,267
02/19/2006,SMO,CA,AWP,WE,Towers with Radar,0,38,42,0,80,0,0,101,0,101,0,38,143,0,181,118,0,118,299
02/20/2006,SMO,CA,AWP,WE,Towers with Radar,0,43,78,1,122,0,3,236,0,239,0,46,314,1,361,162,0,162,523
02/21/2006,SMO,CA,AWP,WE,Towers with Radar,0,49,49,0,98,0,1,161,0,162,0,50,210,0,260,132,0,132,392
02/22/2006,SMO,CA,AWP,WE,Towers with Radar,0,33,68,0,101,0,0,173,0,173,0,33,241,0,274,144,0,144,418
02/23/2006,SMO,CA,AWP,WE,Towers with Radar,0,44,72,0,116,0,0,210,0,210,0,44,282,0,326,156,0,156,482
02/24/2006,SMO,CA,AWP,WE,Towers with Radar,0,44,73,0,117,0,3,188,0,191,0,47,261,0,308,178,0,178,486
02/25/2006,SMO,CA,AWP,WE,Towers with Radar,0,44,78,0,122,0,5,157,0,162,0,49,235,0,284,114,0,114,398
02/26/2006,SMO,CA,AWP,WE,Towers with Radar,0,19,53,0,72,0,0,179,0,179,0,19,232,0,251,104,0,104,355
02/27/2006,SMO,CA,AWP,WE,Towers with Radar,0,26,44,0,70,0,4,37,0,41,0,30,81,0,111,90,0,90,201
02/28/2006,SMO,CA,AWP,WE,Towers with Radar,0,23,44,0,67,0,6,108,0,114,0,29,152,0,181,40,0,40,221
03/01/2006,SMO,CA,AWP,WE,Towers with Radar,0,28,85,2,115,0,2,203,2,207,0,30,288,4,322,218,0,218,540
03/02/2006,SMO,CA,AWP,WE,Towers with Radar,0,46,88,0,134,0,1,129,4,134,0,47,217,4,268,50,0,50,318
03/03/2006,SMO,CA,AWP,WE,Towers with Radar,0,37,66,0,103,0,7,86,4,97,0,44,152,4,200,54,0,54,254
03/04/2006,SMO,CA,AWP,WE,Towers with Radar,0,23,48,0,71,0,9,251,1,261,0,32,299,1,332,180,0,180,512
03/05/2006,SMO,CA,AWP,WE,Towers with Radar,0,39,67,0,106,0,4,218,0,222,0,43,285,0,328,170,0,170,498
03/06/2006,SMO,CA,AWP,WE,Towers with Radar,0,43,61,0,104,0,2,63,1,66,0,45,124,1,170,78,0,78,248
03/07/2006,SMO,CA,AWP,WE,Towers with Radar,0,24,45,0,69,0,4,89,0,93,0,28,134,0,162,90,0,90,252
03/08/2006,SMO,CA,AWP,WE,Towers with Radar,0,27,63,0,90,0,1,186,1,188,0,28,249,1,278,72,0,72,350
03/09/2006,SMO,CA,AWP,WE,Towers with Radar,0,32,101,0,133,0,0,104,0,104,0,32,205,0,237,108,0,108,345
03/10/2006,SMO,CA,AWP,WE,Towers with Radar,0,56,56,0,112,0,7,84,6,97,0,63,140,6,209,64,0,64,273
03/11/2006,SMO,CA,AWP,WE,Towers with Radar,0,23,37,0,60,0,0,47,0,47,0,23,84,0,107,54,0,54,161
03/12/2006,SMO,CA,AWP,WE,Towers with Radar,0,58,58,0,116,0,7,139,0,146,0,65,197,0,262,202,0,202,464
03/13/2006,SMO,CA,AWP,WE,Towers with Radar,0,39,49,0,88,0,15,175,10,200,0,54,224,10,288,56,0,56,344
03/14/2006,SMO,CA,AWP,WE,Towers with Radar,0,28,64,0,92,0,12,166,0,178,0,40,230,0,270,104,0,104,374
03/15/2006,SMO,CA,AWP,WE,Towers with Radar,0,35,60,0,95,0,0,308,2,310,0,35,368,2,405,204,0,204,609
03/16/2006,SMO,CA,AWP,WE,Towers with Radar,0,37,66,0,103,0,0,142,0,142,0,37,208,0,245,112,0,112,357
03/17/2006,SMO,CA,AWP,WE,Towers with Radar,0,34,102,0,136,0,7,30,1,38,0,41,132,1,174,88,0,88,262
03/18/2006,SMO,CA,AWP,WE,Towers with Radar,0,26,33,0,59,0,6,95,0,101,0,32,128,0,160,118,0,118,278
03/19/2006,SMO,CA,AWP,WE,Towers with Radar,0,23,68,0,91,0,9,190,2,201,0,32,258,2,292,124,0,124,416
03/20/2006,SMO,CA,AWP,WE,Towers with Radar,0,41,87,0,128,0,10,161,8,179,0,51,248,8,307,124,0,124,431
03/21/2006,SMO,CA,AWP,WE,Towers with Radar,0,15,43,0,58,0,2,132,4,138,0,17,175,4,196,124,0,124,320
03/22/2006,SMO,CA,AWP,WE,Towers with Radar,0,37,76,0,113,0,0,213,0,213,0,37,289,0,326,148,0,148,474
03/23/2006,SMO,CA,AWP,WE,Towers with Radar,0,22,80,0,102,0,3,171,0,174,0,25,251,0,276,222,0,222,498
03/24/2006,SMO,CA,AWP,WE,Towers with Radar,0,60,72,0,132,0,12,210,12,234,0,72,282,12,366,169,0,169,535
03/25/2006,SMO,CA,AWP,WE,Towers with Radar,0,34,62,0,96,0,10,116,0,126,0,44,178,0,222,70,0,70,292
03/26/2006,SMO,CA,AWP,WE,Towers with Radar,0,45,77,0,122,0,6,232,0,238,0,51,309,0,360,186,0,186,546
03/27/2006,SMO,CA,AWP,WE,Towers with Radar,0,38,69,0,107,0,10,131,3,144,0,48,200,3,251,132,0,132,383
03/28/2006,SMO,CA,AWP,WE,Towers with Radar,0,18,61,0,79,0,4,13,0,17,0,22,74,0,96,8,0,8,104
03/29/2006,SMO,CA,AWP,WE,Towers with Radar,0,31,65,0,96,0,0,0,0,0,0,31,65,0,96,138,0,138,234
03/30/2006,SMO,CA,AWP,WE,Towers with Radar,0,43,89,0,132,0,0,139,0,139,0,43,228,0,271,176,0,176,447
03/31/2006,SMO,CA,AWP,WE,Towers with Radar,0,24,82,0,106,0,0,84,0,84,0,24,166,0,190,202,0,202,392
04/01/2006,SMO,CA,AWP,WE,Towers with Radar,0,36,60,0,96,0,6,135,2,143,0,42,195,2,239,106,0,106,345
04/02/2006,SMO,CA,AWP,WE,Towers with Radar,0,36,73,0,109,0,6,213,0,219,0,42,286,0,328,158,0,158,486
04/03/2006,SMO,CA,AWP,WE,Towers with Radar,0,25,62,0,87,0,0,49,1,50,0,25,111,1,137,48,0,48,185
04/04/2006,SMO,CA,AWP,WE,Towers with Radar,0,8,35,1,44,0,0,0,1,1,0,8,35,2,45,0,0,0,45
04/05/2006,SMO,CA,AWP,WE,Towers with Radar,0,15,59,1,75,0,0,44,0,44,0,15,103,1,119,30,0,30,149
04/06/2006,SMO,CA,AWP,WE,Towers with Radar,0,32,71,0,103,0,0,205,6,211,0,32,276,6,314,194,0,194,508
04/07/2006,SMO,CA,AWP,WE,Towers with Radar,0,33,81,0,114,0,5,163,0,168,0,38,244,0,282,228,0,228,510
04/08/2006,SMO,CA,AWP,WE,Towers with Radar,0,23,60,0,83,0,4,201,0,205,0,27,261,0,288,124,0,124,412
04/09/2006,SMO,CA,AWP,WE,Towers with Radar,0,33,73,0,106,0,5,145,0,150,0,38,218,0,256,160,0,160,416
04/10/2006,SMO,CA,AWP,WE,Towers with Radar,0,30,61,0,91,0,0,102,4,106,0,30,163,4,197,174,0,174,371
04/11/2006,SMO,CA,AWP,WE,Towers with Radar,0,30,64,0,94,0,7,143,2,152,0,37,207,2,246,108,0,108,354
04/12/2006,SMO,CA,AWP,WE,Towers with Radar,0,32,82,0,114,0,0,144,0,144,0,32,226,0,258,136,0,136,394
04/13/2006,SMO,CA,AWP,WE,Towers with Radar,0,33,98,0,131,0,0,217,0,217,0,33,315,0,348,162,0,162,510
04/14/2006,SMO,CA,AWP,WE,Towers with Radar,0,22,48,0,70,0,4,46,0,50,0,26,94,0,120,32,0,32,152
04/15/2006,SMO,CA,AWP,WE,Towers with Radar,0,19,64,0,83,0,5,115,0,120,0,24,179,0,203,184,0,184,387
04/16/2006,SMO,CA,AWP,WE,Towers with Radar,0,36,84,0,120,0,6,158,0,164,0,42,242,0,284,110,0,110,394
04/17/2006,SMO,CA,AWP,WE,Towers with Radar,0,40,63,0,103,0,2,153,5,160,0,42,216,5,263,106,0,106,369
04/18/2006,SMO,CA,AWP,WE,Towers with Radar,0,38,66,0,104,0,5,146,1,152,0,43,212,1,256,140,0,140,396
04/19/2006,SMO,CA,AWP,WE,Towers with Radar,0,26,71,0,97,0,0,187,2,189,0,26,258,2,286,196,0,196,482
04/20/2006,SMO,CA,AWP,WE,Towers with Radar,0,22,75,0,97,0,0,165,0,165,0,22,240,0,262,106,0,106,368
04/21/2006,SMO,CA,AWP,WE,Towers with Radar,0,44,91,0,135,0,4,184,3,191,0,48,275,3,326,148,0,148,474
04/22/2006,SMO,CA,AWP,WE,Towers with Radar,0,31,80,0,111,0,5,125,0,130,0,36,205,0,241,180,0,180,421
04/23/2006,SMO,CA,AWP,WE,Towers with Radar,0,28,87,0,115,0,0,174,0,174,0,28,261,0,289,100,0,100,389
04/24/2006,SMO,CA,AWP,WE,Towers with Radar,0,39,65,0,104,0,10,208,4,222,0,49,273,4,326,184,0,184,510
04/25/2006,SMO,CA,AWP,WE,Towers with Radar,0,38,110,0,148,0,15,134,18,167,0,53,244,18,315,74,0,74,389
04/26/2006,SMO,CA,AWP,WE,Towers with Radar,0,45,71,0,116,0,0,148,0,148,0,45,219,0,264,104,0,104,368
04/27/2006,SMO,CA,AWP,WE,Towers with Radar,0,32,99,0,131,0,2,88,0,90,0,34,187,0,221,160,0,160,381
04/28/2006,SMO,CA,AWP,WE,Towers with Radar,0,44,132,0,176,0,0,63,0,63,0,44,195,0,239,240,0,240,479
04/29/2006,SMO,CA,AWP,WE,Towers with Radar,0,25,84,0,109,0,7,153,0,160,0,32,237,0,269,162,0,162,431
04/30/2006,SMO,CA,AWP,WE,Towers with Radar,0,26,132,0,158,0,4,80,2,86,0,30,212,2,244,66,0,66,310
05/01/2006,SMO,CA,AWP,WE,Towers with Radar,0,26,118,0,144,0,1,30,1,32,0,27,148,1,176,0,0,0,176
05/02/2006,SMO,CA,AWP,WE,Towers with Radar,0,43,85,0,128,0,3,53,0,56,0,46,138,0,184,86,0,86,270
05/03/2006,SMO,CA,AWP,WE,Towers with Radar,0,45,128,0,173,0,0,42,0,42,0,45,170,0,215,280,0,280,495
05/04/2006,SMO,CA,AWP,WE,Towers with Radar,0,25,79,0,104,0,0,118,2,120,0,25,197,2,224,182,0,182,406
05/05/2006,SMO,CA,AWP,WE,Towers with Radar,0,35,99,0,134,0,7,163,0,170,0,42,262,0,304,184,0,184,488
05/06/2006,SMO,CA,AWP,WE,Towers with Radar,0,22,70,0,92,0,2,146,0,148,0,24,216,0,240,244,0,244,484
05/07/2006,SMO,CA,AWP,WE,Towers with Radar,0,50,87,0,137,0,5,120,4,129,0,55,207,4,266,172,0,172,438
05/08/2006,SMO,CA,AWP,WE,Towers with Radar,0,48,104,0,152,0,14,42,4,60,0,62,146,4,212,60,0,60,272
05/09/2006,SMO,CA,AWP,WE,Towers with Radar,0,50,111,0,161,0,6,118,9,133,0,56,229,9,294,130,0,130,424
05/10/2006,SMO,CA,AWP,WE,Towers with Radar,0,42,130,0,172,0,5,60,1,66,0,47,190,1,238,14,0,14,252
05/11/2006,SMO,CA,AWP,WE,Towers with Radar,0,37,120,2,159,0,0,16,0,16,0,37,136,2,175,0,0,0,175
05/12/2006,SMO,CA,AWP,WE,Towers with Radar,0,61,137,0,198,0,8,79,0,87,0,69,216,0,285,60,0,60,345
05/13/2006,SMO,CA,AWP,WE,Towers with Radar,0,32,110,0,142,0,4,97,0,101,0,36,207,0,243,72,0,72,315
05/14/2006,SMO,CA,AWP,WE,Towers with Radar,0,37,55,0,92,0,8,107,0,115,0,45,162,0,207,104,0,104,311
05/15/2006,SMO,CA,AWP,WE,Towers with Radar,0,38,83,0,121,0,8,110,0,118,0,46,193,0,239,64,0,64,303
05/16/2006,SMO,CA,AWP,WE,Towers with Radar,0,34,100,0,134,0,0,34,2,36,0,34,134,2,170,22,0,22,192
05/17/2006,SMO,CA,AWP,WE,Towers with Radar,0,26,105,0,131,0,0,13,0,13,0,26,118,0,144,0,0,0,144
05/18/2006,SMO,CA,AWP,WE,Towers with Radar,0,27,139,0,166,0,0,12,0,12,0,27,151,0,178,0,0,0,178
05/19/2006,SMO,CA,AWP,WE,Towers with Radar,0,60,123,0,183,0,0,79,2,81,0,60,202,2,264,28,0,28,292
05/20/2006,SMO,CA,AWP,WE,Towers with Radar,0,11,57,0,68,0,2,155,0,157,0,13,212,0,225,184,0,184,409
05/21/2006,SMO,CA,AWP,WE,Towers with Radar,0,26,81,0,107,0,2,15,2,19,0,28,96,2,126,78,0,78,204
05/22/2006,SMO,CA,AWP,WE,Towers with Radar,0,17,165,0,182,0,0,0,0,0,0,17,165,0,182,78,0,78,260
05/23/2006,SMO,CA,AWP,WE,Towers with Radar,0,26,82,0,108,0,1,217,2,220,0,27,299,2,328,166,0,166,494
05/24/2006,SMO,CA,AWP,WE,Towers with Radar,0,30,82,0,112,0,2,201,1,204,0,32,283,1,316,244,0,244,560
05/25/2006,SMO,CA,AWP,WE,Towers with Radar,0,27,75,0,102,0,1,180,2,183,0,28,255,2,285,208,0,208,493
05/26/2006,SMO,CA,AWP,WE,Towers with Radar,0,58,100,0,158,0,8,80,4,92,0,66,180,4,250,300,0,300,550
05/27/2006,SMO,CA,AWP,WE,Towers with Radar,0,21,58,0,79,0,13,185,0,198,0,34,243,0,277,192,0,192,469
05/28/2006,SMO,CA,AWP,WE,Towers with Radar,0,20,53,0,73,0,7,189,0,196,0,27,242,0,269,186,0,186,455
05/29/2006,SMO,CA,AWP,WE,Towers with Radar,0,34,83,0,117,0,6,272,6,284,0,40,355,6,401,124,0,124,525
05/30/2006,SMO,CA,AWP,WE,Towers with Radar,0,30,50,0,80,0,2,197,0,199,0,32,247,0,279,176,0,176,455
05/31/2006,SMO,CA,AWP,WE,Towers with Radar,0,22,62,0,84,0,0,189,2,191,0,22,251,2,275,156,0,156,431
06/01/2006,SMO,CA,AWP,WE,Towers with Radar,0,30,67,0,97,0,3,144,0,147,0,33,211,0,244,90,0,90,334
06/02/2006,SMO,CA,AWP,WE,Towers with Radar,0,32,61,0,93,0,0,124,1,125,0,32,185,1,218,148,0,148,366
06/03/2006,SMO,CA,AWP,WE,Towers with Radar,0,34,41,0,75,0,0,210,0,210,0,34,251,0,285,186,0,186,471
06/04/2006,SMO,CA,AWP,WE,Towers with Radar,0,24,50,0,74,0,0,207,0,207,0,24,257,0,281,162,0,162,443
06/05/2006,SMO,CA,AWP,WE,Towers with Radar,0,28,75,0,103,0,0,130,2,132,0,28,205,2,235,126,0,126,361
06/06/2006,SMO,CA,AWP,WE,Towers with Radar,0,36,121,0,157,0,1,68,0,69,0,37,189,0,226,54,0,54,280
06/07/2006,SMO,CA,AWP,WE,Towers with Radar,0,52,85,0,137,0,0,58,4,62,0,52,143,4,199,3,0,3,202
06/08/2006,SMO,CA,AWP,WE,Towers with Radar,0,38,116,0,154,0,1,62,2,65,0,39,178,2,219,120,0,120,339
06/09/2006,SMO,CA,AWP,WE,Towers with Radar,0,27,133,0,160,0,3,86,2,91,0,30,219,2,251,254,0,254,505
06/10/2006,SMO,CA,AWP,WE,Towers with Radar,0,23,55,0,78,0,9,134,0,143,0,32,189,0,221,250,0,250,471
06/11/2006,SMO,CA,AWP,WE,Towers with Radar,0,37,98,0,135,0,7,90,0,97,0,44,188,0,232,136,0,136,368
06/12/2006,SMO,CA,AWP,WE,Towers with Radar,0,35,83,0,118,0,8,155,0,163,0,43,238,0,281,134,0,134,415
06/13/2006,SMO,CA,AWP,WE,Towers with Radar,0,22,72,0,94,0,2,195,2,199,0,24,267,2,293,176,0,176,469
06/14/2006,SMO,CA,AWP,WE,Towers with Radar,0,35,69,0,104,0,3,177,2,182,0,38,246,2,286,224,0,224,510
06/15/2006,SMO,CA,AWP,WE,Towers with Radar,0,44,74,0,118,0,4,144,0,148,0,48,218,0,266,252,0,252,518
06/16/2006,SMO,CA,AWP,WE,Towers with Radar,0,51,66,0,117,0,1,202,4,207,0,52,268,4,324,286,0,286,610
06/17/2006,SMO,CA,AWP,WE,Towers with Radar,0,39,58,0,97,0,5,177,0,182,0,44,235,0,279,180,0,180,459
06/18/2006,SMO,CA,AWP,WE,Towers with Radar,0,42,87,0,129,0,4,158,2,164,0,46,245,2,293,142,2,144,437
06/19/2006,SMO,CA,AWP,WE,Towers with Radar,0,33,86,0,119,0,5,104,8,117,0,38,190,8,236,152,0,152,388
06/20/2006,SMO,CA,AWP,WE,Towers with Radar,0,49,68,0,117,0,6,147,11,164,0,55,215,11,281,156,0,156,437
06/21/2006,SMO,CA,AWP,WE,Towers with Radar,0,23,82,0,105,0,1,103,2,106,0,24,185,2,211,160,0,160,371
06/22/2006,SMO,CA,AWP,WE,Towers with Radar,0,21,83,0,104,0,0,129,0,129,0,21,212,0,233,192,0,192,425
06/23/2006,SMO,CA,AWP,WE,Towers with Radar,0,33,84,0,117,0,8,92,0,100,0,41,176,0,217,16,0,16,233
06/24/2006,SMO,CA,AWP,WE,Towers with Radar,0,32,60,0,92,0,6,120,0,126,0,38,180,0,218,86,0,86,304
06/25/2006,SMO,CA,AWP,WE,Towers with Radar,0,37,61,0,98,0,9,150,2,161,0,46,211,2,259,184,0,184,443
06/26/2006,SMO,CA,AWP,WE,Towers with Radar,0,34,72,0,106,0,10,187,4,201,0,44,259,4,307,166,0,166,473
06/27/2006,SMO,CA,AWP,WE,Towers with Radar,0,16,65,0,81,0,0,151,4,155,0,16,216,4,236,82,0,82,318
06/28/2006,SMO,CA,AWP,WE,Towers with Radar,0,26,47,0,73,0,0,180,0,180,0,26,227,0,253,216,0,216,469
06/29/2006,SMO,CA,AWP,WE,Towers with Radar,0,42,56,0,98,0,0,178,1,179,0,42,234,1,277,282,0,282,559
06/30/2006,SMO,CA,AWP,WE,Towers with Radar,0,50,48,0,98,0,6,240,0,246,0,56,288,0,344,128,0,128,472
07/01/2006,SMO,CA,AWP,WE,Towers with Radar,0,31,51,0,82,0,6,169,0,175,0,37,220,0,257,166,0,166,423
07/02/2006,SMO,CA,AWP,WE,Towers with Radar,0,22,52,0,74,0,2,212,2,216,0,24,264,2,290,170,0,170,460
07/03/2006,SMO,CA,AWP,WE,Towers with Radar,0,22,43,0,65,0,5,183,2,190,0,27,226,2,255,138,0,138,393
07/04/2006,SMO,CA,AWP,WE,Towers with Radar,0,28,32,0,60,0,10,150,8,168,0,38,182,8,228,200,0,200,428
07/05/2006,SMO,CA,AWP,WE,Towers with Radar,0,23,51,0,74,0,0,133,1,134,0,23,184,1,208,146,0,146,354
07/06/2006,SMO,CA,AWP,WE,Towers with Radar,0,29,43,0,72,0,0,128,0,128,0,29,171,0,200,156,0,156,356
07/07/2006,SMO,CA,AWP,WE,Towers with Radar,0,24,44,0,68,0,0,213,0,213,0,24,257,0,281,188,0,188,469
07/08/2006,SMO,CA,AWP,WE,Towers with Radar,0,23,58,0,81,0,0,211,0,211,0,23,269,0,292,176,0,176,468
07/09/2006,SMO,CA,AWP,WE,Towers with Radar,0,36,53,0,89,0,5,130,0,135,0,41,183,0,224,80,0,80,304
07/10/2006,SMO,CA,AWP,WE,Towers with Radar,0,21,58,0,79,0,5,111,0,116,0,26,169,0,195,77,0,77,272
07/11/2006,SMO,CA,AWP,WE,Towers with Radar,0,28,46,0,74,0,15,204,0,219,0,43,250,0,293,174,0,174,467
07/12/2006,SMO,CA,AWP,WE,Towers with Radar,0,19,59,0,78,0,4,139,0,143,0,23,198,0,221,63,0,63,284
07/13/2006,SMO,CA,AWP,WE,Towers with Radar,0,24,83,0,107,0,0,239,0,239,0,24,322,0,346,104,0,104,450
07/14/2006,SMO,CA,AWP,WE,Towers with Radar,0,39,62,0,101,0,11,222,5,238,0,50,284,5,339,188,0,188,527
07/15/2006,SMO,CA,AWP,WE,Towers with Radar,0,28,43,0,71,0,7,192,0,199,0,35,235,0,270,170,0,170,440
07/16/2006,SMO,CA,AWP,WE,Towers with Radar,0,47,69,0,116,0,10,187,1,198,0,57,256,1,314,126,0,126,440
07/17/2006,SMO,CA,AWP,WE,Towers with Radar,0,23,58,0,81,0,2,135,0,137,0,25,193,0,218,114,0,114,332
07/18/2006,SMO,CA,AWP,WE,Towers with Radar,0,20,61,0,81,0,5,99,0,104,0,25,160,0,185,74,0,74,259
07/19/2006,SMO,CA,AWP,WE,Towers with Radar,0,49,89,0,138,0,7,156,0,163,0,56,245,0,301,88,0,88,389
07/20/2006,SMO,CA,AWP,WE,Towers with Radar,0,36,80,0,116,0,0,124,1,125,0,36,204,1,241,52,0,52,293
07/21/2006,SMO,CA,AWP,WE,Towers with Radar,0,36,63,0,99,0,6,204,2,212,0,42,267,2,311,206,0,206,517
07/22/2006,SMO,CA,AWP,WE,Towers with Radar,0,31,83,0,114,0,8,151,2,161,0,39,234,2,275,145,0,145,420
07/23/2006,SMO,CA,AWP,WE,Towers with Radar,0,39,42,0,81,0,11,137,0,148,0,50,179,0,229,146,0,146,375
07/24/2006,SMO,CA,AWP,WE,Towers with Radar,0,41,44,0,85,0,10,155,4,169,0,51,199,4,254,150,0,150,404
07/25/2006,SMO,CA,AWP,WE,Towers with Radar,0,26,67,0,93,0,2,124,4,130,0,28,191,4,223,56,0,56,279
07/26/2006,SMO,CA,AWP,WE,Towers with Radar,0,34,74,0,108,0,3,181,0,184,0,37,255,0,292,194,0,194,486
07/27/2006,SMO,CA,AWP,WE,Towers with Radar,0,34,77,0,111,0,4,137,0,141,0,38,214,0,252,146,0,146,398
07/28/2006,SMO,CA,AWP,WE,Towers with Radar,0,32,92,0,124,0,0,122,0,122,0,32,214,0,246,100,0,100,346
07/29/2006,SMO,CA,AWP,WE,Towers with Radar,0,34,105,0,139,0,9,28,0,37,0,43,133,0,176,42,0,42,218
07/30/2006,SMO,CA,AWP,WE,Towers with Radar,0,39,82,0,121,0,7,69,0,76,0,46,151,0,197,60,0,60,257
07/31/2006,SMO,CA,AWP,WE,Towers with Radar,0,27,86,0,113,0,21,108,2,131,0,48,194,2,244,108,0,108,352
08/01/2006,SMO,CA,AWP,WE,Towers with Radar,0,41,71,0,112,0,5,173,0,178,0,46,244,0,290,213,0,213,503
08/02/2006,SMO,CA,AWP,WE,Towers with Radar,0,24,77,0,101,0,0,110,0,110,0,24,187,0,211,132,0,132,343
08/03/2006,SMO,CA,AWP,WE,Towers with Radar,0,42,92,0,134,0,10,82,0,92,0,52,174,0,226,138,0,138,364
08/04/2006,SMO,CA,AWP,WE,Towers with Radar,0,42,66,0,108,0,9,135,4,148,0,51,201,4,256,112,0,112,368
08/05/2006,SMO,CA,AWP,WE,Towers with Radar,0,21,35,0,56,0,19,186,0,205,0,40,221,0,261,150,0,150,411
08/06/2006,SMO,CA,AWP,WE,Towers with Radar,0,21,48,0,69,0,5,174,0,179,0,26,222,0,248,109,0,109,357
08/07/2006,SMO,CA,AWP,WE,Towers with Radar,0,21,94,0,115,0,1,118,0,119,0,22,212,0,234,90,0,90,324
08/08/2006,SMO,CA,AWP,WE,Towers with Radar,0,32,55,0,87,0,4,182,0,186,0,36,237,0,273,132,0,132,405
08/09/2006,SMO,CA,AWP,WE,Towers with Radar,0,38,72,0,110,0,1,192,0,193,0,39,264,0,303,144,0,144,447
08/10/2006,SMO,CA,AWP,WE,Towers with Radar,0,44,66,0,110,0,1,152,0,153,0,45,218,0,263,134,0,134,397
08/11/2006,SMO,CA,AWP,WE,Towers with Radar,0,42,114,0,156,0,5,127,0,132,0,47,241,0,288,154,0,154,442
08/12/2006,SMO,CA,AWP,WE,Towers with Radar,0,34,56,0,90,0,6,208,0,214,0,40,264,0,304,150,0,150,454
08/13/2006,SMO,CA,AWP,WE,Towers with Radar,0,41,78,0,119,0,6,190,0,196,0,47,268,0,315,103,0,103,418
08/14/2006,SMO,CA,AWP,WE,Towers with Radar,0,53,98,0,151,0,6,143,2,151,0,59,241,2,302,138,0,138,440
08/15/2006,SMO,CA,AWP,WE,Towers with Radar,0,61,97,0,158,0,10,135,3,148,0,71,232,3,306,130,0,130,436
08/16/2006,SMO,CA,AWP,WE,Towers with Radar,0,35,103,0,138,0,0,128,0,128,0,35,231,0,266,100,0,100,366
08/17/2006,SMO,CA,AWP,WE,Towers with Radar,0,39,78,0,117,0,0,10,0,10,0,39,88,0,127,70,0,70,197
08/18/2006,SMO,CA,AWP,WE,Towers with Radar,0,46,107,0,153,0,12,143,0,155,0,58,250,0,308,134,0,134,442
08/19/2006,SMO,CA,AWP,WE,Towers with Radar,0,24,84,0,108,0,5,167,6,178,0,29,251,6,286,130,0,130,416
08/20/2006,SMO,CA,AWP,WE,Towers with Radar,0,48,59,0,107,0,5,152,0,157,0,53,211,0,264,70,0,70,334
08/21/2006,SMO,CA,AWP,WE,Towers with Radar,0,44,72,0,116,0,7,133,5,145,0,51,205,5,261,138,0,138,399
08/22/2006,SMO,CA,AWP,WE,Towers with Radar,0,45,67,0,112,0,12,200,4,216,0,57,267,4,328,171,0,171,499
08/23/2006,SMO,CA,AWP,WE,Towers with Radar,0,40,83,3,126,0,0,140,0,140,0,40,223,3,266,90,0,90,356
08/24/2006,SMO,CA,AWP,WE,Towers with Radar,0,35,78,1,114,0,0,172,2,174,0,35,250,3,288,64,0,64,352
08/25/2006,SMO,CA,AWP,WE,Towers with Radar,0,43,98,0,141,0,6,163,0,169,0,49,261,0,310,104,0,104,414
08/26/2006,SMO,CA,AWP,WE,Towers with Radar,0,32,46,0,78,0,7,207,0,214,0,39,253,0,292,104,0,104,396
08/27/2006,SMO,CA,AWP,WE,Towers with Radar,0,45,56,0,101,0,12,217,0,229,0,57,273,0,330,128,0,128,458
08/28/2006,SMO,CA,AWP,WE,Towers with Radar,0,32,60,0,92,0,9,184,0,193,0,41,244,0,285,116,0,116,401
08/29/2006,SMO,CA,AWP,WE,Towers with Radar,0,37,65,0,102,0,6,167,0,173,0,43,232,0,275,160,0,160,435
08/30/2006,SMO,CA,AWP,WE,Towers with Radar,0,27,72,0,99,0,6,169,0,175,0,33,241,0,274,109,0,109,383
08/31/2006,SMO,CA,AWP,WE,Towers with Radar,0,23,66,0,89,0,0,122,0,122,0,23,188,0,211,105,0,105,316
09/01/2006,SMO,CA,AWP,WE,Towers with Radar,0,43,81,0,124,0,7,147,2,156,0,50,228,2,280,110,0,110,390
09/02/2006,SMO,CA,AWP,WE,Towers with Radar,0,31,34,0,65,0,11,206,4,221,0,42,240,4,286,210,0,210,496
09/03/2006,SMO,CA,AWP,WE,Towers with Radar,0,21,38,0,59,0,7,192,4,203,0,28,230,4,262,100,0,100,362
09/04/2006,SMO,CA,AWP,WE,Towers with Radar,0,35,52,0,87,0,14,192,4,210,0,49,244,4,297,81,0,81,378
09/05/2006,SMO,CA,AWP,WE,Towers with Radar,0,32,53,0,85,0,1,183,0,184,0,33,236,0,269,134,0,134,403
09/06/2006,SMO,CA,AWP,WE,Towers with Radar,0,41,69,2,112,0,0,137,0,137,0,41,206,2,249,148,0,148,397
09/07/2006,SMO,CA,AWP,WE,Towers with Radar,0,44,85,0,129,0,0,111,4,115,0,44,196,4,244,38,0,38,282
09/08/2006,SMO,CA,AWP,WE,Towers with Radar,0,37,52,0,89,0,8,185,2,195,0,45,237,2,284,132,0,132,416
09/09/2006,SMO,CA,AWP,WE,Towers with Radar,0,35,66,0,101,0,7,174,0,181,0,42,240,0,282,128,0,128,410
09/10/2006,SMO,CA,AWP,WE,Towers with Radar,0,48,67,0,115,0,8,142,2,152,0,56,209,2,267,110,0,110,377
09/11/2006,SMO,CA,AWP,WE,Towers with Radar,0,53,57,0,110,0,4,175,1,180,0,57,232,1,290,114,0,114,404
09/12/2006,SMO,CA,AWP,WE,Towers with Radar,0,30,66,0,96,0,2,137,2,141,0,32,203,2,237,2,0,2,239
09/13/2006,SMO,CA,AWP,WE,Towers with Radar,0,26,111,0,137,0,1,48,0,49,0,27,159,0,186,4,0,4,190
09/14/2006,SMO,CA,AWP,WE,Towers with Radar,0,40,100,0,140,0,0,39,0,39,0,40,139,0,179,48,0,48,227
09/15/2006,SMO,CA,AWP,WE,Towers with Radar,0,52,80,0,132,0,13,119,4,136,0,65,199,4,268,174,0,174,442
09/16/2006,SMO,CA,AWP,WE,Towers with Radar,0,28,50,0,78,0,8,232,4,244,0,36,282,4,322,150,0,150,472
09/17/2006,SMO,CA,AWP,WE,Towers with Radar,0,56,54,0,110,0,7,195,0,202,0,63,249,0,312,165,0,165,477
09/18/2006,SMO,CA,AWP,WE,Towers with Radar,0,39,52,0,91,0,8,157,5,170,0,47,209,5,261,136,0,136,397
09/19/2006,SMO,CA,AWP,WE,Towers with Radar,0,41,94,0,135,0,3,197,1,201,0,44,291,1,336,128,0,128,464
09/20/2006,SMO,CA,AWP,WE,Towers with Radar,0,19,87,0,106,0,1,124,0,125,0,20,211,0,231,106,0,106,337
09/21/2006,SMO,CA,AWP,WE,Towers with Radar,0,26,88,0,114,0,0,144,0,144,0,26,232,0,258,151,0,151,409
09/22/2006,SMO,CA,AWP,WE,Towers with Radar,0,48,101,0,149,0,8,105,8,121,0,56,206,8,270,172,0,172,442
09/23/2006,SMO,CA,AWP,WE,Towers with Radar,0,22,27,0,49,0,4,192,4,200,0,26,219,4,249,140,0,140,389
09/24/2006,SMO,CA,AWP,WE,Towers with Radar,0,37,60,0,97,0,10,203,2,215,0,47,263,2,312,100,0,100,412
09/25/2006,SMO,CA,AWP,WE,Towers with Radar,0,27,56,0,83,0,7,166,0,173,0,34,222,0,256,134,0,134,390
09/26/2006,SMO,CA,AWP,WE,Towers with Radar,0,33,73,0,106,0,3,134,0,137,0,36,207,0,243,50,0,50,293
09/27/2006,SMO,CA,AWP,WE,Towers with Radar,0,38,77,0,115,0,0,150,0,150,0,38,227,0,265,125,0,125,390
09/28/2006,SMO,CA,AWP,WE,Towers with Radar,0,38,80,0,118,0,0,114,0,114,0,38,194,0,232,204,0,204,436
09/29/2006,SMO,CA,AWP,WE,Towers with Radar,0,36,85,0,121,0,0,147,0,147,0,36,232,0,268,169,0,169,437
09/30/2006,SMO,CA,AWP,WE,Towers with Radar,0,36,43,0,79,0,0,115,0,115,0,36,158,0,194,110,0,110,304
10/01/2006,SMO,CA,AWP,WE,Towers with Radar,0,30,67,0,97,0,0,114,0,114,0,30,181,0,211,60,0,60,271
10/02/2006,SMO,CA,AWP,WE,Towers with Radar,0,27,78,0,105,0,0,155,0,155,0,27,233,0,260,89,0,89,349
10/03/2006,SMO,CA,AWP,WE,Towers with Radar,0,27,50,0,77,0,2,115,10,127,0,29,165,10,204,76,0,76,280
10/04/2006,SMO,CA,AWP,WE,Towers with Radar,0,26,54,0,80,0,0,119,1,120,0,26,173,1,200,92,0,92,292
10/05/2006,SMO,CA,AWP,WE,Towers with Radar,0,37,113,0,150,0,1,161,0,162,0,38,274,0,312,98,0,98,410
10/06/2006,SMO,CA,AWP,WE,Towers with Radar,0,35,96,0,131,0,0,112,1,113,0,35,208,1,244,200,0,200,444
10/07/2006,SMO,CA,AWP,WE,Towers with Radar,0,29,47,0,76,0,1,164,0,165,0,30,211,0,241,116,0,116,357
10/08/2006,SMO,CA,AWP,WE,Towers with Radar,0,37,71,0,108,0,10,175,0,185,0,47,246,0,293,126,0,126,419
10/09/2006,SMO,CA,AWP,WE,Towers with Radar,0,26,90,0,116,0,4,139,6,149,0,30,229,6,265,114,0,114,379
10/10/2006,SMO,CA,AWP,WE,Towers with Radar,0,27,60,0,87,0,11,163,0,174,0,38,223,0,261,70,0,70,331
10/11/2006,SMO,CA,AWP,WE,Towers with Radar,0,21,53,0,74,0,0,144,0,144,0,21,197,0,218,54,0,54,272
10/12/2006,SMO,CA,AWP,WE,Towers with Radar,0,38,53,0,91,0,6,123,2,131,0,44,176,2,222,164,0,164,386
10/13/2006,SMO,CA,AWP,WE,Towers with Radar,0,60,92,0,152,0,11,153,4,168,0,71,245,4,320,238,0,238,558
10/14/2006,SMO,CA,AWP,WE,Towers with Radar,0,27,41,0,68,0,5,130,0,135,0,32,171,0,203,115,0,115,318
10/15/2006,SMO,CA,AWP,WE,Towers with Radar,0,45,91,0,136,0,9,109,2,120,0,54,200,2,256,150,0,150,406
10/16/2006,SMO,CA,AWP,WE,Towers with Radar,0,27,79,0,106,0,4,100,0,104,0,31,179,0,210,110,0,110,320
10/17/2006,SMO,CA,AWP,WE,Towers with Radar,0,23,70,0,93,0,0,151,5,156,0,23,221,5,249,148,0,148,397
10/18/2006,SMO,CA,AWP,WE,Towers with Radar,0,31,57,0,88,0,0,152,0,152,0,31,209,0,240,97,0,97,337
10/19/2006,SMO,CA,AWP,WE,Towers with Radar,0,34,75,0,109,0,0,187,0,187,0,34,262,0,296,107,0,107,403
10/20/2006,SMO,CA,AWP,WE,Towers with Radar,0,30,73,0,103,0,0,97,0,97,0,30,170,0,200,206,0,206,406
10/21/2006,SMO,CA,AWP,WE,Towers with Radar,0,25,52,0,77,0,7,172,0,179,0,32,224,0,256,106,0,106,362
10/22/2006,SMO,CA,AWP,WE,Towers with Radar,0,30,59,0,89,0,22,193,4,219,0,52,252,4,308,102,0,102,410
10/23/2006,SMO,CA,AWP,WE,Towers with Radar,0,32,54,0,86,0,6,158,0,164,0,38,212,0,250,115,0,115,365
10/24/2006,SMO,CA,AWP,WE,Towers with Radar,0,41,89,0,130,0,7,47,0,54,0,48,136,0,184,38,0,38,222
10/25/2006,SMO,CA,AWP,WE,Towers with Radar,0,37,137,1,175,0,3,21,0,24,0,40,158,1,199,0,0,0,199
10/26/2006,SMO,CA,AWP,WE,Towers with Radar,0,30,49,0,79,0,0,178,0,178,0,30,227,0,257,110,0,110,367
10/27/2006,SMO,CA,AWP,WE,Towers with Radar,0,51,84,0,135,0,13,181,4,198,0,64,265,4,333,166,0,166,499
10/28/2006,SMO,CA,AWP,WE,Towers with Radar,0,16,43,0,59,0,13,209,1,223,0,29,252,1,282,110,0,110,392
10/29/2006,SMO,CA,AWP,WE,Towers with Radar,0,39,70,0,109,0,7,164,4,175,0,46,234,4,284,55,0,55,339
10/30/2006,SMO,CA,AWP,WE,Towers with Radar,0,40,69,0,109,0,14,100,0,114,0,54,169,0,223,115,0,115,338
10/31/2006,SMO,CA,AWP,WE,Towers with Radar,0,37,68,0,105,0,7,150,0,157,0,44,218,0,262,94,0,94,356
11/01/2006,SMO,CA,AWP,WE,Towers with Radar,0,26,52,0,78,0,0,131,0,131,0,26,183,0,209,70,0,70,279
11/02/2006,SMO,CA,AWP,WE,Towers with Radar,0,36,75,0,111,0,1,157,0,158,0,37,232,0,269,34,0,34,303
11/03/2006,SMO,CA,AWP,WE,Towers with Radar,0,42,105,0,147,0,4,36,0,40,0,46,141,0,187,10,0,10,197
11/04/2006,SMO,CA,AWP,WE,Towers with Radar,0,17,48,0,65,0,9,170,2,181,0,26,218,2,246,156,0,156,402
11/05/2006,SMO,CA,AWP,WE,Towers with Radar,0,34,62,0,96,0,6,215,1,222,0,40,277,1,318,154,0,154,472
11/06/2006,SMO,CA,AWP,WE,Towers with Radar,0,52,41,0,93,0,12,199,6,217,0,64,240,6,310,142,0,142,452
11/07/2006,SMO,CA,AWP,WE,Towers with Radar,0,32,57,0,89,0,8,194,3,205,0,40,251,3,294,154,0,154,448
11/08/2006,SMO,CA,AWP,WE,Towers with Radar,0,33,60,0,93,0,3,208,0,211,0,36,268,0,304,162,0,162,466
11/09/2006,SMO,CA,AWP,WE,Towers with Radar,0,30,88,0,118,0,0,123,0,123,0,30,211,0,241,90,0,90,331
11/10/2006,SMO,CA,AWP,WE,Towers with Radar,0,31,70,0,101,0,1,180,3,184,0,32,250,3,285,76,0,76,361
11/11/2006,SMO,CA,AWP,WE,Towers with Radar,0,19,49,0,68,0,0,123,0,123,0,19,172,0,191,102,0,102,293
11/12/2006,SMO,CA,AWP,WE,Towers with Radar,0,43,65,0,108,0,0,157,0,157,0,43,222,0,265,122,0,122,387
11/13/2006,SMO,CA,AWP,WE,Towers with Radar,0,46,62,0,108,0,10,166,0,176,0,56,228,0,284,80,0,80,364
11/14/2006,SMO,CA,AWP,WE,Towers with Radar,0,23,79,0,102,0,0,164,3,167,0,23,243,3,269,88,0,88,357
11/15/2006,SMO,CA,AWP,WE,Towers with Radar,0,23,86,0,109,0,0,156,0,156,0,23,242,0,265,130,0,130,395
11/16/2006,SMO,CA,AWP,WE,Towers with Radar,0,34,85,0,119,0,0,156,6,162,0,34,241,6,281,58,0,58,339
11/17/2006,SMO,CA,AWP,WE,Towers with Radar,0,42,58,0,100,0,4,145,0,149,0,46,203,0,249,124,0,124,373
11/18/2006,SMO,CA,AWP,WE,Towers with Radar,0,40,57,0,97,0,4,142,0,146,0,44,199,0,243,112,0,112,355
11/19/2006,SMO,CA,AWP,WE,Towers with Radar,0,64,51,0,115,0,10,221,0,231,0,74,272,0,346,106,0,106,452
11/20/2006,SMO,CA,AWP,WE,Towers with Radar,0,55,66,0,121,0,12,160,4,176,0,67,226,4,297,170,0,170,467
11/21/2006,SMO,CA,AWP,WE,Towers with Radar,0,44,86,0,130,0,7,178,0,185,0,51,264,0,315,118,0,118,433
11/22/2006,SMO,CA,AWP,WE,Towers with Radar,0,49,124,0,173,0,0,138,2,140,0,49,262,2,313,99,0,99,412
11/23/2006,SMO,CA,AWP,WE,Towers with Radar,0,14,56,0,70,0,0,54,0,54,0,14,110,0,124,46,0,46,170
11/24/2006,SMO,CA,AWP,WE,Towers with Radar,0,27,72,0,99,0,8,134,0,142,0,35,206,0,241,144,0,144,385
11/25/2006,SMO,CA,AWP,WE,Towers with Radar,0,42,56,0,98,0,9,162,0,171,0,51,218,0,269,110,0,110,379
11/26/2006,SMO,CA,AWP,WE,Towers with Radar,0,62,114,0,176,0,10,89,0,99,0,72,203,0,275,120,0,120,395
11/27/2006,SMO,CA,AWP,WE,Towers with Radar,0,37,55,0,92,0,8,71,4,83,0,45,126,4,175,74,0,74,249
11/28/2006,SMO,CA,AWP,WE,Towers with Radar,0,28,52,0,80,0,0,137,0,137,0,28,189,0,217,98,0,98,315
11/29/2006,SMO,CA,AWP,WE,Towers with Radar,0,29,48,0,77,0,0,107,0,107,0,29,155,0,184,119,0,119,303
11/30/2006,SMO,CA,AWP,WE,Towers with Radar,0,32,69,0,101,0,0,127,0,127,0,32,196,0,228,158,0,158,386
12/01/2006,SMO,CA,AWP,WE,Towers with Radar,0,49,52,0,101,0,10,233,2,245,0,59,285,2,346,232,0,232,578
12/02/2006,SMO,CA,AWP,WE,Towers with Radar,0,14,26,0,40,0,5,145,0,150,0,19,171,0,190,144,0,144,334
12/03/2006,SMO,CA,AWP,WE,Towers with Radar,0,28,29,0,57,0,5,131,0,136,0,33,160,0,193,90,0,90,283
12/04/2006,SMO,CA,AWP,WE,Towers with Radar,0,32,55,0,87,0,4,162,0,166,0,36,217,0,253,160,0,160,413
12/05/2006,SMO,CA,AWP,WE,Towers with Radar,0,32,61,0,93,0,5,198,1,204,0,37,259,1,297,82,0,82,379
12/06/2006,SMO,CA,AWP,WE,Towers with Radar,0,24,85,0,109,0,1,145,2,148,0,25,230,2,257,56,0,56,313
12/07/2006,SMO,CA,AWP,WE,Towers with Radar,0,61,52,0,113,0,11,184,1,196,0,72,236,1,309,190,0,190,499
12/08/2006,SMO,CA,AWP,WE,Towers with Radar,0,33,73,0,106,0,7,160,8,175,0,40,233,8,281,74,0,74,355
12/09/2006,SMO,CA,AWP,WE,Towers with Radar,0,26,61,0,87,0,10,112,0,122,0,36,173,0,209,226,0,226,435
12/10/2006,SMO,CA,AWP,WE,Towers with Radar,0,34,62,0,96,0,8,135,0,143,0,42,197,0,239,108,0,108,347
12/11/2006,SMO,CA,AWP,WE,Towers with Radar,0,33,46,0,79,0,13,162,0,175,0,46,208,0,254,128,0,128,382
12/12/2006,SMO,CA,AWP,WE,Towers with Radar,0,38,59,0,97,0,13,183,1,197,0,51,242,1,294,122,0,122,416
12/13/2006,SMO,CA,AWP,WE,Towers with Radar,0,35,51,0,86,0,5,198,0,203,0,40,249,0,289,170,0,170,459
12/14/2006,SMO,CA,AWP,WE,Towers with Radar,0,28,91,0,119,0,2,176,0,178,0,30,267,0,297,156,0,156,453
12/15/2006,SMO,CA,AWP,WE,Towers with Radar,0,36,96,0,132,0,5,45,0,50,0,41,141,0,182,8,0,8,190
12/16/2006,SMO,CA,AWP,WE,Towers with Radar,0,30,34,0,64,0,3,57,0,60,0,33,91,0,124,46,0,46,170
12/17/2006,SMO,CA,AWP,WE,Towers with Radar,0,32,58,0,90,0,10,132,0,142,0,42,190,0,232,120,0,120,352
12/18/2006,SMO,CA,AWP,WE,Towers with Radar,0,27,47,0,74,0,8,127,0,135,0,35,174,0,209,145,0,145,354
12/19/2006,SMO,CA,AWP,WE,Towers with Radar,0,26,61,0,87,0,0,155,0,155,0,26,216,0,242,150,0,150,392
12/20/2006,SMO,CA,AWP,WE,Towers with Radar,0,18,61,0,79,0,0,180,0,180,0,18,241,0,259,108,0,108,367
12/21/2006,SMO,CA,AWP,WE,Towers with Radar,0,33,76,0,109,0,0,292,0,292,0,33,368,0,401,94,0,94,495
12/22/2006,SMO,CA,AWP,WE,Towers with Radar,0,36,47,0,83,0,13,110,0,123,0,49,157,0,206,48,0,48,254
12/23/2006,SMO,CA,AWP,WE,Towers with Radar,0,28,50,0,78,0,13,199,0,212,0,41,249,0,290,152,0,152,442
12/24/2006,SMO,CA,AWP,WE,Towers with Radar,0,7,31,0,38,0,2,137,0,139,0,9,168,0,177,72,0,72,249
12/25/2006,SMO,CA,AWP,WE,Towers with Radar,0,13,20,0,33,0,4,114,0,118,0,17,134,0,151,94,0,94,245
12/26/2006,SMO,CA,AWP,WE,Towers with Radar,0,18,61,0,79,0,0,92,0,92,0,18,153,0,171,94,0,94,265
12/27/2006,SMO,CA,AWP,WE,Towers with Radar,0,12,40,0,52,0,0,47,0,47,0,12,87,0,99,71,0,71,170
12/28/2006,SMO,CA,AWP,WE,Towers with Radar,0,22,26,0,48,0,0,126,0,126,0,22,152,0,174,124,0,124,298
12/29/2006,SMO,CA,AWP,WE,Towers with Radar,0,33,55,0,88,0,5,234,0,239,0,38,289,0,327,306,0,306,633
12/30/2006,SMO,CA,AWP,WE,Towers with Radar,0,24,47,0,71,0,3,181,0,184,0,27,228,0,255,124,0,124,379
12/31/2006,SMO,CA,AWP,WE,Towers with Radar,0,26,45,0,71,0,9,132,0,141,0,35,177,0,212,124,0,124,336
01/01/2007,SMO,CA,AWP,WE,Towers with Radar,0,34,37,0,71,0,8,112,0,120,0,42,149,0,191,98,0,98,289
01/02/2007,SMO,CA,AWP,WE,Towers with Radar,0,26,58,0,84,0,0,143,0,143,0,26,201,0,227,88,0,88,315
01/03/2007,SMO,CA,AWP,WE,Towers with Radar,0,28,88,0,116,0,0,183,0,183,0,28,271,0,299,182,0,182,481
01/04/2007,SMO,CA,AWP,WE,Towers with Radar,0,45,54,0,99,0,0,71,0,71,0,45,125,0,170,174,0,174,344
01/05/2007,SMO,CA,AWP,WE,Towers with Radar,0,15,60,0,75,0,0,36,0,36,0,15,96,0,111,10,0,10,121
01/06/2007,SMO,CA,AWP,WE,Towers with Radar,0,38,34,0,72,0,5,180,0,185,0,43,214,0,257,128,0,128,385
01/07/2007,SMO,CA,AWP,WE,Towers with Radar,0,39,42,0,81,0,6,129,0,135,0,45,171,0,216,130,0,130,346
01/08/2007,SMO,CA,AWP,WE,Towers with Radar,0,31,36,0,67,0,5,122,0,127,0,36,158,0,194,68,0,68,262
01/09/2007,SMO,CA,AWP,WE,Towers with Radar,0,36,53,0,89,0,9,177,0,186,0,45,230,0,275,158,0,158,433
01/10/2007,SMO,CA,AWP,WE,Towers with Radar,0,36,63,0,99,0,3,154,0,157,0,39,217,0,256,116,0,116,372
01/11/2007,SMO,CA,AWP,WE,Towers with Radar,0,37,82,0,119,0,0,57,0,57,0,37,139,0,176,166,0,166,342
01/12/2007,SMO,CA,AWP,WE,Towers with Radar,0,50,59,0,109,0,7,137,0,144,0,57,196,0,253,66,0,66,319
01/13/2007,SMO,CA,AWP,WE,Towers with Radar,0,17,40,0,57,0,11,166,0,177,0,28,206,0,234,104,0,104,338
01/14/2007,SMO,CA,AWP,WE,Towers with Radar,0,27,42,0,69,0,7,158,0,165,0,34,200,0,234,112,0,112,346
01/15/2007,SMO,CA,AWP,WE,Towers with Radar,0,35,55,0,90,0,2,150,0,152,0,37,205,0,242,106,0,106,348
01/16/2007,SMO,CA,AWP,WE,Towers with Radar,0,32,41,0,73,0,8,191,0,199,0,40,232,0,272,144,0,144,416
01/17/2007,SMO,CA,AWP,WE,Towers with Radar,0,41,66,0,107,0,0,98,0,98,0,41,164,0,205,90,0,90,295
01/18/2007,SMO,CA,AWP,WE,Towers with Radar,0,38,56,0,94,0,0,145,0,145,0,38,201,0,239,120,0,120,359
01/19/2007,SMO,CA,AWP,WE,Towers with Radar,0,35,105,0,140,0,4,150,1,155,0,39,255,1,295,90,0,90,385
01/20/2007,SMO,CA,AWP,WE,Towers with Radar,0,29,65,0,94,0,5,172,0,177,0,34,237,0,271,134,0,134,405
01/21/2007,SMO,CA,AWP,WE,Towers with Radar,0,41,41,0,82,0,3,150,0,153,0,44,191,0,235,84,0,84,319
01/22/2007,SMO,CA,AWP,WE,Towers with Radar,0,36,62,0,98,0,7,139,0,146,0,43,201,0,244,132,0,132,376
01/23/2007,SMO,CA,AWP,WE,Towers with Radar,0,45,46,0,91,0,4,175,0,179,0,49,221,0,270,98,0,98,368
01/24/2007,SMO,CA,AWP,WE,Towers with Radar,0,35,69,0,104,0,4,186,0,190,0,39,255,0,294,144,0,144,438
01/25/2007,SMO,CA,AWP,WE,Towers with Radar,0,42,80,0,122,0,2,193,2,197,0,44,273,2,319,158,0,158,477
01/26/2007,SMO,CA,AWP,WE,Towers with Radar,0,48,79,0,127,0,0,160,0,160,0,48,239,0,287,62,0,62,349
01/27/2007,SMO,CA,AWP,WE,Towers with Radar,0,25,57,0,82,0,0,35,0,35,0,25,92,0,117,88,0,88,205
01/28/2007,SMO,CA,AWP,WE,Towers with Radar,0,28,77,0,105,0,0,98,0,98,0,28,175,0,203,74,0,74,277
01/29/2007,SMO,CA,AWP,WE,Towers with Radar,0,29,64,0,93,0,1,120,0,121,0,30,184,0,214,140,0,140,354
01/30/2007,SMO,CA,AWP,WE,Towers with Radar,0,26,66,0,92,0,0,51,0,51,0,26,117,0,143,24,0,24,167
01/31/2007,SMO,CA,AWP,WE,Towers with Radar,0,33,64,0,97,0,0,100,1,101,0,33,164,1,198,183,0,183,381
02/01/2007,SMO,CA,AWP,WE,Towers with Radar,0,48,74,0,122,0,0,117,1,118,0,48,191,1,240,208,0,208,448
02/02/2007,SMO,CA,AWP,WE,Towers with Radar,0,39,77,0,116,0,0,183,0,183,0,39,260,0,299,128,0,128,427
02/03/2007,SMO,CA,AWP,WE,Towers with Radar,0,36,54,0,90,0,0,208,0,208,0,36,262,0,298,122,0,122,420
02/04/2007,SMO,CA,AWP,WE,Towers with Radar,0,33,55,0,88,0,6,186,0,192,0,39,241,0,280,96,0,96,376
02/05/2007,SMO,CA,AWP,WE,Towers with Radar,0,33,46,0,79,0,25,181,2,208,0,58,227,2,287,106,0,106,393
02/06/2007,SMO,CA,AWP,WE,Towers with Radar,0,40,66,0,106,0,6,136,0,142,0,46,202,0,248,50,0,50,298
02/07/2007,SMO,CA,AWP,WE,Towers with Radar,0,34,74,0,108,0,6,93,0,99,0,40,167,0,207,94,0,94,301
02/08/2007,SMO,CA,AWP,WE,Towers with Radar,0,34,62,0,96,0,0,103,0,103,0,34,165,0,199,72,0,72,271
02/09/2007,SMO,CA,AWP,WE,Towers with Radar,0,58,77,0,135,0,0,137,0,137,0,58,214,0,272,114,0,114,386
02/10/2007,SMO,CA,AWP,WE,Towers with Radar,0,20,62,0,82,0,0,98,0,98,0,20,160,0,180,78,0,78,258
02/11/2007,SMO,CA,AWP,WE,Towers with Radar,0,31,66,0,97,0,5,107,2,114,0,36,173,2,211,68,0,68,279
02/12/2007,SMO,CA,AWP,WE,Towers with Radar,0,53,68,0,121,0,7,120,0,127,0,60,188,0,248,122,0,122,370
02/13/2007,SMO,CA,AWP,WE,Towers with Radar,0,51,46,0,97,0,11,138,0,149,0,62,184,0,246,118,0,118,364
02/14/2007,SMO,CA,AWP,WE,Towers with Radar,0,28,71,0,99,0,0,165,0,165,0,28,236,0,264,52,0,52,316
02/15/2007,SMO,CA,AWP,WE,Towers with Radar,0,52,92,0,144,0,0,167,3,170,0,52,259,3,314,86,0,86,400
02/16/2007,SMO,CA,AWP,WE,Towers with Radar,0,33,98,0,131,0,0,150,0,150,0,33,248,0,281,92,0,92,373
02/17/2007,SMO,CA,AWP,WE,Towers with Radar,0,21,59,0,80,0,0,165,0,165,0,21,224,0,245,108,0,108,353
02/18/2007,SMO,CA,AWP,WE,Towers with Radar,0,47,71,0,118,0,1,149,0,150,0,48,220,0,268,102,0,102,370
02/19/2007,SMO,CA,AWP,WE,Towers with Radar,0,35,69,0,104,0,0,96,0,96,0,35,165,0,200,76,0,76,276
02/20/2007,SMO,CA,AWP,WE,Towers with Radar,0,40,100,0,140,0,3,134,0,137,0,43,234,0,277,150,0,150,427
02/21/2007,SMO,CA,AWP,WE,Towers with Radar,0,29,75,0,104,0,0,131,0,131,0,29,206,0,235,174,0,174,409
02/22/2007,SMO,CA,AWP,WE,Towers with Radar,0,26,56,0,82,0,0,13,0,13,0,26,69,0,95,20,0,20,115
02/23/2007,SMO,CA,AWP,WE,Towers with Radar,0,35,59,0,94,0,0,118,0,118,0,35,177,0,212,60,0,60,272
02/24/2007,SMO,CA,AWP,WE,Towers with Radar,0,29,53,0,82,0,0,184,1,185,0,29,237,1,267,68,0,68,335
02/25/2007,SMO,CA,AWP,WE,Towers with Radar,0,37,64,0,101,0,0,106,2,108,0,37,170,2,209,130,0,130,339
02/26/2007,SMO,CA,AWP,WE,Towers with Radar,0,46,67,0,113,0,0,98,0,98,0,46,165,0,211,136,0,136,347
02/27/2007,SMO,CA,AWP,WE,Towers with Radar,0,29,83,0,112,0,1,62,0,63,0,30,145,0,175,34,0,34,209
02/28/2007,SMO,CA,AWP,WE,Towers with Radar,0,29,74,0,103,0,0,170,0,170,0,29,244,0,273,138,0,138,411
03/01/2007,SMO,CA,AWP,WE,Towers with Radar,0,44,73,0,117,0,0,140,0,140,0,44,213,0,257,104,0,104,361
03/02/2007,SMO,CA,AWP,WE,Towers with Radar,0,41,65,0,106,0,1,184,0,185,0,42,249,0,291,150,0,150,441
03/03/2007,SMO,CA,AWP,WE,Towers with Radar,0,26,40,0,66,0,2,191,0,193,0,28,231,0,259,188,0,188,447
03/04/2007,SMO,CA,AWP,WE,Towers with Radar,0,41,71,0,112,0,0,198,0,198,0,41,269,0,310,94,0,94,404
03/05/2007,SMO,CA,AWP,WE,Towers with Radar,0,35,57,0,92,0,2,218,2,222,0,37,275,2,314,134,0,134,448
03/06/2007,SMO,CA,AWP,WE,Towers with Radar,0,30,77,0,107,0,3,167,4,174,0,33,244,4,281,72,0,72,353
03/07/2007,SMO,CA,AWP,WE,Towers with Radar,0,33,58,0,91,0,0,200,0,200,0,33,258,0,291,130,0,130,421
03/08/2007,SMO,CA,AWP,WE,Towers with Radar,0,29,69,0,98,0,1,194,0,195,0,30,263,0,293,170,0,170,463
03/09/2007,SMO,CA,AWP,WE,Towers with Radar,0,39,86,0,125,0,0,115,0,115,0,39,201,0,240,156,0,156,396
03/10/2007,SMO,CA,AWP,WE,Towers with Radar,0,37,84,0,121,0,0,144,0,144,0,37,228,0,265,46,0,46,311
03/11/2007,SMO,CA,AWP,WE,Towers with Radar,0,33,76,0,109,0,1,203,0,204,0,34,279,0,313,160,0,160,473
03/12/2007,SMO,CA,AWP,WE,Towers with Radar,0,36,58,0,94,0,3,185,1,189,0,39,243,1,283,132,0,132,415
03/13/2007,SMO,CA,AWP,WE,Towers with Radar,0,30,61,0,91,0,0,130,0,130,0,30,191,0,221,100,0,100,321
03/14/2007,SMO,CA,AWP,WE,Towers with Radar,0,26,96,0,122,0,11,110,0,121,0,37,206,0,243,130,0,130,373
03/15/2007,SMO,CA,AWP,WE,Towers with Radar,0,52,108,0,160,0,0,91,0,91,0,52,199,0,251,16,0,16,267
03/16/2007,SMO,CA,AWP,WE,Towers with Radar,0,33,104,0,137,0,0,57,0,57,0,33,161,0,194,10,0,10,204
03/17/2007,SMO,CA,AWP,WE,Towers with Radar,0,20,66,0,86,0,0,32,0,32,0,20,98,0,118,2,0,2,120
03/18/2007,SMO,CA,AWP,WE,Towers with Radar,0,55,133,0,188,0,0,18,0,18,0,55,151,0,206,0,0,0,206
03/19/2007,SMO,CA,AWP,WE,Towers with Radar,0,21,108,0,129,0,0,56,0,56,0,21,164,0,185,60,0,60,245
03/20/2007,SMO,CA,AWP,WE,Towers with Radar,0,25,100,0,125,0,2,8,0,10,0,27,108,0,135,22,0,22,157
03/21/2007,SMO,CA,AWP,WE,Towers with Radar,0,40,80,0,120,0,0,87,0,87,0,40,167,0,207,181,0,181,388
03/22/2007,SMO,CA,AWP,WE,Towers with Radar,0,34,78,0,112,0,2,159,0,161,0,36,237,0,273,148,0,148,421
03/23/2007,SMO,CA,AWP,WE,Towers with Radar,0,49,77,0,126,0,0,209,0,209,0,49,286,0,335,78,0,78,413
03/24/2007,SMO,CA,AWP,WE,Towers with Radar,0,21,72,0,93,0,5,165,0,170,0,26,237,0,263,212,0,212,475
03/25/2007,SMO,CA,AWP,WE,Towers with Radar,0,41,112,0,153,0,6,122,0,128,0,47,234,0,281,72,0,72,353
03/26/2007,SMO,CA,AWP,WE,Towers with Radar,0,45,90,0,135,0,5,54,0,59,0,50,144,0,194,64,0,64,258
03/27/2007,SMO,CA,AWP,WE,Towers with Radar,0,28,54,0,82,0,13,70,4,87,0,41,124,4,169,42,0,42,211
03/28/2007,SMO,CA,AWP,WE,Towers with Radar,0,43,63,0,106,0,3,120,0,123,0,46,183,0,229,52,0,52,281
03/29/2007,SMO,CA,AWP,WE,Towers with Radar,0,32,63,0,95,0,0,156,0,156,0,32,219,0,251,106,0,106,357
03/30/2007,SMO,CA,AWP,WE,Towers with Radar,0,33,74,0,107,0,0,174,2,176,0,33,248,2,283,158,0,158,441
03/31/2007,SMO,CA,AWP,WE,Towers with Radar,0,31,48,0,79,0,7,212,2,221,0,38,260,2,300,172,0,172,472
04/01/2007,SMO,CA,AWP,WE,Towers with Radar,0,37,70,0,107,0,3,148,0,151,0,40,218,0,258,116,0,116,374
04/02/2007,SMO,CA,AWP,WE,Towers with Radar,0,35,53,0,88,0,13,128,0,141,0,48,181,0,229,218,0,218,447
04/03/2007,SMO,CA,AWP,WE,Towers with Radar,0,32,52,0,84,0,11,131,0,142,0,43,183,0,226,108,0,108,334
04/04/2007,SMO,CA,AWP,WE,Towers with Radar,0,23,96,0,119,0,4,17,0,21,0,27,113,0,140,32,0,32,172
04/05/2007,SMO,CA,AWP,WE,Towers with Radar,0,37,105,0,142,0,0,35,0,35,0,37,140,0,177,14,0,14,191
04/06/2007,SMO,CA,AWP,WE,Towers with Radar,0,28,137,0,165,0,3,64,3,70,0,31,201,3,235,132,0,132,367
04/07/2007,SMO,CA,AWP,WE,Towers with Radar,0,25,82,0,107,0,4,79,0,83,0,29,161,0,190,140,0,140,330
04/08/2007,SMO,CA,AWP,WE,Towers with Radar,0,44,89,0,133,0,9,81,0,90,0,53,170,0,223,114,0,114,337
04/09/2007,SMO,CA,AWP,WE,Towers with Radar,0,28,70,0,98,0,6,132,0,138,0,34,202,0,236,135,0,135,371
04/10/2007,SMO,CA,AWP,WE,Towers with Radar,0,26,55,0,81,0,7,175,0,182,0,33,230,0,263,152,0,152,415
04/11/2007,SMO,CA,AWP,WE,Towers with Radar,0,25,72,0,97,0,2,116,0,118,0,27,188,0,215,112,0,112,327
04/12/2007,SMO,CA,AWP,WE,Towers with Radar,0,34,49,0,83,0,2,79,1,82,0,36,128,1,165,74,0,74,239
04/13/2007,SMO,CA,AWP,WE,Towers with Radar,0,44,65,0,109,0,0,176,0,176,0,44,241,0,285,238,0,238,523
04/14/2007,SMO,CA,AWP,WE,Towers with Radar,0,26,68,0,94,0,7,180,2,189,0,33,248,2,283,170,0,170,453
04/15/2007,SMO,CA,AWP,WE,Towers with Radar,0,35,59,0,94,0,6,121,0,127,0,41,180,0,221,81,0,81,302
04/16/2007,SMO,CA,AWP,WE,Towers with Radar,0,29,71,0,100,0,7,129,0,136,0,36,200,0,236,146,0,146,382
04/17/2007,SMO,CA,AWP,WE,Towers with Radar,0,33,108,0,141,0,5,52,0,57,0,38,160,0,198,42,0,42,240
04/18/2007,SMO,CA,AWP,WE,Towers with Radar,0,30,53,0,83,0,4,108,0,112,0,34,161,0,195,42,0,42,237
04/19/2007,SMO,CA,AWP,WE,Towers with Radar,0,32,83,0,115,0,0,165,0,165,0,32,248,0,280,122,0,122,402
04/20/2007,SMO,CA,AWP,WE,Towers with Radar,0,19,89,0,108,0,0,45,0,45,0,19,134,0,153,20,0,20,173
04/21/2007,SMO,CA,AWP,WE,Towers with Radar,0,22,60,0,82,0,0,204,0,204,0,22,264,0,286,90,0,90,376
04/22/2007,SMO,CA,AWP,WE,Towers with Radar,0,40,77,0,117,0,0,73,2,75,0,40,150,2,192,62,0,62,254
04/23/2007,SMO,CA,AWP,WE,Towers with Radar,0,40,74,1,115,0,6,173,4,183,0,46,247,5,298,138,0,138,436
04/24/2007,SMO,CA,AWP,WE,Towers with Radar,0,29,74,0,103,0,0,148,0,148,0,29,222,0,251,99,0,99,350
04/25/2007,SMO,CA,AWP,WE,Towers with Radar,0,38,83,0,121,0,0,163,0,163,0,38,246,0,284,112,0,112,396
04/26/2007,SMO,CA,AWP,WE,Towers with Radar,0,40,100,0,140,0,0,172,0,172,0,40,272,0,312,138,0,138,450
04/27/2007,SMO,CA,AWP,WE,Towers with Radar,0,36,79,0,115,0,0,190,0,190,0,36,269,0,305,200,0,200,505
04/28/2007,SMO,CA,AWP,WE,Towers with Radar,0,18,59,0,77,0,0,85,0,85,0,18,144,0,162,72,0,72,234
04/29/2007,SMO,CA,AWP,WE,Towers with Radar,0,39,97,0,136,0,0,60,0,60,0,39,157,0,196,39,0,39,235
04/30/2007,SMO,CA,AWP,WE,Towers with Radar,0,27,89,0,116,0,0,84,0,84,0,27,173,0,200,30,0,30,230
05/01/2007,SMO,CA,AWP,WE,Towers with Radar,0,16,11,0,27,0,0,167,0,167,0,16,178,0,194,66,0,66,260
05/02/2007,SMO,CA,AWP,WE,Towers with Radar,0,43,103,0,146,0,1,126,0,127,0,44,229,0,273,160,0,160,433
05/03/2007,SMO,CA,AWP,WE,Towers with Radar,0,53,75,0,128,0,3,144,0,147,0,56,219,0,275,62,0,62,337
05/04/2007,SMO,CA,AWP,WE,Towers with Radar,0,41,83,0,124,0,0,50,0,50,0,41,133,0,174,102,0,102,276
05/05/2007,SMO,CA,AWP,WE,Towers with Radar,0,17,44,0,61,0,0,158,0,158,0,17,202,0,219,74,0,74,293
05/06/2007,SMO,CA,AWP,WE,Towers with Radar,0,38,59,0,97,0,0,161,0,161,0,38,220,0,258,100,0,100,358
05/07/2007,SMO,CA,AWP,WE,Towers with Radar,0,22,51,0,73,0,0,115,5,120,0,22,166,5,193,106,0,106,299
05/08/2007,SMO,CA,AWP,WE,Towers with Radar,0,32,46,0,78,0,1,147,0,148,0,33,193,0,226,62,0,62,288
05/09/2007,SMO,CA,AWP,WE,Towers with Radar,0,38,65,0,103,0,0,167,0,167,0,38,232,0,270,256,0,256,526
05/10/2007,SMO,CA,AWP,WE,Towers with Radar,0,39,97,0,136,0,2,125,2,129,0,41,222,2,265,156,0,156,421
05/11/2007,SMO,CA,AWP,WE,Towers with Radar,0,44,78,0,122,0,3,185,2,190,0,47,263,2,312,90,0,90,402
05/12/2007,SMO,CA,AWP,WE,Towers with Radar,0,29,76,0,105,0,1,177,2,180,0,30,253,2,285,150,0,150,435
05/13/2007,SMO,CA,AWP,WE,Towers with Radar,0,44,62,0,106,0,0,161,0,161,0,44,223,0,267,82,0,82,349
05/14/2007,SMO,CA,AWP,WE,Towers with Radar,0,41,60,0,101,0,9,126,0,135,0,50,186,0,236,104,0,104,340
05/15/2007,SMO,CA,AWP,WE,Towers with Radar,0,34,72,0,106,0,6,83,2,91,0,40,155,2,197,80,0,80,277
05/16/2007,SMO,CA,AWP,WE,Towers with Radar,0,38,76,0,114,0,0,103,0,103,0,38,179,0,217,138,0,138,355
05/17/2007,SMO,CA,AWP,WE,Towers with Radar,0,20,95,0,115,0,0,58,0,58,0,20,153,0,173,92,0,92,265
05/18/2007,SMO,CA,AWP,WE,Towers with Radar,0,41,142,0,183,0,0,64,0,64,0,41,206,0,247,32,0,32,279
05/19/2007,SMO,CA,AWP,WE,Towers with Radar,0,27,68,0,95,0,5,112,2,119,0,32,180,2,214,148,0,148,362
05/20/2007,SMO,CA,AWP,WE,Towers with Radar,0,41,113,0,154,0,0,61,0,61,0,41,174,0,215,27,0,27,242
05/21/2007,SMO,CA,AWP,WE,Towers with Radar,0,31,71,0,102,0,6,52,1,59,0,37,123,1,161,154,0,154,315
05/22/2007,SMO,CA,AWP,WE,Towers with Radar,0,33,59,0,92,0,9,158,2,169,0,42,217,2,261,180,0,180,441
05/23/2007,SMO,CA,AWP,WE,Towers with Radar,0,20,89,0,109,0,5,132,0,137,0,25,221,0,246,124,0,124,370
05/24/2007,SMO,CA,AWP,WE,Towers with Radar,0,38,89,0,127,0,0,115,0,115,0,38,204,0,242,50,0,50,292
05/25/2007,SMO,CA,AWP,WE,Towers with Radar,0,62,94,0,156,0,0,91,0,91,0,62,185,0,247,74,0,74,321
05/26/2007,SMO,CA,AWP,WE,Towers with Radar,0,31,70,0,101,0,8,108,0,116,0,39,178,0,217,68,0,68,285
05/27/2007,SMO,CA,AWP,WE,Towers with Radar,0,24,62,0,86,0,0,110,0,110,0,24,172,0,196,56,0,56,252
05/28/2007,SMO,CA,AWP,WE,Towers with Radar,0,31,83,0,114,0,0,149,1,150,0,31,232,1,264,120,0,120,384
05/29/2007,SMO,CA,AWP,WE,Towers with Radar,0,32,72,0,104,0,9,137,2,148,0,41,209,2,252,136,0,136,388
05/30/2007,SMO,CA,AWP,WE,Towers with Radar,0,31,84,1,116,0,2,136,0,138,0,33,220,1,254,134,0,134,388
05/31/2007,SMO,CA,AWP,WE,Towers with Radar,0,33,99,0,132,0,3,138,2,143,0,36,237,2,275,126,0,126,401
06/01/2007,SMO,CA,AWP,WE,Towers with Radar,0,28,104,0,132,0,0,90,0,90,0,28,194,0,222,138,0,138,360
06/02/2007,SMO,CA,AWP,WE,Towers with Radar,0,26,54,0,80,0,0,89,0,89,0,26,143,0,169,106,0,106,275
06/03/2007,SMO,CA,AWP,WE,Towers with Radar,0,36,126,0,162,0,0,12,0,12,0,36,138,0,174,2,0,2,176
06/04/2007,SMO,CA,AWP,WE,Towers with Radar,0,45,88,0,133,0,6,35,0,41,0,51,123,0,174,10,0,10,184
06/05/2007,SMO,CA,AWP,WE,Towers with Radar,0,32,119,0,151,0,4,36,2,42,0,36,155,2,193,22,0,22,215
06/06/2007,SMO,CA,AWP,WE,Towers with Radar,0,40,46,0,86,0,15,131,0,146,0,55,177,0,232,114,0,114,346
06/07/2007,SMO,CA,AWP,WE,Towers with Radar,0,32,65,0,97,0,0,158,0,158,0,32,223,0,255,142,0,142,397
06/08/2007,SMO,CA,AWP,WE,Towers with Radar,0,32,74,0,106,0,0,143,0,143,0,32,217,0,249,182,0,182,431
06/09/2007,SMO,CA,AWP,WE,Towers with Radar,0,23,59,0,82,0,7,153,0,160,0,30,212,0,242,124,0,124,366
06/10/2007,SMO,CA,AWP,WE,Towers with Radar,0,41,111,0,152,0,0,51,0,51,0,41,162,0,203,90,0,90,293
06/11/2007,SMO,CA,AWP,WE,Towers with Radar,0,42,85,0,127,0,0,95,2,97,0,42,180,2,224,106,0,106,330
06/12/2007,SMO,CA,AWP,WE,Towers with Radar,0,46,66,0,112,0,4,135,6,145,0,50,201,6,257,176,0,176,433
06/13/2007,SMO,CA,AWP,WE,Towers with Radar,0,46,68,0,114,0,2,123,0,125,0,48,191,0,239,114,0,114,353
06/14/2007,SMO,CA,AWP,WE,Towers with Radar,0,46,71,0,117,0,1,147,1,149,0,47,218,1,266,190,0,190,456
06/15/2007,SMO,CA,AWP,WE,Towers with Radar,0,54,95,0,149,0,1,149,0,150,0,55,244,0,299,156,0,156,455
06/16/2007,SMO,CA,AWP,WE,Towers with Radar,0,31,68,0,99,0,2,134,0,136,0,33,202,0,235,128,0,128,363
06/17/2007,SMO,CA,AWP,WE,Towers with Radar,0,48,70,2,120,0,7,137,0,144,0,55,207,2,264,60,0,60,324
06/18/2007,SMO,CA,AWP,WE,Towers with Radar,0,29,65,0,94,0,3,91,1,95,0,32,156,1,189,108,0,108,297
06/19/2007,SMO,CA,AWP,WE,Towers with Radar,0,19,63,0,82,0,0,124,1,125,0,19,187,1,207,180,0,180,387
06/20/2007,SMO,CA,AWP,WE,Towers with Radar,0,34,65,0,99,0,2,152,0,154,0,36,217,0,253,226,0,226,479
06/21/2007,SMO,CA,AWP,WE,Towers with Radar,0,35,77,0,112,0,2,175,0,177,0,37,252,0,289,206,0,206,495
06/22/2007,SMO,CA,AWP,WE,Towers with Radar,0,32,51,0,83,0,0,147,3,150,0,32,198,3,233,212,0,212,445
06/23/2007,SMO,CA,AWP,WE,Towers with Radar,0,30,67,0,97,0,6,262,2,270,0,36,329,2,367,152,0,152,519
06/24/2007,SMO,CA,AWP,WE,Towers with Radar,0,39,84,0,123,0,2,97,1,100,0,41,181,1,223,70,0,70,293
06/25/2007,SMO,CA,AWP,WE,Towers with Radar,0,30,72,0,102,0,2,118,0,120,0,32,190,0,222,128,0,128,350
06/26/2007,SMO,CA,AWP,WE,Towers with Radar,0,42,45,0,87,0,7,137,0,144,0,49,182,0,231,86,0,86,317
06/27/2007,SMO,CA,AWP,WE,Towers with Radar,0,32,55,0,87,0,0,147,0,147,0,32,202,0,234,238,0,238,472
06/28/2007,SMO,CA,AWP,WE,Towers with Radar,0,41,63,0,104,0,0,126,0,126,0,41,189,0,230,130,0,130,360
06/29/2007,SMO,CA,AWP,WE,Towers with Radar,0,40,62,0,102,0,2,173,0,175,0,42,235,0,277,228,0,228,505
06/30/2007,SMO,CA,AWP,WE,Towers with Radar,0,31,40,0,71,0,9,211,0,220,0,40,251,0,291,128,0,128,419
07/01/2007,SMO,CA,AWP,WE,Towers with Radar,0,31,45,0,76,0,8,197,0,205,0,39,242,0,281,92,0,92,373
07/02/2007,SMO,CA,AWP,WE,Towers with Radar,0,14,54,0,68,0,0,131,0,131,0,14,185,0,199,172,0,172,371
07/03/2007,SMO,CA,AWP,WE,Towers with Radar,0,31,61,0,92,0,5,152,4,161,0,36,213,4,253,218,0,218,471
07/04/2007,SMO,CA,AWP,WE,Towers with Radar,0,12,47,0,59,0,0,69,0,69,0,12,116,0,128,32,0,32,160
07/05/2007,SMO,CA,AWP,WE,Towers with Radar,0,30,102,0,132,0,0,39,0,39,0,30,141,0,171,0,0,0,171
07/06/2007,SMO,CA,AWP,WE,Towers with Radar,0,29,75,0,104,0,0,36,1,37,0,29,111,1,141,26,0,26,167
07/07/2007,SMO,CA,AWP,WE,Towers with Radar,0,16,89,0,105,0,4,52,0,56,0,20,141,0,161,52,0,52,213
07/08/2007,SMO,CA,AWP,WE,Towers with Radar,0,40,72,0,112,0,2,155,0,157,0,42,227,0,269,70,0,70,339
07/09/2007,SMO,CA,AWP,WE,Towers with Radar,0,32,87,0,119,0,7,114,2,123,0,39,201,2,242,142,0,142,384
07/10/2007,SMO,CA,AWP,WE,Towers with Radar,0,41,72,0,113,0,3,81,4,88,0,44,153,4,201,72,0,72,273
07/11/2007,SMO,CA,AWP,WE,Towers with Radar,0,22,82,0,104,0,6,106,0,112,0,28,188,0,216,146,0,146,362
07/12/2007,SMO,CA,AWP,WE,Towers with Radar,0,45,63,0,108,0,0,150,0,150,0,45,213,0,258,96,0,96,354
07/13/2007,SMO,CA,AWP,WE,Towers with Radar,0,36,53,0,89,0,0,183,0,183,0,36,236,0,272,126,0,126,398
07/14/2007,SMO,CA,AWP,WE,Towers with Radar,0,21,56,0,77,0,7,201,0,208,0,28,257,0,285,152,0,152,437
07/15/2007,SMO,CA,AWP,WE,Towers with Radar,0,31,77,0,108,0,4,133,1,138,0,35,210,1,246,86,0,86,332
07/16/2007,SMO,CA,AWP,WE,Towers with Radar,0,28,94,0,122,0,6,88,5,99,0,34,182,5,221,116,0,116,337
07/17/2007,SMO,CA,AWP,WE,Towers with Radar,0,30,50,0,80,0,7,137,2,146,0,37,187,2,226,156,0,156,382
07/18/2007,SMO,CA,AWP,WE,Towers with Radar,0,43,72,0,115,0,4,146,0,150,0,47,218,0,265,168,0,168,433
07/19/2007,SMO,CA,AWP,WE,Towers with Radar,0,27,64,0,91,0,2,175,2,179,0,29,239,2,270,112,0,112,382
07/20/2007,SMO,CA,AWP,WE,Towers with Radar,0,47,93,0,140,0,2,97,0,99,0,49,190,0,239,90,0,90,329
07/21/2007,SMO,CA,AWP,WE,Towers with Radar,0,24,64,0,88,0,8,142,0,150,0,32,206,0,238,76,0,76,314
07/22/2007,SMO,CA,AWP,WE,Towers with Radar,0,46,62,0,108,0,9,127,4,140,0,55,189,4,248,86,0,86,334
07/23/2007,SMO,CA,AWP,WE,Towers with Radar,0,49,69,0,118,0,0,129,1,130,0,49,198,1,248,126,0,126,374
07/24/2007,SMO,CA,AWP,WE,Towers with Radar,0,42,67,0,109,0,1,140,6,147,0,43,207,6,256,80,0,80,336
07/25/2007,SMO,CA,AWP,WE,Towers with Radar,0,38,89,0,127,0,15,150,3,168,0,53,239,3,295,170,0,170,465
07/26/2007,SMO,CA,AWP,WE,Towers with Radar,0,48,80,0,128,0,0,162,2,164,0,48,242,2,292,230,0,230,522
07/27/2007,SMO,CA,AWP,WE,Towers with Radar,0,48,55,0,103,0,2,188,0,190,0,50,243,0,293,266,0,266,559
07/28/2007,SMO,CA,AWP,WE,Towers with Radar,0,30,49,0,79,0,0,159,1,160,0,30,208,1,239,166,0,166,405
07/29/2007,SMO,CA,AWP,WE,Towers with Radar,0,43,63,0,106,0,6,137,4,147,0,49,200,4,253,104,0,104,357
07/30/2007,SMO,CA,AWP,WE,Towers with Radar,0,37,64,0,101,0,10,153,2,165,0,47,217,2,266,106,0,106,372
07/31/2007,SMO,CA,AWP,WE,Towers with Radar,0,31,101,0,132,0,5,102,0,107,0,36,203,0,239,96,0,96,335
08/01/2007,SMO,CA,AWP,WE,Towers with Radar,0,48,75,0,123,0,0,107,0,107,0,48,182,0,230,138,0,138,368
08/02/2007,SMO,CA,AWP,WE,Towers with Radar,0,24,83,0,107,0,0,80,0,80,0,24,163,0,187,16,0,16,203
08/03/2007,SMO,CA,AWP,WE,Towers with Radar,0,41,78,0,119,0,0,144,0,144,0,41,222,0,263,92,0,92,355
08/04/2007,SMO,CA,AWP,WE,Towers with Radar,0,28,63,0,91,0,0,78,0,78,0,28,141,0,169,138,0,138,307
08/05/2007,SMO,CA,AWP,WE,Towers with Radar,0,45,70,0,115,0,0,122,0,122,0,45,192,0,237,116,0,116,353
08/06/2007,SMO,CA,AWP,WE,Towers with Radar,0,33,65,0,98,0,0,103,0,103,0,33,168,0,201,58,0,58,259
08/07/2007,SMO,CA,AWP,WE,Towers with Radar,0,29,70,0,99,0,0,103,2,105,0,29,173,2,204,160,0,160,364
08/08/2007,SMO,CA,AWP,WE,Towers with Radar,0,39,63,0,102,0,9,175,0,184,0,48,238,0,286,134,0,134,420
08/09/2007,SMO,CA,AWP,WE,Towers with Radar,0,27,73,0,100,0,5,144,0,149,0,32,217,0,249,224,0,224,473
08/10/2007,SMO,CA,AWP,WE,Towers with Radar,0,42,90,0,132,0,0,104,3,107,0,42,194,3,239,84,0,84,323
08/11/2007,SMO,CA,AWP,WE,Towers with Radar,0,20,57,0,77,0,10,145,0,155,0,30,202,0,232,126,0,126,358
08/12/2007,SMO,CA,AWP,WE,Towers with Radar,0,28,64,0,92,0,5,187,0,192,0,33,251,0,284,152,0,152,436
08/13/2007,SMO,CA,AWP,WE,Towers with Radar,0,29,60,0,89,0,3,139,3,145,0,32,199,3,234,132,0,132,366
08/14/2007,SMO,CA,AWP,WE,Towers with Radar,0,44,57,0,101,0,3,136,30,169,0,47,193,30,270,176,0,176,446
08/15/2007,SMO,CA,AWP,WE,Towers with Radar,0,53,50,0,103,0,12,156,4,172,0,65,206,4,275,152,0,152,427
08/16/2007,SMO,CA,AWP,WE,Towers with Radar,0,29,63,0,92,0,0,158,0,158,0,29,221,0,250,136,0,136,386
08/17/2007,SMO,CA,AWP,WE,Towers with Radar,0,34,53,0,87,0,0,135,3,138,0,34,188,3,225,160,0,160,385
08/18/2007,SMO,CA,AWP,WE,Towers with Radar,0,21,49,0,70,0,7,189,0,196,0,28,238,0,266,168,0,168,434
08/19/2007,SMO,CA,AWP,WE,Towers with Radar,0,37,57,0,94,0,6,172,0,178,0,43,229,0,272,150,0,150,422
08/20/2007,SMO,CA,AWP,WE,Towers with Radar,0,46,73,0,119,0,0,138,6,144,0,46,211,6,263,148,0,148,411
08/21/2007,SMO,CA,AWP,WE,Towers with Radar,0,40,68,0,108,0,1,177,0,178,0,41,245,0,286,218,0,218,504
08/22/2007,SMO,CA,AWP,WE,Towers with Radar,0,26,93,0,119,0,2,177,3,182,0,28,270,3,301,154,0,154,455
08/23/2007,SMO,CA,AWP,WE,Towers with Radar,0,35,100,0,135,0,0,142,0,142,0,35,242,0,277,296,0,296,573
08/24/2007,SMO,CA,AWP,WE,Towers with Radar,0,35,69,0,104,0,0,101,0,101,0,35,170,0,205,88,0,88,293
08/25/2007,SMO,CA,AWP,WE,Towers with Radar,0,29,57,0,86,0,0,142,0,142,0,29,199,0,228,152,0,152,380
08/26/2007,SMO,CA,AWP,WE,Towers with Radar,0,35,65,0,100,0,0,140,0,140,0,35,205,0,240,88,0,88,328
08/27/2007,SMO,CA,AWP,WE,Towers with Radar,0,25,51,0,76,0,2,139,0,141,0,27,190,0,217,200,0,200,417
08/28/2007,SMO,CA,AWP,WE,Towers with Radar,0,26,63,0,89,0,1,185,0,186,0,27,248,0,275,140,0,140,415
08/29/2007,SMO,CA,AWP,WE,Towers with Radar,0,29,74,0,103,0,0,166,0,166,0,29,240,0,269,114,0,114,383
08/30/2007,SMO,CA,AWP,WE,Towers with Radar,0,33,52,0,85,0,0,139,0,139,0,33,191,0,224,120,0,120,344
08/31/2007,SMO,CA,AWP,WE,Towers with Radar,0,40,59,0,99,0,0,136,2,138,0,40,195,2,237,180,0,180,417
09/01/2007,SMO,CA,AWP,WE,Towers with Radar,0,22,45,0,67,0,0,178,0,178,0,22,223,0,245,120,0,120,365
09/02/2007,SMO,CA,AWP,WE,Towers with Radar,0,14,34,0,48,0,0,149,0,149,0,14,183,0,197,80,0,80,277
09/03/2007,SMO,CA,AWP,WE,Towers with Radar,0,40,51,0,91,0,0,153,0,153,0,40,204,0,244,40,0,40,284
09/04/2007,SMO,CA,AWP,WE,Towers with Radar,0,19,29,0,48,0,2,145,2,149,0,21,174,2,197,62,0,62,259
09/05/2007,SMO,CA,AWP,WE,Towers with Radar,0,33,75,0,108,0,1,92,0,93,0,34,167,0,201,164,0,164,365
09/06/2007,SMO,CA,AWP,WE,Towers with Radar,0,32,63,0,95,0,1,107,1,109,0,33,170,1,204,150,0,150,354
09/07/2007,SMO,CA,AWP,WE,Towers with Radar,0,29,92,0,121,1,0,163,2,166,1,29,255,2,287,138,0,138,425
09/08/2007,SMO,CA,AWP,WE,Towers with Radar,0,15,58,0,73,0,0,195,0,195,0,15,253,0,268,94,0,94,362
09/09/2007,SMO,CA,AWP,WE,Towers with Radar,0,34,71,0,105,0,0,164,0,164,0,34,235,0,269,56,0,56,325
09/10/2007,SMO,CA,AWP,WE,Towers with Radar,0,31,47,0,78,0,2,125,0,127,0,33,172,0,205,96,0,96,301
09/11/2007,SMO,CA,AWP,WE,Towers with Radar,0,31,57,0,88,0,1,163,1,165,0,32,220,1,253,208,0,208,461
09/12/2007,SMO,CA,AWP,WE,Towers with Radar,0,40,73,0,113,0,3,141,6,150,0,43,214,6,263,136,0,136,399
09/13/2007,SMO,CA,AWP,WE,Towers with Radar,0,47,61,0,108,0,0,187,3,190,0,47,248,3,298,128,0,128,426
09/14/2007,SMO,CA,AWP,WE,Towers with Radar,0,33,57,0,90,0,0,167,3,170,0,33,224,3,260,98,0,98,358
09/15/2007,SMO,CA,AWP,WE,Towers with Radar,0,18,44,0,62,0,0,173,0,173,0,18,217,0,235,138,0,138,373
09/16/2007,SMO,CA,AWP,WE,Towers with Radar,0,50,78,0,128,0,0,200,1,201,0,50,278,1,329,146,0,146,475
09/17/2007,SMO,CA,AWP,WE,Towers with Radar,0,31,61,0,92,0,0,130,0,130,0,31,191,0,222,130,0,130,352
09/18/2007,SMO,CA,AWP,WE,Towers with Radar,0,30,71,0,101,0,5,103,9,117,0,35,174,9,218,198,0,198,416
09/20/2007,SMO,CA,AWP,WE,Towers with Radar,0,43,55,0,98,1,0,126,0,127,1,43,181,0,225,184,0,184,409
09/21/2007,SMO,CA,AWP,WE,Towers with Radar,0,23,58,0,81,0,0,77,1,78,0,23,135,1,159,116,0,116,275
09/22/2007,SMO,CA,AWP,WE,Towers with Radar,0,9,41,0,50,0,0,43,0,43,0,9,84,0,93,94,0,94,187
09/23/2007,SMO,CA,AWP,WE,Towers with Radar,0,31,81,0,112,0,0,166,1,167,0,31,247,1,279,118,1,119,398
09/24/2007,SMO,CA,AWP,WE,Towers with Radar,0,28,43,0,71,0,0,148,1,149,0,28,191,1,220,136,0,136,356
09/25/2007,SMO,CA,AWP,WE,Towers with Radar,0,27,55,0,82,0,3,173,4,180,0,30,228,4,262,222,0,222,484
09/26/2007,SMO,CA,AWP,WE,Towers with Radar,0,42,93,0,135,0,4,89,2,95,0,46,182,2,230,36,0,36,266
09/27/2007,SMO,CA,AWP,WE,Towers with Radar,0,37,77,0,114,0,0,133,1,134,0,37,210,1,248,118,0,118,366
09/28/2007,SMO,CA,AWP,WE,Towers with Radar,0,36,120,0,156,0,0,45,2,47,0,36,165,2,203,212,0,212,415
09/29/2007,SMO,CA,AWP,WE,Towers with Radar,0,18,51,0,69,0,1,139,0,140,0,19,190,0,209,114,0,114,323
09/30/2007,SMO,CA,AWP,WE,Towers with Radar,0,42,69,0,111,0,0,163,0,163,0,42,232,0,274,96,0,96,370
10/01/2007,SMO,CA,AWP,WE,Towers with Radar,0,34,58,0,92,0,0,104,2,106,0,34,162,2,198,144,0,144,342
10/02/2007,SMO,CA,AWP,WE,Towers with Radar,0,38,56,0,94,0,0,120,1,121,0,38,176,1,215,202,0,202,417
10/03/2007,SMO,CA,AWP,WE,Towers with Radar,0,25,63,0,88,0,0,140,0,140,0,25,203,0,228,188,0,188,416
10/04/2007,SMO,CA,AWP,WE,Towers with Radar,0,33,87,0,120,0,0,126,0,126,0,33,213,0,246,102,0,102,348
10/05/2007,SMO,CA,AWP,WE,Towers with Radar,0,49,78,0,127,0,0,94,0,94,0,49,172,0,221,48,0,48,269
10/06/2007,SMO,CA,AWP,WE,Towers with Radar,0,26,58,0,84,0,0,192,2,194,0,26,250,2,278,104,0,104,382
10/07/2007,SMO,CA,AWP,WE,Towers with Radar,0,49,78,0,127,0,0,153,1,154,0,49,231,1,281,114,0,114,395
10/08/2007,SMO,CA,AWP,WE,Towers with Radar,0,30,56,0,86,0,2,151,1,154,0,32,207,1,240,100,0,100,340
10/09/2007,SMO,CA,AWP,WE,Towers with Radar,0,28,68,0,96,0,0,132,1,133,0,28,200,1,229,242,0,242,471
10/10/2007,SMO,CA,AWP,WE,Towers with Radar,0,26,58,0,84,0,0,129,2,131,0,26,187,2,215,230,0,230,445
10/11/2007,SMO,CA,AWP,WE,Towers with Radar,0,31,55,0,86,0,0,143,2,145,0,31,198,2,231,184,0,184,415
10/12/2007,SMO,CA,AWP,WE,Towers with Radar,0,32,126,0,158,0,0,76,0,76,0,32,202,0,234,110,0,110,344
10/13/2007,SMO,CA,AWP,WE,Towers with Radar,0,21,66,0,87,0,0,100,0,100,0,21,166,0,187,119,0,119,306
10/14/2007,SMO,CA,AWP,WE,Towers with Radar,0,28,91,0,119,0,0,121,3,124,0,28,212,3,243,54,0,54,297
10/15/2007,SMO,CA,AWP,WE,Towers with Radar,0,35,110,2,147,0,0,7,2,9,0,35,117,4,156,0,0,0,156
10/16/2007,SMO,CA,AWP,WE,Towers with Radar,0,24,69,0,93,0,0,93,0,93,0,24,162,0,186,268,0,268,454
10/17/2007,SMO,CA,AWP,WE,Towers with Radar,0,31,78,0,109,0,0,135,3,138,0,31,213,3,247,244,0,244,491
10/18/2007,SMO,CA,AWP,WE,Towers with Radar,0,41,58,0,99,0,0,161,0,161,0,41,219,0,260,200,0,200,460
10/19/2007,SMO,CA,AWP,WE,Towers with Radar,0,25,74,0,99,0,0,171,1,172,0,25,245,1,271,155,0,155,426
10/20/2007,SMO,CA,AWP,WE,Towers with Radar,0,27,60,0,87,0,0,164,0,164,0,27,224,0,251,86,0,86,337
10/21/2007,SMO,CA,AWP,WE,Towers with Radar,0,33,50,0,83,0,0,75,0,75,0,33,125,0,158,124,0,124,282
10/22/2007,SMO,CA,AWP,WE,Towers with Radar,0,29,38,0,67,0,0,68,0,68,0,29,106,0,135,198,0,198,333
10/23/2007,SMO,CA,AWP,WE,Towers with Radar,0,35,44,0,79,0,1,93,0,94,0,36,137,0,173,184,0,184,357
10/24/2007,SMO,CA,AWP,WE,Towers with Radar,0,42,55,0,97,0,0,116,0,116,0,42,171,0,213,156,0,156,369
10/25/2007,SMO,CA,AWP,WE,Towers with Radar,0,34,55,0,89,0,0,123,0,123,0,34,178,0,212,212,0,212,424
10/26/2007,SMO,CA,AWP,WE,Towers with Radar,0,44,71,0,115,0,0,68,0,68,0,44,139,0,183,116,0,116,299
10/27/2007,SMO,CA,AWP,WE,Towers with Radar,0,22,44,0,66,0,0,131,1,132,0,22,175,1,198,184,0,184,382
10/28/2007,SMO,CA,AWP,WE,Towers with Radar,0,30,81,0,111,0,2,166,0,168,0,32,247,0,279,84,0,84,363
10/29/2007,SMO,CA,AWP,WE,Towers with Radar,0,24,68,0,92,0,0,104,1,105,0,24,172,1,197,98,0,98,295
10/30/2007,SMO,CA,AWP,WE,Towers with Radar,0,38,74,0,112,0,0,134,3,137,0,38,208,3,249,196,0,196,445
10/31/2007,SMO,CA,AWP,WE,Towers with Radar,0,21,66,0,87,0,0,160,1,161,0,21,226,1,248,146,0,146,394
11/01/2007,SMO,CA,AWP,WE,Towers with Radar,0,30,143,0,173,0,0,30,0,30,0,30,173,0,203,0,0,0,203
11/02/2007,SMO,CA,AWP,WE,Towers with Radar,0,43,86,1,130,0,0,113,1,114,0,43,199,2,244,54,0,54,298
11/03/2007,SMO,CA,AWP,WE,Towers with Radar,0,16,49,0,65,0,0,110,0,110,0,16,159,0,175,166,0,166,341
11/04/2007,SMO,CA,AWP,WE,Towers with Radar,0,32,71,0,103,0,0,55,0,55,0,32,126,0,158,10,0,10,168
11/05/2007,SMO,CA,AWP,WE,Towers with Radar,0,20,93,0,113,0,0,17,1,18,0,20,110,1,131,14,0,14,145
11/06/2007,SMO,CA,AWP,WE,Towers with Radar,0,17,84,0,101,0,2,89,4,95,0,19,173,4,196,26,0,26,222
11/07/2007,SMO,CA,AWP,WE,Towers with Radar,0,21,147,0,168,0,0,4,0,4,0,21,151,0,172,0,0,0,172
11/08/2007,SMO,CA,AWP,WE,Towers with Radar,0,33,121,0,154,0,0,21,2,23,0,33,142,2,177,108,0,108,285
11/09/2007,SMO,CA,AWP,WE,Towers with Radar,0,37,106,1,144,0,0,121,1,122,0,37,227,2,266,212,0,212,478
11/10/2007,SMO,CA,AWP,WE,Towers with Radar,0,12,44,0,56,0,1,159,0,160,0,13,203,0,216,178,0,178,394
11/11/2007,SMO,CA,AWP,WE,Towers with Radar,0,36,98,0,134,0,0,17,0,17,0,36,115,0,151,90,0,90,241
11/12/2007,SMO,CA,AWP,WE,Towers with Radar,0,35,61,0,96,0,0,153,0,153,0,35,214,0,249,192,0,192,441
11/13/2007,SMO,CA,AWP,WE,Towers with Radar,0,23,77,0,100,0,0,148,2,150,0,23,225,2,250,212,0,212,462
11/14/2007,SMO,CA,AWP,WE,Towers with Radar,0,40,78,0,118,0,0,186,0,186,0,40,264,0,304,210,0,210,514
11/15/2007,SMO,CA,AWP,WE,Towers with Radar,0,26,68,0,94,0,4,180,1,185,0,30,248,1,279,192,0,192,471
11/16/2007,SMO,CA,AWP,WE,Towers with Radar,0,35,139,0,174,0,0,35,0,35,0,35,174,0,209,22,0,22,231
11/17/2007,SMO,CA,AWP,WE,Towers with Radar,0,26,77,0,103,0,0,156,0,156,0,26,233,0,259,134,0,134,393
11/18/2007,SMO,CA,AWP,WE,Towers with Radar,0,12,61,0,73,0,0,0,0,0,0,12,61,0,73,0,0,0,73
11/19/2007,SMO,CA,AWP,WE,Towers with Radar,0,28,68,0,96,0,0,20,0,20,0,28,88,0,116,8,0,8,124
11/20/2007,SMO,CA,AWP,WE,Towers with Radar,0,27,93,0,120,0,0,7,0,7,0,27,100,0,127,20,0,20,147
11/21/2007,SMO,CA,AWP,WE,Towers with Radar,0,25,114,0,139,0,0,127,0,127,0,25,241,0,266,134,0,134,400
11/22/2007,SMO,CA,AWP,WE,Towers with Radar,0,16,20,0,36,0,0,65,0,65,0,16,85,0,101,64,0,64,165
11/23/2007,SMO,CA,AWP,WE,Towers with Radar,0,14,35,0,49,0,0,142,0,142,0,14,177,0,191,134,0,134,325
11/24/2007,SMO,CA,AWP,WE,Towers with Radar,0,22,29,0,51,0,0,106,2,108,0,22,135,2,159,112,0,112,271
11/25/2007,SMO,CA,AWP,WE,Towers with Radar,0,21,110,0,131,0,0,140,5,145,0,21,250,5,276,154,0,154,430
11/26/2007,SMO,CA,AWP,WE,Towers with Radar,0,34,57,0,91,0,2,122,2,126,0,36,179,2,217,112,0,112,329
11/27/2007,SMO,CA,AWP,WE,Towers with Radar,0,27,58,0,85,0,6,130,5,141,0,33,188,5,226,184,0,184,410
11/28/2007,SMO,CA,AWP,WE,Towers with Radar,0,33,54,0,87,0,2,133,2,137,0,35,187,2,224,248,0,248,472
11/29/2007,SMO,CA,AWP,WE,Towers with Radar,0,28,61,0,89,0,1,151,2,154,0,29,212,2,243,156,0,156,399
11/30/2007,SMO,CA,AWP,WE,Towers with Radar,0,23,74,0,97,0,0,19,2,21,0,23,93,2,118,62,0,62,180
12/01/2007,SMO,CA,AWP,WE,Towers with Radar,0,16,40,0,56,0,0,101,0,101,0,16,141,0,157,132,0,132,289
12/02/2007,SMO,CA,AWP,WE,Towers with Radar,0,34,56,0,90,0,7,181,3,191,0,41,237,3,281,174,0,174,455
12/03/2007,SMO,CA,AWP,WE,Towers with Radar,0,24,60,0,84,0,1,150,3,154,0,25,210,3,238,92,0,92,330
12/04/2007,SMO,CA,AWP,WE,Towers with Radar,0,25,54,0,79,0,0,136,0,136,0,25,190,0,215,188,0,188,403
12/05/2007,SMO,CA,AWP,WE,Towers with Radar,0,18,58,0,76,0,0,132,2,134,0,18,190,2,210,135,0,135,345
12/06/2007,SMO,CA,AWP,WE,Towers with Radar,0,19,86,0,105,0,0,43,0,43,0,19,129,0,148,194,0,194,342
12/07/2007,SMO,CA,AWP,WE,Towers with Radar,0,18,48,0,66,0,0,30,3,33,0,18,78,3,99,108,0,108,207
12/08/2007,SMO,CA,AWP,WE,Towers with Radar,0,24,28,0,52,0,0,110,0,110,0,24,138,0,162,146,0,146,308
12/09/2007,SMO,CA,AWP,WE,Towers with Radar,0,22,53,0,75,0,0,139,0,139,0,22,192,0,214,152,0,152,366
12/10/2007,SMO,CA,AWP,WE,Towers with Radar,0,31,65,0,96,0,0,125,2,127,0,31,190,2,223,116,0,116,339
12/11/2007,SMO,CA,AWP,WE,Towers with Radar,0,36,54,0,90,0,0,152,1,153,0,36,206,1,243,176,0,176,419
12/12/2007,SMO,CA,AWP,WE,Towers with Radar,0,37,65,0,102,0,0,177,0,177,0,37,242,0,279,140,0,140,419
12/13/2007,SMO,CA,AWP,WE,Towers with Radar,0,35,86,0,121,0,0,153,1,154,0,35,239,1,275,244,0,244,519
12/14/2007,SMO,CA,AWP,WE,Towers with Radar,0,32,64,0,96,0,0,171,0,171,0,32,235,0,267,176,0,176,443
12/15/2007,SMO,CA,AWP,WE,Towers with Radar,0,24,55,0,79,0,0,235,0,235,0,24,290,0,314,136,0,136,450
12/16/2007,SMO,CA,AWP,WE,Towers with Radar,0,30,57,0,87,0,0,175,0,175,0,30,232,0,262,102,0,102,364
12/17/2007,SMO,CA,AWP,WE,Towers with Radar,0,25,81,0,106,0,0,95,0,95,0,25,176,0,201,132,0,132,333
12/18/2007,SMO,CA,AWP,WE,Towers with Radar,0,14,65,0,79,0,0,7,1,8,0,14,72,1,87,78,0,78,165
12/19/2007,SMO,CA,AWP,WE,Towers with Radar,0,24,52,0,76,0,0,11,0,11,0,24,63,0,87,6,0,6,93
12/20/2007,SMO,CA,AWP,WE,Towers with Radar,0,39,68,0,107,0,0,31,0,31,0,39,99,0,138,116,0,116,254
12/21/2007,SMO,CA,AWP,WE,Towers with Radar,0,23,56,0,79,0,0,101,0,101,0,23,157,0,180,94,0,94,274
12/22/2007,SMO,CA,AWP,WE,Towers with Radar,0,31,48,0,79,0,0,182,0,182,0,31,230,0,261,110,0,110,371
12/23/2007,SMO,CA,AWP,WE,Towers with Radar,0,19,44,0,63,0,0,148,0,148,0,19,192,0,211,108,0,108,319
12/24/2007,SMO,CA,AWP,WE,Towers with Radar,0,13,24,0,37,0,0,118,0,118,0,13,142,0,155,106,0,106,261
12/25/2007,SMO,CA,AWP,WE,Towers with Radar,0,18,9,0,27,0,4,25,0,29,0,22,34,0,56,6,0,6,62
12/26/2007,SMO,CA,AWP,WE,Towers with Radar,0,25,47,0,72,0,0,84,0,84,0,25,131,0,156,152,0,152,308
12/27/2007,SMO,CA,AWP,WE,Towers with Radar,0,28,41,0,69,0,0,112,0,112,0,28,153,0,181,82,0,82,263
12/28/2007,SMO,CA,AWP,WE,Towers with Radar,0,26,75,0,101,0,0,105,0,105,0,26,180,0,206,206,0,206,412
12/29/2007,SMO,CA,AWP,WE,Towers with Radar,0,27,66,0,93,0,0,155,0,155,0,27,221,0,248,114,0,114,362
12/30/2007,SMO,CA,AWP,WE,Towers with Radar,0,16,48,0,64,0,0,134,0,134,0,16,182,0,198,42,0,42,240
12/31/2007,SMO,CA,AWP,WE,Towers with Radar,0,21,42,0,63,0,0,107,0,107,0,21,149,0,170,74,0,74,244
01/01/2008,SMO,CA,AWP,WE,Towers with Radar,0,9,42,0,51,0,0,63,0,63,0,9,105,0,114,54,0,54,168
01/02/2008,SMO,CA,AWP,WE,Towers with Radar,0,17,49,0,66,0,0,116,0,116,0,17,165,0,182,196,0,196,378
01/03/2008,SMO,CA,AWP,WE,Towers with Radar,0,24,49,0,73,0,0,121,0,121,0,24,170,0,194,170,0,170,364
01/04/2008,SMO,CA,AWP,WE,Towers with Radar,0,19,44,0,63,0,0,14,0,14,0,19,58,0,77,10,0,10,87
01/05/2008,SMO,CA,AWP,WE,Towers with Radar,0,18,47,0,65,0,0,14,1,15,0,18,61,1,80,4,0,4,84
01/06/2008,SMO,CA,AWP,WE,Towers with Radar,0,20,44,0,64,0,0,42,0,42,0,20,86,0,106,42,0,42,148
01/07/2008,SMO,CA,AWP,WE,Towers with Radar,0,27,36,0,63,0,2,95,0,97,0,29,131,0,160,96,0,96,256
01/08/2008,SMO,CA,AWP,WE,Towers with Radar,0,25,58,0,83,0,0,108,0,108,0,25,166,0,191,92,0,92,283
01/09/2008,SMO,CA,AWP,WE,Towers with Radar,0,34,55,0,89,0,0,119,2,121,0,34,174,2,210,108,0,108,318
01/10/2008,SMO,CA,AWP,WE,Towers with Radar,0,21,57,0,78,0,0,150,0,150,0,21,207,0,228,146,0,146,374
01/11/2008,SMO,CA,AWP,WE,Towers with Radar,0,34,55,0,89,0,0,140,0,140,0,34,195,0,229,150,0,150,379
01/12/2008,SMO,CA,AWP,WE,Towers with Radar,0,10,35,0,45,0,0,223,2,225,0,10,258,2,270,143,0,143,413
01/13/2008,SMO,CA,AWP,WE,Towers with Radar,0,29,49,0,78,0,0,198,0,198,0,29,247,0,276,70,0,70,346
01/14/2008,SMO,CA,AWP,WE,Towers with Radar,0,30,38,0,68,0,3,112,0,115,0,33,150,0,183,110,0,110,293
01/15/2008,SMO,CA,AWP,WE,Towers with Radar,0,22,64,0,86,0,0,164,0,164,0,22,228,0,250,124,0,124,374
01/16/2008,SMO,CA,AWP,WE,Towers with Radar,0,29,47,0,76,0,0,90,0,90,0,29,137,0,166,82,0,82,248
01/17/2008,SMO,CA,AWP,WE,Towers with Radar,0,37,48,0,85,0,0,67,0,67,0,37,115,0,152,74,0,74,226
01/18/2008,SMO,CA,AWP,WE,Towers with Radar,0,35,84,0,119,0,0,160,0,160,0,35,244,0,279,184,0,184,463
01/19/2008,SMO,CA,AWP,WE,Towers with Radar,0,14,48,0,62,0,0,183,0,183,0,14,231,0,245,142,0,142,387
01/20/2008,SMO,CA,AWP,WE,Towers with Radar,0,29,80,0,109,0,0,158,0,158,0,29,238,0,267,78,0,78,345
01/21/2008,SMO,CA,AWP,WE,Towers with Radar,0,41,69,0,110,0,0,46,0,46,0,41,115,0,156,84,0,84,240
01/22/2008,SMO,CA,AWP,WE,Towers with Radar,0,39,69,0,108,0,0,47,1,48,0,39,116,1,156,140,0,140,296
01/23/2008,SMO,CA,AWP,WE,Towers with Radar,0,26,40,0,66,0,0,35,0,35,0,26,75,0,101,52,0,52,153
01/24/2008,SMO,CA,AWP,WE,Towers with Radar,0,21,61,0,82,0,0,9,0,9,0,21,70,0,91,44,0,44,135
01/25/2008,SMO,CA,AWP,WE,Towers with Radar,0,12,63,0,75,0,0,32,0,32,0,12,95,0,107,4,0,4,111
01/26/2008,SMO,CA,AWP,WE,Towers with Radar,0,19,35,0,54,0,0,123,4,127,0,19,158,4,181,120,0,120,301
01/27/2008,SMO,CA,AWP,WE,Towers with Radar,0,7,33,0,40,0,0,5,0,5,0,7,38,0,45,44,0,44,89
01/28/2008,SMO,CA,AWP,WE,Towers with Radar,0,21,54,0,75,0,0,48,0,48,0,21,102,0,123,28,0,28,151
01/29/2008,SMO,CA,AWP,WE,Towers with Radar,0,25,64,0,89,0,0,136,0,136,0,25,200,0,225,112,0,112,337
01/30/2008,SMO,CA,AWP,WE,Towers with Radar,0,23,38,0,61,0,0,62,0,62,0,23,100,0,123,54,0,54,177
01/31/2008,SMO,CA,AWP,WE,Towers with Radar,0,45,73,0,118,0,0,161,0,161,0,45,234,0,279,96,0,96,375
02/01/2008,SMO,CA,AWP,WE,Towers with Radar,0,49,77,0,126,0,0,142,1,143,0,49,219,1,269,178,0,178,447
02/02/2008,SMO,CA,AWP,WE,Towers with Radar,0,24,64,0,88,0,0,188,0,188,0,24,252,0,276,96,0,96,372
02/03/2008,SMO,CA,AWP,WE,Towers with Radar,0,18,35,0,53,0,0,9,0,9,0,18,44,0,62,0,0,0,62
02/04/2008,SMO,CA,AWP,WE,Towers with Radar,0,41,61,0,102,0,0,90,3,93,0,41,151,3,195,26,0,26,221
02/05/2008,SMO,CA,AWP,WE,Towers with Radar,0,19,54,0,73,0,0,137,0,137,0,19,191,0,210,82,0,82,292
02/06/2008,SMO,CA,AWP,WE,Towers with Radar,0,23,67,0,90,0,0,157,0,157,0,23,224,0,247,168,0,168,415
02/07/2008,SMO,CA,AWP,WE,Towers with Radar,0,38,51,0,89,0,0,174,0,174,0,38,225,0,263,114,0,114,377
02/08/2008,SMO,CA,AWP,WE,Towers with Radar,0,60,62,0,122,0,0,172,0,172,0,60,234,0,294,106,0,106,400
02/09/2008,SMO,CA,AWP,WE,Towers with Radar,0,28,72,0,100,0,1,281,6,288,0,29,353,6,388,116,0,116,504
02/10/2008,SMO,CA,AWP,WE,Towers with Radar,0,40,78,0,118,0,6,224,3,233,0,46,302,3,351,96,0,96,447
02/11/2008,SMO,CA,AWP,WE,Towers with Radar,0,36,60,0,96,0,0,175,0,175,0,36,235,0,271,114,0,114,385
02/12/2008,SMO,CA,AWP,WE,Towers with Radar,0,33,74,0,107,0,0,136,0,136,0,33,210,0,243,130,0,130,373
02/13/2008,SMO,CA,AWP,WE,Towers with Radar,0,25,82,0,107,0,0,11,0,11,0,25,93,0,118,2,0,2,120
02/14/2008,SMO,CA,AWP,WE,Towers with Radar,0,43,60,0,103,0,0,106,1,107,0,43,166,1,210,96,0,96,306
02/15/2008,SMO,CA,AWP,WE,Towers with Radar,0,44,80,0,124,0,0,125,1,126,0,44,205,1,250,82,0,82,332
02/16/2008,SMO,CA,AWP,WE,Towers with Radar,0,32,63,0,95,0,0,239,5,244,0,32,302,5,339,118,0,118,457
02/17/2008,SMO,CA,AWP,WE,Towers with Radar,0,36,76,0,112,0,0,179,0,179,0,36,255,0,291,84,0,84,375
02/18/2008,SMO,CA,AWP,WE,Towers with Radar,0,28,93,0,121,0,0,112,0,112,0,28,205,0,233,98,0,98,331
02/19/2008,SMO,CA,AWP,WE,Towers with Radar,0,34,78,0,112,0,0,30,1,31,0,34,108,1,143,134,0,134,277
02/20/2008,SMO,CA,AWP,WE,Towers with Radar,0,14,52,0,66,0,0,25,0,25,0,14,77,0,91,14,0,14,105
02/21/2008,SMO,CA,AWP,WE,Towers with Radar,0,28,90,0,118,0,0,58,0,58,0,28,148,0,176,202,0,202,378
02/22/2008,SMO,CA,AWP,WE,Towers with Radar,0,31,61,0,92,0,0,24,14,38,0,31,85,14,130,74,0,74,204
02/23/2008,SMO,CA,AWP,WE,Towers with Radar,0,23,43,0,66,0,0,122,0,122,0,23,165,0,188,110,0,110,298
02/24/2008,SMO,CA,AWP,WE,Towers with Radar,0,25,47,0,72,0,0,8,0,8,0,25,55,0,80,6,0,6,86
02/25/2008,SMO,CA,AWP,WE,Towers with Radar,0,27,71,0,98,0,2,124,0,126,0,29,195,0,224,142,0,142,366
02/26/2008,SMO,CA,AWP,WE,Towers with Radar,0,21,77,0,98,0,0,145,0,145,0,21,222,0,243,154,0,154,397
02/27/2008,SMO,CA,AWP,WE,Towers with Radar,0,21,67,0,88,0,0,173,0,173,0,21,240,0,261,180,0,180,441
02/28/2008,SMO,CA,AWP,WE,Towers with Radar,0,25,97,0,122,0,0,74,0,74,0,25,171,0,196,72,0,72,268
02/29/2008,SMO,CA,AWP,WE,Towers with Radar,0,18,132,0,150,0,0,83,0,83,0,18,215,0,233,62,0,62,295
03/01/2008,SMO,CA,AWP,WE,Towers with Radar,0,26,100,0,126,0,0,16,0,16,0,26,116,0,142,32,0,32,174
03/02/2008,SMO,CA,AWP,WE,Towers with Radar,0,27,50,0,77,0,1,167,1,169,0,28,217,1,246,130,0,130,376
03/03/2008,SMO,CA,AWP,WE,Towers with Radar,0,25,42,0,67,0,0,112,1,113,0,25,154,1,180,50,0,50,230
03/04/2008,SMO,CA,AWP,WE,Towers with Radar,0,28,52,0,80,0,0,144,3,147,0,28,196,3,227,170,0,170,397
03/05/2008,SMO,CA,AWP,WE,Towers with Radar,0,33,85,0,118,0,3,169,0,172,0,36,254,0,290,172,0,172,462
03/06/2008,SMO,CA,AWP,WE,Towers with Radar,0,31,52,0,83,0,1,190,0,191,0,32,242,0,274,100,0,100,374
03/07/2008,SMO,CA,AWP,WE,Towers with Radar,0,43,73,0,116,0,0,133,0,133,0,43,206,0,249,128,0,128,377
03/08/2008,SMO,CA,AWP,WE,Towers with Radar,0,18,32,0,50,0,0,240,1,241,0,18,272,1,291,120,0,120,411
03/09/2008,SMO,CA,AWP,WE,Towers with Radar,0,34,43,0,77,0,0,187,0,187,0,34,230,0,264,110,0,110,374
03/10/2008,SMO,CA,AWP,WE,Towers with Radar,0,26,65,0,91,0,0,130,0,130,0,26,195,0,221,154,0,154,375
03/11/2008,SMO,CA,AWP,WE,Towers with Radar,0,30,50,0,80,0,0,178,8,186,0,30,228,8,266,78,0,78,344
03/12/2008,SMO,CA,AWP,WE,Towers with Radar,0,36,71,0,107,0,5,136,0,141,0,41,207,0,248,152,0,152,400
03/13/2008,SMO,CA,AWP,WE,Towers with Radar,0,31,59,1,91,0,0,123,1,124,0,31,182,2,215,148,0,148,363
03/14/2008,SMO,CA,AWP,WE,Towers with Radar,0,45,62,0,107,0,0,113,3,116,0,45,175,3,223,134,0,134,357
03/15/2008,SMO,CA,AWP,WE,Towers with Radar,0,33,49,0,82,0,0,103,0,103,0,33,152,0,185,84,0,84,269
03/16/2008,SMO,CA,AWP,WE,Towers with Radar,0,37,53,0,90,0,0,92,0,92,0,37,145,0,182,82,0,82,264
03/17/2008,SMO,CA,AWP,WE,Towers with Radar,0,28,50,0,78,0,0,85,1,86,0,28,135,1,164,6,0,6,170
03/18/2008,SMO,CA,AWP,WE,Towers with Radar,0,40,68,0,108,0,0,178,3,181,0,40,246,3,289,124,0,124,413
03/19/2008,SMO,CA,AWP,WE,Towers with Radar,0,39,91,0,130,0,0,112,1,113,0,39,203,1,243,172,0,172,415
03/20/2008,SMO,CA,AWP,WE,Towers with Radar,0,37,92,0,129,0,0,109,0,109,0,37,201,0,238,76,0,76,314
03/21/2008,SMO,CA,AWP,WE,Towers with Radar,0,28,63,0,91,0,0,166,2,168,0,28,229,2,259,160,0,160,419
03/22/2008,SMO,CA,AWP,WE,Towers with Radar,0,22,52,0,74,0,1,191,1,193,0,23,243,1,267,130,0,130,397
03/23/2008,SMO,CA,AWP,WE,Towers with Radar,0,22,60,0,82,0,4,195,1,200,0,26,255,1,282,82,0,82,364
03/24/2008,SMO,CA,AWP,WE,Towers with Radar,0,17,58,0,75,0,0,139,4,143,0,17,197,4,218,192,0,192,410
03/25/2008,SMO,CA,AWP,WE,Towers with Radar,0,27,103,0,130,0,0,6,2,8,0,27,109,2,138,0,0,0,138
03/26/2008,SMO,CA,AWP,WE,Towers with Radar,0,28,102,0,130,0,0,70,0,70,0,28,172,0,200,40,0,40,240
03/27/2008,SMO,CA,AWP,WE,Towers with Radar,0,31,85,0,116,0,0,144,0,144,0,31,229,0,260,106,0,106,366
03/28/2008,SMO,CA,AWP,WE,Towers with Radar,0,29,81,0,110,0,0,151,3,154,0,29,232,3,264,128,0,128,392
03/29/2008,SMO,CA,AWP,WE,Towers with Radar,0,24,76,0,100,0,5,111,0,116,0,29,187,0,216,102,0,102,318
03/30/2008,SMO,CA,AWP,WE,Towers with Radar,0,19,89,0,108,0,0,91,0,91,0,19,180,0,199,142,0,142,341
03/31/2008,SMO,CA,AWP,WE,Towers with Radar,0,18,73,0,91,0,0,142,1,143,0,18,215,1,234,166,0,166,400
04/01/2008,SMO,CA,AWP,WE,Towers with Radar,0,14,76,0,90,0,0,62,0,62,0,14,138,0,152,145,0,145,297
04/02/2008,SMO,CA,AWP,WE,Towers with Radar,0,24,47,0,71,0,1,99,0,100,0,25,146,0,171,252,0,252,423
04/03/2008,SMO,CA,AWP,WE,Towers with Radar,0,33,82,0,115,0,1,101,1,103,0,34,183,1,218,90,0,90,308
04/04/2008,SMO,CA,AWP,WE,Towers with Radar,0,30,114,0,144,0,0,83,0,83,0,30,197,0,227,50,0,50,277
04/05/2008,SMO,CA,AWP,WE,Towers with Radar,0,19,86,0,105,0,0,154,3,157,0,19,240,3,262,148,0,148,410
04/06/2008,SMO,CA,AWP,WE,Towers with Radar,0,20,75,0,95,0,2,139,2,143,0,22,214,2,238,156,0,156,394
04/07/2008,SMO,CA,AWP,WE,Towers with Radar,0,29,83,0,112,0,0,133,7,140,0,29,216,7,252,194,0,194,446
04/08/2008,SMO,CA,AWP,WE,Towers with Radar,0,24,73,0,97,0,0,112,2,114,0,24,185,2,211,72,0,72,283
04/09/2008,SMO,CA,AWP,WE,Towers with Radar,0,25,49,0,74,0,0,112,0,112,0,25,161,0,186,136,0,136,322
04/10/2008,SMO,CA,AWP,WE,Towers with Radar,0,26,71,2,99,0,0,181,0,181,0,26,252,2,280,182,0,182,462
04/11/2008,SMO,CA,AWP,WE,Towers with Radar,0,34,68,0,102,0,0,182,0,182,0,34,250,0,284,126,0,126,410
04/12/2008,SMO,CA,AWP,WE,Towers with Radar,0,13,56,0,69,0,0,180,1,181,0,13,236,1,250,124,0,124,374
04/13/2008,SMO,CA,AWP,WE,Towers with Radar,0,16,72,0,88,0,0,180,0,180,0,16,252,0,268,72,0,72,340
04/14/2008,SMO,CA,AWP,WE,Towers with Radar,0,26,72,0,98,0,0,142,0,142,0,26,214,0,240,200,0,200,440
04/15/2008,SMO,CA,AWP,WE,Towers with Radar,0,26,95,0,121,0,2,112,5,119,0,28,207,5,240,248,0,248,488
04/16/2008,SMO,CA,AWP,WE,Towers with Radar,0,38,78,0,116,0,0,131,1,132,0,38,209,1,248,156,0,156,404
04/17/2008,SMO,CA,AWP,WE,Towers with Radar,0,42,87,0,129,0,0,147,1,148,0,42,234,1,277,128,0,128,405
04/18/2008,SMO,CA,AWP,WE,Towers with Radar,0,36,84,0,120,0,0,183,0,183,0,36,267,0,303,132,0,132,435
04/19/2008,SMO,CA,AWP,WE,Towers with Radar,0,27,62,1,90,0,0,102,1,103,0,27,164,2,193,132,0,132,325
04/20/2008,SMO,CA,AWP,WE,Towers with Radar,0,41,66,0,107,0,4,196,2,202,0,45,262,2,309,164,0,164,473
04/21/2008,SMO,CA,AWP,WE,Towers with Radar,0,31,60,0,91,0,0,131,2,133,0,31,191,2,224,181,0,181,405
04/22/2008,SMO,CA,AWP,WE,Towers with Radar,0,32,47,0,79,0,0,131,2,133,0,32,178,2,212,236,0,236,448
04/23/2008,SMO,CA,AWP,WE,Towers with Radar,0,29,69,2,100,0,0,122,1,123,0,29,191,3,223,192,0,192,415
04/24/2008,SMO,CA,AWP,WE,Towers with Radar,0,29,52,0,81,0,0,127,0,127,0,29,179,0,208,116,0,116,324
04/25/2008,SMO,CA,AWP,WE,Towers with Radar,0,27,57,0,84,0,0,198,1,199,0,27,255,1,283,152,0,152,435
04/26/2008,SMO,CA,AWP,WE,Towers with Radar,0,24,42,0,66,0,0,168,0,168,0,24,210,0,234,140,0,140,374
04/27/2008,SMO,CA,AWP,WE,Towers with Radar,0,23,62,0,85,0,1,208,4,213,0,24,270,4,298,128,0,128,426
04/28/2008,SMO,CA,AWP,WE,Towers with Radar,0,21,40,0,61,0,0,128,0,128,0,21,168,0,189,140,0,140,329
04/29/2008,SMO,CA,AWP,WE,Towers with Radar,0,23,78,0,101,0,0,150,0,150,0,23,228,0,251,170,0,170,421
04/30/2008,SMO,CA,AWP,WE,Towers with Radar,0,9,98,0,107,0,0,138,0,138,0,9,236,0,245,168,0,168,413
05/01/2008,SMO,CA,AWP,WE,Towers with Radar,0,19,53,0,72,0,0,185,0,185,0,19,238,0,257,182,0,182,439
05/02/2008,SMO,CA,AWP,WE,Towers with Radar,0,11,68,0,79,0,1,220,0,221,0,12,288,0,300,150,0,150,450
05/03/2008,SMO,CA,AWP,WE,Towers with Radar,0,15,45,0,60,0,0,210,0,210,0,15,255,0,270,120,0,120,390
05/04/2008,SMO,CA,AWP,WE,Towers with Radar,0,27,86,0,113,0,0,128,0,128,0,27,214,0,241,108,0,108,349
05/05/2008,SMO,CA,AWP,WE,Towers with Radar,0,33,68,0,101,0,0,83,1,84,0,33,151,1,185,212,0,212,397
05/06/2008,SMO,CA,AWP,WE,Towers with Radar,0,20,97,0,117,0,2,65,0,67,0,22,162,0,184,72,0,72,256
05/07/2008,SMO,CA,AWP,WE,Towers with Radar,0,30,98,0,128,0,0,74,0,74,0,30,172,0,202,180,0,180,382
05/08/2008,SMO,CA,AWP,WE,Towers with Radar,0,19,69,0,88,0,0,96,0,96,0,19,165,0,184,210,0,210,394
05/09/2008,SMO,CA,AWP,WE,Towers with Radar,0,26,123,0,149,0,0,46,0,46,0,26,169,0,195,36,0,36,231
05/10/2008,SMO,CA,AWP,WE,Towers with Radar,0,21,57,0,78,0,2,113,0,115,0,23,170,0,193,128,0,128,321
05/11/2008,SMO,CA,AWP,WE,Towers with Radar,0,35,51,0,86,0,0,76,0,76,0,35,127,0,162,114,0,114,276
05/12/2008,SMO,CA,AWP,WE,Towers with Radar,0,24,73,0,97,0,0,38,0,38,0,24,111,0,135,58,0,58,193
05/13/2008,SMO,CA,AWP,WE,Towers with Radar,0,11,54,0,65,0,0,142,0,142,0,11,196,0,207,130,0,130,337
05/14/2008,SMO,CA,AWP,WE,Towers with Radar,0,18,55,0,73,0,0,177,0,177,0,18,232,0,250,210,0,210,460
05/15/2008,SMO,CA,AWP,WE,Towers with Radar,0,34,49,0,83,0,0,164,0,164,0,34,213,0,247,150,0,150,397
05/16/2008,SMO,CA,AWP,WE,Towers with Radar,0,34,63,0,97,0,0,204,0,204,0,34,267,0,301,134,0,134,435
05/17/2008,SMO,CA,AWP,WE,Towers with Radar,0,20,57,0,77,0,0,223,2,225,0,20,280,2,302,156,0,156,458
05/18/2008,SMO,CA,AWP,WE,Towers with Radar,0,28,76,0,104,0,0,198,0,198,0,28,274,0,302,114,0,114,416
05/19/2008,SMO,CA,AWP,WE,Towers with Radar,0,27,51,0,78,0,0,148,3,151,0,27,199,3,229,106,0,106,335
05/20/2008,SMO,CA,AWP,WE,Towers with Radar,0,37,105,0,142,0,0,69,2,71,0,37,174,2,213,136,0,136,349
05/21/2008,SMO,CA,AWP,WE,Towers with Radar,0,35,84,0,119,0,0,101,4,105,0,35,185,4,224,114,0,114,338
05/22/2008,SMO,CA,AWP,WE,Towers with Radar,0,44,84,0,128,0,0,100,0,100,0,44,184,0,228,140,0,140,368
05/23/2008,SMO,CA,AWP,WE,Towers with Radar,0,34,68,0,102,0,0,10,1,11,0,34,78,1,113,42,0,42,155
05/24/2008,SMO,CA,AWP,WE,Towers with Radar,0,19,63,0,82,0,0,86,0,86,0,19,149,0,168,148,0,148,316
05/25/2008,SMO,CA,AWP,WE,Towers with Radar,0,10,47,0,57,0,3,88,1,92,0,13,135,1,149,108,0,108,257
05/26/2008,SMO,CA,AWP,WE,Towers with Radar,0,27,76,0,103,0,0,172,2,174,0,27,248,2,277,136,0,136,413
05/27/2008,SMO,CA,AWP,WE,Towers with Radar,0,28,64,0,92,0,0,99,0,99,0,28,163,0,191,154,0,154,345
05/28/2008,SMO,CA,AWP,WE,Towers with Radar,0,37,83,0,120,0,0,122,0,122,0,37,205,0,242,204,0,204,446
05/29/2008,SMO,CA,AWP,WE,Towers with Radar,0,39,59,0,98,0,0,144,0,144,0,39,203,0,242,168,0,168,410
05/30/2008,SMO,CA,AWP,WE,Towers with Radar,0,30,58,0,88,0,0,202,0,202,0,30,260,0,290,198,0,198,488
05/31/2008,SMO,CA,AWP,WE,Towers with Radar,0,17,61,0,78,0,0,165,0,165,0,17,226,0,243,110,0,110,353
06/01/2008,SMO,CA,AWP,WE,Towers with Radar,0,19,54,0,73,0,1,201,0,202,0,20,255,0,275,130,0,130,405
06/02/2008,SMO,CA,AWP,WE,Towers with Radar,0,34,56,0,90,0,0,137,3,140,0,34,193,3,230,156,3,159,389
06/03/2008,SMO,CA,AWP,WE,Towers with Radar,0,21,79,0,100,0,2,76,1,79,0,23,155,1,179,150,0,150,329
06/04/2008,SMO,CA,AWP,WE,Towers with Radar,0,14,87,0,101,0,0,101,0,101,0,14,188,0,202,140,0,140,342
06/05/2008,SMO,CA,AWP,WE,Towers with Radar,0,16,57,0,73,0,0,135,0,135,0,16,192,0,208,214,0,214,422
06/06/2008,SMO,CA,AWP,WE,Towers with Radar,0,29,69,0,98,0,0,171,0,171,0,29,240,0,269,178,0,178,447
06/07/2008,SMO,CA,AWP,WE,Towers with Radar,0,7,44,0,51,0,0,196,0,196,0,7,240,0,247,130,0,130,377
06/08/2008,SMO,CA,AWP,WE,Towers with Radar,0,20,64,0,84,0,0,145,0,145,0,20,209,0,229,102,0,102,331
06/09/2008,SMO,CA,AWP,WE,Towers with Radar,0,23,85,0,108,0,0,92,0,92,0,23,177,0,200,34,0,34,234
06/10/2008,SMO,CA,AWP,WE,Towers with Radar,0,24,97,0,121,0,0,53,0,53,0,24,150,0,174,44,0,44,218
06/11/2008,SMO,CA,AWP,WE,Towers with Radar,0,29,64,0,93,0,0,104,0,104,0,29,168,0,197,250,0,250,447
06/12/2008,SMO,CA,AWP,WE,Towers with Radar,0,32,80,0,112,0,0,114,0,114,0,32,194,0,226,50,0,50,276
06/13/2008,SMO,CA,AWP,WE,Towers with Radar,0,29,129,1,159,0,0,74,1,75,0,29,203,2,234,0,0,0,234
06/14/2008,SMO,CA,AWP,WE,Towers with Radar,0,16,63,0,79,0,2,113,0,115,0,18,176,0,194,54,0,54,248
06/15/2008,SMO,CA,AWP,WE,Towers with Radar,0,21,43,1,65,0,0,167,0,167,0,21,210,1,232,56,0,56,288
06/16/2008,SMO,CA,AWP,WE,Towers with Radar,0,27,56,0,83,0,0,141,0,141,0,27,197,0,224,118,0,118,342
06/17/2008,SMO,CA,AWP,WE,Towers with Radar,0,30,63,0,93,0,0,168,0,168,0,30,231,0,261,140,0,140,401
06/18/2008,SMO,CA,AWP,WE,Towers with Radar,0,20,62,0,82,0,0,185,0,185,0,20,247,0,267,196,0,196,463
06/19/2008,SMO,CA,AWP,WE,Towers with Radar,0,22,44,0,66,0,0,143,0,143,0,22,187,0,209,202,0,202,411
06/20/2008,SMO,CA,AWP,WE,Towers with Radar,0,20,50,0,70,0,0,165,0,165,0,20,215,0,235,100,0,100,335
06/21/2008,SMO,CA,AWP,WE,Towers with Radar,0,10,48,0,58,0,0,182,0,182,0,10,230,0,240,70,0,70,310
06/22/2008,SMO,CA,AWP,WE,Towers with Radar,0,30,61,0,91,0,3,184,0,187,0,33,245,0,278,156,0,156,434
06/23/2008,SMO,CA,AWP,WE,Towers with Radar,0,23,59,0,82,0,0,151,0,151,0,23,210,0,233,150,0,150,383
06/24/2008,SMO,CA,AWP,WE,Towers with Radar,0,25,56,0,81,0,0,150,1,151,0,25,206,1,232,168,0,168,400
06/25/2008,SMO,CA,AWP,WE,Towers with Radar,0,23,74,0,97,0,0,95,3,98,0,23,169,3,195,180,0,180,375
06/26/2008,SMO,CA,AWP,WE,Towers with Radar,0,20,104,0,124,0,0,69,0,69,0,20,173,0,193,195,0,195,388
06/27/2008,SMO,CA,AWP,WE,Towers with Radar,0,31,58,0,89,0,0,97,1,98,0,31,155,1,187,182,0,182,369
06/28/2008,SMO,CA,AWP,WE,Towers with Radar,0,12,65,0,77,0,0,125,0,125,0,12,190,0,202,104,0,104,306
06/29/2008,SMO,CA,AWP,WE,Towers with Radar,0,31,70,0,101,0,0,160,0,160,0,31,230,0,261,128,0,128,389
06/30/2008,SMO,CA,AWP,WE,Towers with Radar,0,17,39,0,56,0,0,141,0,141,0,17,180,0,197,154,0,154,351
07/01/2008,SMO,CA,AWP,WE,Towers with Radar,0,15,49,0,64,0,15,197,2,214,0,30,246,2,278,224,0,224,502
07/02/2008,SMO,CA,AWP,WE,Towers with Radar,0,28,59,0,87,0,2,153,0,155,0,30,212,0,242,136,0,136,378
07/03/2008,SMO,CA,AWP,WE,Towers with Radar,0,17,53,0,70,0,0,178,0,178,0,17,231,0,248,158,0,158,406
07/04/2008,SMO,CA,AWP,WE,Towers with Radar,0,13,21,0,34,0,0,133,2,135,0,13,154,2,169,114,0,114,283
07/05/2008,SMO,CA,AWP,WE,Towers with Radar,0,12,37,0,49,0,0,178,0,178,0,12,215,0,227,108,0,108,335
07/06/2008,SMO,CA,AWP,WE,Towers with Radar,0,22,73,0,95,0,0,82,0,82,0,22,155,0,177,22,0,22,199
07/07/2008,SMO,CA,AWP,WE,Towers with Radar,0,21,85,0,106,0,0,75,0,75,0,21,160,0,181,38,0,38,219
07/08/2008,SMO,CA,AWP,WE,Towers with Radar,0,22,102,0,124,0,0,133,0,133,0,22,235,0,257,12,0,12,269
07/09/2008,SMO,CA,AWP,WE,Towers with Radar,0,29,106,0,135,0,0,45,1,46,0,29,151,1,181,40,0,40,221
07/10/2008,SMO,CA,AWP,WE,Towers with Radar,0,31,69,0,100,0,31,200,0,231,0,62,269,0,331,81,0,81,412
07/11/2008,SMO,CA,AWP,WE,Towers with Radar,0,22,69,0,91,0,0,124,0,124,0,22,193,0,215,170,0,170,385
07/12/2008,SMO,CA,AWP,WE,Towers with Radar,0,10,48,0,58,0,0,154,2,156,0,10,202,2,214,86,0,86,300
07/13/2008,SMO,CA,AWP,WE,Towers with Radar,0,28,53,0,81,0,1,177,0,178,0,29,230,0,259,120,0,120,379
07/14/2008,SMO,CA,AWP,WE,Towers with Radar,0,29,43,0,72,0,31,129,0,160,0,60,172,0,232,182,0,182,414
07/15/2008,SMO,CA,AWP,WE,Towers with Radar,0,23,49,0,72,0,24,157,0,181,0,47,206,0,253,264,0,264,517
07/16/2008,SMO,CA,AWP,WE,Towers with Radar,0,25,76,0,101,0,0,154,0,154,0,25,230,0,255,266,0,266,521
07/17/2008,SMO,CA,AWP,WE,Towers with Radar,0,27,59,0,86,0,0,148,0,148,0,27,207,0,234,186,0,186,420
07/18/2008,SMO,CA,AWP,WE,Towers with Radar,0,28,143,0,171,0,0,17,0,17,0,28,160,0,188,0,0,0,188
07/19/2008,SMO,CA,AWP,WE,Towers with Radar,0,15,81,0,96,0,0,82,0,82,0,15,163,0,178,58,0,58,236
07/20/2008,SMO,CA,AWP,WE,Towers with Radar,0,27,83,0,110,0,0,124,0,124,0,27,207,0,234,198,0,198,432
07/21/2008,SMO,CA,AWP,WE,Towers with Radar,0,25,50,0,75,0,6,185,8,199,0,31,235,8,274,222,0,222,496
07/22/2008,SMO,CA,AWP,WE,Towers with Radar,0,13,64,0,77,0,0,221,0,221,0,13,285,0,298,192,0,192,490
07/23/2008,SMO,CA,AWP,WE,Towers with Radar,0,32,73,0,105,0,0,149,0,149,0,32,222,0,254,264,0,264,518
07/24/2008,SMO,CA,AWP,WE,Towers with Radar,0,24,59,0,83,0,0,148,2,150,0,24,207,2,233,228,0,228,461
07/25/2008,SMO,CA,AWP,WE,Towers with Radar,0,31,64,0,95,0,0,183,0,183,0,31,247,0,278,286,0,286,564
07/26/2008,SMO,CA,AWP,WE,Towers with Radar,0,16,72,0,88,0,0,185,0,185,0,16,257,0,273,78,0,78,351
07/27/2008,SMO,CA,AWP,WE,Towers with Radar,0,26,74,0,100,0,1,179,0,180,0,27,253,0,280,120,0,120,400
07/28/2008,SMO,CA,AWP,WE,Towers with Radar,0,17,64,0,81,0,0,100,1,101,0,17,164,1,182,138,0,138,320
07/29/2008,SMO,CA,AWP,WE,Towers with Radar,0,35,91,0,126,0,1,82,2,85,0,36,173,2,211,100,0,100,311
07/30/2008,SMO,CA,AWP,WE,Towers with Radar,0,25,70,0,95,0,0,122,1,123,0,25,192,1,218,188,0,188,406
07/31/2008,SMO,CA,AWP,WE,Towers with Radar,0,30,81,0,111,0,0,85,0,85,0,30,166,0,196,162,0,162,358
08/01/2008,SMO,CA,AWP,WE,Towers with Radar,0,30,90,0,120,0,0,115,0,115,0,30,205,0,235,214,0,214,449
08/02/2008,SMO,CA,AWP,WE,Towers with Radar,0,14,60,0,74,0,0,125,0,125,0,14,185,0,199,28,0,28,227
08/03/2008,SMO,CA,AWP,WE,Towers with Radar,0,29,59,0,88,0,2,177,0,179,0,31,236,0,267,132,0,132,399
08/04/2008,SMO,CA,AWP,WE,Towers with Radar,0,26,54,0,80,0,0,128,0,128,0,26,182,0,208,220,0,220,428
08/05/2008,SMO,CA,AWP,WE,Towers with Radar,0,17,59,0,76,0,19,244,0,263,0,36,303,0,339,218,0,218,557
08/06/2008,SMO,CA,AWP,WE,Towers with Radar,0,32,55,0,87,0,0,178,0,178,0,32,233,0,265,224,0,224,489
08/07/2008,SMO,CA,AWP,WE,Towers with Radar,0,23,59,0,82,0,23,156,0,179,0,46,215,0,261,190,0,190,451
08/08/2008,SMO,CA,AWP,WE,Towers with Radar,0,33,45,0,78,0,0,145,0,145,0,33,190,0,223,162,0,162,385
08/09/2008,SMO,CA,AWP,WE,Towers with Radar,0,12,35,0,47,0,0,190,0,190,0,12,225,0,237,120,0,120,357
08/10/2008,SMO,CA,AWP,WE,Towers with Radar,0,23,61,0,84,0,0,185,0,185,0,23,246,0,269,156,0,156,425
08/11/2008,SMO,CA,AWP,WE,Towers with Radar,0,26,57,0,83,0,29,153,0,182,0,55,210,0,265,78,0,78,343
08/12/2008,SMO,CA,AWP,WE,Towers with Radar,0,22,51,0,73,0,22,149,0,171,0,44,200,0,244,216,0,216,460
08/13/2008,SMO,CA,AWP,WE,Towers with Radar,0,25,61,0,86,0,0,153,0,153,0,25,214,0,239,196,0,196,435
08/14/2008,SMO,CA,AWP,WE,Towers with Radar,0,26,52,0,78,0,2,156,0,158,0,28,208,0,236,174,0,174,410
08/15/2008,SMO,CA,AWP,WE,Towers with Radar,0,30,41,0,71,0,0,170,0,170,0,30,211,0,241,128,0,128,369
08/16/2008,SMO,CA,AWP,WE,Towers with Radar,0,10,52,0,62,0,0,161,0,161,0,10,213,0,223,124,0,124,347
08/17/2008,SMO,CA,AWP,WE,Towers with Radar,0,38,58,0,96,0,0,174,0,174,0,38,232,0,270,106,0,106,376
08/18/2008,SMO,CA,AWP,WE,Towers with Radar,0,27,74,0,101,0,1,124,0,125,0,28,198,0,226,84,0,84,310
08/19/2008,SMO,CA,AWP,WE,Towers with Radar,0,32,58,0,90,0,32,230,0,262,0,64,288,0,352,140,0,140,492
08/20/2008,SMO,CA,AWP,WE,Towers with Radar,0,19,70,0,89,0,0,165,0,165,0,19,235,0,254,246,0,246,500
08/21/2008,SMO,CA,AWP,WE,Towers with Radar,0,24,71,0,95,0,24,157,0,181,0,48,228,0,276,132,0,132,408
08/22/2008,SMO,CA,AWP,WE,Towers with Radar,0,25,76,0,101,0,0,0,0,0,0,25,76,0,101,50,0,50,151
08/23/2008,SMO,CA,AWP,WE,Towers with Radar,0,20,73,0,93,0,0,114,0,114,0,20,187,0,207,26,0,26,233
08/24/2008,SMO,CA,AWP,WE,Towers with Radar,0,30,74,0,104,0,0,159,1,160,0,30,233,1,264,108,0,108,372
08/25/2008,SMO,CA,AWP,WE,Towers with Radar,0,34,60,0,94,0,34,101,0,135,0,68,161,0,229,186,0,186,415
08/26/2008,SMO,CA,AWP,WE,Towers with Radar,0,18,52,0,70,0,19,210,0,229,0,37,262,0,299,128,0,128,427
08/27/2008,SMO,CA,AWP,WE,Towers with Radar,0,33,79,0,112,0,0,90,0,90,0,33,169,0,202,150,0,150,352
08/28/2008,SMO,CA,AWP,WE,Towers with Radar,0,32,139,0,171,0,32,27,0,59,0,64,166,0,230,6,0,6,236
08/29/2008,SMO,CA,AWP,WE,Towers with Radar,0,25,58,0,83,0,2,176,0,178,0,27,234,0,261,168,0,168,429
08/30/2008,SMO,CA,AWP,WE,Towers with Radar,0,15,54,0,69,0,4,165,0,169,0,19,219,0,238,110,0,110,348
08/31/2008,SMO,CA,AWP,WE,Towers with Radar,0,29,66,0,95,0,0,97,0,97,0,29,163,0,192,32,0,32,224
09/01/2008,SMO,CA,AWP,WE,Towers with Radar,0,26,76,0,102,0,0,123,1,124,0,26,199,1,226,50,0,50,276
09/02/2008,SMO,CA,AWP,WE,Towers with Radar,0,28,54,0,82,0,0,117,0,117,0,28,171,0,199,86,0,86,285
09/03/2008,SMO,CA,AWP,WE,Towers with Radar,0,17,57,0,74,0,0,109,0,109,0,17,166,0,183,96,0,96,279
09/04/2008,SMO,CA,AWP,WE,Towers with Radar,0,11,69,0,80,0,0,154,0,154,0,11,223,0,234,94,0,94,328
09/05/2008,SMO,CA,AWP,WE,Towers with Radar,0,16,66,0,82,0,3,158,0,161,0,19,224,0,243,102,0,102,345
09/06/2008,SMO,CA,AWP,WE,Towers with Radar,0,13,66,0,79,0,0,119,0,119,0,13,185,0,198,8,0,8,206
09/07/2008,SMO,CA,AWP,WE,Towers with Radar,0,24,62,0,86,0,144,0,0,144,0,168,62,0,230,102,0,102,332
09/08/2008,SMO,CA,AWP,WE,Towers with Radar,0,12,65,1,78,0,12,86,5,103,0,24,151,6,181,124,0,124,305
09/09/2008,SMO,CA,AWP,WE,Towers with Radar,0,30,71,0,101,0,0,183,0,183,0,30,254,0,284,156,0,156,440
09/10/2008,SMO,CA,AWP,WE,Towers with Radar,0,32,72,0,104,0,32,114,0,146,0,64,186,0,250,174,0,174,424
09/11/2008,SMO,CA,AWP,WE,Towers with Radar,0,27,86,0,113,0,27,60,0,87,0,54,146,0,200,86,0,86,286
09/12/2008,SMO,CA,AWP,WE,Towers with Radar,0,22,99,0,121,0,0,46,0,46,0,22,145,0,167,140,0,140,307
09/13/2008,SMO,CA,AWP,WE,Towers with Radar,0,27,83,0,110,0,0,88,8,96,0,27,171,8,206,84,0,84,290
09/14/2008,SMO,CA,AWP,WE,Towers with Radar,0,33,72,0,105,0,3,87,0,90,0,36,159,0,195,52,0,52,247
09/15/2008,SMO,CA,AWP,WE,Towers with Radar,0,21,66,0,87,0,22,122,0,144,0,43,188,0,231,170,0,170,401
09/16/2008,SMO,CA,AWP,WE,Towers with Radar,0,19,91,0,110,0,3,235,3,241,0,22,326,3,351,138,0,138,489
09/17/2008,SMO,CA,AWP,WE,Towers with Radar,0,18,82,1,101,0,0,153,0,153,0,18,235,1,254,84,0,84,338
09/18/2008,SMO,CA,AWP,WE,Towers with Radar,0,21,64,0,85,0,21,151,0,172,0,42,215,0,257,106,0,106,363
09/19/2008,SMO,CA,AWP,WE,Towers with Radar,0,11,70,0,81,0,0,176,0,176,0,11,246,0,257,150,0,150,407
09/20/2008,SMO,CA,AWP,WE,Towers with Radar,0,19,34,0,53,0,0,208,0,208,0,19,242,0,261,72,0,72,333
09/21/2008,SMO,CA,AWP,WE,Towers with Radar,0,39,72,0,111,0,172,0,0,172,0,211,72,0,283,168,0,168,451
09/22/2008,SMO,CA,AWP,WE,Towers with Radar,0,26,76,0,102,0,30,133,0,163,0,56,209,0,265,128,0,128,393
09/23/2008,SMO,CA,AWP,WE,Towers with Radar,0,26,63,0,89,0,0,154,2,156,0,26,217,2,245,104,0,104,349
09/24/2008,SMO,CA,AWP,WE,Towers with Radar,0,20,72,0,92,0,0,142,1,143,0,20,214,1,235,200,0,200,435
09/25/2008,SMO,CA,AWP,WE,Towers with Radar,0,19,70,0,89,0,19,141,0,160,0,38,211,0,249,264,0,264,513
09/26/2008,SMO,CA,AWP,WE,Towers with Radar,0,13,59,0,72,0,0,136,0,136,0,13,195,0,208,164,0,164,372
09/27/2008,SMO,CA,AWP,WE,Towers with Radar,0,6,71,0,77,0,0,58,0,58,0,6,129,0,135,0,0,0,135
09/28/2008,SMO,CA,AWP,WE,Towers with Radar,0,11,56,0,67,0,0,0,0,0,0,11,56,0,67,52,0,52,119
09/29/2008,SMO,CA,AWP,WE,Towers with Radar,0,16,38,0,54,0,16,116,0,132,0,32,154,0,186,154,0,154,340
09/30/2008,SMO,CA,AWP,WE,Towers with Radar,0,20,32,0,52,0,2,102,0,104,0,22,134,0,156,172,0,172,328
10/01/2008,SMO,CA,AWP,WE,Towers with Radar,0,25,63,0,88,0,1,226,0,227,0,26,289,0,315,192,0,192,507
10/02/2008,SMO,CA,AWP,WE,Towers with Radar,0,36,82,0,118,0,36,165,0,201,0,72,247,0,319,224,0,224,543
10/03/2008,SMO,CA,AWP,WE,Towers with Radar,0,37,116,0,153,0,0,58,0,58,0,37,174,0,211,10,0,10,221
10/04/2008,SMO,CA,AWP,WE,Towers with Radar,0,12,66,0,78,0,0,24,0,24,0,12,90,0,102,42,0,42,144
10/05/2008,SMO,CA,AWP,WE,Towers with Radar,0,40,62,0,102,0,0,163,0,163,0,40,225,0,265,134,0,134,399
10/06/2008,SMO,CA,AWP,WE,Towers with Radar,0,16,43,0,59,0,16,129,0,145,0,32,172,0,204,82,0,82,286
10/07/2008,SMO,CA,AWP,WE,Towers with Radar,0,22,43,0,65,0,0,134,0,134,0,22,177,0,199,208,0,208,407
10/08/2008,SMO,CA,AWP,WE,Towers with Radar,0,19,55,0,74,0,0,130,0,130,0,19,185,0,204,138,0,138,342
10/09/2008,SMO,CA,AWP,WE,Towers with Radar,0,15,44,0,59,0,15,120,0,135,0,30,164,0,194,162,0,162,356
10/10/2008,SMO,CA,AWP,WE,Towers with Radar,0,16,58,0,74,0,0,0,0,0,0,16,58,0,74,230,0,230,304
10/11/2008,SMO,CA,AWP,WE,Towers with Radar,0,9,37,0,46,0,0,134,0,134,0,9,171,0,180,128,0,128,308
10/12/2008,SMO,CA,AWP,WE,Towers with Radar,0,24,51,0,75,0,0,132,0,132,0,24,183,0,207,72,0,72,279
10/13/2008,SMO,CA,AWP,WE,Towers with Radar,0,14,33,0,47,0,15,99,0,114,0,29,132,0,161,124,0,124,285
10/14/2008,SMO,CA,AWP,WE,Towers with Radar,0,16,38,0,54,0,16,99,0,115,0,32,137,0,169,177,0,177,346
10/15/2008,SMO,CA,AWP,WE,Towers with Radar,0,30,61,0,91,0,0,129,1,130,0,30,190,1,221,152,0,152,373
10/16/2008,SMO,CA,AWP,WE,Towers with Radar,0,32,62,0,94,0,32,113,0,145,0,64,175,0,239,138,0,138,377
10/17/2008,SMO,CA,AWP,WE,Towers with Radar,0,36,73,0,109,0,0,0,0,0,0,36,73,0,109,132,0,132,241
10/18/2008,SMO,CA,AWP,WE,Towers with Radar,0,14,50,0,64,0,0,150,0,150,0,14,200,0,214,136,0,136,350
10/19/2008,SMO,CA,AWP,WE,Towers with Radar,0,30,63,0,93,0,0,128,0,128,0,30,191,0,221,38,0,38,259
10/20/2008,SMO,CA,AWP,WE,Towers with Radar,0,27,59,0,86,0,0,0,0,0,0,27,59,0,86,84,0,84,170
10/21/2008,SMO,CA,AWP,WE,Towers with Radar,0,16,64,0,80,0,0,194,2,196,0,16,258,2,276,140,0,140,416
10/22/2008,SMO,CA,AWP,WE,Towers with Radar,0,13,48,0,61,0,13,176,0,189,0,26,224,0,250,226,0,226,476
10/23/2008,SMO,CA,AWP,WE,Towers with Radar,0,35,80,0,115,0,0,108,0,108,0,35,188,0,223,174,0,174,397
10/24/2008,SMO,CA,AWP,WE,Towers with Radar,0,25,54,0,79,0,0,0,0,0,0,25,54,0,79,136,0,136,215
10/25/2008,SMO,CA,AWP,WE,Towers with Radar,0,13,46,0,59,0,0,59,0,59,0,13,105,0,118,78,0,78,196
10/26/2008,SMO,CA,AWP,WE,Towers with Radar,0,28,73,1,102,0,2,138,1,141,0,30,211,2,243,108,0,108,351
10/27/2008,SMO,CA,AWP,WE,Towers with Radar,0,19,60,0,79,0,20,132,0,152,0,39,192,0,231,138,0,138,369
10/28/2008,SMO,CA,AWP,WE,Towers with Radar,0,31,52,0,83,0,0,151,3,154,0,31,203,3,237,178,0,178,415
10/29/2008,SMO,CA,AWP,WE,Towers with Radar,0,13,59,0,72,0,13,144,0,157,0,26,203,0,229,156,0,156,385
10/30/2008,SMO,CA,AWP,WE,Towers with Radar,0,22,69,0,91,0,22,126,0,148,0,44,195,0,239,122,0,122,361
10/31/2008,SMO,CA,AWP,WE,Towers with Radar,0,21,51,0,72,0,0,127,0,127,0,21,178,0,199,190,0,190,389
11/01/2008,SMO,CA,AWP,WE,Towers with Radar,0,15,40,0,55,0,0,96,0,96,0,15,136,0,151,150,0,150,301
11/02/2008,SMO,CA,AWP,WE,Towers with Radar,0,10,55,0,65,0,4,84,2,90,0,14,139,2,155,132,0,132,287
11/03/2008,SMO,CA,AWP,WE,Towers with Radar,0,11,63,0,74,0,0,78,0,78,0,11,141,0,152,264,0,264,416
11/04/2008,SMO,CA,AWP,WE,Towers with Radar,0,12,80,0,92,0,0,99,3,102,0,12,179,3,194,206,0,206,400
11/05/2008,SMO,CA,AWP,WE,Towers with Radar,0,24,39,0,63,0,0,143,0,143,0,24,182,0,206,194,0,194,400
11/06/2008,SMO,CA,AWP,WE,Towers with Radar,0,28,59,0,87,0,28,130,0,158,0,56,189,0,245,162,0,162,407
11/07/2008,SMO,CA,AWP,WE,Towers with Radar,0,39,59,0,98,0,0,183,0,183,0,39,242,0,281,192,0,192,473
11/08/2008,SMO,CA,AWP,WE,Towers with Radar,0,12,62,0,74,0,2,232,0,234,0,14,294,0,308,132,0,132,440
11/09/2008,SMO,CA,AWP,WE,Towers with Radar,0,22,48,0,70,0,0,76,2,78,0,22,124,2,148,80,0,80,228
11/10/2008,SMO,CA,AWP,WE,Towers with Radar,0,23,57,0,80,0,0,138,0,138,0,23,195,0,218,194,0,194,412
11/11/2008,SMO,CA,AWP,WE,Towers with Radar,0,12,62,0,74,0,0,139,0,139,0,12,201,0,213,180,0,180,393
11/12/2008,SMO,CA,AWP,WE,Towers with Radar,0,23,47,0,70,0,0,140,0,140,0,23,187,0,210,126,0,126,336
11/13/2008,SMO,CA,AWP,WE,Towers with Radar,0,21,54,0,75,0,0,145,0,145,0,21,199,0,220,210,0,210,430
11/14/2008,SMO,CA,AWP,WE,Towers with Radar,0,16,67,0,83,0,0,156,0,156,0,16,223,0,239,280,0,280,519
11/15/2008,SMO,CA,AWP,WE,Towers with Radar,0,13,45,0,58,0,0,136,4,140,0,13,181,4,198,120,0,120,318
11/16/2008,SMO,CA,AWP,WE,Towers with Radar,0,17,50,0,67,0,0,138,11,149,0,17,188,11,216,94,0,94,310
11/17/2008,SMO,CA,AWP,WE,Towers with Radar,0,8,54,0,62,0,0,122,0,122,0,8,176,0,184,208,0,208,392
11/18/2008,SMO,CA,AWP,WE,Towers with Radar,0,23,65,0,88,0,0,215,1,216,0,23,280,1,304,190,0,190,494
11/19/2008,SMO,CA,AWP,WE,Towers with Radar,0,20,43,0,63,0,0,160,0,160,0,20,203,0,223,194,0,194,417
11/20/2008,SMO,CA,AWP,WE,Towers with Radar,0,29,54,0,83,0,0,127,0,127,0,29,181,0,210,192,0,192,402
11/21/2008,SMO,CA,AWP,WE,Towers with Radar,0,34,63,0,97,0,0,156,0,156,0,34,219,0,253,132,0,132,385
11/22/2008,SMO,CA,AWP,WE,Towers with Radar,0,18,47,0,65,0,0,196,2,198,0,18,243,2,263,124,0,124,387
11/23/2008,SMO,CA,AWP,WE,Towers with Radar,0,21,67,0,88,0,0,82,0,82,0,21,149,0,170,72,0,72,242
11/24/2008,SMO,CA,AWP,WE,Towers with Radar,0,13,38,0,51,0,2,102,0,104,0,15,140,0,155,198,0,198,353
11/25/2008,SMO,CA,AWP,WE,Towers with Radar,0,30,75,0,105,0,0,64,0,64,0,30,139,0,169,158,0,158,327
11/26/2008,SMO,CA,AWP,WE,Towers with Radar,0,18,78,0,96,0,18,20,0,38,0,36,98,0,134,102,0,102,236
11/27/2008,SMO,CA,AWP,WE,Towers with Radar,0,5,21,0,26,0,0,43,0,43,0,5,64,0,69,34,0,34,103
11/28/2008,SMO,CA,AWP,WE,Towers with Radar,0,9,46,0,55,0,0,68,0,68,0,9,114,0,123,194,0,194,317
11/29/2008,SMO,CA,AWP,WE,Towers with Radar,0,15,63,0,78,0,0,100,0,100,0,15,163,0,178,88,0,88,266
11/30/2008,SMO,CA,AWP,WE,Towers with Radar,0,21,72,0,93,0,0,94,0,94,0,21,166,0,187,24,0,24,211
12/01/2008,SMO,CA,AWP,WE,Towers with Radar,0,14,43,0,57,0,0,58,1,59,0,14,101,1,116,42,0,42,158
12/02/2008,SMO,CA,AWP,WE,Towers with Radar,0,18,112,0,130,0,0,2,0,2,0,18,114,0,132,0,0,0,132
12/03/2008,SMO,CA,AWP,WE,Towers with Radar,0,25,93,0,118,0,0,60,0,60,0,25,153,0,178,56,0,56,234
12/04/2008,SMO,CA,AWP,WE,Towers with Radar,0,22,51,0,73,0,0,71,0,71,0,22,122,0,144,246,0,246,390
12/05/2008,SMO,CA,AWP,WE,Towers with Radar,0,22,62,0,84,0,0,116,0,116,0,22,178,0,200,186,0,186,386
12/06/2008,SMO,CA,AWP,WE,Towers with Radar,0,6,48,0,54,0,0,197,0,197,0,6,245,0,251,80,0,80,331
12/07/2008,SMO,CA,AWP,WE,Towers with Radar,0,13,65,0,78,0,0,145,0,145,0,13,210,0,223,118,0,118,341
12/08/2008,SMO,CA,AWP,WE,Towers with Radar,0,20,64,0,84,0,0,62,2,64,0,20,126,2,148,224,0,224,372
12/09/2008,SMO,CA,AWP,WE,Towers with Radar,0,18,44,0,62,0,1,82,0,83,0,19,126,0,145,270,0,270,415
12/10/2008,SMO,CA,AWP,WE,Towers with Radar,0,12,51,0,63,0,13,172,0,185,0,25,223,0,248,150,0,150,398
12/11/2008,SMO,CA,AWP,WE,Towers with Radar,0,18,51,0,69,0,18,153,0,171,0,36,204,0,240,102,0,102,342
12/12/2008,SMO,CA,AWP,WE,Towers with Radar,0,18,55,0,73,0,0,110,0,110,0,18,165,0,183,94,0,94,277
12/13/2008,SMO,CA,AWP,WE,Towers with Radar,0,3,32,0,35,0,2,30,0,32,0,5,62,0,67,56,0,56,123
12/14/2008,SMO,CA,AWP,WE,Towers with Radar,0,14,46,0,60,0,0,164,1,165,0,14,210,1,225,102,0,102,327
12/15/2008,SMO,CA,AWP,WE,Towers with Radar,0,9,29,0,38,0,0,9,0,9,0,9,38,0,47,6,1,7,54
12/16/2008,SMO,CA,AWP,WE,Towers with Radar,0,10,76,0,86,0,0,68,0,68,0,10,144,0,154,50,0,50,204
12/17/2008,SMO,CA,AWP,WE,Towers with Radar,0,16,37,0,53,0,16,15,0,31,0,32,52,0,84,150,0,150,234
12/18/2008,SMO,CA,AWP,WE,Towers with Radar,0,21,50,0,71,0,21,104,0,125,0,42,154,0,196,136,0,136,332
12/19/2008,SMO,CA,AWP,WE,Towers with Radar,0,23,51,0,74,0,0,117,0,117,0,23,168,0,191,126,0,126,317
12/20/2008,SMO,CA,AWP,WE,Towers with Radar,0,16,46,0,62,0,2,165,0,167,0,18,211,0,229,76,0,76,305
12/21/2008,SMO,CA,AWP,WE,Towers with Radar,0,36,39,0,75,0,5,169,0,174,0,41,208,0,249,44,0,44,293
12/22/2008,SMO,CA,AWP,WE,Towers with Radar,0,8,45,0,53,0,0,0,0,0,0,8,45,0,53,28,0,28,81
12/23/2008,SMO,CA,AWP,WE,Towers with Radar,0,23,56,0,79,0,0,98,0,98,0,23,154,0,177,102,0,102,279
12/24/2008,SMO,CA,AWP,WE,Towers with Radar,0,15,28,0,43,0,0,41,0,41,0,15,69,0,84,70,0,70,154
12/25/2008,SMO,CA,AWP,WE,Towers with Radar,0,7,6,0,13,0,0,2,0,2,0,7,8,0,15,2,0,2,17
12/26/2008,SMO,CA,AWP,WE,Towers with Radar,0,13,32,0,45,0,0,61,0,61,0,13,93,0,106,46,0,46,152
12/27/2008,SMO,CA,AWP,WE,Towers with Radar,0,10,41,0,51,0,0,141,0,141,0,10,182,0,192,46,0,46,238
12/28/2008,SMO,CA,AWP,WE,Towers with Radar,0,17,36,0,53,0,0,194,0,194,0,17,230,0,247,66,0,66,313
12/29/2008,SMO,CA,AWP,WE,Towers with Radar,0,15,42,0,57,0,0,128,0,128,0,15,170,0,185,190,0,190,375
12/30/2008,SMO,CA,AWP,WE,Towers with Radar,0,16,36,0,52,0,0,212,0,212,0,16,248,0,264,98,0,98,362
12/31/2008,SMO,CA,AWP,WE,Towers with Radar,0,10,37,0,47,0,0,39,0,39,0,10,76,0,86,34,0,34,120
01/01/2009,SMO,CA,AWP,WE,Towers with Radar,0,10,24,0,34,0,10,22,0,32,0,20,46,0,66,40,0,40,106
01/02/2009,SMO,CA,AWP,WE,Towers with Radar,0,3,36,0,39,0,0,0,0,0,0,3,36,0,39,0,0,0,39
01/03/2009,SMO,CA,AWP,WE,Towers with Radar,0,16,52,0,68,0,0,110,0,110,0,16,162,0,178,126,0,126,304
01/04/2009,SMO,CA,AWP,WE,Towers with Radar,0,22,44,0,66,0,0,41,0,41,0,22,85,0,107,88,0,88,195
01/05/2009,SMO,CA,AWP,WE,Towers with Radar,0,12,42,0,54,0,2,101,0,103,0,14,143,0,157,100,0,100,257
01/06/2009,SMO,CA,AWP,WE,Towers with Radar,0,0,0,0,0,0,0,101,0,101,0,0,101,0,101,100,0,100,201
01/07/2009,SMO,CA,AWP,WE,Towers with Radar,0,19,34,0,53,0,19,158,0,177,0,38,192,0,230,174,0,174,404
01/08/2009,SMO,CA,AWP,WE,Towers with Radar,0,11,71,0,82,0,0,91,0,91,0,11,162,0,173,100,0,100,273
01/09/2009,SMO,CA,AWP,WE,Towers with Radar,0,21,64,0,85,0,0,0,0,0,0,21,64,0,85,148,0,148,233
01/10/2009,SMO,CA,AWP,WE,Towers with Radar,0,9,37,0,46,0,0,148,0,148,0,9,185,0,194,112,0,112,306
01/11/2009,SMO,CA,AWP,WE,Towers with Radar,0,14,39,0,53,0,0,182,0,182,0,14,221,0,235,74,0,74,309
01/12/2009,SMO,CA,AWP,WE,Towers with Radar,0,12,58,0,70,0,1,145,2,148,0,13,203,2,218,204,0,204,422
01/13/2009,SMO,CA,AWP,WE,Towers with Radar,0,17,45,0,62,0,0,119,0,119,0,17,164,0,181,178,0,178,359
01/14/2009,SMO,CA,AWP,WE,Towers with Radar,0,15,55,0,70,0,15,145,0,160,0,30,200,0,230,114,0,114,344
01/15/2009,SMO,CA,AWP,WE,Towers with Radar,0,20,61,0,81,0,0,151,0,151,0,20,212,0,232,72,0,72,304
01/16/2009,SMO,CA,AWP,WE,Towers with Radar,0,23,53,0,76,0,0,159,0,159,0,23,212,0,235,140,0,140,375
01/17/2009,SMO,CA,AWP,WE,Towers with Radar,0,13,39,0,52,0,0,0,0,0,0,13,39,0,52,94,0,94,146
01/18/2009,SMO,CA,AWP,WE,Towers with Radar,0,15,42,0,57,0,0,188,0,188,0,15,230,0,245,24,0,24,269
01/19/2009,SMO,CA,AWP,WE,Towers with Radar,0,28,59,0,87,0,0,177,0,177,0,28,236,0,264,138,0,138,402
01/20/2009,SMO,CA,AWP,WE,Towers with Radar,0,10,53,0,63,0,11,173,1,185,0,21,226,1,248,128,0,128,376
01/21/2009,SMO,CA,AWP,WE,Towers with Radar,0,19,54,0,73,0,19,102,0,121,0,38,156,0,194,130,0,130,324
01/22/2009,SMO,CA,AWP,WE,Towers with Radar,0,13,77,0,90,0,0,49,0,49,0,13,126,0,139,70,0,70,209
01/23/2009,SMO,CA,AWP,WE,Towers with Radar,0,9,84,0,93,0,0,10,0,10,0,9,94,0,103,16,0,16,119
01/24/2009,SMO,CA,AWP,WE,Towers with Radar,0,7,76,0,83,0,0,29,5,34,0,7,105,5,117,12,0,12,129
01/25/2009,SMO,CA,AWP,WE,Towers with Radar,0,19,71,0,90,0,1,111,0,112,0,20,182,0,202,102,0,102,304
01/26/2009,SMO,CA,AWP,WE,Towers with Radar,0,23,50,0,73,0,1,96,0,97,0,24,146,0,170,162,0,162,332
01/27/2009,SMO,CA,AWP,WE,Towers with Radar,0,15,53,0,68,0,0,116,0,116,0,15,169,0,184,194,0,194,378
01/28/2009,SMO,CA,AWP,WE,Towers with Radar,0,9,35,0,44,0,1,104,5,110,0,10,139,5,154,176,0,176,330
01/29/2009,SMO,CA,AWP,WE,Towers with Radar,0,26,47,0,73,0,0,123,0,123,0,26,170,0,196,158,0,158,354
01/30/2009,SMO,CA,AWP,WE,Towers with Radar,0,29,52,0,81,0,29,155,0,184,0,58,207,0,265,232,0,232,497
01/31/2009,SMO,CA,AWP,WE,Towers with Radar,0,12,40,0,52,0,0,215,0,215,0,12,255,0,267,166,0,166,433
02/01/2009,SMO,CA,AWP,WE,Towers with Radar,0,22,57,1,80,0,2,167,0,169,0,24,224,1,249,82,0,82,331
02/02/2009,SMO,CA,AWP,WE,Towers with Radar,0,15,41,0,56,0,0,121,0,121,0,15,162,0,177,142,0,142,319
02/03/2009,SMO,CA,AWP,WE,Towers with Radar,0,20,37,0,57,0,3,191,0,194,0,23,228,0,251,182,0,182,433
02/04/2009,SMO,CA,AWP,WE,Towers with Radar,0,21,56,0,77,0,0,170,0,170,0,21,226,0,247,160,0,160,407
02/05/2009,SMO,CA,AWP,WE,Towers with Radar,0,19,56,0,75,0,0,18,1,19,0,19,74,1,94,68,0,68,162
02/06/2009,SMO,CA,AWP,WE,Towers with Radar,0,14,52,0,66,0,0,5,0,5,0,14,57,0,71,22,0,22,93
02/07/2009,SMO,CA,AWP,WE,Towers with Radar,0,11,23,0,34,0,0,63,0,63,0,11,86,0,97,128,0,128,225
02/08/2009,SMO,CA,AWP,WE,Towers with Radar,0,14,49,0,63,0,0,56,0,56,0,14,105,0,119,130,0,130,249
02/09/2009,SMO,CA,AWP,WE,Towers with Radar,0,20,31,0,51,0,0,22,0,22,0,20,53,0,73,62,0,62,135
02/10/2009,SMO,CA,AWP,WE,Towers with Radar,0,18,56,0,74,0,0,165,0,165,0,18,221,0,239,124,0,124,363
02/11/2009,SMO,CA,AWP,WE,Towers with Radar,0,25,56,0,81,0,0,105,0,105,0,25,161,0,186,156,0,156,342
02/12/2009,SMO,CA,AWP,WE,Towers with Radar,0,40,75,0,115,0,0,132,0,132,0,40,207,0,247,160,0,160,407
02/13/2009,SMO,CA,AWP,WE,Towers with Radar,0,30,52,0,82,0,0,22,0,22,0,30,74,0,104,126,0,126,230
02/14/2009,SMO,CA,AWP,WE,Towers with Radar,0,19,32,0,51,0,0,169,0,169,0,19,201,0,220,102,0,102,322
02/15/2009,SMO,CA,AWP,WE,Towers with Radar,0,26,47,0,73,0,0,123,0,123,0,26,170,0,196,114,0,114,310
02/16/2009,SMO,CA,AWP,WE,Towers with Radar,0,15,32,0,47,0,1,15,0,16,0,16,47,0,63,4,0,4,67
02/17/2009,SMO,CA,AWP,WE,Towers with Radar,0,17,67,0,84,0,20,118,0,138,0,37,185,0,222,126,0,126,348
02/18/2009,SMO,CA,AWP,WE,Towers with Radar,0,18,69,0,87,0,0,165,0,165,0,18,234,0,252,216,0,216,468
02/19/2009,SMO,CA,AWP,WE,Towers with Radar,0,18,80,2,100,0,0,154,0,154,0,18,234,2,254,190,0,190,444
02/20/2009,SMO,CA,AWP,WE,Towers with Radar,0,26,60,0,86,0,0,181,0,181,0,26,241,0,267,252,0,252,519
02/21/2009,SMO,CA,AWP,WE,Towers with Radar,0,13,56,0,69,0,0,161,0,161,0,13,217,0,230,144,0,144,374
02/22/2009,SMO,CA,AWP,WE,Towers with Radar,0,32,67,0,99,0,0,125,0,125,0,32,192,0,224,100,0,100,324
02/23/2009,SMO,CA,AWP,WE,Towers with Radar,0,11,49,0,60,0,8,98,0,106,0,19,147,0,166,148,0,148,314
02/24/2009,SMO,CA,AWP,WE,Towers with Radar,0,21,0,0,21,0,0,101,0,101,0,21,101,0,122,128,0,128,250
02/25/2009,SMO,CA,AWP,WE,Towers with Radar,0,29,65,0,94,0,0,117,0,117,0,29,182,0,211,156,0,156,367
02/26/2009,SMO,CA,AWP,WE,Towers with Radar,0,24,58,0,82,0,0,147,0,147,0,24,205,0,229,210,0,210,439
02/27/2009,SMO,CA,AWP,WE,Towers with Radar,0,31,75,0,106,0,0,125,0,125,0,31,200,0,231,192,0,192,423
02/28/2009,SMO,CA,AWP,WE,Towers with Radar,0,21,41,0,62,0,0,185,0,185,0,21,226,0,247,114,0,114,361
03/01/2009,SMO,CA,AWP,WE,Towers with Radar,0,18,61,0,79,0,0,197,5,202,0,18,258,5,281,114,0,114,395
03/02/2009,SMO,CA,AWP,WE,Towers with Radar,0,8,40,0,48,0,0,79,0,79,0,8,119,0,127,246,0,246,373
03/03/2009,SMO,CA,AWP,WE,Towers with Radar,0,14,48,0,62,0,14,187,2,203,0,28,235,2,265,182,0,182,447
03/04/2009,SMO,CA,AWP,WE,Towers with Radar,0,28,78,0,106,0,0,30,0,30,0,28,108,0,136,62,0,62,198
03/05/2009,SMO,CA,AWP,WE,Towers with Radar,0,16,56,0,72,0,0,134,0,134,0,16,190,0,206,80,0,80,286
03/06/2009,SMO,CA,AWP,WE,Towers with Radar,0,14,45,0,59,0,0,120,0,120,0,14,165,0,179,126,0,126,305
03/07/2009,SMO,CA,AWP,WE,Towers with Radar,0,11,42,0,53,0,0,155,0,155,0,11,197,0,208,96,0,96,304
03/08/2009,SMO,CA,AWP,WE,Towers with Radar,0,15,74,0,89,0,0,175,0,175,0,15,249,0,264,106,0,106,370
03/09/2009,SMO,CA,AWP,WE,Towers with Radar,0,18,78,0,96,0,0,85,0,85,0,18,163,0,181,108,0,108,289
03/10/2009,SMO,CA,AWP,WE,Towers with Radar,0,27,54,0,81,0,1,136,0,137,0,28,190,0,218,164,0,164,382
03/11/2009,SMO,CA,AWP,WE,Towers with Radar,0,14,83,0,97,0,0,91,0,91,0,14,174,0,188,112,0,112,300
03/12/2009,SMO,CA,AWP,WE,Towers with Radar,0,18,60,0,78,0,0,141,0,141,0,18,201,0,219,92,0,92,311
03/13/2009,SMO,CA,AWP,WE,Towers with Radar,0,31,64,0,95,0,0,153,0,153,0,31,217,0,248,104,0,104,352
03/14/2009,SMO,CA,AWP,WE,Towers with Radar,0,8,55,0,63,0,0,61,0,61,0,8,116,0,124,114,0,114,238
03/15/2009,SMO,CA,AWP,WE,Towers with Radar,0,17,70,0,87,0,0,0,0,0,0,17,70,0,87,150,0,150,237
03/16/2009,SMO,CA,AWP,WE,Towers with Radar,0,17,37,0,54,0,0,117,0,117,0,17,154,0,171,166,0,166,337
03/17/2009,SMO,CA,AWP,WE,Towers with Radar,0,26,68,0,94,0,27,203,2,232,0,53,271,2,326,234,0,234,560
03/18/2009,SMO,CA,AWP,WE,Towers with Radar,0,18,54,0,72,0,0,73,0,73,0,18,127,0,145,72,0,72,217
03/19/2009,SMO,CA,AWP,WE,Towers with Radar,0,10,37,0,47,0,0,0,0,0,0,10,37,0,47,0,0,0,47
03/20/2009,SMO,CA,AWP,WE,Towers with Radar,0,32,138,0,170,0,0,12,0,12,0,32,150,0,182,0,0,0,182
03/21/2009,SMO,CA,AWP,WE,Towers with Radar,0,7,75,0,82,0,0,86,0,86,0,7,161,0,168,166,0,166,334
03/22/2009,SMO,CA,AWP,WE,Towers with Radar,0,11,30,0,41,0,0,41,0,41,0,11,71,0,82,50,0,50,132
03/23/2009,SMO,CA,AWP,WE,Towers with Radar,0,25,48,2,75,0,0,89,0,89,0,25,137,2,164,26,0,26,190
03/24/2009,SMO,CA,AWP,WE,Towers with Radar,0,18,48,0,66,0,0,159,2,161,0,18,207,2,227,240,0,240,467
03/25/2009,SMO,CA,AWP,WE,Towers with Radar,0,26,65,0,91,0,0,172,0,172,0,26,237,0,263,192,0,192,455
03/26/2009,SMO,CA,AWP,WE,Towers with Radar,0,15,61,0,76,0,0,77,2,79,0,15,138,2,155,0,142,142,297
03/27/2009,SMO,CA,AWP,WE,Towers with Radar,0,37,55,0,92,0,0,163,0,163,0,37,218,0,255,198,0,198,453
03/28/2009,SMO,CA,AWP,WE,Towers with Radar,0,18,40,0,58,0,0,220,0,220,0,18,260,0,278,170,0,170,448
03/29/2009,SMO,CA,AWP,WE,Towers with Radar,0,19,78,0,97,0,0,84,3,87,0,19,162,3,184,166,0,166,350
03/30/2009,SMO,CA,AWP,WE,Towers with Radar,0,16,39,0,55,0,2,126,0,128,0,18,165,0,183,166,0,166,349
03/31/2009,SMO,CA,AWP,WE,Towers with Radar,0,18,38,0,56,0,18,38,0,56,0,36,76,0,112,216,0,216,328
04/01/2009,SMO,CA,AWP,WE,Towers with Radar,0,18,74,0,92,0,0,131,0,131,0,18,205,0,223,126,0,126,349
04/02/2009,SMO,CA,AWP,WE,Towers with Radar,0,17,87,0,104,0,0,34,0,34,0,17,121,0,138,252,0,252,390
04/03/2009,SMO,CA,AWP,WE,Towers with Radar,0,28,57,0,85,0,0,108,0,108,0,28,165,0,193,122,0,122,315
04/04/2009,SMO,CA,AWP,WE,Towers with Radar,0,9,38,0,47,0,0,0,0,0,0,9,38,0,47,106,0,106,153
04/05/2009,SMO,CA,AWP,WE,Towers with Radar,0,25,47,0,72,0,3,186,0,189,0,28,233,0,261,82,1,83,344
04/06/2009,SMO,CA,AWP,WE,Towers with Radar,0,15,45,0,60,0,4,126,0,130,0,19,171,0,190,146,0,146,336
04/07/2009,SMO,CA,AWP,WE,Towers with Radar,0,12,60,0,72,0,0,79,0,79,0,12,139,0,151,152,0,152,303
04/08/2009,SMO,CA,AWP,WE,Towers with Radar,0,11,50,0,61,0,0,77,0,77,0,11,127,0,138,124,0,124,262
04/09/2009,SMO,CA,AWP,WE,Towers with Radar,0,21,68,0,89,0,0,98,0,98,0,21,166,0,187,0,162,162,349
04/10/2009,SMO,CA,AWP,WE,Towers with Radar,0,18,61,0,79,0,0,84,0,84,0,18,145,0,163,236,0,236,399
04/11/2009,SMO,CA,AWP,WE,Towers with Radar,0,10,50,0,60,0,0,135,0,135,0,10,185,0,195,140,0,140,335
04/12/2009,SMO,CA,AWP,WE,Towers with Radar,0,22,60,0,82,0,0,180,0,180,0,22,240,0,262,105,0,105,367
04/13/2009,SMO,CA,AWP,WE,Towers with Radar,0,18,59,1,78,0,2,102,0,104,0,20,161,1,182,128,2,130,312
04/14/2009,SMO,CA,AWP,WE,Towers with Radar,0,16,62,0,78,0,0,43,0,43,0,16,105,0,121,148,0,148,269
04/15/2009,SMO,CA,AWP,WE,Towers with Radar,0,15,40,0,55,0,0,71,0,71,0,15,111,0,126,30,0,30,156
04/16/2009,SMO,CA,AWP,WE,Towers with Radar,0,17,61,0,78,0,0,151,0,151,0,17,212,0,229,134,0,134,363
04/17/2009,SMO,CA,AWP,WE,Towers with Radar,0,21,49,0,70,0,0,172,0,172,0,21,221,0,242,168,0,168,410
04/18/2009,SMO,CA,AWP,WE,Towers with Radar,0,12,54,0,66,0,0,177,0,177,0,12,231,0,243,74,0,74,317
04/19/2009,SMO,CA,AWP,WE,Towers with Radar,0,17,64,0,81,0,1,190,0,191,0,18,254,0,272,120,0,120,392
04/20/2009,SMO,CA,AWP,WE,Towers with Radar,0,13,54,0,67,0,1,120,0,121,0,14,174,0,188,132,0,132,320
04/21/2009,SMO,CA,AWP,WE,Towers with Radar,0,15,49,0,64,0,0,122,0,122,0,15,171,0,186,186,0,186,372
04/22/2009,SMO,CA,AWP,WE,Towers with Radar,0,16,71,0,87,0,0,85,0,85,0,16,156,0,172,92,0,92,264
04/23/2009,SMO,CA,AWP,WE,Towers with Radar,0,15,94,0,109,0,0,34,0,34,0,15,128,0,143,88,0,88,231
04/24/2009,SMO,CA,AWP,WE,Towers with Radar,0,17,73,0,90,0,0,90,0,90,0,17,163,0,180,166,0,166,346
04/25/2009,SMO,CA,AWP,WE,Towers with Radar,0,9,31,0,40,0,0,145,0,145,0,9,176,0,185,106,0,106,291
04/26/2009,SMO,CA,AWP,WE,Towers with Radar,0,13,59,0,72,0,0,175,0,175,0,13,234,0,247,100,0,100,347
04/27/2009,SMO,CA,AWP,WE,Towers with Radar,0,12,94,0,106,0,0,65,0,65,0,12,159,0,171,202,0,202,373
04/28/2009,SMO,CA,AWP,WE,Towers with Radar,0,23,61,0,84,0,0,113,0,113,0,23,174,0,197,208,0,208,405
04/29/2009,SMO,CA,AWP,WE,Towers with Radar,0,20,84,0,104,0,0,182,0,182,0,20,266,0,286,164,0,164,450
04/30/2009,SMO,CA,AWP,WE,Towers with Radar,0,20,55,0,75,0,0,131,0,131,0,20,186,0,206,188,0,188,394
05/01/2009,SMO,CA,AWP,WE,Towers with Radar,0,30,76,0,106,0,0,0,0,0,0,30,76,0,106,192,0,192,298
05/02/2009,SMO,CA,AWP,WE,Towers with Radar,0,16,70,0,86,0,0,90,0,90,0,16,160,0,176,56,0,56,232
05/03/2009,SMO,CA,AWP,WE,Towers with Radar,0,22,73,0,95,0,0,158,0,158,0,22,231,0,253,106,0,106,359
05/04/2009,SMO,CA,AWP,WE,Towers with Radar,0,17,55,0,72,0,1,92,0,93,0,18,147,0,165,238,0,238,403
05/05/2009,SMO,CA,AWP,WE,Towers with Radar,0,20,49,0,69,0,1,116,0,117,0,21,165,0,186,186,0,186,372
05/06/2009,SMO,CA,AWP,WE,Towers with Radar,0,23,36,0,59,0,0,123,0,123,0,23,159,0,182,166,0,166,348
05/07/2009,SMO,CA,AWP,WE,Towers with Radar,0,19,58,2,79,0,0,141,0,141,0,19,199,2,220,166,0,166,386
05/08/2009,SMO,CA,AWP,WE,Towers with Radar,0,23,76,0,99,0,0,153,0,153,0,23,229,0,252,140,0,140,392
05/09/2009,SMO,CA,AWP,WE,Towers with Radar,0,12,59,0,71,0,0,71,0,71,0,12,130,0,142,56,0,56,198
05/10/2009,SMO,CA,AWP,WE,Towers with Radar,0,19,76,0,95,0,0,80,0,80,0,19,156,0,175,106,0,106,281
05/11/2009,SMO,CA,AWP,WE,Towers with Radar,0,16,71,0,87,0,0,45,0,45,0,16,116,0,132,72,0,72,204
05/12/2009,SMO,CA,AWP,WE,Towers with Radar,0,24,69,0,93,0,0,67,0,67,0,24,136,0,160,168,0,168,328
05/13/2009,SMO,CA,AWP,WE,Towers with Radar,0,17,82,0,99,0,0,141,0,141,0,17,223,0,240,156,0,156,396
05/14/2009,SMO,CA,AWP,WE,Towers with Radar,0,18,70,0,88,0,0,126,0,126,0,18,196,0,214,196,0,196,410
05/15/2009,SMO,CA,AWP,WE,Towers with Radar,0,20,102,2,124,0,0,38,0,38,0,20,140,2,162,36,0,36,198
05/16/2009,SMO,CA,AWP,WE,Towers with Radar,0,17,88,0,105,0,0,0,0,0,0,17,88,0,105,2,0,2,107
05/17/2009,SMO,CA,AWP,WE,Towers with Radar,0,19,85,0,104,0,0,38,0,38,0,19,123,0,142,10,0,10,152
05/18/2009,SMO,CA,AWP,WE,Towers with Radar,0,12,76,0,88,0,1,34,0,35,0,13,110,0,123,32,0,32,155
05/19/2009,SMO,CA,AWP,WE,Towers with Radar,0,33,70,0,103,0,0,79,1,80,0,33,149,1,183,104,0,104,287
05/20/2009,SMO,CA,AWP,WE,Towers with Radar,0,9,70,0,79,0,0,157,0,157,0,9,227,0,236,152,0,152,388
05/21/2009,SMO,CA,AWP,WE,Towers with Radar,0,16,62,0,78,0,0,138,0,138,0,16,200,0,216,170,0,170,386
05/22/2009,SMO,CA,AWP,WE,Towers with Radar,0,28,67,0,95,0,0,110,0,110,0,28,177,0,205,154,0,154,359
05/23/2009,SMO,CA,AWP,WE,Towers with Radar,0,10,52,0,62,0,0,176,0,176,0,10,228,0,238,104,0,104,342
05/24/2009,SMO,CA,AWP,WE,Towers with Radar,0,25,57,0,82,0,0,97,1,98,0,25,154,1,180,26,0,26,206
05/25/2009,SMO,CA,AWP,WE,Towers with Radar,0,21,56,0,77,0,0,123,0,123,0,21,179,0,200,84,0,84,284
05/26/2009,SMO,CA,AWP,WE,Towers with Radar,0,14,57,0,71,0,0,95,0,95,0,14,152,0,166,170,0,170,336
05/27/2009,SMO,CA,AWP,WE,Towers with Radar,0,13,46,0,59,0,0,18,0,18,0,13,64,0,77,100,0,100,177
05/28/2009,SMO,CA,AWP,WE,Towers with Radar,0,19,97,0,116,0,0,52,0,52,0,19,149,0,168,70,0,70,238
05/29/2009,SMO,CA,AWP,WE,Towers with Radar,0,12,110,0,122,0,0,44,0,44,0,12,154,0,166,158,0,158,324
05/30/2009,SMO,CA,AWP,WE,Towers with Radar,0,5,59,0,64,0,0,69,0,69,0,5,128,0,133,68,0,68,201
05/31/2009,SMO,CA,AWP,WE,Towers with Radar,0,20,87,0,107,0,0,57,0,57,0,20,144,0,164,84,0,84,248
06/01/2009,SMO,CA,AWP,WE,Towers with Radar,0,7,85,0,92,0,0,30,0,30,0,7,115,0,122,140,0,140,262
06/02/2009,SMO,CA,AWP,WE,Towers with Radar,0,16,59,0,75,0,0,101,0,101,0,16,160,0,176,142,0,142,318
06/03/2009,SMO,CA,AWP,WE,Towers with Radar,0,23,76,0,99,0,0,64,0,64,0,23,140,0,163,82,0,82,245
06/04/2009,SMO,CA,AWP,WE,Towers with Radar,0,21,82,0,103,0,0,104,0,104,0,21,186,0,207,166,0,166,373
06/05/2009,SMO,CA,AWP,WE,Towers with Radar,0,23,72,0,95,0,0,46,0,46,0,23,118,0,141,74,0,74,215
06/06/2009,SMO,CA,AWP,WE,Towers with Radar,0,15,42,0,57,0,0,98,0,98,0,15,140,0,155,116,0,116,271
06/07/2009,SMO,CA,AWP,WE,Towers with Radar,0,15,47,0,62,0,0,166,0,166,0,15,213,0,228,104,0,104,332
06/08/2009,SMO,CA,AWP,WE,Towers with Radar,0,26,77,0,103,0,1,64,0,65,0,27,141,0,168,102,0,102,270
06/09/2009,SMO,CA,AWP,WE,Towers with Radar,0,29,80,0,109,0,0,62,0,62,0,29,142,0,171,244,0,244,415
06/10/2009,SMO,CA,AWP,WE,Towers with Radar,0,17,75,0,92,0,0,69,0,69,0,17,144,0,161,212,0,212,373
06/11/2009,SMO,CA,AWP,WE,Towers with Radar,0,29,68,0,97,0,0,61,0,61,0,29,129,0,158,142,0,142,300
06/12/2009,SMO,CA,AWP,WE,Towers with Radar,0,29,93,0,122,0,0,46,0,46,0,29,139,0,168,226,0,226,394
06/13/2009,SMO,CA,AWP,WE,Towers with Radar,0,12,55,0,67,0,0,92,0,92,0,12,147,0,159,120,0,120,279
06/14/2009,SMO,CA,AWP,WE,Towers with Radar,0,24,79,0,103,0,1,107,0,108,0,25,186,0,211,52,0,52,263
06/15/2009,SMO,CA,AWP,WE,Towers with Radar,0,21,40,0,61,0,0,84,0,84,0,21,124,0,145,198,0,198,343
06/16/2009,SMO,CA,AWP,WE,Towers with Radar,0,13,50,0,63,0,0,99,0,99,0,13,149,0,162,146,0,146,308
06/17/2009,SMO,CA,AWP,WE,Towers with Radar,0,25,65,0,90,0,0,149,0,149,0,25,214,0,239,198,0,198,437
06/18/2009,SMO,CA,AWP,WE,Towers with Radar,0,27,46,0,73,0,0,97,2,99,0,27,143,2,172,170,0,170,342
06/19/2009,SMO,CA,AWP,WE,Towers with Radar,0,22,122,0,144,0,0,24,0,24,0,22,146,0,168,36,0,36,204
06/20/2009,SMO,CA,AWP,WE,Towers with Radar,0,20,65,0,85,0,0,63,0,63,0,20,128,0,148,104,0,104,252
06/21/2009,SMO,CA,AWP,WE,Towers with Radar,0,23,42,0,65,0,0,149,0,149,0,23,191,0,214,92,0,92,306
06/22/2009,SMO,CA,AWP,WE,Towers with Radar,0,13,47,0,60,0,0,124,0,124,0,13,171,0,184,180,0,180,364
06/23/2009,SMO,CA,AWP,WE,Towers with Radar,0,16,58,0,74,0,0,117,3,120,0,16,175,3,194,194,0,194,388
06/24/2009,SMO,CA,AWP,WE,Towers with Radar,0,22,54,0,76,0,0,81,0,81,0,22,135,0,157,156,0,156,313
06/25/2009,SMO,CA,AWP,WE,Towers with Radar,0,19,92,0,111,0,0,66,0,66,0,19,158,0,177,45,0,45,222
06/26/2009,SMO,CA,AWP,WE,Towers with Radar,0,20,90,0,110,0,0,97,0,97,0,20,187,0,207,132,0,132,339
06/27/2009,SMO,CA,AWP,WE,Towers with Radar,0,14,48,0,62,0,0,141,0,141,0,14,189,0,203,132,0,132,335
06/28/2009,SMO,CA,AWP,WE,Towers with Radar,0,12,56,0,68,0,0,115,0,115,0,12,171,0,183,122,0,122,305
06/29/2009,SMO,CA,AWP,WE,Towers with Radar,0,8,62,2,72,0,0,62,0,62,0,8,124,2,134,8,0,8,142
06/30/2009,SMO,CA,AWP,WE,Towers with Radar,0,9,98,2,109,0,0,61,0,61,0,9,159,2,170,20,0,20,190
07/01/2009,SMO,CA,AWP,WE,Towers with Radar,0,18,58,0,76,0,0,133,0,133,0,18,191,0,209,200,0,200,409
07/02/2009,SMO,CA,AWP,WE,Towers with Radar,0,26,66,0,92,0,0,125,0,125,0,26,191,0,217,40,0,40,257
07/03/2009,SMO,CA,AWP,WE,Towers with Radar,0,15,99,0,114,0,0,92,0,92,0,15,191,0,206,2,0,2,208
07/04/2009,SMO,CA,AWP,WE,Towers with Radar,0,7,29,0,36,0,0,88,0,88,0,7,117,0,124,36,0,36,160
07/05/2009,SMO,CA,AWP,WE,Towers with Radar,0,20,55,0,75,0,1,155,0,156,0,21,210,0,231,76,0,76,307
07/06/2009,SMO,CA,AWP,WE,Towers with Radar,0,23,51,0,74,0,0,100,0,100,0,23,151,0,174,238,0,238,412
07/07/2009,SMO,CA,AWP,WE,Towers with Radar,0,15,50,0,65,0,0,129,0,129,0,15,179,0,194,182,0,182,376
07/08/2009,SMO,CA,AWP,WE,Towers with Radar,0,18,53,0,71,0,0,117,0,117,0,18,170,0,188,178,0,178,366
07/09/2009,SMO,CA,AWP,WE,Towers with Radar,0,20,60,0,80,0,0,133,0,133,0,20,193,0,213,126,0,126,339
07/10/2009,SMO,CA,AWP,WE,Towers with Radar,0,18,54,0,72,0,0,132,0,132,0,18,186,0,204,222,0,222,426
07/11/2009,SMO,CA,AWP,WE,Towers with Radar,0,16,56,0,72,0,0,204,0,204,0,16,260,0,276,136,2,138,414
07/12/2009,SMO,CA,AWP,WE,Towers with Radar,0,20,54,0,74,0,0,162,0,162,0,20,216,0,236,154,0,154,390
07/13/2009,SMO,CA,AWP,WE,Towers with Radar,0,25,42,0,67,0,0,100,0,100,0,25,142,0,167,170,0,170,337
07/14/2009,SMO,CA,AWP,WE,Towers with Radar,0,14,53,0,67,0,0,137,0,137,0,14,190,0,204,250,0,250,454
07/15/2009,SMO,CA,AWP,WE,Towers with Radar,0,21,59,0,80,0,0,141,2,143,0,21,200,2,223,188,0,188,411
07/16/2009,SMO,CA,AWP,WE,Towers with Radar,0,16,78,0,94,0,0,161,0,161,0,16,239,0,255,248,0,248,503
07/17/2009,SMO,CA,AWP,WE,Towers with Radar,0,30,63,0,93,0,0,174,0,174,0,30,237,0,267,248,0,248,515
07/18/2009,SMO,CA,AWP,WE,Towers with Radar,0,9,41,0,50,0,0,168,0,168,0,9,209,0,218,194,0,194,412
07/19/2009,SMO,CA,AWP,WE,Towers with Radar,0,19,60,0,79,0,0,174,0,174,0,19,234,0,253,144,0,144,397
07/20/2009,SMO,CA,AWP,WE,Towers with Radar,0,24,34,0,58,0,0,113,0,113,0,24,147,0,171,112,0,112,283
07/21/2009,SMO,CA,AWP,WE,Towers with Radar,0,23,31,0,54,0,0,137,5,142,0,23,168,5,196,210,0,210,406
07/22/2009,SMO,CA,AWP,WE,Towers with Radar,0,33,49,0,82,0,0,145,0,145,0,33,194,0,227,284,0,284,511
07/23/2009,SMO,CA,AWP,WE,Towers with Radar,0,24,53,0,77,0,0,143,0,143,0,24,196,0,220,230,0,230,450
07/24/2009,SMO,CA,AWP,WE,Towers with Radar,0,29,66,0,95,0,0,134,0,134,0,29,200,0,229,196,0,196,425
07/25/2009,SMO,CA,AWP,WE,Towers with Radar,0,9,47,0,56,0,0,146,0,146,0,9,193,0,202,36,0,36,238
07/26/2009,SMO,CA,AWP,WE,Towers with Radar,0,22,71,0,93,0,0,134,1,135,0,22,205,1,228,60,0,60,288
07/27/2009,SMO,CA,AWP,WE,Towers with Radar,0,17,94,0,111,0,0,53,0,53,0,17,147,0,164,52,0,52,216
07/28/2009,SMO,CA,AWP,WE,Towers with Radar,0,13,65,0,78,0,0,109,0,109,0,13,174,0,187,222,0,222,409
07/29/2009,SMO,CA,AWP,WE,Towers with Radar,0,28,70,0,98,0,0,89,0,89,0,28,159,0,187,110,0,110,297
07/30/2009,SMO,CA,AWP,WE,Towers with Radar,0,17,66,0,83,0,0,90,0,90,0,17,156,0,173,78,0,78,251
07/31/2009,SMO,CA,AWP,WE,Towers with Radar,0,27,64,0,91,0,0,102,0,102,0,27,166,0,193,136,0,136,329
08/01/2009,SMO,CA,AWP,WE,Towers with Radar,0,18,45,0,63,0,1,123,0,124,0,19,168,0,187,28,0,28,215
08/02/2009,SMO,CA,AWP,WE,Towers with Radar,0,11,43,0,54,0,0,44,2,46,0,11,87,2,100,2,0,2,102
08/03/2009,SMO,CA,AWP,WE,Towers with Radar,0,11,42,1,54,0,1,119,0,120,0,12,161,1,174,148,0,148,322
08/04/2009,SMO,CA,AWP,WE,Towers with Radar,0,7,38,0,45,0,0,159,0,159,0,7,197,0,204,174,0,174,378
08/05/2009,SMO,CA,AWP,WE,Towers with Radar,0,16,53,0,69,0,0,145,0,145,0,16,198,0,214,224,0,224,438
08/06/2009,SMO,CA,AWP,WE,Towers with Radar,0,13,53,2,68,0,0,108,0,108,0,13,161,2,176,260,0,260,436
08/07/2009,SMO,CA,AWP,WE,Towers with Radar,0,21,59,1,81,0,0,127,1,128,0,21,186,2,209,192,0,192,401
08/08/2009,SMO,CA,AWP,WE,Towers with Radar,0,15,38,0,53,0,0,0,0,0,0,15,38,0,53,106,0,106,159
08/09/2009,SMO,CA,AWP,WE,Towers with Radar,0,14,68,0,82,0,0,154,0,154,0,14,222,0,236,32,0,32,268
08/10/2009,SMO,CA,AWP,WE,Towers with Radar,0,18,57,0,75,0,1,88,0,89,0,19,145,0,164,86,0,86,250
08/11/2009,SMO,CA,AWP,WE,Towers with Radar,0,17,81,2,100,0,0,62,0,62,0,17,143,2,162,40,0,40,202
08/12/2009,SMO,CA,AWP,WE,Towers with Radar,0,11,65,0,76,0,0,77,0,77,0,11,142,0,153,50,0,50,203
08/13/2009,SMO,CA,AWP,WE,Towers with Radar,0,9,82,0,91,0,0,80,0,80,0,9,162,0,171,80,0,80,251
08/14/2009,SMO,CA,AWP,WE,Towers with Radar,0,19,79,0,98,0,0,130,0,130,0,19,209,0,228,178,0,178,406
08/15/2009,SMO,CA,AWP,WE,Towers with Radar,0,13,50,0,63,0,0,93,0,93,0,13,143,0,156,200,0,200,356
08/16/2009,SMO,CA,AWP,WE,Towers with Radar,0,27,83,0,110,0,4,128,0,132,0,31,211,0,242,56,0,56,298
08/17/2009,SMO,CA,AWP,WE,Towers with Radar,0,6,72,0,78,0,0,48,0,48,0,6,120,0,126,72,0,72,198
08/18/2009,SMO,CA,AWP,WE,Towers with Radar,0,15,80,1,96,0,0,39,0,39,0,15,119,1,135,22,0,22,157
08/19/2009,SMO,CA,AWP,WE,Towers with Radar,0,23,87,0,110,0,0,83,2,85,0,23,170,2,195,154,0,154,349
08/20/2009,SMO,CA,AWP,WE,Towers with Radar,0,20,76,0,96,0,0,91,2,93,0,20,167,2,189,70,0,70,259
08/21/2009,SMO,CA,AWP,WE,Towers with Radar,0,23,70,0,93,0,0,0,0,0,0,23,70,0,93,214,0,214,307
08/22/2009,SMO,CA,AWP,WE,Towers with Radar,0,10,50,0,60,0,0,145,0,145,0,10,195,0,205,78,0,78,283
08/23/2009,SMO,CA,AWP,WE,Towers with Radar,0,18,54,0,72,0,0,163,0,163,0,18,217,0,235,100,0,100,335
08/24/2009,SMO,CA,AWP,WE,Towers with Radar,0,15,38,0,53,0,0,128,0,128,0,15,166,0,181,52,0,52,233
08/25/2009,SMO,CA,AWP,WE,Towers with Radar,0,24,48,0,72,0,0,119,0,119,0,24,167,0,191,240,0,240,431
08/26/2009,SMO,CA,AWP,WE,Towers with Radar,0,19,58,0,77,0,1,123,0,124,0,20,181,0,201,218,0,218,419
08/27/2009,SMO,CA,AWP,WE,Towers with Radar,0,30,56,0,86,0,0,122,2,124,0,30,178,2,210,210,0,210,420
08/28/2009,SMO,CA,AWP,WE,Towers with Radar,0,17,59,0,76,0,0,134,0,134,0,17,193,0,210,172,0,172,382
08/29/2009,SMO,CA,AWP,WE,Towers with Radar,0,15,44,0,59,0,0,157,0,157,0,15,201,0,216,88,0,88,304
08/30/2009,SMO,CA,AWP,WE,Towers with Radar,0,9,57,0,66,0,0,173,0,173,0,9,230,0,239,96,0,96,335
08/31/2009,SMO,CA,AWP,WE,Towers with Radar,0,19,29,0,48,0,0,140,0,140,0,19,169,0,188,206,0,206,394
09/01/2009,SMO,CA,AWP,WE,Towers with Radar,0,12,27,0,39,0,2,119,2,123,0,14,146,2,162,324,0,324,486
09/02/2009,SMO,CA,AWP,WE,Towers with Radar,0,29,53,0,82,0,3,160,0,163,0,32,213,0,245,230,0,230,475
09/03/2009,SMO,CA,AWP,WE,Towers with Radar,0,20,52,0,72,0,0,124,0,124,0,20,176,0,196,246,0,246,442
09/04/2009,SMO,CA,AWP,WE,Towers with Radar,0,19,66,0,85,0,0,0,0,0,0,19,66,0,85,166,0,166,251
09/05/2009,SMO,CA,AWP,WE,Towers with Radar,0,18,49,0,67,0,0,170,0,170,0,18,219,0,237,154,0,154,391
09/06/2009,SMO,CA,AWP,WE,Towers with Radar,0,15,40,1,56,0,0,163,0,163,0,15,203,1,219,94,0,94,313
09/07/2009,SMO,CA,AWP,WE,Towers with Radar,0,20,74,0,94,0,0,163,0,163,0,20,237,0,257,92,0,92,349
09/08/2009,SMO,CA,AWP,WE,Towers with Radar,0,13,55,0,68,0,0,89,0,89,0,13,144,0,157,164,0,164,321
09/09/2009,SMO,CA,AWP,WE,Towers with Radar,0,26,53,0,79,0,0,163,0,163,0,26,216,0,242,134,0,134,376
09/10/2009,SMO,CA,AWP,WE,Towers with Radar,0,25,61,0,86,0,0,113,1,114,0,25,174,1,200,262,0,262,462
09/11/2009,SMO,CA,AWP,WE,Towers with Radar,0,23,49,0,72,0,0,135,0,135,0,23,184,0,207,146,0,146,353
09/12/2009,SMO,CA,AWP,WE,Towers with Radar,0,11,78,0,89,0,0,98,0,98,0,11,176,0,187,0,0,0,187
09/13/2009,SMO,CA,AWP,WE,Towers with Radar,0,18,60,0,78,0,0,76,0,76,0,18,136,0,154,166,0,166,320
09/14/2009,SMO,CA,AWP,WE,Towers with Radar,0,12,81,0,93,0,0,63,0,63,0,12,144,0,156,88,0,88,244
09/15/2009,SMO,CA,AWP,WE,Towers with Radar,0,15,36,0,51,0,2,147,0,149,0,17,183,0,200,200,0,200,400
09/16/2009,SMO,CA,AWP,WE,Towers with Radar,0,24,62,0,86,0,120,0,0,120,0,144,62,0,206,104,0,104,310
09/17/2009,SMO,CA,AWP,WE,Towers with Radar,0,18,35,0,53,0,0,116,0,116,0,18,151,0,169,168,0,168,337
09/18/2009,SMO,CA,AWP,WE,Towers with Radar,0,18,53,0,71,0,0,0,0,0,0,18,53,0,71,70,0,70,141
09/19/2009,SMO,CA,AWP,WE,Towers with Radar,0,8,47,0,55,0,0,106,0,106,0,8,153,0,161,50,0,50,211
09/20/2009,SMO,CA,AWP,WE,Towers with Radar,0,25,57,0,82,0,2,140,0,142,0,27,197,0,224,38,0,38,262
09/21/2009,SMO,CA,AWP,WE,Towers with Radar,0,27,57,0,84,0,1,82,0,83,0,28,139,0,167,102,0,102,269
09/22/2009,SMO,CA,AWP,WE,Towers with Radar,0,22,43,0,65,0,0,98,1,99,0,22,141,1,164,272,0,272,436
09/23/2009,SMO,CA,AWP,WE,Towers with Radar,0,21,57,0,78,0,0,136,0,136,0,21,193,0,214,154,0,154,368
09/24/2009,SMO,CA,AWP,WE,Towers with Radar,0,20,56,0,76,0,0,140,0,140,0,20,196,0,216,118,0,118,334
09/25/2009,SMO,CA,AWP,WE,Towers with Radar,0,30,47,0,77,0,0,149,0,149,0,30,196,0,226,118,0,118,344
09/26/2009,SMO,CA,AWP,WE,Towers with Radar,0,9,60,0,69,0,0,55,1,56,0,9,115,1,125,36,0,36,161
09/27/2009,SMO,CA,AWP,WE,Towers with Radar,0,21,73,0,94,0,0,83,0,83,0,21,156,0,177,12,0,12,189
09/28/2009,SMO,CA,AWP,WE,Towers with Radar,0,6,61,1,68,0,8,33,0,41,0,14,94,1,109,14,0,14,123
09/29/2009,SMO,CA,AWP,WE,Towers with Radar,0,17,62,0,79,0,2,51,3,56,0,19,113,3,135,31,0,31,166
09/30/2009,SMO,CA,AWP,WE,Towers with Radar,0,18,58,0,76,0,0,120,1,121,0,18,178,1,197,262,0,262,459
10/01/2009,SMO,CA,AWP,WE,Towers with Radar,0,22,60,0,82,0,0,139,0,139,0,22,199,0,221,202,0,202,423
10/02/2009,SMO,CA,AWP,WE,Towers with Radar,0,18,63,0,81,0,0,134,0,134,0,18,197,0,215,172,0,172,387
10/03/2009,SMO,CA,AWP,WE,Towers with Radar,0,11,47,0,58,0,0,124,0,124,0,11,171,0,182,68,0,68,250
10/04/2009,SMO,CA,AWP,WE,Towers with Radar,0,26,54,0,80,0,0,85,0,85,0,26,139,0,165,72,0,72,237
10/05/2009,SMO,CA,AWP,WE,Towers with Radar,0,24,53,0,77,0,0,88,0,88,0,24,141,0,165,76,0,76,241
10/06/2009,SMO,CA,AWP,WE,Towers with Radar,0,25,46,0,71,0,0,106,0,106,0,25,152,0,177,230,0,230,407
10/07/2009,SMO,CA,AWP,WE,Towers with Radar,0,14,68,1,83,0,1,105,2,108,0,15,173,3,191,73,0,73,264
10/08/2009,SMO,CA,AWP,WE,Towers with Radar,0,25,65,0,90,0,0,132,0,132,0,25,197,0,222,84,0,84,306
10/09/2009,SMO,CA,AWP,WE,Towers with Radar,0,25,57,0,82,0,0,75,0,75,0,25,132,0,157,146,0,146,303
10/10/2009,SMO,CA,AWP,WE,Towers with Radar,0,12,39,0,51,0,0,109,0,109,0,12,148,0,160,170,0,170,330
10/11/2009,SMO,CA,AWP,WE,Towers with Radar,0,21,90,0,111,0,0,111,0,111,0,21,201,0,222,160,0,160,382
10/12/2009,SMO,CA,AWP,WE,Towers with Radar,0,18,78,0,96,0,0,55,0,55,0,18,133,0,151,120,0,120,271
10/13/2009,SMO,CA,AWP,WE,Towers with Radar,0,14,43,0,57,0,0,14,0,14,0,14,57,0,71,40,0,40,111
10/14/2009,SMO,CA,AWP,WE,Towers with Radar,0,10,56,0,66,0,0,3,0,3,0,10,59,0,69,0,0,0,69
10/15/2009,SMO,CA,AWP,WE,Towers with Radar,0,14,79,1,94,0,0,90,0,90,0,14,169,1,184,112,0,112,296
10/16/2009,SMO,CA,AWP,WE,Towers with Radar,0,20,59,0,79,0,0,181,0,181,0,20,240,0,260,184,0,184,444
10/17/2009,SMO,CA,AWP,WE,Towers with Radar,0,16,41,0,57,0,0,151,0,151,0,16,192,0,208,114,0,114,322
10/18/2009,SMO,CA,AWP,WE,Towers with Radar,0,15,104,0,119,0,0,39,0,39,0,15,143,0,158,24,0,24,182
10/19/2009,SMO,CA,AWP,WE,Towers with Radar,0,17,75,0,92,0,1,36,1,38,0,18,111,1,130,60,0,60,190
10/20/2009,SMO,CA,AWP,WE,Towers with Radar,0,14,51,0,65,0,0,123,6,129,0,14,174,6,194,226,0,226,420
10/21/2009,SMO,CA,AWP,WE,Towers with Radar,0,15,61,0,76,0,1,155,0,156,0,16,216,0,232,144,0,144,376
10/22/2009,SMO,CA,AWP,WE,Towers with Radar,0,22,78,0,100,0,1,108,0,109,0,23,186,0,209,64,0,64,273
10/23/2009,SMO,CA,AWP,WE,Towers with Radar,0,21,63,0,84,0,0,144,0,144,0,21,207,0,228,132,0,132,360
10/24/2009,SMO,CA,AWP,WE,Towers with Radar,0,5,59,0,64,0,0,120,0,120,0,5,179,0,184,50,0,50,234
10/25/2009,SMO,CA,AWP,WE,Towers with Radar,0,18,98,0,116,0,0,68,0,68,0,18,166,0,184,52,0,52,236
10/26/2009,SMO,CA,AWP,WE,Towers with Radar,0,20,64,0,84,0,2,114,1,117,0,22,178,1,201,126,0,126,327
10/27/2009,SMO,CA,AWP,WE,Towers with Radar,0,20,44,0,64,0,1,63,2,66,0,21,107,2,130,64,0,64,194
10/28/2009,SMO,CA,AWP,WE,Towers with Radar,0,20,44,0,64,0,0,107,0,107,0,20,151,0,171,54,0,54,225
10/29/2009,SMO,CA,AWP,WE,Towers with Radar,0,15,37,0,52,0,0,140,0,140,0,15,177,0,192,194,0,194,386
10/30/2009,SMO,CA,AWP,WE,Towers with Radar,0,19,43,0,62,0,0,152,0,152,0,19,195,0,214,116,0,116,330
10/31/2009,SMO,CA,AWP,WE,Towers with Radar,0,9,38,0,47,0,0,152,0,152,0,9,190,0,199,76,0,76,275
11/01/2009,SMO,CA,AWP,WE,Towers with Radar,0,18,52,0,70,0,0,164,0,164,0,18,216,0,234,104,0,104,338
11/02/2009,SMO,CA,AWP,WE,Towers with Radar,0,9,47,0,56,0,1,91,0,92,0,10,138,0,148,90,0,90,238
11/03/2009,SMO,CA,AWP,WE,Towers with Radar,0,6,52,0,58,0,0,66,0,66,0,6,118,0,124,120,0,120,244
11/04/2009,SMO,CA,AWP,WE,Towers with Radar,0,13,46,0,59,0,0,107,0,107,0,13,153,0,166,80,0,80,246
11/05/2009,SMO,CA,AWP,WE,Towers with Radar,0,17,82,0,99,0,0,98,0,98,0,17,180,0,197,76,0,76,273
11/06/2009,SMO,CA,AWP,WE,Towers with Radar,0,23,60,0,83,0,0,114,0,114,0,23,174,0,197,108,0,108,305
11/07/2009,SMO,CA,AWP,WE,Towers with Radar,0,7,58,0,65,0,0,87,0,87,0,7,145,0,152,14,0,14,166
11/08/2009,SMO,CA,AWP,WE,Towers with Radar,0,22,65,0,87,0,2,121,0,123,0,24,186,0,210,58,0,58,268
11/09/2009,SMO,CA,AWP,WE,Towers with Radar,0,14,35,0,49,0,1,98,2,101,0,15,133,2,150,110,0,110,260
11/10/2009,SMO,CA,AWP,WE,Towers with Radar,0,18,52,0,70,0,0,136,0,136,0,18,188,0,206,180,0,180,386
11/11/2009,SMO,CA,AWP,WE,Towers with Radar,0,16,56,0,72,0,0,123,0,123,0,16,179,0,195,170,0,170,365
11/12/2009,SMO,CA,AWP,WE,Towers with Radar,0,23,48,0,71,0,0,102,0,102,0,23,150,0,173,120,0,120,293
11/13/2009,SMO,CA,AWP,WE,Towers with Radar,0,21,78,0,99,0,0,128,0,128,0,21,206,0,227,102,0,102,329
11/14/2009,SMO,CA,AWP,WE,Towers with Radar,0,12,37,3,52,0,0,159,1,160,0,12,196,4,212,80,0,80,292
11/15/2009,SMO,CA,AWP,WE,Towers with Radar,0,22,81,0,103,0,1,150,0,151,0,23,231,0,254,28,0,28,282
11/16/2009,SMO,CA,AWP,WE,Towers with Radar,0,7,55,0,62,0,0,133,0,133,0,7,188,0,195,122,0,122,317
11/17/2009,SMO,CA,AWP,WE,Towers with Radar,0,9,57,0,66,0,0,132,0,132,0,9,189,0,198,198,0,198,396
11/18/2009,SMO,CA,AWP,WE,Towers with Radar,0,13,68,0,81,0,0,140,4,144,0,13,208,4,225,158,0,158,383
11/19/2009,SMO,CA,AWP,WE,Towers with Radar,0,19,65,0,84,0,0,156,0,156,0,19,221,0,240,206,0,206,446
11/20/2009,SMO,CA,AWP,WE,Towers with Radar,0,26,51,0,77,0,0,112,0,112,0,26,163,0,189,152,0,152,341
11/21/2009,SMO,CA,AWP,WE,Towers with Radar,0,10,51,0,61,0,0,149,0,149,0,10,200,0,210,158,0,158,368
11/22/2009,SMO,CA,AWP,WE,Towers with Radar,0,7,61,0,68,0,0,165,0,165,0,7,226,0,233,26,0,26,259
11/23/2009,SMO,CA,AWP,WE,Towers with Radar,0,7,47,0,54,0,5,130,0,135,0,12,177,0,189,240,0,240,429
11/24/2009,SMO,CA,AWP,WE,Towers with Radar,0,12,77,0,89,0,1,127,1,129,0,13,204,1,218,280,0,280,498
11/25/2009,SMO,CA,AWP,WE,Towers with Radar,0,16,70,0,86,0,0,132,2,134,0,16,202,2,220,258,0,258,478
11/26/2009,SMO,CA,AWP,WE,Towers with Radar,0,5,19,0,24,0,0,77,0,77,0,5,96,0,101,46,0,46,147
11/27/2009,SMO,CA,AWP,WE,Towers with Radar,0,7,44,0,51,0,0,123,0,123,0,7,167,0,174,144,0,144,318
11/28/2009,SMO,CA,AWP,WE,Towers with Radar,0,12,34,0,46,0,0,85,0,85,0,12,119,0,131,50,0,50,181
11/29/2009,SMO,CA,AWP,WE,Towers with Radar,0,21,85,0,106,0,0,106,0,106,0,21,191,0,212,80,0,80,292
11/30/2009,SMO,CA,AWP,WE,Towers with Radar,0,18,45,0,63,0,0,103,0,103,0,18,148,0,166,152,0,152,318
12/01/2009,SMO,CA,AWP,WE,Towers with Radar,0,16,48,0,64,0,0,100,0,100,0,16,148,0,164,146,0,146,310
12/02/2009,SMO,CA,AWP,WE,Towers with Radar,0,20,64,0,84,0,0,80,0,80,0,20,144,0,164,346,0,346,510
12/03/2009,SMO,CA,AWP,WE,Towers with Radar,0,12,44,0,56,0,0,128,0,128,0,12,172,0,184,94,0,94,278
12/04/2009,SMO,CA,AWP,WE,Towers with Radar,0,23,51,0,74,0,0,160,12,172,0,23,211,12,246,196,0,196,442
12/05/2009,SMO,CA,AWP,WE,Towers with Radar,0,6,59,0,65,0,0,46,0,46,0,6,105,0,111,136,0,136,247
12/06/2009,SMO,CA,AWP,WE,Towers with Radar,0,22,49,0,71,0,0,99,0,99,0,22,148,0,170,76,0,76,246
12/07/2009,SMO,CA,AWP,WE,Towers with Radar,0,8,28,0,36,0,0,6,0,6,0,8,34,0,42,10,0,10,52
12/08/2009,SMO,CA,AWP,WE,Towers with Radar,0,12,63,0,75,0,1,119,0,120,0,13,182,0,195,144,0,144,339
12/09/2009,SMO,CA,AWP,WE,Towers with Radar,0,19,51,0,70,0,0,135,2,137,0,19,186,2,207,124,0,124,331
12/10/2009,SMO,CA,AWP,WE,Towers with Radar,0,28,55,0,83,0,0,79,0,79,0,28,134,0,162,104,0,104,266
12/11/2009,SMO,CA,AWP,WE,Towers with Radar,0,9,38,1,48,0,0,8,0,8,0,9,46,1,56,0,0,0,56
12/12/2009,SMO,CA,AWP,WE,Towers with Radar,0,2,25,0,27,0,0,0,0,0,0,2,25,0,27,0,0,0,27
12/13/2009,SMO,CA,AWP,WE,Towers with Radar,0,10,50,0,60,0,0,92,0,92,0,10,142,0,152,94,0,94,246
12/14/2009,SMO,CA,AWP,WE,Towers with Radar,0,19,54,0,73,0,0,126,1,127,0,19,180,1,200,76,1,77,277
12/15/2009,SMO,CA,AWP,WE,Towers with Radar,0,19,59,0,78,0,0,157,6,163,0,19,216,6,241,172,0,172,413
12/16/2009,SMO,CA,AWP,WE,Towers with Radar,0,10,69,0,79,0,3,128,0,131,0,13,197,0,210,202,0,202,412
12/17/2009,SMO,CA,AWP,WE,Towers with Radar,0,25,66,0,91,0,0,136,0,136,0,25,202,0,227,138,0,138,365
12/18/2009,SMO,CA,AWP,WE,Towers with Radar,0,22,56,0,78,0,0,176,0,176,0,22,232,0,254,187,0,187,441
12/19/2009,SMO,CA,AWP,WE,Towers with Radar,0,19,54,0,73,0,0,157,0,157,0,19,211,0,230,148,0,148,378
12/20/2009,SMO,CA,AWP,WE,Towers with Radar,0,17,48,0,65,0,0,137,0,137,0,17,185,0,202,88,0,88,290
12/21/2009,SMO,CA,AWP,WE,Towers with Radar,0,16,65,0,81,0,3,78,0,81,0,19,143,0,162,150,0,150,312
12/22/2009,SMO,CA,AWP,WE,Towers with Radar,0,17,32,0,49,0,0,53,0,53,0,17,85,0,102,92,0,92,194
12/23/2009,SMO,CA,AWP,WE,Towers with Radar,0,24,44,0,68,0,0,101,0,101,0,24,145,0,169,58,0,58,227
12/24/2009,SMO,CA,AWP,WE,Towers with Radar,0,11,34,0,45,0,0,87,0,87,0,11,121,0,132,154,0,154,286
12/25/2009,SMO,CA,AWP,WE,Towers with Radar,0,5,23,0,28,0,0,62,0,62,0,5,85,0,90,36,0,36,126
12/26/2009,SMO,CA,AWP,WE,Towers with Radar,0,10,46,0,56,0,0,85,0,85,0,10,131,0,141,16,0,16,157
12/27/2009,SMO,CA,AWP,WE,Towers with Radar,0,8,45,0,53,0,0,97,0,97,0,8,142,0,150,60,0,60,210
12/28/2009,SMO,CA,AWP,WE,Towers with Radar,0,23,31,0,54,0,0,85,0,85,0,23,116,0,139,86,0,86,225
12/29/2009,SMO,CA,AWP,WE,Towers with Radar,0,13,40,0,53,0,1,110,0,111,0,14,150,0,164,172,0,172,336
12/30/2009,SMO,CA,AWP,WE,Towers with Radar,0,6,29,0,35,0,0,3,0,3,0,6,32,0,38,30,0,30,68
12/31/2009,SMO,CA,AWP,WE,Towers with Radar,0,7,43,0,50,0,0,133,0,133,0,7,176,0,183,238,0,238,421
01/01/2010,SMO,CA,AWP,WE,Towers with Radar,0,11,24,0,35,0,0,91,0,91,0,11,115,0,126,74,0,74,200
01/02/2010,SMO,CA,AWP,WE,Towers with Radar,0,13,62,0,75,0,0,146,0,146,0,13,208,0,221,96,0,96,317
01/03/2010,SMO,CA,AWP,WE,Towers with Radar,0,14,72,0,86,0,1,152,0,153,0,15,224,0,239,66,0,66,305
01/04/2010,SMO,CA,AWP,WE,Towers with Radar,0,16,28,0,44,0,0,86,0,86,0,16,114,0,130,142,0,142,272
01/05/2010,SMO,CA,AWP,WE,Towers with Radar,0,16,39,0,55,0,0,107,0,107,0,16,146,0,162,128,0,128,290
01/06/2010,SMO,CA,AWP,WE,Towers with Radar,0,31,60,0,91,0,0,152,0,152,0,31,212,0,243,144,0,144,387
01/07/2010,SMO,CA,AWP,WE,Towers with Radar,0,30,54,0,84,0,0,92,0,92,0,30,146,0,176,152,0,152,328
01/08/2010,SMO,CA,AWP,WE,Towers with Radar,0,33,66,0,99,0,0,151,0,151,0,33,217,0,250,132,0,132,382
01/09/2010,SMO,CA,AWP,WE,Towers with Radar,0,21,50,0,71,0,0,176,0,176,0,21,226,0,247,128,0,128,375
01/10/2010,SMO,CA,AWP,WE,Towers with Radar,0,13,42,0,55,0,2,179,1,182,0,15,221,1,237,84,0,84,321
01/11/2010,SMO,CA,AWP,WE,Towers with Radar,0,21,50,0,71,0,0,126,0,126,0,21,176,0,197,196,0,196,393
01/12/2010,SMO,CA,AWP,WE,Towers with Radar,0,26,53,0,79,0,1,111,0,112,0,27,164,0,191,198,0,198,389
01/13/2010,SMO,CA,AWP,WE,Towers with Radar,0,28,45,0,73,0,0,36,0,36,0,28,81,0,109,94,0,94,203
01/14/2010,SMO,CA,AWP,WE,Towers with Radar,0,26,50,0,76,0,0,91,0,91,0,26,141,0,167,220,0,220,387
01/15/2010,SMO,CA,AWP,WE,Towers with Radar,0,23,71,0,94,0,0,131,0,131,0,23,202,0,225,174,0,174,399
01/16/2010,SMO,CA,AWP,WE,Towers with Radar,0,17,42,0,59,0,0,214,0,214,0,17,256,0,273,82,0,82,355
01/17/2010,SMO,CA,AWP,WE,Towers with Radar,0,12,48,0,60,0,0,51,0,51,0,12,99,0,111,112,0,112,223
01/18/2010,SMO,CA,AWP,WE,Towers with Radar,0,7,19,0,26,0,0,3,0,3,0,7,22,0,29,0,0,0,29
01/19/2010,SMO,CA,AWP,WE,Towers with Radar,0,3,28,0,31,0,5,20,0,25,0,8,48,0,56,38,0,38,94
01/20/2010,SMO,CA,AWP,WE,Towers with Radar,0,7,30,0,37,0,0,6,0,6,0,7,36,0,43,24,0,24,67
01/21/2010,SMO,CA,AWP,WE,Towers with Radar,0,2,19,0,21,0,0,0,2,2,0,2,19,2,23,0,0,0,23
01/22/2010,SMO,CA,AWP,WE,Towers with Radar,0,7,46,0,53,0,0,1,0,1,0,7,47,0,54,26,0,26,80
01/23/2010,SMO,CA,AWP,WE,Towers with Radar,0,13,54,6,73,0,0,167,3,170,0,13,221,9,243,165,0,165,408
01/24/2010,SMO,CA,AWP,WE,Towers with Radar,0,15,56,0,71,0,0,196,0,196,0,15,252,0,267,124,0,124,391
01/25/2010,SMO,CA,AWP,WE,Towers with Radar,0,17,47,1,65,0,5,125,3,133,0,22,172,4,198,170,0,170,368
01/26/2010,SMO,CA,AWP,WE,Towers with Radar,0,6,25,0,31,0,0,60,2,62,0,6,85,2,93,80,0,80,173
01/27/2010,SMO,CA,AWP,WE,Towers with Radar,0,24,66,0,90,0,0,132,2,134,0,24,198,2,224,186,0,186,410
01/28/2010,SMO,CA,AWP,WE,Towers with Radar,0,14,61,0,75,0,0,142,0,142,0,14,203,0,217,260,0,260,477
01/29/2010,SMO,CA,AWP,WE,Towers with Radar,0,23,62,0,85,0,0,168,0,168,0,23,230,0,253,260,0,260,513
01/30/2010,SMO,CA,AWP,WE,Towers with Radar,0,3,47,0,50,0,0,181,0,181,0,3,228,0,231,128,0,128,359
01/31/2010,SMO,CA,AWP,WE,Towers with Radar,0,18,66,0,84,0,0,204,0,204,0,18,270,0,288,106,0,106,394
02/01/2010,SMO,CA,AWP,WE,Towers with Radar,0,19,45,0,64,0,2,130,0,132,0,21,175,0,196,208,0,208,404
02/02/2010,SMO,CA,AWP,WE,Towers with Radar,0,23,55,0,78,0,0,96,1,97,0,23,151,1,175,204,0,204,379
02/03/2010,SMO,CA,AWP,WE,Towers with Radar,0,27,67,0,94,0,0,123,0,123,0,27,190,0,217,172,0,172,389
02/04/2010,SMO,CA,AWP,WE,Towers with Radar,0,17,84,0,101,0,0,68,0,68,0,17,152,0,169,51,0,51,220
02/05/2010,SMO,CA,AWP,WE,Towers with Radar,0,4,37,0,41,0,0,0,0,0,0,4,37,0,41,0,0,0,41
02/06/2010,SMO,CA,AWP,WE,Towers with Radar,0,9,14,0,23,0,1,25,0,26,0,10,39,0,49,3,0,3,52
02/07/2010,SMO,CA,AWP,WE,Towers with Radar,0,26,60,0,86,0,0,125,0,125,0,26,185,0,211,92,0,92,303
02/08/2010,SMO,CA,AWP,WE,Towers with Radar,0,18,66,0,84,0,0,127,0,127,0,18,193,0,211,186,0,186,397
02/09/2010,SMO,CA,AWP,WE,Towers with Radar,0,17,55,0,72,0,0,13,0,13,0,17,68,0,85,144,8,152,237
02/10/2010,SMO,CA,AWP,WE,Towers with Radar,0,18,84,0,102,0,0,98,0,98,0,18,182,0,200,128,0,128,328
02/11/2010,SMO,CA,AWP,WE,Towers with Radar,0,24,82,0,106,0,0,130,0,130,0,24,212,0,236,136,0,136,372
02/12/2010,SMO,CA,AWP,WE,Towers with Radar,0,40,85,0,125,0,0,145,0,145,0,40,230,0,270,170,0,170,440
02/13/2010,SMO,CA,AWP,WE,Towers with Radar,0,16,39,0,55,0,0,207,0,207,0,16,246,0,262,138,0,138,400
02/14/2010,SMO,CA,AWP,WE,Towers with Radar,0,6,55,0,61,0,0,173,0,173,0,6,228,0,234,112,0,112,346
02/15/2010,SMO,CA,AWP,WE,Towers with Radar,0,35,58,0,93,0,1,206,0,207,0,36,264,0,300,100,0,100,400
02/16/2010,SMO,CA,AWP,WE,Towers with Radar,0,15,56,0,71,0,0,130,2,132,0,15,186,2,203,138,0,138,341
02/17/2010,SMO,CA,AWP,WE,Towers with Radar,0,17,47,0,64,0,17,138,5,160,0,34,185,5,224,150,0,150,374
02/18/2010,SMO,CA,AWP,WE,Towers with Radar,0,22,82,0,104,0,0,64,0,64,0,22,146,0,168,126,0,126,294
02/19/2010,SMO,CA,AWP,WE,Towers with Radar,0,19,77,0,96,0,0,43,0,43,0,19,120,0,139,39,0,39,178
02/20/2010,SMO,CA,AWP,WE,Towers with Radar,0,21,48,0,69,0,0,109,0,109,0,21,157,0,178,122,0,122,300
02/21/2010,SMO,CA,AWP,WE,Towers with Radar,0,15,85,0,100,0,0,72,0,72,0,15,157,0,172,78,0,78,250
02/22/2010,SMO,CA,AWP,WE,Towers with Radar,0,12,35,0,47,0,0,79,5,84,0,12,114,5,131,72,0,72,203
02/23/2010,SMO,CA,AWP,WE,Towers with Radar,0,11,55,0,66,0,0,142,2,144,0,11,197,2,210,230,0,230,440
02/24/2010,SMO,CA,AWP,WE,Towers with Radar,0,15,82,0,97,0,0,41,0,41,0,15,123,0,138,146,0,146,284
02/25/2010,SMO,CA,AWP,WE,Towers with Radar,0,21,79,0,100,0,0,101,0,101,0,21,180,0,201,156,0,156,357
02/26/2010,SMO,CA,AWP,WE,Towers with Radar,0,15,56,0,71,0,0,89,0,89,0,15,145,0,160,302,0,302,462
02/27/2010,SMO,CA,AWP,WE,Towers with Radar,0,2,38,0,40,0,0,38,1,39,0,2,76,1,79,90,0,90,169
02/28/2010,SMO,CA,AWP,WE,Towers with Radar,0,20,55,0,75,0,0,250,0,250,0,20,305,0,325,128,0,128,453
03/01/2010,SMO,CA,AWP,WE,Towers with Radar,0,29,63,0,92,0,0,144,0,144,0,29,207,0,236,124,0,124,360
03/02/2010,SMO,CA,AWP,WE,Towers with Radar,0,19,62,0,81,0,3,78,0,81,0,22,140,0,162,184,0,184,346
03/03/2010,SMO,CA,AWP,WE,Towers with Radar,0,16,73,0,89,0,0,94,1,95,0,16,167,1,184,180,0,180,364
03/04/2010,SMO,CA,AWP,WE,Towers with Radar,0,19,58,0,77,0,0,127,0,127,0,19,185,0,204,184,0,184,388
03/05/2010,SMO,CA,AWP,WE,Towers with Radar,0,25,84,0,109,0,0,129,0,129,0,25,213,0,238,116,0,116,354
03/06/2010,SMO,CA,AWP,WE,Towers with Radar,0,10,24,0,34,0,0,38,0,38,0,10,62,0,72,74,0,74,146
03/07/2010,SMO,CA,AWP,WE,Towers with Radar,0,10,51,0,61,0,0,106,0,106,0,10,157,0,167,76,0,76,243
03/08/2010,SMO,CA,AWP,WE,Towers with Radar,0,14,70,0,84,0,2,56,0,58,0,16,126,0,142,190,0,190,332
03/09/2010,SMO,CA,AWP,WE,Towers with Radar,0,17,42,0,59,0,0,74,0,74,0,17,116,0,133,149,0,149,282
03/10/2010,SMO,CA,AWP,WE,Towers with Radar,0,21,61,0,82,0,2,97,1,100,0,23,158,1,182,58,0,58,240
03/11/2010,SMO,CA,AWP,WE,Towers with Radar,0,29,69,0,98,0,0,161,0,161,0,29,230,0,259,268,0,268,527
03/12/2010,SMO,CA,AWP,WE,Towers with Radar,0,23,68,0,91,0,0,187,0,187,0,23,255,0,278,90,0,90,368
03/13/2010,SMO,CA,AWP,WE,Towers with Radar,0,11,52,1,64,0,0,182,0,182,0,11,234,1,246,102,0,102,348
03/14/2010,SMO,CA,AWP,WE,Towers with Radar,0,22,52,1,75,0,6,221,0,227,0,28,273,1,302,92,0,92,394
03/15/2010,SMO,CA,AWP,WE,Towers with Radar,0,16,45,0,61,0,0,161,0,161,0,16,206,0,222,180,0,180,402
03/16/2010,SMO,CA,AWP,WE,Towers with Radar,0,18,58,0,76,0,0,102,0,102,0,18,160,0,178,228,0,228,406
03/17/2010,SMO,CA,AWP,WE,Towers with Radar,0,22,71,0,93,0,0,166,1,167,0,22,237,1,260,206,0,206,466
03/18/2010,SMO,CA,AWP,WE,Towers with Radar,0,24,63,0,87,0,0,93,2,95,0,24,156,2,182,108,0,108,290
03/19/2010,SMO,CA,AWP,WE,Towers with Radar,0,30,77,0,107,0,0,128,0,128,0,30,205,0,235,112,0,112,347
03/20/2010,SMO,CA,AWP,WE,Towers with Radar,0,21,52,0,73,0,0,239,0,239,0,21,291,0,312,108,0,108,420
03/21/2010,SMO,CA,AWP,WE,Towers with Radar,0,21,55,0,76,0,0,144,0,144,0,21,199,0,220,112,0,112,332
03/22/2010,SMO,CA,AWP,WE,Towers with Radar,0,12,49,0,61,0,0,156,0,156,0,12,205,0,217,210,0,210,427
03/23/2010,SMO,CA,AWP,WE,Towers with Radar,0,18,40,0,58,0,0,163,0,163,0,18,203,0,221,206,0,206,427
03/24/2010,SMO,CA,AWP,WE,Towers with Radar,0,22,78,0,100,0,0,136,0,136,0,22,214,0,236,170,0,170,406
03/25/2010,SMO,CA,AWP,WE,Towers with Radar,0,25,77,0,102,0,0,91,0,91,0,25,168,0,193,156,0,156,349
03/26/2010,SMO,CA,AWP,WE,Towers with Radar,0,22,60,0,82,0,0,170,2,172,0,22,230,2,254,194,0,194,448
03/27/2010,SMO,CA,AWP,WE,Towers with Radar,0,14,45,0,59,0,0,193,0,193,0,14,238,0,252,102,0,102,354
03/28/2010,SMO,CA,AWP,WE,Towers with Radar,0,20,52,0,72,0,2,216,0,218,0,22,268,0,290,50,2,52,342
03/29/2010,SMO,CA,AWP,WE,Towers with Radar,0,21,54,0,75,0,0,146,0,146,0,21,200,0,221,206,0,206,427
03/30/2010,SMO,CA,AWP,WE,Towers with Radar,0,19,70,0,89,0,0,68,0,68,0,19,138,0,157,188,0,188,345
03/31/2010,SMO,CA,AWP,WE,Towers with Radar,0,20,44,0,64,0,0,31,0,31,0,20,75,0,95,222,0,222,317
04/01/2010,SMO,CA,AWP,WE,Towers with Radar,0,15,33,0,48,0,0,98,0,98,0,15,131,0,146,176,0,176,322
04/02/2010,SMO,CA,AWP,WE,Towers with Radar,0,13,49,0,62,0,0,194,0,194,0,13,243,0,256,226,0,226,482
04/03/2010,SMO,CA,AWP,WE,Towers with Radar,0,11,46,0,57,0,0,146,0,146,0,11,192,0,203,78,0,78,281
04/04/2010,SMO,CA,AWP,WE,Towers with Radar,0,14,74,0,88,0,0,83,0,83,0,14,157,0,171,104,0,104,275
04/05/2010,SMO,CA,AWP,WE,Towers with Radar,0,23,37,0,60,0,0,16,0,16,0,23,53,0,76,26,0,26,102
04/06/2010,SMO,CA,AWP,WE,Towers with Radar,0,12,62,0,74,0,3,122,0,125,0,15,184,0,199,212,0,212,411
04/07/2010,SMO,CA,AWP,WE,Towers with Radar,0,16,56,0,72,0,0,118,1,119,0,16,174,1,191,238,0,238,429
04/08/2010,SMO,CA,AWP,WE,Towers with Radar,0,20,62,0,82,0,0,156,0,156,0,20,218,0,238,194,0,194,432
04/09/2010,SMO,CA,AWP,WE,Towers with Radar,0,19,71,0,90,0,0,134,0,134,0,19,205,0,224,78,0,78,302
04/10/2010,SMO,CA,AWP,WE,Towers with Radar,0,13,44,0,57,0,0,86,0,86,0,13,130,0,143,146,0,146,289
04/11/2010,SMO,CA,AWP,WE,Towers with Radar,0,17,68,0,85,0,0,73,0,73,0,17,141,0,158,124,0,124,282
04/12/2010,SMO,CA,AWP,WE,Towers with Radar,0,15,64,0,79,0,0,54,0,54,0,15,118,0,133,134,0,134,267
04/13/2010,SMO,CA,AWP,WE,Towers with Radar,0,18,47,0,65,0,0,133,0,133,0,18,180,0,198,124,0,124,322
04/14/2010,SMO,CA,AWP,WE,Towers with Radar,0,16,51,0,67,0,1,161,2,164,0,17,212,2,231,116,0,116,347
04/15/2010,SMO,CA,AWP,WE,Towers with Radar,0,23,55,0,78,0,0,127,0,127,0,23,182,0,205,172,0,172,377
04/16/2010,SMO,CA,AWP,WE,Towers with Radar,0,20,74,0,94,0,0,136,0,136,0,20,210,0,230,178,0,178,408
04/17/2010,SMO,CA,AWP,WE,Towers with Radar,0,10,48,0,58,0,0,181,0,181,0,10,229,0,239,60,0,60,299
04/18/2010,SMO,CA,AWP,WE,Towers with Radar,0,24,59,0,83,0,0,107,0,107,0,24,166,0,190,56,0,56,246
04/19/2010,SMO,CA,AWP,WE,Towers with Radar,0,12,33,0,45,0,0,104,14,118,0,12,137,14,163,130,0,130,293
04/20/2010,SMO,CA,AWP,WE,Towers with Radar,0,7,43,0,50,0,0,22,0,22,0,7,65,0,72,64,0,64,136
04/21/2010,SMO,CA,AWP,WE,Towers with Radar,0,17,55,0,72,0,3,32,0,35,0,20,87,0,107,22,0,22,129
04/22/2010,SMO,CA,AWP,WE,Towers with Radar,0,15,67,0,82,0,0,85,0,85,0,15,152,0,167,144,0,144,311
04/23/2010,SMO,CA,AWP,WE,Towers with Radar,0,18,67,0,85,0,0,183,0,183,0,18,250,0,268,154,0,154,422
04/24/2010,SMO,CA,AWP,WE,Towers with Radar,0,15,46,0,61,0,0,154,0,154,0,15,200,0,215,100,0,100,315
04/25/2010,SMO,CA,AWP,WE,Towers with Radar,0,21,70,0,91,0,0,99,0,99,0,21,169,0,190,34,0,34,224
04/26/2010,SMO,CA,AWP,WE,Towers with Radar,0,22,70,0,92,0,0,8,0,8,0,22,78,0,100,0,0,0,100
04/27/2010,SMO,CA,AWP,WE,Towers with Radar,0,16,80,0,96,0,0,9,0,9,0,16,89,0,105,2,0,2,107
04/28/2010,SMO,CA,AWP,WE,Towers with Radar,0,22,62,0,84,0,0,79,0,79,0,22,141,0,163,166,0,166,329
04/29/2010,SMO,CA,AWP,WE,Towers with Radar,0,18,43,0,61,0,0,63,3,66,0,18,106,3,127,118,0,118,245
04/30/2010,SMO,CA,AWP,WE,Towers with Radar,0,18,70,0,88,0,0,97,2,99,0,18,167,2,187,138,0,138,325
05/01/2010,SMO,CA,AWP,WE,Towers with Radar,0,12,46,0,58,0,0,161,0,161,0,12,207,0,219,50,0,50,269
05/02/2010,SMO,CA,AWP,WE,Towers with Radar,0,25,80,0,105,0,0,143,0,143,0,25,223,0,248,56,0,56,304
05/03/2010,SMO,CA,AWP,WE,Towers with Radar,0,13,40,0,53,0,0,149,3,152,0,13,189,3,205,136,0,136,341
05/04/2010,SMO,CA,AWP,WE,Towers with Radar,0,27,52,0,79,0,0,114,0,114,0,27,166,0,193,110,0,110,303
05/05/2010,SMO,CA,AWP,WE,Towers with Radar,0,16,69,0,85,0,0,109,0,109,0,16,178,0,194,124,0,124,318
05/06/2010,SMO,CA,AWP,WE,Towers with Radar,0,20,77,0,97,0,0,109,0,109,0,20,186,0,206,228,0,228,434
05/07/2010,SMO,CA,AWP,WE,Towers with Radar,0,31,72,0,103,0,0,171,0,171,0,31,243,0,274,214,0,214,488
05/08/2010,SMO,CA,AWP,WE,Towers with Radar,0,8,45,0,53,0,0,202,0,202,0,8,247,0,255,80,0,80,335
05/09/2010,SMO,CA,AWP,WE,Towers with Radar,0,20,52,0,72,0,2,93,0,95,0,22,145,0,167,56,0,56,223
05/10/2010,SMO,CA,AWP,WE,Towers with Radar,0,26,56,0,82,0,1,119,0,120,0,27,175,0,202,138,0,138,340
05/11/2010,SMO,CA,AWP,WE,Towers with Radar,0,13,59,0,72,0,2,69,0,71,0,15,128,0,143,136,0,136,279
05/12/2010,SMO,CA,AWP,WE,Towers with Radar,0,22,55,0,77,0,1,143,0,144,0,23,198,0,221,172,2,174,395
05/13/2010,SMO,CA,AWP,WE,Towers with Radar,0,34,73,0,107,0,0,159,0,159,0,34,232,0,266,334,0,334,600
05/14/2010,SMO,CA,AWP,WE,Towers with Radar,0,30,92,0,122,0,0,130,1,131,0,30,222,1,253,86,0,86,339
05/15/2010,SMO,CA,AWP,WE,Towers with Radar,0,11,60,0,71,0,0,96,0,96,0,11,156,0,167,10,0,10,177
05/16/2010,SMO,CA,AWP,WE,Towers with Radar,0,21,116,0,137,0,0,8,4,12,0,21,124,4,149,4,0,4,153
05/17/2010,SMO,CA,AWP,WE,Towers with Radar,0,27,60,0,87,0,0,31,0,31,0,27,91,0,118,98,0,98,216
05/18/2010,SMO,CA,AWP,WE,Towers with Radar,0,23,73,0,96,0,0,13,0,13,0,23,86,0,109,6,0,6,115
05/19/2010,SMO,CA,AWP,WE,Towers with Radar,0,23,121,0,144,0,0,52,0,52,0,23,173,0,196,24,0,24,220
05/20/2010,SMO,CA,AWP,WE,Towers with Radar,0,24,69,0,93,0,0,149,0,149,0,24,218,0,242,206,0,206,448
05/21/2010,SMO,CA,AWP,WE,Towers with Radar,0,22,56,0,78,0,0,126,0,126,0,22,182,0,204,142,0,142,346
05/22/2010,SMO,CA,AWP,WE,Towers with Radar,0,8,50,0,58,0,0,163,0,163,0,8,213,0,221,104,0,104,325
05/23/2010,SMO,CA,AWP,WE,Towers with Radar,0,15,58,0,73,0,0,90,0,90,0,15,148,0,163,74,0,74,237
05/24/2010,SMO,CA,AWP,WE,Towers with Radar,0,15,40,0,55,0,0,94,0,94,0,15,134,0,149,300,0,300,449
05/25/2010,SMO,CA,AWP,WE,Towers with Radar,0,22,58,0,80,0,3,170,2,175,0,25,228,2,255,220,0,220,475
05/26/2010,SMO,CA,AWP,WE,Towers with Radar,0,19,76,0,95,0,1,109,8,118,0,20,185,8,213,140,0,140,353
05/27/2010,SMO,CA,AWP,WE,Towers with Radar,0,22,66,0,88,0,0,37,3,40,0,22,103,3,128,82,0,82,210
05/28/2010,SMO,CA,AWP,WE,Towers with Radar,0,19,66,0,85,0,0,136,0,136,0,19,202,0,221,146,0,146,367
05/29/2010,SMO,CA,AWP,WE,Towers with Radar,0,17,42,0,59,0,0,188,0,188,0,17,230,0,247,102,0,102,349
05/30/2010,SMO,CA,AWP,WE,Towers with Radar,0,6,33,0,39,0,0,183,0,183,0,6,216,0,222,82,0,82,304
05/31/2010,SMO,CA,AWP,WE,Towers with Radar,0,19,60,0,79,0,0,164,0,164,0,19,224,0,243,62,0,62,305
06/01/2010,SMO,CA,AWP,WE,Towers with Radar,0,13,64,0,77,0,0,71,0,71,0,13,135,0,148,170,0,170,318
06/02/2010,SMO,CA,AWP,WE,Towers with Radar,0,21,70,2,93,0,0,106,0,106,0,21,176,2,199,262,0,262,461
06/03/2010,SMO,CA,AWP,WE,Towers with Radar,0,21,89,2,112,0,0,53,2,55,0,21,142,4,167,18,0,18,185
06/04/2010,SMO,CA,AWP,WE,Towers with Radar,0,9,82,0,91,0,0,77,0,77,0,9,159,0,168,26,0,26,194
06/05/2010,SMO,CA,AWP,WE,Towers with Radar,0,6,47,0,53,0,0,89,0,89,0,6,136,0,142,50,0,50,192
06/06/2010,SMO,CA,AWP,WE,Towers with Radar,0,19,65,0,84,0,2,54,0,56,0,21,119,0,140,2,0,2,142
06/07/2010,SMO,CA,AWP,WE,Towers with Radar,0,14,62,0,76,0,0,24,0,24,0,14,86,0,100,0,0,0,100
06/08/2010,SMO,CA,AWP,WE,Towers with Radar,0,14,55,0,69,0,0,44,2,46,0,14,99,2,115,62,0,62,177
06/09/2010,SMO,CA,AWP,WE,Towers with Radar,0,25,65,0,90,0,0,85,0,85,0,25,150,0,175,46,0,46,221
06/10/2010,SMO,CA,AWP,WE,Towers with Radar,0,0,0,0,0,0,0,102,0,102,0,0,102,0,102,236,0,236,338
06/11/2010,SMO,CA,AWP,WE,Towers with Radar,0,17,68,0,85,0,0,115,0,115,0,17,183,0,200,158,0,158,358
06/12/2010,SMO,CA,AWP,WE,Towers with Radar,0,13,50,0,63,0,0,130,0,130,0,13,180,0,193,148,0,148,341
06/13/2010,SMO,CA,AWP,WE,Towers with Radar,0,22,89,0,111,0,0,50,0,50,0,22,139,0,161,56,0,56,217
06/14/2010,SMO,CA,AWP,WE,Towers with Radar,0,20,87,0,107,0,1,56,0,57,0,21,143,0,164,30,0,30,194
06/15/2010,SMO,CA,AWP,WE,Towers with Radar,0,15,63,0,78,0,1,106,0,107,0,16,169,0,185,62,0,62,247
06/16/2010,SMO,CA,AWP,WE,Towers with Radar,0,17,73,0,90,0,0,117,0,117,0,17,190,0,207,232,0,232,439
06/17/2010,SMO,CA,AWP,WE,Towers with Radar,0,29,76,0,105,0,2,151,2,155,0,31,227,2,260,156,0,156,416
06/18/2010,SMO,CA,AWP,WE,Towers with Radar,0,24,80,0,104,0,0,104,0,104,0,24,184,0,208,238,0,238,446
06/19/2010,SMO,CA,AWP,WE,Towers with Radar,0,13,57,0,70,0,0,133,0,133,0,13,190,0,203,98,0,98,301
06/20/2010,SMO,CA,AWP,WE,Towers with Radar,0,26,73,0,99,0,1,174,0,175,0,27,247,0,274,48,0,48,322
06/21/2010,SMO,CA,AWP,WE,Towers with Radar,0,28,61,0,89,0,0,80,0,80,0,28,141,0,169,240,0,240,409
06/22/2010,SMO,CA,AWP,WE,Towers with Radar,0,18,54,0,72,0,1,79,0,80,0,19,133,0,152,144,0,144,296
06/23/2010,SMO,CA,AWP,WE,Towers with Radar,0,16,71,0,87,0,0,123,0,123,0,16,194,0,210,186,0,186,396
06/24/2010,SMO,CA,AWP,WE,Towers with Radar,0,16,90,0,106,0,0,93,0,93,0,16,183,0,199,176,0,176,375
06/25/2010,SMO,CA,AWP,WE,Towers with Radar,0,17,42,0,59,0,0,146,0,146,0,17,188,0,205,126,0,126,331
06/26/2010,SMO,CA,AWP,WE,Towers with Radar,0,13,51,0,64,0,0,80,0,80,0,13,131,0,144,86,0,86,230
06/27/2010,SMO,CA,AWP,WE,Towers with Radar,0,9,73,0,82,0,0,93,0,93,0,9,166,0,175,44,0,44,219
06/28/2010,SMO,CA,AWP,WE,Towers with Radar,0,26,66,0,92,0,0,21,0,21,0,26,87,0,113,26,0,26,139
06/29/2010,SMO,CA,AWP,WE,Towers with Radar,0,10,64,0,74,0,0,8,5,13,0,10,72,5,87,0,0,0,87
06/30/2010,SMO,CA,AWP,WE,Towers with Radar,0,12,100,0,112,0,0,0,0,0,0,12,100,0,112,0,0,0,112
07/01/2010,SMO,CA,AWP,WE,Towers with Radar,0,17,49,0,66,0,0,84,0,84,0,17,133,0,150,114,0,114,264
07/02/2010,SMO,CA,AWP,WE,Towers with Radar,0,25,52,0,77,0,0,127,0,127,0,25,179,0,204,110,0,110,314
07/03/2010,SMO,CA,AWP,WE,Towers with Radar,0,3,41,0,44,0,0,94,0,94,0,3,135,0,138,66,0,66,204
07/04/2010,SMO,CA,AWP,WE,Towers with Radar,0,8,16,0,24,0,0,67,0,67,0,8,83,0,91,70,0,70,161
07/05/2010,SMO,CA,AWP,WE,Towers with Radar,0,27,107,0,134,0,0,47,0,47,0,27,154,0,181,8,0,8,189
07/06/2010,SMO,CA,AWP,WE,Towers with Radar,0,16,65,0,81,0,0,40,0,40,0,16,105,0,121,174,0,174,295
07/07/2010,SMO,CA,AWP,WE,Towers with Radar,0,24,66,0,90,0,0,20,0,20,0,24,86,0,110,64,0,64,174
07/08/2010,SMO,CA,AWP,WE,Towers with Radar,0,16,96,0,112,0,0,21,0,21,0,16,117,0,133,0,0,0,133
07/09/2010,SMO,CA,AWP,WE,Towers with Radar,0,18,96,0,114,0,0,8,0,8,0,18,104,0,122,0,0,0,122
07/10/2010,SMO,CA,AWP,WE,Towers with Radar,0,7,68,0,75,0,0,63,0,63,0,7,131,0,138,52,0,52,190
07/11/2010,SMO,CA,AWP,WE,Towers with Radar,0,17,42,0,59,0,0,55,0,55,0,17,97,0,114,54,0,54,168
07/12/2010,SMO,CA,AWP,WE,Towers with Radar,0,10,67,0,77,0,0,54,0,54,0,10,121,0,131,94,0,94,225
07/13/2010,SMO,CA,AWP,WE,Towers with Radar,0,20,48,0,68,0,0,119,0,119,0,20,167,0,187,208,0,208,395
07/14/2010,SMO,CA,AWP,WE,Towers with Radar,0,16,78,0,94,0,0,103,0,103,0,16,181,0,197,126,0,126,323
07/15/2010,SMO,CA,AWP,WE,Towers with Radar,0,20,59,0,79,0,0,153,0,153,0,20,212,0,232,226,0,226,458
07/16/2010,SMO,CA,AWP,WE,Towers with Radar,0,15,44,1,60,0,0,149,2,151,0,15,193,3,211,332,0,332,543
07/17/2010,SMO,CA,AWP,WE,Towers with Radar,0,7,49,0,56,0,0,178,0,178,0,7,227,0,234,134,0,134,368
07/18/2010,SMO,CA,AWP,WE,Towers with Radar,0,21,52,0,73,0,0,145,0,145,0,21,197,0,218,118,0,118,336
07/19/2010,SMO,CA,AWP,WE,Towers with Radar,0,32,53,0,85,0,0,118,0,118,0,32,171,0,203,114,0,114,317
07/20/2010,SMO,CA,AWP,WE,Towers with Radar,0,5,73,0,78,0,0,61,0,61,0,5,134,0,139,32,0,32,171
07/21/2010,SMO,CA,AWP,WE,Towers with Radar,0,19,70,0,89,0,0,47,0,47,0,19,117,0,136,80,0,80,216
07/22/2010,SMO,CA,AWP,WE,Towers with Radar,0,41,86,0,127,0,0,72,0,72,0,41,158,0,199,118,0,118,317
07/23/2010,SMO,CA,AWP,WE,Towers with Radar,0,18,78,0,96,0,0,69,0,69,0,18,147,0,165,92,0,92,257
07/24/2010,SMO,CA,AWP,WE,Towers with Radar,0,17,55,0,72,0,0,93,0,93,0,17,148,0,165,62,0,62,227
07/25/2010,SMO,CA,AWP,WE,Towers with Radar,0,26,95,0,121,0,0,82,0,82,0,26,177,0,203,14,0,14,217
07/26/2010,SMO,CA,AWP,WE,Towers with Radar,0,8,70,0,78,0,0,40,1,41,0,8,110,1,119,52,0,52,171
07/27/2010,SMO,CA,AWP,WE,Towers with Radar,0,22,45,0,67,0,0,54,0,54,0,22,99,0,121,94,0,94,215
07/28/2010,SMO,CA,AWP,WE,Towers with Radar,0,32,63,0,95,0,0,141,0,141,0,32,204,0,236,206,0,206,442
07/29/2010,SMO,CA,AWP,WE,Towers with Radar,0,14,53,0,67,0,0,148,0,148,0,14,201,0,215,298,0,298,513
07/30/2010,SMO,CA,AWP,WE,Towers with Radar,0,21,88,0,109,0,0,116,0,116,0,21,204,0,225,74,0,74,299
07/31/2010,SMO,CA,AWP,WE,Towers with Radar,0,18,58,0,76,0,0,85,0,85,0,18,143,0,161,44,0,44,205
08/01/2010,SMO,CA,AWP,WE,Towers with Radar,0,12,58,0,70,0,0,160,0,160,0,12,218,0,230,80,0,80,310
08/02/2010,SMO,CA,AWP,WE,Towers with Radar,0,6,46,0,52,0,0,86,0,86,0,6,132,0,138,18,0,18,156
08/03/2010,SMO,CA,AWP,WE,Towers with Radar,0,9,37,0,46,0,0,116,0,116,0,9,153,0,162,66,0,66,228
08/04/2010,SMO,CA,AWP,WE,Towers with Radar,0,24,58,0,82,0,0,92,0,92,0,24,150,0,174,116,0,116,290
08/05/2010,SMO,CA,AWP,WE,Towers with Radar,0,23,68,0,91,0,0,85,2,87,0,23,153,2,178,150,8,158,336
08/06/2010,SMO,CA,AWP,WE,Towers with Radar,0,15,93,0,108,0,0,80,0,80,0,15,173,0,188,132,0,132,320
08/07/2010,SMO,CA,AWP,WE,Towers with Radar,0,16,49,0,65,0,0,117,0,117,0,16,166,0,182,72,0,72,254
08/08/2010,SMO,CA,AWP,WE,Towers with Radar,0,30,50,0,80,0,0,142,0,142,0,30,192,0,222,110,0,110,332
08/09/2010,SMO,CA,AWP,WE,Towers with Radar,0,32,48,0,80,0,0,105,0,105,0,32,153,0,185,182,0,182,367
08/10/2010,SMO,CA,AWP,WE,Towers with Radar,0,15,61,0,76,0,0,90,0,90,0,15,151,0,166,122,0,122,288
08/11/2010,SMO,CA,AWP,WE,Towers with Radar,0,21,59,0,80,0,0,135,2,137,0,21,194,2,217,258,0,258,475
08/12/2010,SMO,CA,AWP,WE,Towers with Radar,0,19,53,0,72,0,0,128,0,128,0,19,181,0,200,81,0,81,281
08/13/2010,SMO,CA,AWP,WE,Towers with Radar,0,31,47,0,78,0,0,119,0,119,0,31,166,0,197,67,0,67,264
08/14/2010,SMO,CA,AWP,WE,Towers with Radar,0,14,42,0,56,0,0,123,0,123,0,14,165,0,179,20,0,20,199
08/15/2010,SMO,CA,AWP,WE,Towers with Radar,0,35,47,0,82,0,0,161,0,161,0,35,208,0,243,38,0,38,281
08/16/2010,SMO,CA,AWP,WE,Towers with Radar,0,17,26,0,43,0,0,87,0,87,0,17,113,0,130,20,0,20,150
08/17/2010,SMO,CA,AWP,WE,Towers with Radar,0,18,49,0,67,0,0,143,0,143,0,18,192,0,210,147,0,147,357
08/18/2010,SMO,CA,AWP,WE,Towers with Radar,0,23,50,0,73,0,0,174,0,174,0,23,224,0,247,214,0,214,461
08/19/2010,SMO,CA,AWP,WE,Towers with Radar,0,32,54,0,86,0,0,167,0,167,0,32,221,0,253,183,0,183,436
08/20/2010,SMO,CA,AWP,WE,Towers with Radar,0,25,45,0,70,0,0,207,0,207,0,25,252,0,277,203,0,203,480
08/21/2010,SMO,CA,AWP,WE,Towers with Radar,0,10,41,0,51,0,0,176,0,176,0,10,217,0,227,129,0,129,356
08/22/2010,SMO,CA,AWP,WE,Towers with Radar,0,22,46,0,68,0,0,176,2,178,0,22,222,2,246,130,0,130,376
08/23/2010,SMO,CA,AWP,WE,Towers with Radar,0,14,46,0,60,0,0,119,0,119,0,14,165,0,179,177,0,177,356
08/24/2010,SMO,CA,AWP,WE,Towers with Radar,0,24,65,0,89,0,0,128,0,128,0,24,193,0,217,156,0,156,373
08/25/2010,SMO,CA,AWP,WE,Towers with Radar,0,21,71,0,92,0,1,137,0,138,0,22,208,0,230,141,0,141,371
08/26/2010,SMO,CA,AWP,WE,Towers with Radar,0,24,63,0,87,0,0,124,4,128,0,24,187,4,215,180,0,180,395
08/27/2010,SMO,CA,AWP,WE,Towers with Radar,0,24,96,0,120,0,0,59,0,59,0,24,155,0,179,0,0,0,179
08/28/2010,SMO,CA,AWP,WE,Towers with Radar,0,10,64,0,74,0,0,93,1,94,0,10,157,1,168,96,0,96,264
08/29/2010,SMO,CA,AWP,WE,Towers with Radar,0,32,41,0,73,0,0,114,0,114,0,32,155,0,187,58,0,58,245
08/30/2010,SMO,CA,AWP,WE,Towers with Radar,0,23,53,0,76,0,0,126,0,126,0,23,179,0,202,185,0,185,387
08/31/2010,SMO,CA,AWP,WE,Towers with Radar,0,14,35,0,49,0,0,146,0,146,0,14,181,0,195,103,0,103,298
09/01/2010,SMO,CA,AWP,WE,Towers with Radar,0,15,62,0,77,0,0,91,0,91,0,15,153,0,168,30,0,30,198
09/02/2010,SMO,CA,AWP,WE,Towers with Radar,0,12,75,0,87,0,0,60,0,60,0,12,135,0,147,29,0,29,176
09/03/2010,SMO,CA,AWP,WE,Towers with Radar,0,8,52,1,61,0,0,132,0,132,0,8,184,1,193,110,0,110,303
09/04/2010,SMO,CA,AWP,WE,Towers with Radar,0,6,45,0,51,0,0,0,124,124,0,6,45,124,175,118,2,120,295
09/05/2010,SMO,CA,AWP,WE,Towers with Radar,0,6,54,0,60,0,0,112,0,112,0,6,166,0,172,17,0,17,189
09/06/2010,SMO,CA,AWP,WE,Towers with Radar,0,9,60,0,69,0,0,103,0,103,0,9,163,0,172,49,0,49,221
09/07/2010,SMO,CA,AWP,WE,Towers with Radar,0,9,63,0,72,0,0,28,0,28,0,9,91,0,100,112,0,112,212
09/08/2010,SMO,CA,AWP,WE,Towers with Radar,0,17,68,0,85,0,0,70,0,70,0,17,138,0,155,160,0,160,315
09/09/2010,SMO,CA,AWP,WE,Towers with Radar,0,18,67,0,85,0,0,108,0,108,0,18,175,0,193,187,0,187,380
09/10/2010,SMO,CA,AWP,WE,Towers with Radar,0,21,57,0,78,0,0,180,0,180,0,21,237,0,258,155,0,155,413
09/11/2010,SMO,CA,AWP,WE,Towers with Radar,0,10,122,0,132,0,0,5,0,5,0,10,127,0,137,0,0,0,137
09/12/2010,SMO,CA,AWP,WE,Towers with Radar,0,17,50,0,67,0,0,105,0,105,0,17,155,0,172,32,0,32,204
09/13/2010,SMO,CA,AWP,WE,Towers with Radar,0,19,49,0,68,0,0,64,0,64,0,19,113,0,132,108,0,108,240
09/14/2010,SMO,CA,AWP,WE,Towers with Radar,0,7,71,0,78,0,0,79,0,79,0,7,150,0,157,157,0,157,314
09/15/2010,SMO,CA,AWP,WE,Towers with Radar,0,4,43,0,47,0,0,109,0,109,0,4,152,0,156,100,0,100,256
09/16/2010,SMO,CA,AWP,WE,Towers with Radar,0,13,50,0,63,0,0,83,0,83,0,13,133,0,146,0,0,0,146
09/17/2010,SMO,CA,AWP,WE,Towers with Radar,0,15,64,0,79,0,0,146,0,146,0,15,210,0,225,129,0,129,354
09/18/2010,SMO,CA,AWP,WE,Towers with Radar,0,10,47,0,57,0,0,68,0,68,0,10,115,0,125,8,0,8,133
09/19/2010,SMO,CA,AWP,WE,Towers with Radar,0,10,63,0,73,0,0,124,0,124,0,10,187,0,197,35,0,35,232
09/20/2010,SMO,CA,AWP,WE,Towers with Radar,0,0,0,0,0,0,0,0,0,0,0,0,0,0,0,0,5,5,5
09/21/2010,SMO,CA,AWP,WE,Towers with Radar,0,0,0,0,0,0,0,0,0,0,0,0,0,0,0,0,0,0,0
09/22/2010,SMO,CA,AWP,WE,Towers with Radar,0,0,0,0,0,0,0,0,0,0,0,0,0,0,0,0,0,0,0
09/23/2010,SMO,CA,AWP,WE,Towers with Radar,0,0,0,0,0,0,0,0,0,0,0,0,0,0,0,0,0,0,0
09/24/2010,SMO,CA,AWP,WE,Towers with Radar,0,7,41,0,48,0,0,208,0,208,0,7,249,0,256,52,0,52,308
09/25/2010,SMO,CA,AWP,WE,Towers with Radar,0,5,28,0,33,0,0,199,0,199,0,5,227,0,232,53,0,53,285
09/26/2010,SMO,CA,AWP,WE,Towers with Radar,0,13,41,0,54,0,0,144,0,144,0,13,185,0,198,66,0,66,264
09/27/2010,SMO,CA,AWP,WE,Towers with Radar,0,18,30,0,48,0,0,92,0,92,0,18,122,0,140,161,0,161,301
09/28/2010,SMO,CA,AWP,WE,Towers with Radar,0,13,35,0,48,0,0,139,2,141,0,13,174,2,189,97,0,97,286
09/29/2010,SMO,CA,AWP,WE,Towers with Radar,0,22,39,0,61,0,0,123,0,123,0,22,162,0,184,206,0,206,390
09/30/2010,SMO,CA,AWP,WE,Towers with Radar,0,22,47,0,69,0,0,145,0,145,0,22,192,0,214,173,0,173,387
10/01/2010,SMO,CA,AWP,WE,Towers with Radar,0,22,65,0,87,0,0,160,0,160,0,22,225,0,247,187,0,187,434
10/02/2010,SMO,CA,AWP,WE,Towers with Radar,0,23,40,0,63,0,0,98,0,98,0,23,138,0,161,65,0,65,226
10/03/2010,SMO,CA,AWP,WE,Towers with Radar,0,18,96,0,114,0,0,13,0,13,0,18,109,0,127,0,0,0,127
10/04/2010,SMO,CA,AWP,WE,Towers with Radar,0,6,36,0,42,0,0,2,0,2,0,6,38,0,44,0,0,0,44
10/05/2010,SMO,CA,AWP,WE,Towers with Radar,0,13,54,6,73,0,0,30,0,30,0,13,84,6,103,140,0,140,243
10/06/2010,SMO,CA,AWP,WE,Towers with Radar,0,9,52,0,61,0,0,13,0,13,0,9,65,0,74,68,0,68,142
10/07/2010,SMO,CA,AWP,WE,Towers with Radar,0,30,87,0,117,0,0,110,0,110,0,30,197,0,227,173,0,173,400
10/08/2010,SMO,CA,AWP,WE,Towers with Radar,0,33,63,0,96,0,0,188,0,188,0,33,251,0,284,172,0,172,456
10/09/2010,SMO,CA,AWP,WE,Towers with Radar,0,15,10,0,25,0,0,196,0,196,0,15,206,0,221,101,0,101,322
10/10/2010,SMO,CA,AWP,WE,Towers with Radar,0,22,48,0,70,0,0,171,0,171,0,22,219,0,241,66,0,66,307
10/11/2010,SMO,CA,AWP,WE,Towers with Radar,0,28,44,0,72,0,0,106,0,106,0,28,150,0,178,85,0,85,263
10/12/2010,SMO,CA,AWP,WE,Towers with Radar,0,16,92,0,108,0,0,90,0,90,0,16,182,0,198,94,0,94,292
10/13/2010,SMO,CA,AWP,WE,Towers with Radar,0,17,81,0,98,0,0,36,0,36,0,17,117,0,134,0,0,0,134
10/14/2010,SMO,CA,AWP,WE,Towers with Radar,0,10,86,0,96,0,0,0,0,0,0,10,86,0,96,0,0,0,96
10/15/2010,SMO,CA,AWP,WE,Towers with Radar,0,22,140,0,162,0,0,3,0,3,0,22,143,0,165,0,0,0,165
10/16/2010,SMO,CA,AWP,WE,Towers with Radar,0,9,101,0,110,0,0,3,0,3,0,9,104,0,113,2,0,2,115
10/17/2010,SMO,CA,AWP,WE,Towers with Radar,0,17,87,0,104,0,0,2,0,2,0,17,89,0,106,0,0,0,106
10/18/2010,SMO,CA,AWP,WE,Towers with Radar,0,7,54,0,61,0,0,22,0,22,0,7,76,0,83,112,0,112,195
10/19/2010,SMO,CA,AWP,WE,Towers with Radar,0,14,46,0,60,0,0,45,0,45,0,14,91,0,105,117,0,117,222
10/20/2010,SMO,CA,AWP,WE,Towers with Radar,0,11,67,0,78,0,0,2,0,2,0,11,69,0,80,4,0,4,84
10/21/2010,SMO,CA,AWP,WE,Towers with Radar,0,9,93,0,102,0,17,34,0,51,0,26,127,0,153,25,0,25,178
10/22/2010,SMO,CA,AWP,WE,Towers with Radar,0,17,55,0,72,0,0,35,0,35,0,17,90,0,107,56,0,56,163
10/23/2010,SMO,CA,AWP,WE,Towers with Radar,0,15,57,0,72,0,0,61,0,61,0,15,118,0,133,146,0,146,279
10/24/2010,SMO,CA,AWP,WE,Towers with Radar,0,22,76,0,98,0,0,105,0,105,0,22,181,0,203,94,0,94,297
10/25/2010,SMO,CA,AWP,WE,Towers with Radar,0,14,43,0,57,0,0,57,0,57,0,14,100,0,114,102,0,102,216
10/26/2010,SMO,CA,AWP,WE,Towers with Radar,0,11,42,0,53,0,0,146,0,146,0,11,188,0,199,163,0,163,362
10/27/2010,SMO,CA,AWP,WE,Towers with Radar,0,32,49,0,81,0,0,163,0,163,0,32,212,0,244,174,0,174,418
10/28/2010,SMO,CA,AWP,WE,Towers with Radar,0,22,50,0,72,0,0,176,0,176,0,22,226,0,248,178,0,178,426
10/29/2010,SMO,CA,AWP,WE,Towers with Radar,0,19,64,0,83,0,0,163,0,163,0,19,227,0,246,124,0,124,370
10/30/2010,SMO,CA,AWP,WE,Towers with Radar,0,7,35,0,42,0,0,102,0,102,0,7,137,0,144,108,0,108,252
10/31/2010,SMO,CA,AWP,WE,Towers with Radar,0,20,59,0,79,0,0,159,0,159,0,20,218,0,238,73,0,73,311
11/01/2010,SMO,CA,AWP,WE,Towers with Radar,0,16,44,0,60,0,0,138,0,138,0,16,182,0,198,136,0,136,334
11/02/2010,SMO,CA,AWP,WE,Towers with Radar,0,14,31,0,45,0,0,120,0,120,0,14,151,0,165,141,0,141,306
11/03/2010,SMO,CA,AWP,WE,Towers with Radar,0,8,43,0,51,0,0,124,0,124,0,8,167,0,175,124,0,124,299
11/04/2010,SMO,CA,AWP,WE,Towers with Radar,0,22,40,0,62,0,0,151,0,151,0,22,191,0,213,145,0,145,358
11/05/2010,SMO,CA,AWP,WE,Towers with Radar,0,16,45,0,61,0,0,180,0,180,0,16,225,0,241,205,0,205,446
11/06/2010,SMO,CA,AWP,WE,Towers with Radar,0,10,44,0,54,0,0,56,0,56,0,10,100,0,110,44,0,44,154
11/07/2010,SMO,CA,AWP,WE,Towers with Radar,0,14,75,0,89,0,0,96,0,96,0,14,171,0,185,107,0,107,292
11/08/2010,SMO,CA,AWP,WE,Towers with Radar,0,17,31,0,48,0,0,71,0,71,0,17,102,0,119,49,0,49,168
11/09/2010,SMO,CA,AWP,WE,Towers with Radar,0,23,31,0,54,0,0,118,0,118,0,23,149,0,172,152,0,152,324
11/10/2010,SMO,CA,AWP,WE,Towers with Radar,0,24,47,0,71,0,0,154,0,154,0,24,201,0,225,202,0,202,427
11/11/2010,SMO,CA,AWP,WE,Towers with Radar,0,20,34,0,54,0,0,79,0,79,0,20,113,0,133,161,0,161,294
11/12/2010,SMO,CA,AWP,WE,Towers with Radar,0,26,64,0,90,0,0,125,0,125,0,26,189,0,215,128,0,128,343
11/13/2010,SMO,CA,AWP,WE,Towers with Radar,0,15,36,0,51,0,0,185,0,185,0,15,221,0,236,120,0,120,356
11/14/2010,SMO,CA,AWP,WE,Towers with Radar,0,18,61,0,79,0,0,194,0,194,0,18,255,0,273,34,0,34,307
11/15/2010,SMO,CA,AWP,WE,Towers with Radar,0,14,46,0,60,0,0,115,0,115,0,14,161,0,175,155,0,155,330
11/16/2010,SMO,CA,AWP,WE,Towers with Radar,0,12,56,0,68,0,0,120,0,120,0,12,176,0,188,166,0,166,354
11/17/2010,SMO,CA,AWP,WE,Towers with Radar,0,16,47,0,63,0,0,112,0,112,0,16,159,0,175,185,0,185,360
11/18/2010,SMO,CA,AWP,WE,Towers with Radar,0,21,69,0,90,0,0,83,0,83,0,21,152,0,173,99,0,99,272
11/19/2010,SMO,CA,AWP,WE,Towers with Radar,0,14,105,0,119,0,0,45,0,45,0,14,150,0,164,251,0,251,415
11/20/2010,SMO,CA,AWP,WE,Towers with Radar,0,4,32,0,36,0,0,23,0,23,0,4,55,0,59,26,0,26,85
11/21/2010,SMO,CA,AWP,WE,Towers with Radar,0,9,29,0,38,0,0,42,0,42,0,9,71,0,80,83,0,83,163
11/22/2010,SMO,CA,AWP,WE,Towers with Radar,0,13,28,0,41,0,0,116,0,116,0,13,144,0,157,136,0,136,293
11/23/2010,SMO,CA,AWP,WE,Towers with Radar,0,17,60,0,77,0,0,79,0,79,0,17,139,0,156,183,0,183,339
11/24/2010,SMO,CA,AWP,WE,Towers with Radar,0,37,66,0,103,0,0,137,0,137,0,37,203,0,240,174,0,174,414
11/25/2010,SMO,CA,AWP,WE,Towers with Radar,0,8,10,0,18,0,0,62,0,62,0,8,72,0,80,44,0,44,124
11/26/2010,SMO,CA,AWP,WE,Towers with Radar,0,20,25,0,45,0,0,158,0,158,0,20,183,0,203,114,0,114,317
11/27/2010,SMO,CA,AWP,WE,Towers with Radar,0,14,22,0,36,0,0,163,0,163,0,14,185,0,199,45,0,45,244
11/28/2010,SMO,CA,AWP,WE,Towers with Radar,0,27,69,0,96,0,3,109,0,112,0,30,178,0,208,42,0,42,250
11/29/2010,SMO,CA,AWP,WE,Towers with Radar,0,16,42,0,58,0,0,77,0,77,0,16,119,0,135,118,0,118,253
11/30/2010,SMO,CA,AWP,WE,Towers with Radar,0,14,45,0,59,0,0,128,0,128,0,14,173,0,187,203,0,203,390
12/01/2010,SMO,CA,AWP,WE,Towers with Radar,0,18,46,0,64,0,0,147,0,147,0,18,193,0,211,140,0,140,351
12/02/2010,SMO,CA,AWP,WE,Towers with Radar,0,25,57,0,82,0,0,148,0,148,0,25,205,0,230,98,0,98,328
12/03/2010,SMO,CA,AWP,WE,Towers with Radar,0,23,50,0,73,0,0,130,0,130,0,23,180,0,203,92,0,92,295
12/04/2010,SMO,CA,AWP,WE,Towers with Radar,0,11,35,0,46,0,0,142,0,142,0,11,177,0,188,70,0,70,258
12/05/2010,SMO,CA,AWP,WE,Towers with Radar,0,14,42,0,56,0,0,98,0,98,0,14,140,0,154,77,0,77,231
12/06/2010,SMO,CA,AWP,WE,Towers with Radar,0,11,41,0,52,0,0,70,0,70,0,11,111,0,122,65,0,65,187
12/07/2010,SMO,CA,AWP,WE,Towers with Radar,0,19,28,0,47,0,0,123,0,123,0,19,151,0,170,103,0,103,273
12/08/2010,SMO,CA,AWP,WE,Towers with Radar,0,12,24,0,36,0,0,110,0,110,0,12,134,0,146,114,0,114,260
12/09/2010,SMO,CA,AWP,WE,Towers with Radar,0,15,32,0,47,0,1,82,0,83,0,16,114,0,130,60,0,60,190
12/10/2010,SMO,CA,AWP,WE,Towers with Radar,0,13,45,0,58,0,0,72,0,72,0,13,117,0,130,44,0,44,174
12/11/2010,SMO,CA,AWP,WE,Towers with Radar,0,15,30,0,45,0,0,138,0,138,0,15,168,0,183,120,0,120,303
12/12/2010,SMO,CA,AWP,WE,Towers with Radar,0,24,34,0,58,0,0,220,0,220,0,24,254,0,278,83,0,83,361
12/13/2010,SMO,CA,AWP,WE,Towers with Radar,0,10,26,0,36,0,0,125,0,125,0,10,151,0,161,83,0,83,244
12/14/2010,SMO,CA,AWP,WE,Towers with Radar,0,16,72,0,88,0,0,6,0,6,0,16,78,0,94,0,0,0,94
12/15/2010,SMO,CA,AWP,WE,Towers with Radar,0,16,74,0,90,0,0,5,0,5,0,16,79,0,95,0,0,0,95
12/16/2010,SMO,CA,AWP,WE,Towers with Radar,0,16,52,0,68,0,0,105,0,105,0,16,157,0,173,142,0,142,315
12/17/2010,SMO,CA,AWP,WE,Towers with Radar,0,8,32,0,40,0,0,2,0,2,0,8,34,0,42,8,0,8,50
12/18/2010,SMO,CA,AWP,WE,Towers with Radar,0,2,18,0,20,0,0,0,0,0,0,2,18,0,20,0,0,0,20
12/19/2010,SMO,CA,AWP,WE,Towers with Radar,0,0,5,0,5,0,0,0,0,0,0,0,5,0,5,0,0,0,5
12/20/2010,SMO,CA,AWP,WE,Towers with Radar,0,4,23,0,27,0,0,2,0,2,0,4,25,0,29,0,0,0,29
12/21/2010,SMO,CA,AWP,WE,Towers with Radar,0,4,32,0,36,0,1,2,0,3,0,5,34,0,39,0,0,0,39
12/22/2010,SMO,CA,AWP,WE,Towers with Radar,0,4,31,0,35,0,0,8,0,8,0,4,39,0,43,10,0,10,53
12/23/2010,SMO,CA,AWP,WE,Towers with Radar,0,12,68,0,80,0,0,76,0,76,0,12,144,0,156,151,0,151,307
12/24/2010,SMO,CA,AWP,WE,Towers with Radar,0,12,11,0,23,0,0,123,0,123,0,12,134,0,146,39,0,39,185
12/25/2010,SMO,CA,AWP,WE,Towers with Radar,0,11,25,0,36,0,0,11,4,15,0,11,36,4,51,4,0,4,55
12/26/2010,SMO,CA,AWP,WE,Towers with Radar,0,23,40,0,63,0,0,73,0,73,0,23,113,0,136,42,0,42,178
12/27/2010,SMO,CA,AWP,WE,Towers with Radar,0,15,26,0,41,0,0,119,0,119,0,15,145,0,160,127,0,127,287
12/28/2010,SMO,CA,AWP,WE,Towers with Radar,0,13,32,0,45,0,0,145,0,145,0,13,177,0,190,136,0,136,326
12/29/2010,SMO,CA,AWP,WE,Towers with Radar,0,4,20,0,24,0,0,9,0,9,0,4,29,0,33,0,0,0,33
12/30/2010,SMO,CA,AWP,WE,Towers with Radar,0,14,29,0,43,0,0,92,0,92,0,14,121,0,135,90,0,90,225
12/31/2010,SMO,CA,AWP,WE,Towers with Radar,0,17,32,0,49,0,0,135,0,135,0,17,167,0,184,148,0,148,332
01/01/2011,SMO,CA,AWP,WE,Towers with Radar,0,15,26,0,41,0,0,102,0,102,0,15,128,0,143,16,0,16,159
01/02/2011,SMO,CA,AWP,WE,Towers with Radar,0,16,39,0,55,0,0,16,0,16,0,16,55,0,71,24,0,24,95
01/03/2011,SMO,CA,AWP,WE,Towers with Radar,0,14,32,0,46,0,0,27,0,27,0,14,59,0,73,37,0,37,110
01/04/2011,SMO,CA,AWP,WE,Towers with Radar,0,9,27,0,36,0,0,113,0,113,0,9,140,0,149,198,0,198,347
01/05/2011,SMO,CA,AWP,WE,Towers with Radar,0,16,35,0,51,0,0,127,0,127,0,16,162,0,178,129,0,129,307
01/06/2011,SMO,CA,AWP,WE,Towers with Radar,0,18,43,0,61,0,0,139,0,139,0,18,182,0,200,163,0,163,363
01/07/2011,SMO,CA,AWP,WE,Towers with Radar,0,30,54,0,84,0,0,130,2,132,0,30,184,2,216,102,0,102,318
01/08/2011,SMO,CA,AWP,WE,Towers with Radar,0,12,54,0,66,0,0,96,0,96,0,12,150,0,162,135,0,135,297
01/09/2011,SMO,CA,AWP,WE,Towers with Radar,0,20,49,0,69,0,0,138,0,138,0,20,187,0,207,92,0,92,299
01/10/2011,SMO,CA,AWP,WE,Towers with Radar,0,19,38,0,57,0,0,108,0,108,0,19,146,0,165,250,0,250,415
01/11/2011,SMO,CA,AWP,WE,Towers with Radar,0,24,41,0,65,0,1,113,0,114,0,25,154,0,179,171,0,171,350
01/12/2011,SMO,CA,AWP,WE,Towers with Radar,0,19,37,0,56,0,0,122,0,122,0,19,159,0,178,131,0,131,309
01/13/2011,SMO,CA,AWP,WE,Towers with Radar,0,24,54,0,78,0,0,172,0,172,0,24,226,0,250,107,0,107,357
01/14/2011,SMO,CA,AWP,WE,Towers with Radar,0,17,64,0,81,0,0,149,0,149,0,17,213,0,230,167,0,167,397
01/15/2011,SMO,CA,AWP,WE,Towers with Radar,0,4,30,0,34,0,0,177,0,177,0,4,207,0,211,84,0,84,295
01/16/2011,SMO,CA,AWP,WE,Towers with Radar,0,13,44,0,57,0,0,165,0,165,0,13,209,0,222,87,0,87,309
01/17/2011,SMO,CA,AWP,WE,Towers with Radar,0,36,52,0,88,0,0,192,0,192,0,36,244,0,280,133,0,133,413
01/18/2011,SMO,CA,AWP,WE,Towers with Radar,0,16,35,4,55,0,3,118,0,121,0,19,153,4,176,180,0,180,356
01/19/2011,SMO,CA,AWP,WE,Towers with Radar,0,14,60,0,74,0,0,52,0,52,0,14,112,0,126,14,0,14,140
01/20/2011,SMO,CA,AWP,WE,Towers with Radar,0,17,45,0,62,0,0,131,0,131,0,17,176,0,193,159,0,159,352
01/21/2011,SMO,CA,AWP,WE,Towers with Radar,0,19,60,2,81,0,0,204,0,204,0,19,264,2,285,125,0,125,410
01/22/2011,SMO,CA,AWP,WE,Towers with Radar,0,17,43,0,60,0,0,198,0,198,0,17,241,0,258,150,0,150,408
01/23/2011,SMO,CA,AWP,WE,Towers with Radar,0,30,45,0,75,0,0,186,0,186,0,30,231,0,261,86,0,86,347
01/24/2011,SMO,CA,AWP,WE,Towers with Radar,0,9,47,0,56,0,0,134,0,134,0,9,181,0,190,193,0,193,383
01/25/2011,SMO,CA,AWP,WE,Towers with Radar,0,13,42,0,55,0,0,174,0,174,0,13,216,0,229,150,0,150,379
01/26/2011,SMO,CA,AWP,WE,Towers with Radar,0,17,36,0,53,0,0,117,0,117,0,17,153,0,170,106,0,106,276
01/27/2011,SMO,CA,AWP,WE,Towers with Radar,0,9,48,0,57,0,2,128,0,130,0,11,176,0,187,174,0,174,361
01/28/2011,SMO,CA,AWP,WE,Towers with Radar,0,23,52,0,75,0,0,205,0,205,0,23,257,0,280,152,0,152,432
01/29/2011,SMO,CA,AWP,WE,Towers with Radar,0,10,49,0,59,0,0,192,0,192,0,10,241,0,251,122,0,122,373
01/30/2011,SMO,CA,AWP,WE,Towers with Radar,0,6,54,0,60,0,0,23,0,23,0,6,77,0,83,52,0,52,135
01/31/2011,SMO,CA,AWP,WE,Towers with Radar,0,24,43,0,67,0,1,126,0,127,0,25,169,0,194,193,0,193,387
02/01/2011,SMO,CA,AWP,WE,Towers with Radar,0,20,44,0,64,0,0,95,0,95,0,20,139,0,159,173,0,173,332
02/02/2011,SMO,CA,AWP,WE,Towers with Radar,0,17,32,0,49,0,0,81,2,83,0,17,113,2,132,172,0,172,304
02/03/2011,SMO,CA,AWP,WE,Towers with Radar,0,9,57,0,66,0,0,146,0,146,0,9,203,0,212,125,0,125,337
02/04/2011,SMO,CA,AWP,WE,Towers with Radar,0,18,49,0,67,0,0,186,0,186,0,18,235,0,253,110,0,110,363
02/05/2011,SMO,CA,AWP,WE,Towers with Radar,0,23,32,2,57,0,0,193,0,193,0,23,225,2,250,58,4,62,312
02/06/2011,SMO,CA,AWP,WE,Towers with Radar,0,22,32,0,54,0,0,164,0,164,0,22,196,0,218,56,0,56,274
02/07/2011,SMO,CA,AWP,WE,Towers with Radar,0,19,40,2,61,0,0,121,0,121,0,19,161,2,182,127,0,127,309
02/08/2011,SMO,CA,AWP,WE,Towers with Radar,0,27,60,0,87,0,0,101,0,101,0,27,161,0,188,201,0,201,389
02/09/2011,SMO,CA,AWP,WE,Towers with Radar,0,15,41,0,56,0,0,136,0,136,0,15,177,0,192,197,0,197,389
02/10/2011,SMO,CA,AWP,WE,Towers with Radar,0,12,46,0,58,0,0,131,0,131,0,12,177,0,189,140,0,140,329
02/11/2011,SMO,CA,AWP,WE,Towers with Radar,0,27,60,0,87,0,0,165,2,167,0,27,225,2,254,145,0,145,399
02/12/2011,SMO,CA,AWP,WE,Towers with Radar,0,25,26,0,51,0,0,248,0,248,0,25,274,0,299,106,0,106,405
02/13/2011,SMO,CA,AWP,WE,Towers with Radar,0,30,46,0,76,0,0,219,0,219,0,30,265,0,295,55,0,55,350
02/14/2011,SMO,CA,AWP,WE,Towers with Radar,0,26,41,0,67,0,0,164,0,164,0,26,205,0,231,127,0,127,358
02/15/2011,SMO,CA,AWP,WE,Towers with Radar,0,26,82,0,108,0,0,32,0,32,0,26,114,0,140,53,0,53,193
02/16/2011,SMO,CA,AWP,WE,Towers with Radar,0,10,50,0,60,0,0,45,0,45,0,10,95,0,105,21,0,21,126
02/17/2011,SMO,CA,AWP,WE,Towers with Radar,0,23,56,0,79,0,0,113,0,113,0,23,169,0,192,115,0,115,307
02/18/2011,SMO,CA,AWP,WE,Towers with Radar,0,37,44,0,81,0,0,52,0,52,0,37,96,0,133,16,0,16,149
02/19/2011,SMO,CA,AWP,WE,Towers with Radar,0,27,28,0,55,0,0,52,0,52,0,27,80,0,107,65,0,65,172
02/20/2011,SMO,CA,AWP,WE,Towers with Radar,0,29,45,0,74,0,0,168,0,168,0,29,213,0,242,38,0,38,280
02/21/2011,SMO,CA,AWP,WE,Towers with Radar,0,36,78,0,114,0,0,176,0,176,0,36,254,0,290,123,0,123,413
02/22/2011,SMO,CA,AWP,WE,Towers with Radar,0,20,45,0,65,0,0,151,0,151,0,20,196,0,216,191,0,191,407
02/23/2011,SMO,CA,AWP,WE,Towers with Radar,0,18,30,0,48,0,0,145,0,145,0,18,175,0,193,113,0,113,306
02/24/2011,SMO,CA,AWP,WE,Towers with Radar,0,30,49,0,79,0,1,141,0,142,0,31,190,0,221,112,0,112,333
02/25/2011,SMO,CA,AWP,WE,Towers with Radar,0,20,58,0,78,0,0,21,0,21,0,20,79,0,99,60,0,60,159
02/26/2011,SMO,CA,AWP,WE,Towers with Radar,0,13,16,0,29,0,0,51,0,51,0,13,67,0,80,4,0,4,84
02/27/2011,SMO,CA,AWP,WE,Towers with Radar,0,16,45,0,61,0,194,0,0,194,0,210,45,0,255,66,0,66,321
02/28/2011,SMO,CA,AWP,WE,Towers with Radar,0,21,53,0,74,0,0,152,0,152,0,21,205,0,226,145,0,145,371
03/01/2011,SMO,CA,AWP,WE,Towers with Radar,0,19,50,0,69,0,1,132,0,133,0,20,182,0,202,111,0,111,313
03/02/2011,SMO,CA,AWP,WE,Towers with Radar,0,18,58,0,76,0,0,111,0,111,0,18,169,0,187,201,0,201,388
03/03/2011,SMO,CA,AWP,WE,Towers with Radar,0,24,80,0,104,0,0,57,0,57,0,24,137,0,161,91,0,91,252
03/04/2011,SMO,CA,AWP,WE,Towers with Radar,0,15,50,0,65,0,0,145,0,145,0,15,195,0,210,95,0,95,305
03/05/2011,SMO,CA,AWP,WE,Towers with Radar,0,19,28,0,47,0,0,213,0,213,0,19,241,0,260,106,0,106,366
03/06/2011,SMO,CA,AWP,WE,Towers with Radar,0,23,72,0,95,0,0,79,0,79,0,23,151,0,174,68,0,68,242
03/07/2011,SMO,CA,AWP,WE,Towers with Radar,0,10,38,0,48,0,0,78,0,78,0,10,116,0,126,82,0,82,208
03/08/2011,SMO,CA,AWP,WE,Towers with Radar,0,19,63,0,82,0,0,153,0,153,0,19,216,0,235,186,0,186,421
03/09/2011,SMO,CA,AWP,WE,Towers with Radar,0,32,63,0,95,0,0,185,1,186,0,32,248,1,281,122,0,122,403
03/10/2011,SMO,CA,AWP,WE,Towers with Radar,0,24,43,0,67,0,0,178,1,179,0,24,221,1,246,135,0,135,381
03/11/2011,SMO,CA,AWP,WE,Towers with Radar,0,26,64,0,90,0,0,184,0,184,0,26,248,0,274,202,0,202,476
03/12/2011,SMO,CA,AWP,WE,Towers with Radar,0,17,42,0,59,0,0,137,0,137,0,17,179,0,196,60,0,60,256
03/13/2011,SMO,CA,AWP,WE,Towers with Radar,0,22,43,0,65,0,0,217,0,217,0,22,260,0,282,54,0,54,336
03/14/2011,SMO,CA,AWP,WE,Towers with Radar,0,16,37,0,53,0,0,143,0,143,0,16,180,0,196,165,0,165,361
03/15/2011,SMO,CA,AWP,WE,Towers with Radar,0,22,49,0,71,0,0,137,0,137,0,22,186,0,208,153,0,153,361
03/16/2011,SMO,CA,AWP,WE,Towers with Radar,0,22,58,0,80,0,0,127,0,127,0,22,185,0,207,202,0,202,409
03/17/2011,SMO,CA,AWP,WE,Towers with Radar,0,37,59,0,96,0,0,127,0,127,0,37,186,0,223,171,0,171,394
03/18/2011,SMO,CA,AWP,WE,Towers with Radar,0,24,51,0,75,0,0,166,0,166,0,24,217,0,241,175,0,175,416
03/19/2011,SMO,CA,AWP,WE,Towers with Radar,0,18,36,0,54,0,0,126,0,126,0,18,162,0,180,93,0,93,273
03/20/2011,SMO,CA,AWP,WE,Towers with Radar,0,13,28,0,41,0,0,3,0,3,0,13,31,0,44,6,0,6,50
03/21/2011,SMO,CA,AWP,WE,Towers with Radar,0,8,49,0,57,0,0,39,0,39,0,8,88,0,96,120,0,120,216
03/22/2011,SMO,CA,AWP,WE,Towers with Radar,0,19,63,0,82,0,0,127,0,127,0,19,190,0,209,235,0,235,444
03/23/2011,SMO,CA,AWP,WE,Towers with Radar,0,12,45,0,57,0,0,72,0,72,0,12,117,0,129,164,0,164,293
03/24/2011,SMO,CA,AWP,WE,Towers with Radar,0,21,54,0,75,0,0,75,0,75,0,21,129,0,150,142,0,142,292
03/25/2011,SMO,CA,AWP,WE,Towers with Radar,0,17,48,0,65,0,0,90,0,90,0,17,138,0,155,67,0,67,222
03/26/2011,SMO,CA,AWP,WE,Towers with Radar,0,17,39,0,56,0,0,105,0,105,0,17,144,0,161,142,0,142,303
03/27/2011,SMO,CA,AWP,WE,Towers with Radar,0,13,64,0,77,0,0,78,0,78,0,13,142,0,155,112,0,112,267
03/28/2011,SMO,CA,AWP,WE,Towers with Radar,0,19,40,0,59,0,0,159,0,159,0,19,199,0,218,203,0,203,421
03/29/2011,SMO,CA,AWP,WE,Towers with Radar,0,26,49,0,75,0,0,160,0,160,0,26,209,0,235,205,0,205,440
03/30/2011,SMO,CA,AWP,WE,Towers with Radar,0,20,59,0,79,0,0,178,0,178,0,20,237,0,257,211,0,211,468
03/31/2011,SMO,CA,AWP,WE,Towers with Radar,0,12,45,0,57,0,0,181,0,181,0,12,226,0,238,298,0,298,536
04/01/2011,SMO,CA,AWP,WE,Towers with Radar,0,11,56,0,67,0,0,180,0,180,0,11,236,0,247,163,0,163,410
04/02/2011,SMO,CA,AWP,WE,Towers with Radar,0,20,62,0,82,0,0,39,0,39,0,20,101,0,121,106,0,106,227
04/03/2011,SMO,CA,AWP,WE,Towers with Radar,0,13,65,0,78,0,0,137,0,137,0,13,202,0,215,140,0,140,355
04/04/2011,SMO,CA,AWP,WE,Towers with Radar,0,14,44,0,58,0,0,167,0,167,0,14,211,0,225,162,0,162,387
04/05/2011,SMO,CA,AWP,WE,Towers with Radar,0,15,56,0,71,0,0,136,0,136,0,15,192,0,207,105,0,105,312
04/06/2011,SMO,CA,AWP,WE,Towers with Radar,0,15,39,0,54,0,0,111,0,111,0,15,150,0,165,288,0,288,453
04/07/2011,SMO,CA,AWP,WE,Towers with Radar,0,6,49,0,55,0,0,50,0,50,0,6,99,0,105,166,0,166,271
04/08/2011,SMO,CA,AWP,WE,Towers with Radar,0,16,32,0,48,0,0,120,0,120,0,16,152,0,168,349,0,349,517
04/09/2011,SMO,CA,AWP,WE,Towers with Radar,0,17,26,0,43,0,0,161,0,161,0,17,187,0,204,149,0,149,353
04/10/2011,SMO,CA,AWP,WE,Towers with Radar,0,20,34,0,54,0,0,206,0,206,0,20,240,0,260,150,0,150,410
04/11/2011,SMO,CA,AWP,WE,Towers with Radar,0,8,36,0,44,0,0,134,0,134,0,8,170,0,178,134,0,134,312
04/12/2011,SMO,CA,AWP,WE,Towers with Radar,0,23,65,0,88,0,1,130,0,131,0,24,195,0,219,130,0,130,349
04/13/2011,SMO,CA,AWP,WE,Towers with Radar,0,13,50,0,63,0,0,119,0,119,0,13,169,0,182,214,0,214,396
04/14/2011,SMO,CA,AWP,WE,Towers with Radar,0,14,58,0,72,0,0,153,0,153,0,14,211,0,225,106,0,106,331
04/15/2011,SMO,CA,AWP,WE,Towers with Radar,0,12,58,0,70,0,0,154,0,154,0,12,212,0,224,232,0,232,456
04/16/2011,SMO,CA,AWP,WE,Towers with Radar,0,11,28,0,39,0,0,215,0,215,0,11,243,0,254,76,0,76,330
04/17/2011,SMO,CA,AWP,WE,Towers with Radar,0,9,56,0,65,0,0,144,0,144,0,9,200,0,209,23,0,23,232
04/18/2011,SMO,CA,AWP,WE,Towers with Radar,0,25,81,0,106,0,0,63,0,63,0,25,144,0,169,146,0,146,315
04/19/2011,SMO,CA,AWP,WE,Towers with Radar,0,17,63,0,80,0,0,85,0,85,0,17,148,0,165,356,0,356,521
04/20/2011,SMO,CA,AWP,WE,Towers with Radar,0,22,61,0,83,0,0,81,0,81,0,22,142,0,164,189,0,189,353
04/21/2011,SMO,CA,AWP,WE,Towers with Radar,0,6,42,0,48,0,0,28,0,28,0,6,70,0,76,146,0,146,222
04/22/2011,SMO,CA,AWP,WE,Towers with Radar,0,16,45,0,61,0,0,166,0,166,0,16,211,0,227,140,0,140,367
04/23/2011,SMO,CA,AWP,WE,Towers with Radar,0,12,39,0,51,0,0,213,0,213,0,12,252,0,264,51,0,51,315
04/24/2011,SMO,CA,AWP,WE,Towers with Radar,0,17,41,0,58,0,0,53,0,53,0,17,94,0,111,30,0,30,141
04/25/2011,SMO,CA,AWP,WE,Towers with Radar,0,12,29,0,41,0,0,129,0,129,0,12,158,0,170,163,0,163,333
04/26/2011,SMO,CA,AWP,WE,Towers with Radar,0,22,45,0,67,0,0,124,0,124,0,22,169,0,191,72,0,72,263
04/27/2011,SMO,CA,AWP,WE,Towers with Radar,0,14,44,0,58,0,0,155,0,155,0,14,199,0,213,165,0,165,378
04/28/2011,SMO,CA,AWP,WE,Towers with Radar,0,29,61,0,90,0,0,180,0,180,0,29,241,0,270,160,0,160,430
04/29/2011,SMO,CA,AWP,WE,Towers with Radar,0,27,39,0,66,0,0,162,0,162,0,27,201,0,228,130,0,130,358
04/30/2011,SMO,CA,AWP,WE,Towers with Radar,0,6,43,0,49,0,0,166,0,166,0,6,209,0,215,82,0,82,297
05/01/2011,SMO,CA,AWP,WE,Towers with Radar,0,32,62,0,94,0,0,135,0,135,0,32,197,0,229,64,0,64,293
05/02/2011,SMO,CA,AWP,WE,Towers with Radar,0,16,34,1,51,0,0,119,0,119,0,16,153,1,170,119,0,119,289
05/03/2011,SMO,CA,AWP,WE,Towers with Radar,0,26,57,2,85,0,3,144,0,147,0,29,201,2,232,100,0,100,332
05/04/2011,SMO,CA,AWP,WE,Towers with Radar,0,25,69,0,94,0,0,147,0,147,0,25,216,0,241,170,0,170,411
05/05/2011,SMO,CA,AWP,WE,Towers with Radar,0,12,55,0,67,0,0,114,0,114,0,12,169,0,181,58,0,58,239
05/06/2011,SMO,CA,AWP,WE,Towers with Radar,0,13,53,0,66,0,0,123,0,123,0,13,176,0,189,161,0,161,350
05/07/2011,SMO,CA,AWP,WE,Towers with Radar,0,14,71,0,85,0,0,94,0,94,0,14,165,0,179,239,0,239,418
05/08/2011,SMO,CA,AWP,WE,Towers with Radar,0,12,51,0,63,0,0,132,0,132,0,12,183,0,195,155,0,155,350
05/09/2011,SMO,CA,AWP,WE,Towers with Radar,0,12,40,0,52,0,0,148,0,148,0,12,188,0,200,89,0,89,289
05/10/2011,SMO,CA,AWP,WE,Towers with Radar,0,8,56,0,64,0,0,166,0,166,0,8,222,0,230,152,0,152,382
05/11/2011,SMO,CA,AWP,WE,Towers with Radar,0,26,47,0,73,0,0,143,0,143,0,26,190,0,216,130,0,130,346
05/12/2011,SMO,CA,AWP,WE,Towers with Radar,0,21,62,0,83,0,0,146,0,146,0,21,208,0,229,184,0,184,413
05/13/2011,SMO,CA,AWP,WE,Towers with Radar,0,22,56,0,78,0,0,154,0,154,0,22,210,0,232,94,0,94,326
05/14/2011,SMO,CA,AWP,WE,Towers with Radar,0,6,64,0,70,0,0,67,0,67,0,6,131,0,137,144,0,144,281
05/15/2011,SMO,CA,AWP,WE,Towers with Radar,0,21,33,0,54,0,0,82,0,82,0,21,115,0,136,64,0,64,200
05/16/2011,SMO,CA,AWP,WE,Towers with Radar,0,23,47,0,70,0,0,95,0,95,0,23,142,0,165,156,0,156,321
05/17/2011,SMO,CA,AWP,WE,Towers with Radar,0,14,33,0,47,0,0,24,0,24,0,14,57,0,71,125,0,125,196
05/18/2011,SMO,CA,AWP,WE,Towers with Radar,0,15,45,0,60,0,0,55,0,55,0,15,100,0,115,119,0,119,234
05/19/2011,SMO,CA,AWP,WE,Towers with Radar,0,14,77,0,91,0,0,144,0,144,0,14,221,0,235,145,0,145,380
05/20/2011,SMO,CA,AWP,WE,Towers with Radar,0,19,53,0,72,0,0,150,0,150,0,19,203,0,222,208,0,208,430
05/21/2011,SMO,CA,AWP,WE,Towers with Radar,0,13,47,0,60,0,0,157,0,157,0,13,204,0,217,92,0,92,309
05/22/2011,SMO,CA,AWP,WE,Towers with Radar,0,15,63,0,78,0,0,87,0,87,0,15,150,0,165,119,0,119,284
05/23/2011,SMO,CA,AWP,WE,Towers with Radar,0,13,46,0,59,0,0,116,0,116,0,13,162,0,175,234,0,234,409
05/24/2011,SMO,CA,AWP,WE,Towers with Radar,0,8,39,0,47,0,0,152,0,152,0,8,191,0,199,207,0,207,406
05/25/2011,SMO,CA,AWP,WE,Towers with Radar,0,20,37,0,57,0,0,143,0,143,0,20,180,0,200,179,0,179,379
05/26/2011,SMO,CA,AWP,WE,Towers with Radar,0,31,38,0,69,0,0,121,0,121,0,31,159,0,190,144,0,144,334
05/27/2011,SMO,CA,AWP,WE,Towers with Radar,0,23,45,0,68,0,0,171,0,171,0,23,216,0,239,154,0,154,393
05/28/2011,SMO,CA,AWP,WE,Towers with Radar,0,14,35,1,50,0,0,132,0,132,0,14,167,1,182,107,0,107,289
05/29/2011,SMO,CA,AWP,WE,Towers with Radar,0,10,19,0,29,0,0,131,0,131,0,10,150,0,160,66,0,66,226
05/30/2011,SMO,CA,AWP,WE,Towers with Radar,0,17,39,0,56,0,1,243,8,252,0,18,282,8,308,70,0,70,378
05/31/2011,SMO,CA,AWP,WE,Towers with Radar,0,18,43,0,61,0,0,156,0,156,0,18,199,0,217,200,0,200,417
06/01/2011,SMO,CA,AWP,WE,Towers with Radar,0,7,34,0,41,0,0,162,0,162,0,7,196,0,203,233,0,233,436
06/02/2011,SMO,CA,AWP,WE,Towers with Radar,0,13,42,0,55,0,0,134,0,134,0,13,176,0,189,161,0,161,350
06/03/2011,SMO,CA,AWP,WE,Towers with Radar,0,17,40,0,57,0,0,152,0,152,0,17,192,0,209,146,0,146,355
06/04/2011,SMO,CA,AWP,WE,Towers with Radar,0,17,24,0,41,0,0,166,0,166,0,17,190,0,207,120,0,120,327
06/05/2011,SMO,CA,AWP,WE,Towers with Radar,0,22,50,0,72,0,0,157,0,157,0,22,207,0,229,82,0,82,311
06/06/2011,SMO,CA,AWP,WE,Towers with Radar,0,15,38,0,53,0,0,110,0,110,0,15,148,0,163,206,0,206,369
06/07/2011,SMO,CA,AWP,WE,Towers with Radar,0,11,39,0,50,0,0,163,0,163,0,11,202,0,213,197,0,197,410
06/08/2011,SMO,CA,AWP,WE,Towers with Radar,0,20,110,0,130,0,0,41,0,41,0,20,151,0,171,170,0,170,341
06/09/2011,SMO,CA,AWP,WE,Towers with Radar,0,23,67,0,90,0,0,51,0,51,0,23,118,0,141,148,0,148,289
06/10/2011,SMO,CA,AWP,WE,Towers with Radar,0,26,98,0,124,0,0,42,0,42,0,26,140,0,166,133,0,133,299
06/11/2011,SMO,CA,AWP,WE,Towers with Radar,0,25,64,0,89,0,0,68,0,68,0,25,132,0,157,68,0,68,225
06/12/2011,SMO,CA,AWP,WE,Towers with Radar,0,26,75,0,101,0,0,131,0,131,0,26,206,0,232,87,0,87,319
06/13/2011,SMO,CA,AWP,WE,Towers with Radar,0,17,67,0,84,0,0,93,17,110,0,17,160,17,194,155,0,155,349
06/14/2011,SMO,CA,AWP,WE,Towers with Radar,0,10,104,0,114,0,0,24,0,24,0,10,128,0,138,0,0,0,138
06/15/2011,SMO,CA,AWP,WE,Towers with Radar,0,28,83,0,111,0,0,68,0,68,0,28,151,0,179,6,0,6,185
06/16/2011,SMO,CA,AWP,WE,Towers with Radar,0,22,70,0,92,0,0,39,0,39,0,22,109,0,131,199,0,199,330
06/17/2011,SMO,CA,AWP,WE,Towers with Radar,0,17,65,0,82,0,0,80,0,80,0,17,145,0,162,66,0,66,228
06/18/2011,SMO,CA,AWP,WE,Towers with Radar,0,18,39,0,57,0,0,135,0,135,0,18,174,0,192,88,0,88,280
06/19/2011,SMO,CA,AWP,WE,Towers with Radar,0,15,45,0,60,0,0,107,0,107,0,15,152,0,167,119,0,119,286
06/20/2011,SMO,CA,AWP,WE,Towers with Radar,0,9,48,0,57,0,0,115,0,115,0,9,163,0,172,108,0,108,280
06/21/2011,SMO,CA,AWP,WE,Towers with Radar,0,16,59,0,75,0,0,109,0,109,0,16,168,0,184,70,0,70,254
06/22/2011,SMO,CA,AWP,WE,Towers with Radar,0,28,79,0,107,0,0,49,0,49,0,28,128,0,156,30,0,30,186
06/23/2011,SMO,CA,AWP,WE,Towers with Radar,0,22,78,0,100,0,0,94,0,94,0,22,172,0,194,52,0,52,246
06/24/2011,SMO,CA,AWP,WE,Towers with Radar,0,23,74,0,97,0,0,110,0,110,0,23,184,0,207,51,0,51,258
06/25/2011,SMO,CA,AWP,WE,Towers with Radar,0,19,55,0,74,0,0,150,0,150,0,19,205,0,224,9,0,9,233
06/26/2011,SMO,CA,AWP,WE,Towers with Radar,0,23,35,0,58,0,0,210,0,210,0,23,245,0,268,72,0,72,340
06/27/2011,SMO,CA,AWP,WE,Towers with Radar,0,21,32,0,53,0,0,118,2,120,0,21,150,2,173,149,0,149,322
06/28/2011,SMO,CA,AWP,WE,Towers with Radar,0,17,68,0,85,0,0,126,0,126,0,17,194,0,211,61,0,61,272
06/29/2011,SMO,CA,AWP,WE,Towers with Radar,0,13,41,0,54,0,0,109,0,109,0,13,150,0,163,118,0,118,281
06/30/2011,SMO,CA,AWP,WE,Towers with Radar,0,28,50,0,78,0,0,149,0,149,0,28,199,0,227,178,0,178,405
07/01/2011,SMO,CA,AWP,WE,Towers with Radar,0,24,36,0,60,0,0,208,0,208,0,24,244,0,268,169,0,169,437
07/02/2011,SMO,CA,AWP,WE,Towers with Radar,0,14,28,0,42,0,0,205,0,205,0,14,233,0,247,41,0,41,288
07/03/2011,SMO,CA,AWP,WE,Towers with Radar,0,8,50,0,58,0,0,87,0,87,0,8,137,0,145,10,0,10,155
07/04/2011,SMO,CA,AWP,WE,Towers with Radar,0,11,22,0,33,0,0,136,0,136,0,11,158,0,169,66,0,66,235
07/05/2011,SMO,CA,AWP,WE,Towers with Radar,0,33,32,0,65,0,0,132,0,132,0,33,164,0,197,157,0,157,354
07/06/2011,SMO,CA,AWP,WE,Towers with Radar,0,19,27,0,46,0,0,159,0,159,0,19,186,0,205,133,0,133,338
07/07/2011,SMO,CA,AWP,WE,Towers with Radar,0,22,35,0,57,0,1,145,0,146,0,23,180,0,203,144,0,144,347
07/08/2011,SMO,CA,AWP,WE,Towers with Radar,0,20,41,0,61,0,0,162,0,162,0,20,203,0,223,113,0,113,336
07/09/2011,SMO,CA,AWP,WE,Towers with Radar,0,17,37,0,54,0,0,163,0,163,0,17,200,0,217,14,0,14,231
07/10/2011,SMO,CA,AWP,WE,Towers with Radar,0,13,60,0,73,0,0,171,0,171,0,13,231,0,244,33,0,33,277
07/11/2011,SMO,CA,AWP,WE,Towers with Radar,0,19,53,0,72,0,0,145,0,145,0,19,198,0,217,205,0,205,422
07/12/2011,SMO,CA,AWP,WE,Towers with Radar,0,15,55,0,70,0,0,160,0,160,0,15,215,0,230,150,0,150,380
07/13/2011,SMO,CA,AWP,WE,Towers with Radar,0,20,65,0,85,0,0,105,0,105,0,20,170,0,190,126,0,126,316
07/14/2011,SMO,CA,AWP,WE,Towers with Radar,0,12,70,0,82,0,0,114,0,114,0,12,184,0,196,202,0,202,398
07/15/2011,SMO,CA,AWP,WE,Towers with Radar,0,28,51,0,79,0,0,156,0,156,0,28,207,0,235,123,0,123,358
07/16/2011,SMO,CA,AWP,WE,Towers with Radar,0,13,32,0,45,0,0,184,0,184,0,13,216,0,229,47,0,47,276
07/17/2011,SMO,CA,AWP,WE,Towers with Radar,0,22,47,0,69,0,0,217,0,217,0,22,264,0,286,62,0,62,348
07/18/2011,SMO,CA,AWP,WE,Towers with Radar,0,14,52,0,66,0,0,148,0,148,0,14,200,0,214,172,0,172,386
07/19/2011,SMO,CA,AWP,WE,Towers with Radar,0,8,37,0,45,0,0,147,0,147,0,8,184,0,192,205,0,205,397
07/20/2011,SMO,CA,AWP,WE,Towers with Radar,0,13,81,0,94,0,0,79,0,79,0,13,160,0,173,20,0,20,193
07/21/2011,SMO,CA,AWP,WE,Towers with Radar,0,13,70,0,83,0,0,91,0,91,0,13,161,0,174,49,0,49,223
07/22/2011,SMO,CA,AWP,WE,Towers with Radar,0,17,53,0,70,0,1,124,0,125,0,18,177,0,195,80,0,80,275
07/23/2011,SMO,CA,AWP,WE,Towers with Radar,0,10,33,0,43,0,0,234,0,234,0,10,267,0,277,60,0,60,337
07/24/2011,SMO,CA,AWP,WE,Towers with Radar,0,14,75,0,89,0,0,95,0,95,0,14,170,0,184,19,0,19,203
07/25/2011,SMO,CA,AWP,WE,Towers with Radar,0,15,49,0,64,0,0,116,0,116,0,15,165,0,180,152,0,152,332
07/26/2011,SMO,CA,AWP,WE,Towers with Radar,0,23,47,0,70,0,0,190,0,190,0,23,237,0,260,105,0,105,365
07/27/2011,SMO,CA,AWP,WE,Towers with Radar,0,18,57,0,75,0,0,125,0,125,0,18,182,0,200,117,0,117,317
07/28/2011,SMO,CA,AWP,WE,Towers with Radar,0,15,43,0,58,0,0,117,0,117,0,15,160,0,175,183,0,183,358
07/29/2011,SMO,CA,AWP,WE,Towers with Radar,0,17,83,0,100,0,0,50,0,50,0,17,133,0,150,49,0,49,199
07/30/2011,SMO,CA,AWP,WE,Towers with Radar,0,12,29,0,41,0,0,139,0,139,0,12,168,0,180,88,0,88,268
07/31/2011,SMO,CA,AWP,WE,Towers with Radar,0,22,37,0,59,0,0,194,0,194,0,22,231,0,253,67,0,67,320
08/01/2011,SMO,CA,AWP,WE,Towers with Radar,0,10,56,0,66,0,0,125,0,125,0,10,181,0,191,145,0,145,336
08/02/2011,SMO,CA,AWP,WE,Towers with Radar,0,10,28,0,38,0,0,161,0,161,0,10,189,0,199,161,0,161,360
08/03/2011,SMO,CA,AWP,WE,Towers with Radar,0,22,55,0,77,0,0,186,0,186,0,22,241,0,263,0,136,136,399
08/04/2011,SMO,CA,AWP,WE,Towers with Radar,0,22,50,0,72,0,0,176,0,176,0,22,226,0,248,173,0,173,421
08/05/2011,SMO,CA,AWP,WE,Towers with Radar,0,20,43,0,63,0,0,142,0,142,0,20,185,0,205,116,0,116,321
08/06/2011,SMO,CA,AWP,WE,Towers with Radar,0,12,31,0,43,0,0,149,0,149,0,12,180,0,192,52,0,52,244
08/07/2011,SMO,CA,AWP,WE,Towers with Radar,0,21,57,0,78,0,0,108,0,108,0,21,165,0,186,12,0,12,198
08/08/2011,SMO,CA,AWP,WE,Towers with Radar,0,18,61,0,79,0,0,111,0,111,0,18,172,0,190,135,0,135,325
08/09/2011,SMO,CA,AWP,WE,Towers with Radar,0,22,56,0,78,0,1,111,0,112,0,23,167,0,190,130,0,130,320
08/10/2011,SMO,CA,AWP,WE,Towers with Radar,0,23,68,0,91,0,0,91,0,91,0,23,159,0,182,117,0,117,299
08/11/2011,SMO,CA,AWP,WE,Towers with Radar,0,25,64,0,89,0,0,112,4,116,0,25,176,4,205,212,0,212,417
08/12/2011,SMO,CA,AWP,WE,Towers with Radar,0,25,58,0,83,0,0,145,0,145,0,25,203,0,228,85,0,85,313
08/13/2011,SMO,CA,AWP,WE,Towers with Radar,0,19,39,0,58,0,0,99,0,99,0,19,138,0,157,54,0,54,211
08/14/2011,SMO,CA,AWP,WE,Towers with Radar,0,24,122,0,146,0,0,17,0,17,0,24,139,0,163,0,0,0,163
08/15/2011,SMO,CA,AWP,WE,Towers with Radar,0,22,57,0,79,0,0,109,0,109,0,22,166,0,188,46,0,46,234
08/16/2011,SMO,CA,AWP,WE,Towers with Radar,0,13,81,0,94,0,0,91,0,91,0,13,172,0,185,9,0,9,194
08/17/2011,SMO,CA,AWP,WE,Towers with Radar,0,17,85,0,102,0,0,119,0,119,0,17,204,0,221,114,0,114,335
08/18/2011,SMO,CA,AWP,WE,Towers with Radar,0,25,32,0,57,0,0,175,0,175,0,25,207,0,232,68,0,68,300
08/19/2011,SMO,CA,AWP,WE,Towers with Radar,0,21,66,0,87,0,0,112,0,112,0,21,178,0,199,141,0,141,340
08/20/2011,SMO,CA,AWP,WE,Towers with Radar,0,15,55,0,70,0,0,173,0,173,0,15,228,0,243,58,0,58,301
08/21/2011,SMO,CA,AWP,WE,Towers with Radar,0,33,53,0,86,0,0,168,0,168,0,33,221,0,254,66,0,66,320
08/22/2011,SMO,CA,AWP,WE,Towers with Radar,0,16,39,0,55,0,0,136,0,136,0,16,175,0,191,182,0,182,373
08/23/2011,SMO,CA,AWP,WE,Towers with Radar,0,10,28,0,38,0,0,177,0,177,0,10,205,0,215,139,0,139,354
08/24/2011,SMO,CA,AWP,WE,Towers with Radar,0,27,46,0,73,0,0,151,0,151,0,27,197,0,224,165,0,165,389
08/25/2011,SMO,CA,AWP,WE,Towers with Radar,0,17,34,1,52,0,0,175,0,175,0,17,209,1,227,150,0,150,377
08/26/2011,SMO,CA,AWP,WE,Towers with Radar,0,24,39,0,63,0,0,146,0,146,0,24,185,0,209,157,0,157,366
08/27/2011,SMO,CA,AWP,WE,Towers with Radar,0,10,29,0,39,0,1,200,0,201,0,11,229,0,240,42,0,42,282
08/28/2011,SMO,CA,AWP,WE,Towers with Radar,0,17,32,0,49,0,0,199,0,199,0,17,231,0,248,61,0,61,309
08/29/2011,SMO,CA,AWP,WE,Towers with Radar,0,14,21,0,35,0,0,125,0,125,0,14,146,0,160,55,0,55,215
08/30/2011,SMO,CA,AWP,WE,Towers with Radar,0,9,51,0,60,0,0,126,0,126,0,9,177,0,186,104,0,104,290
08/31/2011,SMO,CA,AWP,WE,Towers with Radar,0,19,76,0,95,0,0,106,0,106,0,19,182,0,201,190,0,190,391
09/01/2011,SMO,CA,AWP,WE,Towers with Radar,0,19,73,0,92,0,1,134,0,135,0,20,207,0,227,63,0,63,290
09/02/2011,SMO,CA,AWP,WE,Towers with Radar,0,30,116,0,146,0,0,53,0,53,0,30,169,0,199,2,0,2,201
09/03/2011,SMO,CA,AWP,WE,Towers with Radar,0,5,52,0,57,0,0,134,0,134,0,5,186,0,191,24,0,24,215
09/04/2011,SMO,CA,AWP,WE,Towers with Radar,0,10,21,0,31,0,0,157,0,157,0,10,178,0,188,71,0,71,259
09/05/2011,SMO,CA,AWP,WE,Towers with Radar,0,24,55,0,79,0,0,159,0,159,0,24,214,0,238,100,0,100,338
09/06/2011,SMO,CA,AWP,WE,Towers with Radar,0,19,35,0,54,0,0,130,0,130,0,19,165,0,184,178,0,178,362
09/07/2011,SMO,CA,AWP,WE,Towers with Radar,0,9,35,0,44,0,0,122,0,122,0,9,157,0,166,188,0,188,354
09/08/2011,SMO,CA,AWP,WE,Towers with Radar,0,17,43,0,60,0,0,127,0,127,0,17,170,0,187,194,0,194,381
09/09/2011,SMO,CA,AWP,WE,Towers with Radar,0,19,40,0,59,0,0,159,0,159,0,19,199,0,218,64,0,64,282
09/10/2011,SMO,CA,AWP,WE,Towers with Radar,0,7,36,0,43,0,0,82,1,83,0,7,118,1,126,78,0,78,204
09/11/2011,SMO,CA,AWP,WE,Towers with Radar,0,11,35,0,46,0,0,142,0,142,0,11,177,0,188,61,0,61,249
09/12/2011,SMO,CA,AWP,WE,Towers with Radar,0,5,30,0,35,0,0,123,0,123,0,5,153,0,158,94,0,94,252
09/13/2011,SMO,CA,AWP,WE,Towers with Radar,0,20,55,0,75,0,0,113,0,113,0,20,168,0,188,139,0,139,327
09/14/2011,SMO,CA,AWP,WE,Towers with Radar,0,15,84,0,99,0,0,101,0,101,0,15,185,0,200,6,0,6,206
09/15/2011,SMO,CA,AWP,WE,Towers with Radar,0,27,89,0,116,0,0,78,0,78,0,27,167,0,194,133,0,133,327
09/16/2011,SMO,CA,AWP,WE,Towers with Radar,0,21,101,0,122,0,0,25,0,25,0,21,126,0,147,36,0,36,183
09/17/2011,SMO,CA,AWP,WE,Towers with Radar,0,14,56,1,71,0,0,103,2,105,0,14,159,3,176,44,0,44,220
09/18/2011,SMO,CA,AWP,WE,Towers with Radar,0,18,57,0,75,0,0,180,0,180,0,18,237,0,255,46,0,46,301
09/19/2011,SMO,CA,AWP,WE,Towers with Radar,0,15,54,0,69,0,0,5,0,5,0,15,59,0,74,0,0,0,74
09/20/2011,SMO,CA,AWP,WE,Towers with Radar,0,20,88,0,108,0,0,26,0,26,0,20,114,0,134,0,0,0,134
09/21/2011,SMO,CA,AWP,WE,Towers with Radar,0,11,97,0,108,0,0,37,0,37,0,11,134,0,145,6,0,6,151
09/22/2011,SMO,CA,AWP,WE,Towers with Radar,0,4,60,0,64,0,0,59,0,59,0,4,119,0,123,36,0,36,159
09/23/2011,SMO,CA,AWP,WE,Towers with Radar,0,14,26,0,40,0,0,0,0,0,0,14,26,0,40,0,0,0,40
09/24/2011,SMO,CA,AWP,WE,Towers with Radar,0,8,68,0,76,0,0,0,0,0,0,8,68,0,76,0,0,0,76
09/25/2011,SMO,CA,AWP,WE,Towers with Radar,0,11,60,0,71,0,0,0,0,0,0,11,60,0,71,0,0,0,71
09/26/2011,SMO,CA,AWP,WE,Towers with Radar,0,16,28,0,44,0,0,43,0,43,0,16,71,0,87,92,0,92,179
09/27/2011,SMO,CA,AWP,WE,Towers with Radar,0,30,56,0,86,0,0,84,0,84,0,30,140,0,170,80,0,80,250
09/28/2011,SMO,CA,AWP,WE,Towers with Radar,0,23,93,2,118,0,0,36,0,36,0,23,129,2,154,0,0,0,154
09/29/2011,SMO,CA,AWP,WE,Towers with Radar,0,18,58,1,77,0,0,90,0,90,0,18,148,1,167,121,0,121,288
09/30/2011,SMO,CA,AWP,WE,Towers with Radar,0,22,55,0,77,0,0,128,0,128,0,22,183,0,205,155,0,155,360
10/01/2011,SMO,CA,AWP,WE,Towers with Radar,0,20,34,0,54,0,0,207,0,207,0,20,241,0,261,58,0,58,319
10/02/2011,SMO,CA,AWP,WE,Towers with Radar,0,33,60,0,93,0,0,162,0,162,0,33,222,0,255,62,0,62,317
10/03/2011,SMO,CA,AWP,WE,Towers with Radar,0,31,39,0,70,0,0,148,0,148,0,31,187,0,218,134,0,134,352
10/04/2011,SMO,CA,AWP,WE,Towers with Radar,0,20,49,0,69,0,0,59,0,59,0,20,108,0,128,96,0,96,224
10/05/2011,SMO,CA,AWP,WE,Towers with Radar,0,14,33,0,47,0,0,8,0,8,0,14,41,0,55,6,0,6,61
10/06/2011,SMO,CA,AWP,WE,Towers with Radar,0,33,85,2,120,0,0,127,0,127,0,33,212,2,247,186,0,186,433
10/07/2011,SMO,CA,AWP,WE,Towers with Radar,0,20,41,0,61,0,0,168,0,168,0,20,209,0,229,170,0,170,399
10/08/2011,SMO,CA,AWP,WE,Towers with Radar,0,9,24,0,33,0,0,205,0,205,0,9,229,0,238,104,0,104,342
10/09/2011,SMO,CA,AWP,WE,Towers with Radar,0,16,33,0,49,0,3,206,0,209,0,19,239,0,258,68,0,68,326
10/10/2011,SMO,CA,AWP,WE,Towers with Radar,0,13,34,0,47,0,0,122,0,122,0,13,156,0,169,48,0,48,217
10/11/2011,SMO,CA,AWP,WE,Towers with Radar,0,18,46,0,64,0,0,142,0,142,0,18,188,0,206,134,0,134,340
10/12/2011,SMO,CA,AWP,WE,Towers with Radar,0,16,36,0,52,0,0,140,0,140,0,16,176,0,192,138,0,138,330
10/13/2011,SMO,CA,AWP,WE,Towers with Radar,0,19,55,0,74,0,0,134,0,134,0,19,189,0,208,100,0,100,308
10/14/2011,SMO,CA,AWP,WE,Towers with Radar,0,26,52,0,78,0,0,154,0,154,0,26,206,0,232,74,0,74,306
10/15/2011,SMO,CA,AWP,WE,Towers with Radar,0,13,34,0,47,0,0,135,0,135,0,13,169,0,182,42,0,42,224
10/16/2011,SMO,CA,AWP,WE,Towers with Radar,0,24,43,0,67,0,0,125,0,125,0,24,168,0,192,88,0,88,280
10/17/2011,SMO,CA,AWP,WE,Towers with Radar,0,10,41,0,51,0,0,64,0,64,0,10,105,0,115,40,0,40,155
10/18/2011,SMO,CA,AWP,WE,Towers with Radar,0,10,68,0,78,0,0,0,0,0,0,10,68,0,78,0,0,0,78
10/19/2011,SMO,CA,AWP,WE,Towers with Radar,0,16,89,0,105,0,0,0,0,0,0,16,89,0,105,0,0,0,105
10/20/2011,SMO,CA,AWP,WE,Towers with Radar,0,25,120,0,145,0,0,29,0,29,0,25,149,0,174,102,0,102,276
10/21/2011,SMO,CA,AWP,WE,Towers with Radar,0,28,83,0,111,0,0,81,0,81,0,28,164,0,192,93,0,93,285
10/22/2011,SMO,CA,AWP,WE,Towers with Radar,0,15,40,0,55,0,0,62,0,62,0,15,102,0,117,28,0,28,145
10/23/2011,SMO,CA,AWP,WE,Towers with Radar,0,7,53,0,60,0,0,13,0,13,0,7,66,0,73,13,0,13,86
10/24/2011,SMO,CA,AWP,WE,Towers with Radar,0,22,64,4,90,0,0,9,3,12,0,22,73,7,102,0,0,0,102
10/25/2011,SMO,CA,AWP,WE,Towers with Radar,0,16,56,0,72,0,0,37,0,37,0,16,93,0,109,96,0,96,205
10/26/2011,SMO,CA,AWP,WE,Towers with Radar,0,17,29,0,46,0,1,121,0,122,0,18,150,0,168,182,0,182,350
10/27/2011,SMO,CA,AWP,WE,Towers with Radar,0,23,45,0,68,0,0,159,0,159,0,23,204,0,227,188,0,188,415
10/28/2011,SMO,CA,AWP,WE,Towers with Radar,0,21,40,0,61,0,0,147,0,147,0,21,187,0,208,180,0,180,388
10/29/2011,SMO,CA,AWP,WE,Towers with Radar,0,7,34,0,41,0,0,179,0,179,0,7,213,0,220,78,0,78,298
10/30/2011,SMO,CA,AWP,WE,Towers with Radar,0,10,48,0,58,0,0,207,0,207,0,10,255,0,265,36,0,36,301
10/31/2011,SMO,CA,AWP,WE,Towers with Radar,0,7,30,0,37,0,0,80,0,80,0,7,110,0,117,104,0,104,221
11/01/2011,SMO,CA,AWP,WE,Towers with Radar,0,9,97,0,106,0,0,24,0,24,0,9,121,0,130,58,0,58,188
11/02/2011,SMO,CA,AWP,WE,Towers with Radar,0,25,30,0,55,0,1,120,0,121,0,26,150,0,176,190,0,190,366
11/03/2011,SMO,CA,AWP,WE,Towers with Radar,0,20,44,0,64,0,0,165,0,165,0,20,209,0,229,99,0,99,328
11/04/2011,SMO,CA,AWP,WE,Towers with Radar,0,23,52,0,75,0,1,52,0,53,0,24,104,0,128,155,0,155,283
11/05/2011,SMO,CA,AWP,WE,Towers with Radar,0,8,24,0,32,0,0,229,0,229,0,8,253,0,261,76,0,76,337
11/06/2011,SMO,CA,AWP,WE,Towers with Radar,0,7,39,0,46,0,0,38,0,38,0,7,77,0,84,37,0,37,121
11/07/2011,SMO,CA,AWP,WE,Towers with Radar,0,23,52,1,76,0,0,154,0,154,0,23,206,1,230,107,0,107,337
11/08/2011,SMO,CA,AWP,WE,Towers with Radar,0,18,53,0,71,0,0,151,0,151,0,18,204,0,222,128,0,128,350
11/09/2011,SMO,CA,AWP,WE,Towers with Radar,0,32,41,0,73,0,0,164,0,164,0,32,205,0,237,261,0,261,498
11/10/2011,SMO,CA,AWP,WE,Towers with Radar,0,28,57,0,85,0,0,145,0,145,0,28,202,0,230,179,0,179,409
11/11/2011,SMO,CA,AWP,WE,Towers with Radar,0,16,53,0,69,0,0,136,0,136,0,16,189,0,205,132,0,132,337
11/12/2011,SMO,CA,AWP,WE,Towers with Radar,0,7,28,0,35,0,2,73,0,75,0,9,101,0,110,77,0,77,187
11/13/2011,SMO,CA,AWP,WE,Towers with Radar,0,28,47,0,75,0,0,164,0,164,0,28,211,0,239,93,0,93,332
11/14/2011,SMO,CA,AWP,WE,Towers with Radar,0,30,46,0,76,0,0,100,0,100,0,30,146,0,176,86,0,86,262
11/15/2011,SMO,CA,AWP,WE,Towers with Radar,0,14,45,0,59,0,0,107,0,107,0,14,152,0,166,85,0,85,251
11/16/2011,SMO,CA,AWP,WE,Towers with Radar,0,33,60,0,93,0,0,129,0,129,0,33,189,0,222,179,0,179,401
11/17/2011,SMO,CA,AWP,WE,Towers with Radar,0,13,56,0,69,0,0,64,0,64,0,13,120,0,133,64,0,64,197
11/18/2011,SMO,CA,AWP,WE,Towers with Radar,0,14,87,0,101,0,0,71,0,71,0,14,158,0,172,212,0,212,384
11/19/2011,SMO,CA,AWP,WE,Towers with Radar,0,6,36,0,42,0,0,146,0,146,0,6,182,0,188,120,0,120,308
11/20/2011,SMO,CA,AWP,WE,Towers with Radar,0,4,21,0,25,0,0,12,0,12,0,4,33,0,37,8,0,8,45
11/21/2011,SMO,CA,AWP,WE,Towers with Radar,0,15,43,0,58,0,0,139,0,139,0,15,182,0,197,168,0,168,365
11/22/2011,SMO,CA,AWP,WE,Towers with Radar,0,12,46,0,58,0,1,195,0,196,0,13,241,0,254,109,0,109,363
11/23/2011,SMO,CA,AWP,WE,Towers with Radar,0,17,81,0,98,0,0,154,0,154,0,17,235,0,252,179,0,179,431
11/24/2011,SMO,CA,AWP,WE,Towers with Radar,0,7,19,0,26,0,0,49,0,49,0,7,68,0,75,48,0,48,123
11/25/2011,SMO,CA,AWP,WE,Towers with Radar,0,10,21,0,31,0,0,171,0,171,0,10,192,0,202,51,0,51,253
11/26/2011,SMO,CA,AWP,WE,Towers with Radar,0,16,33,0,49,0,0,181,0,181,0,16,214,0,230,65,0,65,295
11/27/2011,SMO,CA,AWP,WE,Towers with Radar,0,21,58,0,79,0,0,210,0,210,0,21,268,0,289,68,0,68,357
11/28/2011,SMO,CA,AWP,WE,Towers with Radar,0,23,56,0,79,0,0,138,0,138,0,23,194,0,217,81,0,81,298
11/29/2011,SMO,CA,AWP,WE,Towers with Radar,0,16,34,0,50,0,0,176,0,176,0,16,210,0,226,134,0,134,360
11/30/2011,SMO,CA,AWP,WE,Towers with Radar,0,12,47,0,59,0,0,97,0,97,0,12,144,0,156,28,0,28,184
12/01/2011,SMO,CA,AWP,WE,Towers with Radar,0,16,15,0,31,0,0,28,0,28,0,16,43,0,59,45,0,45,104
12/02/2011,SMO,CA,AWP,WE,Towers with Radar,0,16,35,0,51,0,0,121,0,121,0,16,156,0,172,60,0,60,232
12/03/2011,SMO,CA,AWP,WE,Towers with Radar,0,13,13,0,26,0,0,115,0,115,0,13,128,0,141,64,0,64,205
12/04/2011,SMO,CA,AWP,WE,Towers with Radar,0,15,28,0,43,0,0,184,0,184,0,15,212,0,227,86,0,86,313
12/05/2011,SMO,CA,AWP,WE,Towers with Radar,0,20,22,1,43,0,0,99,0,99,0,20,121,1,142,131,0,131,273
12/06/2011,SMO,CA,AWP,WE,Towers with Radar,0,14,34,0,48,0,0,143,0,143,0,14,177,0,191,133,0,133,324
12/07/2011,SMO,CA,AWP,WE,Towers with Radar,0,24,39,0,63,0,0,160,0,160,0,24,199,0,223,170,0,170,393
12/08/2011,SMO,CA,AWP,WE,Towers with Radar,0,19,37,0,56,0,0,139,0,139,0,19,176,0,195,168,0,168,363
12/09/2011,SMO,CA,AWP,WE,Towers with Radar,0,21,41,0,62,0,0,171,0,171,0,21,212,0,233,172,0,172,405
12/10/2011,SMO,CA,AWP,WE,Towers with Radar,0,14,33,0,47,0,0,234,0,234,0,14,267,0,281,51,0,51,332
12/11/2011,SMO,CA,AWP,WE,Towers with Radar,0,13,48,0,61,0,0,130,0,130,0,13,178,0,191,75,0,75,266
12/12/2011,SMO,CA,AWP,WE,Towers with Radar,0,8,34,0,42,0,0,3,0,3,0,8,37,0,45,61,0,61,106
12/13/2011,SMO,CA,AWP,WE,Towers with Radar,0,14,35,0,49,0,0,119,0,119,0,14,154,0,168,119,0,119,287
12/14/2011,SMO,CA,AWP,WE,Towers with Radar,0,23,59,0,82,0,0,118,0,118,0,23,177,0,200,202,0,202,402
12/15/2011,SMO,CA,AWP,WE,Towers with Radar,0,39,41,2,82,0,1,103,0,104,0,40,144,2,186,173,0,173,359
12/16/2011,SMO,CA,AWP,WE,Towers with Radar,0,29,50,0,79,0,0,140,0,140,0,29,190,0,219,191,0,191,410
12/17/2011,SMO,CA,AWP,WE,Towers with Radar,0,14,34,0,48,0,0,109,0,109,0,14,143,0,157,102,0,102,259
12/18/2011,SMO,CA,AWP,WE,Towers with Radar,0,17,57,2,76,0,0,238,0,238,0,17,295,2,314,100,0,100,414
12/19/2011,SMO,CA,AWP,WE,Towers with Radar,0,11,48,0,59,0,0,96,0,96,0,11,144,0,155,226,0,226,381
12/20/2011,SMO,CA,AWP,WE,Towers with Radar,0,20,36,0,56,0,0,143,0,143,0,20,179,0,199,122,0,122,321
12/21/2011,SMO,CA,AWP,WE,Towers with Radar,0,27,29,0,56,0,0,160,0,160,0,27,189,0,216,161,0,161,377
12/22/2011,SMO,CA,AWP,WE,Towers with Radar,0,19,22,0,41,0,0,72,0,72,0,19,94,0,113,60,0,60,173
12/23/2011,SMO,CA,AWP,WE,Towers with Radar,0,33,33,0,66,0,0,126,0,126,0,33,159,0,192,154,0,154,346
12/24/2011,SMO,CA,AWP,WE,Towers with Radar,0,13,17,0,30,0,0,132,0,132,0,13,149,0,162,82,0,82,244
12/25/2011,SMO,CA,AWP,WE,Towers with Radar,0,6,10,0,16,0,0,51,0,51,0,6,61,0,67,8,0,8,75
12/26/2011,SMO,CA,AWP,WE,Towers with Radar,0,14,42,0,56,0,0,195,0,195,0,14,237,0,251,127,0,127,378
12/27/2011,SMO,CA,AWP,WE,Towers with Radar,0,11,30,0,41,0,0,129,0,129,0,11,159,0,170,92,0,92,262
12/28/2011,SMO,CA,AWP,WE,Towers with Radar,0,17,26,0,43,0,0,149,0,149,0,17,175,0,192,163,0,163,355
12/29/2011,SMO,CA,AWP,WE,Towers with Radar,0,16,25,0,41,0,1,158,0,159,0,17,183,0,200,73,0,73,273
12/30/2011,SMO,CA,AWP,WE,Towers with Radar,0,17,53,1,71,0,0,46,0,46,0,17,99,1,117,4,0,4,121
12/31/2011,SMO,CA,AWP,WE,Towers with Radar,0,18,25,0,43,0,0,79,0,79,0,18,104,0,122,38,0,38,160
01/01/2012,SMO,CA,AWP,WE,Towers with Radar,0,12,30,0,42,0,0,105,0,105,0,12,135,0,147,35,0,35,182
01/02/2012,SMO,CA,AWP,WE,Towers with Radar,0,23,25,0,48,0,1,134,0,135,0,24,159,0,183,85,0,85,268
01/03/2012,SMO,CA,AWP,WE,Towers with Radar,0,12,50,0,62,0,0,95,0,95,0,12,145,0,157,84,0,84,241
01/04/2012,SMO,CA,AWP,WE,Towers with Radar,0,9,31,0,40,0,0,162,0,162,0,9,193,0,202,188,0,188,390
01/05/2012,SMO,CA,AWP,WE,Towers with Radar,0,10,33,0,43,0,0,151,0,151,0,10,184,0,194,175,0,175,369
01/06/2012,SMO,CA,AWP,WE,Towers with Radar,0,21,46,0,67,0,0,187,0,187,0,21,233,0,254,174,0,174,428
01/07/2012,SMO,CA,AWP,WE,Towers with Radar,0,12,27,0,39,0,0,130,0,130,0,12,157,0,169,68,0,68,237
01/08/2012,SMO,CA,AWP,WE,Towers with Radar,0,17,29,0,46,0,0,142,0,142,0,17,171,0,188,110,0,110,298
01/09/2012,SMO,CA,AWP,WE,Towers with Radar,0,16,35,0,51,0,0,123,0,123,0,16,158,0,174,180,0,180,354
01/10/2012,SMO,CA,AWP,WE,Towers with Radar,0,12,46,0,58,0,0,127,0,127,0,12,173,0,185,90,0,90,275
01/11/2012,SMO,CA,AWP,WE,Towers with Radar,0,19,41,0,60,0,0,150,0,150,0,19,191,0,210,187,0,187,397
01/12/2012,SMO,CA,AWP,WE,Towers with Radar,0,28,50,0,78,0,0,133,1,134,0,28,183,1,212,119,0,119,331
01/13/2012,SMO,CA,AWP,WE,Towers with Radar,0,20,48,0,68,0,0,141,0,141,0,20,189,0,209,218,0,218,427
01/14/2012,SMO,CA,AWP,WE,Towers with Radar,0,13,38,0,51,0,0,173,0,173,0,13,211,0,224,113,0,113,337
01/15/2012,SMO,CA,AWP,WE,Towers with Radar,0,8,43,0,51,0,0,155,0,155,0,8,198,0,206,81,0,81,287
01/16/2012,SMO,CA,AWP,WE,Towers with Radar,0,18,86,0,104,0,0,123,0,123,0,18,209,0,227,136,0,136,363
01/17/2012,SMO,CA,AWP,WE,Towers with Radar,0,17,53,0,70,0,0,141,0,141,0,17,194,0,211,56,0,56,267
01/18/2012,SMO,CA,AWP,WE,Towers with Radar,0,16,26,0,42,0,0,181,0,181,0,16,207,0,223,194,0,194,417
01/19/2012,SMO,CA,AWP,WE,Towers with Radar,0,20,71,0,91,0,0,115,0,115,0,20,186,0,206,121,0,121,327
01/20/2012,SMO,CA,AWP,WE,Towers with Radar,0,18,60,0,78,0,0,93,1,94,0,18,153,1,172,53,0,53,225
01/21/2012,SMO,CA,AWP,WE,Towers with Radar,0,17,45,0,62,0,0,20,0,20,0,17,65,0,82,10,0,10,92
01/22/2012,SMO,CA,AWP,WE,Towers with Radar,0,18,43,0,61,0,0,108,0,108,0,18,151,0,169,34,0,34,203
01/23/2012,SMO,CA,AWP,WE,Towers with Radar,0,5,28,0,33,0,0,8,0,8,0,5,36,0,41,0,0,0,41
01/24/2012,SMO,CA,AWP,WE,Towers with Radar,0,8,26,0,34,0,0,157,0,157,0,8,183,0,191,137,0,137,328
01/25/2012,SMO,CA,AWP,WE,Towers with Radar,0,23,46,0,69,0,0,153,0,153,0,23,199,0,222,198,0,198,420
01/26/2012,SMO,CA,AWP,WE,Towers with Radar,0,13,41,0,54,0,0,194,0,194,0,13,235,0,248,133,0,133,381
01/27/2012,SMO,CA,AWP,WE,Towers with Radar,0,23,48,0,71,0,0,157,0,157,0,23,205,0,228,162,0,162,390
01/28/2012,SMO,CA,AWP,WE,Towers with Radar,0,9,40,0,49,0,0,128,0,128,0,9,168,0,177,74,0,74,251
01/29/2012,SMO,CA,AWP,WE,Towers with Radar,0,28,27,0,55,0,0,281,0,281,0,28,308,0,336,55,0,55,391
01/30/2012,SMO,CA,AWP,WE,Towers with Radar,1,13,38,0,52,0,0,133,0,133,1,13,171,0,185,108,0,108,293
01/31/2012,SMO,CA,AWP,WE,Towers with Radar,0,12,48,0,60,0,0,101,0,101,0,12,149,0,161,96,0,96,257
02/01/2012,SMO,CA,AWP,WE,Towers with Radar,0,22,45,0,67,0,0,145,0,145,0,22,190,0,212,126,1,127,339
02/02/2012,SMO,CA,AWP,WE,Towers with Radar,0,18,36,0,54,0,0,138,0,138,0,18,174,0,192,201,0,201,393
02/03/2012,SMO,CA,AWP,WE,Towers with Radar,0,24,32,0,56,0,0,158,0,158,0,24,190,0,214,221,0,221,435
02/04/2012,SMO,CA,AWP,WE,Towers with Radar,0,15,26,0,41,0,0,238,0,238,0,15,264,0,279,87,0,87,366
02/05/2012,SMO,CA,AWP,WE,Towers with Radar,0,13,18,0,31,0,0,179,0,179,0,13,197,0,210,72,0,72,282
02/06/2012,SMO,CA,AWP,WE,Towers with Radar,0,21,33,0,54,0,0,115,0,115,0,21,148,0,169,103,0,103,272
02/07/2012,SMO,CA,AWP,WE,Towers with Radar,0,13,51,4,68,0,0,65,0,65,0,13,116,4,133,119,0,119,252
02/08/2012,SMO,CA,AWP,WE,Towers with Radar,0,18,41,0,59,0,0,84,0,84,0,18,125,0,143,192,0,192,335
02/09/2012,SMO,CA,AWP,WE,Towers with Radar,0,19,40,2,61,0,0,165,0,165,0,19,205,2,226,144,0,144,370
02/10/2012,SMO,CA,AWP,WE,Towers with Radar,0,17,45,0,62,0,0,162,0,162,0,17,207,0,224,97,0,97,321
02/11/2012,SMO,CA,AWP,WE,Towers with Radar,0,15,35,0,50,0,0,112,0,112,0,15,147,0,162,98,0,98,260
02/12/2012,SMO,CA,AWP,WE,Towers with Radar,0,30,52,0,82,0,0,140,0,140,0,30,192,0,222,84,0,84,306
02/13/2012,SMO,CA,AWP,WE,Towers with Radar,0,31,57,2,90,0,0,19,10,29,0,31,76,12,119,28,0,28,147
02/14/2012,SMO,CA,AWP,WE,Towers with Radar,0,26,21,0,47,0,0,172,0,172,0,26,193,0,219,122,0,122,341
02/15/2012,SMO,CA,AWP,WE,Towers with Radar,0,21,46,0,67,0,0,17,0,17,0,21,63,0,84,53,0,53,137
02/16/2012,SMO,CA,AWP,WE,Towers with Radar,0,20,23,0,43,0,0,63,0,63,0,20,86,0,106,54,0,54,160
02/17/2012,SMO,CA,AWP,WE,Towers with Radar,0,45,57,0,102,0,0,170,0,170,0,45,227,0,272,78,0,78,350
02/18/2012,SMO,CA,AWP,WE,Towers with Radar,0,24,40,0,64,0,0,168,0,168,0,24,208,0,232,54,0,54,286
02/19/2012,SMO,CA,AWP,WE,Towers with Radar,0,58,50,1,109,0,0,158,0,158,0,58,208,1,267,40,0,40,307
02/20/2012,SMO,CA,AWP,WE,Towers with Radar,0,29,49,0,78,0,0,116,0,116,0,29,165,0,194,136,0,136,330
02/21/2012,SMO,CA,AWP,WE,Towers with Radar,0,24,50,0,74,0,0,106,0,106,0,24,156,0,180,84,0,84,264
02/22/2012,SMO,CA,AWP,WE,Towers with Radar,0,29,37,0,66,0,0,146,0,146,0,29,183,0,212,140,0,140,352
02/23/2012,SMO,CA,AWP,WE,Towers with Radar,0,26,47,0,73,0,0,159,0,159,0,26,206,0,232,93,0,93,325
02/24/2012,SMO,CA,AWP,WE,Towers with Radar,0,33,61,0,94,0,0,55,0,55,0,33,116,0,149,18,0,18,167
02/25/2012,SMO,CA,AWP,WE,Towers with Radar,0,15,41,0,56,0,0,142,0,142,0,15,183,0,198,34,0,34,232
02/26/2012,SMO,CA,AWP,WE,Towers with Radar,0,22,57,0,79,0,0,134,0,134,0,22,191,0,213,21,0,21,234
02/27/2012,SMO,CA,AWP,WE,Towers with Radar,0,14,43,0,57,0,0,29,0,29,0,14,72,0,86,50,0,50,136
02/28/2012,SMO,CA,AWP,WE,Towers with Radar,0,10,34,0,44,0,0,111,0,111,0,10,145,0,155,115,0,115,270
02/29/2012,SMO,CA,AWP,WE,Towers with Radar,0,13,56,2,71,0,0,103,0,103,0,13,159,2,174,145,0,145,319
03/01/2012,SMO,CA,AWP,WE,Towers with Radar,0,24,46,0,70,0,0,102,0,102,0,24,148,0,172,134,0,134,306
03/02/2012,SMO,CA,AWP,WE,Towers with Radar,0,21,40,0,61,0,0,144,0,144,0,21,184,0,205,122,0,122,327
03/03/2012,SMO,CA,AWP,WE,Towers with Radar,0,18,27,0,45,0,0,147,0,147,0,18,174,0,192,41,0,41,233
03/04/2012,SMO,CA,AWP,WE,Towers with Radar,0,24,51,0,75,0,0,274,0,274,0,24,325,0,349,77,0,77,426
03/05/2012,SMO,CA,AWP,WE,Towers with Radar,0,17,36,0,53,0,0,105,0,105,0,17,141,0,158,197,0,197,355
03/06/2012,SMO,CA,AWP,WE,Towers with Radar,0,36,131,1,168,0,0,43,0,43,0,36,174,1,211,165,0,165,376
03/07/2012,SMO,CA,AWP,WE,Towers with Radar,0,19,37,0,56,0,0,110,0,110,0,19,147,0,166,126,0,126,292
03/08/2012,SMO,CA,AWP,WE,Towers with Radar,0,24,46,0,70,0,0,185,0,185,0,24,231,0,255,208,0,208,463
03/09/2012,SMO,CA,AWP,WE,Towers with Radar,0,30,45,0,75,0,0,185,0,185,0,30,230,0,260,162,0,162,422
03/10/2012,SMO,CA,AWP,WE,Towers with Radar,0,27,22,0,49,0,0,270,0,270,0,27,292,0,319,120,0,120,439
03/11/2012,SMO,CA,AWP,WE,Towers with Radar,0,38,52,1,91,0,0,127,0,127,0,38,179,1,218,63,0,63,281
03/12/2012,SMO,CA,AWP,WE,Towers with Radar,0,30,55,0,85,0,0,89,0,89,0,30,144,0,174,220,0,220,394
03/13/2012,SMO,CA,AWP,WE,Towers with Radar,0,15,54,0,69,0,0,108,0,108,0,15,162,0,177,97,0,97,274
03/14/2012,SMO,CA,AWP,WE,Towers with Radar,0,18,66,0,84,0,0,112,0,112,0,18,178,0,196,135,0,135,331
03/15/2012,SMO,CA,AWP,WE,Towers with Radar,0,27,94,0,121,0,0,43,0,43,0,27,137,0,164,2,0,2,166
03/16/2012,SMO,CA,AWP,WE,Towers with Radar,0,22,78,0,100,0,0,16,0,16,0,22,94,0,116,4,0,4,120
03/17/2012,SMO,CA,AWP,WE,Towers with Radar,0,5,15,0,20,0,0,10,0,10,0,5,25,0,30,0,0,0,30
03/18/2012,SMO,CA,AWP,WE,Towers with Radar,0,9,29,2,40,0,0,41,0,41,0,9,70,2,81,14,0,14,95
03/19/2012,SMO,CA,AWP,WE,Towers with Radar,0,23,24,0,47,0,0,134,0,134,0,23,158,0,181,165,0,165,346
03/20/2012,SMO,CA,AWP,WE,Towers with Radar,0,14,49,0,63,0,0,146,0,146,0,14,195,0,209,231,0,231,440
03/21/2012,SMO,CA,AWP,WE,Towers with Radar,0,18,32,0,50,0,0,198,0,198,0,18,230,0,248,213,0,213,461
03/22/2012,SMO,CA,AWP,WE,Towers with Radar,0,12,45,0,57,0,0,99,0,99,0,12,144,0,156,29,0,29,185
03/23/2012,SMO,CA,AWP,WE,Towers with Radar,0,26,62,0,88,0,0,97,0,97,0,26,159,0,185,137,0,137,322
03/24/2012,SMO,CA,AWP,WE,Towers with Radar,0,19,48,0,67,0,1,32,0,33,0,20,80,0,100,70,0,70,170
03/25/2012,SMO,CA,AWP,WE,Towers with Radar,0,11,29,0,40,0,0,1,0,1,0,11,30,0,41,0,0,0,41
03/26/2012,SMO,CA,AWP,WE,Towers with Radar,0,25,56,0,81,0,0,122,0,122,0,25,178,0,203,216,0,216,419
03/27/2012,SMO,CA,AWP,WE,Towers with Radar,0,8,39,0,47,0,0,163,0,163,0,8,202,0,210,133,0,133,343
03/28/2012,SMO,CA,AWP,WE,Towers with Radar,0,22,53,0,75,0,0,199,0,199,0,22,252,0,274,134,0,134,408
03/29/2012,SMO,CA,AWP,WE,Towers with Radar,0,17,72,0,89,0,0,85,0,85,0,17,157,0,174,45,0,45,219
03/30/2012,SMO,CA,AWP,WE,Towers with Radar,0,19,90,0,109,0,0,66,0,66,0,19,156,0,175,94,0,94,269
03/31/2012,SMO,CA,AWP,WE,Towers with Radar,0,13,61,0,74,0,0,43,0,43,0,13,104,0,117,56,0,56,173
04/01/2012,SMO,CA,AWP,WE,Towers with Radar,0,7,33,0,40,0,0,121,0,121,0,7,154,0,161,40,0,40,201
04/02/2012,SMO,CA,AWP,WE,Towers with Radar,0,9,38,1,48,0,0,124,0,124,0,9,162,1,172,100,0,100,272
04/03/2012,SMO,CA,AWP,WE,Towers with Radar,0,11,29,0,40,0,0,189,0,189,0,11,218,0,229,145,0,145,374
04/04/2012,SMO,CA,AWP,WE,Towers with Radar,0,22,44,0,66,0,0,182,0,182,0,22,226,0,248,181,0,181,429
04/05/2012,SMO,CA,AWP,WE,Towers with Radar,0,26,50,0,76,0,0,172,0,172,0,26,222,0,248,249,0,249,497
04/06/2012,SMO,CA,AWP,WE,Towers with Radar,0,12,42,0,54,0,1,160,0,161,0,13,202,0,215,142,0,142,357
04/07/2012,SMO,CA,AWP,WE,Towers with Radar,0,7,36,0,43,0,1,204,0,205,0,8,240,0,248,89,0,89,337
04/08/2012,SMO,CA,AWP,WE,Towers with Radar,0,15,37,0,52,0,0,187,0,187,0,15,224,0,239,45,0,45,284
04/09/2012,SMO,CA,AWP,WE,Towers with Radar,0,21,35,0,56,0,0,121,0,121,0,21,156,0,177,97,0,97,274
04/10/2012,SMO,CA,AWP,WE,Towers with Radar,0,20,55,0,75,0,0,106,0,106,0,20,161,0,181,135,0,135,316
04/11/2012,SMO,CA,AWP,WE,Towers with Radar,0,16,58,0,74,0,0,68,0,68,0,16,126,0,142,45,0,45,187
04/12/2012,SMO,CA,AWP,WE,Towers with Radar,0,23,68,0,91,0,0,86,0,86,0,23,154,0,177,136,0,136,313
04/13/2012,SMO,CA,AWP,WE,Towers with Radar,0,4,32,0,36,0,0,3,0,3,0,4,35,0,39,2,0,2,41
04/14/2012,SMO,CA,AWP,WE,Towers with Radar,0,13,29,0,42,0,0,102,0,102,0,13,131,0,144,49,0,49,193
04/15/2012,SMO,CA,AWP,WE,Towers with Radar,0,17,43,0,60,0,0,231,0,231,0,17,274,0,291,86,0,86,377
04/16/2012,SMO,CA,AWP,WE,Towers with Radar,0,20,34,0,54,0,0,134,0,134,0,20,168,0,188,95,0,95,283
04/17/2012,SMO,CA,AWP,WE,Towers with Radar,1,25,25,0,51,0,0,158,0,158,1,25,183,0,209,186,0,186,395
04/18/2012,SMO,CA,AWP,WE,Towers with Radar,0,27,37,0,64,0,0,163,0,163,0,27,200,0,227,133,0,133,360
04/19/2012,SMO,CA,AWP,WE,Towers with Radar,0,19,50,0,69,0,1,104,0,105,0,20,154,0,174,130,0,130,304
04/20/2012,SMO,CA,AWP,WE,Towers with Radar,0,15,69,0,84,0,0,118,0,118,0,15,187,0,202,15,0,15,217
04/21/2012,SMO,CA,AWP,WE,Towers with Radar,0,9,68,0,77,0,0,17,0,17,0,9,85,0,94,0,0,0,94
04/22/2012,SMO,CA,AWP,WE,Towers with Radar,0,17,68,0,85,0,0,11,0,11,0,17,79,0,96,0,0,0,96
04/23/2012,SMO,CA,AWP,WE,Towers with Radar,0,21,83,0,104,0,0,13,0,13,0,21,96,0,117,55,0,55,172
04/24/2012,SMO,CA,AWP,WE,Towers with Radar,0,14,53,0,67,0,0,135,0,135,0,14,188,0,202,125,0,125,327
04/25/2012,SMO,CA,AWP,WE,Towers with Radar,0,23,33,3,59,0,0,73,0,73,0,23,106,3,132,93,0,93,225
04/26/2012,SMO,CA,AWP,WE,Towers with Radar,1,37,69,0,107,0,0,44,0,44,1,37,113,0,151,71,0,71,222
04/27/2012,SMO,CA,AWP,WE,Towers with Radar,0,22,72,0,94,0,0,240,0,240,0,22,312,0,334,163,0,163,497
04/28/2012,SMO,CA,AWP,WE,Towers with Radar,0,14,38,0,52,0,0,179,0,179,0,14,217,0,231,97,0,97,328
04/29/2012,SMO,CA,AWP,WE,Towers with Radar,0,32,74,0,106,0,0,152,0,152,0,32,226,0,258,50,0,50,308
04/30/2012,SMO,CA,AWP,WE,Towers with Radar,0,13,97,0,110,0,0,7,0,7,0,13,104,0,117,0,0,0,117
05/01/2012,SMO,CA,AWP,WE,Towers with Radar,0,13,93,0,106,0,0,5,0,5,0,13,98,0,111,4,0,4,115
05/02/2012,SMO,CA,AWP,WE,Towers with Radar,0,35,95,0,130,0,0,69,0,69,0,35,164,0,199,185,0,185,384
05/03/2012,SMO,CA,AWP,WE,Towers with Radar,0,30,69,0,99,0,0,109,0,109,0,30,178,0,208,162,0,162,370
05/04/2012,SMO,CA,AWP,WE,Towers with Radar,0,14,76,0,90,0,0,110,0,110,0,14,186,0,200,142,0,142,342
05/05/2012,SMO,CA,AWP,WE,Towers with Radar,0,7,28,0,35,0,0,188,0,188,0,7,216,0,223,66,0,66,289
05/06/2012,SMO,CA,AWP,WE,Towers with Radar,0,11,53,0,64,0,0,156,0,156,0,11,209,0,220,40,0,40,260
05/07/2012,SMO,CA,AWP,WE,Towers with Radar,0,20,52,0,72,0,0,135,0,135,0,20,187,0,207,107,0,107,314
05/08/2012,SMO,CA,AWP,WE,Towers with Radar,0,13,97,0,110,0,0,63,0,63,0,13,160,0,173,20,0,20,193
05/09/2012,SMO,CA,AWP,WE,Towers with Radar,0,17,33,0,50,0,0,197,0,197,0,17,230,0,247,117,0,117,364
05/10/2012,SMO,CA,AWP,WE,Towers with Radar,0,16,55,0,71,0,0,92,0,92,0,16,147,0,163,100,0,100,263
05/11/2012,SMO,CA,AWP,WE,Towers with Radar,0,12,49,1,62,0,0,114,0,114,0,12,163,1,176,189,0,189,365
05/12/2012,SMO,CA,AWP,WE,Towers with Radar,0,10,69,0,79,0,0,59,0,59,0,10,128,0,138,22,0,22,160
05/13/2012,SMO,CA,AWP,WE,Towers with Radar,0,13,54,0,67,0,0,62,0,62,0,13,116,0,129,4,0,4,133
05/14/2012,SMO,CA,AWP,WE,Towers with Radar,0,13,36,0,49,0,0,100,0,100,0,13,136,0,149,103,0,103,252
05/15/2012,SMO,CA,AWP,WE,Towers with Radar,0,18,37,0,55,0,0,127,0,127,0,18,164,0,182,147,0,147,329
05/16/2012,SMO,CA,AWP,WE,Towers with Radar,0,21,28,0,49,0,0,181,0,181,0,21,209,0,230,155,0,155,385
05/17/2012,SMO,CA,AWP,WE,Towers with Radar,0,14,70,0,84,0,0,106,0,106,0,14,176,0,190,70,0,70,260
05/18/2012,SMO,CA,AWP,WE,Towers with Radar,0,10,52,0,62,0,0,155,0,155,0,10,207,0,217,140,0,140,357
05/19/2012,SMO,CA,AWP,WE,Towers with Radar,0,15,40,0,55,0,0,167,0,167,0,15,207,0,222,60,0,60,282
05/20/2012,SMO,CA,AWP,WE,Towers with Radar,0,9,63,0,72,0,0,135,0,135,0,9,198,0,207,28,0,28,235
05/21/2012,SMO,CA,AWP,WE,Towers with Radar,0,20,57,0,77,0,0,78,0,78,0,20,135,0,155,34,0,34,189
05/22/2012,SMO,CA,AWP,WE,Towers with Radar,0,24,50,0,74,0,0,138,0,138,0,24,188,0,212,214,0,214,426
05/23/2012,SMO,CA,AWP,WE,Towers with Radar,1,15,50,1,67,0,0,130,0,130,1,15,180,1,197,112,0,112,309
05/24/2012,SMO,CA,AWP,WE,Towers with Radar,0,33,104,0,137,0,0,123,0,123,0,33,227,0,260,133,0,133,393
05/25/2012,SMO,CA,AWP,WE,Towers with Radar,0,32,57,0,89,0,0,93,0,93,0,32,150,0,182,209,0,209,391
05/26/2012,SMO,CA,AWP,WE,Towers with Radar,0,10,34,0,44,0,0,142,0,142,0,10,176,0,186,106,0,106,292
05/27/2012,SMO,CA,AWP,WE,Towers with Radar,0,9,20,0,29,0,0,173,0,173,0,9,193,0,202,54,0,54,256
05/28/2012,SMO,CA,AWP,WE,Towers with Radar,0,23,41,0,64,0,0,148,0,148,0,23,189,0,212,42,0,42,254
05/29/2012,SMO,CA,AWP,WE,Towers with Radar,0,24,25,0,49,0,0,142,0,142,0,24,167,0,191,144,0,144,335
05/30/2012,SMO,CA,AWP,WE,Towers with Radar,0,23,32,1,56,0,0,186,0,186,0,23,218,1,242,99,0,99,341
05/31/2012,SMO,CA,AWP,WE,Towers with Radar,0,26,49,3,78,0,0,142,0,142,0,26,191,3,220,131,0,131,351
06/01/2012,SMO,CA,AWP,WE,Towers with Radar,0,11,80,0,91,0,0,119,0,119,0,11,199,0,210,15,0,15,225
06/02/2012,SMO,CA,AWP,WE,Towers with Radar,0,12,75,0,87,0,0,52,0,52,0,12,127,0,139,62,0,62,201
06/03/2012,SMO,CA,AWP,WE,Towers with Radar,0,22,55,0,77,0,0,157,0,157,0,22,212,0,234,56,0,56,290
06/04/2012,SMO,CA,AWP,WE,Towers with Radar,0,24,135,0,159,0,0,43,0,43,0,24,178,0,202,84,0,84,286
06/05/2012,SMO,CA,AWP,WE,Towers with Radar,0,24,46,0,70,0,0,118,0,118,0,24,164,0,188,45,0,45,233
06/06/2012,SMO,CA,AWP,WE,Towers with Radar,0,14,30,0,44,0,0,105,0,105,0,14,135,0,149,143,0,143,292
06/07/2012,SMO,CA,AWP,WE,Towers with Radar,0,13,47,1,61,0,0,112,0,112,0,13,159,1,173,67,0,67,240
06/08/2012,SMO,CA,AWP,WE,Towers with Radar,0,24,56,0,80,0,0,192,0,192,0,24,248,0,272,155,0,155,427
06/09/2012,SMO,CA,AWP,WE,Towers with Radar,0,9,39,0,48,0,0,173,0,173,0,9,212,0,221,64,0,64,285
06/10/2012,SMO,CA,AWP,WE,Towers with Radar,0,18,45,0,63,0,0,159,0,159,0,18,204,0,222,58,0,58,280
06/11/2012,SMO,CA,AWP,WE,Towers with Radar,0,15,59,0,74,0,0,60,0,60,0,15,119,0,134,10,0,10,144
06/12/2012,SMO,CA,AWP,WE,Towers with Radar,0,14,106,0,120,0,0,12,0,12,0,14,118,0,132,0,0,0,132
06/13/2012,SMO,CA,AWP,WE,Towers with Radar,0,18,89,0,107,0,0,76,0,76,0,18,165,0,183,31,0,31,214
06/14/2012,SMO,CA,AWP,WE,Towers with Radar,0,64,128,0,192,0,0,115,0,115,0,64,243,0,307,77,0,77,384
06/15/2012,SMO,CA,AWP,WE,Towers with Radar,0,27,88,0,115,0,0,101,0,101,0,27,189,0,216,139,0,139,355
06/16/2012,SMO,CA,AWP,WE,Towers with Radar,0,23,81,3,107,0,0,92,2,94,0,23,173,5,201,48,0,48,249
06/17/2012,SMO,CA,AWP,WE,Towers with Radar,0,39,171,0,210,0,0,35,0,35,0,39,206,0,245,1,0,1,246
06/18/2012,SMO,CA,AWP,WE,Towers with Radar,0,28,115,0,143,0,0,19,0,19,0,28,134,0,162,0,0,0,162
06/19/2012,SMO,CA,AWP,WE,Towers with Radar,0,18,69,0,87,0,0,77,0,77,0,18,146,0,164,25,0,25,189
06/20/2012,SMO,CA,AWP,WE,Towers with Radar,0,27,51,1,79,0,0,150,1,151,0,27,201,2,230,154,0,154,384
06/21/2012,SMO,CA,AWP,WE,Towers with Radar,0,21,67,0,88,0,0,61,0,61,0,21,128,0,149,20,0,20,169
06/22/2012,SMO,CA,AWP,WE,Towers with Radar,0,19,63,0,82,0,0,148,0,148,0,19,211,0,230,87,0,87,317
06/23/2012,SMO,CA,AWP,WE,Towers with Radar,0,16,35,0,51,0,0,181,0,181,0,16,216,0,232,72,0,72,304
06/24/2012,SMO,CA,AWP,WE,Towers with Radar,0,13,40,0,53,0,0,236,0,236,0,13,276,0,289,62,0,62,351
06/25/2012,SMO,CA,AWP,WE,Towers with Radar,0,8,39,0,47,0,0,178,0,178,0,8,217,0,225,102,0,102,327
06/26/2012,SMO,CA,AWP,WE,Towers with Radar,0,11,49,0,60,0,0,177,0,177,0,11,226,0,237,136,0,136,373
06/27/2012,SMO,CA,AWP,WE,Towers with Radar,0,13,38,0,51,0,0,225,0,225,0,13,263,0,276,99,0,99,375
06/28/2012,SMO,CA,AWP,WE,Towers with Radar,0,23,42,0,65,0,0,146,0,146,0,23,188,0,211,159,0,159,370
06/29/2012,SMO,CA,AWP,WE,Towers with Radar,0,22,49,1,72,0,0,184,0,184,0,22,233,1,256,147,0,147,403
06/30/2012,SMO,CA,AWP,WE,Towers with Radar,0,17,33,0,50,0,0,239,0,239,0,17,272,0,289,45,0,45,334
07/01/2012,SMO,CA,AWP,WE,Towers with Radar,0,23,41,3,67,0,0,164,0,164,0,23,205,3,231,17,0,17,248
07/02/2012,SMO,CA,AWP,WE,Towers with Radar,0,12,54,0,66,0,0,125,0,125,0,12,179,0,191,120,0,120,311
07/03/2012,SMO,CA,AWP,WE,Towers with Radar,0,18,58,1,77,0,0,90,0,90,0,18,148,1,167,51,0,51,218
07/04/2012,SMO,CA,AWP,WE,Towers with Radar,0,10,41,0,51,0,0,56,0,56,0,10,97,0,107,36,0,36,143
07/05/2012,SMO,CA,AWP,WE,Towers with Radar,0,8,63,1,72,0,0,58,0,58,0,8,121,1,130,37,0,37,167
07/06/2012,SMO,CA,AWP,WE,Towers with Radar,1,16,41,0,58,0,0,117,0,117,1,16,158,0,175,104,0,104,279
07/07/2012,SMO,CA,AWP,WE,Towers with Radar,0,6,54,0,60,0,0,107,0,107,0,6,161,0,167,40,0,40,207
07/08/2012,SMO,CA,AWP,WE,Towers with Radar,0,18,37,0,55,0,0,214,0,214,0,18,251,0,269,58,0,58,327
07/09/2012,SMO,CA,AWP,WE,Towers with Radar,0,21,39,0,60,0,0,124,0,124,0,21,163,0,184,182,0,182,366
07/10/2012,SMO,CA,AWP,WE,Towers with Radar,0,7,45,0,52,0,0,173,0,173,0,7,218,0,225,249,0,249,474
07/11/2012,SMO,CA,AWP,WE,Towers with Radar,1,21,36,0,58,1,0,173,0,174,2,21,209,0,232,194,0,194,426
07/12/2012,SMO,CA,AWP,WE,Towers with Radar,0,22,46,0,68,0,0,151,0,151,0,22,197,0,219,119,0,119,338
07/13/2012,SMO,CA,AWP,WE,Towers with Radar,0,16,40,0,56,0,0,167,0,167,0,16,207,0,223,259,0,259,482
07/14/2012,SMO,CA,AWP,WE,Towers with Radar,0,6,59,0,65,0,0,114,0,114,0,6,173,0,179,0,0,0,179
07/15/2012,SMO,CA,AWP,WE,Towers with Radar,0,19,46,0,65,0,1,196,0,197,0,20,242,0,262,70,0,70,332
07/16/2012,SMO,CA,AWP,WE,Towers with Radar,0,20,47,0,67,0,0,131,0,131,0,20,178,0,198,118,0,118,316
07/17/2012,SMO,CA,AWP,WE,Towers with Radar,0,25,54,0,79,0,2,126,0,128,0,27,180,0,207,197,0,197,404
07/18/2012,SMO,CA,AWP,WE,Towers with Radar,0,25,32,0,57,0,1,179,0,180,0,26,211,0,237,260,0,260,497
07/19/2012,SMO,CA,AWP,WE,Towers with Radar,3,25,42,0,70,1,1,185,0,187,4,26,227,0,257,202,0,202,459
07/20/2012,SMO,CA,AWP,WE,Towers with Radar,0,31,38,0,69,0,0,178,0,178,0,31,216,0,247,173,0,173,420
07/21/2012,SMO,CA,AWP,WE,Towers with Radar,0,14,26,0,40,0,0,149,0,149,0,14,175,0,189,41,0,41,230
07/22/2012,SMO,CA,AWP,WE,Towers with Radar,0,12,61,0,73,0,0,97,0,97,0,12,158,0,170,0,0,0,170
07/23/2012,SMO,CA,AWP,WE,Towers with Radar,1,11,51,0,63,1,0,74,0,75,2,11,125,0,138,0,0,0,138
07/24/2012,SMO,CA,AWP,WE,Towers with Radar,0,20,49,0,69,0,0,144,0,144,0,20,193,0,213,150,0,150,363
07/25/2012,SMO,CA,AWP,WE,Towers with Radar,2,17,41,0,60,1,0,140,0,141,3,17,181,0,201,110,0,110,311
07/26/2012,SMO,CA,AWP,WE,Towers with Radar,0,25,57,0,82,0,0,167,0,167,0,25,224,0,249,146,0,146,395
07/27/2012,SMO,CA,AWP,WE,Towers with Radar,0,16,50,0,66,0,0,143,0,143,0,16,193,0,209,146,0,146,355
07/28/2012,SMO,CA,AWP,WE,Towers with Radar,0,15,29,0,44,0,0,182,0,182,0,15,211,0,226,47,0,47,273
07/29/2012,SMO,CA,AWP,WE,Towers with Radar,1,21,61,0,83,1,0,161,0,162,2,21,222,0,245,52,0,52,297
07/30/2012,SMO,CA,AWP,WE,Towers with Radar,0,13,37,0,50,0,0,112,0,112,0,13,149,0,162,65,0,65,227
07/31/2012,SMO,CA,AWP,WE,Towers with Radar,0,10,35,0,45,0,0,150,0,150,0,10,185,0,195,106,0,106,301
08/01/2012,SMO,CA,AWP,WE,Towers with Radar,0,10,57,0,67,0,0,125,0,125,0,10,182,0,192,106,0,106,298
08/02/2012,SMO,CA,AWP,WE,Towers with Radar,0,13,42,0,55,0,0,166,0,166,0,13,208,0,221,194,0,194,415
08/03/2012,SMO,CA,AWP,WE,Towers with Radar,1,18,34,0,53,1,1,137,0,139,2,19,171,0,192,228,0,228,420
08/04/2012,SMO,CA,AWP,WE,Towers with Radar,0,12,39,0,51,0,0,150,0,150,0,12,189,0,201,76,0,76,277
08/05/2012,SMO,CA,AWP,WE,Towers with Radar,0,11,42,0,53,0,0,144,0,144,0,11,186,0,197,58,0,58,255
08/06/2012,SMO,CA,AWP,WE,Towers with Radar,0,10,30,0,40,0,0,134,0,134,0,10,164,0,174,105,0,105,279
08/07/2012,SMO,CA,AWP,WE,Towers with Radar,0,16,33,0,49,0,1,183,0,184,0,17,216,0,233,108,0,108,341
08/08/2012,SMO,CA,AWP,WE,Towers with Radar,0,19,25,0,44,0,0,176,0,176,0,19,201,0,220,144,0,144,364
08/09/2012,SMO,CA,AWP,WE,Towers with Radar,0,19,37,0,56,0,0,173,0,173,0,19,210,0,229,158,0,158,387
08/10/2012,SMO,CA,AWP,WE,Towers with Radar,0,13,33,0,46,0,0,124,0,124,0,13,157,0,170,54,0,54,224
08/11/2012,SMO,CA,AWP,WE,Towers with Radar,0,12,29,0,41,0,0,182,0,182,0,12,211,0,223,76,0,76,299
08/12/2012,SMO,CA,AWP,WE,Towers with Radar,0,14,56,0,70,0,0,171,0,171,0,14,227,0,241,90,0,90,331
08/13/2012,SMO,CA,AWP,WE,Towers with Radar,0,20,46,0,66,0,0,122,0,122,0,20,168,0,188,96,0,96,284
08/14/2012,SMO,CA,AWP,WE,Towers with Radar,0,28,37,0,65,0,0,169,0,169,0,28,206,0,234,165,0,165,399
08/15/2012,SMO,CA,AWP,WE,Towers with Radar,0,21,63,0,84,0,0,121,0,121,0,21,184,0,205,92,0,92,297
08/16/2012,SMO,CA,AWP,WE,Towers with Radar,1,30,120,0,151,0,0,118,0,118,1,30,238,0,269,114,0,114,383
08/17/2012,SMO,CA,AWP,WE,Towers with Radar,0,19,46,0,65,0,0,183,0,183,0,19,229,0,248,137,0,137,385
08/18/2012,SMO,CA,AWP,WE,Towers with Radar,0,23,13,0,36,0,0,182,0,182,0,23,195,0,218,47,0,47,265
08/19/2012,SMO,CA,AWP,WE,Towers with Radar,0,23,41,0,64,0,0,158,0,158,0,23,199,0,222,66,0,66,288
08/20/2012,SMO,CA,AWP,WE,Towers with Radar,0,14,52,0,66,0,0,130,0,130,0,14,182,0,196,70,0,70,266
08/21/2012,SMO,CA,AWP,WE,Towers with Radar,0,22,50,0,72,0,2,120,0,122,0,24,170,0,194,77,0,77,271
08/22/2012,SMO,CA,AWP,WE,Towers with Radar,2,31,43,0,76,0,1,140,0,141,2,32,183,0,217,133,0,133,350
08/23/2012,SMO,CA,AWP,WE,Towers with Radar,0,12,77,0,89,0,0,46,0,46,0,12,123,0,135,2,0,2,137
08/24/2012,SMO,CA,AWP,WE,Towers with Radar,0,28,59,2,89,0,1,112,2,115,0,29,171,4,204,108,0,108,312
08/25/2012,SMO,CA,AWP,WE,Towers with Radar,0,13,46,0,59,0,0,129,0,129,0,13,175,0,188,60,0,60,248
08/26/2012,SMO,CA,AWP,WE,Towers with Radar,0,22,27,0,49,0,0,167,0,167,0,22,194,0,216,32,0,32,248
08/27/2012,SMO,CA,AWP,WE,Towers with Radar,0,15,35,0,50,1,1,117,0,119,1,16,152,0,169,126,0,126,295
08/28/2012,SMO,CA,AWP,WE,Towers with Radar,0,12,51,0,63,0,0,138,0,138,0,12,189,0,201,132,0,132,333
08/29/2012,SMO,CA,AWP,WE,Towers with Radar,0,26,41,0,67,0,1,146,0,147,0,27,187,0,214,171,0,171,385
08/30/2012,SMO,CA,AWP,WE,Towers with Radar,0,32,31,0,63,0,0,171,0,171,0,32,202,0,234,142,0,142,376
08/31/2012,SMO,CA,AWP,WE,Towers with Radar,0,14,49,0,63,0,0,163,0,163,0,14,212,0,226,69,0,69,295
09/01/2012,SMO,CA,AWP,WE,Towers with Radar,0,22,28,0,50,0,0,162,0,162,0,22,190,0,212,64,0,64,276
09/02/2012,SMO,CA,AWP,WE,Towers with Radar,0,14,10,0,24,0,0,127,0,127,0,14,137,0,151,51,0,51,202
09/03/2012,SMO,CA,AWP,WE,Towers with Radar,0,30,35,0,65,0,0,140,0,140,0,30,175,0,205,72,0,72,277
09/04/2012,SMO,CA,AWP,WE,Towers with Radar,0,23,35,2,60,0,1,126,2,129,0,24,161,4,189,115,0,115,304
09/05/2012,SMO,CA,AWP,WE,Towers with Radar,1,12,35,0,48,0,0,131,0,131,1,12,166,0,179,131,0,131,310
09/06/2012,SMO,CA,AWP,WE,Towers with Radar,0,16,50,1,67,0,0,153,1,154,0,16,203,2,221,100,0,100,321
09/07/2012,SMO,CA,AWP,WE,Towers with Radar,2,44,86,0,132,0,0,159,0,159,2,44,245,0,291,114,0,114,405
09/08/2012,SMO,CA,AWP,WE,Towers with Radar,0,13,39,0,52,0,1,184,0,185,0,14,223,0,237,58,0,58,295
09/09/2012,SMO,CA,AWP,WE,Towers with Radar,0,18,48,0,66,0,0,149,0,149,0,18,197,0,215,24,0,24,239
09/10/2012,SMO,CA,AWP,WE,Towers with Radar,0,9,39,0,48,0,0,101,0,101,0,9,140,0,149,97,0,97,246
09/11/2012,SMO,CA,AWP,WE,Towers with Radar,0,20,69,0,89,0,1,52,6,59,0,21,121,6,148,14,0,14,162
09/12/2012,SMO,CA,AWP,WE,Towers with Radar,0,26,57,0,83,0,0,44,0,44,0,26,101,0,127,62,0,62,189
09/13/2012,SMO,CA,AWP,WE,Towers with Radar,0,20,44,0,64,0,0,90,0,90,0,20,134,0,154,106,0,106,260
09/14/2012,SMO,CA,AWP,WE,Towers with Radar,0,21,37,0,58,0,0,140,0,140,0,21,177,0,198,119,0,119,317
09/15/2012,SMO,CA,AWP,WE,Towers with Radar,0,3,44,0,47,0,0,117,2,119,0,3,161,2,166,58,0,58,224
09/16/2012,SMO,CA,AWP,WE,Towers with Radar,0,17,30,0,47,0,0,142,0,142,0,17,172,0,189,36,0,36,225
09/17/2012,SMO,CA,AWP,WE,Towers with Radar,0,13,40,0,53,0,0,85,0,85,0,13,125,0,138,77,0,77,215
09/18/2012,SMO,CA,AWP,WE,Towers with Radar,0,22,56,0,78,0,0,135,0,135,0,22,191,0,213,106,0,106,319
09/19/2012,SMO,CA,AWP,WE,Towers with Radar,0,15,32,0,47,1,0,147,0,148,1,15,179,0,195,137,0,137,332
09/20/2012,SMO,CA,AWP,WE,Towers with Radar,0,16,36,0,52,0,0,132,0,132,0,16,168,0,184,122,0,122,306
09/21/2012,SMO,CA,AWP,WE,Towers with Radar,0,13,36,0,49,0,0,140,0,140,0,13,176,0,189,59,0,59,248
09/22/2012,SMO,CA,AWP,WE,Towers with Radar,0,17,33,0,50,0,0,167,0,167,0,17,200,0,217,67,0,67,284
09/23/2012,SMO,CA,AWP,WE,Towers with Radar,0,27,36,0,63,0,0,137,0,137,0,27,173,0,200,61,0,61,261
09/24/2012,SMO,CA,AWP,WE,Towers with Radar,0,29,30,0,59,0,0,108,0,108,0,29,138,0,167,54,0,54,221
09/25/2012,SMO,CA,AWP,WE,Towers with Radar,0,9,40,0,49,0,0,135,0,135,0,9,175,0,184,139,0,139,323
09/26/2012,SMO,CA,AWP,WE,Towers with Radar,0,4,66,0,70,0,0,114,0,114,0,4,180,0,184,88,0,88,272
09/27/2012,SMO,CA,AWP,WE,Towers with Radar,0,23,49,0,72,0,0,151,0,151,0,23,200,0,223,106,0,106,329
09/28/2012,SMO,CA,AWP,WE,Towers with Radar,0,32,68,3,103,0,0,142,0,142,0,32,210,3,245,130,0,130,375
09/29/2012,SMO,CA,AWP,WE,Towers with Radar,0,14,39,0,53,0,0,184,0,184,0,14,223,0,237,52,0,52,289
09/30/2012,SMO,CA,AWP,WE,Towers with Radar,0,21,76,0,97,0,0,183,0,183,0,21,259,0,280,57,0,57,337
10/01/2012,SMO,CA,AWP,WE,Towers with Radar,0,21,32,0,53,0,0,120,0,120,0,21,152,0,173,109,0,109,282
10/02/2012,SMO,CA,AWP,WE,Towers with Radar,0,21,49,0,70,0,0,118,0,118,0,21,167,0,188,97,0,97,285
10/03/2012,SMO,CA,AWP,WE,Towers with Radar,0,19,63,0,82,0,0,83,0,83,0,19,146,0,165,42,0,42,207
10/04/2012,SMO,CA,AWP,WE,Towers with Radar,1,13,71,0,85,1,0,90,0,91,2,13,161,0,176,162,0,162,338
10/05/2012,SMO,CA,AWP,WE,Towers with Radar,0,23,55,0,78,0,0,106,0,106,0,23,161,0,184,131,0,131,315
10/06/2012,SMO,CA,AWP,WE,Towers with Radar,0,13,36,0,49,0,0,119,0,119,0,13,155,0,168,62,0,62,230
10/07/2012,SMO,CA,AWP,WE,Towers with Radar,0,12,10,0,22,0,0,41,0,41,0,12,51,0,63,34,0,34,97
10/08/2012,SMO,CA,AWP,WE,Towers with Radar,0,12,32,2,46,0,0,9,0,9,0,12,41,2,55,12,0,12,67
10/09/2012,SMO,CA,AWP,WE,Towers with Radar,0,14,57,0,71,0,0,106,2,108,0,14,163,2,179,100,0,100,279
10/10/2012,SMO,CA,AWP,WE,Towers with Radar,0,18,77,0,95,0,1,119,0,120,0,19,196,0,215,127,0,127,342
10/11/2012,SMO,CA,AWP,WE,Towers with Radar,0,29,43,0,72,0,0,43,0,43,0,29,86,0,115,91,0,91,206
10/12/2012,SMO,CA,AWP,WE,Towers with Radar,0,17,54,0,71,0,1,108,0,109,0,18,162,0,180,97,0,97,277
10/13/2012,SMO,CA,AWP,WE,Towers with Radar,1,3,28,1,33,1,0,208,0,209,2,3,236,1,242,73,0,73,315
10/14/2012,SMO,CA,AWP,WE,Towers with Radar,0,16,33,0,49,0,0,133,0,133,0,16,166,0,182,47,0,47,229
10/15/2012,SMO,CA,AWP,WE,Towers with Radar,0,6,27,0,33,0,0,143,0,143,0,6,170,0,176,101,0,101,277
10/16/2012,SMO,CA,AWP,WE,Towers with Radar,0,12,38,0,50,0,1,137,0,138,0,13,175,0,188,107,0,107,295
10/17/2012,SMO,CA,AWP,WE,Towers with Radar,0,20,41,0,61,0,0,143,0,143,0,20,184,0,204,167,0,167,371
10/18/2012,SMO,CA,AWP,WE,Towers with Radar,0,23,57,0,80,0,0,90,0,90,0,23,147,0,170,143,0,143,313
10/19/2012,SMO,CA,AWP,WE,Towers with Radar,0,23,110,0,133,0,0,74,0,74,0,23,184,0,207,49,0,49,256
10/20/2012,SMO,CA,AWP,WE,Towers with Radar,0,20,63,0,83,0,0,43,0,43,0,20,106,0,126,59,0,59,185
10/21/2012,SMO,CA,AWP,WE,Towers with Radar,0,16,68,0,84,0,0,103,0,103,0,16,171,0,187,97,0,97,284
10/22/2012,SMO,CA,AWP,WE,Towers with Radar,0,6,67,0,73,0,0,92,0,92,0,6,159,0,165,143,0,143,308
10/23/2012,SMO,CA,AWP,WE,Towers with Radar,2,16,49,0,67,0,0,159,0,159,2,16,208,0,226,139,0,139,365
10/24/2012,SMO,CA,AWP,WE,Towers with Radar,0,22,41,0,63,0,0,103,0,103,0,22,144,0,166,65,0,65,231
10/25/2012,SMO,CA,AWP,WE,Towers with Radar,0,16,58,0,74,0,1,90,0,91,0,17,148,0,165,126,0,126,291
10/26/2012,SMO,CA,AWP,WE,Towers with Radar,0,23,39,0,62,0,0,120,0,120,0,23,159,0,182,130,0,130,312
10/27/2012,SMO,CA,AWP,WE,Towers with Radar,3,16,38,0,57,0,0,134,0,134,3,16,172,0,191,37,0,37,228
10/28/2012,SMO,CA,AWP,WE,Towers with Radar,0,21,27,0,48,0,0,197,0,197,0,21,224,0,245,80,0,80,325
10/29/2012,SMO,CA,AWP,WE,Towers with Radar,0,16,74,0,90,0,0,97,1,98,0,16,171,1,188,85,0,85,273
10/30/2012,SMO,CA,AWP,WE,Towers with Radar,0,11,50,0,61,0,0,137,0,137,0,11,187,0,198,60,0,60,258
10/31/2012,SMO,CA,AWP,WE,Towers with Radar,0,9,43,0,52,0,0,69,0,69,0,9,112,0,121,38,0,38,159
11/01/2012,SMO,CA,AWP,WE,Towers with Radar,0,29,68,0,97,0,0,76,0,76,0,29,144,0,173,45,0,45,218
11/02/2012,SMO,CA,AWP,WE,Towers with Radar,0,20,62,0,82,0,0,130,0,130,0,20,192,0,212,105,0,105,317
11/03/2012,SMO,CA,AWP,WE,Towers with Radar,0,25,40,0,65,0,0,179,0,179,0,25,219,0,244,70,0,70,314
11/04/2012,SMO,CA,AWP,WE,Towers with Radar,0,26,60,0,86,0,0,235,0,235,0,26,295,0,321,66,0,66,387
11/05/2012,SMO,CA,AWP,WE,Towers with Radar,0,17,39,0,56,0,0,175,0,175,0,17,214,0,231,44,0,44,275
11/06/2012,SMO,CA,AWP,WE,Towers with Radar,0,22,40,2,64,0,0,115,0,115,0,22,155,2,179,100,0,100,279
11/07/2012,SMO,CA,AWP,WE,Towers with Radar,0,22,83,0,105,0,0,58,0,58,0,22,141,0,163,49,0,49,212
11/08/2012,SMO,CA,AWP,WE,Towers with Radar,0,18,94,0,112,0,0,29,0,29,0,18,123,0,141,26,0,26,167
11/09/2012,SMO,CA,AWP,WE,Towers with Radar,0,27,57,0,84,0,0,99,0,99,0,27,156,0,183,100,0,100,283
11/10/2012,SMO,CA,AWP,WE,Towers with Radar,0,9,27,0,36,0,1,123,0,124,0,10,150,0,160,98,0,98,258
11/11/2012,SMO,CA,AWP,WE,Towers with Radar,0,6,43,0,49,0,0,183,0,183,0,6,226,0,232,56,0,56,288
11/12/2012,SMO,CA,AWP,WE,Towers with Radar,0,21,46,0,67,0,1,163,0,164,0,22,209,0,231,70,0,70,301
11/13/2012,SMO,CA,AWP,WE,Towers with Radar,1,11,38,0,50,1,0,182,0,183,2,11,220,0,233,152,0,152,385
11/14/2012,SMO,CA,AWP,WE,Towers with Radar,0,26,31,0,57,0,0,128,0,128,0,26,159,0,185,147,0,147,332
11/15/2012,SMO,CA,AWP,WE,Towers with Radar,0,23,48,0,71,0,0,91,0,91,0,23,139,0,162,145,0,145,307
11/16/2012,SMO,CA,AWP,WE,Towers with Radar,0,22,59,0,81,0,3,89,0,92,0,25,148,0,173,112,0,112,285
11/17/2012,SMO,CA,AWP,WE,Towers with Radar,0,11,53,0,64,0,0,7,0,7,0,11,60,0,71,38,0,38,109
11/18/2012,SMO,CA,AWP,WE,Towers with Radar,0,13,51,0,64,0,1,159,0,160,0,14,210,0,224,88,0,88,312
11/19/2012,SMO,CA,AWP,WE,Towers with Radar,0,6,35,0,41,0,0,127,0,127,0,6,162,0,168,101,0,101,269
11/20/2012,SMO,CA,AWP,WE,Towers with Radar,0,21,46,0,67,0,1,155,0,156,0,22,201,0,223,38,0,38,261
11/21/2012,SMO,CA,AWP,WE,Towers with Radar,1,27,72,0,100,3,0,180,0,183,4,27,252,0,283,85,0,85,368
11/22/2012,SMO,CA,AWP,WE,Towers with Radar,0,7,19,0,26,0,0,54,0,54,0,7,73,0,80,21,0,21,101
11/23/2012,SMO,CA,AWP,WE,Towers with Radar,0,7,29,0,36,0,0,68,0,68,0,7,97,0,104,25,0,25,129
11/24/2012,SMO,CA,AWP,WE,Towers with Radar,0,11,19,0,30,0,0,124,0,124,0,11,143,0,154,76,0,76,230
11/25/2012,SMO,CA,AWP,WE,Towers with Radar,0,24,99,0,123,0,0,72,0,72,0,24,171,0,195,26,0,26,221
11/26/2012,SMO,CA,AWP,WE,Towers with Radar,0,22,49,3,74,0,2,74,0,76,0,24,123,3,150,106,0,106,256
11/27/2012,SMO,CA,AWP,WE,Towers with Radar,0,19,36,0,55,0,0,103,0,103,0,19,139,0,158,110,0,110,268
11/28/2012,SMO,CA,AWP,WE,Towers with Radar,0,11,45,0,56,0,1,76,0,77,0,12,121,0,133,243,0,243,376
11/29/2012,SMO,CA,AWP,WE,Towers with Radar,0,14,52,0,66,0,0,0,0,0,0,14,52,0,66,0,0,0,66
11/30/2012,SMO,CA,AWP,WE,Towers with Radar,0,4,40,0,44,0,0,0,0,0,0,4,40,0,44,0,0,0,44
12/01/2012,SMO,CA,AWP,WE,Towers with Radar,0,4,38,0,42,0,0,8,0,8,0,4,46,0,50,2,0,2,52
12/02/2012,SMO,CA,AWP,WE,Towers with Radar,0,10,40,0,50,0,0,6,0,6,0,10,46,0,56,16,0,16,72
12/03/2012,SMO,CA,AWP,WE,Towers with Radar,0,20,57,0,77,0,0,21,0,21,0,20,78,0,98,12,0,12,110
12/04/2012,SMO,CA,AWP,WE,Towers with Radar,0,19,62,0,81,0,0,79,0,79,0,19,141,0,160,113,0,113,273
12/05/2012,SMO,CA,AWP,WE,Towers with Radar,0,15,76,0,91,0,0,78,0,78,0,15,154,0,169,37,0,37,206
12/06/2012,SMO,CA,AWP,WE,Towers with Radar,0,14,66,0,80,0,0,112,0,112,0,14,178,0,192,127,0,127,319
12/07/2012,SMO,CA,AWP,WE,Towers with Radar,0,17,65,1,83,0,2,76,0,78,0,19,141,1,161,44,0,44,205
12/08/2012,SMO,CA,AWP,WE,Towers with Radar,0,18,61,0,79,0,0,49,0,49,0,18,110,0,128,15,0,15,143
12/09/2012,SMO,CA,AWP,WE,Towers with Radar,0,13,30,1,44,0,0,96,0,96,0,13,126,1,140,38,0,38,178
12/10/2012,SMO,CA,AWP,WE,Towers with Radar,0,21,41,0,62,0,1,161,0,162,0,22,202,0,224,134,0,134,358
12/11/2012,SMO,CA,AWP,WE,Towers with Radar,0,12,48,0,60,0,0,169,0,169,0,12,217,0,229,146,0,146,375
12/12/2012,SMO,CA,AWP,WE,Towers with Radar,0,11,58,0,69,0,0,67,0,67,0,11,125,0,136,172,0,172,308
12/13/2012,SMO,CA,AWP,WE,Towers with Radar,0,22,43,0,65,0,0,111,0,111,0,22,154,0,176,87,0,87,263
12/14/2012,SMO,CA,AWP,WE,Towers with Radar,0,16,52,0,68,0,0,121,0,121,0,16,173,0,189,175,0,175,364
12/15/2012,SMO,CA,AWP,WE,Towers with Radar,0,8,36,0,44,0,0,144,0,144,0,8,180,0,188,69,0,69,257
12/16/2012,SMO,CA,AWP,WE,Towers with Radar,0,21,49,0,70,0,0,6,0,6,0,21,55,0,76,12,0,12,88
12/17/2012,SMO,CA,AWP,WE,Towers with Radar,0,15,54,0,69,0,0,46,0,46,0,15,100,0,115,179,0,179,294
12/18/2012,SMO,CA,AWP,WE,Towers with Radar,0,12,38,2,52,0,2,52,0,54,0,14,90,2,106,55,0,55,161
12/19/2012,SMO,CA,AWP,WE,Towers with Radar,0,27,42,0,69,0,2,138,0,140,0,29,180,0,209,137,0,137,346
12/20/2012,SMO,CA,AWP,WE,Towers with Radar,0,18,48,0,66,0,1,135,0,136,0,19,183,0,202,98,0,98,300
12/21/2012,SMO,CA,AWP,WE,Towers with Radar,0,22,51,0,73,0,3,123,0,126,0,25,174,0,199,46,0,46,245
12/22/2012,SMO,CA,AWP,WE,Towers with Radar,0,25,27,0,52,0,0,119,0,119,0,25,146,0,171,84,0,84,255
12/23/2012,SMO,CA,AWP,WE,Towers with Radar,0,21,41,0,62,0,1,41,0,42,0,22,82,0,104,55,0,55,159
12/24/2012,SMO,CA,AWP,WE,Towers with Radar,0,5,20,0,25,0,0,32,0,32,0,5,52,0,57,60,0,60,117
12/25/2012,SMO,CA,AWP,WE,Towers with Radar,0,11,8,0,19,0,0,23,0,23,0,11,31,0,42,26,0,26,68
12/26/2012,SMO,CA,AWP,WE,Towers with Radar,0,16,43,0,59,0,0,53,0,53,0,16,96,0,112,44,0,44,156
12/27/2012,SMO,CA,AWP,WE,Towers with Radar,0,13,28,0,41,0,0,132,0,132,0,13,160,0,173,75,0,75,248
12/28/2012,SMO,CA,AWP,WE,Towers with Radar,0,17,32,0,49,0,0,154,0,154,0,17,186,0,203,82,0,82,285
12/29/2012,SMO,CA,AWP,WE,Towers with Radar,0,9,25,0,34,0,0,23,0,23,0,9,48,0,57,6,0,6,63
12/30/2012,SMO,CA,AWP,WE,Towers with Radar,1,17,27,0,45,1,0,110,0,111,2,17,137,0,156,20,0,20,176
12/31/2012,SMO,CA,AWP,WE,Towers with Radar,0,11,25,0,36,0,0,137,0,137,0,11,162,0,173,112,0,112,285
01/01/2013,SMO,CA,AWP,WE,Towers with Radar,0,16,15,0,31,0,0,92,0,92,0,16,107,0,123,28,0,28,151
01/02/2013,SMO,CA,AWP,WE,Towers with Radar,0,20,38,0,58,0,0,89,0,89,0,20,127,0,147,71,0,71,218
01/03/2013,SMO,CA,AWP,WE,Towers with Radar,0,10,32,0,42,0,0,86,0,86,0,10,118,0,128,20,0,20,148
01/04/2013,SMO,CA,AWP,WE,Towers with Radar,0,19,35,0,54,0,0,144,0,144,0,19,179,0,198,67,0,67,265
01/05/2013,SMO,CA,AWP,WE,Towers with Radar,0,14,43,0,57,0,0,2,0,2,0,14,45,0,59,0,0,0,59
01/06/2013,SMO,CA,AWP,WE,Towers with Radar,0,16,45,0,61,0,0,44,0,44,0,16,89,0,105,30,0,30,135
01/07/2013,SMO,CA,AWP,WE,Towers with Radar,0,17,20,0,37,0,0,73,0,73,0,17,93,0,110,94,0,94,204
01/08/2013,SMO,CA,AWP,WE,Towers with Radar,0,24,40,0,64,0,0,151,0,151,0,24,191,0,215,137,0,137,352
01/09/2013,SMO,CA,AWP,WE,Towers with Radar,0,22,49,0,71,0,0,107,0,107,0,22,156,0,178,93,0,93,271
01/10/2013,SMO,CA,AWP,WE,Towers with Radar,0,35,37,0,72,0,2,54,0,56,0,37,91,0,128,60,0,60,188
01/11/2013,SMO,CA,AWP,WE,Towers with Radar,0,17,50,0,67,0,2,137,0,139,0,19,187,0,206,106,0,106,312
01/12/2013,SMO,CA,AWP,WE,Towers with Radar,0,27,34,0,61,0,0,159,0,159,0,27,193,0,220,28,0,28,248
01/13/2013,SMO,CA,AWP,WE,Towers with Radar,0,17,40,0,57,0,0,178,0,178,0,17,218,0,235,42,0,42,277
01/14/2013,SMO,CA,AWP,WE,Towers with Radar,0,16,41,0,57,0,2,90,0,92,0,18,131,0,149,59,0,59,208
01/15/2013,SMO,CA,AWP,WE,Towers with Radar,0,14,44,0,58,0,0,130,0,130,0,14,174,0,188,146,0,146,334
01/16/2013,SMO,CA,AWP,WE,Towers with Radar,0,10,52,0,62,0,3,134,0,137,0,13,186,0,199,173,0,173,372
01/17/2013,SMO,CA,AWP,WE,Towers with Radar,0,33,38,0,71,0,3,113,0,116,0,36,151,0,187,90,0,90,277
01/18/2013,SMO,CA,AWP,WE,Towers with Radar,0,26,55,0,81,0,1,159,0,160,0,27,214,0,241,136,0,136,377
01/19/2013,SMO,CA,AWP,WE,Towers with Radar,0,6,52,0,58,0,0,200,0,200,0,6,252,0,258,88,0,88,346
01/20/2013,SMO,CA,AWP,WE,Towers with Radar,1,16,36,0,53,1,0,214,0,215,2,16,250,0,268,93,0,93,361
01/21/2013,SMO,CA,AWP,WE,Towers with Radar,0,28,50,0,78,0,4,213,0,217,0,32,263,0,295,136,0,136,431
01/22/2013,SMO,CA,AWP,WE,Towers with Radar,0,22,30,0,52,0,3,154,1,158,0,25,184,1,210,131,0,131,341
01/23/2013,SMO,CA,AWP,WE,Towers with Radar,0,14,41,0,55,0,0,132,0,132,0,14,173,0,187,184,0,184,371
01/24/2013,SMO,CA,AWP,WE,Towers with Radar,0,9,47,0,56,0,0,36,0,36,0,9,83,0,92,13,0,13,105
01/25/2013,SMO,CA,AWP,WE,Towers with Radar,0,20,56,0,76,0,3,27,0,30,0,23,83,0,106,38,0,38,144
01/26/2013,SMO,CA,AWP,WE,Towers with Radar,1,8,25,0,34,1,0,50,0,51,2,8,75,0,85,18,0,18,103
01/27/2013,SMO,CA,AWP,WE,Towers with Radar,0,25,45,0,70,0,0,82,0,82,0,25,127,0,152,72,0,72,224
01/28/2013,SMO,CA,AWP,WE,Towers with Radar,0,17,30,0,47,0,1,97,0,98,0,18,127,0,145,102,0,102,247
01/29/2013,SMO,CA,AWP,WE,Towers with Radar,0,16,36,0,52,0,3,149,0,152,0,19,185,0,204,150,0,150,354
01/30/2013,SMO,CA,AWP,WE,Towers with Radar,1,24,54,0,79,1,1,194,0,196,2,25,248,0,275,98,0,98,373
01/31/2013,SMO,CA,AWP,WE,Towers with Radar,0,25,38,0,63,0,0,161,0,161,0,25,199,0,224,131,0,131,355
02/01/2013,SMO,CA,AWP,WE,Towers with Radar,0,24,45,0,69,0,0,166,0,166,0,24,211,0,235,112,0,112,347
02/02/2013,SMO,CA,AWP,WE,Towers with Radar,0,14,34,2,50,0,0,147,0,147,0,14,181,2,197,42,0,42,239
02/03/2013,SMO,CA,AWP,WE,Towers with Radar,0,20,29,0,49,0,0,144,0,144,0,20,173,0,193,99,0,99,292
02/04/2013,SMO,CA,AWP,WE,Towers with Radar,0,20,34,0,54,0,1,106,0,107,0,21,140,0,161,6,0,6,167
02/05/2013,SMO,CA,AWP,WE,Towers with Radar,0,14,81,0,95,0,0,14,0,14,0,14,95,0,109,48,0,48,157
02/06/2013,SMO,CA,AWP,WE,Towers with Radar,0,22,46,0,68,0,1,87,0,88,0,23,133,0,156,209,0,209,365
02/07/2013,SMO,CA,AWP,WE,Towers with Radar,0,22,74,0,96,0,0,76,0,76,0,22,150,0,172,175,0,175,347
02/08/2013,SMO,CA,AWP,WE,Towers with Radar,0,23,51,0,74,0,2,34,0,36,0,25,85,0,110,58,0,58,168
02/09/2013,SMO,CA,AWP,WE,Towers with Radar,0,18,35,0,53,0,0,166,0,166,0,18,201,0,219,128,0,128,347
02/10/2013,SMO,CA,AWP,WE,Towers with Radar,0,31,56,0,87,0,1,168,0,169,0,32,224,0,256,76,0,76,332
02/11/2013,SMO,CA,AWP,WE,Towers with Radar,1,24,52,0,77,0,2,128,0,130,1,26,180,0,207,189,0,189,396
02/12/2013,SMO,CA,AWP,WE,Towers with Radar,1,19,35,0,55,1,0,147,0,148,2,19,182,0,203,113,0,113,316
02/13/2013,SMO,CA,AWP,WE,Towers with Radar,0,28,39,0,67,0,0,141,0,141,0,28,180,0,208,260,0,260,468
02/14/2013,SMO,CA,AWP,WE,Towers with Radar,1,35,54,0,90,0,0,100,0,100,1,35,154,0,190,98,0,98,288
02/15/2013,SMO,CA,AWP,WE,Towers with Radar,0,31,94,0,125,0,1,173,0,174,0,32,267,0,299,165,0,165,464
02/16/2013,SMO,CA,AWP,WE,Towers with Radar,0,31,33,0,64,0,1,184,0,185,0,32,217,0,249,73,0,73,322
02/17/2013,SMO,CA,AWP,WE,Towers with Radar,0,37,44,0,81,0,0,191,0,191,0,37,235,0,272,91,0,91,363
02/18/2013,SMO,CA,AWP,WE,Towers with Radar,0,42,79,1,122,0,2,138,0,140,0,44,217,1,262,90,0,90,352
02/19/2013,SMO,CA,AWP,WE,Towers with Radar,0,17,62,0,79,0,0,32,0,32,0,17,94,0,111,150,0,150,261
02/20/2013,SMO,CA,AWP,WE,Towers with Radar,0,16,34,0,50,0,0,101,0,101,0,16,135,0,151,91,0,91,242
02/21/2013,SMO,CA,AWP,WE,Towers with Radar,0,20,47,0,67,0,0,97,0,97,0,20,144,0,164,139,0,139,303
02/22/2013,SMO,CA,AWP,WE,Towers with Radar,0,21,45,0,66,0,1,167,0,168,0,22,212,0,234,104,0,104,338
02/23/2013,SMO,CA,AWP,WE,Towers with Radar,0,12,29,0,41,0,0,135,0,135,0,12,164,0,176,77,0,77,253
02/24/2013,SMO,CA,AWP,WE,Towers with Radar,0,24,19,0,43,0,0,128,0,128,0,24,147,0,171,64,0,64,235
02/25/2013,SMO,CA,AWP,WE,Towers with Radar,0,27,42,0,69,0,0,167,0,167,0,27,209,0,236,136,0,136,372
02/26/2013,SMO,CA,AWP,WE,Towers with Radar,1,13,34,0,48,1,0,145,0,146,2,13,179,0,194,131,0,131,325
02/27/2013,SMO,CA,AWP,WE,Towers with Radar,0,19,37,0,56,0,2,154,0,156,0,21,191,0,212,197,0,197,409
02/28/2013,SMO,CA,AWP,WE,Towers with Radar,0,23,43,0,66,0,2,178,0,180,0,25,221,0,246,93,0,93,339
03/01/2013,SMO,CA,AWP,WE,Towers with Radar,0,16,37,0,53,0,0,154,0,154,0,16,191,0,207,110,0,110,317
03/02/2013,SMO,CA,AWP,WE,Towers with Radar,1,9,37,0,47,1,0,160,0,161,2,9,197,0,208,76,0,76,284
03/03/2013,SMO,CA,AWP,WE,Towers with Radar,0,15,75,0,90,0,0,117,0,117,0,15,192,0,207,48,0,48,255
03/04/2013,SMO,CA,AWP,WE,Towers with Radar,0,13,71,0,84,0,0,96,0,96,0,13,167,0,180,70,0,70,250
03/05/2013,SMO,CA,AWP,WE,Towers with Radar,0,24,90,0,114,0,0,34,0,34,0,24,124,0,148,17,0,17,165
03/06/2013,SMO,CA,AWP,WE,Towers with Radar,0,23,56,0,79,0,1,107,0,108,0,24,163,0,187,180,0,180,367
03/07/2013,SMO,CA,AWP,WE,Towers with Radar,2,26,70,0,98,1,0,76,0,77,3,26,146,0,175,105,0,105,280
03/08/2013,SMO,CA,AWP,WE,Towers with Radar,0,23,54,0,77,0,0,63,0,63,0,23,117,0,140,114,0,114,254
03/09/2013,SMO,CA,AWP,WE,Towers with Radar,0,17,25,0,42,0,0,178,0,178,0,17,203,0,220,62,0,62,282
03/10/2013,SMO,CA,AWP,WE,Towers with Radar,0,19,74,0,93,0,0,187,0,187,0,19,261,0,280,54,0,54,334
03/11/2013,SMO,CA,AWP,WE,Towers with Radar,0,34,45,0,79,0,1,125,0,126,0,35,170,0,205,116,0,116,321
03/12/2013,SMO,CA,AWP,WE,Towers with Radar,1,11,51,0,63,1,1,124,0,126,2,12,175,0,189,57,0,57,246
03/13/2013,SMO,CA,AWP,WE,Towers with Radar,0,5,58,0,63,0,2,141,0,143,0,7,199,0,206,114,0,114,320
03/14/2013,SMO,CA,AWP,WE,Towers with Radar,0,22,47,0,69,0,0,112,0,112,0,22,159,0,181,88,0,88,269
03/15/2013,SMO,CA,AWP,WE,Towers with Radar,0,17,65,0,82,0,0,45,0,45,0,17,110,0,127,27,0,27,154
03/16/2013,SMO,CA,AWP,WE,Towers with Radar,2,18,62,0,82,2,0,21,0,23,4,18,83,0,105,0,0,0,105
03/17/2013,SMO,CA,AWP,WE,Towers with Radar,0,16,74,0,90,0,0,34,0,34,0,16,108,0,124,0,0,0,124
03/18/2013,SMO,CA,AWP,WE,Towers with Radar,0,22,60,0,82,0,0,61,0,61,0,22,121,0,143,160,0,160,303
03/19/2013,SMO,CA,AWP,WE,Towers with Radar,0,26,86,0,112,0,0,27,0,27,0,26,113,0,139,12,0,12,151
03/20/2013,SMO,CA,AWP,WE,Towers with Radar,0,31,50,0,81,0,0,128,0,128,0,31,178,0,209,137,0,137,346
03/21/2013,SMO,CA,AWP,WE,Towers with Radar,0,19,58,1,78,0,0,123,1,124,0,19,181,2,202,149,0,149,351
03/22/2013,SMO,CA,AWP,WE,Towers with Radar,0,24,49,0,73,0,0,148,0,148,0,24,197,0,221,144,0,144,365
03/23/2013,SMO,CA,AWP,WE,Towers with Radar,0,18,35,0,53,0,0,156,0,156,0,18,191,0,209,94,0,94,303
03/24/2013,SMO,CA,AWP,WE,Towers with Radar,0,13,54,0,67,0,0,170,0,170,0,13,224,0,237,109,0,109,346
03/25/2013,SMO,CA,AWP,WE,Towers with Radar,0,15,33,0,48,0,0,139,0,139,0,15,172,0,187,116,0,116,303
03/26/2013,SMO,CA,AWP,WE,Towers with Radar,0,19,60,0,79,0,0,100,0,100,0,19,160,0,179,90,0,90,269
03/27/2013,SMO,CA,AWP,WE,Towers with Radar,0,23,58,1,82,0,0,108,0,108,0,23,166,1,190,148,0,148,338
03/28/2013,SMO,CA,AWP,WE,Towers with Radar,0,25,68,0,93,0,1,134,0,135,0,26,202,0,228,102,0,102,330
03/29/2013,SMO,CA,AWP,WE,Towers with Radar,0,23,47,0,70,0,1,87,0,88,0,24,134,0,158,45,0,45,203
03/30/2013,SMO,CA,AWP,WE,Towers with Radar,0,21,85,0,106,0,0,41,0,41,0,21,126,0,147,0,0,0,147
03/31/2013,SMO,CA,AWP,WE,Towers with Radar,0,17,55,0,72,0,0,23,0,23,0,17,78,0,95,101,0,101,196
04/01/2013,SMO,CA,AWP,WE,Towers with Radar,0,16,65,0,81,0,0,79,0,79,0,16,144,0,160,18,0,18,178
04/02/2013,SMO,CA,AWP,WE,Towers with Radar,0,19,51,3,73,0,0,142,0,142,0,19,193,3,215,181,0,181,396
04/03/2013,SMO,CA,AWP,WE,Towers with Radar,1,18,72,0,91,1,0,91,0,92,2,18,163,0,183,108,0,108,291
04/04/2013,SMO,CA,AWP,WE,Towers with Radar,0,22,66,0,88,0,0,92,0,92,0,22,158,0,180,71,0,71,251
04/05/2013,SMO,CA,AWP,WE,Towers with Radar,0,23,50,0,73,0,0,99,0,99,0,23,149,0,172,134,0,134,306
04/06/2013,SMO,CA,AWP,WE,Towers with Radar,0,22,54,0,76,0,0,140,0,140,0,22,194,0,216,71,0,71,287
04/07/2013,SMO,CA,AWP,WE,Towers with Radar,0,37,41,0,78,0,0,126,0,126,0,37,167,0,204,79,0,79,283
04/08/2013,SMO,CA,AWP,WE,Towers with Radar,0,11,34,0,45,0,0,43,0,43,0,11,77,0,88,88,0,88,176
04/09/2013,SMO,CA,AWP,WE,Towers with Radar,0,26,26,0,52,0,0,127,0,127,0,26,153,0,179,29,0,29,208
04/10/2013,SMO,CA,AWP,WE,Towers with Radar,0,16,39,0,55,0,0,111,0,111,0,16,150,0,166,141,0,141,307
04/11/2013,SMO,CA,AWP,WE,Towers with Radar,0,23,59,0,82,0,0,102,0,102,0,23,161,0,184,127,0,127,311
04/12/2013,SMO,CA,AWP,WE,Towers with Radar,0,24,63,0,87,0,1,123,0,124,0,25,186,0,211,140,0,140,351
04/13/2013,SMO,CA,AWP,WE,Towers with Radar,0,13,59,0,72,0,0,31,0,31,0,13,90,0,103,34,0,34,137
04/14/2013,SMO,CA,AWP,WE,Towers with Radar,0,21,60,0,81,0,0,81,0,81,0,21,141,0,162,158,0,158,320
04/15/2013,SMO,CA,AWP,WE,Towers with Radar,0,27,56,0,83,0,0,62,0,62,0,27,118,0,145,177,0,177,322
04/16/2013,SMO,CA,AWP,WE,Towers with Radar,0,12,45,0,57,0,0,95,0,95,0,12,140,0,152,89,0,89,241
04/17/2013,SMO,CA,AWP,WE,Towers with Radar,0,20,20,0,40,0,0,111,0,111,0,20,131,0,151,49,0,49,200
04/18/2013,SMO,CA,AWP,WE,Towers with Radar,0,26,47,2,75,0,2,130,0,132,0,28,177,2,207,160,0,160,367
04/19/2013,SMO,CA,AWP,WE,Towers with Radar,0,30,50,1,81,0,0,167,1,168,0,30,217,2,249,137,0,137,386
04/20/2013,SMO,CA,AWP,WE,Towers with Radar,0,11,37,0,48,0,0,201,0,201,0,11,238,0,249,91,0,91,340
04/21/2013,SMO,CA,AWP,WE,Towers with Radar,1,15,59,0,75,1,0,155,0,156,2,15,214,0,231,92,0,92,323
04/22/2013,SMO,CA,AWP,WE,Towers with Radar,0,15,57,0,72,0,0,96,0,96,0,15,153,0,168,116,0,116,284
04/23/2013,SMO,CA,AWP,WE,Towers with Radar,0,13,59,0,72,0,2,92,0,94,0,15,151,0,166,250,0,250,416
04/24/2013,SMO,CA,AWP,WE,Towers with Radar,0,28,83,0,111,0,0,23,0,23,0,28,106,0,134,68,0,68,202
04/25/2013,SMO,CA,AWP,WE,Towers with Radar,0,25,53,0,78,0,1,112,0,113,0,26,165,0,191,132,0,132,323
04/26/2013,SMO,CA,AWP,WE,Towers with Radar,2,18,44,0,64,2,0,183,1,186,4,18,227,1,250,207,0,207,457
04/27/2013,SMO,CA,AWP,WE,Towers with Radar,0,6,35,0,41,0,0,169,3,172,0,6,204,3,213,48,0,48,261
04/28/2013,SMO,CA,AWP,WE,Towers with Radar,0,19,64,0,83,0,0,123,0,123,0,19,187,0,206,11,0,11,217
04/29/2013,SMO,CA,AWP,WE,Towers with Radar,0,22,55,0,77,0,0,56,0,56,0,22,111,0,133,82,0,82,215
04/30/2013,SMO,CA,AWP,WE,Towers with Radar,1,20,109,0,130,1,0,44,0,45,2,20,153,0,175,196,0,196,371
05/01/2013,SMO,CA,AWP,WE,Towers with Radar,0,24,58,0,82,0,1,114,0,115,0,25,172,0,197,138,0,138,335
05/02/2013,SMO,CA,AWP,WE,Towers with Radar,0,18,56,0,74,0,4,111,0,115,0,22,167,0,189,123,0,123,312
05/03/2013,SMO,CA,AWP,WE,Towers with Radar,1,22,52,0,75,0,0,148,0,148,1,22,200,0,223,121,0,121,344
05/04/2013,SMO,CA,AWP,WE,Towers with Radar,0,16,50,0,66,0,0,105,0,105,0,16,155,0,171,37,0,37,208
05/05/2013,SMO,CA,AWP,WE,Towers with Radar,0,19,44,0,63,1,0,68,0,69,1,19,112,0,132,122,0,122,254
05/06/2013,SMO,CA,AWP,WE,Towers with Radar,0,13,65,0,78,0,0,49,0,49,0,13,114,0,127,44,0,44,171
05/07/2013,SMO,CA,AWP,WE,Towers with Radar,0,23,68,0,91,0,0,74,0,74,0,23,142,0,165,144,0,144,309
05/08/2013,SMO,CA,AWP,WE,Towers with Radar,0,18,45,0,63,0,0,149,0,149,0,18,194,0,212,101,0,101,313
05/09/2013,SMO,CA,AWP,WE,Towers with Radar,0,29,57,0,86,0,0,120,0,120,0,29,177,0,206,129,0,129,335
05/10/2013,SMO,CA,AWP,WE,Towers with Radar,0,25,49,0,74,0,0,166,0,166,0,25,215,0,240,86,0,86,326
05/11/2013,SMO,CA,AWP,WE,Towers with Radar,0,12,36,0,48,0,0,126,0,126,0,12,162,0,174,50,0,50,224
05/12/2013,SMO,CA,AWP,WE,Towers with Radar,0,35,40,0,75,0,0,139,0,139,0,35,179,0,214,106,0,106,320
05/13/2013,SMO,CA,AWP,WE,Towers with Radar,0,7,36,0,43,0,0,120,0,120,0,7,156,0,163,139,0,139,302
05/14/2013,SMO,CA,AWP,WE,Towers with Radar,0,24,36,0,60,0,0,142,0,142,0,24,178,0,202,97,0,97,299
05/15/2013,SMO,CA,AWP,WE,Towers with Radar,0,17,64,0,81,0,0,139,0,139,0,17,203,0,220,134,0,134,354
05/16/2013,SMO,CA,AWP,WE,Towers with Radar,0,24,76,0,100,0,0,74,0,74,0,24,150,0,174,144,0,144,318
05/17/2013,SMO,CA,AWP,WE,Towers with Radar,1,25,53,2,81,0,0,139,0,139,1,25,192,2,220,167,0,167,387
05/18/2013,SMO,CA,AWP,WE,Towers with Radar,0,27,30,0,57,0,0,155,0,155,0,27,185,0,212,124,0,124,336
05/19/2013,SMO,CA,AWP,WE,Towers with Radar,0,21,55,0,76,0,0,185,0,185,0,21,240,0,261,88,0,88,349
05/20/2013,SMO,CA,AWP,WE,Towers with Radar,0,31,40,0,71,0,0,123,0,123,0,31,163,0,194,150,0,150,344
05/21/2013,SMO,CA,AWP,WE,Towers with Radar,0,28,68,0,96,0,0,103,0,103,0,28,171,0,199,122,0,122,321
05/22/2013,SMO,CA,AWP,WE,Towers with Radar,0,27,53,0,80,0,0,122,0,122,0,27,175,0,202,190,0,190,392
05/23/2013,SMO,CA,AWP,WE,Towers with Radar,0,26,58,0,84,0,0,127,0,127,0,26,185,0,211,183,0,183,394
05/24/2013,SMO,CA,AWP,WE,Towers with Radar,0,29,58,0,87,0,0,136,0,136,0,29,194,0,223,193,0,193,416
05/25/2013,SMO,CA,AWP,WE,Towers with Radar,0,11,40,0,51,0,0,117,0,117,0,11,157,0,168,116,0,116,284
05/26/2013,SMO,CA,AWP,WE,Towers with Radar,0,11,33,0,44,0,0,140,0,140,0,11,173,0,184,48,0,48,232
05/27/2013,SMO,CA,AWP,WE,Towers with Radar,0,26,54,0,80,0,0,157,0,157,0,26,211,0,237,28,0,28,265
05/28/2013,SMO,CA,AWP,WE,Towers with Radar,0,16,51,0,67,0,0,85,0,85,0,16,136,0,152,125,0,125,277
05/29/2013,SMO,CA,AWP,WE,Towers with Radar,0,15,28,0,43,0,0,136,0,136,0,15,164,0,179,90,0,90,269
05/30/2013,SMO,CA,AWP,WE,Towers with Radar,0,29,45,0,74,0,0,144,0,144,0,29,189,0,218,129,0,129,347
05/31/2013,SMO,CA,AWP,WE,Towers with Radar,0,28,48,0,76,0,1,155,0,156,0,29,203,0,232,116,0,116,348
06/01/2013,SMO,CA,AWP,WE,Towers with Radar,0,22,42,0,64,0,0,143,0,143,0,22,185,0,207,65,0,65,272
06/02/2013,SMO,CA,AWP,WE,Towers with Radar,0,21,59,0,80,0,0,87,0,87,0,21,146,0,167,34,0,34,201
06/03/2013,SMO,CA,AWP,WE,Towers with Radar,0,24,55,0,79,0,0,74,0,74,0,24,129,0,153,76,0,76,229
06/04/2013,SMO,CA,AWP,WE,Towers with Radar,0,31,69,0,100,0,0,112,0,112,0,31,181,0,212,119,0,119,331
06/05/2013,SMO,CA,AWP,WE,Towers with Radar,0,27,84,0,111,0,0,79,0,79,0,27,163,0,190,74,0,74,264
06/06/2013,SMO,CA,AWP,WE,Towers with Radar,0,16,94,0,110,0,0,16,0,16,0,16,110,0,126,0,0,0,126
06/07/2013,SMO,CA,AWP,WE,Towers with Radar,0,11,77,0,88,0,0,25,11,36,0,11,102,11,124,0,0,0,124
06/08/2013,SMO,CA,AWP,WE,Towers with Radar,0,24,58,0,82,0,0,64,0,64,0,24,122,0,146,30,0,30,176
06/09/2013,SMO,CA,AWP,WE,Towers with Radar,0,22,73,4,99,0,0,72,0,72,0,22,145,4,171,59,0,59,230
06/10/2013,SMO,CA,AWP,WE,Towers with Radar,0,22,51,1,74,0,0,125,0,125,0,22,176,1,199,93,0,93,292
06/11/2013,SMO,CA,AWP,WE,Towers with Radar,0,22,45,1,68,0,0,117,0,117,0,22,162,1,185,166,0,166,351
06/12/2013,SMO,CA,AWP,WE,Towers with Radar,0,15,68,1,84,0,0,27,0,27,0,15,95,1,111,0,0,0,111
06/13/2013,SMO,CA,AWP,WE,Towers with Radar,0,19,46,0,65,0,0,89,2,91,0,19,135,2,156,88,0,88,244
06/14/2013,SMO,CA,AWP,WE,Towers with Radar,0,28,73,0,101,0,0,134,0,134,0,28,207,0,235,170,0,170,405
06/15/2013,SMO,CA,AWP,WE,Towers with Radar,0,19,41,0,60,0,0,155,0,155,0,19,196,0,215,92,0,92,307
06/16/2013,SMO,CA,AWP,WE,Towers with Radar,0,24,47,0,71,0,0,179,0,179,0,24,226,0,250,86,0,86,336
06/17/2013,SMO,CA,AWP,WE,Towers with Radar,1,20,57,0,78,1,0,95,0,96,2,20,152,0,174,99,0,99,273
06/18/2013,SMO,CA,AWP,WE,Towers with Radar,0,17,45,0,62,0,0,99,0,99,0,17,144,0,161,133,0,133,294
06/19/2013,SMO,CA,AWP,WE,Towers with Radar,0,18,39,0,57,0,0,178,0,178,0,18,217,0,235,124,0,124,359
06/20/2013,SMO,CA,AWP,WE,Towers with Radar,0,14,35,0,49,0,0,164,0,164,0,14,199,0,213,185,0,185,398
06/21/2013,SMO,CA,AWP,WE,Towers with Radar,0,22,44,0,66,0,1,169,0,170,0,23,213,0,236,144,0,144,380
06/22/2013,SMO,CA,AWP,WE,Towers with Radar,1,16,27,0,44,1,0,181,0,182,2,16,208,0,226,126,0,126,352
06/23/2013,SMO,CA,AWP,WE,Towers with Radar,0,31,54,0,85,0,0,134,0,134,0,31,188,0,219,149,0,149,368
06/24/2013,SMO,CA,AWP,WE,Towers with Radar,0,19,56,0,75,0,0,69,0,69,0,19,125,0,144,143,0,143,287
06/25/2013,SMO,CA,AWP,WE,Towers with Radar,0,22,54,0,76,0,0,53,0,53,0,22,107,0,129,21,0,21,150
06/26/2013,SMO,CA,AWP,WE,Towers with Radar,0,22,35,0,57,0,0,133,0,133,0,22,168,0,190,77,0,77,267
06/27/2013,SMO,CA,AWP,WE,Towers with Radar,0,22,54,0,76,0,2,116,0,118,0,24,170,0,194,93,0,93,287
06/28/2013,SMO,CA,AWP,WE,Towers with Radar,0,29,46,0,75,0,0,132,0,132,0,29,178,0,207,102,0,102,309
06/29/2013,SMO,CA,AWP,WE,Towers with Radar,0,14,22,0,36,0,0,125,0,125,0,14,147,0,161,83,0,83,244
06/30/2013,SMO,CA,AWP,WE,Towers with Radar,0,23,24,0,47,0,0,173,0,173,0,23,197,0,220,102,0,102,322
07/01/2013,SMO,CA,AWP,WE,Towers with Radar,0,18,21,0,39,0,0,130,0,130,0,18,151,0,169,108,0,108,277
07/02/2013,SMO,CA,AWP,WE,Towers with Radar,0,15,60,0,75,0,0,73,0,73,0,15,133,0,148,26,0,26,174
07/03/2013,SMO,CA,AWP,WE,Towers with Radar,0,25,78,0,103,0,0,76,0,76,0,25,154,0,179,30,0,30,209
07/04/2013,SMO,CA,AWP,WE,Towers with Radar,0,4,22,0,26,0,0,83,0,83,0,4,105,0,109,60,0,60,169
07/05/2013,SMO,CA,AWP,WE,Towers with Radar,0,11,39,0,50,0,0,58,0,58,0,11,97,0,108,60,0,60,168
07/06/2013,SMO,CA,AWP,WE,Towers with Radar,0,9,62,0,71,0,0,79,0,79,0,9,141,0,150,34,0,34,184
07/07/2013,SMO,CA,AWP,WE,Towers with Radar,2,20,57,0,79,0,0,109,0,109,2,20,166,0,188,27,0,27,215
07/08/2013,SMO,CA,AWP,WE,Towers with Radar,0,27,31,0,58,0,0,142,0,142,0,27,173,0,200,178,0,178,378
07/09/2013,SMO,CA,AWP,WE,Towers with Radar,1,25,40,1,67,0,0,147,0,147,1,25,187,1,214,174,0,174,388
07/10/2013,SMO,CA,AWP,WE,Towers with Radar,0,9,23,0,32,0,0,113,0,113,0,9,136,0,145,180,0,180,325
07/11/2013,SMO,CA,AWP,WE,Towers with Radar,0,24,60,0,84,0,1,92,0,93,0,25,152,0,177,130,0,130,307
07/12/2013,SMO,CA,AWP,WE,Towers with Radar,0,30,52,0,82,0,1,118,0,119,0,31,170,0,201,103,0,103,304
07/13/2013,SMO,CA,AWP,WE,Towers with Radar,0,12,48,0,60,0,0,128,0,128,0,12,176,0,188,7,0,7,195
07/14/2013,SMO,CA,AWP,WE,Towers with Radar,0,23,48,0,71,0,1,190,0,191,0,24,238,0,262,90,0,90,352
07/15/2013,SMO,CA,AWP,WE,Towers with Radar,0,11,49,0,60,0,2,145,0,147,0,13,194,0,207,97,0,97,304
07/16/2013,SMO,CA,AWP,WE,Towers with Radar,0,31,54,0,85,0,2,182,0,184,0,33,236,0,269,184,0,184,453
07/17/2013,SMO,CA,AWP,WE,Towers with Radar,0,29,28,0,57,0,0,154,0,154,0,29,182,0,211,168,0,168,379
07/18/2013,SMO,CA,AWP,WE,Towers with Radar,1,35,52,0,88,1,0,144,0,145,2,35,196,0,233,127,0,127,360
07/19/2013,SMO,CA,AWP,WE,Towers with Radar,0,36,59,0,95,0,0,157,0,157,0,36,216,0,252,156,0,156,408
07/20/2013,SMO,CA,AWP,WE,Towers with Radar,0,30,80,0,110,0,0,64,0,64,0,30,144,0,174,20,0,20,194
07/21/2013,SMO,CA,AWP,WE,Towers with Radar,0,39,70,0,109,0,0,88,0,88,0,39,158,0,197,8,0,8,205
07/22/2013,SMO,CA,AWP,WE,Towers with Radar,0,32,56,0,88,0,2,115,0,117,0,34,171,0,205,159,0,159,364
07/23/2013,SMO,CA,AWP,WE,Towers with Radar,0,27,63,0,90,0,1,100,0,101,0,28,163,0,191,170,0,170,361
07/24/2013,SMO,CA,AWP,WE,Towers with Radar,0,34,99,0,133,0,0,31,0,31,0,34,130,0,164,0,0,0,164
07/25/2013,SMO,CA,AWP,WE,Towers with Radar,0,33,68,0,101,0,0,86,0,86,0,33,154,0,187,12,0,12,199
07/26/2013,SMO,CA,AWP,WE,Towers with Radar,0,50,54,1,105,0,0,122,0,122,0,50,176,1,227,166,0,166,393
07/27/2013,SMO,CA,AWP,WE,Towers with Radar,0,39,67,0,106,0,0,83,0,83,0,39,150,0,189,3,0,3,192
07/28/2013,SMO,CA,AWP,WE,Towers with Radar,0,31,95,0,126,0,0,24,0,24,0,31,119,0,150,0,0,0,150
07/29/2013,SMO,CA,AWP,WE,Towers with Radar,1,25,35,0,61,1,1,149,0,151,2,26,184,0,212,208,0,208,420
07/30/2013,SMO,CA,AWP,WE,Towers with Radar,0,17,41,0,58,0,1,114,0,115,0,18,155,0,173,222,0,222,395
07/31/2013,SMO,CA,AWP,WE,Towers with Radar,0,19,66,0,85,0,2,65,0,67,0,21,131,0,152,203,0,203,355
08/01/2013,SMO,CA,AWP,WE,Towers with Radar,0,31,43,0,74,0,2,107,0,109,0,33,150,0,183,61,0,61,244
08/02/2013,SMO,CA,AWP,WE,Towers with Radar,0,23,48,0,71,0,0,113,0,113,0,23,161,0,184,39,0,39,223
08/03/2013,SMO,CA,AWP,WE,Towers with Radar,0,8,50,0,58,0,1,108,0,109,0,9,158,0,167,12,0,12,179
08/04/2013,SMO,CA,AWP,WE,Towers with Radar,0,12,51,0,63,0,0,81,0,81,0,12,132,0,144,0,0,0,144
08/05/2013,SMO,CA,AWP,WE,Towers with Radar,0,22,37,0,59,0,0,99,0,99,0,22,136,0,158,41,0,41,199
08/06/2013,SMO,CA,AWP,WE,Towers with Radar,0,23,44,2,69,0,0,58,0,58,0,23,102,2,127,16,0,16,143
08/07/2013,SMO,CA,AWP,WE,Towers with Radar,0,22,33,0,55,0,0,72,0,72,0,22,105,0,127,36,0,36,163
08/08/2013,SMO,CA,AWP,WE,Towers with Radar,0,26,42,0,68,0,1,168,0,169,0,27,210,0,237,93,0,93,330
08/09/2013,SMO,CA,AWP,WE,Towers with Radar,0,32,47,0,79,0,2,156,0,158,0,34,203,0,237,29,0,29,266
08/10/2013,SMO,CA,AWP,WE,Towers with Radar,0,17,49,0,66,0,0,153,0,153,0,17,202,0,219,24,0,24,243
08/11/2013,SMO,CA,AWP,WE,Towers with Radar,0,22,67,0,89,0,0,161,0,161,0,22,228,0,250,52,0,52,302
08/12/2013,SMO,CA,AWP,WE,Towers with Radar,0,31,46,0,77,0,0,110,0,110,0,31,156,0,187,44,0,44,231
08/13/2013,SMO,CA,AWP,WE,Towers with Radar,0,26,70,0,96,0,0,123,0,123,0,26,193,0,219,102,1,103,322
08/14/2013,SMO,CA,AWP,WE,Towers with Radar,0,30,64,0,94,0,0,61,0,61,0,30,125,0,155,32,0,32,187
08/15/2013,SMO,CA,AWP,WE,Towers with Radar,0,36,46,0,82,0,0,124,0,124,0,36,170,0,206,55,0,55,261
08/16/2013,SMO,CA,AWP,WE,Towers with Radar,0,29,40,0,69,0,0,124,0,124,0,29,164,0,193,38,0,38,231
08/17/2013,SMO,CA,AWP,WE,Towers with Radar,0,16,30,0,46,0,0,107,0,107,0,16,137,0,153,38,0,38,191
08/18/2013,SMO,CA,AWP,WE,Towers with Radar,0,34,80,0,114,0,0,55,0,55,0,34,135,0,169,15,0,15,184
08/19/2013,SMO,CA,AWP,WE,Towers with Radar,0,24,66,0,90,0,2,45,0,47,0,26,111,0,137,2,0,2,139
08/20/2013,SMO,CA,AWP,WE,Towers with Radar,0,32,44,0,76,0,0,69,0,69,0,32,113,0,145,26,0,26,171
08/21/2013,SMO,CA,AWP,WE,Towers with Radar,0,26,36,0,62,0,0,161,0,161,0,26,197,0,223,64,0,64,287
08/22/2013,SMO,CA,AWP,WE,Towers with Radar,0,29,45,0,74,0,0,136,0,136,0,29,181,0,210,90,0,90,300
08/23/2013,SMO,CA,AWP,WE,Towers with Radar,1,20,48,0,69,0,0,153,0,153,1,20,201,0,222,85,0,85,307
08/24/2013,SMO,CA,AWP,WE,Towers with Radar,1,16,32,0,49,1,1,164,0,166,2,17,196,0,215,0,0,0,215
08/25/2013,SMO,CA,AWP,WE,Towers with Radar,1,19,43,0,63,0,0,164,0,164,1,19,207,0,227,45,0,45,272
08/26/2013,SMO,CA,AWP,WE,Towers with Radar,2,10,31,0,43,0,0,159,0,159,2,10,190,0,202,92,0,92,294
08/27/2013,SMO,CA,AWP,WE,Towers with Radar,0,24,42,0,66,0,0,136,0,136,0,24,178,0,202,57,0,57,259
08/28/2013,SMO,CA,AWP,WE,Towers with Radar,0,28,31,0,59,0,0,138,0,138,0,28,169,0,197,80,0,80,277
08/29/2013,SMO,CA,AWP,WE,Towers with Radar,0,17,51,0,68,0,0,130,0,130,0,17,181,0,198,60,0,60,258
08/30/2013,SMO,CA,AWP,WE,Towers with Radar,0,28,50,0,78,0,1,112,0,113,0,29,162,0,191,79,0,79,270
08/31/2013,SMO,CA,AWP,WE,Towers with Radar,0,12,39,0,51,0,0,163,0,163,0,12,202,0,214,26,0,26,240
09/01/2013,SMO,CA,AWP,WE,Towers with Radar,0,22,34,0,56,0,0,127,0,127,0,22,161,0,183,18,0,18,201
09/02/2013,SMO,CA,AWP,WE,Towers with Radar,0,21,45,0,66,0,0,148,0,148,0,21,193,0,214,54,0,54,268
09/03/2013,SMO,CA,AWP,WE,Towers with Radar,0,36,36,0,72,0,0,145,0,145,0,36,181,0,217,40,0,40,257
09/04/2013,SMO,CA,AWP,WE,Towers with Radar,0,17,34,0,51,0,0,164,0,164,0,17,198,0,215,90,0,90,305
09/05/2013,SMO,CA,AWP,WE,Towers with Radar,0,16,27,0,43,0,0,115,4,119,0,16,142,4,162,73,0,73,235
09/06/2013,SMO,CA,AWP,WE,Towers with Radar,2,25,41,2,70,3,0,144,2,149,5,25,185,4,219,44,0,44,263
09/07/2013,SMO,CA,AWP,WE,Towers with Radar,0,13,26,0,39,0,0,145,0,145,0,13,171,0,184,22,0,22,206
09/08/2013,SMO,CA,AWP,WE,Towers with Radar,0,26,43,0,69,0,0,155,0,155,0,26,198,0,224,40,0,40,264
09/09/2013,SMO,CA,AWP,WE,Towers with Radar,0,26,48,0,74,0,0,40,0,40,0,26,88,0,114,2,0,2,116
09/10/2013,SMO,CA,AWP,WE,Towers with Radar,0,26,61,0,87,0,0,113,0,113,0,26,174,0,200,35,0,35,235
09/11/2013,SMO,CA,AWP,WE,Towers with Radar,0,32,41,0,73,0,0,134,0,134,0,32,175,0,207,56,0,56,263
09/12/2013,SMO,CA,AWP,WE,Towers with Radar,0,22,55,0,77,0,0,144,0,144,0,22,199,0,221,70,0,70,291
09/13/2013,SMO,CA,AWP,WE,Towers with Radar,0,35,49,0,84,0,0,149,0,149,0,35,198,0,233,76,0,76,309
09/14/2013,SMO,CA,AWP,WE,Towers with Radar,0,16,17,0,33,0,1,126,0,127,0,17,143,0,160,20,0,20,180
09/15/2013,SMO,CA,AWP,WE,Towers with Radar,0,36,24,0,60,0,1,172,0,173,0,37,196,0,233,27,0,27,260
09/16/2013,SMO,CA,AWP,WE,Towers with Radar,0,28,31,0,59,0,0,113,0,113,0,28,144,0,172,39,0,39,211
09/17/2013,SMO,CA,AWP,WE,Towers with Radar,1,23,60,0,84,0,0,20,0,20,1,23,80,0,104,0,0,0,104
09/18/2013,SMO,CA,AWP,WE,Towers with Radar,0,17,51,1,69,0,0,132,2,134,0,17,183,3,203,113,0,113,316
09/19/2013,SMO,CA,AWP,WE,Towers with Radar,0,24,46,1,71,0,2,118,0,120,0,26,164,1,191,28,0,28,219
09/20/2013,SMO,CA,AWP,WE,Towers with Radar,0,31,84,0,115,0,0,18,0,18,0,31,102,0,133,12,0,12,145
09/21/2013,SMO,CA,AWP,WE,Towers with Radar,0,28,35,0,63,0,0,162,0,162,0,28,197,0,225,64,0,64,289
09/22/2013,SMO,CA,AWP,WE,Towers with Radar,0,34,53,0,87,0,0,168,0,168,0,34,221,0,255,10,0,10,265
09/23/2013,SMO,CA,AWP,WE,Towers with Radar,0,16,38,1,55,0,0,145,0,145,0,16,183,1,200,50,0,50,250
09/24/2013,SMO,CA,AWP,WE,Towers with Radar,0,25,41,0,66,0,2,177,0,179,0,27,218,0,245,40,2,42,287
09/25/2013,SMO,CA,AWP,WE,Towers with Radar,0,18,50,2,70,0,0,90,0,90,0,18,140,2,160,41,0,41,201
09/26/2013,SMO,CA,AWP,WE,Towers with Radar,0,28,47,0,75,0,1,110,0,111,0,29,157,0,186,22,0,22,208
09/27/2013,SMO,CA,AWP,WE,Towers with Radar,0,25,31,1,57,0,0,163,0,163,0,25,194,1,220,55,0,55,275
09/28/2013,SMO,CA,AWP,WE,Towers with Radar,0,13,24,0,37,0,0,183,0,183,0,13,207,0,220,19,0,19,239
09/29/2013,SMO,CA,AWP,WE,Towers with Radar,0,32,37,0,69,0,0,176,0,176,0,32,213,0,245,10,0,10,255
09/30/2013,SMO,CA,AWP,WE,Towers with Radar,0,0,0,0,0,0,0,8,0,8,0,0,8,0,8,0,0,0,8
10/01/2013,SMO,CA,AWP,WE,Towers with Radar,0,5,12,0,17,0,0,60,0,60,0,5,72,0,77,42,0,42,119
10/02/2013,SMO,CA,AWP,WE,Towers with Radar,0,26,39,0,65,0,0,111,0,111,0,26,150,0,176,58,0,58,234
10/03/2013,SMO,CA,AWP,WE,Towers with Radar,0,29,49,0,78,0,0,97,0,97,0,29,146,0,175,43,0,43,218
10/04/2013,SMO,CA,AWP,WE,Towers with Radar,0,29,37,0,66,0,1,96,0,97,0,30,133,0,163,38,0,38,201
10/05/2013,SMO,CA,AWP,WE,Towers with Radar,0,15,20,0,35,0,0,99,0,99,0,15,119,0,134,28,0,28,162
10/06/2013,SMO,CA,AWP,WE,Towers with Radar,0,32,35,0,67,0,0,161,0,161,0,32,196,0,228,21,0,21,249
10/07/2013,SMO,CA,AWP,WE,Towers with Radar,0,15,27,0,42,0,0,140,0,140,0,15,167,0,182,23,0,23,205
10/08/2013,SMO,CA,AWP,WE,Towers with Radar,0,23,58,0,81,0,0,130,0,130,0,23,188,0,211,46,0,46,257
10/09/2013,SMO,CA,AWP,WE,Towers with Radar,0,14,52,0,66,0,0,31,0,31,0,14,83,0,97,0,0,0,97
10/10/2013,SMO,CA,AWP,WE,Towers with Radar,0,29,43,0,72,0,0,101,0,101,0,29,144,0,173,52,0,52,225
10/11/2013,SMO,CA,AWP,WE,Towers with Radar,0,24,47,0,71,0,0,154,0,154,0,24,201,0,225,54,0,54,279
10/12/2013,SMO,CA,AWP,WE,Towers with Radar,0,13,38,0,51,0,0,156,0,156,0,13,194,0,207,33,0,33,240
10/13/2013,SMO,CA,AWP,WE,Towers with Radar,0,18,35,0,53,0,0,113,0,113,0,18,148,0,166,25,0,25,191
10/14/2013,SMO,CA,AWP,WE,Towers with Radar,0,27,50,0,77,0,0,125,0,125,0,27,175,0,202,65,0,65,267
10/15/2013,SMO,CA,AWP,WE,Towers with Radar,0,21,46,0,67,0,0,104,0,104,0,21,150,0,171,106,0,106,277
10/16/2013,SMO,CA,AWP,WE,Towers with Radar,0,36,44,0,80,0,2,111,0,113,0,38,155,0,193,47,0,47,240
10/17/2013,SMO,CA,AWP,WE,Towers with Radar,0,25,39,0,64,0,0,176,0,176,0,25,215,0,240,61,0,61,301
10/18/2013,SMO,CA,AWP,WE,Towers with Radar,0,29,45,0,74,0,0,131,0,131,0,29,176,0,205,33,0,33,238
10/19/2013,SMO,CA,AWP,WE,Towers with Radar,0,26,44,0,70,0,0,157,0,157,0,26,201,0,227,9,0,9,236
10/20/2013,SMO,CA,AWP,WE,Towers with Radar,0,27,83,0,110,0,0,95,0,95,0,27,178,0,205,2,0,2,207
10/21/2013,SMO,CA,AWP,WE,Towers with Radar,0,14,42,0,56,0,0,77,0,77,0,14,119,0,133,2,0,2,135
10/22/2013,SMO,CA,AWP,WE,Towers with Radar,0,17,45,0,62,0,1,100,0,101,0,18,145,0,163,10,0,10,173
10/23/2013,SMO,CA,AWP,WE,Towers with Radar,0,34,45,1,80,0,0,41,0,41,0,34,86,1,121,42,0,42,163
10/24/2013,SMO,CA,AWP,WE,Towers with Radar,0,27,42,0,69,0,0,87,0,87,0,27,129,0,156,66,0,66,222
10/25/2013,SMO,CA,AWP,WE,Towers with Radar,0,20,66,0,86,0,3,110,0,113,0,23,176,0,199,51,0,51,250
10/26/2013,SMO,CA,AWP,WE,Towers with Radar,0,15,27,0,42,0,0,66,0,66,0,15,93,0,108,17,0,17,125
10/27/2013,SMO,CA,AWP,WE,Towers with Radar,0,20,72,0,92,0,0,6,0,6,0,20,78,0,98,0,0,0,98
10/28/2013,SMO,CA,AWP,WE,Towers with Radar,0,24,40,0,64,0,0,55,0,55,0,24,95,0,119,88,0,88,207
10/29/2013,SMO,CA,AWP,WE,Towers with Radar,0,34,47,0,81,0,0,127,0,127,0,34,174,0,208,60,0,60,268
10/30/2013,SMO,CA,AWP,WE,Towers with Radar,0,25,44,0,69,1,0,190,0,191,1,25,234,0,260,73,0,73,333
10/31/2013,SMO,CA,AWP,WE,Towers with Radar,0,27,32,1,60,0,0,145,1,146,0,27,177,2,206,7,0,7,213
11/01/2013,SMO,CA,AWP,WE,Towers with Radar,0,33,54,0,87,0,0,156,0,156,0,33,210,0,243,30,0,30,273
11/02/2013,SMO,CA,AWP,WE,Towers with Radar,0,28,19,0,47,0,0,172,4,176,0,28,191,4,223,36,0,36,259
11/03/2013,SMO,CA,AWP,WE,Towers with Radar,0,30,46,0,76,0,0,178,0,178,0,30,224,0,254,65,0,65,319
11/04/2013,SMO,CA,AWP,WE,Towers with Radar,1,14,43,0,58,0,0,116,0,116,1,14,159,0,174,88,0,88,262
11/05/2013,SMO,CA,AWP,WE,Towers with Radar,0,18,33,0,51,0,0,139,0,139,0,18,172,0,190,83,0,83,273
11/06/2013,SMO,CA,AWP,WE,Towers with Radar,0,20,36,0,56,0,0,128,0,128,0,20,164,0,184,33,0,33,217
11/07/2013,SMO,CA,AWP,WE,Towers with Radar,0,47,44,0,91,0,1,210,2,213,0,48,254,2,304,96,0,96,400
11/08/2013,SMO,CA,AWP,WE,Towers with Radar,0,16,46,0,62,0,0,165,0,165,0,16,211,0,227,53,0,53,280
11/09/2013,SMO,CA,AWP,WE,Towers with Radar,0,29,51,0,80,0,0,175,0,175,0,29,226,0,255,22,0,22,277
11/10/2013,SMO,CA,AWP,WE,Towers with Radar,0,22,25,0,47,0,0,273,0,273,0,22,298,0,320,27,0,27,347
11/11/2013,SMO,CA,AWP,WE,Towers with Radar,0,16,31,0,47,0,0,194,0,194,0,16,225,0,241,62,0,62,303
11/12/2013,SMO,CA,AWP,WE,Towers with Radar,0,27,41,0,68,0,4,125,0,129,0,31,166,0,197,53,0,53,250
11/13/2013,SMO,CA,AWP,WE,Towers with Radar,0,9,47,0,56,0,0,186,0,186,0,9,233,0,242,27,0,27,269
11/14/2013,SMO,CA,AWP,WE,Towers with Radar,0,26,54,0,80,0,17,176,0,193,0,43,230,0,273,67,0,67,340
11/15/2013,SMO,CA,AWP,WE,Towers with Radar,0,32,65,0,97,0,0,61,0,61,0,32,126,0,158,57,0,57,215
11/16/2013,SMO,CA,AWP,WE,Towers with Radar,0,17,49,0,66,0,0,82,0,82,0,17,131,0,148,26,0,26,174
11/17/2013,SMO,CA,AWP,WE,Towers with Radar,0,20,39,0,59,0,0,159,0,159,0,20,198,0,218,22,0,22,240
11/18/2013,SMO,CA,AWP,WE,Towers with Radar,0,13,42,0,55,0,0,107,0,107,0,13,149,0,162,29,0,29,191
11/19/2013,SMO,CA,AWP,WE,Towers with Radar,0,15,61,0,76,0,0,128,0,128,0,15,189,0,204,34,0,34,238
11/20/2013,SMO,CA,AWP,WE,Towers with Radar,0,32,80,0,112,0,0,45,0,45,0,32,125,0,157,55,0,55,212
11/21/2013,SMO,CA,AWP,WE,Towers with Radar,0,27,55,0,82,0,0,22,0,22,0,27,77,0,104,20,0,20,124
11/22/2013,SMO,CA,AWP,WE,Towers with Radar,0,21,45,0,66,0,0,70,0,70,0,21,115,0,136,51,0,51,187
11/23/2013,SMO,CA,AWP,WE,Towers with Radar,0,25,28,1,54,0,0,173,0,173,0,25,201,1,227,19,0,19,246
11/24/2013,SMO,CA,AWP,WE,Towers with Radar,0,24,31,1,56,0,0,183,0,183,0,24,214,1,239,3,0,3,242
11/25/2013,SMO,CA,AWP,WE,Towers with Radar,0,12,29,0,41,0,0,111,0,111,0,12,140,0,152,82,0,82,234
11/26/2013,SMO,CA,AWP,WE,Towers with Radar,0,12,20,0,32,0,0,61,0,61,0,12,81,0,93,15,0,15,108
11/27/2013,SMO,CA,AWP,WE,Towers with Radar,0,38,48,0,86,0,0,164,0,164,0,38,212,0,250,58,0,58,308
11/28/2013,SMO,CA,AWP,WE,Towers with Radar,0,17,7,0,24,0,0,29,0,29,0,17,36,0,53,34,0,34,87
11/29/2013,SMO,CA,AWP,WE,Towers with Radar,0,15,22,0,37,0,0,38,0,38,0,15,60,0,75,19,0,19,94
11/30/2013,SMO,CA,AWP,WE,Towers with Radar,0,22,44,0,66,0,0,129,0,129,0,22,173,0,195,15,0,15,210
12/01/2013,SMO,CA,AWP,WE,Towers with Radar,0,43,52,0,95,0,0,156,1,157,0,43,208,1,252,50,0,50,302
12/02/2013,SMO,CA,AWP,WE,Towers with Radar,0,26,48,0,74,0,0,98,0,98,0,26,146,0,172,79,0,79,251
12/03/2013,SMO,CA,AWP,WE,Towers with Radar,0,21,55,0,76,0,1,57,0,58,0,22,112,0,134,58,0,58,192
12/04/2013,SMO,CA,AWP,WE,Towers with Radar,0,14,31,0,45,0,0,116,0,116,0,14,147,0,161,53,0,53,214
12/05/2013,SMO,CA,AWP,WE,Towers with Radar,0,15,53,0,68,0,0,116,0,116,0,15,169,0,184,105,0,105,289
12/06/2013,SMO,CA,AWP,WE,Towers with Radar,1,28,35,0,64,1,2,137,0,140,2,30,172,0,204,63,0,63,267
12/07/2013,SMO,CA,AWP,WE,Towers with Radar,0,11,38,0,49,0,0,29,0,29,0,11,67,0,78,20,0,20,98
12/08/2013,SMO,CA,AWP,WE,Towers with Radar,0,20,30,0,50,0,0,144,1,145,0,20,174,1,195,67,0,67,262
12/09/2013,SMO,CA,AWP,WE,Towers with Radar,0,21,34,0,55,0,0,98,0,98,0,21,132,0,153,18,0,18,171
12/10/2013,SMO,CA,AWP,WE,Towers with Radar,0,21,24,0,45,0,0,121,0,121,0,21,145,0,166,73,0,73,239
12/11/2013,SMO,CA,AWP,WE,Towers with Radar,0,19,43,0,62,0,0,159,0,159,0,19,202,0,221,74,12,86,307
12/12/2013,SMO,CA,AWP,WE,Towers with Radar,0,28,43,0,71,0,0,142,0,142,0,28,185,0,213,78,0,78,291
12/13/2013,SMO,CA,AWP,WE,Towers with Radar,0,21,42,0,63,0,1,140,0,141,0,22,182,0,204,30,0,30,234
12/14/2013,SMO,CA,AWP,WE,Towers with Radar,0,15,26,0,41,0,0,174,0,174,0,15,200,0,215,46,0,46,261
12/15/2013,SMO,CA,AWP,WE,Towers with Radar,0,32,24,0,56,0,1,184,0,185,0,33,208,0,241,120,0,120,361
12/16/2013,SMO,CA,AWP,WE,Towers with Radar,0,16,41,0,57,0,0,136,0,136,0,16,177,0,193,70,0,70,263
12/17/2013,SMO,CA,AWP,WE,Towers with Radar,0,29,43,0,72,0,0,139,0,139,0,29,182,0,211,63,0,63,274
12/18/2013,SMO,CA,AWP,WE,Towers with Radar,0,20,67,0,87,0,0,92,0,92,0,20,159,0,179,67,0,67,246
12/19/2013,SMO,CA,AWP,WE,Towers with Radar,0,24,50,0,74,0,0,24,0,24,0,24,74,0,98,2,0,2,100
12/20/2013,SMO,CA,AWP,WE,Towers with Radar,0,35,39,0,74,0,0,111,0,111,0,35,150,0,185,7,0,7,192
12/21/2013,SMO,CA,AWP,WE,Towers with Radar,0,32,38,0,70,0,0,104,0,104,0,32,142,0,174,10,0,10,184
12/22/2013,SMO,CA,AWP,WE,Towers with Radar,0,22,28,0,50,0,0,126,0,126,0,22,154,0,176,8,0,8,184
12/23/2013,SMO,CA,AWP,WE,Towers with Radar,0,37,30,1,68,0,0,118,1,119,0,37,148,2,187,18,0,18,205
12/24/2013,SMO,CA,AWP,WE,Towers with Radar,0,15,16,0,31,0,1,116,0,117,0,16,132,0,148,27,0,27,175
12/25/2013,SMO,CA,AWP,WE,Towers with Radar,0,13,14,0,27,0,0,40,0,40,0,13,54,0,67,22,0,22,89
12/26/2013,SMO,CA,AWP,WE,Towers with Radar,0,18,37,0,55,0,0,92,0,92,0,18,129,0,147,11,0,11,158
12/27/2013,SMO,CA,AWP,WE,Towers with Radar,0,24,36,0,60,0,0,91,0,91,0,24,127,0,151,15,0,15,166
12/28/2013,SMO,CA,AWP,WE,Towers with Radar,0,11,20,0,31,0,0,90,0,90,0,11,110,0,121,7,0,7,128
12/29/2013,SMO,CA,AWP,WE,Towers with Radar,0,16,23,0,39,0,0,109,0,109,0,16,132,0,148,12,0,12,160
12/30/2013,SMO,CA,AWP,WE,Towers with Radar,0,30,27,0,57,0,0,123,0,123,0,30,150,0,180,47,0,47,227
12/31/2013,SMO,CA,AWP,WE,Towers with Radar,0,23,17,0,40,0,1,106,0,107,0,24,123,0,147,26,0,26,173
01/01/2014,SMO,CA,AWP,WE,Towers with Radar,0,14,23,0,37,0,1,88,0,89,0,15,111,0,126,10,0,10,136
01/02/2014,SMO,CA,AWP,WE,Towers with Radar,0,37,37,0,74,0,0,102,0,102,0,37,139,0,176,3,0,3,179
01/03/2014,SMO,CA,AWP,WE,Towers with Radar,0,24,31,0,55,0,0,87,0,87,0,24,118,0,142,28,0,28,170
01/04/2014,SMO,CA,AWP,WE,Towers with Radar,0,25,51,0,76,0,0,139,0,139,0,25,190,0,215,28,0,28,243
01/05/2014,SMO,CA,AWP,WE,Towers with Radar,0,24,43,0,67,0,0,143,0,143,0,24,186,0,210,11,0,11,221
01/06/2014,SMO,CA,AWP,WE,Towers with Radar,0,21,36,0,57,0,0,108,0,108,0,21,144,0,165,6,0,6,171
01/07/2014,SMO,CA,AWP,WE,Towers with Radar,0,36,47,0,83,0,0,1,0,1,0,36,48,0,84,0,0,0,84
01/08/2014,SMO,CA,AWP,WE,Towers with Radar,0,20,41,0,61,0,0,113,1,114,0,20,154,1,175,0,0,0,175
01/09/2014,SMO,CA,AWP,WE,Towers with Radar,0,28,58,0,86,0,0,50,0,50,0,28,108,0,136,21,0,21,157
01/10/2014,SMO,CA,AWP,WE,Towers with Radar,0,38,36,0,74,0,0,112,0,112,0,38,148,0,186,88,0,88,274
01/11/2014,SMO,CA,AWP,WE,Towers with Radar,0,18,41,0,59,0,0,118,0,118,0,18,159,0,177,24,0,24,201
01/12/2014,SMO,CA,AWP,WE,Towers with Radar,0,10,30,0,40,0,0,107,0,107,0,10,137,0,147,44,0,44,191
01/13/2014,SMO,CA,AWP,WE,Towers with Radar,0,19,38,0,57,0,0,116,0,116,0,19,154,0,173,39,0,39,212
01/14/2014,SMO,CA,AWP,WE,Towers with Radar,0,22,29,0,51,0,1,112,0,113,0,23,141,0,164,48,0,48,212
01/15/2014,SMO,CA,AWP,WE,Towers with Radar,0,35,49,0,84,0,0,124,0,124,0,35,173,0,208,8,0,8,216
01/16/2014,SMO,CA,AWP,WE,Towers with Radar,0,31,52,0,83,0,0,93,0,93,0,31,145,0,176,48,0,48,224
01/17/2014,SMO,CA,AWP,WE,Towers with Radar,0,32,48,0,80,0,0,132,0,132,0,32,180,0,212,50,0,50,262
01/18/2014,SMO,CA,AWP,WE,Towers with Radar,0,13,43,0,56,0,4,182,0,186,0,17,225,0,242,22,0,22,264
01/19/2014,SMO,CA,AWP,WE,Towers with Radar,0,22,39,0,61,0,0,144,0,144,0,22,183,0,205,0,0,0,205
01/20/2014,SMO,CA,AWP,WE,Towers with Radar,0,29,45,0,74,0,0,149,0,149,0,29,194,0,223,37,0,37,260
01/21/2014,SMO,CA,AWP,WE,Towers with Radar,0,26,32,0,58,0,1,115,0,116,0,27,147,0,174,72,0,72,246
01/22/2014,SMO,CA,AWP,WE,Towers with Radar,0,25,35,0,60,0,2,114,0,116,0,27,149,0,176,16,0,16,192
01/23/2014,SMO,CA,AWP,WE,Towers with Radar,0,37,49,0,86,0,0,106,0,106,0,37,155,0,192,60,0,60,252
01/24/2014,SMO,CA,AWP,WE,Towers with Radar,0,23,42,0,65,0,0,123,0,123,0,23,165,0,188,87,0,87,275
01/25/2014,SMO,CA,AWP,WE,Towers with Radar,0,21,49,0,70,0,0,184,0,184,0,21,233,0,254,26,0,26,280
01/26/2014,SMO,CA,AWP,WE,Towers with Radar,0,21,40,0,61,0,2,142,0,144,0,23,182,0,205,18,0,18,223
01/27/2014,SMO,CA,AWP,WE,Towers with Radar,0,27,48,0,75,0,0,144,1,145,0,27,192,1,220,77,0,77,297
01/28/2014,SMO,CA,AWP,WE,Towers with Radar,0,16,53,0,69,0,2,109,2,113,0,18,162,2,182,53,0,53,235
01/29/2014,SMO,CA,AWP,WE,Towers with Radar,0,25,41,0,66,0,0,52,0,52,0,25,93,0,118,9,0,9,127
01/30/2014,SMO,CA,AWP,WE,Towers with Radar,0,21,74,0,95,0,0,11,0,11,0,21,85,0,106,2,0,2,108
01/31/2014,SMO,CA,AWP,WE,Towers with Radar,0,20,57,0,77,0,0,104,0,104,0,20,161,0,181,52,0,52,233
02/01/2014,SMO,CA,AWP,WE,Towers with Radar,0,12,18,0,30,0,0,118,0,118,0,12,136,0,148,60,0,60,208
02/02/2014,SMO,CA,AWP,WE,Towers with Radar,0,15,16,0,31,0,0,80,0,80,0,15,96,0,111,34,0,34,145
02/03/2014,SMO,CA,AWP,WE,Towers with Radar,0,20,44,0,64,0,0,75,0,75,0,20,119,0,139,40,0,40,179
02/04/2014,SMO,CA,AWP,WE,Towers with Radar,0,13,31,0,44,0,0,120,0,120,0,13,151,0,164,88,0,88,252
02/05/2014,SMO,CA,AWP,WE,Towers with Radar,0,33,40,1,74,0,0,133,0,133,0,33,173,1,207,44,0,44,251
02/06/2014,SMO,CA,AWP,WE,Towers with Radar,0,23,57,0,80,0,0,63,0,63,0,23,120,0,143,50,0,50,193
02/07/2014,SMO,CA,AWP,WE,Towers with Radar,0,18,63,0,81,0,1,73,0,74,0,19,136,0,155,130,0,130,285
02/08/2014,SMO,CA,AWP,WE,Towers with Radar,0,9,36,0,45,0,0,107,0,107,0,9,143,0,152,29,0,29,181
02/09/2014,SMO,CA,AWP,WE,Towers with Radar,0,29,40,0,69,0,0,64,0,64,0,29,104,0,133,2,0,2,135
02/10/2014,SMO,CA,AWP,WE,Towers with Radar,0,28,60,0,88,0,0,110,0,110,0,28,170,0,198,72,0,72,270
02/11/2014,SMO,CA,AWP,WE,Towers with Radar,0,26,30,0,56,0,0,61,0,61,0,26,91,0,117,6,0,6,123
02/12/2014,SMO,CA,AWP,WE,Towers with Radar,0,26,26,1,53,0,0,155,3,158,0,26,181,4,211,92,0,92,303
02/13/2014,SMO,CA,AWP,WE,Towers with Radar,0,41,44,0,85,0,0,151,0,151,0,41,195,0,236,71,0,71,307
02/14/2014,SMO,CA,AWP,WE,Towers with Radar,0,47,67,0,114,0,0,220,0,220,0,47,287,0,334,39,0,39,373
02/15/2014,SMO,CA,AWP,WE,Towers with Radar,0,22,36,0,58,0,0,137,0,137,0,22,173,0,195,63,0,63,258
02/16/2014,SMO,CA,AWP,WE,Towers with Radar,0,33,38,0,71,0,0,157,0,157,0,33,195,0,228,26,0,26,254
02/17/2014,SMO,CA,AWP,WE,Towers with Radar,0,30,68,1,99,0,0,58,0,58,0,30,126,1,157,10,0,10,167
02/18/2014,SMO,CA,AWP,WE,Towers with Radar,0,27,62,1,90,0,0,100,0,100,0,27,162,1,190,62,0,62,252
02/19/2014,SMO,CA,AWP,WE,Towers with Radar,0,27,61,0,88,0,0,75,0,75,0,27,136,0,163,5,0,5,168
02/20/2014,SMO,CA,AWP,WE,Towers with Radar,0,32,32,0,64,0,0,142,0,142,0,32,174,0,206,78,0,78,284
02/21/2014,SMO,CA,AWP,WE,Towers with Radar,0,24,39,0,63,0,2,187,0,189,0,26,226,0,252,65,0,65,317
02/22/2014,SMO,CA,AWP,WE,Towers with Radar,0,15,37,0,52,0,0,153,0,153,0,15,190,0,205,33,0,33,238
02/23/2014,SMO,CA,AWP,WE,Towers with Radar,0,36,44,0,80,0,0,153,0,153,0,36,197,0,233,9,0,9,242
02/24/2014,SMO,CA,AWP,WE,Towers with Radar,0,22,51,0,73,0,1,149,0,150,0,23,200,0,223,113,0,113,336
02/25/2014,SMO,CA,AWP,WE,Towers with Radar,0,25,68,0,93,0,0,110,0,110,0,25,178,0,203,50,0,50,253
02/26/2014,SMO,CA,AWP,WE,Towers with Radar,0,36,61,0,97,0,0,58,0,58,0,36,119,0,155,116,0,116,271
02/27/2014,SMO,CA,AWP,WE,Towers with Radar,0,27,43,0,70,0,0,62,0,62,0,27,105,0,132,63,0,63,195
02/28/2014,SMO,CA,AWP,WE,Towers with Radar,0,14,25,0,39,0,0,6,0,6,0,14,31,0,45,0,0,0,45
03/01/2014,SMO,CA,AWP,WE,Towers with Radar,0,9,14,0,23,0,0,11,0,11,0,9,25,0,34,14,0,14,48
03/02/2014,SMO,CA,AWP,WE,Towers with Radar,0,26,43,0,69,0,0,31,0,31,0,26,74,0,100,9,0,9,109
03/03/2014,SMO,CA,AWP,WE,Towers with Radar,1,20,54,1,76,0,0,140,0,140,1,20,194,1,216,60,0,60,276
03/04/2014,SMO,CA,AWP,WE,Towers with Radar,0,21,54,0,75,0,2,90,0,92,0,23,144,0,167,65,0,65,232
03/05/2014,SMO,CA,AWP,WE,Towers with Radar,0,20,60,0,80,0,0,143,0,143,0,20,203,0,223,104,0,104,327
03/06/2014,SMO,CA,AWP,WE,Towers with Radar,0,19,54,0,73,0,0,78,0,78,0,19,132,0,151,57,0,57,208
03/07/2014,SMO,CA,AWP,WE,Towers with Radar,0,18,36,0,54,0,0,186,0,186,0,18,222,0,240,71,0,71,311
03/08/2014,SMO,CA,AWP,WE,Towers with Radar,0,7,34,0,41,0,0,132,0,132,0,7,166,0,173,58,0,58,231
03/09/2014,SMO,CA,AWP,WE,Towers with Radar,0,20,34,0,54,0,0,198,0,198,0,20,232,0,252,94,0,94,346
03/10/2014,SMO,CA,AWP,WE,Towers with Radar,0,22,38,0,60,0,0,154,0,154,0,22,192,0,214,70,0,70,284
03/11/2014,SMO,CA,AWP,WE,Towers with Radar,0,26,34,0,60,0,0,135,0,135,0,26,169,0,195,117,0,117,312
03/12/2014,SMO,CA,AWP,WE,Towers with Radar,0,28,52,0,80,0,0,143,0,143,0,28,195,0,223,57,0,57,280
03/13/2014,SMO,CA,AWP,WE,Towers with Radar,0,36,49,0,85,0,0,137,0,137,0,36,186,0,222,26,0,26,248
03/14/2014,SMO,CA,AWP,WE,Towers with Radar,0,26,48,0,74,0,0,183,4,187,0,26,231,4,261,34,0,34,295
03/15/2014,SMO,CA,AWP,WE,Towers with Radar,0,29,33,0,62,0,0,187,0,187,0,29,220,0,249,56,0,56,305
03/16/2014,SMO,CA,AWP,WE,Towers with Radar,0,26,63,1,90,0,0,185,0,185,0,26,248,1,275,32,0,32,307
03/17/2014,SMO,CA,AWP,WE,Towers with Radar,0,19,42,0,61,0,0,121,0,121,0,19,163,0,182,38,0,38,220
03/18/2014,SMO,CA,AWP,WE,Towers with Radar,0,17,50,0,67,0,0,147,2,149,0,17,197,2,216,56,0,56,272
03/19/2014,SMO,CA,AWP,WE,Towers with Radar,0,23,45,0,68,0,2,211,0,213,0,25,256,0,281,63,0,63,344
03/20/2014,SMO,CA,AWP,WE,Towers with Radar,0,27,61,0,88,0,0,135,0,135,0,27,196,0,223,60,0,60,283
03/21/2014,SMO,CA,AWP,WE,Towers with Radar,0,22,72,0,94,0,0,78,0,78,0,22,150,0,172,86,0,86,258
03/22/2014,SMO,CA,AWP,WE,Towers with Radar,0,31,55,0,86,0,0,75,0,75,0,31,130,0,161,25,0,25,186
03/23/2014,SMO,CA,AWP,WE,Towers with Radar,0,31,50,0,81,0,0,91,0,91,0,31,141,0,172,2,0,2,174
03/24/2014,SMO,CA,AWP,WE,Towers with Radar,0,17,73,0,90,0,0,29,0,29,0,17,102,0,119,26,0,26,145
03/25/2014,SMO,CA,AWP,WE,Towers with Radar,0,20,64,0,84,0,0,35,0,35,0,20,99,0,119,63,0,63,182
03/26/2014,SMO,CA,AWP,WE,Towers with Radar,0,24,50,0,74,0,1,61,0,62,0,25,111,0,136,28,0,28,164
03/27/2014,SMO,CA,AWP,WE,Towers with Radar,0,21,57,0,78,1,0,101,0,102,1,21,158,0,180,51,0,51,231
03/28/2014,SMO,CA,AWP,WE,Towers with Radar,0,20,55,1,76,0,0,169,1,170,0,20,224,2,246,132,0,132,378
03/29/2014,SMO,CA,AWP,WE,Towers with Radar,0,16,31,0,47,0,0,145,0,145,0,16,176,0,192,42,0,42,234
03/30/2014,SMO,CA,AWP,WE,Towers with Radar,0,20,62,0,82,0,0,108,0,108,0,20,170,0,190,22,0,22,212
03/31/2014,SMO,CA,AWP,WE,Towers with Radar,0,18,57,0,75,0,1,117,0,118,0,19,174,0,193,77,0,77,270
04/01/2014,SMO,CA,AWP,WE,Towers with Radar,0,20,33,0,53,0,0,62,0,62,0,20,95,0,115,27,0,27,142
04/02/2014,SMO,CA,AWP,WE,Towers with Radar,0,31,31,0,62,0,0,70,0,70,0,31,101,0,132,17,0,17,149
04/03/2014,SMO,CA,AWP,WE,Towers with Radar,0,19,24,0,43,0,0,176,0,176,0,19,200,0,219,88,0,88,307
04/04/2014,SMO,CA,AWP,WE,Towers with Radar,0,30,47,0,77,0,1,179,0,180,0,31,226,0,257,70,0,70,327
04/05/2014,SMO,CA,AWP,WE,Towers with Radar,0,7,32,0,39,0,0,172,0,172,0,7,204,0,211,50,0,50,261
04/06/2014,SMO,CA,AWP,WE,Towers with Radar,0,35,31,0,66,0,0,174,0,174,0,35,205,0,240,30,0,30,270
04/07/2014,SMO,CA,AWP,WE,Towers with Radar,0,14,31,0,45,0,0,137,0,137,0,14,168,0,182,48,0,48,230
04/08/2014,SMO,CA,AWP,WE,Towers with Radar,0,25,34,0,59,0,2,120,0,122,0,27,154,0,181,108,0,108,289
04/09/2014,SMO,CA,AWP,WE,Towers with Radar,0,17,35,0,52,0,0,158,0,158,0,17,193,0,210,82,0,82,292
04/10/2014,SMO,CA,AWP,WE,Towers with Radar,0,20,38,0,58,0,0,120,0,120,0,20,158,0,178,32,0,32,210
04/11/2014,SMO,CA,AWP,WE,Towers with Radar,0,25,53,0,78,0,2,152,0,154,0,27,205,0,232,42,0,42,274
04/12/2014,SMO,CA,AWP,WE,Towers with Radar,0,9,49,0,58,0,0,117,0,117,0,9,166,0,175,27,0,27,202
04/13/2014,SMO,CA,AWP,WE,Towers with Radar,0,18,49,0,67,0,0,121,0,121,0,18,170,0,188,49,0,49,237
04/14/2014,SMO,CA,AWP,WE,Towers with Radar,0,28,35,0,63,0,0,127,0,127,0,28,162,0,190,45,0,45,235
04/15/2014,SMO,CA,AWP,WE,Towers with Radar,0,20,59,0,79,0,0,45,0,45,0,20,104,0,124,0,0,0,124
04/16/2014,SMO,CA,AWP,WE,Towers with Radar,0,24,51,0,75,0,0,128,0,128,0,24,179,0,203,21,0,21,224
04/17/2014,SMO,CA,AWP,WE,Towers with Radar,2,19,68,0,89,0,0,62,0,62,2,19,130,0,151,72,0,72,223
04/18/2014,SMO,CA,AWP,WE,Towers with Radar,0,29,54,0,83,0,0,156,0,156,0,29,210,0,239,38,0,38,277
04/19/2014,SMO,CA,AWP,WE,Towers with Radar,0,7,41,0,48,0,0,127,0,127,0,7,168,0,175,48,0,48,223
04/20/2014,SMO,CA,AWP,WE,Towers with Radar,0,25,32,0,57,0,0,150,0,150,0,25,182,0,207,32,0,32,239
04/21/2014,SMO,CA,AWP,WE,Towers with Radar,0,11,56,0,67,0,0,88,0,88,0,11,144,0,155,7,0,7,162
04/22/2014,SMO,CA,AWP,WE,Towers with Radar,0,15,45,0,60,0,0,75,0,75,0,15,120,0,135,101,0,101,236
04/23/2014,SMO,CA,AWP,WE,Towers with Radar,0,18,40,0,58,0,0,158,0,158,0,18,198,0,216,116,0,116,332
04/24/2014,SMO,CA,AWP,WE,Towers with Radar,0,16,42,0,58,0,0,137,0,137,0,16,179,0,195,39,0,39,234
04/25/2014,SMO,CA,AWP,WE,Towers with Radar,0,26,56,0,82,0,1,83,0,84,0,27,139,0,166,91,0,91,257
04/26/2014,SMO,CA,AWP,WE,Towers with Radar,0,19,28,0,47,0,1,84,0,85,0,20,112,0,132,26,0,26,158
04/27/2014,SMO,CA,AWP,WE,Towers with Radar,0,39,57,0,96,0,1,168,0,169,0,40,225,0,265,20,0,20,285
04/28/2014,SMO,CA,AWP,WE,Towers with Radar,0,25,38,2,65,0,1,164,2,167,0,26,202,4,232,83,0,83,315
04/29/2014,SMO,CA,AWP,WE,Towers with Radar,0,33,39,0,72,0,0,135,1,136,0,33,174,1,208,69,0,69,277
04/30/2014,SMO,CA,AWP,WE,Towers with Radar,0,35,37,0,72,0,1,102,0,103,0,36,139,0,175,18,0,18,193
05/01/2014,SMO,CA,AWP,WE,Towers with Radar,0,25,38,0,63,0,0,110,0,110,0,25,148,0,173,65,0,65,238
05/02/2014,SMO,CA,AWP,WE,Towers with Radar,0,31,46,0,77,0,0,175,0,175,0,31,221,0,252,43,0,43,295
05/03/2014,SMO,CA,AWP,WE,Towers with Radar,0,7,30,0,37,1,0,173,0,174,1,7,203,0,211,31,0,31,242
05/04/2014,SMO,CA,AWP,WE,Towers with Radar,1,36,37,0,74,0,0,196,0,196,1,36,233,0,270,41,0,41,311
05/05/2014,SMO,CA,AWP,WE,Towers with Radar,0,13,45,1,59,0,0,102,0,102,0,13,147,1,161,43,0,43,204
05/06/2014,SMO,CA,AWP,WE,Towers with Radar,0,14,35,2,51,0,0,98,2,100,0,14,133,4,151,45,0,45,196
05/07/2014,SMO,CA,AWP,WE,Towers with Radar,0,19,25,0,44,0,0,77,2,79,0,19,102,2,123,61,0,61,184
05/08/2014,SMO,CA,AWP,WE,Towers with Radar,0,16,24,0,40,0,4,80,0,84,0,20,104,0,124,46,0,46,170
05/09/2014,SMO,CA,AWP,WE,Towers with Radar,0,14,35,0,49,0,0,152,0,152,0,14,187,0,201,111,0,111,312
05/10/2014,SMO,CA,AWP,WE,Towers with Radar,0,15,24,1,40,0,2,137,0,139,0,17,161,1,179,23,0,23,202
05/11/2014,SMO,CA,AWP,WE,Towers with Radar,0,22,25,0,47,0,2,86,0,88,0,24,111,0,135,4,0,4,139
05/12/2014,SMO,CA,AWP,WE,Towers with Radar,0,15,32,0,47,0,1,130,0,131,0,16,162,0,178,15,0,15,193
05/13/2014,SMO,CA,AWP,WE,Towers with Radar,0,28,37,0,65,0,0,136,0,136,0,28,173,0,201,58,0,58,259
05/14/2014,SMO,CA,AWP,WE,Towers with Radar,0,29,32,0,61,0,0,127,0,127,0,29,159,0,188,30,0,30,218
05/15/2014,SMO,CA,AWP,WE,Towers with Radar,0,23,46,0,69,0,0,136,0,136,0,23,182,0,205,38,0,38,243
05/16/2014,SMO,CA,AWP,WE,Towers with Radar,0,22,58,0,80,0,2,140,0,142,0,24,198,0,222,43,0,43,265
05/17/2014,SMO,CA,AWP,WE,Towers with Radar,0,20,34,0,54,0,0,137,0,137,0,20,171,0,191,35,0,35,226
05/18/2014,SMO,CA,AWP,WE,Towers with Radar,0,28,32,0,60,0,0,175,0,175,0,28,207,0,235,20,0,20,255
05/19/2014,SMO,CA,AWP,WE,Towers with Radar,0,34,59,1,94,0,1,108,1,110,0,35,167,2,204,48,0,48,252
05/20/2014,SMO,CA,AWP,WE,Towers with Radar,1,20,42,0,63,1,0,101,2,104,2,20,143,2,167,45,0,45,212
05/21/2014,SMO,CA,AWP,WE,Towers with Radar,0,17,44,0,61,0,1,125,0,126,0,18,169,0,187,74,0,74,261
05/22/2014,SMO,CA,AWP,WE,Towers with Radar,0,21,77,0,98,0,1,74,0,75,0,22,151,0,173,108,0,108,281
05/23/2014,SMO,CA,AWP,WE,Towers with Radar,0,27,55,0,82,0,0,127,0,127,0,27,182,0,209,66,0,66,275
05/24/2014,SMO,CA,AWP,WE,Towers with Radar,0,10,60,0,70,0,0,67,0,67,0,10,127,0,137,89,0,89,226
05/25/2014,SMO,CA,AWP,WE,Towers with Radar,0,8,29,0,37,0,0,109,0,109,0,8,138,0,146,38,0,38,184
05/26/2014,SMO,CA,AWP,WE,Towers with Radar,0,30,40,0,70,0,0,122,0,122,0,30,162,0,192,20,0,20,212
05/27/2014,SMO,CA,AWP,WE,Towers with Radar,0,22,49,0,71,0,3,91,0,94,0,25,140,0,165,37,0,37,202
05/28/2014,SMO,CA,AWP,WE,Towers with Radar,0,20,52,1,73,0,1,91,1,93,0,21,143,2,166,43,0,43,209
05/29/2014,SMO,CA,AWP,WE,Towers with Radar,0,19,40,0,59,0,0,132,0,132,0,19,172,0,191,64,0,64,255
05/30/2014,SMO,CA,AWP,WE,Towers with Radar,0,33,47,0,80,0,0,115,0,115,0,33,162,0,195,75,0,75,270
05/31/2014,SMO,CA,AWP,WE,Towers with Radar,0,13,19,0,32,0,0,174,0,174,0,13,193,0,206,36,0,36,242
06/01/2014,SMO,CA,AWP,WE,Towers with Radar,0,25,34,0,59,0,0,170,0,170,0,25,204,0,229,28,0,28,257
06/02/2014,SMO,CA,AWP,WE,Towers with Radar,0,23,19,0,42,0,0,5,0,5,0,23,24,0,47,0,0,0,47
06/03/2014,SMO,CA,AWP,WE,Towers with Radar,1,20,31,0,52,1,0,145,0,146,2,20,176,0,198,100,0,100,298
06/04/2014,SMO,CA,AWP,WE,Towers with Radar,0,25,44,0,69,0,0,170,0,170,0,25,214,0,239,58,0,58,297
06/05/2014,SMO,CA,AWP,WE,Towers with Radar,0,25,53,0,78,0,0,110,0,110,0,25,163,0,188,55,0,55,243
06/06/2014,SMO,CA,AWP,WE,Towers with Radar,0,19,51,2,72,0,2,137,0,139,0,21,188,2,211,42,0,42,253
06/07/2014,SMO,CA,AWP,WE,Towers with Radar,0,17,42,0,59,0,0,82,0,82,0,17,124,0,141,24,0,24,165
06/08/2014,SMO,CA,AWP,WE,Towers with Radar,0,20,33,0,53,0,0,130,0,130,0,20,163,0,183,41,0,41,224
06/09/2014,SMO,CA,AWP,WE,Towers with Radar,0,7,74,0,81,0,0,39,0,39,0,7,113,0,120,14,0,14,134
06/10/2014,SMO,CA,AWP,WE,Towers with Radar,0,16,56,0,72,0,0,1,0,1,0,16,57,0,73,0,0,0,73
06/11/2014,SMO,CA,AWP,WE,Towers with Radar,0,32,57,0,89,0,0,91,0,91,0,32,148,0,180,25,0,25,205
06/12/2014,SMO,CA,AWP,WE,Towers with Radar,0,25,65,0,90,0,0,107,0,107,0,25,172,0,197,35,0,35,232
06/13/2014,SMO,CA,AWP,WE,Towers with Radar,0,24,61,0,85,0,1,164,0,165,0,25,225,0,250,69,0,69,319
06/14/2014,SMO,CA,AWP,WE,Towers with Radar,0,22,38,0,60,0,0,106,0,106,0,22,144,0,166,8,0,8,174
06/15/2014,SMO,CA,AWP,WE,Towers with Radar,0,20,27,0,47,0,0,166,0,166,0,20,193,0,213,30,0,30,243
06/16/2014,SMO,CA,AWP,WE,Towers with Radar,0,28,35,0,63,0,0,103,0,103,0,28,138,0,166,94,0,94,260
06/17/2014,SMO,CA,AWP,WE,Towers with Radar,0,29,40,0,69,0,0,120,0,120,0,29,160,0,189,64,0,64,253
06/18/2014,SMO,CA,AWP,WE,Towers with Radar,0,20,42,0,62,0,2,144,0,146,0,22,186,0,208,38,0,38,246
06/19/2014,SMO,CA,AWP,WE,Towers with Radar,0,17,45,0,62,0,0,113,0,113,0,17,158,0,175,56,0,56,231
06/20/2014,SMO,CA,AWP,WE,Towers with Radar,0,25,28,0,53,0,1,78,0,79,0,26,106,0,132,66,0,66,198
06/21/2014,SMO,CA,AWP,WE,Towers with Radar,0,18,22,0,40,0,1,162,0,163,0,19,184,0,203,25,0,25,228
06/22/2014,SMO,CA,AWP,WE,Towers with Radar,0,16,38,0,54,0,0,105,0,105,0,16,143,0,159,29,0,29,188
06/23/2014,SMO,CA,AWP,WE,Towers with Radar,0,17,57,1,75,0,0,103,0,103,0,17,160,1,178,39,0,39,217
06/24/2014,SMO,CA,AWP,WE,Towers with Radar,0,20,58,0,78,0,0,94,0,94,0,20,152,0,172,48,1,49,221
06/25/2014,SMO,CA,AWP,WE,Towers with Radar,0,12,65,0,77,0,0,95,0,95,0,12,160,0,172,86,0,86,258
06/26/2014,SMO,CA,AWP,WE,Towers with Radar,0,22,42,0,64,0,0,79,0,79,0,22,121,0,143,103,0,103,246
06/27/2014,SMO,CA,AWP,WE,Towers with Radar,0,18,40,0,58,0,1,106,0,107,0,19,146,0,165,55,0,55,220
06/28/2014,SMO,CA,AWP,WE,Towers with Radar,1,15,49,0,65,0,0,87,0,87,1,15,136,0,152,30,0,30,182
06/29/2014,SMO,CA,AWP,WE,Towers with Radar,0,14,42,1,57,0,0,135,0,135,0,14,177,1,192,44,0,44,236
06/30/2014,SMO,CA,AWP,WE,Towers with Radar,0,13,35,1,49,0,0,90,0,90,0,13,125,1,139,72,0,72,211
07/01/2014,SMO,CA,AWP,WE,Towers with Radar,0,18,71,0,89,0,0,15,0,15,0,18,86,0,104,0,0,0,104
07/02/2014,SMO,CA,AWP,WE,Towers with Radar,0,18,48,0,66,0,0,100,0,100,0,18,148,0,166,54,0,54,220
07/03/2014,SMO,CA,AWP,WE,Towers with Radar,0,24,37,0,61,0,0,106,0,106,0,24,143,0,167,42,0,42,209
07/04/2014,SMO,CA,AWP,WE,Towers with Radar,0,10,25,0,35,1,0,116,0,117,1,10,141,0,152,25,0,25,177
07/05/2014,SMO,CA,AWP,WE,Towers with Radar,0,13,37,0,50,0,0,94,0,94,0,13,131,0,144,6,0,6,150
07/06/2014,SMO,CA,AWP,WE,Towers with Radar,0,24,37,0,61,0,3,184,0,187,0,27,221,0,248,16,0,16,264
07/07/2014,SMO,CA,AWP,WE,Towers with Radar,0,21,42,0,63,0,0,111,0,111,0,21,153,0,174,57,0,57,231
07/08/2014,SMO,CA,AWP,WE,Towers with Radar,0,12,42,0,54,0,0,122,0,122,0,12,164,0,176,57,0,57,233
07/09/2014,SMO,CA,AWP,WE,Towers with Radar,0,20,50,0,70,0,1,100,0,101,0,21,150,0,171,54,0,54,225
07/10/2014,SMO,CA,AWP,WE,Towers with Radar,0,20,49,2,71,0,2,98,0,100,0,22,147,2,171,51,0,51,222
07/11/2014,SMO,CA,AWP,WE,Towers with Radar,0,15,34,0,49,0,1,119,0,120,0,16,153,0,169,32,0,32,201
07/12/2014,SMO,CA,AWP,WE,Towers with Radar,0,12,28,0,40,0,0,133,0,133,0,12,161,0,173,18,0,18,191
07/13/2014,SMO,CA,AWP,WE,Towers with Radar,0,21,25,0,46,0,0,133,0,133,0,21,158,0,179,32,0,32,211
07/14/2014,SMO,CA,AWP,WE,Towers with Radar,0,18,35,0,53,0,0,58,0,58,0,18,93,0,111,11,0,11,122
07/15/2014,SMO,CA,AWP,WE,Towers with Radar,0,18,83,0,101,0,0,78,0,78,0,18,161,0,179,21,0,21,200
07/16/2014,SMO,CA,AWP,WE,Towers with Radar,0,33,54,0,87,0,0,102,0,102,0,33,156,0,189,79,0,79,268
07/17/2014,SMO,CA,AWP,WE,Towers with Radar,0,22,46,0,68,0,5,92,0,97,0,27,138,0,165,46,0,46,211
07/18/2014,SMO,CA,AWP,WE,Towers with Radar,0,20,46,0,66,0,1,153,0,154,0,21,199,0,220,75,0,75,295
07/19/2014,SMO,CA,AWP,WE,Towers with Radar,0,13,27,0,40,1,1,145,0,147,1,14,172,0,187,30,0,30,217
07/20/2014,SMO,CA,AWP,WE,Towers with Radar,0,25,55,0,80,0,1,145,0,146,0,26,200,0,226,72,0,72,298
07/21/2014,SMO,CA,AWP,WE,Towers with Radar,1,25,35,0,61,0,0,116,0,116,1,25,151,0,177,72,0,72,249
07/22/2014,SMO,CA,AWP,WE,Towers with Radar,0,16,35,0,51,0,0,0,0,0,0,16,35,0,51,0,0,0,51
07/23/2014,SMO,CA,AWP,WE,Towers with Radar,0,11,28,0,39,0,0,2,0,2,0,11,30,0,41,0,0,0,41
07/24/2014,SMO,CA,AWP,WE,Towers with Radar,0,12,17,1,30,0,1,51,0,52,0,13,68,1,82,9,0,9,91
07/25/2014,SMO,CA,AWP,WE,Towers with Radar,0,26,45,1,72,0,0,114,0,114,0,26,159,1,186,73,0,73,259
07/26/2014,SMO,CA,AWP,WE,Towers with Radar,0,21,37,0,58,0,0,102,0,102,0,21,139,0,160,25,0,25,185
07/27/2014,SMO,CA,AWP,WE,Towers with Radar,0,28,37,0,65,0,0,150,0,150,0,28,187,0,215,30,0,30,245
07/28/2014,SMO,CA,AWP,WE,Towers with Radar,0,22,26,0,48,0,0,134,0,134,0,22,160,0,182,76,0,76,258
07/29/2014,SMO,CA,AWP,WE,Towers with Radar,0,21,34,0,55,0,0,126,0,126,0,21,160,0,181,88,0,88,269
07/30/2014,SMO,CA,AWP,WE,Towers with Radar,0,23,40,0,63,0,0,127,0,127,0,23,167,0,190,36,0,36,226
07/31/2014,SMO,CA,AWP,WE,Towers with Radar,0,22,37,0,59,0,0,145,2,147,0,22,182,2,206,43,0,43,249
08/01/2014,SMO,CA,AWP,WE,Towers with Radar,0,24,47,0,71,0,0,99,1,100,0,24,146,1,171,82,0,82,253
08/02/2014,SMO,CA,AWP,WE,Towers with Radar,0,24,38,0,62,0,0,95,0,95,0,24,133,0,157,67,0,67,224
08/03/2014,SMO,CA,AWP,WE,Towers with Radar,0,28,41,0,69,0,0,77,0,77,0,28,118,0,146,54,0,54,200
08/04/2014,SMO,CA,AWP,WE,Towers with Radar,0,18,40,0,58,0,0,118,0,118,0,18,158,0,176,139,0,139,315
08/05/2014,SMO,CA,AWP,WE,Towers with Radar,0,19,32,0,51,0,0,113,0,113,0,19,145,0,164,42,0,42,206
08/06/2014,SMO,CA,AWP,WE,Towers with Radar,0,9,58,2,69,0,0,119,1,120,0,9,177,3,189,86,0,86,275
08/07/2014,SMO,CA,AWP,WE,Towers with Radar,0,15,40,0,55,0,0,116,2,118,0,15,156,2,173,61,0,61,234
08/08/2014,SMO,CA,AWP,WE,Towers with Radar,1,36,63,0,100,0,0,120,0,120,1,36,183,0,220,29,0,29,249
08/09/2014,SMO,CA,AWP,WE,Towers with Radar,0,14,43,0,57,0,0,71,0,71,0,14,114,0,128,24,0,24,152
08/10/2014,SMO,CA,AWP,WE,Towers with Radar,0,16,40,0,56,0,0,153,0,153,0,16,193,0,209,51,0,51,260
08/11/2014,SMO,CA,AWP,WE,Towers with Radar,0,29,39,1,69,0,0,139,1,140,0,29,178,2,209,104,0,104,313
08/12/2014,SMO,CA,AWP,WE,Towers with Radar,0,25,32,0,57,0,1,141,0,142,0,26,173,0,199,57,0,57,256
08/13/2014,SMO,CA,AWP,WE,Towers with Radar,0,20,46,0,66,0,0,117,0,117,0,20,163,0,183,51,0,51,234
08/14/2014,SMO,CA,AWP,WE,Towers with Radar,0,24,66,0,90,0,0,173,0,173,0,24,239,0,263,106,0,106,369
08/15/2014,SMO,CA,AWP,WE,Towers with Radar,0,26,41,0,67,0,0,180,0,180,0,26,221,0,247,72,0,72,319
08/16/2014,SMO,CA,AWP,WE,Towers with Radar,1,15,28,0,44,1,0,171,0,172,2,15,199,0,216,74,0,74,290
08/17/2014,SMO,CA,AWP,WE,Towers with Radar,0,40,84,0,124,0,0,180,0,180,0,40,264,0,304,44,0,44,348
08/18/2014,SMO,CA,AWP,WE,Towers with Radar,0,27,30,0,57,0,0,127,0,127,0,27,157,0,184,41,0,41,225
08/19/2014,SMO,CA,AWP,WE,Towers with Radar,0,19,55,0,74,0,0,91,0,91,0,19,146,0,165,54,0,54,219
08/20/2014,SMO,CA,AWP,WE,Towers with Radar,0,20,49,0,69,0,0,149,0,149,0,20,198,0,218,58,0,58,276
08/21/2014,SMO,CA,AWP,WE,Towers with Radar,0,24,52,0,76,0,1,126,0,127,0,25,178,0,203,67,0,67,270
08/22/2014,SMO,CA,AWP,WE,Towers with Radar,0,26,42,0,68,0,0,134,0,134,0,26,176,0,202,49,0,49,251
08/23/2014,SMO,CA,AWP,WE,Towers with Radar,0,19,29,0,48,0,2,140,0,142,0,21,169,0,190,70,0,70,260
08/24/2014,SMO,CA,AWP,WE,Towers with Radar,0,12,45,1,58,0,0,171,0,171,0,12,216,1,229,86,0,86,315
08/25/2014,SMO,CA,AWP,WE,Towers with Radar,0,16,51,1,68,0,0,121,0,121,0,16,172,1,189,62,0,62,251
08/26/2014,SMO,CA,AWP,WE,Towers with Radar,0,19,34,0,53,0,1,154,0,155,0,20,188,0,208,56,0,56,264
08/27/2014,SMO,CA,AWP,WE,Towers with Radar,0,20,50,0,70,0,1,181,0,182,0,21,231,0,252,106,0,106,358
08/28/2014,SMO,CA,AWP,WE,Towers with Radar,0,30,44,0,74,0,1,139,3,143,0,31,183,3,217,49,0,49,266
08/29/2014,SMO,CA,AWP,WE,Towers with Radar,0,26,57,0,83,0,0,191,0,191,0,26,248,0,274,43,0,43,317
08/30/2014,SMO,CA,AWP,WE,Towers with Radar,0,18,24,0,42,0,0,159,0,159,0,18,183,0,201,40,0,40,241
08/31/2014,SMO,CA,AWP,WE,Towers with Radar,0,14,35,0,49,0,2,142,0,144,0,16,177,0,193,4,0,4,197
09/01/2014,SMO,CA,AWP,WE,Towers with Radar,0,34,41,0,75,0,0,174,0,174,0,34,215,0,249,46,0,46,295
09/02/2014,SMO,CA,AWP,WE,Towers with Radar,0,27,42,0,69,0,0,113,0,113,0,27,155,0,182,25,0,25,207
09/03/2014,SMO,CA,AWP,WE,Towers with Radar,0,29,55,0,84,0,0,103,0,103,0,29,158,0,187,65,0,65,252
09/04/2014,SMO,CA,AWP,WE,Towers with Radar,0,28,69,2,99,0,0,90,0,90,0,28,159,2,189,33,0,33,222
09/05/2014,SMO,CA,AWP,WE,Towers with Radar,0,23,55,0,78,0,0,145,0,145,0,23,200,0,223,23,0,23,246
09/06/2014,SMO,CA,AWP,WE,Towers with Radar,0,5,18,0,23,0,0,179,0,179,0,5,197,0,202,58,0,58,260
09/07/2014,SMO,CA,AWP,WE,Towers with Radar,0,25,36,0,61,0,4,119,0,123,0,29,155,0,184,36,0,36,220
09/08/2014,SMO,CA,AWP,WE,Towers with Radar,0,23,45,0,68,0,2,113,0,115,0,25,158,0,183,67,0,67,250
09/09/2014,SMO,CA,AWP,WE,Towers with Radar,0,22,37,0,59,0,0,116,0,116,0,22,153,0,175,73,0,73,248
09/10/2014,SMO,CA,AWP,WE,Towers with Radar,0,33,40,0,73,0,1,145,0,146,0,34,185,0,219,75,0,75,294
09/11/2014,SMO,CA,AWP,WE,Towers with Radar,0,25,35,0,60,0,6,129,0,135,0,31,164,0,195,66,0,66,261
09/12/2014,SMO,CA,AWP,WE,Towers with Radar,0,19,44,0,63,0,0,124,0,124,0,19,168,0,187,132,0,132,319
09/13/2014,SMO,CA,AWP,WE,Towers with Radar,0,17,16,0,33,0,0,151,0,151,0,17,167,0,184,29,0,29,213
09/14/2014,SMO,CA,AWP,WE,Towers with Radar,0,18,47,0,65,0,0,152,0,152,0,18,199,0,217,43,0,43,260
09/15/2014,SMO,CA,AWP,WE,Towers with Radar,0,22,28,0,50,0,2,138,0,140,0,24,166,0,190,61,0,61,251
09/16/2014,SMO,CA,AWP,WE,Towers with Radar,0,26,34,0,60,0,0,133,0,133,0,26,167,0,193,44,0,44,237
09/17/2014,SMO,CA,AWP,WE,Towers with Radar,0,19,52,1,72,0,0,117,0,117,0,19,169,1,189,22,0,22,211
09/18/2014,SMO,CA,AWP,WE,Towers with Radar,0,21,56,0,77,0,2,148,0,150,0,23,204,0,227,77,0,77,304
09/19/2014,SMO,CA,AWP,WE,Towers with Radar,0,29,57,0,86,0,0,153,0,153,0,29,210,0,239,53,0,53,292
09/20/2014,SMO,CA,AWP,WE,Towers with Radar,2,28,48,0,78,2,0,99,0,101,4,28,147,0,179,48,0,48,227
09/21/2014,SMO,CA,AWP,WE,Towers with Radar,0,36,48,0,84,0,0,172,0,172,0,36,220,0,256,64,0,64,320
09/22/2014,SMO,CA,AWP,WE,Towers with Radar,0,19,43,2,64,0,4,143,0,147,0,23,186,2,211,77,0,77,288
09/23/2014,SMO,CA,AWP,WE,Towers with Radar,0,23,33,0,56,0,0,150,4,154,0,23,183,4,210,70,0,70,280
09/24/2014,SMO,CA,AWP,WE,Towers with Radar,0,27,43,0,70,0,2,135,0,137,0,29,178,0,207,77,0,77,284
09/25/2014,SMO,CA,AWP,WE,Towers with Radar,0,15,35,0,50,0,2,131,0,133,0,17,166,0,183,100,0,100,283
09/26/2014,SMO,CA,AWP,WE,Towers with Radar,0,21,47,0,68,0,2,125,3,130,0,23,172,3,198,58,0,58,256
09/27/2014,SMO,CA,AWP,WE,Towers with Radar,0,14,32,0,46,0,0,175,0,175,0,14,207,0,221,52,0,52,273
09/28/2014,SMO,CA,AWP,WE,Towers with Radar,0,24,41,0,65,0,2,185,0,187,0,26,226,0,252,64,0,64,316
09/29/2014,SMO,CA,AWP,WE,Towers with Radar,0,21,33,0,54,0,1,138,0,139,0,22,171,0,193,31,0,31,224
09/30/2014,SMO,CA,AWP,WE,Towers with Radar,0,24,47,0,71,0,0,126,0,126,0,24,173,0,197,78,0,78,275
10/01/2014,SMO,CA,AWP,WE,Towers with Radar,0,22,61,0,83,0,0,138,0,138,0,22,199,0,221,55,0,55,276
10/02/2014,SMO,CA,AWP,WE,Towers with Radar,0,25,41,0,66,0,1,129,0,130,0,26,170,0,196,111,0,111,307
10/03/2014,SMO,CA,AWP,WE,Towers with Radar,2,31,26,0,59,0,0,134,0,134,2,31,160,0,193,98,0,98,291
10/04/2014,SMO,CA,AWP,WE,Towers with Radar,0,13,30,0,43,0,0,148,0,148,0,13,178,0,191,42,0,42,233
10/05/2014,SMO,CA,AWP,WE,Towers with Radar,1,28,46,0,75,1,1,202,0,204,2,29,248,0,279,26,0,26,305
10/06/2014,SMO,CA,AWP,WE,Towers with Radar,0,20,49,0,69,0,0,103,0,103,0,20,152,0,172,74,0,74,246
10/07/2014,SMO,CA,AWP,WE,Towers with Radar,1,27,42,1,71,1,0,110,10,121,2,27,152,11,192,43,0,43,235
10/08/2014,SMO,CA,AWP,WE,Towers with Radar,0,23,60,2,85,0,1,122,0,123,0,24,182,2,208,53,0,53,261
10/09/2014,SMO,CA,AWP,WE,Towers with Radar,0,14,21,0,35,0,0,58,10,68,0,14,79,10,103,48,0,48,151
10/10/2014,SMO,CA,AWP,WE,Towers with Radar,0,14,31,0,45,0,0,56,0,56,0,14,87,0,101,29,0,29,130
10/11/2014,SMO,CA,AWP,WE,Towers with Radar,0,10,45,0,55,0,0,119,0,119,0,10,164,0,174,42,0,42,216
10/12/2014,SMO,CA,AWP,WE,Towers with Radar,0,25,47,0,72,0,0,102,0,102,0,25,149,0,174,4,0,4,178
10/13/2014,SMO,CA,AWP,WE,Towers with Radar,0,23,65,0,88,0,1,91,0,92,0,24,156,0,180,16,0,16,196
10/14/2014,SMO,CA,AWP,WE,Towers with Radar,0,28,51,0,79,0,1,61,0,62,0,29,112,0,141,44,0,44,185
10/15/2014,SMO,CA,AWP,WE,Towers with Radar,1,23,61,0,85,0,0,105,0,105,1,23,166,0,190,100,0,100,290
10/16/2014,SMO,CA,AWP,WE,Towers with Radar,0,23,48,0,71,0,0,115,0,115,0,23,163,0,186,58,0,58,244
10/17/2014,SMO,CA,AWP,WE,Towers with Radar,0,20,44,0,64,0,0,128,2,130,0,20,172,2,194,43,0,43,237
10/18/2014,SMO,CA,AWP,WE,Towers with Radar,0,30,27,0,57,1,0,154,0,155,1,30,181,0,212,26,0,26,238
10/19/2014,SMO,CA,AWP,WE,Towers with Radar,0,37,45,0,82,0,0,179,0,179,0,37,224,0,261,42,0,42,303
10/20/2014,SMO,CA,AWP,WE,Towers with Radar,0,24,50,0,74,0,0,80,0,80,0,24,130,0,154,30,0,30,184
10/21/2014,SMO,CA,AWP,WE,Towers with Radar,0,24,43,0,67,0,0,155,0,155,0,24,198,0,222,18,0,18,240
10/22/2014,SMO,CA,AWP,WE,Towers with Radar,0,19,43,0,62,0,1,138,0,139,0,20,181,0,201,70,0,70,271
10/23/2014,SMO,CA,AWP,WE,Towers with Radar,0,30,39,0,69,0,4,153,0,157,0,34,192,0,226,46,0,46,272
10/24/2014,SMO,CA,AWP,WE,Towers with Radar,0,34,50,0,84,0,0,145,0,145,0,34,195,0,229,33,0,33,262
10/25/2014,SMO,CA,AWP,WE,Towers with Radar,0,15,16,0,31,0,0,153,0,153,0,15,169,0,184,12,0,12,196
10/26/2014,SMO,CA,AWP,WE,Towers with Radar,0,33,41,0,74,0,2,177,0,179,0,35,218,0,253,35,0,35,288
10/27/2014,SMO,CA,AWP,WE,Towers with Radar,0,20,26,0,46,0,2,117,0,119,0,22,143,0,165,16,0,16,181
10/28/2014,SMO,CA,AWP,WE,Towers with Radar,1,20,36,0,57,0,0,124,0,124,1,20,160,0,181,8,0,8,189
10/29/2014,SMO,CA,AWP,WE,Towers with Radar,0,27,54,0,81,0,0,124,0,124,0,27,178,0,205,40,0,40,245
10/30/2014,SMO,CA,AWP,WE,Towers with Radar,0,37,52,4,93,0,1,109,3,113,0,38,161,7,206,72,0,72,278
10/31/2014,SMO,CA,AWP,WE,Towers with Radar,0,28,50,2,80,0,5,52,0,57,0,33,102,2,137,14,0,14,151
11/01/2014,SMO,CA,AWP,WE,Towers with Radar,0,12,32,0,44,0,1,94,0,95,0,13,126,0,139,37,0,37,176
11/02/2014,SMO,CA,AWP,WE,Towers with Radar,0,17,40,0,57,0,0,175,0,175,0,17,215,0,232,22,0,22,254
11/03/2014,SMO,CA,AWP,WE,Towers with Radar,0,25,36,1,62,0,3,91,0,94,0,28,127,1,156,27,4,31,187
11/04/2014,SMO,CA,AWP,WE,Towers with Radar,0,23,31,0,54,0,1,124,0,125,0,24,155,0,179,37,0,37,216
11/05/2014,SMO,CA,AWP,WE,Towers with Radar,0,11,62,0,73,0,0,149,0,149,0,11,211,0,222,27,0,27,249
11/06/2014,SMO,CA,AWP,WE,Towers with Radar,0,17,43,0,60,0,7,159,0,166,0,24,202,0,226,36,0,36,262
11/07/2014,SMO,CA,AWP,WE,Towers with Radar,0,17,44,0,61,0,0,123,0,123,0,17,167,0,184,35,0,35,219
11/08/2014,SMO,CA,AWP,WE,Towers with Radar,0,13,33,0,46,0,0,171,0,171,0,13,204,0,217,48,0,48,265
11/09/2014,SMO,CA,AWP,WE,Towers with Radar,0,27,64,0,91,0,0,89,0,89,0,27,153,0,180,22,0,22,202
11/10/2014,SMO,CA,AWP,WE,Towers with Radar,0,17,48,0,65,0,1,71,0,72,0,18,119,0,137,39,0,39,176
11/11/2014,SMO,CA,AWP,WE,Towers with Radar,0,20,99,0,119,0,0,102,0,102,0,20,201,0,221,109,0,109,330
11/12/2014,SMO,CA,AWP,WE,Towers with Radar,0,28,63,0,91,0,0,110,0,110,0,28,173,0,201,38,0,38,239
11/13/2014,SMO,CA,AWP,WE,Towers with Radar,0,34,67,0,101,0,0,76,2,78,0,34,143,2,179,58,0,58,237
11/14/2014,SMO,CA,AWP,WE,Towers with Radar,0,18,56,0,74,0,0,90,0,90,0,18,146,0,164,52,0,52,216
11/15/2014,SMO,CA,AWP,WE,Towers with Radar,0,11,48,0,59,0,0,131,0,131,0,11,179,0,190,53,0,53,243
11/16/2014,SMO,CA,AWP,WE,Towers with Radar,0,23,41,0,64,0,0,104,0,104,0,23,145,0,168,12,0,12,180
11/17/2014,SMO,CA,AWP,WE,Towers with Radar,0,22,38,0,60,0,1,124,0,125,0,23,162,0,185,12,0,12,197
11/18/2014,SMO,CA,AWP,WE,Towers with Radar,0,18,46,0,64,0,0,161,0,161,0,18,207,0,225,32,0,32,257
11/19/2014,SMO,CA,AWP,WE,Towers with Radar,0,15,66,0,81,0,0,101,0,101,0,15,167,0,182,16,0,16,198
11/20/2014,SMO,CA,AWP,WE,Towers with Radar,0,23,55,0,78,0,0,113,0,113,0,23,168,0,191,23,0,23,214
11/21/2014,SMO,CA,AWP,WE,Towers with Radar,0,21,48,1,70,0,2,207,0,209,0,23,255,1,279,81,0,81,360
11/22/2014,SMO,CA,AWP,WE,Towers with Radar,0,20,44,2,66,0,0,124,0,124,0,20,168,2,190,35,0,35,225
11/23/2014,SMO,CA,AWP,WE,Towers with Radar,0,14,23,0,37,0,0,91,0,91,0,14,114,0,128,2,0,2,130
11/24/2014,SMO,CA,AWP,WE,Towers with Radar,0,26,39,0,65,0,2,135,0,137,0,28,174,0,202,58,0,58,260
11/25/2014,SMO,CA,AWP,WE,Towers with Radar,0,27,50,1,78,0,0,142,0,142,0,27,192,1,220,50,0,50,270
11/26/2014,SMO,CA,AWP,WE,Towers with Radar,0,28,52,0,80,0,0,172,0,172,0,28,224,0,252,62,0,62,314
11/27/2014,SMO,CA,AWP,WE,Towers with Radar,0,14,9,0,23,0,0,59,0,59,0,14,68,0,82,32,0,32,114
11/28/2014,SMO,CA,AWP,WE,Towers with Radar,0,12,26,0,38,0,1,132,0,133,0,13,158,0,171,16,0,16,187
11/29/2014,SMO,CA,AWP,WE,Towers with Radar,0,33,39,0,72,0,0,105,0,105,0,33,144,0,177,18,0,18,195
11/30/2014,SMO,CA,AWP,WE,Towers with Radar,0,27,84,0,111,0,0,38,0,38,0,27,122,0,149,21,0,21,170
12/01/2014,SMO,CA,AWP,WE,Towers with Radar,0,20,34,0,54,0,0,102,0,102,0,20,136,0,156,39,0,39,195
12/02/2014,SMO,CA,AWP,WE,Towers with Radar,0,5,29,0,34,0,1,4,0,5,0,6,33,0,39,0,0,0,39
12/03/2014,SMO,CA,AWP,WE,Towers with Radar,0,11,52,0,63,0,0,12,0,12,0,11,64,0,75,0,0,0,75
12/04/2014,SMO,CA,AWP,WE,Towers with Radar,0,12,51,2,65,0,0,63,0,63,0,12,114,2,128,65,0,65,193
12/05/2014,SMO,CA,AWP,WE,Towers with Radar,0,19,45,0,64,0,0,107,0,107,0,19,152,0,171,46,3,49,220
12/06/2014,SMO,CA,AWP,WE,Towers with Radar,0,10,31,0,41,0,0,160,0,160,0,10,191,0,201,40,0,40,241
12/07/2014,SMO,CA,AWP,WE,Towers with Radar,0,24,39,1,64,0,0,143,0,143,0,24,182,1,207,14,0,14,221
12/08/2014,SMO,CA,AWP,WE,Towers with Radar,0,19,41,0,60,0,1,106,0,107,0,20,147,0,167,55,0,55,222
12/09/2014,SMO,CA,AWP,WE,Towers with Radar,0,27,44,0,71,0,0,132,0,132,0,27,176,0,203,38,0,38,241
12/10/2014,SMO,CA,AWP,WE,Towers with Radar,0,28,63,2,93,0,0,117,0,117,0,28,180,2,210,2,0,2,212
12/11/2014,SMO,CA,AWP,WE,Towers with Radar,0,22,54,0,76,0,2,21,0,23,0,24,75,0,99,2,0,2,101
12/12/2014,SMO,CA,AWP,WE,Towers with Radar,0,15,29,0,44,0,0,26,0,26,0,15,55,0,70,9,0,9,79
12/13/2014,SMO,CA,AWP,WE,Towers with Radar,0,23,36,0,59,0,0,153,0,153,0,23,189,0,212,34,0,34,246
12/14/2014,SMO,CA,AWP,WE,Towers with Radar,0,21,38,0,59,0,28,133,0,161,0,49,171,0,220,30,0,30,250
12/15/2014,SMO,CA,AWP,WE,Towers with Radar,1,10,34,0,45,1,0,85,0,86,2,10,119,0,131,19,0,19,150
12/16/2014,SMO,CA,AWP,WE,Towers with Radar,0,19,46,0,65,0,0,21,0,21,0,19,67,0,86,4,0,4,90
12/17/2014,SMO,CA,AWP,WE,Towers with Radar,0,12,50,0,62,0,0,88,0,88,0,12,138,0,150,19,0,19,169
12/18/2014,SMO,CA,AWP,WE,Towers with Radar,0,29,41,0,70,0,0,137,0,137,0,29,178,0,207,34,0,34,241
12/19/2014,SMO,CA,AWP,WE,Towers with Radar,0,26,55,0,81,0,1,108,0,109,0,27,163,0,190,33,0,33,223
12/20/2014,SMO,CA,AWP,WE,Towers with Radar,0,27,37,0,64,0,0,147,0,147,0,27,184,0,211,40,0,40,251
12/21/2014,SMO,CA,AWP,WE,Towers with Radar,0,27,27,0,54,0,1,101,0,102,0,28,128,0,156,20,0,20,176
12/22/2014,SMO,CA,AWP,WE,Towers with Radar,0,20,30,0,50,0,0,81,0,81,0,20,111,0,131,13,0,13,144
12/23/2014,SMO,CA,AWP,WE,Towers with Radar,0,24,28,2,54,0,0,121,0,121,0,24,149,2,175,32,0,32,207
12/24/2014,SMO,CA,AWP,WE,Towers with Radar,0,14,12,0,26,0,0,115,0,115,0,14,127,0,141,42,0,42,183
12/25/2014,SMO,CA,AWP,WE,Towers with Radar,0,15,10,0,25,0,0,21,0,21,0,15,31,0,46,2,0,2,48
12/26/2014,SMO,CA,AWP,WE,Towers with Radar,0,21,25,0,46,0,7,81,0,88,0,28,106,0,134,15,0,15,149
12/27/2014,SMO,CA,AWP,WE,Towers with Radar,0,21,34,0,55,0,1,78,1,80,0,22,112,1,135,38,0,38,173
12/28/2014,SMO,CA,AWP,WE,Towers with Radar,0,17,19,0,36,0,0,106,0,106,0,17,125,0,142,22,0,22,164
12/29/2014,SMO,CA,AWP,WE,Towers with Radar,0,17,23,0,40,0,1,82,0,83,0,18,105,0,123,11,0,11,134
12/30/2014,SMO,CA,AWP,WE,Towers with Radar,0,13,46,0,59,0,0,30,0,30,0,13,76,0,89,10,0,10,99
12/31/2014,SMO,CA,AWP,WE,Towers with Radar,0,21,12,0,33,0,0,37,0,37,0,21,49,0,70,49,0,49,119
01/01/2015,SMO,CA,AWP,WE,Towers with Radar,0,20,23,0,43,0,1,80,0,81,0,21,103,0,124,12,0,12,136
01/02/2015,SMO,CA,AWP,WE,Towers with Radar,0,34,38,0,72,1,5,142,0,148,1,39,180,0,220,44,0,44,264
01/03/2015,SMO,CA,AWP,WE,Towers with Radar,0,26,23,0,49,0,0,99,0,99,0,26,122,0,148,2,0,2,150
01/04/2015,SMO,CA,AWP,WE,Towers with Radar,0,20,43,0,63,0,0,26,0,26,0,20,69,0,89,0,0,0,89
01/05/2015,SMO,CA,AWP,WE,Towers with Radar,0,25,19,2,46,0,1,89,0,90,0,26,108,2,136,26,0,26,162
01/06/2015,SMO,CA,AWP,WE,Towers with Radar,0,9,44,1,54,0,0,110,0,110,0,9,154,1,164,29,0,29,193
01/07/2015,SMO,CA,AWP,WE,Towers with Radar,0,17,34,1,52,0,1,126,1,128,0,18,160,2,180,26,0,26,206
01/08/2015,SMO,CA,AWP,WE,Towers with Radar,0,19,35,0,54,0,0,121,0,121,0,19,156,0,175,6,0,6,181
01/09/2015,SMO,CA,AWP,WE,Towers with Radar,0,27,48,0,75,0,8,165,0,173,0,35,213,0,248,29,0,29,277
01/10/2015,SMO,CA,AWP,WE,Towers with Radar,0,11,36,0,47,0,1,47,0,48,0,12,83,0,95,16,0,16,111
01/11/2015,SMO,CA,AWP,WE,Towers with Radar,0,12,41,0,53,0,0,12,0,12,0,12,53,0,65,2,0,2,67
01/12/2015,SMO,CA,AWP,WE,Towers with Radar,0,21,48,0,69,0,0,52,0,52,0,21,100,0,121,21,0,21,142
01/13/2015,SMO,CA,AWP,WE,Towers with Radar,0,22,30,0,52,0,0,107,0,107,0,22,137,0,159,42,0,42,201
01/14/2015,SMO,CA,AWP,WE,Towers with Radar,0,27,50,0,77,0,0,107,0,107,0,27,157,0,184,81,0,81,265
01/15/2015,SMO,CA,AWP,WE,Towers with Radar,0,35,48,0,83,0,0,157,2,159,0,35,205,2,242,25,0,25,267
01/16/2015,SMO,CA,AWP,WE,Towers with Radar,0,46,42,0,88,0,1,161,2,164,0,47,203,2,252,0,0,0,252
01/17/2015,SMO,CA,AWP,WE,Towers with Radar,0,12,36,0,48,0,3,161,0,164,0,15,197,0,212,36,0,36,248
01/18/2015,SMO,CA,AWP,WE,Towers with Radar,0,18,35,0,53,0,0,150,0,150,0,18,185,0,203,31,0,31,234
01/19/2015,SMO,CA,AWP,WE,Towers with Radar,0,18,46,2,66,0,0,116,0,116,0,18,162,2,182,38,0,38,220
01/20/2015,SMO,CA,AWP,WE,Towers with Radar,0,12,47,0,59,0,0,8,0,8,0,12,55,0,67,0,0,0,67
01/21/2015,SMO,CA,AWP,WE,Towers with Radar,0,22,41,0,63,0,1,92,1,94,0,23,133,1,157,36,0,36,193
01/22/2015,SMO,CA,AWP,WE,Towers with Radar,0,14,35,0,49,0,1,153,0,154,0,15,188,0,203,56,0,56,259
01/23/2015,SMO,CA,AWP,WE,Towers with Radar,0,28,45,0,73,0,0,91,0,91,0,28,136,0,164,56,0,56,220
01/24/2015,SMO,CA,AWP,WE,Towers with Radar,0,14,66,0,80,0,0,55,0,55,0,14,121,0,135,12,0,12,147
01/25/2015,SMO,CA,AWP,WE,Towers with Radar,0,18,52,0,70,0,0,131,0,131,0,18,183,0,201,27,0,27,228
01/26/2015,SMO,CA,AWP,WE,Towers with Radar,0,23,46,0,69,0,0,81,0,81,0,23,127,0,150,12,0,12,162
01/27/2015,SMO,CA,AWP,WE,Towers with Radar,0,13,46,3,62,0,0,131,0,131,0,13,177,3,193,56,0,56,249
01/28/2015,SMO,CA,AWP,WE,Towers with Radar,0,27,56,0,83,0,1,140,0,141,0,28,196,0,224,46,0,46,270
01/29/2015,SMO,CA,AWP,WE,Towers with Radar,0,28,43,0,71,0,0,130,0,130,0,28,173,0,201,71,0,71,272
01/30/2015,SMO,CA,AWP,WE,Towers with Radar,0,23,64,0,87,0,0,117,0,117,0,23,181,0,204,30,0,30,234
01/31/2015,SMO,CA,AWP,WE,Towers with Radar,0,21,34,0,55,0,0,149,0,149,0,21,183,0,204,46,0,46,250
02/01/2015,SMO,CA,AWP,WE,Towers with Radar,0,23,31,0,54,0,0,169,0,169,0,23,200,0,223,65,0,65,288
02/02/2015,SMO,CA,AWP,WE,Towers with Radar,0,33,56,0,89,0,0,107,0,107,0,33,163,0,196,58,1,59,255
02/03/2015,SMO,CA,AWP,WE,Towers with Radar,0,27,58,0,85,0,0,107,0,107,0,27,165,0,192,30,0,30,222
02/04/2015,SMO,CA,AWP,WE,Towers with Radar,0,21,54,0,75,0,0,59,0,59,0,21,113,0,134,2,0,2,136
02/05/2015,SMO,CA,AWP,WE,Towers with Radar,0,28,58,0,86,0,3,108,0,111,0,31,166,0,197,11,0,11,208
02/06/2015,SMO,CA,AWP,WE,Towers with Radar,0,27,65,0,92,0,0,104,0,104,0,27,169,0,196,24,0,24,220
02/07/2015,SMO,CA,AWP,WE,Towers with Radar,0,16,31,0,47,0,5,75,0,80,0,21,106,0,127,22,0,22,149
02/08/2015,SMO,CA,AWP,WE,Towers with Radar,0,21,51,0,72,0,0,128,0,128,0,21,179,0,200,44,0,44,244
02/09/2015,SMO,CA,AWP,WE,Towers with Radar,0,26,44,0,70,0,0,102,0,102,0,26,146,0,172,75,0,75,247
02/10/2015,SMO,CA,AWP,WE,Towers with Radar,0,19,25,0,44,0,0,81,0,81,0,19,106,0,125,59,0,59,184
02/11/2015,SMO,CA,AWP,WE,Towers with Radar,0,24,33,0,57,0,0,87,0,87,0,24,120,0,144,62,0,62,206
02/12/2015,SMO,CA,AWP,WE,Towers with Radar,0,27,44,0,71,0,0,118,10,128,0,27,162,10,199,77,0,77,276
02/13/2015,SMO,CA,AWP,WE,Towers with Radar,0,41,69,0,110,0,1,169,0,170,0,42,238,0,280,70,0,70,350
02/14/2015,SMO,CA,AWP,WE,Towers with Radar,1,10,43,0,54,1,1,160,0,162,2,11,203,0,216,24,0,24,240
02/15/2015,SMO,CA,AWP,WE,Towers with Radar,0,26,36,0,62,0,0,139,0,139,0,26,175,0,201,18,0,18,219
02/16/2015,SMO,CA,AWP,WE,Towers with Radar,0,31,87,0,118,0,0,110,0,110,0,31,197,0,228,10,0,10,238
02/17/2015,SMO,CA,AWP,WE,Towers with Radar,0,27,68,0,95,0,0,84,0,84,0,27,152,0,179,91,0,91,270
02/18/2015,SMO,CA,AWP,WE,Towers with Radar,0,33,58,0,91,0,0,113,0,113,0,33,171,0,204,25,0,25,229
02/19/2015,SMO,CA,AWP,WE,Towers with Radar,0,35,77,0,112,0,0,55,0,55,0,35,132,0,167,36,0,36,203
02/20/2015,SMO,CA,AWP,WE,Towers with Radar,1,25,64,0,90,0,0,91,0,91,1,25,155,0,181,67,0,67,248
02/21/2015,SMO,CA,AWP,WE,Towers with Radar,0,30,58,0,88,0,0,100,0,100,0,30,158,0,188,38,0,38,226
02/22/2015,SMO,CA,AWP,WE,Towers with Radar,0,26,42,0,68,0,1,15,0,16,0,27,57,0,84,20,0,20,104
02/23/2015,SMO,CA,AWP,WE,Towers with Radar,0,26,59,0,85,0,1,80,0,81,0,27,139,0,166,39,0,39,205
02/24/2015,SMO,CA,AWP,WE,Towers with Radar,0,28,34,0,62,0,0,105,0,105,0,28,139,0,167,38,0,38,205
02/25/2015,SMO,CA,AWP,WE,Towers with Radar,0,20,41,0,61,0,0,155,0,155,0,20,196,0,216,21,0,21,237
02/26/2015,SMO,CA,AWP,WE,Towers with Radar,0,40,49,0,89,0,0,121,0,121,0,40,170,0,210,74,0,74,284
02/27/2015,SMO,CA,AWP,WE,Towers with Radar,0,28,87,0,115,0,1,82,0,83,0,29,169,0,198,32,0,32,230
02/28/2015,SMO,CA,AWP,WE,Towers with Radar,0,7,35,0,42,0,0,44,0,44,0,7,79,0,86,21,0,21,107
03/01/2015,SMO,CA,AWP,WE,Towers with Radar,0,9,41,0,50,0,0,50,0,50,0,9,91,0,100,8,0,8,108
03/02/2015,SMO,CA,AWP,WE,Towers with Radar,0,20,41,0,61,0,0,50,0,50,0,20,91,0,111,22,0,22,133
03/03/2015,SMO,CA,AWP,WE,Towers with Radar,0,17,39,1,57,0,0,132,0,132,0,17,171,1,189,44,0,44,233
03/04/2015,SMO,CA,AWP,WE,Towers with Radar,1,24,41,0,66,1,2,162,0,165,2,26,203,0,231,73,2,75,306
03/05/2015,SMO,CA,AWP,WE,Towers with Radar,0,18,40,0,58,0,1,170,0,171,0,19,210,0,229,30,0,30,259
03/06/2015,SMO,CA,AWP,WE,Towers with Radar,0,31,39,0,70,0,1,163,3,167,0,32,202,3,237,104,0,104,341
03/07/2015,SMO,CA,AWP,WE,Towers with Radar,0,20,37,0,57,0,1,183,0,184,0,21,220,0,241,27,1,28,269
03/08/2015,SMO,CA,AWP,WE,Towers with Radar,0,18,52,0,70,0,0,174,0,174,0,18,226,0,244,14,0,14,258
03/09/2015,SMO,CA,AWP,WE,Towers with Radar,0,38,66,0,104,0,0,121,0,121,0,38,187,0,225,56,0,56,281
03/10/2015,SMO,CA,AWP,WE,Towers with Radar,1,15,67,0,83,0,0,111,10,121,1,15,178,10,204,109,0,109,313
03/11/2015,SMO,CA,AWP,WE,Towers with Radar,0,45,90,0,135,0,0,121,0,121,0,45,211,0,256,47,0,47,303
03/12/2015,SMO,CA,AWP,WE,Towers with Radar,1,30,44,0,75,0,0,56,0,56,1,30,100,0,131,17,0,17,148
03/13/2015,SMO,CA,AWP,WE,Towers with Radar,0,26,42,0,68,0,0,100,5,105,0,26,142,5,173,108,5,113,286
03/14/2015,SMO,CA,AWP,WE,Towers with Radar,0,28,34,0,62,0,0,154,0,154,0,28,188,0,216,48,0,48,264
03/15/2015,SMO,CA,AWP,WE,Towers with Radar,0,22,32,0,54,0,0,161,0,161,0,22,193,0,215,27,0,27,242
03/16/2015,SMO,CA,AWP,WE,Towers with Radar,0,35,33,0,68,0,0,163,0,163,0,35,196,0,231,49,0,49,280
03/17/2015,SMO,CA,AWP,WE,Towers with Radar,0,15,42,0,57,0,0,129,0,129,0,15,171,0,186,66,0,66,252
03/18/2015,SMO,CA,AWP,WE,Towers with Radar,0,29,66,0,95,0,0,93,0,93,0,29,159,0,188,75,0,75,263
03/19/2015,SMO,CA,AWP,WE,Towers with Radar,0,50,53,0,103,0,0,124,0,124,0,50,177,0,227,30,0,30,257
03/20/2015,SMO,CA,AWP,WE,Towers with Radar,0,39,74,0,113,0,6,129,0,135,0,45,203,0,248,70,4,74,322
03/21/2015,SMO,CA,AWP,WE,Towers with Radar,0,22,56,0,78,0,0,99,0,99,0,22,155,0,177,28,0,28,205
03/22/2015,SMO,CA,AWP,WE,Towers with Radar,0,25,77,0,102,0,0,109,0,109,0,25,186,0,211,31,0,31,242
03/23/2015,SMO,CA,AWP,WE,Towers with Radar,0,20,59,0,79,0,0,122,0,122,0,20,181,0,201,36,0,36,237
03/24/2015,SMO,CA,AWP,WE,Towers with Radar,0,19,36,0,55,0,0,138,0,138,0,19,174,0,193,151,0,151,344
03/25/2015,SMO,CA,AWP,WE,Towers with Radar,0,26,48,0,74,0,1,124,0,125,0,27,172,0,199,71,0,71,270
03/26/2015,SMO,CA,AWP,WE,Towers with Radar,0,35,46,0,81,0,0,159,0,159,0,35,205,0,240,39,0,39,279
03/27/2015,SMO,CA,AWP,WE,Towers with Radar,0,42,92,0,134,0,0,146,0,146,0,42,238,0,280,77,2,79,359
03/28/2015,SMO,CA,AWP,WE,Towers with Radar,0,16,29,0,45,0,0,102,0,102,0,16,131,0,147,29,0,29,176
03/29/2015,SMO,CA,AWP,WE,Towers with Radar,0,24,36,0,60,0,0,141,0,141,0,24,177,0,201,45,0,45,246
03/30/2015,SMO,CA,AWP,WE,Towers with Radar,0,24,31,0,55,0,1,94,0,95,0,25,125,0,150,60,0,60,210
03/31/2015,SMO,CA,AWP,WE,Towers with Radar,0,13,48,0,61,0,0,107,0,107,0,13,155,0,168,55,0,55,223
04/01/2015,SMO,CA,AWP,WE,Towers with Radar,0,22,45,0,67,0,0,124,0,124,0,22,169,0,191,63,0,63,254
04/02/2015,SMO,CA,AWP,WE,Towers with Radar,0,25,40,0,65,0,0,121,0,121,0,25,161,0,186,62,0,62,248
04/03/2015,SMO,CA,AWP,WE,Towers with Radar,0,22,47,0,69,0,0,173,0,173,0,22,220,0,242,51,0,51,293
04/04/2015,SMO,CA,AWP,WE,Towers with Radar,0,19,33,0,52,0,0,125,0,125,0,19,158,0,177,16,0,16,193
04/05/2015,SMO,CA,AWP,WE,Towers with Radar,0,13,33,0,46,0,1,79,0,80,0,14,112,0,126,41,0,41,167
04/06/2015,SMO,CA,AWP,WE,Towers with Radar,1,28,52,0,81,1,4,129,0,134,2,32,181,0,215,50,0,50,265
04/07/2015,SMO,CA,AWP,WE,Towers with Radar,0,10,46,0,56,0,0,39,0,39,0,10,85,0,95,89,0,89,184
04/08/2015,SMO,CA,AWP,WE,Towers with Radar,0,25,29,0,54,0,0,112,0,112,0,25,141,0,166,65,0,65,231
04/09/2015,SMO,CA,AWP,WE,Towers with Radar,0,22,49,2,73,0,1,142,0,143,0,23,191,2,216,85,0,85,301
04/10/2015,SMO,CA,AWP,WE,Towers with Radar,0,37,57,0,94,0,0,129,0,129,0,37,186,0,223,83,1,84,307
04/11/2015,SMO,CA,AWP,WE,Towers with Radar,0,25,50,2,77,0,1,136,0,137,0,26,186,2,214,58,2,60,274
04/12/2015,SMO,CA,AWP,WE,Towers with Radar,1,30,42,1,74,0,4,159,0,163,1,34,201,1,237,20,0,20,257
04/13/2015,SMO,CA,AWP,WE,Towers with Radar,0,21,50,0,71,0,0,110,0,110,0,21,160,0,181,20,0,20,201
04/14/2015,SMO,CA,AWP,WE,Towers with Radar,0,24,49,0,73,0,3,112,2,117,0,27,161,2,190,88,0,88,278
04/15/2015,SMO,CA,AWP,WE,Towers with Radar,0,20,41,0,61,0,0,118,2,120,0,20,159,2,181,136,1,137,318
04/16/2015,SMO,CA,AWP,WE,Towers with Radar,0,25,44,0,69,0,0,178,0,178,0,25,222,0,247,81,0,81,328
04/17/2015,SMO,CA,AWP,WE,Towers with Radar,0,36,73,0,109,0,0,29,0,29,0,36,102,0,138,17,0,17,155
04/18/2015,SMO,CA,AWP,WE,Towers with Radar,0,18,26,0,44,0,0,176,0,176,0,18,202,0,220,45,0,45,265
04/19/2015,SMO,CA,AWP,WE,Towers with Radar,0,20,34,0,54,0,1,154,0,155,0,21,188,0,209,26,0,26,235
04/20/2015,SMO,CA,AWP,WE,Towers with Radar,0,31,62,0,93,0,1,112,2,115,0,32,174,2,208,46,0,46,254
04/21/2015,SMO,CA,AWP,WE,Towers with Radar,0,21,54,0,75,0,0,80,0,80,0,21,134,0,155,154,0,154,309
04/22/2015,SMO,CA,AWP,WE,Towers with Radar,0,27,64,0,91,0,0,108,0,108,0,27,172,0,199,93,0,93,292
04/23/2015,SMO,CA,AWP,WE,Towers with Radar,0,39,59,0,98,0,0,111,0,111,0,39,170,0,209,88,0,88,297
04/24/2015,SMO,CA,AWP,WE,Towers with Radar,0,31,71,0,102,1,0,105,0,106,1,31,176,0,208,100,0,100,308
04/25/2015,SMO,CA,AWP,WE,Towers with Radar,0,11,47,0,58,2,0,49,0,51,2,11,96,0,109,16,0,16,125
04/26/2015,SMO,CA,AWP,WE,Towers with Radar,0,25,56,0,81,0,0,127,0,127,0,25,183,0,208,36,0,36,244
04/27/2015,SMO,CA,AWP,WE,Towers with Radar,0,23,45,0,68,0,0,136,0,136,0,23,181,0,204,35,0,35,239
04/28/2015,SMO,CA,AWP,WE,Towers with Radar,0,40,55,0,95,0,0,196,0,196,0,40,251,0,291,38,0,38,329
04/29/2015,SMO,CA,AWP,WE,Towers with Radar,0,20,45,0,65,0,0,167,0,167,0,20,212,0,232,128,0,128,360
04/30/2015,SMO,CA,AWP,WE,Towers with Radar,0,35,70,0,105,0,0,172,0,172,0,35,242,0,277,55,0,55,332
05/01/2015,SMO,CA,AWP,WE,Towers with Radar,0,29,63,0,92,0,0,130,0,130,0,29,193,0,222,51,0,51,273
05/02/2015,SMO,CA,AWP,WE,Towers with Radar,0,5,50,0,55,0,0,153,0,153,0,5,203,0,208,51,0,51,259
05/03/2015,SMO,CA,AWP,WE,Towers with Radar,0,32,50,0,82,0,0,141,0,141,0,32,191,0,223,8,0,8,231
05/04/2015,SMO,CA,AWP,WE,Towers with Radar,0,19,62,0,81,0,3,92,0,95,0,22,154,0,176,64,0,64,240
05/05/2015,SMO,CA,AWP,WE,Towers with Radar,0,23,64,0,87,0,1,94,0,95,0,24,158,0,182,64,0,64,246
05/06/2015,SMO,CA,AWP,WE,Towers with Radar,0,30,87,0,117,0,0,115,0,115,0,30,202,0,232,64,0,64,296
05/07/2015,SMO,CA,AWP,WE,Towers with Radar,0,29,86,1,116,0,0,50,1,51,0,29,136,2,167,99,0,99,266
05/08/2015,SMO,CA,AWP,WE,Towers with Radar,0,24,71,1,96,0,0,91,9,100,0,24,162,10,196,13,0,13,209
05/09/2015,SMO,CA,AWP,WE,Towers with Radar,3,20,50,0,73,2,0,124,0,126,5,20,174,0,199,38,0,38,237
05/10/2015,SMO,CA,AWP,WE,Towers with Radar,0,28,37,0,65,0,1,163,0,164,0,29,200,0,229,80,0,80,309
05/11/2015,SMO,CA,AWP,WE,Towers with Radar,1,18,51,0,70,0,2,163,0,165,1,20,214,0,235,67,0,67,302
05/12/2015,SMO,CA,AWP,WE,Towers with Radar,0,21,59,2,82,0,0,115,0,115,0,21,174,2,197,175,2,177,374
05/13/2015,SMO,CA,AWP,WE,Towers with Radar,0,15,75,2,92,0,0,89,1,90,0,15,164,3,182,117,0,117,299
05/14/2015,SMO,CA,AWP,WE,Towers with Radar,0,23,69,0,92,0,0,54,0,54,0,23,123,0,146,74,0,74,220
05/15/2015,SMO,CA,AWP,WE,Towers with Radar,0,20,57,0,77,0,0,97,0,97,0,20,154,0,174,50,0,50,224
05/16/2015,SMO,CA,AWP,WE,Towers with Radar,0,10,49,0,59,0,2,103,1,106,0,12,152,1,165,61,0,61,226
05/17/2015,SMO,CA,AWP,WE,Towers with Radar,0,23,51,0,74,0,0,101,0,101,0,23,152,0,175,61,0,61,236
05/18/2015,SMO,CA,AWP,WE,Towers with Radar,1,26,62,0,89,1,0,80,0,81,2,26,142,0,170,189,0,189,359
05/19/2015,SMO,CA,AWP,WE,Towers with Radar,0,18,34,0,52,0,0,154,0,154,0,18,188,0,206,44,0,44,250
05/20/2015,SMO,CA,AWP,WE,Towers with Radar,0,24,43,0,67,0,0,142,0,142,0,24,185,0,209,145,0,145,354
05/21/2015,SMO,CA,AWP,WE,Towers with Radar,0,35,94,0,129,0,1,122,0,123,0,36,216,0,252,127,0,127,379
05/22/2015,SMO,CA,AWP,WE,Towers with Radar,0,34,60,0,94,0,0,125,0,125,0,34,185,0,219,29,0,29,248
05/23/2015,SMO,CA,AWP,WE,Towers with Radar,0,14,27,0,41,0,0,113,0,113,0,14,140,0,154,21,0,21,175
05/24/2015,SMO,CA,AWP,WE,Towers with Radar,1,12,19,0,32,1,0,150,0,151,2,12,169,0,183,41,0,41,224
05/25/2015,SMO,CA,AWP,WE,Towers with Radar,0,25,43,1,69,0,0,83,1,84,0,25,126,2,153,52,2,54,207
05/26/2015,SMO,CA,AWP,WE,Towers with Radar,0,33,83,0,116,0,0,85,0,85,0,33,168,0,201,189,0,189,390
05/27/2015,SMO,CA,AWP,WE,Towers with Radar,0,14,47,0,61,0,0,94,0,94,0,14,141,0,155,130,0,130,285
05/28/2015,SMO,CA,AWP,WE,Towers with Radar,0,24,82,0,106,0,4,85,0,89,0,28,167,0,195,109,0,109,304
05/29/2015,SMO,CA,AWP,WE,Towers with Radar,0,18,65,0,83,0,0,114,0,114,0,18,179,0,197,76,1,77,274
05/30/2015,SMO,CA,AWP,WE,Towers with Radar,0,8,45,0,53,0,0,67,0,67,0,8,112,0,120,18,0,18,138
05/31/2015,SMO,CA,AWP,WE,Towers with Radar,0,24,69,0,93,0,0,43,0,43,0,24,112,0,136,0,0,0,136
06/01/2015,SMO,CA,AWP,WE,Towers with Radar,0,31,47,1,79,0,0,98,0,98,0,31,145,1,177,86,0,86,263
06/02/2015,SMO,CA,AWP,WE,Towers with Radar,0,25,36,0,61,0,1,113,0,114,0,26,149,0,175,150,0,150,325
06/03/2015,SMO,CA,AWP,WE,Towers with Radar,1,31,54,0,86,0,0,61,0,61,1,31,115,0,147,85,0,85,232
06/04/2015,SMO,CA,AWP,WE,Towers with Radar,0,32,103,0,135,0,0,6,0,6,0,32,109,0,141,37,0,37,178
06/05/2015,SMO,CA,AWP,WE,Towers with Radar,0,39,68,0,107,0,1,113,0,114,0,40,181,0,221,111,0,111,332
06/06/2015,SMO,CA,AWP,WE,Towers with Radar,0,17,46,0,63,0,0,144,0,144,0,17,190,0,207,64,0,64,271
06/07/2015,SMO,CA,AWP,WE,Towers with Radar,0,26,57,0,83,0,0,147,0,147,0,26,204,0,230,28,0,28,258
06/08/2015,SMO,CA,AWP,WE,Towers with Radar,1,22,47,0,70,0,0,111,0,111,1,22,158,0,181,24,0,24,205
06/09/2015,SMO,CA,AWP,WE,Towers with Radar,3,14,40,2,59,1,0,106,0,107,4,14,146,2,166,105,0,105,271
06/10/2015,SMO,CA,AWP,WE,Towers with Radar,0,22,61,0,83,0,0,7,0,7,0,22,68,0,90,0,0,0,90
06/11/2015,SMO,CA,AWP,WE,Towers with Radar,0,26,67,0,93,0,0,42,0,42,0,26,109,0,135,0,0,0,135
06/12/2015,SMO,CA,AWP,WE,Towers with Radar,0,20,70,0,90,0,0,21,0,21,0,20,91,0,111,0,0,0,111
06/13/2015,SMO,CA,AWP,WE,Towers with Radar,0,18,66,0,84,0,0,31,0,31,0,18,97,0,115,19,0,19,134
06/14/2015,SMO,CA,AWP,WE,Towers with Radar,0,23,60,0,83,0,0,18,0,18,0,23,78,0,101,4,0,4,105
06/15/2015,SMO,CA,AWP,WE,Towers with Radar,0,17,45,0,62,0,0,53,0,53,0,17,98,0,115,0,0,0,115
06/16/2015,SMO,CA,AWP,WE,Towers with Radar,0,15,51,0,66,0,0,39,10,49,0,15,90,10,115,0,0,0,115
06/17/2015,SMO,CA,AWP,WE,Towers with Radar,0,18,60,0,78,0,0,128,0,128,0,18,188,0,206,10,0,10,216
06/18/2015,SMO,CA,AWP,WE,Towers with Radar,0,18,32,0,50,0,0,38,10,48,0,18,70,10,98,0,0,0,98
06/19/2015,SMO,CA,AWP,WE,Towers with Radar,1,17,40,8,66,1,0,99,3,103,2,17,139,11,169,43,0,43,212
06/20/2015,SMO,CA,AWP,WE,Towers with Radar,0,10,35,0,45,0,4,190,0,194,0,14,225,0,239,43,0,43,282
06/21/2015,SMO,CA,AWP,WE,Towers with Radar,0,22,37,0,59,0,1,126,0,127,0,23,163,0,186,24,0,24,210
06/22/2015,SMO,CA,AWP,WE,Towers with Radar,0,24,44,0,68,0,0,136,0,136,0,24,180,0,204,159,0,159,363
06/23/2015,SMO,CA,AWP,WE,Towers with Radar,0,15,46,0,61,0,0,151,0,151,0,15,197,0,212,106,0,106,318
06/24/2015,SMO,CA,AWP,WE,Towers with Radar,0,31,41,0,72,0,0,171,0,171,0,31,212,0,243,70,0,70,313
06/25/2015,SMO,CA,AWP,WE,Towers with Radar,0,18,56,0,74,0,0,128,0,128,0,18,184,0,202,72,0,72,274
06/26/2015,SMO,CA,AWP,WE,Towers with Radar,0,19,40,0,59,0,0,116,0,116,0,19,156,0,175,53,0,53,228
06/27/2015,SMO,CA,AWP,WE,Towers with Radar,1,7,29,0,37,0,0,129,0,129,1,7,158,0,166,63,0,63,229
06/28/2015,SMO,CA,AWP,WE,Towers with Radar,0,34,39,0,73,0,0,186,0,186,0,34,225,0,259,20,0,20,279
06/29/2015,SMO,CA,AWP,WE,Towers with Radar,0,20,36,0,56,0,1,160,0,161,0,21,196,0,217,149,0,149,366
06/30/2015,SMO,CA,AWP,WE,Towers with Radar,0,19,40,0,59,0,1,141,0,142,0,20,181,0,201,119,0,119,320
07/01/2015,SMO,CA,AWP,WE,Towers with Radar,0,30,74,0,104,0,0,171,0,171,0,30,245,0,275,73,0,73,348
07/02/2015,SMO,CA,AWP,WE,Towers with Radar,0,30,36,0,66,0,0,165,0,165,0,30,201,0,231,101,0,101,332
07/03/2015,SMO,CA,AWP,WE,Towers with Radar,0,22,34,0,56,0,0,99,0,99,0,22,133,0,155,6,0,6,161
07/04/2015,SMO,CA,AWP,WE,Towers with Radar,0,8,20,0,28,0,0,66,0,66,0,8,86,0,94,2,0,2,96
07/05/2015,SMO,CA,AWP,WE,Towers with Radar,0,21,50,1,72,0,0,71,0,71,0,21,121,1,143,26,0,26,169
07/06/2015,SMO,CA,AWP,WE,Towers with Radar,0,19,68,1,88,0,1,35,0,36,0,20,103,1,124,30,0,30,154
07/07/2015,SMO,CA,AWP,WE,Towers with Radar,0,19,56,0,75,0,0,52,0,52,0,19,108,0,127,34,0,34,161
07/08/2015,SMO,CA,AWP,WE,Towers with Radar,0,19,71,0,90,0,0,98,0,98,0,19,169,0,188,138,0,138,326
07/09/2015,SMO,CA,AWP,WE,Towers with Radar,0,26,53,0,79,0,0,120,0,120,0,26,173,0,199,91,0,91,290
07/10/2015,SMO,CA,AWP,WE,Towers with Radar,0,27,45,1,73,0,0,173,0,173,0,27,218,1,246,63,0,63,309
07/11/2015,SMO,CA,AWP,WE,Towers with Radar,1,13,48,0,62,3,0,150,0,153,4,13,198,0,215,53,0,53,268
07/12/2015,SMO,CA,AWP,WE,Towers with Radar,0,26,46,0,72,0,1,204,0,205,0,27,250,0,277,42,0,42,319
07/13/2015,SMO,CA,AWP,WE,Towers with Radar,1,34,38,0,73,1,7,177,0,185,2,41,215,0,258,81,0,81,339
07/14/2015,SMO,CA,AWP,WE,Towers with Radar,0,25,56,1,82,0,0,121,1,122,0,25,177,2,204,109,0,109,313
07/15/2015,SMO,CA,AWP,WE,Towers with Radar,0,26,49,1,76,0,2,124,0,126,0,28,173,1,202,148,0,148,350
07/16/2015,SMO,CA,AWP,WE,Towers with Radar,0,36,56,0,92,0,2,142,0,144,0,38,198,0,236,90,0,90,326
07/17/2015,SMO,CA,AWP,WE,Towers with Radar,0,53,59,0,112,0,6,158,0,164,0,59,217,0,276,136,7,143,419
07/18/2015,SMO,CA,AWP,WE,Towers with Radar,0,11,23,0,34,0,0,32,0,32,0,11,55,0,66,2,0,2,68
07/19/2015,SMO,CA,AWP,WE,Towers with Radar,0,28,40,0,68,0,0,130,0,130,0,28,170,0,198,18,0,18,216
07/20/2015,SMO,CA,AWP,WE,Towers with Radar,0,29,55,0,84,0,0,111,0,111,0,29,166,0,195,119,0,119,314
07/21/2015,SMO,CA,AWP,WE,Towers with Radar,0,20,59,0,79,0,0,57,0,57,0,20,116,0,136,35,0,35,171
07/22/2015,SMO,CA,AWP,WE,Towers with Radar,0,24,41,0,65,0,0,67,0,67,0,24,108,0,132,2,0,2,134
07/23/2015,SMO,CA,AWP,WE,Towers with Radar,0,25,60,1,86,0,0,1,0,1,0,25,61,1,87,0,0,0,87
07/24/2015,SMO,CA,AWP,WE,Towers with Radar,0,13,37,0,50,0,0,148,0,148,0,13,185,0,198,94,0,94,292
07/25/2015,SMO,CA,AWP,WE,Towers with Radar,0,28,37,0,65,0,0,160,0,160,0,28,197,0,225,34,0,34,259
07/26/2015,SMO,CA,AWP,WE,Towers with Radar,0,29,49,1,79,0,4,173,0,177,0,33,222,1,256,16,0,16,272
07/27/2015,SMO,CA,AWP,WE,Towers with Radar,1,18,45,0,64,1,1,117,0,119,2,19,162,0,183,85,0,85,268
07/28/2015,SMO,CA,AWP,WE,Towers with Radar,0,19,43,0,62,0,2,146,0,148,0,21,189,0,210,54,0,54,264
07/29/2015,SMO,CA,AWP,WE,Towers with Radar,0,23,46,0,69,0,0,111,0,111,0,23,157,0,180,37,0,37,217
07/30/2015,SMO,CA,AWP,WE,Towers with Radar,0,33,56,0,89,0,0,142,0,142,0,33,198,0,231,134,0,134,365
07/31/2015,SMO,CA,AWP,WE,Towers with Radar,0,20,44,0,64,0,0,133,0,133,0,20,177,0,197,63,0,63,260
08/01/2015,SMO,CA,AWP,WE,Towers with Radar,0,35,72,0,107,0,2,136,0,138,0,37,208,0,245,60,0,60,305
08/02/2015,SMO,CA,AWP,WE,Towers with Radar,0,22,74,0,96,0,0,133,0,133,0,22,207,0,229,44,0,44,273
08/03/2015,SMO,CA,AWP,WE,Towers with Radar,0,27,63,0,90,0,1,146,0,147,0,28,209,0,237,83,0,83,320
08/04/2015,SMO,CA,AWP,WE,Towers with Radar,0,17,31,0,48,0,1,164,0,165,0,18,195,0,213,66,0,66,279
08/05/2015,SMO,CA,AWP,WE,Towers with Radar,0,19,32,0,51,0,0,148,0,148,0,19,180,0,199,89,0,89,288
08/06/2015,SMO,CA,AWP,WE,Towers with Radar,0,28,33,0,61,0,0,147,0,147,0,28,180,0,208,86,0,86,294
08/07/2015,SMO,CA,AWP,WE,Towers with Radar,0,30,32,0,62,0,0,143,0,143,0,30,175,0,205,145,0,145,350
08/08/2015,SMO,CA,AWP,WE,Towers with Radar,0,15,42,0,57,0,0,129,0,129,0,15,171,0,186,22,0,22,208
08/09/2015,SMO,CA,AWP,WE,Towers with Radar,0,37,44,0,81,0,0,105,0,105,0,37,149,0,186,31,0,31,217
08/10/2015,SMO,CA,AWP,WE,Towers with Radar,0,18,46,0,64,0,0,163,0,163,0,18,209,0,227,112,0,112,339
08/11/2015,SMO,CA,AWP,WE,Towers with Radar,0,11,43,0,54,0,2,130,0,132,0,13,173,0,186,67,0,67,253
08/12/2015,SMO,CA,AWP,WE,Towers with Radar,0,17,50,0,67,0,0,124,0,124,0,17,174,0,191,65,0,65,256
08/13/2015,SMO,CA,AWP,WE,Towers with Radar,0,22,43,0,65,0,0,130,0,130,0,22,173,0,195,88,0,88,283
08/14/2015,SMO,CA,AWP,WE,Towers with Radar,0,20,31,0,51,0,2,160,0,162,0,22,191,0,213,47,0,47,260
08/15/2015,SMO,CA,AWP,WE,Towers with Radar,0,20,21,0,41,0,1,191,0,192,0,21,212,0,233,63,0,63,296
08/16/2015,SMO,CA,AWP,WE,Towers with Radar,0,42,33,0,75,0,0,148,0,148,0,42,181,0,223,18,0,18,241
08/17/2015,SMO,CA,AWP,WE,Towers with Radar,0,29,40,0,69,0,0,89,0,89,0,29,129,0,158,105,0,105,263
08/18/2015,SMO,CA,AWP,WE,Towers with Radar,0,14,47,0,61,0,0,92,0,92,0,14,139,0,153,93,0,93,246
08/19/2015,SMO,CA,AWP,WE,Towers with Radar,0,17,56,0,73,0,0,94,0,94,0,17,150,0,167,118,0,118,285
08/20/2015,SMO,CA,AWP,WE,Towers with Radar,0,25,44,0,69,0,0,161,0,161,0,25,205,0,230,79,0,79,309
08/21/2015,SMO,CA,AWP,WE,Towers with Radar,0,23,59,0,82,0,0,90,0,90,0,23,149,0,172,71,0,71,243
08/22/2015,SMO,CA,AWP,WE,Towers with Radar,0,11,33,0,44,0,0,103,0,103,0,11,136,0,147,41,0,41,188
08/23/2015,SMO,CA,AWP,WE,Towers with Radar,0,21,42,0,63,0,0,139,0,139,0,21,181,0,202,24,0,24,226
08/24/2015,SMO,CA,AWP,WE,Towers with Radar,0,14,40,0,54,0,0,116,0,116,0,14,156,0,170,24,0,24,194
08/25/2015,SMO,CA,AWP,WE,Towers with Radar,0,22,30,0,52,0,1,135,0,136,0,23,165,0,188,115,0,115,303
08/26/2015,SMO,CA,AWP,WE,Towers with Radar,0,18,38,0,56,0,0,164,0,164,0,18,202,0,220,67,0,67,287
08/27/2015,SMO,CA,AWP,WE,Towers with Radar,0,21,47,0,68,0,0,158,0,158,0,21,205,0,226,92,0,92,318
08/28/2015,SMO,CA,AWP,WE,Towers with Radar,0,33,37,0,70,0,2,165,0,167,0,35,202,0,237,113,0,113,350
08/29/2015,SMO,CA,AWP,WE,Towers with Radar,0,17,38,0,55,0,2,156,0,158,0,19,194,0,213,46,0,46,259
08/30/2015,SMO,CA,AWP,WE,Towers with Radar,0,21,39,0,60,0,6,194,0,200,0,27,233,0,260,47,0,47,307
08/31/2015,SMO,CA,AWP,WE,Towers with Radar,0,23,36,0,59,0,2,105,0,107,0,25,141,0,166,59,0,59,225
09/01/2015,SMO,CA,AWP,WE,Towers with Radar,0,22,33,0,55,0,0,96,0,96,0,22,129,0,151,76,0,76,227
09/02/2015,SMO,CA,AWP,WE,Towers with Radar,0,31,45,0,76,0,0,120,2,122,0,31,165,2,198,45,0,45,243
09/03/2015,SMO,CA,AWP,WE,Towers with Radar,0,36,64,0,100,0,0,119,0,119,0,36,183,0,219,79,0,79,298
09/04/2015,SMO,CA,AWP,WE,Towers with Radar,0,33,52,0,85,0,0,152,0,152,0,33,204,0,237,42,0,42,279
09/05/2015,SMO,CA,AWP,WE,Towers with Radar,0,12,40,0,52,0,0,136,0,136,0,12,176,0,188,41,0,41,229
09/06/2015,SMO,CA,AWP,WE,Towers with Radar,0,15,17,0,32,0,0,166,0,166,0,15,183,0,198,27,0,27,225
09/07/2015,SMO,CA,AWP,WE,Towers with Radar,0,33,37,0,70,0,1,150,0,151,0,34,187,0,221,36,0,36,257
09/08/2015,SMO,CA,AWP,WE,Towers with Radar,0,34,26,0,60,0,0,128,0,128,0,34,154,0,188,73,0,73,261
09/09/2015,SMO,CA,AWP,WE,Towers with Radar,0,30,33,0,63,0,0,138,0,138,0,30,171,0,201,26,0,26,227
09/10/2015,SMO,CA,AWP,WE,Towers with Radar,0,21,45,0,66,0,1,117,0,118,0,22,162,0,184,58,0,58,242
09/11/2015,SMO,CA,AWP,WE,Towers with Radar,0,29,54,0,83,0,0,134,0,134,0,29,188,0,217,63,0,63,280
09/12/2015,SMO,CA,AWP,WE,Towers with Radar,0,16,26,0,42,0,0,140,0,140,0,16,166,0,182,72,0,72,254
09/13/2015,SMO,CA,AWP,WE,Towers with Radar,0,24,25,0,49,0,0,158,0,158,0,24,183,0,207,26,0,26,233
09/14/2015,SMO,CA,AWP,WE,Towers with Radar,0,28,56,0,84,0,2,141,0,143,0,30,197,0,227,84,0,84,311
09/15/2015,SMO,CA,AWP,WE,Towers with Radar,0,21,61,0,82,0,0,26,0,26,0,21,87,0,108,0,0,0,108
09/16/2015,SMO,CA,AWP,WE,Towers with Radar,0,35,58,0,93,0,0,112,0,112,0,35,170,0,205,39,0,39,244
09/17/2015,SMO,CA,AWP,WE,Towers with Radar,0,31,52,0,83,0,7,142,0,149,0,38,194,0,232,70,0,70,302
09/18/2015,SMO,CA,AWP,WE,Towers with Radar,0,43,40,0,83,0,1,158,0,159,0,44,198,0,242,57,0,57,299
09/19/2015,SMO,CA,AWP,WE,Towers with Radar,0,23,27,0,50,0,0,157,2,159,0,23,184,2,209,16,0,16,225
09/20/2015,SMO,CA,AWP,WE,Towers with Radar,0,28,49,0,77,0,0,149,2,151,0,28,198,2,228,31,0,31,259
09/21/2015,SMO,CA,AWP,WE,Towers with Radar,0,27,55,0,82,0,1,49,0,50,0,28,104,0,132,2,0,2,134
09/22/2015,SMO,CA,AWP,WE,Towers with Radar,0,23,48,0,71,0,0,104,0,104,0,23,152,0,175,84,0,84,259
09/23/2015,SMO,CA,AWP,WE,Towers with Radar,0,24,35,0,59,0,1,129,0,130,0,25,164,0,189,42,0,42,231
09/24/2015,SMO,CA,AWP,WE,Towers with Radar,0,16,54,0,70,0,0,163,0,163,0,16,217,0,233,59,0,59,292
09/25/2015,SMO,CA,AWP,WE,Towers with Radar,0,33,48,0,81,0,0,173,0,173,0,33,221,0,254,77,0,77,331
09/26/2015,SMO,CA,AWP,WE,Towers with Radar,0,20,16,0,36,0,1,142,0,143,0,21,158,0,179,24,0,24,203
09/27/2015,SMO,CA,AWP,WE,Towers with Radar,0,28,40,0,68,0,1,134,0,135,0,29,174,0,203,20,0,20,223
09/28/2015,SMO,CA,AWP,WE,Towers with Radar,0,24,43,0,67,0,2,129,0,131,0,26,172,0,198,23,0,23,221
09/29/2015,SMO,CA,AWP,WE,Towers with Radar,0,19,51,0,70,0,0,129,0,129,0,19,180,0,199,47,0,47,246
09/30/2015,SMO,CA,AWP,WE,Towers with Radar,0,18,54,1,73,0,0,97,0,97,0,18,151,1,170,95,0,95,265
10/01/2015,SMO,CA,AWP,WE,Towers with Radar,0,31,36,0,67,0,2,140,0,142,0,33,176,0,209,32,0,32,241
10/02/2015,SMO,CA,AWP,WE,Towers with Radar,0,24,36,0,60,0,9,178,0,187,0,33,214,0,247,90,0,90,337
10/03/2015,SMO,CA,AWP,WE,Towers with Radar,0,13,39,0,52,0,0,170,0,170,0,13,209,0,222,57,0,57,279
10/04/2015,SMO,CA,AWP,WE,Towers with Radar,0,29,49,0,78,0,1,94,0,95,0,30,143,0,173,12,0,12,185
10/05/2015,SMO,CA,AWP,WE,Towers with Radar,0,36,56,0,92,0,1,107,0,108,0,37,163,0,200,6,0,6,206
10/06/2015,SMO,CA,AWP,WE,Towers with Radar,0,26,44,0,70,0,0,166,0,166,0,26,210,0,236,74,2,76,312
10/07/2015,SMO,CA,AWP,WE,Towers with Radar,0,30,38,1,69,0,0,186,1,187,0,30,224,2,256,55,0,55,311
10/08/2015,SMO,CA,AWP,WE,Towers with Radar,0,35,49,0,84,0,4,136,21,161,0,39,185,21,245,122,0,122,367
10/09/2015,SMO,CA,AWP,WE,Towers with Radar,0,27,66,0,93,0,3,190,0,193,0,30,256,0,286,119,0,119,405
10/10/2015,SMO,CA,AWP,WE,Towers with Radar,0,11,23,0,34,0,3,65,0,68,0,14,88,0,102,26,0,26,128
10/11/2015,SMO,CA,AWP,WE,Towers with Radar,0,29,41,0,70,0,5,177,0,182,0,34,218,0,252,26,0,26,278
10/12/2015,SMO,CA,AWP,WE,Towers with Radar,0,24,44,0,68,0,4,179,0,183,0,28,223,0,251,121,0,121,372
10/13/2015,SMO,CA,AWP,WE,Towers with Radar,0,26,41,0,67,0,0,135,0,135,0,26,176,0,202,73,0,73,275
10/14/2015,SMO,CA,AWP,WE,Towers with Radar,0,31,42,0,73,0,0,147,0,147,0,31,189,0,220,111,0,111,331
10/15/2015,SMO,CA,AWP,WE,Towers with Radar,0,36,50,0,86,0,0,49,0,49,0,36,99,0,135,4,0,4,139
10/16/2015,SMO,CA,AWP,WE,Towers with Radar,0,41,97,0,138,0,0,31,0,31,0,41,128,0,169,2,0,2,171
10/17/2015,SMO,CA,AWP,WE,Towers with Radar,0,16,26,0,42,0,0,142,0,142,0,16,168,0,184,74,0,74,258
10/18/2015,SMO,CA,AWP,WE,Towers with Radar,0,30,56,0,86,0,2,85,0,87,0,32,141,0,173,35,0,35,208
10/19/2015,SMO,CA,AWP,WE,Towers with Radar,0,28,50,0,78,0,4,118,0,122,0,32,168,0,200,71,0,71,271
10/20/2015,SMO,CA,AWP,WE,Towers with Radar,0,28,54,0,82,0,9,150,0,159,0,37,204,0,241,129,0,129,370
10/21/2015,SMO,CA,AWP,WE,Towers with Radar,0,23,50,0,73,0,1,146,0,147,0,24,196,0,220,194,0,194,414
10/22/2015,SMO,CA,AWP,WE,Towers with Radar,0,41,56,1,98,0,5,124,0,129,0,46,180,1,227,57,0,57,284
10/23/2015,SMO,CA,AWP,WE,Towers with Radar,0,35,54,0,89,0,1,168,0,169,0,36,222,0,258,115,0,115,373
10/24/2015,SMO,CA,AWP,WE,Towers with Radar,0,19,27,0,46,0,5,172,0,177,0,24,199,0,223,72,0,72,295
10/25/2015,SMO,CA,AWP,WE,Towers with Radar,0,44,47,0,91,0,5,150,0,155,0,49,197,0,246,43,0,43,289
10/26/2015,SMO,CA,AWP,WE,Towers with Radar,0,33,41,0,74,0,2,145,0,147,0,35,186,0,221,59,0,59,280
10/27/2015,SMO,CA,AWP,WE,Towers with Radar,0,32,32,0,64,0,0,141,0,141,0,32,173,0,205,109,0,109,314
10/28/2015,SMO,CA,AWP,WE,Towers with Radar,0,27,66,0,93,0,4,134,0,138,0,31,200,0,231,76,0,76,307
10/29/2015,SMO,CA,AWP,WE,Towers with Radar,0,31,50,0,81,0,0,56,4,60,0,31,106,4,141,32,0,32,173
10/30/2015,SMO,CA,AWP,WE,Towers with Radar,0,33,42,0,75,0,1,133,0,134,0,34,175,0,209,103,0,103,312
10/31/2015,SMO,CA,AWP,WE,Towers with Radar,0,18,40,0,58,0,0,150,0,150,0,18,190,0,208,36,0,36,244
11/01/2015,SMO,CA,AWP,WE,Towers with Radar,0,23,37,0,60,0,1,139,0,140,0,24,176,0,200,40,0,40,240
11/02/2015,SMO,CA,AWP,WE,Towers with Radar,0,21,64,0,85,0,0,33,0,33,0,21,97,0,118,34,0,34,152
11/03/2015,SMO,CA,AWP,WE,Towers with Radar,0,18,47,0,65,0,1,98,0,99,0,19,145,0,164,13,0,13,177
11/04/2015,SMO,CA,AWP,WE,Towers with Radar,0,24,39,0,63,0,0,89,0,89,0,24,128,0,152,54,0,54,206
11/05/2015,SMO,CA,AWP,WE,Towers with Radar,0,32,57,0,89,0,0,149,0,149,0,32,206,0,238,61,0,61,299
11/06/2015,SMO,CA,AWP,WE,Towers with Radar,0,43,57,0,100,0,0,141,14,155,0,43,198,14,255,82,0,82,337
11/07/2015,SMO,CA,AWP,WE,Towers with Radar,0,14,28,0,42,0,2,162,16,180,0,16,190,16,222,33,0,33,255
11/08/2015,SMO,CA,AWP,WE,Towers with Radar,0,31,41,0,72,0,0,183,0,183,0,31,224,0,255,41,0,41,296
11/09/2015,SMO,CA,AWP,WE,Towers with Radar,0,23,68,0,91,0,0,84,0,84,0,23,152,0,175,106,0,106,281
11/10/2015,SMO,CA,AWP,WE,Towers with Radar,0,34,34,4,72,0,0,81,0,81,0,34,115,4,153,57,0,57,210
11/11/2015,SMO,CA,AWP,WE,Towers with Radar,0,30,39,0,69,0,0,140,0,140,0,30,179,0,209,57,0,57,266
11/12/2015,SMO,CA,AWP,WE,Towers with Radar,0,30,56,0,86,0,3,176,0,179,0,33,232,0,265,58,0,58,323
11/13/2015,SMO,CA,AWP,WE,Towers with Radar,0,41,55,0,96,0,7,135,0,142,0,48,190,0,238,123,0,123,361
11/14/2015,SMO,CA,AWP,WE,Towers with Radar,0,27,32,0,59,0,1,209,0,210,0,28,241,0,269,25,0,25,294
11/15/2015,SMO,CA,AWP,WE,Towers with Radar,0,27,39,0,66,0,0,44,0,44,0,27,83,0,110,26,0,26,136
11/16/2015,SMO,CA,AWP,WE,Towers with Radar,0,31,39,0,70,0,6,86,0,92,0,37,125,0,162,0,0,0,162
11/17/2015,SMO,CA,AWP,WE,Towers with Radar,0,33,47,0,80,0,0,106,0,106,0,33,153,0,186,63,0,63,249
11/18/2015,SMO,CA,AWP,WE,Towers with Radar,0,30,61,1,92,0,0,154,1,155,0,30,215,2,247,64,0,64,311
11/19/2015,SMO,CA,AWP,WE,Towers with Radar,0,29,50,0,79,0,0,143,0,143,0,29,193,0,222,111,0,111,333
11/20/2015,SMO,CA,AWP,WE,Towers with Radar,0,32,58,0,90,0,8,172,0,180,0,40,230,0,270,102,2,104,374
11/21/2015,SMO,CA,AWP,WE,Towers with Radar,0,16,29,0,45,0,1,136,0,137,0,17,165,0,182,30,0,30,212
11/22/2015,SMO,CA,AWP,WE,Towers with Radar,0,35,42,0,77,0,0,180,0,180,0,35,222,0,257,43,0,43,300
11/23/2015,SMO,CA,AWP,WE,Towers with Radar,0,20,46,0,66,0,2,137,0,139,0,22,183,0,205,51,0,51,256
11/24/2015,SMO,CA,AWP,WE,Towers with Radar,0,30,57,0,87,0,0,86,0,86,0,30,143,0,173,55,0,55,228
11/25/2015,SMO,CA,AWP,WE,Towers with Radar,0,37,42,0,79,0,0,112,0,112,0,37,154,0,191,26,0,26,217
11/26/2015,SMO,CA,AWP,WE,Towers with Radar,0,17,17,0,34,0,0,60,0,60,0,17,77,0,94,16,0,16,110
11/27/2015,SMO,CA,AWP,WE,Towers with Radar,0,17,33,0,50,0,1,118,0,119,0,18,151,0,169,29,0,29,198
11/28/2015,SMO,CA,AWP,WE,Towers with Radar,0,34,56,0,90,0,2,126,0,128,0,36,182,0,218,36,0,36,254
11/29/2015,SMO,CA,AWP,WE,Towers with Radar,0,22,45,0,67,0,0,168,0,168,0,22,213,0,235,56,0,56,291
11/30/2015,SMO,CA,AWP,WE,Towers with Radar,0,25,42,0,67,0,0,108,0,108,0,25,150,0,175,58,0,58,233
12/01/2015,SMO,CA,AWP,WE,Towers with Radar,0,15,42,0,57,0,0,119,0,119,0,15,161,0,176,94,0,94,270
12/02/2015,SMO,CA,AWP,WE,Towers with Radar,0,12,36,0,48,0,0,145,0,145,0,12,181,0,193,139,0,139,332
12/03/2015,SMO,CA,AWP,WE,Towers with Radar,0,25,57,2,84,0,6,130,0,136,0,31,187,2,220,121,0,121,341
12/04/2015,SMO,CA,AWP,WE,Towers with Radar,0,23,41,0,64,0,4,128,0,132,0,27,169,0,196,115,0,115,311
12/05/2015,SMO,CA,AWP,WE,Towers with Radar,0,8,35,0,43,0,0,169,0,169,0,8,204,0,212,50,0,50,262
12/06/2015,SMO,CA,AWP,WE,Towers with Radar,0,25,44,0,69,0,0,172,0,172,0,25,216,0,241,8,0,8,249
12/07/2015,SMO,CA,AWP,WE,Towers with Radar,0,17,35,0,52,0,0,138,0,138,0,17,173,0,190,47,0,47,237
12/08/2015,SMO,CA,AWP,WE,Towers with Radar,0,19,38,0,57,0,0,156,0,156,0,19,194,0,213,99,0,99,312
12/09/2015,SMO,CA,AWP,WE,Towers with Radar,0,22,42,0,64,0,0,103,0,103,0,22,145,0,167,60,0,60,227
12/10/2015,SMO,CA,AWP,WE,Towers with Radar,0,20,45,1,66,0,0,35,0,35,0,20,80,1,101,75,0,75,176
12/11/2015,SMO,CA,AWP,WE,Towers with Radar,0,30,43,0,73,0,0,71,0,71,0,30,114,0,144,51,0,51,195
12/12/2015,SMO,CA,AWP,WE,Towers with Radar,0,11,19,0,30,0,0,33,0,33,0,11,52,0,63,2,0,2,65
12/13/2015,SMO,CA,AWP,WE,Towers with Radar,0,16,38,0,54,0,0,91,0,91,0,16,129,0,145,43,0,43,188
12/14/2015,SMO,CA,AWP,WE,Towers with Radar,0,12,41,0,53,0,1,70,0,71,0,13,111,0,124,25,0,25,149
12/15/2015,SMO,CA,AWP,WE,Towers with Radar,0,30,36,0,66,0,1,117,0,118,0,31,153,0,184,117,0,117,301
12/16/2015,SMO,CA,AWP,WE,Towers with Radar,0,28,44,0,72,0,0,117,0,117,0,28,161,0,189,121,0,121,310
12/17/2015,SMO,CA,AWP,WE,Towers with Radar,0,33,48,0,81,0,0,135,0,135,0,33,183,0,216,101,0,101,317
12/18/2015,SMO,CA,AWP,WE,Towers with Radar,0,26,46,0,72,0,7,163,0,170,0,33,209,0,242,42,0,42,284
12/19/2015,SMO,CA,AWP,WE,Towers with Radar,0,20,52,0,72,0,2,72,0,74,0,22,124,0,146,30,0,30,176
12/20/2015,SMO,CA,AWP,WE,Towers with Radar,0,32,31,0,63,0,2,135,0,137,0,34,166,0,200,46,0,46,246
12/21/2015,SMO,CA,AWP,WE,Towers with Radar,0,27,49,2,78,0,6,100,0,106,0,33,149,2,184,85,0,85,269
12/22/2015,SMO,CA,AWP,WE,Towers with Radar,0,16,31,0,47,0,0,2,0,2,0,16,33,0,49,0,0,0,49
12/23/2015,SMO,CA,AWP,WE,Towers with Radar,0,26,40,0,66,0,0,119,0,119,0,26,159,0,185,89,0,89,274
12/24/2015,SMO,CA,AWP,WE,Towers with Radar,0,13,9,0,22,0,0,75,0,75,0,13,84,0,97,63,0,63,160
12/25/2015,SMO,CA,AWP,WE,Towers with Radar,0,19,10,0,29,0,0,25,0,25,0,19,35,0,54,8,0,8,62
12/26/2015,SMO,CA,AWP,WE,Towers with Radar,0,25,22,0,47,0,0,54,0,54,0,25,76,0,101,14,0,14,115
12/27/2015,SMO,CA,AWP,WE,Towers with Radar,0,28,28,0,56,0,3,125,0,128,0,31,153,0,184,21,0,21,205
12/28/2015,SMO,CA,AWP,WE,Towers with Radar,0,20,24,0,44,0,1,105,0,106,0,21,129,0,150,51,0,51,201
12/29/2015,SMO,CA,AWP,WE,Towers with Radar,0,16,38,0,54,0,1,130,0,131,0,17,168,0,185,85,0,85,270
12/30/2015,SMO,CA,AWP,WE,Towers with Radar,0,28,30,0,58,0,0,127,0,127,0,28,157,0,185,13,0,13,198
12/31/2015,SMO,CA,AWP,WE,Towers with Radar,0,19,18,2,39,0,0,103,0,103,0,19,121,2,142,27,0,27,169
01/01/2016,SMO,CA,AWP,WE,Towers with Radar,0,25,27,0,52,0,2,71,0,73,0,27,98,0,125,8,0,8,133
01/02/2016,SMO,CA,AWP,WE,Towers with Radar,0,37,34,1,72,0,0,129,0,129,0,37,163,1,201,41,0,41,242
01/03/2016,SMO,CA,AWP,WE,Towers with Radar,0,42,48,0,90,0,1,102,0,103,0,43,150,0,193,24,0,24,217
01/04/2016,SMO,CA,AWP,WE,Towers with Radar,0,27,43,0,70,0,0,74,0,74,0,27,117,0,144,50,0,50,194
01/05/2016,SMO,CA,AWP,WE,Towers with Radar,0,10,24,1,35,0,0,5,0,5,0,10,29,1,40,22,0,22,62
01/06/2016,SMO,CA,AWP,WE,Towers with Radar,0,17,29,0,46,0,0,1,1,2,0,17,30,1,48,0,0,0,48
01/07/2016,SMO,CA,AWP,WE,Towers with Radar,0,18,40,1,59,0,2,56,0,58,0,20,96,1,117,85,0,85,202
01/08/2016,SMO,CA,AWP,WE,Towers with Radar,0,34,44,0,78,0,5,132,0,137,0,39,176,0,215,34,0,34,249
01/09/2016,SMO,CA,AWP,WE,Towers with Radar,0,24,41,0,65,0,0,85,0,85,0,24,126,0,150,13,0,13,163
01/10/2016,SMO,CA,AWP,WE,Towers with Radar,0,22,46,0,68,0,0,82,0,82,0,22,128,0,150,14,0,14,164
01/11/2016,SMO,CA,AWP,WE,Towers with Radar,0,23,41,0,64,0,0,91,0,91,0,23,132,0,155,50,0,50,205
01/12/2016,SMO,CA,AWP,WE,Towers with Radar,0,28,49,0,77,0,1,142,0,143,0,29,191,0,220,80,0,80,300
01/13/2016,SMO,CA,AWP,WE,Towers with Radar,0,21,52,0,73,0,1,94,0,95,0,22,146,0,168,44,0,44,212
01/14/2016,SMO,CA,AWP,WE,Towers with Radar,0,33,55,0,88,0,0,137,0,137,0,33,192,0,225,165,0,165,390
01/15/2016,SMO,CA,AWP,WE,Towers with Radar,0,43,62,0,105,0,4,85,0,89,0,47,147,0,194,101,0,101,295
01/16/2016,SMO,CA,AWP,WE,Towers with Radar,0,15,53,0,68,0,0,73,0,73,0,15,126,0,141,27,0,27,168
01/17/2016,SMO,CA,AWP,WE,Towers with Radar,0,24,39,0,63,0,0,101,0,101,0,24,140,0,164,18,0,18,182
01/18/2016,SMO,CA,AWP,WE,Towers with Radar,0,30,64,0,94,0,2,8,0,10,0,32,72,0,104,32,0,32,136
01/19/2016,SMO,CA,AWP,WE,Towers with Radar,0,26,53,0,79,0,2,30,0,32,0,28,83,0,111,29,0,29,140
01/20/2016,SMO,CA,AWP,WE,Towers with Radar,0,27,69,0,96,0,1,89,0,90,0,28,158,0,186,32,0,32,218
01/21/2016,SMO,CA,AWP,WE,Towers with Radar,0,48,50,0,98,0,0,150,0,150,0,48,200,0,248,75,0,75,323
01/22/2016,SMO,CA,AWP,WE,Towers with Radar,0,29,65,0,94,0,2,154,0,156,0,31,219,0,250,47,0,47,297
01/23/2016,SMO,CA,AWP,WE,Towers with Radar,0,10,58,0,68,0,0,53,0,53,0,10,111,0,121,36,0,36,157
01/24/2016,SMO,CA,AWP,WE,Towers with Radar,0,18,36,0,54,0,1,135,0,136,0,19,171,0,190,76,0,76,266
01/25/2016,SMO,CA,AWP,WE,Towers with Radar,0,26,50,0,76,0,5,132,0,137,0,31,182,0,213,100,0,100,313
01/26/2016,SMO,CA,AWP,WE,Towers with Radar,0,28,65,1,94,0,0,144,0,144,0,28,209,1,238,76,0,76,314
01/27/2016,SMO,CA,AWP,WE,Towers with Radar,0,18,55,0,73,0,1,142,0,143,0,19,197,0,216,109,0,109,325
01/28/2016,SMO,CA,AWP,WE,Towers with Radar,0,34,33,0,67,0,1,166,0,167,0,35,199,0,234,71,0,71,305
01/29/2016,SMO,CA,AWP,WE,Towers with Radar,0,42,33,0,75,0,4,165,0,169,0,46,198,0,244,66,0,66,310
01/30/2016,SMO,CA,AWP,WE,Towers with Radar,0,15,69,0,84,0,1,73,0,74,0,16,142,0,158,102,0,102,260
01/31/2016,SMO,CA,AWP,WE,Towers with Radar,0,12,16,0,28,0,0,4,0,4,0,12,20,0,32,0,0,0,32
02/01/2016,SMO,CA,AWP,WE,Towers with Radar,0,13,16,0,29,0,1,91,0,92,0,14,107,0,121,45,0,45,166
02/02/2016,SMO,CA,AWP,WE,Towers with Radar,0,13,53,0,66,0,0,156,0,156,0,13,209,0,222,54,0,54,276
02/03/2016,SMO,CA,AWP,WE,Towers with Radar,0,23,50,0,73,0,0,124,0,124,0,23,174,0,197,63,0,63,260
02/04/2016,SMO,CA,AWP,WE,Towers with Radar,0,31,70,0,101,0,0,149,0,149,0,31,219,0,250,82,0,82,332
02/05/2016,SMO,CA,AWP,WE,Towers with Radar,0,50,50,0,100,0,3,159,0,162,0,53,209,0,262,90,0,90,352
02/06/2016,SMO,CA,AWP,WE,Towers with Radar,0,36,44,0,80,0,0,165,0,165,0,36,209,0,245,72,0,72,317
02/07/2016,SMO,CA,AWP,WE,Towers with Radar,0,18,28,0,46,0,2,143,0,145,0,20,171,0,191,75,0,75,266
02/08/2016,SMO,CA,AWP,WE,Towers with Radar,0,28,41,0,69,0,0,114,0,114,0,28,155,0,183,35,0,35,218
02/09/2016,SMO,CA,AWP,WE,Towers with Radar,0,29,34,0,63,0,2,105,11,118,0,31,139,11,181,128,0,128,309
02/10/2016,SMO,CA,AWP,WE,Towers with Radar,0,21,40,0,61,0,2,171,0,173,0,23,211,0,234,75,0,75,309
02/11/2016,SMO,CA,AWP,WE,Towers with Radar,0,18,27,0,45,0,2,96,0,98,0,20,123,0,143,49,0,49,192
02/12/2016,SMO,CA,AWP,WE,Towers with Radar,0,50,43,0,93,0,4,119,5,128,0,54,162,5,221,50,0,50,271
02/13/2016,SMO,CA,AWP,WE,Towers with Radar,0,23,35,0,58,0,0,110,0,110,0,23,145,0,168,13,0,13,181
02/14/2016,SMO,CA,AWP,WE,Towers with Radar,0,48,24,0,72,0,0,134,0,134,0,48,158,0,206,66,0,66,272
02/15/2016,SMO,CA,AWP,WE,Towers with Radar,0,50,49,0,99,0,0,164,0,164,0,50,213,0,263,14,0,14,277
02/16/2016,SMO,CA,AWP,WE,Towers with Radar,0,48,39,0,87,0,0,165,0,165,0,48,204,0,252,64,0,64,316
02/17/2016,SMO,CA,AWP,WE,Towers with Radar,0,22,49,0,71,0,0,74,0,74,0,22,123,0,145,71,0,71,216
02/18/2016,SMO,CA,AWP,WE,Towers with Radar,1,25,45,1,72,0,0,109,0,109,1,25,154,1,181,29,0,29,210
02/19/2016,SMO,CA,AWP,WE,Towers with Radar,0,27,52,1,80,0,4,133,1,138,0,31,185,2,218,124,0,124,342
02/20/2016,SMO,CA,AWP,WE,Towers with Radar,0,25,28,0,53,0,2,166,0,168,0,27,194,0,221,62,0,62,283
02/21/2016,SMO,CA,AWP,WE,Towers with Radar,0,41,52,0,93,0,4,138,0,142,0,45,190,0,235,78,0,78,313
02/22/2016,SMO,CA,AWP,WE,Towers with Radar,0,17,49,0,66,0,0,116,0,116,0,17,165,0,182,82,0,82,264
02/23/2016,SMO,CA,AWP,WE,Towers with Radar,0,23,24,0,47,0,0,148,0,148,0,23,172,0,195,119,0,119,314
02/24/2016,SMO,CA,AWP,WE,Towers with Radar,0,21,41,0,62,0,0,116,0,116,0,21,157,0,178,50,0,50,228
02/25/2016,SMO,CA,AWP,WE,Towers with Radar,0,28,39,0,67,0,2,101,0,103,0,30,140,0,170,61,0,61,231
02/26/2016,SMO,CA,AWP,WE,Towers with Radar,0,52,51,0,103,0,0,150,0,150,0,52,201,0,253,102,0,102,355
02/27/2016,SMO,CA,AWP,WE,Towers with Radar,0,38,50,0,88,0,3,110,0,113,0,41,160,0,201,8,0,8,209
02/28/2016,SMO,CA,AWP,WE,Towers with Radar,0,37,53,0,90,0,0,77,0,77,0,37,130,0,167,0,0,0,167
02/29/2016,SMO,CA,AWP,WE,Towers with Radar,0,21,41,0,62,0,0,35,0,35,0,21,76,0,97,10,0,10,107
03/01/2016,SMO,CA,AWP,WE,Towers with Radar,0,8,38,0,46,0,0,5,0,5,0,8,43,0,51,0,0,0,51
03/02/2016,SMO,CA,AWP,WE,Towers with Radar,0,12,38,0,50,0,0,49,0,49,0,12,87,0,99,0,0,0,99
03/03/2016,SMO,CA,AWP,WE,Towers with Radar,0,36,46,0,82,0,0,79,0,79,0,36,125,0,161,13,0,13,174
03/04/2016,SMO,CA,AWP,WE,Towers with Radar,0,20,60,0,80,0,1,90,0,91,0,21,150,0,171,52,0,52,223
03/05/2016,SMO,CA,AWP,WE,Towers with Radar,0,24,47,0,71,0,0,47,0,47,0,24,94,0,118,45,0,45,163
03/06/2016,SMO,CA,AWP,WE,Towers with Radar,0,28,36,0,64,0,0,57,0,57,0,28,93,0,121,58,0,58,179
03/07/2016,SMO,CA,AWP,WE,Towers with Radar,0,18,53,0,71,0,0,42,0,42,0,18,95,0,113,4,0,4,117
03/08/2016,SMO,CA,AWP,WE,Towers with Radar,0,35,51,0,86,0,4,98,0,102,0,39,149,0,188,73,0,73,261
03/09/2016,SMO,CA,AWP,WE,Towers with Radar,0,40,49,0,89,0,0,159,0,159,0,40,208,0,248,67,0,67,315
03/10/2016,SMO,CA,AWP,WE,Towers with Radar,0,35,56,0,91,0,0,148,0,148,0,35,204,0,239,52,0,52,291
03/11/2016,SMO,CA,AWP,WE,Towers with Radar,0,34,37,0,71,0,0,19,0,19,0,34,56,0,90,22,0,22,112
03/12/2016,SMO,CA,AWP,WE,Towers with Radar,0,21,35,0,56,0,0,154,0,154,0,21,189,0,210,43,0,43,253
03/13/2016,SMO,CA,AWP,WE,Towers with Radar,0,26,50,0,76,0,0,96,0,96,0,26,146,0,172,25,0,25,197
03/14/2016,SMO,CA,AWP,WE,Towers with Radar,0,25,33,0,58,0,0,98,0,98,0,25,131,0,156,84,0,84,240
03/15/2016,SMO,CA,AWP,WE,Towers with Radar,0,22,37,0,59,0,4,149,0,153,0,26,186,0,212,95,0,95,307
03/16/2016,SMO,CA,AWP,WE,Towers with Radar,0,37,32,0,69,0,3,155,0,158,0,40,187,0,227,125,0,125,352
03/17/2016,SMO,CA,AWP,WE,Towers with Radar,0,49,51,1,101,0,3,149,0,152,0,52,200,1,253,74,0,74,327
03/18/2016,SMO,CA,AWP,WE,Towers with Radar,0,42,64,0,106,0,1,118,0,119,0,43,182,0,225,108,0,108,333
03/19/2016,SMO,CA,AWP,WE,Towers with Radar,0,34,50,0,84,0,2,61,0,63,0,36,111,0,147,40,0,40,187
03/20/2016,SMO,CA,AWP,WE,Towers with Radar,0,38,46,0,84,0,0,64,0,64,0,38,110,0,148,6,0,6,154
03/21/2016,SMO,CA,AWP,WE,Towers with Radar,0,19,67,1,87,0,1,66,1,68,0,20,133,2,155,44,0,44,199
03/22/2016,SMO,CA,AWP,WE,Towers with Radar,0,21,39,0,60,0,0,88,0,88,0,21,127,0,148,28,0,28,176
03/23/2016,SMO,CA,AWP,WE,Towers with Radar,0,45,44,0,89,0,1,127,0,128,0,46,171,0,217,117,0,117,334
03/24/2016,SMO,CA,AWP,WE,Towers with Radar,0,44,65,0,109,0,4,191,0,195,0,48,256,0,304,39,0,39,343
03/25/2016,SMO,CA,AWP,WE,Towers with Radar,0,38,35,0,73,0,0,175,0,175,0,38,210,0,248,82,0,82,330
03/26/2016,SMO,CA,AWP,WE,Towers with Radar,0,20,44,0,64,0,0,168,0,168,0,20,212,0,232,49,0,49,281
03/27/2016,SMO,CA,AWP,WE,Towers with Radar,0,32,35,0,67,0,0,98,0,98,0,32,133,0,165,46,0,46,211
03/28/2016,SMO,CA,AWP,WE,Towers with Radar,0,15,50,0,65,0,0,42,0,42,0,15,92,0,107,18,0,18,125
03/29/2016,SMO,CA,AWP,WE,Towers with Radar,1,17,41,0,59,0,0,88,0,88,1,17,129,0,147,55,0,55,202
03/30/2016,SMO,CA,AWP,WE,Towers with Radar,0,28,33,1,62,0,0,161,0,161,0,28,194,1,223,31,0,31,254
03/31/2016,SMO,CA,AWP,WE,Towers with Radar,0,35,40,0,75,0,0,148,0,148,0,35,188,0,223,18,0,18,241
04/01/2016,SMO,CA,AWP,WE,Towers with Radar,0,44,42,0,86,0,6,149,0,155,0,50,191,0,241,89,0,89,330
04/02/2016,SMO,CA,AWP,WE,Towers with Radar,0,22,34,0,56,0,3,215,0,218,0,25,249,0,274,60,0,60,334
04/03/2016,SMO,CA,AWP,WE,Towers with Radar,0,30,46,0,76,0,4,116,0,120,0,34,162,0,196,14,0,14,210
04/04/2016,SMO,CA,AWP,WE,Towers with Radar,0,30,38,0,68,0,4,119,0,123,0,34,157,0,191,84,0,84,275
04/05/2016,SMO,CA,AWP,WE,Towers with Radar,0,26,50,0,76,0,0,129,10,139,0,26,179,10,215,41,0,41,256
04/06/2016,SMO,CA,AWP,WE,Towers with Radar,0,25,53,0,78,0,2,62,0,64,0,27,115,0,142,77,0,77,219
04/07/2016,SMO,CA,AWP,WE,Towers with Radar,0,21,48,0,69,0,1,72,10,83,0,22,120,10,152,122,0,122,274
04/08/2016,SMO,CA,AWP,WE,Towers with Radar,0,8,39,10,57,0,2,2,0,4,0,10,41,10,61,0,0,0,61
04/09/2016,SMO,CA,AWP,WE,Towers with Radar,0,7,36,0,43,0,0,8,0,8,0,7,44,0,51,0,0,0,51
04/10/2016,SMO,CA,AWP,WE,Towers with Radar,0,26,41,0,67,0,0,118,0,118,0,26,159,0,185,42,0,42,227
04/11/2016,SMO,CA,AWP,WE,Towers with Radar,0,24,42,0,66,0,3,97,0,100,0,27,139,0,166,71,0,71,237
04/12/2016,SMO,CA,AWP,WE,Towers with Radar,0,24,58,0,82,0,0,159,0,159,0,24,217,0,241,22,0,22,263
04/13/2016,SMO,CA,AWP,WE,Towers with Radar,0,29,60,0,89,0,0,100,0,100,0,29,160,0,189,51,0,51,240
04/14/2016,SMO,CA,AWP,WE,Towers with Radar,0,47,47,0,94,0,0,121,0,121,0,47,168,0,215,20,0,20,235
04/15/2016,SMO,CA,AWP,WE,Towers with Radar,0,32,35,0,67,0,5,61,0,66,0,37,96,0,133,2,0,2,135
04/16/2016,SMO,CA,AWP,WE,Towers with Radar,0,24,31,0,55,0,0,147,0,147,0,24,178,0,202,70,0,70,272
04/17/2016,SMO,CA,AWP,WE,Towers with Radar,0,35,40,0,75,0,1,145,0,146,0,36,185,0,221,38,0,38,259
04/18/2016,SMO,CA,AWP,WE,Towers with Radar,0,37,31,0,68,0,0,183,0,183,0,37,214,0,251,36,0,36,287
04/19/2016,SMO,CA,AWP,WE,Towers with Radar,0,35,51,0,86,0,2,199,0,201,0,37,250,0,287,48,0,48,335
04/20/2016,SMO,CA,AWP,WE,Towers with Radar,0,35,48,0,83,0,3,185,0,188,0,38,233,0,271,60,0,60,331
04/21/2016,SMO,CA,AWP,WE,Towers with Radar,0,39,42,0,81,0,2,152,0,154,0,41,194,0,235,40,0,40,275
04/22/2016,SMO,CA,AWP,WE,Towers with Radar,0,26,50,0,76,0,2,119,0,121,0,28,169,0,197,42,0,42,239
04/23/2016,SMO,CA,AWP,WE,Towers with Radar,0,11,24,0,35,0,1,118,0,119,0,12,142,0,154,10,0,10,164
04/24/2016,SMO,CA,AWP,WE,Towers with Radar,0,22,46,0,68,0,0,184,0,184,0,22,230,0,252,25,0,25,277
04/25/2016,SMO,CA,AWP,WE,Towers with Radar,0,30,30,0,60,0,0,80,0,80,0,30,110,0,140,38,0,38,178
04/26/2016,SMO,CA,AWP,WE,Towers with Radar,0,21,34,1,56,0,0,156,4,160,0,21,190,5,216,80,1,81,297
04/27/2016,SMO,CA,AWP,WE,Towers with Radar,0,22,54,0,76,0,3,110,0,113,0,25,164,0,189,69,0,69,258
04/28/2016,SMO,CA,AWP,WE,Towers with Radar,0,30,49,1,80,0,0,107,5,112,0,30,156,6,192,56,2,58,250
04/29/2016,SMO,CA,AWP,WE,Towers with Radar,0,22,77,0,99,0,0,79,0,79,0,22,156,0,178,35,0,35,213
04/30/2016,SMO,CA,AWP,WE,Towers with Radar,0,30,86,0,116,0,1,139,0,140,0,31,225,0,256,39,0,39,295
05/01/2016,SMO,CA,AWP,WE,Towers with Radar,0,50,120,0,170,0,5,151,0,156,0,55,271,0,326,38,0,38,364
05/02/2016,SMO,CA,AWP,WE,Towers with Radar,0,38,52,0,90,0,0,128,0,128,0,38,180,0,218,25,0,25,243
05/03/2016,SMO,CA,AWP,WE,Towers with Radar,0,34,60,0,94,0,2,124,0,126,0,36,184,0,220,52,0,52,272
05/04/2016,SMO,CA,AWP,WE,Towers with Radar,0,27,63,0,90,0,2,70,0,72,0,29,133,0,162,14,0,14,176
05/05/2016,SMO,CA,AWP,WE,Towers with Radar,0,27,81,2,110,0,3,96,0,99,0,30,177,2,209,91,0,91,300
05/06/2016,SMO,CA,AWP,WE,Towers with Radar,0,30,46,0,76,0,0,70,0,70,0,30,116,0,146,47,0,47,193
05/07/2016,SMO,CA,AWP,WE,Towers with Radar,0,16,32,0,48,0,2,108,0,110,0,18,140,0,158,40,0,40,198
05/08/2016,SMO,CA,AWP,WE,Towers with Radar,0,38,43,0,81,0,2,127,0,129,0,40,170,0,210,38,0,38,248
05/09/2016,SMO,CA,AWP,WE,Towers with Radar,0,23,66,0,89,0,1,111,0,112,0,24,177,0,201,89,0,89,290
05/10/2016,SMO,CA,AWP,WE,Towers with Radar,0,24,55,0,79,0,0,78,0,78,0,24,133,0,157,151,0,151,308
05/11/2016,SMO,CA,AWP,WE,Towers with Radar,0,22,72,0,94,0,0,65,0,65,0,22,137,0,159,24,0,24,183
05/12/2016,SMO,CA,AWP,WE,Towers with Radar,0,36,56,0,92,0,1,74,0,75,0,37,130,0,167,0,0,0,167
05/13/2016,SMO,CA,AWP,WE,Towers with Radar,0,28,81,0,109,0,3,66,0,69,0,31,147,0,178,36,0,36,214
05/14/2016,SMO,CA,AWP,WE,Towers with Radar,0,17,47,0,64,0,1,68,0,69,0,18,115,0,133,23,0,23,156
05/15/2016,SMO,CA,AWP,WE,Towers with Radar,0,31,55,0,86,0,1,108,0,109,0,32,163,0,195,60,0,60,255
05/16/2016,SMO,CA,AWP,WE,Towers with Radar,0,38,55,1,94,0,0,91,1,92,0,38,146,2,186,69,0,69,255
05/17/2016,SMO,CA,AWP,WE,Towers with Radar,0,21,51,1,73,0,0,105,0,105,0,21,156,1,178,48,0,48,226
05/18/2016,SMO,CA,AWP,WE,Towers with Radar,0,29,77,0,106,0,2,34,0,36,0,31,111,0,142,3,0,3,145
05/19/2016,SMO,CA,AWP,WE,Towers with Radar,0,32,78,0,110,0,0,47,0,47,0,32,125,0,157,0,0,0,157
05/20/2016,SMO,CA,AWP,WE,Towers with Radar,0,27,73,0,100,0,1,77,0,78,0,28,150,0,178,75,0,75,253
05/21/2016,SMO,CA,AWP,WE,Towers with Radar,0,24,39,0,63,0,0,174,0,174,0,24,213,0,237,23,0,23,260
05/22/2016,SMO,CA,AWP,WE,Towers with Radar,0,23,53,0,76,0,0,155,0,155,0,23,208,0,231,33,0,33,264
05/23/2016,SMO,CA,AWP,WE,Towers with Radar,0,35,46,0,81,0,1,109,0,110,0,36,155,0,191,97,0,97,288
05/24/2016,SMO,CA,AWP,WE,Towers with Radar,0,24,45,0,69,0,1,82,0,83,0,25,127,0,152,80,0,80,232
05/25/2016,SMO,CA,AWP,WE,Towers with Radar,0,39,56,1,96,0,2,122,0,124,0,41,178,1,220,55,0,55,275
05/26/2016,SMO,CA,AWP,WE,Towers with Radar,0,38,39,0,77,0,0,143,0,143,0,38,182,0,220,78,0,78,298
05/27/2016,SMO,CA,AWP,WE,Towers with Radar,0,38,72,0,110,0,0,96,0,96,0,38,168,0,206,49,0,49,255
05/28/2016,SMO,CA,AWP,WE,Towers with Radar,0,24,43,0,67,0,0,64,0,64,0,24,107,0,131,48,0,48,179
05/29/2016,SMO,CA,AWP,WE,Towers with Radar,0,21,38,0,59,0,5,99,0,104,0,26,137,0,163,45,0,45,208
05/30/2016,SMO,CA,AWP,WE,Towers with Radar,0,32,60,0,92,0,2,108,0,110,0,34,168,0,202,37,0,37,239
05/31/2016,SMO,CA,AWP,WE,Towers with Radar,0,32,69,0,101,0,3,48,0,51,0,35,117,0,152,4,0,4,156
06/01/2016,SMO,CA,AWP,WE,Towers with Radar,0,33,83,0,116,0,1,27,0,28,0,34,110,0,144,0,0,0,144
06/02/2016,SMO,CA,AWP,WE,Towers with Radar,0,49,62,0,111,0,0,43,0,43,0,49,105,0,154,0,0,0,154
06/03/2016,SMO,CA,AWP,WE,Towers with Radar,0,35,46,0,81,0,1,85,0,86,0,36,131,0,167,48,0,48,215
06/04/2016,SMO,CA,AWP,WE,Towers with Radar,0,11,66,0,77,0,0,57,0,57,0,11,123,0,134,14,0,14,148
06/05/2016,SMO,CA,AWP,WE,Towers with Radar,0,21,56,0,77,0,0,13,0,13,0,21,69,0,90,2,0,2,92
06/06/2016,SMO,CA,AWP,WE,Towers with Radar,0,23,58,0,81,0,0,70,0,70,0,23,128,0,151,86,0,86,237
06/07/2016,SMO,CA,AWP,WE,Towers with Radar,0,23,69,0,92,0,0,81,0,81,0,23,150,0,173,47,0,47,220
06/08/2016,SMO,CA,AWP,WE,Towers with Radar,0,33,49,0,82,0,0,82,0,82,0,33,131,0,164,35,0,35,199
06/09/2016,SMO,CA,AWP,WE,Towers with Radar,0,31,80,0,111,0,0,23,0,23,0,31,103,0,134,6,0,6,140
06/10/2016,SMO,CA,AWP,WE,Towers with Radar,0,34,63,0,97,0,0,74,0,74,0,34,137,0,171,78,0,78,249
06/11/2016,SMO,CA,AWP,WE,Towers with Radar,0,29,59,1,89,0,0,40,0,40,0,29,99,1,129,32,0,32,161
06/12/2016,SMO,CA,AWP,WE,Towers with Radar,0,26,49,0,75,0,0,77,0,77,0,26,126,0,152,58,0,58,210
06/13/2016,SMO,CA,AWP,WE,Towers with Radar,0,33,60,0,93,0,0,71,0,71,0,33,131,0,164,56,0,56,220
06/14/2016,SMO,CA,AWP,WE,Towers with Radar,0,26,90,0,116,0,3,43,0,46,0,29,133,0,162,42,0,42,204
06/15/2016,SMO,CA,AWP,WE,Towers with Radar,0,35,62,1,98,0,1,76,0,77,0,36,138,1,175,146,1,147,322
06/16/2016,SMO,CA,AWP,WE,Towers with Radar,0,46,40,0,86,0,1,167,0,168,0,47,207,0,254,45,0,45,299
06/17/2016,SMO,CA,AWP,WE,Towers with Radar,0,35,43,0,78,0,0,132,0,132,0,35,175,0,210,99,0,99,309
06/18/2016,SMO,CA,AWP,WE,Towers with Radar,0,18,42,0,60,0,0,150,0,150,0,18,192,0,210,27,0,27,237
06/19/2016,SMO,CA,AWP,WE,Towers with Radar,0,36,30,0,66,0,1,130,0,131,0,37,160,0,197,32,0,32,229
06/20/2016,SMO,CA,AWP,WE,Towers with Radar,0,23,33,0,56,0,8,99,0,107,0,31,132,0,163,87,0,87,250
06/21/2016,SMO,CA,AWP,WE,Towers with Radar,0,24,41,0,65,0,1,139,0,140,0,25,180,0,205,62,0,62,267
06/22/2016,SMO,CA,AWP,WE,Towers with Radar,0,25,40,0,65,0,0,88,0,88,0,25,128,0,153,56,0,56,209
06/23/2016,SMO,CA,AWP,WE,Towers with Radar,0,26,40,0,66,0,1,90,0,91,0,27,130,0,157,79,0,79,236
06/24/2016,SMO,CA,AWP,WE,Towers with Radar,0,35,48,0,83,0,9,84,0,93,0,44,132,0,176,41,0,41,217
06/25/2016,SMO,CA,AWP,WE,Towers with Radar,0,9,22,0,31,0,2,133,0,135,0,11,155,0,166,39,0,39,205
06/26/2016,SMO,CA,AWP,WE,Towers with Radar,0,28,48,0,76,0,0,73,0,73,0,28,121,0,149,2,0,2,151
06/27/2016,SMO,CA,AWP,WE,Towers with Radar,0,16,50,0,66,0,4,92,0,96,0,20,142,0,162,84,0,84,246
06/28/2016,SMO,CA,AWP,WE,Towers with Radar,0,17,39,0,56,0,4,102,0,106,0,21,141,0,162,40,0,40,202
06/29/2016,SMO,CA,AWP,WE,Towers with Radar,0,22,40,0,62,0,3,98,0,101,0,25,138,0,163,14,0,14,177
06/30/2016,SMO,CA,AWP,WE,Towers with Radar,0,32,48,0,80,0,2,147,0,149,0,34,195,0,229,33,0,33,262
07/01/2016,SMO,CA,AWP,WE,Towers with Radar,0,39,56,0,95,0,0,82,0,82,0,39,138,0,177,34,0,34,211
07/02/2016,SMO,CA,AWP,WE,Towers with Radar,0,24,36,2,62,0,0,86,2,88,0,24,122,4,150,45,2,47,197
07/03/2016,SMO,CA,AWP,WE,Towers with Radar,0,15,29,0,44,0,0,93,0,93,0,15,122,0,137,12,0,12,149
07/04/2016,SMO,CA,AWP,WE,Towers with Radar,0,16,22,0,38,0,0,80,0,80,0,16,102,0,118,6,0,6,124
07/05/2016,SMO,CA,AWP,WE,Towers with Radar,0,20,73,0,93,0,0,95,0,95,0,20,168,0,188,73,0,73,261
07/06/2016,SMO,CA,AWP,WE,Towers with Radar,0,23,38,0,61,0,0,105,0,105,0,23,143,0,166,78,0,78,244
07/07/2016,SMO,CA,AWP,WE,Towers with Radar,0,18,55,1,74,0,0,121,1,122,0,18,176,2,196,64,0,64,260
07/08/2016,SMO,CA,AWP,WE,Towers with Radar,0,33,46,0,79,0,0,139,0,139,0,33,185,0,218,89,0,89,307
07/09/2016,SMO,CA,AWP,WE,Towers with Radar,0,19,37,0,56,0,0,158,0,158,0,19,195,0,214,16,0,16,230
07/10/2016,SMO,CA,AWP,WE,Towers with Radar,0,38,55,0,93,0,0,155,0,155,0,38,210,0,248,54,0,54,302
07/11/2016,SMO,CA,AWP,WE,Towers with Radar,0,27,47,0,74,0,2,99,0,101,0,29,146,0,175,80,0,80,255
07/12/2016,SMO,CA,AWP,WE,Towers with Radar,0,22,54,0,76,0,0,133,0,133,0,22,187,0,209,65,0,65,274
07/13/2016,SMO,CA,AWP,WE,Towers with Radar,0,34,47,0,81,0,0,129,0,129,0,34,176,0,210,83,0,83,293
07/14/2016,SMO,CA,AWP,WE,Towers with Radar,0,32,54,0,86,0,0,95,0,95,0,32,149,0,181,54,0,54,235
07/15/2016,SMO,CA,AWP,WE,Towers with Radar,0,26,43,0,69,0,1,143,0,144,0,27,186,0,213,44,0,44,257
07/16/2016,SMO,CA,AWP,WE,Towers with Radar,0,16,36,0,52,0,0,142,0,142,0,16,178,0,194,42,0,42,236
07/17/2016,SMO,CA,AWP,WE,Towers with Radar,0,16,30,0,46,0,0,152,0,152,0,16,182,0,198,39,0,39,237
07/18/2016,SMO,CA,AWP,WE,Towers with Radar,0,33,46,0,79,0,6,122,0,128,0,39,168,0,207,86,0,86,293
07/19/2016,SMO,CA,AWP,WE,Towers with Radar,0,21,38,0,59,0,1,112,0,113,0,22,150,0,172,103,0,103,275
07/20/2016,SMO,CA,AWP,WE,Towers with Radar,0,44,29,0,73,0,0,143,0,143,0,44,172,0,216,67,0,67,283
07/21/2016,SMO,CA,AWP,WE,Towers with Radar,0,25,24,0,49,0,0,149,0,149,0,25,173,0,198,114,0,114,312
07/22/2016,SMO,CA,AWP,WE,Towers with Radar,0,25,40,0,65,0,0,132,0,132,0,25,172,0,197,104,0,104,301
07/23/2016,SMO,CA,AWP,WE,Towers with Radar,0,18,36,2,56,0,0,142,1,143,0,18,178,3,199,40,0,40,239
07/24/2016,SMO,CA,AWP,WE,Towers with Radar,0,25,41,0,66,0,2,118,0,120,0,27,159,0,186,80,0,80,266
07/25/2016,SMO,CA,AWP,WE,Towers with Radar,0,32,46,0,78,0,0,104,0,104,0,32,150,0,182,36,0,36,218
07/26/2016,SMO,CA,AWP,WE,Towers with Radar,0,28,34,0,62,0,0,126,0,126,0,28,160,0,188,70,0,70,258
07/27/2016,SMO,CA,AWP,WE,Towers with Radar,0,12,53,0,65,0,0,142,2,144,0,12,195,2,209,116,0,116,325
07/28/2016,SMO,CA,AWP,WE,Towers with Radar,0,27,45,0,72,0,1,119,0,120,0,28,164,0,192,46,0,46,238
07/29/2016,SMO,CA,AWP,WE,Towers with Radar,0,25,49,0,74,0,2,143,0,145,0,27,192,0,219,37,0,37,256
07/30/2016,SMO,CA,AWP,WE,Towers with Radar,0,27,33,0,60,0,1,147,0,148,0,28,180,0,208,44,0,44,252
07/31/2016,SMO,CA,AWP,WE,Towers with Radar,0,30,48,0,78,0,2,112,0,114,0,32,160,0,192,20,0,20,212
08/01/2016,SMO,CA,AWP,WE,Towers with Radar,0,21,39,0,60,0,3,126,0,129,0,24,165,0,189,66,0,66,255
08/02/2016,SMO,CA,AWP,WE,Towers with Radar,0,26,41,0,67,0,3,98,0,101,0,29,139,0,168,51,0,51,219
08/03/2016,SMO,CA,AWP,WE,Towers with Radar,0,25,48,0,73,0,2,121,0,123,0,27,169,0,196,106,0,106,302
08/04/2016,SMO,CA,AWP,WE,Towers with Radar,0,22,46,0,68,0,2,110,0,112,0,24,156,0,180,74,0,74,254
08/05/2016,SMO,CA,AWP,WE,Towers with Radar,0,31,63,0,94,0,1,122,0,123,0,32,185,0,217,10,0,10,227
08/06/2016,SMO,CA,AWP,WE,Towers with Radar,0,16,42,0,58,0,3,130,0,133,0,19,172,0,191,24,0,24,215
08/07/2016,SMO,CA,AWP,WE,Towers with Radar,0,29,60,0,89,0,0,134,0,134,0,29,194,0,223,10,0,10,233
08/08/2016,SMO,CA,AWP,WE,Towers with Radar,0,31,64,0,95,0,0,107,0,107,0,31,171,0,202,40,0,40,242
08/09/2016,SMO,CA,AWP,WE,Towers with Radar,0,33,53,0,86,0,1,88,0,89,0,34,141,0,175,79,0,79,254
08/10/2016,SMO,CA,AWP,WE,Towers with Radar,0,45,66,0,111,0,0,105,0,105,0,45,171,0,216,71,0,71,287
08/11/2016,SMO,CA,AWP,WE,Towers with Radar,0,26,58,0,84,0,6,156,0,162,0,32,214,0,246,69,0,69,315
08/12/2016,SMO,CA,AWP,WE,Towers with Radar,0,42,41,0,83,0,4,169,0,173,0,46,210,0,256,42,0,42,298
08/13/2016,SMO,CA,AWP,WE,Towers with Radar,0,24,29,0,53,0,2,150,0,152,0,26,179,0,205,35,0,35,240
08/14/2016,SMO,CA,AWP,WE,Towers with Radar,0,52,23,0,75,0,0,157,1,158,0,52,180,1,233,23,0,23,256
08/15/2016,SMO,CA,AWP,WE,Towers with Radar,0,38,38,0,76,0,1,116,0,117,0,39,154,0,193,46,0,46,239
08/16/2016,SMO,CA,AWP,WE,Towers with Radar,0,26,46,0,72,0,3,157,0,160,0,29,203,0,232,104,0,104,336
08/17/2016,SMO,CA,AWP,WE,Towers with Radar,0,29,44,0,73,0,1,136,0,137,0,30,180,0,210,131,0,131,341
08/18/2016,SMO,CA,AWP,WE,Towers with Radar,0,38,47,0,85,0,0,133,0,133,0,38,180,0,218,54,0,54,272
08/19/2016,SMO,CA,AWP,WE,Towers with Radar,0,29,39,0,68,0,2,143,0,145,0,31,182,0,213,111,0,111,324
08/20/2016,SMO,CA,AWP,WE,Towers with Radar,0,28,36,0,64,0,0,141,0,141,0,28,177,0,205,31,0,31,236
08/21/2016,SMO,CA,AWP,WE,Towers with Radar,0,30,50,0,80,0,2,203,0,205,0,32,253,0,285,21,0,21,306
08/22/2016,SMO,CA,AWP,WE,Towers with Radar,0,34,30,0,64,0,2,106,0,108,0,36,136,0,172,29,0,29,201
08/23/2016,SMO,CA,AWP,WE,Towers with Radar,0,25,33,0,58,0,0,125,0,125,0,25,158,0,183,52,0,52,235
08/24/2016,SMO,CA,AWP,WE,Towers with Radar,0,28,41,0,69,0,0,165,0,165,0,28,206,0,234,30,0,30,264
08/25/2016,SMO,CA,AWP,WE,Towers with Radar,0,32,49,0,81,0,0,148,0,148,0,32,197,0,229,63,0,63,292
08/26/2016,SMO,CA,AWP,WE,Towers with Radar,0,33,41,0,74,0,0,136,0,136,0,33,177,0,210,87,0,87,297
08/27/2016,SMO,CA,AWP,WE,Towers with Radar,0,28,46,0,74,0,1,142,0,143,0,29,188,0,217,62,0,62,279
08/28/2016,SMO,CA,AWP,WE,Towers with Radar,0,31,44,0,75,0,0,148,0,148,0,31,192,0,223,26,0,26,249
08/29/2016,SMO,CA,AWP,WE,Towers with Radar,0,15,46,0,61,0,1,134,0,135,0,16,180,0,196,46,0,46,242
08/30/2016,SMO,CA,AWP,WE,Towers with Radar,0,29,35,0,64,0,4,158,0,162,0,33,193,0,226,96,0,96,322
08/31/2016,SMO,CA,AWP,WE,Towers with Radar,0,23,58,1,82,0,0,101,0,101,0,23,159,1,183,44,0,44,227
09/01/2016,SMO,CA,AWP,WE,Towers with Radar,0,32,42,0,74,0,1,152,0,153,0,33,194,0,227,58,4,62,289
09/02/2016,SMO,CA,AWP,WE,Towers with Radar,0,30,61,0,91,0,0,140,1,141,0,30,201,1,232,53,0,53,285
09/03/2016,SMO,CA,AWP,WE,Towers with Radar,0,14,24,0,38,0,2,140,0,142,0,16,164,0,180,53,0,53,233
09/04/2016,SMO,CA,AWP,WE,Towers with Radar,0,10,32,0,42,0,2,117,1,120,0,12,149,1,162,25,0,25,187
09/05/2016,SMO,CA,AWP,WE,Towers with Radar,0,19,49,0,68,0,0,123,0,123,0,19,172,0,191,12,0,12,203
09/06/2016,SMO,CA,AWP,WE,Towers with Radar,0,24,45,0,69,0,0,127,0,127,0,24,172,0,196,60,0,60,256
09/07/2016,SMO,CA,AWP,WE,Towers with Radar,0,32,53,0,85,0,1,89,0,90,0,33,142,0,175,10,0,10,185
09/08/2016,SMO,CA,AWP,WE,Towers with Radar,0,31,41,0,72,0,0,153,0,153,0,31,194,0,225,103,0,103,328
09/09/2016,SMO,CA,AWP,WE,Towers with Radar,0,36,54,0,90,0,3,175,0,178,0,39,229,0,268,65,0,65,333
09/10/2016,SMO,CA,AWP,WE,Towers with Radar,0,18,33,0,51,0,0,138,0,138,0,18,171,0,189,43,0,43,232
09/11/2016,SMO,CA,AWP,WE,Towers with Radar,0,18,52,0,70,0,0,114,0,114,0,18,166,0,184,26,0,26,210
09/12/2016,SMO,CA,AWP,WE,Towers with Radar,0,27,72,0,99,0,3,67,3,73,0,30,139,3,172,62,0,62,234
09/13/2016,SMO,CA,AWP,WE,Towers with Radar,0,12,56,0,68,0,4,105,0,109,0,16,161,0,177,91,0,91,268
09/14/2016,SMO,CA,AWP,WE,Towers with Radar,0,25,37,0,62,0,2,146,0,148,0,27,183,0,210,126,0,126,336
09/15/2016,SMO,CA,AWP,WE,Towers with Radar,0,31,42,0,73,0,0,155,2,157,0,31,197,2,230,27,0,27,257
09/16/2016,SMO,CA,AWP,WE,Towers with Radar,0,20,41,0,61,0,5,130,0,135,0,25,171,0,196,68,0,68,264
09/17/2016,SMO,CA,AWP,WE,Towers with Radar,0,23,21,0,44,0,1,145,2,148,0,24,166,2,192,82,0,82,274
09/18/2016,SMO,CA,AWP,WE,Towers with Radar,0,31,48,0,79,0,1,84,0,85,0,32,132,0,164,24,0,24,188
09/19/2016,SMO,CA,AWP,WE,Towers with Radar,0,25,45,0,70,0,2,75,1,78,0,27,120,1,148,20,0,20,168
09/20/2016,SMO,CA,AWP,WE,Towers with Radar,0,22,44,0,66,0,3,109,1,113,0,25,153,1,179,26,0,26,205
09/21/2016,SMO,CA,AWP,WE,Towers with Radar,0,29,44,0,73,0,1,155,0,156,0,30,199,0,229,129,0,129,358
09/22/2016,SMO,CA,AWP,WE,Towers with Radar,0,45,47,0,92,0,4,76,0,80,0,49,123,0,172,51,0,51,223
09/23/2016,SMO,CA,AWP,WE,Towers with Radar,0,27,40,0,67,0,2,130,0,132,0,29,170,0,199,82,0,82,281
09/24/2016,SMO,CA,AWP,WE,Towers with Radar,0,17,21,0,38,0,1,170,0,171,0,18,191,0,209,102,0,102,311
09/25/2016,SMO,CA,AWP,WE,Towers with Radar,0,22,42,0,64,0,11,150,0,161,0,33,192,0,225,62,0,62,287
09/26/2016,SMO,CA,AWP,WE,Towers with Radar,0,31,45,0,76,0,2,88,2,92,0,33,133,2,168,54,0,54,222
09/27/2016,SMO,CA,AWP,WE,Towers with Radar,0,28,35,0,63,0,0,142,0,142,0,28,177,0,205,58,0,58,263
09/28/2016,SMO,CA,AWP,WE,Towers with Radar,0,36,46,0,82,0,2,168,0,170,0,38,214,0,252,107,0,107,359
09/29/2016,SMO,CA,AWP,WE,Towers with Radar,0,20,47,0,67,0,2,155,0,157,0,22,202,0,224,79,0,79,303
09/30/2016,SMO,CA,AWP,WE,Towers with Radar,0,35,46,0,81,0,0,177,0,177,0,35,223,0,258,99,0,99,357
10/01/2016,SMO,CA,AWP,WE,Towers with Radar,0,24,21,0,45,0,0,206,0,206,0,24,227,0,251,136,0,136,387
10/02/2016,SMO,CA,AWP,WE,Towers with Radar,0,26,36,0,62,0,2,84,0,86,0,28,120,0,148,48,0,48,196
10/03/2016,SMO,CA,AWP,WE,Towers with Radar,0,24,34,0,58,0,7,87,0,94,0,31,121,0,152,68,0,68,220
10/04/2016,SMO,CA,AWP,WE,Towers with Radar,0,31,35,0,66,0,0,127,0,127,0,31,162,0,193,108,0,108,301
10/05/2016,SMO,CA,AWP,WE,Towers with Radar,0,29,45,0,74,0,0,148,0,148,0,29,193,0,222,62,0,62,284
10/06/2016,SMO,CA,AWP,WE,Towers with Radar,0,24,47,0,71,0,3,163,0,166,0,27,210,0,237,116,0,116,353
10/07/2016,SMO,CA,AWP,WE,Towers with Radar,0,55,59,0,114,0,0,184,0,184,0,55,243,0,298,95,0,95,393
10/08/2016,SMO,CA,AWP,WE,Towers with Radar,0,26,17,0,43,0,1,207,0,208,0,27,224,0,251,52,0,52,303
10/09/2016,SMO,CA,AWP,WE,Towers with Radar,0,30,44,0,74,0,0,167,0,167,0,30,211,0,241,76,0,76,317
10/10/2016,SMO,CA,AWP,WE,Towers with Radar,0,24,35,0,59,0,5,139,0,144,0,29,174,0,203,75,0,75,278
10/11/2016,SMO,CA,AWP,WE,Towers with Radar,0,14,47,0,61,0,1,74,0,75,0,15,121,0,136,63,0,63,199
10/12/2016,SMO,CA,AWP,WE,Towers with Radar,0,24,41,0,65,0,4,68,0,72,0,28,109,0,137,148,0,148,285
10/13/2016,SMO,CA,AWP,WE,Towers with Radar,0,49,60,0,109,0,3,99,0,102,0,52,159,0,211,43,0,43,254
10/14/2016,SMO,CA,AWP,WE,Towers with Radar,0,44,77,0,121,0,1,108,0,109,0,45,185,0,230,62,0,62,292
10/15/2016,SMO,CA,AWP,WE,Towers with Radar,0,30,42,0,72,0,3,87,0,90,0,33,129,0,162,46,0,46,208
10/16/2016,SMO,CA,AWP,WE,Towers with Radar,0,31,53,0,84,0,2,69,0,71,0,33,122,0,155,30,0,30,185
10/17/2016,SMO,CA,AWP,WE,Towers with Radar,0,21,40,0,61,0,2,46,0,48,0,23,86,0,109,42,0,42,151
10/18/2016,SMO,CA,AWP,WE,Towers with Radar,0,34,28,0,62,0,0,142,0,142,0,34,170,0,204,70,0,70,274
10/19/2016,SMO,CA,AWP,WE,Towers with Radar,0,29,43,0,72,0,0,108,0,108,0,29,151,0,180,136,0,136,316
10/20/2016,SMO,CA,AWP,WE,Towers with Radar,0,38,66,0,104,0,4,133,0,137,0,42,199,0,241,84,0,84,325
10/21/2016,SMO,CA,AWP,WE,Towers with Radar,0,48,41,0,89,0,1,152,10,163,0,49,193,10,252,127,0,127,379
10/22/2016,SMO,CA,AWP,WE,Towers with Radar,0,20,16,0,36,0,4,173,0,177,0,24,189,0,213,58,0,58,271
10/23/2016,SMO,CA,AWP,WE,Towers with Radar,0,29,43,0,72,0,2,106,0,108,0,31,149,0,180,59,0,59,239
10/24/2016,SMO,CA,AWP,WE,Towers with Radar,0,14,16,0,30,0,3,45,0,48,0,17,61,0,78,23,0,23,101
10/25/2016,SMO,CA,AWP,WE,Towers with Radar,0,15,25,0,40,0,3,82,6,91,0,18,107,6,131,62,0,62,193
10/26/2016,SMO,CA,AWP,WE,Towers with Radar,0,42,36,0,78,0,0,129,2,131,0,42,165,2,209,189,0,189,398
10/27/2016,SMO,CA,AWP,WE,Towers with Radar,0,40,46,0,86,0,0,110,2,112,0,40,156,2,198,95,0,95,293
10/28/2016,SMO,CA,AWP,WE,Towers with Radar,0,31,43,0,74,0,2,83,0,85,0,33,126,0,159,88,0,88,247
10/29/2016,SMO,CA,AWP,WE,Towers with Radar,0,25,26,0,51,0,0,136,0,136,0,25,162,0,187,30,0,30,217
10/30/2016,SMO,CA,AWP,WE,Towers with Radar,0,12,38,0,50,0,0,61,0,61,0,12,99,0,111,86,0,86,197
10/31/2016,SMO,CA,AWP,WE,Towers with Radar,0,24,29,0,53,0,2,112,0,114,0,26,141,0,167,60,0,60,227
11/01/2016,SMO,CA,AWP,WE,Towers with Radar,0,20,53,0,73,0,0,115,0,115,0,20,168,0,188,149,0,149,337
11/02/2016,SMO,CA,AWP,WE,Towers with Radar,0,27,31,0,58,0,2,126,0,128,0,29,157,0,186,79,0,79,265
11/03/2016,SMO,CA,AWP,WE,Towers with Radar,0,30,37,0,67,0,2,142,0,144,0,32,179,0,211,76,0,76,287
11/04/2016,SMO,CA,AWP,WE,Towers with Radar,0,29,43,0,72,0,0,166,0,166,0,29,209,0,238,84,0,84,322
11/05/2016,SMO,CA,AWP,WE,Towers with Radar,0,21,39,0,60,0,1,152,0,153,0,22,191,0,213,34,0,34,247
11/06/2016,SMO,CA,AWP,WE,Towers with Radar,0,19,39,0,58,0,0,120,0,120,0,19,159,0,178,38,0,38,216
11/07/2016,SMO,CA,AWP,WE,Towers with Radar,0,12,39,0,51,0,0,85,0,85,0,12,124,0,136,81,0,81,217
11/08/2016,SMO,CA,AWP,WE,Towers with Radar,0,27,38,0,65,0,0,186,0,186,0,27,224,0,251,85,0,85,336
11/09/2016,SMO,CA,AWP,WE,Towers with Radar,0,44,39,0,83,0,4,153,0,157,0,48,192,0,240,59,0,59,299
11/10/2016,SMO,CA,AWP,WE,Towers with Radar,0,41,44,0,85,0,0,136,0,136,0,41,180,0,221,49,0,49,270
11/11/2016,SMO,CA,AWP,WE,Towers with Radar,0,31,42,0,73,0,3,155,0,158,0,34,197,0,231,40,0,40,271
11/12/2016,SMO,CA,AWP,WE,Towers with Radar,0,14,26,0,40,0,2,143,1,146,0,16,169,1,186,31,0,31,217
11/13/2016,SMO,CA,AWP,WE,Towers with Radar,0,27,38,0,65,0,2,143,0,145,0,29,181,0,210,54,0,54,264
11/14/2016,SMO,CA,AWP,WE,Towers with Radar,0,22,32,0,54,0,4,122,0,126,0,26,154,0,180,49,0,49,229
11/15/2016,SMO,CA,AWP,WE,Towers with Radar,0,26,34,0,60,0,2,146,0,148,0,28,180,0,208,84,0,84,292
11/16/2016,SMO,CA,AWP,WE,Towers with Radar,0,26,65,0,91,0,0,69,0,69,0,26,134,0,160,46,0,46,206
11/17/2016,SMO,CA,AWP,WE,Towers with Radar,0,41,46,0,87,0,1,145,0,146,0,42,191,0,233,56,0,56,289
11/18/2016,SMO,CA,AWP,WE,Towers with Radar,0,36,44,0,80,0,0,160,0,160,0,36,204,0,240,82,0,82,322
11/19/2016,SMO,CA,AWP,WE,Towers with Radar,0,21,24,0,45,0,1,151,0,152,0,22,175,0,197,62,0,62,259
11/20/2016,SMO,CA,AWP,WE,Towers with Radar,0,29,56,0,85,0,2,42,0,44,0,31,98,0,129,22,0,22,151
11/21/2016,SMO,CA,AWP,WE,Towers with Radar,0,23,48,0,71,0,1,100,0,101,0,24,148,0,172,40,0,40,212
11/22/2016,SMO,CA,AWP,WE,Towers with Radar,0,45,62,1,108,0,0,144,0,144,0,45,206,1,252,46,1,47,299
11/23/2016,SMO,CA,AWP,WE,Towers with Radar,0,31,48,0,79,0,6,140,0,146,0,37,188,0,225,66,0,66,291
11/24/2016,SMO,CA,AWP,WE,Towers with Radar,0,18,16,0,34,0,1,63,0,64,0,19,79,0,98,0,0,0,98
11/25/2016,SMO,CA,AWP,WE,Towers with Radar,0,9,25,0,34,0,0,144,0,144,0,9,169,0,178,26,0,26,204
11/26/2016,SMO,CA,AWP,WE,Towers with Radar,0,25,43,0,68,0,0,35,0,35,0,25,78,0,103,8,0,8,111
11/27/2016,SMO,CA,AWP,WE,Towers with Radar,0,21,47,0,68,0,0,28,0,28,0,21,75,0,96,4,0,4,100
11/28/2016,SMO,CA,AWP,WE,Towers with Radar,0,25,44,0,69,0,1,73,0,74,0,26,117,0,143,38,0,38,181
11/29/2016,SMO,CA,AWP,WE,Towers with Radar,0,20,34,0,54,0,0,116,0,116,0,20,150,0,170,117,0,117,287
11/30/2016,SMO,CA,AWP,WE,Towers with Radar,0,24,43,0,67,0,0,157,0,157,0,24,200,0,224,51,0,51,275
12/01/2016,SMO,CA,AWP,WE,Towers with Radar,0,24,49,0,73,0,0,143,0,143,0,24,192,0,216,73,0,73,289
12/02/2016,SMO,CA,AWP,WE,Towers with Radar,0,23,22,0,45,0,2,57,0,59,0,25,79,0,104,0,0,0,104
12/03/2016,SMO,CA,AWP,WE,Towers with Radar,0,27,26,0,53,0,1,98,0,99,0,28,124,0,152,67,0,67,219
12/04/2016,SMO,CA,AWP,WE,Towers with Radar,0,30,24,0,54,0,5,148,0,153,0,35,172,0,207,60,0,60,267
12/05/2016,SMO,CA,AWP,WE,Towers with Radar,0,33,48,0,81,0,0,124,0,124,0,33,172,0,205,54,0,54,259
12/06/2016,SMO,CA,AWP,WE,Towers with Radar,0,23,53,0,76,0,0,120,0,120,0,23,173,0,196,119,0,119,315
12/07/2016,SMO,CA,AWP,WE,Towers with Radar,0,15,31,0,46,0,0,133,0,133,0,15,164,0,179,113,0,113,292
12/08/2016,SMO,CA,AWP,WE,Towers with Radar,0,37,47,0,84,0,0,161,0,161,0,37,208,0,245,147,0,147,392
12/09/2016,SMO,CA,AWP,WE,Towers with Radar,0,28,66,0,94,0,0,111,0,111,0,28,177,0,205,47,0,47,252
12/10/2016,SMO,CA,AWP,WE,Towers with Radar,0,30,48,0,78,0,4,45,0,49,0,34,93,0,127,25,0,25,152
12/11/2016,SMO,CA,AWP,WE,Towers with Radar,0,34,58,0,92,0,0,18,0,18,0,34,76,0,110,22,0,22,132
12/12/2016,SMO,CA,AWP,WE,Towers with Radar,0,18,44,0,62,0,1,49,0,50,0,19,93,0,112,14,0,14,126
12/13/2016,SMO,CA,AWP,WE,Towers with Radar,0,24,48,0,72,0,1,60,0,61,0,25,108,0,133,44,0,44,177
12/14/2016,SMO,CA,AWP,WE,Towers with Radar,0,29,45,0,74,0,0,128,0,128,0,29,173,0,202,68,0,68,270
12/15/2016,SMO,CA,AWP,WE,Towers with Radar,0,26,61,0,87,0,0,30,0,30,0,26,91,0,117,16,0,16,133
12/16/2016,SMO,CA,AWP,WE,Towers with Radar,0,27,44,0,71,0,0,37,0,37,0,27,81,0,108,6,0,6,114
12/17/2016,SMO,CA,AWP,WE,Towers with Radar,0,24,22,0,46,0,4,121,0,125,0,28,143,0,171,62,0,62,233
12/18/2016,SMO,CA,AWP,WE,Towers with Radar,0,27,25,0,52,0,8,126,0,134,0,35,151,0,186,39,0,39,225
12/19/2016,SMO,CA,AWP,WE,Towers with Radar,0,22,32,0,54,0,5,93,0,98,0,27,125,0,152,35,0,35,187
12/20/2016,SMO,CA,AWP,WE,Towers with Radar,0,17,29,0,46,0,0,149,0,149,0,17,178,0,195,69,0,69,264
12/21/2016,SMO,CA,AWP,WE,Towers with Radar,0,13,36,0,49,0,0,129,0,129,0,13,165,0,178,114,0,114,292
12/22/2016,SMO,CA,AWP,WE,Towers with Radar,0,35,24,0,59,0,0,60,0,60,0,35,84,0,119,71,0,71,190
12/23/2016,SMO,CA,AWP,WE,Towers with Radar,0,17,31,0,48,0,2,5,0,7,0,19,36,0,55,0,0,0,55
12/24/2016,SMO,CA,AWP,WE,Towers with Radar,0,15,16,0,31,0,1,30,0,31,0,16,46,0,62,8,0,8,70
12/25/2016,SMO,CA,AWP,WE,Towers with Radar,0,13,9,0,22,0,2,45,0,47,0,15,54,0,69,0,0,0,69
12/26/2016,SMO,CA,AWP,WE,Towers with Radar,0,27,31,0,58,0,9,109,0,118,0,36,140,0,176,60,0,60,236
12/27/2016,SMO,CA,AWP,WE,Towers with Radar,0,29,23,0,52,0,12,129,0,141,0,41,152,0,193,70,0,70,263
12/28/2016,SMO,CA,AWP,WE,Towers with Radar,0,18,7,0,25,0,10,175,0,185,0,28,182,0,210,79,0,79,289
12/29/2016,SMO,CA,AWP,WE,Towers with Radar,0,14,13,0,27,0,0,135,0,135,0,14,148,0,162,80,0,80,242
12/30/2016,SMO,CA,AWP,WE,Towers with Radar,0,20,27,0,47,0,0,25,0,25,0,20,52,0,72,29,0,29,101
12/31/2016,SMO,CA,AWP,WE,Towers with Radar,0,13,30,0,43,0,1,9,0,10,0,14,39,0,53,2,0,2,55
01/01/2017,SMO,CA,AWP,WE,Towers with Radar,0,21,34,0,55,0,5,110,0,115,0,26,144,0,170,43,0,43,213
01/02/2017,SMO,CA,AWP,WE,Towers with Radar,0,32,53,0,85,0,3,44,0,47,0,35,97,0,132,26,0,26,158
01/03/2017,SMO,CA,AWP,WE,Towers with Radar,0,35,36,0,71,0,3,76,0,79,0,38,112,0,150,97,0,97,247
01/04/2017,SMO,CA,AWP,WE,Towers with Radar,0,29,46,2,77,0,7,41,0,48,0,36,87,2,125,72,0,72,197
01/05/2017,SMO,CA,AWP,WE,Towers with Radar,0,16,22,0,38,0,0,1,0,1,0,16,23,0,39,0,0,0,39
01/06/2017,SMO,CA,AWP,WE,Towers with Radar,0,40,59,0,99,0,2,113,0,115,0,42,172,0,214,101,0,101,315
01/07/2017,SMO,CA,AWP,WE,Towers with Radar,0,11,22,0,33,0,0,70,0,70,0,11,92,0,103,47,0,47,150
01/08/2017,SMO,CA,AWP,WE,Towers with Radar,0,20,36,0,56,0,1,99,0,100,0,21,135,0,156,44,0,44,200
01/09/2017,SMO,CA,AWP,WE,Towers with Radar,0,15,32,0,47,0,0,14,0,14,0,15,46,0,61,4,0,4,65
01/10/2017,SMO,CA,AWP,WE,Towers with Radar,0,20,38,0,58,0,0,5,0,5,0,20,43,0,63,6,0,6,69
01/11/2017,SMO,CA,AWP,WE,Towers with Radar,0,21,46,0,67,0,0,46,0,46,0,21,92,0,113,11,0,11,124
01/12/2017,SMO,CA,AWP,WE,Towers with Radar,0,14,45,0,59,0,0,4,0,4,0,14,49,0,63,2,0,2,65
01/13/2017,SMO,CA,AWP,WE,Towers with Radar,0,48,75,0,123,0,2,98,0,100,0,50,173,0,223,60,0,60,283
01/14/2017,SMO,CA,AWP,WE,Towers with Radar,0,25,17,0,42,0,0,174,0,174,0,25,191,0,216,42,0,42,258
01/15/2017,SMO,CA,AWP,WE,Towers with Radar,0,19,31,0,50,0,0,72,0,72,0,19,103,0,122,42,0,42,164
01/16/2017,SMO,CA,AWP,WE,Towers with Radar,0,35,40,0,75,0,8,156,0,164,0,43,196,0,239,118,0,118,357
01/17/2017,SMO,CA,AWP,WE,Towers with Radar,0,34,38,0,72,0,0,144,0,144,0,34,182,0,216,78,0,78,294
01/18/2017,SMO,CA,AWP,WE,Towers with Radar,0,28,46,0,74,0,2,70,0,72,0,30,116,0,146,20,0,20,166
01/19/2017,SMO,CA,AWP,WE,Towers with Radar,0,31,35,0,66,0,0,23,0,23,0,31,58,0,89,14,0,14,103
01/20/2017,SMO,CA,AWP,WE,Towers with Radar,0,8,25,0,33,0,0,3,0,3,0,8,28,0,36,0,0,0,36
01/21/2017,SMO,CA,AWP,WE,Towers with Radar,0,24,24,0,48,0,0,138,0,138,0,24,162,0,186,32,0,32,218
01/22/2017,SMO,CA,AWP,WE,Towers with Radar,0,4,3,0,7,0,0,0,0,0,0,4,3,0,7,0,0,0,7
01/23/2017,SMO,CA,AWP,WE,Towers with Radar,0,19,48,0,67,0,3,15,2,20,0,22,63,2,87,2,0,2,89
01/24/2017,SMO,CA,AWP,WE,Towers with Radar,0,27,40,0,67,0,0,120,0,120,0,27,160,0,187,118,0,118,305
01/25/2017,SMO,CA,AWP,WE,Towers with Radar,0,25,47,0,72,0,1,196,0,197,0,26,243,0,269,111,0,111,380
01/26/2017,SMO,CA,AWP,WE,Towers with Radar,1,33,45,0,79,0,1,175,0,176,1,34,220,0,255,44,0,44,299
01/27/2017,SMO,CA,AWP,WE,Towers with Radar,0,57,36,0,93,0,0,85,0,85,0,57,121,0,178,106,0,106,284
01/28/2017,SMO,CA,AWP,WE,Towers with Radar,0,23,30,0,53,0,2,113,0,115,0,25,143,0,168,38,0,38,206
01/29/2017,SMO,CA,AWP,WE,Towers with Radar,0,41,28,0,69,0,2,135,0,137,0,43,163,0,206,98,0,98,304
01/30/2017,SMO,CA,AWP,WE,Towers with Radar,0,29,31,1,61,0,3,119,1,123,0,32,150,2,184,53,0,53,237
01/31/2017,SMO,CA,AWP,WE,Towers with Radar,0,20,42,0,62,0,2,131,0,133,0,22,173,0,195,16,0,16,211
02/01/2017,SMO,CA,AWP,WE,Towers with Radar,0,32,43,0,75,0,1,134,0,135,0,33,177,0,210,54,0,54,264
02/02/2017,SMO,CA,AWP,WE,Towers with Radar,0,36,40,0,76,0,2,112,0,114,0,38,152,0,190,59,0,59,249
02/03/2017,SMO,CA,AWP,WE,Towers with Radar,0,10,38,0,48,0,0,10,0,10,0,10,48,0,58,0,0,0,58
02/04/2017,SMO,CA,AWP,WE,Towers with Radar,0,13,38,2,53,0,2,74,0,76,0,15,112,2,129,41,0,41,170
02/05/2017,SMO,CA,AWP,WE,Towers with Radar,0,19,53,0,72,0,0,13,0,13,0,19,66,0,85,0,0,0,85
02/06/2017,SMO,CA,AWP,WE,Towers with Radar,0,3,30,0,33,1,0,5,0,6,1,3,35,0,39,0,0,0,39
02/07/2017,SMO,CA,AWP,WE,Towers with Radar,0,6,12,0,18,0,0,2,0,2,0,6,14,0,20,0,0,0,20
02/08/2017,SMO,CA,AWP,WE,Towers with Radar,0,29,51,0,80,0,0,35,0,35,0,29,86,0,115,48,0,48,163
02/09/2017,SMO,CA,AWP,WE,Towers with Radar,0,16,31,0,47,0,1,27,0,28,0,17,58,0,75,22,0,22,97
02/10/2017,SMO,CA,AWP,WE,Towers with Radar,0,24,37,0,61,0,0,17,0,17,0,24,54,0,78,16,0,16,94
02/11/2017,SMO,CA,AWP,WE,Towers with Radar,0,31,40,2,73,0,0,90,0,90,0,31,130,2,163,49,0,49,212
02/12/2017,SMO,CA,AWP,WE,Towers with Radar,0,47,38,0,85,0,2,230,0,232,0,49,268,0,317,108,0,108,425
02/13/2017,SMO,CA,AWP,WE,Towers with Radar,0,27,49,0,76,0,1,119,0,120,0,28,168,0,196,56,0,56,252
02/14/2017,SMO,CA,AWP,WE,Towers with Radar,0,32,37,0,69,0,1,155,0,156,0,33,192,0,225,54,0,54,279
02/15/2017,SMO,CA,AWP,WE,Towers with Radar,0,19,50,0,69,0,0,164,2,166,0,19,214,2,235,58,0,58,293
02/16/2017,SMO,CA,AWP,WE,Towers with Radar,0,33,59,0,92,0,3,62,0,65,0,36,121,0,157,27,0,27,184
02/17/2017,SMO,CA,AWP,WE,Towers with Radar,0,5,14,0,19,0,0,0,0,0,0,5,14,0,19,8,0,8,27
02/18/2017,SMO,CA,AWP,WE,Towers with Radar,0,17,26,0,43,0,0,0,0,0,0,17,26,0,43,0,0,0,43
02/19/2017,SMO,CA,AWP,WE,Towers with Radar,0,25,37,0,62,0,0,0,0,0,0,25,37,0,62,0,0,0,62
02/20/2017,SMO,CA,AWP,WE,Towers with Radar,0,8,27,0,35,0,0,0,0,0,0,8,27,0,35,0,0,0,35
02/21/2017,SMO,CA,AWP,WE,Towers with Radar,0,27,59,0,86,0,0,1,0,1,0,27,60,0,87,0,0,0,87
02/22/2017,SMO,CA,AWP,WE,Towers with Radar,0,20,63,0,83,0,0,110,0,110,0,20,173,0,193,85,0,85,278
02/23/2017,SMO,CA,AWP,WE,Towers with Radar,0,27,34,0,61,0,2,105,0,107,0,29,139,0,168,24,0,24,192
02/24/2017,SMO,CA,AWP,WE,Towers with Radar,0,46,36,0,82,0,3,143,0,146,0,49,179,0,228,82,2,84,312
02/25/2017,SMO,CA,AWP,WE,Towers with Radar,0,19,43,0,62,0,2,149,0,151,0,21,192,0,213,57,0,57,270
02/26/2017,SMO,CA,AWP,WE,Towers with Radar,0,32,40,0,72,0,2,57,0,59,0,34,97,0,131,70,0,70,201
02/27/2017,SMO,CA,AWP,WE,Towers with Radar,0,42,48,0,90,0,7,65,0,72,0,49,113,0,162,88,0,88,250
02/28/2017,SMO,CA,AWP,WE,Towers with Radar,0,32,24,0,56,0,6,148,0,154,0,38,172,0,210,22,0,22,232
03/01/2017,SMO,CA,AWP,WE,Towers with Radar,0,35,34,0,69,0,0,143,0,143,0,35,177,0,212,38,0,38,250
03/02/2017,SMO,CA,AWP,WE,Towers with Radar,0,38,29,0,67,0,1,138,0,139,0,39,167,0,206,52,0,52,258
03/03/2017,SMO,CA,AWP,WE,Towers with Radar,0,31,50,0,81,0,0,152,0,152,0,31,202,0,233,82,0,82,315
03/04/2017,SMO,CA,AWP,WE,Towers with Radar,0,17,27,0,44,0,2,103,0,105,0,19,130,0,149,50,0,50,199
03/05/2017,SMO,CA,AWP,WE,Towers with Radar,0,36,46,0,82,0,0,20,0,20,0,36,66,0,102,0,0,0,102
03/06/2017,SMO,CA,AWP,WE,Towers with Radar,0,28,36,0,64,0,0,113,0,113,0,28,149,0,177,39,0,39,216
03/07/2017,SMO,CA,AWP,WE,Towers with Radar,0,33,37,0,70,0,6,145,0,151,0,39,182,0,221,98,0,98,319
03/08/2017,SMO,CA,AWP,WE,Towers with Radar,0,27,44,0,71,0,2,155,0,157,0,29,199,0,228,86,0,86,314
03/09/2017,SMO,CA,AWP,WE,Towers with Radar,0,39,51,0,90,0,4,141,0,145,0,43,192,0,235,52,0,52,287
03/10/2017,SMO,CA,AWP,WE,Towers with Radar,0,25,45,0,70,0,0,43,0,43,0,25,88,0,113,28,0,28,141
03/11/2017,SMO,CA,AWP,WE,Towers with Radar,0,25,18,0,43,0,0,1,0,1,0,25,19,0,44,0,0,0,44
03/12/2017,SMO,CA,AWP,WE,Towers with Radar,0,28,42,0,70,0,0,82,0,82,0,28,124,0,152,23,0,23,175
03/13/2017,SMO,CA,AWP,WE,Towers with Radar,0,17,33,0,50,0,8,84,3,95,0,25,117,3,145,40,0,40,185
03/14/2017,SMO,CA,AWP,WE,Towers with Radar,0,23,46,0,69,0,3,87,0,90,0,26,133,0,159,55,0,55,214
03/15/2017,SMO,CA,AWP,WE,Towers with Radar,0,29,47,0,76,0,2,126,0,128,0,31,173,0,204,26,0,26,230
03/16/2017,SMO,CA,AWP,WE,Towers with Radar,0,26,42,2,70,0,4,121,0,125,0,30,163,2,195,46,0,46,241
03/17/2017,SMO,CA,AWP,WE,Towers with Radar,0,36,55,0,91,0,4,88,0,92,0,40,143,0,183,12,0,12,195
03/18/2017,SMO,CA,AWP,WE,Towers with Radar,0,19,33,0,52,0,1,88,0,89,0,20,121,0,141,46,0,46,187
03/19/2017,SMO,CA,AWP,WE,Towers with Radar,0,16,49,0,65,0,2,69,0,71,0,18,118,0,136,1,0,1,137
03/20/2017,SMO,CA,AWP,WE,Towers with Radar,0,36,51,0,87,0,5,76,1,82,0,41,127,1,169,48,0,48,217
03/21/2017,SMO,CA,AWP,WE,Towers with Radar,0,21,54,0,75,0,2,23,0,25,0,23,77,0,100,39,0,39,139
03/22/2017,SMO,CA,AWP,WE,Towers with Radar,0,26,46,0,72,0,0,49,0,49,0,26,95,0,121,22,0,22,143
03/23/2017,SMO,CA,AWP,WE,Towers with Radar,0,41,27,0,68,0,0,127,0,127,0,41,154,0,195,34,0,34,229
03/24/2017,SMO,CA,AWP,WE,Towers with Radar,0,24,51,0,75,0,0,1,0,1,0,24,52,0,76,0,0,0,76
03/25/2017,SMO,CA,AWP,WE,Towers with Radar,0,23,34,0,57,0,2,74,0,76,0,25,108,0,133,24,0,24,157
03/26/2017,SMO,CA,AWP,WE,Towers with Radar,0,29,50,0,79,0,3,100,0,103,0,32,150,0,182,50,0,50,232
03/27/2017,SMO,CA,AWP,WE,Towers with Radar,0,22,45,0,67,0,1,63,0,64,0,23,108,0,131,17,0,17,148
03/28/2017,SMO,CA,AWP,WE,Towers with Radar,0,16,30,0,46,0,0,27,0,27,0,16,57,0,73,0,0,0,73
03/29/2017,SMO,CA,AWP,WE,Towers with Radar,0,29,35,0,64,0,0,153,0,153,0,29,188,0,217,49,0,49,266
03/30/2017,SMO,CA,AWP,WE,Towers with Radar,0,32,39,0,71,0,0,105,0,105,0,32,144,0,176,49,0,49,225
03/31/2017,SMO,CA,AWP,WE,Towers with Radar,0,43,35,0,78,0,0,90,0,90,0,43,125,0,168,23,0,23,191
04/01/2017,SMO,CA,AWP,WE,Towers with Radar,0,28,20,0,48,0,0,143,0,143,0,28,163,0,191,43,0,43,234
04/02/2017,SMO,CA,AWP,WE,Towers with Radar,0,29,29,0,58,0,0,118,0,118,0,29,147,0,176,50,0,50,226
04/03/2017,SMO,CA,AWP,WE,Towers with Radar,0,17,40,0,57,0,0,42,1,43,0,17,82,1,100,26,0,26,126
04/04/2017,SMO,CA,AWP,WE,Towers with Radar,0,29,36,0,65,0,0,92,0,92,0,29,128,0,157,50,0,50,207
04/05/2017,SMO,CA,AWP,WE,Towers with Radar,0,21,31,0,52,0,0,134,1,135,0,21,165,1,187,89,0,89,276
04/06/2017,SMO,CA,AWP,WE,Towers with Radar,0,27,35,0,62,0,0,118,0,118,0,27,153,0,180,64,0,64,244
04/07/2017,SMO,CA,AWP,WE,Towers with Radar,0,28,45,0,73,0,0,120,0,120,0,28,165,0,193,111,0,111,304
04/08/2017,SMO,CA,AWP,WE,Towers with Radar,0,20,24,0,44,0,2,66,0,68,0,22,90,0,112,51,1,52,164
04/09/2017,SMO,CA,AWP,WE,Towers with Radar,0,24,41,0,65,0,0,118,0,118,0,24,159,0,183,43,0,43,226
04/10/2017,SMO,CA,AWP,WE,Towers with Radar,0,19,33,0,52,0,1,115,0,116,0,20,148,0,168,84,0,84,252
04/11/2017,SMO,CA,AWP,WE,Towers with Radar,0,24,34,0,58,0,2,141,0,143,0,26,175,0,201,112,0,112,313
04/12/2017,SMO,CA,AWP,WE,Towers with Radar,0,33,45,0,78,0,2,95,0,97,0,35,140,0,175,45,0,45,220
04/13/2017,SMO,CA,AWP,WE,Towers with Radar,0,52,57,0,109,0,0,90,0,90,0,52,147,0,199,18,0,18,217
04/14/2017,SMO,CA,AWP,WE,Towers with Radar,0,29,32,0,61,0,1,133,0,134,0,30,165,0,195,36,0,36,231
04/15/2017,SMO,CA,AWP,WE,Towers with Radar,0,13,28,0,41,0,2,173,0,175,0,15,201,0,216,46,0,46,262
04/16/2017,SMO,CA,AWP,WE,Towers with Radar,0,34,34,0,68,0,2,140,0,142,0,36,174,0,210,48,0,48,258
04/17/2017,SMO,CA,AWP,WE,Towers with Radar,0,35,60,0,95,0,1,75,2,78,0,36,135,2,173,28,0,28,201
04/18/2017,SMO,CA,AWP,WE,Towers with Radar,0,23,39,0,62,0,1,38,0,39,0,24,77,0,101,23,0,23,124
04/19/2017,SMO,CA,AWP,WE,Towers with Radar,0,33,47,0,80,0,0,101,0,101,0,33,148,0,181,17,0,17,198
04/20/2017,SMO,CA,AWP,WE,Towers with Radar,0,34,36,0,70,0,0,111,0,111,0,34,147,0,181,42,0,42,223
04/21/2017,SMO,CA,AWP,WE,Towers with Radar,0,39,62,0,101,0,6,139,0,145,0,45,201,0,246,103,0,103,349
04/22/2017,SMO,CA,AWP,WE,Towers with Radar,0,32,25,0,57,0,0,181,0,181,0,32,206,0,238,80,0,80,318
04/23/2017,SMO,CA,AWP,WE,Towers with Radar,0,42,43,0,85,0,0,164,0,164,0,42,207,0,249,72,0,72,321
04/24/2017,SMO,CA,AWP,WE,Towers with Radar,0,29,53,0,82,0,12,101,0,113,0,41,154,0,195,20,0,20,215
04/25/2017,SMO,CA,AWP,WE,Towers with Radar,0,23,23,0,46,0,1,75,0,76,0,24,98,0,122,41,1,42,164
04/26/2017,SMO,CA,AWP,WE,Towers with Radar,0,24,40,2,66,0,0,147,0,147,0,24,187,2,213,114,0,114,327
04/27/2017,SMO,CA,AWP,WE,Towers with Radar,0,30,43,0,73,0,5,101,0,106,0,35,144,0,179,90,0,90,269
04/28/2017,SMO,CA,AWP,WE,Towers with Radar,0,45,30,0,75,0,1,66,0,67,0,46,96,0,142,4,0,4,146
04/29/2017,SMO,CA,AWP,WE,Towers with Radar,0,26,34,0,60,0,0,69,0,69,0,26,103,0,129,43,0,43,172
04/30/2017,SMO,CA,AWP,WE,Towers with Radar,0,40,34,2,76,0,0,165,1,166,0,40,199,3,242,48,0,48,290
05/01/2017,SMO,CA,AWP,WE,Towers with Radar,0,44,40,0,84,0,2,109,0,111,0,46,149,0,195,17,0,17,212
05/02/2017,SMO,CA,AWP,WE,Towers with Radar,0,44,28,0,72,0,1,148,0,149,0,45,176,0,221,115,0,115,336
05/03/2017,SMO,CA,AWP,WE,Towers with Radar,0,38,44,0,82,0,0,131,0,131,0,38,175,0,213,108,0,108,321
05/04/2017,SMO,CA,AWP,WE,Towers with Radar,0,37,55,0,92,0,1,101,0,102,0,38,156,0,194,22,0,22,216
05/05/2017,SMO,CA,AWP,WE,Towers with Radar,0,32,69,0,101,0,0,34,0,34,0,32,103,0,135,0,0,0,135
05/06/2017,SMO,CA,AWP,WE,Towers with Radar,0,22,43,0,65,0,0,50,0,50,0,22,93,0,115,16,0,16,131
05/07/2017,SMO,CA,AWP,WE,Towers with Radar,0,25,48,0,73,0,0,67,0,67,0,25,115,0,140,21,0,21,161
05/08/2017,SMO,CA,AWP,WE,Towers with Radar,0,21,29,0,50,0,0,129,0,129,0,21,158,0,179,85,0,85,264
05/09/2017,SMO,CA,AWP,WE,Towers with Radar,0,27,61,0,88,0,2,37,2,41,0,29,98,2,129,96,0,96,225
05/10/2017,SMO,CA,AWP,WE,Towers with Radar,0,54,84,0,138,0,1,47,0,48,0,55,131,0,186,71,0,71,257
05/11/2017,SMO,CA,AWP,WE,Towers with Radar,0,20,53,0,73,0,0,156,1,157,0,20,209,1,230,77,0,77,307
05/12/2017,SMO,CA,AWP,WE,Towers with Radar,0,32,51,0,83,0,5,90,0,95,0,37,141,0,178,7,0,7,185
05/13/2017,SMO,CA,AWP,WE,Towers with Radar,0,31,22,0,53,0,1,131,0,132,0,32,153,0,185,66,0,66,251
05/14/2017,SMO,CA,AWP,WE,Towers with Radar,0,30,33,0,63,0,2,116,0,118,0,32,149,0,181,58,0,58,239
05/15/2017,SMO,CA,AWP,WE,Towers with Radar,0,24,60,0,84,0,0,91,0,91,0,24,151,0,175,69,0,69,244
05/16/2017,SMO,CA,AWP,WE,Towers with Radar,0,21,38,0,59,0,7,124,0,131,0,28,162,0,190,96,0,96,286
05/17/2017,SMO,CA,AWP,WE,Towers with Radar,0,28,58,0,86,0,0,94,0,94,0,28,152,0,180,144,0,144,324
05/18/2017,SMO,CA,AWP,WE,Towers with Radar,0,32,54,0,86,0,7,163,0,170,0,39,217,0,256,87,0,87,343
05/19/2017,SMO,CA,AWP,WE,Towers with Radar,0,13,38,2,53,0,8,123,0,131,0,21,161,2,184,97,0,97,281
05/20/2017,SMO,CA,AWP,WE,Towers with Radar,0,23,34,0,57,0,2,177,0,179,0,25,211,0,236,54,0,54,290
05/21/2017,SMO,CA,AWP,WE,Towers with Radar,0,36,27,0,63,0,0,117,0,117,0,36,144,0,180,20,1,21,201
05/22/2017,SMO,CA,AWP,WE,Towers with Radar,0,20,40,0,60,0,1,58,0,59,0,21,98,0,119,12,0,12,131
05/23/2017,SMO,CA,AWP,WE,Towers with Radar,0,33,35,0,68,0,4,56,0,60,0,37,91,0,128,20,0,20,148
05/24/2017,SMO,CA,AWP,WE,Towers with Radar,0,26,58,0,84,0,0,46,0,46,0,26,104,0,130,52,0,52,182
05/25/2017,SMO,CA,AWP,WE,Towers with Radar,0,25,60,0,85,0,2,66,0,68,0,27,126,0,153,3,0,3,156
05/26/2017,SMO,CA,AWP,WE,Towers with Radar,0,24,57,0,81,0,1,74,0,75,0,25,131,0,156,46,0,46,202
05/27/2017,SMO,CA,AWP,WE,Towers with Radar,0,11,20,0,31,0,1,98,0,99,0,12,118,0,130,41,0,41,171
05/28/2017,SMO,CA,AWP,WE,Towers with Radar,0,15,12,0,27,0,2,91,0,93,0,17,103,0,120,13,0,13,133
05/29/2017,SMO,CA,AWP,WE,Towers with Radar,0,38,85,0,123,0,0,72,0,72,0,38,157,0,195,31,0,31,226
05/30/2017,SMO,CA,AWP,WE,Towers with Radar,0,28,54,2,84,0,3,18,0,21,0,31,72,2,105,1,0,1,106
05/31/2017,SMO,CA,AWP,WE,Towers with Radar,0,16,70,0,86,0,4,13,0,17,0,20,83,0,103,8,0,8,111
06/01/2017,SMO,CA,AWP,WE,Towers with Radar,0,38,67,0,105,0,0,79,0,79,0,38,146,0,184,41,0,41,225
06/02/2017,SMO,CA,AWP,WE,Towers with Radar,0,22,52,0,74,0,0,82,0,82,0,22,134,0,156,27,0,27,183
06/03/2017,SMO,CA,AWP,WE,Towers with Radar,0,18,30,0,48,0,0,29,0,29,0,18,59,0,77,0,0,0,77
06/04/2017,SMO,CA,AWP,WE,Towers with Radar,0,35,66,0,101,0,0,8,0,8,0,35,74,0,109,0,0,0,109
06/05/2017,SMO,CA,AWP,WE,Towers with Radar,0,29,53,0,82,0,1,46,0,47,0,30,99,0,129,30,0,30,159
06/06/2017,SMO,CA,AWP,WE,Towers with Radar,0,27,64,0,91,0,1,7,0,8,0,28,71,0,99,0,0,0,99
06/07/2017,SMO,CA,AWP,WE,Towers with Radar,0,24,59,0,83,0,0,22,0,22,0,24,81,0,105,0,0,0,105
06/08/2017,SMO,CA,AWP,WE,Towers with Radar,0,34,59,0,93,0,0,22,0,22,0,34,81,0,115,6,0,6,121
06/09/2017,SMO,CA,AWP,WE,Towers with Radar,0,31,39,0,70,0,0,128,0,128,0,31,167,0,198,74,0,74,272
06/10/2017,SMO,CA,AWP,WE,Towers with Radar,0,11,51,0,62,0,0,76,0,76,0,11,127,0,138,16,0,16,154
06/11/2017,SMO,CA,AWP,WE,Towers with Radar,0,30,41,0,71,0,0,68,0,68,0,30,109,0,139,45,0,45,184
06/12/2017,SMO,CA,AWP,WE,Towers with Radar,0,29,28,0,57,0,0,108,0,108,0,29,136,0,165,50,0,50,215
06/13/2017,SMO,CA,AWP,WE,Towers with Radar,0,26,27,0,53,0,4,121,0,125,0,30,148,0,178,88,0,88,266
06/14/2017,SMO,CA,AWP,WE,Towers with Radar,0,31,46,0,77,0,3,156,0,159,0,34,202,0,236,85,0,85,321
06/15/2017,SMO,CA,AWP,WE,Towers with Radar,0,33,46,0,79,0,7,108,0,115,0,40,154,0,194,76,0,76,270
06/16/2017,SMO,CA,AWP,WE,Towers with Radar,0,34,43,0,77,0,2,133,0,135,0,36,176,0,212,70,1,71,283
06/17/2017,SMO,CA,AWP,WE,Towers with Radar,0,23,36,0,59,0,0,130,0,130,0,23,166,0,189,61,0,61,250
06/18/2017,SMO,CA,AWP,WE,Towers with Radar,0,37,26,0,63,0,2,114,0,116,0,39,140,0,179,42,0,42,221
06/19/2017,SMO,CA,AWP,WE,Towers with Radar,0,22,48,2,72,0,0,48,0,48,0,22,96,2,120,11,0,11,131
06/20/2017,SMO,CA,AWP,WE,Towers with Radar,0,17,41,0,58,0,0,0,0,0,0,17,41,0,58,0,0,0,58
06/21/2017,SMO,CA,AWP,WE,Towers with Radar,0,19,38,0,57,0,1,102,0,103,0,20,140,0,160,53,0,53,213
06/22/2017,SMO,CA,AWP,WE,Towers with Radar,0,15,34,0,49,0,1,90,0,91,0,16,124,0,140,31,0,31,171
06/23/2017,SMO,CA,AWP,WE,Towers with Radar,0,35,72,0,107,0,0,21,0,21,0,35,93,0,128,4,0,4,132
06/24/2017,SMO,CA,AWP,WE,Towers with Radar,0,13,35,0,48,0,1,80,0,81,0,14,115,0,129,29,0,29,158
06/25/2017,SMO,CA,AWP,WE,Towers with Radar,0,37,22,0,59,0,1,133,0,134,0,38,155,0,193,58,0,58,251
06/26/2017,SMO,CA,AWP,WE,Towers with Radar,0,22,31,0,53,0,5,125,0,130,0,27,156,0,183,102,0,102,285
06/27/2017,SMO,CA,AWP,WE,Towers with Radar,0,23,37,0,60,0,2,135,0,137,0,25,172,0,197,68,0,68,265
06/28/2017,SMO,CA,AWP,WE,Towers with Radar,0,21,49,0,70,0,2,151,0,153,0,23,200,0,223,59,0,59,282
06/29/2017,SMO,CA,AWP,WE,Towers with Radar,0,36,62,3,101,0,1,108,2,111,0,37,170,5,212,35,0,35,247
06/30/2017,SMO,CA,AWP,WE,Towers with Radar,0,35,50,0,85,0,1,83,0,84,0,36,133,0,169,44,0,44,213
07/01/2017,SMO,CA,AWP,WE,Towers with Radar,0,26,53,0,79,0,0,24,0,24,0,26,77,0,103,0,0,0,103
07/02/2017,SMO,CA,AWP,WE,Towers with Radar,0,13,21,0,34,0,0,98,0,98,0,13,119,0,132,62,0,62,194
07/03/2017,SMO,CA,AWP,WE,Towers with Radar,0,14,24,0,38,0,1,83,0,84,0,15,107,0,122,52,0,52,174
07/04/2017,SMO,CA,AWP,WE,Towers with Radar,0,14,19,0,33,0,1,91,0,92,0,15,110,0,125,38,0,38,163
07/05/2017,SMO,CA,AWP,WE,Towers with Radar,0,29,42,0,71,0,2,154,0,156,0,31,196,0,227,82,0,82,309
07/06/2017,SMO,CA,AWP,WE,Towers with Radar,0,28,14,0,42,0,3,159,0,162,0,31,173,0,204,95,0,95,299
07/07/2017,SMO,CA,AWP,WE,Towers with Radar,0,22,31,0,53,0,0,140,0,140,0,22,171,0,193,137,0,137,330
07/08/2017,SMO,CA,AWP,WE,Towers with Radar,0,23,13,0,36,0,1,201,0,202,0,24,214,0,238,30,0,30,268
07/09/2017,SMO,CA,AWP,WE,Towers with Radar,0,28,26,1,55,0,0,123,0,123,0,28,149,1,178,26,0,26,204
07/10/2017,SMO,CA,AWP,WE,Towers with Radar,0,42,37,0,79,0,1,122,0,123,0,43,159,0,202,24,0,24,226
07/11/2017,SMO,CA,AWP,WE,Towers with Radar,0,25,53,0,78,0,0,152,0,152,0,25,205,0,230,45,0,45,275
07/12/2017,SMO,CA,AWP,WE,Towers with Radar,0,35,35,0,70,0,0,122,0,122,0,35,157,0,192,81,0,81,273
07/13/2017,SMO,CA,AWP,WE,Towers with Radar,0,18,46,0,64,0,0,123,0,123,0,18,169,0,187,30,0,30,217
07/14/2017,SMO,CA,AWP,WE,Towers with Radar,0,32,59,0,91,0,0,133,0,133,0,32,192,0,224,30,0,30,254
07/15/2017,SMO,CA,AWP,WE,Towers with Radar,0,26,31,0,57,0,0,152,0,152,0,26,183,0,209,54,0,54,263
07/16/2017,SMO,CA,AWP,WE,Towers with Radar,0,34,40,0,74,0,3,116,0,119,0,37,156,0,193,24,0,24,217
07/17/2017,SMO,CA,AWP,WE,Towers with Radar,0,28,46,0,74,0,2,114,0,116,0,30,160,0,190,80,0,80,270
07/18/2017,SMO,CA,AWP,WE,Towers with Radar,0,21,28,0,49,0,0,126,0,126,0,21,154,0,175,65,0,65,240
07/19/2017,SMO,CA,AWP,WE,Towers with Radar,0,33,45,0,78,0,4,192,0,196,0,37,237,0,274,80,0,80,354
07/20/2017,SMO,CA,AWP,WE,Towers with Radar,0,40,55,0,95,0,0,124,0,124,0,40,179,0,219,147,0,147,366
07/21/2017,SMO,CA,AWP,WE,Towers with Radar,0,31,43,0,74,0,5,138,0,143,0,36,181,0,217,94,0,94,311
07/22/2017,SMO,CA,AWP,WE,Towers with Radar,0,14,25,0,39,0,0,136,0,136,0,14,161,0,175,52,0,52,227
07/23/2017,SMO,CA,AWP,WE,Towers with Radar,0,18,50,0,68,0,0,138,0,138,0,18,188,0,206,52,0,52,258
07/24/2017,SMO,CA,AWP,WE,Towers with Radar,0,23,24,0,47,0,1,95,0,96,0,24,119,0,143,96,0,96,239
07/25/2017,SMO,CA,AWP,WE,Towers with Radar,0,35,38,0,73,0,0,112,0,112,0,35,150,0,185,62,0,62,247
07/26/2017,SMO,CA,AWP,WE,Towers with Radar,0,27,25,0,52,0,9,130,0,139,0,36,155,0,191,106,0,106,297
07/27/2017,SMO,CA,AWP,WE,Towers with Radar,0,34,31,1,66,0,3,148,0,151,0,37,179,1,217,86,0,86,303
07/28/2017,SMO,CA,AWP,WE,Towers with Radar,0,36,27,0,63,0,0,101,0,101,0,36,128,0,164,12,0,12,176
07/29/2017,SMO,CA,AWP,WE,Towers with Radar,0,14,26,0,40,0,0,97,0,97,0,14,123,0,137,28,0,28,165
07/30/2017,SMO,CA,AWP,WE,Towers with Radar,0,28,52,0,80,0,3,98,0,101,0,31,150,0,181,4,0,4,185
07/31/2017,SMO,CA,AWP,WE,Towers with Radar,0,24,46,0,70,0,1,96,0,97,0,25,142,0,167,11,0,11,178
08/01/2017,SMO,CA,AWP,WE,Towers with Radar,0,36,32,1,69,0,2,82,0,84,0,38,114,1,153,45,0,45,198
08/02/2017,SMO,CA,AWP,WE,Towers with Radar,0,23,31,0,54,0,0,120,0,120,0,23,151,0,174,87,0,87,261
08/03/2017,SMO,CA,AWP,WE,Towers with Radar,0,26,25,0,51,0,0,122,1,123,0,26,147,1,174,67,0,67,241
08/04/2017,SMO,CA,AWP,WE,Towers with Radar,0,29,25,0,54,0,3,154,0,157,0,32,179,0,211,95,0,95,306
08/05/2017,SMO,CA,AWP,WE,Towers with Radar,0,21,35,0,56,0,0,114,0,114,0,21,149,0,170,52,1,53,223
08/06/2017,SMO,CA,AWP,WE,Towers with Radar,1,36,26,0,63,0,2,123,0,125,1,38,149,0,188,46,0,46,234
08/07/2017,SMO,CA,AWP,WE,Towers with Radar,0,33,36,0,69,0,0,100,0,100,0,33,136,0,169,78,0,78,247
08/08/2017,SMO,CA,AWP,WE,Towers with Radar,0,24,32,0,56,0,6,155,0,161,0,30,187,0,217,49,0,49,266
08/09/2017,SMO,CA,AWP,WE,Towers with Radar,0,19,33,0,52,0,2,120,0,122,0,21,153,0,174,92,0,92,266
08/10/2017,SMO,CA,AWP,WE,Towers with Radar,0,31,45,0,76,0,2,109,0,111,0,33,154,0,187,49,0,49,236
08/11/2017,SMO,CA,AWP,WE,Towers with Radar,0,29,63,0,92,0,1,121,0,122,0,30,184,0,214,33,0,33,247
08/12/2017,SMO,CA,AWP,WE,Towers with Radar,0,37,43,0,80,0,0,91,0,91,0,37,134,0,171,10,0,10,181
08/13/2017,SMO,CA,AWP,WE,Towers with Radar,1,34,45,0,80,0,1,126,0,127,1,35,171,0,207,18,0,18,225
08/14/2017,SMO,CA,AWP,WE,Towers with Radar,0,23,45,1,69,0,0,99,0,99,0,23,144,1,168,59,0,59,227
08/15/2017,SMO,CA,AWP,WE,Towers with Radar,0,34,61,0,95,0,1,98,0,99,0,35,159,0,194,37,0,37,231
08/16/2017,SMO,CA,AWP,WE,Towers with Radar,0,21,61,0,82,0,2,106,0,108,0,23,167,0,190,74,0,74,264
08/17/2017,SMO,CA,AWP,WE,Towers with Radar,0,33,42,0,75,0,0,155,0,155,0,33,197,0,230,89,0,89,319
08/18/2017,SMO,CA,AWP,WE,Towers with Radar,0,35,53,0,88,0,1,113,0,114,0,36,166,0,202,81,0,81,283
08/19/2017,SMO,CA,AWP,WE,Towers with Radar,0,20,29,0,49,0,4,140,0,144,0,24,169,0,193,39,0,39,232
08/20/2017,SMO,CA,AWP,WE,Towers with Radar,0,34,47,0,81,0,2,101,0,103,0,36,148,0,184,18,0,18,202
08/21/2017,SMO,CA,AWP,WE,Towers with Radar,0,29,50,0,79,0,3,110,0,113,0,32,160,0,192,82,0,82,274
08/22/2017,SMO,CA,AWP,WE,Towers with Radar,0,28,29,0,57,0,0,133,0,133,0,28,162,0,190,38,0,38,228
08/23/2017,SMO,CA,AWP,WE,Towers with Radar,0,27,49,0,76,0,0,53,0,53,0,27,102,0,129,14,0,14,143
08/24/2017,SMO,CA,AWP,WE,Towers with Radar,0,39,68,0,107,0,0,70,0,70,0,39,138,0,177,15,0,15,192
08/25/2017,SMO,CA,AWP,WE,Towers with Radar,0,29,88,0,117,0,5,51,0,56,0,34,139,0,173,14,0,14,187
08/26/2017,SMO,CA,AWP,WE,Towers with Radar,0,32,49,0,81,0,0,47,0,47,0,32,96,0,128,4,0,4,132
08/27/2017,SMO,CA,AWP,WE,Towers with Radar,0,29,50,0,79,0,7,41,0,48,0,36,91,0,127,16,0,16,143
08/28/2017,SMO,CA,AWP,WE,Towers with Radar,0,21,26,0,47,0,0,102,0,102,0,21,128,0,149,45,0,45,194
08/29/2017,SMO,CA,AWP,WE,Towers with Radar,0,24,31,0,55,0,0,148,0,148,0,24,179,0,203,112,0,112,315
08/30/2017,SMO,CA,AWP,WE,Towers with Radar,0,22,22,0,44,0,0,126,4,130,0,22,148,4,174,71,0,71,245
08/31/2017,SMO,CA,AWP,WE,Towers with Radar,0,23,27,0,50,0,7,128,1,136,0,30,155,1,186,90,0,90,276
09/01/2017,SMO,CA,AWP,WE,Towers with Radar,0,51,35,0,86,0,4,102,0,106,0,55,137,0,192,72,0,72,264
09/02/2017,SMO,CA,AWP,WE,Towers with Radar,0,17,23,0,40,0,17,167,0,184,0,34,190,0,224,81,0,81,305
09/03/2017,SMO,CA,AWP,WE,Towers with Radar,0,19,13,0,32,0,2,121,0,123,0,21,134,0,155,10,0,10,165
09/04/2017,SMO,CA,AWP,WE,Towers with Radar,0,40,67,0,107,0,7,92,0,99,0,47,159,0,206,46,0,46,252
09/05/2017,SMO,CA,AWP,WE,Towers with Radar,0,24,26,0,50,0,0,83,0,83,0,24,109,0,133,33,0,33,166
09/06/2017,SMO,CA,AWP,WE,Towers with Radar,0,18,45,0,63,0,0,134,0,134,0,18,179,0,197,117,0,117,314
09/07/2017,SMO,CA,AWP,WE,Towers with Radar,0,28,46,0,74,0,0,104,0,104,0,28,150,0,178,61,0,61,239
09/08/2017,SMO,CA,AWP,WE,Towers with Radar,0,30,44,0,74,0,0,123,0,123,0,30,167,0,197,47,0,47,244
09/09/2017,SMO,CA,AWP,WE,Towers with Radar,0,17,27,0,44,0,0,132,0,132,0,17,159,0,176,30,0,30,206
09/10/2017,SMO,CA,AWP,WE,Towers with Radar,0,30,30,0,60,0,2,119,0,121,0,32,149,0,181,62,0,62,243
09/11/2017,SMO,CA,AWP,WE,Towers with Radar,0,34,33,0,67,0,4,122,0,126,0,38,155,0,193,88,0,88,281
09/12/2017,SMO,CA,AWP,WE,Towers with Radar,0,14,57,0,71,0,1,72,0,73,0,15,129,0,144,30,0,30,174
09/13/2017,SMO,CA,AWP,WE,Towers with Radar,0,25,55,0,80,0,3,63,0,66,0,28,118,0,146,76,0,76,222
09/14/2017,SMO,CA,AWP,WE,Towers with Radar,0,42,55,0,97,0,3,108,0,111,0,45,163,0,208,136,0,136,344
09/15/2017,SMO,CA,AWP,WE,Towers with Radar,0,49,62,0,111,0,2,93,0,95,0,51,155,0,206,151,0,151,357
09/16/2017,SMO,CA,AWP,WE,Towers with Radar,0,26,34,0,60,0,1,131,0,132,0,27,165,0,192,27,0,27,219
09/17/2017,SMO,CA,AWP,WE,Towers with Radar,0,58,56,0,114,0,4,99,0,103,0,62,155,0,217,36,0,36,253
09/18/2017,SMO,CA,AWP,WE,Towers with Radar,0,33,67,0,100,0,0,72,0,72,0,33,139,0,172,24,0,24,196
09/19/2017,SMO,CA,AWP,WE,Towers with Radar,0,28,60,0,88,0,4,48,0,52,0,32,108,0,140,106,0,106,246
09/20/2017,SMO,CA,AWP,WE,Towers with Radar,0,28,52,0,80,0,2,101,0,103,0,30,153,0,183,91,0,91,274
09/21/2017,SMO,CA,AWP,WE,Towers with Radar,0,31,45,0,76,0,1,43,0,44,0,32,88,0,120,12,0,12,132
09/22/2017,SMO,CA,AWP,WE,Towers with Radar,0,37,53,0,90,0,0,138,0,138,0,37,191,0,228,157,0,157,385
09/23/2017,SMO,CA,AWP,WE,Towers with Radar,0,26,19,0,45,0,0,141,0,141,0,26,160,0,186,87,0,87,273
09/24/2017,SMO,CA,AWP,WE,Towers with Radar,0,42,42,0,84,0,3,146,0,149,0,45,188,0,233,62,0,62,295
09/25/2017,SMO,CA,AWP,WE,Towers with Radar,0,25,58,1,84,0,1,77,0,78,0,26,135,1,162,56,0,56,218
09/26/2017,SMO,CA,AWP,WE,Towers with Radar,0,23,38,0,61,0,2,98,0,100,0,25,136,0,161,62,0,62,223
09/27/2017,SMO,CA,AWP,WE,Towers with Radar,0,22,47,0,69,0,0,104,0,104,0,22,151,0,173,94,0,94,267
09/28/2017,SMO,CA,AWP,WE,Towers with Radar,0,23,40,0,63,0,0,103,0,103,0,23,143,0,166,77,0,77,243
09/29/2017,SMO,CA,AWP,WE,Towers with Radar,0,36,40,1,77,0,0,119,0,119,0,36,159,1,196,101,0,101,297
09/30/2017,SMO,CA,AWP,WE,Towers with Radar,0,17,21,0,38,0,0,66,0,66,0,17,87,0,104,30,0,30,134
10/01/2017,SMO,CA,AWP,WE,Towers with Radar,0,32,28,0,60,0,0,95,0,95,0,32,123,0,155,82,0,82,237
10/02/2017,SMO,CA,AWP,WE,Towers with Radar,0,25,35,0,60,0,4,119,0,123,0,29,154,0,183,60,0,60,243
10/03/2017,SMO,CA,AWP,WE,Towers with Radar,0,27,65,0,92,0,2,74,0,76,0,29,139,0,168,72,0,72,240
10/04/2017,SMO,CA,AWP,WE,Towers with Radar,0,33,42,0,75,0,0,160,0,160,0,33,202,0,235,86,0,86,321
10/05/2017,SMO,CA,AWP,WE,Towers with Radar,0,38,35,0,73,0,1,148,0,149,0,39,183,0,222,124,0,124,346
10/06/2017,SMO,CA,AWP,WE,Towers with Radar,0,32,27,0,59,0,1,140,0,141,0,33,167,0,200,139,0,139,339
10/07/2017,SMO,CA,AWP,WE,Towers with Radar,0,27,27,0,54,0,0,138,0,138,0,27,165,0,192,57,0,57,249
10/08/2017,SMO,CA,AWP,WE,Towers with Radar,0,30,44,0,74,0,1,100,0,101,0,31,144,0,175,18,0,18,193
10/09/2017,SMO,CA,AWP,WE,Towers with Radar,0,31,51,0,82,0,4,87,0,91,0,35,138,0,173,24,0,24,197
10/10/2017,SMO,CA,AWP,WE,Towers with Radar,0,25,46,0,71,0,6,138,0,144,0,31,184,0,215,130,0,130,345
10/11/2017,SMO,CA,AWP,WE,Towers with Radar,0,28,53,0,81,0,1,121,0,122,0,29,174,0,203,31,0,31,234
10/12/2017,SMO,CA,AWP,WE,Towers with Radar,0,31,35,0,66,0,2,130,0,132,0,33,165,0,198,62,0,62,260
10/13/2017,SMO,CA,AWP,WE,Towers with Radar,0,40,47,0,87,0,1,103,0,104,0,41,150,0,191,89,0,89,280
10/14/2017,SMO,CA,AWP,WE,Towers with Radar,0,24,19,0,43,0,4,122,0,126,0,28,141,0,169,74,0,74,243
10/15/2017,SMO,CA,AWP,WE,Towers with Radar,0,37,27,0,64,0,2,121,0,123,0,39,148,0,187,43,0,43,230
10/16/2017,SMO,CA,AWP,WE,Towers with Radar,0,21,35,0,56,0,0,106,0,106,0,21,141,0,162,37,0,37,199
10/17/2017,SMO,CA,AWP,WE,Towers with Radar,0,22,38,0,60,0,0,129,0,129,0,22,167,0,189,116,0,116,305
10/18/2017,SMO,CA,AWP,WE,Towers with Radar,0,25,47,0,72,0,1,177,0,178,0,26,224,0,250,19,0,19,269
10/19/2017,SMO,CA,AWP,WE,Towers with Radar,0,30,57,0,87,0,3,128,0,131,0,33,185,0,218,83,0,83,301
10/20/2017,SMO,CA,AWP,WE,Towers with Radar,0,35,53,0,88,0,0,117,0,117,0,35,170,0,205,100,0,100,305
10/21/2017,SMO,CA,AWP,WE,Towers with Radar,0,14,41,0,55,0,0,101,0,101,0,14,142,0,156,87,0,87,243
10/22/2017,SMO,CA,AWP,WE,Towers with Radar,0,22,22,0,44,0,0,138,4,142,0,22,160,4,186,60,0,60,246
10/23/2017,SMO,CA,AWP,WE,Towers with Radar,0,20,38,0,58,0,7,102,0,109,0,27,140,0,167,50,0,50,217
10/24/2017,SMO,CA,AWP,WE,Towers with Radar,0,33,37,0,70,0,2,91,0,93,0,35,128,0,163,44,0,44,207
10/25/2017,SMO,CA,AWP,WE,Towers with Radar,0,42,39,0,81,0,0,150,0,150,0,42,189,0,231,49,0,49,280
10/26/2017,SMO,CA,AWP,WE,Towers with Radar,0,40,44,2,86,0,1,137,0,138,0,41,181,2,224,88,0,88,312
10/27/2017,SMO,CA,AWP,WE,Towers with Radar,0,26,30,0,56,0,5,149,0,154,0,31,179,0,210,74,0,74,284
10/28/2017,SMO,CA,AWP,WE,Towers with Radar,0,23,66,0,89,0,0,79,0,79,0,23,145,0,168,18,0,18,186
10/29/2017,SMO,CA,AWP,WE,Towers with Radar,0,40,62,0,102,0,0,15,0,15,0,40,77,0,117,1,0,1,118
10/30/2017,SMO,CA,AWP,WE,Towers with Radar,0,18,55,0,73,0,0,54,0,54,0,18,109,0,127,136,0,136,263
10/31/2017,SMO,CA,AWP,WE,Towers with Radar,0,15,55,0,70,0,0,45,0,45,0,15,100,0,115,81,0,81,196
11/01/2017,SMO,CA,AWP,WE,Towers with Radar,0,33,54,0,87,0,5,95,0,100,0,38,149,0,187,118,0,118,305
11/02/2017,SMO,CA,AWP,WE,Towers with Radar,0,37,50,0,87,0,0,38,0,38,0,37,88,0,125,25,0,25,150
11/03/2017,SMO,CA,AWP,WE,Towers with Radar,0,35,49,0,84,0,0,116,0,116,0,35,165,0,200,74,0,74,274
11/04/2017,SMO,CA,AWP,WE,Towers with Radar,0,17,23,0,40,0,0,124,0,124,0,17,147,0,164,92,0,92,256
11/05/2017,SMO,CA,AWP,WE,Towers with Radar,0,28,40,0,68,0,1,95,0,96,0,29,135,0,164,49,0,49,213
11/06/2017,SMO,CA,AWP,WE,Towers with Radar,0,16,42,0,58,0,1,102,0,103,0,17,144,0,161,60,0,60,221
11/07/2017,SMO,CA,AWP,WE,Towers with Radar,0,26,32,0,58,0,0,130,0,130,0,26,162,0,188,44,0,44,232
11/08/2017,SMO,CA,AWP,WE,Towers with Radar,0,17,29,0,46,0,5,139,0,144,0,22,168,0,190,64,0,64,254
11/09/2017,SMO,CA,AWP,WE,Towers with Radar,0,35,31,0,66,0,3,139,0,142,0,38,170,0,208,27,0,27,235
11/10/2017,SMO,CA,AWP,WE,Towers with Radar,0,31,31,0,62,0,5,121,0,126,0,36,152,0,188,46,0,46,234
11/11/2017,SMO,CA,AWP,WE,Towers with Radar,0,21,18,0,39,0,0,132,0,132,0,21,150,0,171,61,0,61,232
11/12/2017,SMO,CA,AWP,WE,Towers with Radar,0,39,36,0,75,0,3,102,0,105,0,42,138,0,180,55,0,55,235
11/13/2017,SMO,CA,AWP,WE,Towers with Radar,0,13,44,0,57,0,1,134,0,135,0,14,178,0,192,72,0,72,264
11/14/2017,SMO,CA,AWP,WE,Towers with Radar,0,29,29,0,58,0,2,170,2,174,0,31,199,2,232,86,0,86,318
11/15/2017,SMO,CA,AWP,WE,Towers with Radar,0,34,38,0,72,0,2,163,0,165,0,36,201,0,237,86,0,86,323
11/16/2017,SMO,CA,AWP,WE,Towers with Radar,0,28,47,0,75,0,2,113,0,115,0,30,160,0,190,67,0,67,257
11/17/2017,SMO,CA,AWP,WE,Towers with Radar,0,34,44,0,78,0,0,92,0,92,0,34,136,0,170,39,0,39,209
11/18/2017,SMO,CA,AWP,WE,Towers with Radar,0,20,28,0,48,0,3,151,0,154,0,23,179,0,202,67,0,67,269
11/19/2017,SMO,CA,AWP,WE,Towers with Radar,0,24,24,0,48,0,0,140,0,140,0,24,164,0,188,34,0,34,222
11/20/2017,SMO,CA,AWP,WE,Towers with Radar,0,18,24,0,42,0,0,122,0,122,0,18,146,0,164,9,0,9,173
11/21/2017,SMO,CA,AWP,WE,Towers with Radar,0,23,38,0,61,0,1,116,0,117,0,24,154,0,178,65,0,65,243
11/22/2017,SMO,CA,AWP,WE,Towers with Radar,0,38,48,0,86,0,2,174,0,176,0,40,222,0,262,24,0,24,286
11/23/2017,SMO,CA,AWP,WE,Towers with Radar,0,9,7,0,16,0,3,84,0,87,0,12,91,0,103,8,0,8,111
11/24/2017,SMO,CA,AWP,WE,Towers with Radar,0,17,19,0,36,0,6,135,0,141,0,23,154,0,177,56,0,56,233
11/25/2017,SMO,CA,AWP,WE,Towers with Radar,0,27,29,1,57,0,2,96,0,98,0,29,125,1,155,32,0,32,187
11/26/2017,SMO,CA,AWP,WE,Towers with Radar,0,28,63,0,91,0,1,23,0,24,0,29,86,0,115,0,0,0,115
11/27/2017,SMO,CA,AWP,WE,Towers with Radar,0,25,36,0,61,0,3,93,0,96,0,28,129,0,157,12,0,12,169
11/28/2017,SMO,CA,AWP,WE,Towers with Radar,0,31,28,0,59,0,4,119,0,123,0,35,147,0,182,40,0,40,222
11/29/2017,SMO,CA,AWP,WE,Towers with Radar,0,20,36,0,56,0,3,129,0,132,0,23,165,0,188,21,0,21,209
11/30/2017,SMO,CA,AWP,WE,Towers with Radar,0,35,34,0,69,0,4,150,0,154,0,39,184,0,223,71,0,71,294
12/01/2017,SMO,CA,AWP,WE,Towers with Radar,0,25,28,0,53,0,2,122,0,124,0,27,150,0,177,84,0,84,261
12/02/2017,SMO,CA,AWP,WE,Towers with Radar,0,17,21,0,38,0,0,124,0,124,0,17,145,0,162,44,0,44,206
12/03/2017,SMO,CA,AWP,WE,Towers with Radar,0,23,22,0,45,0,0,111,0,111,0,23,133,0,156,40,0,40,196
12/04/2017,SMO,CA,AWP,WE,Towers with Radar,0,28,24,0,52,0,5,88,0,93,0,33,112,0,145,22,0,22,167
12/05/2017,SMO,CA,AWP,WE,Towers with Radar,2,16,18,0,36,0,0,57,0,57,2,16,75,0,93,14,0,14,107
12/06/2017,SMO,CA,AWP,WE,Towers with Radar,0,17,39,0,56,0,4,57,0,61,0,21,96,0,117,37,0,37,154
12/07/2017,SMO,CA,AWP,WE,Towers with Radar,0,29,37,0,66,0,4,74,0,78,0,33,111,0,144,7,0,7,151
12/08/2017,SMO,CA,AWP,WE,Towers with Radar,0,11,35,0,46,0,1,97,0,98,0,12,132,0,144,75,0,75,219
12/09/2017,SMO,CA,AWP,WE,Towers with Radar,0,11,16,0,27,0,0,117,0,117,0,11,133,0,144,72,0,72,216
12/10/2017,SMO,CA,AWP,WE,Towers with Radar,0,11,17,0,28,0,0,112,0,112,0,11,129,0,140,68,0,68,208
12/11/2017,SMO,CA,AWP,WE,Towers with Radar,0,11,36,0,47,0,1,124,0,125,0,12,160,0,172,48,0,48,220
12/12/2017,SMO,CA,AWP,WE,Towers with Radar,0,9,19,0,28,0,1,141,4,146,0,10,160,4,174,69,0,69,243
12/13/2017,SMO,CA,AWP,WE,Towers with Radar,0,0,0,0,0,0,2,2,0,4,0,2,2,0,4,0,0,0,4
12/14/2017,SMO,CA,AWP,WE,Towers with Radar,0,0,0,0,0,0,0,3,0,3,0,0,3,0,3,0,0,0,3
12/15/2017,SMO,CA,AWP,WE,Towers with Radar,0,0,0,0,0,0,2,0,0,2,0,2,0,0,2,2,0,2,4
12/16/2017,SMO,CA,AWP,WE,Towers with Radar,0,0,0,0,0,0,1,0,0,1,0,1,0,0,1,0,0,0,1
12/17/2017,SMO,CA,AWP,WE,Towers with Radar,0,0,0,0,0,0,4,0,0,4,0,4,0,0,4,0,0,0,4
12/18/2017,SMO,CA,AWP,WE,Towers with Radar,0,0,0,0,0,0,8,10,0,18,0,8,10,0,18,2,0,2,20
12/19/2017,SMO,CA,AWP,WE,Towers with Radar,0,0,0,0,0,0,3,4,0,7,0,3,4,0,7,0,0,0,7
12/20/2017,SMO,CA,AWP,WE,Towers with Radar,0,2,2,0,4,0,28,31,0,59,0,30,33,0,63,11,0,11,74
12/21/2017,SMO,CA,AWP,WE,Towers with Radar,0,0,0,0,0,0,0,2,0,2,0,0,2,0,2,0,0,0,2
12/22/2017,SMO,CA,AWP,WE,Towers with Radar,0,0,0,0,0,0,10,0,0,10,0,10,0,0,10,0,0,0,10
12/23/2017,SMO,CA,AWP,WE,Towers with Radar,0,6,11,0,17,0,0,123,0,123,0,6,134,0,140,38,0,38,178
12/24/2017,SMO,CA,AWP,WE,Towers with Radar,0,1,7,0,8,0,0,78,0,78,0,1,85,0,86,60,0,60,146
12/25/2017,SMO,CA,AWP,WE,Towers with Radar,0,6,2,0,8,0,4,31,0,35,0,10,33,0,43,6,0,6,49
12/26/2017,SMO,CA,AWP,WE,Towers with Radar,0,3,12,0,15,0,10,67,0,77,0,13,79,0,92,73,0,73,165
12/27/2017,SMO,CA,AWP,WE,Towers with Radar,0,3,13,0,16,0,0,113,0,113,0,3,126,0,129,36,0,36,165
12/28/2017,SMO,CA,AWP,WE,Towers with Radar,0,11,9,0,20,0,3,104,0,107,0,14,113,0,127,57,0,57,184
12/29/2017,SMO,CA,AWP,WE,Towers with Radar,0,5,13,0,18,0,1,127,0,128,0,6,140,0,146,31,0,31,177
12/30/2017,SMO,CA,AWP,WE,Towers with Radar,0,6,8,0,14,0,2,61,0,63,0,8,69,0,77,56,0,56,133
12/31/2017,SMO,CA,AWP,WE,Towers with Radar,0,3,7,0,10,0,2,38,0,40,0,5,45,0,50,10,0,10,60
01/01/2018,SMO,CA,AWP,WE,Towers with Radar,0,4,12,0,16,0,3,52,0,55,0,7,64,0,71,35,0,35,106
01/02/2018,SMO,CA,AWP,WE,Towers with Radar,0,8,14,0,22,0,0,71,0,71,0,8,85,0,93,28,0,28,121
01/03/2018,SMO,CA,AWP,WE,Towers with Radar,0,1,20,0,21,0,2,88,0,90,0,3,108,0,111,27,0,27,138
01/04/2018,SMO,CA,AWP,WE,Towers with Radar,0,13,16,0,29,0,3,91,0,94,0,16,107,0,123,29,0,29,152
01/05/2018,SMO,CA,AWP,WE,Towers with Radar,2,8,12,0,22,0,4,74,0,78,2,12,86,0,100,13,0,13,113
01/06/2018,SMO,CA,AWP,WE,Towers with Radar,0,0,25,0,25,0,0,27,0,27,0,0,52,0,52,0,0,0,52
01/07/2018,SMO,CA,AWP,WE,Towers with Radar,0,4,14,0,18,0,0,63,0,63,0,4,77,0,81,23,0,23,104
01/08/2018,SMO,CA,AWP,WE,Towers with Radar,0,6,30,0,36,0,1,23,0,24,0,7,53,0,60,4,0,4,64
01/09/2018,SMO,CA,AWP,WE,Towers with Radar,0,2,6,0,8,0,0,12,2,14,0,2,18,2,22,0,0,0,22
01/10/2018,SMO,CA,AWP,WE,Towers with Radar,0,7,17,0,24,0,3,113,0,116,0,10,130,0,140,52,0,52,192
01/11/2018,SMO,CA,AWP,WE,Towers with Radar,0,3,19,0,22,0,1,150,0,151,0,4,169,0,173,57,0,57,230
01/12/2018,SMO,CA,AWP,WE,Towers with Radar,0,13,39,0,52,0,4,106,0,110,0,17,145,0,162,12,0,12,174
01/13/2018,SMO,CA,AWP,WE,Towers with Radar,0,8,18,0,26,0,10,168,0,178,0,18,186,0,204,43,0,43,247
01/14/2018,SMO,CA,AWP,WE,Towers with Radar,0,3,10,0,13,0,6,139,0,145,0,9,149,0,158,30,0,30,188
01/15/2018,SMO,CA,AWP,WE,Towers with Radar,0,10,10,0,20,0,4,159,0,163,0,14,169,0,183,82,0,82,265
01/16/2018,SMO,CA,AWP,WE,Towers with Radar,0,3,20,0,23,2,0,111,0,113,2,3,131,0,136,51,0,51,187
01/17/2018,SMO,CA,AWP,WE,Towers with Radar,0,5,30,0,35,0,2,130,0,132,0,7,160,0,167,102,0,102,269
01/18/2018,SMO,CA,AWP,WE,Towers with Radar,0,8,30,0,38,0,7,111,1,119,0,15,141,1,157,90,0,90,247
01/19/2018,SMO,CA,AWP,WE,Towers with Radar,0,5,46,0,51,0,1,30,0,31,0,6,76,0,82,53,0,53,135
01/20/2018,SMO,CA,AWP,WE,Towers with Radar,0,3,9,0,12,0,2,86,0,88,0,5,95,0,100,20,0,20,120
01/21/2018,SMO,CA,AWP,WE,Towers with Radar,0,2,26,0,28,0,5,184,0,189,0,7,210,0,217,48,0,48,265
01/22/2018,SMO,CA,AWP,WE,Towers with Radar,0,2,17,0,19,0,4,141,0,145,0,6,158,0,164,84,0,84,248
01/23/2018,SMO,CA,AWP,WE,Towers with Radar,0,4,17,0,21,0,3,155,0,158,0,7,172,0,179,34,0,34,213
01/24/2018,SMO,CA,AWP,WE,Towers with Radar,0,9,32,1,42,0,0,159,0,159,0,9,191,1,201,54,0,54,255
01/25/2018,SMO,CA,AWP,WE,Towers with Radar,0,6,22,0,28,0,0,77,0,77,0,6,99,0,105,26,0,26,131
01/26/2018,SMO,CA,AWP,WE,Towers with Radar,0,12,22,0,34,0,3,164,1,168,0,15,186,1,202,60,0,60,262
01/27/2018,SMO,CA,AWP,WE,Towers with Radar,0,2,10,0,12,0,0,117,0,117,0,2,127,0,129,54,0,54,183
01/28/2018,SMO,CA,AWP,WE,Towers with Radar,0,12,15,0,27,0,3,97,0,100,0,15,112,0,127,32,0,32,159
01/29/2018,SMO,CA,AWP,WE,Towers with Radar,0,12,23,0,35,0,6,111,0,117,0,18,134,0,152,50,0,50,202
01/30/2018,SMO,CA,AWP,WE,Towers with Radar,0,7,18,0,25,0,2,127,0,129,0,9,145,0,154,70,0,70,224
01/31/2018,SMO,CA,AWP,WE,Towers with Radar,0,10,28,0,38,0,4,145,0,149,0,14,173,0,187,47,0,47,234
02/01/2018,SMO,CA,AWP,WE,Towers with Radar,0,5,11,0,16,0,1,106,0,107,0,6,117,0,123,94,0,94,217
02/02/2018,SMO,CA,AWP,WE,Towers with Radar,0,12,16,0,28,0,5,131,0,136,0,17,147,0,164,37,0,37,201
02/03/2018,SMO,CA,AWP,WE,Towers with Radar,0,4,26,0,30,0,5,141,0,146,0,9,167,0,176,19,0,19,195
02/04/2018,SMO,CA,AWP,WE,Towers with Radar,0,3,17,0,20,0,2,129,0,131,0,5,146,0,151,16,0,16,167
02/05/2018,SMO,CA,AWP,WE,Towers with Radar,0,4,32,0,36,0,0,64,0,64,0,4,96,0,100,30,0,30,130
02/06/2018,SMO,CA,AWP,WE,Towers with Radar,0,10,20,0,30,0,1,66,0,67,0,11,86,0,97,51,0,51,148
02/07/2018,SMO,CA,AWP,WE,Towers with Radar,0,3,19,0,22,0,2,111,0,113,0,5,130,0,135,55,0,55,190
02/08/2018,SMO,CA,AWP,WE,Towers with Radar,0,3,21,0,24,0,3,126,0,129,0,6,147,0,153,52,0,52,205
02/09/2018,SMO,CA,AWP,WE,Towers with Radar,0,16,38,0,54,0,1,115,0,116,0,17,153,0,170,31,0,31,201
02/10/2018,SMO,CA,AWP,WE,Towers with Radar,0,11,46,0,57,0,4,45,0,49,0,15,91,0,106,47,0,47,153
02/11/2018,SMO,CA,AWP,WE,Towers with Radar,0,12,12,0,24,0,10,179,0,189,0,22,191,0,213,24,0,24,237
02/12/2018,SMO,CA,AWP,WE,Towers with Radar,0,9,30,0,39,0,2,89,0,91,0,11,119,0,130,23,0,23,153
02/13/2018,SMO,CA,AWP,WE,Towers with Radar,0,12,24,0,36,0,0,79,0,79,0,12,103,0,115,15,0,15,130
02/14/2018,SMO,CA,AWP,WE,Towers with Radar,0,11,21,0,32,0,0,82,0,82,0,11,103,0,114,34,0,34,148
02/15/2018,SMO,CA,AWP,WE,Towers with Radar,0,11,18,0,29,0,1,141,0,142,0,12,159,0,171,58,0,58,229
02/16/2018,SMO,CA,AWP,WE,Towers with Radar,0,9,24,0,33,0,2,139,0,141,0,11,163,0,174,58,0,58,232
02/17/2018,SMO,CA,AWP,WE,Towers with Radar,0,8,19,0,27,0,3,187,0,190,0,11,206,0,217,42,0,42,259
02/18/2018,SMO,CA,AWP,WE,Towers with Radar,0,10,14,0,24,0,0,156,0,156,0,10,170,0,180,60,0,60,240
02/19/2018,SMO,CA,AWP,WE,Towers with Radar,0,2,22,0,24,0,0,72,0,72,0,2,94,0,96,18,0,18,114
02/20/2018,SMO,CA,AWP,WE,Towers with Radar,0,11,27,0,38,0,3,119,0,122,0,14,146,0,160,58,0,58,218
02/21/2018,SMO,CA,AWP,WE,Towers with Radar,0,8,30,0,38,0,4,99,0,103,0,12,129,0,141,31,0,31,172
02/22/2018,SMO,CA,AWP,WE,Towers with Radar,0,13,26,0,39,0,0,103,0,103,0,13,129,0,142,88,0,88,230
02/23/2018,SMO,CA,AWP,WE,Towers with Radar,0,20,17,0,37,0,1,82,0,83,0,21,99,0,120,19,0,19,139
02/24/2018,SMO,CA,AWP,WE,Towers with Radar,0,6,24,0,30,0,6,111,0,117,0,12,135,0,147,58,0,58,205
02/25/2018,SMO,CA,AWP,WE,Towers with Radar,0,12,30,0,42,0,5,140,0,145,0,17,170,0,187,66,0,66,253
02/26/2018,SMO,CA,AWP,WE,Towers with Radar,0,8,20,0,28,0,5,106,0,111,0,13,126,0,139,40,0,40,179
02/27/2018,SMO,CA,AWP,WE,Towers with Radar,0,8,23,0,31,0,4,69,0,73,0,12,92,0,104,26,0,26,130
02/28/2018,SMO,CA,AWP,WE,Towers with Radar,0,11,21,0,32,0,5,140,0,145,0,16,161,0,177,74,0,74,251
03/01/2018,SMO,CA,AWP,WE,Towers with Radar,0,3,16,0,19,0,0,113,0,113,0,3,129,0,132,85,0,85,217
03/02/2018,SMO,CA,AWP,WE,Towers with Radar,0,8,35,0,43,0,0,7,0,7,0,8,42,0,50,0,0,0,50
03/03/2018,SMO,CA,AWP,WE,Towers with Radar,0,1,8,0,9,0,0,44,0,44,0,1,52,0,53,36,0,36,89
03/04/2018,SMO,CA,AWP,WE,Towers with Radar,0,2,20,0,22,0,2,127,2,131,0,4,147,2,153,12,3,15,168
03/05/2018,SMO,CA,AWP,WE,Towers with Radar,0,1,20,0,21,0,2,101,0,103,0,3,121,0,124,34,0,34,158
03/06/2018,SMO,CA,AWP,WE,Towers with Radar,0,4,16,0,20,0,2,110,1,113,0,6,126,1,133,67,0,67,200
03/07/2018,SMO,CA,AWP,WE,Towers with Radar,0,6,21,0,27,0,5,127,0,132,0,11,148,0,159,88,0,88,247
03/08/2018,SMO,CA,AWP,WE,Towers with Radar,0,7,29,0,36,0,6,150,0,156,0,13,179,0,192,84,0,84,276
03/09/2018,SMO,CA,AWP,WE,Towers with Radar,0,4,39,0,43,0,2,80,0,82,0,6,119,0,125,9,0,9,134
03/10/2018,SMO,CA,AWP,WE,Towers with Radar,0,2,22,0,24,0,0,0,0,0,0,2,22,0,24,0,0,0,24
03/11/2018,SMO,CA,AWP,WE,Towers with Radar,0,5,44,2,51,0,0,30,9,39,0,5,74,11,90,20,0,20,110
03/12/2018,SMO,CA,AWP,WE,Towers with Radar,0,4,78,0,82,0,0,16,0,16,0,4,94,0,98,2,0,2,100
03/13/2018,SMO,CA,AWP,WE,Towers with Radar,0,4,19,6,29,0,0,1,1,2,0,4,20,7,31,0,0,0,31
03/14/2018,SMO,CA,AWP,WE,Towers with Radar,0,4,21,0,25,0,0,72,0,72,0,4,93,0,97,163,0,163,260
03/15/2018,SMO,CA,AWP,WE,Towers with Radar,0,4,25,0,29,0,0,105,0,105,0,4,130,0,134,78,0,78,212
03/16/2018,SMO,CA,AWP,WE,Towers with Radar,0,4,32,0,36,0,5,54,0,59,0,9,86,0,95,62,0,62,157
03/17/2018,SMO,CA,AWP,WE,Towers with Radar,0,6,15,0,21,0,3,144,0,147,0,9,159,0,168,36,0,36,204
03/18/2018,SMO,CA,AWP,WE,Towers with Radar,0,8,33,0,41,0,0,133,0,133,0,8,166,0,174,51,0,51,225
03/19/2018,SMO,CA,AWP,WE,Towers with Radar,0,16,27,0,43,0,8,145,0,153,0,24,172,0,196,114,0,114,310
03/20/2018,SMO,CA,AWP,WE,Towers with Radar,0,12,29,0,41,0,1,97,0,98,0,13,126,0,139,85,0,85,224
03/21/2018,SMO,CA,AWP,WE,Towers with Radar,0,3,17,0,20,0,3,17,0,20,0,6,34,0,40,11,0,11,51
03/22/2018,SMO,CA,AWP,WE,Towers with Radar,0,3,28,0,31,0,1,1,0,2,0,4,29,0,33,0,0,0,33
03/23/2018,SMO,CA,AWP,WE,Towers with Radar,0,10,36,0,46,0,1,95,0,96,0,11,131,0,142,107,0,107,249
03/24/2018,SMO,CA,AWP,WE,Towers with Radar,0,5,26,0,31,0,8,121,0,129,0,13,147,0,160,36,0,36,196
03/25/2018,SMO,CA,AWP,WE,Towers with Radar,0,3,17,0,20,0,10,117,0,127,0,13,134,0,147,63,0,63,210
03/26/2018,SMO,CA,AWP,WE,Towers with Radar,0,11,7,0,18,0,7,127,0,134,0,18,134,0,152,75,0,75,227
03/27/2018,SMO,CA,AWP,WE,Towers with Radar,0,5,15,0,20,0,6,68,0,74,0,11,83,0,94,12,0,12,106
03/28/2018,SMO,CA,AWP,WE,Towers with Radar,0,13,21,0,34,0,4,176,0,180,0,17,197,0,214,111,0,111,325
03/29/2018,SMO,CA,AWP,WE,Towers with Radar,0,10,29,0,39,0,3,104,0,107,0,13,133,0,146,34,0,34,180
03/30/2018,SMO,CA,AWP,WE,Towers with Radar,0,5,32,1,38,0,1,73,0,74,0,6,105,1,112,11,2,13,125
03/31/2018,SMO,CA,AWP,WE,Towers with Radar,0,4,24,0,28,0,0,38,0,38,0,4,62,0,66,2,0,2,68
04/01/2018,SMO,CA,AWP,WE,Towers with Radar,0,3,17,0,20,0,0,41,0,41,0,3,58,0,61,8,0,8,69
04/02/2018,SMO,CA,AWP,WE,Towers with Radar,0,5,51,0,56,0,0,69,0,69,0,5,120,0,125,97,0,97,222
04/03/2018,SMO,CA,AWP,WE,Towers with Radar,0,13,23,0,36,0,1,136,0,137,0,14,159,0,173,120,0,120,293
04/04/2018,SMO,CA,AWP,WE,Towers with Radar,0,12,78,0,90,0,1,21,0,22,0,13,99,0,112,0,0,0,112
04/05/2018,SMO,CA,AWP,WE,Towers with Radar,0,5,35,0,40,0,4,49,0,53,0,9,84,0,93,26,0,26,119
04/06/2018,SMO,CA,AWP,WE,Towers with Radar,0,6,23,0,29,0,0,117,0,117,0,6,140,0,146,70,0,70,216
04/07/2018,SMO,CA,AWP,WE,Towers with Radar,0,11,34,0,45,0,0,25,0,25,0,11,59,0,70,28,0,28,98
04/08/2018,SMO,CA,AWP,WE,Towers with Radar,0,7,27,0,34,0,1,172,0,173,0,8,199,0,207,45,0,45,252
04/09/2018,SMO,CA,AWP,WE,Towers with Radar,0,6,16,0,22,0,2,115,0,117,0,8,131,0,139,72,0,72,211
04/10/2018,SMO,CA,AWP,WE,Towers with Radar,0,11,17,0,28,0,3,128,0,131,0,14,145,0,159,105,0,105,264
04/11/2018,SMO,CA,AWP,WE,Towers with Radar,0,9,15,0,24,0,0,128,0,128,0,9,143,0,152,44,0,44,196
04/12/2018,SMO,CA,AWP,WE,Towers with Radar,0,7,15,0,22,0,2,56,0,58,0,9,71,0,80,18,0,18,98
04/13/2018,SMO,CA,AWP,WE,Towers with Radar,0,18,9,0,27,0,1,181,0,182,0,19,190,0,209,74,0,74,283
04/14/2018,SMO,CA,AWP,WE,Towers with Radar,0,3,24,0,27,0,1,188,0,189,0,4,212,0,216,70,0,70,286
04/15/2018,SMO,CA,AWP,WE,Towers with Radar,0,4,25,0,29,0,4,146,0,150,0,8,171,0,179,43,0,43,222
04/16/2018,SMO,CA,AWP,WE,Towers with Radar,0,10,18,0,28,0,3,81,0,84,0,13,99,0,112,29,0,29,141
04/17/2018,SMO,CA,AWP,WE,Towers with Radar,0,11,26,0,37,0,4,108,0,112,0,15,134,0,149,56,0,56,205
04/18/2018,SMO,CA,AWP,WE,Towers with Radar,0,19,26,0,45,0,4,135,0,139,0,23,161,0,184,130,0,130,314
04/19/2018,SMO,CA,AWP,WE,Towers with Radar,0,8,20,1,29,0,0,103,0,103,0,8,123,1,132,39,0,39,171
04/20/2018,SMO,CA,AWP,WE,Towers with Radar,0,19,21,1,41,0,2,167,0,169,0,21,188,1,210,63,0,63,273
04/21/2018,SMO,CA,AWP,WE,Towers with Radar,0,5,14,0,19,0,1,151,0,152,0,6,165,0,171,29,0,29,200
04/22/2018,SMO,CA,AWP,WE,Towers with Radar,0,6,19,0,25,0,0,164,0,164,0,6,183,0,189,54,0,54,243
04/23/2018,SMO,CA,AWP,WE,Towers with Radar,0,14,37,0,51,0,0,58,0,58,0,14,95,0,109,31,0,31,140
04/24/2018,SMO,CA,AWP,WE,Towers with Radar,0,12,25,0,37,0,0,44,0,44,0,12,69,0,81,13,0,13,94
04/25/2018,SMO,CA,AWP,WE,Towers with Radar,0,4,27,0,31,0,16,93,0,109,0,20,120,0,140,119,0,119,259
04/26/2018,SMO,CA,AWP,WE,Towers with Radar,0,7,30,0,37,0,1,114,0,115,0,8,144,0,152,55,0,55,207
04/27/2018,SMO,CA,AWP,WE,Towers with Radar,0,19,31,0,50,0,4,113,0,117,0,23,144,0,167,108,0,108,275
04/28/2018,SMO,CA,AWP,WE,Towers with Radar,0,7,9,0,16,0,2,144,0,146,0,9,153,0,162,18,0,18,180
04/29/2018,SMO,CA,AWP,WE,Towers with Radar,0,6,19,0,25,0,2,137,0,139,0,8,156,0,164,42,0,42,206
04/30/2018,SMO,CA,AWP,WE,Towers with Radar,0,10,32,0,42,0,4,58,0,62,0,14,90,0,104,86,0,86,190
05/01/2018,SMO,CA,AWP,WE,Towers with Radar,0,8,31,1,40,0,11,22,0,33,0,19,53,1,73,15,0,15,88
05/02/2018,SMO,CA,AWP,WE,Towers with Radar,0,12,32,0,44,0,0,44,0,44,0,12,76,0,88,109,0,109,197
05/03/2018,SMO,CA,AWP,WE,Towers with Radar,0,7,25,0,32,0,6,140,1,147,0,13,165,1,179,68,0,68,247
05/04/2018,SMO,CA,AWP,WE,Towers with Radar,0,11,14,0,25,0,4,172,0,176,0,15,186,0,201,127,0,127,328
05/05/2018,SMO,CA,AWP,WE,Towers with Radar,0,11,7,0,18,0,3,152,0,155,0,14,159,0,173,55,2,57,230
05/06/2018,SMO,CA,AWP,WE,Towers with Radar,0,4,20,1,25,0,2,138,1,141,0,6,158,2,166,83,0,83,249
05/07/2018,SMO,CA,AWP,WE,Towers with Radar,0,10,18,0,28,0,6,121,0,127,0,16,139,0,155,70,0,70,225
05/08/2018,SMO,CA,AWP,WE,Towers with Radar,0,6,23,0,29,0,9,59,0,68,0,15,82,0,97,49,0,49,146
05/09/2018,SMO,CA,AWP,WE,Towers with Radar,0,6,32,0,38,0,6,87,0,93,0,12,119,0,131,47,0,47,178
05/10/2018,SMO,CA,AWP,WE,Towers with Radar,0,6,40,0,46,0,10,129,0,139,0,16,169,0,185,63,0,63,248
05/11/2018,SMO,CA,AWP,WE,Towers with Radar,0,5,64,0,69,0,2,12,0,14,0,7,76,0,83,83,0,83,166
05/12/2018,SMO,CA,AWP,WE,Towers with Radar,0,6,23,0,29,0,0,41,0,41,0,6,64,0,70,14,0,14,84
05/13/2018,SMO,CA,AWP,WE,Towers with Radar,0,10,22,0,32,0,2,99,0,101,0,12,121,0,133,59,0,59,192
05/14/2018,SMO,CA,AWP,WE,Towers with Radar,0,17,30,0,47,0,3,114,0,117,0,20,144,0,164,100,0,100,264
05/15/2018,SMO,CA,AWP,WE,Towers with Radar,0,18,29,0,47,0,3,125,0,128,0,21,154,0,175,56,0,56,231
05/16/2018,SMO,CA,AWP,WE,Towers with Radar,0,10,31,0,41,0,0,122,0,122,0,10,153,0,163,83,0,83,246
05/17/2018,SMO,CA,AWP,WE,Towers with Radar,0,13,16,0,29,0,4,150,0,154,0,17,166,0,183,72,0,72,255
05/18/2018,SMO,CA,AWP,WE,Towers with Radar,0,5,37,0,42,0,2,123,0,125,0,7,160,0,167,95,0,95,262
05/19/2018,SMO,CA,AWP,WE,Towers with Radar,0,6,31,0,37,0,1,50,0,51,0,7,81,0,88,36,0,36,124
05/20/2018,SMO,CA,AWP,WE,Towers with Radar,0,18,44,1,63,0,9,79,0,88,0,27,123,1,151,71,0,71,222
05/21/2018,SMO,CA,AWP,WE,Towers with Radar,0,5,47,0,52,0,0,45,0,45,0,5,92,0,97,46,0,46,143
05/22/2018,SMO,CA,AWP,WE,Towers with Radar,0,15,38,0,53,0,4,69,0,73,0,19,107,0,126,21,0,21,147
05/23/2018,SMO,CA,AWP,WE,Towers with Radar,0,11,44,0,55,0,10,60,0,70,0,21,104,0,125,115,0,115,240
05/24/2018,SMO,CA,AWP,WE,Towers with Radar,0,7,58,0,65,0,1,32,0,33,0,8,90,0,98,91,0,91,189
05/25/2018,SMO,CA,AWP,WE,Towers with Radar,0,8,22,0,30,0,3,111,0,114,0,11,133,0,144,82,0,82,226
05/26/2018,SMO,CA,AWP,WE,Towers with Radar,0,4,9,0,13,0,0,97,0,97,0,4,106,0,110,56,0,56,166
05/27/2018,SMO,CA,AWP,WE,Towers with Radar,0,4,24,0,28,0,2,107,0,109,0,6,131,0,137,79,0,79,216
05/28/2018,SMO,CA,AWP,WE,Towers with Radar,0,12,37,0,49,0,2,111,0,113,0,14,148,0,162,26,0,26,188
05/29/2018,SMO,CA,AWP,WE,Towers with Radar,0,10,54,0,64,0,4,21,0,25,0,14,75,0,89,0,0,0,89
05/30/2018,SMO,CA,AWP,WE,Towers with Radar,0,3,39,0,42,0,2,20,0,22,0,5,59,0,64,32,0,32,96
05/31/2018,SMO,CA,AWP,WE,Towers with Radar,0,10,18,0,28,0,1,120,0,121,0,11,138,0,149,32,0,32,181
06/01/2018,SMO,CA,AWP,WE,Towers with Radar,0,4,22,0,26,0,0,133,0,133,0,4,155,0,159,142,0,142,301
06/02/2018,SMO,CA,AWP,WE,Towers with Radar,0,2,14,0,16,0,0,161,0,161,0,2,175,0,177,48,0,48,225
06/03/2018,SMO,CA,AWP,WE,Towers with Radar,0,3,25,0,28,0,1,265,0,266,0,4,290,0,294,34,0,34,328
06/04/2018,SMO,CA,AWP,WE,Towers with Radar,0,9,31,0,40,0,5,100,0,105,0,14,131,0,145,98,0,98,243
06/05/2018,SMO,CA,AWP,WE,Towers with Radar,0,6,15,0,21,0,3,46,0,49,0,9,61,0,70,25,0,25,95
06/06/2018,SMO,CA,AWP,WE,Towers with Radar,0,18,35,0,53,0,7,72,0,79,0,25,107,0,132,34,0,34,166
06/07/2018,SMO,CA,AWP,WE,Towers with Radar,0,7,13,0,20,0,7,110,0,117,0,14,123,0,137,35,0,35,172
06/08/2018,SMO,CA,AWP,WE,Towers with Radar,0,4,22,0,26,0,1,173,0,174,0,5,195,0,200,115,0,115,315
06/09/2018,SMO,CA,AWP,WE,Towers with Radar,0,3,6,0,9,0,1,117,0,118,0,4,123,0,127,33,0,33,160
06/10/2018,SMO,CA,AWP,WE,Towers with Radar,0,7,9,0,16,0,1,135,0,136,0,8,144,0,152,33,0,33,185
06/11/2018,SMO,CA,AWP,WE,Towers with Radar,0,10,19,0,29,0,7,114,1,122,0,17,133,1,151,53,0,53,204
06/12/2018,SMO,CA,AWP,WE,Towers with Radar,0,2,20,0,22,0,1,121,0,122,0,3,141,0,144,26,0,26,170
06/13/2018,SMO,CA,AWP,WE,Towers with Radar,0,2,27,0,29,0,3,87,0,90,0,5,114,0,119,45,0,45,164
06/14/2018,SMO,CA,AWP,WE,Towers with Radar,0,9,39,0,48,0,0,87,0,87,0,9,126,0,135,25,0,25,160
06/15/2018,SMO,CA,AWP,WE,Towers with Radar,0,11,40,0,51,0,1,123,0,124,0,12,163,0,175,51,0,51,226
06/16/2018,SMO,CA,AWP,WE,Towers with Radar,0,9,28,0,37,0,7,66,0,73,0,16,94,0,110,66,0,66,176
06/17/2018,SMO,CA,AWP,WE,Towers with Radar,0,13,42,0,55,0,2,107,0,109,0,15,149,0,164,75,0,75,239
06/18/2018,SMO,CA,AWP,WE,Towers with Radar,0,8,14,0,22,0,7,112,0,119,0,15,126,0,141,71,0,71,212
06/19/2018,SMO,CA,AWP,WE,Towers with Radar,0,8,22,0,30,0,9,99,8,116,0,17,121,8,146,30,0,30,176
06/20/2018,SMO,CA,AWP,WE,Towers with Radar,0,9,33,0,42,0,2,49,0,51,0,11,82,0,93,7,0,7,100
06/21/2018,SMO,CA,AWP,WE,Towers with Radar,0,5,38,0,43,0,1,66,0,67,0,6,104,0,110,6,0,6,116
06/22/2018,SMO,CA,AWP,WE,Towers with Radar,0,11,48,0,59,0,5,19,0,24,0,16,67,0,83,0,0,0,83
06/23/2018,SMO,CA,AWP,WE,Towers with Radar,0,5,28,0,33,0,0,62,0,62,0,5,90,0,95,29,0,29,124
06/24/2018,SMO,CA,AWP,WE,Towers with Radar,0,7,23,0,30,0,5,99,0,104,0,12,122,0,134,61,0,61,195
06/25/2018,SMO,CA,AWP,WE,Towers with Radar,0,10,15,1,26,0,1,107,1,109,0,11,122,2,135,142,0,142,277
06/26/2018,SMO,CA,AWP,WE,Towers with Radar,0,7,32,0,39,0,4,122,0,126,0,11,154,0,165,32,0,32,197
06/27/2018,SMO,CA,AWP,WE,Towers with Radar,0,6,20,1,27,0,3,124,0,127,0,9,144,1,154,27,0,27,181
06/28/2018,SMO,CA,AWP,WE,Towers with Radar,0,1,33,0,34,0,3,94,0,97,0,4,127,0,131,66,0,66,197
06/29/2018,SMO,CA,AWP,WE,Towers with Radar,0,5,25,0,30,1,4,101,0,106,1,9,126,0,136,60,0,60,196
06/30/2018,SMO,CA,AWP,WE,Towers with Radar,0,5,13,0,18,0,2,93,0,95,0,7,106,0,113,45,0,45,158
07/01/2018,SMO,CA,AWP,WE,Towers with Radar,0,9,13,0,22,0,1,116,0,117,0,10,129,0,139,27,0,27,166
07/02/2018,SMO,CA,AWP,WE,Towers with Radar,0,6,18,0,24,0,1,91,0,92,0,7,109,0,116,91,0,91,207
07/03/2018,SMO,CA,AWP,WE,Towers with Radar,0,1,22,0,23,0,0,109,0,109,0,1,131,0,132,103,0,103,235
07/04/2018,SMO,CA,AWP,WE,Towers with Radar,0,7,7,0,14,0,1,76,0,77,0,8,83,0,91,29,0,29,120
07/05/2018,SMO,CA,AWP,WE,Towers with Radar,0,17,11,0,28,0,1,107,0,108,0,18,118,0,136,16,0,16,152
07/06/2018,SMO,CA,AWP,WE,Towers with Radar,0,8,3,0,11,0,0,79,0,79,0,8,82,0,90,39,0,39,129
07/07/2018,SMO,CA,AWP,WE,Towers with Radar,0,4,11,0,15,0,2,77,0,79,0,6,88,0,94,10,0,10,104
07/08/2018,SMO,CA,AWP,WE,Towers with Radar,0,2,20,0,22,0,1,123,0,124,0,3,143,0,146,66,0,66,212
07/09/2018,SMO,CA,AWP,WE,Towers with Radar,0,10,6,0,16,0,1,112,0,113,0,11,118,0,129,105,0,105,234
07/10/2018,SMO,CA,AWP,WE,Towers with Radar,0,3,5,0,8,0,1,83,0,84,0,4,88,0,92,72,0,72,164
07/11/2018,SMO,CA,AWP,WE,Towers with Radar,0,9,17,0,26,0,1,135,1,137,0,10,152,1,163,74,0,74,237
07/12/2018,SMO,CA,AWP,WE,Towers with Radar,0,19,18,0,37,0,6,121,0,127,0,25,139,0,164,35,0,35,199
07/13/2018,SMO,CA,AWP,WE,Towers with Radar,0,13,9,0,22,0,3,137,0,140,0,16,146,0,162,60,0,60,222
07/14/2018,SMO,CA,AWP,WE,Towers with Radar,0,5,11,0,16,0,0,131,0,131,0,5,142,0,147,68,0,68,215
07/15/2018,SMO,CA,AWP,WE,Towers with Radar,0,12,14,0,26,0,2,108,0,110,0,14,122,0,136,35,0,35,171
07/16/2018,SMO,CA,AWP,WE,Towers with Radar,0,8,10,0,18,0,5,74,0,79,0,13,84,0,97,38,0,38,135
07/17/2018,SMO,CA,AWP,WE,Towers with Radar,0,4,35,0,39,0,6,52,0,58,0,10,87,0,97,5,0,5,102
07/18/2018,SMO,CA,AWP,WE,Towers with Radar,0,9,36,0,45,0,2,67,0,69,0,11,103,0,114,25,0,25,139
07/19/2018,SMO,CA,AWP,WE,Towers with Radar,0,7,11,0,18,0,1,114,0,115,0,8,125,0,133,50,0,50,183
07/20/2018,SMO,CA,AWP,WE,Towers with Radar,0,17,23,0,40,0,1,144,1,146,0,18,167,1,186,91,0,91,277
07/21/2018,SMO,CA,AWP,WE,Towers with Radar,0,6,19,0,25,0,0,135,0,135,0,6,154,0,160,31,0,31,191
07/22/2018,SMO,CA,AWP,WE,Towers with Radar,0,7,16,0,23,0,0,122,0,122,0,7,138,0,145,49,0,49,194
07/23/2018,SMO,CA,AWP,WE,Towers with Radar,0,2,15,0,17,0,5,134,0,139,0,7,149,0,156,114,0,114,270
07/24/2018,SMO,CA,AWP,WE,Towers with Radar,0,5,16,0,21,0,5,79,0,84,0,10,95,0,105,122,0,122,227
07/25/2018,SMO,CA,AWP,WE,Towers with Radar,0,6,28,0,34,0,2,84,0,86,0,8,112,0,120,13,0,13,133
07/26/2018,SMO,CA,AWP,WE,Towers with Radar,0,9,63,0,72,0,0,26,0,26,0,9,89,0,98,9,0,9,107
07/27/2018,SMO,CA,AWP,WE,Towers with Radar,0,4,22,0,26,0,2,68,0,70,0,6,90,0,96,10,0,10,106
07/28/2018,SMO,CA,AWP,WE,Towers with Radar,0,4,18,0,22,0,0,76,0,76,0,4,94,0,98,56,0,56,154
07/29/2018,SMO,CA,AWP,WE,Towers with Radar,0,8,17,0,25,0,5,127,0,132,0,13,144,0,157,64,0,64,221
07/30/2018,SMO,CA,AWP,WE,Towers with Radar,0,12,21,0,33,0,1,124,0,125,0,13,145,0,158,89,0,89,247
07/31/2018,SMO,CA,AWP,WE,Towers with Radar,0,6,16,0,22,0,3,166,0,169,0,9,182,0,191,72,0,72,263
08/01/2018,SMO,CA,AWP,WE,Towers with Radar,0,10,24,0,34,0,4,146,0,150,0,14,170,0,184,118,0,118,302
08/02/2018,SMO,CA,AWP,WE,Towers with Radar,0,11,23,0,34,0,4,120,0,124,0,15,143,0,158,80,0,80,238
08/03/2018,SMO,CA,AWP,WE,Towers with Radar,0,10,18,1,29,0,4,169,0,173,0,14,187,1,202,67,0,67,269
08/04/2018,SMO,CA,AWP,WE,Towers with Radar,0,5,9,0,14,0,5,118,0,123,0,10,127,0,137,37,0,37,174
08/05/2018,SMO,CA,AWP,WE,Towers with Radar,0,12,19,1,32,0,1,138,0,139,0,13,157,1,171,74,0,74,245
08/06/2018,SMO,CA,AWP,WE,Towers with Radar,0,5,9,1,15,0,2,113,0,115,0,7,122,1,130,127,0,127,257
08/07/2018,SMO,CA,AWP,WE,Towers with Radar,0,17,7,0,24,0,13,117,0,130,0,30,124,0,154,118,0,118,272
08/08/2018,SMO,CA,AWP,WE,Towers with Radar,0,17,16,0,33,0,6,185,0,191,0,23,201,0,224,50,0,50,274
08/09/2018,SMO,CA,AWP,WE,Towers with Radar,0,11,13,0,24,0,4,159,0,163,0,15,172,0,187,70,0,70,257
08/10/2018,SMO,CA,AWP,WE,Towers with Radar,0,12,32,0,44,0,1,148,0,149,0,13,180,0,193,86,0,86,279
08/11/2018,SMO,CA,AWP,WE,Towers with Radar,0,8,17,0,25,0,6,158,0,164,0,14,175,0,189,54,0,54,243
08/12/2018,SMO,CA,AWP,WE,Towers with Radar,0,10,14,0,24,0,4,187,0,191,0,14,201,0,215,51,0,51,266
08/13/2018,SMO,CA,AWP,WE,Towers with Radar,0,4,20,0,24,0,8,129,0,137,0,12,149,0,161,109,0,109,270
08/14/2018,SMO,CA,AWP,WE,Towers with Radar,0,11,21,0,32,0,10,121,0,131,0,21,142,0,163,90,0,90,253
08/15/2018,SMO,CA,AWP,WE,Towers with Radar,0,6,26,0,32,0,4,89,0,93,0,10,115,0,125,66,0,66,191
08/16/2018,SMO,CA,AWP,WE,Towers with Radar,0,3,31,2,36,0,1,112,2,115,0,4,143,4,151,48,0,48,199
08/17/2018,SMO,CA,AWP,WE,Towers with Radar,0,20,36,0,56,0,0,78,0,78,0,20,114,0,134,41,0,41,175
08/18/2018,SMO,CA,AWP,WE,Towers with Radar,0,4,29,0,33,0,3,111,0,114,0,7,140,0,147,86,0,86,233
08/19/2018,SMO,CA,AWP,WE,Towers with Radar,0,10,20,0,30,0,0,150,0,150,0,10,170,0,180,72,0,72,252
08/20/2018,SMO,CA,AWP,WE,Towers with Radar,0,1,25,0,26,0,4,129,0,133,0,5,154,0,159,122,0,122,281
08/21/2018,SMO,CA,AWP,WE,Towers with Radar,0,5,22,0,27,0,8,103,0,111,0,13,125,0,138,140,0,140,278
08/22/2018,SMO,CA,AWP,WE,Towers with Radar,0,8,18,0,26,0,1,128,2,131,0,9,146,2,157,121,0,121,278
08/23/2018,SMO,CA,AWP,WE,Towers with Radar,0,10,27,0,37,0,4,153,0,157,0,14,180,0,194,78,0,78,272
08/24/2018,SMO,CA,AWP,WE,Towers with Radar,0,10,41,0,51,0,10,115,0,125,0,20,156,0,176,96,0,96,272
08/25/2018,SMO,CA,AWP,WE,Towers with Radar,0,8,27,0,35,0,4,83,0,87,0,12,110,0,122,52,0,52,174
08/26/2018,SMO,CA,AWP,WE,Towers with Radar,0,3,17,0,20,0,2,131,0,133,0,5,148,0,153,65,0,65,218
08/27/2018,SMO,CA,AWP,WE,Towers with Radar,0,7,22,1,30,0,0,86,0,86,0,7,108,1,116,136,0,136,252
08/28/2018,SMO,CA,AWP,WE,Towers with Radar,0,5,17,0,22,0,1,83,0,84,0,6,100,0,106,107,0,107,213
08/29/2018,SMO,CA,AWP,WE,Towers with Radar,0,5,12,0,17,0,3,131,2,136,0,8,143,2,153,107,0,107,260
08/30/2018,SMO,CA,AWP,WE,Towers with Radar,0,2,5,0,7,0,2,133,0,135,0,4,138,0,142,65,0,65,207
08/31/2018,SMO,CA,AWP,WE,Towers with Radar,0,12,19,0,31,0,5,175,0,180,0,17,194,0,211,134,0,134,345
09/01/2018,SMO,CA,AWP,WE,Towers with Radar,0,6,26,0,32,0,6,96,0,102,0,12,122,0,134,90,0,90,224
09/02/2018,SMO,CA,AWP,WE,Towers with Radar,0,4,16,0,20,0,3,92,0,95,0,7,108,0,115,33,0,33,148
09/03/2018,SMO,CA,AWP,WE,Towers with Radar,0,6,33,0,39,0,0,115,0,115,0,6,148,0,154,29,0,29,183
09/04/2018,SMO,CA,AWP,WE,Towers with Radar,0,3,47,0,50,0,1,19,0,20,0,4,66,0,70,15,0,15,85
09/05/2018,SMO,CA,AWP,WE,Towers with Radar,0,13,56,0,69,0,0,16,0,16,0,13,72,0,85,6,0,6,91
09/06/2018,SMO,CA,AWP,WE,Towers with Radar,0,8,41,0,49,0,0,55,0,55,0,8,96,0,104,3,0,3,107
09/07/2018,SMO,CA,AWP,WE,Towers with Radar,0,18,17,0,35,0,5,102,0,107,0,23,119,0,142,60,0,60,202
09/08/2018,SMO,CA,AWP,WE,Towers with Radar,0,8,38,0,46,0,1,26,0,27,0,9,64,0,73,0,0,0,73
09/09/2018,SMO,CA,AWP,WE,Towers with Radar,0,8,29,0,37,0,4,66,0,70,0,12,95,0,107,22,1,23,130
09/10/2018,SMO,CA,AWP,WE,Towers with Radar,0,4,19,0,23,0,0,101,0,101,0,4,120,0,124,130,0,130,254
09/11/2018,SMO,CA,AWP,WE,Towers with Radar,0,5,36,0,41,0,5,137,0,142,0,10,173,0,183,103,0,103,286
09/12/2018,SMO,CA,AWP,WE,Towers with Radar,0,10,37,2,49,0,4,132,2,138,0,14,169,4,187,157,0,157,344
09/13/2018,SMO,CA,AWP,WE,Towers with Radar,0,7,12,0,19,0,6,122,0,128,0,13,134,0,147,86,0,86,233
09/14/2018,SMO,CA,AWP,WE,Towers with Radar,0,6,26,1,33,0,7,119,0,126,0,13,145,1,159,61,0,61,220
09/15/2018,SMO,CA,AWP,WE,Towers with Radar,0,3,19,0,22,0,0,144,0,144,0,3,163,0,166,55,0,55,221
09/16/2018,SMO,CA,AWP,WE,Towers with Radar,0,3,23,1,27,0,10,178,0,188,0,13,201,1,215,32,0,32,247
09/17/2018,SMO,CA,AWP,WE,Towers with Radar,0,10,16,0,26,0,2,121,0,123,0,12,137,0,149,97,0,97,246
09/18/2018,SMO,CA,AWP,WE,Towers with Radar,0,9,12,0,21,0,1,136,0,137,0,10,148,0,158,183,0,183,341
09/19/2018,SMO,CA,AWP,WE,Towers with Radar,0,9,10,1,20,0,2,121,0,123,0,11,131,1,143,90,0,90,233
09/20/2018,SMO,CA,AWP,WE,Towers with Radar,0,8,30,0,38,0,7,116,1,124,0,15,146,1,162,92,0,92,254
09/21/2018,SMO,CA,AWP,WE,Towers with Radar,0,15,22,0,37,0,4,105,0,109,0,19,127,0,146,152,0,152,298
09/22/2018,SMO,CA,AWP,WE,Towers with Radar,0,9,20,0,29,0,5,155,0,160,0,14,175,0,189,29,0,29,218
09/23/2018,SMO,CA,AWP,WE,Towers with Radar,0,5,23,1,29,0,1,122,0,123,0,6,145,1,152,75,0,75,227
09/24/2018,SMO,CA,AWP,WE,Towers with Radar,0,5,28,0,33,0,8,76,0,84,0,13,104,0,117,26,0,26,143
09/25/2018,SMO,CA,AWP,WE,Towers with Radar,0,5,36,0,41,0,2,40,0,42,0,7,76,0,83,15,0,15,98
09/26/2018,SMO,CA,AWP,WE,Towers with Radar,0,7,39,0,46,0,8,77,0,85,0,15,116,0,131,12,0,12,143
09/27/2018,SMO,CA,AWP,WE,Towers with Radar,0,16,59,0,75,0,1,49,0,50,0,17,108,0,125,3,0,3,128
09/28/2018,SMO,CA,AWP,WE,Towers with Radar,0,15,67,0,82,0,0,34,0,34,0,15,101,0,116,9,0,9,125
09/29/2018,SMO,CA,AWP,WE,Towers with Radar,0,10,23,0,33,0,8,132,0,140,0,18,155,0,173,146,0,146,319
09/30/2018,SMO,CA,AWP,WE,Towers with Radar,0,9,15,0,24,0,5,133,0,138,0,14,148,0,162,90,0,90,252
10/01/2018,SMO,CA,AWP,WE,Towers with Radar,0,4,16,0,20,0,4,121,0,125,0,8,137,0,145,89,0,89,234
10/02/2018,SMO,CA,AWP,WE,Towers with Radar,0,8,30,0,38,0,2,105,0,107,0,10,135,0,145,70,0,70,215
10/03/2018,SMO,CA,AWP,WE,Towers with Radar,0,8,29,0,37,0,2,56,0,58,0,10,85,0,95,57,0,57,152
10/04/2018,SMO,CA,AWP,WE,Towers with Radar,0,10,29,0,39,0,4,91,0,95,0,14,120,0,134,117,0,117,251
10/05/2018,SMO,CA,AWP,WE,Towers with Radar,0,11,33,0,44,0,2,131,0,133,0,13,164,0,177,94,0,94,271
10/06/2018,SMO,CA,AWP,WE,Towers with Radar,0,7,25,1,33,0,3,79,0,82,0,10,104,1,115,81,0,81,196
10/07/2018,SMO,CA,AWP,WE,Towers with Radar,0,15,18,0,33,0,2,120,0,122,0,17,138,0,155,40,0,40,195
10/08/2018,SMO,CA,AWP,WE,Towers with Radar,0,6,20,0,26,0,2,87,0,89,0,8,107,0,115,131,0,131,246
10/09/2018,SMO,CA,AWP,WE,Towers with Radar,0,15,31,0,46,0,8,56,0,64,0,23,87,0,110,101,0,101,211
10/10/2018,SMO,CA,AWP,WE,Towers with Radar,0,20,38,0,58,0,3,96,0,99,0,23,134,0,157,97,0,97,254
10/11/2018,SMO,CA,AWP,WE,Towers with Radar,0,5,32,0,37,0,1,121,0,122,0,6,153,0,159,67,0,67,226
10/12/2018,SMO,CA,AWP,WE,Towers with Radar,0,9,17,0,26,0,4,106,0,110,0,13,123,0,136,67,0,67,203
10/13/2018,SMO,CA,AWP,WE,Towers with Radar,0,4,28,0,32,0,2,55,0,57,0,6,83,0,89,25,0,25,114
10/14/2018,SMO,CA,AWP,WE,Towers with Radar,0,13,31,0,44,0,0,88,0,88,0,13,119,0,132,64,0,64,196
10/15/2018,SMO,CA,AWP,WE,Towers with Radar,0,8,15,0,23,0,9,51,1,61,0,17,66,1,84,4,0,4,88
10/16/2018,SMO,CA,AWP,WE,Towers with Radar,0,3,17,0,20,0,0,97,0,97,0,3,114,0,117,86,0,86,203
10/17/2018,SMO,CA,AWP,WE,Towers with Radar,0,8,21,0,29,0,7,132,0,139,0,15,153,0,168,85,0,85,253
10/18/2018,SMO,CA,AWP,WE,Towers with Radar,0,7,31,0,38,0,10,107,0,117,0,17,138,0,155,32,0,32,187
10/19/2018,SMO,CA,AWP,WE,Towers with Radar,0,14,22,0,36,0,9,123,2,134,0,23,145,2,170,77,0,77,247
10/20/2018,SMO,CA,AWP,WE,Towers with Radar,0,4,24,0,28,0,6,154,0,160,0,10,178,0,188,68,0,68,256
10/21/2018,SMO,CA,AWP,WE,Towers with Radar,0,9,16,0,25,0,3,164,0,167,0,12,180,0,192,39,0,39,231
10/22/2018,SMO,CA,AWP,WE,Towers with Radar,0,7,26,0,33,0,0,76,0,76,0,7,102,0,109,86,0,86,195
10/23/2018,SMO,CA,AWP,WE,Towers with Radar,0,11,32,1,44,0,2,50,0,52,0,13,82,1,96,62,0,62,158
10/24/2018,SMO,CA,AWP,WE,Towers with Radar,0,5,39,0,44,0,2,123,0,125,0,7,162,0,169,102,0,102,271
10/25/2018,SMO,CA,AWP,WE,Towers with Radar,0,10,26,0,36,0,1,110,0,111,0,11,136,0,147,81,0,81,228
10/26/2018,SMO,CA,AWP,WE,Towers with Radar,0,23,27,0,50,0,10,98,0,108,0,33,125,0,158,53,0,53,211
10/27/2018,SMO,CA,AWP,WE,Towers with Radar,0,7,30,0,37,0,9,92,0,101,0,16,122,0,138,39,0,39,177
10/28/2018,SMO,CA,AWP,WE,Towers with Radar,0,6,16,0,22,0,2,70,0,72,0,8,86,0,94,39,0,39,133
10/29/2018,SMO,CA,AWP,WE,Towers with Radar,0,10,23,0,33,0,10,43,0,53,0,20,66,0,86,0,0,0,86
10/30/2018,SMO,CA,AWP,WE,Towers with Radar,0,11,39,0,50,0,8,94,0,102,0,19,133,0,152,62,0,62,214
10/31/2018,SMO,CA,AWP,WE,Towers with Radar,0,8,20,0,28,0,1,85,0,86,0,9,105,0,114,94,0,94,208
11/01/2018,SMO,CA,AWP,WE,Towers with Radar,0,10,28,0,38,0,5,139,2,146,0,15,167,2,184,82,0,82,266
11/02/2018,SMO,CA,AWP,WE,Towers with Radar,0,7,31,0,38,0,10,137,2,149,0,17,168,2,187,108,0,108,295
11/03/2018,SMO,CA,AWP,WE,Towers with Radar,0,3,13,0,16,0,3,144,0,147,0,6,157,0,163,85,0,85,248
11/04/2018,SMO,CA,AWP,WE,Towers with Radar,0,7,28,0,35,0,0,79,0,79,0,7,107,0,114,25,0,25,139
11/05/2018,SMO,CA,AWP,WE,Towers with Radar,0,5,29,0,34,0,0,106,0,106,0,5,135,0,140,127,0,127,267
11/06/2018,SMO,CA,AWP,WE,Towers with Radar,0,14,54,5,73,0,0,103,1,104,0,14,157,6,177,59,2,61,238
11/07/2018,SMO,CA,AWP,WE,Towers with Radar,0,17,52,0,69,0,4,77,0,81,0,21,129,0,150,76,0,76,226
11/08/2018,SMO,CA,AWP,WE,Towers with Radar,0,7,20,0,27,0,2,92,0,94,0,9,112,0,121,64,0,64,185
11/09/2018,SMO,CA,AWP,WE,Towers with Radar,0,11,37,0,48,0,8,73,0,81,0,19,110,0,129,32,0,32,161
11/10/2018,SMO,CA,AWP,WE,Towers with Radar,0,9,23,0,32,0,2,69,0,71,0,11,92,0,103,28,0,28,131
11/11/2018,SMO,CA,AWP,WE,Towers with Radar,0,18,18,0,36,0,0,60,0,60,0,18,78,0,96,48,0,48,144
11/12/2018,SMO,CA,AWP,WE,Towers with Radar,0,7,8,0,15,0,2,96,0,98,0,9,104,0,113,87,0,87,200
11/13/2018,SMO,CA,AWP,WE,Towers with Radar,0,12,23,0,35,0,2,63,0,65,0,14,86,0,100,66,0,66,166
11/14/2018,SMO,CA,AWP,WE,Towers with Radar,0,15,11,0,26,0,6,113,0,119,0,21,124,0,145,112,0,112,257
11/15/2018,SMO,CA,AWP,WE,Towers with Radar,0,16,21,1,38,0,3,128,1,132,0,19,149,2,170,55,0,55,225
11/16/2018,SMO,CA,AWP,WE,Towers with Radar,0,12,26,0,38,0,2,84,0,86,0,14,110,0,124,122,0,122,246
11/17/2018,SMO,CA,AWP,WE,Towers with Radar,0,3,43,0,46,0,4,84,0,88,0,7,127,0,134,78,0,78,212
11/18/2018,SMO,CA,AWP,WE,Towers with Radar,0,9,23,0,32,0,4,119,0,123,0,13,142,0,155,95,0,95,250
11/19/2018,SMO,CA,AWP,WE,Towers with Radar,0,6,29,0,35,0,1,134,0,135,0,7,163,0,170,73,0,73,243
11/20/2018,SMO,CA,AWP,WE,Towers with Radar,0,5,19,0,24,0,4,121,0,125,0,9,140,0,149,180,0,180,329
11/21/2018,SMO,CA,AWP,WE,Towers with Radar,0,12,19,0,31,0,7,119,0,126,0,19,138,0,157,69,0,69,226
11/22/2018,SMO,CA,AWP,WE,Towers with Radar,0,2,8,0,10,0,0,34,0,34,0,2,42,0,44,8,0,8,52
11/23/2018,SMO,CA,AWP,WE,Towers with Radar,0,2,15,0,17,0,0,92,0,92,0,2,107,0,109,60,0,60,169
11/24/2018,SMO,CA,AWP,WE,Towers with Radar,0,9,18,0,27,0,3,100,0,103,0,12,118,0,130,35,0,35,165
11/25/2018,SMO,CA,AWP,WE,Towers with Radar,0,8,14,0,22,0,4,146,0,150,0,12,160,0,172,91,0,91,263
11/26/2018,SMO,CA,AWP,WE,Towers with Radar,0,9,12,0,21,0,1,128,0,129,0,10,140,0,150,213,0,213,363
11/27/2018,SMO,CA,AWP,WE,Towers with Radar,0,5,20,1,26,0,3,120,0,123,0,8,140,1,149,118,0,118,267
11/28/2018,SMO,CA,AWP,WE,Towers with Radar,0,6,43,0,49,0,0,71,0,71,0,6,114,0,120,166,2,168,288
11/29/2018,SMO,CA,AWP,WE,Towers with Radar,0,8,18,0,26,0,2,8,0,10,0,10,26,0,36,0,0,0,36
11/30/2018,SMO,CA,AWP,WE,Towers with Radar,0,17,24,2,43,0,2,99,0,101,0,19,123,2,144,102,0,102,246
12/01/2018,SMO,CA,AWP,WE,Towers with Radar,0,7,6,0,13,0,0,146,0,146,0,7,152,0,159,72,0,72,231
12/02/2018,SMO,CA,AWP,WE,Towers with Radar,0,6,10,1,17,0,2,181,0,183,0,8,191,1,200,67,0,67,267
12/03/2018,SMO,CA,AWP,WE,Towers with Radar,0,8,21,0,29,0,5,148,0,153,0,13,169,0,182,98,0,98,280
12/04/2018,SMO,CA,AWP,WE,Towers with Radar,0,4,23,0,27,0,1,97,0,98,0,5,120,0,125,116,0,116,241
12/05/2018,SMO,CA,AWP,WE,Towers with Radar,0,4,28,0,32,0,6,30,0,36,0,10,58,0,68,49,0,49,117
12/06/2018,SMO,CA,AWP,WE,Towers with Radar,0,0,4,0,4,0,0,12,0,12,0,0,16,0,16,35,0,35,51
12/07/2018,SMO,CA,AWP,WE,Towers with Radar,0,8,15,0,23,0,1,134,0,135,0,9,149,0,158,165,0,165,323
12/08/2018,SMO,CA,AWP,WE,Towers with Radar,0,3,17,0,20,0,2,134,0,136,0,5,151,0,156,90,0,90,246
12/09/2018,SMO,CA,AWP,WE,Towers with Radar,0,5,14,1,20,0,2,132,0,134,0,7,146,1,154,84,0,84,238
12/10/2018,SMO,CA,AWP,WE,Towers with Radar,0,3,21,0,24,0,3,119,0,122,0,6,140,0,146,134,0,134,280
12/11/2018,SMO,CA,AWP,WE,Towers with Radar,0,6,26,0,32,0,4,121,0,125,0,10,147,0,157,123,0,123,280
12/12/2018,SMO,CA,AWP,WE,Towers with Radar,0,5,35,0,40,0,3,97,0,100,0,8,132,0,140,183,0,183,323
12/13/2018,SMO,CA,AWP,WE,Towers with Radar,0,6,20,1,27,0,1,118,4,123,0,7,138,5,150,128,0,128,278
12/14/2018,SMO,CA,AWP,WE,Towers with Radar,0,9,30,0,39,0,6,111,0,117,0,15,141,0,156,104,0,104,260
12/15/2018,SMO,CA,AWP,WE,Towers with Radar,0,7,9,0,16,0,4,127,0,131,0,11,136,0,147,58,0,58,205
12/16/2018,SMO,CA,AWP,WE,Towers with Radar,0,12,13,0,25,0,3,168,0,171,0,15,181,0,196,88,0,88,284
12/17/2018,SMO,CA,AWP,WE,Towers with Radar,0,7,38,0,45,0,0,54,0,54,0,7,92,0,99,117,0,117,216
12/18/2018,SMO,CA,AWP,WE,Towers with Radar,0,3,19,0,22,0,7,115,0,122,0,10,134,0,144,147,0,147,291
12/19/2018,SMO,CA,AWP,WE,Towers with Radar,0,8,16,0,24,0,3,110,0,113,0,11,126,0,137,50,0,50,187
12/20/2018,SMO,CA,AWP,WE,Towers with Radar,0,5,15,0,20,0,3,112,0,115,0,8,127,0,135,69,0,69,204
12/21/2018,SMO,CA,AWP,WE,Towers with Radar,0,12,15,0,27,0,1,97,0,98,0,13,112,0,125,44,0,44,169
12/22/2018,SMO,CA,AWP,WE,Towers with Radar,0,4,21,0,25,0,1,91,0,92,0,5,112,0,117,68,0,68,185
12/23/2018,SMO,CA,AWP,WE,Towers with Radar,0,4,17,0,21,0,0,2,0,2,0,4,19,0,23,0,0,0,23
12/24/2018,SMO,CA,AWP,WE,Towers with Radar,0,0,21,0,21,0,0,17,0,17,0,0,38,0,38,12,0,12,50
12/25/2018,SMO,CA,AWP,WE,Towers with Radar,0,0,3,0,3,0,0,31,0,31,0,0,34,0,34,11,0,11,45
12/26/2018,SMO,CA,AWP,WE,Towers with Radar,0,3,15,0,18,0,4,83,0,87,0,7,98,0,105,94,0,94,199
12/27/2018,SMO,CA,AWP,WE,Towers with Radar,0,6,16,0,22,0,0,33,0,33,0,6,49,0,55,27,0,27,82
12/28/2018,SMO,CA,AWP,WE,Towers with Radar,0,7,7,0,14,0,4,45,0,49,0,11,52,0,63,4,0,4,67
12/29/2018,SMO,CA,AWP,WE,Towers with Radar,0,10,10,0,20,0,8,86,0,94,0,18,96,0,114,67,0,67,181
12/30/2018,SMO,CA,AWP,WE,Towers with Radar,0,4,14,0,18,0,2,137,0,139,0,6,151,0,157,36,0,36,193
12/31/2018,SMO,CA,AWP,WE,Towers with Radar,0,2,5,0,7,0,0,65,0,65,0,2,70,0,72,39,0,39,111
01/01/2019,SMO,CA,AWP,WE,Towers with Radar,0,3,7,0,10,0,4,39,0,43,0,7,46,0,53,7,0,7,60
01/02/2019,SMO,CA,AWP,WE,Towers with Radar,0,3,31,0,34,0,6,93,0,99,0,9,124,0,133,80,0,80,213
01/03/2019,SMO,CA,AWP,WE,Towers with Radar,0,8,21,0,29,0,1,113,0,114,0,9,134,0,143,155,0,155,298
01/04/2019,SMO,CA,AWP,WE,Towers with Radar,0,8,20,0,28,0,0,128,0,128,0,8,148,0,156,64,0,64,220
01/05/2019,SMO,CA,AWP,WE,Towers with Radar,0,4,10,0,14,0,0,31,0,31,0,4,41,0,45,113,0,113,158
01/06/2019,SMO,CA,AWP,WE,Towers with Radar,0,10,8,0,18,0,6,109,0,115,0,16,117,0,133,53,0,53,186
01/07/2019,SMO,CA,AWP,WE,Towers with Radar,0,2,17,0,19,0,0,5,0,5,0,2,22,0,24,5,0,5,29
01/08/2019,SMO,CA,AWP,WE,Towers with Radar,0,7,18,0,25,0,1,101,0,102,0,8,119,0,127,111,3,114,241
01/09/2019,SMO,CA,AWP,WE,Towers with Radar,0,7,27,0,34,0,1,102,0,103,0,8,129,0,137,133,0,133,270
01/10/2019,SMO,CA,AWP,WE,Towers with Radar,0,18,24,0,42,0,2,50,0,52,0,20,74,0,94,7,0,7,101
01/11/2019,SMO,CA,AWP,WE,Towers with Radar,0,7,36,0,43,0,1,58,1,60,0,8,94,1,103,36,0,36,139
01/12/2019,SMO,CA,AWP,WE,Towers with Radar,0,4,20,0,24,0,2,30,0,32,0,6,50,0,56,27,0,27,83
01/13/2019,SMO,CA,AWP,WE,Towers with Radar,0,4,16,0,20,0,0,87,0,87,0,4,103,0,107,55,0,55,162
01/14/2019,SMO,CA,AWP,WE,Towers with Radar,0,3,24,0,27,0,0,4,0,4,0,3,28,0,31,0,0,0,31
01/15/2019,SMO,CA,AWP,WE,Towers with Radar,0,2,10,0,12,0,6,18,0,24,0,8,28,0,36,8,0,8,44
01/16/2019,SMO,CA,AWP,WE,Towers with Radar,0,3,10,0,13,0,0,2,0,2,0,3,12,0,15,0,0,0,15
01/17/2019,SMO,CA,AWP,WE,Towers with Radar,0,1,7,0,8,0,0,1,0,1,0,1,8,0,9,0,0,0,9
01/18/2019,SMO,CA,AWP,WE,Towers with Radar,0,10,26,0,36,0,4,105,0,109,0,14,131,0,145,117,0,117,262
01/19/2019,SMO,CA,AWP,WE,Towers with Radar,0,6,20,0,26,0,2,161,0,163,0,8,181,0,189,74,0,74,263
01/20/2019,SMO,CA,AWP,WE,Towers with Radar,0,1,18,0,19,0,8,121,0,129,0,9,139,0,148,45,0,45,193
01/21/2019,SMO,CA,AWP,WE,Towers with Radar,0,5,18,0,23,0,7,88,0,95,0,12,106,0,118,40,0,40,158
01/22/2019,SMO,CA,AWP,WE,Towers with Radar,0,1,3,0,4,0,0,63,0,63,0,1,66,0,67,6,0,6,73
01/23/2019,SMO,CA,AWP,WE,Towers with Radar,0,4,18,0,22,0,4,164,1,169,0,8,182,1,191,184,0,184,375
01/24/2019,SMO,CA,AWP,WE,Towers with Radar,0,11,37,0,48,0,5,104,0,109,0,16,141,0,157,145,0,145,302
01/25/2019,SMO,CA,AWP,WE,Towers with Radar,0,17,22,0,39,0,1,142,0,143,0,18,164,0,182,105,0,105,287
01/26/2019,SMO,CA,AWP,WE,Towers with Radar,0,7,9,0,16,0,4,141,0,145,0,11,150,0,161,75,0,75,236
01/27/2019,SMO,CA,AWP,WE,Towers with Radar,0,5,18,0,23,0,7,157,0,164,0,12,175,0,187,45,0,45,232
01/28/2019,SMO,CA,AWP,WE,Towers with Radar,0,5,20,0,25,0,4,117,0,121,0,9,137,0,146,92,0,92,238
01/29/2019,SMO,CA,AWP,WE,Towers with Radar,0,11,22,0,33,0,0,130,0,130,0,11,152,0,163,160,0,160,323
01/30/2019,SMO,CA,AWP,WE,Towers with Radar,0,4,18,0,22,0,2,139,0,141,0,6,157,0,163,138,0,138,301
01/31/2019,SMO,CA,AWP,WE,Towers with Radar,0,3,24,0,27,0,0,24,0,24,0,3,48,0,51,1,0,1,52
02/01/2019,SMO,CA,AWP,WE,Towers with Radar,0,8,30,0,38,0,5,65,0,70,0,13,95,0,108,97,0,97,205
02/02/2019,SMO,CA,AWP,WE,Towers with Radar,0,3,10,0,13,0,1,3,0,4,0,4,13,0,17,2,0,2,19
02/03/2019,SMO,CA,AWP,WE,Towers with Radar,0,1,23,0,24,0,0,0,0,0,0,1,23,0,24,0,0,0,24
02/04/2019,SMO,CA,AWP,WE,Towers with Radar,0,0,12,0,12,0,2,12,0,14,0,2,24,0,26,5,0,5,31
02/05/2019,SMO,CA,AWP,WE,Towers with Radar,0,0,26,0,26,0,2,51,0,53,0,2,77,0,79,16,0,16,95
02/06/2019,SMO,CA,AWP,WE,Towers with Radar,0,11,24,0,35,0,1,125,1,127,0,12,149,1,162,53,0,53,215
02/07/2019,SMO,CA,AWP,WE,Towers with Radar,0,9,19,0,28,0,0,177,0,177,0,9,196,0,205,151,0,151,356
02/08/2019,SMO,CA,AWP,WE,Towers with Radar,0,19,35,0,54,0,4,160,0,164,0,23,195,0,218,169,0,169,387
02/09/2019,SMO,CA,AWP,WE,Towers with Radar,0,9,4,0,13,0,2,95,0,97,0,11,99,0,110,75,0,75,185
02/10/2019,SMO,CA,AWP,WE,Towers with Radar,0,5,10,0,15,0,6,18,0,24,0,11,28,0,39,4,0,4,43
02/11/2019,SMO,CA,AWP,WE,Towers with Radar,0,16,27,0,43,0,2,123,0,125,0,18,150,0,168,82,0,82,250
02/12/2019,SMO,CA,AWP,WE,Towers with Radar,0,9,21,0,30,0,2,132,0,134,0,11,153,0,164,137,0,137,301
02/13/2019,SMO,CA,AWP,WE,Towers with Radar,0,5,13,0,18,0,5,18,0,23,0,10,31,0,41,36,0,36,77
02/14/2019,SMO,CA,AWP,WE,Towers with Radar,0,0,10,0,10,0,2,5,0,7,0,2,15,0,17,0,0,0,17
02/15/2019,SMO,CA,AWP,WE,Towers with Radar,0,3,18,2,23,0,5,36,4,45,0,8,54,6,68,102,0,102,170
02/16/2019,SMO,CA,AWP,WE,Towers with Radar,0,11,25,0,36,0,5,89,0,94,0,16,114,0,130,89,0,89,219
02/17/2019,SMO,CA,AWP,WE,Towers with Radar,0,6,10,0,16,0,0,24,0,24,0,6,34,0,40,16,0,16,56
02/18/2019,SMO,CA,AWP,WE,Towers with Radar,0,9,14,0,23,0,3,118,0,121,0,12,132,0,144,98,0,98,242
02/19/2019,SMO,CA,AWP,WE,Towers with Radar,0,13,16,0,29,0,2,122,0,124,0,15,138,0,153,106,0,106,259
02/20/2019,SMO,CA,AWP,WE,Towers with Radar,0,3,25,0,28,0,4,61,1,66,0,7,86,1,94,147,0,147,241
02/21/2019,SMO,CA,AWP,WE,Towers with Radar,0,8,26,0,34,0,5,62,0,67,0,13,88,0,101,144,0,144,245
02/22/2019,SMO,CA,AWP,WE,Towers with Radar,0,12,12,0,24,0,7,127,0,134,0,19,139,0,158,76,0,76,234
02/23/2019,SMO,CA,AWP,WE,Towers with Radar,0,2,18,0,20,0,0,161,0,161,0,2,179,0,181,79,0,79,260
02/24/2019,SMO,CA,AWP,WE,Towers with Radar,0,13,19,0,32,0,6,167,0,173,0,19,186,0,205,124,0,124,329
02/25/2019,SMO,CA,AWP,WE,Towers with Radar,0,9,23,0,32,0,6,147,0,153,0,15,170,0,185,146,0,146,331
02/26/2019,SMO,CA,AWP,WE,Towers with Radar,0,19,20,0,39,0,1,90,0,91,0,20,110,0,130,32,0,32,162
02/27/2019,SMO,CA,AWP,WE,Towers with Radar,0,7,38,0,45,0,0,71,0,71,0,7,109,0,116,113,0,113,229
02/28/2019,SMO,CA,AWP,WE,Towers with Radar,0,7,50,0,57,0,2,11,0,13,0,9,61,0,70,6,0,6,76
03/01/2019,SMO,CA,AWP,WE,Towers with Radar,0,13,29,0,42,0,2,63,0,65,0,15,92,0,107,96,0,96,203
03/02/2019,SMO,CA,AWP,WE,Towers with Radar,0,0,14,0,14,0,0,0,0,0,0,0,14,0,14,0,0,0,14
03/03/2019,SMO,CA,AWP,WE,Towers with Radar,0,4,23,0,27,0,0,41,0,41,0,4,64,0,68,18,0,18,86
03/04/2019,SMO,CA,AWP,WE,Towers with Radar,0,9,24,0,33,0,0,119,0,119,0,9,143,0,152,157,0,157,309
03/05/2019,SMO,CA,AWP,WE,Towers with Radar,0,0,20,0,20,0,0,89,0,89,0,0,109,0,109,98,0,98,207
03/06/2019,SMO,CA,AWP,WE,Towers with Radar,0,0,24,0,24,0,0,0,0,0,0,0,24,0,24,0,0,0,24
03/07/2019,SMO,CA,AWP,WE,Towers with Radar,0,10,45,0,55,0,5,93,0,98,0,15,138,0,153,113,0,113,266
03/08/2019,SMO,CA,AWP,WE,Towers with Radar,0,10,25,0,35,0,6,90,0,96,0,16,115,0,131,63,0,63,194
03/09/2019,SMO,CA,AWP,WE,Towers with Radar,0,3,17,0,20,0,6,152,0,158,0,9,169,0,178,101,0,101,279
03/10/2019,SMO,CA,AWP,WE,Towers with Radar,0,8,9,0,17,0,3,103,0,106,0,11,112,0,123,75,0,75,198
03/11/2019,SMO,CA,AWP,WE,Towers with Radar,0,7,9,0,16,0,6,101,0,107,0,13,110,0,123,129,0,129,252
03/12/2019,SMO,CA,AWP,WE,Towers with Radar,0,11,14,0,25,0,4,97,0,101,0,15,111,0,126,6,0,6,132
03/13/2019,SMO,CA,AWP,WE,Towers with Radar,0,12,16,0,28,0,4,108,0,112,0,16,124,0,140,18,0,18,158
03/14/2019,SMO,CA,AWP,WE,Towers with Radar,0,8,18,0,26,0,5,118,0,123,0,13,136,0,149,205,0,205,354
03/15/2019,SMO,CA,AWP,WE,Towers with Radar,0,19,15,0,34,0,3,137,0,140,0,22,152,0,174,146,0,146,320
03/16/2019,SMO,CA,AWP,WE,Towers with Radar,0,9,12,0,21,0,4,151,0,155,0,13,163,0,176,76,0,76,252
03/17/2019,SMO,CA,AWP,WE,Towers with Radar,0,19,16,0,35,0,15,167,0,182,0,34,183,0,217,78,0,78,295
03/18/2019,SMO,CA,AWP,WE,Towers with Radar,0,9,17,0,26,0,3,138,0,141,0,12,155,0,167,93,0,93,260
03/19/2019,SMO,CA,AWP,WE,Towers with Radar,0,16,41,0,57,0,1,59,0,60,0,17,100,0,117,20,0,20,137
03/20/2019,SMO,CA,AWP,WE,Towers with Radar,0,3,23,0,26,0,0,45,0,45,0,3,68,0,71,55,0,55,126
03/21/2019,SMO,CA,AWP,WE,Towers with Radar,0,10,47,0,57,0,0,96,0,96,0,10,143,0,153,147,0,147,300
03/22/2019,SMO,CA,AWP,WE,Towers with Radar,0,11,43,0,54,0,2,139,0,141,0,13,182,0,195,113,0,113,308
03/23/2019,SMO,CA,AWP,WE,Towers with Radar,0,8,31,0,39,0,2,66,0,68,0,10,97,0,107,68,0,68,175
03/24/2019,SMO,CA,AWP,WE,Towers with Radar,0,9,25,0,34,0,1,162,0,163,0,10,187,0,197,81,0,81,278
03/25/2019,SMO,CA,AWP,WE,Towers with Radar,0,6,11,0,17,0,3,106,0,109,0,9,117,0,126,105,0,105,231
03/26/2019,SMO,CA,AWP,WE,Towers with Radar,0,4,20,0,24,0,1,131,0,132,0,5,151,0,156,86,0,86,242
03/27/2019,SMO,CA,AWP,WE,Towers with Radar,0,8,34,0,42,0,0,101,0,101,0,8,135,0,143,65,0,65,208
03/28/2019,SMO,CA,AWP,WE,Towers with Radar,0,9,20,0,29,0,10,101,0,111,0,19,121,0,140,147,0,147,287
03/29/2019,SMO,CA,AWP,WE,Towers with Radar,0,12,18,0,30,0,5,135,0,140,0,17,153,0,170,62,0,62,232
03/30/2019,SMO,CA,AWP,WE,Towers with Radar,0,4,14,0,18,0,2,128,0,130,0,6,142,0,148,107,0,107,255
03/31/2019,SMO,CA,AWP,WE,Towers with Radar,0,8,16,0,24,0,3,154,0,157,0,11,170,0,181,62,0,62,243
04/01/2019,SMO,CA,AWP,WE,Towers with Radar,0,9,16,0,25,0,10,131,0,141,0,19,147,0,166,68,0,68,234
04/02/2019,SMO,CA,AWP,WE,Towers with Radar,0,18,34,0,52,0,2,68,0,70,0,20,102,0,122,66,0,66,188
04/03/2019,SMO,CA,AWP,WE,Towers with Radar,0,15,41,0,56,0,2,82,0,84,0,17,123,0,140,74,0,74,214
04/04/2019,SMO,CA,AWP,WE,Towers with Radar,0,5,47,0,52,0,4,59,0,63,0,9,106,0,115,105,0,105,220
04/05/2019,SMO,CA,AWP,WE,Towers with Radar,0,0,17,0,17,0,0,81,0,81,0,0,98,0,98,38,0,38,136
04/06/2019,SMO,CA,AWP,WE,Towers with Radar,0,5,13,0,18,0,0,131,2,133,0,5,144,2,151,34,0,34,185
04/07/2019,SMO,CA,AWP,WE,Towers with Radar,0,6,20,0,26,0,1,186,0,187,0,7,206,0,213,105,0,105,318
04/08/2019,SMO,CA,AWP,WE,Towers with Radar,0,4,14,0,18,0,3,110,0,113,0,7,124,0,131,63,0,63,194
04/09/2019,SMO,CA,AWP,WE,Towers with Radar,0,6,23,0,29,0,4,71,0,75,0,10,94,0,104,108,0,108,212
04/10/2019,SMO,CA,AWP,WE,Towers with Radar,0,11,12,0,23,0,3,76,0,79,0,14,88,0,102,17,0,17,119
04/11/2019,SMO,CA,AWP,WE,Towers with Radar,0,6,11,0,17,0,2,163,0,165,0,8,174,0,182,130,0,130,312
04/12/2019,SMO,CA,AWP,WE,Towers with Radar,0,9,16,0,25,0,4,96,0,100,0,13,112,0,125,16,0,16,141
04/13/2019,SMO,CA,AWP,WE,Towers with Radar,0,4,19,0,23,0,3,177,0,180,0,7,196,0,203,104,0,104,307
04/14/2019,SMO,CA,AWP,WE,Towers with Radar,0,8,23,0,31,0,2,106,0,108,0,10,129,0,139,12,0,12,151
04/15/2019,SMO,CA,AWP,WE,Towers with Radar,0,8,27,0,35,0,3,115,0,118,0,11,142,0,153,13,0,13,166
04/16/2019,SMO,CA,AWP,WE,Towers with Radar,0,14,47,0,61,0,4,73,0,77,0,18,120,0,138,176,0,176,314
04/17/2019,SMO,CA,AWP,WE,Towers with Radar,0,3,21,0,24,0,0,155,0,155,0,3,176,0,179,147,0,147,326
04/18/2019,SMO,CA,AWP,WE,Towers with Radar,0,11,23,0,34,0,0,160,0,160,0,11,183,0,194,93,0,93,287
04/19/2019,SMO,CA,AWP,WE,Towers with Radar,0,19,72,0,91,0,2,24,0,26,0,21,96,0,117,0,0,0,117
04/20/2019,SMO,CA,AWP,WE,Towers with Radar,0,7,33,0,40,0,0,55,0,55,0,7,88,0,95,55,0,55,150
04/21/2019,SMO,CA,AWP,WE,Towers with Radar,0,11,17,0,28,0,4,148,0,152,0,15,165,0,180,58,0,58,238
04/22/2019,SMO,CA,AWP,WE,Towers with Radar,0,8,22,0,30,0,5,123,2,130,0,13,145,2,160,78,0,78,238
04/23/2019,SMO,CA,AWP,WE,Towers with Radar,0,15,38,0,53,0,9,93,0,102,0,24,131,0,155,49,0,49,204
04/24/2019,SMO,CA,AWP,WE,Towers with Radar,0,10,43,0,53,0,3,90,0,93,0,13,133,0,146,70,0,70,216
04/25/2019,SMO,CA,AWP,WE,Towers with Radar,0,4,28,0,32,0,1,104,0,105,0,5,132,0,137,124,0,124,261
04/26/2019,SMO,CA,AWP,WE,Towers with Radar,0,12,60,0,72,0,2,41,0,43,0,14,101,0,115,0,0,0,115
04/27/2019,SMO,CA,AWP,WE,Towers with Radar,0,9,35,0,44,0,2,18,0,20,0,11,53,0,64,22,0,22,86
04/28/2019,SMO,CA,AWP,WE,Towers with Radar,0,8,32,0,40,0,7,71,0,78,0,15,103,0,118,28,0,28,146
04/29/2019,SMO,CA,AWP,WE,Towers with Radar,0,14,44,0,58,0,1,84,0,85,0,15,128,0,143,117,0,117,260
04/30/2019,SMO,CA,AWP,WE,Towers with Radar,0,3,41,0,44,0,0,69,0,69,0,3,110,0,113,40,0,40,153
05/01/2019,SMO,CA,AWP,WE,Towers with Radar,0,10,24,0,34,0,3,130,0,133,0,13,154,0,167,66,0,66,233
05/02/2019,SMO,CA,AWP,WE,Towers with Radar,0,16,24,0,40,0,3,102,0,105,0,19,126,0,145,59,0,59,204
05/03/2019,SMO,CA,AWP,WE,Towers with Radar,0,11,24,0,35,0,5,123,0,128,0,16,147,0,163,98,0,98,261
05/04/2019,SMO,CA,AWP,WE,Towers with Radar,0,3,13,0,16,0,3,106,0,109,0,6,119,0,125,50,0,50,175
05/05/2019,SMO,CA,AWP,WE,Towers with Radar,0,13,39,0,52,0,6,104,0,110,0,19,143,0,162,62,0,62,224
05/06/2019,SMO,CA,AWP,WE,Towers with Radar,0,7,33,0,40,0,3,75,0,78,0,10,108,0,118,56,0,56,174
05/07/2019,SMO,CA,AWP,WE,Towers with Radar,0,17,40,0,57,0,3,86,0,89,0,20,126,0,146,75,0,75,221
05/08/2019,SMO,CA,AWP,WE,Towers with Radar,0,13,47,0,60,0,8,77,0,85,0,21,124,0,145,122,1,123,268
05/09/2019,SMO,CA,AWP,WE,Towers with Radar,0,10,39,0,49,0,5,76,0,81,0,15,115,0,130,145,0,145,275
05/10/2019,SMO,CA,AWP,WE,Towers with Radar,0,5,48,0,53,0,4,65,0,69,0,9,113,0,122,202,0,202,324
05/11/2019,SMO,CA,AWP,WE,Towers with Radar,0,6,15,0,21,0,0,115,0,115,0,6,130,0,136,70,0,70,206
05/12/2019,SMO,CA,AWP,WE,Towers with Radar,0,3,41,0,44,0,4,90,0,94,0,7,131,0,138,48,0,48,186
05/13/2019,SMO,CA,AWP,WE,Towers with Radar,0,7,38,0,45,0,5,23,0,28,0,12,61,0,73,25,0,25,98
05/14/2019,SMO,CA,AWP,WE,Towers with Radar,0,6,46,0,52,0,2,59,1,62,0,8,105,1,114,43,0,43,157
05/15/2019,SMO,CA,AWP,WE,Towers with Radar,0,1,74,0,75,0,2,27,0,29,0,3,101,0,104,22,0,22,126
05/16/2019,SMO,CA,AWP,WE,Towers with Radar,0,4,17,0,21,0,1,20,0,21,0,5,37,0,42,42,0,42,84
05/17/2019,SMO,CA,AWP,WE,Towers with Radar,0,15,22,0,37,0,1,125,0,126,0,16,147,0,163,107,0,107,270
05/18/2019,SMO,CA,AWP,WE,Towers with Radar,0,5,15,0,20,0,3,125,0,128,0,8,140,0,148,55,0,55,203
05/19/2019,SMO,CA,AWP,WE,Towers with Radar,0,1,25,0,26,0,0,49,0,49,0,1,74,0,75,22,0,22,97
05/20/2019,SMO,CA,AWP,WE,Towers with Radar,0,6,16,0,22,0,5,99,0,104,0,11,115,0,126,113,0,113,239
05/21/2019,SMO,CA,AWP,WE,Towers with Radar,0,5,26,0,31,0,3,58,0,61,0,8,84,0,92,61,0,61,153
05/22/2019,SMO,CA,AWP,WE,Towers with Radar,0,3,12,0,15,0,4,81,0,85,0,7,93,0,100,56,0,56,156
05/23/2019,SMO,CA,AWP,WE,Towers with Radar,0,10,53,0,63,0,2,57,0,59,0,12,110,0,122,123,0,123,245
05/24/2019,SMO,CA,AWP,WE,Towers with Radar,0,12,26,0,38,0,2,166,0,168,0,14,192,0,206,127,0,127,333
05/25/2019,SMO,CA,AWP,WE,Towers with Radar,0,1,34,0,35,0,4,88,0,92,0,5,122,0,127,33,0,33,160
05/26/2019,SMO,CA,AWP,WE,Towers with Radar,0,0,16,0,16,0,0,13,0,13,0,0,29,0,29,10,0,10,39
05/27/2019,SMO,CA,AWP,WE,Towers with Radar,0,6,24,0,30,0,8,168,0,176,0,14,192,0,206,65,0,65,271
05/28/2019,SMO,CA,AWP,WE,Towers with Radar,0,2,12,0,14,0,9,131,0,140,0,11,143,0,154,53,0,53,207
05/29/2019,SMO,CA,AWP,WE,Towers with Radar,0,8,34,0,42,0,1,110,0,111,0,9,144,0,153,165,0,165,318
05/30/2019,SMO,CA,AWP,WE,Towers with Radar,0,11,46,2,59,0,3,71,0,74,0,14,117,2,133,98,0,98,231
05/31/2019,SMO,CA,AWP,WE,Towers with Radar,0,14,62,1,77,0,0,27,0,27,0,14,89,1,104,6,0,6,110
06/01/2019,SMO,CA,AWP,WE,Towers with Radar,0,8,36,0,44,0,0,29,0,29,0,8,65,0,73,38,0,38,111
06/02/2019,SMO,CA,AWP,WE,Towers with Radar,0,7,46,0,53,0,0,79,0,79,0,7,125,0,132,102,0,102,234
06/03/2019,SMO,CA,AWP,WE,Towers with Radar,0,15,43,0,58,0,0,33,0,33,0,15,76,0,91,47,0,47,138
06/04/2019,SMO,CA,AWP,WE,Towers with Radar,0,14,49,0,63,0,0,32,0,32,0,14,81,0,95,20,0,20,115
06/05/2019,SMO,CA,AWP,WE,Towers with Radar,0,6,70,0,76,0,1,24,0,25,0,7,94,0,101,0,0,0,101
06/06/2019,SMO,CA,AWP,WE,Towers with Radar,0,14,46,0,60,0,4,24,0,28,0,18,70,0,88,0,0,0,88
06/07/2019,SMO,CA,AWP,WE,Towers with Radar,0,14,42,0,56,0,2,51,0,53,0,16,93,0,109,33,0,33,142
06/08/2019,SMO,CA,AWP,WE,Towers with Radar,0,8,26,0,34,0,0,151,0,151,0,8,177,0,185,63,0,63,248
06/09/2019,SMO,CA,AWP,WE,Towers with Radar,0,14,21,0,35,0,5,168,0,173,0,19,189,0,208,64,0,64,272
06/10/2019,SMO,CA,AWP,WE,Towers with Radar,0,9,14,0,23,0,5,128,0,133,0,14,142,0,156,116,0,116,272
06/11/2019,SMO,CA,AWP,WE,Towers with Radar,0,8,13,0,21,0,3,133,0,136,0,11,146,0,157,146,0,146,303
06/12/2019,SMO,CA,AWP,WE,Towers with Radar,0,9,48,0,57,0,2,25,0,27,0,11,73,0,84,2,0,2,86
06/13/2019,SMO,CA,AWP,WE,Towers with Radar,0,15,57,0,72,0,4,43,0,47,0,19,100,0,119,39,0,39,158
06/14/2019,SMO,CA,AWP,WE,Towers with Radar,0,13,44,0,57,0,4,50,0,54,0,17,94,0,111,66,0,66,177
06/15/2019,SMO,CA,AWP,WE,Towers with Radar,0,6,25,0,31,0,1,87,0,88,0,7,112,0,119,131,0,131,250
06/16/2019,SMO,CA,AWP,WE,Towers with Radar,0,8,38,0,46,0,0,43,0,43,0,8,81,0,89,46,0,46,135
06/17/2019,SMO,CA,AWP,WE,Towers with Radar,0,9,56,0,65,0,3,51,0,54,0,12,107,0,119,138,0,138,257
06/18/2019,SMO,CA,AWP,WE,Towers with Radar,0,14,61,0,75,0,0,39,0,39,0,14,100,0,114,44,0,44,158
06/19/2019,SMO,CA,AWP,WE,Towers with Radar,0,7,33,0,40,0,12,149,0,161,0,19,182,0,201,95,0,95,296
06/20/2019,SMO,CA,AWP,WE,Towers with Radar,0,6,50,0,56,0,1,105,0,106,0,7,155,0,162,175,0,175,337
06/21/2019,SMO,CA,AWP,WE,Towers with Radar,0,18,39,0,57,0,1,62,0,63,0,19,101,0,120,94,0,94,214
06/22/2019,SMO,CA,AWP,WE,Towers with Radar,0,7,25,0,32,0,0,125,0,125,0,7,150,0,157,124,0,124,281
06/23/2019,SMO,CA,AWP,WE,Towers with Radar,0,8,31,0,39,0,0,82,0,82,0,8,113,0,121,14,0,14,135
06/24/2019,SMO,CA,AWP,WE,Towers with Radar,0,5,64,0,69,0,4,13,0,17,0,9,77,0,86,0,0,0,86
06/25/2019,SMO,CA,AWP,WE,Towers with Radar,0,5,49,1,55,0,1,18,0,19,0,6,67,1,74,55,0,55,129
06/26/2019,SMO,CA,AWP,WE,Towers with Radar,0,5,37,0,42,0,3,63,0,66,0,8,100,0,108,24,0,24,132
06/27/2019,SMO,CA,AWP,WE,Towers with Radar,0,7,30,0,37,0,3,173,0,176,0,10,203,0,213,78,0,78,291
06/28/2019,SMO,CA,AWP,WE,Towers with Radar,0,9,27,0,36,0,2,119,0,121,0,11,146,0,157,101,0,101,258
06/29/2019,SMO,CA,AWP,WE,Towers with Radar,0,5,13,0,18,0,0,145,0,145,0,5,158,0,163,56,0,56,219
06/30/2019,SMO,CA,AWP,WE,Towers with Radar,0,10,14,0,24,0,2,150,0,152,0,12,164,0,176,65,0,65,241
07/01/2019,SMO,CA,AWP,WE,Towers with Radar,0,6,16,0,22,0,6,157,1,164,0,12,173,1,186,157,0,157,343
07/02/2019,SMO,CA,AWP,WE,Towers with Radar,0,8,21,0,29,0,7,125,0,132,0,15,146,0,161,93,0,93,254
07/03/2019,SMO,CA,AWP,WE,Towers with Radar,0,7,31,0,38,0,6,120,0,126,0,13,151,0,164,40,0,40,204
07/04/2019,SMO,CA,AWP,WE,Towers with Radar,0,0,14,0,14,0,0,75,0,75,0,0,89,0,89,35,0,35,124
07/05/2019,SMO,CA,AWP,WE,Towers with Radar,0,3,20,0,23,0,1,102,0,103,0,4,122,0,126,91,0,91,217
07/06/2019,SMO,CA,AWP,WE,Towers with Radar,0,4,27,1,32,0,1,56,0,57,0,5,83,1,89,12,0,12,101
07/07/2019,SMO,CA,AWP,WE,Towers with Radar,0,5,45,0,50,0,1,67,0,68,0,6,112,0,118,18,0,18,136
07/08/2019,SMO,CA,AWP,WE,Towers with Radar,0,0,0,0,0,0,6,0,0,6,0,6,0,0,6,0,0,0,6
07/09/2019,SMO,CA,AWP,WE,Towers with Radar,0,0,0,0,0,0,0,0,0,0,0,0,0,0,0,0,0,0,0
07/10/2019,SMO,CA,AWP,WE,Towers with Radar,0,0,0,2,2,0,0,0,0,0,0,0,0,2,2,0,0,0,2
07/11/2019,SMO,CA,AWP,WE,Towers with Radar,0,0,0,0,0,0,0,0,0,0,0,0,0,0,0,0,0,0,0
07/12/2019,SMO,CA,AWP,WE,Towers with Radar,0,4,13,0,17,0,3,164,0,167,0,7,177,0,184,132,0,132,316
07/13/2019,SMO,CA,AWP,WE,Towers with Radar,0,2,27,0,29,0,2,84,0,86,0,4,111,0,115,44,0,44,159
07/14/2019,SMO,CA,AWP,WE,Towers with Radar,0,9,40,0,49,0,6,97,0,103,0,15,137,0,152,4,0,4,156
07/15/2019,SMO,CA,AWP,WE,Towers with Radar,0,7,44,0,51,0,9,41,0,50,0,16,85,0,101,12,0,12,113
07/16/2019,SMO,CA,AWP,WE,Towers with Radar,0,7,33,0,40,0,4,91,0,95,0,11,124,0,135,125,0,125,260
07/17/2019,SMO,CA,AWP,WE,Towers with Radar,0,6,27,0,33,0,0,134,0,134,0,6,161,0,167,135,0,135,302
07/18/2019,SMO,CA,AWP,WE,Towers with Radar,0,5,38,0,43,0,0,75,0,75,0,5,113,0,118,68,0,68,186
07/19/2019,SMO,CA,AWP,WE,Towers with Radar,0,9,24,0,33,0,8,136,0,144,0,17,160,0,177,167,0,167,344
07/20/2019,SMO,CA,AWP,WE,Towers with Radar,0,5,18,0,23,0,1,141,0,142,0,6,159,0,165,128,0,128,293
07/21/2019,SMO,CA,AWP,WE,Towers with Radar,0,2,17,0,19,0,1,147,0,148,0,3,164,0,167,105,0,105,272
07/22/2019,SMO,CA,AWP,WE,Towers with Radar,0,3,24,0,27,0,1,121,0,122,0,4,145,0,149,86,0,86,235
07/23/2019,SMO,CA,AWP,WE,Towers with Radar,0,5,14,0,19,0,0,140,0,140,0,5,154,0,159,142,0,142,301
07/24/2019,SMO,CA,AWP,WE,Towers with Radar,0,12,12,2,26,0,0,125,0,125,0,12,137,2,151,169,2,171,322
07/25/2019,SMO,CA,AWP,WE,Towers with Radar,0,7,9,0,16,0,0,115,0,115,0,7,124,0,131,88,0,88,219
07/26/2019,SMO,CA,AWP,WE,Towers with Radar,0,8,25,0,33,0,8,154,1,163,0,16,179,1,196,125,0,125,321
07/27/2019,SMO,CA,AWP,WE,Towers with Radar,0,2,12,0,14,0,1,158,0,159,0,3,170,0,173,148,0,148,321
07/28/2019,SMO,CA,AWP,WE,Towers with Radar,0,6,68,0,74,0,0,62,0,62,0,6,130,0,136,20,0,20,156
07/29/2019,SMO,CA,AWP,WE,Towers with Radar,0,4,31,0,35,0,0,75,0,75,0,4,106,0,110,38,0,38,148
07/30/2019,SMO,CA,AWP,WE,Towers with Radar,0,7,21,0,28,0,4,114,0,118,0,11,135,0,146,104,0,104,250
07/31/2019,SMO,CA,AWP,WE,Towers with Radar,0,7,41,0,48,0,0,103,0,103,0,7,144,0,151,52,0,52,203
08/01/2019,SMO,CA,AWP,WE,Towers with Radar,0,7,20,0,27,0,2,147,0,149,0,9,167,0,176,96,0,96,272
08/02/2019,SMO,CA,AWP,WE,Towers with Radar,0,7,23,0,30,0,6,170,0,176,0,13,193,0,206,199,0,199,405
08/03/2019,SMO,CA,AWP,WE,Towers with Radar,0,1,14,0,15,0,3,169,0,172,0,4,183,0,187,108,0,108,295
08/04/2019,SMO,CA,AWP,WE,Towers with Radar,0,12,19,0,31,0,3,188,0,191,0,15,207,0,222,75,0,75,297
08/05/2019,SMO,CA,AWP,WE,Towers with Radar,0,0,0,0,0,0,0,0,0,0,0,0,0,0,0,0,0,0,0
08/06/2019,SMO,CA,AWP,WE,Towers with Radar,0,0,1,0,1,0,0,9,0,9,0,0,10,0,10,0,0,0,10
08/07/2019,SMO,CA,AWP,WE,Towers with Radar,0,2,0,0,2,0,0,0,0,0,0,2,0,0,2,0,0,0,2
08/08/2019,SMO,CA,AWP,WE,Towers with Radar,0,0,0,0,0,0,2,0,0,2,0,2,0,0,2,0,0,0,2
08/09/2019,SMO,CA,AWP,WE,Towers with Radar,0,6,21,0,27,0,4,151,0,155,0,10,172,0,182,69,0,69,251
08/10/2019,SMO,CA,AWP,WE,Towers with Radar,0,4,14,0,18,0,1,148,0,149,0,5,162,0,167,79,0,79,246
08/11/2019,SMO,CA,AWP,WE,Towers with Radar,0,3,34,0,37,0,0,112,0,112,0,3,146,0,149,65,0,65,214
08/12/2019,SMO,CA,AWP,WE,Towers with Radar,0,6,34,1,41,0,5,102,2,109,0,11,136,3,150,76,0,76,226
08/13/2019,SMO,CA,AWP,WE,Towers with Radar,0,12,40,0,52,0,0,107,0,107,0,12,147,0,159,90,0,90,249
08/14/2019,SMO,CA,AWP,WE,Towers with Radar,0,10,26,0,36,0,0,116,0,116,0,10,142,0,152,56,0,56,208
08/15/2019,SMO,CA,AWP,WE,Towers with Radar,0,10,32,0,42,0,2,117,0,119,0,12,149,0,161,55,0,55,216
08/16/2019,SMO,CA,AWP,WE,Towers with Radar,0,6,24,0,30,0,1,114,0,115,0,7,138,0,145,107,0,107,252
08/17/2019,SMO,CA,AWP,WE,Towers with Radar,0,5,32,0,37,0,0,107,0,107,0,5,139,0,144,47,0,47,191
08/18/2019,SMO,CA,AWP,WE,Towers with Radar,0,9,28,0,37,0,5,162,0,167,0,14,190,0,204,62,0,62,266
08/19/2019,SMO,CA,AWP,WE,Towers with Radar,0,6,37,0,43,0,4,109,0,113,0,10,146,0,156,64,0,64,220
08/20/2019,SMO,CA,AWP,WE,Towers with Radar,0,8,21,0,29,0,8,150,2,160,0,16,171,2,189,145,2,147,336
08/21/2019,SMO,CA,AWP,WE,Towers with Radar,0,6,10,0,16,0,3,172,0,175,0,9,182,0,191,142,0,142,333
08/22/2019,SMO,CA,AWP,WE,Towers with Radar,0,12,29,0,41,0,7,151,0,158,0,19,180,0,199,96,0,96,295
08/23/2019,SMO,CA,AWP,WE,Towers with Radar,0,12,33,0,45,0,1,133,0,134,0,13,166,0,179,138,0,138,317
08/24/2019,SMO,CA,AWP,WE,Towers with Radar,0,2,11,1,14,0,0,173,0,173,0,2,184,1,187,114,0,114,301
08/25/2019,SMO,CA,AWP,WE,Towers with Radar,0,12,14,0,26,0,4,140,0,144,0,16,154,0,170,36,0,36,206
08/26/2019,SMO,CA,AWP,WE,Towers with Radar,0,4,14,0,18,0,1,127,1,129,0,5,141,1,147,114,0,114,261
08/27/2019,SMO,CA,AWP,WE,Towers with Radar,0,6,16,0,22,0,4,106,0,110,0,10,122,0,132,111,0,111,243
08/28/2019,SMO,CA,AWP,WE,Towers with Radar,0,8,34,0,42,0,4,111,0,115,0,12,145,0,157,44,0,44,201
08/29/2019,SMO,CA,AWP,WE,Towers with Radar,0,12,29,0,41,0,1,165,0,166,0,13,194,0,207,118,0,118,325
08/30/2019,SMO,CA,AWP,WE,Towers with Radar,0,11,17,0,28,0,5,171,0,176,0,16,188,0,204,119,0,119,323
08/31/2019,SMO,CA,AWP,WE,Towers with Radar,0,6,17,0,23,0,0,140,0,140,0,6,157,0,163,50,0,50,213
09/01/2019,SMO,CA,AWP,WE,Towers with Radar,0,14,26,0,40,0,3,98,0,101,0,17,124,0,141,0,0,0,141
09/02/2019,SMO,CA,AWP,WE,Towers with Radar,0,2,16,1,19,0,2,177,0,179,0,4,193,1,198,86,0,86,284
09/03/2019,SMO,CA,AWP,WE,Towers with Radar,0,5,11,0,16,0,14,147,0,161,0,19,158,0,177,203,0,203,380
09/04/2019,SMO,CA,AWP,WE,Towers with Radar,0,9,11,0,20,0,9,174,0,183,0,18,185,0,203,134,0,134,337
09/05/2019,SMO,CA,AWP,WE,Towers with Radar,0,8,21,0,29,0,4,165,0,169,0,12,186,0,198,181,0,181,379
09/06/2019,SMO,CA,AWP,WE,Towers with Radar,0,9,21,0,30,0,5,165,0,170,0,14,186,0,200,111,0,111,311
09/07/2019,SMO,CA,AWP,WE,Towers with Radar,0,4,17,0,21,0,2,168,0,170,0,6,185,0,191,80,0,80,271
09/08/2019,SMO,CA,AWP,WE,Towers with Radar,0,5,19,0,24,0,4,161,0,165,0,9,180,0,189,60,0,60,249
09/09/2019,SMO,CA,AWP,WE,Towers with Radar,0,6,18,0,24,0,2,123,0,125,0,8,141,0,149,126,0,126,275
09/10/2019,SMO,CA,AWP,WE,Towers with Radar,0,8,37,0,45,0,1,95,2,98,0,9,132,2,143,143,0,143,286
09/11/2019,SMO,CA,AWP,WE,Towers with Radar,0,8,33,0,41,0,3,137,0,140,0,11,170,0,181,130,0,130,311
09/12/2019,SMO,CA,AWP,WE,Towers with Radar,0,10,20,0,30,0,1,180,0,181,0,11,200,0,211,115,0,115,326
09/13/2019,SMO,CA,AWP,WE,Towers with Radar,0,13,17,0,30,0,7,115,0,122,0,20,132,0,152,172,0,172,324
09/14/2019,SMO,CA,AWP,WE,Towers with Radar,0,7,8,0,15,0,2,170,0,172,0,9,178,0,187,65,0,65,252
09/15/2019,SMO,CA,AWP,WE,Towers with Radar,0,9,24,0,33,0,0,84,0,84,0,9,108,0,117,16,0,16,133
09/16/2019,SMO,CA,AWP,WE,Towers with Radar,0,11,32,0,43,0,0,122,10,132,0,11,154,10,175,53,0,53,228
09/17/2019,SMO,CA,AWP,WE,Towers with Radar,0,8,16,0,24,0,0,51,7,58,0,8,67,7,82,95,0,95,177
09/18/2019,SMO,CA,AWP,WE,Towers with Radar,0,3,10,0,13,0,4,82,0,86,0,7,92,0,99,70,0,70,169
09/19/2019,SMO,CA,AWP,WE,Towers with Radar,0,6,42,0,48,0,8,136,0,144,0,14,178,0,192,105,0,105,297
09/20/2019,SMO,CA,AWP,WE,Towers with Radar,0,11,26,0,37,0,2,159,0,161,0,13,185,0,198,146,0,146,344
09/21/2019,SMO,CA,AWP,WE,Towers with Radar,0,7,17,0,24,0,1,149,0,150,0,8,166,0,174,82,0,82,256
09/22/2019,SMO,CA,AWP,WE,Towers with Radar,0,9,16,0,25,0,1,152,0,153,0,10,168,0,178,66,0,66,244
09/23/2019,SMO,CA,AWP,WE,Towers with Radar,0,7,25,0,32,0,6,91,2,99,0,13,116,2,131,56,0,56,187
09/24/2019,SMO,CA,AWP,WE,Towers with Radar,0,12,28,1,41,0,3,136,0,139,0,15,164,1,180,129,0,129,309
09/25/2019,SMO,CA,AWP,WE,Towers with Radar,0,3,32,0,35,0,3,100,0,103,0,6,132,0,138,74,0,74,212
09/26/2019,SMO,CA,AWP,WE,Towers with Radar,0,11,67,1,79,0,8,77,0,85,0,19,144,1,164,144,0,144,308
09/27/2019,SMO,CA,AWP,WE,Towers with Radar,0,12,58,0,70,0,0,83,0,83,0,12,141,0,153,167,0,167,320
09/28/2019,SMO,CA,AWP,WE,Towers with Radar,0,6,39,0,45,0,0,11,0,11,0,6,50,0,56,13,0,13,69
09/29/2019,SMO,CA,AWP,WE,Towers with Radar,0,8,15,0,23,0,0,161,0,161,0,8,176,0,184,41,0,41,225
09/30/2019,SMO,CA,AWP,WE,Towers with Radar,0,8,16,0,24,0,1,128,0,129,0,9,144,0,153,74,0,74,227
10/01/2019,SMO,CA,AWP,WE,Towers with Radar,0,7,13,0,20,0,6,186,0,192,0,13,199,0,212,136,0,136,348
10/02/2019,SMO,CA,AWP,WE,Towers with Radar,0,14,31,0,45,0,2,150,0,152,0,16,181,0,197,46,0,46,243
10/03/2019,SMO,CA,AWP,WE,Towers with Radar,0,7,31,4,42,0,2,185,0,187,0,9,216,4,229,157,0,157,386
10/04/2019,SMO,CA,AWP,WE,Towers with Radar,0,8,32,0,40,0,6,177,0,183,0,14,209,0,223,97,0,97,320
10/05/2019,SMO,CA,AWP,WE,Towers with Radar,0,5,13,0,18,0,3,125,0,128,0,8,138,0,146,33,0,33,179
10/06/2019,SMO,CA,AWP,WE,Towers with Radar,0,12,19,0,31,0,7,161,0,168,0,19,180,0,199,53,0,53,252
10/07/2019,SMO,CA,AWP,WE,Towers with Radar,0,6,13,0,19,0,4,124,0,128,0,10,137,0,147,112,0,112,259
10/08/2019,SMO,CA,AWP,WE,Towers with Radar,0,5,24,0,29,0,9,166,0,175,0,14,190,0,204,62,0,62,266
10/09/2019,SMO,CA,AWP,WE,Towers with Radar,0,10,32,0,42,0,0,123,0,123,0,10,155,0,165,151,0,151,316
10/10/2019,SMO,CA,AWP,WE,Towers with Radar,0,12,12,0,24,0,2,84,0,86,0,14,96,0,110,152,0,152,262
10/11/2019,SMO,CA,AWP,WE,Towers with Radar,0,3,35,0,38,0,3,136,0,139,0,6,171,0,177,108,0,108,285
10/12/2019,SMO,CA,AWP,WE,Towers with Radar,0,8,17,0,25,0,4,161,0,165,0,12,178,0,190,66,0,66,256
10/13/2019,SMO,CA,AWP,WE,Towers with Radar,0,8,33,0,41,0,3,164,0,167,0,11,197,0,208,74,0,74,282
10/14/2019,SMO,CA,AWP,WE,Towers with Radar,0,6,29,0,35,0,2,102,0,104,0,8,131,0,139,107,0,107,246
10/15/2019,SMO,CA,AWP,WE,Towers with Radar,0,3,26,0,29,0,2,153,0,155,0,5,179,0,184,127,0,127,311
10/16/2019,SMO,CA,AWP,WE,Towers with Radar,0,13,23,0,36,0,3,136,0,139,0,16,159,0,175,106,0,106,281
10/17/2019,SMO,CA,AWP,WE,Towers with Radar,0,14,42,2,58,0,0,120,0,120,0,14,162,2,178,85,0,85,263
10/18/2019,SMO,CA,AWP,WE,Towers with Radar,0,5,27,2,34,0,0,144,0,144,0,5,171,2,178,114,0,114,292
10/19/2019,SMO,CA,AWP,WE,Towers with Radar,0,3,19,0,22,0,3,172,0,175,0,6,191,0,197,57,0,57,254
10/20/2019,SMO,CA,AWP,WE,Towers with Radar,0,7,11,0,18,0,0,98,0,98,0,7,109,0,116,7,0,7,123
10/21/2019,SMO,CA,AWP,WE,Towers with Radar,0,2,15,0,17,0,0,93,0,93,0,2,108,0,110,81,0,81,191
10/22/2019,SMO,CA,AWP,WE,Towers with Radar,0,7,13,0,20,0,0,0,0,0,0,7,13,0,20,0,0,0,20
10/23/2019,SMO,CA,AWP,WE,Towers with Radar,0,8,26,0,34,0,16,193,0,209,0,24,219,0,243,103,0,103,346
10/24/2019,SMO,CA,AWP,WE,Towers with Radar,0,7,26,0,33,0,1,88,0,89,0,8,114,0,122,138,0,138,260
10/25/2019,SMO,CA,AWP,WE,Towers with Radar,0,13,18,0,31,0,2,143,0,145,0,15,161,0,176,144,0,144,320
10/26/2019,SMO,CA,AWP,WE,Towers with Radar,0,3,11,0,14,0,1,151,0,152,0,4,162,0,166,42,0,42,208
10/27/2019,SMO,CA,AWP,WE,Towers with Radar,0,7,32,0,39,0,3,48,0,51,0,10,80,0,90,89,0,89,179
10/28/2019,SMO,CA,AWP,WE,Towers with Radar,0,5,16,0,21,0,5,67,0,72,0,10,83,0,93,92,0,92,185
10/29/2019,SMO,CA,AWP,WE,Towers with Radar,0,7,19,0,26,0,2,116,2,120,0,9,135,2,146,108,0,108,254
10/30/2019,SMO,CA,AWP,WE,Towers with Radar,0,5,5,0,10,0,2,65,2,69,0,7,70,2,79,48,0,48,127
10/31/2019,SMO,CA,AWP,WE,Towers with Radar,0,8,7,0,15,0,3,130,0,133,0,11,137,0,148,131,0,131,279
11/01/2019,SMO,CA,AWP,WE,Towers with Radar,0,13,27,0,40,0,17,130,0,147,0,30,157,0,187,83,0,83,270
11/02/2019,SMO,CA,AWP,WE,Towers with Radar,0,7,17,0,24,0,4,125,0,129,0,11,142,0,153,49,0,49,202
11/03/2019,SMO,CA,AWP,WE,Towers with Radar,0,14,18,0,32,0,4,148,0,152,0,18,166,0,184,56,0,56,240
11/04/2019,SMO,CA,AWP,WE,Towers with Radar,0,7,20,0,27,0,5,90,0,95,0,12,110,0,122,125,0,125,247
11/05/2019,SMO,CA,AWP,WE,Towers with Radar,0,11,26,0,37,0,0,112,0,112,0,11,138,0,149,131,0,131,280
11/06/2019,SMO,CA,AWP,WE,Towers with Radar,0,17,70,0,87,0,1,32,0,33,0,18,102,0,120,7,0,7,127
11/07/2019,SMO,CA,AWP,WE,Towers with Radar,0,11,41,0,52,0,4,114,0,118,0,15,155,0,170,45,0,45,215
11/08/2019,SMO,CA,AWP,WE,Towers with Radar,0,10,36,0,46,0,2,146,0,148,0,12,182,0,194,153,0,153,347
11/09/2019,SMO,CA,AWP,WE,Towers with Radar,0,6,16,0,22,0,2,164,0,166,0,8,180,0,188,60,0,60,248
11/10/2019,SMO,CA,AWP,WE,Towers with Radar,0,8,26,0,34,0,1,89,0,90,0,9,115,0,124,45,0,45,169
11/11/2019,SMO,CA,AWP,WE,Towers with Radar,0,11,26,0,37,0,1,102,2,105,0,12,128,2,142,60,0,60,202
11/12/2019,SMO,CA,AWP,WE,Towers with Radar,0,10,27,0,37,0,0,1,0,1,0,10,28,0,38,0,0,0,38
11/13/2019,SMO,CA,AWP,WE,Towers with Radar,0,14,59,0,73,0,1,103,0,104,0,15,162,0,177,9,0,9,186
11/14/2019,SMO,CA,AWP,WE,Towers with Radar,0,15,34,0,49,0,2,107,0,109,0,17,141,0,158,124,0,124,282
11/15/2019,SMO,CA,AWP,WE,Towers with Radar,0,12,30,0,42,0,2,141,0,143,0,14,171,0,185,114,0,114,299
11/16/2019,SMO,CA,AWP,WE,Towers with Radar,0,4,20,0,24,0,0,148,0,148,0,4,168,0,172,75,0,75,247
11/17/2019,SMO,CA,AWP,WE,Towers with Radar,0,22,23,0,45,0,2,154,0,156,0,24,177,0,201,58,0,58,259
11/18/2019,SMO,CA,AWP,WE,Towers with Radar,0,10,14,0,24,0,2,114,0,116,0,12,128,0,140,79,0,79,219
11/19/2019,SMO,CA,AWP,WE,Towers with Radar,0,15,21,0,36,0,4,141,0,145,0,19,162,0,181,84,0,84,265
11/20/2019,SMO,CA,AWP,WE,Towers with Radar,0,4,14,0,18,0,3,26,0,29,0,7,40,0,47,0,0,0,47
11/21/2019,SMO,CA,AWP,WE,Towers with Radar,0,10,26,0,36,0,5,157,0,162,0,15,183,0,198,115,0,115,313
11/22/2019,SMO,CA,AWP,WE,Towers with Radar,0,14,20,0,34,0,0,161,0,161,0,14,181,0,195,77,0,77,272
11/23/2019,SMO,CA,AWP,WE,Towers with Radar,0,3,20,0,23,0,3,165,0,168,0,6,185,0,191,55,0,55,246
11/24/2019,SMO,CA,AWP,WE,Towers with Radar,0,1,13,0,14,0,2,143,1,146,0,3,156,1,160,45,0,45,205
11/25/2019,SMO,CA,AWP,WE,Towers with Radar,0,11,21,0,32,0,0,121,0,121,0,11,142,0,153,112,0,112,265
11/26/2019,SMO,CA,AWP,WE,Towers with Radar,0,11,19,0,30,0,0,139,0,139,0,11,158,0,169,127,0,127,296
11/27/2019,SMO,CA,AWP,WE,Towers with Radar,0,3,13,0,16,0,1,13,0,14,0,4,26,0,30,12,0,12,42
11/28/2019,SMO,CA,AWP,WE,Towers with Radar,0,0,1,0,1,0,0,5,0,5,0,0,6,0,6,12,0,12,18
11/29/2019,SMO,CA,AWP,WE,Towers with Radar,0,0,12,0,12,0,10,102,0,112,0,10,114,0,124,47,0,47,171
11/30/2019,SMO,CA,AWP,WE,Towers with Radar,0,2,22,0,24,0,0,95,0,95,0,2,117,0,119,58,0,58,177
12/01/2019,SMO,CA,AWP,WE,Towers with Radar,0,14,19,0,33,0,1,132,0,133,0,15,151,0,166,36,0,36,202
12/02/2019,SMO,CA,AWP,WE,Towers with Radar,0,7,22,0,29,0,4,104,0,108,0,11,126,0,137,113,0,113,250
12/03/2019,SMO,CA,AWP,WE,Towers with Radar,0,7,13,0,20,0,2,120,0,122,0,9,133,0,142,106,0,106,248
12/04/2019,SMO,CA,AWP,WE,Towers with Radar,0,5,16,0,21,0,0,11,0,11,0,5,27,0,32,10,0,10,42
12/05/2019,SMO,CA,AWP,WE,Towers with Radar,0,5,22,0,27,0,4,96,0,100,0,9,118,0,127,157,0,157,284
12/06/2019,SMO,CA,AWP,WE,Towers with Radar,0,5,29,0,34,0,1,104,0,105,0,6,133,0,139,79,0,79,218
12/07/2019,SMO,CA,AWP,WE,Towers with Radar,0,2,24,0,26,0,1,39,0,40,0,3,63,0,66,63,0,63,129
12/08/2019,SMO,CA,AWP,WE,Towers with Radar,0,1,25,0,26,0,4,34,0,38,0,5,59,0,64,12,0,12,76
12/09/2019,SMO,CA,AWP,WE,Towers with Radar,0,10,14,2,26,0,0,131,0,131,0,10,145,2,157,120,0,120,277
12/10/2019,SMO,CA,AWP,WE,Towers with Radar,0,14,21,0,35,0,4,156,1,161,0,18,177,1,196,136,0,136,332
12/11/2019,SMO,CA,AWP,WE,Towers with Radar,0,12,33,0,45,0,1,138,0,139,0,13,171,0,184,95,0,95,279
12/12/2019,SMO,CA,AWP,WE,Towers with Radar,0,16,17,0,33,0,0,137,0,137,0,16,154,0,170,184,0,184,354
12/13/2019,SMO,CA,AWP,WE,Towers with Radar,0,19,42,0,61,0,0,77,0,77,0,19,119,0,138,21,0,21,159
12/14/2019,SMO,CA,AWP,WE,Towers with Radar,0,8,29,0,37,0,2,57,0,59,0,10,86,0,96,72,0,72,168
12/15/2019,SMO,CA,AWP,WE,Towers with Radar,0,15,6,1,22,0,2,65,1,68,0,17,71,2,90,41,0,41,131
12/16/2019,SMO,CA,AWP,WE,Towers with Radar,0,10,22,0,32,0,1,126,0,127,0,11,148,0,159,79,0,79,238
12/17/2019,SMO,CA,AWP,WE,Towers with Radar,0,8,10,0,18,0,1,82,0,83,0,9,92,0,101,80,0,80,181
12/18/2019,SMO,CA,AWP,WE,Towers with Radar,0,8,19,0,27,0,0,139,0,139,0,8,158,0,166,104,0,104,270
12/19/2019,SMO,CA,AWP,WE,Towers with Radar,0,12,25,0,37,0,5,151,0,156,0,17,176,0,193,142,0,142,335
12/20/2019,SMO,CA,AWP,WE,Towers with Radar,0,13,29,0,42,0,6,137,0,143,0,19,166,0,185,132,0,132,317
12/21/2019,SMO,CA,AWP,WE,Towers with Radar,0,7,18,0,25,0,5,161,0,166,0,12,179,0,191,43,0,43,234
12/22/2019,SMO,CA,AWP,WE,Towers with Radar,0,0,9,0,9,0,1,57,0,58,0,1,66,0,67,46,0,46,113
12/23/2019,SMO,CA,AWP,WE,Towers with Radar,0,3,8,0,11,0,0,20,0,20,0,3,28,0,31,10,0,10,41
12/24/2019,SMO,CA,AWP,WE,Towers with Radar,0,2,8,0,10,0,0,52,0,52,0,2,60,0,62,6,0,6,68
12/25/2019,SMO,CA,AWP,WE,Towers with Radar,0,2,3,0,5,0,0,20,0,20,0,2,23,0,25,10,0,10,35
12/26/2019,SMO,CA,AWP,WE,Towers with Radar,0,3,15,0,18,0,0,34,0,34,0,3,49,0,52,10,0,10,62
12/27/2019,SMO,CA,AWP,WE,Towers with Radar,0,6,14,0,20,0,0,103,0,103,0,6,117,0,123,59,0,59,182
12/28/2019,SMO,CA,AWP,WE,Towers with Radar,0,12,10,0,22,0,0,97,0,97,0,12,107,0,119,34,0,34,153
12/29/2019,SMO,CA,AWP,WE,Towers with Radar,0,6,12,0,18,0,0,93,0,93,0,6,105,0,111,62,0,62,173
12/30/2019,SMO,CA,AWP,WE,Towers with Radar,0,3,20,0,23,0,4,65,0,69,0,7,85,0,92,76,0,76,168
12/31/2019,SMO,CA,AWP,WE,Towers with Radar,0,7,11,0,18,0,1,76,0,77,0,8,87,0,95,51,0,51,146
01/01/2020,SMO,CA,AWP,WE,Towers with Radar,0,5,16,0,21,0,4,83,0,87,0,9,99,0,108,28,0,28,136
01/02/2020,SMO,CA,AWP,WE,Towers with Radar,0,5,18,0,23,0,1,107,0,108,0,6,125,0,131,106,0,106,237
01/03/2020,SMO,CA,AWP,WE,Towers with Radar,0,9,15,0,24,0,4,112,0,116,0,13,127,0,140,111,0,111,251
01/04/2020,SMO,CA,AWP,WE,Towers with Radar,0,2,12,0,14,0,0,122,0,122,0,2,134,0,136,40,0,40,176
01/05/2020,SMO,CA,AWP,WE,Towers with Radar,0,3,18,0,21,0,0,122,0,122,0,3,140,0,143,50,0,50,193
01/06/2020,SMO,CA,AWP,WE,Towers with Radar,0,12,17,0,29,0,5,123,0,128,0,17,140,0,157,144,0,144,301
01/07/2020,SMO,CA,AWP,WE,Towers with Radar,0,3,16,0,19,0,0,133,0,133,0,3,149,0,152,134,0,134,286
01/08/2020,SMO,CA,AWP,WE,Towers with Radar,0,7,21,1,29,0,2,131,1,134,0,9,152,2,163,89,0,89,252
01/09/2020,SMO,CA,AWP,WE,Towers with Radar,0,6,19,2,27,0,4,68,0,72,0,10,87,2,99,121,0,121,220
01/10/2020,SMO,CA,AWP,WE,Towers with Radar,0,15,20,0,35,0,2,123,0,125,0,17,143,0,160,186,0,186,346
01/11/2020,SMO,CA,AWP,WE,Towers with Radar,0,10,27,0,37,0,1,131,0,132,0,11,158,0,169,89,0,89,258
01/12/2020,SMO,CA,AWP,WE,Towers with Radar,0,5,15,0,20,0,4,161,0,165,0,9,176,0,185,77,0,77,262
01/13/2020,SMO,CA,AWP,WE,Towers with Radar,0,10,32,0,42,0,15,123,0,138,0,25,155,0,180,145,0,145,325
01/14/2020,SMO,CA,AWP,WE,Towers with Radar,0,2,29,0,31,0,4,131,0,135,0,6,160,0,166,93,0,93,259
01/15/2020,SMO,CA,AWP,WE,Towers with Radar,0,4,22,1,27,0,4,143,2,149,0,8,165,3,176,47,0,47,223
01/16/2020,SMO,CA,AWP,WE,Towers with Radar,0,18,30,0,48,0,2,40,0,42,0,20,70,0,90,87,0,87,177
01/17/2020,SMO,CA,AWP,WE,Towers with Radar,0,5,20,0,25,0,1,128,0,129,0,6,148,0,154,134,0,134,288
01/18/2020,SMO,CA,AWP,WE,Towers with Radar,0,4,14,0,18,0,2,131,0,133,0,6,145,0,151,33,0,33,184
01/19/2020,SMO,CA,AWP,WE,Towers with Radar,0,2,20,0,22,0,2,121,0,123,0,4,141,0,145,2,0,2,147
01/20/2020,SMO,CA,AWP,WE,Towers with Radar,0,13,27,0,40,0,6,108,0,114,0,19,135,0,154,60,0,60,214
01/21/2020,SMO,CA,AWP,WE,Towers with Radar,0,6,28,0,34,0,6,84,0,90,0,12,112,0,124,90,0,90,214
01/22/2020,SMO,CA,AWP,WE,Towers with Radar,0,0,20,0,20,0,0,131,0,131,0,0,151,0,151,89,2,91,242
01/23/2020,SMO,CA,AWP,WE,Towers with Radar,0,5,27,0,32,0,0,161,0,161,0,5,188,0,193,52,0,52,245
01/24/2020,SMO,CA,AWP,WE,Towers with Radar,0,6,19,0,25,0,2,143,0,145,0,8,162,0,170,97,0,97,267
01/25/2020,SMO,CA,AWP,WE,Towers with Radar,0,6,22,0,28,0,0,102,0,102,0,6,124,0,130,11,0,11,141
01/26/2020,SMO,CA,AWP,WE,Towers with Radar,0,15,43,0,58,0,4,43,0,47,0,19,86,0,105,31,0,31,136
01/27/2020,SMO,CA,AWP,WE,Towers with Radar,0,4,27,0,31,0,2,107,0,109,0,6,134,0,140,83,0,83,223
01/28/2020,SMO,CA,AWP,WE,Towers with Radar,0,6,26,0,32,0,0,147,0,147,0,6,173,0,179,110,0,110,289
01/29/2020,SMO,CA,AWP,WE,Towers with Radar,0,2,10,0,12,0,2,64,0,66,0,4,74,0,78,54,0,54,132
01/30/2020,SMO,CA,AWP,WE,Towers with Radar,0,11,24,0,35,0,3,175,0,178,0,14,199,0,213,97,0,97,310
01/31/2020,SMO,CA,AWP,WE,Towers with Radar,0,5,34,0,39,0,5,114,0,119,0,10,148,0,158,102,0,102,260
02/01/2020,SMO,CA,AWP,WE,Towers with Radar,0,7,15,0,22,0,4,142,0,146,0,11,157,0,168,126,0,126,294
02/02/2020,SMO,CA,AWP,WE,Towers with Radar,0,6,33,0,39,0,2,82,0,84,0,8,115,0,123,19,0,19,142
02/03/2020,SMO,CA,AWP,WE,Towers with Radar,0,7,9,0,16,0,5,55,0,60,0,12,64,0,76,10,0,10,86
02/04/2020,SMO,CA,AWP,WE,Towers with Radar,0,7,17,0,24,0,15,86,0,101,0,22,103,0,125,2,0,2,127
02/05/2020,SMO,CA,AWP,WE,Towers with Radar,0,5,13,0,18,0,1,107,0,108,0,6,120,0,126,47,0,47,173
02/06/2020,SMO,CA,AWP,WE,Towers with Radar,0,16,20,0,36,0,0,126,0,126,0,16,146,0,162,157,0,157,319
02/07/2020,SMO,CA,AWP,WE,Towers with Radar,0,9,29,0,38,0,4,148,0,152,0,13,177,0,190,120,0,120,310
02/08/2020,SMO,CA,AWP,WE,Towers with Radar,0,11,35,0,46,0,9,102,0,111,0,20,137,0,157,35,0,35,192
02/09/2020,SMO,CA,AWP,WE,Towers with Radar,0,2,20,0,22,0,0,39,0,39,0,2,59,0,61,57,0,57,118
02/10/2020,SMO,CA,AWP,WE,Towers with Radar,0,13,20,0,33,0,8,76,0,84,0,21,96,0,117,68,0,68,185
02/11/2020,SMO,CA,AWP,WE,Towers with Radar,0,10,18,1,29,0,7,89,2,98,0,17,107,3,127,59,1,60,187
02/12/2020,SMO,CA,AWP,WE,Towers with Radar,0,25,19,0,44,0,3,172,0,175,0,28,191,0,219,109,0,109,328
02/13/2020,SMO,CA,AWP,WE,Towers with Radar,0,16,15,0,31,0,8,105,0,113,0,24,120,0,144,95,2,97,241
02/14/2020,SMO,CA,AWP,WE,Towers with Radar,0,13,25,0,38,0,2,152,0,154,0,15,177,0,192,119,0,119,311
02/15/2020,SMO,CA,AWP,WE,Towers with Radar,0,6,29,0,35,0,5,225,0,230,0,11,254,0,265,74,0,74,339
02/16/2020,SMO,CA,AWP,WE,Towers with Radar,0,9,31,0,40,0,4,164,0,168,0,13,195,0,208,44,0,44,252
02/17/2020,SMO,CA,AWP,WE,Towers with Radar,0,7,22,0,29,0,0,134,0,134,0,7,156,0,163,92,0,92,255
02/18/2020,SMO,CA,AWP,WE,Towers with Radar,0,7,24,0,31,0,11,55,6,72,0,18,79,6,103,46,0,46,149
02/19/2020,SMO,CA,AWP,WE,Towers with Radar,0,8,28,0,36,0,2,96,0,98,0,10,124,0,134,110,0,110,244
02/20/2020,SMO,CA,AWP,WE,Towers with Radar,0,10,23,0,33,0,0,146,0,146,0,10,169,0,179,123,0,123,302
02/21/2020,SMO,CA,AWP,WE,Towers with Radar,0,8,41,0,49,0,4,113,0,117,0,12,154,0,166,167,0,167,333
02/22/2020,SMO,CA,AWP,WE,Towers with Radar,0,6,16,0,22,0,1,58,0,59,0,7,74,0,81,55,0,55,136
02/23/2020,SMO,CA,AWP,WE,Towers with Radar,0,8,23,0,31,0,2,143,0,145,0,10,166,0,176,61,0,61,237
02/24/2020,SMO,CA,AWP,WE,Towers with Radar,0,7,19,0,26,0,4,141,0,145,0,11,160,0,171,87,0,87,258
02/25/2020,SMO,CA,AWP,WE,Towers with Radar,0,4,26,0,30,0,6,119,0,125,0,10,145,0,155,131,0,131,286
02/26/2020,SMO,CA,AWP,WE,Towers with Radar,0,7,23,0,30,0,8,147,0,155,0,15,170,0,185,151,0,151,336
02/27/2020,SMO,CA,AWP,WE,Towers with Radar,0,3,19,0,22,0,2,149,0,151,0,5,168,0,173,130,0,130,303
02/28/2020,SMO,CA,AWP,WE,Towers with Radar,0,9,16,0,25,0,3,148,1,152,0,12,164,1,177,147,0,147,324
02/29/2020,SMO,CA,AWP,WE,Towers with Radar,0,9,18,0,27,0,2,136,0,138,0,11,154,0,165,67,0,67,232
03/01/2020,SMO,CA,AWP,WE,Towers with Radar,0,8,26,1,35,0,0,68,0,68,0,8,94,1,103,45,0,45,148
03/02/2020,SMO,CA,AWP,WE,Towers with Radar,0,8,13,0,21,0,4,77,0,81,0,12,90,0,102,58,0,58,160
03/03/2020,SMO,CA,AWP,WE,Towers with Radar,0,6,9,0,15,0,2,144,0,146,0,8,153,0,161,233,0,233,394
03/04/2020,SMO,CA,AWP,WE,Towers with Radar,0,5,23,0,28,0,11,125,0,136,0,16,148,0,164,155,0,155,319
03/05/2020,SMO,CA,AWP,WE,Towers with Radar,0,15,37,0,52,0,2,135,0,137,0,17,172,0,189,114,0,114,303
03/06/2020,SMO,CA,AWP,WE,Towers with Radar,0,10,53,0,63,0,1,48,0,49,0,11,101,0,112,9,0,9,121
03/07/2020,SMO,CA,AWP,WE,Towers with Radar,0,9,28,0,37,0,4,104,0,108,0,13,132,0,145,149,0,149,294
03/08/2020,SMO,CA,AWP,WE,Towers with Radar,0,5,23,0,28,0,7,142,0,149,0,12,165,0,177,88,0,88,265
03/09/2020,SMO,CA,AWP,WE,Towers with Radar,0,17,23,0,40,0,2,110,0,112,0,19,133,0,152,120,0,120,272
03/10/2020,SMO,CA,AWP,WE,Towers with Radar,0,2,11,0,13,0,0,6,0,6,0,2,17,0,19,4,0,4,23
03/11/2020,SMO,CA,AWP,WE,Towers with Radar,0,1,14,0,15,0,4,82,2,88,0,5,96,2,103,134,0,134,237
03/12/2020,SMO,CA,AWP,WE,Towers with Radar,0,1,17,0,18,0,5,36,0,41,0,6,53,0,59,16,0,16,75
03/13/2020,SMO,CA,AWP,WE,Towers with Radar,0,0,33,0,33,0,0,11,0,11,0,0,44,0,44,2,0,2,46
03/14/2020,SMO,CA,AWP,WE,Towers with Radar,0,0,23,0,23,0,0,15,0,15,0,0,38,0,38,17,0,17,55
03/15/2020,SMO,CA,AWP,WE,Towers with Radar,0,1,27,0,28,0,7,85,0,92,0,8,112,0,120,112,0,112,232
03/16/2020,SMO,CA,AWP,WE,Towers with Radar,0,1,5,0,6,0,6,19,0,25,0,7,24,0,31,26,0,26,57
03/17/2020,SMO,CA,AWP,WE,Towers with Radar,0,1,13,0,14,0,2,80,0,82,0,3,93,0,96,305,0,305,401
03/18/2020,SMO,CA,AWP,WE,Towers with Radar,0,3,4,0,7,0,2,95,0,97,0,5,99,0,104,83,0,83,187
03/19/2020,SMO,CA,AWP,WE,Towers with Radar,0,3,12,0,15,0,5,35,0,40,0,8,47,0,55,116,0,116,171
03/20/2020,SMO,CA,AWP,WE,Towers with Radar,0,4,11,0,15,0,0,33,0,33,0,4,44,0,48,7,0,7,55
03/21/2020,SMO,CA,AWP,WE,Towers with Radar,0,3,3,0,6,0,0,60,0,60,0,3,63,0,66,3,0,3,69
03/22/2020,SMO,CA,AWP,WE,Towers with Radar,0,2,8,0,10,0,0,30,0,30,0,2,38,0,40,0,0,0,40
03/23/2020,SMO,CA,AWP,WE,Towers with Radar,0,0,5,0,5,0,3,15,0,18,0,3,20,0,23,8,0,8,31
03/24/2020,SMO,CA,AWP,WE,Towers with Radar,0,2,10,2,14,0,5,27,0,32,0,7,37,2,46,0,2,2,48
03/25/2020,SMO,CA,AWP,WE,Towers with Radar,0,0,8,0,8,0,0,21,0,21,0,0,29,0,29,0,0,0,29
03/26/2020,SMO,CA,AWP,WE,Towers with Radar,0,2,10,0,12,0,1,24,2,27,0,3,34,2,39,2,0,2,41
03/27/2020,SMO,CA,AWP,WE,Towers with Radar,0,2,7,0,9,0,0,53,0,53,0,2,60,0,62,4,0,4,66
03/28/2020,SMO,CA,AWP,WE,Towers with Radar,0,0,11,0,11,0,3,39,0,42,0,3,50,0,53,0,0,0,53
03/29/2020,SMO,CA,AWP,WE,Towers with Radar,0,0,5,0,5,0,3,34,0,37,0,3,39,0,42,2,0,2,44
03/30/2020,SMO,CA,AWP,WE,Towers with Radar,0,0,3,0,3,0,2,46,0,48,0,2,49,0,51,6,0,6,57
03/31/2020,SMO,CA,AWP,WE,Towers with Radar,0,2,13,0,15,0,0,17,0,17,0,2,30,0,32,9,0,9,41
04/01/2020,SMO,CA,AWP,WE,Towers with Radar,0,3,5,0,8,0,2,27,0,29,0,5,32,0,37,0,0,0,37
04/02/2020,SMO,CA,AWP,WE,Towers with Radar,0,1,8,0,9,0,0,30,0,30,0,1,38,0,39,21,0,21,60
04/03/2020,SMO,CA,AWP,WE,Towers with Radar,0,2,5,0,7,0,2,34,0,36,0,4,39,0,43,2,0,2,45
04/04/2020,SMO,CA,AWP,WE,Towers with Radar,0,0,11,0,11,0,0,46,0,46,0,0,57,0,57,8,0,8,65
04/05/2020,SMO,CA,AWP,WE,Towers with Radar,0,0,11,0,11,0,0,1,0,1,0,0,12,0,12,0,0,0,12
04/06/2020,SMO,CA,AWP,WE,Towers with Radar,0,2,7,0,9,0,0,1,0,1,0,2,8,0,10,1,0,1,11
04/07/2020,SMO,CA,AWP,WE,Towers with Radar,0,1,3,0,4,0,1,4,0,5,0,2,7,0,9,3,0,3,12
04/08/2020,SMO,CA,AWP,WE,Towers with Radar,0,0,4,0,4,0,0,5,0,5,0,0,9,0,9,6,0,6,15
04/09/2020,SMO,CA,AWP,WE,Towers with Radar,0,0,3,0,3,0,0,1,0,1,0,0,4,0,4,0,0,0,4
04/10/2020,SMO,CA,AWP,WE,Towers with Radar,0,0,5,0,5,0,0,21,0,21,0,0,26,0,26,7,0,7,33
04/11/2020,SMO,CA,AWP,WE,Towers with Radar,0,1,14,0,15,0,0,80,0,80,0,1,94,0,95,0,0,0,95
04/12/2020,SMO,CA,AWP,WE,Towers with Radar,0,0,15,0,15,0,0,3,0,3,0,0,18,0,18,0,0,0,18
04/13/2020,SMO,CA,AWP,WE,Towers with Radar,0,1,13,0,14,0,0,6,0,6,0,1,19,0,20,0,0,0,20
04/14/2020,SMO,CA,AWP,WE,Towers with Radar,0,1,9,0,10,0,0,37,0,37,0,1,46,0,47,41,0,41,88
04/15/2020,SMO,CA,AWP,WE,Towers with Radar,0,0,11,0,11,0,0,57,0,57,0,0,68,0,68,31,0,31,99
04/16/2020,SMO,CA,AWP,WE,Towers with Radar,0,0,8,0,8,0,0,33,0,33,0,0,41,0,41,9,0,9,50
04/17/2020,SMO,CA,AWP,WE,Towers with Radar,0,0,5,2,7,0,0,22,0,22,0,0,27,2,29,0,0,0,29
04/18/2020,SMO,CA,AWP,WE,Towers with Radar,0,1,11,1,13,0,5,30,1,36,0,6,41,2,49,9,0,9,58
04/19/2020,SMO,CA,AWP,WE,Towers with Radar,0,0,17,1,18,0,4,49,1,54,0,4,66,2,72,0,0,0,72
04/20/2020,SMO,CA,AWP,WE,Towers with Radar,0,0,14,0,14,0,1,15,0,16,0,1,29,0,30,0,0,0,30
04/21/2020,SMO,CA,AWP,WE,Towers with Radar,0,0,6,0,6,0,0,36,0,36,0,0,42,0,42,5,0,5,47
04/22/2020,SMO,CA,AWP,WE,Towers with Radar,0,0,6,0,6,0,2,39,2,43,0,2,45,2,49,8,0,8,57
04/23/2020,SMO,CA,AWP,WE,Towers with Radar,0,3,10,0,13,0,0,31,0,31,0,3,41,0,44,8,0,8,52
04/24/2020,SMO,CA,AWP,WE,Towers with Radar,0,2,4,0,6,0,0,37,0,37,0,2,41,0,43,10,0,10,53
04/25/2020,SMO,CA,AWP,WE,Towers with Radar,0,0,8,0,8,0,0,64,0,64,0,0,72,0,72,9,0,9,81
04/26/2020,SMO,CA,AWP,WE,Towers with Radar,0,2,11,0,13,0,0,61,0,61,0,2,72,0,74,0,0,0,74
04/27/2020,SMO,CA,AWP,WE,Towers with Radar,0,2,5,1,8,0,0,24,1,25,0,2,29,2,33,29,0,29,62
04/28/2020,SMO,CA,AWP,WE,Towers with Radar,0,2,9,0,11,0,5,42,0,47,0,7,51,0,58,6,0,6,64
04/29/2020,SMO,CA,AWP,WE,Towers with Radar,0,5,22,0,27,0,0,1,0,1,0,5,23,0,28,0,0,0,28
04/30/2020,SMO,CA,AWP,WE,Towers with Radar,0,0,18,0,18,0,1,4,0,5,0,1,22,0,23,0,0,0,23
05/01/2020,SMO,CA,AWP,WE,Towers with Radar,0,1,9,0,10,0,1,52,0,53,0,2,61,0,63,37,3,40,103
05/02/2020,SMO,CA,AWP,WE,Towers with Radar,0,0,16,0,16,0,0,79,0,79,0,0,95,0,95,21,0,21,116
05/03/2020,SMO,CA,AWP,WE,Towers with Radar,0,0,6,0,6,0,1,56,0,57,0,1,62,0,63,12,0,12,75
05/04/2020,SMO,CA,AWP,WE,Towers with Radar,0,3,1,1,5,0,2,28,0,30,0,5,29,1,35,6,0,6,41
05/05/2020,SMO,CA,AWP,WE,Towers with Radar,0,0,2,0,2,0,0,35,1,36,0,0,37,1,38,5,0,5,43
05/06/2020,SMO,CA,AWP,WE,Towers with Radar,0,1,4,1,6,0,0,26,1,27,0,1,30,2,33,2,0,2,35
05/07/2020,SMO,CA,AWP,WE,Towers with Radar,0,2,8,0,10,0,0,28,0,28,0,2,36,0,38,10,0,10,48
05/08/2020,SMO,CA,AWP,WE,Towers with Radar,0,3,10,0,13,0,0,45,3,48,0,3,55,3,61,1,0,1,62
05/09/2020,SMO,CA,AWP,WE,Towers with Radar,0,5,16,0,21,0,1,39,0,40,0,6,55,0,61,2,0,2,63
05/10/2020,SMO,CA,AWP,WE,Towers with Radar,0,0,11,1,12,0,3,16,0,19,0,3,27,1,31,0,0,0,31
05/11/2020,SMO,CA,AWP,WE,Towers with Radar,0,4,8,0,12,0,4,14,0,18,0,8,22,0,30,31,0,31,61
05/12/2020,SMO,CA,AWP,WE,Towers with Radar,0,3,19,0,22,0,1,18,0,19,0,4,37,0,41,142,0,142,183
05/13/2020,SMO,CA,AWP,WE,Towers with Radar,0,3,6,0,9,0,2,29,0,31,0,5,35,0,40,29,0,29,69
05/14/2020,SMO,CA,AWP,WE,Towers with Radar,0,0,12,0,12,0,2,28,1,31,0,2,40,1,43,2,0,2,45
05/15/2020,SMO,CA,AWP,WE,Towers with Radar,0,2,4,0,6,0,3,57,0,60,0,5,61,0,66,30,0,30,96
05/16/2020,SMO,CA,AWP,WE,Towers with Radar,0,3,15,0,18,0,2,93,0,95,0,5,108,0,113,56,0,56,169
05/17/2020,SMO,CA,AWP,WE,Towers with Radar,0,2,12,0,14,0,1,69,0,70,0,3,81,0,84,70,0,70,154
05/18/2020,SMO,CA,AWP,WE,Towers with Radar,0,3,7,0,10,0,0,9,0,9,0,3,16,0,19,0,0,0,19
05/19/2020,SMO,CA,AWP,WE,Towers with Radar,0,4,6,0,10,0,0,35,0,35,0,4,41,0,45,6,0,6,51
05/20/2020,SMO,CA,AWP,WE,Towers with Radar,0,3,11,0,14,0,0,37,0,37,0,3,48,0,51,39,0,39,90
05/21/2020,SMO,CA,AWP,WE,Towers with Radar,0,2,6,0,8,0,0,74,0,74,0,2,80,0,82,80,0,80,162
05/22/2020,SMO,CA,AWP,WE,Towers with Radar,0,6,11,0,17,0,0,42,0,42,0,6,53,0,59,52,0,52,111
05/23/2020,SMO,CA,AWP,WE,Towers with Radar,0,6,15,0,21,0,2,74,0,76,0,8,89,0,97,108,0,108,205
05/24/2020,SMO,CA,AWP,WE,Towers with Radar,0,0,5,0,5,0,3,64,0,67,0,3,69,0,72,44,0,44,116
05/25/2020,SMO,CA,AWP,WE,Towers with Radar,0,1,9,0,10,0,0,66,0,66,0,1,75,0,76,28,0,28,104
05/26/2020,SMO,CA,AWP,WE,Towers with Radar,0,5,14,0,19,0,3,49,0,52,0,8,63,0,71,7,0,7,78
05/27/2020,SMO,CA,AWP,WE,Towers with Radar,0,1,14,0,15,0,0,38,0,38,0,1,52,0,53,14,0,14,67
05/28/2020,SMO,CA,AWP,WE,Towers with Radar,0,4,34,1,39,0,0,16,0,16,0,4,50,1,55,0,0,0,55
05/29/2020,SMO,CA,AWP,WE,Towers with Radar,0,6,41,0,47,0,0,7,0,7,0,6,48,0,54,28,0,28,82
05/30/2020,SMO,CA,AWP,WE,Towers with Radar,0,0,22,0,22,0,1,62,0,63,0,1,84,0,85,62,0,62,147
05/31/2020,SMO,CA,AWP,WE,Towers with Radar,0,1,13,0,14,0,0,58,0,58,0,1,71,0,72,45,0,45,117
06/01/2020,SMO,CA,AWP,WE,Towers with Radar,0,6,3,0,9,0,2,53,0,55,0,8,56,0,64,29,0,29,93
06/02/2020,SMO,CA,AWP,WE,Towers with Radar,0,0,3,0,3,0,1,37,0,38,0,1,40,0,41,77,0,77,118
06/03/2020,SMO,CA,AWP,WE,Towers with Radar,0,2,11,0,13,0,0,56,0,56,0,2,67,0,69,27,0,27,96
06/04/2020,SMO,CA,AWP,WE,Towers with Radar,0,4,12,0,16,0,0,34,0,34,0,4,46,0,50,35,0,35,85
06/05/2020,SMO,CA,AWP,WE,Towers with Radar,0,1,22,0,23,0,1,26,0,27,0,2,48,0,50,89,0,89,139
06/06/2020,SMO,CA,AWP,WE,Towers with Radar,0,6,17,0,23,0,0,40,0,40,0,6,57,0,63,49,0,49,112
06/07/2020,SMO,CA,AWP,WE,Towers with Radar,0,7,8,0,15,0,3,79,0,82,0,10,87,0,97,8,0,8,105
06/08/2020,SMO,CA,AWP,WE,Towers with Radar,0,0,2,0,2,0,0,39,0,39,0,0,41,0,41,13,0,13,54
06/09/2020,SMO,CA,AWP,WE,Towers with Radar,0,0,8,0,8,0,2,51,0,53,0,2,59,0,61,60,0,60,121
06/10/2020,SMO,CA,AWP,WE,Towers with Radar,0,5,6,0,11,0,0,51,0,51,0,5,57,0,62,46,0,46,108
06/11/2020,SMO,CA,AWP,WE,Towers with Radar,0,1,8,0,9,0,2,64,0,66,0,3,72,0,75,87,0,87,162
06/12/2020,SMO,CA,AWP,WE,Towers with Radar,0,4,17,0,21,0,0,73,0,73,0,4,90,0,94,37,0,37,131
06/13/2020,SMO,CA,AWP,WE,Towers with Radar,0,5,12,0,17,0,2,82,0,84,0,7,94,0,101,50,0,50,151
06/14/2020,SMO,CA,AWP,WE,Towers with Radar,0,4,13,0,17,0,1,57,0,58,0,5,70,0,75,43,0,43,118
06/15/2020,SMO,CA,AWP,WE,Towers with Radar,0,2,15,0,17,0,0,50,0,50,0,2,65,0,67,73,0,73,140
06/16/2020,SMO,CA,AWP,WE,Towers with Radar,0,2,12,0,14,0,2,9,0,11,0,4,21,0,25,34,2,36,61
06/17/2020,SMO,CA,AWP,WE,Towers with Radar,0,7,18,0,25,0,1,58,0,59,0,8,76,0,84,56,0,56,140
06/18/2020,SMO,CA,AWP,WE,Towers with Radar,0,6,38,0,44,0,0,27,0,27,0,6,65,0,71,22,0,22,93
06/19/2020,SMO,CA,AWP,WE,Towers with Radar,0,2,30,0,32,0,1,36,0,37,0,3,66,0,69,103,0,103,172
06/20/2020,SMO,CA,AWP,WE,Towers with Radar,0,2,47,0,49,0,0,10,0,10,0,2,57,0,59,14,0,14,73
06/21/2020,SMO,CA,AWP,WE,Towers with Radar,0,3,22,0,25,0,2,32,0,34,0,5,54,0,59,16,0,16,75
06/22/2020,SMO,CA,AWP,WE,Towers with Radar,0,2,20,0,22,0,0,25,0,25,0,2,45,0,47,29,0,29,76
06/23/2020,SMO,CA,AWP,WE,Towers with Radar,0,4,40,0,44,0,1,21,2,24,0,5,61,2,68,6,0,6,74
06/24/2020,SMO,CA,AWP,WE,Towers with Radar,0,1,30,0,31,0,0,25,0,25,0,1,55,0,56,4,0,4,60
06/25/2020,SMO,CA,AWP,WE,Towers with Radar,0,5,20,0,25,0,1,32,0,33,0,6,52,0,58,49,0,49,107
06/26/2020,SMO,CA,AWP,WE,Towers with Radar,0,8,26,0,34,0,1,51,6,58,0,9,77,6,92,18,0,18,110
06/27/2020,SMO,CA,AWP,WE,Towers with Radar,0,0,22,0,22,0,1,50,0,51,0,1,72,0,73,12,0,12,85
06/28/2020,SMO,CA,AWP,WE,Towers with Radar,0,3,46,0,49,0,0,12,0,12,0,3,58,0,61,35,0,35,96
06/29/2020,SMO,CA,AWP,WE,Towers with Radar,0,7,16,0,23,0,2,40,0,42,0,9,56,0,65,81,0,81,146
06/30/2020,SMO,CA,AWP,WE,Towers with Radar,0,2,14,0,16,0,0,37,0,37,0,2,51,0,53,54,0,54,107
07/01/2020,SMO,CA,AWP,WE,Towers with Radar,0,1,28,0,29,0,2,25,0,27,0,3,53,0,56,83,0,83,139
07/02/2020,SMO,CA,AWP,WE,Towers with Radar,0,3,15,0,18,0,1,45,0,46,0,4,60,0,64,80,0,80,144
07/03/2020,SMO,CA,AWP,WE,Towers with Radar,0,0,9,2,11,0,0,71,0,71,0,0,80,2,82,70,0,70,152
07/04/2020,SMO,CA,AWP,WE,Towers with Radar,0,0,6,0,6,0,0,49,0,49,0,0,55,0,55,32,0,32,87
07/05/2020,SMO,CA,AWP,WE,Towers with Radar,0,0,7,0,7,0,0,34,0,34,0,0,41,0,41,25,0,25,66
07/06/2020,SMO,CA,AWP,WE,Towers with Radar,0,6,10,0,16,0,0,38,0,38,0,6,48,0,54,43,0,43,97
07/07/2020,SMO,CA,AWP,WE,Towers with Radar,0,4,7,0,11,0,0,34,0,34,0,4,41,0,45,91,0,91,136
07/08/2020,SMO,CA,AWP,WE,Towers with Radar,0,2,12,0,14,0,0,55,0,55,0,2,67,0,69,55,0,55,124
07/09/2020,SMO,CA,AWP,WE,Towers with Radar,0,5,9,0,14,0,0,61,0,61,0,5,70,0,75,43,0,43,118
07/10/2020,SMO,CA,AWP,WE,Towers with Radar,0,2,17,0,19,0,0,61,0,61,0,2,78,0,80,72,0,72,152
07/11/2020,SMO,CA,AWP,WE,Towers with Radar,0,1,11,0,12,0,1,76,0,77,0,2,87,0,89,22,0,22,111
07/12/2020,SMO,CA,AWP,WE,Towers with Radar,0,0,18,0,18,0,0,81,0,81,0,0,99,0,99,67,0,67,166
07/13/2020,SMO,CA,AWP,WE,Towers with Radar,0,5,17,0,22,0,0,46,1,47,0,5,63,1,69,36,0,36,105
07/14/2020,SMO,CA,AWP,WE,Towers with Radar,0,3,15,0,18,0,0,41,0,41,0,3,56,0,59,59,0,59,118
07/15/2020,SMO,CA,AWP,WE,Towers with Radar,0,3,15,0,18,0,1,37,0,38,0,4,52,0,56,69,0,69,125
07/16/2020,SMO,CA,AWP,WE,Towers with Radar,0,4,15,0,19,0,4,48,0,52,0,8,63,0,71,57,0,57,128
07/17/2020,SMO,CA,AWP,WE,Towers with Radar,0,2,15,2,19,0,2,47,0,49,0,4,62,2,68,64,0,64,132
07/18/2020,SMO,CA,AWP,WE,Towers with Radar,0,6,11,0,17,0,2,54,0,56,0,8,65,0,73,40,0,40,113
07/19/2020,SMO,CA,AWP,WE,Towers with Radar,0,2,22,2,26,0,1,54,0,55,0,3,76,2,81,28,0,28,109
07/20/2020,SMO,CA,AWP,WE,Towers with Radar,0,4,16,0,20,0,0,38,0,38,0,4,54,0,58,23,0,23,81
07/21/2020,SMO,CA,AWP,WE,Towers with Radar,0,1,11,0,12,0,0,46,1,47,0,1,57,1,59,40,0,40,99
07/22/2020,SMO,CA,AWP,WE,Towers with Radar,0,8,38,2,48,0,2,15,0,17,0,10,53,2,65,8,0,8,73
07/23/2020,SMO,CA,AWP,WE,Towers with Radar,0,3,22,1,26,0,1,47,0,48,0,4,69,1,74,117,0,117,191
07/24/2020,SMO,CA,AWP,WE,Towers with Radar,0,3,16,0,19,0,1,71,0,72,0,4,87,0,91,80,0,80,171
07/25/2020,SMO,CA,AWP,WE,Towers with Radar,0,4,15,0,19,0,2,58,0,60,0,6,73,0,79,26,0,26,105
07/26/2020,SMO,CA,AWP,WE,Towers with Radar,0,11,48,0,59,0,0,16,0,16,0,11,64,0,75,0,0,0,75
07/27/2020,SMO,CA,AWP,WE,Towers with Radar,0,0,16,0,16,0,0,16,0,16,0,0,32,0,32,0,0,0,32
07/28/2020,SMO,CA,AWP,WE,Towers with Radar,0,5,13,0,18,0,0,24,0,24,0,5,37,0,42,2,0,2,44
07/29/2020,SMO,CA,AWP,WE,Towers with Radar,0,5,17,0,22,0,0,31,0,31,0,5,48,0,53,10,0,10,63
07/30/2020,SMO,CA,AWP,WE,Towers with Radar,0,1,8,0,9,0,1,46,0,47,0,2,54,0,56,44,0,44,100
07/31/2020,SMO,CA,AWP,WE,Towers with Radar,0,13,12,0,25,0,2,58,0,60,0,15,70,0,85,63,0,63,148
08/01/2020,SMO,CA,AWP,WE,Towers with Radar,0,7,23,0,30,0,3,78,0,81,0,10,101,0,111,40,0,40,151
08/02/2020,SMO,CA,AWP,WE,Towers with Radar,0,4,29,0,33,0,0,81,0,81,0,4,110,0,114,8,0,8,122
08/03/2020,SMO,CA,AWP,WE,Towers with Radar,0,1,11,0,12,0,0,65,0,65,0,1,76,0,77,0,0,0,77
08/04/2020,SMO,CA,AWP,WE,Towers with Radar,0,1,23,0,24,0,0,36,0,36,0,1,59,0,60,159,0,159,219
08/05/2020,SMO,CA,AWP,WE,Towers with Radar,0,8,36,0,44,0,0,54,0,54,0,8,90,0,98,96,0,96,194
08/06/2020,SMO,CA,AWP,WE,Towers with Radar,0,3,10,0,13,0,2,62,0,64,0,5,72,0,77,65,0,65,142
08/07/2020,SMO,CA,AWP,WE,Towers with Radar,0,6,9,2,17,0,0,85,0,85,0,6,94,2,102,92,0,92,194
08/08/2020,SMO,CA,AWP,WE,Towers with Radar,0,1,14,0,15,0,0,101,0,101,0,1,115,0,116,33,0,33,149
08/09/2020,SMO,CA,AWP,WE,Towers with Radar,0,3,26,0,29,0,1,98,0,99,0,4,124,0,128,58,0,58,186
08/10/2020,SMO,CA,AWP,WE,Towers with Radar,0,7,12,0,19,0,0,64,0,64,0,7,76,0,83,28,0,28,111
08/11/2020,SMO,CA,AWP,WE,Towers with Radar,0,2,13,0,15,0,0,58,0,58,0,2,71,0,73,15,0,15,88
08/12/2020,SMO,CA,AWP,WE,Towers with Radar,0,5,16,0,21,0,1,84,0,85,0,6,100,0,106,113,0,113,219
08/13/2020,SMO,CA,AWP,WE,Towers with Radar,0,5,11,0,16,0,0,89,0,89,0,5,100,0,105,147,0,147,252
08/14/2020,SMO,CA,AWP,WE,Towers with Radar,0,11,15,0,26,0,1,98,0,99,0,12,113,0,125,94,0,94,219
08/15/2020,SMO,CA,AWP,WE,Towers with Radar,0,9,10,2,21,0,3,121,2,126,0,12,131,4,147,70,0,70,217
08/16/2020,SMO,CA,AWP,WE,Towers with Radar,0,8,13,0,21,0,2,108,0,110,0,10,121,0,131,68,0,68,199
08/17/2020,SMO,CA,AWP,WE,Towers with Radar,0,6,10,0,16,0,4,80,0,84,0,10,90,0,100,68,0,68,168
08/18/2020,SMO,CA,AWP,WE,Towers with Radar,0,6,8,0,14,0,1,78,0,79,0,7,86,0,93,135,0,135,228
08/19/2020,SMO,CA,AWP,WE,Towers with Radar,0,8,9,0,17,0,3,88,0,91,0,11,97,0,108,71,0,71,179
08/20/2020,SMO,CA,AWP,WE,Towers with Radar,0,11,24,0,35,0,2,89,0,91,0,13,113,0,126,118,0,118,244
08/21/2020,SMO,CA,AWP,WE,Towers with Radar,0,3,10,0,13,0,1,73,0,74,0,4,83,0,87,221,0,221,308
08/22/2020,SMO,CA,AWP,WE,Towers with Radar,0,0,19,0,19,0,0,94,0,94,0,0,113,0,113,89,0,89,202
08/23/2020,SMO,CA,AWP,WE,Towers with Radar,0,6,22,0,28,0,0,120,1,121,0,6,142,1,149,80,0,80,229
08/24/2020,SMO,CA,AWP,WE,Towers with Radar,0,9,30,0,39,0,0,3,0,3,0,9,33,0,42,0,0,0,42
08/25/2020,SMO,CA,AWP,WE,Towers with Radar,0,1,16,0,17,0,0,63,0,63,0,1,79,0,80,56,0,56,136
08/26/2020,SMO,CA,AWP,WE,Towers with Radar,0,2,22,0,24,0,0,58,0,58,0,2,80,0,82,70,0,70,152
08/27/2020,SMO,CA,AWP,WE,Towers with Radar,0,5,13,0,18,0,2,72,0,74,0,7,85,0,92,57,0,57,149
08/28/2020,SMO,CA,AWP,WE,Towers with Radar,0,3,13,2,18,0,0,111,0,111,0,3,124,2,129,103,0,103,232
08/29/2020,SMO,CA,AWP,WE,Towers with Radar,0,5,25,0,30,0,0,77,0,77,0,5,102,0,107,98,0,98,205
08/30/2020,SMO,CA,AWP,WE,Towers with Radar,0,4,14,0,18,0,0,69,0,69,0,4,83,0,87,76,0,76,163
08/31/2020,SMO,CA,AWP,WE,Towers with Radar,0,0,13,0,13,0,0,67,0,67,0,0,80,0,80,38,0,38,118
09/01/2020,SMO,CA,AWP,WE,Towers with Radar,0,0,26,0,26,0,0,70,0,70,0,0,96,0,96,62,0,62,158
09/02/2020,SMO,CA,AWP,WE,Towers with Radar,0,2,16,0,18,0,0,95,0,95,0,2,111,0,113,117,0,117,230
09/03/2020,SMO,CA,AWP,WE,Towers with Radar,0,7,12,0,19,0,3,98,0,101,0,10,110,0,120,136,0,136,256
09/04/2020,SMO,CA,AWP,WE,Towers with Radar,0,6,14,0,20,0,3,106,0,109,0,9,120,0,129,144,0,144,273
09/05/2020,SMO,CA,AWP,WE,Towers with Radar,0,2,15,0,17,0,0,89,0,89,0,2,104,0,106,50,0,50,156
09/06/2020,SMO,CA,AWP,WE,Towers with Radar,0,3,5,0,8,0,0,63,0,63,0,3,68,0,71,21,0,21,92
09/07/2020,SMO,CA,AWP,WE,Towers with Radar,0,4,20,0,24,0,0,66,0,66,0,4,86,0,90,73,0,73,163
09/08/2020,SMO,CA,AWP,WE,Towers with Radar,0,3,25,0,28,0,0,13,0,13,0,3,38,0,41,201,0,201,242
09/09/2020,SMO,CA,AWP,WE,Towers with Radar,0,5,13,0,18,0,2,49,0,51,0,7,62,0,69,20,0,20,89
09/10/2020,SMO,CA,AWP,WE,Towers with Radar,0,6,15,0,21,0,6,39,0,45,0,12,54,0,66,111,0,111,177
09/11/2020,SMO,CA,AWP,WE,Towers with Radar,0,1,17,2,20,0,2,61,2,65,0,3,78,4,85,155,0,155,240
09/12/2020,SMO,CA,AWP,WE,Towers with Radar,0,4,23,0,27,0,0,27,0,27,0,4,50,0,54,70,0,70,124
09/13/2020,SMO,CA,AWP,WE,Towers with Radar,0,2,27,0,29,0,1,56,0,57,0,3,83,0,86,101,0,101,187
09/14/2020,SMO,CA,AWP,WE,Towers with Radar,0,4,21,0,25,0,2,42,0,44,0,6,63,0,69,28,0,28,97
09/15/2020,SMO,CA,AWP,WE,Towers with Radar,0,5,17,0,22,0,0,2,0,2,0,5,19,0,24,0,0,0,24
09/16/2020,SMO,CA,AWP,WE,Towers with Radar,0,4,19,0,23,0,0,66,0,66,0,4,85,0,89,112,0,112,201
09/17/2020,SMO,CA,AWP,WE,Towers with Radar,0,1,17,0,18,0,0,64,0,64,0,1,81,0,82,66,0,66,148
09/18/2020,SMO,CA,AWP,WE,Towers with Radar,0,11,14,0,25,0,1,76,0,77,0,12,90,0,102,151,0,151,253
09/19/2020,SMO,CA,AWP,WE,Towers with Radar,0,2,20,0,22,0,0,77,0,77,0,2,97,0,99,85,0,85,184
09/20/2020,SMO,CA,AWP,WE,Towers with Radar,0,2,8,0,10,0,0,112,0,112,0,2,120,0,122,68,0,68,190
09/21/2020,SMO,CA,AWP,WE,Towers with Radar,0,6,26,0,32,0,1,55,0,56,0,7,81,0,88,89,0,89,177
09/22/2020,SMO,CA,AWP,WE,Towers with Radar,0,0,19,0,19,0,0,88,0,88,0,0,107,0,107,171,0,171,278
09/23/2020,SMO,CA,AWP,WE,Towers with Radar,0,4,17,0,21,0,2,86,0,88,0,6,103,0,109,64,0,64,173
09/24/2020,SMO,CA,AWP,WE,Towers with Radar,0,3,14,0,17,0,4,80,0,84,0,7,94,0,101,141,0,141,242
09/25/2020,SMO,CA,AWP,WE,Towers with Radar,0,6,30,2,38,0,0,109,0,109,0,6,139,2,147,69,0,69,216
09/26/2020,SMO,CA,AWP,WE,Towers with Radar,0,2,28,0,30,0,0,114,0,114,0,2,142,0,144,48,0,48,192
09/27/2020,SMO,CA,AWP,WE,Towers with Radar,0,2,22,0,24,0,1,55,0,56,0,3,77,0,80,32,0,32,112
09/28/2020,SMO,CA,AWP,WE,Towers with Radar,0,0,13,0,13,0,0,70,0,70,0,0,83,0,83,56,0,56,139
09/29/2020,SMO,CA,AWP,WE,Towers with Radar,0,5,10,0,15,0,0,68,0,68,0,5,78,0,83,55,0,55,138
09/30/2020,SMO,CA,AWP,WE,Towers with Radar,0,3,21,0,24,0,1,85,5,91,0,4,106,5,115,130,0,130,245
10/01/2020,SMO,CA,AWP,WE,Towers with Radar,0,5,18,0,23,0,1,79,0,80,0,6,97,0,103,120,0,120,223
10/02/2020,SMO,CA,AWP,WE,Towers with Radar,0,10,12,0,22,0,1,107,0,108,0,11,119,0,130,121,0,121,251
10/03/2020,SMO,CA,AWP,WE,Towers with Radar,0,1,7,0,8,0,0,76,0,76,0,1,83,0,84,69,0,69,153
10/04/2020,SMO,CA,AWP,WE,Towers with Radar,0,8,16,0,24,0,1,98,0,99,0,9,114,0,123,86,0,86,209
10/05/2020,SMO,CA,AWP,WE,Towers with Radar,0,3,21,0,24,0,0,59,0,59,0,3,80,0,83,86,0,86,169
10/06/2020,SMO,CA,AWP,WE,Towers with Radar,0,3,12,0,15,0,0,71,0,71,0,3,83,0,86,31,0,31,117
10/07/2020,SMO,CA,AWP,WE,Towers with Radar,0,4,17,0,21,0,0,58,0,58,0,4,75,0,79,42,0,42,121
10/08/2020,SMO,CA,AWP,WE,Towers with Radar,0,12,32,0,44,0,0,51,0,51,0,12,83,0,95,100,0,100,195
10/09/2020,SMO,CA,AWP,WE,Towers with Radar,0,5,40,1,46,0,2,61,0,63,0,7,101,1,109,211,0,211,320
10/10/2020,SMO,CA,AWP,WE,Towers with Radar,0,5,26,0,31,0,0,81,0,81,0,5,107,0,112,131,0,131,243
10/11/2020,SMO,CA,AWP,WE,Towers with Radar,0,7,17,0,24,0,0,106,0,106,0,7,123,0,130,23,0,23,153
10/12/2020,SMO,CA,AWP,WE,Towers with Radar,0,5,8,0,13,0,3,80,0,83,0,8,88,0,96,81,0,81,177
10/13/2020,SMO,CA,AWP,WE,Towers with Radar,0,5,10,0,15,0,0,84,0,84,0,5,94,0,99,104,0,104,203
10/14/2020,SMO,CA,AWP,WE,Towers with Radar,0,2,5,0,7,0,1,98,0,99,0,3,103,0,106,162,0,162,268
10/15/2020,SMO,CA,AWP,WE,Towers with Radar,0,6,19,0,25,0,0,109,0,109,0,6,128,0,134,77,0,77,211
10/16/2020,SMO,CA,AWP,WE,Towers with Radar,0,9,18,0,27,0,1,76,0,77,0,10,94,0,104,107,0,107,211
10/17/2020,SMO,CA,AWP,WE,Towers with Radar,0,2,13,1,16,0,0,132,0,132,0,2,145,1,148,56,0,56,204
10/18/2020,SMO,CA,AWP,WE,Towers with Radar,0,9,23,0,32,0,0,59,0,59,0,9,82,0,91,43,0,43,134
10/19/2020,SMO,CA,AWP,WE,Towers with Radar,0,2,20,2,24,0,2,35,0,37,0,4,55,2,61,24,0,24,85
10/20/2020,SMO,CA,AWP,WE,Towers with Radar,0,6,35,1,42,0,0,28,0,28,0,6,63,1,70,14,0,14,84
10/21/2020,SMO,CA,AWP,WE,Towers with Radar,0,6,33,0,39,0,0,26,0,26,0,6,59,0,65,12,0,12,77
10/22/2020,SMO,CA,AWP,WE,Towers with Radar,0,1,31,0,32,0,1,51,0,52,0,2,82,0,84,207,0,207,291
10/23/2020,SMO,CA,AWP,WE,Towers with Radar,0,11,39,2,52,0,0,53,0,53,0,11,92,2,105,187,0,187,292
10/24/2020,SMO,CA,AWP,WE,Towers with Radar,0,2,31,0,33,0,0,56,0,56,0,2,87,0,89,90,0,90,179
10/25/2020,SMO,CA,AWP,WE,Towers with Radar,0,2,27,0,29,0,0,57,0,57,0,2,84,0,86,85,0,85,171
10/26/2020,SMO,CA,AWP,WE,Towers with Radar,0,5,5,0,10,0,4,26,0,30,0,9,31,0,40,18,0,18,58
10/27/2020,SMO,CA,AWP,WE,Towers with Radar,0,11,14,0,25,0,0,53,0,53,0,11,67,0,78,111,0,111,189
10/28/2020,SMO,CA,AWP,WE,Towers with Radar,0,5,21,0,26,0,3,113,0,116,0,8,134,0,142,53,0,53,195
10/29/2020,SMO,CA,AWP,WE,Towers with Radar,0,10,12,0,22,0,1,70,1,72,0,11,82,1,94,69,0,69,163
10/30/2020,SMO,CA,AWP,WE,Towers with Radar,0,4,21,0,25,0,3,90,0,93,0,7,111,0,118,70,0,70,188
10/31/2020,SMO,CA,AWP,WE,Towers with Radar,0,1,13,0,14,0,2,87,0,89,0,3,100,0,103,32,0,32,135
11/01/2020,SMO,CA,AWP,WE,Towers with Radar,0,7,8,0,15,0,0,64,0,64,0,7,72,0,79,70,0,70,149
11/02/2020,SMO,CA,AWP,WE,Towers with Radar,0,5,16,0,21,0,0,42,0,42,0,5,58,0,63,26,0,26,89
11/03/2020,SMO,CA,AWP,WE,Towers with Radar,0,4,26,0,30,0,6,34,0,40,0,10,60,0,70,90,0,90,160
11/04/2020,SMO,CA,AWP,WE,Towers with Radar,0,1,18,0,19,0,4,56,0,60,0,5,74,0,79,35,0,35,114
11/05/2020,SMO,CA,AWP,WE,Towers with Radar,0,8,11,0,19,0,0,87,0,87,0,8,98,0,106,54,0,54,160
11/06/2020,SMO,CA,AWP,WE,Towers with Radar,0,7,36,2,45,0,0,48,0,48,0,7,84,2,93,28,0,28,121
11/07/2020,SMO,CA,AWP,WE,Towers with Radar,0,2,9,0,11,0,1,31,0,32,0,3,40,0,43,16,0,16,59
11/08/2020,SMO,CA,AWP,WE,Towers with Radar,0,1,7,2,10,0,1,21,0,22,0,2,28,2,32,6,0,6,38
11/09/2020,SMO,CA,AWP,WE,Towers with Radar,0,7,6,0,13,0,0,89,0,89,0,7,95,0,102,107,0,107,209
11/10/2020,SMO,CA,AWP,WE,Towers with Radar,0,5,13,0,18,0,2,91,0,93,0,7,104,0,111,63,0,63,174
11/11/2020,SMO,CA,AWP,WE,Towers with Radar,0,3,27,0,30,0,2,82,0,84,0,5,109,0,114,84,0,84,198
11/12/2020,SMO,CA,AWP,WE,Towers with Radar,0,3,23,2,28,0,6,77,0,83,0,9,100,2,111,76,0,76,187
11/13/2020,SMO,CA,AWP,WE,Towers with Radar,0,9,15,0,24,0,0,82,0,82,0,9,97,0,106,71,0,71,177
11/14/2020,SMO,CA,AWP,WE,Towers with Radar,0,11,8,0,19,0,2,91,0,93,0,13,99,0,112,45,0,45,157
11/15/2020,SMO,CA,AWP,WE,Towers with Radar,0,6,22,1,29,0,1,84,0,85,0,7,106,1,114,44,0,44,158
11/16/2020,SMO,CA,AWP,WE,Towers with Radar,0,3,12,0,15,0,0,64,0,64,0,3,76,0,79,46,0,46,125
11/17/2020,SMO,CA,AWP,WE,Towers with Radar,0,1,17,0,18,0,2,60,0,62,0,3,77,0,80,57,0,57,137
11/18/2020,SMO,CA,AWP,WE,Towers with Radar,0,3,20,0,23,0,0,50,0,50,0,3,70,0,73,49,0,49,122
11/19/2020,SMO,CA,AWP,WE,Towers with Radar,0,5,27,0,32,0,0,39,0,39,0,5,66,0,71,42,0,42,113
11/20/2020,SMO,CA,AWP,WE,Towers with Radar,0,8,13,0,21,0,0,65,0,65,0,8,78,0,86,83,0,83,169
11/21/2020,SMO,CA,AWP,WE,Towers with Radar,0,4,8,0,12,0,3,107,0,110,0,7,115,0,122,55,0,55,177
11/22/2020,SMO,CA,AWP,WE,Towers with Radar,0,2,13,0,15,0,2,102,0,104,0,4,115,0,119,52,0,52,171
11/23/2020,SMO,CA,AWP,WE,Towers with Radar,0,11,15,0,26,0,0,36,2,38,0,11,51,2,64,30,0,30,94
11/24/2020,SMO,CA,AWP,WE,Towers with Radar,0,6,8,0,14,0,4,65,0,69,0,10,73,0,83,66,0,66,149
11/25/2020,SMO,CA,AWP,WE,Towers with Radar,0,7,29,0,36,0,2,42,0,44,0,9,71,0,80,29,0,29,109
11/26/2020,SMO,CA,AWP,WE,Towers with Radar,0,2,1,0,3,0,0,36,0,36,0,2,37,0,39,10,0,10,49
11/27/2020,SMO,CA,AWP,WE,Towers with Radar,0,7,3,0,10,0,0,51,0,51,0,7,54,0,61,70,0,70,131
11/28/2020,SMO,CA,AWP,WE,Towers with Radar,0,3,10,0,13,0,0,92,0,92,0,3,102,0,105,37,0,37,142
11/29/2020,SMO,CA,AWP,WE,Towers with Radar,0,4,13,0,17,0,0,118,0,118,0,4,131,0,135,43,0,43,178
11/30/2020,SMO,CA,AWP,WE,Towers with Radar,0,3,3,0,6,0,0,76,0,76,0,3,79,0,82,81,1,82,164
12/01/2020,SMO,CA,AWP,WE,Towers with Radar,0,2,11,0,13,0,0,63,0,63,0,2,74,0,76,81,0,81,157
12/02/2020,SMO,CA,AWP,WE,Towers with Radar,0,2,11,0,13,0,1,57,0,58,0,3,68,0,71,31,0,31,102
12/03/2020,SMO,CA,AWP,WE,Towers with Radar,0,0,8,0,8,0,4,29,0,33,0,4,37,0,41,8,0,8,49
12/04/2020,SMO,CA,AWP,WE,Towers with Radar,0,3,5,0,8,0,0,48,0,48,0,3,53,0,56,20,0,20,76
12/05/2020,SMO,CA,AWP,WE,Towers with Radar,0,3,20,0,23,0,0,49,0,49,0,3,69,0,72,18,0,18,90
12/06/2020,SMO,CA,AWP,WE,Towers with Radar,1,1,9,0,11,0,0,50,0,50,1,1,59,0,61,0,0,0,61
12/07/2020,SMO,CA,AWP,WE,Towers with Radar,0,5,9,0,14,0,0,25,0,25,0,5,34,0,39,3,0,3,42
12/08/2020,SMO,CA,AWP,WE,Towers with Radar,0,5,10,0,15,0,2,22,0,24,0,7,32,0,39,4,0,4,43
12/09/2020,SMO,CA,AWP,WE,Towers with Radar,0,7,6,0,13,0,1,78,0,79,0,8,84,0,92,63,0,63,155
12/10/2020,SMO,CA,AWP,WE,Towers with Radar,0,8,24,0,32,0,3,59,0,62,0,11,83,0,94,70,0,70,164
12/11/2020,SMO,CA,AWP,WE,Towers with Radar,0,2,21,0,23,0,0,50,2,52,0,2,71,2,75,144,0,144,219
12/12/2020,SMO,CA,AWP,WE,Towers with Radar,0,2,20,0,22,0,1,30,0,31,0,3,50,0,53,102,0,102,155
12/13/2020,SMO,CA,AWP,WE,Towers with Radar,0,0,3,0,3,0,1,92,0,93,0,1,95,0,96,41,0,41,137
12/14/2020,SMO,CA,AWP,WE,Towers with Radar,0,2,3,0,5,0,2,26,0,28,0,4,29,0,33,13,0,13,46
12/15/2020,SMO,CA,AWP,WE,Towers with Radar,0,2,13,0,15,0,2,56,0,58,0,4,69,0,73,70,0,70,143
12/16/2020,SMO,CA,AWP,WE,Towers with Radar,0,4,11,1,16,0,0,56,0,56,0,4,67,1,72,37,0,37,109
12/17/2020,SMO,CA,AWP,WE,Towers with Radar,0,7,15,0,22,0,4,40,1,45,0,11,55,1,67,10,0,10,77
12/18/2020,SMO,CA,AWP,WE,Towers with Radar,0,2,13,1,16,0,0,58,0,58,0,2,71,1,74,68,0,68,142
12/19/2020,SMO,CA,AWP,WE,Towers with Radar,0,4,11,1,16,0,7,92,0,99,0,11,103,1,115,57,0,57,172
12/20/2020,SMO,CA,AWP,WE,Towers with Radar,0,4,15,0,19,0,1,90,0,91,0,5,105,0,110,57,0,57,167
12/21/2020,SMO,CA,AWP,WE,Towers with Radar,0,9,17,0,26,0,2,51,0,53,0,11,68,0,79,34,0,34,113
12/22/2020,SMO,CA,AWP,WE,Towers with Radar,0,3,29,0,32,0,1,65,0,66,0,4,94,0,98,60,0,60,158
12/23/2020,SMO,CA,AWP,WE,Towers with Radar,0,2,14,0,16,0,0,56,0,56,0,2,70,0,72,76,0,76,148
12/24/2020,SMO,CA,AWP,WE,Towers with Radar,0,6,18,0,24,0,1,28,0,29,0,7,46,0,53,39,0,39,92
12/25/2020,SMO,CA,AWP,WE,Towers with Radar,0,6,2,0,8,0,0,46,0,46,0,6,48,0,54,23,0,23,77
12/26/2020,SMO,CA,AWP,WE,Towers with Radar,0,3,12,0,15,0,0,63,0,63,0,3,75,0,78,14,0,14,92
12/27/2020,SMO,CA,AWP,WE,Towers with Radar,0,6,13,0,19,0,0,41,0,41,0,6,54,0,60,51,0,51,111
12/28/2020,SMO,CA,AWP,WE,Towers with Radar,0,1,7,0,8,0,0,2,0,2,0,1,9,0,10,24,0,24,34
12/29/2020,SMO,CA,AWP,WE,Towers with Radar,0,1,7,0,8,0,1,54,0,55,0,2,61,0,63,68,0,68,131
12/30/2020,SMO,CA,AWP,WE,Towers with Radar,0,3,21,0,24,0,7,92,0,99,0,10,113,0,123,126,0,126,249
12/31/2020,SMO,CA,AWP,WE,Towers with Radar,0,3,5,0,8,0,0,46,0,46,0,3,51,0,54,33,0,33,87
01/01/2021,SMO,CA,AWP,WE,Towers with Radar,0,2,10,0,12,0,0,47,0,47,0,2,57,0,59,7,0,7,66
01/02/2021,SMO,CA,AWP,WE,Towers with Radar,0,1,9,0,10,0,0,72,0,72,0,1,81,0,82,2,0,2,84
01/03/2021,SMO,CA,AWP,WE,Towers with Radar,0,3,26,0,29,0,1,29,0,30,0,4,55,0,59,25,0,25,84
01/04/2021,SMO,CA,AWP,WE,Towers with Radar,0,3,6,0,9,0,1,15,0,16,0,4,21,0,25,2,0,2,27
01/05/2021,SMO,CA,AWP,WE,Towers with Radar,0,4,22,0,26,0,1,4,0,5,0,5,26,0,31,0,0,0,31
01/06/2021,SMO,CA,AWP,WE,Towers with Radar,0,4,7,0,11,0,0,48,0,48,0,4,55,0,59,11,0,11,70
01/07/2021,SMO,CA,AWP,WE,Towers with Radar,0,3,11,0,14,0,0,51,0,51,0,3,62,0,65,38,0,38,103
01/08/2021,SMO,CA,AWP,WE,Towers with Radar,0,6,12,0,18,0,0,49,0,49,0,6,61,0,67,48,0,48,115
01/09/2021,SMO,CA,AWP,WE,Towers with Radar,0,0,13,0,13,0,0,43,0,43,0,0,56,0,56,87,0,87,143
01/10/2021,SMO,CA,AWP,WE,Towers with Radar,0,3,11,0,14,0,1,111,0,112,0,4,122,0,126,36,0,36,162
01/11/2021,SMO,CA,AWP,WE,Towers with Radar,0,4,8,0,12,0,0,66,0,66,0,4,74,0,78,32,0,32,110
01/12/2021,SMO,CA,AWP,WE,Towers with Radar,0,5,10,2,17,0,0,55,0,55,0,5,65,2,72,46,0,46,118
01/13/2021,SMO,CA,AWP,WE,Towers with Radar,0,2,10,0,12,0,4,51,0,55,0,6,61,0,67,44,0,44,111
01/14/2021,SMO,CA,AWP,WE,Towers with Radar,0,1,15,0,16,0,0,44,0,44,0,1,59,0,60,37,0,37,97
01/15/2021,SMO,CA,AWP,WE,Towers with Radar,0,10,6,0,16,0,0,69,0,69,0,10,75,0,85,49,0,49,134
01/16/2021,SMO,CA,AWP,WE,Towers with Radar,0,1,12,0,13,0,2,66,0,68,0,3,78,0,81,39,0,39,120
01/17/2021,SMO,CA,AWP,WE,Towers with Radar,0,4,16,0,20,0,0,72,0,72,0,4,88,0,92,44,0,44,136
01/18/2021,SMO,CA,AWP,WE,Towers with Radar,0,2,5,0,7,0,1,54,0,55,0,3,59,0,62,111,0,111,173
01/19/2021,SMO,CA,AWP,WE,Towers with Radar,0,0,3,0,3,0,0,14,0,14,0,0,17,0,17,9,0,9,26
01/20/2021,SMO,CA,AWP,WE,Towers with Radar,0,6,0,0,6,0,2,39,0,41,0,8,39,0,47,84,0,84,131
01/21/2021,SMO,CA,AWP,WE,Towers with Radar,0,4,21,0,25,0,1,69,0,70,0,5,90,0,95,71,0,71,166
01/22/2021,SMO,CA,AWP,WE,Towers with Radar,0,9,26,0,35,0,4,33,0,37,0,13,59,0,72,47,0,47,119
01/23/2021,SMO,CA,AWP,WE,Towers with Radar,0,2,15,0,17,0,1,27,0,28,0,3,42,0,45,62,0,62,107
01/24/2021,SMO,CA,AWP,WE,Towers with Radar,0,6,21,0,27,0,3,66,0,69,0,9,87,0,96,45,0,45,141
01/25/2021,SMO,CA,AWP,WE,Towers with Radar,0,1,3,0,4,0,0,5,0,5,0,1,8,0,9,0,0,0,9
01/26/2021,SMO,CA,AWP,WE,Towers with Radar,0,3,13,0,16,0,0,64,0,64,0,3,77,0,80,51,0,51,131
01/27/2021,SMO,CA,AWP,WE,Towers with Radar,0,2,7,0,9,0,1,22,0,23,0,3,29,0,32,50,0,50,82
01/28/2021,SMO,CA,AWP,WE,Towers with Radar,0,0,14,0,14,0,4,29,0,33,0,4,43,0,47,33,0,33,80
01/29/2021,SMO,CA,AWP,WE,Towers with Radar,0,2,16,0,18,0,4,12,0,16,0,6,28,0,34,25,0,25,59
01/30/2021,SMO,CA,AWP,WE,Towers with Radar,0,1,17,0,18,0,0,92,0,92,0,1,109,0,110,23,0,23,133
01/31/2021,SMO,CA,AWP,WE,Towers with Radar,0,4,8,0,12,0,5,107,0,112,0,9,115,0,124,48,0,48,172
02/01/2021,SMO,CA,AWP,WE,Towers with Radar,0,0,5,0,5,0,2,44,0,46,0,2,49,0,51,47,0,47,98
02/02/2021,SMO,CA,AWP,WE,Towers with Radar,0,0,5,0,5,0,0,42,0,42,0,0,47,0,47,46,0,46,93
02/03/2021,SMO,CA,AWP,WE,Towers with Radar,0,3,10,0,13,0,1,36,0,37,0,4,46,0,50,27,0,27,77
02/04/2021,SMO,CA,AWP,WE,Towers with Radar,0,11,16,0,27,0,0,69,0,69,0,11,85,0,96,59,0,59,155
02/05/2021,SMO,CA,AWP,WE,Towers with Radar,0,6,21,0,27,0,0,69,0,69,0,6,90,0,96,54,0,54,150
02/06/2021,SMO,CA,AWP,WE,Towers with Radar,0,0,13,0,13,0,0,81,0,81,0,0,94,0,94,75,0,75,169
02/07/2021,SMO,CA,AWP,WE,Towers with Radar,0,5,17,0,22,0,0,53,0,53,0,5,70,0,75,3,0,3,78
02/08/2021,SMO,CA,AWP,WE,Towers with Radar,0,6,14,0,20,0,2,36,0,38,0,8,50,0,58,34,0,34,92
02/09/2021,SMO,CA,AWP,WE,Towers with Radar,0,14,13,0,27,0,0,17,0,17,0,14,30,0,44,71,0,71,115
02/10/2021,SMO,CA,AWP,WE,Towers with Radar,0,4,15,0,19,0,0,52,0,52,0,4,67,0,71,63,0,63,134
02/11/2021,SMO,CA,AWP,WE,Towers with Radar,0,1,29,1,31,0,0,36,0,36,0,1,65,1,67,30,0,30,97
02/12/2021,SMO,CA,AWP,WE,Towers with Radar,0,4,15,0,19,0,0,26,1,27,0,4,41,1,46,23,0,23,69
02/13/2021,SMO,CA,AWP,WE,Towers with Radar,0,4,29,0,33,0,0,34,0,34,0,4,63,0,67,36,0,36,103
02/14/2021,SMO,CA,AWP,WE,Towers with Radar,0,8,9,0,17,0,0,23,0,23,0,8,32,0,40,2,0,2,42
02/15/2021,SMO,CA,AWP,WE,Towers with Radar,0,4,27,0,31,0,0,62,0,62,0,4,89,0,93,49,0,49,142
02/16/2021,SMO,CA,AWP,WE,Towers with Radar,0,15,13,0,28,0,0,43,0,43,0,15,56,0,71,79,0,79,150
02/17/2021,SMO,CA,AWP,WE,Towers with Radar,0,5,3,0,8,0,0,39,0,39,0,5,42,0,47,31,0,31,78
02/18/2021,SMO,CA,AWP,WE,Towers with Radar,0,6,12,0,18,0,4,59,0,63,0,10,71,0,81,86,0,86,167
02/19/2021,SMO,CA,AWP,WE,Towers with Radar,0,11,20,0,31,0,0,116,0,116,0,11,136,0,147,30,0,30,177
02/20/2021,SMO,CA,AWP,WE,Towers with Radar,0,4,13,0,17,0,1,32,0,33,0,5,45,0,50,1,0,1,51
02/21/2021,SMO,CA,AWP,WE,Towers with Radar,0,6,11,0,17,0,0,54,0,54,0,6,65,0,71,0,0,0,71
02/22/2021,SMO,CA,AWP,WE,Towers with Radar,0,1,16,0,17,0,2,50,0,52,0,3,66,0,69,61,0,61,130
02/23/2021,SMO,CA,AWP,WE,Towers with Radar,0,3,10,0,13,0,0,73,0,73,0,3,83,0,86,82,0,82,168
02/24/2021,SMO,CA,AWP,WE,Towers with Radar,0,0,13,0,13,0,2,80,0,82,0,2,93,0,95,85,0,85,180
02/25/2021,SMO,CA,AWP,WE,Towers with Radar,0,4,12,0,16,0,0,38,0,38,0,4,50,0,54,92,0,92,146
02/26/2021,SMO,CA,AWP,WE,Towers with Radar,0,5,19,0,24,0,0,115,0,115,0,5,134,0,139,140,1,141,280
02/27/2021,SMO,CA,AWP,WE,Towers with Radar,0,3,7,0,10,0,0,54,0,54,0,3,61,0,64,17,0,17,81
02/28/2021,SMO,CA,AWP,WE,Towers with Radar,0,6,10,1,17,0,2,81,1,84,0,8,91,2,101,10,0,10,111
03/01/2021,SMO,CA,AWP,WE,Towers with Radar,0,8,10,0,18,0,5,32,0,37,0,13,42,0,55,73,0,73,128
03/02/2021,SMO,CA,AWP,WE,Towers with Radar,0,3,10,0,13,0,3,81,0,84,0,6,91,0,97,83,0,83,180
03/03/2021,SMO,CA,AWP,WE,Towers with Radar,0,0,8,0,8,0,1,19,0,20,0,1,27,0,28,39,0,39,67
03/04/2021,SMO,CA,AWP,WE,Towers with Radar,0,2,10,0,12,0,1,92,0,93,0,3,102,0,105,95,0,95,200
03/05/2021,SMO,CA,AWP,WE,Towers with Radar,0,7,11,0,18,0,1,94,0,95,0,8,105,0,113,115,0,115,228
03/06/2021,SMO,CA,AWP,WE,Towers with Radar,0,0,10,0,10,0,0,107,0,107,0,0,117,0,117,68,0,68,185
03/07/2021,SMO,CA,AWP,WE,Towers with Radar,0,6,28,0,34,0,1,47,0,48,0,7,75,0,82,33,0,33,115
03/08/2021,SMO,CA,AWP,WE,Towers with Radar,0,2,13,1,16,0,0,54,0,54,0,2,67,1,70,82,0,82,152
03/09/2021,SMO,CA,AWP,WE,Towers with Radar,0,3,10,0,13,0,1,45,0,46,0,4,55,0,59,42,0,42,101
03/10/2021,SMO,CA,AWP,WE,Towers with Radar,0,0,8,0,8,0,2,14,0,16,0,2,22,0,24,132,2,134,158
03/11/2021,SMO,CA,AWP,WE,Towers with Radar,0,5,15,0,20,0,4,81,0,85,0,9,96,0,105,205,0,205,310
03/12/2021,SMO,CA,AWP,WE,Towers with Radar,0,7,13,0,20,0,1,81,2,84,0,8,94,2,104,120,2,122,226
03/13/2021,SMO,CA,AWP,WE,Towers with Radar,0,5,17,0,22,0,0,131,0,131,0,5,148,0,153,114,0,114,267
03/14/2021,SMO,CA,AWP,WE,Towers with Radar,0,9,35,0,44,0,0,97,2,99,0,9,132,2,143,93,0,93,236
03/15/2021,SMO,CA,AWP,WE,Towers with Radar,0,2,8,0,10,0,0,5,0,5,0,2,13,0,15,8,0,8,23
03/16/2021,SMO,CA,AWP,WE,Towers with Radar,0,6,17,0,23,0,0,62,0,62,0,6,79,0,85,43,0,43,128
03/17/2021,SMO,CA,AWP,WE,Towers with Radar,0,1,17,0,18,0,1,85,0,86,0,2,102,0,104,85,0,85,189
03/18/2021,SMO,CA,AWP,WE,Towers with Radar,0,3,10,0,13,0,0,84,0,84,0,3,94,0,97,82,0,82,179
03/19/2021,SMO,CA,AWP,WE,Towers with Radar,0,8,17,0,25,0,0,102,0,102,0,8,119,0,127,75,0,75,202
03/20/2021,SMO,CA,AWP,WE,Towers with Radar,0,4,16,0,20,0,1,60,0,61,0,5,76,0,81,55,0,55,136
03/21/2021,SMO,CA,AWP,WE,Towers with Radar,0,2,17,0,19,0,1,126,0,127,0,3,143,0,146,93,0,93,239
03/22/2021,SMO,CA,AWP,WE,Towers with Radar,0,3,7,0,10,0,0,70,0,70,0,3,77,0,80,69,0,69,149
03/23/2021,SMO,CA,AWP,WE,Towers with Radar,0,5,11,0,16,0,0,40,0,40,0,5,51,0,56,40,0,40,96
03/24/2021,SMO,CA,AWP,WE,Towers with Radar,0,9,8,0,17,0,6,36,0,42,0,15,44,0,59,21,0,21,80
03/25/2021,SMO,CA,AWP,WE,Towers with Radar,0,7,31,0,38,0,0,60,0,60,0,7,91,0,98,80,0,80,178
03/26/2021,SMO,CA,AWP,WE,Towers with Radar,0,5,22,0,27,0,0,103,0,103,0,5,125,0,130,189,0,189,319
03/27/2021,SMO,CA,AWP,WE,Towers with Radar,0,2,10,0,12,0,0,144,0,144,0,2,154,0,156,36,0,36,192
03/28/2021,SMO,CA,AWP,WE,Towers with Radar,0,14,27,0,41,0,3,134,0,137,0,17,161,0,178,73,0,73,251
03/29/2021,SMO,CA,AWP,WE,Towers with Radar,0,14,17,0,31,0,5,100,0,105,0,19,117,0,136,127,0,127,263
03/30/2021,SMO,CA,AWP,WE,Towers with Radar,0,7,19,0,26,0,0,76,0,76,0,7,95,0,102,117,0,117,219
03/31/2021,SMO,CA,AWP,WE,Towers with Radar,0,5,7,0,12,1,5,97,0,103,1,10,104,0,115,92,0,92,207
04/01/2021,SMO,CA,AWP,WE,Towers with Radar,0,4,18,0,22,0,0,102,0,102,0,4,120,0,124,45,0,45,169
04/02/2021,SMO,CA,AWP,WE,Towers with Radar,0,11,25,0,36,0,9,107,0,116,0,20,132,0,152,78,0,78,230
04/03/2021,SMO,CA,AWP,WE,Towers with Radar,0,8,35,0,43,0,7,73,0,80,0,15,108,0,123,2,0,2,125
04/04/2021,SMO,CA,AWP,WE,Towers with Radar,0,6,16,0,22,0,7,86,0,93,0,13,102,0,115,18,0,18,133
04/05/2021,SMO,CA,AWP,WE,Towers with Radar,0,9,15,0,24,0,0,80,0,80,0,9,95,0,104,103,0,103,207
04/06/2021,SMO,CA,AWP,WE,Towers with Radar,0,9,22,0,31,0,9,81,0,90,0,18,103,0,121,81,0,81,202
04/07/2021,SMO,CA,AWP,WE,Towers with Radar,0,12,18,0,30,0,3,99,0,102,0,15,117,0,132,80,2,82,214
04/08/2021,SMO,CA,AWP,WE,Towers with Radar,0,10,9,0,19,0,2,96,0,98,0,12,105,0,117,62,0,62,179
04/09/2021,SMO,CA,AWP,WE,Towers with Radar,0,9,13,0,22,0,3,118,0,121,0,12,131,0,143,53,0,53,196
04/10/2021,SMO,CA,AWP,WE,Towers with Radar,0,3,16,0,19,0,0,127,0,127,0,3,143,0,146,37,0,37,183
04/11/2021,SMO,CA,AWP,WE,Towers with Radar,0,5,40,0,45,0,2,84,0,86,0,7,124,0,131,35,0,35,166
04/12/2021,SMO,CA,AWP,WE,Towers with Radar,0,1,29,0,30,0,4,52,0,56,0,5,81,0,86,116,0,116,202
04/13/2021,SMO,CA,AWP,WE,Towers with Radar,0,5,44,0,49,0,1,13,0,14,0,6,57,0,63,37,0,37,100
04/14/2021,SMO,CA,AWP,WE,Towers with Radar,0,2,25,0,27,0,0,79,0,79,0,2,104,0,106,254,0,254,360
04/15/2021,SMO,CA,AWP,WE,Towers with Radar,0,12,24,1,37,0,1,105,2,108,0,13,129,3,145,81,0,81,226
04/16/2021,SMO,CA,AWP,WE,Towers with Radar,0,9,26,0,35,0,1,159,0,160,0,10,185,0,195,71,0,71,266
04/17/2021,SMO,CA,AWP,WE,Towers with Radar,0,9,24,0,33,0,8,121,0,129,0,17,145,0,162,75,0,75,237
04/18/2021,SMO,CA,AWP,WE,Towers with Radar,0,5,12,0,17,0,0,90,0,90,0,5,102,0,107,23,0,23,130
04/19/2021,SMO,CA,AWP,WE,Towers with Radar,0,3,15,0,18,0,0,95,0,95,0,3,110,0,113,133,0,133,246
04/20/2021,SMO,CA,AWP,WE,Towers with Radar,0,0,15,0,15,0,0,60,0,60,0,0,75,0,75,124,0,124,199
04/21/2021,SMO,CA,AWP,WE,Towers with Radar,0,4,34,0,38,0,2,38,0,40,0,6,72,0,78,208,0,208,286
04/22/2021,SMO,CA,AWP,WE,Towers with Radar,0,8,47,0,55,0,0,47,0,47,0,8,94,0,102,112,0,112,214
04/23/2021,SMO,CA,AWP,WE,Towers with Radar,0,6,57,0,63,0,3,66,0,69,0,9,123,0,132,234,0,234,366
04/24/2021,SMO,CA,AWP,WE,Towers with Radar,0,4,41,0,45,0,1,69,0,70,0,5,110,0,115,56,0,56,171
04/25/2021,SMO,CA,AWP,WE,Towers with Radar,0,6,35,0,41,0,3,79,0,82,0,9,114,0,123,89,0,89,212
04/26/2021,SMO,CA,AWP,WE,Towers with Radar,0,5,13,0,18,0,2,72,0,74,0,7,85,0,92,83,0,83,175
04/27/2021,SMO,CA,AWP,WE,Towers with Radar,0,11,21,0,32,0,6,118,1,125,0,17,139,1,157,112,0,112,269
04/28/2021,SMO,CA,AWP,WE,Towers with Radar,0,8,18,0,26,0,2,98,0,100,0,10,116,0,126,79,0,79,205
04/29/2021,SMO,CA,AWP,WE,Towers with Radar,0,4,20,0,24,0,2,102,0,104,0,6,122,0,128,71,0,71,199
04/30/2021,SMO,CA,AWP,WE,Towers with Radar,0,7,10,0,17,0,0,137,0,137,0,7,147,0,154,103,0,103,257
05/01/2021,SMO,CA,AWP,WE,Towers with Radar,0,1,23,0,24,0,4,143,0,147,0,5,166,0,171,72,0,72,243
05/02/2021,SMO,CA,AWP,WE,Towers with Radar,0,5,20,0,25,0,0,117,0,117,0,5,137,0,142,134,0,134,276
05/03/2021,SMO,CA,AWP,WE,Towers with Radar,0,5,16,0,21,0,4,64,0,68,0,9,80,0,89,37,0,37,126
05/04/2021,SMO,CA,AWP,WE,Towers with Radar,0,4,14,0,18,0,2,88,0,90,0,6,102,0,108,114,0,114,222
05/05/2021,SMO,CA,AWP,WE,Towers with Radar,0,7,39,0,46,0,1,55,0,56,0,8,94,0,102,21,0,21,123
05/06/2021,SMO,CA,AWP,WE,Towers with Radar,0,10,43,0,53,0,1,38,0,39,0,11,81,0,92,67,0,67,159
05/07/2021,SMO,CA,AWP,WE,Towers with Radar,0,6,28,0,34,0,2,70,0,72,0,8,98,0,106,162,0,162,268
05/08/2021,SMO,CA,AWP,WE,Towers with Radar,0,10,25,0,35,0,2,121,0,123,0,12,146,0,158,132,0,132,290
05/09/2021,SMO,CA,AWP,WE,Towers with Radar,0,8,18,0,26,0,0,74,0,74,0,8,92,0,100,122,0,122,222
05/10/2021,SMO,CA,AWP,WE,Towers with Radar,0,9,38,0,47,0,0,20,0,20,0,9,58,0,67,12,0,12,79
05/11/2021,SMO,CA,AWP,WE,Towers with Radar,0,7,35,0,42,0,3,83,0,86,0,10,118,0,128,151,0,151,279
05/12/2021,SMO,CA,AWP,WE,Towers with Radar,0,12,43,0,55,0,0,25,0,25,0,12,68,0,80,1,0,1,81
05/13/2021,SMO,CA,AWP,WE,Towers with Radar,0,7,54,0,61,0,2,32,2,36,0,9,86,2,97,0,0,0,97
05/14/2021,SMO,CA,AWP,WE,Towers with Radar,0,22,46,0,68,0,2,82,0,84,0,24,128,0,152,122,0,122,274
05/15/2021,SMO,CA,AWP,WE,Towers with Radar,0,5,37,0,42,0,0,123,0,123,0,5,160,0,165,80,0,80,245
05/16/2021,SMO,CA,AWP,WE,Towers with Radar,0,3,45,0,48,0,1,33,0,34,0,4,78,0,82,152,0,152,234
05/17/2021,SMO,CA,AWP,WE,Towers with Radar,0,9,23,1,33,0,3,41,1,45,0,12,64,2,78,188,0,188,266
05/18/2021,SMO,CA,AWP,WE,Towers with Radar,0,10,26,0,36,0,0,87,0,87,0,10,113,0,123,194,0,194,317
05/19/2021,SMO,CA,AWP,WE,Towers with Radar,0,9,21,0,30,0,0,70,0,70,0,9,91,0,100,157,0,157,257
05/20/2021,SMO,CA,AWP,WE,Towers with Radar,0,7,32,0,39,0,3,108,0,111,0,10,140,0,150,195,0,195,345
05/21/2021,SMO,CA,AWP,WE,Towers with Radar,0,16,27,1,44,0,1,71,1,73,0,17,98,2,117,69,0,69,186
05/22/2021,SMO,CA,AWP,WE,Towers with Radar,0,5,9,0,14,0,0,121,0,121,0,5,130,0,135,47,0,47,182
05/23/2021,SMO,CA,AWP,WE,Towers with Radar,0,9,12,0,21,0,2,118,0,120,0,11,130,0,141,97,0,97,238
05/24/2021,SMO,CA,AWP,WE,Towers with Radar,0,13,17,0,30,0,7,102,0,109,0,20,119,0,139,66,0,66,205
05/25/2021,SMO,CA,AWP,WE,Towers with Radar,0,10,15,0,25,0,3,87,0,90,0,13,102,0,115,89,0,89,204
05/26/2021,SMO,CA,AWP,WE,Towers with Radar,0,11,25,1,37,0,3,100,0,103,0,14,125,1,140,141,0,141,281
05/27/2021,SMO,CA,AWP,WE,Towers with Radar,0,10,40,0,50,0,0,75,0,75,0,10,115,0,125,168,0,168,293
05/28/2021,SMO,CA,AWP,WE,Towers with Radar,0,12,49,0,61,0,2,87,0,89,0,14,136,0,150,97,0,97,247
05/29/2021,SMO,CA,AWP,WE,Towers with Radar,0,8,34,0,42,0,2,53,0,55,0,10,87,0,97,132,0,132,229
05/30/2021,SMO,CA,AWP,WE,Towers with Radar,0,9,29,0,38,0,3,76,0,79,0,12,105,0,117,67,0,67,184
05/31/2021,SMO,CA,AWP,WE,Towers with Radar,0,9,31,1,41,0,6,79,0,85,0,15,110,1,126,50,0,50,176
06/01/2021,SMO,CA,AWP,WE,Towers with Radar,0,8,46,0,54,0,1,17,0,18,0,9,63,0,72,2,0,2,74
06/02/2021,SMO,CA,AWP,WE,Towers with Radar,0,6,57,0,63,0,0,1,0,1,0,6,58,0,64,0,0,0,64
06/03/2021,SMO,CA,AWP,WE,Towers with Radar,0,5,39,0,44,0,4,71,0,75,0,9,110,0,119,100,0,100,219
06/04/2021,SMO,CA,AWP,WE,Towers with Radar,0,4,25,0,29,0,3,93,0,96,0,7,118,0,125,59,0,59,184
06/05/2021,SMO,CA,AWP,WE,Towers with Radar,0,0,28,0,28,0,0,135,0,135,0,0,163,0,163,94,0,94,257
06/06/2021,SMO,CA,AWP,WE,Towers with Radar,0,5,28,0,33,0,10,142,0,152,0,15,170,0,185,73,0,73,258
06/07/2021,SMO,CA,AWP,WE,Towers with Radar,0,7,30,0,37,0,2,23,0,25,0,9,53,0,62,80,0,80,142
06/08/2021,SMO,CA,AWP,WE,Towers with Radar,0,7,18,0,25,0,2,98,1,101,0,9,116,1,126,145,0,145,271
06/09/2021,SMO,CA,AWP,WE,Towers with Radar,0,10,19,1,30,0,3,130,0,133,0,13,149,1,163,106,0,106,269
06/10/2021,SMO,CA,AWP,WE,Towers with Radar,0,8,14,1,23,0,2,110,0,112,0,10,124,1,135,78,0,78,213
06/11/2021,SMO,CA,AWP,WE,Towers with Radar,0,8,12,0,20,0,2,119,0,121,0,10,131,0,141,106,0,106,247
06/12/2021,SMO,CA,AWP,WE,Towers with Radar,0,4,9,0,13,0,2,170,0,172,0,6,179,0,185,87,0,87,272
06/13/2021,SMO,CA,AWP,WE,Towers with Radar,0,2,22,0,24,0,1,141,0,142,0,3,163,0,166,106,0,106,272
06/14/2021,SMO,CA,AWP,WE,Towers with Radar,0,4,10,0,14,0,5,118,0,123,0,9,128,0,137,142,0,142,279
06/15/2021,SMO,CA,AWP,WE,Towers with Radar,0,6,12,0,18,0,2,114,0,116,0,8,126,0,134,157,0,157,291
06/16/2021,SMO,CA,AWP,WE,Towers with Radar,0,16,9,0,25,0,4,112,0,116,0,20,121,0,141,108,0,108,249
06/17/2021,SMO,CA,AWP,WE,Towers with Radar,0,7,29,0,36,0,0,48,0,48,0,7,77,0,84,43,0,43,127
06/18/2021,SMO,CA,AWP,WE,Towers with Radar,0,6,42,0,48,0,0,0,0,0,0,6,42,0,48,0,0,0,48
06/19/2021,SMO,CA,AWP,WE,Towers with Radar,0,4,43,0,47,0,0,1,0,1,0,4,44,0,48,0,0,0,48
06/20/2021,SMO,CA,AWP,WE,Towers with Radar,0,7,28,0,35,0,0,0,0,0,0,7,28,0,35,0,0,0,35
06/21/2021,SMO,CA,AWP,WE,Towers with Radar,0,11,20,0,31,0,7,122,0,129,0,18,142,0,160,71,0,71,231
06/22/2021,SMO,CA,AWP,WE,Towers with Radar,0,5,19,0,24,0,3,113,0,116,0,8,132,0,140,157,0,157,297
06/23/2021,SMO,CA,AWP,WE,Towers with Radar,0,12,11,0,23,0,1,113,0,114,0,13,124,0,137,115,0,115,252
06/24/2021,SMO,CA,AWP,WE,Towers with Radar,0,8,15,0,23,0,8,140,0,148,0,16,155,0,171,156,0,156,327
06/25/2021,SMO,CA,AWP,WE,Towers with Radar,0,5,15,0,20,0,0,0,0,0,0,5,15,0,20,0,0,0,20
06/26/2021,SMO,CA,AWP,WE,Towers with Radar,0,0,9,0,9,0,0,1,0,1,0,0,10,0,10,0,0,0,10
06/27/2021,SMO,CA,AWP,WE,Towers with Radar,0,2,40,0,42,0,2,73,0,75,0,4,113,0,117,13,0,13,130
06/28/2021,SMO,CA,AWP,WE,Towers with Radar,0,3,19,0,22,0,1,66,0,67,0,4,85,0,89,20,0,20,109
06/29/2021,SMO,CA,AWP,WE,Towers with Radar,0,8,31,0,39,0,3,46,0,49,0,11,77,0,88,26,0,26,114
06/30/2021,SMO,CA,AWP,WE,Towers with Radar,0,6,28,0,34,0,3,81,0,84,0,9,109,0,118,113,0,113,231
07/01/2021,SMO,CA,AWP,WE,Towers with Radar,0,4,6,0,10,0,3,84,0,87,0,7,90,0,97,130,0,130,227
07/02/2021,SMO,CA,AWP,WE,Towers with Radar,0,9,61,0,70,0,3,27,0,30,0,12,88,0,100,0,0,0,100
07/03/2021,SMO,CA,AWP,WE,Towers with Radar,0,3,14,0,17,0,0,138,0,138,0,3,152,0,155,109,0,109,264
07/04/2021,SMO,CA,AWP,WE,Towers with Radar,0,4,5,0,9,0,1,108,0,109,0,5,113,0,118,68,0,68,186
07/05/2021,SMO,CA,AWP,WE,Towers with Radar,0,7,21,0,28,0,4,80,0,84,0,11,101,0,112,88,0,88,200
07/06/2021,SMO,CA,AWP,WE,Towers with Radar,0,3,22,0,25,0,0,97,0,97,0,3,119,0,122,124,0,124,246
07/07/2021,SMO,CA,AWP,WE,Towers with Radar,0,5,24,0,29,0,5,95,0,100,0,10,119,0,129,0,0,0,129
07/08/2021,SMO,CA,AWP,WE,Towers with Radar,0,1,20,0,21,0,6,134,0,140,0,7,154,0,161,156,0,156,317
07/09/2021,SMO,CA,AWP,WE,Towers with Radar,0,6,28,0,34,0,0,126,0,126,0,6,154,0,160,135,0,135,295
07/10/2021,SMO,CA,AWP,WE,Towers with Radar,0,4,10,0,14,0,0,161,0,161,0,4,171,0,175,64,0,64,239
07/11/2021,SMO,CA,AWP,WE,Towers with Radar,0,4,18,0,22,0,11,155,0,166,0,15,173,0,188,142,0,142,330
07/12/2021,SMO,CA,AWP,WE,Towers with Radar,0,13,23,0,36,0,8,65,0,73,0,21,88,0,109,80,0,80,189
07/13/2021,SMO,CA,AWP,WE,Towers with Radar,0,11,50,0,61,0,1,67,0,68,0,12,117,0,129,121,0,121,250
07/14/2021,SMO,CA,AWP,WE,Towers with Radar,0,11,22,0,33,0,2,81,0,83,0,13,103,0,116,49,0,49,165
07/15/2021,SMO,CA,AWP,WE,Towers with Radar,0,14,27,0,41,0,3,79,0,82,0,17,106,0,123,92,0,92,215
07/16/2021,SMO,CA,AWP,WE,Towers with Radar,0,4,25,0,29,0,0,107,0,107,0,4,132,0,136,104,0,104,240
07/17/2021,SMO,CA,AWP,WE,Towers with Radar,0,5,16,0,21,0,0,105,0,105,0,5,121,0,126,101,0,101,227
07/18/2021,SMO,CA,AWP,WE,Towers with Radar,0,6,19,0,25,0,1,112,0,113,0,7,131,0,138,61,0,61,199
07/19/2021,SMO,CA,AWP,WE,Towers with Radar,0,3,6,0,9,0,1,110,0,111,0,4,116,0,120,168,0,168,288
07/20/2021,SMO,CA,AWP,WE,Towers with Radar,0,5,7,0,12,0,2,111,0,113,0,7,118,0,125,116,0,116,241
07/21/2021,SMO,CA,AWP,WE,Towers with Radar,0,7,16,0,23,0,8,115,1,124,0,15,131,1,147,188,0,188,335
07/22/2021,SMO,CA,AWP,WE,Towers with Radar,0,13,16,0,29,0,1,117,0,118,0,14,133,0,147,107,0,107,254
07/23/2021,SMO,CA,AWP,WE,Towers with Radar,0,3,18,0,21,0,0,106,0,106,0,3,124,0,127,119,0,119,246
07/24/2021,SMO,CA,AWP,WE,Towers with Radar,0,2,27,0,29,0,0,66,0,66,0,2,93,0,95,52,0,52,147
07/25/2021,SMO,CA,AWP,WE,Towers with Radar,0,10,29,0,39,0,0,110,0,110,0,10,139,0,149,68,0,68,217
07/26/2021,SMO,CA,AWP,WE,Towers with Radar,0,7,18,0,25,0,0,64,0,64,0,7,82,0,89,81,0,81,170
07/27/2021,SMO,CA,AWP,WE,Towers with Radar,0,5,24,0,29,0,0,67,0,67,0,5,91,0,96,50,0,50,146
07/28/2021,SMO,CA,AWP,WE,Towers with Radar,0,9,15,0,24,0,3,81,1,85,0,12,96,1,109,103,0,103,212
07/29/2021,SMO,CA,AWP,WE,Towers with Radar,0,8,39,0,47,0,0,83,0,83,0,8,122,0,130,91,0,91,221
07/30/2021,SMO,CA,AWP,WE,Towers with Radar,0,5,19,0,24,0,0,91,0,91,0,5,110,0,115,100,0,100,215
07/31/2021,SMO,CA,AWP,WE,Towers with Radar,0,1,21,0,22,0,0,79,0,79,0,1,100,0,101,41,0,41,142
08/01/2021,SMO,CA,AWP,WE,Towers with Radar,0,4,13,0,17,0,0,135,0,135,0,4,148,0,152,97,0,97,249
08/02/2021,SMO,CA,AWP,WE,Towers with Radar,0,5,8,0,13,0,9,96,0,105,0,14,104,0,118,110,0,110,228
08/03/2021,SMO,CA,AWP,WE,Towers with Radar,0,8,15,0,23,0,2,110,0,112,0,10,125,0,135,135,0,135,270
08/04/2021,SMO,CA,AWP,WE,Towers with Radar,0,17,23,0,40,0,3,123,0,126,0,20,146,0,166,42,0,42,208
08/05/2021,SMO,CA,AWP,WE,Towers with Radar,0,6,13,0,19,0,2,86,0,88,0,8,99,0,107,116,0,116,223
08/06/2021,SMO,CA,AWP,WE,Towers with Radar,0,8,21,0,29,0,3,91,0,94,0,11,112,0,123,64,0,64,187
08/07/2021,SMO,CA,AWP,WE,Towers with Radar,0,10,30,0,40,0,2,91,0,93,0,12,121,0,133,64,0,64,197
08/08/2021,SMO,CA,AWP,WE,Towers with Radar,0,9,21,0,30,0,1,102,0,103,0,10,123,0,133,33,0,33,166
08/09/2021,SMO,CA,AWP,WE,Towers with Radar,0,4,20,0,24,0,2,96,0,98,0,6,116,0,122,104,0,104,226
08/10/2021,SMO,CA,AWP,WE,Towers with Radar,0,9,21,0,30,0,4,94,2,100,0,13,115,2,130,73,0,73,203
08/11/2021,SMO,CA,AWP,WE,Towers with Radar,0,5,23,0,28,0,0,104,0,104,0,5,127,0,132,184,0,184,316
08/12/2021,SMO,CA,AWP,WE,Towers with Radar,0,8,13,0,21,0,0,91,0,91,0,8,104,0,112,71,0,71,183
08/13/2021,SMO,CA,AWP,WE,Towers with Radar,0,7,13,0,20,0,1,121,0,122,0,8,134,0,142,68,0,68,210
08/14/2021,SMO,CA,AWP,WE,Towers with Radar,0,8,8,0,16,0,0,140,0,140,0,8,148,0,156,64,0,64,220
08/15/2021,SMO,CA,AWP,WE,Towers with Radar,0,14,17,0,31,0,4,130,0,134,0,18,147,0,165,54,0,54,219
08/16/2021,SMO,CA,AWP,WE,Towers with Radar,0,6,16,0,22,0,0,80,0,80,0,6,96,0,102,116,0,116,218
08/17/2021,SMO,CA,AWP,WE,Towers with Radar,0,7,25,0,32,0,0,77,0,77,0,7,102,0,109,45,0,45,154
08/18/2021,SMO,CA,AWP,WE,Towers with Radar,0,11,38,0,49,0,2,23,0,25,0,13,61,0,74,70,0,70,144
08/19/2021,SMO,CA,AWP,WE,Towers with Radar,0,8,43,0,51,0,1,74,0,75,0,9,117,0,126,216,0,216,342
08/20/2021,SMO,CA,AWP,WE,Towers with Radar,0,1,32,0,33,0,4,98,0,102,0,5,130,0,135,163,0,163,298
08/21/2021,SMO,CA,AWP,WE,Towers with Radar,0,2,45,0,47,0,1,61,0,62,0,3,106,0,109,52,0,52,161
08/22/2021,SMO,CA,AWP,WE,Towers with Radar,0,5,26,0,31,0,1,134,0,135,0,6,160,0,166,82,0,82,248
08/23/2021,SMO,CA,AWP,WE,Towers with Radar,0,9,27,0,36,0,5,92,0,97,0,14,119,0,133,141,0,141,274
08/24/2021,SMO,CA,AWP,WE,Towers with Radar,0,13,15,0,28,0,1,120,0,121,0,14,135,0,149,120,0,120,269
08/25/2021,SMO,CA,AWP,WE,Towers with Radar,0,8,17,0,25,0,0,134,2,136,0,8,151,2,161,74,0,74,235
08/26/2021,SMO,CA,AWP,WE,Towers with Radar,0,4,20,0,24,0,0,120,0,120,0,4,140,0,144,84,0,84,228
08/27/2021,SMO,CA,AWP,WE,Towers with Radar,0,5,19,0,24,0,5,116,2,123,0,10,135,2,147,174,0,174,321
08/28/2021,SMO,CA,AWP,WE,Towers with Radar,0,6,17,0,23,0,2,119,0,121,0,8,136,0,144,27,0,27,171
08/29/2021,SMO,CA,AWP,WE,Towers with Radar,0,8,27,0,35,0,0,0,0,0,0,8,27,0,35,0,0,0,35
08/30/2021,SMO,CA,AWP,WE,Towers with Radar,0,3,22,0,25,0,3,47,0,50,0,6,69,0,75,27,0,27,102
08/31/2021,SMO,CA,AWP,WE,Towers with Radar,0,4,33,0,37,0,1,38,0,39,0,5,71,0,76,85,0,85,161
09/01/2021,SMO,CA,AWP,WE,Towers with Radar,0,15,34,0,49,0,1,49,0,50,0,16,83,0,99,185,0,185,284
09/02/2021,SMO,CA,AWP,WE,Towers with Radar,0,15,27,0,42,0,0,61,0,61,0,15,88,0,103,120,0,120,223
09/03/2021,SMO,CA,AWP,WE,Towers with Radar,0,11,39,0,50,0,2,106,0,108,0,13,145,0,158,44,0,44,202
09/04/2021,SMO,CA,AWP,WE,Towers with Radar,0,6,13,0,19,0,1,116,0,117,0,7,129,0,136,67,0,67,203
09/05/2021,SMO,CA,AWP,WE,Towers with Radar,0,8,19,0,27,0,6,152,0,158,0,14,171,0,185,75,0,75,260
09/06/2021,SMO,CA,AWP,WE,Towers with Radar,0,2,18,0,20,0,8,127,0,135,0,10,145,0,155,84,0,84,239
09/07/2021,SMO,CA,AWP,WE,Towers with Radar,0,8,12,0,20,0,2,97,0,99,0,10,109,0,119,68,0,68,187
09/08/2021,SMO,CA,AWP,WE,Towers with Radar,0,3,26,0,29,0,1,44,0,45,0,4,70,0,74,26,0,26,100
09/09/2021,SMO,CA,AWP,WE,Towers with Radar,0,10,23,0,33,0,0,98,2,100,0,10,121,2,133,97,0,97,230
09/10/2021,SMO,CA,AWP,WE,Towers with Radar,0,4,17,0,21,0,0,121,0,121,0,4,138,0,142,99,0,99,241
09/11/2021,SMO,CA,AWP,WE,Towers with Radar,0,5,14,0,19,0,1,157,0,158,0,6,171,0,177,106,0,106,283
09/12/2021,SMO,CA,AWP,WE,Towers with Radar,0,5,22,0,27,0,6,127,0,133,0,11,149,0,160,74,0,74,234
09/13/2021,SMO,CA,AWP,WE,Towers with Radar,0,7,21,0,28,0,1,42,0,43,0,8,63,0,71,97,0,97,168
09/14/2021,SMO,CA,AWP,WE,Towers with Radar,0,4,19,0,23,0,0,63,0,63,0,4,82,0,86,161,0,161,247
09/15/2021,SMO,CA,AWP,WE,Towers with Radar,0,8,16,0,24,0,1,92,0,93,0,9,108,0,117,92,0,92,209
09/16/2021,SMO,CA,AWP,WE,Towers with Radar,0,6,29,0,35,0,0,63,0,63,0,6,92,0,98,110,0,110,208
09/17/2021,SMO,CA,AWP,WE,Towers with Radar,0,4,29,0,33,0,2,83,0,85,0,6,112,0,118,118,0,118,236
09/18/2021,SMO,CA,AWP,WE,Towers with Radar,0,4,15,0,19,0,0,2,0,2,0,4,17,0,21,0,0,0,21
09/19/2021,SMO,CA,AWP,WE,Towers with Radar,0,8,29,0,37,0,1,128,0,129,0,9,157,0,166,44,0,44,210
09/20/2021,SMO,CA,AWP,WE,Towers with Radar,0,9,21,0,30,0,3,98,0,101,0,12,119,0,131,42,0,42,173
09/21/2021,SMO,CA,AWP,WE,Towers with Radar,0,12,23,0,35,0,0,101,0,101,0,12,124,0,136,92,0,92,228
09/22/2021,SMO,CA,AWP,WE,Towers with Radar,0,5,18,0,23,0,1,84,0,85,0,6,102,0,108,72,0,72,180
09/23/2021,SMO,CA,AWP,WE,Towers with Radar,0,8,23,0,31,0,2,95,0,97,0,10,118,0,128,72,0,72,200
09/24/2021,SMO,CA,AWP,WE,Towers with Radar,0,2,23,0,25,0,6,80,1,87,0,8,103,1,112,73,0,73,185
09/25/2021,SMO,CA,AWP,WE,Towers with Radar,0,6,35,0,41,0,2,87,0,89,0,8,122,0,130,21,0,21,151
09/26/2021,SMO,CA,AWP,WE,Towers with Radar,0,6,71,0,77,0,1,27,0,28,0,7,98,0,105,0,0,0,105
09/27/2021,SMO,CA,AWP,WE,Towers with Radar,0,10,43,0,53,0,1,18,0,19,0,11,61,0,72,41,0,41,113
09/28/2021,SMO,CA,AWP,WE,Towers with Radar,0,12,47,0,59,0,1,57,0,58,0,13,104,0,117,99,0,99,216
09/29/2021,SMO,CA,AWP,WE,Towers with Radar,0,7,14,0,21,0,1,139,0,140,0,8,153,0,161,98,0,98,259
09/30/2021,SMO,CA,AWP,WE,Towers with Radar,0,3,17,0,20,0,3,110,0,113,0,6,127,0,133,127,0,127,260
10/01/2021,SMO,CA,AWP,WE,Towers with Radar,0,8,24,0,32,0,0,134,1,135,0,8,158,1,167,96,0,96,263
10/02/2021,SMO,CA,AWP,WE,Towers with Radar,0,4,20,0,24,0,5,122,0,127,0,9,142,0,151,91,0,91,242
10/03/2021,SMO,CA,AWP,WE,Towers with Radar,0,7,18,0,25,0,3,122,0,125,0,10,140,0,150,64,0,64,214
10/04/2021,SMO,CA,AWP,WE,Towers with Radar,0,4,24,0,28,0,2,52,2,56,0,6,76,2,84,51,0,51,135
10/05/2021,SMO,CA,AWP,WE,Towers with Radar,0,16,19,1,36,0,6,110,1,117,0,22,129,2,153,132,0,132,285
10/06/2021,SMO,CA,AWP,WE,Towers with Radar,0,6,43,0,49,0,8,69,0,77,0,14,112,0,126,104,0,104,230
10/07/2021,SMO,CA,AWP,WE,Towers with Radar,0,18,56,2,76,0,3,47,0,50,0,21,103,2,126,85,0,85,211
10/08/2021,SMO,CA,AWP,WE,Towers with Radar,0,7,36,0,43,0,0,83,0,83,0,7,119,0,126,76,0,76,202
10/09/2021,SMO,CA,AWP,WE,Towers with Radar,0,7,9,0,16,0,11,161,0,172,0,18,170,0,188,78,0,78,266
10/10/2021,SMO,CA,AWP,WE,Towers with Radar,0,8,18,0,26,0,1,127,0,128,0,9,145,0,154,94,0,94,248
10/11/2021,SMO,CA,AWP,WE,Towers with Radar,0,9,19,0,28,0,3,50,0,53,0,12,69,0,81,40,0,40,121
10/12/2021,SMO,CA,AWP,WE,Towers with Radar,0,6,14,0,20,0,2,42,0,44,0,8,56,0,64,9,0,9,73
10/13/2021,SMO,CA,AWP,WE,Towers with Radar,0,7,24,2,33,0,2,98,2,102,0,9,122,4,135,91,0,91,226
10/14/2021,SMO,CA,AWP,WE,Towers with Radar,0,18,26,1,45,0,3,91,1,95,0,21,117,2,140,75,0,75,215
10/15/2021,SMO,CA,AWP,WE,Towers with Radar,0,13,17,0,30,0,0,132,0,132,0,13,149,0,162,132,0,132,294
10/16/2021,SMO,CA,AWP,WE,Towers with Radar,0,8,11,0,19,0,9,157,0,166,0,17,168,0,185,70,0,70,255
10/17/2021,SMO,CA,AWP,WE,Towers with Radar,0,7,25,0,32,0,3,90,0,93,0,10,115,0,125,35,0,35,160
10/18/2021,SMO,CA,AWP,WE,Towers with Radar,0,16,28,0,44,0,0,60,0,60,0,16,88,0,104,62,0,62,166
10/19/2021,SMO,CA,AWP,WE,Towers with Radar,0,21,19,0,40,0,2,78,0,80,0,23,97,0,120,158,0,158,278
10/20/2021,SMO,CA,AWP,WE,Towers with Radar,0,9,29,0,38,0,3,97,0,100,0,12,126,0,138,110,0,110,248
10/21/2021,SMO,CA,AWP,WE,Towers with Radar,0,13,26,1,40,0,0,85,1,86,0,13,111,2,126,110,0,110,236
10/22/2021,SMO,CA,AWP,WE,Towers with Radar,0,15,43,0,58,0,1,36,0,37,0,16,79,0,95,16,0,16,111
10/23/2021,SMO,CA,AWP,WE,Towers with Radar,0,8,27,0,35,0,1,39,0,40,0,9,66,0,75,99,0,99,174
10/24/2021,SMO,CA,AWP,WE,Towers with Radar,0,7,34,0,41,0,1,51,0,52,0,8,85,0,93,158,0,158,251
10/25/2021,SMO,CA,AWP,WE,Towers with Radar,0,4,13,0,17,0,0,0,0,0,0,4,13,0,17,0,0,0,17
10/26/2021,SMO,CA,AWP,WE,Towers with Radar,0,13,10,0,23,0,3,105,0,108,0,16,115,0,131,165,0,165,296
10/27/2021,SMO,CA,AWP,WE,Towers with Radar,0,10,22,0,32,0,1,122,0,123,0,11,144,0,155,150,0,150,305
10/28/2021,SMO,CA,AWP,WE,Towers with Radar,0,9,27,0,36,0,0,97,0,97,0,9,124,0,133,192,0,192,325
10/29/2021,SMO,CA,AWP,WE,Towers with Radar,0,14,20,0,34,0,2,126,0,128,0,16,146,0,162,171,0,171,333
10/30/2021,SMO,CA,AWP,WE,Towers with Radar,0,3,20,0,23,0,0,48,0,48,0,3,68,0,71,37,0,37,108
10/31/2021,SMO,CA,AWP,WE,Towers with Radar,0,10,34,0,44,0,5,46,0,51,0,15,80,0,95,50,0,50,145
11/01/2021,SMO,CA,AWP,WE,Towers with Radar,0,8,25,0,33,0,2,87,0,89,0,10,112,0,122,201,0,201,323
11/02/2021,SMO,CA,AWP,WE,Towers with Radar,0,18,44,0,62,0,0,38,0,38,0,18,82,0,100,18,0,18,118
11/03/2021,SMO,CA,AWP,WE,Towers with Radar,0,7,31,0,38,0,0,1,0,1,0,7,32,0,39,0,0,0,39
11/04/2021,SMO,CA,AWP,WE,Towers with Radar,0,15,39,0,54,0,0,28,0,28,0,15,67,0,82,2,0,2,84
11/05/2021,SMO,CA,AWP,WE,Towers with Radar,0,3,22,0,25,0,0,17,0,17,0,3,39,0,42,0,0,0,42
11/06/2021,SMO,CA,AWP,WE,Towers with Radar,0,5,59,0,64,0,0,3,0,3,0,5,62,0,67,0,0,0,67
11/07/2021,SMO,CA,AWP,WE,Towers with Radar,0,4,36,0,40,0,5,20,0,25,0,9,56,0,65,0,0,0,65
11/08/2021,SMO,CA,AWP,WE,Towers with Radar,0,6,25,0,31,0,8,89,0,97,0,14,114,0,128,149,0,149,277
11/09/2021,SMO,CA,AWP,WE,Towers with Radar,0,10,31,0,41,0,0,41,0,41,0,10,72,0,82,62,0,62,144
11/10/2021,SMO,CA,AWP,WE,Towers with Radar,0,10,26,0,36,0,1,109,0,110,0,11,135,0,146,164,0,164,310
11/11/2021,SMO,CA,AWP,WE,Towers with Radar,0,15,13,0,28,0,4,110,0,114,0,19,123,0,142,215,0,215,357
11/12/2021,SMO,CA,AWP,WE,Towers with Radar,0,20,26,0,46,0,1,134,0,135,0,21,160,0,181,156,0,156,337
11/13/2021,SMO,CA,AWP,WE,Towers with Radar,0,5,8,0,13,0,3,164,0,167,0,8,172,0,180,102,0,102,282
11/14/2021,SMO,CA,AWP,WE,Towers with Radar,0,12,10,0,22,0,11,147,0,158,0,23,157,0,180,110,0,110,290
11/15/2021,SMO,CA,AWP,WE,Towers with Radar,0,15,23,0,38,0,3,90,0,93,0,18,113,0,131,104,0,104,235
11/16/2021,SMO,CA,AWP,WE,Towers with Radar,0,16,35,0,51,0,4,50,0,54,0,20,85,0,105,22,0,22,127
11/17/2021,SMO,CA,AWP,WE,Towers with Radar,0,12,25,0,37,0,1,86,0,87,0,13,111,0,124,96,0,96,220
11/18/2021,SMO,CA,AWP,WE,Towers with Radar,0,10,37,1,48,0,1,18,0,19,0,11,55,1,67,6,0,6,73
11/19/2021,SMO,CA,AWP,WE,Towers with Radar,0,18,40,1,59,0,2,53,0,55,0,20,93,1,114,84,0,84,198
11/20/2021,SMO,CA,AWP,WE,Towers with Radar,0,3,32,0,35,0,2,57,0,59,0,5,89,0,94,26,0,26,120
11/21/2021,SMO,CA,AWP,WE,Towers with Radar,0,6,16,0,22,0,4,123,0,127,0,10,139,0,149,62,0,62,211
11/22/2021,SMO,CA,AWP,WE,Towers with Radar,0,6,5,0,11,1,8,75,0,84,1,14,80,0,95,52,0,52,147
11/23/2021,SMO,CA,AWP,WE,Towers with Radar,0,6,15,0,21,0,0,105,0,105,0,6,120,0,126,78,0,78,204
11/24/2021,SMO,CA,AWP,WE,Towers with Radar,0,3,13,0,16,0,3,112,0,115,0,6,125,0,131,135,0,135,266
11/25/2021,SMO,CA,AWP,WE,Towers with Radar,0,10,3,0,13,0,6,32,0,38,0,16,35,0,51,28,0,28,79
11/26/2021,SMO,CA,AWP,WE,Towers with Radar,0,6,12,0,18,0,9,74,0,83,0,15,86,0,101,68,0,68,169
11/27/2021,SMO,CA,AWP,WE,Towers with Radar,0,12,12,0,24,0,1,109,0,110,0,13,121,0,134,35,0,35,169
11/28/2021,SMO,CA,AWP,WE,Towers with Radar,0,7,22,0,29,0,8,153,0,161,0,15,175,0,190,50,0,50,240
11/29/2021,SMO,CA,AWP,WE,Towers with Radar,0,4,20,0,24,0,7,83,0,90,0,11,103,0,114,107,0,107,221
11/30/2021,SMO,CA,AWP,WE,Towers with Radar,0,9,25,1,35,0,2,33,1,36,0,11,58,2,71,15,0,15,86
12/01/2021,SMO,CA,AWP,WE,Towers with Radar,0,10,14,0,24,0,0,18,0,18,0,10,32,0,42,4,0,4,46
12/02/2021,SMO,CA,AWP,WE,Towers with Radar,0,9,28,0,37,0,0,1,0,1,0,9,29,0,38,0,0,0,38
12/03/2021,SMO,CA,AWP,WE,Towers with Radar,0,11,36,0,47,0,0,35,0,35,0,11,71,0,82,54,0,54,136
12/04/2021,SMO,CA,AWP,WE,Towers with Radar,0,10,23,0,33,0,4,58,0,62,0,14,81,0,95,81,0,81,176
12/05/2021,SMO,CA,AWP,WE,Towers with Radar,0,11,29,0,40,0,0,71,0,71,0,11,100,0,111,80,0,80,191
12/06/2021,SMO,CA,AWP,WE,Towers with Radar,0,3,29,0,32,0,3,34,0,37,0,6,63,0,69,30,0,30,99
12/07/2021,SMO,CA,AWP,WE,Towers with Radar,0,4,20,4,28,0,1,21,0,22,0,5,41,4,50,177,0,177,227
12/08/2021,SMO,CA,AWP,WE,Towers with Radar,0,14,25,0,39,0,2,77,0,79,0,16,102,0,118,86,0,86,204
12/09/2021,SMO,CA,AWP,WE,Towers with Radar,0,7,16,0,23,0,3,13,4,20,0,10,29,4,43,44,0,44,87
12/10/2021,SMO,CA,AWP,WE,Towers with Radar,0,15,24,0,39,0,4,145,0,149,0,19,169,0,188,107,0,107,295
12/11/2021,SMO,CA,AWP,WE,Towers with Radar,2,8,13,0,23,0,2,122,0,124,2,10,135,0,147,94,0,94,241
12/12/2021,SMO,CA,AWP,WE,Towers with Radar,0,6,13,0,19,0,6,123,0,129,0,12,136,0,148,54,0,54,202
12/13/2021,SMO,CA,AWP,WE,Towers with Radar,0,6,22,0,28,0,2,54,0,56,0,8,76,0,84,77,0,77,161
12/14/2021,SMO,CA,AWP,WE,Towers with Radar,0,0,1,0,1,0,3,2,0,5,0,3,3,0,6,0,0,0,6
12/15/2021,SMO,CA,AWP,WE,Towers with Radar,0,7,4,0,11,0,4,124,6,134,0,11,128,6,145,71,0,71,216
12/16/2021,SMO,CA,AWP,WE,Towers with Radar,0,5,32,0,37,0,0,38,0,38,0,5,70,0,75,76,0,76,151
12/17/2021,SMO,CA,AWP,WE,Towers with Radar,0,15,21,0,36,0,0,119,0,119,0,15,140,0,155,88,0,88,243
12/18/2021,SMO,CA,AWP,WE,Towers with Radar,0,9,8,0,17,0,3,143,0,146,0,12,151,0,163,44,0,44,207
12/19/2021,SMO,CA,AWP,WE,Towers with Radar,0,3,19,0,22,0,1,106,0,107,0,4,125,0,129,44,0,44,173
12/20/2021,SMO,CA,AWP,WE,Towers with Radar,0,5,18,0,23,0,5,104,0,109,0,10,122,0,132,65,0,65,197
12/21/2021,SMO,CA,AWP,WE,Towers with Radar,0,6,18,0,24,0,3,98,0,101,0,9,116,0,125,71,0,71,196
12/22/2021,SMO,CA,AWP,WE,Towers with Radar,0,12,13,0,25,0,3,76,0,79,0,15,89,0,104,106,0,106,210
12/23/2021,SMO,CA,AWP,WE,Towers with Radar,0,0,1,0,1,0,0,0,0,0,0,0,1,0,1,0,0,0,1
12/24/2021,SMO,CA,AWP,WE,Towers with Radar,0,7,22,0,29,0,0,27,0,27,0,7,49,0,56,50,0,50,106
12/25/2021,SMO,CA,AWP,WE,Towers with Radar,0,1,2,0,3,0,0,8,0,8,0,1,10,0,11,0,0,0,11
12/26/2021,SMO,CA,AWP,WE,Towers with Radar,0,2,6,0,8,0,1,125,0,126,0,3,131,0,134,18,0,18,152
12/27/2021,SMO,CA,AWP,WE,Towers with Radar,0,5,17,0,22,0,0,18,0,18,0,5,35,0,40,16,0,16,56
12/28/2021,SMO,CA,AWP,WE,Towers with Radar,0,5,8,0,13,0,1,45,0,46,0,6,53,0,59,50,0,50,109
12/29/2021,SMO,CA,AWP,WE,Towers with Radar,0,1,8,0,9,0,1,3,0,4,0,2,11,0,13,0,0,0,13
12/30/2021,SMO,CA,AWP,WE,Towers with Radar,0,1,3,0,4,0,0,0,0,0,0,1,3,0,4,0,0,0,4
12/31/2021,SMO,CA,AWP,WE,Towers with Radar,0,2,13,0,15,0,0,78,0,78,0,2,91,0,93,48,0,48,141
01/01/2022,SMO,CA,AWP,WE,Towers with Radar,0,5,8,0,13,0,0,49,0,49,0,5,57,0,62,16,0,16,78
01/02/2022,SMO,CA,AWP,WE,Towers with Radar,0,2,14,0,16,0,0,90,0,90,0,2,104,0,106,50,0,50,156
01/03/2022,SMO,CA,AWP,WE,Towers with Radar,0,6,14,0,20,0,0,84,0,84,0,6,98,0,104,135,0,135,239
01/04/2022,SMO,CA,AWP,WE,Towers with Radar,0,3,9,0,12,0,9,83,0,92,0,12,92,0,104,92,0,92,196
01/05/2022,SMO,CA,AWP,WE,Towers with Radar,0,10,5,0,15,0,8,87,0,95,0,18,92,0,110,98,0,98,208
01/06/2022,SMO,CA,AWP,WE,Towers with Radar,0,7,9,0,16,0,1,76,0,77,0,8,85,0,93,134,0,134,227
01/07/2022,SMO,CA,AWP,WE,Towers with Radar,0,3,40,0,43,0,0,2,0,2,0,3,42,0,45,9,0,9,54
01/08/2022,SMO,CA,AWP,WE,Towers with Radar,0,3,21,0,24,0,1,108,0,109,0,4,129,0,133,66,0,66,199
01/09/2022,SMO,CA,AWP,WE,Towers with Radar,0,6,14,0,20,0,2,130,2,134,0,8,144,2,154,87,0,87,241
01/10/2022,SMO,CA,AWP,WE,Towers with Radar,0,3,8,0,11,0,0,80,0,80,0,3,88,0,91,43,0,43,134
01/11/2022,SMO,CA,AWP,WE,Towers with Radar,0,5,7,0,12,0,3,105,0,108,0,8,112,0,120,66,0,66,186
01/12/2022,SMO,CA,AWP,WE,Towers with Radar,0,4,18,0,22,0,2,90,0,92,0,6,108,0,114,64,0,64,178
01/13/2022,SMO,CA,AWP,WE,Towers with Radar,0,13,10,0,23,0,1,108,0,109,0,14,118,0,132,115,0,115,247
01/14/2022,SMO,CA,AWP,WE,Towers with Radar,0,11,13,0,24,0,0,110,0,110,0,11,123,0,134,162,0,162,296
01/15/2022,SMO,CA,AWP,WE,Towers with Radar,0,1,22,0,23,0,0,89,0,89,0,1,111,0,112,108,0,108,220
01/16/2022,SMO,CA,AWP,WE,Towers with Radar,0,2,24,0,26,0,5,130,0,135,0,7,154,0,161,104,0,104,265
01/17/2022,SMO,CA,AWP,WE,Towers with Radar,0,2,36,0,38,0,3,39,0,42,0,5,75,0,80,27,0,27,107
01/18/2022,SMO,CA,AWP,WE,Towers with Radar,1,10,30,0,41,3,11,47,0,61,4,21,77,0,102,56,0,56,158
01/19/2022,SMO,CA,AWP,WE,Towers with Radar,0,5,38,0,43,0,2,47,0,49,0,7,85,0,92,139,0,139,231
01/20/2022,SMO,CA,AWP,WE,Towers with Radar,0,6,13,0,19,0,2,124,0,126,0,8,137,0,145,91,0,91,236
01/21/2022,SMO,CA,AWP,WE,Towers with Radar,1,17,27,0,45,0,0,104,0,104,1,17,131,0,149,130,0,130,279
01/22/2022,SMO,CA,AWP,WE,Towers with Radar,0,0,17,0,17,0,2,19,0,21,0,2,36,0,38,14,0,14,52
01/23/2022,SMO,CA,AWP,WE,Towers with Radar,0,11,23,0,34,0,2,131,0,133,0,13,154,0,167,100,0,100,267
01/24/2022,SMO,CA,AWP,WE,Towers with Radar,0,10,9,0,19,0,0,99,0,99,0,10,108,0,118,107,0,107,225
01/25/2022,SMO,CA,AWP,WE,Towers with Radar,0,9,10,0,19,0,3,102,0,105,0,12,112,0,124,80,0,80,204
01/26/2022,SMO,CA,AWP,WE,Towers with Radar,0,4,8,0,12,0,3,105,0,108,0,7,113,0,120,194,0,194,314
01/27/2022,SMO,CA,AWP,WE,Towers with Radar,0,11,19,0,30,0,0,88,0,88,0,11,107,0,118,178,0,178,296
01/28/2022,SMO,CA,AWP,WE,Towers with Radar,0,14,22,0,36,0,5,136,0,141,0,19,158,0,177,143,0,143,320
01/29/2022,SMO,CA,AWP,WE,Towers with Radar,0,4,13,0,17,0,1,158,0,159,0,5,171,0,176,70,0,70,246
01/30/2022,SMO,CA,AWP,WE,Towers with Radar,0,12,23,0,35,0,6,189,0,195,0,18,212,0,230,79,0,79,309
01/31/2022,SMO,CA,AWP,WE,Towers with Radar,0,11,27,0,38,0,2,104,0,106,0,13,131,0,144,98,0,98,242
02/01/2022,SMO,CA,AWP,WE,Towers with Radar,0,5,27,0,32,0,3,83,0,86,0,8,110,0,118,72,0,72,190
02/02/2022,SMO,CA,AWP,WE,Towers with Radar,0,10,8,0,18,0,1,34,0,35,0,11,42,0,53,48,0,48,101
02/03/2022,SMO,CA,AWP,WE,Towers with Radar,0,15,14,0,29,0,0,109,0,109,0,15,123,0,138,163,0,163,301
02/04/2022,SMO,CA,AWP,WE,Towers with Radar,0,15,22,0,37,0,3,76,0,79,0,18,98,0,116,104,0,104,220
02/05/2022,SMO,CA,AWP,WE,Towers with Radar,0,7,14,0,21,0,0,125,0,125,0,7,139,0,146,97,0,97,243
02/06/2022,SMO,CA,AWP,WE,Towers with Radar,0,14,14,0,28,0,0,130,0,130,0,14,144,0,158,72,0,72,230
02/07/2022,SMO,CA,AWP,WE,Towers with Radar,0,4,15,0,19,0,2,114,0,116,0,6,129,0,135,141,0,141,276
02/08/2022,SMO,CA,AWP,WE,Towers with Radar,0,11,17,0,28,0,4,104,0,108,0,15,121,0,136,82,0,82,218
02/09/2022,SMO,CA,AWP,WE,Towers with Radar,0,8,4,0,12,0,22,110,0,132,0,30,114,0,144,89,0,89,233
02/10/2022,SMO,CA,AWP,WE,Towers with Radar,0,7,14,0,21,0,3,65,0,68,0,10,79,0,89,95,0,95,184
02/11/2022,SMO,CA,AWP,WE,Towers with Radar,0,10,27,0,37,0,2,140,0,142,0,12,167,0,179,124,0,124,303
02/12/2022,SMO,CA,AWP,WE,Towers with Radar,0,7,13,0,20,0,6,107,0,113,0,13,120,0,133,72,0,72,205
02/13/2022,SMO,CA,AWP,WE,Towers with Radar,0,5,10,0,15,0,0,68,0,68,0,5,78,0,83,49,0,49,132
02/14/2022,SMO,CA,AWP,WE,Towers with Radar,0,14,25,0,39,0,1,117,0,118,0,15,142,0,157,106,0,106,263
02/15/2022,SMO,CA,AWP,WE,Towers with Radar,0,3,21,0,24,0,6,22,1,29,0,9,43,1,53,35,0,35,88
02/16/2022,SMO,CA,AWP,WE,Towers with Radar,0,9,13,0,22,0,4,128,0,132,0,13,141,0,154,86,0,86,240
02/17/2022,SMO,CA,AWP,WE,Towers with Radar,0,10,17,0,27,0,3,85,0,88,0,13,102,0,115,96,0,96,211
02/18/2022,SMO,CA,AWP,WE,Towers with Radar,0,11,23,0,34,0,2,143,0,145,0,13,166,0,179,111,0,111,290
02/19/2022,SMO,CA,AWP,WE,Towers with Radar,0,12,21,0,33,0,5,155,0,160,0,17,176,0,193,64,0,64,257
02/20/2022,SMO,CA,AWP,WE,Towers with Radar,0,9,40,0,49,0,0,94,0,94,0,9,134,0,143,54,0,54,197
02/21/2022,SMO,CA,AWP,WE,Towers with Radar,0,0,8,0,8,0,2,73,0,75,0,2,81,0,83,120,0,120,203
02/22/2022,SMO,CA,AWP,WE,Towers with Radar,0,6,14,0,20,0,5,31,0,36,0,11,45,0,56,61,0,61,117
02/23/2022,SMO,CA,AWP,WE,Towers with Radar,0,5,11,0,16,0,1,89,0,90,0,6,100,0,106,87,0,87,193
02/24/2022,SMO,CA,AWP,WE,Towers with Radar,0,5,9,0,14,0,0,114,0,114,0,5,123,0,128,92,0,92,220
02/25/2022,SMO,CA,AWP,WE,Towers with Radar,0,6,17,0,23,0,1,122,0,123,0,7,139,0,146,78,0,78,224
02/26/2022,SMO,CA,AWP,WE,Towers with Radar,0,5,10,0,15,0,1,126,0,127,0,6,136,0,142,39,0,39,181
02/27/2022,SMO,CA,AWP,WE,Towers with Radar,0,2,9,0,11,0,0,125,0,125,0,2,134,0,136,47,0,47,183
02/28/2022,SMO,CA,AWP,WE,Towers with Radar,0,4,12,0,16,0,3,96,0,99,0,7,108,0,115,78,0,78,193
03/01/2022,SMO,CA,AWP,WE,Towers with Radar,0,2,13,0,15,0,1,88,0,89,0,3,101,0,104,130,0,130,234
03/02/2022,SMO,CA,AWP,WE,Towers with Radar,0,10,19,0,29,0,2,119,0,121,0,12,138,0,150,164,0,164,314
03/03/2022,SMO,CA,AWP,WE,Towers with Radar,0,9,20,0,29,0,1,75,0,76,0,10,95,0,105,126,0,126,231
03/04/2022,SMO,CA,AWP,WE,Towers with Radar,0,16,16,0,32,0,2,80,0,82,0,18,96,0,114,48,0,48,162
03/05/2022,SMO,CA,AWP,WE,Towers with Radar,0,7,19,0,26,0,0,37,0,37,0,7,56,0,63,33,0,33,96
03/06/2022,SMO,CA,AWP,WE,Towers with Radar,0,6,35,0,41,0,4,131,0,135,0,10,166,0,176,87,0,87,263
03/07/2022,SMO,CA,AWP,WE,Towers with Radar,0,6,10,0,16,0,6,96,0,102,0,12,106,0,118,108,0,108,226
03/08/2022,SMO,CA,AWP,WE,Towers with Radar,0,9,12,0,21,0,3,115,0,118,0,12,127,0,139,103,0,103,242
03/09/2022,SMO,CA,AWP,WE,Towers with Radar,0,6,25,0,31,0,0,1,0,1,0,6,26,0,32,0,0,0,32
03/10/2022,SMO,CA,AWP,WE,Towers with Radar,0,3,18,0,21,0,2,104,0,106,0,5,122,0,127,54,0,54,181
03/11/2022,SMO,CA,AWP,WE,Towers with Radar,0,9,24,0,33,0,0,114,2,116,0,9,138,2,149,114,0,114,263
03/12/2022,SMO,CA,AWP,WE,Towers with Radar,0,2,17,0,19,0,1,150,0,151,0,3,167,0,170,70,0,70,240
03/13/2022,SMO,CA,AWP,WE,Towers with Radar,0,9,14,0,23,0,4,112,0,116,0,13,126,0,139,86,0,86,225
03/14/2022,SMO,CA,AWP,WE,Towers with Radar,0,9,5,0,14,0,5,85,0,90,0,14,90,0,104,119,0,119,223
03/15/2022,SMO,CA,AWP,WE,Towers with Radar,0,11,10,0,21,0,10,86,0,96,0,21,96,0,117,96,0,96,213
03/16/2022,SMO,CA,AWP,WE,Towers with Radar,0,8,15,0,23,0,4,109,0,113,0,12,124,0,136,111,0,111,247
03/17/2022,SMO,CA,AWP,WE,Towers with Radar,0,10,14,0,24,0,4,111,0,115,0,14,125,0,139,232,0,232,371
03/18/2022,SMO,CA,AWP,WE,Towers with Radar,0,14,25,0,39,0,0,128,3,131,0,14,153,3,170,109,0,109,279
03/19/2022,SMO,CA,AWP,WE,Towers with Radar,0,8,19,0,27,0,1,82,0,83,0,9,101,0,110,50,0,50,160
03/20/2022,SMO,CA,AWP,WE,Towers with Radar,0,18,24,0,42,0,4,61,0,65,0,22,85,0,107,8,0,8,115
03/21/2022,SMO,CA,AWP,WE,Towers with Radar,0,2,6,0,8,0,0,97,0,97,0,2,103,0,105,120,0,120,225
03/22/2022,SMO,CA,AWP,WE,Towers with Radar,0,9,10,0,19,0,5,154,0,159,0,14,164,0,178,123,0,123,301
03/23/2022,SMO,CA,AWP,WE,Towers with Radar,0,17,17,0,34,0,1,156,0,157,0,18,173,0,191,85,0,85,276
03/24/2022,SMO,CA,AWP,WE,Towers with Radar,0,14,23,0,37,0,0,85,0,85,0,14,108,0,122,109,0,109,231
03/25/2022,SMO,CA,AWP,WE,Towers with Radar,0,10,27,0,37,0,5,87,0,92,0,15,114,0,129,34,0,34,163
03/26/2022,SMO,CA,AWP,WE,Towers with Radar,0,8,25,0,33,0,0,96,0,96,0,8,121,0,129,39,0,39,168
03/27/2022,SMO,CA,AWP,WE,Towers with Radar,0,9,23,0,32,0,4,89,0,93,0,13,112,0,125,88,0,88,213
03/28/2022,SMO,CA,AWP,WE,Towers with Radar,0,1,11,0,12,0,0,2,0,2,0,1,13,0,14,23,0,23,37
03/29/2022,SMO,CA,AWP,WE,Towers with Radar,0,6,23,0,29,0,0,114,0,114,0,6,137,0,143,137,0,137,280
03/30/2022,SMO,CA,AWP,WE,Towers with Radar,0,4,28,0,32,0,1,78,0,79,0,5,106,0,111,58,0,58,169
03/31/2022,SMO,CA,AWP,WE,Towers with Radar,0,4,51,0,55,0,0,44,0,44,0,4,95,0,99,211,0,211,310
04/01/2022,SMO,CA,AWP,WE,Towers with Radar,0,11,20,0,31,0,1,100,0,101,0,12,120,0,132,64,0,64,196
04/02/2022,SMO,CA,AWP,WE,Towers with Radar,0,17,49,0,66,0,3,56,0,59,0,20,105,0,125,79,0,79,204
04/03/2022,SMO,CA,AWP,WE,Towers with Radar,0,4,35,0,39,0,2,70,0,72,0,6,105,0,111,123,0,123,234
04/04/2022,SMO,CA,AWP,WE,Towers with Radar,0,0,16,0,16,0,4,89,1,94,0,4,105,1,110,48,0,48,158
04/05/2022,SMO,CA,AWP,WE,Towers with Radar,0,6,3,0,9,0,5,95,0,100,0,11,98,0,109,86,0,86,195
04/06/2022,SMO,CA,AWP,WE,Towers with Radar,0,9,23,0,32,0,5,126,0,131,0,14,149,0,163,143,0,143,306
04/07/2022,SMO,CA,AWP,WE,Towers with Radar,0,5,18,0,23,0,1,121,0,122,0,6,139,0,145,120,0,120,265
04/08/2022,SMO,CA,AWP,WE,Towers with Radar,0,8,10,0,18,0,3,140,0,143,0,11,150,0,161,125,0,125,286
04/09/2022,SMO,CA,AWP,WE,Towers with Radar,0,4,21,0,25,0,1,139,0,140,0,5,160,0,165,54,0,54,219
04/10/2022,SMO,CA,AWP,WE,Towers with Radar,0,5,28,0,33,0,0,1,0,1,0,5,29,0,34,0,0,0,34
04/11/2022,SMO,CA,AWP,WE,Towers with Radar,0,9,18,0,27,0,2,36,0,38,0,11,54,0,65,43,0,43,108
04/12/2022,SMO,CA,AWP,WE,Towers with Radar,0,1,13,0,14,0,0,57,0,57,0,1,70,0,71,0,0,0,71
04/13/2022,SMO,CA,AWP,WE,Towers with Radar,0,5,18,0,23,0,3,92,0,95,0,8,110,0,118,113,0,113,231
04/14/2022,SMO,CA,AWP,WE,Towers with Radar,0,7,16,0,23,0,9,152,0,161,0,16,168,0,184,122,0,122,306
04/15/2022,SMO,CA,AWP,WE,Towers with Radar,0,12,28,0,40,0,1,146,0,147,0,13,174,0,187,126,0,126,313
04/16/2022,SMO,CA,AWP,WE,Towers with Radar,0,5,20,0,25,0,2,68,0,70,0,7,88,0,95,53,0,53,148
04/17/2022,SMO,CA,AWP,WE,Towers with Radar,0,10,16,0,26,0,3,143,0,146,0,13,159,0,172,86,0,86,258
04/18/2022,SMO,CA,AWP,WE,Towers with Radar,0,9,34,0,43,0,9,99,0,108,0,18,133,0,151,136,0,136,287
04/19/2022,SMO,CA,AWP,WE,Towers with Radar,0,19,24,0,43,0,1,151,0,152,0,20,175,0,195,107,0,107,302
04/20/2022,SMO,CA,AWP,WE,Towers with Radar,0,14,24,0,38,0,1,89,0,90,0,15,113,0,128,226,0,226,354
04/21/2022,SMO,CA,AWP,WE,Towers with Radar,0,16,45,0,61,0,7,69,0,76,0,23,114,0,137,63,0,63,200
04/22/2022,SMO,CA,AWP,WE,Towers with Radar,0,12,26,0,38,0,2,68,0,70,0,14,94,0,108,114,0,114,222
04/23/2022,SMO,CA,AWP,WE,Towers with Radar,0,6,19,0,25,0,2,150,0,152,0,8,169,0,177,136,0,136,313
04/24/2022,SMO,CA,AWP,WE,Towers with Radar,0,4,24,0,28,0,0,121,0,121,0,4,145,0,149,130,0,130,279
04/25/2022,SMO,CA,AWP,WE,Towers with Radar,0,6,19,0,25,0,5,114,0,119,0,11,133,0,144,174,0,174,318
04/26/2022,SMO,CA,AWP,WE,Towers with Radar,0,1,18,0,19,0,6,100,0,106,0,7,118,0,125,222,0,222,347
04/27/2022,SMO,CA,AWP,WE,Towers with Radar,0,16,29,0,45,0,2,87,0,89,0,18,116,0,134,217,0,217,351
04/28/2022,SMO,CA,AWP,WE,Towers with Radar,0,14,27,0,41,0,2,65,2,69,0,16,92,2,110,216,0,216,326
04/29/2022,SMO,CA,AWP,WE,Towers with Radar,0,18,17,0,35,0,0,124,0,124,0,18,141,0,159,123,0,123,282
04/30/2022,SMO,CA,AWP,WE,Towers with Radar,0,9,14,0,23,0,0,129,0,129,0,9,143,0,152,66,0,66,218
05/01/2022,SMO,CA,AWP,WE,Towers with Radar,0,11,32,0,43,0,2,92,0,94,0,13,124,0,137,48,0,48,185
05/02/2022,SMO,CA,AWP,WE,Towers with Radar,0,10,31,0,41,0,6,80,0,86,0,16,111,0,127,80,0,80,207
05/03/2022,SMO,CA,AWP,WE,Towers with Radar,0,17,25,0,42,0,2,81,0,83,0,19,106,0,125,236,0,236,361
05/04/2022,SMO,CA,AWP,WE,Towers with Radar,0,12,29,0,41,0,2,105,0,107,0,14,134,0,148,120,0,120,268
05/05/2022,SMO,CA,AWP,WE,Towers with Radar,0,11,26,0,37,0,0,53,0,53,0,11,79,0,90,50,0,50,140
05/06/2022,SMO,CA,AWP,WE,Towers with Radar,0,9,22,0,31,0,0,127,0,127,0,9,149,0,158,143,0,143,301
05/07/2022,SMO,CA,AWP,WE,Towers with Radar,0,8,23,0,31,0,0,141,0,141,0,8,164,0,172,91,0,91,263
05/08/2022,SMO,CA,AWP,WE,Towers with Radar,0,9,22,0,31,0,1,116,0,117,0,10,138,0,148,177,0,177,325
05/09/2022,SMO,CA,AWP,WE,Towers with Radar,0,8,10,0,18,0,2,106,0,108,0,10,116,0,126,102,0,102,228
05/10/2022,SMO,CA,AWP,WE,Towers with Radar,0,12,15,0,27,0,1,109,0,110,0,13,124,0,137,84,0,84,221
05/11/2022,SMO,CA,AWP,WE,Towers with Radar,0,5,21,0,26,0,4,94,2,100,0,9,115,2,126,77,0,77,203
05/12/2022,SMO,CA,AWP,WE,Towers with Radar,0,5,22,0,27,0,0,127,0,127,0,5,149,0,154,155,0,155,309
05/13/2022,SMO,CA,AWP,WE,Towers with Radar,0,10,19,0,29,0,1,127,0,128,0,11,146,0,157,111,0,111,268
05/14/2022,SMO,CA,AWP,WE,Towers with Radar,0,9,14,0,23,0,0,162,0,162,0,9,176,0,185,120,0,120,305
05/15/2022,SMO,CA,AWP,WE,Towers with Radar,0,4,18,0,22,0,2,168,0,170,0,6,186,0,192,113,0,113,305
05/16/2022,SMO,CA,AWP,WE,Towers with Radar,0,6,15,0,21,0,9,93,0,102,0,15,108,0,123,120,0,120,243
05/17/2022,SMO,CA,AWP,WE,Towers with Radar,0,13,29,1,43,0,2,74,0,76,0,15,103,1,119,104,0,104,223
05/18/2022,SMO,CA,AWP,WE,Towers with Radar,0,10,39,0,49,0,4,75,0,79,0,14,114,0,128,77,0,77,205
05/19/2022,SMO,CA,AWP,WE,Towers with Radar,0,7,53,0,60,0,0,1,0,1,0,7,54,0,61,0,0,0,61
05/20/2022,SMO,CA,AWP,WE,Towers with Radar,0,15,58,0,73,0,3,5,0,8,0,18,63,0,81,87,0,87,168
05/21/2022,SMO,CA,AWP,WE,Towers with Radar,0,3,32,0,35,0,5,93,0,98,0,8,125,0,133,82,0,82,215
05/22/2022,SMO,CA,AWP,WE,Towers with Radar,0,7,27,0,34,0,1,77,0,78,0,8,104,0,112,4,1,5,117
05/23/2022,SMO,CA,AWP,WE,Towers with Radar,0,8,30,0,38,0,4,29,0,33,0,12,59,0,71,6,0,6,77
05/24/2022,SMO,CA,AWP,WE,Towers with Radar,0,8,38,0,46,0,0,43,1,44,0,8,81,1,90,13,0,13,103
05/25/2022,SMO,CA,AWP,WE,Towers with Radar,0,17,47,0,64,0,0,27,0,27,0,17,74,0,91,12,0,12,103
05/26/2022,SMO,CA,AWP,WE,Towers with Radar,0,7,13,0,20,0,4,105,0,109,0,11,118,0,129,75,0,75,204
05/27/2022,SMO,CA,AWP,WE,Towers with Radar,0,13,22,0,35,0,0,118,0,118,0,13,140,0,153,117,0,117,270
05/28/2022,SMO,CA,AWP,WE,Towers with Radar,0,7,39,0,46,0,1,56,0,57,0,8,95,0,103,90,0,90,193
05/29/2022,SMO,CA,AWP,WE,Towers with Radar,0,2,18,0,20,0,3,86,0,89,0,5,104,0,109,61,0,61,170
05/30/2022,SMO,CA,AWP,WE,Towers with Radar,0,4,20,0,24,0,5,134,2,141,0,9,154,2,165,49,0,49,214
05/31/2022,SMO,CA,AWP,WE,Towers with Radar,0,11,17,0,28,0,1,130,0,131,0,12,147,0,159,245,0,245,404
06/01/2022,SMO,CA,AWP,WE,Towers with Radar,0,6,13,0,19,0,0,142,0,142,0,6,155,0,161,145,0,145,306
06/02/2022,SMO,CA,AWP,WE,Towers with Radar,0,7,25,0,32,0,0,69,0,69,0,7,94,0,101,24,0,24,125
06/03/2022,SMO,CA,AWP,WE,Towers with Radar,0,11,47,0,58,0,0,35,0,35,0,11,82,0,93,34,0,34,127
06/04/2022,SMO,CA,AWP,WE,Towers with Radar,0,11,30,0,41,0,1,33,0,34,0,12,63,0,75,32,0,32,107
06/05/2022,SMO,CA,AWP,WE,Towers with Radar,0,8,9,0,17,0,3,82,0,85,0,11,91,0,102,95,0,95,197
06/06/2022,SMO,CA,AWP,WE,Towers with Radar,0,7,23,0,30,0,6,91,3,100,0,13,114,3,130,26,0,26,156
06/07/2022,SMO,CA,AWP,WE,Towers with Radar,0,11,45,0,56,0,4,23,0,27,0,15,68,0,83,0,0,0,83
06/08/2022,SMO,CA,AWP,WE,Towers with Radar,0,8,22,0,30,0,0,0,0,0,0,8,22,0,30,0,0,0,30
06/09/2022,SMO,CA,AWP,WE,Towers with Radar,0,0,0,0,0,0,4,0,2,6,0,4,0,2,6,0,0,0,6
06/10/2022,SMO,CA,AWP,WE,Towers with Radar,0,2,3,0,5,0,0,2,0,2,0,2,5,0,7,0,0,0,7
06/11/2022,SMO,CA,AWP,WE,Towers with Radar,0,0,22,0,22,0,1,56,0,57,0,1,78,0,79,0,0,0,79
06/12/2022,SMO,CA,AWP,WE,Towers with Radar,0,3,22,0,25,0,1,69,0,70,0,4,91,0,95,28,0,28,123
06/13/2022,SMO,CA,AWP,WE,Towers with Radar,0,7,20,0,27,0,2,103,0,105,0,9,123,0,132,58,0,58,190
06/14/2022,SMO,CA,AWP,WE,Towers with Radar,0,4,12,0,16,0,2,138,0,140,0,6,150,0,156,130,0,130,286
06/15/2022,SMO,CA,AWP,WE,Towers with Radar,0,9,25,0,34,1,8,53,2,64,1,17,78,2,98,97,0,97,195
06/16/2022,SMO,CA,AWP,WE,Towers with Radar,0,12,34,0,46,0,0,23,0,23,0,12,57,0,69,20,0,20,89
06/17/2022,SMO,CA,AWP,WE,Towers with Radar,0,9,32,0,41,0,5,100,0,105,0,14,132,0,146,172,0,172,318
06/18/2022,SMO,CA,AWP,WE,Towers with Radar,0,5,24,0,29,0,1,135,0,136,0,6,159,0,165,82,0,82,247
06/19/2022,SMO,CA,AWP,WE,Towers with Radar,0,8,12,0,20,0,2,179,0,181,0,10,191,0,201,52,0,52,253
06/20/2022,SMO,CA,AWP,WE,Towers with Radar,0,6,16,0,22,0,7,166,0,173,0,13,182,0,195,115,0,115,310
06/21/2022,SMO,CA,AWP,WE,Towers with Radar,0,2,9,0,11,0,4,111,0,115,0,6,120,0,126,133,0,133,259
06/22/2022,SMO,CA,AWP,WE,Towers with Radar,0,4,22,0,26,0,0,78,0,78,0,4,100,0,104,86,0,86,190
06/23/2022,SMO,CA,AWP,WE,Towers with Radar,0,1,24,0,25,0,4,111,0,115,0,5,135,0,140,98,0,98,238
06/24/2022,SMO,CA,AWP,WE,Towers with Radar,0,7,17,0,24,0,4,96,0,100,0,11,113,0,124,67,0,67,191
06/25/2022,SMO,CA,AWP,WE,Towers with Radar,0,1,13,0,14,0,1,130,0,131,0,2,143,0,145,117,0,117,262
06/26/2022,SMO,CA,AWP,WE,Towers with Radar,0,10,19,0,29,0,6,118,0,124,0,16,137,0,153,23,0,23,176
06/27/2022,SMO,CA,AWP,WE,Towers with Radar,0,12,24,0,36,0,6,129,0,135,0,18,153,0,171,82,0,82,253
06/28/2022,SMO,CA,AWP,WE,Towers with Radar,0,4,18,1,23,0,1,137,0,138,0,5,155,1,161,131,0,131,292
06/29/2022,SMO,CA,AWP,WE,Towers with Radar,0,10,14,0,24,0,5,101,0,106,0,15,115,0,130,76,0,76,206
06/30/2022,SMO,CA,AWP,WE,Towers with Radar,0,11,19,0,30,0,0,125,0,125,0,11,144,0,155,172,0,172,327
07/01/2022,SMO,CA,AWP,WE,Towers with Radar,0,4,16,0,20,0,5,130,0,135,0,9,146,0,155,149,0,149,304
07/02/2022,SMO,CA,AWP,WE,Towers with Radar,0,1,12,0,13,0,2,136,0,138,0,3,148,0,151,36,0,36,187
07/03/2022,SMO,CA,AWP,WE,Towers with Radar,0,2,9,0,11,0,2,103,0,105,0,4,112,0,116,38,0,38,154
07/04/2022,SMO,CA,AWP,WE,Towers with Radar,0,0,12,0,12,0,2,53,0,55,0,2,65,0,67,30,0,30,97
07/05/2022,SMO,CA,AWP,WE,Towers with Radar,1,4,22,0,27,0,2,64,0,66,1,6,86,0,93,99,0,99,192
07/06/2022,SMO,CA,AWP,WE,Towers with Radar,0,4,12,0,16,0,0,0,0,0,0,4,12,0,16,0,0,0,16
07/07/2022,SMO,CA,AWP,WE,Towers with Radar,0,7,11,0,18,0,7,126,0,133,0,14,137,0,151,162,0,162,313
07/08/2022,SMO,CA,AWP,WE,Towers with Radar,0,3,25,0,28,0,1,114,0,115,0,4,139,0,143,90,0,90,233
07/09/2022,SMO,CA,AWP,WE,Towers with Radar,0,3,33,0,36,0,7,69,0,76,0,10,102,0,112,0,0,0,112
07/10/2022,SMO,CA,AWP,WE,Towers with Radar,0,6,15,0,21,0,1,122,0,123,0,7,137,0,144,50,0,50,194
07/11/2022,SMO,CA,AWP,WE,Towers with Radar,0,2,35,0,37,0,2,29,0,31,0,4,64,0,68,2,0,2,70
07/12/2022,SMO,CA,AWP,WE,Towers with Radar,0,5,33,0,38,0,0,75,0,75,0,5,108,0,113,46,0,46,159
07/13/2022,SMO,CA,AWP,WE,Towers with Radar,0,14,41,0,55,0,0,62,0,62,0,14,103,0,117,18,0,18,135
07/14/2022,SMO,CA,AWP,WE,Towers with Radar,0,3,18,0,21,0,1,79,0,80,0,4,97,0,101,79,0,79,180
07/15/2022,SMO,CA,AWP,WE,Towers with Radar,0,10,27,0,37,0,3,55,0,58,0,13,82,0,95,0,0,0,95
07/16/2022,SMO,CA,AWP,WE,Towers with Radar,0,2,13,0,15,0,5,52,0,57,0,7,65,0,72,10,0,10,82
07/17/2022,SMO,CA,AWP,WE,Towers with Radar,0,7,17,0,24,0,2,79,0,81,0,9,96,0,105,31,0,31,136
07/18/2022,SMO,CA,AWP,WE,Towers with Radar,0,2,12,0,14,0,3,87,0,90,0,5,99,0,104,132,0,132,236
07/19/2022,SMO,CA,AWP,WE,Towers with Radar,0,7,10,0,17,0,6,93,0,99,0,13,103,0,116,76,0,76,192
07/20/2022,SMO,CA,AWP,WE,Towers with Radar,0,23,17,0,40,0,5,97,0,102,0,28,114,0,142,106,0,106,248
07/21/2022,SMO,CA,AWP,WE,Towers with Radar,0,10,13,0,23,0,6,99,0,105,0,16,112,0,128,92,0,92,220
07/22/2022,SMO,CA,AWP,WE,Towers with Radar,0,7,18,0,25,0,3,123,0,126,0,10,141,0,151,93,2,95,246
07/23/2022,SMO,CA,AWP,WE,Towers with Radar,0,6,28,0,34,0,1,75,0,76,0,7,103,0,110,55,0,55,165
07/24/2022,SMO,CA,AWP,WE,Towers with Radar,0,11,31,0,42,0,7,45,0,52,0,18,76,0,94,45,0,45,139
07/25/2022,SMO,CA,AWP,WE,Towers with Radar,0,7,26,0,33,0,2,45,0,47,0,9,71,0,80,22,0,22,102
07/26/2022,SMO,CA,AWP,WE,Towers with Radar,0,9,32,0,41,0,3,54,0,57,0,12,86,0,98,23,0,23,121
07/27/2022,SMO,CA,AWP,WE,Towers with Radar,0,7,15,0,22,0,0,85,0,85,0,7,100,0,107,15,0,15,122
07/28/2022,SMO,CA,AWP,WE,Towers with Radar,0,13,21,0,34,0,2,100,2,104,0,15,121,2,138,148,0,148,286
07/29/2022,SMO,CA,AWP,WE,Towers with Radar,0,9,15,1,25,0,0,118,0,118,0,9,133,1,143,214,0,214,357
07/30/2022,SMO,CA,AWP,WE,Towers with Radar,0,7,7,0,14,0,6,116,0,122,0,13,123,0,136,120,0,120,256
07/31/2022,SMO,CA,AWP,WE,Towers with Radar,0,4,14,0,18,0,0,123,0,123,0,4,137,0,141,96,0,96,237
08/01/2022,SMO,CA,AWP,WE,Towers with Radar,0,2,12,0,14,0,0,102,0,102,0,2,114,0,116,75,0,75,191
08/02/2022,SMO,CA,AWP,WE,Towers with Radar,0,7,21,0,28,0,6,95,1,102,0,13,116,1,130,102,0,102,232
08/03/2022,SMO,CA,AWP,WE,Towers with Radar,0,13,15,0,28,0,3,107,0,110,0,16,122,0,138,65,0,65,203
08/04/2022,SMO,CA,AWP,WE,Towers with Radar,0,0,14,0,14,0,0,88,0,88,0,0,102,0,102,134,0,134,236
08/05/2022,SMO,CA,AWP,WE,Towers with Radar,0,10,19,0,29,0,1,116,0,117,0,11,135,0,146,127,0,127,273
08/06/2022,SMO,CA,AWP,WE,Towers with Radar,0,5,9,0,14,0,2,109,0,111,0,7,118,0,125,74,0,74,199
08/07/2022,SMO,CA,AWP,WE,Towers with Radar,0,9,8,0,17,0,1,125,0,126,0,10,133,0,143,100,0,100,243
08/08/2022,SMO,CA,AWP,WE,Towers with Radar,0,11,19,0,30,0,0,99,0,99,0,11,118,0,129,68,0,68,197
08/09/2022,SMO,CA,AWP,WE,Towers with Radar,0,2,19,0,21,0,2,118,0,120,0,4,137,0,141,93,0,93,234
08/10/2022,SMO,CA,AWP,WE,Towers with Radar,0,8,11,0,19,0,2,93,2,97,0,10,104,2,116,146,0,146,262
08/11/2022,SMO,CA,AWP,WE,Towers with Radar,0,9,7,0,16,0,0,98,0,98,0,9,105,0,114,438,0,438,552
08/12/2022,SMO,CA,AWP,WE,Towers with Radar,0,5,18,0,23,0,1,143,0,144,0,6,161,0,167,135,0,135,302
08/13/2022,SMO,CA,AWP,WE,Towers with Radar,0,1,7,0,8,0,4,137,0,141,0,5,144,0,149,97,0,97,246
08/14/2022,SMO,CA,AWP,WE,Towers with Radar,0,4,18,0,22,0,1,97,0,98,0,5,115,0,120,53,0,53,173
08/15/2022,SMO,CA,AWP,WE,Towers with Radar,0,6,17,0,23,0,4,99,0,103,0,10,116,0,126,58,0,58,184
08/16/2022,SMO,CA,AWP,WE,Towers with Radar,0,10,23,0,33,0,4,115,0,119,0,14,138,0,152,127,0,127,279
08/17/2022,SMO,CA,AWP,WE,Towers with Radar,0,13,19,0,32,0,1,123,1,125,0,14,142,1,157,176,0,176,333
08/18/2022,SMO,CA,AWP,WE,Towers with Radar,0,6,33,0,39,0,5,41,0,46,0,11,74,0,85,0,0,0,85
08/19/2022,SMO,CA,AWP,WE,Towers with Radar,0,6,11,0,17,0,1,102,0,103,0,7,113,0,120,160,0,160,280
08/20/2022,SMO,CA,AWP,WE,Towers with Radar,0,5,29,0,34,0,4,90,0,94,0,9,119,0,128,66,0,66,194
08/21/2022,SMO,CA,AWP,WE,Towers with Radar,0,8,25,0,33,0,0,99,0,99,0,8,124,0,132,77,0,77,209
08/22/2022,SMO,CA,AWP,WE,Towers with Radar,0,11,27,0,38,0,2,43,0,45,0,13,70,0,83,0,0,0,83
08/23/2022,SMO,CA,AWP,WE,Towers with Radar,0,11,26,0,37,0,4,65,0,69,0,15,91,0,106,0,0,0,106
08/24/2022,SMO,CA,AWP,WE,Towers with Radar,0,16,22,0,38,0,5,146,0,151,0,21,168,0,189,115,0,115,304
08/25/2022,SMO,CA,AWP,WE,Towers with Radar,0,3,17,0,20,0,2,120,0,122,0,5,137,0,142,47,0,47,189
08/26/2022,SMO,CA,AWP,WE,Towers with Radar,1,15,49,0,65,0,0,83,1,84,1,15,132,1,149,54,0,54,203
08/27/2022,SMO,CA,AWP,WE,Towers with Radar,0,11,37,1,49,0,0,97,0,97,0,11,134,1,146,34,0,34,180
08/28/2022,SMO,CA,AWP,WE,Towers with Radar,0,8,31,0,39,0,0,92,0,92,0,8,123,0,131,86,0,86,217
08/29/2022,SMO,CA,AWP,WE,Towers with Radar,0,12,16,0,28,0,5,90,0,95,0,17,106,0,123,73,0,73,196
08/30/2022,SMO,CA,AWP,WE,Towers with Radar,0,10,13,0,23,0,2,132,2,136,0,12,145,2,159,154,2,156,315
08/31/2022,SMO,CA,AWP,WE,Towers with Radar,0,8,6,0,14,0,2,117,0,119,0,10,123,0,133,209,0,209,342
09/01/2022,SMO,CA,AWP,WE,Towers with Radar,0,16,12,0,28,0,6,110,0,116,0,22,122,0,144,42,0,42,186
09/02/2022,SMO,CA,AWP,WE,Towers with Radar,0,12,9,0,21,0,6,115,0,121,0,18,124,0,142,149,0,149,291
09/03/2022,SMO,CA,AWP,WE,Towers with Radar,0,16,15,0,31,0,0,124,0,124,0,16,139,0,155,102,0,102,257
09/04/2022,SMO,CA,AWP,WE,Towers with Radar,0,6,9,0,15,0,3,61,0,64,0,9,70,0,79,45,0,45,124
09/05/2022,SMO,CA,AWP,WE,Towers with Radar,0,8,23,0,31,0,1,90,0,91,0,9,113,0,122,129,0,129,251
09/06/2022,SMO,CA,AWP,WE,Towers with Radar,0,7,9,0,16,0,0,88,0,88,0,7,97,0,104,40,0,40,144
09/07/2022,SMO,CA,AWP,WE,Towers with Radar,0,3,15,0,18,0,4,96,0,100,0,7,111,0,118,95,0,95,213
09/08/2022,SMO,CA,AWP,WE,Towers with Radar,0,3,11,0,14,0,3,60,0,63,0,6,71,0,77,113,0,113,190
09/09/2022,SMO,CA,AWP,WE,Towers with Radar,0,2,13,0,15,0,5,31,0,36,0,7,44,0,51,4,0,4,55
09/10/2022,SMO,CA,AWP,WE,Towers with Radar,0,0,12,0,12,0,0,29,0,29,0,0,41,0,41,14,0,14,55
09/11/2022,SMO,CA,AWP,WE,Towers with Radar,0,9,21,0,30,0,9,49,0,58,0,18,70,0,88,0,0,0,88
09/12/2022,SMO,CA,AWP,WE,Towers with Radar,0,6,19,0,25,0,6,72,2,80,0,12,91,2,105,56,0,56,161
09/13/2022,SMO,CA,AWP,WE,Towers with Radar,0,5,20,0,25,0,3,118,0,121,0,8,138,0,146,104,0,104,250
09/14/2022,SMO,CA,AWP,WE,Towers with Radar,0,11,22,0,33,0,4,97,0,101,0,15,119,0,134,124,0,124,258
09/15/2022,SMO,CA,AWP,WE,Towers with Radar,0,20,26,0,46,0,5,100,0,105,0,25,126,0,151,113,0,113,264
09/16/2022,SMO,CA,AWP,WE,Towers with Radar,0,10,21,0,31,0,0,116,0,116,0,10,137,0,147,86,0,86,233
09/17/2022,SMO,CA,AWP,WE,Towers with Radar,0,7,24,0,31,0,0,45,0,45,0,7,69,0,76,93,0,93,169
09/18/2022,SMO,CA,AWP,WE,Towers with Radar,0,8,42,0,50,0,1,67,0,68,0,9,109,0,118,58,0,58,176
09/19/2022,SMO,CA,AWP,WE,Towers with Radar,0,9,21,0,30,0,0,94,0,94,0,9,115,0,124,68,0,68,192
09/20/2022,SMO,CA,AWP,WE,Towers with Radar,0,9,25,1,35,0,2,102,0,104,0,11,127,1,139,64,0,64,203
09/21/2022,SMO,CA,AWP,WE,Towers with Radar,0,7,17,0,24,0,0,110,0,110,0,7,127,0,134,45,0,45,179
09/22/2022,SMO,CA,AWP,WE,Towers with Radar,0,11,30,0,41,0,4,94,0,98,0,15,124,0,139,56,0,56,195
09/23/2022,SMO,CA,AWP,WE,Towers with Radar,0,11,20,0,31,0,0,96,0,96,0,11,116,0,127,94,0,94,221
09/24/2022,SMO,CA,AWP,WE,Towers with Radar,0,6,15,1,22,0,0,99,0,99,0,6,114,1,121,63,0,63,184
09/25/2022,SMO,CA,AWP,WE,Towers with Radar,0,8,20,1,29,0,4,116,0,120,0,12,136,1,149,47,0,47,196
09/26/2022,SMO,CA,AWP,WE,Towers with Radar,0,8,13,1,22,0,8,119,0,127,0,16,132,1,149,64,0,64,213
09/27/2022,SMO,CA,AWP,WE,Towers with Radar,0,8,14,0,22,0,6,129,0,135,0,14,143,0,157,98,0,98,255
09/28/2022,SMO,CA,AWP,WE,Towers with Radar,0,9,14,0,23,0,7,106,0,113,0,16,120,0,136,72,0,72,208
09/29/2022,SMO,CA,AWP,WE,Towers with Radar,0,12,38,0,50,0,2,42,0,44,0,14,80,0,94,3,0,3,97
09/30/2022,SMO,CA,AWP,WE,Towers with Radar,0,11,21,0,32,0,2,89,0,91,0,13,110,0,123,64,0,64,187
10/01/2022,SMO,CA,AWP,WE,Towers with Radar,0,10,23,0,33,0,2,102,0,104,0,12,125,0,137,74,0,74,211
10/02/2022,SMO,CA,AWP,WE,Towers with Radar,0,10,26,0,36,0,7,111,0,118,0,17,137,0,154,89,0,89,243
10/03/2022,SMO,CA,AWP,WE,Towers with Radar,0,7,20,0,27,0,3,50,0,53,0,10,70,0,80,21,0,21,101
10/04/2022,SMO,CA,AWP,WE,Towers with Radar,0,19,21,0,40,0,6,88,0,94,0,25,109,0,134,37,0,37,171
10/05/2022,SMO,CA,AWP,WE,Towers with Radar,0,11,37,0,48,0,4,28,0,32,0,15,65,0,80,0,0,0,80
10/06/2022,SMO,CA,AWP,WE,Towers with Radar,0,15,62,0,77,0,0,1,0,1,0,15,63,0,78,0,0,0,78
10/07/2022,SMO,CA,AWP,WE,Towers with Radar,0,7,39,0,46,0,7,60,0,67,0,14,99,0,113,67,0,67,180
10/08/2022,SMO,CA,AWP,WE,Towers with Radar,0,5,21,0,26,0,2,36,0,38,0,7,57,0,64,2,0,2,66
10/09/2022,SMO,CA,AWP,WE,Towers with Radar,0,3,47,0,50,0,4,37,2,43,0,7,84,2,93,6,0,6,99
10/10/2022,SMO,CA,AWP,WE,Towers with Radar,0,8,35,0,43,0,0,58,0,58,0,8,93,0,101,93,0,93,194
10/11/2022,SMO,CA,AWP,WE,Towers with Radar,0,13,39,0,52,0,5,48,0,53,0,18,87,0,105,78,0,78,183
10/12/2022,SMO,CA,AWP,WE,Towers with Radar,0,5,14,0,19,0,5,23,10,38,0,10,37,10,57,18,0,18,75
10/13/2022,SMO,CA,AWP,WE,Towers with Radar,0,0,0,0,0,0,0,0,0,0,0,0,0,0,0,0,0,0,0
10/14/2022,SMO,CA,AWP,WE,Towers with Radar,0,5,17,0,22,0,5,9,0,14,0,10,26,0,36,9,0,9,45
10/15/2022,SMO,CA,AWP,WE,Towers with Radar,0,1,24,0,25,0,4,14,0,18,0,5,38,0,43,6,0,6,49
10/16/2022,SMO,CA,AWP,WE,Towers with Radar,0,9,23,0,32,0,4,113,0,117,0,13,136,0,149,98,0,98,247
10/17/2022,SMO,CA,AWP,WE,Towers with Radar,0,6,13,0,19,0,0,76,0,76,0,6,89,0,95,43,0,43,138
10/18/2022,SMO,CA,AWP,WE,Towers with Radar,0,5,14,0,19,0,3,101,0,104,0,8,115,0,123,84,0,84,207
10/19/2022,SMO,CA,AWP,WE,Towers with Radar,0,5,24,0,29,0,1,101,0,102,0,6,125,0,131,35,0,35,166
10/20/2022,SMO,CA,AWP,WE,Towers with Radar,0,2,26,0,28,0,2,99,0,101,0,4,125,0,129,73,0,73,202
10/21/2022,SMO,CA,AWP,WE,Towers with Radar,0,12,24,0,36,0,2,72,0,74,0,14,96,0,110,6,0,6,116
10/22/2022,SMO,CA,AWP,WE,Towers with Radar,0,7,37,0,44,0,4,53,0,57,0,11,90,0,101,86,0,86,187
10/23/2022,SMO,CA,AWP,WE,Towers with Radar,0,6,21,0,27,0,4,147,1,152,0,10,168,1,179,30,0,30,209
10/24/2022,SMO,CA,AWP,WE,Towers with Radar,0,4,17,0,21,0,0,83,0,83,0,4,100,0,104,109,0,109,213
10/25/2022,SMO,CA,AWP,WE,Towers with Radar,0,5,27,0,32,0,5,106,0,111,0,10,133,0,143,112,0,112,255
10/26/2022,SMO,CA,AWP,WE,Towers with Radar,0,11,25,0,36,0,3,103,0,106,0,14,128,0,142,65,2,67,209
10/27/2022,SMO,CA,AWP,WE,Towers with Radar,0,14,33,0,47,0,0,102,0,102,0,14,135,0,149,114,0,114,263
10/28/2022,SMO,CA,AWP,WE,Towers with Radar,0,9,16,0,25,0,0,2,0,2,0,9,18,0,27,0,0,0,27
10/29/2022,SMO,CA,AWP,WE,Towers with Radar,0,0,22,0,22,0,1,149,0,150,0,1,171,0,172,100,0,100,272
10/30/2022,SMO,CA,AWP,WE,Towers with Radar,0,1,10,0,11,0,4,133,0,137,0,5,143,0,148,43,0,43,191
10/31/2022,SMO,CA,AWP,WE,Towers with Radar,0,0,16,0,16,0,2,70,0,72,0,2,86,0,88,62,0,62,150
11/01/2022,SMO,CA,AWP,WE,Towers with Radar,0,14,51,0,65,0,4,40,0,44,0,18,91,0,109,21,1,22,131
11/02/2022,SMO,CA,AWP,WE,Towers with Radar,0,10,15,0,25,0,0,60,0,60,0,10,75,0,85,36,0,36,121
11/03/2022,SMO,CA,AWP,WE,Towers with Radar,0,5,27,0,32,0,3,61,1,65,0,8,88,1,97,52,0,52,149
11/04/2022,SMO,CA,AWP,WE,Towers with Radar,0,8,17,0,25,0,3,139,0,142,0,11,156,0,167,96,0,96,263
11/05/2022,SMO,CA,AWP,WE,Towers with Radar,0,8,35,0,43,0,2,139,0,141,0,10,174,0,184,66,0,66,250
11/06/2022,SMO,CA,AWP,WE,Towers with Radar,0,9,19,0,28,0,1,118,0,119,0,10,137,0,147,72,0,72,219
11/07/2022,SMO,CA,AWP,WE,Towers with Radar,0,2,21,0,23,0,0,5,0,5,0,2,26,0,28,0,0,0,28
11/08/2022,SMO,CA,AWP,WE,Towers with Radar,0,0,5,0,5,0,0,0,0,0,0,0,5,0,5,0,0,0,5
11/09/2022,SMO,CA,AWP,WE,Towers with Radar,0,6,20,0,26,0,0,77,0,77,0,6,97,0,103,79,0,79,182
11/10/2022,SMO,CA,AWP,WE,Towers with Radar,0,10,24,0,34,0,6,105,0,111,0,16,129,0,145,106,0,106,251
11/11/2022,SMO,CA,AWP,WE,Towers with Radar,0,11,19,0,30,0,4,131,0,135,0,15,150,0,165,107,0,107,272
11/12/2022,SMO,CA,AWP,WE,Towers with Radar,0,8,20,0,28,0,5,94,0,99,0,13,114,0,127,47,0,47,174
11/13/2022,SMO,CA,AWP,WE,Towers with Radar,0,7,22,0,29,0,3,99,0,102,0,10,121,0,131,20,0,20,151
11/14/2022,SMO,CA,AWP,WE,Towers with Radar,0,6,12,0,18,0,5,119,0,124,0,11,131,0,142,74,0,74,216
11/15/2022,SMO,CA,AWP,WE,Towers with Radar,0,5,22,0,27,0,3,107,0,110,0,8,129,0,137,35,0,35,172
11/16/2022,SMO,CA,AWP,WE,Towers with Radar,0,10,10,0,20,0,6,60,0,66,0,16,70,0,86,92,0,92,178
11/17/2022,SMO,CA,AWP,WE,Towers with Radar,0,10,16,0,26,0,0,111,2,113,0,10,127,2,139,78,0,78,217
11/18/2022,SMO,CA,AWP,WE,Towers with Radar,0,9,12,0,21,0,7,135,0,142,0,16,147,0,163,142,0,142,305
11/19/2022,SMO,CA,AWP,WE,Towers with Radar,0,6,13,0,19,0,4,55,0,59,0,10,68,0,78,72,0,72,150
11/20/2022,SMO,CA,AWP,WE,Towers with Radar,0,4,23,0,27,0,4,139,0,143,0,8,162,0,170,79,0,79,249
11/21/2022,SMO,CA,AWP,WE,Towers with Radar,0,8,14,0,22,0,5,92,0,97,0,13,106,0,119,84,0,84,203
11/22/2022,SMO,CA,AWP,WE,Towers with Radar,0,7,19,0,26,0,4,112,0,116,0,11,131,0,142,82,0,82,224
11/23/2022,SMO,CA,AWP,WE,Towers with Radar,0,5,25,0,30,0,3,106,0,109,0,8,131,0,139,118,0,118,257
11/24/2022,SMO,CA,AWP,WE,Towers with Radar,0,6,1,0,7,0,0,31,0,31,0,6,32,0,38,16,0,16,54
11/25/2022,SMO,CA,AWP,WE,Towers with Radar,0,0,13,0,13,0,0,83,0,83,0,0,96,0,96,74,0,74,170
11/26/2022,SMO,CA,AWP,WE,Towers with Radar,0,7,15,0,22,0,2,106,0,108,0,9,121,0,130,53,0,53,183
11/27/2022,SMO,CA,AWP,WE,Towers with Radar,0,4,17,0,21,0,0,2,0,2,0,4,19,0,23,0,0,0,23
11/28/2022,SMO,CA,AWP,WE,Towers with Radar,0,17,56,0,73,0,10,51,0,61,0,27,107,0,134,9,0,9,143
11/29/2022,SMO,CA,AWP,WE,Towers with Radar,0,8,18,0,26,0,3,73,0,76,0,11,91,0,102,60,0,60,162
11/30/2022,SMO,CA,AWP,WE,Towers with Radar,0,11,57,0,68,0,2,33,0,35,0,13,90,0,103,144,0,144,247
12/01/2022,SMO,CA,AWP,WE,Towers with Radar,0,8,29,0,37,0,5,13,0,18,0,13,42,0,55,115,2,117,172
12/02/2022,SMO,CA,AWP,WE,Towers with Radar,0,4,17,1,22,0,0,3,0,3,0,4,20,1,25,0,0,0,25
12/03/2022,SMO,CA,AWP,WE,Towers with Radar,0,0,13,0,13,0,3,98,0,101,0,3,111,0,114,71,0,71,185
12/04/2022,SMO,CA,AWP,WE,Towers with Radar,0,5,32,0,37,0,0,12,0,12,0,5,44,0,49,45,0,45,94
12/05/2022,SMO,CA,AWP,WE,Towers with Radar,0,9,22,0,31,0,0,68,0,68,0,9,90,0,99,25,0,25,124
12/06/2022,SMO,CA,AWP,WE,Towers with Radar,0,9,21,0,30,0,5,61,0,66,0,14,82,0,96,129,0,129,225
12/07/2022,SMO,CA,AWP,WE,Towers with Radar,0,12,33,0,45,0,6,94,0,100,0,18,127,0,145,85,0,85,230
12/08/2022,SMO,CA,AWP,WE,Towers with Radar,0,10,16,0,26,0,5,109,0,114,0,15,125,0,140,57,0,57,197
12/09/2022,SMO,CA,AWP,WE,Towers with Radar,0,11,27,0,38,0,8,124,0,132,0,19,151,0,170,68,0,68,238
12/10/2022,SMO,CA,AWP,WE,Towers with Radar,0,2,19,0,21,0,2,32,0,34,0,4,51,0,55,65,0,65,120
12/11/2022,SMO,CA,AWP,WE,Towers with Radar,0,7,5,0,12,0,0,14,0,14,0,7,19,0,26,0,0,0,26
12/12/2022,SMO,CA,AWP,WE,Towers with Radar,0,1,17,0,18,0,2,51,0,53,0,3,68,0,71,57,0,57,128
12/13/2022,SMO,CA,AWP,WE,Towers with Radar,0,3,12,0,15,0,6,123,0,129,0,9,135,0,144,70,0,70,214
12/14/2022,SMO,CA,AWP,WE,Towers with Radar,0,2,19,0,21,0,10,122,0,132,0,12,141,0,153,77,0,77,230
12/15/2022,SMO,CA,AWP,WE,Towers with Radar,0,6,13,0,19,0,0,94,0,94,0,6,107,0,113,48,4,52,165
12/16/2022,SMO,CA,AWP,WE,Towers with Radar,0,8,23,0,31,0,4,102,0,106,0,12,125,0,137,94,0,94,231
12/17/2022,SMO,CA,AWP,WE,Towers with Radar,0,9,14,0,23,0,3,98,0,101,0,12,112,0,124,55,0,55,179
12/18/2022,SMO,CA,AWP,WE,Towers with Radar,0,5,14,0,19,0,3,113,0,116,0,8,127,0,135,45,0,45,180
12/19/2022,SMO,CA,AWP,WE,Towers with Radar,0,2,22,0,24,0,0,67,0,67,0,2,89,0,91,55,0,55,146
12/20/2022,SMO,CA,AWP,WE,Towers with Radar,0,7,8,0,15,0,4,115,0,119,0,11,123,0,134,58,0,58,192
12/21/2022,SMO,CA,AWP,WE,Towers with Radar,0,9,19,0,28,0,3,122,0,125,0,12,141,0,153,52,0,52,205
12/22/2022,SMO,CA,AWP,WE,Towers with Radar,0,9,22,0,31,0,2,83,0,85,0,11,105,0,116,87,0,87,203
12/23/2022,SMO,CA,AWP,WE,Towers with Radar,0,2,14,0,16,0,1,73,0,74,0,3,87,0,90,26,0,26,116
12/24/2022,SMO,CA,AWP,WE,Towers with Radar,0,2,3,0,5,0,2,41,0,43,0,4,44,0,48,14,0,14,62
12/25/2022,SMO,CA,AWP,WE,Towers with Radar,0,5,3,0,8,0,3,15,0,18,0,8,18,0,26,2,0,2,28
12/26/2022,SMO,CA,AWP,WE,Towers with Radar,0,5,26,0,31,0,0,79,0,79,0,5,105,0,110,47,0,47,157
12/27/2022,SMO,CA,AWP,WE,Towers with Radar,0,3,13,0,16,0,0,20,0,20,0,3,33,0,36,45,0,45,81
12/28/2022,SMO,CA,AWP,WE,Towers with Radar,0,3,17,0,20,0,1,45,0,46,0,4,62,0,66,88,0,88,154
12/29/2022,SMO,CA,AWP,WE,Towers with Radar,0,9,17,0,26,0,1,12,2,15,0,10,29,2,41,17,0,17,58
12/30/2022,SMO,CA,AWP,WE,Towers with Radar,0,7,21,0,28,0,1,3,0,4,0,8,24,0,32,0,0,0,32
12/31/2022,SMO,CA,AWP,WE,Towers with Radar,0,0,8,0,8,0,0,0,0,0,0,0,8,0,8,0,0,0,8
01/01/2023,SMO,CA,AWP,WE,Towers with Radar,0,2,7,0,9,0,1,24,0,25,0,3,31,0,34,27,0,27,61
01/02/2023,SMO,CA,AWP,WE,Towers with Radar,0,0,14,0,14,0,2,44,0,46,0,2,58,0,60,77,0,77,137
01/03/2023,SMO,CA,AWP,WE,Towers with Radar,0,4,13,0,17,0,4,5,0,9,0,8,18,0,26,0,0,0,26
01/04/2023,SMO,CA,AWP,WE,Towers with Radar,0,2,7,0,9,0,0,0,0,0,0,2,7,0,9,0,0,0,9
01/05/2023,SMO,CA,AWP,WE,Towers with Radar,0,7,9,0,16,0,6,14,0,20,0,13,23,0,36,4,0,4,40
01/06/2023,SMO,CA,AWP,WE,Towers with Radar,0,11,12,0,23,0,5,126,0,131,0,16,138,0,154,93,0,93,247
01/07/2023,SMO,CA,AWP,WE,Towers with Radar,0,7,12,0,19,0,3,128,0,131,0,10,140,0,150,74,0,74,224
01/08/2023,SMO,CA,AWP,WE,Towers with Radar,0,4,22,0,26,0,3,77,0,80,0,7,99,0,106,70,0,70,176
01/09/2023,SMO,CA,AWP,WE,Towers with Radar,0,0,4,0,4,0,0,0,0,0,0,0,4,0,4,0,0,0,4
01/10/2023,SMO,CA,AWP,WE,Towers with Radar,0,5,10,0,15,0,1,7,0,8,0,6,17,0,23,9,0,9,32
01/11/2023,SMO,CA,AWP,WE,Towers with Radar,0,15,30,0,45,0,1,86,0,87,0,16,116,0,132,63,0,63,195
01/12/2023,SMO,CA,AWP,WE,Towers with Radar,0,16,19,0,35,0,10,94,0,104,0,26,113,0,139,66,0,66,205
01/13/2023,SMO,CA,AWP,WE,Towers with Radar,0,5,23,0,28,0,1,114,0,115,0,6,137,0,143,83,0,83,226
01/14/2023,SMO,CA,AWP,WE,Towers with Radar,0,1,5,0,6,0,0,0,0,0,0,1,5,0,6,2,0,2,8
01/15/2023,SMO,CA,AWP,WE,Towers with Radar,0,2,12,0,14,0,0,24,0,24,0,2,36,0,38,33,0,33,71
01/16/2023,SMO,CA,AWP,WE,Towers with Radar,0,8,16,0,24,0,4,16,0,20,0,12,32,0,44,18,0,18,62
01/17/2023,SMO,CA,AWP,WE,Towers with Radar,0,12,15,0,27,0,9,60,0,69,0,21,75,0,96,94,0,94,190
01/18/2023,SMO,CA,AWP,WE,Towers with Radar,0,9,14,0,23,0,7,99,0,106,0,16,113,0,129,72,0,72,201
01/19/2023,SMO,CA,AWP,WE,Towers with Radar,0,4,19,0,23,0,2,70,0,72,0,6,89,0,95,50,2,52,147
01/20/2023,SMO,CA,AWP,WE,Towers with Radar,0,10,12,0,22,0,2,137,0,139,0,12,149,0,161,156,0,156,317
01/21/2023,SMO,CA,AWP,WE,Towers with Radar,0,5,15,0,20,0,2,127,0,129,0,7,142,0,149,79,0,79,228
01/22/2023,SMO,CA,AWP,WE,Towers with Radar,0,8,19,0,27,0,0,112,0,112,0,8,131,0,139,56,0,56,195
01/23/2023,SMO,CA,AWP,WE,Towers with Radar,0,7,5,0,12,0,0,54,1,55,0,7,59,1,67,14,0,14,81
01/24/2023,SMO,CA,AWP,WE,Towers with Radar,0,11,11,0,22,0,5,84,0,89,0,16,95,0,111,65,0,65,176
01/25/2023,SMO,CA,AWP,WE,Towers with Radar,0,4,16,0,20,0,2,106,2,110,0,6,122,2,130,46,0,46,176
01/26/2023,SMO,CA,AWP,WE,Towers with Radar,0,7,9,0,16,0,2,49,0,51,0,9,58,0,67,84,0,84,151
01/27/2023,SMO,CA,AWP,WE,Towers with Radar,0,10,11,0,21,0,2,113,0,115,0,12,124,0,136,100,0,100,236
01/28/2023,SMO,CA,AWP,WE,Towers with Radar,0,6,19,0,25,0,0,139,0,139,0,6,158,0,164,43,0,43,207
01/29/2023,SMO,CA,AWP,WE,Towers with Radar,0,4,29,0,33,0,4,36,0,40,0,8,65,0,73,17,0,17,90
01/30/2023,SMO,CA,AWP,WE,Towers with Radar,0,1,15,0,16,0,1,25,0,26,0,2,40,0,42,28,0,28,70
01/31/2023,SMO,CA,AWP,WE,Towers with Radar,0,4,10,0,14,0,9,42,0,51,0,13,52,0,65,25,0,25,90
02/01/2023,SMO,CA,AWP,WE,Towers with Radar,0,3,17,0,20,0,0,123,0,123,0,3,140,0,143,111,0,111,254
02/02/2023,SMO,CA,AWP,WE,Towers with Radar,0,12,20,0,32,0,2,134,0,136,0,14,154,0,168,93,0,93,261
02/03/2023,SMO,CA,AWP,WE,Towers with Radar,0,9,15,0,24,0,1,132,0,133,0,10,147,0,157,100,0,100,257
02/04/2023,SMO,CA,AWP,WE,Towers with Radar,0,4,16,0,20,0,1,129,0,130,0,5,145,0,150,65,0,65,215
02/05/2023,SMO,CA,AWP,WE,Towers with Radar,0,5,21,0,26,0,2,49,0,51,0,7,70,0,77,32,0,32,109
02/06/2023,SMO,CA,AWP,WE,Towers with Radar,0,0,10,0,10,0,0,2,0,2,0,0,12,0,12,0,0,0,12
02/07/2023,SMO,CA,AWP,WE,Towers with Radar,0,8,24,0,32,0,0,91,0,91,0,8,115,0,123,63,0,63,186
02/08/2023,SMO,CA,AWP,WE,Towers with Radar,0,8,5,0,13,0,7,94,0,101,0,15,99,0,114,86,0,86,200
02/09/2023,SMO,CA,AWP,WE,Towers with Radar,0,6,22,0,28,0,4,81,0,85,0,10,103,0,113,42,0,42,155
02/10/2023,SMO,CA,AWP,WE,Towers with Radar,0,8,12,0,20,0,3,101,0,104,0,11,113,0,124,82,0,82,206
02/11/2023,SMO,CA,AWP,WE,Towers with Radar,0,5,26,0,31,0,0,67,0,67,0,5,93,0,98,22,0,22,120
02/12/2023,SMO,CA,AWP,WE,Towers with Radar,0,18,23,0,41,0,8,75,0,83,0,26,98,0,124,40,0,40,164
02/13/2023,SMO,CA,AWP,WE,Towers with Radar,0,9,22,0,31,0,3,71,0,74,0,12,93,0,105,39,0,39,144
02/14/2023,SMO,CA,AWP,WE,Towers with Radar,0,6,14,0,20,0,3,37,0,40,0,9,51,0,60,79,0,79,139
02/15/2023,SMO,CA,AWP,WE,Towers with Radar,0,5,11,0,16,0,8,62,0,70,0,13,73,0,86,32,0,32,118
02/16/2023,SMO,CA,AWP,WE,Towers with Radar,0,13,35,0,48,0,2,114,0,116,0,15,149,0,164,84,0,84,248
02/17/2023,SMO,CA,AWP,WE,Towers with Radar,0,14,16,0,30,0,6,124,0,130,0,20,140,0,160,80,0,80,240
02/18/2023,SMO,CA,AWP,WE,Towers with Radar,0,2,23,0,25,0,0,118,0,118,0,2,141,0,143,58,0,58,201
02/19/2023,SMO,CA,AWP,WE,Towers with Radar,0,1,12,0,13,0,2,105,0,107,0,3,117,0,120,26,0,26,146
02/20/2023,SMO,CA,AWP,WE,Towers with Radar,0,8,18,0,26,0,4,92,0,96,0,12,110,0,122,93,0,93,215
02/21/2023,SMO,CA,AWP,WE,Towers with Radar,0,6,31,0,37,0,2,38,0,40,0,8,69,0,77,30,0,30,107
02/22/2023,SMO,CA,AWP,WE,Towers with Radar,0,3,10,0,13,0,3,17,0,20,0,6,27,0,33,0,0,0,33
02/23/2023,SMO,CA,AWP,WE,Towers with Radar,0,0,9,0,9,0,0,12,0,12,0,0,21,0,21,5,0,5,26
02/24/2023,SMO,CA,AWP,WE,Towers with Radar,0,0,4,0,4,0,0,0,0,0,0,0,4,0,4,0,0,0,4
02/25/2023,SMO,CA,AWP,WE,Towers with Radar,0,1,4,0,5,0,0,0,0,0,0,1,4,0,5,0,0,0,5
02/26/2023,SMO,CA,AWP,WE,Towers with Radar,0,4,12,0,16,0,0,94,0,94,0,4,106,0,110,125,0,125,235
02/27/2023,SMO,CA,AWP,WE,Towers with Radar,0,1,16,0,17,0,0,14,0,14,0,1,30,0,31,4,0,4,35
02/28/2023,SMO,CA,AWP,WE,Towers with Radar,0,4,13,0,17,0,2,22,1,25,0,6,35,1,42,31,0,31,73
03/01/2023,SMO,CA,AWP,WE,Towers with Radar,0,3,11,0,14,0,0,7,0,7,0,3,18,0,21,0,0,0,21
03/02/2023,SMO,CA,AWP,WE,Towers with Radar,0,6,17,0,23,0,1,159,0,160,0,7,176,0,183,71,0,71,254
03/03/2023,SMO,CA,AWP,WE,Towers with Radar,0,12,15,0,27,0,6,155,0,161,0,18,170,0,188,157,0,157,345
03/04/2023,SMO,CA,AWP,WE,Towers with Radar,0,4,27,2,33,0,2,62,0,64,0,6,89,2,97,67,0,67,164
03/05/2023,SMO,CA,AWP,WE,Towers with Radar,0,3,20,0,23,0,0,25,0,25,0,3,45,0,48,56,0,56,104
03/06/2023,SMO,CA,AWP,WE,Towers with Radar,0,6,19,0,25,0,1,77,0,78,0,7,96,0,103,53,0,53,156
03/07/2023,SMO,CA,AWP,WE,Towers with Radar,0,9,10,0,19,0,0,105,0,105,0,9,115,0,124,43,0,43,167
03/08/2023,SMO,CA,AWP,WE,Towers with Radar,0,10,18,0,28,0,6,69,0,75,0,16,87,0,103,65,0,65,168
03/09/2023,SMO,CA,AWP,WE,Towers with Radar,0,16,29,0,45,0,16,132,0,148,0,32,161,0,193,107,0,107,300
03/10/2023,SMO,CA,AWP,WE,Towers with Radar,0,2,10,0,12,0,0,0,0,0,0,2,10,0,12,0,0,0,12
03/11/2023,SMO,CA,AWP,WE,Towers with Radar,0,0,14,0,14,0,0,0,0,0,0,0,14,0,14,0,0,0,14
03/12/2023,SMO,CA,AWP,WE,Towers with Radar,0,4,28,0,32,0,0,1,0,1,0,4,29,0,33,0,0,0,33
03/13/2023,SMO,CA,AWP,WE,Towers with Radar,0,8,31,0,39,0,1,7,0,8,0,9,38,0,47,4,0,4,51
03/14/2023,SMO,CA,AWP,WE,Towers with Radar,0,0,5,0,5,0,0,0,0,0,0,0,5,0,5,0,0,0,5
03/15/2023,SMO,CA,AWP,WE,Towers with Radar,0,6,18,0,24,0,0,8,0,8,0,6,26,0,32,6,0,6,38
03/16/2023,SMO,CA,AWP,WE,Towers with Radar,0,11,43,1,55,0,2,59,0,61,0,13,102,1,116,139,0,139,255
03/17/2023,SMO,CA,AWP,WE,Towers with Radar,0,11,11,2,24,0,2,114,4,120,0,13,125,6,144,79,0,79,223
03/18/2023,SMO,CA,AWP,WE,Towers with Radar,0,5,18,0,23,0,4,146,0,150,0,9,164,0,173,46,0,46,219
03/19/2023,SMO,CA,AWP,WE,Towers with Radar,0,10,40,0,50,0,7,54,0,61,0,17,94,0,111,26,0,26,137
03/20/2023,SMO,CA,AWP,WE,Towers with Radar,0,4,34,0,38,0,4,14,0,18,0,8,48,0,56,10,0,10,66
03/21/2023,SMO,CA,AWP,WE,Towers with Radar,0,0,3,0,3,0,0,0,0,0,0,0,3,0,3,0,0,0,3
03/22/2023,SMO,CA,AWP,WE,Towers with Radar,0,1,9,0,10,0,0,6,0,6,0,1,15,0,16,0,0,0,16
03/23/2023,SMO,CA,AWP,WE,Towers with Radar,0,7,25,0,32,0,4,65,0,69,0,11,90,0,101,58,0,58,159
03/24/2023,SMO,CA,AWP,WE,Towers with Radar,0,7,22,0,29,0,1,80,0,81,0,8,102,0,110,71,0,71,181
03/25/2023,SMO,CA,AWP,WE,Towers with Radar,0,4,22,0,26,0,5,165,0,170,0,9,187,0,196,82,0,82,278
03/26/2023,SMO,CA,AWP,WE,Towers with Radar,0,12,26,0,38,0,10,70,0,80,0,22,96,0,118,20,0,20,138
03/27/2023,SMO,CA,AWP,WE,Towers with Radar,0,5,16,0,21,0,2,118,2,122,0,7,134,2,143,46,0,46,189
03/28/2023,SMO,CA,AWP,WE,Towers with Radar,0,4,10,1,15,0,3,126,0,129,0,7,136,1,144,139,0,139,283
03/29/2023,SMO,CA,AWP,WE,Towers with Radar,0,6,22,0,28,0,0,21,0,21,0,6,43,0,49,48,0,48,97
03/30/2023,SMO,CA,AWP,WE,Towers with Radar,0,4,20,0,24,0,0,55,0,55,0,4,75,0,79,44,0,44,123
03/31/2023,SMO,CA,AWP,WE,Towers with Radar,0,14,12,0,26,0,0,118,0,118,0,14,130,0,144,96,0,96,240
04/01/2023,SMO,CA,AWP,WE,Towers with Radar,0,4,16,0,20,0,1,160,0,161,0,5,176,0,181,98,0,98,279
04/02/2023,SMO,CA,AWP,WE,Towers with Radar,0,8,12,0,20,0,5,86,0,91,0,13,98,0,111,12,0,12,123
04/03/2023,SMO,CA,AWP,WE,Towers with Radar,0,6,10,0,16,0,4,23,0,27,0,10,33,0,43,60,0,60,103
04/04/2023,SMO,CA,AWP,WE,Towers with Radar,0,1,20,0,21,0,8,68,0,76,0,9,88,0,97,40,0,40,137
04/05/2023,SMO,CA,AWP,WE,Towers with Radar,0,8,15,0,23,0,0,127,0,127,0,8,142,0,150,92,0,92,242
04/06/2023,SMO,CA,AWP,WE,Towers with Radar,0,11,22,0,33,0,1,108,4,113,0,12,130,4,146,146,0,146,292
04/07/2023,SMO,CA,AWP,WE,Towers with Radar,0,5,12,0,17,0,1,149,0,150,0,6,161,0,167,100,0,100,267
04/08/2023,SMO,CA,AWP,WE,Towers with Radar,0,4,27,0,31,0,1,113,0,114,0,5,140,0,145,60,0,60,205
04/09/2023,SMO,CA,AWP,WE,Towers with Radar,0,12,15,0,27,0,1,63,0,64,0,13,78,0,91,6,0,6,97
04/10/2023,SMO,CA,AWP,WE,Towers with Radar,0,10,27,0,37,0,4,20,0,24,0,14,47,0,61,5,0,5,66
04/11/2023,SMO,CA,AWP,WE,Towers with Radar,0,6,18,0,24,0,0,6,0,6,0,6,24,0,30,2,0,2,32
04/12/2023,SMO,CA,AWP,WE,Towers with Radar,0,6,60,0,66,0,0,10,0,10,0,6,70,0,76,49,0,49,125
04/13/2023,SMO,CA,AWP,WE,Towers with Radar,0,52,91,0,143,0,29,66,1,96,0,81,157,1,239,57,0,57,296
04/14/2023,SMO,CA,AWP,WE,Towers with Radar,0,25,26,0,51,0,1,116,0,117,0,26,142,0,168,162,0,162,330
04/15/2023,SMO,CA,AWP,WE,Towers with Radar,0,16,17,0,33,0,0,164,0,164,0,16,181,0,197,84,0,84,281
04/16/2023,SMO,CA,AWP,WE,Towers with Radar,0,12,56,0,68,0,2,47,0,49,0,14,103,0,117,0,0,0,117
04/17/2023,SMO,CA,AWP,WE,Towers with Radar,0,18,38,0,56,0,4,33,0,37,0,22,71,0,93,66,0,66,159
04/18/2023,SMO,CA,AWP,WE,Towers with Radar,0,10,27,0,37,0,0,84,0,84,0,10,111,0,121,106,0,106,227
04/19/2023,SMO,CA,AWP,WE,Towers with Radar,0,11,19,0,30,0,1,102,0,103,0,12,121,0,133,71,0,71,204
04/20/2023,SMO,CA,AWP,WE,Towers with Radar,0,18,9,0,27,0,3,157,0,160,0,21,166,0,187,158,0,158,345
04/21/2023,SMO,CA,AWP,WE,Towers with Radar,0,21,12,0,33,0,10,174,0,184,0,31,186,0,217,152,0,152,369
04/22/2023,SMO,CA,AWP,WE,Towers with Radar,0,12,26,0,38,0,2,120,0,122,0,14,146,0,160,125,0,125,285
04/23/2023,SMO,CA,AWP,WE,Towers with Radar,0,15,41,0,56,0,1,49,0,50,0,16,90,0,106,17,0,17,123
04/24/2023,SMO,CA,AWP,WE,Towers with Radar,0,16,29,0,45,0,2,23,0,25,0,18,52,0,70,39,0,39,109
04/25/2023,SMO,CA,AWP,WE,Towers with Radar,0,8,25,0,33,0,1,70,0,71,0,9,95,0,104,166,0,166,270
04/26/2023,SMO,CA,AWP,WE,Towers with Radar,0,10,45,0,55,0,1,55,0,56,0,11,100,0,111,0,0,0,111
04/27/2023,SMO,CA,AWP,WE,Towers with Radar,0,11,37,0,48,0,1,8,0,9,0,12,45,0,57,0,0,0,57
04/28/2023,SMO,CA,AWP,WE,Towers with Radar,0,19,67,0,86,0,0,2,0,2,0,19,69,0,88,0,0,0,88
04/29/2023,SMO,CA,AWP,WE,Towers with Radar,0,5,50,1,56,0,0,1,2,3,0,5,51,3,59,0,0,0,59
04/30/2023,SMO,CA,AWP,WE,Towers with Radar,0,14,42,1,57,0,0,0,0,0,0,14,42,1,57,2,0,2,59
05/01/2023,SMO,CA,AWP,WE,Towers with Radar,0,8,21,0,29,0,1,70,0,71,0,9,91,0,100,85,0,85,185
05/02/2023,SMO,CA,AWP,WE,Towers with Radar,0,14,25,0,39,0,3,70,0,73,0,17,95,0,112,71,0,71,183
05/03/2023,SMO,CA,AWP,WE,Towers with Radar,0,10,26,0,36,0,5,82,0,87,0,15,108,0,123,148,0,148,271
05/04/2023,SMO,CA,AWP,WE,Towers with Radar,0,5,23,0,28,0,1,34,0,35,0,6,57,0,63,175,0,175,238
05/05/2023,SMO,CA,AWP,WE,Towers with Radar,0,13,27,0,40,0,3,115,0,118,0,16,142,0,158,122,0,122,280
05/06/2023,SMO,CA,AWP,WE,Towers with Radar,0,5,20,0,25,0,18,117,0,135,0,23,137,0,160,106,0,106,266
05/07/2023,SMO,CA,AWP,WE,Towers with Radar,0,12,25,0,37,0,5,132,0,137,0,17,157,0,174,44,0,44,218
05/08/2023,SMO,CA,AWP,WE,Towers with Radar,0,10,9,0,19,0,2,111,0,113,0,12,120,0,132,49,0,49,181
05/09/2023,SMO,CA,AWP,WE,Towers with Radar,0,7,56,0,63,0,2,38,0,40,0,9,94,0,103,134,0,134,237
05/10/2023,SMO,CA,AWP,WE,Towers with Radar,0,7,28,0,35,0,0,105,0,105,0,7,133,0,140,157,0,157,297
05/11/2023,SMO,CA,AWP,WE,Towers with Radar,0,13,27,0,40,0,2,111,0,113,0,15,138,0,153,112,0,112,265
05/12/2023,SMO,CA,AWP,WE,Towers with Radar,0,21,23,0,44,0,0,97,0,97,0,21,120,0,141,38,0,38,179
05/13/2023,SMO,CA,AWP,WE,Towers with Radar,0,8,32,0,40,0,0,42,0,42,0,8,74,0,82,4,0,4,86
05/14/2023,SMO,CA,AWP,WE,Towers with Radar,0,14,34,0,48,0,0,52,0,52,0,14,86,0,100,0,0,0,100
05/15/2023,SMO,CA,AWP,WE,Towers with Radar,0,13,33,0,46,0,0,18,0,18,0,13,51,0,64,2,0,2,66
05/16/2023,SMO,CA,AWP,WE,Towers with Radar,0,13,54,0,67,0,2,9,0,11,0,15,63,0,78,0,0,0,78
05/17/2023,SMO,CA,AWP,WE,Towers with Radar,0,5,58,0,63,0,0,3,0,3,0,5,61,0,66,0,0,0,66
05/18/2023,SMO,CA,AWP,WE,Towers with Radar,0,6,36,0,42,0,3,38,0,41,0,9,74,0,83,35,0,35,118
05/19/2023,SMO,CA,AWP,WE,Towers with Radar,0,9,51,0,60,0,0,20,0,20,0,9,71,0,80,0,0,0,80
05/20/2023,SMO,CA,AWP,WE,Towers with Radar,0,3,37,0,40,0,0,13,0,13,0,3,50,0,53,11,0,11,64
05/21/2023,SMO,CA,AWP,WE,Towers with Radar,0,15,48,1,64,0,5,28,0,33,0,20,76,1,97,2,0,2,99
05/22/2023,SMO,CA,AWP,WE,Towers with Radar,0,11,37,0,48,0,0,3,0,3,0,11,40,0,51,0,0,0,51
05/23/2023,SMO,CA,AWP,WE,Towers with Radar,0,13,44,0,57,0,0,2,0,2,0,13,46,0,59,0,0,0,59
05/24/2023,SMO,CA,AWP,WE,Towers with Radar,0,12,40,0,52,0,1,38,0,39,0,13,78,0,91,98,0,98,189
05/25/2023,SMO,CA,AWP,WE,Towers with Radar,0,20,51,0,71,0,0,54,0,54,0,20,105,0,125,112,0,112,237
05/26/2023,SMO,CA,AWP,WE,Towers with Radar,0,15,35,0,50,0,0,90,0,90,0,15,125,0,140,126,0,126,266
05/27/2023,SMO,CA,AWP,WE,Towers with Radar,0,12,25,0,37,0,4,103,0,107,0,16,128,0,144,92,0,92,236
05/28/2023,SMO,CA,AWP,WE,Towers with Radar,0,8,37,0,45,0,5,21,0,26,0,13,58,0,71,22,0,22,93
05/29/2023,SMO,CA,AWP,WE,Towers with Radar,0,14,26,0,40,0,1,98,0,99,0,15,124,0,139,116,0,116,255
05/30/2023,SMO,CA,AWP,WE,Towers with Radar,0,14,33,0,47,0,1,62,0,63,0,15,95,0,110,68,0,68,178
05/31/2023,SMO,CA,AWP,WE,Towers with Radar,0,11,43,0,54,0,2,82,0,84,0,13,125,0,138,140,0,140,278
06/01/2023,SMO,CA,AWP,WE,Towers with Radar,0,11,47,0,58,0,2,29,0,31,0,13,76,0,89,152,0,152,241
06/02/2023,SMO,CA,AWP,WE,Towers with Radar,0,8,19,0,27,0,2,116,0,118,0,10,135,0,145,101,0,101,246
06/03/2023,SMO,CA,AWP,WE,Towers with Radar,0,4,14,0,18,0,1,95,0,96,0,5,109,0,114,110,0,110,224
06/04/2023,SMO,CA,AWP,WE,Towers with Radar,0,7,47,0,54,0,0,12,0,12,0,7,59,0,66,9,0,9,75
06/05/2023,SMO,CA,AWP,WE,Towers with Radar,0,4,32,0,36,0,2,10,2,14,0,6,42,2,50,2,0,2,52
06/06/2023,SMO,CA,AWP,WE,Towers with Radar,0,9,30,0,39,0,2,57,0,59,0,11,87,0,98,37,0,37,135
06/07/2023,SMO,CA,AWP,WE,Towers with Radar,0,12,38,0,50,0,2,63,0,65,0,14,101,0,115,96,0,96,211
06/08/2023,SMO,CA,AWP,WE,Towers with Radar,0,12,27,0,39,0,1,128,0,129,0,13,155,0,168,123,0,123,291
06/09/2023,SMO,CA,AWP,WE,Towers with Radar,0,5,68,0,73,0,0,21,0,21,0,5,89,0,94,212,0,212,306
06/10/2023,SMO,CA,AWP,WE,Towers with Radar,0,6,39,0,45,0,0,19,0,19,0,6,58,0,64,40,0,40,104
06/11/2023,SMO,CA,AWP,WE,Towers with Radar,0,7,29,0,36,0,6,69,0,75,0,13,98,0,111,164,0,164,275
06/12/2023,SMO,CA,AWP,WE,Towers with Radar,0,10,24,0,34,0,1,101,0,102,0,11,125,0,136,153,0,153,289
06/13/2023,SMO,CA,AWP,WE,Towers with Radar,0,19,30,0,49,0,0,89,0,89,0,19,119,0,138,104,0,104,242
06/14/2023,SMO,CA,AWP,WE,Towers with Radar,0,13,54,0,67,0,0,8,0,8,0,13,62,0,75,2,0,2,77
06/15/2023,SMO,CA,AWP,WE,Towers with Radar,0,21,46,0,67,0,0,26,0,26,0,21,72,0,93,37,0,37,130
06/16/2023,SMO,CA,AWP,WE,Towers with Radar,0,20,50,2,72,0,6,84,1,91,0,26,134,3,163,126,0,126,289
06/17/2023,SMO,CA,AWP,WE,Towers with Radar,0,12,26,0,38,0,0,88,0,88,0,12,114,0,126,35,0,35,161
06/18/2023,SMO,CA,AWP,WE,Towers with Radar,0,6,36,0,42,0,0,16,0,16,0,6,52,0,58,1,0,1,59
06/19/2023,SMO,CA,AWP,WE,Towers with Radar,0,6,48,0,54,0,0,42,0,42,0,6,90,0,96,45,0,45,141
06/20/2023,SMO,CA,AWP,WE,Towers with Radar,0,7,11,1,19,0,0,111,1,112,0,7,122,2,131,118,0,118,249
06/21/2023,SMO,CA,AWP,WE,Towers with Radar,0,8,20,0,28,0,2,106,0,108,0,10,126,0,136,70,0,70,206
06/22/2023,SMO,CA,AWP,WE,Towers with Radar,0,14,27,0,41,0,1,74,0,75,0,15,101,0,116,73,0,73,189
06/23/2023,SMO,CA,AWP,WE,Towers with Radar,0,4,22,0,26,0,1,132,0,133,0,5,154,0,159,70,0,70,229
06/24/2023,SMO,CA,AWP,WE,Towers with Radar,0,10,14,0,24,0,0,90,0,90,0,10,104,0,114,20,0,20,134
06/25/2023,SMO,CA,AWP,WE,Towers with Radar,0,7,22,0,29,0,0,108,0,108,0,7,130,0,137,29,0,29,166
06/26/2023,SMO,CA,AWP,WE,Towers with Radar,0,11,19,0,30,0,0,94,0,94,0,11,113,0,124,20,10,30,154
06/27/2023,SMO,CA,AWP,WE,Towers with Radar,0,6,19,0,25,0,3,119,0,122,0,9,138,0,147,89,0,89,236
06/28/2023,SMO,CA,AWP,WE,Towers with Radar,0,8,32,1,41,0,1,66,1,68,0,9,98,2,109,85,0,85,194
06/29/2023,SMO,CA,AWP,WE,Towers with Radar,0,13,18,0,31,0,0,71,1,72,0,13,89,1,103,11,0,11,114
06/30/2023,SMO,CA,AWP,WE,Towers with Radar,0,6,39,0,45,0,3,67,0,70,0,9,106,0,115,28,0,28,143
07/01/2023,SMO,CA,AWP,WE,Towers with Radar,0,7,32,0,39,0,3,25,0,28,0,10,57,0,67,2,0,2,69
07/02/2023,SMO,CA,AWP,WE,Towers with Radar,0,8,30,0,38,0,2,22,0,24,0,10,52,0,62,0,0,0,62
07/03/2023,SMO,CA,AWP,WE,Towers with Radar,0,5,28,0,33,0,2,24,0,26,0,7,52,0,59,0,0,0,59
07/04/2023,SMO,CA,AWP,WE,Towers with Radar,0,1,15,0,16,0,0,55,0,55,0,1,70,0,71,24,0,24,95
07/05/2023,SMO,CA,AWP,WE,Towers with Radar,0,2,15,0,17,0,3,77,0,80,0,5,92,0,97,96,0,96,193
07/06/2023,SMO,CA,AWP,WE,Towers with Radar,0,4,16,0,20,0,0,87,0,87,0,4,103,0,107,86,0,86,193
07/07/2023,SMO,CA,AWP,WE,Towers with Radar,0,3,18,0,21,0,1,90,0,91,0,4,108,0,112,105,0,105,217
07/08/2023,SMO,CA,AWP,WE,Towers with Radar,0,0,13,0,13,0,0,108,0,108,0,0,121,0,121,49,0,49,170
07/09/2023,SMO,CA,AWP,WE,Towers with Radar,0,3,29,0,32,0,0,69,0,69,0,3,98,0,101,60,0,60,161
07/10/2023,SMO,CA,AWP,WE,Towers with Radar,0,6,22,0,28,0,2,92,0,94,0,8,114,0,122,109,0,109,231
07/11/2023,SMO,CA,AWP,WE,Towers with Radar,0,11,18,0,29,0,1,65,0,66,0,12,83,0,95,36,0,36,131
07/12/2023,SMO,CA,AWP,WE,Towers with Radar,0,13,13,0,26,0,1,109,0,110,0,14,122,0,136,50,0,50,186
07/13/2023,SMO,CA,AWP,WE,Towers with Radar,0,14,13,0,27,0,2,82,0,84,0,16,95,0,111,108,0,108,219
07/14/2023,SMO,CA,AWP,WE,Towers with Radar,0,6,10,0,16,0,5,110,0,115,0,11,120,0,131,56,0,56,187
07/15/2023,SMO,CA,AWP,WE,Towers with Radar,0,8,10,0,18,0,1,71,0,72,0,9,81,0,90,35,0,35,125
07/16/2023,SMO,CA,AWP,WE,Towers with Radar,0,12,13,0,25,0,0,76,0,76,0,12,89,0,101,22,0,22,123
07/17/2023,SMO,CA,AWP,WE,Towers with Radar,0,3,16,0,19,0,2,45,2,49,0,5,61,2,68,36,0,36,104
07/18/2023,SMO,CA,AWP,WE,Towers with Radar,0,10,8,0,18,0,7,80,0,87,0,17,88,0,105,99,0,99,204
07/19/2023,SMO,CA,AWP,WE,Towers with Radar,0,4,15,0,19,2,0,88,1,91,2,4,103,1,110,111,0,111,221
07/20/2023,SMO,CA,AWP,WE,Towers with Radar,0,4,13,0,17,0,3,92,0,95,0,7,105,0,112,76,0,76,188
07/21/2023,SMO,CA,AWP,WE,Towers with Radar,0,2,16,0,18,0,0,85,0,85,0,2,101,0,103,10,0,10,113
07/22/2023,SMO,CA,AWP,WE,Towers with Radar,0,5,23,0,28,0,4,78,0,82,0,9,101,0,110,22,0,22,132
07/23/2023,SMO,CA,AWP,WE,Towers with Radar,0,11,16,1,28,0,3,80,0,83,0,14,96,1,111,27,0,27,138
07/24/2023,SMO,CA,AWP,WE,Towers with Radar,0,7,8,0,15,0,1,80,0,81,0,8,88,0,96,38,0,38,134
07/25/2023,SMO,CA,AWP,WE,Towers with Radar,0,4,9,2,15,0,1,62,0,63,0,5,71,2,78,94,0,94,172
07/26/2023,SMO,CA,AWP,WE,Towers with Radar,0,9,9,0,18,0,0,83,0,83,0,9,92,0,101,196,0,196,297
07/27/2023,SMO,CA,AWP,WE,Towers with Radar,0,8,8,0,16,0,0,172,3,175,0,8,180,3,191,73,1,74,265
07/28/2023,SMO,CA,AWP,WE,Towers with Radar,0,6,31,0,37,0,0,74,0,74,0,6,105,0,111,54,0,54,165
07/29/2023,SMO,CA,AWP,WE,Towers with Radar,0,11,13,0,24,0,2,105,0,107,0,13,118,0,131,78,0,78,209
07/30/2023,SMO,CA,AWP,WE,Towers with Radar,0,7,11,0,18,0,3,79,0,82,0,10,90,0,100,88,0,88,188
07/31/2023,SMO,CA,AWP,WE,Towers with Radar,0,4,20,0,24,0,2,42,2,46,0,6,62,2,70,119,0,119,189
08/01/2023,SMO,CA,AWP,WE,Towers with Radar,0,9,9,0,18,0,0,86,0,86,0,9,95,0,104,85,0,85,189
08/02/2023,SMO,CA,AWP,WE,Towers with Radar,0,10,13,0,23,0,1,105,0,106,0,11,118,0,129,76,0,76,205
08/03/2023,SMO,CA,AWP,WE,Towers with Radar,0,7,13,0,20,0,0,80,0,80,0,7,93,0,100,134,0,134,234
08/04/2023,SMO,CA,AWP,WE,Towers with Radar,0,17,13,0,30,0,1,104,0,105,0,18,117,0,135,68,0,68,203
08/05/2023,SMO,CA,AWP,WE,Towers with Radar,0,12,16,0,28,0,0,80,0,80,0,12,96,0,108,63,0,63,171
08/06/2023,SMO,CA,AWP,WE,Towers with Radar,0,16,19,0,35,0,2,105,0,107,0,18,124,0,142,27,0,27,169
08/07/2023,SMO,CA,AWP,WE,Towers with Radar,0,8,22,0,30,0,1,69,0,70,0,9,91,0,100,56,0,56,156
08/08/2023,SMO,CA,AWP,WE,Towers with Radar,0,15,12,0,27,0,0,92,4,96,0,15,104,4,123,35,0,35,158
08/09/2023,SMO,CA,AWP,WE,Towers with Radar,0,7,22,0,29,0,0,63,0,63,0,7,85,0,92,20,0,20,112
08/10/2023,SMO,CA,AWP,WE,Towers with Radar,0,4,25,0,29,0,0,62,0,62,0,4,87,0,91,62,0,62,153
08/11/2023,SMO,CA,AWP,WE,Towers with Radar,0,12,26,0,38,0,0,67,0,67,0,12,93,0,105,79,0,79,184
08/12/2023,SMO,CA,AWP,WE,Towers with Radar,0,6,10,0,16,0,1,87,0,88,0,7,97,0,104,26,0,26,130
08/13/2023,SMO,CA,AWP,WE,Towers with Radar,0,13,33,1,47,0,0,84,0,84,0,13,117,1,131,16,0,16,147
08/14/2023,SMO,CA,AWP,WE,Towers with Radar,0,12,36,0,48,0,0,31,0,31,0,12,67,0,79,0,0,0,79
08/15/2023,SMO,CA,AWP,WE,Towers with Radar,0,5,31,0,36,0,3,52,0,55,0,8,83,0,91,20,0,20,111
08/16/2023,SMO,CA,AWP,WE,Towers with Radar,0,8,30,0,38,0,1,93,0,94,0,9,123,0,132,62,0,62,194
08/17/2023,SMO,CA,AWP,WE,Towers with Radar,0,9,34,0,43,0,1,65,0,66,0,10,99,0,109,10,0,10,119
08/18/2023,SMO,CA,AWP,WE,Towers with Radar,0,4,26,0,30,0,5,105,0,110,0,9,131,0,140,100,0,100,240
08/19/2023,SMO,CA,AWP,WE,Towers with Radar,0,3,21,0,24,0,6,124,0,130,0,9,145,0,154,113,0,113,267
08/20/2023,SMO,CA,AWP,WE,Towers with Radar,0,3,2,0,5,0,0,2,0,2,0,3,4,0,7,0,0,0,7
08/21/2023,SMO,CA,AWP,WE,Towers with Radar,0,5,7,0,12,0,0,48,0,48,0,5,55,0,60,102,0,102,162
08/22/2023,SMO,CA,AWP,WE,Towers with Radar,0,6,17,0,23,1,0,83,0,84,1,6,100,0,107,77,0,77,184
08/23/2023,SMO,CA,AWP,WE,Towers with Radar,0,14,18,0,32,0,3,115,0,118,0,17,133,0,150,78,0,78,228
08/24/2023,SMO,CA,AWP,WE,Towers with Radar,0,14,35,0,49,0,1,53,0,54,0,15,88,0,103,33,0,33,136
08/25/2023,SMO,CA,AWP,WE,Towers with Radar,0,11,25,0,36,0,4,95,2,101,0,15,120,2,137,58,0,58,195
08/26/2023,SMO,CA,AWP,WE,Towers with Radar,0,6,12,0,18,0,2,112,2,116,0,8,124,2,134,59,0,59,193
08/27/2023,SMO,CA,AWP,WE,Towers with Radar,0,19,12,0,31,0,3,120,0,123,0,22,132,0,154,102,0,102,256
08/28/2023,SMO,CA,AWP,WE,Towers with Radar,0,7,8,0,15,0,12,77,0,89,0,19,85,0,104,60,0,60,164
08/29/2023,SMO,CA,AWP,WE,Towers with Radar,0,12,12,0,24,0,0,78,0,78,0,12,90,0,102,104,0,104,206
08/30/2023,SMO,CA,AWP,WE,Towers with Radar,0,5,15,0,20,0,1,104,0,105,0,6,119,0,125,51,0,51,176
08/31/2023,SMO,CA,AWP,WE,Towers with Radar,0,4,17,0,21,0,0,72,0,72,0,4,89,0,93,22,0,22,115
