01/01/2000,SMX,CA,AWP,WE,Federal Contract Tower,0,9,6,0,15,0,4,26,0,30,0,13,32,0,45,0,0,0,45
01/02/2000,SMX,CA,AWP,WE,Federal Contract Tower,1,11,9,0,21,1,5,80,0,86,2,16,89,0,107,44,0,44,151
01/03/2000,SMX,CA,AWP,WE,Federal Contract Tower,0,17,13,0,30,0,21,42,0,63,0,38,55,0,93,26,0,26,119
01/04/2000,SMX,CA,AWP,WE,Federal Contract Tower,0,14,11,0,25,0,20,71,2,93,0,34,82,2,118,32,2,34,152
01/05/2000,SMX,CA,AWP,WE,Federal Contract Tower,0,13,9,0,22,0,25,84,0,109,0,38,93,0,131,22,2,24,155
01/06/2000,SMX,CA,AWP,WE,Federal Contract Tower,0,21,16,1,38,0,21,120,7,148,0,42,136,8,186,52,2,54,240
01/07/2000,SMX,CA,AWP,WE,Federal Contract Tower,0,19,15,1,35,0,15,116,1,132,0,34,131,2,167,92,0,92,259
01/08/2000,SMX,CA,AWP,WE,Federal Contract Tower,0,17,14,1,32,0,0,118,0,118,0,17,132,1,150,64,0,64,214
01/09/2000,SMX,CA,AWP,WE,Federal Contract Tower,0,16,13,0,29,0,0,108,0,108,0,16,121,0,137,84,0,84,221
01/10/2000,SMX,CA,AWP,WE,Federal Contract Tower,0,24,18,0,42,0,1,51,0,52,0,25,69,0,94,8,2,10,104
01/11/2000,SMX,CA,AWP,WE,Federal Contract Tower,0,35,29,0,64,0,0,31,0,31,0,35,60,0,95,28,2,30,125
01/12/2000,SMX,CA,AWP,WE,Federal Contract Tower,0,27,21,1,49,0,10,65,1,76,0,37,86,2,125,40,4,44,169
01/13/2000,SMX,CA,AWP,WE,Federal Contract Tower,0,22,16,0,38,0,12,104,0,116,0,34,120,0,154,84,0,84,238
01/14/2000,SMX,CA,AWP,WE,Federal Contract Tower,0,22,17,1,40,0,23,84,1,108,0,45,101,2,148,68,0,68,216
01/15/2000,SMX,CA,AWP,WE,Federal Contract Tower,0,13,9,0,22,0,12,67,0,79,0,25,76,0,101,104,0,104,205
01/16/2000,SMX,CA,AWP,WE,Federal Contract Tower,0,17,13,0,30,0,1,11,0,12,0,18,24,0,42,4,0,4,46
01/17/2000,SMX,CA,AWP,WE,Federal Contract Tower,0,26,21,0,47,0,0,45,0,45,0,26,66,0,92,30,0,30,122
01/18/2000,SMX,CA,AWP,WE,Federal Contract Tower,0,37,26,2,65,0,7,66,1,74,0,44,92,3,139,22,0,22,161
01/19/2000,SMX,CA,AWP,WE,Federal Contract Tower,0,26,17,0,43,0,27,93,0,120,0,53,110,0,163,48,0,48,211
01/20/2000,SMX,CA,AWP,WE,Federal Contract Tower,0,33,23,0,56,0,1,31,0,32,0,34,54,0,88,0,0,0,88
01/21/2000,SMX,CA,AWP,WE,Federal Contract Tower,0,28,19,0,47,0,18,82,0,100,0,46,101,0,147,48,2,50,197
01/22/2000,SMX,CA,AWP,WE,Federal Contract Tower,0,16,11,0,27,0,10,87,0,97,0,26,98,0,124,54,0,54,178
01/23/2000,SMX,CA,AWP,WE,Federal Contract Tower,0,19,14,0,33,0,0,23,0,23,0,19,37,0,56,24,0,24,80
01/24/2000,SMX,CA,AWP,WE,Federal Contract Tower,0,25,17,1,43,0,1,42,1,44,0,26,59,2,87,2,0,2,89
01/25/2000,SMX,CA,AWP,WE,Federal Contract Tower,0,26,18,0,44,0,6,17,0,23,0,32,35,0,67,6,0,6,73
01/26/2000,SMX,CA,AWP,WE,Federal Contract Tower,0,23,17,0,40,0,19,78,6,103,0,42,95,6,143,36,2,38,181
01/27/2000,SMX,CA,AWP,WE,Federal Contract Tower,0,26,19,0,45,2,20,120,0,142,2,46,139,0,187,102,4,106,293
01/28/2000,SMX,CA,AWP,WE,Federal Contract Tower,0,24,17,0,41,0,13,98,0,111,0,37,115,0,152,76,0,76,228
01/29/2000,SMX,CA,AWP,WE,Federal Contract Tower,0,18,12,0,30,0,8,75,0,83,0,26,87,0,113,106,0,106,219
01/30/2000,SMX,CA,AWP,WE,Federal Contract Tower,0,17,13,0,30,0,0,24,0,24,0,17,37,0,54,20,0,20,74
01/31/2000,SMX,CA,AWP,WE,Federal Contract Tower,0,18,13,0,31,0,14,58,1,73,0,32,71,1,104,23,0,23,127
02/01/2000,SMX,CA,AWP,WE,Federal Contract Tower,0,20,13,0,33,0,14,123,0,137,0,34,136,0,170,62,0,62,232
02/02/2000,SMX,CA,AWP,WE,Federal Contract Tower,0,20,13,0,33,0,26,105,0,131,0,46,118,0,164,68,0,68,232
02/03/2000,SMX,CA,AWP,WE,Federal Contract Tower,0,28,20,0,48,0,10,54,0,64,0,38,74,0,112,6,0,6,118
02/04/2000,SMX,CA,AWP,WE,Federal Contract Tower,0,27,19,0,46,0,8,86,0,94,0,35,105,0,140,80,0,80,220
02/05/2000,SMX,CA,AWP,WE,Federal Contract Tower,0,14,9,0,23,0,14,109,0,123,0,28,118,0,146,132,0,132,278
02/06/2000,SMX,CA,AWP,WE,Federal Contract Tower,0,19,15,0,34,0,0,105,0,105,0,19,120,0,139,62,6,68,207
02/07/2000,SMX,CA,AWP,WE,Federal Contract Tower,0,31,21,0,52,0,0,46,0,46,0,31,67,0,98,14,0,14,112
02/08/2000,SMX,CA,AWP,WE,Federal Contract Tower,0,22,15,0,37,0,15,89,0,104,0,37,104,0,141,46,2,48,189
02/09/2000,SMX,CA,AWP,WE,Federal Contract Tower,0,39,30,1,70,0,0,47,1,48,0,39,77,2,118,12,2,14,132
02/10/2000,SMX,CA,AWP,WE,Federal Contract Tower,0,38,24,0,62,0,13,49,0,62,0,51,73,0,124,12,0,12,136
02/11/2000,SMX,CA,AWP,WE,Federal Contract Tower,0,28,19,0,47,0,8,27,0,35,0,36,46,0,82,8,0,8,90
02/12/2000,SMX,CA,AWP,WE,Federal Contract Tower,0,21,13,0,34,0,1,5,0,6,0,22,18,0,40,0,0,0,40
02/13/2000,SMX,CA,AWP,WE,Federal Contract Tower,0,16,11,0,27,0,0,13,0,13,0,16,24,0,40,0,0,0,40
02/14/2000,SMX,CA,AWP,WE,Federal Contract Tower,0,22,14,0,36,0,7,15,2,24,0,29,29,2,60,14,0,14,74
02/15/2000,SMX,CA,AWP,WE,Federal Contract Tower,0,25,16,0,41,0,12,115,0,127,0,37,131,0,168,24,2,26,194
02/16/2000,SMX,CA,AWP,WE,Federal Contract Tower,0,23,14,0,37,0,14,61,0,75,0,37,75,0,112,12,0,12,124
02/17/2000,SMX,CA,AWP,WE,Federal Contract Tower,0,26,16,0,42,0,17,122,0,139,0,43,138,0,181,116,0,116,297
02/18/2000,SMX,CA,AWP,WE,Federal Contract Tower,0,19,11,0,30,1,12,106,0,119,1,31,117,0,149,82,10,92,241
02/19/2000,SMX,CA,AWP,WE,Federal Contract Tower,0,26,17,0,43,0,1,94,0,95,0,27,111,0,138,70,0,70,208
02/20/2000,SMX,CA,AWP,WE,Federal Contract Tower,0,14,8,0,22,1,2,17,0,20,1,16,25,0,42,74,0,74,116
02/21/2000,SMX,CA,AWP,WE,Federal Contract Tower,0,17,11,0,28,0,4,4,0,8,0,21,15,0,36,0,0,0,36
02/22/2000,SMX,CA,AWP,WE,Federal Contract Tower,0,38,24,0,62,0,5,55,0,60,0,43,79,0,122,8,0,8,130
02/23/2000,SMX,CA,AWP,WE,Federal Contract Tower,0,26,17,0,43,0,6,81,0,87,0,32,98,0,130,62,2,64,194
02/24/2000,SMX,CA,AWP,WE,Federal Contract Tower,0,33,21,0,54,0,4,136,2,142,0,37,157,2,196,78,0,78,274
02/25/2000,SMX,CA,AWP,WE,Federal Contract Tower,0,32,20,0,52,0,8,48,2,58,0,40,68,2,110,14,0,14,124
02/26/2000,SMX,CA,AWP,WE,Federal Contract Tower,0,19,12,0,31,0,11,95,0,106,0,30,107,0,137,78,0,78,215
02/27/2000,SMX,CA,AWP,WE,Federal Contract Tower,0,13,7,0,20,0,4,20,1,25,0,17,27,1,45,20,0,20,65
02/28/2000,SMX,CA,AWP,WE,Federal Contract Tower,0,20,13,0,33,0,8,93,0,101,0,28,106,0,134,40,2,42,176
02/29/2000,SMX,CA,AWP,WE,Federal Contract Tower,0,26,17,0,43,0,15,37,2,54,0,41,54,2,97,24,2,26,123
03/01/2000,SMX,CA,AWP,WE,Federal Contract Tower,0,23,12,0,35,0,16,137,4,157,0,39,149,4,192,92,8,100,292
03/02/2000,SMX,CA,AWP,WE,Federal Contract Tower,0,26,14,0,40,0,12,53,0,65,0,38,67,0,105,66,0,66,171
03/03/2000,SMX,CA,AWP,WE,Federal Contract Tower,0,26,14,0,40,0,5,53,7,65,0,31,67,7,105,54,0,54,159
03/04/2000,SMX,CA,AWP,WE,Federal Contract Tower,0,26,16,1,43,0,0,54,1,55,0,26,70,2,98,26,0,26,124
03/05/2000,SMX,CA,AWP,WE,Federal Contract Tower,0,14,7,0,21,0,4,25,0,29,0,18,32,0,50,0,0,0,50
03/06/2000,SMX,CA,AWP,WE,Federal Contract Tower,0,20,11,0,31,0,13,45,0,58,0,33,56,0,89,32,0,32,121
03/07/2000,SMX,CA,AWP,WE,Federal Contract Tower,0,28,14,1,43,0,6,56,9,71,0,34,70,10,114,10,0,10,124
03/08/2000,SMX,CA,AWP,WE,Federal Contract Tower,0,22,12,0,34,0,11,65,0,76,0,33,77,0,110,0,6,6,116
03/09/2000,SMX,CA,AWP,WE,Federal Contract Tower,0,26,13,1,40,0,15,97,1,113,0,41,110,2,153,52,2,54,207
03/10/2000,SMX,CA,AWP,WE,Federal Contract Tower,0,22,12,1,35,0,7,90,2,99,0,29,102,3,134,46,2,48,182
03/11/2000,SMX,CA,AWP,WE,Federal Contract Tower,0,18,10,0,28,0,7,130,0,137,0,25,140,0,165,80,0,80,245
03/12/2000,SMX,CA,AWP,WE,Federal Contract Tower,0,19,10,1,30,0,0,98,1,99,0,19,108,2,129,36,0,36,165
03/13/2000,SMX,CA,AWP,WE,Federal Contract Tower,0,19,10,0,29,0,18,72,0,90,0,37,82,0,119,4,0,4,123
03/14/2000,SMX,CA,AWP,WE,Federal Contract Tower,0,22,11,1,34,0,38,49,2,89,0,60,60,3,123,12,4,16,139
03/15/2000,SMX,CA,AWP,WE,Federal Contract Tower,0,26,14,1,41,0,13,97,4,114,0,39,111,5,155,64,2,66,221
03/16/2000,SMX,CA,AWP,WE,Federal Contract Tower,0,30,15,0,45,2,9,114,0,125,2,39,129,0,170,96,0,96,266
03/17/2000,SMX,CA,AWP,WE,Federal Contract Tower,0,22,11,1,34,1,6,98,1,106,1,28,109,2,140,36,0,36,176
03/18/2000,SMX,CA,AWP,WE,Federal Contract Tower,0,23,12,1,36,0,1,116,1,118,0,24,128,2,154,68,0,68,222
03/19/2000,SMX,CA,AWP,WE,Federal Contract Tower,0,23,11,1,35,3,4,99,3,109,3,27,110,4,144,73,0,73,217
03/20/2000,SMX,CA,AWP,WE,Federal Contract Tower,0,19,8,0,27,0,13,50,0,63,0,32,58,0,90,20,0,20,110
03/21/2000,SMX,CA,AWP,WE,Federal Contract Tower,0,25,11,1,37,0,16,149,5,170,0,41,160,6,207,82,0,82,289
03/22/2000,SMX,CA,AWP,WE,Federal Contract Tower,0,24,11,1,36,0,16,112,2,130,0,40,123,3,166,46,0,46,212
03/23/2000,SMX,CA,AWP,WE,Federal Contract Tower,0,25,12,1,38,0,20,109,1,130,0,45,121,2,168,90,4,94,262
03/24/2000,SMX,CA,AWP,WE,Federal Contract Tower,0,29,13,0,42,0,11,89,0,100,0,40,102,0,142,68,0,68,210
03/25/2000,SMX,CA,AWP,WE,Federal Contract Tower,0,20,9,0,29,0,6,119,0,125,0,26,128,0,154,110,0,110,264
03/26/2000,SMX,CA,AWP,WE,Federal Contract Tower,0,17,7,0,24,0,9,122,0,131,0,26,129,0,155,100,0,100,255
03/27/2000,SMX,CA,AWP,WE,Federal Contract Tower,0,24,11,0,35,0,10,55,0,65,0,34,66,0,100,12,0,12,112
03/28/2000,SMX,CA,AWP,WE,Federal Contract Tower,0,22,10,1,33,0,20,82,0,102,0,42,92,1,135,19,0,19,154
03/29/2000,SMX,CA,AWP,WE,Federal Contract Tower,0,27,13,1,41,0,12,107,1,120,0,39,120,2,161,68,2,70,231
03/30/2000,SMX,CA,AWP,WE,Federal Contract Tower,0,27,13,0,40,0,14,136,6,156,0,41,149,6,196,86,0,86,282
03/31/2000,SMX,CA,AWP,WE,Federal Contract Tower,0,15,7,0,22,0,7,83,0,90,0,22,90,0,112,72,0,72,184
04/01/2000,SMX,CA,AWP,WE,Federal Contract Tower,0,15,11,0,26,0,9,135,4,148,0,24,146,4,174,96,6,102,276
04/02/2000,SMX,CA,AWP,WE,Federal Contract Tower,0,16,10,1,27,0,1,119,9,129,0,17,129,10,156,113,0,113,269
04/03/2000,SMX,CA,AWP,WE,Federal Contract Tower,0,24,15,0,39,0,8,83,0,91,0,32,98,0,130,28,0,28,158
04/04/2000,SMX,CA,AWP,WE,Federal Contract Tower,0,30,18,0,48,0,9,61,0,70,0,39,79,0,118,32,0,32,150
04/05/2000,SMX,CA,AWP,WE,Federal Contract Tower,0,36,23,0,59,0,1,57,0,58,0,37,80,0,117,48,0,48,165
04/06/2000,SMX,CA,AWP,WE,Federal Contract Tower,0,34,22,0,56,0,4,60,0,64,0,38,82,0,120,62,0,62,182
04/07/2000,SMX,CA,AWP,WE,Federal Contract Tower,0,23,14,1,38,0,4,85,0,89,0,27,99,1,127,50,0,50,177
04/08/2000,SMX,CA,AWP,WE,Federal Contract Tower,0,18,16,0,34,0,0,85,0,85,0,18,101,0,119,82,0,82,201
04/09/2000,SMX,CA,AWP,WE,Federal Contract Tower,0,12,8,0,20,0,15,81,0,96,0,27,89,0,116,44,0,44,160
04/10/2000,SMX,CA,AWP,WE,Federal Contract Tower,0,19,11,0,30,0,25,103,0,128,0,44,114,0,158,24,0,24,182
04/11/2000,SMX,CA,AWP,WE,Federal Contract Tower,0,19,11,0,30,0,46,87,0,133,0,65,98,0,163,66,0,66,229
04/12/2000,SMX,CA,AWP,WE,Federal Contract Tower,0,18,11,0,29,0,19,111,0,130,0,37,122,0,159,104,0,104,263
04/13/2000,SMX,CA,AWP,WE,Federal Contract Tower,0,30,18,0,48,0,24,79,0,103,0,54,97,0,151,62,0,62,213
04/14/2000,SMX,CA,AWP,WE,Federal Contract Tower,0,26,16,1,43,0,7,79,3,89,0,33,95,4,132,56,0,56,188
04/15/2000,SMX,CA,AWP,WE,Federal Contract Tower,0,23,15,0,38,0,0,118,0,118,0,23,133,0,156,96,20,116,272
04/16/2000,SMX,CA,AWP,WE,Federal Contract Tower,0,15,9,0,24,0,8,58,2,68,0,23,67,2,92,58,0,58,150
04/17/2000,SMX,CA,AWP,WE,Federal Contract Tower,0,23,14,0,37,0,10,64,0,74,0,33,78,0,111,64,0,64,175
04/18/2000,SMX,CA,AWP,WE,Federal Contract Tower,0,29,18,0,47,0,13,95,2,110,0,42,113,2,157,36,2,38,195
04/19/2000,SMX,CA,AWP,WE,Federal Contract Tower,0,16,10,0,26,0,18,166,0,184,0,34,176,0,210,110,0,110,320
04/20/2000,SMX,CA,AWP,WE,Federal Contract Tower,0,24,14,0,38,0,18,133,2,153,0,42,147,2,191,56,2,58,249
04/21/2000,SMX,CA,AWP,WE,Federal Contract Tower,0,31,18,0,49,0,8,86,1,95,0,39,104,1,144,8,0,8,152
04/22/2000,SMX,CA,AWP,WE,Federal Contract Tower,0,20,12,0,32,0,3,87,0,90,0,23,99,0,122,60,0,60,182
04/23/2000,SMX,CA,AWP,WE,Federal Contract Tower,0,17,10,0,27,0,2,76,0,78,0,19,86,0,105,60,0,60,165
04/24/2000,SMX,CA,AWP,WE,Federal Contract Tower,0,26,15,0,41,0,16,64,0,80,0,42,79,0,121,24,0,24,145
04/25/2000,SMX,CA,AWP,WE,Federal Contract Tower,0,21,13,0,34,0,19,96,0,115,0,40,109,0,149,32,0,32,181
04/26/2000,SMX,CA,AWP,WE,Federal Contract Tower,0,14,8,0,22,0,20,142,2,164,0,34,150,2,186,134,0,134,320
04/27/2000,SMX,CA,AWP,WE,Federal Contract Tower,0,31,18,0,49,0,9,106,4,119,0,40,124,4,168,18,0,18,186
04/28/2000,SMX,CA,AWP,WE,Federal Contract Tower,0,30,18,0,48,0,7,114,6,127,0,37,132,6,175,30,0,30,205
04/29/2000,SMX,CA,AWP,WE,Federal Contract Tower,0,21,13,0,34,0,6,135,0,141,0,27,148,0,175,100,0,100,275
04/30/2000,SMX,CA,AWP,WE,Federal Contract Tower,0,14,8,0,22,0,8,152,0,160,0,22,160,0,182,124,0,124,306
05/01/2000,SMX,CA,AWP,WE,Federal Contract Tower,0,18,14,0,32,0,21,101,2,124,0,39,115,2,156,50,2,52,208
05/02/2000,SMX,CA,AWP,WE,Federal Contract Tower,0,21,16,0,37,0,16,74,0,90,0,37,90,0,127,14,0,14,141
05/03/2000,SMX,CA,AWP,WE,Federal Contract Tower,0,22,17,0,39,0,23,135,0,158,0,45,152,0,197,96,0,96,293
05/04/2000,SMX,CA,AWP,WE,Federal Contract Tower,0,19,15,0,34,0,8,94,0,102,0,27,109,0,136,56,0,56,192
05/05/2000,SMX,CA,AWP,WE,Federal Contract Tower,1,20,16,0,37,1,14,106,1,122,2,34,122,1,159,70,0,70,229
05/06/2000,SMX,CA,AWP,WE,Federal Contract Tower,0,26,19,0,45,0,3,134,5,142,0,29,153,5,187,108,0,108,295
05/07/2000,SMX,CA,AWP,WE,Federal Contract Tower,1,17,16,0,34,3,0,91,0,94,4,17,107,0,128,110,0,110,238
05/08/2000,SMX,CA,AWP,WE,Federal Contract Tower,0,29,21,0,50,0,7,22,0,29,0,36,43,0,79,20,6,26,105
05/09/2000,SMX,CA,AWP,WE,Federal Contract Tower,0,32,24,2,58,0,12,85,2,99,0,44,109,4,157,20,6,26,183
05/10/2000,SMX,CA,AWP,WE,Federal Contract Tower,0,19,15,0,34,0,21,68,0,89,0,40,83,0,123,56,0,56,179
05/11/2000,SMX,CA,AWP,WE,Federal Contract Tower,0,22,17,0,39,0,25,69,0,94,0,47,86,0,133,0,0,0,133
05/12/2000,SMX,CA,AWP,WE,Federal Contract Tower,0,23,18,1,42,0,7,112,16,135,0,30,130,17,177,40,14,54,231
05/13/2000,SMX,CA,AWP,WE,Federal Contract Tower,0,15,11,0,26,0,6,127,0,133,0,21,138,0,159,64,0,64,223
05/14/2000,SMX,CA,AWP,WE,Federal Contract Tower,0,13,10,0,23,0,9,82,0,91,0,22,92,0,114,64,0,64,178
05/15/2000,SMX,CA,AWP,WE,Federal Contract Tower,0,35,24,2,61,0,9,38,2,49,0,44,62,4,110,14,4,18,128
05/16/2000,SMX,CA,AWP,WE,Federal Contract Tower,0,27,18,2,47,0,10,89,1,100,0,37,107,3,147,52,4,56,203
05/17/2000,SMX,CA,AWP,WE,Federal Contract Tower,0,15,10,1,26,0,24,123,5,152,0,39,133,6,178,60,0,60,238
05/18/2000,SMX,CA,AWP,WE,Federal Contract Tower,0,21,15,1,37,0,17,110,10,137,0,38,125,11,174,88,0,88,262
05/19/2000,SMX,CA,AWP,WE,Federal Contract Tower,0,17,11,0,28,0,14,138,0,152,0,31,149,0,180,136,0,136,316
05/20/2000,SMX,CA,AWP,WE,Federal Contract Tower,0,17,11,0,28,0,14,135,0,149,0,31,146,0,177,112,0,112,289
05/21/2000,SMX,CA,AWP,WE,Federal Contract Tower,0,19,13,1,33,0,2,121,3,126,0,21,134,4,159,90,0,90,249
05/22/2000,SMX,CA,AWP,WE,Federal Contract Tower,0,23,15,0,38,1,13,70,0,84,1,36,85,0,122,102,2,104,226
05/23/2000,SMX,CA,AWP,WE,Federal Contract Tower,0,29,20,0,49,0,6,49,0,55,0,35,69,0,104,22,0,22,126
05/24/2000,SMX,CA,AWP,WE,Federal Contract Tower,0,38,34,0,72,0,0,53,0,53,0,38,87,0,125,24,2,26,151
05/25/2000,SMX,CA,AWP,WE,Federal Contract Tower,0,34,32,0,66,0,0,74,0,74,0,34,106,0,140,46,0,46,186
05/26/2000,SMX,CA,AWP,WE,Federal Contract Tower,0,23,16,0,39,0,17,114,0,131,0,40,130,0,170,58,4,62,232
05/27/2000,SMX,CA,AWP,WE,Federal Contract Tower,0,17,12,0,29,0,10,137,0,147,0,27,149,0,176,122,0,122,298
05/28/2000,SMX,CA,AWP,WE,Federal Contract Tower,0,13,10,0,23,0,6,85,0,91,0,19,95,0,114,40,0,40,154
05/29/2000,SMX,CA,AWP,WE,Federal Contract Tower,0,19,13,0,32,0,6,80,0,86,0,25,93,0,118,18,0,18,136
05/30/2000,SMX,CA,AWP,WE,Federal Contract Tower,0,28,20,0,48,0,2,62,0,64,0,30,82,0,112,18,0,18,130
05/31/2000,SMX,CA,AWP,WE,Federal Contract Tower,0,16,11,0,27,0,23,120,1,144,0,39,131,1,171,78,0,78,249
06/01/2000,SMX,CA,AWP,WE,Federal Contract Tower,0,27,23,0,50,0,21,105,0,126,0,48,128,0,176,54,0,54,230
06/02/2000,SMX,CA,AWP,WE,Federal Contract Tower,0,28,23,1,52,0,3,76,0,79,0,31,99,1,131,68,0,68,199
06/03/2000,SMX,CA,AWP,WE,Federal Contract Tower,0,23,18,0,41,0,2,90,0,92,0,25,108,0,133,20,0,20,153
06/04/2000,SMX,CA,AWP,WE,Federal Contract Tower,0,18,14,1,33,0,4,81,0,85,0,22,95,1,118,48,0,48,166
06/05/2000,SMX,CA,AWP,WE,Federal Contract Tower,0,19,15,1,35,0,20,58,2,80,0,39,73,3,115,36,0,36,151
06/06/2000,SMX,CA,AWP,WE,Federal Contract Tower,0,22,18,1,41,0,11,85,2,98,0,33,103,3,139,136,0,136,275
06/07/2000,SMX,CA,AWP,WE,Federal Contract Tower,0,27,23,2,52,0,10,99,0,109,0,37,122,2,161,90,0,90,251
06/08/2000,SMX,CA,AWP,WE,Federal Contract Tower,0,35,29,3,67,0,1,69,2,72,0,36,98,5,139,44,12,56,195
06/09/2000,SMX,CA,AWP,WE,Federal Contract Tower,0,18,15,2,35,0,19,119,0,138,0,37,134,2,173,52,0,52,225
06/10/2000,SMX,CA,AWP,WE,Federal Contract Tower,0,14,13,1,28,0,14,135,1,150,0,28,148,2,178,52,0,52,230
06/11/2000,SMX,CA,AWP,WE,Federal Contract Tower,0,13,12,0,25,0,9,102,0,111,0,22,114,0,136,122,0,122,258
06/12/2000,SMX,CA,AWP,WE,Federal Contract Tower,0,19,15,0,34,0,14,74,0,88,0,33,89,0,122,58,0,58,180
06/13/2000,SMX,CA,AWP,WE,Federal Contract Tower,0,19,15,0,34,0,18,94,0,112,0,37,109,0,146,50,0,50,196
06/14/2000,SMX,CA,AWP,WE,Federal Contract Tower,0,18,14,0,32,0,20,80,0,100,0,38,94,0,132,80,2,82,214
06/15/2000,SMX,CA,AWP,WE,Federal Contract Tower,0,19,14,2,35,0,16,141,4,161,0,35,155,6,196,84,0,84,280
06/16/2000,SMX,CA,AWP,WE,Federal Contract Tower,0,33,25,2,60,0,8,103,0,111,0,41,128,2,171,28,0,28,199
06/17/2000,SMX,CA,AWP,WE,Federal Contract Tower,0,27,23,2,52,0,0,24,0,24,0,27,47,2,76,0,0,0,76
06/18/2000,SMX,CA,AWP,WE,Federal Contract Tower,0,24,18,0,42,0,0,54,0,54,0,24,72,0,96,48,0,48,144
06/19/2000,SMX,CA,AWP,WE,Federal Contract Tower,0,29,23,0,52,0,7,77,0,84,0,36,100,0,136,46,0,46,182
06/20/2000,SMX,CA,AWP,WE,Federal Contract Tower,0,32,26,0,58,4,10,67,0,81,4,42,93,0,139,70,2,72,211
06/21/2000,SMX,CA,AWP,WE,Federal Contract Tower,0,24,19,0,43,0,10,106,0,116,0,34,125,0,159,132,0,132,291
06/22/2000,SMX,CA,AWP,WE,Federal Contract Tower,0,28,22,0,50,0,10,99,0,109,0,38,121,0,159,86,0,86,245
06/23/2000,SMX,CA,AWP,WE,Federal Contract Tower,0,33,29,0,62,0,0,115,0,115,0,33,144,0,177,12,0,12,189
06/24/2000,SMX,CA,AWP,WE,Federal Contract Tower,0,25,22,1,48,0,0,116,2,118,0,25,138,3,166,78,8,86,252
06/25/2000,SMX,CA,AWP,WE,Federal Contract Tower,0,20,20,0,40,0,0,133,0,133,0,20,153,0,173,88,0,88,261
06/26/2000,SMX,CA,AWP,WE,Federal Contract Tower,0,24,19,1,44,0,14,61,0,75,0,38,80,1,119,58,0,58,177
06/27/2000,SMX,CA,AWP,WE,Federal Contract Tower,0,32,26,1,59,0,9,83,2,94,0,41,109,3,153,36,22,58,211
06/28/2000,SMX,CA,AWP,WE,Federal Contract Tower,0,22,18,1,41,0,15,97,3,115,0,37,115,4,156,34,12,46,202
06/29/2000,SMX,CA,AWP,WE,Federal Contract Tower,0,27,22,1,50,0,8,90,5,103,0,35,112,6,153,104,26,130,283
06/30/2000,SMX,CA,AWP,WE,Federal Contract Tower,0,21,16,0,37,2,13,76,0,91,2,34,92,0,128,6,0,6,134
07/01/2000,SMX,CA,AWP,WE,Federal Contract Tower,0,21,15,0,36,0,7,96,0,103,0,28,111,0,139,14,0,14,153
07/02/2000,SMX,CA,AWP,WE,Federal Contract Tower,0,19,14,0,33,0,2,92,0,94,0,21,106,0,127,50,0,50,177
07/03/2000,SMX,CA,AWP,WE,Federal Contract Tower,0,27,19,0,46,0,7,120,0,127,0,34,139,0,173,50,0,50,223
07/04/2000,SMX,CA,AWP,WE,Federal Contract Tower,0,19,13,0,32,0,2,81,8,91,0,21,94,8,123,28,0,28,151
07/05/2000,SMX,CA,AWP,WE,Federal Contract Tower,0,19,13,0,32,0,17,97,0,114,0,36,110,0,146,88,0,88,234
07/06/2000,SMX,CA,AWP,WE,Federal Contract Tower,0,37,26,0,63,0,0,125,0,125,0,37,151,0,188,66,10,76,264
07/07/2000,SMX,CA,AWP,WE,Federal Contract Tower,0,29,21,0,50,2,7,111,0,120,2,36,132,0,170,92,0,92,262
07/08/2000,SMX,CA,AWP,WE,Federal Contract Tower,0,24,18,0,42,0,3,118,0,121,0,27,136,0,163,48,0,48,211
07/09/2000,SMX,CA,AWP,WE,Federal Contract Tower,0,22,16,0,38,0,0,120,0,120,0,22,136,0,158,74,0,74,232
07/10/2000,SMX,CA,AWP,WE,Federal Contract Tower,0,30,22,1,53,2,16,91,0,109,2,46,113,1,162,40,0,40,202
07/11/2000,SMX,CA,AWP,WE,Federal Contract Tower,0,36,26,0,62,0,4,57,0,61,0,40,83,0,123,32,8,40,163
07/12/2000,SMX,CA,AWP,WE,Federal Contract Tower,0,22,16,0,38,0,18,51,0,69,0,40,67,0,107,46,0,46,153
07/13/2000,SMX,CA,AWP,WE,Federal Contract Tower,0,18,13,0,31,0,22,119,0,141,0,40,132,0,172,88,0,88,260
07/14/2000,SMX,CA,AWP,WE,Federal Contract Tower,0,21,15,0,36,0,18,130,0,148,0,39,145,0,184,144,2,146,330
07/15/2000,SMX,CA,AWP,WE,Federal Contract Tower,0,23,17,0,40,0,4,91,0,95,0,27,108,0,135,82,0,82,217
07/16/2000,SMX,CA,AWP,WE,Federal Contract Tower,0,21,15,0,36,0,2,57,0,59,0,23,72,0,95,30,0,30,125
07/17/2000,SMX,CA,AWP,WE,Federal Contract Tower,0,21,15,1,37,0,8,52,1,61,0,29,67,2,98,36,0,36,134
07/18/2000,SMX,CA,AWP,WE,Federal Contract Tower,0,27,18,0,45,0,11,73,0,84,0,38,91,0,129,38,8,46,175
07/19/2000,SMX,CA,AWP,WE,Federal Contract Tower,0,22,14,1,37,0,14,117,4,135,0,36,131,5,172,82,0,82,254
07/20/2000,SMX,CA,AWP,WE,Federal Contract Tower,0,27,18,1,46,0,6,114,1,121,0,33,132,2,167,92,14,106,273
07/21/2000,SMX,CA,AWP,WE,Federal Contract Tower,0,21,13,1,35,0,20,91,1,112,0,41,104,2,147,24,0,24,171
07/22/2000,SMX,CA,AWP,WE,Federal Contract Tower,0,18,12,1,31,0,9,137,7,153,0,27,149,8,184,60,0,60,244
07/23/2000,SMX,CA,AWP,WE,Federal Contract Tower,0,14,8,1,23,0,7,135,1,143,0,21,143,2,166,84,0,84,250
07/24/2000,SMX,CA,AWP,WE,Federal Contract Tower,0,21,13,1,35,0,11,66,0,77,0,32,79,1,112,30,2,32,144
07/25/2000,SMX,CA,AWP,WE,Federal Contract Tower,0,22,14,1,37,0,11,82,1,94,0,33,96,2,131,80,0,80,211
07/26/2000,SMX,CA,AWP,WE,Federal Contract Tower,0,21,15,0,36,0,13,83,4,100,0,34,98,4,136,28,0,28,164
07/27/2000,SMX,CA,AWP,WE,Federal Contract Tower,0,19,13,0,32,0,18,138,0,156,0,37,151,0,188,114,0,114,302
07/28/2000,SMX,CA,AWP,WE,Federal Contract Tower,0,22,16,0,38,0,9,119,0,128,0,31,135,0,166,32,0,32,198
07/29/2000,SMX,CA,AWP,WE,Federal Contract Tower,0,26,19,0,45,0,2,102,0,104,0,28,121,0,149,104,0,104,253
07/30/2000,SMX,CA,AWP,WE,Federal Contract Tower,0,21,15,0,36,0,0,126,3,129,0,21,141,3,165,120,4,124,289
07/31/2000,SMX,CA,AWP,WE,Federal Contract Tower,0,22,15,0,37,0,13,88,0,101,0,35,103,0,138,64,0,64,202
08/01/2000,SMX,CA,AWP,WE,Federal Contract Tower,0,22,15,0,37,0,12,118,3,133,0,34,133,3,170,60,14,74,244
08/02/2000,SMX,CA,AWP,WE,Federal Contract Tower,0,21,14,0,35,0,13,98,0,111,0,34,112,0,146,72,0,72,218
08/03/2000,SMX,CA,AWP,WE,Federal Contract Tower,0,23,16,0,39,0,19,106,0,125,0,42,122,0,164,112,0,112,276
08/04/2000,SMX,CA,AWP,WE,Federal Contract Tower,0,25,17,0,42,0,6,87,0,93,0,31,104,0,135,76,0,76,211
08/05/2000,SMX,CA,AWP,WE,Federal Contract Tower,0,15,10,0,25,0,8,123,16,147,0,23,133,16,172,124,0,124,296
08/06/2000,SMX,CA,AWP,WE,Federal Contract Tower,0,15,10,0,25,0,5,109,0,114,0,20,119,0,139,118,0,118,257
08/07/2000,SMX,CA,AWP,WE,Federal Contract Tower,0,26,17,0,43,0,6,79,2,87,0,32,96,2,130,112,0,112,242
08/08/2000,SMX,CA,AWP,WE,Federal Contract Tower,0,29,20,0,49,0,12,71,1,84,0,41,91,1,133,34,0,34,167
08/09/2000,SMX,CA,AWP,WE,Federal Contract Tower,0,23,16,1,40,2,15,84,3,104,2,38,100,4,144,62,0,62,206
08/10/2000,SMX,CA,AWP,WE,Federal Contract Tower,0,25,17,1,43,2,14,117,0,133,2,39,134,1,176,80,0,80,256
08/11/2000,SMX,CA,AWP,WE,Federal Contract Tower,0,17,12,0,29,0,22,126,0,148,0,39,138,0,177,124,0,124,301
08/12/2000,SMX,CA,AWP,WE,Federal Contract Tower,0,20,13,0,33,0,2,167,0,169,0,22,180,0,202,106,2,108,310
08/13/2000,SMX,CA,AWP,WE,Federal Contract Tower,0,18,13,1,32,0,2,140,1,143,0,20,153,2,175,78,0,78,253
08/14/2000,SMX,CA,AWP,WE,Federal Contract Tower,0,17,12,1,30,0,20,135,1,156,0,37,147,2,186,38,4,42,228
08/15/2000,SMX,CA,AWP,WE,Federal Contract Tower,0,15,11,1,27,0,39,137,0,176,0,54,148,1,203,66,0,66,269
08/16/2000,SMX,CA,AWP,WE,Federal Contract Tower,0,19,12,1,32,0,13,135,1,149,0,32,147,2,181,38,0,38,219
08/17/2000,SMX,CA,AWP,WE,Federal Contract Tower,0,16,9,1,26,0,27,165,1,193,0,43,174,2,219,92,4,96,315
08/18/2000,SMX,CA,AWP,WE,Federal Contract Tower,0,16,10,0,26,2,20,138,0,160,2,36,148,0,186,84,0,84,270
08/19/2000,SMX,CA,AWP,WE,Federal Contract Tower,0,20,12,0,32,0,8,147,0,155,0,28,159,0,187,52,0,52,239
08/20/2000,SMX,CA,AWP,WE,Federal Contract Tower,0,21,13,0,34,2,2,128,0,132,2,23,141,0,166,96,0,96,262
08/21/2000,SMX,CA,AWP,WE,Federal Contract Tower,0,31,19,0,50,0,8,83,0,91,0,39,102,0,141,64,0,64,205
08/22/2000,SMX,CA,AWP,WE,Federal Contract Tower,0,28,17,0,45,0,11,81,0,92,0,39,98,0,137,42,0,42,179
08/23/2000,SMX,CA,AWP,WE,Federal Contract Tower,0,32,20,0,52,0,6,81,0,87,0,38,101,0,139,34,0,34,173
08/24/2000,SMX,CA,AWP,WE,Federal Contract Tower,0,29,17,0,46,0,18,124,0,142,0,47,141,0,188,152,10,162,350
08/25/2000,SMX,CA,AWP,WE,Federal Contract Tower,0,27,20,2,49,0,0,128,2,130,0,27,148,4,179,74,0,74,253
08/26/2000,SMX,CA,AWP,WE,Federal Contract Tower,0,22,13,0,35,0,4,137,0,141,0,26,150,0,176,62,0,62,238
08/27/2000,SMX,CA,AWP,WE,Federal Contract Tower,0,16,10,0,26,0,10,130,0,140,0,26,140,0,166,86,0,86,252
08/28/2000,SMX,CA,AWP,WE,Federal Contract Tower,0,27,17,0,44,0,12,78,0,90,0,39,95,0,134,86,0,86,220
08/29/2000,SMX,CA,AWP,WE,Federal Contract Tower,0,34,21,1,56,0,3,73,1,77,0,37,94,2,133,58,0,58,191
08/30/2000,SMX,CA,AWP,WE,Federal Contract Tower,0,36,23,0,59,0,1,61,0,62,0,37,84,0,121,66,0,66,187
08/31/2000,SMX,CA,AWP,WE,Federal Contract Tower,0,37,24,0,61,0,3,107,0,110,0,40,131,0,171,116,0,116,287
09/01/2000,SMX,CA,AWP,WE,Federal Contract Tower,0,31,17,0,48,0,10,95,6,111,0,41,112,6,159,90,2,92,251
09/02/2000,SMX,CA,AWP,WE,Federal Contract Tower,0,20,10,0,30,0,11,165,1,177,0,31,175,1,207,120,0,120,327
09/03/2000,SMX,CA,AWP,WE,Federal Contract Tower,0,16,8,0,24,0,3,123,2,128,0,19,131,2,152,16,0,16,168
09/04/2000,SMX,CA,AWP,WE,Federal Contract Tower,0,20,10,0,30,0,4,101,0,105,0,24,111,0,135,92,0,92,227
09/05/2000,SMX,CA,AWP,WE,Federal Contract Tower,0,20,11,1,32,0,20,124,3,147,0,40,135,4,179,126,2,128,307
09/06/2000,SMX,CA,AWP,WE,Federal Contract Tower,0,14,8,1,23,0,29,112,2,143,0,43,120,3,166,88,0,88,254
09/07/2000,SMX,CA,AWP,WE,Federal Contract Tower,0,19,10,1,30,0,26,87,0,113,0,45,97,1,143,66,70,136,279
09/08/2000,SMX,CA,AWP,WE,Federal Contract Tower,0,30,16,1,47,0,9,116,4,129,0,39,132,5,176,78,2,80,256
09/09/2000,SMX,CA,AWP,WE,Federal Contract Tower,0,20,11,0,31,0,17,167,0,184,0,37,178,0,215,158,0,158,373
09/10/2000,SMX,CA,AWP,WE,Federal Contract Tower,0,18,9,1,28,0,0,182,2,184,0,18,191,3,212,130,0,130,342
09/11/2000,SMX,CA,AWP,WE,Federal Contract Tower,0,22,11,0,33,0,11,106,0,117,0,33,117,0,150,100,8,108,258
09/12/2000,SMX,CA,AWP,WE,Federal Contract Tower,0,18,10,0,28,0,23,120,0,143,0,41,130,0,171,64,0,64,235
09/13/2000,SMX,CA,AWP,WE,Federal Contract Tower,0,15,8,1,24,0,17,90,0,107,0,32,98,1,131,54,0,54,185
09/14/2000,SMX,CA,AWP,WE,Federal Contract Tower,0,28,15,0,43,0,9,116,0,125,0,37,131,0,168,74,0,74,242
09/15/2000,SMX,CA,AWP,WE,Federal Contract Tower,0,35,18,0,53,2,7,87,0,96,2,42,105,0,149,116,0,116,265
09/16/2000,SMX,CA,AWP,WE,Federal Contract Tower,0,16,9,0,25,0,4,132,0,136,0,20,141,0,161,24,0,24,185
09/17/2000,SMX,CA,AWP,WE,Federal Contract Tower,0,15,6,1,22,0,3,109,0,112,0,18,115,1,134,98,0,98,232
09/18/2000,SMX,CA,AWP,WE,Federal Contract Tower,0,17,8,1,26,0,15,125,11,151,0,32,133,12,177,122,0,122,299
09/19/2000,SMX,CA,AWP,WE,Federal Contract Tower,0,24,11,0,35,0,3,81,0,84,0,27,92,0,119,56,0,56,175
09/20/2000,SMX,CA,AWP,WE,Federal Contract Tower,0,33,17,0,50,0,0,51,0,51,0,33,68,0,101,44,0,44,145
09/21/2000,SMX,CA,AWP,WE,Federal Contract Tower,0,27,13,1,41,0,12,29,1,42,0,39,42,2,83,24,0,24,107
09/22/2000,SMX,CA,AWP,WE,Federal Contract Tower,0,35,17,1,53,2,1,63,1,67,2,36,80,2,120,24,0,24,144
09/23/2000,SMX,CA,AWP,WE,Federal Contract Tower,0,22,11,1,34,1,0,89,0,90,1,22,100,1,124,22,0,22,146
09/24/2000,SMX,CA,AWP,WE,Federal Contract Tower,0,16,8,0,24,0,4,114,0,118,0,20,122,0,142,38,0,38,180
09/25/2000,SMX,CA,AWP,WE,Federal Contract Tower,0,32,16,0,48,0,12,96,0,108,0,44,112,0,156,84,22,106,262
09/26/2000,SMX,CA,AWP,WE,Federal Contract Tower,0,30,16,0,46,0,5,93,2,100,0,35,109,2,146,82,2,84,230
09/27/2000,SMX,CA,AWP,WE,Federal Contract Tower,0,30,15,0,45,0,12,98,0,110,0,42,113,0,155,60,0,60,215
09/28/2000,SMX,CA,AWP,WE,Federal Contract Tower,0,30,15,0,45,0,10,66,0,76,0,40,81,0,121,64,6,70,191
09/29/2000,SMX,CA,AWP,WE,Federal Contract Tower,0,20,10,0,30,0,15,89,0,104,0,35,99,0,134,34,2,36,170
09/30/2000,SMX,CA,AWP,WE,Federal Contract Tower,0,20,10,0,30,0,12,124,0,136,0,32,134,0,166,98,0,98,264
10/01/2000,SMX,CA,AWP,WE,Federal Contract Tower,1,18,14,0,33,1,3,91,0,95,2,21,105,0,128,46,0,46,174
10/02/2000,SMX,CA,AWP,WE,Federal Contract Tower,0,27,22,0,49,0,9,89,0,98,0,36,111,0,147,66,0,66,213
10/03/2000,SMX,CA,AWP,WE,Federal Contract Tower,0,25,21,0,46,0,8,108,0,116,0,33,129,0,162,88,0,88,250
10/04/2000,SMX,CA,AWP,WE,Federal Contract Tower,0,36,28,1,65,0,3,62,1,66,0,39,90,2,131,50,0,50,181
10/05/2000,SMX,CA,AWP,WE,Federal Contract Tower,0,29,23,0,52,0,9,122,0,131,0,38,145,0,183,138,4,142,325
10/06/2000,SMX,CA,AWP,WE,Federal Contract Tower,0,35,33,0,68,0,0,30,0,30,0,35,63,0,98,66,0,66,164
10/07/2000,SMX,CA,AWP,WE,Federal Contract Tower,0,28,26,0,54,0,0,50,0,50,0,28,76,0,104,74,0,74,178
10/08/2000,SMX,CA,AWP,WE,Federal Contract Tower,0,15,13,0,28,0,2,94,0,96,0,17,107,0,124,68,0,68,192
10/09/2000,SMX,CA,AWP,WE,Federal Contract Tower,0,27,22,0,49,0,5,87,0,92,0,32,109,0,141,88,0,88,229
10/10/2000,SMX,CA,AWP,WE,Federal Contract Tower,0,36,29,2,67,0,6,45,2,53,0,42,74,4,120,2,0,2,122
10/11/2000,SMX,CA,AWP,WE,Federal Contract Tower,0,30,25,1,56,0,3,33,0,36,0,33,58,1,92,44,0,44,136
10/12/2000,SMX,CA,AWP,WE,Federal Contract Tower,0,21,17,0,38,0,13,69,0,82,0,34,86,0,120,56,20,76,196
10/13/2000,SMX,CA,AWP,WE,Federal Contract Tower,0,15,13,1,29,0,25,89,3,117,0,40,102,4,146,70,0,70,216
10/14/2000,SMX,CA,AWP,WE,Federal Contract Tower,0,18,13,1,32,0,10,124,3,137,0,28,137,4,169,66,0,66,235
10/15/2000,SMX,CA,AWP,WE,Federal Contract Tower,0,12,7,0,19,0,4,139,0,143,0,16,146,0,162,88,2,90,252
10/16/2000,SMX,CA,AWP,WE,Federal Contract Tower,0,21,15,1,37,0,9,80,15,104,0,30,95,16,141,74,6,80,221
10/17/2000,SMX,CA,AWP,WE,Federal Contract Tower,0,20,15,0,35,0,16,77,0,93,0,36,92,0,128,94,2,96,224
10/18/2000,SMX,CA,AWP,WE,Federal Contract Tower,0,34,25,1,60,0,23,60,0,83,0,57,85,1,143,50,0,50,193
10/19/2000,SMX,CA,AWP,WE,Federal Contract Tower,0,21,16,0,37,0,14,82,0,96,0,35,98,0,133,16,0,16,149
10/20/2000,SMX,CA,AWP,WE,Federal Contract Tower,0,16,12,0,28,1,21,101,0,123,1,37,113,0,151,106,0,106,257
10/21/2000,SMX,CA,AWP,WE,Federal Contract Tower,0,15,10,0,25,0,7,60,0,67,0,22,70,0,92,42,0,42,134
10/22/2000,SMX,CA,AWP,WE,Federal Contract Tower,0,12,11,0,23,2,0,114,0,116,2,12,125,0,139,119,0,119,258
10/23/2000,SMX,CA,AWP,WE,Federal Contract Tower,0,19,13,0,32,0,16,129,0,145,0,35,142,0,177,112,0,112,289
10/24/2000,SMX,CA,AWP,WE,Federal Contract Tower,0,24,18,1,43,0,21,104,1,126,0,45,122,2,169,94,8,102,271
10/25/2000,SMX,CA,AWP,WE,Federal Contract Tower,0,25,19,0,44,0,16,71,0,87,0,41,90,0,131,54,0,54,185
10/26/2000,SMX,CA,AWP,WE,Federal Contract Tower,0,30,24,0,54,0,11,8,0,19,0,41,32,0,73,14,4,18,91
10/27/2000,SMX,CA,AWP,WE,Federal Contract Tower,0,22,17,0,39,1,7,72,4,84,1,29,89,4,123,22,0,22,145
10/28/2000,SMX,CA,AWP,WE,Federal Contract Tower,0,22,20,0,42,1,0,104,2,107,1,22,124,2,149,96,0,96,245
10/29/2000,SMX,CA,AWP,WE,Federal Contract Tower,0,16,14,0,30,0,0,23,1,24,0,16,37,1,54,26,0,26,80
10/30/2000,SMX,CA,AWP,WE,Federal Contract Tower,0,20,16,0,36,0,12,75,0,87,0,32,91,0,123,52,0,52,175
10/31/2000,SMX,CA,AWP,WE,Federal Contract Tower,0,18,14,0,32,0,18,102,0,120,0,36,116,0,152,116,0,116,268
11/01/2000,SMX,CA,AWP,WE,Federal Contract Tower,0,11,8,0,19,0,21,103,0,124,0,32,111,0,143,90,0,90,233
11/02/2000,SMX,CA,AWP,WE,Federal Contract Tower,0,20,15,1,36,0,23,87,1,111,0,43,102,2,147,82,0,82,229
11/03/2000,SMX,CA,AWP,WE,Federal Contract Tower,1,18,13,1,33,1,19,65,0,85,2,37,78,1,118,144,0,144,262
11/04/2000,SMX,CA,AWP,WE,Federal Contract Tower,1,15,11,0,27,1,6,123,0,130,2,21,134,0,157,78,0,78,235
11/05/2000,SMX,CA,AWP,WE,Federal Contract Tower,0,16,14,0,30,0,0,112,0,112,0,16,126,0,142,144,0,144,286
11/06/2000,SMX,CA,AWP,WE,Federal Contract Tower,0,17,12,0,29,0,14,80,0,94,0,31,92,0,123,82,0,82,205
11/07/2000,SMX,CA,AWP,WE,Federal Contract Tower,0,16,11,0,27,0,22,110,0,132,0,38,121,0,159,108,0,108,267
11/08/2000,SMX,CA,AWP,WE,Federal Contract Tower,0,22,15,2,39,0,18,125,0,143,0,40,140,2,182,122,0,122,304
11/09/2000,SMX,CA,AWP,WE,Federal Contract Tower,0,16,11,1,28,0,25,92,0,117,0,41,103,1,145,60,0,60,205
11/10/2000,SMX,CA,AWP,WE,Federal Contract Tower,0,17,12,2,31,0,20,70,0,90,0,37,82,2,121,74,0,74,195
11/11/2000,SMX,CA,AWP,WE,Federal Contract Tower,0,19,14,0,33,0,6,110,0,116,0,25,124,0,149,64,0,64,213
11/12/2000,SMX,CA,AWP,WE,Federal Contract Tower,0,18,13,0,31,0,0,116,0,116,0,18,129,0,147,94,0,94,241
11/13/2000,SMX,CA,AWP,WE,Federal Contract Tower,0,18,13,2,33,0,15,82,0,97,0,33,95,2,130,78,2,80,210
11/14/2000,SMX,CA,AWP,WE,Federal Contract Tower,0,19,14,0,33,0,19,96,0,115,0,38,110,0,148,116,2,118,266
11/15/2000,SMX,CA,AWP,WE,Federal Contract Tower,0,13,9,0,22,0,26,90,0,116,0,39,99,0,138,100,0,100,238
11/16/2000,SMX,CA,AWP,WE,Federal Contract Tower,0,25,18,0,43,0,15,103,0,118,0,40,121,0,161,70,0,70,231
11/17/2000,SMX,CA,AWP,WE,Federal Contract Tower,0,20,15,2,37,0,12,76,1,89,0,32,91,3,126,68,4,72,198
11/18/2000,SMX,CA,AWP,WE,Federal Contract Tower,0,15,9,1,25,0,9,107,0,116,0,24,116,1,141,110,0,110,251
11/19/2000,SMX,CA,AWP,WE,Federal Contract Tower,0,17,12,2,31,0,0,143,0,143,0,17,155,2,174,100,0,100,274
11/20/2000,SMX,CA,AWP,WE,Federal Contract Tower,0,19,11,0,30,0,14,122,0,136,0,33,133,0,166,110,0,110,276
11/21/2000,SMX,CA,AWP,WE,Federal Contract Tower,0,23,14,2,39,0,18,85,0,103,0,41,99,2,142,66,0,66,208
11/22/2000,SMX,CA,AWP,WE,Federal Contract Tower,0,21,14,0,35,0,14,116,0,130,0,35,130,0,165,50,0,50,215
11/23/2000,SMX,CA,AWP,WE,Federal Contract Tower,0,9,6,0,15,1,6,95,0,102,1,15,101,0,117,32,0,32,149
11/24/2000,SMX,CA,AWP,WE,Federal Contract Tower,0,15,10,0,25,1,20,104,0,125,1,35,114,0,150,28,0,28,178
11/25/2000,SMX,CA,AWP,WE,Federal Contract Tower,0,19,12,0,31,0,6,87,0,93,0,25,99,0,124,82,0,82,206
11/26/2000,SMX,CA,AWP,WE,Federal Contract Tower,0,13,9,0,22,1,3,102,0,106,1,16,111,0,128,98,0,98,226
11/27/2000,SMX,CA,AWP,WE,Federal Contract Tower,0,20,13,0,33,0,10,120,0,130,0,30,133,0,163,136,12,148,311
11/28/2000,SMX,CA,AWP,WE,Federal Contract Tower,0,28,20,0,48,0,27,78,0,105,0,55,98,0,153,90,10,100,253
11/29/2000,SMX,CA,AWP,WE,Federal Contract Tower,0,28,19,1,48,0,6,46,1,53,0,34,65,2,101,2,16,18,119
11/30/2000,SMX,CA,AWP,WE,Federal Contract Tower,0,19,12,0,31,0,17,103,0,120,0,36,115,0,151,48,12,60,211
12/01/2000,SMX,CA,AWP,WE,Federal Contract Tower,0,19,15,0,34,0,13,70,0,83,0,32,85,0,117,86,9,95,212
12/02/2000,SMX,CA,AWP,WE,Federal Contract Tower,0,17,12,0,29,0,11,81,0,92,0,28,93,0,121,90,0,90,211
12/03/2000,SMX,CA,AWP,WE,Federal Contract Tower,0,14,10,0,24,0,0,155,0,155,0,14,165,0,179,118,0,118,297
12/04/2000,SMX,CA,AWP,WE,Federal Contract Tower,0,19,14,1,34,0,19,91,3,113,0,38,105,4,147,152,0,152,299
12/05/2000,SMX,CA,AWP,WE,Federal Contract Tower,0,15,12,1,28,0,27,75,1,103,0,42,87,2,131,200,0,200,331
12/06/2000,SMX,CA,AWP,WE,Federal Contract Tower,0,28,21,1,50,0,13,107,0,120,0,41,128,1,170,190,2,192,362
12/07/2000,SMX,CA,AWP,WE,Federal Contract Tower,0,14,11,0,25,0,23,107,0,130,0,37,118,0,155,140,0,140,295
12/08/2000,SMX,CA,AWP,WE,Federal Contract Tower,0,39,30,2,71,0,0,32,0,32,0,39,62,2,103,22,0,22,125
12/09/2000,SMX,CA,AWP,WE,Federal Contract Tower,0,24,18,0,42,0,0,39,0,39,0,24,57,0,81,64,0,64,145
12/10/2000,SMX,CA,AWP,WE,Federal Contract Tower,0,13,10,0,23,0,10,112,0,122,0,23,122,0,145,104,0,104,249
12/11/2000,SMX,CA,AWP,WE,Federal Contract Tower,0,21,16,0,37,0,17,123,0,140,0,38,139,0,177,232,0,232,409
12/12/2000,SMX,CA,AWP,WE,Federal Contract Tower,0,22,16,0,38,0,17,91,0,108,0,39,107,0,146,88,0,88,234
12/13/2000,SMX,CA,AWP,WE,Federal Contract Tower,0,22,16,0,38,0,19,108,0,127,0,41,124,0,165,100,0,100,265
12/14/2000,SMX,CA,AWP,WE,Federal Contract Tower,0,21,15,1,37,1,16,104,0,121,1,37,119,1,158,86,0,86,244
12/15/2000,SMX,CA,AWP,WE,Federal Contract Tower,0,18,14,1,33,0,17,76,2,95,0,35,90,3,128,114,8,122,250
12/16/2000,SMX,CA,AWP,WE,Federal Contract Tower,0,13,9,0,22,0,10,120,0,130,0,23,129,0,152,58,0,58,210
12/17/2000,SMX,CA,AWP,WE,Federal Contract Tower,0,12,8,1,21,0,4,110,0,114,0,16,118,1,135,58,2,60,195
12/18/2000,SMX,CA,AWP,WE,Federal Contract Tower,0,15,10,0,25,0,17,109,0,126,0,32,119,0,151,90,4,94,245
12/19/2000,SMX,CA,AWP,WE,Federal Contract Tower,0,18,12,1,31,0,27,94,5,126,0,45,106,6,157,114,4,118,275
12/20/2000,SMX,CA,AWP,WE,Federal Contract Tower,0,18,11,0,29,0,24,126,0,150,0,42,137,0,179,122,0,122,301
12/21/2000,SMX,CA,AWP,WE,Federal Contract Tower,0,25,17,2,44,0,12,98,0,110,0,37,115,2,154,64,2,66,220
12/22/2000,SMX,CA,AWP,WE,Federal Contract Tower,0,15,10,1,26,0,11,94,0,105,0,26,104,1,131,84,0,84,215
12/23/2000,SMX,CA,AWP,WE,Federal Contract Tower,0,16,11,0,27,0,5,94,0,99,0,21,105,0,126,66,0,66,192
12/24/2000,SMX,CA,AWP,WE,Federal Contract Tower,0,11,7,0,18,0,6,75,0,81,0,17,82,0,99,20,0,20,119
12/25/2000,SMX,CA,AWP,WE,Federal Contract Tower,0,9,6,0,15,0,3,71,0,74,0,12,77,0,89,18,0,18,107
12/26/2000,SMX,CA,AWP,WE,Federal Contract Tower,0,14,10,0,24,0,24,95,0,119,0,38,105,0,143,116,0,116,259
12/27/2000,SMX,CA,AWP,WE,Federal Contract Tower,0,25,18,0,43,0,9,122,0,131,0,34,140,0,174,120,0,120,294
12/28/2000,SMX,CA,AWP,WE,Federal Contract Tower,0,20,14,0,34,0,19,146,0,165,0,39,160,0,199,94,0,94,293
12/29/2000,SMX,CA,AWP,WE,Federal Contract Tower,0,19,13,0,32,0,13,118,0,131,0,32,131,0,163,142,0,142,305
12/30/2000,SMX,CA,AWP,WE,Federal Contract Tower,0,14,9,0,23,0,7,130,0,137,0,21,139,0,160,138,0,138,298
12/31/2000,SMX,CA,AWP,WE,Federal Contract Tower,0,11,8,0,19,2,6,128,0,136,2,17,136,0,155,68,0,68,223
01/01/2001,SMX,CA,AWP,WE,Federal Contract Tower,0,13,7,0,20,0,3,84,0,87,0,16,91,0,107,78,0,78,185
01/02/2001,SMX,CA,AWP,WE,Federal Contract Tower,0,17,10,0,27,0,29,123,0,152,0,46,133,0,179,218,0,218,397
01/03/2001,SMX,CA,AWP,WE,Federal Contract Tower,0,17,10,0,27,0,31,169,0,200,0,48,179,0,227,184,0,184,411
01/04/2001,SMX,CA,AWP,WE,Federal Contract Tower,0,22,12,0,34,0,19,120,0,139,0,41,132,0,173,190,18,208,381
01/05/2001,SMX,CA,AWP,WE,Federal Contract Tower,0,24,13,2,39,0,12,115,4,131,0,36,128,6,170,67,0,67,237
01/06/2001,SMX,CA,AWP,WE,Federal Contract Tower,0,15,9,1,25,0,5,113,4,122,0,20,122,5,147,56,0,56,203
01/07/2001,SMX,CA,AWP,WE,Federal Contract Tower,0,16,9,0,25,0,0,89,0,89,0,16,98,0,114,132,0,132,246
01/08/2001,SMX,CA,AWP,WE,Federal Contract Tower,0,26,14,0,40,0,4,50,0,54,0,30,64,0,94,14,4,18,112
01/09/2001,SMX,CA,AWP,WE,Federal Contract Tower,0,22,12,2,36,0,16,81,1,98,0,38,93,3,134,82,15,97,231
01/10/2001,SMX,CA,AWP,WE,Federal Contract Tower,0,26,14,0,40,0,6,21,0,27,0,32,35,0,67,10,0,10,77
01/11/2001,SMX,CA,AWP,WE,Federal Contract Tower,0,26,14,2,42,0,10,54,0,64,0,36,68,2,106,0,0,0,106
01/12/2001,SMX,CA,AWP,WE,Federal Contract Tower,0,22,12,0,34,0,7,55,0,62,0,29,67,0,96,38,0,38,134
01/13/2001,SMX,CA,AWP,WE,Federal Contract Tower,0,15,9,0,24,0,6,95,0,101,0,21,104,0,125,90,0,90,215
01/14/2001,SMX,CA,AWP,WE,Federal Contract Tower,0,16,9,1,26,0,0,103,2,105,0,16,112,3,131,96,0,96,227
01/15/2001,SMX,CA,AWP,WE,Federal Contract Tower,0,17,10,0,27,0,11,115,0,126,0,28,125,0,153,88,0,88,241
01/16/2001,SMX,CA,AWP,WE,Federal Contract Tower,0,16,9,1,26,0,25,93,0,118,0,41,102,1,144,120,0,120,264
01/17/2001,SMX,CA,AWP,WE,Federal Contract Tower,0,15,7,0,22,0,33,126,0,159,0,48,133,0,181,74,10,84,265
01/18/2001,SMX,CA,AWP,WE,Federal Contract Tower,0,23,11,1,35,0,22,110,0,132,0,45,121,1,167,124,0,124,291
01/19/2001,SMX,CA,AWP,WE,Federal Contract Tower,0,22,11,2,35,0,16,109,2,127,0,38,120,4,162,54,0,54,216
01/20/2001,SMX,CA,AWP,WE,Federal Contract Tower,0,19,9,0,28,2,2,130,0,134,2,21,139,0,162,110,4,114,276
01/21/2001,SMX,CA,AWP,WE,Federal Contract Tower,0,16,8,1,25,1,7,111,0,119,1,23,119,1,144,140,0,140,284
01/22/2001,SMX,CA,AWP,WE,Federal Contract Tower,0,22,11,0,33,0,19,87,0,106,0,41,98,0,139,166,0,166,305
01/23/2001,SMX,CA,AWP,WE,Federal Contract Tower,0,26,14,1,41,0,12,55,1,68,0,38,69,2,109,38,2,40,149
01/24/2001,SMX,CA,AWP,WE,Federal Contract Tower,0,31,17,0,48,0,6,47,0,53,0,37,64,0,101,22,0,22,123
01/25/2001,SMX,CA,AWP,WE,Federal Contract Tower,0,28,15,1,44,0,8,127,0,135,0,36,142,1,179,44,0,44,223
01/26/2001,SMX,CA,AWP,WE,Federal Contract Tower,0,34,18,0,52,0,7,57,0,64,0,41,75,0,116,56,0,56,172
01/27/2001,SMX,CA,AWP,WE,Federal Contract Tower,0,19,11,0,30,0,4,119,2,125,0,23,130,2,155,112,0,112,267
01/28/2001,SMX,CA,AWP,WE,Federal Contract Tower,0,17,10,1,28,0,0,136,0,136,0,17,146,1,164,84,0,84,248
01/29/2001,SMX,CA,AWP,WE,Federal Contract Tower,0,25,13,0,38,0,14,100,0,114,0,39,113,0,152,132,4,136,288
01/30/2001,SMX,CA,AWP,WE,Federal Contract Tower,0,16,8,0,24,0,20,122,1,143,0,36,130,1,167,140,0,140,307
01/31/2001,SMX,CA,AWP,WE,Federal Contract Tower,0,17,10,0,27,0,30,136,2,168,0,47,146,2,195,181,4,185,380
02/01/2001,SMX,CA,AWP,WE,Federal Contract Tower,0,34,17,0,51,0,17,121,0,138,0,51,138,0,189,112,0,112,301
02/02/2001,SMX,CA,AWP,WE,Federal Contract Tower,0,15,8,0,23,0,18,88,4,110,0,33,96,4,133,122,2,124,257
02/03/2001,SMX,CA,AWP,WE,Federal Contract Tower,0,16,8,1,25,0,6,108,3,117,0,22,116,4,142,34,0,34,176
02/04/2001,SMX,CA,AWP,WE,Federal Contract Tower,0,16,8,1,25,0,0,144,5,149,0,16,152,6,174,124,0,124,298
02/05/2001,SMX,CA,AWP,WE,Federal Contract Tower,0,16,8,0,24,0,22,107,0,129,0,38,115,0,153,174,0,174,327
02/06/2001,SMX,CA,AWP,WE,Federal Contract Tower,0,28,13,1,42,0,6,50,0,56,0,34,63,1,98,30,2,32,130
02/07/2001,SMX,CA,AWP,WE,Federal Contract Tower,0,14,7,1,22,0,20,68,1,89,0,34,75,2,111,46,6,52,163
02/08/2001,SMX,CA,AWP,WE,Federal Contract Tower,0,32,15,2,49,0,21,129,3,153,0,53,144,5,202,160,0,160,362
02/09/2001,SMX,CA,AWP,WE,Federal Contract Tower,0,31,15,0,46,0,2,31,0,33,0,33,46,0,79,28,0,28,107
02/10/2001,SMX,CA,AWP,WE,Federal Contract Tower,0,15,8,1,24,0,8,51,0,59,0,23,59,1,83,22,0,22,105
02/11/2001,SMX,CA,AWP,WE,Federal Contract Tower,0,11,5,0,16,0,3,17,0,20,0,14,22,0,36,8,0,8,44
02/12/2001,SMX,CA,AWP,WE,Federal Contract Tower,0,27,13,0,40,0,8,60,0,68,0,35,73,0,108,66,0,66,174
02/13/2001,SMX,CA,AWP,WE,Federal Contract Tower,0,26,13,0,39,0,5,22,0,27,0,31,35,0,66,26,0,26,92
02/14/2001,SMX,CA,AWP,WE,Federal Contract Tower,0,27,13,0,40,0,16,84,0,100,0,43,97,0,140,90,4,94,234
02/15/2001,SMX,CA,AWP,WE,Federal Contract Tower,0,26,13,0,39,0,10,94,0,104,0,36,107,0,143,56,2,58,201
02/16/2001,SMX,CA,AWP,WE,Federal Contract Tower,0,27,13,2,42,0,10,123,5,138,0,37,136,7,180,110,2,112,292
02/17/2001,SMX,CA,AWP,WE,Federal Contract Tower,0,18,8,1,27,0,4,76,1,81,0,22,84,2,108,58,0,58,166
02/18/2001,SMX,CA,AWP,WE,Federal Contract Tower,0,17,8,2,27,0,0,45,0,45,0,17,53,2,72,50,0,50,122
02/19/2001,SMX,CA,AWP,WE,Federal Contract Tower,0,16,7,0,23,0,6,19,0,25,0,22,26,0,48,14,0,14,62
02/20/2001,SMX,CA,AWP,WE,Federal Contract Tower,0,35,16,0,51,0,11,39,0,50,0,46,55,0,101,30,0,30,131
02/21/2001,SMX,CA,AWP,WE,Federal Contract Tower,0,27,12,0,39,0,12,109,0,121,0,39,121,0,160,156,4,160,320
02/22/2001,SMX,CA,AWP,WE,Federal Contract Tower,0,29,13,1,43,0,17,63,0,80,0,46,76,1,123,82,6,88,211
02/23/2001,SMX,CA,AWP,WE,Federal Contract Tower,0,35,17,1,53,0,9,69,0,78,0,44,86,1,131,112,0,112,243
02/24/2001,SMX,CA,AWP,WE,Federal Contract Tower,0,18,9,0,27,0,1,14,0,15,0,19,23,0,42,0,0,0,42
02/25/2001,SMX,CA,AWP,WE,Federal Contract Tower,0,13,8,0,21,0,0,52,1,53,0,13,60,1,74,160,0,160,234
02/26/2001,SMX,CA,AWP,WE,Federal Contract Tower,0,27,13,1,41,0,13,35,1,49,0,40,48,2,90,10,2,12,102
02/27/2001,SMX,CA,AWP,WE,Federal Contract Tower,0,32,15,0,47,0,16,68,0,84,0,48,83,0,131,62,6,68,199
02/28/2001,SMX,CA,AWP,WE,Federal Contract Tower,0,27,12,1,40,2,22,58,1,83,2,49,70,2,123,34,0,34,157
03/01/2001,SMX,CA,AWP,WE,Federal Contract Tower,0,21,15,0,36,0,28,151,2,181,0,49,166,2,217,140,2,142,359
03/02/2001,SMX,CA,AWP,WE,Federal Contract Tower,0,22,16,0,38,0,11,34,2,47,0,33,50,2,85,110,0,110,195
03/03/2001,SMX,CA,AWP,WE,Federal Contract Tower,0,18,13,0,31,0,4,80,0,84,0,22,93,0,115,84,14,98,213
03/04/2001,SMX,CA,AWP,WE,Federal Contract Tower,0,14,7,0,21,0,2,0,0,2,0,16,7,0,23,0,4,4,27
03/05/2001,SMX,CA,AWP,WE,Federal Contract Tower,0,18,13,0,31,0,16,9,0,25,0,34,22,0,56,4,0,4,60
03/06/2001,SMX,CA,AWP,WE,Federal Contract Tower,0,25,19,1,45,0,19,32,3,54,0,44,51,4,99,12,0,12,111
03/07/2001,SMX,CA,AWP,WE,Federal Contract Tower,0,20,15,0,35,0,23,126,0,149,0,43,141,0,184,94,0,94,278
03/08/2001,SMX,CA,AWP,WE,Federal Contract Tower,0,37,30,0,67,0,0,44,0,44,0,37,74,0,111,20,0,20,131
03/09/2001,SMX,CA,AWP,WE,Federal Contract Tower,0,24,19,0,43,0,6,38,0,44,0,30,57,0,87,18,0,18,105
03/10/2001,SMX,CA,AWP,WE,Federal Contract Tower,0,19,14,0,33,0,8,108,0,116,0,27,122,0,149,92,0,92,241
03/11/2001,SMX,CA,AWP,WE,Federal Contract Tower,0,13,15,1,29,0,0,54,1,55,0,13,69,2,84,134,0,134,218
03/12/2001,SMX,CA,AWP,WE,Federal Contract Tower,0,16,12,1,29,0,17,95,1,113,0,33,107,2,142,116,0,116,258
03/13/2001,SMX,CA,AWP,WE,Federal Contract Tower,0,21,15,0,36,0,25,97,0,122,0,46,112,0,158,60,0,60,218
03/14/2001,SMX,CA,AWP,WE,Federal Contract Tower,0,37,27,2,66,0,0,104,2,106,0,37,131,4,172,52,6,58,230
03/15/2001,SMX,CA,AWP,WE,Federal Contract Tower,0,33,24,0,57,3,9,93,0,105,3,42,117,0,162,118,0,118,280
03/16/2001,SMX,CA,AWP,WE,Federal Contract Tower,0,15,12,0,27,1,21,97,0,119,1,36,109,0,146,80,0,80,226
03/17/2001,SMX,CA,AWP,WE,Federal Contract Tower,0,19,14,0,33,0,2,134,0,136,0,21,148,0,169,154,0,154,323
03/18/2001,SMX,CA,AWP,WE,Federal Contract Tower,0,13,12,0,25,0,0,172,0,172,0,13,184,0,197,132,2,134,331
03/19/2001,SMX,CA,AWP,WE,Federal Contract Tower,0,13,9,0,22,0,18,98,0,116,0,31,107,0,138,42,2,44,182
03/20/2001,SMX,CA,AWP,WE,Federal Contract Tower,0,28,20,1,49,0,5,68,1,74,0,33,88,2,123,32,8,40,163
03/21/2001,SMX,CA,AWP,WE,Federal Contract Tower,0,42,31,0,73,0,0,47,0,47,0,42,78,0,120,0,0,0,120
03/22/2001,SMX,CA,AWP,WE,Federal Contract Tower,0,24,17,0,41,0,7,84,0,91,0,31,101,0,132,64,0,64,196
03/23/2001,SMX,CA,AWP,WE,Federal Contract Tower,0,35,24,1,60,0,1,76,3,80,0,36,100,4,140,116,0,116,256
03/24/2001,SMX,CA,AWP,WE,Federal Contract Tower,0,24,21,0,45,0,0,73,0,73,0,24,94,0,118,92,0,92,210
03/25/2001,SMX,CA,AWP,WE,Federal Contract Tower,0,16,15,0,31,0,0,86,0,86,0,16,101,0,117,34,0,34,151
03/26/2001,SMX,CA,AWP,WE,Federal Contract Tower,0,18,13,0,31,0,11,63,0,74,0,29,76,0,105,24,2,26,131
03/27/2001,SMX,CA,AWP,WE,Federal Contract Tower,0,19,14,0,33,0,19,90,1,110,0,38,104,1,143,116,4,120,263
03/28/2001,SMX,CA,AWP,WE,Federal Contract Tower,0,17,12,0,29,0,14,75,0,89,0,31,87,0,118,70,6,76,194
03/29/2001,SMX,CA,AWP,WE,Federal Contract Tower,0,18,12,0,30,0,16,76,0,92,0,34,88,0,122,50,0,50,172
03/30/2001,SMX,CA,AWP,WE,Federal Contract Tower,0,14,10,0,24,0,24,105,0,129,0,38,115,0,153,68,0,68,221
03/31/2001,SMX,CA,AWP,WE,Federal Contract Tower,0,19,21,0,40,0,0,44,0,44,0,19,65,0,84,38,0,38,122
04/01/2001,SMX,CA,AWP,WE,Federal Contract Tower,0,14,16,0,30,0,0,8,0,8,0,14,24,0,38,8,0,8,46
04/02/2001,SMX,CA,AWP,WE,Federal Contract Tower,0,18,16,1,35,0,11,69,0,80,0,29,85,1,115,20,0,20,135
04/03/2001,SMX,CA,AWP,WE,Federal Contract Tower,0,23,13,1,37,0,20,83,0,103,0,43,96,1,140,74,0,74,214
04/04/2001,SMX,CA,AWP,WE,Federal Contract Tower,0,28,12,0,40,0,11,72,0,83,0,39,84,0,123,112,0,112,235
04/05/2001,SMX,CA,AWP,WE,Federal Contract Tower,0,19,9,0,28,0,21,56,0,77,0,40,65,0,105,80,4,84,189
04/06/2001,SMX,CA,AWP,WE,Federal Contract Tower,0,29,10,0,39,0,0,44,0,44,0,29,54,0,83,50,0,50,133
04/07/2001,SMX,CA,AWP,WE,Federal Contract Tower,0,19,5,1,25,0,0,47,0,47,0,19,52,1,72,42,0,42,114
04/08/2001,SMX,CA,AWP,WE,Federal Contract Tower,0,14,2,1,17,0,2,124,0,126,0,16,126,1,143,104,0,104,247
04/09/2001,SMX,CA,AWP,WE,Federal Contract Tower,0,23,9,0,32,0,5,38,0,43,0,28,47,0,75,60,0,60,135
04/10/2001,SMX,CA,AWP,WE,Federal Contract Tower,0,28,8,0,36,0,10,84,0,94,0,38,92,0,130,64,2,66,196
04/11/2001,SMX,CA,AWP,WE,Federal Contract Tower,0,34,15,0,49,0,0,33,1,34,0,34,48,1,83,40,0,40,123
04/12/2001,SMX,CA,AWP,WE,Federal Contract Tower,0,20,16,0,36,0,16,114,3,133,0,36,130,3,169,90,0,90,259
04/13/2001,SMX,CA,AWP,WE,Federal Contract Tower,0,23,14,0,37,0,10,100,0,110,0,33,114,0,147,56,0,56,203
04/14/2001,SMX,CA,AWP,WE,Federal Contract Tower,0,17,8,0,25,0,3,129,0,132,0,20,137,0,157,84,0,84,241
04/15/2001,SMX,CA,AWP,WE,Federal Contract Tower,0,15,11,0,26,0,0,66,0,66,0,15,77,0,92,32,0,32,124
04/16/2001,SMX,CA,AWP,WE,Federal Contract Tower,0,19,20,0,39,0,12,87,0,99,0,31,107,0,138,44,4,48,186
04/17/2001,SMX,CA,AWP,WE,Federal Contract Tower,0,17,3,0,20,0,19,95,0,114,0,36,98,0,134,30,0,30,164
04/18/2001,SMX,CA,AWP,WE,Federal Contract Tower,0,28,25,0,53,0,8,55,0,63,0,36,80,0,116,60,18,78,194
04/19/2001,SMX,CA,AWP,WE,Federal Contract Tower,0,32,32,2,66,0,2,31,0,33,0,34,63,2,99,44,0,44,143
04/20/2001,SMX,CA,AWP,WE,Federal Contract Tower,0,24,19,1,44,0,12,28,0,40,0,36,47,1,84,6,2,8,92
04/21/2001,SMX,CA,AWP,WE,Federal Contract Tower,0,17,8,1,26,0,5,61,0,66,0,22,69,1,92,32,0,32,124
04/22/2001,SMX,CA,AWP,WE,Federal Contract Tower,0,15,9,1,25,0,0,119,0,119,0,15,128,1,144,64,0,64,208
04/23/2001,SMX,CA,AWP,WE,Federal Contract Tower,0,16,8,0,24,0,15,110,0,125,0,31,118,0,149,80,0,80,229
04/24/2001,SMX,CA,AWP,WE,Federal Contract Tower,0,18,11,0,29,0,20,105,0,125,0,38,116,0,154,102,0,102,256
04/25/2001,SMX,CA,AWP,WE,Federal Contract Tower,0,17,5,0,22,0,15,113,1,129,0,32,118,1,151,62,2,64,215
04/26/2001,SMX,CA,AWP,WE,Federal Contract Tower,0,30,35,4,69,0,0,36,0,36,0,30,71,4,105,28,0,28,133
04/27/2001,SMX,CA,AWP,WE,Federal Contract Tower,0,33,40,0,73,0,2,67,0,69,0,35,107,0,142,18,0,18,160
04/28/2001,SMX,CA,AWP,WE,Federal Contract Tower,0,19,21,0,40,0,5,50,0,55,0,24,71,0,95,18,0,18,113
04/29/2001,SMX,CA,AWP,WE,Federal Contract Tower,0,16,10,0,26,0,0,110,4,114,0,16,120,4,140,62,0,62,202
04/30/2001,SMX,CA,AWP,WE,Federal Contract Tower,0,15,10,0,25,0,15,111,0,126,0,30,121,0,151,102,0,102,253
05/01/2001,SMX,CA,AWP,WE,Federal Contract Tower,0,17,29,0,46,0,15,51,0,66,0,32,80,0,112,40,0,40,152
05/02/2001,SMX,CA,AWP,WE,Federal Contract Tower,0,17,11,0,28,0,21,108,1,130,0,38,119,1,158,36,0,36,194
05/03/2001,SMX,CA,AWP,WE,Federal Contract Tower,2,18,9,2,31,0,29,101,0,130,2,47,110,2,161,100,2,102,263
05/04/2001,SMX,CA,AWP,WE,Federal Contract Tower,0,14,13,2,29,0,17,101,0,118,0,31,114,2,147,68,0,68,215
05/05/2001,SMX,CA,AWP,WE,Federal Contract Tower,0,17,19,2,38,0,5,112,0,117,0,22,131,2,155,104,0,104,259
05/06/2001,SMX,CA,AWP,WE,Federal Contract Tower,2,14,16,0,32,0,0,156,0,156,2,14,172,0,188,94,0,94,282
05/07/2001,SMX,CA,AWP,WE,Federal Contract Tower,0,16,8,1,25,0,17,87,0,104,0,33,95,1,129,52,2,54,183
05/08/2001,SMX,CA,AWP,WE,Federal Contract Tower,0,16,12,0,28,0,18,97,0,115,0,34,109,0,143,82,0,82,225
05/09/2001,SMX,CA,AWP,WE,Federal Contract Tower,0,19,14,0,33,0,19,71,0,90,0,38,85,0,123,66,2,68,191
05/10/2001,SMX,CA,AWP,WE,Federal Contract Tower,0,28,22,0,50,0,11,88,0,99,0,39,110,0,149,72,0,72,221
05/11/2001,SMX,CA,AWP,WE,Federal Contract Tower,0,28,16,3,47,0,17,61,1,79,0,45,77,4,126,24,0,24,150
05/12/2001,SMX,CA,AWP,WE,Federal Contract Tower,0,17,34,1,52,0,0,41,2,43,0,17,75,3,95,14,0,14,109
05/13/2001,SMX,CA,AWP,WE,Federal Contract Tower,0,15,20,0,35,0,0,48,0,48,0,15,68,0,83,4,0,4,87
05/14/2001,SMX,CA,AWP,WE,Federal Contract Tower,0,18,17,0,35,0,13,71,0,84,0,31,88,0,119,130,0,130,249
05/15/2001,SMX,CA,AWP,WE,Federal Contract Tower,2,17,5,4,28,0,20,69,2,91,2,37,74,6,119,64,0,64,183
05/16/2001,SMX,CA,AWP,WE,Federal Contract Tower,0,19,20,0,39,0,17,63,0,80,0,36,83,0,119,76,0,76,195
05/17/2001,SMX,CA,AWP,WE,Federal Contract Tower,0,35,11,0,46,0,1,87,0,88,0,36,98,0,134,96,0,96,230
05/18/2001,SMX,CA,AWP,WE,Federal Contract Tower,2,25,37,2,66,0,10,58,0,68,2,35,95,2,134,24,0,24,158
05/19/2001,SMX,CA,AWP,WE,Federal Contract Tower,0,18,25,2,45,0,2,72,0,74,0,20,97,2,119,46,0,46,165
05/20/2001,SMX,CA,AWP,WE,Federal Contract Tower,0,18,24,0,42,0,0,84,0,84,0,18,108,0,126,50,0,50,176
05/21/2001,SMX,CA,AWP,WE,Federal Contract Tower,0,21,36,0,57,0,8,46,0,54,0,29,82,0,111,56,0,56,167
05/22/2001,SMX,CA,AWP,WE,Federal Contract Tower,0,29,25,0,54,0,7,38,0,45,0,36,63,0,99,50,0,50,149
05/23/2001,SMX,CA,AWP,WE,Federal Contract Tower,0,22,10,1,33,0,13,97,1,111,0,35,107,2,144,36,0,36,180
05/24/2001,SMX,CA,AWP,WE,Federal Contract Tower,0,21,14,0,35,0,14,73,0,87,0,35,87,0,122,54,0,54,176
05/25/2001,SMX,CA,AWP,WE,Federal Contract Tower,0,24,23,2,49,0,7,60,0,67,0,31,83,2,116,28,0,28,144
05/26/2001,SMX,CA,AWP,WE,Federal Contract Tower,0,20,19,0,39,0,0,91,0,91,0,20,110,0,130,32,0,32,162
05/27/2001,SMX,CA,AWP,WE,Federal Contract Tower,0,15,28,0,43,0,0,17,0,17,0,15,45,0,60,18,0,18,78
05/28/2001,SMX,CA,AWP,WE,Federal Contract Tower,0,15,12,0,27,0,0,94,0,94,0,15,106,0,121,38,0,38,159
05/29/2001,SMX,CA,AWP,WE,Federal Contract Tower,0,20,17,0,37,0,9,73,0,82,0,29,90,0,119,114,0,114,233
05/30/2001,SMX,CA,AWP,WE,Federal Contract Tower,0,18,8,0,26,0,17,144,2,163,0,35,152,2,189,122,0,122,311
05/31/2001,SMX,CA,AWP,WE,Federal Contract Tower,0,15,16,1,32,0,14,132,3,149,0,29,148,4,181,140,2,142,323
06/01/2001,SMX,CA,AWP,WE,Federal Contract Tower,0,19,20,1,40,0,7,76,3,86,0,26,96,4,126,32,0,32,158
06/02/2001,SMX,CA,AWP,WE,Federal Contract Tower,0,19,27,0,46,0,1,80,0,81,0,20,107,0,127,68,0,68,195
06/03/2001,SMX,CA,AWP,WE,Federal Contract Tower,0,13,16,0,29,0,1,83,6,90,0,14,99,6,119,52,0,52,171
06/04/2001,SMX,CA,AWP,WE,Federal Contract Tower,0,20,13,0,33,0,14,88,0,102,0,34,101,0,135,76,4,80,215
06/05/2001,SMX,CA,AWP,WE,Federal Contract Tower,0,23,19,0,42,0,16,94,2,112,0,39,113,2,154,114,0,114,268
06/06/2001,SMX,CA,AWP,WE,Federal Contract Tower,0,18,20,0,38,0,19,122,0,141,0,37,142,0,179,136,4,140,319
06/07/2001,SMX,CA,AWP,WE,Federal Contract Tower,1,13,10,4,28,0,15,91,0,106,1,28,101,4,134,62,14,76,210
06/08/2001,SMX,CA,AWP,WE,Federal Contract Tower,0,14,11,0,25,0,13,80,0,93,0,27,91,0,118,24,2,26,144
06/09/2001,SMX,CA,AWP,WE,Federal Contract Tower,0,14,4,0,18,0,3,88,0,91,0,17,92,0,109,98,0,98,207
06/10/2001,SMX,CA,AWP,WE,Federal Contract Tower,0,12,12,0,24,2,0,71,0,73,2,12,83,0,97,34,0,34,131
06/11/2001,SMX,CA,AWP,WE,Federal Contract Tower,0,19,22,0,41,0,11,57,0,68,0,30,79,0,109,30,0,30,139
06/12/2001,SMX,CA,AWP,WE,Federal Contract Tower,0,26,25,0,51,0,11,70,0,81,0,37,95,0,132,46,4,50,182
06/13/2001,SMX,CA,AWP,WE,Federal Contract Tower,0,16,21,1,38,0,17,111,1,129,0,33,132,2,167,162,2,164,331
06/14/2001,SMX,CA,AWP,WE,Federal Contract Tower,0,16,16,0,32,0,17,107,0,124,0,33,123,0,156,154,0,154,310
06/15/2001,SMX,CA,AWP,WE,Federal Contract Tower,0,18,5,0,23,0,12,129,0,141,0,30,134,0,164,103,0,103,267
06/16/2001,SMX,CA,AWP,WE,Federal Contract Tower,0,15,11,2,28,0,1,102,0,103,0,16,113,2,131,128,0,128,259
06/17/2001,SMX,CA,AWP,WE,Federal Contract Tower,0,12,7,0,19,0,0,109,0,109,0,12,116,0,128,54,0,54,182
06/18/2001,SMX,CA,AWP,WE,Federal Contract Tower,0,12,22,2,36,0,14,100,0,114,0,26,122,2,150,90,12,102,252
06/19/2001,SMX,CA,AWP,WE,Federal Contract Tower,0,15,16,4,35,0,20,113,0,133,0,35,129,4,168,160,8,168,336
06/20/2001,SMX,CA,AWP,WE,Federal Contract Tower,0,14,13,2,29,0,16,90,0,106,0,30,103,2,135,104,0,104,239
06/21/2001,SMX,CA,AWP,WE,Federal Contract Tower,0,17,11,0,28,0,16,99,0,115,0,33,110,0,143,146,2,148,291
06/22/2001,SMX,CA,AWP,WE,Federal Contract Tower,0,15,15,1,31,0,12,112,0,124,0,27,127,1,155,130,4,134,289
06/23/2001,SMX,CA,AWP,WE,Federal Contract Tower,0,15,10,0,25,0,2,119,0,121,0,17,129,0,146,94,0,94,240
06/24/2001,SMX,CA,AWP,WE,Federal Contract Tower,0,14,13,0,27,0,0,70,2,72,0,14,83,2,99,74,0,74,173
06/25/2001,SMX,CA,AWP,WE,Federal Contract Tower,0,16,6,3,25,0,13,76,0,89,0,29,82,3,114,96,0,96,210
06/26/2001,SMX,CA,AWP,WE,Federal Contract Tower,0,15,3,0,18,0,20,113,1,134,0,35,116,1,152,60,0,60,212
06/27/2001,SMX,CA,AWP,WE,Federal Contract Tower,0,22,17,0,39,0,16,72,0,88,0,38,89,0,127,126,6,132,259
06/28/2001,SMX,CA,AWP,WE,Federal Contract Tower,0,20,24,0,44,0,13,103,0,116,0,33,127,0,160,106,0,106,266
06/29/2001,SMX,CA,AWP,WE,Federal Contract Tower,0,23,12,0,35,0,16,97,0,113,0,39,109,0,148,110,4,114,262
06/30/2001,SMX,CA,AWP,WE,Federal Contract Tower,0,13,9,0,22,0,4,160,0,164,0,17,169,0,186,102,0,102,288
07/01/2001,SMX,CA,AWP,WE,Federal Contract Tower,0,12,8,0,20,0,0,98,0,98,0,12,106,0,118,130,0,130,248
07/02/2001,SMX,CA,AWP,WE,Federal Contract Tower,0,14,10,0,24,0,16,109,0,125,0,30,119,0,149,140,0,140,289
07/03/2001,SMX,CA,AWP,WE,Federal Contract Tower,0,16,6,2,24,0,17,108,0,125,0,33,114,2,149,118,14,132,281
07/04/2001,SMX,CA,AWP,WE,Federal Contract Tower,0,13,6,2,21,0,0,91,2,93,0,13,97,4,114,54,0,54,168
07/05/2001,SMX,CA,AWP,WE,Federal Contract Tower,0,19,9,0,28,0,15,91,0,106,0,34,100,0,134,74,0,74,208
07/06/2001,SMX,CA,AWP,WE,Federal Contract Tower,0,17,13,1,31,0,16,71,0,87,0,33,84,1,118,60,2,62,180
07/07/2001,SMX,CA,AWP,WE,Federal Contract Tower,0,15,24,1,40,0,0,100,0,100,0,15,124,1,140,74,0,74,214
07/08/2001,SMX,CA,AWP,WE,Federal Contract Tower,0,14,10,1,25,0,3,57,0,60,0,17,67,1,85,64,0,64,149
07/09/2001,SMX,CA,AWP,WE,Federal Contract Tower,0,18,14,2,34,0,25,44,0,69,0,43,58,2,103,68,0,68,171
07/10/2001,SMX,CA,AWP,WE,Federal Contract Tower,0,24,12,0,36,0,14,71,1,86,0,38,83,1,122,70,0,70,192
07/11/2001,SMX,CA,AWP,WE,Federal Contract Tower,0,21,10,0,31,0,10,70,0,80,0,31,80,0,111,51,0,51,162
07/12/2001,SMX,CA,AWP,WE,Federal Contract Tower,0,21,15,3,39,0,14,87,0,101,0,35,102,3,140,56,16,72,212
07/13/2001,SMX,CA,AWP,WE,Federal Contract Tower,0,19,9,5,33,0,19,110,12,141,0,38,119,17,174,86,10,96,270
07/14/2001,SMX,CA,AWP,WE,Federal Contract Tower,0,14,21,0,35,0,0,116,0,116,0,14,137,0,151,122,0,122,273
07/15/2001,SMX,CA,AWP,WE,Federal Contract Tower,2,12,24,0,38,0,0,63,0,63,2,12,87,0,101,78,0,78,179
07/16/2001,SMX,CA,AWP,WE,Federal Contract Tower,0,18,12,0,30,0,9,68,0,77,0,27,80,0,107,72,0,72,179
07/17/2001,SMX,CA,AWP,WE,Federal Contract Tower,0,23,20,0,43,0,8,69,0,77,0,31,89,0,120,42,0,42,162
07/18/2001,SMX,CA,AWP,WE,Federal Contract Tower,0,22,20,1,43,0,11,94,0,105,0,33,114,1,148,108,2,110,258
07/19/2001,SMX,CA,AWP,WE,Federal Contract Tower,0,25,33,2,60,0,7,67,0,74,0,32,100,2,134,30,8,38,172
07/20/2001,SMX,CA,AWP,WE,Federal Contract Tower,0,21,15,2,38,0,8,90,2,100,0,29,105,4,138,96,2,98,236
07/21/2001,SMX,CA,AWP,WE,Federal Contract Tower,0,14,14,0,28,0,8,94,2,104,0,22,108,2,132,94,6,100,232
07/22/2001,SMX,CA,AWP,WE,Federal Contract Tower,0,11,9,0,20,0,0,97,0,97,0,11,106,0,117,102,0,102,219
07/23/2001,SMX,CA,AWP,WE,Federal Contract Tower,0,22,18,1,41,0,8,66,2,76,0,30,84,3,117,32,2,34,151
07/24/2001,SMX,CA,AWP,WE,Federal Contract Tower,0,20,15,0,35,0,10,85,0,95,0,30,100,0,130,94,0,94,224
07/25/2001,SMX,CA,AWP,WE,Federal Contract Tower,0,23,16,2,41,0,10,60,1,71,0,33,76,3,112,88,0,88,200
07/26/2001,SMX,CA,AWP,WE,Federal Contract Tower,0,22,22,1,45,0,6,67,3,76,0,28,89,4,121,44,0,44,165
07/27/2001,SMX,CA,AWP,WE,Federal Contract Tower,0,20,14,0,34,0,11,92,2,105,0,31,106,2,139,88,4,92,231
07/28/2001,SMX,CA,AWP,WE,Federal Contract Tower,0,14,12,0,26,0,3,104,4,111,0,17,116,4,137,74,2,76,213
07/29/2001,SMX,CA,AWP,WE,Federal Contract Tower,0,12,18,2,32,0,0,85,3,88,0,12,103,5,120,100,0,100,220
07/30/2001,SMX,CA,AWP,WE,Federal Contract Tower,0,20,15,1,36,0,12,58,6,76,0,32,73,7,112,48,4,52,164
07/31/2001,SMX,CA,AWP,WE,Federal Contract Tower,0,25,17,3,45,0,10,93,0,103,0,35,110,3,148,80,2,82,230
08/01/2001,SMX,CA,AWP,WE,Federal Contract Tower,0,21,18,3,42,0,8,88,1,97,0,29,106,4,139,108,2,110,249
08/02/2001,SMX,CA,AWP,WE,Federal Contract Tower,0,28,26,0,54,0,4,96,0,100,0,32,122,0,154,84,0,84,238
08/03/2001,SMX,CA,AWP,WE,Federal Contract Tower,2,25,16,2,45,0,8,62,1,71,2,33,78,3,116,102,0,102,218
08/04/2001,SMX,CA,AWP,WE,Federal Contract Tower,0,15,11,2,28,0,1,80,2,83,0,16,91,4,111,126,0,126,237
08/05/2001,SMX,CA,AWP,WE,Federal Contract Tower,0,12,10,0,22,0,0,102,0,102,0,12,112,0,124,74,0,74,198
08/06/2001,SMX,CA,AWP,WE,Federal Contract Tower,0,19,19,0,38,0,10,68,0,78,0,29,87,0,116,54,2,56,172
08/07/2001,SMX,CA,AWP,WE,Federal Contract Tower,0,20,13,1,34,0,13,96,3,112,0,33,109,4,146,50,0,50,196
08/08/2001,SMX,CA,AWP,WE,Federal Contract Tower,0,27,21,0,48,0,9,88,0,97,0,36,109,0,145,84,36,120,265
08/09/2001,SMX,CA,AWP,WE,Federal Contract Tower,0,22,29,0,51,0,10,63,0,73,0,32,92,0,124,28,2,30,154
08/10/2001,SMX,CA,AWP,WE,Federal Contract Tower,0,21,14,2,37,0,13,90,6,109,0,34,104,8,146,93,0,93,239
08/11/2001,SMX,CA,AWP,WE,Federal Contract Tower,0,14,26,2,42,0,0,124,0,124,0,14,150,2,166,128,0,128,294
08/12/2001,SMX,CA,AWP,WE,Federal Contract Tower,0,12,21,0,33,0,0,82,0,82,0,12,103,0,115,64,0,64,179
08/13/2001,SMX,CA,AWP,WE,Federal Contract Tower,0,18,17,0,35,0,11,68,0,79,0,29,85,0,114,40,4,44,158
08/14/2001,SMX,CA,AWP,WE,Federal Contract Tower,0,23,17,2,42,0,8,91,1,100,0,31,108,3,142,124,6,130,272
08/15/2001,SMX,CA,AWP,WE,Federal Contract Tower,0,22,19,3,44,0,9,91,0,100,0,31,110,3,144,146,21,167,311
08/16/2001,SMX,CA,AWP,WE,Federal Contract Tower,0,24,18,2,44,0,8,82,0,90,0,32,100,2,134,82,2,84,218
08/17/2001,SMX,CA,AWP,WE,Federal Contract Tower,0,21,14,2,37,0,17,78,0,95,0,38,92,2,132,124,2,126,258
08/18/2001,SMX,CA,AWP,WE,Federal Contract Tower,0,19,6,0,25,0,0,106,0,106,0,19,112,0,131,100,0,100,231
08/19/2001,SMX,CA,AWP,WE,Federal Contract Tower,0,12,11,0,23,0,2,116,0,118,0,14,127,0,141,102,0,102,243
08/20/2001,SMX,CA,AWP,WE,Federal Contract Tower,0,20,21,2,43,0,9,79,0,88,0,29,100,2,131,54,2,56,187
08/21/2001,SMX,CA,AWP,WE,Federal Contract Tower,0,19,12,0,31,0,13,72,0,85,0,32,84,0,116,100,2,102,218
08/22/2001,SMX,CA,AWP,WE,Federal Contract Tower,0,21,17,0,38,0,8,95,0,103,0,29,112,0,141,76,0,76,217
08/23/2001,SMX,CA,AWP,WE,Federal Contract Tower,0,20,17,0,37,0,14,72,0,86,0,34,89,0,123,46,0,46,169
08/24/2001,SMX,CA,AWP,WE,Federal Contract Tower,5,21,20,0,46,3,4,90,4,101,8,25,110,4,147,94,0,94,241
08/25/2001,SMX,CA,AWP,WE,Federal Contract Tower,1,15,5,0,21,0,0,104,0,104,1,15,109,0,125,100,2,102,227
08/26/2001,SMX,CA,AWP,WE,Federal Contract Tower,0,15,9,0,24,0,1,109,0,110,0,16,118,0,134,144,0,144,278
08/27/2001,SMX,CA,AWP,WE,Federal Contract Tower,0,13,9,1,23,0,16,105,0,121,0,29,114,1,144,114,6,120,264
08/28/2001,SMX,CA,AWP,WE,Federal Contract Tower,0,20,14,1,35,0,14,111,1,126,0,34,125,2,161,70,2,72,233
08/29/2001,SMX,CA,AWP,WE,Federal Contract Tower,0,37,41,1,79,0,9,31,0,40,0,46,72,1,119,38,2,40,159
08/30/2001,SMX,CA,AWP,WE,Federal Contract Tower,0,23,23,2,48,0,10,53,0,63,0,33,76,2,111,44,0,44,155
08/31/2001,SMX,CA,AWP,WE,Federal Contract Tower,1,22,21,0,44,0,7,91,0,98,1,29,112,0,142,78,0,78,220
09/01/2001,SMX,CA,AWP,WE,Federal Contract Tower,0,19,10,0,29,0,1,90,0,91,0,20,100,0,120,58,0,58,178
09/02/2001,SMX,CA,AWP,WE,Federal Contract Tower,0,9,12,0,21,0,0,93,2,95,0,9,105,2,116,174,0,174,290
09/03/2001,SMX,CA,AWP,WE,Federal Contract Tower,0,12,7,0,19,0,0,104,0,104,0,12,111,0,123,94,2,96,219
09/04/2001,SMX,CA,AWP,WE,Federal Contract Tower,0,18,13,1,32,0,14,80,0,94,0,32,93,1,126,66,2,68,194
09/05/2001,SMX,CA,AWP,WE,Federal Contract Tower,0,24,22,0,46,0,12,83,0,95,0,36,105,0,141,63,16,79,220
09/06/2001,SMX,CA,AWP,WE,Federal Contract Tower,0,28,23,0,51,0,14,53,0,67,0,42,76,0,118,44,6,50,168
09/07/2001,SMX,CA,AWP,WE,Federal Contract Tower,0,26,32,0,58,0,8,38,0,46,0,34,70,0,104,68,8,76,180
09/08/2001,SMX,CA,AWP,WE,Federal Contract Tower,0,23,25,2,50,0,1,29,0,30,0,24,54,2,80,32,0,32,112
09/09/2001,SMX,CA,AWP,WE,Federal Contract Tower,0,12,37,0,49,0,1,70,1,72,0,13,107,1,121,38,0,38,159
09/10/2001,SMX,CA,AWP,WE,Federal Contract Tower,0,14,20,0,34,0,18,107,0,125,0,32,127,0,159,98,2,100,259
09/11/2001,SMX,CA,AWP,WE,Federal Contract Tower,0,2,0,0,2,0,0,3,0,3,0,2,3,0,5,0,0,0,5
09/12/2001,SMX,CA,AWP,WE,Federal Contract Tower,0,0,0,0,0,0,3,3,0,6,0,3,3,0,6,0,0,0,6
09/13/2001,SMX,CA,AWP,WE,Federal Contract Tower,0,25,0,0,25,0,0,8,0,8,0,25,8,0,33,0,0,0,33
09/14/2001,SMX,CA,AWP,WE,Federal Contract Tower,0,33,3,0,36,0,0,6,0,6,0,33,9,0,42,0,2,2,44
09/15/2001,SMX,CA,AWP,WE,Federal Contract Tower,0,20,20,0,40,0,2,0,0,2,0,22,20,0,42,0,0,0,42
09/16/2001,SMX,CA,AWP,WE,Federal Contract Tower,0,13,33,0,46,0,2,2,0,4,0,15,35,0,50,0,0,0,50
09/17/2001,SMX,CA,AWP,WE,Federal Contract Tower,0,31,34,0,65,0,4,0,0,4,0,35,34,0,69,0,0,0,69
09/18/2001,SMX,CA,AWP,WE,Federal Contract Tower,0,37,56,3,96,0,2,5,0,7,0,39,61,3,103,0,0,0,103
09/19/2001,SMX,CA,AWP,WE,Federal Contract Tower,0,31,57,0,88,0,10,3,0,13,0,41,60,0,101,2,4,6,107
09/20/2001,SMX,CA,AWP,WE,Federal Contract Tower,0,37,30,0,67,0,7,30,0,37,0,44,60,0,104,2,66,68,172
09/21/2001,SMX,CA,AWP,WE,Federal Contract Tower,2,33,27,0,62,0,6,64,0,70,2,39,91,0,132,52,0,52,184
09/22/2001,SMX,CA,AWP,WE,Federal Contract Tower,1,14,23,0,38,0,3,60,0,63,1,17,83,0,101,44,0,44,145
09/23/2001,SMX,CA,AWP,WE,Federal Contract Tower,0,16,16,2,34,0,0,89,0,89,0,16,105,2,123,102,0,102,225
09/24/2001,SMX,CA,AWP,WE,Federal Contract Tower,0,17,11,0,28,0,10,84,0,94,0,27,95,0,122,22,8,30,152
09/25/2001,SMX,CA,AWP,WE,Federal Contract Tower,0,16,14,0,30,0,13,89,0,102,0,29,103,0,132,78,0,78,210
09/26/2001,SMX,CA,AWP,WE,Federal Contract Tower,0,28,18,0,46,0,20,106,0,126,0,48,124,0,172,74,4,78,250
09/27/2001,SMX,CA,AWP,WE,Federal Contract Tower,0,17,19,0,36,0,16,98,0,114,0,33,117,0,150,138,0,138,288
09/28/2001,SMX,CA,AWP,WE,Federal Contract Tower,0,14,15,3,32,0,18,84,0,102,0,32,99,3,134,46,0,46,180
09/29/2001,SMX,CA,AWP,WE,Federal Contract Tower,0,13,5,1,19,0,2,95,0,97,0,15,100,1,116,86,0,86,202
09/30/2001,SMX,CA,AWP,WE,Federal Contract Tower,0,13,14,0,27,0,0,163,0,163,0,13,177,0,190,108,0,108,298
10/01/2001,SMX,CA,AWP,WE,Federal Contract Tower,0,14,14,0,28,0,12,64,2,78,0,26,78,2,106,94,0,94,200
10/02/2001,SMX,CA,AWP,WE,Federal Contract Tower,0,30,29,0,59,0,10,52,0,62,0,40,81,0,121,20,2,22,143
10/03/2001,SMX,CA,AWP,WE,Federal Contract Tower,2,27,21,4,54,0,19,67,0,86,2,46,88,4,140,62,4,66,206
10/04/2001,SMX,CA,AWP,WE,Federal Contract Tower,0,43,51,2,96,0,2,22,0,24,0,45,73,2,120,20,14,34,154
10/05/2001,SMX,CA,AWP,WE,Federal Contract Tower,0,19,27,0,46,0,10,65,0,75,0,29,92,0,121,74,0,74,195
10/06/2001,SMX,CA,AWP,WE,Federal Contract Tower,0,17,7,0,24,0,0,88,0,88,0,17,95,0,112,72,0,72,184
10/07/2001,SMX,CA,AWP,WE,Federal Contract Tower,0,12,9,0,21,0,0,83,0,83,0,12,92,0,104,84,0,84,188
10/08/2001,SMX,CA,AWP,WE,Federal Contract Tower,0,19,28,0,47,0,6,54,0,60,0,25,82,0,107,4,0,4,111
10/09/2001,SMX,CA,AWP,WE,Federal Contract Tower,0,23,22,0,45,0,13,78,0,91,0,36,100,0,136,38,0,38,174
10/10/2001,SMX,CA,AWP,WE,Federal Contract Tower,0,17,12,0,29,0,21,87,0,108,0,38,99,0,137,72,0,72,209
10/11/2001,SMX,CA,AWP,WE,Federal Contract Tower,0,22,38,0,60,0,8,64,0,72,0,30,102,0,132,104,0,104,236
10/12/2001,SMX,CA,AWP,WE,Federal Contract Tower,0,17,18,0,35,0,7,82,0,89,0,24,100,0,124,58,0,58,182
10/13/2001,SMX,CA,AWP,WE,Federal Contract Tower,0,14,24,0,38,0,11,208,3,222,0,25,232,3,260,180,0,180,440
10/14/2001,SMX,CA,AWP,WE,Federal Contract Tower,0,13,40,0,53,0,0,163,0,163,0,13,203,0,216,182,2,184,400
10/15/2001,SMX,CA,AWP,WE,Federal Contract Tower,0,11,15,1,27,0,10,66,0,76,0,21,81,1,103,24,6,30,133
10/16/2001,SMX,CA,AWP,WE,Federal Contract Tower,0,18,21,0,39,0,9,50,0,59,0,27,71,0,98,38,0,38,136
10/17/2001,SMX,CA,AWP,WE,Federal Contract Tower,0,23,29,0,52,0,9,64,0,73,0,32,93,0,125,64,0,64,189
10/18/2001,SMX,CA,AWP,WE,Federal Contract Tower,2,18,19,0,39,0,14,114,0,128,2,32,133,0,167,70,0,70,237
10/19/2001,SMX,CA,AWP,WE,Federal Contract Tower,0,29,21,0,50,0,5,73,0,78,0,34,94,0,128,72,0,72,200
10/20/2001,SMX,CA,AWP,WE,Federal Contract Tower,0,16,27,0,43,0,0,33,0,33,0,16,60,0,76,34,0,34,110
10/21/2001,SMX,CA,AWP,WE,Federal Contract Tower,1,12,33,0,46,0,0,31,0,31,1,12,64,0,77,82,0,82,159
10/22/2001,SMX,CA,AWP,WE,Federal Contract Tower,0,15,26,0,41,0,8,61,0,69,0,23,87,0,110,118,0,118,228
10/23/2001,SMX,CA,AWP,WE,Federal Contract Tower,0,19,15,0,34,0,12,75,2,89,0,31,90,2,123,98,0,98,221
10/24/2001,SMX,CA,AWP,WE,Federal Contract Tower,0,20,13,0,33,0,15,115,0,130,0,35,128,0,163,146,2,148,311
10/25/2001,SMX,CA,AWP,WE,Federal Contract Tower,0,24,26,0,50,0,10,65,1,76,0,34,91,1,126,58,0,58,184
10/26/2001,SMX,CA,AWP,WE,Federal Contract Tower,0,25,25,1,51,0,8,71,1,80,0,33,96,2,131,98,0,98,229
10/27/2001,SMX,CA,AWP,WE,Federal Contract Tower,0,13,7,1,21,0,11,79,0,90,0,24,86,1,111,142,0,142,253
10/28/2001,SMX,CA,AWP,WE,Federal Contract Tower,0,11,6,1,18,0,1,93,1,95,0,12,99,2,113,46,0,46,159
10/29/2001,SMX,CA,AWP,WE,Federal Contract Tower,0,19,6,0,25,0,9,85,0,94,0,28,91,0,119,64,0,64,183
10/30/2001,SMX,CA,AWP,WE,Federal Contract Tower,0,27,16,0,43,0,0,36,0,36,0,27,52,0,79,2,0,2,81
10/31/2001,SMX,CA,AWP,WE,Federal Contract Tower,0,19,20,0,39,0,12,61,0,73,0,31,81,0,112,98,0,98,210
11/01/2001,SMX,CA,AWP,WE,Federal Contract Tower,0,20,24,0,44,0,10,64,0,74,0,30,88,0,118,30,0,30,148
11/02/2001,SMX,CA,AWP,WE,Federal Contract Tower,0,23,54,1,78,0,6,18,1,25,0,29,72,2,103,32,0,32,135
11/03/2001,SMX,CA,AWP,WE,Federal Contract Tower,0,19,33,0,52,0,1,99,0,100,0,20,132,0,152,20,0,20,172
11/04/2001,SMX,CA,AWP,WE,Federal Contract Tower,0,9,20,0,29,0,0,96,0,96,0,9,116,0,125,104,0,104,229
11/05/2001,SMX,CA,AWP,WE,Federal Contract Tower,0,17,8,3,28,0,5,120,0,125,0,22,128,3,153,104,2,106,259
11/06/2001,SMX,CA,AWP,WE,Federal Contract Tower,0,24,42,0,66,0,0,38,0,38,0,24,80,0,104,0,0,0,104
11/07/2001,SMX,CA,AWP,WE,Federal Contract Tower,0,18,9,4,31,0,11,120,2,133,0,29,129,6,164,128,4,132,296
11/08/2001,SMX,CA,AWP,WE,Federal Contract Tower,0,14,12,1,27,0,11,123,2,136,0,25,135,3,163,122,0,122,285
11/09/2001,SMX,CA,AWP,WE,Federal Contract Tower,0,13,12,1,26,0,30,89,0,119,0,43,101,1,145,104,2,106,251
11/10/2001,SMX,CA,AWP,WE,Federal Contract Tower,0,14,15,0,29,0,5,72,1,78,0,19,87,1,107,70,0,70,177
11/11/2001,SMX,CA,AWP,WE,Federal Contract Tower,0,12,10,0,22,0,0,66,0,66,0,12,76,0,88,72,0,72,160
11/12/2001,SMX,CA,AWP,WE,Federal Contract Tower,0,16,13,0,29,0,3,51,0,54,0,19,64,0,83,0,0,0,83
11/13/2001,SMX,CA,AWP,WE,Federal Contract Tower,0,18,15,1,34,0,5,103,1,109,0,23,118,2,143,118,12,130,273
11/14/2001,SMX,CA,AWP,WE,Federal Contract Tower,0,15,9,2,26,0,14,71,0,85,0,29,80,2,111,74,0,74,185
11/15/2001,SMX,CA,AWP,WE,Federal Contract Tower,1,26,39,2,68,0,0,100,1,101,1,26,139,3,169,74,6,80,249
11/16/2001,SMX,CA,AWP,WE,Federal Contract Tower,0,26,36,0,62,0,3,34,0,37,0,29,70,0,99,32,2,34,133
11/17/2001,SMX,CA,AWP,WE,Federal Contract Tower,0,11,23,0,34,0,4,61,0,65,0,15,84,0,99,90,0,90,189
11/18/2001,SMX,CA,AWP,WE,Federal Contract Tower,1,11,11,0,23,0,0,105,0,105,1,11,116,0,128,64,0,64,192
11/19/2001,SMX,CA,AWP,WE,Federal Contract Tower,0,13,14,2,29,0,8,106,2,116,0,21,120,4,145,154,2,156,301
11/20/2001,SMX,CA,AWP,WE,Federal Contract Tower,0,21,9,2,32,0,15,109,0,124,0,36,118,2,156,140,0,140,296
11/21/2001,SMX,CA,AWP,WE,Federal Contract Tower,0,22,27,0,49,0,0,61,0,61,0,22,88,0,110,41,0,41,151
11/22/2001,SMX,CA,AWP,WE,Federal Contract Tower,1,9,14,0,24,0,0,46,0,46,1,9,60,0,70,10,0,10,80
11/23/2001,SMX,CA,AWP,WE,Federal Contract Tower,0,16,8,0,24,0,6,88,0,94,0,22,96,0,118,77,0,77,195
11/24/2001,SMX,CA,AWP,WE,Federal Contract Tower,0,13,7,0,20,0,2,24,0,26,0,15,31,0,46,6,0,6,52
11/25/2001,SMX,CA,AWP,WE,Federal Contract Tower,0,8,9,0,17,0,0,109,0,109,0,8,118,0,126,74,0,74,200
11/26/2001,SMX,CA,AWP,WE,Federal Contract Tower,0,13,13,2,28,0,7,79,0,86,0,20,92,2,114,45,0,45,159
11/27/2001,SMX,CA,AWP,WE,Federal Contract Tower,0,19,6,4,29,0,14,91,2,107,0,33,97,6,136,122,12,134,270
11/28/2001,SMX,CA,AWP,WE,Federal Contract Tower,0,22,7,6,35,0,10,95,0,105,0,32,102,6,140,113,6,119,259
11/29/2001,SMX,CA,AWP,WE,Federal Contract Tower,0,25,11,0,36,0,2,59,0,61,0,27,70,0,97,4,0,4,101
11/30/2001,SMX,CA,AWP,WE,Federal Contract Tower,0,18,11,2,31,0,10,93,0,103,0,28,104,2,134,68,6,74,208
12/01/2001,SMX,CA,AWP,WE,Federal Contract Tower,0,17,10,0,27,0,0,74,0,74,0,17,84,0,101,76,2,78,179
12/02/2001,SMX,CA,AWP,WE,Federal Contract Tower,0,9,5,0,14,0,0,22,0,22,0,9,27,0,36,2,0,2,38
12/03/2001,SMX,CA,AWP,WE,Federal Contract Tower,0,21,19,0,40,0,0,81,0,81,0,21,100,0,121,86,0,86,207
12/04/2001,SMX,CA,AWP,WE,Federal Contract Tower,0,20,8,2,30,0,6,114,2,122,0,26,122,4,152,114,2,116,268
12/05/2001,SMX,CA,AWP,WE,Federal Contract Tower,0,19,10,0,29,0,13,128,0,141,0,32,138,0,170,132,4,136,306
12/06/2001,SMX,CA,AWP,WE,Federal Contract Tower,0,19,17,0,36,0,15,94,0,109,0,34,111,0,145,80,0,80,225
12/07/2001,SMX,CA,AWP,WE,Federal Contract Tower,0,19,12,0,31,0,20,75,0,95,0,39,87,0,126,26,0,26,152
12/08/2001,SMX,CA,AWP,WE,Federal Contract Tower,0,13,3,1,17,0,4,130,0,134,0,17,133,1,151,144,0,144,295
12/09/2001,SMX,CA,AWP,WE,Federal Contract Tower,0,9,6,0,15,0,0,61,0,61,0,9,67,0,76,18,0,18,94
12/10/2001,SMX,CA,AWP,WE,Federal Contract Tower,0,17,8,4,29,0,4,106,0,110,0,21,114,4,139,58,4,62,201
12/11/2001,SMX,CA,AWP,WE,Federal Contract Tower,0,19,5,2,26,0,32,127,2,161,0,51,132,4,187,130,4,134,321
12/12/2001,SMX,CA,AWP,WE,Federal Contract Tower,0,18,19,0,37,0,14,107,0,121,0,32,126,0,158,68,4,72,230
12/13/2001,SMX,CA,AWP,WE,Federal Contract Tower,0,21,13,0,34,0,14,107,0,121,0,35,120,0,155,88,0,88,243
12/14/2001,SMX,CA,AWP,WE,Federal Contract Tower,0,20,12,0,32,0,10,24,0,34,0,30,36,0,66,8,2,10,76
12/15/2001,SMX,CA,AWP,WE,Federal Contract Tower,0,13,8,0,21,0,6,115,0,121,0,19,123,0,142,74,0,74,216
12/16/2001,SMX,CA,AWP,WE,Federal Contract Tower,0,8,5,0,13,0,0,122,0,122,0,8,127,0,135,112,0,112,247
12/17/2001,SMX,CA,AWP,WE,Federal Contract Tower,0,23,13,2,38,0,2,72,2,76,0,25,85,4,114,37,0,37,151
12/18/2001,SMX,CA,AWP,WE,Federal Contract Tower,0,21,11,0,32,0,14,101,0,115,0,35,112,0,147,136,2,138,285
12/19/2001,SMX,CA,AWP,WE,Federal Contract Tower,0,20,11,0,31,0,17,109,0,126,0,37,120,0,157,110,0,110,267
12/20/2001,SMX,CA,AWP,WE,Federal Contract Tower,0,35,11,0,46,0,9,56,0,65,0,44,67,0,111,6,0,6,117
12/21/2001,SMX,CA,AWP,WE,Federal Contract Tower,0,29,20,0,49,0,5,38,0,43,0,34,58,0,92,52,0,52,144
12/22/2001,SMX,CA,AWP,WE,Federal Contract Tower,0,14,13,0,27,0,4,78,0,82,0,18,91,0,109,44,0,44,153
12/23/2001,SMX,CA,AWP,WE,Federal Contract Tower,0,7,4,0,11,0,1,70,0,71,0,8,74,0,82,56,0,56,138
12/24/2001,SMX,CA,AWP,WE,Federal Contract Tower,0,10,4,0,14,0,5,66,0,71,0,15,70,0,85,42,0,42,127
12/25/2001,SMX,CA,AWP,WE,Federal Contract Tower,0,9,1,0,10,0,2,56,0,58,0,11,57,0,68,32,0,32,100
12/26/2001,SMX,CA,AWP,WE,Federal Contract Tower,0,23,9,0,32,0,7,67,0,74,0,30,76,0,106,60,0,60,166
12/27/2001,SMX,CA,AWP,WE,Federal Contract Tower,0,19,14,0,33,0,10,123,0,133,0,29,137,0,166,96,0,96,262
12/28/2001,SMX,CA,AWP,WE,Federal Contract Tower,0,19,16,0,35,0,8,28,0,36,0,27,44,0,71,14,0,14,85
12/29/2001,SMX,CA,AWP,WE,Federal Contract Tower,0,13,16,0,29,0,0,28,1,29,0,13,44,1,58,6,0,6,64
12/30/2001,SMX,CA,AWP,WE,Federal Contract Tower,1,8,7,0,16,0,0,54,0,54,1,8,61,0,70,24,0,24,94
12/31/2001,SMX,CA,AWP,WE,Federal Contract Tower,0,15,7,0,22,0,3,51,0,54,0,18,58,0,76,0,0,0,76
01/01/2002,SMX,CA,AWP,WE,Federal Contract Tower,2,7,10,0,19,0,3,68,0,71,2,10,78,0,90,52,0,52,142
01/02/2002,SMX,CA,AWP,WE,Federal Contract Tower,0,26,12,0,38,0,6,65,0,71,0,32,77,0,109,34,0,34,143
01/03/2002,SMX,CA,AWP,WE,Federal Contract Tower,0,16,12,0,28,0,15,65,0,80,0,31,77,0,108,20,2,22,130
01/04/2002,SMX,CA,AWP,WE,Federal Contract Tower,0,17,5,0,22,0,12,107,0,119,0,29,112,0,141,88,0,88,229
01/05/2002,SMX,CA,AWP,WE,Federal Contract Tower,0,14,10,0,24,0,2,94,0,96,0,16,104,0,120,64,0,64,184
01/06/2002,SMX,CA,AWP,WE,Federal Contract Tower,0,7,10,0,17,0,0,104,4,108,0,7,114,4,125,146,0,146,271
01/07/2002,SMX,CA,AWP,WE,Federal Contract Tower,0,20,10,0,30,0,1,76,0,77,0,21,86,0,107,50,0,50,157
01/08/2002,SMX,CA,AWP,WE,Federal Contract Tower,0,15,18,4,37,0,16,48,0,64,0,31,66,4,101,56,0,56,157
01/09/2002,SMX,CA,AWP,WE,Federal Contract Tower,0,18,15,2,35,0,8,100,0,108,0,26,115,2,143,99,6,105,248
01/10/2002,SMX,CA,AWP,WE,Federal Contract Tower,0,20,7,0,27,0,10,121,0,131,0,30,128,0,158,90,0,90,248
01/11/2002,SMX,CA,AWP,WE,Federal Contract Tower,0,14,18,0,32,0,15,116,0,131,0,29,134,0,163,110,0,110,273
01/12/2002,SMX,CA,AWP,WE,Federal Contract Tower,0,12,10,0,22,0,3,120,0,123,0,15,130,0,145,88,4,92,237
01/13/2002,SMX,CA,AWP,WE,Federal Contract Tower,0,8,4,0,12,0,0,137,0,137,0,8,141,0,149,116,0,116,265
01/14/2002,SMX,CA,AWP,WE,Federal Contract Tower,0,20,9,5,34,0,13,111,4,128,0,33,120,9,162,134,0,134,296
01/15/2002,SMX,CA,AWP,WE,Federal Contract Tower,0,19,12,2,33,0,11,80,0,91,0,30,92,2,124,118,4,122,246
01/16/2002,SMX,CA,AWP,WE,Federal Contract Tower,0,17,14,2,33,0,19,105,0,124,0,36,119,2,157,146,2,148,305
01/17/2002,SMX,CA,AWP,WE,Federal Contract Tower,0,20,19,0,39,0,14,123,0,137,0,34,142,0,176,90,0,90,266
01/18/2002,SMX,CA,AWP,WE,Federal Contract Tower,0,15,11,2,28,0,10,78,0,88,0,25,89,2,116,60,4,64,180
01/19/2002,SMX,CA,AWP,WE,Federal Contract Tower,0,12,1,1,14,0,4,115,8,127,0,16,116,9,141,82,0,82,223
01/20/2002,SMX,CA,AWP,WE,Federal Contract Tower,0,9,8,0,17,0,0,98,1,99,0,9,106,1,116,66,0,66,182
01/21/2002,SMX,CA,AWP,WE,Federal Contract Tower,0,13,12,0,25,0,12,118,0,130,0,25,130,0,155,122,0,122,277
01/22/2002,SMX,CA,AWP,WE,Federal Contract Tower,0,23,18,0,41,0,7,106,0,113,0,30,124,0,154,104,0,104,258
01/23/2002,SMX,CA,AWP,WE,Federal Contract Tower,0,18,11,0,29,0,15,89,0,104,0,33,100,0,133,50,2,52,185
01/24/2002,SMX,CA,AWP,WE,Federal Contract Tower,0,23,5,0,28,0,11,109,0,120,0,34,114,0,148,38,4,42,190
01/25/2002,SMX,CA,AWP,WE,Federal Contract Tower,0,15,6,2,23,0,13,117,1,131,0,28,123,3,154,76,6,82,236
01/26/2002,SMX,CA,AWP,WE,Federal Contract Tower,0,15,8,0,23,0,0,72,2,74,0,15,80,2,97,71,0,71,168
01/27/2002,SMX,CA,AWP,WE,Federal Contract Tower,0,9,22,0,31,0,0,49,0,49,0,9,71,0,80,44,0,44,124
01/28/2002,SMX,CA,AWP,WE,Federal Contract Tower,0,19,8,0,27,0,5,75,0,80,0,24,83,0,107,84,0,84,191
01/29/2002,SMX,CA,AWP,WE,Federal Contract Tower,0,20,15,2,37,0,8,85,0,93,0,28,100,2,130,100,0,100,230
01/30/2002,SMX,CA,AWP,WE,Federal Contract Tower,0,16,10,0,26,0,14,90,0,104,0,30,100,0,130,56,0,56,186
01/31/2002,SMX,CA,AWP,WE,Federal Contract Tower,0,22,25,0,47,0,11,87,0,98,0,33,112,0,145,88,2,90,235
02/01/2002,SMX,CA,AWP,WE,Federal Contract Tower,0,15,13,0,28,0,10,92,0,102,0,25,105,0,130,40,0,40,170
02/02/2002,SMX,CA,AWP,WE,Federal Contract Tower,0,12,8,2,22,0,3,108,0,111,0,15,116,2,133,72,0,72,205
02/03/2002,SMX,CA,AWP,WE,Federal Contract Tower,0,9,6,0,15,0,0,118,0,118,0,9,124,0,133,48,0,48,181
02/04/2002,SMX,CA,AWP,WE,Federal Contract Tower,0,17,6,0,23,0,16,87,0,103,0,33,93,0,126,52,0,52,178
02/05/2002,SMX,CA,AWP,WE,Federal Contract Tower,0,27,15,0,42,0,8,125,0,133,0,35,140,0,175,94,0,94,269
02/06/2002,SMX,CA,AWP,WE,Federal Contract Tower,0,17,21,0,38,0,14,88,0,102,0,31,109,0,140,82,2,84,224
02/07/2002,SMX,CA,AWP,WE,Federal Contract Tower,0,26,28,2,56,0,0,58,0,58,0,26,86,2,114,46,2,48,162
02/08/2002,SMX,CA,AWP,WE,Federal Contract Tower,0,21,23,2,46,0,0,43,0,43,0,21,66,2,89,42,2,44,133
02/09/2002,SMX,CA,AWP,WE,Federal Contract Tower,0,13,9,0,22,0,2,68,0,70,0,15,77,0,92,111,0,111,203
02/10/2002,SMX,CA,AWP,WE,Federal Contract Tower,0,7,3,0,10,0,0,104,0,104,0,7,107,0,114,154,0,154,268
02/11/2002,SMX,CA,AWP,WE,Federal Contract Tower,0,14,8,1,23,0,10,107,1,118,0,24,115,2,141,100,0,100,241
02/12/2002,SMX,CA,AWP,WE,Federal Contract Tower,0,16,10,3,29,0,11,89,1,101,0,27,99,4,130,104,0,104,234
02/13/2002,SMX,CA,AWP,WE,Federal Contract Tower,0,22,7,0,29,0,9,103,0,112,0,31,110,0,141,82,0,82,223
02/14/2002,SMX,CA,AWP,WE,Federal Contract Tower,0,23,16,0,39,0,9,62,1,72,0,32,78,1,111,32,0,32,143
02/15/2002,SMX,CA,AWP,WE,Federal Contract Tower,0,20,30,4,54,0,0,36,0,36,0,20,66,4,90,56,0,56,146
02/16/2002,SMX,CA,AWP,WE,Federal Contract Tower,0,13,20,0,33,0,15,78,0,93,0,28,98,0,126,96,0,96,222
02/17/2002,SMX,CA,AWP,WE,Federal Contract Tower,0,8,16,0,24,0,0,44,0,44,0,8,60,0,68,8,0,8,76
02/18/2002,SMX,CA,AWP,WE,Federal Contract Tower,0,12,5,0,17,0,5,107,0,112,0,17,112,0,129,110,0,110,239
02/19/2002,SMX,CA,AWP,WE,Federal Contract Tower,0,19,9,0,28,0,10,113,0,123,0,29,122,0,151,72,0,72,223
02/20/2002,SMX,CA,AWP,WE,Federal Contract Tower,0,17,19,0,36,0,15,103,0,118,0,32,122,0,154,48,0,48,202
02/21/2002,SMX,CA,AWP,WE,Federal Contract Tower,2,19,13,0,34,0,16,114,1,131,2,35,127,1,165,96,0,96,261
02/22/2002,SMX,CA,AWP,WE,Federal Contract Tower,2,15,17,2,36,0,18,76,0,94,2,33,93,2,130,56,0,56,186
02/23/2002,SMX,CA,AWP,WE,Federal Contract Tower,0,15,10,3,28,0,4,64,2,70,0,19,74,5,98,82,0,82,180
02/24/2002,SMX,CA,AWP,WE,Federal Contract Tower,2,7,6,0,15,0,0,116,0,116,2,7,122,0,131,76,0,76,207
02/25/2002,SMX,CA,AWP,WE,Federal Contract Tower,0,11,11,0,22,0,13,118,0,131,0,24,129,0,153,96,8,104,257
02/26/2002,SMX,CA,AWP,WE,Federal Contract Tower,0,14,17,0,31,0,18,94,0,112,0,32,111,0,143,48,2,50,193
02/27/2002,SMX,CA,AWP,WE,Federal Contract Tower,0,12,14,2,28,0,20,95,0,115,0,32,109,2,143,76,12,88,231
02/28/2002,SMX,CA,AWP,WE,Federal Contract Tower,0,14,24,2,40,0,14,88,0,102,0,28,112,2,142,62,18,80,222
03/01/2002,SMX,CA,AWP,WE,Federal Contract Tower,0,21,9,2,32,0,10,116,0,126,0,31,125,2,158,148,2,150,308
03/02/2002,SMX,CA,AWP,WE,Federal Contract Tower,1,13,9,2,25,1,9,131,0,141,2,22,140,2,166,110,10,120,286
03/03/2002,SMX,CA,AWP,WE,Federal Contract Tower,0,8,8,2,18,0,0,104,0,104,0,8,112,2,122,78,0,78,200
03/04/2002,SMX,CA,AWP,WE,Federal Contract Tower,2,13,12,0,27,0,10,109,0,119,2,23,121,0,146,58,2,60,206
03/05/2002,SMX,CA,AWP,WE,Federal Contract Tower,0,14,8,0,22,0,9,67,0,76,0,23,75,0,98,50,0,50,148
03/06/2002,SMX,CA,AWP,WE,Federal Contract Tower,0,26,22,2,50,0,9,73,0,82,0,35,95,2,132,18,0,18,150
03/07/2002,SMX,CA,AWP,WE,Federal Contract Tower,0,26,22,0,48,0,9,22,0,31,0,35,44,0,79,46,0,46,125
03/08/2002,SMX,CA,AWP,WE,Federal Contract Tower,0,15,20,0,35,0,15,95,0,110,0,30,115,0,145,72,0,72,217
03/09/2002,SMX,CA,AWP,WE,Federal Contract Tower,0,11,9,0,20,0,4,139,0,143,0,15,148,0,163,164,0,164,327
03/10/2002,SMX,CA,AWP,WE,Federal Contract Tower,0,11,10,0,21,0,0,83,0,83,0,11,93,0,104,126,0,126,230
03/11/2002,SMX,CA,AWP,WE,Federal Contract Tower,0,12,8,2,22,0,8,94,0,102,0,20,102,2,124,70,2,72,196
03/12/2002,SMX,CA,AWP,WE,Federal Contract Tower,0,16,7,3,26,0,13,87,0,100,0,29,94,3,126,22,8,30,156
03/13/2002,SMX,CA,AWP,WE,Federal Contract Tower,0,14,6,4,24,0,17,83,0,100,0,31,89,4,124,16,2,18,142
03/14/2002,SMX,CA,AWP,WE,Federal Contract Tower,0,16,7,0,23,0,15,108,0,123,0,31,115,0,146,80,0,80,226
03/15/2002,SMX,CA,AWP,WE,Federal Contract Tower,0,16,15,3,34,0,11,84,1,96,0,27,99,4,130,118,8,126,256
03/16/2002,SMX,CA,AWP,WE,Federal Contract Tower,0,15,6,0,21,0,0,81,0,81,0,15,87,0,102,100,0,100,202
03/17/2002,SMX,CA,AWP,WE,Federal Contract Tower,0,12,15,0,27,0,3,58,0,61,0,15,73,0,88,52,0,52,140
03/18/2002,SMX,CA,AWP,WE,Federal Contract Tower,0,12,16,0,28,0,21,66,3,90,0,33,82,3,118,46,0,46,164
03/19/2002,SMX,CA,AWP,WE,Federal Contract Tower,0,18,3,0,21,0,11,81,0,92,0,29,84,0,113,56,0,56,169
03/20/2002,SMX,CA,AWP,WE,Federal Contract Tower,0,15,12,0,27,0,18,114,0,132,0,33,126,0,159,96,0,96,255
03/21/2002,SMX,CA,AWP,WE,Federal Contract Tower,0,16,9,0,25,0,16,127,0,143,0,32,136,0,168,100,0,100,268
03/22/2002,SMX,CA,AWP,WE,Federal Contract Tower,0,16,16,0,32,0,8,83,0,91,0,24,99,0,123,59,0,59,182
03/23/2002,SMX,CA,AWP,WE,Federal Contract Tower,0,14,12,0,26,0,0,62,0,62,0,14,74,0,88,44,0,44,132
03/24/2002,SMX,CA,AWP,WE,Federal Contract Tower,0,8,9,0,17,0,3,83,0,86,0,11,92,0,103,90,0,90,193
03/25/2002,SMX,CA,AWP,WE,Federal Contract Tower,0,16,12,0,28,0,9,96,0,105,0,25,108,0,133,66,2,68,201
03/26/2002,SMX,CA,AWP,WE,Federal Contract Tower,0,16,7,0,23,0,14,80,0,94,0,30,87,0,117,80,0,80,197
03/27/2002,SMX,CA,AWP,WE,Federal Contract Tower,0,16,11,0,27,0,13,121,0,134,0,29,132,0,161,92,0,92,253
03/28/2002,SMX,CA,AWP,WE,Federal Contract Tower,0,19,19,0,38,0,14,90,0,104,0,33,109,0,142,107,0,107,249
03/29/2002,SMX,CA,AWP,WE,Federal Contract Tower,0,24,19,2,45,0,0,60,0,60,0,24,79,2,105,24,0,24,129
03/30/2002,SMX,CA,AWP,WE,Federal Contract Tower,0,13,26,0,39,0,0,79,0,79,0,13,105,0,118,136,0,136,254
03/31/2002,SMX,CA,AWP,WE,Federal Contract Tower,0,8,8,0,16,0,0,49,0,49,0,8,57,0,65,40,0,40,105
04/01/2002,SMX,CA,AWP,WE,Federal Contract Tower,0,17,26,0,43,0,2,28,0,30,0,19,54,0,73,36,2,38,111
04/02/2002,SMX,CA,AWP,WE,Federal Contract Tower,0,24,23,0,47,0,0,21,0,21,0,24,44,0,68,10,0,10,78
04/03/2002,SMX,CA,AWP,WE,Federal Contract Tower,0,21,18,0,39,0,10,42,0,52,0,31,60,0,91,20,0,20,111
04/04/2002,SMX,CA,AWP,WE,Federal Contract Tower,2,17,23,3,45,0,17,77,1,95,2,34,100,4,140,78,0,78,218
04/05/2002,SMX,CA,AWP,WE,Federal Contract Tower,0,21,21,2,44,0,3,77,8,88,0,24,98,10,132,74,4,78,210
04/06/2002,SMX,CA,AWP,WE,Federal Contract Tower,0,12,3,2,17,0,2,99,0,101,0,14,102,2,118,80,0,80,198
04/07/2002,SMX,CA,AWP,WE,Federal Contract Tower,0,8,15,0,23,0,1,87,6,94,0,9,102,6,117,78,0,78,195
04/08/2002,SMX,CA,AWP,WE,Federal Contract Tower,0,15,12,1,28,0,5,39,0,44,0,20,51,1,72,32,8,40,112
04/09/2002,SMX,CA,AWP,WE,Federal Contract Tower,0,17,15,0,32,0,11,67,0,78,0,28,82,0,110,58,0,58,168
04/10/2002,SMX,CA,AWP,WE,Federal Contract Tower,0,18,17,2,37,0,13,54,1,68,0,31,71,3,105,14,2,16,121
04/11/2002,SMX,CA,AWP,WE,Federal Contract Tower,0,11,24,2,37,0,13,92,1,106,0,24,116,3,143,60,2,62,205
04/12/2002,SMX,CA,AWP,WE,Federal Contract Tower,0,15,12,8,35,0,7,139,3,149,0,22,151,11,184,64,36,100,284
04/13/2002,SMX,CA,AWP,WE,Federal Contract Tower,0,11,12,0,23,0,9,133,0,142,0,20,145,0,165,126,0,126,291
04/14/2002,SMX,CA,AWP,WE,Federal Contract Tower,0,8,17,0,25,0,0,138,0,138,0,8,155,0,163,146,0,146,309
04/15/2002,SMX,CA,AWP,WE,Federal Contract Tower,0,13,18,0,31,0,10,47,0,57,0,23,65,0,88,28,0,28,116
04/16/2002,SMX,CA,AWP,WE,Federal Contract Tower,0,14,14,0,28,0,13,73,0,86,0,27,87,0,114,56,2,58,172
04/17/2002,SMX,CA,AWP,WE,Federal Contract Tower,0,21,9,1,31,0,13,85,1,99,0,34,94,2,130,34,0,34,164
04/18/2002,SMX,CA,AWP,WE,Federal Contract Tower,0,16,12,0,28,0,17,87,2,106,0,33,99,2,134,71,10,81,215
04/19/2002,SMX,CA,AWP,WE,Federal Contract Tower,0,14,17,1,32,0,12,96,2,110,0,26,113,3,142,130,0,130,272
04/20/2002,SMX,CA,AWP,WE,Federal Contract Tower,0,13,13,0,26,0,1,89,0,90,0,14,102,0,116,136,0,136,252
04/21/2002,SMX,CA,AWP,WE,Federal Contract Tower,0,8,11,0,19,0,1,106,1,108,0,9,117,1,127,96,0,96,223
04/22/2002,SMX,CA,AWP,WE,Federal Contract Tower,0,10,14,2,26,0,11,91,5,107,0,21,105,7,133,70,2,72,205
04/23/2002,SMX,CA,AWP,WE,Federal Contract Tower,0,16,18,0,34,0,8,73,4,85,0,24,91,4,119,66,0,66,185
04/24/2002,SMX,CA,AWP,WE,Federal Contract Tower,0,15,6,1,22,0,13,95,2,110,0,28,101,3,132,40,6,46,178
04/25/2002,SMX,CA,AWP,WE,Federal Contract Tower,0,24,27,1,52,0,13,63,7,83,0,37,90,8,135,52,2,54,189
04/26/2002,SMX,CA,AWP,WE,Federal Contract Tower,0,25,26,1,52,0,6,30,1,37,0,31,56,2,89,0,0,0,89
04/27/2002,SMX,CA,AWP,WE,Federal Contract Tower,0,16,13,1,30,0,2,69,0,71,0,18,82,1,101,92,0,92,193
04/28/2002,SMX,CA,AWP,WE,Federal Contract Tower,0,8,10,0,18,0,0,125,0,125,0,8,135,0,143,128,0,128,271
04/29/2002,SMX,CA,AWP,WE,Federal Contract Tower,0,16,20,0,36,0,12,68,0,80,0,28,88,0,116,114,0,114,230
04/30/2002,SMX,CA,AWP,WE,Federal Contract Tower,0,16,14,5,35,0,13,63,1,77,0,29,77,6,112,54,8,62,174
05/01/2002,SMX,CA,AWP,WE,Federal Contract Tower,0,16,20,0,36,0,10,71,0,81,0,26,91,0,117,52,2,54,171
05/02/2002,SMX,CA,AWP,WE,Federal Contract Tower,2,12,15,0,29,0,20,113,0,133,2,32,128,0,162,126,0,126,288
05/03/2002,SMX,CA,AWP,WE,Federal Contract Tower,0,18,21,0,39,0,1,101,0,102,0,19,122,0,141,86,0,86,227
05/04/2002,SMX,CA,AWP,WE,Federal Contract Tower,0,14,17,0,31,0,0,94,0,94,0,14,111,0,125,130,0,130,255
05/05/2002,SMX,CA,AWP,WE,Federal Contract Tower,2,8,10,0,20,0,0,114,1,115,2,8,124,1,135,78,0,78,213
05/06/2002,SMX,CA,AWP,WE,Federal Contract Tower,0,13,16,0,29,0,10,83,0,93,0,23,99,0,122,94,0,94,216
05/07/2002,SMX,CA,AWP,WE,Federal Contract Tower,0,20,17,0,37,0,5,78,3,86,0,25,95,3,123,72,0,72,195
05/08/2002,SMX,CA,AWP,WE,Federal Contract Tower,0,19,8,0,27,0,9,106,6,121,0,28,114,6,148,102,0,102,250
05/09/2002,SMX,CA,AWP,WE,Federal Contract Tower,0,18,24,2,44,0,19,94,0,113,0,37,118,2,157,108,0,108,265
05/10/2002,SMX,CA,AWP,WE,Federal Contract Tower,0,15,8,0,23,0,14,89,0,103,0,29,97,0,126,44,0,44,170
05/11/2002,SMX,CA,AWP,WE,Federal Contract Tower,0,12,7,0,19,0,2,124,4,130,0,14,131,4,149,103,14,117,266
05/12/2002,SMX,CA,AWP,WE,Federal Contract Tower,0,7,16,0,23,0,0,105,0,105,0,7,121,0,128,142,0,142,270
05/13/2002,SMX,CA,AWP,WE,Federal Contract Tower,0,14,13,1,28,0,8,79,1,88,0,22,92,2,116,44,0,44,160
05/14/2002,SMX,CA,AWP,WE,Federal Contract Tower,0,17,6,0,23,0,17,103,0,120,0,34,109,0,143,50,0,50,193
05/15/2002,SMX,CA,AWP,WE,Federal Contract Tower,0,22,21,0,43,0,11,71,0,82,0,33,92,0,125,46,0,46,171
05/16/2002,SMX,CA,AWP,WE,Federal Contract Tower,0,19,22,0,41,0,17,109,0,126,0,36,131,0,167,116,0,116,283
05/17/2002,SMX,CA,AWP,WE,Federal Contract Tower,0,24,17,0,41,0,8,114,0,122,0,32,131,0,163,124,0,124,287
05/18/2002,SMX,CA,AWP,WE,Federal Contract Tower,0,13,14,0,27,0,3,83,0,86,0,16,97,0,113,116,0,116,229
05/19/2002,SMX,CA,AWP,WE,Federal Contract Tower,0,11,14,0,25,0,0,100,0,100,0,11,114,0,125,70,0,70,195
05/20/2002,SMX,CA,AWP,WE,Federal Contract Tower,0,18,14,0,32,0,3,44,3,50,0,21,58,3,82,42,2,44,126
05/21/2002,SMX,CA,AWP,WE,Federal Contract Tower,0,18,11,1,30,0,12,52,0,64,0,30,63,1,94,44,2,46,140
05/22/2002,SMX,CA,AWP,WE,Federal Contract Tower,0,14,16,1,31,0,22,99,8,129,0,36,115,9,160,30,0,30,190
05/23/2002,SMX,CA,AWP,WE,Federal Contract Tower,0,14,20,0,34,0,22,99,10,131,0,36,119,10,165,80,0,80,245
05/24/2002,SMX,CA,AWP,WE,Federal Contract Tower,0,14,9,0,23,0,12,113,2,127,0,26,122,2,150,105,0,105,255
05/25/2002,SMX,CA,AWP,WE,Federal Contract Tower,0,14,18,0,32,0,3,57,0,60,0,17,75,0,92,46,0,46,138
05/26/2002,SMX,CA,AWP,WE,Federal Contract Tower,0,10,16,1,27,0,0,53,1,54,0,10,69,2,81,30,0,30,111
05/27/2002,SMX,CA,AWP,WE,Federal Contract Tower,0,7,22,0,29,0,1,72,0,73,0,8,94,0,102,54,0,54,156
05/28/2002,SMX,CA,AWP,WE,Federal Contract Tower,0,14,14,0,28,0,12,65,0,77,0,26,79,0,105,60,32,92,197
05/29/2002,SMX,CA,AWP,WE,Federal Contract Tower,0,19,19,2,40,0,15,107,0,122,0,34,126,2,162,114,0,114,276
05/30/2002,SMX,CA,AWP,WE,Federal Contract Tower,0,15,8,0,23,0,22,126,2,150,0,37,134,2,173,145,16,161,334
05/31/2002,SMX,CA,AWP,WE,Federal Contract Tower,0,18,22,2,42,0,4,78,0,82,0,22,100,2,124,72,4,76,200
06/01/2002,SMX,CA,AWP,WE,Federal Contract Tower,0,13,32,2,47,0,2,61,0,63,0,15,93,2,110,78,0,78,188
06/02/2002,SMX,CA,AWP,WE,Federal Contract Tower,0,8,22,0,30,0,0,102,0,102,0,8,124,0,132,72,0,72,204
06/03/2002,SMX,CA,AWP,WE,Federal Contract Tower,0,16,13,0,29,0,7,69,0,76,0,23,82,0,105,76,0,76,181
06/04/2002,SMX,CA,AWP,WE,Federal Contract Tower,0,16,19,4,39,0,18,118,0,136,0,34,137,4,175,116,4,120,295
06/05/2002,SMX,CA,AWP,WE,Federal Contract Tower,0,15,7,2,24,0,23,121,2,146,0,38,128,4,170,136,0,136,306
06/06/2002,SMX,CA,AWP,WE,Federal Contract Tower,0,15,21,0,36,0,23,101,0,124,0,38,122,0,160,128,0,128,288
06/07/2002,SMX,CA,AWP,WE,Federal Contract Tower,0,15,15,0,30,0,21,99,1,121,0,36,114,1,151,98,0,98,249
06/08/2002,SMX,CA,AWP,WE,Federal Contract Tower,0,11,22,0,33,0,0,88,0,88,0,11,110,0,121,110,0,110,231
06/09/2002,SMX,CA,AWP,WE,Federal Contract Tower,0,9,16,0,25,0,0,88,0,88,0,9,104,0,113,84,0,84,197
06/10/2002,SMX,CA,AWP,WE,Federal Contract Tower,0,16,15,4,35,0,18,58,2,78,0,34,73,6,113,104,14,118,231
06/11/2002,SMX,CA,AWP,WE,Federal Contract Tower,0,18,17,2,37,0,11,63,0,74,0,29,80,2,111,64,4,68,179
06/12/2002,SMX,CA,AWP,WE,Federal Contract Tower,0,18,17,1,36,0,16,99,0,115,0,34,116,1,151,124,2,126,277
06/13/2002,SMX,CA,AWP,WE,Federal Contract Tower,0,22,23,3,48,0,15,93,1,109,0,37,116,4,157,118,2,120,277
06/14/2002,SMX,CA,AWP,WE,Federal Contract Tower,0,24,17,1,42,0,7,100,0,107,0,31,117,1,149,56,0,56,205
06/15/2002,SMX,CA,AWP,WE,Federal Contract Tower,0,13,12,2,27,0,1,119,0,120,0,14,131,2,147,104,0,104,251
06/16/2002,SMX,CA,AWP,WE,Federal Contract Tower,0,8,8,2,18,0,2,122,0,124,0,10,130,2,142,74,2,76,218
06/17/2002,SMX,CA,AWP,WE,Federal Contract Tower,0,15,15,1,31,0,7,93,0,100,0,22,108,1,131,62,0,62,193
06/18/2002,SMX,CA,AWP,WE,Federal Contract Tower,0,18,12,6,36,0,13,85,0,98,0,31,97,6,134,82,16,98,232
06/19/2002,SMX,CA,AWP,WE,Federal Contract Tower,0,17,22,1,40,0,18,84,1,103,0,35,106,2,143,106,0,106,249
06/20/2002,SMX,CA,AWP,WE,Federal Contract Tower,0,32,32,1,65,0,3,72,3,78,0,35,104,4,143,22,6,28,171
06/21/2002,SMX,CA,AWP,WE,Federal Contract Tower,0,17,14,0,31,0,11,111,2,124,0,28,125,2,155,48,0,48,203
06/22/2002,SMX,CA,AWP,WE,Federal Contract Tower,0,16,16,2,34,0,0,112,0,112,0,16,128,2,146,96,0,96,242
06/23/2002,SMX,CA,AWP,WE,Federal Contract Tower,0,8,16,0,24,0,2,136,2,140,0,10,152,2,164,96,0,96,260
06/24/2002,SMX,CA,AWP,WE,Federal Contract Tower,0,19,26,1,46,0,10,70,2,82,0,29,96,3,128,86,0,86,214
06/25/2002,SMX,CA,AWP,WE,Federal Contract Tower,0,24,23,0,47,0,11,102,0,113,0,35,125,0,160,100,0,100,260
06/26/2002,SMX,CA,AWP,WE,Federal Contract Tower,2,21,24,0,47,0,10,95,0,105,2,31,119,0,152,92,2,94,246
06/27/2002,SMX,CA,AWP,WE,Federal Contract Tower,0,27,28,0,55,0,8,80,2,90,0,35,108,2,145,62,18,80,225
06/28/2002,SMX,CA,AWP,WE,Federal Contract Tower,0,22,24,0,46,0,11,100,0,111,0,33,124,0,157,40,2,42,199
06/29/2002,SMX,CA,AWP,WE,Federal Contract Tower,0,14,9,0,23,0,1,97,0,98,0,15,106,0,121,124,0,124,245
06/30/2002,SMX,CA,AWP,WE,Federal Contract Tower,0,8,8,0,16,0,1,104,0,105,0,9,112,0,121,134,0,134,255
07/01/2002,SMX,CA,AWP,WE,Federal Contract Tower,0,20,16,1,37,0,7,75,1,83,0,27,91,2,120,62,0,62,182
07/02/2002,SMX,CA,AWP,WE,Federal Contract Tower,0,19,25,1,45,0,10,56,0,66,0,29,81,1,111,56,0,56,167
07/03/2002,SMX,CA,AWP,WE,Federal Contract Tower,0,25,28,0,53,0,2,73,0,75,0,27,101,0,128,50,0,50,178
07/04/2002,SMX,CA,AWP,WE,Federal Contract Tower,0,11,9,0,20,0,2,67,0,69,0,13,76,0,89,42,0,42,131
07/05/2002,SMX,CA,AWP,WE,Federal Contract Tower,0,18,11,0,29,0,6,108,0,114,0,24,119,0,143,180,0,180,323
07/06/2002,SMX,CA,AWP,WE,Federal Contract Tower,0,12,11,0,23,0,1,83,0,84,0,13,94,0,107,136,0,136,243
07/07/2002,SMX,CA,AWP,WE,Federal Contract Tower,0,8,12,0,20,0,1,104,0,105,0,9,116,0,125,80,0,80,205
07/08/2002,SMX,CA,AWP,WE,Federal Contract Tower,0,15,4,0,19,0,10,123,0,133,0,25,127,0,152,60,0,60,212
07/09/2002,SMX,CA,AWP,WE,Federal Contract Tower,0,13,10,0,23,0,15,91,0,106,0,28,101,0,129,62,2,64,193
07/10/2002,SMX,CA,AWP,WE,Federal Contract Tower,0,22,18,1,41,0,9,55,0,64,0,31,73,1,105,24,0,24,129
07/11/2002,SMX,CA,AWP,WE,Federal Contract Tower,0,24,17,0,41,0,11,110,1,122,0,35,127,1,163,96,0,96,259
07/12/2002,SMX,CA,AWP,WE,Federal Contract Tower,0,17,22,0,39,0,17,81,8,106,0,34,103,8,145,102,0,102,247
07/13/2002,SMX,CA,AWP,WE,Federal Contract Tower,0,12,16,2,30,0,0,99,2,101,0,12,115,4,131,84,14,98,229
07/14/2002,SMX,CA,AWP,WE,Federal Contract Tower,2,9,5,2,18,0,3,90,1,94,2,12,95,3,112,84,0,84,196
07/15/2002,SMX,CA,AWP,WE,Federal Contract Tower,0,17,13,0,30,0,7,96,4,107,0,24,109,4,137,88,0,88,225
07/16/2002,SMX,CA,AWP,WE,Federal Contract Tower,0,25,20,0,45,0,12,86,0,98,0,37,106,0,143,64,0,64,207
07/17/2002,SMX,CA,AWP,WE,Federal Contract Tower,0,24,25,1,50,0,9,61,4,74,0,33,86,5,124,88,68,156,280
07/18/2002,SMX,CA,AWP,WE,Federal Contract Tower,0,18,39,1,58,0,9,54,0,63,0,27,93,1,121,74,16,90,211
07/19/2002,SMX,CA,AWP,WE,Federal Contract Tower,0,20,19,0,39,0,14,69,0,83,0,34,88,0,122,82,0,82,204
07/20/2002,SMX,CA,AWP,WE,Federal Contract Tower,0,17,27,0,44,0,0,70,0,70,0,17,97,0,114,86,0,86,200
07/21/2002,SMX,CA,AWP,WE,Federal Contract Tower,0,9,16,0,25,0,0,111,0,111,0,9,127,0,136,68,0,68,204
07/22/2002,SMX,CA,AWP,WE,Federal Contract Tower,0,16,22,4,42,0,8,97,0,105,0,24,119,4,147,100,0,100,247
07/23/2002,SMX,CA,AWP,WE,Federal Contract Tower,0,14,19,2,35,0,14,121,1,136,0,28,140,3,171,82,0,82,253
07/24/2002,SMX,CA,AWP,WE,Federal Contract Tower,0,14,19,2,35,0,13,85,0,98,0,27,104,2,133,108,4,112,245
07/25/2002,SMX,CA,AWP,WE,Federal Contract Tower,0,17,17,0,34,0,9,94,0,103,0,26,111,0,137,106,0,106,243
07/26/2002,SMX,CA,AWP,WE,Federal Contract Tower,0,19,19,2,40,0,10,72,3,85,0,29,91,5,125,84,0,84,209
07/27/2002,SMX,CA,AWP,WE,Federal Contract Tower,0,12,16,1,29,0,2,55,1,58,0,14,71,2,87,38,4,42,129
07/28/2002,SMX,CA,AWP,WE,Federal Contract Tower,0,10,12,4,26,0,1,94,0,95,0,11,106,4,121,62,2,64,185
07/29/2002,SMX,CA,AWP,WE,Federal Contract Tower,0,13,5,5,23,0,10,129,0,139,0,23,134,5,162,76,12,88,250
07/30/2002,SMX,CA,AWP,WE,Federal Contract Tower,0,19,25,0,44,0,10,112,0,122,0,29,137,0,166,82,0,82,248
07/31/2002,SMX,CA,AWP,WE,Federal Contract Tower,0,18,25,0,43,0,13,77,1,91,0,31,102,1,134,56,0,56,190
08/01/2002,SMX,CA,AWP,WE,Federal Contract Tower,0,26,38,0,64,0,7,41,0,48,0,33,79,0,112,24,2,26,138
08/02/2002,SMX,CA,AWP,WE,Federal Contract Tower,0,24,22,1,47,0,10,64,3,77,0,34,86,4,124,76,0,76,200
08/03/2002,SMX,CA,AWP,WE,Federal Contract Tower,0,14,30,2,46,0,0,49,0,49,0,14,79,2,95,62,0,62,157
08/04/2002,SMX,CA,AWP,WE,Federal Contract Tower,0,8,17,1,26,0,1,88,1,90,0,9,105,2,116,106,0,106,222
08/05/2002,SMX,CA,AWP,WE,Federal Contract Tower,0,17,19,0,36,0,7,121,0,128,0,24,140,0,164,112,2,114,278
08/06/2002,SMX,CA,AWP,WE,Federal Contract Tower,0,12,12,0,24,0,20,107,1,128,0,32,119,1,152,64,0,64,216
08/07/2002,SMX,CA,AWP,WE,Federal Contract Tower,0,23,29,3,55,0,8,87,0,95,0,31,116,3,150,82,4,86,236
08/08/2002,SMX,CA,AWP,WE,Federal Contract Tower,0,17,9,0,26,0,16,103,0,119,0,33,112,0,145,64,0,64,209
08/09/2002,SMX,CA,AWP,WE,Federal Contract Tower,0,16,5,0,21,0,19,102,0,121,0,35,107,0,142,88,0,88,230
08/10/2002,SMX,CA,AWP,WE,Federal Contract Tower,0,13,7,3,23,0,4,171,0,175,0,17,178,3,198,104,0,104,302
08/11/2002,SMX,CA,AWP,WE,Federal Contract Tower,0,10,6,0,16,0,0,133,0,133,0,10,139,0,149,136,0,136,285
08/12/2002,SMX,CA,AWP,WE,Federal Contract Tower,0,12,11,0,23,0,8,113,0,121,0,20,124,0,144,98,0,98,242
08/13/2002,SMX,CA,AWP,WE,Federal Contract Tower,1,20,27,1,49,0,9,124,0,133,1,29,151,1,182,110,0,110,292
08/14/2002,SMX,CA,AWP,WE,Federal Contract Tower,0,21,27,0,48,0,14,64,0,78,0,35,91,0,126,50,0,50,176
08/15/2002,SMX,CA,AWP,WE,Federal Contract Tower,0,22,31,3,56,0,5,67,1,73,0,27,98,4,129,28,4,32,161
08/16/2002,SMX,CA,AWP,WE,Federal Contract Tower,0,18,31,0,49,0,17,71,0,88,0,35,102,0,137,78,0,78,215
08/17/2002,SMX,CA,AWP,WE,Federal Contract Tower,0,15,23,0,38,0,1,94,0,95,0,16,117,0,133,96,0,96,229
08/18/2002,SMX,CA,AWP,WE,Federal Contract Tower,0,10,19,0,29,0,1,101,0,102,0,11,120,0,131,80,0,80,211
08/19/2002,SMX,CA,AWP,WE,Federal Contract Tower,0,15,22,0,37,0,11,74,0,85,0,26,96,0,122,60,0,60,182
08/20/2002,SMX,CA,AWP,WE,Federal Contract Tower,0,21,24,1,46,0,10,49,9,68,0,31,73,10,114,50,8,58,172
08/21/2002,SMX,CA,AWP,WE,Federal Contract Tower,0,21,24,0,45,0,10,54,0,64,0,31,78,0,109,46,0,46,155
08/22/2002,SMX,CA,AWP,WE,Federal Contract Tower,0,25,24,0,49,0,30,91,0,121,0,55,115,0,170,80,2,82,252
08/23/2002,SMX,CA,AWP,WE,Federal Contract Tower,0,18,14,2,34,0,18,102,0,120,0,36,116,2,154,112,0,112,266
08/24/2002,SMX,CA,AWP,WE,Federal Contract Tower,0,13,27,1,41,0,3,111,0,114,0,16,138,1,155,122,0,122,277
08/25/2002,SMX,CA,AWP,WE,Federal Contract Tower,0,8,18,0,26,0,2,131,0,133,0,10,149,0,159,146,0,146,305
08/26/2002,SMX,CA,AWP,WE,Federal Contract Tower,0,11,20,0,31,0,8,109,0,117,0,19,129,0,148,38,0,38,186
08/27/2002,SMX,CA,AWP,WE,Federal Contract Tower,0,16,18,2,36,0,10,71,0,81,0,26,89,2,117,70,48,118,235
08/28/2002,SMX,CA,AWP,WE,Federal Contract Tower,0,21,22,0,43,0,6,100,0,106,0,27,122,0,149,74,0,74,223
08/29/2002,SMX,CA,AWP,WE,Federal Contract Tower,0,19,18,1,38,0,12,68,0,80,0,31,86,1,118,52,2,54,172
08/30/2002,SMX,CA,AWP,WE,Federal Contract Tower,0,19,31,0,50,0,16,95,0,111,0,35,126,0,161,114,0,114,275
08/31/2002,SMX,CA,AWP,WE,Federal Contract Tower,0,15,21,0,36,0,6,106,0,112,0,21,127,0,148,76,0,76,224
09/01/2002,SMX,CA,AWP,WE,Federal Contract Tower,0,6,12,0,18,0,6,120,0,126,0,12,132,0,144,108,0,108,252
09/02/2002,SMX,CA,AWP,WE,Federal Contract Tower,0,7,13,0,20,0,3,117,0,120,0,10,130,0,140,134,0,134,274
09/03/2002,SMX,CA,AWP,WE,Federal Contract Tower,0,10,9,0,19,0,11,76,0,87,0,21,85,0,106,36,0,36,142
09/04/2002,SMX,CA,AWP,WE,Federal Contract Tower,0,16,11,0,27,0,17,84,0,101,0,33,95,0,128,90,2,92,220
09/05/2002,SMX,CA,AWP,WE,Federal Contract Tower,0,16,9,1,26,0,16,78,1,95,0,32,87,2,121,94,4,98,219
09/06/2002,SMX,CA,AWP,WE,Federal Contract Tower,2,13,11,0,26,0,13,86,0,99,2,26,97,0,125,58,0,58,183
09/07/2002,SMX,CA,AWP,WE,Federal Contract Tower,0,13,13,0,26,0,6,84,0,90,0,19,97,0,116,56,0,56,172
09/08/2002,SMX,CA,AWP,WE,Federal Contract Tower,2,9,4,2,17,0,2,116,0,118,2,11,120,2,135,50,0,50,185
09/09/2002,SMX,CA,AWP,WE,Federal Contract Tower,0,11,13,3,27,0,10,101,2,113,0,21,114,5,140,130,6,136,276
09/10/2002,SMX,CA,AWP,WE,Federal Contract Tower,0,17,10,0,27,0,20,130,0,150,0,37,140,0,177,96,0,96,273
09/11/2002,SMX,CA,AWP,WE,Federal Contract Tower,0,16,15,0,31,0,9,78,0,87,0,25,93,0,118,96,2,98,216
09/12/2002,SMX,CA,AWP,WE,Federal Contract Tower,0,22,22,1,45,0,1,75,1,77,0,23,97,2,122,28,2,30,152
09/13/2002,SMX,CA,AWP,WE,Federal Contract Tower,0,26,25,1,52,0,9,76,0,85,0,35,101,1,137,60,2,62,199
09/14/2002,SMX,CA,AWP,WE,Federal Contract Tower,0,13,17,0,30,0,1,84,0,85,0,14,101,0,115,108,2,110,225
09/15/2002,SMX,CA,AWP,WE,Federal Contract Tower,0,9,15,0,24,0,2,90,0,92,0,11,105,0,116,62,0,62,178
09/16/2002,SMX,CA,AWP,WE,Federal Contract Tower,0,12,11,4,27,0,12,87,0,99,0,24,98,4,126,40,56,96,222
09/17/2002,SMX,CA,AWP,WE,Federal Contract Tower,0,18,14,0,32,0,12,80,1,93,0,30,94,1,125,64,0,64,189
09/18/2002,SMX,CA,AWP,WE,Federal Contract Tower,0,18,23,3,44,0,9,73,3,85,0,27,96,6,129,92,10,102,231
09/19/2002,SMX,CA,AWP,WE,Federal Contract Tower,0,19,12,2,33,0,12,85,0,97,0,31,97,2,130,138,0,138,268
09/20/2002,SMX,CA,AWP,WE,Federal Contract Tower,0,21,28,6,55,0,15,172,5,192,0,36,200,11,247,74,20,94,341
09/21/2002,SMX,CA,AWP,WE,Federal Contract Tower,0,14,8,0,22,0,3,167,0,170,0,17,175,0,192,344,0,344,536
09/22/2002,SMX,CA,AWP,WE,Federal Contract Tower,0,10,21,1,32,0,10,156,6,172,0,20,177,7,204,357,18,375,579
09/23/2002,SMX,CA,AWP,WE,Federal Contract Tower,0,13,10,0,23,0,9,129,0,138,0,22,139,0,161,144,2,146,307
09/24/2002,SMX,CA,AWP,WE,Federal Contract Tower,0,15,18,2,35,0,19,105,1,125,0,34,123,3,160,26,4,30,190
09/25/2002,SMX,CA,AWP,WE,Federal Contract Tower,0,28,41,0,69,0,21,67,0,88,0,49,108,0,157,62,0,62,219
09/26/2002,SMX,CA,AWP,WE,Federal Contract Tower,0,23,25,4,52,0,13,74,1,88,0,36,99,5,140,44,4,48,188
09/27/2002,SMX,CA,AWP,WE,Federal Contract Tower,3,26,23,5,57,0,9,102,0,111,3,35,125,5,168,132,2,134,302
09/28/2002,SMX,CA,AWP,WE,Federal Contract Tower,0,19,26,0,45,0,0,48,0,48,0,19,74,0,93,42,0,42,135
09/29/2002,SMX,CA,AWP,WE,Federal Contract Tower,0,8,12,0,20,0,3,115,0,118,0,11,127,0,138,98,0,98,236
09/30/2002,SMX,CA,AWP,WE,Federal Contract Tower,0,23,20,2,45,0,6,88,0,94,0,29,108,2,139,78,0,78,217
10/01/2002,SMX,CA,AWP,WE,Federal Contract Tower,0,22,18,2,42,0,7,73,0,80,0,29,91,2,122,96,0,96,218
10/02/2002,SMX,CA,AWP,WE,Federal Contract Tower,0,16,11,0,27,0,12,106,0,118,0,28,117,0,145,62,0,62,207
10/03/2002,SMX,CA,AWP,WE,Federal Contract Tower,0,15,12,3,30,0,16,103,1,120,0,31,115,4,150,148,4,152,302
10/04/2002,SMX,CA,AWP,WE,Federal Contract Tower,0,16,15,1,32,0,15,117,2,134,0,31,132,3,166,122,0,122,288
10/05/2002,SMX,CA,AWP,WE,Federal Contract Tower,0,13,6,2,21,0,3,133,0,136,0,16,139,2,157,144,0,144,301
10/06/2002,SMX,CA,AWP,WE,Federal Contract Tower,0,9,7,2,18,0,1,97,0,98,0,10,104,2,116,90,0,90,206
10/07/2002,SMX,CA,AWP,WE,Federal Contract Tower,0,12,9,2,23,0,11,113,0,124,0,23,122,2,147,112,18,130,277
10/08/2002,SMX,CA,AWP,WE,Federal Contract Tower,0,17,20,1,38,0,11,103,0,114,0,28,123,1,152,78,28,106,258
10/09/2002,SMX,CA,AWP,WE,Federal Contract Tower,0,26,25,2,53,0,11,68,0,79,0,37,93,2,132,52,22,74,206
10/10/2002,SMX,CA,AWP,WE,Federal Contract Tower,0,20,41,0,61,0,6,45,3,54,0,26,86,3,115,54,8,62,177
10/11/2002,SMX,CA,AWP,WE,Federal Contract Tower,0,21,16,1,38,0,10,80,0,90,0,31,96,1,128,118,2,120,248
10/12/2002,SMX,CA,AWP,WE,Federal Contract Tower,0,15,21,1,37,0,5,102,0,107,0,20,123,1,144,86,0,86,230
10/13/2002,SMX,CA,AWP,WE,Federal Contract Tower,0,9,20,0,29,0,1,99,0,100,0,10,119,0,129,92,0,92,221
10/14/2002,SMX,CA,AWP,WE,Federal Contract Tower,0,16,17,0,33,0,9,68,0,77,0,25,85,0,110,78,0,78,188
10/15/2002,SMX,CA,AWP,WE,Federal Contract Tower,0,26,20,0,46,0,4,76,0,80,0,30,96,0,126,14,0,14,140
10/16/2002,SMX,CA,AWP,WE,Federal Contract Tower,0,26,17,0,43,0,4,39,0,43,0,30,56,0,86,84,0,84,170
10/17/2002,SMX,CA,AWP,WE,Federal Contract Tower,0,21,18,1,40,0,7,103,0,110,0,28,121,1,150,72,2,74,224
10/18/2002,SMX,CA,AWP,WE,Federal Contract Tower,0,34,23,2,59,0,17,70,1,88,0,51,93,3,147,16,0,16,163
10/19/2002,SMX,CA,AWP,WE,Federal Contract Tower,0,19,19,0,38,0,11,133,0,144,0,30,152,0,182,106,0,106,288
10/20/2002,SMX,CA,AWP,WE,Federal Contract Tower,0,18,31,1,50,0,9,53,0,62,0,27,84,1,112,40,0,40,152
10/21/2002,SMX,CA,AWP,WE,Federal Contract Tower,0,21,36,2,59,0,3,23,0,26,0,24,59,2,85,0,0,0,85
10/22/2002,SMX,CA,AWP,WE,Federal Contract Tower,0,28,13,2,43,0,9,79,3,91,0,37,92,5,134,52,0,52,186
10/23/2002,SMX,CA,AWP,WE,Federal Contract Tower,0,28,39,2,69,0,4,37,0,41,0,32,76,2,110,66,4,70,180
10/24/2002,SMX,CA,AWP,WE,Federal Contract Tower,0,21,21,2,44,0,12,36,1,49,0,33,57,3,93,40,4,44,137
10/25/2002,SMX,CA,AWP,WE,Federal Contract Tower,0,20,15,4,39,0,7,66,0,73,0,27,81,4,112,86,0,86,198
10/26/2002,SMX,CA,AWP,WE,Federal Contract Tower,0,15,12,0,27,0,0,76,0,76,0,15,88,0,103,54,0,54,157
10/27/2002,SMX,CA,AWP,WE,Federal Contract Tower,0,8,20,1,29,0,1,102,8,111,0,9,122,9,140,132,0,132,272
10/28/2002,SMX,CA,AWP,WE,Federal Contract Tower,0,16,11,0,27,0,10,65,0,75,0,26,76,0,102,94,0,94,196
10/29/2002,SMX,CA,AWP,WE,Federal Contract Tower,0,27,39,1,67,0,1,69,1,71,0,28,108,2,138,64,0,64,202
10/30/2002,SMX,CA,AWP,WE,Federal Contract Tower,0,21,12,4,37,0,9,55,0,64,0,30,67,4,101,24,6,30,131
10/31/2002,SMX,CA,AWP,WE,Federal Contract Tower,0,25,31,3,59,0,8,39,0,47,0,33,70,3,106,64,8,72,178
11/01/2002,SMX,CA,AWP,WE,Federal Contract Tower,0,20,11,0,31,0,9,97,2,108,0,29,108,2,139,110,2,112,251
11/02/2002,SMX,CA,AWP,WE,Federal Contract Tower,0,10,21,3,34,0,6,130,3,139,0,16,151,6,173,84,4,88,261
11/03/2002,SMX,CA,AWP,WE,Federal Contract Tower,0,9,14,0,23,0,3,96,0,99,0,12,110,0,122,68,0,68,190
11/04/2002,SMX,CA,AWP,WE,Federal Contract Tower,0,16,15,1,32,0,8,86,0,94,0,24,101,1,126,20,0,20,146
11/05/2002,SMX,CA,AWP,WE,Federal Contract Tower,0,25,21,4,50,0,11,65,0,76,0,36,86,4,126,40,16,56,182
11/06/2002,SMX,CA,AWP,WE,Federal Contract Tower,0,19,16,1,36,0,12,92,0,104,0,31,108,1,140,64,2,66,206
11/07/2002,SMX,CA,AWP,WE,Federal Contract Tower,2,31,18,0,51,0,0,9,0,9,2,31,27,0,60,2,0,2,62
11/08/2002,SMX,CA,AWP,WE,Federal Contract Tower,2,24,12,0,38,0,0,0,0,0,2,24,12,0,38,0,0,0,38
11/09/2002,SMX,CA,AWP,WE,Federal Contract Tower,0,16,17,0,33,0,4,37,0,41,0,20,54,0,74,18,0,18,92
11/10/2002,SMX,CA,AWP,WE,Federal Contract Tower,2,9,7,0,18,0,0,82,0,82,2,9,89,0,100,66,0,66,166
11/11/2002,SMX,CA,AWP,WE,Federal Contract Tower,0,16,14,0,30,0,13,65,0,78,0,29,79,0,108,88,0,88,196
11/12/2002,SMX,CA,AWP,WE,Federal Contract Tower,0,18,13,0,31,0,19,72,2,93,0,37,85,2,124,72,0,72,196
11/13/2002,SMX,CA,AWP,WE,Federal Contract Tower,0,24,20,0,44,0,8,58,0,66,0,32,78,0,110,48,0,48,158
11/14/2002,SMX,CA,AWP,WE,Federal Contract Tower,0,23,8,0,31,0,12,86,1,99,0,35,94,1,130,48,2,50,180
11/15/2002,SMX,CA,AWP,WE,Federal Contract Tower,2,16,12,2,32,0,11,105,3,119,2,27,117,5,151,168,2,170,321
11/16/2002,SMX,CA,AWP,WE,Federal Contract Tower,0,14,7,0,21,0,2,135,2,139,0,16,142,2,160,110,6,116,276
11/17/2002,SMX,CA,AWP,WE,Federal Contract Tower,0,9,5,1,15,0,6,105,4,115,0,15,110,5,130,112,0,112,242
11/18/2002,SMX,CA,AWP,WE,Federal Contract Tower,0,13,8,1,22,0,9,64,0,73,0,22,72,1,95,106,2,108,203
11/19/2002,SMX,CA,AWP,WE,Federal Contract Tower,0,14,5,2,21,0,15,104,0,119,0,29,109,2,140,122,18,140,280
11/20/2002,SMX,CA,AWP,WE,Federal Contract Tower,2,15,3,2,22,0,14,102,0,116,2,29,105,2,138,108,8,116,254
11/21/2002,SMX,CA,AWP,WE,Federal Contract Tower,0,13,9,0,22,0,18,90,0,108,0,31,99,0,130,142,0,142,272
11/22/2002,SMX,CA,AWP,WE,Federal Contract Tower,2,21,43,0,66,0,5,40,0,45,2,26,83,0,111,72,2,74,185
11/23/2002,SMX,CA,AWP,WE,Federal Contract Tower,0,14,8,0,22,0,3,84,0,87,0,17,92,0,109,130,2,132,241
11/24/2002,SMX,CA,AWP,WE,Federal Contract Tower,0,9,14,0,23,0,0,65,0,65,0,9,79,0,88,82,0,82,170
11/25/2002,SMX,CA,AWP,WE,Federal Contract Tower,0,16,7,5,28,0,16,103,0,119,0,32,110,5,147,112,0,112,259
11/26/2002,SMX,CA,AWP,WE,Federal Contract Tower,0,16,16,0,32,0,13,78,0,91,0,29,94,0,123,132,0,132,255
11/27/2002,SMX,CA,AWP,WE,Federal Contract Tower,0,14,12,0,26,0,15,130,0,145,0,29,142,0,171,82,0,82,253
11/28/2002,SMX,CA,AWP,WE,Federal Contract Tower,0,10,3,0,13,0,2,60,0,62,0,12,63,0,75,28,0,28,103
11/29/2002,SMX,CA,AWP,WE,Federal Contract Tower,0,16,14,0,30,0,7,79,0,86,0,23,93,0,116,40,0,40,156
11/30/2002,SMX,CA,AWP,WE,Federal Contract Tower,0,17,11,0,28,0,4,76,0,80,0,21,87,0,108,32,0,32,140
12/01/2002,SMX,CA,AWP,WE,Federal Contract Tower,0,13,9,0,22,0,0,76,0,76,0,13,85,0,98,68,0,68,166
12/02/2002,SMX,CA,AWP,WE,Federal Contract Tower,0,16,8,2,26,0,5,64,0,69,0,21,72,2,95,140,0,140,235
12/03/2002,SMX,CA,AWP,WE,Federal Contract Tower,0,14,16,0,30,0,13,97,6,116,0,27,113,6,146,148,0,148,294
12/04/2002,SMX,CA,AWP,WE,Federal Contract Tower,0,13,13,0,26,0,15,85,0,100,0,28,98,0,126,86,4,90,216
12/05/2002,SMX,CA,AWP,WE,Federal Contract Tower,0,19,7,1,27,0,25,78,0,103,0,44,85,1,130,54,0,54,184
12/06/2002,SMX,CA,AWP,WE,Federal Contract Tower,0,23,16,5,44,0,9,55,2,66,0,32,71,7,110,34,4,38,148
12/07/2002,SMX,CA,AWP,WE,Federal Contract Tower,0,11,1,2,14,0,3,75,0,78,0,14,76,2,92,98,0,98,190
12/08/2002,SMX,CA,AWP,WE,Federal Contract Tower,0,12,10,0,22,0,4,57,0,61,0,16,67,0,83,84,0,84,167
12/09/2002,SMX,CA,AWP,WE,Federal Contract Tower,0,18,35,3,56,0,17,90,2,109,0,35,125,5,165,80,20,100,265
12/10/2002,SMX,CA,AWP,WE,Federal Contract Tower,0,17,19,0,36,0,9,59,0,68,0,26,78,0,104,18,2,20,124
12/11/2002,SMX,CA,AWP,WE,Federal Contract Tower,0,15,10,0,25,0,12,66,0,78,0,27,76,0,103,64,2,66,169
12/12/2002,SMX,CA,AWP,WE,Federal Contract Tower,0,18,10,0,28,0,14,74,0,88,0,32,84,0,116,28,0,28,144
12/13/2002,SMX,CA,AWP,WE,Federal Contract Tower,0,23,15,3,41,0,6,80,0,86,0,29,95,3,127,96,34,130,257
12/14/2002,SMX,CA,AWP,WE,Federal Contract Tower,0,13,12,4,29,0,3,38,0,41,0,16,50,4,70,40,6,46,116
12/15/2002,SMX,CA,AWP,WE,Federal Contract Tower,0,9,13,0,22,0,2,52,0,54,0,11,65,0,76,36,0,36,112
12/16/2002,SMX,CA,AWP,WE,Federal Contract Tower,0,23,9,0,32,0,0,20,0,20,0,23,29,0,52,16,2,18,70
12/17/2002,SMX,CA,AWP,WE,Federal Contract Tower,0,23,12,0,35,0,3,24,0,27,0,26,36,0,62,42,4,46,108
12/18/2002,SMX,CA,AWP,WE,Federal Contract Tower,0,22,8,0,30,0,11,88,0,99,0,33,96,0,129,44,0,44,173
12/19/2002,SMX,CA,AWP,WE,Federal Contract Tower,0,23,6,0,29,0,4,22,0,26,0,27,28,0,55,8,0,8,63
12/20/2002,SMX,CA,AWP,WE,Federal Contract Tower,1,28,8,2,39,0,11,64,0,75,1,39,72,2,114,12,0,12,126
12/21/2002,SMX,CA,AWP,WE,Federal Contract Tower,0,20,8,0,28,0,0,32,0,32,0,20,40,0,60,0,0,0,60
12/22/2002,SMX,CA,AWP,WE,Federal Contract Tower,0,9,7,0,16,0,0,60,0,60,0,9,67,0,76,34,0,34,110
12/23/2002,SMX,CA,AWP,WE,Federal Contract Tower,0,14,7,0,21,0,18,60,0,78,0,32,67,0,99,46,2,48,147
12/24/2002,SMX,CA,AWP,WE,Federal Contract Tower,0,16,13,0,29,0,14,56,0,70,0,30,69,0,99,50,0,50,149
12/25/2002,SMX,CA,AWP,WE,Federal Contract Tower,0,9,2,0,11,0,2,52,0,54,0,11,54,0,65,44,0,44,109
12/26/2002,SMX,CA,AWP,WE,Federal Contract Tower,0,22,9,0,31,0,3,64,0,67,0,25,73,0,98,74,0,74,172
12/27/2002,SMX,CA,AWP,WE,Federal Contract Tower,0,18,20,2,40,0,9,42,0,51,0,27,62,2,91,48,4,52,143
12/28/2002,SMX,CA,AWP,WE,Federal Contract Tower,0,11,11,0,22,0,5,34,0,39,0,16,45,0,61,8,0,8,69
12/29/2002,SMX,CA,AWP,WE,Federal Contract Tower,0,11,9,0,20,0,0,48,0,48,0,11,57,0,68,46,0,46,114
12/30/2002,SMX,CA,AWP,WE,Federal Contract Tower,0,16,15,0,31,0,12,44,0,56,0,28,59,0,87,48,0,48,135
12/31/2002,SMX,CA,AWP,WE,Federal Contract Tower,0,18,10,0,28,0,4,35,0,39,0,22,45,0,67,38,0,38,105
01/01/2003,SMX,CA,AWP,WE,Federal Contract Tower,0,9,7,0,16,0,0,77,0,77,0,9,84,0,93,4,0,4,97
01/02/2003,SMX,CA,AWP,WE,Federal Contract Tower,0,16,6,0,22,0,20,94,0,114,0,36,100,0,136,54,2,56,192
01/03/2003,SMX,CA,AWP,WE,Federal Contract Tower,0,13,8,0,21,0,13,84,2,99,0,26,92,2,120,72,4,76,196
01/04/2003,SMX,CA,AWP,WE,Federal Contract Tower,0,12,3,0,15,0,6,112,0,118,0,18,115,0,133,68,0,68,201
01/05/2003,SMX,CA,AWP,WE,Federal Contract Tower,0,9,7,0,16,0,2,88,0,90,0,11,95,0,106,54,0,54,160
01/06/2003,SMX,CA,AWP,WE,Federal Contract Tower,0,14,8,2,24,0,17,89,0,106,0,31,97,2,130,146,0,146,276
01/07/2003,SMX,CA,AWP,WE,Federal Contract Tower,0,17,3,0,20,0,24,79,0,103,0,41,82,0,123,126,2,128,251
01/08/2003,SMX,CA,AWP,WE,Federal Contract Tower,0,17,15,0,32,0,16,97,0,113,0,33,112,0,145,144,2,146,291
01/09/2003,SMX,CA,AWP,WE,Federal Contract Tower,0,21,19,0,40,0,9,45,0,54,0,30,64,0,94,38,4,42,136
01/10/2003,SMX,CA,AWP,WE,Federal Contract Tower,0,22,25,0,47,0,0,24,0,24,0,22,49,0,71,18,8,26,97
01/11/2003,SMX,CA,AWP,WE,Federal Contract Tower,0,14,24,0,38,0,3,48,0,51,0,17,72,0,89,64,0,64,153
01/12/2003,SMX,CA,AWP,WE,Federal Contract Tower,0,11,22,0,33,0,0,45,0,45,0,11,67,0,78,44,0,44,122
01/13/2003,SMX,CA,AWP,WE,Federal Contract Tower,0,15,33,0,48,0,17,26,0,43,0,32,59,0,91,34,0,34,125
01/14/2003,SMX,CA,AWP,WE,Federal Contract Tower,0,19,21,3,43,0,13,82,1,96,0,32,103,4,139,54,10,64,203
01/15/2003,SMX,CA,AWP,WE,Federal Contract Tower,0,16,6,1,23,0,12,96,1,109,0,28,102,2,132,80,2,82,214
01/16/2003,SMX,CA,AWP,WE,Federal Contract Tower,0,17,10,1,28,0,10,129,0,139,0,27,139,1,167,120,2,122,289
01/17/2003,SMX,CA,AWP,WE,Federal Contract Tower,0,14,10,1,25,0,11,122,1,134,0,25,132,2,159,60,0,60,219
01/18/2003,SMX,CA,AWP,WE,Federal Contract Tower,0,12,21,0,33,0,3,119,2,124,0,15,140,2,157,120,0,120,277
01/19/2003,SMX,CA,AWP,WE,Federal Contract Tower,0,9,14,2,25,0,0,98,0,98,0,9,112,2,123,106,0,106,229
01/20/2003,SMX,CA,AWP,WE,Federal Contract Tower,0,17,25,0,42,0,15,80,0,95,0,32,105,0,137,86,0,86,223
01/21/2003,SMX,CA,AWP,WE,Federal Contract Tower,0,21,20,1,42,0,7,47,2,56,0,28,67,3,98,64,26,90,188
01/22/2003,SMX,CA,AWP,WE,Federal Contract Tower,0,27,15,0,42,0,7,95,0,102,0,34,110,0,144,68,56,124,268
01/23/2003,SMX,CA,AWP,WE,Federal Contract Tower,0,19,25,0,44,0,9,56,0,65,0,28,81,0,109,26,0,26,135
01/24/2003,SMX,CA,AWP,WE,Federal Contract Tower,0,15,12,0,27,0,8,80,0,88,0,23,92,0,115,86,4,90,205
01/25/2003,SMX,CA,AWP,WE,Federal Contract Tower,0,14,17,0,31,0,2,102,0,104,0,16,119,0,135,40,0,40,175
01/26/2003,SMX,CA,AWP,WE,Federal Contract Tower,0,9,6,0,15,0,0,71,0,71,0,9,77,0,86,96,0,96,182
01/27/2003,SMX,CA,AWP,WE,Federal Contract Tower,0,15,7,2,24,0,21,95,0,116,0,36,102,2,140,108,0,108,248
01/28/2003,SMX,CA,AWP,WE,Federal Contract Tower,0,19,14,2,35,0,10,74,0,84,0,29,88,2,119,130,4,134,253
01/29/2003,SMX,CA,AWP,WE,Federal Contract Tower,0,15,8,2,25,0,14,94,1,109,0,29,102,3,134,80,0,80,214
01/30/2003,SMX,CA,AWP,WE,Federal Contract Tower,0,19,11,0,30,0,12,123,0,135,0,31,134,0,165,72,0,72,237
01/31/2003,SMX,CA,AWP,WE,Federal Contract Tower,0,15,10,0,25,0,7,91,4,102,0,22,101,4,127,88,0,88,215
02/01/2003,SMX,CA,AWP,WE,Federal Contract Tower,0,18,20,0,38,0,0,17,0,17,0,18,37,0,55,20,0,20,75
02/02/2003,SMX,CA,AWP,WE,Federal Contract Tower,0,9,1,0,10,0,2,90,0,92,0,11,91,0,102,30,0,30,132
02/03/2003,SMX,CA,AWP,WE,Federal Contract Tower,0,14,9,2,25,0,14,65,0,79,0,28,74,2,104,68,0,68,172
02/04/2003,SMX,CA,AWP,WE,Federal Contract Tower,0,16,5,2,23,0,11,86,0,97,0,27,91,2,120,56,0,56,176
02/05/2003,SMX,CA,AWP,WE,Federal Contract Tower,0,16,10,1,27,0,11,90,4,105,0,27,100,5,132,88,0,88,220
02/06/2003,SMX,CA,AWP,WE,Federal Contract Tower,0,17,12,0,29,0,11,94,0,105,0,28,106,0,134,68,0,68,202
02/07/2003,SMX,CA,AWP,WE,Federal Contract Tower,0,17,5,0,22,0,9,66,0,75,0,26,71,0,97,80,0,80,177
02/08/2003,SMX,CA,AWP,WE,Federal Contract Tower,0,12,10,3,25,0,10,113,0,123,0,22,123,3,148,98,2,100,248
02/09/2003,SMX,CA,AWP,WE,Federal Contract Tower,0,9,6,0,15,0,0,100,0,100,0,9,106,0,115,84,0,84,199
02/10/2003,SMX,CA,AWP,WE,Federal Contract Tower,0,19,9,2,30,0,8,56,0,64,0,27,65,2,94,94,0,94,188
02/11/2003,SMX,CA,AWP,WE,Federal Contract Tower,0,25,13,2,40,0,20,43,0,63,0,45,56,2,103,4,6,10,113
02/12/2003,SMX,CA,AWP,WE,Federal Contract Tower,0,23,6,0,29,0,19,33,0,52,0,42,39,0,81,20,0,20,101
02/13/2003,SMX,CA,AWP,WE,Federal Contract Tower,1,28,19,0,48,0,9,27,1,37,1,37,46,1,85,14,0,14,99
02/14/2003,SMX,CA,AWP,WE,Federal Contract Tower,0,19,13,0,32,0,15,73,0,88,0,34,86,0,120,58,0,58,178
02/15/2003,SMX,CA,AWP,WE,Federal Contract Tower,2,14,16,0,32,0,2,55,0,57,2,16,71,0,89,82,0,82,171
02/16/2003,SMX,CA,AWP,WE,Federal Contract Tower,2,10,16,0,28,0,5,73,0,78,2,15,89,0,106,78,0,78,184
02/17/2003,SMX,CA,AWP,WE,Federal Contract Tower,0,11,5,0,16,0,20,90,0,110,0,31,95,0,126,68,0,68,194
02/18/2003,SMX,CA,AWP,WE,Federal Contract Tower,0,15,14,0,29,0,23,48,1,72,0,38,62,1,101,40,0,40,141
02/19/2003,SMX,CA,AWP,WE,Federal Contract Tower,0,19,9,0,28,0,16,39,0,55,0,35,48,0,83,18,0,18,101
02/20/2003,SMX,CA,AWP,WE,Federal Contract Tower,0,15,14,2,31,0,26,63,0,89,0,41,77,2,120,32,22,54,174
02/21/2003,SMX,CA,AWP,WE,Federal Contract Tower,0,18,6,0,24,0,16,103,0,119,0,34,109,0,143,76,0,76,219
02/22/2003,SMX,CA,AWP,WE,Federal Contract Tower,0,11,11,0,22,0,18,94,0,112,0,29,105,0,134,46,2,48,182
02/23/2003,SMX,CA,AWP,WE,Federal Contract Tower,0,7,9,0,16,0,7,88,0,95,0,14,97,0,111,88,0,88,199
02/24/2003,SMX,CA,AWP,WE,Federal Contract Tower,0,27,14,0,41,0,12,33,0,45,0,39,47,0,86,24,0,24,110
02/25/2003,SMX,CA,AWP,WE,Federal Contract Tower,0,18,15,0,33,0,24,42,0,66,0,42,57,0,99,18,0,18,117
02/26/2003,SMX,CA,AWP,WE,Federal Contract Tower,0,25,9,0,34,0,14,67,1,82,0,39,76,1,116,40,0,40,156
02/27/2003,SMX,CA,AWP,WE,Federal Contract Tower,0,20,12,4,36,0,18,30,0,48,0,38,42,4,84,44,30,74,158
02/28/2003,SMX,CA,AWP,WE,Federal Contract Tower,0,15,8,0,23,0,29,77,0,106,0,44,85,0,129,58,2,60,189
03/01/2003,SMX,CA,AWP,WE,Federal Contract Tower,0,13,5,0,18,0,10,69,0,79,0,23,74,0,97,76,0,76,173
03/02/2003,SMX,CA,AWP,WE,Federal Contract Tower,0,10,4,2,16,0,12,98,0,110,0,22,102,2,126,108,0,108,234
03/03/2003,SMX,CA,AWP,WE,Federal Contract Tower,0,22,17,2,41,0,16,88,0,104,0,38,105,2,145,98,0,98,243
03/04/2003,SMX,CA,AWP,WE,Federal Contract Tower,0,22,17,1,40,0,15,31,0,46,0,37,48,1,86,8,2,10,96
03/05/2003,SMX,CA,AWP,WE,Federal Contract Tower,0,13,6,0,19,0,34,123,0,157,0,47,129,0,176,118,0,118,294
03/06/2003,SMX,CA,AWP,WE,Federal Contract Tower,0,13,11,1,25,0,25,80,0,105,0,38,91,1,130,68,2,70,200
03/07/2003,SMX,CA,AWP,WE,Federal Contract Tower,0,15,13,1,29,0,24,80,1,105,0,39,93,2,134,70,2,72,206
03/08/2003,SMX,CA,AWP,WE,Federal Contract Tower,0,12,15,0,27,0,6,92,0,98,0,18,107,0,125,62,0,62,187
03/09/2003,SMX,CA,AWP,WE,Federal Contract Tower,0,9,6,0,15,0,6,83,0,89,0,15,89,0,104,92,0,92,196
03/10/2003,SMX,CA,AWP,WE,Federal Contract Tower,0,11,7,0,18,0,25,72,0,97,0,36,79,0,115,68,0,68,183
03/11/2003,SMX,CA,AWP,WE,Federal Contract Tower,0,16,8,0,24,0,32,60,0,92,0,48,68,0,116,24,0,24,140
03/12/2003,SMX,CA,AWP,WE,Federal Contract Tower,0,17,19,0,36,0,20,55,0,75,0,37,74,0,111,48,0,48,159
03/13/2003,SMX,CA,AWP,WE,Federal Contract Tower,0,35,27,0,62,0,4,13,0,17,0,39,40,0,79,0,0,0,79
03/14/2003,SMX,CA,AWP,WE,Federal Contract Tower,0,21,17,2,40,0,16,58,0,74,0,37,75,2,114,38,0,38,152
03/15/2003,SMX,CA,AWP,WE,Federal Contract Tower,0,18,5,0,23,0,6,52,0,58,0,24,57,0,81,52,0,52,133
03/16/2003,SMX,CA,AWP,WE,Federal Contract Tower,0,9,7,0,16,0,2,70,0,72,0,11,77,0,88,58,0,58,146
03/17/2003,SMX,CA,AWP,WE,Federal Contract Tower,0,12,8,3,23,0,26,38,0,64,0,38,46,3,87,28,4,32,119
03/18/2003,SMX,CA,AWP,WE,Federal Contract Tower,0,16,12,0,28,0,27,38,0,65,0,43,50,0,93,46,0,46,139
03/19/2003,SMX,CA,AWP,WE,Federal Contract Tower,0,14,7,2,23,0,24,82,2,108,0,38,89,4,131,68,4,72,203
03/20/2003,SMX,CA,AWP,WE,Federal Contract Tower,0,17,13,0,30,0,21,65,0,86,0,38,78,0,116,66,8,74,190
03/21/2003,SMX,CA,AWP,WE,Federal Contract Tower,0,16,16,0,32,0,24,92,0,116,0,40,108,0,148,40,0,40,188
03/22/2003,SMX,CA,AWP,WE,Federal Contract Tower,0,21,18,0,39,0,2,76,3,81,0,23,94,3,120,54,0,54,174
03/23/2003,SMX,CA,AWP,WE,Federal Contract Tower,0,11,22,0,33,0,5,66,0,71,0,16,88,0,104,48,0,48,152
03/24/2003,SMX,CA,AWP,WE,Federal Contract Tower,0,13,5,0,18,0,25,63,0,88,0,38,68,0,106,22,0,22,128
03/25/2003,SMX,CA,AWP,WE,Federal Contract Tower,0,14,15,0,29,0,28,85,0,113,0,42,100,0,142,58,0,58,200
03/26/2003,SMX,CA,AWP,WE,Federal Contract Tower,0,16,10,0,26,0,23,79,0,102,0,39,89,0,128,46,2,48,176
03/27/2003,SMX,CA,AWP,WE,Federal Contract Tower,0,13,13,3,29,0,26,74,0,100,0,39,87,3,129,68,0,68,197
03/28/2003,SMX,CA,AWP,WE,Federal Contract Tower,0,18,8,0,26,0,17,66,0,83,0,35,74,0,109,32,0,32,141
03/29/2003,SMX,CA,AWP,WE,Federal Contract Tower,0,16,12,0,28,0,6,93,2,101,0,22,105,2,129,98,0,98,227
03/30/2003,SMX,CA,AWP,WE,Federal Contract Tower,0,11,4,1,16,0,9,123,0,132,0,20,127,1,148,98,0,98,246
03/31/2003,SMX,CA,AWP,WE,Federal Contract Tower,0,12,10,2,24,0,23,66,0,89,0,35,76,2,113,56,4,60,173
04/01/2003,SMX,CA,AWP,WE,Federal Contract Tower,0,21,22,1,44,0,16,30,0,46,0,37,52,1,90,48,2,50,140
04/02/2003,SMX,CA,AWP,WE,Federal Contract Tower,0,15,13,2,30,0,22,25,0,47,0,37,38,2,77,32,8,40,117
04/03/2003,SMX,CA,AWP,WE,Federal Contract Tower,0,18,12,0,30,0,26,66,0,92,0,44,78,0,122,56,0,56,178
04/04/2003,SMX,CA,AWP,WE,Federal Contract Tower,0,17,24,2,43,0,22,54,0,76,0,39,78,2,119,66,0,66,185
04/05/2003,SMX,CA,AWP,WE,Federal Contract Tower,0,12,8,0,20,0,10,68,0,78,0,22,76,0,98,34,0,34,132
04/06/2003,SMX,CA,AWP,WE,Federal Contract Tower,0,12,12,4,28,0,5,83,0,88,0,17,95,4,116,60,2,62,178
04/07/2003,SMX,CA,AWP,WE,Federal Contract Tower,0,12,8,0,20,0,19,71,0,90,0,31,79,0,110,40,0,40,150
04/08/2003,SMX,CA,AWP,WE,Federal Contract Tower,0,14,12,0,26,0,27,103,0,130,0,41,115,0,156,74,2,76,232
04/09/2003,SMX,CA,AWP,WE,Federal Contract Tower,2,14,16,1,33,0,34,63,1,98,2,48,79,2,131,88,4,92,223
04/10/2003,SMX,CA,AWP,WE,Federal Contract Tower,0,17,15,0,32,0,26,84,0,110,0,43,99,0,142,48,0,48,190
04/11/2003,SMX,CA,AWP,WE,Federal Contract Tower,2,23,20,0,45,0,23,79,0,102,2,46,99,0,147,64,0,64,211
04/12/2003,SMX,CA,AWP,WE,Federal Contract Tower,2,10,16,0,28,0,11,30,0,41,2,21,46,0,69,30,0,30,99
04/13/2003,SMX,CA,AWP,WE,Federal Contract Tower,0,14,12,0,26,0,4,28,0,32,0,18,40,0,58,42,0,42,100
04/14/2003,SMX,CA,AWP,WE,Federal Contract Tower,0,26,14,4,44,0,13,32,0,45,0,39,46,4,89,28,2,30,119
04/15/2003,SMX,CA,AWP,WE,Federal Contract Tower,0,14,17,0,31,0,23,94,0,117,0,37,111,0,148,60,0,60,208
04/16/2003,SMX,CA,AWP,WE,Federal Contract Tower,0,16,13,0,29,0,31,66,2,99,0,47,79,2,128,68,8,76,204
04/17/2003,SMX,CA,AWP,WE,Federal Contract Tower,0,24,27,0,51,0,23,71,0,94,0,47,98,0,145,68,4,72,217
04/18/2003,SMX,CA,AWP,WE,Federal Contract Tower,0,16,12,0,28,0,25,67,0,92,0,41,79,0,120,54,0,54,174
04/19/2003,SMX,CA,AWP,WE,Federal Contract Tower,0,8,9,0,17,0,10,101,0,111,0,18,110,0,128,64,0,64,192
04/20/2003,SMX,CA,AWP,WE,Federal Contract Tower,0,11,4,0,15,0,3,73,0,76,0,14,77,0,91,52,0,52,143
04/21/2003,SMX,CA,AWP,WE,Federal Contract Tower,0,16,12,0,28,0,24,56,0,80,0,40,68,0,108,22,0,22,130
04/22/2003,SMX,CA,AWP,WE,Federal Contract Tower,0,17,7,0,24,0,21,38,4,63,0,38,45,4,87,26,0,26,113
04/23/2003,SMX,CA,AWP,WE,Federal Contract Tower,0,15,14,0,29,0,23,79,0,102,0,38,93,0,131,38,2,40,171
04/24/2003,SMX,CA,AWP,WE,Federal Contract Tower,0,28,24,0,52,0,18,48,0,66,0,46,72,0,118,36,0,36,154
04/25/2003,SMX,CA,AWP,WE,Federal Contract Tower,0,19,16,2,37,0,19,52,0,71,0,38,68,2,108,48,0,48,156
04/26/2003,SMX,CA,AWP,WE,Federal Contract Tower,0,10,12,0,22,0,13,91,0,104,0,23,103,0,126,34,0,34,160
04/27/2003,SMX,CA,AWP,WE,Federal Contract Tower,0,12,14,0,26,0,2,90,0,92,0,14,104,0,118,122,0,122,240
04/28/2003,SMX,CA,AWP,WE,Federal Contract Tower,0,14,12,0,26,0,19,49,0,68,0,33,61,0,94,52,0,52,146
04/29/2003,SMX,CA,AWP,WE,Federal Contract Tower,0,18,7,1,26,0,19,33,1,53,0,37,40,2,79,34,0,34,113
04/30/2003,SMX,CA,AWP,WE,Federal Contract Tower,0,16,18,0,34,0,28,95,1,124,0,44,113,1,158,78,0,78,236
05/01/2003,SMX,CA,AWP,WE,Federal Contract Tower,2,16,16,0,34,0,30,73,0,103,2,46,89,0,137,64,0,64,201
05/02/2003,SMX,CA,AWP,WE,Federal Contract Tower,0,23,35,2,60,0,24,62,0,86,0,47,97,2,146,48,0,48,194
05/03/2003,SMX,CA,AWP,WE,Federal Contract Tower,0,11,27,0,38,0,17,57,0,74,0,28,84,0,112,96,0,96,208
05/04/2003,SMX,CA,AWP,WE,Federal Contract Tower,2,11,21,0,34,0,8,102,0,110,2,19,123,0,144,124,0,124,268
05/05/2003,SMX,CA,AWP,WE,Federal Contract Tower,0,12,8,0,20,0,21,56,0,77,0,33,64,0,97,44,0,44,141
05/06/2003,SMX,CA,AWP,WE,Federal Contract Tower,0,21,13,0,34,0,20,60,0,80,0,41,73,0,114,54,0,54,168
05/07/2003,SMX,CA,AWP,WE,Federal Contract Tower,0,22,20,0,42,0,24,45,6,75,0,46,65,6,117,48,0,48,165
05/08/2003,SMX,CA,AWP,WE,Federal Contract Tower,0,14,10,0,24,0,31,63,0,94,0,45,73,0,118,64,0,64,182
05/09/2003,SMX,CA,AWP,WE,Federal Contract Tower,0,16,8,1,25,0,18,71,1,90,0,34,79,2,115,40,0,40,155
05/10/2003,SMX,CA,AWP,WE,Federal Contract Tower,0,10,9,0,19,0,6,80,0,86,0,16,89,0,105,78,0,78,183
05/11/2003,SMX,CA,AWP,WE,Federal Contract Tower,0,11,5,0,16,0,2,134,0,136,0,13,139,0,152,60,2,62,214
05/12/2003,SMX,CA,AWP,WE,Federal Contract Tower,0,13,10,2,25,0,19,71,0,90,0,32,81,2,115,82,4,86,201
05/13/2003,SMX,CA,AWP,WE,Federal Contract Tower,0,24,25,0,49,0,16,49,0,65,0,40,74,0,114,68,2,70,184
05/14/2003,SMX,CA,AWP,WE,Federal Contract Tower,0,19,24,0,43,0,28,51,0,79,0,47,75,0,122,64,2,66,188
05/15/2003,SMX,CA,AWP,WE,Federal Contract Tower,0,18,13,0,31,0,27,76,2,105,0,45,89,2,136,62,0,62,198
05/16/2003,SMX,CA,AWP,WE,Federal Contract Tower,0,16,8,0,24,0,14,80,0,94,0,30,88,0,118,54,0,54,172
05/17/2003,SMX,CA,AWP,WE,Federal Contract Tower,0,8,7,0,15,0,5,93,0,98,0,13,100,0,113,54,0,54,167
05/18/2003,SMX,CA,AWP,WE,Federal Contract Tower,0,13,15,0,28,0,2,96,0,98,0,15,111,0,126,68,0,68,194
05/19/2003,SMX,CA,AWP,WE,Federal Contract Tower,0,11,10,0,21,0,28,60,4,92,0,39,70,4,113,52,0,52,165
05/20/2003,SMX,CA,AWP,WE,Federal Contract Tower,0,23,12,0,35,0,19,73,1,93,0,42,85,1,128,42,0,42,170
05/21/2003,SMX,CA,AWP,WE,Federal Contract Tower,0,14,7,4,25,0,28,81,0,109,0,42,88,4,134,120,26,146,280
05/22/2003,SMX,CA,AWP,WE,Federal Contract Tower,0,16,16,0,32,0,31,80,8,119,0,47,96,8,151,84,0,84,235
05/23/2003,SMX,CA,AWP,WE,Federal Contract Tower,2,21,17,0,40,0,12,81,0,93,2,33,98,0,133,22,0,22,155
05/24/2003,SMX,CA,AWP,WE,Federal Contract Tower,0,14,13,0,27,0,8,54,0,62,0,22,67,0,89,0,0,0,89
05/25/2003,SMX,CA,AWP,WE,Federal Contract Tower,2,11,12,0,25,0,2,53,0,55,2,13,65,0,80,20,0,20,100
05/26/2003,SMX,CA,AWP,WE,Federal Contract Tower,0,10,6,0,16,0,8,55,0,63,0,18,61,0,79,48,0,48,127
05/27/2003,SMX,CA,AWP,WE,Federal Contract Tower,0,12,10,0,22,0,24,74,0,98,0,36,84,0,120,108,4,112,232
05/28/2003,SMX,CA,AWP,WE,Federal Contract Tower,0,16,8,0,24,0,30,81,0,111,0,46,89,0,135,78,4,82,217
05/29/2003,SMX,CA,AWP,WE,Federal Contract Tower,0,17,18,0,35,0,31,89,0,120,0,48,107,0,155,112,0,112,267
05/30/2003,SMX,CA,AWP,WE,Federal Contract Tower,0,24,12,2,38,0,13,77,0,90,0,37,89,2,128,68,0,68,196
05/31/2003,SMX,CA,AWP,WE,Federal Contract Tower,0,13,14,0,27,0,7,80,2,89,0,20,94,2,116,84,0,84,200
06/01/2003,SMX,CA,AWP,WE,Federal Contract Tower,0,11,11,0,22,0,5,86,2,93,0,16,97,2,115,82,0,82,197
06/02/2003,SMX,CA,AWP,WE,Federal Contract Tower,0,18,19,4,41,0,21,53,0,74,0,39,72,4,115,54,8,62,177
06/03/2003,SMX,CA,AWP,WE,Federal Contract Tower,0,40,33,2,75,0,3,14,4,21,0,43,47,6,96,8,2,10,106
06/04/2003,SMX,CA,AWP,WE,Federal Contract Tower,0,37,26,0,63,0,10,30,2,42,0,47,56,2,105,28,0,28,133
06/05/2003,SMX,CA,AWP,WE,Federal Contract Tower,0,43,41,2,86,2,13,26,1,42,2,56,67,3,128,22,0,22,150
06/06/2003,SMX,CA,AWP,WE,Federal Contract Tower,0,26,40,1,67,0,6,44,3,53,0,32,84,4,120,26,0,26,146
06/07/2003,SMX,CA,AWP,WE,Federal Contract Tower,0,16,25,2,43,0,10,54,0,64,0,26,79,2,107,38,0,38,145
06/08/2003,SMX,CA,AWP,WE,Federal Contract Tower,0,11,26,3,40,0,0,34,0,34,0,11,60,3,74,46,0,46,120
06/09/2003,SMX,CA,AWP,WE,Federal Contract Tower,0,26,17,1,44,0,14,28,0,42,0,40,45,1,86,20,4,24,110
06/10/2003,SMX,CA,AWP,WE,Federal Contract Tower,0,30,17,2,49,0,12,24,0,36,0,42,41,2,85,24,0,24,109
06/11/2003,SMX,CA,AWP,WE,Federal Contract Tower,0,26,24,0,50,0,20,55,0,75,0,46,79,0,125,68,2,70,195
06/12/2003,SMX,CA,AWP,WE,Federal Contract Tower,0,24,28,0,52,0,21,59,0,80,0,45,87,0,132,64,4,68,200
06/13/2003,SMX,CA,AWP,WE,Federal Contract Tower,0,19,14,0,33,0,16,85,0,101,0,35,99,0,134,30,0,30,164
06/14/2003,SMX,CA,AWP,WE,Federal Contract Tower,0,11,15,0,26,0,4,60,0,64,0,15,75,0,90,34,0,34,124
06/15/2003,SMX,CA,AWP,WE,Federal Contract Tower,0,12,8,0,20,0,6,81,0,87,0,18,89,0,107,78,0,78,185
06/16/2003,SMX,CA,AWP,WE,Federal Contract Tower,0,18,9,0,27,0,11,83,0,94,0,29,92,0,121,62,0,62,183
06/17/2003,SMX,CA,AWP,WE,Federal Contract Tower,0,25,11,0,36,0,15,51,0,66,0,40,62,0,102,92,0,92,194
06/18/2003,SMX,CA,AWP,WE,Federal Contract Tower,0,26,19,1,46,0,15,53,2,70,0,41,72,3,116,40,4,44,160
06/19/2003,SMX,CA,AWP,WE,Federal Contract Tower,0,22,31,3,56,0,0,36,1,37,0,22,67,4,93,30,6,36,129
06/20/2003,SMX,CA,AWP,WE,Federal Contract Tower,0,23,23,0,46,0,15,73,0,88,0,38,96,0,134,78,0,78,212
06/21/2003,SMX,CA,AWP,WE,Federal Contract Tower,0,13,15,2,30,0,6,82,0,88,0,19,97,2,118,86,0,86,204
06/22/2003,SMX,CA,AWP,WE,Federal Contract Tower,0,11,21,1,33,0,2,80,0,82,0,13,101,1,115,54,0,54,169
06/23/2003,SMX,CA,AWP,WE,Federal Contract Tower,0,22,25,2,49,0,5,44,0,49,0,27,69,2,98,58,0,58,156
06/24/2003,SMX,CA,AWP,WE,Federal Contract Tower,0,18,14,0,32,0,26,82,2,110,0,44,96,2,142,68,0,68,210
06/25/2003,SMX,CA,AWP,WE,Federal Contract Tower,2,20,11,0,33,0,27,86,0,113,2,47,97,0,146,92,2,94,240
06/26/2003,SMX,CA,AWP,WE,Federal Contract Tower,0,16,12,0,28,0,32,85,0,117,0,48,97,0,145,88,0,88,233
06/27/2003,SMX,CA,AWP,WE,Federal Contract Tower,2,23,14,1,40,0,30,101,5,136,2,53,115,6,176,86,8,94,270
06/28/2003,SMX,CA,AWP,WE,Federal Contract Tower,0,18,19,0,37,0,13,106,1,120,0,31,125,1,157,70,0,70,227
06/29/2003,SMX,CA,AWP,WE,Federal Contract Tower,0,12,14,2,28,0,11,125,0,136,0,23,139,2,164,82,2,84,248
06/30/2003,SMX,CA,AWP,WE,Federal Contract Tower,0,17,19,2,38,0,16,78,0,94,0,33,97,2,132,40,0,40,172
07/01/2003,SMX,CA,AWP,WE,Federal Contract Tower,0,23,11,1,35,0,18,64,0,82,0,41,75,1,117,48,2,50,167
07/02/2003,SMX,CA,AWP,WE,Federal Contract Tower,0,18,16,4,38,0,36,53,5,94,0,54,69,9,132,76,4,80,212
07/03/2003,SMX,CA,AWP,WE,Federal Contract Tower,0,23,24,0,47,0,28,80,0,108,0,51,104,0,155,78,0,78,233
07/04/2003,SMX,CA,AWP,WE,Federal Contract Tower,0,10,4,0,14,0,4,57,0,61,0,14,61,0,75,24,0,24,99
07/05/2003,SMX,CA,AWP,WE,Federal Contract Tower,0,10,12,0,22,0,4,111,0,115,0,14,123,0,137,54,0,54,191
07/06/2003,SMX,CA,AWP,WE,Federal Contract Tower,2,14,15,0,31,0,0,73,0,73,2,14,88,0,104,60,0,60,164
07/07/2003,SMX,CA,AWP,WE,Federal Contract Tower,0,14,15,2,31,0,17,36,0,53,0,31,51,2,84,62,18,80,164
07/08/2003,SMX,CA,AWP,WE,Federal Contract Tower,0,16,17,0,33,0,26,72,0,98,0,42,89,0,131,78,0,78,209
07/09/2003,SMX,CA,AWP,WE,Federal Contract Tower,0,17,11,0,28,0,26,86,2,114,0,43,97,2,142,58,28,86,228
07/10/2003,SMX,CA,AWP,WE,Federal Contract Tower,0,14,10,0,24,0,31,92,0,123,0,45,102,0,147,98,4,102,249
07/11/2003,SMX,CA,AWP,WE,Federal Contract Tower,0,15,10,0,25,0,30,92,0,122,0,45,102,0,147,82,2,84,231
07/12/2003,SMX,CA,AWP,WE,Federal Contract Tower,0,14,11,0,25,0,21,92,0,113,0,35,103,0,138,78,0,78,216
07/13/2003,SMX,CA,AWP,WE,Federal Contract Tower,0,11,7,0,18,0,9,111,0,120,0,20,118,0,138,104,0,104,242
07/14/2003,SMX,CA,AWP,WE,Federal Contract Tower,0,16,9,0,25,0,12,48,1,61,0,28,57,1,86,84,8,92,178
07/15/2003,SMX,CA,AWP,WE,Federal Contract Tower,0,25,14,3,42,0,18,78,0,96,0,43,92,3,138,72,20,92,230
07/16/2003,SMX,CA,AWP,WE,Federal Contract Tower,0,20,13,0,33,0,22,54,1,77,0,42,67,1,110,80,2,82,192
07/17/2003,SMX,CA,AWP,WE,Federal Contract Tower,0,12,11,0,23,0,33,88,0,121,0,45,99,0,144,102,0,102,246
07/18/2003,SMX,CA,AWP,WE,Federal Contract Tower,1,19,9,0,29,0,12,83,0,95,1,31,92,0,124,52,2,54,178
07/19/2003,SMX,CA,AWP,WE,Federal Contract Tower,0,12,9,0,21,0,7,80,0,87,0,19,89,0,108,56,0,56,164
07/20/2003,SMX,CA,AWP,WE,Federal Contract Tower,0,12,14,0,26,0,3,123,0,126,0,15,137,0,152,66,0,66,218
07/21/2003,SMX,CA,AWP,WE,Federal Contract Tower,0,17,4,2,23,0,16,78,3,97,0,33,82,5,120,50,0,50,170
07/22/2003,SMX,CA,AWP,WE,Federal Contract Tower,0,26,17,0,43,0,13,86,0,99,0,39,103,0,142,22,0,22,164
07/23/2003,SMX,CA,AWP,WE,Federal Contract Tower,0,21,16,0,37,0,22,61,4,87,0,43,77,4,124,90,0,90,214
07/24/2003,SMX,CA,AWP,WE,Federal Contract Tower,0,24,15,1,40,0,15,61,5,81,0,39,76,6,121,92,4,96,217
07/25/2003,SMX,CA,AWP,WE,Federal Contract Tower,0,22,19,3,44,0,24,69,1,94,0,46,88,4,138,78,2,80,218
07/26/2003,SMX,CA,AWP,WE,Federal Contract Tower,0,20,14,2,36,0,16,65,2,83,0,36,79,4,119,68,4,72,191
07/27/2003,SMX,CA,AWP,WE,Federal Contract Tower,0,12,6,0,18,0,2,74,0,76,0,14,80,0,94,46,0,46,140
07/28/2003,SMX,CA,AWP,WE,Federal Contract Tower,0,19,19,0,38,0,18,45,0,63,0,37,64,0,101,42,0,42,143
07/29/2003,SMX,CA,AWP,WE,Federal Contract Tower,0,21,13,0,34,0,12,84,0,96,0,33,97,0,130,66,2,68,198
07/30/2003,SMX,CA,AWP,WE,Federal Contract Tower,0,23,19,2,44,0,17,30,0,47,0,40,49,2,91,70,4,74,165
07/31/2003,SMX,CA,AWP,WE,Federal Contract Tower,0,20,30,1,51,0,16,34,0,50,0,36,64,1,101,56,0,56,157
08/01/2003,SMX,CA,AWP,WE,Federal Contract Tower,0,22,16,0,38,0,12,34,1,47,0,34,50,1,85,62,2,64,149
08/02/2003,SMX,CA,AWP,WE,Federal Contract Tower,0,14,18,0,32,0,2,44,2,48,0,16,62,2,80,60,10,70,150
08/03/2003,SMX,CA,AWP,WE,Federal Contract Tower,0,13,8,0,21,0,6,80,0,86,0,19,88,0,107,38,0,38,145
08/04/2003,SMX,CA,AWP,WE,Federal Contract Tower,0,16,9,0,25,0,17,56,1,74,0,33,65,1,99,52,0,52,151
08/05/2003,SMX,CA,AWP,WE,Federal Contract Tower,0,22,10,0,32,0,20,56,1,77,0,42,66,1,109,70,2,72,181
08/06/2003,SMX,CA,AWP,WE,Federal Contract Tower,0,23,18,0,41,0,15,41,0,56,0,38,59,0,97,56,0,56,153
08/07/2003,SMX,CA,AWP,WE,Federal Contract Tower,0,18,22,0,40,0,21,79,0,100,0,39,101,0,140,74,0,74,214
08/08/2003,SMX,CA,AWP,WE,Federal Contract Tower,0,22,15,0,37,0,7,51,0,58,0,29,66,0,95,84,0,84,179
08/09/2003,SMX,CA,AWP,WE,Federal Contract Tower,0,14,16,0,30,0,8,92,0,100,0,22,108,0,130,86,0,86,216
08/10/2003,SMX,CA,AWP,WE,Federal Contract Tower,0,12,8,1,21,0,3,112,0,115,0,15,120,1,136,78,0,78,214
08/11/2003,SMX,CA,AWP,WE,Federal Contract Tower,0,13,9,0,22,0,15,83,0,98,0,28,92,0,120,28,0,28,148
08/12/2003,SMX,CA,AWP,WE,Federal Contract Tower,0,18,9,5,32,0,24,87,7,118,0,42,96,12,150,30,12,42,192
08/13/2003,SMX,CA,AWP,WE,Federal Contract Tower,0,21,13,0,34,0,17,68,2,87,0,38,81,2,121,78,0,78,199
08/14/2003,SMX,CA,AWP,WE,Federal Contract Tower,0,22,21,2,45,0,14,63,0,77,0,36,84,2,122,62,0,62,184
08/15/2003,SMX,CA,AWP,WE,Federal Contract Tower,0,18,13,2,33,0,29,90,6,125,0,47,103,8,158,88,4,92,250
08/16/2003,SMX,CA,AWP,WE,Federal Contract Tower,0,14,4,2,20,0,39,108,6,153,0,53,112,8,173,102,4,106,279
08/17/2003,SMX,CA,AWP,WE,Federal Contract Tower,0,13,13,2,28,0,31,72,3,106,0,44,85,5,134,104,0,104,238
08/18/2003,SMX,CA,AWP,WE,Federal Contract Tower,0,22,19,0,41,0,13,53,0,66,0,35,72,0,107,76,0,76,183
08/19/2003,SMX,CA,AWP,WE,Federal Contract Tower,0,23,16,0,39,0,18,60,0,78,0,41,76,0,117,40,0,40,157
08/20/2003,SMX,CA,AWP,WE,Federal Contract Tower,0,26,24,2,52,0,17,50,0,67,0,43,74,2,119,44,4,48,167
08/21/2003,SMX,CA,AWP,WE,Federal Contract Tower,2,29,22,1,54,0,18,42,0,60,2,47,64,1,114,78,2,80,194
08/22/2003,SMX,CA,AWP,WE,Federal Contract Tower,0,16,13,0,29,0,31,90,0,121,0,47,103,0,150,110,4,114,264
08/23/2003,SMX,CA,AWP,WE,Federal Contract Tower,0,14,11,0,25,0,23,101,0,124,0,37,112,0,149,108,6,114,263
08/24/2003,SMX,CA,AWP,WE,Federal Contract Tower,0,11,17,0,28,0,8,94,0,102,0,19,111,0,130,96,0,96,226
08/25/2003,SMX,CA,AWP,WE,Federal Contract Tower,0,24,14,0,38,0,15,75,0,90,0,39,89,0,128,32,0,32,160
08/26/2003,SMX,CA,AWP,WE,Federal Contract Tower,0,27,37,0,64,0,15,42,0,57,0,42,79,0,121,16,22,38,159
08/27/2003,SMX,CA,AWP,WE,Federal Contract Tower,0,28,17,0,45,0,20,65,0,85,0,48,82,0,130,120,4,124,254
08/28/2003,SMX,CA,AWP,WE,Federal Contract Tower,0,29,23,2,54,0,15,72,0,87,0,44,95,2,141,60,10,70,211
08/29/2003,SMX,CA,AWP,WE,Federal Contract Tower,0,23,26,0,49,0,8,51,0,59,0,31,77,0,108,78,4,82,190
08/30/2003,SMX,CA,AWP,WE,Federal Contract Tower,0,13,16,0,29,0,0,52,0,52,0,13,68,0,81,58,0,58,139
08/31/2003,SMX,CA,AWP,WE,Federal Contract Tower,0,9,8,0,17,0,0,78,0,78,0,9,86,0,95,70,0,70,165
09/01/2003,SMX,CA,AWP,WE,Federal Contract Tower,0,12,10,0,22,0,2,88,0,90,0,14,98,0,112,42,0,42,154
09/02/2003,SMX,CA,AWP,WE,Federal Contract Tower,0,17,5,0,22,0,24,75,0,99,0,41,80,0,121,86,0,86,207
09/03/2003,SMX,CA,AWP,WE,Federal Contract Tower,0,25,20,0,45,0,20,50,0,70,0,45,70,0,115,52,2,54,169
09/04/2003,SMX,CA,AWP,WE,Federal Contract Tower,0,25,24,0,49,0,20,60,0,80,0,45,84,0,129,72,0,72,201
09/05/2003,SMX,CA,AWP,WE,Federal Contract Tower,1,15,12,0,28,0,17,66,0,83,1,32,78,0,111,62,6,68,179
09/06/2003,SMX,CA,AWP,WE,Federal Contract Tower,0,12,7,0,19,0,9,135,1,145,0,21,142,1,164,104,0,104,268
09/07/2003,SMX,CA,AWP,WE,Federal Contract Tower,2,9,3,0,14,0,1,130,0,131,2,10,133,0,145,96,0,96,241
09/08/2003,SMX,CA,AWP,WE,Federal Contract Tower,0,14,14,0,28,0,17,50,4,71,0,31,64,4,99,46,0,46,145
09/09/2003,SMX,CA,AWP,WE,Federal Contract Tower,0,18,15,2,35,0,25,77,1,103,0,43,92,3,138,26,6,32,170
09/10/2003,SMX,CA,AWP,WE,Federal Contract Tower,0,20,16,0,36,0,15,53,0,68,0,35,69,0,104,42,2,44,148
09/11/2003,SMX,CA,AWP,WE,Federal Contract Tower,0,11,17,1,29,0,27,73,0,100,0,38,90,1,129,56,6,62,191
09/12/2003,SMX,CA,AWP,WE,Federal Contract Tower,0,16,11,2,29,0,32,85,2,119,0,48,96,4,148,90,6,96,244
09/13/2003,SMX,CA,AWP,WE,Federal Contract Tower,0,21,17,2,40,0,7,70,0,77,0,28,87,2,117,88,4,92,209
09/14/2003,SMX,CA,AWP,WE,Federal Contract Tower,0,10,16,1,27,0,27,77,1,105,0,37,93,2,132,68,2,70,202
09/15/2003,SMX,CA,AWP,WE,Federal Contract Tower,0,19,30,0,49,0,8,47,0,55,0,27,77,0,104,36,4,40,144
09/16/2003,SMX,CA,AWP,WE,Federal Contract Tower,0,29,13,0,42,0,18,43,0,61,0,47,56,0,103,48,0,48,151
09/17/2003,SMX,CA,AWP,WE,Federal Contract Tower,0,22,12,0,34,0,21,59,0,80,0,43,71,0,114,56,2,58,172
09/18/2003,SMX,CA,AWP,WE,Federal Contract Tower,0,15,10,1,26,0,22,73,1,96,0,37,83,2,122,64,8,72,194
09/19/2003,SMX,CA,AWP,WE,Federal Contract Tower,0,17,11,1,29,0,26,78,1,105,0,43,89,2,134,68,6,74,208
09/20/2003,SMX,CA,AWP,WE,Federal Contract Tower,0,16,11,0,27,0,12,84,0,96,0,28,95,0,123,74,0,74,197
09/21/2003,SMX,CA,AWP,WE,Federal Contract Tower,0,10,7,0,17,0,4,95,0,99,0,14,102,0,116,96,0,96,212
09/22/2003,SMX,CA,AWP,WE,Federal Contract Tower,0,18,10,0,28,0,12,23,0,35,0,30,33,0,63,48,0,48,111
09/23/2003,SMX,CA,AWP,WE,Federal Contract Tower,0,32,32,0,64,0,21,50,0,71,0,53,82,0,135,40,0,40,175
09/24/2003,SMX,CA,AWP,WE,Federal Contract Tower,0,26,24,0,50,0,16,27,1,44,0,42,51,1,94,50,0,50,144
09/25/2003,SMX,CA,AWP,WE,Federal Contract Tower,0,22,24,0,46,0,24,65,0,89,0,46,89,0,135,44,2,46,181
09/26/2003,SMX,CA,AWP,WE,Federal Contract Tower,0,22,26,0,48,0,25,100,0,125,0,47,126,0,173,108,4,112,285
09/27/2003,SMX,CA,AWP,WE,Federal Contract Tower,0,20,13,0,33,0,9,115,0,124,0,29,128,0,157,148,0,148,305
09/28/2003,SMX,CA,AWP,WE,Federal Contract Tower,0,13,12,0,25,0,5,92,1,98,0,18,104,1,123,184,0,184,307
09/29/2003,SMX,CA,AWP,WE,Federal Contract Tower,0,13,9,0,22,0,15,80,0,95,0,28,89,0,117,86,0,86,203
09/30/2003,SMX,CA,AWP,WE,Federal Contract Tower,0,34,21,0,55,0,11,42,0,53,0,45,63,0,108,56,0,56,164
10/01/2003,SMX,CA,AWP,WE,Federal Contract Tower,0,20,16,0,36,0,22,45,0,67,0,42,61,0,103,46,0,46,149
10/02/2003,SMX,CA,AWP,WE,Federal Contract Tower,0,25,19,0,44,0,19,39,0,58,0,44,58,0,102,38,0,38,140
10/03/2003,SMX,CA,AWP,WE,Federal Contract Tower,1,30,24,0,55,1,14,53,1,69,2,44,77,1,124,54,0,54,178
10/04/2003,SMX,CA,AWP,WE,Federal Contract Tower,1,20,16,0,37,1,14,78,0,93,2,34,94,0,130,82,0,82,212
10/05/2003,SMX,CA,AWP,WE,Federal Contract Tower,0,17,16,0,33,0,0,53,6,59,0,17,69,6,92,78,0,78,170
10/06/2003,SMX,CA,AWP,WE,Federal Contract Tower,0,22,18,1,41,0,14,74,3,91,0,36,92,4,132,78,4,82,214
10/07/2003,SMX,CA,AWP,WE,Federal Contract Tower,0,32,24,0,56,0,3,64,0,67,0,35,88,0,123,40,0,40,163
10/08/2003,SMX,CA,AWP,WE,Federal Contract Tower,0,26,21,0,47,0,14,39,0,53,0,40,60,0,100,44,2,46,146
10/09/2003,SMX,CA,AWP,WE,Federal Contract Tower,0,21,17,1,39,0,26,53,1,80,0,47,70,2,119,66,0,66,185
10/10/2003,SMX,CA,AWP,WE,Federal Contract Tower,0,16,13,0,29,0,30,84,0,114,0,46,97,0,143,86,0,86,229
10/11/2003,SMX,CA,AWP,WE,Federal Contract Tower,0,12,10,0,22,0,20,93,0,113,0,32,103,0,135,98,0,98,233
10/12/2003,SMX,CA,AWP,WE,Federal Contract Tower,0,10,7,0,17,0,8,73,0,81,0,18,80,0,98,86,0,86,184
10/13/2003,SMX,CA,AWP,WE,Federal Contract Tower,0,13,11,0,24,0,12,84,0,96,0,25,95,0,120,88,0,88,208
10/14/2003,SMX,CA,AWP,WE,Federal Contract Tower,0,21,16,1,38,0,28,61,0,89,0,49,77,1,127,40,0,40,167
10/15/2003,SMX,CA,AWP,WE,Federal Contract Tower,0,32,23,1,56,0,4,24,0,28,0,36,47,1,84,36,0,36,120
10/16/2003,SMX,CA,AWP,WE,Federal Contract Tower,0,16,10,0,26,0,18,55,0,73,0,34,65,0,99,80,0,80,179
10/17/2003,SMX,CA,AWP,WE,Federal Contract Tower,0,18,12,1,31,0,27,91,3,121,0,45,103,4,152,96,0,96,248
10/18/2003,SMX,CA,AWP,WE,Federal Contract Tower,0,14,10,0,24,0,15,79,0,94,0,29,89,0,118,68,0,68,186
10/19/2003,SMX,CA,AWP,WE,Federal Contract Tower,0,12,7,0,19,0,15,96,0,111,0,27,103,0,130,108,0,108,238
10/20/2003,SMX,CA,AWP,WE,Federal Contract Tower,0,14,10,1,25,0,10,78,10,98,0,24,88,11,123,50,0,50,173
10/21/2003,SMX,CA,AWP,WE,Federal Contract Tower,0,14,10,0,24,0,14,56,0,70,0,28,66,0,94,84,0,84,178
10/22/2003,SMX,CA,AWP,WE,Federal Contract Tower,0,28,20,0,48,0,8,30,0,38,0,36,50,0,86,10,0,10,96
10/23/2003,SMX,CA,AWP,WE,Federal Contract Tower,0,14,11,0,25,0,19,84,0,103,0,33,95,0,128,16,0,16,144
10/24/2003,SMX,CA,AWP,WE,Federal Contract Tower,0,16,11,0,27,0,16,80,2,98,0,32,91,2,125,78,0,78,203
10/25/2003,SMX,CA,AWP,WE,Federal Contract Tower,0,10,7,0,17,0,17,86,0,103,0,27,93,0,120,84,0,84,204
10/26/2003,SMX,CA,AWP,WE,Federal Contract Tower,0,2,1,0,3,1,4,92,0,97,1,6,93,0,100,48,0,48,148
10/27/2003,SMX,CA,AWP,WE,Federal Contract Tower,0,7,5,0,12,0,17,58,0,75,0,24,63,0,87,24,4,28,115
10/28/2003,SMX,CA,AWP,WE,Federal Contract Tower,0,17,12,0,29,0,25,28,0,53,0,42,40,0,82,60,0,60,142
10/29/2003,SMX,CA,AWP,WE,Federal Contract Tower,0,31,23,0,54,0,18,15,3,36,0,49,38,3,90,14,0,14,104
10/30/2003,SMX,CA,AWP,WE,Federal Contract Tower,0,17,12,0,29,0,28,48,5,81,0,45,60,5,110,50,2,52,162
10/31/2003,SMX,CA,AWP,WE,Federal Contract Tower,0,17,13,0,30,0,15,27,0,42,0,32,40,0,72,8,0,8,80
11/01/2003,SMX,CA,AWP,WE,Federal Contract Tower,0,11,11,0,22,0,13,78,0,91,0,24,89,0,113,88,0,88,201
11/02/2003,SMX,CA,AWP,WE,Federal Contract Tower,0,11,10,0,21,0,3,76,0,79,0,14,86,0,100,84,0,84,184
11/03/2003,SMX,CA,AWP,WE,Federal Contract Tower,0,21,19,0,40,0,7,35,1,43,0,28,54,1,83,90,6,96,179
11/04/2003,SMX,CA,AWP,WE,Federal Contract Tower,0,18,17,0,35,0,23,56,1,80,0,41,73,1,115,88,2,90,205
11/05/2003,SMX,CA,AWP,WE,Federal Contract Tower,0,14,12,0,26,0,26,52,0,78,0,40,64,0,104,116,2,118,222
11/06/2003,SMX,CA,AWP,WE,Federal Contract Tower,1,20,19,0,40,1,20,44,3,68,2,40,63,3,108,116,0,116,224
11/07/2003,SMX,CA,AWP,WE,Federal Contract Tower,0,17,15,0,32,0,15,64,3,82,0,32,79,3,114,68,4,72,186
11/08/2003,SMX,CA,AWP,WE,Federal Contract Tower,0,15,13,0,28,0,13,52,0,65,0,28,65,0,93,8,0,8,101
11/09/2003,SMX,CA,AWP,WE,Federal Contract Tower,0,18,17,0,35,2,1,36,0,39,2,19,53,0,74,24,0,24,98
11/10/2003,SMX,CA,AWP,WE,Federal Contract Tower,0,12,11,0,23,0,26,60,0,86,0,38,71,0,109,96,0,96,205
11/11/2003,SMX,CA,AWP,WE,Federal Contract Tower,0,14,12,0,26,0,26,49,0,75,0,40,61,0,101,74,0,74,175
11/12/2003,SMX,CA,AWP,WE,Federal Contract Tower,0,18,16,0,34,0,25,61,0,86,0,43,77,0,120,68,0,68,188
11/13/2003,SMX,CA,AWP,WE,Federal Contract Tower,0,23,20,1,44,0,21,75,1,97,0,44,95,2,141,78,2,80,221
11/14/2003,SMX,CA,AWP,WE,Federal Contract Tower,0,26,24,1,51,2,19,71,1,93,2,45,95,2,144,108,4,112,256
11/15/2003,SMX,CA,AWP,WE,Federal Contract Tower,0,21,19,0,40,2,11,49,0,62,2,32,68,0,102,84,0,84,186
11/16/2003,SMX,CA,AWP,WE,Federal Contract Tower,0,9,8,0,17,0,4,88,0,92,0,13,96,0,109,92,0,92,201
11/17/2003,SMX,CA,AWP,WE,Federal Contract Tower,0,15,12,0,27,0,16,43,0,59,0,31,55,0,86,52,0,52,138
11/18/2003,SMX,CA,AWP,WE,Federal Contract Tower,0,18,14,1,33,0,22,81,1,104,0,40,95,2,137,80,2,82,219
11/19/2003,SMX,CA,AWP,WE,Federal Contract Tower,0,14,11,0,25,0,29,94,0,123,0,43,105,0,148,128,0,128,276
11/20/2003,SMX,CA,AWP,WE,Federal Contract Tower,0,19,16,0,35,0,25,81,0,106,0,44,97,0,141,128,0,128,269
11/21/2003,SMX,CA,AWP,WE,Federal Contract Tower,0,17,13,1,31,0,24,76,1,101,0,41,89,2,132,112,0,112,244
11/22/2003,SMX,CA,AWP,WE,Federal Contract Tower,0,11,8,0,19,0,13,71,0,84,0,24,79,0,103,86,0,86,189
11/23/2003,SMX,CA,AWP,WE,Federal Contract Tower,0,8,6,0,14,0,9,91,0,100,0,17,97,0,114,70,0,70,184
11/24/2003,SMX,CA,AWP,WE,Federal Contract Tower,0,15,13,0,28,0,20,48,2,70,0,35,61,2,98,124,4,128,226
11/25/2003,SMX,CA,AWP,WE,Federal Contract Tower,0,18,16,0,34,0,25,64,1,90,0,43,80,1,124,62,4,66,190
11/26/2003,SMX,CA,AWP,WE,Federal Contract Tower,0,16,13,0,29,0,27,73,2,102,0,43,86,2,131,68,0,68,199
11/27/2003,SMX,CA,AWP,WE,Federal Contract Tower,0,10,8,0,18,0,13,28,0,41,0,23,36,0,59,26,0,26,85
11/28/2003,SMX,CA,AWP,WE,Federal Contract Tower,0,8,6,0,14,0,17,63,0,80,0,25,69,0,94,36,0,36,130
11/29/2003,SMX,CA,AWP,WE,Federal Contract Tower,0,12,11,0,23,0,2,77,0,79,0,14,88,0,102,76,0,76,178
11/30/2003,SMX,CA,AWP,WE,Federal Contract Tower,0,9,8,0,17,0,4,77,0,81,0,13,85,0,98,46,0,46,144
12/01/2003,SMX,CA,AWP,WE,Federal Contract Tower,1,21,15,0,37,1,13,31,0,45,2,34,46,0,82,92,0,92,174
12/02/2003,SMX,CA,AWP,WE,Federal Contract Tower,0,29,20,1,50,0,17,57,3,77,0,46,77,4,127,66,0,66,193
12/03/2003,SMX,CA,AWP,WE,Federal Contract Tower,0,18,12,0,30,0,26,84,3,113,0,44,96,3,143,78,4,82,225
12/04/2003,SMX,CA,AWP,WE,Federal Contract Tower,0,23,15,1,39,0,21,77,3,101,0,44,92,4,140,88,18,106,246
12/05/2003,SMX,CA,AWP,WE,Federal Contract Tower,0,21,15,0,36,0,24,78,0,102,0,45,93,0,138,68,0,68,206
12/06/2003,SMX,CA,AWP,WE,Federal Contract Tower,0,18,12,0,30,0,14,55,0,69,0,32,67,0,99,46,0,46,145
12/07/2003,SMX,CA,AWP,WE,Federal Contract Tower,0,16,13,0,29,0,0,19,0,19,0,16,32,0,48,40,0,40,88
12/08/2003,SMX,CA,AWP,WE,Federal Contract Tower,0,19,14,0,33,0,20,75,0,95,0,39,89,0,128,84,0,84,212
12/09/2003,SMX,CA,AWP,WE,Federal Contract Tower,0,17,12,0,29,0,21,60,0,81,0,38,72,0,110,36,4,40,150
12/10/2003,SMX,CA,AWP,WE,Federal Contract Tower,0,25,17,0,42,0,16,40,0,56,0,41,57,0,98,46,0,46,144
12/11/2003,SMX,CA,AWP,WE,Federal Contract Tower,0,22,15,0,37,0,21,64,0,85,0,43,79,0,122,84,0,84,206
12/12/2003,SMX,CA,AWP,WE,Federal Contract Tower,0,12,9,0,21,0,24,54,0,78,0,36,63,0,99,88,0,88,187
12/13/2003,SMX,CA,AWP,WE,Federal Contract Tower,0,10,7,0,17,0,13,68,0,81,0,23,75,0,98,102,0,102,200
12/14/2003,SMX,CA,AWP,WE,Federal Contract Tower,0,13,10,0,23,0,0,22,0,22,0,13,32,0,45,26,0,26,71
12/15/2003,SMX,CA,AWP,WE,Federal Contract Tower,0,14,10,0,24,0,22,51,0,73,0,36,61,0,97,36,4,40,137
12/16/2003,SMX,CA,AWP,WE,Federal Contract Tower,0,21,14,1,36,0,21,75,0,96,0,42,89,1,132,136,6,142,274
12/17/2003,SMX,CA,AWP,WE,Federal Contract Tower,0,15,11,0,26,0,30,113,0,143,0,45,124,0,169,82,4,86,255
12/18/2003,SMX,CA,AWP,WE,Federal Contract Tower,0,18,11,0,29,0,23,87,0,110,0,41,98,0,139,88,0,88,227
12/19/2003,SMX,CA,AWP,WE,Federal Contract Tower,0,18,11,0,29,2,18,50,0,70,2,36,61,0,99,26,0,26,125
12/20/2003,SMX,CA,AWP,WE,Federal Contract Tower,0,17,10,0,27,0,7,67,0,74,0,24,77,0,101,54,0,54,155
12/21/2003,SMX,CA,AWP,WE,Federal Contract Tower,0,14,8,1,23,1,0,95,3,99,1,14,103,4,122,62,0,62,184
12/22/2003,SMX,CA,AWP,WE,Federal Contract Tower,0,21,13,1,35,0,11,60,2,73,0,32,73,3,108,46,6,52,160
12/23/2003,SMX,CA,AWP,WE,Federal Contract Tower,0,23,14,0,37,0,23,11,0,34,0,46,25,0,71,20,0,20,91
12/24/2003,SMX,CA,AWP,WE,Federal Contract Tower,0,21,13,0,34,2,26,5,0,33,2,47,18,0,67,8,0,8,75
12/25/2003,SMX,CA,AWP,WE,Federal Contract Tower,0,11,2,0,13,0,21,0,0,21,0,32,2,0,34,4,0,4,38
12/26/2003,SMX,CA,AWP,WE,Federal Contract Tower,0,14,8,0,22,0,19,72,0,91,0,33,80,0,113,38,0,38,151
12/27/2003,SMX,CA,AWP,WE,Federal Contract Tower,0,11,6,0,17,0,12,96,0,108,0,23,102,0,125,54,0,54,179
12/28/2003,SMX,CA,AWP,WE,Federal Contract Tower,0,12,6,0,18,0,2,80,0,82,0,14,86,0,100,64,0,64,164
12/29/2003,SMX,CA,AWP,WE,Federal Contract Tower,0,24,14,0,38,0,18,0,0,18,0,42,14,0,56,18,2,20,76
12/30/2003,SMX,CA,AWP,WE,Federal Contract Tower,0,19,13,0,32,0,24,31,0,55,0,43,44,0,87,54,0,54,141
12/31/2003,SMX,CA,AWP,WE,Federal Contract Tower,0,14,9,0,23,0,26,80,2,108,0,40,89,2,131,66,0,66,197
01/01/2004,SMX,CA,AWP,WE,Federal Contract Tower,0,9,7,0,16,0,13,38,0,51,0,22,45,0,67,36,0,36,103
01/02/2004,SMX,CA,AWP,WE,Federal Contract Tower,0,21,17,0,38,0,14,37,0,51,0,35,54,0,89,58,0,58,147
01/03/2004,SMX,CA,AWP,WE,Federal Contract Tower,0,12,10,0,22,0,17,79,0,96,0,29,89,0,118,58,0,58,176
01/04/2004,SMX,CA,AWP,WE,Federal Contract Tower,0,10,11,0,21,0,0,64,0,64,0,10,75,0,85,72,0,72,157
01/05/2004,SMX,CA,AWP,WE,Federal Contract Tower,0,13,11,1,25,0,23,73,0,96,0,36,84,1,121,94,2,96,217
01/06/2004,SMX,CA,AWP,WE,Federal Contract Tower,0,17,15,0,32,0,26,44,0,70,0,43,59,0,102,46,2,48,150
01/07/2004,SMX,CA,AWP,WE,Federal Contract Tower,0,18,15,0,33,0,26,80,0,106,0,44,95,0,139,66,0,66,205
01/08/2004,SMX,CA,AWP,WE,Federal Contract Tower,0,14,12,0,26,0,27,91,0,118,0,41,103,0,144,94,4,98,242
01/09/2004,SMX,CA,AWP,WE,Federal Contract Tower,0,20,16,2,38,0,18,62,6,86,0,38,78,8,124,82,2,84,208
01/10/2004,SMX,CA,AWP,WE,Federal Contract Tower,0,19,16,0,35,0,0,102,0,102,0,19,118,0,137,120,0,120,257
01/11/2004,SMX,CA,AWP,WE,Federal Contract Tower,0,16,14,1,31,0,3,65,1,69,0,19,79,2,100,64,0,64,164
01/12/2004,SMX,CA,AWP,WE,Federal Contract Tower,0,21,17,2,40,0,10,12,2,24,0,31,29,4,64,46,16,62,126
01/13/2004,SMX,CA,AWP,WE,Federal Contract Tower,0,21,17,0,38,0,23,83,0,106,0,44,100,0,144,68,2,70,214
01/14/2004,SMX,CA,AWP,WE,Federal Contract Tower,0,16,14,0,30,0,25,85,0,110,0,41,99,0,140,88,0,88,228
01/15/2004,SMX,CA,AWP,WE,Federal Contract Tower,0,15,12,0,27,0,23,67,0,90,0,38,79,0,117,66,0,66,183
01/16/2004,SMX,CA,AWP,WE,Federal Contract Tower,0,11,10,0,21,0,24,94,0,118,0,35,104,0,139,86,0,86,225
01/17/2004,SMX,CA,AWP,WE,Federal Contract Tower,0,13,9,0,22,0,5,76,0,81,0,18,85,0,103,76,0,76,179
01/18/2004,SMX,CA,AWP,WE,Federal Contract Tower,0,9,6,0,15,0,4,55,0,59,0,13,61,0,74,96,0,96,170
01/19/2004,SMX,CA,AWP,WE,Federal Contract Tower,0,12,9,0,21,0,20,53,0,73,0,32,62,0,94,68,0,68,162
01/20/2004,SMX,CA,AWP,WE,Federal Contract Tower,0,27,21,1,49,0,27,55,1,83,0,54,76,2,132,68,0,68,200
01/21/2004,SMX,CA,AWP,WE,Federal Contract Tower,0,23,17,0,40,0,24,82,0,106,0,47,99,0,146,86,2,88,234
01/22/2004,SMX,CA,AWP,WE,Federal Contract Tower,0,17,14,0,31,0,52,87,2,141,0,69,101,2,172,68,8,76,248
01/23/2004,SMX,CA,AWP,WE,Federal Contract Tower,0,15,11,0,26,0,23,62,0,85,0,38,73,0,111,88,0,88,199
01/24/2004,SMX,CA,AWP,WE,Federal Contract Tower,0,15,12,0,27,0,1,21,0,22,0,16,33,0,49,48,0,48,97
01/25/2004,SMX,CA,AWP,WE,Federal Contract Tower,0,9,7,0,16,0,8,61,0,69,0,17,68,0,85,46,0,46,131
01/26/2004,SMX,CA,AWP,WE,Federal Contract Tower,0,17,13,0,30,0,21,54,0,75,0,38,67,0,105,74,6,80,185
01/27/2004,SMX,CA,AWP,WE,Federal Contract Tower,0,27,21,0,48,0,16,21,0,37,0,43,42,0,85,48,0,48,133
01/28/2004,SMX,CA,AWP,WE,Federal Contract Tower,0,17,13,0,30,0,25,84,1,110,0,42,97,1,140,76,28,104,244
01/29/2004,SMX,CA,AWP,WE,Federal Contract Tower,0,15,11,0,26,0,31,81,0,112,0,46,92,0,138,58,0,58,196
01/30/2004,SMX,CA,AWP,WE,Federal Contract Tower,0,22,16,0,38,0,12,81,0,93,0,34,97,0,131,66,2,68,199
01/31/2004,SMX,CA,AWP,WE,Federal Contract Tower,0,17,13,0,30,0,5,76,0,81,0,22,89,0,111,120,0,120,231
02/01/2004,SMX,CA,AWP,WE,Federal Contract Tower,0,8,6,0,14,0,13,82,0,95,0,21,88,0,109,72,0,72,181
02/02/2004,SMX,CA,AWP,WE,Federal Contract Tower,0,21,16,0,37,0,6,0,0,6,0,27,16,0,43,34,4,38,81
02/03/2004,SMX,CA,AWP,WE,Federal Contract Tower,0,19,15,0,34,0,29,13,0,42,0,48,28,0,76,22,0,22,98
02/04/2004,SMX,CA,AWP,WE,Federal Contract Tower,0,18,13,0,31,0,28,65,2,95,0,46,78,2,126,92,4,96,222
02/05/2004,SMX,CA,AWP,WE,Federal Contract Tower,0,16,12,0,28,0,27,100,0,127,0,43,112,0,155,56,0,56,211
02/06/2004,SMX,CA,AWP,WE,Federal Contract Tower,0,17,13,0,30,0,17,83,0,100,0,34,96,0,130,84,8,92,222
02/07/2004,SMX,CA,AWP,WE,Federal Contract Tower,0,19,14,0,33,0,6,55,0,61,0,25,69,0,94,82,0,82,176
02/08/2004,SMX,CA,AWP,WE,Federal Contract Tower,0,13,10,0,23,0,4,90,2,96,0,17,100,2,119,96,8,104,223
02/09/2004,SMX,CA,AWP,WE,Federal Contract Tower,0,13,9,0,22,0,26,59,0,85,0,39,68,0,107,66,0,66,173
02/10/2004,SMX,CA,AWP,WE,Federal Contract Tower,0,23,17,1,41,0,26,64,1,91,0,49,81,2,132,62,0,62,194
02/11/2004,SMX,CA,AWP,WE,Federal Contract Tower,0,17,12,0,29,0,28,95,0,123,0,45,107,0,152,96,0,96,248
02/12/2004,SMX,CA,AWP,WE,Federal Contract Tower,0,24,18,0,42,0,21,91,0,112,0,45,109,0,154,94,2,96,250
02/13/2004,SMX,CA,AWP,WE,Federal Contract Tower,0,15,11,0,26,0,31,67,0,98,0,46,78,0,124,66,0,66,190
02/14/2004,SMX,CA,AWP,WE,Federal Contract Tower,0,12,9,1,22,0,5,64,1,70,0,17,73,2,92,136,0,136,228
02/15/2004,SMX,CA,AWP,WE,Federal Contract Tower,0,9,7,0,16,0,7,77,0,84,0,16,84,0,100,76,0,76,176
02/16/2004,SMX,CA,AWP,WE,Federal Contract Tower,0,13,10,0,23,0,19,51,0,70,0,32,61,0,93,134,0,134,227
02/17/2004,SMX,CA,AWP,WE,Federal Contract Tower,0,17,11,1,29,0,40,61,1,102,0,57,72,2,131,26,4,30,161
02/18/2004,SMX,CA,AWP,WE,Federal Contract Tower,0,25,15,0,40,0,20,0,0,20,0,45,15,0,60,22,0,22,82
02/19/2004,SMX,CA,AWP,WE,Federal Contract Tower,0,23,15,0,38,2,24,48,0,74,2,47,63,0,112,46,0,46,158
02/20/2004,SMX,CA,AWP,WE,Federal Contract Tower,0,25,16,0,41,0,5,14,0,19,0,30,30,0,60,50,2,52,112
02/21/2004,SMX,CA,AWP,WE,Federal Contract Tower,0,15,14,0,29,0,0,16,0,16,0,15,30,0,45,10,0,10,55
02/22/2004,SMX,CA,AWP,WE,Federal Contract Tower,0,12,8,0,20,4,0,1,0,5,4,12,9,0,25,0,0,0,25
02/23/2004,SMX,CA,AWP,WE,Federal Contract Tower,0,20,14,1,35,0,19,61,3,83,0,39,75,4,118,76,0,76,194
02/24/2004,SMX,CA,AWP,WE,Federal Contract Tower,0,25,16,1,42,0,22,33,1,56,0,47,49,2,98,64,0,64,162
02/25/2004,SMX,CA,AWP,WE,Federal Contract Tower,0,29,19,0,48,2,14,5,0,21,2,43,24,0,69,0,0,0,69
02/26/2004,SMX,CA,AWP,WE,Federal Contract Tower,0,22,14,0,36,0,23,74,0,97,0,45,88,0,133,56,0,56,189
02/27/2004,SMX,CA,AWP,WE,Federal Contract Tower,0,20,14,1,35,0,18,58,2,78,0,38,72,3,113,110,0,110,223
02/28/2004,SMX,CA,AWP,WE,Federal Contract Tower,0,16,11,0,27,0,1,135,1,137,0,17,146,1,164,102,0,102,266
02/29/2004,SMX,CA,AWP,WE,Federal Contract Tower,0,12,9,0,21,0,4,70,0,74,0,16,79,0,95,68,4,72,167
03/01/2004,SMX,CA,AWP,WE,Federal Contract Tower,0,17,17,0,34,0,18,4,0,22,0,35,21,0,56,26,0,26,82
03/02/2004,SMX,CA,AWP,WE,Federal Contract Tower,1,13,13,0,27,0,28,41,0,69,1,41,54,0,96,38,6,44,140
03/03/2004,SMX,CA,AWP,WE,Federal Contract Tower,0,13,12,0,25,0,28,91,0,119,0,41,103,0,144,78,0,78,222
03/04/2004,SMX,CA,AWP,WE,Federal Contract Tower,0,21,20,0,41,0,22,92,0,114,0,43,112,0,155,96,2,98,253
03/05/2004,SMX,CA,AWP,WE,Federal Contract Tower,0,21,20,1,42,0,13,102,3,118,0,34,122,4,160,76,0,76,236
03/06/2004,SMX,CA,AWP,WE,Federal Contract Tower,0,14,13,0,27,0,8,94,0,102,0,22,107,0,129,98,2,100,229
03/07/2004,SMX,CA,AWP,WE,Federal Contract Tower,0,8,8,0,16,0,8,113,0,121,0,16,121,0,137,62,0,62,199
03/08/2004,SMX,CA,AWP,WE,Federal Contract Tower,0,16,15,0,31,0,31,86,0,117,0,47,101,0,148,110,0,110,258
03/09/2004,SMX,CA,AWP,WE,Federal Contract Tower,0,18,17,0,35,0,26,78,0,104,0,44,95,0,139,112,4,116,255
03/10/2004,SMX,CA,AWP,WE,Federal Contract Tower,0,17,17,0,34,0,29,72,0,101,0,46,89,0,135,74,2,76,211
03/11/2004,SMX,CA,AWP,WE,Federal Contract Tower,0,16,16,0,32,0,29,81,0,110,0,45,97,0,142,92,0,92,234
03/12/2004,SMX,CA,AWP,WE,Federal Contract Tower,0,33,30,0,63,0,7,29,0,36,0,40,59,0,99,24,0,24,123
03/13/2004,SMX,CA,AWP,WE,Federal Contract Tower,0,18,16,0,34,0,14,73,0,87,0,32,89,0,121,56,0,56,177
03/14/2004,SMX,CA,AWP,WE,Federal Contract Tower,0,13,12,0,25,0,0,53,0,53,0,13,65,0,78,14,0,14,92
03/15/2004,SMX,CA,AWP,WE,Federal Contract Tower,0,19,17,0,36,0,12,47,0,59,0,31,64,0,95,60,8,68,163
03/16/2004,SMX,CA,AWP,WE,Federal Contract Tower,0,25,22,0,47,0,22,83,0,105,0,47,105,0,152,94,8,102,254
03/17/2004,SMX,CA,AWP,WE,Federal Contract Tower,0,23,20,0,43,1,21,71,0,93,1,44,91,0,136,88,4,92,228
03/18/2004,SMX,CA,AWP,WE,Federal Contract Tower,0,28,25,1,54,0,12,72,1,85,0,40,97,2,139,68,4,72,211
03/19/2004,SMX,CA,AWP,WE,Federal Contract Tower,0,34,30,2,66,0,7,26,0,33,0,41,56,2,99,20,0,20,119
03/20/2004,SMX,CA,AWP,WE,Federal Contract Tower,0,19,16,0,35,0,4,22,0,26,0,23,38,0,61,20,0,20,81
03/21/2004,SMX,CA,AWP,WE,Federal Contract Tower,0,18,17,0,35,0,0,34,0,34,0,18,51,0,69,14,0,14,83
03/22/2004,SMX,CA,AWP,WE,Federal Contract Tower,0,23,20,0,43,0,18,24,0,42,0,41,44,0,85,78,4,82,167
03/23/2004,SMX,CA,AWP,WE,Federal Contract Tower,0,21,18,0,39,0,30,27,0,57,0,51,45,0,96,44,0,44,140
03/24/2004,SMX,CA,AWP,WE,Federal Contract Tower,0,19,18,0,37,0,25,73,0,98,0,44,91,0,135,34,0,34,169
03/25/2004,SMX,CA,AWP,WE,Federal Contract Tower,0,28,25,0,53,0,19,70,2,91,0,47,95,2,144,65,0,65,209
03/26/2004,SMX,CA,AWP,WE,Federal Contract Tower,0,18,17,0,35,1,23,70,0,94,1,41,87,0,129,78,0,78,207
03/27/2004,SMX,CA,AWP,WE,Federal Contract Tower,0,13,11,0,24,0,6,61,0,67,0,19,72,0,91,66,0,66,157
03/28/2004,SMX,CA,AWP,WE,Federal Contract Tower,0,12,10,0,22,0,10,79,0,89,0,22,89,0,111,94,0,94,205
03/29/2004,SMX,CA,AWP,WE,Federal Contract Tower,0,17,16,0,33,0,19,45,0,64,0,36,61,0,97,78,0,78,175
03/30/2004,SMX,CA,AWP,WE,Federal Contract Tower,0,29,27,0,56,0,17,33,0,50,0,46,60,0,106,58,0,58,164
03/31/2004,SMX,CA,AWP,WE,Federal Contract Tower,0,17,16,0,33,0,27,79,2,108,0,44,95,2,141,76,2,78,219
04/01/2004,SMX,CA,AWP,WE,Federal Contract Tower,0,19,16,0,35,0,26,75,0,101,0,45,91,0,136,46,6,52,188
04/02/2004,SMX,CA,AWP,WE,Federal Contract Tower,0,17,14,0,31,0,24,93,0,117,0,41,107,0,148,104,0,104,252
04/03/2004,SMX,CA,AWP,WE,Federal Contract Tower,0,9,8,0,17,0,13,63,2,78,0,22,71,2,95,20,0,20,115
04/04/2004,SMX,CA,AWP,WE,Federal Contract Tower,0,15,13,0,28,0,6,73,6,85,0,21,86,6,113,68,0,68,181
04/05/2004,SMX,CA,AWP,WE,Federal Contract Tower,0,19,16,0,35,0,14,40,0,54,0,33,56,0,89,52,4,56,145
04/06/2004,SMX,CA,AWP,WE,Federal Contract Tower,0,20,17,0,37,0,30,47,2,79,0,50,64,2,116,50,0,50,166
04/07/2004,SMX,CA,AWP,WE,Federal Contract Tower,0,21,17,1,39,0,23,82,1,106,0,44,99,2,145,92,2,94,239
04/08/2004,SMX,CA,AWP,WE,Federal Contract Tower,0,27,23,0,50,0,20,80,0,100,0,47,103,0,150,66,2,68,218
04/09/2004,SMX,CA,AWP,WE,Federal Contract Tower,0,31,26,0,57,0,4,59,0,63,0,35,85,0,120,86,0,86,206
04/10/2004,SMX,CA,AWP,WE,Federal Contract Tower,0,14,12,0,26,0,7,33,0,40,0,21,45,0,66,32,0,32,98
04/11/2004,SMX,CA,AWP,WE,Federal Contract Tower,0,17,14,0,31,0,5,54,0,59,0,22,68,0,90,102,0,102,192
04/12/2004,SMX,CA,AWP,WE,Federal Contract Tower,0,19,16,1,36,0,18,46,1,65,0,37,62,2,101,74,0,74,175
04/13/2004,SMX,CA,AWP,WE,Federal Contract Tower,0,27,22,0,49,0,22,35,0,57,0,49,57,0,106,26,0,26,132
04/14/2004,SMX,CA,AWP,WE,Federal Contract Tower,0,20,16,0,36,0,28,87,0,115,0,48,103,0,151,88,0,88,239
04/15/2004,SMX,CA,AWP,WE,Federal Contract Tower,0,26,22,1,49,0,20,88,1,109,0,46,110,2,158,94,2,96,254
04/16/2004,SMX,CA,AWP,WE,Federal Contract Tower,0,19,16,0,35,0,26,99,0,125,0,45,115,0,160,138,0,138,298
04/17/2004,SMX,CA,AWP,WE,Federal Contract Tower,0,17,14,0,31,0,6,54,0,60,0,23,68,0,91,64,2,66,157
04/18/2004,SMX,CA,AWP,WE,Federal Contract Tower,0,13,11,0,24,0,9,87,0,96,0,22,98,0,120,80,0,80,200
04/19/2004,SMX,CA,AWP,WE,Federal Contract Tower,0,15,11,1,27,0,23,64,2,89,0,38,75,3,116,50,8,58,174
04/20/2004,SMX,CA,AWP,WE,Federal Contract Tower,0,24,18,0,42,0,15,56,0,71,0,39,74,0,113,60,2,62,175
04/21/2004,SMX,CA,AWP,WE,Federal Contract Tower,0,21,15,0,36,0,25,64,0,89,0,46,79,0,125,68,2,70,195
04/22/2004,SMX,CA,AWP,WE,Federal Contract Tower,0,20,15,0,35,2,28,80,0,110,2,48,95,0,145,92,0,92,237
04/23/2004,SMX,CA,AWP,WE,Federal Contract Tower,0,21,16,1,38,0,14,82,1,97,0,35,98,2,135,88,8,96,231
04/24/2004,SMX,CA,AWP,WE,Federal Contract Tower,0,18,13,1,32,0,7,102,5,114,0,25,115,6,146,56,0,56,202
04/25/2004,SMX,CA,AWP,WE,Federal Contract Tower,0,12,12,0,24,2,0,94,0,96,2,12,106,0,120,74,0,74,194
04/26/2004,SMX,CA,AWP,WE,Federal Contract Tower,0,17,13,0,30,0,20,79,2,101,0,37,92,2,131,100,0,100,231
04/27/2004,SMX,CA,AWP,WE,Federal Contract Tower,0,17,13,0,30,0,39,61,0,100,0,56,74,0,130,54,0,54,184
04/28/2004,SMX,CA,AWP,WE,Federal Contract Tower,0,22,17,0,39,0,23,82,2,107,0,45,99,2,146,78,0,78,224
04/29/2004,SMX,CA,AWP,WE,Federal Contract Tower,0,23,19,0,42,2,23,86,2,113,2,46,105,2,155,96,4,100,255
04/30/2004,SMX,CA,AWP,WE,Federal Contract Tower,0,26,21,0,47,0,15,94,2,111,0,41,115,2,158,106,2,108,266
05/01/2004,SMX,CA,AWP,WE,Federal Contract Tower,0,13,11,0,24,0,11,97,0,108,0,24,108,0,132,110,0,110,242
05/02/2004,SMX,CA,AWP,WE,Federal Contract Tower,1,12,11,0,24,1,5,77,0,83,2,17,88,0,107,122,2,124,231
05/03/2004,SMX,CA,AWP,WE,Federal Contract Tower,0,13,11,1,25,0,23,77,7,107,0,36,88,8,132,78,18,96,228
05/04/2004,SMX,CA,AWP,WE,Federal Contract Tower,0,16,13,1,30,0,31,79,1,111,0,47,92,2,141,88,34,122,263
05/05/2004,SMX,CA,AWP,WE,Federal Contract Tower,0,17,15,0,32,0,27,84,0,111,0,44,99,0,143,80,0,80,223
05/06/2004,SMX,CA,AWP,WE,Federal Contract Tower,0,25,20,1,46,0,20,75,0,95,0,45,95,1,141,76,0,76,217
05/07/2004,SMX,CA,AWP,WE,Federal Contract Tower,0,20,17,1,38,0,23,85,5,113,0,43,102,6,151,94,2,96,247
05/08/2004,SMX,CA,AWP,WE,Federal Contract Tower,0,11,9,0,20,0,12,73,0,85,0,23,82,0,105,44,0,44,149
05/09/2004,SMX,CA,AWP,WE,Federal Contract Tower,0,9,9,0,18,0,0,49,0,49,0,9,58,0,67,6,0,6,73
05/10/2004,SMX,CA,AWP,WE,Federal Contract Tower,0,16,13,0,29,0,31,56,0,87,0,47,69,0,116,72,0,72,188
05/11/2004,SMX,CA,AWP,WE,Federal Contract Tower,0,14,13,0,27,0,42,44,0,86,0,56,57,0,113,46,0,46,159
05/12/2004,SMX,CA,AWP,WE,Federal Contract Tower,0,20,17,1,38,0,27,70,3,100,0,47,87,4,138,66,2,68,206
05/13/2004,SMX,CA,AWP,WE,Federal Contract Tower,0,23,19,2,44,0,19,76,0,95,0,42,95,2,139,74,0,74,213
05/14/2004,SMX,CA,AWP,WE,Federal Contract Tower,0,17,14,0,31,0,21,68,0,89,0,38,82,0,120,54,6,60,180
05/15/2004,SMX,CA,AWP,WE,Federal Contract Tower,0,11,9,1,21,0,11,79,3,93,0,22,88,4,114,52,0,52,166
05/16/2004,SMX,CA,AWP,WE,Federal Contract Tower,0,10,8,1,19,0,0,74,1,75,0,10,82,2,94,76,12,88,182
05/17/2004,SMX,CA,AWP,WE,Federal Contract Tower,0,19,16,1,36,0,16,42,1,59,0,35,58,2,95,62,4,66,161
05/18/2004,SMX,CA,AWP,WE,Federal Contract Tower,0,18,15,0,33,0,28,52,0,80,0,46,67,0,113,116,0,116,229
05/19/2004,SMX,CA,AWP,WE,Federal Contract Tower,0,21,18,2,41,0,25,78,0,103,0,46,96,2,144,88,28,116,260
05/20/2004,SMX,CA,AWP,WE,Federal Contract Tower,0,25,18,2,45,0,20,79,0,99,0,45,97,2,144,68,8,76,220
05/21/2004,SMX,CA,AWP,WE,Federal Contract Tower,0,18,14,0,32,0,17,102,0,119,0,35,116,0,151,76,0,76,227
05/22/2004,SMX,CA,AWP,WE,Federal Contract Tower,0,17,14,0,31,0,5,71,0,76,0,22,85,0,107,86,0,86,193
05/23/2004,SMX,CA,AWP,WE,Federal Contract Tower,0,17,15,0,32,0,0,61,0,61,0,17,76,0,93,92,0,92,185
05/24/2004,SMX,CA,AWP,WE,Federal Contract Tower,0,21,17,0,38,0,12,58,2,72,0,33,75,2,110,88,6,94,204
05/25/2004,SMX,CA,AWP,WE,Federal Contract Tower,0,14,12,0,26,0,28,72,0,100,0,42,84,0,126,150,2,152,278
05/26/2004,SMX,CA,AWP,WE,Federal Contract Tower,0,22,17,1,40,0,23,70,1,94,0,45,87,2,134,86,6,92,226
05/27/2004,SMX,CA,AWP,WE,Federal Contract Tower,0,29,23,1,53,0,18,76,1,95,0,47,99,2,148,96,6,102,250
05/28/2004,SMX,CA,AWP,WE,Federal Contract Tower,0,26,20,1,47,0,13,78,1,92,0,39,98,2,139,72,0,72,211
05/29/2004,SMX,CA,AWP,WE,Federal Contract Tower,0,15,13,0,28,0,4,123,1,128,0,19,136,1,156,78,0,78,234
05/30/2004,SMX,CA,AWP,WE,Federal Contract Tower,0,11,9,0,20,0,0,79,1,80,0,11,88,1,100,102,0,102,202
05/31/2004,SMX,CA,AWP,WE,Federal Contract Tower,0,11,9,0,20,0,14,66,0,80,0,25,75,0,100,80,0,80,180
06/01/2004,SMX,CA,AWP,WE,Federal Contract Tower,0,14,13,0,27,0,32,83,2,117,0,46,96,2,144,56,6,62,206
06/02/2004,SMX,CA,AWP,WE,Federal Contract Tower,0,17,16,0,33,0,26,88,0,114,0,43,104,0,147,88,2,90,237
06/03/2004,SMX,CA,AWP,WE,Federal Contract Tower,0,24,21,1,46,0,22,91,3,116,0,46,112,4,162,96,28,124,286
06/04/2004,SMX,CA,AWP,WE,Federal Contract Tower,0,20,17,0,37,0,21,105,0,126,0,41,122,0,163,72,0,72,235
06/05/2004,SMX,CA,AWP,WE,Federal Contract Tower,0,14,15,2,31,0,0,96,0,96,0,14,111,2,127,76,6,82,209
06/06/2004,SMX,CA,AWP,WE,Federal Contract Tower,0,10,10,0,20,0,5,92,0,97,0,15,102,0,117,82,0,82,199
06/07/2004,SMX,CA,AWP,WE,Federal Contract Tower,0,18,16,1,35,0,12,48,0,60,0,30,64,1,95,60,0,60,155
06/08/2004,SMX,CA,AWP,WE,Federal Contract Tower,0,20,17,0,37,0,26,81,0,107,0,46,98,0,144,78,0,78,222
06/09/2004,SMX,CA,AWP,WE,Federal Contract Tower,0,18,16,0,34,0,28,76,0,104,0,46,92,0,138,68,2,70,208
06/10/2004,SMX,CA,AWP,WE,Federal Contract Tower,0,21,19,1,41,0,26,83,0,109,0,47,102,1,150,94,0,94,244
06/11/2004,SMX,CA,AWP,WE,Federal Contract Tower,0,21,18,2,41,0,13,94,0,107,0,34,112,2,148,68,4,72,220
06/12/2004,SMX,CA,AWP,WE,Federal Contract Tower,0,14,14,1,29,2,12,82,3,99,2,26,96,4,128,86,2,88,216
06/13/2004,SMX,CA,AWP,WE,Federal Contract Tower,0,12,11,1,24,0,0,60,1,61,0,12,71,2,85,120,0,120,205
06/14/2004,SMX,CA,AWP,WE,Federal Contract Tower,0,15,14,2,31,0,15,68,0,83,0,30,82,2,114,70,2,72,186
06/15/2004,SMX,CA,AWP,WE,Federal Contract Tower,0,19,17,2,38,2,29,55,0,86,2,48,72,2,124,74,0,74,198
06/16/2004,SMX,CA,AWP,WE,Federal Contract Tower,0,24,22,2,48,0,20,39,7,66,0,44,61,9,114,120,6,126,240
06/17/2004,SMX,CA,AWP,WE,Federal Contract Tower,0,39,34,2,75,0,8,33,0,41,0,47,67,2,116,22,0,22,138
06/18/2004,SMX,CA,AWP,WE,Federal Contract Tower,0,24,19,2,45,0,19,50,0,69,0,43,69,2,114,78,0,78,192
06/19/2004,SMX,CA,AWP,WE,Federal Contract Tower,0,14,13,0,27,0,14,44,0,58,0,28,57,0,85,84,0,84,169
06/20/2004,SMX,CA,AWP,WE,Federal Contract Tower,0,14,12,0,26,0,10,56,0,66,0,24,68,0,92,74,0,74,166
06/21/2004,SMX,CA,AWP,WE,Federal Contract Tower,0,23,19,0,42,0,20,53,0,73,0,43,72,0,115,52,0,52,167
06/22/2004,SMX,CA,AWP,WE,Federal Contract Tower,0,25,21,0,46,0,27,48,0,75,0,52,69,0,121,34,4,38,159
06/23/2004,SMX,CA,AWP,WE,Federal Contract Tower,0,25,22,1,48,0,22,80,3,105,0,47,102,4,153,108,0,108,261
06/24/2004,SMX,CA,AWP,WE,Federal Contract Tower,0,18,15,1,34,0,30,90,1,121,0,48,105,2,155,102,2,104,259
06/25/2004,SMX,CA,AWP,WE,Federal Contract Tower,0,17,14,0,31,0,28,109,0,137,0,45,123,0,168,98,2,100,268
06/26/2004,SMX,CA,AWP,WE,Federal Contract Tower,0,14,13,0,27,0,13,76,0,89,0,27,89,0,116,152,0,152,268
06/27/2004,SMX,CA,AWP,WE,Federal Contract Tower,0,11,10,0,21,0,5,83,2,90,0,16,93,2,111,118,0,118,229
06/28/2004,SMX,CA,AWP,WE,Federal Contract Tower,0,21,17,0,38,0,4,56,0,60,0,25,73,0,98,106,2,108,206
06/29/2004,SMX,CA,AWP,WE,Federal Contract Tower,0,22,19,0,41,0,26,48,0,74,0,48,67,0,115,66,0,66,181
06/30/2004,SMX,CA,AWP,WE,Federal Contract Tower,0,23,19,0,42,0,22,59,0,81,0,45,78,0,123,96,0,96,219
07/01/2004,SMX,CA,AWP,WE,Federal Contract Tower,1,27,20,1,49,1,18,82,1,102,2,45,102,2,151,106,4,110,261
07/02/2004,SMX,CA,AWP,WE,Federal Contract Tower,0,28,22,0,50,0,6,77,0,83,0,34,99,0,133,102,0,102,235
07/03/2004,SMX,CA,AWP,WE,Federal Contract Tower,0,25,21,0,46,0,0,64,0,64,0,25,85,0,110,66,0,66,176
07/04/2004,SMX,CA,AWP,WE,Federal Contract Tower,1,11,9,0,21,1,0,72,0,73,2,11,81,0,94,122,0,122,216
07/05/2004,SMX,CA,AWP,WE,Federal Contract Tower,0,12,10,0,22,0,7,80,0,87,0,19,90,0,109,102,0,102,211
07/06/2004,SMX,CA,AWP,WE,Federal Contract Tower,0,28,21,1,50,0,11,38,1,50,0,39,59,2,100,60,6,66,166
07/07/2004,SMX,CA,AWP,WE,Federal Contract Tower,0,24,19,2,45,0,21,75,0,96,0,45,94,2,141,78,44,122,263
07/08/2004,SMX,CA,AWP,WE,Federal Contract Tower,0,29,22,2,53,0,18,66,2,86,0,47,88,4,139,68,0,68,207
07/09/2004,SMX,CA,AWP,WE,Federal Contract Tower,0,25,19,0,44,0,13,83,0,96,0,38,102,0,140,98,0,98,238
07/10/2004,SMX,CA,AWP,WE,Federal Contract Tower,0,19,14,2,35,0,5,78,0,83,0,24,92,2,118,160,0,160,278
07/11/2004,SMX,CA,AWP,WE,Federal Contract Tower,0,9,7,0,16,0,9,87,0,96,0,18,94,0,112,152,0,152,264
07/12/2004,SMX,CA,AWP,WE,Federal Contract Tower,0,11,9,0,20,0,20,59,0,79,0,31,68,0,99,116,6,122,221
07/13/2004,SMX,CA,AWP,WE,Federal Contract Tower,0,23,18,2,43,0,20,25,2,47,0,43,43,4,90,268,16,284,374
07/14/2004,SMX,CA,AWP,WE,Federal Contract Tower,0,23,18,2,43,0,26,87,2,115,0,49,105,4,158,112,4,116,274
07/15/2004,SMX,CA,AWP,WE,Federal Contract Tower,0,19,15,2,36,0,29,84,0,113,0,48,99,2,149,86,0,86,235
07/16/2004,SMX,CA,AWP,WE,Federal Contract Tower,0,20,14,0,34,0,15,88,0,103,0,35,102,0,137,168,6,174,311
07/17/2004,SMX,CA,AWP,WE,Federal Contract Tower,0,14,9,0,23,0,10,83,0,93,0,24,92,0,116,122,0,122,238
07/18/2004,SMX,CA,AWP,WE,Federal Contract Tower,0,13,9,0,22,0,20,128,0,148,0,33,137,0,170,104,0,104,274
07/19/2004,SMX,CA,AWP,WE,Federal Contract Tower,0,17,11,0,28,0,9,60,0,69,0,26,71,0,97,116,4,120,217
07/20/2004,SMX,CA,AWP,WE,Federal Contract Tower,0,24,17,1,42,0,23,72,0,95,0,47,89,1,137,98,0,98,235
07/21/2004,SMX,CA,AWP,WE,Federal Contract Tower,0,29,21,1,51,0,19,75,1,95,0,48,96,2,146,68,4,72,218
07/22/2004,SMX,CA,AWP,WE,Federal Contract Tower,0,27,19,0,46,0,22,76,0,98,0,49,95,0,144,76,0,76,220
07/23/2004,SMX,CA,AWP,WE,Federal Contract Tower,0,25,19,0,44,0,11,67,0,78,0,36,86,0,122,48,0,48,170
07/24/2004,SMX,CA,AWP,WE,Federal Contract Tower,0,24,17,1,42,0,1,69,0,70,0,25,86,1,112,98,0,98,210
07/25/2004,SMX,CA,AWP,WE,Federal Contract Tower,0,15,12,0,27,0,6,79,1,86,0,21,91,1,113,108,0,108,221
07/26/2004,SMX,CA,AWP,WE,Federal Contract Tower,0,22,15,1,38,0,11,64,1,76,0,33,79,2,114,88,0,88,202
07/27/2004,SMX,CA,AWP,WE,Federal Contract Tower,0,24,18,1,43,0,24,78,3,105,0,48,96,4,148,88,4,92,240
07/28/2004,SMX,CA,AWP,WE,Federal Contract Tower,0,22,16,1,39,0,23,71,1,95,0,45,87,2,134,68,4,72,206
07/29/2004,SMX,CA,AWP,WE,Federal Contract Tower,0,23,16,1,40,0,22,73,3,98,0,45,89,4,138,96,6,102,240
07/30/2004,SMX,CA,AWP,WE,Federal Contract Tower,0,24,18,0,42,2,10,45,0,57,2,34,63,0,99,94,0,94,193
07/31/2004,SMX,CA,AWP,WE,Federal Contract Tower,0,14,10,0,24,0,7,72,0,79,0,21,82,0,103,118,0,118,221
08/01/2004,SMX,CA,AWP,WE,Federal Contract Tower,0,10,10,0,20,0,5,67,0,72,0,15,77,0,92,90,0,90,182
08/02/2004,SMX,CA,AWP,WE,Federal Contract Tower,1,16,16,0,33,1,12,51,0,64,2,28,67,0,97,76,6,82,179
08/03/2004,SMX,CA,AWP,WE,Federal Contract Tower,0,8,9,0,17,0,39,61,2,102,0,47,70,2,119,80,12,92,211
08/04/2004,SMX,CA,AWP,WE,Federal Contract Tower,0,23,22,1,46,0,23,67,3,93,0,46,89,4,139,88,6,94,233
08/05/2004,SMX,CA,AWP,WE,Federal Contract Tower,0,15,15,0,30,0,30,82,0,112,0,45,97,0,142,68,0,68,210
08/06/2004,SMX,CA,AWP,WE,Federal Contract Tower,0,18,18,2,38,0,15,64,2,81,0,33,82,4,119,62,2,64,183
08/07/2004,SMX,CA,AWP,WE,Federal Contract Tower,0,10,11,1,22,0,7,105,1,113,0,17,116,2,135,64,0,64,199
08/08/2004,SMX,CA,AWP,WE,Federal Contract Tower,0,12,12,0,24,0,5,74,0,79,0,17,86,0,103,76,0,76,179
08/09/2004,SMX,CA,AWP,WE,Federal Contract Tower,0,20,19,0,39,0,11,93,0,104,0,31,112,0,143,76,10,86,229
08/10/2004,SMX,CA,AWP,WE,Federal Contract Tower,0,22,22,0,44,0,17,48,0,65,0,39,70,0,109,66,0,66,175
08/11/2004,SMX,CA,AWP,WE,Federal Contract Tower,0,18,17,2,37,0,26,58,0,84,0,44,75,2,121,58,6,64,185
08/12/2004,SMX,CA,AWP,WE,Federal Contract Tower,0,24,23,3,50,0,23,75,1,99,0,47,98,4,149,88,6,94,243
08/13/2004,SMX,CA,AWP,WE,Federal Contract Tower,0,24,22,0,46,0,11,60,0,71,0,35,82,0,117,88,2,90,207
08/14/2004,SMX,CA,AWP,WE,Federal Contract Tower,0,15,16,0,31,0,0,49,0,49,0,15,65,0,80,84,0,84,164
08/15/2004,SMX,CA,AWP,WE,Federal Contract Tower,0,11,11,0,22,0,6,75,0,81,0,17,86,0,103,54,0,54,157
08/16/2004,SMX,CA,AWP,WE,Federal Contract Tower,0,12,11,2,25,0,19,72,2,93,0,31,83,4,118,94,0,94,212
08/17/2004,SMX,CA,AWP,WE,Federal Contract Tower,0,21,21,2,44,0,13,63,3,79,0,34,84,5,123,80,8,88,211
08/18/2004,SMX,CA,AWP,WE,Federal Contract Tower,0,23,21,2,46,0,25,76,1,102,0,48,97,3,148,106,4,110,258
08/19/2004,SMX,CA,AWP,WE,Federal Contract Tower,0,25,21,2,48,0,20,67,0,87,0,45,88,2,135,78,4,82,217
08/20/2004,SMX,CA,AWP,WE,Federal Contract Tower,0,24,21,3,48,0,16,70,1,87,0,40,91,4,135,90,0,90,225
08/21/2004,SMX,CA,AWP,WE,Federal Contract Tower,0,19,18,1,38,0,5,115,0,120,0,24,133,1,158,96,0,96,254
08/22/2004,SMX,CA,AWP,WE,Federal Contract Tower,0,10,10,0,20,0,19,77,0,96,0,29,87,0,116,128,0,128,244
08/23/2004,SMX,CA,AWP,WE,Federal Contract Tower,0,19,17,1,37,0,17,49,5,71,0,36,66,6,108,62,8,70,178
08/24/2004,SMX,CA,AWP,WE,Federal Contract Tower,0,30,27,0,57,0,9,30,0,39,0,39,57,0,96,54,4,58,154
08/25/2004,SMX,CA,AWP,WE,Federal Contract Tower,0,24,22,1,47,0,19,67,1,87,0,43,89,2,134,124,2,126,260
08/26/2004,SMX,CA,AWP,WE,Federal Contract Tower,0,20,18,0,38,0,26,79,0,105,0,46,97,0,143,94,0,94,237
08/27/2004,SMX,CA,AWP,WE,Federal Contract Tower,0,14,12,1,27,0,32,93,12,137,0,46,105,13,164,88,10,98,262
08/28/2004,SMX,CA,AWP,WE,Federal Contract Tower,0,15,19,1,35,0,0,96,7,103,0,15,115,8,138,134,16,150,288
08/29/2004,SMX,CA,AWP,WE,Federal Contract Tower,0,15,13,1,29,0,3,44,12,59,0,18,57,13,88,126,34,160,248
08/30/2004,SMX,CA,AWP,WE,Federal Contract Tower,0,18,17,1,36,2,22,42,1,67,2,40,59,2,103,92,0,92,195
08/31/2004,SMX,CA,AWP,WE,Federal Contract Tower,0,26,24,0,50,0,17,45,0,62,0,43,69,0,112,112,8,120,232
09/01/2004,SMX,CA,AWP,WE,Federal Contract Tower,0,18,16,0,34,0,24,58,0,82,0,42,74,0,116,58,0,58,174
09/02/2004,SMX,CA,AWP,WE,Federal Contract Tower,0,19,17,0,36,0,27,63,0,90,0,46,80,0,126,80,8,88,214
09/03/2004,SMX,CA,AWP,WE,Federal Contract Tower,1,21,19,0,41,1,17,71,2,91,2,38,90,2,132,96,0,96,228
09/04/2004,SMX,CA,AWP,WE,Federal Contract Tower,0,7,6,0,13,0,7,99,0,106,0,14,105,0,119,106,0,106,225
09/05/2004,SMX,CA,AWP,WE,Federal Contract Tower,0,4,4,0,8,0,6,66,0,72,0,10,70,0,80,72,0,72,152
09/06/2004,SMX,CA,AWP,WE,Federal Contract Tower,0,5,5,0,10,0,12,80,0,92,0,17,85,0,102,94,0,94,196
09/07/2004,SMX,CA,AWP,WE,Federal Contract Tower,0,14,14,0,28,0,27,73,2,102,0,41,87,2,130,100,2,102,232
09/08/2004,SMX,CA,AWP,WE,Federal Contract Tower,0,19,17,0,36,0,26,70,2,98,0,45,87,2,134,86,0,86,220
09/09/2004,SMX,CA,AWP,WE,Federal Contract Tower,1,26,23,0,50,1,19,74,0,94,2,45,97,0,144,96,0,96,240
09/10/2004,SMX,CA,AWP,WE,Federal Contract Tower,0,22,19,0,41,0,25,80,0,105,0,47,99,0,146,92,0,92,238
09/11/2004,SMX,CA,AWP,WE,Federal Contract Tower,0,19,17,0,36,0,9,71,0,80,0,28,88,0,116,90,0,90,206
09/12/2004,SMX,CA,AWP,WE,Federal Contract Tower,1,11,11,0,23,1,9,65,0,75,2,20,76,0,98,78,0,78,176
09/13/2004,SMX,CA,AWP,WE,Federal Contract Tower,1,24,22,0,47,1,16,31,8,56,2,40,53,8,103,16,6,22,125
09/14/2004,SMX,CA,AWP,WE,Federal Contract Tower,0,15,14,0,29,0,24,45,0,69,0,39,59,0,98,60,0,60,158
09/15/2004,SMX,CA,AWP,WE,Federal Contract Tower,0,17,15,1,33,0,27,64,0,91,0,44,79,1,124,66,0,66,190
09/16/2004,SMX,CA,AWP,WE,Federal Contract Tower,0,27,24,2,53,2,18,65,1,86,2,45,89,3,139,46,32,78,217
09/17/2004,SMX,CA,AWP,WE,Federal Contract Tower,0,25,23,0,48,2,10,66,0,78,2,35,89,0,126,124,0,124,250
09/18/2004,SMX,CA,AWP,WE,Federal Contract Tower,0,15,13,1,29,0,11,78,0,89,0,26,91,1,118,62,0,62,180
09/19/2004,SMX,CA,AWP,WE,Federal Contract Tower,0,14,11,0,25,1,5,57,0,63,1,19,68,0,88,70,0,70,158
09/20/2004,SMX,CA,AWP,WE,Federal Contract Tower,0,17,14,1,32,0,19,47,1,67,0,36,61,2,99,42,4,46,145
09/21/2004,SMX,CA,AWP,WE,Federal Contract Tower,0,16,13,1,30,0,32,61,1,94,0,48,74,2,124,74,4,78,202
09/22/2004,SMX,CA,AWP,WE,Federal Contract Tower,0,13,11,1,25,0,32,86,1,119,0,45,97,2,144,86,0,86,230
09/23/2004,SMX,CA,AWP,WE,Federal Contract Tower,0,13,11,0,24,0,26,78,0,104,0,39,89,0,128,108,0,108,236
09/24/2004,SMX,CA,AWP,WE,Federal Contract Tower,0,17,13,0,30,0,27,67,0,94,0,44,80,0,124,86,0,86,210
09/25/2004,SMX,CA,AWP,WE,Federal Contract Tower,0,15,12,0,27,0,6,71,0,77,0,21,83,0,104,90,0,90,194
09/26/2004,SMX,CA,AWP,WE,Federal Contract Tower,0,11,8,1,20,0,4,89,4,97,0,15,97,5,117,80,0,80,197
09/27/2004,SMX,CA,AWP,WE,Federal Contract Tower,0,15,13,1,29,0,20,51,5,76,0,35,64,6,105,52,2,54,159
09/28/2004,SMX,CA,AWP,WE,Federal Contract Tower,0,19,15,1,35,0,31,55,7,93,0,50,70,8,128,54,2,56,184
09/29/2004,SMX,CA,AWP,WE,Federal Contract Tower,0,20,17,1,38,0,24,70,12,106,0,44,87,13,144,68,4,72,216
09/30/2004,SMX,CA,AWP,WE,Federal Contract Tower,0,25,20,1,46,0,20,77,5,102,0,45,97,6,148,88,6,94,242
10/01/2004,SMX,CA,AWP,WE,Federal Contract Tower,2,21,14,1,38,0,17,82,13,112,2,38,96,14,150,52,2,54,204
10/02/2004,SMX,CA,AWP,WE,Federal Contract Tower,0,9,17,0,26,0,9,85,0,94,0,18,102,0,120,92,0,92,212
10/03/2004,SMX,CA,AWP,WE,Federal Contract Tower,0,15,21,0,36,0,3,41,0,44,0,18,62,0,80,22,2,24,104
10/04/2004,SMX,CA,AWP,WE,Federal Contract Tower,0,16,20,0,36,0,18,30,0,48,0,34,50,0,84,86,0,86,170
10/05/2004,SMX,CA,AWP,WE,Federal Contract Tower,0,28,22,0,50,0,19,63,0,82,0,47,85,0,132,12,0,12,144
10/06/2004,SMX,CA,AWP,WE,Federal Contract Tower,0,21,16,0,37,0,24,81,4,109,0,45,97,4,146,98,2,100,246
10/07/2004,SMX,CA,AWP,WE,Federal Contract Tower,0,20,9,0,29,0,24,80,0,104,0,44,89,0,133,96,0,96,229
10/08/2004,SMX,CA,AWP,WE,Federal Contract Tower,0,17,15,0,32,0,13,80,0,93,0,30,95,0,125,72,4,76,201
10/09/2004,SMX,CA,AWP,WE,Federal Contract Tower,0,17,7,0,24,0,4,87,0,91,0,21,94,0,115,64,0,64,179
10/10/2004,SMX,CA,AWP,WE,Federal Contract Tower,0,12,10,0,22,0,6,94,0,100,0,18,104,0,122,66,0,66,188
10/11/2004,SMX,CA,AWP,WE,Federal Contract Tower,0,12,12,0,24,0,22,70,0,92,0,34,82,0,116,84,0,84,200
10/12/2004,SMX,CA,AWP,WE,Federal Contract Tower,0,14,12,0,26,0,40,73,0,113,0,54,85,0,139,46,6,52,191
10/13/2004,SMX,CA,AWP,WE,Federal Contract Tower,0,18,15,0,33,0,26,82,0,108,0,44,97,0,141,78,0,78,219
10/14/2004,SMX,CA,AWP,WE,Federal Contract Tower,0,26,18,0,44,0,21,81,2,104,0,47,99,2,148,104,4,108,256
10/15/2004,SMX,CA,AWP,WE,Federal Contract Tower,0,24,32,2,58,0,8,61,0,69,0,32,93,2,127,66,2,68,195
10/16/2004,SMX,CA,AWP,WE,Federal Contract Tower,0,13,18,0,31,0,8,43,0,51,0,21,61,0,82,104,0,104,186
10/17/2004,SMX,CA,AWP,WE,Federal Contract Tower,0,13,18,0,31,0,2,5,0,7,0,15,23,0,38,48,0,48,86
10/18/2004,SMX,CA,AWP,WE,Federal Contract Tower,0,19,19,1,39,0,6,26,1,33,0,25,45,2,72,56,2,58,130
10/19/2004,SMX,CA,AWP,WE,Federal Contract Tower,0,31,10,0,41,0,14,9,0,23,0,45,19,0,64,2,0,2,66
10/20/2004,SMX,CA,AWP,WE,Federal Contract Tower,0,23,20,0,43,0,23,38,0,61,0,46,58,0,104,72,0,72,176
10/21/2004,SMX,CA,AWP,WE,Federal Contract Tower,0,22,12,0,34,0,23,63,0,86,0,45,75,0,120,68,0,68,188
10/22/2004,SMX,CA,AWP,WE,Federal Contract Tower,0,15,8,0,23,0,29,84,0,113,0,44,92,0,136,102,2,104,240
10/23/2004,SMX,CA,AWP,WE,Federal Contract Tower,0,10,18,0,28,0,11,134,0,145,0,21,152,0,173,78,0,78,251
10/24/2004,SMX,CA,AWP,WE,Federal Contract Tower,0,9,39,2,50,0,3,22,0,25,0,12,61,2,75,38,0,38,113
10/25/2004,SMX,CA,AWP,WE,Federal Contract Tower,0,20,21,2,43,0,14,41,0,55,0,34,62,2,98,80,6,86,184
10/26/2004,SMX,CA,AWP,WE,Federal Contract Tower,0,25,12,0,37,0,16,8,0,24,0,41,20,0,61,30,0,30,91
10/27/2004,SMX,CA,AWP,WE,Federal Contract Tower,0,21,12,0,33,0,28,64,2,94,0,49,76,2,127,66,0,66,193
10/28/2004,SMX,CA,AWP,WE,Federal Contract Tower,0,21,15,0,36,0,22,77,0,99,0,43,92,0,135,68,2,70,205
10/29/2004,SMX,CA,AWP,WE,Federal Contract Tower,0,18,9,0,27,0,24,90,2,116,0,42,99,2,143,92,2,94,237
10/30/2004,SMX,CA,AWP,WE,Federal Contract Tower,0,8,8,0,16,0,10,168,0,178,0,18,176,0,194,94,0,94,288
10/31/2004,SMX,CA,AWP,WE,Federal Contract Tower,0,13,6,0,19,0,4,54,0,58,0,17,60,0,77,56,4,60,137
11/01/2004,SMX,CA,AWP,WE,Federal Contract Tower,0,15,10,0,25,0,19,45,0,64,0,34,55,0,89,80,0,80,169
11/02/2004,SMX,CA,AWP,WE,Federal Contract Tower,0,13,15,0,28,0,35,54,0,89,0,48,69,0,117,64,4,68,185
11/03/2004,SMX,CA,AWP,WE,Federal Contract Tower,0,22,19,2,43,0,23,63,0,86,0,45,82,2,129,64,0,64,193
11/04/2004,SMX,CA,AWP,WE,Federal Contract Tower,0,30,23,2,55,0,15,41,0,56,0,45,64,2,111,34,0,34,145
11/05/2004,SMX,CA,AWP,WE,Federal Contract Tower,0,14,3,0,17,0,19,53,2,74,0,33,56,2,91,90,0,90,181
11/06/2004,SMX,CA,AWP,WE,Federal Contract Tower,0,10,6,0,16,0,8,92,0,100,0,18,98,0,116,82,0,82,198
11/07/2004,SMX,CA,AWP,WE,Federal Contract Tower,0,12,5,0,17,0,0,47,0,47,0,12,52,0,64,26,0,26,90
11/08/2004,SMX,CA,AWP,WE,Federal Contract Tower,0,20,22,0,42,0,13,26,4,43,0,33,48,4,85,76,6,82,167
11/09/2004,SMX,CA,AWP,WE,Federal Contract Tower,0,25,25,1,51,0,20,26,0,46,0,45,51,1,97,22,4,26,123
11/10/2004,SMX,CA,AWP,WE,Federal Contract Tower,0,21,15,0,36,0,23,52,0,75,0,44,67,0,111,56,0,56,167
11/11/2004,SMX,CA,AWP,WE,Federal Contract Tower,2,21,13,0,36,0,24,76,0,100,2,45,89,0,136,96,0,96,232
11/12/2004,SMX,CA,AWP,WE,Federal Contract Tower,0,16,19,0,35,0,27,74,2,103,0,43,93,2,138,88,0,88,226
11/13/2004,SMX,CA,AWP,WE,Federal Contract Tower,0,10,8,2,20,0,11,91,0,102,0,21,99,2,122,126,6,132,254
11/14/2004,SMX,CA,AWP,WE,Federal Contract Tower,2,10,0,0,12,0,13,68,0,81,2,23,68,0,93,58,0,58,151
11/15/2004,SMX,CA,AWP,WE,Federal Contract Tower,0,12,10,1,23,0,25,52,1,78,0,37,62,2,101,54,4,58,159
11/16/2004,SMX,CA,AWP,WE,Federal Contract Tower,0,27,13,0,40,0,26,52,0,78,0,53,65,0,118,68,0,68,186
11/17/2004,SMX,CA,AWP,WE,Federal Contract Tower,0,22,11,0,33,0,23,76,0,99,0,45,87,0,132,68,0,68,200
11/18/2004,SMX,CA,AWP,WE,Federal Contract Tower,0,22,11,1,34,0,25,86,4,115,0,47,97,5,149,86,4,90,239
11/19/2004,SMX,CA,AWP,WE,Federal Contract Tower,0,16,27,0,43,0,15,70,8,93,0,31,97,8,136,108,0,108,244
11/20/2004,SMX,CA,AWP,WE,Federal Contract Tower,0,12,12,0,24,0,7,95,0,102,0,19,107,0,126,82,0,82,208
11/21/2004,SMX,CA,AWP,WE,Federal Contract Tower,0,11,9,0,20,0,1,44,0,45,0,12,53,0,65,46,0,46,111
11/22/2004,SMX,CA,AWP,WE,Federal Contract Tower,0,12,11,0,23,0,24,59,0,83,0,36,70,0,106,66,0,66,172
11/23/2004,SMX,CA,AWP,WE,Federal Contract Tower,0,14,9,1,24,0,26,64,1,91,0,40,73,2,115,70,2,72,187
11/24/2004,SMX,CA,AWP,WE,Federal Contract Tower,0,20,15,0,35,0,21,74,0,95,0,41,89,0,130,68,0,68,198
11/25/2004,SMX,CA,AWP,WE,Federal Contract Tower,0,10,7,0,17,0,5,58,0,63,0,15,65,0,80,34,0,34,114
11/26/2004,SMX,CA,AWP,WE,Federal Contract Tower,0,11,18,0,29,0,13,73,0,86,0,24,91,0,115,64,0,64,179
11/27/2004,SMX,CA,AWP,WE,Federal Contract Tower,0,14,16,0,30,0,3,59,0,62,0,17,75,0,92,88,0,88,180
11/28/2004,SMX,CA,AWP,WE,Federal Contract Tower,0,11,15,0,26,0,4,60,2,66,0,15,75,2,92,56,0,56,148
11/29/2004,SMX,CA,AWP,WE,Federal Contract Tower,0,12,10,8,30,0,23,64,0,87,0,35,74,8,117,84,6,90,207
11/30/2004,SMX,CA,AWP,WE,Federal Contract Tower,0,22,15,2,39,0,23,74,0,97,0,45,89,2,136,78,0,78,214
12/01/2004,SMX,CA,AWP,WE,Federal Contract Tower,0,23,14,2,39,0,21,78,0,99,0,44,92,2,138,88,0,88,226
12/02/2004,SMX,CA,AWP,WE,Federal Contract Tower,0,24,16,0,40,0,22,73,0,95,0,46,89,0,135,56,0,56,191
12/03/2004,SMX,CA,AWP,WE,Federal Contract Tower,0,20,14,2,36,0,23,73,0,96,0,43,87,2,132,88,6,94,226
12/04/2004,SMX,CA,AWP,WE,Federal Contract Tower,0,7,2,0,9,0,10,73,0,83,0,17,75,0,92,90,0,90,182
12/05/2004,SMX,CA,AWP,WE,Federal Contract Tower,0,12,15,1,28,0,4,15,0,19,0,16,30,1,47,86,0,86,133
12/06/2004,SMX,CA,AWP,WE,Federal Contract Tower,0,18,13,0,31,0,20,59,0,79,0,38,72,0,110,106,0,106,216
12/07/2004,SMX,CA,AWP,WE,Federal Contract Tower,0,30,12,0,42,0,22,0,0,22,0,52,12,0,64,0,0,0,64
12/08/2004,SMX,CA,AWP,WE,Federal Contract Tower,0,26,20,0,46,0,19,58,0,77,0,45,78,0,123,68,0,68,191
12/09/2004,SMX,CA,AWP,WE,Federal Contract Tower,2,20,23,2,47,0,26,90,0,116,2,46,113,2,163,96,0,96,259
12/10/2004,SMX,CA,AWP,WE,Federal Contract Tower,0,13,10,0,23,0,27,68,0,95,0,40,78,0,118,56,0,56,174
12/11/2004,SMX,CA,AWP,WE,Federal Contract Tower,0,10,16,0,26,0,8,91,0,99,0,18,107,0,125,86,0,86,211
12/12/2004,SMX,CA,AWP,WE,Federal Contract Tower,0,19,31,0,50,0,2,19,0,21,0,21,50,0,71,42,0,42,113
12/13/2004,SMX,CA,AWP,WE,Federal Contract Tower,0,14,17,0,31,0,16,50,0,66,0,30,67,0,97,114,8,122,219
12/14/2004,SMX,CA,AWP,WE,Federal Contract Tower,0,17,15,0,32,0,29,50,0,79,0,46,65,0,111,100,0,100,211
12/15/2004,SMX,CA,AWP,WE,Federal Contract Tower,0,21,12,2,35,0,24,85,0,109,0,45,97,2,144,88,12,100,244
12/16/2004,SMX,CA,AWP,WE,Federal Contract Tower,0,22,16,0,38,0,30,83,0,113,0,52,99,0,151,96,0,96,247
12/17/2004,SMX,CA,AWP,WE,Federal Contract Tower,0,13,14,0,27,0,26,41,8,75,0,39,55,8,102,70,2,72,174
12/18/2004,SMX,CA,AWP,WE,Federal Contract Tower,0,11,11,0,22,0,9,73,0,82,0,20,84,0,104,106,0,106,210
12/19/2004,SMX,CA,AWP,WE,Federal Contract Tower,0,10,10,0,20,0,4,105,8,117,0,14,115,8,137,88,4,92,229
12/20/2004,SMX,CA,AWP,WE,Federal Contract Tower,0,14,15,1,30,0,25,64,1,90,0,39,79,2,120,74,0,74,194
12/21/2004,SMX,CA,AWP,WE,Federal Contract Tower,0,16,11,0,27,0,43,55,0,98,0,59,66,0,125,164,0,164,289
12/22/2004,SMX,CA,AWP,WE,Federal Contract Tower,0,13,10,2,25,0,30,79,0,109,0,43,89,2,134,68,0,68,202
12/23/2004,SMX,CA,AWP,WE,Federal Contract Tower,1,12,11,0,24,0,45,88,0,133,1,57,99,0,157,146,0,146,303
12/24/2004,SMX,CA,AWP,WE,Federal Contract Tower,0,16,9,0,25,0,25,69,0,94,0,41,78,0,119,34,0,34,153
12/25/2004,SMX,CA,AWP,WE,Federal Contract Tower,0,8,2,0,10,0,2,33,0,35,0,10,35,0,45,34,0,34,79
12/26/2004,SMX,CA,AWP,WE,Federal Contract Tower,0,11,12,0,23,0,3,24,0,27,0,14,36,0,50,20,0,20,70
12/27/2004,SMX,CA,AWP,WE,Federal Contract Tower,1,20,11,0,32,0,14,0,0,14,1,34,11,0,46,2,0,2,48
12/28/2004,SMX,CA,AWP,WE,Federal Contract Tower,0,25,3,0,28,0,18,8,0,26,0,43,11,0,54,0,0,0,54
12/29/2004,SMX,CA,AWP,WE,Federal Contract Tower,0,26,6,0,32,0,17,31,0,48,0,43,37,0,80,24,0,24,104
12/30/2004,SMX,CA,AWP,WE,Federal Contract Tower,0,35,16,0,51,0,10,27,0,37,0,45,43,0,88,6,2,8,96
12/31/2004,SMX,CA,AWP,WE,Federal Contract Tower,0,18,4,0,22,0,10,17,0,27,0,28,21,0,49,46,0,46,95
01/01/2005,SMX,CA,AWP,WE,Federal Contract Tower,0,12,9,0,21,0,5,33,0,38,0,17,42,0,59,24,0,24,83
01/02/2005,SMX,CA,AWP,WE,Federal Contract Tower,0,11,8,0,19,0,9,39,0,48,0,20,47,0,67,124,0,124,191
01/03/2005,SMX,CA,AWP,WE,Federal Contract Tower,0,14,6,0,20,0,19,14,0,33,0,33,20,0,53,68,0,68,121
01/04/2005,SMX,CA,AWP,WE,Federal Contract Tower,0,17,15,2,34,0,30,35,0,65,0,47,50,2,99,56,2,58,157
01/05/2005,SMX,CA,AWP,WE,Federal Contract Tower,0,21,18,0,39,0,24,77,0,101,0,45,95,0,140,98,0,98,238
01/06/2005,SMX,CA,AWP,WE,Federal Contract Tower,0,22,10,1,33,0,25,77,2,104,0,47,87,3,137,68,6,74,211
01/07/2005,SMX,CA,AWP,WE,Federal Contract Tower,0,28,15,0,43,0,19,49,0,68,0,47,64,0,111,66,4,70,181
01/08/2005,SMX,CA,AWP,WE,Federal Contract Tower,0,15,6,0,21,0,2,19,0,21,0,17,25,0,42,48,0,48,90
01/09/2005,SMX,CA,AWP,WE,Federal Contract Tower,0,14,9,0,23,0,4,26,0,30,0,18,35,0,53,64,0,64,117
01/10/2005,SMX,CA,AWP,WE,Federal Contract Tower,0,32,10,0,42,0,7,6,0,13,0,39,16,0,55,4,0,4,59
01/11/2005,SMX,CA,AWP,WE,Federal Contract Tower,0,25,12,0,37,0,19,15,0,34,0,44,27,0,71,8,6,14,85
01/12/2005,SMX,CA,AWP,WE,Federal Contract Tower,0,18,13,0,31,0,28,89,2,119,0,46,102,2,150,96,4,100,250
01/13/2005,SMX,CA,AWP,WE,Federal Contract Tower,2,14,24,3,43,0,35,99,1,135,2,49,123,4,178,166,18,184,362
01/14/2005,SMX,CA,AWP,WE,Federal Contract Tower,0,16,15,4,35,0,33,97,0,130,0,49,112,4,165,178,8,186,351
01/15/2005,SMX,CA,AWP,WE,Federal Contract Tower,0,8,19,0,27,0,9,167,0,176,0,17,186,0,203,108,2,110,313
01/16/2005,SMX,CA,AWP,WE,Federal Contract Tower,2,11,15,0,28,0,17,130,0,147,2,28,145,0,175,88,0,88,263
01/17/2005,SMX,CA,AWP,WE,Federal Contract Tower,0,11,23,0,34,0,35,73,0,108,0,46,96,0,142,224,0,224,366
01/18/2005,SMX,CA,AWP,WE,Federal Contract Tower,0,13,12,2,27,0,41,65,0,106,0,54,77,2,133,190,50,240,373
01/19/2005,SMX,CA,AWP,WE,Federal Contract Tower,0,22,15,0,37,0,22,74,4,100,0,44,89,4,137,86,4,90,227
01/20/2005,SMX,CA,AWP,WE,Federal Contract Tower,0,24,10,0,34,0,22,89,2,113,0,46,99,2,147,102,2,104,251
01/21/2005,SMX,CA,AWP,WE,Federal Contract Tower,0,27,9,1,37,0,20,96,1,117,0,47,105,2,154,88,2,90,244
01/22/2005,SMX,CA,AWP,WE,Federal Contract Tower,0,12,7,0,19,0,2,86,0,88,0,14,93,0,107,86,0,86,193
01/23/2005,SMX,CA,AWP,WE,Federal Contract Tower,0,11,22,0,33,0,0,68,0,68,0,11,90,0,101,82,0,82,183
01/24/2005,SMX,CA,AWP,WE,Federal Contract Tower,0,17,11,2,30,0,22,34,0,56,0,39,45,2,86,36,4,40,126
01/25/2005,SMX,CA,AWP,WE,Federal Contract Tower,0,19,6,4,29,0,28,32,0,60,0,47,38,4,89,76,4,80,169
01/26/2005,SMX,CA,AWP,WE,Federal Contract Tower,0,20,24,4,48,0,24,43,0,67,0,44,67,4,115,66,8,74,189
01/27/2005,SMX,CA,AWP,WE,Federal Contract Tower,0,20,28,0,48,0,27,50,0,77,0,47,78,0,125,88,2,90,215
01/28/2005,SMX,CA,AWP,WE,Federal Contract Tower,0,22,17,2,41,0,19,29,0,48,0,41,46,2,89,56,6,62,151
01/29/2005,SMX,CA,AWP,WE,Federal Contract Tower,0,7,14,0,21,0,10,72,0,82,0,17,86,0,103,110,0,110,213
01/30/2005,SMX,CA,AWP,WE,Federal Contract Tower,0,13,16,0,29,0,4,87,0,91,0,17,103,0,120,88,0,88,208
01/31/2005,SMX,CA,AWP,WE,Federal Contract Tower,0,8,7,0,15,0,24,78,0,102,0,32,85,0,117,52,6,58,175
02/01/2005,SMX,CA,AWP,WE,Federal Contract Tower,0,12,18,1,31,0,28,61,1,90,0,40,79,2,121,94,4,98,219
02/02/2005,SMX,CA,AWP,WE,Federal Contract Tower,0,13,16,0,29,0,31,73,2,106,0,44,89,2,135,78,4,82,217
02/03/2005,SMX,CA,AWP,WE,Federal Contract Tower,0,14,13,0,27,0,32,100,0,132,0,46,113,0,159,86,2,88,247
02/04/2005,SMX,CA,AWP,WE,Federal Contract Tower,0,14,7,0,21,0,27,90,0,117,0,41,97,0,138,78,0,78,216
02/05/2005,SMX,CA,AWP,WE,Federal Contract Tower,0,15,22,0,37,0,2,57,0,59,0,17,79,0,96,108,0,108,204
02/06/2005,SMX,CA,AWP,WE,Federal Contract Tower,0,13,6,0,19,0,5,42,0,47,0,18,48,0,66,68,0,68,134
02/07/2005,SMX,CA,AWP,WE,Federal Contract Tower,0,15,18,0,33,0,17,29,0,46,0,32,47,0,79,38,0,38,117
02/08/2005,SMX,CA,AWP,WE,Federal Contract Tower,0,17,14,0,31,0,22,40,0,62,0,39,54,0,93,82,2,84,177
02/09/2005,SMX,CA,AWP,WE,Federal Contract Tower,0,20,18,2,40,0,24,71,2,97,0,44,89,4,137,96,6,102,239
02/10/2005,SMX,CA,AWP,WE,Federal Contract Tower,2,16,22,1,41,0,29,80,1,110,2,45,102,2,151,98,2,100,251
02/11/2005,SMX,CA,AWP,WE,Federal Contract Tower,0,20,16,0,36,0,23,51,0,74,0,43,67,0,110,22,0,22,132
02/12/2005,SMX,CA,AWP,WE,Federal Contract Tower,0,9,18,0,27,0,9,75,0,84,0,18,93,0,111,76,0,76,187
02/13/2005,SMX,CA,AWP,WE,Federal Contract Tower,3,13,10,0,26,0,4,32,0,36,3,17,42,0,62,48,0,48,110
02/14/2005,SMX,CA,AWP,WE,Federal Contract Tower,0,15,14,2,31,0,20,25,0,45,0,35,39,2,76,44,0,44,120
02/15/2005,SMX,CA,AWP,WE,Federal Contract Tower,0,24,19,0,43,0,18,18,0,36,0,42,37,0,79,52,0,52,131
02/16/2005,SMX,CA,AWP,WE,Federal Contract Tower,0,20,20,0,40,0,25,59,0,84,0,45,79,0,124,76,0,76,200
02/17/2005,SMX,CA,AWP,WE,Federal Contract Tower,0,24,21,0,45,0,23,33,0,56,0,47,54,0,101,22,0,22,123
02/18/2005,SMX,CA,AWP,WE,Federal Contract Tower,0,15,15,0,30,0,25,52,0,77,0,40,67,0,107,54,0,54,161
02/19/2005,SMX,CA,AWP,WE,Federal Contract Tower,0,14,15,0,29,0,9,21,0,30,0,23,36,0,59,62,0,62,121
02/20/2005,SMX,CA,AWP,WE,Federal Contract Tower,0,12,6,0,18,0,5,44,0,49,0,17,50,0,67,82,0,82,149
02/21/2005,SMX,CA,AWP,WE,Federal Contract Tower,0,19,6,0,25,0,14,15,0,29,0,33,21,0,54,14,0,14,68
02/22/2005,SMX,CA,AWP,WE,Federal Contract Tower,0,21,16,1,38,0,21,23,7,51,0,42,39,8,89,0,0,0,89
02/23/2005,SMX,CA,AWP,WE,Federal Contract Tower,0,24,25,0,49,0,25,85,0,110,0,49,110,0,159,68,0,68,227
02/24/2005,SMX,CA,AWP,WE,Federal Contract Tower,0,26,18,0,44,0,20,91,0,111,0,46,109,0,155,96,0,96,251
02/25/2005,SMX,CA,AWP,WE,Federal Contract Tower,0,29,27,2,58,0,19,72,0,91,0,48,99,2,149,88,6,94,243
02/26/2005,SMX,CA,AWP,WE,Federal Contract Tower,0,15,24,0,39,0,14,59,0,73,0,29,83,0,112,80,2,82,194
02/27/2005,SMX,CA,AWP,WE,Federal Contract Tower,0,11,21,0,32,0,5,58,0,63,0,16,79,0,95,96,0,96,191
02/28/2005,SMX,CA,AWP,WE,Federal Contract Tower,0,12,22,0,34,0,19,36,2,57,0,31,58,2,91,62,0,62,153
03/01/2005,SMX,CA,AWP,WE,Federal Contract Tower,0,17,20,0,37,0,26,42,0,68,0,43,62,0,105,162,8,170,275
03/02/2005,SMX,CA,AWP,WE,Federal Contract Tower,0,26,24,0,50,0,19,44,0,63,0,45,68,0,113,0,8,8,121
03/03/2005,SMX,CA,AWP,WE,Federal Contract Tower,0,26,23,0,49,0,21,66,0,87,0,47,89,0,136,108,6,114,250
03/04/2005,SMX,CA,AWP,WE,Federal Contract Tower,0,23,18,2,43,0,21,57,0,78,0,44,75,2,121,68,8,76,197
03/05/2005,SMX,CA,AWP,WE,Federal Contract Tower,0,10,4,3,17,0,9,109,1,119,0,19,113,4,136,106,0,106,242
03/06/2005,SMX,CA,AWP,WE,Federal Contract Tower,0,15,17,0,32,0,6,94,0,100,0,21,111,0,132,92,0,92,224
03/07/2005,SMX,CA,AWP,WE,Federal Contract Tower,0,16,24,3,43,0,12,69,2,83,0,28,93,5,126,70,4,74,200
03/08/2005,SMX,CA,AWP,WE,Federal Contract Tower,0,28,23,0,51,0,18,39,0,57,0,46,62,0,108,100,20,120,228
03/09/2005,SMX,CA,AWP,WE,Federal Contract Tower,0,25,32,2,59,0,22,71,0,93,0,47,103,2,152,98,4,102,254
03/10/2005,SMX,CA,AWP,WE,Federal Contract Tower,2,15,22,0,39,0,31,57,0,88,2,46,79,0,127,86,0,86,213
03/11/2005,SMX,CA,AWP,WE,Federal Contract Tower,0,24,19,2,45,0,21,48,0,69,0,45,67,2,114,46,4,50,164
03/12/2005,SMX,CA,AWP,WE,Federal Contract Tower,0,16,31,2,49,0,8,39,0,47,0,24,70,2,96,86,0,86,182
03/13/2005,SMX,CA,AWP,WE,Federal Contract Tower,0,12,41,1,54,0,4,53,1,58,0,16,94,2,112,82,0,82,194
03/14/2005,SMX,CA,AWP,WE,Federal Contract Tower,0,14,19,2,35,0,20,51,0,71,0,34,70,2,106,36,8,44,150
03/15/2005,SMX,CA,AWP,WE,Federal Contract Tower,0,15,15,0,30,0,31,74,0,105,0,46,89,0,135,56,6,62,197
03/16/2005,SMX,CA,AWP,WE,Federal Contract Tower,0,15,10,2,27,0,31,87,0,118,0,46,97,2,145,104,2,106,251
03/17/2005,SMX,CA,AWP,WE,Federal Contract Tower,0,15,14,0,29,0,29,85,0,114,0,44,99,0,143,98,6,104,247
03/18/2005,SMX,CA,AWP,WE,Federal Contract Tower,0,23,22,3,48,0,24,45,0,69,0,47,67,3,117,66,0,66,183
03/19/2005,SMX,CA,AWP,WE,Federal Contract Tower,0,15,14,1,30,0,8,54,0,62,0,23,68,1,92,86,0,86,178
03/20/2005,SMX,CA,AWP,WE,Federal Contract Tower,0,12,16,0,28,0,0,73,0,73,0,12,89,0,101,112,0,112,213
03/21/2005,SMX,CA,AWP,WE,Federal Contract Tower,0,17,15,0,32,0,15,52,0,67,0,32,67,0,99,76,0,76,175
03/22/2005,SMX,CA,AWP,WE,Federal Contract Tower,0,33,20,0,53,0,13,1,0,14,0,46,21,0,67,6,0,6,73
03/23/2005,SMX,CA,AWP,WE,Federal Contract Tower,0,18,12,0,30,0,27,60,0,87,0,45,72,0,117,52,0,52,169
03/24/2005,SMX,CA,AWP,WE,Federal Contract Tower,0,21,18,0,39,0,26,71,0,97,0,47,89,0,136,68,0,68,204
03/25/2005,SMX,CA,AWP,WE,Federal Contract Tower,0,23,19,2,44,0,23,56,0,79,0,46,75,2,123,88,10,98,221
03/26/2005,SMX,CA,AWP,WE,Federal Contract Tower,0,10,16,0,26,0,10,117,0,127,0,20,133,0,153,126,0,126,279
03/27/2005,SMX,CA,AWP,WE,Federal Contract Tower,0,11,11,0,22,0,7,73,0,80,0,18,84,0,102,110,0,110,212
03/28/2005,SMX,CA,AWP,WE,Federal Contract Tower,0,11,7,0,18,0,29,19,0,48,0,40,26,0,66,4,0,4,70
03/29/2005,SMX,CA,AWP,WE,Federal Contract Tower,0,15,11,0,26,0,33,62,0,95,0,48,73,0,121,58,0,58,179
03/30/2005,SMX,CA,AWP,WE,Federal Contract Tower,0,15,9,0,24,0,30,88,0,118,0,45,97,0,142,68,0,68,210
03/31/2005,SMX,CA,AWP,WE,Federal Contract Tower,0,24,16,0,40,0,30,89,0,119,0,54,105,0,159,112,0,112,271
04/01/2005,SMX,CA,AWP,WE,Federal Contract Tower,0,17,19,2,38,0,32,118,0,150,0,49,137,2,188,116,12,128,316
04/02/2005,SMX,CA,AWP,WE,Federal Contract Tower,0,12,8,0,20,0,31,135,0,166,0,43,143,0,186,102,0,102,288
04/03/2005,SMX,CA,AWP,WE,Federal Contract Tower,0,11,40,0,51,0,4,96,0,100,0,15,136,0,151,86,0,86,237
04/04/2005,SMX,CA,AWP,WE,Federal Contract Tower,0,11,17,0,28,0,27,38,0,65,0,38,55,0,93,22,4,26,119
04/05/2005,SMX,CA,AWP,WE,Federal Contract Tower,0,15,14,0,29,0,35,45,4,84,0,50,59,4,113,56,2,58,171
04/06/2005,SMX,CA,AWP,WE,Federal Contract Tower,1,12,6,2,21,0,32,91,0,123,1,44,97,2,144,82,16,98,242
04/07/2005,SMX,CA,AWP,WE,Federal Contract Tower,0,12,10,2,24,0,35,59,0,94,0,47,69,2,118,46,12,58,176
04/08/2005,SMX,CA,AWP,WE,Federal Contract Tower,0,17,14,0,31,0,28,53,0,81,0,45,67,0,112,46,0,46,158
04/09/2005,SMX,CA,AWP,WE,Federal Contract Tower,0,17,8,0,25,0,14,79,0,93,0,31,87,0,118,78,0,78,196
04/10/2005,SMX,CA,AWP,WE,Federal Contract Tower,0,12,8,0,20,0,15,78,0,93,0,27,86,0,113,68,0,68,181
04/11/2005,SMX,CA,AWP,WE,Federal Contract Tower,0,16,12,1,29,0,18,85,3,106,0,34,97,4,135,88,4,92,227
04/12/2005,SMX,CA,AWP,WE,Federal Contract Tower,0,25,21,0,46,0,18,51,0,69,0,43,72,0,115,54,0,54,169
04/13/2005,SMX,CA,AWP,WE,Federal Contract Tower,1,14,17,0,32,0,33,70,0,103,1,47,87,0,135,62,0,62,197
04/14/2005,SMX,CA,AWP,WE,Federal Contract Tower,1,17,19,0,37,0,34,70,0,104,1,51,89,0,141,76,0,76,217
04/15/2005,SMX,CA,AWP,WE,Federal Contract Tower,0,15,15,0,30,0,27,84,0,111,0,42,99,0,141,86,0,86,227
04/16/2005,SMX,CA,AWP,WE,Federal Contract Tower,0,15,11,0,26,0,17,106,0,123,0,32,117,0,149,106,0,106,255
04/17/2005,SMX,CA,AWP,WE,Federal Contract Tower,0,11,18,0,29,0,3,85,0,88,0,14,103,0,117,88,0,88,205
04/18/2005,SMX,CA,AWP,WE,Federal Contract Tower,0,14,9,0,23,0,23,43,0,66,0,37,52,0,89,40,8,48,137
04/19/2005,SMX,CA,AWP,WE,Federal Contract Tower,0,15,22,0,37,0,28,89,0,117,0,43,111,0,154,72,0,72,226
04/20/2005,SMX,CA,AWP,WE,Federal Contract Tower,0,21,22,0,43,0,23,75,0,98,0,44,97,0,141,62,0,62,203
04/21/2005,SMX,CA,AWP,WE,Federal Contract Tower,0,14,9,1,24,0,29,86,0,115,0,43,95,1,139,78,0,78,217
04/22/2005,SMX,CA,AWP,WE,Federal Contract Tower,0,17,22,1,40,0,32,80,0,112,0,49,102,1,152,76,0,76,228
04/23/2005,SMX,CA,AWP,WE,Federal Contract Tower,0,12,17,0,29,0,19,50,0,69,0,31,67,0,98,46,0,46,144
04/24/2005,SMX,CA,AWP,WE,Federal Contract Tower,0,11,19,0,30,0,4,106,0,110,0,15,125,0,140,94,0,94,234
04/25/2005,SMX,CA,AWP,WE,Federal Contract Tower,0,15,19,0,34,0,23,75,0,98,0,38,94,0,132,94,12,106,238
04/26/2005,SMX,CA,AWP,WE,Federal Contract Tower,0,15,10,0,25,0,27,52,0,79,0,42,62,0,104,72,0,72,176
04/27/2005,SMX,CA,AWP,WE,Federal Contract Tower,0,29,21,0,50,0,14,55,0,69,0,43,76,0,119,46,0,46,165
04/28/2005,SMX,CA,AWP,WE,Federal Contract Tower,0,21,24,0,45,0,25,73,0,98,0,46,97,0,143,74,0,74,217
04/29/2005,SMX,CA,AWP,WE,Federal Contract Tower,0,21,20,2,43,0,26,94,2,122,0,47,114,4,165,108,8,116,281
04/30/2005,SMX,CA,AWP,WE,Federal Contract Tower,0,13,19,0,32,0,21,98,0,119,0,34,117,0,151,112,0,112,263
05/01/2005,SMX,CA,AWP,WE,Federal Contract Tower,0,10,26,0,36,0,6,100,0,106,0,16,126,0,142,100,0,100,242
05/02/2005,SMX,CA,AWP,WE,Federal Contract Tower,0,13,6,0,19,0,29,70,0,99,0,42,76,0,118,60,0,60,178
05/03/2005,SMX,CA,AWP,WE,Federal Contract Tower,0,26,20,2,48,0,19,83,0,102,0,45,103,2,150,96,2,98,248
05/04/2005,SMX,CA,AWP,WE,Federal Contract Tower,0,27,20,0,47,0,16,67,0,83,0,43,87,0,130,44,0,44,174
05/05/2005,SMX,CA,AWP,WE,Federal Contract Tower,0,24,21,0,45,1,21,68,0,90,1,45,89,0,135,66,0,66,201
05/06/2005,SMX,CA,AWP,WE,Federal Contract Tower,0,21,16,2,39,0,22,80,0,102,0,43,96,2,141,78,4,82,223
05/07/2005,SMX,CA,AWP,WE,Federal Contract Tower,0,8,7,2,17,0,25,92,0,117,0,33,99,2,134,86,4,90,224
05/08/2005,SMX,CA,AWP,WE,Federal Contract Tower,2,13,10,0,25,0,6,83,0,89,2,19,93,0,114,88,0,88,202
05/09/2005,SMX,CA,AWP,WE,Federal Contract Tower,0,16,10,0,26,0,25,40,0,65,0,41,50,0,91,56,0,56,147
05/10/2005,SMX,CA,AWP,WE,Federal Contract Tower,0,15,13,2,30,0,31,42,0,73,0,46,55,2,103,52,10,62,165
05/11/2005,SMX,CA,AWP,WE,Federal Contract Tower,0,14,9,2,25,0,29,78,0,107,0,43,87,2,132,66,2,68,200
05/12/2005,SMX,CA,AWP,WE,Federal Contract Tower,0,19,16,2,37,0,27,80,0,107,0,46,96,2,144,82,4,86,230
05/13/2005,SMX,CA,AWP,WE,Federal Contract Tower,0,16,9,0,25,0,23,70,0,93,0,39,79,0,118,56,0,56,174
05/14/2005,SMX,CA,AWP,WE,Federal Contract Tower,0,14,17,0,31,0,13,120,4,137,0,27,137,4,168,68,0,68,236
05/15/2005,SMX,CA,AWP,WE,Federal Contract Tower,0,9,14,2,25,0,4,79,0,83,0,13,93,2,108,58,4,62,170
05/16/2005,SMX,CA,AWP,WE,Federal Contract Tower,0,19,22,0,41,0,11,22,0,33,0,30,44,0,74,12,2,14,88
05/17/2005,SMX,CA,AWP,WE,Federal Contract Tower,0,16,12,0,28,0,30,66,0,96,0,46,78,0,124,98,0,98,222
05/18/2005,SMX,CA,AWP,WE,Federal Contract Tower,0,14,10,5,29,0,33,97,0,130,0,47,107,5,159,88,6,94,253
05/19/2005,SMX,CA,AWP,WE,Federal Contract Tower,0,16,21,2,39,0,26,78,0,104,0,42,99,2,143,106,4,110,253
05/20/2005,SMX,CA,AWP,WE,Federal Contract Tower,0,21,22,4,47,0,24,84,2,110,0,45,106,6,157,102,8,110,267
05/21/2005,SMX,CA,AWP,WE,Federal Contract Tower,0,12,11,0,23,0,15,102,2,119,0,27,113,2,142,98,10,108,250
05/22/2005,SMX,CA,AWP,WE,Federal Contract Tower,0,13,10,0,23,0,2,111,1,114,0,15,121,1,137,82,0,82,219
05/23/2005,SMX,CA,AWP,WE,Federal Contract Tower,0,13,12,1,26,0,24,56,0,80,0,37,68,1,106,36,8,44,150
05/24/2005,SMX,CA,AWP,WE,Federal Contract Tower,0,18,17,1,36,0,26,55,1,82,0,44,72,2,118,54,2,56,174
05/25/2005,SMX,CA,AWP,WE,Federal Contract Tower,0,24,16,2,42,0,19,37,0,56,0,43,53,2,98,46,6,52,150
05/26/2005,SMX,CA,AWP,WE,Federal Contract Tower,0,21,33,0,54,0,23,64,0,87,0,44,97,0,141,94,0,94,235
05/27/2005,SMX,CA,AWP,WE,Federal Contract Tower,0,31,31,0,62,0,15,56,0,71,0,46,87,0,133,68,0,68,201
05/28/2005,SMX,CA,AWP,WE,Federal Contract Tower,1,11,14,0,26,0,15,65,0,80,1,26,79,0,106,66,0,66,172
05/29/2005,SMX,CA,AWP,WE,Federal Contract Tower,0,11,6,0,17,0,4,71,0,75,0,15,77,0,92,96,0,96,188
05/30/2005,SMX,CA,AWP,WE,Federal Contract Tower,0,8,7,0,15,0,26,80,0,106,0,34,87,0,121,78,0,78,199
05/31/2005,SMX,CA,AWP,WE,Federal Contract Tower,0,22,11,0,33,0,14,66,0,80,0,36,77,0,113,28,2,30,143
06/01/2005,SMX,CA,AWP,WE,Federal Contract Tower,0,24,16,1,41,0,18,73,1,92,0,42,89,2,133,82,2,84,217
06/02/2005,SMX,CA,AWP,WE,Federal Contract Tower,0,30,23,0,53,0,17,56,0,73,0,47,79,0,126,54,0,54,180
06/03/2005,SMX,CA,AWP,WE,Federal Contract Tower,0,24,17,0,41,0,25,79,0,104,0,49,96,0,145,92,0,92,237
06/04/2005,SMX,CA,AWP,WE,Federal Contract Tower,0,17,19,0,36,0,34,48,0,82,0,51,67,0,118,46,0,46,164
06/05/2005,SMX,CA,AWP,WE,Federal Contract Tower,0,12,10,1,23,0,19,88,0,107,0,31,98,1,130,102,4,106,236
06/06/2005,SMX,CA,AWP,WE,Federal Contract Tower,0,12,6,0,18,0,28,53,0,81,0,40,59,0,99,46,0,46,145
06/07/2005,SMX,CA,AWP,WE,Federal Contract Tower,0,13,15,1,29,0,32,73,0,105,0,45,88,1,134,72,14,86,220
06/08/2005,SMX,CA,AWP,WE,Federal Contract Tower,0,19,9,4,32,0,26,69,2,97,0,45,78,6,129,88,22,110,239
06/09/2005,SMX,CA,AWP,WE,Federal Contract Tower,0,24,27,4,55,0,24,64,0,88,0,48,91,4,143,94,20,114,257
06/10/2005,SMX,CA,AWP,WE,Federal Contract Tower,0,22,23,3,48,0,25,71,1,97,0,47,94,4,145,96,6,102,247
06/11/2005,SMX,CA,AWP,WE,Federal Contract Tower,0,19,12,0,31,0,18,77,0,95,0,37,89,0,126,78,0,78,204
06/12/2005,SMX,CA,AWP,WE,Federal Contract Tower,2,11,8,0,21,0,16,76,0,92,2,27,84,0,113,128,0,128,241
06/13/2005,SMX,CA,AWP,WE,Federal Contract Tower,0,13,16,2,31,0,24,63,2,89,0,37,79,4,120,96,0,96,216
06/14/2005,SMX,CA,AWP,WE,Federal Contract Tower,0,24,17,0,41,0,17,40,0,57,0,41,57,0,98,48,34,82,180
06/15/2005,SMX,CA,AWP,WE,Federal Contract Tower,0,26,23,0,49,0,21,65,0,86,0,47,88,0,135,68,0,68,203
06/16/2005,SMX,CA,AWP,WE,Federal Contract Tower,0,22,19,0,41,0,26,74,0,100,0,48,93,0,141,92,0,92,233
06/17/2005,SMX,CA,AWP,WE,Federal Contract Tower,0,19,21,0,40,0,22,67,2,91,0,41,88,2,131,92,0,92,223
06/18/2005,SMX,CA,AWP,WE,Federal Contract Tower,0,10,9,0,19,0,17,94,0,111,0,27,103,0,130,96,0,96,226
06/19/2005,SMX,CA,AWP,WE,Federal Contract Tower,0,11,13,2,26,0,2,77,0,79,0,13,90,2,105,84,2,86,191
06/20/2005,SMX,CA,AWP,WE,Federal Contract Tower,0,11,14,2,27,0,18,72,0,90,0,29,86,2,117,78,0,78,195
06/21/2005,SMX,CA,AWP,WE,Federal Contract Tower,0,22,15,0,37,0,20,53,0,73,0,42,68,0,110,44,4,48,158
06/22/2005,SMX,CA,AWP,WE,Federal Contract Tower,0,13,15,0,28,0,35,77,0,112,0,48,92,0,140,82,0,82,222
06/23/2005,SMX,CA,AWP,WE,Federal Contract Tower,0,23,22,2,47,0,26,77,0,103,0,49,99,2,150,94,2,96,246
06/24/2005,SMX,CA,AWP,WE,Federal Contract Tower,0,17,16,0,33,0,32,90,0,122,0,49,106,0,155,112,2,114,269
06/25/2005,SMX,CA,AWP,WE,Federal Contract Tower,0,16,15,0,31,0,7,86,0,93,0,23,101,0,124,96,0,96,220
06/26/2005,SMX,CA,AWP,WE,Federal Contract Tower,0,9,21,0,30,0,14,110,0,124,0,23,131,0,154,112,0,112,266
06/27/2005,SMX,CA,AWP,WE,Federal Contract Tower,0,14,22,1,37,0,17,58,1,76,0,31,80,2,113,40,0,40,153
06/28/2005,SMX,CA,AWP,WE,Federal Contract Tower,0,25,15,0,40,0,23,88,0,111,0,48,103,0,151,98,2,100,251
06/29/2005,SMX,CA,AWP,WE,Federal Contract Tower,0,19,17,0,36,0,27,78,0,105,0,46,95,0,141,88,2,90,231
06/30/2005,SMX,CA,AWP,WE,Federal Contract Tower,0,23,17,0,40,0,21,70,0,91,0,44,87,0,131,68,0,68,199
07/01/2005,SMX,CA,AWP,WE,Federal Contract Tower,0,31,14,0,45,0,12,77,0,89,0,43,91,0,134,56,0,56,190
07/02/2005,SMX,CA,AWP,WE,Federal Contract Tower,0,17,14,0,31,0,9,65,0,74,0,26,79,0,105,68,0,68,173
07/03/2005,SMX,CA,AWP,WE,Federal Contract Tower,1,6,7,0,14,0,5,61,0,66,1,11,68,0,80,84,0,84,164
07/04/2005,SMX,CA,AWP,WE,Federal Contract Tower,0,9,4,0,13,0,1,39,0,40,0,10,43,0,53,18,0,18,71
07/05/2005,SMX,CA,AWP,WE,Federal Contract Tower,0,21,26,0,47,0,26,71,0,97,0,47,97,0,144,72,4,76,220
07/06/2005,SMX,CA,AWP,WE,Federal Contract Tower,1,27,22,2,52,0,21,79,0,100,1,48,101,2,152,66,42,108,260
07/07/2005,SMX,CA,AWP,WE,Federal Contract Tower,0,22,27,0,49,0,26,76,0,102,0,48,103,0,151,88,4,92,243
07/08/2005,SMX,CA,AWP,WE,Federal Contract Tower,0,23,16,3,42,0,20,103,1,124,0,43,119,4,166,92,14,106,272
07/09/2005,SMX,CA,AWP,WE,Federal Contract Tower,0,21,11,0,32,0,8,92,0,100,0,29,103,0,132,72,0,72,204
07/10/2005,SMX,CA,AWP,WE,Federal Contract Tower,0,11,14,0,25,0,13,89,0,102,0,24,103,0,127,72,0,72,199
07/11/2005,SMX,CA,AWP,WE,Federal Contract Tower,0,16,6,1,23,0,14,73,0,87,0,30,79,1,110,68,0,68,178
07/12/2005,SMX,CA,AWP,WE,Federal Contract Tower,0,12,8,2,22,0,30,69,0,99,0,42,77,2,121,46,28,74,195
07/13/2005,SMX,CA,AWP,WE,Federal Contract Tower,0,19,12,0,31,0,23,76,40,139,0,42,88,40,170,98,6,104,274
07/14/2005,SMX,CA,AWP,WE,Federal Contract Tower,0,18,20,0,38,0,27,75,2,104,0,45,95,2,142,78,0,78,220
07/15/2005,SMX,CA,AWP,WE,Federal Contract Tower,0,23,17,0,40,0,18,80,0,98,0,41,97,0,138,92,0,92,230
07/16/2005,SMX,CA,AWP,WE,Federal Contract Tower,0,18,8,0,26,0,8,93,0,101,0,26,101,0,127,86,0,86,213
07/17/2005,SMX,CA,AWP,WE,Federal Contract Tower,0,15,13,0,28,0,4,94,0,98,0,19,107,0,126,90,0,90,216
07/18/2005,SMX,CA,AWP,WE,Federal Contract Tower,0,18,10,0,28,0,20,47,0,67,0,38,57,0,95,34,2,36,131
07/19/2005,SMX,CA,AWP,WE,Federal Contract Tower,0,24,17,1,42,0,18,59,0,77,0,42,76,1,119,62,10,72,191
07/20/2005,SMX,CA,AWP,WE,Federal Contract Tower,0,26,23,0,49,0,22,84,2,108,0,48,107,2,157,106,16,122,279
07/21/2005,SMX,CA,AWP,WE,Federal Contract Tower,0,17,15,0,32,0,27,87,0,114,0,44,102,0,146,106,0,106,252
07/22/2005,SMX,CA,AWP,WE,Federal Contract Tower,0,15,14,0,29,0,31,77,0,108,0,46,91,0,137,98,0,98,235
07/23/2005,SMX,CA,AWP,WE,Federal Contract Tower,0,17,15,0,32,0,7,89,0,96,0,24,104,0,128,98,0,98,226
07/24/2005,SMX,CA,AWP,WE,Federal Contract Tower,0,11,15,0,26,0,5,95,0,100,0,16,110,0,126,88,0,88,214
07/25/2005,SMX,CA,AWP,WE,Federal Contract Tower,0,17,14,0,31,0,16,58,0,74,0,33,72,0,105,22,2,24,129
07/26/2005,SMX,CA,AWP,WE,Federal Contract Tower,0,19,27,0,46,0,23,41,0,64,0,42,68,0,110,66,2,68,178
07/27/2005,SMX,CA,AWP,WE,Federal Contract Tower,0,28,12,0,40,0,21,92,0,113,0,49,104,0,153,112,0,112,265
07/28/2005,SMX,CA,AWP,WE,Federal Contract Tower,0,21,10,0,31,0,24,87,0,111,0,45,97,0,142,98,0,98,240
07/29/2005,SMX,CA,AWP,WE,Federal Contract Tower,0,26,19,2,47,0,18,75,0,93,0,44,94,2,140,60,10,70,210
07/30/2005,SMX,CA,AWP,WE,Federal Contract Tower,0,12,2,0,14,0,16,94,0,110,0,28,96,0,124,78,0,78,202
07/31/2005,SMX,CA,AWP,WE,Federal Contract Tower,0,14,21,0,35,0,2,95,2,99,0,16,116,2,134,48,0,48,182
08/01/2005,SMX,CA,AWP,WE,Federal Contract Tower,0,21,15,2,38,0,6,39,0,45,0,27,54,2,83,28,6,34,117
08/02/2005,SMX,CA,AWP,WE,Federal Contract Tower,0,30,13,0,43,0,12,69,0,81,0,42,82,0,124,84,2,86,210
08/03/2005,SMX,CA,AWP,WE,Federal Contract Tower,0,20,10,0,30,0,26,85,0,111,0,46,95,0,141,88,0,88,229
08/04/2005,SMX,CA,AWP,WE,Federal Contract Tower,0,24,18,0,42,0,19,65,0,84,0,43,83,0,126,60,0,60,186
08/05/2005,SMX,CA,AWP,WE,Federal Contract Tower,0,21,13,2,36,0,21,86,0,107,0,42,99,2,143,82,0,82,225
08/06/2005,SMX,CA,AWP,WE,Federal Contract Tower,0,14,13,0,27,0,12,104,0,116,0,26,117,0,143,68,0,68,211
08/07/2005,SMX,CA,AWP,WE,Federal Contract Tower,0,15,17,0,32,0,2,75,0,77,0,17,92,0,109,94,0,94,203
08/08/2005,SMX,CA,AWP,WE,Federal Contract Tower,0,13,19,2,34,0,23,50,3,76,0,36,69,5,110,38,2,40,150
08/09/2005,SMX,CA,AWP,WE,Federal Contract Tower,0,27,18,0,45,0,24,31,0,55,0,51,49,0,100,56,16,72,172
08/10/2005,SMX,CA,AWP,WE,Federal Contract Tower,0,22,12,0,34,0,23,77,0,100,0,45,89,0,134,78,2,80,214
08/11/2005,SMX,CA,AWP,WE,Federal Contract Tower,0,21,14,1,36,0,26,72,1,99,0,47,86,2,135,58,6,64,199
08/12/2005,SMX,CA,AWP,WE,Federal Contract Tower,0,23,22,4,49,0,24,69,0,93,0,47,91,4,142,96,6,102,244
08/13/2005,SMX,CA,AWP,WE,Federal Contract Tower,0,16,34,0,50,0,13,38,0,51,0,29,72,0,101,22,0,22,123
08/14/2005,SMX,CA,AWP,WE,Federal Contract Tower,0,13,15,0,28,0,5,63,0,68,0,18,78,0,96,26,4,30,126
08/15/2005,SMX,CA,AWP,WE,Federal Contract Tower,0,14,19,0,33,0,27,38,4,69,0,41,57,4,102,66,0,66,168
08/16/2005,SMX,CA,AWP,WE,Federal Contract Tower,0,26,19,0,45,0,15,43,0,58,0,41,62,0,103,74,2,76,179
08/17/2005,SMX,CA,AWP,WE,Federal Contract Tower,0,30,16,0,46,0,17,63,0,80,0,47,79,0,126,64,2,66,192
08/18/2005,SMX,CA,AWP,WE,Federal Contract Tower,0,28,23,0,51,0,19,73,0,92,0,47,96,0,143,82,0,82,225
08/19/2005,SMX,CA,AWP,WE,Federal Contract Tower,1,30,27,2,60,0,22,79,0,101,1,52,106,2,161,112,4,116,277
08/20/2005,SMX,CA,AWP,WE,Federal Contract Tower,0,17,20,0,37,0,15,69,0,84,0,32,89,0,121,96,0,96,217
08/21/2005,SMX,CA,AWP,WE,Federal Contract Tower,0,11,18,0,29,0,3,54,0,57,0,14,72,0,86,48,0,48,134
08/22/2005,SMX,CA,AWP,WE,Federal Contract Tower,0,19,17,0,36,0,25,48,4,77,0,44,65,4,113,68,0,68,181
08/23/2005,SMX,CA,AWP,WE,Federal Contract Tower,0,22,20,0,42,0,8,38,0,46,0,30,58,0,88,86,2,88,176
08/24/2005,SMX,CA,AWP,WE,Federal Contract Tower,0,28,30,0,58,0,23,24,0,47,0,51,54,0,105,44,0,44,149
08/25/2005,SMX,CA,AWP,WE,Federal Contract Tower,0,21,16,3,40,0,20,68,1,89,0,41,84,4,129,38,12,50,179
08/26/2005,SMX,CA,AWP,WE,Federal Contract Tower,0,12,12,1,25,0,32,65,8,105,0,44,77,9,130,42,28,70,200
08/27/2005,SMX,CA,AWP,WE,Federal Contract Tower,0,11,7,0,18,0,15,70,6,91,0,26,77,6,109,138,28,166,275
08/28/2005,SMX,CA,AWP,WE,Federal Contract Tower,0,13,12,1,26,0,8,50,14,72,0,21,62,15,98,104,74,178,276
08/29/2005,SMX,CA,AWP,WE,Federal Contract Tower,0,21,15,3,39,0,21,56,7,84,0,42,71,10,123,12,2,14,137
08/30/2005,SMX,CA,AWP,WE,Federal Contract Tower,0,15,10,2,27,0,32,52,21,105,0,47,62,23,132,56,4,60,192
08/31/2005,SMX,CA,AWP,WE,Federal Contract Tower,0,26,21,1,48,0,19,84,11,114,0,45,105,12,162,96,4,100,262
09/01/2005,SMX,CA,AWP,WE,Federal Contract Tower,0,28,15,3,46,0,24,82,4,110,0,52,97,7,156,68,4,72,228
09/02/2005,SMX,CA,AWP,WE,Federal Contract Tower,0,27,17,0,44,0,23,86,0,109,0,50,103,0,153,88,0,88,241
09/03/2005,SMX,CA,AWP,WE,Federal Contract Tower,0,17,6,3,26,0,6,54,3,63,0,23,60,6,89,92,4,96,185
09/04/2005,SMX,CA,AWP,WE,Federal Contract Tower,0,10,13,2,25,0,4,42,0,46,0,14,55,2,71,58,0,58,129
09/05/2005,SMX,CA,AWP,WE,Federal Contract Tower,0,11,9,0,20,0,10,83,0,93,0,21,92,0,113,96,0,96,209
09/06/2005,SMX,CA,AWP,WE,Federal Contract Tower,0,15,8,2,25,0,27,64,0,91,0,42,72,2,116,90,6,96,212
09/07/2005,SMX,CA,AWP,WE,Federal Contract Tower,0,25,23,0,48,0,22,74,0,96,0,47,97,0,144,68,0,68,212
09/08/2005,SMX,CA,AWP,WE,Federal Contract Tower,2,16,37,0,55,0,32,45,0,77,2,48,82,0,132,78,0,78,210
09/09/2005,SMX,CA,AWP,WE,Federal Contract Tower,0,19,26,2,47,0,25,73,0,98,0,44,99,2,145,92,0,92,237
09/10/2005,SMX,CA,AWP,WE,Federal Contract Tower,0,14,18,0,32,0,18,85,0,103,0,32,103,0,135,94,0,94,229
09/11/2005,SMX,CA,AWP,WE,Federal Contract Tower,2,11,16,0,29,0,10,82,0,92,2,21,98,0,121,62,2,64,185
09/12/2005,SMX,CA,AWP,WE,Federal Contract Tower,0,15,12,3,30,0,18,42,2,62,0,33,54,5,92,66,0,66,158
09/13/2005,SMX,CA,AWP,WE,Federal Contract Tower,0,24,19,0,43,0,13,26,0,39,0,37,45,0,82,60,0,60,142
09/14/2005,SMX,CA,AWP,WE,Federal Contract Tower,0,20,21,0,41,0,23,76,0,99,0,43,97,0,140,84,0,84,224
09/15/2005,SMX,CA,AWP,WE,Federal Contract Tower,0,26,21,2,49,0,20,70,0,90,0,46,91,2,139,82,6,88,227
09/16/2005,SMX,CA,AWP,WE,Federal Contract Tower,1,19,12,0,32,0,9,28,0,37,1,28,40,0,69,68,0,68,137
09/17/2005,SMX,CA,AWP,WE,Federal Contract Tower,0,13,10,0,23,0,12,75,0,87,0,25,85,0,110,46,10,56,166
09/18/2005,SMX,CA,AWP,WE,Federal Contract Tower,0,15,16,0,31,0,2,76,0,78,0,17,92,0,109,78,0,78,187
09/19/2005,SMX,CA,AWP,WE,Federal Contract Tower,0,18,5,0,23,0,23,50,0,73,0,41,55,0,96,60,0,60,156
09/20/2005,SMX,CA,AWP,WE,Federal Contract Tower,0,32,27,0,59,0,11,41,0,52,0,43,68,0,111,46,2,48,159
09/21/2005,SMX,CA,AWP,WE,Federal Contract Tower,0,26,23,0,49,0,12,75,0,87,0,38,98,0,136,106,0,106,242
09/22/2005,SMX,CA,AWP,WE,Federal Contract Tower,0,19,16,0,35,0,24,75,0,99,0,43,91,0,134,78,0,78,212
09/23/2005,SMX,CA,AWP,WE,Federal Contract Tower,2,23,22,2,49,0,4,50,0,54,2,27,72,2,103,64,0,64,167
09/24/2005,SMX,CA,AWP,WE,Federal Contract Tower,2,12,7,0,21,0,12,101,0,113,2,24,108,0,134,64,0,64,198
09/25/2005,SMX,CA,AWP,WE,Federal Contract Tower,0,11,15,0,26,0,5,64,0,69,0,16,79,0,95,58,0,58,153
09/26/2005,SMX,CA,AWP,WE,Federal Contract Tower,0,16,7,0,23,0,22,35,0,57,0,38,42,0,80,22,0,22,102
09/27/2005,SMX,CA,AWP,WE,Federal Contract Tower,0,21,20,0,41,0,24,67,0,91,0,45,87,0,132,78,0,78,210
09/28/2005,SMX,CA,AWP,WE,Federal Contract Tower,0,18,14,2,34,0,28,85,0,113,0,46,99,2,147,88,0,88,235
09/29/2005,SMX,CA,AWP,WE,Federal Contract Tower,0,20,8,2,30,0,31,89,0,120,0,51,97,2,150,92,0,92,242
09/30/2005,SMX,CA,AWP,WE,Federal Contract Tower,0,19,13,0,32,0,27,82,0,109,0,46,95,0,141,154,0,154,295
10/01/2005,SMX,CA,AWP,WE,Federal Contract Tower,0,11,8,2,21,0,2,80,0,82,0,13,88,2,103,82,2,84,187
10/02/2005,SMX,CA,AWP,WE,Federal Contract Tower,0,10,15,0,25,0,11,49,0,60,0,21,64,0,85,84,0,84,169
10/03/2005,SMX,CA,AWP,WE,Federal Contract Tower,0,16,9,0,25,0,20,26,0,46,0,36,35,0,71,14,4,18,89
10/04/2005,SMX,CA,AWP,WE,Federal Contract Tower,0,16,6,0,22,0,25,41,0,66,0,41,47,0,88,28,0,28,116
10/05/2005,SMX,CA,AWP,WE,Federal Contract Tower,0,14,20,0,34,0,33,49,0,82,0,47,69,0,116,116,0,116,232
10/06/2005,SMX,CA,AWP,WE,Federal Contract Tower,0,16,18,2,36,0,31,78,0,109,0,47,96,2,145,118,4,122,267
10/07/2005,SMX,CA,AWP,WE,Federal Contract Tower,1,18,14,0,33,0,13,54,4,71,1,31,68,4,104,52,0,52,156
10/08/2005,SMX,CA,AWP,WE,Federal Contract Tower,0,12,5,0,17,0,8,76,0,84,0,20,81,0,101,56,0,56,157
10/09/2005,SMX,CA,AWP,WE,Federal Contract Tower,0,10,6,0,16,0,6,78,0,84,0,16,84,0,100,126,0,126,226
10/10/2005,SMX,CA,AWP,WE,Federal Contract Tower,0,14,13,0,27,0,20,84,0,104,0,34,97,0,131,116,0,116,247
10/11/2005,SMX,CA,AWP,WE,Federal Contract Tower,0,23,30,0,53,0,12,55,0,67,0,35,85,0,120,92,0,92,212
10/12/2005,SMX,CA,AWP,WE,Federal Contract Tower,0,28,16,0,44,0,13,46,0,59,0,41,62,0,103,88,0,88,191
10/13/2005,SMX,CA,AWP,WE,Federal Contract Tower,0,16,15,0,31,0,24,67,0,91,0,40,82,0,122,82,0,82,204
10/14/2005,SMX,CA,AWP,WE,Federal Contract Tower,0,20,12,0,32,0,14,100,1,115,0,34,112,1,147,72,0,72,219
10/15/2005,SMX,CA,AWP,WE,Federal Contract Tower,0,16,18,0,34,0,12,84,0,96,0,28,102,0,130,96,4,100,230
10/16/2005,SMX,CA,AWP,WE,Federal Contract Tower,0,11,13,0,24,0,5,94,0,99,0,16,107,0,123,64,0,64,187
10/17/2005,SMX,CA,AWP,WE,Federal Contract Tower,0,18,14,0,32,0,17,52,0,69,0,35,66,0,101,68,0,68,169
10/18/2005,SMX,CA,AWP,WE,Federal Contract Tower,0,22,18,0,40,0,19,46,0,65,0,41,64,0,105,42,0,42,147
10/19/2005,SMX,CA,AWP,WE,Federal Contract Tower,0,21,24,2,47,0,20,43,0,63,0,41,67,2,110,88,0,88,198
10/20/2005,SMX,CA,AWP,WE,Federal Contract Tower,0,20,29,0,49,0,7,43,0,50,0,27,72,0,99,22,0,22,121
10/21/2005,SMX,CA,AWP,WE,Federal Contract Tower,2,21,30,4,57,0,7,35,0,42,2,28,65,4,99,30,0,30,129
10/22/2005,SMX,CA,AWP,WE,Federal Contract Tower,1,28,41,0,70,0,6,48,0,54,1,34,89,0,124,36,0,36,160
10/23/2005,SMX,CA,AWP,WE,Federal Contract Tower,0,17,53,0,70,0,0,53,0,53,0,17,106,0,123,0,0,0,123
10/24/2005,SMX,CA,AWP,WE,Federal Contract Tower,0,18,21,0,39,0,14,14,0,28,0,32,35,0,67,50,6,56,123
10/25/2005,SMX,CA,AWP,WE,Federal Contract Tower,0,25,16,0,41,0,17,67,0,84,0,42,83,0,125,76,4,80,205
10/26/2005,SMX,CA,AWP,WE,Federal Contract Tower,0,21,23,0,44,0,21,38,0,59,0,42,61,0,103,40,0,40,143
10/27/2005,SMX,CA,AWP,WE,Federal Contract Tower,0,22,16,1,39,0,29,49,0,78,0,51,65,1,117,20,4,24,141
10/28/2005,SMX,CA,AWP,WE,Federal Contract Tower,0,20,17,0,37,0,24,93,0,117,0,44,110,0,154,104,0,104,258
10/29/2005,SMX,CA,AWP,WE,Federal Contract Tower,0,16,16,0,32,0,13,81,0,94,0,29,97,0,126,66,0,66,192
10/30/2005,SMX,CA,AWP,WE,Federal Contract Tower,0,11,12,0,23,0,11,110,0,121,0,22,122,0,144,92,0,92,236
10/31/2005,SMX,CA,AWP,WE,Federal Contract Tower,0,14,11,0,25,0,22,72,0,94,0,36,83,0,119,74,2,76,195
11/01/2005,SMX,CA,AWP,WE,Federal Contract Tower,0,15,13,2,30,0,19,52,0,71,0,34,65,2,101,38,0,38,139
11/02/2005,SMX,CA,AWP,WE,Federal Contract Tower,0,30,27,0,57,0,21,35,0,56,0,51,62,0,113,40,0,40,153
11/03/2005,SMX,CA,AWP,WE,Federal Contract Tower,0,17,16,0,33,0,19,44,0,63,0,36,60,0,96,34,0,34,130
11/04/2005,SMX,CA,AWP,WE,Federal Contract Tower,1,16,9,2,28,0,19,67,2,88,1,35,76,4,116,60,0,60,176
11/05/2005,SMX,CA,AWP,WE,Federal Contract Tower,0,9,15,3,27,0,20,102,3,125,0,29,117,6,152,92,8,100,252
11/06/2005,SMX,CA,AWP,WE,Federal Contract Tower,0,11,5,0,16,0,5,84,0,89,0,16,89,0,105,92,0,92,197
11/07/2005,SMX,CA,AWP,WE,Federal Contract Tower,0,14,21,0,35,0,15,54,0,69,0,29,75,0,104,86,4,90,194
11/08/2005,SMX,CA,AWP,WE,Federal Contract Tower,0,29,26,0,55,0,12,43,0,55,0,41,69,0,110,82,2,84,194
11/09/2005,SMX,CA,AWP,WE,Federal Contract Tower,0,21,19,0,40,0,22,9,0,31,0,43,28,0,71,26,0,26,97
11/10/2005,SMX,CA,AWP,WE,Federal Contract Tower,2,23,22,0,47,0,20,86,0,106,2,43,108,0,153,72,0,72,225
11/11/2005,SMX,CA,AWP,WE,Federal Contract Tower,1,18,7,0,26,0,14,87,0,101,1,32,94,0,127,160,0,160,287
11/12/2005,SMX,CA,AWP,WE,Federal Contract Tower,0,16,17,0,33,0,8,70,0,78,0,24,87,0,111,96,0,96,207
11/13/2005,SMX,CA,AWP,WE,Federal Contract Tower,2,15,11,0,28,0,4,85,0,89,2,19,96,0,117,74,0,74,191
11/14/2005,SMX,CA,AWP,WE,Federal Contract Tower,0,17,11,0,28,0,8,62,0,70,0,25,73,0,98,98,0,98,196
11/15/2005,SMX,CA,AWP,WE,Federal Contract Tower,0,16,15,0,31,0,22,80,0,102,0,38,95,0,133,62,0,62,195
11/16/2005,SMX,CA,AWP,WE,Federal Contract Tower,0,19,22,0,41,0,21,58,0,79,0,40,80,0,120,126,0,126,246
11/17/2005,SMX,CA,AWP,WE,Federal Contract Tower,0,17,15,0,32,0,18,99,0,117,0,35,114,0,149,64,8,72,221
11/18/2005,SMX,CA,AWP,WE,Federal Contract Tower,2,20,10,0,32,0,25,100,4,129,2,45,110,4,161,32,0,32,193
11/19/2005,SMX,CA,AWP,WE,Federal Contract Tower,0,9,11,0,20,0,7,126,0,133,0,16,137,0,153,148,0,148,301
11/20/2005,SMX,CA,AWP,WE,Federal Contract Tower,0,12,7,0,19,0,11,98,0,109,0,23,105,0,128,130,0,130,258
11/21/2005,SMX,CA,AWP,WE,Federal Contract Tower,0,18,14,0,32,0,18,105,1,124,0,36,119,1,156,104,0,104,260
11/22/2005,SMX,CA,AWP,WE,Federal Contract Tower,0,20,14,0,34,0,19,87,0,106,0,39,101,0,140,62,0,62,202
11/23/2005,SMX,CA,AWP,WE,Federal Contract Tower,0,22,20,0,42,0,23,66,0,89,0,45,86,0,131,84,0,84,215
11/24/2005,SMX,CA,AWP,WE,Federal Contract Tower,0,8,7,0,15,0,14,30,0,44,0,22,37,0,59,0,26,26,85
11/25/2005,SMX,CA,AWP,WE,Federal Contract Tower,2,20,17,0,39,0,9,38,0,47,2,29,55,0,86,58,0,58,144
11/26/2005,SMX,CA,AWP,WE,Federal Contract Tower,2,16,12,2,32,0,8,77,0,85,2,24,89,2,117,68,0,68,185
11/27/2005,SMX,CA,AWP,WE,Federal Contract Tower,0,10,14,0,24,0,17,98,0,115,0,27,112,0,139,96,0,96,235
11/28/2005,SMX,CA,AWP,WE,Federal Contract Tower,0,14,8,0,22,0,15,63,0,78,0,29,71,0,100,122,2,124,224
11/29/2005,SMX,CA,AWP,WE,Federal Contract Tower,0,30,29,0,59,0,8,19,8,35,0,38,48,8,94,46,0,46,140
11/30/2005,SMX,CA,AWP,WE,Federal Contract Tower,0,21,20,3,44,0,18,63,0,81,0,39,83,3,125,84,4,88,213
12/01/2005,SMX,CA,AWP,WE,Federal Contract Tower,0,35,18,0,53,0,20,49,0,69,0,55,67,0,122,10,0,10,132
12/02/2005,SMX,CA,AWP,WE,Federal Contract Tower,2,25,13,0,40,0,12,11,0,23,2,37,24,0,63,6,0,6,69
12/03/2005,SMX,CA,AWP,WE,Federal Contract Tower,0,11,12,0,23,0,11,86,0,97,0,22,98,0,120,74,0,74,194
12/04/2005,SMX,CA,AWP,WE,Federal Contract Tower,0,11,4,0,15,0,11,101,0,112,0,22,105,0,127,84,0,84,211
12/05/2005,SMX,CA,AWP,WE,Federal Contract Tower,0,17,15,0,32,0,29,55,0,84,0,46,70,0,116,100,0,100,216
12/06/2005,SMX,CA,AWP,WE,Federal Contract Tower,0,18,9,0,27,0,25,74,0,99,0,43,83,0,126,92,2,94,220
12/07/2005,SMX,CA,AWP,WE,Federal Contract Tower,0,20,15,2,37,0,22,69,0,91,0,42,84,2,128,94,0,94,222
12/08/2005,SMX,CA,AWP,WE,Federal Contract Tower,0,17,27,1,45,0,27,39,1,67,0,44,66,2,112,44,2,46,158
12/09/2005,SMX,CA,AWP,WE,Federal Contract Tower,0,17,22,0,39,0,22,54,0,76,0,39,76,0,115,104,0,104,219
12/10/2005,SMX,CA,AWP,WE,Federal Contract Tower,0,11,13,0,24,0,8,84,0,92,0,19,97,0,116,88,0,88,204
12/11/2005,SMX,CA,AWP,WE,Federal Contract Tower,0,13,12,0,25,0,4,83,0,87,0,17,95,0,112,64,0,64,176
12/12/2005,SMX,CA,AWP,WE,Federal Contract Tower,0,17,19,2,38,0,12,66,0,78,0,29,85,2,116,68,0,68,184
12/13/2005,SMX,CA,AWP,WE,Federal Contract Tower,0,16,11,0,27,0,23,49,0,72,0,39,60,0,99,48,0,48,147
12/14/2005,SMX,CA,AWP,WE,Federal Contract Tower,0,22,15,0,37,0,19,54,0,73,0,41,69,0,110,102,4,106,216
12/15/2005,SMX,CA,AWP,WE,Federal Contract Tower,0,38,25,3,66,0,13,24,1,38,0,51,49,4,104,34,0,34,138
12/16/2005,SMX,CA,AWP,WE,Federal Contract Tower,0,18,16,0,34,0,29,59,0,88,0,47,75,0,122,142,0,142,264
12/17/2005,SMX,CA,AWP,WE,Federal Contract Tower,0,16,14,0,30,0,8,65,0,73,0,24,79,0,103,92,0,92,195
12/18/2005,SMX,CA,AWP,WE,Federal Contract Tower,0,11,4,0,15,0,7,60,0,67,0,18,64,0,82,84,0,84,166
12/19/2005,SMX,CA,AWP,WE,Federal Contract Tower,0,17,16,0,33,0,17,41,0,58,0,34,57,0,91,52,4,56,147
12/20/2005,SMX,CA,AWP,WE,Federal Contract Tower,0,19,12,0,31,0,27,71,0,98,0,46,83,0,129,66,2,68,197
12/21/2005,SMX,CA,AWP,WE,Federal Contract Tower,0,29,15,0,44,0,20,43,0,63,0,49,58,0,107,82,2,84,191
12/22/2005,SMX,CA,AWP,WE,Federal Contract Tower,0,29,21,0,50,0,0,4,0,4,0,29,25,0,54,0,0,0,54
12/23/2005,SMX,CA,AWP,WE,Federal Contract Tower,0,20,18,0,38,0,27,44,0,71,0,47,62,0,109,60,0,60,169
12/24/2005,SMX,CA,AWP,WE,Federal Contract Tower,0,13,5,0,18,0,8,66,0,74,0,21,71,0,92,68,0,68,160
12/25/2005,SMX,CA,AWP,WE,Federal Contract Tower,0,7,9,0,16,0,8,3,0,11,0,15,12,0,27,28,0,28,55
12/26/2005,SMX,CA,AWP,WE,Federal Contract Tower,0,11,9,0,20,0,8,32,0,40,0,19,41,0,60,54,0,54,114
12/27/2005,SMX,CA,AWP,WE,Federal Contract Tower,0,20,4,2,26,0,17,51,0,68,0,37,55,2,94,52,2,54,148
12/28/2005,SMX,CA,AWP,WE,Federal Contract Tower,0,35,11,0,46,0,12,25,0,37,0,47,36,0,83,4,0,4,87
12/29/2005,SMX,CA,AWP,WE,Federal Contract Tower,0,16,14,0,30,0,27,51,0,78,0,43,65,0,108,112,0,112,220
12/30/2005,SMX,CA,AWP,WE,Federal Contract Tower,0,19,10,0,29,0,18,79,0,97,0,37,89,0,126,76,0,76,202
12/31/2005,SMX,CA,AWP,WE,Federal Contract Tower,0,19,8,0,27,0,10,18,0,28,0,29,26,0,55,12,0,12,67
01/01/2006,SMX,CA,AWP,WE,Federal Contract Tower,0,9,2,0,11,0,1,1,0,2,0,10,3,0,13,0,0,0,13
01/02/2006,SMX,CA,AWP,WE,Federal Contract Tower,0,7,6,0,13,0,6,0,2,8,0,13,6,2,21,4,0,4,25
01/03/2006,SMX,CA,AWP,WE,Federal Contract Tower,0,14,18,0,32,0,30,60,0,90,0,44,78,0,122,84,0,84,206
01/04/2006,SMX,CA,AWP,WE,Federal Contract Tower,0,17,15,0,32,0,22,70,0,92,0,39,85,0,124,98,0,98,222
01/05/2006,SMX,CA,AWP,WE,Federal Contract Tower,0,17,15,3,35,0,26,109,5,140,0,43,124,8,175,76,0,76,251
01/06/2006,SMX,CA,AWP,WE,Federal Contract Tower,0,15,13,0,28,0,28,91,1,120,0,43,104,1,148,62,0,62,210
01/07/2006,SMX,CA,AWP,WE,Federal Contract Tower,0,14,15,0,29,0,11,76,0,87,0,25,91,0,116,66,0,66,182
01/08/2006,SMX,CA,AWP,WE,Federal Contract Tower,0,11,16,2,29,0,8,82,0,90,0,19,98,2,119,62,0,62,181
01/09/2006,SMX,CA,AWP,WE,Federal Contract Tower,0,13,16,0,29,0,20,64,5,89,0,33,80,5,118,110,0,110,228
01/10/2006,SMX,CA,AWP,WE,Federal Contract Tower,0,14,15,0,29,0,28,88,1,117,0,42,103,1,146,118,0,118,264
01/11/2006,SMX,CA,AWP,WE,Federal Contract Tower,2,19,19,0,40,0,6,25,0,31,2,25,44,0,71,86,4,90,161
01/12/2006,SMX,CA,AWP,WE,Federal Contract Tower,0,13,10,0,23,0,22,82,1,105,0,35,92,1,128,48,0,48,176
01/13/2006,SMX,CA,AWP,WE,Federal Contract Tower,0,14,14,0,28,0,31,64,0,95,0,45,78,0,123,62,0,62,185
01/14/2006,SMX,CA,AWP,WE,Federal Contract Tower,2,13,9,0,24,0,13,58,0,71,2,26,67,0,95,44,0,44,139
01/15/2006,SMX,CA,AWP,WE,Federal Contract Tower,0,7,5,2,14,0,3,43,0,46,0,10,48,2,60,72,0,72,132
01/16/2006,SMX,CA,AWP,WE,Federal Contract Tower,0,13,17,0,30,0,17,66,0,83,0,30,83,0,113,64,0,64,177
01/17/2006,SMX,CA,AWP,WE,Federal Contract Tower,0,21,21,0,42,0,28,69,0,97,0,49,90,0,139,102,0,102,241
01/18/2006,SMX,CA,AWP,WE,Federal Contract Tower,0,26,21,3,50,0,12,20,1,33,0,38,41,4,83,30,2,32,115
01/19/2006,SMX,CA,AWP,WE,Federal Contract Tower,0,15,25,0,40,0,32,77,2,111,0,47,102,2,151,62,0,62,213
01/20/2006,SMX,CA,AWP,WE,Federal Contract Tower,0,19,21,4,44,0,25,101,4,130,0,44,122,8,174,112,0,112,286
01/21/2006,SMX,CA,AWP,WE,Federal Contract Tower,0,12,8,0,20,0,16,101,0,117,0,28,109,0,137,138,0,138,275
01/22/2006,SMX,CA,AWP,WE,Federal Contract Tower,0,9,8,0,17,0,6,78,0,84,0,15,86,0,101,78,0,78,179
01/23/2006,SMX,CA,AWP,WE,Federal Contract Tower,0,11,18,0,29,0,37,59,0,96,0,48,77,0,125,96,0,96,221
01/24/2006,SMX,CA,AWP,WE,Federal Contract Tower,0,19,13,0,32,0,31,84,0,115,0,50,97,0,147,56,4,60,207
01/25/2006,SMX,CA,AWP,WE,Federal Contract Tower,0,21,19,0,40,0,17,44,2,63,0,38,63,2,103,96,2,98,201
01/26/2006,SMX,CA,AWP,WE,Federal Contract Tower,0,20,20,0,40,0,16,19,0,35,0,36,39,0,75,20,0,20,95
01/27/2006,SMX,CA,AWP,WE,Federal Contract Tower,1,14,12,0,27,0,24,85,0,109,1,38,97,0,136,106,0,106,242
01/28/2006,SMX,CA,AWP,WE,Federal Contract Tower,0,9,8,0,17,0,19,77,0,96,0,28,85,0,113,76,0,76,189
01/29/2006,SMX,CA,AWP,WE,Federal Contract Tower,1,13,15,0,29,0,8,66,0,74,1,21,81,0,103,72,0,72,175
01/30/2006,SMX,CA,AWP,WE,Federal Contract Tower,0,25,19,0,44,0,8,35,0,43,0,33,54,0,87,42,4,46,133
01/31/2006,SMX,CA,AWP,WE,Federal Contract Tower,0,14,15,3,32,0,22,57,1,80,0,36,72,4,112,94,0,94,206
02/01/2006,SMX,CA,AWP,WE,Federal Contract Tower,0,21,19,7,47,0,20,70,2,92,0,41,89,9,139,86,8,94,233
02/02/2006,SMX,CA,AWP,WE,Federal Contract Tower,0,22,14,0,36,0,6,54,0,60,0,28,68,0,96,44,0,44,140
02/03/2006,SMX,CA,AWP,WE,Federal Contract Tower,1,18,14,3,36,0,25,78,1,104,1,43,92,4,140,72,4,76,216
02/04/2006,SMX,CA,AWP,WE,Federal Contract Tower,0,12,16,0,28,0,17,71,0,88,0,29,87,0,116,68,0,68,184
02/05/2006,SMX,CA,AWP,WE,Federal Contract Tower,0,12,8,0,20,0,7,53,0,60,0,19,61,0,80,54,0,54,134
02/06/2006,SMX,CA,AWP,WE,Federal Contract Tower,0,12,16,1,29,0,18,63,0,81,0,30,79,1,110,82,2,84,194
02/07/2006,SMX,CA,AWP,WE,Federal Contract Tower,0,19,16,2,37,0,27,69,0,96,0,46,85,2,133,178,4,182,315
02/08/2006,SMX,CA,AWP,WE,Federal Contract Tower,0,18,9,0,27,0,23,61,0,84,0,41,70,0,111,74,4,78,189
02/09/2006,SMX,CA,AWP,WE,Federal Contract Tower,0,17,13,0,30,2,31,59,0,92,2,48,72,0,122,74,0,74,196
02/10/2006,SMX,CA,AWP,WE,Federal Contract Tower,1,24,16,0,41,0,17,68,0,85,1,41,84,0,126,74,0,74,200
02/11/2006,SMX,CA,AWP,WE,Federal Contract Tower,0,12,10,0,22,0,11,81,0,92,0,23,91,0,114,88,0,88,202
02/12/2006,SMX,CA,AWP,WE,Federal Contract Tower,1,10,10,0,21,0,8,81,0,89,1,18,91,0,110,104,0,104,214
02/13/2006,SMX,CA,AWP,WE,Federal Contract Tower,0,11,6,0,17,0,19,41,0,60,0,30,47,0,77,32,0,32,109
02/14/2006,SMX,CA,AWP,WE,Federal Contract Tower,0,29,17,0,46,0,16,64,0,80,0,45,81,0,126,62,0,62,188
02/15/2006,SMX,CA,AWP,WE,Federal Contract Tower,0,18,10,0,28,0,23,42,0,65,0,41,52,0,93,42,0,42,135
02/16/2006,SMX,CA,AWP,WE,Federal Contract Tower,0,16,10,0,26,0,40,65,0,105,0,56,75,0,131,78,0,78,209
02/17/2006,SMX,CA,AWP,WE,Federal Contract Tower,0,22,12,0,34,0,12,25,1,38,0,34,37,1,72,2,0,2,74
02/18/2006,SMX,CA,AWP,WE,Federal Contract Tower,0,11,8,0,19,0,3,43,0,46,0,14,51,0,65,24,0,24,89
02/19/2006,SMX,CA,AWP,WE,Federal Contract Tower,2,7,7,0,16,0,5,29,0,34,2,12,36,0,50,32,0,32,82
02/20/2006,SMX,CA,AWP,WE,Federal Contract Tower,0,13,4,0,17,0,9,47,0,56,0,22,51,0,73,88,0,88,161
02/21/2006,SMX,CA,AWP,WE,Federal Contract Tower,0,17,7,0,24,0,26,52,0,78,0,43,59,0,102,60,4,64,166
02/22/2006,SMX,CA,AWP,WE,Federal Contract Tower,0,17,14,0,31,0,29,69,1,99,0,46,83,1,130,64,2,66,196
02/23/2006,SMX,CA,AWP,WE,Federal Contract Tower,0,19,18,2,39,0,32,63,0,95,0,51,81,2,134,92,0,92,226
02/24/2006,SMX,CA,AWP,WE,Federal Contract Tower,1,14,15,1,31,0,26,97,5,128,1,40,112,6,159,126,0,126,285
02/25/2006,SMX,CA,AWP,WE,Federal Contract Tower,0,12,16,1,29,0,14,89,0,103,0,26,105,1,132,112,2,114,246
02/26/2006,SMX,CA,AWP,WE,Federal Contract Tower,1,9,14,1,25,0,3,36,0,39,1,12,50,1,64,68,2,70,134
02/27/2006,SMX,CA,AWP,WE,Federal Contract Tower,0,14,9,0,23,0,14,0,2,16,0,28,9,2,39,4,0,4,43
02/28/2006,SMX,CA,AWP,WE,Federal Contract Tower,0,19,10,0,29,0,24,45,11,80,0,43,55,11,109,82,2,84,193
03/01/2006,SMX,CA,AWP,WE,Federal Contract Tower,0,23,7,0,30,0,25,60,0,85,0,48,67,0,115,66,0,66,181
03/02/2006,SMX,CA,AWP,WE,Federal Contract Tower,0,24,21,0,45,0,18,27,1,46,0,42,48,1,91,54,0,54,145
03/03/2006,SMX,CA,AWP,WE,Federal Contract Tower,0,23,13,2,38,0,17,19,0,36,0,40,32,2,74,12,10,22,96
03/04/2006,SMX,CA,AWP,WE,Federal Contract Tower,0,10,8,0,18,0,14,90,0,104,0,24,98,0,122,94,0,94,216
03/05/2006,SMX,CA,AWP,WE,Federal Contract Tower,1,11,11,2,25,0,1,35,0,36,1,12,46,2,61,58,0,58,119
03/06/2006,SMX,CA,AWP,WE,Federal Contract Tower,0,19,19,2,40,0,13,16,2,31,0,32,35,4,71,32,12,44,115
03/07/2006,SMX,CA,AWP,WE,Federal Contract Tower,0,26,18,0,44,0,15,18,4,37,0,41,36,4,81,48,2,50,131
03/08/2006,SMX,CA,AWP,WE,Federal Contract Tower,0,19,16,0,35,0,31,55,0,86,0,50,71,0,121,102,2,104,225
03/09/2006,SMX,CA,AWP,WE,Federal Contract Tower,0,16,25,2,43,0,30,37,0,67,0,46,62,2,110,24,4,28,138
03/10/2006,SMX,CA,AWP,WE,Federal Contract Tower,0,19,12,0,31,0,17,28,0,45,0,36,40,0,76,0,0,0,76
03/11/2006,SMX,CA,AWP,WE,Federal Contract Tower,0,14,4,0,18,0,0,12,0,12,0,14,16,0,30,32,0,32,62
03/12/2006,SMX,CA,AWP,WE,Federal Contract Tower,1,8,15,0,24,0,7,14,0,21,1,15,29,0,45,18,0,18,63
03/13/2006,SMX,CA,AWP,WE,Federal Contract Tower,0,14,12,1,27,0,20,64,0,84,0,34,76,1,111,84,4,88,199
03/14/2006,SMX,CA,AWP,WE,Federal Contract Tower,0,20,16,0,36,0,28,38,2,68,0,48,54,2,104,86,0,86,190
03/15/2006,SMX,CA,AWP,WE,Federal Contract Tower,0,18,12,1,31,0,24,64,1,89,0,42,76,2,120,48,2,50,170
03/16/2006,SMX,CA,AWP,WE,Federal Contract Tower,0,13,11,0,24,0,26,53,3,82,0,39,64,3,106,84,0,84,190
03/17/2006,SMX,CA,AWP,WE,Federal Contract Tower,0,21,22,0,43,0,21,30,2,53,0,42,52,2,96,16,10,26,122
03/18/2006,SMX,CA,AWP,WE,Federal Contract Tower,0,12,8,0,20,0,6,46,0,52,0,18,54,0,72,46,0,46,118
03/19/2006,SMX,CA,AWP,WE,Federal Contract Tower,0,11,14,0,25,0,13,65,0,78,0,24,79,0,103,106,0,106,209
03/20/2006,SMX,CA,AWP,WE,Federal Contract Tower,1,18,15,2,36,0,12,21,3,36,1,30,36,5,72,46,10,56,128
03/21/2006,SMX,CA,AWP,WE,Federal Contract Tower,0,15,9,2,26,0,17,36,4,57,0,32,45,6,83,30,0,30,113
03/22/2006,SMX,CA,AWP,WE,Federal Contract Tower,0,19,10,0,29,0,27,63,0,90,0,46,73,0,119,88,0,88,207
03/23/2006,SMX,CA,AWP,WE,Federal Contract Tower,0,17,9,0,26,0,33,89,2,124,0,50,98,2,150,102,0,102,252
03/24/2006,SMX,CA,AWP,WE,Federal Contract Tower,0,17,15,6,38,0,23,91,6,120,0,40,106,12,158,80,0,80,238
03/25/2006,SMX,CA,AWP,WE,Federal Contract Tower,0,13,8,0,21,0,3,16,0,19,0,16,24,0,40,4,0,4,44
03/26/2006,SMX,CA,AWP,WE,Federal Contract Tower,1,10,7,2,20,0,11,86,0,97,1,21,93,2,117,76,0,76,193
03/27/2006,SMX,CA,AWP,WE,Federal Contract Tower,0,18,14,1,33,0,15,43,1,59,0,33,57,2,92,26,0,26,118
03/28/2006,SMX,CA,AWP,WE,Federal Contract Tower,0,26,12,0,38,0,17,1,0,18,0,43,13,0,56,8,0,8,64
03/29/2006,SMX,CA,AWP,WE,Federal Contract Tower,0,24,9,0,33,0,21,23,0,44,0,45,32,0,77,66,0,66,143
03/30/2006,SMX,CA,AWP,WE,Federal Contract Tower,0,23,22,0,45,0,21,67,0,88,0,44,89,0,133,76,2,78,211
03/31/2006,SMX,CA,AWP,WE,Federal Contract Tower,1,20,13,0,34,0,21,35,0,56,1,41,48,0,90,40,0,40,130
04/01/2006,SMX,CA,AWP,WE,Federal Contract Tower,0,14,8,0,22,0,8,70,0,78,0,22,78,0,100,62,0,62,162
04/02/2006,SMX,CA,AWP,WE,Federal Contract Tower,1,9,9,0,19,0,7,83,0,90,1,16,92,0,109,88,0,88,197
04/03/2006,SMX,CA,AWP,WE,Federal Contract Tower,0,26,13,0,39,0,4,9,0,13,0,30,22,0,52,0,0,0,52
04/04/2006,SMX,CA,AWP,WE,Federal Contract Tower,0,21,15,0,36,0,21,13,0,34,0,42,28,0,70,8,0,8,78
04/05/2006,SMX,CA,AWP,WE,Federal Contract Tower,0,28,16,0,44,0,22,12,0,34,0,50,28,0,78,6,0,6,84
04/06/2006,SMX,CA,AWP,WE,Federal Contract Tower,0,21,16,0,37,0,36,53,0,89,0,57,69,0,126,72,0,72,198
04/07/2006,SMX,CA,AWP,WE,Federal Contract Tower,0,18,17,0,35,0,26,54,4,84,0,44,71,4,119,32,0,32,151
04/08/2006,SMX,CA,AWP,WE,Federal Contract Tower,0,16,19,0,35,0,7,68,0,75,0,23,87,0,110,68,0,68,178
04/09/2006,SMX,CA,AWP,WE,Federal Contract Tower,1,9,17,0,27,0,4,48,2,54,1,13,65,2,81,78,0,78,159
04/10/2006,SMX,CA,AWP,WE,Federal Contract Tower,0,16,11,0,27,0,18,30,0,48,0,34,41,0,75,54,0,54,129
04/11/2006,SMX,CA,AWP,WE,Federal Contract Tower,0,20,20,0,40,0,22,18,0,40,0,42,38,0,80,42,0,42,122
04/12/2006,SMX,CA,AWP,WE,Federal Contract Tower,0,26,11,0,37,0,24,47,0,71,0,50,58,0,108,64,6,70,178
04/13/2006,SMX,CA,AWP,WE,Federal Contract Tower,0,16,11,0,27,0,32,77,0,109,0,48,88,0,136,110,0,110,246
04/14/2006,SMX,CA,AWP,WE,Federal Contract Tower,0,24,15,0,39,0,11,13,0,24,0,35,28,0,63,6,0,6,69
04/15/2006,SMX,CA,AWP,WE,Federal Contract Tower,0,10,16,0,26,0,14,71,0,85,0,24,87,0,111,76,0,76,187
04/16/2006,SMX,CA,AWP,WE,Federal Contract Tower,1,9,11,0,21,0,7,14,0,21,1,16,25,0,42,6,0,6,48
04/17/2006,SMX,CA,AWP,WE,Federal Contract Tower,0,13,13,0,26,0,28,64,0,92,0,41,77,0,118,36,0,36,154
04/18/2006,SMX,CA,AWP,WE,Federal Contract Tower,0,13,8,0,21,0,27,57,0,84,0,40,65,0,105,64,0,64,169
04/19/2006,SMX,CA,AWP,WE,Federal Contract Tower,0,19,15,0,34,0,26,68,0,94,0,45,83,0,128,110,0,110,238
04/20/2006,SMX,CA,AWP,WE,Federal Contract Tower,0,15,12,0,27,0,33,63,0,96,0,48,75,0,123,92,0,92,215
04/21/2006,SMX,CA,AWP,WE,Federal Contract Tower,1,24,17,0,42,0,24,26,0,50,1,48,43,0,92,98,0,98,190
04/22/2006,SMX,CA,AWP,WE,Federal Contract Tower,0,10,19,0,29,0,10,28,0,38,0,20,47,0,67,38,0,38,105
04/23/2006,SMX,CA,AWP,WE,Federal Contract Tower,1,8,17,2,28,0,12,55,0,67,1,20,72,2,95,96,0,96,191
04/24/2006,SMX,CA,AWP,WE,Federal Contract Tower,0,13,26,0,39,0,21,52,0,73,0,34,78,0,112,38,0,38,150
04/25/2006,SMX,CA,AWP,WE,Federal Contract Tower,0,23,39,0,62,0,12,1,0,13,0,35,40,0,75,74,0,74,149
04/26/2006,SMX,CA,AWP,WE,Federal Contract Tower,0,25,18,0,43,0,12,3,0,15,0,37,21,0,58,6,0,6,64
04/27/2006,SMX,CA,AWP,WE,Federal Contract Tower,0,34,37,0,71,0,12,29,2,43,0,46,66,2,114,24,0,24,138
04/28/2006,SMX,CA,AWP,WE,Federal Contract Tower,1,23,55,1,80,0,21,25,1,47,1,44,80,2,127,36,2,38,165
04/29/2006,SMX,CA,AWP,WE,Federal Contract Tower,0,12,34,0,46,0,5,22,0,27,0,17,56,0,73,42,0,42,115
04/30/2006,SMX,CA,AWP,WE,Federal Contract Tower,0,8,45,0,53,0,6,19,0,25,0,14,64,0,78,10,0,10,88
05/01/2006,SMX,CA,AWP,WE,Federal Contract Tower,2,19,23,0,44,0,13,45,0,58,2,32,68,0,102,46,2,48,150
05/02/2006,SMX,CA,AWP,WE,Federal Contract Tower,0,31,30,0,61,0,12,0,0,12,0,43,30,0,73,8,2,10,83
05/03/2006,SMX,CA,AWP,WE,Federal Contract Tower,0,35,39,0,74,0,9,8,0,17,0,44,47,0,91,48,0,48,139
05/04/2006,SMX,CA,AWP,WE,Federal Contract Tower,0,26,28,0,54,0,24,34,0,58,0,50,62,0,112,54,2,56,168
05/05/2006,SMX,CA,AWP,WE,Federal Contract Tower,0,16,31,0,47,0,26,82,0,108,0,42,113,0,155,72,0,72,227
05/06/2006,SMX,CA,AWP,WE,Federal Contract Tower,1,14,33,2,50,0,8,36,0,44,1,22,69,2,94,82,0,82,176
05/07/2006,SMX,CA,AWP,WE,Federal Contract Tower,1,9,28,0,38,0,8,129,0,137,1,17,157,0,175,56,0,56,231
05/08/2006,SMX,CA,AWP,WE,Federal Contract Tower,0,16,14,2,32,0,18,35,4,57,0,34,49,6,89,38,2,40,129
05/09/2006,SMX,CA,AWP,WE,Federal Contract Tower,0,28,18,0,46,0,13,36,0,49,0,41,54,0,95,44,0,44,139
05/10/2006,SMX,CA,AWP,WE,Federal Contract Tower,0,15,19,2,36,0,25,61,0,86,0,40,80,2,122,116,0,116,238
05/11/2006,SMX,CA,AWP,WE,Federal Contract Tower,0,29,23,2,54,0,23,49,0,72,0,52,72,2,126,48,0,48,174
05/12/2006,SMX,CA,AWP,WE,Federal Contract Tower,1,28,13,0,42,0,13,72,2,87,1,41,85,2,129,64,34,98,227
05/13/2006,SMX,CA,AWP,WE,Federal Contract Tower,0,13,14,0,27,0,11,75,4,90,0,24,89,4,117,92,14,106,223
05/14/2006,SMX,CA,AWP,WE,Federal Contract Tower,0,8,23,0,31,0,11,55,1,67,0,19,78,1,98,106,0,106,204
05/15/2006,SMX,CA,AWP,WE,Federal Contract Tower,0,25,25,0,50,0,19,16,4,39,0,44,41,4,89,102,4,106,195
05/16/2006,SMX,CA,AWP,WE,Federal Contract Tower,0,20,20,1,41,0,19,25,0,44,0,39,45,1,85,44,0,44,129
05/17/2006,SMX,CA,AWP,WE,Federal Contract Tower,0,22,21,2,45,0,15,36,2,53,0,37,57,4,98,96,6,102,200
05/18/2006,SMX,CA,AWP,WE,Federal Contract Tower,0,33,20,2,55,0,14,58,4,76,0,47,78,6,131,66,4,70,201
05/19/2006,SMX,CA,AWP,WE,Federal Contract Tower,0,28,41,2,71,0,18,54,0,72,0,46,95,2,143,84,8,92,235
05/20/2006,SMX,CA,AWP,WE,Federal Contract Tower,0,10,33,0,43,0,19,91,0,110,0,29,124,0,153,164,0,164,317
05/21/2006,SMX,CA,AWP,WE,Federal Contract Tower,0,7,12,1,20,0,7,16,0,23,0,14,28,1,43,52,2,54,97
05/22/2006,SMX,CA,AWP,WE,Federal Contract Tower,0,13,27,0,40,0,14,14,0,28,0,27,41,0,68,22,0,22,90
05/23/2006,SMX,CA,AWP,WE,Federal Contract Tower,0,15,7,0,22,0,24,91,2,117,0,39,98,2,139,72,0,72,211
05/24/2006,SMX,CA,AWP,WE,Federal Contract Tower,0,16,17,0,33,0,27,66,0,93,0,43,83,0,126,38,0,38,164
05/25/2006,SMX,CA,AWP,WE,Federal Contract Tower,1,22,9,0,32,0,26,73,0,99,1,48,82,0,131,16,0,16,147
05/26/2006,SMX,CA,AWP,WE,Federal Contract Tower,1,16,13,0,30,0,21,65,0,86,1,37,78,0,116,28,0,28,144
05/27/2006,SMX,CA,AWP,WE,Federal Contract Tower,0,14,2,0,16,0,2,69,0,71,0,16,71,0,87,86,0,86,173
05/28/2006,SMX,CA,AWP,WE,Federal Contract Tower,0,10,8,0,18,0,11,49,2,62,0,21,57,2,80,86,0,86,166
05/29/2006,SMX,CA,AWP,WE,Federal Contract Tower,1,9,14,0,24,0,11,89,2,102,1,20,103,2,126,86,0,86,212
05/30/2006,SMX,CA,AWP,WE,Federal Contract Tower,0,14,3,0,17,0,16,45,2,63,0,30,48,2,80,60,2,62,142
05/31/2006,SMX,CA,AWP,WE,Federal Contract Tower,1,22,15,5,43,0,20,37,0,57,1,42,52,5,100,104,0,104,204
06/01/2006,SMX,CA,AWP,WE,Federal Contract Tower,0,17,23,0,40,0,17,51,0,68,0,34,74,0,108,34,0,34,142
06/02/2006,SMX,CA,AWP,WE,Federal Contract Tower,1,14,14,3,32,0,26,78,1,105,1,40,92,4,137,48,6,54,191
06/03/2006,SMX,CA,AWP,WE,Federal Contract Tower,0,8,2,0,10,0,14,65,3,82,0,22,67,3,92,74,48,122,214
06/04/2006,SMX,CA,AWP,WE,Federal Contract Tower,1,8,6,4,19,0,11,75,6,92,1,19,81,10,111,28,12,40,151
06/05/2006,SMX,CA,AWP,WE,Federal Contract Tower,0,19,17,2,38,0,11,30,0,41,0,30,47,2,79,26,8,34,113
06/06/2006,SMX,CA,AWP,WE,Federal Contract Tower,0,24,19,0,43,0,19,64,1,84,0,43,83,1,127,40,0,40,167
06/07/2006,SMX,CA,AWP,WE,Federal Contract Tower,1,21,18,0,40,0,17,45,0,62,1,38,63,0,102,42,0,42,144
06/08/2006,SMX,CA,AWP,WE,Federal Contract Tower,0,21,18,2,41,0,21,53,2,76,0,42,71,4,117,34,2,36,153
06/09/2006,SMX,CA,AWP,WE,Federal Contract Tower,1,26,22,0,49,0,8,43,0,51,1,34,65,0,100,52,0,52,152
06/10/2006,SMX,CA,AWP,WE,Federal Contract Tower,0,10,23,0,33,0,8,64,0,72,0,18,87,0,105,68,0,68,173
06/11/2006,SMX,CA,AWP,WE,Federal Contract Tower,1,8,18,0,27,0,6,22,0,28,1,14,40,0,55,46,0,46,101
06/12/2006,SMX,CA,AWP,WE,Federal Contract Tower,0,17,12,0,29,0,16,40,0,56,0,33,52,0,85,42,0,42,127
06/13/2006,SMX,CA,AWP,WE,Federal Contract Tower,0,19,12,0,31,0,24,78,0,102,0,43,90,0,133,86,2,88,221
06/14/2006,SMX,CA,AWP,WE,Federal Contract Tower,1,19,13,0,33,0,23,64,0,87,1,42,77,0,120,28,0,28,148
06/15/2006,SMX,CA,AWP,WE,Federal Contract Tower,0,18,12,2,32,0,24,62,2,88,0,42,74,4,120,46,0,46,166
06/16/2006,SMX,CA,AWP,WE,Federal Contract Tower,1,15,14,2,32,0,35,91,6,132,1,50,105,8,164,76,0,76,240
06/17/2006,SMX,CA,AWP,WE,Federal Contract Tower,0,11,5,0,16,0,14,108,0,122,0,25,113,0,138,106,0,106,244
06/18/2006,SMX,CA,AWP,WE,Federal Contract Tower,1,7,12,1,21,0,8,69,1,78,1,15,81,2,99,64,0,64,163
06/19/2006,SMX,CA,AWP,WE,Federal Contract Tower,0,19,17,0,36,0,14,45,0,59,0,33,62,0,95,42,0,42,137
06/20/2006,SMX,CA,AWP,WE,Federal Contract Tower,0,32,17,0,49,0,11,53,0,64,0,43,70,0,113,48,0,48,161
06/21/2006,SMX,CA,AWP,WE,Federal Contract Tower,1,20,21,2,44,0,18,60,0,78,1,38,81,2,122,46,6,52,174
06/22/2006,SMX,CA,AWP,WE,Federal Contract Tower,0,22,27,0,49,0,22,65,2,89,0,44,92,2,138,46,2,48,186
06/23/2006,SMX,CA,AWP,WE,Federal Contract Tower,2,23,30,0,55,0,17,84,0,101,2,40,114,0,156,116,0,116,272
06/24/2006,SMX,CA,AWP,WE,Federal Contract Tower,0,13,27,0,40,0,12,94,0,106,0,25,121,0,146,108,0,108,254
06/25/2006,SMX,CA,AWP,WE,Federal Contract Tower,1,8,29,0,38,0,2,84,0,86,1,10,113,0,124,74,0,74,198
06/26/2006,SMX,CA,AWP,WE,Federal Contract Tower,2,18,15,0,35,0,7,40,0,47,2,25,55,0,82,68,0,68,150
06/27/2006,SMX,CA,AWP,WE,Federal Contract Tower,0,23,22,0,45,0,5,44,0,49,0,28,66,0,94,40,2,42,136
06/28/2006,SMX,CA,AWP,WE,Federal Contract Tower,1,26,19,0,46,0,10,56,0,66,1,36,75,0,112,68,0,68,180
06/29/2006,SMX,CA,AWP,WE,Federal Contract Tower,0,26,24,0,50,0,28,52,2,82,0,54,76,2,132,48,28,76,208
06/30/2006,SMX,CA,AWP,WE,Federal Contract Tower,1,17,14,0,32,0,19,67,0,86,1,36,81,0,118,92,0,92,210
07/01/2006,SMX,CA,AWP,WE,Federal Contract Tower,0,10,15,0,25,0,15,83,0,98,0,25,98,0,123,86,0,86,209
07/02/2006,SMX,CA,AWP,WE,Federal Contract Tower,1,7,12,0,20,0,5,80,0,85,1,12,92,0,105,86,0,86,191
07/03/2006,SMX,CA,AWP,WE,Federal Contract Tower,0,15,12,0,27,0,12,59,0,71,0,27,71,0,98,86,0,86,184
07/04/2006,SMX,CA,AWP,WE,Federal Contract Tower,0,12,11,0,23,0,9,41,0,50,0,21,52,0,73,22,0,22,95
07/05/2006,SMX,CA,AWP,WE,Federal Contract Tower,0,23,29,0,52,0,19,75,2,96,0,42,104,2,148,44,0,44,192
07/06/2006,SMX,CA,AWP,WE,Federal Contract Tower,0,23,29,4,56,0,18,83,0,101,0,41,112,4,157,48,4,52,209
07/07/2006,SMX,CA,AWP,WE,Federal Contract Tower,1,16,10,2,29,0,16,79,0,95,1,32,89,2,124,124,6,130,254
07/08/2006,SMX,CA,AWP,WE,Federal Contract Tower,0,9,3,0,12,0,7,100,0,107,0,16,103,0,119,96,0,96,215
07/09/2006,SMX,CA,AWP,WE,Federal Contract Tower,1,8,15,0,24,0,5,86,0,91,1,13,101,0,115,68,0,68,183
07/10/2006,SMX,CA,AWP,WE,Federal Contract Tower,0,20,10,1,31,0,12,71,3,86,0,32,81,4,117,88,0,88,205
07/11/2006,SMX,CA,AWP,WE,Federal Contract Tower,0,22,14,2,38,0,14,49,0,63,0,36,63,2,101,66,2,68,169
07/12/2006,SMX,CA,AWP,WE,Federal Contract Tower,1,23,15,4,43,0,15,60,0,75,1,38,75,4,118,66,2,68,186
07/13/2006,SMX,CA,AWP,WE,Federal Contract Tower,0,17,11,0,28,0,11,56,1,68,0,28,67,1,96,78,0,78,174
07/14/2006,SMX,CA,AWP,WE,Federal Contract Tower,1,23,26,0,50,0,15,66,0,81,1,38,92,0,131,94,24,118,249
07/15/2006,SMX,CA,AWP,WE,Federal Contract Tower,0,11,12,0,23,0,14,91,0,105,0,25,103,0,128,96,0,96,224
07/16/2006,SMX,CA,AWP,WE,Federal Contract Tower,1,9,10,0,20,0,2,79,0,81,1,11,89,0,101,54,0,54,155
07/17/2006,SMX,CA,AWP,WE,Federal Contract Tower,0,11,8,2,21,0,16,50,0,66,0,27,58,2,87,52,0,52,139
07/18/2006,SMX,CA,AWP,WE,Federal Contract Tower,0,19,10,1,30,0,26,56,0,82,0,45,66,1,112,34,4,38,150
07/19/2006,SMX,CA,AWP,WE,Federal Contract Tower,1,19,14,0,34,0,20,66,0,86,1,39,80,0,120,100,2,102,222
07/20/2006,SMX,CA,AWP,WE,Federal Contract Tower,0,31,16,2,49,0,11,81,0,92,0,42,97,2,141,68,4,72,213
07/21/2006,SMX,CA,AWP,WE,Federal Contract Tower,1,17,17,2,37,0,21,74,2,97,1,38,91,4,134,96,4,100,234
07/22/2006,SMX,CA,AWP,WE,Federal Contract Tower,0,10,7,0,17,0,15,79,0,94,0,25,86,0,111,72,0,72,183
07/23/2006,SMX,CA,AWP,WE,Federal Contract Tower,1,4,8,0,13,0,11,71,0,82,1,15,79,0,95,92,0,92,187
07/24/2006,SMX,CA,AWP,WE,Federal Contract Tower,0,13,7,0,20,0,16,51,0,67,0,29,58,0,87,84,0,84,171
07/25/2006,SMX,CA,AWP,WE,Federal Contract Tower,0,25,21,0,46,0,10,38,1,49,0,35,59,1,95,74,0,74,169
07/26/2006,SMX,CA,AWP,WE,Federal Contract Tower,1,21,19,2,43,0,5,48,0,53,1,26,67,2,96,78,2,80,176
07/27/2006,SMX,CA,AWP,WE,Federal Contract Tower,0,23,25,2,50,0,11,51,0,62,0,34,76,2,112,58,0,58,170
07/28/2006,SMX,CA,AWP,WE,Federal Contract Tower,1,24,26,6,57,0,14,46,2,62,1,38,72,8,119,52,10,62,181
07/29/2006,SMX,CA,AWP,WE,Federal Contract Tower,0,18,19,0,37,0,12,25,0,37,0,30,44,0,74,74,0,74,148
07/30/2006,SMX,CA,AWP,WE,Federal Contract Tower,0,9,25,0,34,0,13,54,0,67,0,22,79,0,101,56,0,56,157
07/31/2006,SMX,CA,AWP,WE,Federal Contract Tower,0,18,12,2,32,0,9,32,0,41,0,27,44,2,73,16,0,16,89
08/01/2006,SMX,CA,AWP,WE,Federal Contract Tower,0,22,24,0,46,0,22,42,0,64,0,44,66,0,110,74,0,74,184
08/02/2006,SMX,CA,AWP,WE,Federal Contract Tower,1,31,20,1,53,0,13,55,0,68,1,44,75,1,121,66,4,70,191
08/03/2006,SMX,CA,AWP,WE,Federal Contract Tower,0,30,21,2,53,0,13,27,0,40,0,43,48,2,93,26,4,30,123
08/04/2006,SMX,CA,AWP,WE,Federal Contract Tower,1,30,28,2,61,0,9,13,0,22,1,39,41,2,83,12,4,16,99
08/05/2006,SMX,CA,AWP,WE,Federal Contract Tower,0,8,12,0,20,0,16,74,0,90,0,24,86,0,110,92,0,92,202
08/06/2006,SMX,CA,AWP,WE,Federal Contract Tower,1,10,21,0,32,0,15,66,0,81,1,25,87,0,113,92,0,92,205
08/07/2006,SMX,CA,AWP,WE,Federal Contract Tower,0,13,18,1,32,0,20,52,0,72,0,33,70,1,104,40,6,46,150
08/08/2006,SMX,CA,AWP,WE,Federal Contract Tower,0,24,12,0,36,0,22,74,0,96,0,46,86,0,132,96,0,96,228
08/09/2006,SMX,CA,AWP,WE,Federal Contract Tower,1,18,17,0,36,0,19,76,0,95,1,37,93,0,131,104,0,104,235
08/10/2006,SMX,CA,AWP,WE,Federal Contract Tower,0,23,21,0,44,0,9,53,0,62,0,32,74,0,106,70,6,76,182
08/11/2006,SMX,CA,AWP,WE,Federal Contract Tower,1,27,20,4,52,0,13,45,0,58,1,40,65,4,110,84,4,88,198
08/12/2006,SMX,CA,AWP,WE,Federal Contract Tower,0,12,9,0,21,0,12,90,4,106,0,24,99,4,127,108,0,108,235
08/13/2006,SMX,CA,AWP,WE,Federal Contract Tower,1,11,23,0,35,0,14,84,0,98,1,25,107,0,133,114,0,114,247
08/14/2006,SMX,CA,AWP,WE,Federal Contract Tower,0,16,17,0,33,0,12,39,0,51,0,28,56,0,84,70,0,70,154
08/15/2006,SMX,CA,AWP,WE,Federal Contract Tower,0,21,20,1,42,0,20,66,1,87,0,41,86,2,129,86,4,90,219
08/16/2006,SMX,CA,AWP,WE,Federal Contract Tower,1,33,23,1,58,0,10,50,0,60,1,43,73,1,118,36,0,36,154
08/17/2006,SMX,CA,AWP,WE,Federal Contract Tower,0,32,48,2,82,0,9,34,0,43,0,41,82,2,125,90,4,94,219
08/18/2006,SMX,CA,AWP,WE,Federal Contract Tower,1,22,26,0,49,0,13,47,0,60,1,35,73,0,109,90,4,94,203
08/19/2006,SMX,CA,AWP,WE,Federal Contract Tower,0,17,20,0,37,0,14,76,0,90,0,31,96,0,127,82,2,84,211
08/20/2006,SMX,CA,AWP,WE,Federal Contract Tower,1,7,25,0,33,0,16,56,0,72,1,23,81,0,105,68,0,68,173
08/21/2006,SMX,CA,AWP,WE,Federal Contract Tower,0,22,21,2,45,0,11,67,1,79,0,33,88,3,124,112,2,114,238
08/22/2006,SMX,CA,AWP,WE,Federal Contract Tower,0,36,20,0,56,0,14,83,0,97,0,50,103,0,153,100,2,102,255
08/23/2006,SMX,CA,AWP,WE,Federal Contract Tower,1,22,16,0,39,0,12,45,0,57,1,34,61,0,96,106,4,110,206
08/24/2006,SMX,CA,AWP,WE,Federal Contract Tower,0,27,32,2,61,0,11,53,0,64,0,38,85,2,125,76,10,86,211
08/25/2006,SMX,CA,AWP,WE,Federal Contract Tower,1,27,20,5,53,0,13,72,13,98,1,40,92,18,151,52,26,78,229
08/26/2006,SMX,CA,AWP,WE,Federal Contract Tower,0,11,7,1,19,0,14,72,0,86,0,25,79,1,105,82,34,116,221
08/27/2006,SMX,CA,AWP,WE,Federal Contract Tower,1,12,17,1,31,0,15,88,13,116,1,27,105,14,147,88,22,110,257
08/28/2006,SMX,CA,AWP,WE,Federal Contract Tower,0,19,22,1,42,0,11,53,1,65,0,30,75,2,107,88,0,88,195
08/29/2006,SMX,CA,AWP,WE,Federal Contract Tower,0,26,26,2,54,0,10,40,0,50,0,36,66,2,104,62,0,62,166
08/30/2006,SMX,CA,AWP,WE,Federal Contract Tower,1,29,25,0,55,0,11,67,2,80,1,40,92,2,135,72,0,72,207
08/31/2006,SMX,CA,AWP,WE,Federal Contract Tower,0,24,32,1,57,0,20,33,5,58,0,44,65,6,115,94,8,102,217
09/01/2006,SMX,CA,AWP,WE,Federal Contract Tower,3,28,8,1,40,0,15,59,1,75,3,43,67,2,115,96,0,96,211
09/02/2006,SMX,CA,AWP,WE,Federal Contract Tower,0,12,12,0,24,0,5,65,0,70,0,17,77,0,94,32,0,32,126
09/03/2006,SMX,CA,AWP,WE,Federal Contract Tower,1,11,15,0,27,0,8,58,0,66,1,19,73,0,93,68,0,68,161
09/04/2006,SMX,CA,AWP,WE,Federal Contract Tower,2,12,11,0,25,0,10,73,0,83,2,22,84,0,108,34,0,34,142
09/05/2006,SMX,CA,AWP,WE,Federal Contract Tower,0,20,26,0,46,0,10,33,0,43,0,30,59,0,89,66,0,66,155
09/06/2006,SMX,CA,AWP,WE,Federal Contract Tower,1,27,13,2,43,0,12,58,2,72,1,39,71,4,115,92,2,94,209
09/07/2006,SMX,CA,AWP,WE,Federal Contract Tower,0,28,30,0,58,0,10,49,0,59,0,38,79,0,117,62,0,62,179
09/08/2006,SMX,CA,AWP,WE,Federal Contract Tower,1,30,32,2,65,0,10,16,0,26,1,40,48,2,91,32,0,32,123
09/09/2006,SMX,CA,AWP,WE,Federal Contract Tower,0,12,24,0,36,0,14,67,0,81,0,26,91,0,117,82,0,82,199
09/10/2006,SMX,CA,AWP,WE,Federal Contract Tower,1,10,19,0,30,0,15,72,0,87,1,25,91,0,117,80,0,80,197
09/11/2006,SMX,CA,AWP,WE,Federal Contract Tower,0,20,28,0,48,0,6,48,1,55,0,26,76,1,103,74,0,74,177
09/12/2006,SMX,CA,AWP,WE,Federal Contract Tower,0,27,10,4,41,0,13,58,0,71,0,40,68,4,112,78,6,84,196
09/13/2006,SMX,CA,AWP,WE,Federal Contract Tower,1,29,29,0,59,0,10,34,0,44,1,39,63,0,103,90,0,90,193
09/14/2006,SMX,CA,AWP,WE,Federal Contract Tower,1,35,31,0,67,0,9,12,0,21,1,44,43,0,88,8,0,8,96
09/15/2006,SMX,CA,AWP,WE,Federal Contract Tower,1,21,17,0,39,0,13,39,0,52,1,34,56,0,91,38,0,38,129
09/16/2006,SMX,CA,AWP,WE,Federal Contract Tower,0,12,6,0,18,0,9,87,0,96,0,21,93,0,114,68,0,68,182
09/17/2006,SMX,CA,AWP,WE,Federal Contract Tower,3,7,12,0,22,0,15,82,0,97,3,22,94,0,119,98,4,102,221
09/18/2006,SMX,CA,AWP,WE,Federal Contract Tower,0,19,12,0,31,0,13,28,0,41,0,32,40,0,72,24,0,24,96
09/19/2006,SMX,CA,AWP,WE,Federal Contract Tower,0,28,15,2,45,0,14,43,0,57,0,42,58,2,102,48,0,48,150
09/20/2006,SMX,CA,AWP,WE,Federal Contract Tower,1,27,21,1,50,0,16,58,0,74,1,43,79,1,124,74,0,74,198
09/21/2006,SMX,CA,AWP,WE,Federal Contract Tower,0,26,17,0,43,0,22,59,0,81,0,48,76,0,124,48,0,48,172
09/22/2006,SMX,CA,AWP,WE,Federal Contract Tower,1,18,19,1,39,0,11,59,0,70,1,29,78,1,109,36,24,60,169
09/23/2006,SMX,CA,AWP,WE,Federal Contract Tower,0,9,15,0,24,0,12,90,0,102,0,21,105,0,126,94,0,94,220
09/24/2006,SMX,CA,AWP,WE,Federal Contract Tower,1,10,15,0,26,0,8,94,0,102,1,18,109,0,128,104,0,104,232
09/25/2006,SMX,CA,AWP,WE,Federal Contract Tower,0,24,11,0,35,0,7,45,0,52,0,31,56,0,87,66,0,66,153
09/26/2006,SMX,CA,AWP,WE,Federal Contract Tower,0,35,26,0,61,0,6,21,1,28,0,41,47,1,89,18,0,18,107
09/27/2006,SMX,CA,AWP,WE,Federal Contract Tower,1,26,26,0,53,0,11,31,0,42,1,37,57,0,95,46,0,46,141
09/28/2006,SMX,CA,AWP,WE,Federal Contract Tower,0,26,22,0,48,0,11,41,0,52,0,37,63,0,100,76,0,76,176
09/29/2006,SMX,CA,AWP,WE,Federal Contract Tower,1,31,30,1,63,0,8,29,0,37,1,39,59,1,100,102,0,102,202
09/30/2006,SMX,CA,AWP,WE,Federal Contract Tower,0,10,19,0,29,0,9,52,0,61,0,19,71,0,90,34,0,34,124
10/01/2006,SMX,CA,AWP,WE,Federal Contract Tower,1,8,16,0,25,0,7,40,0,47,1,15,56,0,72,26,0,26,98
10/02/2006,SMX,CA,AWP,WE,Federal Contract Tower,0,13,15,0,28,0,15,46,1,62,0,28,61,1,90,86,0,86,176
10/03/2006,SMX,CA,AWP,WE,Federal Contract Tower,0,23,8,1,32,0,22,80,0,102,0,45,88,1,134,126,2,128,262
10/04/2006,SMX,CA,AWP,WE,Federal Contract Tower,1,18,6,0,25,0,24,57,0,81,1,42,63,0,106,72,0,72,178
10/05/2006,SMX,CA,AWP,WE,Federal Contract Tower,0,23,29,0,52,0,19,35,0,54,0,42,64,0,106,52,2,54,160
10/06/2006,SMX,CA,AWP,WE,Federal Contract Tower,1,18,28,0,47,0,20,51,0,71,1,38,79,0,118,64,6,70,188
10/07/2006,SMX,CA,AWP,WE,Federal Contract Tower,0,9,19,0,28,0,15,94,0,109,0,24,113,0,137,108,2,110,247
10/08/2006,SMX,CA,AWP,WE,Federal Contract Tower,1,10,9,0,20,0,11,89,0,100,1,21,98,0,120,104,0,104,224
10/09/2006,SMX,CA,AWP,WE,Federal Contract Tower,0,21,14,0,35,0,6,43,0,49,0,27,57,0,84,28,0,28,112
10/10/2006,SMX,CA,AWP,WE,Federal Contract Tower,0,22,19,0,41,0,13,47,0,60,0,35,66,0,101,98,2,100,201
10/11/2006,SMX,CA,AWP,WE,Federal Contract Tower,1,17,11,0,29,0,21,50,2,73,1,38,61,2,102,54,0,54,156
10/12/2006,SMX,CA,AWP,WE,Federal Contract Tower,0,24,20,0,44,0,26,61,0,87,0,50,81,0,131,64,4,68,199
10/13/2006,SMX,CA,AWP,WE,Federal Contract Tower,1,22,23,0,46,0,14,21,0,35,1,36,44,0,81,102,4,106,187
10/14/2006,SMX,CA,AWP,WE,Federal Contract Tower,0,9,11,0,20,0,12,75,0,87,0,21,86,0,107,78,0,78,185
10/15/2006,SMX,CA,AWP,WE,Federal Contract Tower,1,9,19,0,29,0,9,62,0,71,1,18,81,0,100,68,0,68,168
10/16/2006,SMX,CA,AWP,WE,Federal Contract Tower,0,17,13,0,30,0,12,76,2,90,0,29,89,2,120,72,24,96,216
10/17/2006,SMX,CA,AWP,WE,Federal Contract Tower,0,21,10,2,33,0,20,71,0,91,0,41,81,2,124,54,10,64,188
10/18/2006,SMX,CA,AWP,WE,Federal Contract Tower,1,18,15,0,34,0,19,62,0,81,1,37,77,0,115,42,0,42,157
10/19/2006,SMX,CA,AWP,WE,Federal Contract Tower,0,19,11,0,30,0,20,78,0,98,0,39,89,0,128,162,0,162,290
10/20/2006,SMX,CA,AWP,WE,Federal Contract Tower,2,23,16,0,41,0,10,119,0,129,2,33,135,0,170,86,0,86,256
10/21/2006,SMX,CA,AWP,WE,Federal Contract Tower,0,12,9,2,23,0,12,100,0,112,0,24,109,2,135,98,0,98,233
10/22/2006,SMX,CA,AWP,WE,Federal Contract Tower,0,8,13,0,21,1,13,99,0,113,1,21,112,0,134,96,0,96,230
10/23/2006,SMX,CA,AWP,WE,Federal Contract Tower,0,19,13,0,32,0,10,56,2,68,0,29,69,2,100,46,2,48,148
10/24/2006,SMX,CA,AWP,WE,Federal Contract Tower,0,23,21,2,46,0,5,61,0,66,0,28,82,2,112,40,6,46,158
10/25/2006,SMX,CA,AWP,WE,Federal Contract Tower,2,24,21,1,48,0,15,48,1,64,2,39,69,2,112,82,2,84,196
10/26/2006,SMX,CA,AWP,WE,Federal Contract Tower,0,18,25,0,43,0,23,67,0,90,0,41,92,0,133,96,0,96,229
10/27/2006,SMX,CA,AWP,WE,Federal Contract Tower,1,18,9,0,28,0,21,100,1,122,1,39,109,1,150,98,2,100,250
10/28/2006,SMX,CA,AWP,WE,Federal Contract Tower,2,9,11,0,22,0,14,91,0,105,2,23,102,0,127,86,0,86,213
10/29/2006,SMX,CA,AWP,WE,Federal Contract Tower,1,10,32,0,43,0,7,50,0,57,1,17,82,0,100,112,0,112,212
10/30/2006,SMX,CA,AWP,WE,Federal Contract Tower,0,16,12,0,28,0,17,46,2,65,0,33,58,2,93,72,0,72,165
10/31/2006,SMX,CA,AWP,WE,Federal Contract Tower,0,21,19,0,40,0,16,41,2,59,0,37,60,2,99,70,0,70,169
11/01/2006,SMX,CA,AWP,WE,Federal Contract Tower,1,19,16,0,36,0,18,46,0,64,1,37,62,0,100,76,0,76,176
11/02/2006,SMX,CA,AWP,WE,Federal Contract Tower,0,21,22,2,45,0,17,40,0,57,0,38,62,2,102,52,6,58,160
11/03/2006,SMX,CA,AWP,WE,Federal Contract Tower,3,17,29,2,51,0,8,23,0,31,3,25,52,2,82,26,0,26,108
11/04/2006,SMX,CA,AWP,WE,Federal Contract Tower,2,9,3,0,14,0,18,79,0,97,2,27,82,0,111,64,0,64,175
11/05/2006,SMX,CA,AWP,WE,Federal Contract Tower,1,7,9,2,19,0,14,72,0,86,1,21,81,2,105,56,0,56,161
11/06/2006,SMX,CA,AWP,WE,Federal Contract Tower,0,21,5,0,26,0,14,55,0,69,0,35,60,0,95,76,0,76,171
11/07/2006,SMX,CA,AWP,WE,Federal Contract Tower,0,18,9,0,27,0,18,42,2,62,0,36,51,2,89,38,0,38,127
11/08/2006,SMX,CA,AWP,WE,Federal Contract Tower,1,20,11,0,32,0,18,46,0,64,1,38,57,0,96,62,0,62,158
11/09/2006,SMX,CA,AWP,WE,Federal Contract Tower,0,19,16,2,37,0,21,44,0,65,0,40,60,2,102,42,8,50,152
11/10/2006,SMX,CA,AWP,WE,Federal Contract Tower,4,19,13,0,36,0,26,71,0,97,4,45,84,0,133,72,0,72,205
11/11/2006,SMX,CA,AWP,WE,Federal Contract Tower,1,10,25,0,36,0,14,40,0,54,1,24,65,0,90,74,0,74,164
11/12/2006,SMX,CA,AWP,WE,Federal Contract Tower,3,10,12,0,25,0,7,86,0,93,3,17,98,0,118,84,0,84,202
11/13/2006,SMX,CA,AWP,WE,Federal Contract Tower,0,15,15,0,30,0,12,62,0,74,0,27,77,0,104,66,0,66,170
11/14/2006,SMX,CA,AWP,WE,Federal Contract Tower,0,20,26,0,46,0,7,26,0,33,0,27,52,0,79,14,0,14,93
11/15/2006,SMX,CA,AWP,WE,Federal Contract Tower,1,18,20,0,39,0,21,63,4,88,1,39,83,4,127,74,0,74,201
11/16/2006,SMX,CA,AWP,WE,Federal Contract Tower,0,21,15,0,36,0,23,90,0,113,0,44,105,0,149,78,2,80,229
11/17/2006,SMX,CA,AWP,WE,Federal Contract Tower,1,18,22,2,43,0,6,73,0,79,1,24,95,2,122,28,0,28,150
11/18/2006,SMX,CA,AWP,WE,Federal Contract Tower,0,9,11,0,20,0,8,75,0,83,0,17,86,0,103,94,0,94,197
11/19/2006,SMX,CA,AWP,WE,Federal Contract Tower,1,7,10,0,18,0,4,58,0,62,1,11,68,0,80,38,0,38,118
11/20/2006,SMX,CA,AWP,WE,Federal Contract Tower,0,16,15,0,31,0,21,75,0,96,0,37,90,0,127,124,0,124,251
11/21/2006,SMX,CA,AWP,WE,Federal Contract Tower,0,30,23,0,53,0,6,56,0,62,0,36,79,0,115,64,0,64,179
11/22/2006,SMX,CA,AWP,WE,Federal Contract Tower,1,24,23,0,48,0,18,64,0,82,1,42,87,0,130,54,0,54,184
11/23/2006,SMX,CA,AWP,WE,Federal Contract Tower,0,7,11,0,18,0,12,52,0,64,0,19,63,0,82,42,0,42,124
11/24/2006,SMX,CA,AWP,WE,Federal Contract Tower,1,13,5,0,19,0,12,78,0,90,1,25,83,0,109,83,0,83,192
11/25/2006,SMX,CA,AWP,WE,Federal Contract Tower,0,17,21,0,38,0,12,87,0,99,0,29,108,0,137,116,0,116,253
11/26/2006,SMX,CA,AWP,WE,Federal Contract Tower,1,7,10,0,18,0,8,53,0,61,1,15,63,0,79,42,0,42,121
11/27/2006,SMX,CA,AWP,WE,Federal Contract Tower,0,14,19,0,33,0,19,21,0,40,0,33,40,0,73,62,0,62,135
11/28/2006,SMX,CA,AWP,WE,Federal Contract Tower,0,18,9,0,27,0,12,47,0,59,0,30,56,0,86,48,0,48,134
11/29/2006,SMX,CA,AWP,WE,Federal Contract Tower,1,19,14,0,34,0,19,53,0,72,1,38,67,0,106,46,6,52,158
11/30/2006,SMX,CA,AWP,WE,Federal Contract Tower,0,20,17,0,37,0,22,63,2,87,0,42,80,2,124,86,0,86,210
12/01/2006,SMX,CA,AWP,WE,Federal Contract Tower,1,19,10,0,30,0,14,71,0,85,1,33,81,0,115,56,0,56,171
12/02/2006,SMX,CA,AWP,WE,Federal Contract Tower,0,9,5,0,14,0,16,84,0,100,0,25,89,0,114,72,0,72,186
12/03/2006,SMX,CA,AWP,WE,Federal Contract Tower,1,10,21,0,32,0,17,74,2,93,1,27,95,2,125,90,0,90,215
12/04/2006,SMX,CA,AWP,WE,Federal Contract Tower,0,13,9,0,22,0,17,64,0,81,0,30,73,0,103,78,2,80,183
12/05/2006,SMX,CA,AWP,WE,Federal Contract Tower,0,19,22,0,41,0,17,41,1,59,0,36,63,1,100,76,0,76,176
12/06/2006,SMX,CA,AWP,WE,Federal Contract Tower,1,20,20,2,43,0,15,67,2,84,1,35,87,4,127,54,22,76,203
12/07/2006,SMX,CA,AWP,WE,Federal Contract Tower,2,17,15,0,34,0,16,63,2,81,2,33,78,2,115,38,0,38,153
12/08/2006,SMX,CA,AWP,WE,Federal Contract Tower,1,21,13,2,37,0,17,34,2,53,1,38,47,4,90,12,0,12,102
12/09/2006,SMX,CA,AWP,WE,Federal Contract Tower,0,11,9,0,20,0,6,38,0,44,0,17,47,0,64,0,0,0,64
12/10/2006,SMX,CA,AWP,WE,Federal Contract Tower,1,9,11,0,21,0,9,60,0,69,1,18,71,0,90,32,0,32,122
12/11/2006,SMX,CA,AWP,WE,Federal Contract Tower,0,15,9,0,24,0,16,71,2,89,0,31,80,2,113,88,0,88,201
12/12/2006,SMX,CA,AWP,WE,Federal Contract Tower,0,20,10,0,30,0,18,34,2,54,0,38,44,2,84,46,0,46,130
12/13/2006,SMX,CA,AWP,WE,Federal Contract Tower,2,18,18,0,38,0,14,59,0,73,2,32,77,0,111,68,0,68,179
12/14/2006,SMX,CA,AWP,WE,Federal Contract Tower,0,25,28,2,55,0,11,65,0,76,0,36,93,2,131,38,0,38,169
12/15/2006,SMX,CA,AWP,WE,Federal Contract Tower,2,22,20,0,44,0,14,46,0,60,2,36,66,0,104,44,0,44,148
12/16/2006,SMX,CA,AWP,WE,Federal Contract Tower,0,11,13,0,24,0,4,48,0,52,0,15,61,0,76,54,0,54,130
12/17/2006,SMX,CA,AWP,WE,Federal Contract Tower,2,10,13,0,25,0,8,74,0,82,2,18,87,0,107,92,0,92,199
12/18/2006,SMX,CA,AWP,WE,Federal Contract Tower,2,0,11,2,15,92,0,57,1,150,94,0,68,3,165,94,0,94,259
12/19/2006,SMX,CA,AWP,WE,Federal Contract Tower,0,22,12,0,34,0,19,70,3,92,0,41,82,3,126,30,0,30,156
12/20/2006,SMX,CA,AWP,WE,Federal Contract Tower,2,20,23,2,47,0,21,48,0,69,2,41,71,2,116,62,0,62,178
12/21/2006,SMX,CA,AWP,WE,Federal Contract Tower,2,23,22,0,47,0,24,47,0,71,2,47,69,0,118,42,2,44,162
12/22/2006,SMX,CA,AWP,WE,Federal Contract Tower,2,20,12,0,34,0,26,26,2,54,2,46,38,2,88,20,0,20,108
12/23/2006,SMX,CA,AWP,WE,Federal Contract Tower,0,13,13,0,26,0,16,106,0,122,0,29,119,0,148,108,0,108,256
12/24/2006,SMX,CA,AWP,WE,Federal Contract Tower,2,8,7,0,17,0,8,64,0,72,2,16,71,0,89,64,0,64,153
12/25/2006,SMX,CA,AWP,WE,Federal Contract Tower,0,6,4,0,10,0,6,27,0,33,0,12,31,0,43,0,0,0,43
12/26/2006,SMX,CA,AWP,WE,Federal Contract Tower,0,13,15,0,28,0,12,51,1,64,0,25,66,1,92,116,2,118,210
12/27/2006,SMX,CA,AWP,WE,Federal Contract Tower,2,18,12,1,33,0,17,18,0,35,2,35,30,1,68,14,2,16,84
12/28/2006,SMX,CA,AWP,WE,Federal Contract Tower,0,16,10,0,26,0,20,58,0,78,0,36,68,0,104,62,0,62,166
12/29/2006,SMX,CA,AWP,WE,Federal Contract Tower,2,18,20,0,40,0,18,56,0,74,2,36,76,0,114,86,4,90,204
12/30/2006,SMX,CA,AWP,WE,Federal Contract Tower,0,12,12,0,24,0,12,85,0,97,0,24,97,0,121,82,0,82,203
12/31/2006,SMX,CA,AWP,WE,Federal Contract Tower,2,8,11,0,21,0,7,56,0,63,2,15,67,0,84,72,0,72,156
01/01/2007,SMX,CA,AWP,WE,Federal Contract Tower,0,8,3,0,11,0,8,52,0,60,0,16,55,0,71,48,0,48,119
01/02/2007,SMX,CA,AWP,WE,Federal Contract Tower,0,15,14,0,29,0,17,59,0,76,0,32,73,0,105,52,0,52,157
01/03/2007,SMX,CA,AWP,WE,Federal Contract Tower,2,23,23,0,48,0,17,62,0,79,2,40,85,0,127,54,0,54,181
01/04/2007,SMX,CA,AWP,WE,Federal Contract Tower,2,19,25,1,47,0,17,54,0,71,2,36,79,1,118,22,2,24,142
01/05/2007,SMX,CA,AWP,WE,Federal Contract Tower,2,19,11,0,32,0,12,43,0,55,2,31,54,0,87,16,6,22,109
01/06/2007,SMX,CA,AWP,WE,Federal Contract Tower,0,10,10,0,20,0,12,82,0,94,0,22,92,0,114,88,0,88,202
01/07/2007,SMX,CA,AWP,WE,Federal Contract Tower,4,10,10,0,24,0,9,81,0,90,4,19,91,0,114,78,0,78,192
01/08/2007,SMX,CA,AWP,WE,Federal Contract Tower,0,15,15,0,30,0,17,60,0,77,0,32,75,0,107,72,4,76,183
01/09/2007,SMX,CA,AWP,WE,Federal Contract Tower,0,24,8,0,32,0,15,54,2,71,0,39,62,2,103,94,0,94,197
01/10/2007,SMX,CA,AWP,WE,Federal Contract Tower,2,22,19,2,45,0,17,63,0,80,2,39,82,2,125,138,0,138,263
01/11/2007,SMX,CA,AWP,WE,Federal Contract Tower,0,23,34,2,59,0,23,50,0,73,0,46,84,2,132,42,22,64,196
01/12/2007,SMX,CA,AWP,WE,Federal Contract Tower,2,19,24,0,45,0,13,49,0,62,2,32,73,0,107,74,0,74,181
01/13/2007,SMX,CA,AWP,WE,Federal Contract Tower,0,9,9,0,18,0,16,94,0,110,0,25,103,0,128,128,0,128,256
01/14/2007,SMX,CA,AWP,WE,Federal Contract Tower,2,8,12,0,22,0,20,79,0,99,2,28,91,0,121,88,0,88,209
01/15/2007,SMX,CA,AWP,WE,Federal Contract Tower,0,19,13,0,32,0,7,80,0,87,0,26,93,0,119,100,0,100,219
01/16/2007,SMX,CA,AWP,WE,Federal Contract Tower,0,17,12,0,29,0,15,35,4,54,0,32,47,4,83,48,0,48,131
01/17/2007,SMX,CA,AWP,WE,Federal Contract Tower,2,22,18,2,44,0,14,55,0,69,2,36,73,2,113,66,6,72,185
01/18/2007,SMX,CA,AWP,WE,Federal Contract Tower,0,20,22,0,42,0,19,54,0,73,0,39,76,0,115,78,10,88,203
01/19/2007,SMX,CA,AWP,WE,Federal Contract Tower,2,22,23,3,50,0,23,41,0,64,2,45,64,3,114,38,0,38,152
01/20/2007,SMX,CA,AWP,WE,Federal Contract Tower,0,9,6,0,15,0,16,101,0,117,0,25,107,0,132,122,0,122,254
01/21/2007,SMX,CA,AWP,WE,Federal Contract Tower,2,9,16,2,29,0,17,96,0,113,2,26,112,2,142,110,0,110,252
01/22/2007,SMX,CA,AWP,WE,Federal Contract Tower,0,14,13,0,27,0,17,54,2,73,0,31,67,2,100,78,0,78,178
01/23/2007,SMX,CA,AWP,WE,Federal Contract Tower,0,19,18,0,37,0,17,75,1,93,0,36,93,1,130,38,0,38,168
01/24/2007,SMX,CA,AWP,WE,Federal Contract Tower,2,20,12,0,34,0,21,92,0,113,2,41,104,0,147,68,0,68,215
01/25/2007,SMX,CA,AWP,WE,Federal Contract Tower,0,18,20,0,38,0,9,45,0,54,0,27,65,0,92,50,2,52,144
01/26/2007,SMX,CA,AWP,WE,Federal Contract Tower,2,20,26,2,50,0,17,37,0,54,2,37,63,2,104,20,0,20,124
01/27/2007,SMX,CA,AWP,WE,Federal Contract Tower,0,9,14,0,23,0,12,43,0,55,0,21,57,0,78,62,0,62,140
01/28/2007,SMX,CA,AWP,WE,Federal Contract Tower,2,10,14,0,26,0,14,47,0,61,2,24,61,0,87,46,0,46,133
01/29/2007,SMX,CA,AWP,WE,Federal Contract Tower,0,18,25,0,43,0,11,8,0,19,0,29,33,0,62,74,0,74,136
01/30/2007,SMX,CA,AWP,WE,Federal Contract Tower,0,21,25,2,48,0,13,20,1,34,0,34,45,3,82,110,6,116,198
01/31/2007,SMX,CA,AWP,WE,Federal Contract Tower,2,18,28,1,49,0,21,49,1,71,2,39,77,2,120,70,2,72,192
02/01/2007,SMX,CA,AWP,WE,Federal Contract Tower,0,17,23,3,43,0,25,76,3,104,0,42,99,6,147,82,2,84,231
02/02/2007,SMX,CA,AWP,WE,Federal Contract Tower,2,17,15,0,34,0,14,61,0,75,2,31,76,0,109,86,0,86,195
02/03/2007,SMX,CA,AWP,WE,Federal Contract Tower,0,13,9,0,22,0,4,70,2,76,0,17,79,2,98,88,0,88,186
02/04/2007,SMX,CA,AWP,WE,Federal Contract Tower,2,8,13,0,23,0,7,76,0,83,2,15,89,0,106,22,0,22,128
02/05/2007,SMX,CA,AWP,WE,Federal Contract Tower,0,18,9,0,27,0,7,57,0,64,0,25,66,0,91,34,2,36,127
02/06/2007,SMX,CA,AWP,WE,Federal Contract Tower,0,20,20,0,40,0,17,42,2,61,0,37,62,2,101,80,0,80,181
02/07/2007,SMX,CA,AWP,WE,Federal Contract Tower,2,19,16,1,38,0,20,41,1,62,2,39,57,2,100,44,2,46,146
02/08/2007,SMX,CA,AWP,WE,Federal Contract Tower,2,28,37,0,67,0,14,17,0,31,2,42,54,0,98,38,0,38,136
02/09/2007,SMX,CA,AWP,WE,Federal Contract Tower,2,16,11,0,29,0,23,29,4,56,2,39,40,4,85,72,20,92,177
02/10/2007,SMX,CA,AWP,WE,Federal Contract Tower,0,13,20,0,33,0,2,7,0,9,0,15,27,0,42,16,0,16,58
02/11/2007,SMX,CA,AWP,WE,Federal Contract Tower,4,8,12,0,24,0,9,16,2,27,4,17,28,2,51,14,0,14,65
02/12/2007,SMX,CA,AWP,WE,Federal Contract Tower,0,18,16,0,34,0,13,32,0,45,0,31,48,0,79,60,0,60,139
02/13/2007,SMX,CA,AWP,WE,Federal Contract Tower,0,21,18,0,39,0,14,29,0,43,0,35,47,0,82,24,0,24,106
02/14/2007,SMX,CA,AWP,WE,Federal Contract Tower,2,19,13,2,36,0,24,68,2,94,2,43,81,4,130,76,0,76,206
02/15/2007,SMX,CA,AWP,WE,Federal Contract Tower,0,21,23,2,46,0,19,49,2,70,0,40,72,4,116,54,2,56,172
02/16/2007,SMX,CA,AWP,WE,Federal Contract Tower,2,21,16,0,39,0,26,50,0,76,2,47,66,0,115,36,0,36,151
02/17/2007,SMX,CA,AWP,WE,Federal Contract Tower,0,8,10,0,18,0,15,85,0,100,0,23,95,0,118,68,0,68,186
02/18/2007,SMX,CA,AWP,WE,Federal Contract Tower,2,7,29,0,38,0,14,32,0,46,2,21,61,0,84,66,0,66,150
02/19/2007,SMX,CA,AWP,WE,Federal Contract Tower,0,12,10,2,24,0,6,72,0,78,0,18,82,2,102,62,0,62,164
02/20/2007,SMX,CA,AWP,WE,Federal Contract Tower,0,17,15,0,32,0,24,68,0,92,0,41,83,0,124,92,0,92,216
02/21/2007,SMX,CA,AWP,WE,Federal Contract Tower,2,19,23,0,44,0,15,55,0,70,2,34,78,0,114,62,0,62,176
02/22/2007,SMX,CA,AWP,WE,Federal Contract Tower,0,23,32,0,55,0,17,14,0,31,0,40,46,0,86,30,2,32,118
02/23/2007,SMX,CA,AWP,WE,Federal Contract Tower,2,21,18,0,41,0,23,58,0,81,2,44,76,0,122,56,0,56,178
02/24/2007,SMX,CA,AWP,WE,Federal Contract Tower,0,10,13,0,23,0,7,75,0,82,0,17,88,0,105,44,0,44,149
02/25/2007,SMX,CA,AWP,WE,Federal Contract Tower,2,9,22,0,33,0,8,35,0,43,2,17,57,0,76,46,0,46,122
02/26/2007,SMX,CA,AWP,WE,Federal Contract Tower,0,22,29,2,53,0,24,75,0,99,0,46,104,2,152,88,4,92,244
02/27/2007,SMX,CA,AWP,WE,Federal Contract Tower,0,21,6,2,29,0,18,26,0,44,0,39,32,2,73,62,0,62,135
02/28/2007,SMX,CA,AWP,WE,Federal Contract Tower,2,18,20,1,41,0,20,33,0,53,2,38,53,1,94,74,0,74,168
03/01/2007,SMX,CA,AWP,WE,Federal Contract Tower,0,20,9,0,29,0,18,65,2,85,0,38,74,2,114,36,4,40,154
03/02/2007,SMX,CA,AWP,WE,Federal Contract Tower,2,16,12,2,32,0,21,73,0,94,2,37,85,2,126,78,4,82,208
03/03/2007,SMX,CA,AWP,WE,Federal Contract Tower,0,9,11,0,20,0,14,91,0,105,0,23,102,0,125,82,0,82,207
03/04/2007,SMX,CA,AWP,WE,Federal Contract Tower,2,9,21,0,32,0,14,80,0,94,2,23,101,0,126,88,2,90,216
03/05/2007,SMX,CA,AWP,WE,Federal Contract Tower,0,11,24,1,36,0,24,46,0,70,0,35,70,1,106,78,8,86,192
03/06/2007,SMX,CA,AWP,WE,Federal Contract Tower,0,20,16,0,36,0,13,65,0,78,0,33,81,0,114,68,0,68,182
03/07/2007,SMX,CA,AWP,WE,Federal Contract Tower,2,27,21,0,50,0,18,46,0,64,2,45,67,0,114,42,0,42,156
03/08/2007,SMX,CA,AWP,WE,Federal Contract Tower,0,29,25,0,54,0,12,56,4,72,0,41,81,4,126,28,2,30,156
03/09/2007,SMX,CA,AWP,WE,Federal Contract Tower,2,26,25,0,53,0,8,52,0,60,2,34,77,0,113,46,2,48,161
03/10/2007,SMX,CA,AWP,WE,Federal Contract Tower,0,9,10,0,19,0,14,51,0,65,0,23,61,0,84,36,0,36,120
03/11/2007,SMX,CA,AWP,WE,Federal Contract Tower,2,10,11,0,23,0,14,94,2,110,2,24,105,2,133,92,0,92,225
03/12/2007,SMX,CA,AWP,WE,Federal Contract Tower,0,17,17,6,40,0,19,57,1,77,0,36,74,7,117,78,0,78,195
03/13/2007,SMX,CA,AWP,WE,Federal Contract Tower,0,19,20,1,40,0,13,29,1,43,0,32,49,2,83,42,0,42,125
03/14/2007,SMX,CA,AWP,WE,Federal Contract Tower,2,33,19,0,54,0,10,82,0,92,2,43,101,0,146,72,0,72,218
03/15/2007,SMX,CA,AWP,WE,Federal Contract Tower,0,26,24,0,50,0,21,69,2,92,0,47,93,2,142,106,0,106,248
03/16/2007,SMX,CA,AWP,WE,Federal Contract Tower,2,23,30,0,55,0,12,67,10,89,2,35,97,10,144,52,0,52,196
03/17/2007,SMX,CA,AWP,WE,Federal Contract Tower,0,11,32,0,43,0,10,19,0,29,0,21,51,0,72,0,0,0,72
03/18/2007,SMX,CA,AWP,WE,Federal Contract Tower,2,9,32,4,47,0,11,43,0,54,2,20,75,4,101,82,0,82,183
03/19/2007,SMX,CA,AWP,WE,Federal Contract Tower,0,24,28,0,52,0,7,35,0,42,0,31,63,0,94,38,0,38,132
03/20/2007,SMX,CA,AWP,WE,Federal Contract Tower,0,27,20,0,47,0,5,4,0,9,0,32,24,0,56,8,4,12,68
03/21/2007,SMX,CA,AWP,WE,Federal Contract Tower,2,18,22,0,42,0,25,45,0,70,2,43,67,0,112,42,0,42,154
03/22/2007,SMX,CA,AWP,WE,Federal Contract Tower,0,21,25,0,46,0,19,93,0,112,0,40,118,0,158,52,0,52,210
03/23/2007,SMX,CA,AWP,WE,Federal Contract Tower,2,19,12,2,35,0,18,77,2,97,2,37,89,4,132,172,50,222,354
03/24/2007,SMX,CA,AWP,WE,Federal Contract Tower,0,9,27,0,36,0,14,40,0,54,0,23,67,0,90,64,0,64,154
03/25/2007,SMX,CA,AWP,WE,Federal Contract Tower,2,9,21,0,32,0,15,66,0,81,2,24,87,0,113,92,0,92,205
03/26/2007,SMX,CA,AWP,WE,Federal Contract Tower,0,36,19,0,55,0,0,9,0,9,0,36,28,0,64,68,0,68,132
03/27/2007,SMX,CA,AWP,WE,Federal Contract Tower,0,19,15,0,34,0,16,37,0,53,0,35,52,0,87,64,0,64,151
03/28/2007,SMX,CA,AWP,WE,Federal Contract Tower,2,27,6,0,35,0,10,55,2,67,2,37,61,2,102,114,2,116,218
03/29/2007,SMX,CA,AWP,WE,Federal Contract Tower,0,21,12,0,33,0,14,58,0,72,0,35,70,0,105,144,4,148,253
03/30/2007,SMX,CA,AWP,WE,Federal Contract Tower,2,19,21,2,44,0,21,93,2,116,2,40,114,4,160,112,10,122,282
03/31/2007,SMX,CA,AWP,WE,Federal Contract Tower,0,13,13,0,26,0,11,76,0,87,0,24,89,0,113,76,0,76,189
04/01/2007,SMX,CA,AWP,WE,Federal Contract Tower,2,9,13,0,24,0,22,84,0,106,2,31,97,0,130,88,0,88,218
04/02/2007,SMX,CA,AWP,WE,Federal Contract Tower,0,20,14,0,34,0,15,52,0,67,0,35,66,0,101,74,0,74,175
04/03/2007,SMX,CA,AWP,WE,Federal Contract Tower,0,20,9,0,29,0,28,48,0,76,0,48,57,0,105,58,2,60,165
04/04/2007,SMX,CA,AWP,WE,Federal Contract Tower,2,25,13,0,40,0,17,55,0,72,2,42,68,0,112,52,0,52,164
04/05/2007,SMX,CA,AWP,WE,Federal Contract Tower,0,26,17,0,43,0,22,46,0,68,0,48,63,0,111,78,2,80,191
04/06/2007,SMX,CA,AWP,WE,Federal Contract Tower,2,24,32,0,58,0,3,13,0,16,2,27,45,0,74,32,0,32,106
04/07/2007,SMX,CA,AWP,WE,Federal Contract Tower,0,10,23,0,33,0,14,58,0,72,0,24,81,0,105,92,0,92,197
04/08/2007,SMX,CA,AWP,WE,Federal Contract Tower,2,8,13,0,23,0,3,69,0,72,2,11,82,0,95,98,0,98,193
04/09/2007,SMX,CA,AWP,WE,Federal Contract Tower,0,14,14,0,28,0,9,47,0,56,0,23,61,0,84,34,4,38,122
04/10/2007,SMX,CA,AWP,WE,Federal Contract Tower,0,19,14,0,33,0,18,25,0,43,0,37,39,0,76,10,2,12,88
04/11/2007,SMX,CA,AWP,WE,Federal Contract Tower,2,23,17,0,42,0,16,46,0,62,2,39,63,0,104,12,4,16,120
04/12/2007,SMX,CA,AWP,WE,Federal Contract Tower,0,21,10,0,31,0,20,31,2,53,0,41,41,2,84,10,4,14,98
04/13/2007,SMX,CA,AWP,WE,Federal Contract Tower,2,21,29,0,52,0,22,77,2,101,2,43,106,2,153,96,4,100,253
04/14/2007,SMX,CA,AWP,WE,Federal Contract Tower,0,12,38,0,50,0,7,42,0,49,0,19,80,0,99,78,0,78,177
04/15/2007,SMX,CA,AWP,WE,Federal Contract Tower,2,9,34,0,45,0,3,54,0,57,2,12,88,0,102,50,0,50,152
04/16/2007,SMX,CA,AWP,WE,Federal Contract Tower,0,19,25,0,44,0,8,46,0,54,0,27,71,0,98,56,0,56,154
04/17/2007,SMX,CA,AWP,WE,Federal Contract Tower,0,28,13,0,41,0,12,23,0,35,0,40,36,0,76,28,2,30,106
04/18/2007,SMX,CA,AWP,WE,Federal Contract Tower,2,16,9,0,27,0,16,26,0,42,2,32,35,0,69,2,2,4,73
04/19/2007,SMX,CA,AWP,WE,Federal Contract Tower,0,19,16,0,35,0,18,39,0,57,0,37,55,0,92,92,6,98,190
04/20/2007,SMX,CA,AWP,WE,Federal Contract Tower,2,17,18,2,39,0,16,23,2,41,2,33,41,4,80,60,6,66,146
04/21/2007,SMX,CA,AWP,WE,Federal Contract Tower,0,11,14,0,25,0,13,115,0,128,0,24,129,0,153,92,0,92,245
04/22/2007,SMX,CA,AWP,WE,Federal Contract Tower,2,8,17,0,27,0,12,39,0,51,2,20,56,0,78,28,0,28,106
04/23/2007,SMX,CA,AWP,WE,Federal Contract Tower,0,15,14,0,29,0,16,40,2,58,0,31,54,2,87,60,6,66,153
04/24/2007,SMX,CA,AWP,WE,Federal Contract Tower,0,26,13,1,40,0,13,69,1,83,0,39,82,2,123,138,2,140,263
04/25/2007,SMX,CA,AWP,WE,Federal Contract Tower,2,18,7,3,30,0,24,67,1,92,2,42,74,4,122,32,20,52,174
04/26/2007,SMX,CA,AWP,WE,Federal Contract Tower,0,21,24,0,45,0,20,68,0,88,0,41,92,0,133,62,0,62,195
04/27/2007,SMX,CA,AWP,WE,Federal Contract Tower,2,15,16,0,33,0,18,88,0,106,2,33,104,0,139,96,0,96,235
04/28/2007,SMX,CA,AWP,WE,Federal Contract Tower,0,8,10,0,18,0,13,93,0,106,0,21,103,0,124,122,0,122,246
04/29/2007,SMX,CA,AWP,WE,Federal Contract Tower,2,10,30,0,42,0,14,87,0,101,2,24,117,0,143,122,0,122,265
04/30/2007,SMX,CA,AWP,WE,Federal Contract Tower,0,20,15,0,35,0,12,51,0,63,0,32,66,0,98,42,0,42,140
05/01/2007,SMX,CA,AWP,WE,Federal Contract Tower,0,18,11,0,29,0,16,61,0,77,0,34,72,0,106,70,2,72,178
05/02/2007,SMX,CA,AWP,WE,Federal Contract Tower,2,26,24,0,52,0,13,44,0,57,2,39,68,0,109,66,0,66,175
05/03/2007,SMX,CA,AWP,WE,Federal Contract Tower,1,22,20,0,43,0,23,102,2,127,1,45,122,2,170,22,2,24,194
05/04/2007,SMX,CA,AWP,WE,Federal Contract Tower,2,23,21,0,46,0,10,35,4,49,2,33,56,4,95,26,2,28,123
05/05/2007,SMX,CA,AWP,WE,Federal Contract Tower,0,9,22,0,31,0,15,189,4,208,0,24,211,4,239,96,0,96,335
05/06/2007,SMX,CA,AWP,WE,Federal Contract Tower,4,8,34,0,46,0,18,133,0,151,4,26,167,0,197,134,0,134,331
05/07/2007,SMX,CA,AWP,WE,Federal Contract Tower,0,15,16,0,31,0,21,77,0,98,0,36,93,0,129,50,0,50,179
05/08/2007,SMX,CA,AWP,WE,Federal Contract Tower,0,19,7,0,26,0,21,68,2,91,0,40,75,2,117,84,0,84,201
05/09/2007,SMX,CA,AWP,WE,Federal Contract Tower,2,22,13,0,37,0,11,73,2,86,2,33,86,2,123,90,0,90,213
05/10/2007,SMX,CA,AWP,WE,Federal Contract Tower,0,25,20,0,45,0,22,61,0,83,0,47,81,0,128,92,2,94,222
05/11/2007,SMX,CA,AWP,WE,Federal Contract Tower,2,22,21,1,46,0,16,75,0,91,2,38,96,1,137,76,6,82,219
05/12/2007,SMX,CA,AWP,WE,Federal Contract Tower,0,8,12,0,20,0,12,77,0,89,0,20,89,0,109,98,0,98,207
05/13/2007,SMX,CA,AWP,WE,Federal Contract Tower,2,10,11,0,23,0,13,68,0,81,2,23,79,0,104,88,0,88,192
05/14/2007,SMX,CA,AWP,WE,Federal Contract Tower,0,19,19,0,38,0,18,51,0,69,0,37,70,0,107,94,0,94,201
05/15/2007,SMX,CA,AWP,WE,Federal Contract Tower,0,31,34,2,67,0,8,35,0,43,0,39,69,2,110,24,0,24,134
05/16/2007,SMX,CA,AWP,WE,Federal Contract Tower,2,23,22,5,52,0,15,60,9,84,2,38,82,14,136,32,6,38,174
05/17/2007,SMX,CA,AWP,WE,Federal Contract Tower,0,28,17,0,45,0,19,60,0,79,0,47,77,0,124,54,0,54,178
05/18/2007,SMX,CA,AWP,WE,Federal Contract Tower,2,19,22,1,44,0,17,99,2,118,2,36,121,3,162,96,6,102,264
05/19/2007,SMX,CA,AWP,WE,Federal Contract Tower,0,9,22,0,31,0,13,84,6,103,0,22,106,6,134,88,12,100,234
05/20/2007,SMX,CA,AWP,WE,Federal Contract Tower,2,7,20,1,30,0,18,112,0,130,2,25,132,1,160,114,0,114,274
05/21/2007,SMX,CA,AWP,WE,Federal Contract Tower,0,20,23,0,43,0,5,38,3,46,0,25,61,3,89,62,0,62,151
05/22/2007,SMX,CA,AWP,WE,Federal Contract Tower,0,21,6,1,28,0,9,80,1,90,0,30,86,2,118,96,26,122,240
05/23/2007,SMX,CA,AWP,WE,Federal Contract Tower,2,28,18,0,48,0,14,55,0,69,2,42,73,0,117,78,0,78,195
05/24/2007,SMX,CA,AWP,WE,Federal Contract Tower,0,29,31,0,60,0,16,40,0,56,0,45,71,0,116,92,0,92,208
05/25/2007,SMX,CA,AWP,WE,Federal Contract Tower,2,24,38,0,64,0,7,65,0,72,2,31,103,0,136,88,0,88,224
05/26/2007,SMX,CA,AWP,WE,Federal Contract Tower,0,9,10,0,19,0,12,57,0,69,0,21,67,0,88,78,0,78,166
05/27/2007,SMX,CA,AWP,WE,Federal Contract Tower,2,9,16,0,27,0,13,65,0,78,2,22,81,0,105,66,0,66,171
05/28/2007,SMX,CA,AWP,WE,Federal Contract Tower,0,9,15,0,24,0,4,80,0,84,0,13,95,0,108,74,0,74,182
05/29/2007,SMX,CA,AWP,WE,Federal Contract Tower,0,20,22,0,42,0,9,43,0,52,0,29,65,0,94,84,0,84,178
05/30/2007,SMX,CA,AWP,WE,Federal Contract Tower,2,20,22,0,44,0,9,48,0,57,2,29,70,0,101,118,0,118,219
05/31/2007,SMX,CA,AWP,WE,Federal Contract Tower,0,23,19,0,42,0,21,62,0,83,0,44,81,0,125,54,0,54,179
06/01/2007,SMX,CA,AWP,WE,Federal Contract Tower,2,20,35,0,57,0,16,44,0,60,2,36,79,0,117,84,6,90,207
06/02/2007,SMX,CA,AWP,WE,Federal Contract Tower,0,10,30,0,40,0,17,73,0,90,0,27,103,0,130,156,0,156,286
06/03/2007,SMX,CA,AWP,WE,Federal Contract Tower,2,7,19,0,28,0,14,69,4,87,2,21,88,4,115,76,0,76,191
06/04/2007,SMX,CA,AWP,WE,Federal Contract Tower,0,28,17,0,45,0,2,88,0,90,0,30,105,0,135,84,0,84,219
06/05/2007,SMX,CA,AWP,WE,Federal Contract Tower,0,27,28,0,55,0,5,36,0,41,0,32,64,0,96,16,0,16,112
06/06/2007,SMX,CA,AWP,WE,Federal Contract Tower,2,20,10,0,32,0,22,82,0,104,2,42,92,0,136,88,0,88,224
06/07/2007,SMX,CA,AWP,WE,Federal Contract Tower,0,22,16,0,38,0,26,60,0,86,0,48,76,0,124,92,2,94,218
06/08/2007,SMX,CA,AWP,WE,Federal Contract Tower,2,20,33,0,55,0,12,65,0,77,2,32,98,0,132,130,0,130,262
06/09/2007,SMX,CA,AWP,WE,Federal Contract Tower,0,11,27,0,38,0,12,64,0,76,0,23,91,0,114,104,0,104,218
06/10/2007,SMX,CA,AWP,WE,Federal Contract Tower,2,7,15,0,24,0,4,92,0,96,2,11,107,0,120,98,0,98,218
06/11/2007,SMX,CA,AWP,WE,Federal Contract Tower,0,20,23,0,43,0,4,22,0,26,0,24,45,0,69,74,4,78,147
06/12/2007,SMX,CA,AWP,WE,Federal Contract Tower,0,21,11,0,32,0,25,86,2,113,0,46,97,2,145,92,10,102,247
06/13/2007,SMX,CA,AWP,WE,Federal Contract Tower,2,19,12,0,33,0,17,65,0,82,2,36,77,0,115,84,2,86,201
06/14/2007,SMX,CA,AWP,WE,Federal Contract Tower,0,21,11,0,32,0,15,60,0,75,0,36,71,0,107,72,2,74,181
06/15/2007,SMX,CA,AWP,WE,Federal Contract Tower,2,21,24,0,47,0,6,60,0,66,2,27,84,0,113,98,10,108,221
06/16/2007,SMX,CA,AWP,WE,Federal Contract Tower,0,16,26,0,42,0,9,69,0,78,0,25,95,0,120,86,0,86,206
06/17/2007,SMX,CA,AWP,WE,Federal Contract Tower,2,8,17,0,27,0,4,57,0,61,2,12,74,0,88,73,4,77,165
06/18/2007,SMX,CA,AWP,WE,Federal Contract Tower,0,23,13,0,36,0,5,39,4,48,0,28,52,4,84,74,6,80,164
06/19/2007,SMX,CA,AWP,WE,Federal Contract Tower,0,26,11,2,39,0,17,70,4,91,0,43,81,6,130,94,2,96,226
06/20/2007,SMX,CA,AWP,WE,Federal Contract Tower,2,26,25,2,55,0,17,35,1,53,2,43,60,3,108,182,6,188,296
06/21/2007,SMX,CA,AWP,WE,Federal Contract Tower,0,21,25,0,46,0,16,56,0,72,0,37,81,0,118,100,0,100,218
06/22/2007,SMX,CA,AWP,WE,Federal Contract Tower,2,17,13,0,32,0,8,74,0,82,2,25,87,0,114,114,0,114,228
06/23/2007,SMX,CA,AWP,WE,Federal Contract Tower,0,10,10,0,20,0,15,97,0,112,0,25,107,0,132,124,0,124,256
06/24/2007,SMX,CA,AWP,WE,Federal Contract Tower,2,7,11,0,20,0,20,75,0,95,2,27,86,0,115,76,0,76,191
06/25/2007,SMX,CA,AWP,WE,Federal Contract Tower,0,15,12,1,28,0,14,66,0,80,0,29,78,1,108,84,0,84,192
06/26/2007,SMX,CA,AWP,WE,Federal Contract Tower,0,20,12,2,34,0,25,79,0,104,0,45,91,2,138,156,6,162,300
06/27/2007,SMX,CA,AWP,WE,Federal Contract Tower,2,25,21,1,49,0,14,55,0,69,2,39,76,1,118,102,16,118,236
06/28/2007,SMX,CA,AWP,WE,Federal Contract Tower,0,20,11,0,31,0,19,63,3,85,0,39,74,3,116,68,0,68,184
06/29/2007,SMX,CA,AWP,WE,Federal Contract Tower,2,16,15,0,33,0,13,67,0,80,2,29,82,0,113,84,0,84,197
06/30/2007,SMX,CA,AWP,WE,Federal Contract Tower,0,10,9,0,19,0,15,89,0,104,0,25,98,0,123,84,0,84,207
07/01/2007,SMX,CA,AWP,WE,Federal Contract Tower,2,8,9,0,19,0,12,122,0,134,2,20,131,0,153,98,0,98,251
07/02/2007,SMX,CA,AWP,WE,Federal Contract Tower,0,18,5,0,23,0,13,77,0,90,0,31,82,0,113,102,0,102,215
07/03/2007,SMX,CA,AWP,WE,Federal Contract Tower,0,21,9,0,30,0,11,64,0,75,0,32,73,0,105,90,2,92,197
07/04/2007,SMX,CA,AWP,WE,Federal Contract Tower,2,9,9,0,20,0,6,185,0,191,2,15,194,0,211,62,0,62,273
07/05/2007,SMX,CA,AWP,WE,Federal Contract Tower,2,21,23,0,46,0,10,185,1,196,2,31,208,1,242,46,0,46,288
07/06/2007,SMX,CA,AWP,WE,Federal Contract Tower,2,18,16,1,37,0,17,130,1,148,2,35,146,2,185,90,2,92,277
07/07/2007,SMX,CA,AWP,WE,Federal Contract Tower,0,11,16,2,29,0,15,100,0,115,0,26,116,2,144,78,0,78,222
07/08/2007,SMX,CA,AWP,WE,Federal Contract Tower,2,10,20,0,32,0,9,64,0,73,2,19,84,0,105,74,0,74,179
07/09/2007,SMX,CA,AWP,WE,Federal Contract Tower,0,23,20,0,43,0,8,115,0,123,0,31,135,0,166,42,0,42,208
07/10/2007,SMX,CA,AWP,WE,Federal Contract Tower,0,33,28,0,61,0,7,32,0,39,0,40,60,0,100,42,0,42,142
07/11/2007,SMX,CA,AWP,WE,Federal Contract Tower,2,21,22,0,45,0,25,70,1,96,2,46,92,1,141,64,0,64,205
07/12/2007,SMX,CA,AWP,WE,Federal Contract Tower,0,19,10,0,29,0,18,126,3,147,0,37,136,3,176,60,0,60,236
07/13/2007,SMX,CA,AWP,WE,Federal Contract Tower,2,14,18,0,34,0,18,118,0,136,2,32,136,0,170,88,0,88,258
07/14/2007,SMX,CA,AWP,WE,Federal Contract Tower,0,11,11,0,22,0,12,81,0,93,0,23,92,0,115,68,0,68,183
07/15/2007,SMX,CA,AWP,WE,Federal Contract Tower,2,11,19,0,32,0,4,135,0,139,2,15,154,0,171,102,0,102,273
07/16/2007,SMX,CA,AWP,WE,Federal Contract Tower,0,14,10,0,24,0,9,151,0,160,0,23,161,0,184,50,2,52,236
07/17/2007,SMX,CA,AWP,WE,Federal Contract Tower,0,23,13,0,36,0,9,172,0,181,0,32,185,0,217,72,2,74,291
07/18/2007,SMX,CA,AWP,WE,Federal Contract Tower,2,19,23,0,44,0,9,74,0,83,2,28,97,0,127,32,2,34,161
07/19/2007,SMX,CA,AWP,WE,Federal Contract Tower,0,20,15,0,35,0,14,111,2,127,0,34,126,2,162,24,8,32,194
07/20/2007,SMX,CA,AWP,WE,Federal Contract Tower,2,15,3,0,20,0,14,91,0,105,2,29,94,0,125,60,2,62,187
07/21/2007,SMX,CA,AWP,WE,Federal Contract Tower,0,10,12,0,22,0,14,167,0,181,0,24,179,0,203,98,0,98,301
07/22/2007,SMX,CA,AWP,WE,Federal Contract Tower,2,8,18,0,28,0,13,164,0,177,2,21,182,0,205,108,0,108,313
07/23/2007,SMX,CA,AWP,WE,Federal Contract Tower,0,17,9,0,26,0,9,86,0,95,0,26,95,0,121,82,0,82,203
07/24/2007,SMX,CA,AWP,WE,Federal Contract Tower,0,27,8,0,35,0,22,93,2,117,0,49,101,2,152,60,2,62,214
07/25/2007,SMX,CA,AWP,WE,Federal Contract Tower,2,28,21,0,51,0,9,44,0,53,2,37,65,0,104,102,0,102,206
07/26/2007,SMX,CA,AWP,WE,Federal Contract Tower,0,24,27,0,51,0,11,39,0,50,0,35,66,0,101,98,2,100,201
07/27/2007,SMX,CA,AWP,WE,Federal Contract Tower,2,22,14,0,38,0,13,104,0,117,2,35,118,0,155,120,0,120,275
07/28/2007,SMX,CA,AWP,WE,Federal Contract Tower,0,11,11,0,22,0,17,183,0,200,0,28,194,0,222,66,0,66,288
07/29/2007,SMX,CA,AWP,WE,Federal Contract Tower,2,9,16,2,29,0,6,199,0,205,2,15,215,2,234,52,2,54,288
07/30/2007,SMX,CA,AWP,WE,Federal Contract Tower,0,21,21,0,42,0,10,181,0,191,0,31,202,0,233,50,0,50,283
07/31/2007,SMX,CA,AWP,WE,Federal Contract Tower,0,25,21,0,46,0,12,168,0,180,0,37,189,0,226,80,4,84,310
08/01/2007,SMX,CA,AWP,WE,Federal Contract Tower,2,24,23,0,49,0,21,166,0,187,2,45,189,0,236,86,0,86,322
08/02/2007,SMX,CA,AWP,WE,Federal Contract Tower,0,24,24,0,48,0,9,143,0,152,0,33,167,0,200,28,0,28,228
08/03/2007,SMX,CA,AWP,WE,Federal Contract Tower,2,29,20,0,51,0,8,147,0,155,2,37,167,0,206,106,4,110,316
08/04/2007,SMX,CA,AWP,WE,Federal Contract Tower,0,11,15,0,26,0,15,190,0,205,0,26,205,0,231,68,2,70,301
08/05/2007,SMX,CA,AWP,WE,Federal Contract Tower,2,11,19,0,32,0,14,155,0,169,2,25,174,0,201,56,0,56,257
08/06/2007,SMX,CA,AWP,WE,Federal Contract Tower,0,17,28,0,45,0,16,103,0,119,0,33,131,0,164,38,0,38,202
08/07/2007,SMX,CA,AWP,WE,Federal Contract Tower,0,21,19,0,40,0,22,77,0,99,0,43,96,0,139,72,0,72,211
08/08/2007,SMX,CA,AWP,WE,Federal Contract Tower,2,21,25,0,48,0,17,188,0,205,2,38,213,0,253,66,0,66,319
08/09/2007,SMX,CA,AWP,WE,Federal Contract Tower,0,22,24,0,46,0,12,127,4,143,0,34,151,4,189,28,10,38,227
08/10/2007,SMX,CA,AWP,WE,Federal Contract Tower,2,20,20,0,42,0,9,131,0,140,2,29,151,0,182,46,2,48,230
08/11/2007,SMX,CA,AWP,WE,Federal Contract Tower,2,11,25,0,38,0,13,151,0,164,2,24,176,0,202,54,0,54,256
08/12/2007,SMX,CA,AWP,WE,Federal Contract Tower,2,7,150,0,159,0,5,31,0,36,2,12,181,0,195,60,0,60,255
08/13/2007,SMX,CA,AWP,WE,Federal Contract Tower,0,18,14,0,32,0,17,178,0,195,0,35,192,0,227,74,0,74,301
08/14/2007,SMX,CA,AWP,WE,Federal Contract Tower,0,21,5,0,26,0,0,147,0,147,0,21,152,0,173,78,2,80,253
08/15/2007,SMX,CA,AWP,WE,Federal Contract Tower,2,26,34,0,62,0,20,153,0,173,2,46,187,0,235,104,0,104,339
08/16/2007,SMX,CA,AWP,WE,Federal Contract Tower,0,26,22,0,48,0,12,69,0,81,0,38,91,0,129,78,2,80,209
08/17/2007,SMX,CA,AWP,WE,Federal Contract Tower,2,23,26,0,51,0,21,146,0,167,2,44,172,0,218,84,0,84,302
08/18/2007,SMX,CA,AWP,WE,Federal Contract Tower,0,14,21,0,35,0,11,200,0,211,0,25,221,0,246,100,0,100,346
08/19/2007,SMX,CA,AWP,WE,Federal Contract Tower,2,7,16,0,25,0,2,156,1,159,2,9,172,1,184,40,0,40,224
08/20/2007,SMX,CA,AWP,WE,Federal Contract Tower,0,18,12,0,30,0,12,289,0,301,0,30,301,0,331,46,0,46,377
08/21/2007,SMX,CA,AWP,WE,Federal Contract Tower,0,23,14,0,37,0,5,178,0,183,0,28,192,0,220,12,0,12,232
08/22/2007,SMX,CA,AWP,WE,Federal Contract Tower,2,27,35,2,66,0,15,143,2,160,2,42,178,4,226,40,0,40,266
08/23/2007,SMX,CA,AWP,WE,Federal Contract Tower,0,26,28,2,56,0,8,84,1,93,0,34,112,3,149,58,0,58,207
08/24/2007,SMX,CA,AWP,WE,Federal Contract Tower,2,26,23,8,59,0,5,116,12,133,2,31,139,20,192,38,66,104,296
08/25/2007,SMX,CA,AWP,WE,Federal Contract Tower,0,9,5,0,14,0,10,168,2,180,0,19,173,2,194,110,32,142,336
08/26/2007,SMX,CA,AWP,WE,Federal Contract Tower,2,9,4,3,18,0,8,136,22,166,2,17,140,25,184,178,88,266,450
08/27/2007,SMX,CA,AWP,WE,Federal Contract Tower,0,16,22,4,42,0,20,74,0,94,0,36,96,4,136,88,0,88,224
08/28/2007,SMX,CA,AWP,WE,Federal Contract Tower,0,26,18,0,44,0,28,79,0,107,0,54,97,0,151,100,0,100,251
08/29/2007,SMX,CA,AWP,WE,Federal Contract Tower,2,26,23,2,53,0,11,63,1,75,2,37,86,3,128,118,0,118,246
08/30/2007,SMX,CA,AWP,WE,Federal Contract Tower,0,18,26,0,44,0,17,118,0,135,0,35,144,0,179,48,0,48,227
08/31/2007,SMX,CA,AWP,WE,Federal Contract Tower,2,19,24,1,46,0,12,65,0,77,2,31,89,1,123,54,0,54,177
09/01/2007,SMX,CA,AWP,WE,Federal Contract Tower,0,9,6,0,15,0,9,125,0,134,0,18,131,0,149,100,0,100,249
09/02/2007,SMX,CA,AWP,WE,Federal Contract Tower,2,11,25,0,38,0,5,97,2,104,2,16,122,2,142,136,0,136,278
09/03/2007,SMX,CA,AWP,WE,Federal Contract Tower,0,5,8,0,13,0,8,97,0,105,0,13,105,0,118,80,0,80,198
09/04/2007,SMX,CA,AWP,WE,Federal Contract Tower,0,25,19,0,44,0,19,43,0,62,0,44,62,0,106,14,0,14,120
09/05/2007,SMX,CA,AWP,WE,Federal Contract Tower,2,23,31,0,56,0,16,45,0,61,2,39,76,0,117,106,0,106,223
09/06/2007,SMX,CA,AWP,WE,Federal Contract Tower,0,21,25,2,48,0,18,43,0,61,0,39,68,2,109,50,0,50,159
09/07/2007,SMX,CA,AWP,WE,Federal Contract Tower,2,19,30,0,51,0,19,66,1,86,2,38,96,1,137,64,0,64,201
09/08/2007,SMX,CA,AWP,WE,Federal Contract Tower,0,9,14,2,25,0,7,124,2,133,0,16,138,4,158,84,0,84,242
09/09/2007,SMX,CA,AWP,WE,Federal Contract Tower,2,7,18,0,27,0,13,130,0,143,2,20,148,0,170,118,0,118,288
09/10/2007,SMX,CA,AWP,WE,Federal Contract Tower,0,16,3,0,19,0,16,106,0,122,0,32,109,0,141,96,0,96,237
09/11/2007,SMX,CA,AWP,WE,Federal Contract Tower,0,25,14,0,39,0,9,84,0,93,0,34,98,0,132,92,0,92,224
09/12/2007,SMX,CA,AWP,WE,Federal Contract Tower,2,24,30,0,56,0,15,60,0,75,2,39,90,0,131,72,0,72,203
09/13/2007,SMX,CA,AWP,WE,Federal Contract Tower,0,22,23,0,45,0,21,52,1,74,0,43,75,1,119,60,0,60,179
09/14/2007,SMX,CA,AWP,WE,Federal Contract Tower,3,15,8,0,26,0,19,93,0,112,3,34,101,0,138,84,0,84,222
09/15/2007,SMX,CA,AWP,WE,Federal Contract Tower,0,12,10,0,22,0,16,123,0,139,0,28,133,0,161,76,0,76,237
09/16/2007,SMX,CA,AWP,WE,Federal Contract Tower,4,8,17,1,30,0,9,89,1,99,4,17,106,2,129,76,0,76,205
09/17/2007,SMX,CA,AWP,WE,Federal Contract Tower,0,16,24,2,42,0,13,83,0,96,0,29,107,2,138,60,0,60,198
09/18/2007,SMX,CA,AWP,WE,Federal Contract Tower,0,27,40,0,67,0,13,79,0,92,0,40,119,0,159,74,0,74,233
09/19/2007,SMX,CA,AWP,WE,Federal Contract Tower,2,21,32,2,57,0,21,40,0,61,2,42,72,2,118,74,0,74,192
09/20/2007,SMX,CA,AWP,WE,Federal Contract Tower,0,20,20,2,42,0,16,38,0,54,0,36,58,2,96,72,0,72,168
09/21/2007,SMX,CA,AWP,WE,Federal Contract Tower,2,16,19,0,37,0,16,35,0,51,2,32,54,0,88,78,0,78,166
09/22/2007,SMX,CA,AWP,WE,Federal Contract Tower,0,9,17,0,26,0,6,59,0,65,0,15,76,0,91,42,0,42,133
09/23/2007,SMX,CA,AWP,WE,Federal Contract Tower,2,9,17,1,29,0,16,74,1,91,2,25,91,2,120,124,0,124,244
09/24/2007,SMX,CA,AWP,WE,Federal Contract Tower,0,11,10,1,22,0,16,96,0,112,0,27,106,1,134,98,2,100,234
09/25/2007,SMX,CA,AWP,WE,Federal Contract Tower,0,17,13,0,30,0,25,113,0,138,0,42,126,0,168,130,0,130,298
09/26/2007,SMX,CA,AWP,WE,Federal Contract Tower,2,19,15,0,36,0,25,102,0,127,2,44,117,0,163,128,0,128,291
09/27/2007,SMX,CA,AWP,WE,Federal Contract Tower,0,20,13,2,35,0,27,74,2,103,0,47,87,4,138,96,0,96,234
09/28/2007,SMX,CA,AWP,WE,Federal Contract Tower,2,20,23,0,45,0,17,61,0,78,2,37,84,0,123,42,0,42,165
09/29/2007,SMX,CA,AWP,WE,Federal Contract Tower,0,9,11,0,20,0,8,97,0,105,0,17,108,0,125,92,0,92,217
09/30/2007,SMX,CA,AWP,WE,Federal Contract Tower,2,8,18,0,28,0,15,125,0,140,2,23,143,0,168,140,0,140,308
10/01/2007,SMX,CA,AWP,WE,Federal Contract Tower,0,15,12,2,29,0,18,82,0,100,0,33,94,2,129,78,0,78,207
10/02/2007,SMX,CA,AWP,WE,Federal Contract Tower,0,21,12,0,33,0,18,72,0,90,0,39,84,0,123,42,0,42,165
10/03/2007,SMX,CA,AWP,WE,Federal Contract Tower,2,19,2,0,23,0,17,98,0,115,2,36,100,0,138,80,0,80,218
10/04/2007,SMX,CA,AWP,WE,Federal Contract Tower,0,22,24,0,46,0,14,51,0,65,0,36,75,0,111,22,0,22,133
10/05/2007,SMX,CA,AWP,WE,Federal Contract Tower,2,19,12,0,33,0,19,57,0,76,2,38,69,0,109,46,0,46,155
10/06/2007,SMX,CA,AWP,WE,Federal Contract Tower,0,9,8,0,17,0,9,85,0,94,0,18,93,0,111,92,0,92,203
10/07/2007,SMX,CA,AWP,WE,Federal Contract Tower,2,11,21,0,34,0,6,102,0,108,2,17,123,0,142,108,0,108,250
10/08/2007,SMX,CA,AWP,WE,Federal Contract Tower,0,14,17,0,31,0,21,89,0,110,0,35,106,0,141,112,0,112,253
10/09/2007,SMX,CA,AWP,WE,Federal Contract Tower,0,25,36,2,63,0,7,53,1,61,0,32,89,3,124,78,0,78,202
10/10/2007,SMX,CA,AWP,WE,Federal Contract Tower,2,24,10,0,36,0,14,42,0,56,2,38,52,0,92,68,0,68,160
10/11/2007,SMX,CA,AWP,WE,Federal Contract Tower,0,19,21,1,41,0,33,67,0,100,0,52,88,1,141,88,0,88,229
10/12/2007,SMX,CA,AWP,WE,Federal Contract Tower,2,21,30,1,54,0,21,26,0,47,2,42,56,1,101,44,0,44,145
10/13/2007,SMX,CA,AWP,WE,Federal Contract Tower,0,11,16,0,27,0,10,62,0,72,0,21,78,0,99,144,0,144,243
10/14/2007,SMX,CA,AWP,WE,Federal Contract Tower,2,13,18,0,33,0,9,76,0,85,2,22,94,0,118,88,0,88,206
10/15/2007,SMX,CA,AWP,WE,Federal Contract Tower,0,19,20,2,41,0,7,47,0,54,0,26,67,2,95,36,6,42,137
10/16/2007,SMX,CA,AWP,WE,Federal Contract Tower,0,17,14,0,31,0,19,70,0,89,0,36,84,0,120,100,0,100,220
10/17/2007,SMX,CA,AWP,WE,Federal Contract Tower,2,24,30,0,56,0,13,30,0,43,2,37,60,0,99,42,0,42,141
10/18/2007,SMX,CA,AWP,WE,Federal Contract Tower,0,19,16,0,35,0,23,78,2,103,0,42,94,2,138,50,0,50,188
10/19/2007,SMX,CA,AWP,WE,Federal Contract Tower,4,17,27,0,48,0,11,86,0,97,4,28,113,0,145,78,0,78,223
10/20/2007,SMX,CA,AWP,WE,Federal Contract Tower,0,9,12,0,21,0,10,65,0,75,0,19,77,0,96,84,0,84,180
10/21/2007,SMX,CA,AWP,WE,Federal Contract Tower,2,12,7,0,21,0,13,133,0,146,2,25,140,0,167,62,0,62,229
10/22/2007,SMX,CA,AWP,WE,Federal Contract Tower,0,13,11,0,24,0,17,63,0,80,0,30,74,0,104,84,0,84,188
10/23/2007,SMX,CA,AWP,WE,Federal Contract Tower,0,21,6,0,27,0,21,89,0,110,0,42,95,0,137,104,0,104,241
10/24/2007,SMX,CA,AWP,WE,Federal Contract Tower,2,20,13,0,35,0,17,81,0,98,2,37,94,0,133,130,0,130,263
10/25/2007,SMX,CA,AWP,WE,Federal Contract Tower,0,21,53,3,77,0,13,75,2,90,0,34,128,5,167,10,0,10,177
10/26/2007,SMX,CA,AWP,WE,Federal Contract Tower,6,30,39,2,77,0,10,76,0,86,6,40,115,2,163,26,0,26,189
10/27/2007,SMX,CA,AWP,WE,Federal Contract Tower,0,19,70,0,89,0,8,105,0,113,0,27,175,0,202,50,0,50,252
10/28/2007,SMX,CA,AWP,WE,Federal Contract Tower,2,9,49,0,60,0,10,172,0,182,2,19,221,0,242,40,0,40,282
10/29/2007,SMX,CA,AWP,WE,Federal Contract Tower,2,17,19,0,38,0,11,46,0,57,2,28,65,0,95,120,0,120,215
10/30/2007,SMX,CA,AWP,WE,Federal Contract Tower,0,22,24,0,46,0,20,97,4,121,0,42,121,4,167,124,0,124,291
10/31/2007,SMX,CA,AWP,WE,Federal Contract Tower,2,23,18,0,43,0,15,66,0,81,2,38,84,0,124,62,0,62,186
11/01/2007,SMX,CA,AWP,WE,Federal Contract Tower,0,29,33,0,62,0,5,3,0,8,0,34,36,0,70,24,0,24,94
11/02/2007,SMX,CA,AWP,WE,Federal Contract Tower,4,23,14,0,41,0,12,78,0,90,4,35,92,0,131,56,0,56,187
11/03/2007,SMX,CA,AWP,WE,Federal Contract Tower,0,19,13,0,32,0,14,70,0,84,0,33,83,0,116,78,0,78,194
11/04/2007,SMX,CA,AWP,WE,Federal Contract Tower,2,10,32,0,44,0,0,51,0,51,2,10,83,0,95,72,0,72,167
11/05/2007,SMX,CA,AWP,WE,Federal Contract Tower,2,21,35,0,58,0,8,20,0,28,2,29,55,0,86,68,0,68,154
11/06/2007,SMX,CA,AWP,WE,Federal Contract Tower,0,35,38,0,73,0,4,15,0,19,0,39,53,0,92,56,0,56,148
11/07/2007,SMX,CA,AWP,WE,Federal Contract Tower,2,25,30,0,57,0,18,34,0,52,2,43,64,0,109,36,0,36,145
11/08/2007,SMX,CA,AWP,WE,Federal Contract Tower,0,33,56,0,89,0,6,17,0,23,0,39,73,0,112,62,0,62,174
11/09/2007,SMX,CA,AWP,WE,Federal Contract Tower,5,25,35,0,65,0,21,12,0,33,5,46,47,0,98,82,0,82,180
11/10/2007,SMX,CA,AWP,WE,Federal Contract Tower,0,11,25,0,36,0,11,64,0,75,0,22,89,0,111,96,0,96,207
11/11/2007,SMX,CA,AWP,WE,Federal Contract Tower,2,13,11,0,26,0,0,46,0,46,2,13,57,0,72,54,0,54,126
11/12/2007,SMX,CA,AWP,WE,Federal Contract Tower,2,13,10,0,25,0,22,79,0,101,2,35,89,0,126,124,0,124,250
11/13/2007,SMX,CA,AWP,WE,Federal Contract Tower,0,18,19,0,37,0,25,90,0,115,0,43,109,0,152,58,0,58,210
11/14/2007,SMX,CA,AWP,WE,Federal Contract Tower,2,18,17,0,37,0,22,86,0,108,2,40,103,0,145,98,0,98,243
11/15/2007,SMX,CA,AWP,WE,Federal Contract Tower,2,22,29,0,53,0,13,98,0,111,2,35,127,0,164,82,0,82,246
11/16/2007,SMX,CA,AWP,WE,Federal Contract Tower,4,31,37,0,72,0,0,0,0,0,4,31,37,0,72,12,0,12,84
11/17/2007,SMX,CA,AWP,WE,Federal Contract Tower,0,10,23,0,33,0,5,68,0,73,0,15,91,0,106,50,0,50,156
11/18/2007,SMX,CA,AWP,WE,Federal Contract Tower,2,7,10,0,19,0,4,85,0,89,2,11,95,0,108,90,0,90,198
11/19/2007,SMX,CA,AWP,WE,Federal Contract Tower,2,19,19,0,40,0,13,50,0,63,2,32,69,0,103,86,0,86,189
11/20/2007,SMX,CA,AWP,WE,Federal Contract Tower,0,29,11,0,40,0,22,69,0,91,0,51,80,0,131,90,0,90,221
11/21/2007,SMX,CA,AWP,WE,Federal Contract Tower,2,20,19,0,41,0,18,98,0,116,2,38,117,0,157,80,0,80,237
11/22/2007,SMX,CA,AWP,WE,Federal Contract Tower,0,6,7,0,13,0,13,33,0,46,0,19,40,0,59,20,0,20,79
11/23/2007,SMX,CA,AWP,WE,Federal Contract Tower,4,16,6,0,26,0,14,72,0,86,4,30,78,0,112,66,0,66,178
11/24/2007,SMX,CA,AWP,WE,Federal Contract Tower,0,16,20,0,36,0,7,40,0,47,0,23,60,0,83,70,0,70,153
11/25/2007,SMX,CA,AWP,WE,Federal Contract Tower,2,15,12,0,29,0,8,90,0,98,2,23,102,0,127,74,0,74,201
11/26/2007,SMX,CA,AWP,WE,Federal Contract Tower,2,15,15,0,32,0,20,45,0,65,2,35,60,0,97,110,0,110,207
11/27/2007,SMX,CA,AWP,WE,Federal Contract Tower,0,19,10,0,29,0,24,48,0,72,0,43,58,0,101,92,0,92,193
11/28/2007,SMX,CA,AWP,WE,Federal Contract Tower,2,23,18,0,43,0,19,54,0,73,2,42,72,0,116,48,0,48,164
11/29/2007,SMX,CA,AWP,WE,Federal Contract Tower,0,22,19,0,41,0,21,61,0,82,0,43,80,0,123,90,0,90,213
11/30/2007,SMX,CA,AWP,WE,Federal Contract Tower,3,22,17,0,42,0,16,50,0,66,3,38,67,0,108,54,0,54,162
12/01/2007,SMX,CA,AWP,WE,Federal Contract Tower,0,9,10,0,19,0,11,73,0,84,0,20,83,0,103,58,0,58,161
12/02/2007,SMX,CA,AWP,WE,Federal Contract Tower,2,9,11,0,22,0,5,71,0,76,2,14,82,0,98,60,2,62,160
12/03/2007,SMX,CA,AWP,WE,Federal Contract Tower,2,12,5,0,19,0,24,52,0,76,2,36,57,0,95,90,0,90,185
12/04/2007,SMX,CA,AWP,WE,Federal Contract Tower,0,24,13,0,37,0,25,69,0,94,0,49,82,0,131,66,0,66,197
12/05/2007,SMX,CA,AWP,WE,Federal Contract Tower,2,23,14,0,39,0,21,65,0,86,2,44,79,0,125,52,0,52,177
12/06/2007,SMX,CA,AWP,WE,Federal Contract Tower,0,27,21,0,48,0,13,37,0,50,0,40,58,0,98,106,0,106,204
12/07/2007,SMX,CA,AWP,WE,Federal Contract Tower,2,22,8,0,32,0,10,2,6,18,2,32,10,6,50,0,0,0,50
12/08/2007,SMX,CA,AWP,WE,Federal Contract Tower,0,10,10,0,20,0,5,38,0,43,0,15,48,0,63,34,0,34,97
12/09/2007,SMX,CA,AWP,WE,Federal Contract Tower,1,8,5,0,14,0,9,71,0,80,1,17,76,0,94,48,0,48,142
12/10/2007,SMX,CA,AWP,WE,Federal Contract Tower,2,15,7,2,26,0,24,48,0,72,2,39,55,2,98,74,8,82,180
12/11/2007,SMX,CA,AWP,WE,Federal Contract Tower,0,22,21,0,43,0,21,53,0,74,0,43,74,0,117,64,0,64,181
12/12/2007,SMX,CA,AWP,WE,Federal Contract Tower,2,18,16,0,36,0,17,107,0,124,2,35,123,0,160,60,0,60,220
12/13/2007,SMX,CA,AWP,WE,Federal Contract Tower,0,19,17,0,36,0,23,70,0,93,0,42,87,0,129,86,2,88,217
12/14/2007,SMX,CA,AWP,WE,Federal Contract Tower,4,19,9,0,32,0,31,89,0,120,4,50,98,0,152,146,2,148,300
12/15/2007,SMX,CA,AWP,WE,Federal Contract Tower,0,11,6,0,17,0,14,122,0,136,0,25,128,0,153,96,0,96,249
12/16/2007,SMX,CA,AWP,WE,Federal Contract Tower,2,8,13,2,25,0,6,62,0,68,2,14,75,2,93,26,0,26,119
12/17/2007,SMX,CA,AWP,WE,Federal Contract Tower,2,21,12,0,35,0,13,31,1,45,2,34,43,1,80,20,0,20,100
12/18/2007,SMX,CA,AWP,WE,Federal Contract Tower,0,35,13,1,49,0,4,6,0,10,0,39,19,1,59,0,0,0,59
12/19/2007,SMX,CA,AWP,WE,Federal Contract Tower,2,35,22,1,60,0,12,34,0,46,2,47,56,1,106,48,0,48,154
12/20/2007,SMX,CA,AWP,WE,Federal Contract Tower,0,28,19,0,47,0,12,11,0,23,0,40,30,0,70,10,0,10,80
12/21/2007,SMX,CA,AWP,WE,Federal Contract Tower,4,24,13,0,41,0,29,86,0,115,4,53,99,0,156,70,0,70,226
12/22/2007,SMX,CA,AWP,WE,Federal Contract Tower,0,9,14,0,23,0,6,66,0,72,0,15,80,0,95,116,0,116,211
12/23/2007,SMX,CA,AWP,WE,Federal Contract Tower,2,10,13,0,25,0,8,60,0,68,2,18,73,0,93,62,0,62,155
12/24/2007,SMX,CA,AWP,WE,Federal Contract Tower,2,12,8,0,22,0,19,35,0,54,2,31,43,0,76,58,0,58,134
12/25/2007,SMX,CA,AWP,WE,Federal Contract Tower,0,7,1,0,8,0,11,28,0,39,0,18,29,0,47,18,0,18,65
12/26/2007,SMX,CA,AWP,WE,Federal Contract Tower,2,19,9,0,30,0,17,52,0,69,2,36,61,0,99,56,0,56,155
12/27/2007,SMX,CA,AWP,WE,Federal Contract Tower,0,19,9,0,28,0,28,84,0,112,0,47,93,0,140,122,0,122,262
12/28/2007,SMX,CA,AWP,WE,Federal Contract Tower,4,18,9,2,33,0,15,34,0,49,4,33,43,2,82,154,0,154,236
12/29/2007,SMX,CA,AWP,WE,Federal Contract Tower,0,10,11,0,21,0,7,45,0,52,0,17,56,0,73,116,0,116,189
12/30/2007,SMX,CA,AWP,WE,Federal Contract Tower,2,11,9,0,22,0,9,73,0,82,2,20,82,0,104,84,0,84,188
12/31/2007,SMX,CA,AWP,WE,Federal Contract Tower,2,10,5,2,19,0,21,68,0,89,2,31,73,2,108,116,12,128,236
01/01/2008,SMX,CA,AWP,WE,Federal Contract Tower,0,10,6,0,16,0,15,60,0,75,0,25,66,0,91,92,0,92,183
01/02/2008,SMX,CA,AWP,WE,Federal Contract Tower,0,16,13,0,29,0,21,102,0,123,0,37,115,0,152,96,0,96,248
01/03/2008,SMX,CA,AWP,WE,Federal Contract Tower,0,21,10,0,31,0,21,53,0,74,0,42,63,0,105,106,2,108,213
01/04/2008,SMX,CA,AWP,WE,Federal Contract Tower,4,22,2,0,28,0,9,0,0,9,4,31,2,0,37,0,0,0,37
01/05/2008,SMX,CA,AWP,WE,Federal Contract Tower,0,13,2,0,15,0,10,18,0,28,0,23,20,0,43,16,0,16,59
01/06/2008,SMX,CA,AWP,WE,Federal Contract Tower,2,7,11,0,20,0,5,19,0,24,2,12,30,0,44,16,0,16,60
01/07/2008,SMX,CA,AWP,WE,Federal Contract Tower,2,15,5,0,22,0,19,38,0,57,2,34,43,0,79,90,0,90,169
01/08/2008,SMX,CA,AWP,WE,Federal Contract Tower,0,21,8,0,29,0,20,45,0,65,0,41,53,0,94,112,0,112,206
01/09/2008,SMX,CA,AWP,WE,Federal Contract Tower,2,19,9,2,32,0,17,90,0,107,2,36,99,2,139,70,4,74,213
01/10/2008,SMX,CA,AWP,WE,Federal Contract Tower,0,21,17,0,38,0,16,90,0,106,0,37,107,0,144,116,0,116,260
01/11/2008,SMX,CA,AWP,WE,Federal Contract Tower,4,19,12,0,35,0,25,85,0,110,4,44,97,0,145,194,0,194,339
01/12/2008,SMX,CA,AWP,WE,Federal Contract Tower,0,9,10,2,21,0,7,133,0,140,0,16,143,2,161,104,0,104,265
01/13/2008,SMX,CA,AWP,WE,Federal Contract Tower,2,6,7,0,15,0,3,60,0,63,2,9,67,0,78,48,0,48,126
01/14/2008,SMX,CA,AWP,WE,Federal Contract Tower,2,14,10,0,26,0,13,53,0,66,2,27,63,0,92,162,0,162,254
01/15/2008,SMX,CA,AWP,WE,Federal Contract Tower,0,24,15,0,39,0,12,71,0,83,0,36,86,0,122,146,0,146,268
01/16/2008,SMX,CA,AWP,WE,Federal Contract Tower,2,19,14,0,35,0,26,69,0,95,2,45,83,0,130,122,0,122,252
01/17/2008,SMX,CA,AWP,WE,Federal Contract Tower,0,28,28,0,56,0,45,75,2,122,0,73,103,2,178,240,0,240,418
01/18/2008,SMX,CA,AWP,WE,Federal Contract Tower,4,20,14,0,38,0,29,85,0,114,4,49,99,0,152,80,0,80,232
01/19/2008,SMX,CA,AWP,WE,Federal Contract Tower,0,12,10,0,22,0,15,109,0,124,0,27,119,0,146,64,0,64,210
01/20/2008,SMX,CA,AWP,WE,Federal Contract Tower,2,8,10,0,20,0,6,50,0,56,2,14,60,0,76,46,0,46,122
01/21/2008,SMX,CA,AWP,WE,Federal Contract Tower,2,11,18,0,31,0,21,31,0,52,2,32,49,0,83,20,0,20,103
01/22/2008,SMX,CA,AWP,WE,Federal Contract Tower,0,28,12,0,40,0,17,10,0,27,0,45,22,0,67,0,0,0,67
01/24/2008,SMX,CA,AWP,WE,Federal Contract Tower,0,23,17,0,40,0,21,14,0,35,0,44,31,0,75,4,0,4,79
01/25/2008,SMX,CA,AWP,WE,Federal Contract Tower,4,19,10,0,33,0,17,5,0,22,4,36,15,0,55,0,0,0,55
01/26/2008,SMX,CA,AWP,WE,Federal Contract Tower,0,9,6,0,15,0,7,26,0,33,0,16,32,0,48,18,0,18,66
01/27/2008,SMX,CA,AWP,WE,Federal Contract Tower,0,5,4,0,9,0,6,10,0,16,0,11,14,0,25,2,0,2,27
01/28/2008,SMX,CA,AWP,WE,Federal Contract Tower,2,23,8,0,33,0,4,18,0,22,2,27,26,0,55,22,0,22,77
01/29/2008,SMX,CA,AWP,WE,Federal Contract Tower,2,21,14,1,38,0,17,66,0,83,2,38,80,1,121,82,0,82,203
01/30/2008,SMX,CA,AWP,WE,Federal Contract Tower,2,26,7,2,37,0,17,36,0,53,2,43,43,2,90,14,0,14,104
01/31/2008,SMX,CA,AWP,WE,Federal Contract Tower,0,20,16,0,36,0,22,69,0,91,0,42,85,0,127,64,0,64,191
02/01/2008,SMX,CA,AWP,WE,Federal Contract Tower,4,22,14,0,40,0,27,38,0,65,4,49,52,0,105,26,0,26,131
02/02/2008,SMX,CA,AWP,WE,Federal Contract Tower,0,9,11,0,20,0,12,64,0,76,0,21,75,0,96,84,0,84,180
02/03/2008,SMX,CA,AWP,WE,Federal Contract Tower,2,4,0,0,6,0,6,27,0,33,2,10,27,0,39,0,0,0,39
02/04/2008,SMX,CA,AWP,WE,Federal Contract Tower,2,14,8,0,24,0,18,57,0,75,2,32,65,0,99,28,0,28,127
02/05/2008,SMX,CA,AWP,WE,Federal Contract Tower,0,18,19,0,37,0,21,76,0,97,0,39,95,0,134,88,0,88,222
02/06/2008,SMX,CA,AWP,WE,Federal Contract Tower,2,19,8,0,29,0,26,70,0,96,2,45,78,0,125,76,0,76,201
02/07/2008,SMX,CA,AWP,WE,Federal Contract Tower,1,20,15,2,38,0,15,77,0,92,1,35,92,2,130,96,0,96,226
02/08/2008,SMX,CA,AWP,WE,Federal Contract Tower,4,20,15,0,39,0,21,44,0,65,4,41,59,0,104,66,0,66,170
02/09/2008,SMX,CA,AWP,WE,Federal Contract Tower,0,12,10,1,23,0,3,80,0,83,0,15,90,1,106,52,0,52,158
02/10/2008,SMX,CA,AWP,WE,Federal Contract Tower,4,6,10,2,22,0,10,67,0,77,4,16,77,2,99,54,0,54,153
02/11/2008,SMX,CA,AWP,WE,Federal Contract Tower,2,17,9,0,28,0,62,65,0,127,2,79,74,0,155,104,0,104,259
02/12/2008,SMX,CA,AWP,WE,Federal Contract Tower,0,19,19,0,38,0,21,73,0,94,0,40,92,0,132,102,2,104,236
02/13/2008,SMX,CA,AWP,WE,Federal Contract Tower,2,35,41,0,78,0,6,1,0,7,2,41,42,0,85,6,0,6,91
02/14/2008,SMX,CA,AWP,WE,Federal Contract Tower,1,24,12,0,37,0,15,55,0,70,1,39,67,0,107,86,0,86,193
02/15/2008,SMX,CA,AWP,WE,Federal Contract Tower,4,17,18,0,39,0,17,100,2,119,4,34,118,2,158,90,0,90,248
02/16/2008,SMX,CA,AWP,WE,Federal Contract Tower,0,14,18,0,32,0,6,92,0,98,0,20,110,0,130,64,0,64,194
02/17/2008,SMX,CA,AWP,WE,Federal Contract Tower,2,8,12,0,22,0,14,75,0,89,2,22,87,0,111,92,0,92,203
02/18/2008,SMX,CA,AWP,WE,Federal Contract Tower,2,20,34,0,56,0,7,12,0,19,2,27,46,0,75,36,0,36,111
02/19/2008,SMX,CA,AWP,WE,Federal Contract Tower,0,28,25,0,53,0,17,33,0,50,0,45,58,0,103,20,0,20,123
02/20/2008,SMX,CA,AWP,WE,Federal Contract Tower,2,33,24,0,59,0,11,24,0,35,2,44,48,0,94,18,0,18,112
02/21/2008,SMX,CA,AWP,WE,Federal Contract Tower,0,29,15,0,44,0,14,11,0,25,0,43,26,0,69,42,0,42,111
02/22/2008,SMX,CA,AWP,WE,Federal Contract Tower,4,22,34,0,60,0,12,11,0,23,4,34,45,0,83,54,0,54,137
02/23/2008,SMX,CA,AWP,WE,Federal Contract Tower,0,10,13,0,23,0,12,33,0,45,0,22,46,0,68,8,0,8,76
02/24/2008,SMX,CA,AWP,WE,Federal Contract Tower,2,7,12,2,23,0,6,16,0,22,2,13,28,2,45,18,0,18,63
02/25/2008,SMX,CA,AWP,WE,Federal Contract Tower,2,17,14,0,33,0,19,64,0,83,2,36,78,0,116,62,0,62,178
02/26/2008,SMX,CA,AWP,WE,Federal Contract Tower,0,22,11,0,33,0,21,79,0,100,0,43,90,0,133,166,0,166,299
02/27/2008,SMX,CA,AWP,WE,Federal Contract Tower,2,20,12,0,34,0,23,99,0,122,2,43,111,0,156,94,0,94,250
02/28/2008,SMX,CA,AWP,WE,Federal Contract Tower,0,26,17,0,43,0,16,82,0,98,0,42,99,0,141,86,0,86,227
02/29/2008,SMX,CA,AWP,WE,Federal Contract Tower,4,34,47,0,85,0,3,6,0,9,4,37,53,0,94,48,0,48,142
03/01/2008,SMX,CA,AWP,WE,Federal Contract Tower,0,10,23,2,35,0,7,43,0,50,0,17,66,2,85,124,0,124,209
03/02/2008,SMX,CA,AWP,WE,Federal Contract Tower,2,8,13,0,23,0,7,80,0,87,2,15,93,0,110,80,0,80,190
03/03/2008,SMX,CA,AWP,WE,Federal Contract Tower,4,18,16,0,38,0,12,55,7,74,4,30,71,7,112,100,0,100,212
03/04/2008,SMX,CA,AWP,WE,Federal Contract Tower,0,15,7,1,23,0,36,48,0,84,0,51,55,1,107,44,0,44,151
03/05/2008,SMX,CA,AWP,WE,Federal Contract Tower,2,21,10,1,34,0,25,75,0,100,2,46,85,1,134,54,0,54,188
03/06/2008,SMX,CA,AWP,WE,Federal Contract Tower,0,22,18,1,41,0,22,107,0,129,0,44,125,1,170,124,0,124,294
03/07/2008,SMX,CA,AWP,WE,Federal Contract Tower,4,17,13,2,36,0,14,77,2,93,4,31,90,4,129,70,0,70,199
03/08/2008,SMX,CA,AWP,WE,Federal Contract Tower,0,14,7,2,23,0,3,55,0,58,0,17,62,2,81,24,0,24,105
03/09/2008,SMX,CA,AWP,WE,Federal Contract Tower,2,7,10,1,20,0,8,59,1,68,2,15,69,2,88,32,0,32,120
03/10/2008,SMX,CA,AWP,WE,Federal Contract Tower,4,14,9,0,27,0,24,63,0,87,4,38,72,0,114,88,0,88,202
03/11/2008,SMX,CA,AWP,WE,Federal Contract Tower,0,20,7,0,27,0,27,56,0,83,0,47,63,0,110,40,0,40,150
03/12/2008,SMX,CA,AWP,WE,Federal Contract Tower,2,18,18,0,38,0,25,52,0,77,2,43,70,0,115,100,0,100,215
03/13/2008,SMX,CA,AWP,WE,Federal Contract Tower,0,23,29,0,52,0,10,65,0,75,0,33,94,0,127,60,0,60,187
03/14/2008,SMX,CA,AWP,WE,Federal Contract Tower,4,16,13,0,33,0,15,75,0,90,4,31,88,0,123,76,0,76,199
03/15/2008,SMX,CA,AWP,WE,Federal Contract Tower,0,10,6,0,16,0,9,57,0,66,0,19,63,0,82,94,0,94,176
03/16/2008,SMX,CA,AWP,WE,Federal Contract Tower,2,7,11,0,20,0,9,41,0,50,2,16,52,0,70,12,0,12,82
03/17/2008,SMX,CA,AWP,WE,Federal Contract Tower,2,15,17,2,36,0,25,65,0,90,2,40,82,2,126,188,0,188,314
03/18/2008,SMX,CA,AWP,WE,Federal Contract Tower,0,27,6,0,33,0,24,63,0,87,0,51,69,0,120,86,0,86,206
03/19/2008,SMX,CA,AWP,WE,Federal Contract Tower,2,31,42,0,75,0,15,22,0,37,2,46,64,0,112,22,0,22,134
03/20/2008,SMX,CA,AWP,WE,Federal Contract Tower,0,24,21,2,47,0,9,100,0,109,0,33,121,2,156,120,0,120,276
03/21/2008,SMX,CA,AWP,WE,Federal Contract Tower,4,21,9,0,34,0,23,97,0,120,4,44,106,0,154,52,0,52,206
03/22/2008,SMX,CA,AWP,WE,Federal Contract Tower,0,9,19,0,28,0,10,111,0,121,0,19,130,0,149,110,0,110,259
03/23/2008,SMX,CA,AWP,WE,Federal Contract Tower,2,6,8,2,18,0,10,69,0,79,2,16,77,2,97,76,0,76,173
03/24/2008,SMX,CA,AWP,WE,Federal Contract Tower,4,16,7,0,27,0,17,62,0,79,4,33,69,0,106,48,0,48,154
03/25/2008,SMX,CA,AWP,WE,Federal Contract Tower,0,16,16,8,40,0,23,59,0,82,0,39,75,8,122,114,6,120,242
03/26/2008,SMX,CA,AWP,WE,Federal Contract Tower,2,23,8,0,33,0,31,58,0,89,2,54,66,0,122,64,0,64,186
03/27/2008,SMX,CA,AWP,WE,Federal Contract Tower,0,27,19,3,49,0,17,66,0,83,0,44,85,3,132,82,0,82,214
03/28/2008,SMX,CA,AWP,WE,Federal Contract Tower,4,18,15,2,39,0,24,82,0,106,4,42,97,2,145,64,2,66,211
03/29/2008,SMX,CA,AWP,WE,Federal Contract Tower,0,14,24,0,38,0,6,59,0,65,0,20,83,0,103,48,0,48,151
03/30/2008,SMX,CA,AWP,WE,Federal Contract Tower,2,8,31,0,41,0,4,51,0,55,2,12,82,0,96,56,0,56,152
03/31/2008,SMX,CA,AWP,WE,Federal Contract Tower,4,16,15,0,35,0,21,63,0,84,4,37,78,0,119,70,0,70,189
04/01/2008,SMX,CA,AWP,WE,Federal Contract Tower,0,18,13,0,31,0,20,50,2,72,0,38,63,2,103,80,0,80,183
04/02/2008,SMX,CA,AWP,WE,Federal Contract Tower,2,30,8,0,40,0,12,23,0,35,2,42,31,0,75,6,0,6,81
04/03/2008,SMX,CA,AWP,WE,Federal Contract Tower,0,28,34,2,64,0,8,77,0,85,0,36,111,2,149,58,12,70,219
04/04/2008,SMX,CA,AWP,WE,Federal Contract Tower,4,25,31,0,60,0,13,55,0,68,4,38,86,0,128,56,0,56,184
04/05/2008,SMX,CA,AWP,WE,Federal Contract Tower,0,9,5,0,14,0,17,60,6,83,0,26,65,6,97,26,0,26,123
04/06/2008,SMX,CA,AWP,WE,Federal Contract Tower,2,9,11,3,25,0,4,49,0,53,2,13,60,3,78,50,0,50,128
04/07/2008,SMX,CA,AWP,WE,Federal Contract Tower,2,18,8,0,28,0,19,28,0,47,2,37,36,0,75,52,0,52,127
04/08/2008,SMX,CA,AWP,WE,Federal Contract Tower,0,29,14,0,43,0,9,50,0,59,0,38,64,0,102,58,0,58,160
04/09/2008,SMX,CA,AWP,WE,Federal Contract Tower,2,19,31,0,52,0,23,66,2,91,2,42,97,2,143,46,0,46,189
04/10/2008,SMX,CA,AWP,WE,Federal Contract Tower,0,19,21,2,42,0,23,75,5,103,0,42,96,7,145,66,0,66,211
04/11/2008,SMX,CA,AWP,WE,Federal Contract Tower,4,20,11,2,37,0,13,116,0,129,4,33,127,2,166,112,0,112,278
04/12/2008,SMX,CA,AWP,WE,Federal Contract Tower,0,10,7,0,17,0,10,118,0,128,0,20,125,0,145,76,0,76,221
04/13/2008,SMX,CA,AWP,WE,Federal Contract Tower,2,11,7,0,20,0,6,62,0,68,2,17,69,0,88,66,0,66,154
04/14/2008,SMX,CA,AWP,WE,Federal Contract Tower,4,20,11,2,37,0,16,37,2,55,4,36,48,4,92,24,0,24,116
04/15/2008,SMX,CA,AWP,WE,Federal Contract Tower,0,20,8,0,28,0,26,59,0,85,0,46,67,0,113,34,0,34,147
04/16/2008,SMX,CA,AWP,WE,Federal Contract Tower,2,21,26,0,49,0,24,44,0,68,2,45,70,0,117,22,0,22,139
04/17/2008,SMX,CA,AWP,WE,Federal Contract Tower,0,20,31,0,51,0,21,89,0,110,0,41,120,0,161,96,0,96,257
04/18/2008,SMX,CA,AWP,WE,Federal Contract Tower,4,23,18,0,45,0,9,78,1,88,4,32,96,1,133,42,0,42,175
04/19/2008,SMX,CA,AWP,WE,Federal Contract Tower,0,12,24,0,36,0,6,51,0,57,0,18,75,0,93,18,0,18,111
04/20/2008,SMX,CA,AWP,WE,Federal Contract Tower,2,8,10,1,21,0,15,83,0,98,2,23,93,1,119,76,0,76,195
04/21/2008,SMX,CA,AWP,WE,Federal Contract Tower,4,17,9,0,30,0,20,51,0,71,4,37,60,0,101,16,0,16,117
04/22/2008,SMX,CA,AWP,WE,Federal Contract Tower,0,18,12,0,30,0,25,65,0,90,0,43,77,0,120,62,0,62,182
04/23/2008,SMX,CA,AWP,WE,Federal Contract Tower,2,25,13,0,40,0,24,39,0,63,2,49,52,0,103,46,0,46,149
04/24/2008,SMX,CA,AWP,WE,Federal Contract Tower,0,20,18,0,38,0,17,87,0,104,0,37,105,0,142,54,0,54,196
04/25/2008,SMX,CA,AWP,WE,Federal Contract Tower,4,21,23,0,48,0,25,106,0,131,4,46,129,0,179,84,0,84,263
04/26/2008,SMX,CA,AWP,WE,Federal Contract Tower,0,12,15,0,27,0,13,90,0,103,0,25,105,0,130,104,0,104,234
04/27/2008,SMX,CA,AWP,WE,Federal Contract Tower,2,13,14,0,29,0,9,90,0,99,2,22,104,0,128,72,0,72,200
04/28/2008,SMX,CA,AWP,WE,Federal Contract Tower,4,14,9,0,27,0,24,56,0,80,4,38,65,0,107,160,0,160,267
04/29/2008,SMX,CA,AWP,WE,Federal Contract Tower,0,27,11,0,38,0,14,24,0,38,0,41,35,0,76,24,0,24,100
04/30/2008,SMX,CA,AWP,WE,Federal Contract Tower,2,20,14,0,36,0,25,35,0,60,2,45,49,0,96,24,0,24,120
05/01/2008,SMX,CA,AWP,WE,Federal Contract Tower,0,21,16,2,39,0,16,77,0,93,0,37,93,2,132,78,0,78,210
05/02/2008,SMX,CA,AWP,WE,Federal Contract Tower,3,14,15,0,32,0,16,87,0,103,3,30,102,0,135,104,0,104,239
05/03/2008,SMX,CA,AWP,WE,Federal Contract Tower,0,13,20,0,33,0,0,109,0,109,0,13,129,0,142,126,0,126,268
05/04/2008,SMX,CA,AWP,WE,Federal Contract Tower,2,12,31,0,45,0,3,29,0,32,2,15,60,0,77,94,0,94,171
05/05/2008,SMX,CA,AWP,WE,Federal Contract Tower,6,14,10,0,30,0,19,34,0,53,6,33,44,0,83,4,0,4,87
05/06/2008,SMX,CA,AWP,WE,Federal Contract Tower,0,33,23,0,56,0,11,43,0,54,0,44,66,0,110,32,0,32,142
05/07/2008,SMX,CA,AWP,WE,Federal Contract Tower,2,27,17,0,46,0,20,41,0,61,2,47,58,0,107,32,0,32,139
05/08/2008,SMX,CA,AWP,WE,Federal Contract Tower,0,27,31,0,58,0,14,76,0,90,0,41,107,0,148,58,0,58,206
05/09/2008,SMX,CA,AWP,WE,Federal Contract Tower,4,25,25,0,54,0,13,79,0,92,4,38,104,0,146,82,0,82,228
05/10/2008,SMX,CA,AWP,WE,Federal Contract Tower,0,15,19,1,35,0,12,67,0,79,0,27,86,1,114,94,0,94,208
05/11/2008,SMX,CA,AWP,WE,Federal Contract Tower,0,11,14,0,25,0,2,64,0,66,0,13,78,0,91,56,0,56,147
05/12/2008,SMX,CA,AWP,WE,Federal Contract Tower,4,20,15,2,41,0,15,55,0,70,4,35,70,2,111,22,0,22,133
05/13/2008,SMX,CA,AWP,WE,Federal Contract Tower,0,23,16,2,41,0,22,56,0,78,0,45,72,2,119,60,2,62,181
05/14/2008,SMX,CA,AWP,WE,Federal Contract Tower,2,20,14,0,36,0,22,86,0,108,2,42,100,0,144,48,0,48,192
05/15/2008,SMX,CA,AWP,WE,Federal Contract Tower,0,23,12,0,35,0,19,129,0,148,0,42,141,0,183,174,0,174,357
05/16/2008,SMX,CA,AWP,WE,Federal Contract Tower,4,17,15,2,38,0,17,88,0,105,4,34,103,2,143,88,0,88,231
05/17/2008,SMX,CA,AWP,WE,Federal Contract Tower,0,9,12,0,21,0,10,69,0,79,0,19,81,0,100,74,0,74,174
05/18/2008,SMX,CA,AWP,WE,Federal Contract Tower,1,9,18,0,28,0,11,95,0,106,1,20,113,0,134,76,0,76,210
05/19/2008,SMX,CA,AWP,WE,Federal Contract Tower,3,23,21,0,47,0,8,61,0,69,3,31,82,0,116,92,0,92,208
05/20/2008,SMX,CA,AWP,WE,Federal Contract Tower,0,35,34,0,69,0,7,36,0,43,0,42,70,0,112,38,0,38,150
05/21/2008,SMX,CA,AWP,WE,Federal Contract Tower,0,17,12,0,29,0,21,42,0,63,0,38,54,0,92,40,0,40,132
05/22/2008,SMX,CA,AWP,WE,Federal Contract Tower,1,24,18,0,43,0,23,59,0,82,1,47,77,0,125,24,0,24,149
05/23/2008,SMX,CA,AWP,WE,Federal Contract Tower,3,21,19,0,43,0,16,44,0,60,3,37,63,0,103,50,6,56,159
05/24/2008,SMX,CA,AWP,WE,Federal Contract Tower,0,15,6,0,21,0,6,47,0,53,0,21,53,0,74,102,0,102,176
05/25/2008,SMX,CA,AWP,WE,Federal Contract Tower,1,7,13,0,21,0,9,57,4,70,1,16,70,4,91,78,0,78,169
05/26/2008,SMX,CA,AWP,WE,Federal Contract Tower,3,9,17,0,29,0,17,87,0,104,3,26,104,0,133,86,0,86,219
05/27/2008,SMX,CA,AWP,WE,Federal Contract Tower,0,21,12,0,33,0,22,79,2,103,0,43,91,2,136,82,0,82,218
05/28/2008,SMX,CA,AWP,WE,Federal Contract Tower,0,20,10,0,30,0,27,65,0,92,0,47,75,0,122,46,0,46,168
05/29/2008,SMX,CA,AWP,WE,Federal Contract Tower,1,19,10,0,30,0,21,55,0,76,1,40,65,0,106,52,0,52,158
05/30/2008,SMX,CA,AWP,WE,Federal Contract Tower,2,22,19,0,43,0,13,60,0,73,2,35,79,0,116,14,0,14,130
05/31/2008,SMX,CA,AWP,WE,Federal Contract Tower,0,12,16,0,28,0,10,77,0,87,0,22,93,0,115,58,0,58,173
06/01/2008,SMX,CA,AWP,WE,Federal Contract Tower,0,11,14,0,25,0,9,69,0,78,0,20,83,0,103,66,0,66,169
06/02/2008,SMX,CA,AWP,WE,Federal Contract Tower,0,21,18,5,44,0,13,68,0,81,0,34,86,5,125,84,4,88,213
06/03/2008,SMX,CA,AWP,WE,Federal Contract Tower,0,25,23,0,48,0,15,59,0,74,0,40,82,0,122,40,0,40,162
06/04/2008,SMX,CA,AWP,WE,Federal Contract Tower,0,21,16,0,37,0,22,34,0,56,0,43,50,0,93,20,0,20,113
06/05/2008,SMX,CA,AWP,WE,Federal Contract Tower,0,16,9,0,25,0,25,79,0,104,0,41,88,0,129,56,0,56,185
06/06/2008,SMX,CA,AWP,WE,Federal Contract Tower,0,22,20,0,42,0,20,81,0,101,0,42,101,0,143,76,0,76,219
06/07/2008,SMX,CA,AWP,WE,Federal Contract Tower,0,11,15,0,26,0,9,106,0,115,0,20,121,0,141,110,0,110,251
06/08/2008,SMX,CA,AWP,WE,Federal Contract Tower,0,10,14,0,24,0,7,92,2,101,0,17,106,2,125,106,0,106,231
06/09/2008,SMX,CA,AWP,WE,Federal Contract Tower,0,15,12,0,27,0,18,85,0,103,0,33,97,0,130,108,0,108,238
06/10/2008,SMX,CA,AWP,WE,Federal Contract Tower,0,20,16,0,36,0,20,90,0,110,0,40,106,0,146,98,0,98,244
06/11/2008,SMX,CA,AWP,WE,Federal Contract Tower,0,21,16,0,37,0,19,72,0,91,0,40,88,0,128,40,6,46,174
06/12/2008,SMX,CA,AWP,WE,Federal Contract Tower,0,25,28,0,53,0,18,45,0,63,0,43,73,0,116,16,0,16,132
06/13/2008,SMX,CA,AWP,WE,Federal Contract Tower,1,30,29,0,60,0,17,87,0,104,1,47,116,0,164,100,2,102,266
06/14/2008,SMX,CA,AWP,WE,Federal Contract Tower,0,14,18,0,32,0,6,55,0,61,0,20,73,0,93,54,0,54,147
06/15/2008,SMX,CA,AWP,WE,Federal Contract Tower,0,19,14,0,33,0,7,65,2,74,0,26,79,2,107,72,0,72,179
06/16/2008,SMX,CA,AWP,WE,Federal Contract Tower,0,21,18,2,41,0,23,49,0,72,0,44,67,2,113,42,0,42,155
06/17/2008,SMX,CA,AWP,WE,Federal Contract Tower,0,26,26,2,54,0,14,70,0,84,0,40,96,2,138,58,0,58,196
06/18/2008,SMX,CA,AWP,WE,Federal Contract Tower,2,19,16,0,37,0,23,62,0,85,2,42,78,0,122,70,0,70,192
06/19/2008,SMX,CA,AWP,WE,Federal Contract Tower,0,20,13,0,33,0,20,85,0,105,0,40,98,0,138,48,0,48,186
06/20/2008,SMX,CA,AWP,WE,Federal Contract Tower,1,16,16,2,35,0,25,87,0,112,1,41,103,2,147,66,4,70,217
06/21/2008,SMX,CA,AWP,WE,Federal Contract Tower,0,15,117,0,132,0,8,13,0,21,0,23,130,0,153,86,0,86,239
06/22/2008,SMX,CA,AWP,WE,Federal Contract Tower,2,18,14,0,34,0,5,111,0,116,2,23,125,0,150,92,0,92,242
06/23/2008,SMX,CA,AWP,WE,Federal Contract Tower,0,19,21,0,40,0,14,50,0,64,0,33,71,0,104,34,0,34,138
06/24/2008,SMX,CA,AWP,WE,Federal Contract Tower,0,27,20,2,49,0,17,47,0,64,0,44,67,2,113,78,0,78,191
06/25/2008,SMX,CA,AWP,WE,Federal Contract Tower,1,36,29,1,67,0,11,30,0,41,1,47,59,1,108,24,0,24,132
06/26/2008,SMX,CA,AWP,WE,Federal Contract Tower,2,27,31,0,60,0,16,40,0,56,2,43,71,0,116,58,0,58,174
06/27/2008,SMX,CA,AWP,WE,Federal Contract Tower,1,22,22,0,45,0,10,53,0,63,1,32,75,0,108,76,0,76,184
06/28/2008,SMX,CA,AWP,WE,Federal Contract Tower,0,10,18,0,28,0,9,73,0,82,0,19,91,0,110,52,0,52,162
06/29/2008,SMX,CA,AWP,WE,Federal Contract Tower,2,10,14,0,26,0,2,79,0,81,2,12,93,0,107,22,0,22,129
06/30/2008,SMX,CA,AWP,WE,Federal Contract Tower,2,16,27,0,45,0,10,52,0,62,2,26,79,0,107,78,0,78,185
07/01/2008,SMX,CA,AWP,WE,Federal Contract Tower,0,31,15,0,46,0,54,81,0,135,0,85,96,0,181,40,0,40,221
07/02/2008,SMX,CA,AWP,WE,Federal Contract Tower,1,25,26,0,52,0,29,128,0,157,1,54,154,0,209,78,0,78,287
07/03/2008,SMX,CA,AWP,WE,Federal Contract Tower,0,22,11,0,33,0,21,123,0,144,0,43,134,0,177,32,0,32,209
07/04/2008,SMX,CA,AWP,WE,Federal Contract Tower,1,6,8,0,15,0,7,181,0,188,1,13,189,0,203,42,0,42,245
07/05/2008,SMX,CA,AWP,WE,Federal Contract Tower,0,10,16,0,26,0,1,97,0,98,0,11,113,0,124,52,0,52,176
07/06/2008,SMX,CA,AWP,WE,Federal Contract Tower,0,6,22,0,28,0,0,162,0,162,0,6,184,0,190,32,0,32,222
07/07/2008,SMX,CA,AWP,WE,Federal Contract Tower,0,19,17,2,38,0,36,99,2,137,0,55,116,4,175,76,0,76,251
07/08/2008,SMX,CA,AWP,WE,Federal Contract Tower,0,26,38,0,64,0,31,127,0,158,0,57,165,0,222,68,0,68,290
07/09/2008,SMX,CA,AWP,WE,Federal Contract Tower,2,25,21,0,48,0,10,51,2,63,2,35,72,2,111,70,0,70,181
07/10/2008,SMX,CA,AWP,WE,Federal Contract Tower,0,36,18,0,54,0,23,65,0,88,0,59,83,0,142,74,0,74,216
07/11/2008,SMX,CA,AWP,WE,Federal Contract Tower,1,32,26,0,59,0,3,38,0,41,1,35,64,0,100,38,0,38,138
07/12/2008,SMX,CA,AWP,WE,Federal Contract Tower,0,13,12,0,25,0,9,97,0,106,0,22,109,0,131,64,0,64,195
07/13/2008,SMX,CA,AWP,WE,Federal Contract Tower,1,11,18,0,30,0,13,127,0,140,1,24,145,0,170,92,0,92,262
07/14/2008,SMX,CA,AWP,WE,Federal Contract Tower,0,24,15,0,39,0,7,65,0,72,0,31,80,0,111,48,0,48,159
07/15/2008,SMX,CA,AWP,WE,Federal Contract Tower,0,23,14,1,38,0,15,61,5,81,0,38,75,6,119,50,8,58,177
07/16/2008,SMX,CA,AWP,WE,Federal Contract Tower,3,28,26,2,59,0,10,84,0,94,3,38,110,2,153,118,0,118,271
07/17/2008,SMX,CA,AWP,WE,Federal Contract Tower,0,28,13,0,41,0,10,38,0,48,0,38,51,0,89,32,0,32,121
07/18/2008,SMX,CA,AWP,WE,Federal Contract Tower,2,26,22,0,50,0,5,63,0,68,2,31,85,0,118,66,0,66,184
07/19/2008,SMX,CA,AWP,WE,Federal Contract Tower,0,11,14,0,25,0,3,51,0,54,0,14,65,0,79,64,0,64,143
07/20/2008,SMX,CA,AWP,WE,Federal Contract Tower,1,10,23,0,34,0,3,35,0,38,1,13,58,0,72,34,0,34,106
07/21/2008,SMX,CA,AWP,WE,Federal Contract Tower,0,21,23,2,46,0,8,47,0,55,0,29,70,2,101,52,2,54,155
07/22/2008,SMX,CA,AWP,WE,Federal Contract Tower,0,28,16,0,44,0,13,43,2,58,0,41,59,2,102,28,0,28,130
07/23/2008,SMX,CA,AWP,WE,Federal Contract Tower,1,25,15,1,42,0,17,44,1,62,1,42,59,2,104,48,0,48,152
07/24/2008,SMX,CA,AWP,WE,Federal Contract Tower,0,29,26,0,55,0,8,56,0,64,0,37,82,0,119,42,0,42,161
07/25/2008,SMX,CA,AWP,WE,Federal Contract Tower,1,27,16,2,46,0,18,45,0,63,1,45,61,2,109,68,0,68,177
07/26/2008,SMX,CA,AWP,WE,Federal Contract Tower,0,11,10,0,21,0,18,77,0,95,0,29,87,0,116,74,0,74,190
07/27/2008,SMX,CA,AWP,WE,Federal Contract Tower,0,11,22,0,33,0,2,46,0,48,0,13,68,0,81,48,0,48,129
07/28/2008,SMX,CA,AWP,WE,Federal Contract Tower,0,20,17,0,37,0,12,34,0,46,0,32,51,0,83,0,0,0,83
07/29/2008,SMX,CA,AWP,WE,Federal Contract Tower,0,29,12,0,41,0,10,31,0,41,0,39,43,0,82,38,0,38,120
07/30/2008,SMX,CA,AWP,WE,Federal Contract Tower,1,30,10,0,41,0,16,27,0,43,1,46,37,0,84,4,0,4,88
07/31/2008,SMX,CA,AWP,WE,Federal Contract Tower,0,26,24,0,50,0,13,76,0,89,0,39,100,0,139,46,0,46,185
08/01/2008,SMX,CA,AWP,WE,Federal Contract Tower,1,18,10,0,29,0,31,69,0,100,1,49,79,0,129,64,4,68,197
08/02/2008,SMX,CA,AWP,WE,Federal Contract Tower,0,14,30,0,44,0,7,107,0,114,0,21,137,0,158,106,0,106,264
08/03/2008,SMX,CA,AWP,WE,Federal Contract Tower,1,12,17,2,32,0,9,93,0,102,1,21,110,2,134,72,0,72,206
08/04/2008,SMX,CA,AWP,WE,Federal Contract Tower,0,23,10,0,33,0,9,76,0,85,0,32,86,0,118,112,0,112,230
08/05/2008,SMX,CA,AWP,WE,Federal Contract Tower,0,26,10,0,36,0,18,65,0,83,0,44,75,0,119,62,0,62,181
08/06/2008,SMX,CA,AWP,WE,Federal Contract Tower,1,23,14,0,38,0,14,67,1,82,1,37,81,1,120,32,0,32,152
08/07/2008,SMX,CA,AWP,WE,Federal Contract Tower,0,24,25,2,51,0,13,39,0,52,0,37,64,2,103,14,2,16,119
08/08/2008,SMX,CA,AWP,WE,Federal Contract Tower,1,20,20,0,41,0,6,54,0,60,1,26,74,0,101,14,0,14,115
08/09/2008,SMX,CA,AWP,WE,Federal Contract Tower,0,13,18,0,31,0,2,48,0,50,0,15,66,0,81,38,0,38,119
08/10/2008,SMX,CA,AWP,WE,Federal Contract Tower,2,14,12,0,28,0,10,82,0,92,2,24,94,0,120,42,0,42,162
08/11/2008,SMX,CA,AWP,WE,Federal Contract Tower,0,21,15,2,38,0,22,87,0,109,0,43,102,2,147,62,0,62,209
08/12/2008,SMX,CA,AWP,WE,Federal Contract Tower,0,29,19,0,48,0,13,59,0,72,0,42,78,0,120,60,0,60,180
08/13/2008,SMX,CA,AWP,WE,Federal Contract Tower,1,27,17,1,46,0,15,63,1,79,1,42,80,2,125,40,0,40,165
08/14/2008,SMX,CA,AWP,WE,Federal Contract Tower,0,25,18,0,43,0,15,64,0,79,0,40,82,0,122,64,0,64,186
08/15/2008,SMX,CA,AWP,WE,Federal Contract Tower,1,20,8,0,29,0,10,281,1,292,1,30,289,1,321,20,0,20,341
08/16/2008,SMX,CA,AWP,WE,Federal Contract Tower,0,12,17,0,29,0,3,227,0,230,0,15,244,0,259,8,0,8,267
08/17/2008,SMX,CA,AWP,WE,Federal Contract Tower,0,12,26,0,38,0,7,76,0,83,0,19,102,0,121,62,0,62,183
08/18/2008,SMX,CA,AWP,WE,Federal Contract Tower,0,26,19,0,45,0,8,60,0,68,0,34,79,0,113,48,0,48,161
08/19/2008,SMX,CA,AWP,WE,Federal Contract Tower,0,22,18,0,40,0,17,78,0,95,0,39,96,0,135,68,0,68,203
08/20/2008,SMX,CA,AWP,WE,Federal Contract Tower,1,28,27,2,58,0,16,94,1,111,1,44,121,3,169,56,0,56,225
08/21/2008,SMX,CA,AWP,WE,Federal Contract Tower,0,23,18,5,46,0,11,42,18,71,0,34,60,23,117,68,14,82,199
08/22/2008,SMX,CA,AWP,WE,Federal Contract Tower,1,25,23,0,49,0,12,43,9,64,1,37,66,9,113,24,78,102,215
08/23/2008,SMX,CA,AWP,WE,Federal Contract Tower,2,16,13,0,31,0,9,29,0,38,2,25,42,0,69,76,44,120,189
08/24/2008,SMX,CA,AWP,WE,Federal Contract Tower,2,13,10,0,25,0,6,49,2,57,2,19,59,2,82,80,44,124,206
08/25/2008,SMX,CA,AWP,WE,Federal Contract Tower,0,18,11,4,33,0,23,87,0,110,0,41,98,4,143,70,0,70,213
08/26/2008,SMX,CA,AWP,WE,Federal Contract Tower,0,30,8,0,38,0,15,75,0,90,0,45,83,0,128,78,0,78,206
08/27/2008,SMX,CA,AWP,WE,Federal Contract Tower,1,26,15,0,42,0,11,72,0,83,1,37,87,0,125,40,0,40,165
08/28/2008,SMX,CA,AWP,WE,Federal Contract Tower,0,26,32,0,58,0,16,84,0,100,0,42,116,0,158,120,0,120,278
08/29/2008,SMX,CA,AWP,WE,Federal Contract Tower,1,15,15,1,32,0,19,92,0,111,1,34,107,1,143,96,0,96,239
08/30/2008,SMX,CA,AWP,WE,Federal Contract Tower,0,7,12,0,19,0,6,72,0,78,0,13,84,0,97,58,0,58,155
08/31/2008,SMX,CA,AWP,WE,Federal Contract Tower,2,8,18,0,28,0,10,66,0,76,2,18,84,0,104,64,0,64,168
09/01/2008,SMX,CA,AWP,WE,Federal Contract Tower,0,13,18,0,31,0,9,103,0,112,0,22,121,0,143,62,0,62,205
09/02/2008,SMX,CA,AWP,WE,Federal Contract Tower,0,19,7,0,26,0,33,102,0,135,0,52,109,0,161,80,0,80,241
09/03/2008,SMX,CA,AWP,WE,Federal Contract Tower,1,25,10,2,38,0,25,81,0,106,1,50,91,2,144,78,12,90,234
09/04/2008,SMX,CA,AWP,WE,Federal Contract Tower,0,24,18,5,47,0,24,73,0,97,0,48,91,5,144,82,0,82,226
09/05/2008,SMX,CA,AWP,WE,Federal Contract Tower,4,22,17,1,44,0,11,71,0,82,4,33,88,1,126,54,0,54,180
09/06/2008,SMX,CA,AWP,WE,Federal Contract Tower,0,10,11,0,21,0,0,89,0,89,0,10,100,0,110,62,0,62,172
09/07/2008,SMX,CA,AWP,WE,Federal Contract Tower,0,9,9,0,18,0,4,60,0,64,0,13,69,0,82,40,0,40,122
09/08/2008,SMX,CA,AWP,WE,Federal Contract Tower,0,19,15,0,34,0,15,28,2,45,0,34,43,2,79,16,0,16,95
09/09/2008,SMX,CA,AWP,WE,Federal Contract Tower,0,30,21,0,51,0,12,49,0,61,0,42,70,0,112,38,0,38,150
09/10/2008,SMX,CA,AWP,WE,Federal Contract Tower,1,19,24,0,44,0,21,89,0,110,1,40,113,0,154,20,0,20,174
09/11/2008,SMX,CA,AWP,WE,Federal Contract Tower,0,31,21,0,52,0,10,53,0,63,0,41,74,0,115,16,0,16,131
09/12/2008,SMX,CA,AWP,WE,Federal Contract Tower,1,25,35,0,61,0,11,45,0,56,1,36,80,0,117,20,0,20,137
09/13/2008,SMX,CA,AWP,WE,Federal Contract Tower,0,10,20,0,30,0,6,48,0,54,0,16,68,0,84,18,0,18,102
09/14/2008,SMX,CA,AWP,WE,Federal Contract Tower,2,7,19,0,28,0,7,70,0,77,2,14,89,0,105,52,0,52,157
09/15/2008,SMX,CA,AWP,WE,Federal Contract Tower,0,16,15,0,31,0,11,56,0,67,0,27,71,0,98,46,0,46,144
09/16/2008,SMX,CA,AWP,WE,Federal Contract Tower,0,28,18,0,46,0,16,67,0,83,0,44,85,0,129,64,0,64,193
09/17/2008,SMX,CA,AWP,WE,Federal Contract Tower,0,28,26,0,54,0,15,52,0,67,0,43,78,0,121,42,0,42,163
09/18/2008,SMX,CA,AWP,WE,Federal Contract Tower,0,16,17,0,33,0,20,132,0,152,0,36,149,0,185,38,0,38,223
09/19/2008,SMX,CA,AWP,WE,Federal Contract Tower,1,16,18,0,35,0,16,92,0,108,1,32,110,0,143,60,0,60,203
09/20/2008,SMX,CA,AWP,WE,Federal Contract Tower,0,31,21,0,52,0,10,53,0,63,0,41,74,0,115,16,0,16,131
09/21/2008,SMX,CA,AWP,WE,Federal Contract Tower,2,7,16,0,25,0,2,82,0,84,2,9,98,0,109,60,0,60,169
09/22/2008,SMX,CA,AWP,WE,Federal Contract Tower,0,15,16,0,31,0,14,79,0,93,0,29,95,0,124,90,0,90,214
09/23/2008,SMX,CA,AWP,WE,Federal Contract Tower,0,25,15,0,40,0,22,65,0,87,0,47,80,0,127,78,0,78,205
09/24/2008,SMX,CA,AWP,WE,Federal Contract Tower,1,26,14,0,41,0,15,52,0,67,1,41,66,0,108,68,0,68,176
09/25/2008,SMX,CA,AWP,WE,Federal Contract Tower,2,16,19,0,37,0,23,99,0,122,2,39,118,0,159,44,0,44,203
09/26/2008,SMX,CA,AWP,WE,Federal Contract Tower,2,14,25,0,41,0,26,74,0,100,2,40,99,0,141,80,0,80,221
09/27/2008,SMX,CA,AWP,WE,Federal Contract Tower,0,12,14,4,30,0,3,43,0,46,0,15,57,4,76,38,8,46,122
09/28/2008,SMX,CA,AWP,WE,Federal Contract Tower,0,10,10,2,22,0,4,65,0,69,0,14,75,2,91,54,0,54,145
09/29/2008,SMX,CA,AWP,WE,Federal Contract Tower,0,16,16,2,34,0,16,51,0,67,0,32,67,2,101,54,0,54,155
09/30/2008,SMX,CA,AWP,WE,Federal Contract Tower,0,16,13,0,29,0,30,106,0,136,0,46,119,0,165,94,0,94,259
10/01/2008,SMX,CA,AWP,WE,Federal Contract Tower,1,17,10,0,28,0,28,97,0,125,1,45,107,0,153,48,0,48,201
10/02/2008,SMX,CA,AWP,WE,Federal Contract Tower,0,25,47,2,74,0,15,123,0,138,0,40,170,2,212,106,0,106,318
10/03/2008,SMX,CA,AWP,WE,Federal Contract Tower,2,26,37,1,66,0,6,24,1,31,2,32,61,2,97,0,0,0,97
10/04/2008,SMX,CA,AWP,WE,Federal Contract Tower,0,10,70,0,80,0,11,54,0,65,0,21,124,0,145,18,0,18,163
10/05/2008,SMX,CA,AWP,WE,Federal Contract Tower,2,13,35,0,50,0,14,135,0,149,2,27,170,0,199,42,0,42,241
10/06/2008,SMX,CA,AWP,WE,Federal Contract Tower,0,13,5,0,18,0,30,96,0,126,0,43,101,0,144,48,0,48,192
10/07/2008,SMX,CA,AWP,WE,Federal Contract Tower,0,17,18,0,35,0,31,63,0,94,0,48,81,0,129,60,0,60,189
10/08/2008,SMX,CA,AWP,WE,Federal Contract Tower,2,17,28,0,47,0,22,128,0,150,2,39,156,0,197,66,0,66,263
10/09/2008,SMX,CA,AWP,WE,Federal Contract Tower,0,22,20,0,42,0,21,77,0,98,0,43,97,0,140,40,0,40,180
10/10/2008,SMX,CA,AWP,WE,Federal Contract Tower,2,20,18,0,40,0,26,63,0,89,2,46,81,0,129,0,0,0,129
10/11/2008,SMX,CA,AWP,WE,Federal Contract Tower,0,12,10,0,22,0,13,122,0,135,0,25,132,0,157,94,0,94,251
10/12/2008,SMX,CA,AWP,WE,Federal Contract Tower,2,10,8,0,20,0,10,123,2,135,2,20,131,2,155,58,0,58,213
10/13/2008,SMX,CA,AWP,WE,Federal Contract Tower,0,18,22,0,40,0,17,84,0,101,0,35,106,0,141,64,0,64,205
10/14/2008,SMX,CA,AWP,WE,Federal Contract Tower,0,16,4,0,20,0,29,78,0,107,0,45,82,0,127,64,0,64,191
10/15/2008,SMX,CA,AWP,WE,Federal Contract Tower,1,16,7,0,24,0,39,94,0,133,1,55,101,0,157,184,0,184,341
10/16/2008,SMX,CA,AWP,WE,Federal Contract Tower,0,14,19,0,33,0,29,74,0,103,0,43,93,0,136,74,0,74,210
10/17/2008,SMX,CA,AWP,WE,Federal Contract Tower,1,14,8,0,23,0,17,104,0,121,1,31,112,0,144,118,0,118,262
10/18/2008,SMX,CA,AWP,WE,Federal Contract Tower,0,13,12,0,25,0,11,77,2,90,0,24,89,2,115,48,0,48,163
10/19/2008,SMX,CA,AWP,WE,Federal Contract Tower,2,7,14,0,23,0,4,47,0,51,2,11,61,0,74,26,0,26,100
10/20/2008,SMX,CA,AWP,WE,Federal Contract Tower,0,24,20,0,44,0,16,92,0,108,0,40,112,0,152,24,0,24,176
10/21/2008,SMX,CA,AWP,WE,Federal Contract Tower,0,18,11,4,33,0,25,84,0,109,0,43,95,4,142,50,10,60,202
10/22/2008,SMX,CA,AWP,WE,Federal Contract Tower,1,15,9,3,28,0,29,54,1,84,1,44,63,4,112,68,4,72,184
10/23/2008,SMX,CA,AWP,WE,Federal Contract Tower,1,18,16,2,37,0,38,79,0,117,1,56,95,2,154,94,6,100,254
10/24/2008,SMX,CA,AWP,WE,Federal Contract Tower,0,16,7,3,26,0,12,91,6,109,0,28,98,9,135,76,2,78,213
10/25/2008,SMX,CA,AWP,WE,Federal Contract Tower,0,12,10,1,23,0,5,102,3,110,0,17,112,4,133,52,0,52,185
10/26/2008,SMX,CA,AWP,WE,Federal Contract Tower,4,7,18,0,29,0,5,60,0,65,4,12,78,0,94,20,0,20,114
10/27/2008,SMX,CA,AWP,WE,Federal Contract Tower,2,14,6,1,23,0,22,75,0,97,2,36,81,1,120,50,0,50,170
10/28/2008,SMX,CA,AWP,WE,Federal Contract Tower,0,18,13,0,31,0,14,76,0,90,0,32,89,0,121,44,0,44,165
10/29/2008,SMX,CA,AWP,WE,Federal Contract Tower,1,16,11,0,28,0,20,55,1,76,1,36,66,1,104,34,0,34,138
10/30/2008,SMX,CA,AWP,WE,Federal Contract Tower,0,23,19,2,44,0,16,48,0,64,0,39,67,2,108,66,0,66,174
10/31/2008,SMX,CA,AWP,WE,Federal Contract Tower,1,24,7,0,32,0,15,36,0,51,1,39,43,0,83,64,0,64,147
11/01/2008,SMX,CA,AWP,WE,Federal Contract Tower,0,11,13,0,24,0,10,35,0,45,0,21,48,0,69,22,0,22,91
11/02/2008,SMX,CA,AWP,WE,Federal Contract Tower,2,11,8,0,21,0,6,32,0,38,2,17,40,0,59,18,0,18,77
11/03/2008,SMX,CA,AWP,WE,Federal Contract Tower,0,21,17,0,38,0,10,35,0,45,0,31,52,0,83,38,0,38,121
11/04/2008,SMX,CA,AWP,WE,Federal Contract Tower,0,16,10,0,26,0,27,40,0,67,0,43,50,0,93,38,0,38,131
11/05/2008,SMX,CA,AWP,WE,Federal Contract Tower,2,18,18,0,38,0,19,93,0,112,2,37,111,0,150,72,0,72,222
11/06/2008,SMX,CA,AWP,WE,Federal Contract Tower,0,14,13,0,27,0,24,92,0,116,0,38,105,0,143,70,0,70,213
11/07/2008,SMX,CA,AWP,WE,Federal Contract Tower,2,14,6,0,22,0,23,109,0,132,2,37,115,0,154,116,0,116,270
11/08/2008,SMX,CA,AWP,WE,Federal Contract Tower,0,10,9,0,19,0,7,85,0,92,0,17,94,0,111,20,0,20,131
11/09/2008,SMX,CA,AWP,WE,Federal Contract Tower,2,12,15,1,30,0,7,34,0,41,2,19,49,1,71,34,2,36,107
11/10/2008,SMX,CA,AWP,WE,Federal Contract Tower,0,11,3,0,14,0,19,35,0,54,0,30,38,0,68,34,0,34,102
11/11/2008,SMX,CA,AWP,WE,Federal Contract Tower,0,13,14,0,27,0,26,51,0,77,0,39,65,0,104,84,0,84,188
11/12/2008,SMX,CA,AWP,WE,Federal Contract Tower,0,16,7,0,23,0,25,74,0,99,0,41,81,0,122,42,0,42,164
11/13/2008,SMX,CA,AWP,WE,Federal Contract Tower,0,17,12,0,29,0,25,87,0,112,0,42,99,0,141,70,0,70,211
11/14/2008,SMX,CA,AWP,WE,Federal Contract Tower,2,15,15,2,34,0,24,132,3,159,2,39,147,5,193,86,0,86,279
11/15/2008,SMX,CA,AWP,WE,Federal Contract Tower,0,9,10,0,19,0,3,72,0,75,0,12,82,0,94,52,0,52,146
11/16/2008,SMX,CA,AWP,WE,Federal Contract Tower,2,7,13,7,29,0,11,81,0,92,2,18,94,7,121,44,0,44,165
11/17/2008,SMX,CA,AWP,WE,Federal Contract Tower,0,15,14,0,29,0,21,67,3,91,0,36,81,3,120,84,0,84,204
11/18/2008,SMX,CA,AWP,WE,Federal Contract Tower,0,27,12,0,39,0,23,81,0,104,0,50,93,0,143,106,0,106,249
11/19/2008,SMX,CA,AWP,WE,Federal Contract Tower,2,26,22,0,50,0,17,61,0,78,2,43,83,0,128,42,0,42,170
11/20/2008,SMX,CA,AWP,WE,Federal Contract Tower,0,25,28,0,53,0,12,70,0,82,0,37,98,0,135,50,0,50,185
11/21/2008,SMX,CA,AWP,WE,Federal Contract Tower,4,16,15,0,35,0,19,83,0,102,4,35,98,0,137,64,0,64,201
11/22/2008,SMX,CA,AWP,WE,Federal Contract Tower,0,11,9,0,20,0,13,89,0,102,0,24,98,0,122,78,0,78,200
11/23/2008,SMX,CA,AWP,WE,Federal Contract Tower,2,9,12,1,24,0,3,56,6,65,2,12,68,7,89,50,0,50,139
11/24/2008,SMX,CA,AWP,WE,Federal Contract Tower,0,15,21,2,38,0,17,33,0,50,0,32,54,2,88,18,2,20,108
11/25/2008,SMX,CA,AWP,WE,Federal Contract Tower,0,28,18,0,46,0,20,20,0,40,0,48,38,0,86,18,0,18,104
11/26/2008,SMX,CA,AWP,WE,Federal Contract Tower,2,23,14,0,39,0,0,0,0,0,2,23,14,0,39,0,0,0,39
11/27/2008,SMX,CA,AWP,WE,Federal Contract Tower,0,9,12,0,21,0,7,21,0,28,0,16,33,0,49,0,0,0,49
11/28/2008,SMX,CA,AWP,WE,Federal Contract Tower,4,11,13,0,28,0,19,52,0,71,4,30,65,0,99,56,0,56,155
11/29/2008,SMX,CA,AWP,WE,Federal Contract Tower,0,10,5,0,15,0,10,76,0,86,0,20,81,0,101,74,0,74,175
11/30/2008,SMX,CA,AWP,WE,Federal Contract Tower,2,7,7,0,16,0,7,67,0,74,2,14,74,0,90,26,0,26,116
12/01/2008,SMX,CA,AWP,WE,Federal Contract Tower,0,26,19,0,45,0,3,4,0,7,0,29,23,0,52,20,0,20,72
12/02/2008,SMX,CA,AWP,WE,Federal Contract Tower,0,26,22,1,49,0,16,19,0,35,0,42,41,1,84,12,2,14,98
12/03/2008,SMX,CA,AWP,WE,Federal Contract Tower,2,15,12,0,29,0,22,30,0,52,2,37,42,0,81,38,0,38,119
12/04/2008,SMX,CA,AWP,WE,Federal Contract Tower,0,18,18,0,36,0,20,46,0,66,0,38,64,0,102,16,0,16,118
12/05/2008,SMX,CA,AWP,WE,Federal Contract Tower,2,18,13,1,34,0,37,79,0,116,2,55,92,1,150,170,2,172,322
12/06/2008,SMX,CA,AWP,WE,Federal Contract Tower,0,9,13,0,22,0,11,78,0,89,0,20,91,0,111,60,0,60,171
12/07/2008,SMX,CA,AWP,WE,Federal Contract Tower,2,7,12,0,21,0,11,65,0,76,2,18,77,0,97,38,0,38,135
12/08/2008,SMX,CA,AWP,WE,Federal Contract Tower,0,16,4,0,20,0,24,27,0,51,0,40,31,0,71,90,0,90,161
12/09/2008,SMX,CA,AWP,WE,Federal Contract Tower,0,15,10,0,25,0,54,49,0,103,0,69,59,0,128,104,0,104,232
12/10/2008,SMX,CA,AWP,WE,Federal Contract Tower,2,23,14,0,39,0,41,79,0,120,2,64,93,0,159,64,0,64,223
12/11/2008,SMX,CA,AWP,WE,Federal Contract Tower,2,18,22,0,42,0,44,93,0,137,2,62,115,0,179,124,0,124,303
12/12/2008,SMX,CA,AWP,WE,Federal Contract Tower,2,27,36,0,65,0,23,77,0,100,2,50,113,0,165,98,0,98,263
12/13/2008,SMX,CA,AWP,WE,Federal Contract Tower,0,9,9,0,18,0,16,35,0,51,0,25,44,0,69,14,0,14,83
12/14/2008,SMX,CA,AWP,WE,Federal Contract Tower,4,7,6,0,17,0,7,32,0,39,4,14,38,0,56,4,0,4,60
12/15/2008,SMX,CA,AWP,WE,Federal Contract Tower,0,14,8,0,22,0,16,9,0,25,0,30,17,0,47,0,0,0,47
12/16/2008,SMX,CA,AWP,WE,Federal Contract Tower,0,21,21,0,42,0,33,19,0,52,0,54,40,0,94,8,0,8,102
12/17/2008,SMX,CA,AWP,WE,Federal Contract Tower,1,22,18,0,41,0,19,24,0,43,1,41,42,0,84,62,0,62,146
12/18/2008,SMX,CA,AWP,WE,Federal Contract Tower,1,13,10,0,24,0,24,78,0,102,1,37,88,0,126,48,0,48,174
12/19/2008,SMX,CA,AWP,WE,Federal Contract Tower,2,15,8,0,25,0,38,66,0,104,2,53,74,0,129,36,0,36,165
12/20/2008,SMX,CA,AWP,WE,Federal Contract Tower,0,12,13,0,25,0,14,78,0,92,0,26,91,0,117,30,0,30,147
12/21/2008,SMX,CA,AWP,WE,Federal Contract Tower,2,11,5,0,18,0,14,45,0,59,2,25,50,0,77,26,0,26,103
12/22/2008,SMX,CA,AWP,WE,Federal Contract Tower,0,33,18,0,51,0,11,26,1,38,0,44,44,1,89,22,0,22,111
12/23/2008,SMX,CA,AWP,WE,Federal Contract Tower,0,22,10,0,32,0,32,38,0,70,0,54,48,0,102,18,0,18,120
12/24/2008,SMX,CA,AWP,WE,Federal Contract Tower,2,22,14,0,38,0,25,12,0,37,2,47,26,0,75,0,0,0,75
12/25/2008,SMX,CA,AWP,WE,Federal Contract Tower,0,5,4,0,9,0,11,1,0,12,0,16,5,0,21,0,0,0,21
12/26/2008,SMX,CA,AWP,WE,Federal Contract Tower,2,13,11,0,26,0,25,41,0,66,2,38,52,0,92,42,0,42,134
12/27/2008,SMX,CA,AWP,WE,Federal Contract Tower,0,13,6,0,19,0,12,79,0,91,0,25,85,0,110,62,0,62,172
12/28/2008,SMX,CA,AWP,WE,Federal Contract Tower,2,6,9,0,17,0,6,43,0,49,2,12,52,0,66,46,0,46,112
12/29/2008,SMX,CA,AWP,WE,Federal Contract Tower,0,10,21,0,31,0,33,48,0,81,0,43,69,0,112,74,0,74,186
12/30/2008,SMX,CA,AWP,WE,Federal Contract Tower,0,15,12,0,27,0,26,66,0,92,0,41,78,0,119,14,0,14,133
12/31/2008,SMX,CA,AWP,WE,Federal Contract Tower,2,16,9,0,27,0,34,75,0,109,2,50,84,0,136,104,0,104,240
01/01/2009,SMX,CA,AWP,WE,Federal Contract Tower,0,7,4,0,11,0,9,50,0,59,0,16,54,0,70,62,0,62,132
01/02/2009,SMX,CA,AWP,WE,Federal Contract Tower,2,21,16,0,39,0,5,10,0,15,2,26,26,0,54,6,0,6,60
01/03/2009,SMX,CA,AWP,WE,Federal Contract Tower,0,9,11,0,20,0,10,71,0,81,0,19,82,0,101,4,0,4,105
01/04/2009,SMX,CA,AWP,WE,Federal Contract Tower,2,7,9,1,19,0,12,46,0,58,2,19,55,1,77,48,0,48,125
01/05/2009,SMX,CA,AWP,WE,Federal Contract Tower,0,14,7,1,22,0,19,18,0,37,0,33,25,1,59,18,0,18,77
01/06/2009,SMX,CA,AWP,WE,Federal Contract Tower,0,19,17,0,36,0,28,43,0,71,0,47,60,0,107,32,0,32,139
01/07/2009,SMX,CA,AWP,WE,Federal Contract Tower,2,15,8,0,25,0,23,66,0,89,2,38,74,0,114,94,0,94,208
01/08/2009,SMX,CA,AWP,WE,Federal Contract Tower,0,22,16,2,40,0,12,45,0,57,0,34,61,2,97,28,2,30,127
01/09/2009,SMX,CA,AWP,WE,Federal Contract Tower,2,17,12,2,33,0,29,65,0,94,2,46,77,2,127,74,0,74,201
01/10/2009,SMX,CA,AWP,WE,Federal Contract Tower,0,8,14,0,22,0,14,68,0,82,0,22,82,0,104,108,0,108,212
01/11/2009,SMX,CA,AWP,WE,Federal Contract Tower,2,8,9,2,21,0,9,54,0,63,2,17,63,2,84,80,6,86,170
01/12/2009,SMX,CA,AWP,WE,Federal Contract Tower,0,14,11,0,25,0,34,48,0,82,0,48,59,0,107,94,0,94,201
01/13/2009,SMX,CA,AWP,WE,Federal Contract Tower,0,16,10,0,26,0,40,68,0,108,0,56,78,0,134,48,0,48,182
01/14/2009,SMX,CA,AWP,WE,Federal Contract Tower,2,17,5,0,24,0,30,96,0,126,2,47,101,0,150,104,0,104,254
01/15/2009,SMX,CA,AWP,WE,Federal Contract Tower,0,13,8,2,23,0,25,73,0,98,0,38,81,2,121,24,0,24,145
01/16/2009,SMX,CA,AWP,WE,Federal Contract Tower,2,13,8,4,27,0,22,69,0,91,2,35,77,4,118,84,6,90,208
01/17/2009,SMX,CA,AWP,WE,Federal Contract Tower,0,10,12,0,22,0,34,70,0,104,0,44,82,0,126,70,0,70,196
01/18/2009,SMX,CA,AWP,WE,Federal Contract Tower,2,9,7,0,18,0,9,55,0,64,2,18,62,0,82,46,0,46,128
01/19/2009,SMX,CA,AWP,WE,Federal Contract Tower,0,13,12,2,27,0,18,39,0,57,0,31,51,2,84,54,0,54,138
01/20/2009,SMX,CA,AWP,WE,Federal Contract Tower,0,17,6,0,23,0,31,48,0,79,0,48,54,0,102,30,0,30,132
01/21/2009,SMX,CA,AWP,WE,Federal Contract Tower,2,22,6,0,30,0,30,33,0,63,2,52,39,0,93,8,0,8,101
01/22/2009,SMX,CA,AWP,WE,Federal Contract Tower,0,16,15,2,33,0,15,9,0,24,0,31,24,2,57,24,0,24,81
01/23/2009,SMX,CA,AWP,WE,Federal Contract Tower,2,19,22,0,43,0,9,10,0,19,2,28,32,0,62,6,0,6,68
01/24/2009,SMX,CA,AWP,WE,Federal Contract Tower,0,10,14,0,24,0,1,7,0,8,0,11,21,0,32,6,0,6,38
01/25/2009,SMX,CA,AWP,WE,Federal Contract Tower,2,8,11,0,21,0,14,9,0,23,2,22,20,0,44,12,0,12,56
01/26/2009,SMX,CA,AWP,WE,Federal Contract Tower,0,18,9,0,27,0,19,40,0,59,0,37,49,0,86,52,0,52,138
01/27/2009,SMX,CA,AWP,WE,Federal Contract Tower,0,15,11,0,26,0,34,68,0,102,0,49,79,0,128,48,0,48,176
01/28/2009,SMX,CA,AWP,WE,Federal Contract Tower,2,14,9,5,30,0,22,52,0,74,2,36,61,5,104,36,0,36,140
01/29/2009,SMX,CA,AWP,WE,Federal Contract Tower,0,14,11,0,25,0,21,60,0,81,0,35,71,0,106,42,0,42,148
01/30/2009,SMX,CA,AWP,WE,Federal Contract Tower,2,14,6,0,22,0,16,77,0,93,2,30,83,0,115,52,0,52,167
01/31/2009,SMX,CA,AWP,WE,Federal Contract Tower,0,10,15,0,25,0,12,96,0,108,0,22,111,0,133,106,0,106,239
02/01/2009,SMX,CA,AWP,WE,Federal Contract Tower,2,8,2,0,12,0,5,55,0,60,2,13,57,0,72,56,0,56,128
02/02/2009,SMX,CA,AWP,WE,Federal Contract Tower,0,16,10,0,26,0,18,49,0,67,0,34,59,0,93,44,0,44,137
02/03/2009,SMX,CA,AWP,WE,Federal Contract Tower,0,16,3,0,19,0,35,62,0,97,0,51,65,0,116,122,0,122,238
02/04/2009,SMX,CA,AWP,WE,Federal Contract Tower,2,13,10,0,25,0,27,48,0,75,2,40,58,0,100,20,0,20,120
02/05/2009,SMX,CA,AWP,WE,Federal Contract Tower,0,22,14,0,36,0,13,12,0,25,0,35,26,0,61,0,0,0,61
02/06/2009,SMX,CA,AWP,WE,Federal Contract Tower,2,21,13,0,36,0,6,2,0,8,2,27,15,0,44,2,0,2,46
02/07/2009,SMX,CA,AWP,WE,Federal Contract Tower,0,8,11,0,19,0,7,12,0,19,0,15,23,0,38,22,0,22,60
02/08/2009,SMX,CA,AWP,WE,Federal Contract Tower,2,7,11,4,24,0,10,28,0,38,2,17,39,4,62,16,0,16,78
02/09/2009,SMX,CA,AWP,WE,Federal Contract Tower,0,15,5,0,20,0,10,6,0,16,0,25,11,0,36,8,0,8,44
02/10/2009,SMX,CA,AWP,WE,Federal Contract Tower,0,20,6,0,26,0,31,64,0,95,0,51,70,0,121,26,0,26,147
02/11/2009,SMX,CA,AWP,WE,Federal Contract Tower,2,28,19,0,49,0,21,13,0,34,2,49,32,0,83,24,0,24,107
02/12/2009,SMX,CA,AWP,WE,Federal Contract Tower,0,21,12,0,33,0,21,77,0,98,0,42,89,0,131,46,0,46,177
02/13/2009,SMX,CA,AWP,WE,Federal Contract Tower,2,19,12,0,33,0,20,14,0,34,2,39,26,0,67,10,0,10,77
02/14/2009,SMX,CA,AWP,WE,Federal Contract Tower,0,7,7,2,16,0,13,32,0,45,0,20,39,2,61,52,0,52,113
02/15/2009,SMX,CA,AWP,WE,Federal Contract Tower,2,9,3,0,14,0,11,0,0,11,2,20,3,0,25,4,0,4,29
02/16/2009,SMX,CA,AWP,WE,Federal Contract Tower,0,14,1,0,15,0,12,2,0,14,0,26,3,0,29,0,0,0,29
02/17/2009,SMX,CA,AWP,WE,Federal Contract Tower,0,21,10,0,31,0,20,10,0,30,0,41,20,0,61,14,0,14,75
02/18/2009,SMX,CA,AWP,WE,Federal Contract Tower,2,15,10,0,27,0,36,66,0,102,2,51,76,0,129,64,0,64,193
02/19/2009,SMX,CA,AWP,WE,Federal Contract Tower,0,15,5,0,20,0,28,76,0,104,0,43,81,0,124,76,0,76,200
02/20/2009,SMX,CA,AWP,WE,Federal Contract Tower,2,15,10,0,27,0,18,88,4,110,2,33,98,4,137,84,0,84,221
02/21/2009,SMX,CA,AWP,WE,Federal Contract Tower,0,6,14,0,20,0,8,41,0,49,0,14,55,0,69,22,0,22,91
02/22/2009,SMX,CA,AWP,WE,Federal Contract Tower,2,6,10,0,18,0,2,10,4,16,2,8,20,4,34,2,0,2,36
02/23/2009,SMX,CA,AWP,WE,Federal Contract Tower,0,15,9,1,25,0,22,16,0,38,0,37,25,1,63,20,0,20,83
02/24/2009,SMX,CA,AWP,WE,Federal Contract Tower,0,28,14,1,43,0,12,48,0,60,0,40,62,1,103,24,2,26,129
02/25/2009,SMX,CA,AWP,WE,Federal Contract Tower,2,19,16,2,39,0,24,56,0,80,2,43,72,2,119,24,0,24,143
02/26/2009,SMX,CA,AWP,WE,Federal Contract Tower,0,19,6,0,25,0,18,34,0,52,0,37,40,0,77,42,0,42,119
02/27/2009,SMX,CA,AWP,WE,Federal Contract Tower,2,15,9,2,28,0,10,66,3,79,2,25,75,5,107,40,0,40,147
02/28/2009,SMX,CA,AWP,WE,Federal Contract Tower,0,7,11,2,20,0,10,96,0,106,0,17,107,2,126,68,0,68,194
03/01/2009,SMX,CA,AWP,WE,Federal Contract Tower,2,8,8,2,20,0,6,62,0,68,2,14,70,2,88,56,0,56,144
03/02/2009,SMX,CA,AWP,WE,Federal Contract Tower,0,18,12,0,30,0,14,9,0,23,0,32,21,0,53,12,0,12,65
03/03/2009,SMX,CA,AWP,WE,Federal Contract Tower,0,22,11,0,33,0,19,33,0,52,0,41,44,0,85,6,0,6,91
03/04/2009,SMX,CA,AWP,WE,Federal Contract Tower,2,23,11,0,36,0,17,18,0,35,2,40,29,0,71,14,0,14,85
03/05/2009,SMX,CA,AWP,WE,Federal Contract Tower,2,17,26,0,45,0,18,91,0,109,2,35,117,0,154,102,0,102,256
03/06/2009,SMX,CA,AWP,WE,Federal Contract Tower,2,14,11,0,27,0,23,82,0,105,2,37,93,0,132,96,0,96,228
03/07/2009,SMX,CA,AWP,WE,Federal Contract Tower,0,10,13,1,24,0,7,119,1,127,0,17,132,2,151,62,0,62,213
03/08/2009,SMX,CA,AWP,WE,Federal Contract Tower,4,7,8,0,19,0,10,57,0,67,4,17,65,0,86,26,0,26,112
03/09/2009,SMX,CA,AWP,WE,Federal Contract Tower,0,13,18,0,31,0,16,58,0,74,0,29,76,0,105,52,0,52,157
03/10/2009,SMX,CA,AWP,WE,Federal Contract Tower,0,13,3,1,17,0,22,58,0,80,0,35,61,1,97,118,2,120,217
03/11/2009,SMX,CA,AWP,WE,Federal Contract Tower,2,16,9,0,27,0,22,37,0,59,2,38,46,0,86,74,0,74,160
03/12/2009,SMX,CA,AWP,WE,Federal Contract Tower,0,18,8,0,26,0,17,77,0,94,0,35,85,0,120,130,0,130,250
03/13/2009,SMX,CA,AWP,WE,Federal Contract Tower,2,14,6,0,22,0,14,71,0,85,2,28,77,0,107,96,0,96,203
03/14/2009,SMX,CA,AWP,WE,Federal Contract Tower,0,9,15,2,26,0,10,28,0,38,0,19,43,2,64,0,0,0,64
03/15/2009,SMX,CA,AWP,WE,Federal Contract Tower,2,9,10,2,23,0,11,48,0,59,2,20,58,2,82,70,2,72,154
03/16/2009,SMX,CA,AWP,WE,Federal Contract Tower,0,12,11,0,23,0,17,47,0,64,0,29,58,0,87,84,0,84,171
03/17/2009,SMX,CA,AWP,WE,Federal Contract Tower,0,14,17,0,31,0,24,29,0,53,0,38,46,0,84,26,0,26,110
03/18/2009,SMX,CA,AWP,WE,Federal Contract Tower,2,15,11,0,28,0,21,51,0,72,2,36,62,0,100,34,0,34,134
03/19/2009,SMX,CA,AWP,WE,Federal Contract Tower,0,16,13,2,31,0,19,74,0,93,0,35,87,2,124,102,0,102,226
03/20/2009,SMX,CA,AWP,WE,Federal Contract Tower,4,16,21,1,42,0,7,31,0,38,4,23,52,1,80,8,0,8,88
03/21/2009,SMX,CA,AWP,WE,Federal Contract Tower,0,14,18,0,32,0,12,30,0,42,0,26,48,0,74,56,0,56,130
03/22/2009,SMX,CA,AWP,WE,Federal Contract Tower,2,7,5,0,14,0,4,14,0,18,2,11,19,0,32,4,0,4,36
03/23/2009,SMX,CA,AWP,WE,Federal Contract Tower,0,14,13,2,29,0,21,42,0,63,0,35,55,2,92,82,0,82,174
03/24/2009,SMX,CA,AWP,WE,Federal Contract Tower,0,13,7,0,20,0,20,68,0,88,0,33,75,0,108,28,0,28,136
03/25/2009,SMX,CA,AWP,WE,Federal Contract Tower,2,12,27,0,41,0,22,68,0,90,2,34,95,0,131,62,0,62,193
03/26/2009,SMX,CA,AWP,WE,Federal Contract Tower,0,15,9,0,24,0,20,71,0,91,0,35,80,0,115,82,0,82,197
03/27/2009,SMX,CA,AWP,WE,Federal Contract Tower,2,14,16,0,32,0,22,114,0,136,2,36,130,0,168,132,8,140,308
03/28/2009,SMX,CA,AWP,WE,Federal Contract Tower,0,6,7,0,13,0,5,111,0,116,0,11,118,0,129,68,0,68,197
03/29/2009,SMX,CA,AWP,WE,Federal Contract Tower,2,8,26,2,38,0,1,53,0,54,2,9,79,2,92,42,0,42,134
03/30/2009,SMX,CA,AWP,WE,Federal Contract Tower,0,14,11,2,27,0,23,55,0,78,0,37,66,2,105,70,0,70,175
03/31/2009,SMX,CA,AWP,WE,Federal Contract Tower,0,12,10,1,23,0,28,85,0,113,0,40,95,1,136,58,0,58,194
04/01/2009,SMX,CA,AWP,WE,Federal Contract Tower,2,19,8,0,29,0,14,48,1,63,2,33,56,1,92,18,0,18,110
04/02/2009,SMX,CA,AWP,WE,Federal Contract Tower,0,26,16,2,44,0,1,9,0,10,0,27,25,2,54,2,0,2,56
04/03/2009,SMX,CA,AWP,WE,Federal Contract Tower,2,16,4,0,22,0,13,49,0,62,2,29,53,0,84,8,0,8,92
04/04/2009,SMX,CA,AWP,WE,Federal Contract Tower,0,7,6,8,21,0,8,80,0,88,0,15,86,8,109,40,8,48,157
04/05/2009,SMX,CA,AWP,WE,Federal Contract Tower,2,7,16,0,25,0,6,75,0,81,2,13,91,0,106,58,0,58,164
04/06/2009,SMX,CA,AWP,WE,Federal Contract Tower,0,10,18,0,28,0,19,67,0,86,0,29,85,0,114,38,0,38,152
04/07/2009,SMX,CA,AWP,WE,Federal Contract Tower,0,18,16,0,34,0,19,20,0,39,0,37,36,0,73,36,0,36,109
04/08/2009,SMX,CA,AWP,WE,Federal Contract Tower,2,17,24,0,43,0,16,32,0,48,2,33,56,0,91,22,0,22,113
04/09/2009,SMX,CA,AWP,WE,Federal Contract Tower,0,19,19,0,38,0,14,56,0,70,0,33,75,0,108,58,0,58,166
04/10/2009,SMX,CA,AWP,WE,Federal Contract Tower,2,15,15,2,34,0,10,46,0,56,2,25,61,2,90,22,2,24,114
04/11/2009,SMX,CA,AWP,WE,Federal Contract Tower,0,7,4,0,11,0,7,55,2,64,0,14,59,2,75,36,0,36,111
04/12/2009,SMX,CA,AWP,WE,Federal Contract Tower,3,7,3,0,13,0,3,51,0,54,3,10,54,0,67,34,0,34,101
04/13/2009,SMX,CA,AWP,WE,Federal Contract Tower,0,10,22,0,32,0,17,49,0,66,0,27,71,0,98,34,0,34,132
04/14/2009,SMX,CA,AWP,WE,Federal Contract Tower,0,18,8,2,28,0,27,16,0,43,0,45,24,2,71,38,0,38,109
04/15/2009,SMX,CA,AWP,WE,Federal Contract Tower,2,14,6,0,22,0,18,23,2,43,2,32,29,2,65,4,0,4,69
04/16/2009,SMX,CA,AWP,WE,Federal Contract Tower,0,12,8,0,20,0,17,47,4,68,0,29,55,4,88,32,0,32,120
04/17/2009,SMX,CA,AWP,WE,Federal Contract Tower,2,11,13,0,26,0,20,84,4,108,2,31,97,4,134,46,0,46,180
04/18/2009,SMX,CA,AWP,WE,Federal Contract Tower,0,7,8,0,15,0,3,84,0,87,0,10,92,0,102,44,0,44,146
04/19/2009,SMX,CA,AWP,WE,Federal Contract Tower,2,7,12,0,21,0,4,86,4,94,2,11,98,4,115,72,0,72,187
04/20/2009,SMX,CA,AWP,WE,Federal Contract Tower,0,12,7,0,19,0,20,44,0,64,0,32,51,0,83,10,2,12,95
04/21/2009,SMX,CA,AWP,WE,Federal Contract Tower,0,14,14,0,28,0,23,55,0,78,0,37,69,0,106,80,0,80,186
04/22/2009,SMX,CA,AWP,WE,Federal Contract Tower,2,27,20,0,49,0,10,38,0,48,2,37,58,0,97,4,0,4,101
04/23/2009,SMX,CA,AWP,WE,Federal Contract Tower,0,28,32,0,60,0,12,34,0,46,0,40,66,0,106,48,0,48,154
04/24/2009,SMX,CA,AWP,WE,Federal Contract Tower,2,13,15,0,30,0,18,46,0,64,2,31,61,0,94,18,0,18,112
04/25/2009,SMX,CA,AWP,WE,Federal Contract Tower,0,6,16,0,22,0,8,58,0,66,0,14,74,0,88,42,0,42,130
04/26/2009,SMX,CA,AWP,WE,Federal Contract Tower,2,7,14,0,23,0,7,65,0,72,2,14,79,0,95,54,0,54,149
04/27/2009,SMX,CA,AWP,WE,Federal Contract Tower,0,11,17,0,28,0,17,48,0,65,0,28,65,0,93,52,0,52,145
04/28/2009,SMX,CA,AWP,WE,Federal Contract Tower,0,13,9,1,23,0,21,30,0,51,0,34,39,1,74,6,2,8,82
04/29/2009,SMX,CA,AWP,WE,Federal Contract Tower,2,14,19,2,37,0,26,55,0,81,2,40,74,2,118,28,4,32,150
04/30/2009,SMX,CA,AWP,WE,Federal Contract Tower,0,17,13,0,30,0,32,74,0,106,0,49,87,0,136,76,0,76,212
05/01/2009,SMX,CA,AWP,WE,Federal Contract Tower,2,16,18,0,36,0,21,44,0,65,2,37,62,0,101,20,0,20,121
05/02/2009,SMX,CA,AWP,WE,Federal Contract Tower,0,8,11,0,19,0,10,63,0,73,0,18,74,0,92,54,0,54,146
05/03/2009,SMX,CA,AWP,WE,Federal Contract Tower,4,9,9,0,22,0,5,57,0,62,4,14,66,0,84,54,10,64,148
05/04/2009,SMX,CA,AWP,WE,Federal Contract Tower,0,12,9,2,23,0,12,42,0,54,0,24,51,2,77,30,0,30,107
05/05/2009,SMX,CA,AWP,WE,Federal Contract Tower,0,23,30,0,53,0,12,35,0,47,0,35,65,0,100,34,0,34,134
05/06/2009,SMX,CA,AWP,WE,Federal Contract Tower,2,15,4,0,21,0,17,61,0,78,2,32,65,0,99,36,0,36,135
05/07/2009,SMX,CA,AWP,WE,Federal Contract Tower,2,20,10,0,32,0,22,140,0,162,2,42,150,0,194,20,0,20,214
05/08/2009,SMX,CA,AWP,WE,Federal Contract Tower,2,11,13,0,26,0,11,208,4,223,2,22,221,4,249,20,6,26,275
05/09/2009,SMX,CA,AWP,WE,Federal Contract Tower,0,6,10,0,16,0,10,105,3,118,0,16,115,3,134,26,76,102,236
05/10/2009,SMX,CA,AWP,WE,Federal Contract Tower,2,9,13,0,24,0,7,58,0,65,2,16,71,0,89,38,0,38,127
05/11/2009,SMX,CA,AWP,WE,Federal Contract Tower,0,9,8,0,17,0,21,55,0,76,0,30,63,0,93,66,0,66,159
05/12/2009,SMX,CA,AWP,WE,Federal Contract Tower,0,12,6,0,18,0,21,51,0,72,0,33,57,0,90,16,0,16,106
05/13/2009,SMX,CA,AWP,WE,Federal Contract Tower,2,15,13,0,30,0,23,53,0,76,2,38,66,0,106,40,0,40,146
05/14/2009,SMX,CA,AWP,WE,Federal Contract Tower,0,14,12,4,30,0,20,58,1,79,0,34,70,5,109,38,0,38,147
05/15/2009,SMX,CA,AWP,WE,Federal Contract Tower,2,16,27,0,45,0,11,73,0,84,2,27,100,0,129,64,0,64,193
05/16/2009,SMX,CA,AWP,WE,Federal Contract Tower,0,8,7,0,15,0,9,109,0,118,0,17,116,0,133,82,0,82,215
05/17/2009,SMX,CA,AWP,WE,Federal Contract Tower,2,8,21,0,31,0,5,57,0,62,2,13,78,0,93,26,0,26,119
05/18/2009,SMX,CA,AWP,WE,Federal Contract Tower,0,16,23,0,39,0,12,53,0,65,0,28,76,0,104,70,0,70,174
05/19/2009,SMX,CA,AWP,WE,Federal Contract Tower,0,23,16,1,40,0,15,38,0,53,0,38,54,1,93,40,2,42,135
05/20/2009,SMX,CA,AWP,WE,Federal Contract Tower,2,21,27,0,50,0,14,64,0,78,2,35,91,0,128,66,0,66,194
05/21/2009,SMX,CA,AWP,WE,Federal Contract Tower,0,24,26,0,50,0,15,40,0,55,0,39,66,0,105,16,0,16,121
05/22/2009,SMX,CA,AWP,WE,Federal Contract Tower,2,21,20,0,43,0,8,52,0,60,2,29,72,0,103,36,0,36,139
05/23/2009,SMX,CA,AWP,WE,Federal Contract Tower,0,8,15,0,23,0,1,47,0,48,0,9,62,0,71,8,0,8,79
05/24/2009,SMX,CA,AWP,WE,Federal Contract Tower,2,5,9,0,16,0,10,28,0,38,2,15,37,0,54,50,0,50,104
05/25/2009,SMX,CA,AWP,WE,Federal Contract Tower,0,7,10,0,17,0,13,28,0,41,0,20,38,0,58,0,0,0,58
05/26/2009,SMX,CA,AWP,WE,Federal Contract Tower,0,17,16,0,33,0,16,63,0,79,0,33,79,0,112,84,0,84,196
05/27/2009,SMX,CA,AWP,WE,Federal Contract Tower,2,25,17,0,44,0,14,33,0,47,2,39,50,0,91,34,0,34,125
05/28/2009,SMX,CA,AWP,WE,Federal Contract Tower,0,27,19,0,46,0,6,48,0,54,0,33,67,0,100,30,0,30,130
05/29/2009,SMX,CA,AWP,WE,Federal Contract Tower,2,21,23,0,46,0,9,51,0,60,2,30,74,0,106,14,0,14,120
05/30/2009,SMX,CA,AWP,WE,Federal Contract Tower,0,9,24,0,33,0,3,33,0,36,0,12,57,0,69,14,0,14,83
05/31/2009,SMX,CA,AWP,WE,Federal Contract Tower,2,6,25,0,33,0,3,19,0,22,2,9,44,0,55,6,0,6,61
06/01/2009,SMX,CA,AWP,WE,Federal Contract Tower,0,20,12,0,32,0,6,24,0,30,0,26,36,0,62,10,0,10,72
06/02/2009,SMX,CA,AWP,WE,Federal Contract Tower,0,26,15,0,41,0,9,27,0,36,0,35,42,0,77,20,0,20,97
06/03/2009,SMX,CA,AWP,WE,Federal Contract Tower,2,25,10,0,37,0,8,32,0,40,2,33,42,0,77,48,0,48,125
06/04/2009,SMX,CA,AWP,WE,Federal Contract Tower,0,19,20,1,40,0,15,58,0,73,0,34,78,1,113,44,2,46,159
06/05/2009,SMX,CA,AWP,WE,Federal Contract Tower,2,16,25,0,43,0,15,68,0,83,2,31,93,0,126,34,2,36,162
06/06/2009,SMX,CA,AWP,WE,Federal Contract Tower,0,7,12,0,19,0,7,60,0,67,0,14,72,0,86,24,0,24,110
06/07/2009,SMX,CA,AWP,WE,Federal Contract Tower,2,7,10,2,21,0,6,79,0,85,2,13,89,2,106,36,0,36,142
06/08/2009,SMX,CA,AWP,WE,Federal Contract Tower,0,14,16,0,30,0,19,41,0,60,0,33,57,0,90,18,0,18,108
06/09/2009,SMX,CA,AWP,WE,Federal Contract Tower,2,22,11,0,35,0,16,26,0,42,2,38,37,0,77,62,0,62,139
06/10/2009,SMX,CA,AWP,WE,Federal Contract Tower,0,18,25,0,43,0,15,21,0,36,0,33,46,0,79,80,0,80,159
06/11/2009,SMX,CA,AWP,WE,Federal Contract Tower,2,23,30,0,55,0,20,43,0,63,2,43,73,0,118,54,0,54,172
06/12/2009,SMX,CA,AWP,WE,Federal Contract Tower,0,15,22,0,37,0,16,43,2,61,0,31,65,2,98,20,2,22,120
06/13/2009,SMX,CA,AWP,WE,Federal Contract Tower,0,9,9,0,18,0,10,70,0,80,0,19,79,0,98,90,0,90,188
06/14/2009,SMX,CA,AWP,WE,Federal Contract Tower,2,9,19,0,30,0,7,70,0,77,2,16,89,0,107,66,0,66,173
06/15/2009,SMX,CA,AWP,WE,Federal Contract Tower,0,13,18,0,31,0,14,66,0,80,0,27,84,0,111,58,0,58,169
06/16/2009,SMX,CA,AWP,WE,Federal Contract Tower,2,22,6,0,30,0,18,64,0,82,2,40,70,0,112,62,0,62,174
06/17/2009,SMX,CA,AWP,WE,Federal Contract Tower,0,25,20,0,45,0,13,37,0,50,0,38,57,0,95,38,0,38,133
06/18/2009,SMX,CA,AWP,WE,Federal Contract Tower,2,26,20,0,48,0,10,63,0,73,2,36,83,0,121,14,0,14,135
06/19/2009,SMX,CA,AWP,WE,Federal Contract Tower,0,17,13,0,30,0,17,76,0,93,0,34,89,0,123,48,0,48,171
06/20/2009,SMX,CA,AWP,WE,Federal Contract Tower,0,11,25,0,36,0,2,35,0,37,0,13,60,0,73,30,0,30,103
06/21/2009,SMX,CA,AWP,WE,Federal Contract Tower,2,7,13,0,22,0,16,98,2,116,2,23,111,2,138,46,0,46,184
06/22/2009,SMX,CA,AWP,WE,Federal Contract Tower,0,18,11,0,29,0,19,34,0,53,0,37,45,0,82,10,0,10,92
06/23/2009,SMX,CA,AWP,WE,Federal Contract Tower,2,22,23,0,47,0,22,63,0,85,2,44,86,0,132,68,0,68,200
06/24/2009,SMX,CA,AWP,WE,Federal Contract Tower,0,32,20,0,52,0,15,30,0,45,0,47,50,0,97,26,0,26,123
06/25/2009,SMX,CA,AWP,WE,Federal Contract Tower,2,19,19,0,40,0,20,57,0,77,2,39,76,0,117,32,0,32,149
06/26/2009,SMX,CA,AWP,WE,Federal Contract Tower,0,20,21,1,42,0,15,55,0,70,0,35,76,1,112,40,2,42,154
06/27/2009,SMX,CA,AWP,WE,Federal Contract Tower,0,10,6,0,16,0,7,96,0,103,0,17,102,0,119,72,0,72,191
06/28/2009,SMX,CA,AWP,WE,Federal Contract Tower,2,8,16,0,26,0,7,84,0,91,2,15,100,0,117,72,0,72,189
06/29/2009,SMX,CA,AWP,WE,Federal Contract Tower,0,21,12,0,33,0,11,34,0,45,0,32,46,0,78,38,0,38,116
06/30/2009,SMX,CA,AWP,WE,Federal Contract Tower,2,23,20,4,49,0,16,43,0,59,2,39,63,4,108,38,4,42,150
07/01/2009,SMX,CA,AWP,WE,Federal Contract Tower,0,22,17,0,39,0,15,34,0,49,0,37,51,0,88,42,0,42,130
07/02/2009,SMX,CA,AWP,WE,Federal Contract Tower,3,18,14,0,35,0,13,66,0,79,3,31,80,0,114,32,0,32,146
07/03/2009,SMX,CA,AWP,WE,Federal Contract Tower,0,13,8,0,21,0,5,64,0,69,0,18,72,0,90,42,0,42,132
07/04/2009,SMX,CA,AWP,WE,Federal Contract Tower,0,4,4,0,8,0,2,70,0,72,0,6,74,0,80,8,0,8,88
07/05/2009,SMX,CA,AWP,WE,Federal Contract Tower,4,6,7,0,17,0,3,49,0,52,4,9,56,0,69,0,0,0,69
07/06/2009,SMX,CA,AWP,WE,Federal Contract Tower,0,18,5,0,23,0,13,44,0,57,0,31,49,0,80,74,0,74,154
07/07/2009,SMX,CA,AWP,WE,Federal Contract Tower,2,16,8,0,26,0,20,86,0,106,2,36,94,0,132,72,0,72,204
07/08/2009,SMX,CA,AWP,WE,Federal Contract Tower,0,23,31,0,54,0,13,86,3,102,0,36,117,3,156,62,0,62,218
07/09/2009,SMX,CA,AWP,WE,Federal Contract Tower,2,22,10,2,36,0,10,86,0,96,2,32,96,2,132,22,0,22,154
07/10/2009,SMX,CA,AWP,WE,Federal Contract Tower,0,19,17,0,36,0,11,79,0,90,0,30,96,0,126,46,0,46,172
07/11/2009,SMX,CA,AWP,WE,Federal Contract Tower,0,9,7,0,16,0,6,76,0,82,0,15,83,0,98,18,0,18,116
07/12/2009,SMX,CA,AWP,WE,Federal Contract Tower,2,7,15,0,24,0,5,70,0,75,2,12,85,0,99,30,0,30,129
07/13/2009,SMX,CA,AWP,WE,Federal Contract Tower,0,13,2,0,15,0,20,70,0,90,0,33,72,0,105,40,0,40,145
07/14/2009,SMX,CA,AWP,WE,Federal Contract Tower,2,21,17,0,40,0,18,88,0,106,2,39,105,0,146,50,0,50,196
07/15/2009,SMX,CA,AWP,WE,Federal Contract Tower,0,23,17,0,40,0,12,45,0,57,0,35,62,0,97,66,0,66,163
07/16/2009,SMX,CA,AWP,WE,Federal Contract Tower,2,20,19,0,41,0,14,69,0,83,2,34,88,0,124,24,0,24,148
07/17/2009,SMX,CA,AWP,WE,Federal Contract Tower,0,20,16,0,36,0,14,48,0,62,0,34,64,0,98,64,0,64,162
07/18/2009,SMX,CA,AWP,WE,Federal Contract Tower,0,8,15,1,24,0,10,69,0,79,0,18,84,1,103,56,0,56,159
07/19/2009,SMX,CA,AWP,WE,Federal Contract Tower,2,9,11,4,26,0,9,72,0,81,2,18,83,4,107,20,2,22,129
07/20/2009,SMX,CA,AWP,WE,Federal Contract Tower,0,18,8,0,26,0,9,69,0,78,0,27,77,0,104,14,0,14,118
07/21/2009,SMX,CA,AWP,WE,Federal Contract Tower,2,19,19,2,42,0,19,61,0,80,2,38,80,2,122,82,10,92,214
07/22/2009,SMX,CA,AWP,WE,Federal Contract Tower,0,16,11,0,27,0,17,68,0,85,0,33,79,0,112,86,0,86,198
07/23/2009,SMX,CA,AWP,WE,Federal Contract Tower,2,16,29,0,47,0,12,47,2,61,2,28,76,2,108,44,0,44,152
07/24/2009,SMX,CA,AWP,WE,Federal Contract Tower,0,22,20,0,42,0,10,48,0,58,0,32,68,0,100,22,0,22,122
07/25/2009,SMX,CA,AWP,WE,Federal Contract Tower,0,7,19,0,26,0,3,56,0,59,0,10,75,0,85,44,0,44,129
07/26/2009,SMX,CA,AWP,WE,Federal Contract Tower,2,7,12,0,21,0,11,88,0,99,2,18,100,0,120,48,0,48,168
07/27/2009,SMX,CA,AWP,WE,Federal Contract Tower,0,18,12,0,30,0,18,100,0,118,0,36,112,0,148,62,0,62,210
07/28/2009,SMX,CA,AWP,WE,Federal Contract Tower,2,28,10,0,40,0,10,57,0,67,2,38,67,0,107,58,0,58,165
07/29/2009,SMX,CA,AWP,WE,Federal Contract Tower,0,19,12,1,32,0,17,53,0,70,0,36,65,1,102,59,0,59,161
07/30/2009,SMX,CA,AWP,WE,Federal Contract Tower,2,24,12,0,38,0,7,40,0,47,2,31,52,0,85,14,0,14,99
07/31/2009,SMX,CA,AWP,WE,Federal Contract Tower,0,18,24,0,42,0,4,49,0,53,0,22,73,0,95,52,0,52,147
08/01/2009,SMX,CA,AWP,WE,Federal Contract Tower,0,11,12,0,23,0,8,50,0,58,0,19,62,0,81,76,0,76,157
08/02/2009,SMX,CA,AWP,WE,Federal Contract Tower,2,6,15,0,23,0,8,81,0,89,2,14,96,0,112,70,0,70,182
08/03/2009,SMX,CA,AWP,WE,Federal Contract Tower,0,18,10,2,30,0,22,56,0,78,0,40,66,2,108,58,0,58,166
08/04/2009,SMX,CA,AWP,WE,Federal Contract Tower,2,21,10,0,33,0,18,66,0,84,2,39,76,0,117,60,0,60,177
08/05/2009,SMX,CA,AWP,WE,Federal Contract Tower,0,21,18,0,39,0,11,65,0,76,0,32,83,0,115,34,0,34,149
08/06/2009,SMX,CA,AWP,WE,Federal Contract Tower,2,13,14,0,29,0,21,63,0,84,2,34,77,0,113,54,0,54,167
08/07/2009,SMX,CA,AWP,WE,Federal Contract Tower,0,14,10,0,24,0,19,64,0,83,0,33,74,0,107,42,0,42,149
08/08/2009,SMX,CA,AWP,WE,Federal Contract Tower,0,8,17,0,25,0,5,118,0,123,0,13,135,0,148,42,0,42,190
08/09/2009,SMX,CA,AWP,WE,Federal Contract Tower,2,9,20,0,31,0,5,266,0,271,2,14,286,0,302,12,0,12,314
08/10/2009,SMX,CA,AWP,WE,Federal Contract Tower,2,19,13,0,34,0,10,204,0,214,2,29,217,0,248,4,0,4,252
08/11/2009,SMX,CA,AWP,WE,Federal Contract Tower,2,22,15,0,39,0,10,138,0,148,2,32,153,0,187,0,0,0,187
08/12/2009,SMX,CA,AWP,WE,Federal Contract Tower,0,20,16,0,36,0,0,0,0,0,0,20,16,0,36,18,0,18,54
08/13/2009,SMX,CA,AWP,WE,Federal Contract Tower,2,18,8,0,28,0,25,357,2,384,2,43,365,2,412,10,0,10,422
08/14/2009,SMX,CA,AWP,WE,Federal Contract Tower,0,13,13,0,26,0,12,280,0,292,0,25,293,0,318,14,0,14,332
08/15/2009,SMX,CA,AWP,WE,Federal Contract Tower,0,7,11,0,18,0,3,201,0,204,0,10,212,0,222,2,0,2,224
08/16/2009,SMX,CA,AWP,WE,Federal Contract Tower,2,8,24,0,34,0,9,123,0,132,2,17,147,0,166,46,0,46,212
08/17/2009,SMX,CA,AWP,WE,Federal Contract Tower,0,19,19,0,38,0,16,185,1,202,0,35,204,1,240,0,0,0,240
08/18/2009,SMX,CA,AWP,WE,Federal Contract Tower,2,25,20,0,47,0,16,86,0,102,2,41,106,0,149,16,0,16,165
08/19/2009,SMX,CA,AWP,WE,Federal Contract Tower,0,23,18,0,41,0,18,88,0,106,0,41,106,0,147,14,0,14,161
08/20/2009,SMX,CA,AWP,WE,Federal Contract Tower,2,20,29,0,51,0,10,102,0,112,2,30,131,0,163,18,0,18,181
08/21/2009,SMX,CA,AWP,WE,Federal Contract Tower,2,18,18,0,38,0,7,68,0,75,2,25,86,0,113,60,0,60,173
08/22/2009,SMX,CA,AWP,WE,Federal Contract Tower,2,9,10,0,21,0,10,80,0,90,2,19,90,0,111,14,0,14,125
08/23/2009,SMX,CA,AWP,WE,Federal Contract Tower,2,8,6,0,16,0,14,81,0,95,2,22,87,0,111,48,0,48,159
08/24/2009,SMX,CA,AWP,WE,Federal Contract Tower,0,18,18,2,38,0,16,61,0,77,0,34,79,2,115,54,10,64,179
08/25/2009,SMX,CA,AWP,WE,Federal Contract Tower,2,24,9,1,36,0,24,74,0,98,2,48,83,1,134,16,6,22,156
08/26/2009,SMX,CA,AWP,WE,Federal Contract Tower,0,18,15,0,33,0,16,63,0,79,0,34,78,0,112,90,0,90,202
08/27/2009,SMX,CA,AWP,WE,Federal Contract Tower,4,12,11,0,27,0,21,101,0,122,4,33,112,0,149,100,0,100,249
08/28/2009,SMX,CA,AWP,WE,Federal Contract Tower,0,9,16,1,26,0,14,71,7,92,0,23,87,8,118,47,2,49,167
08/29/2009,SMX,CA,AWP,WE,Federal Contract Tower,0,6,2,0,8,0,14,86,0,100,0,20,88,0,108,46,0,46,154
08/30/2009,SMX,CA,AWP,WE,Federal Contract Tower,2,9,10,0,21,0,14,96,1,111,2,23,106,1,132,50,0,50,182
08/31/2009,SMX,CA,AWP,WE,Federal Contract Tower,0,16,22,1,39,0,15,95,2,112,0,31,117,3,151,80,0,80,231
09/01/2009,SMX,CA,AWP,WE,Federal Contract Tower,2,19,16,1,38,0,17,68,0,85,2,36,84,1,123,50,0,50,173
09/02/2009,SMX,CA,AWP,WE,Federal Contract Tower,0,12,19,0,31,0,42,96,0,138,0,54,115,0,169,128,0,128,297
09/03/2009,SMX,CA,AWP,WE,Federal Contract Tower,4,12,7,3,26,0,31,55,0,86,4,43,62,3,112,82,6,88,200
09/04/2009,SMX,CA,AWP,WE,Federal Contract Tower,0,17,12,0,29,0,31,47,0,78,0,48,59,0,107,62,0,62,169
09/05/2009,SMX,CA,AWP,WE,Federal Contract Tower,0,7,15,0,22,0,8,55,0,63,0,15,70,0,85,52,0,52,137
09/06/2009,SMX,CA,AWP,WE,Federal Contract Tower,4,7,7,0,18,0,13,102,0,115,4,20,109,0,133,48,0,48,181
09/07/2009,SMX,CA,AWP,WE,Federal Contract Tower,0,8,6,0,14,0,13,81,0,94,0,21,87,0,108,106,0,106,214
09/08/2009,SMX,CA,AWP,WE,Federal Contract Tower,2,14,17,0,33,0,35,81,0,116,2,49,98,0,149,126,0,126,275
09/09/2009,SMX,CA,AWP,WE,Federal Contract Tower,0,30,23,0,53,0,19,32,0,51,0,49,55,0,104,74,0,74,178
09/10/2009,SMX,CA,AWP,WE,Federal Contract Tower,2,18,18,0,38,0,18,71,0,89,2,36,89,0,127,72,0,72,199
09/11/2009,SMX,CA,AWP,WE,Federal Contract Tower,0,16,21,0,37,0,13,37,2,52,0,29,58,2,89,58,0,58,147
09/12/2009,SMX,CA,AWP,WE,Federal Contract Tower,0,20,17,0,37,0,7,53,10,70,0,27,70,10,107,100,0,100,207
09/13/2009,SMX,CA,AWP,WE,Federal Contract Tower,2,11,21,0,34,0,16,46,0,62,2,27,67,0,96,104,0,104,200
09/14/2009,SMX,CA,AWP,WE,Federal Contract Tower,0,24,11,0,35,0,19,47,2,68,0,43,58,2,103,186,0,186,289
09/15/2009,SMX,CA,AWP,WE,Federal Contract Tower,2,16,15,0,33,0,37,60,2,99,2,53,75,2,132,96,0,96,228
09/16/2009,SMX,CA,AWP,WE,Federal Contract Tower,0,12,8,0,20,0,25,60,0,85,0,37,68,0,105,62,0,62,167
09/17/2009,SMX,CA,AWP,WE,Federal Contract Tower,2,15,21,2,40,0,23,46,0,69,2,38,67,2,109,70,0,70,179
09/18/2009,SMX,CA,AWP,WE,Federal Contract Tower,0,11,7,1,19,0,14,78,0,92,0,25,85,1,111,54,0,54,165
09/19/2009,SMX,CA,AWP,WE,Federal Contract Tower,0,10,15,0,25,0,5,54,0,59,0,15,69,0,84,64,0,64,148
09/20/2009,SMX,CA,AWP,WE,Federal Contract Tower,2,9,18,0,29,0,1,57,0,58,2,10,75,0,87,68,0,68,155
09/21/2009,SMX,CA,AWP,WE,Federal Contract Tower,0,27,19,0,46,0,9,46,0,55,0,36,65,0,101,24,0,24,125
09/22/2009,SMX,CA,AWP,WE,Federal Contract Tower,2,24,29,0,55,0,7,33,0,40,2,31,62,0,95,54,0,54,149
09/23/2009,SMX,CA,AWP,WE,Federal Contract Tower,0,12,17,0,29,0,17,40,0,57,0,29,57,0,86,136,0,136,222
09/24/2009,SMX,CA,AWP,WE,Federal Contract Tower,2,11,17,0,30,0,12,66,0,78,2,23,83,0,108,46,0,46,154
09/25/2009,SMX,CA,AWP,WE,Federal Contract Tower,0,14,12,0,26,0,12,65,0,77,0,26,77,0,103,60,0,60,163
09/26/2009,SMX,CA,AWP,WE,Federal Contract Tower,0,7,19,0,26,0,7,81,0,88,0,14,100,0,114,30,0,30,144
09/27/2009,SMX,CA,AWP,WE,Federal Contract Tower,2,7,18,0,27,0,7,77,0,84,2,14,95,0,111,96,0,96,207
09/28/2009,SMX,CA,AWP,WE,Federal Contract Tower,0,20,17,0,37,0,12,43,0,55,0,32,60,0,92,32,0,32,124
09/29/2009,SMX,CA,AWP,WE,Federal Contract Tower,2,17,21,2,42,0,27,76,0,103,2,44,97,2,145,68,0,68,213
09/30/2009,SMX,CA,AWP,WE,Federal Contract Tower,0,15,10,0,25,0,31,84,2,117,0,46,94,2,142,34,0,34,176
10/01/2009,SMX,CA,AWP,WE,Federal Contract Tower,2,15,25,0,42,0,20,143,0,163,2,35,168,0,205,78,0,78,283
10/02/2009,SMX,CA,AWP,WE,Federal Contract Tower,2,12,26,0,40,0,21,66,0,87,2,33,92,0,127,58,0,58,185
10/03/2009,SMX,CA,AWP,WE,Federal Contract Tower,1,9,45,0,55,0,6,65,0,71,1,15,110,0,126,62,0,62,188
10/04/2009,SMX,CA,AWP,WE,Federal Contract Tower,2,7,22,0,31,0,0,83,0,83,2,7,105,0,114,14,0,14,128
10/05/2009,SMX,CA,AWP,WE,Federal Contract Tower,0,16,15,0,31,0,24,28,0,52,0,40,43,0,83,56,0,56,139
10/06/2009,SMX,CA,AWP,WE,Federal Contract Tower,2,16,21,0,39,0,25,88,0,113,2,41,109,0,152,36,0,36,188
10/07/2009,SMX,CA,AWP,WE,Federal Contract Tower,0,16,15,0,31,0,24,84,0,108,0,40,99,0,139,88,0,88,227
10/08/2009,SMX,CA,AWP,WE,Federal Contract Tower,2,25,35,0,62,0,26,85,0,111,2,51,120,0,173,84,0,84,257
10/09/2009,SMX,CA,AWP,WE,Federal Contract Tower,0,16,24,0,40,0,12,47,0,59,0,28,71,0,99,72,0,72,171
10/10/2009,SMX,CA,AWP,WE,Federal Contract Tower,0,9,18,0,27,0,4,46,0,50,0,13,64,0,77,32,0,32,109
10/11/2009,SMX,CA,AWP,WE,Federal Contract Tower,3,9,24,0,36,0,9,49,0,58,3,18,73,0,94,34,0,34,128
10/12/2009,SMX,CA,AWP,WE,Federal Contract Tower,0,14,23,0,37,0,17,15,0,32,0,31,38,0,69,12,0,12,81
10/13/2009,SMX,CA,AWP,WE,Federal Contract Tower,2,18,4,0,24,0,19,0,0,19,2,37,4,0,43,8,0,8,51
10/14/2009,SMX,CA,AWP,WE,Federal Contract Tower,0,20,10,0,30,0,9,16,0,25,0,29,26,0,55,4,0,4,59
10/15/2009,SMX,CA,AWP,WE,Federal Contract Tower,2,18,18,0,38,0,20,68,0,88,2,38,86,0,126,54,0,54,180
10/16/2009,SMX,CA,AWP,WE,Federal Contract Tower,0,12,6,0,18,0,27,46,0,73,0,39,52,0,91,40,0,40,131
10/17/2009,SMX,CA,AWP,WE,Federal Contract Tower,0,8,8,0,16,0,19,91,0,110,0,27,99,0,126,86,0,86,212
10/18/2009,SMX,CA,AWP,WE,Federal Contract Tower,2,11,19,0,32,0,13,56,0,69,2,24,75,0,101,40,0,40,141
10/19/2009,SMX,CA,AWP,WE,Federal Contract Tower,0,22,17,0,39,0,16,35,3,54,0,38,52,3,93,70,0,70,163
10/20/2009,SMX,CA,AWP,WE,Federal Contract Tower,2,12,14,0,28,0,28,59,0,87,2,40,73,0,115,54,0,54,169
10/21/2009,SMX,CA,AWP,WE,Federal Contract Tower,0,13,15,0,28,0,25,61,0,86,0,38,76,0,114,120,0,120,234
10/22/2009,SMX,CA,AWP,WE,Federal Contract Tower,2,13,18,0,33,0,43,93,0,136,2,56,111,0,169,94,0,94,263
10/23/2009,SMX,CA,AWP,WE,Federal Contract Tower,0,13,7,0,20,0,25,73,0,98,0,38,80,0,118,136,0,136,254
10/24/2009,SMX,CA,AWP,WE,Federal Contract Tower,0,10,14,1,25,0,9,93,1,103,0,19,107,2,128,18,0,18,146
10/25/2009,SMX,CA,AWP,WE,Federal Contract Tower,2,7,8,0,17,0,8,85,0,93,2,15,93,0,110,40,0,40,150
10/26/2009,SMX,CA,AWP,WE,Federal Contract Tower,0,11,18,0,29,0,21,36,4,61,0,32,54,4,90,22,0,22,112
10/27/2009,SMX,CA,AWP,WE,Federal Contract Tower,2,18,1,0,21,0,21,37,0,58,2,39,38,0,79,8,0,8,87
10/28/2009,SMX,CA,AWP,WE,Federal Contract Tower,0,17,4,1,22,0,20,55,0,75,0,37,59,1,97,42,2,44,141
10/29/2009,SMX,CA,AWP,WE,Federal Contract Tower,4,13,12,0,29,0,31,104,0,135,4,44,116,0,164,32,0,32,196
10/30/2009,SMX,CA,AWP,WE,Federal Contract Tower,0,14,16,0,30,0,27,62,0,89,0,41,78,0,119,80,0,80,199
10/31/2009,SMX,CA,AWP,WE,Federal Contract Tower,0,7,7,0,14,0,12,96,0,108,0,19,103,0,122,30,0,30,152
11/01/2009,SMX,CA,AWP,WE,Federal Contract Tower,4,10,7,0,21,0,11,77,0,88,4,21,84,0,109,74,0,74,183
11/02/2009,SMX,CA,AWP,WE,Federal Contract Tower,0,12,5,2,19,0,21,64,1,86,0,33,69,3,105,30,0,30,135
11/03/2009,SMX,CA,AWP,WE,Federal Contract Tower,2,18,10,0,30,0,17,44,0,61,2,35,54,0,91,28,0,28,119
11/04/2009,SMX,CA,AWP,WE,Federal Contract Tower,0,22,23,1,46,0,11,51,0,62,0,33,74,1,108,96,0,96,204
11/05/2009,SMX,CA,AWP,WE,Federal Contract Tower,2,18,16,1,37,0,22,66,0,88,2,40,82,1,125,64,0,64,189
11/06/2009,SMX,CA,AWP,WE,Federal Contract Tower,0,16,23,0,39,0,17,93,0,110,0,33,116,0,149,32,0,32,181
11/07/2009,SMX,CA,AWP,WE,Federal Contract Tower,0,12,32,0,44,0,18,87,0,105,0,30,119,0,149,56,0,56,205
11/08/2009,SMX,CA,AWP,WE,Federal Contract Tower,2,8,25,0,35,0,11,104,0,115,2,19,129,0,150,62,0,62,212
11/09/2009,SMX,CA,AWP,WE,Federal Contract Tower,0,12,17,0,29,0,18,38,2,58,0,30,55,2,87,66,0,66,153
11/10/2009,SMX,CA,AWP,WE,Federal Contract Tower,2,14,19,0,35,0,18,62,0,80,2,32,81,0,115,66,0,66,181
11/11/2009,SMX,CA,AWP,WE,Federal Contract Tower,0,14,11,0,25,0,15,74,0,89,0,29,85,0,114,102,0,102,216
11/12/2009,SMX,CA,AWP,WE,Federal Contract Tower,2,17,21,0,40,0,27,39,0,66,2,44,60,0,106,56,0,56,162
11/13/2009,SMX,CA,AWP,WE,Federal Contract Tower,0,18,20,0,38,0,19,48,0,67,0,37,68,0,105,42,0,42,147
11/14/2009,SMX,CA,AWP,WE,Federal Contract Tower,0,11,8,0,19,0,10,76,0,86,0,21,84,0,105,14,0,14,119
11/15/2009,SMX,CA,AWP,WE,Federal Contract Tower,2,11,12,0,25,0,10,79,0,89,2,21,91,0,114,66,0,66,180
11/16/2009,SMX,CA,AWP,WE,Federal Contract Tower,0,13,10,0,23,0,20,55,5,80,0,33,65,5,103,44,2,46,149
11/17/2009,SMX,CA,AWP,WE,Federal Contract Tower,2,14,23,0,39,0,19,63,0,82,2,33,86,0,121,38,0,38,159
11/18/2009,SMX,CA,AWP,WE,Federal Contract Tower,2,14,10,0,26,0,21,51,0,72,2,35,61,0,98,16,0,16,114
11/19/2009,SMX,CA,AWP,WE,Federal Contract Tower,0,15,13,0,28,0,25,70,0,95,0,40,83,0,123,32,0,32,155
11/20/2009,SMX,CA,AWP,WE,Federal Contract Tower,2,18,19,0,39,0,16,54,0,70,2,34,73,0,109,24,0,24,133
11/21/2009,SMX,CA,AWP,WE,Federal Contract Tower,0,13,13,2,28,0,9,40,0,49,0,22,53,2,77,60,0,60,137
11/22/2009,SMX,CA,AWP,WE,Federal Contract Tower,2,5,8,0,15,0,16,42,0,58,2,21,50,0,73,52,0,52,125
11/23/2009,SMX,CA,AWP,WE,Federal Contract Tower,0,11,16,1,28,0,21,45,1,67,0,32,61,2,95,56,0,56,151
11/24/2009,SMX,CA,AWP,WE,Federal Contract Tower,0,15,8,0,23,0,25,72,2,99,0,40,80,2,122,30,0,30,152
11/25/2009,SMX,CA,AWP,WE,Federal Contract Tower,2,11,20,0,33,0,38,87,0,125,2,49,107,0,158,86,0,86,244
11/26/2009,SMX,CA,AWP,WE,Federal Contract Tower,0,3,2,0,5,0,19,35,0,54,0,22,37,0,59,16,0,16,75
11/27/2009,SMX,CA,AWP,WE,Federal Contract Tower,2,17,15,0,34,0,3,22,0,25,2,20,37,0,59,10,0,10,69
11/28/2009,SMX,CA,AWP,WE,Federal Contract Tower,0,8,10,0,18,0,10,71,0,81,0,18,81,0,99,72,0,72,171
11/29/2009,SMX,CA,AWP,WE,Federal Contract Tower,2,6,21,0,29,0,17,67,0,84,2,23,88,0,113,76,0,76,189
11/30/2009,SMX,CA,AWP,WE,Federal Contract Tower,0,15,9,2,26,0,23,38,0,61,0,38,47,2,87,20,0,20,107
12/01/2009,SMX,CA,AWP,WE,Federal Contract Tower,0,25,8,0,33,0,19,32,0,51,0,44,40,0,84,28,0,28,112
12/02/2009,SMX,CA,AWP,WE,Federal Contract Tower,2,26,16,0,44,0,23,43,1,67,2,49,59,1,111,78,0,78,189
12/03/2009,SMX,CA,AWP,WE,Federal Contract Tower,0,22,16,0,38,0,19,61,0,80,0,41,77,0,118,40,0,40,158
12/04/2009,SMX,CA,AWP,WE,Federal Contract Tower,2,18,8,0,28,0,25,50,0,75,2,43,58,0,103,106,0,106,209
12/05/2009,SMX,CA,AWP,WE,Federal Contract Tower,0,9,5,0,14,0,5,23,0,28,0,14,28,0,42,12,0,12,54
12/06/2009,SMX,CA,AWP,WE,Federal Contract Tower,2,7,11,0,20,0,7,63,0,70,2,14,74,0,90,60,0,60,150
12/07/2009,SMX,CA,AWP,WE,Federal Contract Tower,0,10,7,0,17,0,19,3,0,22,0,29,10,0,39,2,0,2,41
12/08/2009,SMX,CA,AWP,WE,Federal Contract Tower,0,20,15,0,35,0,34,43,0,77,0,54,58,0,112,22,0,22,134
12/09/2009,SMX,CA,AWP,WE,Federal Contract Tower,2,15,14,0,31,0,28,47,0,75,2,43,61,0,106,68,0,68,174
12/10/2009,SMX,CA,AWP,WE,Federal Contract Tower,0,20,13,0,33,0,10,7,0,17,0,30,20,0,50,10,0,10,60
12/11/2009,SMX,CA,AWP,WE,Federal Contract Tower,2,18,6,0,26,0,19,19,0,38,2,37,25,0,64,0,0,0,64
12/12/2009,SMX,CA,AWP,WE,Federal Contract Tower,0,14,8,0,22,0,7,0,0,7,0,21,8,0,29,0,0,0,29
12/13/2009,SMX,CA,AWP,WE,Federal Contract Tower,2,10,5,0,17,0,7,18,0,25,2,17,23,0,42,12,0,12,54
12/14/2009,SMX,CA,AWP,WE,Federal Contract Tower,0,18,17,0,35,0,23,47,4,74,0,41,64,4,109,52,0,52,161
12/15/2009,SMX,CA,AWP,WE,Federal Contract Tower,0,21,7,0,28,0,31,38,0,69,0,52,45,0,97,72,0,72,169
12/16/2009,SMX,CA,AWP,WE,Federal Contract Tower,2,16,13,0,31,0,31,86,0,117,2,47,99,0,148,82,0,82,230
12/17/2009,SMX,CA,AWP,WE,Federal Contract Tower,0,16,18,0,34,0,29,52,0,81,0,45,70,0,115,86,0,86,201
12/18/2009,SMX,CA,AWP,WE,Federal Contract Tower,2,18,10,0,30,0,28,45,0,73,2,46,55,0,103,50,0,50,153
12/19/2009,SMX,CA,AWP,WE,Federal Contract Tower,0,10,13,0,23,0,13,78,0,91,0,23,91,0,114,60,0,60,174
12/20/2009,SMX,CA,AWP,WE,Federal Contract Tower,2,7,4,0,13,0,11,67,0,78,2,18,71,0,91,80,0,80,171
12/21/2009,SMX,CA,AWP,WE,Federal Contract Tower,0,19,10,0,29,0,18,36,0,54,0,37,46,0,83,14,0,14,97
12/22/2009,SMX,CA,AWP,WE,Federal Contract Tower,0,19,7,0,26,0,19,30,0,49,0,38,37,0,75,0,2,2,77
12/23/2009,SMX,CA,AWP,WE,Federal Contract Tower,2,13,5,0,20,0,22,44,0,66,2,35,49,0,86,30,0,30,116
12/24/2009,SMX,CA,AWP,WE,Federal Contract Tower,2,13,2,0,17,0,24,66,0,90,2,37,68,0,107,6,0,6,113
12/25/2009,SMX,CA,AWP,WE,Federal Contract Tower,2,3,4,0,9,0,9,34,0,43,2,12,38,0,52,4,0,4,56
12/26/2009,SMX,CA,AWP,WE,Federal Contract Tower,0,9,13,0,22,0,7,37,0,44,0,16,50,0,66,16,0,16,82
12/27/2009,SMX,CA,AWP,WE,Federal Contract Tower,2,7,8,0,17,0,6,37,0,43,2,13,45,0,60,12,0,12,72
12/28/2009,SMX,CA,AWP,WE,Federal Contract Tower,0,12,10,0,22,0,24,16,0,40,0,36,26,0,62,46,0,46,108
12/29/2009,SMX,CA,AWP,WE,Federal Contract Tower,0,16,4,0,20,0,32,50,0,82,0,48,54,0,102,64,0,64,166
12/30/2009,SMX,CA,AWP,WE,Federal Contract Tower,2,22,10,0,34,0,8,3,0,11,2,30,13,0,45,22,0,22,67
12/31/2009,SMX,CA,AWP,WE,Federal Contract Tower,0,17,15,0,32,0,22,91,0,113,0,39,106,0,145,54,0,54,199
01/01/2010,SMX,CA,AWP,WE,Federal Contract Tower,2,7,6,0,15,0,10,24,0,34,2,17,30,0,49,4,0,4,53
01/02/2010,SMX,CA,AWP,WE,Federal Contract Tower,0,15,10,0,25,0,7,48,0,55,0,22,58,0,80,54,0,54,134
01/03/2010,SMX,CA,AWP,WE,Federal Contract Tower,2,12,9,0,23,0,16,67,0,83,2,28,76,0,106,38,0,38,144
01/04/2010,SMX,CA,AWP,WE,Federal Contract Tower,0,18,14,0,32,0,19,70,0,89,0,37,84,0,121,56,0,56,177
01/05/2010,SMX,CA,AWP,WE,Federal Contract Tower,0,17,8,0,25,0,30,46,0,76,0,47,54,0,101,40,0,40,141
01/06/2010,SMX,CA,AWP,WE,Federal Contract Tower,2,19,7,0,28,0,25,52,0,77,2,44,59,0,105,64,0,64,169
01/07/2010,SMX,CA,AWP,WE,Federal Contract Tower,0,14,9,0,23,0,38,85,0,123,0,52,94,0,146,124,0,124,270
01/08/2010,SMX,CA,AWP,WE,Federal Contract Tower,2,17,14,0,33,0,13,52,0,65,2,30,66,0,98,34,0,34,132
01/09/2010,SMX,CA,AWP,WE,Federal Contract Tower,0,10,6,0,16,0,16,99,0,115,0,26,105,0,131,60,0,60,191
01/10/2010,SMX,CA,AWP,WE,Federal Contract Tower,2,7,11,0,20,0,9,91,0,100,2,16,102,0,120,58,0,58,178
01/11/2010,SMX,CA,AWP,WE,Federal Contract Tower,0,11,13,0,24,0,19,55,0,74,0,30,68,0,98,60,0,60,158
01/12/2010,SMX,CA,AWP,WE,Federal Contract Tower,0,19,18,0,37,0,18,31,0,49,0,37,49,0,86,36,0,36,122
01/13/2010,SMX,CA,AWP,WE,Federal Contract Tower,2,17,7,0,26,0,16,12,0,28,2,33,19,0,54,4,0,4,58
01/14/2010,SMX,CA,AWP,WE,Federal Contract Tower,0,13,10,0,23,0,15,67,4,86,0,28,77,4,109,50,0,50,159
01/15/2010,SMX,CA,AWP,WE,Federal Contract Tower,4,16,12,0,32,0,43,73,0,116,4,59,85,0,148,54,0,54,202
01/16/2010,SMX,CA,AWP,WE,Federal Contract Tower,0,9,12,0,21,0,13,83,0,96,0,22,95,0,117,30,0,30,147
01/17/2010,SMX,CA,AWP,WE,Federal Contract Tower,2,6,9,0,17,0,6,26,0,32,2,12,35,0,49,46,0,46,95
01/18/2010,SMX,CA,AWP,WE,Federal Contract Tower,0,16,5,0,21,0,7,2,0,9,0,23,7,0,30,22,0,22,52
01/19/2010,SMX,CA,AWP,WE,Federal Contract Tower,0,17,7,0,24,0,23,8,0,31,0,40,15,0,55,4,0,4,59
01/20/2010,SMX,CA,AWP,WE,Federal Contract Tower,2,11,5,0,18,0,18,0,0,18,2,29,5,0,36,8,0,8,44
01/21/2010,SMX,CA,AWP,WE,Federal Contract Tower,0,15,5,0,20,0,11,28,0,39,0,26,33,0,59,12,0,12,71
01/22/2010,SMX,CA,AWP,WE,Federal Contract Tower,2,14,7,2,25,0,16,10,0,26,2,30,17,2,51,2,0,2,53
01/23/2010,SMX,CA,AWP,WE,Federal Contract Tower,0,8,25,0,33,0,8,81,0,89,0,16,106,0,122,116,0,116,238
01/24/2010,SMX,CA,AWP,WE,Federal Contract Tower,2,17,9,2,30,0,14,73,0,87,2,31,82,2,117,62,0,62,179
01/25/2010,SMX,CA,AWP,WE,Federal Contract Tower,0,15,21,2,38,0,23,28,0,51,0,38,49,2,89,74,0,74,163
01/26/2010,SMX,CA,AWP,WE,Federal Contract Tower,0,23,9,0,32,0,19,5,0,24,0,42,14,0,56,12,0,12,68
01/27/2010,SMX,CA,AWP,WE,Federal Contract Tower,2,15,12,2,31,0,26,44,1,71,2,41,56,3,102,70,2,72,174
01/28/2010,SMX,CA,AWP,WE,Federal Contract Tower,0,15,10,0,25,0,20,68,0,88,0,35,78,0,113,58,0,58,171
01/29/2010,SMX,CA,AWP,WE,Federal Contract Tower,0,2,13,13,28,0,32,84,4,120,0,34,97,17,148,88,0,88,236
01/30/2010,SMX,CA,AWP,WE,Federal Contract Tower,0,12,15,2,29,0,13,63,0,76,0,25,78,2,105,62,0,62,167
01/31/2010,SMX,CA,AWP,WE,Federal Contract Tower,2,6,12,0,20,0,11,84,0,95,2,17,96,0,115,60,0,60,175
02/01/2010,SMX,CA,AWP,WE,Federal Contract Tower,1,10,11,0,22,0,31,71,0,102,1,41,82,0,124,70,0,70,194
02/02/2010,SMX,CA,AWP,WE,Federal Contract Tower,0,18,14,0,32,0,30,50,0,80,0,48,64,0,112,38,0,38,150
02/03/2010,SMX,CA,AWP,WE,Federal Contract Tower,2,17,10,0,29,0,22,67,0,89,2,39,77,0,118,94,0,94,212
02/04/2010,SMX,CA,AWP,WE,Federal Contract Tower,0,17,14,0,31,0,20,34,0,54,0,37,48,0,85,8,0,8,93
02/05/2010,SMX,CA,AWP,WE,Federal Contract Tower,4,13,10,0,27,0,20,12,0,32,4,33,22,0,59,20,0,20,79
02/06/2010,SMX,CA,AWP,WE,Federal Contract Tower,0,7,15,0,22,0,12,13,0,25,0,19,28,0,47,12,0,12,59
02/07/2010,SMX,CA,AWP,WE,Federal Contract Tower,2,8,10,0,20,0,3,37,0,40,2,11,47,0,60,28,0,28,88
02/08/2010,SMX,CA,AWP,WE,Federal Contract Tower,0,16,14,0,30,0,22,52,0,74,0,38,66,0,104,14,0,14,118
02/09/2010,SMX,CA,AWP,WE,Federal Contract Tower,0,19,15,0,34,0,19,5,0,24,0,38,20,0,58,4,0,4,62
02/10/2010,SMX,CA,AWP,WE,Federal Contract Tower,2,15,14,0,31,0,22,66,0,88,2,37,80,0,119,62,0,62,181
02/11/2010,SMX,CA,AWP,WE,Federal Contract Tower,0,17,25,0,42,0,25,82,0,107,0,42,107,0,149,94,0,94,243
02/12/2010,SMX,CA,AWP,WE,Federal Contract Tower,2,14,10,0,26,0,25,72,0,97,2,39,82,0,123,84,0,84,207
02/13/2010,SMX,CA,AWP,WE,Federal Contract Tower,0,6,17,0,23,0,16,67,0,83,0,22,84,0,106,96,0,96,202
02/14/2010,SMX,CA,AWP,WE,Federal Contract Tower,2,8,11,0,21,0,12,59,0,71,2,20,70,0,92,98,0,98,190
02/15/2010,SMX,CA,AWP,WE,Federal Contract Tower,0,12,17,0,29,0,21,70,0,91,0,33,87,0,120,68,0,68,188
02/16/2010,SMX,CA,AWP,WE,Federal Contract Tower,0,16,16,2,34,0,23,57,0,80,0,39,73,2,114,30,0,30,144
02/17/2010,SMX,CA,AWP,WE,Federal Contract Tower,2,13,7,0,22,0,15,40,0,55,2,28,47,0,77,56,0,56,133
02/18/2010,SMX,CA,AWP,WE,Federal Contract Tower,0,19,28,0,47,0,13,14,0,27,0,32,42,0,74,8,0,8,82
02/19/2010,SMX,CA,AWP,WE,Federal Contract Tower,2,18,14,0,34,0,12,19,0,31,2,30,33,0,65,8,0,8,73
02/20/2010,SMX,CA,AWP,WE,Federal Contract Tower,0,10,9,1,20,0,13,57,0,70,0,23,66,1,90,60,6,66,156
02/21/2010,SMX,CA,AWP,WE,Federal Contract Tower,2,7,14,2,25,0,3,15,0,18,2,10,29,2,43,22,0,22,65
02/22/2010,SMX,CA,AWP,WE,Federal Contract Tower,0,11,22,0,33,0,18,18,0,36,0,29,40,0,69,22,0,22,91
02/23/2010,SMX,CA,AWP,WE,Federal Contract Tower,0,18,14,0,32,0,20,34,0,54,0,38,48,0,86,48,0,48,134
02/24/2010,SMX,CA,AWP,WE,Federal Contract Tower,2,33,16,0,51,0,2,0,0,2,2,35,16,0,53,10,0,10,63
02/25/2010,SMX,CA,AWP,WE,Federal Contract Tower,0,13,20,2,35,0,20,51,0,71,0,33,71,2,106,38,0,38,144
02/26/2010,SMX,CA,AWP,WE,Federal Contract Tower,2,14,12,0,28,0,15,41,0,56,2,29,53,0,84,36,0,36,120
02/27/2010,SMX,CA,AWP,WE,Federal Contract Tower,0,8,5,0,13,0,14,7,0,21,0,22,12,0,34,50,0,50,84
02/28/2010,SMX,CA,AWP,WE,Federal Contract Tower,2,7,8,2,19,0,24,44,0,68,2,31,52,2,87,60,0,60,147
03/01/2010,SMX,CA,AWP,WE,Federal Contract Tower,0,14,18,2,34,0,22,33,0,55,0,36,51,2,89,22,0,22,111
03/02/2010,SMX,CA,AWP,WE,Federal Contract Tower,0,17,10,0,27,0,26,16,0,42,0,43,26,0,69,32,0,32,101
03/03/2010,SMX,CA,AWP,WE,Federal Contract Tower,2,14,10,0,26,0,20,27,0,47,2,34,37,0,73,24,0,24,97
03/04/2010,SMX,CA,AWP,WE,Federal Contract Tower,0,14,7,0,21,0,17,59,0,76,0,31,66,0,97,44,0,44,141
03/05/2010,SMX,CA,AWP,WE,Federal Contract Tower,2,15,12,0,29,0,22,58,0,80,2,37,70,0,109,76,0,76,185
03/06/2010,SMX,CA,AWP,WE,Federal Contract Tower,0,7,7,2,16,0,12,23,0,35,0,19,30,2,51,12,0,12,63
03/07/2010,SMX,CA,AWP,WE,Federal Contract Tower,2,7,14,0,23,0,4,38,0,42,2,11,52,0,65,46,0,46,111
03/08/2010,SMX,CA,AWP,WE,Federal Contract Tower,2,18,17,0,37,0,20,24,2,46,2,38,41,2,83,70,0,70,153
03/09/2010,SMX,CA,AWP,WE,Federal Contract Tower,0,18,12,0,30,0,18,50,0,68,0,36,62,0,98,48,0,48,146
03/10/2010,SMX,CA,AWP,WE,Federal Contract Tower,2,14,21,0,37,0,22,47,0,69,2,36,68,0,106,42,0,42,148
03/11/2010,SMX,CA,AWP,WE,Federal Contract Tower,0,16,16,0,32,0,29,85,0,114,0,45,101,0,146,114,0,114,260
03/12/2010,SMX,CA,AWP,WE,Federal Contract Tower,4,12,19,0,35,0,27,81,0,108,4,39,100,0,143,110,0,110,253
03/13/2010,SMX,CA,AWP,WE,Federal Contract Tower,0,12,7,0,19,0,8,55,0,63,0,20,62,0,82,14,0,14,96
03/14/2010,SMX,CA,AWP,WE,Federal Contract Tower,2,7,6,0,15,0,15,75,0,90,2,22,81,0,105,54,0,54,159
03/15/2010,SMX,CA,AWP,WE,Federal Contract Tower,0,13,7,0,20,0,29,65,0,94,0,42,72,0,114,26,0,26,140
03/16/2010,SMX,CA,AWP,WE,Federal Contract Tower,0,13,24,0,37,0,17,56,0,73,0,30,80,0,110,34,0,34,144
03/17/2010,SMX,CA,AWP,WE,Federal Contract Tower,2,15,14,0,31,0,33,58,0,91,2,48,72,0,122,46,0,46,168
03/18/2010,SMX,CA,AWP,WE,Federal Contract Tower,0,16,9,0,25,0,20,83,0,103,0,36,92,0,128,102,0,102,230
03/19/2010,SMX,CA,AWP,WE,Federal Contract Tower,2,11,11,0,24,0,19,80,0,99,2,30,91,0,123,64,0,64,187
03/20/2010,SMX,CA,AWP,WE,Federal Contract Tower,0,7,11,0,18,0,11,102,0,113,0,18,113,0,131,102,0,102,233
03/21/2010,SMX,CA,AWP,WE,Federal Contract Tower,2,7,11,0,20,0,11,75,0,86,2,18,86,0,106,44,0,44,150
03/22/2010,SMX,CA,AWP,WE,Federal Contract Tower,0,10,12,0,22,0,19,31,0,50,0,29,43,0,72,16,0,16,88
03/23/2010,SMX,CA,AWP,WE,Federal Contract Tower,0,12,14,2,28,0,25,44,0,69,0,37,58,2,97,50,0,50,147
03/24/2010,SMX,CA,AWP,WE,Federal Contract Tower,2,16,12,0,30,0,19,47,0,66,2,35,59,0,96,128,0,128,224
03/25/2010,SMX,CA,AWP,WE,Federal Contract Tower,0,15,15,0,30,0,17,42,2,61,0,32,57,2,91,28,0,28,119
03/26/2010,SMX,CA,AWP,WE,Federal Contract Tower,2,12,8,0,22,0,23,70,4,97,2,35,78,4,119,34,0,34,153
03/27/2010,SMX,CA,AWP,WE,Federal Contract Tower,0,6,7,0,13,0,19,95,0,114,0,25,102,0,127,60,0,60,187
03/28/2010,SMX,CA,AWP,WE,Federal Contract Tower,2,12,5,0,19,0,11,81,0,92,2,23,86,0,111,70,0,70,181
03/29/2010,SMX,CA,AWP,WE,Federal Contract Tower,0,18,11,2,31,0,14,62,0,76,0,32,73,2,107,40,2,42,149
03/30/2010,SMX,CA,AWP,WE,Federal Contract Tower,0,23,16,0,39,0,10,14,0,24,0,33,30,0,63,12,0,12,75
03/31/2010,SMX,CA,AWP,WE,Federal Contract Tower,2,14,12,0,28,0,19,17,0,36,2,33,29,0,64,24,0,24,88
04/01/2010,SMX,CA,AWP,WE,Federal Contract Tower,0,14,14,0,28,0,24,47,0,71,0,38,61,0,99,30,0,30,129
04/02/2010,SMX,CA,AWP,WE,Federal Contract Tower,2,15,9,0,26,0,23,36,0,59,2,38,45,0,85,22,0,22,107
04/03/2010,SMX,CA,AWP,WE,Federal Contract Tower,0,7,11,0,18,0,10,102,0,112,0,17,113,0,130,20,0,20,150
04/04/2010,SMX,CA,AWP,WE,Federal Contract Tower,2,7,7,0,16,0,5,10,0,15,2,12,17,0,31,0,0,0,31
04/05/2010,SMX,CA,AWP,WE,Federal Contract Tower,0,13,15,0,28,0,15,26,0,41,0,28,41,0,69,46,0,46,115
04/06/2010,SMX,CA,AWP,WE,Federal Contract Tower,0,16,17,0,33,0,26,62,0,88,0,42,79,0,121,48,0,48,169
04/07/2010,SMX,CA,AWP,WE,Federal Contract Tower,2,14,12,0,28,0,19,65,0,84,2,33,77,0,112,56,0,56,168
04/08/2010,SMX,CA,AWP,WE,Federal Contract Tower,0,15,11,0,26,0,21,64,0,85,0,36,75,0,111,34,0,34,145
04/09/2010,SMX,CA,AWP,WE,Federal Contract Tower,2,17,22,0,41,0,13,46,0,59,2,30,68,0,100,42,0,42,142
04/10/2010,SMX,CA,AWP,WE,Federal Contract Tower,0,8,12,0,20,0,12,50,0,62,0,20,62,0,82,28,0,28,110
04/11/2010,SMX,CA,AWP,WE,Federal Contract Tower,2,7,6,2,17,0,4,11,0,15,2,11,17,2,32,0,0,0,32
04/12/2010,SMX,CA,AWP,WE,Federal Contract Tower,0,14,7,0,21,0,20,22,0,42,0,34,29,0,63,0,0,0,63
04/13/2010,SMX,CA,AWP,WE,Federal Contract Tower,0,16,14,0,30,0,26,54,0,80,0,42,68,0,110,36,0,36,146
04/14/2010,SMX,CA,AWP,WE,Federal Contract Tower,2,22,15,0,39,0,8,44,0,52,2,30,59,0,91,10,0,10,101
04/15/2010,SMX,CA,AWP,WE,Federal Contract Tower,0,12,15,1,28,0,15,84,1,100,0,27,99,2,128,56,0,56,184
04/16/2010,SMX,CA,AWP,WE,Federal Contract Tower,2,13,13,0,28,0,21,74,0,95,2,34,87,0,123,46,0,46,169
04/17/2010,SMX,CA,AWP,WE,Federal Contract Tower,0,8,11,0,19,0,12,90,0,102,0,20,101,0,121,40,0,40,161
04/18/2010,SMX,CA,AWP,WE,Federal Contract Tower,2,8,15,0,25,0,5,62,0,67,2,13,77,0,92,38,0,38,130
04/19/2010,SMX,CA,AWP,WE,Federal Contract Tower,0,16,9,0,25,0,19,33,0,52,0,35,42,0,77,58,0,58,135
04/20/2010,SMX,CA,AWP,WE,Federal Contract Tower,0,20,13,0,33,0,9,14,0,23,0,29,27,0,56,8,0,8,64
04/21/2010,SMX,CA,AWP,WE,Federal Contract Tower,2,16,5,0,23,0,19,14,0,33,2,35,19,0,56,6,0,6,62
04/22/2010,SMX,CA,AWP,WE,Federal Contract Tower,0,18,19,0,37,0,26,28,0,54,0,44,47,0,91,44,0,44,135
04/23/2010,SMX,CA,AWP,WE,Federal Contract Tower,2,17,8,0,27,0,12,64,0,76,2,29,72,0,103,42,0,42,145
04/24/2010,SMX,CA,AWP,WE,Federal Contract Tower,0,11,20,0,31,0,3,43,23,69,0,14,63,23,100,88,0,88,188
04/25/2010,SMX,CA,AWP,WE,Federal Contract Tower,2,8,19,0,29,0,6,69,0,75,2,14,88,0,104,44,0,44,148
04/26/2010,SMX,CA,AWP,WE,Federal Contract Tower,2,15,11,0,28,0,22,90,0,112,2,37,101,0,140,96,0,96,236
04/27/2010,SMX,CA,AWP,WE,Federal Contract Tower,0,25,18,0,43,0,8,11,0,19,0,33,29,0,62,14,0,14,76
04/28/2010,SMX,CA,AWP,WE,Federal Contract Tower,2,17,18,0,37,0,32,45,0,77,2,49,63,0,114,42,0,42,156
04/29/2010,SMX,CA,AWP,WE,Federal Contract Tower,0,16,3,0,19,0,20,29,0,49,0,36,32,0,68,10,0,10,78
04/30/2010,SMX,CA,AWP,WE,Federal Contract Tower,4,16,6,0,26,0,30,51,0,81,4,46,57,0,107,44,0,44,151
05/01/2010,SMX,CA,AWP,WE,Federal Contract Tower,0,7,3,0,10,0,13,60,0,73,0,20,63,0,83,66,0,66,149
05/02/2010,SMX,CA,AWP,WE,Federal Contract Tower,2,11,8,0,21,0,12,57,8,77,2,23,65,8,98,68,0,68,166
05/03/2010,SMX,CA,AWP,WE,Federal Contract Tower,0,15,12,0,27,0,25,70,0,95,0,40,82,0,122,54,0,54,176
05/04/2010,SMX,CA,AWP,WE,Federal Contract Tower,0,19,17,0,36,0,13,47,0,60,0,32,64,0,96,24,0,24,120
05/05/2010,SMX,CA,AWP,WE,Federal Contract Tower,2,15,12,0,29,0,27,60,0,87,2,42,72,0,116,30,0,30,146
05/06/2010,SMX,CA,AWP,WE,Federal Contract Tower,0,14,10,0,24,0,30,45,0,75,0,44,55,0,99,50,0,50,149
05/07/2010,SMX,CA,AWP,WE,Federal Contract Tower,2,16,6,0,24,0,18,67,1,86,2,34,73,1,110,66,2,68,178
05/08/2010,SMX,CA,AWP,WE,Federal Contract Tower,0,6,14,1,21,0,14,87,0,101,0,20,101,1,122,56,2,58,180
05/09/2010,SMX,CA,AWP,WE,Federal Contract Tower,2,6,16,0,24,0,13,42,0,55,2,19,58,0,79,28,0,28,107
05/10/2010,SMX,CA,AWP,WE,Federal Contract Tower,0,12,12,0,24,0,35,56,0,91,0,47,68,0,115,8,0,8,123
05/11/2010,SMX,CA,AWP,WE,Federal Contract Tower,0,17,4,0,21,0,27,45,0,72,0,44,49,0,93,46,0,46,139
05/12/2010,SMX,CA,AWP,WE,Federal Contract Tower,2,19,11,2,34,0,15,44,0,59,2,34,55,2,93,20,0,20,113
05/13/2010,SMX,CA,AWP,WE,Federal Contract Tower,0,21,29,0,50,0,13,50,0,63,0,34,79,0,113,34,2,36,149
05/14/2010,SMX,CA,AWP,WE,Federal Contract Tower,2,13,29,0,44,0,8,55,0,63,2,21,84,0,107,58,0,58,165
05/15/2010,SMX,CA,AWP,WE,Federal Contract Tower,0,9,17,2,28,0,8,38,0,46,0,17,55,2,74,30,0,30,104
05/16/2010,SMX,CA,AWP,WE,Federal Contract Tower,1,14,29,0,44,0,5,33,0,38,1,19,62,0,82,16,0,16,98
05/17/2010,SMX,CA,AWP,WE,Federal Contract Tower,0,18,11,0,29,0,20,6,0,26,0,38,17,0,55,2,0,2,57
05/18/2010,SMX,CA,AWP,WE,Federal Contract Tower,0,20,10,0,30,0,16,29,0,45,0,36,39,0,75,56,0,56,131
05/19/2010,SMX,CA,AWP,WE,Federal Contract Tower,2,14,18,1,35,0,20,64,1,85,2,34,82,2,120,26,0,26,146
05/20/2010,SMX,CA,AWP,WE,Federal Contract Tower,0,17,12,0,29,0,19,50,0,69,0,36,62,0,98,80,0,80,178
05/21/2010,SMX,CA,AWP,WE,Federal Contract Tower,2,13,13,0,28,0,18,52,0,70,2,31,65,0,98,32,0,32,130
05/22/2010,SMX,CA,AWP,WE,Federal Contract Tower,0,8,10,0,18,0,12,66,0,78,0,20,76,0,96,28,2,30,126
05/23/2010,SMX,CA,AWP,WE,Federal Contract Tower,2,6,12,0,20,0,8,55,0,63,2,14,67,0,83,38,0,38,121
05/24/2010,SMX,CA,AWP,WE,Federal Contract Tower,0,14,9,0,23,0,21,35,0,56,0,35,44,0,79,30,0,30,109
05/25/2010,SMX,CA,AWP,WE,Federal Contract Tower,0,32,11,0,43,0,22,50,0,72,0,54,61,0,115,82,0,82,197
05/26/2010,SMX,CA,AWP,WE,Federal Contract Tower,2,21,6,0,29,0,18,41,0,59,2,39,47,0,88,48,0,48,136
05/27/2010,SMX,CA,AWP,WE,Federal Contract Tower,0,22,11,2,35,0,16,48,0,64,0,38,59,2,99,60,0,60,159
05/28/2010,SMX,CA,AWP,WE,Federal Contract Tower,2,14,9,0,25,0,24,40,0,64,2,38,49,0,89,18,0,18,107
05/29/2010,SMX,CA,AWP,WE,Federal Contract Tower,0,6,10,0,16,0,16,70,0,86,0,22,80,0,102,62,0,62,164
05/30/2010,SMX,CA,AWP,WE,Federal Contract Tower,2,4,12,0,18,0,11,91,0,102,2,15,103,0,120,84,0,84,204
05/31/2010,SMX,CA,AWP,WE,Federal Contract Tower,0,10,14,0,24,0,14,60,0,74,0,24,74,0,98,32,0,32,130
06/01/2010,SMX,CA,AWP,WE,Federal Contract Tower,0,26,18,0,44,0,9,22,0,31,0,35,40,0,75,18,0,18,93
06/02/2010,SMX,CA,AWP,WE,Federal Contract Tower,2,24,22,0,48,0,9,40,0,49,2,33,62,0,97,14,0,14,111
06/03/2010,SMX,CA,AWP,WE,Federal Contract Tower,2,14,15,0,31,0,19,40,0,59,2,33,55,0,90,40,0,40,130
06/04/2010,SMX,CA,AWP,WE,Federal Contract Tower,2,15,16,0,33,0,7,51,0,58,2,22,67,0,91,30,0,30,121
06/05/2010,SMX,CA,AWP,WE,Federal Contract Tower,0,8,5,4,17,0,12,72,0,84,0,20,77,4,101,68,4,72,173
06/06/2010,SMX,CA,AWP,WE,Federal Contract Tower,2,7,9,0,18,0,4,61,0,65,2,11,70,0,83,66,0,66,149
06/07/2010,SMX,CA,AWP,WE,Federal Contract Tower,0,15,9,0,24,0,21,49,0,70,0,36,58,0,94,40,0,40,134
06/08/2010,SMX,CA,AWP,WE,Federal Contract Tower,0,30,17,0,47,0,17,43,0,60,0,47,60,0,107,24,0,24,131
06/09/2010,SMX,CA,AWP,WE,Federal Contract Tower,2,21,12,0,35,0,16,36,0,52,2,37,48,0,87,50,0,50,137
06/10/2010,SMX,CA,AWP,WE,Federal Contract Tower,0,17,14,0,31,0,13,54,0,67,0,30,68,0,98,0,0,0,98
06/11/2010,SMX,CA,AWP,WE,Federal Contract Tower,2,16,15,0,33,0,12,52,0,64,2,28,67,0,97,14,0,14,111
06/12/2010,SMX,CA,AWP,WE,Federal Contract Tower,0,9,6,0,15,0,11,68,0,79,0,20,74,0,94,24,0,24,118
06/13/2010,SMX,CA,AWP,WE,Federal Contract Tower,2,12,9,0,23,0,13,91,0,104,2,25,100,0,127,76,0,76,203
06/14/2010,SMX,CA,AWP,WE,Federal Contract Tower,0,22,15,0,37,0,10,46,0,56,0,32,61,0,93,50,0,50,143
06/15/2010,SMX,CA,AWP,WE,Federal Contract Tower,0,27,23,0,50,0,12,62,0,74,0,39,85,0,124,48,0,48,172
06/16/2010,SMX,CA,AWP,WE,Federal Contract Tower,2,23,13,0,38,0,29,67,0,96,2,52,80,0,134,64,0,64,198
06/17/2010,SMX,CA,AWP,WE,Federal Contract Tower,0,22,19,0,41,0,19,91,2,112,0,41,110,2,153,52,0,52,205
06/18/2010,SMX,CA,AWP,WE,Federal Contract Tower,2,29,31,0,62,0,14,28,12,54,2,43,59,12,116,48,0,48,164
06/19/2010,SMX,CA,AWP,WE,Federal Contract Tower,0,7,13,0,20,0,11,72,0,83,0,18,85,0,103,48,0,48,151
06/20/2010,SMX,CA,AWP,WE,Federal Contract Tower,2,9,8,1,20,0,8,81,0,89,2,17,89,1,109,34,0,34,143
06/21/2010,SMX,CA,AWP,WE,Federal Contract Tower,0,33,15,0,48,0,14,82,4,100,0,47,97,4,148,118,0,118,266
06/22/2010,SMX,CA,AWP,WE,Federal Contract Tower,0,26,14,0,40,0,18,33,0,51,0,44,47,0,91,8,0,8,99
06/23/2010,SMX,CA,AWP,WE,Federal Contract Tower,2,23,23,0,48,0,14,46,0,60,2,37,69,0,108,46,0,46,154
06/24/2010,SMX,CA,AWP,WE,Federal Contract Tower,0,22,16,0,38,0,18,65,0,83,0,40,81,0,121,70,4,74,195
06/25/2010,SMX,CA,AWP,WE,Federal Contract Tower,2,31,21,0,54,0,12,39,2,53,2,43,60,2,107,44,0,44,151
06/26/2010,SMX,CA,AWP,WE,Federal Contract Tower,0,11,19,0,30,0,6,61,0,67,0,17,80,0,97,36,0,36,133
06/27/2010,SMX,CA,AWP,WE,Federal Contract Tower,2,12,11,0,25,0,12,78,0,90,2,24,89,0,115,84,0,84,199
06/28/2010,SMX,CA,AWP,WE,Federal Contract Tower,0,20,14,0,34,0,10,34,0,44,0,30,48,0,78,18,0,18,96
06/29/2010,SMX,CA,AWP,WE,Federal Contract Tower,0,23,17,0,40,0,5,21,0,26,0,28,38,0,66,28,0,28,94
06/30/2010,SMX,CA,AWP,WE,Federal Contract Tower,2,17,18,0,37,0,19,40,0,59,2,36,58,0,96,40,0,40,136
07/01/2010,SMX,CA,AWP,WE,Federal Contract Tower,0,20,12,0,32,0,9,50,0,59,0,29,62,0,91,92,0,92,183
07/02/2010,SMX,CA,AWP,WE,Federal Contract Tower,4,19,18,0,41,0,9,46,0,55,4,28,64,0,96,42,0,42,138
07/03/2010,SMX,CA,AWP,WE,Federal Contract Tower,0,13,18,0,31,0,10,73,0,83,0,23,91,0,114,74,0,74,188
07/04/2010,SMX,CA,AWP,WE,Federal Contract Tower,2,4,16,0,22,0,5,39,0,44,2,9,55,0,66,18,0,18,84
07/05/2010,SMX,CA,AWP,WE,Federal Contract Tower,0,11,15,0,26,0,7,22,0,29,0,18,37,0,55,36,0,36,91
07/06/2010,SMX,CA,AWP,WE,Federal Contract Tower,2,20,11,0,33,0,17,22,0,39,2,37,33,0,72,26,0,26,98
07/07/2010,SMX,CA,AWP,WE,Federal Contract Tower,2,16,13,0,31,0,17,27,0,44,2,33,40,0,75,26,0,26,101
07/08/2010,SMX,CA,AWP,WE,Federal Contract Tower,0,30,21,2,53,0,5,23,0,28,0,35,44,2,81,14,2,16,97
07/09/2010,SMX,CA,AWP,WE,Federal Contract Tower,2,16,27,0,45,0,7,33,4,44,2,23,60,4,89,40,2,42,131
07/10/2010,SMX,CA,AWP,WE,Federal Contract Tower,0,12,24,1,37,0,7,75,0,82,0,19,99,1,119,58,2,60,179
07/11/2010,SMX,CA,AWP,WE,Federal Contract Tower,2,7,20,0,29,0,12,60,1,73,2,19,80,1,102,48,0,48,150
07/12/2010,SMX,CA,AWP,WE,Federal Contract Tower,0,20,17,1,38,0,17,67,7,91,0,37,84,8,129,74,0,74,203
07/13/2010,SMX,CA,AWP,WE,Federal Contract Tower,0,14,12,2,28,0,33,106,0,139,0,47,118,2,167,66,0,66,233
07/14/2010,SMX,CA,AWP,WE,Federal Contract Tower,2,10,8,0,20,0,38,97,0,135,2,48,105,0,155,52,0,52,207
07/15/2010,SMX,CA,AWP,WE,Federal Contract Tower,0,21,18,0,39,0,17,82,0,99,0,38,100,0,138,72,0,72,210
07/16/2010,SMX,CA,AWP,WE,Federal Contract Tower,2,23,13,0,38,0,16,55,2,73,2,39,68,2,111,104,0,104,215
07/17/2010,SMX,CA,AWP,WE,Federal Contract Tower,0,8,20,0,28,0,5,51,0,56,0,13,71,0,84,18,0,18,102
07/18/2010,SMX,CA,AWP,WE,Federal Contract Tower,0,8,9,0,17,0,12,86,0,98,0,20,95,0,115,72,0,72,187
07/19/2010,SMX,CA,AWP,WE,Federal Contract Tower,2,19,20,0,41,0,16,65,0,81,2,35,85,0,122,64,0,64,186
07/20/2010,SMX,CA,AWP,WE,Federal Contract Tower,0,26,17,0,43,0,13,32,0,45,0,39,49,0,88,28,0,28,116
07/21/2010,SMX,CA,AWP,WE,Federal Contract Tower,2,22,26,0,50,0,15,33,0,48,2,37,59,0,98,40,0,40,138
07/22/2010,SMX,CA,AWP,WE,Federal Contract Tower,0,23,19,0,42,0,17,38,0,55,0,40,57,0,97,34,0,34,131
07/23/2010,SMX,CA,AWP,WE,Federal Contract Tower,2,26,15,0,43,0,13,49,0,62,2,39,64,0,105,34,0,34,139
07/24/2010,SMX,CA,AWP,WE,Federal Contract Tower,0,8,14,0,22,0,10,64,0,74,0,18,78,0,96,84,0,84,180
07/25/2010,SMX,CA,AWP,WE,Federal Contract Tower,0,12,22,0,34,0,11,72,0,83,0,23,94,0,117,50,0,50,167
07/26/2010,SMX,CA,AWP,WE,Federal Contract Tower,2,17,16,0,35,0,12,54,0,66,2,29,70,0,101,46,0,46,147
07/27/2010,SMX,CA,AWP,WE,Federal Contract Tower,0,18,16,1,35,0,23,46,36,105,0,41,62,37,140,62,30,92,232
07/28/2010,SMX,CA,AWP,WE,Federal Contract Tower,2,14,8,0,24,0,24,65,0,89,2,38,73,0,113,60,0,60,173
07/29/2010,SMX,CA,AWP,WE,Federal Contract Tower,0,25,11,0,36,0,20,60,12,92,0,45,71,12,128,40,12,52,180
07/30/2010,SMX,CA,AWP,WE,Federal Contract Tower,4,20,13,2,39,0,12,50,12,74,4,32,63,14,113,68,0,68,181
07/31/2010,SMX,CA,AWP,WE,Federal Contract Tower,0,9,12,2,23,0,6,50,0,56,0,15,62,2,79,22,0,22,101
08/01/2010,SMX,CA,AWP,WE,Federal Contract Tower,0,9,14,1,24,0,7,80,0,87,0,16,94,1,111,50,0,50,161
08/02/2010,SMX,CA,AWP,WE,Federal Contract Tower,2,24,12,0,38,0,13,75,0,88,2,37,87,0,126,48,0,48,174
08/03/2010,SMX,CA,AWP,WE,Federal Contract Tower,0,29,12,0,41,0,13,48,0,61,0,42,60,0,102,54,0,54,156
08/04/2010,SMX,CA,AWP,WE,Federal Contract Tower,2,27,13,2,44,0,12,50,6,68,2,39,63,8,112,42,0,42,154
08/05/2010,SMX,CA,AWP,WE,Federal Contract Tower,0,24,28,0,52,0,11,39,0,50,0,35,67,0,102,64,0,64,166
08/06/2010,SMX,CA,AWP,WE,Federal Contract Tower,2,21,16,3,42,0,6,38,0,44,2,27,54,3,86,48,2,50,136
08/07/2010,SMX,CA,AWP,WE,Federal Contract Tower,0,7,11,0,18,0,8,38,0,46,0,15,49,0,64,28,0,28,92
08/08/2010,SMX,CA,AWP,WE,Federal Contract Tower,0,14,12,2,28,0,6,39,0,45,0,20,51,2,73,38,0,38,111
08/09/2010,SMX,CA,AWP,WE,Federal Contract Tower,2,18,8,1,29,0,13,59,1,73,2,31,67,2,102,80,0,80,182
08/10/2010,SMX,CA,AWP,WE,Federal Contract Tower,0,25,20,0,45,0,15,42,0,57,0,40,62,0,102,4,2,6,108
08/11/2010,SMX,CA,AWP,WE,Federal Contract Tower,2,23,20,0,45,0,15,49,0,64,2,38,69,0,109,30,0,30,139
08/12/2010,SMX,CA,AWP,WE,Federal Contract Tower,0,34,19,0,53,0,10,26,0,36,0,44,45,0,89,14,0,14,103
08/13/2010,SMX,CA,AWP,WE,Federal Contract Tower,2,26,21,1,50,0,23,52,0,75,2,49,73,1,125,60,0,60,185
08/14/2010,SMX,CA,AWP,WE,Federal Contract Tower,0,20,17,2,39,0,49,40,0,89,0,69,57,2,128,60,0,60,188
08/15/2010,SMX,CA,AWP,WE,Federal Contract Tower,1,16,17,0,34,0,91,62,0,153,1,107,79,0,187,62,0,62,249
08/16/2010,SMX,CA,AWP,WE,Federal Contract Tower,2,21,14,0,37,0,5,48,0,53,2,26,62,0,90,18,0,18,108
08/17/2010,SMX,CA,AWP,WE,Federal Contract Tower,0,20,15,0,35,0,14,48,0,62,0,34,63,0,97,40,0,40,137
08/18/2010,SMX,CA,AWP,WE,Federal Contract Tower,2,15,8,1,26,0,21,70,2,93,2,36,78,3,119,34,0,34,153
08/19/2010,SMX,CA,AWP,WE,Federal Contract Tower,0,18,21,0,39,0,8,26,0,34,0,26,47,0,73,28,0,28,101
08/20/2010,SMX,CA,AWP,WE,Federal Contract Tower,2,16,17,0,35,0,14,43,0,57,2,30,60,0,92,36,0,36,128
08/21/2010,SMX,CA,AWP,WE,Federal Contract Tower,0,8,18,0,26,0,7,28,0,35,0,15,46,0,61,24,0,24,85
08/22/2010,SMX,CA,AWP,WE,Federal Contract Tower,2,11,20,0,33,0,17,78,4,99,2,28,98,4,132,40,0,40,172
08/23/2010,SMX,CA,AWP,WE,Federal Contract Tower,2,13,8,0,23,0,19,71,0,90,2,32,79,0,113,78,0,78,191
08/24/2010,SMX,CA,AWP,WE,Federal Contract Tower,0,15,14,1,30,0,25,72,0,97,0,40,86,1,127,70,2,72,199
08/25/2010,SMX,CA,AWP,WE,Federal Contract Tower,2,17,16,0,35,0,17,64,0,81,2,34,80,0,116,38,0,38,154
08/26/2010,SMX,CA,AWP,WE,Federal Contract Tower,0,21,16,4,41,0,16,56,2,74,0,37,72,6,115,106,4,110,225
08/27/2010,SMX,CA,AWP,WE,Federal Contract Tower,5,18,19,0,42,0,8,61,6,75,5,26,80,6,117,58,28,86,203
08/28/2010,SMX,CA,AWP,WE,Federal Contract Tower,0,8,5,1,14,0,25,61,2,88,0,33,66,3,102,76,6,82,184
08/29/2010,SMX,CA,AWP,WE,Federal Contract Tower,2,11,7,3,23,0,9,71,1,81,2,20,78,4,104,142,6,148,252
08/30/2010,SMX,CA,AWP,WE,Federal Contract Tower,0,21,6,1,28,0,10,57,6,73,0,31,63,7,101,66,2,68,169
08/31/2010,SMX,CA,AWP,WE,Federal Contract Tower,0,17,10,2,29,0,15,66,2,83,0,32,76,4,112,34,0,34,146
09/01/2010,SMX,CA,AWP,WE,Federal Contract Tower,2,19,4,0,25,0,19,73,0,92,2,38,77,0,117,92,0,92,209
09/02/2010,SMX,CA,AWP,WE,Federal Contract Tower,0,14,16,0,30,0,12,71,0,83,0,26,87,0,113,56,0,56,169
09/03/2010,SMX,CA,AWP,WE,Federal Contract Tower,2,14,15,0,31,0,14,44,2,60,2,28,59,2,91,42,0,42,133
09/04/2010,SMX,CA,AWP,WE,Federal Contract Tower,0,13,12,0,25,0,3,54,0,57,0,16,66,0,82,18,0,18,100
09/05/2010,SMX,CA,AWP,WE,Federal Contract Tower,2,5,11,0,18,0,10,52,0,62,2,15,63,0,80,38,0,38,118
09/06/2010,SMX,CA,AWP,WE,Federal Contract Tower,0,17,17,0,34,0,6,52,0,58,0,23,69,0,92,112,0,112,204
09/07/2010,SMX,CA,AWP,WE,Federal Contract Tower,0,30,11,0,41,0,7,21,0,28,0,37,32,0,69,34,0,34,103
09/08/2010,SMX,CA,AWP,WE,Federal Contract Tower,2,30,32,1,65,0,20,47,0,67,2,50,79,1,132,34,2,36,168
09/09/2010,SMX,CA,AWP,WE,Federal Contract Tower,0,22,14,0,36,0,25,45,0,70,0,47,59,0,106,42,0,42,148
09/10/2010,SMX,CA,AWP,WE,Federal Contract Tower,3,19,12,0,34,0,23,107,0,130,3,42,119,0,164,174,0,174,338
09/11/2010,SMX,CA,AWP,WE,Federal Contract Tower,0,17,10,0,27,0,15,89,0,104,0,32,99,0,131,160,0,160,291
09/12/2010,SMX,CA,AWP,WE,Federal Contract Tower,2,12,19,0,33,0,10,27,0,37,2,22,46,0,70,44,0,44,114
09/13/2010,SMX,CA,AWP,WE,Federal Contract Tower,0,24,19,0,43,0,11,28,0,39,0,35,47,0,82,68,0,68,150
09/14/2010,SMX,CA,AWP,WE,Federal Contract Tower,0,22,17,0,39,0,13,31,0,44,0,35,48,0,83,84,0,84,167
09/15/2010,SMX,CA,AWP,WE,Federal Contract Tower,2,29,10,0,41,0,14,62,0,76,2,43,72,0,117,112,0,112,229
09/16/2010,SMX,CA,AWP,WE,Federal Contract Tower,0,15,14,0,29,0,10,51,0,61,0,25,65,0,90,76,0,76,166
09/17/2010,SMX,CA,AWP,WE,Federal Contract Tower,2,20,12,0,34,0,7,46,2,55,2,27,58,2,89,60,0,60,149
09/18/2010,SMX,CA,AWP,WE,Federal Contract Tower,0,13,18,0,31,0,3,20,0,23,0,16,38,0,54,22,0,22,76
09/19/2010,SMX,CA,AWP,WE,Federal Contract Tower,2,12,19,0,33,0,15,63,0,78,2,27,82,0,111,42,0,42,153
09/20/2010,SMX,CA,AWP,WE,Federal Contract Tower,0,16,16,0,32,0,13,32,0,45,0,29,48,0,77,22,0,22,99
09/21/2010,SMX,CA,AWP,WE,Federal Contract Tower,0,21,17,0,38,0,16,23,0,39,0,37,40,0,77,10,0,10,87
09/22/2010,SMX,CA,AWP,WE,Federal Contract Tower,2,14,12,0,28,0,26,59,0,85,2,40,71,0,113,30,0,30,143
09/23/2010,SMX,CA,AWP,WE,Federal Contract Tower,0,13,12,0,25,0,21,77,0,98,0,34,89,0,123,32,0,32,155
09/24/2010,SMX,CA,AWP,WE,Federal Contract Tower,2,13,10,0,25,0,21,65,0,86,2,34,75,0,111,48,0,48,159
09/25/2010,SMX,CA,AWP,WE,Federal Contract Tower,0,8,7,0,15,0,13,72,0,85,0,21,79,0,100,66,0,66,166
09/26/2010,SMX,CA,AWP,WE,Federal Contract Tower,2,9,4,0,15,0,6,61,0,67,2,15,65,0,82,20,0,20,102
09/27/2010,SMX,CA,AWP,WE,Federal Contract Tower,0,11,6,0,17,0,27,41,2,70,0,38,47,2,87,40,0,40,127
09/28/2010,SMX,CA,AWP,WE,Federal Contract Tower,0,12,13,0,25,0,22,39,0,61,0,34,52,0,86,30,0,30,116
09/29/2010,SMX,CA,AWP,WE,Federal Contract Tower,2,26,4,0,32,0,33,84,0,117,2,59,88,0,149,60,0,60,209
09/30/2010,SMX,CA,AWP,WE,Federal Contract Tower,0,15,14,0,29,0,24,85,0,109,0,39,99,0,138,46,0,46,184
10/01/2010,SMX,CA,AWP,WE,Federal Contract Tower,2,17,12,0,31,0,18,59,0,77,2,35,71,0,108,96,0,96,204
10/02/2010,SMX,CA,AWP,WE,Federal Contract Tower,0,14,9,2,25,0,5,49,0,54,0,19,58,2,79,32,0,32,111
10/03/2010,SMX,CA,AWP,WE,Federal Contract Tower,2,13,30,0,45,0,0,12,0,12,2,13,42,0,57,0,0,0,57
10/04/2010,SMX,CA,AWP,WE,Federal Contract Tower,0,17,21,0,38,0,12,21,0,33,0,29,42,0,71,14,0,14,85
10/05/2010,SMX,CA,AWP,WE,Federal Contract Tower,0,21,21,2,44,0,21,33,0,54,0,42,54,2,98,28,0,28,126
10/06/2010,SMX,CA,AWP,WE,Federal Contract Tower,2,24,16,0,42,0,21,12,0,33,2,45,28,0,75,12,0,12,87
10/07/2010,SMX,CA,AWP,WE,Federal Contract Tower,0,21,15,0,36,0,21,64,0,85,0,42,79,0,121,30,0,30,151
10/08/2010,SMX,CA,AWP,WE,Federal Contract Tower,2,18,11,0,31,0,26,73,0,99,2,44,84,0,130,40,0,40,170
10/09/2010,SMX,CA,AWP,WE,Federal Contract Tower,0,7,9,0,16,0,11,71,0,82,0,18,80,0,98,30,0,30,128
10/10/2010,SMX,CA,AWP,WE,Federal Contract Tower,4,8,9,0,21,0,12,80,0,92,4,20,89,0,113,24,0,24,137
10/11/2010,SMX,CA,AWP,WE,Federal Contract Tower,0,14,7,0,21,0,23,38,0,61,0,37,45,0,82,38,0,38,120
10/12/2010,SMX,CA,AWP,WE,Federal Contract Tower,0,23,13,0,36,0,8,14,0,22,0,31,27,0,58,24,0,24,82
10/13/2010,SMX,CA,AWP,WE,Federal Contract Tower,2,21,16,0,39,0,12,44,0,56,2,33,60,0,95,30,0,30,125
10/14/2010,SMX,CA,AWP,WE,Federal Contract Tower,2,23,19,0,44,0,1,8,0,9,2,24,27,0,53,2,0,2,55
10/15/2010,SMX,CA,AWP,WE,Federal Contract Tower,2,29,29,0,60,0,2,14,0,16,2,31,43,0,76,2,0,2,78
10/16/2010,SMX,CA,AWP,WE,Federal Contract Tower,0,9,20,2,31,0,0,12,0,12,0,9,32,2,43,20,0,20,63
10/17/2010,SMX,CA,AWP,WE,Federal Contract Tower,2,11,15,0,28,0,4,2,0,6,2,15,17,0,34,8,0,8,42
10/18/2010,SMX,CA,AWP,WE,Federal Contract Tower,0,18,16,1,35,0,15,25,3,43,0,33,41,4,78,12,0,12,90
10/19/2010,SMX,CA,AWP,WE,Federal Contract Tower,0,25,10,0,35,0,10,13,0,23,0,35,23,0,58,24,0,24,82
10/20/2010,SMX,CA,AWP,WE,Federal Contract Tower,2,35,28,0,65,0,9,29,0,38,2,44,57,0,103,26,0,26,129
10/21/2010,SMX,CA,AWP,WE,Federal Contract Tower,0,27,30,0,57,0,2,1,0,3,0,29,31,0,60,10,0,10,70
10/22/2010,SMX,CA,AWP,WE,Federal Contract Tower,3,20,15,0,38,0,16,44,0,60,3,36,59,0,98,24,0,24,122
10/23/2010,SMX,CA,AWP,WE,Federal Contract Tower,0,16,9,2,27,0,15,42,0,57,0,31,51,2,84,18,0,18,102
10/24/2010,SMX,CA,AWP,WE,Federal Contract Tower,2,9,20,0,31,0,2,10,0,12,2,11,30,0,43,8,0,8,51
10/25/2010,SMX,CA,AWP,WE,Federal Contract Tower,0,14,12,0,26,0,27,27,0,54,0,41,39,0,80,2,0,2,82
10/26/2010,SMX,CA,AWP,WE,Federal Contract Tower,0,15,11,0,26,0,22,47,0,69,0,37,58,0,95,40,0,40,135
10/27/2010,SMX,CA,AWP,WE,Federal Contract Tower,2,15,26,1,44,0,29,108,1,138,2,44,134,2,182,110,0,110,292
10/28/2010,SMX,CA,AWP,WE,Federal Contract Tower,0,14,19,0,33,0,22,82,0,104,0,36,101,0,137,68,0,68,205
10/29/2010,SMX,CA,AWP,WE,Federal Contract Tower,3,19,9,0,31,0,19,57,0,76,3,38,66,0,107,66,0,66,173
10/30/2010,SMX,CA,AWP,WE,Federal Contract Tower,0,9,19,0,28,0,8,44,0,52,0,17,63,0,80,46,0,46,126
10/31/2010,SMX,CA,AWP,WE,Federal Contract Tower,2,7,6,2,17,0,13,60,0,73,2,20,66,2,90,24,0,24,114
11/01/2010,SMX,CA,AWP,WE,Federal Contract Tower,0,14,7,0,21,0,17,41,0,58,0,31,48,0,79,42,0,42,121
11/02/2010,SMX,CA,AWP,WE,Federal Contract Tower,2,17,10,2,31,0,25,52,0,77,2,42,62,2,108,76,0,76,184
11/03/2010,SMX,CA,AWP,WE,Federal Contract Tower,0,18,13,0,31,0,32,96,0,128,0,50,109,0,159,74,2,76,235
11/04/2010,SMX,CA,AWP,WE,Federal Contract Tower,2,21,6,0,29,0,19,69,0,88,2,40,75,0,117,76,0,76,193
11/05/2010,SMX,CA,AWP,WE,Federal Contract Tower,2,14,7,0,23,0,20,97,0,117,2,34,104,0,140,88,0,88,228
11/06/2010,SMX,CA,AWP,WE,Federal Contract Tower,0,8,12,0,20,0,10,14,0,24,0,18,26,0,44,4,0,4,48
11/07/2010,SMX,CA,AWP,WE,Federal Contract Tower,2,10,14,0,26,0,2,19,0,21,2,12,33,0,47,2,0,2,49
11/08/2010,SMX,CA,AWP,WE,Federal Contract Tower,0,20,9,0,29,0,15,44,0,59,0,35,53,0,88,72,0,72,160
11/09/2010,SMX,CA,AWP,WE,Federal Contract Tower,2,21,7,0,30,0,17,41,0,58,2,38,48,0,88,70,0,70,158
11/10/2010,SMX,CA,AWP,WE,Federal Contract Tower,0,20,7,0,27,0,22,56,0,78,0,42,63,0,105,68,0,68,173
11/11/2010,SMX,CA,AWP,WE,Federal Contract Tower,2,13,11,0,26,0,26,65,0,91,2,39,76,0,117,56,0,56,173
11/12/2010,SMX,CA,AWP,WE,Federal Contract Tower,0,21,13,1,35,0,28,87,0,115,0,49,100,1,150,96,0,96,246
11/13/2010,SMX,CA,AWP,WE,Federal Contract Tower,0,10,9,0,19,0,7,63,0,70,0,17,72,0,89,20,0,20,109
11/14/2010,SMX,CA,AWP,WE,Federal Contract Tower,4,11,4,2,21,0,23,56,0,79,4,34,60,2,100,62,0,62,162
11/15/2010,SMX,CA,AWP,WE,Federal Contract Tower,0,14,14,0,28,0,26,39,0,65,0,40,53,0,93,64,0,64,157
11/16/2010,SMX,CA,AWP,WE,Federal Contract Tower,2,15,14,0,31,0,13,59,0,72,2,28,73,0,103,44,0,44,147
11/17/2010,SMX,CA,AWP,WE,Federal Contract Tower,0,20,13,0,33,0,30,87,0,117,0,50,100,0,150,88,0,88,238
11/18/2010,SMX,CA,AWP,WE,Federal Contract Tower,4,27,34,0,65,0,8,11,0,19,4,35,45,0,84,22,0,22,106
11/19/2010,SMX,CA,AWP,WE,Federal Contract Tower,0,26,11,0,37,0,25,37,0,62,0,51,48,0,99,96,0,96,195
11/20/2010,SMX,CA,AWP,WE,Federal Contract Tower,0,11,7,0,18,0,12,40,0,52,0,23,47,0,70,32,0,32,102
11/21/2010,SMX,CA,AWP,WE,Federal Contract Tower,2,9,1,0,12,0,20,15,0,35,2,29,16,0,47,22,0,22,69
11/22/2010,SMX,CA,AWP,WE,Federal Contract Tower,0,13,9,0,22,0,18,46,0,64,0,31,55,0,86,30,0,30,116
11/23/2010,SMX,CA,AWP,WE,Federal Contract Tower,2,17,13,0,32,0,28,9,0,37,2,45,22,0,69,4,0,4,73
11/24/2010,SMX,CA,AWP,WE,Federal Contract Tower,0,18,22,0,40,0,31,67,0,98,0,49,89,0,138,18,0,18,156
11/25/2010,SMX,CA,AWP,WE,Federal Contract Tower,2,5,0,0,7,0,16,27,0,43,2,21,27,0,50,6,0,6,56
11/26/2010,SMX,CA,AWP,WE,Federal Contract Tower,0,12,14,0,26,0,22,83,0,105,0,34,97,0,131,104,0,104,235
11/27/2010,SMX,CA,AWP,WE,Federal Contract Tower,0,14,4,0,18,0,13,17,0,30,0,27,21,0,48,16,0,16,64
11/28/2010,SMX,CA,AWP,WE,Federal Contract Tower,2,8,13,0,23,0,4,50,0,54,2,12,63,0,77,54,0,54,131
11/29/2010,SMX,CA,AWP,WE,Federal Contract Tower,0,17,15,0,32,0,22,44,2,68,0,39,59,2,100,24,0,24,124
11/30/2010,SMX,CA,AWP,WE,Federal Contract Tower,2,19,10,2,33,0,26,46,0,72,2,45,56,2,105,66,8,74,179
12/01/2010,SMX,CA,AWP,WE,Federal Contract Tower,0,22,8,0,30,0,16,63,0,79,0,38,71,0,109,18,0,18,127
12/02/2010,SMX,CA,AWP,WE,Federal Contract Tower,2,21,5,0,28,0,21,57,0,78,2,42,62,0,106,34,0,34,140
12/03/2010,SMX,CA,AWP,WE,Federal Contract Tower,0,16,14,0,30,0,21,63,2,86,0,37,77,2,116,96,0,96,212
12/04/2010,SMX,CA,AWP,WE,Federal Contract Tower,0,6,9,0,15,0,7,57,1,65,0,13,66,1,80,20,0,20,100
12/05/2010,SMX,CA,AWP,WE,Federal Contract Tower,2,9,5,0,16,0,7,18,2,27,2,16,23,2,43,26,0,26,69
12/06/2010,SMX,CA,AWP,WE,Federal Contract Tower,0,17,7,0,24,0,24,46,0,70,0,41,53,0,94,28,0,28,122
12/07/2010,SMX,CA,AWP,WE,Federal Contract Tower,2,20,7,0,29,0,21,63,0,84,2,41,70,0,113,36,0,36,149
12/08/2010,SMX,CA,AWP,WE,Federal Contract Tower,0,22,14,0,36,0,14,44,0,58,0,36,58,0,94,44,0,44,138
12/09/2010,SMX,CA,AWP,WE,Federal Contract Tower,2,15,15,0,32,0,4,16,0,20,2,19,31,0,52,28,0,28,80
12/10/2010,SMX,CA,AWP,WE,Federal Contract Tower,0,18,12,0,30,0,2,0,0,2,0,20,12,0,32,4,0,4,36
12/11/2010,SMX,CA,AWP,WE,Federal Contract Tower,0,12,3,0,15,0,20,58,0,78,0,32,61,0,93,66,0,66,159
12/12/2010,SMX,CA,AWP,WE,Federal Contract Tower,2,9,5,0,16,0,8,66,0,74,2,17,71,0,90,62,0,62,152
12/13/2010,SMX,CA,AWP,WE,Federal Contract Tower,0,15,14,0,29,0,15,53,0,68,0,30,67,0,97,30,0,30,127
12/14/2010,SMX,CA,AWP,WE,Federal Contract Tower,2,24,12,0,38,0,13,25,0,38,2,37,37,0,76,26,0,26,102
12/15/2010,SMX,CA,AWP,WE,Federal Contract Tower,0,21,18,0,39,0,14,22,0,36,0,35,40,0,75,44,2,46,121
12/16/2010,SMX,CA,AWP,WE,Federal Contract Tower,2,27,14,0,43,0,20,78,0,98,2,47,92,0,141,114,0,114,255
12/17/2010,SMX,CA,AWP,WE,Federal Contract Tower,0,19,13,0,32,0,5,1,0,6,0,24,14,0,38,0,0,0,38
12/18/2010,SMX,CA,AWP,WE,Federal Contract Tower,0,15,4,2,21,0,0,0,0,0,0,15,4,2,21,0,0,0,21
12/19/2010,SMX,CA,AWP,WE,Federal Contract Tower,2,9,4,0,15,0,0,2,0,2,2,9,6,0,17,0,0,0,17
12/20/2010,SMX,CA,AWP,WE,Federal Contract Tower,0,18,7,0,25,0,7,2,0,9,0,25,9,0,34,14,0,14,48
12/21/2010,SMX,CA,AWP,WE,Federal Contract Tower,2,23,8,0,33,0,20,17,0,37,2,43,25,0,70,34,0,34,104
12/22/2010,SMX,CA,AWP,WE,Federal Contract Tower,0,25,3,0,28,0,17,9,0,26,0,42,12,0,54,4,0,4,58
12/23/2010,SMX,CA,AWP,WE,Federal Contract Tower,2,21,19,0,42,0,21,35,0,56,2,42,54,0,98,26,0,26,124
12/24/2010,SMX,CA,AWP,WE,Federal Contract Tower,0,21,10,0,31,0,8,44,0,52,0,29,54,0,83,16,0,16,99
12/25/2010,SMX,CA,AWP,WE,Federal Contract Tower,0,7,7,0,14,0,0,1,0,1,0,7,8,0,15,2,0,2,17
12/26/2010,SMX,CA,AWP,WE,Federal Contract Tower,2,10,10,0,22,0,5,45,0,50,2,15,55,0,72,22,0,22,94
12/27/2010,SMX,CA,AWP,WE,Federal Contract Tower,0,17,7,0,24,0,14,45,0,59,0,31,52,0,83,24,0,24,107
12/28/2010,SMX,CA,AWP,WE,Federal Contract Tower,2,18,5,0,25,0,23,55,0,78,2,41,60,0,103,20,0,20,123
12/29/2010,SMX,CA,AWP,WE,Federal Contract Tower,0,20,4,0,24,0,11,5,0,16,0,31,9,0,40,0,0,0,40
12/30/2010,SMX,CA,AWP,WE,Federal Contract Tower,2,13,5,0,20,0,31,65,0,96,2,44,70,0,116,92,0,92,208
12/31/2010,SMX,CA,AWP,WE,Federal Contract Tower,0,13,5,0,18,0,26,54,0,80,0,39,59,0,98,80,0,80,178
01/01/2011,SMX,CA,AWP,WE,Federal Contract Tower,0,5,2,0,7,0,0,20,0,20,0,5,22,0,27,20,0,20,47
01/02/2011,SMX,CA,AWP,WE,Federal Contract Tower,2,7,12,0,21,0,4,0,0,4,2,11,12,0,25,0,0,0,25
01/03/2011,SMX,CA,AWP,WE,Federal Contract Tower,0,16,15,0,31,0,21,43,0,64,0,37,58,0,95,26,0,26,121
01/04/2011,SMX,CA,AWP,WE,Federal Contract Tower,2,15,6,0,23,0,18,22,0,40,2,33,28,0,63,66,0,66,129
01/05/2011,SMX,CA,AWP,WE,Federal Contract Tower,0,13,12,0,25,0,20,63,0,83,0,33,75,0,108,20,0,20,128
01/06/2011,SMX,CA,AWP,WE,Federal Contract Tower,4,13,5,4,26,0,28,81,0,109,4,41,86,4,135,126,0,126,261
01/07/2011,SMX,CA,AWP,WE,Federal Contract Tower,0,15,6,1,22,0,29,65,0,94,0,44,71,1,116,104,4,108,224
01/08/2011,SMX,CA,AWP,WE,Federal Contract Tower,0,6,5,0,11,0,4,49,0,53,0,10,54,0,64,90,0,90,154
01/09/2011,SMX,CA,AWP,WE,Federal Contract Tower,4,10,8,4,26,0,5,52,0,57,4,15,60,4,83,10,0,10,93
01/10/2011,SMX,CA,AWP,WE,Federal Contract Tower,0,17,10,0,27,0,30,25,0,55,0,47,35,0,82,66,0,66,148
01/11/2011,SMX,CA,AWP,WE,Federal Contract Tower,2,16,11,3,32,0,22,33,0,55,2,38,44,3,87,18,0,18,105
01/12/2011,SMX,CA,AWP,WE,Federal Contract Tower,0,18,11,0,29,0,25,44,0,69,0,43,55,0,98,60,0,60,158
01/13/2011,SMX,CA,AWP,WE,Federal Contract Tower,2,15,12,0,29,0,25,86,0,111,2,40,98,0,140,94,0,94,234
01/14/2011,SMX,CA,AWP,WE,Federal Contract Tower,0,14,10,0,24,0,21,27,0,48,0,35,37,0,72,12,0,12,84
01/15/2011,SMX,CA,AWP,WE,Federal Contract Tower,0,8,5,0,13,0,13,51,0,64,0,21,56,0,77,24,0,24,101
01/16/2011,SMX,CA,AWP,WE,Federal Contract Tower,2,12,9,0,23,0,10,52,0,62,2,22,61,0,85,6,0,6,91
01/17/2011,SMX,CA,AWP,WE,Federal Contract Tower,0,17,16,0,33,0,21,64,0,85,0,38,80,0,118,98,0,98,216
01/18/2011,SMX,CA,AWP,WE,Federal Contract Tower,2,20,12,0,34,0,42,36,0,78,2,62,48,0,112,72,0,72,184
01/19/2011,SMX,CA,AWP,WE,Federal Contract Tower,0,17,6,0,23,21,38,0,0,59,21,55,6,0,82,38,0,38,120
01/20/2011,SMX,CA,AWP,WE,Federal Contract Tower,2,14,5,2,23,0,16,63,0,79,2,30,68,2,102,42,0,42,144
01/21/2011,SMX,CA,AWP,WE,Federal Contract Tower,0,12,16,2,30,0,23,87,0,110,0,35,103,2,140,166,0,166,306
01/22/2011,SMX,CA,AWP,WE,Federal Contract Tower,0,6,14,0,20,0,7,73,0,80,0,13,87,0,100,82,0,82,182
01/23/2011,SMX,CA,AWP,WE,Federal Contract Tower,2,9,5,0,16,0,7,60,0,67,2,16,65,0,83,34,0,34,117
01/24/2011,SMX,CA,AWP,WE,Federal Contract Tower,0,18,8,0,26,0,41,35,0,76,0,59,43,0,102,76,0,76,178
01/25/2011,SMX,CA,AWP,WE,Federal Contract Tower,2,16,14,0,32,0,21,38,0,59,2,37,52,0,91,62,0,62,153
01/26/2011,SMX,CA,AWP,WE,Federal Contract Tower,0,19,12,0,31,0,27,36,0,63,0,46,48,0,94,114,0,114,208
01/27/2011,SMX,CA,AWP,WE,Federal Contract Tower,2,25,18,0,45,0,23,68,0,91,2,48,86,0,136,112,0,112,248
01/28/2011,SMX,CA,AWP,WE,Federal Contract Tower,0,17,23,0,40,0,17,79,0,96,0,34,102,0,136,90,0,90,226
01/29/2011,SMX,CA,AWP,WE,Federal Contract Tower,0,9,27,1,37,0,4,22,1,27,0,13,49,2,64,22,4,26,90
01/30/2011,SMX,CA,AWP,WE,Federal Contract Tower,2,9,13,2,26,0,2,9,0,11,2,11,22,2,37,12,0,12,49
01/31/2011,SMX,CA,AWP,WE,Federal Contract Tower,0,18,8,0,26,0,20,47,0,67,0,38,55,0,93,86,0,86,179
02/01/2011,SMX,CA,AWP,WE,Federal Contract Tower,0,18,13,1,32,0,17,24,0,41,0,35,37,1,73,118,4,122,195
02/02/2011,SMX,CA,AWP,WE,Federal Contract Tower,2,13,4,0,19,0,22,53,0,75,2,35,57,0,94,46,0,46,140
02/03/2011,SMX,CA,AWP,WE,Federal Contract Tower,0,19,4,0,23,0,18,49,0,67,0,37,53,0,90,54,0,54,144
02/04/2011,SMX,CA,AWP,WE,Federal Contract Tower,2,16,10,0,28,0,24,62,0,86,2,40,72,0,114,76,0,76,190
02/05/2011,SMX,CA,AWP,WE,Federal Contract Tower,0,9,7,0,16,0,6,51,1,58,0,15,58,1,74,32,0,32,106
02/06/2011,SMX,CA,AWP,WE,Federal Contract Tower,2,7,9,0,18,0,15,56,0,71,2,22,65,0,89,30,0,30,119
02/07/2011,SMX,CA,AWP,WE,Federal Contract Tower,0,15,12,0,27,0,26,31,0,57,0,41,43,0,84,80,0,80,164
02/08/2011,SMX,CA,AWP,WE,Federal Contract Tower,0,17,6,0,23,0,19,16,0,35,0,36,22,0,58,18,0,18,76
02/09/2011,SMX,CA,AWP,WE,Federal Contract Tower,2,19,18,3,42,0,25,44,0,69,2,44,62,3,111,108,0,108,219
02/10/2011,SMX,CA,AWP,WE,Federal Contract Tower,0,19,19,1,39,0,21,80,0,101,0,40,99,1,140,60,0,60,200
02/11/2011,SMX,CA,AWP,WE,Federal Contract Tower,2,19,6,0,27,0,16,81,0,97,2,35,87,0,124,90,0,90,214
02/12/2011,SMX,CA,AWP,WE,Federal Contract Tower,0,6,7,2,15,0,15,77,0,92,0,21,84,2,107,76,2,78,185
02/13/2011,SMX,CA,AWP,WE,Federal Contract Tower,2,6,9,1,18,0,9,64,0,73,2,15,73,1,91,60,0,60,151
02/14/2011,SMX,CA,AWP,WE,Federal Contract Tower,0,22,20,0,42,0,19,9,0,28,0,41,29,0,70,8,0,8,78
02/15/2011,SMX,CA,AWP,WE,Federal Contract Tower,0,26,18,0,44,0,16,10,0,26,0,42,28,0,70,30,0,30,100
02/16/2011,SMX,CA,AWP,WE,Federal Contract Tower,2,28,4,0,34,0,10,4,0,14,2,38,8,0,48,4,0,4,52
02/17/2011,SMX,CA,AWP,WE,Federal Contract Tower,0,18,20,0,38,0,19,34,0,53,0,37,54,0,91,16,0,16,107
02/18/2011,SMX,CA,AWP,WE,Federal Contract Tower,2,14,4,0,20,0,6,0,0,6,2,20,4,0,26,0,0,0,26
02/19/2011,SMX,CA,AWP,WE,Federal Contract Tower,0,7,6,0,13,0,16,4,0,20,0,23,10,0,33,0,0,0,33
02/20/2011,SMX,CA,AWP,WE,Federal Contract Tower,2,9,4,0,15,0,12,46,0,58,2,21,50,0,73,22,0,22,95
02/21/2011,SMX,CA,AWP,WE,Federal Contract Tower,0,15,14,0,29,0,24,65,0,89,0,39,79,0,118,38,0,38,156
02/22/2011,SMX,CA,AWP,WE,Federal Contract Tower,0,16,6,0,22,0,23,65,0,88,0,39,71,0,110,106,0,106,216
02/23/2011,SMX,CA,AWP,WE,Federal Contract Tower,2,18,14,0,34,0,26,43,0,69,2,44,57,0,103,60,0,60,163
02/24/2011,SMX,CA,AWP,WE,Federal Contract Tower,0,14,14,0,28,0,24,41,0,65,0,38,55,0,93,86,0,86,179
02/25/2011,SMX,CA,AWP,WE,Federal Contract Tower,2,21,5,0,28,0,2,2,0,4,2,23,7,0,32,0,0,0,32
02/26/2011,SMX,CA,AWP,WE,Federal Contract Tower,0,7,2,2,11,0,16,46,0,62,0,23,48,2,73,20,0,20,93
02/27/2011,SMX,CA,AWP,WE,Federal Contract Tower,2,13,12,0,27,0,17,59,0,76,2,30,71,0,103,72,0,72,175
02/28/2011,SMX,CA,AWP,WE,Federal Contract Tower,0,15,9,0,24,0,28,46,0,74,0,43,55,0,98,46,0,46,144
03/01/2011,SMX,CA,AWP,WE,Federal Contract Tower,0,16,5,0,21,0,22,83,0,105,0,38,88,0,126,78,0,78,204
03/02/2011,SMX,CA,AWP,WE,Federal Contract Tower,2,18,9,0,29,0,17,5,0,22,2,35,14,0,51,12,0,12,63
03/03/2011,SMX,CA,AWP,WE,Federal Contract Tower,0,17,14,1,32,0,6,25,0,31,0,23,39,1,63,34,0,34,97
03/04/2011,SMX,CA,AWP,WE,Federal Contract Tower,2,16,13,0,31,0,21,66,0,87,2,37,79,0,118,54,0,54,172
03/05/2011,SMX,CA,AWP,WE,Federal Contract Tower,0,7,16,0,23,0,20,79,0,99,0,27,95,0,122,56,0,56,178
03/06/2011,SMX,CA,AWP,WE,Federal Contract Tower,2,7,15,0,24,0,5,17,0,22,2,12,32,0,46,8,0,8,54
03/07/2011,SMX,CA,AWP,WE,Federal Contract Tower,0,17,8,0,25,0,19,8,0,27,0,36,16,0,52,54,0,54,106
03/08/2011,SMX,CA,AWP,WE,Federal Contract Tower,0,15,11,2,28,0,43,38,0,81,0,58,49,2,109,150,0,150,259
03/09/2011,SMX,CA,AWP,WE,Federal Contract Tower,2,15,9,0,26,0,24,54,0,78,2,39,63,0,104,124,0,124,228
03/10/2011,SMX,CA,AWP,WE,Federal Contract Tower,0,23,21,0,44,0,14,33,0,47,0,37,54,0,91,14,0,14,105
03/11/2011,SMX,CA,AWP,WE,Federal Contract Tower,3,18,16,1,38,0,16,53,0,69,3,34,69,1,107,32,0,32,139
03/12/2011,SMX,CA,AWP,WE,Federal Contract Tower,0,12,7,0,19,0,14,73,0,87,0,26,80,0,106,152,0,152,258
03/13/2011,SMX,CA,AWP,WE,Federal Contract Tower,2,9,9,0,20,0,13,52,0,65,2,22,61,0,85,56,0,56,141
03/14/2011,SMX,CA,AWP,WE,Federal Contract Tower,0,14,9,0,23,0,10,26,0,36,0,24,35,0,59,46,0,46,105
03/15/2011,SMX,CA,AWP,WE,Federal Contract Tower,0,17,7,0,24,0,19,32,0,51,0,36,39,0,75,58,0,58,133
03/16/2011,SMX,CA,AWP,WE,Federal Contract Tower,2,22,25,0,49,0,16,17,0,33,2,38,42,0,82,48,0,48,130
03/17/2011,SMX,CA,AWP,WE,Federal Contract Tower,0,17,6,0,23,0,25,56,0,81,0,42,62,0,104,24,0,24,128
03/18/2011,SMX,CA,AWP,WE,Federal Contract Tower,2,23,6,0,31,0,13,44,0,57,2,36,50,0,88,34,0,34,122
03/19/2011,SMX,CA,AWP,WE,Federal Contract Tower,0,9,17,0,26,0,7,10,0,17,0,16,27,0,43,62,0,62,105
03/20/2011,SMX,CA,AWP,WE,Federal Contract Tower,2,4,7,0,13,0,2,2,0,4,2,6,9,0,17,0,0,0,17
03/21/2011,SMX,CA,AWP,WE,Federal Contract Tower,0,14,8,2,24,0,22,20,0,42,0,36,28,2,66,38,0,38,104
03/22/2011,SMX,CA,AWP,WE,Federal Contract Tower,0,17,12,0,29,0,21,63,0,84,0,38,75,0,113,128,0,128,241
03/23/2011,SMX,CA,AWP,WE,Federal Contract Tower,2,16,6,0,24,0,22,3,0,25,2,38,9,0,49,0,0,0,49
03/24/2011,SMX,CA,AWP,WE,Federal Contract Tower,0,19,5,0,24,0,20,8,0,28,0,39,13,0,52,20,0,20,72
03/25/2011,SMX,CA,AWP,WE,Federal Contract Tower,2,14,6,0,22,0,15,52,0,67,2,29,58,0,89,58,0,58,147
03/26/2011,SMX,CA,AWP,WE,Federal Contract Tower,0,10,11,0,21,0,2,16,0,18,0,12,27,0,39,0,0,0,39
03/27/2011,SMX,CA,AWP,WE,Federal Contract Tower,2,8,13,2,25,0,15,55,0,70,2,23,68,2,95,80,0,80,175
03/28/2011,SMX,CA,AWP,WE,Federal Contract Tower,0,15,11,1,27,0,19,50,0,69,0,34,61,1,96,98,2,100,196
03/29/2011,SMX,CA,AWP,WE,Federal Contract Tower,0,13,10,0,23,0,32,57,0,89,0,45,67,0,112,98,0,98,210
03/30/2011,SMX,CA,AWP,WE,Federal Contract Tower,2,19,12,0,33,0,19,46,0,65,2,38,58,0,98,58,0,58,156
03/31/2011,SMX,CA,AWP,WE,Federal Contract Tower,0,16,22,0,38,0,21,76,0,97,0,37,98,0,135,62,0,62,197
04/01/2011,SMX,CA,AWP,WE,Federal Contract Tower,2,11,13,0,26,0,19,65,0,84,2,30,78,0,110,88,0,88,198
04/02/2011,SMX,CA,AWP,WE,Federal Contract Tower,0,10,17,4,31,0,0,0,0,0,0,10,17,4,31,4,70,74,105
04/03/2011,SMX,CA,AWP,WE,Federal Contract Tower,2,12,5,4,23,0,4,33,0,37,2,16,38,4,60,28,0,28,88
04/04/2011,SMX,CA,AWP,WE,Federal Contract Tower,0,13,12,0,25,0,22,52,0,74,0,35,64,0,99,54,0,54,153
04/05/2011,SMX,CA,AWP,WE,Federal Contract Tower,0,16,8,0,24,0,24,59,0,83,0,40,67,0,107,102,0,102,209
04/06/2011,SMX,CA,AWP,WE,Federal Contract Tower,2,21,25,0,48,0,11,40,0,51,2,32,65,0,99,14,0,14,113
04/07/2011,SMX,CA,AWP,WE,Federal Contract Tower,0,24,24,0,48,0,17,27,0,44,0,41,51,0,92,92,0,92,184
04/08/2011,SMX,CA,AWP,WE,Federal Contract Tower,2,14,8,0,24,0,18,23,0,41,2,32,31,0,65,0,0,0,65
04/09/2011,SMX,CA,AWP,WE,Federal Contract Tower,0,6,6,0,12,0,12,60,0,72,0,18,66,0,84,38,0,38,122
04/10/2011,SMX,CA,AWP,WE,Federal Contract Tower,2,7,13,2,24,0,13,61,0,74,2,20,74,2,98,34,0,34,132
04/11/2011,SMX,CA,AWP,WE,Federal Contract Tower,2,13,11,2,28,0,34,55,0,89,2,47,66,2,117,78,0,78,195
04/12/2011,SMX,CA,AWP,WE,Federal Contract Tower,0,29,15,0,44,0,23,67,0,90,0,52,82,0,134,80,0,80,214
04/13/2011,SMX,CA,AWP,WE,Federal Contract Tower,2,15,12,2,31,0,17,37,0,54,2,32,49,2,85,44,2,46,131
04/14/2011,SMX,CA,AWP,WE,Federal Contract Tower,0,14,15,1,30,0,19,37,0,56,0,33,52,1,86,30,0,30,116
04/15/2011,SMX,CA,AWP,WE,Federal Contract Tower,2,15,8,0,25,0,21,46,0,67,2,36,54,0,92,30,0,30,122
04/16/2011,SMX,CA,AWP,WE,Federal Contract Tower,0,6,11,0,17,0,15,74,0,89,0,21,85,0,106,18,0,18,124
04/17/2011,SMX,CA,AWP,WE,Federal Contract Tower,2,7,12,0,21,0,7,51,0,58,2,14,63,0,79,18,0,18,97
04/18/2011,SMX,CA,AWP,WE,Federal Contract Tower,0,0,18,24,42,0,8,22,0,30,0,8,40,24,72,28,0,28,100
04/19/2011,SMX,CA,AWP,WE,Federal Contract Tower,0,28,24,0,52,0,12,27,0,39,0,40,51,0,91,40,0,40,131
04/20/2011,SMX,CA,AWP,WE,Federal Contract Tower,2,25,17,3,47,0,17,27,0,44,2,42,44,3,91,32,0,32,123
04/21/2011,SMX,CA,AWP,WE,Federal Contract Tower,0,28,22,0,50,0,15,22,0,37,0,43,44,0,87,40,0,40,127
04/22/2011,SMX,CA,AWP,WE,Federal Contract Tower,2,20,16,0,38,0,14,55,0,69,2,34,71,0,107,36,0,36,143
04/23/2011,SMX,CA,AWP,WE,Federal Contract Tower,0,10,9,1,20,0,18,57,2,77,0,28,66,3,97,72,10,82,179
04/24/2011,SMX,CA,AWP,WE,Federal Contract Tower,2,10,4,0,16,0,8,17,0,25,2,18,21,0,41,30,0,30,71
04/25/2011,SMX,CA,AWP,WE,Federal Contract Tower,0,18,18,1,37,0,16,35,1,52,0,34,53,2,89,6,4,10,99
04/26/2011,SMX,CA,AWP,WE,Federal Contract Tower,0,14,6,0,20,0,24,43,0,67,0,38,49,0,87,0,0,0,87
04/27/2011,SMX,CA,AWP,WE,Federal Contract Tower,2,14,3,0,19,0,20,43,0,63,2,34,46,0,82,24,0,24,106
04/28/2011,SMX,CA,AWP,WE,Federal Contract Tower,0,15,11,1,27,0,24,48,2,74,0,39,59,3,101,66,2,68,169
04/29/2011,SMX,CA,AWP,WE,Federal Contract Tower,2,13,10,0,25,0,23,49,0,72,2,36,59,0,97,36,0,36,133
04/30/2011,SMX,CA,AWP,WE,Federal Contract Tower,0,6,7,0,13,0,18,59,0,77,0,24,66,0,90,22,0,22,112
05/01/2011,SMX,CA,AWP,WE,Federal Contract Tower,2,7,10,0,19,0,14,67,0,81,2,21,77,0,100,46,0,46,146
05/02/2011,SMX,CA,AWP,WE,Federal Contract Tower,0,16,10,0,26,0,24,58,0,82,0,40,68,0,108,34,0,34,142
05/03/2011,SMX,CA,AWP,WE,Federal Contract Tower,0,19,4,0,23,0,20,50,0,70,0,39,54,0,93,14,0,14,107
05/04/2011,SMX,CA,AWP,WE,Federal Contract Tower,2,17,14,0,33,0,21,57,0,78,2,38,71,0,111,32,0,32,143
05/05/2011,SMX,CA,AWP,WE,Federal Contract Tower,0,15,15,0,30,0,19,78,0,97,0,34,93,0,127,46,0,46,173
05/06/2011,SMX,CA,AWP,WE,Federal Contract Tower,2,18,23,0,43,0,13,41,0,54,2,31,64,0,97,12,0,12,109
05/07/2011,SMX,CA,AWP,WE,Federal Contract Tower,0,11,10,0,21,0,10,63,0,73,0,21,73,0,94,36,0,36,130
05/08/2011,SMX,CA,AWP,WE,Federal Contract Tower,2,8,11,0,21,0,11,20,0,31,2,19,31,0,52,22,0,22,74
05/09/2011,SMX,CA,AWP,WE,Federal Contract Tower,0,16,12,0,28,0,22,30,0,52,0,38,42,0,80,16,0,16,96
05/10/2011,SMX,CA,AWP,WE,Federal Contract Tower,0,21,9,2,32,0,18,53,0,71,0,39,62,2,103,48,0,48,151
05/11/2011,SMX,CA,AWP,WE,Federal Contract Tower,2,21,15,0,38,0,20,36,0,56,2,41,51,0,94,76,0,76,170
05/12/2011,SMX,CA,AWP,WE,Federal Contract Tower,0,16,15,2,33,0,12,58,0,70,0,28,73,2,103,10,0,10,113
05/13/2011,SMX,CA,AWP,WE,Federal Contract Tower,2,14,9,0,25,0,16,52,0,68,2,30,61,0,93,30,0,30,123
05/14/2011,SMX,CA,AWP,WE,Federal Contract Tower,0,6,8,0,14,0,11,57,0,68,0,17,65,0,82,32,0,32,114
05/15/2011,SMX,CA,AWP,WE,Federal Contract Tower,2,8,8,0,18,0,7,46,0,53,2,15,54,0,71,28,0,28,99
05/16/2011,SMX,CA,AWP,WE,Federal Contract Tower,0,15,9,0,24,0,27,48,2,77,0,42,57,2,101,28,0,28,129
05/17/2011,SMX,CA,AWP,WE,Federal Contract Tower,0,23,11,0,34,0,19,39,0,58,0,42,50,0,92,0,0,0,92
05/18/2011,SMX,CA,AWP,WE,Federal Contract Tower,2,17,16,0,35,0,28,28,0,56,2,45,44,0,91,22,0,22,113
05/19/2011,SMX,CA,AWP,WE,Federal Contract Tower,0,21,20,1,42,0,18,53,0,71,0,39,73,1,113,36,6,42,155
05/20/2011,SMX,CA,AWP,WE,Federal Contract Tower,2,18,22,0,42,0,16,34,4,54,2,34,56,4,96,10,0,10,106
05/21/2011,SMX,CA,AWP,WE,Federal Contract Tower,0,8,10,0,18,0,5,42,0,47,0,13,52,0,65,54,0,54,119
05/22/2011,SMX,CA,AWP,WE,Federal Contract Tower,4,12,9,0,25,0,0,40,0,40,4,12,49,0,65,18,0,18,83
05/23/2011,SMX,CA,AWP,WE,Federal Contract Tower,0,15,8,2,25,0,31,51,0,82,0,46,59,2,107,28,0,28,135
05/24/2011,SMX,CA,AWP,WE,Federal Contract Tower,0,20,12,0,32,0,25,68,0,93,0,45,80,0,125,58,0,58,183
05/25/2011,SMX,CA,AWP,WE,Federal Contract Tower,2,24,15,0,41,0,14,41,0,55,2,38,56,0,96,46,0,46,142
05/26/2011,SMX,CA,AWP,WE,Federal Contract Tower,2,13,7,0,22,0,23,31,0,54,2,36,38,0,76,16,0,16,92
05/27/2011,SMX,CA,AWP,WE,Federal Contract Tower,2,15,10,0,27,0,27,33,0,60,2,42,43,0,87,42,0,42,129
05/28/2011,SMX,CA,AWP,WE,Federal Contract Tower,0,6,1,0,7,0,13,58,0,71,0,19,59,0,78,0,0,0,78
05/29/2011,SMX,CA,AWP,WE,Federal Contract Tower,2,3,9,0,14,0,9,28,0,37,2,12,37,0,51,2,0,2,53
05/30/2011,SMX,CA,AWP,WE,Federal Contract Tower,0,9,5,0,14,0,21,43,0,64,0,30,48,0,78,56,0,56,134
05/31/2011,SMX,CA,AWP,WE,Federal Contract Tower,0,17,10,2,29,0,48,60,0,108,0,65,70,2,137,58,0,58,195
06/01/2011,SMX,CA,AWP,WE,Federal Contract Tower,2,24,12,1,39,0,28,52,0,80,2,52,64,1,119,30,2,32,151
06/02/2011,SMX,CA,AWP,WE,Federal Contract Tower,0,19,4,0,23,0,26,44,0,70,0,45,48,0,93,14,0,14,107
06/03/2011,SMX,CA,AWP,WE,Federal Contract Tower,2,17,12,1,32,0,29,55,2,86,2,46,67,3,118,46,2,48,166
06/04/2011,SMX,CA,AWP,WE,Federal Contract Tower,0,8,2,0,10,0,4,13,0,17,0,12,15,0,27,0,0,0,27
06/05/2011,SMX,CA,AWP,WE,Federal Contract Tower,2,13,4,0,19,0,4,35,0,39,2,17,39,0,58,0,0,0,58
06/06/2011,SMX,CA,AWP,WE,Federal Contract Tower,0,13,9,2,24,0,24,56,0,80,0,37,65,2,104,82,0,82,186
06/07/2011,SMX,CA,AWP,WE,Federal Contract Tower,0,20,8,0,28,0,22,42,0,64,0,42,50,0,92,42,0,42,134
06/08/2011,SMX,CA,AWP,WE,Federal Contract Tower,2,27,21,0,50,0,16,42,0,58,2,43,63,0,108,32,0,32,140
06/09/2011,SMX,CA,AWP,WE,Federal Contract Tower,0,20,27,0,47,0,19,40,0,59,0,39,67,0,106,26,0,26,132
06/10/2011,SMX,CA,AWP,WE,Federal Contract Tower,2,26,20,0,48,0,10,33,0,43,2,36,53,0,91,26,0,26,117
06/11/2011,SMX,CA,AWP,WE,Federal Contract Tower,0,10,4,0,14,0,14,17,0,31,0,24,21,0,45,2,0,2,47
06/12/2011,SMX,CA,AWP,WE,Federal Contract Tower,2,10,7,0,19,0,5,30,0,35,2,15,37,0,54,6,0,6,60
06/13/2011,SMX,CA,AWP,WE,Federal Contract Tower,0,28,0,0,28,0,12,32,0,44,0,40,32,0,72,34,0,34,106
06/14/2011,SMX,CA,AWP,WE,Federal Contract Tower,0,20,6,0,26,0,21,48,0,69,0,41,54,0,95,28,0,28,123
06/15/2011,SMX,CA,AWP,WE,Federal Contract Tower,2,23,24,0,49,0,19,26,0,45,2,42,50,0,94,60,0,60,154
06/16/2011,SMX,CA,AWP,WE,Federal Contract Tower,0,27,42,0,69,0,6,15,0,21,0,33,57,0,90,26,0,26,116
06/17/2011,SMX,CA,AWP,WE,Federal Contract Tower,2,16,12,0,30,0,17,30,2,49,2,33,42,2,79,42,4,46,125
06/18/2011,SMX,CA,AWP,WE,Federal Contract Tower,0,8,7,0,15,0,13,47,0,60,0,21,54,0,75,58,0,58,133
06/19/2011,SMX,CA,AWP,WE,Federal Contract Tower,2,10,21,0,33,0,15,46,0,61,2,25,67,0,94,44,0,44,138
06/20/2011,SMX,CA,AWP,WE,Federal Contract Tower,0,19,11,0,30,0,10,38,0,48,0,29,49,0,78,20,0,20,98
06/21/2011,SMX,CA,AWP,WE,Federal Contract Tower,0,22,16,0,38,0,14,35,0,49,0,36,51,0,87,18,0,18,105
06/22/2011,SMX,CA,AWP,WE,Federal Contract Tower,2,24,18,0,44,0,15,39,0,54,2,39,57,0,98,48,0,48,146
06/23/2011,SMX,CA,AWP,WE,Federal Contract Tower,0,22,25,0,47,0,17,38,0,55,0,39,63,0,102,46,0,46,148
06/24/2011,SMX,CA,AWP,WE,Federal Contract Tower,2,18,23,0,43,0,18,38,0,56,2,36,61,0,99,32,0,32,131
06/25/2011,SMX,CA,AWP,WE,Federal Contract Tower,0,8,14,0,22,0,10,31,0,41,0,18,45,0,63,30,0,30,93
06/26/2011,SMX,CA,AWP,WE,Federal Contract Tower,2,6,22,0,30,0,11,40,1,52,2,17,62,1,82,24,0,24,106
06/27/2011,SMX,CA,AWP,WE,Federal Contract Tower,0,24,10,0,34,0,18,58,2,78,0,42,68,2,112,62,0,62,174
06/28/2011,SMX,CA,AWP,WE,Federal Contract Tower,0,21,18,1,40,0,19,48,3,70,0,40,66,4,110,62,6,68,178
06/29/2011,SMX,CA,AWP,WE,Federal Contract Tower,2,23,14,2,41,0,30,38,0,68,2,53,52,2,109,22,0,22,131
06/30/2011,SMX,CA,AWP,WE,Federal Contract Tower,0,13,8,0,21,0,35,65,0,100,0,48,73,0,121,62,0,62,183
07/01/2011,SMX,CA,AWP,WE,Federal Contract Tower,2,13,3,0,18,0,17,44,0,61,2,30,47,0,79,38,0,38,117
07/02/2011,SMX,CA,AWP,WE,Federal Contract Tower,0,6,4,0,10,0,6,64,0,70,0,12,68,0,80,34,0,34,114
07/03/2011,SMX,CA,AWP,WE,Federal Contract Tower,2,5,7,0,14,0,4,59,0,63,2,9,66,0,77,34,0,34,111
07/04/2011,SMX,CA,AWP,WE,Federal Contract Tower,0,7,8,0,15,0,9,50,0,59,0,16,58,0,74,26,0,26,100
07/05/2011,SMX,CA,AWP,WE,Federal Contract Tower,0,12,5,0,17,0,27,58,0,85,0,39,63,0,102,32,0,32,134
07/06/2011,SMX,CA,AWP,WE,Federal Contract Tower,2,16,9,0,27,0,25,53,0,78,2,41,62,0,105,14,0,14,119
07/07/2011,SMX,CA,AWP,WE,Federal Contract Tower,0,15,10,0,25,0,36,48,0,84,0,51,58,0,109,28,0,28,137
07/08/2011,SMX,CA,AWP,WE,Federal Contract Tower,2,23,18,0,43,0,12,34,0,46,2,35,52,0,89,36,0,36,125
07/09/2011,SMX,CA,AWP,WE,Federal Contract Tower,0,9,21,0,30,0,3,63,0,66,0,12,84,0,96,56,0,56,152
07/10/2011,SMX,CA,AWP,WE,Federal Contract Tower,4,10,9,2,25,0,7,51,0,58,4,17,60,2,83,72,0,72,155
07/11/2011,SMX,CA,AWP,WE,Federal Contract Tower,0,28,11,0,39,0,10,24,0,34,0,38,35,0,73,28,0,28,101
07/12/2011,SMX,CA,AWP,WE,Federal Contract Tower,0,27,10,0,37,0,10,14,0,24,0,37,24,0,61,10,0,10,71
07/13/2011,SMX,CA,AWP,WE,Federal Contract Tower,2,25,11,0,38,0,8,18,0,26,2,33,29,0,64,0,0,0,64
07/14/2011,SMX,CA,AWP,WE,Federal Contract Tower,2,20,11,0,33,0,22,35,0,57,2,42,46,0,90,16,0,16,106
07/15/2011,SMX,CA,AWP,WE,Federal Contract Tower,2,19,25,0,46,0,18,47,0,65,2,37,72,0,111,34,0,34,145
07/16/2011,SMX,CA,AWP,WE,Federal Contract Tower,0,8,13,0,21,0,7,28,0,35,0,15,41,0,56,48,0,48,104
07/17/2011,SMX,CA,AWP,WE,Federal Contract Tower,0,11,11,0,22,0,13,61,32,106,0,24,72,32,128,30,14,44,172
07/18/2011,SMX,CA,AWP,WE,Federal Contract Tower,2,18,5,2,27,0,19,56,2,77,2,37,61,4,104,38,0,38,142
07/19/2011,SMX,CA,AWP,WE,Federal Contract Tower,0,21,12,0,33,0,16,50,0,66,0,37,62,0,99,68,0,68,167
07/20/2011,SMX,CA,AWP,WE,Federal Contract Tower,2,19,18,0,39,0,18,75,0,93,2,37,93,0,132,38,0,38,170
07/21/2011,SMX,CA,AWP,WE,Federal Contract Tower,0,26,14,0,40,0,11,26,0,37,0,37,40,0,77,50,0,50,127
07/22/2011,SMX,CA,AWP,WE,Federal Contract Tower,2,19,18,0,39,0,16,43,0,59,2,35,61,0,98,56,0,56,154
07/23/2011,SMX,CA,AWP,WE,Federal Contract Tower,0,11,9,0,20,0,10,36,0,46,0,21,45,0,66,68,0,68,134
07/24/2011,SMX,CA,AWP,WE,Federal Contract Tower,0,10,14,2,26,0,11,37,0,48,0,21,51,2,74,26,0,26,100
07/25/2011,SMX,CA,AWP,WE,Federal Contract Tower,2,26,6,0,34,0,14,23,0,37,2,40,29,0,71,6,0,6,77
07/26/2011,SMX,CA,AWP,WE,Federal Contract Tower,0,25,16,0,41,0,18,38,0,56,0,43,54,0,97,18,0,18,115
07/27/2011,SMX,CA,AWP,WE,Federal Contract Tower,2,30,12,0,44,0,22,43,0,65,2,52,55,0,109,42,0,42,151
07/28/2011,SMX,CA,AWP,WE,Federal Contract Tower,0,22,18,0,40,0,19,36,0,55,0,41,54,0,95,78,0,78,173
07/29/2011,SMX,CA,AWP,WE,Federal Contract Tower,2,19,16,0,37,0,10,27,2,39,2,29,43,2,76,18,0,18,94
07/30/2011,SMX,CA,AWP,WE,Federal Contract Tower,0,8,17,0,25,0,7,31,0,38,0,15,48,0,63,12,0,12,75
07/31/2011,SMX,CA,AWP,WE,Federal Contract Tower,0,11,12,2,25,0,13,56,0,69,0,24,68,2,94,62,0,62,156
08/01/2011,SMX,CA,AWP,WE,Federal Contract Tower,2,16,9,2,29,0,26,63,0,89,2,42,72,2,118,70,10,80,198
08/02/2011,SMX,CA,AWP,WE,Federal Contract Tower,0,22,7,0,29,0,30,58,0,88,0,52,65,0,117,58,0,58,175
08/03/2011,SMX,CA,AWP,WE,Federal Contract Tower,2,26,9,0,37,0,16,26,0,42,2,42,35,0,79,12,0,12,91
08/04/2011,SMX,CA,AWP,WE,Federal Contract Tower,0,28,16,0,44,0,19,29,0,48,0,47,45,0,92,42,0,42,134
08/05/2011,SMX,CA,AWP,WE,Federal Contract Tower,2,20,12,1,35,0,12,21,0,33,2,32,33,1,68,12,0,12,80
08/06/2011,SMX,CA,AWP,WE,Federal Contract Tower,0,12,15,0,27,0,12,46,0,58,0,24,61,0,85,42,0,42,127
08/07/2011,SMX,CA,AWP,WE,Federal Contract Tower,2,8,9,0,19,0,4,34,0,38,2,12,43,0,57,36,0,36,93
08/08/2011,SMX,CA,AWP,WE,Federal Contract Tower,0,21,8,0,29,0,7,20,0,27,0,28,28,0,56,14,10,24,80
08/09/2011,SMX,CA,AWP,WE,Federal Contract Tower,0,28,13,0,41,0,18,51,0,69,0,46,64,0,110,84,0,84,194
08/10/2011,SMX,CA,AWP,WE,Federal Contract Tower,2,25,19,0,46,0,16,47,0,63,2,41,66,0,109,62,0,62,171
08/11/2011,SMX,CA,AWP,WE,Federal Contract Tower,0,21,31,0,52,0,17,42,0,59,0,38,73,0,111,46,0,46,157
08/12/2011,SMX,CA,AWP,WE,Federal Contract Tower,2,28,15,0,45,0,15,29,0,44,2,43,44,0,89,40,0,40,129
08/13/2011,SMX,CA,AWP,WE,Federal Contract Tower,0,13,7,0,20,0,7,53,0,60,0,20,60,0,80,32,0,32,112
08/14/2011,SMX,CA,AWP,WE,Federal Contract Tower,4,9,15,0,28,0,7,58,0,65,4,16,73,0,93,6,0,6,99
08/15/2011,SMX,CA,AWP,WE,Federal Contract Tower,0,17,8,0,25,0,19,42,0,61,0,36,50,0,86,28,0,28,114
08/16/2011,SMX,CA,AWP,WE,Federal Contract Tower,0,22,17,0,39,0,12,24,0,36,0,34,41,0,75,10,0,10,85
08/17/2011,SMX,CA,AWP,WE,Federal Contract Tower,3,21,14,0,38,0,17,53,0,70,3,38,67,0,108,36,0,36,144
08/18/2011,SMX,CA,AWP,WE,Federal Contract Tower,2,23,22,0,47,0,18,58,0,76,2,41,80,0,123,34,0,34,157
08/19/2011,SMX,CA,AWP,WE,Federal Contract Tower,2,19,13,0,34,0,9,22,0,31,2,28,35,0,65,16,0,16,81
08/20/2011,SMX,CA,AWP,WE,Federal Contract Tower,0,8,9,0,17,0,11,43,0,54,0,19,52,0,71,82,0,82,153
08/21/2011,SMX,CA,AWP,WE,Federal Contract Tower,2,9,17,0,28,0,7,46,0,53,2,16,63,0,81,22,0,22,103
08/22/2011,SMX,CA,AWP,WE,Federal Contract Tower,2,20,9,0,31,0,15,19,2,36,2,35,28,2,67,30,0,30,97
08/23/2011,SMX,CA,AWP,WE,Federal Contract Tower,0,22,16,0,38,0,4,61,0,65,0,26,77,0,103,66,0,66,169
08/24/2011,SMX,CA,AWP,WE,Federal Contract Tower,2,13,23,2,40,0,15,50,0,65,2,28,73,2,105,58,0,58,163
08/25/2011,SMX,CA,AWP,WE,Federal Contract Tower,0,20,10,1,31,0,15,41,0,56,0,35,51,1,87,38,6,44,131
08/26/2011,SMX,CA,AWP,WE,Federal Contract Tower,2,27,17,3,49,0,33,83,14,130,2,60,100,17,179,112,50,162,341
08/27/2011,SMX,CA,AWP,WE,Federal Contract Tower,0,9,4,0,13,0,9,42,1,52,0,18,46,1,65,60,22,82,147
08/28/2011,SMX,CA,AWP,WE,Federal Contract Tower,2,11,9,2,24,0,25,35,6,66,2,36,44,8,90,56,36,92,182
08/29/2011,SMX,CA,AWP,WE,Federal Contract Tower,2,19,13,2,36,0,6,31,7,44,2,25,44,9,80,40,12,52,132
08/30/2011,SMX,CA,AWP,WE,Federal Contract Tower,0,27,17,0,44,0,11,40,0,51,0,38,57,0,95,40,0,40,135
08/31/2011,SMX,CA,AWP,WE,Federal Contract Tower,2,21,10,0,33,0,22,57,0,79,2,43,67,0,112,56,0,56,168
09/01/2011,SMX,CA,AWP,WE,Federal Contract Tower,1,19,30,0,50,0,8,34,0,42,1,27,64,0,92,10,0,10,102
09/02/2011,SMX,CA,AWP,WE,Federal Contract Tower,2,23,15,0,40,0,12,40,0,52,2,35,55,0,92,38,0,38,130
09/03/2011,SMX,CA,AWP,WE,Federal Contract Tower,0,10,9,0,19,0,18,67,0,85,0,28,76,0,104,88,0,88,192
09/04/2011,SMX,CA,AWP,WE,Federal Contract Tower,0,3,19,1,23,0,4,65,0,69,0,7,84,1,92,56,0,56,148
09/05/2011,SMX,CA,AWP,WE,Federal Contract Tower,2,15,14,0,31,0,13,50,0,63,2,28,64,0,94,74,0,74,168
09/06/2011,SMX,CA,AWP,WE,Federal Contract Tower,0,21,6,0,27,0,8,34,0,42,0,29,40,0,69,82,0,82,151
09/07/2011,SMX,CA,AWP,WE,Federal Contract Tower,2,16,9,0,27,0,47,62,0,109,2,63,71,0,136,76,0,76,212
09/08/2011,SMX,CA,AWP,WE,Federal Contract Tower,0,24,22,0,46,0,16,48,0,64,0,40,70,0,110,52,0,52,162
09/09/2011,SMX,CA,AWP,WE,Federal Contract Tower,2,17,21,0,40,0,17,27,0,44,2,34,48,0,84,90,0,90,174
09/10/2011,SMX,CA,AWP,WE,Federal Contract Tower,0,9,10,0,19,0,16,65,0,81,0,25,75,0,100,136,0,136,236
09/11/2011,SMX,CA,AWP,WE,Federal Contract Tower,2,13,17,3,35,0,7,44,0,51,2,20,61,3,86,24,0,24,110
09/12/2011,SMX,CA,AWP,WE,Federal Contract Tower,0,15,11,0,26,0,29,36,0,65,0,44,47,0,91,4,0,4,95
09/13/2011,SMX,CA,AWP,WE,Federal Contract Tower,0,21,14,0,35,0,19,62,0,81,0,40,76,0,116,38,0,38,154
09/14/2011,SMX,CA,AWP,WE,Federal Contract Tower,2,23,19,1,45,0,10,33,0,43,2,33,52,1,88,24,2,26,114
09/15/2011,SMX,CA,AWP,WE,Federal Contract Tower,0,31,22,0,53,0,8,17,0,25,0,39,39,0,78,20,0,20,98
09/16/2011,SMX,CA,AWP,WE,Federal Contract Tower,3,15,10,0,28,0,20,38,0,58,3,35,48,0,86,56,0,56,142
09/17/2011,SMX,CA,AWP,WE,Federal Contract Tower,0,11,21,2,34,0,16,67,0,83,0,27,88,2,117,48,0,48,165
09/18/2011,SMX,CA,AWP,WE,Federal Contract Tower,2,7,8,1,18,0,13,70,0,83,2,20,78,1,101,10,0,10,111
09/19/2011,SMX,CA,AWP,WE,Federal Contract Tower,0,15,11,0,26,0,13,33,0,46,0,28,44,0,72,4,0,4,76
09/20/2011,SMX,CA,AWP,WE,Federal Contract Tower,0,17,17,0,34,0,14,32,0,46,0,31,49,0,80,66,0,66,146
09/21/2011,SMX,CA,AWP,WE,Federal Contract Tower,2,29,19,1,51,0,19,58,0,77,2,48,77,1,128,22,0,22,150
09/22/2011,SMX,CA,AWP,WE,Federal Contract Tower,0,24,11,1,36,0,16,46,0,62,0,40,57,1,98,30,2,32,130
09/23/2011,SMX,CA,AWP,WE,Federal Contract Tower,2,17,12,0,31,0,20,63,0,83,2,37,75,0,114,74,0,74,188
09/24/2011,SMX,CA,AWP,WE,Federal Contract Tower,0,10,22,0,32,0,8,9,0,17,0,18,31,0,49,24,0,24,73
09/25/2011,SMX,CA,AWP,WE,Federal Contract Tower,2,9,11,0,22,0,11,35,0,46,2,20,46,0,68,8,0,8,76
09/26/2011,SMX,CA,AWP,WE,Federal Contract Tower,0,21,7,0,28,0,20,38,0,58,0,41,45,0,86,22,0,22,108
09/27/2011,SMX,CA,AWP,WE,Federal Contract Tower,0,17,10,5,32,0,16,48,0,64,0,33,58,5,96,24,6,30,126
09/28/2011,SMX,CA,AWP,WE,Federal Contract Tower,2,24,19,0,45,0,7,35,0,42,2,31,54,0,87,66,0,66,153
09/29/2011,SMX,CA,AWP,WE,Federal Contract Tower,2,32,21,0,55,0,11,34,0,45,2,43,55,0,100,6,0,6,106
09/30/2011,SMX,CA,AWP,WE,Federal Contract Tower,2,21,7,2,32,0,25,64,0,89,2,46,71,2,121,40,0,40,161
10/01/2011,SMX,CA,AWP,WE,Federal Contract Tower,0,7,4,0,11,0,10,62,0,72,0,17,66,0,83,82,0,82,165
10/02/2011,SMX,CA,AWP,WE,Federal Contract Tower,2,7,15,0,24,0,4,45,0,49,2,11,60,0,73,16,0,16,89
10/03/2011,SMX,CA,AWP,WE,Federal Contract Tower,0,14,8,3,25,0,17,40,0,57,0,31,48,3,82,32,2,34,116
10/04/2011,SMX,CA,AWP,WE,Federal Contract Tower,0,18,12,1,31,0,18,16,1,35,0,36,28,2,66,6,0,6,72
10/05/2011,SMX,CA,AWP,WE,Federal Contract Tower,2,14,10,2,28,0,23,55,0,78,2,37,65,2,106,34,4,38,144
10/06/2011,SMX,CA,AWP,WE,Federal Contract Tower,0,15,8,0,23,0,21,51,0,72,0,36,59,0,95,94,0,94,189
10/07/2011,SMX,CA,AWP,WE,Federal Contract Tower,2,15,8,0,25,0,21,66,0,87,2,36,74,0,112,46,0,46,158
10/08/2011,SMX,CA,AWP,WE,Federal Contract Tower,0,7,7,0,14,0,11,72,0,83,0,18,79,0,97,36,0,36,133
10/09/2011,SMX,CA,AWP,WE,Federal Contract Tower,2,8,1,0,11,0,15,53,0,68,2,23,54,0,79,28,0,28,107
10/10/2011,SMX,CA,AWP,WE,Federal Contract Tower,0,12,12,0,24,0,4,30,0,34,0,16,42,0,58,40,0,40,98
10/11/2011,SMX,CA,AWP,WE,Federal Contract Tower,0,21,13,0,34,0,29,26,0,55,0,50,39,0,89,32,0,32,121
10/12/2011,SMX,CA,AWP,WE,Federal Contract Tower,2,13,9,0,24,0,27,41,0,68,2,40,50,0,92,6,0,6,98
10/13/2011,SMX,CA,AWP,WE,Federal Contract Tower,0,14,2,5,21,0,15,50,0,65,0,29,52,5,86,38,10,48,134
10/14/2011,SMX,CA,AWP,WE,Federal Contract Tower,3,18,12,2,35,0,15,52,2,69,3,33,64,4,104,54,6,60,164
10/15/2011,SMX,CA,AWP,WE,Federal Contract Tower,0,8,17,0,25,0,8,42,0,50,0,16,59,0,75,22,0,22,97
10/16/2011,SMX,CA,AWP,WE,Federal Contract Tower,2,5,5,1,13,0,8,55,0,63,2,13,60,1,76,36,0,36,112
10/17/2011,SMX,CA,AWP,WE,Federal Contract Tower,0,18,13,0,31,0,2,23,0,25,0,20,36,0,56,12,0,12,68
10/18/2011,SMX,CA,AWP,WE,Federal Contract Tower,0,28,22,0,50,0,7,2,0,9,0,35,24,0,59,10,0,10,69
10/19/2011,SMX,CA,AWP,WE,Federal Contract Tower,2,18,11,0,31,0,13,27,0,40,2,31,38,0,71,18,0,18,89
10/20/2011,SMX,CA,AWP,WE,Federal Contract Tower,2,20,29,0,51,0,13,47,0,60,2,33,76,0,111,32,0,32,143
10/21/2011,SMX,CA,AWP,WE,Federal Contract Tower,4,21,20,0,45,0,8,41,0,49,4,29,61,0,94,46,4,50,144
10/22/2011,SMX,CA,AWP,WE,Federal Contract Tower,2,7,10,0,19,0,7,57,0,64,2,14,67,0,83,46,0,46,129
10/23/2011,SMX,CA,AWP,WE,Federal Contract Tower,2,10,8,0,20,0,4,69,0,73,2,14,77,0,93,28,0,28,121
10/24/2011,SMX,CA,AWP,WE,Federal Contract Tower,0,27,15,0,42,0,7,12,0,19,0,34,27,0,61,0,0,0,61
10/25/2011,SMX,CA,AWP,WE,Federal Contract Tower,0,22,25,0,47,0,20,11,0,31,0,42,36,0,78,28,0,28,106
10/26/2011,SMX,CA,AWP,WE,Federal Contract Tower,2,15,10,0,27,0,22,44,0,66,2,37,54,0,93,14,0,14,107
10/27/2011,SMX,CA,AWP,WE,Federal Contract Tower,0,16,6,0,22,0,27,60,0,87,0,43,66,0,109,26,0,26,135
10/28/2011,SMX,CA,AWP,WE,Federal Contract Tower,2,13,9,0,24,0,20,55,0,75,2,33,64,0,99,60,4,64,163
10/29/2011,SMX,CA,AWP,WE,Federal Contract Tower,0,7,10,0,17,0,9,62,0,71,0,16,72,0,88,24,0,24,112
10/30/2011,SMX,CA,AWP,WE,Federal Contract Tower,3,10,8,0,21,0,11,58,0,69,3,21,66,0,90,52,0,52,142
10/31/2011,SMX,CA,AWP,WE,Federal Contract Tower,0,22,8,0,30,0,9,30,0,39,0,31,38,0,69,4,0,4,73
11/01/2011,SMX,CA,AWP,WE,Federal Contract Tower,0,18,11,0,29,0,14,32,0,46,0,32,43,0,75,22,0,22,97
11/02/2011,SMX,CA,AWP,WE,Federal Contract Tower,2,15,6,0,23,0,31,42,0,73,2,46,48,0,96,18,0,18,114
11/03/2011,SMX,CA,AWP,WE,Federal Contract Tower,0,21,13,1,35,0,22,60,0,82,0,43,73,1,117,14,2,16,133
11/04/2011,SMX,CA,AWP,WE,Federal Contract Tower,2,17,5,0,24,0,12,17,0,29,2,29,22,0,53,12,0,12,65
11/05/2011,SMX,CA,AWP,WE,Federal Contract Tower,0,6,7,0,13,0,6,65,0,71,0,12,72,0,84,38,2,40,124
11/06/2011,SMX,CA,AWP,WE,Federal Contract Tower,4,7,9,2,22,0,6,35,0,41,4,13,44,2,63,8,0,8,71
11/07/2011,SMX,CA,AWP,WE,Federal Contract Tower,0,13,2,0,15,0,30,50,0,80,0,43,52,0,95,14,0,14,109
11/08/2011,SMX,CA,AWP,WE,Federal Contract Tower,0,12,11,0,23,0,17,39,0,56,0,29,50,0,79,32,0,32,111
11/09/2011,SMX,CA,AWP,WE,Federal Contract Tower,3,15,4,0,22,0,22,42,0,64,3,37,46,0,86,20,0,20,106
11/10/2011,SMX,CA,AWP,WE,Federal Contract Tower,2,15,10,2,29,0,24,52,0,76,2,39,62,2,105,42,0,42,147
11/11/2011,SMX,CA,AWP,WE,Federal Contract Tower,2,18,12,0,32,0,17,33,0,50,2,35,45,0,82,24,0,24,106
11/12/2011,SMX,CA,AWP,WE,Federal Contract Tower,0,4,13,0,17,0,9,57,0,66,0,13,70,0,83,76,0,76,159
11/13/2011,SMX,CA,AWP,WE,Federal Contract Tower,2,7,12,1,22,0,7,73,2,82,2,14,85,3,104,92,2,94,198
11/14/2011,SMX,CA,AWP,WE,Federal Contract Tower,0,18,10,2,30,0,19,14,1,34,0,37,24,3,64,10,2,12,76
11/15/2011,SMX,CA,AWP,WE,Federal Contract Tower,2,24,7,0,33,0,17,33,1,51,2,41,40,1,84,42,0,42,126
11/16/2011,SMX,CA,AWP,WE,Federal Contract Tower,3,13,12,0,28,0,22,45,0,67,3,35,57,0,95,38,0,38,133
11/17/2011,SMX,CA,AWP,WE,Federal Contract Tower,0,20,13,4,37,0,38,82,0,120,0,58,95,4,157,78,18,96,253
11/18/2011,SMX,CA,AWP,WE,Federal Contract Tower,2,14,13,0,29,0,32,40,0,72,2,46,53,0,101,36,0,36,137
11/19/2011,SMX,CA,AWP,WE,Federal Contract Tower,0,8,6,0,14,0,16,81,0,97,0,24,87,0,111,54,0,54,165
11/20/2011,SMX,CA,AWP,WE,Federal Contract Tower,2,9,6,0,17,0,3,7,0,10,2,12,13,0,27,10,0,10,37
11/21/2011,SMX,CA,AWP,WE,Federal Contract Tower,0,17,7,0,24,0,26,51,0,77,0,43,58,0,101,84,0,84,185
11/22/2011,SMX,CA,AWP,WE,Federal Contract Tower,0,17,13,0,30,0,21,69,0,90,0,38,82,0,120,72,0,72,192
11/23/2011,SMX,CA,AWP,WE,Federal Contract Tower,2,21,9,0,32,0,23,60,0,83,2,44,69,0,115,20,0,20,135
11/24/2011,SMX,CA,AWP,WE,Federal Contract Tower,0,4,3,0,7,0,6,14,0,20,0,10,17,0,27,16,0,16,43
11/25/2011,SMX,CA,AWP,WE,Federal Contract Tower,2,12,3,0,17,0,10,38,0,48,2,22,41,0,65,16,0,16,81
11/26/2011,SMX,CA,AWP,WE,Federal Contract Tower,0,9,5,0,14,0,7,69,0,76,0,16,74,0,90,80,0,80,170
11/27/2011,SMX,CA,AWP,WE,Federal Contract Tower,2,7,9,0,18,0,10,61,0,71,2,17,70,0,89,28,0,28,117
11/28/2011,SMX,CA,AWP,WE,Federal Contract Tower,2,15,4,2,23,0,23,35,0,58,2,38,39,2,81,34,12,46,127
11/29/2011,SMX,CA,AWP,WE,Federal Contract Tower,0,21,11,0,32,0,25,38,0,63,0,46,49,0,95,84,0,84,179
11/30/2011,SMX,CA,AWP,WE,Federal Contract Tower,2,20,5,0,27,0,19,26,0,45,2,39,31,0,72,60,0,60,132
12/01/2011,SMX,CA,AWP,WE,Federal Contract Tower,0,18,11,0,29,0,19,25,0,44,0,37,36,0,73,14,0,14,87
12/02/2011,SMX,CA,AWP,WE,Federal Contract Tower,2,13,8,0,23,0,11,39,0,50,2,24,47,0,73,30,0,30,103
12/03/2011,SMX,CA,AWP,WE,Federal Contract Tower,0,9,7,0,16,0,11,72,0,83,0,20,79,0,99,42,0,42,141
12/04/2011,SMX,CA,AWP,WE,Federal Contract Tower,2,8,5,0,15,0,12,73,0,85,2,20,78,0,100,42,0,42,142
12/05/2011,SMX,CA,AWP,WE,Federal Contract Tower,0,18,10,0,28,0,24,41,3,68,0,42,51,3,96,28,0,28,124
12/06/2011,SMX,CA,AWP,WE,Federal Contract Tower,0,15,8,0,23,0,17,31,0,48,0,32,39,0,71,38,0,38,109
12/07/2011,SMX,CA,AWP,WE,Federal Contract Tower,2,19,15,0,36,0,25,53,0,78,2,44,68,0,114,24,0,24,138
12/08/2011,SMX,CA,AWP,WE,Federal Contract Tower,0,16,12,0,28,0,20,62,0,82,0,36,74,0,110,30,0,30,140
12/09/2011,SMX,CA,AWP,WE,Federal Contract Tower,2,22,14,0,38,0,12,44,0,56,2,34,58,0,94,36,0,36,130
12/10/2011,SMX,CA,AWP,WE,Federal Contract Tower,0,4,10,0,14,0,8,64,0,72,0,12,74,0,86,82,0,82,168
12/11/2011,SMX,CA,AWP,WE,Federal Contract Tower,2,7,15,0,24,0,9,23,0,32,2,16,38,0,56,2,0,2,58
12/12/2011,SMX,CA,AWP,WE,Federal Contract Tower,0,18,9,0,27,0,19,3,0,22,0,37,12,0,49,16,0,16,65
12/13/2011,SMX,CA,AWP,WE,Federal Contract Tower,0,19,13,1,33,0,18,27,0,45,0,37,40,1,78,8,0,8,86
12/14/2011,SMX,CA,AWP,WE,Federal Contract Tower,2,18,7,0,27,0,22,39,0,61,2,40,46,0,88,8,0,8,96
12/15/2011,SMX,CA,AWP,WE,Federal Contract Tower,0,22,12,0,34,0,15,28,0,43,0,37,40,0,77,10,0,10,87
12/16/2011,SMX,CA,AWP,WE,Federal Contract Tower,2,23,3,1,29,0,23,38,0,61,2,46,41,1,90,42,2,44,134
12/17/2011,SMX,CA,AWP,WE,Federal Contract Tower,0,13,3,0,16,0,2,45,0,47,0,15,48,0,63,18,0,18,81
12/18/2011,SMX,CA,AWP,WE,Federal Contract Tower,2,9,6,0,17,0,10,60,0,70,2,19,66,0,87,20,0,20,107
12/19/2011,SMX,CA,AWP,WE,Federal Contract Tower,0,15,13,0,28,0,15,24,0,39,0,30,37,0,67,50,0,50,117
12/20/2011,SMX,CA,AWP,WE,Federal Contract Tower,0,20,14,2,36,0,19,48,0,67,0,39,62,2,103,30,0,30,133
12/21/2011,SMX,CA,AWP,WE,Federal Contract Tower,2,19,4,0,25,0,33,48,0,81,2,52,52,0,106,92,0,92,198
12/22/2011,SMX,CA,AWP,WE,Federal Contract Tower,0,20,8,0,28,0,30,59,0,89,0,50,67,0,117,136,0,136,253
12/23/2011,SMX,CA,AWP,WE,Federal Contract Tower,1,17,11,0,29,0,36,64,0,100,1,53,75,0,129,126,0,126,255
12/24/2011,SMX,CA,AWP,WE,Federal Contract Tower,0,8,9,0,17,0,7,42,0,49,0,15,51,0,66,8,0,8,74
12/25/2011,SMX,CA,AWP,WE,Federal Contract Tower,0,5,0,0,5,0,6,31,0,37,0,11,31,0,42,4,0,4,46
12/26/2011,SMX,CA,AWP,WE,Federal Contract Tower,2,10,8,0,20,0,17,35,0,52,2,27,43,0,72,38,0,38,110
12/27/2011,SMX,CA,AWP,WE,Federal Contract Tower,0,16,12,0,28,0,26,37,0,63,0,42,49,0,91,90,0,90,181
12/28/2011,SMX,CA,AWP,WE,Federal Contract Tower,2,19,6,0,27,0,32,50,0,82,2,51,56,0,109,72,0,72,181
12/29/2011,SMX,CA,AWP,WE,Federal Contract Tower,0,16,4,0,20,0,22,54,0,76,0,38,58,0,96,14,0,14,110
12/30/2011,SMX,CA,AWP,WE,Federal Contract Tower,2,11,3,0,16,0,15,50,0,65,2,26,53,0,81,120,0,120,201
12/31/2011,SMX,CA,AWP,WE,Federal Contract Tower,0,9,4,0,13,0,12,43,0,55,0,21,47,0,68,14,0,14,82
01/01/2012,SMX,CA,AWP,WE,Federal Contract Tower,0,8,3,0,11,0,10,31,0,41,0,18,34,0,52,10,0,10,62
01/02/2012,SMX,CA,AWP,WE,Federal Contract Tower,2,8,8,0,18,0,11,30,0,41,2,19,38,0,59,16,0,16,75
01/03/2012,SMX,CA,AWP,WE,Federal Contract Tower,0,15,12,0,27,0,31,33,0,64,0,46,45,0,91,94,0,94,185
01/04/2012,SMX,CA,AWP,WE,Federal Contract Tower,2,16,12,0,30,0,23,60,0,83,2,39,72,0,113,100,0,100,213
01/05/2012,SMX,CA,AWP,WE,Federal Contract Tower,0,20,8,0,28,0,23,78,0,101,0,43,86,0,129,92,0,92,221
01/06/2012,SMX,CA,AWP,WE,Federal Contract Tower,2,23,15,0,40,0,9,43,0,52,2,32,58,0,92,42,0,42,134
01/07/2012,SMX,CA,AWP,WE,Federal Contract Tower,0,4,2,0,6,0,7,54,0,61,0,11,56,0,67,28,0,28,95
01/08/2012,SMX,CA,AWP,WE,Federal Contract Tower,2,9,6,0,17,0,11,45,0,56,2,20,51,0,73,42,0,42,115
01/09/2012,SMX,CA,AWP,WE,Federal Contract Tower,0,17,3,0,20,0,24,36,0,60,0,41,39,0,80,66,0,66,146
01/10/2012,SMX,CA,AWP,WE,Federal Contract Tower,0,15,7,0,22,0,17,32,0,49,0,32,39,0,71,128,0,128,199
01/11/2012,SMX,CA,AWP,WE,Federal Contract Tower,2,18,17,0,37,0,30,47,0,77,2,48,64,0,114,120,0,120,234
01/12/2012,SMX,CA,AWP,WE,Federal Contract Tower,0,15,5,0,20,0,19,34,0,53,0,34,39,0,73,106,0,106,179
01/13/2012,SMX,CA,AWP,WE,Federal Contract Tower,2,19,10,1,32,0,32,52,3,87,2,51,62,4,119,132,0,132,251
01/14/2012,SMX,CA,AWP,WE,Federal Contract Tower,0,5,2,0,7,0,10,63,0,73,0,15,65,0,80,52,0,52,132
01/15/2012,SMX,CA,AWP,WE,Federal Contract Tower,2,10,10,0,22,0,12,38,0,50,2,22,48,0,72,34,0,34,106
01/16/2012,SMX,CA,AWP,WE,Federal Contract Tower,0,16,13,0,29,0,26,42,0,68,0,42,55,0,97,52,0,52,149
01/17/2012,SMX,CA,AWP,WE,Federal Contract Tower,0,16,11,1,28,0,36,26,0,62,0,52,37,1,90,154,2,156,246
01/18/2012,SMX,CA,AWP,WE,Federal Contract Tower,2,18,5,3,28,0,41,61,0,102,2,59,66,3,130,122,24,146,276
01/19/2012,SMX,CA,AWP,WE,Federal Contract Tower,2,17,11,0,30,0,22,46,0,68,2,39,57,0,98,126,0,126,224
01/20/2012,SMX,CA,AWP,WE,Federal Contract Tower,2,17,16,0,35,0,11,19,0,30,2,28,35,0,65,54,0,54,119
01/21/2012,SMX,CA,AWP,WE,Federal Contract Tower,0,6,6,0,12,0,8,11,0,19,0,14,17,0,31,2,0,2,33
01/22/2012,SMX,CA,AWP,WE,Federal Contract Tower,4,7,15,0,26,0,5,43,0,48,4,12,58,0,74,48,0,48,122
01/23/2012,SMX,CA,AWP,WE,Federal Contract Tower,0,24,7,0,31,0,13,1,0,14,0,37,8,0,45,6,0,6,51
01/24/2012,SMX,CA,AWP,WE,Federal Contract Tower,0,20,9,0,29,0,39,20,0,59,0,59,29,0,88,78,0,78,166
01/25/2012,SMX,CA,AWP,WE,Federal Contract Tower,2,18,3,0,23,0,47,31,2,80,2,65,34,2,103,66,0,66,169
01/26/2012,SMX,CA,AWP,WE,Federal Contract Tower,0,21,8,0,29,0,16,35,0,51,0,37,43,0,80,40,0,40,120
01/27/2012,SMX,CA,AWP,WE,Federal Contract Tower,2,17,9,0,28,0,16,42,0,58,2,33,51,0,86,14,0,14,100
01/28/2012,SMX,CA,AWP,WE,Federal Contract Tower,0,6,6,0,12,0,15,76,0,91,0,21,82,0,103,96,0,96,199
01/29/2012,SMX,CA,AWP,WE,Federal Contract Tower,2,12,9,0,23,0,19,77,0,96,2,31,86,0,119,40,0,40,159
01/30/2012,SMX,CA,AWP,WE,Federal Contract Tower,0,15,11,0,26,0,43,42,0,85,0,58,53,0,111,180,0,180,291
01/31/2012,SMX,CA,AWP,WE,Federal Contract Tower,0,19,12,0,31,0,33,37,0,70,0,52,49,0,101,66,0,66,167
02/01/2012,SMX,CA,AWP,WE,Federal Contract Tower,2,19,8,0,29,0,20,21,0,41,2,39,29,0,70,84,0,84,154
02/02/2012,SMX,CA,AWP,WE,Federal Contract Tower,0,16,10,0,26,0,20,39,2,61,0,36,49,2,87,48,0,48,135
02/03/2012,SMX,CA,AWP,WE,Federal Contract Tower,2,17,10,1,30,0,42,42,2,86,2,59,52,3,116,106,0,106,222
02/04/2012,SMX,CA,AWP,WE,Federal Contract Tower,0,5,8,3,16,0,6,71,0,77,0,11,79,3,93,24,0,24,117
02/05/2012,SMX,CA,AWP,WE,Federal Contract Tower,2,7,2,0,11,0,15,61,0,76,2,22,63,0,87,12,0,12,99
02/06/2012,SMX,CA,AWP,WE,Federal Contract Tower,0,16,6,0,22,0,38,15,0,53,0,54,21,0,75,30,0,30,105
02/07/2012,SMX,CA,AWP,WE,Federal Contract Tower,0,20,10,0,30,0,17,3,0,20,0,37,13,0,50,4,0,4,54
02/08/2012,SMX,CA,AWP,WE,Federal Contract Tower,2,19,13,0,34,0,26,22,0,48,2,45,35,0,82,26,0,26,108
02/09/2012,SMX,CA,AWP,WE,Federal Contract Tower,0,19,9,0,28,0,27,62,0,89,0,46,71,0,117,70,0,70,187
02/10/2012,SMX,CA,AWP,WE,Federal Contract Tower,2,11,9,1,23,0,15,25,0,40,2,26,34,1,63,64,6,70,133
02/11/2012,SMX,CA,AWP,WE,Federal Contract Tower,0,11,2,0,13,0,17,31,0,48,0,28,33,0,61,14,0,14,75
02/12/2012,SMX,CA,AWP,WE,Federal Contract Tower,2,8,11,0,21,0,16,72,0,88,2,24,83,0,109,44,0,44,153
02/13/2012,SMX,CA,AWP,WE,Federal Contract Tower,0,18,6,0,24,0,22,21,0,43,0,40,27,0,67,22,0,22,89
02/14/2012,SMX,CA,AWP,WE,Federal Contract Tower,0,15,1,1,17,0,16,39,0,55,0,31,40,1,72,38,2,40,112
02/15/2012,SMX,CA,AWP,WE,Federal Contract Tower,0,21,12,0,33,0,18,18,0,36,0,39,30,0,69,10,0,10,79
02/16/2012,SMX,CA,AWP,WE,Federal Contract Tower,0,19,12,1,32,0,17,49,4,70,0,36,61,5,102,80,0,80,182
02/17/2012,SMX,CA,AWP,WE,Federal Contract Tower,2,16,5,0,23,0,22,40,0,62,2,38,45,0,85,78,0,78,163
02/18/2012,SMX,CA,AWP,WE,Federal Contract Tower,0,9,9,0,18,0,13,29,0,42,0,22,38,0,60,18,0,18,78
02/19/2012,SMX,CA,AWP,WE,Federal Contract Tower,1,7,3,0,11,0,7,62,0,69,1,14,65,0,80,38,0,38,118
02/20/2012,SMX,CA,AWP,WE,Federal Contract Tower,2,15,10,2,29,0,16,42,2,60,2,31,52,4,89,44,0,44,133
02/21/2012,SMX,CA,AWP,WE,Federal Contract Tower,0,17,5,2,24,0,24,29,1,54,0,41,34,3,78,60,0,60,138
02/22/2012,SMX,CA,AWP,WE,Federal Contract Tower,0,17,6,4,27,0,21,43,0,64,0,38,49,4,91,36,8,44,135
02/23/2012,SMX,CA,AWP,WE,Federal Contract Tower,0,17,11,2,30,0,14,37,0,51,0,31,48,2,81,6,0,6,87
02/24/2012,SMX,CA,AWP,WE,Federal Contract Tower,1,15,12,0,28,0,9,29,0,38,1,24,41,0,66,20,0,20,86
02/25/2012,SMX,CA,AWP,WE,Federal Contract Tower,2,8,4,0,14,0,2,49,0,51,2,10,53,0,65,20,0,20,85
02/26/2012,SMX,CA,AWP,WE,Federal Contract Tower,1,7,8,0,16,0,12,29,0,41,1,19,37,0,57,10,0,10,67
02/27/2012,SMX,CA,AWP,WE,Federal Contract Tower,0,16,17,2,35,0,15,2,0,17,0,31,19,2,52,0,0,0,52
02/28/2012,SMX,CA,AWP,WE,Federal Contract Tower,0,15,7,0,22,0,15,17,0,32,0,30,24,0,54,22,0,22,76
02/29/2012,SMX,CA,AWP,WE,Federal Contract Tower,0,19,14,0,33,0,15,8,0,23,0,34,22,0,56,30,0,30,86
03/01/2012,SMX,CA,AWP,WE,Federal Contract Tower,0,16,10,0,26,0,17,30,0,47,0,33,40,0,73,12,0,12,85
03/02/2012,SMX,CA,AWP,WE,Federal Contract Tower,2,19,3,0,24,28,37,0,0,65,30,56,3,0,89,30,0,30,119
03/03/2012,SMX,CA,AWP,WE,Federal Contract Tower,0,5,7,1,13,0,25,58,0,83,0,30,65,1,96,70,0,70,166
03/04/2012,SMX,CA,AWP,WE,Federal Contract Tower,0,10,8,1,19,0,4,70,0,74,0,14,78,1,93,26,0,26,119
03/05/2012,SMX,CA,AWP,WE,Federal Contract Tower,2,15,6,0,23,0,21,51,0,72,2,36,57,0,95,48,0,48,143
03/06/2012,SMX,CA,AWP,WE,Federal Contract Tower,0,35,8,0,43,0,9,1,0,10,0,44,9,0,53,0,0,0,53
03/07/2012,SMX,CA,AWP,WE,Federal Contract Tower,0,20,5,0,25,0,26,38,0,64,0,46,43,0,89,8,0,8,97
03/08/2012,SMX,CA,AWP,WE,Federal Contract Tower,1,18,9,0,28,0,24,64,0,88,1,42,73,0,116,130,0,130,246
03/09/2012,SMX,CA,AWP,WE,Federal Contract Tower,2,18,15,0,35,0,23,64,0,87,2,41,79,0,122,54,0,54,176
03/10/2012,SMX,CA,AWP,WE,Federal Contract Tower,0,8,2,0,10,0,7,59,0,66,0,15,61,0,76,22,0,22,98
03/11/2012,SMX,CA,AWP,WE,Federal Contract Tower,1,13,20,0,34,0,16,11,0,27,1,29,31,0,61,62,0,62,123
03/12/2012,SMX,CA,AWP,WE,Federal Contract Tower,2,22,10,0,34,0,23,36,0,59,2,45,46,0,93,72,0,72,165
03/13/2012,SMX,CA,AWP,WE,Federal Contract Tower,0,25,16,0,41,0,28,17,0,45,0,53,33,0,86,36,0,36,122
03/14/2012,SMX,CA,AWP,WE,Federal Contract Tower,0,18,9,0,27,0,19,40,0,59,0,37,49,0,86,32,0,32,118
03/15/2012,SMX,CA,AWP,WE,Federal Contract Tower,0,18,22,0,40,0,20,24,0,44,0,38,46,0,84,26,0,26,110
03/16/2012,SMX,CA,AWP,WE,Federal Contract Tower,4,20,22,0,46,0,17,8,0,25,4,37,30,0,71,18,0,18,89
03/17/2012,SMX,CA,AWP,WE,Federal Contract Tower,0,6,2,0,8,0,6,2,0,8,0,12,4,0,16,0,0,0,16
03/18/2012,SMX,CA,AWP,WE,Federal Contract Tower,1,9,3,0,13,0,6,3,0,9,1,15,6,0,22,4,0,4,26
03/19/2012,SMX,CA,AWP,WE,Federal Contract Tower,2,16,5,1,24,0,22,18,1,41,2,38,23,2,65,50,0,50,115
03/20/2012,SMX,CA,AWP,WE,Federal Contract Tower,0,20,8,0,28,0,25,48,0,73,0,45,56,0,101,26,0,26,127
03/21/2012,SMX,CA,AWP,WE,Federal Contract Tower,0,14,18,0,32,0,25,40,0,65,0,39,58,0,97,64,0,64,161
03/22/2012,SMX,CA,AWP,WE,Federal Contract Tower,0,26,21,0,47,0,12,16,0,28,0,38,37,0,75,8,0,8,83
03/23/2012,SMX,CA,AWP,WE,Federal Contract Tower,1,19,11,0,31,0,17,34,0,51,1,36,45,0,82,68,0,68,150
03/24/2012,SMX,CA,AWP,WE,Federal Contract Tower,0,8,12,0,20,0,14,20,0,34,0,22,32,0,54,22,0,22,76
03/25/2012,SMX,CA,AWP,WE,Federal Contract Tower,0,8,4,0,12,0,7,8,0,15,0,15,12,0,27,4,0,4,31
03/26/2012,SMX,CA,AWP,WE,Federal Contract Tower,0,19,4,1,24,0,14,21,0,35,0,33,25,1,59,18,2,20,79
03/27/2012,SMX,CA,AWP,WE,Federal Contract Tower,0,15,10,0,25,0,12,28,0,40,0,27,38,0,65,26,0,26,91
03/28/2012,SMX,CA,AWP,WE,Federal Contract Tower,0,14,5,2,21,0,9,7,0,16,0,23,12,2,37,20,0,20,57
03/29/2012,SMX,CA,AWP,WE,Federal Contract Tower,3,14,19,2,38,0,21,30,0,51,3,35,49,2,89,16,0,16,105
03/30/2012,SMX,CA,AWP,WE,Federal Contract Tower,0,15,18,3,36,0,18,42,0,60,0,33,60,3,96,50,0,50,146
03/31/2012,SMX,CA,AWP,WE,Federal Contract Tower,2,7,7,0,16,0,6,4,0,10,2,13,11,0,26,14,0,14,40
04/01/2012,SMX,CA,AWP,WE,Federal Contract Tower,0,7,10,0,17,0,14,50,0,64,0,21,60,0,81,24,0,24,105
04/02/2012,SMX,CA,AWP,WE,Federal Contract Tower,1,15,7,2,25,0,30,34,1,65,1,45,41,3,90,8,0,8,98
04/03/2012,SMX,CA,AWP,WE,Federal Contract Tower,0,25,13,0,38,0,29,31,0,60,0,54,44,0,98,40,0,40,138
04/04/2012,SMX,CA,AWP,WE,Federal Contract Tower,0,14,9,2,25,0,31,42,0,73,0,45,51,2,98,6,0,6,104
04/05/2012,SMX,CA,AWP,WE,Federal Contract Tower,1,17,8,1,27,0,27,44,0,71,1,44,52,1,98,24,20,44,142
04/06/2012,SMX,CA,AWP,WE,Federal Contract Tower,1,15,12,0,28,0,18,34,0,52,1,33,46,0,80,14,0,14,94
04/07/2012,SMX,CA,AWP,WE,Federal Contract Tower,0,5,8,0,13,0,13,71,0,84,0,18,79,0,97,74,0,74,171
04/08/2012,SMX,CA,AWP,WE,Federal Contract Tower,1,10,12,0,23,0,18,46,0,64,1,28,58,0,87,36,0,36,123
04/09/2012,SMX,CA,AWP,WE,Federal Contract Tower,0,15,2,1,18,0,23,44,5,72,0,38,46,6,90,120,0,120,210
04/10/2012,SMX,CA,AWP,WE,Federal Contract Tower,0,19,13,1,33,0,23,28,0,51,0,42,41,1,84,2,0,2,86
04/11/2012,SMX,CA,AWP,WE,Federal Contract Tower,0,18,11,2,31,0,24,9,0,33,0,42,20,2,64,20,0,20,84
04/12/2012,SMX,CA,AWP,WE,Federal Contract Tower,1,21,10,0,32,0,17,16,0,33,1,38,26,0,65,48,0,48,113
04/13/2012,SMX,CA,AWP,WE,Federal Contract Tower,1,17,4,0,22,0,25,11,0,36,1,42,15,0,58,0,0,0,58
04/14/2012,SMX,CA,AWP,WE,Federal Contract Tower,0,6,7,0,13,0,14,38,0,52,0,20,45,0,65,4,0,4,69
04/15/2012,SMX,CA,AWP,WE,Federal Contract Tower,1,7,6,3,17,0,15,67,1,83,1,22,73,4,100,64,0,64,164
04/16/2012,SMX,CA,AWP,WE,Federal Contract Tower,0,14,4,0,18,0,15,48,0,63,0,29,52,0,81,6,0,6,87
04/17/2012,SMX,CA,AWP,WE,Federal Contract Tower,0,14,2,0,16,0,17,47,0,64,0,31,49,0,80,30,0,30,110
04/18/2012,SMX,CA,AWP,WE,Federal Contract Tower,0,16,11,0,27,0,30,21,0,51,0,46,32,0,78,26,0,26,104
04/19/2012,SMX,CA,AWP,WE,Federal Contract Tower,0,14,11,0,25,0,21,67,0,88,0,35,78,0,113,8,0,8,121
04/20/2012,SMX,CA,AWP,WE,Federal Contract Tower,1,14,13,0,28,0,23,66,0,89,1,37,79,0,117,34,0,34,151
04/21/2012,SMX,CA,AWP,WE,Federal Contract Tower,0,4,8,0,12,0,3,48,0,51,0,7,56,0,63,24,0,24,87
04/22/2012,SMX,CA,AWP,WE,Federal Contract Tower,1,7,21,0,29,0,7,31,0,38,1,14,52,0,67,50,0,50,117
04/23/2012,SMX,CA,AWP,WE,Federal Contract Tower,1,23,17,0,41,0,15,14,0,29,1,38,31,0,70,10,0,10,80
04/24/2012,SMX,CA,AWP,WE,Federal Contract Tower,2,14,7,0,23,0,22,32,0,54,2,36,39,0,77,38,0,38,115
04/25/2012,SMX,CA,AWP,WE,Federal Contract Tower,0,20,13,0,33,0,26,15,0,41,0,46,28,0,74,70,0,70,144
04/26/2012,SMX,CA,AWP,WE,Federal Contract Tower,1,24,18,2,45,0,10,9,0,19,1,34,27,2,64,4,0,4,68
04/27/2012,SMX,CA,AWP,WE,Federal Contract Tower,0,11,7,0,18,0,18,53,0,71,0,29,60,0,89,12,0,12,101
04/28/2012,SMX,CA,AWP,WE,Federal Contract Tower,0,4,9,0,13,0,18,78,0,96,0,22,87,0,109,48,0,48,157
04/29/2012,SMX,CA,AWP,WE,Federal Contract Tower,1,6,18,0,25,0,4,40,2,46,1,10,58,2,71,28,0,28,99
04/30/2012,SMX,CA,AWP,WE,Federal Contract Tower,2,20,14,0,36,0,11,20,0,31,2,31,34,0,67,48,0,48,115
05/01/2012,SMX,CA,AWP,WE,Federal Contract Tower,2,26,11,0,39,0,20,23,0,43,2,46,34,0,82,0,0,0,82
05/02/2012,SMX,CA,AWP,WE,Federal Contract Tower,0,21,13,0,34,0,26,38,0,64,0,47,51,0,98,64,0,64,162
05/03/2012,SMX,CA,AWP,WE,Federal Contract Tower,1,19,20,1,41,0,22,36,0,58,1,41,56,1,99,16,2,18,117
05/04/2012,SMX,CA,AWP,WE,Federal Contract Tower,1,23,15,0,39,0,14,47,0,61,1,37,62,0,100,42,0,42,142
05/05/2012,SMX,CA,AWP,WE,Federal Contract Tower,0,4,6,0,10,0,17,43,0,60,0,21,49,0,70,50,0,50,120
05/06/2012,SMX,CA,AWP,WE,Federal Contract Tower,0,7,9,2,18,0,13,55,0,68,0,20,64,2,86,30,0,30,116
05/07/2012,SMX,CA,AWP,WE,Federal Contract Tower,0,20,9,0,29,0,22,44,0,66,0,42,53,0,95,26,0,26,121
05/08/2012,SMX,CA,AWP,WE,Federal Contract Tower,0,22,6,0,28,0,14,45,0,59,0,36,51,0,87,46,0,46,133
05/09/2012,SMX,CA,AWP,WE,Federal Contract Tower,0,28,5,0,33,0,21,39,0,60,0,49,44,0,93,28,0,28,121
05/10/2012,SMX,CA,AWP,WE,Federal Contract Tower,1,25,15,2,43,0,13,30,0,43,1,38,45,2,86,42,0,42,128
05/11/2012,SMX,CA,AWP,WE,Federal Contract Tower,1,20,14,0,35,0,15,49,0,64,1,35,63,0,99,40,0,40,139
05/12/2012,SMX,CA,AWP,WE,Federal Contract Tower,0,9,13,0,22,0,10,45,0,55,0,19,58,0,77,6,0,6,83
05/13/2012,SMX,CA,AWP,WE,Federal Contract Tower,3,7,8,0,18,0,8,45,0,53,3,15,53,0,71,12,0,12,83
05/14/2012,SMX,CA,AWP,WE,Federal Contract Tower,1,15,11,0,27,0,24,43,0,67,1,39,54,0,94,12,0,12,106
05/15/2012,SMX,CA,AWP,WE,Federal Contract Tower,0,18,9,0,27,0,31,34,0,65,0,49,43,0,92,12,0,12,104
05/16/2012,SMX,CA,AWP,WE,Federal Contract Tower,0,32,15,2,49,0,13,36,0,49,0,45,51,2,98,62,0,62,160
05/17/2012,SMX,CA,AWP,WE,Federal Contract Tower,2,24,27,2,55,0,16,34,0,50,2,40,61,2,105,18,0,18,123
05/18/2012,SMX,CA,AWP,WE,Federal Contract Tower,2,22,14,1,39,0,21,32,0,53,2,43,46,1,92,24,2,26,118
05/19/2012,SMX,CA,AWP,WE,Federal Contract Tower,0,7,11,0,18,0,13,71,0,84,0,20,82,0,102,16,0,16,118
05/20/2012,SMX,CA,AWP,WE,Federal Contract Tower,0,7,10,0,17,0,18,69,0,87,0,25,79,0,104,44,0,44,148
05/21/2012,SMX,CA,AWP,WE,Federal Contract Tower,2,19,9,0,30,0,18,27,0,45,2,37,36,0,75,44,0,44,119
05/22/2012,SMX,CA,AWP,WE,Federal Contract Tower,0,15,6,0,21,0,17,17,0,34,0,32,23,0,55,10,0,10,65
05/23/2012,SMX,CA,AWP,WE,Federal Contract Tower,0,14,6,3,23,0,28,44,8,80,0,42,50,11,103,12,4,16,119
05/24/2012,SMX,CA,AWP,WE,Federal Contract Tower,0,15,9,0,24,0,28,51,0,79,0,43,60,0,103,48,0,48,151
05/25/2012,SMX,CA,AWP,WE,Federal Contract Tower,2,31,13,0,46,0,21,24,0,45,2,52,37,0,91,72,0,72,163
05/26/2012,SMX,CA,AWP,WE,Federal Contract Tower,0,11,15,0,26,0,11,23,0,34,0,22,38,0,60,26,0,26,86
05/27/2012,SMX,CA,AWP,WE,Federal Contract Tower,0,1,4,2,7,0,5,40,0,45,0,6,44,2,52,14,0,14,66
05/28/2012,SMX,CA,AWP,WE,Federal Contract Tower,2,9,5,0,16,0,15,45,0,60,2,24,50,0,76,36,0,36,112
05/29/2012,SMX,CA,AWP,WE,Federal Contract Tower,0,11,11,0,22,0,31,56,0,87,0,42,67,0,109,36,0,36,145
05/30/2012,SMX,CA,AWP,WE,Federal Contract Tower,0,23,24,0,47,0,23,25,0,48,0,46,49,0,95,36,0,36,131
05/31/2012,SMX,CA,AWP,WE,Federal Contract Tower,0,14,16,3,33,0,21,55,0,76,0,35,71,3,109,24,10,34,143
06/01/2012,SMX,CA,AWP,WE,Federal Contract Tower,2,28,9,2,41,0,20,20,0,40,2,48,29,2,81,40,2,42,123
06/02/2012,SMX,CA,AWP,WE,Federal Contract Tower,0,12,11,0,23,0,7,36,4,47,0,19,47,4,70,20,0,20,90
06/03/2012,SMX,CA,AWP,WE,Federal Contract Tower,0,13,5,0,18,0,3,57,0,60,0,16,62,0,78,6,0,6,84
06/04/2012,SMX,CA,AWP,WE,Federal Contract Tower,2,24,7,0,33,0,13,23,0,36,2,37,30,0,69,2,0,2,71
06/05/2012,SMX,CA,AWP,WE,Federal Contract Tower,0,17,3,0,20,0,27,11,0,38,0,44,14,0,58,2,0,2,60
06/06/2012,SMX,CA,AWP,WE,Federal Contract Tower,0,21,1,2,24,0,30,26,0,56,0,51,27,2,80,24,0,24,104
06/07/2012,SMX,CA,AWP,WE,Federal Contract Tower,2,19,8,1,30,0,27,32,0,59,2,46,40,1,89,20,2,22,111
06/08/2012,SMX,CA,AWP,WE,Federal Contract Tower,2,14,6,2,24,0,28,39,1,68,2,42,45,3,92,54,2,56,148
06/09/2012,SMX,CA,AWP,WE,Federal Contract Tower,0,8,6,2,16,0,10,51,2,63,0,18,57,4,79,24,0,24,103
06/10/2012,SMX,CA,AWP,WE,Federal Contract Tower,2,7,8,1,18,0,10,58,0,68,2,17,66,1,86,18,0,18,104
06/11/2012,SMX,CA,AWP,WE,Federal Contract Tower,2,15,8,1,26,0,17,34,1,52,2,32,42,2,78,16,0,16,94
06/12/2012,SMX,CA,AWP,WE,Federal Contract Tower,0,25,11,3,39,0,20,29,0,49,0,45,40,3,88,38,4,42,130
06/13/2012,SMX,CA,AWP,WE,Federal Contract Tower,0,20,19,3,42,0,19,22,0,41,0,39,41,3,83,48,2,50,133
06/14/2012,SMX,CA,AWP,WE,Federal Contract Tower,2,22,16,2,42,0,13,35,0,48,2,35,51,2,90,56,0,56,146
06/15/2012,SMX,CA,AWP,WE,Federal Contract Tower,2,20,12,0,34,0,9,19,0,28,2,29,31,0,62,8,0,8,70
06/16/2012,SMX,CA,AWP,WE,Federal Contract Tower,0,6,8,0,14,0,35,73,2,110,0,41,81,2,124,28,0,28,152
06/17/2012,SMX,CA,AWP,WE,Federal Contract Tower,2,8,11,6,27,0,14,43,0,57,2,22,54,6,84,12,8,20,104
06/18/2012,SMX,CA,AWP,WE,Federal Contract Tower,2,17,9,0,28,0,8,23,0,31,2,25,32,0,59,24,0,24,83
06/19/2012,SMX,CA,AWP,WE,Federal Contract Tower,0,24,9,1,34,0,15,26,0,41,0,39,35,1,75,16,0,16,91
06/20/2012,SMX,CA,AWP,WE,Federal Contract Tower,0,21,25,0,46,0,14,49,0,63,0,35,74,0,109,36,0,36,145
06/21/2012,SMX,CA,AWP,WE,Federal Contract Tower,2,24,28,0,54,0,12,24,5,41,2,36,52,5,95,6,0,6,101
06/22/2012,SMX,CA,AWP,WE,Federal Contract Tower,2,15,17,0,34,0,27,30,1,58,2,42,47,1,92,24,0,24,116
06/23/2012,SMX,CA,AWP,WE,Federal Contract Tower,0,10,14,0,24,0,6,18,0,24,0,16,32,0,48,8,0,8,56
06/24/2012,SMX,CA,AWP,WE,Federal Contract Tower,2,7,7,0,16,0,20,56,0,76,2,27,63,0,92,42,0,42,134
06/25/2012,SMX,CA,AWP,WE,Federal Contract Tower,2,14,6,4,26,0,27,30,0,57,2,41,36,4,83,0,0,0,83
06/26/2012,SMX,CA,AWP,WE,Federal Contract Tower,0,16,15,0,31,0,24,43,1,68,0,40,58,1,99,10,2,12,111
06/27/2012,SMX,CA,AWP,WE,Federal Contract Tower,0,11,10,0,21,0,30,58,1,89,0,41,68,1,110,12,0,12,122
06/28/2012,SMX,CA,AWP,WE,Federal Contract Tower,2,21,13,0,36,0,75,41,2,118,2,96,54,2,154,78,0,78,232
06/29/2012,SMX,CA,AWP,WE,Federal Contract Tower,2,18,15,1,36,0,17,38,0,55,2,35,53,1,91,42,0,42,133
06/30/2012,SMX,CA,AWP,WE,Federal Contract Tower,0,9,13,0,22,0,5,39,0,44,0,14,52,0,66,56,0,56,122
07/01/2012,SMX,CA,AWP,WE,Federal Contract Tower,2,6,9,1,18,0,11,35,0,46,2,17,44,1,64,28,0,28,92
07/02/2012,SMX,CA,AWP,WE,Federal Contract Tower,2,22,13,1,38,0,12,40,0,52,2,34,53,1,90,6,0,6,96
07/03/2012,SMX,CA,AWP,WE,Federal Contract Tower,0,20,7,0,27,0,17,42,0,59,0,37,49,0,86,14,0,14,100
07/04/2012,SMX,CA,AWP,WE,Federal Contract Tower,0,12,7,0,19,0,9,25,0,34,0,21,32,0,53,0,0,0,53
07/05/2012,SMX,CA,AWP,WE,Federal Contract Tower,2,28,14,1,45,0,15,23,1,39,2,43,37,2,84,34,2,36,120
07/06/2012,SMX,CA,AWP,WE,Federal Contract Tower,2,22,14,2,40,0,17,32,0,49,2,39,46,2,89,10,2,12,101
07/07/2012,SMX,CA,AWP,WE,Federal Contract Tower,0,8,16,0,24,0,7,59,1,67,0,15,75,1,91,52,0,52,143
07/08/2012,SMX,CA,AWP,WE,Federal Contract Tower,4,9,11,0,24,0,9,54,0,63,4,18,65,0,87,28,0,28,115
07/09/2012,SMX,CA,AWP,WE,Federal Contract Tower,2,19,1,0,22,0,13,28,0,41,2,32,29,0,63,6,0,6,69
07/10/2012,SMX,CA,AWP,WE,Federal Contract Tower,0,24,13,0,37,0,11,32,0,43,0,35,45,0,80,58,0,58,138
07/11/2012,SMX,CA,AWP,WE,Federal Contract Tower,0,20,11,0,31,0,20,36,0,56,0,40,47,0,87,36,0,36,123
07/12/2012,SMX,CA,AWP,WE,Federal Contract Tower,2,18,8,0,28,0,18,50,0,68,2,36,58,0,96,44,0,44,140
07/13/2012,SMX,CA,AWP,WE,Federal Contract Tower,2,17,10,0,29,0,21,64,0,85,2,38,74,0,114,32,0,32,146
07/14/2012,SMX,CA,AWP,WE,Federal Contract Tower,0,16,19,0,35,0,5,38,0,43,0,21,57,0,78,20,0,20,98
07/15/2012,SMX,CA,AWP,WE,Federal Contract Tower,2,9,8,0,19,0,11,32,0,43,2,20,40,0,62,2,0,2,64
07/16/2012,SMX,CA,AWP,WE,Federal Contract Tower,2,22,9,0,33,0,16,15,0,31,2,38,24,0,64,28,0,28,92
07/17/2012,SMX,CA,AWP,WE,Federal Contract Tower,0,18,13,0,31,0,20,30,0,50,0,38,43,0,81,0,0,0,81
07/18/2012,SMX,CA,AWP,WE,Federal Contract Tower,0,19,7,0,26,0,26,55,0,81,0,45,62,0,107,32,0,32,139
07/19/2012,SMX,CA,AWP,WE,Federal Contract Tower,2,18,4,0,24,0,21,41,0,62,2,39,45,0,86,28,0,28,114
07/20/2012,SMX,CA,AWP,WE,Federal Contract Tower,2,25,15,0,42,0,27,74,0,101,2,52,89,0,143,108,0,108,251
07/21/2012,SMX,CA,AWP,WE,Federal Contract Tower,0,13,8,0,21,0,18,56,0,74,0,31,64,0,95,70,0,70,165
07/22/2012,SMX,CA,AWP,WE,Federal Contract Tower,2,8,19,0,29,0,6,33,14,53,2,14,52,14,82,28,0,28,110
07/23/2012,SMX,CA,AWP,WE,Federal Contract Tower,2,18,5,0,25,0,8,25,0,33,2,26,30,0,58,34,0,34,92
07/24/2012,SMX,CA,AWP,WE,Federal Contract Tower,0,25,7,3,35,0,24,42,0,66,0,49,49,3,101,14,24,38,139
07/25/2012,SMX,CA,AWP,WE,Federal Contract Tower,0,23,12,0,35,0,20,67,0,87,0,43,79,0,122,74,0,74,196
07/26/2012,SMX,CA,AWP,WE,Federal Contract Tower,2,17,17,0,36,0,25,33,0,58,2,42,50,0,94,8,0,8,102
07/27/2012,SMX,CA,AWP,WE,Federal Contract Tower,2,21,11,0,34,0,21,43,0,64,2,42,54,0,98,38,0,38,136
07/28/2012,SMX,CA,AWP,WE,Federal Contract Tower,0,9,8,0,17,0,5,32,0,37,0,14,40,0,54,74,0,74,128
07/29/2012,SMX,CA,AWP,WE,Federal Contract Tower,2,11,4,0,17,0,15,44,0,59,2,26,48,0,76,18,0,18,94
07/30/2012,SMX,CA,AWP,WE,Federal Contract Tower,2,18,16,0,36,0,16,19,1,36,2,34,35,1,72,38,0,38,110
07/31/2012,SMX,CA,AWP,WE,Federal Contract Tower,0,23,12,0,35,0,26,59,0,85,0,49,71,0,120,56,0,56,176
08/01/2012,SMX,CA,AWP,WE,Federal Contract Tower,0,18,11,2,31,0,25,66,0,91,0,43,77,2,122,54,0,54,176
08/02/2012,SMX,CA,AWP,WE,Federal Contract Tower,2,32,22,3,59,0,23,46,0,69,2,55,68,3,128,56,6,62,190
08/03/2012,SMX,CA,AWP,WE,Federal Contract Tower,2,18,18,0,38,0,11,25,0,36,2,29,43,0,74,18,0,18,92
08/04/2012,SMX,CA,AWP,WE,Federal Contract Tower,0,9,12,0,21,0,7,31,0,38,0,16,43,0,59,30,0,30,89
08/05/2012,SMX,CA,AWP,WE,Federal Contract Tower,2,10,18,0,30,0,11,38,0,49,2,21,56,0,79,20,0,20,99
08/06/2012,SMX,CA,AWP,WE,Federal Contract Tower,2,19,7,0,28,0,21,26,0,47,2,40,33,0,75,12,0,12,87
08/07/2012,SMX,CA,AWP,WE,Federal Contract Tower,0,18,7,0,25,0,19,35,0,54,0,37,42,0,79,32,0,32,111
08/08/2012,SMX,CA,AWP,WE,Federal Contract Tower,0,14,10,2,26,0,26,57,0,83,0,40,67,2,109,50,0,50,159
08/09/2012,SMX,CA,AWP,WE,Federal Contract Tower,2,16,12,0,30,0,8,45,0,53,2,24,57,0,83,38,0,38,121
08/10/2012,SMX,CA,AWP,WE,Federal Contract Tower,2,15,5,0,22,0,17,41,0,58,2,32,46,0,80,10,0,10,90
08/11/2012,SMX,CA,AWP,WE,Federal Contract Tower,0,7,7,0,14,0,7,65,0,72,0,14,72,0,86,24,0,24,110
08/12/2012,SMX,CA,AWP,WE,Federal Contract Tower,4,7,11,0,22,0,7,60,0,67,4,14,71,0,89,32,0,32,121
08/13/2012,SMX,CA,AWP,WE,Federal Contract Tower,2,12,3,0,17,0,14,24,0,38,2,26,27,0,55,50,0,50,105
08/14/2012,SMX,CA,AWP,WE,Federal Contract Tower,0,22,10,0,32,0,26,23,0,49,0,48,33,0,81,26,0,26,107
08/15/2012,SMX,CA,AWP,WE,Federal Contract Tower,2,20,21,0,43,0,20,25,0,45,2,40,46,0,88,28,0,28,116
08/16/2012,SMX,CA,AWP,WE,Federal Contract Tower,2,20,16,0,38,0,19,35,0,54,2,39,51,0,92,2,0,2,94
08/17/2012,SMX,CA,AWP,WE,Federal Contract Tower,2,17,14,0,33,0,17,43,2,62,2,34,57,2,95,14,0,14,109
08/18/2012,SMX,CA,AWP,WE,Federal Contract Tower,0,6,6,0,12,0,15,88,0,103,0,21,94,0,115,60,0,60,175
08/19/2012,SMX,CA,AWP,WE,Federal Contract Tower,2,7,23,0,32,0,3,63,0,66,2,10,86,0,98,52,0,52,150
08/20/2012,SMX,CA,AWP,WE,Federal Contract Tower,0,16,7,0,23,0,13,30,0,43,0,29,37,0,66,42,0,42,108
08/21/2012,SMX,CA,AWP,WE,Federal Contract Tower,0,21,11,3,35,0,20,19,3,42,0,41,30,6,77,50,0,50,127
08/22/2012,SMX,CA,AWP,WE,Federal Contract Tower,2,26,8,0,36,0,18,57,0,75,2,44,65,0,111,36,0,36,147
08/23/2012,SMX,CA,AWP,WE,Federal Contract Tower,0,23,21,0,44,0,9,60,0,69,0,32,81,0,113,46,0,46,159
08/24/2012,SMX,CA,AWP,WE,Federal Contract Tower,2,21,18,8,49,0,13,51,1,65,2,34,69,9,114,32,4,36,150
08/25/2012,SMX,CA,AWP,WE,Federal Contract Tower,0,10,8,0,18,0,16,36,3,55,0,26,44,3,73,60,26,86,159
08/26/2012,SMX,CA,AWP,WE,Federal Contract Tower,2,7,3,1,13,0,12,48,0,60,2,19,51,1,73,42,2,44,117
08/27/2012,SMX,CA,AWP,WE,Federal Contract Tower,0,11,3,1,15,0,19,45,0,64,0,30,48,1,79,32,4,36,115
08/28/2012,SMX,CA,AWP,WE,Federal Contract Tower,0,19,14,2,35,0,23,34,0,57,0,42,48,2,92,0,4,4,96
08/29/2012,SMX,CA,AWP,WE,Federal Contract Tower,2,22,22,0,46,0,25,66,0,91,2,47,88,0,137,64,0,64,201
08/30/2012,SMX,CA,AWP,WE,Federal Contract Tower,0,26,21,0,47,0,15,47,0,62,0,41,68,0,109,36,0,36,145
08/31/2012,SMX,CA,AWP,WE,Federal Contract Tower,2,20,18,1,41,0,22,56,0,78,2,42,74,1,119,58,0,58,177
09/01/2012,SMX,CA,AWP,WE,Federal Contract Tower,0,8,7,0,15,0,20,64,0,84,0,28,71,0,99,24,0,24,123
09/02/2012,SMX,CA,AWP,WE,Federal Contract Tower,2,2,9,0,13,0,13,32,0,45,2,15,41,0,58,20,0,20,78
09/03/2012,SMX,CA,AWP,WE,Federal Contract Tower,0,10,9,0,19,0,7,57,0,64,0,17,66,0,83,26,0,26,109
09/04/2012,SMX,CA,AWP,WE,Federal Contract Tower,0,21,9,0,30,0,19,44,0,63,0,40,53,0,93,22,0,22,115
09/05/2012,SMX,CA,AWP,WE,Federal Contract Tower,2,25,10,0,37,0,18,35,0,53,2,43,45,0,90,14,0,14,104
09/06/2012,SMX,CA,AWP,WE,Federal Contract Tower,0,16,18,2,36,0,22,51,0,73,0,38,69,2,109,34,10,44,153
09/07/2012,SMX,CA,AWP,WE,Federal Contract Tower,2,18,4,2,26,0,18,71,0,89,2,36,75,2,115,96,0,96,211
09/08/2012,SMX,CA,AWP,WE,Federal Contract Tower,0,10,12,0,22,0,9,50,0,59,0,19,62,0,81,46,0,46,127
09/09/2012,SMX,CA,AWP,WE,Federal Contract Tower,2,12,6,0,20,0,9,82,0,91,2,21,88,0,111,32,0,32,143
09/10/2012,SMX,CA,AWP,WE,Federal Contract Tower,0,24,12,1,37,0,14,26,0,40,0,38,38,1,77,12,2,14,91
09/11/2012,SMX,CA,AWP,WE,Federal Contract Tower,0,20,24,0,44,0,16,33,0,49,0,36,57,0,93,14,0,14,107
09/12/2012,SMX,CA,AWP,WE,Federal Contract Tower,2,28,15,0,45,0,7,28,0,35,2,35,43,0,80,6,0,6,86
09/13/2012,SMX,CA,AWP,WE,Federal Contract Tower,0,25,20,0,45,0,16,45,0,61,0,41,65,0,106,48,0,48,154
09/14/2012,SMX,CA,AWP,WE,Federal Contract Tower,2,22,0,0,24,0,19,35,0,54,2,41,35,0,78,34,0,34,112
09/15/2012,SMX,CA,AWP,WE,Federal Contract Tower,0,8,13,0,21,0,6,51,0,57,0,14,64,0,78,42,0,42,120
09/16/2012,SMX,CA,AWP,WE,Federal Contract Tower,2,7,22,0,31,0,8,40,0,48,2,15,62,0,79,32,0,32,111
09/17/2012,SMX,CA,AWP,WE,Federal Contract Tower,0,21,10,0,31,0,7,39,0,46,0,28,49,0,77,14,0,14,91
09/18/2012,SMX,CA,AWP,WE,Federal Contract Tower,0,31,9,0,40,0,19,52,0,71,0,50,61,0,111,48,0,48,159
09/19/2012,SMX,CA,AWP,WE,Federal Contract Tower,2,24,11,0,37,0,20,57,0,77,2,44,68,0,114,36,0,36,150
09/20/2012,SMX,CA,AWP,WE,Federal Contract Tower,0,24,16,2,42,0,20,39,0,59,0,44,55,2,101,40,2,42,143
09/21/2012,SMX,CA,AWP,WE,Federal Contract Tower,2,16,8,4,30,0,27,67,0,94,2,43,75,4,124,94,6,100,224
09/22/2012,SMX,CA,AWP,WE,Federal Contract Tower,0,8,4,0,12,0,13,53,0,66,0,21,57,0,78,24,0,24,102
09/23/2012,SMX,CA,AWP,WE,Federal Contract Tower,2,9,12,0,23,0,4,33,0,37,2,13,45,0,60,22,0,22,82
09/24/2012,SMX,CA,AWP,WE,Federal Contract Tower,0,17,17,0,34,0,17,32,0,49,0,34,49,0,83,18,0,18,101
09/25/2012,SMX,CA,AWP,WE,Federal Contract Tower,0,26,13,1,40,0,20,24,0,44,0,46,37,1,84,10,0,10,94
09/26/2012,SMX,CA,AWP,WE,Federal Contract Tower,2,32,22,3,59,0,12,45,0,57,2,44,67,3,116,16,10,26,142
09/27/2012,SMX,CA,AWP,WE,Federal Contract Tower,2,22,12,0,36,0,8,30,2,40,2,30,42,2,76,16,0,16,92
09/28/2012,SMX,CA,AWP,WE,Federal Contract Tower,4,28,18,0,50,0,21,48,0,69,4,49,66,0,119,64,0,64,183
09/29/2012,SMX,CA,AWP,WE,Federal Contract Tower,0,14,8,0,22,0,9,37,0,46,0,23,45,0,68,14,0,14,82
09/30/2012,SMX,CA,AWP,WE,Federal Contract Tower,4,12,10,0,26,0,12,46,0,58,4,24,56,0,84,22,0,22,106
10/01/2012,SMX,CA,AWP,WE,Federal Contract Tower,0,23,9,0,32,0,21,33,1,55,0,44,42,1,87,62,0,62,149
10/02/2012,SMX,CA,AWP,WE,Federal Contract Tower,0,16,2,3,21,0,24,44,0,68,0,40,46,3,89,18,10,28,117
10/03/2012,SMX,CA,AWP,WE,Federal Contract Tower,2,29,18,3,52,0,21,32,0,53,2,50,50,3,105,20,30,50,155
10/04/2012,SMX,CA,AWP,WE,Federal Contract Tower,0,20,17,0,37,0,15,47,0,62,0,35,64,0,99,20,0,20,119
10/05/2012,SMX,CA,AWP,WE,Federal Contract Tower,2,18,7,0,27,0,14,50,1,65,2,32,57,1,92,30,0,30,122
10/06/2012,SMX,CA,AWP,WE,Federal Contract Tower,0,7,5,1,13,0,10,56,0,66,0,17,61,1,79,4,14,18,97
10/07/2012,SMX,CA,AWP,WE,Federal Contract Tower,2,7,6,0,15,0,6,56,0,62,2,13,62,0,77,32,0,32,109
10/08/2012,SMX,CA,AWP,WE,Federal Contract Tower,0,20,13,2,35,0,11,47,0,58,0,31,60,2,93,26,0,26,119
10/09/2012,SMX,CA,AWP,WE,Federal Contract Tower,0,25,12,0,37,0,26,40,0,66,0,51,52,0,103,12,0,12,115
10/10/2012,SMX,CA,AWP,WE,Federal Contract Tower,2,20,8,0,30,0,15,25,0,40,2,35,33,0,70,4,0,4,74
10/11/2012,SMX,CA,AWP,WE,Federal Contract Tower,0,18,9,0,27,0,22,20,0,42,0,40,29,0,69,26,0,26,95
10/12/2012,SMX,CA,AWP,WE,Federal Contract Tower,2,15,9,0,26,0,19,26,0,45,2,34,35,0,71,42,0,42,113
10/13/2012,SMX,CA,AWP,WE,Federal Contract Tower,0,8,5,0,13,0,14,53,0,67,0,22,58,0,80,34,0,34,114
10/14/2012,SMX,CA,AWP,WE,Federal Contract Tower,2,7,7,1,17,0,6,49,0,55,2,13,56,1,72,4,2,6,78
10/15/2012,SMX,CA,AWP,WE,Federal Contract Tower,0,13,8,0,21,0,20,27,0,47,0,33,35,0,68,40,0,40,108
10/16/2012,SMX,CA,AWP,WE,Federal Contract Tower,0,16,9,0,25,0,35,22,0,57,0,51,31,0,82,54,0,54,136
10/17/2012,SMX,CA,AWP,WE,Federal Contract Tower,2,14,10,0,26,0,27,91,0,118,2,41,101,0,144,20,0,20,164
10/18/2012,SMX,CA,AWP,WE,Federal Contract Tower,0,14,11,0,25,0,34,35,0,69,0,48,46,0,94,16,0,16,110
10/19/2012,SMX,CA,AWP,WE,Federal Contract Tower,2,27,10,0,39,0,2,33,0,35,2,29,43,0,74,30,0,30,104
10/20/2012,SMX,CA,AWP,WE,Federal Contract Tower,0,21,24,0,45,0,4,4,0,8,0,25,28,0,53,6,0,6,59
10/21/2012,SMX,CA,AWP,WE,Federal Contract Tower,2,10,22,0,34,0,5,24,0,29,2,15,46,0,63,52,0,52,115
10/22/2012,SMX,CA,AWP,WE,Federal Contract Tower,0,19,3,0,22,0,16,9,0,25,0,35,12,0,47,4,0,4,51
10/23/2012,SMX,CA,AWP,WE,Federal Contract Tower,0,21,6,0,27,0,28,46,0,74,0,49,52,0,101,40,0,40,141
10/24/2012,SMX,CA,AWP,WE,Federal Contract Tower,2,18,13,1,34,0,24,29,2,55,2,42,42,3,89,36,4,40,129
10/25/2012,SMX,CA,AWP,WE,Federal Contract Tower,0,16,4,0,20,0,23,42,0,65,0,39,46,0,85,12,0,12,97
10/26/2012,SMX,CA,AWP,WE,Federal Contract Tower,2,18,11,0,31,0,23,35,0,58,2,41,46,0,89,4,0,4,93
10/27/2012,SMX,CA,AWP,WE,Federal Contract Tower,0,6,11,0,17,0,18,75,0,93,0,24,86,0,110,8,0,8,118
10/28/2012,SMX,CA,AWP,WE,Federal Contract Tower,2,7,4,0,13,0,12,75,0,87,2,19,79,0,100,50,0,50,150
10/29/2012,SMX,CA,AWP,WE,Federal Contract Tower,0,21,9,0,30,0,14,32,0,46,0,35,41,0,76,44,0,44,120
10/30/2012,SMX,CA,AWP,WE,Federal Contract Tower,0,20,8,2,30,0,19,39,0,58,0,39,47,2,88,24,4,28,116
10/31/2012,SMX,CA,AWP,WE,Federal Contract Tower,2,24,11,1,38,0,17,20,0,37,2,41,31,1,75,14,2,16,91
11/01/2012,SMX,CA,AWP,WE,Federal Contract Tower,0,29,21,1,51,0,2,13,0,15,0,31,34,1,66,8,6,14,80
11/02/2012,SMX,CA,AWP,WE,Federal Contract Tower,2,12,10,0,24,0,17,41,0,58,2,29,51,0,82,24,0,24,106
11/03/2012,SMX,CA,AWP,WE,Federal Contract Tower,0,13,7,1,21,0,11,64,0,75,0,24,71,1,96,38,2,40,136
11/04/2012,SMX,CA,AWP,WE,Federal Contract Tower,2,7,6,3,18,0,10,46,1,57,2,17,52,4,75,18,0,18,93
11/05/2012,SMX,CA,AWP,WE,Federal Contract Tower,0,12,9,2,23,0,17,38,0,55,0,29,47,2,78,84,12,96,174
11/06/2012,SMX,CA,AWP,WE,Federal Contract Tower,0,20,5,0,25,0,26,81,0,107,0,46,86,0,132,36,0,36,168
11/07/2012,SMX,CA,AWP,WE,Federal Contract Tower,2,17,14,0,33,0,21,35,0,56,2,38,49,0,89,40,0,40,129
11/08/2012,SMX,CA,AWP,WE,Federal Contract Tower,0,23,10,0,33,0,19,9,0,28,0,42,19,0,61,22,0,22,83
11/09/2012,SMX,CA,AWP,WE,Federal Contract Tower,4,21,5,0,30,0,17,32,0,49,4,38,37,0,79,2,0,2,81
11/10/2012,SMX,CA,AWP,WE,Federal Contract Tower,0,7,2,0,9,0,8,59,0,67,0,15,61,0,76,64,0,64,140
11/11/2012,SMX,CA,AWP,WE,Federal Contract Tower,2,8,4,0,14,0,9,60,0,69,2,17,64,0,83,34,0,34,117
11/12/2012,SMX,CA,AWP,WE,Federal Contract Tower,0,12,7,0,19,0,14,33,0,47,0,26,40,0,66,10,0,10,76
11/13/2012,SMX,CA,AWP,WE,Federal Contract Tower,0,17,9,0,26,0,19,33,0,52,0,36,42,0,78,22,0,22,100
11/14/2012,SMX,CA,AWP,WE,Federal Contract Tower,2,16,11,0,29,0,20,35,0,55,2,36,46,0,84,40,0,40,124
11/15/2012,SMX,CA,AWP,WE,Federal Contract Tower,0,22,13,0,35,0,21,42,0,63,0,43,55,0,98,6,0,6,104
11/16/2012,SMX,CA,AWP,WE,Federal Contract Tower,2,18,13,0,33,0,8,22,1,31,2,26,35,1,64,12,0,12,76
11/17/2012,SMX,CA,AWP,WE,Federal Contract Tower,2,8,9,0,19,0,8,3,0,11,2,16,12,0,30,0,0,0,30
11/18/2012,SMX,CA,AWP,WE,Federal Contract Tower,2,4,7,0,13,0,11,25,0,36,2,15,32,0,49,14,0,14,63
11/19/2012,SMX,CA,AWP,WE,Federal Contract Tower,0,20,10,0,30,0,27,54,0,81,0,47,64,0,111,76,0,76,187
11/20/2012,SMX,CA,AWP,WE,Federal Contract Tower,0,21,5,1,27,0,22,53,0,75,0,43,58,1,102,44,2,46,148
11/21/2012,SMX,CA,AWP,WE,Federal Contract Tower,2,18,23,0,43,0,16,22,0,38,2,34,45,0,81,44,0,44,125
11/22/2012,SMX,CA,AWP,WE,Federal Contract Tower,0,2,3,0,5,0,6,38,0,44,0,8,41,0,49,0,0,0,49
11/23/2012,SMX,CA,AWP,WE,Federal Contract Tower,2,19,5,0,26,0,33,62,0,95,2,52,67,0,121,54,0,54,175
11/24/2012,SMX,CA,AWP,WE,Federal Contract Tower,2,11,8,0,21,0,10,65,0,75,2,21,73,0,96,32,0,32,128
11/25/2012,SMX,CA,AWP,WE,Federal Contract Tower,2,8,10,0,20,0,11,73,0,84,2,19,83,0,104,20,0,20,124
11/26/2012,SMX,CA,AWP,WE,Federal Contract Tower,0,19,19,0,38,0,29,31,0,60,0,48,50,0,98,42,0,42,140
11/27/2012,SMX,CA,AWP,WE,Federal Contract Tower,0,20,13,0,33,0,16,31,0,47,0,36,44,0,80,64,0,64,144
11/28/2012,SMX,CA,AWP,WE,Federal Contract Tower,2,17,6,0,25,0,15,7,0,22,2,32,13,0,47,0,0,0,47
11/29/2012,SMX,CA,AWP,WE,Federal Contract Tower,2,12,11,0,25,0,11,9,0,20,2,23,20,0,45,0,0,0,45
11/30/2012,SMX,CA,AWP,WE,Federal Contract Tower,4,16,16,0,36,0,2,8,0,10,4,18,24,0,46,6,0,6,52
12/01/2012,SMX,CA,AWP,WE,Federal Contract Tower,2,9,10,0,21,0,17,14,0,31,2,26,24,0,52,10,0,10,62
12/02/2012,SMX,CA,AWP,WE,Federal Contract Tower,2,10,13,0,25,0,9,2,0,11,2,19,15,0,36,48,0,48,84
12/03/2012,SMX,CA,AWP,WE,Federal Contract Tower,0,20,15,0,35,0,18,22,0,40,0,38,37,0,75,74,0,74,149
12/04/2012,SMX,CA,AWP,WE,Federal Contract Tower,0,28,28,0,56,0,16,40,0,56,0,44,68,0,112,46,0,46,158
12/05/2012,SMX,CA,AWP,WE,Federal Contract Tower,2,21,18,1,42,0,10,18,0,28,2,31,36,1,70,74,2,76,146
12/06/2012,SMX,CA,AWP,WE,Federal Contract Tower,0,20,18,2,40,0,21,38,1,60,0,41,56,3,100,34,0,34,134
12/07/2012,SMX,CA,AWP,WE,Federal Contract Tower,2,21,12,0,35,0,23,48,4,75,2,44,60,4,110,4,0,4,114
12/08/2012,SMX,CA,AWP,WE,Federal Contract Tower,2,8,8,1,19,0,14,51,0,65,2,22,59,1,84,36,0,36,120
12/09/2012,SMX,CA,AWP,WE,Federal Contract Tower,2,8,9,0,19,0,11,64,0,75,2,19,73,0,94,36,0,36,130
12/10/2012,SMX,CA,AWP,WE,Federal Contract Tower,0,15,13,0,28,0,28,40,0,68,0,43,53,0,96,68,0,68,164
12/11/2012,SMX,CA,AWP,WE,Federal Contract Tower,0,15,15,2,32,0,28,57,0,85,0,43,72,2,117,90,8,98,215
12/12/2012,SMX,CA,AWP,WE,Federal Contract Tower,2,23,7,0,32,0,11,6,0,17,2,34,13,0,49,0,0,0,49
12/13/2012,SMX,CA,AWP,WE,Federal Contract Tower,0,23,9,2,34,0,29,42,0,71,0,52,51,2,105,22,6,28,133
12/14/2012,SMX,CA,AWP,WE,Federal Contract Tower,2,19,14,0,35,0,14,38,0,52,2,33,52,0,87,26,0,26,113
12/15/2012,SMX,CA,AWP,WE,Federal Contract Tower,2,6,3,0,11,0,9,53,0,62,2,15,56,0,73,32,0,32,105
12/16/2012,SMX,CA,AWP,WE,Federal Contract Tower,2,7,3,0,12,0,14,23,0,37,2,21,26,0,49,0,0,0,49
12/17/2012,SMX,CA,AWP,WE,Federal Contract Tower,0,24,7,4,35,0,18,27,0,45,0,42,34,4,80,50,0,50,130
12/18/2012,SMX,CA,AWP,WE,Federal Contract Tower,0,20,3,0,23,0,30,22,0,52,0,50,25,0,75,60,0,60,135
12/19/2012,SMX,CA,AWP,WE,Federal Contract Tower,4,23,12,1,40,0,45,40,0,85,4,68,52,1,125,90,0,90,215
12/20/2012,SMX,CA,AWP,WE,Federal Contract Tower,0,17,9,2,28,0,31,97,0,128,0,48,106,2,156,190,0,190,346
12/21/2012,SMX,CA,AWP,WE,Federal Contract Tower,2,27,12,0,41,0,27,68,0,95,2,54,80,0,136,174,0,174,310
12/22/2012,SMX,CA,AWP,WE,Federal Contract Tower,2,15,16,0,33,0,4,3,0,7,2,19,19,0,40,0,0,0,40
12/23/2012,SMX,CA,AWP,WE,Federal Contract Tower,2,7,5,0,14,0,12,8,0,20,2,19,13,0,34,0,0,0,34
12/24/2012,SMX,CA,AWP,WE,Federal Contract Tower,0,16,1,0,17,0,14,40,0,54,0,30,41,0,71,26,0,26,97
12/25/2012,SMX,CA,AWP,WE,Federal Contract Tower,0,7,1,0,8,0,19,17,0,36,0,26,18,0,44,0,0,0,44
12/26/2012,SMX,CA,AWP,WE,Federal Contract Tower,4,19,6,0,29,0,29,17,0,46,4,48,23,0,75,36,0,36,111
12/27/2012,SMX,CA,AWP,WE,Federal Contract Tower,0,17,7,0,24,0,15,51,0,66,0,32,58,0,90,72,0,72,162
12/28/2012,SMX,CA,AWP,WE,Federal Contract Tower,1,16,7,0,24,0,22,66,0,88,1,38,73,0,112,214,0,214,326
12/29/2012,SMX,CA,AWP,WE,Federal Contract Tower,2,4,1,0,7,0,11,17,0,28,2,15,18,0,35,20,0,20,55
12/30/2012,SMX,CA,AWP,WE,Federal Contract Tower,2,5,8,0,15,0,13,37,0,50,2,18,45,0,65,18,0,18,83
12/31/2012,SMX,CA,AWP,WE,Federal Contract Tower,0,9,2,0,11,0,27,51,0,78,0,36,53,0,89,140,0,140,229
01/01/2013,SMX,CA,AWP,WE,Federal Contract Tower,0,7,6,0,13,0,18,45,0,63,0,25,51,0,76,28,0,28,104
01/02/2013,SMX,CA,AWP,WE,Federal Contract Tower,4,16,14,0,34,0,37,41,1,79,4,53,55,1,113,122,0,122,235
01/03/2013,SMX,CA,AWP,WE,Federal Contract Tower,0,17,7,0,24,0,40,54,0,94,0,57,61,0,118,106,0,106,224
01/04/2013,SMX,CA,AWP,WE,Federal Contract Tower,2,16,7,1,26,0,20,53,0,73,2,36,60,1,99,104,2,106,205
01/05/2013,SMX,CA,AWP,WE,Federal Contract Tower,2,5,10,0,17,0,8,59,0,67,2,13,69,0,84,14,0,14,98
01/06/2013,SMX,CA,AWP,WE,Federal Contract Tower,2,7,7,0,16,0,12,2,0,14,2,19,9,0,30,0,0,0,30
01/07/2013,SMX,CA,AWP,WE,Federal Contract Tower,0,17,2,0,19,0,25,53,0,78,0,42,55,0,97,78,0,78,175
01/08/2013,SMX,CA,AWP,WE,Federal Contract Tower,0,17,14,0,31,0,25,55,0,80,0,42,69,0,111,152,0,152,263
01/09/2013,SMX,CA,AWP,WE,Federal Contract Tower,2,19,4,0,25,0,33,46,0,79,2,52,50,0,104,68,0,68,172
01/10/2013,SMX,CA,AWP,WE,Federal Contract Tower,0,19,11,0,30,0,14,21,0,35,0,33,32,0,65,4,0,4,69
01/11/2013,SMX,CA,AWP,WE,Federal Contract Tower,2,17,9,0,28,0,16,31,0,47,2,33,40,0,75,128,0,128,203
01/12/2013,SMX,CA,AWP,WE,Federal Contract Tower,2,8,4,0,14,0,6,51,0,57,2,14,55,0,71,20,0,20,91
01/13/2013,SMX,CA,AWP,WE,Federal Contract Tower,2,8,7,0,17,0,9,76,0,85,2,17,83,0,102,68,0,68,170
01/14/2013,SMX,CA,AWP,WE,Federal Contract Tower,0,18,4,0,22,0,29,27,0,56,0,47,31,0,78,124,0,124,202
01/15/2013,SMX,CA,AWP,WE,Federal Contract Tower,0,18,5,0,23,0,44,43,0,87,0,62,48,0,110,172,2,174,284
01/16/2013,SMX,CA,AWP,WE,Federal Contract Tower,2,19,16,0,37,0,42,53,0,95,2,61,69,0,132,164,16,180,312
01/17/2013,SMX,CA,AWP,WE,Federal Contract Tower,0,19,15,2,36,0,28,32,0,60,0,47,47,2,96,156,0,156,252
01/18/2013,SMX,CA,AWP,WE,Federal Contract Tower,2,14,17,1,34,0,25,43,0,68,2,39,60,1,102,170,8,178,280
01/19/2013,SMX,CA,AWP,WE,Federal Contract Tower,2,5,3,0,10,0,14,54,0,68,2,19,57,0,78,38,0,38,116
01/20/2013,SMX,CA,AWP,WE,Federal Contract Tower,2,9,3,2,16,0,8,50,0,58,2,17,53,2,74,46,0,46,120
01/21/2013,SMX,CA,AWP,WE,Federal Contract Tower,0,12,10,0,22,0,73,55,0,128,0,85,65,0,150,84,0,84,234
01/22/2013,SMX,CA,AWP,WE,Federal Contract Tower,2,15,10,3,30,0,73,19,0,92,2,88,29,3,122,94,4,98,220
01/23/2013,SMX,CA,AWP,WE,Federal Contract Tower,2,16,3,0,21,0,51,31,0,82,2,67,34,0,103,40,2,42,145
01/24/2013,SMX,CA,AWP,WE,Federal Contract Tower,0,20,12,1,33,0,18,1,0,19,0,38,13,1,52,4,2,6,58
01/25/2013,SMX,CA,AWP,WE,Federal Contract Tower,2,22,11,2,37,0,22,20,0,42,2,44,31,2,79,66,10,76,155
01/26/2013,SMX,CA,AWP,WE,Federal Contract Tower,0,4,16,0,20,0,6,36,0,42,0,10,52,0,62,20,0,20,82
01/27/2013,SMX,CA,AWP,WE,Federal Contract Tower,2,7,6,0,15,0,2,27,0,29,2,9,33,0,44,30,0,30,74
01/28/2013,SMX,CA,AWP,WE,Federal Contract Tower,0,16,3,0,19,0,22,41,0,63,0,38,44,0,82,134,2,136,218
01/29/2013,SMX,CA,AWP,WE,Federal Contract Tower,0,24,11,0,35,0,31,42,0,73,0,55,53,0,108,122,0,122,230
01/30/2013,SMX,CA,AWP,WE,Federal Contract Tower,2,13,7,4,26,0,29,60,0,89,2,42,67,4,115,16,0,16,131
01/31/2013,SMX,CA,AWP,WE,Federal Contract Tower,0,18,10,1,29,0,36,71,2,109,0,54,81,3,138,50,0,50,188
02/01/2013,SMX,CA,AWP,WE,Federal Contract Tower,2,21,8,0,31,0,17,53,0,70,2,38,61,0,101,66,0,66,167
02/02/2013,SMX,CA,AWP,WE,Federal Contract Tower,0,6,2,4,12,0,20,63,0,83,0,26,65,4,95,72,0,72,167
02/03/2013,SMX,CA,AWP,WE,Federal Contract Tower,2,7,5,0,14,0,7,14,0,21,2,14,19,0,35,6,0,6,41
02/04/2013,SMX,CA,AWP,WE,Federal Contract Tower,0,20,8,0,28,0,21,23,0,44,0,41,31,0,72,92,0,92,164
02/05/2013,SMX,CA,AWP,WE,Federal Contract Tower,0,28,14,2,44,0,10,5,0,15,0,38,19,2,59,14,4,18,77
02/06/2013,SMX,CA,AWP,WE,Federal Contract Tower,2,18,4,0,24,0,29,39,0,68,2,47,43,0,92,112,0,112,204
02/07/2013,SMX,CA,AWP,WE,Federal Contract Tower,0,23,10,0,33,0,21,24,0,45,0,44,34,0,78,56,0,56,134
02/08/2013,SMX,CA,AWP,WE,Federal Contract Tower,2,17,9,0,28,0,12,1,0,13,2,29,10,0,41,0,0,0,41
02/09/2013,SMX,CA,AWP,WE,Federal Contract Tower,0,9,8,2,19,0,24,42,0,66,0,33,50,2,85,36,0,36,121
02/10/2013,SMX,CA,AWP,WE,Federal Contract Tower,2,10,13,2,27,0,16,51,0,67,2,26,64,2,94,30,0,30,124
02/11/2013,SMX,CA,AWP,WE,Federal Contract Tower,0,14,13,3,30,0,25,39,0,64,0,39,52,3,94,110,6,116,210
02/12/2013,SMX,CA,AWP,WE,Federal Contract Tower,0,22,21,0,43,0,30,34,0,64,0,52,55,0,107,86,0,86,193
02/13/2013,SMX,CA,AWP,WE,Federal Contract Tower,2,18,15,0,35,0,24,57,0,81,2,42,72,0,116,68,0,68,184
02/14/2013,SMX,CA,AWP,WE,Federal Contract Tower,0,17,5,0,22,0,22,52,0,74,0,39,57,0,96,54,0,54,150
02/15/2013,SMX,CA,AWP,WE,Federal Contract Tower,2,15,9,0,26,0,16,53,0,69,2,31,62,0,95,30,0,30,125
02/16/2013,SMX,CA,AWP,WE,Federal Contract Tower,0,6,5,0,11,0,11,55,0,66,0,17,60,0,77,56,0,56,133
02/17/2013,SMX,CA,AWP,WE,Federal Contract Tower,2,8,10,0,20,0,6,31,0,37,2,14,41,0,57,44,0,44,101
02/18/2013,SMX,CA,AWP,WE,Federal Contract Tower,0,18,18,0,36,0,11,3,0,14,0,29,21,0,50,0,0,0,50
02/19/2013,SMX,CA,AWP,WE,Federal Contract Tower,0,18,6,0,24,0,23,13,0,36,0,41,19,0,60,30,0,30,90
02/20/2013,SMX,CA,AWP,WE,Federal Contract Tower,2,16,4,0,22,0,26,42,0,68,2,42,46,0,90,74,0,74,164
02/21/2013,SMX,CA,AWP,WE,Federal Contract Tower,0,14,6,0,20,0,17,45,0,62,0,31,51,0,82,44,0,44,126
02/22/2013,SMX,CA,AWP,WE,Federal Contract Tower,2,17,17,0,36,0,19,60,0,79,2,36,77,0,115,50,0,50,165
02/23/2013,SMX,CA,AWP,WE,Federal Contract Tower,0,6,4,2,12,0,9,60,0,69,0,15,64,2,81,22,0,22,103
02/24/2013,SMX,CA,AWP,WE,Federal Contract Tower,2,7,6,0,15,0,12,51,0,63,2,19,57,0,78,38,0,38,116
02/25/2013,SMX,CA,AWP,WE,Federal Contract Tower,0,20,10,0,30,0,21,41,0,62,0,41,51,0,92,42,0,42,134
02/26/2013,SMX,CA,AWP,WE,Federal Contract Tower,0,20,6,3,29,0,24,30,1,55,0,44,36,4,84,14,20,34,118
02/27/2013,SMX,CA,AWP,WE,Federal Contract Tower,2,16,13,0,31,0,31,69,1,101,2,47,82,1,132,40,0,40,172
02/28/2013,SMX,CA,AWP,WE,Federal Contract Tower,0,15,7,0,22,0,20,38,1,59,0,35,45,1,81,20,0,20,101
03/01/2013,SMX,CA,AWP,WE,Federal Contract Tower,2,18,9,0,29,0,18,42,0,60,2,36,51,0,89,50,0,50,139
03/02/2013,SMX,CA,AWP,WE,Federal Contract Tower,0,12,5,0,17,11,56,0,0,67,11,68,5,0,84,66,0,66,150
03/03/2013,SMX,CA,AWP,WE,Federal Contract Tower,2,12,3,0,17,0,23,26,0,49,2,35,29,0,66,34,0,34,100
03/04/2013,SMX,CA,AWP,WE,Federal Contract Tower,0,21,8,0,29,0,0,12,17,29,0,21,20,17,58,16,0,16,74
03/05/2013,SMX,CA,AWP,WE,Federal Contract Tower,0,26,19,0,45,0,5,12,0,17,0,31,31,0,62,8,0,8,70
03/06/2013,SMX,CA,AWP,WE,Federal Contract Tower,2,17,9,0,28,0,19,3,0,22,2,36,12,0,50,12,0,12,62
03/07/2013,SMX,CA,AWP,WE,Federal Contract Tower,0,22,21,0,43,0,24,11,0,35,0,46,32,0,78,18,0,18,96
03/08/2013,SMX,CA,AWP,WE,Federal Contract Tower,2,16,10,0,28,0,16,8,0,24,2,32,18,0,52,8,0,8,60
03/09/2013,SMX,CA,AWP,WE,Federal Contract Tower,0,5,9,0,14,0,18,41,0,59,0,23,50,0,73,22,0,22,95
03/10/2013,SMX,CA,AWP,WE,Federal Contract Tower,2,10,16,0,28,0,17,61,0,78,2,27,77,0,106,70,0,70,176
03/11/2013,SMX,CA,AWP,WE,Federal Contract Tower,0,18,14,0,32,0,20,20,0,40,0,38,34,0,72,24,0,24,96
03/12/2013,SMX,CA,AWP,WE,Federal Contract Tower,0,24,13,0,37,0,15,44,0,59,0,39,57,0,96,72,0,72,168
03/13/2013,SMX,CA,AWP,WE,Federal Contract Tower,2,15,9,0,26,0,9,42,0,51,2,24,51,0,77,48,0,48,125
03/14/2013,SMX,CA,AWP,WE,Federal Contract Tower,0,29,13,1,43,0,8,34,2,44,0,37,47,3,87,52,6,58,145
03/15/2013,SMX,CA,AWP,WE,Federal Contract Tower,2,9,12,0,23,0,27,42,2,71,2,36,54,2,94,20,0,20,114
03/16/2013,SMX,CA,AWP,WE,Federal Contract Tower,2,9,5,0,16,0,14,29,0,43,2,23,34,0,59,50,0,50,109
03/17/2013,SMX,CA,AWP,WE,Federal Contract Tower,3,8,3,0,14,0,11,51,0,62,3,19,54,0,76,60,0,60,136
03/18/2013,SMX,CA,AWP,WE,Federal Contract Tower,0,12,9,2,23,0,25,16,0,41,0,37,25,2,64,6,6,12,76
03/19/2013,SMX,CA,AWP,WE,Federal Contract Tower,0,18,8,0,26,0,34,18,0,52,0,52,26,0,78,20,0,20,98
03/20/2013,SMX,CA,AWP,WE,Federal Contract Tower,3,18,4,2,27,0,29,24,0,53,3,47,28,2,80,52,20,72,152
03/21/2013,SMX,CA,AWP,WE,Federal Contract Tower,0,18,16,0,34,0,27,41,0,68,0,45,57,0,102,32,0,32,134
03/22/2013,SMX,CA,AWP,WE,Federal Contract Tower,2,14,12,0,28,0,23,34,0,57,2,37,46,0,85,24,0,24,109
03/23/2013,SMX,CA,AWP,WE,Federal Contract Tower,2,8,5,0,15,0,19,50,0,69,2,27,55,0,84,28,0,28,112
03/24/2013,SMX,CA,AWP,WE,Federal Contract Tower,3,7,12,0,22,0,23,44,0,67,3,30,56,0,89,10,0,10,99
03/25/2013,SMX,CA,AWP,WE,Federal Contract Tower,0,18,6,0,24,0,20,26,0,46,0,38,32,0,70,14,0,14,84
03/26/2013,SMX,CA,AWP,WE,Federal Contract Tower,0,26,17,2,45,0,14,14,0,28,0,40,31,2,73,14,2,16,89
03/27/2013,SMX,CA,AWP,WE,Federal Contract Tower,2,29,17,0,48,0,3,17,0,20,2,32,34,0,68,8,0,8,76
03/28/2013,SMX,CA,AWP,WE,Federal Contract Tower,0,21,19,0,40,0,16,34,0,50,0,37,53,0,90,16,0,16,106
03/29/2013,SMX,CA,AWP,WE,Federal Contract Tower,2,24,14,0,40,0,9,54,0,63,2,33,68,0,103,34,0,34,137
03/30/2013,SMX,CA,AWP,WE,Federal Contract Tower,2,8,14,0,24,0,11,36,0,47,2,19,50,0,71,38,0,38,109
03/31/2013,SMX,CA,AWP,WE,Federal Contract Tower,2,8,2,0,12,0,7,12,4,23,2,15,14,4,35,10,0,10,45
04/01/2013,SMX,CA,AWP,WE,Federal Contract Tower,0,19,16,1,36,0,20,10,2,32,0,39,26,3,68,6,4,10,78
04/02/2013,SMX,CA,AWP,WE,Federal Contract Tower,0,25,7,1,33,0,27,21,0,48,0,52,28,1,81,40,2,42,123
04/03/2013,SMX,CA,AWP,WE,Federal Contract Tower,2,23,18,0,43,0,10,30,0,40,2,33,48,0,83,20,0,20,103
04/04/2013,SMX,CA,AWP,WE,Federal Contract Tower,0,27,12,0,39,0,27,25,0,52,0,54,37,0,91,52,0,52,143
04/05/2013,SMX,CA,AWP,WE,Federal Contract Tower,2,22,25,0,49,0,17,32,0,49,2,39,57,0,98,24,0,24,122
04/06/2013,SMX,CA,AWP,WE,Federal Contract Tower,2,7,15,0,24,0,15,46,0,61,2,22,61,0,85,38,0,38,123
04/07/2013,SMX,CA,AWP,WE,Federal Contract Tower,2,8,8,0,18,0,16,49,0,65,2,24,57,0,83,20,0,20,103
04/08/2013,SMX,CA,AWP,WE,Federal Contract Tower,0,14,4,0,18,0,22,20,0,42,0,36,24,0,60,20,0,20,80
04/09/2013,SMX,CA,AWP,WE,Federal Contract Tower,0,15,18,0,33,0,17,23,0,40,0,32,41,0,73,24,0,24,97
04/10/2013,SMX,CA,AWP,WE,Federal Contract Tower,2,16,22,0,40,0,22,53,0,75,2,38,75,0,115,56,0,56,171
04/11/2013,SMX,CA,AWP,WE,Federal Contract Tower,0,31,13,0,44,0,14,39,0,53,0,45,52,0,97,42,0,42,139
04/12/2013,SMX,CA,AWP,WE,Federal Contract Tower,2,24,15,0,41,0,11,49,0,60,2,35,64,0,101,24,0,24,125
04/13/2013,SMX,CA,AWP,WE,Federal Contract Tower,2,6,18,0,26,0,14,35,0,49,2,20,53,0,75,36,0,36,111
04/14/2013,SMX,CA,AWP,WE,Federal Contract Tower,2,7,5,0,14,0,6,45,0,51,2,13,50,0,65,62,0,62,127
04/15/2013,SMX,CA,AWP,WE,Federal Contract Tower,23,10,2,0,35,0,11,11,10,32,23,21,13,10,67,8,6,14,81
04/16/2013,SMX,CA,AWP,WE,Federal Contract Tower,0,20,10,0,30,0,24,28,0,52,0,44,38,0,82,26,0,26,108
04/17/2013,SMX,CA,AWP,WE,Federal Contract Tower,2,18,8,0,28,0,39,34,0,73,2,57,42,0,101,30,0,30,131
04/18/2013,SMX,CA,AWP,WE,Federal Contract Tower,0,20,13,0,33,0,22,43,0,65,0,42,56,0,98,50,0,50,148
04/19/2013,SMX,CA,AWP,WE,Federal Contract Tower,2,18,13,0,33,0,26,67,0,93,2,44,80,0,126,46,0,46,172
04/20/2013,SMX,CA,AWP,WE,Federal Contract Tower,2,5,14,0,21,0,14,54,0,68,2,19,68,0,89,14,0,14,103
04/21/2013,SMX,CA,AWP,WE,Federal Contract Tower,2,12,5,0,19,0,7,43,0,50,2,19,48,0,69,24,0,24,93
04/22/2013,SMX,CA,AWP,WE,Federal Contract Tower,0,18,17,0,35,0,12,35,0,47,0,30,52,0,82,20,0,20,102
04/23/2013,SMX,CA,AWP,WE,Federal Contract Tower,26,17,0,0,43,0,14,21,0,35,26,31,21,0,78,34,0,34,112
04/24/2013,SMX,CA,AWP,WE,Federal Contract Tower,2,23,20,0,45,0,19,6,0,25,2,42,26,0,70,8,0,8,78
04/25/2013,SMX,CA,AWP,WE,Federal Contract Tower,0,20,21,0,41,0,23,65,0,88,0,43,86,0,129,70,0,70,199
04/26/2013,SMX,CA,AWP,WE,Federal Contract Tower,2,22,16,0,40,0,17,57,0,74,2,39,73,0,114,44,0,44,158
04/27/2013,SMX,CA,AWP,WE,Federal Contract Tower,2,5,34,0,41,0,12,138,0,150,2,17,172,0,191,114,0,114,305
04/28/2013,SMX,CA,AWP,WE,Federal Contract Tower,2,10,31,0,43,0,14,78,0,92,2,24,109,0,135,62,0,62,197
04/29/2013,SMX,CA,AWP,WE,Federal Contract Tower,0,20,9,0,29,0,12,45,0,57,0,32,54,0,86,22,0,22,108
04/30/2013,SMX,CA,AWP,WE,Federal Contract Tower,0,26,12,0,38,0,15,17,0,32,0,41,29,0,70,6,0,6,76
05/01/2013,SMX,CA,AWP,WE,Federal Contract Tower,2,13,18,0,33,0,28,22,0,50,2,41,40,0,83,10,0,10,93
05/02/2013,SMX,CA,AWP,WE,Federal Contract Tower,0,18,13,0,31,0,32,41,0,73,0,50,54,0,104,90,0,90,194
05/03/2013,SMX,CA,AWP,WE,Federal Contract Tower,2,20,18,0,40,0,20,54,0,74,2,40,72,0,114,64,0,64,178
05/04/2013,SMX,CA,AWP,WE,Federal Contract Tower,1,6,15,0,22,0,8,48,0,56,1,14,63,0,78,38,0,38,116
05/05/2013,SMX,CA,AWP,WE,Federal Contract Tower,4,7,6,0,17,0,14,24,0,38,4,21,30,0,55,26,0,26,81
05/06/2013,SMX,CA,AWP,WE,Federal Contract Tower,0,19,13,0,32,0,19,9,0,28,0,38,22,0,60,32,2,34,94
05/07/2013,SMX,CA,AWP,WE,Federal Contract Tower,1,16,14,0,31,0,22,12,0,34,1,38,26,0,65,0,0,0,65
05/08/2013,SMX,CA,AWP,WE,Federal Contract Tower,2,25,16,0,43,0,17,35,0,52,2,42,51,0,95,30,0,30,125
05/09/2013,SMX,CA,AWP,WE,Federal Contract Tower,0,21,21,1,43,0,16,46,0,62,0,37,67,1,105,34,2,36,141
05/10/2013,SMX,CA,AWP,WE,Federal Contract Tower,2,30,12,0,44,0,11,53,0,64,2,41,65,0,108,38,0,38,146
05/11/2013,SMX,CA,AWP,WE,Federal Contract Tower,4,7,13,0,24,0,7,72,0,79,4,14,85,0,103,36,0,36,139
05/12/2013,SMX,CA,AWP,WE,Federal Contract Tower,2,10,6,0,18,0,11,47,0,58,2,21,53,0,76,16,0,16,92
05/13/2013,SMX,CA,AWP,WE,Federal Contract Tower,0,23,15,0,38,0,8,32,0,40,0,31,47,0,78,28,0,28,106
05/14/2013,SMX,CA,AWP,WE,Federal Contract Tower,0,29,14,4,47,0,12,26,0,38,0,41,40,4,85,32,16,48,133
05/15/2013,SMX,CA,AWP,WE,Federal Contract Tower,2,32,22,0,56,0,12,28,0,40,2,44,50,0,96,30,2,32,128
05/16/2013,SMX,CA,AWP,WE,Federal Contract Tower,0,38,21,0,59,0,10,40,0,50,0,48,61,0,109,32,0,32,141
05/17/2013,SMX,CA,AWP,WE,Federal Contract Tower,2,26,24,0,52,0,11,34,0,45,2,37,58,0,97,66,2,68,165
05/18/2013,SMX,CA,AWP,WE,Federal Contract Tower,2,7,12,0,21,0,7,48,0,55,2,14,60,0,76,40,0,40,116
05/19/2013,SMX,CA,AWP,WE,Federal Contract Tower,2,11,12,1,26,0,18,55,0,73,2,29,67,1,99,34,0,34,133
05/20/2013,SMX,CA,AWP,WE,Federal Contract Tower,0,17,12,0,29,0,21,42,0,63,0,38,54,0,92,30,0,30,122
05/21/2013,SMX,CA,AWP,WE,Federal Contract Tower,0,26,12,3,41,0,16,21,0,37,0,42,33,3,78,20,4,24,102
05/22/2013,SMX,CA,AWP,WE,Federal Contract Tower,0,17,9,0,26,0,23,25,0,48,0,40,34,0,74,20,0,20,94
05/23/2013,SMX,CA,AWP,WE,Federal Contract Tower,2,20,18,0,40,0,16,58,0,74,2,36,76,0,114,40,0,40,154
05/24/2013,SMX,CA,AWP,WE,Federal Contract Tower,2,25,10,0,37,0,13,47,0,60,2,38,57,0,97,54,0,54,151
05/25/2013,SMX,CA,AWP,WE,Federal Contract Tower,2,6,11,0,19,0,12,31,0,43,2,18,42,0,62,2,0,2,64
05/26/2013,SMX,CA,AWP,WE,Federal Contract Tower,1,3,8,0,12,0,15,35,0,50,1,18,43,0,62,2,0,2,64
05/27/2013,SMX,CA,AWP,WE,Federal Contract Tower,3,9,6,0,18,0,12,51,0,63,3,21,57,0,81,8,0,8,89
05/28/2013,SMX,CA,AWP,WE,Federal Contract Tower,0,19,11,0,30,0,15,54,0,69,0,34,65,0,99,2,0,2,101
05/29/2013,SMX,CA,AWP,WE,Federal Contract Tower,0,27,2,5,34,0,21,34,0,55,0,48,36,5,89,10,0,10,99
05/30/2013,SMX,CA,AWP,WE,Federal Contract Tower,2,21,8,2,33,0,21,49,1,71,2,42,57,3,104,26,2,28,132
05/31/2013,SMX,CA,AWP,WE,Federal Contract Tower,2,25,13,1,41,16,66,0,0,82,18,91,13,1,123,50,0,50,173
06/01/2013,SMX,CA,AWP,WE,Federal Contract Tower,2,7,5,0,14,0,13,85,0,98,2,20,90,0,112,36,0,36,148
06/02/2013,SMX,CA,AWP,WE,Federal Contract Tower,2,22,20,0,44,0,15,43,0,58,2,37,63,0,102,34,0,34,136
06/03/2013,SMX,CA,AWP,WE,Federal Contract Tower,2,28,20,0,50,0,10,11,0,21,2,38,31,0,71,12,0,12,83
06/04/2013,SMX,CA,AWP,WE,Federal Contract Tower,0,22,10,2,34,0,19,19,0,38,0,41,29,2,72,44,14,58,130
06/05/2013,SMX,CA,AWP,WE,Federal Contract Tower,0,25,12,0,37,0,18,33,0,51,0,43,45,0,88,38,0,38,126
06/06/2013,SMX,CA,AWP,WE,Federal Contract Tower,2,29,18,1,50,0,12,26,0,38,2,41,44,1,88,58,24,82,170
06/07/2013,SMX,CA,AWP,WE,Federal Contract Tower,2,20,11,0,33,0,18,31,0,49,2,38,42,0,82,28,0,28,110
06/08/2013,SMX,CA,AWP,WE,Federal Contract Tower,2,10,10,0,22,0,5,42,0,47,2,15,52,0,69,44,0,44,113
06/09/2013,SMX,CA,AWP,WE,Federal Contract Tower,2,9,19,0,30,0,14,17,0,31,2,23,36,0,61,12,0,12,73
06/10/2013,SMX,CA,AWP,WE,Federal Contract Tower,2,14,15,0,31,0,22,39,0,61,2,36,54,0,92,28,0,28,120
06/11/2013,SMX,CA,AWP,WE,Federal Contract Tower,0,28,15,0,43,0,15,42,0,57,0,43,57,0,100,26,0,26,126
06/12/2013,SMX,CA,AWP,WE,Federal Contract Tower,2,25,26,0,53,0,21,17,0,38,2,46,43,0,91,32,0,32,123
06/13/2013,SMX,CA,AWP,WE,Federal Contract Tower,2,23,17,0,42,0,9,28,0,37,2,32,45,0,79,34,0,34,113
06/14/2013,SMX,CA,AWP,WE,Federal Contract Tower,2,21,7,0,30,0,15,55,0,70,2,36,62,0,100,10,0,10,110
06/15/2013,SMX,CA,AWP,WE,Federal Contract Tower,2,13,14,0,29,0,6,20,0,26,2,19,34,0,55,22,0,22,77
06/16/2013,SMX,CA,AWP,WE,Federal Contract Tower,2,10,13,0,25,0,0,40,0,40,2,10,53,0,65,14,0,14,79
06/17/2013,SMX,CA,AWP,WE,Federal Contract Tower,2,17,9,1,29,0,25,23,0,48,2,42,32,1,77,18,0,18,95
06/18/2013,SMX,CA,AWP,WE,Federal Contract Tower,0,22,18,2,42,0,19,14,0,33,0,41,32,2,75,16,12,28,103
06/19/2013,SMX,CA,AWP,WE,Federal Contract Tower,2,16,13,0,31,0,22,17,0,39,2,38,30,0,70,4,0,4,74
06/20/2013,SMX,CA,AWP,WE,Federal Contract Tower,2,15,11,2,30,0,21,52,0,73,2,36,63,2,103,18,0,18,121
06/21/2013,SMX,CA,AWP,WE,Federal Contract Tower,2,18,13,0,33,0,16,45,0,61,2,34,58,0,94,54,0,54,148
06/22/2013,SMX,CA,AWP,WE,Federal Contract Tower,2,16,14,0,32,0,8,64,0,72,2,24,78,0,104,34,0,34,138
06/23/2013,SMX,CA,AWP,WE,Federal Contract Tower,1,8,27,0,36,0,3,23,0,26,1,11,50,0,62,10,0,10,72
06/24/2013,SMX,CA,AWP,WE,Federal Contract Tower,4,22,5,0,31,0,23,13,0,36,4,45,18,0,67,4,0,4,71
06/25/2013,SMX,CA,AWP,WE,Federal Contract Tower,20,14,1,0,35,0,41,37,0,78,20,55,38,0,113,44,0,44,157
06/26/2013,SMX,CA,AWP,WE,Federal Contract Tower,2,13,9,0,24,0,29,43,0,72,2,42,52,0,96,6,0,6,102
06/27/2013,SMX,CA,AWP,WE,Federal Contract Tower,2,13,5,0,20,0,34,44,0,78,2,47,49,0,98,56,0,56,154
06/28/2013,SMX,CA,AWP,WE,Federal Contract Tower,2,15,12,0,29,0,25,48,0,73,2,40,60,0,102,56,2,58,160
06/29/2013,SMX,CA,AWP,WE,Federal Contract Tower,2,8,5,0,15,0,14,53,0,67,2,22,58,0,82,56,0,56,138
06/30/2013,SMX,CA,AWP,WE,Federal Contract Tower,2,5,8,0,15,0,11,61,0,72,2,16,69,0,87,52,4,56,143
07/01/2013,SMX,CA,AWP,WE,Federal Contract Tower,2,15,11,0,28,0,10,26,0,36,2,25,37,0,64,16,0,16,80
07/02/2013,SMX,CA,AWP,WE,Federal Contract Tower,0,16,5,1,22,0,24,58,1,83,0,40,63,2,105,32,0,32,137
07/03/2013,SMX,CA,AWP,WE,Federal Contract Tower,2,20,15,0,37,0,7,57,0,64,2,27,72,0,101,40,0,40,141
07/04/2013,SMX,CA,AWP,WE,Federal Contract Tower,2,10,6,0,18,0,14,37,0,51,2,24,43,0,69,14,0,14,83
07/05/2013,SMX,CA,AWP,WE,Federal Contract Tower,2,16,6,0,24,0,5,44,0,49,2,21,50,0,73,22,0,22,95
07/06/2013,SMX,CA,AWP,WE,Federal Contract Tower,2,10,14,0,26,0,6,36,0,42,2,16,50,0,68,16,0,16,84
07/07/2013,SMX,CA,AWP,WE,Federal Contract Tower,2,9,13,0,24,0,10,34,0,44,2,19,47,0,68,34,0,34,102
07/08/2013,SMX,CA,AWP,WE,Federal Contract Tower,2,21,7,0,30,0,13,29,0,42,2,34,36,0,72,26,0,26,98
07/09/2013,SMX,CA,AWP,WE,Federal Contract Tower,0,23,9,1,33,0,24,17,0,41,0,47,26,1,74,24,2,26,100
07/10/2013,SMX,CA,AWP,WE,Federal Contract Tower,4,24,3,0,31,0,20,46,0,66,4,44,49,0,97,14,0,14,111
07/11/2013,SMX,CA,AWP,WE,Federal Contract Tower,2,29,17,2,50,0,16,44,0,60,2,45,61,2,110,74,10,84,194
07/12/2013,SMX,CA,AWP,WE,Federal Contract Tower,2,14,20,0,36,0,8,58,0,66,2,22,78,0,102,74,0,74,176
07/13/2013,SMX,CA,AWP,WE,Federal Contract Tower,2,9,14,2,27,0,8,71,0,79,2,17,85,2,106,64,0,64,170
07/14/2013,SMX,CA,AWP,WE,Federal Contract Tower,2,8,8,1,19,0,14,37,0,51,2,22,45,1,70,18,0,18,88
07/15/2013,SMX,CA,AWP,WE,Federal Contract Tower,3,27,10,1,41,0,10,29,0,39,3,37,39,1,80,8,0,8,88
07/16/2013,SMX,CA,AWP,WE,Federal Contract Tower,0,19,14,0,33,0,18,44,0,62,0,37,58,0,95,62,2,64,159
07/17/2013,SMX,CA,AWP,WE,Federal Contract Tower,4,26,9,0,39,0,16,79,0,95,4,42,88,0,134,29,0,29,163
07/18/2013,SMX,CA,AWP,WE,Federal Contract Tower,2,22,6,0,30,0,8,48,0,56,2,30,54,0,86,38,0,38,124
07/19/2013,SMX,CA,AWP,WE,Federal Contract Tower,2,22,4,0,28,0,11,51,0,62,2,33,55,0,90,34,2,36,126
07/20/2013,SMX,CA,AWP,WE,Federal Contract Tower,2,12,15,0,29,0,6,32,0,38,2,18,47,0,67,80,0,80,147
07/21/2013,SMX,CA,AWP,WE,Federal Contract Tower,2,10,10,0,22,0,4,61,0,65,2,14,71,0,87,68,0,68,155
07/22/2013,SMX,CA,AWP,WE,Federal Contract Tower,2,16,11,0,29,0,10,20,0,30,2,26,31,0,59,20,0,20,79
07/23/2013,SMX,CA,AWP,WE,Federal Contract Tower,0,27,10,0,37,0,14,34,0,48,0,41,44,0,85,2,0,2,87
07/24/2013,SMX,CA,AWP,WE,Federal Contract Tower,2,22,9,0,33,0,10,25,2,37,2,32,34,2,70,34,0,34,104
07/25/2013,SMX,CA,AWP,WE,Federal Contract Tower,2,24,14,0,40,0,4,41,0,45,2,28,55,0,85,12,0,12,97
07/26/2013,SMX,CA,AWP,WE,Federal Contract Tower,2,22,14,0,38,0,13,34,0,47,2,35,48,0,85,38,0,38,123
07/27/2013,SMX,CA,AWP,WE,Federal Contract Tower,2,14,21,2,39,0,10,36,0,46,2,24,57,2,85,61,0,61,146
07/28/2013,SMX,CA,AWP,WE,Federal Contract Tower,2,10,15,0,27,0,4,44,0,48,2,14,59,0,75,12,0,12,87
07/29/2013,SMX,CA,AWP,WE,Federal Contract Tower,2,20,10,0,32,0,17,15,0,32,2,37,25,0,64,44,0,44,108
07/30/2013,SMX,CA,AWP,WE,Federal Contract Tower,0,21,15,2,38,2,20,38,0,60,2,41,53,2,98,32,12,44,142
07/31/2013,SMX,CA,AWP,WE,Federal Contract Tower,0,23,22,0,45,0,11,30,0,41,0,34,52,0,86,32,0,32,118
08/01/2013,SMX,CA,AWP,WE,Federal Contract Tower,0,25,10,0,35,0,18,43,0,61,0,43,53,0,96,18,0,18,114
08/02/2013,SMX,CA,AWP,WE,Federal Contract Tower,4,24,8,0,36,0,11,44,0,55,4,35,52,0,91,38,0,38,129
08/03/2013,SMX,CA,AWP,WE,Federal Contract Tower,2,12,17,0,31,0,10,54,0,64,2,22,71,0,95,22,0,22,117
08/04/2013,SMX,CA,AWP,WE,Federal Contract Tower,2,11,12,2,27,0,5,26,0,31,2,16,38,2,58,14,0,14,72
08/05/2013,SMX,CA,AWP,WE,Federal Contract Tower,0,25,10,0,35,0,10,25,0,35,0,35,35,0,70,38,0,38,108
08/06/2013,SMX,CA,AWP,WE,Federal Contract Tower,2,25,13,0,40,0,20,18,0,38,2,45,31,0,78,14,0,14,92
08/07/2013,SMX,CA,AWP,WE,Federal Contract Tower,0,27,3,0,30,0,7,26,0,33,0,34,29,0,63,22,0,22,85
08/08/2013,SMX,CA,AWP,WE,Federal Contract Tower,2,27,18,1,48,0,9,39,0,48,2,36,57,1,96,14,24,38,134
08/09/2013,SMX,CA,AWP,WE,Federal Contract Tower,2,27,8,2,39,0,11,29,0,40,2,38,37,2,79,22,14,36,115
08/10/2013,SMX,CA,AWP,WE,Federal Contract Tower,2,15,16,0,33,0,10,48,0,58,2,25,64,0,91,20,0,20,111
08/11/2013,SMX,CA,AWP,WE,Federal Contract Tower,2,11,15,0,28,0,1,30,0,31,2,12,45,0,59,20,0,20,79
08/12/2013,SMX,CA,AWP,WE,Federal Contract Tower,0,17,12,0,29,0,24,36,0,60,0,41,48,0,89,18,0,18,107
08/13/2013,SMX,CA,AWP,WE,Federal Contract Tower,0,20,10,2,32,0,15,21,0,36,0,35,31,2,68,16,4,20,88
08/14/2013,SMX,CA,AWP,WE,Federal Contract Tower,2,24,4,1,31,0,22,54,0,76,2,46,58,1,107,54,10,64,171
08/15/2013,SMX,CA,AWP,WE,Federal Contract Tower,0,19,5,0,24,0,13,37,0,50,0,32,42,0,74,54,0,54,128
08/16/2013,SMX,CA,AWP,WE,Federal Contract Tower,2,18,14,0,34,0,20,63,0,83,2,38,77,0,117,70,0,70,187
08/17/2013,SMX,CA,AWP,WE,Federal Contract Tower,0,15,9,0,24,0,19,60,0,79,0,34,69,0,103,66,0,66,169
08/18/2013,SMX,CA,AWP,WE,Federal Contract Tower,2,6,15,0,23,0,1,41,0,42,2,7,56,0,65,58,0,58,123
08/19/2013,SMX,CA,AWP,WE,Federal Contract Tower,0,17,8,0,25,0,19,23,0,42,0,36,31,0,67,20,0,20,87
08/20/2013,SMX,CA,AWP,WE,Federal Contract Tower,0,24,8,0,32,0,19,30,0,49,0,43,38,0,81,28,2,30,111
08/21/2013,SMX,CA,AWP,WE,Federal Contract Tower,2,29,10,0,41,0,20,25,0,45,2,49,35,0,86,10,0,10,96
08/22/2013,SMX,CA,AWP,WE,Federal Contract Tower,0,16,6,0,22,0,31,52,0,83,0,47,58,0,105,44,0,44,149
08/23/2013,SMX,CA,AWP,WE,Federal Contract Tower,2,21,6,0,29,0,11,35,0,46,2,32,41,0,75,20,0,20,95
08/24/2013,SMX,CA,AWP,WE,Federal Contract Tower,0,10,5,0,15,0,11,53,0,64,0,21,58,0,79,50,0,50,129
08/25/2013,SMX,CA,AWP,WE,Federal Contract Tower,2,13,15,0,30,0,7,47,0,54,2,20,62,0,84,24,0,24,108
08/26/2013,SMX,CA,AWP,WE,Federal Contract Tower,0,18,13,0,31,0,10,24,0,34,0,28,37,0,65,38,0,38,103
08/27/2013,SMX,CA,AWP,WE,Federal Contract Tower,0,24,13,2,39,0,18,19,0,37,0,42,32,2,76,34,4,38,114
08/28/2013,SMX,CA,AWP,WE,Federal Contract Tower,2,14,21,2,39,0,19,51,0,70,2,33,72,2,109,42,2,44,153
08/29/2013,SMX,CA,AWP,WE,Federal Contract Tower,0,21,18,0,39,0,14,49,0,63,0,35,67,0,102,34,0,34,136
08/30/2013,SMX,CA,AWP,WE,Federal Contract Tower,2,14,8,2,26,0,28,61,0,89,2,42,69,2,115,46,0,46,161
08/31/2013,SMX,CA,AWP,WE,Federal Contract Tower,0,5,0,0,5,0,8,30,0,38,0,13,30,0,43,22,0,22,65
09/01/2013,SMX,CA,AWP,WE,Federal Contract Tower,2,3,8,0,13,0,9,45,0,54,2,12,53,0,67,20,0,20,87
09/02/2013,SMX,CA,AWP,WE,Federal Contract Tower,0,8,6,0,14,0,9,47,0,56,0,17,53,0,70,52,0,52,122
09/03/2013,SMX,CA,AWP,WE,Federal Contract Tower,0,15,7,0,22,0,30,42,0,72,0,45,49,0,94,32,0,32,126
09/04/2013,SMX,CA,AWP,WE,Federal Contract Tower,2,24,6,2,34,0,25,53,9,87,2,49,59,11,121,34,4,38,159
09/05/2013,SMX,CA,AWP,WE,Federal Contract Tower,0,18,16,0,34,0,20,45,0,65,0,38,61,0,99,24,0,24,123
09/06/2013,SMX,CA,AWP,WE,Federal Contract Tower,2,14,7,4,27,0,23,58,0,81,2,37,65,4,108,22,4,26,134
09/07/2013,SMX,CA,AWP,WE,Federal Contract Tower,0,7,8,0,15,0,2,58,2,62,0,9,66,2,77,22,0,22,99
09/08/2013,SMX,CA,AWP,WE,Federal Contract Tower,2,9,10,0,21,0,9,53,0,62,2,18,63,0,83,26,0,26,109
09/09/2013,SMX,CA,AWP,WE,Federal Contract Tower,0,17,13,0,30,0,2,30,0,32,0,19,43,0,62,18,0,18,80
09/10/2013,SMX,CA,AWP,WE,Federal Contract Tower,0,28,11,4,43,0,14,22,2,38,0,42,33,6,81,18,10,28,109
09/11/2013,SMX,CA,AWP,WE,Federal Contract Tower,2,28,21,0,51,0,16,21,0,37,2,44,42,0,88,12,0,12,100
09/12/2013,SMX,CA,AWP,WE,Federal Contract Tower,2,26,22,0,50,0,3,37,0,40,2,29,59,0,90,34,0,34,124
09/13/2013,SMX,CA,AWP,WE,Federal Contract Tower,2,23,11,1,37,0,13,66,0,79,2,36,77,1,116,124,4,128,244
09/14/2013,SMX,CA,AWP,WE,Federal Contract Tower,0,10,9,0,19,0,10,44,0,54,0,20,53,0,73,66,0,66,139
09/15/2013,SMX,CA,AWP,WE,Federal Contract Tower,2,15,6,0,23,0,16,46,0,62,2,31,52,0,85,92,0,92,177
09/16/2013,SMX,CA,AWP,WE,Federal Contract Tower,0,19,13,0,32,0,7,36,0,43,0,26,49,0,75,46,0,46,121
09/17/2013,SMX,CA,AWP,WE,Federal Contract Tower,0,33,17,2,52,0,24,27,0,51,0,57,44,2,103,4,6,10,113
09/18/2013,SMX,CA,AWP,WE,Federal Contract Tower,2,30,6,0,38,0,26,31,0,57,2,56,37,0,95,38,0,38,133
09/19/2013,SMX,CA,AWP,WE,Federal Contract Tower,0,15,4,0,19,0,20,82,1,103,0,35,86,1,122,22,0,22,144
09/20/2013,SMX,CA,AWP,WE,Federal Contract Tower,0,27,12,0,39,0,11,17,0,28,0,38,29,0,67,34,0,34,101
09/21/2013,SMX,CA,AWP,WE,Federal Contract Tower,2,11,7,0,20,0,15,29,0,44,2,26,36,0,64,14,0,14,78
09/22/2013,SMX,CA,AWP,WE,Federal Contract Tower,2,12,6,3,23,0,6,45,1,52,2,18,51,4,75,36,0,36,111
09/23/2013,SMX,CA,AWP,WE,Federal Contract Tower,0,17,11,0,28,0,20,32,6,58,0,37,43,6,86,66,0,66,152
09/24/2013,SMX,CA,AWP,WE,Federal Contract Tower,0,18,4,0,22,0,24,41,0,65,0,42,45,0,87,22,0,22,109
09/25/2013,SMX,CA,AWP,WE,Federal Contract Tower,2,18,5,0,25,0,27,43,0,70,2,45,48,0,95,10,0,10,105
09/26/2013,SMX,CA,AWP,WE,Federal Contract Tower,0,19,6,0,25,0,22,56,0,78,0,41,62,0,103,12,0,12,115
09/27/2013,SMX,CA,AWP,WE,Federal Contract Tower,2,19,5,0,26,0,16,50,0,66,2,35,55,0,92,78,0,78,170
09/28/2013,SMX,CA,AWP,WE,Federal Contract Tower,0,2,7,0,9,0,12,49,0,61,0,14,56,0,70,76,0,76,146
09/29/2013,SMX,CA,AWP,WE,Federal Contract Tower,2,7,8,0,17,0,8,59,0,67,2,15,67,0,84,52,0,52,136
09/30/2013,SMX,CA,AWP,WE,Federal Contract Tower,0,16,7,0,23,0,27,25,0,52,0,43,32,0,75,30,0,30,105
10/01/2013,SMX,CA,AWP,WE,Federal Contract Tower,0,29,7,0,36,0,18,27,0,45,0,47,34,0,81,46,0,46,127
10/02/2013,SMX,CA,AWP,WE,Federal Contract Tower,2,30,12,2,46,0,11,31,0,42,2,41,43,2,88,24,4,28,116
10/03/2013,SMX,CA,AWP,WE,Federal Contract Tower,2,21,11,0,34,0,16,52,0,68,2,37,63,0,102,44,0,44,146
10/04/2013,SMX,CA,AWP,WE,Federal Contract Tower,2,22,5,0,29,0,25,70,0,95,2,47,75,0,124,58,18,76,200
10/05/2013,SMX,CA,AWP,WE,Federal Contract Tower,2,5,9,0,16,0,14,46,0,60,2,19,55,0,76,26,0,26,102
10/06/2013,SMX,CA,AWP,WE,Federal Contract Tower,2,6,6,0,14,0,8,62,0,70,2,14,68,0,84,32,0,32,116
10/07/2013,SMX,CA,AWP,WE,Federal Contract Tower,0,19,4,0,23,0,23,49,0,72,0,42,53,0,95,36,0,36,131
10/08/2013,SMX,CA,AWP,WE,Federal Contract Tower,0,28,21,1,50,0,12,22,0,34,0,40,43,1,84,14,22,36,120
10/09/2013,SMX,CA,AWP,WE,Federal Contract Tower,2,16,14,0,32,0,20,10,0,30,2,36,24,0,62,24,0,24,86
10/10/2013,SMX,CA,AWP,WE,Federal Contract Tower,0,14,10,0,24,0,17,35,0,52,0,31,45,0,76,6,0,6,82
10/11/2013,SMX,CA,AWP,WE,Federal Contract Tower,3,15,7,1,26,0,22,44,0,66,3,37,51,1,92,28,2,30,122
10/12/2013,SMX,CA,AWP,WE,Federal Contract Tower,0,6,12,0,18,0,11,37,0,48,0,17,49,0,66,24,0,24,90
10/13/2013,SMX,CA,AWP,WE,Federal Contract Tower,2,9,9,0,20,0,6,27,0,33,2,15,36,0,53,0,0,0,53
10/14/2013,SMX,CA,AWP,WE,Federal Contract Tower,0,12,7,0,19,0,23,31,0,54,0,35,38,0,73,58,0,58,131
10/15/2013,SMX,CA,AWP,WE,Federal Contract Tower,0,18,8,1,27,0,34,55,0,89,0,52,63,1,116,54,2,56,172
10/16/2013,SMX,CA,AWP,WE,Federal Contract Tower,2,16,6,0,24,0,21,25,0,46,2,37,31,0,70,16,0,16,86
10/17/2013,SMX,CA,AWP,WE,Federal Contract Tower,0,16,6,4,26,0,19,65,0,84,0,35,71,4,110,52,2,54,164
10/18/2013,SMX,CA,AWP,WE,Federal Contract Tower,6,14,3,0,23,0,31,57,0,88,6,45,60,0,111,58,0,58,169
10/19/2013,SMX,CA,AWP,WE,Federal Contract Tower,1,11,15,0,27,0,12,58,0,70,1,23,73,0,97,72,0,72,169
10/20/2013,SMX,CA,AWP,WE,Federal Contract Tower,2,8,10,0,20,0,4,27,0,31,2,12,37,0,51,20,0,20,71
10/21/2013,SMX,CA,AWP,WE,Federal Contract Tower,2,22,11,0,35,0,13,34,0,47,2,35,45,0,82,36,0,36,118
10/22/2013,SMX,CA,AWP,WE,Federal Contract Tower,0,24,11,0,35,0,20,23,0,43,0,44,34,0,78,36,0,36,114
10/23/2013,SMX,CA,AWP,WE,Federal Contract Tower,2,25,19,5,51,0,13,12,0,25,2,38,31,5,76,32,0,32,108
10/24/2013,SMX,CA,AWP,WE,Federal Contract Tower,1,22,19,0,42,0,16,27,0,43,1,38,46,0,85,48,0,48,133
10/25/2013,SMX,CA,AWP,WE,Federal Contract Tower,4,28,26,0,58,0,6,47,0,53,4,34,73,0,111,72,0,72,183
10/26/2013,SMX,CA,AWP,WE,Federal Contract Tower,0,8,17,0,25,0,2,56,0,58,0,10,73,0,83,62,0,62,145
10/27/2013,SMX,CA,AWP,WE,Federal Contract Tower,2,11,31,0,44,0,1,7,0,8,2,12,38,0,52,6,0,6,58
10/28/2013,SMX,CA,AWP,WE,Federal Contract Tower,0,17,19,3,39,0,10,12,0,22,0,27,31,3,61,0,14,14,75
10/29/2013,SMX,CA,AWP,WE,Federal Contract Tower,0,20,8,1,29,0,22,45,0,67,0,42,53,1,96,50,2,52,148
10/30/2013,SMX,CA,AWP,WE,Federal Contract Tower,2,16,18,2,38,0,24,35,0,59,2,40,53,2,97,64,0,64,161
10/31/2013,SMX,CA,AWP,WE,Federal Contract Tower,0,17,9,0,26,0,29,64,0,93,0,46,73,0,119,76,0,76,195
11/01/2013,SMX,CA,AWP,WE,Federal Contract Tower,2,13,4,2,21,0,19,51,2,72,2,32,55,4,93,22,0,22,115
11/02/2013,SMX,CA,AWP,WE,Federal Contract Tower,0,9,11,1,21,0,15,50,0,65,0,24,61,1,86,62,2,64,150
11/03/2013,SMX,CA,AWP,WE,Federal Contract Tower,2,8,2,0,12,0,12,44,0,56,2,20,46,0,68,28,0,28,96
11/04/2013,SMX,CA,AWP,WE,Federal Contract Tower,0,14,7,1,22,0,18,31,0,49,0,32,38,1,71,18,14,32,103
11/05/2013,SMX,CA,AWP,WE,Federal Contract Tower,0,16,12,0,28,0,26,29,0,55,0,42,41,0,83,50,0,50,133
11/06/2013,SMX,CA,AWP,WE,Federal Contract Tower,2,14,9,0,25,0,22,29,3,54,2,36,38,3,79,12,0,12,91
11/07/2013,SMX,CA,AWP,WE,Federal Contract Tower,0,15,8,0,23,0,22,39,2,63,0,37,47,2,86,12,0,12,98
11/08/2013,SMX,CA,AWP,WE,Federal Contract Tower,2,15,10,1,28,0,17,54,5,76,2,32,64,6,104,94,0,94,198
11/09/2013,SMX,CA,AWP,WE,Federal Contract Tower,0,5,9,0,14,0,15,59,0,74,0,20,68,0,88,56,0,56,144
11/10/2013,SMX,CA,AWP,WE,Federal Contract Tower,2,6,11,0,19,0,7,50,0,57,2,13,61,0,76,36,0,36,112
11/11/2013,SMX,CA,AWP,WE,Federal Contract Tower,0,13,8,0,21,0,20,38,0,58,0,33,46,0,79,28,0,28,107
11/12/2013,SMX,CA,AWP,WE,Federal Contract Tower,0,16,8,0,24,0,21,48,0,69,0,37,56,0,93,4,0,4,97
11/13/2013,SMX,CA,AWP,WE,Federal Contract Tower,2,15,3,0,20,0,27,37,0,64,2,42,40,0,84,8,0,8,92
11/14/2013,SMX,CA,AWP,WE,Federal Contract Tower,0,20,12,0,32,0,18,28,0,46,0,38,40,0,78,18,0,18,96
11/15/2013,SMX,CA,AWP,WE,Federal Contract Tower,3,22,12,0,37,0,19,46,0,65,3,41,58,0,102,14,0,14,116
11/16/2013,SMX,CA,AWP,WE,Federal Contract Tower,1,6,8,2,17,0,16,19,0,35,1,22,27,2,52,28,2,30,82
11/17/2013,SMX,CA,AWP,WE,Federal Contract Tower,2,6,9,1,18,0,17,63,0,80,2,23,72,1,98,48,2,50,148
11/18/2013,SMX,CA,AWP,WE,Federal Contract Tower,0,15,9,0,24,0,32,22,0,54,0,47,31,0,78,30,0,30,108
11/19/2013,SMX,CA,AWP,WE,Federal Contract Tower,0,20,5,0,25,0,17,10,0,27,0,37,15,0,52,16,16,32,84
11/20/2013,SMX,CA,AWP,WE,Federal Contract Tower,2,23,8,2,35,0,20,7,0,27,2,43,15,2,62,0,4,4,66
11/21/2013,SMX,CA,AWP,WE,Federal Contract Tower,0,19,17,3,39,0,17,8,0,25,0,36,25,3,64,4,6,10,74
11/22/2013,SMX,CA,AWP,WE,Federal Contract Tower,2,16,8,0,26,0,23,22,0,45,2,39,30,0,71,12,0,12,83
11/23/2013,SMX,CA,AWP,WE,Federal Contract Tower,0,13,10,0,23,0,10,65,0,75,0,23,75,0,98,58,0,58,156
11/24/2013,SMX,CA,AWP,WE,Federal Contract Tower,2,6,4,1,13,0,13,46,0,59,2,19,50,1,72,8,2,10,82
11/25/2013,SMX,CA,AWP,WE,Federal Contract Tower,0,13,8,0,21,0,21,53,0,74,0,34,61,0,95,32,0,32,127
11/26/2013,SMX,CA,AWP,WE,Federal Contract Tower,0,19,13,0,32,0,24,31,0,55,0,43,44,0,87,12,16,28,115
11/27/2013,SMX,CA,AWP,WE,Federal Contract Tower,2,19,10,0,31,0,25,40,0,65,2,44,50,0,96,6,0,6,102
11/28/2013,SMX,CA,AWP,WE,Federal Contract Tower,0,3,1,0,4,0,11,19,0,30,0,14,20,0,34,28,0,28,62
11/29/2013,SMX,CA,AWP,WE,Federal Contract Tower,2,18,8,0,28,0,16,26,0,42,2,34,34,0,70,4,0,4,74
11/30/2013,SMX,CA,AWP,WE,Federal Contract Tower,0,11,5,0,16,0,13,48,0,61,0,24,53,0,77,68,0,68,145
12/01/2013,SMX,CA,AWP,WE,Federal Contract Tower,2,6,9,0,17,0,9,51,0,60,2,15,60,0,77,34,0,34,111
12/02/2013,SMX,CA,AWP,WE,Federal Contract Tower,0,14,10,3,27,0,15,25,2,42,0,29,35,5,69,20,18,38,107
12/03/2013,SMX,CA,AWP,WE,Federal Contract Tower,0,25,11,1,37,0,20,27,4,51,0,45,38,5,88,14,32,46,134
12/04/2013,SMX,CA,AWP,WE,Federal Contract Tower,2,18,8,0,28,0,34,50,2,86,2,52,58,2,114,42,0,42,156
12/05/2013,SMX,CA,AWP,WE,Federal Contract Tower,0,19,15,0,34,0,19,39,0,58,0,38,54,0,92,28,0,28,120
12/06/2013,SMX,CA,AWP,WE,Federal Contract Tower,2,16,15,0,33,0,19,38,0,57,2,35,53,0,90,42,0,42,132
12/07/2013,SMX,CA,AWP,WE,Federal Contract Tower,0,8,10,0,18,0,15,28,0,43,0,23,38,0,61,24,0,24,85
12/08/2013,SMX,CA,AWP,WE,Federal Contract Tower,2,5,4,0,11,0,4,33,0,37,2,9,37,0,48,0,0,0,48
12/09/2013,SMX,CA,AWP,WE,Federal Contract Tower,0,18,8,0,26,0,22,29,0,51,0,40,37,0,77,10,0,10,87
12/10/2013,SMX,CA,AWP,WE,Federal Contract Tower,0,16,11,0,27,0,27,30,0,57,0,43,41,0,84,6,12,18,102
12/11/2013,SMX,CA,AWP,WE,Federal Contract Tower,2,25,18,3,48,0,29,39,0,68,2,54,57,3,116,64,32,96,212
12/12/2013,SMX,CA,AWP,WE,Federal Contract Tower,0,21,4,0,25,0,18,29,0,47,0,39,33,0,72,36,0,36,108
12/13/2013,SMX,CA,AWP,WE,Federal Contract Tower,2,18,13,0,33,0,14,53,1,68,2,32,66,1,101,62,0,62,163
12/14/2013,SMX,CA,AWP,WE,Federal Contract Tower,0,6,15,0,21,0,5,46,0,51,0,11,61,0,72,46,0,46,118
12/15/2013,SMX,CA,AWP,WE,Federal Contract Tower,2,4,6,0,12,0,4,45,0,49,2,8,51,0,61,24,0,24,85
12/16/2013,SMX,CA,AWP,WE,Federal Contract Tower,0,14,7,1,22,0,18,19,0,37,0,32,26,1,59,22,38,60,119
12/17/2013,SMX,CA,AWP,WE,Federal Contract Tower,0,23,11,2,36,0,30,51,0,81,0,53,62,2,117,52,4,56,173
12/18/2013,SMX,CA,AWP,WE,Federal Contract Tower,2,24,20,0,46,0,13,8,0,21,2,37,28,0,67,6,0,6,73
12/19/2013,SMX,CA,AWP,WE,Federal Contract Tower,0,21,11,0,32,0,19,12,0,31,0,40,23,0,63,16,0,16,79
12/20/2013,SMX,CA,AWP,WE,Federal Contract Tower,2,22,8,0,32,0,13,49,6,68,2,35,57,6,100,44,4,48,148
12/21/2013,SMX,CA,AWP,WE,Federal Contract Tower,0,10,7,0,17,0,26,58,0,84,0,36,65,0,101,46,0,46,147
12/22/2013,SMX,CA,AWP,WE,Federal Contract Tower,2,5,1,0,8,0,6,33,0,39,2,11,34,0,47,18,0,18,65
12/23/2013,SMX,CA,AWP,WE,Federal Contract Tower,0,14,8,2,24,0,15,29,1,45,0,29,37,3,69,28,16,44,113
12/24/2013,SMX,CA,AWP,WE,Federal Contract Tower,2,15,3,0,20,0,40,37,0,77,2,55,40,0,97,30,0,30,127
12/25/2013,SMX,CA,AWP,WE,Federal Contract Tower,0,3,4,0,7,0,11,17,0,28,0,14,21,0,35,20,0,20,55
12/26/2013,SMX,CA,AWP,WE,Federal Contract Tower,0,13,10,0,23,0,23,51,0,74,0,36,61,0,97,40,0,40,137
12/27/2013,SMX,CA,AWP,WE,Federal Contract Tower,2,15,8,0,25,0,29,46,0,75,2,44,54,0,100,42,0,42,142
12/28/2013,SMX,CA,AWP,WE,Federal Contract Tower,0,7,7,0,14,0,8,57,0,65,0,15,64,0,79,30,0,30,109
12/29/2013,SMX,CA,AWP,WE,Federal Contract Tower,2,7,5,0,14,0,9,37,0,46,2,16,42,0,60,26,0,26,86
12/30/2013,SMX,CA,AWP,WE,Federal Contract Tower,0,12,10,0,22,0,20,55,0,75,0,32,65,0,97,52,26,78,175
12/31/2013,SMX,CA,AWP,WE,Federal Contract Tower,2,14,5,0,21,0,21,40,0,61,2,35,45,0,82,38,0,38,120
01/01/2014,SMX,CA,AWP,WE,Federal Contract Tower,0,4,0,0,4,0,11,27,0,38,0,15,27,0,42,6,0,6,48
01/02/2014,SMX,CA,AWP,WE,Federal Contract Tower,0,14,4,0,18,0,22,29,0,51,0,36,33,0,69,24,0,24,93
01/03/2014,SMX,CA,AWP,WE,Federal Contract Tower,1,14,12,4,31,0,17,54,0,71,1,31,66,4,102,16,30,46,148
01/04/2014,SMX,CA,AWP,WE,Federal Contract Tower,0,7,4,0,11,0,1,53,0,54,0,8,57,0,65,14,0,14,79
01/05/2014,SMX,CA,AWP,WE,Federal Contract Tower,2,9,11,0,22,0,3,49,0,52,2,12,60,0,74,40,0,40,114
01/06/2014,SMX,CA,AWP,WE,Federal Contract Tower,0,17,4,2,23,0,23,35,0,58,0,40,39,2,81,16,0,16,97
01/07/2014,SMX,CA,AWP,WE,Federal Contract Tower,0,18,5,1,24,0,19,24,0,43,0,37,29,1,67,18,2,20,87
01/08/2014,SMX,CA,AWP,WE,Federal Contract Tower,2,17,8,0,27,0,20,30,0,50,2,37,38,0,77,6,0,6,83
01/09/2014,SMX,CA,AWP,WE,Federal Contract Tower,0,26,12,0,38,0,25,26,0,51,0,51,38,0,89,12,0,12,101
01/10/2014,SMX,CA,AWP,WE,Federal Contract Tower,2,16,11,1,30,0,15,32,0,47,2,31,43,1,77,32,0,32,109
01/11/2014,SMX,CA,AWP,WE,Federal Contract Tower,0,7,12,0,19,0,18,40,0,58,0,25,52,0,77,20,0,20,97
01/12/2014,SMX,CA,AWP,WE,Federal Contract Tower,2,13,6,3,24,0,8,18,0,26,2,21,24,3,50,4,0,4,54
01/13/2014,SMX,CA,AWP,WE,Federal Contract Tower,0,22,10,0,32,0,19,39,0,58,0,41,49,0,90,6,0,6,96
01/14/2014,SMX,CA,AWP,WE,Federal Contract Tower,0,20,8,0,28,0,30,24,0,54,0,50,32,0,82,64,0,64,146
01/15/2014,SMX,CA,AWP,WE,Federal Contract Tower,2,22,20,1,45,0,18,59,0,77,2,40,79,1,122,96,0,96,218
01/16/2014,SMX,CA,AWP,WE,Federal Contract Tower,0,18,9,0,27,0,22,37,0,59,0,40,46,0,86,64,22,86,172
01/17/2014,SMX,CA,AWP,WE,Federal Contract Tower,2,17,5,0,24,0,19,55,0,74,2,36,60,0,98,72,0,72,170
01/18/2014,SMX,CA,AWP,WE,Federal Contract Tower,1,8,9,0,18,0,18,61,0,79,1,26,70,0,97,28,0,28,125
01/19/2014,SMX,CA,AWP,WE,Federal Contract Tower,2,9,7,0,18,0,4,38,0,42,2,13,45,0,60,24,0,24,84
01/20/2014,SMX,CA,AWP,WE,Federal Contract Tower,0,16,5,1,22,0,30,42,1,73,0,46,47,2,95,28,0,28,123
01/21/2014,SMX,CA,AWP,WE,Federal Contract Tower,0,21,8,0,29,0,19,31,0,50,0,40,39,0,79,20,0,20,99
01/22/2014,SMX,CA,AWP,WE,Federal Contract Tower,2,13,10,0,25,0,22,39,0,61,2,35,49,0,86,70,0,70,156
01/23/2014,SMX,CA,AWP,WE,Federal Contract Tower,0,21,16,0,37,0,22,50,0,72,0,43,66,0,109,36,0,36,145
01/24/2014,SMX,CA,AWP,WE,Federal Contract Tower,2,14,15,0,31,0,20,35,0,55,2,34,50,0,86,34,24,58,144
01/25/2014,SMX,CA,AWP,WE,Federal Contract Tower,0,9,11,0,20,0,11,59,0,70,0,20,70,0,90,88,0,88,178
01/26/2014,SMX,CA,AWP,WE,Federal Contract Tower,2,10,4,0,16,0,11,44,0,55,2,21,48,0,71,62,0,62,133
01/27/2014,SMX,CA,AWP,WE,Federal Contract Tower,0,19,19,1,39,0,16,30,8,54,0,35,49,9,93,32,0,32,125
01/28/2014,SMX,CA,AWP,WE,Federal Contract Tower,0,17,16,1,34,0,27,24,0,51,0,44,40,1,85,14,2,16,101
01/29/2014,SMX,CA,AWP,WE,Federal Contract Tower,2,14,9,0,25,0,27,35,0,62,2,41,44,0,87,32,0,32,119
01/30/2014,SMX,CA,AWP,WE,Federal Contract Tower,0,33,25,0,58,0,12,12,0,24,0,45,37,0,82,34,0,34,116
01/31/2014,SMX,CA,AWP,WE,Federal Contract Tower,2,16,15,0,33,0,20,36,0,56,2,36,51,0,89,24,0,24,113
02/01/2014,SMX,CA,AWP,WE,Federal Contract Tower,0,5,11,0,16,0,9,52,0,61,0,14,63,0,77,26,0,26,103
02/02/2014,SMX,CA,AWP,WE,Federal Contract Tower,2,7,8,0,17,0,3,20,0,23,2,10,28,0,40,4,0,4,44
02/03/2014,SMX,CA,AWP,WE,Federal Contract Tower,0,15,14,0,29,0,21,24,0,45,0,36,38,0,74,24,0,24,98
02/04/2014,SMX,CA,AWP,WE,Federal Contract Tower,0,19,13,0,32,0,13,33,3,49,0,32,46,3,81,30,0,30,111
02/05/2014,SMX,CA,AWP,WE,Federal Contract Tower,2,14,16,0,32,0,24,48,0,72,2,38,64,0,104,46,0,46,150
02/06/2014,SMX,CA,AWP,WE,Federal Contract Tower,0,27,13,0,40,0,8,3,0,11,0,35,16,0,51,4,0,4,55
02/07/2014,SMX,CA,AWP,WE,Federal Contract Tower,2,25,17,1,45,0,12,22,0,34,2,37,39,1,79,30,0,30,109
02/08/2014,SMX,CA,AWP,WE,Federal Contract Tower,2,7,20,1,30,0,4,11,0,15,2,11,31,1,45,8,0,8,53
02/09/2014,SMX,CA,AWP,WE,Federal Contract Tower,2,10,18,0,30,0,5,22,0,27,2,15,40,0,57,28,0,28,85
02/10/2014,SMX,CA,AWP,WE,Federal Contract Tower,0,25,8,0,33,0,9,14,0,23,0,34,22,0,56,10,40,50,106
02/11/2014,SMX,CA,AWP,WE,Federal Contract Tower,0,19,10,0,29,0,33,40,0,73,0,52,50,0,102,32,0,32,134
02/12/2014,SMX,CA,AWP,WE,Federal Contract Tower,2,21,12,0,35,0,23,46,0,69,2,44,58,0,104,60,0,60,164
02/13/2014,SMX,CA,AWP,WE,Federal Contract Tower,0,19,9,0,28,0,21,35,0,56,0,40,44,0,84,42,0,42,126
02/14/2014,SMX,CA,AWP,WE,Federal Contract Tower,2,11,10,0,23,0,4,51,0,55,2,15,61,0,78,12,0,12,90
02/15/2014,SMX,CA,AWP,WE,Federal Contract Tower,0,5,2,0,7,0,13,37,0,50,0,18,39,0,57,90,0,90,147
02/16/2014,SMX,CA,AWP,WE,Federal Contract Tower,2,7,0,0,9,0,13,35,0,48,2,20,35,0,57,50,0,50,107
02/17/2014,SMX,CA,AWP,WE,Federal Contract Tower,0,15,4,0,19,0,16,37,0,53,0,31,41,0,72,24,0,24,96
02/18/2014,SMX,CA,AWP,WE,Federal Contract Tower,0,27,13,0,40,0,29,36,0,65,0,56,49,0,105,22,0,22,127
02/19/2014,SMX,CA,AWP,WE,Federal Contract Tower,2,19,8,0,29,0,27,23,0,50,2,46,31,0,79,16,0,16,95
02/20/2014,SMX,CA,AWP,WE,Federal Contract Tower,0,20,11,0,31,0,26,40,0,66,0,46,51,0,97,20,0,20,117
02/21/2014,SMX,CA,AWP,WE,Federal Contract Tower,2,17,12,0,31,0,26,56,2,84,2,43,68,2,115,44,0,44,159
02/22/2014,SMX,CA,AWP,WE,Federal Contract Tower,0,5,9,0,14,0,9,69,0,78,0,14,78,0,92,0,0,0,92
02/23/2014,SMX,CA,AWP,WE,Federal Contract Tower,2,7,10,0,19,0,8,66,0,74,2,15,76,0,93,48,0,48,141
02/24/2014,SMX,CA,AWP,WE,Federal Contract Tower,0,16,8,0,24,0,18,25,0,43,0,34,33,0,67,10,0,10,77
02/25/2014,SMX,CA,AWP,WE,Federal Contract Tower,0,28,21,0,49,0,19,23,0,42,0,47,44,0,91,10,0,10,101
02/26/2014,SMX,CA,AWP,WE,Federal Contract Tower,2,20,8,0,30,0,23,5,0,28,2,43,13,0,58,2,0,2,60
02/27/2014,SMX,CA,AWP,WE,Federal Contract Tower,0,17,16,4,37,0,15,26,0,41,0,32,42,4,78,18,0,18,96
02/28/2014,SMX,CA,AWP,WE,Federal Contract Tower,2,22,7,0,31,0,16,1,0,17,2,38,8,0,48,2,0,2,50
03/01/2014,SMX,CA,AWP,WE,Federal Contract Tower,0,9,5,0,14,0,3,0,0,3,0,12,5,0,17,0,0,0,17
03/02/2014,SMX,CA,AWP,WE,Federal Contract Tower,2,13,6,0,21,0,3,1,0,4,2,16,7,0,25,2,0,2,27
03/03/2014,SMX,CA,AWP,WE,Federal Contract Tower,0,21,18,0,39,0,11,18,0,29,0,32,36,0,68,8,0,8,76
03/04/2014,SMX,CA,AWP,WE,Federal Contract Tower,0,24,12,1,37,0,24,18,0,42,0,48,30,1,79,26,0,26,105
03/05/2014,SMX,CA,AWP,WE,Federal Contract Tower,2,23,10,0,35,0,11,34,0,45,2,34,44,0,80,58,0,58,138
03/06/2014,SMX,CA,AWP,WE,Federal Contract Tower,0,29,12,2,43,0,18,17,0,35,0,47,29,2,78,34,0,34,112
03/07/2014,SMX,CA,AWP,WE,Federal Contract Tower,2,27,8,3,40,0,26,26,4,56,2,53,34,7,96,60,2,62,158
03/08/2014,SMX,CA,AWP,WE,Federal Contract Tower,0,6,13,0,19,0,11,65,0,76,0,17,78,0,95,78,0,78,173
03/09/2014,SMX,CA,AWP,WE,Federal Contract Tower,2,10,10,0,22,0,13,40,0,53,2,23,50,0,75,62,0,62,137
03/10/2014,SMX,CA,AWP,WE,Federal Contract Tower,0,12,7,0,19,0,17,31,0,48,0,29,38,0,67,10,0,10,77
03/11/2014,SMX,CA,AWP,WE,Federal Contract Tower,0,20,2,2,24,0,26,30,0,56,0,46,32,2,80,12,4,16,96
03/12/2014,SMX,CA,AWP,WE,Federal Contract Tower,2,18,15,0,35,0,21,53,0,74,2,39,68,0,109,38,0,38,147
03/13/2014,SMX,CA,AWP,WE,Federal Contract Tower,0,24,11,2,37,0,21,45,0,66,0,45,56,2,103,52,10,62,165
03/14/2014,SMX,CA,AWP,WE,Federal Contract Tower,2,22,11,2,37,0,10,58,0,68,2,32,69,2,105,24,6,30,135
03/15/2014,SMX,CA,AWP,WE,Federal Contract Tower,0,4,7,0,11,0,17,67,0,84,0,21,74,0,95,46,0,46,141
03/16/2014,SMX,CA,AWP,WE,Federal Contract Tower,3,9,6,0,18,0,10,57,0,67,3,19,63,0,85,22,0,22,107
03/17/2014,SMX,CA,AWP,WE,Federal Contract Tower,1,17,5,0,23,0,22,23,0,45,1,39,28,0,68,20,0,20,88
03/18/2014,SMX,CA,AWP,WE,Federal Contract Tower,0,15,7,0,22,0,32,28,0,60,0,47,35,0,82,14,0,14,96
03/19/2014,SMX,CA,AWP,WE,Federal Contract Tower,2,19,6,0,27,0,24,43,0,67,2,43,49,0,94,28,0,28,122
03/20/2014,SMX,CA,AWP,WE,Federal Contract Tower,0,22,5,2,29,0,28,35,0,63,0,50,40,2,92,18,0,18,110
03/21/2014,SMX,CA,AWP,WE,Federal Contract Tower,2,29,14,1,46,0,10,24,2,36,2,39,38,3,82,32,2,34,116
03/22/2014,SMX,CA,AWP,WE,Federal Contract Tower,1,10,12,0,23,0,16,38,0,54,1,26,50,0,77,42,0,42,119
03/23/2014,SMX,CA,AWP,WE,Federal Contract Tower,3,12,9,0,24,0,12,47,0,59,3,24,56,0,83,44,0,44,127
03/24/2014,SMX,CA,AWP,WE,Federal Contract Tower,0,27,9,0,36,0,18,21,2,41,0,45,30,2,77,16,0,16,93
03/25/2014,SMX,CA,AWP,WE,Federal Contract Tower,0,28,17,0,45,0,20,27,0,47,0,48,44,0,92,18,0,18,110
03/26/2014,SMX,CA,AWP,WE,Federal Contract Tower,2,21,12,0,35,0,25,7,0,32,2,46,19,0,67,0,0,0,67
03/27/2014,SMX,CA,AWP,WE,Federal Contract Tower,0,24,8,0,32,0,25,38,0,63,0,49,46,0,95,42,0,42,137
03/28/2014,SMX,CA,AWP,WE,Federal Contract Tower,2,17,12,0,31,0,15,33,0,48,2,32,45,0,79,44,0,44,123
03/29/2014,SMX,CA,AWP,WE,Federal Contract Tower,0,6,4,0,10,0,11,48,0,59,0,17,52,0,69,46,0,46,115
03/30/2014,SMX,CA,AWP,WE,Federal Contract Tower,2,6,8,0,16,0,14,29,4,47,2,20,37,4,63,14,0,14,77
03/31/2014,SMX,CA,AWP,WE,Federal Contract Tower,0,15,4,0,19,0,27,25,0,52,0,42,29,0,71,16,0,16,87
04/01/2014,SMX,CA,AWP,WE,Federal Contract Tower,0,14,7,0,21,0,25,11,0,36,0,39,18,0,57,0,0,0,57
04/02/2014,SMX,CA,AWP,WE,Federal Contract Tower,2,14,10,1,27,0,22,14,2,38,2,36,24,3,65,10,6,16,81
04/03/2014,SMX,CA,AWP,WE,Federal Contract Tower,0,11,16,2,29,0,23,42,0,65,0,34,58,2,94,34,0,34,128
04/04/2014,SMX,CA,AWP,WE,Federal Contract Tower,2,16,15,2,35,0,21,34,0,55,2,37,49,2,90,24,6,30,120
04/05/2014,SMX,CA,AWP,WE,Federal Contract Tower,0,5,2,0,7,0,17,60,0,77,0,22,62,0,84,34,0,34,118
04/06/2014,SMX,CA,AWP,WE,Federal Contract Tower,2,10,13,0,25,0,23,58,0,81,2,33,71,0,106,58,0,58,164
04/07/2014,SMX,CA,AWP,WE,Federal Contract Tower,0,12,13,0,25,0,27,38,0,65,0,39,51,0,90,44,0,44,134
04/08/2014,SMX,CA,AWP,WE,Federal Contract Tower,0,15,12,0,27,0,11,42,0,53,0,26,54,0,80,56,0,56,136
04/09/2014,SMX,CA,AWP,WE,Federal Contract Tower,2,15,15,0,32,0,26,32,0,58,2,41,47,0,90,36,0,36,126
04/10/2014,SMX,CA,AWP,WE,Federal Contract Tower,0,24,23,4,51,0,12,40,0,52,0,36,63,4,103,52,8,60,163
04/11/2014,SMX,CA,AWP,WE,Federal Contract Tower,2,25,9,0,36,0,15,32,0,47,2,40,41,0,83,38,0,38,121
04/12/2014,SMX,CA,AWP,WE,Federal Contract Tower,0,8,10,0,18,0,7,38,0,45,0,15,48,0,63,16,0,16,79
04/13/2014,SMX,CA,AWP,WE,Federal Contract Tower,2,10,8,0,20,0,15,43,0,58,2,25,51,0,78,38,0,38,116
04/14/2014,SMX,CA,AWP,WE,Federal Contract Tower,0,28,10,0,38,0,15,31,0,46,0,43,41,0,84,40,18,58,142
04/15/2014,SMX,CA,AWP,WE,Federal Contract Tower,0,20,6,0,26,0,22,37,0,59,0,42,43,0,85,8,0,8,93
04/16/2014,SMX,CA,AWP,WE,Federal Contract Tower,2,30,23,0,55,0,18,23,0,41,2,48,46,0,96,8,0,8,104
04/17/2014,SMX,CA,AWP,WE,Federal Contract Tower,0,27,25,2,54,0,10,6,0,16,0,37,31,2,70,6,4,10,80
04/18/2014,SMX,CA,AWP,WE,Federal Contract Tower,2,23,26,0,51,0,17,35,0,52,2,40,61,0,103,8,0,8,111
04/19/2014,SMX,CA,AWP,WE,Federal Contract Tower,0,6,10,0,16,0,5,36,0,41,0,11,46,0,57,42,0,42,99
04/20/2014,SMX,CA,AWP,WE,Federal Contract Tower,2,6,5,0,13,0,9,39,0,48,2,15,44,0,61,50,0,50,111
04/21/2014,SMX,CA,AWP,WE,Federal Contract Tower,0,13,8,0,21,0,24,42,0,66,0,37,50,0,87,30,0,30,117
04/22/2014,SMX,CA,AWP,WE,Federal Contract Tower,0,20,3,2,25,0,19,24,0,43,0,39,27,2,68,26,0,26,94
04/23/2014,SMX,CA,AWP,WE,Federal Contract Tower,2,15,11,0,28,0,18,37,5,60,2,33,48,5,88,28,0,28,116
04/24/2014,SMX,CA,AWP,WE,Federal Contract Tower,0,19,14,0,33,0,24,45,0,69,0,43,59,0,102,48,0,48,150
04/25/2014,SMX,CA,AWP,WE,Federal Contract Tower,2,18,11,0,31,0,13,17,0,30,2,31,28,0,61,32,0,32,93
04/26/2014,SMX,CA,AWP,WE,Federal Contract Tower,0,5,7,0,12,0,6,29,0,35,0,11,36,0,47,46,0,46,93
04/27/2014,SMX,CA,AWP,WE,Federal Contract Tower,2,9,12,0,23,0,10,38,0,48,2,19,50,0,71,24,0,24,95
04/28/2014,SMX,CA,AWP,WE,Federal Contract Tower,2,13,6,0,21,0,33,25,0,58,2,46,31,0,79,34,0,34,113
04/29/2014,SMX,CA,AWP,WE,Federal Contract Tower,0,15,14,0,29,0,18,27,0,45,0,33,41,0,74,36,0,36,110
04/30/2014,SMX,CA,AWP,WE,Federal Contract Tower,2,15,11,2,30,1,21,39,0,61,3,36,50,2,91,42,4,46,137
05/01/2014,SMX,CA,AWP,WE,Federal Contract Tower,0,19,5,0,24,0,22,69,0,91,0,41,74,0,115,94,0,94,209
05/02/2014,SMX,CA,AWP,WE,Federal Contract Tower,2,18,13,0,33,0,24,63,0,87,2,42,76,0,120,62,0,62,182
05/03/2014,SMX,CA,AWP,WE,Federal Contract Tower,0,4,10,0,14,0,18,66,0,84,0,22,76,0,98,76,0,76,174
05/04/2014,SMX,CA,AWP,WE,Federal Contract Tower,2,8,12,0,22,0,12,53,0,65,2,20,65,0,87,50,0,50,137
05/05/2014,SMX,CA,AWP,WE,Federal Contract Tower,0,27,6,0,33,0,12,24,5,41,0,39,30,5,74,20,0,20,94
05/06/2014,SMX,CA,AWP,WE,Federal Contract Tower,0,17,3,0,20,0,28,28,0,56,0,45,31,0,76,14,0,14,90
05/07/2014,SMX,CA,AWP,WE,Federal Contract Tower,3,24,20,1,48,0,10,38,2,50,3,34,58,3,98,6,28,34,132
05/08/2014,SMX,CA,AWP,WE,Federal Contract Tower,0,17,11,5,33,0,17,54,2,73,0,34,65,7,106,16,6,22,128
05/09/2014,SMX,CA,AWP,WE,Federal Contract Tower,2,14,17,0,33,0,15,28,0,43,2,29,45,0,76,30,0,30,106
05/10/2014,SMX,CA,AWP,WE,Federal Contract Tower,0,6,8,0,14,0,14,26,0,40,0,20,34,0,54,20,0,20,74
05/11/2014,SMX,CA,AWP,WE,Federal Contract Tower,2,6,3,0,11,0,13,32,0,45,2,19,35,0,56,18,0,18,74
05/12/2014,SMX,CA,AWP,WE,Federal Contract Tower,0,18,9,0,27,0,31,37,0,68,0,49,46,0,95,16,0,16,111
05/13/2014,SMX,CA,AWP,WE,Federal Contract Tower,0,19,14,0,33,0,14,100,0,114,0,33,114,0,147,18,0,18,165
05/14/2014,SMX,CA,AWP,WE,Federal Contract Tower,2,18,9,0,29,0,21,44,0,65,2,39,53,0,94,22,0,22,116
05/15/2014,SMX,CA,AWP,WE,Federal Contract Tower,0,18,7,2,27,0,21,45,0,66,0,39,52,2,93,12,4,16,109
05/16/2014,SMX,CA,AWP,WE,Federal Contract Tower,2,18,9,1,30,0,20,58,0,78,2,38,67,1,108,36,20,56,164
05/17/2014,SMX,CA,AWP,WE,Federal Contract Tower,0,9,10,0,19,0,11,53,0,64,0,20,63,0,83,20,0,20,103
05/18/2014,SMX,CA,AWP,WE,Federal Contract Tower,2,5,1,0,8,0,7,24,0,31,2,12,25,0,39,10,0,10,49
05/19/2014,SMX,CA,AWP,WE,Federal Contract Tower,0,14,4,0,18,0,28,12,0,40,0,42,16,0,58,28,0,28,86
05/20/2014,SMX,CA,AWP,WE,Federal Contract Tower,0,23,9,0,32,0,21,28,0,49,0,44,37,0,81,14,0,14,95
05/21/2014,SMX,CA,AWP,WE,Federal Contract Tower,0,25,28,0,53,0,24,35,0,59,0,49,63,0,112,26,0,26,138
05/22/2014,SMX,CA,AWP,WE,Federal Contract Tower,2,24,15,0,41,0,18,19,0,37,2,42,34,0,78,10,0,10,88
05/23/2014,SMX,CA,AWP,WE,Federal Contract Tower,2,23,19,0,44,0,11,43,0,54,2,34,62,0,98,28,0,28,126
05/24/2014,SMX,CA,AWP,WE,Federal Contract Tower,0,9,6,0,15,0,2,21,0,23,0,11,27,0,38,16,0,16,54
05/25/2014,SMX,CA,AWP,WE,Federal Contract Tower,2,7,10,0,19,0,10,46,0,56,2,17,56,0,75,38,0,38,113
05/26/2014,SMX,CA,AWP,WE,Federal Contract Tower,4,8,10,0,22,0,21,49,0,70,4,29,59,0,92,36,0,36,128
05/27/2014,SMX,CA,AWP,WE,Federal Contract Tower,0,16,5,1,22,0,28,39,1,68,0,44,44,2,90,42,2,44,134
05/28/2014,SMX,CA,AWP,WE,Federal Contract Tower,0,20,6,4,30,0,21,55,0,76,0,41,61,4,106,56,0,56,162
05/29/2014,SMX,CA,AWP,WE,Federal Contract Tower,2,23,12,0,37,0,27,53,0,80,2,50,65,0,117,64,0,64,181
05/30/2014,SMX,CA,AWP,WE,Federal Contract Tower,2,20,13,3,38,0,14,50,0,64,2,34,63,3,102,16,0,16,118
05/31/2014,SMX,CA,AWP,WE,Federal Contract Tower,0,9,20,0,29,0,5,53,0,58,0,14,73,0,87,64,0,64,151
06/01/2014,SMX,CA,AWP,WE,Federal Contract Tower,2,7,11,0,20,0,8,42,0,50,2,15,53,0,70,28,0,28,98
06/02/2014,SMX,CA,AWP,WE,Federal Contract Tower,2,23,14,0,39,0,16,26,0,42,2,39,40,0,81,24,0,24,105
06/03/2014,SMX,CA,AWP,WE,Federal Contract Tower,0,19,13,0,32,0,28,61,6,95,0,47,74,6,127,48,0,48,175
06/04/2014,SMX,CA,AWP,WE,Federal Contract Tower,0,21,21,0,42,0,14,48,0,62,0,35,69,0,104,48,0,48,152
06/05/2014,SMX,CA,AWP,WE,Federal Contract Tower,2,29,10,0,41,0,10,20,8,38,2,39,30,8,79,48,28,76,155
06/06/2014,SMX,CA,AWP,WE,Federal Contract Tower,2,19,15,0,36,0,14,35,0,49,2,33,50,0,85,6,0,6,91
06/07/2014,SMX,CA,AWP,WE,Federal Contract Tower,0,11,15,0,26,0,11,37,0,48,0,22,52,0,74,68,0,68,142
06/08/2014,SMX,CA,AWP,WE,Federal Contract Tower,2,10,7,2,21,0,4,38,6,48,2,14,45,8,69,42,4,46,115
06/09/2014,SMX,CA,AWP,WE,Federal Contract Tower,2,23,9,4,38,0,21,38,0,59,2,44,47,4,97,40,0,40,137
06/10/2014,SMX,CA,AWP,WE,Federal Contract Tower,0,38,15,0,53,0,10,27,1,38,0,48,42,1,91,32,0,32,123
06/11/2014,SMX,CA,AWP,WE,Federal Contract Tower,0,26,16,2,44,0,16,33,3,52,0,42,49,5,96,36,0,36,132
06/12/2014,SMX,CA,AWP,WE,Federal Contract Tower,2,23,12,2,39,0,16,43,0,59,2,39,55,2,98,32,4,36,134
06/13/2014,SMX,CA,AWP,WE,Federal Contract Tower,2,24,15,0,41,0,17,46,0,63,2,41,61,0,104,72,0,72,176
06/14/2014,SMX,CA,AWP,WE,Federal Contract Tower,0,9,6,0,15,0,9,83,0,92,0,18,89,0,107,14,0,14,121
06/15/2014,SMX,CA,AWP,WE,Federal Contract Tower,2,9,15,0,26,0,7,31,0,38,2,16,46,0,64,12,0,12,76
06/16/2014,SMX,CA,AWP,WE,Federal Contract Tower,2,16,9,0,27,0,33,34,0,67,2,49,43,0,94,22,0,22,116
06/17/2014,SMX,CA,AWP,WE,Federal Contract Tower,0,23,12,1,36,0,25,52,0,77,0,48,64,1,113,22,2,24,137
06/18/2014,SMX,CA,AWP,WE,Federal Contract Tower,0,22,9,0,31,0,18,60,2,80,0,40,69,2,111,46,0,46,157
06/19/2014,SMX,CA,AWP,WE,Federal Contract Tower,2,23,27,0,52,0,11,57,0,68,2,34,84,0,120,68,0,68,188
06/20/2014,SMX,CA,AWP,WE,Federal Contract Tower,2,17,19,0,38,0,18,41,2,61,2,35,60,2,99,20,0,20,119
06/21/2014,SMX,CA,AWP,WE,Federal Contract Tower,0,9,6,2,17,0,9,76,0,85,0,18,82,2,102,80,2,82,184
06/22/2014,SMX,CA,AWP,WE,Federal Contract Tower,2,8,12,2,24,0,11,67,0,78,2,19,79,2,102,22,0,22,124
06/23/2014,SMX,CA,AWP,WE,Federal Contract Tower,2,23,8,0,33,0,14,26,0,40,2,37,34,0,73,30,0,30,103
06/24/2014,SMX,CA,AWP,WE,Federal Contract Tower,0,17,6,1,24,0,32,54,0,86,0,49,60,1,110,34,2,36,146
06/25/2014,SMX,CA,AWP,WE,Federal Contract Tower,0,29,14,4,47,0,11,28,0,39,0,40,42,4,86,38,8,46,132
06/26/2014,SMX,CA,AWP,WE,Federal Contract Tower,2,19,9,1,31,0,22,39,0,61,2,41,48,1,92,32,2,34,126
06/27/2014,SMX,CA,AWP,WE,Federal Contract Tower,2,24,7,0,33,0,15,45,0,60,2,39,52,0,93,8,10,18,111
06/28/2014,SMX,CA,AWP,WE,Federal Contract Tower,0,8,5,0,13,0,11,41,0,52,0,19,46,0,65,30,0,30,95
06/29/2014,SMX,CA,AWP,WE,Federal Contract Tower,2,9,10,0,21,0,9,60,0,69,2,18,70,0,90,68,0,68,158
06/30/2014,SMX,CA,AWP,WE,Federal Contract Tower,4,30,11,0,45,0,11,30,0,41,4,41,41,0,86,30,0,30,116
07/01/2014,SMX,CA,AWP,WE,Federal Contract Tower,0,29,12,1,42,0,14,21,0,35,0,43,33,1,77,12,26,38,115
07/02/2014,SMX,CA,AWP,WE,Federal Contract Tower,0,24,13,2,39,0,22,39,0,61,0,46,52,2,100,46,4,50,150
07/03/2014,SMX,CA,AWP,WE,Federal Contract Tower,2,23,8,0,33,0,11,39,0,50,2,34,47,0,83,12,0,12,95
07/04/2014,SMX,CA,AWP,WE,Federal Contract Tower,2,7,12,0,21,0,6,48,0,54,2,13,60,0,75,24,0,24,99
07/05/2014,SMX,CA,AWP,WE,Federal Contract Tower,0,8,9,0,17,0,8,48,0,56,0,16,57,0,73,50,0,50,123
07/06/2014,SMX,CA,AWP,WE,Federal Contract Tower,2,7,6,0,15,0,31,90,0,121,2,38,96,0,136,54,0,54,190
07/07/2014,SMX,CA,AWP,WE,Federal Contract Tower,2,27,9,2,40,0,31,33,4,68,2,58,42,6,108,68,12,80,188
07/08/2014,SMX,CA,AWP,WE,Federal Contract Tower,0,24,3,0,27,0,17,28,1,46,0,41,31,1,73,10,0,10,83
07/09/2014,SMX,CA,AWP,WE,Federal Contract Tower,2,26,8,1,37,0,11,35,0,46,2,37,43,1,83,18,16,34,117
07/10/2014,SMX,CA,AWP,WE,Federal Contract Tower,2,24,16,0,42,0,11,39,0,50,2,35,55,0,92,20,0,20,112
07/11/2014,SMX,CA,AWP,WE,Federal Contract Tower,2,21,11,0,34,0,15,47,6,68,2,36,58,6,102,6,4,10,112
07/12/2014,SMX,CA,AWP,WE,Federal Contract Tower,0,8,3,0,11,0,17,78,2,97,0,25,81,2,108,28,2,30,138
07/13/2014,SMX,CA,AWP,WE,Federal Contract Tower,2,10,8,0,20,0,25,46,2,73,2,35,54,2,93,14,0,14,107
07/14/2014,SMX,CA,AWP,WE,Federal Contract Tower,4,19,10,0,33,0,24,27,0,51,4,43,37,0,84,24,0,24,108
07/15/2014,SMX,CA,AWP,WE,Federal Contract Tower,0,27,22,0,49,0,16,25,0,41,0,43,47,0,90,28,0,28,118
07/16/2014,SMX,CA,AWP,WE,Federal Contract Tower,2,31,12,2,47,0,10,13,0,23,2,41,25,2,70,6,0,6,76
07/17/2014,SMX,CA,AWP,WE,Federal Contract Tower,2,19,0,0,21,0,16,35,0,51,2,35,35,0,72,30,0,30,102
07/18/2014,SMX,CA,AWP,WE,Federal Contract Tower,4,21,9,0,34,0,19,38,2,59,4,40,47,2,93,56,0,56,149
07/19/2014,SMX,CA,AWP,WE,Federal Contract Tower,0,6,11,0,17,0,15,41,4,60,0,21,52,4,77,46,4,50,127
07/20/2014,SMX,CA,AWP,WE,Federal Contract Tower,2,8,4,2,16,0,8,43,2,53,2,16,47,4,69,38,0,38,107
07/21/2014,SMX,CA,AWP,WE,Federal Contract Tower,2,22,9,0,33,0,22,36,2,60,2,44,45,2,93,28,0,28,121
07/22/2014,SMX,CA,AWP,WE,Federal Contract Tower,0,15,2,1,18,0,22,42,0,64,0,37,44,1,82,74,4,78,160
07/23/2014,SMX,CA,AWP,WE,Federal Contract Tower,0,17,5,0,22,0,15,39,0,54,0,32,44,0,76,38,0,38,114
07/24/2014,SMX,CA,AWP,WE,Federal Contract Tower,2,14,10,0,26,0,20,31,12,63,2,34,41,12,89,32,8,40,129
07/25/2014,SMX,CA,AWP,WE,Federal Contract Tower,2,25,14,0,41,0,11,49,0,60,2,36,63,0,101,32,0,32,133
07/26/2014,SMX,CA,AWP,WE,Federal Contract Tower,0,9,13,0,22,0,13,41,0,54,0,22,54,0,76,44,0,44,120
07/27/2014,SMX,CA,AWP,WE,Federal Contract Tower,2,9,12,0,23,0,5,32,0,37,2,14,44,0,60,102,0,102,162
07/28/2014,SMX,CA,AWP,WE,Federal Contract Tower,2,25,8,0,35,0,17,30,0,47,2,42,38,0,82,42,0,42,124
07/29/2014,SMX,CA,AWP,WE,Federal Contract Tower,0,23,10,0,33,0,11,13,3,27,0,34,23,3,60,16,0,16,76
07/30/2014,SMX,CA,AWP,WE,Federal Contract Tower,0,24,16,0,40,0,10,42,10,62,0,34,58,10,102,16,10,26,128
07/31/2014,SMX,CA,AWP,WE,Federal Contract Tower,2,33,16,0,51,0,18,21,0,39,2,51,37,0,90,16,0,16,106
08/01/2014,SMX,CA,AWP,WE,Federal Contract Tower,2,22,15,0,39,0,10,19,0,29,2,32,34,0,68,16,2,18,86
08/02/2014,SMX,CA,AWP,WE,Federal Contract Tower,0,9,13,0,22,0,8,35,0,43,0,17,48,0,65,104,0,104,169
08/03/2014,SMX,CA,AWP,WE,Federal Contract Tower,2,11,14,2,29,0,11,43,0,54,2,22,57,2,83,56,0,56,139
08/04/2014,SMX,CA,AWP,WE,Federal Contract Tower,2,23,5,0,30,0,14,29,0,43,2,37,34,0,73,50,0,50,123
08/05/2014,SMX,CA,AWP,WE,Federal Contract Tower,0,20,7,2,29,0,17,34,5,56,0,37,41,7,85,16,16,32,117
08/06/2014,SMX,CA,AWP,WE,Federal Contract Tower,2,26,14,2,44,0,20,21,0,41,2,46,35,2,85,0,0,0,85
08/07/2014,SMX,CA,AWP,WE,Federal Contract Tower,0,26,16,1,43,0,9,32,0,41,0,35,48,1,84,52,24,76,160
08/08/2014,SMX,CA,AWP,WE,Federal Contract Tower,2,19,12,1,34,0,13,37,0,50,2,32,49,1,84,26,0,26,110
08/09/2014,SMX,CA,AWP,WE,Federal Contract Tower,0,12,13,0,25,0,10,39,0,49,0,22,52,0,74,48,0,48,122
08/10/2014,SMX,CA,AWP,WE,Federal Contract Tower,2,12,23,0,37,0,7,28,1,36,2,19,51,1,73,8,0,8,81
08/11/2014,SMX,CA,AWP,WE,Federal Contract Tower,2,19,3,1,25,0,22,27,5,54,2,41,30,6,79,32,26,58,137
08/12/2014,SMX,CA,AWP,WE,Federal Contract Tower,0,16,17,0,33,0,31,47,0,78,0,47,64,0,111,12,0,12,123
08/13/2014,SMX,CA,AWP,WE,Federal Contract Tower,2,20,13,0,35,0,14,56,0,70,2,34,69,0,105,28,0,28,133
08/14/2014,SMX,CA,AWP,WE,Federal Contract Tower,0,28,19,0,47,0,20,26,0,46,0,48,45,0,93,26,0,26,119
08/15/2014,SMX,CA,AWP,WE,Federal Contract Tower,2,16,25,2,45,0,17,27,0,44,2,33,52,2,89,16,2,18,107
08/16/2014,SMX,CA,AWP,WE,Federal Contract Tower,0,11,12,0,23,0,4,40,0,44,0,15,52,0,67,28,0,28,95
08/17/2014,SMX,CA,AWP,WE,Federal Contract Tower,2,11,13,2,28,0,8,38,0,46,2,19,51,2,74,40,0,40,114
08/18/2014,SMX,CA,AWP,WE,Federal Contract Tower,0,24,13,0,37,0,11,26,0,37,0,35,39,0,74,38,0,38,112
08/19/2014,SMX,CA,AWP,WE,Federal Contract Tower,0,31,15,0,46,0,14,33,0,47,0,45,48,0,93,24,0,24,117
08/20/2014,SMX,CA,AWP,WE,Federal Contract Tower,2,23,19,0,44,0,20,37,0,57,2,43,56,0,101,32,0,32,133
08/21/2014,SMX,CA,AWP,WE,Federal Contract Tower,0,15,13,1,29,0,21,45,3,69,0,36,58,4,98,50,0,50,148
08/22/2014,SMX,CA,AWP,WE,Federal Contract Tower,2,16,11,0,29,0,9,58,2,69,2,25,69,2,98,48,0,48,146
08/23/2014,SMX,CA,AWP,WE,Federal Contract Tower,0,9,15,0,24,0,4,24,0,28,0,13,39,0,52,60,0,60,112
08/24/2014,SMX,CA,AWP,WE,Federal Contract Tower,2,7,4,0,13,0,10,32,0,42,2,17,36,0,55,64,0,64,119
08/25/2014,SMX,CA,AWP,WE,Federal Contract Tower,0,15,13,0,28,0,32,26,0,58,0,47,39,0,86,16,0,16,102
08/26/2014,SMX,CA,AWP,WE,Federal Contract Tower,0,16,8,0,24,0,28,42,0,70,0,44,50,0,94,26,0,26,120
08/27/2014,SMX,CA,AWP,WE,Federal Contract Tower,2,16,3,0,21,0,28,79,0,107,2,44,82,0,128,22,0,22,150
08/28/2014,SMX,CA,AWP,WE,Federal Contract Tower,0,22,29,0,51,0,10,41,0,51,0,32,70,0,102,22,0,22,124
08/29/2014,SMX,CA,AWP,WE,Federal Contract Tower,2,17,9,0,28,0,12,47,0,59,2,29,56,0,87,32,0,32,119
08/30/2014,SMX,CA,AWP,WE,Federal Contract Tower,0,6,14,0,20,0,10,53,0,63,0,16,67,0,83,74,0,74,157
08/31/2014,SMX,CA,AWP,WE,Federal Contract Tower,2,6,3,0,11,0,9,46,0,55,2,15,49,0,66,36,0,36,102
09/01/2014,SMX,CA,AWP,WE,Federal Contract Tower,0,9,9,0,18,0,16,39,0,55,0,25,48,0,73,32,0,32,105
09/02/2014,SMX,CA,AWP,WE,Federal Contract Tower,0,25,10,0,35,0,22,29,0,51,0,47,39,0,86,16,0,16,102
09/03/2014,SMX,CA,AWP,WE,Federal Contract Tower,2,28,20,0,50,0,16,20,0,36,2,44,40,0,86,18,0,18,104
09/04/2014,SMX,CA,AWP,WE,Federal Contract Tower,0,25,12,2,39,0,14,30,0,44,0,39,42,2,83,20,4,24,107
09/05/2014,SMX,CA,AWP,WE,Federal Contract Tower,4,18,13,4,39,0,23,41,1,65,4,41,54,5,104,0,2,2,106
09/06/2014,SMX,CA,AWP,WE,Federal Contract Tower,0,9,17,0,26,0,5,51,0,56,0,14,68,0,82,12,0,12,94
09/07/2014,SMX,CA,AWP,WE,Federal Contract Tower,2,10,14,0,26,0,13,32,0,45,2,23,46,0,71,38,0,38,109
09/08/2014,SMX,CA,AWP,WE,Federal Contract Tower,0,17,8,0,25,0,24,26,0,50,0,41,34,0,75,30,0,30,105
09/09/2014,SMX,CA,AWP,WE,Federal Contract Tower,0,25,17,1,43,0,22,31,1,54,0,47,48,2,97,14,24,38,135
09/10/2014,SMX,CA,AWP,WE,Federal Contract Tower,2,17,14,0,33,0,15,27,0,42,2,32,41,0,75,22,0,22,97
09/11/2014,SMX,CA,AWP,WE,Federal Contract Tower,0,22,14,1,37,0,24,37,0,61,0,46,51,1,98,62,0,62,160
09/12/2014,SMX,CA,AWP,WE,Federal Contract Tower,2,19,18,3,42,0,20,16,3,39,2,39,34,6,81,6,4,10,91
09/13/2014,SMX,CA,AWP,WE,Federal Contract Tower,0,8,25,0,33,0,10,38,0,48,0,18,63,0,81,34,0,34,115
09/14/2014,SMX,CA,AWP,WE,Federal Contract Tower,2,7,12,0,21,0,3,54,0,57,2,10,66,0,78,48,0,48,126
09/15/2014,SMX,CA,AWP,WE,Federal Contract Tower,0,20,9,0,29,0,22,28,0,50,0,42,37,0,79,22,0,22,101
09/16/2014,SMX,CA,AWP,WE,Federal Contract Tower,0,16,9,1,26,0,39,35,0,74,0,55,44,1,100,38,8,46,146
09/17/2014,SMX,CA,AWP,WE,Federal Contract Tower,2,26,8,1,37,0,27,46,0,73,2,53,54,1,110,84,0,84,194
09/18/2014,SMX,CA,AWP,WE,Federal Contract Tower,0,25,11,0,36,0,24,38,0,62,0,49,49,0,98,20,0,20,118
09/19/2014,SMX,CA,AWP,WE,Federal Contract Tower,4,21,1,0,26,0,31,24,0,55,4,52,25,0,81,34,0,34,115
09/20/2014,SMX,CA,AWP,WE,Federal Contract Tower,0,14,15,0,29,0,9,34,0,43,0,23,49,0,72,14,0,14,86
09/21/2014,SMX,CA,AWP,WE,Federal Contract Tower,2,8,17,0,27,0,8,42,0,50,2,16,59,0,77,28,0,28,105
09/22/2014,SMX,CA,AWP,WE,Federal Contract Tower,0,17,12,1,30,0,32,38,0,70,0,49,50,1,100,22,0,22,122
09/23/2014,SMX,CA,AWP,WE,Federal Contract Tower,0,25,17,1,43,0,18,26,0,44,0,43,43,1,87,30,0,30,117
09/24/2014,SMX,CA,AWP,WE,Federal Contract Tower,2,26,17,0,45,0,13,26,0,39,2,39,43,0,84,38,0,38,122
09/25/2014,SMX,CA,AWP,WE,Federal Contract Tower,0,21,22,0,43,0,19,41,0,60,0,40,63,0,103,50,0,50,153
09/26/2014,SMX,CA,AWP,WE,Federal Contract Tower,2,17,9,0,28,0,22,46,0,68,2,39,55,0,96,18,0,18,114
09/27/2014,SMX,CA,AWP,WE,Federal Contract Tower,0,5,11,0,16,0,10,60,0,70,0,15,71,0,86,40,0,40,126
09/28/2014,SMX,CA,AWP,WE,Federal Contract Tower,2,8,6,0,16,0,16,53,0,69,2,24,59,0,85,28,0,28,113
09/29/2014,SMX,CA,AWP,WE,Federal Contract Tower,0,13,14,0,27,0,26,38,0,64,0,39,52,0,91,30,0,30,121
09/30/2014,SMX,CA,AWP,WE,Federal Contract Tower,0,15,6,1,22,0,29,40,0,69,0,44,46,1,91,40,2,42,133
10/01/2014,SMX,CA,AWP,WE,Federal Contract Tower,2,18,7,0,27,0,22,33,0,55,2,40,40,0,82,10,0,10,92
10/02/2014,SMX,CA,AWP,WE,Federal Contract Tower,0,15,5,0,20,0,24,53,1,78,0,39,58,1,98,56,2,58,156
10/03/2014,SMX,CA,AWP,WE,Federal Contract Tower,3,18,7,0,28,1,21,30,0,52,4,39,37,0,80,14,6,20,100
10/04/2014,SMX,CA,AWP,WE,Federal Contract Tower,0,15,6,0,21,0,15,63,0,78,0,30,69,0,99,24,0,24,123
10/05/2014,SMX,CA,AWP,WE,Federal Contract Tower,2,8,10,0,20,0,13,53,0,66,2,21,63,0,86,36,0,36,122
10/06/2014,SMX,CA,AWP,WE,Federal Contract Tower,0,17,5,0,22,0,29,23,0,52,0,46,28,0,74,38,0,38,112
10/07/2014,SMX,CA,AWP,WE,Federal Contract Tower,0,21,6,0,27,0,13,28,0,41,0,34,34,0,68,14,0,14,82
10/08/2014,SMX,CA,AWP,WE,Federal Contract Tower,2,23,14,0,39,0,16,28,0,44,2,39,42,0,83,24,0,24,107
10/09/2014,SMX,CA,AWP,WE,Federal Contract Tower,0,21,17,0,38,0,15,32,6,53,0,36,49,6,91,26,10,36,127
10/10/2014,SMX,CA,AWP,WE,Federal Contract Tower,2,17,8,1,28,0,19,26,0,45,2,36,34,1,73,4,2,6,79
10/11/2014,SMX,CA,AWP,WE,Federal Contract Tower,0,6,9,1,16,0,13,50,0,63,0,19,59,1,79,12,0,12,91
10/12/2014,SMX,CA,AWP,WE,Federal Contract Tower,2,7,10,1,20,0,12,55,0,67,2,19,65,1,87,8,0,8,95
10/13/2014,SMX,CA,AWP,WE,Federal Contract Tower,0,16,11,0,27,0,24,33,4,61,0,40,44,4,88,14,0,14,102
10/14/2014,SMX,CA,AWP,WE,Federal Contract Tower,0,19,22,0,41,0,20,23,4,47,0,39,45,4,88,30,0,30,118
10/15/2014,SMX,CA,AWP,WE,Federal Contract Tower,2,21,12,2,37,0,27,28,0,55,2,48,40,2,92,0,0,0,92
10/16/2014,SMX,CA,AWP,WE,Federal Contract Tower,0,18,10,2,30,0,16,46,2,64,0,34,56,4,94,32,0,32,126
10/17/2014,SMX,CA,AWP,WE,Federal Contract Tower,2,14,9,4,29,0,26,43,0,69,2,40,52,4,98,2,4,6,104
10/18/2014,SMX,CA,AWP,WE,Federal Contract Tower,0,8,18,1,27,0,15,70,0,85,0,23,88,1,112,26,0,26,138
10/19/2014,SMX,CA,AWP,WE,Federal Contract Tower,2,6,14,0,22,0,11,64,0,75,2,17,78,0,97,0,0,0,97
10/20/2014,SMX,CA,AWP,WE,Federal Contract Tower,0,15,16,0,31,0,24,37,0,61,0,39,53,0,92,38,0,38,130
10/21/2014,SMX,CA,AWP,WE,Federal Contract Tower,0,17,4,0,21,0,27,17,0,44,0,44,21,0,65,16,0,16,81
10/22/2014,SMX,CA,AWP,WE,Federal Contract Tower,2,20,7,0,29,0,24,36,0,60,2,44,43,0,89,14,0,14,103
10/23/2014,SMX,CA,AWP,WE,Federal Contract Tower,0,18,20,0,38,0,16,50,0,66,0,34,70,0,104,70,0,70,174
10/24/2014,SMX,CA,AWP,WE,Federal Contract Tower,2,17,13,0,32,0,18,45,0,63,2,35,58,0,95,8,0,8,103
10/25/2014,SMX,CA,AWP,WE,Federal Contract Tower,0,6,6,0,12,0,6,44,0,50,0,12,50,0,62,10,0,10,72
10/26/2014,SMX,CA,AWP,WE,Federal Contract Tower,2,4,2,0,8,0,16,26,0,42,2,20,28,0,50,16,0,16,66
10/27/2014,SMX,CA,AWP,WE,Federal Contract Tower,0,12,3,0,15,0,31,14,0,45,0,43,17,0,60,16,0,16,76
10/28/2014,SMX,CA,AWP,WE,Federal Contract Tower,0,17,12,1,30,0,27,27,0,54,0,44,39,1,84,6,0,6,90
10/29/2014,SMX,CA,AWP,WE,Federal Contract Tower,2,18,20,0,40,0,19,41,0,60,2,37,61,0,100,54,0,54,154
10/30/2014,SMX,CA,AWP,WE,Federal Contract Tower,0,15,11,0,26,0,20,48,0,68,0,35,59,0,94,44,2,46,140
10/31/2014,SMX,CA,AWP,WE,Federal Contract Tower,4,24,14,2,44,0,26,11,0,37,4,50,25,2,81,6,0,6,87
11/01/2014,SMX,CA,AWP,WE,Federal Contract Tower,0,5,7,0,12,0,8,21,0,29,0,13,28,0,41,14,0,14,55
11/02/2014,SMX,CA,AWP,WE,Federal Contract Tower,3,6,9,0,18,0,25,31,0,56,3,31,40,0,74,22,0,22,96
11/03/2014,SMX,CA,AWP,WE,Federal Contract Tower,2,13,6,0,21,0,30,24,0,54,2,43,30,0,75,18,0,18,93
11/04/2014,SMX,CA,AWP,WE,Federal Contract Tower,0,0,16,6,22,0,23,47,0,70,0,23,63,6,92,30,0,30,122
11/05/2014,SMX,CA,AWP,WE,Federal Contract Tower,2,17,11,0,30,0,21,36,0,57,2,38,47,0,87,12,0,12,99
11/06/2014,SMX,CA,AWP,WE,Federal Contract Tower,0,17,8,1,26,0,38,45,1,84,0,55,53,2,110,44,0,44,154
11/07/2014,SMX,CA,AWP,WE,Federal Contract Tower,5,16,17,0,38,0,37,54,0,91,5,53,71,0,129,30,0,30,159
11/08/2014,SMX,CA,AWP,WE,Federal Contract Tower,0,7,9,2,18,0,6,51,0,57,0,13,60,2,75,32,0,32,107
11/09/2014,SMX,CA,AWP,WE,Federal Contract Tower,2,6,21,0,29,0,3,45,0,48,2,9,66,0,77,24,0,24,101
11/10/2014,SMX,CA,AWP,WE,Federal Contract Tower,0,27,12,0,39,0,31,14,0,45,0,58,26,0,84,20,0,20,104
11/11/2014,SMX,CA,AWP,WE,Federal Contract Tower,0,15,12,0,27,0,27,29,0,56,0,42,41,0,83,8,0,8,91
11/12/2014,SMX,CA,AWP,WE,Federal Contract Tower,2,15,7,1,25,0,22,26,0,48,2,37,33,1,73,8,2,10,83
11/13/2014,SMX,CA,AWP,WE,Federal Contract Tower,0,27,13,1,41,0,13,0,0,13,0,40,13,1,54,2,2,4,58
11/14/2014,SMX,CA,AWP,WE,Federal Contract Tower,2,19,13,2,36,0,23,48,0,71,2,42,61,2,107,20,0,20,127
11/15/2014,SMX,CA,AWP,WE,Federal Contract Tower,0,5,4,0,9,0,5,64,0,69,0,10,68,0,78,12,0,12,90
11/16/2014,SMX,CA,AWP,WE,Federal Contract Tower,2,4,6,2,14,0,9,47,0,56,2,13,53,2,70,10,0,10,80
11/17/2014,SMX,CA,AWP,WE,Federal Contract Tower,0,19,7,3,29,0,24,27,0,51,0,43,34,3,80,20,2,22,102
11/18/2014,SMX,CA,AWP,WE,Federal Contract Tower,0,16,6,1,23,0,27,46,0,73,0,43,52,1,96,20,0,20,116
11/19/2014,SMX,CA,AWP,WE,Federal Contract Tower,2,21,8,0,31,0,21,17,0,38,2,42,25,0,69,16,0,16,85
11/20/2014,SMX,CA,AWP,WE,Federal Contract Tower,0,28,10,0,38,0,9,1,0,10,0,37,11,0,48,0,0,0,48
11/21/2014,SMX,CA,AWP,WE,Federal Contract Tower,2,21,12,1,36,0,33,36,1,70,2,54,48,2,106,28,0,28,134
11/22/2014,SMX,CA,AWP,WE,Federal Contract Tower,0,5,13,1,19,0,10,64,0,74,0,15,77,1,93,14,2,16,109
11/23/2014,SMX,CA,AWP,WE,Federal Contract Tower,2,4,11,2,19,0,8,69,0,77,2,12,80,2,96,6,0,6,102
11/24/2014,SMX,CA,AWP,WE,Federal Contract Tower,1,13,5,0,19,0,24,18,0,42,1,37,23,0,61,20,0,20,81
11/25/2014,SMX,CA,AWP,WE,Federal Contract Tower,0,18,11,1,30,0,26,62,0,88,0,44,73,1,118,46,2,48,166
11/26/2014,SMX,CA,AWP,WE,Federal Contract Tower,2,17,15,0,34,0,25,48,0,73,2,42,63,0,107,32,0,32,139
11/27/2014,SMX,CA,AWP,WE,Federal Contract Tower,0,1,5,0,6,0,17,21,0,38,0,18,26,0,44,24,0,24,68
11/28/2014,SMX,CA,AWP,WE,Federal Contract Tower,2,9,4,0,15,0,17,58,0,75,2,26,62,0,90,22,0,22,112
11/29/2014,SMX,CA,AWP,WE,Federal Contract Tower,0,9,9,0,18,0,6,64,0,70,0,15,73,0,88,24,0,24,112
11/30/2014,SMX,CA,AWP,WE,Federal Contract Tower,2,7,15,0,24,0,12,9,0,21,2,19,24,0,45,2,0,2,47
12/01/2014,SMX,CA,AWP,WE,Federal Contract Tower,0,17,6,1,24,0,32,10,0,42,0,49,16,1,66,8,2,10,76
12/02/2014,SMX,CA,AWP,WE,Federal Contract Tower,0,23,8,2,33,0,1,2,0,3,0,24,10,2,36,0,0,0,36
12/03/2014,SMX,CA,AWP,WE,Federal Contract Tower,2,19,11,3,35,0,22,4,0,26,2,41,15,3,61,12,2,14,75
12/04/2014,SMX,CA,AWP,WE,Federal Contract Tower,0,20,11,0,31,0,17,8,0,25,0,37,19,0,56,2,0,2,58
12/05/2014,SMX,CA,AWP,WE,Federal Contract Tower,2,11,7,1,21,0,28,13,1,42,2,39,20,2,63,4,18,22,85
12/06/2014,SMX,CA,AWP,WE,Federal Contract Tower,0,6,10,0,16,0,23,54,0,77,0,29,64,0,93,22,10,32,125
12/07/2014,SMX,CA,AWP,WE,Federal Contract Tower,2,5,14,0,21,0,9,53,0,62,2,14,67,0,83,32,0,32,115
12/08/2014,SMX,CA,AWP,WE,Federal Contract Tower,0,10,11,0,21,0,30,33,0,63,0,40,44,0,84,14,0,14,98
12/09/2014,SMX,CA,AWP,WE,Federal Contract Tower,0,21,10,0,31,0,21,54,0,75,0,42,64,0,106,32,2,34,140
12/10/2014,SMX,CA,AWP,WE,Federal Contract Tower,4,18,19,1,42,0,27,37,2,66,4,45,56,3,108,10,18,28,136
12/11/2014,SMX,CA,AWP,WE,Federal Contract Tower,0,29,11,0,40,0,15,4,1,20,0,44,15,1,60,2,0,2,62
12/12/2014,SMX,CA,AWP,WE,Federal Contract Tower,2,16,9,0,27,0,17,11,0,28,2,33,20,0,55,10,0,10,65
12/13/2014,SMX,CA,AWP,WE,Federal Contract Tower,0,6,7,1,14,0,17,40,0,57,0,23,47,1,71,30,2,32,103
12/14/2014,SMX,CA,AWP,WE,Federal Contract Tower,2,7,6,0,15,0,16,35,0,51,2,23,41,0,66,32,0,32,98
12/15/2014,SMX,CA,AWP,WE,Federal Contract Tower,0,14,11,0,25,0,22,12,1,35,0,36,23,1,60,12,0,12,72
12/16/2014,SMX,CA,AWP,WE,Federal Contract Tower,0,18,12,3,33,0,23,15,0,38,0,41,27,3,71,8,32,40,111
12/17/2014,SMX,CA,AWP,WE,Federal Contract Tower,2,18,5,0,25,0,25,36,0,61,2,43,41,0,86,26,0,26,112
12/18/2014,SMX,CA,AWP,WE,Federal Contract Tower,0,20,13,0,33,0,23,22,0,45,0,43,35,0,78,20,0,20,98
12/19/2014,SMX,CA,AWP,WE,Federal Contract Tower,2,16,8,0,26,0,16,34,0,50,2,32,42,0,76,70,0,70,146
12/20/2014,SMX,CA,AWP,WE,Federal Contract Tower,0,11,15,0,26,0,12,32,0,44,0,23,47,0,70,28,0,28,98
12/21/2014,SMX,CA,AWP,WE,Federal Contract Tower,2,3,7,0,12,0,21,33,0,54,2,24,40,0,66,18,0,18,84
12/22/2014,SMX,CA,AWP,WE,Federal Contract Tower,0,13,6,0,19,0,17,24,0,41,0,30,30,0,60,8,0,8,68
12/23/2014,SMX,CA,AWP,WE,Federal Contract Tower,0,20,6,1,27,0,27,58,0,85,0,47,64,1,112,32,2,34,146
12/24/2014,SMX,CA,AWP,WE,Federal Contract Tower,2,23,12,0,37,0,34,31,0,65,2,57,43,0,102,22,0,22,124
12/25/2014,SMX,CA,AWP,WE,Federal Contract Tower,0,2,0,0,2,0,8,14,0,22,0,10,14,0,24,0,0,0,24
12/26/2014,SMX,CA,AWP,WE,Federal Contract Tower,2,12,8,0,22,0,30,35,0,65,2,42,43,0,87,10,0,10,97
12/27/2014,SMX,CA,AWP,WE,Federal Contract Tower,0,6,4,0,10,0,19,44,0,63,0,25,48,0,73,16,0,16,89
12/28/2014,SMX,CA,AWP,WE,Federal Contract Tower,2,4,5,0,11,0,12,51,0,63,2,16,56,0,74,28,0,28,102
12/29/2014,SMX,CA,AWP,WE,Federal Contract Tower,0,11,4,0,15,0,26,25,0,51,0,37,29,0,66,22,0,22,88
12/30/2014,SMX,CA,AWP,WE,Federal Contract Tower,0,18,7,2,27,0,20,24,0,44,0,38,31,2,71,52,4,56,127
12/31/2014,SMX,CA,AWP,WE,Federal Contract Tower,2,15,7,0,24,0,33,11,0,44,2,48,18,0,68,2,0,2,70
01/01/2015,SMX,CA,AWP,WE,Federal Contract Tower,0,3,2,0,5,0,19,34,0,53,0,22,36,0,58,4,0,4,62
01/02/2015,SMX,CA,AWP,WE,Federal Contract Tower,2,13,3,0,18,0,23,43,0,66,2,36,46,0,84,40,0,40,124
01/03/2015,SMX,CA,AWP,WE,Federal Contract Tower,0,7,2,0,9,0,9,66,0,75,0,16,68,0,84,46,0,46,130
01/04/2015,SMX,CA,AWP,WE,Federal Contract Tower,2,1,6,0,9,0,13,36,0,49,2,14,42,0,58,14,0,14,72
01/05/2015,SMX,CA,AWP,WE,Federal Contract Tower,1,10,9,0,20,0,10,14,0,24,1,20,23,0,44,6,0,6,50
01/06/2015,SMX,CA,AWP,WE,Federal Contract Tower,0,15,14,0,29,0,35,34,0,69,0,50,48,0,98,36,0,36,134
01/07/2015,SMX,CA,AWP,WE,Federal Contract Tower,2,13,17,0,32,0,23,49,0,72,2,36,66,0,104,50,0,50,154
01/08/2015,SMX,CA,AWP,WE,Federal Contract Tower,0,14,9,0,23,0,25,49,0,74,0,39,58,0,97,14,0,14,111
01/09/2015,SMX,CA,AWP,WE,Federal Contract Tower,2,10,5,0,17,0,22,38,0,60,2,32,43,0,77,64,0,64,141
01/10/2015,SMX,CA,AWP,WE,Federal Contract Tower,0,6,7,0,13,0,5,46,0,51,0,11,53,0,64,10,0,10,74
01/11/2015,SMX,CA,AWP,WE,Federal Contract Tower,2,6,7,0,15,0,8,22,0,30,2,14,29,0,45,0,0,0,45
01/12/2015,SMX,CA,AWP,WE,Federal Contract Tower,0,12,12,0,24,0,24,20,0,44,0,36,32,0,68,140,0,140,208
01/13/2015,SMX,CA,AWP,WE,Federal Contract Tower,0,20,8,1,29,0,23,28,0,51,0,43,36,1,80,24,2,26,106
01/14/2015,SMX,CA,AWP,WE,Federal Contract Tower,2,15,10,3,30,0,22,28,0,50,2,37,38,3,80,26,2,28,108
01/15/2015,SMX,CA,AWP,WE,Federal Contract Tower,0,13,8,0,21,0,20,37,0,57,0,33,45,0,78,22,0,22,100
01/16/2015,SMX,CA,AWP,WE,Federal Contract Tower,2,11,5,0,18,0,18,40,0,58,2,29,45,0,76,12,0,12,88
01/17/2015,SMX,CA,AWP,WE,Federal Contract Tower,0,2,11,0,13,0,11,60,0,71,0,13,71,0,84,50,0,50,134
01/18/2015,SMX,CA,AWP,WE,Federal Contract Tower,2,9,3,0,14,0,13,46,0,59,2,22,49,0,73,62,0,62,135
01/19/2015,SMX,CA,AWP,WE,Federal Contract Tower,0,9,9,0,18,0,13,54,0,67,0,22,63,0,85,18,0,18,103
01/20/2015,SMX,CA,AWP,WE,Federal Contract Tower,0,14,11,1,26,0,19,20,1,40,0,33,31,2,66,24,4,28,94
01/21/2015,SMX,CA,AWP,WE,Federal Contract Tower,2,12,6,1,21,0,18,28,1,47,2,30,34,2,68,20,2,22,90
01/22/2015,SMX,CA,AWP,WE,Federal Contract Tower,0,14,7,0,21,0,26,36,0,62,0,40,43,0,83,28,0,28,111
01/23/2015,SMX,CA,AWP,WE,Federal Contract Tower,2,20,10,1,33,0,19,52,0,71,2,39,62,1,104,30,2,32,136
01/24/2015,SMX,CA,AWP,WE,Federal Contract Tower,0,4,1,0,5,0,6,53,0,59,0,10,54,0,64,30,0,30,94
01/25/2015,SMX,CA,AWP,WE,Federal Contract Tower,2,3,20,0,25,0,6,49,8,63,2,9,69,8,88,54,0,54,142
01/26/2015,SMX,CA,AWP,WE,Federal Contract Tower,0,11,10,0,21,0,19,23,0,42,0,30,33,0,63,4,0,4,67
01/27/2015,SMX,CA,AWP,WE,Federal Contract Tower,0,17,11,0,28,0,34,27,2,63,0,51,38,2,91,12,0,12,103
01/28/2015,SMX,CA,AWP,WE,Federal Contract Tower,2,14,14,1,31,0,33,26,1,60,2,47,40,2,91,14,0,14,105
01/29/2015,SMX,CA,AWP,WE,Federal Contract Tower,0,16,7,2,25,0,23,39,13,75,0,39,46,15,100,52,12,64,164
01/30/2015,SMX,CA,AWP,WE,Federal Contract Tower,2,13,13,0,28,0,26,34,6,66,2,39,47,6,94,23,4,27,121
01/31/2015,SMX,CA,AWP,WE,Federal Contract Tower,0,8,15,0,23,0,9,56,0,65,0,17,71,0,88,44,0,44,132
02/01/2015,SMX,CA,AWP,WE,Federal Contract Tower,2,5,7,0,14,0,8,45,0,53,2,13,52,0,67,24,0,24,91
02/02/2015,SMX,CA,AWP,WE,Federal Contract Tower,0,11,9,1,21,0,20,33,3,56,0,31,42,4,77,18,10,28,105
02/03/2015,SMX,CA,AWP,WE,Federal Contract Tower,0,15,11,1,27,0,12,32,0,44,0,27,43,1,71,34,2,36,107
02/04/2015,SMX,CA,AWP,WE,Federal Contract Tower,2,12,10,1,25,0,13,19,0,32,2,25,29,1,57,48,2,50,107
02/05/2015,SMX,CA,AWP,WE,Federal Contract Tower,0,16,12,3,31,0,18,31,0,49,0,34,43,3,80,38,6,44,124
02/06/2015,SMX,CA,AWP,WE,Federal Contract Tower,2,13,6,0,21,0,16,25,0,41,2,29,31,0,62,6,0,6,68
02/07/2015,SMX,CA,AWP,WE,Federal Contract Tower,0,7,14,0,21,0,4,0,0,4,0,11,14,0,25,6,0,6,31
02/08/2015,SMX,CA,AWP,WE,Federal Contract Tower,2,3,9,0,14,0,3,3,0,6,2,6,12,0,20,0,0,0,20
02/09/2015,SMX,CA,AWP,WE,Federal Contract Tower,0,10,12,0,22,0,24,24,0,48,0,34,36,0,70,18,0,18,88
02/10/2015,SMX,CA,AWP,WE,Federal Contract Tower,0,15,6,4,25,2,25,23,0,50,2,40,29,4,75,32,4,36,111
02/11/2015,SMX,CA,AWP,WE,Federal Contract Tower,2,14,16,0,32,0,14,35,0,49,2,28,51,0,81,26,0,26,107
02/12/2015,SMX,CA,AWP,WE,Federal Contract Tower,0,14,7,1,22,0,24,45,0,69,0,38,52,1,91,66,8,74,165
02/13/2015,SMX,CA,AWP,WE,Federal Contract Tower,2,14,12,0,28,0,29,51,0,80,2,43,63,0,108,34,0,34,142
02/14/2015,SMX,CA,AWP,WE,Federal Contract Tower,0,6,9,0,15,0,8,45,0,53,0,14,54,0,68,32,0,32,100
02/15/2015,SMX,CA,AWP,WE,Federal Contract Tower,2,6,9,0,17,0,8,48,0,56,2,14,57,0,73,22,0,22,95
02/16/2015,SMX,CA,AWP,WE,Federal Contract Tower,0,23,10,0,33,0,5,15,0,20,0,28,25,0,53,20,0,20,73
02/17/2015,SMX,CA,AWP,WE,Federal Contract Tower,0,22,26,0,48,0,5,6,0,11,0,27,32,0,59,16,0,16,75
02/18/2015,SMX,CA,AWP,WE,Federal Contract Tower,2,13,15,4,34,0,19,28,0,47,2,32,43,4,81,14,8,22,103
02/19/2015,SMX,CA,AWP,WE,Federal Contract Tower,0,20,23,2,45,0,10,28,2,40,0,30,51,4,85,22,4,26,111
02/20/2015,SMX,CA,AWP,WE,Federal Contract Tower,2,22,19,1,44,0,13,16,4,33,2,35,35,5,77,26,18,44,121
02/21/2015,SMX,CA,AWP,WE,Federal Contract Tower,0,7,10,0,17,0,3,33,0,36,0,10,43,0,53,28,0,28,81
02/22/2015,SMX,CA,AWP,WE,Federal Contract Tower,2,3,11,0,16,0,4,10,0,14,2,7,21,0,30,8,0,8,38
02/23/2015,SMX,CA,AWP,WE,Federal Contract Tower,0,11,7,3,21,0,19,22,0,41,0,30,29,3,62,4,10,14,76
02/24/2015,SMX,CA,AWP,WE,Federal Contract Tower,0,15,4,1,20,0,22,37,0,59,0,37,41,1,79,20,2,22,101
02/25/2015,SMX,CA,AWP,WE,Federal Contract Tower,2,12,9,1,24,0,18,43,10,71,2,30,52,11,95,30,2,32,127
02/26/2015,SMX,CA,AWP,WE,Federal Contract Tower,0,12,17,2,31,0,34,37,1,72,0,46,54,3,103,54,2,56,159
02/27/2015,SMX,CA,AWP,WE,Federal Contract Tower,4,14,20,0,38,0,17,25,6,48,4,31,45,6,86,18,0,18,104
02/28/2015,SMX,CA,AWP,WE,Federal Contract Tower,0,8,7,3,18,0,7,35,3,45,0,15,42,6,63,30,0,30,93
03/01/2015,SMX,CA,AWP,WE,Federal Contract Tower,2,3,12,0,17,0,4,40,0,44,2,7,52,0,61,18,0,18,79
03/02/2015,SMX,CA,AWP,WE,Federal Contract Tower,0,11,12,0,23,0,27,19,0,46,0,38,31,0,69,6,0,6,75
03/03/2015,SMX,CA,AWP,WE,Federal Contract Tower,2,16,9,2,29,0,27,41,4,72,2,43,50,6,101,32,0,32,133
03/04/2015,SMX,CA,AWP,WE,Federal Contract Tower,2,21,6,2,31,0,27,43,0,70,2,48,49,2,101,50,4,54,155
03/05/2015,SMX,CA,AWP,WE,Federal Contract Tower,0,14,10,1,25,0,21,51,0,72,0,35,61,1,97,46,0,46,143
03/06/2015,SMX,CA,AWP,WE,Federal Contract Tower,2,18,9,1,30,0,27,55,0,82,2,45,64,1,112,56,2,58,170
03/07/2015,SMX,CA,AWP,WE,Federal Contract Tower,0,11,8,0,19,0,14,84,1,99,0,25,92,1,118,50,0,50,168
03/08/2015,SMX,CA,AWP,WE,Federal Contract Tower,2,4,13,2,21,0,16,90,0,106,2,20,103,2,127,20,0,20,147
03/09/2015,SMX,CA,AWP,WE,Federal Contract Tower,0,12,7,0,19,0,17,34,0,51,0,29,41,0,70,14,0,14,84
03/10/2015,SMX,CA,AWP,WE,Federal Contract Tower,0,16,23,0,39,0,15,19,0,34,0,31,42,0,73,6,0,6,79
03/11/2015,SMX,CA,AWP,WE,Federal Contract Tower,2,11,13,0,26,0,20,24,8,52,2,31,37,8,78,10,0,10,88
03/12/2015,SMX,CA,AWP,WE,Federal Contract Tower,0,16,12,0,28,0,30,47,0,77,0,46,59,0,105,12,0,12,117
03/13/2015,SMX,CA,AWP,WE,Federal Contract Tower,2,7,11,2,22,0,16,44,0,60,2,23,55,2,82,20,4,24,106
03/14/2015,SMX,CA,AWP,WE,Federal Contract Tower,0,5,11,0,16,0,10,59,0,69,0,15,70,0,85,38,0,38,123
03/15/2015,SMX,CA,AWP,WE,Federal Contract Tower,2,3,8,0,13,0,14,63,0,77,2,17,71,0,90,36,0,36,126
03/16/2015,SMX,CA,AWP,WE,Federal Contract Tower,0,15,18,0,33,0,26,43,2,71,0,41,61,2,104,10,8,18,122
03/17/2015,SMX,CA,AWP,WE,Federal Contract Tower,0,15,15,0,30,0,32,37,0,69,0,47,52,0,99,44,0,44,143
03/18/2015,SMX,CA,AWP,WE,Federal Contract Tower,2,9,11,3,25,0,29,29,0,58,2,38,40,3,83,34,0,34,117
03/19/2015,SMX,CA,AWP,WE,Federal Contract Tower,0,14,11,4,29,0,19,38,0,57,0,33,49,4,86,30,8,38,124
03/20/2015,SMX,CA,AWP,WE,Federal Contract Tower,2,14,6,1,23,0,13,51,3,67,2,27,57,4,90,58,14,72,162
03/21/2015,SMX,CA,AWP,WE,Federal Contract Tower,0,11,8,0,19,0,5,47,0,52,0,16,55,0,71,10,0,10,81
03/22/2015,SMX,CA,AWP,WE,Federal Contract Tower,2,4,7,0,13,0,9,41,0,50,2,13,48,0,63,24,0,24,87
03/23/2015,SMX,CA,AWP,WE,Federal Contract Tower,0,10,13,0,23,0,25,23,0,48,0,35,36,0,71,20,0,20,91
03/24/2015,SMX,CA,AWP,WE,Federal Contract Tower,0,14,21,2,37,0,27,32,0,59,0,41,53,2,96,20,6,26,122
03/25/2015,SMX,CA,AWP,WE,Federal Contract Tower,2,13,6,1,22,0,25,17,0,42,2,38,23,1,64,8,10,18,82
03/26/2015,SMX,CA,AWP,WE,Federal Contract Tower,0,13,15,0,28,0,30,36,0,66,0,43,51,0,94,32,18,50,144
03/27/2015,SMX,CA,AWP,WE,Federal Contract Tower,2,14,15,0,31,0,14,62,0,76,2,28,77,0,107,26,0,26,133
03/28/2015,SMX,CA,AWP,WE,Federal Contract Tower,0,6,15,0,21,0,8,63,0,71,0,14,78,0,92,38,0,38,130
03/29/2015,SMX,CA,AWP,WE,Federal Contract Tower,2,6,8,0,16,0,16,47,0,63,2,22,55,0,79,28,0,28,107
03/30/2015,SMX,CA,AWP,WE,Federal Contract Tower,0,9,9,0,18,0,27,41,0,68,0,36,50,0,86,22,0,22,108
03/31/2015,SMX,CA,AWP,WE,Federal Contract Tower,0,14,7,0,21,0,12,20,0,32,0,26,27,0,53,20,0,20,73
04/01/2015,SMX,CA,AWP,WE,Federal Contract Tower,2,11,9,0,22,0,23,28,0,51,2,34,37,0,73,30,0,30,103
04/02/2015,SMX,CA,AWP,WE,Federal Contract Tower,0,14,15,0,29,0,28,41,0,69,0,42,56,0,98,22,0,22,120
04/03/2015,SMX,CA,AWP,WE,Federal Contract Tower,2,10,5,0,17,0,19,32,0,51,2,29,37,0,68,22,0,22,90
04/04/2015,SMX,CA,AWP,WE,Federal Contract Tower,0,6,11,0,17,0,5,51,0,56,0,11,62,0,73,20,0,20,93
04/05/2015,SMX,CA,AWP,WE,Federal Contract Tower,2,3,4,0,9,0,10,22,0,32,2,13,26,0,41,16,0,16,57
04/06/2015,SMX,CA,AWP,WE,Federal Contract Tower,0,10,10,0,20,0,26,35,0,61,0,36,45,0,81,24,0,24,105
04/07/2015,SMX,CA,AWP,WE,Federal Contract Tower,0,14,9,0,23,0,22,4,0,26,0,36,13,0,49,0,0,0,49
04/08/2015,SMX,CA,AWP,WE,Federal Contract Tower,2,13,11,0,26,0,16,24,0,40,2,29,35,0,66,30,0,30,96
04/09/2015,SMX,CA,AWP,WE,Federal Contract Tower,0,12,10,2,24,0,21,50,0,71,0,33,60,2,95,50,4,54,149
04/10/2015,SMX,CA,AWP,WE,Federal Contract Tower,2,12,12,0,26,0,23,57,0,80,2,35,69,0,106,0,38,38,144
04/11/2015,SMX,CA,AWP,WE,Federal Contract Tower,0,8,15,0,23,0,9,58,0,67,0,17,73,0,90,36,0,36,126
04/12/2015,SMX,CA,AWP,WE,Federal Contract Tower,4,4,11,0,19,0,10,55,0,65,4,14,66,0,84,40,0,40,124
04/13/2015,SMX,CA,AWP,WE,Federal Contract Tower,0,22,7,2,31,0,13,30,0,43,0,35,37,2,74,10,0,10,84
04/14/2015,SMX,CA,AWP,WE,Federal Contract Tower,0,10,13,0,23,0,15,15,0,30,0,25,28,0,53,6,0,6,59
04/15/2015,SMX,CA,AWP,WE,Federal Contract Tower,2,13,10,2,27,0,22,20,0,42,2,35,30,2,69,14,4,18,87
04/16/2015,SMX,CA,AWP,WE,Federal Contract Tower,2,12,11,1,26,0,24,26,1,51,2,36,37,2,77,48,2,50,127
04/17/2015,SMX,CA,AWP,WE,Federal Contract Tower,4,13,7,0,24,0,24,57,0,81,4,37,64,0,105,72,0,72,177
04/18/2015,SMX,CA,AWP,WE,Federal Contract Tower,0,7,7,0,14,0,4,48,0,52,0,11,55,0,66,26,0,26,92
04/19/2015,SMX,CA,AWP,WE,Federal Contract Tower,2,12,11,0,25,0,4,34,0,38,2,16,45,0,63,34,0,34,97
04/20/2015,SMX,CA,AWP,WE,Federal Contract Tower,0,17,15,0,32,0,9,22,0,31,0,26,37,0,63,38,0,38,101
04/21/2015,SMX,CA,AWP,WE,Federal Contract Tower,0,14,20,0,34,0,17,15,0,32,0,31,35,0,66,16,0,16,82
04/22/2015,SMX,CA,AWP,WE,Federal Contract Tower,2,13,9,5,29,0,21,22,0,43,2,34,31,5,72,32,6,38,110
04/23/2015,SMX,CA,AWP,WE,Federal Contract Tower,0,14,30,0,44,0,18,33,0,51,0,32,63,0,95,14,0,14,109
04/24/2015,SMX,CA,AWP,WE,Federal Contract Tower,2,10,18,0,30,0,21,72,0,93,2,31,90,0,123,50,0,50,173
04/25/2015,SMX,CA,AWP,WE,Federal Contract Tower,0,9,46,0,55,0,8,29,0,37,0,17,75,0,92,40,0,40,132
04/26/2015,SMX,CA,AWP,WE,Federal Contract Tower,1,6,26,0,33,0,14,62,0,76,1,20,88,0,109,24,0,24,133
04/27/2015,SMX,CA,AWP,WE,Federal Contract Tower,0,10,7,0,17,0,21,29,0,50,0,31,36,0,67,48,0,48,115
04/28/2015,SMX,CA,AWP,WE,Federal Contract Tower,0,18,20,0,38,0,12,38,0,50,0,30,58,0,88,48,0,48,136
04/29/2015,SMX,CA,AWP,WE,Federal Contract Tower,2,14,25,2,43,0,14,41,0,55,2,28,66,2,98,32,0,32,130
04/30/2015,SMX,CA,AWP,WE,Federal Contract Tower,0,13,9,1,23,0,24,62,0,86,0,37,71,1,109,24,0,24,133
05/01/2015,SMX,CA,AWP,WE,Federal Contract Tower,2,12,19,1,34,0,16,40,3,59,2,28,59,4,93,48,0,48,141
05/02/2015,SMX,CA,AWP,WE,Federal Contract Tower,1,8,15,1,25,0,2,33,0,35,1,10,48,1,60,22,0,22,82
05/03/2015,SMX,CA,AWP,WE,Federal Contract Tower,2,6,10,0,18,0,6,40,4,50,2,12,50,4,68,6,0,6,74
05/04/2015,SMX,CA,AWP,WE,Federal Contract Tower,0,13,12,0,25,0,22,10,0,32,0,35,22,0,57,16,0,16,73
05/05/2015,SMX,CA,AWP,WE,Federal Contract Tower,0,22,20,1,43,0,25,17,0,42,0,47,37,1,85,40,2,42,127
05/06/2015,SMX,CA,AWP,WE,Federal Contract Tower,2,16,19,2,39,0,18,24,0,42,2,34,43,2,81,10,6,16,97
05/07/2015,SMX,CA,AWP,WE,Federal Contract Tower,0,13,24,4,41,0,17,9,0,26,0,30,33,4,67,0,0,0,67
05/08/2015,SMX,CA,AWP,WE,Federal Contract Tower,2,13,20,0,35,0,18,16,0,34,2,31,36,0,69,26,0,26,95
05/09/2015,SMX,CA,AWP,WE,Federal Contract Tower,0,8,15,0,23,0,9,41,0,50,0,17,56,0,73,18,0,18,91
05/10/2015,SMX,CA,AWP,WE,Federal Contract Tower,2,3,11,0,16,0,5,27,0,32,2,8,38,0,48,12,0,12,60
05/11/2015,SMX,CA,AWP,WE,Federal Contract Tower,0,17,7,1,25,0,11,19,2,32,0,28,26,3,57,18,20,38,95
05/12/2015,SMX,CA,AWP,WE,Federal Contract Tower,0,13,19,0,32,0,17,41,0,58,0,30,60,0,90,58,2,60,150
05/13/2015,SMX,CA,AWP,WE,Federal Contract Tower,2,10,18,0,30,0,23,36,0,59,2,33,54,0,89,16,0,16,105
05/14/2015,SMX,CA,AWP,WE,Federal Contract Tower,0,10,8,1,19,0,12,23,0,35,0,22,31,1,54,6,2,8,62
05/15/2015,SMX,CA,AWP,WE,Federal Contract Tower,2,11,12,0,25,0,6,28,2,36,2,17,40,2,61,12,0,12,73
05/16/2015,SMX,CA,AWP,WE,Federal Contract Tower,0,7,10,0,17,0,6,64,0,70,0,13,74,0,87,44,0,44,131
05/17/2015,SMX,CA,AWP,WE,Federal Contract Tower,2,7,10,0,19,0,3,48,0,51,2,10,58,0,70,18,0,18,88
05/18/2015,SMX,CA,AWP,WE,Federal Contract Tower,1,7,17,1,26,0,26,43,0,69,1,33,60,1,95,32,2,34,129
05/19/2015,SMX,CA,AWP,WE,Federal Contract Tower,0,12,11,0,23,0,24,31,0,55,0,36,42,0,78,62,0,62,140
05/20/2015,SMX,CA,AWP,WE,Federal Contract Tower,2,12,15,1,30,0,26,21,1,48,2,38,36,2,78,2,0,2,80
05/21/2015,SMX,CA,AWP,WE,Federal Contract Tower,0,12,19,3,34,0,18,24,0,42,0,30,43,3,76,10,0,10,86
05/22/2015,SMX,CA,AWP,WE,Federal Contract Tower,2,16,18,0,36,0,11,22,0,33,2,27,40,0,69,22,0,22,91
05/23/2015,SMX,CA,AWP,WE,Federal Contract Tower,0,6,8,0,14,0,3,33,0,36,0,9,41,0,50,52,0,52,102
05/24/2015,SMX,CA,AWP,WE,Federal Contract Tower,2,6,12,0,20,0,8,38,0,46,2,14,50,0,66,36,0,36,102
05/25/2015,SMX,CA,AWP,WE,Federal Contract Tower,0,9,16,0,25,0,9,44,0,53,0,18,60,0,78,44,0,44,122
05/26/2015,SMX,CA,AWP,WE,Federal Contract Tower,0,8,14,1,23,0,16,18,1,35,0,24,32,2,58,42,2,44,102
05/27/2015,SMX,CA,AWP,WE,Federal Contract Tower,2,14,25,1,42,0,25,34,0,59,2,39,59,1,101,28,4,32,133
05/28/2015,SMX,CA,AWP,WE,Federal Contract Tower,0,16,24,0,40,0,10,35,0,45,0,26,59,0,85,36,0,36,121
05/29/2015,SMX,CA,AWP,WE,Federal Contract Tower,2,15,18,4,39,0,6,35,0,41,2,21,53,4,80,18,0,18,98
05/30/2015,SMX,CA,AWP,WE,Federal Contract Tower,0,6,8,0,14,0,11,56,0,67,0,17,64,0,81,28,0,28,109
05/31/2015,SMX,CA,AWP,WE,Federal Contract Tower,2,6,13,0,21,0,5,38,0,43,2,11,51,0,64,26,0,26,90
06/01/2015,SMX,CA,AWP,WE,Federal Contract Tower,0,9,2,0,11,0,22,29,0,51,0,31,31,0,62,14,0,14,76
06/02/2015,SMX,CA,AWP,WE,Federal Contract Tower,1,15,10,0,26,0,24,21,4,49,1,39,31,4,75,18,0,18,93
06/03/2015,SMX,CA,AWP,WE,Federal Contract Tower,2,19,11,0,32,0,3,26,0,29,2,22,37,0,61,16,0,16,77
06/04/2015,SMX,CA,AWP,WE,Federal Contract Tower,0,11,17,1,29,0,24,25,1,50,0,35,42,2,79,8,0,8,87
06/05/2015,SMX,CA,AWP,WE,Federal Contract Tower,4,9,8,0,21,0,17,52,3,72,4,26,60,3,93,40,4,44,137
06/06/2015,SMX,CA,AWP,WE,Federal Contract Tower,0,7,13,0,20,0,13,46,0,59,0,20,59,0,79,68,0,68,147
06/07/2015,SMX,CA,AWP,WE,Federal Contract Tower,2,8,15,2,27,0,6,56,0,62,2,14,71,2,89,34,0,34,123
06/08/2015,SMX,CA,AWP,WE,Federal Contract Tower,2,12,13,1,28,0,8,47,1,56,2,20,60,2,84,32,0,32,116
06/09/2015,SMX,CA,AWP,WE,Federal Contract Tower,0,12,4,3,19,0,18,3,0,21,0,30,7,3,40,0,8,8,48
06/10/2015,SMX,CA,AWP,WE,Federal Contract Tower,0,9,11,3,23,0,10,37,1,48,0,19,48,4,71,30,18,48,119
06/11/2015,SMX,CA,AWP,WE,Federal Contract Tower,2,16,27,0,45,0,13,21,0,34,2,29,48,0,79,16,0,16,95
06/12/2015,SMX,CA,AWP,WE,Federal Contract Tower,1,18,22,1,42,0,6,53,1,60,1,24,75,2,102,58,0,58,160
06/13/2015,SMX,CA,AWP,WE,Federal Contract Tower,0,5,19,0,24,0,8,40,0,48,0,13,59,0,72,56,0,56,128
06/14/2015,SMX,CA,AWP,WE,Federal Contract Tower,2,5,15,0,22,0,3,49,0,52,2,8,64,0,74,44,0,44,118
06/15/2015,SMX,CA,AWP,WE,Federal Contract Tower,2,19,12,0,33,0,8,21,0,29,2,27,33,0,62,0,0,0,62
06/16/2015,SMX,CA,AWP,WE,Federal Contract Tower,0,17,16,0,33,0,16,31,0,47,0,33,47,0,80,10,0,10,90
06/17/2015,SMX,CA,AWP,WE,Federal Contract Tower,12,13,2,0,27,0,12,54,0,66,12,25,56,0,93,34,0,34,127
06/18/2015,SMX,CA,AWP,WE,Federal Contract Tower,2,11,17,0,30,0,11,36,0,47,2,22,53,0,77,32,0,32,109
06/19/2015,SMX,CA,AWP,WE,Federal Contract Tower,0,12,10,0,22,0,23,60,0,83,0,35,70,0,105,56,0,56,161
06/20/2015,SMX,CA,AWP,WE,Federal Contract Tower,0,6,11,0,17,0,6,62,0,68,0,12,73,0,85,26,0,26,111
06/21/2015,SMX,CA,AWP,WE,Federal Contract Tower,2,7,16,0,25,0,3,31,0,34,2,10,47,0,59,14,0,14,73
06/22/2015,SMX,CA,AWP,WE,Federal Contract Tower,1,13,18,0,32,0,14,35,0,49,1,27,53,0,81,10,0,10,91
06/23/2015,SMX,CA,AWP,WE,Federal Contract Tower,0,16,9,0,25,0,8,49,0,57,0,24,58,0,82,38,0,38,120
06/24/2015,SMX,CA,AWP,WE,Federal Contract Tower,0,9,19,1,29,0,18,47,0,65,0,27,66,1,94,32,0,32,126
06/25/2015,SMX,CA,AWP,WE,Federal Contract Tower,2,11,16,3,32,0,11,33,0,44,2,22,49,3,76,20,4,24,100
06/26/2015,SMX,CA,AWP,WE,Federal Contract Tower,1,9,26,0,36,0,10,35,0,45,1,19,61,0,81,32,0,32,113
06/27/2015,SMX,CA,AWP,WE,Federal Contract Tower,2,11,15,0,28,0,13,40,0,53,2,24,55,0,81,56,4,60,141
06/28/2015,SMX,CA,AWP,WE,Federal Contract Tower,3,3,15,0,21,0,0,38,0,38,3,3,53,0,59,8,4,12,71
06/29/2015,SMX,CA,AWP,WE,Federal Contract Tower,2,16,4,0,22,0,12,79,0,91,2,28,83,0,113,12,0,12,125
06/30/2015,SMX,CA,AWP,WE,Federal Contract Tower,0,11,1,3,15,0,5,49,3,57,0,16,50,6,72,54,10,64,136
07/01/2015,SMX,CA,AWP,WE,Federal Contract Tower,0,11,10,4,25,0,24,46,0,70,0,35,56,4,95,42,32,74,169
07/02/2015,SMX,CA,AWP,WE,Federal Contract Tower,2,14,4,0,20,0,19,48,0,67,2,33,52,0,87,30,0,30,117
07/03/2015,SMX,CA,AWP,WE,Federal Contract Tower,0,7,13,4,24,0,9,37,0,46,0,16,50,4,70,40,0,40,110
07/04/2015,SMX,CA,AWP,WE,Federal Contract Tower,0,3,7,1,11,0,10,17,0,27,0,13,24,1,38,8,0,8,46
07/05/2015,SMX,CA,AWP,WE,Federal Contract Tower,2,4,13,0,19,0,9,29,0,38,2,13,42,0,57,16,0,16,73
07/06/2015,SMX,CA,AWP,WE,Federal Contract Tower,2,9,19,2,32,0,16,30,0,46,2,25,49,2,78,20,2,22,100
07/07/2015,SMX,CA,AWP,WE,Federal Contract Tower,0,15,8,0,23,0,17,19,0,36,0,32,27,0,59,14,0,14,73
07/08/2015,SMX,CA,AWP,WE,Federal Contract Tower,0,10,9,1,20,0,17,33,0,50,0,27,42,1,70,12,24,36,106
07/09/2015,SMX,CA,AWP,WE,Federal Contract Tower,2,12,11,0,25,0,18,35,0,53,2,30,46,0,78,20,0,20,98
07/10/2015,SMX,CA,AWP,WE,Federal Contract Tower,0,10,13,0,23,0,19,63,0,82,0,29,76,0,105,18,0,18,123
07/11/2015,SMX,CA,AWP,WE,Federal Contract Tower,0,5,11,0,16,0,11,74,0,85,0,16,85,0,101,4,0,4,105
07/12/2015,SMX,CA,AWP,WE,Federal Contract Tower,2,4,9,0,15,0,19,64,0,83,2,23,73,0,98,24,0,24,122
07/13/2015,SMX,CA,AWP,WE,Federal Contract Tower,2,10,7,2,21,0,22,30,0,52,2,32,37,2,73,28,42,70,143
07/14/2015,SMX,CA,AWP,WE,Federal Contract Tower,0,21,15,0,36,0,11,21,0,32,0,32,36,0,68,16,0,16,84
07/15/2015,SMX,CA,AWP,WE,Federal Contract Tower,0,19,7,0,26,0,15,22,0,37,0,34,29,0,63,40,0,40,103
07/16/2015,SMX,CA,AWP,WE,Federal Contract Tower,2,10,14,0,26,0,24,55,0,79,2,34,69,0,105,20,0,20,125
07/17/2015,SMX,CA,AWP,WE,Federal Contract Tower,2,13,10,0,25,0,9,31,0,40,2,22,41,0,65,0,0,0,65
07/18/2015,SMX,CA,AWP,WE,Federal Contract Tower,0,5,6,0,11,0,14,60,8,82,0,19,66,8,93,26,0,26,119
07/19/2015,SMX,CA,AWP,WE,Federal Contract Tower,2,3,9,0,14,0,9,30,6,45,2,12,39,6,59,10,0,10,69
07/20/2015,SMX,CA,AWP,WE,Federal Contract Tower,2,7,5,0,14,0,23,23,10,56,2,30,28,10,70,14,0,14,84
07/21/2015,SMX,CA,AWP,WE,Federal Contract Tower,0,11,14,0,25,0,14,32,0,46,0,25,46,0,71,24,2,26,97
07/22/2015,SMX,CA,AWP,WE,Federal Contract Tower,0,13,20,0,33,0,6,14,0,20,0,19,34,0,53,18,0,18,71
07/23/2015,SMX,CA,AWP,WE,Federal Contract Tower,2,16,8,0,26,0,13,30,0,43,2,29,38,0,69,26,0,26,95
07/24/2015,SMX,CA,AWP,WE,Federal Contract Tower,2,9,12,0,23,0,15,58,0,73,2,24,70,0,96,24,0,24,120
07/25/2015,SMX,CA,AWP,WE,Federal Contract Tower,1,6,5,2,14,0,17,66,0,83,1,23,71,2,97,24,0,24,121
07/26/2015,SMX,CA,AWP,WE,Federal Contract Tower,2,3,12,0,17,0,1,32,0,33,2,4,44,0,50,6,0,6,56
07/27/2015,SMX,CA,AWP,WE,Federal Contract Tower,2,14,9,0,25,0,10,37,0,47,2,24,46,0,72,14,0,14,86
07/28/2015,SMX,CA,AWP,WE,Federal Contract Tower,1,14,13,0,28,0,11,39,0,50,1,25,52,0,78,30,0,30,108
07/29/2015,SMX,CA,AWP,WE,Federal Contract Tower,2,16,13,1,32,0,12,47,0,59,2,28,60,1,91,54,4,58,149
07/30/2015,SMX,CA,AWP,WE,Federal Contract Tower,0,16,13,0,29,0,13,38,0,51,0,29,51,0,80,24,0,24,104
07/31/2015,SMX,CA,AWP,WE,Federal Contract Tower,2,11,11,0,24,0,9,50,2,61,2,20,61,2,85,44,18,62,147
08/01/2015,SMX,CA,AWP,WE,Federal Contract Tower,0,8,17,0,25,0,6,83,0,89,0,14,100,0,114,14,0,14,128
08/02/2015,SMX,CA,AWP,WE,Federal Contract Tower,2,5,14,0,21,0,3,98,0,101,2,8,112,0,122,32,0,32,154
08/03/2015,SMX,CA,AWP,WE,Federal Contract Tower,0,8,14,1,23,0,22,22,1,45,0,30,36,2,68,22,2,24,92
08/04/2015,SMX,CA,AWP,WE,Federal Contract Tower,0,16,3,0,19,0,14,51,0,65,0,30,54,0,84,46,0,46,130
08/05/2015,SMX,CA,AWP,WE,Federal Contract Tower,2,14,11,1,28,0,16,35,1,52,2,30,46,2,80,36,12,48,128
08/06/2015,SMX,CA,AWP,WE,Federal Contract Tower,0,18,24,2,44,0,6,32,2,40,0,24,56,4,84,6,4,10,94
08/07/2015,SMX,CA,AWP,WE,Federal Contract Tower,2,14,9,0,25,0,17,36,0,53,2,31,45,0,78,35,0,35,113
08/08/2015,SMX,CA,AWP,WE,Federal Contract Tower,0,5,7,0,12,0,20,61,0,81,0,25,68,0,93,20,0,20,113
08/09/2015,SMX,CA,AWP,WE,Federal Contract Tower,2,7,9,0,18,0,0,45,2,47,2,7,54,2,65,50,0,50,115
08/10/2015,SMX,CA,AWP,WE,Federal Contract Tower,0,19,15,2,36,0,8,22,0,30,0,27,37,2,66,18,0,18,84
08/11/2015,SMX,CA,AWP,WE,Federal Contract Tower,0,28,11,1,40,0,11,26,0,37,0,39,37,1,77,28,2,30,107
08/12/2015,SMX,CA,AWP,WE,Federal Contract Tower,2,13,5,0,20,0,21,41,0,62,2,34,46,0,82,12,0,12,94
08/13/2015,SMX,CA,AWP,WE,Federal Contract Tower,0,13,13,2,28,0,11,31,2,44,0,24,44,4,72,38,0,38,110
08/14/2015,SMX,CA,AWP,WE,Federal Contract Tower,2,8,9,0,19,0,19,49,2,70,2,27,58,2,89,8,14,22,111
08/15/2015,SMX,CA,AWP,WE,Federal Contract Tower,0,4,17,0,21,0,14,44,0,58,0,18,61,0,79,12,0,12,91
08/16/2015,SMX,CA,AWP,WE,Federal Contract Tower,2,6,7,0,15,0,6,44,0,50,2,12,51,0,65,48,0,48,113
08/17/2015,SMX,CA,AWP,WE,Federal Contract Tower,0,12,7,0,19,0,10,42,0,52,0,22,49,0,71,22,0,22,93
08/18/2015,SMX,CA,AWP,WE,Federal Contract Tower,0,16,22,1,39,0,8,25,2,35,0,24,47,3,74,16,2,18,92
08/19/2015,SMX,CA,AWP,WE,Federal Contract Tower,2,19,13,0,34,0,7,51,23,81,2,26,64,23,115,48,0,48,163
08/20/2015,SMX,CA,AWP,WE,Federal Contract Tower,0,14,8,0,22,0,21,71,0,92,0,35,79,0,114,48,0,48,162
08/21/2015,SMX,CA,AWP,WE,Federal Contract Tower,2,12,16,0,30,0,16,22,0,38,2,28,38,0,68,22,0,22,90
08/22/2015,SMX,CA,AWP,WE,Federal Contract Tower,0,5,7,0,12,0,16,22,0,38,0,21,29,0,50,54,0,54,104
08/23/2015,SMX,CA,AWP,WE,Federal Contract Tower,2,11,2,0,15,0,11,43,0,54,2,22,45,0,69,68,0,68,137
08/24/2015,SMX,CA,AWP,WE,Federal Contract Tower,0,19,18,0,37,0,11,27,2,40,0,30,45,2,77,32,0,32,109
08/25/2015,SMX,CA,AWP,WE,Federal Contract Tower,0,14,13,2,29,0,22,34,0,56,0,36,47,2,85,64,10,74,159
08/26/2015,SMX,CA,AWP,WE,Federal Contract Tower,2,13,19,0,34,0,15,36,0,51,2,28,55,0,85,8,0,8,93
08/27/2015,SMX,CA,AWP,WE,Federal Contract Tower,0,8,11,2,21,0,19,54,0,73,0,27,65,2,94,36,14,50,144
08/28/2015,SMX,CA,AWP,WE,Federal Contract Tower,2,9,9,0,20,0,19,31,6,56,2,28,40,6,76,18,0,18,94
08/29/2015,SMX,CA,AWP,WE,Federal Contract Tower,0,7,9,0,16,0,9,31,6,46,0,16,40,6,62,24,0,24,86
08/30/2015,SMX,CA,AWP,WE,Federal Contract Tower,2,5,9,0,16,0,7,48,0,55,2,12,57,0,71,24,0,24,95
08/31/2015,SMX,CA,AWP,WE,Federal Contract Tower,0,8,5,1,14,0,19,27,0,46,0,27,32,1,60,14,2,16,76
09/01/2015,SMX,CA,AWP,WE,Federal Contract Tower,0,19,15,3,37,0,10,27,0,37,0,29,42,3,74,20,14,34,108
09/02/2015,SMX,CA,AWP,WE,Federal Contract Tower,2,11,15,2,30,0,16,49,0,65,2,27,64,2,95,20,14,34,129
09/03/2015,SMX,CA,AWP,WE,Federal Contract Tower,0,12,13,0,25,0,17,37,0,54,0,29,50,0,79,10,0,10,89
09/04/2015,SMX,CA,AWP,WE,Federal Contract Tower,4,7,11,0,22,0,12,61,0,73,4,19,72,0,95,20,4,24,119
09/05/2015,SMX,CA,AWP,WE,Federal Contract Tower,0,4,8,0,12,0,12,49,0,61,0,16,57,0,73,40,0,40,113
09/06/2015,SMX,CA,AWP,WE,Federal Contract Tower,2,3,8,0,13,0,1,50,2,53,2,4,58,2,66,38,0,38,104
09/07/2015,SMX,CA,AWP,WE,Federal Contract Tower,0,4,18,0,22,0,8,51,0,59,0,12,69,0,81,26,2,28,109
09/08/2015,SMX,CA,AWP,WE,Federal Contract Tower,0,11,5,0,16,0,26,45,0,71,0,37,50,0,87,40,0,40,127
09/09/2015,SMX,CA,AWP,WE,Federal Contract Tower,2,17,16,3,38,0,28,42,8,78,2,45,58,11,116,10,14,24,140
09/10/2015,SMX,CA,AWP,WE,Federal Contract Tower,0,15,10,2,27,0,17,45,0,62,0,32,55,2,89,24,8,32,121
09/11/2015,SMX,CA,AWP,WE,Federal Contract Tower,2,10,11,1,24,0,21,47,6,74,2,31,58,7,98,24,2,26,124
09/12/2015,SMX,CA,AWP,WE,Federal Contract Tower,0,7,5,0,12,0,1,71,4,76,0,8,76,4,88,10,0,10,98
09/13/2015,SMX,CA,AWP,WE,Federal Contract Tower,2,3,12,0,17,0,11,61,2,74,2,14,73,2,91,34,0,34,125
09/14/2015,SMX,CA,AWP,WE,Federal Contract Tower,1,12,9,0,22,0,18,9,0,27,1,30,18,0,49,16,0,16,65
09/15/2015,SMX,CA,AWP,WE,Federal Contract Tower,0,28,12,0,40,0,16,10,0,26,0,44,22,0,66,40,0,40,106
09/16/2015,SMX,CA,AWP,WE,Federal Contract Tower,2,14,16,0,32,0,20,33,0,53,2,34,49,0,85,70,0,70,155
09/17/2015,SMX,CA,AWP,WE,Federal Contract Tower,0,17,22,0,39,0,22,54,0,76,0,39,76,0,115,38,0,38,153
09/18/2015,SMX,CA,AWP,WE,Federal Contract Tower,4,13,11,0,28,0,17,47,0,64,4,30,58,0,92,50,0,50,142
09/19/2015,SMX,CA,AWP,WE,Federal Contract Tower,0,7,8,0,15,0,11,49,0,60,0,18,57,0,75,58,0,58,133
09/20/2015,SMX,CA,AWP,WE,Federal Contract Tower,2,5,3,0,10,0,6,63,1,70,2,11,66,1,80,62,0,62,142
09/21/2015,SMX,CA,AWP,WE,Federal Contract Tower,0,9,16,0,25,0,16,46,0,62,0,25,62,0,87,30,0,30,117
09/22/2015,SMX,CA,AWP,WE,Federal Contract Tower,0,16,7,0,23,0,15,21,0,36,0,31,28,0,59,56,0,56,115
09/23/2015,SMX,CA,AWP,WE,Federal Contract Tower,2,19,9,0,30,0,15,48,2,65,2,34,57,2,95,8,0,8,103
09/24/2015,SMX,CA,AWP,WE,Federal Contract Tower,0,12,6,2,20,0,15,40,0,55,0,27,46,2,75,8,0,8,83
09/25/2015,SMX,CA,AWP,WE,Federal Contract Tower,4,13,7,0,24,0,16,30,0,46,4,29,37,0,70,52,0,52,122
09/26/2015,SMX,CA,AWP,WE,Federal Contract Tower,1,7,4,1,13,0,7,61,0,68,1,14,65,1,81,32,0,32,113
09/27/2015,SMX,CA,AWP,WE,Federal Contract Tower,2,3,5,0,10,0,2,57,0,59,2,5,62,0,69,30,0,30,99
09/28/2015,SMX,CA,AWP,WE,Federal Contract Tower,0,23,13,2,38,0,12,28,0,40,0,35,41,2,78,34,8,42,120
09/29/2015,SMX,CA,AWP,WE,Federal Contract Tower,0,17,20,0,37,0,11,42,0,53,0,28,62,0,90,28,0,28,118
09/30/2015,SMX,CA,AWP,WE,Federal Contract Tower,2,14,7,0,23,0,19,43,0,62,2,33,50,0,85,40,0,40,125
10/01/2015,SMX,CA,AWP,WE,Federal Contract Tower,0,12,8,0,20,0,10,47,0,57,0,22,55,0,77,28,0,28,105
10/02/2015,SMX,CA,AWP,WE,Federal Contract Tower,2,10,6,1,19,0,15,47,0,62,2,25,53,1,81,48,12,60,141
10/03/2015,SMX,CA,AWP,WE,Federal Contract Tower,0,5,9,0,14,0,8,26,0,34,0,13,35,0,48,36,0,36,84
10/04/2015,SMX,CA,AWP,WE,Federal Contract Tower,2,7,11,0,20,0,7,27,0,34,2,14,38,0,54,22,0,22,76
10/05/2015,SMX,CA,AWP,WE,Federal Contract Tower,0,7,9,0,16,0,23,41,2,66,0,30,50,2,82,42,16,58,140
10/06/2015,SMX,CA,AWP,WE,Federal Contract Tower,0,14,11,0,25,0,15,44,0,59,0,29,55,0,84,30,0,30,114
10/07/2015,SMX,CA,AWP,WE,Federal Contract Tower,2,9,18,1,30,0,17,37,0,54,2,26,55,1,84,28,0,28,112
10/08/2015,SMX,CA,AWP,WE,Federal Contract Tower,0,12,12,1,25,0,17,52,1,70,0,29,64,2,95,12,0,12,107
10/09/2015,SMX,CA,AWP,WE,Federal Contract Tower,2,9,13,1,25,0,15,52,0,67,2,24,65,1,92,34,14,48,140
10/10/2015,SMX,CA,AWP,WE,Federal Contract Tower,0,5,3,1,9,0,10,38,0,48,0,15,41,1,57,26,0,26,83
10/11/2015,SMX,CA,AWP,WE,Federal Contract Tower,2,2,8,0,12,0,9,46,0,55,2,11,54,0,67,26,0,26,93
10/12/2015,SMX,CA,AWP,WE,Federal Contract Tower,0,8,11,0,19,0,26,33,0,59,0,34,44,0,78,46,0,46,124
10/13/2015,SMX,CA,AWP,WE,Federal Contract Tower,0,14,9,0,23,0,16,39,1,56,0,30,48,1,79,8,4,12,91
10/14/2015,SMX,CA,AWP,WE,Federal Contract Tower,2,13,26,0,41,0,6,21,0,27,2,19,47,0,68,10,0,10,78
10/15/2015,SMX,CA,AWP,WE,Federal Contract Tower,0,19,11,0,30,0,17,21,0,38,0,36,32,0,68,16,0,16,84
10/16/2015,SMX,CA,AWP,WE,Federal Contract Tower,1,19,20,0,40,0,9,7,0,16,1,28,27,0,56,4,0,4,60
10/17/2015,SMX,CA,AWP,WE,Federal Contract Tower,0,9,15,0,24,0,0,9,0,9,0,9,24,0,33,2,0,2,35
10/18/2015,SMX,CA,AWP,WE,Federal Contract Tower,0,3,2,0,5,0,5,28,0,33,0,8,30,0,38,40,0,40,78
10/19/2015,SMX,CA,AWP,WE,Federal Contract Tower,0,8,3,2,13,0,12,24,0,36,0,20,27,2,49,18,0,18,67
10/20/2015,SMX,CA,AWP,WE,Federal Contract Tower,0,16,12,0,28,0,12,34,0,46,0,28,46,0,74,16,0,16,90
10/21/2015,SMX,CA,AWP,WE,Federal Contract Tower,2,14,12,1,29,0,17,33,0,50,2,31,45,1,79,36,0,36,115
10/22/2015,SMX,CA,AWP,WE,Federal Contract Tower,0,21,24,0,45,0,3,27,0,30,0,24,51,0,75,16,0,16,91
10/23/2015,SMX,CA,AWP,WE,Federal Contract Tower,1,11,10,0,22,0,16,46,4,66,1,27,56,4,88,24,0,24,112
10/24/2015,SMX,CA,AWP,WE,Federal Contract Tower,1,6,12,0,19,0,7,33,0,40,1,13,45,0,59,48,0,48,107
10/25/2015,SMX,CA,AWP,WE,Federal Contract Tower,2,3,5,0,10,0,8,36,0,44,2,11,41,0,54,40,0,40,94
10/26/2015,SMX,CA,AWP,WE,Federal Contract Tower,0,12,10,0,22,0,20,26,0,46,0,32,36,0,68,34,0,34,102
10/27/2015,SMX,CA,AWP,WE,Federal Contract Tower,1,19,12,0,32,0,16,27,0,43,1,35,39,0,75,6,0,6,81
10/28/2015,SMX,CA,AWP,WE,Federal Contract Tower,2,9,11,0,22,0,17,20,0,37,2,26,31,0,59,28,0,28,87
10/29/2015,SMX,CA,AWP,WE,Federal Contract Tower,0,10,5,0,15,0,28,69,0,97,0,38,74,0,112,10,0,10,122
10/30/2015,SMX,CA,AWP,WE,Federal Contract Tower,1,10,12,0,23,0,20,47,0,67,1,30,59,0,90,46,0,46,136
10/31/2015,SMX,CA,AWP,WE,Federal Contract Tower,1,5,4,0,10,0,4,57,0,61,1,9,61,0,71,42,0,42,113
11/01/2015,SMX,CA,AWP,WE,Federal Contract Tower,2,3,11,0,16,0,3,39,0,42,2,6,50,0,58,10,0,10,68
11/02/2015,SMX,CA,AWP,WE,Federal Contract Tower,0,17,6,0,23,0,4,1,0,5,0,21,7,0,28,0,0,0,28
11/03/2015,SMX,CA,AWP,WE,Federal Contract Tower,0,11,7,0,18,0,22,40,0,62,0,33,47,0,80,8,0,8,88
11/04/2015,SMX,CA,AWP,WE,Federal Contract Tower,2,16,8,1,27,0,12,41,2,55,2,28,49,3,82,30,4,34,116
11/05/2015,SMX,CA,AWP,WE,Federal Contract Tower,0,12,9,1,22,0,6,52,0,58,0,18,61,1,80,30,2,32,112
11/06/2015,SMX,CA,AWP,WE,Federal Contract Tower,2,9,7,0,18,0,15,47,8,70,2,24,54,8,88,18,6,24,112
11/07/2015,SMX,CA,AWP,WE,Federal Contract Tower,0,6,7,3,16,0,3,70,2,75,0,9,77,5,91,58,20,78,169
11/08/2015,SMX,CA,AWP,WE,Federal Contract Tower,2,3,6,0,11,0,6,46,0,52,2,9,52,0,63,64,0,64,127
11/09/2015,SMX,CA,AWP,WE,Federal Contract Tower,0,10,13,0,23,0,15,13,0,28,0,25,26,0,51,30,0,30,81
11/10/2015,SMX,CA,AWP,WE,Federal Contract Tower,0,16,12,0,28,0,20,25,0,45,0,36,37,0,73,12,0,12,85
11/11/2015,SMX,CA,AWP,WE,Federal Contract Tower,2,10,20,0,32,0,16,39,0,55,2,26,59,0,87,42,0,42,129
11/12/2015,SMX,CA,AWP,WE,Federal Contract Tower,0,13,7,0,20,0,21,28,3,52,0,34,35,3,72,26,0,26,98
11/13/2015,SMX,CA,AWP,WE,Federal Contract Tower,2,12,15,0,29,0,8,44,2,54,2,20,59,2,83,18,0,18,101
11/14/2015,SMX,CA,AWP,WE,Federal Contract Tower,0,4,4,0,8,0,11,71,0,82,0,15,75,0,90,22,0,22,112
11/15/2015,SMX,CA,AWP,WE,Federal Contract Tower,2,3,8,2,15,0,2,4,3,9,2,5,12,5,24,0,0,0,24
11/16/2015,SMX,CA,AWP,WE,Federal Contract Tower,0,10,14,1,25,0,12,10,0,22,0,22,24,1,47,8,0,8,55
11/17/2015,SMX,CA,AWP,WE,Federal Contract Tower,0,16,12,2,30,0,18,36,0,54,0,34,48,2,84,20,0,20,104
11/18/2015,SMX,CA,AWP,WE,Federal Contract Tower,2,12,9,0,23,0,19,33,0,52,2,31,42,0,75,36,0,36,111
11/19/2015,SMX,CA,AWP,WE,Federal Contract Tower,0,11,12,0,23,0,21,49,0,70,0,32,61,0,93,40,0,40,133
11/20/2015,SMX,CA,AWP,WE,Federal Contract Tower,4,12,9,0,25,0,16,64,3,83,4,28,73,3,108,42,0,42,150
11/21/2015,SMX,CA,AWP,WE,Federal Contract Tower,1,4,8,2,15,0,9,53,3,65,1,13,61,5,80,26,0,26,106
11/22/2015,SMX,CA,AWP,WE,Federal Contract Tower,2,2,4,0,8,0,3,47,0,50,2,5,51,0,58,8,0,8,66
11/23/2015,SMX,CA,AWP,WE,Federal Contract Tower,0,9,9,0,18,0,15,40,0,55,0,24,49,0,73,36,2,38,111
11/24/2015,SMX,CA,AWP,WE,Federal Contract Tower,0,16,11,3,30,0,16,11,0,27,0,32,22,3,57,18,0,18,75
11/25/2015,SMX,CA,AWP,WE,Federal Contract Tower,2,13,9,0,24,0,19,22,0,41,2,32,31,0,65,12,0,12,77
11/26/2015,SMX,CA,AWP,WE,Federal Contract Tower,0,4,0,0,4,0,7,42,0,49,0,11,42,0,53,36,0,36,89
11/27/2015,SMX,CA,AWP,WE,Federal Contract Tower,2,11,5,0,18,0,8,49,0,57,2,19,54,0,75,14,0,14,89
11/28/2015,SMX,CA,AWP,WE,Federal Contract Tower,0,4,6,0,10,0,7,58,0,65,0,11,64,0,75,34,0,34,109
11/29/2015,SMX,CA,AWP,WE,Federal Contract Tower,2,3,13,0,18,0,2,44,0,46,2,5,57,0,64,26,0,26,90
11/30/2015,SMX,CA,AWP,WE,Federal Contract Tower,0,11,9,0,20,0,11,30,0,41,0,22,39,0,61,38,16,54,115
12/01/2015,SMX,CA,AWP,WE,Federal Contract Tower,0,16,14,0,30,0,18,52,2,72,0,34,66,2,102,26,0,26,128
12/02/2015,SMX,CA,AWP,WE,Federal Contract Tower,2,13,7,0,22,0,20,32,0,52,2,33,39,0,74,16,0,16,90
12/03/2015,SMX,CA,AWP,WE,Federal Contract Tower,0,18,18,0,36,0,14,15,0,29,0,32,33,0,65,6,0,6,71
12/04/2015,SMX,CA,AWP,WE,Federal Contract Tower,2,14,12,0,28,0,16,42,0,58,2,30,54,0,86,24,0,24,110
12/05/2015,SMX,CA,AWP,WE,Federal Contract Tower,0,5,5,0,10,0,8,47,0,55,0,13,52,0,65,28,0,28,93
12/06/2015,SMX,CA,AWP,WE,Federal Contract Tower,2,5,4,2,13,0,8,46,0,54,2,13,50,2,67,38,0,38,105
12/07/2015,SMX,CA,AWP,WE,Federal Contract Tower,0,7,8,0,15,0,18,21,0,39,0,25,29,0,54,14,0,14,68
12/08/2015,SMX,CA,AWP,WE,Federal Contract Tower,1,18,16,0,35,0,15,31,0,46,1,33,47,0,81,42,0,42,123
12/09/2015,SMX,CA,AWP,WE,Federal Contract Tower,2,12,17,0,31,0,22,38,0,60,2,34,55,0,91,54,0,54,145
12/10/2015,SMX,CA,AWP,WE,Federal Contract Tower,0,13,9,0,22,0,8,4,0,12,0,21,13,0,34,4,0,4,38
12/11/2015,SMX,CA,AWP,WE,Federal Contract Tower,2,13,12,0,27,0,14,7,0,21,2,27,19,0,48,36,0,36,84
12/12/2015,SMX,CA,AWP,WE,Federal Contract Tower,0,5,9,0,14,0,1,46,0,47,0,6,55,0,61,10,0,10,71
12/13/2015,SMX,CA,AWP,WE,Federal Contract Tower,2,3,6,0,11,0,2,19,0,21,2,5,25,0,32,12,0,12,44
12/14/2015,SMX,CA,AWP,WE,Federal Contract Tower,0,7,3,2,12,0,15,20,0,35,0,22,23,2,47,16,2,18,65
12/15/2015,SMX,CA,AWP,WE,Federal Contract Tower,0,18,11,2,31,0,14,27,2,43,0,32,38,4,74,46,18,64,138
12/16/2015,SMX,CA,AWP,WE,Federal Contract Tower,2,12,6,0,20,0,20,50,0,70,2,32,56,0,90,0,20,20,110
12/17/2015,SMX,CA,AWP,WE,Federal Contract Tower,0,12,10,0,22,0,16,62,0,78,0,28,72,0,100,64,0,64,164
12/18/2015,SMX,CA,AWP,WE,Federal Contract Tower,2,10,14,0,26,0,17,47,2,66,2,27,61,2,92,10,0,10,102
12/19/2015,SMX,CA,AWP,WE,Federal Contract Tower,0,15,8,0,23,0,5,1,0,6,0,20,9,0,29,0,0,0,29
12/20/2015,SMX,CA,AWP,WE,Federal Contract Tower,2,4,3,0,9,0,8,29,0,37,2,12,32,0,46,28,0,28,74
12/21/2015,SMX,CA,AWP,WE,Federal Contract Tower,0,11,7,0,18,0,5,0,0,5,0,16,7,0,23,0,0,0,23
12/22/2015,SMX,CA,AWP,WE,Federal Contract Tower,0,17,26,0,43,0,3,2,0,5,0,20,28,0,48,8,0,8,56
12/23/2015,SMX,CA,AWP,WE,Federal Contract Tower,2,20,3,6,31,1,16,15,0,32,3,36,18,6,63,12,8,20,83
12/24/2015,SMX,CA,AWP,WE,Federal Contract Tower,2,15,4,0,21,0,13,25,0,38,2,28,29,0,59,0,0,0,59
12/25/2015,SMX,CA,AWP,WE,Federal Contract Tower,0,2,1,0,3,0,3,26,0,29,0,5,27,0,32,0,0,0,32
12/26/2015,SMX,CA,AWP,WE,Federal Contract Tower,0,6,8,0,14,0,4,37,0,41,0,10,45,0,55,30,0,30,85
12/27/2015,SMX,CA,AWP,WE,Federal Contract Tower,2,3,10,0,15,0,7,33,0,40,2,10,43,0,55,10,0,10,65
12/28/2015,SMX,CA,AWP,WE,Federal Contract Tower,0,10,13,1,24,0,14,8,0,22,0,24,21,1,46,4,4,8,54
12/29/2015,SMX,CA,AWP,WE,Federal Contract Tower,0,15,10,0,25,0,13,44,0,57,0,28,54,0,82,30,0,30,112
12/30/2015,SMX,CA,AWP,WE,Federal Contract Tower,2,13,10,0,25,0,21,62,0,83,2,34,72,0,108,62,0,62,170
12/31/2015,SMX,CA,AWP,WE,Federal Contract Tower,1,13,5,0,19,0,13,32,0,45,1,26,37,0,64,54,0,54,118
01/01/2016,SMX,CA,AWP,WE,Federal Contract Tower,0,2,5,0,7,0,4,47,0,51,0,6,52,0,58,28,0,28,86
01/02/2016,SMX,CA,AWP,WE,Federal Contract Tower,0,5,8,0,13,0,5,44,0,49,0,10,52,0,62,28,0,28,90
01/03/2016,SMX,CA,AWP,WE,Federal Contract Tower,2,4,8,0,14,0,2,25,0,27,2,6,33,0,41,0,0,0,41
01/04/2016,SMX,CA,AWP,WE,Federal Contract Tower,0,10,6,0,16,0,11,7,0,18,0,21,13,0,34,8,0,8,42
01/05/2016,SMX,CA,AWP,WE,Federal Contract Tower,0,16,4,3,23,0,8,0,0,8,0,24,4,3,31,0,6,6,37
01/06/2016,SMX,CA,AWP,WE,Federal Contract Tower,2,16,6,0,24,0,18,5,0,23,2,34,11,0,47,0,0,0,47
01/07/2016,SMX,CA,AWP,WE,Federal Contract Tower,0,21,9,0,30,0,9,8,0,17,0,30,17,0,47,16,0,16,63
01/08/2016,SMX,CA,AWP,WE,Federal Contract Tower,2,11,16,3,32,0,12,60,2,74,2,23,76,5,106,52,0,52,158
01/09/2016,SMX,CA,AWP,WE,Federal Contract Tower,0,6,15,0,21,0,0,6,0,6,0,6,21,0,27,10,0,10,37
01/10/2016,SMX,CA,AWP,WE,Federal Contract Tower,2,3,8,2,15,0,0,20,1,21,2,3,28,3,36,6,0,6,42
01/11/2016,SMX,CA,AWP,WE,Federal Contract Tower,0,9,15,2,26,0,14,27,0,41,0,23,42,2,67,28,0,28,95
01/12/2016,SMX,CA,AWP,WE,Federal Contract Tower,0,13,2,0,15,0,14,42,0,56,0,27,44,0,71,20,0,20,91
01/13/2016,SMX,CA,AWP,WE,Federal Contract Tower,2,16,10,0,28,0,8,15,0,23,2,24,25,0,51,2,0,2,53
01/14/2016,SMX,CA,AWP,WE,Federal Contract Tower,0,10,11,0,21,0,12,43,0,55,0,22,54,0,76,28,0,28,104
01/15/2016,SMX,CA,AWP,WE,Federal Contract Tower,2,12,10,0,24,0,12,29,4,45,2,24,39,4,69,28,0,28,97
01/16/2016,SMX,CA,AWP,WE,Federal Contract Tower,0,8,2,0,10,0,1,28,0,29,0,9,30,0,39,50,0,50,89
01/17/2016,SMX,CA,AWP,WE,Federal Contract Tower,2,8,8,0,18,0,2,24,0,26,2,10,32,0,44,4,0,4,48
01/18/2016,SMX,CA,AWP,WE,Federal Contract Tower,0,14,19,0,33,0,4,10,0,14,0,18,29,0,47,16,0,16,63
01/19/2016,SMX,CA,AWP,WE,Federal Contract Tower,0,18,14,0,32,0,3,0,0,3,0,21,14,0,35,6,0,6,41
01/20/2016,SMX,CA,AWP,WE,Federal Contract Tower,2,16,26,1,45,0,15,34,0,49,2,31,60,1,94,24,0,24,118
01/21/2016,SMX,CA,AWP,WE,Federal Contract Tower,0,11,9,3,23,0,16,31,0,47,0,27,40,3,70,22,0,22,92
01/22/2016,SMX,CA,AWP,WE,Federal Contract Tower,2,10,10,4,26,0,8,32,0,40,2,18,42,4,66,34,12,46,112
01/23/2016,SMX,CA,AWP,WE,Federal Contract Tower,0,10,2,0,12,0,6,26,0,32,0,16,28,0,44,16,0,16,60
01/24/2016,SMX,CA,AWP,WE,Federal Contract Tower,2,5,13,0,20,0,5,49,0,54,2,10,62,0,74,42,0,42,116
01/25/2016,SMX,CA,AWP,WE,Federal Contract Tower,0,8,14,0,22,0,15,28,0,43,0,23,42,0,65,26,0,26,91
01/26/2016,SMX,CA,AWP,WE,Federal Contract Tower,0,12,14,2,28,0,16,45,0,61,0,28,59,2,89,18,0,18,107
01/27/2016,SMX,CA,AWP,WE,Federal Contract Tower,4,11,9,0,24,0,13,45,0,58,4,24,54,0,82,8,0,8,90
01/28/2016,SMX,CA,AWP,WE,Federal Contract Tower,0,10,12,3,25,0,12,45,0,57,0,22,57,3,82,8,0,8,90
01/29/2016,SMX,CA,AWP,WE,Federal Contract Tower,2,14,7,2,25,0,9,38,0,47,2,23,45,2,72,64,0,64,136
01/30/2016,SMX,CA,AWP,WE,Federal Contract Tower,0,11,15,0,26,0,1,12,0,13,0,12,27,0,39,6,0,6,45
01/31/2016,SMX,CA,AWP,WE,Federal Contract Tower,2,3,10,0,15,0,0,4,0,4,2,3,14,0,19,6,0,6,25
02/01/2016,SMX,CA,AWP,WE,Federal Contract Tower,0,9,6,0,15,0,17,18,0,35,0,26,24,0,50,20,0,20,70
02/02/2016,SMX,CA,AWP,WE,Federal Contract Tower,0,16,22,0,38,0,11,34,0,45,0,27,56,0,83,18,0,18,101
02/03/2016,SMX,CA,AWP,WE,Federal Contract Tower,2,11,10,1,24,0,17,50,0,67,2,28,60,1,91,16,2,18,109
02/04/2016,SMX,CA,AWP,WE,Federal Contract Tower,0,16,10,0,26,0,12,47,0,59,0,28,57,0,85,102,0,102,187
02/05/2016,SMX,CA,AWP,WE,Federal Contract Tower,2,11,16,0,29,0,10,73,0,83,2,21,89,0,112,46,2,48,160
02/06/2016,SMX,CA,AWP,WE,Federal Contract Tower,0,11,5,0,16,0,10,67,0,77,0,21,72,0,93,42,0,42,135
02/07/2016,SMX,CA,AWP,WE,Federal Contract Tower,2,4,6,1,13,0,3,24,0,27,2,7,30,1,40,42,4,46,86
02/08/2016,SMX,CA,AWP,WE,Federal Contract Tower,0,9,4,3,16,0,13,45,0,58,0,22,49,3,74,34,0,34,108
02/09/2016,SMX,CA,AWP,WE,Federal Contract Tower,0,12,8,2,22,0,8,46,0,54,0,20,54,2,76,56,4,60,136
02/10/2016,SMX,CA,AWP,WE,Federal Contract Tower,2,14,6,0,22,0,17,41,0,58,2,31,47,0,80,82,0,82,162
02/11/2016,SMX,CA,AWP,WE,Federal Contract Tower,0,16,13,0,29,0,9,38,2,49,0,25,51,2,78,76,0,76,154
02/12/2016,SMX,CA,AWP,WE,Federal Contract Tower,2,9,11,0,22,0,15,62,1,78,2,24,73,1,100,62,0,62,162
02/13/2016,SMX,CA,AWP,WE,Federal Contract Tower,0,8,10,0,18,0,5,46,0,51,0,13,56,0,69,60,0,60,129
02/14/2016,SMX,CA,AWP,WE,Federal Contract Tower,2,5,10,0,17,0,6,32,0,38,2,11,42,0,55,12,0,12,67
02/15/2016,SMX,CA,AWP,WE,Federal Contract Tower,0,8,9,0,17,0,16,46,0,62,0,24,55,0,79,36,0,36,115
02/16/2016,SMX,CA,AWP,WE,Federal Contract Tower,0,13,9,0,22,0,10,41,0,51,0,23,50,0,73,34,0,34,107
02/17/2016,SMX,CA,AWP,WE,Federal Contract Tower,2,15,21,1,39,0,15,16,0,31,2,30,37,1,70,46,2,48,118
02/18/2016,SMX,CA,AWP,WE,Federal Contract Tower,0,14,13,3,30,0,11,18,1,30,0,25,31,4,60,34,10,44,104
02/19/2016,SMX,CA,AWP,WE,Federal Contract Tower,2,8,12,2,24,0,9,44,0,53,2,17,56,2,77,50,8,58,135
02/20/2016,SMX,CA,AWP,WE,Federal Contract Tower,0,5,13,1,19,0,10,69,0,79,0,15,82,1,98,66,18,84,182
02/21/2016,SMX,CA,AWP,WE,Federal Contract Tower,2,3,5,0,10,0,6,59,0,65,2,9,64,0,75,48,0,48,123
02/22/2016,SMX,CA,AWP,WE,Federal Contract Tower,0,3,8,0,11,0,15,18,0,33,0,18,26,0,44,6,0,6,50
02/23/2016,SMX,CA,AWP,WE,Federal Contract Tower,0,13,9,0,22,0,9,46,0,55,0,22,55,0,77,28,16,44,121
02/24/2016,SMX,CA,AWP,WE,Federal Contract Tower,2,11,7,1,21,0,12,44,2,58,2,23,51,3,79,18,0,18,97
02/25/2016,SMX,CA,AWP,WE,Federal Contract Tower,0,11,8,0,19,0,17,28,0,45,0,28,36,0,64,18,0,18,82
02/26/2016,SMX,CA,AWP,WE,Federal Contract Tower,2,16,6,1,25,0,8,30,0,38,2,24,36,1,63,24,4,28,91
02/27/2016,SMX,CA,AWP,WE,Federal Contract Tower,0,5,5,0,10,0,11,47,0,58,0,16,52,0,68,42,0,42,110
02/28/2016,SMX,CA,AWP,WE,Federal Contract Tower,2,4,6,2,14,0,8,61,0,69,2,12,67,2,83,84,0,84,167
02/29/2016,SMX,CA,AWP,WE,Federal Contract Tower,0,8,8,0,16,0,26,30,0,56,0,34,38,0,72,10,0,10,82
03/01/2016,SMX,CA,AWP,WE,Federal Contract Tower,0,18,4,0,22,0,14,44,0,58,0,32,48,0,80,60,0,60,140
03/02/2016,SMX,CA,AWP,WE,Federal Contract Tower,2,17,10,2,31,0,12,53,0,65,2,29,63,2,96,22,0,22,118
03/03/2016,SMX,CA,AWP,WE,Federal Contract Tower,0,12,8,0,20,0,6,50,1,57,0,18,58,1,77,46,6,52,129
03/04/2016,SMX,CA,AWP,WE,Federal Contract Tower,2,12,11,0,25,0,5,15,4,24,2,17,26,4,49,4,0,4,53
03/05/2016,SMX,CA,AWP,WE,Federal Contract Tower,0,8,6,0,14,0,0,0,0,0,0,8,6,0,14,0,0,0,14
03/06/2016,SMX,CA,AWP,WE,Federal Contract Tower,2,4,5,0,11,0,8,17,0,25,2,12,22,0,36,16,0,16,52
03/07/2016,SMX,CA,AWP,WE,Federal Contract Tower,0,9,6,0,15,0,9,3,0,12,0,18,9,0,27,4,0,4,31
03/08/2016,SMX,CA,AWP,WE,Federal Contract Tower,0,10,5,0,15,0,4,20,0,24,0,14,25,0,39,12,0,12,51
03/09/2016,SMX,CA,AWP,WE,Federal Contract Tower,2,13,5,0,20,0,19,47,0,66,2,32,52,0,86,44,0,44,130
03/10/2016,SMX,CA,AWP,WE,Federal Contract Tower,0,12,9,1,22,0,10,39,0,49,0,22,48,1,71,30,4,34,105
03/11/2016,SMX,CA,AWP,WE,Federal Contract Tower,2,14,3,0,19,0,2,0,0,2,2,16,3,0,21,8,0,8,29
03/12/2016,SMX,CA,AWP,WE,Federal Contract Tower,0,4,11,0,15,0,39,39,0,78,0,43,50,0,93,66,0,66,159
03/13/2016,SMX,CA,AWP,WE,Federal Contract Tower,2,2,9,0,13,0,3,17,0,20,2,5,26,0,33,72,0,72,105
03/14/2016,SMX,CA,AWP,WE,Federal Contract Tower,0,12,19,0,31,0,10,10,0,20,0,22,29,0,51,10,0,10,61
03/15/2016,SMX,CA,AWP,WE,Federal Contract Tower,0,11,13,1,25,0,7,20,0,27,0,18,33,1,52,24,2,26,78
03/16/2016,SMX,CA,AWP,WE,Federal Contract Tower,2,10,10,1,23,0,10,45,2,57,2,20,55,3,80,12,0,12,92
03/17/2016,SMX,CA,AWP,WE,Federal Contract Tower,0,8,10,2,20,0,11,33,0,44,0,19,43,2,64,46,2,48,112
03/18/2016,SMX,CA,AWP,WE,Federal Contract Tower,1,16,27,0,44,0,1,12,0,13,1,17,39,0,57,4,0,4,61
03/19/2016,SMX,CA,AWP,WE,Federal Contract Tower,0,11,15,0,26,0,2,21,0,23,0,13,36,0,49,50,0,50,99
03/20/2016,SMX,CA,AWP,WE,Federal Contract Tower,1,3,8,0,12,0,2,56,0,58,1,5,64,0,70,14,0,14,84
03/21/2016,SMX,CA,AWP,WE,Federal Contract Tower,0,14,6,0,20,0,15,13,1,29,0,29,19,1,49,24,8,32,81
03/22/2016,SMX,CA,AWP,WE,Federal Contract Tower,0,10,10,1,21,0,15,30,0,45,0,25,40,1,66,56,10,66,132
03/23/2016,SMX,CA,AWP,WE,Federal Contract Tower,2,8,23,1,34,0,17,36,0,53,2,25,59,1,87,36,2,38,125
03/24/2016,SMX,CA,AWP,WE,Federal Contract Tower,0,11,16,0,27,0,4,45,0,49,0,15,61,0,76,20,0,20,96
03/25/2016,SMX,CA,AWP,WE,Federal Contract Tower,1,15,9,0,25,0,14,40,0,54,1,29,49,0,79,60,0,60,139
03/26/2016,SMX,CA,AWP,WE,Federal Contract Tower,0,7,15,0,22,0,5,48,0,53,0,12,63,0,75,34,0,34,109
03/27/2016,SMX,CA,AWP,WE,Federal Contract Tower,1,3,11,0,15,0,12,34,0,46,1,15,45,0,61,26,0,26,87
03/28/2016,SMX,CA,AWP,WE,Federal Contract Tower,0,9,6,2,17,0,2,13,0,15,0,11,19,2,32,2,14,16,48
03/29/2016,SMX,CA,AWP,WE,Federal Contract Tower,0,10,10,0,20,0,10,22,0,32,0,20,32,0,52,16,0,16,68
03/30/2016,SMX,CA,AWP,WE,Federal Contract Tower,2,10,12,0,24,0,9,46,0,55,2,19,58,0,79,54,0,54,133
03/31/2016,SMX,CA,AWP,WE,Federal Contract Tower,0,9,10,0,19,0,8,54,0,62,0,17,64,0,81,64,0,64,145
04/01/2016,SMX,CA,AWP,WE,Federal Contract Tower,2,10,13,0,25,0,5,45,0,50,2,15,58,0,75,76,0,76,151
04/02/2016,SMX,CA,AWP,WE,Federal Contract Tower,0,10,17,0,27,0,9,58,0,67,0,19,75,0,94,58,0,58,152
04/03/2016,SMX,CA,AWP,WE,Federal Contract Tower,2,6,13,0,21,0,14,37,0,51,2,20,50,0,72,30,0,30,102
04/04/2016,SMX,CA,AWP,WE,Federal Contract Tower,0,9,7,0,16,0,15,20,0,35,0,24,27,0,51,14,0,14,65
04/05/2016,SMX,CA,AWP,WE,Federal Contract Tower,0,13,7,0,20,0,9,24,0,33,0,22,31,0,53,20,0,20,73
04/06/2016,SMX,CA,AWP,WE,Federal Contract Tower,2,8,15,0,25,0,12,63,0,75,2,20,78,0,100,34,0,34,134
04/07/2016,SMX,CA,AWP,WE,Federal Contract Tower,0,12,22,0,34,0,7,40,0,47,0,19,62,0,81,8,0,8,89
04/08/2016,SMX,CA,AWP,WE,Federal Contract Tower,2,11,14,1,28,0,3,3,0,6,2,14,17,1,34,4,2,6,40
04/09/2016,SMX,CA,AWP,WE,Federal Contract Tower,0,6,9,0,15,0,2,17,0,19,0,8,26,0,34,6,0,6,40
04/10/2016,SMX,CA,AWP,WE,Federal Contract Tower,0,3,4,0,7,0,4,14,0,18,0,7,18,0,25,26,0,26,51
04/11/2016,SMX,CA,AWP,WE,Federal Contract Tower,0,11,8,2,21,0,18,22,2,42,0,29,30,4,63,24,26,50,113
04/12/2016,SMX,CA,AWP,WE,Federal Contract Tower,0,16,12,1,29,0,4,12,0,16,0,20,24,1,45,14,2,16,61
04/13/2016,SMX,CA,AWP,WE,Federal Contract Tower,2,13,18,0,33,0,6,38,2,46,2,19,56,2,79,28,0,28,107
04/14/2016,SMX,CA,AWP,WE,Federal Contract Tower,0,11,5,2,18,0,4,22,0,26,0,15,27,2,44,18,0,18,62
04/15/2016,SMX,CA,AWP,WE,Federal Contract Tower,1,9,11,2,23,0,10,22,2,34,1,19,33,4,57,14,12,26,83
04/16/2016,SMX,CA,AWP,WE,Federal Contract Tower,0,4,6,0,10,0,7,37,0,44,0,11,43,0,54,32,0,32,86
04/17/2016,SMX,CA,AWP,WE,Federal Contract Tower,2,3,2,0,7,0,0,43,0,43,2,3,45,0,50,40,0,40,90
04/18/2016,SMX,CA,AWP,WE,Federal Contract Tower,0,10,7,0,17,0,12,50,0,62,0,22,57,0,79,8,0,8,87
04/19/2016,SMX,CA,AWP,WE,Federal Contract Tower,0,11,7,0,18,0,6,45,0,51,0,17,52,0,69,22,0,22,91
04/20/2016,SMX,CA,AWP,WE,Federal Contract Tower,2,9,8,0,19,0,15,68,0,83,2,24,76,0,102,36,0,36,138
04/21/2016,SMX,CA,AWP,WE,Federal Contract Tower,0,10,17,2,29,0,6,49,0,55,0,16,66,2,84,10,10,20,104
04/22/2016,SMX,CA,AWP,WE,Federal Contract Tower,2,22,18,2,44,0,8,17,0,25,2,30,35,2,69,30,4,34,103
04/23/2016,SMX,CA,AWP,WE,Federal Contract Tower,0,5,2,0,7,0,7,65,0,72,0,12,67,0,79,12,0,12,91
04/24/2016,SMX,CA,AWP,WE,Federal Contract Tower,2,3,4,0,9,0,2,38,0,40,2,5,42,0,49,18,0,18,67
04/25/2016,SMX,CA,AWP,WE,Federal Contract Tower,0,11,3,2,16,0,11,24,0,35,0,22,27,2,51,4,0,4,55
04/26/2016,SMX,CA,AWP,WE,Federal Contract Tower,0,10,5,0,15,0,15,34,0,49,0,25,39,0,64,4,0,4,68
04/27/2016,SMX,CA,AWP,WE,Federal Contract Tower,2,17,11,2,32,0,11,40,1,52,2,28,51,3,84,20,0,20,104
04/28/2016,SMX,CA,AWP,WE,Federal Contract Tower,0,12,8,5,25,0,5,25,0,30,0,17,33,5,55,20,26,46,101
04/29/2016,SMX,CA,AWP,WE,Federal Contract Tower,2,12,16,0,30,0,4,16,0,20,2,16,32,0,50,10,0,10,60
04/30/2016,SMX,CA,AWP,WE,Federal Contract Tower,0,6,6,0,12,0,2,45,0,47,0,8,51,0,59,24,0,24,83
05/01/2016,SMX,CA,AWP,WE,Federal Contract Tower,2,5,10,0,17,0,5,73,0,78,2,10,83,0,95,36,0,36,131
05/02/2016,SMX,CA,AWP,WE,Federal Contract Tower,0,14,15,0,29,0,3,14,0,17,0,17,29,0,46,4,0,4,50
05/03/2016,SMX,CA,AWP,WE,Federal Contract Tower,0,15,16,0,31,0,8,26,0,34,0,23,42,0,65,12,0,12,77
05/04/2016,SMX,CA,AWP,WE,Federal Contract Tower,2,19,27,0,48,0,10,16,0,26,2,29,43,0,74,38,0,38,112
05/05/2016,SMX,CA,AWP,WE,Federal Contract Tower,3,16,15,0,34,0,3,20,0,23,3,19,35,0,57,22,0,22,79
05/06/2016,SMX,CA,AWP,WE,Federal Contract Tower,2,14,24,2,42,0,9,16,0,25,2,23,40,2,67,2,0,2,69
05/07/2016,SMX,CA,AWP,WE,Federal Contract Tower,0,7,11,2,20,0,7,44,0,51,0,14,55,2,71,16,0,16,87
05/08/2016,SMX,CA,AWP,WE,Federal Contract Tower,2,3,11,0,16,0,3,41,0,44,2,6,52,0,60,64,0,64,124
05/09/2016,SMX,CA,AWP,WE,Federal Contract Tower,0,9,15,3,27,0,8,30,0,38,0,17,45,3,65,26,2,28,93
05/10/2016,SMX,CA,AWP,WE,Federal Contract Tower,0,15,24,1,40,0,8,33,0,41,0,23,57,1,81,16,6,22,103
05/11/2016,SMX,CA,AWP,WE,Federal Contract Tower,2,18,15,1,36,0,2,23,2,27,2,20,38,3,63,40,2,42,105
05/12/2016,SMX,CA,AWP,WE,Federal Contract Tower,0,10,20,0,30,0,3,25,2,30,0,13,45,2,60,40,0,40,100
05/13/2016,SMX,CA,AWP,WE,Federal Contract Tower,2,16,21,0,39,0,1,33,0,34,2,17,54,0,73,54,4,58,131
05/14/2016,SMX,CA,AWP,WE,Federal Contract Tower,0,9,7,4,20,0,3,64,0,67,0,12,71,4,87,28,4,32,119
05/15/2016,SMX,CA,AWP,WE,Federal Contract Tower,2,3,10,0,15,0,4,41,0,45,2,7,51,0,60,18,0,18,78
05/16/2016,SMX,CA,AWP,WE,Federal Contract Tower,0,12,15,2,29,0,6,39,0,45,0,18,54,2,74,36,0,36,110
05/17/2016,SMX,CA,AWP,WE,Federal Contract Tower,0,15,24,0,39,0,3,51,2,56,0,18,75,2,95,38,0,38,133
05/18/2016,SMX,CA,AWP,WE,Federal Contract Tower,2,24,17,0,43,0,8,50,0,58,2,32,67,0,101,36,0,36,137
05/19/2016,SMX,CA,AWP,WE,Federal Contract Tower,0,18,26,0,44,0,3,17,0,20,0,21,43,0,64,20,0,20,84
05/20/2016,SMX,CA,AWP,WE,Federal Contract Tower,2,14,21,0,37,0,3,26,0,29,2,17,47,0,66,48,0,48,114
05/21/2016,SMX,CA,AWP,WE,Federal Contract Tower,0,7,5,0,12,0,8,69,0,77,0,15,74,0,89,42,0,42,131
05/22/2016,SMX,CA,AWP,WE,Federal Contract Tower,2,4,13,0,19,0,1,49,0,50,2,5,62,0,69,52,0,52,121
05/23/2016,SMX,CA,AWP,WE,Federal Contract Tower,0,10,10,0,20,0,5,38,0,43,0,15,48,0,63,54,0,54,117
05/24/2016,SMX,CA,AWP,WE,Federal Contract Tower,0,13,13,2,28,0,2,11,0,13,0,15,24,2,41,20,4,24,65
05/25/2016,SMX,CA,AWP,WE,Federal Contract Tower,2,15,14,0,31,0,13,36,0,49,2,28,50,0,80,36,0,36,116
05/26/2016,SMX,CA,AWP,WE,Federal Contract Tower,0,12,16,0,28,0,7,31,0,38,0,19,47,0,66,30,0,30,96
05/27/2016,SMX,CA,AWP,WE,Federal Contract Tower,2,10,16,0,28,0,0,54,0,54,2,10,70,0,82,76,0,76,158
05/28/2016,SMX,CA,AWP,WE,Federal Contract Tower,0,6,18,0,24,0,6,53,0,59,0,12,71,0,83,36,0,36,119
05/29/2016,SMX,CA,AWP,WE,Federal Contract Tower,2,5,23,0,30,0,7,42,0,49,2,12,65,0,79,16,0,16,95
05/30/2016,SMX,CA,AWP,WE,Federal Contract Tower,0,9,10,0,19,0,4,39,0,43,0,13,49,0,62,16,0,16,78
05/31/2016,SMX,CA,AWP,WE,Federal Contract Tower,0,10,9,0,19,0,3,40,0,43,0,13,49,0,62,40,0,40,102
06/01/2016,SMX,CA,AWP,WE,Federal Contract Tower,2,13,23,5,43,0,13,30,2,45,2,26,53,7,88,12,12,24,112
06/02/2016,SMX,CA,AWP,WE,Federal Contract Tower,0,15,13,0,28,0,5,38,0,43,0,20,51,0,71,16,0,16,87
06/03/2016,SMX,CA,AWP,WE,Federal Contract Tower,2,13,16,0,31,0,5,58,0,63,2,18,74,0,94,58,0,58,152
06/04/2016,SMX,CA,AWP,WE,Federal Contract Tower,0,6,12,0,18,0,2,42,13,57,0,8,54,13,75,48,0,48,123
06/05/2016,SMX,CA,AWP,WE,Federal Contract Tower,2,2,31,0,35,0,9,52,4,65,2,11,83,4,100,42,2,44,144
06/06/2016,SMX,CA,AWP,WE,Federal Contract Tower,1,18,20,0,39,0,12,43,0,55,1,30,63,0,94,32,0,32,126
06/07/2016,SMX,CA,AWP,WE,Federal Contract Tower,0,15,20,4,39,0,5,29,2,36,0,20,49,6,75,18,0,18,93
06/08/2016,SMX,CA,AWP,WE,Federal Contract Tower,0,22,12,3,37,0,4,38,0,42,0,26,50,3,79,42,0,42,121
06/09/2016,SMX,CA,AWP,WE,Federal Contract Tower,0,20,15,0,35,0,2,26,0,28,0,22,41,0,63,26,0,26,89
06/10/2016,SMX,CA,AWP,WE,Federal Contract Tower,2,20,9,0,31,0,6,50,0,56,2,26,59,0,87,30,0,30,117
06/11/2016,SMX,CA,AWP,WE,Federal Contract Tower,0,5,6,0,11,0,17,52,0,69,0,22,58,0,80,36,0,36,116
06/12/2016,SMX,CA,AWP,WE,Federal Contract Tower,2,7,8,0,17,0,7,38,1,46,2,14,46,1,63,84,0,84,147
06/13/2016,SMX,CA,AWP,WE,Federal Contract Tower,2,17,11,0,30,0,2,33,0,35,2,19,44,0,65,30,0,30,95
06/14/2016,SMX,CA,AWP,WE,Federal Contract Tower,0,15,13,3,31,0,5,26,0,31,0,20,39,3,62,30,2,32,94
06/15/2016,SMX,CA,AWP,WE,Federal Contract Tower,0,13,8,3,24,0,17,96,0,113,0,30,104,3,137,16,4,20,157
06/16/2016,SMX,CA,AWP,WE,Federal Contract Tower,0,12,15,2,29,0,5,210,0,215,0,17,225,2,244,10,0,10,254
06/17/2016,SMX,CA,AWP,WE,Federal Contract Tower,1,11,11,1,24,0,2,135,1,138,1,13,146,2,162,10,0,10,172
06/18/2016,SMX,CA,AWP,WE,Federal Contract Tower,0,7,14,2,23,0,7,131,2,140,0,14,145,4,163,2,0,2,165
06/19/2016,SMX,CA,AWP,WE,Federal Contract Tower,2,3,5,0,10,0,7,153,0,160,2,10,158,0,170,4,0,4,174
06/20/2016,SMX,CA,AWP,WE,Federal Contract Tower,0,8,3,0,11,0,6,44,0,50,0,14,47,0,61,38,0,38,99
06/21/2016,SMX,CA,AWP,WE,Federal Contract Tower,2,14,7,0,23,0,8,40,2,50,2,22,47,2,73,10,12,22,95
06/22/2016,SMX,CA,AWP,WE,Federal Contract Tower,0,13,12,3,28,0,13,60,0,73,0,26,72,3,101,56,0,56,157
06/23/2016,SMX,CA,AWP,WE,Federal Contract Tower,1,12,20,2,35,0,3,31,4,38,1,15,51,6,73,24,12,36,109
06/24/2016,SMX,CA,AWP,WE,Federal Contract Tower,2,12,20,0,34,0,9,53,0,62,2,21,73,0,96,14,2,16,112
06/25/2016,SMX,CA,AWP,WE,Federal Contract Tower,0,5,7,0,12,0,4,62,0,66,0,9,69,0,78,22,0,22,100
06/26/2016,SMX,CA,AWP,WE,Federal Contract Tower,0,3,2,0,5,0,3,55,0,58,0,6,57,0,63,22,0,22,85
06/27/2016,SMX,CA,AWP,WE,Federal Contract Tower,3,7,12,0,22,0,23,77,0,100,3,30,89,0,122,48,0,48,170
06/28/2016,SMX,CA,AWP,WE,Federal Contract Tower,0,16,4,1,21,0,27,41,0,68,0,43,45,1,89,36,2,38,127
06/29/2016,SMX,CA,AWP,WE,Federal Contract Tower,0,16,22,1,39,0,7,46,2,55,0,23,68,3,94,66,0,66,160
06/30/2016,SMX,CA,AWP,WE,Federal Contract Tower,0,12,34,0,46,0,8,88,0,96,0,20,122,0,142,24,0,24,166
07/01/2016,SMX,CA,AWP,WE,Federal Contract Tower,2,10,28,0,40,0,1,106,0,107,2,11,134,0,147,14,0,14,161
07/02/2016,SMX,CA,AWP,WE,Federal Contract Tower,0,5,24,0,29,0,3,106,0,109,0,8,130,0,138,14,0,14,152
07/03/2016,SMX,CA,AWP,WE,Federal Contract Tower,2,4,12,0,18,0,6,52,0,58,2,10,64,0,76,44,0,44,120
07/04/2016,SMX,CA,AWP,WE,Federal Contract Tower,2,6,4,0,12,0,4,123,0,127,2,10,127,0,139,12,0,12,151
07/05/2016,SMX,CA,AWP,WE,Federal Contract Tower,0,10,19,2,31,0,2,91,0,93,0,12,110,2,124,8,6,14,138
07/06/2016,SMX,CA,AWP,WE,Federal Contract Tower,0,21,17,0,38,0,12,44,0,56,0,33,61,0,94,24,0,24,118
07/07/2016,SMX,CA,AWP,WE,Federal Contract Tower,2,12,22,2,38,0,2,75,0,77,2,14,97,2,115,6,4,10,125
07/08/2016,SMX,CA,AWP,WE,Federal Contract Tower,2,13,14,0,29,0,11,52,0,63,2,24,66,0,92,44,0,44,136
07/09/2016,SMX,CA,AWP,WE,Federal Contract Tower,0,7,6,0,13,0,2,67,0,69,0,9,73,0,82,86,0,86,168
07/10/2016,SMX,CA,AWP,WE,Federal Contract Tower,2,3,3,0,8,0,2,55,0,57,2,5,58,0,65,28,0,28,93
07/11/2016,SMX,CA,AWP,WE,Federal Contract Tower,2,11,10,2,25,0,2,48,0,50,2,13,58,2,75,34,4,38,113
07/12/2016,SMX,CA,AWP,WE,Federal Contract Tower,0,15,15,1,31,0,3,45,3,51,0,18,60,4,82,12,20,32,114
07/13/2016,SMX,CA,AWP,WE,Federal Contract Tower,0,12,13,1,26,0,5,44,0,49,0,17,57,1,75,32,0,32,107
07/14/2016,SMX,CA,AWP,WE,Federal Contract Tower,1,13,15,0,29,0,5,58,0,63,1,18,73,0,92,42,0,42,134
07/15/2016,SMX,CA,AWP,WE,Federal Contract Tower,2,13,12,0,27,0,0,27,0,27,2,13,39,0,54,4,0,4,58
07/16/2016,SMX,CA,AWP,WE,Federal Contract Tower,0,6,14,2,22,0,7,37,0,44,0,13,51,2,66,50,0,50,116
07/17/2016,SMX,CA,AWP,WE,Federal Contract Tower,2,7,11,0,20,0,4,41,0,45,2,11,52,0,65,28,0,28,93
07/18/2016,SMX,CA,AWP,WE,Federal Contract Tower,2,14,8,0,24,0,1,41,0,42,2,15,49,0,66,22,0,22,88
07/19/2016,SMX,CA,AWP,WE,Federal Contract Tower,0,17,17,0,34,0,12,29,0,41,0,29,46,0,75,28,0,28,103
07/20/2016,SMX,CA,AWP,WE,Federal Contract Tower,0,10,8,0,18,0,8,49,0,57,0,18,57,0,75,30,0,30,105
07/21/2016,SMX,CA,AWP,WE,Federal Contract Tower,0,15,10,1,26,0,10,54,0,64,0,25,64,1,90,22,4,26,116
07/22/2016,SMX,CA,AWP,WE,Federal Contract Tower,2,10,8,1,21,0,8,50,2,60,2,18,58,3,81,6,6,12,93
07/23/2016,SMX,CA,AWP,WE,Federal Contract Tower,0,5,10,0,15,0,8,89,0,97,0,13,99,0,112,44,0,44,156
07/24/2016,SMX,CA,AWP,WE,Federal Contract Tower,2,3,8,0,13,0,1,73,4,78,2,4,81,4,91,46,0,46,137
07/25/2016,SMX,CA,AWP,WE,Federal Contract Tower,2,12,8,0,22,0,5,67,0,72,2,17,75,0,94,6,0,6,100
07/26/2016,SMX,CA,AWP,WE,Federal Contract Tower,0,17,12,0,29,0,4,38,0,42,0,21,50,0,71,24,0,24,95
07/27/2016,SMX,CA,AWP,WE,Federal Contract Tower,4,13,8,0,25,0,10,50,0,60,4,23,58,0,85,10,0,10,95
07/28/2016,SMX,CA,AWP,WE,Federal Contract Tower,0,17,16,0,33,0,1,27,2,30,0,18,43,2,63,20,0,20,83
07/29/2016,SMX,CA,AWP,WE,Federal Contract Tower,2,15,12,2,31,0,5,40,1,46,2,20,52,3,77,32,4,36,113
07/30/2016,SMX,CA,AWP,WE,Federal Contract Tower,0,9,12,0,21,0,5,58,0,63,0,14,70,0,84,66,0,66,150
07/31/2016,SMX,CA,AWP,WE,Federal Contract Tower,1,7,8,0,16,0,2,48,0,50,1,9,56,0,66,38,0,38,104
08/01/2016,SMX,CA,AWP,WE,Federal Contract Tower,0,10,12,3,25,0,9,28,0,37,0,19,40,3,62,20,6,26,88
08/02/2016,SMX,CA,AWP,WE,Federal Contract Tower,0,17,14,0,31,0,7,28,0,35,0,24,42,0,66,32,0,32,98
08/03/2016,SMX,CA,AWP,WE,Federal Contract Tower,2,15,5,0,22,0,10,53,0,63,2,25,58,0,85,26,0,26,111
08/04/2016,SMX,CA,AWP,WE,Federal Contract Tower,0,13,22,0,35,0,3,12,0,15,0,16,34,0,50,16,14,30,80
08/05/2016,SMX,CA,AWP,WE,Federal Contract Tower,2,14,22,0,38,0,5,41,0,46,2,19,63,0,84,46,0,46,130
08/06/2016,SMX,CA,AWP,WE,Federal Contract Tower,0,6,6,0,12,0,0,39,0,39,0,6,45,0,51,22,0,22,73
08/07/2016,SMX,CA,AWP,WE,Federal Contract Tower,1,5,20,0,26,0,0,46,0,46,1,5,66,0,72,40,0,40,112
08/08/2016,SMX,CA,AWP,WE,Federal Contract Tower,0,18,21,0,39,0,5,44,0,49,0,23,65,0,88,38,0,38,126
08/09/2016,SMX,CA,AWP,WE,Federal Contract Tower,0,13,14,0,27,0,3,19,0,22,0,16,33,0,49,10,0,10,59
08/10/2016,SMX,CA,AWP,WE,Federal Contract Tower,2,14,20,0,36,0,9,31,0,40,2,23,51,0,76,42,0,42,118
08/11/2016,SMX,CA,AWP,WE,Federal Contract Tower,0,11,12,1,24,0,6,38,0,44,0,17,50,1,68,10,0,10,78
08/12/2016,SMX,CA,AWP,WE,Federal Contract Tower,2,9,17,0,28,0,3,38,0,41,2,12,55,0,69,18,0,18,87
08/13/2016,SMX,CA,AWP,WE,Federal Contract Tower,0,9,10,3,22,0,3,57,0,60,0,12,67,3,82,14,2,16,98
08/14/2016,SMX,CA,AWP,WE,Federal Contract Tower,2,4,8,0,14,0,2,92,0,94,2,6,100,0,108,28,0,28,136
08/15/2016,SMX,CA,AWP,WE,Federal Contract Tower,0,11,25,4,40,0,3,36,0,39,0,14,61,4,79,34,6,40,119
08/16/2016,SMX,CA,AWP,WE,Federal Contract Tower,0,15,10,3,28,0,4,28,0,32,0,19,38,3,60,16,2,18,78
08/17/2016,SMX,CA,AWP,WE,Federal Contract Tower,2,14,18,0,34,0,12,51,0,63,2,26,69,0,97,38,0,38,135
08/18/2016,SMX,CA,AWP,WE,Federal Contract Tower,0,18,18,0,36,0,3,88,0,91,0,21,106,0,127,16,0,16,143
08/19/2016,SMX,CA,AWP,WE,Federal Contract Tower,2,16,21,0,39,0,4,125,10,139,2,20,146,10,178,4,0,4,182
08/20/2016,SMX,CA,AWP,WE,Federal Contract Tower,0,11,34,1,46,0,3,97,27,127,0,14,131,28,173,2,0,2,175
08/21/2016,SMX,CA,AWP,WE,Federal Contract Tower,2,4,28,0,34,0,0,83,13,96,2,4,111,13,130,6,0,6,136
08/22/2016,SMX,CA,AWP,WE,Federal Contract Tower,2,15,17,1,35,0,2,68,0,70,2,17,85,1,105,14,0,14,119
08/23/2016,SMX,CA,AWP,WE,Federal Contract Tower,0,14,12,1,27,0,3,78,0,81,0,17,90,1,108,36,12,48,156
08/24/2016,SMX,CA,AWP,WE,Federal Contract Tower,2,18,22,0,42,0,5,60,0,65,2,23,82,0,107,14,0,14,121
08/25/2016,SMX,CA,AWP,WE,Federal Contract Tower,0,12,42,2,56,0,4,118,0,122,0,16,160,2,178,4,0,4,182
08/26/2016,SMX,CA,AWP,WE,Federal Contract Tower,0,18,60,0,78,0,6,48,0,54,0,24,108,0,132,18,0,18,150
08/27/2016,SMX,CA,AWP,WE,Federal Contract Tower,0,8,10,0,18,0,1,48,0,49,0,9,58,0,67,40,0,40,107
08/28/2016,SMX,CA,AWP,WE,Federal Contract Tower,2,4,12,0,18,0,2,65,0,67,2,6,77,0,85,40,0,40,125
08/29/2016,SMX,CA,AWP,WE,Federal Contract Tower,0,10,18,0,28,0,2,53,0,55,0,12,71,0,83,46,0,46,129
08/30/2016,SMX,CA,AWP,WE,Federal Contract Tower,0,11,9,0,20,0,7,59,0,66,0,18,68,0,86,56,4,60,146
08/31/2016,SMX,CA,AWP,WE,Federal Contract Tower,2,10,6,0,18,0,11,58,0,69,2,21,64,0,87,44,0,44,131
09/01/2016,SMX,CA,AWP,WE,Federal Contract Tower,0,19,17,0,36,0,4,39,0,43,0,23,56,0,79,12,0,12,91
09/02/2016,SMX,CA,AWP,WE,Federal Contract Tower,2,12,16,0,30,0,2,32,0,34,2,14,48,0,64,30,0,30,94
09/03/2016,SMX,CA,AWP,WE,Federal Contract Tower,0,7,16,0,23,0,6,33,0,39,0,13,49,0,62,14,0,14,76
09/04/2016,SMX,CA,AWP,WE,Federal Contract Tower,2,4,10,0,16,0,0,36,4,40,2,4,46,4,56,20,0,20,76
09/05/2016,SMX,CA,AWP,WE,Federal Contract Tower,0,3,8,2,13,0,8,45,0,53,0,11,53,2,66,44,0,44,110
09/06/2016,SMX,CA,AWP,WE,Federal Contract Tower,0,9,12,0,21,0,7,58,0,65,0,16,70,0,86,74,0,74,160
09/07/2016,SMX,CA,AWP,WE,Federal Contract Tower,2,21,17,4,44,0,7,19,3,29,2,28,36,7,73,14,4,18,91
09/08/2016,SMX,CA,AWP,WE,Federal Contract Tower,0,14,19,0,33,0,2,25,0,27,0,16,44,0,60,6,0,6,66
09/09/2016,SMX,CA,AWP,WE,Federal Contract Tower,4,15,21,0,40,0,5,57,0,62,4,20,78,0,102,16,0,16,118
09/10/2016,SMX,CA,AWP,WE,Federal Contract Tower,0,8,21,0,29,0,3,55,0,58,0,11,76,0,87,10,0,10,97
09/11/2016,SMX,CA,AWP,WE,Federal Contract Tower,2,5,27,0,34,0,2,31,0,33,2,7,58,0,67,30,0,30,97
09/12/2016,SMX,CA,AWP,WE,Federal Contract Tower,0,17,23,0,40,0,2,16,0,18,0,19,39,0,58,18,0,18,76
09/13/2016,SMX,CA,AWP,WE,Federal Contract Tower,0,11,9,2,22,0,2,30,0,32,0,13,39,2,54,50,0,50,104
09/14/2016,SMX,CA,AWP,WE,Federal Contract Tower,2,10,6,0,18,0,10,75,0,85,2,20,81,0,103,36,6,42,145
09/15/2016,SMX,CA,AWP,WE,Federal Contract Tower,0,10,10,0,20,0,10,62,0,72,0,20,72,0,92,32,0,32,124
09/16/2016,SMX,CA,AWP,WE,Federal Contract Tower,4,13,18,2,37,0,6,44,0,50,4,19,62,2,87,4,0,4,91
09/17/2016,SMX,CA,AWP,WE,Federal Contract Tower,0,5,9,0,14,0,5,66,0,71,0,10,75,0,85,22,2,24,109
09/18/2016,SMX,CA,AWP,WE,Federal Contract Tower,4,2,8,0,14,0,3,195,0,198,4,5,203,0,212,2,0,2,214
09/19/2016,SMX,CA,AWP,WE,Federal Contract Tower,0,9,5,1,15,0,7,118,2,127,0,16,123,3,142,6,4,10,152
09/20/2016,SMX,CA,AWP,WE,Federal Contract Tower,0,14,7,0,21,0,9,151,0,160,0,23,158,0,181,6,0,6,187
09/21/2016,SMX,CA,AWP,WE,Federal Contract Tower,2,11,15,0,28,0,8,33,0,41,2,19,48,0,69,44,0,44,113
09/22/2016,SMX,CA,AWP,WE,Federal Contract Tower,0,14,8,0,22,0,5,99,0,104,0,19,107,0,126,12,0,12,138
09/23/2016,SMX,CA,AWP,WE,Federal Contract Tower,3,9,10,3,25,0,6,71,0,77,3,15,81,3,102,22,12,34,136
09/24/2016,SMX,CA,AWP,WE,Federal Contract Tower,1,9,5,0,15,0,4,57,0,61,1,13,62,0,76,36,0,36,112
09/25/2016,SMX,CA,AWP,WE,Federal Contract Tower,2,4,6,0,12,0,4,48,0,52,2,8,54,0,64,14,6,20,84
09/26/2016,SMX,CA,AWP,WE,Federal Contract Tower,0,9,9,1,19,0,15,40,1,56,0,24,49,2,75,4,14,18,93
09/27/2016,SMX,CA,AWP,WE,Federal Contract Tower,0,15,14,0,29,0,1,40,0,41,0,16,54,0,70,26,0,26,96
09/28/2016,SMX,CA,AWP,WE,Federal Contract Tower,2,7,12,0,21,0,7,39,1,47,2,14,51,1,68,92,0,92,160
09/29/2016,SMX,CA,AWP,WE,Federal Contract Tower,0,17,14,0,31,0,12,37,0,49,0,29,51,0,80,18,0,18,98
09/30/2016,SMX,CA,AWP,WE,Federal Contract Tower,5,8,11,0,24,0,10,32,0,42,5,18,43,0,66,14,0,14,80
10/01/2016,SMX,CA,AWP,WE,Federal Contract Tower,1,7,12,0,20,0,2,43,0,45,1,9,55,0,65,42,0,42,107
10/02/2016,SMX,CA,AWP,WE,Federal Contract Tower,2,4,8,0,14,0,8,20,0,28,2,12,28,0,42,36,0,36,78
10/03/2016,SMX,CA,AWP,WE,Federal Contract Tower,0,9,6,0,15,0,5,18,0,23,0,14,24,0,38,18,0,18,56
10/04/2016,SMX,CA,AWP,WE,Federal Contract Tower,0,13,9,4,26,0,12,40,0,52,0,25,49,4,78,8,4,12,90
10/05/2016,SMX,CA,AWP,WE,Federal Contract Tower,2,10,9,0,21,0,16,39,0,55,2,26,48,0,76,19,0,19,95
10/06/2016,SMX,CA,AWP,WE,Federal Contract Tower,0,20,4,0,24,0,14,35,0,49,0,34,39,0,73,38,0,38,111
10/07/2016,SMX,CA,AWP,WE,Federal Contract Tower,2,7,5,0,14,0,10,61,0,71,2,17,66,0,85,52,0,52,137
10/08/2016,SMX,CA,AWP,WE,Federal Contract Tower,0,6,7,0,13,0,6,51,0,57,0,12,58,0,70,46,0,46,116
10/09/2016,SMX,CA,AWP,WE,Federal Contract Tower,2,2,12,0,16,0,2,63,0,65,2,4,75,0,81,46,0,46,127
10/10/2016,SMX,CA,AWP,WE,Federal Contract Tower,0,17,3,0,20,0,12,27,0,39,0,29,30,0,59,24,0,24,83
10/11/2016,SMX,CA,AWP,WE,Federal Contract Tower,0,15,27,2,44,0,5,19,0,24,0,20,46,2,68,64,2,66,134
10/12/2016,SMX,CA,AWP,WE,Federal Contract Tower,2,15,16,2,35,0,15,48,0,63,2,30,64,2,98,20,4,24,122
10/13/2016,SMX,CA,AWP,WE,Federal Contract Tower,0,18,15,2,35,0,12,26,0,38,0,30,41,2,73,12,0,12,85
10/14/2016,SMX,CA,AWP,WE,Federal Contract Tower,2,18,15,0,35,0,6,21,3,30,2,24,36,3,65,20,0,20,85
10/15/2016,SMX,CA,AWP,WE,Federal Contract Tower,0,16,11,0,27,0,6,6,0,12,0,22,17,0,39,32,0,32,71
10/16/2016,SMX,CA,AWP,WE,Federal Contract Tower,2,7,13,0,22,0,4,12,0,16,2,11,25,0,38,12,0,12,50
10/17/2016,SMX,CA,AWP,WE,Federal Contract Tower,0,16,12,0,28,0,9,20,0,29,0,25,32,0,57,20,0,20,77
10/18/2016,SMX,CA,AWP,WE,Federal Contract Tower,0,17,5,0,22,0,8,20,0,28,0,25,25,0,50,6,0,6,56
10/19/2016,SMX,CA,AWP,WE,Federal Contract Tower,2,9,16,5,32,0,11,18,0,29,2,20,34,5,61,20,4,24,85
10/20/2016,SMX,CA,AWP,WE,Federal Contract Tower,0,15,6,4,25,0,7,46,0,53,0,22,52,4,78,34,0,34,112
10/21/2016,SMX,CA,AWP,WE,Federal Contract Tower,2,13,9,2,26,0,13,62,4,79,2,26,71,6,105,32,4,36,141
10/22/2016,SMX,CA,AWP,WE,Federal Contract Tower,0,10,9,0,19,0,1,53,0,54,0,11,62,0,73,26,0,26,99
10/23/2016,SMX,CA,AWP,WE,Federal Contract Tower,2,8,11,0,21,0,2,27,0,29,2,10,38,0,50,30,0,30,80
10/24/2016,SMX,CA,AWP,WE,Federal Contract Tower,0,11,7,0,18,0,10,17,1,28,0,21,24,1,46,6,0,6,52
10/25/2016,SMX,CA,AWP,WE,Federal Contract Tower,0,12,11,0,23,0,4,50,0,54,0,16,61,0,77,44,0,44,121
10/26/2016,SMX,CA,AWP,WE,Federal Contract Tower,2,19,17,2,40,0,7,46,0,53,2,26,63,2,93,32,0,32,125
10/27/2016,SMX,CA,AWP,WE,Federal Contract Tower,0,26,12,1,39,0,6,32,0,38,0,32,44,1,77,10,0,10,87
10/28/2016,SMX,CA,AWP,WE,Federal Contract Tower,2,25,13,0,40,0,3,5,0,8,2,28,18,0,48,20,0,20,68
10/29/2016,SMX,CA,AWP,WE,Federal Contract Tower,0,13,10,0,23,0,2,62,0,64,0,15,72,0,87,32,0,32,119
10/30/2016,SMX,CA,AWP,WE,Federal Contract Tower,2,5,17,0,24,0,7,10,0,17,2,12,27,0,41,2,0,2,43
10/31/2016,SMX,CA,AWP,WE,Federal Contract Tower,0,12,4,1,17,0,9,32,0,41,0,21,36,1,58,18,4,22,80
11/01/2016,SMX,CA,AWP,WE,Federal Contract Tower,0,15,22,0,37,0,8,32,1,41,0,23,54,1,78,50,0,50,128
11/02/2016,SMX,CA,AWP,WE,Federal Contract Tower,2,18,17,0,37,0,10,43,0,53,2,28,60,0,90,78,0,78,168
11/03/2016,SMX,CA,AWP,WE,Federal Contract Tower,0,12,9,0,21,0,7,42,0,49,0,19,51,0,70,66,0,66,136
11/04/2016,SMX,CA,AWP,WE,Federal Contract Tower,3,15,10,0,28,0,9,54,0,63,3,24,64,0,91,68,0,68,159
11/05/2016,SMX,CA,AWP,WE,Federal Contract Tower,0,8,15,0,23,0,14,45,0,59,0,22,60,0,82,60,0,60,142
11/06/2016,SMX,CA,AWP,WE,Federal Contract Tower,2,5,9,0,16,0,5,26,0,31,2,10,35,0,47,86,0,86,133
11/07/2016,SMX,CA,AWP,WE,Federal Contract Tower,0,12,7,0,19,0,6,25,0,31,0,18,32,0,50,18,0,18,68
11/08/2016,SMX,CA,AWP,WE,Federal Contract Tower,0,20,24,0,44,0,5,28,0,33,0,25,52,0,77,32,0,32,109
11/09/2016,SMX,CA,AWP,WE,Federal Contract Tower,2,15,6,0,23,0,16,51,0,67,2,31,57,0,90,44,0,44,134
11/10/2016,SMX,CA,AWP,WE,Federal Contract Tower,0,12,7,1,20,0,6,45,1,52,0,18,52,2,72,46,16,62,134
11/11/2016,SMX,CA,AWP,WE,Federal Contract Tower,4,11,16,0,31,0,10,70,0,80,4,21,86,0,111,54,0,54,165
11/12/2016,SMX,CA,AWP,WE,Federal Contract Tower,2,8,16,0,26,0,5,55,0,60,2,13,71,0,86,36,0,36,122
11/13/2016,SMX,CA,AWP,WE,Federal Contract Tower,2,8,14,0,24,0,7,54,0,61,2,15,68,0,85,36,0,36,121
11/14/2016,SMX,CA,AWP,WE,Federal Contract Tower,0,10,20,1,31,0,3,28,0,31,0,13,48,1,62,36,12,48,110
11/15/2016,SMX,CA,AWP,WE,Federal Contract Tower,0,20,26,0,46,0,2,15,0,17,0,22,41,0,63,70,0,70,133
11/16/2016,SMX,CA,AWP,WE,Federal Contract Tower,2,15,12,0,29,0,15,28,0,43,2,30,40,0,72,38,0,38,110
11/17/2016,SMX,CA,AWP,WE,Federal Contract Tower,0,18,10,5,33,0,7,39,0,46,0,25,49,5,79,82,2,84,163
11/18/2016,SMX,CA,AWP,WE,Federal Contract Tower,3,16,13,0,32,0,8,56,0,64,3,24,69,0,96,42,0,42,138
11/19/2016,SMX,CA,AWP,WE,Federal Contract Tower,0,9,5,0,14,0,12,53,0,65,0,21,58,0,79,96,0,96,175
11/20/2016,SMX,CA,AWP,WE,Federal Contract Tower,2,6,10,2,20,0,0,20,0,20,2,6,30,2,40,4,0,4,44
11/21/2016,SMX,CA,AWP,WE,Federal Contract Tower,0,12,13,3,28,0,5,10,0,15,0,17,23,3,43,24,8,32,75
11/22/2016,SMX,CA,AWP,WE,Federal Contract Tower,0,13,6,0,19,0,5,43,0,48,0,18,49,0,67,32,0,32,99
11/23/2016,SMX,CA,AWP,WE,Federal Contract Tower,2,15,3,2,22,0,16,36,0,52,2,31,39,2,74,24,4,28,102
11/24/2016,SMX,CA,AWP,WE,Federal Contract Tower,0,1,4,0,5,0,2,36,0,38,0,3,40,0,43,18,0,18,61
11/25/2016,SMX,CA,AWP,WE,Federal Contract Tower,2,13,8,1,24,0,5,67,0,72,2,18,75,1,96,18,7,25,121
11/26/2016,SMX,CA,AWP,WE,Federal Contract Tower,0,6,5,0,11,0,4,10,0,14,0,10,15,0,25,0,0,0,25
11/27/2016,SMX,CA,AWP,WE,Federal Contract Tower,2,4,8,0,14,0,2,26,0,28,2,6,34,0,42,0,0,0,42
11/28/2016,SMX,CA,AWP,WE,Federal Contract Tower,0,12,17,0,29,0,5,12,0,17,0,17,29,0,46,42,0,42,88
11/29/2016,SMX,CA,AWP,WE,Federal Contract Tower,0,16,10,0,26,0,8,53,0,61,0,24,63,0,87,12,0,12,99
11/30/2016,SMX,CA,AWP,WE,Federal Contract Tower,3,18,16,1,38,0,16,47,0,63,3,34,63,1,101,48,2,50,151
12/01/2016,SMX,CA,AWP,WE,Federal Contract Tower,0,10,17,0,27,0,2,42,0,44,0,12,59,0,71,70,0,70,141
12/02/2016,SMX,CA,AWP,WE,Federal Contract Tower,2,17,10,0,29,0,5,48,0,53,2,22,58,0,82,22,0,22,104
12/03/2016,SMX,CA,AWP,WE,Federal Contract Tower,0,12,3,1,16,0,2,38,1,41,0,14,41,2,57,6,8,14,71
12/04/2016,SMX,CA,AWP,WE,Federal Contract Tower,2,5,13,1,21,0,3,55,0,58,2,8,68,1,79,22,0,22,101
12/05/2016,SMX,CA,AWP,WE,Federal Contract Tower,0,13,11,0,24,0,5,26,0,31,0,18,37,0,55,14,0,14,69
12/06/2016,SMX,CA,AWP,WE,Federal Contract Tower,0,21,10,0,31,0,3,33,0,36,0,24,43,0,67,10,0,10,77
12/07/2016,SMX,CA,AWP,WE,Federal Contract Tower,2,18,6,1,27,0,11,26,0,37,2,29,32,1,64,34,0,34,98
12/08/2016,SMX,CA,AWP,WE,Federal Contract Tower,0,29,16,0,45,0,3,3,0,6,0,32,19,0,51,2,0,2,53
12/09/2016,SMX,CA,AWP,WE,Federal Contract Tower,2,18,12,1,33,0,3,14,0,17,2,21,26,1,50,34,2,36,86
12/10/2016,SMX,CA,AWP,WE,Federal Contract Tower,0,10,14,0,24,0,0,0,0,0,0,10,14,0,24,8,0,8,32
12/11/2016,SMX,CA,AWP,WE,Federal Contract Tower,2,5,13,0,20,0,2,13,0,15,2,7,26,0,35,46,0,46,81
12/12/2016,SMX,CA,AWP,WE,Federal Contract Tower,0,18,22,0,40,0,5,7,0,12,0,23,29,0,52,40,0,40,92
12/13/2016,SMX,CA,AWP,WE,Federal Contract Tower,0,15,17,0,32,0,7,40,0,47,0,22,57,0,79,46,0,46,125
12/14/2016,SMX,CA,AWP,WE,Federal Contract Tower,2,16,14,1,33,0,17,45,0,62,2,33,59,1,95,72,2,74,169
12/15/2016,SMX,CA,AWP,WE,Federal Contract Tower,0,24,10,0,34,0,4,6,0,10,0,28,16,0,44,4,0,4,48
12/16/2016,SMX,CA,AWP,WE,Federal Contract Tower,2,21,12,3,38,0,4,7,0,11,2,25,19,3,49,10,4,14,63
12/17/2016,SMX,CA,AWP,WE,Federal Contract Tower,0,10,13,0,23,0,2,32,0,34,0,12,45,0,57,40,0,40,97
12/18/2016,SMX,CA,AWP,WE,Federal Contract Tower,2,7,9,0,18,0,7,46,0,53,2,14,55,0,71,36,0,36,107
12/19/2016,SMX,CA,AWP,WE,Federal Contract Tower,0,15,19,0,34,0,9,24,0,33,0,24,43,0,67,30,0,30,97
12/20/2016,SMX,CA,AWP,WE,Federal Contract Tower,0,16,16,0,32,0,13,34,0,47,0,29,50,0,79,56,0,56,135
12/21/2016,SMX,CA,AWP,WE,Federal Contract Tower,2,17,13,4,36,0,7,45,0,52,2,24,58,4,88,66,8,74,162
12/22/2016,SMX,CA,AWP,WE,Federal Contract Tower,0,19,9,0,28,0,5,52,0,57,0,24,61,0,85,36,0,36,121
12/23/2016,SMX,CA,AWP,WE,Federal Contract Tower,2,18,10,1,31,0,1,6,0,7,2,19,16,1,38,0,0,0,38
12/24/2016,SMX,CA,AWP,WE,Federal Contract Tower,0,13,1,0,14,0,4,27,1,32,0,17,28,1,46,10,0,10,56
12/25/2016,SMX,CA,AWP,WE,Federal Contract Tower,0,1,1,0,2,0,1,36,0,37,0,2,37,0,39,0,0,0,39
12/26/2016,SMX,CA,AWP,WE,Federal Contract Tower,2,6,9,0,17,0,4,57,0,61,2,10,66,0,78,28,0,28,106
12/27/2016,SMX,CA,AWP,WE,Federal Contract Tower,0,15,12,0,27,0,11,39,0,50,0,26,51,0,77,16,0,16,93
12/28/2016,SMX,CA,AWP,WE,Federal Contract Tower,2,13,13,0,28,0,15,72,0,87,2,28,85,0,115,68,0,68,183
12/29/2016,SMX,CA,AWP,WE,Federal Contract Tower,0,13,16,1,30,0,5,55,1,61,0,18,71,2,91,52,2,54,145
12/30/2016,SMX,CA,AWP,WE,Federal Contract Tower,2,14,12,1,29,0,4,18,0,22,2,18,30,1,51,8,0,8,59
12/31/2016,SMX,CA,AWP,WE,Federal Contract Tower,0,9,7,0,16,0,5,14,0,19,0,14,21,0,35,4,0,4,39
01/01/2017,SMX,CA,AWP,WE,Federal Contract Tower,0,5,7,3,15,0,6,12,0,18,0,11,19,3,33,24,8,32,65
01/02/2017,SMX,CA,AWP,WE,Federal Contract Tower,2,6,17,0,25,0,2,19,0,21,2,8,36,0,46,24,0,24,70
01/03/2017,SMX,CA,AWP,WE,Federal Contract Tower,0,12,5,0,17,0,6,22,0,28,0,18,27,0,45,26,0,26,71
01/04/2017,SMX,CA,AWP,WE,Federal Contract Tower,2,21,9,2,34,0,7,0,0,7,2,28,9,2,41,4,0,4,45
01/05/2017,SMX,CA,AWP,WE,Federal Contract Tower,0,16,19,0,35,0,1,8,0,9,0,17,27,0,44,38,0,38,82
01/06/2017,SMX,CA,AWP,WE,Federal Contract Tower,2,15,16,0,33,0,6,47,0,53,2,21,63,0,86,46,0,46,132
01/07/2017,SMX,CA,AWP,WE,Federal Contract Tower,0,10,8,0,18,0,7,2,0,9,0,17,10,0,27,30,0,30,57
01/08/2017,SMX,CA,AWP,WE,Federal Contract Tower,2,8,12,0,22,0,5,22,0,27,2,13,34,0,49,64,0,64,113
01/09/2017,SMX,CA,AWP,WE,Federal Contract Tower,0,14,12,0,26,0,4,15,0,19,0,18,27,0,45,12,0,12,57
01/10/2017,SMX,CA,AWP,WE,Federal Contract Tower,0,18,26,0,44,0,1,4,0,5,0,19,30,0,49,34,0,34,83
01/11/2017,SMX,CA,AWP,WE,Federal Contract Tower,2,17,7,0,26,0,8,6,4,18,2,25,13,4,44,16,0,16,60
01/12/2017,SMX,CA,AWP,WE,Federal Contract Tower,0,13,10,1,24,0,0,3,0,3,0,13,13,1,27,0,6,6,33
01/13/2017,SMX,CA,AWP,WE,Federal Contract Tower,2,11,21,2,36,0,15,48,0,63,2,26,69,2,99,20,6,26,125
01/14/2017,SMX,CA,AWP,WE,Federal Contract Tower,0,6,7,0,13,0,6,57,0,63,0,12,64,0,76,10,0,10,86
01/15/2017,SMX,CA,AWP,WE,Federal Contract Tower,4,5,10,0,19,0,3,59,0,62,4,8,69,0,81,34,0,34,115
01/16/2017,SMX,CA,AWP,WE,Federal Contract Tower,0,12,8,0,20,0,4,44,1,49,0,16,52,1,69,10,0,10,79
01/17/2017,SMX,CA,AWP,WE,Federal Contract Tower,0,13,11,0,24,0,3,43,0,46,0,16,54,0,70,38,0,38,108
01/18/2017,SMX,CA,AWP,WE,Federal Contract Tower,2,14,12,0,28,0,13,18,0,31,2,27,30,0,59,60,0,60,119
01/19/2017,SMX,CA,AWP,WE,Federal Contract Tower,0,16,8,0,24,0,0,6,0,6,0,16,14,0,30,30,0,30,60
01/20/2017,SMX,CA,AWP,WE,Federal Contract Tower,3,16,13,0,32,0,3,1,0,4,3,19,14,0,36,10,0,10,46
01/21/2017,SMX,CA,AWP,WE,Federal Contract Tower,0,9,4,1,14,0,1,25,2,28,0,10,29,3,42,24,10,34,76
01/22/2017,SMX,CA,AWP,WE,Federal Contract Tower,2,1,3,0,6,0,0,0,0,0,2,1,3,0,6,0,0,0,6
01/23/2017,SMX,CA,AWP,WE,Federal Contract Tower,0,10,4,0,14,0,16,3,6,25,0,26,7,6,39,2,0,2,41
01/24/2017,SMX,CA,AWP,WE,Federal Contract Tower,0,18,2,0,20,0,3,27,0,30,0,21,29,0,50,4,0,4,54
01/25/2017,SMX,CA,AWP,WE,Federal Contract Tower,2,17,7,6,32,0,9,29,0,38,2,26,36,6,70,32,0,32,102
01/26/2017,SMX,CA,AWP,WE,Federal Contract Tower,0,18,14,0,32,0,8,48,0,56,0,26,62,0,88,38,0,38,126
01/27/2017,SMX,CA,AWP,WE,Federal Contract Tower,2,8,11,0,21,0,4,46,0,50,2,12,57,0,71,38,0,38,109
01/28/2017,SMX,CA,AWP,WE,Federal Contract Tower,0,10,2,0,12,0,9,53,0,62,0,19,55,0,74,38,0,38,112
01/29/2017,SMX,CA,AWP,WE,Federal Contract Tower,2,5,16,0,23,0,9,51,0,60,2,14,67,0,83,30,0,30,113
01/30/2017,SMX,CA,AWP,WE,Federal Contract Tower,0,14,14,0,28,0,9,29,0,38,0,23,43,0,66,18,0,18,84
01/31/2017,SMX,CA,AWP,WE,Federal Contract Tower,0,18,5,1,24,0,7,42,1,50,0,25,47,2,74,8,20,28,102
02/01/2017,SMX,CA,AWP,WE,Federal Contract Tower,2,17,13,2,34,0,14,38,3,55,2,31,51,5,89,28,2,30,119
02/02/2017,SMX,CA,AWP,WE,Federal Contract Tower,0,18,19,0,37,0,2,8,0,10,0,20,27,0,47,14,0,14,61
02/03/2017,SMX,CA,AWP,WE,Federal Contract Tower,2,17,7,0,26,0,4,2,0,6,2,21,9,0,32,0,0,0,32
02/04/2017,SMX,CA,AWP,WE,Federal Contract Tower,0,7,10,0,17,0,1,48,0,49,0,8,58,0,66,16,0,16,82
02/05/2017,SMX,CA,AWP,WE,Federal Contract Tower,2,7,6,1,16,0,1,6,1,8,2,8,12,2,24,0,0,0,24
02/06/2017,SMX,CA,AWP,WE,Federal Contract Tower,0,13,2,0,15,0,2,0,0,2,0,15,2,0,17,2,0,2,19
02/07/2017,SMX,CA,AWP,WE,Federal Contract Tower,0,16,10,0,26,0,0,2,0,2,0,16,12,0,28,8,0,8,36
02/08/2017,SMX,CA,AWP,WE,Federal Contract Tower,2,23,12,0,37,0,5,13,0,18,2,28,25,0,55,12,0,12,67
02/09/2017,SMX,CA,AWP,WE,Federal Contract Tower,0,16,17,2,35,0,3,15,0,18,0,19,32,2,53,20,0,20,73
02/10/2017,SMX,CA,AWP,WE,Federal Contract Tower,2,17,14,1,34,0,1,3,0,4,2,18,17,1,38,6,0,6,44
02/11/2017,SMX,CA,AWP,WE,Federal Contract Tower,0,7,11,1,19,0,4,29,0,33,0,11,40,1,52,54,0,54,106
02/12/2017,SMX,CA,AWP,WE,Federal Contract Tower,2,3,7,0,12,0,2,57,0,59,2,5,64,0,71,78,0,78,149
02/13/2017,SMX,CA,AWP,WE,Federal Contract Tower,0,17,6,0,23,0,7,56,0,63,0,24,62,0,86,24,0,24,110
02/14/2017,SMX,CA,AWP,WE,Federal Contract Tower,0,18,7,0,25,0,10,47,0,57,0,28,54,0,82,52,0,52,134
02/15/2017,SMX,CA,AWP,WE,Federal Contract Tower,2,14,5,1,22,0,15,57,0,72,2,29,62,1,94,30,18,48,142
02/16/2017,SMX,CA,AWP,WE,Federal Contract Tower,0,17,22,0,39,0,1,7,0,8,0,18,29,0,47,20,0,20,67
02/17/2017,SMX,CA,AWP,WE,Federal Contract Tower,2,10,6,0,18,0,0,0,0,0,2,10,6,0,18,0,0,0,18
02/18/2017,SMX,CA,AWP,WE,Federal Contract Tower,0,14,12,0,26,0,0,3,0,3,0,14,15,0,29,14,0,14,43
02/19/2017,SMX,CA,AWP,WE,Federal Contract Tower,0,9,9,0,18,0,3,40,0,43,0,12,49,0,61,46,0,46,107
02/20/2017,SMX,CA,AWP,WE,Federal Contract Tower,0,11,15,3,29,0,5,6,0,11,0,16,21,3,40,8,0,8,48
02/21/2017,SMX,CA,AWP,WE,Federal Contract Tower,0,15,11,3,29,0,2,5,0,7,0,17,16,3,36,2,2,4,40
02/22/2017,SMX,CA,AWP,WE,Federal Contract Tower,2,21,7,0,30,0,15,20,0,35,2,36,27,0,65,30,0,30,95
02/23/2017,SMX,CA,AWP,WE,Federal Contract Tower,0,15,9,0,24,0,5,40,0,45,0,20,49,0,69,40,0,40,109
02/24/2017,SMX,CA,AWP,WE,Federal Contract Tower,2,12,17,1,32,0,9,57,0,66,2,21,74,1,98,40,2,42,140
02/25/2017,SMX,CA,AWP,WE,Federal Contract Tower,0,7,7,0,14,0,7,49,0,56,0,14,56,0,70,36,0,36,106
02/26/2017,SMX,CA,AWP,WE,Federal Contract Tower,2,5,9,0,16,0,0,34,0,34,2,5,43,0,50,58,0,58,108
02/27/2017,SMX,CA,AWP,WE,Federal Contract Tower,1,13,9,0,23,0,9,12,0,21,1,22,21,0,44,34,0,34,78
02/28/2017,SMX,CA,AWP,WE,Federal Contract Tower,0,16,17,0,33,0,7,27,0,34,0,23,44,0,67,50,0,50,117
03/01/2017,SMX,CA,AWP,WE,Federal Contract Tower,2,15,6,0,23,0,15,70,2,87,2,30,76,2,110,58,2,60,170
03/02/2017,SMX,CA,AWP,WE,Federal Contract Tower,0,9,13,0,22,0,4,57,0,61,0,13,70,0,83,36,0,36,119
03/03/2017,SMX,CA,AWP,WE,Federal Contract Tower,2,14,17,0,33,0,4,55,0,59,2,18,72,0,92,40,0,40,132
03/04/2017,SMX,CA,AWP,WE,Federal Contract Tower,0,9,17,0,26,0,3,44,0,47,0,12,61,0,73,54,0,54,127
03/05/2017,SMX,CA,AWP,WE,Federal Contract Tower,2,4,10,0,16,0,1,7,0,8,2,5,17,0,24,24,0,24,48
03/06/2017,SMX,CA,AWP,WE,Federal Contract Tower,0,12,15,0,27,0,4,33,0,37,0,16,48,0,64,52,0,52,116
03/07/2017,SMX,CA,AWP,WE,Federal Contract Tower,0,17,20,0,37,0,2,45,0,47,0,19,65,0,84,60,0,60,144
03/08/2017,SMX,CA,AWP,WE,Federal Contract Tower,2,18,17,1,38,0,14,39,0,53,2,32,56,1,91,34,2,36,127
03/09/2017,SMX,CA,AWP,WE,Federal Contract Tower,0,16,11,0,27,0,4,50,0,54,0,20,61,0,81,38,0,38,119
03/10/2017,SMX,CA,AWP,WE,Federal Contract Tower,2,13,7,0,22,0,4,61,0,65,2,17,68,0,87,40,0,40,127
03/11/2017,SMX,CA,AWP,WE,Federal Contract Tower,0,6,12,0,18,0,0,59,0,59,0,6,71,0,77,82,0,82,159
03/12/2017,SMX,CA,AWP,WE,Federal Contract Tower,2,4,5,0,11,0,0,29,0,29,2,4,34,0,40,10,0,10,50
03/13/2017,SMX,CA,AWP,WE,Federal Contract Tower,0,9,20,0,29,0,11,45,0,56,0,20,65,0,85,52,2,54,139
03/14/2017,SMX,CA,AWP,WE,Federal Contract Tower,0,15,17,0,32,0,4,43,0,47,0,19,60,0,79,46,0,46,125
03/15/2017,SMX,CA,AWP,WE,Federal Contract Tower,2,13,18,0,33,0,13,41,0,54,2,26,59,0,87,36,0,36,123
03/16/2017,SMX,CA,AWP,WE,Federal Contract Tower,0,14,12,0,26,0,3,51,0,54,0,17,63,0,80,48,0,48,128
03/17/2017,SMX,CA,AWP,WE,Federal Contract Tower,2,16,8,0,26,0,2,55,0,57,2,18,63,0,83,36,0,36,119
03/18/2017,SMX,CA,AWP,WE,Federal Contract Tower,0,6,14,0,20,0,0,14,0,14,0,6,28,0,34,26,0,26,60
03/19/2017,SMX,CA,AWP,WE,Federal Contract Tower,2,5,18,0,25,0,6,18,0,24,2,11,36,0,49,28,0,28,77
03/20/2017,SMX,CA,AWP,WE,Federal Contract Tower,0,10,30,0,40,0,7,27,0,34,0,17,57,0,74,38,0,38,112
03/21/2017,SMX,CA,AWP,WE,Federal Contract Tower,0,14,8,0,22,0,2,2,0,4,0,16,10,0,26,14,0,14,40
03/22/2017,SMX,CA,AWP,WE,Federal Contract Tower,2,14,22,2,40,0,14,17,2,33,2,28,39,4,73,48,2,50,123
03/23/2017,SMX,CA,AWP,WE,Federal Contract Tower,0,13,19,2,34,0,5,35,4,44,0,18,54,6,78,22,10,32,110
03/24/2017,SMX,CA,AWP,WE,Federal Contract Tower,2,14,9,0,25,0,3,49,0,52,2,17,58,0,77,20,0,20,97
03/25/2017,SMX,CA,AWP,WE,Federal Contract Tower,0,9,12,0,21,0,5,31,0,36,0,14,43,0,57,22,0,22,79
03/26/2017,SMX,CA,AWP,WE,Federal Contract Tower,2,10,9,0,21,0,3,43,0,46,2,13,52,0,67,46,0,46,113
03/27/2017,SMX,CA,AWP,WE,Federal Contract Tower,0,9,15,1,25,0,7,22,2,31,0,16,37,3,56,28,10,38,94
03/28/2017,SMX,CA,AWP,WE,Federal Contract Tower,0,14,12,0,26,0,3,54,0,57,0,17,66,0,83,32,0,32,115
03/29/2017,SMX,CA,AWP,WE,Federal Contract Tower,2,12,4,0,18,0,12,61,0,73,2,24,65,0,91,36,0,36,127
03/30/2017,SMX,CA,AWP,WE,Federal Contract Tower,0,11,14,0,25,0,5,24,0,29,0,16,38,0,54,54,0,54,108
03/31/2017,SMX,CA,AWP,WE,Federal Contract Tower,2,13,10,4,29,0,8,39,3,50,2,21,49,7,79,22,10,32,111
04/01/2017,SMX,CA,AWP,WE,Federal Contract Tower,0,3,10,1,14,0,14,55,2,71,0,17,65,3,85,90,12,102,187
04/02/2017,SMX,CA,AWP,WE,Federal Contract Tower,2,6,9,0,17,0,4,57,0,61,2,10,66,0,78,12,0,12,90
04/03/2017,SMX,CA,AWP,WE,Federal Contract Tower,0,13,11,1,25,0,9,22,3,34,0,22,33,4,59,6,0,6,65
04/04/2017,SMX,CA,AWP,WE,Federal Contract Tower,0,12,24,2,38,0,7,59,0,66,0,19,83,2,104,50,0,50,154
04/05/2017,SMX,CA,AWP,WE,Federal Contract Tower,2,14,22,0,38,0,9,50,0,59,2,23,72,0,97,52,0,52,149
04/06/2017,SMX,CA,AWP,WE,Federal Contract Tower,0,12,22,5,39,0,3,34,1,38,0,15,56,6,77,42,2,44,121
04/07/2017,SMX,CA,AWP,WE,Federal Contract Tower,2,17,24,0,43,0,1,5,0,6,2,18,29,0,49,18,0,18,67
04/08/2017,SMX,CA,AWP,WE,Federal Contract Tower,0,8,34,0,42,0,5,53,0,58,0,13,87,0,100,74,0,74,174
04/09/2017,SMX,CA,AWP,WE,Federal Contract Tower,2,5,11,0,18,0,0,57,0,57,2,5,68,0,75,24,0,24,99
04/10/2017,SMX,CA,AWP,WE,Federal Contract Tower,0,11,17,1,29,0,5,35,1,41,0,16,52,2,70,46,0,46,116
04/11/2017,SMX,CA,AWP,WE,Federal Contract Tower,0,14,4,2,20,0,8,35,0,43,0,22,39,2,63,30,0,30,93
04/12/2017,SMX,CA,AWP,WE,Federal Contract Tower,2,15,17,0,34,0,7,14,0,21,2,22,31,0,55,68,0,68,123
04/13/2017,SMX,CA,AWP,WE,Federal Contract Tower,0,16,17,1,34,0,6,20,2,28,0,22,37,3,62,108,8,116,178
04/14/2017,SMX,CA,AWP,WE,Federal Contract Tower,2,13,12,1,28,0,4,46,6,56,2,17,58,7,84,16,6,22,106
04/15/2017,SMX,CA,AWP,WE,Federal Contract Tower,0,8,9,0,17,0,5,82,0,87,0,13,91,0,104,88,0,88,192
04/16/2017,SMX,CA,AWP,WE,Federal Contract Tower,2,5,2,0,9,0,1,43,0,44,2,6,45,0,53,52,0,52,105
04/17/2017,SMX,CA,AWP,WE,Federal Contract Tower,0,11,19,0,30,0,7,3,0,10,0,18,22,0,40,8,0,8,48
04/18/2017,SMX,CA,AWP,WE,Federal Contract Tower,0,14,12,2,28,0,2,2,0,4,0,16,14,2,32,4,4,8,40
04/19/2017,SMX,CA,AWP,WE,Federal Contract Tower,2,13,8,3,26,0,9,33,0,42,2,22,41,3,68,24,0,24,92
04/20/2017,SMX,CA,AWP,WE,Federal Contract Tower,0,15,10,0,25,0,6,33,0,39,0,21,43,0,64,46,0,46,110
04/21/2017,SMX,CA,AWP,WE,Federal Contract Tower,2,10,9,0,21,0,8,43,0,51,2,18,52,0,72,20,0,20,92
04/22/2017,SMX,CA,AWP,WE,Federal Contract Tower,0,11,8,0,19,0,6,58,0,64,0,17,66,0,83,112,0,112,195
04/23/2017,SMX,CA,AWP,WE,Federal Contract Tower,2,4,11,0,17,0,4,47,0,51,2,8,58,0,68,46,0,46,114
04/24/2017,SMX,CA,AWP,WE,Federal Contract Tower,0,9,14,1,24,0,7,19,1,27,0,16,33,2,51,40,2,42,93
04/25/2017,SMX,CA,AWP,WE,Federal Contract Tower,0,12,4,0,16,0,0,29,0,29,0,12,33,0,45,16,0,16,61
04/26/2017,SMX,CA,AWP,WE,Federal Contract Tower,2,19,13,0,34,0,11,21,2,34,2,30,34,2,68,57,0,57,125
04/27/2017,SMX,CA,AWP,WE,Federal Contract Tower,0,15,14,2,31,0,2,29,1,32,0,17,43,3,63,36,8,44,107
04/28/2017,SMX,CA,AWP,WE,Federal Contract Tower,2,9,12,0,23,0,6,30,0,36,2,15,42,0,59,20,0,20,79
04/29/2017,SMX,CA,AWP,WE,Federal Contract Tower,0,12,4,0,16,0,2,66,0,68,0,14,70,0,84,72,0,72,156
04/30/2017,SMX,CA,AWP,WE,Federal Contract Tower,2,2,4,0,8,0,2,46,0,48,2,4,50,0,56,44,0,44,100
05/01/2017,SMX,CA,AWP,WE,Federal Contract Tower,0,11,8,1,20,0,10,46,1,57,0,21,54,2,77,22,6,28,105
05/02/2017,SMX,CA,AWP,WE,Federal Contract Tower,0,15,3,0,18,0,1,32,0,33,0,16,35,0,51,10,0,10,61
05/03/2017,SMX,CA,AWP,WE,Federal Contract Tower,2,17,15,2,36,0,9,53,2,64,2,26,68,4,100,86,0,86,186
05/04/2017,SMX,CA,AWP,WE,Federal Contract Tower,0,17,29,3,49,0,4,21,0,25,0,21,50,3,74,78,42,120,194
05/05/2017,SMX,CA,AWP,WE,Federal Contract Tower,2,9,19,0,30,0,4,16,0,20,2,13,35,0,50,22,0,22,72
05/06/2017,SMX,CA,AWP,WE,Federal Contract Tower,0,5,11,0,16,0,3,8,0,11,0,8,19,0,27,2,0,2,29
05/07/2017,SMX,CA,AWP,WE,Federal Contract Tower,2,4,22,0,28,0,0,12,0,12,2,4,34,0,40,20,0,20,60
05/08/2017,SMX,CA,AWP,WE,Federal Contract Tower,0,14,9,0,23,0,5,20,0,25,0,19,29,0,48,70,0,70,118
05/09/2017,SMX,CA,AWP,WE,Federal Contract Tower,0,19,15,0,34,0,1,24,0,25,0,20,39,0,59,32,0,32,91
05/10/2017,SMX,CA,AWP,WE,Federal Contract Tower,2,21,30,0,53,0,2,9,0,11,2,23,39,0,64,8,0,8,72
05/11/2017,SMX,CA,AWP,WE,Federal Contract Tower,0,12,17,0,29,0,4,37,0,41,0,16,54,0,70,26,0,26,96
05/12/2017,SMX,CA,AWP,WE,Federal Contract Tower,2,15,16,0,33,0,10,30,0,40,2,25,46,0,73,24,0,24,97
05/13/2017,SMX,CA,AWP,WE,Federal Contract Tower,0,6,2,0,8,0,6,45,2,53,0,12,47,2,61,82,0,82,143
05/14/2017,SMX,CA,AWP,WE,Federal Contract Tower,2,3,10,0,15,0,2,38,0,40,2,5,48,0,55,36,0,36,91
05/15/2017,SMX,CA,AWP,WE,Federal Contract Tower,0,10,18,0,28,0,6,27,0,33,0,16,45,0,61,40,0,40,101
05/16/2017,SMX,CA,AWP,WE,Federal Contract Tower,0,13,5,0,18,0,2,22,0,24,0,15,27,0,42,38,0,38,80
05/17/2017,SMX,CA,AWP,WE,Federal Contract Tower,2,15,16,0,33,0,10,26,0,36,2,25,42,0,69,10,0,10,79
05/18/2017,SMX,CA,AWP,WE,Federal Contract Tower,0,13,12,0,25,0,8,38,0,46,0,21,50,0,71,34,0,34,105
05/19/2017,SMX,CA,AWP,WE,Federal Contract Tower,2,14,12,0,28,0,9,62,4,75,2,23,74,4,103,32,6,38,141
05/20/2017,SMX,CA,AWP,WE,Federal Contract Tower,2,9,6,0,17,0,3,70,0,73,2,12,76,0,90,24,0,24,114
05/21/2017,SMX,CA,AWP,WE,Federal Contract Tower,2,5,19,2,28,0,2,65,2,69,2,7,84,4,97,60,14,74,171
05/22/2017,SMX,CA,AWP,WE,Federal Contract Tower,0,11,4,0,15,0,3,43,0,46,0,14,47,0,61,16,0,16,77
05/23/2017,SMX,CA,AWP,WE,Federal Contract Tower,0,17,22,0,39,0,6,26,0,32,0,23,48,0,71,32,0,32,103
05/24/2017,SMX,CA,AWP,WE,Federal Contract Tower,2,26,18,0,46,0,2,25,0,27,2,28,43,0,73,18,0,18,91
05/25/2017,SMX,CA,AWP,WE,Federal Contract Tower,0,12,14,1,27,0,7,21,0,28,0,19,35,1,55,6,18,24,79
05/26/2017,SMX,CA,AWP,WE,Federal Contract Tower,2,16,15,0,33,0,1,34,0,35,2,17,49,0,68,32,0,32,100
05/27/2017,SMX,CA,AWP,WE,Federal Contract Tower,0,4,12,0,16,0,4,52,0,56,0,8,64,0,72,54,0,54,126
05/28/2017,SMX,CA,AWP,WE,Federal Contract Tower,2,4,8,0,14,0,8,47,2,57,2,12,55,2,71,26,0,26,97
05/29/2017,SMX,CA,AWP,WE,Federal Contract Tower,0,7,18,0,25,0,1,44,0,45,0,8,62,0,70,4,0,4,74
05/30/2017,SMX,CA,AWP,WE,Federal Contract Tower,0,14,18,0,32,0,0,26,0,26,0,14,44,0,58,20,0,20,78
05/31/2017,SMX,CA,AWP,WE,Federal Contract Tower,2,15,12,1,30,0,12,22,3,37,2,27,34,4,67,24,0,24,91
06/01/2017,SMX,CA,AWP,WE,Federal Contract Tower,0,15,10,2,27,0,5,31,1,37,0,20,41,3,64,50,6,56,120
06/02/2017,SMX,CA,AWP,WE,Federal Contract Tower,2,11,16,1,30,0,4,54,1,59,2,15,70,2,89,40,2,42,131
06/03/2017,SMX,CA,AWP,WE,Federal Contract Tower,0,4,5,0,9,0,1,57,0,58,0,5,62,0,67,28,0,28,95
06/04/2017,SMX,CA,AWP,WE,Federal Contract Tower,2,6,15,0,23,0,6,48,0,54,2,12,63,0,77,12,0,12,89
06/05/2017,SMX,CA,AWP,WE,Federal Contract Tower,0,11,9,0,20,0,6,33,0,39,0,17,42,0,59,12,0,12,71
06/06/2017,SMX,CA,AWP,WE,Federal Contract Tower,0,15,22,1,38,0,4,16,0,20,0,19,38,1,58,24,6,30,88
06/07/2017,SMX,CA,AWP,WE,Federal Contract Tower,2,16,19,0,37,0,6,31,0,37,2,22,50,0,74,0,0,0,74
06/08/2017,SMX,CA,AWP,WE,Federal Contract Tower,0,9,23,0,32,0,3,42,0,45,0,12,65,0,77,22,0,22,99
06/09/2017,SMX,CA,AWP,WE,Federal Contract Tower,2,18,16,6,42,0,0,19,0,19,2,18,35,6,61,50,4,54,115
06/10/2017,SMX,CA,AWP,WE,Federal Contract Tower,0,7,1,0,8,0,3,59,0,62,0,10,60,0,70,8,0,8,78
06/11/2017,SMX,CA,AWP,WE,Federal Contract Tower,2,4,6,0,12,0,5,36,0,41,2,9,42,0,53,10,0,10,63
06/12/2017,SMX,CA,AWP,WE,Federal Contract Tower,0,9,8,1,18,0,9,34,0,43,0,18,42,1,61,22,2,24,85
06/13/2017,SMX,CA,AWP,WE,Federal Contract Tower,0,11,3,0,14,0,3,32,2,37,0,14,35,2,51,2,4,6,57
06/14/2017,SMX,CA,AWP,WE,Federal Contract Tower,2,11,17,2,32,0,10,30,0,40,2,21,47,2,72,26,0,26,98
06/15/2017,SMX,CA,AWP,WE,Federal Contract Tower,0,12,13,0,25,0,7,41,2,50,0,19,54,2,75,28,2,30,105
06/16/2017,SMX,CA,AWP,WE,Federal Contract Tower,2,14,14,0,30,0,8,61,0,69,2,22,75,0,99,26,0,26,125
06/17/2017,SMX,CA,AWP,WE,Federal Contract Tower,0,8,22,0,30,0,4,62,0,66,0,12,84,0,96,42,0,42,138
06/18/2017,SMX,CA,AWP,WE,Federal Contract Tower,2,5,11,0,18,0,3,48,0,51,2,8,59,0,69,10,0,10,79
06/19/2017,SMX,CA,AWP,WE,Federal Contract Tower,0,11,7,2,20,0,7,45,1,53,0,18,52,3,73,28,0,28,101
06/20/2017,SMX,CA,AWP,WE,Federal Contract Tower,0,18,12,0,30,0,13,39,0,52,0,31,51,0,82,32,0,32,114
06/21/2017,SMX,CA,AWP,WE,Federal Contract Tower,1,15,23,0,39,0,9,29,0,38,1,24,52,0,77,40,0,40,117
06/22/2017,SMX,CA,AWP,WE,Federal Contract Tower,0,10,11,0,21,0,5,23,0,28,0,15,34,0,49,24,0,24,73
06/23/2017,SMX,CA,AWP,WE,Federal Contract Tower,2,12,17,2,33,0,4,38,0,42,2,16,55,2,75,28,2,30,105
06/24/2017,SMX,CA,AWP,WE,Federal Contract Tower,0,2,8,0,10,0,1,29,0,30,0,3,37,0,40,56,0,56,96
06/25/2017,SMX,CA,AWP,WE,Federal Contract Tower,2,5,23,0,30,0,2,52,0,54,2,7,75,0,84,24,0,24,108
06/26/2017,SMX,CA,AWP,WE,Federal Contract Tower,0,12,10,3,25,0,8,41,0,49,0,20,51,3,74,34,8,42,116
06/27/2017,SMX,CA,AWP,WE,Federal Contract Tower,0,15,15,0,30,0,2,29,0,31,0,17,44,0,61,10,0,10,71
06/28/2017,SMX,CA,AWP,WE,Federal Contract Tower,2,15,14,0,31,0,6,19,0,25,2,21,33,0,56,26,0,26,82
06/29/2017,SMX,CA,AWP,WE,Federal Contract Tower,0,14,22,1,37,0,2,34,0,36,0,16,56,1,73,16,0,16,89
06/30/2017,SMX,CA,AWP,WE,Federal Contract Tower,2,16,17,0,35,0,4,54,0,58,2,20,71,0,93,58,0,58,151
07/01/2017,SMX,CA,AWP,WE,Federal Contract Tower,0,5,17,0,22,0,4,35,0,39,0,9,52,0,61,20,0,20,81
07/02/2017,SMX,CA,AWP,WE,Federal Contract Tower,2,2,14,0,18,0,2,24,0,26,2,4,38,0,44,8,0,8,52
07/03/2017,SMX,CA,AWP,WE,Federal Contract Tower,0,11,11,0,22,0,1,32,0,33,0,12,43,0,55,16,0,16,71
07/04/2017,SMX,CA,AWP,WE,Federal Contract Tower,0,3,2,0,5,0,0,24,0,24,0,3,26,0,29,10,0,10,39
07/05/2017,SMX,CA,AWP,WE,Federal Contract Tower,2,13,13,3,31,0,10,35,0,45,2,23,48,3,76,6,2,8,84
07/06/2017,SMX,CA,AWP,WE,Federal Contract Tower,0,14,10,2,26,0,5,109,3,117,0,19,119,5,143,20,24,44,187
07/07/2017,SMX,CA,AWP,WE,Federal Contract Tower,2,12,14,2,30,0,8,146,0,154,2,20,160,2,184,8,0,8,192
07/08/2017,SMX,CA,AWP,WE,Federal Contract Tower,0,3,9,0,12,0,3,223,0,226,0,6,232,0,238,4,0,4,242
07/09/2017,SMX,CA,AWP,WE,Federal Contract Tower,2,5,8,0,15,0,3,166,0,169,2,8,174,0,184,2,0,2,186
07/10/2017,SMX,CA,AWP,WE,Federal Contract Tower,0,10,2,1,13,0,8,109,3,120,0,18,111,4,133,10,2,12,145
07/11/2017,SMX,CA,AWP,WE,Federal Contract Tower,0,14,7,0,21,0,2,102,10,114,0,16,109,10,135,8,2,10,145
07/12/2017,SMX,CA,AWP,WE,Federal Contract Tower,2,14,7,0,23,0,8,84,2,94,2,22,91,2,117,4,0,4,121
07/13/2017,SMX,CA,AWP,WE,Federal Contract Tower,0,18,13,0,31,0,1,122,0,123,0,19,135,0,154,2,0,2,156
07/14/2017,SMX,CA,AWP,WE,Federal Contract Tower,2,18,13,0,33,0,2,153,2,157,2,20,166,2,190,6,0,6,196
07/15/2017,SMX,CA,AWP,WE,Federal Contract Tower,0,4,17,0,21,0,1,125,0,126,0,5,142,0,147,6,0,6,153
07/16/2017,SMX,CA,AWP,WE,Federal Contract Tower,0,2,3,0,5,0,2,66,1,69,0,4,69,1,74,24,0,24,98
07/17/2017,SMX,CA,AWP,WE,Federal Contract Tower,0,10,6,4,20,0,11,69,1,81,0,21,75,5,101,14,4,18,119
07/18/2017,SMX,CA,AWP,WE,Federal Contract Tower,0,10,3,0,13,0,2,61,0,63,0,12,64,0,76,24,0,24,100
07/19/2017,SMX,CA,AWP,WE,Federal Contract Tower,2,20,27,0,49,0,3,76,0,79,2,23,103,0,128,28,0,28,156
07/20/2017,SMX,CA,AWP,WE,Federal Contract Tower,0,11,19,0,30,0,2,60,0,62,0,13,79,0,92,26,0,26,118
07/21/2017,SMX,CA,AWP,WE,Federal Contract Tower,0,12,14,0,26,0,12,44,0,56,0,24,58,0,82,40,0,40,122
07/22/2017,SMX,CA,AWP,WE,Federal Contract Tower,3,4,11,1,19,0,4,66,0,70,3,8,77,1,89,118,4,122,211
07/23/2017,SMX,CA,AWP,WE,Federal Contract Tower,3,5,6,0,14,0,0,47,0,47,3,5,53,0,61,22,0,22,83
07/24/2017,SMX,CA,AWP,WE,Federal Contract Tower,0,16,5,2,23,0,0,24,0,24,0,16,29,2,47,2,8,10,57
07/25/2017,SMX,CA,AWP,WE,Federal Contract Tower,0,14,18,0,32,0,0,33,0,33,0,14,51,0,65,16,0,16,81
07/26/2017,SMX,CA,AWP,WE,Federal Contract Tower,2,15,9,3,29,0,12,34,0,46,2,27,43,3,75,24,2,26,101
07/27/2017,SMX,CA,AWP,WE,Federal Contract Tower,0,18,16,4,38,0,1,33,1,35,0,19,49,5,73,22,0,22,95
07/28/2017,SMX,CA,AWP,WE,Federal Contract Tower,0,17,11,0,28,0,2,33,0,35,0,19,44,0,63,22,0,22,85
07/29/2017,SMX,CA,AWP,WE,Federal Contract Tower,1,7,5,0,13,0,0,39,0,39,1,7,44,0,52,22,0,22,74
07/30/2017,SMX,CA,AWP,WE,Federal Contract Tower,0,6,6,0,12,0,1,39,0,40,0,7,45,0,52,4,0,4,56
07/31/2017,SMX,CA,AWP,WE,Federal Contract Tower,0,11,17,2,30,0,0,32,0,32,0,11,49,2,62,34,0,34,96
08/01/2017,SMX,CA,AWP,WE,Federal Contract Tower,0,19,10,0,29,0,1,38,0,39,0,20,48,0,68,22,0,22,90
08/02/2017,SMX,CA,AWP,WE,Federal Contract Tower,3,14,12,2,31,0,12,51,3,66,3,26,63,5,97,16,4,20,117
08/03/2017,SMX,CA,AWP,WE,Federal Contract Tower,0,13,10,1,24,0,4,64,1,69,0,17,74,2,93,46,4,50,143
08/04/2017,SMX,CA,AWP,WE,Federal Contract Tower,2,11,10,0,23,0,4,59,0,63,2,15,69,0,86,36,0,36,122
08/05/2017,SMX,CA,AWP,WE,Federal Contract Tower,0,7,16,1,24,0,5,37,0,42,0,12,53,1,66,74,2,76,142
08/06/2017,SMX,CA,AWP,WE,Federal Contract Tower,2,4,18,0,24,0,1,55,0,56,2,5,73,0,80,28,0,28,108
08/07/2017,SMX,CA,AWP,WE,Federal Contract Tower,0,15,19,0,34,0,2,30,0,32,0,17,49,0,66,20,0,20,86
08/08/2017,SMX,CA,AWP,WE,Federal Contract Tower,0,15,12,1,28,0,5,53,1,59,0,20,65,2,87,88,0,88,175
08/09/2017,SMX,CA,AWP,WE,Federal Contract Tower,2,16,27,0,45,0,4,53,0,57,2,20,80,0,102,80,0,80,182
08/10/2017,SMX,CA,AWP,WE,Federal Contract Tower,0,18,26,0,44,0,2,40,0,42,0,20,66,0,86,44,0,44,130
08/11/2017,SMX,CA,AWP,WE,Federal Contract Tower,2,13,27,0,42,0,4,40,0,44,2,17,67,0,86,18,0,18,104
08/12/2017,SMX,CA,AWP,WE,Federal Contract Tower,0,11,17,0,28,0,3,41,0,44,0,14,58,0,72,66,0,66,138
08/13/2017,SMX,CA,AWP,WE,Federal Contract Tower,2,2,12,0,16,0,2,56,4,62,2,4,68,4,78,10,0,10,88
08/14/2017,SMX,CA,AWP,WE,Federal Contract Tower,0,10,19,0,29,0,12,41,0,53,0,22,60,0,82,12,0,12,94
08/15/2017,SMX,CA,AWP,WE,Federal Contract Tower,0,15,5,0,20,0,5,25,0,30,0,20,30,0,50,12,0,12,62
08/16/2017,SMX,CA,AWP,WE,Federal Contract Tower,2,14,25,0,41,0,15,39,0,54,2,29,64,0,95,92,0,92,187
08/17/2017,SMX,CA,AWP,WE,Federal Contract Tower,0,17,21,3,41,0,3,49,0,52,0,20,70,3,93,30,12,42,135
08/18/2017,SMX,CA,AWP,WE,Federal Contract Tower,2,19,10,0,31,0,11,52,0,63,2,30,62,0,94,56,0,56,150
08/19/2017,SMX,CA,AWP,WE,Federal Contract Tower,0,6,10,0,16,0,3,49,0,52,0,9,59,0,68,72,0,72,140
08/20/2017,SMX,CA,AWP,WE,Federal Contract Tower,2,2,16,0,20,0,0,35,0,35,2,2,51,0,55,23,0,23,78
08/21/2017,SMX,CA,AWP,WE,Federal Contract Tower,0,13,18,3,34,0,5,29,0,34,0,18,47,3,68,20,10,30,98
08/22/2017,SMX,CA,AWP,WE,Federal Contract Tower,0,21,16,0,37,0,0,54,0,54,0,21,70,0,91,16,0,16,107
08/23/2017,SMX,CA,AWP,WE,Federal Contract Tower,2,21,24,0,47,0,1,20,0,21,2,22,44,0,68,64,0,64,132
08/24/2017,SMX,CA,AWP,WE,Federal Contract Tower,1,13,24,5,43,0,4,31,1,36,1,17,55,6,79,8,6,14,93
08/25/2017,SMX,CA,AWP,WE,Federal Contract Tower,2,15,17,0,34,0,12,46,0,58,2,27,63,0,92,30,0,30,122
08/26/2017,SMX,CA,AWP,WE,Federal Contract Tower,0,6,15,0,21,0,11,47,0,58,0,17,62,0,79,64,0,64,143
08/27/2017,SMX,CA,AWP,WE,Federal Contract Tower,0,5,15,0,20,0,2,64,0,66,0,7,79,0,86,136,0,136,222
08/28/2017,SMX,CA,AWP,WE,Federal Contract Tower,0,9,15,0,24,0,3,70,0,73,0,12,85,0,97,8,0,8,105
08/29/2017,SMX,CA,AWP,WE,Federal Contract Tower,0,17,13,0,30,0,3,31,0,34,0,20,44,0,64,68,0,68,132
08/30/2017,SMX,CA,AWP,WE,Federal Contract Tower,2,21,20,2,45,0,10,58,0,68,2,31,78,2,113,74,6,80,193
08/31/2017,SMX,CA,AWP,WE,Federal Contract Tower,0,21,18,0,39,0,11,55,0,66,0,32,73,0,105,74,0,74,179
09/01/2017,SMX,CA,AWP,WE,Federal Contract Tower,2,9,17,0,28,0,8,48,0,56,2,17,65,0,84,28,0,28,112
09/02/2017,SMX,CA,AWP,WE,Federal Contract Tower,0,2,9,0,11,0,2,55,0,57,0,4,64,0,68,52,0,52,120
09/03/2017,SMX,CA,AWP,WE,Federal Contract Tower,2,0,6,0,8,0,0,58,0,58,2,0,64,0,66,38,0,38,104
09/04/2017,SMX,CA,AWP,WE,Federal Contract Tower,0,4,21,0,25,0,3,22,0,25,0,7,43,0,50,24,0,24,74
09/05/2017,SMX,CA,AWP,WE,Federal Contract Tower,0,8,19,0,27,0,0,35,0,35,0,8,54,0,62,32,0,32,94
09/06/2017,SMX,CA,AWP,WE,Federal Contract Tower,2,16,15,0,33,0,2,22,0,24,2,18,37,0,57,26,0,26,83
09/07/2017,SMX,CA,AWP,WE,Federal Contract Tower,0,18,17,0,35,0,1,44,0,45,0,19,61,0,80,34,2,36,116
09/08/2017,SMX,CA,AWP,WE,Federal Contract Tower,5,18,21,0,44,0,2,12,0,14,5,20,33,0,58,2,0,2,60
09/09/2017,SMX,CA,AWP,WE,Federal Contract Tower,0,9,8,0,17,0,2,39,0,41,0,11,47,0,58,64,0,64,122
09/10/2017,SMX,CA,AWP,WE,Federal Contract Tower,2,4,11,0,17,0,2,40,0,42,2,6,51,0,59,78,0,78,137
09/11/2017,SMX,CA,AWP,WE,Federal Contract Tower,0,12,12,0,24,0,11,53,0,64,0,23,65,0,88,54,0,54,142
09/12/2017,SMX,CA,AWP,WE,Federal Contract Tower,0,21,26,0,47,0,6,31,0,37,0,27,57,0,84,10,0,10,94
09/13/2017,SMX,CA,AWP,WE,Federal Contract Tower,2,11,21,0,34,0,11,55,0,66,2,22,76,0,100,60,0,60,160
09/14/2017,SMX,CA,AWP,WE,Federal Contract Tower,0,18,23,0,41,0,4,35,0,39,0,22,58,0,80,40,0,40,120
09/15/2017,SMX,CA,AWP,WE,Federal Contract Tower,2,17,24,0,43,0,4,54,0,58,2,21,78,0,101,32,0,32,133
09/16/2017,SMX,CA,AWP,WE,Federal Contract Tower,0,7,7,0,14,0,2,55,0,57,0,9,62,0,71,96,0,96,167
09/17/2017,SMX,CA,AWP,WE,Federal Contract Tower,2,3,16,0,21,0,3,46,0,49,2,6,62,0,70,14,0,14,84
09/18/2017,SMX,CA,AWP,WE,Federal Contract Tower,0,19,9,3,31,0,4,21,0,25,0,23,30,3,56,16,4,20,76
09/19/2017,SMX,CA,AWP,WE,Federal Contract Tower,0,10,7,0,17,0,7,48,0,55,0,17,55,0,72,10,0,10,82
09/20/2017,SMX,CA,AWP,WE,Federal Contract Tower,2,11,11,2,26,0,8,114,0,122,2,19,125,2,148,10,0,10,158
09/21/2017,SMX,CA,AWP,WE,Federal Contract Tower,0,19,15,0,34,0,2,43,0,45,0,21,58,0,79,14,0,14,93
09/22/2017,SMX,CA,AWP,WE,Federal Contract Tower,3,15,7,0,25,0,7,44,0,51,3,22,51,0,76,32,0,32,108
09/23/2017,SMX,CA,AWP,WE,Federal Contract Tower,0,4,8,0,12,0,3,49,0,52,0,7,57,0,64,30,0,30,94
09/24/2017,SMX,CA,AWP,WE,Federal Contract Tower,2,4,4,0,10,0,1,70,0,71,2,5,74,0,81,46,0,46,127
09/25/2017,SMX,CA,AWP,WE,Federal Contract Tower,0,12,8,0,20,0,15,35,0,50,0,27,43,0,70,18,0,18,88
09/26/2017,SMX,CA,AWP,WE,Federal Contract Tower,0,11,12,6,29,0,3,46,0,49,0,14,58,6,78,16,2,18,96
09/27/2017,SMX,CA,AWP,WE,Federal Contract Tower,2,11,13,0,26,0,12,23,0,35,2,23,36,0,61,94,0,94,155
09/28/2017,SMX,CA,AWP,WE,Federal Contract Tower,0,20,11,0,31,0,0,41,0,41,0,20,52,0,72,20,0,20,92
09/29/2017,SMX,CA,AWP,WE,Federal Contract Tower,4,12,10,4,30,0,7,103,0,110,4,19,113,4,140,6,8,14,154
09/30/2017,SMX,CA,AWP,WE,Federal Contract Tower,1,4,9,0,14,0,1,47,0,48,1,5,56,0,62,14,0,14,76
10/01/2017,SMX,CA,AWP,WE,Federal Contract Tower,2,3,6,0,11,0,1,70,0,71,2,4,76,0,82,18,0,18,100
10/02/2017,SMX,CA,AWP,WE,Federal Contract Tower,0,10,8,0,18,0,4,35,0,39,0,14,43,0,57,18,0,18,75
10/03/2017,SMX,CA,AWP,WE,Federal Contract Tower,0,15,21,0,36,0,6,17,0,23,0,21,38,0,59,18,0,18,77
10/04/2017,SMX,CA,AWP,WE,Federal Contract Tower,2,11,6,0,19,0,13,40,0,53,2,24,46,0,72,10,0,10,82
10/05/2017,SMX,CA,AWP,WE,Federal Contract Tower,0,11,7,0,18,0,7,60,0,67,0,18,67,0,85,88,0,88,173
10/06/2017,SMX,CA,AWP,WE,Federal Contract Tower,4,13,5,3,25,0,8,63,0,71,4,21,68,3,96,38,10,48,144
10/07/2017,SMX,CA,AWP,WE,Federal Contract Tower,0,9,9,0,18,0,0,55,0,55,0,9,64,0,73,18,0,18,91
10/08/2017,SMX,CA,AWP,WE,Federal Contract Tower,2,6,6,0,14,0,4,32,0,36,2,10,38,0,50,58,0,58,108
10/09/2017,SMX,CA,AWP,WE,Federal Contract Tower,0,12,5,0,17,0,7,39,0,46,0,19,44,0,63,12,0,12,75
10/10/2017,SMX,CA,AWP,WE,Federal Contract Tower,0,21,10,0,31,0,8,41,0,49,0,29,51,0,80,42,0,42,122
10/11/2017,SMX,CA,AWP,WE,Federal Contract Tower,2,20,19,2,43,0,6,21,0,27,2,26,40,2,70,34,4,38,108
10/12/2017,SMX,CA,AWP,WE,Federal Contract Tower,0,15,7,0,22,0,5,44,0,49,0,20,51,0,71,28,0,28,99
10/13/2017,SMX,CA,AWP,WE,Federal Contract Tower,2,8,21,5,36,0,6,33,3,42,2,14,54,8,78,26,22,48,126
10/14/2017,SMX,CA,AWP,WE,Federal Contract Tower,0,7,5,0,12,0,6,49,0,55,0,13,54,0,67,28,0,28,95
10/15/2017,SMX,CA,AWP,WE,Federal Contract Tower,2,1,8,0,11,0,3,39,0,42,2,4,47,0,53,68,0,68,121
10/16/2017,SMX,CA,AWP,WE,Federal Contract Tower,0,7,6,0,13,0,10,48,0,58,0,17,54,0,71,54,6,60,131
10/17/2017,SMX,CA,AWP,WE,Federal Contract Tower,0,12,4,1,17,0,5,50,1,56,0,17,54,2,73,36,4,40,113
10/18/2017,SMX,CA,AWP,WE,Federal Contract Tower,2,13,8,0,23,0,15,43,0,58,2,28,51,0,81,80,0,80,161
10/19/2017,SMX,CA,AWP,WE,Federal Contract Tower,0,13,11,3,27,0,9,31,0,40,0,22,42,3,67,16,12,28,95
10/20/2017,SMX,CA,AWP,WE,Federal Contract Tower,3,15,4,0,22,0,7,38,0,45,3,22,42,0,67,8,0,8,75
10/21/2017,SMX,CA,AWP,WE,Federal Contract Tower,0,2,1,0,3,0,8,37,0,45,0,10,38,0,48,50,2,52,100
10/22/2017,SMX,CA,AWP,WE,Federal Contract Tower,2,5,3,0,10,0,3,61,0,64,2,8,64,0,74,26,0,26,100
10/23/2017,SMX,CA,AWP,WE,Federal Contract Tower,0,7,10,0,17,0,12,16,0,28,0,19,26,0,45,40,2,42,87
10/24/2017,SMX,CA,AWP,WE,Federal Contract Tower,0,11,9,0,20,0,9,17,0,26,0,20,26,0,46,10,0,10,56
10/25/2017,SMX,CA,AWP,WE,Federal Contract Tower,2,10,7,0,19,0,19,27,0,46,2,29,34,0,65,60,0,60,125
10/26/2017,SMX,CA,AWP,WE,Federal Contract Tower,0,12,13,0,25,0,14,50,0,64,0,26,63,0,89,62,0,62,151
10/27/2017,SMX,CA,AWP,WE,Federal Contract Tower,2,11,17,2,32,0,6,62,0,68,2,17,79,2,100,44,4,48,148
10/28/2017,SMX,CA,AWP,WE,Federal Contract Tower,0,5,11,0,16,0,4,56,0,60,0,9,67,0,76,38,0,38,114
10/29/2017,SMX,CA,AWP,WE,Federal Contract Tower,2,5,14,0,21,0,0,4,0,4,2,5,18,0,25,0,0,0,25
10/30/2017,SMX,CA,AWP,WE,Federal Contract Tower,0,15,24,0,39,0,2,0,0,2,0,17,24,0,41,8,6,14,55
10/31/2017,SMX,CA,AWP,WE,Federal Contract Tower,0,13,4,0,17,0,4,13,0,17,0,17,17,0,34,36,0,36,70
11/01/2017,SMX,CA,AWP,WE,Federal Contract Tower,2,17,16,0,35,0,10,26,0,36,2,27,42,0,71,16,0,16,87
11/02/2017,SMX,CA,AWP,WE,Federal Contract Tower,0,11,10,0,21,0,7,38,0,45,0,18,48,0,66,48,0,48,114
11/03/2017,SMX,CA,AWP,WE,Federal Contract Tower,2,14,11,1,28,0,2,19,1,22,2,16,30,2,50,4,8,12,62
11/04/2017,SMX,CA,AWP,WE,Federal Contract Tower,0,5,11,0,16,0,10,29,0,39,0,15,40,0,55,36,0,36,91
11/05/2017,SMX,CA,AWP,WE,Federal Contract Tower,2,1,3,0,6,0,5,57,0,62,2,6,60,0,68,70,0,70,138
11/06/2017,SMX,CA,AWP,WE,Federal Contract Tower,0,7,11,0,18,0,18,25,0,43,0,25,36,0,61,36,0,36,97
11/07/2017,SMX,CA,AWP,WE,Federal Contract Tower,0,9,12,1,22,0,4,43,1,48,0,13,55,2,70,38,10,48,118
11/08/2017,SMX,CA,AWP,WE,Federal Contract Tower,2,8,15,0,25,0,16,34,0,50,2,24,49,0,75,46,0,46,121
11/09/2017,SMX,CA,AWP,WE,Federal Contract Tower,0,14,8,0,22,0,3,21,0,24,0,17,29,0,46,72,0,72,118
11/10/2017,SMX,CA,AWP,WE,Federal Contract Tower,2,14,19,0,35,0,4,47,0,51,2,18,66,0,86,39,2,41,127
11/11/2017,SMX,CA,AWP,WE,Federal Contract Tower,0,6,3,0,9,0,3,63,0,66,0,9,66,0,75,40,0,40,115
11/12/2017,SMX,CA,AWP,WE,Federal Contract Tower,2,1,6,0,9,0,2,69,0,71,2,3,75,0,80,56,0,56,136
11/13/2017,SMX,CA,AWP,WE,Federal Contract Tower,0,8,15,0,23,0,6,26,0,32,0,14,41,0,55,36,0,36,91
11/14/2017,SMX,CA,AWP,WE,Federal Contract Tower,0,14,12,0,26,0,6,35,0,41,0,20,47,0,67,30,0,30,97
11/15/2017,SMX,CA,AWP,WE,Federal Contract Tower,2,15,19,0,36,0,9,41,0,50,2,24,60,0,86,76,0,76,162
11/16/2017,SMX,CA,AWP,WE,Federal Contract Tower,0,14,18,0,32,0,4,25,0,29,0,18,43,0,61,46,0,46,107
11/17/2017,SMX,CA,AWP,WE,Federal Contract Tower,2,19,14,0,35,0,14,51,0,65,2,33,65,0,100,62,2,64,164
11/18/2017,SMX,CA,AWP,WE,Federal Contract Tower,0,4,10,0,14,0,4,50,0,54,0,8,60,0,68,66,0,66,134
11/19/2017,SMX,CA,AWP,WE,Federal Contract Tower,2,2,13,0,17,0,5,60,0,65,2,7,73,0,82,32,4,36,118
11/20/2017,SMX,CA,AWP,WE,Federal Contract Tower,0,9,10,1,20,0,5,24,0,29,0,14,34,1,49,10,8,18,67
11/21/2017,SMX,CA,AWP,WE,Federal Contract Tower,0,15,14,1,30,0,5,57,0,62,0,20,71,1,92,22,0,22,114
11/22/2017,SMX,CA,AWP,WE,Federal Contract Tower,2,10,15,0,27,0,18,51,0,69,2,28,66,0,96,36,0,36,132
11/23/2017,SMX,CA,AWP,WE,Federal Contract Tower,0,0,0,0,0,0,4,29,0,33,0,4,29,0,33,30,0,30,63
11/24/2017,SMX,CA,AWP,WE,Federal Contract Tower,2,10,9,0,21,0,9,67,0,76,2,19,76,0,97,80,0,80,177
11/25/2017,SMX,CA,AWP,WE,Federal Contract Tower,0,3,9,0,12,0,8,58,0,66,0,11,67,0,78,74,0,74,152
11/26/2017,SMX,CA,AWP,WE,Federal Contract Tower,2,5,18,0,25,0,3,17,0,20,2,8,35,0,45,18,0,18,63
11/27/2017,SMX,CA,AWP,WE,Federal Contract Tower,0,10,9,1,20,0,7,14,0,21,0,17,23,1,41,12,12,24,65
11/28/2017,SMX,CA,AWP,WE,Federal Contract Tower,0,12,8,4,24,0,2,29,4,35,0,14,37,8,59,58,16,74,133
11/29/2017,SMX,CA,AWP,WE,Federal Contract Tower,2,11,7,0,20,0,13,52,0,65,2,24,59,0,85,52,0,52,137
11/30/2017,SMX,CA,AWP,WE,Federal Contract Tower,0,14,4,1,19,0,6,57,1,64,0,20,61,2,83,82,0,82,165
12/01/2017,SMX,CA,AWP,WE,Federal Contract Tower,2,9,18,0,29,0,6,71,0,77,2,15,89,0,106,26,0,26,132
12/02/2017,SMX,CA,AWP,WE,Federal Contract Tower,2,1,6,0,9,0,4,62,0,66,2,5,68,0,75,64,0,64,139
12/03/2017,SMX,CA,AWP,WE,Federal Contract Tower,2,2,10,0,14,0,4,35,0,39,2,6,45,0,53,10,0,10,63
12/04/2017,SMX,CA,AWP,WE,Federal Contract Tower,0,6,15,0,21,0,5,37,0,42,0,11,52,0,63,14,0,14,77
12/05/2017,SMX,CA,AWP,WE,Federal Contract Tower,2,11,12,6,31,0,6,25,0,31,2,17,37,6,62,8,14,22,84
12/06/2017,SMX,CA,AWP,WE,Federal Contract Tower,2,13,10,0,25,0,29,75,0,104,2,42,85,0,129,16,0,16,145
12/07/2017,SMX,CA,AWP,WE,Federal Contract Tower,0,4,7,2,13,0,7,40,18,65,0,11,47,20,78,6,22,28,106
12/08/2017,SMX,CA,AWP,WE,Federal Contract Tower,2,7,13,1,23,0,7,68,1,76,2,14,81,2,99,16,0,16,115
12/09/2017,SMX,CA,AWP,WE,Federal Contract Tower,0,1,1,2,4,0,4,63,0,67,0,5,64,2,71,92,0,92,163
12/10/2017,SMX,CA,AWP,WE,Federal Contract Tower,2,2,14,0,18,0,0,18,0,18,2,2,32,0,36,0,0,0,36
12/11/2017,SMX,CA,AWP,WE,Federal Contract Tower,0,6,7,0,13,0,6,40,0,46,0,12,47,0,59,6,0,6,65
12/12/2017,SMX,CA,AWP,WE,Federal Contract Tower,0,15,7,2,24,0,1,52,0,53,0,16,59,2,77,26,12,38,115
12/13/2017,SMX,CA,AWP,WE,Federal Contract Tower,2,12,10,0,24,0,26,70,0,96,2,38,80,0,120,18,2,20,140
12/14/2017,SMX,CA,AWP,WE,Federal Contract Tower,0,11,17,1,29,0,11,115,0,126,0,22,132,1,155,24,4,28,183
12/15/2017,SMX,CA,AWP,WE,Federal Contract Tower,2,13,14,0,29,0,5,59,0,64,2,18,73,0,93,6,0,6,99
12/16/2017,SMX,CA,AWP,WE,Federal Contract Tower,0,8,5,0,13,0,5,106,0,111,0,13,111,0,124,6,0,6,130
12/17/2017,SMX,CA,AWP,WE,Federal Contract Tower,2,1,6,0,9,0,5,62,0,67,2,6,68,0,76,6,0,6,82
12/18/2017,SMX,CA,AWP,WE,Federal Contract Tower,0,6,6,0,12,0,8,75,0,83,0,14,81,0,95,16,18,34,129
12/19/2017,SMX,CA,AWP,WE,Federal Contract Tower,0,13,12,0,25,0,2,30,0,32,0,15,42,0,57,20,0,20,77
12/20/2017,SMX,CA,AWP,WE,Federal Contract Tower,3,12,19,0,34,0,9,22,0,31,3,21,41,0,65,24,2,26,91
12/21/2017,SMX,CA,AWP,WE,Federal Contract Tower,0,12,13,0,25,0,3,40,0,43,0,15,53,0,68,32,0,32,100
12/22/2017,SMX,CA,AWP,WE,Federal Contract Tower,2,13,10,0,25,0,5,32,0,37,2,18,42,0,62,18,0,18,80
12/23/2017,SMX,CA,AWP,WE,Federal Contract Tower,0,9,11,0,20,0,8,49,0,57,0,17,60,0,77,28,0,28,105
12/24/2017,SMX,CA,AWP,WE,Federal Contract Tower,2,2,3,0,7,0,1,36,0,37,2,3,39,0,44,2,2,4,48
12/25/2017,SMX,CA,AWP,WE,Federal Contract Tower,0,0,1,0,1,0,3,13,0,16,0,3,14,0,17,8,0,8,25
12/26/2017,SMX,CA,AWP,WE,Federal Contract Tower,0,7,11,0,18,0,5,28,0,33,0,12,39,0,51,8,0,8,59
12/27/2017,SMX,CA,AWP,WE,Federal Contract Tower,2,9,4,2,17,0,12,30,1,43,2,21,34,3,60,20,0,20,80
12/28/2017,SMX,CA,AWP,WE,Federal Contract Tower,0,7,8,4,19,0,2,53,0,55,0,9,61,4,74,6,0,6,80
12/29/2017,SMX,CA,AWP,WE,Federal Contract Tower,2,6,14,0,22,0,8,45,0,53,2,14,59,0,75,12,0,12,87
12/30/2017,SMX,CA,AWP,WE,Federal Contract Tower,0,3,2,0,5,0,5,55,2,62,0,8,57,2,67,20,6,26,93
12/31/2017,SMX,CA,AWP,WE,Federal Contract Tower,0,0,4,1,5,0,4,44,1,49,0,4,48,2,54,18,18,36,90
01/01/2018,SMX,CA,AWP,WE,Federal Contract Tower,2,1,3,1,7,0,11,22,0,33,2,12,25,1,40,8,2,10,50
01/02/2018,SMX,CA,AWP,WE,Federal Contract Tower,0,6,6,0,12,0,0,34,0,34,0,6,40,0,46,44,0,44,90
01/03/2018,SMX,CA,AWP,WE,Federal Contract Tower,2,12,9,1,24,0,11,36,0,47,2,23,45,1,71,16,0,16,87
01/04/2018,SMX,CA,AWP,WE,Federal Contract Tower,0,15,13,0,28,0,2,8,0,10,0,17,21,0,38,18,0,18,56
01/05/2018,SMX,CA,AWP,WE,Federal Contract Tower,2,9,16,0,27,0,2,13,0,15,2,11,29,0,42,22,0,22,64
01/06/2018,SMX,CA,AWP,WE,Federal Contract Tower,0,4,15,0,19,0,4,4,0,8,0,8,19,0,27,12,0,12,39
01/07/2018,SMX,CA,AWP,WE,Federal Contract Tower,2,0,13,2,17,0,0,71,0,71,2,0,84,2,88,58,0,58,146
01/08/2018,SMX,CA,AWP,WE,Federal Contract Tower,0,7,9,0,16,0,6,0,0,6,0,13,9,0,22,0,0,0,22
01/09/2018,SMX,CA,AWP,WE,Federal Contract Tower,0,11,2,0,13,0,3,3,0,6,0,14,5,0,19,0,0,0,19
01/10/2018,SMX,CA,AWP,WE,Federal Contract Tower,2,10,9,0,21,0,8,28,2,38,2,18,37,2,59,46,0,46,105
01/11/2018,SMX,CA,AWP,WE,Federal Contract Tower,0,7,12,0,19,0,4,62,0,66,0,11,74,0,85,54,0,54,139
01/12/2018,SMX,CA,AWP,WE,Federal Contract Tower,2,6,10,6,24,0,5,58,1,64,2,11,68,7,88,22,14,36,124
01/13/2018,SMX,CA,AWP,WE,Federal Contract Tower,0,2,11,0,13,0,6,61,0,67,0,8,72,0,80,48,0,48,128
01/14/2018,SMX,CA,AWP,WE,Federal Contract Tower,2,4,7,0,13,0,4,46,0,50,2,8,53,0,63,14,0,14,77
01/15/2018,SMX,CA,AWP,WE,Federal Contract Tower,0,6,9,0,15,0,8,30,0,38,0,14,39,0,53,4,0,4,57
01/16/2018,SMX,CA,AWP,WE,Federal Contract Tower,0,8,19,0,27,0,2,39,0,41,0,10,58,0,68,18,0,18,86
01/17/2018,SMX,CA,AWP,WE,Federal Contract Tower,2,13,19,1,35,0,6,43,0,49,2,19,62,1,84,2,6,8,92
01/18/2018,SMX,CA,AWP,WE,Federal Contract Tower,0,11,20,0,31,0,4,19,0,23,0,15,39,0,54,6,0,6,60
01/19/2018,SMX,CA,AWP,WE,Federal Contract Tower,2,13,21,0,36,0,5,16,0,21,2,18,37,0,57,8,0,8,65
01/20/2018,SMX,CA,AWP,WE,Federal Contract Tower,0,4,11,0,15,0,5,50,0,55,0,9,61,0,70,62,0,62,132
01/21/2018,SMX,CA,AWP,WE,Federal Contract Tower,2,0,6,0,8,0,11,64,0,75,2,11,70,0,83,58,0,58,141
01/22/2018,SMX,CA,AWP,WE,Federal Contract Tower,0,8,23,0,31,0,11,40,0,51,0,19,63,0,82,54,0,54,136
01/23/2018,SMX,CA,AWP,WE,Federal Contract Tower,2,11,14,0,27,0,11,58,4,73,2,22,72,4,100,52,0,52,152
01/24/2018,SMX,CA,AWP,WE,Federal Contract Tower,2,11,12,1,26,0,11,39,0,50,2,22,51,1,76,20,0,20,96
01/25/2018,SMX,CA,AWP,WE,Federal Contract Tower,0,11,12,0,23,0,4,23,0,27,0,15,35,0,50,0,2,2,52
01/26/2018,SMX,CA,AWP,WE,Federal Contract Tower,2,7,19,2,30,0,5,50,0,55,2,12,69,2,85,14,0,14,99
01/27/2018,SMX,CA,AWP,WE,Federal Contract Tower,0,5,5,0,10,0,5,43,0,48,0,10,48,0,58,16,0,16,74
01/28/2018,SMX,CA,AWP,WE,Federal Contract Tower,2,0,2,0,4,0,0,62,0,62,2,0,64,0,66,38,0,38,104
01/29/2018,SMX,CA,AWP,WE,Federal Contract Tower,0,8,3,0,11,0,4,44,0,48,0,12,47,0,59,4,0,4,63
01/30/2018,SMX,CA,AWP,WE,Federal Contract Tower,0,11,6,0,17,0,0,37,0,37,0,11,43,0,54,12,0,12,66
01/31/2018,SMX,CA,AWP,WE,Federal Contract Tower,2,8,10,0,20,0,11,41,0,52,2,19,51,0,72,12,0,12,84
02/01/2018,SMX,CA,AWP,WE,Federal Contract Tower,0,8,11,0,19,0,4,40,0,44,0,12,51,0,63,28,0,28,91
02/02/2018,SMX,CA,AWP,WE,Federal Contract Tower,2,12,10,2,26,0,5,56,1,62,2,17,66,3,88,56,12,68,156
02/03/2018,SMX,CA,AWP,WE,Federal Contract Tower,0,4,11,1,16,0,7,70,0,77,0,11,81,1,93,70,22,92,185
02/04/2018,SMX,CA,AWP,WE,Federal Contract Tower,2,0,8,0,10,0,2,49,0,51,2,2,57,0,61,38,0,38,99
02/05/2018,SMX,CA,AWP,WE,Federal Contract Tower,0,5,6,0,11,0,6,26,0,32,0,11,32,0,43,2,0,2,45
02/06/2018,SMX,CA,AWP,WE,Federal Contract Tower,0,14,15,2,31,0,3,40,5,48,0,17,55,7,79,38,34,72,151
02/07/2018,SMX,CA,AWP,WE,Federal Contract Tower,2,10,5,2,19,0,11,21,0,32,2,21,26,2,51,2,30,32,83
02/08/2018,SMX,CA,AWP,WE,Federal Contract Tower,0,7,14,3,24,0,1,40,0,41,0,8,54,3,65,20,6,26,91
02/09/2018,SMX,CA,AWP,WE,Federal Contract Tower,2,8,18,0,28,0,12,37,0,49,2,20,55,0,77,32,0,32,109
02/10/2018,SMX,CA,AWP,WE,Federal Contract Tower,0,2,5,0,7,0,3,46,0,49,0,5,51,0,56,50,0,50,106
02/11/2018,SMX,CA,AWP,WE,Federal Contract Tower,2,0,11,0,13,0,2,49,0,51,2,2,60,0,64,44,0,44,108
02/12/2018,SMX,CA,AWP,WE,Federal Contract Tower,0,7,8,0,15,0,6,23,0,29,0,13,31,0,44,22,0,22,66
02/13/2018,SMX,CA,AWP,WE,Federal Contract Tower,0,9,13,2,24,0,0,31,0,31,0,9,44,2,55,44,28,72,127
02/14/2018,SMX,CA,AWP,WE,Federal Contract Tower,2,13,7,2,24,0,11,21,2,34,2,24,28,4,58,12,12,24,82
02/15/2018,SMX,CA,AWP,WE,Federal Contract Tower,0,13,11,0,24,0,2,37,0,39,0,15,48,0,63,18,0,18,81
02/16/2018,SMX,CA,AWP,WE,Federal Contract Tower,2,10,5,0,17,0,8,41,0,49,2,18,46,0,66,30,0,30,96
02/17/2018,SMX,CA,AWP,WE,Federal Contract Tower,0,3,6,0,9,0,4,72,0,76,0,7,78,0,85,56,0,56,141
02/18/2018,SMX,CA,AWP,WE,Federal Contract Tower,2,0,17,0,19,0,1,36,0,37,2,1,53,0,56,34,0,34,90
02/19/2018,SMX,CA,AWP,WE,Federal Contract Tower,0,6,3,1,10,0,4,13,1,18,0,10,16,2,28,2,2,4,32
02/20/2018,SMX,CA,AWP,WE,Federal Contract Tower,0,13,6,0,19,0,5,20,0,25,0,18,26,0,44,24,0,24,68
02/21/2018,SMX,CA,AWP,WE,Federal Contract Tower,2,10,20,0,32,0,7,43,0,50,2,17,63,0,82,8,0,8,90
02/22/2018,SMX,CA,AWP,WE,Federal Contract Tower,0,6,11,3,20,0,0,22,0,22,0,6,33,3,42,4,0,4,46
02/23/2018,SMX,CA,AWP,WE,Federal Contract Tower,2,7,10,0,19,0,12,53,0,65,2,19,63,0,84,12,0,12,96
02/24/2018,SMX,CA,AWP,WE,Federal Contract Tower,0,5,10,0,15,0,2,72,0,74,0,7,82,0,89,36,0,36,125
02/25/2018,SMX,CA,AWP,WE,Federal Contract Tower,2,0,4,0,6,0,2,52,0,54,2,2,56,0,60,10,8,18,78
02/26/2018,SMX,CA,AWP,WE,Federal Contract Tower,0,6,7,0,13,0,4,9,0,13,0,10,16,0,26,12,0,12,38
02/27/2018,SMX,CA,AWP,WE,Federal Contract Tower,0,11,17,0,28,0,0,43,4,47,0,11,60,4,75,44,4,48,123
02/28/2018,SMX,CA,AWP,WE,Federal Contract Tower,2,8,5,0,15,0,13,55,0,68,2,21,60,0,83,52,0,52,135
03/01/2018,SMX,CA,AWP,WE,Federal Contract Tower,0,11,5,0,16,0,4,4,0,8,0,15,9,0,24,0,0,0,24
03/02/2018,SMX,CA,AWP,WE,Federal Contract Tower,2,17,2,0,21,0,4,4,0,8,2,21,6,0,29,4,0,4,33
03/03/2018,SMX,CA,AWP,WE,Federal Contract Tower,0,4,3,0,7,0,1,21,0,22,0,5,24,0,29,24,0,24,53
03/04/2018,SMX,CA,AWP,WE,Federal Contract Tower,2,4,4,0,10,0,3,66,0,69,2,7,70,0,79,44,0,44,123
03/05/2018,SMX,CA,AWP,WE,Federal Contract Tower,0,12,3,0,15,0,12,38,0,50,0,24,41,0,65,42,0,42,107
03/06/2018,SMX,CA,AWP,WE,Federal Contract Tower,0,11,6,2,19,0,3,54,0,57,0,14,60,2,76,40,22,62,138
03/07/2018,SMX,CA,AWP,WE,Federal Contract Tower,2,10,5,0,17,0,12,51,0,63,2,22,56,0,80,38,0,38,118
03/08/2018,SMX,CA,AWP,WE,Federal Contract Tower,0,8,6,2,16,0,6,47,2,55,0,14,53,4,71,24,12,36,107
03/09/2018,SMX,CA,AWP,WE,Federal Contract Tower,2,10,10,0,22,0,6,42,0,48,2,16,52,0,70,36,0,36,106
03/10/2018,SMX,CA,AWP,WE,Federal Contract Tower,0,4,7,0,11,0,0,5,0,5,0,4,12,0,16,14,0,14,30
03/11/2018,SMX,CA,AWP,WE,Federal Contract Tower,2,0,16,1,19,0,3,35,0,38,2,3,51,1,57,24,8,32,89
03/12/2018,SMX,CA,AWP,WE,Federal Contract Tower,0,8,15,0,23,0,7,24,0,31,0,15,39,0,54,50,0,50,104
03/13/2018,SMX,CA,AWP,WE,Federal Contract Tower,0,11,14,4,29,0,0,0,0,0,0,11,14,4,29,4,8,12,41
03/14/2018,SMX,CA,AWP,WE,Federal Contract Tower,2,10,10,0,22,0,11,3,0,14,2,21,13,0,36,4,0,4,40
03/15/2018,SMX,CA,AWP,WE,Federal Contract Tower,0,9,11,0,20,0,0,47,8,55,0,9,58,8,75,32,0,32,107
03/16/2018,SMX,CA,AWP,WE,Federal Contract Tower,2,13,3,0,18,0,3,7,0,10,2,16,10,0,28,0,2,2,30
03/17/2018,SMX,CA,AWP,WE,Federal Contract Tower,0,2,4,0,6,0,4,29,0,33,0,6,33,0,39,38,0,38,77
03/18/2018,SMX,CA,AWP,WE,Federal Contract Tower,2,1,14,0,17,0,2,51,2,55,2,3,65,2,72,70,0,70,142
03/19/2018,SMX,CA,AWP,WE,Federal Contract Tower,0,7,11,2,20,0,5,44,0,49,0,12,55,2,69,82,0,82,151
03/20/2018,SMX,CA,AWP,WE,Federal Contract Tower,0,12,13,0,25,0,2,10,1,13,0,14,23,1,38,22,0,22,60
03/21/2018,SMX,CA,AWP,WE,Federal Contract Tower,2,16,2,0,20,0,9,0,0,9,2,25,2,0,29,0,0,0,29
03/22/2018,SMX,CA,AWP,WE,Federal Contract Tower,0,11,5,0,16,0,0,0,0,0,0,11,5,0,16,0,0,0,16
03/23/2018,SMX,CA,AWP,WE,Federal Contract Tower,2,10,9,0,21,0,4,49,3,56,2,14,58,3,77,18,8,26,103
03/24/2018,SMX,CA,AWP,WE,Federal Contract Tower,0,2,15,0,17,0,6,51,0,57,0,8,66,0,74,63,0,63,137
03/25/2018,SMX,CA,AWP,WE,Federal Contract Tower,2,0,4,0,6,0,2,48,0,50,2,2,52,0,56,20,0,20,76
03/26/2018,SMX,CA,AWP,WE,Federal Contract Tower,0,6,13,4,23,0,5,40,2,47,0,11,53,6,70,4,14,18,88
03/27/2018,SMX,CA,AWP,WE,Federal Contract Tower,0,10,10,0,20,0,3,33,0,36,0,13,43,0,56,26,8,34,90
03/28/2018,SMX,CA,AWP,WE,Federal Contract Tower,2,16,13,0,31,0,14,58,0,72,2,30,71,0,103,60,6,66,169
03/29/2018,SMX,CA,AWP,WE,Federal Contract Tower,0,17,12,0,29,0,4,51,1,56,0,21,63,1,85,102,0,102,187
03/30/2018,SMX,CA,AWP,WE,Federal Contract Tower,2,8,10,2,22,0,5,54,0,59,2,13,64,2,81,64,12,76,157
03/31/2018,SMX,CA,AWP,WE,Federal Contract Tower,0,8,23,0,31,0,5,29,0,34,0,13,52,0,65,60,0,60,125
04/01/2018,SMX,CA,AWP,WE,Federal Contract Tower,2,4,7,0,13,0,0,25,0,25,2,4,32,0,38,28,0,28,66
04/02/2018,SMX,CA,AWP,WE,Federal Contract Tower,0,12,23,2,37,0,4,21,2,27,0,16,44,4,64,2,2,4,68
04/03/2018,SMX,CA,AWP,WE,Federal Contract Tower,0,17,20,0,37,0,0,23,0,23,0,17,43,0,60,20,0,20,80
04/04/2018,SMX,CA,AWP,WE,Federal Contract Tower,2,16,12,3,33,0,10,17,0,27,2,26,29,3,60,18,2,20,80
04/05/2018,SMX,CA,AWP,WE,Federal Contract Tower,0,10,17,0,27,0,5,27,0,32,0,15,44,0,59,36,2,38,97
04/06/2018,SMX,CA,AWP,WE,Federal Contract Tower,2,19,6,2,29,0,4,19,0,23,2,23,25,2,52,16,10,26,78
04/07/2018,SMX,CA,AWP,WE,Federal Contract Tower,2,3,6,0,11,0,0,0,0,0,2,3,6,0,11,2,0,2,13
04/08/2018,SMX,CA,AWP,WE,Federal Contract Tower,2,2,6,0,10,0,6,52,0,58,2,8,58,0,68,24,0,24,92
04/09/2018,SMX,CA,AWP,WE,Federal Contract Tower,0,6,10,0,16,0,4,31,0,35,0,10,41,0,51,10,0,10,61
04/10/2018,SMX,CA,AWP,WE,Federal Contract Tower,0,14,3,0,17,0,6,42,1,49,0,20,45,1,66,40,0,40,106
04/11/2018,SMX,CA,AWP,WE,Federal Contract Tower,2,12,15,4,33,0,4,21,0,25,2,16,36,4,58,6,6,12,70
04/12/2018,SMX,CA,AWP,WE,Federal Contract Tower,0,11,4,4,19,0,9,23,1,33,0,20,27,5,52,6,10,16,68
04/13/2018,SMX,CA,AWP,WE,Federal Contract Tower,2,10,13,1,26,0,10,41,1,52,2,20,54,2,78,14,0,14,92
04/14/2018,SMX,CA,AWP,WE,Federal Contract Tower,0,4,5,0,9,0,4,53,2,59,0,8,58,2,68,92,0,92,160
04/15/2018,SMX,CA,AWP,WE,Federal Contract Tower,2,0,6,0,8,0,17,45,0,62,2,17,51,0,70,48,0,48,118
04/16/2018,SMX,CA,AWP,WE,Federal Contract Tower,0,7,7,1,15,0,4,18,2,24,0,11,25,3,39,6,0,6,45
04/17/2018,SMX,CA,AWP,WE,Federal Contract Tower,0,8,8,5,21,0,5,30,0,35,0,13,38,5,56,4,4,8,64
04/18/2018,SMX,CA,AWP,WE,Federal Contract Tower,2,11,11,1,25,0,13,35,4,52,2,24,46,5,77,24,8,32,109
04/19/2018,SMX,CA,AWP,WE,Federal Contract Tower,0,8,8,0,16,0,0,25,2,27,0,8,33,2,43,6,0,6,49
04/20/2018,SMX,CA,AWP,WE,Federal Contract Tower,2,6,11,0,19,0,6,40,0,46,2,12,51,0,65,12,0,12,77
04/21/2018,SMX,CA,AWP,WE,Federal Contract Tower,0,2,3,0,5,0,8,65,0,73,0,10,68,0,78,66,0,66,144
04/22/2018,SMX,CA,AWP,WE,Federal Contract Tower,2,2,10,0,14,0,2,53,1,56,2,4,63,1,70,22,6,28,98
04/23/2018,SMX,CA,AWP,WE,Federal Contract Tower,0,11,10,0,21,0,2,32,0,34,0,13,42,0,55,50,0,50,105
04/24/2018,SMX,CA,AWP,WE,Federal Contract Tower,0,13,16,2,31,0,5,28,0,33,0,18,44,2,64,54,0,54,118
04/25/2018,SMX,CA,AWP,WE,Federal Contract Tower,2,19,12,0,33,0,4,27,0,31,2,23,39,0,64,6,0,6,70
04/26/2018,SMX,CA,AWP,WE,Federal Contract Tower,0,12,24,1,37,0,1,21,0,22,0,13,45,1,59,46,2,48,107
04/27/2018,SMX,CA,AWP,WE,Federal Contract Tower,2,7,13,0,22,0,6,38,0,44,2,13,51,0,66,12,0,12,78
04/28/2018,SMX,CA,AWP,WE,Federal Contract Tower,0,3,3,0,6,0,7,37,0,44,0,10,40,0,50,22,0,22,72
04/29/2018,SMX,CA,AWP,WE,Federal Contract Tower,2,1,9,0,12,0,3,27,0,30,2,4,36,0,42,8,0,8,50
04/30/2018,SMX,CA,AWP,WE,Federal Contract Tower,0,7,12,0,19,0,10,16,0,26,0,17,28,0,45,14,0,14,59
05/01/2018,SMX,CA,AWP,WE,Federal Contract Tower,0,11,17,2,30,0,2,20,0,22,0,13,37,2,52,24,4,28,80
05/02/2018,SMX,CA,AWP,WE,Federal Contract Tower,2,14,22,0,38,0,18,15,0,33,2,32,37,0,71,34,0,34,105
05/03/2018,SMX,CA,AWP,WE,Federal Contract Tower,0,9,16,0,25,0,0,51,0,51,0,9,67,0,76,22,0,22,98
05/04/2018,SMX,CA,AWP,WE,Federal Contract Tower,2,7,8,3,20,0,5,52,4,61,2,12,60,7,81,66,4,70,151
05/05/2018,SMX,CA,AWP,WE,Federal Contract Tower,0,5,24,1,30,0,4,35,0,39,0,9,59,1,69,88,2,90,159
05/06/2018,SMX,CA,AWP,WE,Federal Contract Tower,2,0,9,0,11,0,4,46,1,51,2,4,55,1,62,24,0,24,86
05/07/2018,SMX,CA,AWP,WE,Federal Contract Tower,0,5,9,1,15,0,6,30,0,36,0,11,39,1,51,22,4,26,77
05/08/2018,SMX,CA,AWP,WE,Federal Contract Tower,0,9,10,2,21,0,0,27,0,27,0,9,37,2,48,30,12,42,90
05/09/2018,SMX,CA,AWP,WE,Federal Contract Tower,2,9,6,2,19,0,8,25,0,33,2,17,31,2,52,8,4,12,64
05/10/2018,SMX,CA,AWP,WE,Federal Contract Tower,0,9,11,0,20,0,0,37,2,39,0,9,48,2,59,6,4,10,69
05/11/2018,SMX,CA,AWP,WE,Federal Contract Tower,2,13,30,0,45,0,6,18,0,24,2,19,48,0,69,14,0,14,83
05/12/2018,SMX,CA,AWP,WE,Federal Contract Tower,0,5,22,1,28,0,0,39,0,39,0,5,61,1,67,26,0,26,93
05/13/2018,SMX,CA,AWP,WE,Federal Contract Tower,2,2,19,0,23,0,0,27,0,27,2,2,46,0,50,12,0,12,62
05/14/2018,SMX,CA,AWP,WE,Federal Contract Tower,0,8,9,0,17,0,4,36,0,40,0,12,45,0,57,58,4,62,119
05/15/2018,SMX,CA,AWP,WE,Federal Contract Tower,0,11,12,1,24,0,2,45,2,49,0,13,57,3,73,36,2,38,111
05/16/2018,SMX,CA,AWP,WE,Federal Contract Tower,2,8,10,0,20,0,8,46,0,54,2,16,56,0,74,74,0,74,148
05/17/2018,SMX,CA,AWP,WE,Federal Contract Tower,0,11,12,0,23,0,0,52,2,54,0,11,64,2,77,48,2,50,127
05/18/2018,SMX,CA,AWP,WE,Federal Contract Tower,2,11,21,0,34,0,15,48,0,63,2,26,69,0,97,52,0,52,149
05/19/2018,SMX,CA,AWP,WE,Federal Contract Tower,0,4,11,0,15,0,10,28,0,38,0,14,39,0,53,10,0,10,63
05/20/2018,SMX,CA,AWP,WE,Federal Contract Tower,2,0,3,1,6,0,2,24,0,26,2,2,27,1,32,14,2,16,48
05/21/2018,SMX,CA,AWP,WE,Federal Contract Tower,0,6,14,3,23,0,1,1,2,4,0,7,15,5,27,8,0,8,35
05/22/2018,SMX,CA,AWP,WE,Federal Contract Tower,0,10,9,0,19,0,2,25,0,27,0,12,34,0,46,12,0,12,58
05/23/2018,SMX,CA,AWP,WE,Federal Contract Tower,2,14,15,2,33,0,8,33,0,41,2,22,48,2,74,14,0,14,88
05/24/2018,SMX,CA,AWP,WE,Federal Contract Tower,0,7,24,1,32,0,0,2,0,2,0,7,26,1,34,20,0,20,54
05/25/2018,SMX,CA,AWP,WE,Federal Contract Tower,2,10,11,0,23,0,6,36,2,44,2,16,47,2,67,46,0,46,113
05/26/2018,SMX,CA,AWP,WE,Federal Contract Tower,0,4,15,0,19,0,6,35,0,41,0,10,50,0,60,20,0,20,80
05/27/2018,SMX,CA,AWP,WE,Federal Contract Tower,2,2,11,0,15,0,3,42,0,45,2,5,53,0,60,32,0,32,92
05/28/2018,SMX,CA,AWP,WE,Federal Contract Tower,0,1,20,0,21,0,6,57,0,63,0,7,77,0,84,48,0,48,132
05/29/2018,SMX,CA,AWP,WE,Federal Contract Tower,0,12,19,0,31,0,2,19,0,21,0,14,38,0,52,8,0,8,60
05/30/2018,SMX,CA,AWP,WE,Federal Contract Tower,2,17,25,2,46,0,2,4,0,6,2,19,29,2,52,12,0,12,64
05/31/2018,SMX,CA,AWP,WE,Federal Contract Tower,0,12,17,1,30,0,3,60,1,64,0,15,77,2,94,20,0,20,114
06/01/2018,SMX,CA,AWP,WE,Federal Contract Tower,2,8,12,0,22,0,11,53,0,64,2,19,65,0,86,48,0,48,134
06/02/2018,SMX,CA,AWP,WE,Federal Contract Tower,0,2,6,0,8,0,16,85,0,101,0,18,91,0,109,64,0,64,173
06/03/2018,SMX,CA,AWP,WE,Federal Contract Tower,2,5,19,0,26,0,8,78,0,86,2,13,97,0,112,34,8,42,154
06/04/2018,SMX,CA,AWP,WE,Federal Contract Tower,0,8,8,0,16,0,8,29,0,37,0,16,37,0,53,20,0,20,73
06/05/2018,SMX,CA,AWP,WE,Federal Contract Tower,0,8,7,0,15,0,5,24,0,29,0,13,31,0,44,32,0,32,76
06/06/2018,SMX,CA,AWP,WE,Federal Contract Tower,2,10,16,2,30,0,8,31,0,39,2,18,47,2,69,14,10,24,93
06/07/2018,SMX,CA,AWP,WE,Federal Contract Tower,0,10,24,8,42,0,2,48,0,50,0,12,72,8,92,18,32,50,142
06/08/2018,SMX,CA,AWP,WE,Federal Contract Tower,2,7,12,1,22,0,14,40,2,56,2,21,52,3,78,32,6,38,116
06/09/2018,SMX,CA,AWP,WE,Federal Contract Tower,0,4,16,0,20,0,4,27,0,31,0,8,43,0,51,26,0,26,77
06/10/2018,SMX,CA,AWP,WE,Federal Contract Tower,2,0,8,0,10,0,3,29,0,32,2,3,37,0,42,16,0,16,58
06/11/2018,SMX,CA,AWP,WE,Federal Contract Tower,0,5,7,0,12,0,7,29,0,36,0,12,36,0,48,32,0,32,80
06/12/2018,SMX,CA,AWP,WE,Federal Contract Tower,0,11,4,0,15,0,7,39,0,46,0,18,43,0,61,19,0,19,80
06/13/2018,SMX,CA,AWP,WE,Federal Contract Tower,3,12,3,0,18,0,11,43,2,56,3,23,46,2,74,36,0,36,110
06/14/2018,SMX,CA,AWP,WE,Federal Contract Tower,0,9,16,2,27,0,8,52,0,60,0,17,68,2,87,38,0,38,125
06/15/2018,SMX,CA,AWP,WE,Federal Contract Tower,4,10,7,0,21,0,8,47,0,55,4,18,54,0,76,28,0,28,104
06/16/2018,SMX,CA,AWP,WE,Federal Contract Tower,0,6,7,0,13,0,5,19,0,24,0,11,26,0,37,13,0,13,50
06/17/2018,SMX,CA,AWP,WE,Federal Contract Tower,2,4,11,1,18,0,5,27,0,32,2,9,38,1,50,6,8,14,64
06/18/2018,SMX,CA,AWP,WE,Federal Contract Tower,0,7,8,1,16,0,11,43,1,55,0,18,51,2,71,38,8,46,117
06/19/2018,SMX,CA,AWP,WE,Federal Contract Tower,0,8,14,0,22,0,8,31,0,39,0,16,45,0,61,30,0,30,91
06/20/2018,SMX,CA,AWP,WE,Federal Contract Tower,2,13,19,2,36,0,11,41,0,52,2,24,60,2,88,26,0,26,114
06/21/2018,SMX,CA,AWP,WE,Federal Contract Tower,0,12,14,0,26,0,3,59,0,62,0,15,73,0,88,6,0,6,94
06/22/2018,SMX,CA,AWP,WE,Federal Contract Tower,2,10,9,1,22,0,4,62,1,67,2,14,71,2,89,48,0,48,137
06/23/2018,SMX,CA,AWP,WE,Federal Contract Tower,0,5,14,1,20,0,8,48,0,56,0,13,62,1,76,50,2,52,128
06/24/2018,SMX,CA,AWP,WE,Federal Contract Tower,2,2,7,2,13,0,2,59,1,62,2,4,66,3,75,30,2,32,107
06/25/2018,SMX,CA,AWP,WE,Federal Contract Tower,0,14,16,4,34,0,8,7,0,15,0,22,23,4,49,22,0,22,71
06/26/2018,SMX,CA,AWP,WE,Federal Contract Tower,2,12,15,1,30,0,2,32,0,34,2,14,47,1,64,24,2,26,90
06/27/2018,SMX,CA,AWP,WE,Federal Contract Tower,2,17,19,0,38,0,3,23,0,26,2,20,42,0,64,24,0,24,88
06/28/2018,SMX,CA,AWP,WE,Federal Contract Tower,0,7,16,4,27,0,5,36,1,42,0,12,52,5,69,22,18,40,109
06/29/2018,SMX,CA,AWP,WE,Federal Contract Tower,2,10,8,2,22,0,9,42,0,51,2,19,50,2,73,34,2,36,109
06/30/2018,SMX,CA,AWP,WE,Federal Contract Tower,0,5,10,0,15,0,0,34,0,34,0,5,44,0,49,64,0,64,113
07/01/2018,SMX,CA,AWP,WE,Federal Contract Tower,2,0,17,0,19,0,2,56,0,58,2,2,73,0,77,24,0,24,101
07/02/2018,SMX,CA,AWP,WE,Federal Contract Tower,0,5,9,1,15,0,4,28,0,32,0,9,37,1,47,12,2,14,61
07/03/2018,SMX,CA,AWP,WE,Federal Contract Tower,0,17,13,1,31,0,1,21,0,22,0,18,34,1,53,28,0,28,81
07/04/2018,SMX,CA,AWP,WE,Federal Contract Tower,2,3,5,0,10,0,12,14,0,26,2,15,19,0,36,6,0,6,42
07/05/2018,SMX,CA,AWP,WE,Federal Contract Tower,0,12,10,1,23,0,3,39,1,43,0,15,49,2,66,40,0,40,106
07/06/2018,SMX,CA,AWP,WE,Federal Contract Tower,2,9,1,1,13,0,4,46,3,53,2,13,47,4,66,30,0,30,96
07/07/2018,SMX,CA,AWP,WE,Federal Contract Tower,0,5,2,0,7,0,6,62,0,68,0,11,64,0,75,74,0,74,149
07/08/2018,SMX,CA,AWP,WE,Federal Contract Tower,2,2,2,0,6,0,5,55,0,60,2,7,57,0,66,40,0,40,106
07/09/2018,SMX,CA,AWP,WE,Federal Contract Tower,0,6,7,0,13,0,8,42,0,50,0,14,49,0,63,30,0,30,93
07/10/2018,SMX,CA,AWP,WE,Federal Contract Tower,0,12,2,2,16,0,5,33,2,40,0,17,35,4,56,18,0,18,74
07/11/2018,SMX,CA,AWP,WE,Federal Contract Tower,1,20,7,2,30,0,4,42,6,52,1,24,49,8,82,42,14,56,138
07/12/2018,SMX,CA,AWP,WE,Federal Contract Tower,0,9,12,0,21,0,2,53,0,55,0,11,65,0,76,66,8,74,150
07/13/2018,SMX,CA,AWP,WE,Federal Contract Tower,2,11,16,3,32,0,3,64,1,68,2,14,80,4,100,28,4,32,132
07/14/2018,SMX,CA,AWP,WE,Federal Contract Tower,0,7,18,0,25,0,1,62,0,63,0,8,80,0,88,36,0,36,124
07/15/2018,SMX,CA,AWP,WE,Federal Contract Tower,2,0,11,0,13,0,10,38,0,48,2,10,49,0,61,20,0,20,81
07/16/2018,SMX,CA,AWP,WE,Federal Contract Tower,0,9,9,0,18,0,6,34,3,43,0,15,43,3,61,12,4,16,77
07/17/2018,SMX,CA,AWP,WE,Federal Contract Tower,0,11,19,0,30,0,3,31,0,34,0,14,50,0,64,26,0,26,90
07/18/2018,SMX,CA,AWP,WE,Federal Contract Tower,0,11,10,0,21,0,8,80,0,88,0,19,90,0,109,28,0,28,137
07/19/2018,SMX,CA,AWP,WE,Federal Contract Tower,2,10,12,2,26,0,4,43,1,48,2,14,55,3,74,28,4,32,106
07/20/2018,SMX,CA,AWP,WE,Federal Contract Tower,2,7,12,1,22,0,6,51,0,57,2,13,63,1,79,16,0,16,95
07/21/2018,SMX,CA,AWP,WE,Federal Contract Tower,0,3,17,1,21,0,2,55,0,57,0,5,72,1,78,32,0,32,110
07/22/2018,SMX,CA,AWP,WE,Federal Contract Tower,2,1,11,0,14,0,3,62,0,65,2,4,73,0,79,32,4,36,115
07/23/2018,SMX,CA,AWP,WE,Federal Contract Tower,0,8,9,0,17,0,10,30,0,40,0,18,39,0,57,28,0,28,85
07/24/2018,SMX,CA,AWP,WE,Federal Contract Tower,0,12,13,4,29,0,3,40,0,43,0,15,53,4,72,50,8,58,130
07/25/2018,SMX,CA,AWP,WE,Federal Contract Tower,2,12,14,0,28,0,13,42,0,55,2,25,56,0,83,36,0,36,119
07/26/2018,SMX,CA,AWP,WE,Federal Contract Tower,0,9,12,2,23,0,0,64,2,66,0,9,76,4,89,90,12,102,191
07/27/2018,SMX,CA,AWP,WE,Federal Contract Tower,2,12,17,0,31,0,4,52,0,56,2,16,69,0,87,50,0,50,137
07/28/2018,SMX,CA,AWP,WE,Federal Contract Tower,2,5,6,0,13,0,4,37,0,41,2,9,43,0,54,40,0,40,94
07/29/2018,SMX,CA,AWP,WE,Federal Contract Tower,2,0,14,0,16,0,5,32,0,37,2,5,46,0,53,22,0,22,75
07/30/2018,SMX,CA,AWP,WE,Federal Contract Tower,0,8,16,2,26,0,2,33,1,36,0,10,49,3,62,6,6,12,74
07/31/2018,SMX,CA,AWP,WE,Federal Contract Tower,2,6,10,1,19,0,1,37,0,38,2,7,47,1,57,48,10,58,115
08/01/2018,SMX,CA,AWP,WE,Federal Contract Tower,2,12,11,0,25,0,17,44,0,61,2,29,55,0,86,34,0,34,120
08/02/2018,SMX,CA,AWP,WE,Federal Contract Tower,0,12,12,0,24,0,7,30,0,37,0,19,42,0,61,32,0,32,93
08/03/2018,SMX,CA,AWP,WE,Federal Contract Tower,2,12,18,0,32,0,7,34,0,41,2,19,52,0,73,8,0,8,81
08/04/2018,SMX,CA,AWP,WE,Federal Contract Tower,0,2,1,0,3,0,12,44,0,56,0,14,45,0,59,48,0,48,107
08/05/2018,SMX,CA,AWP,WE,Federal Contract Tower,2,0,17,0,19,0,0,43,0,43,2,0,60,0,62,58,0,58,120
08/06/2018,SMX,CA,AWP,WE,Federal Contract Tower,0,6,16,0,22,0,5,46,2,53,0,11,62,2,75,32,0,32,107
08/07/2018,SMX,CA,AWP,WE,Federal Contract Tower,0,12,12,8,32,0,5,55,0,60,0,17,67,8,92,30,24,54,146
08/08/2018,SMX,CA,AWP,WE,Federal Contract Tower,2,13,3,1,19,0,1,24,0,25,2,14,27,1,44,34,2,36,80
08/09/2018,SMX,CA,AWP,WE,Federal Contract Tower,0,11,7,2,20,0,8,53,3,64,0,19,60,5,84,42,8,50,134
08/10/2018,SMX,CA,AWP,WE,Federal Contract Tower,2,10,11,1,24,0,12,63,1,76,2,22,74,2,100,44,8,52,152
08/11/2018,SMX,CA,AWP,WE,Federal Contract Tower,0,2,8,0,10,0,8,53,6,67,0,10,61,6,77,44,0,44,121
08/12/2018,SMX,CA,AWP,WE,Federal Contract Tower,2,3,8,0,13,0,3,64,2,69,2,6,72,2,82,70,4,74,156
08/13/2018,SMX,CA,AWP,WE,Federal Contract Tower,0,7,23,0,30,0,6,37,0,43,0,13,60,0,73,8,0,8,81
08/14/2018,SMX,CA,AWP,WE,Federal Contract Tower,0,13,19,0,32,0,4,33,0,37,0,17,52,0,69,30,0,30,99
08/15/2018,SMX,CA,AWP,WE,Federal Contract Tower,2,20,21,0,43,0,6,63,0,69,2,26,84,0,112,34,0,34,146
08/16/2018,SMX,CA,AWP,WE,Federal Contract Tower,0,11,18,2,31,0,2,74,0,76,0,13,92,2,107,58,2,60,167
08/17/2018,SMX,CA,AWP,WE,Federal Contract Tower,1,11,14,0,26,0,7,72,0,79,1,18,86,0,105,20,2,22,127
08/18/2018,SMX,CA,AWP,WE,Federal Contract Tower,0,4,9,0,13,0,2,55,0,57,0,6,64,0,70,26,0,26,96
08/19/2018,SMX,CA,AWP,WE,Federal Contract Tower,2,1,11,0,14,0,0,143,0,143,2,1,154,0,157,8,0,8,165
08/20/2018,SMX,CA,AWP,WE,Federal Contract Tower,0,9,11,0,20,0,2,70,0,72,0,11,81,0,92,8,0,8,100
08/21/2018,SMX,CA,AWP,WE,Federal Contract Tower,0,10,16,2,28,0,2,24,1,27,0,12,40,3,55,14,0,14,69
08/22/2018,SMX,CA,AWP,WE,Federal Contract Tower,2,12,28,0,42,0,3,35,0,38,2,15,63,0,80,14,0,14,94
08/23/2018,SMX,CA,AWP,WE,Federal Contract Tower,0,10,16,1,27,0,2,33,1,36,0,12,49,2,63,48,0,48,111
08/24/2018,SMX,CA,AWP,WE,Federal Contract Tower,2,10,19,0,31,0,4,53,0,57,2,14,72,0,88,48,0,48,136
08/25/2018,SMX,CA,AWP,WE,Federal Contract Tower,0,4,16,0,20,0,0,37,0,37,0,4,53,0,57,16,0,16,73
08/26/2018,SMX,CA,AWP,WE,Federal Contract Tower,2,0,20,0,22,0,3,56,0,59,2,3,76,0,81,42,0,42,123
08/27/2018,SMX,CA,AWP,WE,Federal Contract Tower,0,8,15,0,23,0,1,37,0,38,0,9,52,0,61,38,0,38,99
08/28/2018,SMX,CA,AWP,WE,Federal Contract Tower,0,9,20,0,29,0,1,40,0,41,0,10,60,0,70,24,0,24,94
08/29/2018,SMX,CA,AWP,WE,Federal Contract Tower,2,7,12,2,23,0,11,47,2,60,2,18,59,4,83,38,0,38,121
08/30/2018,SMX,CA,AWP,WE,Federal Contract Tower,0,9,14,0,23,0,8,51,0,59,0,17,65,0,82,18,0,18,100
08/31/2018,SMX,CA,AWP,WE,Federal Contract Tower,2,10,12,0,24,0,5,34,0,39,2,15,46,0,63,10,0,10,73
09/01/2018,SMX,CA,AWP,WE,Federal Contract Tower,0,6,15,0,21,0,6,85,0,91,0,12,100,0,112,42,0,42,154
09/02/2018,SMX,CA,AWP,WE,Federal Contract Tower,0,0,23,0,23,0,9,37,0,46,0,9,60,0,69,36,0,36,105
09/03/2018,SMX,CA,AWP,WE,Federal Contract Tower,2,3,12,0,17,0,0,28,0,28,2,3,40,0,45,42,0,42,87
09/04/2018,SMX,CA,AWP,WE,Federal Contract Tower,0,15,16,0,31,0,3,14,0,17,0,18,30,0,48,6,0,6,54
09/05/2018,SMX,CA,AWP,WE,Federal Contract Tower,2,18,35,0,55,0,3,20,0,23,2,21,55,0,78,4,0,4,82
09/06/2018,SMX,CA,AWP,WE,Federal Contract Tower,0,14,13,0,27,0,1,37,0,38,0,15,50,0,65,18,10,28,93
09/07/2018,SMX,CA,AWP,WE,Federal Contract Tower,2,9,12,0,23,0,8,38,0,46,2,17,50,0,69,36,0,36,105
09/08/2018,SMX,CA,AWP,WE,Federal Contract Tower,0,3,8,0,11,0,9,55,0,64,0,12,63,0,75,62,0,62,137
09/09/2018,SMX,CA,AWP,WE,Federal Contract Tower,2,0,10,0,12,0,0,71,0,71,2,0,81,0,83,48,0,48,131
09/10/2018,SMX,CA,AWP,WE,Federal Contract Tower,0,7,14,0,21,0,3,24,0,27,0,10,38,0,48,22,0,22,70
09/11/2018,SMX,CA,AWP,WE,Federal Contract Tower,0,11,14,2,27,0,7,29,2,38,0,18,43,4,65,52,8,60,125
09/12/2018,SMX,CA,AWP,WE,Federal Contract Tower,2,14,20,0,36,0,5,28,0,33,2,19,48,0,69,42,0,42,111
09/13/2018,SMX,CA,AWP,WE,Federal Contract Tower,1,12,9,0,22,0,3,42,2,47,1,15,51,2,69,16,2,18,87
09/14/2018,SMX,CA,AWP,WE,Federal Contract Tower,2,7,12,0,21,0,10,46,0,56,2,17,58,0,77,52,4,56,133
09/15/2018,SMX,CA,AWP,WE,Federal Contract Tower,0,3,17,0,20,0,4,58,0,62,0,7,75,0,82,20,0,20,102
09/16/2018,SMX,CA,AWP,WE,Federal Contract Tower,2,0,11,0,13,0,3,52,0,55,2,3,63,0,68,22,0,22,90
09/17/2018,SMX,CA,AWP,WE,Federal Contract Tower,0,9,12,0,21,0,6,23,0,29,0,15,35,0,50,18,0,18,68
09/18/2018,SMX,CA,AWP,WE,Federal Contract Tower,0,10,17,5,32,0,2,33,2,37,0,12,50,7,69,10,28,38,107
09/19/2018,SMX,CA,AWP,WE,Federal Contract Tower,2,13,22,0,37,0,6,35,0,41,2,19,57,0,78,18,0,18,96
09/20/2018,SMX,CA,AWP,WE,Federal Contract Tower,0,12,10,0,22,0,4,50,0,54,0,16,60,0,76,32,0,32,108
09/21/2018,SMX,CA,AWP,WE,Federal Contract Tower,2,12,13,0,27,0,20,38,0,58,2,32,51,0,85,22,2,24,109
09/22/2018,SMX,CA,AWP,WE,Federal Contract Tower,0,9,16,0,25,0,7,37,0,44,0,16,53,0,69,46,0,46,115
09/23/2018,SMX,CA,AWP,WE,Federal Contract Tower,2,2,13,0,17,0,2,49,0,51,2,4,62,0,68,28,0,28,96
09/24/2018,SMX,CA,AWP,WE,Federal Contract Tower,0,5,19,3,27,0,2,25,4,31,0,7,44,7,58,28,16,44,102
09/25/2018,SMX,CA,AWP,WE,Federal Contract Tower,0,18,12,3,33,0,0,16,0,16,0,18,28,3,49,36,8,44,93
09/26/2018,SMX,CA,AWP,WE,Federal Contract Tower,2,13,19,0,34,0,16,28,0,44,2,29,47,0,78,38,16,54,132
09/27/2018,SMX,CA,AWP,WE,Federal Contract Tower,0,14,19,0,33,0,2,24,0,26,0,16,43,0,59,22,0,22,81
09/28/2018,SMX,CA,AWP,WE,Federal Contract Tower,2,18,15,0,35,0,4,23,0,27,2,22,38,0,62,10,4,14,76
09/29/2018,SMX,CA,AWP,WE,Federal Contract Tower,0,10,7,0,17,0,10,41,0,51,0,20,48,0,68,30,0,30,98
09/30/2018,SMX,CA,AWP,WE,Federal Contract Tower,2,4,6,0,12,0,4,53,0,57,2,8,59,0,69,22,0,22,91
10/01/2018,SMX,CA,AWP,WE,Federal Contract Tower,0,5,8,0,13,0,6,40,0,46,0,11,48,0,59,18,2,20,79
10/02/2018,SMX,CA,AWP,WE,Federal Contract Tower,2,13,16,0,31,0,3,25,0,28,2,16,41,0,59,40,0,40,99
10/03/2018,SMX,CA,AWP,WE,Federal Contract Tower,1,18,13,2,34,0,1,5,0,6,1,19,18,2,40,2,0,2,42
10/04/2018,SMX,CA,AWP,WE,Federal Contract Tower,0,12,19,4,35,0,4,26,13,43,0,16,45,17,78,76,22,98,176
10/05/2018,SMX,CA,AWP,WE,Federal Contract Tower,2,13,9,6,30,0,6,54,5,65,2,19,63,11,95,16,30,46,141
10/06/2018,SMX,CA,AWP,WE,Federal Contract Tower,0,2,4,0,6,0,15,26,9,50,0,17,30,9,56,2,0,2,58
10/07/2018,SMX,CA,AWP,WE,Federal Contract Tower,2,2,6,2,12,0,5,75,0,80,2,7,81,2,92,2,6,8,100
10/08/2018,SMX,CA,AWP,WE,Federal Contract Tower,2,6,18,3,29,0,4,57,4,65,2,10,75,7,94,40,8,48,142
10/09/2018,SMX,CA,AWP,WE,Federal Contract Tower,0,15,13,2,30,0,3,36,0,39,0,18,49,2,69,32,0,32,101
10/10/2018,SMX,CA,AWP,WE,Federal Contract Tower,2,6,17,4,29,0,12,20,3,35,2,18,37,7,64,24,0,24,88
10/11/2018,SMX,CA,AWP,WE,Federal Contract Tower,0,6,22,0,28,0,4,25,0,29,0,10,47,0,57,16,0,16,73
10/12/2018,SMX,CA,AWP,WE,Federal Contract Tower,2,10,6,0,18,0,4,54,0,58,2,14,60,0,76,26,0,26,102
10/13/2018,SMX,CA,AWP,WE,Federal Contract Tower,0,3,6,0,9,0,7,55,0,62,0,10,61,0,71,26,0,26,97
10/14/2018,SMX,CA,AWP,WE,Federal Contract Tower,2,1,7,1,11,0,0,46,0,46,2,1,53,1,57,58,2,60,117
10/15/2018,SMX,CA,AWP,WE,Federal Contract Tower,2,7,13,0,22,0,9,28,0,37,2,16,41,0,59,16,0,16,75
10/16/2018,SMX,CA,AWP,WE,Federal Contract Tower,0,8,10,0,18,0,6,38,0,44,0,14,48,0,62,22,0,22,84
10/17/2018,SMX,CA,AWP,WE,Federal Contract Tower,2,13,10,0,25,0,7,40,0,47,2,20,50,0,72,28,0,28,100
10/18/2018,SMX,CA,AWP,WE,Federal Contract Tower,0,14,16,0,30,0,3,41,0,44,0,17,57,0,74,42,0,42,116
10/19/2018,SMX,CA,AWP,WE,Federal Contract Tower,2,9,12,0,23,0,8,74,0,82,2,17,86,0,105,14,0,14,119
10/20/2018,SMX,CA,AWP,WE,Federal Contract Tower,0,2,4,0,6,0,4,48,0,52,0,6,52,0,58,44,0,44,102
10/21/2018,SMX,CA,AWP,WE,Federal Contract Tower,1,0,3,0,4,0,2,39,0,41,1,2,42,0,45,26,0,26,71
10/22/2018,SMX,CA,AWP,WE,Federal Contract Tower,2,8,18,0,28,0,4,40,2,46,2,12,58,2,74,12,2,14,88
10/23/2018,SMX,CA,AWP,WE,Federal Contract Tower,0,11,16,2,29,0,0,31,0,31,0,11,47,2,60,28,10,38,98
10/24/2018,SMX,CA,AWP,WE,Federal Contract Tower,2,9,9,1,21,0,12,48,1,61,2,21,57,2,82,52,0,52,134
10/25/2018,SMX,CA,AWP,WE,Federal Contract Tower,0,13,6,0,19,0,4,44,0,48,0,17,50,0,67,60,0,60,127
10/26/2018,SMX,CA,AWP,WE,Federal Contract Tower,2,9,3,0,14,0,8,80,0,88,2,17,83,0,102,30,0,30,132
10/27/2018,SMX,CA,AWP,WE,Federal Contract Tower,0,4,5,0,9,0,7,56,1,64,0,11,61,1,73,14,0,14,87
10/28/2018,SMX,CA,AWP,WE,Federal Contract Tower,2,0,10,1,13,0,5,72,0,77,2,5,82,1,90,4,0,4,94
10/29/2018,SMX,CA,AWP,WE,Federal Contract Tower,2,4,5,0,11,0,10,35,0,45,2,14,40,0,56,4,0,4,60
10/30/2018,SMX,CA,AWP,WE,Federal Contract Tower,0,8,9,5,22,0,4,20,1,25,0,12,29,6,47,28,6,34,81
10/31/2018,SMX,CA,AWP,WE,Federal Contract Tower,2,9,13,0,24,0,14,45,0,59,2,23,58,0,83,28,0,28,111
11/01/2018,SMX,CA,AWP,WE,Federal Contract Tower,0,9,6,4,19,0,2,40,2,44,0,11,46,6,63,20,8,28,91
11/02/2018,SMX,CA,AWP,WE,Federal Contract Tower,2,8,12,4,26,0,6,24,0,30,2,14,36,4,56,40,16,56,112
11/03/2018,SMX,CA,AWP,WE,Federal Contract Tower,0,0,12,0,12,0,4,43,0,47,0,4,55,0,59,22,0,22,81
11/04/2018,SMX,CA,AWP,WE,Federal Contract Tower,3,0,10,0,13,0,4,54,4,62,3,4,64,4,75,32,20,52,127
11/05/2018,SMX,CA,AWP,WE,Federal Contract Tower,2,7,23,2,34,0,8,38,0,46,2,15,61,2,80,14,0,14,94
11/06/2018,SMX,CA,AWP,WE,Federal Contract Tower,0,13,11,0,24,0,0,49,0,49,0,13,60,0,73,18,0,18,91
11/07/2018,SMX,CA,AWP,WE,Federal Contract Tower,2,9,9,7,27,0,15,31,0,46,2,24,40,7,73,32,16,48,121
11/08/2018,SMX,CA,AWP,WE,Federal Contract Tower,0,16,13,0,29,0,5,50,2,57,0,21,63,2,86,20,8,28,114
11/09/2018,SMX,CA,AWP,WE,Federal Contract Tower,4,8,13,0,25,0,10,46,0,56,4,18,59,0,81,20,0,20,101
11/10/2018,SMX,CA,AWP,WE,Federal Contract Tower,1,2,6,0,9,0,17,53,0,70,1,19,59,0,79,24,0,24,103
11/11/2018,SMX,CA,AWP,WE,Federal Contract Tower,2,0,10,0,12,0,19,50,0,69,2,19,60,0,81,12,0,12,93
11/12/2018,SMX,CA,AWP,WE,Federal Contract Tower,2,6,14,0,22,0,7,62,0,69,2,13,76,0,91,26,0,26,117
11/13/2018,SMX,CA,AWP,WE,Federal Contract Tower,0,13,25,2,40,0,0,38,0,38,0,13,63,2,78,26,0,26,104
11/14/2018,SMX,CA,AWP,WE,Federal Contract Tower,2,12,11,1,26,0,15,33,1,49,2,27,44,2,75,36,0,36,111
11/15/2018,SMX,CA,AWP,WE,Federal Contract Tower,0,6,19,0,25,0,2,33,0,35,0,8,52,0,60,48,0,48,108
11/16/2018,SMX,CA,AWP,WE,Federal Contract Tower,4,10,6,0,20,0,7,51,0,58,4,17,57,0,78,70,0,70,148
11/17/2018,SMX,CA,AWP,WE,Federal Contract Tower,3,4,13,0,20,0,4,38,0,42,3,8,51,0,62,36,0,36,98
11/18/2018,SMX,CA,AWP,WE,Federal Contract Tower,2,1,16,0,19,0,1,62,0,63,2,2,78,0,82,50,0,50,132
11/19/2018,SMX,CA,AWP,WE,Federal Contract Tower,2,11,6,1,20,0,8,35,0,43,2,19,41,1,63,42,0,42,105
11/20/2018,SMX,CA,AWP,WE,Federal Contract Tower,2,10,4,3,19,0,2,45,0,47,2,12,49,3,66,32,8,40,106
11/21/2018,SMX,CA,AWP,WE,Federal Contract Tower,2,11,16,0,29,0,1,13,13,27,2,12,29,13,56,0,16,16,72
11/22/2018,SMX,CA,AWP,WE,Federal Contract Tower,0,0,4,0,4,0,1,14,0,15,0,1,18,0,19,10,0,10,29
11/23/2018,SMX,CA,AWP,WE,Federal Contract Tower,2,13,6,0,21,0,0,5,0,5,2,13,11,0,26,0,0,0,26
11/24/2018,SMX,CA,AWP,WE,Federal Contract Tower,0,6,15,0,21,0,3,19,0,22,0,9,34,0,43,26,0,26,69
11/25/2018,SMX,CA,AWP,WE,Federal Contract Tower,2,0,12,0,14,0,0,59,0,59,2,0,71,0,73,52,0,52,125
11/26/2018,SMX,CA,AWP,WE,Federal Contract Tower,2,8,12,0,22,0,14,49,2,65,2,22,61,2,87,32,4,36,123
11/27/2018,SMX,CA,AWP,WE,Federal Contract Tower,0,16,12,1,29,0,7,26,1,34,0,23,38,2,63,16,0,16,79
11/28/2018,SMX,CA,AWP,WE,Federal Contract Tower,2,21,13,0,36,0,4,1,0,5,2,25,14,0,41,20,0,20,61
11/29/2018,SMX,CA,AWP,WE,Federal Contract Tower,0,11,7,0,18,0,4,3,0,7,0,15,10,0,25,2,0,2,27
11/30/2018,SMX,CA,AWP,WE,Federal Contract Tower,2,9,18,2,31,0,9,37,0,46,2,18,55,2,77,44,8,52,129
12/01/2018,SMX,CA,AWP,WE,Federal Contract Tower,0,3,7,0,10,0,7,29,0,36,0,10,36,0,46,26,0,26,72
12/02/2018,SMX,CA,AWP,WE,Federal Contract Tower,2,0,11,0,13,0,0,56,0,56,2,0,67,0,69,50,0,50,119
12/03/2018,SMX,CA,AWP,WE,Federal Contract Tower,2,7,19,2,30,0,9,52,0,61,2,16,71,2,91,26,0,26,117
12/04/2018,SMX,CA,AWP,WE,Federal Contract Tower,0,10,11,0,21,0,6,29,0,35,0,16,40,0,56,20,0,20,76
12/05/2018,SMX,CA,AWP,WE,Federal Contract Tower,2,10,10,2,24,0,12,15,0,27,2,22,25,2,51,2,4,6,57
12/06/2018,SMX,CA,AWP,WE,Federal Contract Tower,0,12,24,0,36,0,3,36,0,39,0,15,60,0,75,30,0,30,105
12/07/2018,SMX,CA,AWP,WE,Federal Contract Tower,2,7,7,0,16,0,11,57,0,68,2,18,64,0,84,34,0,34,118
12/08/2018,SMX,CA,AWP,WE,Federal Contract Tower,0,1,16,4,21,0,3,64,0,67,0,4,80,4,88,46,10,56,144
12/09/2018,SMX,CA,AWP,WE,Federal Contract Tower,2,0,14,0,16,0,2,69,0,71,2,2,83,0,87,56,0,56,143
12/10/2018,SMX,CA,AWP,WE,Federal Contract Tower,2,9,13,0,24,0,7,30,0,37,2,16,43,0,61,14,0,14,75
12/11/2018,SMX,CA,AWP,WE,Federal Contract Tower,0,10,12,0,22,0,4,28,2,34,0,14,40,2,56,30,0,30,86
12/12/2018,SMX,CA,AWP,WE,Federal Contract Tower,2,11,12,0,25,0,12,36,0,48,2,23,48,0,73,52,0,52,125
12/13/2018,SMX,CA,AWP,WE,Federal Contract Tower,0,10,28,0,38,0,4,52,0,56,0,14,80,0,94,50,2,52,146
12/14/2018,SMX,CA,AWP,WE,Federal Contract Tower,2,8,14,0,24,0,12,32,0,44,2,20,46,0,68,22,2,24,92
12/15/2018,SMX,CA,AWP,WE,Federal Contract Tower,0,10,14,0,24,0,6,65,0,71,0,16,79,0,95,62,0,62,157
12/16/2018,SMX,CA,AWP,WE,Federal Contract Tower,2,0,11,1,14,0,0,41,0,41,2,0,52,1,55,26,2,28,83
12/17/2018,SMX,CA,AWP,WE,Federal Contract Tower,2,11,8,4,25,0,4,14,1,19,2,15,22,5,44,12,0,12,56
12/18/2018,SMX,CA,AWP,WE,Federal Contract Tower,0,11,12,0,23,0,2,18,0,20,0,13,30,0,43,18,0,18,61
12/19/2018,SMX,CA,AWP,WE,Federal Contract Tower,2,12,9,0,23,0,10,57,0,67,2,22,66,0,90,58,0,58,148
12/20/2018,SMX,CA,AWP,WE,Federal Contract Tower,0,21,7,0,28,0,4,30,0,34,0,25,37,0,62,14,0,14,76
12/21/2018,SMX,CA,AWP,WE,Federal Contract Tower,2,17,11,4,34,0,4,40,0,44,2,21,51,4,78,30,0,30,108
12/22/2018,SMX,CA,AWP,WE,Federal Contract Tower,0,10,13,0,23,0,10,41,0,51,0,20,54,0,74,24,0,24,98
12/23/2018,SMX,CA,AWP,WE,Federal Contract Tower,2,4,6,0,12,0,6,28,0,34,2,10,34,0,46,20,0,20,66
12/24/2018,SMX,CA,AWP,WE,Federal Contract Tower,2,7,2,0,11,0,4,19,0,23,2,11,21,0,34,0,0,0,34
12/25/2018,SMX,CA,AWP,WE,Federal Contract Tower,0,0,1,0,1,0,2,11,0,13,0,2,12,0,14,0,0,0,14
12/26/2018,SMX,CA,AWP,WE,Federal Contract Tower,2,10,6,1,19,0,21,40,1,62,2,31,46,2,81,18,2,20,101
12/27/2018,SMX,CA,AWP,WE,Federal Contract Tower,0,15,7,0,22,0,7,18,0,25,0,22,25,0,47,20,0,20,67
12/28/2018,SMX,CA,AWP,WE,Federal Contract Tower,2,8,7,0,17,0,11,54,0,65,2,19,61,0,82,24,0,24,106
12/29/2018,SMX,CA,AWP,WE,Federal Contract Tower,0,1,3,0,4,0,5,60,0,65,0,6,63,0,69,14,0,14,83
12/30/2018,SMX,CA,AWP,WE,Federal Contract Tower,2,0,11,0,13,0,4,46,0,50,2,4,57,0,63,38,0,38,101
12/31/2018,SMX,CA,AWP,WE,Federal Contract Tower,2,6,2,0,10,0,3,19,0,22,2,9,21,0,32,4,0,4,36
01/01/2019,SMX,CA,AWP,WE,Federal Contract Tower,0,1,3,0,4,0,4,51,0,55,0,5,54,0,59,8,0,8,67
01/02/2019,SMX,CA,AWP,WE,Federal Contract Tower,2,10,4,1,17,0,12,24,0,36,2,22,28,1,53,2,6,8,61
01/03/2019,SMX,CA,AWP,WE,Federal Contract Tower,0,9,11,1,21,0,6,23,0,29,0,15,34,1,50,20,2,22,72
01/04/2019,SMX,CA,AWP,WE,Federal Contract Tower,2,9,13,0,24,0,5,38,0,43,2,14,51,0,67,22,0,22,89
01/05/2019,SMX,CA,AWP,WE,Federal Contract Tower,0,3,4,0,7,0,4,7,0,11,0,7,11,0,18,2,0,2,20
01/06/2019,SMX,CA,AWP,WE,Federal Contract Tower,2,0,12,0,14,0,0,7,0,7,2,0,19,0,21,8,0,8,29
01/07/2019,SMX,CA,AWP,WE,Federal Contract Tower,2,12,2,0,16,0,5,9,0,14,2,17,11,0,30,12,0,12,42
01/08/2019,SMX,CA,AWP,WE,Federal Contract Tower,0,11,6,3,20,0,6,34,0,40,0,17,40,3,60,18,0,18,78
01/09/2019,SMX,CA,AWP,WE,Federal Contract Tower,2,12,11,0,25,0,9,10,0,19,2,21,21,0,44,20,0,20,64
01/10/2019,SMX,CA,AWP,WE,Federal Contract Tower,0,5,20,0,25,0,3,65,0,68,0,8,85,0,93,60,0,60,153
01/11/2019,SMX,CA,AWP,WE,Federal Contract Tower,2,8,16,2,28,0,6,14,0,20,2,14,30,2,48,24,0,24,72
01/12/2019,SMX,CA,AWP,WE,Federal Contract Tower,0,2,5,0,7,0,3,22,0,25,0,5,27,0,32,10,0,10,42
01/13/2019,SMX,CA,AWP,WE,Federal Contract Tower,2,0,11,0,13,0,0,39,0,39,2,0,50,0,52,20,0,20,72
01/14/2019,SMX,CA,AWP,WE,Federal Contract Tower,2,6,8,0,16,0,7,6,0,13,2,13,14,0,29,6,0,6,35
01/15/2019,SMX,CA,AWP,WE,Federal Contract Tower,0,11,4,2,17,0,5,0,2,7,0,16,4,4,24,0,0,0,24
01/16/2019,SMX,CA,AWP,WE,Federal Contract Tower,2,8,5,1,16,0,10,12,0,22,2,18,17,1,38,6,2,8,46
01/17/2019,SMX,CA,AWP,WE,Federal Contract Tower,0,23,5,0,28,0,2,1,0,3,0,25,6,0,31,12,0,12,43
01/18/2019,SMX,CA,AWP,WE,Federal Contract Tower,2,6,21,1,30,0,12,46,0,58,2,18,67,1,88,40,0,40,128
01/19/2019,SMX,CA,AWP,WE,Federal Contract Tower,0,2,8,0,10,0,3,55,0,58,0,5,63,0,68,24,0,24,92
01/20/2019,SMX,CA,AWP,WE,Federal Contract Tower,2,4,10,0,16,0,0,5,0,5,2,4,15,0,21,4,0,4,25
01/21/2019,SMX,CA,AWP,WE,Federal Contract Tower,2,6,10,0,18,0,9,30,0,39,2,15,40,0,57,18,0,18,75
01/22/2019,SMX,CA,AWP,WE,Federal Contract Tower,0,6,10,1,17,0,10,47,0,57,0,16,57,1,74,10,2,12,86
01/23/2019,SMX,CA,AWP,WE,Federal Contract Tower,2,8,14,0,24,0,12,63,0,75,2,20,77,0,99,52,2,54,153
01/24/2019,SMX,CA,AWP,WE,Federal Contract Tower,0,4,9,0,13,0,6,31,0,37,0,10,40,0,50,34,0,34,84
01/25/2019,SMX,CA,AWP,WE,Federal Contract Tower,2,9,22,0,33,0,5,42,0,47,2,14,64,0,80,78,0,78,158
01/26/2019,SMX,CA,AWP,WE,Federal Contract Tower,0,3,11,0,14,0,10,47,0,57,0,13,58,0,71,54,4,58,129
01/27/2019,SMX,CA,AWP,WE,Federal Contract Tower,2,0,8,0,10,0,1,63,0,64,2,1,71,0,74,44,0,44,118
01/28/2019,SMX,CA,AWP,WE,Federal Contract Tower,2,8,14,0,24,0,8,42,0,50,2,16,56,0,74,20,0,20,94
01/29/2019,SMX,CA,AWP,WE,Federal Contract Tower,0,10,23,0,33,0,2,17,0,19,0,12,40,0,52,22,0,22,74
01/30/2019,SMX,CA,AWP,WE,Federal Contract Tower,2,13,14,0,29,0,11,35,0,46,2,24,49,0,75,8,0,8,83
01/31/2019,SMX,CA,AWP,WE,Federal Contract Tower,0,9,16,0,25,0,7,6,0,13,0,16,22,0,38,6,0,6,44
02/01/2019,SMX,CA,AWP,WE,Federal Contract Tower,2,13,24,1,40,0,12,6,0,18,2,25,30,1,58,24,2,26,84
02/02/2019,SMX,CA,AWP,WE,Federal Contract Tower,0,1,7,0,8,0,0,1,0,1,0,1,8,0,9,0,0,0,9
02/03/2019,SMX,CA,AWP,WE,Federal Contract Tower,2,1,9,0,12,0,5,1,0,6,2,6,10,0,18,4,0,4,22
02/04/2019,SMX,CA,AWP,WE,Federal Contract Tower,2,6,4,0,12,0,7,8,0,15,2,13,12,0,27,6,0,6,33
02/05/2019,SMX,CA,AWP,WE,Federal Contract Tower,0,10,9,0,19,0,7,25,0,32,0,17,34,0,51,8,0,8,59
02/06/2019,SMX,CA,AWP,WE,Federal Contract Tower,2,9,8,2,21,0,15,49,0,64,2,24,57,2,85,36,0,36,121
02/07/2019,SMX,CA,AWP,WE,Federal Contract Tower,0,8,11,1,20,0,2,41,1,44,0,10,52,2,64,66,0,66,130
02/08/2019,SMX,CA,AWP,WE,Federal Contract Tower,2,10,8,0,20,0,12,45,0,57,2,22,53,0,77,26,0,26,103
02/09/2019,SMX,CA,AWP,WE,Federal Contract Tower,0,4,7,2,13,0,0,25,0,25,0,4,32,2,38,14,0,14,52
02/10/2019,SMX,CA,AWP,WE,Federal Contract Tower,2,0,4,0,6,0,2,4,0,6,2,2,8,0,12,2,0,2,14
02/11/2019,SMX,CA,AWP,WE,Federal Contract Tower,2,6,14,1,23,0,11,59,1,71,2,17,73,2,94,26,0,26,120
02/12/2019,SMX,CA,AWP,WE,Federal Contract Tower,0,13,17,1,31,0,8,30,0,38,0,21,47,1,69,52,2,54,123
02/13/2019,SMX,CA,AWP,WE,Federal Contract Tower,2,14,11,0,27,0,4,0,0,4,2,18,11,0,31,0,0,0,31
02/14/2019,SMX,CA,AWP,WE,Federal Contract Tower,0,11,4,0,15,0,4,2,0,6,0,15,6,0,21,0,0,0,21
02/15/2019,SMX,CA,AWP,WE,Federal Contract Tower,2,13,10,0,25,0,4,1,0,5,2,17,11,0,30,0,0,0,30
02/16/2019,SMX,CA,AWP,WE,Federal Contract Tower,0,3,10,0,13,0,3,32,2,37,0,6,42,2,50,14,8,22,72
02/17/2019,SMX,CA,AWP,WE,Federal Contract Tower,2,0,0,0,2,0,0,2,0,2,2,0,2,0,4,2,0,2,6
02/18/2019,SMX,CA,AWP,WE,Federal Contract Tower,0,7,9,0,16,0,12,55,0,67,0,19,64,0,83,42,0,42,125
02/19/2019,SMX,CA,AWP,WE,Federal Contract Tower,0,14,5,0,19,0,8,60,1,69,0,22,65,1,88,16,8,24,112
02/20/2019,SMX,CA,AWP,WE,Federal Contract Tower,2,11,9,1,23,0,11,12,0,23,2,22,21,1,46,6,2,8,54
02/21/2019,SMX,CA,AWP,WE,Federal Contract Tower,0,12,6,2,20,0,5,35,0,40,0,17,41,2,60,38,10,48,108
02/22/2019,SMX,CA,AWP,WE,Federal Contract Tower,4,15,17,1,37,0,13,46,0,59,4,28,63,1,96,28,2,30,126
02/23/2019,SMX,CA,AWP,WE,Federal Contract Tower,0,3,9,0,12,0,4,61,0,65,0,7,70,0,77,58,0,58,135
02/24/2019,SMX,CA,AWP,WE,Federal Contract Tower,2,3,19,0,24,0,6,71,0,77,2,9,90,0,101,26,6,32,133
02/25/2019,SMX,CA,AWP,WE,Federal Contract Tower,2,5,15,2,24,0,6,45,1,52,2,11,60,3,76,48,8,56,132
02/26/2019,SMX,CA,AWP,WE,Federal Contract Tower,0,10,10,2,22,0,9,33,0,42,0,19,43,2,64,12,4,16,80
02/27/2019,SMX,CA,AWP,WE,Federal Contract Tower,2,12,13,0,27,0,13,2,0,15,2,25,15,0,42,0,0,0,42
02/28/2019,SMX,CA,AWP,WE,Federal Contract Tower,0,8,11,0,19,0,7,29,0,36,0,15,40,0,55,50,0,50,105
03/01/2019,SMX,CA,AWP,WE,Federal Contract Tower,2,10,17,1,30,0,10,45,1,56,2,20,62,2,86,54,6,60,146
03/02/2019,SMX,CA,AWP,WE,Federal Contract Tower,0,5,12,0,17,0,1,3,0,4,0,6,15,0,21,8,0,8,29
03/03/2019,SMX,CA,AWP,WE,Federal Contract Tower,2,3,18,0,23,0,4,13,0,17,2,7,31,0,40,10,0,10,50
03/04/2019,SMX,CA,AWP,WE,Federal Contract Tower,0,4,14,6,24,0,10,19,0,29,0,14,33,6,53,26,12,38,91
03/05/2019,SMX,CA,AWP,WE,Federal Contract Tower,0,12,1,0,13,0,4,3,0,7,0,16,4,0,20,0,0,0,20
03/06/2019,SMX,CA,AWP,WE,Federal Contract Tower,2,11,4,0,17,0,12,2,0,14,2,23,6,0,31,2,0,2,33
03/07/2019,SMX,CA,AWP,WE,Federal Contract Tower,0,9,6,6,21,0,9,9,0,18,0,18,15,6,39,4,0,4,43
03/08/2019,SMX,CA,AWP,WE,Federal Contract Tower,2,8,8,0,18,0,11,40,0,51,2,19,48,0,69,26,0,26,95
03/09/2019,SMX,CA,AWP,WE,Federal Contract Tower,0,3,15,0,18,0,5,75,0,80,0,8,90,0,98,58,0,58,156
03/10/2019,SMX,CA,AWP,WE,Federal Contract Tower,2,0,8,5,15,0,1,33,0,34,2,1,41,5,49,42,2,44,93
03/11/2019,SMX,CA,AWP,WE,Federal Contract Tower,0,5,7,3,15,0,11,24,0,35,0,16,31,3,50,24,0,24,74
03/12/2019,SMX,CA,AWP,WE,Federal Contract Tower,0,10,5,0,15,0,4,27,0,31,0,14,32,0,46,24,0,24,70
03/13/2019,SMX,CA,AWP,WE,Federal Contract Tower,2,11,12,1,26,0,11,24,3,38,2,22,36,4,64,48,8,56,120
03/14/2019,SMX,CA,AWP,WE,Federal Contract Tower,0,13,10,4,27,0,10,45,0,55,0,23,55,4,82,8,4,12,94
03/15/2019,SMX,CA,AWP,WE,Federal Contract Tower,4,11,19,2,36,0,6,50,2,58,4,17,69,4,94,26,6,32,126
03/16/2019,SMX,CA,AWP,WE,Federal Contract Tower,0,3,15,0,18,0,10,64,0,74,0,13,79,0,92,32,2,34,126
03/17/2019,SMX,CA,AWP,WE,Federal Contract Tower,2,0,10,0,12,0,8,64,2,74,2,8,74,2,86,64,0,64,150
03/18/2019,SMX,CA,AWP,WE,Federal Contract Tower,0,6,13,1,20,0,9,56,2,67,0,15,69,3,87,32,4,36,123
03/19/2019,SMX,CA,AWP,WE,Federal Contract Tower,0,10,15,0,25,0,25,34,0,59,0,35,49,0,84,8,0,8,92
03/20/2019,SMX,CA,AWP,WE,Federal Contract Tower,2,17,9,0,28,0,11,16,0,27,2,28,25,0,55,6,0,6,61
03/21/2019,SMX,CA,AWP,WE,Federal Contract Tower,0,12,9,2,23,0,10,18,0,28,0,22,27,2,51,2,0,2,53
03/22/2019,SMX,CA,AWP,WE,Federal Contract Tower,2,10,10,0,22,0,9,51,6,66,2,19,61,6,88,46,0,46,134
03/23/2019,SMX,CA,AWP,WE,Federal Contract Tower,0,4,6,0,10,0,1,8,0,9,0,5,14,0,19,6,0,6,25
03/24/2019,SMX,CA,AWP,WE,Federal Contract Tower,2,0,7,0,9,0,2,53,0,55,2,2,60,0,64,48,0,48,112
03/25/2019,SMX,CA,AWP,WE,Federal Contract Tower,0,4,15,6,25,0,10,44,0,54,0,14,59,6,79,22,12,34,113
03/26/2019,SMX,CA,AWP,WE,Federal Contract Tower,0,14,14,2,30,0,1,21,0,22,0,15,35,2,52,18,7,25,77
03/27/2019,SMX,CA,AWP,WE,Federal Contract Tower,2,13,11,0,26,0,7,10,0,17,2,20,21,0,43,8,0,8,51
03/28/2019,SMX,CA,AWP,WE,Federal Contract Tower,0,10,18,0,28,0,4,34,0,38,0,14,52,0,66,38,0,38,104
03/29/2019,SMX,CA,AWP,WE,Federal Contract Tower,2,9,7,2,20,0,10,49,1,60,2,19,56,3,80,24,4,28,108
03/30/2019,SMX,CA,AWP,WE,Federal Contract Tower,0,3,11,0,14,0,13,68,0,81,0,16,79,0,95,28,0,28,123
03/31/2019,SMX,CA,AWP,WE,Federal Contract Tower,2,0,3,0,5,0,3,70,0,73,2,3,73,0,78,20,0,20,98
04/01/2019,SMX,CA,AWP,WE,Federal Contract Tower,0,4,2,0,6,0,16,27,0,43,0,20,29,0,49,34,0,34,83
04/02/2019,SMX,CA,AWP,WE,Federal Contract Tower,0,13,18,2,33,0,11,21,0,32,0,24,39,2,65,4,10,14,79
04/03/2019,SMX,CA,AWP,WE,Federal Contract Tower,2,12,11,1,26,0,12,13,2,27,2,24,24,3,53,36,8,44,97
04/04/2019,SMX,CA,AWP,WE,Federal Contract Tower,0,15,20,2,37,0,8,46,3,57,0,23,66,5,94,0,2,2,96
04/05/2019,SMX,CA,AWP,WE,Federal Contract Tower,2,9,33,0,44,0,6,76,0,82,2,15,109,0,126,42,0,42,168
04/06/2019,SMX,CA,AWP,WE,Federal Contract Tower,0,2,22,0,24,0,8,91,0,99,0,10,113,0,123,38,0,38,161
04/07/2019,SMX,CA,AWP,WE,Federal Contract Tower,2,0,15,0,17,0,4,44,0,48,2,4,59,0,65,16,0,16,81
04/08/2019,SMX,CA,AWP,WE,Federal Contract Tower,0,4,8,4,16,0,11,33,1,45,0,15,41,5,61,30,14,44,105
04/09/2019,SMX,CA,AWP,WE,Federal Contract Tower,0,11,14,0,25,0,4,18,0,22,0,15,32,0,47,18,0,18,65
04/10/2019,SMX,CA,AWP,WE,Federal Contract Tower,2,12,2,0,16,0,11,32,0,43,2,23,34,0,59,4,0,4,63
04/11/2019,SMX,CA,AWP,WE,Federal Contract Tower,0,13,14,0,27,0,6,24,0,30,0,19,38,0,57,14,0,14,71
04/12/2019,SMX,CA,AWP,WE,Federal Contract Tower,2,10,5,0,17,0,14,54,0,68,2,24,59,0,85,10,0,10,95
04/13/2019,SMX,CA,AWP,WE,Federal Contract Tower,0,5,6,1,12,0,12,96,0,108,0,17,102,1,120,34,2,36,156
04/14/2019,SMX,CA,AWP,WE,Federal Contract Tower,2,0,14,0,16,0,4,49,0,53,2,4,63,0,69,26,0,26,95
04/15/2019,SMX,CA,AWP,WE,Federal Contract Tower,0,4,18,3,25,0,8,38,2,48,0,12,56,5,73,14,16,30,103
04/16/2019,SMX,CA,AWP,WE,Federal Contract Tower,0,14,14,2,30,0,2,15,1,18,0,16,29,3,48,4,14,18,66
04/17/2019,SMX,CA,AWP,WE,Federal Contract Tower,4,14,7,0,25,0,16,55,0,71,4,30,62,0,96,34,1,35,131
04/18/2019,SMX,CA,AWP,WE,Federal Contract Tower,0,10,8,2,20,0,8,61,1,70,0,18,69,3,90,68,6,74,164
04/19/2019,SMX,CA,AWP,WE,Federal Contract Tower,2,14,18,1,35,0,6,27,0,33,2,20,45,1,68,30,0,30,98
04/20/2019,SMX,CA,AWP,WE,Federal Contract Tower,2,9,13,0,24,0,6,8,0,14,2,15,21,0,38,0,0,0,38
04/21/2019,SMX,CA,AWP,WE,Federal Contract Tower,2,2,7,0,11,0,5,26,0,31,2,7,33,0,42,8,0,8,50
04/22/2019,SMX,CA,AWP,WE,Federal Contract Tower,0,6,17,4,27,0,3,25,0,28,0,9,42,4,55,50,4,54,109
04/23/2019,SMX,CA,AWP,WE,Federal Contract Tower,2,8,17,0,27,0,10,69,0,79,2,18,86,0,106,56,0,56,162
04/24/2019,SMX,CA,AWP,WE,Federal Contract Tower,2,12,11,0,25,0,10,41,0,51,2,22,52,0,76,14,0,14,90
04/25/2019,SMX,CA,AWP,WE,Federal Contract Tower,0,7,25,1,33,0,6,49,4,59,0,13,74,5,92,32,24,56,148
04/26/2019,SMX,CA,AWP,WE,Federal Contract Tower,2,17,27,0,46,0,16,25,0,41,2,33,52,0,87,18,0,18,105
04/27/2019,SMX,CA,AWP,WE,Federal Contract Tower,0,8,19,0,27,0,6,18,0,24,0,14,37,0,51,20,0,20,71
04/28/2019,SMX,CA,AWP,WE,Federal Contract Tower,2,11,22,0,35,0,0,14,0,14,2,11,36,0,49,22,0,22,71
04/29/2019,SMX,CA,AWP,WE,Federal Contract Tower,0,8,16,1,25,0,5,9,0,14,0,13,25,1,39,32,2,34,73
04/30/2019,SMX,CA,AWP,WE,Federal Contract Tower,0,11,16,3,30,0,10,33,1,44,0,21,49,4,74,34,4,38,112
05/01/2019,SMX,CA,AWP,WE,Federal Contract Tower,2,14,6,0,22,0,12,48,0,60,2,26,54,0,82,46,0,46,128
05/02/2019,SMX,CA,AWP,WE,Federal Contract Tower,0,13,10,0,23,0,7,68,0,75,0,20,78,0,98,24,0,24,122
05/03/2019,SMX,CA,AWP,WE,Federal Contract Tower,2,13,22,1,38,0,9,57,0,66,2,22,79,1,104,24,0,24,128
05/04/2019,SMX,CA,AWP,WE,Federal Contract Tower,0,6,12,0,18,0,10,33,0,43,0,16,45,0,61,42,0,42,103
05/05/2019,SMX,CA,AWP,WE,Federal Contract Tower,2,0,12,0,14,0,3,33,0,36,2,3,45,0,50,12,2,14,64
05/06/2019,SMX,CA,AWP,WE,Federal Contract Tower,0,7,10,3,20,0,11,17,0,28,0,18,27,3,48,28,18,46,94
05/07/2019,SMX,CA,AWP,WE,Federal Contract Tower,1,11,17,0,29,0,1,24,0,25,1,12,41,0,54,14,0,14,68
05/08/2019,SMX,CA,AWP,WE,Federal Contract Tower,2,10,15,0,27,0,9,22,0,31,2,19,37,0,58,20,0,20,78
05/09/2019,SMX,CA,AWP,WE,Federal Contract Tower,0,13,30,4,47,0,1,13,0,14,0,14,43,4,61,14,8,22,83
05/10/2019,SMX,CA,AWP,WE,Federal Contract Tower,2,14,8,0,24,0,3,3,0,6,2,17,11,0,30,2,0,2,32
05/11/2019,SMX,CA,AWP,WE,Federal Contract Tower,0,4,8,0,12,0,2,55,0,57,0,6,63,0,69,28,2,30,99
05/12/2019,SMX,CA,AWP,WE,Federal Contract Tower,2,1,8,0,11,0,7,35,0,42,2,8,43,0,53,24,0,24,77
05/13/2019,SMX,CA,AWP,WE,Federal Contract Tower,0,9,18,0,27,0,6,29,0,35,0,15,47,0,62,10,0,10,72
05/14/2019,SMX,CA,AWP,WE,Federal Contract Tower,0,20,14,0,34,0,11,28,0,39,0,31,42,0,73,6,0,6,79
05/15/2019,SMX,CA,AWP,WE,Federal Contract Tower,2,10,9,0,21,0,13,27,0,40,2,23,36,0,61,18,0,18,79
05/16/2019,SMX,CA,AWP,WE,Federal Contract Tower,0,12,12,4,28,0,0,16,1,17,0,12,28,5,45,10,8,18,63
05/17/2019,SMX,CA,AWP,WE,Federal Contract Tower,2,9,13,4,28,0,5,63,4,72,2,14,76,8,100,40,10,50,150
05/18/2019,SMX,CA,AWP,WE,Federal Contract Tower,0,5,12,0,17,0,4,49,0,53,0,9,61,0,70,34,0,34,104
05/19/2019,SMX,CA,AWP,WE,Federal Contract Tower,2,0,10,0,12,0,0,10,0,10,2,0,20,0,22,16,0,16,38
05/20/2019,SMX,CA,AWP,WE,Federal Contract Tower,0,5,12,1,18,0,11,64,0,75,0,16,76,1,93,68,2,70,163
05/21/2019,SMX,CA,AWP,WE,Federal Contract Tower,0,14,12,1,27,0,12,9,0,21,0,26,21,1,48,6,12,18,66
05/22/2019,SMX,CA,AWP,WE,Federal Contract Tower,2,10,13,0,25,0,12,32,0,44,2,22,45,0,69,24,0,24,93
05/23/2019,SMX,CA,AWP,WE,Federal Contract Tower,0,17,11,0,28,0,4,2,0,6,0,21,13,0,34,2,0,2,36
05/24/2019,SMX,CA,AWP,WE,Federal Contract Tower,2,10,23,0,35,0,11,70,0,81,2,21,93,0,116,48,0,48,164
05/25/2019,SMX,CA,AWP,WE,Federal Contract Tower,2,4,15,0,21,0,8,9,0,17,2,12,24,0,38,20,0,20,58
05/26/2019,SMX,CA,AWP,WE,Federal Contract Tower,2,0,2,0,4,0,4,2,0,6,2,4,4,0,10,0,0,0,10
05/27/2019,SMX,CA,AWP,WE,Federal Contract Tower,2,2,10,0,14,0,4,54,0,58,2,6,64,0,72,64,0,64,136
05/28/2019,SMX,CA,AWP,WE,Federal Contract Tower,2,7,15,0,24,0,7,46,8,61,2,14,61,8,85,52,0,52,137
05/29/2019,SMX,CA,AWP,WE,Federal Contract Tower,2,21,15,0,38,0,10,27,0,37,2,31,42,0,75,44,0,44,119
05/30/2019,SMX,CA,AWP,WE,Federal Contract Tower,0,14,20,0,34,0,6,27,0,33,0,20,47,0,67,14,0,14,81
05/31/2019,SMX,CA,AWP,WE,Federal Contract Tower,2,13,18,2,35,0,14,34,0,48,2,27,52,2,83,22,4,26,109
06/01/2019,SMX,CA,AWP,WE,Federal Contract Tower,0,4,16,0,20,0,4,31,2,37,0,8,47,2,57,52,6,58,115
06/02/2019,SMX,CA,AWP,WE,Federal Contract Tower,2,3,19,0,24,0,6,22,0,28,2,9,41,0,52,10,0,10,62
06/03/2019,SMX,CA,AWP,WE,Federal Contract Tower,2,10,20,0,32,0,6,42,0,48,2,16,62,0,80,76,6,82,162
06/04/2019,SMX,CA,AWP,WE,Federal Contract Tower,0,17,24,0,41,0,10,28,0,38,0,27,52,0,79,52,0,52,131
06/05/2019,SMX,CA,AWP,WE,Federal Contract Tower,2,16,15,0,33,0,11,39,0,50,2,27,54,0,83,34,0,34,117
06/06/2019,SMX,CA,AWP,WE,Federal Contract Tower,0,15,11,1,27,0,2,32,0,34,0,17,43,1,61,24,2,26,87
06/07/2019,SMX,CA,AWP,WE,Federal Contract Tower,2,11,15,1,29,0,7,27,1,35,2,18,42,2,64,14,0,14,78
06/08/2019,SMX,CA,AWP,WE,Federal Contract Tower,0,3,8,0,11,0,5,64,0,69,0,8,72,0,80,34,0,34,114
06/09/2019,SMX,CA,AWP,WE,Federal Contract Tower,2,0,10,0,12,0,9,54,0,63,2,9,64,0,75,22,0,22,97
06/10/2019,SMX,CA,AWP,WE,Federal Contract Tower,2,4,10,4,20,0,9,37,6,52,2,13,47,10,72,54,0,54,126
06/11/2019,SMX,CA,AWP,WE,Federal Contract Tower,0,13,17,0,30,0,9,42,0,51,0,22,59,0,81,52,0,52,133
06/12/2019,SMX,CA,AWP,WE,Federal Contract Tower,2,11,19,4,36,0,8,61,0,69,2,19,80,4,105,42,24,66,171
06/13/2019,SMX,CA,AWP,WE,Federal Contract Tower,0,13,18,0,31,0,4,41,0,45,0,17,59,0,76,52,0,52,128
06/15/2019,SMX,CA,AWP,WE,Federal Contract Tower,0,5,14,0,19,0,1,11,0,12,0,6,25,0,31,14,0,14,45
06/16/2019,SMX,CA,AWP,WE,Federal Contract Tower,2,0,13,0,15,0,1,32,0,33,2,1,45,0,48,18,0,18,66
06/17/2019,SMX,CA,AWP,WE,Federal Contract Tower,2,5,23,4,34,0,10,21,0,31,2,15,44,4,65,0,2,2,67
06/18/2019,SMX,CA,AWP,WE,Federal Contract Tower,0,11,14,0,25,0,9,53,0,62,0,20,67,0,87,24,0,24,111
06/19/2019,SMX,CA,AWP,WE,Federal Contract Tower,2,12,15,4,33,0,9,26,2,37,2,21,41,6,70,16,14,30,100
06/20/2019,SMX,CA,AWP,WE,Federal Contract Tower,0,14,28,0,42,0,2,11,0,13,0,16,39,0,55,4,0,4,59
06/21/2019,SMX,CA,AWP,WE,Federal Contract Tower,2,10,19,4,35,0,7,24,0,31,2,17,43,4,66,28,16,44,110
06/22/2019,SMX,CA,AWP,WE,Federal Contract Tower,0,4,17,0,21,0,7,40,0,47,0,11,57,0,68,10,0,10,78
06/23/2019,SMX,CA,AWP,WE,Federal Contract Tower,2,6,14,0,22,0,10,40,0,50,2,16,54,0,72,90,0,90,162
06/24/2019,SMX,CA,AWP,WE,Federal Contract Tower,2,8,6,0,16,0,6,36,0,42,2,14,42,0,58,50,0,50,108
06/25/2019,SMX,CA,AWP,WE,Federal Contract Tower,0,14,28,2,44,0,2,26,0,28,0,16,54,2,72,26,14,40,112
06/26/2019,SMX,CA,AWP,WE,Federal Contract Tower,2,14,6,0,22,0,16,38,0,54,2,30,44,0,76,46,0,46,122
06/27/2019,SMX,CA,AWP,WE,Federal Contract Tower,0,11,14,0,25,0,7,40,0,47,0,18,54,0,72,12,0,12,84
06/28/2019,SMX,CA,AWP,WE,Federal Contract Tower,4,10,9,0,23,0,7,52,8,67,4,17,61,8,90,36,0,36,126
06/30/2019,SMX,CA,AWP,WE,Federal Contract Tower,2,0,3,0,5,0,4,47,0,51,2,4,50,0,56,4,0,4,60
07/01/2019,SMX,CA,AWP,WE,Federal Contract Tower,4,9,20,0,33,0,8,30,0,38,4,17,50,0,71,28,0,28,99
07/03/2019,SMX,CA,AWP,WE,Federal Contract Tower,2,16,15,2,35,0,11,25,0,36,2,27,40,2,71,30,18,48,119
07/04/2019,SMX,CA,AWP,WE,Federal Contract Tower,0,4,12,0,16,0,6,36,0,42,0,10,48,0,58,34,0,34,92
07/05/2019,SMX,CA,AWP,WE,Federal Contract Tower,2,12,13,0,27,0,8,31,0,39,2,20,44,0,66,18,0,18,84
07/06/2019,SMX,CA,AWP,WE,Federal Contract Tower,0,8,7,0,15,0,7,34,0,41,0,15,41,0,56,40,0,40,96
07/07/2019,SMX,CA,AWP,WE,Federal Contract Tower,2,0,11,0,13,0,2,27,0,29,2,2,38,0,42,42,0,42,84
07/08/2019,SMX,CA,AWP,WE,Federal Contract Tower,2,5,17,0,24,0,16,37,0,53,2,21,54,0,77,22,0,22,99
07/09/2019,SMX,CA,AWP,WE,Federal Contract Tower,0,15,17,1,33,0,19,14,0,33,0,34,31,1,66,34,0,34,100
07/10/2019,SMX,CA,AWP,WE,Federal Contract Tower,2,13,14,0,29,0,15,55,1,71,2,28,69,1,100,30,2,32,132
07/11/2019,SMX,CA,AWP,WE,Federal Contract Tower,0,10,9,2,21,0,6,33,0,39,0,16,42,2,60,14,0,14,74
07/12/2019,SMX,CA,AWP,WE,Federal Contract Tower,2,13,18,0,33,0,6,50,0,56,2,19,68,0,89,26,0,26,115
07/13/2019,SMX,CA,AWP,WE,Federal Contract Tower,0,3,12,0,15,0,4,58,0,62,0,7,70,0,77,52,0,52,129
07/14/2019,SMX,CA,AWP,WE,Federal Contract Tower,2,3,12,2,19,0,9,65,0,74,2,12,77,2,93,58,2,60,153
07/15/2019,SMX,CA,AWP,WE,Federal Contract Tower,2,4,9,1,16,0,12,28,0,40,2,16,37,1,56,24,2,26,82
07/16/2019,SMX,CA,AWP,WE,Federal Contract Tower,0,13,11,0,24,0,1,25,0,26,0,14,36,0,50,18,0,18,68
07/17/2019,SMX,CA,AWP,WE,Federal Contract Tower,2,19,13,2,36,0,15,32,0,47,2,34,45,2,83,12,0,12,95
07/18/2019,SMX,CA,AWP,WE,Federal Contract Tower,0,23,17,3,43,0,10,19,0,29,0,33,36,3,72,6,6,12,84
07/19/2019,SMX,CA,AWP,WE,Federal Contract Tower,2,10,15,0,27,0,16,34,6,56,2,26,49,6,83,24,0,24,107
07/20/2019,SMX,CA,AWP,WE,Federal Contract Tower,0,4,10,0,14,0,0,33,0,33,0,4,43,0,47,18,0,18,65
07/21/2019,SMX,CA,AWP,WE,Federal Contract Tower,2,2,16,0,20,0,0,41,0,41,2,2,57,0,61,54,0,54,115
07/22/2019,SMX,CA,AWP,WE,Federal Contract Tower,2,7,17,0,26,0,15,32,0,47,2,22,49,0,73,34,0,34,107
07/23/2019,SMX,CA,AWP,WE,Federal Contract Tower,0,11,9,0,20,0,18,39,0,57,0,29,48,0,77,6,8,14,91
07/24/2019,SMX,CA,AWP,WE,Federal Contract Tower,2,13,9,2,26,0,14,63,0,77,2,27,72,2,103,74,0,74,177
07/25/2019,SMX,CA,AWP,WE,Federal Contract Tower,0,15,7,2,24,0,17,28,0,45,0,32,35,2,69,40,4,44,113
07/26/2019,SMX,CA,AWP,WE,Federal Contract Tower,4,16,9,0,29,0,11,44,2,57,4,27,53,2,86,30,0,30,116
07/27/2019,SMX,CA,AWP,WE,Federal Contract Tower,0,4,11,0,15,0,8,49,0,57,0,12,60,0,72,30,0,30,102
07/28/2019,SMX,CA,AWP,WE,Federal Contract Tower,2,3,9,0,14,0,4,48,0,52,2,7,57,0,66,36,0,36,102
07/29/2019,SMX,CA,AWP,WE,Federal Contract Tower,2,10,11,0,23,0,10,34,0,44,2,20,45,0,67,34,0,34,101
07/30/2019,SMX,CA,AWP,WE,Federal Contract Tower,0,18,17,1,36,0,0,39,1,40,0,18,56,2,76,18,6,24,100
07/31/2019,SMX,CA,AWP,WE,Federal Contract Tower,2,20,10,0,32,0,6,23,2,31,2,26,33,2,63,38,2,40,103
08/01/2019,SMX,CA,AWP,WE,Federal Contract Tower,0,14,9,0,23,0,2,30,0,32,0,16,39,0,55,6,0,6,61
08/02/2019,SMX,CA,AWP,WE,Federal Contract Tower,2,22,17,1,42,0,19,46,0,65,2,41,63,1,107,42,2,44,151
08/03/2019,SMX,CA,AWP,WE,Federal Contract Tower,0,5,6,0,11,0,4,42,0,46,0,9,48,0,57,8,0,8,65
08/04/2019,SMX,CA,AWP,WE,Federal Contract Tower,2,1,10,0,13,0,7,62,0,69,2,8,72,0,82,20,0,20,102
08/05/2019,SMX,CA,AWP,WE,Federal Contract Tower,2,18,17,0,37,0,5,23,2,30,2,23,40,2,67,42,4,46,113
08/06/2019,SMX,CA,AWP,WE,Federal Contract Tower,0,16,20,0,36,0,4,24,0,28,0,20,44,0,64,12,0,12,76
08/07/2019,SMX,CA,AWP,WE,Federal Contract Tower,2,18,18,0,38,0,4,39,0,43,2,22,57,0,81,20,0,20,101
08/08/2019,SMX,CA,AWP,WE,Federal Contract Tower,0,12,19,2,33,0,4,30,0,34,0,16,49,2,67,12,0,12,79
08/09/2019,SMX,CA,AWP,WE,Federal Contract Tower,2,11,8,1,22,0,8,38,0,46,2,19,46,1,68,38,4,42,110
08/10/2019,SMX,CA,AWP,WE,Federal Contract Tower,0,4,13,0,17,0,0,48,0,48,0,4,61,0,65,34,0,34,99
08/11/2019,SMX,CA,AWP,WE,Federal Contract Tower,2,5,13,0,20,0,7,48,0,55,2,12,61,0,75,40,0,40,115
08/12/2019,SMX,CA,AWP,WE,Federal Contract Tower,2,8,8,0,18,0,8,39,0,47,2,16,47,0,65,34,0,34,99
08/13/2019,SMX,CA,AWP,WE,Federal Contract Tower,0,12,12,0,24,0,7,57,0,64,0,19,69,0,88,28,0,28,116
08/14/2019,SMX,CA,AWP,WE,Federal Contract Tower,2,13,24,0,39,0,5,52,0,57,2,18,76,0,96,26,0,26,122
08/15/2019,SMX,CA,AWP,WE,Federal Contract Tower,0,10,11,3,24,0,4,34,1,39,0,14,45,4,63,30,28,58,121
08/16/2019,SMX,CA,AWP,WE,Federal Contract Tower,2,10,16,0,28,0,14,55,0,69,2,24,71,0,97,30,0,30,127
08/18/2019,SMX,CA,AWP,WE,Federal Contract Tower,2,0,27,0,29,0,9,36,0,45,2,9,63,0,74,22,0,22,96
08/19/2019,SMX,CA,AWP,WE,Federal Contract Tower,2,11,13,1,27,0,4,39,0,43,2,15,52,1,70,43,0,43,113
08/20/2019,SMX,CA,AWP,WE,Federal Contract Tower,0,12,20,3,35,0,4,44,2,50,0,16,64,5,85,24,10,34,119
08/21/2019,SMX,CA,AWP,WE,Federal Contract Tower,2,12,11,0,25,0,13,40,3,56,2,25,51,3,81,20,12,32,113
08/22/2019,SMX,CA,AWP,WE,Federal Contract Tower,0,11,8,2,21,0,6,44,4,54,0,17,52,6,75,76,0,76,151
08/23/2019,SMX,CA,AWP,WE,Federal Contract Tower,2,17,19,5,43,0,11,5,0,16,2,28,24,5,59,24,0,24,83
08/24/2019,SMX,CA,AWP,WE,Federal Contract Tower,0,3,9,0,12,0,5,57,0,62,0,8,66,0,74,76,0,76,150
08/25/2019,SMX,CA,AWP,WE,Federal Contract Tower,3,1,10,0,14,0,5,44,0,49,3,6,54,0,63,46,0,46,109
08/26/2019,SMX,CA,AWP,WE,Federal Contract Tower,2,10,11,3,26,0,7,21,0,28,2,17,32,3,54,14,0,14,68
08/27/2019,SMX,CA,AWP,WE,Federal Contract Tower,0,15,23,0,38,0,5,53,0,58,0,20,76,0,96,42,4,46,142
08/28/2019,SMX,CA,AWP,WE,Federal Contract Tower,2,11,10,0,23,0,9,43,0,52,2,20,53,0,75,14,0,14,89
08/29/2019,SMX,CA,AWP,WE,Federal Contract Tower,0,16,23,1,40,0,6,37,2,45,0,22,60,3,85,38,0,38,123
08/30/2019,SMX,CA,AWP,WE,Federal Contract Tower,2,9,30,0,41,0,9,41,0,50,2,18,71,0,91,40,0,40,131
08/31/2019,SMX,CA,AWP,WE,Federal Contract Tower,0,3,10,0,13,0,3,36,0,39,0,6,46,0,52,52,0,52,104
09/01/2019,SMX,CA,AWP,WE,Federal Contract Tower,0,1,5,0,6,0,12,75,0,87,0,13,80,0,93,6,0,6,99
09/02/2019,SMX,CA,AWP,WE,Federal Contract Tower,4,1,10,6,21,0,12,66,0,78,4,13,76,6,99,34,0,34,133
09/03/2019,SMX,CA,AWP,WE,Federal Contract Tower,1,5,8,0,14,0,6,31,0,37,1,11,39,0,51,8,0,8,59
09/04/2019,SMX,CA,AWP,WE,Federal Contract Tower,2,17,11,2,32,0,13,31,1,45,2,30,42,3,77,10,12,22,99
09/05/2019,SMX,CA,AWP,WE,Federal Contract Tower,0,13,9,1,23,0,4,47,2,53,0,17,56,3,76,36,0,36,112
09/06/2019,SMX,CA,AWP,WE,Federal Contract Tower,2,9,8,3,22,0,4,52,0,56,2,13,60,3,78,12,6,18,96
09/07/2019,SMX,CA,AWP,WE,Federal Contract Tower,0,5,10,0,15,0,12,27,0,39,0,17,37,0,54,10,0,10,64
09/08/2019,SMX,CA,AWP,WE,Federal Contract Tower,2,1,12,1,16,0,1,53,1,55,2,2,65,2,71,14,2,16,87
09/09/2019,SMX,CA,AWP,WE,Federal Contract Tower,2,8,8,3,21,0,10,73,0,83,2,18,81,3,104,22,0,22,126
09/10/2019,SMX,CA,AWP,WE,Federal Contract Tower,0,13,10,0,23,0,7,44,4,55,0,20,54,4,78,20,0,20,98
09/11/2019,SMX,CA,AWP,WE,Federal Contract Tower,2,12,8,0,22,0,16,39,1,56,2,28,47,1,78,10,2,12,90
09/12/2019,SMX,CA,AWP,WE,Federal Contract Tower,0,7,21,2,30,0,15,62,0,77,0,22,83,2,107,28,2,30,137
09/13/2019,SMX,CA,AWP,WE,Federal Contract Tower,2,9,17,0,28,0,11,49,0,60,2,20,66,0,88,58,0,58,146
09/14/2019,SMX,CA,AWP,WE,Federal Contract Tower,0,3,6,0,9,0,18,70,0,88,0,21,76,0,97,72,0,72,169
09/15/2019,SMX,CA,AWP,WE,Federal Contract Tower,2,0,17,0,19,0,3,40,0,43,2,3,57,0,62,4,0,4,66
09/16/2019,SMX,CA,AWP,WE,Federal Contract Tower,2,10,15,0,27,0,10,42,0,52,2,20,57,0,79,2,8,10,89
09/17/2019,SMX,CA,AWP,WE,Federal Contract Tower,0,12,14,0,26,0,8,32,0,40,0,20,46,0,66,18,0,18,84
09/18/2019,SMX,CA,AWP,WE,Federal Contract Tower,2,11,8,0,21,0,19,50,2,71,2,30,58,2,92,26,4,30,122
09/19/2019,SMX,CA,AWP,WE,Federal Contract Tower,0,12,11,2,25,0,12,31,2,45,0,24,42,4,70,24,0,24,94
09/20/2019,SMX,CA,AWP,WE,Federal Contract Tower,2,10,8,0,20,0,9,60,0,69,2,19,68,0,89,22,2,24,113
09/21/2019,SMX,CA,AWP,WE,Federal Contract Tower,2,2,2,0,6,0,3,127,0,130,2,5,129,0,136,64,0,64,200
09/22/2019,SMX,CA,AWP,WE,Federal Contract Tower,2,0,9,0,11,0,14,63,0,77,2,14,72,0,88,44,0,44,132
09/23/2019,SMX,CA,AWP,WE,Federal Contract Tower,2,6,10,1,19,0,5,36,0,41,2,11,46,1,60,14,0,14,74
09/24/2019,SMX,CA,AWP,WE,Federal Contract Tower,2,9,9,0,20,0,12,46,0,58,2,21,55,0,78,6,0,6,84
09/25/2019,SMX,CA,AWP,WE,Federal Contract Tower,2,14,4,1,21,0,17,46,1,64,2,31,50,2,85,76,2,78,163
09/26/2019,SMX,CA,AWP,WE,Federal Contract Tower,0,14,15,0,29,0,5,38,0,43,0,19,53,0,72,12,0,12,84
09/27/2019,SMX,CA,AWP,WE,Federal Contract Tower,2,11,23,0,36,0,14,23,0,37,2,25,46,0,73,40,0,40,113
09/28/2019,SMX,CA,AWP,WE,Federal Contract Tower,0,5,10,0,15,0,4,14,0,18,0,9,24,0,33,20,0,20,53
09/29/2019,SMX,CA,AWP,WE,Federal Contract Tower,2,0,7,0,9,0,5,30,0,35,2,5,37,0,44,10,0,10,54
09/30/2019,SMX,CA,AWP,WE,Federal Contract Tower,2,6,9,1,18,0,17,51,0,68,2,23,60,1,86,36,2,38,124
10/01/2019,SMX,CA,AWP,WE,Federal Contract Tower,0,8,7,0,15,0,11,56,2,69,0,19,63,2,84,38,0,38,122
10/02/2019,SMX,CA,AWP,WE,Federal Contract Tower,2,11,9,0,22,0,16,45,0,61,2,27,54,0,83,32,0,32,115
10/03/2019,SMX,CA,AWP,WE,Federal Contract Tower,0,13,20,0,33,0,12,39,0,51,0,25,59,0,84,12,0,12,96
10/04/2019,SMX,CA,AWP,WE,Federal Contract Tower,2,9,7,0,18,0,9,52,0,61,2,18,59,0,79,68,2,70,149
10/05/2019,SMX,CA,AWP,WE,Federal Contract Tower,0,1,4,0,5,0,5,67,0,72,0,6,71,0,77,80,0,80,157
10/06/2019,SMX,CA,AWP,WE,Federal Contract Tower,2,2,8,0,12,0,19,71,0,90,2,21,79,0,102,20,0,20,122
10/07/2019,SMX,CA,AWP,WE,Federal Contract Tower,2,8,10,4,24,0,6,41,0,47,2,14,51,4,71,18,0,18,89
10/08/2019,SMX,CA,AWP,WE,Federal Contract Tower,0,9,13,1,23,0,6,24,2,32,0,15,37,3,55,12,14,26,81
10/10/2019,SMX,CA,AWP,WE,Federal Contract Tower,1,15,13,2,31,0,3,91,0,94,1,18,104,2,125,52,10,62,187
10/11/2019,SMX,CA,AWP,WE,Federal Contract Tower,2,9,4,2,17,0,22,72,17,111,2,31,76,19,128,16,14,30,158
10/12/2019,SMX,CA,AWP,WE,Federal Contract Tower,0,1,1,0,2,0,7,52,0,59,0,8,53,0,61,14,0,14,75
10/13/2019,SMX,CA,AWP,WE,Federal Contract Tower,2,0,3,0,5,0,1,57,3,61,2,1,60,3,66,4,0,4,70
10/15/2019,SMX,CA,AWP,WE,Federal Contract Tower,0,22,15,4,41,0,3,29,0,32,0,25,44,4,73,16,2,18,91
10/16/2019,SMX,CA,AWP,WE,Federal Contract Tower,2,11,17,0,30,0,9,55,0,64,2,20,72,0,94,28,0,28,122
10/17/2019,SMX,CA,AWP,WE,Federal Contract Tower,0,12,13,3,28,0,16,53,3,72,0,28,66,6,100,10,8,18,118
10/18/2019,SMX,CA,AWP,WE,Federal Contract Tower,2,9,18,0,29,0,14,66,1,81,2,23,84,1,110,6,0,6,116
10/19/2019,SMX,CA,AWP,WE,Federal Contract Tower,0,2,15,0,17,0,8,28,0,36,0,10,43,0,53,54,4,58,111
10/20/2019,SMX,CA,AWP,WE,Federal Contract Tower,1,4,6,1,12,0,14,30,1,45,1,18,36,2,57,6,4,10,67
10/21/2019,SMX,CA,AWP,WE,Federal Contract Tower,2,6,9,2,19,0,6,22,1,29,2,12,31,3,48,14,2,16,64
10/22/2019,SMX,CA,AWP,WE,Federal Contract Tower,0,9,7,1,17,0,10,38,1,49,0,19,45,2,66,18,6,24,90
10/23/2019,SMX,CA,AWP,WE,Federal Contract Tower,2,8,11,0,21,0,18,33,0,51,2,26,44,0,72,32,0,32,104
10/24/2019,SMX,CA,AWP,WE,Federal Contract Tower,0,10,17,0,27,0,6,54,0,60,0,16,71,0,87,60,0,60,147
10/25/2019,SMX,CA,AWP,WE,Federal Contract Tower,2,13,15,5,35,0,28,56,1,85,2,41,71,6,120,48,38,86,206
10/26/2019,SMX,CA,AWP,WE,Federal Contract Tower,0,5,3,1,9,0,8,61,1,70,0,13,64,2,79,70,0,70,149
10/27/2019,SMX,CA,AWP,WE,Federal Contract Tower,2,4,9,0,15,0,11,16,0,27,2,15,25,0,42,18,0,18,60
10/28/2019,SMX,CA,AWP,WE,Federal Contract Tower,2,7,11,1,21,0,12,23,0,35,2,19,34,1,56,8,2,10,66
10/29/2019,SMX,CA,AWP,WE,Federal Contract Tower,0,13,9,1,23,0,10,44,1,55,0,23,53,2,78,34,2,36,114
10/30/2019,SMX,CA,AWP,WE,Federal Contract Tower,2,10,6,2,20,0,20,41,0,61,2,30,47,2,81,22,4,26,107
10/31/2019,SMX,CA,AWP,WE,Federal Contract Tower,0,10,16,0,26,0,9,43,0,52,0,19,59,0,78,48,0,48,126
11/01/2019,SMX,CA,AWP,WE,Federal Contract Tower,2,10,14,4,30,0,47,121,0,168,2,57,135,4,198,8,0,8,206
11/02/2019,SMX,CA,AWP,WE,Federal Contract Tower,0,2,17,0,19,0,9,53,0,62,0,11,70,0,81,72,0,72,153
11/03/2019,SMX,CA,AWP,WE,Federal Contract Tower,2,1,5,2,10,0,8,41,0,49,2,9,46,2,59,18,4,22,81
11/04/2019,SMX,CA,AWP,WE,Federal Contract Tower,2,11,9,1,23,0,10,51,0,61,2,21,60,1,84,14,0,14,98
11/05/2019,SMX,CA,AWP,WE,Federal Contract Tower,0,12,7,0,19,0,8,45,2,55,0,20,52,2,74,28,0,28,102
11/06/2019,SMX,CA,AWP,WE,Federal Contract Tower,2,15,12,0,29,0,13,31,0,44,2,28,43,0,73,26,0,26,99
11/07/2019,SMX,CA,AWP,WE,Federal Contract Tower,0,13,15,0,28,0,8,32,0,40,0,21,47,0,68,8,0,8,76
11/08/2019,SMX,CA,AWP,WE,Federal Contract Tower,2,10,13,2,27,0,10,49,0,59,2,20,62,2,86,48,0,48,134
11/09/2019,SMX,CA,AWP,WE,Federal Contract Tower,0,2,8,0,10,0,8,47,0,55,0,10,55,0,65,48,0,48,113
11/10/2019,SMX,CA,AWP,WE,Federal Contract Tower,2,0,11,0,13,0,3,33,0,36,2,3,44,0,49,14,0,14,63
11/11/2019,SMX,CA,AWP,WE,Federal Contract Tower,2,12,13,0,27,0,10,53,0,63,2,22,66,0,90,48,0,48,138
11/12/2019,SMX,CA,AWP,WE,Federal Contract Tower,0,17,16,0,33,0,13,26,0,39,0,30,42,0,72,10,0,10,82
11/13/2019,SMX,CA,AWP,WE,Federal Contract Tower,2,14,14,1,31,0,11,25,0,36,2,25,39,1,67,6,0,6,73
11/14/2019,SMX,CA,AWP,WE,Federal Contract Tower,0,11,21,5,37,0,10,22,0,32,0,21,43,5,69,58,2,60,129
11/15/2019,SMX,CA,AWP,WE,Federal Contract Tower,3,12,18,0,33,0,9,46,0,55,3,21,64,0,88,56,0,56,144
11/16/2019,SMX,CA,AWP,WE,Federal Contract Tower,0,3,14,0,17,0,9,59,0,68,0,12,73,0,85,54,0,54,139
11/17/2019,SMX,CA,AWP,WE,Federal Contract Tower,2,1,14,0,17,0,13,56,0,69,2,14,70,0,86,44,0,44,130
11/18/2019,SMX,CA,AWP,WE,Federal Contract Tower,2,12,6,4,24,0,8,48,0,56,2,20,54,4,80,30,0,30,110
11/20/2019,SMX,CA,AWP,WE,Federal Contract Tower,2,14,7,2,25,0,20,25,0,45,2,34,32,2,70,68,4,72,142
11/21/2019,SMX,CA,AWP,WE,Federal Contract Tower,0,5,11,2,18,0,15,33,3,51,0,20,44,5,69,30,4,34,103
11/22/2019,SMX,CA,AWP,WE,Federal Contract Tower,2,12,12,0,26,0,17,75,0,92,2,29,87,0,118,20,0,20,138
11/23/2019,SMX,CA,AWP,WE,Federal Contract Tower,2,4,10,0,16,0,13,44,0,57,2,17,54,0,73,28,0,28,101
11/24/2019,SMX,CA,AWP,WE,Federal Contract Tower,2,0,13,0,15,0,16,62,0,78,2,16,75,0,93,24,0,24,117
11/25/2019,SMX,CA,AWP,WE,Federal Contract Tower,2,8,4,0,14,0,14,19,2,35,2,22,23,2,49,10,0,10,59
11/26/2019,SMX,CA,AWP,WE,Federal Contract Tower,2,11,9,0,22,0,10,148,2,160,2,21,157,2,182,16,0,16,198
11/27/2019,SMX,CA,AWP,WE,Federal Contract Tower,2,10,12,2,26,0,10,7,0,17,2,20,19,2,43,0,4,4,47
11/28/2019,SMX,CA,AWP,WE,Federal Contract Tower,0,0,5,0,5,0,2,2,0,4,0,2,7,0,9,0,0,0,9
11/29/2019,SMX,CA,AWP,WE,Federal Contract Tower,2,10,4,0,16,0,2,16,0,18,2,12,20,0,34,2,0,2,36
11/30/2019,SMX,CA,AWP,WE,Federal Contract Tower,2,4,6,0,12,0,2,13,0,15,2,6,19,0,27,10,0,10,37
12/01/2019,SMX,CA,AWP,WE,Federal Contract Tower,2,0,12,0,14,0,2,1,0,3,2,2,13,0,17,0,0,0,17
12/02/2019,SMX,CA,AWP,WE,Federal Contract Tower,2,10,6,0,18,0,17,19,0,36,2,27,25,0,54,12,0,12,66
12/03/2019,SMX,CA,AWP,WE,Federal Contract Tower,0,12,14,0,26,0,4,25,0,29,0,16,39,0,55,32,0,32,87
12/04/2019,SMX,CA,AWP,WE,Federal Contract Tower,2,10,7,0,19,0,8,4,0,12,2,18,11,0,31,2,0,2,33
12/05/2019,SMX,CA,AWP,WE,Federal Contract Tower,0,12,24,0,36,0,6,22,0,28,0,18,46,0,64,6,0,6,70
12/06/2019,SMX,CA,AWP,WE,Federal Contract Tower,4,15,12,0,31,0,10,43,0,53,4,25,55,0,84,28,0,28,112
12/07/2019,SMX,CA,AWP,WE,Federal Contract Tower,0,5,5,0,10,0,10,10,0,20,0,15,15,0,30,0,0,0,30
12/08/2019,SMX,CA,AWP,WE,Federal Contract Tower,2,0,15,0,17,0,2,11,0,13,2,2,26,0,30,6,0,6,36
12/09/2019,SMX,CA,AWP,WE,Federal Contract Tower,2,9,14,0,25,0,17,58,2,77,2,26,72,2,102,48,6,54,156
12/10/2019,SMX,CA,AWP,WE,Federal Contract Tower,0,13,9,0,22,0,9,33,0,42,0,22,42,0,64,14,0,14,78
12/11/2019,SMX,CA,AWP,WE,Federal Contract Tower,2,15,11,1,29,0,13,50,0,63,2,28,61,1,92,30,2,32,124
12/12/2019,SMX,CA,AWP,WE,Federal Contract Tower,0,11,8,2,21,0,4,55,0,59,0,15,63,2,80,40,0,40,120
12/13/2019,SMX,CA,AWP,WE,Federal Contract Tower,2,10,10,6,28,0,15,22,0,37,2,25,32,6,65,2,16,18,83
12/14/2019,SMX,CA,AWP,WE,Federal Contract Tower,0,8,5,0,13,0,9,9,0,18,0,17,14,0,31,6,0,6,37
12/15/2019,SMX,CA,AWP,WE,Federal Contract Tower,2,3,9,2,16,0,3,51,0,54,2,6,60,2,70,24,4,28,98
12/16/2019,SMX,CA,AWP,WE,Federal Contract Tower,0,9,6,2,17,0,10,33,2,45,0,19,39,4,62,32,8,40,102
12/17/2019,SMX,CA,AWP,WE,Federal Contract Tower,0,12,14,2,28,0,1,45,2,48,0,13,59,4,76,68,6,74,150
12/18/2019,SMX,CA,AWP,WE,Federal Contract Tower,2,16,5,8,31,0,13,17,4,34,2,29,22,12,65,14,10,24,89
12/19/2019,SMX,CA,AWP,WE,Federal Contract Tower,0,14,12,11,37,0,6,46,0,52,0,20,58,11,89,30,14,44,133
12/20/2019,SMX,CA,AWP,WE,Federal Contract Tower,2,12,6,2,22,0,13,50,2,65,2,25,56,4,87,50,18,68,155
12/21/2019,SMX,CA,AWP,WE,Federal Contract Tower,0,7,10,0,17,0,4,43,0,47,0,11,53,0,64,22,0,22,86
12/22/2019,SMX,CA,AWP,WE,Federal Contract Tower,2,2,4,0,8,0,4,1,0,5,2,6,5,0,13,4,0,4,17
12/23/2019,SMX,CA,AWP,WE,Federal Contract Tower,2,11,2,0,15,0,6,4,0,10,2,17,6,0,25,0,0,0,25
12/24/2019,SMX,CA,AWP,WE,Federal Contract Tower,0,16,4,0,20,0,6,21,0,27,0,22,25,0,47,16,0,16,63
12/25/2019,SMX,CA,AWP,WE,Federal Contract Tower,2,1,3,0,6,0,7,3,0,10,2,8,6,0,16,0,0,0,16
12/26/2019,SMX,CA,AWP,WE,Federal Contract Tower,0,8,4,0,12,0,14,13,0,27,0,22,17,0,39,10,0,10,49
12/27/2019,SMX,CA,AWP,WE,Federal Contract Tower,2,12,10,2,26,0,18,60,1,79,2,30,70,3,105,32,4,36,141
12/28/2019,SMX,CA,AWP,WE,Federal Contract Tower,0,5,8,0,13,0,2,45,0,47,0,7,53,0,60,42,0,42,102
12/29/2019,SMX,CA,AWP,WE,Federal Contract Tower,2,6,3,0,11,0,2,20,0,22,2,8,23,0,33,6,0,6,39
12/30/2019,SMX,CA,AWP,WE,Federal Contract Tower,2,9,8,2,21,0,6,42,0,48,2,15,50,2,69,70,0,70,139
12/31/2019,SMX,CA,AWP,WE,Federal Contract Tower,0,11,6,0,17,0,10,54,0,64,0,21,60,0,81,62,0,62,143
01/01/2020,SMX,CA,AWP,WE,Federal Contract Tower,2,1,6,0,9,0,13,47,0,60,2,14,53,0,69,12,0,12,81
01/02/2020,SMX,CA,AWP,WE,Federal Contract Tower,0,11,7,0,18,0,5,44,0,49,0,16,51,0,67,26,0,26,93
01/03/2020,SMX,CA,AWP,WE,Federal Contract Tower,2,9,9,0,20,0,6,41,0,47,2,15,50,0,67,50,0,50,117
01/04/2020,SMX,CA,AWP,WE,Federal Contract Tower,0,4,16,0,20,0,7,41,0,48,0,11,57,0,68,40,0,40,108
01/05/2020,SMX,CA,AWP,WE,Federal Contract Tower,2,1,8,0,11,0,3,18,2,23,2,4,26,2,34,4,2,6,40
01/06/2020,SMX,CA,AWP,WE,Federal Contract Tower,2,9,7,0,18,0,14,24,2,40,2,23,31,2,58,50,12,62,120
01/07/2020,SMX,CA,AWP,WE,Federal Contract Tower,0,10,6,2,18,0,16,51,0,67,0,26,57,2,85,92,2,94,179
01/08/2020,SMX,CA,AWP,WE,Federal Contract Tower,0,13,5,0,18,0,15,40,0,55,0,28,45,0,73,36,0,36,109
01/09/2020,SMX,CA,AWP,WE,Federal Contract Tower,0,12,12,2,26,0,3,9,0,12,0,15,21,2,38,14,0,14,52
01/10/2020,SMX,CA,AWP,WE,Federal Contract Tower,2,8,4,0,14,0,12,48,0,60,2,20,52,0,74,56,0,56,130
01/11/2020,SMX,CA,AWP,WE,Federal Contract Tower,0,4,3,0,7,0,5,33,0,38,0,9,36,0,45,56,0,56,101
01/12/2020,SMX,CA,AWP,WE,Federal Contract Tower,2,0,10,2,14,0,5,61,0,66,2,5,71,2,80,28,0,28,108
01/13/2020,SMX,CA,AWP,WE,Federal Contract Tower,2,4,11,3,20,0,12,38,1,51,2,16,49,4,71,44,2,46,117
01/14/2020,SMX,CA,AWP,WE,Federal Contract Tower,0,9,14,2,25,0,5,45,1,51,0,14,59,3,76,36,2,38,114
01/15/2020,SMX,CA,AWP,WE,Federal Contract Tower,2,11,7,1,21,0,17,63,2,82,2,28,70,3,103,50,0,50,153
01/16/2020,SMX,CA,AWP,WE,Federal Contract Tower,0,12,1,2,15,0,5,2,0,7,0,17,3,2,22,2,0,2,24
01/17/2020,SMX,CA,AWP,WE,Federal Contract Tower,2,8,7,4,21,0,17,23,1,41,2,25,30,5,62,26,10,36,98
01/18/2020,SMX,CA,AWP,WE,Federal Contract Tower,0,3,10,0,13,0,3,43,0,46,0,6,53,0,59,34,0,34,93
01/19/2020,SMX,CA,AWP,WE,Federal Contract Tower,2,1,7,0,10,0,4,45,0,49,2,5,52,0,59,38,0,38,97
01/20/2020,SMX,CA,AWP,WE,Federal Contract Tower,2,5,12,0,19,0,12,25,0,37,2,17,37,0,56,14,0,14,70
01/21/2020,SMX,CA,AWP,WE,Federal Contract Tower,0,9,13,0,22,0,9,33,0,42,0,18,46,0,64,30,4,34,98
01/22/2020,SMX,CA,AWP,WE,Federal Contract Tower,0,11,12,0,23,0,11,31,0,42,0,22,43,0,65,28,0,28,93
01/23/2020,SMX,CA,AWP,WE,Federal Contract Tower,1,10,12,3,26,0,7,59,4,70,1,17,71,7,96,30,0,30,126
01/24/2020,SMX,CA,AWP,WE,Federal Contract Tower,0,4,16,0,20,0,7,41,0,48,0,11,57,0,68,40,0,40,108
01/25/2020,SMX,CA,AWP,WE,Federal Contract Tower,0,2,4,0,6,0,16,44,0,60,0,18,48,0,66,44,0,44,110
01/26/2020,SMX,CA,AWP,WE,Federal Contract Tower,2,1,15,2,20,0,4,8,0,12,2,5,23,2,32,4,0,4,36
01/27/2020,SMX,CA,AWP,WE,Federal Contract Tower,4,6,8,1,19,0,17,27,1,45,4,23,35,2,64,26,0,26,90
01/28/2020,SMX,CA,AWP,WE,Federal Contract Tower,0,9,9,4,22,0,9,29,7,45,0,18,38,11,67,16,8,24,91
01/29/2020,SMX,CA,AWP,WE,Federal Contract Tower,2,11,8,0,21,0,10,35,4,49,2,21,43,4,70,52,0,52,122
01/30/2020,SMX,CA,AWP,WE,Federal Contract Tower,0,12,8,2,22,0,7,28,6,41,0,19,36,8,63,6,0,6,69
01/31/2020,SMX,CA,AWP,WE,Federal Contract Tower,2,9,6,2,19,0,11,54,2,67,2,20,60,4,86,16,0,16,102
02/01/2020,SMX,CA,AWP,WE,Federal Contract Tower,0,1,13,6,20,0,4,83,0,87,0,5,96,6,107,62,6,68,175
02/02/2020,SMX,CA,AWP,WE,Federal Contract Tower,2,4,10,2,18,0,0,10,0,10,2,4,20,2,28,6,0,6,34
02/03/2020,SMX,CA,AWP,WE,Federal Contract Tower,2,6,3,4,15,0,15,17,5,37,2,21,20,9,52,2,14,16,68
02/04/2020,SMX,CA,AWP,WE,Federal Contract Tower,0,12,9,11,32,0,9,25,3,37,0,21,34,14,69,38,14,52,121
02/05/2020,SMX,CA,AWP,WE,Federal Contract Tower,2,11,12,6,31,0,18,30,11,59,2,29,42,17,90,28,18,46,136
02/06/2020,SMX,CA,AWP,WE,Federal Contract Tower,0,11,12,12,35,0,6,30,13,49,0,17,42,25,84,44,28,72,156
02/07/2020,SMX,CA,AWP,WE,Federal Contract Tower,2,12,14,0,28,0,17,43,6,66,2,29,57,6,94,44,2,46,140
02/08/2020,SMX,CA,AWP,WE,Federal Contract Tower,0,3,3,0,6,0,6,37,0,43,0,9,40,0,49,26,0,26,75
02/09/2020,SMX,CA,AWP,WE,Federal Contract Tower,2,3,1,0,6,0,8,29,0,37,2,11,30,0,43,34,0,34,77
02/10/2020,SMX,CA,AWP,WE,Federal Contract Tower,2,8,11,0,21,0,6,32,8,46,2,14,43,8,67,64,8,72,139
02/11/2020,SMX,CA,AWP,WE,Federal Contract Tower,0,8,9,3,20,0,15,36,6,57,0,23,45,9,77,36,14,50,127
02/12/2020,SMX,CA,AWP,WE,Federal Contract Tower,2,8,15,2,27,0,16,33,4,53,2,24,48,6,80,46,4,50,130
02/13/2020,SMX,CA,AWP,WE,Federal Contract Tower,0,15,8,8,31,0,7,33,4,44,0,22,41,12,75,30,22,52,127
02/14/2020,SMX,CA,AWP,WE,Federal Contract Tower,4,14,15,4,37,0,13,31,0,44,4,27,46,4,81,24,2,26,107
02/15/2020,SMX,CA,AWP,WE,Federal Contract Tower,0,3,16,0,19,0,8,42,0,50,0,11,58,0,69,60,0,60,129
02/16/2020,SMX,CA,AWP,WE,Federal Contract Tower,2,0,8,0,10,0,3,43,0,46,2,3,51,0,56,32,0,32,88
02/17/2020,SMX,CA,AWP,WE,Federal Contract Tower,0,8,5,0,13,0,12,42,0,54,0,20,47,0,67,38,0,38,105
02/18/2020,SMX,CA,AWP,WE,Federal Contract Tower,0,12,12,1,25,0,10,38,17,65,0,22,50,18,90,26,8,34,124
02/19/2020,SMX,CA,AWP,WE,Federal Contract Tower,2,19,6,4,31,0,9,51,16,76,2,28,57,20,107,56,0,56,163
02/20/2020,SMX,CA,AWP,WE,Federal Contract Tower,0,11,9,6,26,0,7,51,19,77,0,18,60,25,103,32,12,44,147
02/21/2020,SMX,CA,AWP,WE,Federal Contract Tower,2,10,12,4,28,0,7,48,6,61,2,17,60,10,89,32,0,32,121
02/22/2020,SMX,CA,AWP,WE,Federal Contract Tower,2,5,8,2,17,0,4,23,0,27,2,9,31,2,44,34,4,38,82
02/23/2020,SMX,CA,AWP,WE,Federal Contract Tower,2,0,4,0,6,0,5,30,0,35,2,5,34,0,41,62,0,62,103
02/24/2020,SMX,CA,AWP,WE,Federal Contract Tower,0,11,4,0,15,0,12,39,16,67,0,23,43,16,82,32,0,32,114
02/25/2020,SMX,CA,AWP,WE,Federal Contract Tower,0,12,9,2,23,0,11,40,12,63,0,23,49,14,86,58,4,62,148
02/26/2020,SMX,CA,AWP,WE,Federal Contract Tower,4,13,6,2,25,0,16,26,14,56,4,29,32,16,81,50,8,58,139
02/27/2020,SMX,CA,AWP,WE,Federal Contract Tower,0,10,8,0,18,0,5,51,16,72,0,15,59,16,90,16,8,24,114
02/29/2020,SMX,CA,AWP,WE,Federal Contract Tower,0,6,8,0,14,0,1,20,0,21,0,7,28,0,35,12,0,12,47
03/01/2020,SMX,CA,AWP,WE,Federal Contract Tower,2,1,4,0,7,0,10,14,0,24,2,11,18,0,31,26,0,26,57
03/02/2020,SMX,CA,AWP,WE,Federal Contract Tower,0,7,5,4,16,0,15,29,17,61,0,22,34,21,77,16,14,30,107
03/03/2020,SMX,CA,AWP,WE,Federal Contract Tower,0,9,6,7,22,0,7,36,10,53,0,16,42,17,75,14,6,20,95
03/04/2020,SMX,CA,AWP,WE,Federal Contract Tower,2,12,10,4,28,0,11,49,16,76,2,23,59,20,104,32,16,48,152
03/05/2020,SMX,CA,AWP,WE,Federal Contract Tower,0,15,6,0,21,0,5,29,14,48,0,20,35,14,69,5,8,13,82
03/06/2020,SMX,CA,AWP,WE,Federal Contract Tower,2,10,21,6,39,0,4,40,8,52,2,14,61,14,91,26,0,26,117
03/07/2020,SMX,CA,AWP,WE,Federal Contract Tower,0,3,19,0,22,0,2,7,0,9,0,5,26,0,31,14,0,14,45
03/08/2020,SMX,CA,AWP,WE,Federal Contract Tower,2,0,11,0,13,0,3,37,0,40,2,3,48,0,53,18,0,18,71
03/09/2020,SMX,CA,AWP,WE,Federal Contract Tower,0,7,12,3,22,0,7,14,6,27,0,14,26,9,49,38,2,40,89
03/10/2020,SMX,CA,AWP,WE,Federal Contract Tower,0,12,3,0,15,0,7,4,0,11,0,19,7,0,26,0,0,0,26
03/11/2020,SMX,CA,AWP,WE,Federal Contract Tower,2,12,18,1,33,0,10,14,0,24,2,22,32,1,57,20,0,20,77
03/12/2020,SMX,CA,AWP,WE,Federal Contract Tower,0,10,8,2,20,0,7,31,2,40,0,17,39,4,60,12,6,18,78
03/13/2020,SMX,CA,AWP,WE,Federal Contract Tower,2,11,7,4,24,0,4,11,1,16,2,15,18,5,40,4,0,4,44
03/14/2020,SMX,CA,AWP,WE,Federal Contract Tower,0,3,0,2,5,0,2,17,1,20,0,5,17,3,25,20,2,22,47
03/15/2020,SMX,CA,AWP,WE,Federal Contract Tower,2,0,1,0,3,0,1,8,0,9,2,1,9,0,12,0,0,0,12
03/16/2020,SMX,CA,AWP,WE,Federal Contract Tower,0,7,10,0,17,0,5,1,0,6,0,12,11,0,23,6,0,6,29
03/17/2020,SMX,CA,AWP,WE,Federal Contract Tower,0,4,8,2,14,0,2,16,0,18,0,6,24,2,32,32,4,36,68
03/18/2020,SMX,CA,AWP,WE,Federal Contract Tower,2,13,9,1,25,0,15,40,2,57,2,28,49,3,82,32,0,32,114
03/19/2020,SMX,CA,AWP,WE,Federal Contract Tower,0,10,11,0,21,0,6,22,0,28,0,16,33,0,49,36,0,36,85
03/20/2020,SMX,CA,AWP,WE,Federal Contract Tower,0,10,1,0,11,0,7,27,0,34,0,17,28,0,45,6,0,6,51
03/21/2020,SMX,CA,AWP,WE,Federal Contract Tower,0,7,6,0,13,0,9,34,0,43,0,16,40,0,56,26,0,26,82
03/22/2020,SMX,CA,AWP,WE,Federal Contract Tower,0,0,3,0,3,0,0,15,0,15,0,0,18,0,18,6,0,6,24
03/23/2020,SMX,CA,AWP,WE,Federal Contract Tower,0,6,4,0,10,0,4,4,0,8,0,10,8,0,18,0,0,0,18
03/24/2020,SMX,CA,AWP,WE,Federal Contract Tower,0,11,2,0,13,0,3,1,0,4,0,14,3,0,17,0,0,0,17
03/25/2020,SMX,CA,AWP,WE,Federal Contract Tower,0,20,0,2,22,0,11,12,0,23,0,31,12,2,45,18,2,20,65
03/26/2020,SMX,CA,AWP,WE,Federal Contract Tower,0,10,7,0,17,0,3,17,0,20,0,13,24,0,37,14,0,14,51
03/27/2020,SMX,CA,AWP,WE,Federal Contract Tower,0,8,2,6,16,0,3,52,0,55,0,11,54,6,71,18,26,44,115
03/28/2020,SMX,CA,AWP,WE,Federal Contract Tower,0,3,10,2,15,0,1,47,0,48,0,4,57,2,63,38,4,42,105
03/29/2020,SMX,CA,AWP,WE,Federal Contract Tower,0,0,3,2,5,0,4,35,0,39,0,4,38,2,44,14,12,26,70
03/30/2020,SMX,CA,AWP,WE,Federal Contract Tower,0,7,2,0,9,0,2,31,0,33,0,9,33,0,42,10,0,10,52
03/31/2020,SMX,CA,AWP,WE,Federal Contract Tower,0,10,0,3,13,0,2,26,0,28,0,12,26,3,41,4,2,6,47
04/01/2020,SMX,CA,AWP,WE,Federal Contract Tower,0,10,5,3,18,0,17,16,0,33,0,27,21,3,51,10,16,26,77
04/02/2020,SMX,CA,AWP,WE,Federal Contract Tower,0,10,3,0,13,0,2,32,0,34,0,12,35,0,47,2,0,2,49
04/03/2020,SMX,CA,AWP,WE,Federal Contract Tower,0,11,6,0,17,0,5,37,0,42,0,16,43,0,59,18,0,18,77
04/04/2020,SMX,CA,AWP,WE,Federal Contract Tower,0,6,6,2,14,0,6,35,0,41,0,12,41,2,55,34,4,38,93
04/05/2020,SMX,CA,AWP,WE,Federal Contract Tower,0,2,2,0,4,0,0,4,0,4,0,2,6,0,8,0,0,0,8
04/06/2020,SMX,CA,AWP,WE,Federal Contract Tower,0,7,1,0,8,0,0,4,0,4,0,7,5,0,12,2,0,2,14
04/07/2020,SMX,CA,AWP,WE,Federal Contract Tower,0,10,1,0,11,0,4,19,0,23,0,14,20,0,34,12,2,14,48
04/08/2020,SMX,CA,AWP,WE,Federal Contract Tower,0,10,2,0,12,0,10,18,0,28,0,20,20,0,40,8,2,10,50
04/09/2020,SMX,CA,AWP,WE,Federal Contract Tower,0,12,2,0,14,0,2,0,0,2,0,14,2,0,16,0,2,2,18
04/10/2020,SMX,CA,AWP,WE,Federal Contract Tower,0,9,2,0,11,0,5,46,0,51,0,14,48,0,62,16,0,16,78
04/11/2020,SMX,CA,AWP,WE,Federal Contract Tower,0,6,8,0,14,0,0,49,0,49,0,6,57,0,63,42,2,44,107
04/12/2020,SMX,CA,AWP,WE,Federal Contract Tower,0,0,10,0,10,0,0,8,0,8,0,0,18,0,18,0,2,2,20
04/13/2020,SMX,CA,AWP,WE,Federal Contract Tower,0,7,9,0,16,0,0,0,0,0,0,7,9,0,16,0,2,2,18
04/14/2020,SMX,CA,AWP,WE,Federal Contract Tower,0,12,14,0,26,0,5,44,0,49,0,17,58,0,75,32,0,32,107
04/15/2020,SMX,CA,AWP,WE,Federal Contract Tower,0,11,6,0,17,0,13,60,0,73,0,24,66,0,90,38,2,40,130
04/16/2020,SMX,CA,AWP,WE,Federal Contract Tower,0,17,11,0,28,0,3,29,0,32,0,20,40,0,60,18,0,18,78
04/17/2020,SMX,CA,AWP,WE,Federal Contract Tower,0,8,9,4,21,0,0,7,0,7,0,8,16,4,28,12,4,16,44
04/18/2020,SMX,CA,AWP,WE,Federal Contract Tower,0,8,7,0,15,0,6,15,0,21,0,14,22,0,36,24,0,24,60
04/19/2020,SMX,CA,AWP,WE,Federal Contract Tower,0,1,14,0,15,0,6,36,0,42,0,7,50,0,57,42,0,42,99
04/20/2020,SMX,CA,AWP,WE,Federal Contract Tower,0,7,8,0,15,0,0,5,0,5,0,7,13,0,20,0,14,14,34
04/21/2020,SMX,CA,AWP,WE,Federal Contract Tower,0,10,2,1,13,0,0,42,0,42,0,10,44,1,55,8,2,10,65
04/22/2020,SMX,CA,AWP,WE,Federal Contract Tower,0,12,1,0,13,0,13,43,0,56,0,25,44,0,69,32,0,32,101
04/23/2020,SMX,CA,AWP,WE,Federal Contract Tower,0,11,6,0,17,0,5,48,0,53,0,16,54,0,70,74,0,74,144
04/24/2020,SMX,CA,AWP,WE,Federal Contract Tower,0,11,5,0,16,0,5,44,0,49,0,16,49,0,65,28,0,28,93
04/25/2020,SMX,CA,AWP,WE,Federal Contract Tower,0,4,12,1,17,0,1,86,0,87,0,5,98,1,104,34,2,36,140
04/26/2020,SMX,CA,AWP,WE,Federal Contract Tower,0,0,1,0,1,0,1,50,0,51,0,1,51,0,52,40,0,40,92
04/27/2020,SMX,CA,AWP,WE,Federal Contract Tower,0,8,6,1,15,0,2,18,0,20,0,10,24,1,35,12,4,16,51
04/28/2020,SMX,CA,AWP,WE,Federal Contract Tower,0,11,9,0,20,0,12,34,0,46,0,23,43,0,66,60,0,60,126
04/29/2020,SMX,CA,AWP,WE,Federal Contract Tower,0,19,1,0,20,0,10,28,0,38,0,29,29,0,58,90,0,90,148
04/30/2020,SMX,CA,AWP,WE,Federal Contract Tower,0,11,12,0,23,0,4,21,0,25,0,15,33,0,48,58,0,58,106
05/01/2020,SMX,CA,AWP,WE,Federal Contract Tower,0,9,8,0,17,0,7,27,0,34,0,16,35,0,51,26,0,26,77
05/02/2020,SMX,CA,AWP,WE,Federal Contract Tower,0,4,10,0,14,0,0,43,0,43,0,4,53,0,57,6,0,6,63
05/03/2020,SMX,CA,AWP,WE,Federal Contract Tower,0,0,4,0,4,0,5,22,0,27,0,5,26,0,31,28,0,28,59
05/04/2020,SMX,CA,AWP,WE,Federal Contract Tower,0,6,11,0,17,0,4,31,0,35,0,10,42,0,52,20,0,20,72
05/05/2020,SMX,CA,AWP,WE,Federal Contract Tower,0,11,12,2,25,0,7,36,0,43,0,18,48,2,68,24,6,30,98
05/06/2020,SMX,CA,AWP,WE,Federal Contract Tower,0,12,4,0,16,0,10,25,0,35,0,22,29,0,51,8,0,8,59
05/07/2020,SMX,CA,AWP,WE,Federal Contract Tower,0,9,4,0,13,0,4,43,0,47,0,13,47,0,60,8,0,8,68
05/08/2020,SMX,CA,AWP,WE,Federal Contract Tower,0,13,9,0,22,0,6,48,0,54,0,19,57,0,76,40,4,44,120
05/09/2020,SMX,CA,AWP,WE,Federal Contract Tower,0,4,17,0,21,0,1,34,0,35,0,5,51,0,56,18,0,18,74
05/10/2020,SMX,CA,AWP,WE,Federal Contract Tower,2,1,10,0,13,0,4,10,0,14,2,5,20,0,27,2,0,2,29
05/11/2020,SMX,CA,AWP,WE,Federal Contract Tower,0,6,11,0,17,0,4,28,0,32,0,10,39,0,49,22,0,22,71
05/12/2020,SMX,CA,AWP,WE,Federal Contract Tower,0,10,10,0,20,0,2,31,0,33,0,12,41,0,53,16,0,16,69
05/13/2020,SMX,CA,AWP,WE,Federal Contract Tower,0,14,1,0,15,0,12,33,0,45,0,26,34,0,60,20,0,20,80
05/14/2020,SMX,CA,AWP,WE,Federal Contract Tower,0,9,2,0,11,0,4,29,0,33,0,13,31,0,44,8,0,8,52
05/15/2020,SMX,CA,AWP,WE,Federal Contract Tower,2,11,9,0,22,0,5,30,0,35,2,16,39,0,57,16,0,16,73
05/16/2020,SMX,CA,AWP,WE,Federal Contract Tower,0,2,7,0,9,0,12,30,0,42,0,14,37,0,51,32,0,32,83
05/17/2020,SMX,CA,AWP,WE,Federal Contract Tower,2,0,4,0,6,0,0,30,0,30,2,0,34,0,36,18,0,18,54
05/18/2020,SMX,CA,AWP,WE,Federal Contract Tower,0,9,4,0,13,0,4,11,0,15,0,13,15,0,28,30,0,30,58
05/19/2020,SMX,CA,AWP,WE,Federal Contract Tower,0,15,11,0,26,0,5,41,0,46,0,20,52,0,72,42,0,42,114
05/20/2020,SMX,CA,AWP,WE,Federal Contract Tower,0,10,8,4,22,0,2,35,0,37,0,12,43,4,59,18,2,20,79
05/21/2020,SMX,CA,AWP,WE,Federal Contract Tower,0,12,6,0,18,0,1,30,1,32,0,13,36,1,50,20,4,24,74
05/22/2020,SMX,CA,AWP,WE,Federal Contract Tower,2,1,9,0,12,0,0,33,0,33,2,1,42,0,45,32,0,32,77
05/23/2020,SMX,CA,AWP,WE,Federal Contract Tower,0,3,7,0,10,0,4,45,0,49,0,7,52,0,59,46,0,46,105
05/24/2020,SMX,CA,AWP,WE,Federal Contract Tower,2,1,6,0,9,0,8,46,0,54,2,9,52,0,63,20,0,20,83
05/25/2020,SMX,CA,AWP,WE,Federal Contract Tower,0,0,6,0,6,0,1,51,0,52,0,1,57,0,58,76,0,76,134
05/26/2020,SMX,CA,AWP,WE,Federal Contract Tower,0,6,4,0,10,0,0,27,0,27,0,6,31,0,37,72,0,72,109
05/27/2020,SMX,CA,AWP,WE,Federal Contract Tower,0,14,10,0,24,0,9,40,0,49,0,23,50,0,73,56,12,68,141
05/28/2020,SMX,CA,AWP,WE,Federal Contract Tower,0,15,7,0,22,0,9,33,0,42,0,24,40,0,64,40,0,40,104
05/29/2020,SMX,CA,AWP,WE,Federal Contract Tower,2,12,19,0,33,0,2,8,0,10,2,14,27,0,43,16,0,16,59
05/30/2020,SMX,CA,AWP,WE,Federal Contract Tower,0,3,16,0,19,0,3,17,0,20,0,6,33,0,39,16,0,16,55
05/31/2020,SMX,CA,AWP,WE,Federal Contract Tower,2,0,14,0,16,0,6,34,0,40,2,6,48,0,56,52,0,52,108
06/01/2020,SMX,CA,AWP,WE,Federal Contract Tower,0,7,9,0,16,0,5,21,0,26,0,12,30,0,42,56,0,56,98
06/02/2020,SMX,CA,AWP,WE,Federal Contract Tower,0,16,12,0,28,0,3,30,0,33,0,19,42,0,61,26,0,26,87
06/03/2020,SMX,CA,AWP,WE,Federal Contract Tower,0,9,9,1,19,0,5,37,0,42,0,14,46,1,61,32,2,34,95
06/04/2020,SMX,CA,AWP,WE,Federal Contract Tower,0,8,9,1,18,0,7,47,0,54,0,15,56,1,72,22,0,22,94
06/05/2020,SMX,CA,AWP,WE,Federal Contract Tower,2,13,27,0,42,0,4,8,0,12,2,17,35,0,54,26,0,26,80
06/06/2020,SMX,CA,AWP,WE,Federal Contract Tower,0,2,16,0,18,0,5,50,0,55,0,7,66,0,73,36,0,36,109
06/07/2020,SMX,CA,AWP,WE,Federal Contract Tower,2,1,3,0,6,0,2,30,0,32,2,3,33,0,38,0,0,0,38
06/08/2020,SMX,CA,AWP,WE,Federal Contract Tower,0,5,8,0,13,0,4,46,7,57,0,9,54,7,70,58,0,58,128
06/09/2020,SMX,CA,AWP,WE,Federal Contract Tower,0,8,5,1,14,0,11,36,0,47,0,19,41,1,61,46,2,48,109
06/10/2020,SMX,CA,AWP,WE,Federal Contract Tower,0,13,5,0,18,0,15,120,0,135,0,28,125,0,153,110,0,110,263
06/11/2020,SMX,CA,AWP,WE,Federal Contract Tower,0,13,2,0,15,0,8,57,0,65,0,21,59,0,80,22,0,22,102
06/12/2020,SMX,CA,AWP,WE,Federal Contract Tower,2,15,26,1,44,0,6,47,0,53,2,21,73,1,97,54,0,54,151
06/13/2020,SMX,CA,AWP,WE,Federal Contract Tower,0,6,12,1,19,0,9,51,0,60,0,15,63,1,79,30,0,30,109
06/14/2020,SMX,CA,AWP,WE,Federal Contract Tower,2,0,16,0,18,0,2,97,0,99,2,2,113,0,117,2,0,2,119
06/15/2020,SMX,CA,AWP,WE,Federal Contract Tower,0,7,6,0,13,0,7,115,0,122,0,14,121,0,135,4,0,4,139
06/16/2020,SMX,CA,AWP,WE,Federal Contract Tower,0,9,13,2,24,0,6,39,0,45,0,15,52,2,69,48,6,54,123
06/17/2020,SMX,CA,AWP,WE,Federal Contract Tower,0,14,13,0,27,0,6,60,0,66,0,20,73,0,93,52,0,52,145
06/18/2020,SMX,CA,AWP,WE,Federal Contract Tower,0,12,13,1,26,0,11,44,0,55,0,23,57,1,81,48,0,48,129
06/19/2020,SMX,CA,AWP,WE,Federal Contract Tower,2,13,15,0,30,0,3,16,0,19,2,16,31,0,49,18,0,18,67
06/20/2020,SMX,CA,AWP,WE,Federal Contract Tower,0,3,21,0,24,0,2,18,0,20,0,5,39,0,44,20,0,20,64
06/21/2020,SMX,CA,AWP,WE,Federal Contract Tower,2,3,14,0,19,0,1,32,0,33,2,4,46,0,52,26,0,26,78
06/22/2020,SMX,CA,AWP,WE,Federal Contract Tower,0,12,17,1,30,0,2,34,0,36,0,14,51,1,66,22,2,24,90
06/23/2020,SMX,CA,AWP,WE,Federal Contract Tower,0,11,16,2,29,0,5,35,1,41,0,16,51,3,70,76,6,82,152
06/24/2020,SMX,CA,AWP,WE,Federal Contract Tower,0,18,20,1,39,0,6,34,1,41,0,24,54,2,80,60,10,70,150
06/25/2020,SMX,CA,AWP,WE,Federal Contract Tower,2,13,18,2,35,0,8,39,2,49,2,21,57,4,84,54,20,74,158
06/26/2020,SMX,CA,AWP,WE,Federal Contract Tower,2,13,11,0,26,0,6,32,0,38,2,19,43,0,64,72,0,72,136
06/27/2020,SMX,CA,AWP,WE,Federal Contract Tower,0,5,8,0,13,0,3,40,0,43,0,8,48,0,56,50,0,50,106
06/28/2020,SMX,CA,AWP,WE,Federal Contract Tower,4,1,12,0,17,0,1,5,0,6,4,2,17,0,23,0,0,0,23
06/29/2020,SMX,CA,AWP,WE,Federal Contract Tower,0,9,5,0,14,0,6,37,0,43,0,15,42,0,57,40,0,40,97
06/30/2020,SMX,CA,AWP,WE,Federal Contract Tower,0,12,13,1,26,0,12,45,1,58,0,24,58,2,84,20,0,20,104
07/01/2020,SMX,CA,AWP,WE,Federal Contract Tower,2,16,17,2,37,0,2,21,1,24,2,18,38,3,61,60,2,62,123
07/02/2020,SMX,CA,AWP,WE,Federal Contract Tower,0,16,24,0,40,0,2,25,0,27,0,18,49,0,67,18,0,18,85
07/03/2020,SMX,CA,AWP,WE,Federal Contract Tower,0,12,11,0,23,0,8,65,0,73,0,20,76,0,96,12,0,12,108
07/04/2020,SMX,CA,AWP,WE,Federal Contract Tower,2,0,5,0,7,0,1,39,0,40,2,1,44,0,47,14,0,14,61
07/05/2020,SMX,CA,AWP,WE,Federal Contract Tower,2,1,4,0,7,0,4,43,0,47,2,5,47,0,54,46,0,46,100
07/06/2020,SMX,CA,AWP,WE,Federal Contract Tower,0,8,10,1,19,0,9,43,0,52,0,17,53,1,71,44,8,52,123
07/07/2020,SMX,CA,AWP,WE,Federal Contract Tower,0,12,7,0,19,0,7,38,0,45,0,19,45,0,64,38,0,38,102
07/08/2020,SMX,CA,AWP,WE,Federal Contract Tower,2,18,15,4,39,0,17,29,0,46,2,35,44,4,85,34,4,38,123
07/09/2020,SMX,CA,AWP,WE,Federal Contract Tower,0,12,19,0,31,0,14,62,0,76,0,26,81,0,107,44,0,44,151
07/10/2020,SMX,CA,AWP,WE,Federal Contract Tower,2,9,3,4,18,0,6,39,1,46,2,15,42,5,64,12,18,30,94
07/11/2020,SMX,CA,AWP,WE,Federal Contract Tower,0,2,8,0,10,0,3,48,0,51,0,5,56,0,61,16,0,16,77
07/12/2020,SMX,CA,AWP,WE,Federal Contract Tower,2,2,12,0,16,0,8,66,0,74,2,10,78,0,90,28,0,28,118
07/13/2020,SMX,CA,AWP,WE,Federal Contract Tower,0,6,9,1,16,0,2,22,1,25,0,8,31,2,41,0,26,26,67
07/16/2020,SMX,CA,AWP,WE,Federal Contract Tower,0,16,11,0,27,0,5,29,4,38,0,21,40,4,65,10,0,10,75
07/17/2020,SMX,CA,AWP,WE,Federal Contract Tower,2,10,11,0,23,0,6,36,0,42,2,16,47,0,65,28,0,28,93
07/18/2020,SMX,CA,AWP,WE,Federal Contract Tower,0,3,8,0,11,0,2,49,0,51,0,5,57,0,62,44,0,44,106
07/19/2020,SMX,CA,AWP,WE,Federal Contract Tower,2,2,18,0,22,0,0,27,0,27,2,2,45,0,49,22,0,22,71
07/20/2020,SMX,CA,AWP,WE,Federal Contract Tower,0,10,16,2,28,0,1,32,2,35,0,11,48,4,63,20,8,28,91
07/21/2020,SMX,CA,AWP,WE,Federal Contract Tower,0,15,22,2,39,0,1,29,1,31,0,16,51,3,70,8,24,32,102
07/22/2020,SMX,CA,AWP,WE,Federal Contract Tower,2,21,18,0,41,0,7,56,0,63,2,28,74,0,104,24,0,24,128
07/23/2020,SMX,CA,AWP,WE,Federal Contract Tower,0,14,22,0,36,0,1,35,0,36,0,15,57,0,72,48,0,48,120
07/24/2020,SMX,CA,AWP,WE,Federal Contract Tower,2,11,17,2,32,0,4,36,4,44,2,15,53,6,76,56,8,64,140
07/25/2020,SMX,CA,AWP,WE,Federal Contract Tower,2,6,15,0,23,0,9,41,0,50,2,15,56,0,73,28,0,28,101
07/26/2020,SMX,CA,AWP,WE,Federal Contract Tower,2,7,15,0,24,0,0,58,0,58,2,7,73,0,82,28,0,28,110
07/27/2020,SMX,CA,AWP,WE,Federal Contract Tower,1,10,17,0,28,0,6,42,0,48,1,16,59,0,76,28,0,28,104
07/28/2020,SMX,CA,AWP,WE,Federal Contract Tower,2,16,11,2,31,0,4,33,0,37,2,20,44,2,68,38,4,42,110
07/29/2020,SMX,CA,AWP,WE,Federal Contract Tower,2,13,21,0,36,0,3,39,3,45,2,16,60,3,81,22,0,22,103
07/30/2020,SMX,CA,AWP,WE,Federal Contract Tower,0,13,28,3,44,0,7,36,1,44,0,20,64,4,88,16,14,30,118
07/31/2020,SMX,CA,AWP,WE,Federal Contract Tower,2,11,22,1,36,0,3,45,2,50,2,14,67,3,86,12,8,20,106
08/01/2020,SMX,CA,AWP,WE,Federal Contract Tower,0,4,9,0,13,0,13,60,1,74,0,17,69,1,87,110,0,110,197
08/02/2020,SMX,CA,AWP,WE,Federal Contract Tower,2,0,13,1,16,0,10,39,0,49,2,10,52,1,65,34,4,38,103
08/03/2020,SMX,CA,AWP,WE,Federal Contract Tower,0,5,11,0,16,0,10,28,0,38,0,15,39,0,54,18,0,18,72
08/05/2020,SMX,CA,AWP,WE,Federal Contract Tower,2,22,16,0,40,0,11,38,8,57,2,33,54,8,97,28,0,28,125
08/06/2020,SMX,CA,AWP,WE,Federal Contract Tower,0,14,22,0,36,0,4,16,0,20,0,18,38,0,56,4,0,4,60
08/07/2020,SMX,CA,AWP,WE,Federal Contract Tower,2,11,15,2,30,0,3,48,0,51,2,14,63,2,81,36,4,40,121
08/08/2020,SMX,CA,AWP,WE,Federal Contract Tower,0,5,11,1,17,0,3,46,0,49,0,8,57,1,66,52,8,60,126
08/09/2020,SMX,CA,AWP,WE,Federal Contract Tower,2,2,19,0,23,0,3,51,0,54,2,5,70,0,77,70,0,70,147
08/10/2020,SMX,CA,AWP,WE,Federal Contract Tower,0,5,8,0,13,0,7,37,0,44,0,12,45,0,57,44,12,56,113
08/11/2020,SMX,CA,AWP,WE,Federal Contract Tower,0,16,10,0,26,0,1,13,0,14,0,17,23,0,40,2,0,2,42
08/12/2020,SMX,CA,AWP,WE,Federal Contract Tower,2,11,12,0,25,0,6,57,0,63,2,17,69,0,88,32,0,32,120
08/13/2020,SMX,CA,AWP,WE,Federal Contract Tower,0,10,16,0,26,0,8,33,0,41,0,18,49,0,67,42,0,42,109
08/14/2020,SMX,CA,AWP,WE,Federal Contract Tower,2,8,5,0,15,0,11,60,4,75,2,19,65,4,90,64,0,64,154
08/15/2020,SMX,CA,AWP,WE,Federal Contract Tower,0,3,3,0,6,0,6,44,0,50,0,9,47,0,56,4,0,4,60
08/16/2020,SMX,CA,AWP,WE,Federal Contract Tower,2,3,5,0,10,0,3,73,0,76,2,6,78,0,86,60,0,60,146
08/17/2020,SMX,CA,AWP,WE,Federal Contract Tower,0,6,3,2,11,0,8,57,0,65,0,14,60,2,76,12,0,12,88
08/18/2020,SMX,CA,AWP,WE,Federal Contract Tower,0,10,10,0,20,0,20,56,0,76,0,30,66,0,96,84,0,84,180
08/19/2020,SMX,CA,AWP,WE,Federal Contract Tower,2,16,13,0,31,0,12,22,0,34,2,28,35,0,65,8,0,8,73
08/20/2020,SMX,CA,AWP,WE,Federal Contract Tower,2,13,31,1,47,0,0,0,0,0,2,13,31,1,47,0,0,0,47
08/21/2020,SMX,CA,AWP,WE,Federal Contract Tower,0,17,11,0,28,0,0,7,0,7,0,17,18,0,35,4,0,4,39
08/22/2020,SMX,CA,AWP,WE,Federal Contract Tower,0,4,8,0,12,0,7,21,0,28,0,11,29,0,40,8,0,8,48
08/23/2020,SMX,CA,AWP,WE,Federal Contract Tower,4,0,9,0,13,0,8,39,0,47,4,8,48,0,60,24,0,24,84
08/24/2020,SMX,CA,AWP,WE,Federal Contract Tower,0,7,15,4,26,0,2,51,0,53,0,9,66,4,79,42,8,50,129
08/25/2020,SMX,CA,AWP,WE,Federal Contract Tower,0,15,16,2,33,0,2,14,0,16,0,17,30,2,49,10,4,14,63
08/26/2020,SMX,CA,AWP,WE,Federal Contract Tower,2,20,12,0,34,0,7,35,0,42,2,27,47,0,76,38,0,38,114
08/27/2020,SMX,CA,AWP,WE,Federal Contract Tower,0,16,15,3,34,0,4,36,0,40,0,20,51,3,74,62,0,62,136
08/28/2020,SMX,CA,AWP,WE,Federal Contract Tower,0,15,20,0,35,0,7,42,0,49,0,22,62,0,84,24,0,24,108
08/29/2020,SMX,CA,AWP,WE,Federal Contract Tower,0,4,24,0,28,0,4,39,0,43,0,8,63,0,71,26,0,26,97
08/30/2020,SMX,CA,AWP,WE,Federal Contract Tower,0,3,11,2,16,0,1,37,0,38,0,4,48,2,54,28,18,46,100
08/31/2020,SMX,CA,AWP,WE,Federal Contract Tower,0,12,12,2,26,0,2,36,0,38,0,14,48,2,64,6,0,6,70
09/01/2020,SMX,CA,AWP,WE,Federal Contract Tower,0,15,31,0,46,0,4,31,0,35,0,19,62,0,81,48,2,50,131
09/02/2020,SMX,CA,AWP,WE,Federal Contract Tower,0,21,21,3,45,0,4,35,0,39,0,25,56,3,84,10,2,12,96
09/03/2020,SMX,CA,AWP,WE,Federal Contract Tower,2,15,22,0,39,0,1,31,0,32,2,16,53,0,71,34,0,34,105
09/04/2020,SMX,CA,AWP,WE,Federal Contract Tower,0,15,19,0,34,0,8,54,0,62,0,23,73,0,96,48,0,48,144
09/05/2020,SMX,CA,AWP,WE,Federal Contract Tower,0,8,11,0,19,0,5,64,0,69,0,13,75,0,88,68,0,68,156
09/06/2020,SMX,CA,AWP,WE,Federal Contract Tower,2,2,7,0,11,0,4,40,0,44,2,6,47,0,55,62,0,62,117
09/07/2020,SMX,CA,AWP,WE,Federal Contract Tower,2,2,6,0,10,0,14,54,0,68,2,16,60,0,78,24,0,24,102
09/08/2020,SMX,CA,AWP,WE,Federal Contract Tower,0,12,27,1,40,0,2,16,0,18,0,14,43,1,58,0,2,2,60
09/09/2020,SMX,CA,AWP,WE,Federal Contract Tower,0,15,20,1,36,0,5,15,0,20,0,20,35,1,56,14,2,16,72
09/10/2020,SMX,CA,AWP,WE,Federal Contract Tower,0,12,17,0,29,0,0,2,0,2,0,12,19,0,31,0,0,0,31
09/11/2020,SMX,CA,AWP,WE,Federal Contract Tower,0,13,24,6,43,0,1,9,0,10,0,14,33,6,53,2,0,2,55
09/12/2020,SMX,CA,AWP,WE,Federal Contract Tower,2,6,18,0,26,0,4,36,0,40,2,10,54,0,66,2,0,2,68
09/13/2020,SMX,CA,AWP,WE,Federal Contract Tower,2,3,34,0,39,0,1,14,0,15,2,4,48,0,54,2,0,2,56
09/14/2020,SMX,CA,AWP,WE,Federal Contract Tower,0,10,43,2,55,0,0,0,0,0,0,10,43,2,55,0,0,0,55
09/15/2020,SMX,CA,AWP,WE,Federal Contract Tower,0,17,29,1,47,0,0,11,0,11,0,17,40,1,58,2,2,4,62
09/16/2020,SMX,CA,AWP,WE,Federal Contract Tower,0,11,10,0,21,0,8,43,0,51,0,19,53,0,72,30,0,30,102
09/17/2020,SMX,CA,AWP,WE,Federal Contract Tower,0,10,17,0,27,0,10,42,0,52,0,20,59,0,79,38,0,38,117
09/18/2020,SMX,CA,AWP,WE,Federal Contract Tower,0,9,5,2,16,0,7,31,0,38,0,16,36,2,54,18,8,26,80
09/20/2020,SMX,CA,AWP,WE,Federal Contract Tower,2,2,17,0,21,0,5,61,0,66,2,7,78,0,87,36,0,36,123
09/21/2020,SMX,CA,AWP,WE,Federal Contract Tower,0,7,13,2,22,0,4,23,2,29,0,11,36,4,51,34,0,34,85
09/22/2020,SMX,CA,AWP,WE,Federal Contract Tower,0,17,19,3,39,0,8,24,0,32,0,25,43,3,71,34,0,34,105
09/23/2020,SMX,CA,AWP,WE,Federal Contract Tower,0,10,5,3,18,0,11,47,0,58,0,21,52,3,76,22,8,30,106
09/24/2020,SMX,CA,AWP,WE,Federal Contract Tower,0,16,14,0,30,0,14,39,1,54,0,30,53,1,84,18,6,24,108
09/25/2020,SMX,CA,AWP,WE,Federal Contract Tower,0,13,11,2,26,0,11,36,1,48,0,24,47,3,74,42,8,50,124
09/26/2020,SMX,CA,AWP,WE,Federal Contract Tower,0,3,9,0,12,0,5,28,0,33,0,8,37,0,45,20,0,20,65
09/27/2020,SMX,CA,AWP,WE,Federal Contract Tower,2,3,17,0,22,0,4,55,0,59,2,7,72,0,81,28,0,28,109
09/28/2020,SMX,CA,AWP,WE,Federal Contract Tower,0,9,14,1,24,0,4,29,0,33,0,13,43,1,57,8,4,12,69
09/29/2020,SMX,CA,AWP,WE,Federal Contract Tower,0,14,5,0,19,0,0,25,0,25,0,14,30,0,44,22,0,22,66
09/30/2020,SMX,CA,AWP,WE,Federal Contract Tower,0,11,8,1,20,0,13,47,1,61,0,24,55,2,81,48,8,56,137
10/01/2020,SMX,CA,AWP,WE,Federal Contract Tower,0,9,13,0,22,0,2,20,0,22,0,11,33,0,44,34,6,40,84
10/02/2020,SMX,CA,AWP,WE,Federal Contract Tower,0,11,12,2,25,0,9,21,0,30,0,20,33,2,55,22,0,22,77
10/03/2020,SMX,CA,AWP,WE,Federal Contract Tower,0,5,3,0,8,0,3,13,0,16,0,8,16,0,24,30,0,30,54
10/04/2020,SMX,CA,AWP,WE,Federal Contract Tower,2,1,6,0,9,0,5,35,0,40,2,6,41,0,49,50,0,50,99
10/05/2020,SMX,CA,AWP,WE,Federal Contract Tower,0,9,8,0,17,0,4,35,0,39,0,13,43,0,56,78,0,78,134
10/07/2020,SMX,CA,AWP,WE,Federal Contract Tower,4,11,10,1,26,0,3,49,0,52,4,14,59,1,78,90,2,92,170
10/08/2020,SMX,CA,AWP,WE,Federal Contract Tower,0,11,30,1,42,0,3,13,0,16,0,14,43,1,58,44,6,50,108
10/09/2020,SMX,CA,AWP,WE,Federal Contract Tower,2,12,14,0,28,0,4,25,0,29,2,16,39,0,57,32,0,32,89
10/10/2020,SMX,CA,AWP,WE,Federal Contract Tower,0,4,13,0,17,0,8,41,0,49,0,12,54,0,66,34,0,34,100
10/11/2020,SMX,CA,AWP,WE,Federal Contract Tower,2,0,12,0,14,0,3,33,0,36,2,3,45,0,50,24,0,24,74
10/12/2020,SMX,CA,AWP,WE,Federal Contract Tower,1,5,5,0,11,0,8,40,0,48,1,13,45,0,59,14,0,14,73
10/13/2020,SMX,CA,AWP,WE,Federal Contract Tower,0,9,5,0,14,0,2,32,0,34,0,11,37,0,48,30,0,30,78
10/14/2020,SMX,CA,AWP,WE,Federal Contract Tower,2,9,8,0,19,0,22,46,0,68,2,31,54,0,87,26,0,26,113
10/16/2020,SMX,CA,AWP,WE,Federal Contract Tower,2,10,6,0,18,0,7,45,0,52,2,17,51,0,70,32,4,36,106
10/17/2020,SMX,CA,AWP,WE,Federal Contract Tower,0,3,7,0,10,0,8,48,0,56,0,11,55,0,66,34,0,34,100
10/18/2020,SMX,CA,AWP,WE,Federal Contract Tower,2,3,11,0,16,0,4,40,0,44,2,7,51,0,60,52,0,52,112
10/19/2020,SMX,CA,AWP,WE,Federal Contract Tower,0,9,8,2,19,0,6,26,0,32,0,15,34,2,51,8,0,8,59
10/20/2020,SMX,CA,AWP,WE,Federal Contract Tower,0,27,14,0,41,0,6,13,0,19,0,33,27,0,60,44,0,44,104
10/21/2020,SMX,CA,AWP,WE,Federal Contract Tower,2,17,7,0,26,0,6,29,0,35,2,23,36,0,61,21,0,21,82
10/22/2020,SMX,CA,AWP,WE,Federal Contract Tower,0,20,24,2,46,0,2,7,0,9,0,22,31,2,55,32,4,36,91
10/23/2020,SMX,CA,AWP,WE,Federal Contract Tower,2,15,9,0,26,0,5,30,2,37,2,20,39,2,63,32,4,36,99
10/24/2020,SMX,CA,AWP,WE,Federal Contract Tower,0,4,11,2,17,0,5,18,0,23,0,9,29,2,40,34,0,34,74
10/25/2020,SMX,CA,AWP,WE,Federal Contract Tower,2,0,14,0,16,0,10,19,2,31,2,10,33,2,47,20,4,24,71
10/26/2020,SMX,CA,AWP,WE,Federal Contract Tower,0,3,14,1,18,0,9,39,0,48,0,12,53,1,66,36,0,36,102
10/27/2020,SMX,CA,AWP,WE,Federal Contract Tower,0,12,11,4,27,0,15,28,1,44,0,27,39,5,71,25,20,45,116
10/28/2020,SMX,CA,AWP,WE,Federal Contract Tower,0,9,8,0,17,0,16,45,0,61,0,25,53,0,78,6,0,6,84
10/29/2020,SMX,CA,AWP,WE,Federal Contract Tower,0,10,7,3,20,0,11,47,1,59,0,21,54,4,79,24,18,42,121
10/30/2020,SMX,CA,AWP,WE,Federal Contract Tower,2,13,10,2,27,0,6,42,2,50,2,19,52,4,77,16,12,28,105
10/31/2020,SMX,CA,AWP,WE,Federal Contract Tower,0,2,10,0,12,0,9,54,0,63,0,11,64,0,75,54,0,54,129
11/01/2020,SMX,CA,AWP,WE,Federal Contract Tower,2,0,10,0,12,0,5,54,2,61,2,5,64,2,73,24,4,28,101
11/02/2020,SMX,CA,AWP,WE,Federal Contract Tower,0,5,8,2,15,0,17,30,0,47,0,22,38,2,62,10,0,10,72
11/03/2020,SMX,CA,AWP,WE,Federal Contract Tower,0,16,9,0,25,0,7,17,2,26,0,23,26,2,51,8,0,8,59
11/04/2020,SMX,CA,AWP,WE,Federal Contract Tower,0,14,9,0,23,0,4,45,0,49,0,18,54,0,72,12,0,12,84
11/05/2020,SMX,CA,AWP,WE,Federal Contract Tower,0,9,16,1,26,0,8,35,1,44,0,17,51,2,70,24,0,24,94
11/06/2020,SMX,CA,AWP,WE,Federal Contract Tower,2,12,16,2,32,0,4,3,0,7,2,16,19,2,39,12,0,12,51
11/07/2020,SMX,CA,AWP,WE,Federal Contract Tower,0,7,7,0,14,0,2,4,0,6,0,9,11,0,20,12,0,12,32
11/08/2020,SMX,CA,AWP,WE,Federal Contract Tower,2,2,4,0,8,0,2,11,0,13,2,4,15,0,21,0,0,0,21
11/09/2020,SMX,CA,AWP,WE,Federal Contract Tower,0,5,6,2,13,0,7,39,1,47,0,12,45,3,60,14,0,14,74
11/10/2020,SMX,CA,AWP,WE,Federal Contract Tower,0,12,8,0,20,0,11,36,4,51,0,23,44,4,71,20,10,30,101
11/11/2020,SMX,CA,AWP,WE,Federal Contract Tower,0,10,6,0,16,0,14,42,0,56,0,24,48,0,72,30,0,30,102
11/12/2020,SMX,CA,AWP,WE,Federal Contract Tower,0,8,10,0,18,0,7,27,0,34,0,15,37,0,52,28,0,28,80
11/13/2020,SMX,CA,AWP,WE,Federal Contract Tower,2,8,7,0,17,0,3,34,0,37,2,11,41,0,54,18,2,20,74
11/14/2020,SMX,CA,AWP,WE,Federal Contract Tower,0,5,9,0,14,0,4,36,0,40,0,9,45,0,54,46,2,48,102
11/15/2020,SMX,CA,AWP,WE,Federal Contract Tower,2,0,11,0,13,0,6,55,1,62,2,6,66,1,75,20,0,20,95
11/16/2020,SMX,CA,AWP,WE,Federal Contract Tower,0,6,5,0,11,0,10,46,4,60,0,16,51,4,71,32,0,32,103
11/17/2020,SMX,CA,AWP,WE,Federal Contract Tower,0,11,6,2,19,0,6,37,4,47,0,17,43,6,66,16,20,36,102
11/18/2020,SMX,CA,AWP,WE,Federal Contract Tower,0,15,19,0,34,0,6,8,0,14,0,21,27,0,48,14,0,14,62
11/19/2020,SMX,CA,AWP,WE,Federal Contract Tower,2,11,10,0,23,0,18,19,2,39,2,29,29,2,62,16,10,26,88
11/20/2020,SMX,CA,AWP,WE,Federal Contract Tower,2,10,13,2,27,0,12,32,0,44,2,22,45,2,71,22,4,26,97
11/21/2020,SMX,CA,AWP,WE,Federal Contract Tower,0,5,13,0,18,0,12,44,0,56,0,17,57,0,74,86,0,86,160
11/22/2020,SMX,CA,AWP,WE,Federal Contract Tower,4,2,8,0,14,0,6,38,0,44,4,8,46,0,58,24,4,28,86
11/23/2020,SMX,CA,AWP,WE,Federal Contract Tower,0,12,1,1,14,0,11,23,3,37,0,23,24,4,51,42,10,52,103
11/24/2020,SMX,CA,AWP,WE,Federal Contract Tower,0,15,9,0,24,0,9,36,0,45,0,24,45,0,69,30,0,30,99
11/25/2020,SMX,CA,AWP,WE,Federal Contract Tower,1,14,11,0,26,0,16,39,0,55,1,30,50,0,81,22,0,22,103
11/26/2020,SMX,CA,AWP,WE,Federal Contract Tower,0,0,1,0,1,0,5,3,0,8,0,5,4,0,9,0,0,0,9
11/27/2020,SMX,CA,AWP,WE,Federal Contract Tower,4,10,2,0,16,0,3,39,0,42,4,13,41,0,58,30,0,30,88
11/28/2020,SMX,CA,AWP,WE,Federal Contract Tower,0,8,5,0,13,0,3,69,0,72,0,11,74,0,85,90,0,90,175
11/29/2020,SMX,CA,AWP,WE,Federal Contract Tower,3,1,3,0,7,0,6,33,0,39,3,7,36,0,46,16,0,16,62
11/30/2020,SMX,CA,AWP,WE,Federal Contract Tower,0,7,10,0,17,0,8,35,0,43,0,15,45,0,60,30,2,32,92
12/01/2020,SMX,CA,AWP,WE,Federal Contract Tower,0,11,9,0,20,0,12,28,0,40,0,23,37,0,60,38,0,38,98
12/02/2020,SMX,CA,AWP,WE,Federal Contract Tower,0,11,10,0,21,0,10,54,0,64,0,21,64,0,85,28,0,28,113
12/03/2020,SMX,CA,AWP,WE,Federal Contract Tower,1,15,9,0,25,0,11,35,4,50,1,26,44,4,75,32,6,38,113
12/04/2020,SMX,CA,AWP,WE,Federal Contract Tower,4,14,6,0,24,0,14,26,0,40,4,28,32,0,64,68,0,68,132
12/05/2020,SMX,CA,AWP,WE,Federal Contract Tower,0,4,12,0,16,0,5,53,0,58,0,9,65,0,74,16,0,16,90
12/06/2020,SMX,CA,AWP,WE,Federal Contract Tower,3,0,7,0,10,0,6,26,0,32,3,6,33,0,42,16,0,16,58
12/07/2020,SMX,CA,AWP,WE,Federal Contract Tower,0,8,9,1,18,0,7,40,2,49,0,15,49,3,67,8,16,24,91
12/08/2020,SMX,CA,AWP,WE,Federal Contract Tower,2,17,4,0,23,0,7,30,0,37,2,24,34,0,60,28,0,28,88
12/09/2020,SMX,CA,AWP,WE,Federal Contract Tower,2,17,4,0,23,0,7,32,0,39,2,24,36,0,62,28,0,28,90
12/10/2020,SMX,CA,AWP,WE,Federal Contract Tower,0,15,19,0,34,0,1,33,0,34,0,16,52,0,68,16,0,16,84
12/12/2020,SMX,CA,AWP,WE,Federal Contract Tower,0,6,18,0,24,0,0,2,0,2,0,6,20,0,26,4,0,4,30
12/13/2020,SMX,CA,AWP,WE,Federal Contract Tower,2,0,7,0,9,0,7,23,0,30,2,7,30,0,39,30,0,30,69
12/14/2020,SMX,CA,AWP,WE,Federal Contract Tower,0,7,9,0,16,0,13,27,1,41,0,20,36,1,57,26,0,26,83
12/15/2020,SMX,CA,AWP,WE,Federal Contract Tower,0,14,8,4,26,0,12,37,3,52,0,26,45,7,78,22,20,42,120
12/16/2020,SMX,CA,AWP,WE,Federal Contract Tower,0,14,7,3,24,0,8,40,2,50,0,22,47,5,74,12,6,18,92
12/17/2020,SMX,CA,AWP,WE,Federal Contract Tower,3,19,10,0,32,0,11,3,3,17,3,30,13,3,49,2,18,20,69
12/18/2020,SMX,CA,AWP,WE,Federal Contract Tower,2,12,4,1,19,0,3,40,0,43,2,15,44,1,62,28,0,28,90
12/19/2020,SMX,CA,AWP,WE,Federal Contract Tower,0,7,9,0,16,0,6,54,0,60,0,13,63,0,76,30,0,30,106
12/21/2020,SMX,CA,AWP,WE,Federal Contract Tower,2,8,13,2,25,0,5,46,0,51,2,13,59,2,76,50,10,60,136
12/22/2020,SMX,CA,AWP,WE,Federal Contract Tower,0,13,12,2,27,0,6,36,0,42,0,19,48,2,69,36,0,36,105
12/23/2020,SMX,CA,AWP,WE,Federal Contract Tower,2,16,8,0,26,0,14,31,0,45,2,30,39,0,71,12,0,12,83
12/24/2020,SMX,CA,AWP,WE,Federal Contract Tower,2,11,0,0,13,0,7,13,0,20,2,18,13,0,33,0,0,0,33
12/25/2020,SMX,CA,AWP,WE,Federal Contract Tower,2,0,3,0,5,0,2,17,0,19,2,2,20,0,24,8,0,8,32
12/26/2020,SMX,CA,AWP,WE,Federal Contract Tower,0,3,9,0,12,0,11,15,0,26,0,14,24,0,38,4,0,4,42
12/27/2020,SMX,CA,AWP,WE,Federal Contract Tower,3,0,6,0,9,0,2,22,0,24,3,2,28,0,33,14,0,14,47
12/28/2020,SMX,CA,AWP,WE,Federal Contract Tower,3,7,8,2,20,0,8,1,0,9,3,15,9,2,29,0,4,4,33
12/29/2020,SMX,CA,AWP,WE,Federal Contract Tower,0,11,8,0,19,0,9,32,0,41,0,20,40,0,60,4,2,6,66
12/30/2020,SMX,CA,AWP,WE,Federal Contract Tower,2,14,10,0,26,0,9,38,0,47,2,23,48,0,73,32,0,32,105
12/31/2020,SMX,CA,AWP,WE,Federal Contract Tower,2,7,6,0,15,0,3,32,0,35,2,10,38,0,50,16,0,16,66
01/01/2021,SMX,CA,AWP,WE,Federal Contract Tower,2,0,8,0,10,0,3,37,0,40,2,3,45,0,50,44,0,44,94
01/02/2021,SMX,CA,AWP,WE,Federal Contract Tower,2,4,15,1,22,0,8,40,0,48,2,12,55,1,70,30,14,44,114
01/03/2021,SMX,CA,AWP,WE,Federal Contract Tower,3,0,13,0,16,0,4,16,0,20,3,4,29,0,36,28,0,28,64
01/04/2021,SMX,CA,AWP,WE,Federal Contract Tower,2,6,5,0,13,0,8,8,0,16,2,14,13,0,29,2,0,2,31
01/05/2021,SMX,CA,AWP,WE,Federal Contract Tower,0,15,9,2,26,0,3,26,0,29,0,18,35,2,55,36,20,56,111
01/06/2021,SMX,CA,AWP,WE,Federal Contract Tower,2,7,4,3,16,0,15,23,1,39,2,22,27,4,55,20,12,32,87
01/08/2021,SMX,CA,AWP,WE,Federal Contract Tower,2,7,10,0,19,0,13,41,0,54,2,20,51,0,73,18,0,18,91
01/09/2021,SMX,CA,AWP,WE,Federal Contract Tower,0,3,5,2,10,0,3,19,0,22,0,6,24,2,32,14,14,28,60
01/10/2021,SMX,CA,AWP,WE,Federal Contract Tower,2,1,14,0,17,0,8,31,0,39,2,9,45,0,56,20,0,20,76
01/11/2021,SMX,CA,AWP,WE,Federal Contract Tower,0,5,14,4,23,0,12,29,0,41,0,17,43,4,64,38,6,44,108
01/12/2021,SMX,CA,AWP,WE,Federal Contract Tower,0,12,11,1,24,0,1,36,0,37,0,13,47,1,61,8,0,8,69
01/13/2021,SMX,CA,AWP,WE,Federal Contract Tower,0,11,9,2,22,0,3,21,4,28,0,14,30,6,50,10,12,22,72
01/14/2021,SMX,CA,AWP,WE,Federal Contract Tower,2,11,10,2,25,0,9,27,1,37,2,20,37,3,62,80,8,88,150
01/15/2021,SMX,CA,AWP,WE,Federal Contract Tower,2,10,6,0,18,0,3,54,0,57,2,13,60,0,75,24,0,24,99
01/16/2021,SMX,CA,AWP,WE,Federal Contract Tower,0,5,11,2,18,0,10,48,0,58,0,15,59,2,76,40,4,44,120
01/17/2021,SMX,CA,AWP,WE,Federal Contract Tower,4,0,9,0,13,0,8,60,0,68,4,8,69,0,81,36,0,36,117
01/18/2021,SMX,CA,AWP,WE,Federal Contract Tower,0,5,11,0,16,0,14,44,0,58,0,19,55,0,74,34,0,34,108
01/19/2021,SMX,CA,AWP,WE,Federal Contract Tower,0,8,1,4,13,0,12,13,1,26,0,20,14,5,39,4,12,16,55
01/20/2021,SMX,CA,AWP,WE,Federal Contract Tower,0,10,3,1,14,0,16,27,2,45,0,26,30,3,59,6,6,12,71
01/21/2021,SMX,CA,AWP,WE,Federal Contract Tower,2,11,11,5,29,0,7,49,0,56,2,18,60,5,85,28,26,54,139
01/22/2021,SMX,CA,AWP,WE,Federal Contract Tower,2,7,2,0,11,0,6,10,0,16,2,13,12,0,27,0,0,0,27
01/23/2021,SMX,CA,AWP,WE,Federal Contract Tower,0,2,4,0,6,0,7,14,1,22,0,9,18,1,28,12,0,12,40
01/24/2021,SMX,CA,AWP,WE,Federal Contract Tower,2,0,14,0,16,0,4,33,0,37,2,4,47,0,53,8,0,8,61
01/25/2021,SMX,CA,AWP,WE,Federal Contract Tower,0,6,6,0,12,0,11,2,0,13,0,17,8,0,25,0,0,0,25
01/26/2021,SMX,CA,AWP,WE,Federal Contract Tower,0,10,13,0,23,0,7,45,0,52,0,17,58,0,75,42,20,62,137
01/27/2021,SMX,CA,AWP,WE,Federal Contract Tower,0,13,5,0,18,0,3,0,0,3,0,16,5,0,21,0,0,0,21
01/28/2021,SMX,CA,AWP,WE,Federal Contract Tower,2,11,4,0,17,0,0,0,0,0,2,11,4,0,17,0,0,0,17
01/29/2021,SMX,CA,AWP,WE,Federal Contract Tower,2,4,7,0,13,0,8,18,0,26,2,12,25,0,39,24,2,26,65
01/30/2021,SMX,CA,AWP,WE,Federal Contract Tower,2,3,6,0,11,0,10,32,0,42,2,13,38,0,53,40,0,40,93
01/31/2021,SMX,CA,AWP,WE,Federal Contract Tower,2,0,10,1,13,0,4,58,1,63,2,4,68,2,76,40,0,40,116
02/01/2021,SMX,CA,AWP,WE,Federal Contract Tower,0,5,3,0,8,0,9,34,0,43,0,14,37,0,51,16,0,16,67
02/02/2021,SMX,CA,AWP,WE,Federal Contract Tower,0,14,9,4,27,0,7,27,0,34,0,21,36,4,61,16,4,20,81
02/03/2021,SMX,CA,AWP,WE,Federal Contract Tower,2,10,2,0,14,0,14,31,0,45,2,24,33,0,59,10,0,10,69
02/04/2021,SMX,CA,AWP,WE,Federal Contract Tower,2,7,11,0,20,0,10,41,0,51,2,17,52,0,71,52,0,52,123
02/05/2021,SMX,CA,AWP,WE,Federal Contract Tower,2,6,8,0,16,0,15,41,0,56,2,21,49,0,72,42,0,42,114
02/06/2021,SMX,CA,AWP,WE,Federal Contract Tower,0,4,13,0,17,0,1,52,0,53,0,5,65,0,70,44,0,44,114
02/07/2021,SMX,CA,AWP,WE,Federal Contract Tower,2,1,3,0,6,0,9,35,0,44,2,10,38,0,50,42,0,42,92
02/08/2021,SMX,CA,AWP,WE,Federal Contract Tower,0,13,18,0,31,0,5,6,0,11,0,18,24,0,42,2,0,2,44
02/09/2021,SMX,CA,AWP,WE,Federal Contract Tower,0,13,11,2,26,0,1,12,1,14,0,14,23,3,40,2,4,6,46
02/10/2021,SMX,CA,AWP,WE,Federal Contract Tower,0,7,10,0,17,0,8,54,2,64,0,15,64,2,81,34,22,56,137
02/11/2021,SMX,CA,AWP,WE,Federal Contract Tower,2,6,12,3,23,0,5,31,0,36,2,11,43,3,59,34,8,42,101
02/12/2021,SMX,CA,AWP,WE,Federal Contract Tower,2,6,9,1,18,0,5,20,0,25,2,11,29,1,43,18,10,28,71
02/13/2021,SMX,CA,AWP,WE,Federal Contract Tower,0,2,1,4,7,0,6,14,0,20,0,8,15,4,27,12,0,12,39
02/14/2021,SMX,CA,AWP,WE,Federal Contract Tower,2,0,4,0,6,0,6,25,0,31,2,6,29,0,37,34,0,34,71
02/15/2021,SMX,CA,AWP,WE,Federal Contract Tower,2,6,7,0,15,0,3,12,0,15,2,9,19,0,30,14,0,14,44
02/16/2021,SMX,CA,AWP,WE,Federal Contract Tower,0,11,6,2,19,0,9,38,2,49,0,20,44,4,68,10,10,20,88
02/17/2021,SMX,CA,AWP,WE,Federal Contract Tower,0,7,9,2,18,0,17,36,2,55,0,24,45,4,73,6,24,30,103
02/18/2021,SMX,CA,AWP,WE,Federal Contract Tower,2,7,11,1,21,0,6,48,0,54,2,13,59,1,75,6,0,6,81
02/19/2021,SMX,CA,AWP,WE,Federal Contract Tower,2,7,20,2,31,0,10,36,0,46,2,17,56,2,77,16,2,18,95
02/21/2021,SMX,CA,AWP,WE,Federal Contract Tower,0,3,8,0,11,0,6,28,0,34,0,9,36,0,45,22,0,22,67
02/22/2021,SMX,CA,AWP,WE,Federal Contract Tower,2,7,14,3,26,0,14,31,2,47,2,21,45,5,73,42,28,70,143
02/23/2021,SMX,CA,AWP,WE,Federal Contract Tower,0,7,18,2,27,0,10,44,0,54,0,17,62,2,81,42,4,46,127
02/24/2021,SMX,CA,AWP,WE,Federal Contract Tower,0,9,8,0,17,0,11,50,0,61,0,20,58,0,78,24,0,24,102
02/25/2021,SMX,CA,AWP,WE,Federal Contract Tower,2,7,17,1,27,0,7,39,5,51,2,14,56,6,78,26,14,40,118
02/26/2021,SMX,CA,AWP,WE,Federal Contract Tower,1,8,15,0,24,0,5,29,0,34,1,13,44,0,58,12,0,12,70
02/27/2021,SMX,CA,AWP,WE,Federal Contract Tower,0,1,4,3,8,0,11,28,2,41,0,12,32,5,49,6,18,24,73
02/28/2021,SMX,CA,AWP,WE,Federal Contract Tower,2,0,9,0,11,0,5,51,0,56,2,5,60,0,67,50,0,50,117
03/01/2021,SMX,CA,AWP,WE,Federal Contract Tower,2,5,7,1,15,0,7,29,0,36,2,12,36,1,51,10,2,12,63
03/02/2021,SMX,CA,AWP,WE,Federal Contract Tower,0,7,8,0,15,0,13,23,0,36,0,20,31,0,51,20,0,20,71
03/03/2021,SMX,CA,AWP,WE,Federal Contract Tower,0,9,13,0,22,0,19,39,0,58,0,28,52,0,80,6,6,12,92
03/04/2021,SMX,CA,AWP,WE,Federal Contract Tower,2,9,13,0,24,0,5,59,0,64,2,14,72,0,88,24,0,24,112
03/05/2021,SMX,CA,AWP,WE,Federal Contract Tower,1,5,11,0,17,0,10,57,1,68,1,15,68,1,85,38,0,38,123
03/06/2021,SMX,CA,AWP,WE,Federal Contract Tower,0,5,16,0,21,0,4,10,0,14,0,9,26,0,35,12,0,12,47
03/07/2021,SMX,CA,AWP,WE,Federal Contract Tower,2,2,13,0,17,0,13,30,0,43,2,15,43,0,60,44,0,44,104
03/08/2021,SMX,CA,AWP,WE,Federal Contract Tower,2,1,12,2,17,0,8,22,3,33,2,9,34,5,50,8,4,12,62
03/09/2021,SMX,CA,AWP,WE,Federal Contract Tower,0,7,2,3,12,0,8,14,2,24,0,15,16,5,36,0,10,10,46
03/10/2021,SMX,CA,AWP,WE,Federal Contract Tower,0,13,10,3,26,0,5,4,0,9,0,18,14,3,35,0,4,4,39
03/11/2021,SMX,CA,AWP,WE,Federal Contract Tower,2,9,3,0,14,0,6,6,1,13,2,15,9,1,27,2,0,2,29
03/12/2021,SMX,CA,AWP,WE,Federal Contract Tower,1,7,22,2,32,0,4,29,0,33,1,11,51,2,65,22,4,26,91
03/13/2021,SMX,CA,AWP,WE,Federal Contract Tower,2,5,14,0,21,0,2,14,0,16,2,7,28,0,37,38,0,38,75
03/14/2021,SMX,CA,AWP,WE,Federal Contract Tower,2,1,12,0,15,0,6,24,0,30,2,7,36,0,45,38,0,38,83
03/15/2021,SMX,CA,AWP,WE,Federal Contract Tower,0,3,5,2,10,0,12,7,0,19,0,15,12,2,29,24,6,30,59
03/16/2021,SMX,CA,AWP,WE,Federal Contract Tower,0,10,13,0,23,0,9,43,2,54,0,19,56,2,77,10,2,12,89
03/17/2021,SMX,CA,AWP,WE,Federal Contract Tower,1,10,21,1,33,0,15,35,1,51,1,25,56,2,84,40,0,40,124
03/18/2021,SMX,CA,AWP,WE,Federal Contract Tower,3,9,14,2,28,0,8,33,4,45,3,17,47,6,73,12,6,18,91
03/19/2021,SMX,CA,AWP,WE,Federal Contract Tower,0,9,11,1,21,0,7,14,2,23,0,16,25,3,44,10,0,10,54
03/20/2021,SMX,CA,AWP,WE,Federal Contract Tower,0,2,9,0,11,0,4,41,0,45,0,6,50,0,56,2,0,2,58
03/21/2021,SMX,CA,AWP,WE,Federal Contract Tower,3,0,11,0,14,0,5,19,0,24,3,5,30,0,38,26,0,26,64
03/22/2021,SMX,CA,AWP,WE,Federal Contract Tower,0,5,3,3,11,0,10,12,2,24,0,15,15,5,35,0,4,4,39
03/23/2021,SMX,CA,AWP,WE,Federal Contract Tower,0,9,16,1,26,0,11,25,0,36,0,20,41,1,62,56,0,56,118
03/24/2021,SMX,CA,AWP,WE,Federal Contract Tower,0,7,13,1,21,0,13,55,0,68,0,20,68,1,89,40,2,42,131
03/25/2021,SMX,CA,AWP,WE,Federal Contract Tower,2,10,8,0,20,0,8,10,2,20,2,18,18,2,40,4,4,8,48
03/26/2021,SMX,CA,AWP,WE,Federal Contract Tower,0,7,14,4,25,0,13,64,2,79,0,20,78,6,104,44,0,44,148
03/27/2021,SMX,CA,AWP,WE,Federal Contract Tower,0,3,3,1,7,0,12,55,4,71,0,15,58,5,78,50,42,92,170
03/28/2021,SMX,CA,AWP,WE,Federal Contract Tower,1,1,16,0,18,0,8,63,4,75,1,9,79,4,93,30,4,34,127
03/29/2021,SMX,CA,AWP,WE,Federal Contract Tower,1,6,7,0,14,0,9,29,2,40,1,15,36,2,54,30,0,30,84
03/30/2021,SMX,CA,AWP,WE,Federal Contract Tower,0,9,15,6,30,0,13,37,2,52,0,22,52,8,82,24,32,56,138
03/31/2021,SMX,CA,AWP,WE,Federal Contract Tower,0,9,15,0,24,0,17,55,0,72,0,26,70,0,96,34,0,34,130
04/01/2021,SMX,CA,AWP,WE,Federal Contract Tower,1,11,14,0,26,0,11,52,2,65,1,22,66,2,91,44,8,52,143
04/02/2021,SMX,CA,AWP,WE,Federal Contract Tower,2,13,5,0,20,0,5,36,0,41,2,18,41,0,61,16,0,16,77
04/03/2021,SMX,CA,AWP,WE,Federal Contract Tower,0,7,12,0,19,0,6,27,0,33,0,13,39,0,52,8,0,8,60
04/04/2021,SMX,CA,AWP,WE,Federal Contract Tower,2,0,9,0,11,0,4,60,0,64,2,4,69,0,75,10,0,10,85
04/05/2021,SMX,CA,AWP,WE,Federal Contract Tower,2,6,12,0,20,0,13,10,0,23,2,19,22,0,43,10,0,10,53
04/06/2021,SMX,CA,AWP,WE,Federal Contract Tower,0,15,11,1,27,0,10,37,1,48,0,25,48,2,75,44,14,58,133
04/07/2021,SMX,CA,AWP,WE,Federal Contract Tower,0,10,16,0,26,0,3,51,0,54,0,13,67,0,80,26,0,26,106
04/08/2021,SMX,CA,AWP,WE,Federal Contract Tower,2,10,9,0,21,0,10,49,0,59,2,20,58,0,80,12,20,32,112
04/09/2021,SMX,CA,AWP,WE,Federal Contract Tower,2,8,5,0,15,0,2,33,0,35,2,10,38,0,50,20,0,20,70
04/10/2021,SMX,CA,AWP,WE,Federal Contract Tower,2,3,8,2,15,0,4,50,0,54,2,7,58,2,69,38,4,42,111
04/11/2021,SMX,CA,AWP,WE,Federal Contract Tower,2,3,12,0,17,0,11,36,0,47,2,14,48,0,64,2,0,2,66
04/12/2021,SMX,CA,AWP,WE,Federal Contract Tower,2,8,26,0,36,0,0,7,0,7,2,8,33,0,43,24,0,24,67
04/13/2021,SMX,CA,AWP,WE,Federal Contract Tower,0,18,32,0,50,0,6,14,0,20,0,24,46,0,70,34,0,34,104
04/14/2021,SMX,CA,AWP,WE,Federal Contract Tower,3,7,18,0,28,0,17,22,0,39,3,24,40,0,67,30,0,30,97
04/15/2021,SMX,CA,AWP,WE,Federal Contract Tower,3,11,7,2,23,0,10,43,0,53,3,21,50,2,76,32,10,42,118
04/16/2021,SMX,CA,AWP,WE,Federal Contract Tower,2,10,20,0,32,0,6,51,0,57,2,16,71,0,89,14,0,14,103
04/17/2021,SMX,CA,AWP,WE,Federal Contract Tower,0,3,13,0,16,0,8,36,2,46,0,11,49,2,62,4,2,6,68
04/18/2021,SMX,CA,AWP,WE,Federal Contract Tower,4,0,10,1,15,0,1,50,1,52,4,1,60,2,67,68,0,68,135
04/19/2021,SMX,CA,AWP,WE,Federal Contract Tower,0,6,9,1,16,0,7,30,0,37,0,13,39,1,53,8,2,10,63
04/20/2021,SMX,CA,AWP,WE,Federal Contract Tower,0,13,17,3,33,0,7,21,0,28,0,20,38,3,61,16,0,16,77
04/21/2021,SMX,CA,AWP,WE,Federal Contract Tower,2,15,24,0,41,0,1,7,0,8,2,16,31,0,49,44,0,44,93
04/22/2021,SMX,CA,AWP,WE,Federal Contract Tower,2,14,21,6,43,0,2,16,2,20,2,16,37,8,63,44,14,58,121
04/23/2021,SMX,CA,AWP,WE,Federal Contract Tower,2,11,10,0,23,0,6,21,0,27,2,17,31,0,50,32,0,32,82
04/24/2021,SMX,CA,AWP,WE,Federal Contract Tower,0,12,18,0,30,0,6,30,0,36,0,18,48,0,66,40,0,40,106
04/25/2021,SMX,CA,AWP,WE,Federal Contract Tower,6,1,15,0,22,0,5,9,0,14,6,6,24,0,36,4,0,4,40
04/26/2021,SMX,CA,AWP,WE,Federal Contract Tower,0,7,18,2,27,0,4,22,0,26,0,11,40,2,53,4,0,4,57
04/27/2021,SMX,CA,AWP,WE,Federal Contract Tower,0,8,11,0,19,0,12,38,0,50,0,20,49,0,69,24,0,24,93
04/28/2021,SMX,CA,AWP,WE,Federal Contract Tower,2,10,9,0,21,0,16,45,0,61,2,26,54,0,82,26,0,26,108
04/29/2021,SMX,CA,AWP,WE,Federal Contract Tower,2,10,8,0,20,0,6,52,4,62,2,16,60,4,82,12,0,12,94
04/30/2021,SMX,CA,AWP,WE,Federal Contract Tower,2,8,15,1,26,0,12,62,0,74,2,20,77,1,100,30,20,50,150
05/01/2021,SMX,CA,AWP,WE,Federal Contract Tower,0,8,8,0,16,0,4,48,0,52,0,12,56,0,68,42,2,44,112
05/02/2021,SMX,CA,AWP,WE,Federal Contract Tower,6,2,9,0,17,0,4,22,0,26,6,6,31,0,43,38,0,38,81
05/03/2021,SMX,CA,AWP,WE,Federal Contract Tower,0,6,12,0,18,0,11,37,4,52,0,17,49,4,70,14,0,14,84
05/04/2021,SMX,CA,AWP,WE,Federal Contract Tower,0,11,22,0,33,0,7,32,0,39,0,18,54,0,72,38,0,38,110
05/05/2021,SMX,CA,AWP,WE,Federal Contract Tower,2,7,15,0,24,0,3,32,0,35,2,10,47,0,59,14,0,14,73
05/06/2021,SMX,CA,AWP,WE,Federal Contract Tower,2,14,21,0,37,0,3,26,0,29,2,17,47,0,66,16,0,16,82
05/07/2021,SMX,CA,AWP,WE,Federal Contract Tower,2,10,22,0,34,0,2,27,0,29,2,12,49,0,63,28,0,28,91
05/08/2021,SMX,CA,AWP,WE,Federal Contract Tower,0,4,10,0,14,0,4,38,0,42,0,8,48,0,56,24,0,24,80
05/09/2021,SMX,CA,AWP,WE,Federal Contract Tower,6,1,6,0,13,0,6,43,0,49,6,7,49,0,62,20,0,20,82
05/10/2021,SMX,CA,AWP,WE,Federal Contract Tower,0,7,14,1,22,0,2,22,0,24,0,9,36,1,46,56,0,56,102
05/11/2021,SMX,CA,AWP,WE,Federal Contract Tower,0,10,7,0,17,0,4,45,14,63,0,14,52,14,80,64,6,70,150
05/12/2021,SMX,CA,AWP,WE,Federal Contract Tower,2,17,20,1,40,0,4,30,1,35,2,21,50,2,75,62,2,64,139
05/13/2021,SMX,CA,AWP,WE,Federal Contract Tower,2,11,25,0,38,0,6,21,0,27,2,17,46,0,65,24,0,24,89
05/14/2021,SMX,CA,AWP,WE,Federal Contract Tower,4,10,19,0,33,0,10,31,0,41,4,20,50,0,74,10,0,10,84
05/15/2021,SMX,CA,AWP,WE,Federal Contract Tower,0,4,22,0,26,0,5,32,4,41,0,9,54,4,67,62,0,62,129
05/16/2021,SMX,CA,AWP,WE,Federal Contract Tower,6,2,14,0,22,0,3,23,0,26,6,5,37,0,48,18,0,18,66
05/17/2021,SMX,CA,AWP,WE,Federal Contract Tower,0,6,9,0,15,0,14,16,0,30,0,20,25,0,45,28,0,28,73
05/18/2021,SMX,CA,AWP,WE,Federal Contract Tower,2,10,16,0,28,0,12,27,0,39,2,22,43,0,67,74,8,82,149
05/19/2021,SMX,CA,AWP,WE,Federal Contract Tower,2,6,8,0,16,0,12,29,0,41,2,18,37,0,57,30,0,30,87
05/20/2021,SMX,CA,AWP,WE,Federal Contract Tower,2,7,7,0,16,0,6,12,6,24,2,13,19,6,40,4,2,6,46
05/21/2021,SMX,CA,AWP,WE,Federal Contract Tower,2,8,15,1,26,0,2,21,0,23,2,10,36,1,49,6,8,14,63
05/22/2021,SMX,CA,AWP,WE,Federal Contract Tower,0,3,11,1,15,0,15,36,0,51,0,18,47,1,66,36,2,38,104
05/23/2021,SMX,CA,AWP,WE,Federal Contract Tower,6,2,10,0,18,0,0,48,0,48,6,2,58,0,66,36,0,36,102
05/24/2021,SMX,CA,AWP,WE,Federal Contract Tower,0,6,8,0,14,0,10,50,3,63,0,16,58,3,77,8,6,14,91
05/25/2021,SMX,CA,AWP,WE,Federal Contract Tower,0,4,10,1,15,0,11,27,1,39,0,15,37,2,54,30,2,32,86
05/26/2021,SMX,CA,AWP,WE,Federal Contract Tower,2,13,15,0,30,0,11,33,0,44,2,24,48,0,74,50,0,50,124
05/27/2021,SMX,CA,AWP,WE,Federal Contract Tower,7,13,17,0,37,0,5,37,0,42,7,18,54,0,79,14,0,14,93
05/28/2021,SMX,CA,AWP,WE,Federal Contract Tower,2,9,10,0,21,0,3,36,0,39,2,12,46,0,60,32,0,32,92
05/29/2021,SMX,CA,AWP,WE,Federal Contract Tower,0,4,7,0,11,0,6,26,0,32,0,10,33,0,43,32,0,32,75
05/30/2021,SMX,CA,AWP,WE,Federal Contract Tower,7,2,5,0,14,0,14,29,6,49,7,16,34,6,63,16,0,16,79
05/31/2021,SMX,CA,AWP,WE,Federal Contract Tower,0,2,11,0,13,0,4,38,0,42,0,6,49,0,55,54,0,54,109
06/01/2021,SMX,CA,AWP,WE,Federal Contract Tower,0,13,21,2,36,0,2,32,0,34,0,15,53,2,70,12,6,18,88
06/02/2021,SMX,CA,AWP,WE,Federal Contract Tower,2,13,20,0,35,0,6,58,0,64,2,19,78,0,99,54,0,54,153
06/03/2021,SMX,CA,AWP,WE,Federal Contract Tower,3,9,7,1,20,0,2,37,0,39,3,11,44,1,59,70,0,70,129
06/04/2021,SMX,CA,AWP,WE,Federal Contract Tower,0,7,14,0,21,0,1,41,0,42,0,8,55,0,63,30,0,30,93
06/05/2021,SMX,CA,AWP,WE,Federal Contract Tower,2,6,8,0,16,0,5,40,0,45,2,11,48,0,61,12,0,12,73
06/06/2021,SMX,CA,AWP,WE,Federal Contract Tower,8,5,22,1,36,0,4,7,0,11,8,9,29,1,47,24,2,26,73
06/07/2021,SMX,CA,AWP,WE,Federal Contract Tower,0,9,6,0,15,0,6,22,0,28,0,15,28,0,43,4,0,4,47
06/08/2021,SMX,CA,AWP,WE,Federal Contract Tower,0,8,9,2,19,0,10,34,0,44,0,18,43,2,63,12,14,26,89
06/09/2021,SMX,CA,AWP,WE,Federal Contract Tower,2,7,9,0,18,0,12,32,0,44,2,19,41,0,62,24,0,24,86
06/10/2021,SMX,CA,AWP,WE,Federal Contract Tower,5,7,5,3,20,0,4,28,5,37,5,11,33,8,57,14,14,28,85
06/11/2021,SMX,CA,AWP,WE,Federal Contract Tower,3,7,9,0,19,0,9,46,0,55,3,16,55,0,74,16,2,18,92
06/12/2021,SMX,CA,AWP,WE,Federal Contract Tower,1,2,8,0,11,0,2,69,0,71,1,4,77,0,82,88,0,88,170
06/13/2021,SMX,CA,AWP,WE,Federal Contract Tower,8,3,14,0,25,0,4,31,0,35,8,7,45,0,60,34,0,34,94
06/14/2021,SMX,CA,AWP,WE,Federal Contract Tower,0,6,13,0,19,0,10,28,0,38,0,16,41,0,57,22,0,22,79
06/15/2021,SMX,CA,AWP,WE,Federal Contract Tower,0,9,6,2,17,0,12,49,2,63,0,21,55,4,80,24,12,36,116
06/16/2021,SMX,CA,AWP,WE,Federal Contract Tower,2,6,7,0,15,0,6,53,0,59,2,12,60,0,74,28,0,28,102
06/17/2021,SMX,CA,AWP,WE,Federal Contract Tower,5,7,14,0,26,0,7,40,0,47,5,14,54,0,73,50,0,50,123
06/18/2021,SMX,CA,AWP,WE,Federal Contract Tower,4,6,15,0,25,0,6,48,0,54,4,12,63,0,79,34,0,34,113
06/19/2021,SMX,CA,AWP,WE,Federal Contract Tower,0,6,8,0,14,0,6,40,0,46,0,12,48,0,60,72,0,72,132
06/20/2021,SMX,CA,AWP,WE,Federal Contract Tower,6,1,14,0,21,0,3,32,0,35,6,4,46,0,56,16,0,16,72
06/21/2021,SMX,CA,AWP,WE,Federal Contract Tower,0,9,18,0,27,0,9,39,0,48,0,18,57,0,75,6,0,6,81
06/22/2021,SMX,CA,AWP,WE,Federal Contract Tower,2,11,20,7,40,0,11,39,2,52,2,22,59,9,92,22,22,44,136
06/23/2021,SMX,CA,AWP,WE,Federal Contract Tower,2,10,15,2,29,0,11,44,0,55,2,21,59,2,84,50,22,72,156
06/24/2021,SMX,CA,AWP,WE,Federal Contract Tower,4,7,10,3,24,12,45,2,0,59,16,52,12,3,83,84,8,92,175
06/25/2021,SMX,CA,AWP,WE,Federal Contract Tower,2,11,10,0,23,0,9,49,4,62,2,20,59,4,85,60,0,60,145
06/26/2021,SMX,CA,AWP,WE,Federal Contract Tower,0,3,9,1,13,0,10,40,2,52,0,13,49,3,65,14,0,14,79
06/27/2021,SMX,CA,AWP,WE,Federal Contract Tower,6,5,14,0,25,0,4,43,4,51,6,9,57,4,76,16,8,24,100
06/28/2021,SMX,CA,AWP,WE,Federal Contract Tower,0,7,11,0,18,0,8,37,2,47,0,15,48,2,65,22,0,22,87
06/29/2021,SMX,CA,AWP,WE,Federal Contract Tower,0,11,20,0,31,0,6,54,2,62,0,17,74,2,93,68,6,74,167
06/30/2021,SMX,CA,AWP,WE,Federal Contract Tower,2,11,14,0,27,0,4,44,0,48,2,15,58,0,75,52,0,52,127
07/01/2021,SMX,CA,AWP,WE,Federal Contract Tower,2,12,17,4,35,0,8,33,0,41,2,20,50,4,76,28,4,32,108
07/02/2021,SMX,CA,AWP,WE,Federal Contract Tower,2,10,16,0,28,0,6,52,0,58,2,16,68,0,86,46,0,46,132
07/03/2021,SMX,CA,AWP,WE,Federal Contract Tower,0,7,19,0,26,0,10,30,0,40,0,17,49,0,66,16,0,16,82
07/04/2021,SMX,CA,AWP,WE,Federal Contract Tower,8,0,5,0,13,0,8,22,0,30,8,8,27,0,43,26,0,26,69
07/05/2021,SMX,CA,AWP,WE,Federal Contract Tower,0,2,19,0,21,0,2,28,0,30,0,4,47,0,51,48,0,48,99
07/06/2021,SMX,CA,AWP,WE,Federal Contract Tower,0,11,8,2,21,0,4,37,0,41,0,15,45,2,62,38,0,38,100
07/07/2021,SMX,CA,AWP,WE,Federal Contract Tower,2,11,10,0,23,0,14,23,0,37,2,25,33,0,60,10,0,10,70
07/08/2021,SMX,CA,AWP,WE,Federal Contract Tower,4,8,14,0,26,0,5,51,1,57,4,13,65,1,83,30,4,34,117
07/09/2021,SMX,CA,AWP,WE,Federal Contract Tower,0,6,7,1,14,0,12,66,1,79,0,18,73,2,93,78,4,82,175
07/10/2021,SMX,CA,AWP,WE,Federal Contract Tower,0,2,8,0,10,0,1,41,4,46,0,3,49,4,56,22,8,30,86
07/11/2021,SMX,CA,AWP,WE,Federal Contract Tower,8,3,9,0,20,0,4,38,0,42,8,7,47,0,62,36,0,36,98
07/12/2021,SMX,CA,AWP,WE,Federal Contract Tower,0,10,15,2,27,0,12,58,0,70,0,22,73,2,97,6,0,6,103
07/13/2021,SMX,CA,AWP,WE,Federal Contract Tower,0,20,10,3,33,0,4,30,0,34,0,24,40,3,67,18,0,18,85
07/14/2021,SMX,CA,AWP,WE,Federal Contract Tower,2,12,22,3,39,0,3,51,4,58,2,15,73,7,97,32,18,50,147
07/15/2021,SMX,CA,AWP,WE,Federal Contract Tower,4,11,17,2,34,0,4,46,1,51,4,15,63,3,85,24,0,24,109
07/16/2021,SMX,CA,AWP,WE,Federal Contract Tower,0,9,14,0,23,0,6,29,1,36,0,15,43,1,59,20,0,20,79
07/17/2021,SMX,CA,AWP,WE,Federal Contract Tower,0,6,16,1,23,0,3,41,2,46,0,9,57,3,69,36,6,42,111
07/18/2021,SMX,CA,AWP,WE,Federal Contract Tower,8,0,16,0,24,0,4,35,0,39,8,4,51,0,63,12,0,12,75
07/19/2021,SMX,CA,AWP,WE,Federal Contract Tower,0,6,4,0,10,0,10,57,0,67,0,16,61,0,77,32,0,32,109
07/20/2021,SMX,CA,AWP,WE,Federal Contract Tower,0,11,7,0,18,0,2,39,2,43,0,13,46,2,61,28,0,28,89
07/21/2021,SMX,CA,AWP,WE,Federal Contract Tower,2,14,8,1,25,0,13,32,2,47,2,27,40,3,72,8,0,8,80
07/22/2021,SMX,CA,AWP,WE,Federal Contract Tower,4,11,25,5,45,0,4,30,2,36,4,15,55,7,81,44,20,64,145
07/23/2021,SMX,CA,AWP,WE,Federal Contract Tower,1,10,16,2,29,0,5,28,1,34,1,15,44,3,63,10,4,14,77
07/24/2021,SMX,CA,AWP,WE,Federal Contract Tower,0,2,10,0,12,0,5,27,0,32,0,7,37,0,44,60,0,60,104
07/25/2021,SMX,CA,AWP,WE,Federal Contract Tower,7,1,13,0,21,0,7,22,0,29,7,8,35,0,50,8,0,8,58
07/26/2021,SMX,CA,AWP,WE,Federal Contract Tower,0,7,8,5,20,0,8,18,1,27,0,15,26,6,47,20,24,44,91
07/27/2021,SMX,CA,AWP,WE,Federal Contract Tower,0,13,11,0,24,0,9,31,0,40,0,22,42,0,64,8,2,10,74
07/28/2021,SMX,CA,AWP,WE,Federal Contract Tower,4,12,8,0,24,0,4,34,0,38,4,16,42,0,62,46,0,46,108
07/29/2021,SMX,CA,AWP,WE,Federal Contract Tower,4,10,18,0,32,0,5,39,0,44,4,15,57,0,76,26,0,26,102
07/30/2021,SMX,CA,AWP,WE,Federal Contract Tower,0,10,19,0,29,0,5,48,0,53,0,15,67,0,82,20,0,20,102
07/31/2021,SMX,CA,AWP,WE,Federal Contract Tower,0,6,13,0,19,0,7,51,0,58,0,13,64,0,77,16,0,16,93
08/01/2021,SMX,CA,AWP,WE,Federal Contract Tower,4,1,8,0,13,0,9,56,0,65,4,10,64,0,78,28,0,28,106
08/02/2021,SMX,CA,AWP,WE,Federal Contract Tower,0,7,7,1,15,0,7,44,4,55,0,14,51,5,70,22,8,30,100
08/03/2021,SMX,CA,AWP,WE,Federal Contract Tower,0,11,12,0,23,0,1,41,0,42,0,12,53,0,65,8,6,14,79
08/04/2021,SMX,CA,AWP,WE,Federal Contract Tower,0,17,17,0,34,0,5,27,0,32,0,22,44,0,66,22,0,22,88
08/05/2021,SMX,CA,AWP,WE,Federal Contract Tower,6,12,12,0,30,0,3,39,3,45,6,15,51,3,75,14,2,16,91
08/06/2021,SMX,CA,AWP,WE,Federal Contract Tower,0,9,15,0,24,0,10,39,1,50,0,19,54,1,74,24,0,24,98
08/07/2021,SMX,CA,AWP,WE,Federal Contract Tower,0,3,7,0,10,0,7,38,0,45,0,10,45,0,55,22,0,22,77
08/08/2021,SMX,CA,AWP,WE,Federal Contract Tower,6,2,12,0,20,0,2,41,0,43,6,4,53,0,63,6,0,6,69
08/09/2021,SMX,CA,AWP,WE,Federal Contract Tower,0,7,6,0,13,0,7,43,2,52,0,14,49,2,65,66,0,66,131
08/10/2021,SMX,CA,AWP,WE,Federal Contract Tower,0,14,4,0,18,0,7,42,2,51,0,21,46,2,69,54,0,54,123
08/11/2021,SMX,CA,AWP,WE,Federal Contract Tower,0,9,9,1,19,0,7,41,2,50,0,16,50,3,69,24,16,40,109
08/12/2021,SMX,CA,AWP,WE,Federal Contract Tower,5,8,13,1,27,0,8,38,7,53,5,16,51,8,80,20,14,34,114
08/13/2021,SMX,CA,AWP,WE,Federal Contract Tower,0,10,16,0,26,0,9,34,0,43,0,19,50,0,69,70,0,70,139
08/14/2021,SMX,CA,AWP,WE,Federal Contract Tower,0,4,5,0,9,0,8,45,0,53,0,12,50,0,62,38,0,38,100
08/15/2021,SMX,CA,AWP,WE,Federal Contract Tower,7,0,9,0,16,0,1,32,0,33,7,1,41,0,49,30,0,30,79
08/16/2021,SMX,CA,AWP,WE,Federal Contract Tower,0,7,20,2,29,0,9,26,1,36,0,16,46,3,65,80,0,80,145
08/17/2021,SMX,CA,AWP,WE,Federal Contract Tower,0,11,9,2,22,0,11,39,1,51,0,22,48,3,73,20,2,22,95
08/18/2021,SMX,CA,AWP,WE,Federal Contract Tower,4,22,25,0,51,0,3,2,0,5,4,25,27,0,56,4,0,4,60
08/19/2021,SMX,CA,AWP,WE,Federal Contract Tower,4,11,7,0,22,0,11,39,0,50,4,22,46,0,72,34,0,34,106
08/20/2021,SMX,CA,AWP,WE,Federal Contract Tower,2,8,15,6,31,0,4,21,12,37,2,12,36,18,68,16,32,48,116
08/21/2021,SMX,CA,AWP,WE,Federal Contract Tower,3,4,11,0,18,0,5,11,0,16,3,9,22,0,34,10,0,10,44
08/22/2021,SMX,CA,AWP,WE,Federal Contract Tower,4,1,15,1,21,0,10,43,0,53,4,11,58,1,74,22,0,22,96
08/23/2021,SMX,CA,AWP,WE,Federal Contract Tower,0,10,10,3,23,0,5,40,18,63,0,15,50,21,86,0,60,60,146
08/24/2021,SMX,CA,AWP,WE,Federal Contract Tower,0,11,5,2,18,0,11,39,4,54,0,22,44,6,72,18,2,20,92
08/25/2021,SMX,CA,AWP,WE,Federal Contract Tower,2,14,10,0,26,0,7,41,10,58,2,21,51,10,84,18,14,32,116
08/26/2021,SMX,CA,AWP,WE,Federal Contract Tower,4,14,24,1,43,0,3,33,2,38,4,17,57,3,81,30,6,36,117
08/27/2021,SMX,CA,AWP,WE,Federal Contract Tower,2,10,7,2,21,0,1,61,3,65,2,11,68,5,86,36,2,38,124
08/28/2021,SMX,CA,AWP,WE,Federal Contract Tower,0,3,11,5,19,0,12,47,12,71,0,15,58,17,90,12,0,12,102
08/29/2021,SMX,CA,AWP,WE,Federal Contract Tower,4,1,22,1,28,0,9,40,0,49,4,10,62,1,77,2,0,2,79
08/30/2021,SMX,CA,AWP,WE,Federal Contract Tower,0,9,10,0,19,0,8,32,0,40,0,17,42,0,59,6,0,6,65
08/31/2021,SMX,CA,AWP,WE,Federal Contract Tower,0,13,14,2,29,0,5,23,0,28,0,18,37,2,57,22,0,22,79
09/01/2021,SMX,CA,AWP,WE,Federal Contract Tower,2,12,10,0,24,0,9,17,0,26,2,21,27,0,50,16,0,16,66
09/02/2021,SMX,CA,AWP,WE,Federal Contract Tower,4,11,24,1,40,0,2,36,2,40,4,13,60,3,80,22,0,22,102
09/03/2021,SMX,CA,AWP,WE,Federal Contract Tower,2,14,15,0,31,0,9,60,0,69,2,23,75,0,100,18,0,18,118
09/04/2021,SMX,CA,AWP,WE,Federal Contract Tower,0,5,18,0,23,0,5,61,0,66,0,10,79,0,89,36,0,36,125
09/05/2021,SMX,CA,AWP,WE,Federal Contract Tower,4,4,10,0,18,0,4,45,1,50,4,8,55,1,68,14,0,14,82
09/06/2021,SMX,CA,AWP,WE,Federal Contract Tower,2,3,7,1,13,0,7,46,0,53,2,10,53,1,66,2,0,2,68
09/07/2021,SMX,CA,AWP,WE,Federal Contract Tower,0,8,11,0,19,0,6,40,0,46,0,14,51,0,65,40,0,40,105
09/08/2021,SMX,CA,AWP,WE,Federal Contract Tower,3,15,12,1,31,0,8,43,2,53,3,23,55,3,84,14,0,14,98
09/09/2021,SMX,CA,AWP,WE,Federal Contract Tower,3,12,15,0,30,0,5,39,0,44,3,17,54,0,74,28,0,28,102
09/10/2021,SMX,CA,AWP,WE,Federal Contract Tower,1,17,26,0,44,0,7,47,12,66,1,24,73,12,110,64,12,76,186
09/11/2021,SMX,CA,AWP,WE,Federal Contract Tower,0,5,19,0,24,0,5,55,0,60,0,10,74,0,84,56,6,62,146
09/12/2021,SMX,CA,AWP,WE,Federal Contract Tower,2,0,31,0,33,0,4,32,0,36,2,4,63,0,69,18,0,18,87
09/13/2021,SMX,CA,AWP,WE,Federal Contract Tower,0,6,13,3,22,0,2,57,0,59,0,8,70,3,81,16,2,18,99
09/14/2021,SMX,CA,AWP,WE,Federal Contract Tower,0,12,10,4,26,0,8,46,1,55,0,20,56,5,81,34,10,44,125
09/15/2021,SMX,CA,AWP,WE,Federal Contract Tower,2,20,14,0,36,0,11,25,0,36,2,31,39,0,72,28,0,28,100
09/16/2021,SMX,CA,AWP,WE,Federal Contract Tower,3,14,21,0,38,0,2,27,0,29,3,16,48,0,67,38,0,38,105
09/17/2021,SMX,CA,AWP,WE,Federal Contract Tower,4,11,12,0,27,0,4,39,0,43,4,15,51,0,70,28,0,28,98
09/18/2021,SMX,CA,AWP,WE,Federal Contract Tower,0,3,12,0,15,0,8,41,0,49,0,11,53,0,64,40,0,40,104
09/19/2021,SMX,CA,AWP,WE,Federal Contract Tower,2,1,23,0,26,0,2,50,0,52,2,3,73,0,78,20,0,20,98
09/20/2021,SMX,CA,AWP,WE,Federal Contract Tower,0,8,12,0,20,0,6,29,0,35,0,14,41,0,55,20,0,20,75
09/21/2021,SMX,CA,AWP,WE,Federal Contract Tower,0,12,10,0,22,0,14,52,0,66,0,26,62,0,88,48,0,48,136
09/22/2021,SMX,CA,AWP,WE,Federal Contract Tower,2,11,20,1,34,0,7,29,2,38,2,18,49,3,72,11,8,19,91
09/23/2021,SMX,CA,AWP,WE,Federal Contract Tower,1,10,17,0,28,0,1,30,0,31,1,11,47,0,59,6,0,6,65
09/24/2021,SMX,CA,AWP,WE,Federal Contract Tower,2,11,20,0,33,0,7,34,0,41,2,18,54,0,74,8,0,8,82
09/25/2021,SMX,CA,AWP,WE,Federal Contract Tower,2,4,8,0,14,0,6,28,0,34,2,10,36,0,48,18,0,18,66
09/26/2021,SMX,CA,AWP,WE,Federal Contract Tower,2,0,26,0,28,0,5,11,0,16,2,5,37,0,44,6,0,6,50
09/27/2021,SMX,CA,AWP,WE,Federal Contract Tower,0,10,22,0,32,0,1,10,0,11,0,11,32,0,43,2,0,2,45
09/28/2021,SMX,CA,AWP,WE,Federal Contract Tower,0,20,8,0,28,0,2,25,0,27,0,22,33,0,55,64,0,64,119
09/29/2021,SMX,CA,AWP,WE,Federal Contract Tower,4,13,5,2,24,0,13,48,0,61,4,26,53,2,85,16,0,16,101
09/30/2021,SMX,CA,AWP,WE,Federal Contract Tower,3,14,3,0,20,0,9,48,0,57,3,23,51,0,77,22,0,22,99
10/01/2021,SMX,CA,AWP,WE,Federal Contract Tower,2,10,11,0,23,0,13,41,0,54,2,23,52,0,77,48,0,48,125
10/02/2021,SMX,CA,AWP,WE,Federal Contract Tower,0,3,4,0,7,0,6,38,0,44,0,9,42,0,51,20,0,20,71
10/03/2021,SMX,CA,AWP,WE,Federal Contract Tower,4,2,7,1,14,0,5,71,2,78,4,7,78,3,92,40,2,42,134
10/04/2021,SMX,CA,AWP,WE,Federal Contract Tower,0,6,11,0,17,0,12,48,0,60,0,18,59,0,77,10,0,10,87
10/05/2021,SMX,CA,AWP,WE,Federal Contract Tower,0,6,4,0,10,0,15,48,0,63,0,21,52,0,73,42,0,42,115
10/06/2021,SMX,CA,AWP,WE,Federal Contract Tower,2,18,20,0,40,0,3,21,0,24,2,21,41,0,64,32,0,32,96
10/07/2021,SMX,CA,AWP,WE,Federal Contract Tower,4,10,23,0,37,0,5,7,0,12,4,15,30,0,49,0,0,0,49
10/08/2021,SMX,CA,AWP,WE,Federal Contract Tower,2,7,17,0,26,0,9,34,0,43,2,16,51,0,69,30,0,30,99
10/09/2021,SMX,CA,AWP,WE,Federal Contract Tower,0,3,5,0,8,0,13,40,0,53,0,16,45,0,61,12,0,12,73
10/10/2021,SMX,CA,AWP,WE,Federal Contract Tower,4,0,4,0,8,0,3,56,0,59,4,3,60,0,67,40,0,40,107
10/11/2021,SMX,CA,AWP,WE,Federal Contract Tower,0,5,6,0,11,0,2,38,0,40,0,7,44,0,51,6,0,6,57
10/12/2021,SMX,CA,AWP,WE,Federal Contract Tower,0,7,3,0,10,0,9,102,2,113,0,16,105,2,123,8,4,12,135
10/13/2021,SMX,CA,AWP,WE,Federal Contract Tower,2,10,15,3,30,0,14,155,3,172,2,24,170,6,202,8,4,12,214
10/14/2021,SMX,CA,AWP,WE,Federal Contract Tower,2,7,14,0,23,0,14,54,0,68,2,21,68,0,91,26,2,28,119
10/15/2021,SMX,CA,AWP,WE,Federal Contract Tower,1,12,8,0,21,0,2,82,0,84,1,14,90,0,105,34,10,44,149
10/16/2021,SMX,CA,AWP,WE,Federal Contract Tower,0,6,11,0,17,0,4,106,0,110,0,10,117,0,127,14,0,14,141
10/17/2021,SMX,CA,AWP,WE,Federal Contract Tower,3,4,4,1,12,0,6,38,1,45,3,10,42,2,57,2,4,6,63
10/18/2021,SMX,CA,AWP,WE,Federal Contract Tower,0,10,15,1,26,0,4,37,0,41,0,14,52,1,67,6,2,8,75
10/19/2021,SMX,CA,AWP,WE,Federal Contract Tower,0,9,7,0,16,0,14,62,0,76,0,23,69,0,92,22,0,22,114
10/20/2021,SMX,CA,AWP,WE,Federal Contract Tower,2,7,6,2,17,0,2,41,2,45,2,9,47,4,62,20,24,44,106
10/21/2021,SMX,CA,AWP,WE,Federal Contract Tower,6,12,17,1,36,0,3,39,0,42,6,15,56,1,78,8,8,16,94
10/23/2021,SMX,CA,AWP,WE,Federal Contract Tower,0,6,13,0,19,0,8,39,1,48,0,14,52,1,67,30,2,32,99
10/24/2021,SMX,CA,AWP,WE,Federal Contract Tower,2,1,6,2,11,0,11,8,0,19,2,12,14,2,30,4,0,4,34
10/25/2021,SMX,CA,AWP,WE,Federal Contract Tower,0,10,11,0,21,0,5,10,0,15,0,15,21,0,36,0,0,0,36
10/26/2021,SMX,CA,AWP,WE,Federal Contract Tower,0,10,9,2,21,0,17,29,0,46,0,27,38,2,67,30,0,30,97
10/27/2021,SMX,CA,AWP,WE,Federal Contract Tower,2,9,7,1,19,0,12,53,1,66,2,21,60,2,85,34,8,42,127
10/28/2021,SMX,CA,AWP,WE,Federal Contract Tower,4,9,14,0,27,0,1,48,0,49,4,10,62,0,76,14,0,14,90
10/29/2021,SMX,CA,AWP,WE,Federal Contract Tower,0,6,3,0,9,0,7,74,12,93,0,13,77,12,102,8,6,14,116
10/30/2021,SMX,CA,AWP,WE,Federal Contract Tower,2,8,17,0,27,0,0,10,0,10,2,8,27,0,37,16,0,16,53
10/31/2021,SMX,CA,AWP,WE,Federal Contract Tower,4,3,18,0,25,0,5,43,0,48,4,8,61,0,73,8,0,8,81
11/01/2021,SMX,CA,AWP,WE,Federal Contract Tower,0,10,16,0,26,0,10,16,0,26,0,20,32,0,52,8,14,22,74
11/02/2021,SMX,CA,AWP,WE,Federal Contract Tower,0,9,10,4,23,0,12,34,0,46,0,21,44,4,69,18,2,20,89
11/03/2021,SMX,CA,AWP,WE,Federal Contract Tower,2,13,8,0,23,0,4,28,0,32,2,17,36,0,55,20,0,20,75
11/04/2021,SMX,CA,AWP,WE,Federal Contract Tower,4,15,8,2,29,0,5,40,1,46,4,20,48,3,75,16,4,20,95
11/05/2021,SMX,CA,AWP,WE,Federal Contract Tower,0,9,9,0,18,0,6,54,0,60,0,15,63,0,78,22,0,22,100
11/06/2021,SMX,CA,AWP,WE,Federal Contract Tower,0,3,15,0,18,0,2,45,0,47,0,5,60,0,65,18,0,18,83
11/07/2021,SMX,CA,AWP,WE,Federal Contract Tower,1,1,12,0,14,0,4,40,0,44,1,5,52,0,58,6,0,6,64
11/08/2021,SMX,CA,AWP,WE,Federal Contract Tower,0,9,10,4,23,0,16,38,1,55,0,25,48,5,78,16,26,42,120
11/09/2021,SMX,CA,AWP,WE,Federal Contract Tower,0,14,13,0,27,0,0,1,0,1,0,14,14,0,28,10,0,10,38
11/10/2021,SMX,CA,AWP,WE,Federal Contract Tower,2,9,12,1,24,0,12,27,2,41,2,21,39,3,65,32,8,40,105
11/11/2021,SMX,CA,AWP,WE,Federal Contract Tower,4,10,4,0,18,0,7,44,8,59,4,17,48,8,77,8,22,30,107
11/12/2021,SMX,CA,AWP,WE,Federal Contract Tower,1,6,19,0,26,0,5,77,0,82,1,11,96,0,108,24,8,32,140
11/13/2021,SMX,CA,AWP,WE,Federal Contract Tower,1,4,15,1,21,0,4,72,0,76,1,8,87,1,97,64,2,66,163
11/14/2021,SMX,CA,AWP,WE,Federal Contract Tower,2,2,5,0,9,0,4,43,1,48,2,6,48,1,57,20,10,30,87
11/15/2021,SMX,CA,AWP,WE,Federal Contract Tower,0,7,13,2,22,0,5,31,3,39,0,12,44,5,61,34,26,60,121
11/16/2021,SMX,CA,AWP,WE,Federal Contract Tower,0,12,11,0,23,0,2,46,2,50,0,14,57,2,73,14,0,14,87
11/17/2021,SMX,CA,AWP,WE,Federal Contract Tower,0,11,20,0,31,0,2,37,0,39,0,13,57,0,70,50,0,50,120
11/18/2021,SMX,CA,AWP,WE,Federal Contract Tower,4,12,19,1,36,0,0,19,0,19,4,12,38,1,55,14,2,16,71
11/19/2021,SMX,CA,AWP,WE,Federal Contract Tower,1,12,7,4,24,0,0,26,1,27,1,12,33,5,51,14,4,18,69
11/20/2021,SMX,CA,AWP,WE,Federal Contract Tower,0,7,8,0,15,0,1,44,0,45,0,8,52,0,60,44,0,44,104
11/21/2021,SMX,CA,AWP,WE,Federal Contract Tower,4,4,2,0,10,0,4,42,0,46,4,8,44,0,56,18,0,18,74
11/22/2021,SMX,CA,AWP,WE,Federal Contract Tower,2,7,8,2,19,0,6,39,3,48,2,13,47,5,67,8,0,8,75
11/23/2021,SMX,CA,AWP,WE,Federal Contract Tower,4,11,6,0,21,0,9,28,0,37,4,20,34,0,58,32,0,32,90
11/24/2021,SMX,CA,AWP,WE,Federal Contract Tower,2,10,10,1,23,0,10,61,0,71,2,20,71,1,94,13,0,13,107
11/25/2021,SMX,CA,AWP,WE,Federal Contract Tower,0,0,2,0,2,0,4,28,0,32,0,4,30,0,34,4,0,4,38
11/26/2021,SMX,CA,AWP,WE,Federal Contract Tower,0,8,15,0,23,0,1,33,0,34,0,9,48,0,57,42,0,42,99
11/27/2021,SMX,CA,AWP,WE,Federal Contract Tower,4,4,7,0,15,0,7,61,0,68,4,11,68,0,83,24,0,24,107
11/28/2021,SMX,CA,AWP,WE,Federal Contract Tower,2,1,5,0,8,0,10,43,0,53,2,11,48,0,61,0,0,0,61
11/29/2021,SMX,CA,AWP,WE,Federal Contract Tower,2,7,8,2,19,0,6,38,0,44,2,13,46,2,63,2,14,16,79
11/30/2021,SMX,CA,AWP,WE,Federal Contract Tower,0,15,4,0,19,0,10,42,0,52,0,25,46,0,71,16,0,16,87
12/01/2021,SMX,CA,AWP,WE,Federal Contract Tower,0,9,7,0,16,0,3,37,2,42,0,12,44,2,58,10,12,22,80
12/02/2021,SMX,CA,AWP,WE,Federal Contract Tower,0,11,9,0,20,0,8,23,0,31,0,19,32,0,51,28,0,28,79
12/03/2021,SMX,CA,AWP,WE,Federal Contract Tower,2,9,18,0,29,0,2,2,0,4,2,11,20,0,33,2,0,2,35
12/04/2021,SMX,CA,AWP,WE,Federal Contract Tower,0,3,8,0,11,0,1,19,0,20,0,4,27,0,31,22,0,22,53
12/05/2021,SMX,CA,AWP,WE,Federal Contract Tower,0,1,15,0,16,0,2,35,2,39,0,3,50,2,55,24,0,24,79
12/06/2021,SMX,CA,AWP,WE,Federal Contract Tower,0,6,20,1,27,0,9,13,6,28,0,15,33,7,55,42,0,42,97
12/07/2021,SMX,CA,AWP,WE,Federal Contract Tower,0,12,13,0,25,0,2,11,0,13,0,14,24,0,38,18,0,18,56
12/08/2021,SMX,CA,AWP,WE,Federal Contract Tower,0,7,16,2,25,0,8,26,0,34,0,15,42,2,59,10,8,18,77
12/09/2021,SMX,CA,AWP,WE,Federal Contract Tower,0,13,11,0,24,0,2,4,0,6,0,15,15,0,30,14,0,14,44
12/10/2021,SMX,CA,AWP,WE,Federal Contract Tower,0,10,23,2,35,0,6,49,2,57,0,16,72,4,92,38,2,40,132
12/11/2021,SMX,CA,AWP,WE,Federal Contract Tower,0,3,5,2,10,0,4,64,6,74,0,7,69,8,84,6,2,8,92
12/12/2021,SMX,CA,AWP,WE,Federal Contract Tower,0,0,12,4,16,0,7,56,0,63,0,7,68,4,79,24,36,60,139
12/13/2021,SMX,CA,AWP,WE,Federal Contract Tower,0,9,2,0,11,0,5,1,0,6,0,14,3,0,17,0,0,0,17
12/14/2021,SMX,CA,AWP,WE,Federal Contract Tower,0,14,4,0,18,0,1,1,0,2,0,15,5,0,20,0,0,0,20
12/15/2021,SMX,CA,AWP,WE,Federal Contract Tower,0,12,12,0,24,0,10,49,0,59,0,22,61,0,83,34,0,34,117
12/16/2021,SMX,CA,AWP,WE,Federal Contract Tower,2,15,7,0,24,0,0,3,0,3,2,15,10,0,27,13,0,13,40
12/17/2021,SMX,CA,AWP,WE,Federal Contract Tower,0,14,14,1,29,0,6,50,9,65,0,20,64,10,94,18,0,18,112
12/18/2021,SMX,CA,AWP,WE,Federal Contract Tower,0,5,5,0,10,0,4,50,7,61,0,9,55,7,71,20,6,26,97
12/19/2021,SMX,CA,AWP,WE,Federal Contract Tower,4,0,13,2,19,0,0,34,2,36,4,0,47,4,55,10,0,10,65
12/20/2021,SMX,CA,AWP,WE,Federal Contract Tower,0,11,12,1,24,0,2,30,4,36,0,13,42,5,60,20,0,20,80
12/21/2021,SMX,CA,AWP,WE,Federal Contract Tower,0,15,10,0,25,0,5,30,0,35,0,20,40,0,60,18,0,18,78
12/22/2021,SMX,CA,AWP,WE,Federal Contract Tower,2,22,7,0,31,0,8,11,0,19,2,30,18,0,50,4,0,4,54
12/23/2021,SMX,CA,AWP,WE,Federal Contract Tower,2,13,12,0,27,0,0,0,0,0,2,13,12,0,27,0,0,0,27
12/24/2021,SMX,CA,AWP,WE,Federal Contract Tower,3,7,2,0,12,0,4,5,0,9,3,11,7,0,21,3,0,3,24
12/25/2021,SMX,CA,AWP,WE,Federal Contract Tower,0,1,3,0,4,0,0,5,0,5,0,1,8,0,9,0,0,0,9
12/26/2021,SMX,CA,AWP,WE,Federal Contract Tower,2,1,13,0,16,0,0,34,0,34,2,1,47,0,50,8,0,8,58
12/27/2021,SMX,CA,AWP,WE,Federal Contract Tower,0,11,8,2,21,0,2,2,0,4,0,13,10,2,25,0,0,0,25
12/28/2021,SMX,CA,AWP,WE,Federal Contract Tower,0,8,6,0,14,0,5,24,0,29,0,13,30,0,43,2,0,2,45
12/29/2021,SMX,CA,AWP,WE,Federal Contract Tower,2,13,8,0,23,0,2,0,0,2,2,15,8,0,25,0,0,0,25
12/30/2021,SMX,CA,AWP,WE,Federal Contract Tower,0,10,6,0,16,0,4,9,0,13,0,14,15,0,29,0,0,0,29
12/31/2021,SMX,CA,AWP,WE,Federal Contract Tower,2,7,2,0,11,0,4,28,0,32,2,11,30,0,43,14,0,14,57
01/01/2022,SMX,CA,AWP,WE,Federal Contract Tower,0,0,6,0,6,0,0,34,0,34,0,0,40,0,40,7,0,7,47
01/02/2022,SMX,CA,AWP,WE,Federal Contract Tower,4,0,4,0,8,0,9,44,0,53,4,9,48,0,61,24,0,24,85
01/03/2022,SMX,CA,AWP,WE,Federal Contract Tower,0,5,7,0,12,0,6,33,0,39,0,11,40,0,51,8,0,8,59
01/04/2022,SMX,CA,AWP,WE,Federal Contract Tower,0,8,3,0,11,0,8,40,0,48,0,16,43,0,59,8,0,8,67
01/05/2022,SMX,CA,AWP,WE,Federal Contract Tower,0,12,6,0,18,0,10,27,0,37,0,22,33,0,55,17,0,17,72
01/06/2022,SMX,CA,AWP,WE,Federal Contract Tower,2,12,12,0,26,0,6,21,0,27,2,18,33,0,53,25,0,25,78
01/07/2022,SMX,CA,AWP,WE,Federal Contract Tower,2,10,7,0,19,0,1,5,0,6,2,11,12,0,25,12,0,12,37
01/08/2022,SMX,CA,AWP,WE,Federal Contract Tower,0,7,11,0,18,0,0,30,2,32,0,7,41,2,50,20,2,22,72
01/09/2022,SMX,CA,AWP,WE,Federal Contract Tower,2,1,14,0,17,0,3,37,2,42,2,4,51,2,59,38,0,38,97
01/10/2022,SMX,CA,AWP,WE,Federal Contract Tower,0,4,11,0,15,0,6,16,0,22,0,10,27,0,37,6,0,6,43
01/11/2022,SMX,CA,AWP,WE,Federal Contract Tower,0,10,13,0,23,0,11,40,0,51,0,21,53,0,74,16,0,16,90
01/12/2022,SMX,CA,AWP,WE,Federal Contract Tower,0,9,9,0,18,0,7,41,0,48,0,16,50,0,66,18,0,18,84
01/13/2022,SMX,CA,AWP,WE,Federal Contract Tower,2,12,13,0,27,0,10,41,0,51,2,22,54,0,78,14,0,14,92
01/14/2022,SMX,CA,AWP,WE,Federal Contract Tower,4,10,11,0,25,0,10,30,0,40,4,20,41,0,65,14,0,14,79
01/15/2022,SMX,CA,AWP,WE,Federal Contract Tower,0,5,7,0,12,0,9,24,0,33,0,14,31,0,45,10,0,10,55
01/16/2022,SMX,CA,AWP,WE,Federal Contract Tower,2,3,8,0,13,0,6,34,0,40,2,9,42,0,53,2,0,2,55
01/17/2022,SMX,CA,AWP,WE,Federal Contract Tower,2,5,6,0,13,0,6,29,0,35,2,11,35,0,48,2,0,2,50
01/18/2022,SMX,CA,AWP,WE,Federal Contract Tower,0,11,14,0,25,0,4,11,0,15,0,15,25,0,40,8,0,8,48
01/19/2022,SMX,CA,AWP,WE,Federal Contract Tower,0,14,10,2,26,0,10,25,3,38,0,24,35,5,64,8,0,8,72
01/20/2022,SMX,CA,AWP,WE,Federal Contract Tower,0,12,11,0,23,0,5,37,0,42,0,17,48,0,65,52,0,52,117
01/21/2022,SMX,CA,AWP,WE,Federal Contract Tower,2,9,13,1,25,0,7,36,5,48,2,16,49,6,73,36,0,36,109
01/22/2022,SMX,CA,AWP,WE,Federal Contract Tower,0,2,11,0,13,0,4,43,0,47,0,6,54,0,60,82,0,82,142
01/23/2022,SMX,CA,AWP,WE,Federal Contract Tower,2,0,14,0,16,0,5,48,0,53,2,5,62,0,69,22,0,22,91
01/24/2022,SMX,CA,AWP,WE,Federal Contract Tower,0,8,8,0,16,0,6,27,0,33,0,14,35,0,49,84,0,84,133
01/25/2022,SMX,CA,AWP,WE,Federal Contract Tower,0,9,9,2,20,0,9,44,1,54,0,18,53,3,74,40,10,50,124
01/26/2022,SMX,CA,AWP,WE,Federal Contract Tower,0,11,17,2,30,0,5,39,0,44,0,16,56,2,74,52,16,68,142
01/27/2022,SMX,CA,AWP,WE,Federal Contract Tower,2,10,12,2,26,0,5,47,1,53,2,15,59,3,79,33,8,41,120
01/28/2022,SMX,CA,AWP,WE,Federal Contract Tower,2,10,10,2,24,0,10,36,2,48,2,20,46,4,72,28,14,42,114
01/29/2022,SMX,CA,AWP,WE,Federal Contract Tower,0,2,17,0,19,0,6,40,0,46,0,8,57,0,65,52,0,52,117
01/30/2022,SMX,CA,AWP,WE,Federal Contract Tower,2,2,9,0,13,0,6,38,0,44,2,8,47,0,57,30,0,30,87
01/31/2022,SMX,CA,AWP,WE,Federal Contract Tower,0,9,7,0,16,0,2,43,0,45,0,11,50,0,61,22,0,22,83
02/01/2022,SMX,CA,AWP,WE,Federal Contract Tower,0,9,15,0,24,0,13,30,2,45,0,22,45,2,69,12,14,26,95
02/02/2022,SMX,CA,AWP,WE,Federal Contract Tower,0,9,13,1,23,0,14,37,1,52,0,23,50,2,75,48,22,70,145
02/03/2022,SMX,CA,AWP,WE,Federal Contract Tower,0,11,8,0,19,0,6,40,0,46,0,17,48,0,65,72,10,82,147
02/04/2022,SMX,CA,AWP,WE,Federal Contract Tower,0,10,11,0,21,0,6,36,0,42,0,16,47,0,63,20,0,20,83
02/05/2022,SMX,CA,AWP,WE,Federal Contract Tower,0,2,15,2,19,0,7,54,0,61,0,9,69,2,80,70,0,70,150
02/06/2022,SMX,CA,AWP,WE,Federal Contract Tower,0,1,9,0,10,0,3,50,0,53,0,4,59,0,63,10,0,10,73
02/07/2022,SMX,CA,AWP,WE,Federal Contract Tower,0,5,9,0,14,0,9,27,1,37,0,14,36,1,51,30,20,50,101
02/08/2022,SMX,CA,AWP,WE,Federal Contract Tower,0,12,9,0,21,0,6,44,0,50,0,18,53,0,71,52,0,52,123
02/09/2022,SMX,CA,AWP,WE,Federal Contract Tower,0,12,10,0,22,0,8,50,0,58,0,20,60,0,80,46,0,46,126
02/10/2022,SMX,CA,AWP,WE,Federal Contract Tower,0,8,12,0,20,0,7,22,0,29,0,15,34,0,49,40,0,40,89
02/11/2022,SMX,CA,AWP,WE,Federal Contract Tower,0,8,15,1,24,0,5,46,1,52,0,13,61,2,76,22,4,26,102
02/12/2022,SMX,CA,AWP,WE,Federal Contract Tower,0,3,15,0,18,0,9,42,0,51,0,12,57,0,69,16,0,16,85
02/13/2022,SMX,CA,AWP,WE,Federal Contract Tower,0,3,8,0,11,0,9,21,0,30,0,12,29,0,41,48,0,48,89
02/14/2022,SMX,CA,AWP,WE,Federal Contract Tower,0,19,16,1,36,0,10,27,0,37,0,29,43,1,73,42,2,44,117
02/15/2022,SMX,CA,AWP,WE,Federal Contract Tower,0,12,15,0,27,0,15,13,0,28,0,27,28,0,55,18,0,18,73
02/16/2022,SMX,CA,AWP,WE,Federal Contract Tower,0,11,17,1,29,0,13,50,0,63,0,24,67,1,92,48,6,54,146
02/17/2022,SMX,CA,AWP,WE,Federal Contract Tower,0,8,8,2,18,0,10,42,2,54,0,18,50,4,72,28,6,34,106
02/18/2022,SMX,CA,AWP,WE,Federal Contract Tower,2,7,12,0,21,0,10,56,0,66,2,17,68,0,87,6,0,6,93
02/19/2022,SMX,CA,AWP,WE,Federal Contract Tower,0,6,16,0,22,0,8,52,0,60,0,14,68,0,82,26,0,26,108
02/20/2022,SMX,CA,AWP,WE,Federal Contract Tower,0,2,4,0,6,0,2,28,0,30,0,4,32,0,36,40,0,40,76
02/21/2022,SMX,CA,AWP,WE,Federal Contract Tower,0,7,11,0,18,0,8,15,0,23,0,15,26,0,41,19,0,19,60
02/22/2022,SMX,CA,AWP,WE,Federal Contract Tower,0,10,8,0,18,0,8,7,0,15,0,18,15,0,33,0,0,0,33
02/23/2022,SMX,CA,AWP,WE,Federal Contract Tower,0,8,15,4,27,0,11,29,1,41,0,19,44,5,68,18,52,70,138
02/24/2022,SMX,CA,AWP,WE,Federal Contract Tower,2,10,8,0,20,0,7,48,0,55,2,17,56,0,75,50,0,50,125
02/25/2022,SMX,CA,AWP,WE,Federal Contract Tower,0,8,11,0,19,0,3,49,0,52,0,11,60,0,71,32,0,32,103
02/26/2022,SMX,CA,AWP,WE,Federal Contract Tower,0,1,5,0,6,0,4,54,0,58,0,5,59,0,64,50,0,50,114
02/27/2022,SMX,CA,AWP,WE,Federal Contract Tower,0,2,12,0,14,0,7,43,0,50,0,9,55,0,64,12,0,12,76
02/28/2022,SMX,CA,AWP,WE,Federal Contract Tower,2,4,10,0,16,0,12,24,0,36,2,16,34,0,52,16,0,16,68
03/01/2022,SMX,CA,AWP,WE,Federal Contract Tower,0,7,4,0,11,0,9,23,0,32,0,16,27,0,43,16,0,16,59
03/02/2022,SMX,CA,AWP,WE,Federal Contract Tower,0,12,11,4,27,0,18,42,0,60,0,30,53,4,87,74,12,86,173
03/03/2022,SMX,CA,AWP,WE,Federal Contract Tower,2,11,16,1,30,0,10,35,1,46,2,21,51,2,76,18,14,32,108
03/04/2022,SMX,CA,AWP,WE,Federal Contract Tower,0,8,9,3,20,0,15,11,1,27,0,23,20,4,47,0,8,8,55
03/05/2022,SMX,CA,AWP,WE,Federal Contract Tower,0,3,3,1,7,0,2,5,0,7,0,5,8,1,14,10,0,10,24
03/06/2022,SMX,CA,AWP,WE,Federal Contract Tower,2,1,5,0,8,0,4,36,0,40,2,5,41,0,48,30,0,30,78
03/07/2022,SMX,CA,AWP,WE,Federal Contract Tower,0,4,11,0,15,0,18,30,0,48,0,22,41,0,63,12,0,12,75
03/08/2022,SMX,CA,AWP,WE,Federal Contract Tower,0,8,10,2,20,0,7,31,2,40,0,15,41,4,60,12,2,14,74
03/09/2022,SMX,CA,AWP,WE,Federal Contract Tower,0,8,6,0,14,0,8,45,0,53,0,16,51,0,67,40,0,40,107
03/10/2022,SMX,CA,AWP,WE,Federal Contract Tower,2,7,19,0,28,0,6,32,2,40,2,13,51,2,68,18,0,18,86
03/11/2022,SMX,CA,AWP,WE,Federal Contract Tower,0,7,18,0,25,0,10,59,0,69,0,17,77,0,94,24,0,24,118
03/12/2022,SMX,CA,AWP,WE,Federal Contract Tower,0,5,9,0,14,0,2,47,0,49,0,7,56,0,63,38,0,38,101
03/13/2022,SMX,CA,AWP,WE,Federal Contract Tower,2,3,11,0,16,0,5,20,0,25,2,8,31,0,41,10,0,10,51
03/14/2022,SMX,CA,AWP,WE,Federal Contract Tower,0,5,4,0,9,0,20,30,0,50,0,25,34,0,59,22,0,22,81
03/15/2022,SMX,CA,AWP,WE,Federal Contract Tower,0,13,6,3,22,0,5,17,2,24,0,18,23,5,46,6,14,20,66
03/16/2022,SMX,CA,AWP,WE,Federal Contract Tower,2,8,10,2,22,0,14,27,0,41,2,22,37,2,63,18,8,26,89
03/17/2022,SMX,CA,AWP,WE,Federal Contract Tower,0,8,15,0,23,0,8,42,0,50,0,16,57,0,73,34,0,34,107
03/18/2022,SMX,CA,AWP,WE,Federal Contract Tower,0,9,12,0,21,0,12,36,0,48,0,21,48,0,69,60,0,60,129
03/19/2022,SMX,CA,AWP,WE,Federal Contract Tower,0,3,14,0,17,0,0,5,0,5,0,3,19,0,22,4,0,4,26
03/20/2022,SMX,CA,AWP,WE,Federal Contract Tower,2,0,7,0,9,0,3,22,0,25,2,3,29,0,34,6,0,6,40
03/21/2022,SMX,CA,AWP,WE,Federal Contract Tower,0,5,11,1,17,0,11,32,0,43,0,16,43,1,60,26,2,28,88
03/22/2022,SMX,CA,AWP,WE,Federal Contract Tower,0,8,11,1,20,0,8,29,0,37,0,16,40,1,57,48,4,52,109
03/23/2022,SMX,CA,AWP,WE,Federal Contract Tower,2,10,14,0,26,0,3,46,0,49,2,13,60,0,75,32,0,32,107
03/24/2022,SMX,CA,AWP,WE,Federal Contract Tower,0,9,16,0,25,0,1,48,0,49,0,10,64,0,74,30,4,34,108
03/25/2022,SMX,CA,AWP,WE,Federal Contract Tower,0,11,13,0,24,0,6,26,3,35,0,17,39,3,59,0,6,6,65
03/26/2022,SMX,CA,AWP,WE,Federal Contract Tower,0,4,9,0,13,0,6,31,0,37,0,10,40,0,50,60,0,60,110
03/27/2022,SMX,CA,AWP,WE,Federal Contract Tower,2,0,15,0,17,0,11,23,0,34,2,11,38,0,51,10,0,10,61
03/28/2022,SMX,CA,AWP,WE,Federal Contract Tower,0,8,3,0,11,0,10,0,0,10,0,18,3,0,21,2,0,2,23
03/29/2022,SMX,CA,AWP,WE,Federal Contract Tower,0,9,17,0,26,0,6,23,0,29,0,15,40,0,55,4,0,4,59
03/30/2022,SMX,CA,AWP,WE,Federal Contract Tower,0,18,19,1,38,0,4,29,1,34,0,22,48,2,72,22,12,34,106
03/31/2022,SMX,CA,AWP,WE,Federal Contract Tower,0,12,9,0,21,0,7,23,0,30,0,19,32,0,51,4,16,20,71
04/01/2022,SMX,CA,AWP,WE,Federal Contract Tower,0,15,13,0,28,0,4,33,2,39,0,19,46,2,67,28,0,28,95
04/02/2022,SMX,CA,AWP,WE,Federal Contract Tower,0,7,13,0,20,0,2,10,0,12,0,9,23,0,32,12,0,12,44
04/03/2022,SMX,CA,AWP,WE,Federal Contract Tower,2,8,25,0,35,0,2,9,0,11,2,10,34,0,46,6,0,6,52
04/04/2022,SMX,CA,AWP,WE,Federal Contract Tower,0,7,10,1,18,0,7,15,1,23,0,14,25,2,41,16,2,18,59
04/05/2022,SMX,CA,AWP,WE,Federal Contract Tower,0,9,14,0,23,0,10,39,0,49,0,19,53,0,72,40,0,40,112
04/06/2022,SMX,CA,AWP,WE,Federal Contract Tower,0,7,0,2,9,0,9,36,0,45,0,16,36,2,54,0,0,0,54
04/07/2022,SMX,CA,AWP,WE,Federal Contract Tower,2,9,6,0,17,0,11,34,3,48,2,20,40,3,65,14,4,18,83
04/08/2022,SMX,CA,AWP,WE,Federal Contract Tower,2,6,11,0,19,0,5,40,0,45,2,11,51,0,64,54,0,54,118
04/09/2022,SMX,CA,AWP,WE,Federal Contract Tower,0,3,9,0,12,0,2,42,0,44,0,5,51,0,56,28,0,28,84
04/10/2022,SMX,CA,AWP,WE,Federal Contract Tower,2,1,8,0,11,0,4,42,0,46,2,5,50,0,57,8,6,14,71
04/11/2022,SMX,CA,AWP,WE,Federal Contract Tower,0,7,9,2,18,0,9,9,0,18,0,16,18,2,36,2,4,6,42
04/12/2022,SMX,CA,AWP,WE,Federal Contract Tower,0,8,5,1,14,0,3,22,1,26,0,11,27,2,40,22,4,26,66
04/13/2022,SMX,CA,AWP,WE,Federal Contract Tower,2,8,12,4,26,0,9,28,2,39,2,17,40,6,65,30,14,44,109
04/14/2022,SMX,CA,AWP,WE,Federal Contract Tower,0,10,5,2,17,0,14,35,5,54,0,24,40,7,71,8,36,44,115
04/15/2022,SMX,CA,AWP,WE,Federal Contract Tower,0,7,11,1,19,0,15,34,0,49,0,22,45,1,68,28,2,30,98
04/16/2022,SMX,CA,AWP,WE,Federal Contract Tower,0,2,12,0,14,0,8,4,0,12,0,10,16,0,26,2,0,2,28
04/17/2022,SMX,CA,AWP,WE,Federal Contract Tower,2,1,8,0,11,0,7,19,0,26,2,8,27,0,37,10,0,10,47
04/18/2022,SMX,CA,AWP,WE,Federal Contract Tower,0,10,8,0,18,0,3,22,0,25,0,13,30,0,43,4,0,4,47
04/19/2022,SMX,CA,AWP,WE,Federal Contract Tower,0,15,12,3,30,0,16,20,1,37,0,31,32,4,67,36,18,54,121
04/20/2022,SMX,CA,AWP,WE,Federal Contract Tower,2,7,16,0,25,0,13,37,0,50,2,20,53,0,75,24,0,24,99
04/21/2022,SMX,CA,AWP,WE,Federal Contract Tower,2,11,14,0,27,0,5,9,0,14,2,16,23,0,41,0,0,0,41
04/22/2022,SMX,CA,AWP,WE,Federal Contract Tower,0,5,9,0,14,0,5,14,5,24,0,10,23,5,38,12,8,20,58
04/23/2022,SMX,CA,AWP,WE,Federal Contract Tower,0,2,11,3,16,0,0,30,8,38,0,2,41,11,54,18,20,38,92
04/24/2022,SMX,CA,AWP,WE,Federal Contract Tower,2,1,7,0,10,0,7,62,5,74,2,8,69,5,84,16,4,20,104
04/25/2022,SMX,CA,AWP,WE,Federal Contract Tower,0,9,6,2,17,0,5,57,4,66,0,14,63,6,83,50,16,66,149
04/26/2022,SMX,CA,AWP,WE,Federal Contract Tower,0,13,9,1,23,0,3,27,1,31,0,16,36,2,54,50,0,50,104
04/27/2022,SMX,CA,AWP,WE,Federal Contract Tower,0,11,11,0,22,0,8,34,0,42,0,19,45,0,64,22,0,22,86
04/28/2022,SMX,CA,AWP,WE,Federal Contract Tower,0,16,24,1,41,0,9,53,0,62,0,25,77,1,103,24,8,32,135
04/29/2022,SMX,CA,AWP,WE,Federal Contract Tower,0,13,12,0,25,0,11,74,0,85,0,24,86,0,110,66,0,66,176
04/30/2022,SMX,CA,AWP,WE,Federal Contract Tower,0,7,24,0,31,0,0,110,0,110,0,7,134,0,141,88,0,88,229
05/01/2022,SMX,CA,AWP,WE,Federal Contract Tower,0,3,18,0,21,0,2,36,0,38,0,5,54,0,59,36,0,36,95
05/02/2022,SMX,CA,AWP,WE,Federal Contract Tower,0,13,13,1,27,0,10,15,1,26,0,23,28,2,53,26,6,32,85
05/03/2022,SMX,CA,AWP,WE,Federal Contract Tower,0,10,11,4,25,0,9,40,0,49,0,19,51,4,74,36,20,56,130
05/04/2022,SMX,CA,AWP,WE,Federal Contract Tower,0,8,14,0,22,0,8,61,0,69,0,16,75,0,91,32,0,32,123
05/05/2022,SMX,CA,AWP,WE,Federal Contract Tower,0,18,16,0,34,0,5,26,2,33,0,23,42,2,67,12,0,12,79
05/06/2022,SMX,CA,AWP,WE,Federal Contract Tower,0,6,11,0,17,0,9,37,1,47,0,15,48,1,64,38,6,44,108
05/07/2022,SMX,CA,AWP,WE,Federal Contract Tower,0,8,14,3,25,0,8,18,0,26,0,16,32,3,51,14,6,20,71
05/08/2022,SMX,CA,AWP,WE,Federal Contract Tower,0,0,2,2,4,0,7,19,6,32,0,7,21,8,36,4,0,4,40
05/09/2022,SMX,CA,AWP,WE,Federal Contract Tower,0,6,14,0,20,0,7,42,0,49,0,13,56,0,69,34,0,34,103
05/10/2022,SMX,CA,AWP,WE,Federal Contract Tower,0,10,5,3,18,0,10,30,0,40,0,20,35,3,58,20,4,24,82
05/11/2022,SMX,CA,AWP,WE,Federal Contract Tower,0,9,9,1,19,0,9,55,1,65,0,18,64,2,84,16,4,20,104
05/12/2022,SMX,CA,AWP,WE,Federal Contract Tower,0,8,8,2,18,0,5,46,0,51,0,13,54,2,69,26,2,28,97
05/13/2022,SMX,CA,AWP,WE,Federal Contract Tower,0,7,3,2,12,0,9,44,10,63,0,16,47,12,75,2,10,12,87
05/14/2022,SMX,CA,AWP,WE,Federal Contract Tower,2,6,14,0,22,0,2,69,0,71,2,8,83,0,93,14,0,14,107
05/15/2022,SMX,CA,AWP,WE,Federal Contract Tower,0,0,11,0,11,0,0,31,0,31,0,0,42,0,42,18,0,18,60
05/16/2022,SMX,CA,AWP,WE,Federal Contract Tower,0,7,9,0,16,0,8,14,0,22,0,15,23,0,38,22,0,22,60
05/17/2022,SMX,CA,AWP,WE,Federal Contract Tower,0,13,15,1,29,0,7,22,1,30,0,20,37,2,59,22,8,30,89
05/18/2022,SMX,CA,AWP,WE,Federal Contract Tower,0,12,7,2,21,0,10,44,2,56,0,22,51,4,77,12,4,16,93
05/19/2022,SMX,CA,AWP,WE,Federal Contract Tower,0,11,6,4,21,0,6,28,0,34,0,17,34,4,55,44,8,52,107
05/20/2022,SMX,CA,AWP,WE,Federal Contract Tower,2,14,10,2,28,0,8,20,1,29,2,22,30,3,57,16,14,30,87
05/21/2022,SMX,CA,AWP,WE,Federal Contract Tower,0,4,11,0,15,0,8,46,0,54,0,12,57,0,69,54,0,54,123
05/22/2022,SMX,CA,AWP,WE,Federal Contract Tower,2,2,9,0,13,0,7,52,0,59,2,9,61,0,72,18,0,18,90
05/23/2022,SMX,CA,AWP,WE,Federal Contract Tower,0,5,12,0,17,0,11,48,0,59,0,16,60,0,76,50,0,50,126
05/24/2022,SMX,CA,AWP,WE,Federal Contract Tower,0,12,6,0,18,0,16,57,0,73,0,28,63,0,91,44,2,46,137
05/25/2022,SMX,CA,AWP,WE,Federal Contract Tower,0,13,16,2,31,0,6,39,0,45,0,19,55,2,76,40,12,52,128
05/26/2022,SMX,CA,AWP,WE,Federal Contract Tower,0,16,12,0,28,0,2,14,0,16,0,18,26,0,44,2,0,2,46
05/27/2022,SMX,CA,AWP,WE,Federal Contract Tower,0,11,13,1,25,0,6,21,1,28,0,17,34,2,53,32,8,40,93
05/28/2022,SMX,CA,AWP,WE,Federal Contract Tower,0,3,12,1,16,0,11,17,1,29,0,14,29,2,45,8,2,10,55
05/29/2022,SMX,CA,AWP,WE,Federal Contract Tower,2,0,8,0,10,0,5,22,3,30,2,5,30,3,40,0,0,0,40
05/30/2022,SMX,CA,AWP,WE,Federal Contract Tower,0,0,21,0,21,0,4,41,0,45,0,4,62,0,66,10,0,10,76
05/31/2022,SMX,CA,AWP,WE,Federal Contract Tower,0,11,6,2,19,0,12,39,0,51,0,23,45,2,70,28,4,32,102
06/01/2022,SMX,CA,AWP,WE,Federal Contract Tower,0,12,18,0,30,0,14,54,2,70,0,26,72,2,100,30,0,30,130
06/02/2022,SMX,CA,AWP,WE,Federal Contract Tower,0,9,12,0,21,0,8,41,0,49,0,17,53,0,70,42,0,42,112
06/03/2022,SMX,CA,AWP,WE,Federal Contract Tower,0,11,16,1,28,0,5,37,1,43,0,16,53,2,71,16,0,16,87
06/04/2022,SMX,CA,AWP,WE,Federal Contract Tower,0,4,16,0,20,0,5,15,0,20,0,9,31,0,40,20,0,20,60
06/05/2022,SMX,CA,AWP,WE,Federal Contract Tower,2,0,9,0,11,0,1,48,0,49,2,1,57,0,60,22,0,22,82
06/06/2022,SMX,CA,AWP,WE,Federal Contract Tower,0,7,12,2,21,0,7,26,0,33,0,14,38,2,54,10,4,14,68
06/07/2022,SMX,CA,AWP,WE,Federal Contract Tower,0,16,21,0,37,0,7,27,2,36,0,23,48,2,73,12,10,22,95
06/08/2022,SMX,CA,AWP,WE,Federal Contract Tower,0,11,10,1,22,0,15,33,0,48,0,26,43,1,70,12,2,14,84
06/09/2022,SMX,CA,AWP,WE,Federal Contract Tower,0,12,14,4,30,0,6,38,1,45,0,18,52,5,75,28,10,38,113
06/10/2022,SMX,CA,AWP,WE,Federal Contract Tower,0,9,11,2,22,0,3,34,0,37,0,12,45,2,59,30,0,30,89
06/11/2022,SMX,CA,AWP,WE,Federal Contract Tower,0,2,16,0,18,0,8,57,0,65,0,10,73,0,83,82,0,82,165
06/12/2022,SMX,CA,AWP,WE,Federal Contract Tower,2,1,18,0,21,0,2,27,0,29,2,3,45,0,50,6,0,6,56
06/13/2022,SMX,CA,AWP,WE,Federal Contract Tower,0,12,10,0,22,0,11,25,0,36,0,23,35,0,58,12,0,12,70
06/14/2022,SMX,CA,AWP,WE,Federal Contract Tower,0,11,9,9,29,0,11,41,4,56,0,22,50,13,85,10,34,44,129
06/15/2022,SMX,CA,AWP,WE,Federal Contract Tower,0,8,16,2,26,0,8,58,3,69,0,16,74,5,95,40,4,44,139
06/16/2022,SMX,CA,AWP,WE,Federal Contract Tower,0,10,12,0,22,0,8,47,1,56,0,18,59,1,78,60,10,70,148
06/17/2022,SMX,CA,AWP,WE,Federal Contract Tower,0,6,10,5,21,0,5,43,0,48,0,11,53,5,69,14,2,16,85
06/18/2022,SMX,CA,AWP,WE,Federal Contract Tower,0,2,10,0,12,0,10,42,0,52,0,12,52,0,64,68,0,68,132
06/19/2022,SMX,CA,AWP,WE,Federal Contract Tower,0,0,10,0,10,0,9,44,0,53,0,9,54,0,63,26,0,26,89
06/20/2022,SMX,CA,AWP,WE,Federal Contract Tower,0,8,16,0,24,0,7,46,0,53,0,15,62,0,77,64,0,64,141
06/21/2022,SMX,CA,AWP,WE,Federal Contract Tower,0,9,8,4,21,0,7,39,2,48,0,16,47,6,69,44,2,46,115
06/22/2022,SMX,CA,AWP,WE,Federal Contract Tower,0,8,9,5,22,0,8,15,1,24,0,16,24,6,46,46,34,80,126
06/23/2022,SMX,CA,AWP,WE,Federal Contract Tower,0,9,9,2,20,0,5,58,0,63,0,14,67,2,83,64,10,74,157
06/24/2022,SMX,CA,AWP,WE,Federal Contract Tower,0,6,4,1,11,0,6,54,2,62,0,12,58,3,73,46,0,46,119
06/25/2022,SMX,CA,AWP,WE,Federal Contract Tower,0,5,11,1,17,0,0,36,0,36,0,5,47,1,53,16,0,16,69
06/26/2022,SMX,CA,AWP,WE,Federal Contract Tower,0,1,14,0,15,0,9,42,0,51,0,10,56,0,66,62,0,62,128
06/27/2022,SMX,CA,AWP,WE,Federal Contract Tower,1,10,12,5,28,0,14,43,0,57,1,24,55,5,85,20,34,54,139
06/28/2022,SMX,CA,AWP,WE,Federal Contract Tower,1,12,14,1,28,0,7,132,2,141,1,19,146,3,169,10,8,18,187
06/29/2022,SMX,CA,AWP,WE,Federal Contract Tower,0,8,8,3,19,0,10,40,0,50,0,18,48,3,69,42,6,48,117
06/30/2022,SMX,CA,AWP,WE,Federal Contract Tower,0,3,12,0,15,0,3,21,0,24,0,6,33,0,39,20,0,20,59
07/01/2022,SMX,CA,AWP,WE,Federal Contract Tower,0,12,14,0,26,0,4,30,0,34,0,16,44,0,60,14,0,14,74
07/02/2022,SMX,CA,AWP,WE,Federal Contract Tower,0,5,5,0,10,0,3,18,0,21,0,8,23,0,31,10,0,10,41
07/03/2022,SMX,CA,AWP,WE,Federal Contract Tower,0,3,11,0,14,0,6,24,0,30,0,9,35,0,44,10,0,10,54
07/04/2022,SMX,CA,AWP,WE,Federal Contract Tower,0,1,5,0,6,0,4,19,0,23,0,5,24,0,29,12,0,12,41
07/05/2022,SMX,CA,AWP,WE,Federal Contract Tower,0,7,13,0,20,0,0,25,0,25,0,7,38,0,45,8,0,8,53
07/06/2022,SMX,CA,AWP,WE,Federal Contract Tower,0,14,14,1,29,0,15,19,1,35,0,29,33,2,64,28,14,42,106
07/07/2022,SMX,CA,AWP,WE,Federal Contract Tower,0,14,17,3,34,0,3,34,1,38,0,17,51,4,72,36,16,52,124
07/08/2022,SMX,CA,AWP,WE,Federal Contract Tower,0,10,9,0,19,0,8,37,0,45,0,18,46,0,64,22,0,22,86
07/09/2022,SMX,CA,AWP,WE,Federal Contract Tower,1,2,9,0,12,0,4,25,0,29,1,6,34,0,41,36,0,36,77
07/10/2022,SMX,CA,AWP,WE,Federal Contract Tower,0,1,18,0,19,0,3,34,0,37,0,4,52,0,56,82,0,82,138
07/11/2022,SMX,CA,AWP,WE,Federal Contract Tower,0,6,5,1,12,0,16,32,0,48,0,22,37,1,60,0,8,8,68
07/12/2022,SMX,CA,AWP,WE,Federal Contract Tower,0,16,5,3,24,0,5,34,0,39,0,21,39,3,63,16,36,52,115
07/13/2022,SMX,CA,AWP,WE,Federal Contract Tower,0,12,10,3,25,0,3,26,0,29,0,15,36,3,54,6,16,22,76
07/14/2022,SMX,CA,AWP,WE,Federal Contract Tower,0,14,11,3,28,0,4,20,0,24,0,18,31,3,52,34,0,34,86
07/15/2022,SMX,CA,AWP,WE,Federal Contract Tower,0,7,2,6,15,0,13,46,0,59,0,20,48,6,74,44,24,68,142
07/16/2022,SMX,CA,AWP,WE,Federal Contract Tower,0,3,13,0,16,0,3,31,0,34,0,6,44,0,50,70,0,70,120
07/17/2022,SMX,CA,AWP,WE,Federal Contract Tower,0,0,6,0,6,0,0,22,0,22,0,0,28,0,28,18,0,18,46
07/18/2022,SMX,CA,AWP,WE,Federal Contract Tower,0,9,4,3,16,0,4,29,0,33,0,13,33,3,49,0,12,12,61
07/19/2022,SMX,CA,AWP,WE,Federal Contract Tower,0,12,9,0,21,0,8,30,1,39,0,20,39,1,60,46,16,62,122
07/20/2022,SMX,CA,AWP,WE,Federal Contract Tower,0,13,5,7,25,0,6,40,0,46,0,19,45,7,71,40,24,64,135
07/21/2022,SMX,CA,AWP,WE,Federal Contract Tower,0,15,15,6,36,0,16,50,4,70,0,31,65,10,106,26,26,52,158
07/22/2022,SMX,CA,AWP,WE,Federal Contract Tower,0,8,16,1,25,0,8,51,0,59,0,16,67,1,84,28,10,38,122
07/23/2022,SMX,CA,AWP,WE,Federal Contract Tower,0,3,13,0,16,0,8,30,0,38,0,11,43,0,54,56,0,56,110
07/24/2022,SMX,CA,AWP,WE,Federal Contract Tower,0,4,12,0,16,0,0,31,0,31,0,4,43,0,47,18,0,18,65
07/25/2022,SMX,CA,AWP,WE,Federal Contract Tower,0,16,9,1,26,0,4,13,2,19,0,20,22,3,45,8,8,16,61
07/26/2022,SMX,CA,AWP,WE,Federal Contract Tower,0,15,5,1,21,0,4,20,0,24,0,19,25,1,45,10,16,26,71
07/27/2022,SMX,CA,AWP,WE,Federal Contract Tower,0,14,15,8,37,0,3,30,0,33,0,17,45,8,70,28,18,46,116
07/28/2022,SMX,CA,AWP,WE,Federal Contract Tower,0,10,10,1,21,0,3,29,0,32,0,13,39,1,53,16,6,22,75
07/29/2022,SMX,CA,AWP,WE,Federal Contract Tower,0,7,9,2,18,0,8,37,0,45,0,15,46,2,63,34,8,42,105
07/30/2022,SMX,CA,AWP,WE,Federal Contract Tower,0,2,7,0,9,0,7,31,0,38,0,9,38,0,47,12,0,12,59
07/31/2022,SMX,CA,AWP,WE,Federal Contract Tower,0,2,9,2,13,0,8,44,0,52,0,10,53,2,65,26,0,26,91
08/01/2022,SMX,CA,AWP,WE,Federal Contract Tower,0,5,9,0,14,0,6,13,4,23,0,11,22,4,37,28,0,28,65
08/02/2022,SMX,CA,AWP,WE,Federal Contract Tower,0,11,12,1,24,0,9,26,0,35,0,20,38,1,59,24,2,26,85
08/03/2022,SMX,CA,AWP,WE,Federal Contract Tower,0,19,7,1,27,0,7,27,1,35,0,26,34,2,62,34,2,36,98
08/04/2022,SMX,CA,AWP,WE,Federal Contract Tower,0,11,13,1,25,0,5,33,1,39,0,16,46,2,64,16,10,26,90
08/05/2022,SMX,CA,AWP,WE,Federal Contract Tower,0,10,6,1,17,0,8,19,3,30,0,18,25,4,47,36,12,48,95
08/06/2022,SMX,CA,AWP,WE,Federal Contract Tower,0,4,16,0,20,0,4,23,4,31,0,8,39,4,51,38,0,38,89
08/07/2022,SMX,CA,AWP,WE,Federal Contract Tower,0,6,8,0,14,0,1,35,0,36,0,7,43,0,50,40,0,40,90
08/08/2022,SMX,CA,AWP,WE,Federal Contract Tower,1,4,11,0,16,0,8,32,0,40,1,12,43,0,56,22,0,22,78
08/09/2022,SMX,CA,AWP,WE,Federal Contract Tower,0,15,13,4,32,0,1,30,0,31,0,16,43,4,63,58,10,68,131
08/10/2022,SMX,CA,AWP,WE,Federal Contract Tower,0,14,14,2,30,0,9,39,0,48,0,23,53,2,78,30,20,50,128
08/11/2022,SMX,CA,AWP,WE,Federal Contract Tower,0,10,11,0,21,0,3,24,3,30,0,13,35,3,51,28,10,38,89
08/12/2022,SMX,CA,AWP,WE,Federal Contract Tower,0,11,12,0,23,0,6,36,2,44,0,17,48,2,67,28,2,30,97
08/13/2022,SMX,CA,AWP,WE,Federal Contract Tower,0,2,5,1,8,0,8,31,12,51,0,10,36,13,59,30,74,104,163
08/14/2022,SMX,CA,AWP,WE,Federal Contract Tower,0,1,15,0,16,0,5,32,8,45,0,6,47,8,61,32,2,34,95
08/15/2022,SMX,CA,AWP,WE,Federal Contract Tower,0,8,14,3,25,0,12,42,8,62,0,20,56,11,87,26,38,64,151
08/16/2022,SMX,CA,AWP,WE,Federal Contract Tower,0,11,8,2,21,0,4,39,4,47,0,15,47,6,68,52,6,58,126
08/17/2022,SMX,CA,AWP,WE,Federal Contract Tower,0,11,10,1,22,0,17,35,0,52,0,28,45,1,74,38,14,52,126
08/18/2022,SMX,CA,AWP,WE,Federal Contract Tower,0,12,19,2,33,0,2,28,2,32,0,14,47,4,65,22,26,48,113
08/19/2022,SMX,CA,AWP,WE,Federal Contract Tower,2,7,17,1,27,0,6,41,0,47,2,13,58,1,74,24,2,26,100
08/20/2022,SMX,CA,AWP,WE,Federal Contract Tower,0,3,15,0,18,0,5,58,0,63,0,8,73,0,81,14,0,14,95
08/21/2022,SMX,CA,AWP,WE,Federal Contract Tower,2,1,16,4,23,0,4,7,0,11,2,5,23,4,34,34,0,34,68
08/22/2022,SMX,CA,AWP,WE,Federal Contract Tower,0,4,15,2,21,0,7,34,6,47,0,11,49,8,68,28,4,32,100
08/23/2022,SMX,CA,AWP,WE,Federal Contract Tower,0,15,10,2,27,0,2,33,8,43,0,17,43,10,70,56,0,56,126
08/24/2022,SMX,CA,AWP,WE,Federal Contract Tower,0,12,15,5,32,0,3,43,3,49,0,15,58,8,81,32,2,34,115
08/25/2022,SMX,CA,AWP,WE,Federal Contract Tower,0,8,13,3,24,0,3,36,1,40,0,11,49,4,64,34,18,52,116
08/26/2022,SMX,CA,AWP,WE,Federal Contract Tower,2,9,17,0,28,0,8,36,0,44,2,17,53,0,72,40,4,44,116
08/27/2022,SMX,CA,AWP,WE,Federal Contract Tower,0,4,17,6,27,0,3,45,0,48,0,7,62,6,75,28,10,38,113
08/28/2022,SMX,CA,AWP,WE,Federal Contract Tower,2,0,20,2,24,0,5,32,0,37,2,5,52,2,61,18,4,22,83
08/29/2022,SMX,CA,AWP,WE,Federal Contract Tower,0,10,15,0,25,0,6,42,4,52,0,16,57,4,77,28,0,28,105
08/30/2022,SMX,CA,AWP,WE,Federal Contract Tower,0,10,3,2,15,0,11,44,7,62,0,21,47,9,77,66,2,68,145
08/31/2022,SMX,CA,AWP,WE,Federal Contract Tower,0,8,16,3,27,0,16,39,4,59,0,24,55,7,86,24,6,30,116
09/01/2022,SMX,CA,AWP,WE,Federal Contract Tower,0,8,17,0,25,0,7,40,0,47,0,15,57,0,72,46,0,46,118
09/02/2022,SMX,CA,AWP,WE,Federal Contract Tower,2,7,17,2,28,0,8,30,2,40,2,15,47,4,68,106,4,110,178
09/03/2022,SMX,CA,AWP,WE,Federal Contract Tower,0,1,13,0,14,0,5,45,2,52,0,6,58,2,66,52,0,52,118
09/04/2022,SMX,CA,AWP,WE,Federal Contract Tower,0,4,17,0,21,0,1,36,0,37,0,5,53,0,58,60,0,60,118
09/05/2022,SMX,CA,AWP,WE,Federal Contract Tower,2,0,17,0,19,0,12,41,0,53,2,12,58,0,72,16,0,16,88
09/06/2022,SMX,CA,AWP,WE,Federal Contract Tower,0,11,7,0,18,0,19,30,0,49,0,30,37,0,67,32,0,32,99
09/07/2022,SMX,CA,AWP,WE,Federal Contract Tower,0,14,16,2,32,0,19,51,2,72,0,33,67,4,104,60,6,66,170
09/08/2022,SMX,CA,AWP,WE,Federal Contract Tower,0,10,9,4,23,0,7,31,0,38,0,17,40,4,61,2,28,30,91
09/09/2022,SMX,CA,AWP,WE,Federal Contract Tower,2,11,12,2,27,0,15,36,0,51,2,26,48,2,78,20,6,26,104
09/10/2022,SMX,CA,AWP,WE,Federal Contract Tower,0,5,10,2,17,0,4,20,0,24,0,9,30,2,41,14,4,18,59
09/11/2022,SMX,CA,AWP,WE,Federal Contract Tower,2,0,13,0,15,0,11,22,4,37,2,11,35,4,52,14,0,14,66
09/12/2022,SMX,CA,AWP,WE,Federal Contract Tower,0,7,8,3,18,0,15,26,4,45,0,22,34,7,63,6,14,20,83
09/13/2022,SMX,CA,AWP,WE,Federal Contract Tower,0,13,10,3,26,0,10,26,1,37,0,23,36,4,63,40,4,44,107
09/14/2022,SMX,CA,AWP,WE,Federal Contract Tower,0,11,11,0,22,0,11,27,0,38,0,22,38,0,60,10,0,10,70
09/15/2022,SMX,CA,AWP,WE,Federal Contract Tower,0,12,16,0,28,0,0,22,0,22,0,12,38,0,50,42,0,42,92
09/16/2022,SMX,CA,AWP,WE,Federal Contract Tower,2,12,10,0,24,0,12,22,0,34,2,24,32,0,58,24,0,24,82
09/17/2022,SMX,CA,AWP,WE,Federal Contract Tower,0,3,9,0,12,0,2,17,2,21,0,5,26,2,33,10,0,10,43
09/18/2022,SMX,CA,AWP,WE,Federal Contract Tower,2,0,9,0,11,0,3,18,0,21,2,3,27,0,32,20,0,20,52
09/19/2022,SMX,CA,AWP,WE,Federal Contract Tower,0,11,16,1,28,0,5,0,0,5,0,16,16,1,33,16,0,16,49
09/20/2022,SMX,CA,AWP,WE,Federal Contract Tower,0,15,17,0,32,0,7,21,0,28,0,22,38,0,60,34,0,34,94
09/21/2022,SMX,CA,AWP,WE,Federal Contract Tower,0,13,9,0,22,0,7,30,3,40,0,20,39,3,62,44,2,46,108
09/22/2022,SMX,CA,AWP,WE,Federal Contract Tower,0,12,13,3,28,0,8,33,1,42,0,20,46,4,70,28,12,40,110
09/23/2022,SMX,CA,AWP,WE,Federal Contract Tower,2,11,13,0,26,0,7,41,0,48,2,18,54,0,74,90,0,90,164
09/24/2022,SMX,CA,AWP,WE,Federal Contract Tower,0,4,14,0,18,0,14,33,4,51,0,18,47,4,69,30,0,30,99
09/25/2022,SMX,CA,AWP,WE,Federal Contract Tower,3,6,15,0,24,0,14,21,4,39,3,20,36,4,63,22,0,22,85
09/26/2022,SMX,CA,AWP,WE,Federal Contract Tower,0,8,12,11,31,0,3,25,0,28,0,11,37,11,59,12,0,12,71
09/27/2022,SMX,CA,AWP,WE,Federal Contract Tower,0,10,13,4,27,0,4,27,8,39,0,14,40,12,66,22,0,22,88
09/28/2022,SMX,CA,AWP,WE,Federal Contract Tower,0,10,10,5,25,0,11,29,12,52,0,21,39,17,77,12,0,12,89
09/29/2022,SMX,CA,AWP,WE,Federal Contract Tower,0,12,16,7,35,0,8,23,11,42,0,20,39,18,77,0,0,0,77
09/30/2022,SMX,CA,AWP,WE,Federal Contract Tower,2,11,20,11,44,0,14,26,16,56,2,25,46,27,100,4,0,4,104
10/01/2022,SMX,CA,AWP,WE,Federal Contract Tower,0,3,14,5,22,0,8,7,0,15,0,11,21,5,37,40,0,40,77
10/02/2022,SMX,CA,AWP,WE,Federal Contract Tower,2,4,10,0,16,0,7,28,2,37,2,11,38,2,53,4,2,6,59
10/03/2022,SMX,CA,AWP,WE,Federal Contract Tower,0,8,12,2,22,0,9,28,0,37,0,17,40,2,59,22,4,26,85
10/04/2022,SMX,CA,AWP,WE,Federal Contract Tower,0,16,5,0,21,0,10,30,0,40,0,26,35,0,61,44,0,44,105
10/05/2022,SMX,CA,AWP,WE,Federal Contract Tower,0,9,6,3,18,0,5,31,1,37,0,14,37,4,55,32,6,38,93
10/06/2022,SMX,CA,AWP,WE,Federal Contract Tower,0,9,18,5,32,0,9,22,0,31,0,18,40,5,63,44,12,56,119
10/07/2022,SMX,CA,AWP,WE,Federal Contract Tower,0,9,9,0,18,0,12,18,0,30,0,21,27,0,48,16,0,16,64
10/08/2022,SMX,CA,AWP,WE,Federal Contract Tower,1,3,16,0,20,0,12,29,0,41,1,15,45,0,61,40,0,40,101
10/09/2022,SMX,CA,AWP,WE,Federal Contract Tower,2,4,25,0,31,0,0,27,0,27,2,4,52,0,58,28,0,28,86
10/10/2022,SMX,CA,AWP,WE,Federal Contract Tower,0,13,18,0,31,0,1,13,0,14,0,14,31,0,45,28,0,28,73
10/11/2022,SMX,CA,AWP,WE,Federal Contract Tower,0,16,9,0,25,0,1,1,0,2,0,17,10,0,27,0,0,0,27
10/12/2022,SMX,CA,AWP,WE,Federal Contract Tower,0,19,22,2,43,0,5,18,0,23,0,24,40,2,66,14,0,14,80
10/13/2022,SMX,CA,AWP,WE,Federal Contract Tower,0,13,22,1,36,0,2,62,3,67,0,15,84,4,103,18,8,26,129
10/14/2022,SMX,CA,AWP,WE,Federal Contract Tower,0,15,12,8,35,0,0,6,2,8,0,15,18,10,43,4,0,4,47
10/15/2022,SMX,CA,AWP,WE,Federal Contract Tower,0,6,6,2,14,0,1,8,2,11,0,7,14,4,25,8,2,10,35
10/16/2022,SMX,CA,AWP,WE,Federal Contract Tower,2,3,4,0,9,0,0,45,1,46,2,3,49,1,55,4,0,4,59
10/17/2022,SMX,CA,AWP,WE,Federal Contract Tower,0,4,15,12,31,0,4,49,6,59,0,8,64,18,90,32,2,34,124
10/18/2022,SMX,CA,AWP,WE,Federal Contract Tower,0,7,8,0,15,0,7,40,0,47,0,14,48,0,62,56,0,56,118
10/19/2022,SMX,CA,AWP,WE,Federal Contract Tower,0,8,1,3,12,0,8,37,3,48,0,16,38,6,60,30,10,40,100
10/20/2022,SMX,CA,AWP,WE,Federal Contract Tower,0,5,17,3,25,0,6,37,0,43,0,11,54,3,68,58,6,64,132
10/21/2022,SMX,CA,AWP,WE,Federal Contract Tower,0,15,9,4,28,0,7,25,5,37,0,22,34,9,65,68,12,80,145
10/22/2022,SMX,CA,AWP,WE,Federal Contract Tower,0,2,9,5,16,0,3,15,0,18,0,5,24,5,34,6,0,6,40
10/23/2022,SMX,CA,AWP,WE,Federal Contract Tower,0,1,11,2,14,0,7,39,2,48,0,8,50,4,62,36,0,36,98
10/24/2022,SMX,CA,AWP,WE,Federal Contract Tower,0,5,4,2,11,0,14,23,0,37,0,19,27,2,48,28,10,38,86
10/25/2022,SMX,CA,AWP,WE,Federal Contract Tower,0,16,7,3,26,0,10,50,0,60,0,26,57,3,86,42,2,44,130
10/26/2022,SMX,CA,AWP,WE,Federal Contract Tower,0,20,14,6,40,0,10,24,0,34,0,30,38,6,74,36,0,36,110
10/27/2022,SMX,CA,AWP,WE,Federal Contract Tower,0,8,6,0,14,0,10,29,2,41,0,18,35,2,55,56,0,56,111
10/28/2022,SMX,CA,AWP,WE,Federal Contract Tower,2,6,17,1,26,0,6,38,1,45,2,12,55,2,71,16,10,26,97
10/29/2022,SMX,CA,AWP,WE,Federal Contract Tower,0,5,6,0,11,0,3,24,0,27,0,8,30,0,38,28,0,28,66
10/30/2022,SMX,CA,AWP,WE,Federal Contract Tower,2,0,11,1,14,0,11,25,3,39,2,11,36,4,53,26,2,28,81
10/31/2022,SMX,CA,AWP,WE,Federal Contract Tower,2,6,16,5,29,0,8,21,5,34,2,14,37,10,63,26,0,26,89
11/01/2022,SMX,CA,AWP,WE,Federal Contract Tower,0,10,13,8,31,0,7,11,9,27,0,17,24,17,58,2,0,2,60
11/02/2022,SMX,CA,AWP,WE,Federal Contract Tower,0,13,10,8,31,0,11,32,6,49,0,24,42,14,80,22,8,30,110
11/03/2022,SMX,CA,AWP,WE,Federal Contract Tower,0,11,15,6,32,0,5,33,16,54,0,16,48,22,86,38,12,50,136
11/04/2022,SMX,CA,AWP,WE,Federal Contract Tower,2,7,17,5,31,0,9,47,18,74,2,16,64,23,105,48,0,48,153
11/05/2022,SMX,CA,AWP,WE,Federal Contract Tower,0,3,14,0,17,0,16,55,1,72,0,19,69,1,89,38,2,40,129
11/06/2022,SMX,CA,AWP,WE,Federal Contract Tower,0,4,5,0,9,0,2,11,0,13,0,6,16,0,22,30,2,32,54
11/07/2022,SMX,CA,AWP,WE,Federal Contract Tower,0,10,13,4,27,0,3,6,11,20,0,13,19,15,47,0,0,0,47
11/08/2022,SMX,CA,AWP,WE,Federal Contract Tower,0,7,4,1,12,0,6,0,0,6,0,13,4,1,18,0,2,2,20
11/09/2022,SMX,CA,AWP,WE,Federal Contract Tower,0,9,9,9,27,0,14,32,14,60,0,23,41,23,87,56,8,64,151
11/10/2022,SMX,CA,AWP,WE,Federal Contract Tower,0,9,9,6,24,0,10,32,12,54,0,19,41,18,78,12,6,18,96
11/11/2022,SMX,CA,AWP,WE,Federal Contract Tower,0,8,7,1,16,0,12,49,1,62,0,20,56,2,78,88,4,92,170
11/12/2022,SMX,CA,AWP,WE,Federal Contract Tower,0,2,10,1,13,0,7,37,0,44,0,9,47,1,57,42,0,42,99
11/13/2022,SMX,CA,AWP,WE,Federal Contract Tower,2,1,5,0,8,0,6,39,0,45,2,7,44,0,53,66,2,68,121
11/14/2022,SMX,CA,AWP,WE,Federal Contract Tower,0,6,5,1,12,0,2,37,0,39,0,8,42,1,51,12,0,12,63
11/15/2022,SMX,CA,AWP,WE,Federal Contract Tower,0,14,12,5,31,0,14,35,2,51,0,28,47,7,82,46,18,64,146
11/16/2022,SMX,CA,AWP,WE,Federal Contract Tower,0,12,6,4,22,0,6,21,1,28,0,18,27,5,50,14,46,60,110
11/17/2022,SMX,CA,AWP,WE,Federal Contract Tower,0,11,8,2,21,0,8,34,0,42,0,19,42,2,63,34,28,62,125
11/18/2022,SMX,CA,AWP,WE,Federal Contract Tower,0,12,2,5,19,0,9,34,0,43,0,21,36,5,62,38,6,44,106
11/19/2022,SMX,CA,AWP,WE,Federal Contract Tower,0,5,2,0,7,0,8,47,0,55,0,13,49,0,62,52,0,52,114
11/20/2022,SMX,CA,AWP,WE,Federal Contract Tower,2,0,10,0,12,0,15,58,0,73,2,15,68,0,85,48,0,48,133
11/21/2022,SMX,CA,AWP,WE,Federal Contract Tower,0,5,10,5,20,0,5,39,4,48,0,10,49,9,68,52,14,66,134
11/22/2022,SMX,CA,AWP,WE,Federal Contract Tower,0,8,4,3,15,0,12,30,0,42,0,20,34,3,57,34,18,52,109
11/23/2022,SMX,CA,AWP,WE,Federal Contract Tower,0,8,14,0,22,0,10,37,0,47,0,18,51,0,69,82,0,82,151
11/24/2022,SMX,CA,AWP,WE,Federal Contract Tower,0,0,1,0,1,0,0,11,0,11,0,0,12,0,12,0,0,0,12
11/25/2022,SMX,CA,AWP,WE,Federal Contract Tower,0,8,1,1,10,0,10,33,0,43,0,18,34,1,53,46,0,46,99
11/26/2022,SMX,CA,AWP,WE,Federal Contract Tower,0,1,15,0,16,0,5,22,0,27,0,6,37,0,43,30,0,30,73
11/27/2022,SMX,CA,AWP,WE,Federal Contract Tower,1,6,4,0,11,0,4,42,0,46,1,10,46,0,57,22,0,22,79
11/28/2022,SMX,CA,AWP,WE,Federal Contract Tower,2,11,11,6,30,0,5,19,0,24,2,16,30,6,54,44,6,50,104
11/29/2022,SMX,CA,AWP,WE,Federal Contract Tower,0,12,8,1,21,0,7,24,1,32,0,19,32,2,53,14,2,16,69
11/30/2022,SMX,CA,AWP,WE,Federal Contract Tower,0,19,16,0,35,0,6,19,2,27,0,25,35,2,62,44,0,44,106
12/01/2022,SMX,CA,AWP,WE,Federal Contract Tower,0,16,4,1,21,0,8,5,0,13,0,24,9,1,34,0,0,0,34
12/03/2022,SMX,CA,AWP,WE,Federal Contract Tower,0,6,9,0,15,0,1,3,0,4,0,7,12,0,19,14,0,14,33
12/04/2022,SMX,CA,AWP,WE,Federal Contract Tower,2,1,11,2,16,0,5,18,2,25,2,6,29,4,41,34,0,34,75
12/05/2022,SMX,CA,AWP,WE,Federal Contract Tower,0,6,6,5,17,0,21,32,12,65,0,27,38,17,82,34,14,48,130
12/06/2022,SMX,CA,AWP,WE,Federal Contract Tower,2,12,6,7,27,0,10,25,9,44,2,22,31,16,71,30,0,30,101
12/07/2022,SMX,CA,AWP,WE,Federal Contract Tower,0,10,7,8,25,0,7,49,18,74,0,17,56,26,99,34,8,42,141
12/08/2022,SMX,CA,AWP,WE,Federal Contract Tower,0,13,13,8,34,0,8,45,15,68,0,21,58,23,102,26,8,34,136
12/09/2022,SMX,CA,AWP,WE,Federal Contract Tower,0,14,13,9,36,0,5,67,14,86,0,19,80,23,122,82,4,86,208
12/10/2022,SMX,CA,AWP,WE,Federal Contract Tower,0,6,3,0,9,0,2,8,0,10,0,8,11,0,19,24,2,26,45
12/11/2022,SMX,CA,AWP,WE,Federal Contract Tower,2,0,3,0,5,0,5,6,2,13,2,5,9,2,18,6,2,8,26
12/12/2022,SMX,CA,AWP,WE,Federal Contract Tower,0,5,8,9,22,0,5,22,15,42,0,10,30,24,64,20,2,22,86
12/13/2022,SMX,CA,AWP,WE,Federal Contract Tower,0,12,11,5,28,0,10,51,9,70,0,22,62,14,98,22,0,22,120
12/14/2022,SMX,CA,AWP,WE,Federal Contract Tower,0,14,12,5,31,0,13,60,9,82,0,27,72,14,113,16,12,28,141
12/15/2022,SMX,CA,AWP,WE,Federal Contract Tower,0,14,10,9,33,0,14,32,9,55,0,28,42,18,88,32,6,38,126
12/16/2022,SMX,CA,AWP,WE,Federal Contract Tower,2,9,11,3,25,0,4,40,1,45,2,13,51,4,70,18,0,18,88
12/17/2022,SMX,CA,AWP,WE,Federal Contract Tower,0,5,10,0,15,0,8,27,0,35,0,13,37,0,50,34,0,34,84
12/18/2022,SMX,CA,AWP,WE,Federal Contract Tower,0,3,7,0,10,0,1,36,0,37,0,4,43,0,47,30,0,30,77
12/19/2022,SMX,CA,AWP,WE,Federal Contract Tower,2,6,5,0,13,0,9,31,0,40,2,15,36,0,53,34,0,34,87
12/20/2022,SMX,CA,AWP,WE,Federal Contract Tower,0,9,7,1,17,0,8,46,1,55,0,17,53,2,72,42,0,42,114
12/21/2022,SMX,CA,AWP,WE,Federal Contract Tower,2,12,4,0,18,0,17,55,10,82,2,29,59,10,100,46,0,46,146
12/22/2022,SMX,CA,AWP,WE,Federal Contract Tower,0,10,8,0,18,0,8,36,2,46,0,18,44,2,64,38,0,38,102
12/23/2022,SMX,CA,AWP,WE,Federal Contract Tower,0,11,14,0,25,0,6,11,0,17,0,17,25,0,42,10,0,10,52
12/24/2022,SMX,CA,AWP,WE,Federal Contract Tower,0,7,3,0,10,0,2,44,0,46,0,9,47,0,56,40,0,40,96
12/25/2022,SMX,CA,AWP,WE,Federal Contract Tower,0,0,6,0,6,0,8,21,0,29,0,8,27,0,35,28,0,28,63
12/26/2022,SMX,CA,AWP,WE,Federal Contract Tower,2,1,6,0,9,0,5,33,0,38,2,6,39,0,47,36,0,36,83
12/27/2022,SMX,CA,AWP,WE,Federal Contract Tower,0,7,13,0,20,0,4,0,0,4,0,11,13,0,24,0,0,0,24
12/28/2022,SMX,CA,AWP,WE,Federal Contract Tower,0,10,7,0,17,0,5,30,0,35,0,15,37,0,52,16,0,16,68
12/29/2022,SMX,CA,AWP,WE,Federal Contract Tower,0,9,13,1,23,0,5,1,0,6,0,14,14,1,29,0,16,16,45
12/30/2022,SMX,CA,AWP,WE,Federal Contract Tower,0,10,11,0,21,0,2,2,0,4,0,12,13,0,25,2,0,2,27
12/31/2022,SMX,CA,AWP,WE,Federal Contract Tower,0,11,5,0,16,0,0,1,0,1,0,11,6,0,17,2,0,2,19
01/01/2023,SMX,CA,AWP,WE,Federal Contract Tower,0,0,4,0,4,0,10,1,0,11,0,10,5,0,15,0,0,0,15
01/02/2023,SMX,CA,AWP,WE,Federal Contract Tower,2,1,9,0,12,0,4,22,0,26,2,5,31,0,38,0,0,0,38
01/03/2023,SMX,CA,AWP,WE,Federal Contract Tower,0,9,5,1,15,0,14,19,4,37,0,23,24,5,52,0,34,34,86
01/04/2023,SMX,CA,AWP,WE,Federal Contract Tower,0,12,3,0,15,0,4,2,0,6,0,16,5,0,21,0,0,0,21
01/05/2023,SMX,CA,AWP,WE,Federal Contract Tower,0,11,13,0,24,0,3,7,0,10,0,14,20,0,34,14,0,14,48
01/06/2023,SMX,CA,AWP,WE,Federal Contract Tower,0,13,6,1,20,0,6,64,1,71,0,19,70,2,91,70,2,72,163
01/07/2023,SMX,CA,AWP,WE,Federal Contract Tower,0,4,16,0,20,0,6,43,0,49,0,10,59,0,69,28,0,28,97
01/08/2023,SMX,CA,AWP,WE,Federal Contract Tower,2,0,7,5,14,0,0,4,0,4,2,0,11,5,18,28,12,40,58
01/09/2023,SMX,CA,AWP,WE,Federal Contract Tower,0,5,3,0,8,0,0,0,0,0,0,5,3,0,8,0,0,0,8
01/10/2023,SMX,CA,AWP,WE,Federal Contract Tower,0,10,3,0,13,0,4,2,0,6,0,14,5,0,19,0,0,0,19
01/11/2023,SMX,CA,AWP,WE,Federal Contract Tower,0,11,12,0,23,0,3,17,0,20,0,14,29,0,43,28,0,28,71
01/12/2023,SMX,CA,AWP,WE,Federal Contract Tower,0,10,8,2,20,0,8,45,1,54,0,18,53,3,74,32,0,32,106
01/13/2023,SMX,CA,AWP,WE,Federal Contract Tower,0,7,5,1,13,0,6,20,1,27,0,13,25,2,40,36,4,40,80
01/14/2023,SMX,CA,AWP,WE,Federal Contract Tower,0,2,5,0,7,0,0,1,0,1,0,2,6,0,8,0,0,0,8
01/15/2023,SMX,CA,AWP,WE,Federal Contract Tower,2,1,3,0,6,0,2,2,0,4,2,3,5,0,10,0,0,0,10
01/16/2023,SMX,CA,AWP,WE,Federal Contract Tower,0,6,8,0,14,0,3,3,0,6,0,9,11,0,20,0,0,0,20
01/17/2023,SMX,CA,AWP,WE,Federal Contract Tower,0,12,16,1,29,0,8,40,0,48,0,20,56,1,77,58,8,66,143
01/18/2023,SMX,CA,AWP,WE,Federal Contract Tower,0,8,14,3,25,0,11,51,2,64,0,19,65,5,89,24,2,26,115
01/19/2023,SMX,CA,AWP,WE,Federal Contract Tower,0,10,9,4,23,0,3,14,0,17,0,13,23,4,40,16,0,16,56
01/20/2023,SMX,CA,AWP,WE,Federal Contract Tower,0,6,13,0,19,0,6,72,0,78,0,12,85,0,97,70,0,70,167
01/21/2023,SMX,CA,AWP,WE,Federal Contract Tower,0,5,7,0,12,0,5,50,0,55,0,10,57,0,67,76,0,76,143
01/22/2023,SMX,CA,AWP,WE,Federal Contract Tower,2,0,17,0,19,0,4,31,0,35,2,4,48,0,54,34,0,34,88
01/23/2023,SMX,CA,AWP,WE,Federal Contract Tower,0,5,9,1,15,0,4,42,0,46,0,9,51,1,61,38,4,42,103
01/24/2023,SMX,CA,AWP,WE,Federal Contract Tower,0,8,10,3,21,0,8,42,3,53,0,16,52,6,74,30,16,46,120
01/25/2023,SMX,CA,AWP,WE,Federal Contract Tower,0,8,16,1,25,0,4,38,7,49,0,12,54,8,74,70,0,70,144
01/26/2023,SMX,CA,AWP,WE,Federal Contract Tower,0,8,6,2,16,0,3,39,1,43,0,11,45,3,59,64,38,102,161
01/27/2023,SMX,CA,AWP,WE,Federal Contract Tower,0,10,7,2,19,0,0,1,0,1,0,10,8,2,20,70,12,82,102
01/28/2023,SMX,CA,AWP,WE,Federal Contract Tower,0,2,20,0,22,0,5,73,0,78,0,7,93,0,100,64,0,64,164
01/29/2023,SMX,CA,AWP,WE,Federal Contract Tower,2,4,11,0,17,0,3,16,0,19,2,7,27,0,36,34,0,34,70
01/30/2023,SMX,CA,AWP,WE,Federal Contract Tower,0,9,18,2,29,0,3,31,0,34,0,12,49,2,63,42,6,48,111
01/31/2023,SMX,CA,AWP,WE,Federal Contract Tower,0,12,13,2,27,0,10,49,0,59,0,22,62,2,86,70,4,74,160
02/01/2023,SMX,CA,AWP,WE,Federal Contract Tower,0,10,17,0,27,0,18,48,6,72,0,28,65,6,99,36,0,36,135
02/02/2023,SMX,CA,AWP,WE,Federal Contract Tower,0,10,17,2,29,0,6,43,5,54,0,16,60,7,83,60,0,60,143
02/03/2023,SMX,CA,AWP,WE,Federal Contract Tower,0,7,21,0,28,0,2,53,0,55,0,9,74,0,83,74,0,74,157
02/04/2023,SMX,CA,AWP,WE,Federal Contract Tower,0,5,12,0,17,0,2,54,0,56,0,7,66,0,73,62,0,62,135
02/05/2023,SMX,CA,AWP,WE,Federal Contract Tower,2,2,4,1,9,0,4,10,2,16,2,6,14,3,25,20,0,20,45
02/06/2023,SMX,CA,AWP,WE,Federal Contract Tower,0,5,12,0,17,0,9,20,4,33,0,14,32,4,50,30,14,44,94
02/07/2023,SMX,CA,AWP,WE,Federal Contract Tower,0,10,21,2,33,0,9,45,9,63,0,19,66,11,96,24,0,24,120
02/08/2023,SMX,CA,AWP,WE,Federal Contract Tower,0,8,21,2,31,0,11,57,10,78,0,19,78,12,109,78,2,80,189
02/09/2023,SMX,CA,AWP,WE,Federal Contract Tower,0,10,17,1,28,0,9,50,5,64,0,19,67,6,92,24,2,26,118
02/10/2023,SMX,CA,AWP,WE,Federal Contract Tower,0,8,26,1,35,0,6,52,1,59,0,14,78,2,94,34,4,38,132
02/11/2023,SMX,CA,AWP,WE,Federal Contract Tower,0,4,11,0,15,0,1,31,0,32,0,5,42,0,47,76,0,76,123
02/12/2023,SMX,CA,AWP,WE,Federal Contract Tower,2,1,21,0,24,0,9,38,0,47,2,10,59,0,71,68,0,68,139
02/13/2023,SMX,CA,AWP,WE,Federal Contract Tower,0,7,24,0,31,0,2,16,0,18,0,9,40,0,49,48,0,48,97
02/14/2023,SMX,CA,AWP,WE,Federal Contract Tower,0,8,13,1,22,0,7,24,0,31,0,15,37,1,53,24,2,26,79
02/15/2023,SMX,CA,AWP,WE,Federal Contract Tower,0,9,23,1,33,0,9,47,0,56,0,18,70,1,89,40,6,46,135
02/16/2023,SMX,CA,AWP,WE,Federal Contract Tower,0,9,15,3,27,0,9,33,3,45,0,18,48,6,72,82,18,100,172
02/17/2023,SMX,CA,AWP,WE,Federal Contract Tower,0,7,16,0,23,0,2,42,0,44,0,9,58,0,67,100,0,100,167
02/18/2023,SMX,CA,AWP,WE,Federal Contract Tower,0,7,14,1,22,0,5,45,0,50,0,12,59,1,72,82,2,84,156
02/19/2023,SMX,CA,AWP,WE,Federal Contract Tower,0,0,11,0,11,0,0,53,0,53,0,0,64,0,64,24,0,24,88
02/20/2023,SMX,CA,AWP,WE,Federal Contract Tower,0,5,8,0,13,0,6,57,0,63,0,11,65,0,76,28,0,28,104
02/21/2023,SMX,CA,AWP,WE,Federal Contract Tower,0,14,13,0,27,0,3,11,0,14,0,17,24,0,41,6,0,6,47
02/22/2023,SMX,CA,AWP,WE,Federal Contract Tower,0,9,3,0,12,0,3,10,0,13,0,12,13,0,25,32,0,32,57
02/23/2023,SMX,CA,AWP,WE,Federal Contract Tower,0,9,2,1,12,0,2,8,0,10,0,11,10,1,22,6,0,6,28
02/24/2023,SMX,CA,AWP,WE,Federal Contract Tower,0,7,3,0,10,0,0,0,0,0,0,7,3,0,10,0,0,0,10
02/25/2023,SMX,CA,AWP,WE,Federal Contract Tower,0,3,5,0,8,0,2,8,0,10,0,5,13,0,18,0,0,0,18
02/26/2023,SMX,CA,AWP,WE,Federal Contract Tower,0,1,4,0,5,0,4,24,0,28,0,5,28,0,33,30,0,30,63
02/27/2023,SMX,CA,AWP,WE,Federal Contract Tower,0,6,12,4,22,0,5,4,2,11,0,11,16,6,33,6,10,16,49
02/28/2023,SMX,CA,AWP,WE,Federal Contract Tower,0,6,17,4,27,0,4,10,0,14,0,10,27,4,41,12,0,12,53
03/01/2023,SMX,CA,AWP,WE,Federal Contract Tower,2,6,8,1,17,0,10,6,1,17,2,16,14,2,34,10,10,20,54
03/02/2023,SMX,CA,AWP,WE,Federal Contract Tower,0,8,10,1,19,0,10,53,2,65,0,18,63,3,84,42,0,42,126
03/03/2023,SMX,CA,AWP,WE,Federal Contract Tower,0,5,3,3,11,0,5,42,6,53,0,10,45,9,64,20,0,20,84
03/04/2023,SMX,CA,AWP,WE,Federal Contract Tower,0,2,10,0,12,0,0,17,0,17,0,2,27,0,29,12,0,12,41
03/05/2023,SMX,CA,AWP,WE,Federal Contract Tower,4,0,5,1,10,0,0,2,0,2,4,0,7,1,12,2,18,20,32
03/06/2023,SMX,CA,AWP,WE,Federal Contract Tower,0,5,7,1,13,0,4,29,2,35,0,9,36,3,48,4,8,12,60
03/07/2023,SMX,CA,AWP,WE,Federal Contract Tower,0,10,14,3,27,0,8,58,3,69,0,18,72,6,96,44,2,46,142
03/08/2023,SMX,CA,AWP,WE,Federal Contract Tower,0,13,11,2,26,0,4,41,0,45,0,17,52,2,71,28,0,28,99
03/09/2023,SMX,CA,AWP,WE,Federal Contract Tower,2,8,8,0,18,0,3,37,0,40,2,11,45,0,58,26,0,26,84
03/10/2023,SMX,CA,AWP,WE,Federal Contract Tower,0,6,1,0,7,0,0,1,0,1,0,6,2,0,8,0,0,0,8
03/11/2023,SMX,CA,AWP,WE,Federal Contract Tower,0,2,4,0,6,0,4,5,0,9,0,6,9,0,15,0,2,2,17
03/12/2023,SMX,CA,AWP,WE,Federal Contract Tower,2,5,23,0,30,0,1,13,0,14,2,6,36,0,44,12,2,14,58
03/13/2023,SMX,CA,AWP,WE,Federal Contract Tower,0,6,13,0,19,0,6,6,0,12,0,12,19,0,31,10,0,10,41
03/14/2023,SMX,CA,AWP,WE,Federal Contract Tower,1,8,5,0,14,0,3,0,0,3,1,11,5,0,17,0,0,0,17
03/15/2023,SMX,CA,AWP,WE,Federal Contract Tower,1,10,26,0,37,0,7,9,0,16,1,17,35,0,53,14,0,14,67
03/16/2023,SMX,CA,AWP,WE,Federal Contract Tower,1,12,13,2,28,0,3,25,0,28,1,15,38,2,56,8,2,10,66
03/17/2023,SMX,CA,AWP,WE,Federal Contract Tower,0,10,5,0,15,0,9,53,0,62,0,19,58,0,77,72,2,74,151
03/19/2023,SMX,CA,AWP,WE,Federal Contract Tower,2,2,5,0,9,0,0,1,0,1,2,2,6,0,10,0,0,0,10
03/20/2023,SMX,CA,AWP,WE,Federal Contract Tower,0,8,10,0,18,0,0,2,0,2,0,8,12,0,20,2,0,2,22
03/21/2023,SMX,CA,AWP,WE,Federal Contract Tower,0,10,5,2,17,0,0,0,0,0,0,10,5,2,17,0,2,2,19
03/22/2023,SMX,CA,AWP,WE,Federal Contract Tower,0,11,7,0,18,0,4,14,0,18,0,15,21,0,36,0,0,0,36
03/23/2023,SMX,CA,AWP,WE,Federal Contract Tower,2,14,9,2,27,0,3,17,0,20,2,17,26,2,47,2,1,3,50
03/24/2023,SMX,CA,AWP,WE,Federal Contract Tower,0,7,8,0,15,0,9,27,0,36,0,16,35,0,51,12,0,12,63
03/25/2023,SMX,CA,AWP,WE,Federal Contract Tower,0,2,6,0,8,0,8,35,0,43,0,10,41,0,51,62,0,62,113
03/26/2023,SMX,CA,AWP,WE,Federal Contract Tower,2,2,12,0,16,0,4,47,0,51,2,6,59,0,67,66,0,66,133
03/27/2023,SMX,CA,AWP,WE,Federal Contract Tower,0,9,2,2,13,0,5,37,0,42,0,14,39,2,55,44,8,52,107
03/28/2023,SMX,CA,AWP,WE,Federal Contract Tower,0,11,8,0,19,0,4,20,0,24,0,15,28,0,43,32,0,32,75
03/29/2023,SMX,CA,AWP,WE,Federal Contract Tower,0,10,1,0,11,0,13,5,2,20,0,23,6,2,31,12,0,12,43
03/30/2023,SMX,CA,AWP,WE,Federal Contract Tower,2,18,5,0,25,0,15,26,0,41,2,33,31,0,66,26,0,26,92
03/31/2023,SMX,CA,AWP,WE,Federal Contract Tower,0,7,9,3,19,0,13,44,0,57,0,20,53,3,76,32,4,36,112
04/01/2023,SMX,CA,AWP,WE,Federal Contract Tower,0,4,3,0,7,0,9,39,0,48,0,13,42,0,55,24,0,24,79
04/02/2023,SMX,CA,AWP,WE,Federal Contract Tower,0,0,11,0,11,0,2,33,0,35,0,2,44,0,46,26,8,34,80
04/03/2023,SMX,CA,AWP,WE,Federal Contract Tower,0,8,2,2,12,0,9,5,4,18,0,17,7,6,30,8,16,24,54
04/04/2023,SMX,CA,AWP,WE,Federal Contract Tower,0,11,3,1,15,0,2,35,5,42,0,13,38,6,57,48,0,48,105
04/05/2023,SMX,CA,AWP,WE,Federal Contract Tower,0,9,20,3,32,0,3,56,0,59,0,12,76,3,91,30,2,32,123
04/06/2023,SMX,CA,AWP,WE,Federal Contract Tower,2,12,13,3,30,0,5,42,2,49,2,17,55,5,79,16,10,26,105
04/08/2023,SMX,CA,AWP,WE,Federal Contract Tower,0,3,8,0,11,0,7,40,0,47,0,10,48,0,58,42,0,42,100
04/09/2023,SMX,CA,AWP,WE,Federal Contract Tower,2,3,6,1,12,0,3,28,0,31,2,6,34,1,43,34,0,34,77
04/10/2023,SMX,CA,AWP,WE,Federal Contract Tower,0,8,16,2,26,0,8,37,0,45,0,16,53,2,71,18,0,18,89
04/11/2023,SMX,CA,AWP,WE,Federal Contract Tower,0,21,17,0,38,0,9,17,0,26,0,30,34,0,64,34,0,34,98
04/12/2023,SMX,CA,AWP,WE,Federal Contract Tower,0,10,5,0,15,0,8,24,2,34,0,18,29,2,49,4,0,4,53
04/13/2023,SMX,CA,AWP,WE,Federal Contract Tower,2,9,10,2,23,0,5,26,1,32,2,14,36,3,55,36,0,36,91
04/14/2023,SMX,CA,AWP,WE,Federal Contract Tower,0,9,19,0,28,0,4,38,0,42,0,13,57,0,70,30,0,30,100
04/15/2023,SMX,CA,AWP,WE,Federal Contract Tower,0,6,15,5,26,0,4,49,0,53,0,10,64,5,79,60,0,60,139
04/16/2023,SMX,CA,AWP,WE,Federal Contract Tower,0,2,31,0,33,0,7,12,0,19,0,9,43,0,52,28,0,28,80
04/17/2023,SMX,CA,AWP,WE,Federal Contract Tower,0,8,7,3,18,0,8,20,0,28,0,16,27,3,46,14,6,20,66
04/18/2023,SMX,CA,AWP,WE,Federal Contract Tower,0,8,8,0,16,0,3,23,0,26,0,11,31,0,42,12,0,12,54
04/19/2023,SMX,CA,AWP,WE,Federal Contract Tower,0,8,10,0,18,0,8,35,2,45,0,16,45,2,63,24,0,24,87
04/20/2023,SMX,CA,AWP,WE,Federal Contract Tower,2,10,11,2,25,0,12,33,0,45,2,22,44,2,70,34,0,34,104
04/21/2023,SMX,CA,AWP,WE,Federal Contract Tower,0,8,6,0,14,0,5,36,0,41,0,13,42,0,55,20,2,22,77
04/22/2023,SMX,CA,AWP,WE,Federal Contract Tower,0,2,6,0,8,0,2,61,0,63,0,4,67,0,71,40,6,46,117
04/23/2023,SMX,CA,AWP,WE,Federal Contract Tower,0,2,17,0,19,0,3,30,0,33,0,5,47,0,52,26,0,26,78
04/24/2023,SMX,CA,AWP,WE,Federal Contract Tower,4,8,24,2,38,0,8,40,0,48,4,16,64,2,86,54,0,54,140
04/25/2023,SMX,CA,AWP,WE,Federal Contract Tower,0,14,16,5,35,0,8,37,2,47,0,22,53,7,82,10,2,12,94
04/26/2023,SMX,CA,AWP,WE,Federal Contract Tower,0,15,22,1,38,0,2,57,0,59,0,17,79,1,97,48,0,48,145
04/27/2023,SMX,CA,AWP,WE,Federal Contract Tower,2,15,14,2,33,0,8,38,1,47,2,23,52,3,80,34,0,34,114
04/28/2023,SMX,CA,AWP,WE,Federal Contract Tower,0,18,17,0,35,0,10,33,0,43,0,28,50,0,78,34,0,34,112
04/29/2023,SMX,CA,AWP,WE,Federal Contract Tower,0,7,12,4,23,0,5,16,0,21,0,12,28,4,44,16,6,22,66
04/30/2023,SMX,CA,AWP,WE,Federal Contract Tower,0,6,20,0,26,0,4,11,0,15,0,10,31,0,41,14,0,14,55
05/01/2023,SMX,CA,AWP,WE,Federal Contract Tower,0,6,15,3,24,0,4,17,0,21,0,10,32,3,45,40,0,40,85
05/02/2023,SMX,CA,AWP,WE,Federal Contract Tower,1,15,15,0,31,0,2,1,2,5,1,17,16,2,36,0,0,0,36
05/03/2023,SMX,CA,AWP,WE,Federal Contract Tower,0,11,9,3,23,0,5,12,4,21,0,16,21,7,44,2,0,2,46
05/04/2023,SMX,CA,AWP,WE,Federal Contract Tower,1,10,6,4,21,0,10,10,12,32,1,20,16,16,53,36,4,40,93
05/05/2023,SMX,CA,AWP,WE,Federal Contract Tower,0,7,12,0,19,0,13,28,0,41,0,20,40,0,60,16,0,16,76
05/06/2023,SMX,CA,AWP,WE,Federal Contract Tower,0,2,6,0,8,0,8,49,0,57,0,10,55,0,65,30,0,30,95
05/07/2023,SMX,CA,AWP,WE,Federal Contract Tower,0,4,6,0,10,0,3,30,0,33,0,7,36,0,43,40,0,40,83
05/08/2023,SMX,CA,AWP,WE,Federal Contract Tower,0,4,3,3,10,0,3,38,0,41,0,7,41,3,51,94,8,102,153
05/09/2023,SMX,CA,AWP,WE,Federal Contract Tower,0,13,8,1,22,0,3,15,1,19,0,16,23,2,41,34,8,42,83
05/10/2023,SMX,CA,AWP,WE,Federal Contract Tower,0,18,10,3,31,0,8,26,0,34,0,26,36,3,65,38,36,74,139
05/11/2023,SMX,CA,AWP,WE,Federal Contract Tower,0,14,13,0,27,0,10,55,4,69,0,24,68,4,96,28,0,28,124
05/12/2023,SMX,CA,AWP,WE,Federal Contract Tower,0,10,1,0,11,0,1,44,0,45,0,11,45,0,56,50,0,50,106
05/13/2023,SMX,CA,AWP,WE,Federal Contract Tower,0,3,6,0,9,0,3,48,1,52,0,6,54,1,61,42,0,42,103
05/14/2023,SMX,CA,AWP,WE,Federal Contract Tower,0,1,8,1,10,0,5,26,0,31,0,6,34,1,41,10,0,10,51
05/15/2023,SMX,CA,AWP,WE,Federal Contract Tower,2,8,11,0,21,0,3,16,0,19,2,11,27,0,40,4,0,4,44
05/16/2023,SMX,CA,AWP,WE,Federal Contract Tower,0,15,9,1,25,0,3,16,0,19,0,18,25,1,44,16,0,16,60
05/17/2023,SMX,CA,AWP,WE,Federal Contract Tower,0,8,17,2,27,0,3,38,6,47,0,11,55,8,74,16,0,16,90
05/18/2023,SMX,CA,AWP,WE,Federal Contract Tower,2,13,12,0,27,0,5,30,0,35,2,18,42,0,62,10,0,10,72
05/19/2023,SMX,CA,AWP,WE,Federal Contract Tower,0,10,25,0,35,0,2,19,0,21,0,12,44,0,56,30,0,30,86
05/20/2023,SMX,CA,AWP,WE,Federal Contract Tower,0,1,5,0,6,0,19,23,3,45,0,20,28,3,51,40,0,40,91
05/21/2023,SMX,CA,AWP,WE,Federal Contract Tower,2,1,15,0,18,0,4,24,6,34,2,5,39,6,52,16,0,16,68
05/22/2023,SMX,CA,AWP,WE,Federal Contract Tower,0,5,2,0,7,0,1,15,0,16,0,6,17,0,23,38,22,60,83
05/23/2023,SMX,CA,AWP,WE,Federal Contract Tower,2,13,10,0,25,0,3,1,0,4,2,16,11,0,29,6,0,6,35
05/24/2023,SMX,CA,AWP,WE,Federal Contract Tower,0,8,12,1,21,0,6,14,0,20,0,14,26,1,41,12,10,22,63
05/25/2023,SMX,CA,AWP,WE,Federal Contract Tower,2,11,11,0,24,0,7,28,1,36,2,18,39,1,60,28,0,28,88
05/26/2023,SMX,CA,AWP,WE,Federal Contract Tower,0,10,15,0,25,0,2,41,0,43,0,12,56,0,68,38,0,38,106
05/27/2023,SMX,CA,AWP,WE,Federal Contract Tower,1,7,12,1,21,0,0,29,2,31,1,7,41,3,52,32,0,32,84
05/28/2023,SMX,CA,AWP,WE,Federal Contract Tower,3,0,9,0,12,0,0,11,0,11,3,0,20,0,23,6,0,6,29
05/29/2023,SMX,CA,AWP,WE,Federal Contract Tower,0,2,9,0,11,0,2,8,0,10,0,4,17,0,21,24,2,26,47
05/30/2023,SMX,CA,AWP,WE,Federal Contract Tower,0,15,22,0,37,0,0,15,0,15,0,15,37,0,52,24,0,24,76
05/31/2023,SMX,CA,AWP,WE,Federal Contract Tower,0,8,10,0,18,0,0,23,0,23,0,8,33,0,41,44,0,44,85
06/01/2023,SMX,CA,AWP,WE,Federal Contract Tower,2,13,18,4,37,0,3,12,0,15,2,16,30,4,52,8,2,10,62
06/02/2023,SMX,CA,AWP,WE,Federal Contract Tower,0,4,14,0,18,0,7,43,0,50,0,11,57,0,68,26,0,26,94
06/03/2023,SMX,CA,AWP,WE,Federal Contract Tower,0,5,14,0,19,0,2,39,0,41,0,7,53,0,60,10,10,20,80
06/04/2023,SMX,CA,AWP,WE,Federal Contract Tower,2,3,12,0,17,0,2,23,0,25,2,5,35,0,42,46,0,46,88
06/05/2023,SMX,CA,AWP,WE,Federal Contract Tower,0,9,20,0,29,0,0,5,0,5,0,9,25,0,34,2,0,2,36
06/06/2023,SMX,CA,AWP,WE,Federal Contract Tower,0,11,10,0,21,0,4,4,0,8,0,15,14,0,29,4,0,4,33
06/07/2023,SMX,CA,AWP,WE,Federal Contract Tower,0,12,24,4,40,0,7,21,2,30,0,19,45,6,70,60,2,62,132
06/08/2023,SMX,CA,AWP,WE,Federal Contract Tower,2,14,18,1,35,0,7,29,0,36,2,21,47,1,71,10,0,10,81
06/09/2023,SMX,CA,AWP,WE,Federal Contract Tower,0,16,27,0,43,0,3,6,2,11,0,19,33,2,54,16,0,16,70
06/10/2023,SMX,CA,AWP,WE,Federal Contract Tower,2,4,9,0,15,0,1,5,0,6,2,5,14,0,21,12,0,12,33
06/11/2023,SMX,CA,AWP,WE,Federal Contract Tower,4,7,11,3,25,0,2,9,0,11,4,9,20,3,36,28,0,28,64
06/12/2023,SMX,CA,AWP,WE,Federal Contract Tower,1,10,29,3,43,0,2,12,0,14,1,12,41,3,57,24,0,24,81
06/13/2023,SMX,CA,AWP,WE,Federal Contract Tower,0,11,12,0,23,0,2,22,0,24,0,13,34,0,47,8,0,8,55
06/14/2023,SMX,CA,AWP,WE,Federal Contract Tower,0,15,19,6,40,0,3,25,4,32,0,18,44,10,72,14,0,14,86
06/15/2023,SMX,CA,AWP,WE,Federal Contract Tower,3,16,17,15,51,0,0,9,5,14,3,16,26,20,65,34,0,34,99
06/16/2023,SMX,CA,AWP,WE,Federal Contract Tower,0,10,10,9,29,0,5,8,2,15,0,15,18,11,44,14,0,14,58
06/17/2023,SMX,CA,AWP,WE,Federal Contract Tower,0,3,11,0,14,0,0,25,2,27,0,3,36,2,41,60,2,62,103
06/18/2023,SMX,CA,AWP,WE,Federal Contract Tower,2,3,10,0,15,0,0,17,2,19,2,3,27,2,34,16,14,30,64
06/19/2023,SMX,CA,AWP,WE,Federal Contract Tower,0,9,16,3,28,0,7,17,0,24,0,16,33,3,52,8,2,10,62
06/20/2023,SMX,CA,AWP,WE,Federal Contract Tower,0,10,14,5,29,0,10,26,4,40,0,20,40,9,69,24,0,24,93
06/21/2023,SMX,CA,AWP,WE,Federal Contract Tower,0,11,19,1,31,0,8,37,1,46,0,19,56,2,77,42,16,58,135
06/22/2023,SMX,CA,AWP,WE,Federal Contract Tower,1,12,26,3,42,0,3,18,0,21,1,15,44,3,63,4,14,18,81
06/23/2023,SMX,CA,AWP,WE,Federal Contract Tower,0,8,18,1,27,0,8,30,0,38,0,16,48,1,65,18,0,18,83
06/24/2023,SMX,CA,AWP,WE,Federal Contract Tower,0,6,4,0,10,0,3,36,0,39,0,9,40,0,49,56,0,56,105
06/25/2023,SMX,CA,AWP,WE,Federal Contract Tower,1,1,14,0,16,0,0,27,0,27,1,1,41,0,43,28,0,28,71
06/26/2023,SMX,CA,AWP,WE,Federal Contract Tower,0,8,10,7,25,0,1,23,8,32,0,9,33,15,57,0,0,0,57
06/27/2023,SMX,CA,AWP,WE,Federal Contract Tower,0,10,17,9,36,0,2,21,8,31,0,12,38,17,67,20,2,22,89
06/28/2023,SMX,CA,AWP,WE,Federal Contract Tower,2,11,21,10,44,0,2,32,4,38,2,13,53,14,82,10,20,30,112
06/29/2023,SMX,CA,AWP,WE,Federal Contract Tower,3,8,17,6,34,0,2,31,0,33,3,10,48,6,67,44,2,46,113
06/30/2023,SMX,CA,AWP,WE,Federal Contract Tower,0,7,11,6,24,0,7,25,7,39,0,14,36,13,63,20,0,20,83
07/01/2023,SMX,CA,AWP,WE,Federal Contract Tower,2,2,10,0,14,0,4,57,0,61,2,6,67,0,75,34,0,34,109
07/02/2023,SMX,CA,AWP,WE,Federal Contract Tower,2,1,10,2,15,0,2,38,0,40,2,3,48,2,55,40,0,40,95
07/03/2023,SMX,CA,AWP,WE,Federal Contract Tower,0,9,14,0,23,0,5,26,0,31,0,14,40,0,54,16,0,16,70
07/04/2023,SMX,CA,AWP,WE,Federal Contract Tower,0,2,4,0,6,0,3,11,0,14,0,5,15,0,20,6,0,6,26
07/05/2023,SMX,CA,AWP,WE,Federal Contract Tower,0,11,6,0,17,0,2,27,0,29,0,13,33,0,46,6,0,6,52
07/06/2023,SMX,CA,AWP,WE,Federal Contract Tower,2,14,13,0,29,0,2,39,0,41,2,16,52,0,70,56,0,56,126
07/07/2023,SMX,CA,AWP,WE,Federal Contract Tower,0,6,14,0,20,0,7,38,0,45,0,13,52,0,65,48,0,48,113
07/08/2023,SMX,CA,AWP,WE,Federal Contract Tower,0,3,11,0,14,0,9,35,0,44,0,12,46,0,58,28,0,28,86
07/09/2023,SMX,CA,AWP,WE,Federal Contract Tower,2,4,16,0,22,0,1,22,0,23,2,5,38,0,45,10,0,10,55
07/10/2023,SMX,CA,AWP,WE,Federal Contract Tower,0,9,8,0,17,0,5,23,0,28,0,14,31,0,45,10,0,10,55
07/11/2023,SMX,CA,AWP,WE,Federal Contract Tower,0,14,14,0,28,0,26,8,0,34,0,40,22,0,62,12,0,12,74
07/12/2023,SMX,CA,AWP,WE,Federal Contract Tower,0,9,7,0,16,0,7,32,0,39,0,16,39,0,55,10,0,10,65
07/13/2023,SMX,CA,AWP,WE,Federal Contract Tower,2,9,7,0,18,0,4,47,0,51,2,13,54,0,69,32,0,32,101
07/14/2023,SMX,CA,AWP,WE,Federal Contract Tower,0,11,7,0,18,0,3,45,4,52,0,14,52,4,70,56,0,56,126
07/15/2023,SMX,CA,AWP,WE,Federal Contract Tower,0,5,12,1,18,0,9,46,1,56,0,14,58,2,74,46,2,48,122
07/16/2023,SMX,CA,AWP,WE,Federal Contract Tower,2,4,3,0,9,0,1,46,0,47,2,5,49,0,56,54,0,54,110
07/17/2023,SMX,CA,AWP,WE,Federal Contract Tower,0,6,9,2,17,0,5,31,0,36,0,11,40,2,53,28,42,70,123
07/18/2023,SMX,CA,AWP,WE,Federal Contract Tower,0,10,10,3,23,0,2,34,2,38,0,12,44,5,61,16,12,28,89
07/19/2023,SMX,CA,AWP,WE,Federal Contract Tower,0,11,11,0,22,0,4,29,0,33,0,15,40,0,55,16,0,16,71
07/20/2023,SMX,CA,AWP,WE,Federal Contract Tower,2,9,11,5,27,0,2,39,0,41,2,11,50,5,68,42,12,54,122
07/21/2023,SMX,CA,AWP,WE,Federal Contract Tower,0,11,6,0,17,0,3,37,0,40,0,14,43,0,57,84,0,84,141
07/22/2023,SMX,CA,AWP,WE,Federal Contract Tower,0,3,9,0,12,0,2,66,0,68,0,5,75,0,80,34,0,34,114
07/23/2023,SMX,CA,AWP,WE,Federal Contract Tower,2,0,9,0,11,0,2,26,0,28,2,2,35,0,39,6,0,6,45
07/24/2023,SMX,CA,AWP,WE,Federal Contract Tower,0,2,9,0,11,0,3,44,0,47,0,5,53,0,58,24,0,24,82
07/25/2023,SMX,CA,AWP,WE,Federal Contract Tower,0,6,2,0,8,0,8,33,0,41,0,14,35,0,49,4,2,6,55
07/26/2023,SMX,CA,AWP,WE,Federal Contract Tower,0,9,9,3,21,0,8,30,2,40,0,17,39,5,61,10,28,38,99
07/27/2023,SMX,CA,AWP,WE,Federal Contract Tower,2,13,7,0,22,0,12,25,2,39,2,25,32,2,61,6,0,6,67
07/28/2023,SMX,CA,AWP,WE,Federal Contract Tower,0,7,2,3,12,0,17,56,0,73,0,24,58,3,85,36,4,40,125
07/29/2023,SMX,CA,AWP,WE,Federal Contract Tower,0,2,4,1,7,0,9,58,8,75,0,11,62,9,82,32,0,32,114
07/30/2023,SMX,CA,AWP,WE,Federal Contract Tower,2,3,9,3,17,0,1,37,2,40,2,4,46,5,57,56,0,56,113
07/31/2023,SMX,CA,AWP,WE,Federal Contract Tower,0,5,7,0,12,0,5,19,0,24,0,10,26,0,36,12,0,12,48
08/01/2023,SMX,CA,AWP,WE,Federal Contract Tower,0,16,14,0,30,0,5,42,0,47,0,21,56,0,77,24,0,24,101
08/02/2023,SMX,CA,AWP,WE,Federal Contract Tower,0,9,13,1,23,0,5,36,0,41,0,14,49,1,64,44,8,52,116
08/03/2023,SMX,CA,AWP,WE,Federal Contract Tower,2,10,9,1,22,0,2,23,0,25,2,12,32,1,47,10,2,12,59
08/04/2023,SMX,CA,AWP,WE,Federal Contract Tower,0,14,13,2,29,0,4,40,2,46,0,18,53,4,75,16,0,16,91
08/05/2023,SMX,CA,AWP,WE,Federal Contract Tower,0,5,7,3,15,0,9,24,2,35,0,14,31,5,50,30,2,32,82
08/06/2023,SMX,CA,AWP,WE,Federal Contract Tower,2,2,6,2,12,0,4,55,8,67,2,6,61,10,79,22,4,26,105
08/07/2023,SMX,CA,AWP,WE,Federal Contract Tower,0,7,6,4,17,0,8,28,4,40,0,15,34,8,57,10,18,28,85
08/08/2023,SMX,CA,AWP,WE,Federal Contract Tower,0,14,15,0,29,0,3,30,6,39,0,17,45,6,68,34,0,34,102
08/09/2023,SMX,CA,AWP,WE,Federal Contract Tower,0,12,9,3,24,0,1,19,4,24,0,13,28,7,48,6,0,6,54
08/10/2023,SMX,CA,AWP,WE,Federal Contract Tower,2,18,6,4,30,0,0,9,0,9,2,18,15,4,39,2,0,2,41
08/11/2023,SMX,CA,AWP,WE,Federal Contract Tower,0,7,7,2,16,0,29,26,5,60,0,36,33,7,76,2,16,18,94
08/12/2023,SMX,CA,AWP,WE,Federal Contract Tower,0,3,12,3,18,0,3,35,1,39,0,6,47,4,57,28,2,30,87
08/13/2023,SMX,CA,AWP,WE,Federal Contract Tower,2,0,10,2,14,0,6,29,9,44,2,6,39,11,58,16,10,26,84
08/14/2023,SMX,CA,AWP,WE,Federal Contract Tower,0,7,4,2,13,0,8,18,10,36,0,15,22,12,49,10,0,10,59
08/15/2023,SMX,CA,AWP,WE,Federal Contract Tower,0,16,10,2,28,0,6,29,3,38,0,22,39,5,66,6,0,6,72
08/16/2023,SMX,CA,AWP,WE,Federal Contract Tower,0,12,9,6,27,0,5,15,18,38,0,17,24,24,65,4,20,24,89
08/17/2023,SMX,CA,AWP,WE,Federal Contract Tower,2,11,12,1,26,0,1,21,3,25,2,12,33,4,51,40,0,40,91
08/18/2023,SMX,CA,AWP,WE,Federal Contract Tower,0,7,18,2,27,0,4,28,4,36,0,11,46,6,63,40,2,42,105
08/19/2023,SMX,CA,AWP,WE,Federal Contract Tower,0,8,5,3,16,0,10,110,0,120,0,18,115,3,136,26,0,26,162
08/20/2023,SMX,CA,AWP,WE,Federal Contract Tower,0,2,2,1,5,0,0,23,0,23,0,2,25,1,28,8,0,8,36
08/21/2023,SMX,CA,AWP,WE,Federal Contract Tower,0,6,6,3,15,0,2,12,0,14,0,8,18,3,29,8,0,8,37
08/22/2023,SMX,CA,AWP,WE,Federal Contract Tower,0,9,7,1,17,0,3,30,0,33,0,12,37,1,50,26,20,46,96
08/23/2023,SMX,CA,AWP,WE,Federal Contract Tower,0,13,8,2,23,0,2,26,0,28,0,15,34,2,51,6,10,16,67
08/24/2023,SMX,CA,AWP,WE,Federal Contract Tower,1,13,19,1,34,0,2,28,0,30,1,15,47,1,64,42,8,50,114
08/25/2023,SMX,CA,AWP,WE,Federal Contract Tower,2,6,7,0,15,0,9,23,0,32,2,15,30,0,47,26,0,26,73
08/26/2023,SMX,CA,AWP,WE,Federal Contract Tower,1,5,17,0,23,0,1,32,0,33,1,6,49,0,56,8,0,8,64
08/27/2023,SMX,CA,AWP,WE,Federal Contract Tower,2,2,9,0,13,0,9,39,0,48,2,11,48,0,61,38,0,38,99
08/28/2023,SMX,CA,AWP,WE,Federal Contract Tower,0,5,9,0,14,0,9,37,0,46,0,14,46,0,60,26,0,26,86
08/29/2023,SMX,CA,AWP,WE,Federal Contract Tower,0,12,7,2,21,0,6,28,1,35,0,18,35,3,56,22,12,34,90
08/30/2023,SMX,CA,AWP,WE,Federal Contract Tower,0,14,12,1,27,0,11,28,0,39,0,25,40,1,66,24,2,26,92
08/31/2023,SMX,CA,AWP,WE,Federal Contract Tower,2,8,9,1,20,0,7,27,0,34,2,15,36,1,54,28,8,36,90
