01/01/2000,SNS,CA,AWP,WE,Federal Contract Tower,0,0,12,0,12,0,0,16,0,16,0,0,28,0,28,26,0,26,54
01/02/2000,SNS,CA,AWP,WE,Federal Contract Tower,0,0,19,0,19,0,0,91,0,91,0,0,110,0,110,26,0,26,136
01/03/2000,SNS,CA,AWP,WE,Federal Contract Tower,0,1,7,0,8,0,2,96,0,98,0,3,103,0,106,94,0,94,200
01/04/2000,SNS,CA,AWP,WE,Federal Contract Tower,0,1,21,0,22,0,1,70,0,71,0,2,91,0,93,52,0,52,145
01/05/2000,SNS,CA,AWP,WE,Federal Contract Tower,0,0,15,0,15,0,0,75,0,75,0,0,90,0,90,52,0,52,142
01/06/2000,SNS,CA,AWP,WE,Federal Contract Tower,0,1,13,0,14,0,3,115,2,120,0,4,128,2,134,44,16,60,194
01/07/2000,SNS,CA,AWP,WE,Federal Contract Tower,0,1,16,0,17,0,0,126,0,126,0,1,142,0,143,86,0,86,229
01/08/2000,SNS,CA,AWP,WE,Federal Contract Tower,0,1,8,0,9,0,0,122,0,122,0,1,130,0,131,112,0,112,243
01/09/2000,SNS,CA,AWP,WE,Federal Contract Tower,0,0,19,0,19,0,0,54,0,54,0,0,73,0,73,72,6,78,151
01/10/2000,SNS,CA,AWP,WE,Federal Contract Tower,0,1,28,0,29,0,1,32,0,33,0,2,60,0,62,52,0,52,114
01/11/2000,SNS,CA,AWP,WE,Federal Contract Tower,0,1,29,0,30,0,1,20,0,21,0,2,49,0,51,56,0,56,107
01/12/2000,SNS,CA,AWP,WE,Federal Contract Tower,0,1,36,0,37,0,0,51,0,51,0,1,87,0,88,48,0,48,136
01/13/2000,SNS,CA,AWP,WE,Federal Contract Tower,0,1,19,0,20,0,0,70,0,70,0,1,89,0,90,4,0,4,94
01/14/2000,SNS,CA,AWP,WE,Federal Contract Tower,0,0,22,0,22,0,0,145,6,151,0,0,167,6,173,60,0,60,233
01/15/2000,SNS,CA,AWP,WE,Federal Contract Tower,0,0,27,0,27,0,0,76,2,78,0,0,103,2,105,54,0,54,159
01/16/2000,SNS,CA,AWP,WE,Federal Contract Tower,0,0,12,0,12,0,0,81,0,81,0,0,93,0,93,140,0,140,233
01/17/2000,SNS,CA,AWP,WE,Federal Contract Tower,0,0,37,0,37,0,4,19,0,23,0,4,56,0,60,64,0,64,124
01/18/2000,SNS,CA,AWP,WE,Federal Contract Tower,0,0,24,0,24,0,2,48,0,50,0,2,72,0,74,66,0,66,140
01/19/2000,SNS,CA,AWP,WE,Federal Contract Tower,0,0,26,0,26,0,0,58,0,58,0,0,84,0,84,30,0,30,114
01/20/2000,SNS,CA,AWP,WE,Federal Contract Tower,0,1,57,0,58,0,7,41,0,48,0,8,98,0,106,36,0,36,142
01/21/2000,SNS,CA,AWP,WE,Federal Contract Tower,0,0,2,0,2,0,171,0,0,171,0,171,2,0,173,130,0,130,303
01/22/2000,SNS,CA,AWP,WE,Federal Contract Tower,0,0,33,0,33,0,2,177,0,179,0,2,210,0,212,106,0,106,318
01/23/2000,SNS,CA,AWP,WE,Federal Contract Tower,0,0,15,0,15,0,0,7,0,7,0,0,22,0,22,8,0,8,30
01/24/2000,SNS,CA,AWP,WE,Federal Contract Tower,0,0,10,0,10,0,4,28,0,32,0,4,38,0,42,20,0,20,62
01/25/2000,SNS,CA,AWP,WE,Federal Contract Tower,0,0,33,0,33,0,4,35,0,39,0,4,68,0,72,48,0,48,120
01/26/2000,SNS,CA,AWP,WE,Federal Contract Tower,0,0,31,0,31,0,1,73,0,74,0,1,104,0,105,50,0,50,155
01/27/2000,SNS,CA,AWP,WE,Federal Contract Tower,0,0,36,0,36,0,1,122,0,123,0,1,158,0,159,68,0,68,227
01/28/2000,SNS,CA,AWP,WE,Federal Contract Tower,0,0,40,0,40,0,2,171,0,173,0,2,211,0,213,118,0,118,331
01/29/2000,SNS,CA,AWP,WE,Federal Contract Tower,0,0,18,0,18,0,2,114,2,118,0,2,132,2,136,74,0,74,210
01/30/2000,SNS,CA,AWP,WE,Federal Contract Tower,0,0,7,0,7,0,0,18,0,18,0,0,25,0,25,22,0,22,47
01/31/2000,SNS,CA,AWP,WE,Federal Contract Tower,0,0,18,0,18,0,4,64,0,68,0,4,82,0,86,52,0,52,138
02/01/2000,SNS,CA,AWP,WE,Federal Contract Tower,0,3,39,0,42,0,1,96,0,97,0,4,135,0,139,70,0,70,209
02/02/2000,SNS,CA,AWP,WE,Federal Contract Tower,0,1,19,0,20,0,0,96,0,96,0,1,115,0,116,28,0,28,144
02/03/2000,SNS,CA,AWP,WE,Federal Contract Tower,0,1,18,0,19,0,1,34,0,35,0,2,52,0,54,16,0,16,70
02/04/2000,SNS,CA,AWP,WE,Federal Contract Tower,0,0,19,0,19,0,0,134,0,134,0,0,153,0,153,74,0,74,227
02/05/2000,SNS,CA,AWP,WE,Federal Contract Tower,0,0,11,0,11,0,0,30,0,30,0,0,41,0,41,14,0,14,55
02/06/2000,SNS,CA,AWP,WE,Federal Contract Tower,0,0,22,0,22,0,0,102,0,102,0,0,124,0,124,114,0,114,238
02/07/2000,SNS,CA,AWP,WE,Federal Contract Tower,0,1,21,0,22,0,1,44,0,45,0,2,65,0,67,52,0,52,119
02/08/2000,SNS,CA,AWP,WE,Federal Contract Tower,0,3,37,0,40,0,1,46,0,47,0,4,83,0,87,64,0,64,151
02/09/2000,SNS,CA,AWP,WE,Federal Contract Tower,0,1,29,0,30,0,0,36,0,36,0,1,65,0,66,50,0,50,116
02/10/2000,SNS,CA,AWP,WE,Federal Contract Tower,0,2,28,0,30,0,0,21,6,27,0,2,49,6,57,8,6,14,71
02/11/2000,SNS,CA,AWP,WE,Federal Contract Tower,0,0,33,0,33,0,0,66,4,70,0,0,99,4,103,24,4,28,131
02/12/2000,SNS,CA,AWP,WE,Federal Contract Tower,0,0,29,0,29,0,0,104,0,104,0,0,133,0,133,66,0,66,199
02/13/2000,SNS,CA,AWP,WE,Federal Contract Tower,0,0,7,1,8,0,0,49,0,49,0,0,56,1,57,14,0,14,71
02/14/2000,SNS,CA,AWP,WE,Federal Contract Tower,0,0,8,0,8,0,2,36,0,38,0,2,44,0,46,42,0,42,88
02/15/2000,SNS,CA,AWP,WE,Federal Contract Tower,0,1,24,0,25,0,9,99,0,108,0,10,123,0,133,114,0,114,247
02/16/2000,SNS,CA,AWP,WE,Federal Contract Tower,0,0,11,0,11,0,3,35,0,38,0,3,46,0,49,22,0,22,71
02/17/2000,SNS,CA,AWP,WE,Federal Contract Tower,0,0,2,1,3,0,1,0,2,3,0,1,2,3,6,5,6,11,17
02/18/2000,SNS,CA,AWP,WE,Federal Contract Tower,0,0,23,0,23,0,1,174,0,175,0,1,197,0,198,88,0,88,286
02/19/2000,SNS,CA,AWP,WE,Federal Contract Tower,0,1,25,0,26,0,0,228,2,230,0,1,253,2,256,158,0,158,414
02/20/2000,SNS,CA,AWP,WE,Federal Contract Tower,0,0,6,0,6,0,0,41,0,41,0,0,47,0,47,10,0,10,57
02/21/2000,SNS,CA,AWP,WE,Federal Contract Tower,0,0,17,0,17,0,2,80,0,82,0,2,97,0,99,74,0,74,173
02/22/2000,SNS,CA,AWP,WE,Federal Contract Tower,0,1,26,0,27,0,1,34,0,35,0,2,60,0,62,72,0,72,134
02/23/2000,SNS,CA,AWP,WE,Federal Contract Tower,0,1,27,0,28,0,2,66,0,68,0,3,93,0,96,58,0,58,154
02/24/2000,SNS,CA,AWP,WE,Federal Contract Tower,0,1,32,0,33,0,0,75,0,75,0,1,107,0,108,52,0,52,160
02/25/2000,SNS,CA,AWP,WE,Federal Contract Tower,0,1,27,0,28,0,0,103,0,103,0,1,130,0,131,136,0,136,267
02/26/2000,SNS,CA,AWP,WE,Federal Contract Tower,0,0,42,0,42,0,0,144,0,144,0,0,186,0,186,184,0,184,370
02/27/2000,SNS,CA,AWP,WE,Federal Contract Tower,0,0,7,0,7,0,0,46,0,46,0,0,53,0,53,70,0,70,123
02/28/2000,SNS,CA,AWP,WE,Federal Contract Tower,0,0,18,0,18,0,2,77,0,79,0,2,95,0,97,86,0,86,183
02/29/2000,SNS,CA,AWP,WE,Federal Contract Tower,0,0,20,0,20,0,3,39,0,42,0,3,59,0,62,58,0,58,120
03/01/2000,SNS,CA,AWP,WE,Federal Contract Tower,0,3,33,0,36,0,1,123,4,128,0,4,156,4,164,110,0,110,274
03/02/2000,SNS,CA,AWP,WE,Federal Contract Tower,0,4,49,0,53,0,2,49,0,51,0,6,98,0,104,48,0,48,152
03/03/2000,SNS,CA,AWP,WE,Federal Contract Tower,0,3,48,0,51,0,0,148,2,150,0,3,196,2,201,172,0,172,373
03/04/2000,SNS,CA,AWP,WE,Federal Contract Tower,0,3,36,0,39,0,0,133,0,133,0,3,169,0,172,184,0,184,356
03/05/2000,SNS,CA,AWP,WE,Federal Contract Tower,0,0,14,0,14,0,0,8,0,8,0,0,22,0,22,2,0,2,24
03/06/2000,SNS,CA,AWP,WE,Federal Contract Tower,0,2,11,0,13,0,2,0,0,2,0,4,11,0,15,68,4,72,87
03/07/2000,SNS,CA,AWP,WE,Federal Contract Tower,0,1,19,0,20,0,1,81,0,82,0,2,100,0,102,96,0,96,198
03/08/2000,SNS,CA,AWP,WE,Federal Contract Tower,0,1,14,0,15,0,2,58,0,60,0,3,72,0,75,64,0,64,139
03/09/2000,SNS,CA,AWP,WE,Federal Contract Tower,0,1,33,0,34,0,0,94,0,94,0,1,127,0,128,26,0,26,154
03/10/2000,SNS,CA,AWP,WE,Federal Contract Tower,0,1,29,0,30,0,1,232,0,233,0,2,261,0,263,160,0,160,423
03/11/2000,SNS,CA,AWP,WE,Federal Contract Tower,0,0,29,1,30,0,0,134,3,137,0,0,163,4,167,182,0,182,349
03/12/2000,SNS,CA,AWP,WE,Federal Contract Tower,0,0,19,0,19,0,0,169,0,169,0,0,188,0,188,254,0,254,442
03/13/2000,SNS,CA,AWP,WE,Federal Contract Tower,0,0,39,0,39,0,0,129,0,129,0,0,168,0,168,58,0,58,226
03/14/2000,SNS,CA,AWP,WE,Federal Contract Tower,0,3,52,1,56,0,0,91,7,98,0,3,143,8,154,66,2,68,222
03/15/2000,SNS,CA,AWP,WE,Federal Contract Tower,0,1,26,1,28,0,3,152,1,156,0,4,178,2,184,125,0,125,309
03/16/2000,SNS,CA,AWP,WE,Federal Contract Tower,0,1,19,0,20,0,13,140,0,153,0,14,159,0,173,60,0,60,233
03/17/2000,SNS,CA,AWP,WE,Federal Contract Tower,0,0,17,0,17,0,2,106,0,108,0,2,123,0,125,78,0,78,203
03/18/2000,SNS,CA,AWP,WE,Federal Contract Tower,0,0,19,1,20,0,0,250,1,251,0,0,269,2,271,206,0,206,477
03/19/2000,SNS,CA,AWP,WE,Federal Contract Tower,0,0,22,0,22,0,0,91,0,91,0,0,113,0,113,84,0,84,197
03/20/2000,SNS,CA,AWP,WE,Federal Contract Tower,0,0,10,0,10,0,2,87,0,89,0,2,97,0,99,88,0,88,187
03/21/2000,SNS,CA,AWP,WE,Federal Contract Tower,0,1,32,0,33,0,12,101,0,113,0,13,133,0,146,106,0,106,252
03/22/2000,SNS,CA,AWP,WE,Federal Contract Tower,0,2,36,0,38,0,14,84,0,98,0,16,120,0,136,114,0,114,250
03/23/2000,SNS,CA,AWP,WE,Federal Contract Tower,0,1,26,0,27,0,3,104,0,107,0,4,130,0,134,102,0,102,236
03/24/2000,SNS,CA,AWP,WE,Federal Contract Tower,0,0,48,0,48,0,0,110,0,110,0,0,158,0,158,92,0,92,250
03/25/2000,SNS,CA,AWP,WE,Federal Contract Tower,0,0,32,0,32,0,0,193,2,195,0,0,225,2,227,104,0,104,331
03/26/2000,SNS,CA,AWP,WE,Federal Contract Tower,0,0,19,0,19,0,0,164,0,164,0,0,183,0,183,154,0,154,337
03/27/2000,SNS,CA,AWP,WE,Federal Contract Tower,0,1,24,0,25,0,3,57,0,60,0,4,81,0,85,88,0,88,173
03/28/2000,SNS,CA,AWP,WE,Federal Contract Tower,0,0,17,0,17,0,2,53,0,55,0,2,70,0,72,62,0,62,134
03/29/2000,SNS,CA,AWP,WE,Federal Contract Tower,0,2,32,0,34,0,6,104,2,112,0,8,136,2,146,60,0,60,206
03/30/2000,SNS,CA,AWP,WE,Federal Contract Tower,0,0,19,0,19,0,3,115,0,118,0,3,134,0,137,106,0,106,243
03/31/2000,SNS,CA,AWP,WE,Federal Contract Tower,0,0,19,0,19,0,2,143,0,145,0,2,162,0,164,100,0,100,264
04/01/2000,SNS,CA,AWP,WE,Federal Contract Tower,0,0,21,0,21,0,0,151,0,151,0,0,172,0,172,86,0,86,258
04/02/2000,SNS,CA,AWP,WE,Federal Contract Tower,0,0,17,0,17,0,0,108,0,108,0,0,125,0,125,136,0,136,261
04/03/2000,SNS,CA,AWP,WE,Federal Contract Tower,0,1,9,0,10,0,3,81,0,84,0,4,90,0,94,56,0,56,150
04/04/2000,SNS,CA,AWP,WE,Federal Contract Tower,0,1,37,0,38,0,1,90,0,91,0,2,127,0,129,114,0,114,243
04/05/2000,SNS,CA,AWP,WE,Federal Contract Tower,0,1,52,0,53,0,2,86,6,94,0,3,138,6,147,66,0,66,213
04/06/2000,SNS,CA,AWP,WE,Federal Contract Tower,0,1,39,0,40,0,20,80,0,100,0,21,119,0,140,90,0,90,230
04/07/2000,SNS,CA,AWP,WE,Federal Contract Tower,0,1,42,0,43,0,9,95,0,104,0,10,137,0,147,106,0,106,253
04/08/2000,SNS,CA,AWP,WE,Federal Contract Tower,0,0,61,0,61,0,0,72,0,72,0,0,133,0,133,114,0,114,247
04/09/2000,SNS,CA,AWP,WE,Federal Contract Tower,0,0,35,0,35,0,0,61,0,61,0,0,96,0,96,122,0,122,218
04/10/2000,SNS,CA,AWP,WE,Federal Contract Tower,0,1,14,0,15,0,3,90,0,93,0,4,104,0,108,50,0,50,158
04/11/2000,SNS,CA,AWP,WE,Federal Contract Tower,0,1,33,0,34,0,1,105,2,108,0,2,138,2,142,152,0,152,294
04/12/2000,SNS,CA,AWP,WE,Federal Contract Tower,0,1,25,0,26,0,1,76,0,77,0,2,101,0,103,72,0,72,175
04/13/2000,SNS,CA,AWP,WE,Federal Contract Tower,0,1,25,0,26,0,0,58,0,58,0,1,83,0,84,46,0,46,130
04/14/2000,SNS,CA,AWP,WE,Federal Contract Tower,0,0,20,0,20,0,2,144,0,146,0,2,164,0,166,112,0,112,278
04/15/2000,SNS,CA,AWP,WE,Federal Contract Tower,0,0,28,1,29,0,0,91,0,91,0,0,119,1,120,46,0,46,166
04/16/2000,SNS,CA,AWP,WE,Federal Contract Tower,0,0,8,0,8,0,2,42,0,44,0,2,50,0,52,38,0,38,90
04/17/2000,SNS,CA,AWP,WE,Federal Contract Tower,0,0,21,0,21,0,4,27,0,31,0,4,48,0,52,62,0,62,114
04/18/2000,SNS,CA,AWP,WE,Federal Contract Tower,0,0,19,0,19,0,2,92,0,94,0,2,111,0,113,76,0,76,189
04/19/2000,SNS,CA,AWP,WE,Federal Contract Tower,0,0,42,0,42,0,1,115,0,116,0,1,157,0,158,64,0,64,222
04/20/2000,SNS,CA,AWP,WE,Federal Contract Tower,0,0,30,0,30,0,2,108,0,110,0,2,138,0,140,136,0,136,276
04/21/2000,SNS,CA,AWP,WE,Federal Contract Tower,0,0,29,0,29,0,3,91,0,94,0,3,120,0,123,70,0,70,193
04/22/2000,SNS,CA,AWP,WE,Federal Contract Tower,0,0,41,0,41,0,0,92,0,92,0,0,133,0,133,154,0,154,287
04/23/2000,SNS,CA,AWP,WE,Federal Contract Tower,0,0,5,0,5,0,0,85,0,85,0,0,90,0,90,52,0,52,142
04/24/2000,SNS,CA,AWP,WE,Federal Contract Tower,0,0,9,0,9,0,2,91,0,93,0,2,100,0,102,106,0,106,208
04/25/2000,SNS,CA,AWP,WE,Federal Contract Tower,0,0,0,0,0,0,4,148,0,152,0,4,148,0,152,126,0,126,278
04/26/2000,SNS,CA,AWP,WE,Federal Contract Tower,0,0,30,1,31,0,2,135,1,138,0,2,165,2,169,136,2,138,307
04/27/2000,SNS,CA,AWP,WE,Federal Contract Tower,0,0,33,1,34,0,9,133,3,145,0,9,166,4,179,92,0,92,271
04/28/2000,SNS,CA,AWP,WE,Federal Contract Tower,0,0,22,0,22,0,3,108,0,111,0,3,130,0,133,28,0,28,161
04/29/2000,SNS,CA,AWP,WE,Federal Contract Tower,0,0,17,0,17,0,0,153,0,153,0,0,170,0,170,152,0,152,322
04/30/2000,SNS,CA,AWP,WE,Federal Contract Tower,0,0,10,0,10,0,1,163,0,164,0,1,173,0,174,126,0,126,300
05/01/2000,SNS,CA,AWP,WE,Federal Contract Tower,0,0,5,0,5,0,0,94,0,94,0,0,99,0,99,98,0,98,197
05/02/2000,SNS,CA,AWP,WE,Federal Contract Tower,0,1,31,0,32,0,1,72,2,75,0,2,103,2,107,104,0,104,211
05/03/2000,SNS,CA,AWP,WE,Federal Contract Tower,0,1,28,0,29,0,0,105,0,105,0,1,133,0,134,108,0,108,242
05/04/2000,SNS,CA,AWP,WE,Federal Contract Tower,0,0,27,0,27,0,0,125,0,125,0,0,152,0,152,100,0,100,252
05/05/2000,SNS,CA,AWP,WE,Federal Contract Tower,0,1,32,0,33,0,0,113,0,113,0,1,145,0,146,84,0,84,230
05/06/2000,SNS,CA,AWP,WE,Federal Contract Tower,0,1,26,0,27,0,0,151,0,151,0,1,177,0,178,84,0,84,262
05/07/2000,SNS,CA,AWP,WE,Federal Contract Tower,0,0,31,0,31,0,0,70,0,70,0,0,101,0,101,58,0,58,159
05/08/2000,SNS,CA,AWP,WE,Federal Contract Tower,0,0,20,0,20,0,0,67,0,67,0,0,87,0,87,92,0,92,179
05/09/2000,SNS,CA,AWP,WE,Federal Contract Tower,0,1,32,0,33,0,3,93,0,96,0,4,125,0,129,104,0,104,233
05/10/2000,SNS,CA,AWP,WE,Federal Contract Tower,0,1,25,0,26,0,5,132,0,137,0,6,157,0,163,116,0,116,279
05/11/2000,SNS,CA,AWP,WE,Federal Contract Tower,0,1,35,0,36,0,1,98,0,99,0,2,133,0,135,128,0,128,263
05/12/2000,SNS,CA,AWP,WE,Federal Contract Tower,0,1,19,0,20,0,2,105,0,107,0,3,124,0,127,38,0,38,165
05/13/2000,SNS,CA,AWP,WE,Federal Contract Tower,0,0,20,0,20,0,0,128,2,130,0,0,148,2,150,138,2,140,290
05/14/2000,SNS,CA,AWP,WE,Federal Contract Tower,0,1,5,0,6,0,3,65,0,68,0,4,70,0,74,44,0,44,118
05/15/2000,SNS,CA,AWP,WE,Federal Contract Tower,0,1,18,0,19,0,3,37,0,40,0,4,55,0,59,68,0,68,127
05/16/2000,SNS,CA,AWP,WE,Federal Contract Tower,0,2,43,0,45,0,2,44,0,46,0,4,87,0,91,72,0,72,163
05/17/2000,SNS,CA,AWP,WE,Federal Contract Tower,0,1,57,0,58,0,2,96,0,98,0,3,153,0,156,110,0,110,266
05/18/2000,SNS,CA,AWP,WE,Federal Contract Tower,0,1,41,0,42,0,0,124,0,124,0,1,165,0,166,196,0,196,362
05/19/2000,SNS,CA,AWP,WE,Federal Contract Tower,0,1,61,0,62,0,3,124,0,127,0,4,185,0,189,196,0,196,385
05/20/2000,SNS,CA,AWP,WE,Federal Contract Tower,0,0,16,0,16,0,0,169,0,169,0,0,185,0,185,202,0,202,387
05/21/2000,SNS,CA,AWP,WE,Federal Contract Tower,0,0,23,0,23,0,0,157,0,157,0,0,180,0,180,166,0,166,346
05/22/2000,SNS,CA,AWP,WE,Federal Contract Tower,0,0,12,0,12,0,4,91,0,95,0,4,103,0,107,98,4,102,209
05/23/2000,SNS,CA,AWP,WE,Federal Contract Tower,0,1,59,0,60,0,3,53,0,56,0,4,112,0,116,102,0,102,218
05/24/2000,SNS,CA,AWP,WE,Federal Contract Tower,0,2,81,0,83,0,5,51,2,58,0,7,132,2,141,40,6,46,187
05/25/2000,SNS,CA,AWP,WE,Federal Contract Tower,0,0,25,0,25,0,1,73,0,74,0,1,98,0,99,85,0,85,184
05/26/2000,SNS,CA,AWP,WE,Federal Contract Tower,0,0,38,0,38,0,6,109,4,119,0,6,147,4,157,94,0,94,251
05/27/2000,SNS,CA,AWP,WE,Federal Contract Tower,0,0,32,0,32,0,0,125,0,125,0,0,157,0,157,84,0,84,241
05/28/2000,SNS,CA,AWP,WE,Federal Contract Tower,0,0,11,0,11,0,1,96,0,97,0,1,107,0,108,108,0,108,216
05/29/2000,SNS,CA,AWP,WE,Federal Contract Tower,0,0,9,0,9,0,2,137,0,139,0,2,146,0,148,110,0,110,258
05/30/2000,SNS,CA,AWP,WE,Federal Contract Tower,0,0,17,0,17,0,4,81,0,85,0,4,98,0,102,65,0,65,167
05/31/2000,SNS,CA,AWP,WE,Federal Contract Tower,0,0,29,0,29,0,2,107,0,109,0,2,136,0,138,142,0,142,280
06/01/2000,SNS,CA,AWP,WE,Federal Contract Tower,0,1,42,0,43,0,4,126,0,130,0,5,168,0,173,106,0,106,279
06/02/2000,SNS,CA,AWP,WE,Federal Contract Tower,0,1,59,0,60,0,0,108,0,108,0,1,167,0,168,163,0,163,331
06/03/2000,SNS,CA,AWP,WE,Federal Contract Tower,0,0,28,0,28,0,0,106,0,106,0,0,134,0,134,96,0,96,230
06/04/2000,SNS,CA,AWP,WE,Federal Contract Tower,0,0,24,0,24,0,0,109,0,109,0,0,133,0,133,152,0,152,285
06/05/2000,SNS,CA,AWP,WE,Federal Contract Tower,0,1,12,0,13,0,3,89,0,92,0,4,101,0,105,58,0,58,163
06/06/2000,SNS,CA,AWP,WE,Federal Contract Tower,0,1,23,0,24,0,5,85,0,90,0,6,108,0,114,116,0,116,230
06/07/2000,SNS,CA,AWP,WE,Federal Contract Tower,0,1,28,0,29,0,0,98,1,99,0,1,126,1,128,128,0,128,256
06/08/2000,SNS,CA,AWP,WE,Federal Contract Tower,0,1,61,0,62,0,8,82,0,90,0,9,143,0,152,146,0,146,298
06/09/2000,SNS,CA,AWP,WE,Federal Contract Tower,0,1,29,0,30,0,2,136,0,138,0,3,165,0,168,254,0,254,422
06/10/2000,SNS,CA,AWP,WE,Federal Contract Tower,0,1,17,0,18,0,1,94,0,95,0,2,111,0,113,126,0,126,239
06/11/2000,SNS,CA,AWP,WE,Federal Contract Tower,0,0,3,0,3,0,2,192,0,194,0,2,195,0,197,132,0,132,329
06/12/2000,SNS,CA,AWP,WE,Federal Contract Tower,0,0,5,0,5,0,2,96,4,102,0,2,101,4,107,108,0,108,215
06/13/2000,SNS,CA,AWP,WE,Federal Contract Tower,0,0,6,0,6,0,2,173,0,175,0,2,179,0,181,176,0,176,357
06/14/2000,SNS,CA,AWP,WE,Federal Contract Tower,0,0,6,0,6,0,2,102,4,108,0,2,108,4,114,112,0,112,226
06/15/2000,SNS,CA,AWP,WE,Federal Contract Tower,0,0,5,0,5,0,3,132,6,141,0,3,137,6,146,156,0,156,302
06/16/2000,SNS,CA,AWP,WE,Federal Contract Tower,0,0,24,0,24,0,0,128,2,130,0,0,152,2,154,100,0,100,254
06/17/2000,SNS,CA,AWP,WE,Federal Contract Tower,0,0,12,0,12,0,0,102,0,102,0,0,114,0,114,152,0,152,266
06/18/2000,SNS,CA,AWP,WE,Federal Contract Tower,0,0,20,0,20,0,1,87,0,88,0,1,107,0,108,222,0,222,330
06/19/2000,SNS,CA,AWP,WE,Federal Contract Tower,0,0,16,0,16,0,2,47,0,49,0,2,63,0,65,92,0,92,157
06/20/2000,SNS,CA,AWP,WE,Federal Contract Tower,0,0,24,0,24,0,6,110,0,116,0,6,134,0,140,154,0,154,294
06/21/2000,SNS,CA,AWP,WE,Federal Contract Tower,0,0,44,0,44,0,3,85,0,88,0,3,129,0,132,158,0,158,290
06/22/2000,SNS,CA,AWP,WE,Federal Contract Tower,0,0,35,0,35,0,3,78,0,81,0,3,113,0,116,106,0,106,222
06/23/2000,SNS,CA,AWP,WE,Federal Contract Tower,0,0,41,0,41,0,5,126,0,131,0,5,167,0,172,156,0,156,328
06/24/2000,SNS,CA,AWP,WE,Federal Contract Tower,0,0,23,0,23,0,0,94,0,94,0,0,117,0,117,102,0,102,219
06/25/2000,SNS,CA,AWP,WE,Federal Contract Tower,0,0,14,0,14,0,0,110,0,110,0,0,124,0,124,142,0,142,266
06/26/2000,SNS,CA,AWP,WE,Federal Contract Tower,0,0,25,0,25,0,2,99,4,105,0,2,124,4,130,148,0,148,278
06/27/2000,SNS,CA,AWP,WE,Federal Contract Tower,0,0,19,0,19,0,2,114,1,117,0,2,133,1,136,160,0,160,296
06/28/2000,SNS,CA,AWP,WE,Federal Contract Tower,0,0,57,0,57,0,5,157,2,164,0,5,214,2,221,216,0,216,437
06/29/2000,SNS,CA,AWP,WE,Federal Contract Tower,0,0,56,0,56,0,3,102,0,105,0,3,158,0,161,136,0,136,297
06/30/2000,SNS,CA,AWP,WE,Federal Contract Tower,0,0,59,0,59,0,3,120,0,123,0,3,179,0,182,142,0,142,324
07/01/2000,SNS,CA,AWP,WE,Federal Contract Tower,0,0,25,0,25,0,0,133,0,133,0,0,158,0,158,93,0,93,251
07/02/2000,SNS,CA,AWP,WE,Federal Contract Tower,0,1,39,0,40,0,1,103,0,104,0,2,142,0,144,123,0,123,267
07/03/2000,SNS,CA,AWP,WE,Federal Contract Tower,0,1,33,0,34,0,1,83,0,84,0,2,116,0,118,152,0,152,270
07/04/2000,SNS,CA,AWP,WE,Federal Contract Tower,0,1,28,0,29,0,3,59,0,62,0,4,87,0,91,122,0,122,213
07/05/2000,SNS,CA,AWP,WE,Federal Contract Tower,0,1,44,0,45,0,3,108,7,118,0,4,152,7,163,82,0,82,245
07/06/2000,SNS,CA,AWP,WE,Federal Contract Tower,0,1,67,0,68,0,4,62,8,74,0,5,129,8,142,211,0,211,353
07/07/2000,SNS,CA,AWP,WE,Federal Contract Tower,0,1,55,0,56,0,1,128,5,134,0,2,183,5,190,299,0,299,489
07/08/2000,SNS,CA,AWP,WE,Federal Contract Tower,0,0,12,0,12,0,0,84,0,84,0,0,96,0,96,92,0,92,188
07/09/2000,SNS,CA,AWP,WE,Federal Contract Tower,0,0,26,0,26,0,0,110,0,110,0,0,136,0,136,178,0,178,314
07/10/2000,SNS,CA,AWP,WE,Federal Contract Tower,0,1,34,0,35,0,3,100,0,103,0,4,134,0,138,210,3,213,351
07/11/2000,SNS,CA,AWP,WE,Federal Contract Tower,0,1,26,0,27,0,1,66,0,67,0,2,92,0,94,256,0,256,350
07/12/2000,SNS,CA,AWP,WE,Federal Contract Tower,0,1,50,0,51,0,1,96,0,97,0,2,146,0,148,178,0,178,326
07/13/2000,SNS,CA,AWP,WE,Federal Contract Tower,0,0,35,0,35,0,1,113,0,114,0,1,148,0,149,99,0,99,248
07/14/2000,SNS,CA,AWP,WE,Federal Contract Tower,0,0,28,0,28,0,2,70,0,72,0,2,98,0,100,157,0,157,257
07/15/2000,SNS,CA,AWP,WE,Federal Contract Tower,0,0,65,0,65,0,0,80,0,80,0,0,145,0,145,137,0,137,282
07/16/2000,SNS,CA,AWP,WE,Federal Contract Tower,0,0,28,0,28,0,0,139,0,139,0,0,167,0,167,1008,0,1008,1175
07/17/2000,SNS,CA,AWP,WE,Federal Contract Tower,0,0,15,1,16,0,4,75,6,85,0,4,90,7,101,140,0,140,241
07/18/2000,SNS,CA,AWP,WE,Federal Contract Tower,0,0,33,0,33,0,2,93,7,102,0,2,126,7,135,162,2,164,299
07/19/2000,SNS,CA,AWP,WE,Federal Contract Tower,0,0,35,0,35,0,2,102,4,108,0,2,137,4,143,158,0,158,301
07/20/2000,SNS,CA,AWP,WE,Federal Contract Tower,0,0,63,0,63,0,6,82,6,94,0,6,145,6,157,133,2,135,292
07/21/2000,SNS,CA,AWP,WE,Federal Contract Tower,0,0,47,0,47,0,2,96,4,102,0,2,143,4,149,97,0,97,246
07/22/2000,SNS,CA,AWP,WE,Federal Contract Tower,0,0,25,0,25,0,2,120,0,122,0,2,145,0,147,144,0,144,291
07/23/2000,SNS,CA,AWP,WE,Federal Contract Tower,0,0,13,0,13,0,3,151,0,154,0,3,164,0,167,188,0,188,355
07/24/2000,SNS,CA,AWP,WE,Federal Contract Tower,0,0,28,0,28,0,6,96,12,114,0,6,124,12,142,66,0,66,208
07/25/2000,SNS,CA,AWP,WE,Federal Contract Tower,0,0,36,0,36,0,2,97,12,111,0,2,133,12,147,98,2,100,247
07/26/2000,SNS,CA,AWP,WE,Federal Contract Tower,0,0,43,0,43,0,5,67,2,74,0,5,110,2,117,138,2,140,257
07/27/2000,SNS,CA,AWP,WE,Federal Contract Tower,0,0,19,0,19,0,2,122,4,128,0,2,141,4,147,89,0,89,236
07/28/2000,SNS,CA,AWP,WE,Federal Contract Tower,0,0,57,0,57,0,5,122,0,127,0,5,179,0,184,101,0,101,285
07/29/2000,SNS,CA,AWP,WE,Federal Contract Tower,0,0,17,0,17,0,0,129,0,129,0,0,146,0,146,90,0,90,236
07/30/2000,SNS,CA,AWP,WE,Federal Contract Tower,0,0,34,0,34,0,1,111,1,113,0,1,145,1,147,162,0,162,309
07/31/2000,SNS,CA,AWP,WE,Federal Contract Tower,0,0,33,0,33,0,10,99,1,110,0,10,132,1,143,144,0,144,287
08/01/2000,SNS,CA,AWP,WE,Federal Contract Tower,0,1,15,0,16,0,3,97,0,100,0,4,112,0,116,70,0,70,186
08/02/2000,SNS,CA,AWP,WE,Federal Contract Tower,0,2,37,0,39,0,3,114,2,119,0,5,151,2,158,182,4,186,344
08/03/2000,SNS,CA,AWP,WE,Federal Contract Tower,0,2,57,0,59,0,4,111,0,115,0,6,168,0,174,104,0,104,278
08/04/2000,SNS,CA,AWP,WE,Federal Contract Tower,0,0,42,0,42,0,0,92,0,92,0,0,134,0,134,121,0,121,255
08/05/2000,SNS,CA,AWP,WE,Federal Contract Tower,0,1,15,0,16,0,1,60,0,61,0,2,75,0,77,128,0,128,205
08/06/2000,SNS,CA,AWP,WE,Federal Contract Tower,0,0,17,0,17,0,0,100,0,100,0,0,117,0,117,218,0,218,335
08/07/2000,SNS,CA,AWP,WE,Federal Contract Tower,0,2,41,0,43,0,5,60,1,66,0,7,101,1,109,72,0,72,181
08/08/2000,SNS,CA,AWP,WE,Federal Contract Tower,0,2,41,0,43,0,1,69,0,70,0,3,110,0,113,38,0,38,151
08/09/2000,SNS,CA,AWP,WE,Federal Contract Tower,0,2,51,0,53,0,0,99,0,99,0,2,150,0,152,132,0,132,284
08/10/2000,SNS,CA,AWP,WE,Federal Contract Tower,0,1,30,0,31,0,2,124,0,126,0,3,154,0,157,107,0,107,264
08/11/2000,SNS,CA,AWP,WE,Federal Contract Tower,0,1,27,0,28,0,6,106,2,114,0,7,133,2,142,130,0,130,272
08/12/2000,SNS,CA,AWP,WE,Federal Contract Tower,0,0,17,0,17,0,0,119,0,119,0,0,136,0,136,201,0,201,337
08/13/2000,SNS,CA,AWP,WE,Federal Contract Tower,0,2,44,0,46,0,0,186,0,186,0,2,230,0,232,304,0,304,536
08/14/2000,SNS,CA,AWP,WE,Federal Contract Tower,0,1,20,0,21,0,1,79,0,80,0,2,99,0,101,145,0,145,246
08/15/2000,SNS,CA,AWP,WE,Federal Contract Tower,0,1,26,0,27,0,11,109,4,124,0,12,135,4,151,92,0,92,243
08/16/2000,SNS,CA,AWP,WE,Federal Contract Tower,0,0,12,1,13,0,2,167,1,170,0,2,179,2,183,204,0,204,387
08/17/2000,SNS,CA,AWP,WE,Federal Contract Tower,0,0,28,0,28,0,9,197,0,206,0,9,225,0,234,207,0,207,441
08/18/2000,SNS,CA,AWP,WE,Federal Contract Tower,0,0,34,0,34,0,15,124,0,139,0,15,158,0,173,146,0,146,319
08/19/2000,SNS,CA,AWP,WE,Federal Contract Tower,0,0,34,0,34,0,0,0,7,7,0,0,34,7,41,157,0,157,198
08/20/2000,SNS,CA,AWP,WE,Federal Contract Tower,0,0,30,0,30,0,0,154,5,159,0,0,184,5,189,208,0,208,397
08/21/2000,SNS,CA,AWP,WE,Federal Contract Tower,0,0,38,0,38,0,2,61,9,72,0,2,99,9,110,137,0,137,247
08/22/2000,SNS,CA,AWP,WE,Federal Contract Tower,0,0,38,0,38,0,9,65,4,78,0,9,103,4,116,66,0,66,182
08/23/2000,SNS,CA,AWP,WE,Federal Contract Tower,0,1,51,0,52,0,3,60,4,67,0,4,111,4,119,146,0,146,265
08/24/2000,SNS,CA,AWP,WE,Federal Contract Tower,0,1,51,0,52,0,6,93,3,102,0,7,144,3,154,77,1,78,232
08/25/2000,SNS,CA,AWP,WE,Federal Contract Tower,0,0,24,0,24,0,5,141,0,146,0,5,165,0,170,179,0,179,349
08/26/2000,SNS,CA,AWP,WE,Federal Contract Tower,0,0,38,0,38,0,0,151,0,151,0,0,189,0,189,167,0,167,356
08/27/2000,SNS,CA,AWP,WE,Federal Contract Tower,0,0,20,0,20,0,2,182,0,184,0,2,202,0,204,165,0,165,369
08/28/2000,SNS,CA,AWP,WE,Federal Contract Tower,0,1,41,0,42,0,3,81,0,84,0,4,122,0,126,138,0,138,264
08/29/2000,SNS,CA,AWP,WE,Federal Contract Tower,0,1,44,0,45,0,6,24,0,30,0,7,68,0,75,42,0,42,117
08/30/2000,SNS,CA,AWP,WE,Federal Contract Tower,0,0,33,0,33,0,4,99,0,103,0,4,132,0,136,145,1,146,282
08/31/2000,SNS,CA,AWP,WE,Federal Contract Tower,0,1,41,0,42,0,3,107,0,110,0,4,148,0,152,106,0,106,258
09/01/2000,SNS,CA,AWP,WE,Federal Contract Tower,0,2,32,0,34,0,5,105,0,110,0,7,137,0,144,92,0,92,236
09/02/2000,SNS,CA,AWP,WE,Federal Contract Tower,0,1,22,0,23,0,4,182,0,186,0,5,204,0,209,199,0,199,408
09/03/2000,SNS,CA,AWP,WE,Federal Contract Tower,0,2,23,0,25,0,0,124,0,124,0,2,147,0,149,138,0,138,287
09/04/2000,SNS,CA,AWP,WE,Federal Contract Tower,0,2,27,0,29,0,4,194,2,200,0,6,221,2,229,199,0,199,428
09/05/2000,SNS,CA,AWP,WE,Federal Contract Tower,0,1,17,0,18,0,6,176,0,182,0,7,193,0,200,109,0,109,309
09/06/2000,SNS,CA,AWP,WE,Federal Contract Tower,0,2,28,0,30,0,3,108,6,117,0,5,136,6,147,56,0,56,203
09/07/2000,SNS,CA,AWP,WE,Federal Contract Tower,0,2,24,0,26,0,5,164,6,175,0,7,188,6,201,96,0,96,297
09/08/2000,SNS,CA,AWP,WE,Federal Contract Tower,0,3,50,0,53,0,4,188,2,194,0,7,238,2,247,184,0,184,431
09/09/2000,SNS,CA,AWP,WE,Federal Contract Tower,0,4,63,0,67,0,2,200,4,206,0,6,263,4,273,370,0,370,643
09/10/2000,SNS,CA,AWP,WE,Federal Contract Tower,0,1,39,0,40,0,0,110,0,110,0,1,149,0,150,157,0,157,307
09/11/2000,SNS,CA,AWP,WE,Federal Contract Tower,0,0,22,0,22,0,8,83,0,91,0,8,105,0,113,101,0,101,214
09/12/2000,SNS,CA,AWP,WE,Federal Contract Tower,0,0,23,1,24,0,9,81,5,95,0,9,104,6,119,80,6,86,205
09/13/2000,SNS,CA,AWP,WE,Federal Contract Tower,0,1,24,0,25,0,6,90,0,96,0,7,114,0,121,106,0,106,227
09/14/2000,SNS,CA,AWP,WE,Federal Contract Tower,0,2,40,0,42,0,4,83,0,87,0,6,123,0,129,73,0,73,202
09/15/2000,SNS,CA,AWP,WE,Federal Contract Tower,0,0,7,0,7,0,4,156,0,160,0,4,163,0,167,173,0,173,340
09/16/2000,SNS,CA,AWP,WE,Federal Contract Tower,0,0,19,0,19,0,0,136,0,136,0,0,155,0,155,259,0,259,414
09/17/2000,SNS,CA,AWP,WE,Federal Contract Tower,0,0,25,0,25,0,0,143,2,145,0,0,168,2,170,138,0,138,308
09/18/2000,SNS,CA,AWP,WE,Federal Contract Tower,0,1,28,0,29,0,7,123,0,130,0,8,151,0,159,159,0,159,318
09/19/2000,SNS,CA,AWP,WE,Federal Contract Tower,0,0,0,0,0,0,12,124,0,136,0,12,124,0,136,46,0,46,182
09/20/2000,SNS,CA,AWP,WE,Federal Contract Tower,0,1,40,0,41,0,7,162,0,169,0,8,202,0,210,123,0,123,333
09/21/2000,SNS,CA,AWP,WE,Federal Contract Tower,0,1,31,0,32,0,5,81,7,93,0,6,112,7,125,81,0,81,206
09/22/2000,SNS,CA,AWP,WE,Federal Contract Tower,0,2,49,0,51,0,0,63,0,63,0,2,112,0,114,87,0,87,201
09/23/2000,SNS,CA,AWP,WE,Federal Contract Tower,0,0,14,0,14,0,0,130,0,130,0,0,144,0,144,133,0,133,277
09/24/2000,SNS,CA,AWP,WE,Federal Contract Tower,0,0,21,0,21,0,4,160,0,164,0,4,181,0,185,79,0,79,264
09/25/2000,SNS,CA,AWP,WE,Federal Contract Tower,0,1,27,0,28,0,5,88,0,93,0,6,115,0,121,134,0,134,255
09/26/2000,SNS,CA,AWP,WE,Federal Contract Tower,0,1,38,0,39,0,5,60,0,65,0,6,98,0,104,100,0,100,204
09/27/2000,SNS,CA,AWP,WE,Federal Contract Tower,0,0,9,0,9,0,5,168,0,173,0,5,177,0,182,84,0,84,266
09/28/2000,SNS,CA,AWP,WE,Federal Contract Tower,0,0,1,0,1,0,4,192,5,201,0,4,193,5,202,58,10,68,270
09/29/2000,SNS,CA,AWP,WE,Federal Contract Tower,0,0,6,0,6,0,0,102,10,112,0,0,108,10,118,30,0,30,148
09/30/2000,SNS,CA,AWP,WE,Federal Contract Tower,0,0,4,0,4,0,0,362,2,364,0,0,366,2,368,37,0,37,405
10/01/2000,SNS,CA,AWP,WE,Federal Contract Tower,0,5,44,0,49,0,23,259,12,294,0,28,303,12,343,68,0,68,411
10/02/2000,SNS,CA,AWP,WE,Federal Contract Tower,0,3,31,0,34,0,9,67,0,76,0,12,98,0,110,71,0,71,181
10/03/2000,SNS,CA,AWP,WE,Federal Contract Tower,0,4,43,0,47,0,12,136,7,155,0,16,179,7,202,154,0,154,356
10/04/2000,SNS,CA,AWP,WE,Federal Contract Tower,0,3,27,0,30,0,2,111,2,115,0,5,138,2,145,66,0,66,211
10/05/2000,SNS,CA,AWP,WE,Federal Contract Tower,0,1,39,0,40,0,0,87,0,87,0,1,126,0,127,108,0,108,235
10/06/2000,SNS,CA,AWP,WE,Federal Contract Tower,0,3,34,0,37,0,0,68,0,68,0,3,102,0,105,33,0,33,138
10/07/2000,SNS,CA,AWP,WE,Federal Contract Tower,0,4,42,0,46,0,0,54,0,54,0,4,96,0,100,73,0,73,173
10/08/2000,SNS,CA,AWP,WE,Federal Contract Tower,0,3,26,0,29,0,3,122,0,125,0,6,148,0,154,141,0,141,295
10/09/2000,SNS,CA,AWP,WE,Federal Contract Tower,0,2,20,0,22,0,2,78,0,80,0,4,98,0,102,155,0,155,257
10/10/2000,SNS,CA,AWP,WE,Federal Contract Tower,0,4,36,0,40,0,1,43,0,44,0,5,79,0,84,60,0,60,144
10/11/2000,SNS,CA,AWP,WE,Federal Contract Tower,0,1,2,0,3,0,14,143,0,157,0,15,145,0,160,129,0,129,289
10/12/2000,SNS,CA,AWP,WE,Federal Contract Tower,0,3,38,0,41,0,6,91,0,97,0,9,129,0,138,168,0,168,306
10/13/2000,SNS,CA,AWP,WE,Federal Contract Tower,0,0,0,0,0,0,3,117,0,120,0,3,117,0,120,191,0,191,311
10/14/2000,SNS,CA,AWP,WE,Federal Contract Tower,0,2,33,0,35,0,0,153,0,153,0,2,186,0,188,197,0,197,385
10/15/2000,SNS,CA,AWP,WE,Federal Contract Tower,0,3,53,0,56,0,0,102,0,102,0,3,155,0,158,221,0,221,379
10/16/2000,SNS,CA,AWP,WE,Federal Contract Tower,0,0,9,0,9,0,8,129,0,137,0,8,138,0,146,78,0,78,224
10/17/2000,SNS,CA,AWP,WE,Federal Contract Tower,0,1,17,0,18,0,9,143,0,152,0,10,160,0,170,143,0,143,313
10/18/2000,SNS,CA,AWP,WE,Federal Contract Tower,0,2,34,0,36,0,6,88,0,94,0,8,122,0,130,127,0,127,257
10/19/2000,SNS,CA,AWP,WE,Federal Contract Tower,0,2,34,0,36,0,0,74,0,74,0,2,108,0,110,85,0,85,195
10/20/2000,SNS,CA,AWP,WE,Federal Contract Tower,0,0,12,0,12,0,7,100,0,107,0,7,112,0,119,156,0,156,275
10/21/2000,SNS,CA,AWP,WE,Federal Contract Tower,0,2,26,0,28,0,0,112,0,112,0,2,138,0,140,266,0,266,406
10/22/2000,SNS,CA,AWP,WE,Federal Contract Tower,0,1,16,0,17,0,1,110,0,111,0,2,126,0,128,174,0,174,302
10/23/2000,SNS,CA,AWP,WE,Federal Contract Tower,0,1,23,0,24,0,5,124,0,129,0,6,147,0,153,114,0,114,267
10/24/2000,SNS,CA,AWP,WE,Federal Contract Tower,0,4,47,0,51,0,9,129,0,138,0,13,176,0,189,199,0,199,388
10/25/2000,SNS,CA,AWP,WE,Federal Contract Tower,0,2,31,0,33,0,2,55,0,57,0,4,86,0,90,93,0,93,183
10/26/2000,SNS,CA,AWP,WE,Federal Contract Tower,0,3,34,0,37,0,2,12,0,14,0,5,46,0,51,97,0,97,148
10/27/2000,SNS,CA,AWP,WE,Federal Contract Tower,0,0,4,0,4,0,5,129,0,134,0,5,133,0,138,148,0,148,286
10/28/2000,SNS,CA,AWP,WE,Federal Contract Tower,0,0,29,0,29,0,0,80,0,80,0,0,109,0,109,52,0,52,161
10/29/2000,SNS,CA,AWP,WE,Federal Contract Tower,0,1,20,0,21,0,3,41,0,44,0,4,61,0,65,82,0,82,147
10/30/2000,SNS,CA,AWP,WE,Federal Contract Tower,0,4,51,0,55,0,8,35,0,43,0,12,86,0,98,103,0,103,201
10/31/2000,SNS,CA,AWP,WE,Federal Contract Tower,0,3,34,0,37,0,1,101,0,102,0,4,135,0,139,103,0,103,242
11/01/2000,SNS,CA,AWP,WE,Federal Contract Tower,0,2,43,0,45,0,0,101,0,101,0,2,144,0,146,174,0,174,320
11/02/2000,SNS,CA,AWP,WE,Federal Contract Tower,0,2,29,0,31,0,2,129,0,131,0,4,158,0,162,229,0,229,391
11/03/2000,SNS,CA,AWP,WE,Federal Contract Tower,0,0,0,0,0,0,4,83,2,89,0,4,83,2,89,179,0,179,268
11/04/2000,SNS,CA,AWP,WE,Federal Contract Tower,0,0,59,0,59,0,0,106,0,106,0,0,165,0,165,231,0,231,396
11/05/2000,SNS,CA,AWP,WE,Federal Contract Tower,0,0,40,0,40,0,0,96,2,98,0,0,136,2,138,138,0,138,276
11/06/2000,SNS,CA,AWP,WE,Federal Contract Tower,0,2,23,0,25,0,4,83,0,87,0,6,106,0,112,213,0,213,325
11/07/2000,SNS,CA,AWP,WE,Federal Contract Tower,0,0,28,0,28,0,0,92,0,92,0,0,120,0,120,236,0,236,356
11/08/2000,SNS,CA,AWP,WE,Federal Contract Tower,0,2,27,0,29,0,1,111,0,112,0,3,138,0,141,119,0,119,260
11/09/2000,SNS,CA,AWP,WE,Federal Contract Tower,0,3,37,0,40,0,2,141,0,143,0,5,178,0,183,155,0,155,338
11/10/2000,SNS,CA,AWP,WE,Federal Contract Tower,0,1,1,0,2,0,11,96,0,107,0,12,97,0,109,148,0,148,257
11/11/2000,SNS,CA,AWP,WE,Federal Contract Tower,0,2,29,0,31,0,8,98,0,106,0,10,127,0,137,210,0,210,347
11/12/2000,SNS,CA,AWP,WE,Federal Contract Tower,0,2,25,0,27,0,1,90,0,91,0,3,115,0,118,136,0,136,254
11/13/2000,SNS,CA,AWP,WE,Federal Contract Tower,0,0,0,0,0,0,3,80,0,83,0,3,80,0,83,40,0,40,123
11/14/2000,SNS,CA,AWP,WE,Federal Contract Tower,0,0,1,0,1,0,4,86,0,90,0,4,87,0,91,121,0,121,212
11/15/2000,SNS,CA,AWP,WE,Federal Contract Tower,0,0,1,0,1,0,5,95,0,100,0,5,96,0,101,173,0,173,274
11/16/2000,SNS,CA,AWP,WE,Federal Contract Tower,0,0,0,0,0,0,10,115,0,125,0,10,115,0,125,197,0,197,322
11/17/2000,SNS,CA,AWP,WE,Federal Contract Tower,0,0,2,0,2,0,5,101,0,106,0,5,103,0,108,156,0,156,264
11/18/2000,SNS,CA,AWP,WE,Federal Contract Tower,0,0,0,0,0,0,0,107,0,107,0,0,107,0,107,137,0,137,244
11/19/2000,SNS,CA,AWP,WE,Federal Contract Tower,0,0,0,0,0,0,3,103,0,106,0,3,103,0,106,109,0,109,215
11/20/2000,SNS,CA,AWP,WE,Federal Contract Tower,0,0,0,0,0,0,5,85,0,90,0,5,85,0,90,124,0,124,214
11/21/2000,SNS,CA,AWP,WE,Federal Contract Tower,0,1,21,0,22,0,8,60,0,68,0,9,81,0,90,84,0,84,174
11/22/2000,SNS,CA,AWP,WE,Federal Contract Tower,0,2,34,0,36,0,2,92,0,94,0,4,126,0,130,56,0,56,186
11/23/2000,SNS,CA,AWP,WE,Federal Contract Tower,0,0,14,0,14,0,1,45,0,46,0,1,59,0,60,66,0,66,126
11/24/2000,SNS,CA,AWP,WE,Federal Contract Tower,0,0,1,0,1,0,2,106,0,108,0,2,107,0,109,125,0,125,234
11/25/2000,SNS,CA,AWP,WE,Federal Contract Tower,0,0,8,0,8,0,0,94,0,94,0,0,102,0,102,86,0,86,188
11/26/2000,SNS,CA,AWP,WE,Federal Contract Tower,0,0,22,0,22,0,0,59,0,59,0,0,81,0,81,88,0,88,169
11/27/2000,SNS,CA,AWP,WE,Federal Contract Tower,0,0,0,0,0,0,5,87,0,92,0,5,87,0,92,139,0,139,231
11/28/2000,SNS,CA,AWP,WE,Federal Contract Tower,0,2,44,0,46,0,0,43,0,43,0,2,87,0,89,144,0,144,233
11/29/2000,SNS,CA,AWP,WE,Federal Contract Tower,0,1,25,0,26,0,2,22,0,24,0,3,47,0,50,58,0,58,108
11/30/2000,SNS,CA,AWP,WE,Federal Contract Tower,0,0,17,0,17,0,2,99,0,101,0,2,116,0,118,187,0,187,305
12/01/2000,SNS,CA,AWP,WE,Federal Contract Tower,0,1,0,0,1,0,2,81,0,83,0,3,81,0,84,115,0,115,199
12/02/2000,SNS,CA,AWP,WE,Federal Contract Tower,0,1,1,0,2,0,1,143,0,144,0,2,144,0,146,155,0,155,301
12/03/2000,SNS,CA,AWP,WE,Federal Contract Tower,0,0,45,0,45,0,0,56,0,56,0,0,101,0,101,117,0,117,218
12/04/2000,SNS,CA,AWP,WE,Federal Contract Tower,0,1,0,0,1,0,1,92,0,93,0,2,92,0,94,125,0,125,219
12/05/2000,SNS,CA,AWP,WE,Federal Contract Tower,0,1,0,0,1,0,1,117,0,118,0,2,117,0,119,68,0,68,187
12/06/2000,SNS,CA,AWP,WE,Federal Contract Tower,0,1,1,0,2,0,2,97,4,103,0,3,98,4,105,105,0,105,210
12/07/2000,SNS,CA,AWP,WE,Federal Contract Tower,0,2,28,0,30,0,2,115,0,117,0,4,143,0,147,121,0,121,268
12/08/2000,SNS,CA,AWP,WE,Federal Contract Tower,0,1,8,0,9,0,2,69,0,71,0,3,77,0,80,76,0,76,156
12/09/2000,SNS,CA,AWP,WE,Federal Contract Tower,0,0,38,0,38,0,0,26,0,26,0,0,64,0,64,38,0,38,102
12/10/2000,SNS,CA,AWP,WE,Federal Contract Tower,0,0,0,0,0,0,2,105,0,107,0,2,105,0,107,176,0,176,283
12/11/2000,SNS,CA,AWP,WE,Federal Contract Tower,0,1,19,0,20,0,4,54,0,58,0,5,73,0,78,54,0,54,132
12/12/2000,SNS,CA,AWP,WE,Federal Contract Tower,0,2,31,0,33,0,1,48,0,49,0,3,79,0,82,91,1,92,174
12/13/2000,SNS,CA,AWP,WE,Federal Contract Tower,0,0,1,0,1,0,3,63,2,68,0,3,64,2,69,97,0,97,166
12/14/2000,SNS,CA,AWP,WE,Federal Contract Tower,0,1,28,0,29,0,1,21,0,22,0,2,49,0,51,59,0,59,110
12/15/2000,SNS,CA,AWP,WE,Federal Contract Tower,0,3,44,0,47,0,2,52,0,54,0,5,96,0,101,140,0,140,241
12/16/2000,SNS,CA,AWP,WE,Federal Contract Tower,0,0,25,0,25,0,0,119,0,119,0,0,144,0,144,277,0,277,421
12/17/2000,SNS,CA,AWP,WE,Federal Contract Tower,0,0,29,0,29,0,0,146,0,146,0,0,175,0,175,220,0,220,395
12/18/2000,SNS,CA,AWP,WE,Federal Contract Tower,0,1,23,0,24,0,1,58,2,61,0,2,81,2,85,68,0,68,153
12/19/2000,SNS,CA,AWP,WE,Federal Contract Tower,0,0,4,0,4,0,7,128,0,135,0,7,132,0,139,137,0,137,276
12/20/2000,SNS,CA,AWP,WE,Federal Contract Tower,0,0,1,0,1,0,2,77,0,79,0,2,78,0,80,98,0,98,178
12/21/2000,SNS,CA,AWP,WE,Federal Contract Tower,0,0,3,0,3,0,5,73,0,78,0,5,76,0,81,106,0,106,187
12/22/2000,SNS,CA,AWP,WE,Federal Contract Tower,0,2,41,0,43,0,3,99,0,102,0,5,140,0,145,105,0,105,250
12/23/2000,SNS,CA,AWP,WE,Federal Contract Tower,0,2,35,0,37,0,4,93,0,97,0,6,128,0,134,66,0,66,200
12/24/2000,SNS,CA,AWP,WE,Federal Contract Tower,0,0,12,0,12,0,0,58,0,58,0,0,70,0,70,108,0,108,178
12/25/2000,SNS,CA,AWP,WE,Federal Contract Tower,0,0,0,0,0,0,0,25,0,25,0,0,25,0,25,14,0,14,39
12/26/2000,SNS,CA,AWP,WE,Federal Contract Tower,0,0,2,0,2,0,2,99,0,101,0,2,101,0,103,57,0,57,160
12/27/2000,SNS,CA,AWP,WE,Federal Contract Tower,0,0,15,0,15,0,2,81,2,85,0,2,96,2,100,23,4,27,127
12/28/2000,SNS,CA,AWP,WE,Federal Contract Tower,0,0,1,0,1,0,2,135,0,137,0,2,136,0,138,78,0,78,216
12/29/2000,SNS,CA,AWP,WE,Federal Contract Tower,0,1,29,0,30,0,0,97,0,97,0,1,126,0,127,120,0,120,247
12/30/2000,SNS,CA,AWP,WE,Federal Contract Tower,0,0,25,0,25,0,0,66,0,66,0,0,91,0,91,135,0,135,226
12/31/2000,SNS,CA,AWP,WE,Federal Contract Tower,0,0,10,0,10,0,0,75,0,75,0,0,85,0,85,99,0,99,184
01/01/2001,SNS,CA,AWP,WE,Federal Contract Tower,0,1,13,0,14,0,1,94,0,95,0,2,107,0,109,58,0,58,167
01/02/2001,SNS,CA,AWP,WE,Federal Contract Tower,0,1,0,0,1,0,13,82,0,95,0,14,82,0,96,61,0,61,157
01/03/2001,SNS,CA,AWP,WE,Federal Contract Tower,0,1,0,0,1,0,2,98,0,100,0,3,98,0,101,131,0,131,232
01/04/2001,SNS,CA,AWP,WE,Federal Contract Tower,0,0,0,0,0,0,4,108,0,112,0,4,108,0,112,159,0,159,271
01/05/2001,SNS,CA,AWP,WE,Federal Contract Tower,0,2,34,0,36,0,3,95,0,98,0,5,129,0,134,205,0,205,339
01/06/2001,SNS,CA,AWP,WE,Federal Contract Tower,0,0,29,0,29,0,0,79,2,81,0,0,108,2,110,105,0,105,215
01/07/2001,SNS,CA,AWP,WE,Federal Contract Tower,0,0,0,0,0,0,0,139,0,139,0,0,139,0,139,190,0,190,329
01/08/2001,SNS,CA,AWP,WE,Federal Contract Tower,0,0,12,0,12,0,0,15,0,15,0,0,27,0,27,21,0,21,48
01/09/2001,SNS,CA,AWP,WE,Federal Contract Tower,0,1,1,0,2,0,4,104,0,108,0,5,105,0,110,127,0,127,237
01/10/2001,SNS,CA,AWP,WE,Federal Contract Tower,0,1,21,0,22,0,0,3,0,3,0,1,24,0,25,0,0,0,25
01/11/2001,SNS,CA,AWP,WE,Federal Contract Tower,0,1,9,0,10,0,1,1,0,2,0,2,10,0,12,0,0,0,12
01/12/2001,SNS,CA,AWP,WE,Federal Contract Tower,0,2,18,0,20,0,1,36,0,37,0,3,54,0,57,141,0,141,198
01/13/2001,SNS,CA,AWP,WE,Federal Contract Tower,0,2,39,0,41,0,0,79,0,79,0,2,118,0,120,89,0,89,209
01/14/2001,SNS,CA,AWP,WE,Federal Contract Tower,0,0,16,0,16,0,0,82,0,82,0,0,98,0,98,63,4,67,165
01/15/2001,SNS,CA,AWP,WE,Federal Contract Tower,0,2,30,0,32,0,0,123,0,123,0,2,153,0,155,207,0,207,362
01/16/2001,SNS,CA,AWP,WE,Federal Contract Tower,0,0,3,0,3,0,5,83,0,88,0,5,86,0,91,83,0,83,174
01/17/2001,SNS,CA,AWP,WE,Federal Contract Tower,0,0,17,0,17,0,2,56,6,64,0,2,73,6,81,93,0,93,174
01/18/2001,SNS,CA,AWP,WE,Federal Contract Tower,0,1,32,0,33,0,1,90,0,91,0,2,122,0,124,145,0,145,269
01/19/2001,SNS,CA,AWP,WE,Federal Contract Tower,0,1,30,0,31,0,3,82,0,85,0,4,112,0,116,127,0,127,243
01/20/2001,SNS,CA,AWP,WE,Federal Contract Tower,0,0,23,0,23,0,0,123,0,123,0,0,146,0,146,133,0,133,279
01/21/2001,SNS,CA,AWP,WE,Federal Contract Tower,0,0,17,0,17,0,0,56,0,56,0,0,73,0,73,118,0,118,191
01/22/2001,SNS,CA,AWP,WE,Federal Contract Tower,0,0,16,0,16,0,5,75,0,80,0,5,91,0,96,123,0,123,219
01/23/2001,SNS,CA,AWP,WE,Federal Contract Tower,0,0,2,0,2,0,2,47,0,49,0,2,49,0,51,59,0,59,110
01/24/2001,SNS,CA,AWP,WE,Federal Contract Tower,0,0,11,0,11,0,3,47,0,50,0,3,58,0,61,56,0,56,117
01/25/2001,SNS,CA,AWP,WE,Federal Contract Tower,0,0,1,0,1,0,1,74,0,75,0,1,75,0,76,64,0,64,140
01/26/2001,SNS,CA,AWP,WE,Federal Contract Tower,0,2,36,0,38,0,2,39,0,41,0,4,75,0,79,38,0,38,117
01/27/2001,SNS,CA,AWP,WE,Federal Contract Tower,0,0,27,0,27,0,0,112,0,112,0,0,139,0,139,106,0,106,245
01/28/2001,SNS,CA,AWP,WE,Federal Contract Tower,0,0,24,0,24,0,0,75,0,75,0,0,99,0,99,134,0,134,233
01/29/2001,SNS,CA,AWP,WE,Federal Contract Tower,0,1,35,0,36,0,1,91,0,92,0,2,126,0,128,188,0,188,316
01/30/2001,SNS,CA,AWP,WE,Federal Contract Tower,0,0,1,0,1,0,3,115,0,118,0,3,116,0,119,72,0,72,191
01/31/2001,SNS,CA,AWP,WE,Federal Contract Tower,0,0,3,0,3,0,3,128,0,131,0,3,131,0,134,123,0,123,257
02/01/2001,SNS,CA,AWP,WE,Federal Contract Tower,0,0,0,0,0,0,1,106,0,107,0,1,106,0,107,157,0,157,264
02/02/2001,SNS,CA,AWP,WE,Federal Contract Tower,0,2,31,0,33,0,0,83,0,83,0,2,114,0,116,105,0,105,221
02/03/2001,SNS,CA,AWP,WE,Federal Contract Tower,0,0,16,0,16,0,0,128,0,128,0,0,144,0,144,158,0,158,302
02/04/2001,SNS,CA,AWP,WE,Federal Contract Tower,0,0,0,0,0,0,2,106,0,108,0,2,106,0,108,95,0,95,203
02/05/2001,SNS,CA,AWP,WE,Federal Contract Tower,0,2,12,0,14,0,0,107,0,107,0,2,119,0,121,92,0,92,213
02/06/2001,SNS,CA,AWP,WE,Federal Contract Tower,0,1,2,0,3,0,2,57,0,59,0,3,59,0,62,62,0,62,124
02/07/2001,SNS,CA,AWP,WE,Federal Contract Tower,0,1,2,0,3,0,2,80,0,82,0,3,82,0,85,97,0,97,182
02/08/2001,SNS,CA,AWP,WE,Federal Contract Tower,0,0,0,0,0,0,5,106,0,111,0,5,106,0,111,85,0,85,196
02/09/2001,SNS,CA,AWP,WE,Federal Contract Tower,0,2,19,0,21,0,0,12,0,12,0,2,31,0,33,6,0,6,39
02/10/2001,SNS,CA,AWP,WE,Federal Contract Tower,0,0,11,0,11,0,0,21,0,21,0,0,32,0,32,44,0,44,76
02/11/2001,SNS,CA,AWP,WE,Federal Contract Tower,0,0,15,0,15,0,0,12,0,12,0,0,27,0,27,35,0,35,62
02/12/2001,SNS,CA,AWP,WE,Federal Contract Tower,0,1,1,0,2,0,1,79,0,80,0,2,80,0,82,43,0,43,125
02/13/2001,SNS,CA,AWP,WE,Federal Contract Tower,0,1,2,0,3,0,2,119,0,121,0,3,121,0,124,99,0,99,223
02/14/2001,SNS,CA,AWP,WE,Federal Contract Tower,0,0,1,0,1,0,7,148,0,155,0,7,149,0,156,166,0,166,322
02/15/2001,SNS,CA,AWP,WE,Federal Contract Tower,0,3,31,0,34,0,0,106,0,106,0,3,137,0,140,134,3,137,277
02/16/2001,SNS,CA,AWP,WE,Federal Contract Tower,0,2,21,0,23,0,2,124,4,130,0,4,145,4,153,150,0,150,303
02/17/2001,SNS,CA,AWP,WE,Federal Contract Tower,0,0,15,0,15,0,0,18,0,18,0,0,33,0,33,106,0,106,139
02/18/2001,SNS,CA,AWP,WE,Federal Contract Tower,0,2,17,0,19,0,0,51,0,51,0,2,68,0,70,79,0,79,149
02/19/2001,SNS,CA,AWP,WE,Federal Contract Tower,0,0,17,0,17,0,0,56,0,56,0,0,73,0,73,81,0,81,154
02/20/2001,SNS,CA,AWP,WE,Federal Contract Tower,0,0,3,0,3,0,3,51,0,54,0,3,54,0,57,41,0,41,98
02/21/2001,SNS,CA,AWP,WE,Federal Contract Tower,0,0,4,0,4,0,6,72,2,80,0,6,76,2,84,127,0,127,211
02/22/2001,SNS,CA,AWP,WE,Federal Contract Tower,0,0,3,0,3,0,3,69,0,72,0,3,72,0,75,94,0,94,169
02/23/2001,SNS,CA,AWP,WE,Federal Contract Tower,0,3,31,0,34,0,0,56,0,56,0,3,87,0,90,62,0,62,152
02/24/2001,SNS,CA,AWP,WE,Federal Contract Tower,0,0,13,0,13,0,0,6,0,6,0,0,19,0,19,29,5,34,53
02/25/2001,SNS,CA,AWP,WE,Federal Contract Tower,0,0,27,0,27,0,0,96,0,96,0,0,123,0,123,186,0,186,309
02/26/2001,SNS,CA,AWP,WE,Federal Contract Tower,0,0,0,0,0,0,2,76,0,78,0,2,76,0,78,35,0,35,113
02/27/2001,SNS,CA,AWP,WE,Federal Contract Tower,0,0,3,0,3,0,5,149,0,154,0,5,152,0,157,97,0,97,254
02/28/2001,SNS,CA,AWP,WE,Federal Contract Tower,0,0,2,0,2,0,3,141,2,146,0,3,143,2,148,93,0,93,241
03/01/2001,SNS,CA,AWP,WE,Federal Contract Tower,0,2,24,0,26,0,4,13,0,17,0,6,37,0,43,12,1,13,56
03/02/2001,SNS,CA,AWP,WE,Federal Contract Tower,0,1,0,0,1,0,11,120,0,131,0,12,120,0,132,103,0,103,235
03/03/2001,SNS,CA,AWP,WE,Federal Contract Tower,0,2,33,0,35,0,3,87,0,90,0,5,120,0,125,113,1,114,239
03/04/2001,SNS,CA,AWP,WE,Federal Contract Tower,0,0,5,0,5,0,0,3,0,3,0,0,8,0,8,0,0,0,8
03/05/2001,SNS,CA,AWP,WE,Federal Contract Tower,0,2,32,0,34,0,2,40,0,42,0,4,72,0,76,35,0,35,111
03/06/2001,SNS,CA,AWP,WE,Federal Contract Tower,0,1,2,0,3,0,4,80,0,84,0,5,82,0,87,123,0,123,210
03/07/2001,SNS,CA,AWP,WE,Federal Contract Tower,0,1,5,0,6,0,9,79,0,88,0,10,84,0,94,146,0,146,240
03/08/2001,SNS,CA,AWP,WE,Federal Contract Tower,0,2,22,0,24,0,5,87,5,97,0,7,109,5,121,93,0,93,214
03/09/2001,SNS,CA,AWP,WE,Federal Contract Tower,0,2,32,0,34,0,1,25,0,26,0,3,57,0,60,82,0,82,142
03/10/2001,SNS,CA,AWP,WE,Federal Contract Tower,0,1,0,0,1,0,2,137,0,139,0,3,137,0,140,190,0,190,330
03/11/2001,SNS,CA,AWP,WE,Federal Contract Tower,0,1,21,0,22,0,0,76,0,76,0,1,97,0,98,72,0,72,170
03/12/2001,SNS,CA,AWP,WE,Federal Contract Tower,0,2,22,0,24,0,3,76,0,79,0,5,98,0,103,40,0,40,143
03/13/2001,SNS,CA,AWP,WE,Federal Contract Tower,0,3,40,0,43,0,1,191,0,192,0,4,231,0,235,254,0,254,489
03/14/2001,SNS,CA,AWP,WE,Federal Contract Tower,0,0,11,0,11,0,3,88,0,91,0,3,99,0,102,198,0,198,300
03/15/2001,SNS,CA,AWP,WE,Federal Contract Tower,0,3,54,0,57,0,6,49,0,55,0,9,103,0,112,93,0,93,205
03/16/2001,SNS,CA,AWP,WE,Federal Contract Tower,0,2,38,0,40,0,3,130,0,133,0,5,168,0,173,227,0,227,400
03/17/2001,SNS,CA,AWP,WE,Federal Contract Tower,0,0,0,0,0,0,7,153,0,160,0,7,153,0,160,181,0,181,341
03/18/2001,SNS,CA,AWP,WE,Federal Contract Tower,0,2,38,0,40,0,1,143,0,144,0,3,181,0,184,145,0,145,329
03/19/2001,SNS,CA,AWP,WE,Federal Contract Tower,0,1,28,0,29,0,2,100,0,102,0,3,128,0,131,109,0,109,240
03/20/2001,SNS,CA,AWP,WE,Federal Contract Tower,0,0,15,0,15,0,7,151,0,158,0,7,166,0,173,214,0,214,387
03/21/2001,SNS,CA,AWP,WE,Federal Contract Tower,0,3,54,0,57,0,1,52,0,53,0,4,106,0,110,54,0,54,164
03/22/2001,SNS,CA,AWP,WE,Federal Contract Tower,0,1,26,0,27,0,2,65,0,67,0,3,91,0,94,128,0,128,222
03/23/2001,SNS,CA,AWP,WE,Federal Contract Tower,0,2,41,0,43,0,2,67,0,69,0,4,108,0,112,84,0,84,196
03/24/2001,SNS,CA,AWP,WE,Federal Contract Tower,0,2,37,0,39,0,4,61,0,65,0,6,98,0,104,154,0,154,258
03/25/2001,SNS,CA,AWP,WE,Federal Contract Tower,0,2,43,0,45,0,1,63,0,64,0,3,106,0,109,191,0,191,300
03/26/2001,SNS,CA,AWP,WE,Federal Contract Tower,0,1,23,0,24,0,4,91,0,95,0,5,114,0,119,104,0,104,223
03/27/2001,SNS,CA,AWP,WE,Federal Contract Tower,0,0,17,0,17,0,3,78,0,81,0,3,95,0,98,70,0,70,168
03/28/2001,SNS,CA,AWP,WE,Federal Contract Tower,0,1,24,0,25,0,6,49,0,55,0,7,73,0,80,41,0,41,121
03/29/2001,SNS,CA,AWP,WE,Federal Contract Tower,0,2,36,0,38,0,3,105,0,108,0,5,141,0,146,176,0,176,322
03/30/2001,SNS,CA,AWP,WE,Federal Contract Tower,0,1,27,0,28,0,1,73,0,74,0,2,100,0,102,171,0,171,273
03/31/2001,SNS,CA,AWP,WE,Federal Contract Tower,0,2,35,0,37,0,0,167,2,169,0,2,202,2,206,245,0,245,451
04/01/2001,SNS,CA,AWP,WE,Federal Contract Tower,0,0,65,0,65,0,0,108,0,108,0,0,173,0,173,87,0,87,260
04/02/2001,SNS,CA,AWP,WE,Federal Contract Tower,0,1,26,0,27,0,3,64,2,69,0,4,90,2,96,114,0,114,210
04/03/2001,SNS,CA,AWP,WE,Federal Contract Tower,0,2,15,0,17,0,2,121,0,123,0,4,136,0,140,98,0,98,238
04/04/2001,SNS,CA,AWP,WE,Federal Contract Tower,0,2,20,0,22,0,2,104,4,110,0,4,124,4,132,137,17,154,286
04/05/2001,SNS,CA,AWP,WE,Federal Contract Tower,0,5,29,0,34,0,4,64,0,68,0,9,93,0,102,202,2,204,306
04/06/2001,SNS,CA,AWP,WE,Federal Contract Tower,0,10,19,0,29,0,1,58,2,61,0,11,77,2,90,32,0,32,122
04/07/2001,SNS,CA,AWP,WE,Federal Contract Tower,0,0,18,0,18,0,0,48,0,48,0,0,66,0,66,83,0,83,149
04/08/2001,SNS,CA,AWP,WE,Federal Contract Tower,0,2,23,0,25,0,0,80,0,80,0,2,103,0,105,173,0,173,278
04/09/2001,SNS,CA,AWP,WE,Federal Contract Tower,0,2,15,0,17,0,2,70,0,72,0,4,85,0,89,36,0,36,125
04/10/2001,SNS,CA,AWP,WE,Federal Contract Tower,0,0,4,0,4,0,7,107,0,114,0,7,111,0,118,115,0,115,233
04/11/2001,SNS,CA,AWP,WE,Federal Contract Tower,0,5,60,0,65,0,0,16,0,16,0,5,76,0,81,171,0,171,252
04/12/2001,SNS,CA,AWP,WE,Federal Contract Tower,0,0,4,0,4,0,6,110,0,116,0,6,114,0,120,223,0,223,343
04/13/2001,SNS,CA,AWP,WE,Federal Contract Tower,0,2,32,0,34,0,5,76,0,81,0,7,108,0,115,113,0,113,228
04/14/2001,SNS,CA,AWP,WE,Federal Contract Tower,0,0,23,0,23,0,0,96,0,96,0,0,119,0,119,87,0,87,206
04/15/2001,SNS,CA,AWP,WE,Federal Contract Tower,0,1,3,0,4,0,1,65,0,66,0,2,68,0,70,60,0,60,130
04/16/2001,SNS,CA,AWP,WE,Federal Contract Tower,0,0,25,0,25,0,3,140,1,144,0,3,165,1,169,112,2,114,283
04/17/2001,SNS,CA,AWP,WE,Federal Contract Tower,0,2,23,0,25,0,2,106,0,108,0,4,129,0,133,157,0,157,290
04/18/2001,SNS,CA,AWP,WE,Federal Contract Tower,0,2,28,0,30,0,4,99,4,107,0,6,127,4,137,94,0,94,231
04/19/2001,SNS,CA,AWP,WE,Federal Contract Tower,0,1,13,0,14,0,1,39,0,40,0,2,52,0,54,105,0,105,159
04/20/2001,SNS,CA,AWP,WE,Federal Contract Tower,0,1,17,0,18,0,1,4,0,5,0,2,21,0,23,20,0,20,43
04/21/2001,SNS,CA,AWP,WE,Federal Contract Tower,0,0,32,0,32,0,0,100,0,100,0,0,132,0,132,124,0,124,256
04/22/2001,SNS,CA,AWP,WE,Federal Contract Tower,0,0,26,0,26,0,0,77,0,77,0,0,103,0,103,100,0,100,203
04/23/2001,SNS,CA,AWP,WE,Federal Contract Tower,0,2,16,0,18,0,4,83,0,87,0,6,99,0,105,121,0,121,226
04/24/2001,SNS,CA,AWP,WE,Federal Contract Tower,0,2,23,0,25,0,6,139,0,145,0,8,162,0,170,91,1,92,262
04/25/2001,SNS,CA,AWP,WE,Federal Contract Tower,0,2,23,0,25,0,2,160,0,162,0,4,183,0,187,159,0,159,346
04/26/2001,SNS,CA,AWP,WE,Federal Contract Tower,0,2,20,0,22,0,4,72,0,76,0,6,92,0,98,104,0,104,202
04/27/2001,SNS,CA,AWP,WE,Federal Contract Tower,0,4,50,0,54,0,3,113,0,116,0,7,163,0,170,115,0,115,285
04/28/2001,SNS,CA,AWP,WE,Federal Contract Tower,0,0,22,0,22,0,1,104,0,105,0,1,126,0,127,178,0,178,305
04/29/2001,SNS,CA,AWP,WE,Federal Contract Tower,0,0,14,0,14,0,1,174,0,175,0,1,188,0,189,120,0,120,309
04/30/2001,SNS,CA,AWP,WE,Federal Contract Tower,0,0,12,0,12,0,3,97,0,100,0,3,109,0,112,78,0,78,190
05/01/2001,SNS,CA,AWP,WE,Federal Contract Tower,0,3,29,0,32,0,2,96,1,99,0,5,125,1,131,144,0,144,275
05/02/2001,SNS,CA,AWP,WE,Federal Contract Tower,0,2,17,2,21,0,6,119,0,125,0,8,136,2,146,178,0,178,324
05/03/2001,SNS,CA,AWP,WE,Federal Contract Tower,0,1,11,0,12,0,4,142,0,146,0,5,153,0,158,102,0,102,260
05/04/2001,SNS,CA,AWP,WE,Federal Contract Tower,0,0,13,4,17,0,2,111,4,117,0,2,124,8,134,264,0,264,398
05/05/2001,SNS,CA,AWP,WE,Federal Contract Tower,0,0,44,0,44,0,2,107,0,109,0,2,151,0,153,69,0,69,222
05/06/2001,SNS,CA,AWP,WE,Federal Contract Tower,0,0,21,0,21,0,0,94,0,94,0,0,115,0,115,164,0,164,279
05/07/2001,SNS,CA,AWP,WE,Federal Contract Tower,0,0,17,0,17,0,5,150,0,155,0,5,167,0,172,142,0,142,314
05/08/2001,SNS,CA,AWP,WE,Federal Contract Tower,0,0,30,0,30,0,5,111,0,116,0,5,141,0,146,192,1,193,339
05/09/2001,SNS,CA,AWP,WE,Federal Contract Tower,0,0,37,0,37,0,3,131,0,134,0,3,168,0,171,214,0,214,385
05/10/2001,SNS,CA,AWP,WE,Federal Contract Tower,0,0,42,0,42,0,5,104,0,109,0,5,146,0,151,178,0,178,329
05/11/2001,SNS,CA,AWP,WE,Federal Contract Tower,0,0,39,0,39,0,16,117,0,133,0,16,156,0,172,119,0,119,291
05/12/2001,SNS,CA,AWP,WE,Federal Contract Tower,0,0,36,0,36,0,0,53,0,53,0,0,89,0,89,134,0,134,223
05/13/2001,SNS,CA,AWP,WE,Federal Contract Tower,0,0,21,0,21,0,1,77,2,80,0,1,98,2,101,81,0,81,182
05/14/2001,SNS,CA,AWP,WE,Federal Contract Tower,0,0,12,0,12,0,2,81,0,83,0,2,93,0,95,56,0,56,151
05/15/2001,SNS,CA,AWP,WE,Federal Contract Tower,0,2,24,0,26,0,1,130,0,131,0,3,154,0,157,156,0,156,313
05/16/2001,SNS,CA,AWP,WE,Federal Contract Tower,0,0,41,0,41,0,9,106,0,115,0,9,147,0,156,120,0,120,276
05/17/2001,SNS,CA,AWP,WE,Federal Contract Tower,0,0,19,0,19,0,6,148,0,154,0,6,167,0,173,154,0,154,327
05/18/2001,SNS,CA,AWP,WE,Federal Contract Tower,0,1,15,0,16,0,0,156,2,158,0,1,171,2,174,117,0,117,291
05/19/2001,SNS,CA,AWP,WE,Federal Contract Tower,0,0,41,0,41,0,2,138,0,140,0,2,179,0,181,132,0,132,313
05/20/2001,SNS,CA,AWP,WE,Federal Contract Tower,0,0,19,0,19,0,0,102,0,102,0,0,121,0,121,52,0,52,173
05/21/2001,SNS,CA,AWP,WE,Federal Contract Tower,0,0,35,0,35,0,0,48,0,48,0,0,83,0,83,70,0,70,153
05/22/2001,SNS,CA,AWP,WE,Federal Contract Tower,0,1,47,0,48,0,3,119,0,122,0,4,166,0,170,186,0,186,356
05/23/2001,SNS,CA,AWP,WE,Federal Contract Tower,0,1,35,0,36,0,2,151,0,153,0,3,186,0,189,158,0,158,347
05/24/2001,SNS,CA,AWP,WE,Federal Contract Tower,0,0,21,0,21,0,5,136,0,141,0,5,157,0,162,190,0,190,352
05/25/2001,SNS,CA,AWP,WE,Federal Contract Tower,0,0,29,0,29,0,1,134,0,135,0,1,163,0,164,102,0,102,266
05/26/2001,SNS,CA,AWP,WE,Federal Contract Tower,0,0,29,0,29,0,0,133,0,133,0,0,162,0,162,24,0,24,186
05/27/2001,SNS,CA,AWP,WE,Federal Contract Tower,0,0,17,0,17,0,0,62,0,62,0,0,79,0,79,54,0,54,133
05/28/2001,SNS,CA,AWP,WE,Federal Contract Tower,0,0,10,0,10,0,0,88,0,88,0,0,98,0,98,72,0,72,170
05/29/2001,SNS,CA,AWP,WE,Federal Contract Tower,0,0,25,0,25,0,3,84,0,87,0,3,109,0,112,184,0,184,296
05/30/2001,SNS,CA,AWP,WE,Federal Contract Tower,0,0,57,0,57,0,2,128,8,138,0,2,185,8,195,96,0,96,291
05/31/2001,SNS,CA,AWP,WE,Federal Contract Tower,0,0,39,0,39,0,1,116,2,119,0,1,155,2,158,84,0,84,242
06/01/2001,SNS,CA,AWP,WE,Federal Contract Tower,0,0,30,0,30,0,0,54,0,54,0,0,84,0,84,24,0,24,108
06/02/2001,SNS,CA,AWP,WE,Federal Contract Tower,0,0,28,2,30,0,0,123,0,123,0,0,151,2,153,50,0,50,203
06/03/2001,SNS,CA,AWP,WE,Federal Contract Tower,0,0,13,0,13,0,0,100,0,100,0,0,113,0,113,66,0,66,179
06/04/2001,SNS,CA,AWP,WE,Federal Contract Tower,0,0,15,0,15,0,0,72,0,72,0,0,87,0,87,38,0,38,125
06/05/2001,SNS,CA,AWP,WE,Federal Contract Tower,0,0,35,0,35,0,2,100,0,102,0,2,135,0,137,92,0,92,229
06/06/2001,SNS,CA,AWP,WE,Federal Contract Tower,0,0,34,0,34,0,1,122,0,123,0,1,156,0,157,146,0,146,303
06/07/2001,SNS,CA,AWP,WE,Federal Contract Tower,0,0,36,0,36,0,2,127,0,129,0,2,163,0,165,154,0,154,319
06/08/2001,SNS,CA,AWP,WE,Federal Contract Tower,0,0,32,0,32,0,0,156,0,156,0,0,188,0,188,84,0,84,272
06/09/2001,SNS,CA,AWP,WE,Federal Contract Tower,0,0,20,0,20,0,2,131,0,133,0,2,151,0,153,110,0,110,263
06/10/2001,SNS,CA,AWP,WE,Federal Contract Tower,0,0,13,0,13,0,0,153,0,153,0,0,166,0,166,106,0,106,272
06/11/2001,SNS,CA,AWP,WE,Federal Contract Tower,0,1,18,0,19,0,2,54,0,56,0,3,72,0,75,60,0,60,135
06/12/2001,SNS,CA,AWP,WE,Federal Contract Tower,0,0,33,0,33,0,1,85,0,86,0,1,118,0,119,92,0,92,211
06/13/2001,SNS,CA,AWP,WE,Federal Contract Tower,0,0,23,0,23,0,0,196,0,196,0,0,219,0,219,120,0,120,339
06/14/2001,SNS,CA,AWP,WE,Federal Contract Tower,0,0,23,0,23,0,4,165,0,169,0,4,188,0,192,74,0,74,266
06/15/2001,SNS,CA,AWP,WE,Federal Contract Tower,0,0,28,0,28,0,2,179,0,181,0,2,207,0,209,66,0,66,275
06/16/2001,SNS,CA,AWP,WE,Federal Contract Tower,0,0,25,0,25,0,0,178,0,178,0,0,203,0,203,130,0,130,333
06/17/2001,SNS,CA,AWP,WE,Federal Contract Tower,0,0,12,0,12,0,0,108,0,108,0,0,120,0,120,76,0,76,196
06/18/2001,SNS,CA,AWP,WE,Federal Contract Tower,0,0,31,0,31,0,2,87,0,89,0,2,118,0,120,82,0,82,202
06/19/2001,SNS,CA,AWP,WE,Federal Contract Tower,0,0,7,0,7,0,1,105,0,106,0,1,112,0,113,76,0,76,189
06/20/2001,SNS,CA,AWP,WE,Federal Contract Tower,0,0,22,0,22,0,3,130,0,133,0,3,152,0,155,98,6,104,259
06/21/2001,SNS,CA,AWP,WE,Federal Contract Tower,0,0,25,0,25,0,3,211,0,214,0,3,236,0,239,116,0,116,355
06/22/2001,SNS,CA,AWP,WE,Federal Contract Tower,0,0,17,0,17,0,2,133,0,135,0,2,150,0,152,84,0,84,236
06/23/2001,SNS,CA,AWP,WE,Federal Contract Tower,0,0,36,0,36,0,0,117,0,117,0,0,153,0,153,108,0,108,261
06/24/2001,SNS,CA,AWP,WE,Federal Contract Tower,0,0,20,0,20,0,0,95,0,95,0,0,115,0,115,74,0,74,189
06/25/2001,SNS,CA,AWP,WE,Federal Contract Tower,0,0,17,0,17,0,1,71,0,72,0,1,88,0,89,112,0,112,201
06/26/2001,SNS,CA,AWP,WE,Federal Contract Tower,0,0,21,0,21,0,1,89,0,90,0,1,110,0,111,176,0,176,287
06/27/2001,SNS,CA,AWP,WE,Federal Contract Tower,0,0,22,0,22,0,1,99,0,100,0,1,121,0,122,190,0,190,312
06/28/2001,SNS,CA,AWP,WE,Federal Contract Tower,0,0,17,0,17,0,3,128,0,131,0,3,145,0,148,128,0,128,276
06/29/2001,SNS,CA,AWP,WE,Federal Contract Tower,0,0,37,0,37,0,1,113,0,114,0,1,150,0,151,218,0,218,369
06/30/2001,SNS,CA,AWP,WE,Federal Contract Tower,0,0,13,0,13,0,0,134,0,134,0,0,147,0,147,114,0,114,261
07/01/2001,SNS,CA,AWP,WE,Federal Contract Tower,0,0,12,0,12,0,0,86,0,86,0,0,98,0,98,120,0,120,218
07/02/2001,SNS,CA,AWP,WE,Federal Contract Tower,0,0,24,0,24,0,1,75,0,76,0,1,99,0,100,180,0,180,280
07/03/2001,SNS,CA,AWP,WE,Federal Contract Tower,0,0,13,0,13,0,1,128,0,129,0,1,141,0,142,236,0,236,378
07/04/2001,SNS,CA,AWP,WE,Federal Contract Tower,0,0,16,0,16,0,0,97,0,97,0,0,113,0,113,120,0,120,233
07/05/2001,SNS,CA,AWP,WE,Federal Contract Tower,0,0,31,0,31,0,2,84,0,86,0,2,115,0,117,52,0,52,169
07/06/2001,SNS,CA,AWP,WE,Federal Contract Tower,0,0,25,0,25,0,0,130,0,130,0,0,155,0,155,74,0,74,229
07/07/2001,SNS,CA,AWP,WE,Federal Contract Tower,0,0,13,0,13,0,0,128,0,128,0,0,141,0,141,158,0,158,299
07/08/2001,SNS,CA,AWP,WE,Federal Contract Tower,0,0,33,0,33,0,0,82,0,82,0,0,115,0,115,36,0,36,151
07/09/2001,SNS,CA,AWP,WE,Federal Contract Tower,0,0,35,0,35,0,1,63,0,64,0,1,98,0,99,168,0,168,267
07/10/2001,SNS,CA,AWP,WE,Federal Contract Tower,0,0,21,0,21,0,1,85,0,86,0,1,106,0,107,250,0,250,357
07/11/2001,SNS,CA,AWP,WE,Federal Contract Tower,0,0,26,0,26,0,0,112,0,112,0,0,138,0,138,190,0,190,328
07/12/2001,SNS,CA,AWP,WE,Federal Contract Tower,0,0,25,0,25,0,2,122,0,124,0,2,147,0,149,210,0,210,359
07/13/2001,SNS,CA,AWP,WE,Federal Contract Tower,0,0,42,0,42,0,2,68,0,70,0,2,110,0,112,80,0,80,192
07/14/2001,SNS,CA,AWP,WE,Federal Contract Tower,0,0,26,0,26,0,0,41,0,41,0,0,67,0,67,20,0,20,87
07/15/2001,SNS,CA,AWP,WE,Federal Contract Tower,0,0,36,0,36,0,0,72,0,72,0,0,108,0,108,814,0,814,922
07/16/2001,SNS,CA,AWP,WE,Federal Contract Tower,0,0,23,0,23,0,2,104,0,106,0,2,127,0,129,74,0,74,203
07/17/2001,SNS,CA,AWP,WE,Federal Contract Tower,0,0,37,0,37,0,0,129,0,129,0,0,166,0,166,140,0,140,306
07/18/2001,SNS,CA,AWP,WE,Federal Contract Tower,0,0,34,0,34,0,3,94,0,97,0,3,128,0,131,106,0,106,237
07/19/2001,SNS,CA,AWP,WE,Federal Contract Tower,0,1,43,0,44,0,5,120,0,125,0,6,163,0,169,132,0,132,301
07/20/2001,SNS,CA,AWP,WE,Federal Contract Tower,0,0,37,0,37,0,4,110,0,114,0,4,147,0,151,150,0,150,301
07/21/2001,SNS,CA,AWP,WE,Federal Contract Tower,0,0,37,0,37,0,0,116,2,118,0,0,153,2,155,121,0,121,276
07/22/2001,SNS,CA,AWP,WE,Federal Contract Tower,0,0,19,0,19,0,1,141,0,142,0,1,160,0,161,66,0,66,227
07/23/2001,SNS,CA,AWP,WE,Federal Contract Tower,0,0,32,0,32,0,1,83,6,90,0,1,115,6,122,280,0,280,402
07/24/2001,SNS,CA,AWP,WE,Federal Contract Tower,0,0,49,0,49,0,1,102,4,107,0,1,151,4,156,362,0,362,518
07/25/2001,SNS,CA,AWP,WE,Federal Contract Tower,0,0,59,0,59,0,6,93,8,107,0,6,152,8,166,189,0,189,355
07/26/2001,SNS,CA,AWP,WE,Federal Contract Tower,0,0,47,0,47,0,3,117,0,120,0,3,164,0,167,242,0,242,409
07/27/2001,SNS,CA,AWP,WE,Federal Contract Tower,0,0,34,0,34,0,0,115,0,115,0,0,149,0,149,172,0,172,321
07/28/2001,SNS,CA,AWP,WE,Federal Contract Tower,0,0,32,0,32,0,0,68,0,68,0,0,100,0,100,92,0,92,192
07/29/2001,SNS,CA,AWP,WE,Federal Contract Tower,0,0,18,0,18,0,0,90,0,90,0,0,108,0,108,124,0,124,232
07/30/2001,SNS,CA,AWP,WE,Federal Contract Tower,0,1,21,0,22,0,0,84,0,84,0,1,105,0,106,114,0,114,220
07/31/2001,SNS,CA,AWP,WE,Federal Contract Tower,0,0,54,0,54,0,1,82,0,83,0,1,136,0,137,50,0,50,187
08/01/2001,SNS,CA,AWP,WE,Federal Contract Tower,0,0,47,0,47,0,0,108,0,108,0,0,155,0,155,180,0,180,335
08/02/2001,SNS,CA,AWP,WE,Federal Contract Tower,0,0,44,0,44,0,6,139,4,149,0,6,183,4,193,174,0,174,367
08/03/2001,SNS,CA,AWP,WE,Federal Contract Tower,0,0,26,0,26,0,4,92,0,96,0,4,118,0,122,94,0,94,216
08/04/2001,SNS,CA,AWP,WE,Federal Contract Tower,0,0,27,0,27,0,0,105,0,105,0,0,132,0,132,60,0,60,192
08/05/2001,SNS,CA,AWP,WE,Federal Contract Tower,0,0,23,0,23,0,0,149,0,149,0,0,172,0,172,174,0,174,346
08/06/2001,SNS,CA,AWP,WE,Federal Contract Tower,0,0,22,0,22,0,1,116,0,117,0,1,138,0,139,62,0,62,201
08/07/2001,SNS,CA,AWP,WE,Federal Contract Tower,0,5,25,0,30,0,2,145,0,147,0,7,170,0,177,150,0,150,327
08/08/2001,SNS,CA,AWP,WE,Federal Contract Tower,0,1,43,6,50,0,0,96,0,96,0,1,139,6,146,104,0,104,250
08/09/2001,SNS,CA,AWP,WE,Federal Contract Tower,0,0,59,0,59,0,1,115,2,118,0,1,174,2,177,110,0,110,287
08/10/2001,SNS,CA,AWP,WE,Federal Contract Tower,0,0,28,0,28,0,0,166,1,167,0,0,194,1,195,118,0,118,313
08/11/2001,SNS,CA,AWP,WE,Federal Contract Tower,0,0,10,0,10,0,0,128,0,128,0,0,138,0,138,80,0,80,218
08/12/2001,SNS,CA,AWP,WE,Federal Contract Tower,0,0,23,0,23,0,0,109,0,109,0,0,132,0,132,104,0,104,236
08/13/2001,SNS,CA,AWP,WE,Federal Contract Tower,0,0,26,0,26,0,1,105,0,106,0,1,131,0,132,270,0,270,402
08/14/2001,SNS,CA,AWP,WE,Federal Contract Tower,0,7,41,0,48,0,1,141,0,142,0,8,182,0,190,190,0,190,380
08/15/2001,SNS,CA,AWP,WE,Federal Contract Tower,0,9,48,0,57,0,0,112,0,112,0,9,160,0,169,42,0,42,211
08/16/2001,SNS,CA,AWP,WE,Federal Contract Tower,0,10,28,0,38,0,7,112,0,119,0,17,140,0,157,92,0,92,249
08/17/2001,SNS,CA,AWP,WE,Federal Contract Tower,0,6,39,0,45,0,2,118,0,120,0,8,157,0,165,98,0,98,263
08/18/2001,SNS,CA,AWP,WE,Federal Contract Tower,0,0,31,0,31,0,0,91,0,91,0,0,122,0,122,10,0,10,132
08/19/2001,SNS,CA,AWP,WE,Federal Contract Tower,0,0,35,0,35,0,0,104,0,104,0,0,139,0,139,30,0,30,169
08/20/2001,SNS,CA,AWP,WE,Federal Contract Tower,0,3,51,0,54,0,0,92,0,92,0,3,143,0,146,124,0,124,270
08/21/2001,SNS,CA,AWP,WE,Federal Contract Tower,0,1,24,0,25,0,0,112,0,112,0,1,136,0,137,166,0,166,303
08/22/2001,SNS,CA,AWP,WE,Federal Contract Tower,0,3,41,0,44,0,3,102,0,105,0,6,143,0,149,146,0,146,295
08/23/2001,SNS,CA,AWP,WE,Federal Contract Tower,0,0,32,0,32,0,3,147,0,150,0,3,179,0,182,202,0,202,384
08/24/2001,SNS,CA,AWP,WE,Federal Contract Tower,0,0,51,0,51,0,4,89,0,93,0,4,140,0,144,70,0,70,214
08/25/2001,SNS,CA,AWP,WE,Federal Contract Tower,0,0,35,0,35,0,0,119,0,119,0,0,154,0,154,172,0,172,326
08/26/2001,SNS,CA,AWP,WE,Federal Contract Tower,0,0,31,0,31,0,0,123,0,123,0,0,154,0,154,20,0,20,174
08/27/2001,SNS,CA,AWP,WE,Federal Contract Tower,0,0,35,0,35,0,1,77,0,78,0,1,112,0,113,48,0,48,161
08/28/2001,SNS,CA,AWP,WE,Federal Contract Tower,0,2,50,0,52,0,3,129,0,132,0,5,179,0,184,82,0,82,266
08/29/2001,SNS,CA,AWP,WE,Federal Contract Tower,0,0,60,0,60,0,0,70,0,70,0,0,130,0,130,158,0,158,288
08/30/2001,SNS,CA,AWP,WE,Federal Contract Tower,0,5,42,0,47,0,5,66,0,71,0,10,108,0,118,82,0,82,200
08/31/2001,SNS,CA,AWP,WE,Federal Contract Tower,0,0,44,0,44,0,0,133,0,133,0,0,177,0,177,142,0,142,319
09/01/2001,SNS,CA,AWP,WE,Federal Contract Tower,0,0,26,0,26,0,0,117,3,120,0,0,143,3,146,96,4,100,246
09/02/2001,SNS,CA,AWP,WE,Federal Contract Tower,0,0,27,0,27,0,0,109,0,109,0,0,136,0,136,112,0,112,248
09/03/2001,SNS,CA,AWP,WE,Federal Contract Tower,0,0,32,0,32,0,1,107,0,108,0,1,139,0,140,36,0,36,176
09/04/2001,SNS,CA,AWP,WE,Federal Contract Tower,0,0,29,0,29,0,0,89,0,89,0,0,118,0,118,210,0,210,328
09/05/2001,SNS,CA,AWP,WE,Federal Contract Tower,0,1,25,0,26,0,2,86,0,88,0,3,111,0,114,54,0,54,168
09/06/2001,SNS,CA,AWP,WE,Federal Contract Tower,0,0,24,0,24,0,1,119,0,120,0,1,143,0,144,59,0,59,203
09/07/2001,SNS,CA,AWP,WE,Federal Contract Tower,0,0,34,0,34,0,0,187,0,187,0,0,221,0,221,136,4,140,361
09/08/2001,SNS,CA,AWP,WE,Federal Contract Tower,0,0,44,0,44,0,0,121,0,121,0,0,165,0,165,62,0,62,227
09/09/2001,SNS,CA,AWP,WE,Federal Contract Tower,0,0,13,0,13,0,0,101,0,101,0,0,114,0,114,96,0,96,210
09/10/2001,SNS,CA,AWP,WE,Federal Contract Tower,0,2,18,0,20,0,1,147,1,149,0,3,165,1,169,52,0,52,221
09/11/2001,SNS,CA,AWP,WE,Federal Contract Tower,0,0,0,0,0,0,0,5,0,5,0,0,5,0,5,1,0,1,6
09/12/2001,SNS,CA,AWP,WE,Federal Contract Tower,0,0,0,0,0,0,0,0,0,0,0,0,0,0,0,0,0,0,0
09/13/2001,SNS,CA,AWP,WE,Federal Contract Tower,0,1,0,0,1,0,0,0,0,0,0,1,0,0,1,0,0,0,1
09/14/2001,SNS,CA,AWP,WE,Federal Contract Tower,0,2,0,0,2,0,2,21,6,29,0,4,21,6,31,0,0,0,31
09/15/2001,SNS,CA,AWP,WE,Federal Contract Tower,0,0,6,3,9,0,0,21,0,21,0,0,27,3,30,0,0,0,30
09/16/2001,SNS,CA,AWP,WE,Federal Contract Tower,0,0,8,1,9,0,0,31,0,31,0,0,39,1,40,0,0,0,40
09/17/2001,SNS,CA,AWP,WE,Federal Contract Tower,0,2,31,1,34,0,0,0,0,0,0,2,31,1,34,0,0,0,34
09/18/2001,SNS,CA,AWP,WE,Federal Contract Tower,0,3,38,0,41,0,0,14,0,14,0,3,52,0,55,8,0,8,63
09/19/2001,SNS,CA,AWP,WE,Federal Contract Tower,0,8,32,0,40,0,0,23,0,23,0,8,55,0,63,60,0,60,123
09/20/2001,SNS,CA,AWP,WE,Federal Contract Tower,0,1,53,2,56,0,2,138,0,140,0,3,191,2,196,86,0,86,282
09/21/2001,SNS,CA,AWP,WE,Federal Contract Tower,0,6,39,0,45,0,2,49,0,51,0,8,88,0,96,76,0,76,172
09/22/2001,SNS,CA,AWP,WE,Federal Contract Tower,0,2,29,2,33,0,9,103,0,112,0,11,132,2,145,80,0,80,225
09/23/2001,SNS,CA,AWP,WE,Federal Contract Tower,0,0,29,0,29,0,0,104,0,104,0,0,133,0,133,88,0,88,221
09/24/2001,SNS,CA,AWP,WE,Federal Contract Tower,0,0,32,0,32,0,1,62,0,63,0,1,94,0,95,88,0,88,183
09/25/2001,SNS,CA,AWP,WE,Federal Contract Tower,0,0,50,0,50,0,1,104,0,105,0,1,154,0,155,32,0,32,187
09/26/2001,SNS,CA,AWP,WE,Federal Contract Tower,0,1,43,0,44,0,1,116,0,117,0,2,159,0,161,113,0,113,274
09/27/2001,SNS,CA,AWP,WE,Federal Contract Tower,0,2,52,0,54,0,5,106,0,111,0,7,158,0,165,44,0,44,209
09/28/2001,SNS,CA,AWP,WE,Federal Contract Tower,0,0,24,0,24,0,0,141,0,141,0,0,165,0,165,196,0,196,361
09/29/2001,SNS,CA,AWP,WE,Federal Contract Tower,0,0,32,2,34,0,0,131,0,131,0,0,163,2,165,92,0,92,257
09/30/2001,SNS,CA,AWP,WE,Federal Contract Tower,0,0,31,0,31,0,0,122,0,122,0,0,153,0,153,92,0,92,245
10/01/2001,SNS,CA,AWP,WE,Federal Contract Tower,0,0,42,0,42,0,1,121,0,122,0,1,163,0,164,104,0,104,268
10/02/2001,SNS,CA,AWP,WE,Federal Contract Tower,0,5,46,0,51,0,0,86,0,86,0,5,132,0,137,34,0,34,171
10/03/2001,SNS,CA,AWP,WE,Federal Contract Tower,0,1,48,0,49,0,0,108,0,108,0,1,156,0,157,46,0,46,203
10/04/2001,SNS,CA,AWP,WE,Federal Contract Tower,0,3,36,0,39,0,1,93,0,94,0,4,129,0,133,12,0,12,145
10/05/2001,SNS,CA,AWP,WE,Federal Contract Tower,0,0,36,0,36,0,0,96,0,96,0,0,132,0,132,86,0,86,218
10/06/2001,SNS,CA,AWP,WE,Federal Contract Tower,0,0,44,0,44,0,0,83,0,83,0,0,127,0,127,50,0,50,177
10/07/2001,SNS,CA,AWP,WE,Federal Contract Tower,0,0,50,0,50,0,0,115,0,115,0,0,165,0,165,124,0,124,289
10/08/2001,SNS,CA,AWP,WE,Federal Contract Tower,0,1,64,0,65,0,1,66,0,67,0,2,130,0,132,38,0,38,170
10/09/2001,SNS,CA,AWP,WE,Federal Contract Tower,0,0,46,0,46,0,3,110,0,113,0,3,156,0,159,58,0,58,217
10/10/2001,SNS,CA,AWP,WE,Federal Contract Tower,0,0,27,0,27,0,2,132,4,138,0,2,159,4,165,52,0,52,217
10/11/2001,SNS,CA,AWP,WE,Federal Contract Tower,0,0,41,0,41,0,2,114,3,119,0,2,155,3,160,22,0,22,182
10/12/2001,SNS,CA,AWP,WE,Federal Contract Tower,0,1,17,0,18,0,2,93,0,95,0,3,110,0,113,42,0,42,155
10/13/2001,SNS,CA,AWP,WE,Federal Contract Tower,0,0,26,0,26,0,0,134,0,134,0,0,160,0,160,92,0,92,252
10/14/2001,SNS,CA,AWP,WE,Federal Contract Tower,0,1,55,0,56,0,0,130,0,130,0,1,185,0,186,88,0,88,274
10/15/2001,SNS,CA,AWP,WE,Federal Contract Tower,0,1,32,0,33,0,0,109,0,109,0,1,141,0,142,28,0,28,170
10/16/2001,SNS,CA,AWP,WE,Federal Contract Tower,0,4,49,0,53,0,1,80,0,81,0,5,129,0,134,98,0,98,232
10/17/2001,SNS,CA,AWP,WE,Federal Contract Tower,0,1,69,0,70,0,2,91,0,93,0,3,160,0,163,40,0,40,203
10/18/2001,SNS,CA,AWP,WE,Federal Contract Tower,0,3,36,0,39,0,0,82,0,82,0,3,118,0,121,42,0,42,163
10/19/2001,SNS,CA,AWP,WE,Federal Contract Tower,0,0,28,0,28,0,0,81,0,81,0,0,109,0,109,62,0,62,171
10/20/2001,SNS,CA,AWP,WE,Federal Contract Tower,0,0,44,0,44,0,0,88,0,88,0,0,132,0,132,38,0,38,170
10/21/2001,SNS,CA,AWP,WE,Federal Contract Tower,0,0,19,0,19,0,0,101,0,101,0,0,120,0,120,110,0,110,230
10/22/2001,SNS,CA,AWP,WE,Federal Contract Tower,0,0,31,0,31,0,1,86,0,87,0,1,117,0,118,94,0,94,212
10/23/2001,SNS,CA,AWP,WE,Federal Contract Tower,0,0,39,2,41,0,2,121,0,123,0,2,160,2,164,76,0,76,240
10/24/2001,SNS,CA,AWP,WE,Federal Contract Tower,0,0,33,0,33,0,3,128,0,131,0,3,161,0,164,126,0,126,290
10/25/2001,SNS,CA,AWP,WE,Federal Contract Tower,0,1,17,0,18,0,2,100,0,102,0,3,117,0,120,114,0,114,234
10/26/2001,SNS,CA,AWP,WE,Federal Contract Tower,0,0,58,0,58,0,0,59,0,59,0,0,117,0,117,62,0,62,179
10/27/2001,SNS,CA,AWP,WE,Federal Contract Tower,0,0,26,0,26,0,0,133,0,133,0,0,159,0,159,134,0,134,293
10/28/2001,SNS,CA,AWP,WE,Federal Contract Tower,0,0,34,0,34,0,0,109,0,109,0,0,143,0,143,88,0,88,231
10/29/2001,SNS,CA,AWP,WE,Federal Contract Tower,0,0,26,0,26,0,1,109,0,110,0,1,135,0,136,190,0,190,326
10/30/2001,SNS,CA,AWP,WE,Federal Contract Tower,0,0,37,0,37,0,1,62,0,63,0,1,99,0,100,92,0,92,192
10/31/2001,SNS,CA,AWP,WE,Federal Contract Tower,0,1,48,0,49,0,0,96,0,96,0,1,144,0,145,85,0,85,230
11/01/2001,SNS,CA,AWP,WE,Federal Contract Tower,0,0,66,0,66,0,0,74,0,74,0,0,140,0,140,38,0,38,178
11/02/2001,SNS,CA,AWP,WE,Federal Contract Tower,0,0,79,0,79,0,1,71,0,72,0,1,150,0,151,46,0,46,197
11/03/2001,SNS,CA,AWP,WE,Federal Contract Tower,0,0,57,0,57,0,4,107,0,111,0,4,164,0,168,132,0,132,300
11/04/2001,SNS,CA,AWP,WE,Federal Contract Tower,0,0,34,0,34,0,0,138,0,138,0,0,172,0,172,58,0,58,230
11/05/2001,SNS,CA,AWP,WE,Federal Contract Tower,0,1,51,0,52,0,0,68,0,68,0,1,119,0,120,46,0,46,166
11/06/2001,SNS,CA,AWP,WE,Federal Contract Tower,0,1,44,0,45,0,0,58,0,58,0,1,102,0,103,100,0,100,203
11/07/2001,SNS,CA,AWP,WE,Federal Contract Tower,0,1,26,0,27,0,2,113,22,137,0,3,139,22,164,90,0,90,254
11/08/2001,SNS,CA,AWP,WE,Federal Contract Tower,0,1,44,0,45,0,0,102,0,102,0,1,146,0,147,77,0,77,224
11/09/2001,SNS,CA,AWP,WE,Federal Contract Tower,0,1,30,0,31,0,1,134,0,135,0,2,164,0,166,120,0,120,286
11/10/2001,SNS,CA,AWP,WE,Federal Contract Tower,0,0,41,0,41,0,0,106,0,106,0,0,147,0,147,118,0,118,265
11/11/2001,SNS,CA,AWP,WE,Federal Contract Tower,0,0,23,0,23,0,0,93,0,93,0,0,116,0,116,74,0,74,190
11/12/2001,SNS,CA,AWP,WE,Federal Contract Tower,0,0,14,0,14,0,0,13,0,13,0,0,27,0,27,0,0,0,27
11/13/2001,SNS,CA,AWP,WE,Federal Contract Tower,0,0,19,0,19,0,0,85,0,85,0,0,104,0,104,98,0,98,202
11/14/2001,SNS,CA,AWP,WE,Federal Contract Tower,0,1,26,0,27,0,2,115,0,117,0,3,141,0,144,40,0,40,184
11/15/2001,SNS,CA,AWP,WE,Federal Contract Tower,0,0,44,0,44,0,0,66,0,66,0,0,110,0,110,66,0,66,176
11/16/2001,SNS,CA,AWP,WE,Federal Contract Tower,0,0,40,0,40,0,0,49,0,49,0,0,89,0,89,56,0,56,145
11/17/2001,SNS,CA,AWP,WE,Federal Contract Tower,0,4,26,0,30,0,0,54,0,54,0,4,80,0,84,12,0,12,96
11/18/2001,SNS,CA,AWP,WE,Federal Contract Tower,0,0,34,0,34,0,0,99,0,99,0,0,133,0,133,78,0,78,211
11/19/2001,SNS,CA,AWP,WE,Federal Contract Tower,0,0,37,0,37,0,1,67,0,68,0,1,104,0,105,61,0,61,166
11/20/2001,SNS,CA,AWP,WE,Federal Contract Tower,0,8,49,0,57,0,0,117,0,117,0,8,166,0,174,96,0,96,270
11/21/2001,SNS,CA,AWP,WE,Federal Contract Tower,0,0,45,0,45,0,1,82,0,83,0,1,127,0,128,30,0,30,158
11/22/2001,SNS,CA,AWP,WE,Federal Contract Tower,0,0,6,0,6,0,0,9,0,9,0,0,15,0,15,12,0,12,27
11/23/2001,SNS,CA,AWP,WE,Federal Contract Tower,0,0,26,0,26,0,0,83,0,83,0,0,109,0,109,42,0,42,151
11/24/2001,SNS,CA,AWP,WE,Federal Contract Tower,0,0,10,0,10,0,0,14,0,14,0,0,24,0,24,0,0,0,24
11/25/2001,SNS,CA,AWP,WE,Federal Contract Tower,0,0,21,0,21,0,0,59,0,59,0,0,80,0,80,58,0,58,138
11/26/2001,SNS,CA,AWP,WE,Federal Contract Tower,0,0,31,0,31,0,2,119,0,121,0,2,150,0,152,70,0,70,222
11/27/2001,SNS,CA,AWP,WE,Federal Contract Tower,0,0,30,0,30,0,0,134,0,134,0,0,164,0,164,78,0,78,242
11/28/2001,SNS,CA,AWP,WE,Federal Contract Tower,0,1,34,0,35,0,0,99,0,99,0,1,133,0,134,109,0,109,243
11/29/2001,SNS,CA,AWP,WE,Federal Contract Tower,0,1,25,0,26,0,0,34,0,34,0,1,59,0,60,75,0,75,135
11/30/2001,SNS,CA,AWP,WE,Federal Contract Tower,0,0,58,0,58,0,0,84,0,84,0,0,142,0,142,120,0,120,262
12/01/2001,SNS,CA,AWP,WE,Federal Contract Tower,0,0,18,0,18,0,0,31,0,31,0,0,49,0,49,14,0,14,63
12/02/2001,SNS,CA,AWP,WE,Federal Contract Tower,0,0,12,0,12,0,0,11,0,11,0,0,23,0,23,18,0,18,41
12/03/2001,SNS,CA,AWP,WE,Federal Contract Tower,0,0,50,0,50,0,0,38,0,38,0,0,88,0,88,22,0,22,110
12/04/2001,SNS,CA,AWP,WE,Federal Contract Tower,0,0,45,0,45,0,1,122,0,123,0,1,167,0,168,52,0,52,220
12/05/2001,SNS,CA,AWP,WE,Federal Contract Tower,0,2,31,2,35,0,1,80,0,81,0,3,111,2,116,22,0,22,138
12/06/2001,SNS,CA,AWP,WE,Federal Contract Tower,0,0,38,0,38,0,0,82,0,82,0,0,120,0,120,52,0,52,172
12/07/2001,SNS,CA,AWP,WE,Federal Contract Tower,0,0,42,0,42,0,5,131,0,136,0,5,173,0,178,54,0,54,232
12/08/2001,SNS,CA,AWP,WE,Federal Contract Tower,0,2,53,0,55,0,0,160,0,160,0,2,213,0,215,62,0,62,277
12/09/2001,SNS,CA,AWP,WE,Federal Contract Tower,0,4,14,0,18,0,0,29,0,29,0,4,43,0,47,16,0,16,63
12/10/2001,SNS,CA,AWP,WE,Federal Contract Tower,0,0,30,0,30,0,0,87,0,87,0,0,117,0,117,44,0,44,161
12/11/2001,SNS,CA,AWP,WE,Federal Contract Tower,0,0,32,0,32,0,2,147,3,152,0,2,179,3,184,42,8,50,234
12/12/2001,SNS,CA,AWP,WE,Federal Contract Tower,0,1,37,0,38,0,1,146,0,147,0,2,183,0,185,96,0,96,281
12/13/2001,SNS,CA,AWP,WE,Federal Contract Tower,0,1,30,0,31,0,4,103,0,107,0,5,133,0,138,6,0,6,144
12/14/2001,SNS,CA,AWP,WE,Federal Contract Tower,0,4,21,0,25,0,0,53,0,53,0,4,74,0,78,40,0,40,118
12/15/2001,SNS,CA,AWP,WE,Federal Contract Tower,0,0,39,0,39,0,0,128,0,128,0,0,167,0,167,120,0,120,287
12/16/2001,SNS,CA,AWP,WE,Federal Contract Tower,0,0,21,0,21,0,0,107,0,107,0,0,128,0,128,38,0,38,166
12/17/2001,SNS,CA,AWP,WE,Federal Contract Tower,0,0,28,0,28,0,0,21,0,21,0,0,49,0,49,0,0,0,49
12/18/2001,SNS,CA,AWP,WE,Federal Contract Tower,0,3,32,3,38,0,2,76,2,80,0,5,108,5,118,90,0,90,208
12/19/2001,SNS,CA,AWP,WE,Federal Contract Tower,0,0,28,0,28,0,0,47,0,47,0,0,75,0,75,16,0,16,91
12/20/2001,SNS,CA,AWP,WE,Federal Contract Tower,0,2,10,0,12,0,1,24,0,25,0,3,34,0,37,60,0,60,97
12/21/2001,SNS,CA,AWP,WE,Federal Contract Tower,0,0,37,0,37,0,0,78,0,78,0,0,115,0,115,60,0,60,175
12/22/2001,SNS,CA,AWP,WE,Federal Contract Tower,0,0,37,0,37,0,1,22,0,23,0,1,59,0,60,28,0,28,88
12/23/2001,SNS,CA,AWP,WE,Federal Contract Tower,0,0,26,0,26,0,8,112,0,120,0,8,138,0,146,94,0,94,240
12/24/2001,SNS,CA,AWP,WE,Federal Contract Tower,0,0,14,0,14,0,0,101,0,101,0,0,115,0,115,52,0,52,167
12/25/2001,SNS,CA,AWP,WE,Federal Contract Tower,0,0,0,0,0,0,0,21,0,21,0,0,21,0,21,10,0,10,31
12/26/2001,SNS,CA,AWP,WE,Federal Contract Tower,0,1,0,0,1,0,0,112,0,112,0,1,112,0,113,34,0,34,147
12/27/2001,SNS,CA,AWP,WE,Federal Contract Tower,0,0,0,0,0,0,0,106,0,106,0,0,106,0,106,50,0,50,156
12/28/2001,SNS,CA,AWP,WE,Federal Contract Tower,0,0,23,0,23,0,0,44,0,44,0,0,67,0,67,18,0,18,85
12/29/2001,SNS,CA,AWP,WE,Federal Contract Tower,0,0,12,0,12,0,0,49,0,49,0,0,61,0,61,0,0,0,61
12/30/2001,SNS,CA,AWP,WE,Federal Contract Tower,0,0,17,0,17,0,0,38,0,38,0,0,55,0,55,8,0,8,63
12/31/2001,SNS,CA,AWP,WE,Federal Contract Tower,0,1,38,0,39,0,0,82,0,82,0,1,120,0,121,86,0,86,207
01/01/2002,SNS,CA,AWP,WE,Federal Contract Tower,0,0,18,0,18,0,0,47,0,47,0,0,65,0,65,50,0,50,115
01/02/2002,SNS,CA,AWP,WE,Federal Contract Tower,0,1,27,0,28,0,0,50,0,50,0,1,77,0,78,12,0,12,90
01/03/2002,SNS,CA,AWP,WE,Federal Contract Tower,0,0,15,0,15,0,0,118,0,118,0,0,133,0,133,46,0,46,179
01/04/2002,SNS,CA,AWP,WE,Federal Contract Tower,0,0,38,0,38,0,4,165,0,169,0,4,203,0,207,36,0,36,243
01/05/2002,SNS,CA,AWP,WE,Federal Contract Tower,0,0,26,4,30,0,0,122,0,122,0,0,148,4,152,71,0,71,223
01/06/2002,SNS,CA,AWP,WE,Federal Contract Tower,0,0,44,0,44,0,0,96,0,96,0,0,140,0,140,54,0,54,194
01/07/2002,SNS,CA,AWP,WE,Federal Contract Tower,0,5,26,0,31,0,0,61,0,61,0,5,87,0,92,100,0,100,192
01/08/2002,SNS,CA,AWP,WE,Federal Contract Tower,0,1,32,0,33,0,0,101,0,101,0,1,133,0,134,50,0,50,184
01/09/2002,SNS,CA,AWP,WE,Federal Contract Tower,0,0,41,0,41,0,0,54,0,54,0,0,95,0,95,42,0,42,137
01/10/2002,SNS,CA,AWP,WE,Federal Contract Tower,0,1,35,0,36,0,0,65,0,65,0,1,100,0,101,59,0,59,160
01/11/2002,SNS,CA,AWP,WE,Federal Contract Tower,0,0,42,0,42,0,1,108,0,109,0,1,150,0,151,100,0,100,251
01/12/2002,SNS,CA,AWP,WE,Federal Contract Tower,0,0,48,0,48,0,0,125,0,125,0,0,173,0,173,134,0,134,307
01/13/2002,SNS,CA,AWP,WE,Federal Contract Tower,0,0,18,0,18,0,0,102,0,102,0,0,120,0,120,56,0,56,176
01/14/2002,SNS,CA,AWP,WE,Federal Contract Tower,0,1,26,0,27,0,8,71,0,79,0,9,97,0,106,96,0,96,202
01/15/2002,SNS,CA,AWP,WE,Federal Contract Tower,0,1,26,0,27,0,0,90,0,90,0,1,116,0,117,78,0,78,195
01/16/2002,SNS,CA,AWP,WE,Federal Contract Tower,0,0,23,0,23,0,0,102,0,102,0,0,125,0,125,50,0,50,175
01/17/2002,SNS,CA,AWP,WE,Federal Contract Tower,0,1,32,0,33,0,2,68,0,70,0,3,100,0,103,30,0,30,133
01/18/2002,SNS,CA,AWP,WE,Federal Contract Tower,0,0,23,1,24,0,0,132,0,132,0,0,155,1,156,78,0,78,234
01/19/2002,SNS,CA,AWP,WE,Federal Contract Tower,0,0,23,1,24,0,2,113,0,115,0,2,136,1,139,40,0,40,179
01/20/2002,SNS,CA,AWP,WE,Federal Contract Tower,0,0,25,0,25,0,0,90,0,90,0,0,115,0,115,50,0,50,165
01/21/2002,SNS,CA,AWP,WE,Federal Contract Tower,0,0,43,0,43,0,0,86,0,86,0,0,129,0,129,98,0,98,227
01/22/2002,SNS,CA,AWP,WE,Federal Contract Tower,0,1,32,0,33,0,0,114,0,114,0,1,146,0,147,40,0,40,187
01/23/2002,SNS,CA,AWP,WE,Federal Contract Tower,0,2,26,0,28,0,3,107,0,110,0,5,133,0,138,64,0,64,202
01/24/2002,SNS,CA,AWP,WE,Federal Contract Tower,0,2,36,0,38,0,5,94,0,99,0,7,130,0,137,66,0,66,203
01/25/2002,SNS,CA,AWP,WE,Federal Contract Tower,0,0,30,0,30,0,2,104,0,106,0,2,134,0,136,92,0,92,228
01/26/2002,SNS,CA,AWP,WE,Federal Contract Tower,0,0,13,0,13,0,0,32,0,32,0,0,45,0,45,24,0,24,69
01/27/2002,SNS,CA,AWP,WE,Federal Contract Tower,0,0,14,0,14,0,0,98,0,98,0,0,112,0,112,116,0,116,228
01/28/2002,SNS,CA,AWP,WE,Federal Contract Tower,0,2,16,0,18,0,0,38,2,40,0,2,54,2,58,8,0,8,66
01/29/2002,SNS,CA,AWP,WE,Federal Contract Tower,0,1,34,0,35,0,0,77,0,77,0,1,111,0,112,93,0,93,205
01/30/2002,SNS,CA,AWP,WE,Federal Contract Tower,0,0,37,0,37,0,0,119,0,119,0,0,156,0,156,58,0,58,214
01/31/2002,SNS,CA,AWP,WE,Federal Contract Tower,0,0,17,0,17,0,0,98,0,98,0,0,115,0,115,80,0,80,195
02/01/2002,SNS,CA,AWP,WE,Federal Contract Tower,0,0,44,0,44,0,0,98,0,98,0,0,142,0,142,68,0,68,210
02/02/2002,SNS,CA,AWP,WE,Federal Contract Tower,0,0,50,0,50,0,0,100,0,100,0,0,150,0,150,122,0,122,272
02/03/2002,SNS,CA,AWP,WE,Federal Contract Tower,0,1,32,0,33,0,0,96,0,96,0,1,128,0,129,66,0,66,195
02/04/2002,SNS,CA,AWP,WE,Federal Contract Tower,0,1,40,0,41,0,2,69,0,71,0,3,109,0,112,42,0,42,154
02/05/2002,SNS,CA,AWP,WE,Federal Contract Tower,0,0,34,0,34,0,1,106,0,107,0,1,140,0,141,45,0,45,186
02/06/2002,SNS,CA,AWP,WE,Federal Contract Tower,0,0,37,0,37,0,1,88,0,89,0,1,125,0,126,70,0,70,196
02/07/2002,SNS,CA,AWP,WE,Federal Contract Tower,0,0,27,0,27,0,0,49,0,49,0,0,76,0,76,78,0,78,154
02/08/2002,SNS,CA,AWP,WE,Federal Contract Tower,0,1,37,0,38,0,0,119,0,119,0,1,156,0,157,34,0,34,191
02/09/2002,SNS,CA,AWP,WE,Federal Contract Tower,0,0,49,0,49,0,0,147,0,147,0,0,196,0,196,114,0,114,310
02/10/2002,SNS,CA,AWP,WE,Federal Contract Tower,0,0,6,0,6,0,0,149,0,149,0,0,155,0,155,84,0,84,239
02/11/2002,SNS,CA,AWP,WE,Federal Contract Tower,0,1,16,0,17,0,1,105,2,108,0,2,121,2,125,36,0,36,161
02/12/2002,SNS,CA,AWP,WE,Federal Contract Tower,0,2,38,0,40,0,1,53,0,54,0,3,91,0,94,92,0,92,186
02/13/2002,SNS,CA,AWP,WE,Federal Contract Tower,0,1,47,0,48,0,1,80,2,83,0,2,127,2,131,41,0,41,172
02/14/2002,SNS,CA,AWP,WE,Federal Contract Tower,0,1,42,0,43,0,0,44,0,44,0,1,86,0,87,84,0,84,171
02/15/2002,SNS,CA,AWP,WE,Federal Contract Tower,0,2,44,0,46,0,0,42,0,42,0,2,86,0,88,66,0,66,154
02/16/2002,SNS,CA,AWP,WE,Federal Contract Tower,0,0,32,0,32,0,0,49,0,49,0,0,81,0,81,104,0,104,185
02/17/2002,SNS,CA,AWP,WE,Federal Contract Tower,0,0,15,0,15,0,0,70,0,70,0,0,85,0,85,80,0,80,165
02/18/2002,SNS,CA,AWP,WE,Federal Contract Tower,0,0,34,0,34,0,1,138,0,139,0,1,172,0,173,136,0,136,309
02/19/2002,SNS,CA,AWP,WE,Federal Contract Tower,0,1,38,0,39,0,1,51,0,52,0,2,89,0,91,24,0,24,115
02/20/2002,SNS,CA,AWP,WE,Federal Contract Tower,0,3,35,0,38,0,0,98,0,98,0,3,133,0,136,32,0,32,168
02/21/2002,SNS,CA,AWP,WE,Federal Contract Tower,0,2,39,0,41,0,0,107,0,107,0,2,146,0,148,48,0,48,196
02/22/2002,SNS,CA,AWP,WE,Federal Contract Tower,0,0,58,0,58,0,2,85,0,87,0,2,143,0,145,18,0,18,163
02/23/2002,SNS,CA,AWP,WE,Federal Contract Tower,0,0,35,0,35,0,0,100,0,100,0,0,135,0,135,40,0,40,175
02/24/2002,SNS,CA,AWP,WE,Federal Contract Tower,0,0,21,0,21,0,0,136,0,136,0,0,157,0,157,64,0,64,221
02/25/2002,SNS,CA,AWP,WE,Federal Contract Tower,0,0,17,0,17,0,1,73,0,74,0,1,90,0,91,6,0,6,97
02/26/2002,SNS,CA,AWP,WE,Federal Contract Tower,0,1,52,0,53,0,0,95,0,95,0,1,147,0,148,58,0,58,206
02/27/2002,SNS,CA,AWP,WE,Federal Contract Tower,0,2,33,0,35,0,1,116,0,117,0,3,149,0,152,84,0,84,236
02/28/2002,SNS,CA,AWP,WE,Federal Contract Tower,0,0,34,1,35,0,1,98,1,100,0,1,132,2,135,28,0,28,163
03/01/2002,SNS,CA,AWP,WE,Federal Contract Tower,0,5,24,0,29,0,0,78,0,78,0,5,102,0,107,10,0,10,117
03/02/2002,SNS,CA,AWP,WE,Federal Contract Tower,0,0,24,0,24,0,0,92,0,92,0,0,116,0,116,36,0,36,152
03/03/2002,SNS,CA,AWP,WE,Federal Contract Tower,0,0,12,0,12,0,2,114,0,116,0,2,126,0,128,86,0,86,214
03/04/2002,SNS,CA,AWP,WE,Federal Contract Tower,0,0,21,0,21,0,3,122,0,125,0,3,143,0,146,44,0,44,190
03/05/2002,SNS,CA,AWP,WE,Federal Contract Tower,0,0,21,0,21,0,0,152,0,152,0,0,173,0,173,34,0,34,207
03/06/2002,SNS,CA,AWP,WE,Federal Contract Tower,0,0,22,0,22,0,0,36,0,36,0,0,58,0,58,0,0,0,58
03/07/2002,SNS,CA,AWP,WE,Federal Contract Tower,0,1,31,0,32,0,1,26,0,27,0,2,57,0,59,34,0,34,93
03/08/2002,SNS,CA,AWP,WE,Federal Contract Tower,0,1,22,0,23,0,0,121,0,121,0,1,143,0,144,62,0,62,206
03/09/2002,SNS,CA,AWP,WE,Federal Contract Tower,0,0,23,0,23,0,0,90,0,90,0,0,113,0,113,40,0,40,153
03/10/2002,SNS,CA,AWP,WE,Federal Contract Tower,0,1,29,0,30,0,1,43,0,44,0,2,72,0,74,44,0,44,118
03/11/2002,SNS,CA,AWP,WE,Federal Contract Tower,0,0,6,0,6,0,1,126,0,127,0,1,132,0,133,62,0,62,195
03/12/2002,SNS,CA,AWP,WE,Federal Contract Tower,0,0,27,0,27,0,1,117,2,120,0,1,144,2,147,106,0,106,253
03/13/2002,SNS,CA,AWP,WE,Federal Contract Tower,0,3,29,0,32,0,0,96,0,96,0,3,125,0,128,22,0,22,150
03/14/2002,SNS,CA,AWP,WE,Federal Contract Tower,0,1,42,0,43,0,0,80,0,80,0,1,122,0,123,26,0,26,149
03/15/2002,SNS,CA,AWP,WE,Federal Contract Tower,0,0,29,0,29,0,0,73,0,73,0,0,102,0,102,24,0,24,126
03/16/2002,SNS,CA,AWP,WE,Federal Contract Tower,0,0,19,0,19,0,0,49,0,49,0,0,68,0,68,34,0,34,102
03/17/2002,SNS,CA,AWP,WE,Federal Contract Tower,0,1,15,0,16,0,0,29,0,29,0,1,44,0,45,0,0,0,45
03/18/2002,SNS,CA,AWP,WE,Federal Contract Tower,0,0,32,2,34,0,6,112,6,124,0,6,144,8,158,60,0,60,218
03/19/2002,SNS,CA,AWP,WE,Federal Contract Tower,0,1,18,0,19,0,4,166,0,170,0,5,184,0,189,70,0,70,259
03/20/2002,SNS,CA,AWP,WE,Federal Contract Tower,0,0,33,0,33,0,1,153,0,154,0,1,186,0,187,44,0,44,231
03/21/2002,SNS,CA,AWP,WE,Federal Contract Tower,0,0,18,0,18,0,3,93,0,96,0,3,111,0,114,96,0,96,210
03/22/2002,SNS,CA,AWP,WE,Federal Contract Tower,0,0,28,0,28,0,1,45,0,46,0,1,73,0,74,16,0,16,90
03/23/2002,SNS,CA,AWP,WE,Federal Contract Tower,0,2,37,0,39,0,0,39,0,39,0,2,76,0,78,28,0,28,106
03/24/2002,SNS,CA,AWP,WE,Federal Contract Tower,0,0,6,0,6,0,0,85,0,85,0,0,91,0,91,32,0,32,123
03/25/2002,SNS,CA,AWP,WE,Federal Contract Tower,0,0,34,0,34,0,4,99,0,103,0,4,133,0,137,38,0,38,175
03/26/2002,SNS,CA,AWP,WE,Federal Contract Tower,0,0,15,0,15,0,1,141,0,142,0,1,156,0,157,46,0,46,203
03/27/2002,SNS,CA,AWP,WE,Federal Contract Tower,0,0,37,0,37,0,1,150,0,151,0,1,187,0,188,56,0,56,244
03/28/2002,SNS,CA,AWP,WE,Federal Contract Tower,0,0,25,0,25,0,1,93,0,94,0,1,118,0,119,14,0,14,133
03/29/2002,SNS,CA,AWP,WE,Federal Contract Tower,0,0,28,0,28,0,0,68,0,68,0,0,96,0,96,62,0,62,158
03/30/2002,SNS,CA,AWP,WE,Federal Contract Tower,0,1,43,0,44,0,0,53,0,53,0,1,96,0,97,102,0,102,199
03/31/2002,SNS,CA,AWP,WE,Federal Contract Tower,0,0,7,0,7,0,0,71,0,71,0,0,78,0,78,50,0,50,128
04/01/2002,SNS,CA,AWP,WE,Federal Contract Tower,0,0,34,0,34,0,0,78,0,78,0,0,112,0,112,50,0,50,162
04/02/2002,SNS,CA,AWP,WE,Federal Contract Tower,0,1,67,0,68,0,1,33,0,34,0,2,100,0,102,38,0,38,140
04/03/2002,SNS,CA,AWP,WE,Federal Contract Tower,0,2,40,0,42,0,0,52,0,52,0,2,92,0,94,52,0,52,146
04/04/2002,SNS,CA,AWP,WE,Federal Contract Tower,0,1,61,0,62,0,1,32,0,33,0,2,93,0,95,22,0,22,117
04/05/2002,SNS,CA,AWP,WE,Federal Contract Tower,0,0,49,0,49,0,0,64,0,64,0,0,113,0,113,14,0,14,127
04/06/2002,SNS,CA,AWP,WE,Federal Contract Tower,0,0,21,0,21,0,0,40,0,40,0,0,61,0,61,54,0,54,115
04/07/2002,SNS,CA,AWP,WE,Federal Contract Tower,0,0,22,0,22,0,0,98,0,98,0,0,120,0,120,44,0,44,164
04/08/2002,SNS,CA,AWP,WE,Federal Contract Tower,0,2,45,0,47,0,1,40,0,41,0,3,85,0,88,24,0,24,112
04/09/2002,SNS,CA,AWP,WE,Federal Contract Tower,0,6,32,0,38,0,2,42,0,44,0,8,74,0,82,12,0,12,94
04/10/2002,SNS,CA,AWP,WE,Federal Contract Tower,0,0,52,0,52,0,1,83,0,84,0,1,135,0,136,88,0,88,224
04/11/2002,SNS,CA,AWP,WE,Federal Contract Tower,0,0,27,0,27,0,1,91,0,92,0,1,118,0,119,84,0,84,203
04/12/2002,SNS,CA,AWP,WE,Federal Contract Tower,0,0,43,0,43,0,1,72,0,73,0,1,115,0,116,48,0,48,164
04/13/2002,SNS,CA,AWP,WE,Federal Contract Tower,0,0,49,0,49,0,2,73,0,75,0,2,122,0,124,42,0,42,166
04/14/2002,SNS,CA,AWP,WE,Federal Contract Tower,0,0,14,0,14,0,0,111,0,111,0,0,125,0,125,60,0,60,185
04/15/2002,SNS,CA,AWP,WE,Federal Contract Tower,0,1,14,0,15,0,1,59,0,60,0,2,73,0,75,52,0,52,127
04/16/2002,SNS,CA,AWP,WE,Federal Contract Tower,0,0,20,0,20,0,1,88,2,91,0,1,108,2,111,38,0,38,149
04/17/2002,SNS,CA,AWP,WE,Federal Contract Tower,0,0,39,0,39,0,1,99,0,100,0,1,138,0,139,26,0,26,165
04/18/2002,SNS,CA,AWP,WE,Federal Contract Tower,0,0,33,0,33,0,1,100,0,101,0,1,133,0,134,28,0,28,162
04/19/2002,SNS,CA,AWP,WE,Federal Contract Tower,0,0,17,0,17,0,0,112,0,112,0,0,129,0,129,90,0,90,219
04/20/2002,SNS,CA,AWP,WE,Federal Contract Tower,0,0,45,0,45,0,0,53,0,53,0,0,98,0,98,40,0,40,138
04/21/2002,SNS,CA,AWP,WE,Federal Contract Tower,0,0,28,0,28,0,0,119,0,119,0,0,147,0,147,80,0,80,227
04/22/2002,SNS,CA,AWP,WE,Federal Contract Tower,0,0,26,0,26,0,1,74,0,75,0,1,100,0,101,26,0,26,127
04/23/2002,SNS,CA,AWP,WE,Federal Contract Tower,0,1,5,0,6,0,2,112,0,114,0,3,117,0,120,104,0,104,224
04/24/2002,SNS,CA,AWP,WE,Federal Contract Tower,0,0,24,0,24,0,1,154,2,157,0,1,178,2,181,96,0,96,277
04/25/2002,SNS,CA,AWP,WE,Federal Contract Tower,0,1,28,2,31,0,0,116,0,116,0,1,144,2,147,28,0,28,175
04/26/2002,SNS,CA,AWP,WE,Federal Contract Tower,0,1,39,0,40,0,0,37,0,37,0,1,76,0,77,16,0,16,93
04/27/2002,SNS,CA,AWP,WE,Federal Contract Tower,0,0,20,0,20,0,0,67,0,67,0,0,87,0,87,60,0,60,147
04/28/2002,SNS,CA,AWP,WE,Federal Contract Tower,0,0,14,0,14,0,0,117,0,117,0,0,131,0,131,54,0,54,185
04/29/2002,SNS,CA,AWP,WE,Federal Contract Tower,0,1,14,0,15,0,3,72,0,75,0,4,86,0,90,32,0,32,122
04/30/2002,SNS,CA,AWP,WE,Federal Contract Tower,0,1,22,2,25,0,0,89,0,89,0,1,111,2,114,36,0,36,150
05/01/2002,SNS,CA,AWP,WE,Federal Contract Tower,0,0,48,2,50,0,1,91,0,92,0,1,139,2,142,110,0,110,252
05/02/2002,SNS,CA,AWP,WE,Federal Contract Tower,0,0,40,0,40,0,1,99,0,100,0,1,139,0,140,58,0,58,198
05/03/2002,SNS,CA,AWP,WE,Federal Contract Tower,0,0,50,0,50,0,1,55,0,56,0,1,105,0,106,66,0,66,172
05/04/2002,SNS,CA,AWP,WE,Federal Contract Tower,0,0,34,0,34,0,0,70,0,70,0,0,104,0,104,139,0,139,243
05/05/2002,SNS,CA,AWP,WE,Federal Contract Tower,0,0,44,0,44,0,0,92,0,92,0,0,136,0,136,88,0,88,224
05/06/2002,SNS,CA,AWP,WE,Federal Contract Tower,0,0,25,0,25,0,1,121,0,122,0,1,146,0,147,58,0,58,205
05/07/2002,SNS,CA,AWP,WE,Federal Contract Tower,0,0,18,1,19,0,1,96,17,114,0,1,114,18,133,34,0,34,167
05/08/2002,SNS,CA,AWP,WE,Federal Contract Tower,0,0,17,0,17,0,1,144,0,145,0,1,161,0,162,106,0,106,268
05/09/2002,SNS,CA,AWP,WE,Federal Contract Tower,0,0,31,0,31,0,1,74,0,75,0,1,105,0,106,72,0,72,178
05/10/2002,SNS,CA,AWP,WE,Federal Contract Tower,0,0,22,0,22,0,0,84,0,84,0,0,106,0,106,68,0,68,174
05/11/2002,SNS,CA,AWP,WE,Federal Contract Tower,0,0,27,0,27,0,0,89,0,89,0,0,116,0,116,62,0,62,178
05/12/2002,SNS,CA,AWP,WE,Federal Contract Tower,0,0,15,0,15,0,0,116,0,116,0,0,131,0,131,36,0,36,167
05/13/2002,SNS,CA,AWP,WE,Federal Contract Tower,0,0,29,0,29,0,1,94,0,95,0,1,123,0,124,48,0,48,172
05/14/2002,SNS,CA,AWP,WE,Federal Contract Tower,0,0,17,0,17,0,1,101,0,102,0,1,118,0,119,42,0,42,161
05/15/2002,SNS,CA,AWP,WE,Federal Contract Tower,0,3,46,0,49,0,1,136,0,137,0,4,182,0,186,96,0,96,282
05/16/2002,SNS,CA,AWP,WE,Federal Contract Tower,0,0,22,2,24,0,1,69,0,70,0,1,91,2,94,48,0,48,142
05/17/2002,SNS,CA,AWP,WE,Federal Contract Tower,0,0,40,0,40,0,0,89,0,89,0,0,129,0,129,82,0,82,211
05/18/2002,SNS,CA,AWP,WE,Federal Contract Tower,0,0,35,0,35,0,0,54,0,54,0,0,89,0,89,50,0,50,139
05/19/2002,SNS,CA,AWP,WE,Federal Contract Tower,0,0,9,0,9,0,0,64,0,64,0,0,73,0,73,42,0,42,115
05/20/2002,SNS,CA,AWP,WE,Federal Contract Tower,0,0,15,0,15,0,1,45,2,48,0,1,60,2,63,32,0,32,95
05/21/2002,SNS,CA,AWP,WE,Federal Contract Tower,0,0,20,0,20,0,1,89,2,92,0,1,109,2,112,96,0,96,208
05/22/2002,SNS,CA,AWP,WE,Federal Contract Tower,0,1,8,0,9,0,1,146,0,147,0,2,154,0,156,86,0,86,242
05/23/2002,SNS,CA,AWP,WE,Federal Contract Tower,0,2,26,0,28,0,1,141,0,142,0,3,167,0,170,74,0,74,244
05/24/2002,SNS,CA,AWP,WE,Federal Contract Tower,0,1,20,0,21,0,0,116,0,116,0,1,136,0,137,42,0,42,179
05/25/2002,SNS,CA,AWP,WE,Federal Contract Tower,0,0,18,0,18,0,0,68,0,68,0,0,86,0,86,52,0,52,138
05/26/2002,SNS,CA,AWP,WE,Federal Contract Tower,0,0,20,0,20,0,0,49,0,49,0,0,69,0,69,30,0,30,99
05/27/2002,SNS,CA,AWP,WE,Federal Contract Tower,0,0,20,0,20,0,0,91,0,91,0,0,111,0,111,58,0,58,169
05/28/2002,SNS,CA,AWP,WE,Federal Contract Tower,0,1,37,0,38,0,2,99,0,101,0,3,136,0,139,56,0,56,195
05/29/2002,SNS,CA,AWP,WE,Federal Contract Tower,0,0,43,0,43,0,1,129,0,130,0,1,172,0,173,78,0,78,251
05/30/2002,SNS,CA,AWP,WE,Federal Contract Tower,0,4,47,2,53,0,8,95,0,103,0,12,142,2,156,72,0,72,228
05/31/2002,SNS,CA,AWP,WE,Federal Contract Tower,0,4,41,0,45,0,4,68,0,72,0,8,109,0,117,16,0,16,133
06/01/2002,SNS,CA,AWP,WE,Federal Contract Tower,0,0,32,0,32,0,3,61,0,64,0,3,93,0,96,46,0,46,142
06/02/2002,SNS,CA,AWP,WE,Federal Contract Tower,0,0,47,0,47,0,0,66,0,66,0,0,113,0,113,92,0,92,205
06/03/2002,SNS,CA,AWP,WE,Federal Contract Tower,0,0,28,0,28,0,3,81,0,84,0,3,109,0,112,58,0,58,170
06/04/2002,SNS,CA,AWP,WE,Federal Contract Tower,0,0,28,0,28,0,1,154,0,155,0,1,182,0,183,32,0,32,215
06/05/2002,SNS,CA,AWP,WE,Federal Contract Tower,0,0,17,0,17,0,5,131,0,136,0,5,148,0,153,30,0,30,183
06/06/2002,SNS,CA,AWP,WE,Federal Contract Tower,0,0,14,0,14,0,4,149,0,153,0,4,163,0,167,76,0,76,243
06/07/2002,SNS,CA,AWP,WE,Federal Contract Tower,0,3,12,0,15,0,0,108,0,108,0,3,120,0,123,92,0,92,215
06/08/2002,SNS,CA,AWP,WE,Federal Contract Tower,0,0,38,0,38,0,0,122,0,122,0,0,160,0,160,78,0,78,238
06/09/2002,SNS,CA,AWP,WE,Federal Contract Tower,0,0,8,0,8,0,0,145,0,145,0,0,153,0,153,52,0,52,205
06/10/2002,SNS,CA,AWP,WE,Federal Contract Tower,0,0,14,0,14,0,4,71,0,75,0,4,85,0,89,48,0,48,137
06/11/2002,SNS,CA,AWP,WE,Federal Contract Tower,0,0,22,0,22,0,5,134,0,139,0,5,156,0,161,84,0,84,245
06/12/2002,SNS,CA,AWP,WE,Federal Contract Tower,0,0,42,2,44,0,1,82,0,83,0,1,124,2,127,10,0,10,137
06/13/2002,SNS,CA,AWP,WE,Federal Contract Tower,0,1,46,0,47,0,2,48,0,50,0,3,94,0,97,18,0,18,115
06/14/2002,SNS,CA,AWP,WE,Federal Contract Tower,0,1,29,0,30,0,6,105,0,111,0,7,134,0,141,42,0,42,183
06/15/2002,SNS,CA,AWP,WE,Federal Contract Tower,0,0,34,0,34,0,1,129,0,130,0,1,163,0,164,118,0,118,282
06/16/2002,SNS,CA,AWP,WE,Federal Contract Tower,0,0,17,0,17,0,1,115,0,116,0,1,132,0,133,50,0,50,183
06/17/2002,SNS,CA,AWP,WE,Federal Contract Tower,0,0,20,0,20,0,3,81,0,84,0,3,101,0,104,42,0,42,146
06/18/2002,SNS,CA,AWP,WE,Federal Contract Tower,0,0,15,0,15,0,3,86,0,89,0,3,101,0,104,72,0,72,176
06/19/2002,SNS,CA,AWP,WE,Federal Contract Tower,0,2,6,0,8,0,1,77,0,78,0,3,83,0,86,18,0,18,104
06/20/2002,SNS,CA,AWP,WE,Federal Contract Tower,0,3,38,0,41,0,0,51,0,51,0,3,89,0,92,10,0,10,102
06/21/2002,SNS,CA,AWP,WE,Federal Contract Tower,0,2,53,2,57,0,1,88,6,95,0,3,141,8,152,70,0,70,222
06/22/2002,SNS,CA,AWP,WE,Federal Contract Tower,0,0,43,0,43,0,3,83,0,86,0,3,126,0,129,34,0,34,163
06/23/2002,SNS,CA,AWP,WE,Federal Contract Tower,0,0,27,0,27,0,0,109,0,109,0,0,136,0,136,582,0,582,718
06/24/2002,SNS,CA,AWP,WE,Federal Contract Tower,0,2,35,0,37,0,3,68,0,71,0,5,103,0,108,36,0,36,144
06/25/2002,SNS,CA,AWP,WE,Federal Contract Tower,0,1,50,0,51,0,0,77,0,77,0,1,127,0,128,72,0,72,200
06/26/2002,SNS,CA,AWP,WE,Federal Contract Tower,0,1,50,0,51,0,0,98,0,98,0,1,148,0,149,38,0,38,187
06/27/2002,SNS,CA,AWP,WE,Federal Contract Tower,0,1,64,0,65,0,0,98,0,98,0,1,162,0,163,96,0,96,259
06/28/2002,SNS,CA,AWP,WE,Federal Contract Tower,0,3,35,0,38,0,4,76,0,80,0,7,111,0,118,84,0,84,202
06/29/2002,SNS,CA,AWP,WE,Federal Contract Tower,0,0,12,0,12,0,0,180,2,182,0,0,192,2,194,116,0,116,310
06/30/2002,SNS,CA,AWP,WE,Federal Contract Tower,0,0,15,0,15,0,0,98,0,98,0,0,113,0,113,96,0,96,209
07/01/2002,SNS,CA,AWP,WE,Federal Contract Tower,0,0,8,0,8,0,2,94,0,96,0,2,102,0,104,62,0,62,166
07/02/2002,SNS,CA,AWP,WE,Federal Contract Tower,0,2,25,0,27,0,2,87,0,89,0,4,112,0,116,60,0,60,176
07/03/2002,SNS,CA,AWP,WE,Federal Contract Tower,0,0,41,0,41,0,4,92,0,96,0,4,133,0,137,20,0,20,157
07/04/2002,SNS,CA,AWP,WE,Federal Contract Tower,0,0,18,0,18,0,2,80,0,82,0,2,98,0,100,72,0,72,172
07/05/2002,SNS,CA,AWP,WE,Federal Contract Tower,0,0,35,0,35,0,0,122,0,122,0,0,157,0,157,98,0,98,255
07/06/2002,SNS,CA,AWP,WE,Federal Contract Tower,0,0,40,0,40,0,0,151,0,151,0,0,191,0,191,54,0,54,245
07/07/2002,SNS,CA,AWP,WE,Federal Contract Tower,0,2,9,0,11,0,2,150,0,152,0,4,159,0,163,48,0,48,211
07/08/2002,SNS,CA,AWP,WE,Federal Contract Tower,0,8,34,0,42,0,6,93,0,99,0,14,127,0,141,84,0,84,225
07/09/2002,SNS,CA,AWP,WE,Federal Contract Tower,0,0,36,0,36,0,6,114,0,120,0,6,150,0,156,54,0,54,210
07/10/2002,SNS,CA,AWP,WE,Federal Contract Tower,0,2,16,0,18,0,1,144,0,145,0,3,160,0,163,100,0,100,263
07/11/2002,SNS,CA,AWP,WE,Federal Contract Tower,0,6,33,0,39,0,7,113,0,120,0,13,146,0,159,54,0,54,213
07/12/2002,SNS,CA,AWP,WE,Federal Contract Tower,0,2,34,0,36,0,2,95,0,97,0,4,129,0,133,82,0,82,215
07/13/2002,SNS,CA,AWP,WE,Federal Contract Tower,0,0,28,0,28,0,8,99,0,107,0,8,127,0,135,94,0,94,229
07/14/2002,SNS,CA,AWP,WE,Federal Contract Tower,0,0,35,0,35,0,0,105,0,105,0,0,140,0,140,64,0,64,204
07/15/2002,SNS,CA,AWP,WE,Federal Contract Tower,0,1,53,0,54,0,8,113,2,123,0,9,166,2,177,80,0,80,257
07/16/2002,SNS,CA,AWP,WE,Federal Contract Tower,0,0,71,0,71,0,3,88,0,91,0,3,159,0,162,44,0,44,206
07/17/2002,SNS,CA,AWP,WE,Federal Contract Tower,0,1,55,0,56,0,0,63,0,63,0,1,118,0,119,0,0,0,119
07/18/2002,SNS,CA,AWP,WE,Federal Contract Tower,0,4,72,0,76,0,2,93,0,95,0,6,165,0,171,36,0,36,207
07/19/2002,SNS,CA,AWP,WE,Federal Contract Tower,0,7,62,2,71,0,1,77,0,78,0,8,139,2,149,52,0,52,201
07/20/2002,SNS,CA,AWP,WE,Federal Contract Tower,0,1,27,0,28,0,2,101,0,103,0,3,128,0,131,72,0,72,203
07/21/2002,SNS,CA,AWP,WE,Federal Contract Tower,0,5,23,0,28,0,3,89,0,92,0,8,112,0,120,42,0,42,162
07/22/2002,SNS,CA,AWP,WE,Federal Contract Tower,0,0,24,2,26,0,1,122,0,123,0,1,146,2,149,52,0,52,201
07/23/2002,SNS,CA,AWP,WE,Federal Contract Tower,0,0,27,0,27,0,3,119,0,122,0,3,146,0,149,102,0,102,251
07/24/2002,SNS,CA,AWP,WE,Federal Contract Tower,0,4,18,0,22,0,0,142,0,142,0,4,160,0,164,68,0,68,232
07/25/2002,SNS,CA,AWP,WE,Federal Contract Tower,0,4,33,0,37,0,0,107,0,107,0,4,140,0,144,30,0,30,174
07/26/2002,SNS,CA,AWP,WE,Federal Contract Tower,0,1,40,0,41,0,0,89,0,89,0,1,129,0,130,72,0,72,202
07/27/2002,SNS,CA,AWP,WE,Federal Contract Tower,0,2,26,0,28,0,5,104,0,109,0,7,130,0,137,102,0,102,239
07/28/2002,SNS,CA,AWP,WE,Federal Contract Tower,0,2,22,0,24,0,2,86,0,88,0,4,108,0,112,60,0,60,172
07/29/2002,SNS,CA,AWP,WE,Federal Contract Tower,0,0,32,0,32,0,2,71,2,75,0,2,103,2,107,48,0,48,155
07/30/2002,SNS,CA,AWP,WE,Federal Contract Tower,0,2,32,0,34,0,1,106,0,107,0,3,138,0,141,106,0,106,247
07/31/2002,SNS,CA,AWP,WE,Federal Contract Tower,0,0,50,0,50,0,1,94,0,95,0,1,144,0,145,104,0,104,249
08/01/2002,SNS,CA,AWP,WE,Federal Contract Tower,0,1,73,0,74,0,0,77,0,77,0,1,150,0,151,52,0,52,203
08/02/2002,SNS,CA,AWP,WE,Federal Contract Tower,0,6,63,0,69,0,0,35,0,35,0,6,98,0,104,30,0,30,134
08/03/2002,SNS,CA,AWP,WE,Federal Contract Tower,0,2,51,0,53,0,6,67,0,73,0,8,118,0,126,0,0,0,126
08/04/2002,SNS,CA,AWP,WE,Federal Contract Tower,0,0,26,0,26,0,0,90,0,90,0,0,116,0,116,64,0,64,180
08/05/2002,SNS,CA,AWP,WE,Federal Contract Tower,0,0,45,0,45,0,3,71,0,74,0,3,116,0,119,72,0,72,191
08/06/2002,SNS,CA,AWP,WE,Federal Contract Tower,0,2,52,0,54,0,1,136,0,137,0,3,188,0,191,114,0,114,305
08/07/2002,SNS,CA,AWP,WE,Federal Contract Tower,0,0,53,4,57,0,1,97,0,98,0,1,150,4,155,64,0,64,219
08/08/2002,SNS,CA,AWP,WE,Federal Contract Tower,0,0,39,0,39,0,1,127,0,128,0,1,166,0,167,84,0,84,251
08/09/2002,SNS,CA,AWP,WE,Federal Contract Tower,0,4,32,2,38,0,1,104,0,105,0,5,136,2,143,28,0,28,171
08/10/2002,SNS,CA,AWP,WE,Federal Contract Tower,0,0,8,0,8,0,2,127,0,129,0,2,135,0,137,92,0,92,229
08/11/2002,SNS,CA,AWP,WE,Federal Contract Tower,0,1,20,0,21,0,3,131,0,134,0,4,151,0,155,130,0,130,285
08/12/2002,SNS,CA,AWP,WE,Federal Contract Tower,0,0,34,0,34,0,5,87,0,92,0,5,121,0,126,144,0,144,270
08/13/2002,SNS,CA,AWP,WE,Federal Contract Tower,0,0,55,0,55,0,1,82,0,83,0,1,137,0,138,126,0,126,264
08/14/2002,SNS,CA,AWP,WE,Federal Contract Tower,0,4,45,0,49,0,2,118,0,120,0,6,163,0,169,100,0,100,269
08/15/2002,SNS,CA,AWP,WE,Federal Contract Tower,0,10,55,0,65,0,1,98,0,99,0,11,153,0,164,110,0,110,274
08/16/2002,SNS,CA,AWP,WE,Federal Contract Tower,0,0,32,0,32,0,4,85,0,89,0,4,117,0,121,66,0,66,187
08/17/2002,SNS,CA,AWP,WE,Federal Contract Tower,0,0,46,0,46,0,0,81,0,81,0,0,127,0,127,74,0,74,201
08/18/2002,SNS,CA,AWP,WE,Federal Contract Tower,0,0,34,0,34,0,2,119,0,121,0,2,153,0,155,96,0,96,251
08/19/2002,SNS,CA,AWP,WE,Federal Contract Tower,0,2,39,0,41,0,3,61,0,64,0,5,100,0,105,36,0,36,141
08/20/2002,SNS,CA,AWP,WE,Federal Contract Tower,0,0,59,0,59,0,2,109,2,113,0,2,168,2,172,102,0,102,274
08/21/2002,SNS,CA,AWP,WE,Federal Contract Tower,0,2,30,0,32,0,1,150,0,151,0,3,180,0,183,76,0,76,259
08/22/2002,SNS,CA,AWP,WE,Federal Contract Tower,0,0,46,0,46,0,1,86,0,87,0,1,132,0,133,72,0,72,205
08/23/2002,SNS,CA,AWP,WE,Federal Contract Tower,0,4,66,0,70,0,5,104,0,109,0,9,170,0,179,98,0,98,277
08/24/2002,SNS,CA,AWP,WE,Federal Contract Tower,0,0,40,0,40,0,2,159,0,161,0,2,199,0,201,128,0,128,329
08/25/2002,SNS,CA,AWP,WE,Federal Contract Tower,0,0,31,0,31,0,0,108,0,108,0,0,139,0,139,62,0,62,201
08/26/2002,SNS,CA,AWP,WE,Federal Contract Tower,0,2,38,0,40,0,1,78,2,81,0,3,116,2,121,56,0,56,177
08/27/2002,SNS,CA,AWP,WE,Federal Contract Tower,0,0,32,0,32,0,1,157,0,158,0,1,189,0,190,72,0,72,262
08/28/2002,SNS,CA,AWP,WE,Federal Contract Tower,0,0,48,0,48,0,2,102,0,104,0,2,150,0,152,40,0,40,192
08/29/2002,SNS,CA,AWP,WE,Federal Contract Tower,0,0,54,0,54,0,1,74,0,75,0,1,128,0,129,44,0,44,173
08/30/2002,SNS,CA,AWP,WE,Federal Contract Tower,0,0,31,0,31,0,2,89,0,91,0,2,120,0,122,20,0,20,142
08/31/2002,SNS,CA,AWP,WE,Federal Contract Tower,0,0,13,0,13,0,0,106,0,106,0,0,119,0,119,30,2,32,151
09/01/2002,SNS,CA,AWP,WE,Federal Contract Tower,0,0,26,0,26,0,0,110,0,110,0,0,136,0,136,104,0,104,240
09/02/2002,SNS,CA,AWP,WE,Federal Contract Tower,0,0,15,0,15,0,0,140,0,140,0,0,155,0,155,132,0,132,287
09/03/2002,SNS,CA,AWP,WE,Federal Contract Tower,0,1,39,0,40,0,0,52,0,52,0,1,91,0,92,6,0,6,98
09/04/2002,SNS,CA,AWP,WE,Federal Contract Tower,0,0,41,0,41,0,2,97,0,99,0,2,138,0,140,56,0,56,196
09/05/2002,SNS,CA,AWP,WE,Federal Contract Tower,0,1,28,0,29,0,6,121,0,127,0,7,149,0,156,82,0,82,238
09/06/2002,SNS,CA,AWP,WE,Federal Contract Tower,0,0,46,0,46,0,0,78,0,78,0,0,124,0,124,91,0,91,215
09/07/2002,SNS,CA,AWP,WE,Federal Contract Tower,0,0,29,0,29,0,0,79,0,79,0,0,108,0,108,96,0,96,204
09/08/2002,SNS,CA,AWP,WE,Federal Contract Tower,0,0,30,0,30,0,5,105,0,110,0,5,135,0,140,74,0,74,214
09/09/2002,SNS,CA,AWP,WE,Federal Contract Tower,0,0,8,0,8,0,4,122,0,126,0,4,130,0,134,88,0,88,222
09/10/2002,SNS,CA,AWP,WE,Federal Contract Tower,0,1,28,0,29,0,7,98,0,105,0,8,126,0,134,98,0,98,232
09/11/2002,SNS,CA,AWP,WE,Federal Contract Tower,0,1,63,0,64,0,0,112,0,112,0,1,175,0,176,128,0,128,304
09/12/2002,SNS,CA,AWP,WE,Federal Contract Tower,0,0,45,0,45,0,2,96,0,98,0,2,141,0,143,112,0,112,255
09/13/2002,SNS,CA,AWP,WE,Federal Contract Tower,0,0,27,0,27,0,3,91,0,94,0,3,118,0,121,86,0,86,207
09/14/2002,SNS,CA,AWP,WE,Federal Contract Tower,0,5,25,0,30,0,2,87,0,89,0,7,112,0,119,136,0,136,255
09/15/2002,SNS,CA,AWP,WE,Federal Contract Tower,0,0,17,0,17,0,4,121,0,125,0,4,138,0,142,206,0,206,348
09/16/2002,SNS,CA,AWP,WE,Federal Contract Tower,0,1,36,0,37,0,2,121,0,123,0,3,157,0,160,68,0,68,228
09/17/2002,SNS,CA,AWP,WE,Federal Contract Tower,0,0,38,0,38,0,1,132,0,133,0,1,170,0,171,74,0,74,245
09/18/2002,SNS,CA,AWP,WE,Federal Contract Tower,0,0,47,0,47,0,2,101,0,103,0,2,148,0,150,144,0,144,294
09/19/2002,SNS,CA,AWP,WE,Federal Contract Tower,0,2,37,0,39,0,2,119,0,121,0,4,156,0,160,106,0,106,266
09/20/2002,SNS,CA,AWP,WE,Federal Contract Tower,0,0,21,0,21,0,6,112,0,118,0,6,133,0,139,74,0,74,213
09/21/2002,SNS,CA,AWP,WE,Federal Contract Tower,0,2,22,0,24,0,3,103,0,106,0,5,125,0,130,46,0,46,176
09/22/2002,SNS,CA,AWP,WE,Federal Contract Tower,0,0,18,0,18,0,4,125,0,129,0,4,143,0,147,78,0,78,225
09/23/2002,SNS,CA,AWP,WE,Federal Contract Tower,0,0,19,0,19,0,6,105,0,111,0,6,124,0,130,94,0,94,224
09/24/2002,SNS,CA,AWP,WE,Federal Contract Tower,0,0,12,0,12,0,1,152,0,153,0,1,164,0,165,122,0,122,287
09/25/2002,SNS,CA,AWP,WE,Federal Contract Tower,0,4,43,2,49,0,3,85,0,88,0,7,128,2,137,52,0,52,189
09/26/2002,SNS,CA,AWP,WE,Federal Contract Tower,0,1,56,0,57,0,0,107,0,107,0,1,163,0,164,100,0,100,264
09/27/2002,SNS,CA,AWP,WE,Federal Contract Tower,0,0,44,0,44,0,0,57,0,57,0,0,101,0,101,24,0,24,125
09/28/2002,SNS,CA,AWP,WE,Federal Contract Tower,0,0,52,0,52,0,2,84,0,86,0,2,136,0,138,68,0,68,206
09/29/2002,SNS,CA,AWP,WE,Federal Contract Tower,0,0,20,0,20,0,6,137,0,143,0,6,157,0,163,90,0,90,253
09/30/2002,SNS,CA,AWP,WE,Federal Contract Tower,0,2,44,0,46,0,5,123,0,128,0,7,167,0,174,72,0,72,246
10/01/2002,SNS,CA,AWP,WE,Federal Contract Tower,0,0,20,1,21,0,1,78,0,79,0,1,98,1,100,8,0,8,108
10/02/2002,SNS,CA,AWP,WE,Federal Contract Tower,0,0,6,1,7,0,3,108,10,121,0,3,114,11,128,0,6,6,134
10/03/2002,SNS,CA,AWP,WE,Federal Contract Tower,0,0,2,0,2,0,6,118,2,126,0,6,120,2,128,0,0,0,128
10/04/2002,SNS,CA,AWP,WE,Federal Contract Tower,0,0,9,1,10,0,0,97,11,108,0,0,106,12,118,0,10,10,128
10/05/2002,SNS,CA,AWP,WE,Federal Contract Tower,0,1,2,1,4,0,2,382,8,392,0,3,384,9,396,63,0,63,459
10/06/2002,SNS,CA,AWP,WE,Federal Contract Tower,0,1,2,0,3,0,1,247,6,254,0,2,249,6,257,46,0,46,303
10/07/2002,SNS,CA,AWP,WE,Federal Contract Tower,0,0,5,0,5,0,6,72,4,82,0,6,77,4,87,0,0,0,87
10/08/2002,SNS,CA,AWP,WE,Federal Contract Tower,0,0,12,3,15,0,1,97,6,104,0,1,109,9,119,16,0,16,135
10/09/2002,SNS,CA,AWP,WE,Federal Contract Tower,0,5,27,0,32,0,0,71,0,71,0,5,98,0,103,4,0,4,107
10/10/2002,SNS,CA,AWP,WE,Federal Contract Tower,0,2,47,0,49,0,0,46,0,46,0,2,93,0,95,66,0,66,161
10/11/2002,SNS,CA,AWP,WE,Federal Contract Tower,0,0,26,0,26,0,7,114,0,121,0,7,140,0,147,60,0,60,207
10/12/2002,SNS,CA,AWP,WE,Federal Contract Tower,0,0,19,0,19,0,0,117,2,119,0,0,136,2,138,34,0,34,172
10/13/2002,SNS,CA,AWP,WE,Federal Contract Tower,0,0,10,0,10,0,6,124,4,134,0,6,134,4,144,64,0,64,208
10/14/2002,SNS,CA,AWP,WE,Federal Contract Tower,0,0,23,0,23,0,0,103,0,103,0,0,126,0,126,72,0,72,198
10/15/2002,SNS,CA,AWP,WE,Federal Contract Tower,0,1,21,0,22,0,2,81,0,83,0,3,102,0,105,74,0,74,179
10/16/2002,SNS,CA,AWP,WE,Federal Contract Tower,0,1,54,2,57,0,0,101,0,101,0,1,155,2,158,60,0,60,218
10/17/2002,SNS,CA,AWP,WE,Federal Contract Tower,0,1,13,1,15,0,3,123,1,127,0,4,136,2,142,36,0,36,178
10/18/2002,SNS,CA,AWP,WE,Federal Contract Tower,0,3,25,0,28,0,1,106,0,107,0,4,131,0,135,92,0,92,227
10/19/2002,SNS,CA,AWP,WE,Federal Contract Tower,0,0,17,0,17,0,3,89,0,92,0,3,106,0,109,70,0,70,179
10/20/2002,SNS,CA,AWP,WE,Federal Contract Tower,0,0,40,0,40,0,5,89,0,94,0,5,129,0,134,74,0,74,208
10/21/2002,SNS,CA,AWP,WE,Federal Contract Tower,0,2,32,0,34,0,4,58,0,62,0,6,90,0,96,40,0,40,136
10/22/2002,SNS,CA,AWP,WE,Federal Contract Tower,0,1,57,0,58,0,0,60,0,60,0,1,117,0,118,64,0,64,182
10/23/2002,SNS,CA,AWP,WE,Federal Contract Tower,0,1,33,0,34,0,0,93,0,93,0,1,126,0,127,154,0,154,281
10/24/2002,SNS,CA,AWP,WE,Federal Contract Tower,0,0,33,0,33,0,4,104,0,108,0,4,137,0,141,112,0,112,253
10/25/2002,SNS,CA,AWP,WE,Federal Contract Tower,0,2,14,0,16,0,0,99,0,99,0,2,113,0,115,96,0,96,211
10/26/2002,SNS,CA,AWP,WE,Federal Contract Tower,0,0,21,0,21,0,3,87,0,90,0,3,108,0,111,88,0,88,199
10/27/2002,SNS,CA,AWP,WE,Federal Contract Tower,0,0,17,0,17,0,5,170,0,175,0,5,187,0,192,102,0,102,294
10/28/2002,SNS,CA,AWP,WE,Federal Contract Tower,0,0,16,0,16,0,2,133,0,135,0,2,149,0,151,56,0,56,207
10/29/2002,SNS,CA,AWP,WE,Federal Contract Tower,0,3,25,1,29,0,4,155,9,168,0,7,180,10,197,90,0,90,287
10/30/2002,SNS,CA,AWP,WE,Federal Contract Tower,0,0,26,0,26,0,1,132,0,133,0,1,158,0,159,216,0,216,375
10/31/2002,SNS,CA,AWP,WE,Federal Contract Tower,0,2,18,0,20,0,0,104,0,104,0,2,122,0,124,38,0,38,162
11/01/2002,SNS,CA,AWP,WE,Federal Contract Tower,0,1,9,0,10,0,1,107,0,108,0,2,116,0,118,66,0,66,184
11/02/2002,SNS,CA,AWP,WE,Federal Contract Tower,0,0,14,0,14,0,0,123,0,123,0,0,137,0,137,102,0,102,239
11/03/2002,SNS,CA,AWP,WE,Federal Contract Tower,0,0,14,0,14,0,2,128,0,130,0,2,142,0,144,64,0,64,208
11/04/2002,SNS,CA,AWP,WE,Federal Contract Tower,0,0,7,0,7,0,3,124,0,127,0,3,131,0,134,76,0,76,210
11/05/2002,SNS,CA,AWP,WE,Federal Contract Tower,0,1,18,0,19,0,0,157,0,157,0,1,175,0,176,90,0,90,266
11/06/2002,SNS,CA,AWP,WE,Federal Contract Tower,0,0,29,0,29,0,1,135,0,136,0,1,164,0,165,74,0,74,239
11/07/2002,SNS,CA,AWP,WE,Federal Contract Tower,0,2,14,0,16,0,0,7,0,7,0,2,21,0,23,6,0,6,29
11/08/2002,SNS,CA,AWP,WE,Federal Contract Tower,0,2,25,0,27,0,0,3,0,3,0,2,28,0,30,0,0,0,30
11/09/2002,SNS,CA,AWP,WE,Federal Contract Tower,0,0,19,0,19,0,1,48,0,49,0,1,67,0,68,62,0,62,130
11/10/2002,SNS,CA,AWP,WE,Federal Contract Tower,0,0,18,0,18,0,0,66,0,66,0,0,84,0,84,18,0,18,102
11/11/2002,SNS,CA,AWP,WE,Federal Contract Tower,0,2,24,0,26,0,1,146,0,147,0,3,170,0,173,106,0,106,279
11/12/2002,SNS,CA,AWP,WE,Federal Contract Tower,0,1,15,0,16,0,0,83,0,83,0,1,98,0,99,60,0,60,159
11/13/2002,SNS,CA,AWP,WE,Federal Contract Tower,0,0,34,0,34,0,3,111,0,114,0,3,145,0,148,102,0,102,250
11/14/2002,SNS,CA,AWP,WE,Federal Contract Tower,0,1,13,0,14,0,0,128,0,128,0,1,141,0,142,64,0,64,206
11/15/2002,SNS,CA,AWP,WE,Federal Contract Tower,0,0,27,0,27,0,2,102,3,107,0,2,129,3,134,46,0,46,180
11/16/2002,SNS,CA,AWP,WE,Federal Contract Tower,0,0,16,0,16,0,0,121,0,121,0,0,137,0,137,146,0,146,283
11/17/2002,SNS,CA,AWP,WE,Federal Contract Tower,0,0,18,0,18,0,0,127,0,127,0,0,145,0,145,84,0,84,229
11/18/2002,SNS,CA,AWP,WE,Federal Contract Tower,0,0,7,2,9,0,3,132,0,135,0,3,139,2,144,120,0,120,264
11/19/2002,SNS,CA,AWP,WE,Federal Contract Tower,0,1,23,0,24,0,0,119,0,119,0,1,142,0,143,84,0,84,227
11/20/2002,SNS,CA,AWP,WE,Federal Contract Tower,0,0,28,0,28,0,3,120,0,123,0,3,148,0,151,64,0,64,215
11/21/2002,SNS,CA,AWP,WE,Federal Contract Tower,0,6,35,0,41,0,0,102,0,102,0,6,137,0,143,90,0,90,233
11/22/2002,SNS,CA,AWP,WE,Federal Contract Tower,0,2,38,0,40,0,0,55,0,55,0,2,93,0,95,40,0,40,135
11/23/2002,SNS,CA,AWP,WE,Federal Contract Tower,0,0,31,0,31,0,7,80,0,87,0,7,111,0,118,136,0,136,254
11/24/2002,SNS,CA,AWP,WE,Federal Contract Tower,0,0,11,0,11,0,2,67,0,69,0,2,78,0,80,72,0,72,152
11/25/2002,SNS,CA,AWP,WE,Federal Contract Tower,0,0,28,0,28,0,2,94,0,96,0,2,122,0,124,64,0,64,188
11/26/2002,SNS,CA,AWP,WE,Federal Contract Tower,0,3,35,0,38,0,0,82,0,82,0,3,117,0,120,92,0,92,212
11/27/2002,SNS,CA,AWP,WE,Federal Contract Tower,0,1,32,0,33,0,2,121,0,123,0,3,153,0,156,88,0,88,244
11/28/2002,SNS,CA,AWP,WE,Federal Contract Tower,0,0,8,0,8,0,0,55,2,57,0,0,63,2,65,34,0,34,99
11/29/2002,SNS,CA,AWP,WE,Federal Contract Tower,0,2,21,0,23,0,4,128,0,132,0,6,149,0,155,68,0,68,223
11/30/2002,SNS,CA,AWP,WE,Federal Contract Tower,0,1,22,0,23,0,3,92,0,95,0,4,114,0,118,120,0,120,238
12/01/2002,SNS,CA,AWP,WE,Federal Contract Tower,0,0,25,0,25,0,2,135,0,137,0,2,160,0,162,132,0,132,294
12/02/2002,SNS,CA,AWP,WE,Federal Contract Tower,0,0,10,0,10,0,3,91,0,94,0,3,101,0,104,54,0,54,158
12/03/2002,SNS,CA,AWP,WE,Federal Contract Tower,0,3,15,0,18,0,2,112,0,114,0,5,127,0,132,50,0,50,182
12/04/2002,SNS,CA,AWP,WE,Federal Contract Tower,0,4,19,0,23,0,3,147,0,150,0,7,166,0,173,94,0,94,267
12/05/2002,SNS,CA,AWP,WE,Federal Contract Tower,0,2,39,0,41,0,6,129,0,135,0,8,168,0,176,92,0,92,268
12/06/2002,SNS,CA,AWP,WE,Federal Contract Tower,0,10,21,0,31,0,3,63,0,66,0,13,84,0,97,36,0,36,133
12/07/2002,SNS,CA,AWP,WE,Federal Contract Tower,0,0,17,0,17,0,3,145,0,148,0,3,162,0,165,148,0,148,313
12/08/2002,SNS,CA,AWP,WE,Federal Contract Tower,0,0,15,0,15,0,6,115,0,121,0,6,130,0,136,136,0,136,272
12/09/2002,SNS,CA,AWP,WE,Federal Contract Tower,0,2,27,0,29,0,6,72,0,78,0,8,99,0,107,88,0,88,195
12/10/2002,SNS,CA,AWP,WE,Federal Contract Tower,0,2,43,1,46,0,4,139,1,144,0,6,182,2,190,56,0,56,246
12/11/2002,SNS,CA,AWP,WE,Federal Contract Tower,0,1,34,1,36,0,0,168,1,169,0,1,202,2,205,152,0,152,357
12/12/2002,SNS,CA,AWP,WE,Federal Contract Tower,0,1,30,0,31,0,1,119,0,120,0,2,149,0,151,60,0,60,211
12/13/2002,SNS,CA,AWP,WE,Federal Contract Tower,0,2,27,1,30,0,3,24,1,28,0,5,51,2,58,2,0,2,60
12/14/2002,SNS,CA,AWP,WE,Federal Contract Tower,0,0,10,0,10,0,2,12,0,14,0,2,22,0,24,2,0,2,26
12/15/2002,SNS,CA,AWP,WE,Federal Contract Tower,0,0,12,0,12,0,0,22,0,22,0,0,34,0,34,42,0,42,76
12/16/2002,SNS,CA,AWP,WE,Federal Contract Tower,0,0,11,0,11,0,3,30,0,33,0,3,41,0,44,28,0,28,72
12/17/2002,SNS,CA,AWP,WE,Federal Contract Tower,0,1,24,0,25,0,2,38,0,40,0,3,62,0,65,66,0,66,131
12/18/2002,SNS,CA,AWP,WE,Federal Contract Tower,0,7,18,0,25,0,4,86,0,90,0,11,104,0,115,100,0,100,215
12/19/2002,SNS,CA,AWP,WE,Federal Contract Tower,0,0,18,0,18,0,4,8,0,12,0,4,26,0,30,0,0,0,30
12/20/2002,SNS,CA,AWP,WE,Federal Contract Tower,0,4,20,0,24,0,2,28,0,30,0,6,48,0,54,18,0,18,72
12/21/2002,SNS,CA,AWP,WE,Federal Contract Tower,0,0,16,0,16,0,1,43,0,44,0,1,59,0,60,58,0,58,118
12/22/2002,SNS,CA,AWP,WE,Federal Contract Tower,0,0,10,0,10,0,4,113,0,117,0,4,123,0,127,74,0,74,201
12/23/2002,SNS,CA,AWP,WE,Federal Contract Tower,0,0,14,0,14,0,2,116,0,118,0,2,130,0,132,72,0,72,204
12/24/2002,SNS,CA,AWP,WE,Federal Contract Tower,0,1,22,0,23,0,4,60,0,64,0,5,82,0,87,22,0,22,109
12/25/2002,SNS,CA,AWP,WE,Federal Contract Tower,0,0,3,0,3,0,0,28,0,28,0,0,31,0,31,14,0,14,45
12/26/2002,SNS,CA,AWP,WE,Federal Contract Tower,0,1,13,0,14,0,2,19,0,21,0,3,32,0,35,44,0,44,79
12/27/2002,SNS,CA,AWP,WE,Federal Contract Tower,0,0,20,0,20,0,5,39,0,44,0,5,59,0,64,64,0,64,128
12/28/2002,SNS,CA,AWP,WE,Federal Contract Tower,0,0,5,0,5,0,0,9,0,9,0,0,14,0,14,6,0,6,20
12/29/2002,SNS,CA,AWP,WE,Federal Contract Tower,0,0,15,0,15,0,4,57,0,61,0,4,72,0,76,98,0,98,174
12/30/2002,SNS,CA,AWP,WE,Federal Contract Tower,0,0,7,0,7,0,2,76,0,78,0,2,83,0,85,50,0,50,135
12/31/2002,SNS,CA,AWP,WE,Federal Contract Tower,0,1,16,0,17,0,0,55,0,55,0,1,71,0,72,56,0,56,128
01/01/2003,SNS,CA,AWP,WE,Federal Contract Tower,0,0,1,0,1,0,0,75,0,75,0,0,76,0,76,16,0,16,92
01/02/2003,SNS,CA,AWP,WE,Federal Contract Tower,0,0,23,0,23,0,1,97,0,98,0,1,120,0,121,62,0,62,183
01/03/2003,SNS,CA,AWP,WE,Federal Contract Tower,0,0,16,0,16,0,1,111,0,112,0,1,127,0,128,46,0,46,174
01/04/2003,SNS,CA,AWP,WE,Federal Contract Tower,0,0,10,0,10,0,2,148,0,150,0,2,158,0,160,172,0,172,332
01/05/2003,SNS,CA,AWP,WE,Federal Contract Tower,0,0,16,0,16,0,2,102,0,104,0,2,118,0,120,84,0,84,204
01/06/2003,SNS,CA,AWP,WE,Federal Contract Tower,0,0,14,0,14,0,4,80,0,84,0,4,94,0,98,68,0,68,166
01/07/2003,SNS,CA,AWP,WE,Federal Contract Tower,0,1,22,0,23,0,2,85,0,87,0,3,107,0,110,38,0,38,148
01/08/2003,SNS,CA,AWP,WE,Federal Contract Tower,0,0,37,0,37,0,1,114,0,115,0,1,151,0,152,58,0,58,210
01/09/2003,SNS,CA,AWP,WE,Federal Contract Tower,0,0,22,0,22,0,1,51,0,52,0,1,73,0,74,30,0,30,104
01/10/2003,SNS,CA,AWP,WE,Federal Contract Tower,0,0,23,0,23,0,0,43,0,43,0,0,66,0,66,36,0,36,102
01/11/2003,SNS,CA,AWP,WE,Federal Contract Tower,0,0,25,0,25,0,2,43,0,45,0,2,68,0,70,42,0,42,112
01/12/2003,SNS,CA,AWP,WE,Federal Contract Tower,0,0,16,0,16,0,1,112,0,113,0,1,128,0,129,80,0,80,209
01/13/2003,SNS,CA,AWP,WE,Federal Contract Tower,0,0,50,0,50,0,1,64,0,65,0,1,114,0,115,24,0,24,139
01/14/2003,SNS,CA,AWP,WE,Federal Contract Tower,0,0,40,0,40,0,4,54,0,58,0,4,94,0,98,18,0,18,116
01/15/2003,SNS,CA,AWP,WE,Federal Contract Tower,0,1,31,0,32,0,0,105,0,105,0,1,136,0,137,64,0,64,201
01/16/2003,SNS,CA,AWP,WE,Federal Contract Tower,0,1,16,0,17,0,2,121,0,123,0,3,137,0,140,60,0,60,200
01/17/2003,SNS,CA,AWP,WE,Federal Contract Tower,0,0,14,2,16,0,1,103,2,106,0,1,117,4,122,66,0,66,188
01/18/2003,SNS,CA,AWP,WE,Federal Contract Tower,0,0,11,0,11,0,2,128,0,130,0,2,139,0,141,168,0,168,309
01/19/2003,SNS,CA,AWP,WE,Federal Contract Tower,0,0,15,0,15,0,0,100,0,100,0,0,115,0,115,68,0,68,183
01/20/2003,SNS,CA,AWP,WE,Federal Contract Tower,0,0,20,0,20,0,0,50,0,50,0,0,70,0,70,64,0,64,134
01/21/2003,SNS,CA,AWP,WE,Federal Contract Tower,0,1,29,0,30,0,0,75,0,75,0,1,104,0,105,22,0,22,127
01/22/2003,SNS,CA,AWP,WE,Federal Contract Tower,0,1,32,0,33,0,2,58,0,60,0,3,90,0,93,40,0,40,133
01/23/2003,SNS,CA,AWP,WE,Federal Contract Tower,0,1,25,0,26,0,1,81,0,82,0,2,106,0,108,82,0,82,190
01/24/2003,SNS,CA,AWP,WE,Federal Contract Tower,0,1,30,0,31,0,1,112,0,113,0,2,142,0,144,24,0,24,168
01/25/2003,SNS,CA,AWP,WE,Federal Contract Tower,0,0,12,0,12,0,3,192,0,195,0,3,204,0,207,142,0,142,349
01/26/2003,SNS,CA,AWP,WE,Federal Contract Tower,0,0,17,0,17,0,2,124,0,126,0,2,141,0,143,182,0,182,325
01/27/2003,SNS,CA,AWP,WE,Federal Contract Tower,0,2,25,1,28,0,0,68,2,70,0,2,93,3,98,32,0,32,130
01/28/2003,SNS,CA,AWP,WE,Federal Contract Tower,0,2,29,0,31,0,3,93,0,96,0,5,122,0,127,104,0,104,231
01/29/2003,SNS,CA,AWP,WE,Federal Contract Tower,0,0,23,0,23,0,0,102,0,102,0,0,125,0,125,34,0,34,159
01/30/2003,SNS,CA,AWP,WE,Federal Contract Tower,0,1,26,0,27,0,0,101,0,101,0,1,127,0,128,52,0,52,180
01/31/2003,SNS,CA,AWP,WE,Federal Contract Tower,0,0,28,0,28,0,3,123,0,126,0,3,151,0,154,48,0,48,202
02/01/2003,SNS,CA,AWP,WE,Federal Contract Tower,0,0,15,0,15,0,7,63,0,70,0,7,78,0,85,136,0,136,221
02/02/2003,SNS,CA,AWP,WE,Federal Contract Tower,0,0,12,0,12,0,6,165,0,171,0,6,177,0,183,88,0,88,271
02/03/2003,SNS,CA,AWP,WE,Federal Contract Tower,0,0,16,0,16,0,1,110,0,111,0,1,126,0,127,28,0,28,155
02/04/2003,SNS,CA,AWP,WE,Federal Contract Tower,0,0,21,0,21,0,2,131,0,133,0,2,152,0,154,94,0,94,248
02/05/2003,SNS,CA,AWP,WE,Federal Contract Tower,0,0,26,0,26,0,1,101,0,102,0,1,127,0,128,38,0,38,166
02/06/2003,SNS,CA,AWP,WE,Federal Contract Tower,0,1,23,0,24,0,0,117,0,117,0,1,140,0,141,46,0,46,187
02/07/2003,SNS,CA,AWP,WE,Federal Contract Tower,0,0,19,0,19,0,4,82,0,86,0,4,101,0,105,108,0,108,213
02/08/2003,SNS,CA,AWP,WE,Federal Contract Tower,0,0,10,0,10,0,4,137,0,141,0,4,147,0,151,218,0,218,369
02/09/2003,SNS,CA,AWP,WE,Federal Contract Tower,0,0,25,0,25,0,4,146,0,150,0,4,171,0,175,118,0,118,293
02/10/2003,SNS,CA,AWP,WE,Federal Contract Tower,0,0,25,1,26,0,4,106,1,111,0,4,131,2,137,108,0,108,245
02/11/2003,SNS,CA,AWP,WE,Federal Contract Tower,0,0,20,0,20,0,1,67,0,68,0,1,87,0,88,74,0,74,162
02/12/2003,SNS,CA,AWP,WE,Federal Contract Tower,0,1,19,0,20,0,1,82,0,83,0,2,101,0,103,0,0,0,103
02/13/2003,SNS,CA,AWP,WE,Federal Contract Tower,0,0,25,0,25,0,1,54,0,55,0,1,79,0,80,22,0,22,102
02/14/2003,SNS,CA,AWP,WE,Federal Contract Tower,0,0,51,0,51,0,2,91,0,93,0,2,142,0,144,56,0,56,200
02/15/2003,SNS,CA,AWP,WE,Federal Contract Tower,0,0,18,0,18,0,6,160,0,166,0,6,178,0,184,136,0,136,320
02/16/2003,SNS,CA,AWP,WE,Federal Contract Tower,0,0,12,0,12,0,2,93,0,95,0,2,105,0,107,78,0,78,185
02/17/2003,SNS,CA,AWP,WE,Federal Contract Tower,0,0,18,0,18,0,1,94,0,95,0,1,112,0,113,130,0,130,243
02/18/2003,SNS,CA,AWP,WE,Federal Contract Tower,0,0,22,0,22,0,1,129,0,130,0,1,151,0,152,56,0,56,208
02/19/2003,SNS,CA,AWP,WE,Federal Contract Tower,0,0,9,0,9,0,3,53,0,56,0,3,62,0,65,0,0,0,65
02/20/2003,SNS,CA,AWP,WE,Federal Contract Tower,0,0,28,0,28,0,3,107,0,110,0,3,135,0,138,156,0,156,294
02/21/2003,SNS,CA,AWP,WE,Federal Contract Tower,0,0,22,0,22,0,5,122,0,127,0,5,144,0,149,142,0,142,291
02/22/2003,SNS,CA,AWP,WE,Federal Contract Tower,0,0,16,0,16,0,1,143,0,144,0,1,159,0,160,128,0,128,288
02/23/2003,SNS,CA,AWP,WE,Federal Contract Tower,0,0,8,0,8,0,2,144,0,146,0,2,152,0,154,98,0,98,252
02/24/2003,SNS,CA,AWP,WE,Federal Contract Tower,0,1,29,0,30,0,3,68,6,77,0,4,97,6,107,24,0,24,131
02/25/2003,SNS,CA,AWP,WE,Federal Contract Tower,0,1,30,0,31,0,0,79,0,79,0,1,109,0,110,60,0,60,170
02/26/2003,SNS,CA,AWP,WE,Federal Contract Tower,0,0,23,0,23,0,1,95,0,96,0,1,118,0,119,84,0,84,203
02/27/2003,SNS,CA,AWP,WE,Federal Contract Tower,0,0,33,0,33,0,1,95,0,96,0,1,128,0,129,74,0,74,203
02/28/2003,SNS,CA,AWP,WE,Federal Contract Tower,0,0,12,0,12,0,3,146,0,149,0,3,158,0,161,62,0,62,223
03/01/2003,SNS,CA,AWP,WE,Federal Contract Tower,0,0,16,0,16,0,4,143,0,147,0,4,159,0,163,156,0,156,319
03/02/2003,SNS,CA,AWP,WE,Federal Contract Tower,0,0,11,0,11,0,4,170,0,174,0,4,181,0,185,86,0,86,271
03/03/2003,SNS,CA,AWP,WE,Federal Contract Tower,0,2,18,0,20,0,3,87,0,90,0,5,105,0,110,72,0,72,182
03/04/2003,SNS,CA,AWP,WE,Federal Contract Tower,0,0,16,0,16,0,1,121,0,122,0,1,137,0,138,53,0,53,191
03/05/2003,SNS,CA,AWP,WE,Federal Contract Tower,0,1,24,0,25,0,4,127,0,131,0,5,151,0,156,118,0,118,274
03/06/2003,SNS,CA,AWP,WE,Federal Contract Tower,0,3,32,0,35,0,0,59,0,59,0,3,91,0,94,26,0,26,120
03/07/2003,SNS,CA,AWP,WE,Federal Contract Tower,0,0,19,2,21,0,4,134,0,138,0,4,153,2,159,88,6,94,253
03/08/2003,SNS,CA,AWP,WE,Federal Contract Tower,0,0,18,0,18,0,4,145,0,149,0,4,163,0,167,138,0,138,305
03/09/2003,SNS,CA,AWP,WE,Federal Contract Tower,0,0,11,0,11,0,4,127,0,131,0,4,138,0,142,110,0,110,252
03/10/2003,SNS,CA,AWP,WE,Federal Contract Tower,0,0,22,0,22,0,6,100,0,106,0,6,122,0,128,72,0,72,200
03/11/2003,SNS,CA,AWP,WE,Federal Contract Tower,0,1,37,0,38,0,0,91,2,93,0,1,128,2,131,34,0,34,165
03/12/2003,SNS,CA,AWP,WE,Federal Contract Tower,0,1,35,0,36,0,0,106,0,106,0,1,141,0,142,54,0,54,196
03/13/2003,SNS,CA,AWP,WE,Federal Contract Tower,0,2,39,0,41,0,0,83,0,83,0,2,122,0,124,70,0,70,194
03/14/2003,SNS,CA,AWP,WE,Federal Contract Tower,0,0,11,0,11,0,0,77,0,77,0,0,88,0,88,68,0,68,156
03/15/2003,SNS,CA,AWP,WE,Federal Contract Tower,0,0,15,0,15,0,8,74,0,82,0,8,89,0,97,148,0,148,245
03/16/2003,SNS,CA,AWP,WE,Federal Contract Tower,0,0,19,0,19,0,2,69,0,71,0,2,88,0,90,416,0,416,506
03/17/2003,SNS,CA,AWP,WE,Federal Contract Tower,0,5,12,0,17,0,2,64,0,66,0,7,76,0,83,48,0,48,131
03/18/2003,SNS,CA,AWP,WE,Federal Contract Tower,0,0,36,0,36,0,1,112,0,113,0,1,148,0,149,90,0,90,239
03/19/2003,SNS,CA,AWP,WE,Federal Contract Tower,0,0,23,0,23,0,0,119,0,119,0,0,142,0,142,150,0,150,292
03/20/2003,SNS,CA,AWP,WE,Federal Contract Tower,0,1,24,2,27,0,0,63,2,65,0,1,87,4,92,44,0,44,136
03/21/2003,SNS,CA,AWP,WE,Federal Contract Tower,0,0,19,2,21,0,0,137,0,137,0,0,156,2,158,116,0,116,274
03/22/2003,SNS,CA,AWP,WE,Federal Contract Tower,0,0,32,0,32,0,1,71,0,72,0,1,103,0,104,26,0,26,130
03/23/2003,SNS,CA,AWP,WE,Federal Contract Tower,0,0,20,0,20,0,0,68,0,68,0,0,88,0,88,64,0,64,152
03/24/2003,SNS,CA,AWP,WE,Federal Contract Tower,0,1,14,0,15,0,0,87,0,87,0,1,101,0,102,64,0,64,166
03/25/2003,SNS,CA,AWP,WE,Federal Contract Tower,0,3,16,0,19,0,2,132,0,134,0,5,148,0,153,112,0,112,265
03/26/2003,SNS,CA,AWP,WE,Federal Contract Tower,0,0,35,0,35,0,1,66,0,67,0,1,101,0,102,44,0,44,146
03/27/2003,SNS,CA,AWP,WE,Federal Contract Tower,0,0,17,1,18,0,3,139,1,143,0,3,156,2,161,136,0,136,297
03/28/2003,SNS,CA,AWP,WE,Federal Contract Tower,0,0,18,0,18,0,7,117,0,124,0,7,135,0,142,98,0,98,240
03/29/2003,SNS,CA,AWP,WE,Federal Contract Tower,0,0,19,4,23,0,2,129,0,131,0,2,148,4,154,200,0,200,354
03/30/2003,SNS,CA,AWP,WE,Federal Contract Tower,0,0,17,0,17,0,2,164,0,166,0,2,181,0,183,169,0,169,352
03/31/2003,SNS,CA,AWP,WE,Federal Contract Tower,0,0,19,0,19,0,2,116,0,118,0,2,135,0,137,48,0,48,185
04/01/2003,SNS,CA,AWP,WE,Federal Contract Tower,0,1,35,0,36,0,4,73,0,77,0,5,108,0,113,90,0,90,203
04/02/2003,SNS,CA,AWP,WE,Federal Contract Tower,0,1,29,0,30,0,1,84,0,85,0,2,113,0,115,118,0,118,233
04/03/2003,SNS,CA,AWP,WE,Federal Contract Tower,0,0,13,0,13,0,1,83,0,84,0,1,96,0,97,70,0,70,167
04/04/2003,SNS,CA,AWP,WE,Federal Contract Tower,0,0,14,0,14,0,5,71,0,76,0,5,85,0,90,74,0,74,164
04/05/2003,SNS,CA,AWP,WE,Federal Contract Tower,0,0,9,0,9,0,2,128,0,130,0,2,137,0,139,96,0,96,235
04/06/2003,SNS,CA,AWP,WE,Federal Contract Tower,0,0,3,0,3,0,2,121,0,123,0,2,124,0,126,176,0,176,302
04/07/2003,SNS,CA,AWP,WE,Federal Contract Tower,0,0,13,0,13,0,5,100,0,105,0,5,113,0,118,126,0,126,244
04/08/2003,SNS,CA,AWP,WE,Federal Contract Tower,0,2,9,0,11,0,3,116,0,119,0,5,125,0,130,112,0,112,242
04/09/2003,SNS,CA,AWP,WE,Federal Contract Tower,0,2,21,0,23,0,1,106,0,107,0,3,127,0,130,190,0,190,320
04/10/2003,SNS,CA,AWP,WE,Federal Contract Tower,0,0,20,0,20,0,1,111,2,114,0,1,131,2,134,76,6,82,216
04/11/2003,SNS,CA,AWP,WE,Federal Contract Tower,0,0,23,0,23,0,1,123,1,125,0,1,146,1,148,64,4,68,216
04/12/2003,SNS,CA,AWP,WE,Federal Contract Tower,0,0,8,0,8,0,4,43,0,47,0,4,51,0,55,28,0,28,83
04/13/2003,SNS,CA,AWP,WE,Federal Contract Tower,0,0,8,0,8,0,0,38,0,38,0,0,46,0,46,4,0,4,50
04/14/2003,SNS,CA,AWP,WE,Federal Contract Tower,0,1,19,0,20,0,4,119,0,123,0,5,138,0,143,62,0,62,205
04/15/2003,SNS,CA,AWP,WE,Federal Contract Tower,0,0,25,0,25,0,7,111,0,118,0,7,136,0,143,128,0,128,271
04/16/2003,SNS,CA,AWP,WE,Federal Contract Tower,0,5,14,0,19,0,12,95,0,107,0,17,109,0,126,76,0,76,202
04/17/2003,SNS,CA,AWP,WE,Federal Contract Tower,0,2,18,0,20,0,2,67,0,69,0,4,85,0,89,72,0,72,161
04/18/2003,SNS,CA,AWP,WE,Federal Contract Tower,0,1,31,0,32,0,3,87,0,90,0,4,118,0,122,79,0,79,201
04/19/2003,SNS,CA,AWP,WE,Federal Contract Tower,0,1,17,0,18,0,5,179,0,184,0,6,196,0,202,48,0,48,250
04/20/2003,SNS,CA,AWP,WE,Federal Contract Tower,0,2,14,0,16,0,0,81,0,81,0,2,95,0,97,64,0,64,161
04/21/2003,SNS,CA,AWP,WE,Federal Contract Tower,0,0,10,0,10,0,1,39,0,40,0,1,49,0,50,40,0,40,90
04/22/2003,SNS,CA,AWP,WE,Federal Contract Tower,0,1,27,1,29,0,1,68,1,70,0,2,95,2,99,52,0,52,151
04/23/2003,SNS,CA,AWP,WE,Federal Contract Tower,0,1,27,0,28,0,4,90,0,94,0,5,117,0,122,44,0,44,166
04/24/2003,SNS,CA,AWP,WE,Federal Contract Tower,0,0,37,0,37,0,1,26,0,27,0,1,63,0,64,0,0,0,64
04/25/2003,SNS,CA,AWP,WE,Federal Contract Tower,0,1,26,0,27,0,2,89,0,91,0,3,115,0,118,50,0,50,168
04/26/2003,SNS,CA,AWP,WE,Federal Contract Tower,0,0,22,0,22,0,8,280,0,288,0,8,302,0,310,106,0,106,416
04/27/2003,SNS,CA,AWP,WE,Federal Contract Tower,0,0,19,0,19,0,4,127,0,131,0,4,146,0,150,146,0,146,296
04/28/2003,SNS,CA,AWP,WE,Federal Contract Tower,0,0,12,0,12,0,5,49,2,56,0,5,61,2,68,60,0,60,128
04/29/2003,SNS,CA,AWP,WE,Federal Contract Tower,0,1,27,0,28,0,2,63,0,65,0,3,90,0,93,44,0,44,137
04/30/2003,SNS,CA,AWP,WE,Federal Contract Tower,0,0,15,0,15,0,4,143,4,151,0,4,158,4,166,192,6,198,364
05/01/2003,SNS,CA,AWP,WE,Federal Contract Tower,0,0,14,0,14,0,1,102,0,103,0,1,116,0,117,32,0,32,149
05/02/2003,SNS,CA,AWP,WE,Federal Contract Tower,0,1,13,0,14,0,2,24,0,26,0,3,37,0,40,20,0,20,60
05/03/2003,SNS,CA,AWP,WE,Federal Contract Tower,0,0,19,0,19,0,0,48,0,48,0,0,67,0,67,50,0,50,117
05/04/2003,SNS,CA,AWP,WE,Federal Contract Tower,0,0,25,0,25,0,8,88,0,96,0,8,113,0,121,98,0,98,219
05/05/2003,SNS,CA,AWP,WE,Federal Contract Tower,0,2,15,1,18,0,7,86,1,94,0,9,101,2,112,58,0,58,170
05/06/2003,SNS,CA,AWP,WE,Federal Contract Tower,0,0,20,0,20,0,1,128,0,129,0,1,148,0,149,30,0,30,179
05/07/2003,SNS,CA,AWP,WE,Federal Contract Tower,0,3,19,0,22,0,8,98,0,106,0,11,117,0,128,60,0,60,188
05/08/2003,SNS,CA,AWP,WE,Federal Contract Tower,0,2,13,0,15,0,1,53,0,54,0,3,66,0,69,4,0,4,73
05/09/2003,SNS,CA,AWP,WE,Federal Contract Tower,0,0,13,0,13,0,2,117,0,119,0,2,130,0,132,119,0,119,251
05/10/2003,SNS,CA,AWP,WE,Federal Contract Tower,0,1,19,0,20,0,4,151,0,155,0,5,170,0,175,68,0,68,243
05/11/2003,SNS,CA,AWP,WE,Federal Contract Tower,0,0,12,0,12,0,0,152,0,152,0,0,164,0,164,64,0,64,228
05/12/2003,SNS,CA,AWP,WE,Federal Contract Tower,0,0,18,0,18,0,4,96,0,100,0,4,114,0,118,62,0,62,180
05/13/2003,SNS,CA,AWP,WE,Federal Contract Tower,0,2,47,0,49,0,2,81,0,83,0,4,128,0,132,28,0,28,160
05/14/2003,SNS,CA,AWP,WE,Federal Contract Tower,0,5,44,0,49,0,0,41,0,41,0,5,85,0,90,22,0,22,112
05/15/2003,SNS,CA,AWP,WE,Federal Contract Tower,0,0,20,0,20,0,1,84,0,85,0,1,104,0,105,52,0,52,157
05/16/2003,SNS,CA,AWP,WE,Federal Contract Tower,0,0,14,0,14,0,2,102,2,106,0,2,116,2,120,94,0,94,214
05/17/2003,SNS,CA,AWP,WE,Federal Contract Tower,0,0,19,0,19,0,3,161,0,164,0,3,180,0,183,136,0,136,319
05/18/2003,SNS,CA,AWP,WE,Federal Contract Tower,0,0,16,0,16,0,7,110,0,117,0,7,126,0,133,54,0,54,187
05/19/2003,SNS,CA,AWP,WE,Federal Contract Tower,0,1,12,0,13,0,3,99,0,102,0,4,111,0,115,34,0,34,149
05/20/2003,SNS,CA,AWP,WE,Federal Contract Tower,0,0,24,3,27,0,1,141,3,145,0,1,165,6,172,64,0,64,236
05/21/2003,SNS,CA,AWP,WE,Federal Contract Tower,0,0,15,0,15,0,6,138,0,144,0,6,153,0,159,102,0,102,261
05/22/2003,SNS,CA,AWP,WE,Federal Contract Tower,0,0,28,0,28,0,12,97,0,109,0,12,125,0,137,78,0,78,215
05/23/2003,SNS,CA,AWP,WE,Federal Contract Tower,0,4,34,0,38,0,4,87,0,91,0,8,121,0,129,98,0,98,227
05/24/2003,SNS,CA,AWP,WE,Federal Contract Tower,0,0,40,0,40,0,6,75,0,81,0,6,115,0,121,38,0,38,159
05/25/2003,SNS,CA,AWP,WE,Federal Contract Tower,0,0,17,0,17,0,0,118,0,118,0,0,135,0,135,78,0,78,213
05/26/2003,SNS,CA,AWP,WE,Federal Contract Tower,0,0,19,0,19,0,2,115,0,117,0,2,134,0,136,50,0,50,186
05/27/2003,SNS,CA,AWP,WE,Federal Contract Tower,0,0,15,2,17,0,2,135,2,139,0,2,150,4,156,82,0,82,238
05/28/2003,SNS,CA,AWP,WE,Federal Contract Tower,0,0,10,0,10,0,2,139,0,141,0,2,149,0,151,98,0,98,249
05/29/2003,SNS,CA,AWP,WE,Federal Contract Tower,0,1,37,0,38,0,2,48,0,50,0,3,85,0,88,62,0,62,150
05/30/2003,SNS,CA,AWP,WE,Federal Contract Tower,0,0,41,0,41,0,1,67,0,68,0,1,108,0,109,67,0,67,176
05/31/2003,SNS,CA,AWP,WE,Federal Contract Tower,0,0,25,0,25,0,6,153,0,159,0,6,178,0,184,94,0,94,278
06/01/2003,SNS,CA,AWP,WE,Federal Contract Tower,0,1,14,0,15,0,3,141,0,144,0,4,155,0,159,160,0,160,319
06/02/2003,SNS,CA,AWP,WE,Federal Contract Tower,0,1,12,0,13,0,0,101,0,101,0,1,113,0,114,64,0,64,178
06/03/2003,SNS,CA,AWP,WE,Federal Contract Tower,0,2,39,0,41,0,1,115,0,116,0,3,154,0,157,64,0,64,221
06/04/2003,SNS,CA,AWP,WE,Federal Contract Tower,0,1,61,0,62,0,1,81,0,82,0,2,142,0,144,84,0,84,228
06/05/2003,SNS,CA,AWP,WE,Federal Contract Tower,0,0,39,0,39,0,5,45,2,52,0,5,84,2,91,44,0,44,135
06/06/2003,SNS,CA,AWP,WE,Federal Contract Tower,0,1,49,0,50,0,2,75,0,77,0,3,124,0,127,38,0,38,165
06/07/2003,SNS,CA,AWP,WE,Federal Contract Tower,0,0,21,0,21,0,0,156,0,156,0,0,177,0,177,103,0,103,280
06/08/2003,SNS,CA,AWP,WE,Federal Contract Tower,0,0,22,0,22,0,5,108,0,113,0,5,130,0,135,50,0,50,185
06/09/2003,SNS,CA,AWP,WE,Federal Contract Tower,0,4,30,0,34,0,0,90,0,90,0,4,120,0,124,40,0,40,164
06/10/2003,SNS,CA,AWP,WE,Federal Contract Tower,0,5,35,0,40,0,3,105,0,108,0,8,140,0,148,80,0,80,228
06/11/2003,SNS,CA,AWP,WE,Federal Contract Tower,0,1,46,0,47,0,0,71,0,71,0,1,117,0,118,86,0,86,204
06/12/2003,SNS,CA,AWP,WE,Federal Contract Tower,0,2,33,0,35,0,2,94,0,96,0,4,127,0,131,20,0,20,151
06/13/2003,SNS,CA,AWP,WE,Federal Contract Tower,0,3,20,0,23,0,5,114,0,119,0,8,134,0,142,80,0,80,222
06/14/2003,SNS,CA,AWP,WE,Federal Contract Tower,0,0,14,0,14,0,2,140,0,142,0,2,154,0,156,88,0,88,244
06/15/2003,SNS,CA,AWP,WE,Federal Contract Tower,0,2,16,0,18,0,2,136,0,138,0,4,152,0,156,160,0,160,316
06/16/2003,SNS,CA,AWP,WE,Federal Contract Tower,0,3,16,0,19,0,2,104,0,106,0,5,120,0,125,58,0,58,183
06/17/2003,SNS,CA,AWP,WE,Federal Contract Tower,0,0,20,0,20,0,3,143,0,146,0,3,163,0,166,80,0,80,246
06/18/2003,SNS,CA,AWP,WE,Federal Contract Tower,0,6,44,0,50,0,6,113,0,119,0,12,157,0,169,85,0,85,254
06/19/2003,SNS,CA,AWP,WE,Federal Contract Tower,0,0,34,0,34,0,13,71,0,84,0,13,105,0,118,60,0,60,178
06/20/2003,SNS,CA,AWP,WE,Federal Contract Tower,0,0,18,0,18,0,2,100,0,102,0,2,118,0,120,56,0,56,176
06/21/2003,SNS,CA,AWP,WE,Federal Contract Tower,0,0,24,0,24,0,4,124,0,128,0,4,148,0,152,50,0,50,202
06/22/2003,SNS,CA,AWP,WE,Federal Contract Tower,0,0,21,0,21,0,2,128,0,130,0,2,149,0,151,136,0,136,287
06/23/2003,SNS,CA,AWP,WE,Federal Contract Tower,0,1,17,0,18,0,1,109,0,110,0,2,126,0,128,94,0,94,222
06/24/2003,SNS,CA,AWP,WE,Federal Contract Tower,0,0,8,0,8,0,0,131,0,131,0,0,139,0,139,194,0,194,333
06/25/2003,SNS,CA,AWP,WE,Federal Contract Tower,0,0,27,0,27,0,1,160,0,161,0,1,187,0,188,86,0,86,274
06/26/2003,SNS,CA,AWP,WE,Federal Contract Tower,0,0,13,0,13,0,2,127,0,129,0,2,140,0,142,142,0,142,284
06/27/2003,SNS,CA,AWP,WE,Federal Contract Tower,0,0,22,0,22,0,5,118,0,123,0,5,140,0,145,140,0,140,285
06/28/2003,SNS,CA,AWP,WE,Federal Contract Tower,0,0,10,0,10,0,4,126,10,140,0,4,136,10,150,64,0,64,214
06/29/2003,SNS,CA,AWP,WE,Federal Contract Tower,0,0,14,0,14,0,1,142,0,143,0,1,156,0,157,78,0,78,235
06/30/2003,SNS,CA,AWP,WE,Federal Contract Tower,0,0,17,0,17,0,3,115,0,118,0,3,132,0,135,60,0,60,195
07/01/2003,SNS,CA,AWP,WE,Federal Contract Tower,0,0,33,0,33,0,2,86,4,92,0,2,119,4,125,42,0,42,167
07/02/2003,SNS,CA,AWP,WE,Federal Contract Tower,0,2,40,0,42,0,4,116,1,121,0,6,156,1,163,48,0,48,211
07/03/2003,SNS,CA,AWP,WE,Federal Contract Tower,0,0,21,0,21,0,1,98,0,99,0,1,119,0,120,136,0,136,256
07/04/2003,SNS,CA,AWP,WE,Federal Contract Tower,0,0,16,0,16,0,3,74,0,77,0,3,90,0,93,50,0,50,143
07/05/2003,SNS,CA,AWP,WE,Federal Contract Tower,0,0,23,0,23,0,3,105,0,108,0,3,128,0,131,92,0,92,223
07/06/2003,SNS,CA,AWP,WE,Federal Contract Tower,0,0,19,2,21,0,4,117,2,123,0,4,136,4,144,42,0,42,186
07/07/2003,SNS,CA,AWP,WE,Federal Contract Tower,0,0,24,0,24,0,6,99,0,105,0,6,123,0,129,86,0,86,215
07/08/2003,SNS,CA,AWP,WE,Federal Contract Tower,0,2,21,0,23,0,0,133,0,133,0,2,154,0,156,44,0,44,200
07/09/2003,SNS,CA,AWP,WE,Federal Contract Tower,0,1,31,0,32,0,4,107,0,111,0,5,138,0,143,40,0,40,183
07/10/2003,SNS,CA,AWP,WE,Federal Contract Tower,0,0,16,1,17,0,0,93,1,94,0,0,109,2,111,24,0,24,135
07/11/2003,SNS,CA,AWP,WE,Federal Contract Tower,0,0,25,0,25,0,7,100,0,107,0,7,125,0,132,62,0,62,194
07/12/2003,SNS,CA,AWP,WE,Federal Contract Tower,0,2,29,0,31,0,1,106,0,107,0,3,135,0,138,220,0,220,358
07/13/2003,SNS,CA,AWP,WE,Federal Contract Tower,0,0,19,0,19,0,3,187,0,190,0,3,206,0,209,194,0,194,403
07/14/2003,SNS,CA,AWP,WE,Federal Contract Tower,0,0,10,0,10,0,4,100,2,106,0,4,110,2,116,52,0,52,168
07/15/2003,SNS,CA,AWP,WE,Federal Contract Tower,0,0,34,0,34,0,3,126,0,129,0,3,160,0,163,102,0,102,265
07/16/2003,SNS,CA,AWP,WE,Federal Contract Tower,0,2,34,0,36,0,4,107,0,111,0,6,141,0,147,64,0,64,211
07/17/2003,SNS,CA,AWP,WE,Federal Contract Tower,0,0,20,0,20,0,0,119,0,119,0,0,139,0,139,92,0,92,231
07/18/2003,SNS,CA,AWP,WE,Federal Contract Tower,0,0,12,0,12,0,4,111,0,115,0,4,123,0,127,120,0,120,247
07/19/2003,SNS,CA,AWP,WE,Federal Contract Tower,0,2,42,0,44,0,0,160,0,160,0,2,202,0,204,106,0,106,310
07/20/2003,SNS,CA,AWP,WE,Federal Contract Tower,0,2,12,0,14,0,5,165,0,170,0,7,177,0,184,68,0,68,252
07/21/2003,SNS,CA,AWP,WE,Federal Contract Tower,0,1,17,0,18,0,5,106,0,111,0,6,123,0,129,86,0,86,215
07/22/2003,SNS,CA,AWP,WE,Federal Contract Tower,0,4,23,0,27,0,2,114,4,120,0,6,137,4,147,106,0,106,253
07/23/2003,SNS,CA,AWP,WE,Federal Contract Tower,0,0,37,1,38,0,1,99,1,101,0,1,136,2,139,132,0,132,271
07/24/2003,SNS,CA,AWP,WE,Federal Contract Tower,0,0,21,0,21,0,3,80,0,83,0,3,101,0,104,66,0,66,170
07/25/2003,SNS,CA,AWP,WE,Federal Contract Tower,0,0,36,0,36,0,0,59,0,59,0,0,95,0,95,34,0,34,129
07/26/2003,SNS,CA,AWP,WE,Federal Contract Tower,0,0,36,0,36,0,0,122,2,124,0,0,158,2,160,68,0,68,228
07/27/2003,SNS,CA,AWP,WE,Federal Contract Tower,0,0,22,0,22,0,0,158,0,158,0,0,180,0,180,134,0,134,314
07/28/2003,SNS,CA,AWP,WE,Federal Contract Tower,0,0,14,0,14,0,3,90,2,95,0,3,104,2,109,76,0,76,185
07/29/2003,SNS,CA,AWP,WE,Federal Contract Tower,0,0,40,0,40,0,1,104,0,105,0,1,144,0,145,104,0,104,249
07/30/2003,SNS,CA,AWP,WE,Federal Contract Tower,0,3,40,2,45,0,0,94,2,96,0,3,134,4,141,32,0,32,173
07/31/2003,SNS,CA,AWP,WE,Federal Contract Tower,0,0,39,0,39,0,0,49,0,49,0,0,88,0,88,18,0,18,106
08/01/2003,SNS,CA,AWP,WE,Federal Contract Tower,0,0,30,0,30,0,4,66,0,70,0,4,96,0,100,114,0,114,214
08/02/2003,SNS,CA,AWP,WE,Federal Contract Tower,0,0,18,0,18,0,9,87,0,96,0,9,105,0,114,100,0,100,214
08/03/2003,SNS,CA,AWP,WE,Federal Contract Tower,0,0,32,0,32,0,0,104,0,104,0,0,136,0,136,72,0,72,208
08/04/2003,SNS,CA,AWP,WE,Federal Contract Tower,0,0,23,0,23,0,2,91,0,93,0,2,114,0,116,70,0,70,186
08/05/2003,SNS,CA,AWP,WE,Federal Contract Tower,0,3,14,0,17,0,1,101,0,102,0,4,115,0,119,14,0,14,133
08/06/2003,SNS,CA,AWP,WE,Federal Contract Tower,0,0,33,0,33,0,5,134,0,139,0,5,167,0,172,96,0,96,268
08/07/2003,SNS,CA,AWP,WE,Federal Contract Tower,0,0,4,0,4,0,0,154,0,154,0,0,158,0,158,104,0,104,262
08/08/2003,SNS,CA,AWP,WE,Federal Contract Tower,0,2,26,0,28,0,5,120,0,125,0,7,146,0,153,168,0,168,321
08/09/2003,SNS,CA,AWP,WE,Federal Contract Tower,0,0,9,0,9,0,11,123,0,134,0,11,132,0,143,132,0,132,275
08/10/2003,SNS,CA,AWP,WE,Federal Contract Tower,0,0,18,0,18,0,3,167,0,170,0,3,185,0,188,94,0,94,282
08/11/2003,SNS,CA,AWP,WE,Federal Contract Tower,0,0,10,0,10,0,9,115,0,124,0,9,125,0,134,168,0,168,302
08/12/2003,SNS,CA,AWP,WE,Federal Contract Tower,0,1,50,0,51,0,4,97,0,101,0,5,147,0,152,116,0,116,268
08/13/2003,SNS,CA,AWP,WE,Federal Contract Tower,0,0,31,0,31,0,1,114,0,115,0,1,145,0,146,68,0,68,214
08/14/2003,SNS,CA,AWP,WE,Federal Contract Tower,0,0,16,0,16,0,3,72,0,75,0,3,88,0,91,80,0,80,171
08/15/2003,SNS,CA,AWP,WE,Federal Contract Tower,0,0,13,0,13,0,2,79,0,81,0,2,92,0,94,80,0,80,174
08/16/2003,SNS,CA,AWP,WE,Federal Contract Tower,0,0,29,0,29,0,6,90,0,96,0,6,119,0,125,160,0,160,285
08/17/2003,SNS,CA,AWP,WE,Federal Contract Tower,0,1,21,0,22,0,5,126,0,131,0,6,147,0,153,182,0,182,335
08/18/2003,SNS,CA,AWP,WE,Federal Contract Tower,0,0,22,0,22,0,3,84,0,87,0,3,106,0,109,18,0,18,127
08/19/2003,SNS,CA,AWP,WE,Federal Contract Tower,0,0,50,0,50,0,3,90,0,93,0,3,140,0,143,82,0,82,225
08/20/2003,SNS,CA,AWP,WE,Federal Contract Tower,0,0,22,0,22,0,1,100,0,101,0,1,122,0,123,90,0,90,213
08/21/2003,SNS,CA,AWP,WE,Federal Contract Tower,0,0,21,0,21,0,4,67,0,71,0,4,88,0,92,48,0,48,140
08/22/2003,SNS,CA,AWP,WE,Federal Contract Tower,0,0,16,0,16,0,2,76,0,78,0,2,92,0,94,134,0,134,228
08/23/2003,SNS,CA,AWP,WE,Federal Contract Tower,0,0,15,0,15,0,0,148,0,148,0,0,163,0,163,106,0,106,269
08/24/2003,SNS,CA,AWP,WE,Federal Contract Tower,0,0,7,0,7,0,0,116,0,116,0,0,123,0,123,112,0,112,235
08/25/2003,SNS,CA,AWP,WE,Federal Contract Tower,0,0,8,0,8,0,8,102,0,110,0,8,110,0,118,118,0,118,236
08/26/2003,SNS,CA,AWP,WE,Federal Contract Tower,0,3,33,0,36,0,3,57,0,60,0,6,90,0,96,118,0,118,214
08/27/2003,SNS,CA,AWP,WE,Federal Contract Tower,0,2,40,0,42,0,0,93,0,93,0,2,133,0,135,124,0,124,259
08/28/2003,SNS,CA,AWP,WE,Federal Contract Tower,0,0,27,0,27,0,3,95,0,98,0,3,122,0,125,72,0,72,197
08/29/2003,SNS,CA,AWP,WE,Federal Contract Tower,0,1,29,0,30,0,0,76,0,76,0,1,105,0,106,73,0,73,179
08/30/2003,SNS,CA,AWP,WE,Federal Contract Tower,0,1,18,0,19,0,3,97,0,100,0,4,115,0,119,10,0,10,129
08/31/2003,SNS,CA,AWP,WE,Federal Contract Tower,0,0,30,0,30,0,4,58,0,62,0,4,88,0,92,110,0,110,202
09/01/2003,SNS,CA,AWP,WE,Federal Contract Tower,0,0,15,0,15,0,6,136,0,142,0,6,151,0,157,140,0,140,297
09/02/2003,SNS,CA,AWP,WE,Federal Contract Tower,0,4,40,0,44,0,1,110,0,111,0,5,150,0,155,82,0,82,237
09/03/2003,SNS,CA,AWP,WE,Federal Contract Tower,0,1,41,0,42,0,0,100,0,100,0,1,141,0,142,48,0,48,190
09/04/2003,SNS,CA,AWP,WE,Federal Contract Tower,0,0,22,0,22,0,1,93,0,94,0,1,115,0,116,48,0,48,164
09/05/2003,SNS,CA,AWP,WE,Federal Contract Tower,0,0,15,0,15,0,3,124,0,127,0,3,139,0,142,124,0,124,266
09/06/2003,SNS,CA,AWP,WE,Federal Contract Tower,0,0,19,0,19,0,6,106,0,112,0,6,125,0,131,94,0,94,225
09/07/2003,SNS,CA,AWP,WE,Federal Contract Tower,0,0,14,0,14,0,4,134,2,140,0,4,148,2,154,88,0,88,242
09/08/2003,SNS,CA,AWP,WE,Federal Contract Tower,0,0,18,0,18,0,4,105,0,109,0,4,123,0,127,78,0,78,205
09/09/2003,SNS,CA,AWP,WE,Federal Contract Tower,0,1,15,0,16,0,2,168,0,170,0,3,183,0,186,54,0,54,240
09/10/2003,SNS,CA,AWP,WE,Federal Contract Tower,0,1,29,0,30,0,4,126,0,130,0,5,155,0,160,126,0,126,286
09/11/2003,SNS,CA,AWP,WE,Federal Contract Tower,0,0,15,0,15,0,3,114,0,117,0,3,129,0,132,34,0,34,166
09/12/2003,SNS,CA,AWP,WE,Federal Contract Tower,0,2,13,0,15,0,9,88,0,97,0,11,101,0,112,72,0,72,184
09/13/2003,SNS,CA,AWP,WE,Federal Contract Tower,0,0,18,0,18,0,0,86,0,86,0,0,104,0,104,82,0,82,186
09/14/2003,SNS,CA,AWP,WE,Federal Contract Tower,0,0,26,0,26,0,5,77,0,82,0,5,103,0,108,20,0,20,128
09/15/2003,SNS,CA,AWP,WE,Federal Contract Tower,0,0,20,0,20,0,5,83,0,88,0,5,103,0,108,76,0,76,184
09/16/2003,SNS,CA,AWP,WE,Federal Contract Tower,0,1,14,0,15,0,2,113,0,115,0,3,127,0,130,166,0,166,296
09/17/2003,SNS,CA,AWP,WE,Federal Contract Tower,0,0,17,0,17,0,1,138,0,139,0,1,155,0,156,130,0,130,286
09/18/2003,SNS,CA,AWP,WE,Federal Contract Tower,0,0,26,0,26,0,1,101,0,102,0,1,127,0,128,152,0,152,280
09/19/2003,SNS,CA,AWP,WE,Federal Contract Tower,0,0,13,0,13,0,0,125,2,127,0,0,138,2,140,112,0,112,252
09/20/2003,SNS,CA,AWP,WE,Federal Contract Tower,0,0,8,0,8,0,5,117,0,122,0,5,125,0,130,104,0,104,234
09/21/2003,SNS,CA,AWP,WE,Federal Contract Tower,0,0,6,0,6,0,8,135,0,143,0,8,141,0,149,132,0,132,281
09/22/2003,SNS,CA,AWP,WE,Federal Contract Tower,0,0,5,0,5,0,4,121,0,125,0,4,126,0,130,198,0,198,328
09/23/2003,SNS,CA,AWP,WE,Federal Contract Tower,0,3,46,0,49,0,2,78,0,80,0,5,124,0,129,44,0,44,173
09/24/2003,SNS,CA,AWP,WE,Federal Contract Tower,0,0,38,0,38,0,3,75,0,78,0,3,113,0,116,72,0,72,188
09/25/2003,SNS,CA,AWP,WE,Federal Contract Tower,0,1,19,0,20,0,0,81,0,81,0,1,100,0,101,66,0,66,167
09/26/2003,SNS,CA,AWP,WE,Federal Contract Tower,0,2,28,0,30,0,0,67,0,67,0,2,95,0,97,12,0,12,109
09/27/2003,SNS,CA,AWP,WE,Federal Contract Tower,0,0,30,0,30,0,4,77,0,81,0,4,107,0,111,18,0,18,129
09/28/2003,SNS,CA,AWP,WE,Federal Contract Tower,0,0,39,0,39,0,2,57,0,59,0,2,96,0,98,42,0,42,140
09/29/2003,SNS,CA,AWP,WE,Federal Contract Tower,0,0,27,0,27,0,5,105,0,110,0,5,132,0,137,98,0,98,235
09/30/2003,SNS,CA,AWP,WE,Federal Contract Tower,0,0,34,0,34,0,3,95,0,98,0,3,129,0,132,120,0,120,252
10/01/2003,SNS,CA,AWP,WE,Federal Contract Tower,0,2,37,0,39,0,4,119,0,123,0,6,156,0,162,60,0,60,222
10/02/2003,SNS,CA,AWP,WE,Federal Contract Tower,0,3,34,0,37,0,2,80,0,82,0,5,114,0,119,102,0,102,221
10/03/2003,SNS,CA,AWP,WE,Federal Contract Tower,0,2,27,0,29,0,0,92,0,92,0,2,119,0,121,144,0,144,265
10/04/2003,SNS,CA,AWP,WE,Federal Contract Tower,0,1,9,0,10,0,6,108,2,116,0,7,117,2,126,154,0,154,280
10/05/2003,SNS,CA,AWP,WE,Federal Contract Tower,0,3,36,0,39,0,0,116,0,116,0,3,152,0,155,176,0,176,331
10/06/2003,SNS,CA,AWP,WE,Federal Contract Tower,0,1,11,0,12,0,2,84,0,86,0,3,95,0,98,108,0,108,206
10/07/2003,SNS,CA,AWP,WE,Federal Contract Tower,0,3,41,0,44,0,3,63,0,66,0,6,104,0,110,52,0,52,162
10/08/2003,SNS,CA,AWP,WE,Federal Contract Tower,0,4,54,0,58,0,3,121,0,124,0,7,175,0,182,114,0,114,296
10/09/2003,SNS,CA,AWP,WE,Federal Contract Tower,0,1,13,0,14,0,0,161,5,166,0,1,174,5,180,94,5,99,279
10/10/2003,SNS,CA,AWP,WE,Federal Contract Tower,0,1,14,0,15,0,2,141,0,143,0,3,155,0,158,71,0,71,229
10/11/2003,SNS,CA,AWP,WE,Federal Contract Tower,0,0,8,0,8,0,2,137,0,139,0,2,145,0,147,122,0,122,269
10/12/2003,SNS,CA,AWP,WE,Federal Contract Tower,0,0,7,0,7,0,4,92,0,96,0,4,99,0,103,86,0,86,189
10/13/2003,SNS,CA,AWP,WE,Federal Contract Tower,0,0,11,0,11,0,4,119,0,123,0,4,130,0,134,48,0,48,182
10/14/2003,SNS,CA,AWP,WE,Federal Contract Tower,0,0,10,1,11,0,8,150,0,158,0,8,160,1,169,140,30,170,339
10/15/2003,SNS,CA,AWP,WE,Federal Contract Tower,0,2,35,1,38,0,5,100,1,106,0,7,135,2,144,60,8,68,212
10/16/2003,SNS,CA,AWP,WE,Federal Contract Tower,0,0,5,1,6,0,6,106,11,123,0,6,111,12,129,16,0,16,145
10/17/2003,SNS,CA,AWP,WE,Federal Contract Tower,0,0,5,1,6,0,3,44,5,52,0,3,49,6,58,2,0,2,60
10/18/2003,SNS,CA,AWP,WE,Federal Contract Tower,0,0,1,1,2,0,23,369,10,402,0,23,370,11,404,0,0,0,404
10/19/2003,SNS,CA,AWP,WE,Federal Contract Tower,0,0,2,1,3,0,16,380,24,420,0,16,382,25,423,0,0,0,423
10/20/2003,SNS,CA,AWP,WE,Federal Contract Tower,0,0,10,1,11,1,6,101,4,112,1,6,111,5,123,0,0,0,123
10/21/2003,SNS,CA,AWP,WE,Federal Contract Tower,0,0,2,0,2,0,3,72,0,75,0,3,74,0,77,78,0,78,155
10/22/2003,SNS,CA,AWP,WE,Federal Contract Tower,0,1,38,1,40,0,0,101,1,102,0,1,139,2,142,106,0,106,248
10/23/2003,SNS,CA,AWP,WE,Federal Contract Tower,0,1,24,0,25,0,3,86,0,89,0,4,110,0,114,76,0,76,190
10/24/2003,SNS,CA,AWP,WE,Federal Contract Tower,0,0,17,0,17,0,4,134,0,138,0,4,151,0,155,152,0,152,307
10/25/2003,SNS,CA,AWP,WE,Federal Contract Tower,0,0,8,0,8,0,4,127,0,131,0,4,135,0,139,46,0,46,185
10/26/2003,SNS,CA,AWP,WE,Federal Contract Tower,0,0,3,0,3,0,6,129,0,135,0,6,132,0,138,146,0,146,284
10/27/2003,SNS,CA,AWP,WE,Federal Contract Tower,0,0,12,0,12,0,7,129,0,136,0,7,141,0,148,104,0,104,252
10/28/2003,SNS,CA,AWP,WE,Federal Contract Tower,0,1,20,0,21,0,5,110,0,115,0,6,130,0,136,86,0,86,222
10/29/2003,SNS,CA,AWP,WE,Federal Contract Tower,0,3,48,0,51,0,0,83,0,83,0,3,131,0,134,26,0,26,160
10/30/2003,SNS,CA,AWP,WE,Federal Contract Tower,0,0,17,0,17,0,4,107,0,111,0,4,124,0,128,92,0,92,220
10/31/2003,SNS,CA,AWP,WE,Federal Contract Tower,0,0,15,0,15,0,2,38,0,40,0,2,53,0,55,58,0,58,113
11/01/2003,SNS,CA,AWP,WE,Federal Contract Tower,0,1,13,0,14,0,6,155,0,161,0,7,168,0,175,64,0,64,239
11/02/2003,SNS,CA,AWP,WE,Federal Contract Tower,0,1,13,0,14,0,1,127,0,128,0,2,140,0,142,160,0,160,302
11/03/2003,SNS,CA,AWP,WE,Federal Contract Tower,0,1,7,0,8,0,2,77,0,79,0,3,84,0,87,74,0,74,161
11/04/2003,SNS,CA,AWP,WE,Federal Contract Tower,0,1,16,0,17,0,7,117,0,124,0,8,133,0,141,84,0,84,225
11/05/2003,SNS,CA,AWP,WE,Federal Contract Tower,0,2,21,0,23,0,5,113,0,118,0,7,134,0,141,166,0,166,307
11/06/2003,SNS,CA,AWP,WE,Federal Contract Tower,0,2,30,1,33,0,6,75,7,88,0,8,105,8,121,90,0,90,211
11/07/2003,SNS,CA,AWP,WE,Federal Contract Tower,0,1,11,0,12,0,3,50,2,55,0,4,61,2,67,74,2,76,143
11/08/2003,SNS,CA,AWP,WE,Federal Contract Tower,0,1,9,0,10,0,6,58,0,64,0,7,67,0,74,112,0,112,186
11/09/2003,SNS,CA,AWP,WE,Federal Contract Tower,0,0,9,0,9,0,0,79,0,79,0,0,88,0,88,108,0,108,196
11/10/2003,SNS,CA,AWP,WE,Federal Contract Tower,0,1,5,0,6,0,3,84,0,87,0,4,89,0,93,106,0,106,199
11/11/2003,SNS,CA,AWP,WE,Federal Contract Tower,0,0,16,0,16,0,0,156,0,156,0,0,172,0,172,92,0,92,264
11/12/2003,SNS,CA,AWP,WE,Federal Contract Tower,0,1,10,0,11,0,3,106,0,109,0,4,116,0,120,88,0,88,208
11/13/2003,SNS,CA,AWP,WE,Federal Contract Tower,0,1,18,0,19,0,0,81,0,81,0,1,99,0,100,118,0,118,218
11/14/2003,SNS,CA,AWP,WE,Federal Contract Tower,0,3,25,0,28,0,0,52,0,52,0,3,77,0,80,94,0,94,174
11/15/2003,SNS,CA,AWP,WE,Federal Contract Tower,0,1,19,0,20,0,5,27,0,32,0,6,46,0,52,56,0,56,108
11/16/2003,SNS,CA,AWP,WE,Federal Contract Tower,0,0,8,0,8,0,8,166,0,174,0,8,174,0,182,156,0,156,338
11/17/2003,SNS,CA,AWP,WE,Federal Contract Tower,0,1,20,0,21,0,0,78,0,78,0,1,98,0,99,98,0,98,197
11/18/2003,SNS,CA,AWP,WE,Federal Contract Tower,0,1,18,0,19,0,0,107,0,107,0,1,125,0,126,144,0,144,270
11/19/2003,SNS,CA,AWP,WE,Federal Contract Tower,0,1,22,0,23,0,5,105,0,110,0,6,127,0,133,120,0,120,253
11/20/2003,SNS,CA,AWP,WE,Federal Contract Tower,0,1,22,0,23,0,1,80,0,81,0,2,102,0,104,50,0,50,154
11/21/2003,SNS,CA,AWP,WE,Federal Contract Tower,0,1,22,0,23,0,4,99,0,103,0,5,121,0,126,114,0,114,240
11/22/2003,SNS,CA,AWP,WE,Federal Contract Tower,0,0,13,0,13,0,2,103,0,105,0,2,116,0,118,104,0,104,222
11/23/2003,SNS,CA,AWP,WE,Federal Contract Tower,0,0,16,0,16,0,9,81,0,90,0,9,97,0,106,134,0,134,240
11/24/2003,SNS,CA,AWP,WE,Federal Contract Tower,0,0,13,0,13,0,2,76,0,78,0,2,89,0,91,134,0,134,225
11/25/2003,SNS,CA,AWP,WE,Federal Contract Tower,0,0,17,0,17,0,0,116,0,116,0,0,133,0,133,148,0,148,281
11/26/2003,SNS,CA,AWP,WE,Federal Contract Tower,0,0,13,0,13,0,1,126,0,127,0,1,139,0,140,68,0,68,208
11/27/2003,SNS,CA,AWP,WE,Federal Contract Tower,0,0,1,0,1,0,0,44,0,44,0,0,45,0,45,6,0,6,51
11/28/2003,SNS,CA,AWP,WE,Federal Contract Tower,0,0,18,0,18,0,7,82,0,89,0,7,100,0,107,52,0,52,159
11/29/2003,SNS,CA,AWP,WE,Federal Contract Tower,0,0,13,0,13,0,4,47,0,51,0,4,60,0,64,14,0,14,78
11/30/2003,SNS,CA,AWP,WE,Federal Contract Tower,0,0,14,0,14,0,18,45,0,63,0,18,59,0,77,60,0,60,137
12/01/2003,SNS,CA,AWP,WE,Federal Contract Tower,0,1,10,0,11,0,1,65,0,66,0,2,75,0,77,40,0,40,117
12/02/2003,SNS,CA,AWP,WE,Federal Contract Tower,0,2,23,0,25,0,0,82,0,82,0,2,105,0,107,66,0,66,173
12/03/2003,SNS,CA,AWP,WE,Federal Contract Tower,0,2,22,0,24,0,0,106,0,106,0,2,128,0,130,118,0,118,248
12/04/2003,SNS,CA,AWP,WE,Federal Contract Tower,0,1,16,0,17,0,0,76,0,76,0,1,92,0,93,74,0,74,167
12/05/2003,SNS,CA,AWP,WE,Federal Contract Tower,0,2,22,0,24,0,3,51,0,54,0,5,73,0,78,40,0,40,118
12/06/2003,SNS,CA,AWP,WE,Federal Contract Tower,0,2,26,0,28,0,1,12,0,13,0,3,38,0,41,38,0,38,79
12/07/2003,SNS,CA,AWP,WE,Federal Contract Tower,0,2,18,0,20,0,7,88,0,95,0,9,106,0,115,58,0,58,173
12/08/2003,SNS,CA,AWP,WE,Federal Contract Tower,0,1,11,0,12,0,1,103,0,104,0,2,114,0,116,118,0,118,234
12/09/2003,SNS,CA,AWP,WE,Federal Contract Tower,0,1,17,0,18,0,1,56,7,64,0,2,73,7,82,48,0,48,130
12/10/2003,SNS,CA,AWP,WE,Federal Contract Tower,0,1,15,0,16,0,0,54,0,54,0,1,69,0,70,44,0,44,114
12/11/2003,SNS,CA,AWP,WE,Federal Contract Tower,0,1,15,0,16,0,1,67,2,70,0,2,82,2,86,92,0,92,178
12/12/2003,SNS,CA,AWP,WE,Federal Contract Tower,0,2,29,0,31,0,11,75,0,86,0,13,104,0,117,56,0,56,173
12/13/2003,SNS,CA,AWP,WE,Federal Contract Tower,0,2,20,0,22,0,1,50,0,51,0,3,70,0,73,112,0,112,185
12/14/2003,SNS,CA,AWP,WE,Federal Contract Tower,0,1,9,0,10,0,7,95,0,102,0,8,104,0,112,154,0,154,266
12/15/2003,SNS,CA,AWP,WE,Federal Contract Tower,0,1,14,0,15,0,7,118,0,125,0,8,132,0,140,56,0,56,196
12/16/2003,SNS,CA,AWP,WE,Federal Contract Tower,0,1,14,0,15,0,1,83,2,86,0,2,97,2,101,118,0,118,219
12/17/2003,SNS,CA,AWP,WE,Federal Contract Tower,0,1,24,0,25,0,3,158,0,161,0,4,182,0,186,72,0,72,258
12/18/2003,SNS,CA,AWP,WE,Federal Contract Tower,0,0,10,0,10,0,1,103,0,104,0,1,113,0,114,52,0,52,166
12/19/2003,SNS,CA,AWP,WE,Federal Contract Tower,0,0,12,0,12,0,1,70,0,71,0,1,82,0,83,84,0,84,167
12/20/2003,SNS,CA,AWP,WE,Federal Contract Tower,0,0,9,0,9,0,4,29,0,33,0,4,38,0,42,50,0,50,92
12/21/2003,SNS,CA,AWP,WE,Federal Contract Tower,0,0,5,0,5,0,2,109,0,111,0,2,114,0,116,144,0,144,260
12/22/2003,SNS,CA,AWP,WE,Federal Contract Tower,0,1,20,0,21,0,1,92,0,93,0,2,112,0,114,32,0,32,146
12/23/2003,SNS,CA,AWP,WE,Federal Contract Tower,0,1,32,0,33,0,9,52,0,61,0,10,84,0,94,106,0,106,200
12/24/2003,SNS,CA,AWP,WE,Federal Contract Tower,0,1,22,0,23,0,6,22,0,28,0,7,44,0,51,2,0,2,53
12/25/2003,SNS,CA,AWP,WE,Federal Contract Tower,0,0,0,0,0,0,0,4,0,4,0,0,4,0,4,2,0,2,6
12/26/2003,SNS,CA,AWP,WE,Federal Contract Tower,0,0,10,0,10,0,6,64,0,70,0,6,74,0,80,78,0,78,158
12/27/2003,SNS,CA,AWP,WE,Federal Contract Tower,0,0,16,0,16,0,0,128,0,128,0,0,144,0,144,104,0,104,248
12/28/2003,SNS,CA,AWP,WE,Federal Contract Tower,0,1,29,0,30,0,1,109,0,110,0,2,138,0,140,64,0,64,204
12/29/2003,SNS,CA,AWP,WE,Federal Contract Tower,0,0,17,0,17,0,3,19,0,22,0,3,36,0,39,20,0,20,59
12/30/2003,SNS,CA,AWP,WE,Federal Contract Tower,0,0,10,0,10,0,7,57,0,64,0,7,67,0,74,48,0,48,122
12/31/2003,SNS,CA,AWP,WE,Federal Contract Tower,0,1,19,0,20,0,1,104,0,105,0,2,123,0,125,46,0,46,171
01/01/2004,SNS,CA,AWP,WE,Federal Contract Tower,0,0,0,0,0,0,2,0,0,2,0,2,0,0,2,0,0,0,2
01/02/2004,SNS,CA,AWP,WE,Federal Contract Tower,0,1,21,0,22,0,2,40,0,42,0,3,61,0,64,56,0,56,120
01/03/2004,SNS,CA,AWP,WE,Federal Contract Tower,0,1,16,0,17,0,3,82,0,85,0,4,98,0,102,86,0,86,188
01/04/2004,SNS,CA,AWP,WE,Federal Contract Tower,0,1,23,0,24,0,3,149,0,152,0,4,172,0,176,148,0,148,324
01/05/2004,SNS,CA,AWP,WE,Federal Contract Tower,0,1,13,0,14,0,4,90,2,96,0,5,103,2,110,88,0,88,198
01/06/2004,SNS,CA,AWP,WE,Federal Contract Tower,0,1,16,0,17,0,9,85,0,94,0,10,101,0,111,72,0,72,183
01/07/2004,SNS,CA,AWP,WE,Federal Contract Tower,0,1,18,0,19,0,2,72,0,74,0,3,90,0,93,150,0,150,243
01/08/2004,SNS,CA,AWP,WE,Federal Contract Tower,0,2,28,0,30,0,0,70,0,70,0,2,98,0,100,76,0,76,176
01/09/2004,SNS,CA,AWP,WE,Federal Contract Tower,0,1,25,0,26,0,0,99,0,99,0,1,124,0,125,88,0,88,213
01/10/2004,SNS,CA,AWP,WE,Federal Contract Tower,0,1,17,0,18,0,1,112,0,113,0,2,129,0,131,84,0,84,215
01/11/2004,SNS,CA,AWP,WE,Federal Contract Tower,0,1,21,0,22,0,5,123,0,128,0,6,144,0,150,122,0,122,272
01/12/2004,SNS,CA,AWP,WE,Federal Contract Tower,0,1,14,0,15,0,0,80,2,82,0,1,94,2,97,100,0,100,197
01/13/2004,SNS,CA,AWP,WE,Federal Contract Tower,0,1,20,0,21,0,6,47,0,53,0,7,67,0,74,120,0,120,194
01/14/2004,SNS,CA,AWP,WE,Federal Contract Tower,0,2,24,0,26,0,9,68,0,77,0,11,92,0,103,88,0,88,191
01/15/2004,SNS,CA,AWP,WE,Federal Contract Tower,0,2,27,0,29,0,3,74,0,77,0,5,101,0,106,150,0,150,256
01/16/2004,SNS,CA,AWP,WE,Federal Contract Tower,0,3,36,0,39,0,0,66,0,66,0,3,102,0,105,88,0,88,193
01/17/2004,SNS,CA,AWP,WE,Federal Contract Tower,0,1,24,0,25,0,0,73,0,73,0,1,97,0,98,110,0,110,208
01/18/2004,SNS,CA,AWP,WE,Federal Contract Tower,0,0,19,0,19,0,6,91,0,97,0,6,110,0,116,100,0,100,216
01/19/2004,SNS,CA,AWP,WE,Federal Contract Tower,0,2,35,1,38,0,2,39,1,42,0,4,74,2,80,22,28,50,130
01/20/2004,SNS,CA,AWP,WE,Federal Contract Tower,0,1,33,1,35,0,2,74,1,77,0,3,107,2,112,112,0,112,224
01/21/2004,SNS,CA,AWP,WE,Federal Contract Tower,0,0,23,0,23,0,5,140,0,145,0,5,163,0,168,136,0,136,304
01/22/2004,SNS,CA,AWP,WE,Federal Contract Tower,0,0,14,1,15,0,12,116,0,128,0,12,130,1,143,88,6,94,237
01/23/2004,SNS,CA,AWP,WE,Federal Contract Tower,0,1,28,1,30,0,4,117,2,123,0,5,145,3,153,116,0,116,269
01/24/2004,SNS,CA,AWP,WE,Federal Contract Tower,0,0,15,0,15,0,2,73,0,75,0,2,88,0,90,134,0,134,224
01/25/2004,SNS,CA,AWP,WE,Federal Contract Tower,0,0,18,0,18,0,1,134,0,135,0,1,152,0,153,174,0,174,327
01/26/2004,SNS,CA,AWP,WE,Federal Contract Tower,0,0,11,0,11,0,2,98,0,100,0,2,109,0,111,80,0,80,191
01/27/2004,SNS,CA,AWP,WE,Federal Contract Tower,0,1,31,0,32,0,6,42,0,48,0,7,73,0,80,80,0,80,160
01/28/2004,SNS,CA,AWP,WE,Federal Contract Tower,0,1,31,0,32,0,8,97,6,111,0,9,128,6,143,148,0,148,291
01/29/2004,SNS,CA,AWP,WE,Federal Contract Tower,0,1,25,0,26,0,5,61,0,66,0,6,86,0,92,70,0,70,162
01/30/2004,SNS,CA,AWP,WE,Federal Contract Tower,0,0,22,0,22,0,3,42,0,45,0,3,64,0,67,40,0,40,107
01/31/2004,SNS,CA,AWP,WE,Federal Contract Tower,0,0,18,0,18,0,3,111,0,114,0,3,129,0,132,100,0,100,232
02/01/2004,SNS,CA,AWP,WE,Federal Contract Tower,0,0,6,0,6,0,0,57,0,57,0,0,63,0,63,36,0,36,99
02/02/2004,SNS,CA,AWP,WE,Federal Contract Tower,0,1,13,0,14,0,5,44,0,49,0,6,57,0,63,8,0,8,71
02/03/2004,SNS,CA,AWP,WE,Federal Contract Tower,0,1,17,0,18,0,4,32,0,36,0,5,49,0,54,34,0,34,88
02/04/2004,SNS,CA,AWP,WE,Federal Contract Tower,0,2,27,0,29,0,2,116,2,120,0,4,143,2,149,106,4,110,259
02/05/2004,SNS,CA,AWP,WE,Federal Contract Tower,0,2,23,0,25,0,1,92,3,96,0,3,115,3,121,54,0,54,175
02/06/2004,SNS,CA,AWP,WE,Federal Contract Tower,0,2,18,0,20,0,1,121,0,122,0,3,139,0,142,146,0,146,288
02/07/2004,SNS,CA,AWP,WE,Federal Contract Tower,0,2,18,0,20,0,0,98,0,98,0,2,116,0,118,80,0,80,198
02/08/2004,SNS,CA,AWP,WE,Federal Contract Tower,0,1,9,0,10,0,3,146,0,149,0,4,155,0,159,156,0,156,315
02/09/2004,SNS,CA,AWP,WE,Federal Contract Tower,0,1,8,0,9,0,1,77,0,78,0,2,85,0,87,56,0,56,143
02/10/2004,SNS,CA,AWP,WE,Federal Contract Tower,0,1,17,0,18,0,0,103,4,107,0,1,120,4,125,86,0,86,211
02/11/2004,SNS,CA,AWP,WE,Federal Contract Tower,0,2,26,0,28,0,3,150,0,153,0,5,176,0,181,76,0,76,257
02/12/2004,SNS,CA,AWP,WE,Federal Contract Tower,0,1,8,0,9,0,4,93,0,97,0,5,101,0,106,44,0,44,150
02/13/2004,SNS,CA,AWP,WE,Federal Contract Tower,0,1,18,0,19,0,3,87,0,90,0,4,105,0,109,98,0,98,207
02/14/2004,SNS,CA,AWP,WE,Federal Contract Tower,0,0,10,0,10,0,2,74,0,76,0,2,84,0,86,66,0,66,152
02/15/2004,SNS,CA,AWP,WE,Federal Contract Tower,0,0,8,0,8,0,4,107,0,111,0,4,115,0,119,80,0,80,199
02/16/2004,SNS,CA,AWP,WE,Federal Contract Tower,0,0,13,0,13,0,3,59,0,62,0,3,72,0,75,18,0,18,93
02/17/2004,SNS,CA,AWP,WE,Federal Contract Tower,0,0,7,0,7,0,3,64,0,67,0,3,71,0,74,34,0,34,108
02/18/2004,SNS,CA,AWP,WE,Federal Contract Tower,0,1,21,0,22,0,0,46,0,46,0,1,67,0,68,100,0,100,168
02/19/2004,SNS,CA,AWP,WE,Federal Contract Tower,0,0,16,0,16,0,3,80,0,83,0,3,96,0,99,132,0,132,231
02/20/2004,SNS,CA,AWP,WE,Federal Contract Tower,0,0,1,0,1,0,3,92,0,95,0,3,93,0,96,102,0,102,198
02/21/2004,SNS,CA,AWP,WE,Federal Contract Tower,0,0,7,0,7,0,5,91,0,96,0,5,98,0,103,158,0,158,261
02/22/2004,SNS,CA,AWP,WE,Federal Contract Tower,0,0,7,0,7,0,0,46,0,46,0,0,53,0,53,96,0,96,149
02/23/2004,SNS,CA,AWP,WE,Federal Contract Tower,0,1,20,0,21,0,3,63,4,70,0,4,83,4,91,178,0,178,269
02/24/2004,SNS,CA,AWP,WE,Federal Contract Tower,0,2,30,0,32,0,4,72,0,76,0,6,102,0,108,162,0,162,270
02/25/2004,SNS,CA,AWP,WE,Federal Contract Tower,0,0,6,0,6,0,4,7,0,11,0,4,13,0,17,74,0,74,91
02/26/2004,SNS,CA,AWP,WE,Federal Contract Tower,0,0,18,0,18,0,3,48,0,51,0,3,66,0,69,22,0,22,91
02/27/2004,SNS,CA,AWP,WE,Federal Contract Tower,0,1,28,0,29,0,3,110,0,113,0,4,138,0,142,116,0,116,258
02/28/2004,SNS,CA,AWP,WE,Federal Contract Tower,0,0,19,0,19,0,1,159,0,160,0,1,178,0,179,244,0,244,423
02/29/2004,SNS,CA,AWP,WE,Federal Contract Tower,0,0,21,0,21,0,0,145,0,145,0,0,166,0,166,124,0,124,290
03/01/2004,SNS,CA,AWP,WE,Federal Contract Tower,0,2,22,0,24,0,3,40,4,47,0,5,62,4,71,72,0,72,143
03/02/2004,SNS,CA,AWP,WE,Federal Contract Tower,0,1,9,0,10,0,0,117,0,117,0,1,126,0,127,158,0,158,285
03/03/2004,SNS,CA,AWP,WE,Federal Contract Tower,0,2,34,0,36,0,3,99,2,104,0,5,133,2,140,174,0,174,314
03/04/2004,SNS,CA,AWP,WE,Federal Contract Tower,0,1,15,0,16,0,0,72,0,72,0,1,87,0,88,90,0,90,178
03/05/2004,SNS,CA,AWP,WE,Federal Contract Tower,0,1,16,0,17,0,0,100,0,100,0,1,116,0,117,74,0,74,191
03/06/2004,SNS,CA,AWP,WE,Federal Contract Tower,0,2,23,0,25,0,1,94,0,95,0,3,117,0,120,143,0,143,263
03/07/2004,SNS,CA,AWP,WE,Federal Contract Tower,0,1,14,0,15,0,7,187,0,194,0,8,201,0,209,150,0,150,359
03/08/2004,SNS,CA,AWP,WE,Federal Contract Tower,0,1,7,0,8,0,5,68,0,73,0,6,75,0,81,40,0,40,121
03/09/2004,SNS,CA,AWP,WE,Federal Contract Tower,0,1,15,0,16,0,0,89,2,91,0,1,104,2,107,107,0,107,214
03/10/2004,SNS,CA,AWP,WE,Federal Contract Tower,0,1,15,0,16,0,1,111,0,112,0,2,126,0,128,90,0,90,218
03/11/2004,SNS,CA,AWP,WE,Federal Contract Tower,0,1,15,0,16,0,1,123,0,124,0,2,138,0,140,110,0,110,250
03/12/2004,SNS,CA,AWP,WE,Federal Contract Tower,0,3,37,0,40,0,7,102,0,109,0,10,139,0,149,148,0,148,297
03/13/2004,SNS,CA,AWP,WE,Federal Contract Tower,0,2,27,0,29,0,3,91,0,94,0,5,118,0,123,94,0,94,217
03/14/2004,SNS,CA,AWP,WE,Federal Contract Tower,0,1,18,0,19,0,2,136,0,138,0,3,154,0,157,46,0,46,203
03/15/2004,SNS,CA,AWP,WE,Federal Contract Tower,0,1,16,0,17,0,2,106,0,108,0,3,122,0,125,84,0,84,209
03/16/2004,SNS,CA,AWP,WE,Federal Contract Tower,0,1,22,0,23,0,2,80,0,82,0,3,102,0,105,70,0,70,175
03/17/2004,SNS,CA,AWP,WE,Federal Contract Tower,0,0,10,0,10,0,1,104,0,105,0,1,114,0,115,118,0,118,233
03/18/2004,SNS,CA,AWP,WE,Federal Contract Tower,0,0,21,1,22,0,1,109,3,113,0,1,130,4,135,70,0,70,205
03/19/2004,SNS,CA,AWP,WE,Federal Contract Tower,0,1,31,1,33,0,9,106,5,120,0,10,137,6,153,92,0,92,245
03/20/2004,SNS,CA,AWP,WE,Federal Contract Tower,0,0,19,0,19,0,4,148,0,152,0,4,167,0,171,166,0,166,337
03/21/2004,SNS,CA,AWP,WE,Federal Contract Tower,0,2,37,0,39,0,1,54,0,55,0,3,91,0,94,34,0,34,128
03/22/2004,SNS,CA,AWP,WE,Federal Contract Tower,0,0,19,0,19,0,10,38,0,48,0,10,57,0,67,28,0,28,95
03/23/2004,SNS,CA,AWP,WE,Federal Contract Tower,0,1,29,0,30,0,9,92,0,101,0,10,121,0,131,124,0,124,255
03/24/2004,SNS,CA,AWP,WE,Federal Contract Tower,0,1,26,0,27,0,2,109,0,111,0,3,135,0,138,100,0,100,238
03/25/2004,SNS,CA,AWP,WE,Federal Contract Tower,0,1,29,0,30,0,2,80,0,82,0,3,109,0,112,40,0,40,152
03/26/2004,SNS,CA,AWP,WE,Federal Contract Tower,0,0,20,0,20,0,6,103,0,109,0,6,123,0,129,56,0,56,185
03/27/2004,SNS,CA,AWP,WE,Federal Contract Tower,0,0,13,0,13,0,5,147,0,152,0,5,160,0,165,142,0,142,307
03/28/2004,SNS,CA,AWP,WE,Federal Contract Tower,0,0,20,0,20,0,5,149,0,154,0,5,169,0,174,224,0,224,398
03/29/2004,SNS,CA,AWP,WE,Federal Contract Tower,0,0,11,0,11,0,4,56,0,60,0,4,67,0,71,104,0,104,175
03/30/2004,SNS,CA,AWP,WE,Federal Contract Tower,0,1,26,0,27,0,1,52,0,53,0,2,78,0,80,106,0,106,186
03/31/2004,SNS,CA,AWP,WE,Federal Contract Tower,0,0,20,0,20,0,5,131,0,136,0,5,151,0,156,116,0,116,272
04/01/2004,SNS,CA,AWP,WE,Federal Contract Tower,0,1,10,0,11,0,3,90,0,93,0,4,100,0,104,96,0,96,200
04/02/2004,SNS,CA,AWP,WE,Federal Contract Tower,0,1,20,0,21,0,3,139,0,142,0,4,159,0,163,180,0,180,343
04/03/2004,SNS,CA,AWP,WE,Federal Contract Tower,0,1,24,0,25,0,5,100,0,105,0,6,124,0,130,122,0,122,252
04/04/2004,SNS,CA,AWP,WE,Federal Contract Tower,0,1,23,0,24,0,2,56,0,58,0,3,79,0,82,68,0,68,150
04/05/2004,SNS,CA,AWP,WE,Federal Contract Tower,0,1,23,0,24,0,0,53,0,53,0,1,76,0,77,116,0,116,193
04/06/2004,SNS,CA,AWP,WE,Federal Contract Tower,0,1,12,0,13,0,0,78,0,78,0,1,90,0,91,54,0,54,145
04/07/2004,SNS,CA,AWP,WE,Federal Contract Tower,0,1,21,0,22,0,0,142,0,142,0,1,163,0,164,164,0,164,328
04/08/2004,SNS,CA,AWP,WE,Federal Contract Tower,0,1,23,0,24,0,0,57,0,57,0,1,80,0,81,10,0,10,91
04/09/2004,SNS,CA,AWP,WE,Federal Contract Tower,0,1,31,0,32,0,2,94,0,96,0,3,125,0,128,138,0,138,266
04/10/2004,SNS,CA,AWP,WE,Federal Contract Tower,0,1,29,0,30,0,5,94,0,99,0,6,123,0,129,132,0,132,261
04/11/2004,SNS,CA,AWP,WE,Federal Contract Tower,0,1,30,0,31,0,3,48,0,51,0,4,78,0,82,24,0,24,106
04/12/2004,SNS,CA,AWP,WE,Federal Contract Tower,0,2,37,0,39,0,4,66,0,70,0,6,103,0,109,118,0,118,227
04/13/2004,SNS,CA,AWP,WE,Federal Contract Tower,0,1,12,0,13,0,2,151,0,153,0,3,163,0,166,124,0,124,290
04/14/2004,SNS,CA,AWP,WE,Federal Contract Tower,0,1,11,0,12,0,1,119,0,120,0,2,130,0,132,78,0,78,210
04/15/2004,SNS,CA,AWP,WE,Federal Contract Tower,0,1,22,0,23,0,2,82,0,84,0,3,104,0,107,214,0,214,321
04/16/2004,SNS,CA,AWP,WE,Federal Contract Tower,0,1,15,0,16,0,4,103,0,107,0,5,118,0,123,149,0,149,272
04/17/2004,SNS,CA,AWP,WE,Federal Contract Tower,0,0,12,0,12,0,4,108,0,112,0,4,120,0,124,168,0,168,292
04/18/2004,SNS,CA,AWP,WE,Federal Contract Tower,0,0,7,0,7,0,3,96,0,99,0,3,103,0,106,94,0,94,200
04/19/2004,SNS,CA,AWP,WE,Federal Contract Tower,0,0,10,0,10,0,2,54,4,60,0,2,64,4,70,84,0,84,154
04/20/2004,SNS,CA,AWP,WE,Federal Contract Tower,0,1,34,0,35,0,0,57,0,57,0,1,91,0,92,122,0,122,214
04/21/2004,SNS,CA,AWP,WE,Federal Contract Tower,0,0,29,0,29,0,4,127,0,131,0,4,156,0,160,178,0,178,338
04/22/2004,SNS,CA,AWP,WE,Federal Contract Tower,0,0,21,0,21,0,7,95,0,102,0,7,116,0,123,123,0,123,246
04/23/2004,SNS,CA,AWP,WE,Federal Contract Tower,0,0,13,0,13,0,4,145,0,149,0,4,158,0,162,182,0,182,344
04/24/2004,SNS,CA,AWP,WE,Federal Contract Tower,0,0,21,0,21,0,1,124,0,125,0,1,145,0,146,88,0,88,234
04/25/2004,SNS,CA,AWP,WE,Federal Contract Tower,0,0,6,0,6,0,5,116,0,121,0,5,122,0,127,68,0,68,195
04/26/2004,SNS,CA,AWP,WE,Federal Contract Tower,0,0,7,0,7,0,2,69,0,71,0,2,76,0,78,92,0,92,170
04/27/2004,SNS,CA,AWP,WE,Federal Contract Tower,0,0,6,0,6,0,1,87,0,88,0,1,93,0,94,110,0,110,204
04/28/2004,SNS,CA,AWP,WE,Federal Contract Tower,0,0,31,0,31,0,3,87,0,90,0,3,118,0,121,64,0,64,185
04/29/2004,SNS,CA,AWP,WE,Federal Contract Tower,0,0,24,0,24,0,1,84,0,85,0,1,108,0,109,70,0,70,179
04/30/2004,SNS,CA,AWP,WE,Federal Contract Tower,0,0,12,0,12,0,0,120,0,120,0,0,132,0,132,144,0,144,276
05/01/2004,SNS,CA,AWP,WE,Federal Contract Tower,0,0,9,0,9,0,0,116,0,116,0,0,125,0,125,126,0,126,251
05/02/2004,SNS,CA,AWP,WE,Federal Contract Tower,0,1,5,0,6,0,4,111,0,115,0,5,116,0,121,164,0,164,285
05/03/2004,SNS,CA,AWP,WE,Federal Contract Tower,0,1,17,0,18,0,3,43,0,46,0,4,60,0,64,70,0,70,134
05/04/2004,SNS,CA,AWP,WE,Federal Contract Tower,0,1,10,0,11,0,1,101,0,102,0,2,111,0,113,80,0,80,193
05/05/2004,SNS,CA,AWP,WE,Federal Contract Tower,0,1,20,0,21,0,6,110,0,116,0,7,130,0,137,100,0,100,237
05/06/2004,SNS,CA,AWP,WE,Federal Contract Tower,0,1,17,0,18,0,2,81,0,83,0,3,98,0,101,94,0,94,195
05/07/2004,SNS,CA,AWP,WE,Federal Contract Tower,0,1,17,0,18,0,1,108,0,109,0,2,125,0,127,70,0,70,197
05/08/2004,SNS,CA,AWP,WE,Federal Contract Tower,0,0,15,0,15,0,0,83,0,83,0,0,98,0,98,64,0,64,162
05/09/2004,SNS,CA,AWP,WE,Federal Contract Tower,0,1,10,0,11,0,2,73,0,75,0,3,83,0,86,20,0,20,106
05/10/2004,SNS,CA,AWP,WE,Federal Contract Tower,0,1,16,0,17,0,4,53,4,61,0,5,69,4,78,58,0,58,136
05/11/2004,SNS,CA,AWP,WE,Federal Contract Tower,0,1,17,0,18,0,3,64,0,67,0,4,81,0,85,36,0,36,121
05/12/2004,SNS,CA,AWP,WE,Federal Contract Tower,0,1,9,0,10,0,0,83,0,83,0,1,92,0,93,70,0,70,163
05/13/2004,SNS,CA,AWP,WE,Federal Contract Tower,0,1,15,0,16,0,0,97,0,97,0,1,112,0,113,70,0,70,183
05/14/2004,SNS,CA,AWP,WE,Federal Contract Tower,0,1,19,0,20,0,1,96,0,97,0,2,115,0,117,100,0,100,217
05/15/2004,SNS,CA,AWP,WE,Federal Contract Tower,0,2,30,0,32,0,1,106,0,107,0,3,136,0,139,185,0,185,324
05/16/2004,SNS,CA,AWP,WE,Federal Contract Tower,0,1,7,0,8,0,3,109,0,112,0,4,116,0,120,110,0,110,230
05/17/2004,SNS,CA,AWP,WE,Federal Contract Tower,0,1,19,0,20,0,4,76,0,80,0,5,95,0,100,60,0,60,160
05/18/2004,SNS,CA,AWP,WE,Federal Contract Tower,0,0,27,0,27,0,4,86,0,90,0,4,113,0,117,66,0,66,183
05/19/2004,SNS,CA,AWP,WE,Federal Contract Tower,0,0,15,0,15,0,2,83,0,85,0,2,98,0,100,96,0,96,196
05/20/2004,SNS,CA,AWP,WE,Federal Contract Tower,0,0,27,0,27,0,1,68,0,69,0,1,95,0,96,70,0,70,166
05/21/2004,SNS,CA,AWP,WE,Federal Contract Tower,0,0,21,0,21,0,3,78,0,81,0,3,99,0,102,126,0,126,228
05/22/2004,SNS,CA,AWP,WE,Federal Contract Tower,0,0,21,0,21,0,4,136,0,140,0,4,157,0,161,158,0,158,319
05/23/2004,SNS,CA,AWP,WE,Federal Contract Tower,0,0,20,0,20,0,4,127,0,131,0,4,147,0,151,82,0,82,233
05/24/2004,SNS,CA,AWP,WE,Federal Contract Tower,0,0,18,0,18,0,1,66,2,69,0,1,84,2,87,76,0,76,163
05/25/2004,SNS,CA,AWP,WE,Federal Contract Tower,0,0,24,0,24,0,1,79,0,80,0,1,103,0,104,138,0,138,242
05/26/2004,SNS,CA,AWP,WE,Federal Contract Tower,0,1,30,0,31,0,0,106,0,106,0,1,136,0,137,158,0,158,295
05/27/2004,SNS,CA,AWP,WE,Federal Contract Tower,0,0,29,0,29,0,3,100,0,103,0,3,129,0,132,138,0,138,270
05/28/2004,SNS,CA,AWP,WE,Federal Contract Tower,0,0,24,0,24,0,0,71,0,71,0,0,95,0,95,74,0,74,169
05/29/2004,SNS,CA,AWP,WE,Federal Contract Tower,0,0,15,0,15,0,5,110,0,115,0,5,125,0,130,130,0,130,260
05/30/2004,SNS,CA,AWP,WE,Federal Contract Tower,0,0,7,0,7,0,3,84,0,87,0,3,91,0,94,56,0,56,150
05/31/2004,SNS,CA,AWP,WE,Federal Contract Tower,0,0,23,0,23,0,6,153,4,163,0,6,176,4,186,206,0,206,392
06/01/2004,SNS,CA,AWP,WE,Federal Contract Tower,0,1,28,0,29,0,7,58,0,65,0,8,86,0,94,106,0,106,200
06/02/2004,SNS,CA,AWP,WE,Federal Contract Tower,0,1,20,0,21,0,7,116,0,123,0,8,136,0,144,182,0,182,326
06/03/2004,SNS,CA,AWP,WE,Federal Contract Tower,0,2,41,0,43,0,0,64,0,64,0,2,105,0,107,122,0,122,229
06/04/2004,SNS,CA,AWP,WE,Federal Contract Tower,0,1,21,0,22,0,12,127,0,139,0,13,148,0,161,176,0,176,337
06/05/2004,SNS,CA,AWP,WE,Federal Contract Tower,0,1,18,0,19,0,6,111,0,117,0,7,129,0,136,116,0,116,252
06/06/2004,SNS,CA,AWP,WE,Federal Contract Tower,0,1,4,0,5,0,3,87,2,92,0,4,91,2,97,100,0,100,197
06/07/2004,SNS,CA,AWP,WE,Federal Contract Tower,0,1,10,0,11,0,6,64,0,70,0,7,74,0,81,68,0,68,149
06/08/2004,SNS,CA,AWP,WE,Federal Contract Tower,0,1,14,0,15,0,0,97,0,97,0,1,111,0,112,166,0,166,278
06/09/2004,SNS,CA,AWP,WE,Federal Contract Tower,0,1,35,0,36,0,0,94,0,94,0,1,129,0,130,114,0,114,244
06/10/2004,SNS,CA,AWP,WE,Federal Contract Tower,0,1,10,0,11,0,0,112,0,112,0,1,122,0,123,142,0,142,265
06/11/2004,SNS,CA,AWP,WE,Federal Contract Tower,0,1,17,0,18,0,1,138,0,139,0,2,155,0,157,142,0,142,299
06/12/2004,SNS,CA,AWP,WE,Federal Contract Tower,0,1,17,0,18,0,1,88,0,89,0,2,105,0,107,122,0,122,229
06/13/2004,SNS,CA,AWP,WE,Federal Contract Tower,0,1,8,0,9,0,3,115,0,118,0,4,123,0,127,130,0,130,257
06/14/2004,SNS,CA,AWP,WE,Federal Contract Tower,0,1,21,0,22,0,3,64,0,67,0,4,85,0,89,64,0,64,153
06/15/2004,SNS,CA,AWP,WE,Federal Contract Tower,0,0,15,0,15,0,1,128,0,129,0,1,143,0,144,72,0,72,216
06/16/2004,SNS,CA,AWP,WE,Federal Contract Tower,0,1,50,0,51,0,2,82,0,84,0,3,132,0,135,136,0,136,271
06/17/2004,SNS,CA,AWP,WE,Federal Contract Tower,0,1,48,0,49,0,0,93,2,95,0,1,141,2,144,104,0,104,248
06/18/2004,SNS,CA,AWP,WE,Federal Contract Tower,0,1,41,0,42,0,0,89,0,89,0,1,130,0,131,90,0,90,221
06/19/2004,SNS,CA,AWP,WE,Federal Contract Tower,0,0,22,0,22,0,4,123,0,127,0,4,145,0,149,130,0,130,279
06/20/2004,SNS,CA,AWP,WE,Federal Contract Tower,0,0,28,0,28,0,2,78,0,80,0,2,106,0,108,12,0,12,120
06/21/2004,SNS,CA,AWP,WE,Federal Contract Tower,0,0,13,0,13,0,2,53,0,55,0,2,66,0,68,112,0,112,180
06/22/2004,SNS,CA,AWP,WE,Federal Contract Tower,0,0,21,0,21,0,2,117,0,119,0,2,138,0,140,84,0,84,224
06/23/2004,SNS,CA,AWP,WE,Federal Contract Tower,0,0,23,0,23,0,1,116,0,117,0,1,139,0,140,98,0,98,238
06/24/2004,SNS,CA,AWP,WE,Federal Contract Tower,0,0,28,0,28,0,2,102,2,106,0,2,130,2,134,140,0,140,274
06/25/2004,SNS,CA,AWP,WE,Federal Contract Tower,0,0,15,0,15,0,1,126,0,127,0,1,141,0,142,176,0,176,318
06/26/2004,SNS,CA,AWP,WE,Federal Contract Tower,0,0,24,0,24,0,4,126,0,130,0,4,150,0,154,54,0,54,208
06/27/2004,SNS,CA,AWP,WE,Federal Contract Tower,0,0,17,0,17,0,5,120,0,125,0,5,137,0,142,90,0,90,232
06/28/2004,SNS,CA,AWP,WE,Federal Contract Tower,0,0,28,0,28,0,2,102,0,104,0,2,130,0,132,134,0,134,266
06/29/2004,SNS,CA,AWP,WE,Federal Contract Tower,0,0,17,0,17,0,2,102,0,104,0,2,119,0,121,132,0,132,253
06/30/2004,SNS,CA,AWP,WE,Federal Contract Tower,0,0,16,0,16,0,1,94,0,95,0,1,110,0,111,96,0,96,207
07/01/2004,SNS,CA,AWP,WE,Federal Contract Tower,0,1,29,0,30,0,0,78,0,78,0,1,107,0,108,158,0,158,266
07/02/2004,SNS,CA,AWP,WE,Federal Contract Tower,0,1,30,0,31,0,3,102,0,105,0,4,132,0,136,130,0,130,266
07/03/2004,SNS,CA,AWP,WE,Federal Contract Tower,0,2,40,0,42,0,17,109,0,126,0,19,149,0,168,164,0,164,332
07/04/2004,SNS,CA,AWP,WE,Federal Contract Tower,0,2,34,0,36,0,1,50,0,51,0,3,84,0,87,108,0,108,195
07/05/2004,SNS,CA,AWP,WE,Federal Contract Tower,0,0,23,0,23,0,0,86,0,86,0,0,109,0,109,58,0,58,167
07/06/2004,SNS,CA,AWP,WE,Federal Contract Tower,0,2,44,0,46,0,2,56,0,58,0,4,100,0,104,84,0,84,188
07/07/2004,SNS,CA,AWP,WE,Federal Contract Tower,0,0,39,0,39,0,0,71,0,71,0,0,110,0,110,56,0,56,166
07/08/2004,SNS,CA,AWP,WE,Federal Contract Tower,0,2,42,0,44,0,6,97,0,103,0,8,139,0,147,122,0,122,269
07/09/2004,SNS,CA,AWP,WE,Federal Contract Tower,0,1,22,0,23,0,2,125,2,129,0,3,147,2,152,130,0,130,282
07/10/2004,SNS,CA,AWP,WE,Federal Contract Tower,0,1,27,0,28,0,3,104,0,107,0,4,131,0,135,152,0,152,287
07/11/2004,SNS,CA,AWP,WE,Federal Contract Tower,0,1,21,0,22,0,7,80,0,87,0,8,101,0,109,56,0,56,165
07/12/2004,SNS,CA,AWP,WE,Federal Contract Tower,0,1,28,0,29,0,1,60,0,61,0,2,88,0,90,76,0,76,166
07/13/2004,SNS,CA,AWP,WE,Federal Contract Tower,0,1,22,0,23,0,0,110,0,110,0,1,132,0,133,192,0,192,325
07/14/2004,SNS,CA,AWP,WE,Federal Contract Tower,0,2,38,0,40,0,2,107,2,111,0,4,145,2,151,68,0,68,219
07/15/2004,SNS,CA,AWP,WE,Federal Contract Tower,0,1,17,0,18,0,3,110,0,113,0,4,127,0,131,82,0,82,213
07/16/2004,SNS,CA,AWP,WE,Federal Contract Tower,0,0,28,0,28,0,5,103,0,108,0,5,131,0,136,138,0,138,274
07/17/2004,SNS,CA,AWP,WE,Federal Contract Tower,0,0,29,0,29,0,2,103,0,105,0,2,132,0,134,106,0,106,240
07/18/2004,SNS,CA,AWP,WE,Federal Contract Tower,0,0,9,0,9,0,2,111,0,113,0,2,120,0,122,104,0,104,226
07/19/2004,SNS,CA,AWP,WE,Federal Contract Tower,0,0,14,0,14,0,2,77,0,79,0,2,91,0,93,110,0,110,203
07/20/2004,SNS,CA,AWP,WE,Federal Contract Tower,0,0,9,1,10,0,3,107,1,111,0,3,116,2,121,118,0,118,239
07/21/2004,SNS,CA,AWP,WE,Federal Contract Tower,0,1,49,1,51,0,0,79,1,80,0,1,128,2,131,52,0,52,183
07/22/2004,SNS,CA,AWP,WE,Federal Contract Tower,0,1,41,0,42,0,3,81,0,84,0,4,122,0,126,80,0,80,206
07/23/2004,SNS,CA,AWP,WE,Federal Contract Tower,0,1,44,0,45,0,7,96,0,103,0,8,140,0,148,126,0,126,274
07/24/2004,SNS,CA,AWP,WE,Federal Contract Tower,0,0,56,0,56,0,0,50,0,50,0,0,106,0,106,136,0,136,242
07/25/2004,SNS,CA,AWP,WE,Federal Contract Tower,0,0,37,0,37,0,0,69,0,69,0,0,106,0,106,114,0,114,220
07/26/2004,SNS,CA,AWP,WE,Federal Contract Tower,0,0,28,0,28,0,3,69,0,72,0,3,97,0,100,82,0,82,182
07/27/2004,SNS,CA,AWP,WE,Federal Contract Tower,0,1,47,0,48,0,0,77,4,81,0,1,124,4,129,132,0,132,261
07/28/2004,SNS,CA,AWP,WE,Federal Contract Tower,0,0,29,0,29,0,1,88,0,89,0,1,117,0,118,138,0,138,256
07/29/2004,SNS,CA,AWP,WE,Federal Contract Tower,0,0,33,0,33,0,3,97,0,100,0,3,130,0,133,138,0,138,271
07/30/2004,SNS,CA,AWP,WE,Federal Contract Tower,0,2,55,0,57,0,2,94,0,96,0,4,149,0,153,114,0,114,267
07/31/2004,SNS,CA,AWP,WE,Federal Contract Tower,0,1,39,0,40,0,2,69,0,71,0,3,108,0,111,94,0,94,205
08/01/2004,SNS,CA,AWP,WE,Federal Contract Tower,0,1,14,0,15,0,8,103,0,111,0,9,117,0,126,68,0,68,194
08/02/2004,SNS,CA,AWP,WE,Federal Contract Tower,0,1,20,0,21,0,3,65,0,68,0,4,85,0,89,120,0,120,209
08/03/2004,SNS,CA,AWP,WE,Federal Contract Tower,0,2,27,0,29,0,5,91,0,96,0,7,118,0,125,66,0,66,191
08/04/2004,SNS,CA,AWP,WE,Federal Contract Tower,0,1,61,0,62,0,0,113,0,113,0,1,174,0,175,54,0,54,229
08/05/2004,SNS,CA,AWP,WE,Federal Contract Tower,0,1,20,0,21,0,5,92,0,97,0,6,112,0,118,164,0,164,282
08/06/2004,SNS,CA,AWP,WE,Federal Contract Tower,0,1,16,0,17,0,1,127,0,128,0,2,143,0,145,116,0,116,261
08/07/2004,SNS,CA,AWP,WE,Federal Contract Tower,0,2,23,0,25,0,2,70,0,72,0,4,93,0,97,48,0,48,145
08/08/2004,SNS,CA,AWP,WE,Federal Contract Tower,0,2,42,0,44,0,0,48,0,48,0,2,90,0,92,48,0,48,140
08/09/2004,SNS,CA,AWP,WE,Federal Contract Tower,0,1,24,0,25,0,0,64,0,64,0,1,88,0,89,54,0,54,143
08/10/2004,SNS,CA,AWP,WE,Federal Contract Tower,0,2,30,0,32,0,1,54,2,57,0,3,84,2,89,56,0,56,145
08/11/2004,SNS,CA,AWP,WE,Federal Contract Tower,0,2,31,0,33,0,3,102,0,105,0,5,133,0,138,58,0,58,196
08/12/2004,SNS,CA,AWP,WE,Federal Contract Tower,0,3,45,0,48,0,0,69,0,69,0,3,114,0,117,88,0,88,205
08/13/2004,SNS,CA,AWP,WE,Federal Contract Tower,0,1,36,0,37,0,7,72,0,79,0,8,108,0,116,92,0,92,208
08/14/2004,SNS,CA,AWP,WE,Federal Contract Tower,0,1,23,0,24,0,8,116,0,124,0,9,139,0,148,150,0,150,298
08/15/2004,SNS,CA,AWP,WE,Federal Contract Tower,0,0,19,0,19,0,5,126,0,131,0,5,145,0,150,102,0,102,252
08/16/2004,SNS,CA,AWP,WE,Federal Contract Tower,0,0,15,1,16,0,1,71,6,78,0,1,86,7,94,60,0,60,154
08/17/2004,SNS,CA,AWP,WE,Federal Contract Tower,0,1,28,0,29,0,3,96,0,99,0,4,124,0,128,78,0,78,206
08/18/2004,SNS,CA,AWP,WE,Federal Contract Tower,0,1,45,0,46,0,0,89,3,92,0,1,134,3,138,114,0,114,252
08/19/2004,SNS,CA,AWP,WE,Federal Contract Tower,0,1,45,0,46,0,0,63,1,64,0,1,108,1,110,72,0,72,182
08/20/2004,SNS,CA,AWP,WE,Federal Contract Tower,0,1,30,0,31,0,9,87,0,96,0,10,117,0,127,74,0,74,201
08/21/2004,SNS,CA,AWP,WE,Federal Contract Tower,0,1,33,0,34,0,1,101,0,102,0,2,134,0,136,126,0,126,262
08/22/2004,SNS,CA,AWP,WE,Federal Contract Tower,0,1,26,0,27,0,7,88,2,97,0,8,114,2,124,44,0,44,168
08/23/2004,SNS,CA,AWP,WE,Federal Contract Tower,0,0,18,0,18,0,4,57,0,61,0,4,75,0,79,32,0,32,111
08/24/2004,SNS,CA,AWP,WE,Federal Contract Tower,0,2,44,0,46,0,4,102,0,106,0,6,146,0,152,64,0,64,216
08/25/2004,SNS,CA,AWP,WE,Federal Contract Tower,0,1,33,0,34,0,0,106,0,106,0,1,139,0,140,136,0,136,276
08/26/2004,SNS,CA,AWP,WE,Federal Contract Tower,0,1,26,0,27,0,3,122,0,125,0,4,148,0,152,130,0,130,282
08/27/2004,SNS,CA,AWP,WE,Federal Contract Tower,0,1,25,0,26,0,3,132,0,135,0,4,157,0,161,160,0,160,321
08/28/2004,SNS,CA,AWP,WE,Federal Contract Tower,0,0,19,0,19,0,4,191,0,195,0,4,210,0,214,162,0,162,376
08/29/2004,SNS,CA,AWP,WE,Federal Contract Tower,0,2,60,0,62,0,2,25,0,27,0,4,85,0,89,26,0,26,115
08/30/2004,SNS,CA,AWP,WE,Federal Contract Tower,0,1,34,0,35,0,2,53,0,55,0,3,87,0,90,46,0,46,136
08/31/2004,SNS,CA,AWP,WE,Federal Contract Tower,0,2,44,0,46,0,2,93,2,97,0,4,137,2,143,64,4,68,211
09/01/2004,SNS,CA,AWP,WE,Federal Contract Tower,0,1,18,0,19,0,6,144,3,153,0,7,162,3,172,144,16,160,332
09/02/2004,SNS,CA,AWP,WE,Federal Contract Tower,0,2,37,0,39,0,4,73,0,77,0,6,110,0,116,94,0,94,210
09/03/2004,SNS,CA,AWP,WE,Federal Contract Tower,0,1,10,0,11,0,2,64,0,66,0,3,74,0,77,60,0,60,137
09/04/2004,SNS,CA,AWP,WE,Federal Contract Tower,0,1,8,0,9,0,1,97,0,98,0,2,105,0,107,64,0,64,171
09/05/2004,SNS,CA,AWP,WE,Federal Contract Tower,0,1,8,0,9,0,9,75,0,84,0,10,83,0,93,76,0,76,169
09/06/2004,SNS,CA,AWP,WE,Federal Contract Tower,0,1,22,0,23,0,0,84,0,84,0,1,106,0,107,90,0,90,197
09/07/2004,SNS,CA,AWP,WE,Federal Contract Tower,0,1,9,0,10,0,6,162,0,168,0,7,171,0,178,38,0,38,216
09/08/2004,SNS,CA,AWP,WE,Federal Contract Tower,0,1,18,0,19,0,10,119,0,129,0,11,137,0,148,104,0,104,252
09/09/2004,SNS,CA,AWP,WE,Federal Contract Tower,0,1,18,0,19,0,2,99,0,101,0,3,117,0,120,50,0,50,170
09/10/2004,SNS,CA,AWP,WE,Federal Contract Tower,0,1,29,0,30,0,0,76,2,78,0,1,105,2,108,58,0,58,166
09/11/2004,SNS,CA,AWP,WE,Federal Contract Tower,0,1,29,0,30,0,3,81,0,84,0,4,110,0,114,90,0,90,204
09/12/2004,SNS,CA,AWP,WE,Federal Contract Tower,0,1,21,0,22,0,7,78,0,85,0,8,99,0,107,58,0,58,165
09/13/2004,SNS,CA,AWP,WE,Federal Contract Tower,0,1,13,0,14,0,0,88,2,90,0,1,101,2,104,30,0,30,134
09/14/2004,SNS,CA,AWP,WE,Federal Contract Tower,0,1,8,0,9,0,0,130,0,130,0,1,138,0,139,108,0,108,247
09/15/2004,SNS,CA,AWP,WE,Federal Contract Tower,0,0,8,0,8,0,9,125,0,134,0,9,133,0,142,122,0,122,264
09/16/2004,SNS,CA,AWP,WE,Federal Contract Tower,0,1,38,0,39,0,4,117,0,121,0,5,155,0,160,146,0,146,306
09/17/2004,SNS,CA,AWP,WE,Federal Contract Tower,0,1,40,2,43,0,5,92,2,99,0,6,132,4,142,80,0,80,222
09/18/2004,SNS,CA,AWP,WE,Federal Contract Tower,0,0,10,0,10,0,6,135,0,141,0,6,145,0,151,74,0,74,225
09/19/2004,SNS,CA,AWP,WE,Federal Contract Tower,0,0,15,0,15,0,5,105,0,110,0,5,120,0,125,72,0,72,197
09/20/2004,SNS,CA,AWP,WE,Federal Contract Tower,0,0,14,0,14,0,4,73,0,77,0,4,87,0,91,56,0,56,147
09/21/2004,SNS,CA,AWP,WE,Federal Contract Tower,0,0,6,0,6,0,2,124,0,126,0,2,130,0,132,102,0,102,234
09/22/2004,SNS,CA,AWP,WE,Federal Contract Tower,0,0,11,0,11,0,1,136,0,137,0,1,147,0,148,78,0,78,226
09/23/2004,SNS,CA,AWP,WE,Federal Contract Tower,0,0,11,0,11,0,7,118,0,125,0,7,129,0,136,164,0,164,300
09/24/2004,SNS,CA,AWP,WE,Federal Contract Tower,0,0,14,1,15,0,1,98,0,99,0,1,112,1,114,60,0,60,174
09/25/2004,SNS,CA,AWP,WE,Federal Contract Tower,0,0,30,0,30,0,0,96,0,96,0,0,126,0,126,80,0,80,206
09/26/2004,SNS,CA,AWP,WE,Federal Contract Tower,0,0,18,0,18,0,6,117,0,123,0,6,135,0,141,70,0,70,211
09/27/2004,SNS,CA,AWP,WE,Federal Contract Tower,0,0,28,0,28,0,1,86,0,87,0,1,114,0,115,92,0,92,207
09/28/2004,SNS,CA,AWP,WE,Federal Contract Tower,0,0,26,0,26,0,11,82,0,93,0,11,108,0,119,4,0,4,123
09/29/2004,SNS,CA,AWP,WE,Federal Contract Tower,0,0,26,0,26,0,6,95,0,101,0,6,121,0,127,0,0,0,127
09/30/2004,SNS,CA,AWP,WE,Federal Contract Tower,0,1,36,1,38,0,0,103,33,136,0,1,139,34,174,0,66,66,240
10/01/2004,SNS,CA,AWP,WE,Federal Contract Tower,0,0,7,2,9,0,0,67,4,71,0,0,74,6,80,0,0,0,80
10/02/2004,SNS,CA,AWP,WE,Federal Contract Tower,0,0,5,0,5,0,5,257,9,271,0,5,262,9,276,62,0,62,338
10/03/2004,SNS,CA,AWP,WE,Federal Contract Tower,0,1,54,2,57,0,4,101,1,106,0,5,155,3,163,46,0,46,209
10/04/2004,SNS,CA,AWP,WE,Federal Contract Tower,0,4,14,4,22,0,2,71,3,76,0,6,85,7,98,0,0,0,98
10/05/2004,SNS,CA,AWP,WE,Federal Contract Tower,0,2,35,6,43,0,0,55,9,64,0,2,90,15,107,0,0,0,107
10/06/2004,SNS,CA,AWP,WE,Federal Contract Tower,0,1,48,1,50,0,2,92,0,94,0,3,140,1,144,178,0,178,322
10/07/2004,SNS,CA,AWP,WE,Federal Contract Tower,0,2,45,0,47,0,0,114,0,114,0,2,159,0,161,110,0,110,271
10/08/2004,SNS,CA,AWP,WE,Federal Contract Tower,0,1,35,0,36,0,3,116,0,119,0,4,151,0,155,132,0,132,287
10/09/2004,SNS,CA,AWP,WE,Federal Contract Tower,0,0,32,0,32,0,0,153,0,153,0,0,185,0,185,154,0,154,339
10/10/2004,SNS,CA,AWP,WE,Federal Contract Tower,0,3,12,0,15,0,4,126,0,130,0,7,138,0,145,92,0,92,237
10/11/2004,SNS,CA,AWP,WE,Federal Contract Tower,0,2,13,0,15,0,1,75,0,76,0,3,88,0,91,114,0,114,205
10/12/2004,SNS,CA,AWP,WE,Federal Contract Tower,0,0,9,2,11,0,4,146,2,152,0,4,155,4,163,120,0,120,283
10/13/2004,SNS,CA,AWP,WE,Federal Contract Tower,0,0,25,0,25,0,2,111,0,113,0,2,136,0,138,108,0,108,246
10/14/2004,SNS,CA,AWP,WE,Federal Contract Tower,0,0,33,0,33,0,1,69,0,70,0,1,102,0,103,104,0,104,207
10/15/2004,SNS,CA,AWP,WE,Federal Contract Tower,0,1,40,0,41,0,0,71,0,71,0,1,111,0,112,74,0,74,186
10/16/2004,SNS,CA,AWP,WE,Federal Contract Tower,0,2,35,0,37,0,4,117,0,121,0,6,152,0,158,224,0,224,382
10/17/2004,SNS,CA,AWP,WE,Federal Contract Tower,0,0,23,0,23,0,3,72,0,75,0,3,95,0,98,34,0,34,132
10/18/2004,SNS,CA,AWP,WE,Federal Contract Tower,0,0,23,0,23,0,8,74,0,82,0,8,97,0,105,52,0,52,157
10/19/2004,SNS,CA,AWP,WE,Federal Contract Tower,0,0,30,0,30,0,5,29,0,34,0,5,59,0,64,0,0,0,64
10/20/2004,SNS,CA,AWP,WE,Federal Contract Tower,0,1,30,0,31,0,2,77,0,79,0,3,107,0,110,94,0,94,204
10/21/2004,SNS,CA,AWP,WE,Federal Contract Tower,0,0,13,0,13,0,5,111,0,116,0,5,124,0,129,146,0,146,275
10/22/2004,SNS,CA,AWP,WE,Federal Contract Tower,0,1,16,0,17,0,2,91,0,93,0,3,107,0,110,202,0,202,312
10/23/2004,SNS,CA,AWP,WE,Federal Contract Tower,0,0,23,1,24,0,0,83,1,84,0,0,106,2,108,162,0,162,270
10/24/2004,SNS,CA,AWP,WE,Federal Contract Tower,0,0,23,0,23,0,2,93,0,95,0,2,116,0,118,126,0,126,244
10/25/2004,SNS,CA,AWP,WE,Federal Contract Tower,0,1,20,0,21,0,8,105,0,113,0,9,125,0,134,218,0,218,352
10/26/2004,SNS,CA,AWP,WE,Federal Contract Tower,0,5,13,0,18,0,6,14,0,20,0,11,27,0,38,10,0,10,48
10/27/2004,SNS,CA,AWP,WE,Federal Contract Tower,0,3,29,0,32,0,20,105,0,125,0,23,134,0,157,188,0,188,345
10/28/2004,SNS,CA,AWP,WE,Federal Contract Tower,0,1,12,0,13,0,1,96,0,97,0,2,108,0,110,128,0,128,238
10/29/2004,SNS,CA,AWP,WE,Federal Contract Tower,0,1,20,0,21,0,3,99,0,102,0,4,119,0,123,122,0,122,245
10/30/2004,SNS,CA,AWP,WE,Federal Contract Tower,0,0,15,0,15,0,7,227,0,234,0,7,242,0,249,118,0,118,367
10/31/2004,SNS,CA,AWP,WE,Federal Contract Tower,0,0,20,0,20,0,0,96,0,96,0,0,116,0,116,60,0,60,176
11/01/2004,SNS,CA,AWP,WE,Federal Contract Tower,0,0,18,0,18,0,4,84,0,88,0,4,102,0,106,74,0,74,180
11/02/2004,SNS,CA,AWP,WE,Federal Contract Tower,0,1,28,4,33,0,4,114,3,121,0,5,142,7,154,134,4,138,292
11/03/2004,SNS,CA,AWP,WE,Federal Contract Tower,0,1,29,0,30,0,4,84,0,88,0,5,113,0,118,56,0,56,174
11/04/2004,SNS,CA,AWP,WE,Federal Contract Tower,0,1,15,1,17,0,2,95,3,100,0,3,110,4,117,84,0,84,201
11/05/2004,SNS,CA,AWP,WE,Federal Contract Tower,0,0,14,0,14,0,4,120,2,126,0,4,134,2,140,90,0,90,230
11/06/2004,SNS,CA,AWP,WE,Federal Contract Tower,0,0,9,1,10,0,2,98,3,103,0,2,107,4,113,114,0,114,227
11/07/2004,SNS,CA,AWP,WE,Federal Contract Tower,0,1,15,0,16,0,2,78,0,80,0,3,93,0,96,116,0,116,212
11/08/2004,SNS,CA,AWP,WE,Federal Contract Tower,0,1,28,0,29,0,1,38,0,39,0,2,66,0,68,64,0,64,132
11/09/2004,SNS,CA,AWP,WE,Federal Contract Tower,0,1,35,0,36,0,0,63,0,63,0,1,98,0,99,66,0,66,165
11/10/2004,SNS,CA,AWP,WE,Federal Contract Tower,0,2,26,0,28,0,4,56,0,60,0,6,82,0,88,84,0,84,172
11/11/2004,SNS,CA,AWP,WE,Federal Contract Tower,0,1,17,0,18,0,0,40,0,40,0,1,57,0,58,134,0,134,192
11/12/2004,SNS,CA,AWP,WE,Federal Contract Tower,0,2,22,0,24,0,1,103,0,104,0,3,125,0,128,131,0,131,259
11/13/2004,SNS,CA,AWP,WE,Federal Contract Tower,0,0,12,0,12,0,10,92,0,102,0,10,104,0,114,92,0,92,206
11/14/2004,SNS,CA,AWP,WE,Federal Contract Tower,0,0,5,0,5,0,0,117,0,117,0,0,122,0,122,62,0,62,184
11/15/2004,SNS,CA,AWP,WE,Federal Contract Tower,0,4,29,2,35,0,3,83,6,92,0,7,112,8,127,72,0,72,199
11/16/2004,SNS,CA,AWP,WE,Federal Contract Tower,0,0,23,0,23,0,4,74,0,78,0,4,97,0,101,124,0,124,225
11/17/2004,SNS,CA,AWP,WE,Federal Contract Tower,0,0,36,0,36,0,0,80,0,80,0,0,116,0,116,100,0,100,216
11/18/2004,SNS,CA,AWP,WE,Federal Contract Tower,0,1,28,1,30,0,1,98,1,100,0,2,126,2,130,84,0,84,214
11/19/2004,SNS,CA,AWP,WE,Federal Contract Tower,0,2,30,0,32,0,1,94,0,95,0,3,124,0,127,116,0,116,243
11/20/2004,SNS,CA,AWP,WE,Federal Contract Tower,0,1,20,0,21,0,0,89,0,89,0,1,109,0,110,178,0,178,288
11/21/2004,SNS,CA,AWP,WE,Federal Contract Tower,0,0,11,0,11,0,0,77,0,77,0,0,88,0,88,64,0,64,152
11/22/2004,SNS,CA,AWP,WE,Federal Contract Tower,0,2,18,0,20,0,2,66,0,68,0,4,84,0,88,22,0,22,110
11/23/2004,SNS,CA,AWP,WE,Federal Contract Tower,0,0,11,0,11,0,7,111,0,118,0,7,122,0,129,168,0,168,297
11/24/2004,SNS,CA,AWP,WE,Federal Contract Tower,0,1,23,0,24,0,6,179,0,185,0,7,202,0,209,128,0,128,337
11/25/2004,SNS,CA,AWP,WE,Federal Contract Tower,0,1,8,0,9,0,4,54,0,58,0,5,62,0,67,90,0,90,157
11/26/2004,SNS,CA,AWP,WE,Federal Contract Tower,0,3,27,1,31,0,1,89,1,91,0,4,116,2,122,86,0,86,208
11/27/2004,SNS,CA,AWP,WE,Federal Contract Tower,0,0,8,0,8,0,0,28,0,28,0,0,36,0,36,86,0,86,122
11/28/2004,SNS,CA,AWP,WE,Federal Contract Tower,0,0,21,0,21,0,1,102,0,103,0,1,123,0,124,208,0,208,332
11/29/2004,SNS,CA,AWP,WE,Federal Contract Tower,0,1,14,1,16,0,0,111,3,114,0,1,125,4,130,94,0,94,224
11/30/2004,SNS,CA,AWP,WE,Federal Contract Tower,0,0,13,0,13,0,0,118,0,118,0,0,131,0,131,118,0,118,249
12/01/2004,SNS,CA,AWP,WE,Federal Contract Tower,0,0,14,0,14,0,6,81,0,87,0,6,95,0,101,178,0,178,279
12/02/2004,SNS,CA,AWP,WE,Federal Contract Tower,0,0,17,2,19,0,0,102,2,104,0,0,119,4,123,106,0,106,229
12/03/2004,SNS,CA,AWP,WE,Federal Contract Tower,0,1,20,0,21,0,13,95,0,108,0,14,115,0,129,78,0,78,207
12/04/2004,SNS,CA,AWP,WE,Federal Contract Tower,0,0,24,0,24,0,0,158,0,158,0,0,182,0,182,126,0,126,308
12/05/2004,SNS,CA,AWP,WE,Federal Contract Tower,0,0,10,0,10,0,3,124,0,127,0,3,134,0,137,174,0,174,311
12/06/2004,SNS,CA,AWP,WE,Federal Contract Tower,0,1,14,0,15,0,4,97,0,101,0,5,111,0,116,16,0,16,132
12/07/2004,SNS,CA,AWP,WE,Federal Contract Tower,0,0,22,1,23,0,4,82,1,87,0,4,104,2,110,78,10,88,198
12/08/2004,SNS,CA,AWP,WE,Federal Contract Tower,0,4,32,0,36,0,2,46,0,48,0,6,78,0,84,18,0,18,102
12/09/2004,SNS,CA,AWP,WE,Federal Contract Tower,0,2,18,0,20,0,8,82,0,90,0,10,100,0,110,74,0,74,184
12/10/2004,SNS,CA,AWP,WE,Federal Contract Tower,0,4,19,0,23,0,0,113,0,113,0,4,132,0,136,128,0,128,264
12/11/2004,SNS,CA,AWP,WE,Federal Contract Tower,0,0,12,0,12,0,0,122,0,122,0,0,134,0,134,92,0,92,226
12/12/2004,SNS,CA,AWP,WE,Federal Contract Tower,0,0,14,0,14,0,0,68,0,68,0,0,82,0,82,110,0,110,192
12/13/2004,SNS,CA,AWP,WE,Federal Contract Tower,0,2,18,1,21,0,3,70,1,74,0,5,88,2,95,60,0,60,155
12/14/2004,SNS,CA,AWP,WE,Federal Contract Tower,0,2,18,0,20,0,2,121,0,123,0,4,139,0,143,66,0,66,209
12/15/2004,SNS,CA,AWP,WE,Federal Contract Tower,0,0,20,0,20,0,3,104,0,107,0,3,124,0,127,78,0,78,205
12/16/2004,SNS,CA,AWP,WE,Federal Contract Tower,0,1,17,0,18,0,3,118,0,121,0,4,135,0,139,98,0,98,237
12/17/2004,SNS,CA,AWP,WE,Federal Contract Tower,0,3,19,0,22,0,1,105,0,106,0,4,124,0,128,130,0,130,258
12/18/2004,SNS,CA,AWP,WE,Federal Contract Tower,0,0,27,0,27,0,1,103,0,104,0,1,130,0,131,192,0,192,323
12/19/2004,SNS,CA,AWP,WE,Federal Contract Tower,0,0,12,0,12,0,3,128,0,131,0,3,140,0,143,256,0,256,399
12/20/2004,SNS,CA,AWP,WE,Federal Contract Tower,0,3,19,0,22,0,4,78,0,82,0,7,97,0,104,68,0,68,172
12/21/2004,SNS,CA,AWP,WE,Federal Contract Tower,0,0,17,0,17,0,0,71,0,71,0,0,88,0,88,84,0,84,172
12/22/2004,SNS,CA,AWP,WE,Federal Contract Tower,0,2,15,0,17,0,0,76,0,76,0,2,91,0,93,132,0,132,225
12/23/2004,SNS,CA,AWP,WE,Federal Contract Tower,0,8,20,0,28,0,0,99,0,99,0,8,119,0,127,58,0,58,185
12/24/2004,SNS,CA,AWP,WE,Federal Contract Tower,0,3,15,0,18,0,0,80,0,80,0,3,95,0,98,108,0,108,206
12/25/2004,SNS,CA,AWP,WE,Federal Contract Tower,0,2,0,0,2,0,0,29,0,29,0,2,29,0,31,64,0,64,95
12/26/2004,SNS,CA,AWP,WE,Federal Contract Tower,0,2,12,0,14,0,0,43,0,43,0,2,55,0,57,168,0,168,225
12/27/2004,SNS,CA,AWP,WE,Federal Contract Tower,0,3,14,0,17,0,1,34,0,35,0,4,48,0,52,0,0,0,52
12/28/2004,SNS,CA,AWP,WE,Federal Contract Tower,0,0,12,0,12,0,2,36,0,38,0,2,48,0,50,8,0,8,58
12/29/2004,SNS,CA,AWP,WE,Federal Contract Tower,0,0,10,0,10,0,1,20,0,21,0,1,30,0,31,24,0,24,55
12/30/2004,SNS,CA,AWP,WE,Federal Contract Tower,0,0,9,0,9,0,0,5,0,5,0,0,14,0,14,18,0,18,32
12/31/2004,SNS,CA,AWP,WE,Federal Contract Tower,0,1,17,0,18,0,0,11,0,11,0,1,28,0,29,18,0,18,47
01/01/2005,SNS,CA,AWP,WE,Federal Contract Tower,0,0,7,0,7,0,1,26,0,27,0,1,33,0,34,63,0,63,97
01/02/2005,SNS,CA,AWP,WE,Federal Contract Tower,0,0,15,0,15,0,0,21,0,21,0,0,36,0,36,58,0,58,94
01/03/2005,SNS,CA,AWP,WE,Federal Contract Tower,0,1,11,0,12,0,2,68,0,70,0,3,79,0,82,82,0,82,164
01/04/2005,SNS,CA,AWP,WE,Federal Contract Tower,0,0,23,0,23,0,0,62,0,62,0,0,85,0,85,28,0,28,113
01/05/2005,SNS,CA,AWP,WE,Federal Contract Tower,0,0,24,0,24,0,1,73,0,74,0,1,97,0,98,84,0,84,182
01/06/2005,SNS,CA,AWP,WE,Federal Contract Tower,0,0,27,0,27,0,0,82,0,82,0,0,109,0,109,48,0,48,157
01/07/2005,SNS,CA,AWP,WE,Federal Contract Tower,0,4,18,0,22,0,0,9,0,9,0,4,27,0,31,0,0,0,31
01/08/2005,SNS,CA,AWP,WE,Federal Contract Tower,0,0,2,0,2,0,0,1,0,1,0,0,3,0,3,10,0,10,13
01/09/2005,SNS,CA,AWP,WE,Federal Contract Tower,0,0,18,0,18,0,0,52,0,52,0,0,70,0,70,0,0,0,70
01/10/2005,SNS,CA,AWP,WE,Federal Contract Tower,0,1,14,0,15,0,1,60,0,61,0,2,74,0,76,46,0,46,122
01/11/2005,SNS,CA,AWP,WE,Federal Contract Tower,0,0,12,0,12,0,4,11,0,15,0,4,23,0,27,10,0,10,37
01/12/2005,SNS,CA,AWP,WE,Federal Contract Tower,0,0,22,0,22,0,11,129,0,140,0,11,151,0,162,90,0,90,252
01/13/2005,SNS,CA,AWP,WE,Federal Contract Tower,0,0,26,0,26,0,5,114,0,119,0,5,140,0,145,150,0,150,295
01/14/2005,SNS,CA,AWP,WE,Federal Contract Tower,0,4,28,0,32,0,3,117,0,120,0,7,145,0,152,92,0,92,244
01/15/2005,SNS,CA,AWP,WE,Federal Contract Tower,0,5,28,0,33,0,2,105,0,107,0,7,133,0,140,255,0,255,395
01/16/2005,SNS,CA,AWP,WE,Federal Contract Tower,0,1,14,0,15,0,1,142,0,143,0,2,156,0,158,138,0,138,296
01/17/2005,SNS,CA,AWP,WE,Federal Contract Tower,0,2,22,0,24,0,3,100,0,103,0,5,122,0,127,130,0,130,257
01/18/2005,SNS,CA,AWP,WE,Federal Contract Tower,0,1,34,0,35,0,2,81,0,83,0,3,115,0,118,106,0,106,224
01/19/2005,SNS,CA,AWP,WE,Federal Contract Tower,0,1,19,0,20,0,3,106,0,109,0,4,125,0,129,28,0,28,157
01/20/2005,SNS,CA,AWP,WE,Federal Contract Tower,0,0,19,0,19,0,1,132,0,133,0,1,151,0,152,96,0,96,248
01/21/2005,SNS,CA,AWP,WE,Federal Contract Tower,0,4,39,2,45,0,5,116,4,125,0,9,155,6,170,110,0,110,280
01/22/2005,SNS,CA,AWP,WE,Federal Contract Tower,0,2,21,0,23,0,0,48,0,48,0,2,69,0,71,194,0,194,265
01/23/2005,SNS,CA,AWP,WE,Federal Contract Tower,0,7,11,0,18,0,0,116,0,116,0,7,127,0,134,114,0,114,248
01/24/2005,SNS,CA,AWP,WE,Federal Contract Tower,0,2,23,0,25,0,1,67,0,68,0,3,90,0,93,108,0,108,201
01/25/2005,SNS,CA,AWP,WE,Federal Contract Tower,0,2,29,0,31,0,1,55,0,56,0,3,84,0,87,62,0,62,149
01/26/2005,SNS,CA,AWP,WE,Federal Contract Tower,0,1,13,0,14,0,1,25,0,26,0,2,38,0,40,92,0,92,132
01/27/2005,SNS,CA,AWP,WE,Federal Contract Tower,0,0,21,0,21,0,0,55,0,55,0,0,76,0,76,26,0,26,102
01/28/2005,SNS,CA,AWP,WE,Federal Contract Tower,0,3,31,0,34,0,5,61,0,66,0,8,92,0,100,56,0,56,156
01/29/2005,SNS,CA,AWP,WE,Federal Contract Tower,0,0,21,0,21,0,2,88,0,90,0,2,109,0,111,130,0,130,241
01/30/2005,SNS,CA,AWP,WE,Federal Contract Tower,0,1,21,0,22,0,0,132,0,132,0,1,153,0,154,136,0,136,290
01/31/2005,SNS,CA,AWP,WE,Federal Contract Tower,0,1,10,0,11,0,3,74,2,79,0,4,84,2,90,40,0,40,130
02/01/2005,SNS,CA,AWP,WE,Federal Contract Tower,0,2,34,0,36,0,0,90,0,90,0,2,124,0,126,68,0,68,194
02/02/2005,SNS,CA,AWP,WE,Federal Contract Tower,0,7,10,0,17,0,3,115,0,118,0,10,125,0,135,74,0,74,209
02/03/2005,SNS,CA,AWP,WE,Federal Contract Tower,0,1,23,0,24,0,7,129,0,136,0,8,152,0,160,134,0,134,294
02/04/2005,SNS,CA,AWP,WE,Federal Contract Tower,0,3,20,2,25,0,2,123,2,127,0,5,143,4,152,66,0,66,218
02/05/2005,SNS,CA,AWP,WE,Federal Contract Tower,0,5,30,0,35,0,3,93,0,96,0,8,123,0,131,128,0,128,259
02/06/2005,SNS,CA,AWP,WE,Federal Contract Tower,0,2,17,0,19,0,2,72,0,74,0,4,89,0,93,22,0,22,115
02/07/2005,SNS,CA,AWP,WE,Federal Contract Tower,0,5,24,0,29,0,3,66,0,69,0,8,90,0,98,108,0,108,206
02/08/2005,SNS,CA,AWP,WE,Federal Contract Tower,0,4,28,0,32,0,2,86,0,88,0,6,114,0,120,168,0,168,288
02/09/2005,SNS,CA,AWP,WE,Federal Contract Tower,0,1,21,0,22,0,0,117,0,117,0,1,138,0,139,96,0,96,235
02/10/2005,SNS,CA,AWP,WE,Federal Contract Tower,0,4,28,0,32,0,9,101,0,110,0,13,129,0,142,106,0,106,248
02/11/2005,SNS,CA,AWP,WE,Federal Contract Tower,0,5,22,0,27,0,2,110,0,112,0,7,132,0,139,90,0,90,229
02/12/2005,SNS,CA,AWP,WE,Federal Contract Tower,0,0,14,0,14,0,1,113,0,114,0,1,127,0,128,158,0,158,286
02/13/2005,SNS,CA,AWP,WE,Federal Contract Tower,0,0,34,0,34,0,4,45,0,49,0,4,79,0,83,56,0,56,139
02/14/2005,SNS,CA,AWP,WE,Federal Contract Tower,0,0,14,0,14,0,7,86,0,93,0,7,100,0,107,462,0,462,569
02/15/2005,SNS,CA,AWP,WE,Federal Contract Tower,0,0,30,0,30,0,30,21,0,51,0,30,51,0,81,212,0,212,293
02/16/2005,SNS,CA,AWP,WE,Federal Contract Tower,0,0,30,0,30,0,34,104,0,138,0,34,134,0,168,320,0,320,488
02/17/2005,SNS,CA,AWP,WE,Federal Contract Tower,0,2,24,0,26,0,3,123,0,126,0,5,147,0,152,318,0,318,470
02/18/2005,SNS,CA,AWP,WE,Federal Contract Tower,0,1,19,0,20,0,3,135,0,138,0,4,154,0,158,548,0,548,706
02/19/2005,SNS,CA,AWP,WE,Federal Contract Tower,0,3,7,0,10,0,2,16,0,18,0,5,23,0,28,320,0,320,348
02/20/2005,SNS,CA,AWP,WE,Federal Contract Tower,0,0,14,0,14,0,0,89,0,89,0,0,103,0,103,100,0,100,203
02/21/2005,SNS,CA,AWP,WE,Federal Contract Tower,0,0,22,0,22,0,7,53,0,60,0,7,75,0,82,20,0,20,102
02/22/2005,SNS,CA,AWP,WE,Federal Contract Tower,0,0,15,0,15,0,0,74,0,74,0,0,89,0,89,64,0,64,153
02/23/2005,SNS,CA,AWP,WE,Federal Contract Tower,0,6,30,0,36,0,3,112,0,115,0,9,142,0,151,62,0,62,213
02/24/2005,SNS,CA,AWP,WE,Federal Contract Tower,0,4,36,0,40,0,7,93,0,100,0,11,129,0,140,14,0,14,154
02/25/2005,SNS,CA,AWP,WE,Federal Contract Tower,0,4,31,2,37,0,10,118,0,128,0,14,149,2,165,74,0,74,239
02/26/2005,SNS,CA,AWP,WE,Federal Contract Tower,0,1,26,0,27,0,7,127,0,134,0,8,153,0,161,238,0,238,399
02/27/2005,SNS,CA,AWP,WE,Federal Contract Tower,0,0,11,0,11,0,0,62,0,62,0,0,73,0,73,42,0,42,115
02/28/2005,SNS,CA,AWP,WE,Federal Contract Tower,0,1,8,0,9,0,2,69,0,71,0,3,77,0,80,58,0,58,138
03/01/2005,SNS,CA,AWP,WE,Federal Contract Tower,0,1,24,0,25,0,0,65,0,65,0,1,89,0,90,76,0,76,166
03/02/2005,SNS,CA,AWP,WE,Federal Contract Tower,0,0,23,0,23,0,5,114,0,119,0,5,137,0,142,24,0,24,166
03/03/2005,SNS,CA,AWP,WE,Federal Contract Tower,0,5,12,0,17,0,1,97,0,98,0,6,109,0,115,20,0,20,135
03/04/2005,SNS,CA,AWP,WE,Federal Contract Tower,0,1,27,0,28,0,3,21,0,24,0,4,48,0,52,0,0,0,52
03/05/2005,SNS,CA,AWP,WE,Federal Contract Tower,0,0,46,0,46,0,0,91,6,97,0,0,137,6,143,118,0,118,261
03/06/2005,SNS,CA,AWP,WE,Federal Contract Tower,0,0,27,3,30,0,3,102,3,108,0,3,129,6,138,104,0,104,242
03/07/2005,SNS,CA,AWP,WE,Federal Contract Tower,0,2,34,0,36,0,3,97,0,100,0,5,131,0,136,54,0,54,190
03/08/2005,SNS,CA,AWP,WE,Federal Contract Tower,0,1,19,0,20,0,0,85,0,85,0,1,104,0,105,100,0,100,205
03/09/2005,SNS,CA,AWP,WE,Federal Contract Tower,0,3,30,0,33,0,3,101,0,104,0,6,131,0,137,96,0,96,233
03/10/2005,SNS,CA,AWP,WE,Federal Contract Tower,0,4,26,0,30,0,1,102,0,103,0,5,128,0,133,54,0,54,187
03/11/2005,SNS,CA,AWP,WE,Federal Contract Tower,0,2,22,0,24,0,3,97,0,100,0,5,119,0,124,54,0,54,178
03/12/2005,SNS,CA,AWP,WE,Federal Contract Tower,0,0,47,0,47,0,2,73,0,75,0,2,120,0,122,34,0,34,156
03/13/2005,SNS,CA,AWP,WE,Federal Contract Tower,0,0,24,0,24,0,0,52,0,52,0,0,76,0,76,60,0,60,136
03/14/2005,SNS,CA,AWP,WE,Federal Contract Tower,0,0,14,0,14,0,5,95,0,100,0,5,109,0,114,90,0,90,204
03/15/2005,SNS,CA,AWP,WE,Federal Contract Tower,0,2,17,0,19,0,7,120,0,127,0,9,137,0,146,96,0,96,242
03/16/2005,SNS,CA,AWP,WE,Federal Contract Tower,0,0,30,0,30,0,1,92,0,93,0,1,122,0,123,38,0,38,161
03/17/2005,SNS,CA,AWP,WE,Federal Contract Tower,0,1,24,0,25,0,6,109,0,115,0,7,133,0,140,114,0,114,254
03/18/2005,SNS,CA,AWP,WE,Federal Contract Tower,0,3,23,2,28,0,1,42,0,43,0,4,65,2,71,34,0,34,105
03/19/2005,SNS,CA,AWP,WE,Federal Contract Tower,0,0,10,0,10,0,2,23,0,25,0,2,33,0,35,38,0,38,73
03/20/2005,SNS,CA,AWP,WE,Federal Contract Tower,0,0,24,0,24,0,4,112,0,116,0,4,136,0,140,154,0,154,294
03/21/2005,SNS,CA,AWP,WE,Federal Contract Tower,0,3,6,0,9,0,4,74,0,78,0,7,80,0,87,100,0,100,187
03/22/2005,SNS,CA,AWP,WE,Federal Contract Tower,0,0,31,0,31,0,0,32,0,32,0,0,63,0,63,22,0,22,85
03/23/2005,SNS,CA,AWP,WE,Federal Contract Tower,0,0,36,0,36,0,1,71,0,72,0,1,107,0,108,72,0,72,180
03/24/2005,SNS,CA,AWP,WE,Federal Contract Tower,0,0,38,0,38,0,8,84,0,92,0,8,122,0,130,140,0,140,270
03/25/2005,SNS,CA,AWP,WE,Federal Contract Tower,0,2,30,0,32,0,9,105,0,114,0,11,135,0,146,142,0,142,288
03/26/2005,SNS,CA,AWP,WE,Federal Contract Tower,0,0,18,0,18,0,0,89,0,89,0,0,107,0,107,248,0,248,355
03/27/2005,SNS,CA,AWP,WE,Federal Contract Tower,0,0,12,0,12,0,5,92,0,97,0,5,104,0,109,80,0,80,189
03/28/2005,SNS,CA,AWP,WE,Federal Contract Tower,0,0,14,0,14,0,6,55,0,61,0,6,69,0,75,40,0,40,115
03/29/2005,SNS,CA,AWP,WE,Federal Contract Tower,0,0,16,0,16,0,1,56,0,57,0,1,72,0,73,68,0,68,141
03/30/2005,SNS,CA,AWP,WE,Federal Contract Tower,0,0,29,0,29,0,7,136,0,143,0,7,165,0,172,126,0,126,298
03/31/2005,SNS,CA,AWP,WE,Federal Contract Tower,0,3,33,0,36,0,6,138,0,144,0,9,171,0,180,138,0,138,318
04/01/2005,SNS,CA,AWP,WE,Federal Contract Tower,0,5,18,0,23,0,4,179,0,183,0,9,197,0,206,134,0,134,340
04/02/2005,SNS,CA,AWP,WE,Federal Contract Tower,0,3,14,0,17,0,1,111,0,112,0,4,125,0,129,184,0,184,313
04/03/2005,SNS,CA,AWP,WE,Federal Contract Tower,0,0,7,0,7,0,6,74,0,80,0,6,81,0,87,78,0,78,165
04/04/2005,SNS,CA,AWP,WE,Federal Contract Tower,0,0,5,1,6,0,4,62,1,67,0,4,67,2,73,68,0,68,141
04/05/2005,SNS,CA,AWP,WE,Federal Contract Tower,0,1,15,0,16,0,2,140,0,142,0,3,155,0,158,94,0,94,252
04/06/2005,SNS,CA,AWP,WE,Federal Contract Tower,0,1,18,0,19,0,4,114,0,118,0,5,132,0,137,140,0,140,277
04/07/2005,SNS,CA,AWP,WE,Federal Contract Tower,0,0,22,0,22,0,1,95,0,96,0,1,117,0,118,72,0,72,190
04/08/2005,SNS,CA,AWP,WE,Federal Contract Tower,0,2,15,0,17,0,0,29,0,29,0,2,44,0,46,30,0,30,76
04/09/2005,SNS,CA,AWP,WE,Federal Contract Tower,0,0,32,0,32,0,0,120,0,120,0,0,152,0,152,290,0,290,442
04/10/2005,SNS,CA,AWP,WE,Federal Contract Tower,0,0,19,0,19,0,4,149,0,153,0,4,168,0,172,106,0,106,278
04/11/2005,SNS,CA,AWP,WE,Federal Contract Tower,0,0,10,0,10,0,3,85,0,88,0,3,95,0,98,12,0,12,110
04/12/2005,SNS,CA,AWP,WE,Federal Contract Tower,0,0,14,0,14,0,2,108,0,110,0,2,122,0,124,24,0,24,148
04/13/2005,SNS,CA,AWP,WE,Federal Contract Tower,0,0,23,0,23,0,1,100,0,101,0,1,123,0,124,16,0,16,140
04/14/2005,SNS,CA,AWP,WE,Federal Contract Tower,0,2,21,0,23,0,3,118,0,121,0,5,139,0,144,44,0,44,188
04/15/2005,SNS,CA,AWP,WE,Federal Contract Tower,0,1,25,2,28,0,3,128,2,133,0,4,153,4,161,148,0,148,309
04/16/2005,SNS,CA,AWP,WE,Federal Contract Tower,0,1,29,0,30,0,5,100,0,105,0,6,129,0,135,156,0,156,291
04/17/2005,SNS,CA,AWP,WE,Federal Contract Tower,0,0,15,0,15,0,3,71,0,74,0,3,86,0,89,68,0,68,157
04/18/2005,SNS,CA,AWP,WE,Federal Contract Tower,0,0,6,0,6,0,2,98,0,100,0,2,104,0,106,54,0,54,160
04/19/2005,SNS,CA,AWP,WE,Federal Contract Tower,0,1,12,0,13,0,3,94,4,101,0,4,106,4,114,134,0,134,248
04/20/2005,SNS,CA,AWP,WE,Federal Contract Tower,0,0,31,0,31,0,3,106,0,109,0,3,137,0,140,136,0,136,276
04/21/2005,SNS,CA,AWP,WE,Federal Contract Tower,0,0,4,0,4,0,1,120,0,121,0,1,124,0,125,38,0,38,163
04/22/2005,SNS,CA,AWP,WE,Federal Contract Tower,0,0,12,0,12,0,0,95,0,95,0,0,107,0,107,60,0,60,167
04/23/2005,SNS,CA,AWP,WE,Federal Contract Tower,0,0,9,0,9,0,7,35,0,42,0,7,44,0,51,62,0,62,113
04/24/2005,SNS,CA,AWP,WE,Federal Contract Tower,0,0,7,0,7,0,2,61,0,63,0,2,68,0,70,198,0,198,268
04/25/2005,SNS,CA,AWP,WE,Federal Contract Tower,0,0,12,0,12,0,3,111,0,114,0,3,123,0,126,64,0,64,190
04/26/2005,SNS,CA,AWP,WE,Federal Contract Tower,0,1,28,0,29,0,8,106,0,114,0,9,134,0,143,158,0,158,301
04/27/2005,SNS,CA,AWP,WE,Federal Contract Tower,0,1,13,0,14,0,9,91,0,100,0,10,104,0,114,34,0,34,148
04/28/2005,SNS,CA,AWP,WE,Federal Contract Tower,0,3,15,0,18,0,8,49,0,57,0,11,64,0,75,4,0,4,79
04/29/2005,SNS,CA,AWP,WE,Federal Contract Tower,0,1,25,0,26,0,5,113,0,118,0,6,138,0,144,118,0,118,262
04/30/2005,SNS,CA,AWP,WE,Federal Contract Tower,0,0,22,0,22,0,0,118,0,118,0,0,140,0,140,136,0,136,276
05/01/2005,SNS,CA,AWP,WE,Federal Contract Tower,0,0,12,0,12,0,4,89,0,93,0,4,101,0,105,150,0,150,255
05/02/2005,SNS,CA,AWP,WE,Federal Contract Tower,0,3,23,0,26,0,9,91,0,100,0,12,114,0,126,90,0,90,216
05/03/2005,SNS,CA,AWP,WE,Federal Contract Tower,0,2,17,0,19,0,18,101,0,119,0,20,118,0,138,70,0,70,208
05/04/2005,SNS,CA,AWP,WE,Federal Contract Tower,0,1,21,0,22,0,4,66,0,70,0,5,87,0,92,10,0,10,102
05/05/2005,SNS,CA,AWP,WE,Federal Contract Tower,0,0,21,0,21,0,0,33,0,33,0,0,54,0,54,32,0,32,86
05/06/2005,SNS,CA,AWP,WE,Federal Contract Tower,0,5,11,1,17,0,2,79,0,81,0,7,90,1,98,40,0,40,138
05/07/2005,SNS,CA,AWP,WE,Federal Contract Tower,0,0,22,0,22,0,2,110,0,112,0,2,132,0,134,164,0,164,298
05/08/2005,SNS,CA,AWP,WE,Federal Contract Tower,0,0,11,0,11,0,2,54,0,56,0,2,65,0,67,22,0,22,89
05/09/2005,SNS,CA,AWP,WE,Federal Contract Tower,0,1,15,0,16,0,3,61,0,64,0,4,76,0,80,38,0,38,118
05/10/2005,SNS,CA,AWP,WE,Federal Contract Tower,0,1,15,0,16,0,7,81,0,88,0,8,96,0,104,88,0,88,192
05/11/2005,SNS,CA,AWP,WE,Federal Contract Tower,0,0,22,0,22,0,3,118,0,121,0,3,140,0,143,144,0,144,287
05/12/2005,SNS,CA,AWP,WE,Federal Contract Tower,0,0,47,0,47,0,1,128,0,129,0,1,175,0,176,78,0,78,254
05/13/2005,SNS,CA,AWP,WE,Federal Contract Tower,0,0,30,0,30,0,5,94,0,99,0,5,124,0,129,54,0,54,183
05/14/2005,SNS,CA,AWP,WE,Federal Contract Tower,0,0,19,0,19,0,0,92,0,92,0,0,111,0,111,166,0,166,277
05/15/2005,SNS,CA,AWP,WE,Federal Contract Tower,0,0,22,0,22,0,6,68,2,76,0,6,90,2,98,120,0,120,218
05/16/2005,SNS,CA,AWP,WE,Federal Contract Tower,0,0,17,0,17,0,3,67,7,77,0,3,84,7,94,44,0,44,138
05/17/2005,SNS,CA,AWP,WE,Federal Contract Tower,0,2,30,0,32,0,3,99,0,102,0,5,129,0,134,76,0,76,210
05/18/2005,SNS,CA,AWP,WE,Federal Contract Tower,0,0,30,0,30,0,0,110,0,110,0,0,140,0,140,34,0,34,174
05/19/2005,SNS,CA,AWP,WE,Federal Contract Tower,0,0,34,0,34,0,0,91,0,91,0,0,125,0,125,26,0,26,151
05/20/2005,SNS,CA,AWP,WE,Federal Contract Tower,0,1,19,0,20,0,5,124,0,129,0,6,143,0,149,58,0,58,207
05/21/2005,SNS,CA,AWP,WE,Federal Contract Tower,0,1,28,0,29,0,5,112,0,117,0,6,140,0,146,108,0,108,254
05/22/2005,SNS,CA,AWP,WE,Federal Contract Tower,0,0,20,0,20,0,4,150,0,154,0,4,170,0,174,128,0,128,302
05/23/2005,SNS,CA,AWP,WE,Federal Contract Tower,0,0,15,0,15,0,5,82,0,87,0,5,97,0,102,106,0,106,208
05/24/2005,SNS,CA,AWP,WE,Federal Contract Tower,0,0,24,0,24,0,5,124,0,129,0,5,148,0,153,70,0,70,223
05/25/2005,SNS,CA,AWP,WE,Federal Contract Tower,0,0,32,0,32,0,1,68,0,69,0,1,100,0,101,102,0,102,203
05/26/2005,SNS,CA,AWP,WE,Federal Contract Tower,0,1,38,0,39,0,3,62,0,65,0,4,100,0,104,18,0,18,122
05/27/2005,SNS,CA,AWP,WE,Federal Contract Tower,0,0,23,0,23,0,4,92,0,96,0,4,115,0,119,82,0,82,201
05/28/2005,SNS,CA,AWP,WE,Federal Contract Tower,0,0,16,0,16,0,4,148,2,154,0,4,164,2,170,134,0,134,304
05/29/2005,SNS,CA,AWP,WE,Federal Contract Tower,0,0,11,0,11,0,4,87,0,91,0,4,98,0,102,68,0,68,170
05/30/2005,SNS,CA,AWP,WE,Federal Contract Tower,0,0,16,0,16,0,6,142,0,148,0,6,158,0,164,122,0,122,286
05/31/2005,SNS,CA,AWP,WE,Federal Contract Tower,0,2,39,0,41,0,3,54,0,57,0,5,93,0,98,36,0,36,134
06/01/2005,SNS,CA,AWP,WE,Federal Contract Tower,0,0,21,0,21,0,4,83,0,87,0,4,104,0,108,40,0,40,148
06/02/2005,SNS,CA,AWP,WE,Federal Contract Tower,0,5,26,0,31,0,7,74,0,81,0,12,100,0,112,68,0,68,180
06/03/2005,SNS,CA,AWP,WE,Federal Contract Tower,0,2,45,0,47,0,0,91,0,91,0,2,136,0,138,68,0,68,206
06/04/2005,SNS,CA,AWP,WE,Federal Contract Tower,0,0,13,0,13,0,2,87,0,89,0,2,100,0,102,280,0,280,382
06/05/2005,SNS,CA,AWP,WE,Federal Contract Tower,0,0,9,0,9,0,2,71,0,73,0,2,80,0,82,46,0,46,128
06/06/2005,SNS,CA,AWP,WE,Federal Contract Tower,0,0,20,0,20,0,2,55,0,57,0,2,75,0,77,42,0,42,119
06/07/2005,SNS,CA,AWP,WE,Federal Contract Tower,0,0,15,0,15,0,7,110,0,117,0,7,125,0,132,116,0,116,248
06/08/2005,SNS,CA,AWP,WE,Federal Contract Tower,0,2,32,0,34,0,6,135,0,141,0,8,167,0,175,76,0,76,251
06/09/2005,SNS,CA,AWP,WE,Federal Contract Tower,0,3,37,0,40,0,0,64,2,66,0,3,101,2,106,30,0,30,136
06/10/2005,SNS,CA,AWP,WE,Federal Contract Tower,0,1,20,0,21,0,5,102,0,107,0,6,122,0,128,78,0,78,206
06/11/2005,SNS,CA,AWP,WE,Federal Contract Tower,0,0,30,0,30,0,4,95,0,99,0,4,125,0,129,38,0,38,167
06/12/2005,SNS,CA,AWP,WE,Federal Contract Tower,0,1,9,0,10,0,5,90,0,95,0,6,99,0,105,132,0,132,237
06/13/2005,SNS,CA,AWP,WE,Federal Contract Tower,0,0,27,0,27,0,4,88,0,92,0,4,115,0,119,44,0,44,163
06/14/2005,SNS,CA,AWP,WE,Federal Contract Tower,0,0,29,0,29,0,7,119,0,126,0,7,148,0,155,152,0,152,307
06/15/2005,SNS,CA,AWP,WE,Federal Contract Tower,0,0,46,0,46,0,1,84,0,85,0,1,130,0,131,62,0,62,193
06/16/2005,SNS,CA,AWP,WE,Federal Contract Tower,0,3,16,0,19,0,4,88,0,92,0,7,104,0,111,70,0,70,181
06/17/2005,SNS,CA,AWP,WE,Federal Contract Tower,0,0,13,0,13,0,5,86,2,93,0,5,99,2,106,62,0,62,168
06/18/2005,SNS,CA,AWP,WE,Federal Contract Tower,0,2,25,0,27,0,5,123,0,128,0,7,148,0,155,112,0,112,267
06/19/2005,SNS,CA,AWP,WE,Federal Contract Tower,0,0,24,0,24,0,9,104,0,113,0,9,128,0,137,234,0,234,371
06/20/2005,SNS,CA,AWP,WE,Federal Contract Tower,0,2,10,0,12,0,0,72,0,72,0,2,82,0,84,58,0,58,142
06/21/2005,SNS,CA,AWP,WE,Federal Contract Tower,0,0,27,0,27,0,1,79,0,80,0,1,106,0,107,50,0,50,157
06/22/2005,SNS,CA,AWP,WE,Federal Contract Tower,0,1,24,0,25,0,0,79,0,79,0,1,103,0,104,100,0,100,204
06/23/2005,SNS,CA,AWP,WE,Federal Contract Tower,0,0,16,0,16,0,4,60,0,64,0,4,76,0,80,96,0,96,176
06/24/2005,SNS,CA,AWP,WE,Federal Contract Tower,0,0,25,0,25,0,2,94,0,96,0,2,119,0,121,103,0,103,224
06/25/2005,SNS,CA,AWP,WE,Federal Contract Tower,0,0,21,0,21,0,6,136,0,142,0,6,157,0,163,182,0,182,345
06/26/2005,SNS,CA,AWP,WE,Federal Contract Tower,0,0,15,0,15,0,4,79,0,83,0,4,94,0,98,38,0,38,136
06/27/2005,SNS,CA,AWP,WE,Federal Contract Tower,0,0,16,0,16,0,2,67,0,69,0,2,83,0,85,82,0,82,167
06/28/2005,SNS,CA,AWP,WE,Federal Contract Tower,0,0,26,0,26,0,0,50,2,52,0,0,76,2,78,46,0,46,124
06/29/2005,SNS,CA,AWP,WE,Federal Contract Tower,0,6,34,0,40,0,4,66,0,70,0,10,100,0,110,26,0,26,136
06/30/2005,SNS,CA,AWP,WE,Federal Contract Tower,0,0,44,0,44,0,2,137,0,139,0,2,181,0,183,56,0,56,239
07/01/2005,SNS,CA,AWP,WE,Federal Contract Tower,0,3,31,0,34,0,5,83,0,88,0,8,114,0,122,68,0,68,190
07/02/2005,SNS,CA,AWP,WE,Federal Contract Tower,0,0,26,0,26,0,7,90,0,97,0,7,116,0,123,74,0,74,197
07/03/2005,SNS,CA,AWP,WE,Federal Contract Tower,0,0,24,0,24,0,4,75,0,79,0,4,99,0,103,56,0,56,159
07/04/2005,SNS,CA,AWP,WE,Federal Contract Tower,0,3,8,0,11,0,7,72,0,79,0,10,80,0,90,54,0,54,144
07/05/2005,SNS,CA,AWP,WE,Federal Contract Tower,0,2,32,0,34,0,0,40,0,40,0,2,72,0,74,30,0,30,104
07/06/2005,SNS,CA,AWP,WE,Federal Contract Tower,0,0,39,0,39,0,0,47,0,47,0,0,86,0,86,104,0,104,190
07/07/2005,SNS,CA,AWP,WE,Federal Contract Tower,0,6,54,0,60,0,0,32,0,32,0,6,86,0,92,78,0,78,170
07/08/2005,SNS,CA,AWP,WE,Federal Contract Tower,0,6,25,0,31,0,2,151,0,153,0,8,176,0,184,118,0,118,302
07/09/2005,SNS,CA,AWP,WE,Federal Contract Tower,0,0,12,0,12,0,6,100,0,106,0,6,112,0,118,54,0,54,172
07/10/2005,SNS,CA,AWP,WE,Federal Contract Tower,0,0,14,0,14,0,8,95,0,103,0,8,109,0,117,148,0,148,265
07/11/2005,SNS,CA,AWP,WE,Federal Contract Tower,0,7,28,0,35,0,5,102,0,107,0,12,130,0,142,120,0,120,262
07/12/2005,SNS,CA,AWP,WE,Federal Contract Tower,0,0,12,0,12,0,2,89,0,91,0,2,101,0,103,146,0,146,249
07/13/2005,SNS,CA,AWP,WE,Federal Contract Tower,0,0,39,0,39,0,0,62,0,62,0,0,101,0,101,82,0,82,183
07/14/2005,SNS,CA,AWP,WE,Federal Contract Tower,0,0,38,0,38,0,2,65,0,67,0,2,103,0,105,84,0,84,189
07/15/2005,SNS,CA,AWP,WE,Federal Contract Tower,0,3,31,0,34,0,12,128,0,140,0,15,159,0,174,76,0,76,250
07/16/2005,SNS,CA,AWP,WE,Federal Contract Tower,0,0,32,0,32,0,6,140,0,146,0,6,172,0,178,338,0,338,516
07/17/2005,SNS,CA,AWP,WE,Federal Contract Tower,0,0,19,0,19,0,3,96,0,99,0,3,115,0,118,226,0,226,344
07/18/2005,SNS,CA,AWP,WE,Federal Contract Tower,0,0,27,0,27,0,1,48,2,51,0,1,75,2,78,160,0,160,238
07/19/2005,SNS,CA,AWP,WE,Federal Contract Tower,0,1,64,0,65,0,3,67,0,70,0,4,131,0,135,42,0,42,177
07/20/2005,SNS,CA,AWP,WE,Federal Contract Tower,0,2,45,4,51,0,3,54,2,59,0,5,99,6,110,56,10,66,176
07/21/2005,SNS,CA,AWP,WE,Federal Contract Tower,0,2,60,1,63,0,1,29,4,34,0,3,89,5,97,32,0,32,129
07/22/2005,SNS,CA,AWP,WE,Federal Contract Tower,0,1,15,0,16,0,4,131,0,135,0,5,146,0,151,108,0,108,259
07/23/2005,SNS,CA,AWP,WE,Federal Contract Tower,0,2,19,0,21,0,3,134,0,137,0,5,153,0,158,160,0,160,318
07/24/2005,SNS,CA,AWP,WE,Federal Contract Tower,0,0,37,0,37,0,5,100,0,105,0,5,137,0,142,80,0,80,222
07/25/2005,SNS,CA,AWP,WE,Federal Contract Tower,0,2,22,0,24,0,0,56,0,56,0,2,78,0,80,18,0,18,98
07/26/2005,SNS,CA,AWP,WE,Federal Contract Tower,0,0,29,0,29,0,4,94,0,98,0,4,123,0,127,88,0,88,215
07/27/2005,SNS,CA,AWP,WE,Federal Contract Tower,0,6,52,0,58,0,0,73,0,73,0,6,125,0,131,118,0,118,249
07/28/2005,SNS,CA,AWP,WE,Federal Contract Tower,0,0,45,0,45,0,0,39,0,39,0,0,84,0,84,120,0,120,204
07/29/2005,SNS,CA,AWP,WE,Federal Contract Tower,0,0,26,0,26,0,2,115,0,117,0,2,141,0,143,144,0,144,287
07/30/2005,SNS,CA,AWP,WE,Federal Contract Tower,0,0,10,0,10,0,3,96,0,99,0,3,106,0,109,112,0,112,221
07/31/2005,SNS,CA,AWP,WE,Federal Contract Tower,0,2,43,0,45,0,2,115,2,119,0,4,158,2,164,134,0,134,298
08/01/2005,SNS,CA,AWP,WE,Federal Contract Tower,0,2,16,0,18,0,3,113,0,116,0,5,129,0,134,102,0,102,236
08/02/2005,SNS,CA,AWP,WE,Federal Contract Tower,0,1,21,0,22,0,3,89,0,92,0,4,110,0,114,76,0,76,190
08/03/2005,SNS,CA,AWP,WE,Federal Contract Tower,0,3,41,0,44,0,0,45,0,45,0,3,86,0,89,138,0,138,227
08/04/2005,SNS,CA,AWP,WE,Federal Contract Tower,0,0,63,0,63,0,2,45,0,47,0,2,108,0,110,84,0,84,194
08/05/2005,SNS,CA,AWP,WE,Federal Contract Tower,0,2,34,0,36,0,4,106,0,110,0,6,140,0,146,142,0,142,288
08/06/2005,SNS,CA,AWP,WE,Federal Contract Tower,0,0,31,0,31,0,3,164,0,167,0,3,195,0,198,158,0,158,356
08/07/2005,SNS,CA,AWP,WE,Federal Contract Tower,0,0,34,0,34,0,1,94,0,95,0,1,128,0,129,128,0,128,257
08/08/2005,SNS,CA,AWP,WE,Federal Contract Tower,0,2,22,0,24,0,4,66,0,70,0,6,88,0,94,80,0,80,174
08/09/2005,SNS,CA,AWP,WE,Federal Contract Tower,0,0,38,0,38,0,0,61,0,61,0,0,99,0,99,120,0,120,219
08/10/2005,SNS,CA,AWP,WE,Federal Contract Tower,0,0,45,0,45,0,5,70,0,75,0,5,115,0,120,140,0,140,260
08/11/2005,SNS,CA,AWP,WE,Federal Contract Tower,0,1,46,0,47,0,0,46,0,46,0,1,92,0,93,110,0,110,203
08/12/2005,SNS,CA,AWP,WE,Federal Contract Tower,0,1,30,0,31,0,4,104,0,108,0,5,134,0,139,210,0,210,349
08/13/2005,SNS,CA,AWP,WE,Federal Contract Tower,0,0,21,0,21,0,0,39,0,39,0,0,60,0,60,88,0,88,148
08/14/2005,SNS,CA,AWP,WE,Federal Contract Tower,0,0,17,0,17,0,1,78,0,79,0,1,95,0,96,0,0,0,96
08/15/2005,SNS,CA,AWP,WE,Federal Contract Tower,0,0,15,0,15,0,2,53,0,55,0,2,68,0,70,100,0,100,170
08/16/2005,SNS,CA,AWP,WE,Federal Contract Tower,0,0,39,2,41,0,0,68,0,68,0,0,107,2,109,190,0,190,299
08/17/2005,SNS,CA,AWP,WE,Federal Contract Tower,0,0,55,0,55,0,0,60,0,60,0,0,115,0,115,60,0,60,175
08/18/2005,SNS,CA,AWP,WE,Federal Contract Tower,0,2,51,0,53,0,0,42,0,42,0,2,93,0,95,46,0,46,141
08/19/2005,SNS,CA,AWP,WE,Federal Contract Tower,0,1,49,0,50,0,0,26,0,26,0,1,75,0,76,60,0,60,136
08/20/2005,SNS,CA,AWP,WE,Federal Contract Tower,0,2,36,0,38,0,2,85,0,87,0,4,121,0,125,158,0,158,283
08/21/2005,SNS,CA,AWP,WE,Federal Contract Tower,0,2,35,0,37,0,5,90,0,95,0,7,125,0,132,106,0,106,238
08/22/2005,SNS,CA,AWP,WE,Federal Contract Tower,0,2,20,0,22,0,53,73,0,126,0,55,93,0,148,144,0,144,292
08/23/2005,SNS,CA,AWP,WE,Federal Contract Tower,0,2,21,0,23,0,2,82,0,84,0,4,103,0,107,56,0,56,163
08/24/2005,SNS,CA,AWP,WE,Federal Contract Tower,0,1,55,0,56,0,0,78,0,78,0,1,133,0,134,68,0,68,202
08/25/2005,SNS,CA,AWP,WE,Federal Contract Tower,0,1,21,0,22,0,3,89,0,92,0,4,110,0,114,96,0,96,210
08/26/2005,SNS,CA,AWP,WE,Federal Contract Tower,0,0,25,0,25,0,0,50,0,50,0,0,75,0,75,228,0,228,303
08/27/2005,SNS,CA,AWP,WE,Federal Contract Tower,0,1,26,0,27,0,1,76,0,77,0,2,102,0,104,308,0,308,412
08/28/2005,SNS,CA,AWP,WE,Federal Contract Tower,0,2,25,0,27,0,6,107,0,113,0,8,132,0,140,150,0,150,290
08/29/2005,SNS,CA,AWP,WE,Federal Contract Tower,0,0,16,0,16,0,4,116,0,120,0,4,132,0,136,146,0,146,282
08/30/2005,SNS,CA,AWP,WE,Federal Contract Tower,0,0,18,0,18,0,5,113,0,118,0,5,131,0,136,100,0,100,236
08/31/2005,SNS,CA,AWP,WE,Federal Contract Tower,0,1,23,0,24,0,2,118,0,120,0,3,141,0,144,136,0,136,280
09/01/2005,SNS,CA,AWP,WE,Federal Contract Tower,0,0,23,0,23,0,2,103,0,105,0,2,126,0,128,102,0,102,230
09/02/2005,SNS,CA,AWP,WE,Federal Contract Tower,0,0,51,0,51,0,0,44,0,44,0,0,95,0,95,184,0,184,279
09/03/2005,SNS,CA,AWP,WE,Federal Contract Tower,0,4,40,0,44,0,1,55,0,56,0,5,95,0,100,76,0,76,176
09/04/2005,SNS,CA,AWP,WE,Federal Contract Tower,0,2,20,0,22,0,8,91,0,99,0,10,111,0,121,32,0,32,153
09/05/2005,SNS,CA,AWP,WE,Federal Contract Tower,0,2,8,0,10,0,4,137,0,141,0,6,145,0,151,196,0,196,347
09/06/2005,SNS,CA,AWP,WE,Federal Contract Tower,0,1,26,0,27,0,1,91,0,92,0,2,117,0,119,116,0,116,235
09/07/2005,SNS,CA,AWP,WE,Federal Contract Tower,0,2,59,0,61,0,0,71,0,71,0,2,130,0,132,72,0,72,204
09/08/2005,SNS,CA,AWP,WE,Federal Contract Tower,0,2,35,0,37,0,0,68,0,68,0,2,103,0,105,88,0,88,193
09/09/2005,SNS,CA,AWP,WE,Federal Contract Tower,0,0,38,0,38,0,6,53,0,59,0,6,91,0,97,74,0,74,171
09/10/2005,SNS,CA,AWP,WE,Federal Contract Tower,0,0,17,0,17,0,2,98,0,100,0,2,115,0,117,160,0,160,277
09/11/2005,SNS,CA,AWP,WE,Federal Contract Tower,0,0,18,0,18,0,4,98,0,102,0,4,116,0,120,62,0,62,182
09/12/2005,SNS,CA,AWP,WE,Federal Contract Tower,0,4,14,0,18,0,3,76,0,79,0,7,90,0,97,80,0,80,177
09/13/2005,SNS,CA,AWP,WE,Federal Contract Tower,0,1,29,0,30,0,0,64,2,66,0,1,93,2,96,84,0,84,180
09/14/2005,SNS,CA,AWP,WE,Federal Contract Tower,0,2,36,0,38,0,1,72,0,73,0,3,108,0,111,48,0,48,159
09/15/2005,SNS,CA,AWP,WE,Federal Contract Tower,0,1,60,0,61,0,1,46,0,47,0,2,106,0,108,68,0,68,176
09/16/2005,SNS,CA,AWP,WE,Federal Contract Tower,0,0,25,1,26,0,0,75,0,75,0,0,100,1,101,202,0,202,303
09/17/2005,SNS,CA,AWP,WE,Federal Contract Tower,0,0,29,0,29,0,0,78,0,78,0,0,107,0,107,78,0,78,185
09/18/2005,SNS,CA,AWP,WE,Federal Contract Tower,0,0,27,0,27,0,4,85,0,89,0,4,112,0,116,104,0,104,220
09/19/2005,SNS,CA,AWP,WE,Federal Contract Tower,0,2,16,0,18,0,3,69,0,72,0,5,85,0,90,92,0,92,182
09/20/2005,SNS,CA,AWP,WE,Federal Contract Tower,0,2,37,0,39,0,2,44,0,46,0,4,81,0,85,80,0,80,165
09/21/2005,SNS,CA,AWP,WE,Federal Contract Tower,0,0,36,0,36,0,1,98,0,99,0,1,134,0,135,220,0,220,355
09/22/2005,SNS,CA,AWP,WE,Federal Contract Tower,0,0,34,0,34,0,1,73,0,74,0,1,107,0,108,44,0,44,152
09/23/2005,SNS,CA,AWP,WE,Federal Contract Tower,0,1,40,0,41,0,0,71,0,71,0,1,111,0,112,162,0,162,274
09/24/2005,SNS,CA,AWP,WE,Federal Contract Tower,0,0,23,0,23,0,9,90,0,99,0,9,113,0,122,190,0,190,312
09/25/2005,SNS,CA,AWP,WE,Federal Contract Tower,0,0,7,0,7,0,6,96,0,102,0,6,103,0,109,186,0,186,295
09/26/2005,SNS,CA,AWP,WE,Federal Contract Tower,0,0,17,0,17,0,6,97,0,103,0,6,114,0,120,64,0,64,184
09/27/2005,SNS,CA,AWP,WE,Federal Contract Tower,0,0,22,0,22,0,3,105,2,110,0,3,127,2,132,78,10,88,220
09/28/2005,SNS,CA,AWP,WE,Federal Contract Tower,0,0,8,0,8,0,1,73,0,74,0,1,81,0,82,40,0,40,122
09/29/2005,SNS,CA,AWP,WE,Federal Contract Tower,0,1,7,5,13,0,0,120,0,120,0,1,127,5,133,10,16,26,159
09/30/2005,SNS,CA,AWP,WE,Federal Contract Tower,0,1,2,0,3,0,0,86,1,87,0,1,88,1,90,0,0,0,90
10/01/2005,SNS,CA,AWP,WE,Federal Contract Tower,0,2,4,0,6,0,12,257,0,269,0,14,261,0,275,20,0,20,295
10/02/2005,SNS,CA,AWP,WE,Federal Contract Tower,0,0,1,0,1,0,9,187,0,196,0,9,188,0,197,34,0,34,231
10/03/2005,SNS,CA,AWP,WE,Federal Contract Tower,0,0,3,2,5,0,6,67,3,76,0,6,70,5,81,0,0,0,81
10/04/2005,SNS,CA,AWP,WE,Federal Contract Tower,0,0,4,0,4,0,4,91,0,95,0,4,95,0,99,26,0,26,125
10/05/2005,SNS,CA,AWP,WE,Federal Contract Tower,0,0,25,0,25,0,3,122,0,125,0,3,147,0,150,102,0,102,252
10/06/2005,SNS,CA,AWP,WE,Federal Contract Tower,0,0,26,0,26,0,1,100,0,101,0,1,126,0,127,86,0,86,213
10/07/2005,SNS,CA,AWP,WE,Federal Contract Tower,0,9,26,0,35,0,3,81,0,84,0,12,107,0,119,142,0,142,261
10/08/2005,SNS,CA,AWP,WE,Federal Contract Tower,0,0,32,0,32,0,2,164,0,166,0,2,196,0,198,156,0,156,354
10/09/2005,SNS,CA,AWP,WE,Federal Contract Tower,0,0,12,0,12,0,3,112,0,115,0,3,124,0,127,78,0,78,205
10/10/2005,SNS,CA,AWP,WE,Federal Contract Tower,0,0,9,0,9,0,5,81,0,86,0,5,90,0,95,76,0,76,171
10/11/2005,SNS,CA,AWP,WE,Federal Contract Tower,0,0,37,2,39,0,3,54,2,59,0,3,91,4,98,48,0,48,146
10/12/2005,SNS,CA,AWP,WE,Federal Contract Tower,0,3,40,0,43,0,3,54,0,57,0,6,94,0,100,92,0,92,192
10/13/2005,SNS,CA,AWP,WE,Federal Contract Tower,0,8,28,0,36,0,6,97,2,105,0,14,125,2,141,84,0,84,225
10/14/2005,SNS,CA,AWP,WE,Federal Contract Tower,0,0,21,0,21,0,5,72,5,82,0,5,93,5,103,0,53,53,156
10/15/2005,SNS,CA,AWP,WE,Federal Contract Tower,0,0,23,0,23,0,3,92,1,96,0,3,115,1,119,118,0,118,237
10/16/2005,SNS,CA,AWP,WE,Federal Contract Tower,0,1,14,0,15,0,5,120,0,125,0,6,134,0,140,144,0,144,284
10/17/2005,SNS,CA,AWP,WE,Federal Contract Tower,0,0,8,0,8,0,4,99,0,103,0,4,107,0,111,52,0,52,163
10/18/2005,SNS,CA,AWP,WE,Federal Contract Tower,0,2,20,0,22,0,0,82,0,82,0,2,102,0,104,92,0,92,196
10/19/2005,SNS,CA,AWP,WE,Federal Contract Tower,0,2,33,0,35,0,0,95,0,95,0,2,128,0,130,86,0,86,216
10/20/2005,SNS,CA,AWP,WE,Federal Contract Tower,0,5,52,1,58,0,1,51,1,53,0,6,103,2,111,42,0,42,153
10/21/2005,SNS,CA,AWP,WE,Federal Contract Tower,0,9,31,0,40,0,0,92,0,92,0,9,123,0,132,276,0,276,408
10/22/2005,SNS,CA,AWP,WE,Federal Contract Tower,0,0,31,0,31,0,4,42,0,46,0,4,73,0,77,70,0,70,147
10/23/2005,SNS,CA,AWP,WE,Federal Contract Tower,0,0,18,0,18,0,6,91,2,99,0,6,109,2,117,20,0,20,137
10/24/2005,SNS,CA,AWP,WE,Federal Contract Tower,0,2,30,0,32,0,2,52,0,54,0,4,82,0,86,4,0,4,90
10/25/2005,SNS,CA,AWP,WE,Federal Contract Tower,0,6,36,0,42,0,3,68,0,71,0,9,104,0,113,70,0,70,183
10/26/2005,SNS,CA,AWP,WE,Federal Contract Tower,0,1,55,0,56,0,0,64,0,64,0,1,119,0,120,64,0,64,184
10/27/2005,SNS,CA,AWP,WE,Federal Contract Tower,0,2,25,0,27,0,2,88,0,90,0,4,113,0,117,100,0,100,217
10/28/2005,SNS,CA,AWP,WE,Federal Contract Tower,0,0,18,0,18,0,1,78,0,79,0,1,96,0,97,88,0,88,185
10/29/2005,SNS,CA,AWP,WE,Federal Contract Tower,0,0,21,0,21,0,1,63,0,64,0,1,84,0,85,96,0,96,181
10/30/2005,SNS,CA,AWP,WE,Federal Contract Tower,0,0,9,0,9,0,3,136,0,139,0,3,145,0,148,116,0,116,264
10/31/2005,SNS,CA,AWP,WE,Federal Contract Tower,0,0,14,0,14,0,3,86,0,89,0,3,100,0,103,84,0,84,187
11/01/2005,SNS,CA,AWP,WE,Federal Contract Tower,0,1,16,0,17,0,4,112,0,116,0,5,128,0,133,110,0,110,243
11/02/2005,SNS,CA,AWP,WE,Federal Contract Tower,0,2,34,0,36,0,7,78,0,85,0,9,112,0,121,126,0,126,247
11/03/2005,SNS,CA,AWP,WE,Federal Contract Tower,0,5,17,0,22,0,3,97,0,100,0,8,114,0,122,108,0,108,230
11/04/2005,SNS,CA,AWP,WE,Federal Contract Tower,0,0,24,1,25,0,7,61,1,69,0,7,85,2,94,68,0,68,162
11/05/2005,SNS,CA,AWP,WE,Federal Contract Tower,0,0,25,0,25,0,0,104,0,104,0,0,129,0,129,196,0,196,325
11/06/2005,SNS,CA,AWP,WE,Federal Contract Tower,0,0,16,0,16,0,0,63,0,63,0,0,79,0,79,76,0,76,155
11/07/2005,SNS,CA,AWP,WE,Federal Contract Tower,0,1,27,0,28,0,5,78,0,83,0,6,105,0,111,76,0,76,187
11/08/2005,SNS,CA,AWP,WE,Federal Contract Tower,0,2,20,0,22,0,2,99,0,101,0,4,119,0,123,88,0,88,211
11/09/2005,SNS,CA,AWP,WE,Federal Contract Tower,0,0,20,0,20,0,4,110,0,114,0,4,130,0,134,144,0,144,278
11/10/2005,SNS,CA,AWP,WE,Federal Contract Tower,0,4,31,0,35,0,5,104,0,109,0,9,135,0,144,174,0,174,318
11/11/2005,SNS,CA,AWP,WE,Federal Contract Tower,0,0,27,0,27,0,1,93,0,94,0,1,120,0,121,108,0,108,229
11/12/2005,SNS,CA,AWP,WE,Federal Contract Tower,0,0,16,0,16,0,3,84,0,87,0,3,100,0,103,188,0,188,291
11/13/2005,SNS,CA,AWP,WE,Federal Contract Tower,0,0,2,0,2,0,7,121,0,128,0,7,123,0,130,114,0,114,244
11/14/2005,SNS,CA,AWP,WE,Federal Contract Tower,0,0,14,0,14,0,3,122,0,125,0,3,136,0,139,154,0,154,293
11/15/2005,SNS,CA,AWP,WE,Federal Contract Tower,0,3,10,0,13,0,3,109,0,112,0,6,119,0,125,112,0,112,237
11/16/2005,SNS,CA,AWP,WE,Federal Contract Tower,0,3,18,0,21,0,1,113,0,114,0,4,131,0,135,112,0,112,247
11/17/2005,SNS,CA,AWP,WE,Federal Contract Tower,0,4,30,0,34,0,5,157,0,162,0,9,187,0,196,150,0,150,346
11/18/2005,SNS,CA,AWP,WE,Federal Contract Tower,0,0,18,0,18,0,2,75,2,79,0,2,93,2,97,96,0,96,193
11/19/2005,SNS,CA,AWP,WE,Federal Contract Tower,0,0,19,0,19,0,0,99,0,99,0,0,118,0,118,142,0,142,260
11/20/2005,SNS,CA,AWP,WE,Federal Contract Tower,0,2,12,0,14,0,4,117,0,121,0,6,129,0,135,126,0,126,261
11/21/2005,SNS,CA,AWP,WE,Federal Contract Tower,0,2,14,0,16,0,4,80,0,84,0,6,94,0,100,27,0,27,127
11/22/2005,SNS,CA,AWP,WE,Federal Contract Tower,0,1,20,0,21,0,4,122,0,126,0,5,142,0,147,84,0,84,231
11/23/2005,SNS,CA,AWP,WE,Federal Contract Tower,0,0,28,0,28,0,4,136,0,140,0,4,164,0,168,118,0,118,286
11/24/2005,SNS,CA,AWP,WE,Federal Contract Tower,0,1,6,0,7,0,2,35,0,37,0,3,41,0,44,132,0,132,176
11/25/2005,SNS,CA,AWP,WE,Federal Contract Tower,0,0,21,0,21,0,2,23,0,25,0,2,44,0,46,98,0,98,144
11/26/2005,SNS,CA,AWP,WE,Federal Contract Tower,0,0,8,0,8,0,3,102,0,105,0,3,110,0,113,204,0,204,317
11/27/2005,SNS,CA,AWP,WE,Federal Contract Tower,0,0,11,0,11,0,7,134,0,141,0,7,145,0,152,175,0,175,327
11/28/2005,SNS,CA,AWP,WE,Federal Contract Tower,0,2,16,0,18,0,2,77,0,79,0,4,93,0,97,76,0,76,173
11/29/2005,SNS,CA,AWP,WE,Federal Contract Tower,0,1,32,1,34,0,1,57,1,59,0,2,89,2,93,88,0,88,181
11/30/2005,SNS,CA,AWP,WE,Federal Contract Tower,0,1,33,0,34,0,0,64,0,64,0,1,97,0,98,132,0,132,230
12/01/2005,SNS,CA,AWP,WE,Federal Contract Tower,0,0,23,0,23,0,4,21,0,25,0,4,44,0,48,54,0,54,102
12/02/2005,SNS,CA,AWP,WE,Federal Contract Tower,0,0,19,0,19,0,2,69,0,71,0,2,88,0,90,142,0,142,232
12/03/2005,SNS,CA,AWP,WE,Federal Contract Tower,0,0,19,0,19,0,2,125,0,127,0,2,144,0,146,234,0,234,380
12/04/2005,SNS,CA,AWP,WE,Federal Contract Tower,0,1,10,0,11,0,3,101,0,104,0,4,111,0,115,124,0,124,239
12/05/2005,SNS,CA,AWP,WE,Federal Contract Tower,0,0,9,0,9,0,6,122,0,128,0,6,131,0,137,88,0,88,225
12/06/2005,SNS,CA,AWP,WE,Federal Contract Tower,0,1,18,0,19,0,0,102,0,102,0,1,120,0,121,116,0,116,237
12/07/2005,SNS,CA,AWP,WE,Federal Contract Tower,0,1,22,0,23,0,2,91,0,93,0,3,113,0,116,144,0,144,260
12/08/2005,SNS,CA,AWP,WE,Federal Contract Tower,0,3,22,2,27,0,7,70,0,77,0,10,92,2,104,64,2,66,170
12/09/2005,SNS,CA,AWP,WE,Federal Contract Tower,0,0,17,0,17,0,9,72,0,81,0,9,89,0,98,96,0,96,194
12/10/2005,SNS,CA,AWP,WE,Federal Contract Tower,0,0,24,0,24,0,5,78,0,83,0,5,102,0,107,202,0,202,309
12/11/2005,SNS,CA,AWP,WE,Federal Contract Tower,0,0,5,0,5,0,4,114,0,118,0,4,119,0,123,200,0,200,323
12/12/2005,SNS,CA,AWP,WE,Federal Contract Tower,0,2,17,0,19,0,2,98,0,100,0,4,115,0,119,68,0,68,187
12/13/2005,SNS,CA,AWP,WE,Federal Contract Tower,0,1,29,0,30,0,4,88,0,92,0,5,117,0,122,76,0,76,198
12/14/2005,SNS,CA,AWP,WE,Federal Contract Tower,0,0,24,0,24,0,5,93,8,106,0,5,117,8,130,58,0,58,188
12/15/2005,SNS,CA,AWP,WE,Federal Contract Tower,0,4,24,0,28,0,5,80,0,85,0,9,104,0,113,60,0,60,173
12/16/2005,SNS,CA,AWP,WE,Federal Contract Tower,0,0,17,0,17,0,5,84,0,89,0,5,101,0,106,58,0,58,164
12/17/2005,SNS,CA,AWP,WE,Federal Contract Tower,0,2,14,0,16,0,0,68,0,68,0,2,82,0,84,170,0,170,254
12/18/2005,SNS,CA,AWP,WE,Federal Contract Tower,0,0,3,0,3,0,2,15,0,17,0,2,18,0,20,2,0,2,22
12/19/2005,SNS,CA,AWP,WE,Federal Contract Tower,0,0,12,0,12,0,4,72,0,76,0,4,84,0,88,35,0,35,123
12/20/2005,SNS,CA,AWP,WE,Federal Contract Tower,0,0,12,0,12,0,4,62,0,66,0,4,74,0,78,58,0,58,136
12/21/2005,SNS,CA,AWP,WE,Federal Contract Tower,0,0,15,0,15,0,3,84,0,87,0,3,99,0,102,102,0,102,204
12/22/2005,SNS,CA,AWP,WE,Federal Contract Tower,0,2,31,0,33,0,5,43,0,48,0,7,74,0,81,38,0,38,119
12/23/2005,SNS,CA,AWP,WE,Federal Contract Tower,0,10,42,0,52,0,4,34,0,38,0,14,76,0,90,6,0,6,96
12/24/2005,SNS,CA,AWP,WE,Federal Contract Tower,0,4,9,0,13,0,2,66,0,68,0,6,75,0,81,116,0,116,197
12/25/2005,SNS,CA,AWP,WE,Federal Contract Tower,0,0,2,0,2,0,0,5,0,5,0,0,7,0,7,4,0,4,11
12/26/2005,SNS,CA,AWP,WE,Federal Contract Tower,0,3,27,0,30,0,5,100,0,105,0,8,127,0,135,84,0,84,219
12/27/2005,SNS,CA,AWP,WE,Federal Contract Tower,0,0,20,0,20,0,3,106,0,109,0,3,126,0,129,64,0,64,193
12/28/2005,SNS,CA,AWP,WE,Federal Contract Tower,0,2,13,0,15,0,2,19,0,21,0,4,32,0,36,38,0,38,74
12/29/2005,SNS,CA,AWP,WE,Federal Contract Tower,0,1,27,0,28,0,2,75,0,77,0,3,102,0,105,102,0,102,207
12/30/2005,SNS,CA,AWP,WE,Federal Contract Tower,0,1,19,0,20,0,0,42,0,42,0,1,61,0,62,30,0,30,92
12/31/2005,SNS,CA,AWP,WE,Federal Contract Tower,0,0,2,0,2,0,1,11,0,12,0,1,13,0,14,16,0,16,30
01/01/2006,SNS,CA,AWP,WE,Federal Contract Tower,0,3,1,0,4,0,2,5,0,7,0,5,6,0,11,0,0,0,11
01/02/2006,SNS,CA,AWP,WE,Federal Contract Tower,0,0,8,0,8,0,2,27,0,29,0,2,35,0,37,2,0,2,39
01/03/2006,SNS,CA,AWP,WE,Federal Contract Tower,0,0,25,0,25,0,0,49,2,51,0,0,74,2,76,106,0,106,182
01/04/2006,SNS,CA,AWP,WE,Federal Contract Tower,0,2,25,0,27,0,2,107,0,109,0,4,132,0,136,74,0,74,210
01/05/2006,SNS,CA,AWP,WE,Federal Contract Tower,0,1,27,0,28,0,2,73,0,75,0,3,100,0,103,110,0,110,213
01/06/2006,SNS,CA,AWP,WE,Federal Contract Tower,0,3,44,0,47,0,0,152,2,154,0,3,196,2,201,62,0,62,263
01/07/2006,SNS,CA,AWP,WE,Federal Contract Tower,0,0,12,0,12,0,0,115,0,115,0,0,127,0,127,104,0,104,231
01/08/2006,SNS,CA,AWP,WE,Federal Contract Tower,0,0,7,0,7,0,4,192,0,196,0,4,199,0,203,226,0,226,429
01/09/2006,SNS,CA,AWP,WE,Federal Contract Tower,0,0,9,0,9,0,5,123,0,128,0,5,132,0,137,94,0,94,231
01/10/2006,SNS,CA,AWP,WE,Federal Contract Tower,0,0,8,0,8,0,23,102,0,125,0,23,110,0,133,104,0,104,237
01/11/2006,SNS,CA,AWP,WE,Federal Contract Tower,0,3,34,0,37,0,1,100,2,103,0,4,134,2,140,56,0,56,196
01/12/2006,SNS,CA,AWP,WE,Federal Contract Tower,0,3,26,0,29,0,3,119,0,122,0,6,145,0,151,60,0,60,211
01/13/2006,SNS,CA,AWP,WE,Federal Contract Tower,0,0,25,0,25,0,0,115,0,115,0,0,140,0,140,170,0,170,310
01/14/2006,SNS,CA,AWP,WE,Federal Contract Tower,0,0,4,0,4,0,0,10,0,10,0,0,14,0,14,24,0,24,38
01/15/2006,SNS,CA,AWP,WE,Federal Contract Tower,0,0,10,0,10,0,4,126,0,130,0,4,136,0,140,176,0,176,316
01/16/2006,SNS,CA,AWP,WE,Federal Contract Tower,0,0,15,0,15,0,9,88,0,97,0,9,103,0,112,98,0,98,210
01/17/2006,SNS,CA,AWP,WE,Federal Contract Tower,0,1,17,0,18,0,12,94,0,106,0,13,111,0,124,200,0,200,324
01/18/2006,SNS,CA,AWP,WE,Federal Contract Tower,0,0,18,0,18,0,4,54,0,58,0,4,72,0,76,26,0,26,102
01/19/2006,SNS,CA,AWP,WE,Federal Contract Tower,0,0,15,0,15,0,4,79,0,83,0,4,94,0,98,110,0,110,208
01/20/2006,SNS,CA,AWP,WE,Federal Contract Tower,0,0,29,3,32,0,0,107,3,110,0,0,136,6,142,72,0,72,214
01/21/2006,SNS,CA,AWP,WE,Federal Contract Tower,0,0,13,0,13,0,0,72,0,72,0,0,85,0,85,78,0,78,163
01/22/2006,SNS,CA,AWP,WE,Federal Contract Tower,0,0,14,0,14,0,7,124,0,131,0,7,138,0,145,96,0,96,241
01/23/2006,SNS,CA,AWP,WE,Federal Contract Tower,0,0,8,0,8,0,12,95,0,107,0,12,103,0,115,87,0,87,202
01/24/2006,SNS,CA,AWP,WE,Federal Contract Tower,0,0,28,0,28,0,4,166,0,170,0,4,194,0,198,146,0,146,344
01/25/2006,SNS,CA,AWP,WE,Federal Contract Tower,0,6,24,0,30,0,1,113,0,114,0,7,137,0,144,106,0,106,250
01/26/2006,SNS,CA,AWP,WE,Federal Contract Tower,0,2,26,0,28,0,2,79,0,81,0,4,105,0,109,42,0,42,151
01/27/2006,SNS,CA,AWP,WE,Federal Contract Tower,0,0,29,0,29,0,0,81,0,81,0,0,110,0,110,70,0,70,180
01/28/2006,SNS,CA,AWP,WE,Federal Contract Tower,0,0,16,0,16,0,2,68,0,70,0,2,84,0,86,98,0,98,184
01/29/2006,SNS,CA,AWP,WE,Federal Contract Tower,0,0,7,0,7,0,4,100,0,104,0,4,107,0,111,52,0,52,163
01/30/2006,SNS,CA,AWP,WE,Federal Contract Tower,0,0,14,0,14,0,3,64,0,67,0,3,78,0,81,58,0,58,139
01/31/2006,SNS,CA,AWP,WE,Federal Contract Tower,0,0,19,0,19,0,7,87,2,96,0,7,106,2,115,58,0,58,173
02/01/2006,SNS,CA,AWP,WE,Federal Contract Tower,0,1,36,0,37,0,4,115,0,119,0,5,151,0,156,90,0,90,246
02/02/2006,SNS,CA,AWP,WE,Federal Contract Tower,0,0,44,0,44,0,1,38,0,39,0,1,82,0,83,30,0,30,113
02/03/2006,SNS,CA,AWP,WE,Federal Contract Tower,0,3,40,0,43,0,3,108,0,111,0,6,148,0,154,34,0,34,188
02/04/2006,SNS,CA,AWP,WE,Federal Contract Tower,0,0,22,0,22,0,3,99,0,102,0,3,121,0,124,58,0,58,182
02/05/2006,SNS,CA,AWP,WE,Federal Contract Tower,0,2,8,0,10,0,5,149,0,154,0,7,157,0,164,72,0,72,236
02/06/2006,SNS,CA,AWP,WE,Federal Contract Tower,0,0,15,0,15,0,9,102,0,111,0,9,117,0,126,56,0,56,182
02/07/2006,SNS,CA,AWP,WE,Federal Contract Tower,0,0,17,0,17,0,3,136,0,139,0,3,153,0,156,98,0,98,254
02/08/2006,SNS,CA,AWP,WE,Federal Contract Tower,0,2,11,0,13,0,0,158,0,158,0,2,169,0,171,114,0,114,285
02/09/2006,SNS,CA,AWP,WE,Federal Contract Tower,0,3,30,0,33,0,7,118,0,125,0,10,148,0,158,94,0,94,252
02/10/2006,SNS,CA,AWP,WE,Federal Contract Tower,0,1,24,0,25,0,1,73,2,76,0,2,97,2,101,40,0,40,141
02/11/2006,SNS,CA,AWP,WE,Federal Contract Tower,0,0,16,0,16,0,8,87,0,95,0,8,103,0,111,88,0,88,199
02/12/2006,SNS,CA,AWP,WE,Federal Contract Tower,0,0,15,0,15,0,2,120,0,122,0,2,135,0,137,120,0,120,257
02/13/2006,SNS,CA,AWP,WE,Federal Contract Tower,0,2,12,0,14,0,3,125,0,128,0,5,137,0,142,102,0,102,244
02/14/2006,SNS,CA,AWP,WE,Federal Contract Tower,0,0,14,0,14,0,2,91,0,93,0,2,105,0,107,96,0,96,203
02/15/2006,SNS,CA,AWP,WE,Federal Contract Tower,0,1,12,0,13,0,3,86,0,89,0,4,98,0,102,74,0,74,176
02/16/2006,SNS,CA,AWP,WE,Federal Contract Tower,0,0,8,0,8,0,8,83,0,91,0,8,91,0,99,112,0,112,211
02/17/2006,SNS,CA,AWP,WE,Federal Contract Tower,0,0,25,0,25,0,2,43,0,45,0,2,68,0,70,12,0,12,82
02/18/2006,SNS,CA,AWP,WE,Federal Contract Tower,0,0,8,0,8,0,2,55,0,57,0,2,63,0,65,88,0,88,153
02/19/2006,SNS,CA,AWP,WE,Federal Contract Tower,0,0,6,0,6,0,4,100,0,104,0,4,106,0,110,62,0,62,172
02/20/2006,SNS,CA,AWP,WE,Federal Contract Tower,0,0,19,0,19,0,6,140,0,146,0,6,159,0,165,100,0,100,265
02/21/2006,SNS,CA,AWP,WE,Federal Contract Tower,0,0,27,0,27,0,4,136,0,140,0,4,163,0,167,124,0,124,291
02/22/2006,SNS,CA,AWP,WE,Federal Contract Tower,0,5,27,0,32,0,1,131,0,132,0,6,158,0,164,158,0,158,322
02/23/2006,SNS,CA,AWP,WE,Federal Contract Tower,0,2,26,0,28,0,0,91,2,93,0,2,117,2,121,132,0,132,253
02/24/2006,SNS,CA,AWP,WE,Federal Contract Tower,0,0,32,0,32,0,19,124,1,144,0,19,156,1,176,174,0,174,350
02/25/2006,SNS,CA,AWP,WE,Federal Contract Tower,0,2,18,1,21,0,6,118,0,124,0,8,136,1,145,174,0,174,319
02/26/2006,SNS,CA,AWP,WE,Federal Contract Tower,0,0,4,0,4,0,3,47,0,50,0,3,51,0,54,20,0,20,74
02/27/2006,SNS,CA,AWP,WE,Federal Contract Tower,0,1,9,0,10,0,5,40,0,45,0,6,49,0,55,0,0,0,55
02/28/2006,SNS,CA,AWP,WE,Federal Contract Tower,0,0,15,0,15,0,4,77,0,81,0,4,92,0,96,64,0,64,160
03/01/2006,SNS,CA,AWP,WE,Federal Contract Tower,0,0,20,0,20,0,2,88,0,90,0,2,108,0,110,104,0,104,214
03/02/2006,SNS,CA,AWP,WE,Federal Contract Tower,0,2,20,0,22,0,1,56,0,57,0,3,76,0,79,38,0,38,117
03/03/2006,SNS,CA,AWP,WE,Federal Contract Tower,0,0,17,0,17,0,1,34,0,35,0,1,51,0,52,58,0,58,110
03/04/2006,SNS,CA,AWP,WE,Federal Contract Tower,0,0,30,0,30,0,7,108,0,115,0,7,138,0,145,228,0,228,373
03/05/2006,SNS,CA,AWP,WE,Federal Contract Tower,0,0,6,0,6,0,0,26,0,26,0,0,32,0,32,10,0,10,42
03/06/2006,SNS,CA,AWP,WE,Federal Contract Tower,0,0,17,0,17,0,4,51,0,55,0,4,68,0,72,36,0,36,108
03/07/2006,SNS,CA,AWP,WE,Federal Contract Tower,0,0,25,0,25,0,2,41,0,43,0,2,66,0,68,28,0,28,96
03/08/2006,SNS,CA,AWP,WE,Federal Contract Tower,0,2,21,0,23,0,0,76,0,76,0,2,97,0,99,142,0,142,241
03/09/2006,SNS,CA,AWP,WE,Federal Contract Tower,0,0,30,0,30,0,1,46,0,47,0,1,76,0,77,38,0,38,115
03/10/2006,SNS,CA,AWP,WE,Federal Contract Tower,0,0,10,0,10,0,1,38,0,39,0,1,48,0,49,38,0,38,87
03/11/2006,SNS,CA,AWP,WE,Federal Contract Tower,0,0,17,0,17,0,3,56,0,59,0,3,73,0,76,96,0,96,172
03/12/2006,SNS,CA,AWP,WE,Federal Contract Tower,0,0,7,0,7,0,5,35,1,41,0,5,42,1,48,28,0,28,76
03/13/2006,SNS,CA,AWP,WE,Federal Contract Tower,0,0,11,0,11,0,6,97,0,103,0,6,108,0,114,118,0,118,232
03/14/2006,SNS,CA,AWP,WE,Federal Contract Tower,0,0,22,0,22,0,4,52,0,56,0,4,74,0,78,28,0,28,106
03/15/2006,SNS,CA,AWP,WE,Federal Contract Tower,0,1,28,0,29,0,4,109,0,113,0,5,137,0,142,92,0,92,234
03/16/2006,SNS,CA,AWP,WE,Federal Contract Tower,0,1,30,0,31,0,0,90,0,90,0,1,120,0,121,152,0,152,273
03/17/2006,SNS,CA,AWP,WE,Federal Contract Tower,0,0,28,0,28,0,1,37,0,38,0,1,65,0,66,28,0,28,94
03/18/2006,SNS,CA,AWP,WE,Federal Contract Tower,0,0,10,0,10,0,0,144,0,144,0,0,154,0,154,262,0,262,416
03/19/2006,SNS,CA,AWP,WE,Federal Contract Tower,0,0,17,0,17,0,3,135,0,138,0,3,152,0,155,134,0,134,289
03/20/2006,SNS,CA,AWP,WE,Federal Contract Tower,0,0,17,0,17,0,5,65,0,70,0,5,82,0,87,16,0,16,103
03/21/2006,SNS,CA,AWP,WE,Federal Contract Tower,0,1,18,0,19,0,4,61,0,65,0,5,79,0,84,64,0,64,148
03/22/2006,SNS,CA,AWP,WE,Federal Contract Tower,0,1,29,0,30,0,3,81,0,84,0,4,110,0,114,80,0,80,194
03/23/2006,SNS,CA,AWP,WE,Federal Contract Tower,0,2,23,0,25,0,1,97,0,98,0,3,120,0,123,114,0,114,237
03/24/2006,SNS,CA,AWP,WE,Federal Contract Tower,0,2,15,0,17,0,2,77,0,79,0,4,92,0,96,100,0,100,196
03/25/2006,SNS,CA,AWP,WE,Federal Contract Tower,0,8,21,0,29,0,2,33,0,35,0,10,54,0,64,110,0,110,174
03/26/2006,SNS,CA,AWP,WE,Federal Contract Tower,0,0,10,0,10,0,3,129,0,132,0,3,139,0,142,108,0,108,250
03/27/2006,SNS,CA,AWP,WE,Federal Contract Tower,0,0,16,0,16,0,9,74,2,85,0,9,90,2,101,22,0,22,123
03/28/2006,SNS,CA,AWP,WE,Federal Contract Tower,0,0,19,0,19,0,0,27,0,27,0,0,46,0,46,66,0,66,112
03/29/2006,SNS,CA,AWP,WE,Federal Contract Tower,0,1,27,0,28,0,5,73,0,78,0,6,100,0,106,72,0,72,178
03/30/2006,SNS,CA,AWP,WE,Federal Contract Tower,0,3,31,0,34,0,4,84,0,88,0,7,115,0,122,64,0,64,186
03/31/2006,SNS,CA,AWP,WE,Federal Contract Tower,0,3,17,0,20,0,0,76,0,76,0,3,93,0,96,92,0,92,188
04/01/2006,SNS,CA,AWP,WE,Federal Contract Tower,0,0,37,0,37,0,4,120,0,124,0,4,157,0,161,110,0,110,271
04/02/2006,SNS,CA,AWP,WE,Federal Contract Tower,0,0,14,0,14,0,5,79,0,84,0,5,93,0,98,48,0,48,146
04/03/2006,SNS,CA,AWP,WE,Federal Contract Tower,0,0,14,0,14,0,4,50,0,54,0,4,64,0,68,26,0,26,94
04/04/2006,SNS,CA,AWP,WE,Federal Contract Tower,0,0,14,0,14,0,0,41,0,41,0,0,55,0,55,24,0,24,79
04/05/2006,SNS,CA,AWP,WE,Federal Contract Tower,0,2,10,0,12,0,3,75,0,78,0,5,85,0,90,108,0,108,198
04/06/2006,SNS,CA,AWP,WE,Federal Contract Tower,0,2,24,0,26,0,1,120,0,121,0,3,144,0,147,116,0,116,263
04/07/2006,SNS,CA,AWP,WE,Federal Contract Tower,0,1,11,0,12,0,1,57,0,58,0,2,68,0,70,98,0,98,168
04/08/2006,SNS,CA,AWP,WE,Federal Contract Tower,0,0,13,0,13,0,1,93,0,94,0,1,106,0,107,62,0,62,169
04/09/2006,SNS,CA,AWP,WE,Federal Contract Tower,0,1,11,0,12,0,3,89,0,92,0,4,100,0,104,44,0,44,148
04/10/2006,SNS,CA,AWP,WE,Federal Contract Tower,0,3,12,0,15,0,2,60,0,62,0,5,72,0,77,86,0,86,163
04/11/2006,SNS,CA,AWP,WE,Federal Contract Tower,0,1,13,0,14,0,4,31,0,35,0,5,44,0,49,0,0,0,49
04/12/2006,SNS,CA,AWP,WE,Federal Contract Tower,0,1,15,0,16,0,1,37,2,40,0,2,52,2,56,64,0,64,120
04/13/2006,SNS,CA,AWP,WE,Federal Contract Tower,0,1,18,2,21,0,0,118,0,118,0,1,136,2,139,90,0,90,229
04/14/2006,SNS,CA,AWP,WE,Federal Contract Tower,0,1,19,0,20,0,1,28,0,29,0,2,47,0,49,46,0,46,95
04/15/2006,SNS,CA,AWP,WE,Federal Contract Tower,0,1,14,0,15,0,1,76,0,77,0,2,90,0,92,188,0,188,280
04/16/2006,SNS,CA,AWP,WE,Federal Contract Tower,0,0,4,0,4,0,7,64,0,71,0,7,68,0,75,24,0,24,99
04/17/2006,SNS,CA,AWP,WE,Federal Contract Tower,0,0,11,1,12,0,6,107,1,114,0,6,118,2,126,82,0,82,208
04/18/2006,SNS,CA,AWP,WE,Federal Contract Tower,0,1,14,0,15,0,2,100,0,102,0,3,114,0,117,102,0,102,219
04/19/2006,SNS,CA,AWP,WE,Federal Contract Tower,0,0,16,0,16,0,3,104,0,107,0,3,120,0,123,150,0,150,273
04/20/2006,SNS,CA,AWP,WE,Federal Contract Tower,0,1,12,0,13,0,0,74,0,74,0,1,86,0,87,90,0,90,177
04/21/2006,SNS,CA,AWP,WE,Federal Contract Tower,0,5,21,0,26,0,4,33,0,37,0,9,54,0,63,66,0,66,129
04/22/2006,SNS,CA,AWP,WE,Federal Contract Tower,0,0,19,0,19,0,2,83,0,85,0,2,102,0,104,166,0,166,270
04/23/2006,SNS,CA,AWP,WE,Federal Contract Tower,0,0,17,0,17,0,3,107,0,110,0,3,124,0,127,140,0,140,267
04/24/2006,SNS,CA,AWP,WE,Federal Contract Tower,0,0,10,0,10,0,7,80,0,87,0,7,90,0,97,90,0,90,187
04/25/2006,SNS,CA,AWP,WE,Federal Contract Tower,0,1,26,0,27,0,3,49,0,52,0,4,75,0,79,50,0,50,129
04/26/2006,SNS,CA,AWP,WE,Federal Contract Tower,0,0,19,0,19,0,2,73,0,75,0,2,92,0,94,72,0,72,166
04/27/2006,SNS,CA,AWP,WE,Federal Contract Tower,0,1,30,0,31,0,1,36,0,37,0,2,66,0,68,46,0,46,114
04/28/2006,SNS,CA,AWP,WE,Federal Contract Tower,0,1,15,0,16,0,2,68,0,70,0,3,83,0,86,108,0,108,194
04/29/2006,SNS,CA,AWP,WE,Federal Contract Tower,0,1,26,0,27,0,4,45,0,49,0,5,71,0,76,60,0,60,136
04/30/2006,SNS,CA,AWP,WE,Federal Contract Tower,0,0,37,0,37,0,1,93,0,94,0,1,130,0,131,150,0,150,281
05/01/2006,SNS,CA,AWP,WE,Federal Contract Tower,0,2,18,0,20,0,24,90,0,114,0,26,108,0,134,46,0,46,180
05/02/2006,SNS,CA,AWP,WE,Federal Contract Tower,0,1,23,0,24,0,4,103,0,107,0,5,126,0,131,86,0,86,217
05/03/2006,SNS,CA,AWP,WE,Federal Contract Tower,0,1,26,0,27,0,3,74,0,77,0,4,100,0,104,90,0,90,194
05/04/2006,SNS,CA,AWP,WE,Federal Contract Tower,0,0,12,0,12,0,1,49,0,50,0,1,61,0,62,62,0,62,124
05/05/2006,SNS,CA,AWP,WE,Federal Contract Tower,0,0,17,0,17,0,2,58,0,60,0,2,75,0,77,36,0,36,113
05/06/2006,SNS,CA,AWP,WE,Federal Contract Tower,0,0,12,0,12,0,2,82,1,85,0,2,94,1,97,80,0,80,177
05/07/2006,SNS,CA,AWP,WE,Federal Contract Tower,0,0,8,0,8,0,2,77,0,79,0,2,85,0,87,62,0,62,149
05/08/2006,SNS,CA,AWP,WE,Federal Contract Tower,0,2,7,0,9,0,2,59,0,61,0,4,66,0,70,46,0,46,116
05/09/2006,SNS,CA,AWP,WE,Federal Contract Tower,0,0,15,0,15,0,2,103,0,105,0,2,118,0,120,26,0,26,146
05/10/2006,SNS,CA,AWP,WE,Federal Contract Tower,0,1,13,0,14,0,7,100,0,107,0,8,113,0,121,134,0,134,255
05/11/2006,SNS,CA,AWP,WE,Federal Contract Tower,0,2,26,0,28,0,0,87,0,87,0,2,113,0,115,76,0,76,191
05/12/2006,SNS,CA,AWP,WE,Federal Contract Tower,0,2,26,0,28,0,0,75,0,75,0,2,101,0,103,46,0,46,149
05/13/2006,SNS,CA,AWP,WE,Federal Contract Tower,0,0,18,0,18,0,5,152,0,157,0,5,170,0,175,147,0,147,322
05/14/2006,SNS,CA,AWP,WE,Federal Contract Tower,0,1,12,0,13,0,3,117,0,120,0,4,129,0,133,92,0,92,225
05/15/2006,SNS,CA,AWP,WE,Federal Contract Tower,0,4,9,1,14,0,3,80,1,84,0,7,89,2,98,28,0,28,126
05/16/2006,SNS,CA,AWP,WE,Federal Contract Tower,0,1,17,0,18,0,5,97,0,102,0,6,114,0,120,74,0,74,194
05/17/2006,SNS,CA,AWP,WE,Federal Contract Tower,0,0,15,0,15,0,4,100,0,104,0,4,115,0,119,98,0,98,217
05/18/2006,SNS,CA,AWP,WE,Federal Contract Tower,0,5,27,0,32,0,5,85,0,90,0,10,112,0,122,126,0,126,248
05/19/2006,SNS,CA,AWP,WE,Federal Contract Tower,0,0,36,0,36,0,3,64,0,67,0,3,100,0,103,76,0,76,179
05/20/2006,SNS,CA,AWP,WE,Federal Contract Tower,0,0,17,0,17,0,12,113,0,125,0,12,130,0,142,204,0,204,346
05/21/2006,SNS,CA,AWP,WE,Federal Contract Tower,0,0,21,0,21,0,0,37,0,37,0,0,58,0,58,0,0,0,58
05/22/2006,SNS,CA,AWP,WE,Federal Contract Tower,0,0,7,0,7,0,5,98,0,103,0,5,105,0,110,72,0,72,182
05/23/2006,SNS,CA,AWP,WE,Federal Contract Tower,0,0,8,0,8,0,6,97,0,103,0,6,105,0,111,80,0,80,191
05/24/2006,SNS,CA,AWP,WE,Federal Contract Tower,0,2,32,0,34,0,2,108,0,110,0,4,140,0,144,174,0,174,318
05/25/2006,SNS,CA,AWP,WE,Federal Contract Tower,0,1,25,0,26,0,2,108,0,110,0,3,133,0,136,150,0,150,286
05/26/2006,SNS,CA,AWP,WE,Federal Contract Tower,0,2,23,0,25,0,0,95,0,95,0,2,118,0,120,82,0,82,202
05/27/2006,SNS,CA,AWP,WE,Federal Contract Tower,0,0,7,0,7,0,4,88,0,92,0,4,95,0,99,18,0,18,117
05/28/2006,SNS,CA,AWP,WE,Federal Contract Tower,0,0,6,0,6,0,6,97,0,103,0,6,103,0,109,56,0,56,165
05/29/2006,SNS,CA,AWP,WE,Federal Contract Tower,0,0,16,0,16,0,7,76,0,83,0,7,92,0,99,90,0,90,189
05/30/2006,SNS,CA,AWP,WE,Federal Contract Tower,0,1,14,0,15,0,4,73,20,97,0,5,87,20,112,76,0,76,188
05/31/2006,SNS,CA,AWP,WE,Federal Contract Tower,0,1,21,0,22,0,4,132,0,136,0,5,153,0,158,98,0,98,256
06/01/2006,SNS,CA,AWP,WE,Federal Contract Tower,0,1,28,0,29,0,5,114,0,119,0,6,142,0,148,186,0,186,334
06/02/2006,SNS,CA,AWP,WE,Federal Contract Tower,0,0,4,0,4,0,4,133,2,139,0,4,137,2,143,144,0,144,287
06/03/2006,SNS,CA,AWP,WE,Federal Contract Tower,0,0,23,0,23,0,3,129,2,134,0,3,152,2,157,126,0,126,283
06/04/2006,SNS,CA,AWP,WE,Federal Contract Tower,0,2,17,0,19,0,4,88,0,92,0,6,105,0,111,94,0,94,205
06/05/2006,SNS,CA,AWP,WE,Federal Contract Tower,0,0,13,0,13,0,0,70,0,70,0,0,83,0,83,98,0,98,181
06/06/2006,SNS,CA,AWP,WE,Federal Contract Tower,0,5,25,0,30,0,17,100,0,117,0,22,125,0,147,116,0,116,263
06/07/2006,SNS,CA,AWP,WE,Federal Contract Tower,0,0,12,0,12,0,31,105,0,136,0,31,117,0,148,153,0,153,301
06/08/2006,SNS,CA,AWP,WE,Federal Contract Tower,0,5,20,0,25,0,6,92,0,98,0,11,112,0,123,110,0,110,233
06/09/2006,SNS,CA,AWP,WE,Federal Contract Tower,0,1,22,0,23,0,9,68,0,77,0,10,90,0,100,50,0,50,150
06/10/2006,SNS,CA,AWP,WE,Federal Contract Tower,0,2,12,0,14,0,0,59,0,59,0,2,71,0,73,72,0,72,145
06/11/2006,SNS,CA,AWP,WE,Federal Contract Tower,0,2,27,0,29,0,1,73,0,74,0,3,100,0,103,114,0,114,217
06/12/2006,SNS,CA,AWP,WE,Federal Contract Tower,0,0,24,0,24,0,6,108,0,114,0,6,132,0,138,106,0,106,244
06/13/2006,SNS,CA,AWP,WE,Federal Contract Tower,0,1,30,0,31,0,7,122,0,129,0,8,152,0,160,106,0,106,266
06/14/2006,SNS,CA,AWP,WE,Federal Contract Tower,0,0,20,0,20,0,1,99,2,102,0,1,119,2,122,64,0,64,186
06/15/2006,SNS,CA,AWP,WE,Federal Contract Tower,0,2,14,0,16,0,6,97,0,103,0,8,111,0,119,80,0,80,199
06/16/2006,SNS,CA,AWP,WE,Federal Contract Tower,0,0,16,0,16,0,10,118,0,128,0,10,134,0,144,136,0,136,280
06/17/2006,SNS,CA,AWP,WE,Federal Contract Tower,0,0,15,0,15,0,4,128,0,132,0,4,143,0,147,170,0,170,317
06/18/2006,SNS,CA,AWP,WE,Federal Contract Tower,0,0,24,0,24,0,1,90,0,91,0,1,114,0,115,48,0,48,163
06/19/2006,SNS,CA,AWP,WE,Federal Contract Tower,0,0,27,0,27,0,7,78,0,85,0,7,105,0,112,18,0,18,130
06/20/2006,SNS,CA,AWP,WE,Federal Contract Tower,0,3,24,0,27,0,4,106,0,110,0,7,130,0,137,116,0,116,253
06/21/2006,SNS,CA,AWP,WE,Federal Contract Tower,0,1,19,2,22,0,9,74,0,83,0,10,93,2,105,102,6,108,213
06/22/2006,SNS,CA,AWP,WE,Federal Contract Tower,0,0,25,0,25,0,7,91,0,98,0,7,116,0,123,74,0,74,197
06/23/2006,SNS,CA,AWP,WE,Federal Contract Tower,0,1,38,0,39,0,4,69,0,73,0,5,107,0,112,120,0,120,232
06/24/2006,SNS,CA,AWP,WE,Federal Contract Tower,0,0,40,0,40,0,5,70,0,75,0,5,110,0,115,86,0,86,201
06/25/2006,SNS,CA,AWP,WE,Federal Contract Tower,0,0,30,0,30,0,0,88,0,88,0,0,118,0,118,128,0,128,246
06/26/2006,SNS,CA,AWP,WE,Federal Contract Tower,0,0,25,0,25,0,3,52,0,55,0,3,77,0,80,48,0,48,128
06/27/2006,SNS,CA,AWP,WE,Federal Contract Tower,0,5,32,0,37,0,4,72,0,76,0,9,104,0,113,134,0,134,247
06/28/2006,SNS,CA,AWP,WE,Federal Contract Tower,0,0,37,0,37,0,2,92,0,94,0,2,129,0,131,90,0,90,221
06/29/2006,SNS,CA,AWP,WE,Federal Contract Tower,0,1,52,0,53,0,10,111,0,121,0,11,163,0,174,110,0,110,284
06/30/2006,SNS,CA,AWP,WE,Federal Contract Tower,0,0,21,0,21,0,1,74,0,75,0,1,95,0,96,102,0,102,198
07/01/2006,SNS,CA,AWP,WE,Federal Contract Tower,0,0,38,0,38,0,4,83,0,87,0,4,121,0,125,112,0,112,237
07/02/2006,SNS,CA,AWP,WE,Federal Contract Tower,0,0,13,0,13,0,3,53,0,56,0,3,66,0,69,36,0,36,105
07/03/2006,SNS,CA,AWP,WE,Federal Contract Tower,0,1,25,0,26,0,4,87,0,91,0,5,112,0,117,80,0,80,197
07/04/2006,SNS,CA,AWP,WE,Federal Contract Tower,0,0,11,0,11,0,5,62,0,67,0,5,73,0,78,108,0,108,186
07/05/2006,SNS,CA,AWP,WE,Federal Contract Tower,0,0,14,0,14,0,0,72,0,72,0,0,86,0,86,6,0,6,92
07/06/2006,SNS,CA,AWP,WE,Federal Contract Tower,0,1,22,0,23,0,8,95,0,103,0,9,117,0,126,14,0,14,140
07/07/2006,SNS,CA,AWP,WE,Federal Contract Tower,0,0,37,0,37,0,0,93,0,93,0,0,130,0,130,74,0,74,204
07/08/2006,SNS,CA,AWP,WE,Federal Contract Tower,0,0,23,0,23,0,2,119,0,121,0,2,142,0,144,160,0,160,304
07/09/2006,SNS,CA,AWP,WE,Federal Contract Tower,0,0,26,0,26,0,4,113,0,117,0,4,139,0,143,66,0,66,209
07/10/2006,SNS,CA,AWP,WE,Federal Contract Tower,0,0,18,0,18,0,3,47,0,50,0,3,65,0,68,54,0,54,122
07/11/2006,SNS,CA,AWP,WE,Federal Contract Tower,0,0,17,0,17,0,7,54,0,61,0,7,71,0,78,48,0,48,126
07/12/2006,SNS,CA,AWP,WE,Federal Contract Tower,0,0,23,0,23,0,4,111,0,115,0,4,134,0,138,64,0,64,202
07/13/2006,SNS,CA,AWP,WE,Federal Contract Tower,0,1,17,0,18,0,6,107,0,113,0,7,124,0,131,96,0,96,227
07/14/2006,SNS,CA,AWP,WE,Federal Contract Tower,0,0,34,0,34,0,4,96,0,100,0,4,130,0,134,146,0,146,280
07/15/2006,SNS,CA,AWP,WE,Federal Contract Tower,0,1,33,0,34,0,2,72,0,74,0,3,105,0,108,62,0,62,170
07/16/2006,SNS,CA,AWP,WE,Federal Contract Tower,0,0,15,0,15,0,2,110,0,112,0,2,125,0,127,110,0,110,237
07/17/2006,SNS,CA,AWP,WE,Federal Contract Tower,0,2,13,0,15,0,2,85,0,87,0,4,98,0,102,84,0,84,186
07/18/2006,SNS,CA,AWP,WE,Federal Contract Tower,0,1,24,0,25,0,5,94,0,99,0,6,118,0,124,131,0,131,255
07/19/2006,SNS,CA,AWP,WE,Federal Contract Tower,0,0,21,0,21,0,11,119,0,130,0,11,140,0,151,110,0,110,261
07/20/2006,SNS,CA,AWP,WE,Federal Contract Tower,0,0,30,0,30,0,4,106,0,110,0,4,136,0,140,100,0,100,240
07/21/2006,SNS,CA,AWP,WE,Federal Contract Tower,0,0,35,0,35,0,3,135,0,138,0,3,170,0,173,134,0,134,307
07/22/2006,SNS,CA,AWP,WE,Federal Contract Tower,0,0,27,0,27,0,6,143,0,149,0,6,170,0,176,226,0,226,402
07/23/2006,SNS,CA,AWP,WE,Federal Contract Tower,0,0,17,0,17,0,4,133,0,137,0,4,150,0,154,124,0,124,278
07/24/2006,SNS,CA,AWP,WE,Federal Contract Tower,0,0,34,0,34,0,0,200,0,200,0,0,234,0,234,110,0,110,344
07/25/2006,SNS,CA,AWP,WE,Federal Contract Tower,0,0,37,0,37,0,4,113,0,117,0,4,150,0,154,118,0,118,272
07/26/2006,SNS,CA,AWP,WE,Federal Contract Tower,0,2,46,0,48,0,0,73,0,73,0,2,119,0,121,46,0,46,167
07/27/2006,SNS,CA,AWP,WE,Federal Contract Tower,0,1,28,1,30,0,4,91,0,95,0,5,119,1,125,90,2,92,217
07/28/2006,SNS,CA,AWP,WE,Federal Contract Tower,0,1,35,0,36,0,0,67,0,67,0,1,102,0,103,8,0,8,111
07/29/2006,SNS,CA,AWP,WE,Federal Contract Tower,0,0,22,0,22,0,0,49,0,49,0,0,71,0,71,44,2,46,117
07/30/2006,SNS,CA,AWP,WE,Federal Contract Tower,0,6,35,0,41,0,2,58,0,60,0,8,93,0,101,54,0,54,155
07/31/2006,SNS,CA,AWP,WE,Federal Contract Tower,0,0,16,0,16,0,5,45,0,50,0,5,61,0,66,54,0,54,120
08/01/2006,SNS,CA,AWP,WE,Federal Contract Tower,0,2,17,0,19,0,6,90,0,96,0,8,107,0,115,62,0,62,177
08/02/2006,SNS,CA,AWP,WE,Federal Contract Tower,0,0,27,0,27,0,2,70,2,74,0,2,97,2,101,150,0,150,251
08/03/2006,SNS,CA,AWP,WE,Federal Contract Tower,0,1,33,0,34,0,0,98,0,98,0,1,131,0,132,138,0,138,270
08/04/2006,SNS,CA,AWP,WE,Federal Contract Tower,0,0,13,0,13,0,2,88,0,90,0,2,101,0,103,74,0,74,177
08/05/2006,SNS,CA,AWP,WE,Federal Contract Tower,0,4,14,0,18,0,0,142,0,142,0,4,156,0,160,148,0,148,308
08/06/2006,SNS,CA,AWP,WE,Federal Contract Tower,0,0,5,0,5,0,4,129,0,133,0,4,134,0,138,76,0,76,214
08/07/2006,SNS,CA,AWP,WE,Federal Contract Tower,0,0,17,0,17,0,9,68,0,77,0,9,85,0,94,38,0,38,132
08/08/2006,SNS,CA,AWP,WE,Federal Contract Tower,0,3,15,0,18,0,13,86,4,103,0,16,101,4,121,76,2,78,199
08/09/2006,SNS,CA,AWP,WE,Federal Contract Tower,0,1,26,0,27,0,8,106,0,114,0,9,132,0,141,90,0,90,231
08/10/2006,SNS,CA,AWP,WE,Federal Contract Tower,0,0,27,0,27,0,3,113,0,116,0,3,140,0,143,138,0,138,281
08/11/2006,SNS,CA,AWP,WE,Federal Contract Tower,0,0,30,0,30,0,2,56,0,58,0,2,86,0,88,30,0,30,118
08/12/2006,SNS,CA,AWP,WE,Federal Contract Tower,0,2,25,0,27,0,1,135,0,136,0,3,160,0,163,130,0,130,293
08/13/2006,SNS,CA,AWP,WE,Federal Contract Tower,0,0,18,0,18,0,2,60,1,63,0,2,78,1,81,20,0,20,101
08/14/2006,SNS,CA,AWP,WE,Federal Contract Tower,0,0,15,0,15,0,3,76,0,79,0,3,91,0,94,142,0,142,236
08/15/2006,SNS,CA,AWP,WE,Federal Contract Tower,0,2,15,0,17,0,5,90,6,101,0,7,105,6,118,108,0,108,226
08/16/2006,SNS,CA,AWP,WE,Federal Contract Tower,0,0,27,0,27,0,2,76,4,82,0,2,103,4,109,98,0,98,207
08/17/2006,SNS,CA,AWP,WE,Federal Contract Tower,0,0,17,0,17,0,3,83,0,86,0,3,100,0,103,116,0,116,219
08/18/2006,SNS,CA,AWP,WE,Federal Contract Tower,0,1,49,0,50,0,7,137,0,144,0,8,186,0,194,68,0,68,262
08/19/2006,SNS,CA,AWP,WE,Federal Contract Tower,0,0,13,0,13,0,4,115,0,119,0,4,128,0,132,226,0,226,358
08/20/2006,SNS,CA,AWP,WE,Federal Contract Tower,0,3,31,0,34,0,7,65,0,72,0,10,96,0,106,64,0,64,170
08/21/2006,SNS,CA,AWP,WE,Federal Contract Tower,0,2,32,0,34,0,3,56,0,59,0,5,88,0,93,12,0,12,105
08/22/2006,SNS,CA,AWP,WE,Federal Contract Tower,0,2,28,0,30,0,0,124,0,124,0,2,152,0,154,194,0,194,348
08/23/2006,SNS,CA,AWP,WE,Federal Contract Tower,0,3,48,0,51,0,5,90,0,95,0,8,138,0,146,144,0,144,290
08/24/2006,SNS,CA,AWP,WE,Federal Contract Tower,0,0,20,1,21,0,0,76,1,77,0,0,96,2,98,44,0,44,142
08/25/2006,SNS,CA,AWP,WE,Federal Contract Tower,0,3,34,0,37,0,0,59,0,59,0,3,93,0,96,72,0,72,168
08/26/2006,SNS,CA,AWP,WE,Federal Contract Tower,0,4,16,0,20,0,3,85,0,88,0,7,101,0,108,98,0,98,206
08/27/2006,SNS,CA,AWP,WE,Federal Contract Tower,0,0,38,0,38,0,1,98,0,99,0,1,136,0,137,110,0,110,247
08/28/2006,SNS,CA,AWP,WE,Federal Contract Tower,0,0,32,0,32,0,1,71,0,72,0,1,103,0,104,86,0,86,190
08/29/2006,SNS,CA,AWP,WE,Federal Contract Tower,0,0,32,0,32,0,1,80,0,81,0,1,112,0,113,130,0,130,243
08/30/2006,SNS,CA,AWP,WE,Federal Contract Tower,0,8,51,0,59,0,3,69,0,72,0,11,120,0,131,78,0,78,209
08/31/2006,SNS,CA,AWP,WE,Federal Contract Tower,0,2,27,0,29,0,0,107,0,107,0,2,134,0,136,98,0,98,234
09/01/2006,SNS,CA,AWP,WE,Federal Contract Tower,0,0,37,1,38,0,7,74,0,81,0,7,111,1,119,52,0,52,171
09/02/2006,SNS,CA,AWP,WE,Federal Contract Tower,0,0,42,0,42,0,4,64,1,69,0,4,106,1,111,106,0,106,217
09/03/2006,SNS,CA,AWP,WE,Federal Contract Tower,0,0,15,0,15,0,3,65,0,68,0,3,80,0,83,130,0,130,213
09/04/2006,SNS,CA,AWP,WE,Federal Contract Tower,0,2,18,0,20,0,4,55,0,59,0,6,73,0,79,88,0,88,167
09/05/2006,SNS,CA,AWP,WE,Federal Contract Tower,0,0,27,0,27,0,3,63,0,66,0,3,90,0,93,142,0,142,235
09/06/2006,SNS,CA,AWP,WE,Federal Contract Tower,0,3,43,0,46,0,4,85,2,91,0,7,128,2,137,170,0,170,307
09/07/2006,SNS,CA,AWP,WE,Federal Contract Tower,0,2,33,0,35,0,1,52,0,53,0,3,85,0,88,112,0,112,200
09/08/2006,SNS,CA,AWP,WE,Federal Contract Tower,0,0,26,0,26,0,3,92,0,95,0,3,118,0,121,94,0,94,215
09/09/2006,SNS,CA,AWP,WE,Federal Contract Tower,0,2,28,0,30,0,3,75,0,78,0,5,103,0,108,56,0,56,164
09/10/2006,SNS,CA,AWP,WE,Federal Contract Tower,0,0,47,0,47,0,0,102,0,102,0,0,149,0,149,100,0,100,249
09/11/2006,SNS,CA,AWP,WE,Federal Contract Tower,0,0,18,0,18,0,1,57,1,59,0,1,75,1,77,72,1,73,150
09/12/2006,SNS,CA,AWP,WE,Federal Contract Tower,0,0,19,0,19,0,0,60,0,60,0,0,79,0,79,128,0,128,207
09/13/2006,SNS,CA,AWP,WE,Federal Contract Tower,0,3,36,0,39,0,3,87,0,90,0,6,123,0,129,120,0,120,249
09/14/2006,SNS,CA,AWP,WE,Federal Contract Tower,0,3,30,2,35,0,7,33,0,40,0,10,63,2,75,8,0,8,83
09/15/2006,SNS,CA,AWP,WE,Federal Contract Tower,0,0,15,0,15,0,2,76,0,78,0,2,91,0,93,30,0,30,123
09/16/2006,SNS,CA,AWP,WE,Federal Contract Tower,0,0,21,0,21,0,2,118,0,120,0,2,139,0,141,148,0,148,289
09/17/2006,SNS,CA,AWP,WE,Federal Contract Tower,0,0,33,0,33,0,0,44,0,44,0,0,77,0,77,142,0,142,219
09/18/2006,SNS,CA,AWP,WE,Federal Contract Tower,0,1,12,0,13,0,3,31,0,34,0,4,43,0,47,110,0,110,157
09/19/2006,SNS,CA,AWP,WE,Federal Contract Tower,0,3,24,0,27,0,2,43,0,45,0,5,67,0,72,74,0,74,146
09/20/2006,SNS,CA,AWP,WE,Federal Contract Tower,0,0,19,0,19,0,8,86,0,94,0,8,105,0,113,126,0,126,239
09/21/2006,SNS,CA,AWP,WE,Federal Contract Tower,0,2,18,0,20,0,3,81,0,84,0,5,99,0,104,20,0,20,124
09/22/2006,SNS,CA,AWP,WE,Federal Contract Tower,0,0,26,0,26,0,3,71,0,74,0,3,97,0,100,76,0,76,176
09/23/2006,SNS,CA,AWP,WE,Federal Contract Tower,0,0,31,0,31,0,1,138,0,139,0,1,169,0,170,150,0,150,320
09/24/2006,SNS,CA,AWP,WE,Federal Contract Tower,0,0,19,2,21,0,2,72,0,74,0,2,91,2,95,40,0,40,135
09/25/2006,SNS,CA,AWP,WE,Federal Contract Tower,0,0,20,0,20,0,21,82,0,103,0,21,102,0,123,106,0,106,229
09/26/2006,SNS,CA,AWP,WE,Federal Contract Tower,0,3,31,1,35,0,3,58,3,64,0,6,89,4,99,38,0,38,137
09/27/2006,SNS,CA,AWP,WE,Federal Contract Tower,0,0,23,0,23,0,2,69,0,71,0,2,92,0,94,60,0,60,154
09/28/2006,SNS,CA,AWP,WE,Federal Contract Tower,0,0,34,4,38,0,1,75,6,82,0,1,109,10,120,30,24,54,174
09/29/2006,SNS,CA,AWP,WE,Federal Contract Tower,0,0,13,4,17,0,0,46,2,48,0,0,59,6,65,0,0,0,65
09/30/2006,SNS,CA,AWP,WE,Federal Contract Tower,0,0,8,0,8,0,4,52,0,56,0,4,60,0,64,8,0,8,72
10/01/2006,SNS,CA,AWP,WE,Federal Contract Tower,0,4,4,0,8,0,6,64,9,79,0,10,68,9,87,4,0,4,91
10/02/2006,SNS,CA,AWP,WE,Federal Contract Tower,0,0,9,3,12,0,6,75,1,82,0,6,84,4,94,10,0,10,104
10/03/2006,SNS,CA,AWP,WE,Federal Contract Tower,0,1,22,0,23,0,4,105,0,109,0,5,127,0,132,108,0,108,240
10/04/2006,SNS,CA,AWP,WE,Federal Contract Tower,0,1,11,0,12,0,0,52,0,52,0,1,63,0,64,66,0,66,130
10/05/2006,SNS,CA,AWP,WE,Federal Contract Tower,0,1,17,0,18,0,4,75,0,79,0,5,92,0,97,84,0,84,181
10/06/2006,SNS,CA,AWP,WE,Federal Contract Tower,0,0,23,0,23,0,4,94,0,98,0,4,117,0,121,52,0,52,173
10/07/2006,SNS,CA,AWP,WE,Federal Contract Tower,0,0,33,0,33,0,1,140,0,141,0,1,173,0,174,90,0,90,264
10/08/2006,SNS,CA,AWP,WE,Federal Contract Tower,0,0,29,0,29,0,3,143,0,146,0,3,172,0,175,112,0,112,287
10/09/2006,SNS,CA,AWP,WE,Federal Contract Tower,0,0,8,0,8,0,2,77,0,79,0,2,85,0,87,74,0,74,161
10/10/2006,SNS,CA,AWP,WE,Federal Contract Tower,0,0,28,0,28,0,4,49,0,53,0,4,77,0,81,28,0,28,109
10/11/2006,SNS,CA,AWP,WE,Federal Contract Tower,0,0,27,1,28,0,10,139,5,154,0,10,166,6,182,112,0,112,294
10/12/2006,SNS,CA,AWP,WE,Federal Contract Tower,0,0,11,0,11,0,6,88,0,94,0,6,99,0,105,134,0,134,239
10/13/2006,SNS,CA,AWP,WE,Federal Contract Tower,0,0,34,0,34,0,6,87,0,93,0,6,121,0,127,116,0,116,243
10/14/2006,SNS,CA,AWP,WE,Federal Contract Tower,0,0,23,0,23,0,7,68,0,75,0,7,91,0,98,80,0,80,178
10/15/2006,SNS,CA,AWP,WE,Federal Contract Tower,0,0,26,0,26,0,1,74,0,75,0,1,100,0,101,66,0,66,167
10/16/2006,SNS,CA,AWP,WE,Federal Contract Tower,0,0,31,0,31,0,0,56,0,56,0,0,87,0,87,16,0,16,103
10/17/2006,SNS,CA,AWP,WE,Federal Contract Tower,0,0,22,0,22,0,5,120,0,125,0,5,142,0,147,100,0,100,247
10/18/2006,SNS,CA,AWP,WE,Federal Contract Tower,0,0,21,0,21,0,7,113,2,122,0,7,134,2,143,108,2,110,253
10/19/2006,SNS,CA,AWP,WE,Federal Contract Tower,0,2,21,0,23,0,2,116,4,122,0,4,137,4,145,72,2,74,219
10/20/2006,SNS,CA,AWP,WE,Federal Contract Tower,0,0,30,0,30,0,3,107,2,112,0,3,137,2,142,60,0,60,202
10/21/2006,SNS,CA,AWP,WE,Federal Contract Tower,0,0,20,0,20,0,12,111,0,123,0,12,131,0,143,72,0,72,215
10/22/2006,SNS,CA,AWP,WE,Federal Contract Tower,0,0,23,0,23,0,1,90,0,91,0,1,113,0,114,60,0,60,174
10/23/2006,SNS,CA,AWP,WE,Federal Contract Tower,0,0,17,0,17,0,6,60,0,66,0,6,77,0,83,32,0,32,115
10/24/2006,SNS,CA,AWP,WE,Federal Contract Tower,0,1,26,0,27,0,0,93,0,93,0,1,119,0,120,74,0,74,194
10/25/2006,SNS,CA,AWP,WE,Federal Contract Tower,0,0,20,0,20,0,5,60,0,65,0,5,80,0,85,40,0,40,125
10/26/2006,SNS,CA,AWP,WE,Federal Contract Tower,0,2,18,0,20,0,0,99,0,99,0,2,117,0,119,108,0,108,227
10/27/2006,SNS,CA,AWP,WE,Federal Contract Tower,0,0,13,0,13,0,12,100,0,112,0,12,113,0,125,158,0,158,283
10/28/2006,SNS,CA,AWP,WE,Federal Contract Tower,0,0,20,0,20,0,4,130,0,134,0,4,150,0,154,138,0,138,292
10/29/2006,SNS,CA,AWP,WE,Federal Contract Tower,0,0,25,0,25,0,3,104,0,107,0,3,129,0,132,46,0,46,178
10/30/2006,SNS,CA,AWP,WE,Federal Contract Tower,0,0,29,0,29,0,3,50,0,53,0,3,79,0,82,72,0,72,154
10/31/2006,SNS,CA,AWP,WE,Federal Contract Tower,0,2,16,0,18,0,3,102,0,105,0,5,118,0,123,92,0,92,215
11/01/2006,SNS,CA,AWP,WE,Federal Contract Tower,0,0,17,0,17,0,9,120,0,129,0,9,137,0,146,152,0,152,298
11/02/2006,SNS,CA,AWP,WE,Federal Contract Tower,0,3,32,0,35,0,5,85,2,92,0,8,117,2,127,110,0,110,237
11/03/2006,SNS,CA,AWP,WE,Federal Contract Tower,0,0,27,0,27,0,0,39,0,39,0,0,66,0,66,24,0,24,90
11/04/2006,SNS,CA,AWP,WE,Federal Contract Tower,0,0,18,0,18,0,4,94,0,98,0,4,112,0,116,140,0,140,256
11/05/2006,SNS,CA,AWP,WE,Federal Contract Tower,0,0,31,0,31,0,8,164,0,172,0,8,195,0,203,150,0,150,353
11/06/2006,SNS,CA,AWP,WE,Federal Contract Tower,0,0,17,2,19,0,6,97,3,106,0,6,114,5,125,58,22,80,205
11/07/2006,SNS,CA,AWP,WE,Federal Contract Tower,0,6,18,0,24,0,3,119,0,122,0,9,137,0,146,70,0,70,216
11/08/2006,SNS,CA,AWP,WE,Federal Contract Tower,0,5,23,0,28,0,0,48,0,48,0,5,71,0,76,68,0,68,144
11/09/2006,SNS,CA,AWP,WE,Federal Contract Tower,0,5,30,0,35,0,0,73,0,73,0,5,103,0,108,74,0,74,182
11/10/2006,SNS,CA,AWP,WE,Federal Contract Tower,0,0,15,0,15,0,5,116,0,121,0,5,131,0,136,104,0,104,240
11/11/2006,SNS,CA,AWP,WE,Federal Contract Tower,0,0,9,0,9,0,3,44,0,47,0,3,53,0,56,96,0,96,152
11/12/2006,SNS,CA,AWP,WE,Federal Contract Tower,0,0,28,0,28,0,7,118,0,125,0,7,146,0,153,56,0,56,209
11/13/2006,SNS,CA,AWP,WE,Federal Contract Tower,0,1,21,0,22,0,2,16,0,18,0,3,37,0,40,0,0,0,40
11/14/2006,SNS,CA,AWP,WE,Federal Contract Tower,0,2,34,0,36,0,0,112,0,112,0,2,146,0,148,124,0,124,272
11/15/2006,SNS,CA,AWP,WE,Federal Contract Tower,0,2,16,0,18,0,1,85,0,86,0,3,101,0,104,140,0,140,244
11/16/2006,SNS,CA,AWP,WE,Federal Contract Tower,0,0,34,0,34,0,4,118,0,122,0,4,152,0,156,110,0,110,266
11/17/2006,SNS,CA,AWP,WE,Federal Contract Tower,0,0,16,0,16,0,4,86,0,90,0,4,102,0,106,82,0,82,188
11/18/2006,SNS,CA,AWP,WE,Federal Contract Tower,0,0,21,0,21,0,2,167,0,169,0,2,188,0,190,88,0,88,278
11/19/2006,SNS,CA,AWP,WE,Federal Contract Tower,0,0,28,0,28,0,4,141,0,145,0,4,169,0,173,120,0,120,293
11/20/2006,SNS,CA,AWP,WE,Federal Contract Tower,0,1,24,1,26,0,7,59,1,67,0,8,83,2,93,90,0,90,183
11/21/2006,SNS,CA,AWP,WE,Federal Contract Tower,0,7,24,0,31,0,0,83,0,83,0,7,107,0,114,54,0,54,168
11/22/2006,SNS,CA,AWP,WE,Federal Contract Tower,0,5,11,0,16,0,7,72,0,79,0,12,83,0,95,50,0,50,145
11/23/2006,SNS,CA,AWP,WE,Federal Contract Tower,0,0,7,0,7,0,4,44,0,48,0,4,51,0,55,34,0,34,89
11/24/2006,SNS,CA,AWP,WE,Federal Contract Tower,0,0,15,0,15,0,8,118,0,126,0,8,133,0,141,118,0,118,259
11/25/2006,SNS,CA,AWP,WE,Federal Contract Tower,0,0,14,0,14,0,4,97,0,101,0,4,111,0,115,208,0,208,323
11/26/2006,SNS,CA,AWP,WE,Federal Contract Tower,0,0,25,0,25,0,2,49,0,51,0,2,74,0,76,134,0,134,210
11/27/2006,SNS,CA,AWP,WE,Federal Contract Tower,0,2,12,0,14,0,2,79,0,81,0,4,91,0,95,82,0,82,177
11/28/2006,SNS,CA,AWP,WE,Federal Contract Tower,0,3,17,0,20,0,3,61,0,64,0,6,78,0,84,174,0,174,258
11/29/2006,SNS,CA,AWP,WE,Federal Contract Tower,0,5,18,0,23,0,5,134,0,139,0,10,152,0,162,152,0,152,314
11/30/2006,SNS,CA,AWP,WE,Federal Contract Tower,0,3,14,0,17,0,5,107,0,112,0,8,121,0,129,110,0,110,239
12/01/2006,SNS,CA,AWP,WE,Federal Contract Tower,0,1,12,0,13,0,4,123,0,127,0,5,135,0,140,100,0,100,240
12/02/2006,SNS,CA,AWP,WE,Federal Contract Tower,0,1,15,0,16,0,5,119,0,124,0,6,134,0,140,146,0,146,286
12/03/2006,SNS,CA,AWP,WE,Federal Contract Tower,0,0,13,0,13,0,4,83,0,87,0,4,96,0,100,32,0,32,132
12/04/2006,SNS,CA,AWP,WE,Federal Contract Tower,0,0,24,0,24,0,2,111,0,113,0,2,135,0,137,78,0,78,215
12/05/2006,SNS,CA,AWP,WE,Federal Contract Tower,0,1,24,0,25,0,5,93,0,98,0,6,117,0,123,92,0,92,215
12/06/2006,SNS,CA,AWP,WE,Federal Contract Tower,0,0,16,0,16,0,8,81,2,91,0,8,97,2,107,86,0,86,193
12/07/2006,SNS,CA,AWP,WE,Federal Contract Tower,0,2,9,2,13,0,1,69,2,72,0,3,78,4,85,66,0,66,151
12/08/2006,SNS,CA,AWP,WE,Federal Contract Tower,0,1,13,0,14,0,4,52,0,56,0,5,65,0,70,4,0,4,74
12/09/2006,SNS,CA,AWP,WE,Federal Contract Tower,0,0,11,0,11,0,2,35,0,37,0,2,46,0,48,68,0,68,116
12/10/2006,SNS,CA,AWP,WE,Federal Contract Tower,0,0,7,0,7,0,6,29,0,35,0,6,36,0,42,16,0,16,58
12/11/2006,SNS,CA,AWP,WE,Federal Contract Tower,0,0,15,0,15,0,2,55,0,57,0,2,70,0,72,18,0,18,90
12/12/2006,SNS,CA,AWP,WE,Federal Contract Tower,0,8,31,0,39,0,2,17,0,19,0,10,48,0,58,26,0,26,84
12/13/2006,SNS,CA,AWP,WE,Federal Contract Tower,0,1,34,0,35,0,0,70,0,70,0,1,104,0,105,66,0,66,171
12/14/2006,SNS,CA,AWP,WE,Federal Contract Tower,0,3,31,1,35,0,1,19,1,21,0,4,50,2,56,2,0,2,58
12/15/2006,SNS,CA,AWP,WE,Federal Contract Tower,0,1,31,0,32,0,2,63,2,67,0,3,94,2,99,88,0,88,187
12/16/2006,SNS,CA,AWP,WE,Federal Contract Tower,0,0,11,0,11,0,1,76,0,77,0,1,87,0,88,192,0,192,280
12/17/2006,SNS,CA,AWP,WE,Federal Contract Tower,0,0,9,0,9,0,4,53,2,59,0,4,62,2,68,66,2,68,136
12/18/2006,SNS,CA,AWP,WE,Federal Contract Tower,0,0,16,0,16,0,2,59,0,61,0,2,75,0,77,56,0,56,133
12/19/2006,SNS,CA,AWP,WE,Federal Contract Tower,0,0,15,0,15,0,8,71,0,79,0,8,86,0,94,68,0,68,162
12/20/2006,SNS,CA,AWP,WE,Federal Contract Tower,0,1,19,0,20,0,1,108,0,109,0,2,127,0,129,78,0,78,207
12/21/2006,SNS,CA,AWP,WE,Federal Contract Tower,0,0,21,0,21,0,2,68,0,70,0,2,89,0,91,130,0,130,221
12/22/2006,SNS,CA,AWP,WE,Federal Contract Tower,0,0,8,0,8,0,0,97,0,97,0,0,105,0,105,128,0,128,233
12/23/2006,SNS,CA,AWP,WE,Federal Contract Tower,0,0,18,0,18,0,3,99,0,102,0,3,117,0,120,72,0,72,192
12/24/2006,SNS,CA,AWP,WE,Federal Contract Tower,0,0,9,0,9,0,2,38,0,40,0,2,47,0,49,42,0,42,91
12/25/2006,SNS,CA,AWP,WE,Federal Contract Tower,0,0,0,0,0,0,2,15,0,17,0,2,15,0,17,16,0,16,33
12/26/2006,SNS,CA,AWP,WE,Federal Contract Tower,0,1,22,0,23,0,2,39,0,41,0,3,61,0,64,44,0,44,108
12/27/2006,SNS,CA,AWP,WE,Federal Contract Tower,0,4,1,0,5,0,4,6,0,10,0,8,7,0,15,2,0,2,17
12/28/2006,SNS,CA,AWP,WE,Federal Contract Tower,0,0,7,0,7,0,0,119,0,119,0,0,126,0,126,132,0,132,258
12/29/2006,SNS,CA,AWP,WE,Federal Contract Tower,0,0,12,0,12,0,4,92,0,96,0,4,104,0,108,62,0,62,170
12/30/2006,SNS,CA,AWP,WE,Federal Contract Tower,0,0,9,0,9,0,3,104,0,107,0,3,113,0,116,94,0,94,210
12/31/2006,SNS,CA,AWP,WE,Federal Contract Tower,0,2,14,0,16,0,1,33,0,34,0,3,47,0,50,14,0,14,64
01/01/2007,SNS,CA,AWP,WE,Federal Contract Tower,0,0,3,0,3,0,1,60,0,61,0,1,63,0,64,94,0,94,158
01/02/2007,SNS,CA,AWP,WE,Federal Contract Tower,0,0,12,0,12,0,3,58,0,61,0,3,70,0,73,82,0,82,155
01/03/2007,SNS,CA,AWP,WE,Federal Contract Tower,0,2,21,0,23,0,0,65,0,65,0,2,86,0,88,64,0,64,152
01/04/2007,SNS,CA,AWP,WE,Federal Contract Tower,0,0,18,0,18,0,19,43,0,62,0,19,61,0,80,72,0,72,152
01/05/2007,SNS,CA,AWP,WE,Federal Contract Tower,0,0,17,0,17,0,2,121,1,124,0,2,138,1,141,88,0,88,229
01/06/2007,SNS,CA,AWP,WE,Federal Contract Tower,0,0,29,0,29,0,3,157,1,161,0,3,186,1,190,162,0,162,352
01/07/2007,SNS,CA,AWP,WE,Federal Contract Tower,0,0,13,0,13,0,0,138,0,138,0,0,151,0,151,250,0,250,401
01/08/2007,SNS,CA,AWP,WE,Federal Contract Tower,0,0,19,0,19,0,4,87,0,91,0,4,106,0,110,70,0,70,180
01/09/2007,SNS,CA,AWP,WE,Federal Contract Tower,0,6,21,0,27,0,4,95,0,99,0,10,116,0,126,78,0,78,204
01/10/2007,SNS,CA,AWP,WE,Federal Contract Tower,0,0,20,0,20,0,1,73,0,74,0,1,93,0,94,154,0,154,248
01/11/2007,SNS,CA,AWP,WE,Federal Contract Tower,0,1,13,1,15,0,4,57,1,62,0,5,70,2,77,118,0,118,195
01/12/2007,SNS,CA,AWP,WE,Federal Contract Tower,0,0,9,0,9,0,1,77,0,78,0,1,86,0,87,78,0,78,165
01/13/2007,SNS,CA,AWP,WE,Federal Contract Tower,0,2,7,0,9,0,0,115,0,115,0,2,122,0,124,124,0,124,248
01/14/2007,SNS,CA,AWP,WE,Federal Contract Tower,0,0,21,0,21,0,4,118,0,122,0,4,139,0,143,198,0,198,341
01/15/2007,SNS,CA,AWP,WE,Federal Contract Tower,0,0,23,0,23,0,1,119,0,120,0,1,142,0,143,62,0,62,205
01/16/2007,SNS,CA,AWP,WE,Federal Contract Tower,0,0,9,0,9,0,0,68,0,68,0,0,77,0,77,52,0,52,129
01/17/2007,SNS,CA,AWP,WE,Federal Contract Tower,0,1,16,0,17,0,1,84,0,85,0,2,100,0,102,190,0,190,292
01/18/2007,SNS,CA,AWP,WE,Federal Contract Tower,0,2,13,1,16,0,8,101,1,110,0,10,114,2,126,156,0,156,282
01/19/2007,SNS,CA,AWP,WE,Federal Contract Tower,0,0,17,0,17,0,6,112,0,118,0,6,129,0,135,112,0,112,247
01/20/2007,SNS,CA,AWP,WE,Federal Contract Tower,0,1,17,0,18,0,1,131,0,132,0,2,148,0,150,138,0,138,288
01/21/2007,SNS,CA,AWP,WE,Federal Contract Tower,0,1,8,0,9,0,3,96,0,99,0,4,104,0,108,122,0,122,230
01/22/2007,SNS,CA,AWP,WE,Federal Contract Tower,0,1,15,0,16,0,0,101,0,101,0,1,116,0,117,152,0,152,269
01/23/2007,SNS,CA,AWP,WE,Federal Contract Tower,0,1,15,0,16,0,2,89,0,91,0,3,104,0,107,146,0,146,253
01/24/2007,SNS,CA,AWP,WE,Federal Contract Tower,0,1,17,0,18,0,3,156,0,159,0,4,173,0,177,200,0,200,377
01/25/2007,SNS,CA,AWP,WE,Federal Contract Tower,0,1,18,1,20,0,4,54,1,59,0,5,72,2,79,60,0,60,139
01/26/2007,SNS,CA,AWP,WE,Federal Contract Tower,0,0,20,0,20,0,0,67,0,67,0,0,87,0,87,56,0,56,143
01/27/2007,SNS,CA,AWP,WE,Federal Contract Tower,0,0,6,0,6,0,9,84,0,93,0,9,90,0,99,182,0,182,281
01/28/2007,SNS,CA,AWP,WE,Federal Contract Tower,0,0,29,0,29,0,12,106,0,118,0,12,135,0,147,178,0,178,325
01/29/2007,SNS,CA,AWP,WE,Federal Contract Tower,0,5,21,2,28,0,1,43,2,46,0,6,64,4,74,56,0,56,130
01/30/2007,SNS,CA,AWP,WE,Federal Contract Tower,0,3,26,0,29,0,1,92,0,93,0,4,118,0,122,112,0,112,234
01/31/2007,SNS,CA,AWP,WE,Federal Contract Tower,0,1,23,0,24,0,2,96,2,100,0,3,119,2,124,150,0,150,274
02/01/2007,SNS,CA,AWP,WE,Federal Contract Tower,0,0,22,0,22,0,2,64,0,66,0,2,86,0,88,158,0,158,246
02/02/2007,SNS,CA,AWP,WE,Federal Contract Tower,0,4,25,1,30,0,0,133,1,134,0,4,158,2,164,130,0,130,294
02/03/2007,SNS,CA,AWP,WE,Federal Contract Tower,0,0,28,0,28,0,8,145,0,153,0,8,173,0,181,204,0,204,385
02/04/2007,SNS,CA,AWP,WE,Federal Contract Tower,0,0,16,0,16,0,0,89,0,89,0,0,105,0,105,124,0,124,229
02/05/2007,SNS,CA,AWP,WE,Federal Contract Tower,0,1,32,0,33,0,1,91,0,92,0,2,123,0,125,26,0,26,151
02/06/2007,SNS,CA,AWP,WE,Federal Contract Tower,0,1,21,1,23,0,4,95,3,102,0,5,116,4,125,74,0,74,199
02/07/2007,SNS,CA,AWP,WE,Federal Contract Tower,0,0,30,4,34,0,5,120,4,129,0,5,150,8,163,144,0,144,307
02/08/2007,SNS,CA,AWP,WE,Federal Contract Tower,0,3,17,1,21,0,3,33,3,39,0,6,50,4,60,134,0,134,194
02/09/2007,SNS,CA,AWP,WE,Federal Contract Tower,0,1,23,0,24,0,3,32,2,37,0,4,55,2,61,78,0,78,139
02/10/2007,SNS,CA,AWP,WE,Federal Contract Tower,0,3,12,0,15,0,3,41,0,44,0,6,53,0,59,74,0,74,133
02/11/2007,SNS,CA,AWP,WE,Federal Contract Tower,0,0,16,0,16,0,5,81,0,86,0,5,97,0,102,126,0,126,228
02/12/2007,SNS,CA,AWP,WE,Federal Contract Tower,0,4,31,0,35,0,6,74,0,80,0,10,105,0,115,90,0,90,205
02/13/2007,SNS,CA,AWP,WE,Federal Contract Tower,0,1,36,2,39,0,7,106,14,127,0,8,142,16,166,124,0,124,290
02/14/2007,SNS,CA,AWP,WE,Federal Contract Tower,0,1,18,0,19,0,0,81,0,81,0,1,99,0,100,136,0,136,236
02/15/2007,SNS,CA,AWP,WE,Federal Contract Tower,0,0,19,0,19,0,3,120,0,123,0,3,139,0,142,126,0,126,268
02/16/2007,SNS,CA,AWP,WE,Federal Contract Tower,0,1,29,0,30,0,3,119,0,122,0,4,148,0,152,100,0,100,252
02/17/2007,SNS,CA,AWP,WE,Federal Contract Tower,0,2,24,0,26,0,0,141,0,141,0,2,165,0,167,246,0,246,413
02/18/2007,SNS,CA,AWP,WE,Federal Contract Tower,0,0,15,0,15,0,5,54,0,59,0,5,69,0,74,52,0,52,126
02/19/2007,SNS,CA,AWP,WE,Federal Contract Tower,0,2,20,0,22,0,6,79,0,85,0,8,99,0,107,56,0,56,163
02/20/2007,SNS,CA,AWP,WE,Federal Contract Tower,0,1,22,0,23,0,5,78,0,83,0,6,100,0,106,84,0,84,190
02/21/2007,SNS,CA,AWP,WE,Federal Contract Tower,0,1,24,0,25,0,2,86,2,90,0,3,110,2,115,164,0,164,279
02/22/2007,SNS,CA,AWP,WE,Federal Contract Tower,0,2,10,0,12,0,4,24,0,28,0,6,34,0,40,12,0,12,52
02/23/2007,SNS,CA,AWP,WE,Federal Contract Tower,0,1,16,0,17,0,4,84,0,88,0,5,100,0,105,66,0,66,171
02/24/2007,SNS,CA,AWP,WE,Federal Contract Tower,0,0,12,0,12,0,0,98,0,98,0,0,110,0,110,202,0,202,312
02/25/2007,SNS,CA,AWP,WE,Federal Contract Tower,0,2,3,0,5,0,2,18,0,20,0,4,21,0,25,10,0,10,35
02/26/2007,SNS,CA,AWP,WE,Federal Contract Tower,0,1,17,0,18,0,4,10,0,14,0,5,27,0,32,16,0,16,48
02/27/2007,SNS,CA,AWP,WE,Federal Contract Tower,0,1,19,0,20,0,4,75,0,79,0,5,94,0,99,46,0,46,145
02/28/2007,SNS,CA,AWP,WE,Federal Contract Tower,0,0,16,0,16,0,0,97,2,99,0,0,113,2,115,68,0,68,183
03/01/2007,SNS,CA,AWP,WE,Federal Contract Tower,0,0,27,0,27,0,3,64,0,67,0,3,91,0,94,76,0,76,170
03/02/2007,SNS,CA,AWP,WE,Federal Contract Tower,0,2,28,0,30,0,2,147,4,153,0,4,175,4,183,212,0,212,395
03/03/2007,SNS,CA,AWP,WE,Federal Contract Tower,0,0,18,2,20,0,6,142,0,148,0,6,160,2,168,160,0,160,328
03/04/2007,SNS,CA,AWP,WE,Federal Contract Tower,0,0,10,0,10,0,6,101,0,107,0,6,111,0,117,52,0,52,169
03/05/2007,SNS,CA,AWP,WE,Federal Contract Tower,0,0,22,0,22,0,0,144,0,144,0,0,166,0,166,196,0,196,362
03/06/2007,SNS,CA,AWP,WE,Federal Contract Tower,0,0,13,0,13,0,3,69,0,72,0,3,82,0,85,120,0,120,205
03/07/2007,SNS,CA,AWP,WE,Federal Contract Tower,0,0,30,0,30,0,4,90,0,94,0,4,120,0,124,140,0,140,264
03/08/2007,SNS,CA,AWP,WE,Federal Contract Tower,0,0,27,0,27,0,4,91,1,96,0,4,118,1,123,104,0,104,227
03/09/2007,SNS,CA,AWP,WE,Federal Contract Tower,0,1,35,0,36,0,1,118,0,119,0,2,153,0,155,184,0,184,339
03/10/2007,SNS,CA,AWP,WE,Federal Contract Tower,0,0,10,0,10,0,15,131,0,146,0,15,141,0,156,142,0,142,298
03/11/2007,SNS,CA,AWP,WE,Federal Contract Tower,0,0,20,0,20,0,11,159,0,170,0,11,179,0,190,210,0,210,400
03/12/2007,SNS,CA,AWP,WE,Federal Contract Tower,0,0,23,0,23,0,4,112,0,116,0,4,135,0,139,102,0,102,241
03/13/2007,SNS,CA,AWP,WE,Federal Contract Tower,0,0,17,0,17,0,3,110,0,113,0,3,127,0,130,50,0,50,180
03/14/2007,SNS,CA,AWP,WE,Federal Contract Tower,0,4,17,0,21,0,4,65,0,69,0,8,82,0,90,68,0,68,158
03/15/2007,SNS,CA,AWP,WE,Federal Contract Tower,0,0,30,0,30,0,3,111,4,118,0,3,141,4,148,74,0,74,222
03/16/2007,SNS,CA,AWP,WE,Federal Contract Tower,0,1,22,0,23,0,6,112,0,118,0,7,134,0,141,126,0,126,267
03/17/2007,SNS,CA,AWP,WE,Federal Contract Tower,0,3,57,0,60,0,4,38,0,42,0,7,95,0,102,36,0,36,138
03/18/2007,SNS,CA,AWP,WE,Federal Contract Tower,0,0,22,0,22,0,6,113,0,119,0,6,135,0,141,170,0,170,311
03/19/2007,SNS,CA,AWP,WE,Federal Contract Tower,0,0,31,0,31,0,1,55,0,56,0,1,86,0,87,20,0,20,107
03/20/2007,SNS,CA,AWP,WE,Federal Contract Tower,0,4,32,0,36,0,4,36,0,40,0,8,68,0,76,32,0,32,108
03/21/2007,SNS,CA,AWP,WE,Federal Contract Tower,0,0,18,0,18,0,2,103,0,105,0,2,121,0,123,112,0,112,235
03/22/2007,SNS,CA,AWP,WE,Federal Contract Tower,0,1,7,0,8,0,3,98,0,101,0,4,105,0,109,106,0,106,215
03/23/2007,SNS,CA,AWP,WE,Federal Contract Tower,0,4,16,0,20,0,3,101,0,104,0,7,117,0,124,100,0,100,224
03/24/2007,SNS,CA,AWP,WE,Federal Contract Tower,0,2,20,0,22,0,2,89,0,91,0,4,109,0,113,170,0,170,283
03/25/2007,SNS,CA,AWP,WE,Federal Contract Tower,0,1,26,0,27,0,3,81,0,84,0,4,107,0,111,130,0,130,241
03/26/2007,SNS,CA,AWP,WE,Federal Contract Tower,0,0,23,0,23,0,0,27,0,27,0,0,50,0,50,0,0,0,50
03/27/2007,SNS,CA,AWP,WE,Federal Contract Tower,0,0,7,0,7,0,2,19,0,21,0,2,26,0,28,14,0,14,42
03/28/2007,SNS,CA,AWP,WE,Federal Contract Tower,0,0,31,0,31,0,1,71,2,74,0,1,102,2,105,56,0,56,161
03/29/2007,SNS,CA,AWP,WE,Federal Contract Tower,0,0,15,0,15,0,1,129,0,130,0,1,144,0,145,138,0,138,283
03/30/2007,SNS,CA,AWP,WE,Federal Contract Tower,0,0,22,0,22,0,1,92,0,93,0,1,114,0,115,124,0,124,239
03/31/2007,SNS,CA,AWP,WE,Federal Contract Tower,0,0,15,0,15,0,2,126,0,128,0,2,141,0,143,112,0,112,255
04/01/2007,SNS,CA,AWP,WE,Federal Contract Tower,0,0,10,0,10,0,0,87,0,87,0,0,97,0,97,72,0,72,169
04/02/2007,SNS,CA,AWP,WE,Federal Contract Tower,0,1,8,0,9,0,0,73,0,73,0,1,81,0,82,70,0,70,152
04/03/2007,SNS,CA,AWP,WE,Federal Contract Tower,0,1,6,0,7,0,0,64,0,64,0,1,70,0,71,58,0,58,129
04/04/2007,SNS,CA,AWP,WE,Federal Contract Tower,0,0,17,0,17,0,1,92,0,93,0,1,109,0,110,124,0,124,234
04/05/2007,SNS,CA,AWP,WE,Federal Contract Tower,0,1,10,0,11,0,1,75,0,76,0,2,85,0,87,82,0,82,169
04/06/2007,SNS,CA,AWP,WE,Federal Contract Tower,0,0,25,0,25,0,2,74,0,76,0,2,99,0,101,6,0,6,107
04/07/2007,SNS,CA,AWP,WE,Federal Contract Tower,0,0,13,0,13,0,6,65,0,71,0,6,78,0,84,142,0,142,226
04/08/2007,SNS,CA,AWP,WE,Federal Contract Tower,0,0,9,0,9,0,4,148,0,152,0,4,157,0,161,88,0,88,249
04/09/2007,SNS,CA,AWP,WE,Federal Contract Tower,0,0,10,0,10,0,2,109,0,111,0,2,119,0,121,66,0,66,187
04/10/2007,SNS,CA,AWP,WE,Federal Contract Tower,0,3,11,1,15,0,11,117,1,129,0,14,128,2,144,156,0,156,300
04/11/2007,SNS,CA,AWP,WE,Federal Contract Tower,0,1,22,0,23,0,5,39,0,44,0,6,61,0,67,66,0,66,133
04/12/2007,SNS,CA,AWP,WE,Federal Contract Tower,0,1,25,0,26,0,11,94,0,105,0,12,119,0,131,139,0,139,270
04/13/2007,SNS,CA,AWP,WE,Federal Contract Tower,0,0,18,0,18,0,2,115,0,117,0,2,133,0,135,84,0,84,219
04/14/2007,SNS,CA,AWP,WE,Federal Contract Tower,0,0,12,0,12,0,4,60,0,64,0,4,72,0,76,62,0,62,138
04/15/2007,SNS,CA,AWP,WE,Federal Contract Tower,0,0,5,0,5,0,6,120,0,126,0,6,125,0,131,112,0,112,243
04/16/2007,SNS,CA,AWP,WE,Federal Contract Tower,0,0,11,0,11,0,6,100,0,106,0,6,111,0,117,168,0,168,285
04/17/2007,SNS,CA,AWP,WE,Federal Contract Tower,0,0,25,0,25,0,0,96,0,96,0,0,121,0,121,118,0,118,239
04/18/2007,SNS,CA,AWP,WE,Federal Contract Tower,0,2,18,0,20,0,4,103,2,109,0,6,121,2,129,178,0,178,307
04/19/2007,SNS,CA,AWP,WE,Federal Contract Tower,0,1,13,0,14,0,0,102,2,104,0,1,115,2,118,98,0,98,216
04/20/2007,SNS,CA,AWP,WE,Federal Contract Tower,0,0,21,0,21,0,0,68,2,70,0,0,89,2,91,172,0,172,263
04/21/2007,SNS,CA,AWP,WE,Federal Contract Tower,0,0,11,0,11,0,6,124,0,130,0,6,135,0,141,142,0,142,283
04/22/2007,SNS,CA,AWP,WE,Federal Contract Tower,0,2,18,2,22,0,86,70,4,160,0,88,88,6,182,192,0,192,374
04/23/2007,SNS,CA,AWP,WE,Federal Contract Tower,0,0,9,0,9,0,2,102,0,104,0,2,111,0,113,132,0,132,245
04/24/2007,SNS,CA,AWP,WE,Federal Contract Tower,0,1,15,0,16,0,1,135,4,140,0,2,150,4,156,105,0,105,261
04/25/2007,SNS,CA,AWP,WE,Federal Contract Tower,0,3,40,0,43,0,2,74,0,76,0,5,114,0,119,104,0,104,223
04/26/2007,SNS,CA,AWP,WE,Federal Contract Tower,0,1,14,0,15,0,2,137,0,139,0,3,151,0,154,190,0,190,344
04/27/2007,SNS,CA,AWP,WE,Federal Contract Tower,0,0,15,0,15,0,6,132,2,140,0,6,147,2,155,252,0,252,407
04/28/2007,SNS,CA,AWP,WE,Federal Contract Tower,0,0,5,0,5,0,12,564,0,576,0,12,569,0,581,84,0,84,665
04/29/2007,SNS,CA,AWP,WE,Federal Contract Tower,0,0,23,0,23,0,6,154,0,160,0,6,177,0,183,238,0,238,421
04/30/2007,SNS,CA,AWP,WE,Federal Contract Tower,0,1,17,0,18,0,11,128,0,139,0,12,145,0,157,134,0,134,291
05/01/2007,SNS,CA,AWP,WE,Federal Contract Tower,0,0,8,0,8,0,2,107,0,109,0,2,115,0,117,128,0,128,245
05/02/2007,SNS,CA,AWP,WE,Federal Contract Tower,0,1,24,0,25,0,1,59,0,60,0,2,83,0,85,80,0,80,165
05/03/2007,SNS,CA,AWP,WE,Federal Contract Tower,0,1,20,0,21,0,4,111,0,115,0,5,131,0,136,178,0,178,314
05/04/2007,SNS,CA,AWP,WE,Federal Contract Tower,0,0,18,0,18,0,2,81,2,85,0,2,99,2,103,66,0,66,169
05/05/2007,SNS,CA,AWP,WE,Federal Contract Tower,0,0,21,0,21,0,7,148,0,155,0,7,169,0,176,160,0,160,336
05/06/2007,SNS,CA,AWP,WE,Federal Contract Tower,0,0,3,0,3,0,5,138,0,143,0,5,141,0,146,128,0,128,274
05/07/2007,SNS,CA,AWP,WE,Federal Contract Tower,0,1,12,0,13,0,1,60,0,61,0,2,72,0,74,36,0,36,110
05/08/2007,SNS,CA,AWP,WE,Federal Contract Tower,0,1,19,0,20,0,0,144,0,144,0,1,163,0,164,112,0,112,276
05/09/2007,SNS,CA,AWP,WE,Federal Contract Tower,0,1,24,0,25,0,4,76,0,80,0,5,100,0,105,94,0,94,199
05/10/2007,SNS,CA,AWP,WE,Federal Contract Tower,0,0,24,0,24,0,2,109,0,111,0,2,133,0,135,108,0,108,243
05/11/2007,SNS,CA,AWP,WE,Federal Contract Tower,0,1,47,0,48,0,4,88,0,92,0,5,135,0,140,78,0,78,218
05/12/2007,SNS,CA,AWP,WE,Federal Contract Tower,0,0,18,0,18,0,2,161,0,163,0,2,179,0,181,196,0,196,377
05/13/2007,SNS,CA,AWP,WE,Federal Contract Tower,0,0,14,0,14,0,9,105,0,114,0,9,119,0,128,116,0,116,244
05/14/2007,SNS,CA,AWP,WE,Federal Contract Tower,0,1,17,0,18,0,8,145,0,153,0,9,162,0,171,68,0,68,239
05/15/2007,SNS,CA,AWP,WE,Federal Contract Tower,0,1,41,0,42,0,2,51,0,53,0,3,92,0,95,106,0,106,201
05/16/2007,SNS,CA,AWP,WE,Federal Contract Tower,0,5,24,0,29,0,2,77,0,79,0,7,101,0,108,46,0,46,154
05/17/2007,SNS,CA,AWP,WE,Federal Contract Tower,0,5,19,0,24,0,8,104,0,112,0,13,123,0,136,110,0,110,246
05/18/2007,SNS,CA,AWP,WE,Federal Contract Tower,0,0,38,1,39,0,2,96,1,99,0,2,134,2,138,124,0,124,262
05/19/2007,SNS,CA,AWP,WE,Federal Contract Tower,0,0,11,0,11,0,7,101,0,108,0,7,112,0,119,42,0,42,161
05/20/2007,SNS,CA,AWP,WE,Federal Contract Tower,0,0,6,0,6,0,7,116,0,123,0,7,122,0,129,38,0,38,167
05/21/2007,SNS,CA,AWP,WE,Federal Contract Tower,0,2,13,0,15,0,1,87,0,88,0,3,100,0,103,68,0,68,171
05/22/2007,SNS,CA,AWP,WE,Federal Contract Tower,0,0,15,0,15,0,0,118,0,118,0,0,133,0,133,110,0,110,243
05/23/2007,SNS,CA,AWP,WE,Federal Contract Tower,0,1,14,0,15,0,6,122,0,128,0,7,136,0,143,162,0,162,305
05/24/2007,SNS,CA,AWP,WE,Federal Contract Tower,0,10,13,0,23,0,10,122,0,132,0,20,135,0,155,202,0,202,357
05/25/2007,SNS,CA,AWP,WE,Federal Contract Tower,0,3,28,0,31,0,0,78,0,78,0,3,106,0,109,18,0,18,127
05/26/2007,SNS,CA,AWP,WE,Federal Contract Tower,0,0,17,0,17,0,3,72,0,75,0,3,89,0,92,70,0,70,162
05/27/2007,SNS,CA,AWP,WE,Federal Contract Tower,0,1,7,0,8,0,3,67,0,70,0,4,74,0,78,42,0,42,120
05/28/2007,SNS,CA,AWP,WE,Federal Contract Tower,0,3,16,0,19,0,0,58,0,58,0,3,74,0,77,136,0,136,213
05/29/2007,SNS,CA,AWP,WE,Federal Contract Tower,0,2,20,0,22,0,6,69,0,75,0,8,89,0,97,72,0,72,169
05/30/2007,SNS,CA,AWP,WE,Federal Contract Tower,0,1,37,0,38,0,4,83,0,87,0,5,120,0,125,252,0,252,377
05/31/2007,SNS,CA,AWP,WE,Federal Contract Tower,0,2,23,0,25,0,3,87,0,90,0,5,110,0,115,96,0,96,211
06/01/2007,SNS,CA,AWP,WE,Federal Contract Tower,0,3,30,0,33,0,0,79,0,79,0,3,109,0,112,166,0,166,278
06/02/2007,SNS,CA,AWP,WE,Federal Contract Tower,0,0,19,0,19,0,2,115,0,117,0,2,134,0,136,138,0,138,274
06/03/2007,SNS,CA,AWP,WE,Federal Contract Tower,0,4,20,0,24,0,34,145,2,181,0,38,165,2,205,164,8,172,377
06/04/2007,SNS,CA,AWP,WE,Federal Contract Tower,0,2,18,2,22,0,14,85,5,104,0,16,103,7,126,70,0,70,196
06/05/2007,SNS,CA,AWP,WE,Federal Contract Tower,0,1,36,2,39,0,4,69,3,76,0,5,105,5,115,58,0,58,173
06/06/2007,SNS,CA,AWP,WE,Federal Contract Tower,0,1,17,0,18,0,3,94,2,99,0,4,111,2,117,54,0,54,171
06/07/2007,SNS,CA,AWP,WE,Federal Contract Tower,0,0,21,0,21,0,17,140,0,157,0,17,161,0,178,58,0,58,236
06/08/2007,SNS,CA,AWP,WE,Federal Contract Tower,0,0,20,0,20,0,3,93,2,98,0,3,113,2,118,138,0,138,256
06/09/2007,SNS,CA,AWP,WE,Federal Contract Tower,0,10,17,0,27,0,0,74,0,74,0,10,91,0,101,130,0,130,231
06/10/2007,SNS,CA,AWP,WE,Federal Contract Tower,0,2,18,0,20,0,3,107,0,110,0,5,125,0,130,184,0,184,314
06/11/2007,SNS,CA,AWP,WE,Federal Contract Tower,0,2,24,0,26,0,5,102,0,107,0,7,126,0,133,110,0,110,243
06/12/2007,SNS,CA,AWP,WE,Federal Contract Tower,0,4,20,0,24,0,15,125,0,140,0,19,145,0,164,218,0,218,382
06/13/2007,SNS,CA,AWP,WE,Federal Contract Tower,0,1,23,2,26,0,1,124,0,125,0,2,147,2,151,154,0,154,305
06/14/2007,SNS,CA,AWP,WE,Federal Contract Tower,0,2,19,0,21,0,6,120,0,126,0,8,139,0,147,109,0,109,256
06/15/2007,SNS,CA,AWP,WE,Federal Contract Tower,0,0,11,0,11,0,0,143,4,147,0,0,154,4,158,64,0,64,222
06/16/2007,SNS,CA,AWP,WE,Federal Contract Tower,0,0,59,0,59,0,2,11,0,13,0,2,70,0,72,78,0,78,150
06/17/2007,SNS,CA,AWP,WE,Federal Contract Tower,0,0,10,0,10,0,1,90,2,93,0,1,100,2,103,60,0,60,163
06/18/2007,SNS,CA,AWP,WE,Federal Contract Tower,0,1,27,0,28,0,4,55,6,65,0,5,82,6,93,74,0,74,167
06/19/2007,SNS,CA,AWP,WE,Federal Contract Tower,0,2,25,0,27,0,2,94,0,96,0,4,119,0,123,108,0,108,231
06/20/2007,SNS,CA,AWP,WE,Federal Contract Tower,0,1,25,0,26,0,2,178,0,180,0,3,203,0,206,151,0,151,357
06/21/2007,SNS,CA,AWP,WE,Federal Contract Tower,0,1,29,0,30,0,2,65,0,67,0,3,94,0,97,56,0,56,153
06/22/2007,SNS,CA,AWP,WE,Federal Contract Tower,0,1,13,0,14,0,3,99,0,102,0,4,112,0,116,60,0,60,176
06/23/2007,SNS,CA,AWP,WE,Federal Contract Tower,0,0,10,0,10,0,9,125,0,134,0,9,135,0,144,242,0,242,386
06/24/2007,SNS,CA,AWP,WE,Federal Contract Tower,0,4,20,0,24,0,5,103,0,108,0,9,123,0,132,130,0,130,262
06/25/2007,SNS,CA,AWP,WE,Federal Contract Tower,0,1,7,0,8,0,3,77,0,80,0,4,84,0,88,54,0,54,142
06/26/2007,SNS,CA,AWP,WE,Federal Contract Tower,0,0,23,0,23,0,2,85,0,87,0,2,108,0,110,80,0,80,190
06/27/2007,SNS,CA,AWP,WE,Federal Contract Tower,0,1,13,0,14,0,87,118,0,205,0,88,131,0,219,166,0,166,385
06/28/2007,SNS,CA,AWP,WE,Federal Contract Tower,0,1,14,0,15,0,6,106,0,112,0,7,120,0,127,80,0,80,207
06/29/2007,SNS,CA,AWP,WE,Federal Contract Tower,0,1,16,0,17,0,6,104,0,110,0,7,120,0,127,108,0,108,235
06/30/2007,SNS,CA,AWP,WE,Federal Contract Tower,0,0,16,0,16,0,5,122,0,127,0,5,138,0,143,128,0,128,271
07/01/2007,SNS,CA,AWP,WE,Federal Contract Tower,0,2,12,0,14,0,5,92,0,97,0,7,104,0,111,92,0,92,203
07/02/2007,SNS,CA,AWP,WE,Federal Contract Tower,0,0,14,0,14,0,4,86,1,91,0,4,100,1,105,80,0,80,185
07/03/2007,SNS,CA,AWP,WE,Federal Contract Tower,0,1,16,0,17,0,6,87,0,93,0,7,103,0,110,132,0,132,242
07/04/2007,SNS,CA,AWP,WE,Federal Contract Tower,0,0,6,0,6,0,2,115,0,117,0,2,121,0,123,58,0,58,181
07/05/2007,SNS,CA,AWP,WE,Federal Contract Tower,0,0,17,0,17,0,0,130,0,130,0,0,147,0,147,180,0,180,327
07/06/2007,SNS,CA,AWP,WE,Federal Contract Tower,0,3,30,1,34,0,12,96,0,108,0,15,126,1,142,62,0,62,204
07/07/2007,SNS,CA,AWP,WE,Federal Contract Tower,0,0,29,0,29,0,4,90,0,94,0,4,119,0,123,92,0,92,215
07/08/2007,SNS,CA,AWP,WE,Federal Contract Tower,0,0,4,0,4,0,3,149,2,154,0,3,153,2,158,92,0,92,250
07/09/2007,SNS,CA,AWP,WE,Federal Contract Tower,0,3,28,0,31,0,2,64,0,66,0,5,92,0,97,78,0,78,175
07/10/2007,SNS,CA,AWP,WE,Federal Contract Tower,0,2,32,0,34,0,2,70,0,72,0,4,102,0,106,84,0,84,190
07/11/2007,SNS,CA,AWP,WE,Federal Contract Tower,0,1,24,0,25,0,7,125,0,132,0,8,149,0,157,86,0,86,243
07/12/2007,SNS,CA,AWP,WE,Federal Contract Tower,0,1,36,0,37,0,9,139,2,150,0,10,175,2,187,188,0,188,375
07/13/2007,SNS,CA,AWP,WE,Federal Contract Tower,0,1,16,0,17,0,5,138,0,143,0,6,154,0,160,70,0,70,230
07/14/2007,SNS,CA,AWP,WE,Federal Contract Tower,0,0,28,0,28,0,3,111,0,114,0,3,139,0,142,108,0,108,250
07/15/2007,SNS,CA,AWP,WE,Federal Contract Tower,0,0,36,0,36,0,8,92,0,100,0,8,128,0,136,118,0,118,254
07/16/2007,SNS,CA,AWP,WE,Federal Contract Tower,0,1,13,0,14,0,2,86,1,89,0,3,99,1,103,108,0,108,211
07/17/2007,SNS,CA,AWP,WE,Federal Contract Tower,0,3,27,0,30,0,14,87,0,101,0,17,114,0,131,88,0,88,219
07/18/2007,SNS,CA,AWP,WE,Federal Contract Tower,0,0,18,0,18,0,10,84,0,94,0,10,102,0,112,149,0,149,261
07/19/2007,SNS,CA,AWP,WE,Federal Contract Tower,0,0,16,0,16,0,2,144,0,146,0,2,160,0,162,248,0,248,410
07/20/2007,SNS,CA,AWP,WE,Federal Contract Tower,0,0,25,0,25,0,22,155,1,178,0,22,180,1,203,168,0,168,371
07/21/2007,SNS,CA,AWP,WE,Federal Contract Tower,0,1,22,0,23,0,5,123,0,128,0,6,145,0,151,106,0,106,257
07/22/2007,SNS,CA,AWP,WE,Federal Contract Tower,0,1,31,0,32,0,2,105,0,107,0,3,136,0,139,138,0,138,277
07/23/2007,SNS,CA,AWP,WE,Federal Contract Tower,0,2,18,0,20,0,1,69,1,71,0,3,87,1,91,158,0,158,249
07/24/2007,SNS,CA,AWP,WE,Federal Contract Tower,0,0,20,0,20,0,3,50,0,53,0,3,70,0,73,10,0,10,83
07/25/2007,SNS,CA,AWP,WE,Federal Contract Tower,0,1,36,0,37,0,2,54,0,56,0,3,90,0,93,112,0,112,205
07/26/2007,SNS,CA,AWP,WE,Federal Contract Tower,0,1,20,0,21,0,4,65,0,69,0,5,85,0,90,84,0,84,174
07/27/2007,SNS,CA,AWP,WE,Federal Contract Tower,0,0,31,0,31,0,2,75,0,77,0,2,106,0,108,116,0,116,224
07/28/2007,SNS,CA,AWP,WE,Federal Contract Tower,0,6,15,0,21,0,1,131,0,132,0,7,146,0,153,86,0,86,239
07/29/2007,SNS,CA,AWP,WE,Federal Contract Tower,0,0,19,0,19,0,5,136,0,141,0,5,155,0,160,64,0,64,224
07/30/2007,SNS,CA,AWP,WE,Federal Contract Tower,0,5,17,0,22,0,3,84,0,87,0,8,101,0,109,138,0,138,247
07/31/2007,SNS,CA,AWP,WE,Federal Contract Tower,0,1,25,0,26,0,3,65,0,68,0,4,90,0,94,80,0,80,174
08/01/2007,SNS,CA,AWP,WE,Federal Contract Tower,0,2,16,0,18,0,2,104,0,106,0,4,120,0,124,60,0,60,184
08/02/2007,SNS,CA,AWP,WE,Federal Contract Tower,0,0,44,0,44,0,4,90,0,94,0,4,134,0,138,150,0,150,288
08/03/2007,SNS,CA,AWP,WE,Federal Contract Tower,0,0,51,0,51,0,6,167,0,173,0,6,218,0,224,152,0,152,376
08/04/2007,SNS,CA,AWP,WE,Federal Contract Tower,0,0,36,0,36,0,4,81,0,85,0,4,117,0,121,60,0,60,181
08/05/2007,SNS,CA,AWP,WE,Federal Contract Tower,0,1,49,0,50,0,10,69,0,79,0,11,118,0,129,156,0,156,285
08/06/2007,SNS,CA,AWP,WE,Federal Contract Tower,0,0,16,0,16,0,0,62,0,62,0,0,78,0,78,122,0,122,200
08/07/2007,SNS,CA,AWP,WE,Federal Contract Tower,0,2,20,0,22,0,5,98,0,103,0,7,118,0,125,104,0,104,229
08/08/2007,SNS,CA,AWP,WE,Federal Contract Tower,0,3,23,0,26,0,4,103,0,107,0,7,126,0,133,104,0,104,237
08/09/2007,SNS,CA,AWP,WE,Federal Contract Tower,0,3,53,0,56,0,4,54,0,58,0,7,107,0,114,68,0,68,182
08/10/2007,SNS,CA,AWP,WE,Federal Contract Tower,0,2,50,0,52,0,0,56,0,56,0,2,106,0,108,60,0,60,168
08/11/2007,SNS,CA,AWP,WE,Federal Contract Tower,0,0,27,0,27,0,6,67,0,73,0,6,94,0,100,98,0,98,198
08/12/2007,SNS,CA,AWP,WE,Federal Contract Tower,0,0,37,0,37,0,2,90,0,92,0,2,127,0,129,98,0,98,227
08/13/2007,SNS,CA,AWP,WE,Federal Contract Tower,0,0,6,0,6,0,3,80,0,83,0,3,86,0,89,42,0,42,131
08/14/2007,SNS,CA,AWP,WE,Federal Contract Tower,0,5,37,0,42,0,6,65,0,71,0,11,102,0,113,150,0,150,263
08/15/2007,SNS,CA,AWP,WE,Federal Contract Tower,0,3,26,0,29,0,10,137,0,147,0,13,163,0,176,214,0,214,390
08/16/2007,SNS,CA,AWP,WE,Federal Contract Tower,0,4,39,0,43,0,7,80,0,87,0,11,119,0,130,110,0,110,240
08/17/2007,SNS,CA,AWP,WE,Federal Contract Tower,0,4,27,0,31,0,0,62,0,62,0,4,89,0,93,110,0,110,203
08/18/2007,SNS,CA,AWP,WE,Federal Contract Tower,0,1,15,0,16,0,1,106,0,107,0,2,121,0,123,92,0,92,215
08/19/2007,SNS,CA,AWP,WE,Federal Contract Tower,0,1,42,0,43,0,2,122,0,124,0,3,164,0,167,136,0,136,303
08/20/2007,SNS,CA,AWP,WE,Federal Contract Tower,0,0,19,0,19,0,9,79,0,88,0,9,98,0,107,62,0,62,169
08/21/2007,SNS,CA,AWP,WE,Federal Contract Tower,0,0,90,0,90,0,4,60,0,64,0,4,150,0,154,58,0,58,212
08/22/2007,SNS,CA,AWP,WE,Federal Contract Tower,0,0,39,0,39,0,3,67,2,72,0,3,106,2,111,140,0,140,251
08/23/2007,SNS,CA,AWP,WE,Federal Contract Tower,0,4,23,0,27,0,0,53,0,53,0,4,76,0,80,80,0,80,160
08/24/2007,SNS,CA,AWP,WE,Federal Contract Tower,0,2,40,0,42,0,5,86,2,93,0,7,126,2,135,94,0,94,229
08/25/2007,SNS,CA,AWP,WE,Federal Contract Tower,0,0,12,0,12,0,1,101,4,106,0,1,113,4,118,124,0,124,242
08/26/2007,SNS,CA,AWP,WE,Federal Contract Tower,0,2,51,0,53,0,4,77,0,81,0,6,128,0,134,68,0,68,202
08/27/2007,SNS,CA,AWP,WE,Federal Contract Tower,0,2,31,0,33,0,8,45,2,55,0,10,76,2,88,62,0,62,150
08/28/2007,SNS,CA,AWP,WE,Federal Contract Tower,0,0,13,0,13,0,3,92,0,95,0,3,105,0,108,140,0,140,248
08/29/2007,SNS,CA,AWP,WE,Federal Contract Tower,0,34,37,0,71,0,3,105,2,110,0,37,142,2,181,132,0,132,313
08/30/2007,SNS,CA,AWP,WE,Federal Contract Tower,0,1,14,0,15,0,2,85,0,87,0,3,99,0,102,32,0,32,134
08/31/2007,SNS,CA,AWP,WE,Federal Contract Tower,0,0,60,0,60,0,0,95,0,95,0,0,155,0,155,126,0,126,281
09/01/2007,SNS,CA,AWP,WE,Federal Contract Tower,0,0,26,0,26,0,2,75,0,77,0,2,101,0,103,104,0,104,207
09/02/2007,SNS,CA,AWP,WE,Federal Contract Tower,0,0,39,0,39,0,1,72,0,73,0,1,111,0,112,56,0,56,168
09/03/2007,SNS,CA,AWP,WE,Federal Contract Tower,0,0,7,0,7,0,3,89,0,92,0,3,96,0,99,32,0,32,131
09/04/2007,SNS,CA,AWP,WE,Federal Contract Tower,0,1,32,0,33,0,2,69,0,71,0,3,101,0,104,129,0,129,233
09/05/2007,SNS,CA,AWP,WE,Federal Contract Tower,0,0,30,0,30,0,4,74,0,78,0,4,104,0,108,76,0,76,184
09/06/2007,SNS,CA,AWP,WE,Federal Contract Tower,0,1,37,0,38,0,3,104,0,107,0,4,141,0,145,98,0,98,243
09/07/2007,SNS,CA,AWP,WE,Federal Contract Tower,0,0,24,0,24,0,4,65,0,69,0,4,89,0,93,112,0,112,205
09/08/2007,SNS,CA,AWP,WE,Federal Contract Tower,0,0,42,0,42,0,3,79,0,82,0,3,121,0,124,28,0,28,152
09/09/2007,SNS,CA,AWP,WE,Federal Contract Tower,0,0,32,0,32,0,2,86,0,88,0,2,118,0,120,67,0,67,187
09/10/2007,SNS,CA,AWP,WE,Federal Contract Tower,0,6,24,0,30,0,0,46,0,46,0,6,70,0,76,88,0,88,164
09/11/2007,SNS,CA,AWP,WE,Federal Contract Tower,0,0,55,0,55,0,10,42,0,52,0,10,97,0,107,112,0,112,219
09/12/2007,SNS,CA,AWP,WE,Federal Contract Tower,0,0,31,0,31,0,3,58,6,67,0,3,89,6,98,122,0,122,220
09/13/2007,SNS,CA,AWP,WE,Federal Contract Tower,0,7,58,0,65,0,3,68,2,73,0,10,126,2,138,68,0,68,206
09/14/2007,SNS,CA,AWP,WE,Federal Contract Tower,0,0,33,0,33,0,6,78,0,84,0,6,111,0,117,66,0,66,183
09/15/2007,SNS,CA,AWP,WE,Federal Contract Tower,0,2,30,0,32,0,9,92,0,101,0,11,122,0,133,42,0,42,175
09/16/2007,SNS,CA,AWP,WE,Federal Contract Tower,0,1,42,0,43,0,4,97,0,101,0,5,139,0,144,88,0,88,232
09/18/2007,SNS,CA,AWP,WE,Federal Contract Tower,0,4,57,1,62,0,2,103,1,106,0,6,160,2,168,60,0,60,228
09/20/2007,SNS,CA,AWP,WE,Federal Contract Tower,0,6,54,0,60,0,4,102,0,106,0,10,156,0,166,104,0,104,270
09/21/2007,SNS,CA,AWP,WE,Federal Contract Tower,0,5,52,0,57,0,2,130,0,132,0,7,182,0,189,96,0,96,285
09/22/2007,SNS,CA,AWP,WE,Federal Contract Tower,0,1,33,0,34,0,0,33,0,33,0,1,66,0,67,60,0,60,127
09/23/2007,SNS,CA,AWP,WE,Federal Contract Tower,0,3,27,0,30,0,2,91,0,93,0,5,118,0,123,126,0,126,249
09/24/2007,SNS,CA,AWP,WE,Federal Contract Tower,0,1,30,0,31,0,2,97,2,101,0,3,127,2,132,62,0,62,194
09/25/2007,SNS,CA,AWP,WE,Federal Contract Tower,0,0,15,0,15,0,3,111,1,115,0,3,126,1,130,42,0,42,172
09/26/2007,SNS,CA,AWP,WE,Federal Contract Tower,0,1,7,4,12,0,10,91,16,117,0,11,98,20,129,0,0,0,129
09/27/2007,SNS,CA,AWP,WE,Federal Contract Tower,0,1,8,0,9,0,0,103,4,107,0,1,111,4,116,16,4,20,136
09/28/2007,SNS,CA,AWP,WE,Federal Contract Tower,0,0,6,0,6,0,1,47,1,49,0,1,53,1,55,0,0,0,55
09/29/2007,SNS,CA,AWP,WE,Federal Contract Tower,0,0,6,0,6,0,11,98,0,109,0,11,104,0,115,20,0,20,135
09/30/2007,SNS,CA,AWP,WE,Federal Contract Tower,0,0,2,0,2,0,9,118,6,133,0,9,120,6,135,52,0,52,187
10/01/2007,SNS,CA,AWP,WE,Federal Contract Tower,0,0,18,5,23,0,4,58,1,63,0,4,76,6,86,16,0,16,102
10/02/2007,SNS,CA,AWP,WE,Federal Contract Tower,0,0,1,14,15,0,3,87,0,90,0,3,88,14,105,10,2,12,117
10/03/2007,SNS,CA,AWP,WE,Federal Contract Tower,0,2,32,3,37,0,1,94,0,95,0,3,126,3,132,66,0,66,198
10/04/2007,SNS,CA,AWP,WE,Federal Contract Tower,0,4,22,11,37,0,2,82,0,84,0,6,104,11,121,86,0,86,207
10/05/2007,SNS,CA,AWP,WE,Federal Contract Tower,0,0,30,0,30,0,0,92,0,92,0,0,122,0,122,122,0,122,244
10/06/2007,SNS,CA,AWP,WE,Federal Contract Tower,0,0,53,0,53,0,1,81,0,82,0,1,134,0,135,136,0,136,271
10/07/2007,SNS,CA,AWP,WE,Federal Contract Tower,0,0,41,0,41,0,5,85,0,90,0,5,126,0,131,214,0,214,345
10/08/2007,SNS,CA,AWP,WE,Federal Contract Tower,0,0,27,0,27,0,3,111,0,114,0,3,138,0,141,91,0,91,232
10/09/2007,SNS,CA,AWP,WE,Federal Contract Tower,0,0,32,0,32,0,0,73,0,73,0,0,105,0,105,99,0,99,204
10/10/2007,SNS,CA,AWP,WE,Federal Contract Tower,0,4,26,0,30,0,5,88,0,93,0,9,114,0,123,128,0,128,251
10/11/2007,SNS,CA,AWP,WE,Federal Contract Tower,0,1,19,0,20,0,2,131,0,133,0,3,150,0,153,116,0,116,269
10/12/2007,SNS,CA,AWP,WE,Federal Contract Tower,0,1,10,0,11,0,0,13,0,13,0,1,23,0,24,12,0,12,36
10/13/2007,SNS,CA,AWP,WE,Federal Contract Tower,0,0,40,0,40,0,7,117,0,124,0,7,157,0,164,88,0,88,252
10/14/2007,SNS,CA,AWP,WE,Federal Contract Tower,0,1,46,0,47,0,1,77,0,78,0,2,123,0,125,86,0,86,211
10/15/2007,SNS,CA,AWP,WE,Federal Contract Tower,0,0,24,2,26,0,0,57,0,57,0,0,81,2,83,70,0,70,153
10/16/2007,SNS,CA,AWP,WE,Federal Contract Tower,0,2,45,0,47,0,1,65,0,66,0,3,110,0,113,96,0,96,209
10/17/2007,SNS,CA,AWP,WE,Federal Contract Tower,0,2,28,0,30,0,4,63,0,67,0,6,91,0,97,120,0,120,217
10/18/2007,SNS,CA,AWP,WE,Federal Contract Tower,0,6,48,0,54,0,0,84,0,84,0,6,132,0,138,114,0,114,252
10/19/2007,SNS,CA,AWP,WE,Federal Contract Tower,0,0,40,0,40,0,0,121,0,121,0,0,161,0,161,92,0,92,253
10/20/2007,SNS,CA,AWP,WE,Federal Contract Tower,0,0,14,0,14,0,2,91,0,93,0,2,105,0,107,68,0,68,175
10/21/2007,SNS,CA,AWP,WE,Federal Contract Tower,0,0,31,0,31,0,5,125,0,130,0,5,156,0,161,168,0,168,329
10/22/2007,SNS,CA,AWP,WE,Federal Contract Tower,0,0,17,0,17,0,1,96,0,97,0,1,113,0,114,56,0,56,170
10/23/2007,SNS,CA,AWP,WE,Federal Contract Tower,0,5,32,0,37,0,8,130,0,138,0,13,162,0,175,82,0,82,257
10/24/2007,SNS,CA,AWP,WE,Federal Contract Tower,0,0,31,0,31,0,1,82,0,83,0,1,113,0,114,100,0,100,214
10/25/2007,SNS,CA,AWP,WE,Federal Contract Tower,0,5,43,0,48,0,9,80,2,91,0,14,123,2,139,86,0,86,225
10/26/2007,SNS,CA,AWP,WE,Federal Contract Tower,0,6,34,0,40,0,6,80,0,86,0,12,114,0,126,142,0,142,268
10/27/2007,SNS,CA,AWP,WE,Federal Contract Tower,0,0,34,0,34,0,3,154,0,157,0,3,188,0,191,88,0,88,279
10/28/2007,SNS,CA,AWP,WE,Federal Contract Tower,0,1,25,0,26,0,3,127,0,130,0,4,152,0,156,166,0,166,322
10/29/2007,SNS,CA,AWP,WE,Federal Contract Tower,0,0,36,0,36,0,0,7,0,7,0,0,43,0,43,0,0,0,43
10/30/2007,SNS,CA,AWP,WE,Federal Contract Tower,0,1,62,2,65,0,5,65,2,72,0,6,127,4,137,30,0,30,167
10/31/2007,SNS,CA,AWP,WE,Federal Contract Tower,0,2,47,0,49,0,1,33,0,34,0,3,80,0,83,74,0,74,157
11/01/2007,SNS,CA,AWP,WE,Federal Contract Tower,0,9,82,0,91,0,1,23,0,24,0,10,105,0,115,12,0,12,127
11/02/2007,SNS,CA,AWP,WE,Federal Contract Tower,0,0,38,0,38,0,2,128,0,130,0,2,166,0,168,128,0,128,296
11/03/2007,SNS,CA,AWP,WE,Federal Contract Tower,0,0,36,0,36,0,1,146,0,147,0,1,182,0,183,82,0,82,265
11/04/2007,SNS,CA,AWP,WE,Federal Contract Tower,0,0,12,0,12,0,2,115,0,117,0,2,127,0,129,58,0,58,187
11/05/2007,SNS,CA,AWP,WE,Federal Contract Tower,0,0,37,0,37,0,0,32,0,32,0,0,69,0,69,36,0,36,105
11/06/2007,SNS,CA,AWP,WE,Federal Contract Tower,0,0,45,0,45,0,3,26,0,29,0,3,71,0,74,32,0,32,106
11/07/2007,SNS,CA,AWP,WE,Federal Contract Tower,0,2,59,0,61,0,1,39,0,40,0,3,98,0,101,22,0,22,123
11/08/2007,SNS,CA,AWP,WE,Federal Contract Tower,0,0,54,0,54,0,1,36,4,41,0,1,90,4,95,160,0,160,255
11/09/2007,SNS,CA,AWP,WE,Federal Contract Tower,0,0,33,0,33,0,3,57,0,60,0,3,90,0,93,156,0,156,249
11/10/2007,SNS,CA,AWP,WE,Federal Contract Tower,0,0,34,0,34,0,0,97,0,97,0,0,131,0,131,212,0,212,343
11/11/2007,SNS,CA,AWP,WE,Federal Contract Tower,0,0,32,0,32,0,7,75,0,82,0,7,107,0,114,124,0,124,238
11/12/2007,SNS,CA,AWP,WE,Federal Contract Tower,0,0,26,0,26,0,0,56,0,56,0,0,82,0,82,66,0,66,148
11/13/2007,SNS,CA,AWP,WE,Federal Contract Tower,0,0,35,0,35,0,3,62,0,65,0,3,97,0,100,122,0,122,222
11/14/2007,SNS,CA,AWP,WE,Federal Contract Tower,0,1,34,0,35,0,1,103,0,104,0,2,137,0,139,112,0,112,251
11/15/2007,SNS,CA,AWP,WE,Federal Contract Tower,0,4,57,0,61,0,4,99,0,103,0,8,156,0,164,44,0,44,208
11/16/2007,SNS,CA,AWP,WE,Federal Contract Tower,0,6,82,2,90,0,0,16,0,16,0,6,98,2,106,16,0,16,122
11/17/2007,SNS,CA,AWP,WE,Federal Contract Tower,0,2,41,0,43,0,2,66,0,68,0,4,107,0,111,50,0,50,161
11/18/2007,SNS,CA,AWP,WE,Federal Contract Tower,0,0,33,0,33,0,7,119,0,126,0,7,152,0,159,166,0,166,325
11/19/2007,SNS,CA,AWP,WE,Federal Contract Tower,0,0,32,0,32,0,3,58,0,61,0,3,90,0,93,134,0,134,227
11/20/2007,SNS,CA,AWP,WE,Federal Contract Tower,0,1,34,0,35,0,0,75,0,75,0,1,109,0,110,92,0,92,202
11/21/2007,SNS,CA,AWP,WE,Federal Contract Tower,0,5,27,0,32,0,7,94,0,101,0,12,121,0,133,74,0,74,207
11/22/2007,SNS,CA,AWP,WE,Federal Contract Tower,0,2,12,0,14,0,2,30,0,32,0,4,42,0,46,50,0,50,96
11/23/2007,SNS,CA,AWP,WE,Federal Contract Tower,0,0,17,0,17,0,7,97,0,104,0,7,114,0,121,112,0,112,233
11/24/2007,SNS,CA,AWP,WE,Federal Contract Tower,0,2,28,0,30,0,2,79,0,81,0,4,107,0,111,106,0,106,217
11/25/2007,SNS,CA,AWP,WE,Federal Contract Tower,0,0,43,0,43,0,4,89,0,93,0,4,132,0,136,52,0,52,188
11/26/2007,SNS,CA,AWP,WE,Federal Contract Tower,0,0,50,0,50,0,2,57,0,59,0,2,107,0,109,164,0,164,273
11/27/2007,SNS,CA,AWP,WE,Federal Contract Tower,0,0,23,0,23,0,7,85,0,92,0,7,108,0,115,116,0,116,231
11/28/2007,SNS,CA,AWP,WE,Federal Contract Tower,0,1,22,0,23,0,0,63,0,63,0,1,85,0,86,154,0,154,240
11/29/2007,SNS,CA,AWP,WE,Federal Contract Tower,0,0,49,0,49,0,9,93,0,102,0,9,142,0,151,64,0,64,215
11/30/2007,SNS,CA,AWP,WE,Federal Contract Tower,0,0,27,0,27,0,2,97,0,99,0,2,124,0,126,100,0,100,226
12/01/2007,SNS,CA,AWP,WE,Federal Contract Tower,0,0,28,0,28,0,2,95,0,97,0,2,123,0,125,132,0,132,257
12/02/2007,SNS,CA,AWP,WE,Federal Contract Tower,0,0,9,0,9,0,1,62,0,63,0,1,71,0,72,106,0,106,178
12/03/2007,SNS,CA,AWP,WE,Federal Contract Tower,0,0,19,0,19,0,1,87,0,88,0,1,106,0,107,52,0,52,159
12/04/2007,SNS,CA,AWP,WE,Federal Contract Tower,0,0,32,0,32,0,2,53,0,55,0,2,85,0,87,44,0,44,131
12/05/2007,SNS,CA,AWP,WE,Federal Contract Tower,0,0,23,0,23,0,3,100,0,103,0,3,123,0,126,194,0,194,320
12/06/2007,SNS,CA,AWP,WE,Federal Contract Tower,0,0,40,0,40,0,1,39,0,40,0,1,79,0,80,104,0,104,184
12/07/2007,SNS,CA,AWP,WE,Federal Contract Tower,0,1,24,0,25,0,6,9,0,15,0,7,33,0,40,0,0,0,40
12/08/2007,SNS,CA,AWP,WE,Federal Contract Tower,0,0,11,0,11,0,2,88,0,90,0,2,99,0,101,244,0,244,345
12/09/2007,SNS,CA,AWP,WE,Federal Contract Tower,0,0,13,0,13,0,4,127,0,131,0,4,140,0,144,156,0,156,300
12/10/2007,SNS,CA,AWP,WE,Federal Contract Tower,0,0,27,0,27,0,1,99,0,100,0,1,126,0,127,52,0,52,179
12/11/2007,SNS,CA,AWP,WE,Federal Contract Tower,0,0,16,0,16,0,0,74,0,74,0,0,90,0,90,70,0,70,160
12/12/2007,SNS,CA,AWP,WE,Federal Contract Tower,0,0,30,0,30,0,0,75,0,75,0,0,105,0,105,42,0,42,147
12/13/2007,SNS,CA,AWP,WE,Federal Contract Tower,0,1,22,0,23,0,4,114,0,118,0,5,136,0,141,132,0,132,273
12/14/2007,SNS,CA,AWP,WE,Federal Contract Tower,0,1,27,0,28,0,5,121,0,126,0,6,148,0,154,64,0,64,218
12/15/2007,SNS,CA,AWP,WE,Federal Contract Tower,0,2,34,0,36,0,4,107,0,111,0,6,141,0,147,50,0,50,197
12/16/2007,SNS,CA,AWP,WE,Federal Contract Tower,0,1,39,0,40,0,0,88,0,88,0,1,127,0,128,148,0,148,276
12/17/2007,SNS,CA,AWP,WE,Federal Contract Tower,0,0,40,0,40,0,0,43,0,43,0,0,83,0,83,80,0,80,163
12/18/2007,SNS,CA,AWP,WE,Federal Contract Tower,0,3,9,0,12,0,0,4,0,4,0,3,13,0,16,0,0,0,16
12/19/2007,SNS,CA,AWP,WE,Federal Contract Tower,0,0,27,0,27,0,0,42,0,42,0,0,69,0,69,70,0,70,139
12/20/2007,SNS,CA,AWP,WE,Federal Contract Tower,0,1,26,2,29,0,1,40,0,41,0,2,66,2,70,166,0,166,236
12/21/2007,SNS,CA,AWP,WE,Federal Contract Tower,0,0,20,0,20,0,3,130,0,133,0,3,150,0,153,194,0,194,347
12/22/2007,SNS,CA,AWP,WE,Federal Contract Tower,0,0,10,0,10,0,12,132,0,144,0,12,142,0,154,276,0,276,430
12/23/2007,SNS,CA,AWP,WE,Federal Contract Tower,0,0,22,0,22,0,4,78,0,82,0,4,100,0,104,166,0,166,270
12/24/2007,SNS,CA,AWP,WE,Federal Contract Tower,0,1,15,0,16,0,2,45,0,47,0,3,60,0,63,160,0,160,223
12/25/2007,SNS,CA,AWP,WE,Federal Contract Tower,0,0,2,0,2,0,3,38,0,41,0,3,40,0,43,16,0,16,59
12/26/2007,SNS,CA,AWP,WE,Federal Contract Tower,0,0,32,0,32,0,2,62,0,64,0,2,94,0,96,194,0,194,290
12/27/2007,SNS,CA,AWP,WE,Federal Contract Tower,0,0,30,0,30,0,2,84,0,86,0,2,114,0,116,154,0,154,270
12/28/2007,SNS,CA,AWP,WE,Federal Contract Tower,0,0,28,0,28,0,0,33,0,33,0,0,61,0,61,196,0,196,257
12/30/2007,SNS,CA,AWP,WE,Federal Contract Tower,0,0,5,0,5,0,3,88,0,91,0,3,93,0,96,94,0,94,190
12/31/2007,SNS,CA,AWP,WE,Federal Contract Tower,0,0,6,0,6,0,6,82,0,88,0,6,88,0,94,72,0,72,166
01/01/2008,SNS,CA,AWP,WE,Federal Contract Tower,0,0,4,0,4,0,3,90,0,93,0,3,94,0,97,128,0,128,225
01/02/2008,SNS,CA,AWP,WE,Federal Contract Tower,0,0,31,0,31,0,10,73,0,83,0,10,104,0,114,136,0,136,250
01/03/2008,SNS,CA,AWP,WE,Federal Contract Tower,0,1,11,0,12,0,1,26,0,27,0,2,37,0,39,50,0,50,89
01/04/2008,SNS,CA,AWP,WE,Federal Contract Tower,0,5,8,0,13,0,0,1,0,1,0,5,9,0,14,2,0,2,16
01/05/2008,SNS,CA,AWP,WE,Federal Contract Tower,0,0,1,0,1,0,0,13,0,13,0,0,14,0,14,38,0,38,52
01/06/2008,SNS,CA,AWP,WE,Federal Contract Tower,0,0,7,0,7,0,3,36,0,39,0,3,43,0,46,86,0,86,132
01/07/2008,SNS,CA,AWP,WE,Federal Contract Tower,0,1,13,0,14,0,2,47,1,50,0,3,60,1,64,66,0,66,130
01/08/2008,SNS,CA,AWP,WE,Federal Contract Tower,0,0,23,0,23,0,0,28,0,28,0,0,51,0,51,18,0,18,69
01/09/2008,SNS,CA,AWP,WE,Federal Contract Tower,0,0,30,0,30,0,2,68,0,70,0,2,98,0,100,198,0,198,298
01/10/2008,SNS,CA,AWP,WE,Federal Contract Tower,0,2,25,0,27,0,1,24,0,25,0,3,49,0,52,76,0,76,128
01/11/2008,SNS,CA,AWP,WE,Federal Contract Tower,0,0,28,0,28,0,0,33,0,33,0,0,61,0,61,50,0,50,111
01/12/2008,SNS,CA,AWP,WE,Federal Contract Tower,0,0,15,0,15,0,3,97,0,100,0,3,112,0,115,164,0,164,279
01/13/2008,SNS,CA,AWP,WE,Federal Contract Tower,0,0,47,0,47,0,2,125,0,127,0,2,172,0,174,118,0,118,292
01/14/2008,SNS,CA,AWP,WE,Federal Contract Tower,0,0,35,4,39,0,5,75,0,80,0,5,110,4,119,100,4,104,223
01/15/2008,SNS,CA,AWP,WE,Federal Contract Tower,0,2,34,2,38,0,2,51,0,53,0,4,85,2,91,70,20,90,181
01/16/2008,SNS,CA,AWP,WE,Federal Contract Tower,0,1,22,0,23,0,2,76,0,78,0,3,98,0,101,122,0,122,223
01/17/2008,SNS,CA,AWP,WE,Federal Contract Tower,0,0,44,0,44,0,2,74,0,76,0,2,118,0,120,98,0,98,218
01/18/2008,SNS,CA,AWP,WE,Federal Contract Tower,0,0,35,0,35,0,3,108,0,111,0,3,143,0,146,84,0,84,230
01/19/2008,SNS,CA,AWP,WE,Federal Contract Tower,0,0,25,0,25,0,2,124,0,126,0,2,149,0,151,178,0,178,329
01/20/2008,SNS,CA,AWP,WE,Federal Contract Tower,0,1,17,0,18,0,4,16,0,20,0,5,33,0,38,4,0,4,42
01/21/2008,SNS,CA,AWP,WE,Federal Contract Tower,0,0,15,0,15,0,0,16,0,16,0,0,31,0,31,24,0,24,55
01/22/2008,SNS,CA,AWP,WE,Federal Contract Tower,0,0,26,0,26,0,0,23,0,23,0,0,49,0,49,64,0,64,113
01/23/2008,SNS,CA,AWP,WE,Federal Contract Tower,0,0,16,0,16,0,7,35,0,42,0,7,51,0,58,58,0,58,116
01/24/2008,SNS,CA,AWP,WE,Federal Contract Tower,0,3,17,0,20,0,0,19,0,19,0,3,36,0,39,18,0,18,57
01/25/2008,SNS,CA,AWP,WE,Federal Contract Tower,0,0,13,0,13,0,2,5,0,7,0,2,18,0,20,0,0,0,20
01/26/2008,SNS,CA,AWP,WE,Federal Contract Tower,0,0,14,0,14,0,3,43,0,46,0,3,57,0,60,144,0,144,204
01/27/2008,SNS,CA,AWP,WE,Federal Contract Tower,0,0,3,0,3,0,1,4,0,5,0,1,7,0,8,18,0,18,26
01/28/2008,SNS,CA,AWP,WE,Federal Contract Tower,0,0,37,0,37,0,2,34,0,36,0,2,71,0,73,26,0,26,99
01/29/2008,SNS,CA,AWP,WE,Federal Contract Tower,0,0,25,0,25,0,14,67,0,81,0,14,92,0,106,88,0,88,194
01/30/2008,SNS,CA,AWP,WE,Federal Contract Tower,0,0,37,0,37,0,11,98,0,109,0,11,135,0,146,146,0,146,292
01/31/2008,SNS,CA,AWP,WE,Federal Contract Tower,0,1,48,0,49,0,4,40,0,44,0,5,88,0,93,40,0,40,133
02/01/2008,SNS,CA,AWP,WE,Federal Contract Tower,0,3,24,0,27,0,6,60,0,66,0,9,84,0,93,116,0,116,209
02/02/2008,SNS,CA,AWP,WE,Federal Contract Tower,0,0,19,0,19,0,1,88,0,89,0,1,107,0,108,190,0,190,298
02/03/2008,SNS,CA,AWP,WE,Federal Contract Tower,0,0,23,0,23,0,2,3,0,5,0,2,26,0,28,0,0,0,28
02/04/2008,SNS,CA,AWP,WE,Federal Contract Tower,0,0,38,0,38,0,3,79,0,82,0,3,117,0,120,42,0,42,162
02/05/2008,SNS,CA,AWP,WE,Federal Contract Tower,0,0,58,0,58,0,4,72,0,76,0,4,130,0,134,102,0,102,236
02/06/2008,SNS,CA,AWP,WE,Federal Contract Tower,0,1,29,0,30,0,3,82,0,85,0,4,111,0,115,124,0,124,239
02/07/2008,SNS,CA,AWP,WE,Federal Contract Tower,0,9,64,0,73,0,5,105,0,110,0,14,169,0,183,116,0,116,299
02/08/2008,SNS,CA,AWP,WE,Federal Contract Tower,0,0,52,0,52,0,6,161,0,167,0,6,213,0,219,112,0,112,331
02/09/2008,SNS,CA,AWP,WE,Federal Contract Tower,0,0,37,0,37,0,3,150,0,153,0,3,187,0,190,224,0,224,414
02/10/2008,SNS,CA,AWP,WE,Federal Contract Tower,0,4,25,0,29,0,2,92,0,94,0,6,117,0,123,178,0,178,301
02/11/2008,SNS,CA,AWP,WE,Federal Contract Tower,0,1,60,0,61,0,2,67,0,69,0,3,127,0,130,134,0,134,264
02/12/2008,SNS,CA,AWP,WE,Federal Contract Tower,0,0,55,0,55,0,7,91,0,98,0,7,146,0,153,102,0,102,255
02/13/2008,SNS,CA,AWP,WE,Federal Contract Tower,0,0,45,0,45,0,4,70,0,74,0,4,115,0,119,118,0,118,237
02/14/2008,SNS,CA,AWP,WE,Federal Contract Tower,0,0,15,0,15,0,4,65,0,69,0,4,80,0,84,108,0,108,192
02/15/2008,SNS,CA,AWP,WE,Federal Contract Tower,0,0,41,0,41,0,0,166,0,166,0,0,207,0,207,208,0,208,415
02/16/2008,SNS,CA,AWP,WE,Federal Contract Tower,0,0,46,0,46,0,2,130,0,132,0,2,176,0,178,92,0,92,270
02/17/2008,SNS,CA,AWP,WE,Federal Contract Tower,0,0,21,0,21,0,0,85,0,85,0,0,106,0,106,98,0,98,204
02/18/2008,SNS,CA,AWP,WE,Federal Contract Tower,0,2,74,0,76,0,4,38,0,42,0,6,112,0,118,82,0,82,200
02/19/2008,SNS,CA,AWP,WE,Federal Contract Tower,0,0,25,0,25,0,8,45,0,53,0,8,70,0,78,52,0,52,130
02/20/2008,SNS,CA,AWP,WE,Federal Contract Tower,0,0,16,0,16,0,1,96,0,97,0,1,112,0,113,158,0,158,271
02/21/2008,SNS,CA,AWP,WE,Federal Contract Tower,0,0,31,0,31,0,2,20,0,22,0,2,51,0,53,0,0,0,53
02/22/2008,SNS,CA,AWP,WE,Federal Contract Tower,0,0,21,0,21,0,4,21,0,25,0,4,42,0,46,38,0,38,84
02/23/2008,SNS,CA,AWP,WE,Federal Contract Tower,0,0,6,0,6,0,0,3,0,3,0,0,9,0,9,0,0,0,9
02/24/2008,SNS,CA,AWP,WE,Federal Contract Tower,0,0,2,0,2,0,4,15,0,19,0,4,17,0,21,12,0,12,33
02/25/2008,SNS,CA,AWP,WE,Federal Contract Tower,0,0,65,0,65,0,5,3,0,8,0,5,68,0,73,96,0,96,169
02/26/2008,SNS,CA,AWP,WE,Federal Contract Tower,0,0,45,0,45,0,5,79,0,84,0,5,124,0,129,82,0,82,211
02/27/2008,SNS,CA,AWP,WE,Federal Contract Tower,0,0,32,0,32,0,2,131,0,133,0,2,163,0,165,194,0,194,359
02/28/2008,SNS,CA,AWP,WE,Federal Contract Tower,0,0,48,0,48,0,2,92,0,94,0,2,140,0,142,198,0,198,340
02/29/2008,SNS,CA,AWP,WE,Federal Contract Tower,0,0,72,0,72,0,7,83,0,90,0,7,155,0,162,158,0,158,320
03/01/2008,SNS,CA,AWP,WE,Federal Contract Tower,0,0,55,0,55,0,6,89,0,95,0,6,144,0,150,146,0,146,296
03/02/2008,SNS,CA,AWP,WE,Federal Contract Tower,0,0,41,0,41,0,9,53,0,62,0,9,94,0,103,224,0,224,327
03/03/2008,SNS,CA,AWP,WE,Federal Contract Tower,0,0,36,0,36,0,15,71,0,86,0,15,107,0,122,228,0,228,350
03/04/2008,SNS,CA,AWP,WE,Federal Contract Tower,0,0,27,0,27,0,7,148,0,155,0,7,175,0,182,114,0,114,296
03/05/2008,SNS,CA,AWP,WE,Federal Contract Tower,0,0,83,0,83,0,14,73,0,87,0,14,156,0,170,180,0,180,350
03/06/2008,SNS,CA,AWP,WE,Federal Contract Tower,0,0,59,0,59,0,2,67,0,69,0,2,126,0,128,104,0,104,232
03/07/2008,SNS,CA,AWP,WE,Federal Contract Tower,0,0,57,0,57,0,4,85,0,89,0,4,142,0,146,154,0,154,300
03/08/2008,SNS,CA,AWP,WE,Federal Contract Tower,0,0,48,0,48,0,5,78,0,83,0,5,126,0,131,76,0,76,207
03/09/2008,SNS,CA,AWP,WE,Federal Contract Tower,0,0,62,0,62,0,6,80,0,86,0,6,142,0,148,132,0,132,280
03/10/2008,SNS,CA,AWP,WE,Federal Contract Tower,0,0,23,0,23,0,7,49,0,56,0,7,72,0,79,84,0,84,163
03/11/2008,SNS,CA,AWP,WE,Federal Contract Tower,0,0,32,0,32,0,9,88,0,97,0,9,120,0,129,64,0,64,193
03/12/2008,SNS,CA,AWP,WE,Federal Contract Tower,0,0,50,0,50,0,10,51,0,61,0,10,101,0,111,194,0,194,305
03/13/2008,SNS,CA,AWP,WE,Federal Contract Tower,0,4,46,0,50,0,3,29,0,32,0,7,75,0,82,42,0,42,124
03/14/2008,SNS,CA,AWP,WE,Federal Contract Tower,0,0,27,0,27,0,10,79,2,91,0,10,106,2,118,58,0,58,176
03/15/2008,SNS,CA,AWP,WE,Federal Contract Tower,0,0,12,0,12,0,11,20,0,31,0,11,32,0,43,62,0,62,105
03/16/2008,SNS,CA,AWP,WE,Federal Contract Tower,0,0,35,0,35,0,7,174,0,181,0,7,209,0,216,94,0,94,310
03/17/2008,SNS,CA,AWP,WE,Federal Contract Tower,0,0,59,0,59,0,3,52,5,60,0,3,111,5,119,66,0,66,185
03/18/2008,SNS,CA,AWP,WE,Federal Contract Tower,0,0,30,0,30,0,4,85,0,89,0,4,115,0,119,154,0,154,273
03/19/2008,SNS,CA,AWP,WE,Federal Contract Tower,0,0,33,0,33,0,2,49,0,51,0,2,82,0,84,116,0,116,200
03/20/2008,SNS,CA,AWP,WE,Federal Contract Tower,0,0,53,0,53,0,10,141,0,151,0,10,194,0,204,144,0,144,348
03/21/2008,SNS,CA,AWP,WE,Federal Contract Tower,0,0,47,0,47,0,9,123,0,132,0,9,170,0,179,134,0,134,313
03/22/2008,SNS,CA,AWP,WE,Federal Contract Tower,0,0,44,0,44,0,5,130,0,135,0,5,174,0,179,126,0,126,305
03/23/2008,SNS,CA,AWP,WE,Federal Contract Tower,0,0,8,0,8,0,4,88,0,92,0,4,96,0,100,132,0,132,232
03/24/2008,SNS,CA,AWP,WE,Federal Contract Tower,0,0,33,0,33,0,8,96,0,104,0,8,129,0,137,102,0,102,239
03/25/2008,SNS,CA,AWP,WE,Federal Contract Tower,0,0,28,0,28,0,10,106,0,116,0,10,134,0,144,120,0,120,264
03/26/2008,SNS,CA,AWP,WE,Federal Contract Tower,0,0,41,1,42,0,11,131,1,143,0,11,172,2,185,204,12,216,401
03/27/2008,SNS,CA,AWP,WE,Federal Contract Tower,0,0,64,0,64,0,7,93,0,100,0,7,157,0,164,114,0,114,278
03/28/2008,SNS,CA,AWP,WE,Federal Contract Tower,0,0,29,0,29,0,2,144,0,146,0,2,173,0,175,64,0,64,239
03/29/2008,SNS,CA,AWP,WE,Federal Contract Tower,0,0,18,0,18,0,7,92,0,99,0,7,110,0,117,142,0,142,259
03/30/2008,SNS,CA,AWP,WE,Federal Contract Tower,0,0,22,0,22,0,2,60,0,62,0,2,82,0,84,28,0,28,112
03/31/2008,SNS,CA,AWP,WE,Federal Contract Tower,0,0,24,0,24,0,1,127,0,128,0,1,151,0,152,86,0,86,238
04/01/2008,SNS,CA,AWP,WE,Federal Contract Tower,0,1,64,0,65,0,1,81,0,82,0,2,145,0,147,166,0,166,313
04/02/2008,SNS,CA,AWP,WE,Federal Contract Tower,0,2,22,0,24,0,3,53,0,56,0,5,75,0,80,78,0,78,158
04/03/2008,SNS,CA,AWP,WE,Federal Contract Tower,0,1,33,0,34,0,3,92,0,95,0,4,125,0,129,110,0,110,239
04/04/2008,SNS,CA,AWP,WE,Federal Contract Tower,0,0,74,0,74,0,0,110,0,110,0,0,184,0,184,120,0,120,304
04/05/2008,SNS,CA,AWP,WE,Federal Contract Tower,0,0,19,0,19,0,5,108,0,113,0,5,127,0,132,114,0,114,246
04/06/2008,SNS,CA,AWP,WE,Federal Contract Tower,0,0,43,0,43,0,6,129,0,135,0,6,172,0,178,188,0,188,366
04/07/2008,SNS,CA,AWP,WE,Federal Contract Tower,0,0,84,0,84,0,3,118,0,121,0,3,202,0,205,100,0,100,305
04/08/2008,SNS,CA,AWP,WE,Federal Contract Tower,0,1,51,0,52,0,3,73,0,76,0,4,124,0,128,70,0,70,198
04/09/2008,SNS,CA,AWP,WE,Federal Contract Tower,0,1,68,0,69,0,8,126,0,134,0,9,194,0,203,130,0,130,333
04/10/2008,SNS,CA,AWP,WE,Federal Contract Tower,0,0,45,0,45,0,6,129,0,135,0,6,174,0,180,102,0,102,282
04/11/2008,SNS,CA,AWP,WE,Federal Contract Tower,0,0,12,0,12,0,5,109,0,114,0,5,121,0,126,120,0,120,246
04/12/2008,SNS,CA,AWP,WE,Federal Contract Tower,0,0,18,0,18,0,4,203,0,207,0,4,221,0,225,129,0,129,354
04/13/2008,SNS,CA,AWP,WE,Federal Contract Tower,0,0,26,0,26,0,3,128,0,131,0,3,154,0,157,80,0,80,237
04/14/2008,SNS,CA,AWP,WE,Federal Contract Tower,0,2,13,0,15,0,1,44,0,45,0,3,57,0,60,38,0,38,98
04/15/2008,SNS,CA,AWP,WE,Federal Contract Tower,0,1,45,0,46,0,2,109,0,111,0,3,154,0,157,78,0,78,235
04/16/2008,SNS,CA,AWP,WE,Federal Contract Tower,0,0,28,0,28,0,12,118,3,133,0,12,146,3,161,144,0,144,305
04/17/2008,SNS,CA,AWP,WE,Federal Contract Tower,0,0,45,0,45,0,18,172,0,190,0,18,217,0,235,166,0,166,401
04/18/2008,SNS,CA,AWP,WE,Federal Contract Tower,0,0,74,0,74,0,6,89,0,95,0,6,163,0,169,78,0,78,247
04/19/2008,SNS,CA,AWP,WE,Federal Contract Tower,0,0,20,0,20,0,11,86,0,97,0,11,106,0,117,72,0,72,189
04/20/2008,SNS,CA,AWP,WE,Federal Contract Tower,0,0,45,0,45,0,7,83,0,90,0,7,128,0,135,66,0,66,201
04/21/2008,SNS,CA,AWP,WE,Federal Contract Tower,0,1,30,0,31,0,0,85,0,85,0,1,115,0,116,62,0,62,178
04/22/2008,SNS,CA,AWP,WE,Federal Contract Tower,0,1,48,0,49,0,4,90,0,94,0,5,138,0,143,48,0,48,191
04/23/2008,SNS,CA,AWP,WE,Federal Contract Tower,0,0,53,0,53,0,4,81,0,85,0,4,134,0,138,33,0,33,171
04/24/2008,SNS,CA,AWP,WE,Federal Contract Tower,0,0,53,0,53,0,12,145,0,157,0,12,198,0,210,82,0,82,292
04/25/2008,SNS,CA,AWP,WE,Federal Contract Tower,0,0,25,0,25,0,2,120,0,122,0,2,145,0,147,112,0,112,259
04/26/2008,SNS,CA,AWP,WE,Federal Contract Tower,0,0,66,0,66,0,6,218,0,224,0,6,284,0,290,128,0,128,418
04/27/2008,SNS,CA,AWP,WE,Federal Contract Tower,0,0,9,0,9,0,9,152,0,161,0,9,161,0,170,86,0,86,256
04/28/2008,SNS,CA,AWP,WE,Federal Contract Tower,0,0,23,0,23,0,1,60,0,61,0,1,83,0,84,74,0,74,158
04/29/2008,SNS,CA,AWP,WE,Federal Contract Tower,0,2,32,0,34,0,0,114,0,114,0,2,146,0,148,38,0,38,186
04/30/2008,SNS,CA,AWP,WE,Federal Contract Tower,0,0,55,0,55,0,4,117,0,121,0,4,172,0,176,94,0,94,270
05/01/2008,SNS,CA,AWP,WE,Federal Contract Tower,0,3,23,2,28,0,5,136,0,141,0,8,159,2,169,70,0,70,239
05/02/2008,SNS,CA,AWP,WE,Federal Contract Tower,0,2,50,0,52,0,5,136,2,143,0,7,186,2,195,116,0,116,311
05/03/2008,SNS,CA,AWP,WE,Federal Contract Tower,0,0,49,0,49,0,1,100,0,101,0,1,149,0,150,58,0,58,208
05/04/2008,SNS,CA,AWP,WE,Federal Contract Tower,0,1,46,0,47,0,0,24,0,24,0,1,70,0,71,0,0,0,71
05/05/2008,SNS,CA,AWP,WE,Federal Contract Tower,0,1,18,0,19,0,2,45,0,47,0,3,63,0,66,8,0,8,74
05/06/2008,SNS,CA,AWP,WE,Federal Contract Tower,0,0,60,0,60,0,3,73,0,76,0,3,133,0,136,128,0,128,264
05/07/2008,SNS,CA,AWP,WE,Federal Contract Tower,0,0,57,0,57,0,6,56,0,62,0,6,113,0,119,46,0,46,165
05/08/2008,SNS,CA,AWP,WE,Federal Contract Tower,0,1,30,0,31,0,4,93,0,97,0,5,123,0,128,40,0,40,168
05/09/2008,SNS,CA,AWP,WE,Federal Contract Tower,0,0,46,0,46,0,4,97,0,101,0,4,143,0,147,94,0,94,241
05/10/2008,SNS,CA,AWP,WE,Federal Contract Tower,0,0,29,0,29,0,3,130,0,133,0,3,159,0,162,144,0,144,306
05/11/2008,SNS,CA,AWP,WE,Federal Contract Tower,0,0,47,0,47,0,0,26,0,26,0,0,73,0,73,30,0,30,103
05/12/2008,SNS,CA,AWP,WE,Federal Contract Tower,0,0,47,0,47,0,0,97,0,97,0,0,144,0,144,92,0,92,236
05/13/2008,SNS,CA,AWP,WE,Federal Contract Tower,0,0,42,0,42,0,1,88,0,89,0,1,130,0,131,150,0,150,281
05/14/2008,SNS,CA,AWP,WE,Federal Contract Tower,0,0,73,0,73,0,4,102,0,106,0,4,175,0,179,48,0,48,227
05/15/2008,SNS,CA,AWP,WE,Federal Contract Tower,0,0,69,0,69,0,10,96,0,106,0,10,165,0,175,88,0,88,263
05/16/2008,SNS,CA,AWP,WE,Federal Contract Tower,0,0,44,0,44,0,0,132,0,132,0,0,176,0,176,76,0,76,252
05/17/2008,SNS,CA,AWP,WE,Federal Contract Tower,0,0,11,0,11,0,11,144,0,155,0,11,155,0,166,84,0,84,250
05/18/2008,SNS,CA,AWP,WE,Federal Contract Tower,0,0,58,0,58,0,6,149,0,155,0,6,207,0,213,82,0,82,295
05/19/2008,SNS,CA,AWP,WE,Federal Contract Tower,0,0,52,0,52,0,0,76,0,76,0,0,128,0,128,176,0,176,304
05/20/2008,SNS,CA,AWP,WE,Federal Contract Tower,0,0,57,0,57,0,2,59,0,61,0,2,116,0,118,2,4,6,124
05/21/2008,SNS,CA,AWP,WE,Federal Contract Tower,0,0,22,0,22,0,6,98,0,104,0,6,120,0,126,104,0,104,230
05/22/2008,SNS,CA,AWP,WE,Federal Contract Tower,0,3,24,0,27,0,16,96,0,112,0,19,120,0,139,40,0,40,179
05/23/2008,SNS,CA,AWP,WE,Federal Contract Tower,0,0,27,0,27,0,11,88,0,99,0,11,115,0,126,8,0,8,134
05/24/2008,SNS,CA,AWP,WE,Federal Contract Tower,0,0,21,0,21,0,3,95,0,98,0,3,116,0,119,36,0,36,155
05/25/2008,SNS,CA,AWP,WE,Federal Contract Tower,0,0,6,0,6,0,2,66,0,68,0,2,72,0,74,50,0,50,124
05/26/2008,SNS,CA,AWP,WE,Federal Contract Tower,0,0,19,0,19,0,2,97,0,99,0,2,116,0,118,36,0,36,154
05/27/2008,SNS,CA,AWP,WE,Federal Contract Tower,0,0,15,0,15,0,6,78,2,86,0,6,93,2,101,74,0,74,175
05/28/2008,SNS,CA,AWP,WE,Federal Contract Tower,0,0,43,0,43,0,20,92,0,112,0,20,135,0,155,116,0,116,271
05/29/2008,SNS,CA,AWP,WE,Federal Contract Tower,0,0,48,0,48,0,4,86,0,90,0,4,134,0,138,146,0,146,284
05/30/2008,SNS,CA,AWP,WE,Federal Contract Tower,0,0,41,0,41,0,16,113,0,129,0,16,154,0,170,74,0,74,244
05/31/2008,SNS,CA,AWP,WE,Federal Contract Tower,0,1,31,0,32,0,1,80,0,81,0,2,111,0,113,48,0,48,161
06/01/2008,SNS,CA,AWP,WE,Federal Contract Tower,0,2,55,0,57,0,3,106,0,109,0,5,161,0,166,120,0,120,286
06/02/2008,SNS,CA,AWP,WE,Federal Contract Tower,0,1,14,0,15,0,7,54,0,61,0,8,68,0,76,92,0,92,168
06/03/2008,SNS,CA,AWP,WE,Federal Contract Tower,0,1,45,0,46,0,3,63,4,70,0,4,108,4,116,50,0,50,166
06/06/2008,SNS,CA,AWP,WE,Federal Contract Tower,0,0,52,0,52,0,2,129,0,131,0,2,181,0,183,118,0,118,301
06/07/2008,SNS,CA,AWP,WE,Federal Contract Tower,0,0,52,0,52,0,5,145,0,150,0,5,197,0,202,192,0,192,394
06/08/2008,SNS,CA,AWP,WE,Federal Contract Tower,0,0,37,0,37,0,2,104,0,106,0,2,141,0,143,128,0,128,271
06/09/2008,SNS,CA,AWP,WE,Federal Contract Tower,0,0,73,0,73,0,1,67,0,68,0,1,140,0,141,48,0,48,189
06/10/2008,SNS,CA,AWP,WE,Federal Contract Tower,0,0,12,0,12,0,1,81,0,82,0,1,93,0,94,162,0,162,256
06/11/2008,SNS,CA,AWP,WE,Federal Contract Tower,0,0,32,0,32,0,13,112,0,125,0,13,144,0,157,104,0,104,261
06/12/2008,SNS,CA,AWP,WE,Federal Contract Tower,0,0,19,0,19,0,12,123,2,137,0,12,142,2,156,138,0,138,294
06/13/2008,SNS,CA,AWP,WE,Federal Contract Tower,0,0,54,0,54,0,0,72,0,72,0,0,126,0,126,46,0,46,172
06/14/2008,SNS,CA,AWP,WE,Federal Contract Tower,0,0,56,0,56,0,10,83,0,93,0,10,139,0,149,64,0,64,213
06/15/2008,SNS,CA,AWP,WE,Federal Contract Tower,0,1,41,0,42,0,6,100,0,106,0,7,141,0,148,68,0,68,216
06/16/2008,SNS,CA,AWP,WE,Federal Contract Tower,0,0,34,0,34,0,2,76,0,78,0,2,110,0,112,50,0,50,162
06/17/2008,SNS,CA,AWP,WE,Federal Contract Tower,0,0,39,0,39,0,0,70,0,70,0,0,109,0,109,48,0,48,157
06/19/2008,SNS,CA,AWP,WE,Federal Contract Tower,0,0,44,0,44,0,6,110,0,116,0,6,154,0,160,110,0,110,270
06/20/2008,SNS,CA,AWP,WE,Federal Contract Tower,0,0,64,0,64,0,3,225,4,232,0,3,289,4,296,124,0,124,420
06/21/2008,SNS,CA,AWP,WE,Federal Contract Tower,0,0,44,0,44,0,0,66,0,66,0,0,110,0,110,110,0,110,220
06/22/2008,SNS,CA,AWP,WE,Federal Contract Tower,0,0,36,0,36,0,2,118,0,120,0,2,154,0,156,56,0,56,212
06/23/2008,SNS,CA,AWP,WE,Federal Contract Tower,0,0,27,0,27,0,1,67,0,68,0,1,94,0,95,128,0,128,223
06/24/2008,SNS,CA,AWP,WE,Federal Contract Tower,0,0,60,0,60,0,0,54,0,54,0,0,114,0,114,24,0,24,138
06/25/2008,SNS,CA,AWP,WE,Federal Contract Tower,0,0,62,0,62,0,8,35,0,43,0,8,97,0,105,10,0,10,115
06/26/2008,SNS,CA,AWP,WE,Federal Contract Tower,0,0,53,0,53,0,6,62,0,68,0,6,115,0,121,174,0,174,295
06/27/2008,SNS,CA,AWP,WE,Federal Contract Tower,0,0,56,0,56,0,6,72,0,78,0,6,128,0,134,86,0,86,220
06/28/2008,SNS,CA,AWP,WE,Federal Contract Tower,0,1,51,0,52,0,0,32,0,32,0,1,83,0,84,62,0,62,146
06/29/2008,SNS,CA,AWP,WE,Federal Contract Tower,0,0,51,0,51,0,4,43,0,47,0,4,94,0,98,62,0,62,160
06/30/2008,SNS,CA,AWP,WE,Federal Contract Tower,0,0,49,0,49,0,0,43,0,43,0,0,92,0,92,34,0,34,126
07/01/2008,SNS,CA,AWP,WE,Federal Contract Tower,0,0,61,0,61,0,2,116,0,118,0,2,177,0,179,104,0,104,283
07/02/2008,SNS,CA,AWP,WE,Federal Contract Tower,0,1,61,0,62,0,10,155,0,165,0,11,216,0,227,78,0,78,305
07/03/2008,SNS,CA,AWP,WE,Federal Contract Tower,0,0,49,0,49,0,8,118,0,126,0,8,167,0,175,172,0,172,347
07/04/2008,SNS,CA,AWP,WE,Federal Contract Tower,0,0,38,0,38,0,14,45,0,59,0,14,83,0,97,50,0,50,147
07/05/2008,SNS,CA,AWP,WE,Federal Contract Tower,0,0,26,0,26,0,3,80,0,83,0,3,106,0,109,70,0,70,179
07/06/2008,SNS,CA,AWP,WE,Federal Contract Tower,0,0,76,0,76,0,7,73,6,86,0,7,149,6,162,114,0,114,276
07/07/2008,SNS,CA,AWP,WE,Federal Contract Tower,0,0,26,0,26,0,6,61,9,76,0,6,87,9,102,68,0,68,170
07/08/2008,SNS,CA,AWP,WE,Federal Contract Tower,0,0,54,0,54,0,0,24,0,24,0,0,78,0,78,24,0,24,102
07/09/2008,SNS,CA,AWP,WE,Federal Contract Tower,0,0,38,0,38,0,13,103,0,116,0,13,141,0,154,86,0,86,240
07/10/2008,SNS,CA,AWP,WE,Federal Contract Tower,0,0,63,0,63,0,5,105,0,110,0,5,168,0,173,86,0,86,259
07/11/2008,SNS,CA,AWP,WE,Federal Contract Tower,0,0,83,4,87,0,0,38,4,42,0,0,121,8,129,4,4,8,137
07/12/2008,SNS,CA,AWP,WE,Federal Contract Tower,0,0,41,0,41,0,4,120,0,124,0,4,161,0,165,158,0,158,323
07/13/2008,SNS,CA,AWP,WE,Federal Contract Tower,0,0,36,2,38,0,0,76,1,77,0,0,112,3,115,64,0,64,179
07/14/2008,SNS,CA,AWP,WE,Federal Contract Tower,0,0,32,1,33,0,2,26,1,29,0,2,58,2,62,54,0,54,116
07/15/2008,SNS,CA,AWP,WE,Federal Contract Tower,0,0,32,4,36,0,1,85,0,86,0,1,117,4,122,82,8,90,212
07/16/2008,SNS,CA,AWP,WE,Federal Contract Tower,0,0,29,4,33,0,8,72,2,82,0,8,101,6,115,34,0,34,149
07/17/2008,SNS,CA,AWP,WE,Federal Contract Tower,0,0,70,12,82,0,8,93,0,101,0,8,163,12,183,78,0,78,261
07/18/2008,SNS,CA,AWP,WE,Federal Contract Tower,0,0,57,7,64,0,3,126,0,129,0,3,183,7,193,93,0,93,286
07/19/2008,SNS,CA,AWP,WE,Federal Contract Tower,0,0,71,0,71,0,15,178,0,193,0,15,249,0,264,64,0,64,328
07/20/2008,SNS,CA,AWP,WE,Federal Contract Tower,0,0,38,0,38,0,2,109,0,111,0,2,147,0,149,138,0,138,287
07/21/2008,SNS,CA,AWP,WE,Federal Contract Tower,0,0,4,0,4,0,3,48,0,51,0,3,52,0,55,16,0,16,71
07/22/2008,SNS,CA,AWP,WE,Federal Contract Tower,0,0,22,0,22,0,0,83,0,83,0,0,105,0,105,76,0,76,181
07/23/2008,SNS,CA,AWP,WE,Federal Contract Tower,0,0,55,0,55,0,0,112,0,112,0,0,167,0,167,178,0,178,345
07/24/2008,SNS,CA,AWP,WE,Federal Contract Tower,0,0,56,0,56,0,7,102,0,109,0,7,158,0,165,78,0,78,243
07/25/2008,SNS,CA,AWP,WE,Federal Contract Tower,0,7,84,0,91,0,0,165,0,165,0,7,249,0,256,62,0,62,318
07/26/2008,SNS,CA,AWP,WE,Federal Contract Tower,0,0,23,0,23,0,4,172,4,180,0,4,195,4,203,100,0,100,303
07/27/2008,SNS,CA,AWP,WE,Federal Contract Tower,0,0,56,0,56,0,0,57,0,57,0,0,113,0,113,20,0,20,133
07/28/2008,SNS,CA,AWP,WE,Federal Contract Tower,0,0,26,1,27,0,2,40,2,44,0,2,66,3,71,20,0,20,91
07/29/2008,SNS,CA,AWP,WE,Federal Contract Tower,0,0,45,0,45,0,3,82,0,85,0,3,127,0,130,10,0,10,140
07/30/2008,SNS,CA,AWP,WE,Federal Contract Tower,0,0,55,0,55,0,0,101,0,101,0,0,156,0,156,28,0,28,184
07/31/2008,SNS,CA,AWP,WE,Federal Contract Tower,0,0,63,0,63,0,4,125,0,129,0,4,188,0,192,166,0,166,358
08/01/2008,SNS,CA,AWP,WE,Federal Contract Tower,0,0,43,0,43,0,3,115,0,118,0,3,158,0,161,96,0,96,257
08/02/2008,SNS,CA,AWP,WE,Federal Contract Tower,0,0,37,0,37,0,3,152,0,155,0,3,189,0,192,122,0,122,314
08/03/2008,SNS,CA,AWP,WE,Federal Contract Tower,0,0,27,0,27,0,7,113,0,120,0,7,140,0,147,34,0,34,181
08/04/2008,SNS,CA,AWP,WE,Federal Contract Tower,0,0,44,0,44,0,3,42,0,45,0,3,86,0,89,82,0,82,171
08/05/2008,SNS,CA,AWP,WE,Federal Contract Tower,0,0,45,0,45,0,5,70,0,75,0,5,115,0,120,98,0,98,218
08/06/2008,SNS,CA,AWP,WE,Federal Contract Tower,0,0,29,0,29,0,6,112,0,118,0,6,141,0,147,98,0,98,245
08/07/2008,SNS,CA,AWP,WE,Federal Contract Tower,0,0,53,0,53,0,8,111,0,119,0,8,164,0,172,56,0,56,228
08/08/2008,SNS,CA,AWP,WE,Federal Contract Tower,0,0,12,2,14,0,3,108,0,111,0,3,120,2,125,66,0,66,191
08/09/2008,SNS,CA,AWP,WE,Federal Contract Tower,0,0,9,0,9,0,6,92,0,98,0,6,101,0,107,120,0,120,227
08/10/2008,SNS,CA,AWP,WE,Federal Contract Tower,0,0,44,0,44,0,0,81,0,81,0,0,125,0,125,88,0,88,213
08/11/2008,SNS,CA,AWP,WE,Federal Contract Tower,0,0,18,0,18,0,0,71,0,71,0,0,89,0,89,54,0,54,143
08/12/2008,SNS,CA,AWP,WE,Federal Contract Tower,0,0,35,0,35,0,0,67,0,67,0,0,102,0,102,54,0,54,156
08/13/2008,SNS,CA,AWP,WE,Federal Contract Tower,0,0,56,0,56,0,4,97,0,101,0,4,153,0,157,168,0,168,325
08/14/2008,SNS,CA,AWP,WE,Federal Contract Tower,0,0,45,0,45,0,7,84,0,91,0,7,129,0,136,74,0,74,210
08/15/2008,SNS,CA,AWP,WE,Federal Contract Tower,0,0,30,0,30,0,2,109,0,111,0,2,139,0,141,84,0,84,225
08/16/2008,SNS,CA,AWP,WE,Federal Contract Tower,0,0,72,0,72,0,5,79,0,84,0,5,151,0,156,120,0,120,276
08/17/2008,SNS,CA,AWP,WE,Federal Contract Tower,0,0,47,0,47,0,0,48,0,48,0,0,95,0,95,2,0,2,97
08/18/2008,SNS,CA,AWP,WE,Federal Contract Tower,0,0,45,0,45,0,0,43,0,43,0,0,88,0,88,50,0,50,138
08/19/2008,SNS,CA,AWP,WE,Federal Contract Tower,0,0,20,0,20,0,2,93,0,95,0,2,113,0,115,20,0,20,135
08/20/2008,SNS,CA,AWP,WE,Federal Contract Tower,0,0,30,0,30,0,10,116,0,126,0,10,146,0,156,86,0,86,242
08/21/2008,SNS,CA,AWP,WE,Federal Contract Tower,0,0,46,0,46,0,5,107,4,116,0,5,153,4,162,134,0,134,296
08/22/2008,SNS,CA,AWP,WE,Federal Contract Tower,0,2,77,0,79,0,0,90,0,90,0,2,167,0,169,82,0,82,251
08/23/2008,SNS,CA,AWP,WE,Federal Contract Tower,0,0,62,0,62,0,19,279,0,298,0,19,341,0,360,244,0,244,604
08/24/2008,SNS,CA,AWP,WE,Federal Contract Tower,0,0,73,0,73,0,1,102,0,103,0,1,175,0,176,88,0,88,264
08/25/2008,SNS,CA,AWP,WE,Federal Contract Tower,0,1,66,0,67,0,1,124,0,125,0,2,190,0,192,46,0,46,238
08/26/2008,SNS,CA,AWP,WE,Federal Contract Tower,0,0,33,0,33,0,0,140,0,140,0,0,173,0,173,96,0,96,269
08/27/2008,SNS,CA,AWP,WE,Federal Contract Tower,0,0,9,0,9,0,3,83,0,86,0,3,92,0,95,60,0,60,155
08/28/2008,SNS,CA,AWP,WE,Federal Contract Tower,0,0,40,0,40,0,0,137,0,137,0,0,177,0,177,74,0,74,251
08/29/2008,SNS,CA,AWP,WE,Federal Contract Tower,0,0,34,0,34,0,4,210,0,214,0,4,244,0,248,136,0,136,384
08/30/2008,SNS,CA,AWP,WE,Federal Contract Tower,0,0,59,0,59,0,10,94,0,104,0,10,153,0,163,170,0,170,333
08/31/2008,SNS,CA,AWP,WE,Federal Contract Tower,0,0,20,0,20,0,3,144,0,147,0,3,164,0,167,64,0,64,231
09/01/2008,SNS,CA,AWP,WE,Federal Contract Tower,0,0,23,0,23,0,9,136,0,145,0,9,159,0,168,90,0,90,258
09/02/2008,SNS,CA,AWP,WE,Federal Contract Tower,0,0,12,0,12,0,10,101,0,111,0,10,113,0,123,16,0,16,139
09/03/2008,SNS,CA,AWP,WE,Federal Contract Tower,0,0,16,0,16,0,1,160,5,166,0,1,176,5,182,60,0,60,242
09/04/2008,SNS,CA,AWP,WE,Federal Contract Tower,0,0,19,0,19,0,7,142,4,153,0,7,161,4,172,106,0,106,278
09/05/2008,SNS,CA,AWP,WE,Federal Contract Tower,0,0,11,0,11,0,0,114,0,114,0,0,125,0,125,60,0,60,185
09/06/2008,SNS,CA,AWP,WE,Federal Contract Tower,0,0,8,0,8,0,0,149,0,149,0,0,157,0,157,220,0,220,377
09/07/2008,SNS,CA,AWP,WE,Federal Contract Tower,0,0,20,0,20,0,3,110,2,115,0,3,130,2,135,64,0,64,199
09/08/2008,SNS,CA,AWP,WE,Federal Contract Tower,0,0,14,0,14,0,2,61,0,63,0,2,75,0,77,18,0,18,95
09/09/2008,SNS,CA,AWP,WE,Federal Contract Tower,0,0,26,0,26,0,5,83,0,88,0,5,109,0,114,54,0,54,168
09/10/2008,SNS,CA,AWP,WE,Federal Contract Tower,0,0,33,0,33,0,2,91,0,93,0,2,124,0,126,92,0,92,218
09/11/2008,SNS,CA,AWP,WE,Federal Contract Tower,0,2,39,0,41,0,2,100,0,102,0,4,139,0,143,154,0,154,297
09/12/2008,SNS,CA,AWP,WE,Federal Contract Tower,0,0,41,0,41,0,0,77,4,81,0,0,118,4,122,148,0,148,270
09/13/2008,SNS,CA,AWP,WE,Federal Contract Tower,0,0,36,0,36,0,0,126,0,126,0,0,162,0,162,242,0,242,404
09/14/2008,SNS,CA,AWP,WE,Federal Contract Tower,0,0,95,0,95,0,0,90,2,92,0,0,185,2,187,120,0,120,307
09/15/2008,SNS,CA,AWP,WE,Federal Contract Tower,0,0,37,0,37,0,1,79,0,80,0,1,116,0,117,74,6,80,197
09/16/2008,SNS,CA,AWP,WE,Federal Contract Tower,0,0,41,0,41,0,8,73,0,81,0,8,114,0,122,90,0,90,212
09/17/2008,SNS,CA,AWP,WE,Federal Contract Tower,0,0,11,2,13,0,0,128,0,128,0,0,139,2,141,40,0,40,181
09/18/2008,SNS,CA,AWP,WE,Federal Contract Tower,0,0,35,0,35,0,1,126,0,127,0,1,161,0,162,86,0,86,248
09/19/2008,SNS,CA,AWP,WE,Federal Contract Tower,0,0,23,0,23,0,0,144,0,144,0,0,167,0,167,96,0,96,263
09/20/2008,SNS,CA,AWP,WE,Federal Contract Tower,0,1,20,0,21,0,0,178,0,178,0,1,198,0,199,170,0,170,369
09/21/2008,SNS,CA,AWP,WE,Federal Contract Tower,0,0,13,0,13,0,0,174,0,174,0,0,187,0,187,60,0,60,247
09/22/2008,SNS,CA,AWP,WE,Federal Contract Tower,0,0,30,0,30,0,0,97,0,97,0,0,127,0,127,64,0,64,191
09/23/2008,SNS,CA,AWP,WE,Federal Contract Tower,0,0,31,0,31,0,0,165,0,165,0,0,196,0,196,150,0,150,346
09/24/2008,SNS,CA,AWP,WE,Federal Contract Tower,0,0,13,0,13,0,0,160,3,163,0,0,173,3,176,130,14,144,320
09/25/2008,SNS,CA,AWP,WE,Federal Contract Tower,0,0,12,0,12,0,3,76,15,94,0,3,88,15,106,32,82,114,220
09/26/2008,SNS,CA,AWP,WE,Federal Contract Tower,0,0,2,0,2,0,0,115,5,120,0,0,117,5,122,20,78,98,220
09/27/2008,SNS,CA,AWP,WE,Federal Contract Tower,0,0,17,0,17,0,0,296,46,342,0,0,313,46,359,16,0,16,375
09/28/2008,SNS,CA,AWP,WE,Federal Contract Tower,0,0,114,0,114,0,0,86,0,86,0,0,200,0,200,0,0,0,200
09/29/2008,SNS,CA,AWP,WE,Federal Contract Tower,0,7,30,1,38,0,0,52,0,52,0,7,82,1,90,6,0,6,96
09/30/2008,SNS,CA,AWP,WE,Federal Contract Tower,0,0,3,1,4,0,9,81,0,90,0,9,84,1,94,14,0,14,108
10/01/2008,SNS,CA,AWP,WE,Federal Contract Tower,0,0,19,1,20,0,3,169,0,172,0,3,188,1,192,152,0,152,344
10/02/2008,SNS,CA,AWP,WE,Federal Contract Tower,0,0,7,1,8,0,1,109,0,110,0,1,116,1,118,42,0,42,160
10/03/2008,SNS,CA,AWP,WE,Federal Contract Tower,0,0,36,0,36,0,0,84,0,84,0,0,120,0,120,88,0,88,208
10/04/2008,SNS,CA,AWP,WE,Federal Contract Tower,0,0,57,0,57,0,0,64,2,66,0,0,121,2,123,30,0,30,153
10/05/2008,SNS,CA,AWP,WE,Federal Contract Tower,0,0,20,2,22,0,2,121,0,123,0,2,141,2,145,78,0,78,223
10/06/2008,SNS,CA,AWP,WE,Federal Contract Tower,0,0,29,0,29,0,0,133,0,133,0,0,162,0,162,60,0,60,222
10/07/2008,SNS,CA,AWP,WE,Federal Contract Tower,0,0,44,0,44,0,1,139,0,140,0,1,183,0,184,136,0,136,320
10/08/2008,SNS,CA,AWP,WE,Federal Contract Tower,0,0,44,0,44,0,0,164,2,166,0,0,208,2,210,102,0,102,312
10/09/2008,SNS,CA,AWP,WE,Federal Contract Tower,0,0,34,0,34,0,4,105,0,109,0,4,139,0,143,72,0,72,215
10/10/2008,SNS,CA,AWP,WE,Federal Contract Tower,0,0,14,0,14,0,0,93,0,93,0,0,107,0,107,30,0,30,137
10/11/2008,SNS,CA,AWP,WE,Federal Contract Tower,0,0,5,0,5,0,1,94,0,95,0,1,99,0,100,86,0,86,186
10/12/2008,SNS,CA,AWP,WE,Federal Contract Tower,0,0,33,0,33,0,0,166,0,166,0,0,199,0,199,186,0,186,385
10/13/2008,SNS,CA,AWP,WE,Federal Contract Tower,0,0,9,0,9,0,1,105,0,106,0,1,114,0,115,108,0,108,223
10/14/2008,SNS,CA,AWP,WE,Federal Contract Tower,0,0,39,0,39,0,0,89,0,89,0,0,128,0,128,152,0,152,280
10/15/2008,SNS,CA,AWP,WE,Federal Contract Tower,0,0,16,0,16,0,4,104,0,108,0,4,120,0,124,106,0,106,230
10/16/2008,SNS,CA,AWP,WE,Federal Contract Tower,0,0,25,0,25,0,12,97,0,109,0,12,122,0,134,98,0,98,232
10/17/2008,SNS,CA,AWP,WE,Federal Contract Tower,0,0,26,0,26,0,17,107,0,124,0,17,133,0,150,118,0,118,268
10/18/2008,SNS,CA,AWP,WE,Federal Contract Tower,0,0,26,0,26,0,11,128,0,139,0,11,154,0,165,156,0,156,321
10/19/2008,SNS,CA,AWP,WE,Federal Contract Tower,0,0,31,0,31,0,0,69,0,69,0,0,100,0,100,114,0,114,214
10/20/2008,SNS,CA,AWP,WE,Federal Contract Tower,0,0,19,0,19,0,2,65,0,67,0,2,84,0,86,116,0,116,202
10/21/2008,SNS,CA,AWP,WE,Federal Contract Tower,0,0,44,0,44,0,0,86,0,86,0,0,130,0,130,238,0,238,368
10/22/2008,SNS,CA,AWP,WE,Federal Contract Tower,0,0,30,0,30,0,0,83,0,83,0,0,113,0,113,34,0,34,147
10/23/2008,SNS,CA,AWP,WE,Federal Contract Tower,0,2,17,0,19,0,6,72,0,78,0,8,89,0,97,74,0,74,171
10/24/2008,SNS,CA,AWP,WE,Federal Contract Tower,0,0,2,0,2,0,0,89,0,89,0,0,91,0,91,102,0,102,193
10/25/2008,SNS,CA,AWP,WE,Federal Contract Tower,0,0,0,0,0,0,0,113,0,113,0,0,113,0,113,190,0,190,303
10/26/2008,SNS,CA,AWP,WE,Federal Contract Tower,0,0,35,0,35,0,0,106,0,106,0,0,141,0,141,46,0,46,187
10/27/2008,SNS,CA,AWP,WE,Federal Contract Tower,0,0,20,0,20,0,2,94,0,96,0,2,114,0,116,44,0,44,160
10/28/2008,SNS,CA,AWP,WE,Federal Contract Tower,0,0,36,0,36,0,0,77,0,77,0,0,113,0,113,12,0,12,125
10/29/2008,SNS,CA,AWP,WE,Federal Contract Tower,0,0,31,0,31,0,10,98,0,108,0,10,129,0,139,232,0,232,371
10/30/2008,SNS,CA,AWP,WE,Federal Contract Tower,0,2,15,0,17,0,13,59,0,72,0,15,74,0,89,116,0,116,205
10/31/2008,SNS,CA,AWP,WE,Federal Contract Tower,0,0,15,0,15,0,6,49,4,59,0,6,64,4,74,96,0,96,170
11/01/2008,SNS,CA,AWP,WE,Federal Contract Tower,0,0,8,0,8,0,5,23,0,28,0,5,31,0,36,18,0,18,54
11/02/2008,SNS,CA,AWP,WE,Federal Contract Tower,0,0,27,0,27,0,2,95,0,97,0,2,122,0,124,58,0,58,182
11/03/2008,SNS,CA,AWP,WE,Federal Contract Tower,0,0,11,0,11,0,0,36,0,36,0,0,47,0,47,6,0,6,53
11/04/2008,SNS,CA,AWP,WE,Federal Contract Tower,0,0,19,0,19,0,10,101,0,111,0,10,120,0,130,18,0,18,148
11/05/2008,SNS,CA,AWP,WE,Federal Contract Tower,0,0,17,0,17,0,15,75,0,90,0,15,92,0,107,40,0,40,147
11/06/2008,SNS,CA,AWP,WE,Federal Contract Tower,0,0,18,0,18,0,14,70,0,84,0,14,88,0,102,42,0,42,144
11/07/2008,SNS,CA,AWP,WE,Federal Contract Tower,0,0,17,0,17,0,19,100,0,119,0,19,117,0,136,162,0,162,298
11/08/2008,SNS,CA,AWP,WE,Federal Contract Tower,0,0,32,1,33,0,2,70,1,73,0,2,102,2,106,68,0,68,174
11/09/2008,SNS,CA,AWP,WE,Federal Contract Tower,0,0,49,0,49,0,0,102,0,102,0,0,151,0,151,56,0,56,207
11/10/2008,SNS,CA,AWP,WE,Federal Contract Tower,0,0,37,0,37,0,0,132,0,132,0,0,169,0,169,76,0,76,245
11/11/2008,SNS,CA,AWP,WE,Federal Contract Tower,0,0,54,0,54,0,0,149,0,149,0,0,203,0,203,242,0,242,445
11/12/2008,SNS,CA,AWP,WE,Federal Contract Tower,0,4,49,0,53,0,8,110,0,118,0,12,159,0,171,256,0,256,427
11/13/2008,SNS,CA,AWP,WE,Federal Contract Tower,0,1,55,0,56,0,11,135,0,146,0,12,190,0,202,192,0,192,394
11/14/2008,SNS,CA,AWP,WE,Federal Contract Tower,0,0,24,0,24,0,1,100,0,101,0,1,124,0,125,132,0,132,257
11/15/2008,SNS,CA,AWP,WE,Federal Contract Tower,0,0,82,0,82,0,3,210,0,213,0,3,292,0,295,190,0,190,485
11/16/2008,SNS,CA,AWP,WE,Federal Contract Tower,0,0,62,0,62,0,5,194,0,199,0,5,256,0,261,176,0,176,437
11/17/2008,SNS,CA,AWP,WE,Federal Contract Tower,0,0,29,0,29,0,7,117,0,124,0,7,146,0,153,62,0,62,215
11/18/2008,SNS,CA,AWP,WE,Federal Contract Tower,0,0,40,0,40,0,0,114,0,114,0,0,154,0,154,40,0,40,194
11/19/2008,SNS,CA,AWP,WE,Federal Contract Tower,0,0,21,0,21,0,6,51,0,57,0,6,72,0,78,62,0,62,140
11/20/2008,SNS,CA,AWP,WE,Federal Contract Tower,0,0,52,4,56,0,8,123,0,131,0,8,175,4,187,146,0,146,333
11/21/2008,SNS,CA,AWP,WE,Federal Contract Tower,0,0,34,0,34,0,8,113,0,121,0,8,147,0,155,0,216,216,371
11/22/2008,SNS,CA,AWP,WE,Federal Contract Tower,0,0,37,0,37,0,11,243,0,254,0,11,280,0,291,212,0,212,503
11/23/2008,SNS,CA,AWP,WE,Federal Contract Tower,0,0,25,0,25,0,4,177,0,181,0,4,202,0,206,118,0,118,324
11/24/2008,SNS,CA,AWP,WE,Federal Contract Tower,0,0,44,0,44,0,3,129,0,132,0,3,173,0,176,46,0,46,222
11/25/2008,SNS,CA,AWP,WE,Federal Contract Tower,0,0,17,0,17,0,0,69,0,69,0,0,86,0,86,78,0,78,164
11/26/2008,SNS,CA,AWP,WE,Federal Contract Tower,0,5,46,0,51,0,0,0,0,0,0,5,46,0,51,0,0,0,51
11/27/2008,SNS,CA,AWP,WE,Federal Contract Tower,0,0,4,0,4,0,4,17,0,21,0,4,21,0,25,70,0,70,95
11/28/2008,SNS,CA,AWP,WE,Federal Contract Tower,0,0,37,0,37,0,1,14,0,15,0,1,51,0,52,32,0,32,84
11/29/2008,SNS,CA,AWP,WE,Federal Contract Tower,0,0,51,0,51,0,2,142,0,144,0,2,193,0,195,162,0,162,357
11/30/2008,SNS,CA,AWP,WE,Federal Contract Tower,0,0,78,0,78,0,0,239,0,239,0,0,317,0,317,148,0,148,465
12/01/2008,SNS,CA,AWP,WE,Federal Contract Tower,0,0,31,0,31,0,0,96,0,96,0,0,127,0,127,54,0,54,181
12/02/2008,SNS,CA,AWP,WE,Federal Contract Tower,0,0,45,0,45,0,0,77,0,77,0,0,122,0,122,84,0,84,206
12/03/2008,SNS,CA,AWP,WE,Federal Contract Tower,0,1,21,0,22,0,12,93,0,105,0,13,114,0,127,148,0,148,275
12/04/2008,SNS,CA,AWP,WE,Federal Contract Tower,0,0,33,0,33,0,4,76,0,80,0,4,109,0,113,168,0,168,281
12/05/2008,SNS,CA,AWP,WE,Federal Contract Tower,0,0,34,0,34,0,17,159,0,176,0,17,193,0,210,140,0,140,350
12/06/2008,SNS,CA,AWP,WE,Federal Contract Tower,0,0,24,0,24,0,0,200,0,200,0,0,224,0,224,114,0,114,338
12/07/2008,SNS,CA,AWP,WE,Federal Contract Tower,0,0,61,0,61,0,0,194,0,194,0,0,255,0,255,136,0,136,391
12/08/2008,SNS,CA,AWP,WE,Federal Contract Tower,0,0,53,0,53,0,0,92,0,92,0,0,145,0,145,78,0,78,223
12/09/2008,SNS,CA,AWP,WE,Federal Contract Tower,0,0,64,0,64,0,2,149,0,151,0,2,213,0,215,112,0,112,327
12/10/2008,SNS,CA,AWP,WE,Federal Contract Tower,0,0,42,0,42,0,4,155,0,159,0,4,197,0,201,112,0,112,313
12/11/2008,SNS,CA,AWP,WE,Federal Contract Tower,0,0,90,0,90,0,6,161,0,167,0,6,251,0,257,176,0,176,433
12/12/2008,SNS,CA,AWP,WE,Federal Contract Tower,0,0,31,0,31,0,0,109,0,109,0,0,140,0,140,32,0,32,172
12/13/2008,SNS,CA,AWP,WE,Federal Contract Tower,0,0,28,0,28,0,0,71,0,71,0,0,99,0,99,122,0,122,221
12/14/2008,SNS,CA,AWP,WE,Federal Contract Tower,0,0,17,0,17,0,0,33,0,33,0,0,50,0,50,0,0,0,50
12/15/2008,SNS,CA,AWP,WE,Federal Contract Tower,0,0,27,0,27,0,0,73,0,73,0,0,100,0,100,20,0,20,120
12/16/2008,SNS,CA,AWP,WE,Federal Contract Tower,0,0,14,0,14,0,0,48,0,48,0,0,62,0,62,28,0,28,90
12/17/2008,SNS,CA,AWP,WE,Federal Contract Tower,0,0,37,0,37,0,12,135,0,147,0,12,172,0,184,156,0,156,340
12/18/2008,SNS,CA,AWP,WE,Federal Contract Tower,0,0,24,0,24,0,6,74,0,80,0,6,98,0,104,108,0,108,212
12/19/2008,SNS,CA,AWP,WE,Federal Contract Tower,0,1,17,0,18,0,9,37,0,46,0,10,54,0,64,74,0,74,138
12/20/2008,SNS,CA,AWP,WE,Federal Contract Tower,0,0,29,0,29,0,11,128,0,139,0,11,157,0,168,112,0,112,280
12/21/2008,SNS,CA,AWP,WE,Federal Contract Tower,0,0,22,0,22,0,13,46,0,59,0,13,68,0,81,76,0,76,157
12/22/2008,SNS,CA,AWP,WE,Federal Contract Tower,0,0,26,0,26,0,0,32,0,32,0,0,58,0,58,24,0,24,82
12/23/2008,SNS,CA,AWP,WE,Federal Contract Tower,0,0,20,0,20,0,0,55,0,55,0,0,75,0,75,106,0,106,181
12/24/2008,SNS,CA,AWP,WE,Federal Contract Tower,0,0,20,0,20,0,0,16,0,16,0,0,36,0,36,0,0,0,36
12/25/2008,SNS,CA,AWP,WE,Federal Contract Tower,0,0,2,0,2,0,2,2,0,4,0,2,4,0,6,0,0,0,6
12/26/2008,SNS,CA,AWP,WE,Federal Contract Tower,0,0,25,0,25,0,15,59,0,74,0,15,84,0,99,14,0,14,113
12/27/2008,SNS,CA,AWP,WE,Federal Contract Tower,0,0,15,0,15,0,6,64,2,72,0,6,79,2,87,20,0,20,107
12/28/2008,SNS,CA,AWP,WE,Federal Contract Tower,0,0,39,0,39,0,4,92,0,96,0,4,131,0,135,44,0,44,179
12/29/2008,SNS,CA,AWP,WE,Federal Contract Tower,0,0,64,0,64,0,4,147,0,151,0,4,211,0,215,124,0,124,339
12/30/2008,SNS,CA,AWP,WE,Federal Contract Tower,0,0,31,0,31,0,0,129,0,129,0,0,160,0,160,130,0,130,290
12/31/2008,SNS,CA,AWP,WE,Federal Contract Tower,0,0,17,0,17,0,0,71,0,71,0,0,88,0,88,116,0,116,204
01/01/2009,SNS,CA,AWP,WE,Federal Contract Tower,0,0,2,0,2,0,0,27,0,27,0,0,29,0,29,80,0,80,109
01/02/2009,SNS,CA,AWP,WE,Federal Contract Tower,0,0,29,0,29,0,1,3,0,4,0,1,32,0,33,0,0,0,33
01/03/2009,SNS,CA,AWP,WE,Federal Contract Tower,0,0,37,0,37,0,13,220,0,233,0,13,257,0,270,244,0,244,514
01/04/2009,SNS,CA,AWP,WE,Federal Contract Tower,0,0,75,0,75,0,0,166,0,166,0,0,241,0,241,152,0,152,393
01/05/2009,SNS,CA,AWP,WE,Federal Contract Tower,0,0,63,2,65,0,0,126,0,126,0,0,189,2,191,0,0,0,191
01/06/2009,SNS,CA,AWP,WE,Federal Contract Tower,0,0,48,0,48,0,0,94,0,94,0,0,142,0,142,94,0,94,236
01/07/2009,SNS,CA,AWP,WE,Federal Contract Tower,2,0,29,0,31,0,0,100,0,100,2,0,129,0,131,66,0,66,197
01/08/2009,SNS,CA,AWP,WE,Federal Contract Tower,0,0,32,0,32,0,0,59,0,59,0,0,91,0,91,96,0,96,187
01/09/2009,SNS,CA,AWP,WE,Federal Contract Tower,0,0,30,0,30,0,0,65,0,65,0,0,95,0,95,68,0,68,163
01/10/2009,SNS,CA,AWP,WE,Federal Contract Tower,0,0,33,0,33,0,0,136,0,136,0,0,169,0,169,142,0,142,311
01/11/2009,SNS,CA,AWP,WE,Federal Contract Tower,0,0,68,0,68,0,7,190,0,197,0,7,258,0,265,180,0,180,445
01/12/2009,SNS,CA,AWP,WE,Federal Contract Tower,0,0,51,2,53,0,4,108,0,112,0,4,159,2,165,86,0,86,251
01/13/2009,SNS,CA,AWP,WE,Federal Contract Tower,0,0,33,0,33,0,0,160,0,160,0,0,193,0,193,94,0,94,287
01/14/2009,SNS,CA,AWP,WE,Federal Contract Tower,0,2,34,0,36,0,0,91,0,91,0,2,125,0,127,90,0,90,217
01/15/2009,SNS,CA,AWP,WE,Federal Contract Tower,0,0,34,0,34,0,4,187,0,191,0,4,221,0,225,122,0,122,347
01/16/2009,SNS,CA,AWP,WE,Federal Contract Tower,0,0,44,0,44,0,55,92,0,147,0,55,136,0,191,94,0,94,285
01/17/2009,SNS,CA,AWP,WE,Federal Contract Tower,0,0,20,0,20,0,20,154,0,174,0,20,174,0,194,120,0,120,314
01/18/2009,SNS,CA,AWP,WE,Federal Contract Tower,0,0,38,0,38,0,2,144,0,146,0,2,182,0,184,98,0,98,282
01/19/2009,SNS,CA,AWP,WE,Federal Contract Tower,0,0,107,0,107,0,7,167,0,174,0,7,274,0,281,158,0,158,439
01/20/2009,SNS,CA,AWP,WE,Federal Contract Tower,0,0,41,0,41,0,2,114,0,116,0,2,155,0,157,112,0,112,269
01/21/2009,SNS,CA,AWP,WE,Federal Contract Tower,0,0,26,0,26,0,0,6,0,6,0,0,32,0,32,0,0,0,32
01/22/2009,SNS,CA,AWP,WE,Federal Contract Tower,0,0,29,0,29,0,0,2,0,2,0,0,31,0,31,0,0,0,31
01/23/2009,SNS,CA,AWP,WE,Federal Contract Tower,0,0,34,0,34,0,0,0,0,0,0,0,34,0,34,0,0,0,34
01/24/2009,SNS,CA,AWP,WE,Federal Contract Tower,0,34,0,0,34,0,0,24,0,24,0,34,24,0,58,82,0,82,140
01/25/2009,SNS,CA,AWP,WE,Federal Contract Tower,0,0,12,0,12,12,0,19,0,31,12,0,31,0,43,6,0,6,49
01/26/2009,SNS,CA,AWP,WE,Federal Contract Tower,0,0,7,0,7,0,9,46,0,55,0,9,53,0,62,18,0,18,80
01/27/2009,SNS,CA,AWP,WE,Federal Contract Tower,0,0,70,0,70,0,0,126,0,126,0,0,196,0,196,84,0,84,280
01/28/2009,SNS,CA,AWP,WE,Federal Contract Tower,0,0,26,0,26,0,0,85,0,85,0,0,111,0,111,82,0,82,193
01/29/2009,SNS,CA,AWP,WE,Federal Contract Tower,0,6,66,0,72,0,5,147,0,152,0,11,213,0,224,100,0,100,324
01/30/2009,SNS,CA,AWP,WE,Federal Contract Tower,0,2,25,0,27,0,16,128,0,144,0,18,153,0,171,104,0,104,275
01/31/2009,SNS,CA,AWP,WE,Federal Contract Tower,0,0,20,0,20,0,4,130,0,134,0,4,150,0,154,110,0,110,264
02/01/2009,SNS,CA,AWP,WE,Federal Contract Tower,0,0,60,0,60,0,0,202,0,202,0,0,262,0,262,72,0,72,334
02/02/2009,SNS,CA,AWP,WE,Federal Contract Tower,0,0,48,0,48,0,0,109,0,109,0,0,157,0,157,118,0,118,275
02/03/2009,SNS,CA,AWP,WE,Federal Contract Tower,0,0,64,0,64,0,0,122,0,122,0,0,186,0,186,86,0,86,272
02/04/2009,SNS,CA,AWP,WE,Federal Contract Tower,0,0,24,0,24,0,1,55,0,56,0,1,79,0,80,72,0,72,152
02/05/2009,SNS,CA,AWP,WE,Federal Contract Tower,0,0,15,0,15,0,0,4,0,4,0,0,19,0,19,0,0,0,19
02/06/2009,SNS,CA,AWP,WE,Federal Contract Tower,0,0,21,0,21,0,0,3,0,3,0,0,24,0,24,20,0,20,44
02/07/2009,SNS,CA,AWP,WE,Federal Contract Tower,0,0,62,0,62,0,0,162,0,162,0,0,224,0,224,142,0,142,366
02/08/2009,SNS,CA,AWP,WE,Federal Contract Tower,0,0,62,0,62,0,0,141,0,141,0,0,203,0,203,276,0,276,479
02/09/2009,SNS,CA,AWP,WE,Federal Contract Tower,0,0,46,0,46,0,0,71,0,71,0,0,117,0,117,182,0,182,299
02/10/2009,SNS,CA,AWP,WE,Federal Contract Tower,0,0,41,0,41,0,2,179,0,181,0,2,220,0,222,362,0,362,584
02/11/2009,SNS,CA,AWP,WE,Federal Contract Tower,0,0,21,0,21,0,2,135,0,137,0,2,156,0,158,524,0,524,682
02/12/2009,SNS,CA,AWP,WE,Federal Contract Tower,0,0,14,0,14,0,2,129,0,131,0,2,143,0,145,657,0,657,802
02/13/2009,SNS,CA,AWP,WE,Federal Contract Tower,0,0,6,0,6,0,0,85,0,85,0,0,91,0,91,280,0,280,371
02/14/2009,SNS,CA,AWP,WE,Federal Contract Tower,0,0,14,0,14,0,0,83,0,83,0,0,97,0,97,20,0,20,117
02/15/2009,SNS,CA,AWP,WE,Federal Contract Tower,0,0,0,0,0,0,0,2,0,2,0,0,2,0,2,0,0,0,2
02/16/2009,SNS,CA,AWP,WE,Federal Contract Tower,0,0,12,0,12,0,0,32,0,32,0,0,44,0,44,0,0,0,44
02/17/2009,SNS,CA,AWP,WE,Federal Contract Tower,0,0,14,0,14,0,0,2,0,2,0,0,16,0,16,4,0,4,20
02/18/2009,SNS,CA,AWP,WE,Federal Contract Tower,0,0,45,0,45,0,0,148,0,148,0,0,193,0,193,112,0,112,305
02/19/2009,SNS,CA,AWP,WE,Federal Contract Tower,0,0,30,0,30,1,0,78,0,79,1,0,108,0,109,40,0,40,149
02/20/2009,SNS,CA,AWP,WE,Federal Contract Tower,0,0,36,0,36,0,6,101,1,108,0,6,137,1,144,106,10,116,260
02/21/2009,SNS,CA,AWP,WE,Federal Contract Tower,0,2,43,0,45,0,8,171,0,179,0,10,214,0,224,82,0,82,306
02/22/2009,SNS,CA,AWP,WE,Federal Contract Tower,0,0,15,0,15,0,3,33,0,36,0,3,48,0,51,10,0,10,61
02/23/2009,SNS,CA,AWP,WE,Federal Contract Tower,0,6,42,0,48,0,5,91,0,96,0,11,133,0,144,40,0,40,184
02/24/2009,SNS,CA,AWP,WE,Federal Contract Tower,0,4,58,0,62,0,3,110,0,113,0,7,168,0,175,12,0,12,187
02/25/2009,SNS,CA,AWP,WE,Federal Contract Tower,0,0,31,0,31,0,0,38,0,38,0,0,69,0,69,34,0,34,103
02/26/2009,SNS,CA,AWP,WE,Federal Contract Tower,0,0,22,0,22,0,0,34,0,34,0,0,56,0,56,48,0,48,104
02/27/2009,SNS,CA,AWP,WE,Federal Contract Tower,0,0,41,0,41,0,17,112,0,129,0,17,153,0,170,130,0,130,300
02/28/2009,SNS,CA,AWP,WE,Federal Contract Tower,0,0,31,0,31,0,7,116,0,123,0,7,147,0,154,154,0,154,308
03/01/2009,SNS,CA,AWP,WE,Federal Contract Tower,0,0,18,0,18,0,0,31,0,31,0,0,49,0,49,50,0,50,99
03/02/2009,SNS,CA,AWP,WE,Federal Contract Tower,0,0,33,0,33,0,2,88,0,90,0,2,121,0,123,32,0,32,155
03/03/2009,SNS,CA,AWP,WE,Federal Contract Tower,0,0,6,0,6,0,0,17,0,17,0,0,23,0,23,42,0,42,65
03/04/2009,SNS,CA,AWP,WE,Federal Contract Tower,0,0,13,0,13,0,0,6,0,6,0,0,19,0,19,16,0,16,35
03/05/2009,SNS,CA,AWP,WE,Federal Contract Tower,0,0,25,0,25,0,0,17,0,17,0,0,42,0,42,18,0,18,60
03/06/2009,SNS,CA,AWP,WE,Federal Contract Tower,0,0,23,0,23,0,0,56,0,56,0,0,79,0,79,110,0,110,189
03/07/2009,SNS,CA,AWP,WE,Federal Contract Tower,0,0,55,0,55,0,2,179,0,181,0,2,234,0,236,198,0,198,434
03/08/2009,SNS,CA,AWP,WE,Federal Contract Tower,0,0,54,0,54,0,0,193,0,193,0,0,247,0,247,156,0,156,403
03/09/2009,SNS,CA,AWP,WE,Federal Contract Tower,0,0,63,0,63,0,0,144,0,144,0,0,207,0,207,110,0,110,317
03/10/2009,SNS,CA,AWP,WE,Federal Contract Tower,0,0,36,0,36,0,0,109,0,109,0,0,145,0,145,120,0,120,265
03/11/2009,SNS,CA,AWP,WE,Federal Contract Tower,0,0,29,0,29,0,9,109,0,118,0,9,138,0,147,94,0,94,241
03/12/2009,SNS,CA,AWP,WE,Federal Contract Tower,0,0,15,0,15,0,0,85,0,85,0,0,100,0,100,124,0,124,224
03/13/2009,SNS,CA,AWP,WE,Federal Contract Tower,1,0,35,0,36,0,0,62,0,62,1,0,97,0,98,62,0,62,160
03/14/2009,SNS,CA,AWP,WE,Federal Contract Tower,0,0,59,0,59,0,13,92,0,105,0,13,151,0,164,126,0,126,290
03/15/2009,SNS,CA,AWP,WE,Federal Contract Tower,0,0,19,0,19,0,0,140,0,140,0,0,159,0,159,150,0,150,309
03/16/2009,SNS,CA,AWP,WE,Federal Contract Tower,0,0,30,0,30,0,0,117,0,117,0,0,147,0,147,136,0,136,283
03/17/2009,SNS,CA,AWP,WE,Federal Contract Tower,0,3,24,0,27,0,0,99,0,99,0,3,123,0,126,118,0,118,244
03/18/2009,SNS,CA,AWP,WE,Federal Contract Tower,0,0,47,0,47,0,0,58,0,58,0,0,105,0,105,112,0,112,217
03/19/2009,SNS,CA,AWP,WE,Federal Contract Tower,0,0,32,0,32,0,0,58,0,58,0,0,90,0,90,104,0,104,194
03/20/2009,SNS,CA,AWP,WE,Federal Contract Tower,0,8,70,0,78,0,9,139,0,148,0,17,209,0,226,174,0,174,400
03/21/2009,SNS,CA,AWP,WE,Federal Contract Tower,0,0,35,0,35,0,16,63,0,79,0,16,98,0,114,140,0,140,254
03/22/2009,SNS,CA,AWP,WE,Federal Contract Tower,0,0,12,0,12,0,0,66,0,66,0,0,78,0,78,30,0,30,108
03/23/2009,SNS,CA,AWP,WE,Federal Contract Tower,0,0,32,0,32,0,2,133,0,135,0,2,165,0,167,118,0,118,285
03/24/2009,SNS,CA,AWP,WE,Federal Contract Tower,0,0,15,0,15,0,1,83,0,84,0,1,98,0,99,48,0,48,147
03/25/2009,SNS,CA,AWP,WE,Federal Contract Tower,0,0,43,0,43,0,1,54,0,55,0,1,97,0,98,128,0,128,226
03/26/2009,SNS,CA,AWP,WE,Federal Contract Tower,0,0,30,0,30,0,2,73,0,75,0,2,103,0,105,82,0,82,187
03/27/2009,SNS,CA,AWP,WE,Federal Contract Tower,0,0,21,0,21,0,1,119,0,120,0,1,140,0,141,182,0,182,323
03/28/2009,SNS,CA,AWP,WE,Federal Contract Tower,0,0,26,0,26,0,8,88,0,96,0,8,114,0,122,54,0,54,176
03/29/2009,SNS,CA,AWP,WE,Federal Contract Tower,0,0,61,0,61,0,3,134,0,137,0,3,195,0,198,120,0,120,318
03/30/2009,SNS,CA,AWP,WE,Federal Contract Tower,0,0,15,0,15,0,0,124,4,128,0,0,139,4,143,64,0,64,207
03/31/2009,SNS,CA,AWP,WE,Federal Contract Tower,0,1,38,0,39,0,1,95,0,96,0,2,133,0,135,44,0,44,179
04/01/2009,SNS,CA,AWP,WE,Federal Contract Tower,0,0,25,0,25,0,0,43,0,43,0,0,68,0,68,110,0,110,178
04/02/2009,SNS,CA,AWP,WE,Federal Contract Tower,0,0,38,0,38,0,2,29,0,31,0,2,67,0,69,12,0,12,81
04/03/2009,SNS,CA,AWP,WE,Federal Contract Tower,0,0,24,0,24,0,1,51,0,52,0,1,75,0,76,50,0,50,126
04/04/2009,SNS,CA,AWP,WE,Federal Contract Tower,0,0,19,0,19,0,5,168,0,173,0,5,187,0,192,40,0,40,232
04/05/2009,SNS,CA,AWP,WE,Federal Contract Tower,0,0,15,0,15,0,6,98,0,104,0,6,113,0,119,102,0,102,221
04/06/2009,SNS,CA,AWP,WE,Federal Contract Tower,0,0,16,0,16,0,4,66,0,70,0,4,82,0,86,70,0,70,156
04/07/2009,SNS,CA,AWP,WE,Federal Contract Tower,0,1,23,0,24,0,2,26,0,28,0,3,49,0,52,0,0,0,52
04/08/2009,SNS,CA,AWP,WE,Federal Contract Tower,0,0,24,0,24,0,2,60,0,62,0,2,84,0,86,0,0,0,86
04/09/2009,SNS,CA,AWP,WE,Federal Contract Tower,0,2,26,0,28,0,3,37,0,40,0,5,63,0,68,24,0,24,92
04/10/2009,SNS,CA,AWP,WE,Federal Contract Tower,0,0,19,0,19,0,3,39,0,42,0,3,58,0,61,12,0,12,73
04/11/2009,SNS,CA,AWP,WE,Federal Contract Tower,0,0,22,0,22,0,4,93,0,97,0,4,115,0,119,44,0,44,163
04/12/2009,SNS,CA,AWP,WE,Federal Contract Tower,0,1,7,0,8,0,9,98,0,107,0,10,105,0,115,128,0,128,243
04/13/2009,SNS,CA,AWP,WE,Federal Contract Tower,0,1,20,0,21,0,2,58,0,60,0,3,78,0,81,64,0,64,145
04/14/2009,SNS,CA,AWP,WE,Federal Contract Tower,0,0,5,0,5,0,1,59,0,60,0,1,64,0,65,0,0,0,65
04/15/2009,SNS,CA,AWP,WE,Federal Contract Tower,0,0,17,0,17,0,0,67,0,67,0,0,84,0,84,36,0,36,120
04/16/2009,SNS,CA,AWP,WE,Federal Contract Tower,0,0,34,0,34,0,1,55,0,56,0,1,89,0,90,60,0,60,150
04/17/2009,SNS,CA,AWP,WE,Federal Contract Tower,0,0,38,0,38,0,3,77,8,88,0,3,115,8,126,88,0,88,214
04/18/2009,SNS,CA,AWP,WE,Federal Contract Tower,0,0,19,0,19,0,8,104,0,112,0,8,123,0,131,174,0,174,305
04/19/2009,SNS,CA,AWP,WE,Federal Contract Tower,0,0,60,0,60,0,0,167,0,167,0,0,227,0,227,186,0,186,413
04/20/2009,SNS,CA,AWP,WE,Federal Contract Tower,0,1,30,0,31,0,0,123,0,123,0,1,153,0,154,62,0,62,216
04/21/2009,SNS,CA,AWP,WE,Federal Contract Tower,0,0,10,0,10,0,3,135,0,138,0,3,145,0,148,78,0,78,226
04/22/2009,SNS,CA,AWP,WE,Federal Contract Tower,0,0,34,0,34,0,0,49,0,49,0,0,83,0,83,48,0,48,131
04/23/2009,SNS,CA,AWP,WE,Federal Contract Tower,0,0,19,0,19,0,1,62,0,63,0,1,81,0,82,26,0,26,108
04/24/2009,SNS,CA,AWP,WE,Federal Contract Tower,0,0,43,0,43,0,0,45,0,45,0,0,88,0,88,26,0,26,114
04/25/2009,SNS,CA,AWP,WE,Federal Contract Tower,0,0,22,0,22,0,8,93,0,101,0,8,115,0,123,150,0,150,273
04/26/2009,SNS,CA,AWP,WE,Federal Contract Tower,0,0,8,0,8,0,0,153,0,153,0,0,161,0,161,76,0,76,237
04/27/2009,SNS,CA,AWP,WE,Federal Contract Tower,0,1,16,0,17,0,0,24,0,24,0,1,40,0,41,14,0,14,55
04/28/2009,SNS,CA,AWP,WE,Federal Contract Tower,0,0,27,0,27,0,10,146,0,156,0,10,173,0,183,142,0,142,325
04/29/2009,SNS,CA,AWP,WE,Federal Contract Tower,0,0,41,0,41,0,0,98,0,98,0,0,139,0,139,146,0,146,285
04/30/2009,SNS,CA,AWP,WE,Federal Contract Tower,0,0,29,0,29,0,0,83,0,83,0,0,112,0,112,44,0,44,156
05/01/2009,SNS,CA,AWP,WE,Federal Contract Tower,0,0,21,0,21,0,4,50,0,54,0,4,71,0,75,50,0,50,125
05/02/2009,SNS,CA,AWP,WE,Federal Contract Tower,0,0,31,0,31,0,6,61,0,67,0,6,92,0,98,66,0,66,164
05/03/2009,SNS,CA,AWP,WE,Federal Contract Tower,0,0,26,0,26,0,4,102,0,106,0,4,128,0,132,94,0,94,226
05/04/2009,SNS,CA,AWP,WE,Federal Contract Tower,0,0,21,0,21,0,0,72,0,72,0,0,93,0,93,98,0,98,191
05/05/2009,SNS,CA,AWP,WE,Federal Contract Tower,0,0,32,0,32,0,2,96,0,98,0,2,128,0,130,76,0,76,206
05/06/2009,SNS,CA,AWP,WE,Federal Contract Tower,0,0,49,0,49,0,0,45,0,45,0,0,94,0,94,72,0,72,166
05/07/2009,SNS,CA,AWP,WE,Federal Contract Tower,0,2,67,0,69,0,0,50,0,50,0,2,117,0,119,63,0,63,182
05/08/2009,SNS,CA,AWP,WE,Federal Contract Tower,0,0,29,0,29,0,0,106,0,106,0,0,135,0,135,92,0,92,227
05/09/2009,SNS,CA,AWP,WE,Federal Contract Tower,0,0,63,0,63,0,0,101,0,101,0,0,164,0,164,80,0,80,244
05/10/2009,SNS,CA,AWP,WE,Federal Contract Tower,0,0,17,0,17,0,1,125,0,126,0,1,142,0,143,88,0,88,231
05/11/2009,SNS,CA,AWP,WE,Federal Contract Tower,0,0,12,0,12,0,1,65,0,66,0,1,77,0,78,30,0,30,108
05/12/2009,SNS,CA,AWP,WE,Federal Contract Tower,0,0,30,0,30,0,0,106,0,106,0,0,136,0,136,112,0,112,248
05/13/2009,SNS,CA,AWP,WE,Federal Contract Tower,0,0,15,0,15,0,4,106,0,110,0,4,121,0,125,98,0,98,223
05/14/2009,SNS,CA,AWP,WE,Federal Contract Tower,0,0,31,0,31,0,0,57,0,57,0,0,88,0,88,10,0,10,98
05/15/2009,SNS,CA,AWP,WE,Federal Contract Tower,0,0,45,0,45,0,5,90,0,95,0,5,135,0,140,96,0,96,236
05/16/2009,SNS,CA,AWP,WE,Federal Contract Tower,0,0,16,0,16,0,2,84,0,86,0,2,100,0,102,138,0,138,240
05/17/2009,SNS,CA,AWP,WE,Federal Contract Tower,0,1,23,0,24,0,1,127,0,128,0,2,150,0,152,94,0,94,246
05/18/2009,SNS,CA,AWP,WE,Federal Contract Tower,0,0,37,0,37,0,0,7,0,7,0,0,44,0,44,0,0,0,44
05/19/2009,SNS,CA,AWP,WE,Federal Contract Tower,0,0,38,0,38,0,0,54,0,54,0,0,92,0,92,36,0,36,128
05/20/2009,SNS,CA,AWP,WE,Federal Contract Tower,0,2,52,0,54,0,0,61,0,61,0,2,113,0,115,28,0,28,143
05/21/2009,SNS,CA,AWP,WE,Federal Contract Tower,0,0,29,0,29,0,0,54,0,54,0,0,83,0,83,54,0,54,137
05/22/2009,SNS,CA,AWP,WE,Federal Contract Tower,0,0,33,0,33,0,2,90,0,92,0,2,123,0,125,98,0,98,223
05/23/2009,SNS,CA,AWP,WE,Federal Contract Tower,0,0,37,0,37,0,4,68,0,72,0,4,105,0,109,28,0,28,137
05/24/2009,SNS,CA,AWP,WE,Federal Contract Tower,0,0,69,0,69,0,0,84,0,84,0,0,153,0,153,52,0,52,205
05/25/2009,SNS,CA,AWP,WE,Federal Contract Tower,0,0,24,0,24,0,4,83,0,87,0,4,107,0,111,66,0,66,177
05/26/2009,SNS,CA,AWP,WE,Federal Contract Tower,0,0,58,0,58,0,0,106,0,106,0,0,164,0,164,134,0,134,298
05/27/2009,SNS,CA,AWP,WE,Federal Contract Tower,0,0,72,0,72,0,0,47,0,47,0,0,119,0,119,42,0,42,161
05/28/2009,SNS,CA,AWP,WE,Federal Contract Tower,0,0,58,0,58,0,0,30,0,30,0,0,88,0,88,12,0,12,100
05/29/2009,SNS,CA,AWP,WE,Federal Contract Tower,0,0,58,0,58,0,0,22,0,22,0,0,80,0,80,10,0,10,90
05/30/2009,SNS,CA,AWP,WE,Federal Contract Tower,0,0,54,0,54,0,2,118,0,120,0,2,172,0,174,68,0,68,242
05/31/2009,SNS,CA,AWP,WE,Federal Contract Tower,0,0,73,0,73,0,7,114,0,121,0,7,187,0,194,116,0,116,310
06/01/2009,SNS,CA,AWP,WE,Federal Contract Tower,0,0,27,0,27,0,1,46,0,47,0,1,73,0,74,24,0,24,98
06/02/2009,SNS,CA,AWP,WE,Federal Contract Tower,0,0,47,0,47,0,9,51,0,60,0,9,98,0,107,48,0,48,155
06/03/2009,SNS,CA,AWP,WE,Federal Contract Tower,0,0,34,0,34,0,0,70,0,70,0,0,104,0,104,44,0,44,148
06/04/2009,SNS,CA,AWP,WE,Federal Contract Tower,0,0,29,0,29,0,0,64,0,64,0,0,93,0,93,60,0,60,153
06/05/2009,SNS,CA,AWP,WE,Federal Contract Tower,0,1,9,0,10,0,3,73,0,76,0,4,82,0,86,136,0,136,222
06/06/2009,SNS,CA,AWP,WE,Federal Contract Tower,0,0,12,0,12,0,0,182,0,182,0,0,194,0,194,184,0,184,378
06/07/2009,SNS,CA,AWP,WE,Federal Contract Tower,0,0,47,0,47,0,2,132,0,134,0,2,179,0,181,94,0,94,275
06/08/2009,SNS,CA,AWP,WE,Federal Contract Tower,0,0,12,0,12,0,1,34,0,35,0,1,46,0,47,18,0,18,65
06/09/2009,SNS,CA,AWP,WE,Federal Contract Tower,0,0,14,0,14,0,0,66,0,66,0,0,80,0,80,74,0,74,154
06/10/2009,SNS,CA,AWP,WE,Federal Contract Tower,0,1,46,0,47,0,5,79,0,84,0,6,125,0,131,66,0,66,197
06/11/2009,SNS,CA,AWP,WE,Federal Contract Tower,0,0,28,0,28,0,0,55,0,55,0,0,83,0,83,4,0,4,87
06/12/2009,SNS,CA,AWP,WE,Federal Contract Tower,0,0,29,0,29,0,0,60,0,60,0,0,89,0,89,68,0,68,157
06/13/2009,SNS,CA,AWP,WE,Federal Contract Tower,0,0,43,0,43,0,0,59,0,59,0,0,102,0,102,18,0,18,120
06/14/2009,SNS,CA,AWP,WE,Federal Contract Tower,0,0,25,0,25,0,0,90,0,90,0,0,115,0,115,102,0,102,217
06/15/2009,SNS,CA,AWP,WE,Federal Contract Tower,0,0,29,0,29,0,0,62,0,62,0,0,91,0,91,34,0,34,125
06/16/2009,SNS,CA,AWP,WE,Federal Contract Tower,0,0,21,0,21,0,0,63,0,63,0,0,84,0,84,68,0,68,152
06/17/2009,SNS,CA,AWP,WE,Federal Contract Tower,0,0,35,0,35,0,0,78,0,78,0,0,113,0,113,42,0,42,155
06/18/2009,SNS,CA,AWP,WE,Federal Contract Tower,0,0,59,0,59,0,2,64,0,66,0,2,123,0,125,26,0,26,151
06/19/2009,SNS,CA,AWP,WE,Federal Contract Tower,0,0,29,0,29,0,3,67,0,70,0,3,96,0,99,16,0,16,115
06/20/2009,SNS,CA,AWP,WE,Federal Contract Tower,0,0,19,0,19,0,1,57,0,58,0,1,76,0,77,94,0,94,171
06/21/2009,SNS,CA,AWP,WE,Federal Contract Tower,0,0,29,0,29,0,0,125,0,125,0,0,154,0,154,82,0,82,236
06/22/2009,SNS,CA,AWP,WE,Federal Contract Tower,0,0,23,0,23,0,3,74,0,77,0,3,97,0,100,72,0,72,172
06/23/2009,SNS,CA,AWP,WE,Federal Contract Tower,0,0,38,0,38,0,2,98,0,100,0,2,136,0,138,94,0,94,232
06/24/2009,SNS,CA,AWP,WE,Federal Contract Tower,0,0,51,0,51,0,0,50,0,50,0,0,101,0,101,16,0,16,117
06/25/2009,SNS,CA,AWP,WE,Federal Contract Tower,0,0,40,0,40,0,0,39,0,39,0,0,79,0,79,6,0,6,85
06/26/2009,SNS,CA,AWP,WE,Federal Contract Tower,0,0,37,0,37,0,1,58,0,59,0,1,95,0,96,160,0,160,256
06/27/2009,SNS,CA,AWP,WE,Federal Contract Tower,0,0,31,0,31,0,0,96,0,96,0,0,127,0,127,102,0,102,229
06/28/2009,SNS,CA,AWP,WE,Federal Contract Tower,0,1,22,0,23,0,4,81,0,85,0,5,103,0,108,126,0,126,234
06/29/2009,SNS,CA,AWP,WE,Federal Contract Tower,0,1,51,0,52,0,2,84,0,86,0,3,135,0,138,126,0,126,264
06/30/2009,SNS,CA,AWP,WE,Federal Contract Tower,0,0,58,0,58,0,3,101,0,104,0,3,159,0,162,84,0,84,246
07/01/2009,SNS,CA,AWP,WE,Federal Contract Tower,0,0,28,0,28,0,0,46,0,46,0,0,74,0,74,36,0,36,110
07/02/2009,SNS,CA,AWP,WE,Federal Contract Tower,0,0,49,0,49,0,0,46,0,46,0,0,95,0,95,50,0,50,145
07/03/2009,SNS,CA,AWP,WE,Federal Contract Tower,0,0,47,0,47,0,4,87,0,91,0,4,134,0,138,62,0,62,200
07/04/2009,SNS,CA,AWP,WE,Federal Contract Tower,0,0,33,0,33,0,1,47,0,48,0,1,80,0,81,68,0,68,149
07/05/2009,SNS,CA,AWP,WE,Federal Contract Tower,0,0,19,0,19,0,0,131,0,131,0,0,150,0,150,186,0,186,336
07/06/2009,SNS,CA,AWP,WE,Federal Contract Tower,0,0,42,0,42,0,0,81,0,81,0,0,123,0,123,140,0,140,263
07/07/2009,SNS,CA,AWP,WE,Federal Contract Tower,0,0,19,0,19,0,4,92,3,99,0,4,111,3,118,88,0,88,206
07/08/2009,SNS,CA,AWP,WE,Federal Contract Tower,0,0,26,0,26,0,0,39,0,39,0,0,65,0,65,56,2,58,123
07/09/2009,SNS,CA,AWP,WE,Federal Contract Tower,0,0,29,0,29,0,2,47,0,49,0,2,76,0,78,84,0,84,162
07/10/2009,SNS,CA,AWP,WE,Federal Contract Tower,0,2,46,0,48,0,0,68,3,71,0,2,114,3,119,144,22,166,285
07/11/2009,SNS,CA,AWP,WE,Federal Contract Tower,0,0,34,2,36,0,4,152,0,156,0,4,186,2,192,172,0,172,364
07/12/2009,SNS,CA,AWP,WE,Federal Contract Tower,0,0,38,0,38,0,4,118,0,122,0,4,156,0,160,120,0,120,280
07/13/2009,SNS,CA,AWP,WE,Federal Contract Tower,0,0,21,0,21,0,0,70,0,70,0,0,91,0,91,64,0,64,155
07/14/2009,SNS,CA,AWP,WE,Federal Contract Tower,0,0,55,0,55,0,0,103,2,105,0,0,158,2,160,160,6,166,326
07/15/2009,SNS,CA,AWP,WE,Federal Contract Tower,0,0,49,0,49,0,5,53,0,58,0,5,102,0,107,54,0,54,161
07/16/2009,SNS,CA,AWP,WE,Federal Contract Tower,0,0,51,0,51,0,1,61,0,62,0,1,112,0,113,98,0,98,211
07/17/2009,SNS,CA,AWP,WE,Federal Contract Tower,0,0,47,0,47,0,2,50,0,52,0,2,97,0,99,66,0,66,165
07/18/2009,SNS,CA,AWP,WE,Federal Contract Tower,0,5,20,0,25,0,2,72,0,74,0,7,92,0,99,136,0,136,235
07/19/2009,SNS,CA,AWP,WE,Federal Contract Tower,0,0,43,0,43,0,2,122,0,124,0,2,165,0,167,166,0,166,333
07/20/2009,SNS,CA,AWP,WE,Federal Contract Tower,0,0,30,0,30,0,0,61,0,61,0,0,91,0,91,42,0,42,133
07/21/2009,SNS,CA,AWP,WE,Federal Contract Tower,0,1,39,0,40,0,3,74,0,77,0,4,113,0,117,130,0,130,247
07/22/2009,SNS,CA,AWP,WE,Federal Contract Tower,0,0,44,0,44,0,0,56,0,56,0,0,100,0,100,56,0,56,156
07/23/2009,SNS,CA,AWP,WE,Federal Contract Tower,0,0,43,0,43,0,0,42,0,42,0,0,85,0,85,6,0,6,91
07/24/2009,SNS,CA,AWP,WE,Federal Contract Tower,0,0,52,0,52,0,2,43,0,45,0,2,95,0,97,42,0,42,139
07/25/2009,SNS,CA,AWP,WE,Federal Contract Tower,0,0,37,0,37,0,3,88,0,91,0,3,125,0,128,84,0,84,212
07/26/2009,SNS,CA,AWP,WE,Federal Contract Tower,0,0,44,0,44,0,3,57,0,60,0,3,101,0,104,144,0,144,248
07/27/2009,SNS,CA,AWP,WE,Federal Contract Tower,0,0,16,0,16,0,0,74,0,74,0,0,90,0,90,62,0,62,152
07/28/2009,SNS,CA,AWP,WE,Federal Contract Tower,0,0,39,0,39,0,0,50,0,50,0,0,89,0,89,60,0,60,149
07/29/2009,SNS,CA,AWP,WE,Federal Contract Tower,0,0,23,0,23,0,0,62,0,62,0,0,85,0,85,36,0,36,121
07/30/2009,SNS,CA,AWP,WE,Federal Contract Tower,0,0,30,0,30,0,0,34,0,34,0,0,64,0,64,24,0,24,88
07/31/2009,SNS,CA,AWP,WE,Federal Contract Tower,0,0,51,0,51,0,1,74,0,75,0,1,125,0,126,96,0,96,222
08/01/2009,SNS,CA,AWP,WE,Federal Contract Tower,0,0,42,0,42,0,0,59,0,59,0,0,101,0,101,58,0,58,159
08/02/2009,SNS,CA,AWP,WE,Federal Contract Tower,0,0,15,0,15,0,1,83,0,84,0,1,98,0,99,44,0,44,143
08/03/2009,SNS,CA,AWP,WE,Federal Contract Tower,0,1,18,0,19,0,0,42,0,42,0,1,60,0,61,54,0,54,115
08/04/2009,SNS,CA,AWP,WE,Federal Contract Tower,0,0,34,2,36,0,0,54,8,62,0,0,88,10,98,32,0,32,130
08/05/2009,SNS,CA,AWP,WE,Federal Contract Tower,0,0,31,0,31,0,0,58,0,58,0,0,89,0,89,0,0,0,89
08/06/2009,SNS,CA,AWP,WE,Federal Contract Tower,0,0,72,3,75,0,0,0,0,0,0,0,72,3,75,8,0,8,83
08/07/2009,SNS,CA,AWP,WE,Federal Contract Tower,0,0,2,1,3,0,0,143,19,162,0,0,145,20,165,128,82,210,375
08/08/2009,SNS,CA,AWP,WE,Federal Contract Tower,0,0,7,0,7,0,1,139,22,162,0,1,146,22,169,10,0,10,179
08/09/2009,SNS,CA,AWP,WE,Federal Contract Tower,0,0,11,0,11,0,1,185,42,228,0,1,196,42,239,0,9,9,248
08/10/2009,SNS,CA,AWP,WE,Federal Contract Tower,0,0,14,9,23,0,2,55,15,72,0,2,69,24,95,12,0,12,107
08/11/2009,SNS,CA,AWP,WE,Federal Contract Tower,0,1,18,0,19,0,0,23,0,23,0,1,41,0,42,4,0,4,46
08/12/2009,SNS,CA,AWP,WE,Federal Contract Tower,0,0,52,0,52,0,0,95,0,95,0,0,147,0,147,100,0,100,247
08/13/2009,SNS,CA,AWP,WE,Federal Contract Tower,0,0,23,0,23,0,0,52,0,52,0,0,75,0,75,34,0,34,109
08/14/2009,SNS,CA,AWP,WE,Federal Contract Tower,0,0,15,0,15,0,0,64,0,64,0,0,79,0,79,34,0,34,113
08/15/2009,SNS,CA,AWP,WE,Federal Contract Tower,0,0,15,0,15,0,0,86,0,86,0,0,101,0,101,108,0,108,209
08/16/2009,SNS,CA,AWP,WE,Federal Contract Tower,0,0,35,0,35,0,0,46,0,46,0,0,81,0,81,50,0,50,131
08/17/2009,SNS,CA,AWP,WE,Federal Contract Tower,0,1,26,0,27,0,0,34,0,34,0,1,60,0,61,12,0,12,73
08/18/2009,SNS,CA,AWP,WE,Federal Contract Tower,0,0,53,0,53,0,3,57,0,60,0,3,110,0,113,78,0,78,191
08/19/2009,SNS,CA,AWP,WE,Federal Contract Tower,0,0,39,0,39,0,0,25,0,25,0,0,64,0,64,74,0,74,138
08/20/2009,SNS,CA,AWP,WE,Federal Contract Tower,0,0,25,0,25,0,0,37,0,37,0,0,62,0,62,14,0,14,76
08/21/2009,SNS,CA,AWP,WE,Federal Contract Tower,0,2,52,0,54,0,0,67,0,67,0,2,119,0,121,44,0,44,165
08/22/2009,SNS,CA,AWP,WE,Federal Contract Tower,0,0,37,0,37,0,2,67,0,69,0,2,104,0,106,136,0,136,242
08/23/2009,SNS,CA,AWP,WE,Federal Contract Tower,0,0,40,0,40,0,0,40,0,40,0,0,80,0,80,34,0,34,114
08/24/2009,SNS,CA,AWP,WE,Federal Contract Tower,0,1,40,0,41,0,0,63,0,63,0,1,103,0,104,12,0,12,116
08/25/2009,SNS,CA,AWP,WE,Federal Contract Tower,0,0,22,0,22,0,0,65,0,65,0,0,87,0,87,30,0,30,117
08/26/2009,SNS,CA,AWP,WE,Federal Contract Tower,0,0,53,0,53,0,0,64,0,64,0,0,117,0,117,82,0,82,199
08/27/2009,SNS,CA,AWP,WE,Federal Contract Tower,0,0,28,0,28,0,0,76,0,76,0,0,104,0,104,60,0,60,164
08/28/2009,SNS,CA,AWP,WE,Federal Contract Tower,0,0,14,0,14,0,0,89,0,89,0,0,103,0,103,46,0,46,149
08/29/2009,SNS,CA,AWP,WE,Federal Contract Tower,0,0,4,0,4,0,0,76,0,76,0,0,80,0,80,50,0,50,130
08/30/2009,SNS,CA,AWP,WE,Federal Contract Tower,0,0,23,0,23,0,0,92,0,92,0,0,115,0,115,84,0,84,199
08/31/2009,SNS,CA,AWP,WE,Federal Contract Tower,0,0,48,0,48,0,0,83,2,85,0,0,131,2,133,124,0,124,257
09/01/2009,SNS,CA,AWP,WE,Federal Contract Tower,0,0,38,0,38,0,0,61,0,61,0,0,99,0,99,48,0,48,147
09/02/2009,SNS,CA,AWP,WE,Federal Contract Tower,0,0,32,0,32,0,0,76,0,76,0,0,108,0,108,28,0,28,136
09/03/2009,SNS,CA,AWP,WE,Federal Contract Tower,0,0,23,0,23,0,0,86,0,86,0,0,109,0,109,74,0,74,183
09/04/2009,SNS,CA,AWP,WE,Federal Contract Tower,0,0,17,0,17,0,0,80,0,80,0,0,97,0,97,112,0,112,209
09/05/2009,SNS,CA,AWP,WE,Federal Contract Tower,0,0,12,0,12,0,2,85,0,87,0,2,97,0,99,130,0,130,229
09/06/2009,SNS,CA,AWP,WE,Federal Contract Tower,0,0,34,0,34,0,0,86,0,86,0,0,120,0,120,72,0,72,192
09/07/2009,SNS,CA,AWP,WE,Federal Contract Tower,0,0,26,0,26,0,1,80,0,81,0,1,106,0,107,78,0,78,185
09/08/2009,SNS,CA,AWP,WE,Federal Contract Tower,0,0,7,0,7,0,0,77,0,77,0,0,84,0,84,120,0,120,204
09/09/2009,SNS,CA,AWP,WE,Federal Contract Tower,0,0,28,0,28,0,0,61,0,61,0,0,89,0,89,134,0,134,223
09/10/2009,SNS,CA,AWP,WE,Federal Contract Tower,0,0,23,0,23,0,0,69,0,69,0,0,92,0,92,51,0,51,143
09/11/2009,SNS,CA,AWP,WE,Federal Contract Tower,0,0,22,0,22,0,0,83,0,83,0,0,105,0,105,104,0,104,209
09/12/2009,SNS,CA,AWP,WE,Federal Contract Tower,0,0,51,0,51,0,1,32,0,33,0,1,83,0,84,4,0,4,88
09/13/2009,SNS,CA,AWP,WE,Federal Contract Tower,0,0,14,0,14,0,1,104,0,105,0,1,118,0,119,134,0,134,253
09/14/2009,SNS,CA,AWP,WE,Federal Contract Tower,0,0,35,0,35,0,1,53,0,54,0,1,88,0,89,52,0,52,141
09/15/2009,SNS,CA,AWP,WE,Federal Contract Tower,0,0,25,0,25,0,1,86,0,87,0,1,111,0,112,47,0,47,159
09/16/2009,SNS,CA,AWP,WE,Federal Contract Tower,0,0,21,0,21,0,0,80,0,80,0,0,101,0,101,56,0,56,157
09/17/2009,SNS,CA,AWP,WE,Federal Contract Tower,0,0,22,0,22,0,0,60,0,60,0,0,82,0,82,20,0,20,102
09/18/2009,SNS,CA,AWP,WE,Federal Contract Tower,0,0,14,0,14,0,0,82,0,82,0,0,96,0,96,18,0,18,114
09/19/2009,SNS,CA,AWP,WE,Federal Contract Tower,0,0,56,0,56,0,0,37,0,37,0,0,93,0,93,4,0,4,97
09/20/2009,SNS,CA,AWP,WE,Federal Contract Tower,0,0,42,0,42,0,0,95,0,95,0,0,137,0,137,126,0,126,263
09/21/2009,SNS,CA,AWP,WE,Federal Contract Tower,0,0,35,0,35,0,0,61,0,61,0,0,96,0,96,54,0,54,150
09/22/2009,SNS,CA,AWP,WE,Federal Contract Tower,0,0,59,0,59,0,0,124,0,124,0,0,183,0,183,62,0,62,245
09/23/2009,SNS,CA,AWP,WE,Federal Contract Tower,0,0,52,0,52,0,0,72,0,72,0,0,124,0,124,70,0,70,194
09/24/2009,SNS,CA,AWP,WE,Federal Contract Tower,0,0,49,0,49,0,0,55,4,59,0,0,104,4,108,60,0,60,168
09/25/2009,SNS,CA,AWP,WE,Federal Contract Tower,0,0,31,0,31,0,0,89,0,89,0,0,120,0,120,156,0,156,276
09/26/2009,SNS,CA,AWP,WE,Federal Contract Tower,0,0,21,0,21,0,0,113,0,113,0,0,134,0,134,72,0,72,206
09/27/2009,SNS,CA,AWP,WE,Federal Contract Tower,0,0,28,0,28,0,2,135,2,139,0,2,163,2,167,140,0,140,307
09/28/2009,SNS,CA,AWP,WE,Federal Contract Tower,0,0,32,0,32,0,4,40,0,44,0,4,72,0,76,34,0,34,110
09/29/2009,SNS,CA,AWP,WE,Federal Contract Tower,0,0,53,0,53,0,0,100,0,100,0,0,153,0,153,30,0,30,183
09/30/2009,SNS,CA,AWP,WE,Federal Contract Tower,0,0,24,0,24,0,0,92,0,92,0,0,116,0,116,74,0,74,190
10/01/2009,SNS,CA,AWP,WE,Federal Contract Tower,0,0,54,0,54,0,0,78,0,78,0,0,132,0,132,50,0,50,182
10/02/2009,SNS,CA,AWP,WE,Federal Contract Tower,0,2,16,0,18,0,0,57,0,57,0,2,73,0,75,30,0,30,105
10/03/2009,SNS,CA,AWP,WE,Federal Contract Tower,0,0,11,0,11,0,0,52,0,52,0,0,63,0,63,40,0,40,103
10/04/2009,SNS,CA,AWP,WE,Federal Contract Tower,0,0,41,0,41,0,2,86,0,88,0,2,127,0,129,90,0,90,219
10/05/2009,SNS,CA,AWP,WE,Federal Contract Tower,0,0,37,2,39,0,1,83,0,84,0,1,120,2,123,90,0,90,213
10/06/2009,SNS,CA,AWP,WE,Federal Contract Tower,0,0,35,0,35,0,0,115,0,115,0,0,150,0,150,48,0,48,198
10/07/2009,SNS,CA,AWP,WE,Federal Contract Tower,0,0,29,0,29,0,0,101,0,101,0,0,130,0,130,12,0,12,142
10/08/2009,SNS,CA,AWP,WE,Federal Contract Tower,0,2,18,0,20,0,0,78,0,78,0,2,96,0,98,24,0,24,122
10/09/2009,SNS,CA,AWP,WE,Federal Contract Tower,0,0,42,0,42,0,0,48,0,48,0,0,90,0,90,52,0,52,142
10/10/2009,SNS,CA,AWP,WE,Federal Contract Tower,0,0,45,0,45,0,0,50,0,50,0,0,95,0,95,26,0,26,121
10/11/2009,SNS,CA,AWP,WE,Federal Contract Tower,0,0,47,0,47,0,0,65,0,65,0,0,112,0,112,12,0,12,124
10/12/2009,SNS,CA,AWP,WE,Federal Contract Tower,0,0,19,0,19,0,0,58,0,58,0,0,77,0,77,70,0,70,147
10/13/2009,SNS,CA,AWP,WE,Federal Contract Tower,0,0,2,0,2,0,0,2,0,2,0,0,4,0,4,0,0,0,4
10/14/2009,SNS,CA,AWP,WE,Federal Contract Tower,0,0,13,0,13,0,0,49,0,49,0,0,62,0,62,56,0,56,118
10/15/2009,SNS,CA,AWP,WE,Federal Contract Tower,0,0,36,2,38,0,0,93,0,93,0,0,129,2,131,92,0,92,223
10/16/2009,SNS,CA,AWP,WE,Federal Contract Tower,0,0,21,0,21,0,0,57,0,57,0,0,78,0,78,60,0,60,138
10/17/2009,SNS,CA,AWP,WE,Federal Contract Tower,0,0,37,0,37,0,0,106,0,106,0,0,143,0,143,184,0,184,327
10/18/2009,SNS,CA,AWP,WE,Federal Contract Tower,0,0,50,0,50,0,0,93,0,93,0,0,143,0,143,106,0,106,249
10/19/2009,SNS,CA,AWP,WE,Federal Contract Tower,0,0,24,0,24,0,0,10,0,10,0,0,34,0,34,6,0,6,40
10/20/2009,SNS,CA,AWP,WE,Federal Contract Tower,0,0,48,6,54,0,0,66,0,66,0,0,114,6,120,92,0,92,212
10/21/2009,SNS,CA,AWP,WE,Federal Contract Tower,0,0,47,0,47,0,0,54,0,54,0,0,101,0,101,56,0,56,157
10/22/2009,SNS,CA,AWP,WE,Federal Contract Tower,0,2,89,0,91,0,0,54,0,54,0,2,143,0,145,74,0,74,219
10/23/2009,SNS,CA,AWP,WE,Federal Contract Tower,0,0,25,0,25,0,0,89,0,89,0,0,114,0,114,96,0,96,210
10/24/2009,SNS,CA,AWP,WE,Federal Contract Tower,0,0,32,0,32,0,0,52,0,52,0,0,84,0,84,68,0,68,152
10/25/2009,SNS,CA,AWP,WE,Federal Contract Tower,0,0,37,0,37,0,3,110,0,113,0,3,147,0,150,134,0,134,284
10/26/2009,SNS,CA,AWP,WE,Federal Contract Tower,0,0,39,0,39,0,0,92,0,92,0,0,131,0,131,96,0,96,227
10/27/2009,SNS,CA,AWP,WE,Federal Contract Tower,0,0,31,0,31,0,0,65,0,65,0,0,96,0,96,40,0,40,136
10/28/2009,SNS,CA,AWP,WE,Federal Contract Tower,0,0,28,0,28,0,0,51,0,51,0,0,79,0,79,20,0,20,99
10/29/2009,SNS,CA,AWP,WE,Federal Contract Tower,0,0,30,0,30,0,0,76,0,76,0,0,106,0,106,54,0,54,160
10/30/2009,SNS,CA,AWP,WE,Federal Contract Tower,0,0,24,0,24,0,0,70,0,70,0,0,94,0,94,102,0,102,196
10/31/2009,SNS,CA,AWP,WE,Federal Contract Tower,0,2,27,0,29,0,0,126,0,126,0,2,153,0,155,114,0,114,269
11/01/2009,SNS,CA,AWP,WE,Federal Contract Tower,0,0,9,0,9,0,0,121,0,121,0,0,130,0,130,70,0,70,200
11/02/2009,SNS,CA,AWP,WE,Federal Contract Tower,0,0,21,0,21,0,0,53,0,53,0,0,74,0,74,6,0,6,80
11/03/2009,SNS,CA,AWP,WE,Federal Contract Tower,0,0,58,0,58,0,0,120,0,120,0,0,178,0,178,104,0,104,282
11/04/2009,SNS,CA,AWP,WE,Federal Contract Tower,0,0,31,0,31,0,0,55,0,55,0,0,86,0,86,30,0,30,116
11/05/2009,SNS,CA,AWP,WE,Federal Contract Tower,0,0,30,0,30,0,0,84,0,84,0,0,114,0,114,73,0,73,187
11/06/2009,SNS,CA,AWP,WE,Federal Contract Tower,0,0,15,2,17,0,0,52,0,52,0,0,67,2,69,48,0,48,117
11/07/2009,SNS,CA,AWP,WE,Federal Contract Tower,0,0,19,0,19,0,0,74,0,74,0,0,93,0,93,52,0,52,145
11/08/2009,SNS,CA,AWP,WE,Federal Contract Tower,0,0,16,0,16,0,0,104,0,104,0,0,120,0,120,66,0,66,186
11/09/2009,SNS,CA,AWP,WE,Federal Contract Tower,0,0,26,0,26,0,0,47,0,47,0,0,73,0,73,6,0,6,79
11/10/2009,SNS,CA,AWP,WE,Federal Contract Tower,0,0,42,0,42,0,0,84,0,84,0,0,126,0,126,16,0,16,142
11/11/2009,SNS,CA,AWP,WE,Federal Contract Tower,0,0,37,0,37,0,0,56,0,56,0,0,93,0,93,34,0,34,127
11/12/2009,SNS,CA,AWP,WE,Federal Contract Tower,0,0,37,0,37,0,0,68,0,68,0,0,105,0,105,20,0,20,125
11/13/2009,SNS,CA,AWP,WE,Federal Contract Tower,0,0,20,0,20,0,0,69,0,69,0,0,89,0,89,30,0,30,119
11/14/2009,SNS,CA,AWP,WE,Federal Contract Tower,0,0,28,0,28,0,0,66,0,66,0,0,94,0,94,44,0,44,138
11/15/2009,SNS,CA,AWP,WE,Federal Contract Tower,0,0,11,0,11,0,0,88,0,88,0,0,99,0,99,84,0,84,183
11/16/2009,SNS,CA,AWP,WE,Federal Contract Tower,0,0,42,0,42,0,0,129,0,129,0,0,171,0,171,40,0,40,211
11/17/2009,SNS,CA,AWP,WE,Federal Contract Tower,0,0,43,0,43,0,0,112,0,112,0,0,155,0,155,30,0,30,185
11/18/2009,SNS,CA,AWP,WE,Federal Contract Tower,0,0,36,0,36,0,0,78,0,78,0,0,114,0,114,58,0,58,172
11/19/2009,SNS,CA,AWP,WE,Federal Contract Tower,0,0,17,0,17,0,0,98,0,98,0,0,115,0,115,88,0,88,203
11/20/2009,SNS,CA,AWP,WE,Federal Contract Tower,0,0,24,0,24,0,0,15,0,15,0,0,39,0,39,14,0,14,53
11/21/2009,SNS,CA,AWP,WE,Federal Contract Tower,0,0,19,0,19,0,0,58,0,58,0,0,77,0,77,56,0,56,133
11/22/2009,SNS,CA,AWP,WE,Federal Contract Tower,0,0,35,0,35,0,0,109,0,109,0,0,144,0,144,80,0,80,224
11/23/2009,SNS,CA,AWP,WE,Federal Contract Tower,0,0,49,0,49,0,0,140,0,140,0,0,189,0,189,166,0,166,355
11/24/2009,SNS,CA,AWP,WE,Federal Contract Tower,0,1,63,0,64,0,0,135,0,135,0,1,198,0,199,138,0,138,337
11/25/2009,SNS,CA,AWP,WE,Federal Contract Tower,0,0,32,0,32,0,0,86,0,86,0,0,118,0,118,52,0,52,170
11/26/2009,SNS,CA,AWP,WE,Federal Contract Tower,0,0,5,0,5,0,0,25,0,25,0,0,30,0,30,28,0,28,58
11/27/2009,SNS,CA,AWP,WE,Federal Contract Tower,0,0,21,0,21,0,0,28,0,28,0,0,49,0,49,0,0,0,49
11/28/2009,SNS,CA,AWP,WE,Federal Contract Tower,0,0,3,0,3,0,0,49,0,49,0,0,52,0,52,36,0,36,88
11/29/2009,SNS,CA,AWP,WE,Federal Contract Tower,0,0,23,0,23,0,0,125,0,125,0,0,148,0,148,110,0,110,258
11/30/2009,SNS,CA,AWP,WE,Federal Contract Tower,0,0,10,0,10,0,0,97,0,97,0,0,107,0,107,76,0,76,183
12/01/2009,SNS,CA,AWP,WE,Federal Contract Tower,0,0,37,0,37,0,0,66,0,66,0,0,103,0,103,50,0,50,153
12/02/2009,SNS,CA,AWP,WE,Federal Contract Tower,0,0,34,0,34,0,0,16,0,16,0,0,50,0,50,0,0,0,50
12/03/2009,SNS,CA,AWP,WE,Federal Contract Tower,0,0,49,0,49,0,0,46,0,46,0,0,95,0,95,48,0,48,143
12/04/2009,SNS,CA,AWP,WE,Federal Contract Tower,0,0,25,0,25,0,0,54,0,54,0,0,79,0,79,46,0,46,125
12/05/2009,SNS,CA,AWP,WE,Federal Contract Tower,0,0,15,0,15,0,0,39,0,39,0,0,54,0,54,54,0,54,108
12/06/2009,SNS,CA,AWP,WE,Federal Contract Tower,0,0,4,0,4,0,0,40,0,40,0,0,44,0,44,54,0,54,98
12/07/2009,SNS,CA,AWP,WE,Federal Contract Tower,0,0,17,0,17,0,0,46,0,46,0,0,63,0,63,30,0,30,93
12/08/2009,SNS,CA,AWP,WE,Federal Contract Tower,0,1,65,0,66,0,9,123,0,132,0,10,188,0,198,96,0,96,294
12/09/2009,SNS,CA,AWP,WE,Federal Contract Tower,0,1,36,0,37,0,0,90,0,90,0,1,126,0,127,40,0,40,167
12/10/2009,SNS,CA,AWP,WE,Federal Contract Tower,0,1,12,0,13,0,0,7,0,7,0,1,19,0,20,6,0,6,26
12/11/2009,SNS,CA,AWP,WE,Federal Contract Tower,0,0,13,0,13,0,0,4,0,4,0,0,17,0,17,0,0,0,17
12/12/2009,SNS,CA,AWP,WE,Federal Contract Tower,0,0,5,0,5,0,0,3,0,3,0,0,8,0,8,0,0,0,8
12/13/2009,SNS,CA,AWP,WE,Federal Contract Tower,0,0,14,0,14,0,0,20,0,20,0,0,34,0,34,18,0,18,52
12/14/2009,SNS,CA,AWP,WE,Federal Contract Tower,0,0,26,0,26,0,0,57,0,57,0,0,83,0,83,18,0,18,101
12/15/2009,SNS,CA,AWP,WE,Federal Contract Tower,0,1,33,0,34,0,0,44,0,44,0,1,77,0,78,40,0,40,118
12/16/2009,SNS,CA,AWP,WE,Federal Contract Tower,0,0,17,0,17,0,1,53,0,54,0,1,70,0,71,0,0,0,71
12/17/2009,SNS,CA,AWP,WE,Federal Contract Tower,0,0,42,0,42,0,1,59,0,60,0,1,101,0,102,84,0,84,186
12/18/2009,SNS,CA,AWP,WE,Federal Contract Tower,0,0,36,0,36,0,0,55,0,55,0,0,91,0,91,66,0,66,157
12/19/2009,SNS,CA,AWP,WE,Federal Contract Tower,0,0,23,0,23,0,0,85,0,85,0,0,108,0,108,140,0,140,248
12/20/2009,SNS,CA,AWP,WE,Federal Contract Tower,0,0,22,0,22,0,0,98,0,98,0,0,120,0,120,150,0,150,270
12/21/2009,SNS,CA,AWP,WE,Federal Contract Tower,0,0,26,0,26,0,0,20,0,20,0,0,46,0,46,4,0,4,50
12/22/2009,SNS,CA,AWP,WE,Federal Contract Tower,0,1,46,0,47,0,0,60,0,60,0,1,106,0,107,50,2,52,159
12/23/2009,SNS,CA,AWP,WE,Federal Contract Tower,0,1,11,0,12,0,1,62,0,63,0,2,73,0,75,84,0,84,159
12/24/2009,SNS,CA,AWP,WE,Federal Contract Tower,0,0,25,0,25,0,0,55,0,55,0,0,80,0,80,40,0,40,120
12/25/2009,SNS,CA,AWP,WE,Federal Contract Tower,0,0,2,0,2,0,0,35,0,35,0,0,37,0,37,54,0,54,91
12/26/2009,SNS,CA,AWP,WE,Federal Contract Tower,0,0,12,0,12,0,0,35,0,35,0,0,47,0,47,54,0,54,101
12/27/2009,SNS,CA,AWP,WE,Federal Contract Tower,0,0,20,0,20,0,0,147,0,147,0,0,167,0,167,128,0,128,295
12/28/2009,SNS,CA,AWP,WE,Federal Contract Tower,0,0,23,0,23,0,0,46,0,46,0,0,69,0,69,86,0,86,155
12/29/2009,SNS,CA,AWP,WE,Federal Contract Tower,0,1,42,0,43,0,0,47,0,47,0,1,89,0,90,74,0,74,164
12/30/2009,SNS,CA,AWP,WE,Federal Contract Tower,0,1,16,0,17,0,0,27,0,27,0,1,43,0,44,0,0,0,44
12/31/2009,SNS,CA,AWP,WE,Federal Contract Tower,0,0,11,0,11,0,0,54,0,54,0,0,65,0,65,40,0,40,105
01/01/2010,SNS,CA,AWP,WE,Federal Contract Tower,0,0,7,0,7,0,0,21,0,21,0,0,28,0,28,48,0,48,76
01/02/2010,SNS,CA,AWP,WE,Federal Contract Tower,0,0,21,0,21,0,0,60,0,60,0,0,81,0,81,106,0,106,187
01/03/2010,SNS,CA,AWP,WE,Federal Contract Tower,0,0,20,0,20,0,0,72,0,72,0,0,92,0,92,60,0,60,152
01/04/2010,SNS,CA,AWP,WE,Federal Contract Tower,0,0,36,0,36,0,0,92,0,92,0,0,128,0,128,92,0,92,220
01/05/2010,SNS,CA,AWP,WE,Federal Contract Tower,0,0,32,0,32,0,0,43,0,43,0,0,75,0,75,40,0,40,115
01/06/2010,SNS,CA,AWP,WE,Federal Contract Tower,0,0,18,0,18,0,1,54,0,55,0,1,72,0,73,56,0,56,129
01/07/2010,SNS,CA,AWP,WE,Federal Contract Tower,0,0,54,0,54,0,0,49,0,49,0,0,103,0,103,52,0,52,155
01/08/2010,SNS,CA,AWP,WE,Federal Contract Tower,0,0,32,0,32,0,0,59,0,59,0,0,91,0,91,30,0,30,121
01/09/2010,SNS,CA,AWP,WE,Federal Contract Tower,0,0,40,0,40,0,0,69,0,69,0,0,109,0,109,52,0,52,161
01/10/2010,SNS,CA,AWP,WE,Federal Contract Tower,0,0,14,0,14,0,0,85,0,85,0,0,99,0,99,124,0,124,223
01/11/2010,SNS,CA,AWP,WE,Federal Contract Tower,0,0,55,0,55,0,0,77,0,77,0,0,132,0,132,100,0,100,232
01/12/2010,SNS,CA,AWP,WE,Federal Contract Tower,0,1,54,0,55,0,0,61,0,61,0,1,115,0,116,50,0,50,166
01/13/2010,SNS,CA,AWP,WE,Federal Contract Tower,0,1,42,0,43,0,0,33,0,33,0,1,75,0,76,8,0,8,84
01/14/2010,SNS,CA,AWP,WE,Federal Contract Tower,0,1,43,0,44,0,0,92,0,92,0,1,135,0,136,60,0,60,196
01/15/2010,SNS,CA,AWP,WE,Federal Contract Tower,0,0,25,0,25,0,0,39,0,39,0,0,64,0,64,32,0,32,96
01/16/2010,SNS,CA,AWP,WE,Federal Contract Tower,0,0,44,0,44,0,0,91,0,91,0,0,135,0,135,90,0,90,225
01/17/2010,SNS,CA,AWP,WE,Federal Contract Tower,0,0,9,0,9,0,0,4,0,4,0,0,13,0,13,14,0,14,27
01/18/2010,SNS,CA,AWP,WE,Federal Contract Tower,0,0,9,0,9,0,0,8,0,8,0,0,17,0,17,22,0,22,39
01/19/2010,SNS,CA,AWP,WE,Federal Contract Tower,0,1,26,0,27,0,0,9,0,9,0,1,35,0,36,0,0,0,36
01/20/2010,SNS,CA,AWP,WE,Federal Contract Tower,0,0,3,0,3,0,0,3,0,3,0,0,6,0,6,0,0,0,6
01/21/2010,SNS,CA,AWP,WE,Federal Contract Tower,0,1,7,0,8,0,0,0,0,0,0,1,7,0,8,0,0,0,8
01/22/2010,SNS,CA,AWP,WE,Federal Contract Tower,0,0,5,2,7,0,0,12,0,12,0,0,17,2,19,0,0,0,19
01/23/2010,SNS,CA,AWP,WE,Federal Contract Tower,0,0,15,0,15,0,0,71,0,71,0,0,86,0,86,16,0,16,102
01/24/2010,SNS,CA,AWP,WE,Federal Contract Tower,0,0,12,0,12,0,0,38,0,38,0,0,50,0,50,44,0,44,94
01/25/2010,SNS,CA,AWP,WE,Federal Contract Tower,0,0,13,3,16,0,0,15,1,16,0,0,28,4,32,0,0,0,32
01/26/2010,SNS,CA,AWP,WE,Federal Contract Tower,0,1,29,1,31,0,0,20,0,20,0,1,49,1,51,0,0,0,51
01/27/2010,SNS,CA,AWP,WE,Federal Contract Tower,0,1,34,0,35,0,0,39,0,39,0,1,73,0,74,28,0,28,102
01/28/2010,SNS,CA,AWP,WE,Federal Contract Tower,0,1,39,0,40,0,0,58,0,58,0,1,97,0,98,32,0,32,130
01/29/2010,SNS,CA,AWP,WE,Federal Contract Tower,0,0,16,0,16,0,0,27,0,27,0,0,43,0,43,14,0,14,57
01/30/2010,SNS,CA,AWP,WE,Federal Contract Tower,0,0,32,0,32,0,0,46,0,46,0,0,78,0,78,48,0,48,126
01/31/2010,SNS,CA,AWP,WE,Federal Contract Tower,0,0,32,0,32,0,0,128,0,128,0,0,160,0,160,140,0,140,300
02/01/2010,SNS,CA,AWP,WE,Federal Contract Tower,0,0,27,0,27,0,0,33,0,33,0,0,60,0,60,34,0,34,94
02/02/2010,SNS,CA,AWP,WE,Federal Contract Tower,0,3,37,0,40,0,0,88,0,88,0,3,125,0,128,30,0,30,158
02/03/2010,SNS,CA,AWP,WE,Federal Contract Tower,0,0,34,0,34,0,0,33,0,33,0,0,67,0,67,22,0,22,89
02/04/2010,SNS,CA,AWP,WE,Federal Contract Tower,0,0,13,0,13,0,0,25,0,25,0,0,38,0,38,46,0,46,84
02/05/2010,SNS,CA,AWP,WE,Federal Contract Tower,0,0,26,0,26,0,0,22,0,22,0,0,48,0,48,20,0,20,68
02/06/2010,SNS,CA,AWP,WE,Federal Contract Tower,0,0,4,0,4,0,0,8,0,8,0,0,12,0,12,6,0,6,18
02/07/2010,SNS,CA,AWP,WE,Federal Contract Tower,0,0,18,0,18,0,0,68,0,68,0,0,86,0,86,78,0,78,164
02/08/2010,SNS,CA,AWP,WE,Federal Contract Tower,0,0,44,0,44,0,0,78,0,78,0,0,122,0,122,64,0,64,186
02/09/2010,SNS,CA,AWP,WE,Federal Contract Tower,0,2,45,0,47,0,0,65,0,65,0,2,110,0,112,10,0,10,122
02/10/2010,SNS,CA,AWP,WE,Federal Contract Tower,0,1,29,0,30,0,0,37,0,37,0,1,66,0,67,44,0,44,111
02/11/2010,SNS,CA,AWP,WE,Federal Contract Tower,0,1,37,0,38,0,3,48,0,51,0,4,85,0,89,36,0,36,125
02/12/2010,SNS,CA,AWP,WE,Federal Contract Tower,0,0,18,0,18,0,0,37,0,37,0,0,55,0,55,10,0,10,65
02/13/2010,SNS,CA,AWP,WE,Federal Contract Tower,0,4,39,1,44,0,0,53,0,53,0,4,92,1,97,74,0,74,171
02/14/2010,SNS,CA,AWP,WE,Federal Contract Tower,0,0,17,0,17,0,0,52,0,52,0,0,69,0,69,68,0,68,137
02/15/2010,SNS,CA,AWP,WE,Federal Contract Tower,0,0,28,4,32,0,0,77,0,77,0,0,105,4,109,102,0,102,211
02/16/2010,SNS,CA,AWP,WE,Federal Contract Tower,0,1,55,0,56,0,5,55,0,60,0,6,110,0,116,14,0,14,130
02/17/2010,SNS,CA,AWP,WE,Federal Contract Tower,0,1,33,0,34,0,4,90,0,94,0,5,123,0,128,86,0,86,214
02/18/2010,SNS,CA,AWP,WE,Federal Contract Tower,0,1,41,0,42,0,0,16,0,16,0,1,57,0,58,0,0,0,58
02/19/2010,SNS,CA,AWP,WE,Federal Contract Tower,0,0,21,0,21,0,0,49,0,49,0,0,70,0,70,14,0,14,84
02/20/2010,SNS,CA,AWP,WE,Federal Contract Tower,0,0,23,0,23,0,0,69,0,69,0,0,92,0,92,44,0,44,136
02/21/2010,SNS,CA,AWP,WE,Federal Contract Tower,0,0,12,0,12,0,0,2,0,2,0,0,14,0,14,0,0,0,14
02/22/2010,SNS,CA,AWP,WE,Federal Contract Tower,0,0,42,0,42,0,0,86,1,87,0,0,128,1,129,78,0,78,207
02/23/2010,SNS,CA,AWP,WE,Federal Contract Tower,0,1,47,0,48,0,6,42,0,48,0,7,89,0,96,8,0,8,104
02/24/2010,SNS,CA,AWP,WE,Federal Contract Tower,0,1,22,0,23,0,1,6,0,7,0,2,28,0,30,2,0,2,32
02/25/2010,SNS,CA,AWP,WE,Federal Contract Tower,0,2,59,0,61,0,4,95,0,99,0,6,154,0,160,36,0,36,196
02/26/2010,SNS,CA,AWP,WE,Federal Contract Tower,0,2,11,0,13,0,4,9,0,13,0,6,20,0,26,0,0,0,26
02/27/2010,SNS,CA,AWP,WE,Federal Contract Tower,0,0,7,0,7,0,6,25,0,31,0,6,32,0,38,22,0,22,60
02/28/2010,SNS,CA,AWP,WE,Federal Contract Tower,0,0,36,0,36,0,5,108,0,113,0,5,144,0,149,122,0,122,271
03/01/2010,SNS,CA,AWP,WE,Federal Contract Tower,0,0,38,0,38,0,0,41,0,41,0,0,79,0,79,0,0,0,79
03/02/2010,SNS,CA,AWP,WE,Federal Contract Tower,0,3,32,0,35,0,0,25,0,25,0,3,57,0,60,0,0,0,60
03/03/2010,SNS,CA,AWP,WE,Federal Contract Tower,0,1,16,0,17,0,6,5,0,11,0,7,21,0,28,0,0,0,28
03/04/2010,SNS,CA,AWP,WE,Federal Contract Tower,0,0,38,0,38,0,4,78,0,82,0,4,116,0,120,70,0,70,190
03/05/2010,SNS,CA,AWP,WE,Federal Contract Tower,0,1,17,3,21,0,8,62,1,71,0,9,79,4,92,58,0,58,150
03/06/2010,SNS,CA,AWP,WE,Federal Contract Tower,0,0,15,0,15,0,2,76,0,78,0,2,91,0,93,64,0,64,157
03/07/2010,SNS,CA,AWP,WE,Federal Contract Tower,0,0,46,0,46,0,0,97,0,97,0,0,143,0,143,64,0,64,207
03/08/2010,SNS,CA,AWP,WE,Federal Contract Tower,0,0,13,0,13,0,2,36,0,38,0,2,49,0,51,52,0,52,103
03/09/2010,SNS,CA,AWP,WE,Federal Contract Tower,0,1,56,0,57,0,0,73,0,73,0,1,129,0,130,18,0,18,148
03/10/2010,SNS,CA,AWP,WE,Federal Contract Tower,0,0,32,0,32,0,4,50,0,54,0,4,82,0,86,30,0,30,116
03/11/2010,SNS,CA,AWP,WE,Federal Contract Tower,0,0,44,0,44,0,9,113,0,122,0,9,157,0,166,120,0,120,286
03/12/2010,SNS,CA,AWP,WE,Federal Contract Tower,0,0,30,0,30,0,0,37,0,37,0,0,67,0,67,8,0,8,75
03/13/2010,SNS,CA,AWP,WE,Federal Contract Tower,0,0,18,0,18,1,0,107,0,108,1,0,125,0,126,59,0,59,185
03/14/2010,SNS,CA,AWP,WE,Federal Contract Tower,0,0,44,0,44,0,2,113,0,115,0,2,157,0,159,86,0,86,245
03/15/2010,SNS,CA,AWP,WE,Federal Contract Tower,0,0,41,0,41,0,1,58,0,59,0,1,99,0,100,58,0,58,158
03/16/2010,SNS,CA,AWP,WE,Federal Contract Tower,0,2,58,0,60,0,3,130,0,133,0,5,188,0,193,106,8,114,307
03/17/2010,SNS,CA,AWP,WE,Federal Contract Tower,0,0,16,0,16,0,2,42,0,44,0,2,58,0,60,76,0,76,136
03/18/2010,SNS,CA,AWP,WE,Federal Contract Tower,0,0,19,0,19,0,6,54,0,60,0,6,73,0,79,60,0,60,139
03/19/2010,SNS,CA,AWP,WE,Federal Contract Tower,0,0,18,0,18,0,9,72,0,81,0,9,90,0,99,22,0,22,121
03/20/2010,SNS,CA,AWP,WE,Federal Contract Tower,0,0,17,0,17,0,5,151,0,156,0,5,168,0,173,101,0,101,274
03/21/2010,SNS,CA,AWP,WE,Federal Contract Tower,0,0,25,0,25,0,3,87,0,90,0,3,112,0,115,86,0,86,201
03/22/2010,SNS,CA,AWP,WE,Federal Contract Tower,0,0,42,0,42,0,0,95,0,95,0,0,137,0,137,62,0,62,199
03/23/2010,SNS,CA,AWP,WE,Federal Contract Tower,0,0,39,0,39,0,1,94,0,95,0,1,133,0,134,88,0,88,222
03/24/2010,SNS,CA,AWP,WE,Federal Contract Tower,0,0,31,0,31,0,5,93,0,98,0,5,124,0,129,46,0,46,175
03/25/2010,SNS,CA,AWP,WE,Federal Contract Tower,0,0,23,0,23,0,3,52,0,55,0,3,75,0,78,24,0,24,102
03/26/2010,SNS,CA,AWP,WE,Federal Contract Tower,0,0,18,0,18,0,0,66,0,66,0,0,84,0,84,30,0,30,114
03/27/2010,SNS,CA,AWP,WE,Federal Contract Tower,0,0,29,0,29,0,4,79,0,83,0,4,108,0,112,20,0,20,132
03/28/2010,SNS,CA,AWP,WE,Federal Contract Tower,0,0,27,0,27,0,3,139,0,142,0,3,166,0,169,100,0,100,269
03/29/2010,SNS,CA,AWP,WE,Federal Contract Tower,0,0,27,0,27,0,5,77,0,82,0,5,104,0,109,18,0,18,127
03/30/2010,SNS,CA,AWP,WE,Federal Contract Tower,0,1,19,0,20,0,0,44,0,44,0,1,63,0,64,10,0,10,74
03/31/2010,SNS,CA,AWP,WE,Federal Contract Tower,0,1,17,0,18,0,0,52,0,52,0,1,69,0,70,34,0,34,104
04/01/2010,SNS,CA,AWP,WE,Federal Contract Tower,0,10,24,0,34,0,3,62,0,65,0,13,86,0,99,38,0,38,137
04/02/2010,SNS,CA,AWP,WE,Federal Contract Tower,0,0,28,0,28,0,4,52,0,56,0,4,80,0,84,24,0,24,108
04/03/2010,SNS,CA,AWP,WE,Federal Contract Tower,0,0,16,0,16,0,5,78,0,83,0,5,94,0,99,2,0,2,101
04/04/2010,SNS,CA,AWP,WE,Federal Contract Tower,0,0,13,0,13,0,2,39,0,41,0,2,52,0,54,12,0,12,66
04/05/2010,SNS,CA,AWP,WE,Federal Contract Tower,0,0,28,0,28,0,2,58,0,60,0,2,86,0,88,56,0,56,144
04/06/2010,SNS,CA,AWP,WE,Federal Contract Tower,0,1,23,0,24,0,1,149,0,150,0,2,172,0,174,110,0,110,284
04/07/2010,SNS,CA,AWP,WE,Federal Contract Tower,0,0,26,0,26,0,1,111,0,112,0,1,137,0,138,92,0,92,230
04/08/2010,SNS,CA,AWP,WE,Federal Contract Tower,0,1,43,0,44,0,11,70,0,81,0,12,113,0,125,12,0,12,137
04/09/2010,SNS,CA,AWP,WE,Federal Contract Tower,0,0,12,0,12,0,9,73,0,82,0,9,85,0,94,54,0,54,148
04/10/2010,SNS,CA,AWP,WE,Federal Contract Tower,0,0,10,0,10,0,1,73,0,74,0,1,83,0,84,26,0,26,110
04/11/2010,SNS,CA,AWP,WE,Federal Contract Tower,0,0,12,0,12,0,2,27,0,29,0,2,39,0,41,0,0,0,41
04/12/2010,SNS,CA,AWP,WE,Federal Contract Tower,0,0,17,0,17,0,0,16,0,16,0,0,33,0,33,0,0,0,33
04/13/2010,SNS,CA,AWP,WE,Federal Contract Tower,0,1,19,0,20,0,1,80,0,81,0,2,99,0,101,10,0,10,111
04/14/2010,SNS,CA,AWP,WE,Federal Contract Tower,0,1,15,0,16,0,6,60,0,66,0,7,75,0,82,48,0,48,130
04/15/2010,SNS,CA,AWP,WE,Federal Contract Tower,0,2,16,0,18,0,12,76,0,88,0,14,92,0,106,64,0,64,170
04/16/2010,SNS,CA,AWP,WE,Federal Contract Tower,0,0,9,0,9,0,2,74,0,76,0,2,83,0,85,46,0,46,131
04/17/2010,SNS,CA,AWP,WE,Federal Contract Tower,0,0,29,0,29,0,0,0,0,0,0,0,29,0,29,74,0,74,103
04/18/2010,SNS,CA,AWP,WE,Federal Contract Tower,0,0,34,0,34,0,4,153,0,157,0,4,187,0,191,150,0,150,341
04/19/2010,SNS,CA,AWP,WE,Federal Contract Tower,0,0,44,0,44,0,3,106,0,109,0,3,150,0,153,2,0,2,155
04/20/2010,SNS,CA,AWP,WE,Federal Contract Tower,0,1,9,0,10,0,0,55,1,56,0,1,64,1,66,0,8,8,74
04/21/2010,SNS,CA,AWP,WE,Federal Contract Tower,0,10,16,0,26,0,7,24,0,31,0,17,40,0,57,0,0,0,57
04/22/2010,SNS,CA,AWP,WE,Federal Contract Tower,0,3,18,0,21,0,3,52,0,55,0,6,70,0,76,45,0,45,121
04/23/2010,SNS,CA,AWP,WE,Federal Contract Tower,0,0,24,0,24,0,1,97,0,98,0,1,121,0,122,54,0,54,176
04/24/2010,SNS,CA,AWP,WE,Federal Contract Tower,0,0,30,0,30,0,2,72,0,74,0,2,102,0,104,48,0,48,152
04/25/2010,SNS,CA,AWP,WE,Federal Contract Tower,0,0,40,0,40,0,2,181,0,183,0,2,221,0,223,190,0,190,413
04/26/2010,SNS,CA,AWP,WE,Federal Contract Tower,0,0,16,0,16,0,0,72,0,72,0,0,88,0,88,72,0,72,160
04/27/2010,SNS,CA,AWP,WE,Federal Contract Tower,0,1,21,0,22,0,0,14,0,14,0,1,35,0,36,8,0,8,44
04/28/2010,SNS,CA,AWP,WE,Federal Contract Tower,0,1,29,0,30,0,0,50,0,50,0,1,79,0,80,24,0,24,104
04/29/2010,SNS,CA,AWP,WE,Federal Contract Tower,0,1,10,2,13,0,0,70,0,70,0,1,80,2,83,44,0,44,127
04/30/2010,SNS,CA,AWP,WE,Federal Contract Tower,0,0,13,0,13,0,0,79,0,79,0,0,92,0,92,82,0,82,174
05/01/2010,SNS,CA,AWP,WE,Federal Contract Tower,0,0,23,0,23,0,1,63,2,66,0,1,86,2,89,20,0,20,109
05/02/2010,SNS,CA,AWP,WE,Federal Contract Tower,0,0,36,0,36,0,0,0,0,0,0,0,36,0,36,148,0,148,184
05/03/2010,SNS,CA,AWP,WE,Federal Contract Tower,0,1,32,0,33,0,1,109,0,110,0,2,141,0,143,80,0,80,223
05/04/2010,SNS,CA,AWP,WE,Federal Contract Tower,0,1,51,0,52,0,2,90,0,92,0,3,141,0,144,72,0,72,216
05/05/2010,SNS,CA,AWP,WE,Federal Contract Tower,0,1,22,0,23,0,3,75,0,78,0,4,97,0,101,24,0,24,125
05/06/2010,SNS,CA,AWP,WE,Federal Contract Tower,0,0,15,0,15,0,5,90,0,95,0,5,105,0,110,52,0,52,162
05/07/2010,SNS,CA,AWP,WE,Federal Contract Tower,0,0,32,0,32,0,0,79,0,79,0,0,111,0,111,40,0,40,151
05/08/2010,SNS,CA,AWP,WE,Federal Contract Tower,0,0,9,0,9,0,4,65,0,69,0,4,74,0,78,30,0,30,108
05/09/2010,SNS,CA,AWP,WE,Federal Contract Tower,0,0,11,0,11,0,2,61,0,63,0,2,72,0,74,4,0,4,78
05/10/2010,SNS,CA,AWP,WE,Federal Contract Tower,0,4,24,0,28,0,0,22,0,22,0,4,46,0,50,0,0,0,50
05/11/2010,SNS,CA,AWP,WE,Federal Contract Tower,0,1,21,0,22,0,0,76,0,76,0,1,97,0,98,22,0,22,120
05/12/2010,SNS,CA,AWP,WE,Federal Contract Tower,0,1,30,0,31,0,0,46,0,46,0,1,76,0,77,22,0,22,99
05/13/2010,SNS,CA,AWP,WE,Federal Contract Tower,0,1,17,0,18,0,5,70,0,75,0,6,87,0,93,28,0,28,121
05/14/2010,SNS,CA,AWP,WE,Federal Contract Tower,0,0,48,0,48,0,0,114,0,114,0,0,162,0,162,42,0,42,204
05/15/2010,SNS,CA,AWP,WE,Federal Contract Tower,0,0,19,0,19,0,0,92,0,92,0,0,111,0,111,40,0,40,151
05/16/2010,SNS,CA,AWP,WE,Federal Contract Tower,0,0,50,0,50,0,0,73,0,73,0,0,123,0,123,0,0,0,123
05/17/2010,SNS,CA,AWP,WE,Federal Contract Tower,0,1,24,0,25,0,1,14,0,15,0,2,38,0,40,6,0,6,46
05/18/2010,SNS,CA,AWP,WE,Federal Contract Tower,0,4,33,0,37,0,1,31,0,32,0,5,64,0,69,94,0,94,163
05/19/2010,SNS,CA,AWP,WE,Federal Contract Tower,0,1,13,0,14,0,1,147,0,148,0,2,160,0,162,88,0,88,250
05/20/2010,SNS,CA,AWP,WE,Federal Contract Tower,0,0,18,0,18,0,1,81,0,82,0,1,99,0,100,88,0,88,188
05/21/2010,SNS,CA,AWP,WE,Federal Contract Tower,0,0,21,0,21,0,8,62,0,70,0,8,83,0,91,36,0,36,127
05/22/2010,SNS,CA,AWP,WE,Federal Contract Tower,0,0,13,0,13,0,0,80,0,80,0,0,93,0,93,44,0,44,137
05/23/2010,SNS,CA,AWP,WE,Federal Contract Tower,0,0,12,0,12,0,2,72,0,74,0,2,84,0,86,28,0,28,114
05/24/2010,SNS,CA,AWP,WE,Federal Contract Tower,0,0,26,0,26,0,0,115,0,115,0,0,141,0,141,50,0,50,191
05/25/2010,SNS,CA,AWP,WE,Federal Contract Tower,0,1,25,0,26,0,0,71,0,71,0,1,96,0,97,8,0,8,105
05/26/2010,SNS,CA,AWP,WE,Federal Contract Tower,0,1,23,0,24,0,0,57,0,57,0,1,80,0,81,60,0,60,141
05/27/2010,SNS,CA,AWP,WE,Federal Contract Tower,0,1,20,0,21,0,3,39,0,42,0,4,59,0,63,2,0,2,65
05/28/2010,SNS,CA,AWP,WE,Federal Contract Tower,0,1,30,0,31,0,0,88,0,88,0,1,118,0,119,62,0,62,181
05/29/2010,SNS,CA,AWP,WE,Federal Contract Tower,0,0,17,0,17,0,2,104,0,106,0,2,121,0,123,24,0,24,147
05/30/2010,SNS,CA,AWP,WE,Federal Contract Tower,0,0,13,0,13,0,6,118,0,124,0,6,131,0,137,62,0,62,199
05/31/2010,SNS,CA,AWP,WE,Federal Contract Tower,0,0,23,0,23,0,3,80,0,83,0,3,103,0,106,64,0,64,170
06/01/2010,SNS,CA,AWP,WE,Federal Contract Tower,0,3,30,0,33,0,2,46,0,48,0,5,76,0,81,46,0,46,127
06/02/2010,SNS,CA,AWP,WE,Federal Contract Tower,0,1,24,0,25,0,4,87,0,91,0,5,111,0,116,82,0,82,198
06/03/2010,SNS,CA,AWP,WE,Federal Contract Tower,0,0,53,0,53,0,3,79,0,82,0,3,132,0,135,34,0,34,169
06/04/2010,SNS,CA,AWP,WE,Federal Contract Tower,0,1,92,2,95,0,0,14,0,14,0,1,106,2,109,73,0,73,182
06/05/2010,SNS,CA,AWP,WE,Federal Contract Tower,0,0,22,0,22,0,7,133,0,140,0,7,155,0,162,78,0,78,240
06/06/2010,SNS,CA,AWP,WE,Federal Contract Tower,0,0,21,2,23,0,0,152,0,152,0,0,173,2,175,120,0,120,295
06/07/2010,SNS,CA,AWP,WE,Federal Contract Tower,0,0,41,0,41,0,0,81,0,81,0,0,122,0,122,86,0,86,208
06/08/2010,SNS,CA,AWP,WE,Federal Contract Tower,0,0,36,0,36,0,3,106,0,109,0,3,142,0,145,112,0,112,257
06/09/2010,SNS,CA,AWP,WE,Federal Contract Tower,0,1,6,0,7,0,5,47,0,52,0,6,53,0,59,48,0,48,107
06/10/2010,SNS,CA,AWP,WE,Federal Contract Tower,0,0,23,0,23,0,5,64,0,69,0,5,87,0,92,102,0,102,194
06/11/2010,SNS,CA,AWP,WE,Federal Contract Tower,0,0,30,0,30,0,2,77,0,79,0,2,107,0,109,62,0,62,171
06/12/2010,SNS,CA,AWP,WE,Federal Contract Tower,0,0,15,0,15,0,3,78,0,81,0,3,93,0,96,72,0,72,168
06/13/2010,SNS,CA,AWP,WE,Federal Contract Tower,0,0,17,0,17,0,0,125,0,125,0,0,142,0,142,120,0,120,262
06/14/2010,SNS,CA,AWP,WE,Federal Contract Tower,0,0,51,0,51,0,3,70,0,73,0,3,121,0,124,82,0,82,206
06/15/2010,SNS,CA,AWP,WE,Federal Contract Tower,0,1,16,0,17,0,0,72,0,72,0,1,88,0,89,10,0,10,99
06/16/2010,SNS,CA,AWP,WE,Federal Contract Tower,0,0,31,1,32,0,4,121,0,125,0,4,152,1,157,110,0,110,267
06/17/2010,SNS,CA,AWP,WE,Federal Contract Tower,0,1,55,0,56,0,2,68,0,70,0,3,123,0,126,66,0,66,192
06/18/2010,SNS,CA,AWP,WE,Federal Contract Tower,0,0,24,0,24,0,2,50,0,52,0,2,74,0,76,0,0,0,76
06/19/2010,SNS,CA,AWP,WE,Federal Contract Tower,0,7,13,0,20,0,6,56,0,62,0,13,69,0,82,48,0,48,130
06/20/2010,SNS,CA,AWP,WE,Federal Contract Tower,0,0,19,0,19,0,3,146,0,149,0,3,165,0,168,112,0,112,280
06/21/2010,SNS,CA,AWP,WE,Federal Contract Tower,0,0,11,0,11,0,0,75,0,75,0,0,86,0,86,24,0,24,110
06/22/2010,SNS,CA,AWP,WE,Federal Contract Tower,0,1,42,0,43,0,5,49,0,54,0,6,91,0,97,30,0,30,127
06/23/2010,SNS,CA,AWP,WE,Federal Contract Tower,0,0,57,0,57,0,0,78,0,78,0,0,135,0,135,64,0,64,199
06/24/2010,SNS,CA,AWP,WE,Federal Contract Tower,0,0,47,0,47,0,6,43,0,49,0,6,90,0,96,82,0,82,178
06/25/2010,SNS,CA,AWP,WE,Federal Contract Tower,0,1,34,0,35,0,0,47,1,48,0,1,81,1,83,68,0,68,151
06/26/2010,SNS,CA,AWP,WE,Federal Contract Tower,0,0,33,0,33,0,0,33,4,37,0,0,66,4,70,14,0,14,84
06/27/2010,SNS,CA,AWP,WE,Federal Contract Tower,0,0,0,0,0,0,4,79,0,83,0,4,79,0,83,108,0,108,191
06/28/2010,SNS,CA,AWP,WE,Federal Contract Tower,0,0,20,0,20,0,0,60,0,60,0,0,80,0,80,46,0,46,126
06/29/2010,SNS,CA,AWP,WE,Federal Contract Tower,0,4,40,0,44,0,0,94,0,94,0,4,134,0,138,74,0,74,212
06/30/2010,SNS,CA,AWP,WE,Federal Contract Tower,0,9,62,0,71,0,0,99,0,99,0,9,161,0,170,102,0,102,272
07/01/2010,SNS,CA,AWP,WE,Federal Contract Tower,0,0,15,0,15,0,0,73,0,73,0,0,88,0,88,64,0,64,152
07/02/2010,SNS,CA,AWP,WE,Federal Contract Tower,0,0,23,0,23,0,2,53,0,55,0,2,76,0,78,16,0,16,94
07/03/2010,SNS,CA,AWP,WE,Federal Contract Tower,0,0,22,0,22,0,5,36,0,41,0,5,58,0,63,16,0,16,79
07/04/2010,SNS,CA,AWP,WE,Federal Contract Tower,0,0,22,0,22,0,2,40,0,42,0,2,62,0,64,8,0,8,72
07/05/2010,SNS,CA,AWP,WE,Federal Contract Tower,0,3,36,0,39,0,0,28,0,28,0,3,64,0,67,8,0,8,75
07/06/2010,SNS,CA,AWP,WE,Federal Contract Tower,0,1,40,0,41,0,0,35,0,35,0,1,75,0,76,22,0,22,98
07/07/2010,SNS,CA,AWP,WE,Federal Contract Tower,0,1,42,0,43,0,0,36,0,36,0,1,78,0,79,22,0,22,101
07/08/2010,SNS,CA,AWP,WE,Federal Contract Tower,0,0,55,0,55,0,0,24,0,24,0,0,79,0,79,14,0,14,93
07/09/2010,SNS,CA,AWP,WE,Federal Contract Tower,0,0,44,0,44,0,0,42,0,42,0,0,86,0,86,32,0,32,118
07/10/2010,SNS,CA,AWP,WE,Federal Contract Tower,0,0,37,0,37,0,2,64,0,66,0,2,101,0,103,46,0,46,149
07/11/2010,SNS,CA,AWP,WE,Federal Contract Tower,0,0,50,0,50,0,0,48,0,48,0,0,98,0,98,28,0,28,126
07/12/2010,SNS,CA,AWP,WE,Federal Contract Tower,0,0,80,2,82,0,0,45,0,45,0,0,125,2,127,42,0,42,169
07/13/2010,SNS,CA,AWP,WE,Federal Contract Tower,0,1,19,0,20,0,0,50,0,50,0,1,69,0,70,66,0,66,136
07/14/2010,SNS,CA,AWP,WE,Federal Contract Tower,0,1,25,0,26,0,0,88,0,88,0,1,113,0,114,70,0,70,184
07/15/2010,SNS,CA,AWP,WE,Federal Contract Tower,0,0,24,2,26,0,5,70,2,77,0,5,94,4,103,84,0,84,187
07/16/2010,SNS,CA,AWP,WE,Federal Contract Tower,0,3,41,0,44,0,0,71,6,77,0,3,112,6,121,42,0,42,163
07/17/2010,SNS,CA,AWP,WE,Federal Contract Tower,0,1,33,0,34,0,0,61,8,69,0,1,94,8,103,66,0,66,169
07/18/2010,SNS,CA,AWP,WE,Federal Contract Tower,0,2,42,0,44,0,0,81,8,89,0,2,123,8,133,4,0,4,137
07/19/2010,SNS,CA,AWP,WE,Federal Contract Tower,0,1,42,0,43,0,0,86,6,92,0,1,128,6,135,52,0,52,187
07/20/2010,SNS,CA,AWP,WE,Federal Contract Tower,0,1,50,0,51,0,0,61,1,62,0,1,111,1,113,16,0,16,129
07/21/2010,SNS,CA,AWP,WE,Federal Contract Tower,0,1,47,0,48,0,0,67,0,67,0,1,114,0,115,14,0,14,129
07/22/2010,SNS,CA,AWP,WE,Federal Contract Tower,0,4,45,0,49,0,1,44,0,45,0,5,89,0,94,48,0,48,142
07/23/2010,SNS,CA,AWP,WE,Federal Contract Tower,0,0,35,0,35,0,0,56,0,56,0,0,91,0,91,18,0,18,109
07/24/2010,SNS,CA,AWP,WE,Federal Contract Tower,0,0,28,0,28,0,0,44,0,44,0,0,72,0,72,48,0,48,120
07/25/2010,SNS,CA,AWP,WE,Federal Contract Tower,0,0,70,0,70,0,0,88,0,88,0,0,158,0,158,0,0,0,158
07/26/2010,SNS,CA,AWP,WE,Federal Contract Tower,0,1,36,0,37,0,0,80,0,80,0,1,116,0,117,38,0,38,155
07/27/2010,SNS,CA,AWP,WE,Federal Contract Tower,0,1,36,0,37,0,0,69,0,69,0,1,105,0,106,22,0,22,128
07/28/2010,SNS,CA,AWP,WE,Federal Contract Tower,0,1,43,0,44,0,0,86,0,86,0,1,129,0,130,44,0,44,174
07/29/2010,SNS,CA,AWP,WE,Federal Contract Tower,0,1,26,0,27,0,2,39,0,41,0,3,65,0,68,30,0,30,98
07/30/2010,SNS,CA,AWP,WE,Federal Contract Tower,0,0,31,0,31,0,0,43,0,43,0,0,74,0,74,34,0,34,108
07/31/2010,SNS,CA,AWP,WE,Federal Contract Tower,0,0,29,0,29,0,0,57,0,57,0,0,86,0,86,14,0,14,100
08/01/2010,SNS,CA,AWP,WE,Federal Contract Tower,0,0,47,0,47,0,0,90,0,90,0,0,137,0,137,28,0,28,165
08/02/2010,SNS,CA,AWP,WE,Federal Contract Tower,0,0,33,0,33,0,0,104,0,104,0,0,137,0,137,4,0,4,141
08/03/2010,SNS,CA,AWP,WE,Federal Contract Tower,0,1,41,0,42,0,0,65,0,65,0,1,106,0,107,18,0,18,125
08/04/2010,SNS,CA,AWP,WE,Federal Contract Tower,0,2,79,0,81,0,0,75,0,75,0,2,154,0,156,22,0,22,178
08/05/2010,SNS,CA,AWP,WE,Federal Contract Tower,0,0,37,0,37,0,1,49,0,50,0,1,86,0,87,28,0,28,115
08/06/2010,SNS,CA,AWP,WE,Federal Contract Tower,0,0,46,0,46,0,0,65,0,65,0,0,111,0,111,40,0,40,151
08/07/2010,SNS,CA,AWP,WE,Federal Contract Tower,0,0,55,0,55,0,0,22,0,22,0,0,77,0,77,46,0,46,123
08/08/2010,SNS,CA,AWP,WE,Federal Contract Tower,0,0,33,0,33,0,0,115,0,115,0,0,148,0,148,72,0,72,220
08/09/2010,SNS,CA,AWP,WE,Federal Contract Tower,0,0,27,0,27,0,0,105,0,105,0,0,132,0,132,46,0,46,178
08/10/2010,SNS,CA,AWP,WE,Federal Contract Tower,0,1,46,0,47,0,0,59,0,59,0,1,105,0,106,0,0,0,106
08/11/2010,SNS,CA,AWP,WE,Federal Contract Tower,0,1,33,0,34,0,0,45,0,45,0,1,78,0,79,36,0,36,115
08/12/2010,SNS,CA,AWP,WE,Federal Contract Tower,0,2,58,0,60,0,1,29,0,30,0,3,87,0,90,50,0,50,140
08/13/2010,SNS,CA,AWP,WE,Federal Contract Tower,0,0,70,0,70,0,0,36,0,36,0,0,106,0,106,32,0,32,138
08/14/2010,SNS,CA,AWP,WE,Federal Contract Tower,0,0,30,0,30,0,3,49,0,52,0,3,79,0,82,60,0,60,142
08/15/2010,SNS,CA,AWP,WE,Federal Contract Tower,0,0,32,0,32,0,1,39,0,40,0,1,71,0,72,18,0,18,90
08/16/2010,SNS,CA,AWP,WE,Federal Contract Tower,0,0,22,0,22,0,3,77,0,80,0,3,99,0,102,94,0,94,196
08/17/2010,SNS,CA,AWP,WE,Federal Contract Tower,0,4,67,0,71,0,1,45,0,46,0,5,112,0,117,26,0,26,143
08/18/2010,SNS,CA,AWP,WE,Federal Contract Tower,0,3,35,0,38,0,1,42,0,43,0,4,77,0,81,22,0,22,103
08/19/2010,SNS,CA,AWP,WE,Federal Contract Tower,0,4,39,0,43,0,2,51,0,53,0,6,90,0,96,52,0,52,148
08/20/2010,SNS,CA,AWP,WE,Federal Contract Tower,0,1,28,0,29,0,0,44,0,44,0,1,72,0,73,68,0,68,141
08/21/2010,SNS,CA,AWP,WE,Federal Contract Tower,0,0,14,0,14,0,1,47,0,48,0,1,61,0,62,6,0,6,68
08/22/2010,SNS,CA,AWP,WE,Federal Contract Tower,0,0,12,0,12,0,0,125,0,125,0,0,137,0,137,64,0,64,201
08/23/2010,SNS,CA,AWP,WE,Federal Contract Tower,0,0,22,0,22,0,1,84,0,85,0,1,106,0,107,42,0,42,149
08/24/2010,SNS,CA,AWP,WE,Federal Contract Tower,0,0,14,0,14,0,1,119,0,120,0,1,133,0,134,48,0,48,182
08/25/2010,SNS,CA,AWP,WE,Federal Contract Tower,0,3,37,0,40,0,0,105,0,105,0,3,142,0,145,34,0,34,179
08/26/2010,SNS,CA,AWP,WE,Federal Contract Tower,0,0,40,0,40,0,1,41,0,42,0,1,81,0,82,60,0,60,142
08/27/2010,SNS,CA,AWP,WE,Federal Contract Tower,0,2,35,0,37,0,0,65,0,65,0,2,100,0,102,36,0,36,138
08/28/2010,SNS,CA,AWP,WE,Federal Contract Tower,0,0,8,0,8,0,6,63,0,69,0,6,71,0,77,10,0,10,87
08/29/2010,SNS,CA,AWP,WE,Federal Contract Tower,0,0,30,0,30,0,2,114,0,116,0,2,144,0,146,26,0,26,172
08/30/2010,SNS,CA,AWP,WE,Federal Contract Tower,0,0,34,0,34,0,0,106,0,106,0,0,140,0,140,32,0,32,172
08/31/2010,SNS,CA,AWP,WE,Federal Contract Tower,0,0,45,0,45,0,4,47,0,51,0,4,92,0,96,34,0,34,130
09/01/2010,SNS,CA,AWP,WE,Federal Contract Tower,0,0,28,0,28,0,1,114,0,115,0,1,142,0,143,82,0,82,225
09/02/2010,SNS,CA,AWP,WE,Federal Contract Tower,0,0,21,0,21,0,3,91,0,94,0,3,112,0,115,80,0,80,195
09/03/2010,SNS,CA,AWP,WE,Federal Contract Tower,0,0,30,0,30,0,2,66,0,68,0,2,96,0,98,10,0,10,108
09/04/2010,SNS,CA,AWP,WE,Federal Contract Tower,0,0,18,0,18,0,0,38,0,38,0,0,56,0,56,6,0,6,62
09/05/2010,SNS,CA,AWP,WE,Federal Contract Tower,0,0,36,0,36,0,0,55,0,55,0,0,91,0,91,22,0,22,113
09/06/2010,SNS,CA,AWP,WE,Federal Contract Tower,0,0,31,0,31,0,0,111,0,111,0,0,142,0,142,126,0,126,268
09/07/2010,SNS,CA,AWP,WE,Federal Contract Tower,0,1,58,0,59,0,0,30,0,30,0,1,88,0,89,8,0,8,97
09/08/2010,SNS,CA,AWP,WE,Federal Contract Tower,0,1,51,0,52,0,0,45,0,45,0,1,96,0,97,42,0,42,139
09/09/2010,SNS,CA,AWP,WE,Federal Contract Tower,0,0,22,0,22,0,10,73,0,83,0,10,95,0,105,52,0,52,157
09/10/2010,SNS,CA,AWP,WE,Federal Contract Tower,0,0,25,0,25,0,3,54,0,57,0,3,79,0,82,18,0,18,100
09/11/2010,SNS,CA,AWP,WE,Federal Contract Tower,0,0,19,0,19,0,0,67,0,67,0,0,86,0,86,20,0,20,106
09/12/2010,SNS,CA,AWP,WE,Federal Contract Tower,0,0,42,0,42,0,2,56,0,58,0,2,98,0,100,52,0,52,152
09/13/2010,SNS,CA,AWP,WE,Federal Contract Tower,0,0,40,0,40,0,1,61,0,62,0,1,101,0,102,58,0,58,160
09/14/2010,SNS,CA,AWP,WE,Federal Contract Tower,0,0,44,0,44,0,2,74,0,76,0,2,118,0,120,38,0,38,158
09/15/2010,SNS,CA,AWP,WE,Federal Contract Tower,0,2,53,0,55,0,9,78,0,87,0,11,131,0,142,18,0,18,160
09/16/2010,SNS,CA,AWP,WE,Federal Contract Tower,0,0,45,0,45,0,1,75,0,76,0,1,120,0,121,32,0,32,153
09/17/2010,SNS,CA,AWP,WE,Federal Contract Tower,0,0,30,0,30,0,0,40,0,40,0,0,70,0,70,8,0,8,78
09/18/2010,SNS,CA,AWP,WE,Federal Contract Tower,0,0,20,0,20,0,0,39,0,39,0,0,59,0,59,0,0,0,59
09/19/2010,SNS,CA,AWP,WE,Federal Contract Tower,0,0,11,0,11,0,3,80,0,83,0,3,91,0,94,36,0,36,130
09/20/2010,SNS,CA,AWP,WE,Federal Contract Tower,0,0,13,0,13,0,0,79,2,81,0,0,92,2,94,10,0,10,104
09/21/2010,SNS,CA,AWP,WE,Federal Contract Tower,0,0,33,0,33,0,3,46,0,49,0,3,79,0,82,30,0,30,112
09/22/2010,SNS,CA,AWP,WE,Federal Contract Tower,0,0,21,0,21,0,1,96,0,97,0,1,117,0,118,32,0,32,150
09/23/2010,SNS,CA,AWP,WE,Federal Contract Tower,0,4,10,2,16,0,0,60,0,60,0,4,70,2,76,16,0,16,92
09/24/2010,SNS,CA,AWP,WE,Federal Contract Tower,0,0,17,4,21,0,0,0,0,0,0,0,17,4,21,34,0,34,55
09/25/2010,SNS,CA,AWP,WE,Federal Contract Tower,0,0,17,0,17,0,4,107,0,111,0,4,124,0,128,22,0,22,150
09/26/2010,SNS,CA,AWP,WE,Federal Contract Tower,0,0,11,0,11,0,1,91,0,92,0,1,102,0,103,58,0,58,161
09/27/2010,SNS,CA,AWP,WE,Federal Contract Tower,0,0,9,0,9,0,0,57,0,57,0,0,66,0,66,26,0,26,92
09/28/2010,SNS,CA,AWP,WE,Federal Contract Tower,0,0,29,0,29,0,2,128,0,130,0,2,157,0,159,68,0,68,227
09/29/2010,SNS,CA,AWP,WE,Federal Contract Tower,0,0,11,2,13,0,0,111,0,111,0,0,122,2,124,28,0,28,152
09/30/2010,SNS,CA,AWP,WE,Federal Contract Tower,0,1,12,0,13,0,4,80,2,86,0,5,92,2,99,0,0,0,99
10/01/2010,SNS,CA,AWP,WE,Federal Contract Tower,0,0,47,4,51,0,0,29,12,41,0,0,76,16,92,20,40,60,152
10/02/2010,SNS,CA,AWP,WE,Federal Contract Tower,0,2,0,0,2,0,2,87,12,101,0,4,87,12,103,42,40,82,185
10/03/2010,SNS,CA,AWP,WE,Federal Contract Tower,0,2,31,7,40,0,3,118,12,133,0,5,149,19,173,40,42,82,255
10/04/2010,SNS,CA,AWP,WE,Federal Contract Tower,0,1,14,1,16,0,1,51,0,52,0,2,65,1,68,26,0,26,94
10/05/2010,SNS,CA,AWP,WE,Federal Contract Tower,0,0,18,1,19,0,2,85,2,89,0,2,103,3,108,0,0,0,108
10/06/2010,SNS,CA,AWP,WE,Federal Contract Tower,0,1,28,0,29,0,4,129,0,133,0,5,157,0,162,22,0,22,184
10/07/2010,SNS,CA,AWP,WE,Federal Contract Tower,0,0,20,1,21,0,0,130,1,131,0,0,150,2,152,96,0,96,248
10/08/2010,SNS,CA,AWP,WE,Federal Contract Tower,0,0,35,0,35,0,4,93,0,97,0,4,128,0,132,72,0,72,204
10/09/2010,SNS,CA,AWP,WE,Federal Contract Tower,0,0,16,0,16,0,4,84,0,88,0,4,100,0,104,18,0,18,122
10/10/2010,SNS,CA,AWP,WE,Federal Contract Tower,0,0,31,0,31,0,7,121,0,128,0,7,152,0,159,72,0,72,231
10/11/2010,SNS,CA,AWP,WE,Federal Contract Tower,0,2,32,0,34,0,0,82,0,82,0,2,114,0,116,34,0,34,150
10/12/2010,SNS,CA,AWP,WE,Federal Contract Tower,0,0,20,0,20,0,4,130,0,134,0,4,150,0,154,36,0,36,190
10/13/2010,SNS,CA,AWP,WE,Federal Contract Tower,0,0,31,0,31,0,1,135,0,136,0,1,166,0,167,64,0,64,231
10/14/2010,SNS,CA,AWP,WE,Federal Contract Tower,0,2,27,0,29,0,3,48,0,51,0,5,75,0,80,22,0,22,102
10/15/2010,SNS,CA,AWP,WE,Federal Contract Tower,0,0,36,0,36,0,1,24,0,25,0,1,60,0,61,38,0,38,99
10/16/2010,SNS,CA,AWP,WE,Federal Contract Tower,0,1,20,0,21,0,0,148,0,148,0,1,168,0,169,48,0,48,217
10/17/2010,SNS,CA,AWP,WE,Federal Contract Tower,0,0,15,0,15,0,2,79,0,81,0,2,94,0,96,18,0,18,114
10/18/2010,SNS,CA,AWP,WE,Federal Contract Tower,0,0,11,1,12,0,0,103,1,104,0,0,114,2,116,52,2,54,170
10/19/2010,SNS,CA,AWP,WE,Federal Contract Tower,0,2,67,0,69,0,0,119,0,119,0,2,186,0,188,94,0,94,282
10/20/2010,SNS,CA,AWP,WE,Federal Contract Tower,0,1,57,0,58,0,0,73,0,73,0,1,130,0,131,56,0,56,187
10/21/2010,SNS,CA,AWP,WE,Federal Contract Tower,0,0,24,0,24,0,3,77,0,80,0,3,101,0,104,40,0,40,144
10/22/2010,SNS,CA,AWP,WE,Federal Contract Tower,0,4,38,0,42,0,2,42,0,44,0,6,80,0,86,8,0,8,94
10/23/2010,SNS,CA,AWP,WE,Federal Contract Tower,0,0,26,0,26,0,2,74,0,76,0,2,100,0,102,28,0,28,130
10/24/2010,SNS,CA,AWP,WE,Federal Contract Tower,0,0,20,0,20,0,0,49,0,49,0,0,69,0,69,0,0,0,69
10/25/2010,SNS,CA,AWP,WE,Federal Contract Tower,0,0,39,0,39,0,3,100,0,103,0,3,139,0,142,42,0,42,184
10/26/2010,SNS,CA,AWP,WE,Federal Contract Tower,0,6,27,4,37,0,3,151,0,154,0,9,178,4,191,58,0,58,249
10/27/2010,SNS,CA,AWP,WE,Federal Contract Tower,0,1,29,0,30,0,0,125,0,125,0,1,154,0,155,40,0,40,195
10/28/2010,SNS,CA,AWP,WE,Federal Contract Tower,0,2,37,0,39,0,0,0,0,0,0,2,37,0,39,60,0,60,99
10/29/2010,SNS,CA,AWP,WE,Federal Contract Tower,0,0,25,0,25,0,4,48,0,52,0,4,73,0,77,14,0,14,91
10/30/2010,SNS,CA,AWP,WE,Federal Contract Tower,0,0,34,0,34,0,3,82,0,85,0,3,116,0,119,30,0,30,149
10/31/2010,SNS,CA,AWP,WE,Federal Contract Tower,0,0,20,0,20,0,2,125,0,127,0,2,145,0,147,90,0,90,237
11/01/2010,SNS,CA,AWP,WE,Federal Contract Tower,0,0,10,0,10,0,0,110,0,110,0,0,120,0,120,74,0,74,194
11/02/2010,SNS,CA,AWP,WE,Federal Contract Tower,0,0,23,2,25,0,0,129,0,129,0,0,152,2,154,44,2,46,200
11/03/2010,SNS,CA,AWP,WE,Federal Contract Tower,0,1,53,0,54,0,0,167,0,167,0,1,220,0,221,52,0,52,273
11/04/2010,SNS,CA,AWP,WE,Federal Contract Tower,0,1,15,0,16,0,0,108,0,108,0,1,123,0,124,102,0,102,226
11/05/2010,SNS,CA,AWP,WE,Federal Contract Tower,0,0,28,0,28,0,3,69,0,72,0,3,97,0,100,64,0,64,164
11/06/2010,SNS,CA,AWP,WE,Federal Contract Tower,0,0,26,0,26,0,0,83,0,83,0,0,109,0,109,60,0,60,169
11/07/2010,SNS,CA,AWP,WE,Federal Contract Tower,0,2,12,0,14,0,0,26,0,26,0,2,38,0,40,0,0,0,40
11/08/2010,SNS,CA,AWP,WE,Federal Contract Tower,0,0,26,0,26,0,0,95,0,95,0,0,121,0,121,56,0,56,177
11/09/2010,SNS,CA,AWP,WE,Federal Contract Tower,0,0,40,2,42,0,7,114,0,121,0,7,154,2,163,74,0,74,237
11/10/2010,SNS,CA,AWP,WE,Federal Contract Tower,0,1,13,0,14,0,2,80,0,82,0,3,93,0,96,51,0,51,147
11/11/2010,SNS,CA,AWP,WE,Federal Contract Tower,0,2,24,0,26,0,6,118,0,124,0,8,142,0,150,96,0,96,246
11/12/2010,SNS,CA,AWP,WE,Federal Contract Tower,0,0,10,0,10,0,5,84,0,89,0,5,94,0,99,72,0,72,171
11/13/2010,SNS,CA,AWP,WE,Federal Contract Tower,0,0,28,0,28,0,2,77,0,79,0,2,105,0,107,110,0,110,217
11/14/2010,SNS,CA,AWP,WE,Federal Contract Tower,0,0,32,0,32,0,2,101,0,103,0,2,133,0,135,66,0,66,201
11/15/2010,SNS,CA,AWP,WE,Federal Contract Tower,0,0,23,6,29,0,1,124,0,125,0,1,147,6,154,30,0,30,184
11/16/2010,SNS,CA,AWP,WE,Federal Contract Tower,0,0,31,0,31,0,3,141,0,144,0,3,172,0,175,36,0,36,211
11/17/2010,SNS,CA,AWP,WE,Federal Contract Tower,0,1,22,2,25,0,9,110,0,119,0,10,132,2,144,60,0,60,204
11/18/2010,SNS,CA,AWP,WE,Federal Contract Tower,0,6,71,2,79,0,0,38,0,38,0,6,109,2,117,0,0,0,117
11/19/2010,SNS,CA,AWP,WE,Federal Contract Tower,0,2,32,2,36,0,3,35,0,38,0,5,67,2,74,16,0,16,90
11/20/2010,SNS,CA,AWP,WE,Federal Contract Tower,0,0,23,0,23,0,1,44,2,47,0,1,67,2,70,56,0,56,126
11/21/2010,SNS,CA,AWP,WE,Federal Contract Tower,0,0,7,0,7,0,2,31,0,33,0,2,38,0,40,0,0,0,40
11/22/2010,SNS,CA,AWP,WE,Federal Contract Tower,0,0,32,0,32,0,4,103,0,107,0,4,135,0,139,46,0,46,185
11/23/2010,SNS,CA,AWP,WE,Federal Contract Tower,0,0,67,0,67,0,0,25,0,25,0,0,92,0,92,20,0,20,112
11/24/2010,SNS,CA,AWP,WE,Federal Contract Tower,0,1,48,0,49,0,2,117,0,119,0,3,165,0,168,0,0,0,168
11/25/2010,SNS,CA,AWP,WE,Federal Contract Tower,0,0,13,0,13,0,0,49,0,49,0,0,62,0,62,8,0,8,70
11/26/2010,SNS,CA,AWP,WE,Federal Contract Tower,0,0,15,0,15,0,2,137,0,139,0,2,152,0,154,64,0,64,218
11/27/2010,SNS,CA,AWP,WE,Federal Contract Tower,0,0,7,0,7,0,2,4,0,6,0,2,11,0,13,0,0,0,13
11/28/2010,SNS,CA,AWP,WE,Federal Contract Tower,0,0,28,0,28,0,3,76,0,79,0,3,104,0,107,70,0,70,177
11/29/2010,SNS,CA,AWP,WE,Federal Contract Tower,0,0,20,0,20,0,3,62,0,65,0,3,82,0,85,28,0,28,113
11/30/2010,SNS,CA,AWP,WE,Federal Contract Tower,0,0,48,0,48,0,2,80,0,82,0,2,128,0,130,96,0,96,226
12/01/2010,SNS,CA,AWP,WE,Federal Contract Tower,0,1,23,0,24,0,2,120,0,122,0,3,143,0,146,34,0,34,180
12/02/2010,SNS,CA,AWP,WE,Federal Contract Tower,0,1,20,2,23,0,0,108,0,108,0,1,128,2,131,18,0,18,149
12/03/2010,SNS,CA,AWP,WE,Federal Contract Tower,0,0,49,0,49,0,2,93,0,95,0,2,142,0,144,32,0,32,176
12/04/2010,SNS,CA,AWP,WE,Federal Contract Tower,0,0,17,0,17,0,0,49,0,49,0,0,66,0,66,38,0,38,104
12/05/2010,SNS,CA,AWP,WE,Federal Contract Tower,0,0,11,0,11,0,0,23,0,23,0,0,34,0,34,2,0,2,36
12/06/2010,SNS,CA,AWP,WE,Federal Contract Tower,0,2,34,0,36,0,1,76,0,77,0,3,110,0,113,20,4,24,137
12/07/2010,SNS,CA,AWP,WE,Federal Contract Tower,0,0,39,0,39,0,1,141,0,142,0,1,180,0,181,40,0,40,221
12/08/2010,SNS,CA,AWP,WE,Federal Contract Tower,0,1,25,0,26,0,0,100,0,100,0,1,125,0,126,30,0,30,156
12/09/2010,SNS,CA,AWP,WE,Federal Contract Tower,0,1,29,0,30,0,2,91,0,93,0,3,120,0,123,28,0,28,151
12/10/2010,SNS,CA,AWP,WE,Federal Contract Tower,0,0,36,0,36,0,4,21,0,25,0,4,57,0,61,0,0,0,61
12/11/2010,SNS,CA,AWP,WE,Federal Contract Tower,0,0,28,0,28,0,4,55,0,59,0,4,83,0,87,38,0,38,125
12/12/2010,SNS,CA,AWP,WE,Federal Contract Tower,0,0,58,0,58,0,2,135,0,137,0,2,193,0,195,60,0,60,255
12/13/2010,SNS,CA,AWP,WE,Federal Contract Tower,0,0,71,0,71,0,2,94,0,96,0,2,165,0,167,32,0,32,199
12/14/2010,SNS,CA,AWP,WE,Federal Contract Tower,0,0,64,0,64,0,0,2,0,2,0,0,66,0,66,0,0,0,66
12/15/2010,SNS,CA,AWP,WE,Federal Contract Tower,0,1,26,0,27,0,0,90,0,90,0,1,116,0,117,68,0,68,185
12/16/2010,SNS,CA,AWP,WE,Federal Contract Tower,0,1,43,0,44,0,4,118,0,122,0,5,161,0,166,52,0,52,218
12/17/2010,SNS,CA,AWP,WE,Federal Contract Tower,0,0,17,0,17,0,2,12,0,14,0,2,29,0,31,0,0,0,31
12/18/2010,SNS,CA,AWP,WE,Federal Contract Tower,0,0,16,0,16,0,1,6,0,7,0,1,22,0,23,10,0,10,33
12/19/2010,SNS,CA,AWP,WE,Federal Contract Tower,0,0,4,0,4,0,3,0,0,3,0,3,4,0,7,0,0,0,7
12/20/2010,SNS,CA,AWP,WE,Federal Contract Tower,0,0,16,0,16,0,2,17,0,19,0,2,33,0,35,56,0,56,91
12/21/2010,SNS,CA,AWP,WE,Federal Contract Tower,0,0,57,0,57,0,3,65,0,68,0,3,122,0,125,4,0,4,129
12/22/2010,SNS,CA,AWP,WE,Federal Contract Tower,0,1,26,0,27,0,1,35,0,36,0,2,61,0,63,24,0,24,87
12/23/2010,SNS,CA,AWP,WE,Federal Contract Tower,0,1,32,0,33,0,2,118,0,120,0,3,150,0,153,46,0,46,199
12/24/2010,SNS,CA,AWP,WE,Federal Contract Tower,0,0,22,0,22,0,3,49,0,52,0,3,71,0,74,56,0,56,130
12/25/2010,SNS,CA,AWP,WE,Federal Contract Tower,0,0,0,0,0,0,2,1,0,3,0,2,1,0,3,2,0,2,5
12/26/2010,SNS,CA,AWP,WE,Federal Contract Tower,0,0,9,0,9,0,0,99,0,99,0,0,108,0,108,36,0,36,144
12/27/2010,SNS,CA,AWP,WE,Federal Contract Tower,0,1,84,0,85,0,0,61,0,61,0,1,145,0,146,2,0,2,148
12/28/2010,SNS,CA,AWP,WE,Federal Contract Tower,0,0,23,0,23,0,0,78,0,78,0,0,101,0,101,0,8,8,109
12/29/2010,SNS,CA,AWP,WE,Federal Contract Tower,0,1,21,0,22,0,0,30,0,30,0,1,51,0,52,8,0,8,60
12/30/2010,SNS,CA,AWP,WE,Federal Contract Tower,0,1,35,0,36,0,0,111,0,111,0,1,146,0,147,54,0,54,201
12/31/2010,SNS,CA,AWP,WE,Federal Contract Tower,0,1,29,0,30,0,0,74,0,74,0,1,103,0,104,64,0,64,168
01/01/2011,SNS,CA,AWP,WE,Federal Contract Tower,0,0,9,0,9,0,2,4,0,6,0,2,13,0,15,0,0,0,15
01/02/2011,SNS,CA,AWP,WE,Federal Contract Tower,0,0,10,0,10,0,2,8,0,10,0,2,18,0,20,0,0,0,20
01/03/2011,SNS,CA,AWP,WE,Federal Contract Tower,0,0,34,2,36,0,0,105,0,105,0,0,139,2,141,42,0,42,183
01/04/2011,SNS,CA,AWP,WE,Federal Contract Tower,0,4,38,0,42,0,4,100,0,104,0,8,138,0,146,10,0,10,156
01/05/2011,SNS,CA,AWP,WE,Federal Contract Tower,0,1,18,0,19,0,5,89,0,94,0,6,107,0,113,56,0,56,169
01/06/2011,SNS,CA,AWP,WE,Federal Contract Tower,0,1,18,0,19,0,0,77,0,77,0,1,95,0,96,40,0,40,136
01/07/2011,SNS,CA,AWP,WE,Federal Contract Tower,0,0,34,0,34,0,0,72,0,72,0,0,106,0,106,28,0,28,134
01/08/2011,SNS,CA,AWP,WE,Federal Contract Tower,0,0,26,0,26,0,0,55,0,55,0,0,81,0,81,88,0,88,169
01/09/2011,SNS,CA,AWP,WE,Federal Contract Tower,0,0,8,0,8,0,0,97,0,97,0,0,105,0,105,34,0,34,139
01/10/2011,SNS,CA,AWP,WE,Federal Contract Tower,0,0,32,0,32,0,0,87,0,87,0,0,119,0,119,44,0,44,163
01/11/2011,SNS,CA,AWP,WE,Federal Contract Tower,0,0,19,0,19,0,0,88,0,88,0,0,107,0,107,32,0,32,139
01/12/2011,SNS,CA,AWP,WE,Federal Contract Tower,0,1,36,2,39,0,2,78,0,80,0,3,114,2,119,28,0,28,147
01/13/2011,SNS,CA,AWP,WE,Federal Contract Tower,0,1,38,0,39,0,0,90,0,90,0,1,128,0,129,18,0,18,147
01/14/2011,SNS,CA,AWP,WE,Federal Contract Tower,0,0,19,0,19,0,4,47,0,51,0,4,66,0,70,70,0,70,140
01/15/2011,SNS,CA,AWP,WE,Federal Contract Tower,0,0,20,0,20,0,4,89,0,93,0,4,109,0,113,136,0,136,249
01/16/2011,SNS,CA,AWP,WE,Federal Contract Tower,0,0,29,0,29,0,0,107,0,107,0,0,136,0,136,96,0,96,232
01/17/2011,SNS,CA,AWP,WE,Federal Contract Tower,0,0,34,0,34,0,2,114,0,116,0,2,148,0,150,60,0,60,210
01/18/2011,SNS,CA,AWP,WE,Federal Contract Tower,0,0,26,0,26,0,2,88,0,90,0,2,114,0,116,24,0,24,140
01/19/2011,SNS,CA,AWP,WE,Federal Contract Tower,0,7,46,0,53,0,2,84,0,86,0,9,130,0,139,96,0,96,235
01/20/2011,SNS,CA,AWP,WE,Federal Contract Tower,0,0,27,1,28,0,0,87,0,87,0,0,114,1,115,88,0,88,203
01/21/2011,SNS,CA,AWP,WE,Federal Contract Tower,0,1,34,0,35,0,4,74,0,78,0,5,108,0,113,42,0,42,155
01/22/2011,SNS,CA,AWP,WE,Federal Contract Tower,0,0,53,0,53,0,0,118,0,118,0,0,171,0,171,76,0,76,247
01/23/2011,SNS,CA,AWP,WE,Federal Contract Tower,0,0,66,0,66,0,0,142,0,142,0,0,208,0,208,24,0,24,232
01/24/2011,SNS,CA,AWP,WE,Federal Contract Tower,0,0,66,0,66,0,2,86,0,88,0,2,152,0,154,58,0,58,212
01/25/2011,SNS,CA,AWP,WE,Federal Contract Tower,0,0,85,2,87,0,0,117,0,117,0,0,202,2,204,54,4,58,262
01/26/2011,SNS,CA,AWP,WE,Federal Contract Tower,0,1,26,0,27,0,0,82,0,82,0,1,108,0,109,40,0,40,149
01/27/2011,SNS,CA,AWP,WE,Federal Contract Tower,0,2,27,2,31,0,0,110,0,110,0,2,137,2,141,76,0,76,217
01/28/2011,SNS,CA,AWP,WE,Federal Contract Tower,0,0,22,0,22,0,2,47,0,49,0,2,69,0,71,36,0,36,107
01/29/2011,SNS,CA,AWP,WE,Federal Contract Tower,0,0,37,0,37,0,4,50,0,54,0,4,87,0,91,96,0,96,187
01/30/2011,SNS,CA,AWP,WE,Federal Contract Tower,4,0,0,0,4,0,2,8,0,10,4,2,8,0,14,0,0,0,14
01/31/2011,SNS,CA,AWP,WE,Federal Contract Tower,0,0,35,0,35,0,4,66,0,70,0,4,101,0,105,18,0,18,123
02/01/2011,SNS,CA,AWP,WE,Federal Contract Tower,33,0,0,0,33,0,0,105,0,105,33,0,105,0,138,64,0,64,202
02/02/2011,SNS,CA,AWP,WE,Federal Contract Tower,0,1,18,0,19,0,0,61,0,61,0,1,79,0,80,36,0,36,116
02/03/2011,SNS,CA,AWP,WE,Federal Contract Tower,0,5,20,0,25,0,0,91,0,91,0,5,111,0,116,58,0,58,174
02/04/2011,SNS,CA,AWP,WE,Federal Contract Tower,0,0,31,0,31,0,10,45,0,55,0,10,76,0,86,72,0,72,158
02/05/2011,SNS,CA,AWP,WE,Federal Contract Tower,0,0,24,0,24,0,2,86,0,88,0,2,110,0,112,66,0,66,178
02/06/2011,SNS,CA,AWP,WE,Federal Contract Tower,0,0,25,0,25,0,1,99,0,100,0,1,124,0,125,42,0,42,167
02/07/2011,SNS,CA,AWP,WE,Federal Contract Tower,0,0,26,0,26,0,0,39,0,39,0,0,65,0,65,54,0,54,119
02/08/2011,SNS,CA,AWP,WE,Federal Contract Tower,0,0,18,0,18,0,0,84,0,84,0,0,102,0,102,76,0,76,178
02/09/2011,SNS,CA,AWP,WE,Federal Contract Tower,0,1,21,0,22,0,0,113,0,113,0,1,134,0,135,22,0,22,157
02/10/2011,SNS,CA,AWP,WE,Federal Contract Tower,0,1,30,0,31,0,1,97,0,98,0,2,127,0,129,54,0,54,183
02/11/2011,SNS,CA,AWP,WE,Federal Contract Tower,0,0,15,0,15,0,2,57,2,61,0,2,72,2,76,44,0,44,120
02/12/2011,SNS,CA,AWP,WE,Federal Contract Tower,0,0,26,0,26,0,4,51,0,55,0,4,77,0,81,56,0,56,137
02/13/2011,SNS,CA,AWP,WE,Federal Contract Tower,0,0,27,0,27,0,3,49,2,54,0,3,76,2,81,18,0,18,99
02/14/2011,SNS,CA,AWP,WE,Federal Contract Tower,0,0,22,0,22,0,2,7,0,9,0,2,29,0,31,34,0,34,65
02/15/2011,SNS,CA,AWP,WE,Federal Contract Tower,19,0,0,0,19,0,0,34,0,34,19,0,34,0,53,20,0,20,73
02/16/2011,SNS,CA,AWP,WE,Federal Contract Tower,0,1,12,5,18,0,4,7,0,11,0,5,19,5,29,28,4,32,61
02/17/2011,SNS,CA,AWP,WE,Federal Contract Tower,0,3,12,0,15,0,2,4,0,6,0,5,16,0,21,0,0,0,21
02/18/2011,SNS,CA,AWP,WE,Federal Contract Tower,0,0,18,0,18,0,2,5,0,7,0,2,23,0,25,4,0,4,29
02/19/2011,SNS,CA,AWP,WE,Federal Contract Tower,0,0,5,0,5,0,0,1,0,1,0,0,6,0,6,6,0,6,12
02/20/2011,SNS,CA,AWP,WE,Federal Contract Tower,0,0,16,0,16,0,0,73,0,73,0,0,89,0,89,96,0,96,185
02/21/2011,SNS,CA,AWP,WE,Federal Contract Tower,0,0,18,0,18,0,0,42,0,42,0,0,60,0,60,38,0,38,98
02/22/2011,SNS,CA,AWP,WE,Federal Contract Tower,0,0,31,0,31,0,1,69,0,70,0,1,100,0,101,98,0,98,199
02/23/2011,SNS,CA,AWP,WE,Federal Contract Tower,0,1,20,6,27,0,0,52,0,52,0,1,72,6,79,16,0,16,95
02/24/2011,SNS,CA,AWP,WE,Federal Contract Tower,0,0,23,0,23,0,0,67,0,67,0,0,90,0,90,52,0,52,142
02/25/2011,SNS,CA,AWP,WE,Federal Contract Tower,0,0,13,0,13,0,2,3,0,5,0,2,16,0,18,0,0,0,18
02/26/2011,SNS,CA,AWP,WE,Federal Contract Tower,0,0,6,0,6,0,2,18,0,20,0,2,24,0,26,14,0,14,40
02/27/2011,SNS,CA,AWP,WE,Federal Contract Tower,0,0,26,0,26,0,6,85,0,91,0,6,111,0,117,116,0,116,233
02/28/2011,SNS,CA,AWP,WE,Federal Contract Tower,0,0,22,0,22,0,2,47,0,49,0,2,69,0,71,26,0,26,97
03/01/2011,SNS,CA,AWP,WE,Federal Contract Tower,0,0,41,2,43,0,0,87,0,87,0,0,128,2,130,68,0,68,198
03/02/2011,SNS,CA,AWP,WE,Federal Contract Tower,0,0,12,0,12,0,2,16,0,18,0,2,28,0,30,0,0,0,30
03/03/2011,SNS,CA,AWP,WE,Federal Contract Tower,0,0,31,0,31,0,2,70,0,72,0,2,101,0,103,122,0,122,225
03/04/2011,SNS,CA,AWP,WE,Federal Contract Tower,0,0,19,0,19,0,0,86,0,86,0,0,105,0,105,22,0,22,127
03/05/2011,SNS,CA,AWP,WE,Federal Contract Tower,0,0,17,0,17,0,0,116,0,116,0,0,133,0,133,100,0,100,233
03/06/2011,SNS,CA,AWP,WE,Federal Contract Tower,0,0,16,0,16,0,0,17,0,17,0,0,33,0,33,2,0,2,35
03/07/2011,SNS,CA,AWP,WE,Federal Contract Tower,0,0,13,0,13,0,6,27,0,33,0,6,40,0,46,2,0,2,48
03/08/2011,SNS,CA,AWP,WE,Federal Contract Tower,0,0,43,4,47,0,0,68,0,68,0,0,111,4,115,30,0,30,145
03/09/2011,SNS,CA,AWP,WE,Federal Contract Tower,0,0,71,0,71,0,1,163,0,164,0,1,234,0,235,98,0,98,333
03/10/2011,SNS,CA,AWP,WE,Federal Contract Tower,0,1,12,0,13,0,5,43,0,48,0,6,55,0,61,52,0,52,113
03/11/2011,SNS,CA,AWP,WE,Federal Contract Tower,0,0,41,0,41,0,2,97,0,99,0,2,138,0,140,38,0,38,178
03/12/2011,SNS,CA,AWP,WE,Federal Contract Tower,0,0,24,0,24,0,2,79,0,81,0,2,103,0,105,30,0,30,135
03/13/2011,SNS,CA,AWP,WE,Federal Contract Tower,0,0,13,0,13,0,6,52,0,58,0,6,65,0,71,54,0,54,125
03/14/2011,SNS,CA,AWP,WE,Federal Contract Tower,0,0,29,0,29,0,0,41,0,41,0,0,70,0,70,8,0,8,78
03/15/2011,SNS,CA,AWP,WE,Federal Contract Tower,51,0,0,0,51,0,0,60,0,60,51,0,60,0,111,74,0,74,185
03/16/2011,SNS,CA,AWP,WE,Federal Contract Tower,0,0,40,2,42,0,0,33,0,33,0,0,73,2,75,52,0,52,127
03/17/2011,SNS,CA,AWP,WE,Federal Contract Tower,0,0,32,0,32,0,2,84,0,86,0,2,116,0,118,68,0,68,186
03/18/2011,SNS,CA,AWP,WE,Federal Contract Tower,0,0,14,0,14,0,0,9,0,9,0,0,23,0,23,6,0,6,29
03/19/2011,SNS,CA,AWP,WE,Federal Contract Tower,0,0,7,0,7,0,2,9,0,11,0,2,16,0,18,0,0,0,18
03/20/2011,SNS,CA,AWP,WE,Federal Contract Tower,0,0,2,0,2,0,0,18,0,18,0,0,20,0,20,10,0,10,30
03/21/2011,SNS,CA,AWP,WE,Federal Contract Tower,0,0,15,0,15,0,1,13,0,14,0,1,28,0,29,68,0,68,97
03/22/2011,SNS,CA,AWP,WE,Federal Contract Tower,0,0,20,0,20,0,0,90,0,90,0,0,110,0,110,116,0,116,226
03/23/2011,SNS,CA,AWP,WE,Federal Contract Tower,0,0,19,0,19,0,3,51,0,54,0,3,70,0,73,86,0,86,159
03/24/2011,SNS,CA,AWP,WE,Federal Contract Tower,0,0,24,0,24,0,2,31,0,33,0,2,55,0,57,12,0,12,69
03/25/2011,SNS,CA,AWP,WE,Federal Contract Tower,0,0,13,0,13,0,0,54,0,54,0,0,67,0,67,10,0,10,77
03/26/2011,SNS,CA,AWP,WE,Federal Contract Tower,0,0,10,0,10,0,0,18,0,18,0,0,28,0,28,0,0,0,28
03/27/2011,SNS,CA,AWP,WE,Federal Contract Tower,0,0,29,0,29,0,5,126,0,131,0,5,155,0,160,104,0,104,264
03/28/2011,SNS,CA,AWP,WE,Federal Contract Tower,0,0,26,0,26,0,1,85,0,86,0,1,111,0,112,42,0,42,154
03/29/2011,SNS,CA,AWP,WE,Federal Contract Tower,0,0,44,0,44,0,2,169,0,171,0,2,213,0,215,132,0,132,347
03/30/2011,SNS,CA,AWP,WE,Federal Contract Tower,0,0,52,0,52,0,0,153,0,153,0,0,205,0,205,80,0,80,285
03/31/2011,SNS,CA,AWP,WE,Federal Contract Tower,0,0,36,0,36,0,8,102,0,110,0,8,138,0,146,98,0,98,244
04/01/2011,SNS,CA,AWP,WE,Federal Contract Tower,0,0,28,0,28,0,5,93,0,98,0,5,121,0,126,66,0,66,192
04/02/2011,SNS,CA,AWP,WE,Federal Contract Tower,0,0,23,0,23,0,0,59,0,59,0,0,82,0,82,38,0,38,120
04/03/2011,SNS,CA,AWP,WE,Federal Contract Tower,0,0,17,0,17,0,4,114,0,118,0,4,131,0,135,74,0,74,209
04/04/2011,SNS,CA,AWP,WE,Federal Contract Tower,0,0,30,0,30,0,2,95,0,97,0,2,125,0,127,44,0,44,171
04/05/2011,SNS,CA,AWP,WE,Federal Contract Tower,0,0,21,0,21,0,4,104,0,108,0,4,125,0,129,86,0,86,215
04/06/2011,SNS,CA,AWP,WE,Federal Contract Tower,0,0,34,0,34,0,2,83,0,85,0,2,117,0,119,26,0,26,145
04/07/2011,SNS,CA,AWP,WE,Federal Contract Tower,0,0,25,0,25,0,0,65,0,65,0,0,90,0,90,0,0,0,90
04/08/2011,SNS,CA,AWP,WE,Federal Contract Tower,0,0,23,0,23,0,4,51,0,55,0,4,74,0,78,10,0,10,88
04/09/2011,SNS,CA,AWP,WE,Federal Contract Tower,0,0,14,0,14,0,3,94,0,97,0,3,108,0,111,44,0,44,155
04/10/2011,SNS,CA,AWP,WE,Federal Contract Tower,0,0,30,0,30,0,3,88,0,91,0,3,118,0,121,62,0,62,183
04/11/2011,SNS,CA,AWP,WE,Federal Contract Tower,26,0,0,0,26,0,1,66,0,67,26,1,66,0,93,34,0,34,127
04/12/2011,SNS,CA,AWP,WE,Federal Contract Tower,0,0,44,0,44,0,2,68,0,70,0,2,112,0,114,24,0,24,138
04/13/2011,SNS,CA,AWP,WE,Federal Contract Tower,0,0,22,0,22,0,2,47,0,49,0,2,69,0,71,0,0,0,71
04/14/2011,SNS,CA,AWP,WE,Federal Contract Tower,0,0,31,0,31,0,5,61,0,66,0,5,92,0,97,14,0,14,111
04/15/2011,SNS,CA,AWP,WE,Federal Contract Tower,0,0,29,0,29,0,10,59,0,69,0,10,88,0,98,10,0,10,108
04/16/2011,SNS,CA,AWP,WE,Federal Contract Tower,0,0,29,0,29,0,4,129,0,133,0,4,158,0,162,112,0,112,274
04/17/2011,SNS,CA,AWP,WE,Federal Contract Tower,0,0,37,0,37,0,2,65,0,67,0,2,102,0,104,56,0,56,160
04/18/2011,SNS,CA,AWP,WE,Federal Contract Tower,0,0,10,0,10,0,0,29,0,29,0,0,39,0,39,12,0,12,51
04/19/2011,SNS,CA,AWP,WE,Federal Contract Tower,0,0,46,0,46,0,2,56,0,58,0,2,102,0,104,60,0,60,164
04/20/2011,SNS,CA,AWP,WE,Federal Contract Tower,0,0,38,0,38,0,1,101,0,102,0,1,139,0,140,46,0,46,186
04/21/2011,SNS,CA,AWP,WE,Federal Contract Tower,0,0,33,0,33,0,2,80,0,82,0,2,113,0,115,40,0,40,155
04/22/2011,SNS,CA,AWP,WE,Federal Contract Tower,0,0,29,0,29,0,2,34,0,36,0,2,63,0,65,44,0,44,109
04/23/2011,SNS,CA,AWP,WE,Federal Contract Tower,0,0,27,0,27,0,6,79,0,85,0,6,106,0,112,86,0,86,198
04/24/2011,SNS,CA,AWP,WE,Federal Contract Tower,0,0,19,0,19,0,1,77,0,78,0,1,96,0,97,6,0,6,103
04/25/2011,SNS,CA,AWP,WE,Federal Contract Tower,0,3,20,0,23,0,0,49,0,49,0,3,69,0,72,40,0,40,112
04/26/2011,SNS,CA,AWP,WE,Federal Contract Tower,0,0,0,22,22,0,0,82,0,82,0,0,82,22,104,28,0,28,132
04/27/2011,SNS,CA,AWP,WE,Federal Contract Tower,0,0,38,0,38,0,3,87,0,90,0,3,125,0,128,38,0,38,166
04/28/2011,SNS,CA,AWP,WE,Federal Contract Tower,0,0,23,0,23,0,0,96,0,96,0,0,119,0,119,56,0,56,175
04/29/2011,SNS,CA,AWP,WE,Federal Contract Tower,0,0,21,0,21,0,6,86,0,92,0,6,107,0,113,24,0,24,137
04/30/2011,SNS,CA,AWP,WE,Federal Contract Tower,0,0,30,0,30,0,0,59,0,59,0,0,89,0,89,6,0,6,95
05/01/2011,SNS,CA,AWP,WE,Federal Contract Tower,0,0,11,0,11,0,2,103,0,105,0,2,114,0,116,62,0,62,178
05/02/2011,SNS,CA,AWP,WE,Federal Contract Tower,0,0,12,0,12,0,2,62,0,64,0,2,74,0,76,6,0,6,82
05/03/2011,SNS,CA,AWP,WE,Federal Contract Tower,0,0,34,0,34,0,1,68,0,69,0,1,102,0,103,32,0,32,135
05/04/2011,SNS,CA,AWP,WE,Federal Contract Tower,0,0,8,0,8,0,4,121,0,125,0,4,129,0,133,92,0,92,225
05/05/2011,SNS,CA,AWP,WE,Federal Contract Tower,0,0,17,0,17,0,0,104,0,104,0,0,121,0,121,70,0,70,191
05/06/2011,SNS,CA,AWP,WE,Federal Contract Tower,0,0,26,0,26,0,0,87,0,87,0,0,113,0,113,36,0,36,149
05/07/2011,SNS,CA,AWP,WE,Federal Contract Tower,0,0,24,0,24,0,2,72,0,74,0,2,96,0,98,42,0,42,140
05/08/2011,SNS,CA,AWP,WE,Federal Contract Tower,0,0,16,0,16,0,1,80,0,81,0,1,96,0,97,30,0,30,127
05/09/2011,SNS,CA,AWP,WE,Federal Contract Tower,0,0,24,0,24,0,0,91,1,92,0,0,115,1,116,46,0,46,162
05/10/2011,SNS,CA,AWP,WE,Federal Contract Tower,0,1,25,0,26,0,2,87,0,89,0,3,112,0,115,32,0,32,147
05/11/2011,SNS,CA,AWP,WE,Federal Contract Tower,0,0,45,0,45,0,0,146,0,146,0,0,191,0,191,36,0,36,227
05/12/2011,SNS,CA,AWP,WE,Federal Contract Tower,0,0,27,0,27,0,0,82,0,82,0,0,109,0,109,30,0,30,139
05/13/2011,SNS,CA,AWP,WE,Federal Contract Tower,0,0,21,0,21,0,4,86,0,90,0,4,107,0,111,48,0,48,159
05/14/2011,SNS,CA,AWP,WE,Federal Contract Tower,0,0,14,0,14,0,2,82,0,84,0,2,96,0,98,26,0,26,124
05/15/2011,SNS,CA,AWP,WE,Federal Contract Tower,0,0,9,0,9,0,0,34,0,34,0,0,43,0,43,0,0,0,43
05/16/2011,SNS,CA,AWP,WE,Federal Contract Tower,0,0,12,0,12,0,1,27,0,28,0,1,39,0,40,0,0,0,40
05/17/2011,SNS,CA,AWP,WE,Federal Contract Tower,0,2,1,0,3,0,2,33,0,35,0,4,34,0,38,10,0,10,48
05/18/2011,SNS,CA,AWP,WE,Federal Contract Tower,0,5,15,0,20,0,9,41,0,50,0,14,56,0,70,46,0,46,116
05/19/2011,SNS,CA,AWP,WE,Federal Contract Tower,0,1,16,0,17,0,5,113,0,118,0,6,129,0,135,42,0,42,177
05/20/2011,SNS,CA,AWP,WE,Federal Contract Tower,0,0,37,0,37,0,5,114,0,119,0,5,151,0,156,34,0,34,190
05/21/2011,SNS,CA,AWP,WE,Federal Contract Tower,0,0,21,0,21,0,2,83,0,85,0,2,104,0,106,24,0,24,130
05/22/2011,SNS,CA,AWP,WE,Federal Contract Tower,0,0,30,0,30,0,4,76,0,80,0,4,106,0,110,48,0,48,158
05/23/2011,SNS,CA,AWP,WE,Federal Contract Tower,0,14,34,0,48,0,0,74,0,74,0,14,108,0,122,90,0,90,212
05/24/2011,SNS,CA,AWP,WE,Federal Contract Tower,0,8,27,0,35,0,4,93,0,97,0,12,120,0,132,82,0,82,214
05/25/2011,SNS,CA,AWP,WE,Federal Contract Tower,0,0,22,0,22,0,1,94,0,95,0,1,116,0,117,104,0,104,221
05/26/2011,SNS,CA,AWP,WE,Federal Contract Tower,0,0,26,0,26,0,0,71,0,71,0,0,97,0,97,64,0,64,161
05/27/2011,SNS,CA,AWP,WE,Federal Contract Tower,0,0,18,0,18,0,2,82,0,84,0,2,100,0,102,34,0,34,136
05/28/2011,SNS,CA,AWP,WE,Federal Contract Tower,0,0,9,0,9,0,1,87,0,88,0,1,96,0,97,58,0,58,155
05/29/2011,SNS,CA,AWP,WE,Federal Contract Tower,0,0,11,0,11,0,1,48,0,49,0,1,59,0,60,26,0,26,86
05/30/2011,SNS,CA,AWP,WE,Federal Contract Tower,0,0,37,0,37,0,2,119,0,121,0,2,156,0,158,132,0,132,290
05/31/2011,SNS,CA,AWP,WE,Federal Contract Tower,0,0,28,0,28,0,0,102,0,102,0,0,130,0,130,88,0,88,218
06/01/2011,SNS,CA,AWP,WE,Federal Contract Tower,0,1,14,0,15,0,3,97,0,100,0,4,111,0,115,74,0,74,189
06/02/2011,SNS,CA,AWP,WE,Federal Contract Tower,0,0,14,0,14,0,2,83,0,85,0,2,97,0,99,38,0,38,137
06/03/2011,SNS,CA,AWP,WE,Federal Contract Tower,0,0,26,0,26,0,0,50,0,50,0,0,76,0,76,46,0,46,122
06/04/2011,SNS,CA,AWP,WE,Federal Contract Tower,0,0,7,0,7,0,1,5,0,6,0,1,12,0,13,4,0,4,17
06/05/2011,SNS,CA,AWP,WE,Federal Contract Tower,0,0,11,0,11,0,1,87,0,88,0,1,98,0,99,90,0,90,189
06/06/2011,SNS,CA,AWP,WE,Federal Contract Tower,0,0,29,0,29,0,3,98,0,101,0,3,127,0,130,80,0,80,210
06/07/2011,SNS,CA,AWP,WE,Federal Contract Tower,0,0,23,0,23,0,4,92,0,96,0,4,115,0,119,70,0,70,189
06/08/2011,SNS,CA,AWP,WE,Federal Contract Tower,0,0,32,0,32,0,0,106,0,106,0,0,138,0,138,64,0,64,202
06/09/2011,SNS,CA,AWP,WE,Federal Contract Tower,0,0,30,6,36,0,0,47,0,47,0,0,77,6,83,28,0,28,111
06/10/2011,SNS,CA,AWP,WE,Federal Contract Tower,0,0,49,0,49,0,0,63,0,63,0,0,112,0,112,22,0,22,134
06/11/2011,SNS,CA,AWP,WE,Federal Contract Tower,0,0,23,0,23,0,2,71,0,73,0,2,94,0,96,28,0,28,124
06/12/2011,SNS,CA,AWP,WE,Federal Contract Tower,0,0,15,0,15,0,4,118,0,122,0,4,133,0,137,36,0,36,173
06/13/2011,SNS,CA,AWP,WE,Federal Contract Tower,0,0,41,0,41,0,0,84,1,85,0,0,125,1,126,54,6,60,186
06/14/2011,SNS,CA,AWP,WE,Federal Contract Tower,0,8,55,0,63,0,0,90,0,90,0,8,145,0,153,54,0,54,207
06/15/2011,SNS,CA,AWP,WE,Federal Contract Tower,0,4,26,0,30,0,0,0,0,0,0,4,26,0,30,102,0,102,132
06/16/2011,SNS,CA,AWP,WE,Federal Contract Tower,0,0,27,1,28,0,6,65,0,71,0,6,92,1,99,26,0,26,125
06/17/2011,SNS,CA,AWP,WE,Federal Contract Tower,0,0,31,0,31,0,4,60,4,68,0,4,91,4,99,46,0,46,145
06/18/2011,SNS,CA,AWP,WE,Federal Contract Tower,0,0,15,0,15,0,3,123,0,126,0,3,138,0,141,52,0,52,193
06/19/2011,SNS,CA,AWP,WE,Federal Contract Tower,0,0,20,0,20,0,3,133,0,136,0,3,153,0,156,54,0,54,210
06/20/2011,SNS,CA,AWP,WE,Federal Contract Tower,0,0,17,0,17,0,6,81,1,88,0,6,98,1,105,52,0,52,157
06/21/2011,SNS,CA,AWP,WE,Federal Contract Tower,0,0,19,2,21,0,1,73,0,74,0,1,92,2,95,24,0,24,119
06/22/2011,SNS,CA,AWP,WE,Federal Contract Tower,0,3,43,0,46,0,1,86,0,87,0,4,129,0,133,24,0,24,157
06/23/2011,SNS,CA,AWP,WE,Federal Contract Tower,0,1,43,1,45,0,0,55,0,55,0,1,98,1,100,38,0,38,138
06/24/2011,SNS,CA,AWP,WE,Federal Contract Tower,0,0,24,0,24,0,0,92,0,92,0,0,116,0,116,26,0,26,142
06/25/2011,SNS,CA,AWP,WE,Federal Contract Tower,0,0,20,0,20,0,4,84,0,88,0,4,104,0,108,72,0,72,180
06/26/2011,SNS,CA,AWP,WE,Federal Contract Tower,0,0,10,0,10,0,1,89,0,90,0,1,99,0,100,40,0,40,140
06/27/2011,SNS,CA,AWP,WE,Federal Contract Tower,0,8,72,5,85,0,1,58,1,60,0,9,130,6,145,26,0,26,171
06/28/2011,SNS,CA,AWP,WE,Federal Contract Tower,0,1,16,0,17,0,0,54,0,54,0,1,70,0,71,36,0,36,107
06/29/2011,SNS,CA,AWP,WE,Federal Contract Tower,0,0,49,0,49,0,0,119,0,119,0,0,168,0,168,30,0,30,198
06/30/2011,SNS,CA,AWP,WE,Federal Contract Tower,0,0,40,0,40,0,4,74,0,78,0,4,114,0,118,14,0,14,132
07/01/2011,SNS,CA,AWP,WE,Federal Contract Tower,0,0,25,0,25,0,3,81,0,84,0,3,106,0,109,54,0,54,163
07/02/2011,SNS,CA,AWP,WE,Federal Contract Tower,0,0,10,0,10,0,8,82,0,90,0,8,92,0,100,30,0,30,130
07/03/2011,SNS,CA,AWP,WE,Federal Contract Tower,0,0,18,0,18,0,4,89,0,93,0,4,107,0,111,18,0,18,129
07/04/2011,SNS,CA,AWP,WE,Federal Contract Tower,0,0,5,0,5,0,2,39,0,41,0,2,44,0,46,114,0,114,160
07/05/2011,SNS,CA,AWP,WE,Federal Contract Tower,0,0,37,0,37,0,0,83,0,83,0,0,120,0,120,66,0,66,186
07/06/2011,SNS,CA,AWP,WE,Federal Contract Tower,0,0,13,0,13,0,0,51,0,51,0,0,64,0,64,48,0,48,112
07/07/2011,SNS,CA,AWP,WE,Federal Contract Tower,0,0,13,0,13,0,0,37,0,37,0,0,50,0,50,12,0,12,62
07/08/2011,SNS,CA,AWP,WE,Federal Contract Tower,0,0,21,0,21,0,4,61,0,65,0,4,82,0,86,24,0,24,110
07/09/2011,SNS,CA,AWP,WE,Federal Contract Tower,0,1,20,0,21,0,5,60,0,65,0,6,80,0,86,0,0,0,86
07/10/2011,SNS,CA,AWP,WE,Federal Contract Tower,0,0,19,0,19,0,2,77,0,79,0,2,96,0,98,54,0,54,152
07/11/2011,SNS,CA,AWP,WE,Federal Contract Tower,0,4,40,0,44,0,2,75,0,77,0,6,115,0,121,10,0,10,131
07/12/2011,SNS,CA,AWP,WE,Federal Contract Tower,0,0,20,0,20,0,0,54,0,54,0,0,74,0,74,14,0,14,88
07/13/2011,SNS,CA,AWP,WE,Federal Contract Tower,0,0,28,0,28,0,0,34,0,34,0,0,62,0,62,16,0,16,78
07/14/2011,SNS,CA,AWP,WE,Federal Contract Tower,0,0,6,0,6,0,0,49,0,49,0,0,55,0,55,0,0,0,55
07/15/2011,SNS,CA,AWP,WE,Federal Contract Tower,0,0,23,0,23,0,8,92,0,100,0,8,115,0,123,32,0,32,155
07/16/2011,SNS,CA,AWP,WE,Federal Contract Tower,0,0,29,0,29,0,3,46,0,49,0,3,75,0,78,16,0,16,94
07/17/2011,SNS,CA,AWP,WE,Federal Contract Tower,0,0,42,0,42,0,0,94,0,94,0,0,136,0,136,86,0,86,222
07/18/2011,SNS,CA,AWP,WE,Federal Contract Tower,0,0,28,2,30,0,7,87,0,94,0,7,115,2,124,38,0,38,162
07/19/2011,SNS,CA,AWP,WE,Federal Contract Tower,0,0,59,0,59,0,2,81,0,83,0,2,140,0,142,50,0,50,192
07/20/2011,SNS,CA,AWP,WE,Federal Contract Tower,0,0,32,0,32,0,0,99,0,99,0,0,131,0,131,54,0,54,185
07/21/2011,SNS,CA,AWP,WE,Federal Contract Tower,0,0,21,0,21,0,10,58,0,68,0,10,79,0,89,22,0,22,111
07/22/2011,SNS,CA,AWP,WE,Federal Contract Tower,0,0,48,0,48,0,0,57,3,60,0,0,105,3,108,50,0,50,158
07/23/2011,SNS,CA,AWP,WE,Federal Contract Tower,0,0,33,0,33,0,0,48,0,48,0,0,81,0,81,10,0,10,91
07/24/2011,SNS,CA,AWP,WE,Federal Contract Tower,0,0,30,0,30,0,10,81,0,91,0,10,111,0,121,40,0,40,161
07/25/2011,SNS,CA,AWP,WE,Federal Contract Tower,0,0,23,0,23,0,4,60,0,64,0,4,83,0,87,20,0,20,107
07/26/2011,SNS,CA,AWP,WE,Federal Contract Tower,0,0,51,2,53,0,4,61,0,65,0,4,112,2,118,10,0,10,128
07/27/2011,SNS,CA,AWP,WE,Federal Contract Tower,0,0,27,0,27,0,2,93,0,95,0,2,120,0,122,12,0,12,134
07/28/2011,SNS,CA,AWP,WE,Federal Contract Tower,0,0,37,0,37,0,4,42,0,46,0,4,79,0,83,22,0,22,105
07/29/2011,SNS,CA,AWP,WE,Federal Contract Tower,0,0,39,0,39,0,0,37,0,37,0,0,76,0,76,4,0,4,80
07/30/2011,SNS,CA,AWP,WE,Federal Contract Tower,0,0,39,0,39,0,3,45,0,48,0,3,84,0,87,38,0,38,125
07/31/2011,SNS,CA,AWP,WE,Federal Contract Tower,0,2,33,0,35,0,10,40,0,50,0,12,73,0,85,26,0,26,111
08/01/2011,SNS,CA,AWP,WE,Federal Contract Tower,0,0,19,0,19,0,0,106,0,106,0,0,125,0,125,42,0,42,167
08/02/2011,SNS,CA,AWP,WE,Federal Contract Tower,0,0,36,0,36,0,5,95,0,100,0,5,131,0,136,24,0,24,160
08/03/2011,SNS,CA,AWP,WE,Federal Contract Tower,0,0,13,0,13,0,2,73,0,75,0,2,86,0,88,24,0,24,112
08/04/2011,SNS,CA,AWP,WE,Federal Contract Tower,0,0,17,0,17,0,1,49,0,50,0,1,66,0,67,10,0,10,77
08/05/2011,SNS,CA,AWP,WE,Federal Contract Tower,0,0,31,0,31,0,2,45,0,47,0,2,76,0,78,30,0,30,108
08/06/2011,SNS,CA,AWP,WE,Federal Contract Tower,0,0,43,0,43,0,4,69,0,73,0,4,112,0,116,0,0,0,116
08/07/2011,SNS,CA,AWP,WE,Federal Contract Tower,0,0,45,0,45,0,1,56,0,57,0,1,101,0,102,26,0,26,128
08/08/2011,SNS,CA,AWP,WE,Federal Contract Tower,0,0,38,0,38,0,0,24,0,24,0,0,62,0,62,0,0,0,62
08/09/2011,SNS,CA,AWP,WE,Federal Contract Tower,0,0,50,0,50,0,2,76,0,78,0,2,126,0,128,48,0,48,176
08/10/2011,SNS,CA,AWP,WE,Federal Contract Tower,0,2,45,0,47,0,2,27,0,29,0,4,72,0,76,20,0,20,96
08/11/2011,SNS,CA,AWP,WE,Federal Contract Tower,0,0,31,0,31,0,0,48,0,48,0,0,79,0,79,56,0,56,135
08/12/2011,SNS,CA,AWP,WE,Federal Contract Tower,0,1,34,0,35,0,7,69,0,76,0,8,103,0,111,48,0,48,159
08/13/2011,SNS,CA,AWP,WE,Federal Contract Tower,0,0,40,0,40,0,0,66,0,66,0,0,106,0,106,52,0,52,158
08/14/2011,SNS,CA,AWP,WE,Federal Contract Tower,0,0,29,0,29,0,3,89,0,92,0,3,118,0,121,74,0,74,195
08/15/2011,SNS,CA,AWP,WE,Federal Contract Tower,0,0,21,0,21,0,1,79,0,80,0,1,100,0,101,42,0,42,143
08/16/2011,SNS,CA,AWP,WE,Federal Contract Tower,0,1,45,0,46,0,6,64,1,71,0,7,109,1,117,38,0,38,155
08/17/2011,SNS,CA,AWP,WE,Federal Contract Tower,0,0,37,0,37,0,0,92,0,92,0,0,129,0,129,34,0,34,163
08/18/2011,SNS,CA,AWP,WE,Federal Contract Tower,0,1,67,1,69,0,0,58,0,58,0,1,125,1,127,20,0,20,147
08/19/2011,SNS,CA,AWP,WE,Federal Contract Tower,0,1,46,0,47,0,3,56,0,59,0,4,102,0,106,44,0,44,150
08/20/2011,SNS,CA,AWP,WE,Federal Contract Tower,0,0,23,0,23,0,7,98,0,105,0,7,121,0,128,32,0,32,160
08/21/2011,SNS,CA,AWP,WE,Federal Contract Tower,0,0,23,0,23,0,2,106,0,108,0,2,129,0,131,92,0,92,223
08/22/2011,SNS,CA,AWP,WE,Federal Contract Tower,0,4,46,0,50,0,4,105,0,109,0,8,151,0,159,42,0,42,201
08/23/2011,SNS,CA,AWP,WE,Federal Contract Tower,0,0,39,0,39,0,1,110,0,111,0,1,149,0,150,42,0,42,192
08/24/2011,SNS,CA,AWP,WE,Federal Contract Tower,0,0,54,0,54,0,0,80,2,82,0,0,134,2,136,24,0,24,160
08/25/2011,SNS,CA,AWP,WE,Federal Contract Tower,0,0,44,0,44,0,8,61,0,69,0,8,105,0,113,0,0,0,113
08/26/2011,SNS,CA,AWP,WE,Federal Contract Tower,0,1,39,0,40,0,3,83,0,86,0,4,122,0,126,38,0,38,164
08/27/2011,SNS,CA,AWP,WE,Federal Contract Tower,0,0,22,0,22,0,3,90,0,93,0,3,112,0,115,90,0,90,205
08/28/2011,SNS,CA,AWP,WE,Federal Contract Tower,0,0,52,0,52,0,3,103,0,106,0,3,155,0,158,86,0,86,244
08/29/2011,SNS,CA,AWP,WE,Federal Contract Tower,0,0,41,0,41,0,2,80,0,82,0,2,121,0,123,46,0,46,169
08/30/2011,SNS,CA,AWP,WE,Federal Contract Tower,0,0,46,0,46,0,0,69,0,69,0,0,115,0,115,28,0,28,143
08/31/2011,SNS,CA,AWP,WE,Federal Contract Tower,0,0,47,0,47,0,2,60,0,62,0,2,107,0,109,22,0,22,131
09/01/2011,SNS,CA,AWP,WE,Federal Contract Tower,0,0,33,0,33,0,0,72,0,72,0,0,105,0,105,32,0,32,137
09/02/2011,SNS,CA,AWP,WE,Federal Contract Tower,0,0,30,0,30,0,1,76,0,77,0,1,106,0,107,48,0,48,155
09/03/2011,SNS,CA,AWP,WE,Federal Contract Tower,0,2,24,0,26,0,1,71,0,72,0,3,95,0,98,68,0,68,166
09/04/2011,SNS,CA,AWP,WE,Federal Contract Tower,0,0,31,0,31,0,0,71,0,71,0,0,102,0,102,54,0,54,156
09/05/2011,SNS,CA,AWP,WE,Federal Contract Tower,0,0,14,0,14,0,4,49,0,53,0,4,63,0,67,34,0,34,101
09/06/2011,SNS,CA,AWP,WE,Federal Contract Tower,0,0,34,0,34,0,0,105,0,105,0,0,139,0,139,80,0,80,219
09/07/2011,SNS,CA,AWP,WE,Federal Contract Tower,0,0,21,0,21,0,0,84,0,84,0,0,105,0,105,65,0,65,170
09/08/2011,SNS,CA,AWP,WE,Federal Contract Tower,0,0,52,0,52,0,4,55,1,60,0,4,107,1,112,42,0,42,154
09/09/2011,SNS,CA,AWP,WE,Federal Contract Tower,0,0,32,0,32,0,3,71,0,74,0,3,103,0,106,100,0,100,206
09/10/2011,SNS,CA,AWP,WE,Federal Contract Tower,0,0,44,0,44,0,2,104,0,106,0,2,148,0,150,44,0,44,194
09/11/2011,SNS,CA,AWP,WE,Federal Contract Tower,0,1,21,0,22,0,2,115,0,117,0,3,136,0,139,84,0,84,223
09/12/2011,SNS,CA,AWP,WE,Federal Contract Tower,0,0,8,0,8,0,3,51,0,54,0,3,59,0,62,0,0,0,62
09/13/2011,SNS,CA,AWP,WE,Federal Contract Tower,0,0,23,0,23,0,4,88,0,92,0,4,111,0,115,44,0,44,159
09/14/2011,SNS,CA,AWP,WE,Federal Contract Tower,0,0,62,0,62,0,0,37,0,37,0,0,99,0,99,28,0,28,127
09/15/2011,SNS,CA,AWP,WE,Federal Contract Tower,0,2,37,0,39,0,0,35,0,35,0,2,72,0,74,0,0,0,74
09/16/2011,SNS,CA,AWP,WE,Federal Contract Tower,0,0,27,0,27,0,1,89,0,90,0,1,116,0,117,54,0,54,171
09/17/2011,SNS,CA,AWP,WE,Federal Contract Tower,0,0,26,0,26,0,3,87,0,90,0,3,113,0,116,60,0,60,176
09/18/2011,SNS,CA,AWP,WE,Federal Contract Tower,0,0,26,0,26,0,2,157,0,159,0,2,183,0,185,76,0,76,261
09/19/2011,SNS,CA,AWP,WE,Federal Contract Tower,0,0,12,0,12,0,7,115,0,122,0,7,127,0,134,88,0,88,222
09/20/2011,SNS,CA,AWP,WE,Federal Contract Tower,0,0,10,0,10,0,0,123,0,123,0,0,133,0,133,40,0,40,173
09/21/2011,SNS,CA,AWP,WE,Federal Contract Tower,0,1,15,0,16,0,0,53,0,53,0,1,68,0,69,48,0,48,117
09/22/2011,SNS,CA,AWP,WE,Federal Contract Tower,0,0,45,3,48,0,0,64,28,92,0,0,109,31,140,36,0,36,176
09/23/2011,SNS,CA,AWP,WE,Federal Contract Tower,0,0,22,4,26,0,0,52,2,54,0,0,74,6,80,0,0,0,80
09/24/2011,SNS,CA,AWP,WE,Federal Contract Tower,0,0,25,4,29,0,2,20,0,22,0,2,45,4,51,8,0,8,59
09/25/2011,SNS,CA,AWP,WE,Federal Contract Tower,0,0,1,1,2,0,2,45,1,48,0,2,46,2,50,0,4,4,54
09/26/2011,SNS,CA,AWP,WE,Federal Contract Tower,0,0,20,0,20,0,0,88,0,88,0,0,108,0,108,44,0,44,152
09/27/2011,SNS,CA,AWP,WE,Federal Contract Tower,0,0,7,2,9,0,2,93,16,111,0,2,100,18,120,64,0,64,184
09/28/2011,SNS,CA,AWP,WE,Federal Contract Tower,0,0,25,0,25,0,3,107,0,110,0,3,132,0,135,84,0,84,219
09/29/2011,SNS,CA,AWP,WE,Federal Contract Tower,0,0,42,0,42,0,0,47,0,47,0,0,89,0,89,16,0,16,105
09/30/2011,SNS,CA,AWP,WE,Federal Contract Tower,0,1,17,0,18,0,4,75,0,79,0,5,92,0,97,40,0,40,137
10/01/2011,SNS,CA,AWP,WE,Federal Contract Tower,0,0,27,0,27,0,2,71,0,73,0,2,98,0,100,62,0,62,162
10/02/2011,SNS,CA,AWP,WE,Federal Contract Tower,0,0,64,0,64,0,0,93,0,93,0,0,157,0,157,54,0,54,211
10/03/2011,SNS,CA,AWP,WE,Federal Contract Tower,0,0,9,0,9,0,1,36,0,37,0,1,45,0,46,12,0,12,58
10/04/2011,SNS,CA,AWP,WE,Federal Contract Tower,0,0,26,2,28,0,0,62,0,62,0,0,88,2,90,18,0,18,108
10/05/2011,SNS,CA,AWP,WE,Federal Contract Tower,0,0,19,0,19,0,0,86,0,86,0,0,105,0,105,0,0,0,105
10/06/2011,SNS,CA,AWP,WE,Federal Contract Tower,0,0,16,0,16,0,4,86,0,90,0,4,102,0,106,28,0,28,134
10/07/2011,SNS,CA,AWP,WE,Federal Contract Tower,0,0,15,0,15,0,3,75,0,78,0,3,90,0,93,66,0,66,159
10/08/2011,SNS,CA,AWP,WE,Federal Contract Tower,0,0,23,0,23,0,2,92,0,94,0,2,115,0,117,42,0,42,159
10/09/2011,SNS,CA,AWP,WE,Federal Contract Tower,0,0,44,0,44,0,5,64,0,69,0,5,108,0,113,18,0,18,131
10/10/2011,SNS,CA,AWP,WE,Federal Contract Tower,0,0,24,0,24,0,6,29,0,35,0,6,53,0,59,14,0,14,73
10/11/2011,SNS,CA,AWP,WE,Federal Contract Tower,0,6,55,0,61,0,4,83,0,87,0,10,138,0,148,14,0,14,162
10/12/2011,SNS,CA,AWP,WE,Federal Contract Tower,0,1,40,0,41,0,4,137,0,141,0,5,177,0,182,58,0,58,240
10/13/2011,SNS,CA,AWP,WE,Federal Contract Tower,0,0,40,0,40,0,7,92,0,99,0,7,132,0,139,38,0,38,177
10/14/2011,SNS,CA,AWP,WE,Federal Contract Tower,0,0,27,4,31,0,4,97,2,103,0,4,124,6,134,10,0,10,144
10/15/2011,SNS,CA,AWP,WE,Federal Contract Tower,0,0,36,0,36,0,4,64,0,68,0,4,100,0,104,70,0,70,174
10/16/2011,SNS,CA,AWP,WE,Federal Contract Tower,0,0,22,0,22,0,0,89,0,89,0,0,111,0,111,50,0,50,161
10/17/2011,SNS,CA,AWP,WE,Federal Contract Tower,0,0,18,4,22,0,0,74,0,74,0,0,92,4,96,70,0,70,166
10/18/2011,SNS,CA,AWP,WE,Federal Contract Tower,0,1,63,0,64,0,0,0,0,0,0,1,63,0,64,0,0,0,64
10/19/2011,SNS,CA,AWP,WE,Federal Contract Tower,0,0,20,0,20,0,5,73,0,78,0,5,93,0,98,72,0,72,170
10/20/2011,SNS,CA,AWP,WE,Federal Contract Tower,0,8,48,0,56,0,0,5,0,5,0,8,53,0,61,0,0,0,61
10/21/2011,SNS,CA,AWP,WE,Federal Contract Tower,0,1,20,0,21,0,0,63,2,65,0,1,83,2,86,44,0,44,130
10/22/2011,SNS,CA,AWP,WE,Federal Contract Tower,0,0,1,0,1,0,5,101,0,106,0,5,102,0,107,52,0,52,159
10/23/2011,SNS,CA,AWP,WE,Federal Contract Tower,0,0,10,0,10,0,1,130,0,131,0,1,140,0,141,100,0,100,241
10/24/2011,SNS,CA,AWP,WE,Federal Contract Tower,0,2,36,4,42,0,1,25,0,26,0,3,61,4,68,32,0,32,100
10/25/2011,SNS,CA,AWP,WE,Federal Contract Tower,0,4,20,0,24,0,3,74,0,77,0,7,94,0,101,36,0,36,137
10/26/2011,SNS,CA,AWP,WE,Federal Contract Tower,0,0,30,0,30,0,0,54,0,54,0,0,84,0,84,0,0,0,84
10/27/2011,SNS,CA,AWP,WE,Federal Contract Tower,0,0,17,0,17,0,0,99,0,99,0,0,116,0,116,92,0,92,208
10/28/2011,SNS,CA,AWP,WE,Federal Contract Tower,0,0,15,0,15,0,0,79,0,79,0,0,94,0,94,74,0,74,168
10/29/2011,SNS,CA,AWP,WE,Federal Contract Tower,0,2,35,0,37,0,7,112,0,119,0,9,147,0,156,40,0,40,196
10/30/2011,SNS,CA,AWP,WE,Federal Contract Tower,0,0,3,0,3,0,2,48,0,50,0,2,51,0,53,24,0,24,77
10/31/2011,SNS,CA,AWP,WE,Federal Contract Tower,0,1,29,0,30,0,4,69,0,73,0,5,98,0,103,22,0,22,125
11/01/2011,SNS,CA,AWP,WE,Federal Contract Tower,0,0,39,0,39,0,0,87,0,87,0,0,126,0,126,48,0,48,174
11/02/2011,SNS,CA,AWP,WE,Federal Contract Tower,0,0,29,0,29,0,3,95,0,98,0,3,124,0,127,40,0,40,167
11/03/2011,SNS,CA,AWP,WE,Federal Contract Tower,0,0,9,0,9,0,10,48,0,58,0,10,57,0,67,0,0,0,67
11/04/2011,SNS,CA,AWP,WE,Federal Contract Tower,0,0,12,0,12,0,0,92,2,94,0,0,104,2,106,44,0,44,150
11/05/2011,SNS,CA,AWP,WE,Federal Contract Tower,0,0,14,0,14,0,4,84,0,88,0,4,98,0,102,20,0,20,122
11/06/2011,SNS,CA,AWP,WE,Federal Contract Tower,0,0,27,0,27,0,1,109,0,110,0,1,136,0,137,36,0,36,173
11/07/2011,SNS,CA,AWP,WE,Federal Contract Tower,0,2,18,0,20,0,1,89,0,90,0,3,107,0,110,32,0,32,142
11/08/2011,SNS,CA,AWP,WE,Federal Contract Tower,0,0,23,0,23,0,3,89,0,92,0,3,112,0,115,42,0,42,157
11/09/2011,SNS,CA,AWP,WE,Federal Contract Tower,0,0,13,0,13,0,1,87,0,88,0,1,100,0,101,0,0,0,101
11/10/2011,SNS,CA,AWP,WE,Federal Contract Tower,0,0,24,0,24,0,0,49,0,49,0,0,73,0,73,14,0,14,87
11/11/2011,SNS,CA,AWP,WE,Federal Contract Tower,0,0,15,0,15,0,2,13,0,15,0,2,28,0,30,0,0,0,30
11/12/2011,SNS,CA,AWP,WE,Federal Contract Tower,0,0,25,0,25,0,0,64,0,64,0,0,89,0,89,40,0,40,129
11/13/2011,SNS,CA,AWP,WE,Federal Contract Tower,0,0,20,0,20,0,2,94,0,96,0,2,114,0,116,54,0,54,170
11/14/2011,SNS,CA,AWP,WE,Federal Contract Tower,0,4,32,0,36,0,0,86,0,86,0,4,118,0,122,18,0,18,140
11/15/2011,SNS,CA,AWP,WE,Federal Contract Tower,0,0,19,0,19,0,0,88,0,88,0,0,107,0,107,6,0,6,113
11/16/2011,SNS,CA,AWP,WE,Federal Contract Tower,0,0,43,0,43,0,2,70,0,72,0,2,113,0,115,2,0,2,117
11/17/2011,SNS,CA,AWP,WE,Federal Contract Tower,0,0,22,0,22,0,0,37,0,37,0,0,59,0,59,16,0,16,75
11/18/2011,SNS,CA,AWP,WE,Federal Contract Tower,0,0,17,0,17,0,0,62,0,62,0,0,79,0,79,36,0,36,115
11/19/2011,SNS,CA,AWP,WE,Federal Contract Tower,0,0,12,0,12,0,2,89,0,91,0,2,101,0,103,56,0,56,159
11/20/2011,SNS,CA,AWP,WE,Federal Contract Tower,0,0,6,0,6,0,2,14,0,16,0,2,20,0,22,18,0,18,40
11/21/2011,SNS,CA,AWP,WE,Federal Contract Tower,0,0,25,0,25,0,0,120,0,120,0,0,145,0,145,46,0,46,191
11/22/2011,SNS,CA,AWP,WE,Federal Contract Tower,0,0,25,0,25,0,3,125,0,128,0,3,150,0,153,44,0,44,197
11/23/2011,SNS,CA,AWP,WE,Federal Contract Tower,0,0,25,0,25,0,2,89,0,91,0,2,114,0,116,44,0,44,160
11/24/2011,SNS,CA,AWP,WE,Federal Contract Tower,0,2,3,0,5,0,2,17,0,19,0,4,20,0,24,18,0,18,42
11/25/2011,SNS,CA,AWP,WE,Federal Contract Tower,0,0,28,0,28,0,4,58,0,62,0,4,86,0,90,24,0,24,114
11/26/2011,SNS,CA,AWP,WE,Federal Contract Tower,0,0,12,0,12,0,4,112,0,116,0,4,124,0,128,38,0,38,166
11/27/2011,SNS,CA,AWP,WE,Federal Contract Tower,0,0,30,0,30,0,2,108,0,110,0,2,138,0,140,52,0,52,192
11/28/2011,SNS,CA,AWP,WE,Federal Contract Tower,0,0,22,0,22,0,2,87,0,89,0,2,109,0,111,52,0,52,163
11/29/2011,SNS,CA,AWP,WE,Federal Contract Tower,0,5,25,0,30,0,4,81,0,85,0,9,106,0,115,42,0,42,157
11/30/2011,SNS,CA,AWP,WE,Federal Contract Tower,0,0,19,0,19,0,2,45,0,47,0,2,64,0,66,0,0,0,66
12/01/2011,SNS,CA,AWP,WE,Federal Contract Tower,0,0,9,0,9,0,1,54,0,55,0,1,63,0,64,52,0,52,116
12/02/2011,SNS,CA,AWP,WE,Federal Contract Tower,0,0,16,0,16,0,4,87,0,91,0,4,103,0,107,84,0,84,191
12/03/2011,SNS,CA,AWP,WE,Federal Contract Tower,0,0,14,0,14,0,2,81,0,83,0,2,95,0,97,66,0,66,163
12/04/2011,SNS,CA,AWP,WE,Federal Contract Tower,0,0,19,0,19,0,2,95,0,97,0,2,114,0,116,72,0,72,188
12/05/2011,SNS,CA,AWP,WE,Federal Contract Tower,0,0,22,0,22,0,2,99,0,101,0,2,121,0,123,34,0,34,157
12/06/2011,SNS,CA,AWP,WE,Federal Contract Tower,0,0,25,0,25,0,2,70,0,72,0,2,95,0,97,24,0,24,121
12/07/2011,SNS,CA,AWP,WE,Federal Contract Tower,0,0,26,0,26,0,0,85,0,85,0,0,111,0,111,34,0,34,145
12/08/2011,SNS,CA,AWP,WE,Federal Contract Tower,0,0,17,0,17,0,4,78,0,82,0,4,95,0,99,26,0,26,125
12/09/2011,SNS,CA,AWP,WE,Federal Contract Tower,0,18,17,0,35,0,6,97,0,103,0,24,114,0,138,58,0,58,196
12/10/2011,SNS,CA,AWP,WE,Federal Contract Tower,0,0,18,0,18,0,5,118,0,123,0,5,136,0,141,68,0,68,209
12/11/2011,SNS,CA,AWP,WE,Federal Contract Tower,0,0,16,0,16,0,0,74,0,74,0,0,90,0,90,36,0,36,126
12/12/2011,SNS,CA,AWP,WE,Federal Contract Tower,0,0,12,0,12,0,0,63,0,63,0,0,75,0,75,24,0,24,99
12/13/2011,SNS,CA,AWP,WE,Federal Contract Tower,0,10,38,0,48,0,0,79,0,79,0,10,117,0,127,42,0,42,169
12/14/2011,SNS,CA,AWP,WE,Federal Contract Tower,0,0,29,0,29,0,2,78,0,80,0,2,107,0,109,52,0,52,161
12/15/2011,SNS,CA,AWP,WE,Federal Contract Tower,0,0,27,0,27,0,0,20,0,20,0,0,47,0,47,22,0,22,69
12/16/2011,SNS,CA,AWP,WE,Federal Contract Tower,0,0,14,0,14,0,5,88,0,93,0,5,102,0,107,102,0,102,209
12/17/2011,SNS,CA,AWP,WE,Federal Contract Tower,0,0,14,0,14,0,2,65,0,67,0,2,79,0,81,28,0,28,109
12/18/2011,SNS,CA,AWP,WE,Federal Contract Tower,0,0,30,0,30,0,0,117,0,117,0,0,147,0,147,180,0,180,327
12/19/2011,SNS,CA,AWP,WE,Federal Contract Tower,0,8,36,0,44,0,3,95,0,98,0,11,131,0,142,100,0,100,242
12/20/2011,SNS,CA,AWP,WE,Federal Contract Tower,0,2,36,0,38,0,2,93,0,95,0,4,129,0,133,78,0,78,211
12/21/2011,SNS,CA,AWP,WE,Federal Contract Tower,0,0,14,0,14,0,0,44,0,44,0,0,58,0,58,22,0,22,80
12/22/2011,SNS,CA,AWP,WE,Federal Contract Tower,0,0,10,0,10,0,0,47,0,47,0,0,57,0,57,22,0,22,79
12/23/2011,SNS,CA,AWP,WE,Federal Contract Tower,0,0,21,0,21,0,0,94,0,94,0,0,115,0,115,70,0,70,185
12/24/2011,SNS,CA,AWP,WE,Federal Contract Tower,0,2,5,0,7,0,6,93,0,99,0,8,98,0,106,66,0,66,172
12/25/2011,SNS,CA,AWP,WE,Federal Contract Tower,0,0,7,0,7,0,1,18,0,19,0,1,25,0,26,30,0,30,56
12/26/2011,SNS,CA,AWP,WE,Federal Contract Tower,0,0,32,0,32,0,0,112,0,112,0,0,144,0,144,84,0,84,228
12/27/2011,SNS,CA,AWP,WE,Federal Contract Tower,0,0,41,0,41,0,0,77,0,77,0,0,118,0,118,70,0,70,188
12/28/2011,SNS,CA,AWP,WE,Federal Contract Tower,0,7,23,0,30,0,0,83,0,83,0,7,106,0,113,94,20,114,227
12/29/2011,SNS,CA,AWP,WE,Federal Contract Tower,0,0,34,0,34,0,0,64,0,64,0,0,98,0,98,46,10,56,154
12/30/2011,SNS,CA,AWP,WE,Federal Contract Tower,0,0,23,0,23,0,0,101,0,101,0,0,124,0,124,8,0,8,132
12/31/2011,SNS,CA,AWP,WE,Federal Contract Tower,0,0,2,0,2,0,1,114,0,115,0,1,116,0,117,70,0,70,187
01/01/2012,SNS,CA,AWP,WE,Federal Contract Tower,0,0,19,0,19,0,4,75,0,79,0,4,94,0,98,102,0,102,200
01/02/2012,SNS,CA,AWP,WE,Federal Contract Tower,0,1,27,0,28,0,0,80,0,80,0,1,107,0,108,54,0,54,162
01/03/2012,SNS,CA,AWP,WE,Federal Contract Tower,0,0,7,0,7,0,0,72,0,72,0,0,79,0,79,28,0,28,107
01/04/2012,SNS,CA,AWP,WE,Federal Contract Tower,0,0,15,0,15,0,2,65,0,67,0,2,80,0,82,40,0,40,122
01/05/2012,SNS,CA,AWP,WE,Federal Contract Tower,0,0,13,0,13,0,3,78,0,81,0,3,91,0,94,18,0,18,112
01/06/2012,SNS,CA,AWP,WE,Federal Contract Tower,0,0,18,0,18,0,0,67,0,67,0,0,85,0,85,54,0,54,139
01/07/2012,SNS,CA,AWP,WE,Federal Contract Tower,0,0,18,0,18,0,0,84,0,84,0,0,102,0,102,90,0,90,192
01/08/2012,SNS,CA,AWP,WE,Federal Contract Tower,0,0,22,0,22,0,1,109,0,110,0,1,131,0,132,100,0,100,232
01/09/2012,SNS,CA,AWP,WE,Federal Contract Tower,0,0,19,0,19,0,3,91,0,94,0,3,110,0,113,82,0,82,195
01/10/2012,SNS,CA,AWP,WE,Federal Contract Tower,0,2,28,0,30,0,2,92,0,94,0,4,120,0,124,100,0,100,224
01/11/2012,SNS,CA,AWP,WE,Federal Contract Tower,0,0,32,2,34,0,0,53,0,53,0,0,85,2,87,0,0,0,87
01/12/2012,SNS,CA,AWP,WE,Federal Contract Tower,0,0,22,0,22,0,5,60,0,65,0,5,82,0,87,36,0,36,123
01/13/2012,SNS,CA,AWP,WE,Federal Contract Tower,0,0,17,0,17,0,0,93,0,93,0,0,110,0,110,40,0,40,150
01/14/2012,SNS,CA,AWP,WE,Federal Contract Tower,0,0,13,0,13,0,4,121,0,125,0,4,134,0,138,92,0,92,230
01/15/2012,SNS,CA,AWP,WE,Federal Contract Tower,0,0,19,0,19,0,0,78,0,78,0,0,97,0,97,64,0,64,161
01/16/2012,SNS,CA,AWP,WE,Federal Contract Tower,0,0,25,0,25,0,4,97,0,101,0,4,122,0,126,40,0,40,166
01/17/2012,SNS,CA,AWP,WE,Federal Contract Tower,0,0,30,2,32,0,2,107,0,109,0,2,137,2,141,58,0,58,199
01/18/2012,SNS,CA,AWP,WE,Federal Contract Tower,0,1,52,0,53,0,7,118,0,125,0,8,170,0,178,74,0,74,252
01/19/2012,SNS,CA,AWP,WE,Federal Contract Tower,0,0,23,0,23,0,0,67,0,67,0,0,90,0,90,42,0,42,132
01/20/2012,SNS,CA,AWP,WE,Federal Contract Tower,0,0,19,0,19,0,4,40,0,44,0,4,59,0,63,0,0,0,63
01/21/2012,SNS,CA,AWP,WE,Federal Contract Tower,0,0,13,0,13,0,3,67,0,70,0,3,80,0,83,44,0,44,127
01/22/2012,SNS,CA,AWP,WE,Federal Contract Tower,0,0,7,0,7,0,2,35,0,37,0,2,42,0,44,30,0,30,74
01/23/2012,SNS,CA,AWP,WE,Federal Contract Tower,0,0,11,0,11,0,2,35,0,37,0,2,46,0,48,0,0,0,48
01/24/2012,SNS,CA,AWP,WE,Federal Contract Tower,0,0,30,0,30,0,2,90,0,92,0,2,120,0,122,54,0,54,176
01/25/2012,SNS,CA,AWP,WE,Federal Contract Tower,0,0,21,0,21,0,0,79,0,79,0,0,100,0,100,50,0,50,150
01/26/2012,SNS,CA,AWP,WE,Federal Contract Tower,0,0,23,0,23,0,2,52,0,54,0,2,75,0,77,14,0,14,91
01/27/2012,SNS,CA,AWP,WE,Federal Contract Tower,0,0,12,0,12,0,0,79,0,79,0,0,91,0,91,64,0,64,155
01/28/2012,SNS,CA,AWP,WE,Federal Contract Tower,0,0,13,0,13,0,1,101,0,102,0,1,114,0,115,40,0,40,155
01/29/2012,SNS,CA,AWP,WE,Federal Contract Tower,0,0,34,0,34,0,4,97,0,101,0,4,131,0,135,102,0,102,237
01/30/2012,SNS,CA,AWP,WE,Federal Contract Tower,0,0,23,0,23,0,0,97,0,97,0,0,120,0,120,32,0,32,152
01/31/2012,SNS,CA,AWP,WE,Federal Contract Tower,0,0,29,0,29,0,0,68,0,68,0,0,97,0,97,60,0,60,157
02/01/2012,SNS,CA,AWP,WE,Federal Contract Tower,0,0,10,0,10,0,0,68,0,68,0,0,78,0,78,20,0,20,98
02/02/2012,SNS,CA,AWP,WE,Federal Contract Tower,0,2,15,0,17,0,4,81,0,85,0,6,96,0,102,42,0,42,144
02/03/2012,SNS,CA,AWP,WE,Federal Contract Tower,0,0,15,0,15,0,0,77,0,77,0,0,92,0,92,80,0,80,172
02/04/2012,SNS,CA,AWP,WE,Federal Contract Tower,0,0,30,0,30,0,4,120,0,124,0,4,150,0,154,96,0,96,250
02/05/2012,SNS,CA,AWP,WE,Federal Contract Tower,0,0,29,0,29,0,3,119,0,122,0,3,148,0,151,118,0,118,269
02/06/2012,SNS,CA,AWP,WE,Federal Contract Tower,0,0,14,0,14,0,0,29,0,29,0,0,43,0,43,0,0,0,43
02/07/2012,SNS,CA,AWP,WE,Federal Contract Tower,0,0,15,0,15,0,0,67,0,67,0,0,82,0,82,32,0,32,114
02/08/2012,SNS,CA,AWP,WE,Federal Contract Tower,0,0,20,0,20,0,0,74,0,74,0,0,94,0,94,42,0,42,136
02/09/2012,SNS,CA,AWP,WE,Federal Contract Tower,0,0,9,0,9,0,0,68,0,68,0,0,77,0,77,24,0,24,101
02/10/2012,SNS,CA,AWP,WE,Federal Contract Tower,0,0,13,0,13,0,0,54,0,54,0,0,67,0,67,50,0,50,117
02/11/2012,SNS,CA,AWP,WE,Federal Contract Tower,0,2,11,0,13,0,3,52,0,55,0,5,63,0,68,49,0,49,117
02/12/2012,SNS,CA,AWP,WE,Federal Contract Tower,0,0,39,0,39,0,2,43,0,45,0,2,82,0,84,22,0,22,106
02/13/2012,SNS,CA,AWP,WE,Federal Contract Tower,0,0,14,0,14,0,2,3,0,5,0,2,17,0,19,0,0,0,19
02/14/2012,SNS,CA,AWP,WE,Federal Contract Tower,0,0,8,0,8,0,2,80,0,82,0,2,88,0,90,38,0,38,128
02/15/2012,SNS,CA,AWP,WE,Federal Contract Tower,0,0,9,0,9,0,0,82,0,82,0,0,91,0,91,62,0,62,153
02/16/2012,SNS,CA,AWP,WE,Federal Contract Tower,0,3,23,0,26,0,8,82,0,90,0,11,105,0,116,14,0,14,130
02/17/2012,SNS,CA,AWP,WE,Federal Contract Tower,0,0,44,0,44,0,0,47,0,47,0,0,91,0,91,36,0,36,127
02/18/2012,SNS,CA,AWP,WE,Federal Contract Tower,0,0,34,0,34,0,7,45,0,52,0,7,79,0,86,0,0,0,86
02/19/2012,SNS,CA,AWP,WE,Federal Contract Tower,0,0,34,0,34,0,5,93,0,98,0,5,127,0,132,54,0,54,186
02/20/2012,SNS,CA,AWP,WE,Federal Contract Tower,0,0,33,0,33,0,2,88,0,90,0,2,121,0,123,44,0,44,167
02/21/2012,SNS,CA,AWP,WE,Federal Contract Tower,0,0,23,0,23,0,1,103,0,104,0,1,126,0,127,44,0,44,171
02/22/2012,SNS,CA,AWP,WE,Federal Contract Tower,0,0,19,0,19,0,2,94,0,96,0,2,113,0,115,44,0,44,159
02/23/2012,SNS,CA,AWP,WE,Federal Contract Tower,0,2,18,0,20,0,0,63,0,63,0,2,81,0,83,50,0,50,133
02/24/2012,SNS,CA,AWP,WE,Federal Contract Tower,0,0,7,0,7,0,4,88,0,92,0,4,95,0,99,30,0,30,129
02/25/2012,SNS,CA,AWP,WE,Federal Contract Tower,0,0,17,0,17,0,3,114,0,117,0,3,131,0,134,34,0,34,168
02/26/2012,SNS,CA,AWP,WE,Federal Contract Tower,0,0,22,0,22,0,2,145,0,147,0,2,167,0,169,84,0,84,253
02/27/2012,SNS,CA,AWP,WE,Federal Contract Tower,0,0,9,0,9,0,1,64,0,65,0,1,73,0,74,36,0,36,110
02/28/2012,SNS,CA,AWP,WE,Federal Contract Tower,0,0,24,0,24,0,0,40,0,40,0,0,64,0,64,16,0,16,80
02/29/2012,SNS,CA,AWP,WE,Federal Contract Tower,0,0,23,0,23,0,0,46,0,46,0,0,69,0,69,0,0,0,69
03/01/2012,SNS,CA,AWP,WE,Federal Contract Tower,0,0,12,0,12,0,0,23,0,23,0,0,35,0,35,6,0,6,41
03/02/2012,SNS,CA,AWP,WE,Federal Contract Tower,0,0,28,0,28,0,0,154,0,154,0,0,182,0,182,70,0,70,252
03/03/2012,SNS,CA,AWP,WE,Federal Contract Tower,14,0,0,0,14,0,1,75,0,76,14,1,75,0,90,18,0,18,108
03/04/2012,SNS,CA,AWP,WE,Federal Contract Tower,0,0,7,0,7,0,3,144,0,147,0,3,151,0,154,118,0,118,272
03/05/2012,SNS,CA,AWP,WE,Federal Contract Tower,0,0,25,2,27,0,4,103,0,107,0,4,128,2,134,40,0,40,174
03/06/2012,SNS,CA,AWP,WE,Federal Contract Tower,0,1,5,0,6,0,0,31,0,31,0,1,36,0,37,0,0,0,37
03/07/2012,SNS,CA,AWP,WE,Federal Contract Tower,0,0,18,0,18,0,4,80,0,84,0,4,98,0,102,32,0,32,134
03/08/2012,SNS,CA,AWP,WE,Federal Contract Tower,0,2,26,0,28,0,4,60,0,64,0,6,86,0,92,34,0,34,126
03/09/2012,SNS,CA,AWP,WE,Federal Contract Tower,0,0,23,0,23,0,0,97,0,97,0,0,120,0,120,60,0,60,180
03/10/2012,SNS,CA,AWP,WE,Federal Contract Tower,0,0,9,0,9,0,2,79,0,81,0,2,88,0,90,54,0,54,144
03/11/2012,SNS,CA,AWP,WE,Federal Contract Tower,0,2,18,0,20,0,0,95,0,95,0,2,113,0,115,52,0,52,167
03/12/2012,SNS,CA,AWP,WE,Federal Contract Tower,0,0,12,0,12,0,1,90,0,91,0,1,102,0,103,58,0,58,161
03/13/2012,SNS,CA,AWP,WE,Federal Contract Tower,0,0,59,0,59,0,0,66,0,66,0,0,125,0,125,24,0,24,149
03/14/2012,SNS,CA,AWP,WE,Federal Contract Tower,0,0,17,0,17,0,0,47,0,47,0,0,64,0,64,0,0,0,64
03/15/2012,SNS,CA,AWP,WE,Federal Contract Tower,0,2,21,2,25,0,5,101,0,106,0,7,122,2,131,50,0,50,181
03/16/2012,SNS,CA,AWP,WE,Federal Contract Tower,0,0,10,0,10,0,9,39,0,48,0,9,49,0,58,22,0,22,80
03/17/2012,SNS,CA,AWP,WE,Federal Contract Tower,0,0,10,0,10,0,0,13,0,13,0,0,23,0,23,44,0,44,67
03/18/2012,SNS,CA,AWP,WE,Federal Contract Tower,0,0,4,0,4,0,6,18,0,24,0,6,22,0,28,0,0,0,28
03/19/2012,SNS,CA,AWP,WE,Federal Contract Tower,0,0,9,0,9,0,5,64,0,69,0,5,73,0,78,8,0,8,86
03/20/2012,SNS,CA,AWP,WE,Federal Contract Tower,0,0,30,0,30,0,2,92,0,94,0,2,122,0,124,10,0,10,134
03/21/2012,SNS,CA,AWP,WE,Federal Contract Tower,0,0,25,2,27,0,1,125,0,126,0,1,150,2,153,54,0,54,207
03/22/2012,SNS,CA,AWP,WE,Federal Contract Tower,0,0,39,0,39,0,0,54,0,54,0,0,93,0,93,44,0,44,137
03/23/2012,SNS,CA,AWP,WE,Federal Contract Tower,0,0,17,0,17,0,6,106,0,112,0,6,123,0,129,48,0,48,177
03/24/2012,SNS,CA,AWP,WE,Federal Contract Tower,0,0,3,0,3,0,0,28,0,28,0,0,31,0,31,14,0,14,45
03/25/2012,SNS,CA,AWP,WE,Federal Contract Tower,0,0,1,0,1,0,0,57,0,57,0,0,58,0,58,28,0,28,86
03/26/2012,SNS,CA,AWP,WE,Federal Contract Tower,0,0,14,0,14,0,0,80,0,80,0,0,94,0,94,60,0,60,154
03/27/2012,SNS,CA,AWP,WE,Federal Contract Tower,0,0,14,0,14,0,0,97,0,97,0,0,111,0,111,8,0,8,119
03/28/2012,SNS,CA,AWP,WE,Federal Contract Tower,0,0,8,0,8,0,0,84,1,85,0,0,92,1,93,20,0,20,113
03/29/2012,SNS,CA,AWP,WE,Federal Contract Tower,0,0,29,0,29,0,6,54,0,60,0,6,83,0,89,42,0,42,131
03/30/2012,SNS,CA,AWP,WE,Federal Contract Tower,0,0,26,0,26,0,1,65,0,66,0,1,91,0,92,32,0,32,124
03/31/2012,SNS,CA,AWP,WE,Federal Contract Tower,0,0,4,0,4,0,0,15,0,15,0,0,19,0,19,0,0,0,19
04/01/2012,SNS,CA,AWP,WE,Federal Contract Tower,0,0,28,0,28,0,0,155,0,155,0,0,183,0,183,68,0,68,251
04/02/2012,SNS,CA,AWP,WE,Federal Contract Tower,0,0,23,0,23,0,4,115,0,119,0,4,138,0,142,50,0,50,192
04/03/2012,SNS,CA,AWP,WE,Federal Contract Tower,0,0,24,0,24,0,0,110,0,110,0,0,134,0,134,34,0,34,168
04/04/2012,SNS,CA,AWP,WE,Federal Contract Tower,0,2,18,4,24,0,3,84,0,87,0,5,102,4,111,30,8,38,149
04/05/2012,SNS,CA,AWP,WE,Federal Contract Tower,0,0,17,0,17,0,4,78,0,82,0,4,95,0,99,36,0,36,135
04/06/2012,SNS,CA,AWP,WE,Federal Contract Tower,0,0,5,0,5,0,4,91,0,95,0,4,96,0,100,40,0,40,140
04/07/2012,SNS,CA,AWP,WE,Federal Contract Tower,0,0,8,0,8,0,4,193,0,197,0,4,201,0,205,108,0,108,313
04/08/2012,SNS,CA,AWP,WE,Federal Contract Tower,20,0,0,0,20,0,3,108,0,111,20,3,108,0,131,40,0,40,171
04/09/2012,SNS,CA,AWP,WE,Federal Contract Tower,0,1,24,0,25,0,5,127,0,132,0,6,151,0,157,56,0,56,213
04/10/2012,SNS,CA,AWP,WE,Federal Contract Tower,0,0,19,2,21,0,6,38,0,44,0,6,57,2,65,2,0,2,67
04/11/2012,SNS,CA,AWP,WE,Federal Contract Tower,0,0,8,0,8,0,0,45,1,46,0,0,53,1,54,24,0,24,78
04/12/2012,SNS,CA,AWP,WE,Federal Contract Tower,0,0,17,0,17,0,2,57,0,59,0,2,74,0,76,32,0,32,108
04/13/2012,SNS,CA,AWP,WE,Federal Contract Tower,0,1,2,0,3,0,0,28,0,28,0,1,30,0,31,0,0,0,31
04/14/2012,SNS,CA,AWP,WE,Federal Contract Tower,0,4,24,0,28,0,6,92,0,98,0,10,116,0,126,50,0,50,176
04/15/2012,SNS,CA,AWP,WE,Federal Contract Tower,0,0,21,0,21,0,3,166,0,169,0,3,187,0,190,80,0,80,270
04/16/2012,SNS,CA,AWP,WE,Federal Contract Tower,0,0,24,0,24,0,4,78,0,82,0,4,102,0,106,28,0,28,134
04/17/2012,SNS,CA,AWP,WE,Federal Contract Tower,0,1,27,0,28,0,0,95,0,95,0,1,122,0,123,16,0,16,139
04/18/2012,SNS,CA,AWP,WE,Federal Contract Tower,0,0,20,2,22,0,0,78,0,78,0,0,98,2,100,22,0,22,122
04/19/2012,SNS,CA,AWP,WE,Federal Contract Tower,0,0,16,0,16,0,3,72,0,75,0,3,88,0,91,54,0,54,145
04/20/2012,SNS,CA,AWP,WE,Federal Contract Tower,0,0,15,0,15,0,3,157,0,160,0,3,172,0,175,54,0,54,229
04/21/2012,SNS,CA,AWP,WE,Federal Contract Tower,0,0,25,0,25,0,3,166,0,169,0,3,191,0,194,52,0,52,246
04/22/2012,SNS,CA,AWP,WE,Federal Contract Tower,0,0,32,0,32,0,0,118,0,118,0,0,150,0,150,52,0,52,202
04/23/2012,SNS,CA,AWP,WE,Federal Contract Tower,0,0,21,0,21,0,2,104,0,106,0,2,125,0,127,52,0,52,179
04/24/2012,SNS,CA,AWP,WE,Federal Contract Tower,0,4,17,0,21,0,2,124,0,126,0,6,141,0,147,40,0,40,187
04/25/2012,SNS,CA,AWP,WE,Federal Contract Tower,0,0,22,0,22,0,0,75,0,75,0,0,97,0,97,12,0,12,109
04/26/2012,SNS,CA,AWP,WE,Federal Contract Tower,0,0,20,0,20,0,1,67,0,68,0,1,87,0,88,62,0,62,150
04/27/2012,SNS,CA,AWP,WE,Federal Contract Tower,0,0,22,0,22,0,0,108,0,108,0,0,130,0,130,36,0,36,166
04/28/2012,SNS,CA,AWP,WE,Federal Contract Tower,0,0,27,0,27,0,5,189,0,194,0,5,216,0,221,118,0,118,339
04/29/2012,SNS,CA,AWP,WE,Federal Contract Tower,0,0,33,0,33,0,2,148,0,150,0,2,181,0,183,134,0,134,317
04/30/2012,SNS,CA,AWP,WE,Federal Contract Tower,0,0,28,2,30,0,4,130,0,134,0,4,158,2,164,70,2,72,236
05/01/2012,SNS,CA,AWP,WE,Federal Contract Tower,0,0,23,0,23,0,2,85,0,87,0,2,108,0,110,56,0,56,166
05/02/2012,SNS,CA,AWP,WE,Federal Contract Tower,0,0,26,0,26,0,6,131,0,137,0,6,157,0,163,26,0,26,189
05/03/2012,SNS,CA,AWP,WE,Federal Contract Tower,0,0,38,0,38,0,0,91,0,91,0,0,129,0,129,48,0,48,177
05/04/2012,SNS,CA,AWP,WE,Federal Contract Tower,0,0,23,0,23,0,2,91,0,93,0,2,114,0,116,64,0,64,180
05/05/2012,SNS,CA,AWP,WE,Federal Contract Tower,0,0,18,0,18,0,5,136,0,141,0,5,154,0,159,30,0,30,189
05/06/2012,SNS,CA,AWP,WE,Federal Contract Tower,0,0,36,0,36,0,3,192,0,195,0,3,228,0,231,122,0,122,353
05/07/2012,SNS,CA,AWP,WE,Federal Contract Tower,0,0,35,0,35,0,2,103,0,105,0,2,138,0,140,56,0,56,196
05/08/2012,SNS,CA,AWP,WE,Federal Contract Tower,0,0,34,0,34,0,4,105,0,109,0,4,139,0,143,68,0,68,211
05/09/2012,SNS,CA,AWP,WE,Federal Contract Tower,0,0,31,0,31,0,2,76,4,82,0,2,107,4,113,30,0,30,143
05/10/2012,SNS,CA,AWP,WE,Federal Contract Tower,0,0,29,0,29,0,2,86,0,88,0,2,115,0,117,0,0,0,117
05/11/2012,SNS,CA,AWP,WE,Federal Contract Tower,0,0,17,5,22,0,0,88,0,88,0,0,105,5,110,14,14,28,138
05/12/2012,SNS,CA,AWP,WE,Federal Contract Tower,0,1,52,0,53,0,4,116,0,120,0,5,168,0,173,40,0,40,213
05/13/2012,SNS,CA,AWP,WE,Federal Contract Tower,0,0,33,0,33,0,2,90,0,92,0,2,123,0,125,28,0,28,153
05/14/2012,SNS,CA,AWP,WE,Federal Contract Tower,0,0,23,0,23,0,2,105,0,107,0,2,128,0,130,32,0,32,162
05/15/2012,SNS,CA,AWP,WE,Federal Contract Tower,0,0,31,2,33,0,0,82,0,82,0,0,113,2,115,22,0,22,137
05/16/2012,SNS,CA,AWP,WE,Federal Contract Tower,0,0,42,0,42,0,4,53,0,57,0,4,95,0,99,34,0,34,133
05/17/2012,SNS,CA,AWP,WE,Federal Contract Tower,0,1,49,0,50,0,4,65,0,69,0,5,114,0,119,24,0,24,143
05/18/2012,SNS,CA,AWP,WE,Federal Contract Tower,0,0,27,0,27,0,0,112,0,112,0,0,139,0,139,0,0,0,139
05/19/2012,SNS,CA,AWP,WE,Federal Contract Tower,0,0,25,0,25,0,0,85,0,85,0,0,110,0,110,18,0,18,128
05/20/2012,SNS,CA,AWP,WE,Federal Contract Tower,0,0,19,0,19,0,5,124,0,129,0,5,143,0,148,66,0,66,214
05/21/2012,SNS,CA,AWP,WE,Federal Contract Tower,0,1,24,0,25,0,5,72,0,77,0,6,96,0,102,22,0,22,124
05/22/2012,SNS,CA,AWP,WE,Federal Contract Tower,0,2,49,0,51,0,3,107,0,110,0,5,156,0,161,62,0,62,223
05/23/2012,SNS,CA,AWP,WE,Federal Contract Tower,0,2,11,0,13,0,6,79,0,85,0,8,90,0,98,18,0,18,116
05/24/2012,SNS,CA,AWP,WE,Federal Contract Tower,0,2,28,0,30,0,4,90,0,94,0,6,118,0,124,18,0,18,142
05/25/2012,SNS,CA,AWP,WE,Federal Contract Tower,0,0,17,0,17,0,0,82,0,82,0,0,99,0,99,8,0,8,107
05/26/2012,SNS,CA,AWP,WE,Federal Contract Tower,0,0,29,0,29,0,2,46,0,48,0,2,75,0,77,0,0,0,77
05/27/2012,SNS,CA,AWP,WE,Federal Contract Tower,0,0,21,0,21,0,3,79,0,82,0,3,100,0,103,38,0,38,141
05/28/2012,SNS,CA,AWP,WE,Federal Contract Tower,0,0,23,0,23,0,4,127,0,131,0,4,150,0,154,44,0,44,198
05/29/2012,SNS,CA,AWP,WE,Federal Contract Tower,0,0,26,0,26,0,2,110,0,112,0,2,136,0,138,48,0,48,186
05/30/2012,SNS,CA,AWP,WE,Federal Contract Tower,0,0,38,0,38,0,0,84,0,84,0,0,122,0,122,34,0,34,156
05/31/2012,SNS,CA,AWP,WE,Federal Contract Tower,0,0,29,0,29,0,2,81,0,83,0,2,110,0,112,50,0,50,162
06/01/2012,SNS,CA,AWP,WE,Federal Contract Tower,0,0,46,0,46,0,0,42,0,42,0,0,88,0,88,20,0,20,108
06/02/2012,SNS,CA,AWP,WE,Federal Contract Tower,0,1,39,0,40,0,2,56,0,58,0,3,95,0,98,24,0,24,122
06/03/2012,SNS,CA,AWP,WE,Federal Contract Tower,0,1,42,0,43,0,2,97,0,99,0,3,139,0,142,66,0,66,208
06/04/2012,SNS,CA,AWP,WE,Federal Contract Tower,0,0,22,1,23,0,0,4,0,4,0,0,26,1,27,10,0,10,37
06/05/2012,SNS,CA,AWP,WE,Federal Contract Tower,0,0,17,0,17,0,3,131,0,134,0,3,148,0,151,64,0,64,215
06/06/2012,SNS,CA,AWP,WE,Federal Contract Tower,0,0,25,0,25,0,4,105,0,109,0,4,130,0,134,30,0,30,164
06/07/2012,SNS,CA,AWP,WE,Federal Contract Tower,0,0,15,0,15,0,6,100,0,106,0,6,115,0,121,34,0,34,155
06/08/2012,SNS,CA,AWP,WE,Federal Contract Tower,0,1,9,0,10,0,6,100,0,106,0,7,109,0,116,0,0,0,116
06/09/2012,SNS,CA,AWP,WE,Federal Contract Tower,0,0,25,0,25,0,2,104,0,106,0,2,129,0,131,48,0,48,179
06/10/2012,SNS,CA,AWP,WE,Federal Contract Tower,0,0,36,0,36,0,2,161,0,163,0,2,197,0,199,72,0,72,271
06/11/2012,SNS,CA,AWP,WE,Federal Contract Tower,0,0,37,0,37,0,4,118,0,122,0,4,155,0,159,40,0,40,199
06/12/2012,SNS,CA,AWP,WE,Federal Contract Tower,0,0,29,0,29,0,6,91,0,97,0,6,120,0,126,30,0,30,156
06/13/2012,SNS,CA,AWP,WE,Federal Contract Tower,0,0,26,0,26,0,2,69,0,71,0,2,95,0,97,14,0,14,111
06/14/2012,SNS,CA,AWP,WE,Federal Contract Tower,0,0,26,0,26,0,3,108,0,111,0,3,134,0,137,0,0,0,137
06/15/2012,SNS,CA,AWP,WE,Federal Contract Tower,0,0,31,0,31,0,2,82,0,84,0,2,113,0,115,62,0,62,177
06/16/2012,SNS,CA,AWP,WE,Federal Contract Tower,0,0,9,0,9,0,1,98,0,99,0,1,107,0,108,120,0,120,228
06/17/2012,SNS,CA,AWP,WE,Federal Contract Tower,0,0,24,0,24,0,0,82,0,82,0,0,106,0,106,30,0,30,136
06/18/2012,SNS,CA,AWP,WE,Federal Contract Tower,0,0,47,0,47,0,0,73,0,73,0,0,120,0,120,28,0,28,148
06/19/2012,SNS,CA,AWP,WE,Federal Contract Tower,0,0,42,0,42,0,0,118,0,118,0,0,160,0,160,32,0,32,192
06/20/2012,SNS,CA,AWP,WE,Federal Contract Tower,0,0,34,0,34,0,0,92,0,92,0,0,126,0,126,28,0,28,154
06/21/2012,SNS,CA,AWP,WE,Federal Contract Tower,0,0,56,0,56,0,2,50,0,52,0,2,106,0,108,22,0,22,130
06/22/2012,SNS,CA,AWP,WE,Federal Contract Tower,0,2,29,0,31,0,7,94,0,101,0,9,123,0,132,12,0,12,144
06/23/2012,SNS,CA,AWP,WE,Federal Contract Tower,0,0,8,0,8,0,2,100,0,102,0,2,108,0,110,26,0,26,136
06/24/2012,SNS,CA,AWP,WE,Federal Contract Tower,0,0,18,0,18,0,2,68,0,70,0,2,86,0,88,28,0,28,116
06/25/2012,SNS,CA,AWP,WE,Federal Contract Tower,0,0,31,0,31,0,5,109,0,114,0,5,140,0,145,58,0,58,203
06/26/2012,SNS,CA,AWP,WE,Federal Contract Tower,0,0,25,0,25,0,2,123,0,125,0,2,148,0,150,32,0,32,182
06/27/2012,SNS,CA,AWP,WE,Federal Contract Tower,0,3,40,0,43,0,8,147,0,155,0,11,187,0,198,46,0,46,244
06/28/2012,SNS,CA,AWP,WE,Federal Contract Tower,0,0,26,0,26,0,6,98,0,104,0,6,124,0,130,36,0,36,166
06/29/2012,SNS,CA,AWP,WE,Federal Contract Tower,0,1,44,0,45,0,6,88,0,94,0,7,132,0,139,46,0,46,185
06/30/2012,SNS,CA,AWP,WE,Federal Contract Tower,0,5,37,0,42,0,2,50,0,52,0,7,87,0,94,44,0,44,138
07/01/2012,SNS,CA,AWP,WE,Federal Contract Tower,0,0,33,0,33,0,2,115,0,117,0,2,148,0,150,72,0,72,222
07/02/2012,SNS,CA,AWP,WE,Federal Contract Tower,0,0,24,0,24,0,0,47,0,47,0,0,71,0,71,22,0,22,93
07/03/2012,SNS,CA,AWP,WE,Federal Contract Tower,0,2,30,0,32,0,3,126,0,129,0,5,156,0,161,38,0,38,199
07/04/2012,SNS,CA,AWP,WE,Federal Contract Tower,0,4,12,0,16,0,0,85,0,85,0,4,97,0,101,58,0,58,159
07/05/2012,SNS,CA,AWP,WE,Federal Contract Tower,0,7,24,0,31,0,9,104,0,113,0,16,128,0,144,34,0,34,178
07/06/2012,SNS,CA,AWP,WE,Federal Contract Tower,0,0,62,0,62,0,0,27,0,27,0,0,89,0,89,0,0,0,89
07/07/2012,SNS,CA,AWP,WE,Federal Contract Tower,0,1,0,0,1,0,1,49,0,50,0,2,49,0,51,38,0,38,89
07/08/2012,SNS,CA,AWP,WE,Federal Contract Tower,0,0,46,0,46,0,0,73,0,73,0,0,119,0,119,46,0,46,165
07/09/2012,SNS,CA,AWP,WE,Federal Contract Tower,0,3,40,0,43,0,2,78,0,80,0,5,118,0,123,32,0,32,155
07/10/2012,SNS,CA,AWP,WE,Federal Contract Tower,0,7,48,0,55,0,6,83,0,89,0,13,131,0,144,64,0,64,208
07/11/2012,SNS,CA,AWP,WE,Federal Contract Tower,0,0,50,0,50,0,4,119,0,123,0,4,169,0,173,44,0,44,217
07/12/2012,SNS,CA,AWP,WE,Federal Contract Tower,0,0,48,0,48,0,2,89,0,91,0,2,137,0,139,16,0,16,155
07/13/2012,SNS,CA,AWP,WE,Federal Contract Tower,0,0,49,0,49,0,4,99,0,103,0,4,148,0,152,14,0,14,166
07/14/2012,SNS,CA,AWP,WE,Federal Contract Tower,0,0,18,0,18,0,0,134,0,134,0,0,152,0,152,18,0,18,170
07/15/2012,SNS,CA,AWP,WE,Federal Contract Tower,0,0,55,0,55,0,4,109,0,113,0,4,164,0,168,54,0,54,222
07/16/2012,SNS,CA,AWP,WE,Federal Contract Tower,0,3,45,0,48,0,4,74,0,78,0,7,119,0,126,36,0,36,162
07/17/2012,SNS,CA,AWP,WE,Federal Contract Tower,0,2,25,0,27,0,9,102,0,111,0,11,127,0,138,32,0,32,170
07/18/2012,SNS,CA,AWP,WE,Federal Contract Tower,0,2,17,0,19,0,0,145,0,145,0,2,162,0,164,58,0,58,222
07/19/2012,SNS,CA,AWP,WE,Federal Contract Tower,0,2,25,0,27,0,6,110,0,116,0,8,135,0,143,28,0,28,171
07/20/2012,SNS,CA,AWP,WE,Federal Contract Tower,0,0,25,0,25,0,2,62,0,64,0,2,87,0,89,10,0,10,99
07/21/2012,SNS,CA,AWP,WE,Federal Contract Tower,0,3,27,0,30,0,4,89,0,93,0,7,116,0,123,20,0,20,143
07/22/2012,SNS,CA,AWP,WE,Federal Contract Tower,0,0,48,0,48,0,3,100,0,103,0,3,148,0,151,74,0,74,225
07/23/2012,SNS,CA,AWP,WE,Federal Contract Tower,0,0,18,0,18,0,3,109,0,112,0,3,127,0,130,54,0,54,184
07/24/2012,SNS,CA,AWP,WE,Federal Contract Tower,0,0,20,0,20,0,3,129,0,132,0,3,149,0,152,44,0,44,196
07/25/2012,SNS,CA,AWP,WE,Federal Contract Tower,0,2,16,0,18,0,0,75,0,75,0,2,91,0,93,48,0,48,141
07/26/2012,SNS,CA,AWP,WE,Federal Contract Tower,0,2,10,0,12,0,4,83,0,87,0,6,93,0,99,34,0,34,133
07/27/2012,SNS,CA,AWP,WE,Federal Contract Tower,0,4,26,0,30,0,4,94,0,98,0,8,120,0,128,24,0,24,152
07/28/2012,SNS,CA,AWP,WE,Federal Contract Tower,0,0,22,0,22,0,0,72,0,72,0,0,94,0,94,18,0,18,112
07/29/2012,SNS,CA,AWP,WE,Federal Contract Tower,0,0,44,0,44,0,4,106,0,110,0,4,150,0,154,58,0,58,212
07/30/2012,SNS,CA,AWP,WE,Federal Contract Tower,0,0,22,0,22,0,3,122,0,125,0,3,144,0,147,42,0,42,189
07/31/2012,SNS,CA,AWP,WE,Federal Contract Tower,0,5,25,2,32,0,5,54,0,59,0,10,79,2,91,44,0,44,135
08/01/2012,SNS,CA,AWP,WE,Federal Contract Tower,0,1,61,0,62,0,2,51,0,53,0,3,112,0,115,92,0,92,207
08/02/2012,SNS,CA,AWP,WE,Federal Contract Tower,0,3,38,0,41,0,0,41,0,41,0,3,79,0,82,40,0,40,122
08/03/2012,SNS,CA,AWP,WE,Federal Contract Tower,0,0,31,0,31,0,0,65,0,65,0,0,96,0,96,46,0,46,142
08/04/2012,SNS,CA,AWP,WE,Federal Contract Tower,0,0,32,0,32,0,0,55,0,55,0,0,87,0,87,30,0,30,117
08/05/2012,SNS,CA,AWP,WE,Federal Contract Tower,0,0,55,0,55,0,2,78,0,80,0,2,133,0,135,64,0,64,199
08/06/2012,SNS,CA,AWP,WE,Federal Contract Tower,0,0,34,0,34,0,2,137,0,139,0,2,171,0,173,84,0,84,257
08/07/2012,SNS,CA,AWP,WE,Federal Contract Tower,0,2,14,0,16,0,2,62,0,64,0,4,76,0,80,36,0,36,116
08/08/2012,SNS,CA,AWP,WE,Federal Contract Tower,0,2,27,0,29,0,6,81,0,87,0,8,108,0,116,44,0,44,160
08/09/2012,SNS,CA,AWP,WE,Federal Contract Tower,0,3,22,0,25,0,5,102,0,107,0,8,124,0,132,76,0,76,208
08/10/2012,SNS,CA,AWP,WE,Federal Contract Tower,0,6,23,0,29,0,5,115,0,120,0,11,138,0,149,72,0,72,221
08/11/2012,SNS,CA,AWP,WE,Federal Contract Tower,0,2,41,0,43,0,4,99,0,103,0,6,140,0,146,65,0,65,211
08/12/2012,SNS,CA,AWP,WE,Federal Contract Tower,0,0,63,0,63,0,2,147,0,149,0,2,210,0,212,46,0,46,258
08/13/2012,SNS,CA,AWP,WE,Federal Contract Tower,0,1,25,0,26,0,2,90,0,92,0,3,115,0,118,46,0,46,164
08/14/2012,SNS,CA,AWP,WE,Federal Contract Tower,0,0,34,0,34,0,0,106,0,106,0,0,140,0,140,37,0,37,177
08/15/2012,SNS,CA,AWP,WE,Federal Contract Tower,0,3,40,1,44,0,0,81,0,81,0,3,121,1,125,0,0,0,125
08/16/2012,SNS,CA,AWP,WE,Federal Contract Tower,0,5,90,0,95,0,3,96,1,100,0,8,186,1,195,55,0,55,250
08/17/2012,SNS,CA,AWP,WE,Federal Contract Tower,0,2,38,0,40,0,0,69,0,69,0,2,107,0,109,33,0,33,142
08/18/2012,SNS,CA,AWP,WE,Federal Contract Tower,0,0,8,0,8,0,5,101,0,106,0,5,109,0,114,35,0,35,149
08/19/2012,SNS,CA,AWP,WE,Federal Contract Tower,0,2,49,0,51,0,3,114,0,117,0,5,163,0,168,38,0,38,206
08/20/2012,SNS,CA,AWP,WE,Federal Contract Tower,0,3,70,0,73,0,4,78,0,82,0,7,148,0,155,32,0,32,187
08/21/2012,SNS,CA,AWP,WE,Federal Contract Tower,0,9,59,0,68,0,0,65,0,65,0,9,124,0,133,21,0,21,154
08/22/2012,SNS,CA,AWP,WE,Federal Contract Tower,0,2,43,0,45,0,2,80,0,82,0,4,123,0,127,26,0,26,153
08/23/2012,SNS,CA,AWP,WE,Federal Contract Tower,0,2,36,0,38,0,4,57,0,61,0,6,93,0,99,42,0,42,141
08/24/2012,SNS,CA,AWP,WE,Federal Contract Tower,0,1,67,0,68,0,1,76,0,77,0,2,143,0,145,23,0,23,168
08/25/2012,SNS,CA,AWP,WE,Federal Contract Tower,0,3,28,0,31,0,0,61,0,61,0,3,89,0,92,20,0,20,112
08/26/2012,SNS,CA,AWP,WE,Federal Contract Tower,0,2,29,0,31,0,6,114,0,120,0,8,143,0,151,54,0,54,205
08/27/2012,SNS,CA,AWP,WE,Federal Contract Tower,0,2,23,0,25,0,4,144,0,148,0,6,167,0,173,64,0,64,237
08/28/2012,SNS,CA,AWP,WE,Federal Contract Tower,0,2,23,4,29,0,3,129,0,132,0,5,152,4,161,50,10,60,221
08/29/2012,SNS,CA,AWP,WE,Federal Contract Tower,0,6,27,0,33,0,4,65,0,69,0,10,92,0,102,38,0,38,140
08/30/2012,SNS,CA,AWP,WE,Federal Contract Tower,0,4,25,0,29,0,4,52,0,56,0,8,77,0,85,24,0,24,109
08/31/2012,SNS,CA,AWP,WE,Federal Contract Tower,0,0,23,0,23,0,9,112,0,121,0,9,135,0,144,21,0,21,165
09/01/2012,SNS,CA,AWP,WE,Federal Contract Tower,0,0,18,0,18,0,3,82,0,85,0,3,100,0,103,21,0,21,124
09/02/2012,SNS,CA,AWP,WE,Federal Contract Tower,0,1,20,0,21,0,3,93,0,96,0,4,113,0,117,22,0,22,139
09/03/2012,SNS,CA,AWP,WE,Federal Contract Tower,0,1,20,0,21,0,2,110,0,112,0,3,130,0,133,10,0,10,143
09/04/2012,SNS,CA,AWP,WE,Federal Contract Tower,0,3,41,0,44,0,3,78,0,81,0,6,119,0,125,42,0,42,167
09/05/2012,SNS,CA,AWP,WE,Federal Contract Tower,0,1,40,0,41,0,0,61,0,61,0,1,101,0,102,26,0,26,128
09/06/2012,SNS,CA,AWP,WE,Federal Contract Tower,0,2,41,0,43,0,0,61,0,61,0,2,102,0,104,38,0,38,142
09/07/2012,SNS,CA,AWP,WE,Federal Contract Tower,0,0,20,0,20,0,0,97,0,97,0,0,117,0,117,22,0,22,139
09/08/2012,SNS,CA,AWP,WE,Federal Contract Tower,0,0,21,0,21,0,2,86,0,88,0,2,107,0,109,39,0,39,148
09/09/2012,SNS,CA,AWP,WE,Federal Contract Tower,0,4,21,0,25,0,5,147,0,152,0,9,168,0,177,50,0,50,227
09/10/2012,SNS,CA,AWP,WE,Federal Contract Tower,0,5,34,0,39,0,3,105,0,108,0,8,139,0,147,34,0,34,181
09/11/2012,SNS,CA,AWP,WE,Federal Contract Tower,0,0,53,2,55,0,0,70,0,70,0,0,123,2,125,26,0,26,151
09/12/2012,SNS,CA,AWP,WE,Federal Contract Tower,0,2,51,2,55,0,2,58,0,60,0,4,109,2,115,18,0,18,133
09/13/2012,SNS,CA,AWP,WE,Federal Contract Tower,0,2,36,0,38,0,2,46,0,48,0,4,82,0,86,24,0,24,110
09/14/2012,SNS,CA,AWP,WE,Federal Contract Tower,0,9,68,0,77,0,0,72,0,72,0,9,140,0,149,34,0,34,183
09/15/2012,SNS,CA,AWP,WE,Federal Contract Tower,0,2,52,0,54,0,5,151,0,156,0,7,203,0,210,92,0,92,302
09/16/2012,SNS,CA,AWP,WE,Federal Contract Tower,0,5,77,0,82,0,5,106,0,111,0,10,183,0,193,74,0,74,267
09/17/2012,SNS,CA,AWP,WE,Federal Contract Tower,0,0,34,0,34,0,6,109,0,115,0,6,143,0,149,40,0,40,189
09/18/2012,SNS,CA,AWP,WE,Federal Contract Tower,0,5,29,2,36,0,0,69,0,69,0,5,98,2,105,23,0,23,128
09/19/2012,SNS,CA,AWP,WE,Federal Contract Tower,0,4,21,0,25,0,0,114,0,114,0,4,135,0,139,46,0,46,185
09/20/2012,SNS,CA,AWP,WE,Federal Contract Tower,0,2,14,0,16,0,4,89,0,93,0,6,103,0,109,14,0,14,123
09/21/2012,SNS,CA,AWP,WE,Federal Contract Tower,0,2,3,2,7,0,0,68,8,76,0,2,71,10,83,6,0,6,89
09/22/2012,SNS,CA,AWP,WE,Federal Contract Tower,0,5,1,0,6,0,0,49,0,49,0,5,50,0,55,2,0,2,57
09/23/2012,SNS,CA,AWP,WE,Federal Contract Tower,0,0,30,3,33,0,0,82,6,88,0,0,112,9,121,0,6,6,127
09/24/2012,SNS,CA,AWP,WE,Federal Contract Tower,0,1,22,6,29,0,0,74,0,74,0,1,96,6,103,0,0,0,103
09/25/2012,SNS,CA,AWP,WE,Federal Contract Tower,0,0,23,0,23,0,0,57,1,58,0,0,80,1,81,44,6,50,131
09/26/2012,SNS,CA,AWP,WE,Federal Contract Tower,0,3,32,0,35,0,0,99,0,99,0,3,131,0,134,50,0,50,184
09/27/2012,SNS,CA,AWP,WE,Federal Contract Tower,0,7,27,1,35,0,0,56,0,56,0,7,83,1,91,14,0,14,105
09/28/2012,SNS,CA,AWP,WE,Federal Contract Tower,0,0,55,0,55,0,4,47,0,51,0,4,102,0,106,0,0,0,106
09/29/2012,SNS,CA,AWP,WE,Federal Contract Tower,0,0,42,0,42,0,0,71,0,71,0,0,113,0,113,48,0,48,161
09/30/2012,SNS,CA,AWP,WE,Federal Contract Tower,0,4,28,0,32,0,4,93,0,97,0,8,121,0,129,42,0,42,171
10/01/2012,SNS,CA,AWP,WE,Federal Contract Tower,0,4,28,0,32,0,3,105,2,110,0,7,133,2,142,48,0,48,190
10/02/2012,SNS,CA,AWP,WE,Federal Contract Tower,0,4,14,0,18,0,4,88,0,92,0,8,102,0,110,2,0,2,112
10/03/2012,SNS,CA,AWP,WE,Federal Contract Tower,0,0,41,0,41,0,1,99,0,100,0,1,140,0,141,16,0,16,157
10/04/2012,SNS,CA,AWP,WE,Federal Contract Tower,0,2,21,0,23,0,2,67,0,69,0,4,88,0,92,40,0,40,132
10/05/2012,SNS,CA,AWP,WE,Federal Contract Tower,0,4,37,0,41,0,4,79,0,83,0,8,116,0,124,28,0,28,152
10/06/2012,SNS,CA,AWP,WE,Federal Contract Tower,0,4,11,0,15,0,0,108,0,108,0,4,119,0,123,82,0,82,205
10/07/2012,SNS,CA,AWP,WE,Federal Contract Tower,0,4,35,0,39,0,2,110,0,112,0,6,145,0,151,60,0,60,211
10/08/2012,SNS,CA,AWP,WE,Federal Contract Tower,0,4,22,0,26,0,3,57,0,60,0,7,79,0,86,56,0,56,142
10/09/2012,SNS,CA,AWP,WE,Federal Contract Tower,0,4,15,0,19,0,3,82,0,85,0,7,97,0,104,14,2,16,120
10/10/2012,SNS,CA,AWP,WE,Federal Contract Tower,0,0,19,0,19,0,0,51,0,51,0,0,70,0,70,20,0,20,90
10/11/2012,SNS,CA,AWP,WE,Federal Contract Tower,0,2,22,0,24,0,4,67,0,71,0,6,89,0,95,26,0,26,121
10/12/2012,SNS,CA,AWP,WE,Federal Contract Tower,0,2,28,0,30,0,3,69,0,72,0,5,97,0,102,18,0,18,120
10/13/2012,SNS,CA,AWP,WE,Federal Contract Tower,0,4,27,0,31,0,4,80,0,84,0,8,107,0,115,60,0,60,175
10/14/2012,SNS,CA,AWP,WE,Federal Contract Tower,0,4,22,0,26,0,3,100,0,103,0,7,122,0,129,60,0,60,189
10/15/2012,SNS,CA,AWP,WE,Federal Contract Tower,0,4,32,0,36,0,1,72,0,73,0,5,104,0,109,44,0,44,153
10/16/2012,SNS,CA,AWP,WE,Federal Contract Tower,0,4,19,0,23,0,2,79,0,81,0,6,98,0,104,30,0,30,134
10/17/2012,SNS,CA,AWP,WE,Federal Contract Tower,0,2,23,0,25,0,2,90,0,92,0,4,113,0,117,48,0,48,165
10/18/2012,SNS,CA,AWP,WE,Federal Contract Tower,0,2,27,0,29,0,6,101,0,107,0,8,128,0,136,54,0,54,190
10/19/2012,SNS,CA,AWP,WE,Federal Contract Tower,0,2,34,0,36,0,0,55,0,55,0,2,89,0,91,28,0,28,119
10/20/2012,SNS,CA,AWP,WE,Federal Contract Tower,0,2,64,0,66,0,0,13,0,13,0,2,77,0,79,14,0,14,93
10/21/2012,SNS,CA,AWP,WE,Federal Contract Tower,0,2,32,0,34,0,0,92,0,92,0,2,124,0,126,56,0,56,182
10/22/2012,SNS,CA,AWP,WE,Federal Contract Tower,0,2,12,2,16,0,0,28,0,28,0,2,40,2,44,8,12,20,64
10/23/2012,SNS,CA,AWP,WE,Federal Contract Tower,0,2,27,0,29,0,1,80,0,81,0,3,107,0,110,68,0,68,178
10/24/2012,SNS,CA,AWP,WE,Federal Contract Tower,0,2,19,0,21,0,0,86,0,86,0,2,105,0,107,18,0,18,125
10/25/2012,SNS,CA,AWP,WE,Federal Contract Tower,0,2,25,0,27,0,0,83,0,83,0,2,108,0,110,32,0,32,142
10/26/2012,SNS,CA,AWP,WE,Federal Contract Tower,0,5,30,0,35,0,3,90,0,93,0,8,120,0,128,34,0,34,162
10/27/2012,SNS,CA,AWP,WE,Federal Contract Tower,0,2,19,0,21,0,6,103,0,109,0,8,122,0,130,36,0,36,166
10/28/2012,SNS,CA,AWP,WE,Federal Contract Tower,0,4,28,0,32,0,6,113,0,119,0,10,141,0,151,66,0,66,217
10/29/2012,SNS,CA,AWP,WE,Federal Contract Tower,0,0,15,0,15,0,0,63,0,63,0,0,78,0,78,42,0,42,120
10/30/2012,SNS,CA,AWP,WE,Federal Contract Tower,0,2,37,0,39,0,0,75,0,75,0,2,112,0,114,28,0,28,142
10/31/2012,SNS,CA,AWP,WE,Federal Contract Tower,0,0,28,0,28,0,1,25,0,26,0,1,53,0,54,0,0,0,54
11/01/2012,SNS,CA,AWP,WE,Federal Contract Tower,0,1,9,0,10,0,0,13,0,13,0,1,22,0,23,0,0,0,23
11/02/2012,SNS,CA,AWP,WE,Federal Contract Tower,0,0,25,0,25,0,2,41,0,43,0,2,66,0,68,26,0,26,94
11/03/2012,SNS,CA,AWP,WE,Federal Contract Tower,0,1,24,0,25,0,2,111,0,113,0,3,135,0,138,96,0,96,234
11/04/2012,SNS,CA,AWP,WE,Federal Contract Tower,0,0,15,0,15,0,1,131,0,132,0,1,146,0,147,56,0,56,203
11/05/2012,SNS,CA,AWP,WE,Federal Contract Tower,0,2,12,0,14,0,1,78,0,79,0,3,90,0,93,28,0,28,121
11/06/2012,SNS,CA,AWP,WE,Federal Contract Tower,0,2,18,0,20,0,14,84,0,98,0,16,102,0,118,36,0,36,154
11/07/2012,SNS,CA,AWP,WE,Federal Contract Tower,0,0,35,0,35,0,1,17,0,18,0,1,52,0,53,28,0,28,81
11/08/2012,SNS,CA,AWP,WE,Federal Contract Tower,0,0,8,0,8,0,2,37,0,39,0,2,45,0,47,18,0,18,65
11/09/2012,SNS,CA,AWP,WE,Federal Contract Tower,0,0,18,0,18,0,4,33,0,37,0,4,51,0,55,10,0,10,65
11/10/2012,SNS,CA,AWP,WE,Federal Contract Tower,0,2,11,0,13,0,4,101,0,105,0,6,112,0,118,42,0,42,160
11/11/2012,SNS,CA,AWP,WE,Federal Contract Tower,0,2,25,0,27,0,3,122,0,125,0,5,147,0,152,104,0,104,256
11/12/2012,SNS,CA,AWP,WE,Federal Contract Tower,0,0,28,0,28,0,7,75,0,82,0,7,103,0,110,62,0,62,172
11/13/2012,SNS,CA,AWP,WE,Federal Contract Tower,0,2,22,0,24,0,5,78,0,83,0,7,100,0,107,64,0,64,171
11/14/2012,SNS,CA,AWP,WE,Federal Contract Tower,0,2,16,0,18,0,2,94,0,96,0,4,110,0,114,46,0,46,160
11/15/2012,SNS,CA,AWP,WE,Federal Contract Tower,0,2,40,0,42,0,6,85,0,91,0,8,125,0,133,28,0,28,161
11/16/2012,SNS,CA,AWP,WE,Federal Contract Tower,0,0,15,0,15,0,2,7,0,9,0,2,22,0,24,0,0,0,24
11/17/2012,SNS,CA,AWP,WE,Federal Contract Tower,0,3,30,0,33,0,0,10,0,10,0,3,40,0,43,0,0,0,43
11/18/2012,SNS,CA,AWP,WE,Federal Contract Tower,0,0,34,0,34,0,3,105,0,108,0,3,139,0,142,46,0,46,188
11/19/2012,SNS,CA,AWP,WE,Federal Contract Tower,0,2,26,0,28,0,1,92,0,93,0,3,118,0,121,82,0,82,203
11/20/2012,SNS,CA,AWP,WE,Federal Contract Tower,0,2,38,4,44,0,4,80,0,84,0,6,118,4,128,42,0,42,170
11/21/2012,SNS,CA,AWP,WE,Federal Contract Tower,0,2,35,0,37,0,0,65,0,65,0,2,100,0,102,0,0,0,102
11/22/2012,SNS,CA,AWP,WE,Federal Contract Tower,0,0,0,0,0,0,5,40,0,45,0,5,40,0,45,32,0,32,77
11/23/2012,SNS,CA,AWP,WE,Federal Contract Tower,0,2,14,0,16,0,5,68,0,73,0,7,82,0,89,76,0,76,165
11/24/2012,SNS,CA,AWP,WE,Federal Contract Tower,0,0,18,0,18,0,5,91,0,96,0,5,109,0,114,28,0,28,142
11/25/2012,SNS,CA,AWP,WE,Federal Contract Tower,0,0,23,0,23,0,0,112,0,112,0,0,135,0,135,78,0,78,213
11/26/2012,SNS,CA,AWP,WE,Federal Contract Tower,0,2,30,0,32,0,2,92,0,94,0,4,122,0,126,22,0,22,148
11/27/2012,SNS,CA,AWP,WE,Federal Contract Tower,0,1,19,0,20,0,2,69,0,71,0,3,88,0,91,10,0,10,101
11/28/2012,SNS,CA,AWP,WE,Federal Contract Tower,0,0,9,0,9,0,8,2,0,10,0,8,11,0,19,0,0,0,19
11/29/2012,SNS,CA,AWP,WE,Federal Contract Tower,0,0,20,0,20,0,0,19,0,19,0,0,39,0,39,6,0,6,45
11/30/2012,SNS,CA,AWP,WE,Federal Contract Tower,0,1,12,0,13,0,3,14,0,17,0,4,26,0,30,0,0,0,30
12/01/2012,SNS,CA,AWP,WE,Federal Contract Tower,0,0,16,0,16,0,3,16,0,19,0,3,32,0,35,10,0,10,45
12/02/2012,SNS,CA,AWP,WE,Federal Contract Tower,0,3,3,0,6,0,2,0,0,2,0,5,3,0,8,0,0,0,8
12/03/2012,SNS,CA,AWP,WE,Federal Contract Tower,0,1,11,0,12,0,0,66,0,66,0,1,77,0,78,4,0,4,82
12/04/2012,SNS,CA,AWP,WE,Federal Contract Tower,0,1,33,0,34,0,3,59,0,62,0,4,92,0,96,36,0,36,132
12/05/2012,SNS,CA,AWP,WE,Federal Contract Tower,0,0,17,0,17,0,2,26,0,28,0,2,43,0,45,58,0,58,103
12/06/2012,SNS,CA,AWP,WE,Federal Contract Tower,0,11,38,0,49,0,12,42,0,54,0,23,80,0,103,104,0,104,207
12/07/2012,SNS,CA,AWP,WE,Federal Contract Tower,0,0,24,0,24,0,2,81,0,83,0,2,105,0,107,58,0,58,165
12/08/2012,SNS,CA,AWP,WE,Federal Contract Tower,0,1,49,0,50,0,4,100,0,104,0,5,149,0,154,78,0,78,232
12/09/2012,SNS,CA,AWP,WE,Federal Contract Tower,0,2,28,0,30,0,5,122,0,127,0,7,150,0,157,66,0,66,223
12/10/2012,SNS,CA,AWP,WE,Federal Contract Tower,0,0,39,2,41,0,4,102,0,106,0,4,141,2,147,30,2,32,179
12/11/2012,SNS,CA,AWP,WE,Federal Contract Tower,0,1,21,0,22,0,1,42,0,43,0,2,63,0,65,12,0,12,77
12/12/2012,SNS,CA,AWP,WE,Federal Contract Tower,0,0,21,0,21,0,2,44,0,46,0,2,65,0,67,18,0,18,85
12/13/2012,SNS,CA,AWP,WE,Federal Contract Tower,0,0,26,0,26,0,0,30,0,30,0,0,56,0,56,0,0,0,56
12/14/2012,SNS,CA,AWP,WE,Federal Contract Tower,0,4,28,4,36,0,4,63,0,67,0,8,91,4,103,38,0,38,141
12/15/2012,SNS,CA,AWP,WE,Federal Contract Tower,0,0,16,0,16,0,6,57,0,63,0,6,73,0,79,28,0,28,107
12/16/2012,SNS,CA,AWP,WE,Federal Contract Tower,0,1,24,0,25,0,3,54,0,57,0,4,78,0,82,66,0,66,148
12/17/2012,SNS,CA,AWP,WE,Federal Contract Tower,0,3,32,0,35,0,2,20,0,22,0,5,52,0,57,0,0,0,57
12/18/2012,SNS,CA,AWP,WE,Federal Contract Tower,0,0,20,0,20,0,2,74,0,76,0,2,94,0,96,58,0,58,154
12/19/2012,SNS,CA,AWP,WE,Federal Contract Tower,0,0,31,1,32,0,0,120,0,120,0,0,151,1,152,110,0,110,262
12/20/2012,SNS,CA,AWP,WE,Federal Contract Tower,0,0,36,0,36,0,2,84,0,86,0,2,120,0,122,56,0,56,178
12/21/2012,SNS,CA,AWP,WE,Federal Contract Tower,0,0,14,0,14,0,0,24,0,24,0,0,38,0,38,6,0,6,44
12/22/2012,SNS,CA,AWP,WE,Federal Contract Tower,0,4,10,0,14,0,0,11,0,11,0,4,21,0,25,12,0,12,37
12/23/2012,SNS,CA,AWP,WE,Federal Contract Tower,0,6,39,0,45,0,1,5,0,6,0,7,44,0,51,0,0,0,51
12/24/2012,SNS,CA,AWP,WE,Federal Contract Tower,0,0,25,0,25,0,1,81,0,82,0,1,106,0,107,40,0,40,147
12/25/2012,SNS,CA,AWP,WE,Federal Contract Tower,0,2,7,0,9,0,2,21,0,23,0,4,28,0,32,16,0,16,48
12/26/2012,SNS,CA,AWP,WE,Federal Contract Tower,0,2,64,0,66,0,0,11,0,11,0,2,75,0,77,8,0,8,85
12/27/2012,SNS,CA,AWP,WE,Federal Contract Tower,0,2,36,0,38,0,0,79,0,79,0,2,115,0,117,32,0,32,149
12/28/2012,SNS,CA,AWP,WE,Federal Contract Tower,0,1,15,0,16,0,0,68,0,68,0,1,83,0,84,30,0,30,114
12/29/2012,SNS,CA,AWP,WE,Federal Contract Tower,0,2,9,0,11,0,33,0,0,33,0,35,9,0,44,64,0,64,108
12/30/2012,SNS,CA,AWP,WE,Federal Contract Tower,0,0,41,0,41,0,5,85,0,90,0,5,126,0,131,70,0,70,201
12/31/2012,SNS,CA,AWP,WE,Federal Contract Tower,0,2,20,0,22,0,3,52,0,55,0,5,72,0,77,36,0,36,113
01/01/2013,SNS,CA,AWP,WE,Federal Contract Tower,2,0,12,0,14,0,0,53,0,53,2,0,65,0,67,6,0,6,73
01/02/2013,SNS,CA,AWP,WE,Federal Contract Tower,0,0,19,0,19,0,4,46,0,50,0,4,65,0,69,30,0,30,99
01/03/2013,SNS,CA,AWP,WE,Federal Contract Tower,0,0,38,0,38,0,0,72,0,72,0,0,110,0,110,52,0,52,162
01/04/2013,SNS,CA,AWP,WE,Federal Contract Tower,0,2,17,0,19,0,2,71,0,73,0,4,88,0,92,86,0,86,178
01/05/2013,SNS,CA,AWP,WE,Federal Contract Tower,0,1,4,0,5,0,5,45,0,50,0,6,49,0,55,40,0,40,95
01/06/2013,SNS,CA,AWP,WE,Federal Contract Tower,0,0,20,0,20,0,0,32,0,32,0,0,52,0,52,36,0,36,88
01/07/2013,SNS,CA,AWP,WE,Federal Contract Tower,0,0,18,0,18,0,0,38,0,38,0,0,56,0,56,18,0,18,74
01/08/2013,SNS,CA,AWP,WE,Federal Contract Tower,0,1,41,0,42,0,0,77,0,77,0,1,118,0,119,76,0,76,195
01/09/2013,SNS,CA,AWP,WE,Federal Contract Tower,0,0,18,0,18,0,0,39,0,39,0,0,57,0,57,20,0,20,77
01/10/2013,SNS,CA,AWP,WE,Federal Contract Tower,0,4,17,0,21,0,4,60,0,64,0,8,77,0,85,54,0,54,139
01/11/2013,SNS,CA,AWP,WE,Federal Contract Tower,0,1,14,0,15,0,6,81,0,87,0,7,95,0,102,56,0,56,158
01/12/2013,SNS,CA,AWP,WE,Federal Contract Tower,0,2,22,0,24,0,4,71,0,75,0,6,93,0,99,160,0,160,259
01/13/2013,SNS,CA,AWP,WE,Federal Contract Tower,0,0,17,0,17,0,3,142,0,145,0,3,159,0,162,182,0,182,344
01/14/2013,SNS,CA,AWP,WE,Federal Contract Tower,0,0,17,2,19,0,0,84,0,84,0,0,101,2,103,120,0,120,223
01/15/2013,SNS,CA,AWP,WE,Federal Contract Tower,0,0,15,0,15,0,0,139,0,139,0,0,154,0,154,344,0,344,498
01/16/2013,SNS,CA,AWP,WE,Federal Contract Tower,0,0,13,0,13,0,0,192,0,192,0,0,205,0,205,528,0,528,733
01/17/2013,SNS,CA,AWP,WE,Federal Contract Tower,0,0,34,0,34,0,3,111,0,114,0,3,145,0,148,392,0,392,540
01/18/2013,SNS,CA,AWP,WE,Federal Contract Tower,0,0,9,0,9,0,4,93,0,97,0,4,102,0,106,50,0,50,156
01/19/2013,SNS,CA,AWP,WE,Federal Contract Tower,0,1,13,0,14,0,0,112,0,112,0,1,125,0,126,254,0,254,380
01/20/2013,SNS,CA,AWP,WE,Federal Contract Tower,0,2,14,0,16,0,1,113,0,114,0,3,127,0,130,104,0,104,234
01/21/2013,SNS,CA,AWP,WE,Federal Contract Tower,0,0,13,0,13,0,0,112,0,112,0,0,125,0,125,56,0,56,181
01/22/2013,SNS,CA,AWP,WE,Federal Contract Tower,0,0,23,0,23,0,0,70,0,70,0,0,93,0,93,26,0,26,119
01/23/2013,SNS,CA,AWP,WE,Federal Contract Tower,0,0,36,0,36,0,3,51,0,54,0,3,87,0,90,52,0,52,142
01/24/2013,SNS,CA,AWP,WE,Federal Contract Tower,0,2,44,0,46,0,0,48,0,48,0,2,92,0,94,26,0,26,120
01/25/2013,SNS,CA,AWP,WE,Federal Contract Tower,0,0,27,0,27,0,5,53,0,58,0,5,80,0,85,36,0,36,121
01/26/2013,SNS,CA,AWP,WE,Federal Contract Tower,0,0,17,0,17,0,4,59,0,63,0,4,76,0,80,42,0,42,122
01/27/2013,SNS,CA,AWP,WE,Federal Contract Tower,0,0,25,0,25,0,4,75,0,79,0,4,100,0,104,10,0,10,114
01/28/2013,SNS,CA,AWP,WE,Federal Contract Tower,0,0,12,0,12,0,4,61,0,65,0,4,73,0,77,32,0,32,109
01/29/2013,SNS,CA,AWP,WE,Federal Contract Tower,0,0,30,0,30,0,0,88,0,88,0,0,118,0,118,14,0,14,132
01/30/2013,SNS,CA,AWP,WE,Federal Contract Tower,0,0,17,0,17,0,2,92,0,94,0,2,109,0,111,86,8,94,205
01/31/2013,SNS,CA,AWP,WE,Federal Contract Tower,0,10,31,0,41,0,3,80,0,83,0,13,111,0,124,62,0,62,186
02/01/2013,SNS,CA,AWP,WE,Federal Contract Tower,0,0,10,0,10,0,8,64,0,72,0,8,74,0,82,30,0,30,112
02/02/2013,SNS,CA,AWP,WE,Federal Contract Tower,0,0,20,0,20,0,0,33,0,33,0,0,53,0,53,48,0,48,101
02/03/2013,SNS,CA,AWP,WE,Federal Contract Tower,0,0,15,0,15,0,0,62,0,62,0,0,77,0,77,70,0,70,147
02/04/2013,SNS,CA,AWP,WE,Federal Contract Tower,0,0,21,0,21,0,0,44,0,44,0,0,65,0,65,26,0,26,91
02/05/2013,SNS,CA,AWP,WE,Federal Contract Tower,0,0,46,0,46,0,2,36,0,38,0,2,82,0,84,52,0,52,136
02/06/2013,SNS,CA,AWP,WE,Federal Contract Tower,0,1,17,0,18,0,4,34,0,38,0,5,51,0,56,22,0,22,78
02/07/2013,SNS,CA,AWP,WE,Federal Contract Tower,0,1,24,0,25,0,2,53,0,55,0,3,77,0,80,32,0,32,112
02/08/2013,SNS,CA,AWP,WE,Federal Contract Tower,0,0,15,0,15,0,6,43,0,49,0,6,58,0,64,42,0,42,106
02/09/2013,SNS,CA,AWP,WE,Federal Contract Tower,0,0,21,0,21,0,4,77,0,81,0,4,98,0,102,36,0,36,138
02/10/2013,SNS,CA,AWP,WE,Federal Contract Tower,0,0,31,0,31,0,0,137,0,137,0,0,168,0,168,84,0,84,252
02/11/2013,SNS,CA,AWP,WE,Federal Contract Tower,0,1,23,0,24,0,4,86,0,90,0,5,109,0,114,32,0,32,146
02/12/2013,SNS,CA,AWP,WE,Federal Contract Tower,0,2,27,0,29,0,0,85,0,85,0,2,112,0,114,36,0,36,150
02/13/2013,SNS,CA,AWP,WE,Federal Contract Tower,0,0,27,0,27,0,2,106,0,108,0,2,133,0,135,82,0,82,217
02/14/2013,SNS,CA,AWP,WE,Federal Contract Tower,0,2,14,0,16,0,2,100,0,102,0,4,114,0,118,40,0,40,158
02/15/2013,SNS,CA,AWP,WE,Federal Contract Tower,0,4,32,0,36,0,8,109,0,117,0,12,141,0,153,72,0,72,225
02/16/2013,SNS,CA,AWP,WE,Federal Contract Tower,0,2,16,0,18,0,6,102,0,108,0,8,118,0,126,26,0,26,152
02/17/2013,SNS,CA,AWP,WE,Federal Contract Tower,0,0,14,0,14,0,0,112,0,112,0,0,126,0,126,78,0,78,204
02/18/2013,SNS,CA,AWP,WE,Federal Contract Tower,0,2,50,0,52,0,1,43,0,44,0,3,93,0,96,20,0,20,116
02/19/2013,SNS,CA,AWP,WE,Federal Contract Tower,0,0,18,0,18,0,3,26,0,29,0,3,44,0,47,0,0,0,47
02/20/2013,SNS,CA,AWP,WE,Federal Contract Tower,0,2,20,0,22,0,3,62,0,65,0,5,82,0,87,20,0,20,107
02/21/2013,SNS,CA,AWP,WE,Federal Contract Tower,0,1,35,0,36,0,1,109,2,112,0,2,144,2,148,60,0,60,208
02/22/2013,SNS,CA,AWP,WE,Federal Contract Tower,0,0,30,2,32,0,6,92,0,98,0,6,122,2,130,56,0,56,186
02/23/2013,SNS,CA,AWP,WE,Federal Contract Tower,0,2,12,0,14,0,0,72,0,72,0,2,84,0,86,32,0,32,118
02/24/2013,SNS,CA,AWP,WE,Federal Contract Tower,0,0,42,0,42,0,4,165,0,169,0,4,207,0,211,148,0,148,359
02/25/2013,SNS,CA,AWP,WE,Federal Contract Tower,0,0,34,0,34,0,2,97,0,99,0,2,131,0,133,48,0,48,181
02/26/2013,SNS,CA,AWP,WE,Federal Contract Tower,0,3,58,2,63,0,3,121,0,124,0,6,179,2,187,68,0,68,255
02/27/2013,SNS,CA,AWP,WE,Federal Contract Tower,0,0,31,0,31,0,6,106,0,112,0,6,137,0,143,72,0,72,215
02/28/2013,SNS,CA,AWP,WE,Federal Contract Tower,0,6,14,0,20,0,5,109,0,114,0,11,123,0,134,72,0,72,206
03/01/2013,SNS,CA,AWP,WE,Federal Contract Tower,0,2,8,0,10,0,0,88,0,88,0,2,96,0,98,40,0,40,138
03/02/2013,SNS,CA,AWP,WE,Federal Contract Tower,0,2,9,0,11,0,2,68,0,70,0,4,77,0,81,100,0,100,181
03/03/2013,SNS,CA,AWP,WE,Federal Contract Tower,0,0,43,0,43,0,3,77,0,80,0,3,120,0,123,58,0,58,181
03/04/2013,SNS,CA,AWP,WE,Federal Contract Tower,0,2,38,0,40,0,4,96,0,100,0,6,134,0,140,92,0,92,232
03/05/2013,SNS,CA,AWP,WE,Federal Contract Tower,0,3,49,0,52,0,4,115,0,119,0,7,164,0,171,16,0,16,187
03/06/2013,SNS,CA,AWP,WE,Federal Contract Tower,0,3,31,0,34,0,5,72,0,77,0,8,103,0,111,70,0,70,181
03/07/2013,SNS,CA,AWP,WE,Federal Contract Tower,0,0,13,0,13,0,2,74,0,76,0,2,87,0,89,40,0,40,129
03/08/2013,SNS,CA,AWP,WE,Federal Contract Tower,0,2,21,0,23,0,6,71,0,77,0,8,92,0,100,56,0,56,156
03/09/2013,SNS,CA,AWP,WE,Federal Contract Tower,0,4,32,0,36,0,5,119,2,126,0,9,151,2,162,116,0,116,278
03/10/2013,SNS,CA,AWP,WE,Federal Contract Tower,0,2,41,0,43,0,8,133,0,141,0,10,174,0,184,64,0,64,248
03/11/2013,SNS,CA,AWP,WE,Federal Contract Tower,0,2,24,0,26,0,4,119,0,123,0,6,143,0,149,48,0,48,197
03/12/2013,SNS,CA,AWP,WE,Federal Contract Tower,0,4,48,0,52,0,2,133,1,136,0,6,181,1,188,86,0,86,274
03/13/2013,SNS,CA,AWP,WE,Federal Contract Tower,0,1,22,0,23,0,0,95,0,95,0,1,117,0,118,54,0,54,172
03/14/2013,SNS,CA,AWP,WE,Federal Contract Tower,0,0,37,4,41,0,1,96,0,97,0,1,133,4,138,108,0,108,246
03/15/2013,SNS,CA,AWP,WE,Federal Contract Tower,0,0,15,0,15,0,0,52,0,52,0,0,67,0,67,50,0,50,117
03/16/2013,SNS,CA,AWP,WE,Federal Contract Tower,0,2,39,0,41,0,6,116,0,122,0,8,155,0,163,98,0,98,261
03/17/2013,SNS,CA,AWP,WE,Federal Contract Tower,0,1,19,0,20,0,3,126,0,129,0,4,145,0,149,58,0,58,207
03/18/2013,SNS,CA,AWP,WE,Federal Contract Tower,0,0,26,2,28,0,3,112,0,115,0,3,138,2,143,42,0,42,185
03/19/2013,SNS,CA,AWP,WE,Federal Contract Tower,0,4,34,0,38,0,1,94,0,95,0,5,128,0,133,44,0,44,177
03/20/2013,SNS,CA,AWP,WE,Federal Contract Tower,0,2,20,0,22,0,2,68,0,70,0,4,88,0,92,46,0,46,138
03/21/2013,SNS,CA,AWP,WE,Federal Contract Tower,0,5,32,0,37,0,0,76,0,76,0,5,108,0,113,86,0,86,199
03/22/2013,SNS,CA,AWP,WE,Federal Contract Tower,0,2,13,0,15,0,4,79,0,83,0,6,92,0,98,84,0,84,182
03/23/2013,SNS,CA,AWP,WE,Federal Contract Tower,0,5,21,0,26,0,3,118,0,121,0,8,139,0,147,84,0,84,231
03/24/2013,SNS,CA,AWP,WE,Federal Contract Tower,0,1,3,0,4,0,6,53,0,59,0,7,56,0,63,78,0,78,141
03/25/2013,SNS,CA,AWP,WE,Federal Contract Tower,0,2,26,0,28,0,0,84,0,84,0,2,110,0,112,30,0,30,142
03/26/2013,SNS,CA,AWP,WE,Federal Contract Tower,0,5,37,0,42,0,2,127,0,129,0,7,164,0,171,86,0,86,257
03/27/2013,SNS,CA,AWP,WE,Federal Contract Tower,0,0,10,0,10,0,4,87,0,91,0,4,97,0,101,48,0,48,149
03/28/2013,SNS,CA,AWP,WE,Federal Contract Tower,0,3,35,0,38,0,2,124,0,126,0,5,159,0,164,42,0,42,206
03/29/2013,SNS,CA,AWP,WE,Federal Contract Tower,0,2,8,0,10,0,2,60,0,62,0,4,68,0,72,44,0,44,116
03/30/2013,SNS,CA,AWP,WE,Federal Contract Tower,0,2,36,0,38,0,0,57,0,57,0,2,93,0,95,68,0,68,163
03/31/2013,SNS,CA,AWP,WE,Federal Contract Tower,0,1,7,0,8,0,0,97,0,97,0,1,104,0,105,22,0,22,127
04/01/2013,SNS,CA,AWP,WE,Federal Contract Tower,0,2,33,0,35,0,5,122,0,127,0,7,155,0,162,46,0,46,208
04/02/2013,SNS,CA,AWP,WE,Federal Contract Tower,0,3,37,0,40,0,0,67,0,67,0,3,104,0,107,36,0,36,143
04/03/2013,SNS,CA,AWP,WE,Federal Contract Tower,0,5,50,0,55,0,0,74,0,74,0,5,124,0,129,52,0,52,181
04/04/2013,SNS,CA,AWP,WE,Federal Contract Tower,0,5,21,0,26,0,4,74,0,78,0,9,95,0,104,38,0,38,142
04/05/2013,SNS,CA,AWP,WE,Federal Contract Tower,0,2,22,0,24,0,8,77,0,85,0,10,99,0,109,48,0,48,157
04/06/2013,SNS,CA,AWP,WE,Federal Contract Tower,0,2,6,0,8,0,0,90,0,90,0,2,96,0,98,78,0,78,176
04/07/2013,SNS,CA,AWP,WE,Federal Contract Tower,0,2,22,0,24,0,6,155,0,161,0,8,177,0,185,34,0,34,219
04/08/2013,SNS,CA,AWP,WE,Federal Contract Tower,0,3,12,0,15,0,3,76,0,79,0,6,88,0,94,38,0,38,132
04/09/2013,SNS,CA,AWP,WE,Federal Contract Tower,0,4,33,0,37,0,0,151,0,151,0,4,184,0,188,90,0,90,278
04/10/2013,SNS,CA,AWP,WE,Federal Contract Tower,0,4,15,0,19,0,4,111,0,115,0,8,126,0,134,94,0,94,228
04/11/2013,SNS,CA,AWP,WE,Federal Contract Tower,0,3,37,0,40,0,0,119,0,119,0,3,156,0,159,28,0,28,187
04/12/2013,SNS,CA,AWP,WE,Federal Contract Tower,0,2,21,0,23,0,8,81,0,89,0,10,102,0,112,50,0,50,162
04/13/2013,SNS,CA,AWP,WE,Federal Contract Tower,0,2,20,0,22,0,0,111,0,111,0,2,131,0,133,56,0,56,189
04/14/2013,SNS,CA,AWP,WE,Federal Contract Tower,0,1,28,0,29,0,5,143,0,148,0,6,171,0,177,62,0,62,239
04/15/2013,SNS,CA,AWP,WE,Federal Contract Tower,0,2,12,0,14,0,6,80,0,86,0,8,92,0,100,8,0,8,108
04/16/2013,SNS,CA,AWP,WE,Federal Contract Tower,0,2,15,0,17,0,0,96,0,96,0,2,111,0,113,24,0,24,137
04/17/2013,SNS,CA,AWP,WE,Federal Contract Tower,0,1,22,4,27,0,5,107,0,112,0,6,129,4,139,84,0,84,223
04/18/2013,SNS,CA,AWP,WE,Federal Contract Tower,0,2,20,0,22,0,1,93,0,94,0,3,113,0,116,0,0,0,116
04/19/2013,SNS,CA,AWP,WE,Federal Contract Tower,0,2,17,0,19,0,6,109,0,115,0,8,126,0,134,64,0,64,198
04/20/2013,SNS,CA,AWP,WE,Federal Contract Tower,0,2,39,0,41,0,0,172,0,172,0,2,211,0,213,80,0,80,293
04/21/2013,SNS,CA,AWP,WE,Federal Contract Tower,0,0,51,0,51,0,3,136,0,139,0,3,187,0,190,60,0,60,250
04/22/2013,SNS,CA,AWP,WE,Federal Contract Tower,0,2,6,0,8,0,2,109,0,111,0,4,115,0,119,66,0,66,185
04/23/2013,SNS,CA,AWP,WE,Federal Contract Tower,0,2,23,0,25,0,0,91,0,91,0,2,114,0,116,120,0,120,236
04/24/2013,SNS,CA,AWP,WE,Federal Contract Tower,0,2,53,0,55,0,2,90,0,92,0,4,143,0,147,92,0,92,239
04/25/2013,SNS,CA,AWP,WE,Federal Contract Tower,0,2,38,0,40,0,0,112,0,112,0,2,150,0,152,36,0,36,188
04/26/2013,SNS,CA,AWP,WE,Federal Contract Tower,0,2,8,0,10,0,0,106,0,106,0,2,114,0,116,36,0,36,152
04/27/2013,SNS,CA,AWP,WE,Federal Contract Tower,0,3,24,0,27,0,4,145,0,149,0,7,169,0,176,110,0,110,286
04/28/2013,SNS,CA,AWP,WE,Federal Contract Tower,0,0,49,0,49,0,2,100,0,102,0,2,149,0,151,60,0,60,211
04/29/2013,SNS,CA,AWP,WE,Federal Contract Tower,0,2,13,0,15,0,0,80,0,80,0,2,93,0,95,76,0,76,171
04/30/2013,SNS,CA,AWP,WE,Federal Contract Tower,0,2,14,0,16,0,0,109,0,109,0,2,123,0,125,80,0,80,205
05/01/2013,SNS,CA,AWP,WE,Federal Contract Tower,0,3,55,0,58,0,0,104,0,104,0,3,159,0,162,138,0,138,300
05/02/2013,SNS,CA,AWP,WE,Federal Contract Tower,0,2,22,0,24,0,4,125,0,129,0,6,147,0,153,56,0,56,209
05/03/2013,SNS,CA,AWP,WE,Federal Contract Tower,0,3,26,0,29,0,0,112,0,112,0,3,138,0,141,60,0,60,201
05/04/2013,SNS,CA,AWP,WE,Federal Contract Tower,0,1,14,0,15,0,6,101,0,107,0,7,115,0,122,68,0,68,190
05/05/2013,SNS,CA,AWP,WE,Federal Contract Tower,0,0,22,0,22,0,5,95,0,100,0,5,117,0,122,0,0,0,122
05/06/2013,SNS,CA,AWP,WE,Federal Contract Tower,0,2,19,0,21,0,0,83,0,83,0,2,102,0,104,54,0,54,158
05/07/2013,SNS,CA,AWP,WE,Federal Contract Tower,0,3,21,0,24,0,1,98,0,99,0,4,119,0,123,92,0,92,215
05/08/2013,SNS,CA,AWP,WE,Federal Contract Tower,0,0,38,0,38,0,2,64,0,66,0,2,102,0,104,138,0,138,242
05/09/2013,SNS,CA,AWP,WE,Federal Contract Tower,0,0,11,0,11,0,2,71,0,73,0,2,82,0,84,60,0,60,144
05/10/2013,SNS,CA,AWP,WE,Federal Contract Tower,0,0,31,0,31,0,0,85,0,85,0,0,116,0,116,34,0,34,150
05/11/2013,SNS,CA,AWP,WE,Federal Contract Tower,0,1,26,0,27,0,2,77,0,79,0,3,103,0,106,72,0,72,178
05/12/2013,SNS,CA,AWP,WE,Federal Contract Tower,0,2,18,0,20,0,3,116,0,119,0,5,134,0,139,50,0,50,189
05/13/2013,SNS,CA,AWP,WE,Federal Contract Tower,0,1,27,0,28,0,3,115,0,118,0,4,142,0,146,60,0,60,206
05/14/2013,SNS,CA,AWP,WE,Federal Contract Tower,0,0,19,0,19,0,2,95,0,97,0,2,114,0,116,66,0,66,182
05/15/2013,SNS,CA,AWP,WE,Federal Contract Tower,0,2,34,0,36,0,0,109,0,109,0,2,143,0,145,24,0,24,169
05/16/2013,SNS,CA,AWP,WE,Federal Contract Tower,0,1,30,0,31,0,1,96,0,97,0,2,126,0,128,60,0,60,188
05/17/2013,SNS,CA,AWP,WE,Federal Contract Tower,0,0,16,0,16,0,8,108,0,116,0,8,124,0,132,76,0,76,208
05/18/2013,SNS,CA,AWP,WE,Federal Contract Tower,0,3,37,0,40,0,2,141,0,143,0,5,178,0,183,50,0,50,233
05/19/2013,SNS,CA,AWP,WE,Federal Contract Tower,0,0,30,0,30,0,2,153,0,155,0,2,183,0,185,28,0,28,213
05/20/2013,SNS,CA,AWP,WE,Federal Contract Tower,0,0,28,0,28,0,5,118,0,123,0,5,146,0,151,50,20,70,221
05/21/2013,SNS,CA,AWP,WE,Federal Contract Tower,0,0,24,0,24,0,2,118,0,120,0,2,142,0,144,2,0,2,146
05/22/2013,SNS,CA,AWP,WE,Federal Contract Tower,0,1,29,0,30,0,4,0,137,141,0,5,29,137,171,54,0,54,225
05/23/2013,SNS,CA,AWP,WE,Federal Contract Tower,0,3,23,0,26,0,14,109,0,123,0,17,132,0,149,26,0,26,175
05/24/2013,SNS,CA,AWP,WE,Federal Contract Tower,0,3,28,0,31,0,4,103,0,107,0,7,131,0,138,38,0,38,176
05/25/2013,SNS,CA,AWP,WE,Federal Contract Tower,0,2,12,0,14,0,5,112,0,117,0,7,124,0,131,48,0,48,179
05/26/2013,SNS,CA,AWP,WE,Federal Contract Tower,0,1,21,0,22,0,2,100,0,102,0,3,121,0,124,38,0,38,162
05/27/2013,SNS,CA,AWP,WE,Federal Contract Tower,0,2,33,0,35,0,4,104,0,108,0,6,137,0,143,52,0,52,195
05/28/2013,SNS,CA,AWP,WE,Federal Contract Tower,0,1,42,0,43,0,2,89,0,91,0,3,131,0,134,58,0,58,192
05/29/2013,SNS,CA,AWP,WE,Federal Contract Tower,0,4,31,0,35,0,3,92,0,95,0,7,123,0,130,68,0,68,198
05/30/2013,SNS,CA,AWP,WE,Federal Contract Tower,0,4,37,0,41,0,7,118,0,125,0,11,155,0,166,116,0,116,282
05/31/2013,SNS,CA,AWP,WE,Federal Contract Tower,0,3,4,0,7,0,4,100,0,104,0,7,104,0,111,62,0,62,173
06/01/2013,SNS,CA,AWP,WE,Federal Contract Tower,0,0,11,0,11,0,2,102,0,104,0,2,113,0,115,74,0,74,189
06/02/2013,SNS,CA,AWP,WE,Federal Contract Tower,0,0,28,0,28,0,2,83,0,85,0,2,111,0,113,48,0,48,161
06/03/2013,SNS,CA,AWP,WE,Federal Contract Tower,0,2,13,0,15,0,0,87,0,87,0,2,100,0,102,32,0,32,134
06/04/2013,SNS,CA,AWP,WE,Federal Contract Tower,0,0,30,0,30,0,1,76,0,77,0,1,106,0,107,48,0,48,155
06/05/2013,SNS,CA,AWP,WE,Federal Contract Tower,0,2,29,0,31,0,0,73,0,73,0,2,102,0,104,76,0,76,180
06/06/2013,SNS,CA,AWP,WE,Federal Contract Tower,0,4,29,0,33,0,4,102,0,106,0,8,131,0,139,78,0,78,217
06/07/2013,SNS,CA,AWP,WE,Federal Contract Tower,0,2,67,0,69,0,4,74,0,78,0,6,141,0,147,22,0,22,169
06/08/2013,SNS,CA,AWP,WE,Federal Contract Tower,0,0,29,0,29,0,2,53,0,55,0,2,82,0,84,34,0,34,118
06/09/2013,SNS,CA,AWP,WE,Federal Contract Tower,0,2,22,0,24,0,0,46,0,46,0,2,68,0,70,20,0,20,90
06/10/2013,SNS,CA,AWP,WE,Federal Contract Tower,0,1,24,0,25,0,2,65,0,67,0,3,89,0,92,0,0,0,92
06/11/2013,SNS,CA,AWP,WE,Federal Contract Tower,0,0,27,0,27,0,4,95,0,99,0,4,122,0,126,60,0,60,186
06/12/2013,SNS,CA,AWP,WE,Federal Contract Tower,0,0,55,0,55,0,1,88,0,89,0,1,143,0,144,78,0,78,222
06/13/2013,SNS,CA,AWP,WE,Federal Contract Tower,0,0,28,0,28,0,5,111,0,116,0,5,139,0,144,41,0,41,185
06/14/2013,SNS,CA,AWP,WE,Federal Contract Tower,0,2,27,0,29,0,6,118,0,124,0,8,145,0,153,40,0,40,193
06/15/2013,SNS,CA,AWP,WE,Federal Contract Tower,0,4,16,0,20,0,8,84,0,92,0,12,100,0,112,30,0,30,142
06/16/2013,SNS,CA,AWP,WE,Federal Contract Tower,0,0,35,0,35,0,0,103,0,103,0,0,138,0,138,46,0,46,184
06/17/2013,SNS,CA,AWP,WE,Federal Contract Tower,0,1,32,0,33,0,6,97,0,103,0,7,129,0,136,86,0,86,222
06/18/2013,SNS,CA,AWP,WE,Federal Contract Tower,0,0,29,0,29,0,11,116,0,127,0,11,145,0,156,82,18,100,256
06/19/2013,SNS,CA,AWP,WE,Federal Contract Tower,0,3,13,0,16,0,4,110,0,114,0,7,123,0,130,52,0,52,182
06/20/2013,SNS,CA,AWP,WE,Federal Contract Tower,0,2,21,0,23,0,6,101,0,107,0,8,122,0,130,66,0,66,196
06/21/2013,SNS,CA,AWP,WE,Federal Contract Tower,0,2,17,0,19,0,8,107,0,115,0,10,124,0,134,44,0,44,178
06/22/2013,SNS,CA,AWP,WE,Federal Contract Tower,0,0,16,0,16,0,5,99,0,104,0,5,115,0,120,104,0,104,224
06/23/2013,SNS,CA,AWP,WE,Federal Contract Tower,0,1,38,0,39,0,2,121,0,123,0,3,159,0,162,44,0,44,206
06/24/2013,SNS,CA,AWP,WE,Federal Contract Tower,0,4,40,0,44,0,2,10,0,12,0,6,50,0,56,34,0,34,90
06/25/2013,SNS,CA,AWP,WE,Federal Contract Tower,0,3,32,0,35,0,1,64,0,65,0,4,96,0,100,16,0,16,116
06/26/2013,SNS,CA,AWP,WE,Federal Contract Tower,0,4,57,0,61,0,4,90,0,94,0,8,147,0,155,116,0,116,271
06/27/2013,SNS,CA,AWP,WE,Federal Contract Tower,0,0,18,0,18,0,0,105,0,105,0,0,123,0,123,52,0,52,175
06/28/2013,SNS,CA,AWP,WE,Federal Contract Tower,0,0,18,0,18,0,2,93,0,95,0,2,111,0,113,40,0,40,153
06/29/2013,SNS,CA,AWP,WE,Federal Contract Tower,0,1,20,0,21,0,1,146,0,147,0,2,166,0,168,72,0,72,240
06/30/2013,SNS,CA,AWP,WE,Federal Contract Tower,0,3,28,0,31,0,2,148,0,150,0,5,176,0,181,56,0,56,237
07/01/2013,SNS,CA,AWP,WE,Federal Contract Tower,0,2,21,0,23,0,6,137,0,143,0,8,158,0,166,98,0,98,264
07/02/2013,SNS,CA,AWP,WE,Federal Contract Tower,0,4,60,0,64,0,6,119,0,125,0,10,179,0,189,64,0,64,253
07/03/2013,SNS,CA,AWP,WE,Federal Contract Tower,0,2,49,0,51,0,4,104,0,108,0,6,153,0,159,92,0,92,251
07/04/2013,SNS,CA,AWP,WE,Federal Contract Tower,0,0,43,0,43,0,4,83,0,87,0,4,126,0,130,30,0,30,160
07/05/2013,SNS,CA,AWP,WE,Federal Contract Tower,0,0,17,0,17,0,0,76,0,76,0,0,93,0,93,32,0,32,125
07/06/2013,SNS,CA,AWP,WE,Federal Contract Tower,0,1,17,0,18,0,6,117,0,123,0,7,134,0,141,50,0,50,191
07/07/2013,SNS,CA,AWP,WE,Federal Contract Tower,0,4,31,0,35,0,3,141,0,144,0,7,172,0,179,82,0,82,261
07/08/2013,SNS,CA,AWP,WE,Federal Contract Tower,0,1,42,0,43,0,4,74,0,78,0,5,116,0,121,58,0,58,179
07/09/2013,SNS,CA,AWP,WE,Federal Contract Tower,0,2,34,0,36,0,5,73,0,78,0,7,107,0,114,42,0,42,156
07/10/2013,SNS,CA,AWP,WE,Federal Contract Tower,0,1,39,0,40,0,7,83,0,90,0,8,122,0,130,64,0,64,194
07/11/2013,SNS,CA,AWP,WE,Federal Contract Tower,0,1,47,0,48,0,2,67,0,69,0,3,114,0,117,64,0,64,181
07/12/2013,SNS,CA,AWP,WE,Federal Contract Tower,0,0,28,0,28,0,9,110,0,119,0,9,138,0,147,32,0,32,179
07/13/2013,SNS,CA,AWP,WE,Federal Contract Tower,0,2,34,0,36,0,4,62,2,68,0,6,96,2,104,46,0,46,150
07/14/2013,SNS,CA,AWP,WE,Federal Contract Tower,0,3,46,0,49,0,3,100,0,103,0,6,146,0,152,86,0,86,238
07/15/2013,SNS,CA,AWP,WE,Federal Contract Tower,0,3,20,0,23,0,1,48,0,49,0,4,68,0,72,0,0,0,72
07/16/2013,SNS,CA,AWP,WE,Federal Contract Tower,0,1,15,0,16,0,1,69,2,72,0,2,84,2,88,60,0,60,148
07/17/2013,SNS,CA,AWP,WE,Federal Contract Tower,0,1,27,0,28,0,2,101,0,103,0,3,128,0,131,62,0,62,193
07/18/2013,SNS,CA,AWP,WE,Federal Contract Tower,0,5,38,0,43,0,1,71,0,72,0,6,109,0,115,20,0,20,135
07/19/2013,SNS,CA,AWP,WE,Federal Contract Tower,0,1,33,0,34,0,2,67,0,69,0,3,100,0,103,30,0,30,133
07/20/2013,SNS,CA,AWP,WE,Federal Contract Tower,0,1,36,0,37,0,4,64,2,70,0,5,100,2,107,16,0,16,123
07/21/2013,SNS,CA,AWP,WE,Federal Contract Tower,0,1,49,0,50,0,4,132,0,136,0,5,181,0,186,118,0,118,304
07/22/2013,SNS,CA,AWP,WE,Federal Contract Tower,0,0,32,0,32,0,3,80,0,83,0,3,112,0,115,0,0,0,115
07/23/2013,SNS,CA,AWP,WE,Federal Contract Tower,0,0,40,0,40,0,2,110,2,114,0,2,150,2,154,16,10,26,180
07/24/2013,SNS,CA,AWP,WE,Federal Contract Tower,0,0,38,4,42,0,0,87,0,87,0,0,125,4,129,36,0,36,165
07/25/2013,SNS,CA,AWP,WE,Federal Contract Tower,0,1,39,0,40,0,6,54,0,60,0,7,93,0,100,46,0,46,146
07/26/2013,SNS,CA,AWP,WE,Federal Contract Tower,0,0,48,0,48,0,7,64,0,71,0,7,112,0,119,40,0,40,159
07/27/2013,SNS,CA,AWP,WE,Federal Contract Tower,0,3,38,0,41,0,2,62,0,64,0,5,100,0,105,50,0,50,155
07/28/2013,SNS,CA,AWP,WE,Federal Contract Tower,0,0,29,0,29,0,2,77,0,79,0,2,106,0,108,28,0,28,136
07/29/2013,SNS,CA,AWP,WE,Federal Contract Tower,0,0,34,2,36,0,0,122,0,122,0,0,156,2,158,50,0,50,208
07/30/2013,SNS,CA,AWP,WE,Federal Contract Tower,0,0,26,0,26,0,4,92,0,96,0,4,118,0,122,44,0,44,166
07/31/2013,SNS,CA,AWP,WE,Federal Contract Tower,0,0,21,0,21,0,5,94,0,99,0,5,115,0,120,64,0,64,184
08/01/2013,SNS,CA,AWP,WE,Federal Contract Tower,0,0,12,0,12,0,4,85,0,89,0,4,97,0,101,66,0,66,167
08/02/2013,SNS,CA,AWP,WE,Federal Contract Tower,0,0,17,0,17,0,0,58,0,58,0,0,75,0,75,44,0,44,119
08/03/2013,SNS,CA,AWP,WE,Federal Contract Tower,0,0,24,0,24,0,4,64,0,68,0,4,88,0,92,50,0,50,142
08/04/2013,SNS,CA,AWP,WE,Federal Contract Tower,0,0,49,0,49,0,0,84,0,84,0,0,133,0,133,60,0,60,193
08/05/2013,SNS,CA,AWP,WE,Federal Contract Tower,0,2,49,0,51,0,5,84,2,91,0,7,133,2,142,34,0,34,176
08/06/2013,SNS,CA,AWP,WE,Federal Contract Tower,0,3,47,0,50,0,0,56,2,58,0,3,103,2,108,52,0,52,160
08/07/2013,SNS,CA,AWP,WE,Federal Contract Tower,0,1,46,0,47,0,0,103,0,103,0,1,149,0,150,42,0,42,192
08/08/2013,SNS,CA,AWP,WE,Federal Contract Tower,0,0,39,0,39,0,2,84,0,86,0,2,123,0,125,58,0,58,183
08/09/2013,SNS,CA,AWP,WE,Federal Contract Tower,0,5,30,0,35,0,0,90,0,90,0,5,120,0,125,50,0,50,175
08/10/2013,SNS,CA,AWP,WE,Federal Contract Tower,0,3,33,0,36,0,7,88,0,95,0,10,121,0,131,46,0,46,177
08/11/2013,SNS,CA,AWP,WE,Federal Contract Tower,0,0,48,0,48,0,0,75,0,75,0,0,123,0,123,76,0,76,199
08/12/2013,SNS,CA,AWP,WE,Federal Contract Tower,0,0,40,0,40,0,4,71,0,75,0,4,111,0,115,32,0,32,147
08/13/2013,SNS,CA,AWP,WE,Federal Contract Tower,0,3,41,0,44,0,0,85,0,85,0,3,126,0,129,32,0,32,161
08/14/2013,SNS,CA,AWP,WE,Federal Contract Tower,0,9,45,6,60,0,4,87,0,91,0,13,132,6,151,44,0,44,195
08/15/2013,SNS,CA,AWP,WE,Federal Contract Tower,0,0,52,0,52,0,4,89,0,93,0,4,141,0,145,56,0,56,201
08/16/2013,SNS,CA,AWP,WE,Federal Contract Tower,0,2,50,0,52,0,2,88,0,90,0,4,138,0,142,24,0,24,166
08/17/2013,SNS,CA,AWP,WE,Federal Contract Tower,0,2,28,0,30,0,1,117,0,118,0,3,145,0,148,60,0,60,208
08/18/2013,SNS,CA,AWP,WE,Federal Contract Tower,0,3,68,0,71,0,0,96,5,101,0,3,164,5,172,56,0,56,228
08/19/2013,SNS,CA,AWP,WE,Federal Contract Tower,0,8,57,0,65,0,1,41,0,42,0,9,98,0,107,6,0,6,113
08/20/2013,SNS,CA,AWP,WE,Federal Contract Tower,0,0,58,0,58,0,4,78,4,86,0,4,136,4,144,14,0,14,158
08/21/2013,SNS,CA,AWP,WE,Federal Contract Tower,0,7,42,0,49,0,0,94,0,94,0,7,136,0,143,34,0,34,177
08/22/2013,SNS,CA,AWP,WE,Federal Contract Tower,0,2,30,0,32,0,0,126,0,126,0,2,156,0,158,54,0,54,212
08/23/2013,SNS,CA,AWP,WE,Federal Contract Tower,0,1,22,0,23,0,0,71,0,71,0,1,93,0,94,28,0,28,122
08/24/2013,SNS,CA,AWP,WE,Federal Contract Tower,0,2,25,0,27,0,0,78,6,84,0,2,103,6,111,30,6,36,147
08/25/2013,SNS,CA,AWP,WE,Federal Contract Tower,0,2,27,0,29,0,2,110,0,112,0,4,137,0,141,58,0,58,199
08/26/2013,SNS,CA,AWP,WE,Federal Contract Tower,0,1,30,0,31,0,0,63,0,63,0,1,93,0,94,46,0,46,140
08/27/2013,SNS,CA,AWP,WE,Federal Contract Tower,0,0,38,0,38,0,1,101,0,102,0,1,139,0,140,88,0,88,228
08/28/2013,SNS,CA,AWP,WE,Federal Contract Tower,0,0,28,0,28,0,0,81,0,81,0,0,109,0,109,26,0,26,135
08/29/2013,SNS,CA,AWP,WE,Federal Contract Tower,0,3,50,0,53,0,0,74,0,74,0,3,124,0,127,66,0,66,193
08/30/2013,SNS,CA,AWP,WE,Federal Contract Tower,0,1,22,0,23,0,6,82,0,88,0,7,104,0,111,40,0,40,151
08/31/2013,SNS,CA,AWP,WE,Federal Contract Tower,0,0,21,0,21,0,2,85,0,87,0,2,106,0,108,58,0,58,166
09/01/2013,SNS,CA,AWP,WE,Federal Contract Tower,0,3,16,0,19,0,7,92,0,99,0,10,108,0,118,44,0,44,162
09/02/2013,SNS,CA,AWP,WE,Federal Contract Tower,0,1,20,0,21,0,0,96,0,96,0,1,116,0,117,38,0,38,155
09/03/2013,SNS,CA,AWP,WE,Federal Contract Tower,0,0,21,0,21,0,2,96,0,98,0,2,117,0,119,86,0,86,205
09/04/2013,SNS,CA,AWP,WE,Federal Contract Tower,0,4,38,0,42,0,2,122,0,124,0,6,160,0,166,70,0,70,236
09/05/2013,SNS,CA,AWP,WE,Federal Contract Tower,0,2,42,0,44,0,1,128,0,129,0,3,170,0,173,130,0,130,303
09/06/2013,SNS,CA,AWP,WE,Federal Contract Tower,0,0,9,0,9,0,1,101,0,102,0,1,110,0,111,98,0,98,209
09/07/2013,SNS,CA,AWP,WE,Federal Contract Tower,0,2,5,0,7,0,0,94,0,94,0,2,99,0,101,72,0,72,173
09/08/2013,SNS,CA,AWP,WE,Federal Contract Tower,0,3,46,0,49,0,0,74,0,74,0,3,120,0,123,60,0,60,183
09/09/2013,SNS,CA,AWP,WE,Federal Contract Tower,0,1,45,0,46,0,0,82,0,82,0,1,127,0,128,36,0,36,164
09/10/2013,SNS,CA,AWP,WE,Federal Contract Tower,0,0,56,0,56,0,4,46,8,58,0,4,102,8,114,0,0,0,114
09/11/2013,SNS,CA,AWP,WE,Federal Contract Tower,0,1,38,0,39,0,0,113,4,117,0,1,151,4,156,58,0,58,214
09/12/2013,SNS,CA,AWP,WE,Federal Contract Tower,0,0,15,0,15,0,2,112,0,114,0,2,127,0,129,84,0,84,213
09/13/2013,SNS,CA,AWP,WE,Federal Contract Tower,0,1,30,0,31,0,0,65,0,65,0,1,95,0,96,100,0,100,196
09/14/2013,SNS,CA,AWP,WE,Federal Contract Tower,0,4,39,0,43,0,2,59,0,61,0,6,98,0,104,68,0,68,172
09/15/2013,SNS,CA,AWP,WE,Federal Contract Tower,0,2,20,0,22,0,0,123,0,123,0,2,143,0,145,124,0,124,269
09/16/2013,SNS,CA,AWP,WE,Federal Contract Tower,0,2,43,0,45,0,3,105,12,120,0,5,148,12,165,66,0,66,231
09/17/2013,SNS,CA,AWP,WE,Federal Contract Tower,0,1,14,0,15,0,3,98,0,101,0,4,112,0,116,0,0,0,116
09/18/2013,SNS,CA,AWP,WE,Federal Contract Tower,0,3,27,0,30,0,2,61,0,63,0,5,88,0,93,0,0,0,93
09/19/2013,SNS,CA,AWP,WE,Federal Contract Tower,0,0,8,0,8,0,4,148,6,158,0,4,156,6,166,0,8,8,174
09/20/2013,SNS,CA,AWP,WE,Federal Contract Tower,0,0,9,0,9,0,0,66,0,66,0,0,75,0,75,3,0,3,78
09/21/2013,SNS,CA,AWP,WE,Federal Contract Tower,0,0,2,0,2,0,0,95,0,95,0,0,97,0,97,34,0,34,131
09/22/2013,SNS,CA,AWP,WE,Federal Contract Tower,0,1,3,0,4,0,3,181,0,184,0,4,184,0,188,0,0,0,188
09/23/2013,SNS,CA,AWP,WE,Federal Contract Tower,0,0,10,0,10,0,0,98,0,98,0,0,108,0,108,2,0,2,110
09/24/2013,SNS,CA,AWP,WE,Federal Contract Tower,0,0,9,0,9,0,4,96,0,100,0,4,105,0,109,4,0,4,113
09/25/2013,SNS,CA,AWP,WE,Federal Contract Tower,0,0,21,0,21,0,4,109,0,113,0,4,130,0,134,54,0,54,188
09/26/2013,SNS,CA,AWP,WE,Federal Contract Tower,0,2,37,0,39,0,3,96,0,99,0,5,133,0,138,52,0,52,190
09/27/2013,SNS,CA,AWP,WE,Federal Contract Tower,0,0,27,0,27,0,0,99,0,99,0,0,126,0,126,66,0,66,192
09/28/2013,SNS,CA,AWP,WE,Federal Contract Tower,0,1,14,0,15,0,2,94,0,96,0,3,108,0,111,92,0,92,203
09/29/2013,SNS,CA,AWP,WE,Federal Contract Tower,0,2,19,0,21,0,6,86,0,92,0,8,105,0,113,76,0,76,189
09/30/2013,SNS,CA,AWP,WE,Federal Contract Tower,0,0,47,0,47,0,2,97,0,99,0,2,144,0,146,49,0,49,195
10/01/2013,SNS,CA,AWP,WE,Federal Contract Tower,0,0,16,0,16,0,0,77,0,77,0,0,93,0,93,26,0,26,119
10/02/2013,SNS,CA,AWP,WE,Federal Contract Tower,0,6,60,6,72,0,0,93,0,93,0,6,153,6,165,30,0,30,195
10/03/2013,SNS,CA,AWP,WE,Federal Contract Tower,0,1,39,0,40,0,0,95,0,95,0,1,134,0,135,88,0,88,223
10/04/2013,SNS,CA,AWP,WE,Federal Contract Tower,0,2,30,0,32,0,2,93,0,95,0,4,123,0,127,46,0,46,173
10/05/2013,SNS,CA,AWP,WE,Federal Contract Tower,0,2,21,0,23,0,0,95,0,95,0,2,116,0,118,48,0,48,166
10/06/2013,SNS,CA,AWP,WE,Federal Contract Tower,0,0,12,0,12,0,4,84,0,88,0,4,96,0,100,88,0,88,188
10/07/2013,SNS,CA,AWP,WE,Federal Contract Tower,0,2,10,0,12,0,3,83,0,86,0,5,93,0,98,70,0,70,168
10/08/2013,SNS,CA,AWP,WE,Federal Contract Tower,0,3,26,0,29,0,0,82,0,82,0,3,108,0,111,32,0,32,143
10/09/2013,SNS,CA,AWP,WE,Federal Contract Tower,0,9,32,0,41,0,4,71,0,75,0,13,103,0,116,72,0,72,188
10/10/2013,SNS,CA,AWP,WE,Federal Contract Tower,0,0,32,0,32,0,12,99,0,111,0,12,131,0,143,48,0,48,191
10/11/2013,SNS,CA,AWP,WE,Federal Contract Tower,0,0,43,0,43,0,9,68,0,77,0,9,111,0,120,68,0,68,188
10/12/2013,SNS,CA,AWP,WE,Federal Contract Tower,0,2,47,0,49,0,5,103,0,108,0,7,150,0,157,68,0,68,225
10/13/2013,SNS,CA,AWP,WE,Federal Contract Tower,0,1,23,0,24,0,0,76,0,76,0,1,99,0,100,32,0,32,132
10/14/2013,SNS,CA,AWP,WE,Federal Contract Tower,0,2,33,0,35,0,2,101,0,103,0,4,134,0,138,72,0,72,210
10/15/2013,SNS,CA,AWP,WE,Federal Contract Tower,0,0,12,0,12,0,2,79,0,81,0,2,91,0,93,30,0,30,123
10/16/2013,SNS,CA,AWP,WE,Federal Contract Tower,0,2,14,1,17,0,8,99,1,108,0,10,113,2,125,80,4,84,209
10/17/2013,SNS,CA,AWP,WE,Federal Contract Tower,0,2,24,0,26,0,17,63,0,80,0,19,87,0,106,88,0,88,194
10/18/2013,SNS,CA,AWP,WE,Federal Contract Tower,0,0,10,0,10,0,4,102,0,106,0,4,112,0,116,48,0,48,164
10/19/2013,SNS,CA,AWP,WE,Federal Contract Tower,0,1,15,0,16,0,2,73,0,75,0,3,88,0,91,36,0,36,127
10/20/2013,SNS,CA,AWP,WE,Federal Contract Tower,0,0,30,0,30,0,0,70,0,70,0,0,100,0,100,58,0,58,158
10/21/2013,SNS,CA,AWP,WE,Federal Contract Tower,0,5,40,0,45,0,2,79,0,81,0,7,119,0,126,28,0,28,154
10/22/2013,SNS,CA,AWP,WE,Federal Contract Tower,0,6,49,2,57,0,3,92,0,95,0,9,141,2,152,72,0,72,224
10/23/2013,SNS,CA,AWP,WE,Federal Contract Tower,0,2,52,6,60,0,5,65,0,70,0,7,117,6,130,24,0,24,154
10/24/2013,SNS,CA,AWP,WE,Federal Contract Tower,0,0,40,0,40,0,0,20,0,20,0,0,60,0,60,20,0,20,80
10/25/2013,SNS,CA,AWP,WE,Federal Contract Tower,0,4,20,1,25,0,4,68,0,72,0,8,88,1,97,78,0,78,175
10/26/2013,SNS,CA,AWP,WE,Federal Contract Tower,0,1,13,0,14,0,8,104,0,112,0,9,117,0,126,84,0,84,210
10/27/2013,SNS,CA,AWP,WE,Federal Contract Tower,0,0,42,0,42,0,0,17,0,17,0,0,59,0,59,0,0,0,59
10/28/2013,SNS,CA,AWP,WE,Federal Contract Tower,0,0,27,0,27,0,3,85,0,88,0,3,112,0,115,22,0,22,137
10/29/2013,SNS,CA,AWP,WE,Federal Contract Tower,0,3,16,0,19,0,19,62,0,81,0,22,78,0,100,60,0,60,160
10/30/2013,SNS,CA,AWP,WE,Federal Contract Tower,0,0,28,0,28,0,3,99,0,102,0,3,127,0,130,30,0,30,160
10/31/2013,SNS,CA,AWP,WE,Federal Contract Tower,0,2,20,2,24,0,9,89,0,98,0,11,109,2,122,102,0,102,224
11/01/2013,SNS,CA,AWP,WE,Federal Contract Tower,0,2,7,0,9,0,2,108,0,110,0,4,115,0,119,76,0,76,195
11/02/2013,SNS,CA,AWP,WE,Federal Contract Tower,0,0,9,0,9,0,4,84,0,88,0,4,93,0,97,74,0,74,171
11/03/2013,SNS,CA,AWP,WE,Federal Contract Tower,0,0,29,0,29,0,2,78,0,80,0,2,107,0,109,92,0,92,201
11/04/2013,SNS,CA,AWP,WE,Federal Contract Tower,0,0,17,0,17,0,6,96,0,102,0,6,113,0,119,50,0,50,169
11/05/2013,SNS,CA,AWP,WE,Federal Contract Tower,0,0,23,0,23,0,3,83,0,86,0,3,106,0,109,72,0,72,181
11/06/2013,SNS,CA,AWP,WE,Federal Contract Tower,0,0,29,0,29,0,0,94,0,94,0,0,123,0,123,62,0,62,185
11/07/2013,SNS,CA,AWP,WE,Federal Contract Tower,0,0,29,0,29,0,4,79,0,83,0,4,108,0,112,108,0,108,220
11/08/2013,SNS,CA,AWP,WE,Federal Contract Tower,0,0,12,0,12,0,4,96,0,100,0,4,108,0,112,78,0,78,190
11/09/2013,SNS,CA,AWP,WE,Federal Contract Tower,0,0,19,0,19,0,2,66,0,68,0,2,85,0,87,82,0,82,169
11/10/2013,SNS,CA,AWP,WE,Federal Contract Tower,0,0,36,0,36,0,4,65,0,69,0,4,101,0,105,54,0,54,159
11/11/2013,SNS,CA,AWP,WE,Federal Contract Tower,0,2,20,0,22,0,4,78,0,82,0,6,98,0,104,58,0,58,162
11/12/2013,SNS,CA,AWP,WE,Federal Contract Tower,0,0,5,0,5,0,4,63,4,71,0,4,68,4,76,48,8,56,132
11/13/2013,SNS,CA,AWP,WE,Federal Contract Tower,0,0,10,0,10,0,0,87,0,87,0,0,97,0,97,48,0,48,145
11/14/2013,SNS,CA,AWP,WE,Federal Contract Tower,0,1,41,0,42,0,4,22,0,26,0,5,63,0,68,28,0,28,96
11/15/2013,SNS,CA,AWP,WE,Federal Contract Tower,0,4,18,0,22,0,6,96,0,102,0,10,114,0,124,86,0,86,210
11/16/2013,SNS,CA,AWP,WE,Federal Contract Tower,0,0,15,0,15,0,0,71,0,71,0,0,86,0,86,24,0,24,110
11/17/2013,SNS,CA,AWP,WE,Federal Contract Tower,0,0,32,0,32,0,0,65,0,65,0,0,97,0,97,46,0,46,143
11/18/2013,SNS,CA,AWP,WE,Federal Contract Tower,0,0,26,0,26,0,2,81,0,83,0,2,107,0,109,58,8,66,175
11/19/2013,SNS,CA,AWP,WE,Federal Contract Tower,0,0,29,0,29,0,2,59,0,61,0,2,88,0,90,28,0,28,118
11/20/2013,SNS,CA,AWP,WE,Federal Contract Tower,0,0,59,0,59,0,0,75,0,75,0,0,134,0,134,36,0,36,170
11/21/2013,SNS,CA,AWP,WE,Federal Contract Tower,0,0,35,0,35,0,8,71,0,79,0,8,106,0,114,44,0,44,158
11/22/2013,SNS,CA,AWP,WE,Federal Contract Tower,0,3,15,2,20,0,6,94,0,100,0,9,109,2,120,50,0,50,170
11/23/2013,SNS,CA,AWP,WE,Federal Contract Tower,0,0,19,0,19,0,6,72,0,78,0,6,91,0,97,34,0,34,131
11/24/2013,SNS,CA,AWP,WE,Federal Contract Tower,0,0,21,0,21,0,6,97,0,103,0,6,118,0,124,96,0,96,220
11/25/2013,SNS,CA,AWP,WE,Federal Contract Tower,0,0,25,0,25,0,2,82,0,84,0,2,107,0,109,54,0,54,163
11/26/2013,SNS,CA,AWP,WE,Federal Contract Tower,0,0,44,0,44,0,4,108,0,112,0,4,152,0,156,50,0,50,206
11/27/2013,SNS,CA,AWP,WE,Federal Contract Tower,0,0,8,0,8,0,0,91,0,91,0,0,99,0,99,60,0,60,159
11/28/2013,SNS,CA,AWP,WE,Federal Contract Tower,0,0,2,0,2,0,0,39,0,39,0,0,41,0,41,26,0,26,67
11/29/2013,SNS,CA,AWP,WE,Federal Contract Tower,0,0,9,0,9,0,5,75,0,80,0,5,84,0,89,38,0,38,127
11/30/2013,SNS,CA,AWP,WE,Federal Contract Tower,0,0,16,0,16,0,1,63,0,64,0,1,79,0,80,42,0,42,122
12/01/2013,SNS,CA,AWP,WE,Federal Contract Tower,0,1,3,0,4,0,0,84,0,84,0,1,87,0,88,74,0,74,162
12/02/2013,SNS,CA,AWP,WE,Federal Contract Tower,0,0,28,0,28,0,1,98,0,99,0,1,126,0,127,10,0,10,137
12/03/2013,SNS,CA,AWP,WE,Federal Contract Tower,0,0,27,0,27,0,8,71,0,79,0,8,98,0,106,48,0,48,154
12/04/2013,SNS,CA,AWP,WE,Federal Contract Tower,0,0,17,0,17,0,1,84,0,85,0,1,101,0,102,42,0,42,144
12/05/2013,SNS,CA,AWP,WE,Federal Contract Tower,0,0,33,0,33,0,4,80,0,84,0,4,113,0,117,78,0,78,195
12/06/2013,SNS,CA,AWP,WE,Federal Contract Tower,0,0,14,0,14,0,3,80,0,83,0,3,94,0,97,34,0,34,131
12/07/2013,SNS,CA,AWP,WE,Federal Contract Tower,0,0,10,0,10,0,0,61,0,61,0,0,71,0,71,70,0,70,141
12/08/2013,SNS,CA,AWP,WE,Federal Contract Tower,0,0,19,0,19,0,0,68,0,68,0,0,87,0,87,40,0,40,127
12/09/2013,SNS,CA,AWP,WE,Federal Contract Tower,0,0,18,0,18,0,3,78,0,81,0,3,96,0,99,44,0,44,143
12/10/2013,SNS,CA,AWP,WE,Federal Contract Tower,0,0,18,0,18,0,5,55,0,60,0,5,73,0,78,40,0,40,118
12/11/2013,SNS,CA,AWP,WE,Federal Contract Tower,0,0,31,0,31,0,1,77,0,78,0,1,108,0,109,32,0,32,141
12/12/2013,SNS,CA,AWP,WE,Federal Contract Tower,0,0,23,0,23,0,4,65,0,69,0,4,88,0,92,100,0,100,192
12/13/2013,SNS,CA,AWP,WE,Federal Contract Tower,0,0,12,0,12,0,6,92,0,98,0,6,104,0,110,66,0,66,176
12/14/2013,SNS,CA,AWP,WE,Federal Contract Tower,0,0,22,0,22,0,10,94,0,104,0,10,116,0,126,86,0,86,212
12/15/2013,SNS,CA,AWP,WE,Federal Contract Tower,0,0,20,0,20,0,5,87,0,92,0,5,107,0,112,74,0,74,186
12/16/2013,SNS,CA,AWP,WE,Federal Contract Tower,0,0,16,0,16,0,2,71,0,73,0,2,87,0,89,44,0,44,133
12/17/2013,SNS,CA,AWP,WE,Federal Contract Tower,0,0,38,0,38,0,2,78,0,80,0,2,116,0,118,38,0,38,156
12/18/2013,SNS,CA,AWP,WE,Federal Contract Tower,0,1,26,0,27,0,2,33,0,35,0,3,59,0,62,18,0,18,80
12/19/2013,SNS,CA,AWP,WE,Federal Contract Tower,0,2,32,4,38,0,8,94,3,105,0,10,126,7,143,96,0,96,239
12/20/2013,SNS,CA,AWP,WE,Federal Contract Tower,0,0,5,0,5,0,8,80,0,88,0,8,85,0,93,18,0,18,111
12/21/2013,SNS,CA,AWP,WE,Federal Contract Tower,0,0,12,0,12,0,0,85,0,85,0,0,97,0,97,128,0,128,225
12/22/2013,SNS,CA,AWP,WE,Federal Contract Tower,0,1,22,0,23,0,0,81,0,81,0,1,103,0,104,90,0,90,194
12/23/2013,SNS,CA,AWP,WE,Federal Contract Tower,0,0,22,0,22,0,8,82,0,90,0,8,104,0,112,18,0,18,130
12/24/2013,SNS,CA,AWP,WE,Federal Contract Tower,0,0,12,0,12,0,6,60,0,66,0,6,72,0,78,36,0,36,114
12/25/2013,SNS,CA,AWP,WE,Federal Contract Tower,0,0,6,0,6,0,2,8,0,10,0,2,14,0,16,0,0,0,16
12/26/2013,SNS,CA,AWP,WE,Federal Contract Tower,0,0,29,0,29,0,2,78,0,80,0,2,107,0,109,18,0,18,127
12/27/2013,SNS,CA,AWP,WE,Federal Contract Tower,0,0,9,0,9,0,0,64,0,64,0,0,73,0,73,26,0,26,99
12/28/2013,SNS,CA,AWP,WE,Federal Contract Tower,0,0,27,0,27,0,2,88,0,90,0,2,115,0,117,68,0,68,185
12/29/2013,SNS,CA,AWP,WE,Federal Contract Tower,0,1,42,0,43,0,3,60,0,63,0,4,102,0,106,84,0,84,190
12/30/2013,SNS,CA,AWP,WE,Federal Contract Tower,0,1,29,0,30,0,2,88,0,90,0,3,117,0,120,18,0,18,138
12/31/2013,SNS,CA,AWP,WE,Federal Contract Tower,0,2,9,0,11,0,5,67,0,72,0,7,76,0,83,62,0,62,145
01/01/2014,SNS,CA,AWP,WE,Federal Contract Tower,0,0,11,0,11,0,5,26,0,31,0,5,37,0,42,32,0,32,74
01/02/2014,SNS,CA,AWP,WE,Federal Contract Tower,0,0,2,0,2,0,2,63,0,65,0,2,65,0,67,76,0,76,143
01/03/2014,SNS,CA,AWP,WE,Federal Contract Tower,0,0,18,0,18,0,2,96,0,98,0,2,114,0,116,34,0,34,150
01/04/2014,SNS,CA,AWP,WE,Federal Contract Tower,0,0,7,0,7,0,2,86,0,88,0,2,93,0,95,132,0,132,227
01/05/2014,SNS,CA,AWP,WE,Federal Contract Tower,0,0,8,0,8,0,4,63,0,67,0,4,71,0,75,78,0,78,153
01/06/2014,SNS,CA,AWP,WE,Federal Contract Tower,0,0,13,0,13,0,6,49,0,55,0,6,62,0,68,34,0,34,102
01/07/2014,SNS,CA,AWP,WE,Federal Contract Tower,0,0,29,0,29,0,0,43,0,43,0,0,72,0,72,30,22,52,124
01/08/2014,SNS,CA,AWP,WE,Federal Contract Tower,0,0,17,4,21,0,4,66,0,70,0,4,83,4,91,12,8,20,111
01/09/2014,SNS,CA,AWP,WE,Federal Contract Tower,0,0,22,0,22,0,2,62,0,64,0,2,84,0,86,28,0,28,114
01/10/2014,SNS,CA,AWP,WE,Federal Contract Tower,0,0,15,0,15,0,4,70,0,74,0,4,85,0,89,24,0,24,113
01/11/2014,SNS,CA,AWP,WE,Federal Contract Tower,0,0,14,0,14,0,0,48,0,48,0,0,62,0,62,52,0,52,114
01/12/2014,SNS,CA,AWP,WE,Federal Contract Tower,0,0,16,0,16,0,4,36,0,40,0,4,52,0,56,16,0,16,72
01/13/2014,SNS,CA,AWP,WE,Federal Contract Tower,0,0,19,0,19,0,4,63,0,67,0,4,82,0,86,16,0,16,102
01/14/2014,SNS,CA,AWP,WE,Federal Contract Tower,0,1,24,0,25,0,6,61,0,67,0,7,85,0,92,32,0,32,124
01/15/2014,SNS,CA,AWP,WE,Federal Contract Tower,0,0,16,0,16,0,0,70,0,70,0,0,86,0,86,30,0,30,116
01/16/2014,SNS,CA,AWP,WE,Federal Contract Tower,0,0,20,0,20,0,5,70,0,75,0,5,90,0,95,72,0,72,167
01/17/2014,SNS,CA,AWP,WE,Federal Contract Tower,0,0,13,0,13,0,6,96,0,102,0,6,109,0,115,64,0,64,179
01/18/2014,SNS,CA,AWP,WE,Federal Contract Tower,0,0,12,0,12,0,1,79,0,80,0,1,91,0,92,104,0,104,196
01/19/2014,SNS,CA,AWP,WE,Federal Contract Tower,0,0,19,0,19,0,3,41,0,44,0,3,60,0,63,18,0,18,81
01/20/2014,SNS,CA,AWP,WE,Federal Contract Tower,0,0,19,0,19,0,4,64,0,68,0,4,83,0,87,40,0,40,127
01/21/2014,SNS,CA,AWP,WE,Federal Contract Tower,0,0,29,3,32,0,0,60,5,65,0,0,89,8,97,14,2,16,113
01/22/2014,SNS,CA,AWP,WE,Federal Contract Tower,0,1,21,1,23,0,4,86,0,90,0,5,107,1,113,48,0,48,161
01/23/2014,SNS,CA,AWP,WE,Federal Contract Tower,0,1,28,0,29,0,1,63,0,64,0,2,91,0,93,30,0,30,123
01/24/2014,SNS,CA,AWP,WE,Federal Contract Tower,0,1,17,0,18,0,0,85,0,85,0,1,102,0,103,38,0,38,141
01/25/2014,SNS,CA,AWP,WE,Federal Contract Tower,0,0,23,0,23,0,2,68,0,70,0,2,91,0,93,36,0,36,129
01/26/2014,SNS,CA,AWP,WE,Federal Contract Tower,0,0,25,2,27,0,3,82,1,86,0,3,107,3,113,96,2,98,211
01/27/2014,SNS,CA,AWP,WE,Federal Contract Tower,0,3,24,0,27,0,6,60,0,66,0,9,84,0,93,38,0,38,131
01/28/2014,SNS,CA,AWP,WE,Federal Contract Tower,0,0,24,0,24,0,0,44,0,44,0,0,68,0,68,40,0,40,108
01/29/2014,SNS,CA,AWP,WE,Federal Contract Tower,0,1,26,0,27,0,2,53,0,55,0,3,79,0,82,34,0,34,116
01/30/2014,SNS,CA,AWP,WE,Federal Contract Tower,0,2,18,0,20,0,0,56,0,56,0,2,74,0,76,52,0,52,128
01/31/2014,SNS,CA,AWP,WE,Federal Contract Tower,0,4,18,0,22,0,0,78,0,78,0,4,96,0,100,46,0,46,146
02/01/2014,SNS,CA,AWP,WE,Federal Contract Tower,0,0,16,2,18,0,2,78,4,84,0,2,94,6,102,60,0,60,162
02/02/2014,SNS,CA,AWP,WE,Federal Contract Tower,0,0,5,0,5,0,0,3,0,3,0,0,8,0,8,0,0,0,8
02/03/2014,SNS,CA,AWP,WE,Federal Contract Tower,0,0,6,0,6,0,0,40,0,40,0,0,46,0,46,42,0,42,88
02/04/2014,SNS,CA,AWP,WE,Federal Contract Tower,0,0,16,2,18,0,0,71,0,71,0,0,87,2,89,76,0,76,165
02/05/2014,SNS,CA,AWP,WE,Federal Contract Tower,0,0,41,0,41,0,0,0,0,0,0,0,41,0,41,32,0,32,73
02/06/2014,SNS,CA,AWP,WE,Federal Contract Tower,0,0,17,2,19,0,0,4,4,8,0,0,21,6,27,0,0,0,27
02/07/2014,SNS,CA,AWP,WE,Federal Contract Tower,0,0,10,0,10,0,2,36,0,38,0,2,46,0,48,38,0,38,86
02/08/2014,SNS,CA,AWP,WE,Federal Contract Tower,0,0,11,0,11,0,0,30,0,30,0,0,41,0,41,20,0,20,61
02/09/2014,SNS,CA,AWP,WE,Federal Contract Tower,0,0,20,0,20,0,2,36,0,38,0,2,56,0,58,76,0,76,134
02/10/2014,SNS,CA,AWP,WE,Federal Contract Tower,0,0,38,0,38,0,2,28,0,30,0,2,66,0,68,56,0,56,124
02/11/2014,SNS,CA,AWP,WE,Federal Contract Tower,0,1,70,0,71,0,1,50,0,51,0,2,120,0,122,38,0,38,160
02/12/2014,SNS,CA,AWP,WE,Federal Contract Tower,0,0,26,0,26,0,0,63,0,63,0,0,89,0,89,26,0,26,115
02/13/2014,SNS,CA,AWP,WE,Federal Contract Tower,0,0,28,0,28,0,3,58,0,61,0,3,86,0,89,54,0,54,143
02/14/2014,SNS,CA,AWP,WE,Federal Contract Tower,0,0,23,0,23,0,6,38,0,44,0,6,61,0,67,54,0,54,121
02/15/2014,SNS,CA,AWP,WE,Federal Contract Tower,0,0,24,0,24,0,0,60,0,60,0,0,84,0,84,36,0,36,120
02/16/2014,SNS,CA,AWP,WE,Federal Contract Tower,0,0,33,0,33,0,4,79,0,83,0,4,112,0,116,108,0,108,224
02/17/2014,SNS,CA,AWP,WE,Federal Contract Tower,0,0,28,0,28,0,2,81,0,83,0,2,109,0,111,74,0,74,185
02/18/2014,SNS,CA,AWP,WE,Federal Contract Tower,0,0,18,0,18,0,2,78,0,80,0,2,96,0,98,78,0,78,176
02/19/2014,SNS,CA,AWP,WE,Federal Contract Tower,0,3,23,0,26,0,0,76,0,76,0,3,99,0,102,28,0,28,130
02/20/2014,SNS,CA,AWP,WE,Federal Contract Tower,0,0,27,2,29,0,1,79,0,80,0,1,106,2,109,68,0,68,177
02/21/2014,SNS,CA,AWP,WE,Federal Contract Tower,0,0,13,0,13,0,2,98,0,100,0,2,111,0,113,82,0,82,195
02/22/2014,SNS,CA,AWP,WE,Federal Contract Tower,0,0,45,0,45,0,7,82,0,89,0,7,127,0,134,94,0,94,228
02/23/2014,SNS,CA,AWP,WE,Federal Contract Tower,0,0,37,0,37,0,1,59,0,60,0,1,96,0,97,76,0,76,173
02/24/2014,SNS,CA,AWP,WE,Federal Contract Tower,0,1,19,2,22,0,1,58,0,59,0,2,77,2,81,36,0,36,117
02/25/2014,SNS,CA,AWP,WE,Federal Contract Tower,0,0,26,0,26,0,2,48,0,50,0,2,74,0,76,38,0,38,114
02/26/2014,SNS,CA,AWP,WE,Federal Contract Tower,0,2,47,0,49,0,0,40,0,40,0,2,87,0,89,0,0,0,89
02/27/2014,SNS,CA,AWP,WE,Federal Contract Tower,0,0,22,0,22,0,2,68,0,70,0,2,90,0,92,78,0,78,170
02/28/2014,SNS,CA,AWP,WE,Federal Contract Tower,0,2,5,0,7,0,0,11,0,11,0,2,16,0,18,0,0,0,18
03/01/2014,SNS,CA,AWP,WE,Federal Contract Tower,0,0,6,0,6,0,2,8,0,10,0,2,14,0,16,34,0,34,50
03/02/2014,SNS,CA,AWP,WE,Federal Contract Tower,0,2,18,0,20,0,0,54,0,54,0,2,72,0,74,70,0,70,144
03/03/2014,SNS,CA,AWP,WE,Federal Contract Tower,0,0,14,0,14,0,6,49,0,55,0,6,63,0,69,20,0,20,89
03/04/2014,SNS,CA,AWP,WE,Federal Contract Tower,0,1,44,0,45,0,4,59,0,63,0,5,103,0,108,44,0,44,152
03/05/2014,SNS,CA,AWP,WE,Federal Contract Tower,0,0,66,0,66,0,0,62,0,62,0,0,128,0,128,28,0,28,156
03/06/2014,SNS,CA,AWP,WE,Federal Contract Tower,0,0,31,2,33,0,0,59,0,59,0,0,90,2,92,88,0,88,180
03/07/2014,SNS,CA,AWP,WE,Federal Contract Tower,0,0,12,0,12,0,6,92,0,98,0,6,104,0,110,90,0,90,200
03/08/2014,SNS,CA,AWP,WE,Federal Contract Tower,0,0,16,0,16,0,4,119,0,123,0,4,135,0,139,122,0,122,261
03/09/2014,SNS,CA,AWP,WE,Federal Contract Tower,0,0,24,0,24,0,2,81,0,83,0,2,105,0,107,100,0,100,207
03/10/2014,SNS,CA,AWP,WE,Federal Contract Tower,0,3,13,0,16,0,6,62,0,68,0,9,75,0,84,66,0,66,150
03/11/2014,SNS,CA,AWP,WE,Federal Contract Tower,0,10,24,0,34,0,4,78,0,82,0,14,102,0,116,68,0,68,184
03/12/2014,SNS,CA,AWP,WE,Federal Contract Tower,0,2,34,0,36,0,2,84,0,86,0,4,118,0,122,34,0,34,156
03/13/2014,SNS,CA,AWP,WE,Federal Contract Tower,0,8,32,0,40,0,0,74,0,74,0,8,106,0,114,38,0,38,152
03/14/2014,SNS,CA,AWP,WE,Federal Contract Tower,0,0,15,0,15,0,4,79,0,83,0,4,94,0,98,98,0,98,196
03/15/2014,SNS,CA,AWP,WE,Federal Contract Tower,0,0,14,0,14,0,2,88,0,90,0,2,102,0,104,76,0,76,180
03/16/2014,SNS,CA,AWP,WE,Federal Contract Tower,0,0,8,0,8,0,6,75,0,81,0,6,83,0,89,86,0,86,175
03/17/2014,SNS,CA,AWP,WE,Federal Contract Tower,0,2,18,0,20,0,3,68,0,71,0,5,86,0,91,14,0,14,105
03/18/2014,SNS,CA,AWP,WE,Federal Contract Tower,0,0,45,0,45,0,4,92,0,96,0,4,137,0,141,100,0,100,241
03/19/2014,SNS,CA,AWP,WE,Federal Contract Tower,0,3,26,0,29,0,2,82,0,84,0,5,108,0,113,30,0,30,143
03/20/2014,SNS,CA,AWP,WE,Federal Contract Tower,0,0,8,4,12,0,7,89,0,96,0,7,97,4,108,94,0,94,202
03/21/2014,SNS,CA,AWP,WE,Federal Contract Tower,0,0,16,0,16,0,8,72,2,82,0,8,88,2,98,16,2,18,116
03/22/2014,SNS,CA,AWP,WE,Federal Contract Tower,0,2,15,2,19,0,2,90,2,94,0,4,105,4,113,96,0,96,209
03/23/2014,SNS,CA,AWP,WE,Federal Contract Tower,0,1,21,2,24,0,6,50,0,56,0,7,71,2,80,20,0,20,100
03/24/2014,SNS,CA,AWP,WE,Federal Contract Tower,0,0,5,0,5,0,2,59,0,61,0,2,64,0,66,52,0,52,118
03/25/2014,SNS,CA,AWP,WE,Federal Contract Tower,0,2,19,2,23,0,0,80,0,80,0,2,99,2,103,20,0,20,123
03/26/2014,SNS,CA,AWP,WE,Federal Contract Tower,0,0,11,2,13,0,0,62,0,62,0,0,73,2,75,0,6,6,81
03/27/2014,SNS,CA,AWP,WE,Federal Contract Tower,0,0,27,0,27,0,3,80,0,83,0,3,107,0,110,60,0,60,170
03/28/2014,SNS,CA,AWP,WE,Federal Contract Tower,0,0,11,0,11,0,3,66,0,69,0,3,77,0,80,60,0,60,140
03/29/2014,SNS,CA,AWP,WE,Federal Contract Tower,0,0,16,0,16,0,4,44,0,48,0,4,60,0,64,44,0,44,108
03/30/2014,SNS,CA,AWP,WE,Federal Contract Tower,0,2,17,0,19,0,6,75,0,81,0,8,92,0,100,76,0,76,176
03/31/2014,SNS,CA,AWP,WE,Federal Contract Tower,0,0,7,0,7,0,4,28,0,32,0,4,35,0,39,8,0,8,47
04/01/2014,SNS,CA,AWP,WE,Federal Contract Tower,0,0,10,0,10,0,0,26,0,26,0,0,36,0,36,0,0,0,36
04/02/2014,SNS,CA,AWP,WE,Federal Contract Tower,0,0,14,10,24,0,3,82,0,85,0,3,96,10,109,42,14,56,165
04/03/2014,SNS,CA,AWP,WE,Federal Contract Tower,0,0,12,0,12,0,0,89,0,89,0,0,101,0,101,34,0,34,135
04/04/2014,SNS,CA,AWP,WE,Federal Contract Tower,0,0,14,0,14,0,1,85,0,86,0,1,99,0,100,6,0,6,106
04/05/2014,SNS,CA,AWP,WE,Federal Contract Tower,0,0,8,0,8,0,2,79,0,81,0,2,87,0,89,18,0,18,107
04/06/2014,SNS,CA,AWP,WE,Federal Contract Tower,0,0,18,0,18,0,0,75,0,75,0,0,93,0,93,74,0,74,167
04/07/2014,SNS,CA,AWP,WE,Federal Contract Tower,0,0,16,0,16,0,2,92,0,94,0,2,108,0,110,52,0,52,162
04/08/2014,SNS,CA,AWP,WE,Federal Contract Tower,0,0,26,0,26,0,12,107,0,119,0,12,133,0,145,56,0,56,201
04/09/2014,SNS,CA,AWP,WE,Federal Contract Tower,0,0,43,0,43,0,0,59,0,59,0,0,102,0,102,26,0,26,128
04/10/2014,SNS,CA,AWP,WE,Federal Contract Tower,0,0,51,0,51,0,0,70,0,70,0,0,121,0,121,46,0,46,167
04/11/2014,SNS,CA,AWP,WE,Federal Contract Tower,0,4,52,0,56,0,0,56,0,56,0,4,108,0,112,36,0,36,148
04/12/2014,SNS,CA,AWP,WE,Federal Contract Tower,0,0,22,0,22,0,2,63,0,65,0,2,85,0,87,60,0,60,147
04/13/2014,SNS,CA,AWP,WE,Federal Contract Tower,0,0,26,0,26,0,6,104,0,110,0,6,130,0,136,94,0,94,230
04/14/2014,SNS,CA,AWP,WE,Federal Contract Tower,0,0,28,0,28,0,6,54,0,60,0,6,82,0,88,34,0,34,122
04/15/2014,SNS,CA,AWP,WE,Federal Contract Tower,0,0,52,2,54,0,0,39,0,39,0,0,91,2,93,20,0,20,113
04/16/2014,SNS,CA,AWP,WE,Federal Contract Tower,0,0,35,0,35,0,3,71,0,74,0,3,106,0,109,56,0,56,165
04/17/2014,SNS,CA,AWP,WE,Federal Contract Tower,0,0,44,0,44,0,0,44,0,44,0,0,88,0,88,0,0,0,88
04/18/2014,SNS,CA,AWP,WE,Federal Contract Tower,0,6,31,0,37,0,0,73,0,73,0,6,104,0,110,34,0,34,144
04/19/2014,SNS,CA,AWP,WE,Federal Contract Tower,0,0,21,0,21,0,0,82,0,82,0,0,103,0,103,84,0,84,187
04/20/2014,SNS,CA,AWP,WE,Federal Contract Tower,0,0,25,0,25,0,0,48,0,48,0,0,73,0,73,42,0,42,115
04/21/2014,SNS,CA,AWP,WE,Federal Contract Tower,0,1,41,0,42,0,3,78,0,81,0,4,119,0,123,22,0,22,145
04/22/2014,SNS,CA,AWP,WE,Federal Contract Tower,0,0,21,0,21,0,0,91,0,91,0,0,112,0,112,22,0,22,134
04/23/2014,SNS,CA,AWP,WE,Federal Contract Tower,0,0,17,0,17,0,0,85,0,85,0,0,102,0,102,42,0,42,144
04/24/2014,SNS,CA,AWP,WE,Federal Contract Tower,0,1,16,0,17,0,1,82,0,83,0,2,98,0,100,36,0,36,136
04/25/2014,SNS,CA,AWP,WE,Federal Contract Tower,0,2,11,0,13,0,0,52,0,52,0,2,63,0,65,54,0,54,119
04/26/2014,SNS,CA,AWP,WE,Federal Contract Tower,0,2,9,0,11,0,1,75,0,76,0,3,84,0,87,58,0,58,145
04/27/2014,SNS,CA,AWP,WE,Federal Contract Tower,0,0,24,0,24,0,2,96,0,98,0,2,120,0,122,84,0,84,206
04/28/2014,SNS,CA,AWP,WE,Federal Contract Tower,0,0,13,0,13,0,2,72,0,74,0,2,85,0,87,44,0,44,131
04/29/2014,SNS,CA,AWP,WE,Federal Contract Tower,0,0,30,0,30,0,6,84,0,90,0,6,114,0,120,8,0,8,128
04/30/2014,SNS,CA,AWP,WE,Federal Contract Tower,0,0,13,0,13,0,0,97,0,97,0,0,110,0,110,34,0,34,144
05/01/2014,SNS,CA,AWP,WE,Federal Contract Tower,0,0,12,0,12,0,0,97,0,97,0,0,109,0,109,36,0,36,145
05/02/2014,SNS,CA,AWP,WE,Federal Contract Tower,0,0,13,0,13,0,6,85,2,93,0,6,98,2,106,64,6,70,176
05/03/2014,SNS,CA,AWP,WE,Federal Contract Tower,0,0,29,0,29,0,1,49,0,50,0,1,78,0,79,0,0,0,79
05/04/2014,SNS,CA,AWP,WE,Federal Contract Tower,0,1,23,0,24,0,4,82,0,86,0,5,105,0,110,62,0,62,172
05/05/2014,SNS,CA,AWP,WE,Federal Contract Tower,0,3,2,0,5,0,1,79,0,80,0,4,81,0,85,13,0,13,98
05/06/2014,SNS,CA,AWP,WE,Federal Contract Tower,0,0,12,0,12,0,4,61,0,65,0,4,73,0,77,6,0,6,83
05/07/2014,SNS,CA,AWP,WE,Federal Contract Tower,0,0,18,0,18,0,3,81,0,84,0,3,99,0,102,24,0,24,126
05/08/2014,SNS,CA,AWP,WE,Federal Contract Tower,0,3,23,0,26,0,6,75,6,87,0,9,98,6,113,12,0,12,125
05/09/2014,SNS,CA,AWP,WE,Federal Contract Tower,0,0,41,0,41,0,1,67,0,68,0,1,108,0,109,20,0,20,129
05/10/2014,SNS,CA,AWP,WE,Federal Contract Tower,0,0,8,0,8,0,4,72,0,76,0,4,80,0,84,20,0,20,104
05/11/2014,SNS,CA,AWP,WE,Federal Contract Tower,0,0,6,0,6,0,4,85,0,89,0,4,91,0,95,50,0,50,145
05/12/2014,SNS,CA,AWP,WE,Federal Contract Tower,0,1,11,0,12,0,2,85,0,87,0,3,96,0,99,84,0,84,183
05/13/2014,SNS,CA,AWP,WE,Federal Contract Tower,0,0,14,0,14,0,4,88,0,92,0,4,102,0,106,58,0,58,164
05/14/2014,SNS,CA,AWP,WE,Federal Contract Tower,0,0,7,0,7,0,4,97,0,101,0,4,104,0,108,42,0,42,150
05/15/2014,SNS,CA,AWP,WE,Federal Contract Tower,0,1,10,0,11,0,2,96,0,98,0,3,106,0,109,66,0,66,175
05/16/2014,SNS,CA,AWP,WE,Federal Contract Tower,0,0,12,0,12,0,2,67,0,69,0,2,79,0,81,16,0,16,97
05/17/2014,SNS,CA,AWP,WE,Federal Contract Tower,0,0,4,0,4,0,4,93,0,97,0,4,97,0,101,118,0,118,219
05/18/2014,SNS,CA,AWP,WE,Federal Contract Tower,0,3,20,0,23,0,2,76,0,78,0,5,96,0,101,66,0,66,167
05/19/2014,SNS,CA,AWP,WE,Federal Contract Tower,0,0,17,2,19,0,9,75,0,84,0,9,92,2,103,50,0,50,153
05/20/2014,SNS,CA,AWP,WE,Federal Contract Tower,0,0,17,0,17,0,4,88,0,92,0,4,105,0,109,36,0,36,145
05/21/2014,SNS,CA,AWP,WE,Federal Contract Tower,0,0,35,0,35,0,3,74,2,79,0,3,109,2,114,0,0,0,114
05/22/2014,SNS,CA,AWP,WE,Federal Contract Tower,0,0,31,0,31,0,2,78,2,82,0,2,109,2,113,16,14,30,143
05/23/2014,SNS,CA,AWP,WE,Federal Contract Tower,0,0,42,0,42,0,2,96,0,98,0,2,138,0,140,36,0,36,176
05/24/2014,SNS,CA,AWP,WE,Federal Contract Tower,0,0,11,0,11,0,2,105,0,107,0,2,116,0,118,52,0,52,170
05/25/2014,SNS,CA,AWP,WE,Federal Contract Tower,0,0,55,0,55,0,7,76,0,83,0,7,131,0,138,40,0,40,178
05/26/2014,SNS,CA,AWP,WE,Federal Contract Tower,0,0,19,0,19,0,0,91,0,91,0,0,110,0,110,46,0,46,156
05/27/2014,SNS,CA,AWP,WE,Federal Contract Tower,0,1,15,0,16,0,4,81,0,85,0,5,96,0,101,34,0,34,135
05/28/2014,SNS,CA,AWP,WE,Federal Contract Tower,0,0,33,0,33,0,5,81,0,86,0,5,114,0,119,36,0,36,155
05/29/2014,SNS,CA,AWP,WE,Federal Contract Tower,0,0,22,0,22,0,1,114,0,115,0,1,136,0,137,98,0,98,235
05/30/2014,SNS,CA,AWP,WE,Federal Contract Tower,0,0,32,0,32,0,0,93,0,93,0,0,125,0,125,82,0,82,207
05/31/2014,SNS,CA,AWP,WE,Federal Contract Tower,0,0,10,0,10,0,2,93,0,95,0,2,103,0,105,94,0,94,199
06/01/2014,SNS,CA,AWP,WE,Federal Contract Tower,0,0,50,0,50,0,4,83,0,87,0,4,133,0,137,62,0,62,199
06/02/2014,SNS,CA,AWP,WE,Federal Contract Tower,0,0,21,0,21,0,2,56,0,58,0,2,77,0,79,30,0,30,109
06/03/2014,SNS,CA,AWP,WE,Federal Contract Tower,0,0,30,0,30,0,7,64,0,71,0,7,94,0,101,20,0,20,121
06/04/2014,SNS,CA,AWP,WE,Federal Contract Tower,0,2,42,0,44,0,0,74,0,74,0,2,116,0,118,38,0,38,156
06/05/2014,SNS,CA,AWP,WE,Federal Contract Tower,0,2,48,0,50,0,0,72,0,72,0,2,120,0,122,36,0,36,158
06/06/2014,SNS,CA,AWP,WE,Federal Contract Tower,0,0,31,0,31,0,2,62,0,64,0,2,93,0,95,26,0,26,121
06/07/2014,SNS,CA,AWP,WE,Federal Contract Tower,0,2,41,0,43,0,0,69,0,69,0,2,110,0,112,32,0,32,144
06/08/2014,SNS,CA,AWP,WE,Federal Contract Tower,0,0,37,0,37,0,2,77,0,79,0,2,114,0,116,26,0,26,142
06/09/2014,SNS,CA,AWP,WE,Federal Contract Tower,0,0,18,0,18,0,0,41,0,41,0,0,59,0,59,32,0,32,91
06/10/2014,SNS,CA,AWP,WE,Federal Contract Tower,0,1,50,0,51,0,2,36,0,38,0,3,86,0,89,12,0,12,101
06/11/2014,SNS,CA,AWP,WE,Federal Contract Tower,0,0,29,0,29,0,4,62,0,66,0,4,91,0,95,40,0,40,135
06/12/2014,SNS,CA,AWP,WE,Federal Contract Tower,0,0,32,0,32,0,4,65,0,69,0,4,97,0,101,32,0,32,133
06/13/2014,SNS,CA,AWP,WE,Federal Contract Tower,0,0,30,0,30,0,2,82,0,84,0,2,112,0,114,74,0,74,188
06/14/2014,SNS,CA,AWP,WE,Federal Contract Tower,0,0,24,0,24,0,0,59,0,59,0,0,83,0,83,54,0,54,137
06/15/2014,SNS,CA,AWP,WE,Federal Contract Tower,0,3,11,0,14,0,2,66,0,68,0,5,77,0,82,26,0,26,108
06/16/2014,SNS,CA,AWP,WE,Federal Contract Tower,0,4,21,0,25,0,0,80,0,80,0,4,101,0,105,32,0,32,137
06/17/2014,SNS,CA,AWP,WE,Federal Contract Tower,0,0,17,0,17,0,1,67,0,68,0,1,84,0,85,32,0,32,117
06/18/2014,SNS,CA,AWP,WE,Federal Contract Tower,0,1,20,0,21,0,4,81,0,85,0,5,101,0,106,26,0,26,132
06/19/2014,SNS,CA,AWP,WE,Federal Contract Tower,0,0,36,0,36,0,0,56,0,56,0,0,92,0,92,56,0,56,148
06/20/2014,SNS,CA,AWP,WE,Federal Contract Tower,0,0,31,0,31,0,5,71,0,76,0,5,102,0,107,112,0,112,219
06/21/2014,SNS,CA,AWP,WE,Federal Contract Tower,0,0,24,0,24,0,4,74,0,78,0,4,98,0,102,126,0,126,228
06/22/2014,SNS,CA,AWP,WE,Federal Contract Tower,0,0,17,0,17,0,9,85,0,94,0,9,102,0,111,74,0,74,185
06/23/2014,SNS,CA,AWP,WE,Federal Contract Tower,0,0,61,0,61,0,0,75,0,75,0,0,136,0,136,36,0,36,172
06/24/2014,SNS,CA,AWP,WE,Federal Contract Tower,0,0,22,0,22,0,4,67,0,71,0,4,89,0,93,36,0,36,129
06/25/2014,SNS,CA,AWP,WE,Federal Contract Tower,0,2,28,0,30,0,5,100,0,105,0,7,128,0,135,90,0,90,225
06/26/2014,SNS,CA,AWP,WE,Federal Contract Tower,0,0,39,0,39,0,7,66,0,73,0,7,105,0,112,42,0,42,154
06/27/2014,SNS,CA,AWP,WE,Federal Contract Tower,0,1,31,0,32,0,14,74,0,88,0,15,105,0,120,70,0,70,190
06/28/2014,SNS,CA,AWP,WE,Federal Contract Tower,0,0,23,0,23,0,2,138,0,140,0,2,161,0,163,72,0,72,235
06/29/2014,SNS,CA,AWP,WE,Federal Contract Tower,0,0,22,0,22,0,3,104,0,107,0,3,126,0,129,34,0,34,163
06/30/2014,SNS,CA,AWP,WE,Federal Contract Tower,0,0,14,0,14,0,2,59,0,61,0,2,73,0,75,24,0,24,99
07/01/2014,SNS,CA,AWP,WE,Federal Contract Tower,0,0,42,0,42,0,0,55,0,55,0,0,97,0,97,22,0,22,119
07/02/2014,SNS,CA,AWP,WE,Federal Contract Tower,0,0,44,0,44,0,4,60,0,64,0,4,104,0,108,38,0,38,146
07/03/2014,SNS,CA,AWP,WE,Federal Contract Tower,0,0,36,0,36,0,8,62,0,70,0,8,98,0,106,30,0,30,136
07/04/2014,SNS,CA,AWP,WE,Federal Contract Tower,0,0,19,0,19,0,0,39,0,39,0,0,58,0,58,26,0,26,84
07/05/2014,SNS,CA,AWP,WE,Federal Contract Tower,0,0,22,0,22,0,8,79,0,87,0,8,101,0,109,48,0,48,157
07/06/2014,SNS,CA,AWP,WE,Federal Contract Tower,0,0,36,0,36,0,4,72,0,76,0,4,108,0,112,64,0,64,176
07/07/2014,SNS,CA,AWP,WE,Federal Contract Tower,0,0,39,0,39,0,4,57,0,61,0,4,96,0,100,70,0,70,170
07/08/2014,SNS,CA,AWP,WE,Federal Contract Tower,0,0,40,0,40,0,4,60,0,64,0,4,100,0,104,34,0,34,138
07/09/2014,SNS,CA,AWP,WE,Federal Contract Tower,0,0,54,0,54,0,0,54,0,54,0,0,108,0,108,26,0,26,134
07/10/2014,SNS,CA,AWP,WE,Federal Contract Tower,0,0,49,0,49,0,0,66,0,66,0,0,115,0,115,44,0,44,159
07/11/2014,SNS,CA,AWP,WE,Federal Contract Tower,0,0,39,0,39,0,2,68,0,70,0,2,107,0,109,38,0,38,147
07/12/2014,SNS,CA,AWP,WE,Federal Contract Tower,0,0,3,0,3,0,4,66,0,70,0,4,69,0,73,38,0,38,111
07/13/2014,SNS,CA,AWP,WE,Federal Contract Tower,0,0,33,0,33,0,8,52,0,60,0,8,85,0,93,28,0,28,121
07/14/2014,SNS,CA,AWP,WE,Federal Contract Tower,0,0,17,0,17,0,2,74,0,76,0,2,91,0,93,34,0,34,127
07/15/2014,SNS,CA,AWP,WE,Federal Contract Tower,0,4,25,0,29,0,4,54,0,58,0,8,79,0,87,6,0,6,93
07/16/2014,SNS,CA,AWP,WE,Federal Contract Tower,0,3,40,0,43,0,10,40,0,50,0,13,80,0,93,44,0,44,137
07/17/2014,SNS,CA,AWP,WE,Federal Contract Tower,0,0,21,0,21,0,2,69,0,71,0,2,90,0,92,78,0,78,170
07/18/2014,SNS,CA,AWP,WE,Federal Contract Tower,0,0,15,0,15,0,9,73,0,82,0,9,88,0,97,22,0,22,119
07/19/2014,SNS,CA,AWP,WE,Federal Contract Tower,0,0,31,0,31,0,2,100,0,102,0,2,131,0,133,118,0,118,251
07/20/2014,SNS,CA,AWP,WE,Federal Contract Tower,0,0,21,0,21,0,0,80,0,80,0,0,101,0,101,54,0,54,155
07/21/2014,SNS,CA,AWP,WE,Federal Contract Tower,0,0,9,0,9,0,4,45,0,49,0,4,54,0,58,24,0,24,82
07/22/2014,SNS,CA,AWP,WE,Federal Contract Tower,0,0,12,0,12,0,0,68,0,68,0,0,80,0,80,26,0,26,106
07/23/2014,SNS,CA,AWP,WE,Federal Contract Tower,0,0,9,0,9,0,2,82,0,84,0,2,91,0,93,72,0,72,165
07/24/2014,SNS,CA,AWP,WE,Federal Contract Tower,0,0,14,0,14,0,0,87,0,87,0,0,101,0,101,80,0,80,181
07/25/2014,SNS,CA,AWP,WE,Federal Contract Tower,0,4,28,0,32,0,2,71,0,73,0,6,99,0,105,88,0,88,193
07/26/2014,SNS,CA,AWP,WE,Federal Contract Tower,0,0,37,0,37,0,4,61,0,65,0,4,98,0,102,40,0,40,142
07/27/2014,SNS,CA,AWP,WE,Federal Contract Tower,0,0,14,0,14,0,2,82,0,84,0,2,96,0,98,166,0,166,264
07/28/2014,SNS,CA,AWP,WE,Federal Contract Tower,0,0,9,0,9,0,1,74,0,75,0,1,83,0,84,54,0,54,138
07/29/2014,SNS,CA,AWP,WE,Federal Contract Tower,0,0,21,0,21,0,0,100,0,100,0,0,121,0,121,48,0,48,169
07/30/2014,SNS,CA,AWP,WE,Federal Contract Tower,0,0,18,1,19,0,7,60,0,67,0,7,78,1,86,62,0,62,148
07/31/2014,SNS,CA,AWP,WE,Federal Contract Tower,0,0,38,0,38,0,1,61,0,62,0,1,99,0,100,84,0,84,184
08/01/2014,SNS,CA,AWP,WE,Federal Contract Tower,0,0,29,0,29,0,2,75,0,77,0,2,104,0,106,130,0,130,236
08/02/2014,SNS,CA,AWP,WE,Federal Contract Tower,0,0,40,0,40,0,4,64,0,68,0,4,104,0,108,34,0,34,142
08/03/2014,SNS,CA,AWP,WE,Federal Contract Tower,0,0,47,0,47,0,2,58,0,60,0,2,105,0,107,34,0,34,141
08/04/2014,SNS,CA,AWP,WE,Federal Contract Tower,0,1,40,0,41,0,4,54,0,58,0,5,94,0,99,20,0,20,119
08/05/2014,SNS,CA,AWP,WE,Federal Contract Tower,0,0,41,0,41,0,4,83,0,87,0,4,124,0,128,38,0,38,166
08/06/2014,SNS,CA,AWP,WE,Federal Contract Tower,0,2,38,2,42,0,3,40,0,43,0,5,78,2,85,28,0,28,113
08/07/2014,SNS,CA,AWP,WE,Federal Contract Tower,0,0,58,2,60,0,4,55,0,59,0,4,113,2,119,42,0,42,161
08/08/2014,SNS,CA,AWP,WE,Federal Contract Tower,0,0,34,0,34,0,2,92,0,94,0,2,126,0,128,80,0,80,208
08/09/2014,SNS,CA,AWP,WE,Federal Contract Tower,0,0,30,0,30,0,0,98,0,98,0,0,128,0,128,52,0,52,180
08/10/2014,SNS,CA,AWP,WE,Federal Contract Tower,0,1,35,0,36,0,3,108,0,111,0,4,143,0,147,86,0,86,233
08/11/2014,SNS,CA,AWP,WE,Federal Contract Tower,0,0,9,0,9,0,4,69,0,73,0,4,78,0,82,30,0,30,112
08/12/2014,SNS,CA,AWP,WE,Federal Contract Tower,0,0,12,0,12,0,2,115,0,117,0,2,127,0,129,34,0,34,163
08/13/2014,SNS,CA,AWP,WE,Federal Contract Tower,0,0,14,0,14,0,0,99,0,99,0,0,113,0,113,56,0,56,169
08/14/2014,SNS,CA,AWP,WE,Federal Contract Tower,0,0,31,0,31,0,7,71,0,78,0,7,102,0,109,120,0,120,229
08/15/2014,SNS,CA,AWP,WE,Federal Contract Tower,0,2,30,0,32,0,6,55,0,61,0,8,85,0,93,66,0,66,159
08/16/2014,SNS,CA,AWP,WE,Federal Contract Tower,0,0,24,0,24,0,2,78,0,80,0,2,102,0,104,164,0,164,268
08/17/2014,SNS,CA,AWP,WE,Federal Contract Tower,0,0,39,0,39,0,3,79,0,82,0,3,118,0,121,108,0,108,229
08/18/2014,SNS,CA,AWP,WE,Federal Contract Tower,0,2,59,1,62,0,8,57,0,65,0,10,116,1,127,68,0,68,195
08/19/2014,SNS,CA,AWP,WE,Federal Contract Tower,0,0,31,0,31,0,7,82,0,89,0,7,113,0,120,26,0,26,146
08/20/2014,SNS,CA,AWP,WE,Federal Contract Tower,0,0,21,0,21,0,6,97,0,103,0,6,118,0,124,34,0,34,158
08/21/2014,SNS,CA,AWP,WE,Federal Contract Tower,0,0,23,0,23,0,6,104,0,110,0,6,127,0,133,78,0,78,211
08/22/2014,SNS,CA,AWP,WE,Federal Contract Tower,0,1,18,0,19,0,9,72,0,81,0,10,90,0,100,4,0,4,104
08/23/2014,SNS,CA,AWP,WE,Federal Contract Tower,0,0,25,0,25,0,3,121,0,124,0,3,146,0,149,44,0,44,193
08/24/2014,SNS,CA,AWP,WE,Federal Contract Tower,0,0,19,0,19,0,16,74,0,90,0,16,93,0,109,28,0,28,137
08/25/2014,SNS,CA,AWP,WE,Federal Contract Tower,0,8,9,0,17,0,1,40,2,43,0,9,49,2,60,32,0,32,92
08/26/2014,SNS,CA,AWP,WE,Federal Contract Tower,0,0,20,0,20,0,0,83,0,83,0,0,103,0,103,10,0,10,113
08/27/2014,SNS,CA,AWP,WE,Federal Contract Tower,0,0,27,0,27,0,4,131,0,135,0,4,158,0,162,22,0,22,184
08/28/2014,SNS,CA,AWP,WE,Federal Contract Tower,0,0,25,0,25,0,2,70,0,72,0,2,95,0,97,26,0,26,123
08/29/2014,SNS,CA,AWP,WE,Federal Contract Tower,0,0,41,0,41,0,4,102,0,106,0,4,143,0,147,44,0,44,191
08/30/2014,SNS,CA,AWP,WE,Federal Contract Tower,0,0,41,0,41,0,0,79,0,79,0,0,120,0,120,80,0,80,200
08/31/2014,SNS,CA,AWP,WE,Federal Contract Tower,0,0,26,0,26,0,2,70,0,72,0,2,96,0,98,64,0,64,162
09/01/2014,SNS,CA,AWP,WE,Federal Contract Tower,0,2,35,0,37,0,3,90,0,93,0,5,125,0,130,98,0,98,228
09/02/2014,SNS,CA,AWP,WE,Federal Contract Tower,0,0,0,0,0,0,0,0,0,0,0,0,0,0,0,46,0,46,46
09/03/2014,SNS,CA,AWP,WE,Federal Contract Tower,0,1,32,0,33,0,4,64,0,68,0,5,96,0,101,74,0,74,175
09/04/2014,SNS,CA,AWP,WE,Federal Contract Tower,0,0,25,0,25,0,2,92,0,94,0,2,117,0,119,48,0,48,167
09/05/2014,SNS,CA,AWP,WE,Federal Contract Tower,0,0,11,0,11,0,0,85,0,85,0,0,96,0,96,32,0,32,128
09/06/2014,SNS,CA,AWP,WE,Federal Contract Tower,0,0,20,0,20,0,2,91,0,93,0,2,111,0,113,36,0,36,149
09/07/2014,SNS,CA,AWP,WE,Federal Contract Tower,0,0,13,0,13,0,0,69,0,69,0,0,82,0,82,104,0,104,186
09/08/2014,SNS,CA,AWP,WE,Federal Contract Tower,0,2,45,0,47,0,8,65,0,73,0,10,110,0,120,12,0,12,132
09/09/2014,SNS,CA,AWP,WE,Federal Contract Tower,0,6,42,0,48,0,0,79,0,79,0,6,121,0,127,60,0,60,187
09/10/2014,SNS,CA,AWP,WE,Federal Contract Tower,0,14,63,0,77,0,6,71,0,77,0,20,134,0,154,64,0,64,218
09/11/2014,SNS,CA,AWP,WE,Federal Contract Tower,0,6,41,0,47,0,7,80,0,87,0,13,121,0,134,44,0,44,178
09/12/2014,SNS,CA,AWP,WE,Federal Contract Tower,0,2,39,1,42,0,3,44,0,47,0,5,83,1,89,22,0,22,111
09/13/2014,SNS,CA,AWP,WE,Federal Contract Tower,0,0,32,0,32,0,13,69,0,82,0,13,101,0,114,114,0,114,228
09/14/2014,SNS,CA,AWP,WE,Federal Contract Tower,0,0,30,0,30,0,5,78,0,83,0,5,108,0,113,166,0,166,279
09/15/2014,SNS,CA,AWP,WE,Federal Contract Tower,0,0,26,0,26,0,2,49,0,51,0,2,75,0,77,42,0,42,119
09/16/2014,SNS,CA,AWP,WE,Federal Contract Tower,0,0,25,6,31,0,7,84,6,97,0,7,109,12,128,46,16,62,190
09/17/2014,SNS,CA,AWP,WE,Federal Contract Tower,0,2,39,0,41,0,6,72,0,78,0,8,111,0,119,68,14,82,201
09/18/2014,SNS,CA,AWP,WE,Federal Contract Tower,0,0,26,0,26,0,7,115,0,122,0,7,141,0,148,62,0,62,210
09/19/2014,SNS,CA,AWP,WE,Federal Contract Tower,0,0,9,0,9,0,6,76,0,82,0,6,85,0,91,30,0,30,121
09/20/2014,SNS,CA,AWP,WE,Federal Contract Tower,0,3,43,0,46,0,8,68,0,76,0,11,111,0,122,78,0,78,200
09/21/2014,SNS,CA,AWP,WE,Federal Contract Tower,0,1,19,0,20,0,12,81,0,93,0,13,100,0,113,128,0,128,241
09/22/2014,SNS,CA,AWP,WE,Federal Contract Tower,0,0,36,0,36,0,2,70,0,72,0,2,106,0,108,76,0,76,184
09/23/2014,SNS,CA,AWP,WE,Federal Contract Tower,0,0,31,0,31,0,4,58,0,62,0,4,89,0,93,36,0,36,129
09/24/2014,SNS,CA,AWP,WE,Federal Contract Tower,0,0,12,0,12,0,7,106,0,113,0,7,118,0,125,32,14,46,171
09/25/2014,SNS,CA,AWP,WE,Federal Contract Tower,0,2,24,0,26,0,4,96,0,100,0,6,120,0,126,12,28,40,166
09/26/2014,SNS,CA,AWP,WE,Federal Contract Tower,0,0,13,0,13,0,6,119,18,143,0,6,132,18,156,16,0,16,172
09/27/2014,SNS,CA,AWP,WE,Federal Contract Tower,0,0,1,0,1,0,4,142,50,196,0,4,143,50,197,0,0,0,197
09/28/2014,SNS,CA,AWP,WE,Federal Contract Tower,0,0,6,0,6,0,2,132,50,184,0,2,138,50,190,0,0,0,190
09/29/2014,SNS,CA,AWP,WE,Federal Contract Tower,0,1,28,2,31,0,7,79,0,86,0,8,107,2,117,0,0,0,117
09/30/2014,SNS,CA,AWP,WE,Federal Contract Tower,0,0,44,0,44,0,3,82,0,85,0,3,126,0,129,32,0,32,161
10/01/2014,SNS,CA,AWP,WE,Federal Contract Tower,0,0,11,0,11,0,4,109,0,113,0,4,120,0,124,34,0,34,158
10/02/2014,SNS,CA,AWP,WE,Federal Contract Tower,0,0,26,0,26,0,2,93,0,95,0,2,119,0,121,46,0,46,167
10/03/2014,SNS,CA,AWP,WE,Federal Contract Tower,0,0,12,0,12,0,11,91,0,102,0,11,103,0,114,56,0,56,170
10/04/2014,SNS,CA,AWP,WE,Federal Contract Tower,0,0,17,0,17,0,0,79,0,79,0,0,96,0,96,34,0,34,130
10/05/2014,SNS,CA,AWP,WE,Federal Contract Tower,0,0,16,0,16,0,4,94,0,98,0,4,110,0,114,82,0,82,196
10/06/2014,SNS,CA,AWP,WE,Federal Contract Tower,0,1,17,0,18,0,6,75,0,81,0,7,92,0,99,82,0,82,181
10/07/2014,SNS,CA,AWP,WE,Federal Contract Tower,0,0,38,0,38,0,0,96,0,96,0,0,134,0,134,18,0,18,152
10/08/2014,SNS,CA,AWP,WE,Federal Contract Tower,0,0,19,1,20,0,1,89,1,91,0,1,108,2,111,40,0,40,151
10/09/2014,SNS,CA,AWP,WE,Federal Contract Tower,5,0,49,0,54,0,0,69,0,69,5,0,118,0,123,54,2,56,179
10/10/2014,SNS,CA,AWP,WE,Federal Contract Tower,0,0,26,0,26,0,2,73,0,75,0,2,99,0,101,28,2,30,131
10/11/2014,SNS,CA,AWP,WE,Federal Contract Tower,0,0,24,0,24,0,6,50,0,56,0,6,74,0,80,84,0,84,164
10/12/2014,SNS,CA,AWP,WE,Federal Contract Tower,0,0,26,0,26,0,3,81,0,84,0,3,107,0,110,72,0,72,182
10/13/2014,SNS,CA,AWP,WE,Federal Contract Tower,0,0,8,0,8,0,2,99,0,101,0,2,107,0,109,72,0,72,181
10/14/2014,SNS,CA,AWP,WE,Federal Contract Tower,0,0,29,0,29,0,0,74,0,74,0,0,103,0,103,42,0,42,145
10/15/2014,SNS,CA,AWP,WE,Federal Contract Tower,0,2,39,0,41,0,1,85,0,86,0,3,124,0,127,28,0,28,155
10/16/2014,SNS,CA,AWP,WE,Federal Contract Tower,0,0,21,0,21,0,2,123,0,125,0,2,144,0,146,62,0,62,208
10/17/2014,SNS,CA,AWP,WE,Federal Contract Tower,0,0,25,0,25,0,6,88,0,94,0,6,113,0,119,0,0,0,119
10/18/2014,SNS,CA,AWP,WE,Federal Contract Tower,0,1,16,0,17,0,2,79,0,81,0,3,95,0,98,112,0,112,210
10/19/2014,SNS,CA,AWP,WE,Federal Contract Tower,0,0,18,0,18,0,0,97,0,97,0,0,115,0,115,98,0,98,213
10/20/2014,SNS,CA,AWP,WE,Federal Contract Tower,0,0,35,0,35,0,4,63,0,67,0,4,98,0,102,82,0,82,184
10/21/2014,SNS,CA,AWP,WE,Federal Contract Tower,0,0,16,0,16,0,6,92,0,98,0,6,108,0,114,46,0,46,160
10/22/2014,SNS,CA,AWP,WE,Federal Contract Tower,0,0,26,0,26,0,6,97,0,103,0,6,123,0,129,36,0,36,165
10/23/2014,SNS,CA,AWP,WE,Federal Contract Tower,0,0,26,0,26,0,7,101,0,108,0,7,127,0,134,74,0,74,208
10/24/2014,SNS,CA,AWP,WE,Federal Contract Tower,0,0,12,0,12,0,6,81,0,87,0,6,93,0,99,110,0,110,209
10/25/2014,SNS,CA,AWP,WE,Federal Contract Tower,0,0,14,0,14,0,0,63,0,63,0,0,77,0,77,66,0,66,143
10/26/2014,SNS,CA,AWP,WE,Federal Contract Tower,0,0,9,0,9,0,4,67,0,71,0,4,76,0,80,54,0,54,134
10/27/2014,SNS,CA,AWP,WE,Federal Contract Tower,0,0,14,0,14,0,0,80,0,80,0,0,94,0,94,42,0,42,136
10/28/2014,SNS,CA,AWP,WE,Federal Contract Tower,0,0,34,0,34,0,0,95,0,95,0,0,129,0,129,30,0,30,159
10/29/2014,SNS,CA,AWP,WE,Federal Contract Tower,0,0,15,0,15,0,4,94,0,98,0,4,109,0,113,40,0,40,153
10/30/2014,SNS,CA,AWP,WE,Federal Contract Tower,0,0,14,0,14,0,4,96,4,104,0,4,110,4,118,22,8,30,148
10/31/2014,SNS,CA,AWP,WE,Federal Contract Tower,0,0,12,0,12,0,0,40,0,40,0,0,52,0,52,0,0,0,52
11/01/2014,SNS,CA,AWP,WE,Federal Contract Tower,0,0,3,0,3,0,0,62,0,62,0,0,65,0,65,38,0,38,103
11/02/2014,SNS,CA,AWP,WE,Federal Contract Tower,0,0,11,0,11,0,2,81,0,83,0,2,92,0,94,84,0,84,178
11/03/2014,SNS,CA,AWP,WE,Federal Contract Tower,0,0,13,0,13,0,2,71,2,75,0,2,84,2,88,36,4,40,128
11/04/2014,SNS,CA,AWP,WE,Federal Contract Tower,0,2,21,0,23,0,0,99,2,101,0,2,120,2,124,56,0,56,180
11/05/2014,SNS,CA,AWP,WE,Federal Contract Tower,0,0,15,0,15,0,4,92,0,96,0,4,107,0,111,42,0,42,153
11/06/2014,SNS,CA,AWP,WE,Federal Contract Tower,0,0,15,0,15,0,0,103,2,105,0,0,118,2,120,82,0,82,202
11/07/2014,SNS,CA,AWP,WE,Federal Contract Tower,0,0,37,0,37,0,0,93,0,93,0,0,130,0,130,64,0,64,194
11/08/2014,SNS,CA,AWP,WE,Federal Contract Tower,0,0,37,0,37,0,0,107,0,107,0,0,144,0,144,108,0,108,252
11/09/2014,SNS,CA,AWP,WE,Federal Contract Tower,0,1,11,0,12,0,4,81,0,85,0,5,92,0,97,58,0,58,155
11/10/2014,SNS,CA,AWP,WE,Federal Contract Tower,0,0,25,0,25,0,0,69,0,69,0,0,94,0,94,18,0,18,112
11/11/2014,SNS,CA,AWP,WE,Federal Contract Tower,0,2,32,0,34,0,2,130,0,132,0,4,162,0,166,56,0,56,222
11/12/2014,SNS,CA,AWP,WE,Federal Contract Tower,0,0,11,0,11,0,0,93,0,93,0,0,104,0,104,36,0,36,140
11/13/2014,SNS,CA,AWP,WE,Federal Contract Tower,0,0,32,0,32,0,2,58,0,60,0,2,90,0,92,28,0,28,120
11/14/2014,SNS,CA,AWP,WE,Federal Contract Tower,0,14,19,0,33,0,5,68,0,73,0,19,87,0,106,58,0,58,164
11/15/2014,SNS,CA,AWP,WE,Federal Contract Tower,0,0,23,0,23,0,4,103,0,107,0,4,126,0,130,50,0,50,180
11/16/2014,SNS,CA,AWP,WE,Federal Contract Tower,0,0,27,0,27,0,4,69,0,73,0,4,96,0,100,70,0,70,170
11/17/2014,SNS,CA,AWP,WE,Federal Contract Tower,0,0,17,0,17,0,6,83,0,89,0,6,100,0,106,26,0,26,132
11/18/2014,SNS,CA,AWP,WE,Federal Contract Tower,0,0,28,0,28,0,0,93,0,93,0,0,121,0,121,36,0,36,157
11/19/2014,SNS,CA,AWP,WE,Federal Contract Tower,0,0,23,0,23,0,0,98,0,98,0,0,121,0,121,20,0,20,141
11/20/2014,SNS,CA,AWP,WE,Federal Contract Tower,0,1,29,4,34,0,5,76,0,81,0,6,105,4,115,30,0,30,145
11/21/2014,SNS,CA,AWP,WE,Federal Contract Tower,0,0,33,0,33,0,8,71,0,79,0,8,104,0,112,92,0,92,204
11/22/2014,SNS,CA,AWP,WE,Federal Contract Tower,0,0,17,0,17,0,0,0,0,0,0,0,17,0,17,0,0,0,17
11/23/2014,SNS,CA,AWP,WE,Federal Contract Tower,0,0,8,0,8,0,3,88,0,91,0,3,96,0,99,122,0,122,221
11/24/2014,SNS,CA,AWP,WE,Federal Contract Tower,0,0,18,0,18,0,2,94,2,98,0,2,112,2,116,32,76,108,224
11/25/2014,SNS,CA,AWP,WE,Federal Contract Tower,0,0,13,0,13,0,2,101,0,103,0,2,114,0,116,94,0,94,210
11/26/2014,SNS,CA,AWP,WE,Federal Contract Tower,0,0,18,0,18,0,1,94,0,95,0,1,112,0,113,48,0,48,161
11/27/2014,SNS,CA,AWP,WE,Federal Contract Tower,0,0,3,0,3,0,6,76,0,82,0,6,79,0,85,12,0,12,97
11/28/2014,SNS,CA,AWP,WE,Federal Contract Tower,0,0,30,0,30,0,0,112,0,112,0,0,142,0,142,80,0,80,222
11/29/2014,SNS,CA,AWP,WE,Federal Contract Tower,0,0,3,0,3,0,0,60,0,60,0,0,63,0,63,38,0,38,101
11/30/2014,SNS,CA,AWP,WE,Federal Contract Tower,0,0,20,0,20,0,0,16,0,16,0,0,36,0,36,0,0,0,36
12/01/2014,SNS,CA,AWP,WE,Federal Contract Tower,0,0,20,0,20,0,5,59,0,64,0,5,79,0,84,38,0,38,122
12/02/2014,SNS,CA,AWP,WE,Federal Contract Tower,0,0,34,0,34,0,0,31,0,31,0,0,65,0,65,18,0,18,83
12/03/2014,SNS,CA,AWP,WE,Federal Contract Tower,0,0,14,0,14,0,0,75,0,75,0,0,89,0,89,14,0,14,103
12/04/2014,SNS,CA,AWP,WE,Federal Contract Tower,0,0,10,0,10,0,0,76,0,76,0,0,86,0,86,32,0,32,118
12/05/2014,SNS,CA,AWP,WE,Federal Contract Tower,0,0,15,0,15,0,4,60,0,64,0,4,75,0,79,22,0,22,101
12/06/2014,SNS,CA,AWP,WE,Federal Contract Tower,0,0,39,0,39,0,0,0,0,0,0,0,39,0,39,30,0,30,69
12/07/2014,SNS,CA,AWP,WE,Federal Contract Tower,0,0,16,0,16,0,0,87,0,87,0,0,103,0,103,42,0,42,145
12/08/2014,SNS,CA,AWP,WE,Federal Contract Tower,0,2,34,0,36,0,2,90,0,92,0,4,124,0,128,52,0,52,180
12/09/2014,SNS,CA,AWP,WE,Federal Contract Tower,0,0,34,0,34,0,6,96,0,102,0,6,130,0,136,46,0,46,182
12/10/2014,SNS,CA,AWP,WE,Federal Contract Tower,0,0,37,0,37,0,2,75,0,77,0,2,112,0,114,32,0,32,146
12/11/2014,SNS,CA,AWP,WE,Federal Contract Tower,0,0,6,0,6,0,0,0,0,0,0,0,6,0,6,0,0,0,6
12/12/2014,SNS,CA,AWP,WE,Federal Contract Tower,0,0,17,0,17,0,0,34,0,34,0,0,51,0,51,10,0,10,61
12/13/2014,SNS,CA,AWP,WE,Federal Contract Tower,0,0,22,0,22,0,0,39,0,39,0,0,61,0,61,18,0,18,79
12/14/2014,SNS,CA,AWP,WE,Federal Contract Tower,0,0,44,0,44,0,0,67,0,67,0,0,111,0,111,52,0,52,163
12/15/2014,SNS,CA,AWP,WE,Federal Contract Tower,0,0,52,0,52,0,0,18,0,18,0,0,70,0,70,0,0,0,70
12/16/2014,SNS,CA,AWP,WE,Federal Contract Tower,0,0,42,0,42,0,0,78,0,78,0,0,120,0,120,2,0,2,122
12/17/2014,SNS,CA,AWP,WE,Federal Contract Tower,0,0,15,0,15,0,0,78,0,78,0,0,93,0,93,28,0,28,121
12/18/2014,SNS,CA,AWP,WE,Federal Contract Tower,0,0,20,0,20,0,4,73,0,77,0,4,93,0,97,34,0,34,131
12/19/2014,SNS,CA,AWP,WE,Federal Contract Tower,0,0,14,0,14,0,2,75,0,77,0,2,89,0,91,28,0,28,119
12/20/2014,SNS,CA,AWP,WE,Federal Contract Tower,0,0,15,0,15,0,0,69,0,69,0,0,84,0,84,68,0,68,152
12/21/2014,SNS,CA,AWP,WE,Federal Contract Tower,0,0,14,0,14,0,6,84,0,90,0,6,98,0,104,54,0,54,158
12/22/2014,SNS,CA,AWP,WE,Federal Contract Tower,0,0,33,0,33,0,2,67,0,69,0,2,100,0,102,40,0,40,142
12/23/2014,SNS,CA,AWP,WE,Federal Contract Tower,0,0,47,0,47,0,2,96,0,98,0,2,143,0,145,0,42,42,187
12/24/2014,SNS,CA,AWP,WE,Federal Contract Tower,0,0,31,0,31,0,0,22,0,22,0,0,53,0,53,0,0,0,53
12/25/2014,SNS,CA,AWP,WE,Federal Contract Tower,0,0,2,0,2,0,2,18,0,20,0,2,20,0,22,22,0,22,44
12/26/2014,SNS,CA,AWP,WE,Federal Contract Tower,0,7,34,0,41,0,2,94,0,96,0,9,128,0,137,42,0,42,179
12/27/2014,SNS,CA,AWP,WE,Federal Contract Tower,0,0,11,0,11,0,3,91,0,94,0,3,102,0,105,86,0,86,191
12/28/2014,SNS,CA,AWP,WE,Federal Contract Tower,0,0,14,0,14,0,9,86,0,95,0,9,100,0,109,54,0,54,163
12/29/2014,SNS,CA,AWP,WE,Federal Contract Tower,0,0,32,0,32,0,4,82,0,86,0,4,114,0,118,56,0,56,174
12/30/2014,SNS,CA,AWP,WE,Federal Contract Tower,0,0,25,0,25,0,2,82,0,84,0,2,107,0,109,42,0,42,151
12/31/2014,SNS,CA,AWP,WE,Federal Contract Tower,0,0,4,0,4,0,0,57,0,57,0,0,61,0,61,36,0,36,97
01/01/2015,SNS,CA,AWP,WE,Federal Contract Tower,0,0,20,0,20,0,6,86,0,92,0,6,106,0,112,62,0,62,174
01/02/2015,SNS,CA,AWP,WE,Federal Contract Tower,0,0,28,0,28,0,10,75,0,85,0,10,103,0,113,42,0,42,155
01/03/2015,SNS,CA,AWP,WE,Federal Contract Tower,0,0,27,0,27,0,4,102,0,106,0,4,129,0,133,74,0,74,207
01/04/2015,SNS,CA,AWP,WE,Federal Contract Tower,0,0,13,0,13,0,4,86,0,90,0,4,99,0,103,18,0,18,121
01/05/2015,SNS,CA,AWP,WE,Federal Contract Tower,0,0,35,2,37,0,4,85,0,89,0,4,120,2,126,38,0,38,164
01/06/2015,SNS,CA,AWP,WE,Federal Contract Tower,0,0,15,0,15,0,2,81,0,83,0,2,96,0,98,50,0,50,148
01/07/2015,SNS,CA,AWP,WE,Federal Contract Tower,0,0,6,0,6,0,8,81,2,91,0,8,87,2,97,48,10,58,155
01/08/2015,SNS,CA,AWP,WE,Federal Contract Tower,0,0,21,0,21,0,2,119,0,121,0,2,140,0,142,44,0,44,186
01/09/2015,SNS,CA,AWP,WE,Federal Contract Tower,0,0,43,0,43,0,0,96,0,96,0,0,139,0,139,28,0,28,167
01/10/2015,SNS,CA,AWP,WE,Federal Contract Tower,0,0,13,0,13,0,2,97,0,99,0,2,110,0,112,56,0,56,168
01/11/2015,SNS,CA,AWP,WE,Federal Contract Tower,0,2,16,0,18,0,0,80,0,80,0,2,96,0,98,34,0,34,132
01/12/2015,SNS,CA,AWP,WE,Federal Contract Tower,0,5,43,0,48,0,4,49,0,53,0,9,92,0,101,24,0,24,125
01/13/2015,SNS,CA,AWP,WE,Federal Contract Tower,0,1,34,2,37,0,4,83,0,87,0,5,117,2,124,38,0,38,162
01/14/2015,SNS,CA,AWP,WE,Federal Contract Tower,0,0,28,0,28,0,4,93,0,97,0,4,121,0,125,60,0,60,185
01/15/2015,SNS,CA,AWP,WE,Federal Contract Tower,0,0,36,0,36,0,12,111,0,123,0,12,147,0,159,26,0,26,185
01/16/2015,SNS,CA,AWP,WE,Federal Contract Tower,0,0,28,0,28,0,5,93,0,98,0,5,121,0,126,42,0,42,168
01/17/2015,SNS,CA,AWP,WE,Federal Contract Tower,0,0,13,0,13,0,4,94,0,98,0,4,107,0,111,60,0,60,171
01/18/2015,SNS,CA,AWP,WE,Federal Contract Tower,0,2,19,0,21,0,8,84,0,92,0,10,103,0,113,58,0,58,171
01/19/2015,SNS,CA,AWP,WE,Federal Contract Tower,0,3,31,0,34,0,8,102,0,110,0,11,133,0,144,66,0,66,210
01/20/2015,SNS,CA,AWP,WE,Federal Contract Tower,0,1,30,1,32,0,8,70,1,79,0,9,100,2,111,44,0,44,155
01/21/2015,SNS,CA,AWP,WE,Federal Contract Tower,0,0,36,0,36,0,4,129,0,133,0,4,165,0,169,98,0,98,267
01/22/2015,SNS,CA,AWP,WE,Federal Contract Tower,0,0,47,0,47,0,6,102,0,108,0,6,149,0,155,42,0,42,197
01/23/2015,SNS,CA,AWP,WE,Federal Contract Tower,0,0,18,0,18,0,0,94,0,94,0,0,112,0,112,42,0,42,154
01/24/2015,SNS,CA,AWP,WE,Federal Contract Tower,0,0,25,0,25,0,5,86,0,91,0,5,111,0,116,46,0,46,162
01/25/2015,SNS,CA,AWP,WE,Federal Contract Tower,0,1,54,0,55,0,6,144,0,150,0,7,198,0,205,54,0,54,259
01/26/2015,SNS,CA,AWP,WE,Federal Contract Tower,0,0,55,0,55,0,5,119,0,124,0,5,174,0,179,78,0,78,257
01/27/2015,SNS,CA,AWP,WE,Federal Contract Tower,0,0,38,0,38,0,4,100,0,104,0,4,138,0,142,24,0,24,166
01/28/2015,SNS,CA,AWP,WE,Federal Contract Tower,0,0,42,0,42,0,8,104,0,112,0,8,146,0,154,46,0,46,200
01/29/2015,SNS,CA,AWP,WE,Federal Contract Tower,0,0,39,0,39,0,4,90,6,100,0,4,129,6,139,32,0,32,171
01/30/2015,SNS,CA,AWP,WE,Federal Contract Tower,0,4,34,0,38,0,0,74,0,74,0,4,108,0,112,36,0,36,148
01/31/2015,SNS,CA,AWP,WE,Federal Contract Tower,0,0,12,0,12,0,6,92,0,98,0,6,104,0,110,36,0,36,146
02/01/2015,SNS,CA,AWP,WE,Federal Contract Tower,0,2,42,0,44,0,6,86,0,92,0,8,128,0,136,22,0,22,158
02/02/2015,SNS,CA,AWP,WE,Federal Contract Tower,0,2,54,4,60,0,5,100,0,105,0,7,154,4,165,52,0,52,217
02/03/2015,SNS,CA,AWP,WE,Federal Contract Tower,0,0,11,0,11,0,6,76,0,82,0,6,87,0,93,40,0,40,133
02/04/2015,SNS,CA,AWP,WE,Federal Contract Tower,0,5,52,2,59,0,3,66,1,70,0,8,118,3,129,38,0,38,167
02/05/2015,SNS,CA,AWP,WE,Federal Contract Tower,0,3,34,0,37,0,0,96,0,96,0,3,130,0,133,32,0,32,165
02/06/2015,SNS,CA,AWP,WE,Federal Contract Tower,0,0,10,0,10,0,5,77,0,82,0,5,87,0,92,20,0,20,112
02/07/2015,SNS,CA,AWP,WE,Federal Contract Tower,0,0,13,0,13,0,4,56,0,60,0,4,69,0,73,20,0,20,93
02/08/2015,SNS,CA,AWP,WE,Federal Contract Tower,0,0,4,0,4,0,2,5,0,7,0,2,9,0,11,0,0,0,11
02/09/2015,SNS,CA,AWP,WE,Federal Contract Tower,0,0,16,0,16,0,6,40,0,46,0,6,56,0,62,22,0,22,84
02/10/2015,SNS,CA,AWP,WE,Federal Contract Tower,0,0,23,2,25,0,6,96,2,104,0,6,119,4,129,52,0,52,181
02/11/2015,SNS,CA,AWP,WE,Federal Contract Tower,0,0,28,0,28,0,4,89,0,93,0,4,117,0,121,48,0,48,169
02/12/2015,SNS,CA,AWP,WE,Federal Contract Tower,0,0,18,0,18,0,8,93,0,101,0,8,111,0,119,46,0,46,165
02/13/2015,SNS,CA,AWP,WE,Federal Contract Tower,0,0,23,0,23,0,5,107,0,112,0,5,130,0,135,68,0,68,203
02/14/2015,SNS,CA,AWP,WE,Federal Contract Tower,0,0,15,0,15,0,6,83,0,89,0,6,98,0,104,54,0,54,158
02/15/2015,SNS,CA,AWP,WE,Federal Contract Tower,0,0,22,0,22,0,8,121,0,129,0,8,143,0,151,22,0,22,173
02/16/2015,SNS,CA,AWP,WE,Federal Contract Tower,0,0,38,0,38,0,0,116,0,116,0,0,154,0,154,24,0,24,178
02/17/2015,SNS,CA,AWP,WE,Federal Contract Tower,0,3,68,1,72,0,6,54,2,62,0,9,122,3,134,34,0,34,168
02/18/2015,SNS,CA,AWP,WE,Federal Contract Tower,0,2,41,2,45,0,6,88,0,94,0,8,129,2,139,40,0,40,179
02/19/2015,SNS,CA,AWP,WE,Federal Contract Tower,0,3,68,3,74,0,1,4,1,6,0,4,72,4,80,0,0,0,80
02/20/2015,SNS,CA,AWP,WE,Federal Contract Tower,0,9,64,0,73,0,0,39,0,39,0,9,103,0,112,36,0,36,148
02/21/2015,SNS,CA,AWP,WE,Federal Contract Tower,0,0,17,3,20,0,4,70,2,76,0,4,87,5,96,46,0,46,142
02/22/2015,SNS,CA,AWP,WE,Federal Contract Tower,0,0,15,0,15,0,4,74,0,78,0,4,89,0,93,50,0,50,143
02/23/2015,SNS,CA,AWP,WE,Federal Contract Tower,0,0,16,1,17,0,4,92,1,97,0,4,108,2,114,68,0,68,182
02/24/2015,SNS,CA,AWP,WE,Federal Contract Tower,0,9,31,2,42,0,2,90,1,93,0,11,121,3,135,70,0,70,205
02/25/2015,SNS,CA,AWP,WE,Federal Contract Tower,0,0,29,0,29,0,6,90,0,96,0,6,119,0,125,44,0,44,169
02/26/2015,SNS,CA,AWP,WE,Federal Contract Tower,0,0,30,0,30,0,6,79,2,87,0,6,109,2,117,36,0,36,153
02/27/2015,SNS,CA,AWP,WE,Federal Contract Tower,0,4,37,0,41,0,4,88,0,92,0,8,125,0,133,50,0,50,183
02/28/2015,SNS,CA,AWP,WE,Federal Contract Tower,0,0,24,0,24,0,6,82,0,88,0,6,106,0,112,24,0,24,136
03/01/2015,SNS,CA,AWP,WE,Federal Contract Tower,0,0,24,0,24,0,8,68,0,76,0,8,92,0,100,46,0,46,146
03/02/2015,SNS,CA,AWP,WE,Federal Contract Tower,0,0,48,0,48,0,4,68,0,72,0,4,116,0,120,0,0,0,120
03/03/2015,SNS,CA,AWP,WE,Federal Contract Tower,0,0,51,0,51,0,4,79,0,83,0,4,130,0,134,84,0,84,218
03/04/2015,SNS,CA,AWP,WE,Federal Contract Tower,0,2,14,2,18,0,10,100,0,110,0,12,114,2,128,40,0,40,168
03/05/2015,SNS,CA,AWP,WE,Federal Contract Tower,0,2,19,0,21,0,4,103,0,107,0,6,122,0,128,46,0,46,174
03/06/2015,SNS,CA,AWP,WE,Federal Contract Tower,0,1,31,0,32,0,9,100,0,109,0,10,131,0,141,54,0,54,195
03/07/2015,SNS,CA,AWP,WE,Federal Contract Tower,0,0,14,0,14,0,4,92,0,96,0,4,106,0,110,62,0,62,172
03/08/2015,SNS,CA,AWP,WE,Federal Contract Tower,0,0,38,0,38,0,8,96,0,104,0,8,134,0,142,82,0,82,224
03/09/2015,SNS,CA,AWP,WE,Federal Contract Tower,0,0,57,0,57,0,6,73,0,79,0,6,130,0,136,42,0,42,178
03/10/2015,SNS,CA,AWP,WE,Federal Contract Tower,0,2,34,4,40,0,1,89,0,90,0,3,123,4,130,42,0,42,172
03/11/2015,SNS,CA,AWP,WE,Federal Contract Tower,0,0,23,0,23,0,4,75,0,79,0,4,98,0,102,40,0,40,142
03/12/2015,SNS,CA,AWP,WE,Federal Contract Tower,0,1,51,0,52,0,4,99,2,105,0,5,150,2,157,58,0,58,215
03/13/2015,SNS,CA,AWP,WE,Federal Contract Tower,0,0,42,0,42,0,6,97,0,103,0,6,139,0,145,48,0,48,193
03/14/2015,SNS,CA,AWP,WE,Federal Contract Tower,0,0,27,0,27,0,5,95,0,100,0,5,122,0,127,62,0,62,189
03/15/2015,SNS,CA,AWP,WE,Federal Contract Tower,0,0,27,0,27,0,4,75,0,79,0,4,102,0,106,40,0,40,146
03/16/2015,SNS,CA,AWP,WE,Federal Contract Tower,0,0,25,0,25,0,2,111,0,113,0,2,136,0,138,32,0,32,170
03/17/2015,SNS,CA,AWP,WE,Federal Contract Tower,0,0,41,4,45,0,2,83,2,87,0,2,124,6,132,26,0,26,158
03/18/2015,SNS,CA,AWP,WE,Federal Contract Tower,0,0,33,4,37,0,2,95,0,97,0,2,128,4,134,50,0,50,184
03/19/2015,SNS,CA,AWP,WE,Federal Contract Tower,0,11,37,0,48,0,5,86,0,91,0,16,123,0,139,34,0,34,173
03/20/2015,SNS,CA,AWP,WE,Federal Contract Tower,0,0,17,0,17,0,6,99,0,105,0,6,116,0,122,54,0,54,176
03/21/2015,SNS,CA,AWP,WE,Federal Contract Tower,0,0,21,0,21,0,4,80,0,84,0,4,101,0,105,58,0,58,163
03/22/2015,SNS,CA,AWP,WE,Federal Contract Tower,0,0,23,0,23,0,2,89,0,91,0,2,112,0,114,42,0,42,156
03/23/2015,SNS,CA,AWP,WE,Federal Contract Tower,0,0,20,0,20,0,3,65,1,69,0,3,85,1,89,18,12,30,119
03/24/2015,SNS,CA,AWP,WE,Federal Contract Tower,0,4,33,0,37,0,4,94,0,98,0,8,127,0,135,76,8,84,219
03/25/2015,SNS,CA,AWP,WE,Federal Contract Tower,0,0,26,0,26,0,14,101,0,115,0,14,127,0,141,66,0,66,207
03/26/2015,SNS,CA,AWP,WE,Federal Contract Tower,0,2,25,0,27,0,6,92,0,98,0,8,117,0,125,48,0,48,173
03/27/2015,SNS,CA,AWP,WE,Federal Contract Tower,0,1,54,0,55,0,7,102,0,109,0,8,156,0,164,70,0,70,234
03/28/2015,SNS,CA,AWP,WE,Federal Contract Tower,0,0,42,0,42,0,2,85,0,87,0,2,127,0,129,40,0,40,169
03/29/2015,SNS,CA,AWP,WE,Federal Contract Tower,0,0,43,0,43,0,4,84,0,88,0,4,127,0,131,58,0,58,189
03/30/2015,SNS,CA,AWP,WE,Federal Contract Tower,0,0,24,0,24,0,6,89,0,95,0,6,113,0,119,38,0,38,157
03/31/2015,SNS,CA,AWP,WE,Federal Contract Tower,0,0,24,0,24,0,9,87,0,96,0,9,111,0,120,30,0,30,150
04/01/2015,SNS,CA,AWP,WE,Federal Contract Tower,0,0,12,0,12,0,4,83,0,87,0,4,95,0,99,0,0,0,99
04/02/2015,SNS,CA,AWP,WE,Federal Contract Tower,0,2,0,0,2,0,0,87,1,88,0,2,87,1,90,50,0,50,140
04/03/2015,SNS,CA,AWP,WE,Federal Contract Tower,0,0,25,0,25,0,6,87,0,93,0,6,112,0,118,38,0,38,156
04/04/2015,SNS,CA,AWP,WE,Federal Contract Tower,0,0,15,0,15,0,4,92,0,96,0,4,107,0,111,48,0,48,159
04/05/2015,SNS,CA,AWP,WE,Federal Contract Tower,0,0,2,0,2,0,4,46,0,50,0,4,48,0,52,8,0,8,60
04/06/2015,SNS,CA,AWP,WE,Federal Contract Tower,0,0,17,0,17,0,5,40,0,45,0,5,57,0,62,42,0,42,104
04/07/2015,SNS,CA,AWP,WE,Federal Contract Tower,0,2,10,0,12,0,8,34,1,43,0,10,44,1,55,58,0,58,113
04/08/2015,SNS,CA,AWP,WE,Federal Contract Tower,0,0,21,0,21,0,7,82,2,91,0,7,103,2,112,48,0,48,160
04/09/2015,SNS,CA,AWP,WE,Federal Contract Tower,0,0,15,0,15,0,6,81,0,87,0,6,96,0,102,54,0,54,156
04/10/2015,SNS,CA,AWP,WE,Federal Contract Tower,0,0,32,0,32,0,0,92,0,92,0,0,124,0,124,70,0,70,194
04/11/2015,SNS,CA,AWP,WE,Federal Contract Tower,0,0,6,0,6,0,8,91,0,99,0,8,97,0,105,62,0,62,167
04/12/2015,SNS,CA,AWP,WE,Federal Contract Tower,0,0,21,0,21,0,5,86,0,91,0,5,107,0,112,56,0,56,168
04/13/2015,SNS,CA,AWP,WE,Federal Contract Tower,0,0,17,0,17,0,4,89,0,93,0,4,106,0,110,64,0,64,174
04/14/2015,SNS,CA,AWP,WE,Federal Contract Tower,0,2,6,0,8,0,8,95,0,103,0,10,101,0,111,46,0,46,157
04/15/2015,SNS,CA,AWP,WE,Federal Contract Tower,0,8,8,0,16,0,16,105,0,121,0,24,113,0,137,118,0,118,255
04/16/2015,SNS,CA,AWP,WE,Federal Contract Tower,0,6,26,0,32,0,6,106,0,112,0,12,132,0,144,100,0,100,244
04/17/2015,SNS,CA,AWP,WE,Federal Contract Tower,0,0,57,0,57,0,6,108,0,114,0,6,165,0,171,52,0,52,223
04/18/2015,SNS,CA,AWP,WE,Federal Contract Tower,0,0,24,0,24,0,5,69,0,74,0,5,93,0,98,54,0,54,152
04/19/2015,SNS,CA,AWP,WE,Federal Contract Tower,0,0,16,0,16,0,4,104,0,108,0,4,120,0,124,64,0,64,188
04/20/2015,SNS,CA,AWP,WE,Federal Contract Tower,0,0,46,2,48,0,6,68,0,74,0,6,114,2,122,52,0,52,174
04/21/2015,SNS,CA,AWP,WE,Federal Contract Tower,0,0,27,0,27,0,2,97,0,99,0,2,124,0,126,30,0,30,156
04/22/2015,SNS,CA,AWP,WE,Federal Contract Tower,0,0,19,0,19,0,6,99,0,105,0,6,118,0,124,62,0,62,186
04/23/2015,SNS,CA,AWP,WE,Federal Contract Tower,0,2,31,0,33,0,4,79,2,85,0,6,110,2,118,38,14,52,170
04/24/2015,SNS,CA,AWP,WE,Federal Contract Tower,0,0,33,0,33,0,0,100,0,100,0,0,133,0,133,32,0,32,165
04/25/2015,SNS,CA,AWP,WE,Federal Contract Tower,0,3,11,0,14,0,4,63,0,67,0,7,74,0,81,28,0,28,109
04/26/2015,SNS,CA,AWP,WE,Federal Contract Tower,0,0,7,0,7,0,0,153,0,153,0,0,160,0,160,18,0,18,178
04/27/2015,SNS,CA,AWP,WE,Federal Contract Tower,0,0,15,0,15,0,4,88,0,92,0,4,103,0,107,54,0,54,161
04/28/2015,SNS,CA,AWP,WE,Federal Contract Tower,0,4,44,4,52,0,7,68,0,75,0,11,112,4,127,52,0,52,179
04/29/2015,SNS,CA,AWP,WE,Federal Contract Tower,0,0,24,0,24,0,6,95,0,101,0,6,119,0,125,44,0,44,169
04/30/2015,SNS,CA,AWP,WE,Federal Contract Tower,0,0,35,0,35,0,6,86,0,92,0,6,121,0,127,46,0,46,173
05/01/2015,SNS,CA,AWP,WE,Federal Contract Tower,0,0,21,0,21,0,4,103,8,115,0,4,124,8,136,28,0,28,164
05/02/2015,SNS,CA,AWP,WE,Federal Contract Tower,0,0,25,0,25,0,0,78,0,78,0,0,103,0,103,40,0,40,143
05/03/2015,SNS,CA,AWP,WE,Federal Contract Tower,0,0,17,0,17,0,8,96,0,104,0,8,113,0,121,64,0,64,185
05/04/2015,SNS,CA,AWP,WE,Federal Contract Tower,0,3,12,0,15,0,9,92,0,101,0,12,104,0,116,46,0,46,162
05/05/2015,SNS,CA,AWP,WE,Federal Contract Tower,0,0,23,0,23,0,4,100,0,104,0,4,123,0,127,46,0,46,173
05/06/2015,SNS,CA,AWP,WE,Federal Contract Tower,0,0,21,0,21,0,6,95,2,103,0,6,116,2,124,42,0,42,166
05/07/2015,SNS,CA,AWP,WE,Federal Contract Tower,0,0,8,0,8,0,4,98,4,106,0,4,106,4,114,48,0,48,162
05/08/2015,SNS,CA,AWP,WE,Federal Contract Tower,0,0,18,0,18,0,2,92,0,94,0,2,110,0,112,26,0,26,138
05/09/2015,SNS,CA,AWP,WE,Federal Contract Tower,0,1,25,0,26,0,5,107,0,112,0,6,132,0,138,76,0,76,214
05/10/2015,SNS,CA,AWP,WE,Federal Contract Tower,0,1,0,0,1,0,0,88,0,88,0,1,88,0,89,38,0,38,127
05/11/2015,SNS,CA,AWP,WE,Federal Contract Tower,0,0,19,2,21,0,6,87,0,93,0,6,106,2,114,34,0,34,148
05/12/2015,SNS,CA,AWP,WE,Federal Contract Tower,0,0,19,0,19,0,10,89,0,99,0,10,108,0,118,44,0,44,162
05/13/2015,SNS,CA,AWP,WE,Federal Contract Tower,0,0,21,0,21,0,6,86,0,92,0,6,107,0,113,54,0,54,167
05/14/2015,SNS,CA,AWP,WE,Federal Contract Tower,0,0,15,0,15,0,2,75,0,77,0,2,90,0,92,44,0,44,136
05/15/2015,SNS,CA,AWP,WE,Federal Contract Tower,0,0,49,0,49,0,1,210,0,211,0,1,259,0,260,8,0,8,268
05/16/2015,SNS,CA,AWP,WE,Federal Contract Tower,0,0,234,0,234,0,6,1057,0,1063,0,6,1291,0,1297,64,0,64,1361
05/17/2015,SNS,CA,AWP,WE,Federal Contract Tower,0,0,29,0,29,0,8,71,0,79,0,8,100,0,108,24,0,24,132
05/18/2015,SNS,CA,AWP,WE,Federal Contract Tower,0,0,19,0,19,0,0,52,0,52,0,0,71,0,71,46,0,46,117
05/19/2015,SNS,CA,AWP,WE,Federal Contract Tower,0,0,33,0,33,0,10,84,0,94,0,10,117,0,127,54,0,54,181
05/20/2015,SNS,CA,AWP,WE,Federal Contract Tower,0,0,37,0,37,0,6,71,0,77,0,6,108,0,114,40,0,40,154
05/21/2015,SNS,CA,AWP,WE,Federal Contract Tower,0,4,21,0,25,0,14,81,0,95,0,18,102,0,120,74,0,74,194
05/22/2015,SNS,CA,AWP,WE,Federal Contract Tower,0,2,20,0,22,0,0,74,0,74,0,2,94,0,96,24,0,24,120
05/23/2015,SNS,CA,AWP,WE,Federal Contract Tower,0,0,36,0,36,0,4,64,0,68,0,4,100,0,104,20,0,20,124
05/24/2015,SNS,CA,AWP,WE,Federal Contract Tower,0,0,12,0,12,0,2,78,0,80,0,2,90,0,92,32,0,32,124
05/25/2015,SNS,CA,AWP,WE,Federal Contract Tower,0,0,23,0,23,0,10,55,0,65,0,10,78,0,88,8,0,8,96
05/26/2015,SNS,CA,AWP,WE,Federal Contract Tower,0,1,21,0,22,0,4,76,0,80,0,5,97,0,102,36,0,36,138
05/27/2015,SNS,CA,AWP,WE,Federal Contract Tower,0,2,22,4,28,0,0,74,0,74,0,2,96,4,102,88,0,88,190
05/28/2015,SNS,CA,AWP,WE,Federal Contract Tower,0,4,57,0,61,0,14,66,0,80,0,18,123,0,141,112,0,112,253
05/29/2015,SNS,CA,AWP,WE,Federal Contract Tower,0,2,61,0,63,0,2,60,0,62,0,4,121,0,125,40,0,40,165
05/30/2015,SNS,CA,AWP,WE,Federal Contract Tower,0,0,41,0,41,0,6,70,0,76,0,6,111,0,117,70,0,70,187
05/31/2015,SNS,CA,AWP,WE,Federal Contract Tower,0,0,62,0,62,0,2,59,0,61,0,2,121,0,123,52,0,52,175
06/01/2015,SNS,CA,AWP,WE,Federal Contract Tower,0,0,32,0,32,0,0,71,0,71,0,0,103,0,103,70,0,70,173
06/02/2015,SNS,CA,AWP,WE,Federal Contract Tower,0,0,30,1,31,0,0,89,2,91,0,0,119,3,122,48,0,48,170
06/03/2015,SNS,CA,AWP,WE,Federal Contract Tower,0,0,15,0,15,0,0,92,0,92,0,0,107,0,107,32,0,32,139
06/04/2015,SNS,CA,AWP,WE,Federal Contract Tower,0,0,24,0,24,0,4,85,0,89,0,4,109,0,113,56,0,56,169
06/05/2015,SNS,CA,AWP,WE,Federal Contract Tower,0,0,29,1,30,0,0,100,0,100,0,0,129,1,130,40,0,40,170
06/06/2015,SNS,CA,AWP,WE,Federal Contract Tower,0,0,25,0,25,0,0,70,2,72,0,0,95,2,97,66,0,66,163
06/07/2015,SNS,CA,AWP,WE,Federal Contract Tower,0,0,58,0,58,0,0,54,0,54,0,0,112,0,112,76,0,76,188
06/08/2015,SNS,CA,AWP,WE,Federal Contract Tower,0,0,43,0,43,0,0,84,0,84,0,0,127,0,127,112,0,112,239
06/09/2015,SNS,CA,AWP,WE,Federal Contract Tower,0,0,36,0,36,0,0,46,0,46,0,0,82,0,82,70,0,70,152
06/10/2015,SNS,CA,AWP,WE,Federal Contract Tower,0,0,23,0,23,0,0,67,0,67,0,0,90,0,90,76,0,76,166
06/11/2015,SNS,CA,AWP,WE,Federal Contract Tower,0,0,36,0,36,0,0,59,0,59,0,0,95,0,95,62,0,62,157
06/12/2015,SNS,CA,AWP,WE,Federal Contract Tower,0,0,52,0,52,0,6,75,0,81,0,6,127,0,133,52,0,52,185
06/13/2015,SNS,CA,AWP,WE,Federal Contract Tower,0,0,33,0,33,0,5,75,0,80,0,5,108,0,113,52,0,52,165
06/14/2015,SNS,CA,AWP,WE,Federal Contract Tower,0,0,53,0,53,0,0,83,0,83,0,0,136,0,136,44,0,44,180
06/15/2015,SNS,CA,AWP,WE,Federal Contract Tower,0,0,40,0,40,0,7,94,0,101,0,7,134,0,141,44,0,44,185
06/16/2015,SNS,CA,AWP,WE,Federal Contract Tower,0,0,23,0,23,0,6,83,0,89,0,6,106,0,112,42,0,42,154
06/17/2015,SNS,CA,AWP,WE,Federal Contract Tower,0,2,55,2,59,0,0,49,0,49,0,2,104,2,108,86,0,86,194
06/18/2015,SNS,CA,AWP,WE,Federal Contract Tower,0,0,39,0,39,0,4,85,0,89,0,4,124,0,128,48,0,48,176
06/19/2015,SNS,CA,AWP,WE,Federal Contract Tower,0,2,28,0,30,0,5,91,0,96,0,7,119,0,126,48,0,48,174
06/20/2015,SNS,CA,AWP,WE,Federal Contract Tower,0,5,25,0,30,0,6,93,0,99,0,11,118,0,129,84,0,84,213
06/21/2015,SNS,CA,AWP,WE,Federal Contract Tower,0,0,23,0,23,0,11,66,0,77,0,11,89,0,100,50,0,50,150
06/22/2015,SNS,CA,AWP,WE,Federal Contract Tower,0,4,17,0,21,0,6,59,0,65,0,10,76,0,86,114,0,114,200
06/23/2015,SNS,CA,AWP,WE,Federal Contract Tower,0,12,32,0,44,0,6,101,0,107,0,18,133,0,151,32,0,32,183
06/24/2015,SNS,CA,AWP,WE,Federal Contract Tower,0,0,29,0,29,0,4,101,0,105,0,4,130,0,134,51,0,51,185
06/25/2015,SNS,CA,AWP,WE,Federal Contract Tower,0,1,43,0,44,0,6,78,0,84,0,7,121,0,128,48,0,48,176
06/26/2015,SNS,CA,AWP,WE,Federal Contract Tower,0,0,52,0,52,0,4,84,0,88,0,4,136,0,140,58,0,58,198
06/27/2015,SNS,CA,AWP,WE,Federal Contract Tower,0,3,28,0,31,0,7,85,0,92,0,10,113,0,123,110,0,110,233
06/28/2015,SNS,CA,AWP,WE,Federal Contract Tower,0,2,31,0,33,0,0,106,0,106,0,2,137,0,139,94,0,94,233
06/29/2015,SNS,CA,AWP,WE,Federal Contract Tower,0,2,45,3,50,0,8,78,1,87,0,10,123,4,137,82,0,82,219
06/30/2015,SNS,CA,AWP,WE,Federal Contract Tower,0,3,44,0,47,0,8,88,2,98,0,11,132,2,145,64,14,78,223
07/01/2015,SNS,CA,AWP,WE,Federal Contract Tower,0,3,28,0,31,0,4,101,4,109,0,7,129,4,140,36,0,36,176
07/02/2015,SNS,CA,AWP,WE,Federal Contract Tower,0,0,31,0,31,0,0,56,2,58,0,0,87,2,89,40,14,54,143
07/03/2015,SNS,CA,AWP,WE,Federal Contract Tower,0,0,46,0,46,0,0,46,0,46,0,0,92,0,92,74,0,74,166
07/04/2015,SNS,CA,AWP,WE,Federal Contract Tower,0,0,18,0,18,0,14,39,0,53,0,14,57,0,71,40,0,40,111
07/05/2015,SNS,CA,AWP,WE,Federal Contract Tower,0,0,25,0,25,0,0,67,2,69,0,0,92,2,94,44,8,52,146
07/06/2015,SNS,CA,AWP,WE,Federal Contract Tower,0,0,14,0,14,0,0,68,0,68,0,0,82,0,82,64,0,64,146
07/07/2015,SNS,CA,AWP,WE,Federal Contract Tower,0,1,27,0,28,0,9,96,0,105,0,10,123,0,133,62,0,62,195
07/08/2015,SNS,CA,AWP,WE,Federal Contract Tower,0,0,24,0,24,0,6,103,0,109,0,6,127,0,133,42,0,42,175
07/09/2015,SNS,CA,AWP,WE,Federal Contract Tower,0,0,0,0,0,0,2,92,2,96,0,2,92,2,96,8,12,20,116
07/10/2015,SNS,CA,AWP,WE,Federal Contract Tower,0,0,24,0,24,0,4,83,3,90,0,4,107,3,114,12,0,12,126
07/11/2015,SNS,CA,AWP,WE,Federal Contract Tower,0,0,14,2,16,0,2,84,2,88,0,2,98,4,104,12,0,12,116
07/12/2015,SNS,CA,AWP,WE,Federal Contract Tower,0,0,11,0,11,0,0,102,2,104,0,0,113,2,115,50,0,50,165
07/13/2015,SNS,CA,AWP,WE,Federal Contract Tower,0,2,14,2,18,0,8,89,1,98,0,10,103,3,116,56,0,56,172
07/14/2015,SNS,CA,AWP,WE,Federal Contract Tower,0,3,22,2,27,0,7,72,4,83,0,10,94,6,110,20,0,20,130
07/15/2015,SNS,CA,AWP,WE,Federal Contract Tower,0,0,18,0,18,0,4,91,0,95,0,4,109,0,113,20,0,20,133
07/16/2015,SNS,CA,AWP,WE,Federal Contract Tower,0,0,42,0,42,0,1,56,0,57,0,1,98,0,99,76,0,76,175
07/17/2015,SNS,CA,AWP,WE,Federal Contract Tower,0,0,34,0,34,0,0,0,0,0,0,0,34,0,34,40,0,40,74
07/18/2015,SNS,CA,AWP,WE,Federal Contract Tower,0,0,32,0,32,0,0,78,0,78,0,0,110,0,110,86,0,86,196
07/19/2015,SNS,CA,AWP,WE,Federal Contract Tower,0,0,15,0,15,0,0,73,0,73,0,0,88,0,88,62,0,62,150
07/20/2015,SNS,CA,AWP,WE,Federal Contract Tower,0,5,14,0,19,0,8,65,2,75,0,13,79,2,94,50,0,50,144
07/21/2015,SNS,CA,AWP,WE,Federal Contract Tower,0,0,18,0,18,0,6,76,2,84,0,6,94,2,102,26,0,26,128
07/22/2015,SNS,CA,AWP,WE,Federal Contract Tower,0,0,17,0,17,0,4,86,0,90,0,4,103,0,107,34,0,34,141
07/23/2015,SNS,CA,AWP,WE,Federal Contract Tower,0,0,15,0,15,0,0,78,0,78,0,0,93,0,93,88,0,88,181
07/24/2015,SNS,CA,AWP,WE,Federal Contract Tower,0,0,42,0,42,0,0,53,0,53,0,0,95,0,95,78,0,78,173
07/25/2015,SNS,CA,AWP,WE,Federal Contract Tower,0,0,1,0,1,0,0,107,0,107,0,0,108,0,108,30,0,30,138
07/26/2015,SNS,CA,AWP,WE,Federal Contract Tower,0,0,44,0,44,0,0,50,0,50,0,0,94,0,94,50,0,50,144
07/27/2015,SNS,CA,AWP,WE,Federal Contract Tower,0,0,10,0,10,0,8,90,4,102,0,8,100,4,112,72,0,72,184
07/28/2015,SNS,CA,AWP,WE,Federal Contract Tower,0,0,18,0,18,0,4,87,0,91,0,4,105,0,109,50,0,50,159
07/29/2015,SNS,CA,AWP,WE,Federal Contract Tower,0,0,47,0,47,0,2,70,0,72,0,2,117,0,119,26,0,26,145
07/30/2015,SNS,CA,AWP,WE,Federal Contract Tower,0,0,35,0,35,0,0,52,0,52,0,0,87,0,87,66,0,66,153
07/31/2015,SNS,CA,AWP,WE,Federal Contract Tower,0,0,43,0,43,0,0,55,0,55,0,0,98,0,98,42,0,42,140
08/01/2015,SNS,CA,AWP,WE,Federal Contract Tower,0,0,33,0,33,0,5,108,0,113,0,5,141,0,146,74,0,74,220
08/02/2015,SNS,CA,AWP,WE,Federal Contract Tower,0,0,16,4,20,0,0,80,0,80,0,0,96,4,100,66,0,66,166
08/03/2015,SNS,CA,AWP,WE,Federal Contract Tower,0,0,9,0,9,0,1,58,0,59,0,1,67,0,68,70,0,70,138
08/04/2015,SNS,CA,AWP,WE,Federal Contract Tower,0,0,11,0,11,0,14,107,0,121,0,14,118,0,132,30,0,30,162
08/05/2015,SNS,CA,AWP,WE,Federal Contract Tower,0,0,11,0,11,0,5,94,0,99,0,5,105,0,110,40,0,40,150
08/06/2015,SNS,CA,AWP,WE,Federal Contract Tower,0,0,35,0,35,0,0,64,4,68,0,0,99,4,103,24,0,24,127
08/07/2015,SNS,CA,AWP,WE,Federal Contract Tower,0,0,19,0,19,0,4,97,0,101,0,4,116,0,120,40,0,40,160
08/08/2015,SNS,CA,AWP,WE,Federal Contract Tower,0,0,7,0,7,0,0,99,0,99,0,0,106,0,106,26,0,26,132
08/09/2015,SNS,CA,AWP,WE,Federal Contract Tower,0,0,6,0,6,0,10,90,0,100,0,10,96,0,106,76,0,76,182
08/10/2015,SNS,CA,AWP,WE,Federal Contract Tower,0,0,42,0,42,0,7,70,0,77,0,7,112,0,119,46,0,46,165
08/11/2015,SNS,CA,AWP,WE,Federal Contract Tower,0,0,64,2,66,0,4,67,1,72,0,4,131,3,138,62,0,62,200
08/12/2015,SNS,CA,AWP,WE,Federal Contract Tower,0,0,15,0,15,0,0,95,0,95,0,0,110,0,110,18,0,18,128
08/13/2015,SNS,CA,AWP,WE,Federal Contract Tower,0,0,27,0,27,0,0,84,1,85,0,0,111,1,112,30,0,30,142
08/14/2015,SNS,CA,AWP,WE,Federal Contract Tower,0,0,14,0,14,0,0,85,0,85,0,0,99,0,99,42,0,42,141
08/15/2015,SNS,CA,AWP,WE,Federal Contract Tower,0,0,7,0,7,0,0,140,0,140,0,0,147,0,147,60,0,60,207
08/16/2015,SNS,CA,AWP,WE,Federal Contract Tower,0,0,16,0,16,0,4,100,0,104,0,4,116,0,120,26,0,26,146
08/17/2015,SNS,CA,AWP,WE,Federal Contract Tower,0,0,41,0,41,0,7,74,1,82,0,7,115,1,123,66,0,66,189
08/18/2015,SNS,CA,AWP,WE,Federal Contract Tower,0,3,36,0,39,0,5,94,0,99,0,8,130,0,138,94,0,94,232
08/19/2015,SNS,CA,AWP,WE,Federal Contract Tower,0,1,42,2,45,0,5,101,2,108,0,6,143,4,153,20,0,20,173
08/20/2015,SNS,CA,AWP,WE,Federal Contract Tower,0,2,29,0,31,0,5,91,0,96,0,7,120,0,127,84,0,84,211
08/21/2015,SNS,CA,AWP,WE,Federal Contract Tower,0,0,30,0,30,0,2,116,0,118,0,2,146,0,148,84,0,84,232
08/22/2015,SNS,CA,AWP,WE,Federal Contract Tower,0,0,19,0,19,0,0,92,0,92,0,0,111,0,111,54,0,54,165
08/23/2015,SNS,CA,AWP,WE,Federal Contract Tower,0,0,24,0,24,0,0,71,0,71,0,0,95,0,95,70,0,70,165
08/24/2015,SNS,CA,AWP,WE,Federal Contract Tower,0,0,28,0,28,0,8,68,0,76,0,8,96,0,104,68,0,68,172
08/25/2015,SNS,CA,AWP,WE,Federal Contract Tower,0,0,32,0,32,0,8,88,0,96,0,8,120,0,128,56,0,56,184
08/26/2015,SNS,CA,AWP,WE,Federal Contract Tower,0,3,53,0,56,0,9,76,0,85,0,12,129,0,141,68,0,68,209
08/27/2015,SNS,CA,AWP,WE,Federal Contract Tower,0,2,24,0,26,0,0,46,0,46,0,2,70,0,72,78,0,78,150
08/28/2015,SNS,CA,AWP,WE,Federal Contract Tower,0,0,16,0,16,0,0,73,0,73,0,0,89,0,89,84,0,84,173
08/29/2015,SNS,CA,AWP,WE,Federal Contract Tower,0,1,8,0,9,0,2,78,0,80,0,3,86,0,89,60,0,60,149
08/30/2015,SNS,CA,AWP,WE,Federal Contract Tower,0,0,19,0,19,0,6,73,0,79,0,6,92,0,98,50,0,50,148
08/31/2015,SNS,CA,AWP,WE,Federal Contract Tower,0,0,31,0,31,0,3,79,0,82,0,3,110,0,113,70,0,70,183
09/01/2015,SNS,CA,AWP,WE,Federal Contract Tower,0,0,60,0,60,0,0,60,2,62,0,0,120,2,122,30,0,30,152
09/02/2015,SNS,CA,AWP,WE,Federal Contract Tower,0,0,31,4,35,0,3,89,0,92,0,3,120,4,127,56,0,56,183
09/03/2015,SNS,CA,AWP,WE,Federal Contract Tower,0,0,29,3,32,0,0,53,0,53,0,0,82,3,85,70,0,70,155
09/04/2015,SNS,CA,AWP,WE,Federal Contract Tower,0,0,4,0,4,0,0,94,0,94,0,0,98,0,98,20,0,20,118
09/05/2015,SNS,CA,AWP,WE,Federal Contract Tower,0,0,13,0,13,0,0,88,0,88,0,0,101,0,101,92,0,92,193
09/06/2015,SNS,CA,AWP,WE,Federal Contract Tower,0,0,12,0,12,0,12,92,0,104,0,12,104,0,116,40,0,40,156
09/07/2015,SNS,CA,AWP,WE,Federal Contract Tower,0,0,9,0,9,0,5,88,0,93,0,5,97,0,102,24,0,24,126
09/08/2015,SNS,CA,AWP,WE,Federal Contract Tower,0,1,16,2,19,0,12,107,2,121,0,13,123,4,140,56,0,56,196
09/09/2015,SNS,CA,AWP,WE,Federal Contract Tower,0,0,18,0,18,0,0,103,0,103,0,0,121,0,121,18,0,18,139
09/10/2015,SNS,CA,AWP,WE,Federal Contract Tower,0,0,12,0,12,0,0,71,0,71,0,0,83,0,83,48,0,48,131
09/11/2015,SNS,CA,AWP,WE,Federal Contract Tower,0,0,29,0,29,0,0,71,0,71,0,0,100,0,100,70,0,70,170
09/12/2015,SNS,CA,AWP,WE,Federal Contract Tower,0,0,25,0,25,0,0,114,0,114,0,0,139,0,139,50,0,50,189
09/13/2015,SNS,CA,AWP,WE,Federal Contract Tower,0,0,16,0,16,0,0,75,0,75,0,0,91,0,91,54,0,54,145
09/14/2015,SNS,CA,AWP,WE,Federal Contract Tower,0,0,37,2,39,0,0,62,2,64,0,0,99,4,103,38,0,38,141
09/15/2015,SNS,CA,AWP,WE,Federal Contract Tower,0,0,33,0,33,0,0,92,0,92,0,0,125,0,125,32,0,32,157
09/16/2015,SNS,CA,AWP,WE,Federal Contract Tower,0,1,31,0,32,0,4,99,0,103,0,5,130,0,135,42,0,42,177
09/17/2015,SNS,CA,AWP,WE,Federal Contract Tower,0,0,20,0,20,0,4,103,0,107,0,4,123,0,127,26,0,26,153
09/18/2015,SNS,CA,AWP,WE,Federal Contract Tower,0,0,0,0,0,0,0,122,0,122,0,0,122,0,122,62,0,62,184
09/19/2015,SNS,CA,AWP,WE,Federal Contract Tower,0,0,21,0,21,0,0,74,0,74,0,0,95,0,95,62,0,62,157
09/20/2015,SNS,CA,AWP,WE,Federal Contract Tower,0,0,9,0,9,0,0,121,0,121,0,0,130,0,130,50,0,50,180
09/21/2015,SNS,CA,AWP,WE,Federal Contract Tower,0,0,23,0,23,0,0,60,2,62,0,0,83,2,85,56,12,68,153
09/22/2015,SNS,CA,AWP,WE,Federal Contract Tower,0,1,20,0,21,0,2,81,0,83,0,3,101,0,104,50,0,50,154
09/23/2015,SNS,CA,AWP,WE,Federal Contract Tower,0,0,30,0,30,0,3,68,4,75,0,3,98,4,105,18,0,18,123
09/24/2015,SNS,CA,AWP,WE,Federal Contract Tower,0,0,14,2,16,0,0,121,5,126,0,0,135,7,142,24,6,30,172
09/25/2015,SNS,CA,AWP,WE,Federal Contract Tower,0,0,4,2,6,0,4,135,6,145,0,4,139,8,151,76,22,98,249
09/26/2015,SNS,CA,AWP,WE,Federal Contract Tower,0,0,7,0,7,0,4,132,8,144,0,4,139,8,151,82,22,104,255
09/27/2015,SNS,CA,AWP,WE,Federal Contract Tower,0,0,19,1,20,0,0,120,2,122,0,0,139,3,142,70,14,84,226
09/28/2015,SNS,CA,AWP,WE,Federal Contract Tower,0,2,28,1,31,0,0,64,1,65,0,2,92,2,96,36,0,36,132
09/29/2015,SNS,CA,AWP,WE,Federal Contract Tower,0,0,10,0,10,0,0,77,2,79,0,0,87,2,89,90,2,92,181
09/30/2015,SNS,CA,AWP,WE,Federal Contract Tower,0,0,35,0,35,0,6,83,0,89,0,6,118,0,124,76,0,76,200
10/01/2015,SNS,CA,AWP,WE,Federal Contract Tower,0,0,28,0,28,0,8,91,0,99,0,8,119,0,127,54,0,54,181
10/02/2015,SNS,CA,AWP,WE,Federal Contract Tower,0,1,34,0,35,0,6,78,0,84,0,7,112,0,119,36,0,36,155
10/03/2015,SNS,CA,AWP,WE,Federal Contract Tower,0,0,35,0,35,0,0,65,0,65,0,0,100,0,100,96,0,96,196
10/04/2015,SNS,CA,AWP,WE,Federal Contract Tower,0,0,17,2,19,0,0,75,0,75,0,0,92,2,94,60,0,60,154
10/05/2015,SNS,CA,AWP,WE,Federal Contract Tower,0,7,22,0,29,0,0,60,0,60,0,7,82,0,89,44,0,44,133
10/06/2015,SNS,CA,AWP,WE,Federal Contract Tower,0,0,29,0,29,0,0,91,2,93,0,0,120,2,122,56,0,56,178
10/07/2015,SNS,CA,AWP,WE,Federal Contract Tower,0,0,30,0,30,0,5,101,0,106,0,5,131,0,136,36,0,36,172
10/08/2015,SNS,CA,AWP,WE,Federal Contract Tower,8,0,0,0,8,0,29,106,2,137,8,29,106,2,145,34,0,34,179
10/09/2015,SNS,CA,AWP,WE,Federal Contract Tower,0,0,8,0,8,0,0,103,0,103,0,0,111,0,111,69,0,69,180
10/10/2015,SNS,CA,AWP,WE,Federal Contract Tower,0,0,13,0,13,0,0,83,0,83,0,0,96,0,96,60,0,60,156
10/11/2015,SNS,CA,AWP,WE,Federal Contract Tower,0,0,28,0,28,0,2,80,0,82,0,2,108,0,110,68,0,68,178
10/12/2015,SNS,CA,AWP,WE,Federal Contract Tower,0,0,18,0,18,0,8,63,4,75,0,8,81,4,93,36,10,46,139
10/13/2015,SNS,CA,AWP,WE,Federal Contract Tower,0,1,12,0,13,0,0,79,0,79,0,1,91,0,92,28,0,28,120
10/14/2015,SNS,CA,AWP,WE,Federal Contract Tower,0,8,15,0,23,0,4,102,0,106,0,12,117,0,129,36,0,36,165
10/15/2015,SNS,CA,AWP,WE,Federal Contract Tower,0,2,22,0,24,0,6,94,0,100,0,8,116,0,124,44,0,44,168
10/16/2015,SNS,CA,AWP,WE,Federal Contract Tower,0,0,0,0,0,0,0,0,0,0,0,0,0,0,0,62,0,62,62
10/17/2015,SNS,CA,AWP,WE,Federal Contract Tower,0,0,17,0,17,0,0,49,0,49,0,0,66,0,66,58,0,58,124
10/18/2015,SNS,CA,AWP,WE,Federal Contract Tower,0,0,2,0,2,0,6,92,0,98,0,6,94,0,100,76,0,76,176
10/19/2015,SNS,CA,AWP,WE,Federal Contract Tower,0,1,24,0,25,0,4,56,0,60,0,5,80,0,85,0,44,44,129
10/20/2015,SNS,CA,AWP,WE,Federal Contract Tower,0,14,38,0,52,0,4,54,0,58,0,18,92,0,110,44,0,44,154
10/21/2015,SNS,CA,AWP,WE,Federal Contract Tower,0,0,28,0,28,0,6,107,0,113,0,6,135,0,141,57,0,57,198
10/22/2015,SNS,CA,AWP,WE,Federal Contract Tower,0,0,28,2,30,0,6,87,4,97,0,6,115,6,127,36,10,46,173
10/23/2015,SNS,CA,AWP,WE,Federal Contract Tower,0,0,33,2,35,0,0,95,0,95,0,0,128,2,130,70,0,70,200
10/24/2015,SNS,CA,AWP,WE,Federal Contract Tower,0,0,18,0,18,0,0,79,0,79,0,0,97,0,97,48,0,48,145
10/25/2015,SNS,CA,AWP,WE,Federal Contract Tower,0,0,6,0,6,0,6,61,0,67,0,6,67,0,73,40,0,40,113
10/26/2015,SNS,CA,AWP,WE,Federal Contract Tower,0,0,25,2,27,0,4,80,0,84,0,4,105,2,111,32,0,32,143
10/27/2015,SNS,CA,AWP,WE,Federal Contract Tower,0,1,56,0,57,0,1,54,0,55,0,2,110,0,112,16,0,16,128
10/28/2015,SNS,CA,AWP,WE,Federal Contract Tower,0,0,40,2,42,0,10,61,0,71,0,10,101,2,113,44,0,44,157
10/29/2015,SNS,CA,AWP,WE,Federal Contract Tower,0,0,20,2,22,0,2,87,0,89,0,2,107,2,111,34,0,34,145
10/30/2015,SNS,CA,AWP,WE,Federal Contract Tower,0,0,24,2,26,0,0,74,0,74,0,0,98,2,100,62,0,62,162
10/31/2015,SNS,CA,AWP,WE,Federal Contract Tower,0,0,8,0,8,0,0,108,0,108,0,0,116,0,116,52,0,52,168
11/01/2015,SNS,CA,AWP,WE,Federal Contract Tower,0,0,18,0,18,0,10,60,0,70,0,10,78,0,88,34,0,34,122
11/02/2015,SNS,CA,AWP,WE,Federal Contract Tower,0,2,18,0,20,0,12,72,0,84,0,14,90,0,104,34,0,34,138
11/03/2015,SNS,CA,AWP,WE,Federal Contract Tower,0,2,23,0,25,0,6,99,0,105,0,8,122,0,130,42,0,42,172
11/04/2015,SNS,CA,AWP,WE,Federal Contract Tower,0,2,14,0,16,0,6,103,0,109,0,8,117,0,125,21,0,21,146
11/05/2015,SNS,CA,AWP,WE,Federal Contract Tower,0,0,51,0,51,0,9,108,2,119,0,9,159,2,170,24,0,24,194
11/06/2015,SNS,CA,AWP,WE,Federal Contract Tower,0,0,14,0,14,0,0,55,0,55,0,0,69,0,69,68,0,68,137
11/07/2015,SNS,CA,AWP,WE,Federal Contract Tower,0,0,12,0,12,0,0,81,0,81,0,0,93,0,93,78,0,78,171
11/08/2015,SNS,CA,AWP,WE,Federal Contract Tower,0,0,32,0,32,0,0,79,0,79,0,0,111,0,111,34,0,34,145
11/09/2015,SNS,CA,AWP,WE,Federal Contract Tower,0,0,11,0,11,0,6,48,0,54,0,6,59,0,65,0,0,0,65
11/10/2015,SNS,CA,AWP,WE,Federal Contract Tower,0,0,23,0,23,0,12,71,0,83,0,12,94,0,106,54,0,54,160
11/11/2015,SNS,CA,AWP,WE,Federal Contract Tower,0,4,15,0,19,0,6,76,0,82,0,10,91,0,101,40,0,40,141
11/12/2015,SNS,CA,AWP,WE,Federal Contract Tower,0,1,44,0,45,0,12,107,4,123,0,13,151,4,168,56,0,56,224
11/13/2015,SNS,CA,AWP,WE,Federal Contract Tower,0,2,29,0,31,0,1,108,0,109,0,3,137,0,140,68,0,68,208
11/14/2015,SNS,CA,AWP,WE,Federal Contract Tower,0,0,20,0,20,0,0,85,0,85,0,0,105,0,105,82,0,82,187
11/15/2015,SNS,CA,AWP,WE,Federal Contract Tower,0,0,5,0,5,0,22,51,0,73,0,22,56,0,78,0,0,0,78
11/16/2015,SNS,CA,AWP,WE,Federal Contract Tower,0,0,35,0,35,0,0,75,0,75,0,0,110,0,110,54,0,54,164
11/17/2015,SNS,CA,AWP,WE,Federal Contract Tower,0,4,32,0,36,0,5,100,2,107,0,9,132,2,143,10,4,14,157
11/18/2015,SNS,CA,AWP,WE,Federal Contract Tower,0,0,28,0,28,0,5,108,0,113,0,5,136,0,141,42,0,42,183
11/19/2015,SNS,CA,AWP,WE,Federal Contract Tower,0,19,30,0,49,0,14,105,27,146,0,33,135,27,195,24,0,24,219
11/20/2015,SNS,CA,AWP,WE,Federal Contract Tower,0,0,31,0,31,0,0,54,0,54,0,0,85,0,85,72,0,72,157
11/21/2015,SNS,CA,AWP,WE,Federal Contract Tower,0,0,19,0,19,0,0,106,0,106,0,0,125,0,125,62,0,62,187
11/22/2015,SNS,CA,AWP,WE,Federal Contract Tower,0,0,11,0,11,0,2,98,0,100,0,2,109,0,111,66,0,66,177
11/23/2015,SNS,CA,AWP,WE,Federal Contract Tower,0,0,45,1,46,0,0,64,4,68,0,0,109,5,114,26,2,28,142
11/24/2015,SNS,CA,AWP,WE,Federal Contract Tower,0,0,74,1,75,0,0,57,1,58,0,0,131,2,133,20,0,20,153
11/25/2015,SNS,CA,AWP,WE,Federal Contract Tower,0,0,35,0,35,0,4,78,0,82,0,4,113,0,117,26,0,26,143
11/26/2015,SNS,CA,AWP,WE,Federal Contract Tower,0,0,13,0,13,0,8,35,0,43,0,8,48,0,56,26,0,26,82
11/27/2015,SNS,CA,AWP,WE,Federal Contract Tower,0,0,6,0,6,0,0,43,0,43,0,0,49,0,49,52,0,52,101
11/28/2015,SNS,CA,AWP,WE,Federal Contract Tower,0,0,3,0,3,0,0,77,0,77,0,0,80,0,80,60,0,60,140
11/29/2015,SNS,CA,AWP,WE,Federal Contract Tower,0,0,28,0,28,0,16,85,0,101,0,16,113,0,129,46,0,46,175
11/30/2015,SNS,CA,AWP,WE,Federal Contract Tower,0,0,6,0,6,0,0,87,2,89,0,0,93,2,95,20,18,38,133
12/01/2015,SNS,CA,AWP,WE,Federal Contract Tower,0,0,33,0,33,0,0,89,0,89,0,0,122,0,122,54,0,54,176
12/02/2015,SNS,CA,AWP,WE,Federal Contract Tower,0,4,51,0,55,0,6,96,0,102,0,10,147,0,157,20,30,50,207
12/03/2015,SNS,CA,AWP,WE,Federal Contract Tower,0,0,28,0,28,0,0,0,0,0,0,0,28,0,28,32,0,32,60
12/04/2015,SNS,CA,AWP,WE,Federal Contract Tower,0,0,22,0,22,0,0,61,0,61,0,0,83,0,83,104,0,104,187
12/05/2015,SNS,CA,AWP,WE,Federal Contract Tower,0,0,5,0,5,0,0,85,0,85,0,0,90,0,90,62,0,62,152
12/06/2015,SNS,CA,AWP,WE,Federal Contract Tower,0,0,22,0,22,0,12,86,0,98,0,12,108,0,120,58,0,58,178
12/07/2015,SNS,CA,AWP,WE,Federal Contract Tower,0,1,42,0,43,0,0,101,4,105,0,1,143,4,148,30,0,30,178
12/08/2015,SNS,CA,AWP,WE,Federal Contract Tower,0,2,49,0,51,0,12,90,0,102,0,14,139,0,153,72,0,72,225
12/09/2015,SNS,CA,AWP,WE,Federal Contract Tower,0,0,56,0,56,0,10,103,6,119,0,10,159,6,175,40,0,40,215
12/10/2015,SNS,CA,AWP,WE,Federal Contract Tower,0,8,52,1,61,0,8,76,2,86,0,16,128,3,147,22,0,22,169
12/11/2015,SNS,CA,AWP,WE,Federal Contract Tower,0,0,24,0,24,0,0,40,0,40,0,0,64,0,64,86,0,86,150
12/12/2015,SNS,CA,AWP,WE,Federal Contract Tower,0,0,17,0,17,0,0,72,0,72,0,0,89,0,89,84,0,84,173
12/13/2015,SNS,CA,AWP,WE,Federal Contract Tower,0,0,6,0,6,0,0,29,0,29,0,0,35,0,35,0,0,0,35
12/14/2015,SNS,CA,AWP,WE,Federal Contract Tower,0,0,29,0,29,0,8,89,6,103,0,8,118,6,132,50,0,50,182
12/15/2015,SNS,CA,AWP,WE,Federal Contract Tower,0,0,46,0,46,0,4,102,4,110,0,4,148,4,156,16,0,16,172
12/16/2015,SNS,CA,AWP,WE,Federal Contract Tower,0,21,0,1,22,0,6,104,0,110,0,27,104,1,132,38,0,38,170
12/17/2015,SNS,CA,AWP,WE,Federal Contract Tower,0,0,38,0,38,0,8,115,2,125,0,8,153,2,163,56,0,56,219
12/18/2015,SNS,CA,AWP,WE,Federal Contract Tower,0,0,29,0,29,0,6,64,0,70,0,6,93,0,99,76,0,76,175
12/19/2015,SNS,CA,AWP,WE,Federal Contract Tower,0,0,9,0,9,0,2,45,0,47,0,2,54,0,56,74,0,74,130
12/20/2015,SNS,CA,AWP,WE,Federal Contract Tower,0,0,27,0,27,0,18,90,0,108,0,18,117,0,135,44,0,44,179
12/21/2015,SNS,CA,AWP,WE,Federal Contract Tower,0,0,33,2,35,0,8,54,2,64,0,8,87,4,99,14,16,30,129
12/22/2015,SNS,CA,AWP,WE,Federal Contract Tower,0,1,35,0,36,0,5,45,0,50,0,6,80,0,86,0,0,0,86
12/23/2015,SNS,CA,AWP,WE,Federal Contract Tower,0,4,24,0,28,0,6,93,0,99,0,10,117,0,127,6,0,6,133
12/24/2015,SNS,CA,AWP,WE,Federal Contract Tower,0,0,48,0,48,0,0,10,0,10,0,0,58,0,58,4,0,4,62
12/25/2015,SNS,CA,AWP,WE,Federal Contract Tower,0,0,4,0,4,0,0,52,0,52,0,0,56,0,56,50,0,50,106
12/26/2015,SNS,CA,AWP,WE,Federal Contract Tower,0,0,15,0,15,0,0,55,0,55,0,0,70,0,70,82,0,82,152
12/27/2015,SNS,CA,AWP,WE,Federal Contract Tower,0,0,20,0,20,0,8,97,0,105,0,8,117,0,125,22,0,22,147
12/28/2015,SNS,CA,AWP,WE,Federal Contract Tower,0,0,23,0,23,0,8,67,0,75,0,8,90,0,98,20,0,20,118
12/29/2015,SNS,CA,AWP,WE,Federal Contract Tower,0,4,48,0,52,0,10,99,4,113,0,14,147,4,165,68,0,68,233
12/30/2015,SNS,CA,AWP,WE,Federal Contract Tower,0,0,32,0,32,0,8,112,0,120,0,8,144,0,152,56,0,56,208
12/31/2015,SNS,CA,AWP,WE,Federal Contract Tower,0,0,35,0,35,0,10,94,0,104,0,10,129,0,139,54,0,54,193
01/01/2016,SNS,CA,AWP,WE,Federal Contract Tower,0,0,5,0,5,0,1,63,0,64,0,1,68,0,69,52,0,52,121
01/02/2016,SNS,CA,AWP,WE,Federal Contract Tower,0,0,6,0,6,0,3,74,0,77,0,3,80,0,83,72,0,72,155
01/03/2016,SNS,CA,AWP,WE,Federal Contract Tower,0,0,12,0,12,0,4,81,0,85,0,4,93,0,97,40,0,40,137
01/04/2016,SNS,CA,AWP,WE,Federal Contract Tower,0,0,16,0,16,0,0,66,0,66,0,0,82,0,82,24,0,24,106
01/05/2016,SNS,CA,AWP,WE,Federal Contract Tower,0,4,34,0,38,0,6,75,0,81,0,10,109,0,119,0,0,0,119
01/06/2016,SNS,CA,AWP,WE,Federal Contract Tower,0,0,24,0,24,0,2,51,0,53,0,2,75,0,77,0,0,0,77
01/07/2016,SNS,CA,AWP,WE,Federal Contract Tower,0,0,58,0,58,0,0,0,0,0,0,0,58,0,58,30,0,30,88
01/08/2016,SNS,CA,AWP,WE,Federal Contract Tower,0,0,25,0,25,0,3,74,0,77,0,3,99,0,102,78,0,78,180
01/09/2016,SNS,CA,AWP,WE,Federal Contract Tower,0,0,7,0,7,0,0,49,0,49,0,0,56,0,56,46,0,46,102
01/10/2016,SNS,CA,AWP,WE,Federal Contract Tower,0,0,22,0,22,0,8,105,0,113,0,8,127,0,135,44,0,44,179
01/11/2016,SNS,CA,AWP,WE,Federal Contract Tower,0,0,22,0,22,0,8,92,0,100,0,8,114,0,122,52,0,52,174
01/12/2016,SNS,CA,AWP,WE,Federal Contract Tower,0,2,61,0,63,0,0,83,0,83,0,2,144,0,146,40,0,40,186
01/13/2016,SNS,CA,AWP,WE,Federal Contract Tower,0,0,31,0,31,0,6,68,6,80,0,6,99,6,111,44,0,44,155
01/14/2016,SNS,CA,AWP,WE,Federal Contract Tower,0,0,23,0,23,0,10,82,18,110,0,10,105,18,133,22,0,22,155
01/15/2016,SNS,CA,AWP,WE,Federal Contract Tower,0,0,20,0,20,0,0,87,0,87,0,0,107,0,107,74,0,74,181
01/16/2016,SNS,CA,AWP,WE,Federal Contract Tower,0,0,14,0,14,0,0,35,0,35,0,0,49,0,49,76,0,76,125
01/17/2016,SNS,CA,AWP,WE,Federal Contract Tower,0,1,16,0,17,0,7,70,0,77,0,8,86,0,94,94,0,94,188
01/18/2016,SNS,CA,AWP,WE,Federal Contract Tower,1,0,27,0,28,0,0,75,0,75,1,0,102,0,103,92,0,92,195
01/19/2016,SNS,CA,AWP,WE,Federal Contract Tower,0,0,45,0,45,0,0,0,0,0,0,0,45,0,45,0,0,0,45
01/20/2016,SNS,CA,AWP,WE,Federal Contract Tower,0,0,30,0,30,0,6,86,0,92,0,6,116,0,122,28,0,28,150
01/21/2016,SNS,CA,AWP,WE,Federal Contract Tower,0,2,44,0,46,0,6,77,0,83,0,8,121,0,129,24,0,24,153
01/22/2016,SNS,CA,AWP,WE,Federal Contract Tower,0,0,28,0,28,0,0,57,0,57,0,0,85,0,85,42,0,42,127
01/23/2016,SNS,CA,AWP,WE,Federal Contract Tower,0,0,8,0,8,0,0,47,0,47,0,0,55,0,55,70,0,70,125
01/24/2016,SNS,CA,AWP,WE,Federal Contract Tower,0,0,14,0,14,0,8,92,0,100,0,8,106,0,114,66,0,66,180
01/25/2016,SNS,CA,AWP,WE,Federal Contract Tower,0,0,19,0,19,0,0,91,2,93,0,0,110,2,112,74,0,74,186
01/26/2016,SNS,CA,AWP,WE,Federal Contract Tower,0,0,46,0,46,0,8,84,0,92,0,8,130,0,138,48,0,48,186
01/27/2016,SNS,CA,AWP,WE,Federal Contract Tower,0,0,41,0,41,0,6,94,14,114,0,6,135,14,155,30,0,30,185
01/28/2016,SNS,CA,AWP,WE,Federal Contract Tower,0,0,14,0,14,0,6,100,0,106,0,6,114,0,120,32,0,32,152
01/29/2016,SNS,CA,AWP,WE,Federal Contract Tower,0,0,36,0,36,0,0,42,0,42,0,0,78,0,78,46,0,46,124
01/30/2016,SNS,CA,AWP,WE,Federal Contract Tower,0,0,9,0,9,0,0,70,0,70,0,0,79,0,79,68,0,68,147
01/31/2016,SNS,CA,AWP,WE,Federal Contract Tower,0,0,14,0,14,0,0,59,0,59,0,0,73,0,73,42,0,42,115
02/01/2016,SNS,CA,AWP,WE,Federal Contract Tower,0,0,15,0,15,0,10,95,0,105,0,10,110,0,120,62,0,62,182
02/02/2016,SNS,CA,AWP,WE,Federal Contract Tower,0,0,41,0,41,0,0,79,0,79,0,0,120,0,120,12,0,12,132
02/03/2016,SNS,CA,AWP,WE,Federal Contract Tower,0,1,20,0,21,0,2,95,0,97,0,3,115,0,118,60,0,60,178
02/04/2016,SNS,CA,AWP,WE,Federal Contract Tower,0,0,35,0,35,0,8,86,3,97,0,8,121,3,132,60,0,60,192
02/05/2016,SNS,CA,AWP,WE,Federal Contract Tower,0,0,27,0,27,0,7,56,0,63,0,7,83,0,90,20,0,20,110
02/06/2016,SNS,CA,AWP,WE,Federal Contract Tower,0,0,21,0,21,0,0,84,0,84,0,0,105,0,105,50,0,50,155
02/07/2016,SNS,CA,AWP,WE,Federal Contract Tower,0,1,11,0,12,0,16,92,0,108,0,17,103,0,120,66,0,66,186
02/08/2016,SNS,CA,AWP,WE,Federal Contract Tower,0,0,21,0,21,0,0,94,0,94,0,0,115,0,115,52,0,52,167
02/09/2016,SNS,CA,AWP,WE,Federal Contract Tower,0,0,42,2,44,0,0,93,0,93,0,0,135,2,137,34,0,34,171
02/10/2016,SNS,CA,AWP,WE,Federal Contract Tower,0,0,32,0,32,0,5,91,8,104,0,5,123,8,136,48,0,48,184
02/11/2016,SNS,CA,AWP,WE,Federal Contract Tower,0,0,42,0,42,0,0,88,4,92,0,0,130,4,134,40,0,40,174
02/12/2016,SNS,CA,AWP,WE,Federal Contract Tower,0,0,40,0,40,0,0,90,0,90,0,0,130,0,130,42,0,42,172
02/13/2016,SNS,CA,AWP,WE,Federal Contract Tower,0,0,26,0,26,0,0,92,0,92,0,0,118,0,118,76,0,76,194
02/14/2016,SNS,CA,AWP,WE,Federal Contract Tower,0,0,19,0,19,0,38,103,0,141,0,38,122,0,160,68,0,68,228
02/15/2016,SNS,CA,AWP,WE,Federal Contract Tower,0,0,30,0,30,0,8,100,0,108,0,8,130,0,138,66,0,66,204
02/16/2016,SNS,CA,AWP,WE,Federal Contract Tower,0,0,58,0,58,0,8,102,4,114,0,8,160,4,172,32,0,32,204
02/17/2016,SNS,CA,AWP,WE,Federal Contract Tower,0,0,23,0,23,0,6,61,4,71,0,6,84,4,94,0,10,10,104
02/18/2016,SNS,CA,AWP,WE,Federal Contract Tower,0,3,27,0,30,0,6,92,4,102,0,9,119,4,132,48,12,60,192
02/19/2016,SNS,CA,AWP,WE,Federal Contract Tower,0,0,34,0,34,0,0,79,0,79,0,0,113,0,113,60,0,60,173
02/20/2016,SNS,CA,AWP,WE,Federal Contract Tower,0,0,21,0,21,0,0,73,0,73,0,0,94,0,94,76,0,76,170
02/21/2016,SNS,CA,AWP,WE,Federal Contract Tower,0,1,22,0,23,0,0,103,0,103,0,1,125,0,126,72,0,72,198
02/22/2016,SNS,CA,AWP,WE,Federal Contract Tower,0,0,30,0,30,0,10,94,2,106,0,10,124,2,136,44,0,44,180
02/23/2016,SNS,CA,AWP,WE,Federal Contract Tower,0,0,72,0,72,0,4,114,4,122,0,4,186,4,194,78,0,78,272
02/24/2016,SNS,CA,AWP,WE,Federal Contract Tower,0,0,38,0,38,0,6,97,0,103,0,6,135,0,141,56,0,56,197
02/25/2016,SNS,CA,AWP,WE,Federal Contract Tower,0,0,54,0,54,0,0,0,0,0,0,0,54,0,54,40,10,50,104
02/26/2016,SNS,CA,AWP,WE,Federal Contract Tower,0,0,23,0,23,0,2,60,0,62,0,2,83,0,85,86,0,86,171
02/27/2016,SNS,CA,AWP,WE,Federal Contract Tower,0,0,41,0,41,0,12,89,0,101,0,12,130,0,142,70,0,70,212
02/28/2016,SNS,CA,AWP,WE,Federal Contract Tower,0,0,31,0,31,0,4,93,8,105,0,4,124,8,136,98,0,98,234
02/29/2016,SNS,CA,AWP,WE,Federal Contract Tower,0,0,51,0,51,0,4,97,15,116,0,4,148,15,167,54,0,54,221
03/01/2016,SNS,CA,AWP,WE,Federal Contract Tower,0,0,42,0,42,0,0,91,4,95,0,0,133,4,137,72,0,72,209
03/02/2016,SNS,CA,AWP,WE,Federal Contract Tower,0,1,32,0,33,0,7,91,0,98,0,8,123,0,131,52,0,52,183
03/03/2016,SNS,CA,AWP,WE,Federal Contract Tower,0,1,46,0,47,0,0,66,2,68,0,1,112,2,115,10,0,10,125
03/04/2016,SNS,CA,AWP,WE,Federal Contract Tower,0,0,29,0,29,0,0,59,4,63,0,0,88,4,92,58,0,58,150
03/05/2016,SNS,CA,AWP,WE,Federal Contract Tower,0,0,9,0,9,0,0,61,2,63,0,0,70,2,72,70,0,70,142
03/06/2016,SNS,CA,AWP,WE,Federal Contract Tower,0,0,23,0,23,0,0,59,0,59,0,0,82,0,82,40,0,40,122
03/07/2016,SNS,CA,AWP,WE,Federal Contract Tower,0,0,24,0,24,0,2,42,2,46,0,2,66,2,70,0,0,0,70
03/08/2016,SNS,CA,AWP,WE,Federal Contract Tower,0,4,53,0,57,0,0,85,2,87,0,4,138,2,144,38,0,38,182
03/09/2016,SNS,CA,AWP,WE,Federal Contract Tower,0,0,36,0,36,0,4,77,4,85,0,4,113,4,121,38,0,38,159
03/10/2016,SNS,CA,AWP,WE,Federal Contract Tower,0,0,28,0,28,0,4,71,4,79,0,4,99,4,107,30,0,30,137
03/11/2016,SNS,CA,AWP,WE,Federal Contract Tower,0,0,16,0,16,0,0,57,0,57,0,0,73,0,73,44,0,44,117
03/12/2016,SNS,CA,AWP,WE,Federal Contract Tower,0,0,12,0,12,0,0,128,0,128,0,0,140,0,140,74,0,74,214
03/13/2016,SNS,CA,AWP,WE,Federal Contract Tower,0,0,30,0,30,0,0,47,0,47,0,0,77,0,77,0,0,0,77
03/14/2016,SNS,CA,AWP,WE,Federal Contract Tower,0,0,38,2,40,0,0,80,2,82,0,0,118,4,122,60,0,60,182
03/15/2016,SNS,CA,AWP,WE,Federal Contract Tower,0,0,27,5,32,0,8,72,1,81,0,8,99,6,113,68,0,68,181
03/16/2016,SNS,CA,AWP,WE,Federal Contract Tower,0,0,45,0,45,0,6,101,4,111,0,6,146,4,156,46,0,46,202
03/17/2016,SNS,CA,AWP,WE,Federal Contract Tower,0,0,39,0,39,0,6,89,0,95,0,6,128,0,134,62,0,62,196
03/18/2016,SNS,CA,AWP,WE,Federal Contract Tower,0,0,29,0,29,0,0,65,0,65,0,0,94,0,94,54,0,54,148
03/19/2016,SNS,CA,AWP,WE,Federal Contract Tower,0,0,27,0,27,0,0,60,0,60,0,0,87,0,87,80,0,80,167
03/20/2016,SNS,CA,AWP,WE,Federal Contract Tower,0,2,23,0,25,0,10,73,0,83,0,12,96,0,108,56,0,56,164
03/21/2016,SNS,CA,AWP,WE,Federal Contract Tower,0,1,26,0,27,0,14,60,4,78,0,15,86,4,105,26,0,26,131
03/22/2016,SNS,CA,AWP,WE,Federal Contract Tower,0,4,33,0,37,0,4,92,2,98,0,8,125,2,135,44,0,44,179
03/23/2016,SNS,CA,AWP,WE,Federal Contract Tower,0,0,47,4,51,0,0,107,0,107,0,0,154,4,158,78,0,78,236
03/24/2016,SNS,CA,AWP,WE,Federal Contract Tower,0,6,57,0,63,0,3,114,4,121,0,9,171,4,184,52,0,52,236
03/25/2016,SNS,CA,AWP,WE,Federal Contract Tower,0,0,24,0,24,0,0,77,0,77,0,0,101,0,101,74,0,74,175
03/26/2016,SNS,CA,AWP,WE,Federal Contract Tower,0,0,13,0,13,0,0,92,0,92,0,0,105,0,105,70,0,70,175
03/27/2016,SNS,CA,AWP,WE,Federal Contract Tower,0,0,27,0,27,0,0,90,0,90,0,0,117,0,117,38,0,38,155
03/28/2016,SNS,CA,AWP,WE,Federal Contract Tower,0,0,31,2,33,0,0,66,6,72,0,0,97,8,105,12,18,30,135
03/29/2016,SNS,CA,AWP,WE,Federal Contract Tower,0,0,35,1,36,0,0,98,3,101,0,0,133,4,137,54,0,54,191
03/30/2016,SNS,CA,AWP,WE,Federal Contract Tower,0,0,19,2,21,0,6,102,0,108,0,6,121,2,129,32,0,32,161
03/31/2016,SNS,CA,AWP,WE,Federal Contract Tower,0,1,48,0,49,0,10,98,0,108,0,11,146,0,157,52,0,52,209
04/01/2016,SNS,CA,AWP,WE,Federal Contract Tower,0,0,22,0,22,0,0,77,0,77,0,0,99,0,99,88,0,88,187
04/02/2016,SNS,CA,AWP,WE,Federal Contract Tower,0,0,32,0,32,0,0,82,0,82,0,0,114,0,114,64,0,64,178
04/03/2016,SNS,CA,AWP,WE,Federal Contract Tower,0,0,34,0,34,0,8,98,0,106,0,8,132,0,140,82,0,82,222
04/04/2016,SNS,CA,AWP,WE,Federal Contract Tower,0,0,28,0,28,0,10,81,2,93,0,10,109,2,121,50,0,50,171
04/05/2016,SNS,CA,AWP,WE,Federal Contract Tower,0,0,32,0,32,0,3,94,2,99,0,3,126,2,131,26,12,38,169
04/06/2016,SNS,CA,AWP,WE,Federal Contract Tower,0,0,33,0,33,0,8,90,2,100,0,8,123,2,133,42,0,42,175
04/07/2016,SNS,CA,AWP,WE,Federal Contract Tower,0,0,24,0,24,0,0,87,1,88,0,0,111,1,112,78,0,78,190
04/08/2016,SNS,CA,AWP,WE,Federal Contract Tower,0,0,35,0,35,0,0,58,0,58,0,0,93,0,93,76,0,76,169
04/09/2016,SNS,CA,AWP,WE,Federal Contract Tower,0,0,30,0,30,0,0,72,0,72,0,0,102,0,102,26,0,26,128
04/10/2016,SNS,CA,AWP,WE,Federal Contract Tower,0,0,35,0,35,0,4,77,0,81,0,4,112,0,116,0,0,0,116
04/11/2016,SNS,CA,AWP,WE,Federal Contract Tower,0,0,21,0,21,0,1,88,2,91,0,1,109,2,112,62,0,62,174
04/12/2016,SNS,CA,AWP,WE,Federal Contract Tower,0,5,37,0,42,0,2,77,0,79,0,7,114,0,121,20,0,20,141
04/13/2016,SNS,CA,AWP,WE,Federal Contract Tower,0,0,36,0,36,0,4,92,2,98,0,4,128,2,134,46,0,46,180
04/14/2016,SNS,CA,AWP,WE,Federal Contract Tower,0,0,38,0,38,0,0,65,0,65,0,0,103,0,103,84,0,84,187
04/15/2016,SNS,CA,AWP,WE,Federal Contract Tower,0,0,27,0,27,0,0,94,0,94,0,0,121,0,121,70,0,70,191
04/16/2016,SNS,CA,AWP,WE,Federal Contract Tower,0,10,32,0,42,0,10,121,0,131,0,20,153,0,173,52,0,52,225
04/17/2016,SNS,CA,AWP,WE,Federal Contract Tower,0,0,35,0,35,0,22,101,0,123,0,22,136,0,158,44,0,44,202
04/18/2016,SNS,CA,AWP,WE,Federal Contract Tower,0,0,41,0,41,0,16,94,8,118,0,16,135,8,159,38,22,60,219
04/19/2016,SNS,CA,AWP,WE,Federal Contract Tower,0,2,9,0,11,0,2,80,2,84,0,4,89,2,95,34,0,34,129
04/20/2016,SNS,CA,AWP,WE,Federal Contract Tower,0,0,20,0,20,0,0,0,0,0,0,0,20,0,20,30,0,30,50
04/21/2016,SNS,CA,AWP,WE,Federal Contract Tower,0,0,39,0,39,0,0,58,0,58,0,0,97,0,97,94,0,94,191
04/22/2016,SNS,CA,AWP,WE,Federal Contract Tower,0,0,17,0,17,0,0,59,0,59,0,0,76,0,76,80,0,80,156
04/23/2016,SNS,CA,AWP,WE,Federal Contract Tower,0,0,13,0,13,0,0,103,0,103,0,0,116,0,116,80,0,80,196
04/24/2016,SNS,CA,AWP,WE,Federal Contract Tower,0,0,36,0,36,0,0,64,0,64,0,0,100,0,100,56,0,56,156
04/25/2016,SNS,CA,AWP,WE,Federal Contract Tower,0,0,37,0,37,0,0,77,2,79,0,0,114,2,116,38,0,38,154
04/26/2016,SNS,CA,AWP,WE,Federal Contract Tower,0,0,23,0,23,0,4,83,0,87,0,4,106,0,110,44,0,44,154
04/27/2016,SNS,CA,AWP,WE,Federal Contract Tower,0,0,26,0,26,0,4,102,0,106,0,4,128,0,132,36,0,36,168
04/28/2016,SNS,CA,AWP,WE,Federal Contract Tower,0,0,30,0,30,0,2,60,0,62,0,2,90,0,92,72,0,72,164
04/29/2016,SNS,CA,AWP,WE,Federal Contract Tower,0,0,34,0,34,0,0,80,0,80,0,0,114,0,114,40,0,40,154
04/30/2016,SNS,CA,AWP,WE,Federal Contract Tower,0,4,29,0,33,0,4,114,0,118,0,8,143,0,151,74,0,74,225
05/01/2016,SNS,CA,AWP,WE,Federal Contract Tower,0,0,10,0,10,0,0,89,0,89,0,0,99,0,99,86,0,86,185
05/02/2016,SNS,CA,AWP,WE,Federal Contract Tower,0,2,29,0,31,0,0,77,0,77,0,2,106,0,108,76,0,76,184
05/03/2016,SNS,CA,AWP,WE,Federal Contract Tower,0,0,21,0,21,0,6,76,0,82,0,6,97,0,103,26,0,26,129
05/04/2016,SNS,CA,AWP,WE,Federal Contract Tower,0,0,58,0,58,0,2,77,0,79,0,2,135,0,137,32,0,32,169
05/05/2016,SNS,CA,AWP,WE,Federal Contract Tower,0,0,18,0,18,0,0,69,0,69,0,0,87,0,87,98,0,98,185
05/06/2016,SNS,CA,AWP,WE,Federal Contract Tower,0,0,28,0,28,0,0,49,0,49,0,0,77,0,77,26,0,26,103
05/07/2016,SNS,CA,AWP,WE,Federal Contract Tower,0,0,28,0,28,0,16,74,0,90,0,16,102,0,118,36,0,36,154
05/08/2016,SNS,CA,AWP,WE,Federal Contract Tower,0,0,27,0,27,0,22,67,0,89,0,22,94,0,116,116,0,116,232
05/09/2016,SNS,CA,AWP,WE,Federal Contract Tower,0,0,41,0,41,0,4,72,2,78,0,4,113,2,119,48,0,48,167
05/10/2016,SNS,CA,AWP,WE,Federal Contract Tower,0,1,27,0,28,0,4,85,2,91,0,5,112,2,119,40,0,40,159
05/11/2016,SNS,CA,AWP,WE,Federal Contract Tower,0,2,53,0,55,0,0,52,0,52,0,2,105,0,107,48,0,48,155
05/12/2016,SNS,CA,AWP,WE,Federal Contract Tower,0,0,30,2,32,0,0,41,0,41,0,0,71,2,73,42,0,42,115
05/13/2016,SNS,CA,AWP,WE,Federal Contract Tower,0,0,35,0,35,0,0,71,0,71,0,0,106,0,106,72,0,72,178
05/14/2016,SNS,CA,AWP,WE,Federal Contract Tower,0,0,29,0,29,0,4,104,0,108,0,4,133,0,137,76,0,76,213
05/15/2016,SNS,CA,AWP,WE,Federal Contract Tower,0,0,45,0,45,0,12,52,0,64,0,12,97,0,109,70,0,70,179
05/16/2016,SNS,CA,AWP,WE,Federal Contract Tower,0,5,36,0,41,0,0,69,7,76,0,5,105,7,117,92,0,92,209
05/17/2016,SNS,CA,AWP,WE,Federal Contract Tower,0,0,48,0,48,0,6,77,0,83,0,6,125,0,131,62,0,62,193
05/18/2016,SNS,CA,AWP,WE,Federal Contract Tower,0,0,46,0,46,0,6,81,2,89,0,6,127,2,135,26,0,26,161
05/19/2016,SNS,CA,AWP,WE,Federal Contract Tower,0,3,35,0,38,0,0,63,0,63,0,3,98,0,101,82,0,82,183
05/20/2016,SNS,CA,AWP,WE,Federal Contract Tower,0,0,8,0,8,0,0,72,0,72,0,0,80,0,80,94,0,94,174
05/21/2016,SNS,CA,AWP,WE,Federal Contract Tower,0,0,27,0,27,0,18,136,0,154,0,18,163,0,181,32,0,32,213
05/22/2016,SNS,CA,AWP,WE,Federal Contract Tower,0,0,26,0,26,0,20,81,0,101,0,20,107,0,127,44,0,44,171
05/23/2016,SNS,CA,AWP,WE,Federal Contract Tower,0,2,24,2,28,0,0,85,2,87,0,2,109,4,115,30,0,30,145
05/24/2016,SNS,CA,AWP,WE,Federal Contract Tower,0,0,21,0,21,0,4,94,2,100,0,4,115,2,121,28,0,28,149
05/25/2016,SNS,CA,AWP,WE,Federal Contract Tower,0,3,87,0,90,0,3,95,1,99,0,6,182,1,189,46,0,46,235
05/26/2016,SNS,CA,AWP,WE,Federal Contract Tower,0,0,21,0,21,0,0,65,0,65,0,0,86,0,86,68,0,68,154
05/27/2016,SNS,CA,AWP,WE,Federal Contract Tower,0,0,26,0,26,0,0,68,0,68,0,0,94,0,94,72,0,72,166
05/28/2016,SNS,CA,AWP,WE,Federal Contract Tower,0,0,30,0,30,0,20,92,0,112,0,20,122,0,142,46,0,46,188
05/29/2016,SNS,CA,AWP,WE,Federal Contract Tower,0,0,32,0,32,0,24,84,0,108,0,24,116,0,140,50,0,50,190
05/30/2016,SNS,CA,AWP,WE,Federal Contract Tower,0,1,45,0,46,0,4,67,0,71,0,5,112,0,117,44,0,44,161
05/31/2016,SNS,CA,AWP,WE,Federal Contract Tower,0,1,43,0,44,0,7,72,0,79,0,8,115,0,123,42,0,42,165
06/01/2016,SNS,CA,AWP,WE,Federal Contract Tower,0,0,35,4,39,0,6,84,0,90,0,6,119,4,129,36,0,36,165
06/02/2016,SNS,CA,AWP,WE,Federal Contract Tower,0,0,28,0,28,0,0,78,0,78,0,0,106,0,106,70,0,70,176
06/03/2016,SNS,CA,AWP,WE,Federal Contract Tower,0,0,45,0,45,0,0,69,0,69,0,0,114,0,114,62,0,62,176
06/04/2016,SNS,CA,AWP,WE,Federal Contract Tower,0,10,32,6,48,0,0,89,0,89,0,10,121,6,137,30,0,30,167
06/05/2016,SNS,CA,AWP,WE,Federal Contract Tower,0,0,38,0,38,0,16,78,0,94,0,16,116,0,132,58,0,58,190
06/06/2016,SNS,CA,AWP,WE,Federal Contract Tower,0,0,33,0,33,0,0,72,2,74,0,0,105,2,107,60,0,60,167
06/07/2016,SNS,CA,AWP,WE,Federal Contract Tower,0,0,16,0,16,0,0,74,0,74,0,0,90,0,90,58,0,58,148
06/08/2016,SNS,CA,AWP,WE,Federal Contract Tower,0,2,49,0,51,0,0,58,0,58,0,2,107,0,109,50,0,50,159
06/09/2016,SNS,CA,AWP,WE,Federal Contract Tower,0,0,45,0,45,0,0,71,0,71,0,0,116,0,116,56,0,56,172
06/10/2016,SNS,CA,AWP,WE,Federal Contract Tower,0,0,20,0,20,0,0,76,0,76,0,0,96,0,96,68,0,68,164
06/11/2016,SNS,CA,AWP,WE,Federal Contract Tower,0,0,34,0,34,0,0,90,0,90,0,0,124,0,124,52,0,52,176
06/12/2016,SNS,CA,AWP,WE,Federal Contract Tower,0,0,42,0,42,0,16,68,0,84,0,16,110,0,126,28,0,28,154
06/13/2016,SNS,CA,AWP,WE,Federal Contract Tower,0,0,32,0,32,0,4,72,6,82,0,4,104,6,114,56,16,72,186
06/14/2016,SNS,CA,AWP,WE,Federal Contract Tower,0,0,28,0,28,0,0,88,0,88,0,0,116,0,116,64,0,64,180
06/15/2016,SNS,CA,AWP,WE,Federal Contract Tower,0,0,25,0,25,0,0,70,0,70,0,0,95,0,95,78,0,78,173
06/16/2016,SNS,CA,AWP,WE,Federal Contract Tower,0,0,41,0,41,0,0,72,0,72,0,0,113,0,113,76,0,76,189
06/17/2016,SNS,CA,AWP,WE,Federal Contract Tower,0,0,21,0,21,0,2,80,0,82,0,2,101,0,103,76,0,76,179
06/18/2016,SNS,CA,AWP,WE,Federal Contract Tower,0,0,21,0,21,0,4,167,0,171,0,4,188,0,192,72,0,72,264
06/19/2016,SNS,CA,AWP,WE,Federal Contract Tower,0,0,25,0,25,0,6,106,0,112,0,6,131,0,137,62,0,62,199
06/20/2016,SNS,CA,AWP,WE,Federal Contract Tower,0,0,27,0,27,0,2,104,0,106,0,2,131,0,133,64,0,64,197
06/21/2016,SNS,CA,AWP,WE,Federal Contract Tower,0,0,21,0,21,0,8,103,0,111,0,8,124,0,132,36,16,52,184
06/22/2016,SNS,CA,AWP,WE,Federal Contract Tower,0,0,28,0,28,0,0,88,0,88,0,0,116,0,116,70,0,70,186
06/23/2016,SNS,CA,AWP,WE,Federal Contract Tower,0,0,28,0,28,0,0,69,0,69,0,0,97,0,97,72,4,76,173
06/24/2016,SNS,CA,AWP,WE,Federal Contract Tower,0,0,26,0,26,0,0,86,0,86,0,0,112,0,112,84,0,84,196
06/25/2016,SNS,CA,AWP,WE,Federal Contract Tower,0,1,26,0,27,0,4,106,0,110,0,5,132,0,137,102,0,102,239
06/26/2016,SNS,CA,AWP,WE,Federal Contract Tower,0,0,58,0,58,0,0,90,0,90,0,0,148,0,148,84,0,84,232
06/27/2016,SNS,CA,AWP,WE,Federal Contract Tower,0,1,42,0,43,0,0,86,0,86,0,1,128,0,129,56,0,56,185
06/28/2016,SNS,CA,AWP,WE,Federal Contract Tower,0,0,33,0,33,0,4,93,2,99,0,4,126,2,132,36,0,36,168
06/29/2016,SNS,CA,AWP,WE,Federal Contract Tower,0,0,30,0,30,0,6,89,0,95,0,6,119,0,125,37,0,37,162
06/30/2016,SNS,CA,AWP,WE,Federal Contract Tower,0,0,58,0,58,0,0,76,0,76,0,0,134,0,134,64,0,64,198
07/01/2016,SNS,CA,AWP,WE,Federal Contract Tower,0,0,45,0,45,0,0,74,0,74,0,0,119,0,119,82,0,82,201
07/02/2016,SNS,CA,AWP,WE,Federal Contract Tower,0,0,40,0,40,0,0,101,0,101,0,0,141,0,141,44,0,44,185
07/03/2016,SNS,CA,AWP,WE,Federal Contract Tower,0,0,49,0,49,0,0,62,0,62,0,0,111,0,111,34,0,34,145
07/04/2016,SNS,CA,AWP,WE,Federal Contract Tower,0,0,26,0,26,0,14,74,0,88,0,14,100,0,114,64,0,64,178
07/05/2016,SNS,CA,AWP,WE,Federal Contract Tower,0,0,42,0,42,0,4,77,0,81,0,4,119,0,123,26,0,26,149
07/06/2016,SNS,CA,AWP,WE,Federal Contract Tower,0,0,46,0,46,0,8,90,0,98,0,8,136,0,144,28,0,28,172
07/07/2016,SNS,CA,AWP,WE,Federal Contract Tower,0,0,47,0,47,0,0,85,1,86,0,0,132,1,133,70,0,70,203
07/08/2016,SNS,CA,AWP,WE,Federal Contract Tower,0,0,28,0,28,0,0,84,0,84,0,0,112,0,112,68,0,68,180
07/09/2016,SNS,CA,AWP,WE,Federal Contract Tower,0,0,34,0,34,0,18,82,0,100,0,18,116,0,134,52,0,52,186
07/10/2016,SNS,CA,AWP,WE,Federal Contract Tower,0,0,24,0,24,0,22,94,0,116,0,22,118,0,140,58,0,58,198
07/11/2016,SNS,CA,AWP,WE,Federal Contract Tower,0,0,13,0,13,0,6,104,4,114,0,6,117,4,127,22,10,32,159
07/12/2016,SNS,CA,AWP,WE,Federal Contract Tower,0,0,40,0,40,0,0,94,0,94,0,0,134,0,134,58,0,58,192
07/13/2016,SNS,CA,AWP,WE,Federal Contract Tower,0,0,44,0,44,0,0,103,0,103,0,0,147,0,147,94,0,94,241
07/14/2016,SNS,CA,AWP,WE,Federal Contract Tower,0,0,36,0,36,0,0,72,0,72,0,0,108,0,108,60,0,60,168
07/15/2016,SNS,CA,AWP,WE,Federal Contract Tower,0,0,37,0,37,0,0,85,0,85,0,0,122,0,122,58,0,58,180
07/16/2016,SNS,CA,AWP,WE,Federal Contract Tower,0,2,41,0,43,0,0,80,0,80,0,2,121,0,123,58,0,58,181
07/17/2016,SNS,CA,AWP,WE,Federal Contract Tower,0,2,41,0,43,0,14,66,0,80,0,16,107,0,123,50,0,50,173
07/18/2016,SNS,CA,AWP,WE,Federal Contract Tower,0,0,39,2,41,0,0,93,2,95,0,0,132,4,136,48,8,56,192
07/19/2016,SNS,CA,AWP,WE,Federal Contract Tower,0,10,33,2,45,0,0,104,2,106,0,10,137,4,151,52,4,56,207
07/20/2016,SNS,CA,AWP,WE,Federal Contract Tower,0,1,38,0,39,0,8,88,0,96,0,9,126,0,135,62,0,62,197
07/21/2016,SNS,CA,AWP,WE,Federal Contract Tower,0,0,20,0,20,0,4,72,0,76,0,4,92,0,96,74,0,74,170
07/22/2016,SNS,CA,AWP,WE,Federal Contract Tower,0,0,18,0,18,0,8,93,0,101,0,8,111,0,119,52,0,52,171
07/23/2016,SNS,CA,AWP,WE,Federal Contract Tower,0,0,24,0,24,0,14,84,0,98,0,14,108,0,122,74,0,74,196
07/24/2016,SNS,CA,AWP,WE,Federal Contract Tower,0,0,20,0,20,0,8,84,0,92,0,8,104,0,112,37,0,37,149
07/25/2016,SNS,CA,AWP,WE,Federal Contract Tower,0,1,41,1,43,0,10,62,0,72,0,11,103,1,115,54,0,54,169
07/26/2016,SNS,CA,AWP,WE,Federal Contract Tower,0,8,66,0,74,0,58,4,2,64,0,66,70,2,138,30,0,30,168
07/27/2016,SNS,CA,AWP,WE,Federal Contract Tower,0,0,28,0,28,0,0,78,0,78,0,0,106,0,106,76,0,76,182
07/28/2016,SNS,CA,AWP,WE,Federal Contract Tower,0,6,34,1,41,0,30,79,0,109,0,36,113,1,150,78,0,78,228
07/29/2016,SNS,CA,AWP,WE,Federal Contract Tower,0,10,39,4,53,0,16,81,4,101,0,26,120,8,154,56,0,56,210
07/30/2016,SNS,CA,AWP,WE,Federal Contract Tower,0,4,32,0,36,0,0,47,0,47,0,4,79,0,83,58,0,58,141
07/31/2016,SNS,CA,AWP,WE,Federal Contract Tower,0,0,48,0,48,0,16,60,0,76,0,16,108,0,124,60,0,60,184
08/01/2016,SNS,CA,AWP,WE,Federal Contract Tower,0,0,75,0,75,0,0,78,0,78,0,0,153,0,153,44,0,44,197
08/02/2016,SNS,CA,AWP,WE,Federal Contract Tower,0,1,36,0,37,0,0,91,0,91,0,1,127,0,128,54,0,54,182
08/03/2016,SNS,CA,AWP,WE,Federal Contract Tower,0,0,28,0,28,0,0,70,0,70,0,0,98,0,98,62,0,62,160
08/04/2016,SNS,CA,AWP,WE,Federal Contract Tower,0,0,34,0,34,0,0,75,0,75,0,0,109,0,109,66,0,66,175
08/05/2016,SNS,CA,AWP,WE,Federal Contract Tower,0,0,21,0,21,0,0,88,0,88,0,0,109,0,109,64,0,64,173
08/06/2016,SNS,CA,AWP,WE,Federal Contract Tower,0,0,41,0,41,0,0,67,0,67,0,0,108,0,108,58,0,58,166
08/07/2016,SNS,CA,AWP,WE,Federal Contract Tower,0,2,36,0,38,0,18,72,0,90,0,20,108,0,128,86,0,86,214
08/08/2016,SNS,CA,AWP,WE,Federal Contract Tower,0,6,44,2,52,0,8,67,2,77,0,14,111,4,129,114,0,114,243
08/09/2016,SNS,CA,AWP,WE,Federal Contract Tower,0,0,27,0,27,0,4,78,0,82,0,4,105,0,109,36,0,36,145
08/10/2016,SNS,CA,AWP,WE,Federal Contract Tower,0,2,29,1,32,0,8,69,2,79,0,10,98,3,111,34,0,34,145
08/11/2016,SNS,CA,AWP,WE,Federal Contract Tower,0,4,42,2,48,0,0,72,0,72,0,4,114,2,120,74,0,74,194
08/12/2016,SNS,CA,AWP,WE,Federal Contract Tower,0,2,37,0,39,0,0,67,0,67,0,2,104,0,106,58,0,58,164
08/13/2016,SNS,CA,AWP,WE,Federal Contract Tower,0,0,34,0,34,0,14,77,0,91,0,14,111,0,125,50,0,50,175
08/14/2016,SNS,CA,AWP,WE,Federal Contract Tower,0,0,46,0,46,0,0,77,0,77,0,0,123,0,123,88,0,88,211
08/15/2016,SNS,CA,AWP,WE,Federal Contract Tower,0,8,46,14,68,0,0,60,10,70,0,8,106,24,138,78,8,86,224
08/16/2016,SNS,CA,AWP,WE,Federal Contract Tower,0,0,45,0,45,0,0,74,0,74,0,0,119,0,119,64,0,64,183
08/17/2016,SNS,CA,AWP,WE,Federal Contract Tower,0,5,48,2,55,0,6,82,2,90,0,11,130,4,145,64,0,64,209
08/18/2016,SNS,CA,AWP,WE,Federal Contract Tower,0,6,41,0,47,0,0,90,0,90,0,6,131,0,137,66,0,66,203
08/19/2016,SNS,CA,AWP,WE,Federal Contract Tower,0,6,40,0,46,0,0,79,0,79,0,6,119,0,125,70,0,70,195
08/20/2016,SNS,CA,AWP,WE,Federal Contract Tower,0,0,50,0,50,0,12,61,0,73,0,12,111,0,123,66,0,66,189
08/21/2016,SNS,CA,AWP,WE,Federal Contract Tower,0,5,71,0,76,0,8,68,0,76,0,13,139,0,152,70,0,70,222
08/22/2016,SNS,CA,AWP,WE,Federal Contract Tower,0,23,66,0,89,0,12,67,4,83,0,35,133,4,172,52,0,52,224
08/23/2016,SNS,CA,AWP,WE,Federal Contract Tower,0,0,21,0,21,0,0,0,0,0,0,0,21,0,21,44,0,44,65
08/24/2016,SNS,CA,AWP,WE,Federal Contract Tower,0,2,44,0,46,0,4,86,0,90,0,6,130,0,136,36,0,36,172
08/25/2016,SNS,CA,AWP,WE,Federal Contract Tower,0,0,43,0,43,0,0,87,0,87,0,0,130,0,130,78,0,78,208
08/26/2016,SNS,CA,AWP,WE,Federal Contract Tower,0,2,58,0,60,0,0,74,0,74,0,2,132,0,134,74,0,74,208
08/27/2016,SNS,CA,AWP,WE,Federal Contract Tower,0,0,35,4,39,0,8,89,0,97,0,8,124,4,136,48,0,48,184
08/28/2016,SNS,CA,AWP,WE,Federal Contract Tower,0,0,43,0,43,0,8,82,0,90,0,8,125,0,133,110,0,110,243
08/29/2016,SNS,CA,AWP,WE,Federal Contract Tower,0,0,37,0,37,0,10,76,2,88,0,10,113,2,125,74,0,74,199
08/30/2016,SNS,CA,AWP,WE,Federal Contract Tower,0,0,27,0,27,0,6,91,2,99,0,6,118,2,126,26,0,26,152
08/31/2016,SNS,CA,AWP,WE,Federal Contract Tower,0,0,31,0,31,0,2,104,2,108,0,2,135,2,139,60,0,60,199
09/01/2016,SNS,CA,AWP,WE,Federal Contract Tower,0,2,45,0,47,0,0,73,0,73,0,2,118,0,120,80,0,80,200
09/02/2016,SNS,CA,AWP,WE,Federal Contract Tower,0,0,31,0,31,0,0,83,0,83,0,0,114,0,114,60,0,60,174
09/03/2016,SNS,CA,AWP,WE,Federal Contract Tower,0,0,28,0,28,0,12,74,0,86,0,12,102,0,114,40,0,40,154
09/04/2016,SNS,CA,AWP,WE,Federal Contract Tower,0,0,24,0,24,0,0,78,0,78,0,0,102,0,102,56,0,56,158
09/05/2016,SNS,CA,AWP,WE,Federal Contract Tower,0,0,23,0,23,0,12,97,0,109,0,12,120,0,132,62,0,62,194
09/06/2016,SNS,CA,AWP,WE,Federal Contract Tower,0,0,22,0,22,0,0,98,2,100,0,0,120,2,122,36,0,36,158
09/07/2016,SNS,CA,AWP,WE,Federal Contract Tower,0,10,57,2,69,0,0,97,2,99,0,10,154,4,168,34,0,34,202
09/08/2016,SNS,CA,AWP,WE,Federal Contract Tower,0,0,34,0,34,0,0,90,0,90,0,0,124,0,124,82,0,82,206
09/09/2016,SNS,CA,AWP,WE,Federal Contract Tower,0,2,31,0,33,0,0,63,0,63,0,2,94,0,96,74,0,74,170
09/10/2016,SNS,CA,AWP,WE,Federal Contract Tower,0,0,35,0,35,0,12,74,0,86,0,12,109,0,121,58,0,58,179
09/11/2016,SNS,CA,AWP,WE,Federal Contract Tower,0,2,43,0,45,0,12,55,0,67,0,14,98,0,112,72,0,72,184
09/12/2016,SNS,CA,AWP,WE,Federal Contract Tower,0,4,46,2,52,0,4,62,0,66,0,8,108,2,118,48,0,48,166
09/13/2016,SNS,CA,AWP,WE,Federal Contract Tower,0,5,32,0,37,0,0,90,2,92,0,5,122,2,129,26,0,26,155
09/14/2016,SNS,CA,AWP,WE,Federal Contract Tower,0,0,21,0,21,0,5,113,2,120,0,5,134,2,141,34,0,34,175
09/15/2016,SNS,CA,AWP,WE,Federal Contract Tower,0,0,27,0,27,0,0,89,0,89,0,0,116,0,116,78,0,78,194
09/16/2016,SNS,CA,AWP,WE,Federal Contract Tower,0,0,39,0,39,0,0,83,0,83,0,0,122,0,122,76,0,76,198
09/17/2016,SNS,CA,AWP,WE,Federal Contract Tower,0,0,18,0,18,0,0,72,0,72,0,0,90,0,90,74,0,74,164
09/18/2016,SNS,CA,AWP,WE,Federal Contract Tower,0,0,12,0,12,0,0,81,0,81,0,0,93,0,93,102,0,102,195
09/19/2016,SNS,CA,AWP,WE,Federal Contract Tower,0,5,33,0,38,0,5,97,0,102,0,10,130,0,140,66,0,66,206
09/20/2016,SNS,CA,AWP,WE,Federal Contract Tower,0,0,60,0,60,0,4,78,0,82,0,4,138,0,142,36,0,36,178
09/21/2016,SNS,CA,AWP,WE,Federal Contract Tower,0,6,44,0,50,0,6,87,34,127,0,12,131,34,177,18,0,18,195
09/22/2016,SNS,CA,AWP,WE,Federal Contract Tower,0,0,36,0,36,0,10,76,10,96,0,10,112,10,132,32,50,82,214
09/23/2016,SNS,CA,AWP,WE,Federal Contract Tower,0,0,20,0,20,0,2,83,20,105,0,2,103,20,125,82,0,82,207
09/24/2016,SNS,CA,AWP,WE,Federal Contract Tower,0,0,20,0,20,0,6,64,34,104,0,6,84,34,124,94,84,178,302
09/25/2016,SNS,CA,AWP,WE,Federal Contract Tower,0,0,3,1,4,0,0,88,14,102,0,0,91,15,106,84,82,166,272
09/26/2016,SNS,CA,AWP,WE,Federal Contract Tower,0,4,22,0,26,0,4,112,0,116,0,8,134,0,142,54,0,54,196
09/27/2016,SNS,CA,AWP,WE,Federal Contract Tower,0,0,15,0,15,0,0,105,0,105,0,0,120,0,120,76,0,76,196
09/28/2016,SNS,CA,AWP,WE,Federal Contract Tower,0,5,59,0,64,0,7,113,7,127,0,12,172,7,191,66,0,66,257
09/29/2016,SNS,CA,AWP,WE,Federal Contract Tower,0,10,78,2,90,0,0,88,0,88,0,10,166,2,178,56,0,56,234
09/30/2016,SNS,CA,AWP,WE,Federal Contract Tower,0,5,32,0,37,0,4,74,0,78,0,9,106,0,115,84,0,84,199
10/01/2016,SNS,CA,AWP,WE,Federal Contract Tower,0,0,8,0,8,0,4,94,0,98,0,4,102,0,106,90,0,90,196
10/02/2016,SNS,CA,AWP,WE,Federal Contract Tower,0,4,31,0,35,0,0,90,0,90,0,4,121,0,125,71,0,71,196
10/03/2016,SNS,CA,AWP,WE,Federal Contract Tower,0,3,24,0,27,0,3,78,0,81,0,6,102,0,108,86,0,86,194
10/04/2016,SNS,CA,AWP,WE,Federal Contract Tower,0,1,21,0,22,0,0,113,1,114,0,1,134,1,136,66,0,66,202
10/05/2016,SNS,CA,AWP,WE,Federal Contract Tower,0,4,45,0,49,0,6,99,1,106,0,10,144,1,155,88,0,88,243
10/06/2016,SNS,CA,AWP,WE,Federal Contract Tower,0,8,63,0,71,0,6,103,0,109,0,14,166,0,180,50,0,50,230
10/07/2016,SNS,CA,AWP,WE,Federal Contract Tower,0,0,32,0,32,0,6,76,0,82,0,6,108,0,114,86,0,86,200
10/08/2016,SNS,CA,AWP,WE,Federal Contract Tower,0,0,27,0,27,0,0,90,0,90,0,0,117,0,117,84,0,84,201
10/09/2016,SNS,CA,AWP,WE,Federal Contract Tower,0,0,18,0,18,0,0,90,0,90,0,0,108,0,108,70,0,70,178
10/10/2016,SNS,CA,AWP,WE,Federal Contract Tower,0,0,48,0,48,0,0,62,0,62,0,0,110,0,110,90,0,90,200
10/11/2016,SNS,CA,AWP,WE,Federal Contract Tower,0,0,25,2,27,0,0,81,6,87,0,0,106,8,114,82,0,82,196
10/12/2016,SNS,CA,AWP,WE,Federal Contract Tower,0,2,41,0,43,0,4,93,0,97,0,6,134,0,140,58,0,58,198
10/13/2016,SNS,CA,AWP,WE,Federal Contract Tower,0,10,58,0,68,0,6,82,2,90,0,16,140,2,158,26,0,26,184
10/14/2016,SNS,CA,AWP,WE,Federal Contract Tower,0,2,33,0,35,0,3,74,0,77,0,5,107,0,112,84,0,84,196
10/15/2016,SNS,CA,AWP,WE,Federal Contract Tower,0,0,32,0,32,0,0,80,0,80,0,0,112,0,112,84,0,84,196
10/16/2016,SNS,CA,AWP,WE,Federal Contract Tower,0,0,9,0,9,0,0,51,0,51,0,0,60,0,60,20,0,20,80
10/17/2016,SNS,CA,AWP,WE,Federal Contract Tower,0,4,60,4,68,0,0,69,2,71,0,4,129,6,139,60,0,60,199
10/18/2016,SNS,CA,AWP,WE,Federal Contract Tower,0,2,43,0,45,0,2,77,2,81,0,4,120,2,126,70,0,70,196
10/19/2016,SNS,CA,AWP,WE,Federal Contract Tower,0,0,58,0,58,0,0,95,14,109,0,0,153,14,167,56,0,56,223
10/20/2016,SNS,CA,AWP,WE,Federal Contract Tower,0,0,24,0,24,0,5,94,2,101,0,5,118,2,125,42,0,42,167
10/21/2016,SNS,CA,AWP,WE,Federal Contract Tower,0,0,49,0,49,0,2,98,0,100,0,2,147,0,149,54,0,54,203
10/22/2016,SNS,CA,AWP,WE,Federal Contract Tower,0,0,7,0,7,0,0,99,0,99,0,0,106,0,106,68,0,68,174
10/23/2016,SNS,CA,AWP,WE,Federal Contract Tower,0,0,16,0,16,0,4,93,0,97,0,4,109,0,113,76,0,76,189
10/24/2016,SNS,CA,AWP,WE,Federal Contract Tower,0,2,21,0,23,0,2,95,0,97,0,4,116,0,120,76,0,76,196
10/25/2016,SNS,CA,AWP,WE,Federal Contract Tower,0,2,31,0,33,0,1,96,0,97,0,3,127,0,130,66,0,66,196
10/26/2016,SNS,CA,AWP,WE,Federal Contract Tower,0,0,51,0,51,0,0,84,2,86,0,0,135,2,137,87,0,87,224
10/27/2016,SNS,CA,AWP,WE,Federal Contract Tower,0,0,32,0,32,0,0,74,2,76,0,0,106,2,108,102,0,102,210
10/28/2016,SNS,CA,AWP,WE,Federal Contract Tower,0,0,12,0,12,0,0,74,0,74,0,0,86,0,86,26,0,26,112
10/29/2016,SNS,CA,AWP,WE,Federal Contract Tower,0,0,20,0,20,0,1,61,0,62,0,1,81,0,82,138,0,138,220
10/30/2016,SNS,CA,AWP,WE,Federal Contract Tower,0,0,4,0,4,0,1,55,0,56,0,1,59,0,60,42,0,42,102
10/31/2016,SNS,CA,AWP,WE,Federal Contract Tower,0,0,32,0,32,0,0,74,2,76,0,0,106,2,108,64,14,78,186
11/01/2016,SNS,CA,AWP,WE,Federal Contract Tower,0,0,40,0,40,0,6,78,1,85,0,6,118,1,125,22,0,22,147
11/02/2016,SNS,CA,AWP,WE,Federal Contract Tower,0,0,37,0,37,0,4,80,2,86,0,4,117,2,123,74,0,74,197
11/03/2016,SNS,CA,AWP,WE,Federal Contract Tower,0,1,29,0,30,0,2,91,1,94,0,3,120,1,124,72,0,72,196
11/04/2016,SNS,CA,AWP,WE,Federal Contract Tower,0,0,28,0,28,0,0,90,1,91,0,0,118,1,119,74,0,74,193
11/05/2016,SNS,CA,AWP,WE,Federal Contract Tower,0,0,4,0,4,0,0,96,1,97,0,0,100,1,101,74,0,74,175
11/06/2016,SNS,CA,AWP,WE,Federal Contract Tower,0,0,31,0,31,0,4,93,0,97,0,4,124,0,128,68,0,68,196
11/07/2016,SNS,CA,AWP,WE,Federal Contract Tower,0,0,51,0,51,0,3,63,2,68,0,3,114,2,119,72,0,72,191
11/08/2016,SNS,CA,AWP,WE,Federal Contract Tower,0,0,28,0,28,0,5,93,4,102,0,5,121,4,130,60,0,60,190
11/09/2016,SNS,CA,AWP,WE,Federal Contract Tower,0,5,42,0,47,0,7,82,7,96,0,12,124,7,143,64,0,64,207
11/10/2016,SNS,CA,AWP,WE,Federal Contract Tower,0,0,36,0,36,0,0,87,0,87,0,0,123,0,123,74,0,74,197
11/11/2016,SNS,CA,AWP,WE,Federal Contract Tower,0,0,33,0,33,0,0,85,0,85,0,0,118,0,118,82,0,82,200
11/12/2016,SNS,CA,AWP,WE,Federal Contract Tower,0,0,29,0,29,0,0,85,0,85,0,0,114,0,114,68,0,68,182
11/13/2016,SNS,CA,AWP,WE,Federal Contract Tower,0,4,59,0,63,0,5,89,0,94,0,9,148,0,157,44,0,44,201
11/14/2016,SNS,CA,AWP,WE,Federal Contract Tower,0,0,44,0,44,0,0,102,0,102,0,0,146,0,146,48,0,48,194
11/15/2016,SNS,CA,AWP,WE,Federal Contract Tower,0,4,67,0,71,0,4,71,1,76,0,8,138,1,147,74,6,80,227
11/16/2016,SNS,CA,AWP,WE,Federal Contract Tower,0,0,20,0,20,0,0,80,0,80,0,0,100,0,100,56,0,56,156
11/17/2016,SNS,CA,AWP,WE,Federal Contract Tower,0,0,31,0,31,0,4,85,4,93,0,4,116,4,124,40,0,40,164
11/18/2016,SNS,CA,AWP,WE,Federal Contract Tower,0,0,54,0,54,0,5,102,4,111,0,5,156,4,165,72,0,72,237
11/19/2016,SNS,CA,AWP,WE,Federal Contract Tower,0,0,29,0,29,0,0,71,0,71,0,0,100,0,100,60,0,60,160
11/20/2016,SNS,CA,AWP,WE,Federal Contract Tower,0,2,19,0,21,0,4,63,0,67,0,6,82,0,88,68,0,68,156
11/21/2016,SNS,CA,AWP,WE,Federal Contract Tower,0,0,42,0,42,0,2,85,1,88,0,2,127,1,130,66,0,66,196
11/22/2016,SNS,CA,AWP,WE,Federal Contract Tower,0,0,28,0,28,0,4,89,0,93,0,4,117,0,121,78,0,78,199
11/23/2016,SNS,CA,AWP,WE,Federal Contract Tower,0,3,52,0,55,0,6,94,0,100,0,9,146,0,155,30,0,30,185
11/24/2016,SNS,CA,AWP,WE,Federal Contract Tower,0,0,3,0,3,0,0,32,0,32,0,0,35,0,35,56,0,56,91
11/25/2016,SNS,CA,AWP,WE,Federal Contract Tower,0,0,32,0,32,0,9,83,0,92,0,9,115,0,124,42,0,42,166
11/26/2016,SNS,CA,AWP,WE,Federal Contract Tower,0,0,3,0,3,0,0,46,0,46,0,0,49,0,49,42,0,42,91
11/27/2016,SNS,CA,AWP,WE,Federal Contract Tower,0,0,60,0,60,0,8,75,0,83,0,8,135,0,143,14,0,14,157
11/28/2016,SNS,CA,AWP,WE,Federal Contract Tower,0,0,50,0,50,0,0,79,0,79,0,0,129,0,129,48,18,66,195
11/29/2016,SNS,CA,AWP,WE,Federal Contract Tower,0,0,24,0,24,0,4,92,0,96,0,4,116,0,120,74,0,74,194
11/30/2016,SNS,CA,AWP,WE,Federal Contract Tower,0,0,51,0,51,0,2,85,0,87,0,2,136,0,138,69,0,69,207
12/01/2016,SNS,CA,AWP,WE,Federal Contract Tower,0,7,41,0,48,0,7,103,0,110,0,14,144,0,158,34,0,34,192
12/02/2016,SNS,CA,AWP,WE,Federal Contract Tower,0,1,43,0,44,0,5,94,2,101,0,6,137,2,145,42,20,62,207
12/03/2016,SNS,CA,AWP,WE,Federal Contract Tower,0,0,14,0,14,0,0,94,0,94,0,0,108,0,108,82,0,82,190
12/04/2016,SNS,CA,AWP,WE,Federal Contract Tower,0,0,13,0,13,0,0,91,0,91,0,0,104,0,104,88,0,88,192
12/05/2016,SNS,CA,AWP,WE,Federal Contract Tower,0,0,55,0,55,0,2,73,0,75,0,2,128,0,130,68,0,68,198
12/06/2016,SNS,CA,AWP,WE,Federal Contract Tower,0,0,20,0,20,0,4,67,0,71,0,4,87,0,91,88,0,88,179
12/07/2016,SNS,CA,AWP,WE,Federal Contract Tower,0,0,45,0,45,0,6,103,3,112,0,6,148,3,157,58,0,58,215
12/08/2016,SNS,CA,AWP,WE,Federal Contract Tower,0,0,21,0,21,0,0,46,0,46,0,0,67,0,67,0,0,0,67
12/09/2016,SNS,CA,AWP,WE,Federal Contract Tower,0,7,41,5,53,0,2,89,0,91,0,9,130,5,144,26,0,26,170
12/10/2016,SNS,CA,AWP,WE,Federal Contract Tower,0,0,19,0,19,0,0,47,0,47,0,0,66,0,66,60,0,60,126
12/11/2016,SNS,CA,AWP,WE,Federal Contract Tower,0,0,22,0,22,0,0,84,0,84,0,0,106,0,106,90,0,90,196
12/12/2016,SNS,CA,AWP,WE,Federal Contract Tower,0,0,52,2,54,0,0,104,2,106,0,0,156,4,160,70,0,70,230
12/13/2016,SNS,CA,AWP,WE,Federal Contract Tower,0,0,22,0,22,0,4,91,0,95,0,4,113,0,117,64,0,64,181
12/14/2016,SNS,CA,AWP,WE,Federal Contract Tower,0,0,25,0,25,0,4,89,1,94,0,4,114,1,119,60,0,60,179
12/15/2016,SNS,CA,AWP,WE,Federal Contract Tower,0,0,16,0,16,0,0,66,0,66,0,0,82,0,82,12,0,12,94
12/16/2016,SNS,CA,AWP,WE,Federal Contract Tower,0,5,27,0,32,0,5,73,0,78,0,10,100,0,110,54,0,54,164
12/17/2016,SNS,CA,AWP,WE,Federal Contract Tower,0,0,17,0,17,0,7,97,0,104,0,7,114,0,121,74,0,74,195
12/18/2016,SNS,CA,AWP,WE,Federal Contract Tower,0,0,32,0,32,0,2,83,0,85,0,2,115,0,117,88,0,88,205
12/19/2016,SNS,CA,AWP,WE,Federal Contract Tower,0,1,43,0,44,0,3,85,1,89,0,4,128,1,133,72,0,72,205
12/20/2016,SNS,CA,AWP,WE,Federal Contract Tower,0,0,24,0,24,0,6,106,0,112,0,6,130,0,136,66,0,66,202
12/21/2016,SNS,CA,AWP,WE,Federal Contract Tower,0,0,24,0,24,0,0,87,1,88,0,0,111,1,112,42,0,42,154
12/22/2016,SNS,CA,AWP,WE,Federal Contract Tower,0,0,33,0,33,0,2,88,2,92,0,2,121,2,125,36,0,36,161
12/23/2016,SNS,CA,AWP,WE,Federal Contract Tower,0,0,41,0,41,0,0,10,0,10,0,0,51,0,51,0,0,0,51
12/24/2016,SNS,CA,AWP,WE,Federal Contract Tower,0,0,6,0,6,0,6,68,0,74,0,6,74,0,80,58,0,58,138
12/25/2016,SNS,CA,AWP,WE,Federal Contract Tower,0,0,1,0,1,0,2,42,0,44,0,2,43,0,45,34,0,34,79
12/26/2016,SNS,CA,AWP,WE,Federal Contract Tower,0,0,67,0,67,0,0,97,0,97,0,0,164,0,164,60,0,60,224
12/27/2016,SNS,CA,AWP,WE,Federal Contract Tower,0,0,46,0,46,0,2,76,0,78,0,2,122,0,124,60,0,60,184
12/28/2016,SNS,CA,AWP,WE,Federal Contract Tower,0,0,30,0,30,0,0,87,0,87,0,0,117,0,117,48,0,48,165
12/29/2016,SNS,CA,AWP,WE,Federal Contract Tower,0,0,33,0,33,0,6,75,0,81,0,6,108,0,114,58,0,58,172
12/30/2016,SNS,CA,AWP,WE,Federal Contract Tower,0,0,13,0,13,0,5,87,0,92,0,5,100,0,105,32,0,32,137
12/31/2016,SNS,CA,AWP,WE,Federal Contract Tower,0,0,21,0,21,0,0,86,0,86,0,0,107,0,107,74,0,74,181
01/01/2017,SNS,CA,AWP,WE,Federal Contract Tower,0,0,6,0,6,0,4,63,0,67,0,4,69,0,73,36,0,36,109
01/02/2017,SNS,CA,AWP,WE,Federal Contract Tower,0,0,12,0,12,0,4,50,0,54,0,4,62,0,66,38,0,38,104
01/03/2017,SNS,CA,AWP,WE,Federal Contract Tower,0,0,18,0,18,0,2,36,0,38,0,2,54,0,56,20,0,20,76
01/04/2017,SNS,CA,AWP,WE,Federal Contract Tower,0,0,12,0,12,0,2,20,0,22,0,2,32,0,34,10,0,10,44
01/05/2017,SNS,CA,AWP,WE,Federal Contract Tower,0,0,36,3,39,0,4,76,0,80,0,4,112,3,119,30,0,30,149
01/06/2017,SNS,CA,AWP,WE,Federal Contract Tower,0,0,17,0,17,0,0,0,0,0,0,0,17,0,17,26,0,26,43
01/07/2017,SNS,CA,AWP,WE,Federal Contract Tower,0,0,3,0,3,0,4,15,0,19,0,4,18,0,22,0,0,0,22
01/08/2017,SNS,CA,AWP,WE,Federal Contract Tower,0,0,6,0,6,0,4,28,0,32,0,4,34,0,38,18,0,18,56
01/09/2017,SNS,CA,AWP,WE,Federal Contract Tower,0,0,24,0,24,0,0,57,0,57,0,0,81,0,81,52,0,52,133
01/10/2017,SNS,CA,AWP,WE,Federal Contract Tower,0,0,29,0,29,0,0,38,1,39,0,0,67,1,68,28,0,28,96
01/11/2017,SNS,CA,AWP,WE,Federal Contract Tower,0,0,29,0,29,0,4,42,2,48,0,4,71,2,77,0,0,0,77
01/12/2017,SNS,CA,AWP,WE,Federal Contract Tower,0,0,32,0,32,0,6,74,0,80,0,6,106,0,112,16,0,16,128
01/13/2017,SNS,CA,AWP,WE,Federal Contract Tower,0,0,20,0,20,0,4,81,0,85,0,4,101,0,105,32,0,32,137
01/14/2017,SNS,CA,AWP,WE,Federal Contract Tower,0,0,10,0,10,0,4,90,0,94,0,4,100,0,104,74,0,74,178
01/15/2017,SNS,CA,AWP,WE,Federal Contract Tower,0,0,31,4,35,0,0,78,0,78,0,0,109,4,113,64,22,86,199
01/16/2017,SNS,CA,AWP,WE,Federal Contract Tower,0,0,57,0,57,0,4,80,0,84,0,4,137,0,141,74,0,74,215
01/17/2017,SNS,CA,AWP,WE,Federal Contract Tower,0,0,35,0,35,0,0,92,2,94,0,0,127,2,129,74,0,74,203
01/18/2017,SNS,CA,AWP,WE,Federal Contract Tower,0,1,36,0,37,0,0,68,0,68,0,1,104,0,105,34,0,34,139
01/19/2017,SNS,CA,AWP,WE,Federal Contract Tower,0,0,8,1,9,0,0,80,2,82,0,0,88,3,91,20,0,20,111
01/20/2017,SNS,CA,AWP,WE,Federal Contract Tower,0,0,11,0,11,0,0,45,0,45,0,0,56,0,56,12,0,12,68
01/21/2017,SNS,CA,AWP,WE,Federal Contract Tower,0,0,6,0,6,0,9,38,0,47,0,9,44,0,53,70,0,70,123
01/22/2017,SNS,CA,AWP,WE,Federal Contract Tower,0,0,2,0,2,0,4,24,0,28,0,4,26,0,30,0,0,0,30
01/23/2017,SNS,CA,AWP,WE,Federal Contract Tower,0,0,12,0,12,0,8,44,0,52,0,8,56,0,64,32,0,32,96
01/24/2017,SNS,CA,AWP,WE,Federal Contract Tower,0,0,24,0,24,0,6,48,2,56,0,6,72,2,80,74,0,74,154
01/25/2017,SNS,CA,AWP,WE,Federal Contract Tower,0,0,25,0,25,0,5,58,0,63,0,5,83,0,88,48,0,48,136
01/26/2017,SNS,CA,AWP,WE,Federal Contract Tower,0,0,14,0,14,0,7,64,0,71,0,7,78,0,85,32,0,32,117
01/27/2017,SNS,CA,AWP,WE,Federal Contract Tower,0,0,39,0,39,0,6,77,0,83,0,6,116,0,122,62,0,62,184
01/28/2017,SNS,CA,AWP,WE,Federal Contract Tower,0,0,15,0,15,0,4,83,0,87,0,4,98,0,102,84,0,84,186
01/29/2017,SNS,CA,AWP,WE,Federal Contract Tower,0,0,25,0,25,0,2,82,0,84,0,2,107,0,109,76,0,76,185
01/30/2017,SNS,CA,AWP,WE,Federal Contract Tower,0,0,18,0,18,0,10,76,0,86,0,10,94,0,104,62,0,62,166
01/31/2017,SNS,CA,AWP,WE,Federal Contract Tower,0,0,27,0,27,0,8,97,2,107,0,8,124,2,134,86,0,86,220
02/01/2017,SNS,CA,AWP,WE,Federal Contract Tower,0,0,27,0,27,0,4,58,2,64,0,4,85,2,91,30,14,44,135
02/02/2017,SNS,CA,AWP,WE,Federal Contract Tower,0,0,6,0,6,0,4,45,2,51,0,4,51,2,57,16,0,16,73
02/03/2017,SNS,CA,AWP,WE,Federal Contract Tower,0,0,23,0,23,0,4,62,2,68,0,4,85,2,91,34,0,34,125
02/04/2017,SNS,CA,AWP,WE,Federal Contract Tower,0,0,11,0,11,0,6,93,0,99,0,6,104,0,110,96,0,96,206
02/05/2017,SNS,CA,AWP,WE,Federal Contract Tower,0,0,22,0,22,0,6,80,0,86,0,6,102,0,108,70,0,70,178
02/06/2017,SNS,CA,AWP,WE,Federal Contract Tower,0,0,27,0,27,0,4,65,1,70,0,4,92,1,97,64,0,64,161
02/07/2017,SNS,CA,AWP,WE,Federal Contract Tower,0,5,18,0,23,0,0,72,0,72,0,5,90,0,95,56,0,56,151
02/08/2017,SNS,CA,AWP,WE,Federal Contract Tower,0,0,29,2,31,0,1,37,3,41,0,1,66,5,72,18,0,18,90
02/09/2017,SNS,CA,AWP,WE,Federal Contract Tower,0,0,14,2,16,0,0,38,2,40,0,0,52,4,56,4,0,4,60
02/10/2017,SNS,CA,AWP,WE,Federal Contract Tower,0,0,0,0,0,0,1,46,0,47,0,1,46,0,47,28,0,28,75
02/11/2017,SNS,CA,AWP,WE,Federal Contract Tower,0,0,22,0,22,0,8,91,0,99,0,8,113,0,121,84,0,84,205
02/12/2017,SNS,CA,AWP,WE,Federal Contract Tower,0,0,5,0,5,0,10,87,0,97,0,10,92,0,102,86,0,86,188
02/13/2017,SNS,CA,AWP,WE,Federal Contract Tower,0,5,38,0,43,0,2,73,2,77,0,7,111,2,120,76,0,76,196
02/14/2017,SNS,CA,AWP,WE,Federal Contract Tower,0,0,16,0,16,0,4,75,0,79,0,4,91,0,95,32,0,32,127
02/15/2017,SNS,CA,AWP,WE,Federal Contract Tower,0,5,45,0,50,0,4,106,0,110,0,9,151,0,160,42,0,42,202
02/16/2017,SNS,CA,AWP,WE,Federal Contract Tower,0,0,30,0,30,0,0,0,0,0,0,0,30,0,30,8,0,8,38
02/17/2017,SNS,CA,AWP,WE,Federal Contract Tower,0,0,16,0,16,0,0,0,0,0,0,0,16,0,16,0,0,0,16
02/18/2017,SNS,CA,AWP,WE,Federal Contract Tower,0,0,14,0,14,0,6,46,0,52,0,6,60,0,66,36,0,36,102
02/19/2017,SNS,CA,AWP,WE,Federal Contract Tower,0,0,15,0,15,0,0,59,0,59,0,0,74,0,74,40,0,40,114
02/20/2017,SNS,CA,AWP,WE,Federal Contract Tower,0,0,3,0,3,0,0,35,0,35,0,0,38,0,38,42,0,42,80
02/21/2017,SNS,CA,AWP,WE,Federal Contract Tower,0,0,23,0,23,0,2,74,0,76,0,2,97,0,99,50,0,50,149
02/22/2017,SNS,CA,AWP,WE,Federal Contract Tower,0,2,56,10,68,0,1,95,4,100,0,3,151,14,168,42,0,42,210
02/23/2017,SNS,CA,AWP,WE,Federal Contract Tower,0,0,15,0,15,0,10,94,0,104,0,10,109,0,119,28,0,28,147
02/24/2017,SNS,CA,AWP,WE,Federal Contract Tower,0,2,34,0,36,0,2,4,0,6,0,4,38,0,42,50,0,50,92
02/25/2017,SNS,CA,AWP,WE,Federal Contract Tower,0,0,15,0,15,0,6,76,0,82,0,6,91,0,97,88,0,88,185
02/26/2017,SNS,CA,AWP,WE,Federal Contract Tower,0,0,25,0,25,0,0,111,0,111,0,0,136,0,136,82,0,82,218
02/27/2017,SNS,CA,AWP,WE,Federal Contract Tower,0,0,21,0,21,0,8,70,0,78,0,8,91,0,99,68,0,68,167
02/28/2017,SNS,CA,AWP,WE,Federal Contract Tower,0,2,10,0,12,0,15,85,0,100,0,17,95,0,112,66,0,66,178
03/01/2017,SNS,CA,AWP,WE,Federal Contract Tower,0,0,9,0,9,0,2,91,0,93,0,2,100,0,102,34,0,34,136
03/02/2017,SNS,CA,AWP,WE,Federal Contract Tower,0,0,42,0,42,0,6,105,2,113,0,6,147,2,155,28,0,28,183
03/03/2017,SNS,CA,AWP,WE,Federal Contract Tower,0,0,38,0,38,0,4,99,0,103,0,4,137,0,141,52,0,52,193
03/04/2017,SNS,CA,AWP,WE,Federal Contract Tower,0,0,23,0,23,0,6,75,0,81,0,6,98,0,104,72,0,72,176
03/05/2017,SNS,CA,AWP,WE,Federal Contract Tower,0,0,3,0,3,0,4,67,0,71,0,4,70,0,74,60,0,60,134
03/06/2017,SNS,CA,AWP,WE,Federal Contract Tower,0,8,29,0,37,0,0,74,1,75,0,8,103,1,112,64,0,64,176
03/07/2017,SNS,CA,AWP,WE,Federal Contract Tower,0,0,43,0,43,0,4,96,1,101,0,4,139,1,144,94,0,94,238
03/08/2017,SNS,CA,AWP,WE,Federal Contract Tower,0,0,23,0,23,0,6,103,0,109,0,6,126,0,132,56,0,56,188
03/09/2017,SNS,CA,AWP,WE,Federal Contract Tower,0,0,12,0,12,0,4,93,2,99,0,4,105,2,111,36,10,46,157
03/10/2017,SNS,CA,AWP,WE,Federal Contract Tower,0,0,47,0,47,0,8,85,0,93,0,8,132,0,140,44,0,44,184
03/11/2017,SNS,CA,AWP,WE,Federal Contract Tower,0,0,21,0,21,0,4,84,0,88,0,4,105,0,109,82,0,82,191
03/12/2017,SNS,CA,AWP,WE,Federal Contract Tower,0,3,28,0,31,0,5,115,0,120,0,8,143,0,151,76,0,76,227
03/13/2017,SNS,CA,AWP,WE,Federal Contract Tower,0,0,17,0,17,0,4,95,2,101,0,4,112,2,118,20,16,36,154
03/14/2017,SNS,CA,AWP,WE,Federal Contract Tower,0,0,10,0,10,0,0,115,2,117,0,0,125,2,127,56,0,56,183
03/15/2017,SNS,CA,AWP,WE,Federal Contract Tower,0,0,28,0,28,0,0,87,1,88,0,0,115,1,116,58,0,58,174
03/16/2017,SNS,CA,AWP,WE,Federal Contract Tower,0,0,53,0,53,0,0,69,0,69,0,0,122,0,122,62,0,62,184
03/17/2017,SNS,CA,AWP,WE,Federal Contract Tower,0,0,27,0,27,0,0,91,0,91,0,0,118,0,118,58,0,58,176
03/18/2017,SNS,CA,AWP,WE,Federal Contract Tower,0,0,7,0,7,0,8,106,0,114,0,8,113,0,121,76,0,76,197
03/19/2017,SNS,CA,AWP,WE,Federal Contract Tower,0,0,18,0,18,0,7,110,0,117,0,7,128,0,135,72,0,72,207
03/20/2017,SNS,CA,AWP,WE,Federal Contract Tower,0,0,30,0,30,0,0,65,2,67,0,0,95,2,97,24,0,24,121
03/21/2017,SNS,CA,AWP,WE,Federal Contract Tower,0,0,34,0,34,0,4,78,0,82,0,4,112,0,116,18,0,18,134
03/22/2017,SNS,CA,AWP,WE,Federal Contract Tower,0,0,41,0,41,0,0,82,0,82,0,0,123,0,123,66,0,66,189
03/23/2017,SNS,CA,AWP,WE,Federal Contract Tower,0,5,45,0,50,0,6,81,0,87,0,11,126,0,137,74,0,74,211
03/24/2017,SNS,CA,AWP,WE,Federal Contract Tower,0,0,35,0,35,0,0,65,0,65,0,0,100,0,100,44,0,44,144
03/25/2017,SNS,CA,AWP,WE,Federal Contract Tower,0,0,34,0,34,0,0,66,0,66,0,0,100,0,100,88,0,88,188
03/26/2017,SNS,CA,AWP,WE,Federal Contract Tower,0,0,34,0,34,0,0,69,0,69,0,0,103,0,103,70,0,70,173
03/27/2017,SNS,CA,AWP,WE,Federal Contract Tower,0,0,49,0,49,0,0,77,4,81,0,0,126,4,130,62,0,62,192
03/28/2017,SNS,CA,AWP,WE,Federal Contract Tower,0,1,61,0,62,0,1,104,2,107,0,2,165,2,169,44,0,44,213
03/29/2017,SNS,CA,AWP,WE,Federal Contract Tower,0,0,25,0,25,0,6,94,2,102,0,6,119,2,127,48,0,48,175
03/30/2017,SNS,CA,AWP,WE,Federal Contract Tower,0,3,42,9,54,0,3,95,2,100,0,6,137,11,154,56,0,56,210
03/31/2017,SNS,CA,AWP,WE,Federal Contract Tower,0,0,22,0,22,0,4,102,0,106,0,4,124,0,128,60,0,60,188
04/01/2017,SNS,CA,AWP,WE,Federal Contract Tower,0,0,27,0,27,0,6,91,0,97,0,6,118,0,124,44,0,44,168
04/02/2017,SNS,CA,AWP,WE,Federal Contract Tower,0,0,20,0,20,0,5,84,0,89,0,5,104,0,109,68,0,68,177
04/03/2017,SNS,CA,AWP,WE,Federal Contract Tower,0,4,77,0,81,0,2,70,0,72,0,6,147,0,153,80,0,80,233
04/04/2017,SNS,CA,AWP,WE,Federal Contract Tower,0,0,21,0,21,0,6,98,4,108,0,6,119,4,129,40,0,40,169
04/05/2017,SNS,CA,AWP,WE,Federal Contract Tower,0,0,45,0,45,0,6,90,2,98,0,6,135,2,143,48,0,48,191
04/06/2017,SNS,CA,AWP,WE,Federal Contract Tower,0,0,34,0,34,0,1,76,1,78,0,1,110,1,112,108,0,108,220
04/07/2017,SNS,CA,AWP,WE,Federal Contract Tower,0,0,23,0,23,0,0,49,0,49,0,0,72,0,72,68,0,68,140
04/08/2017,SNS,CA,AWP,WE,Federal Contract Tower,0,0,5,0,5,0,8,66,0,74,0,8,71,0,79,0,0,0,79
04/09/2017,SNS,CA,AWP,WE,Federal Contract Tower,0,0,28,0,28,0,8,105,0,113,0,8,133,0,141,94,0,94,235
04/10/2017,SNS,CA,AWP,WE,Federal Contract Tower,0,0,14,0,14,0,8,103,2,113,0,8,117,2,127,34,0,34,161
04/11/2017,SNS,CA,AWP,WE,Federal Contract Tower,0,0,39,0,39,0,4,100,0,104,0,4,139,0,143,56,0,56,199
04/12/2017,SNS,CA,AWP,WE,Federal Contract Tower,0,0,33,0,33,0,6,92,2,100,0,6,125,2,133,68,0,68,201
04/13/2017,SNS,CA,AWP,WE,Federal Contract Tower,0,0,37,0,37,0,0,83,0,83,0,0,120,0,120,86,0,86,206
04/14/2017,SNS,CA,AWP,WE,Federal Contract Tower,0,0,56,0,56,0,0,87,0,87,0,0,143,0,143,98,0,98,241
04/15/2017,SNS,CA,AWP,WE,Federal Contract Tower,0,0,31,0,31,0,5,91,0,96,0,5,122,0,127,56,0,56,183
04/16/2017,SNS,CA,AWP,WE,Federal Contract Tower,0,0,15,0,15,0,6,88,0,94,0,6,103,0,109,16,0,16,125
04/17/2017,SNS,CA,AWP,WE,Federal Contract Tower,0,1,20,0,21,0,1,54,0,55,0,2,74,0,76,38,0,38,114
04/18/2017,SNS,CA,AWP,WE,Federal Contract Tower,0,0,20,0,20,0,4,87,0,91,0,4,107,0,111,68,0,68,179
04/19/2017,SNS,CA,AWP,WE,Federal Contract Tower,0,2,39,0,41,0,3,99,4,106,0,5,138,4,147,76,0,76,223
04/20/2017,SNS,CA,AWP,WE,Federal Contract Tower,0,0,41,0,41,0,3,74,0,77,0,3,115,0,118,88,0,88,206
04/21/2017,SNS,CA,AWP,WE,Federal Contract Tower,0,0,52,0,52,0,0,94,0,94,0,0,146,0,146,64,0,64,210
04/22/2017,SNS,CA,AWP,WE,Federal Contract Tower,0,0,33,0,33,0,4,98,0,102,0,4,131,0,135,54,0,54,189
04/23/2017,SNS,CA,AWP,WE,Federal Contract Tower,0,1,8,0,9,0,0,101,0,101,0,1,109,0,110,38,0,38,148
04/24/2017,SNS,CA,AWP,WE,Federal Contract Tower,0,0,37,0,37,0,0,70,4,74,0,0,107,4,111,78,14,92,203
04/25/2017,SNS,CA,AWP,WE,Federal Contract Tower,0,2,32,0,34,0,0,0,0,0,0,2,32,0,34,100,0,100,134
04/26/2017,SNS,CA,AWP,WE,Federal Contract Tower,0,1,51,0,52,0,2,87,0,89,0,3,138,0,141,60,0,60,201
04/27/2017,SNS,CA,AWP,WE,Federal Contract Tower,0,2,25,0,27,0,2,54,1,57,0,4,79,1,84,80,0,80,164
04/28/2017,SNS,CA,AWP,WE,Federal Contract Tower,0,4,51,0,55,0,5,78,0,83,0,9,129,0,138,102,0,102,240
04/29/2017,SNS,CA,AWP,WE,Federal Contract Tower,0,0,13,0,13,0,6,87,0,93,0,6,100,0,106,76,0,76,182
04/30/2017,SNS,CA,AWP,WE,Federal Contract Tower,0,0,15,0,15,0,6,102,0,108,0,6,117,0,123,36,0,36,159
05/01/2017,SNS,CA,AWP,WE,Federal Contract Tower,0,0,38,0,38,0,3,97,3,103,0,3,135,3,141,42,0,42,183
05/02/2017,SNS,CA,AWP,WE,Federal Contract Tower,0,0,31,0,31,0,0,87,2,89,0,0,118,2,120,54,0,54,174
05/03/2017,SNS,CA,AWP,WE,Federal Contract Tower,0,0,59,0,59,0,6,95,2,103,0,6,154,2,162,92,0,92,254
05/04/2017,SNS,CA,AWP,WE,Federal Contract Tower,0,0,40,0,40,0,3,72,0,75,0,3,112,0,115,80,0,80,195
05/05/2017,SNS,CA,AWP,WE,Federal Contract Tower,0,0,59,0,59,0,3,76,0,79,0,3,135,0,138,84,0,84,222
05/06/2017,SNS,CA,AWP,WE,Federal Contract Tower,0,0,15,0,15,0,4,91,0,95,0,4,106,0,110,20,0,20,130
05/07/2017,SNS,CA,AWP,WE,Federal Contract Tower,0,0,15,0,15,0,4,75,0,79,0,4,90,0,94,26,0,26,120
05/08/2017,SNS,CA,AWP,WE,Federal Contract Tower,0,0,45,0,45,0,0,78,4,82,0,0,123,4,127,56,0,56,183
05/09/2017,SNS,CA,AWP,WE,Federal Contract Tower,0,0,29,0,29,0,4,52,0,56,0,4,81,0,85,6,0,6,91
05/10/2017,SNS,CA,AWP,WE,Federal Contract Tower,0,0,30,0,30,0,2,68,2,72,0,2,98,2,102,30,0,30,132
05/11/2017,SNS,CA,AWP,WE,Federal Contract Tower,0,0,50,0,50,0,0,70,0,70,0,0,120,0,120,86,0,86,206
05/12/2017,SNS,CA,AWP,WE,Federal Contract Tower,0,0,71,0,71,0,0,94,0,94,0,0,165,0,165,62,0,62,227
05/13/2017,SNS,CA,AWP,WE,Federal Contract Tower,0,0,7,0,7,0,4,102,0,106,0,4,109,0,113,36,0,36,149
05/14/2017,SNS,CA,AWP,WE,Federal Contract Tower,0,0,7,0,7,0,2,90,0,92,0,2,97,0,99,18,0,18,117
05/15/2017,SNS,CA,AWP,WE,Federal Contract Tower,0,0,25,0,25,0,1,52,0,53,0,1,77,0,78,0,0,0,78
05/16/2017,SNS,CA,AWP,WE,Federal Contract Tower,0,0,20,0,20,0,0,67,6,73,0,0,87,6,93,26,0,26,119
05/17/2017,SNS,CA,AWP,WE,Federal Contract Tower,0,3,50,0,53,0,2,53,0,55,0,5,103,0,108,74,0,74,182
05/18/2017,SNS,CA,AWP,WE,Federal Contract Tower,0,0,26,0,26,0,4,101,0,105,0,4,127,0,131,32,0,32,163
05/19/2017,SNS,CA,AWP,WE,Federal Contract Tower,0,4,48,0,52,0,0,69,0,69,0,4,117,0,121,86,0,86,207
05/20/2017,SNS,CA,AWP,WE,Federal Contract Tower,0,0,8,0,8,0,4,91,0,95,0,4,99,0,103,38,0,38,141
05/21/2017,SNS,CA,AWP,WE,Federal Contract Tower,0,0,9,0,9,0,6,116,0,122,0,6,125,0,131,48,0,48,179
05/22/2017,SNS,CA,AWP,WE,Federal Contract Tower,0,0,14,0,14,0,6,99,0,105,0,6,113,0,119,42,0,42,161
05/23/2017,SNS,CA,AWP,WE,Federal Contract Tower,0,0,46,0,46,0,6,53,0,59,0,6,99,0,105,32,0,32,137
05/24/2017,SNS,CA,AWP,WE,Federal Contract Tower,0,6,54,0,60,0,2,70,0,72,0,8,124,0,132,40,0,40,172
05/25/2017,SNS,CA,AWP,WE,Federal Contract Tower,0,2,48,0,50,0,0,55,0,55,0,2,103,0,105,94,0,94,199
05/26/2017,SNS,CA,AWP,WE,Federal Contract Tower,0,0,57,0,57,0,0,70,0,70,0,0,127,0,127,100,0,100,227
05/27/2017,SNS,CA,AWP,WE,Federal Contract Tower,0,0,18,0,18,0,0,95,0,95,0,0,113,0,113,38,0,38,151
05/28/2017,SNS,CA,AWP,WE,Federal Contract Tower,0,0,15,0,15,0,4,91,0,95,0,4,106,0,110,40,0,40,150
05/29/2017,SNS,CA,AWP,WE,Federal Contract Tower,0,0,40,0,40,0,10,51,0,61,0,10,91,0,101,4,0,4,105
05/30/2017,SNS,CA,AWP,WE,Federal Contract Tower,0,0,55,0,55,0,2,70,2,74,0,2,125,2,129,38,0,38,167
05/31/2017,SNS,CA,AWP,WE,Federal Contract Tower,0,0,43,0,43,0,6,73,2,81,0,6,116,2,124,44,0,44,168
06/01/2017,SNS,CA,AWP,WE,Federal Contract Tower,0,0,58,0,58,0,55,0,0,55,0,55,58,0,113,80,0,80,193
06/02/2017,SNS,CA,AWP,WE,Federal Contract Tower,0,0,74,8,82,0,0,68,0,68,0,0,142,8,150,72,0,72,222
06/03/2017,SNS,CA,AWP,WE,Federal Contract Tower,0,0,74,8,82,0,0,68,0,68,0,0,142,8,150,72,0,72,222
06/04/2017,SNS,CA,AWP,WE,Federal Contract Tower,0,0,23,0,23,0,4,63,0,67,0,4,86,0,90,30,0,30,120
06/05/2017,SNS,CA,AWP,WE,Federal Contract Tower,0,0,51,0,51,0,0,80,3,83,0,0,131,3,134,36,0,36,170
06/06/2017,SNS,CA,AWP,WE,Federal Contract Tower,0,0,33,0,33,0,0,57,0,57,0,0,90,0,90,38,0,38,128
06/07/2017,SNS,CA,AWP,WE,Federal Contract Tower,0,0,21,0,21,0,0,64,0,64,0,0,85,0,85,50,0,50,135
06/08/2017,SNS,CA,AWP,WE,Federal Contract Tower,0,4,41,0,45,0,3,66,0,69,0,7,107,0,114,70,0,70,184
06/09/2017,SNS,CA,AWP,WE,Federal Contract Tower,0,3,38,0,41,0,0,41,0,41,0,3,79,0,82,90,0,90,172
06/10/2017,SNS,CA,AWP,WE,Federal Contract Tower,0,0,18,0,18,0,0,75,0,75,0,0,93,0,93,36,0,36,129
06/11/2017,SNS,CA,AWP,WE,Federal Contract Tower,0,0,2,1,3,0,4,58,0,62,0,4,60,1,65,28,0,28,93
06/12/2017,SNS,CA,AWP,WE,Federal Contract Tower,0,0,22,0,22,0,2,92,2,96,0,2,114,2,118,20,0,20,138
06/13/2017,SNS,CA,AWP,WE,Federal Contract Tower,0,0,62,0,62,0,0,111,1,112,0,0,173,1,174,44,0,44,218
06/14/2017,SNS,CA,AWP,WE,Federal Contract Tower,0,0,55,0,55,0,0,72,1,73,0,0,127,1,128,100,0,100,228
06/15/2017,SNS,CA,AWP,WE,Federal Contract Tower,0,0,52,0,52,0,46,0,0,46,0,46,52,0,98,88,0,88,186
06/16/2017,SNS,CA,AWP,WE,Federal Contract Tower,0,0,43,0,43,0,7,70,4,81,0,7,113,4,124,66,8,74,198
06/17/2017,SNS,CA,AWP,WE,Federal Contract Tower,0,0,26,0,26,0,0,82,0,82,0,0,108,0,108,30,0,30,138
06/18/2017,SNS,CA,AWP,WE,Federal Contract Tower,0,0,15,0,15,0,4,102,0,106,0,4,117,0,121,34,0,34,155
06/19/2017,SNS,CA,AWP,WE,Federal Contract Tower,0,0,39,0,39,0,6,90,2,98,0,6,129,2,137,54,0,54,191
06/20/2017,SNS,CA,AWP,WE,Federal Contract Tower,0,8,59,0,67,0,2,78,2,82,0,10,137,2,149,52,0,52,201
06/21/2017,SNS,CA,AWP,WE,Federal Contract Tower,0,5,75,0,80,0,9,72,10,91,0,14,147,10,171,86,0,86,257
06/22/2017,SNS,CA,AWP,WE,Federal Contract Tower,0,0,52,0,52,0,0,64,6,70,0,0,116,6,122,86,0,86,208
06/23/2017,SNS,CA,AWP,WE,Federal Contract Tower,0,0,21,0,21,0,0,77,0,77,0,0,98,0,98,50,0,50,148
06/24/2017,SNS,CA,AWP,WE,Federal Contract Tower,0,0,14,0,14,0,0,37,0,37,0,0,51,0,51,68,0,68,119
06/25/2017,SNS,CA,AWP,WE,Federal Contract Tower,0,0,27,0,27,0,2,72,0,74,0,2,99,0,101,24,0,24,125
06/26/2017,SNS,CA,AWP,WE,Federal Contract Tower,0,0,37,0,37,0,2,61,2,65,0,2,98,2,102,18,0,18,120
06/27/2017,SNS,CA,AWP,WE,Federal Contract Tower,0,6,59,0,65,0,4,89,2,95,0,10,148,2,160,42,0,42,202
06/28/2017,SNS,CA,AWP,WE,Federal Contract Tower,0,0,34,0,34,0,4,93,2,99,0,4,127,2,133,66,0,66,199
06/29/2017,SNS,CA,AWP,WE,Federal Contract Tower,0,9,78,0,87,0,0,72,1,73,0,9,150,1,160,60,0,60,220
06/30/2017,SNS,CA,AWP,WE,Federal Contract Tower,0,0,27,0,27,0,0,70,0,70,0,0,97,0,97,42,0,42,139
07/01/2017,SNS,CA,AWP,WE,Federal Contract Tower,0,0,19,0,19,0,0,41,0,41,0,0,60,0,60,40,0,40,100
07/02/2017,SNS,CA,AWP,WE,Federal Contract Tower,0,2,14,0,16,0,6,44,0,50,0,8,58,0,66,24,0,24,90
07/03/2017,SNS,CA,AWP,WE,Federal Contract Tower,0,0,14,0,14,0,6,57,0,63,0,6,71,0,77,18,0,18,95
07/04/2017,SNS,CA,AWP,WE,Federal Contract Tower,0,0,39,0,39,0,4,62,0,66,0,4,101,0,105,8,0,8,113
07/05/2017,SNS,CA,AWP,WE,Federal Contract Tower,0,9,52,1,62,0,5,69,0,74,0,14,121,1,136,26,0,26,162
07/06/2017,SNS,CA,AWP,WE,Federal Contract Tower,0,8,59,0,67,0,5,50,0,55,0,13,109,0,122,64,0,64,186
07/07/2017,SNS,CA,AWP,WE,Federal Contract Tower,0,0,21,0,21,0,0,67,0,67,0,0,88,0,88,54,0,54,142
07/08/2017,SNS,CA,AWP,WE,Federal Contract Tower,0,0,28,0,28,0,4,92,0,96,0,4,120,0,124,72,0,72,196
07/09/2017,SNS,CA,AWP,WE,Federal Contract Tower,0,0,24,0,24,0,4,98,0,102,0,4,122,0,126,30,0,30,156
07/10/2017,SNS,CA,AWP,WE,Federal Contract Tower,0,0,15,0,15,0,4,94,2,100,0,4,109,2,115,40,20,60,175
07/11/2017,SNS,CA,AWP,WE,Federal Contract Tower,0,0,28,0,28,0,4,74,0,78,0,4,102,0,106,26,20,46,152
07/12/2017,SNS,CA,AWP,WE,Federal Contract Tower,0,0,18,0,18,0,0,62,0,62,0,0,80,0,80,44,0,44,124
07/13/2017,SNS,CA,AWP,WE,Federal Contract Tower,0,0,22,0,22,0,0,74,0,74,0,0,96,0,96,120,0,120,216
07/14/2017,SNS,CA,AWP,WE,Federal Contract Tower,0,0,17,0,17,0,0,55,0,55,0,0,72,0,72,52,0,52,124
07/15/2017,SNS,CA,AWP,WE,Federal Contract Tower,0,0,10,0,10,0,0,54,0,54,0,0,64,0,64,42,0,42,106
07/16/2017,SNS,CA,AWP,WE,Federal Contract Tower,0,0,23,0,23,0,6,81,0,87,0,6,104,0,110,41,0,41,151
07/17/2017,SNS,CA,AWP,WE,Federal Contract Tower,0,2,58,6,66,0,2,76,2,80,0,4,134,8,146,66,0,66,212
07/18/2017,SNS,CA,AWP,WE,Federal Contract Tower,0,0,46,0,46,0,4,82,2,88,0,4,128,2,134,46,0,46,180
07/19/2017,SNS,CA,AWP,WE,Federal Contract Tower,0,0,75,2,77,0,4,73,2,79,0,4,148,4,156,40,0,40,196
07/20/2017,SNS,CA,AWP,WE,Federal Contract Tower,0,0,50,2,52,0,6,85,2,93,0,6,135,4,145,60,0,60,205
07/21/2017,SNS,CA,AWP,WE,Federal Contract Tower,0,0,11,0,11,0,0,115,0,115,0,0,126,0,126,24,0,24,150
07/22/2017,SNS,CA,AWP,WE,Federal Contract Tower,0,0,12,0,12,0,2,72,0,74,0,2,84,0,86,16,0,16,102
07/23/2017,SNS,CA,AWP,WE,Federal Contract Tower,0,0,18,0,18,0,2,92,0,94,0,2,110,0,112,32,0,32,144
07/24/2017,SNS,CA,AWP,WE,Federal Contract Tower,0,0,16,0,16,0,0,79,2,81,0,0,95,2,97,8,0,8,105
07/25/2017,SNS,CA,AWP,WE,Federal Contract Tower,0,0,26,2,28,0,6,88,2,96,0,6,114,4,124,36,8,44,168
07/26/2017,SNS,CA,AWP,WE,Federal Contract Tower,0,0,24,0,24,0,0,87,0,87,0,0,111,0,111,54,0,54,165
07/27/2017,SNS,CA,AWP,WE,Federal Contract Tower,0,0,15,0,15,0,0,69,0,69,0,0,84,0,84,190,0,190,274
07/28/2017,SNS,CA,AWP,WE,Federal Contract Tower,0,0,15,0,15,0,0,51,0,51,0,0,66,0,66,18,0,18,84
07/29/2017,SNS,CA,AWP,WE,Federal Contract Tower,0,0,13,0,13,0,0,48,0,48,0,0,61,0,61,30,0,30,91
07/30/2017,SNS,CA,AWP,WE,Federal Contract Tower,0,0,11,0,11,0,0,61,0,61,0,0,72,0,72,18,0,18,90
07/31/2017,SNS,CA,AWP,WE,Federal Contract Tower,0,0,14,2,16,0,4,66,2,72,0,4,80,4,88,42,0,42,130
08/01/2017,SNS,CA,AWP,WE,Federal Contract Tower,0,0,55,2,57,0,0,61,0,61,0,0,116,2,118,32,0,32,150
08/02/2017,SNS,CA,AWP,WE,Federal Contract Tower,0,5,55,3,63,0,11,76,5,92,0,16,131,8,155,84,0,84,239
08/03/2017,SNS,CA,AWP,WE,Federal Contract Tower,0,0,55,0,55,0,0,80,2,82,0,0,135,2,137,100,0,100,237
08/04/2017,SNS,CA,AWP,WE,Federal Contract Tower,0,2,9,0,11,0,0,102,0,102,0,2,111,0,113,26,0,26,139
08/05/2017,SNS,CA,AWP,WE,Federal Contract Tower,0,0,20,0,20,0,0,66,0,66,0,0,86,0,86,30,0,30,116
08/06/2017,SNS,CA,AWP,WE,Federal Contract Tower,0,0,24,0,24,0,4,86,0,90,0,4,110,0,114,30,0,30,144
08/07/2017,SNS,CA,AWP,WE,Federal Contract Tower,0,1,38,0,39,0,0,60,0,60,0,1,98,0,99,40,0,40,139
08/08/2017,SNS,CA,AWP,WE,Federal Contract Tower,0,0,48,6,54,0,0,54,0,54,0,0,102,6,108,26,6,32,140
08/09/2017,SNS,CA,AWP,WE,Federal Contract Tower,0,0,39,0,39,0,0,66,0,66,0,0,105,0,105,28,0,28,133
08/10/2017,SNS,CA,AWP,WE,Federal Contract Tower,0,0,32,0,32,0,0,54,0,54,0,0,86,0,86,38,0,38,124
08/11/2017,SNS,CA,AWP,WE,Federal Contract Tower,0,4,39,0,43,0,0,62,0,62,0,4,101,0,105,32,0,32,137
08/12/2017,SNS,CA,AWP,WE,Federal Contract Tower,0,0,17,0,17,0,0,76,0,76,0,0,93,0,93,36,0,36,129
08/13/2017,SNS,CA,AWP,WE,Federal Contract Tower,0,0,26,0,26,0,4,92,0,96,0,4,118,0,122,32,0,32,154
08/14/2017,SNS,CA,AWP,WE,Federal Contract Tower,0,8,75,0,83,0,0,85,2,87,0,8,160,2,170,20,0,20,190
08/15/2017,SNS,CA,AWP,WE,Federal Contract Tower,0,0,55,5,60,0,2,68,7,77,0,2,123,12,137,16,0,16,153
08/16/2017,SNS,CA,AWP,WE,Federal Contract Tower,0,3,47,0,50,0,6,96,5,107,0,9,143,5,157,46,0,46,203
08/17/2017,SNS,CA,AWP,WE,Federal Contract Tower,0,7,55,0,62,0,6,60,2,68,0,13,115,2,130,60,0,60,190
08/18/2017,SNS,CA,AWP,WE,Federal Contract Tower,0,1,16,0,17,0,0,74,0,74,0,1,90,0,91,40,0,40,131
08/19/2017,SNS,CA,AWP,WE,Federal Contract Tower,0,0,17,0,17,0,0,78,0,78,0,0,95,0,95,22,0,22,117
08/20/2017,SNS,CA,AWP,WE,Federal Contract Tower,0,0,41,0,41,0,6,90,0,96,0,6,131,0,137,26,0,26,163
08/21/2017,SNS,CA,AWP,WE,Federal Contract Tower,0,0,42,0,42,0,2,70,2,74,0,2,112,2,116,44,0,44,160
08/22/2017,SNS,CA,AWP,WE,Federal Contract Tower,0,0,50,0,50,0,9,93,6,108,0,9,143,6,158,62,2,64,222
08/23/2017,SNS,CA,AWP,WE,Federal Contract Tower,0,78,7,2,87,0,0,58,0,58,0,78,65,2,145,20,0,20,165
08/24/2017,SNS,CA,AWP,WE,Federal Contract Tower,0,8,66,1,75,0,0,49,0,49,0,8,115,1,124,88,0,88,212
08/25/2017,SNS,CA,AWP,WE,Federal Contract Tower,0,0,30,0,30,0,0,73,0,73,0,0,103,0,103,46,0,46,149
08/26/2017,SNS,CA,AWP,WE,Federal Contract Tower,0,0,13,0,13,0,0,84,0,84,0,0,97,0,97,60,0,60,157
08/27/2017,SNS,CA,AWP,WE,Federal Contract Tower,0,0,10,0,10,0,0,90,0,90,0,0,100,0,100,40,0,40,140
08/28/2017,SNS,CA,AWP,WE,Federal Contract Tower,0,4,53,1,58,0,0,72,1,73,0,4,125,2,131,30,0,30,161
08/29/2017,SNS,CA,AWP,WE,Federal Contract Tower,0,5,60,0,65,0,0,67,0,67,0,5,127,0,132,22,0,22,154
08/30/2017,SNS,CA,AWP,WE,Federal Contract Tower,0,1,61,0,62,0,0,68,1,69,0,1,129,1,131,40,0,40,171
08/31/2017,SNS,CA,AWP,WE,Federal Contract Tower,0,5,68,1,74,0,2,48,1,51,0,7,116,2,125,72,0,72,197
09/01/2017,SNS,CA,AWP,WE,Federal Contract Tower,0,0,15,0,15,0,0,90,0,90,0,0,105,0,105,40,0,40,145
09/02/2017,SNS,CA,AWP,WE,Federal Contract Tower,0,0,9,0,9,0,0,95,0,95,0,0,104,0,104,36,0,36,140
09/03/2017,SNS,CA,AWP,WE,Federal Contract Tower,0,0,23,0,23,0,0,0,0,0,0,0,23,0,23,22,0,22,45
09/04/2017,SNS,CA,AWP,WE,Federal Contract Tower,0,0,32,0,32,0,7,61,8,76,0,7,93,8,108,0,0,0,108
09/05/2017,SNS,CA,AWP,WE,Federal Contract Tower,0,1,12,0,13,0,7,86,4,97,0,8,98,4,110,18,0,18,128
09/06/2017,SNS,CA,AWP,WE,Federal Contract Tower,0,1,68,0,69,0,0,87,0,87,0,1,155,0,156,56,0,56,212
09/07/2017,SNS,CA,AWP,WE,Federal Contract Tower,0,3,46,0,49,0,7,89,0,96,0,10,135,0,145,76,0,76,221
09/08/2017,SNS,CA,AWP,WE,Federal Contract Tower,0,0,24,0,24,0,0,61,0,61,0,0,85,0,85,24,0,24,109
09/09/2017,SNS,CA,AWP,WE,Federal Contract Tower,0,0,20,0,20,0,0,52,0,52,0,0,72,0,72,18,0,18,90
09/10/2017,SNS,CA,AWP,WE,Federal Contract Tower,0,0,12,0,12,0,0,55,0,55,0,0,67,0,67,22,0,22,89
09/11/2017,SNS,CA,AWP,WE,Federal Contract Tower,0,5,60,0,65,0,2,89,0,91,0,7,149,0,156,26,0,26,182
09/12/2017,SNS,CA,AWP,WE,Federal Contract Tower,0,4,47,2,53,0,3,78,1,82,0,7,125,3,135,36,0,36,171
09/13/2017,SNS,CA,AWP,WE,Federal Contract Tower,0,6,49,1,56,0,0,62,1,63,0,6,111,2,119,64,0,64,183
09/14/2017,SNS,CA,AWP,WE,Federal Contract Tower,0,3,60,0,63,0,0,53,1,54,0,3,113,1,117,74,0,74,191
09/15/2017,SNS,CA,AWP,WE,Federal Contract Tower,0,0,19,0,19,0,0,76,0,76,0,0,95,0,95,18,0,18,113
09/16/2017,SNS,CA,AWP,WE,Federal Contract Tower,0,0,28,0,28,0,0,101,0,101,0,0,129,0,129,30,0,30,159
09/17/2017,SNS,CA,AWP,WE,Federal Contract Tower,0,0,15,0,15,0,0,69,0,69,0,0,84,0,84,26,0,26,110
09/18/2017,SNS,CA,AWP,WE,Federal Contract Tower,0,0,24,0,24,0,0,51,4,55,0,0,75,4,79,42,0,42,121
09/19/2017,SNS,CA,AWP,WE,Federal Contract Tower,0,3,33,0,36,0,0,72,0,72,0,3,105,0,108,86,0,86,194
09/20/2017,SNS,CA,AWP,WE,Federal Contract Tower,0,0,57,0,57,0,0,75,0,75,0,0,132,0,132,94,0,94,226
09/21/2017,SNS,CA,AWP,WE,Federal Contract Tower,0,3,71,0,74,0,1,107,1,109,0,4,178,1,183,70,0,70,253
09/22/2017,SNS,CA,AWP,WE,Federal Contract Tower,0,0,41,0,41,0,2,94,0,96,0,2,135,0,137,42,0,42,179
09/23/2017,SNS,CA,AWP,WE,Federal Contract Tower,0,0,27,0,27,0,0,87,0,87,0,0,114,0,114,34,0,34,148
09/24/2017,SNS,CA,AWP,WE,Federal Contract Tower,0,0,25,0,25,0,0,95,0,95,0,0,120,0,120,36,0,36,156
09/25/2017,SNS,CA,AWP,WE,Federal Contract Tower,0,4,58,0,62,0,2,80,1,83,0,6,138,1,145,42,0,42,187
09/26/2017,SNS,CA,AWP,WE,Federal Contract Tower,0,2,51,0,53,0,2,90,2,94,0,4,141,2,147,44,0,44,191
09/27/2017,SNS,CA,AWP,WE,Federal Contract Tower,0,0,15,0,15,0,4,94,1,99,0,4,109,1,114,80,0,80,194
09/28/2017,SNS,CA,AWP,WE,Federal Contract Tower,0,2,15,0,17,0,4,127,9,140,0,6,142,9,157,58,0,58,215
09/29/2017,SNS,CA,AWP,WE,Federal Contract Tower,0,4,64,0,68,0,6,144,4,154,0,10,208,4,222,34,0,34,256
09/30/2017,SNS,CA,AWP,WE,Federal Contract Tower,0,0,35,0,35,0,6,167,0,173,0,6,202,0,208,0,0,0,208
10/01/2017,SNS,CA,AWP,WE,Federal Contract Tower,0,0,11,0,11,0,0,135,1,136,0,0,146,1,147,0,0,0,147
10/02/2017,SNS,CA,AWP,WE,Federal Contract Tower,0,4,45,0,49,0,4,89,2,95,0,8,134,2,144,28,0,28,172
10/03/2017,SNS,CA,AWP,WE,Federal Contract Tower,0,3,54,0,57,0,4,85,0,89,0,7,139,0,146,24,0,24,170
10/04/2017,SNS,CA,AWP,WE,Federal Contract Tower,0,7,50,0,57,0,2,111,2,115,0,9,161,2,172,34,28,62,234
10/05/2017,SNS,CA,AWP,WE,Federal Contract Tower,0,18,57,4,79,0,0,97,4,101,0,18,154,8,180,36,0,36,216
10/06/2017,SNS,CA,AWP,WE,Federal Contract Tower,0,0,32,0,32,0,0,81,0,81,0,0,113,0,113,26,0,26,139
10/07/2017,SNS,CA,AWP,WE,Federal Contract Tower,0,0,18,0,18,0,0,95,0,95,0,0,113,0,113,30,0,30,143
10/08/2017,SNS,CA,AWP,WE,Federal Contract Tower,0,0,22,0,22,0,0,94,0,94,0,0,116,0,116,26,0,26,142
10/09/2017,SNS,CA,AWP,WE,Federal Contract Tower,0,0,9,0,9,0,0,0,0,0,0,0,9,0,9,30,0,30,39
10/10/2017,SNS,CA,AWP,WE,Federal Contract Tower,0,8,52,0,60,0,2,113,9,124,0,10,165,9,184,12,0,12,196
10/11/2017,SNS,CA,AWP,WE,Federal Contract Tower,0,0,66,7,73,0,0,59,8,67,0,0,125,15,140,20,0,20,160
10/12/2017,SNS,CA,AWP,WE,Federal Contract Tower,0,4,51,4,59,0,0,66,4,70,0,4,117,8,129,34,0,34,163
10/13/2017,SNS,CA,AWP,WE,Federal Contract Tower,0,0,31,0,31,0,0,101,0,101,0,0,132,0,132,32,0,32,164
10/14/2017,SNS,CA,AWP,WE,Federal Contract Tower,0,0,24,0,24,0,0,102,0,102,0,0,126,0,126,34,0,34,160
10/15/2017,SNS,CA,AWP,WE,Federal Contract Tower,0,0,26,0,26,0,0,105,0,105,0,0,131,0,131,36,0,36,167
10/16/2017,SNS,CA,AWP,WE,Federal Contract Tower,0,0,17,0,17,0,0,88,0,88,0,0,105,0,105,44,0,44,149
10/17/2017,SNS,CA,AWP,WE,Federal Contract Tower,0,13,55,0,68,0,0,73,4,77,0,13,128,4,145,44,0,44,189
10/18/2017,SNS,CA,AWP,WE,Federal Contract Tower,0,17,47,0,64,0,0,31,4,35,0,17,78,4,99,20,0,20,119
10/19/2017,SNS,CA,AWP,WE,Federal Contract Tower,0,0,76,0,76,0,2,48,2,52,0,2,124,2,128,34,0,34,162
10/20/2017,SNS,CA,AWP,WE,Federal Contract Tower,0,0,31,0,31,0,8,101,0,109,0,8,132,0,140,42,0,42,182
10/21/2017,SNS,CA,AWP,WE,Federal Contract Tower,0,0,28,0,28,0,0,105,0,105,0,0,133,0,133,38,16,54,187
10/22/2017,SNS,CA,AWP,WE,Federal Contract Tower,0,0,17,0,17,0,0,96,4,100,0,0,113,4,117,26,0,26,143
10/23/2017,SNS,CA,AWP,WE,Federal Contract Tower,0,0,37,0,37,0,2,75,0,77,0,2,112,0,114,26,0,26,140
10/24/2017,SNS,CA,AWP,WE,Federal Contract Tower,0,0,57,0,57,0,4,78,6,88,0,4,135,6,145,80,8,88,233
10/25/2017,SNS,CA,AWP,WE,Federal Contract Tower,0,1,38,0,39,0,0,76,4,80,0,1,114,4,119,38,8,46,165
10/26/2017,SNS,CA,AWP,WE,Federal Contract Tower,0,8,67,0,75,0,16,101,6,123,0,24,168,6,198,50,0,50,248
10/27/2017,SNS,CA,AWP,WE,Federal Contract Tower,0,1,23,0,24,0,0,95,0,95,0,1,118,0,119,32,0,32,151
10/28/2017,SNS,CA,AWP,WE,Federal Contract Tower,0,0,26,0,26,0,0,102,0,102,0,0,128,0,128,34,0,34,162
10/29/2017,SNS,CA,AWP,WE,Federal Contract Tower,0,0,54,0,54,0,0,56,0,56,0,0,110,0,110,0,0,0,110
10/30/2017,SNS,CA,AWP,WE,Federal Contract Tower,0,0,75,2,77,0,0,78,0,78,0,0,153,2,155,2,0,2,157
10/31/2017,SNS,CA,AWP,WE,Federal Contract Tower,0,4,44,0,48,0,3,84,0,87,0,7,128,0,135,44,0,44,179
11/01/2017,SNS,CA,AWP,WE,Federal Contract Tower,0,2,43,0,45,0,0,58,4,62,0,2,101,4,107,38,12,50,157
11/02/2017,SNS,CA,AWP,WE,Federal Contract Tower,0,14,43,0,57,0,0,68,0,68,0,14,111,0,125,48,0,48,173
11/03/2017,SNS,CA,AWP,WE,Federal Contract Tower,0,0,39,0,39,0,0,74,0,74,0,0,113,0,113,22,0,22,135
11/04/2017,SNS,CA,AWP,WE,Federal Contract Tower,0,0,19,0,19,0,0,62,0,62,0,0,81,0,81,24,0,24,105
11/05/2017,SNS,CA,AWP,WE,Federal Contract Tower,0,0,17,0,17,0,0,76,0,76,0,0,93,0,93,16,0,16,109
11/06/2017,SNS,CA,AWP,WE,Federal Contract Tower,0,5,56,0,61,0,5,77,4,86,0,10,133,4,147,38,0,38,185
11/07/2017,SNS,CA,AWP,WE,Federal Contract Tower,0,0,54,4,58,0,0,92,3,95,0,0,146,7,153,74,0,74,227
11/08/2017,SNS,CA,AWP,WE,Federal Contract Tower,0,3,58,0,61,0,0,53,0,53,0,3,111,0,114,38,0,38,152
11/09/2017,SNS,CA,AWP,WE,Federal Contract Tower,0,4,52,0,56,0,0,44,0,44,0,4,96,0,100,30,0,30,130
11/10/2017,SNS,CA,AWP,WE,Federal Contract Tower,0,0,23,0,23,0,0,76,0,76,0,0,99,0,99,32,0,32,131
11/11/2017,SNS,CA,AWP,WE,Federal Contract Tower,0,0,21,0,21,0,0,77,0,77,0,0,98,0,98,36,0,36,134
11/12/2017,SNS,CA,AWP,WE,Federal Contract Tower,0,0,22,0,22,0,0,85,0,85,0,0,107,0,107,24,0,24,131
11/13/2017,SNS,CA,AWP,WE,Federal Contract Tower,0,2,49,0,51,0,0,79,0,79,0,2,128,0,130,12,0,12,142
11/14/2017,SNS,CA,AWP,WE,Federal Contract Tower,0,0,30,4,34,0,2,80,0,82,0,2,110,4,116,58,0,58,174
11/15/2017,SNS,CA,AWP,WE,Federal Contract Tower,0,4,44,0,48,0,5,74,0,79,0,9,118,0,127,41,0,41,168
11/17/2017,SNS,CA,AWP,WE,Federal Contract Tower,0,0,42,0,42,0,0,104,4,108,0,0,146,4,150,44,0,44,194
11/18/2017,SNS,CA,AWP,WE,Federal Contract Tower,0,0,17,0,17,0,0,135,0,135,0,0,152,0,152,26,0,26,178
11/19/2017,SNS,CA,AWP,WE,Federal Contract Tower,0,0,11,0,11,0,0,129,0,129,0,0,140,0,140,64,0,64,204
11/20/2017,SNS,CA,AWP,WE,Federal Contract Tower,0,0,23,4,27,0,0,94,0,94,0,0,117,4,121,32,0,32,153
11/21/2017,SNS,CA,AWP,WE,Federal Contract Tower,0,2,45,0,47,0,6,65,4,75,0,8,110,4,122,46,0,46,168
11/22/2017,SNS,CA,AWP,WE,Federal Contract Tower,0,0,53,0,53,0,5,86,0,91,0,5,139,0,144,62,0,62,206
11/23/2017,SNS,CA,AWP,WE,Federal Contract Tower,0,0,0,0,0,0,0,25,0,25,0,0,25,0,25,50,0,50,75
11/24/2017,SNS,CA,AWP,WE,Federal Contract Tower,0,0,19,0,19,0,0,75,0,75,0,0,94,0,94,30,0,30,124
11/25/2017,SNS,CA,AWP,WE,Federal Contract Tower,0,0,19,0,19,0,0,93,0,93,0,0,112,0,112,34,0,34,146
11/26/2017,SNS,CA,AWP,WE,Federal Contract Tower,0,0,14,0,14,0,0,46,0,46,0,0,60,0,60,12,0,12,72
11/27/2017,SNS,CA,AWP,WE,Federal Contract Tower,0,5,71,0,76,0,6,102,2,110,0,11,173,2,186,42,0,42,228
11/28/2017,SNS,CA,AWP,WE,Federal Contract Tower,0,0,36,2,38,0,4,77,0,81,0,4,113,2,119,34,0,34,153
11/29/2017,SNS,CA,AWP,WE,Federal Contract Tower,0,3,47,0,50,0,2,57,2,61,0,5,104,2,111,32,0,32,143
11/30/2017,SNS,CA,AWP,WE,Federal Contract Tower,0,4,60,0,64,0,3,89,2,94,0,7,149,2,158,56,0,56,214
12/01/2017,SNS,CA,AWP,WE,Federal Contract Tower,0,0,44,0,44,0,1,90,0,91,0,1,134,0,135,46,0,46,181
12/02/2017,SNS,CA,AWP,WE,Federal Contract Tower,0,0,19,0,19,0,0,84,0,84,0,0,103,0,103,46,0,46,149
12/03/2017,SNS,CA,AWP,WE,Federal Contract Tower,0,0,21,0,21,0,0,88,0,88,0,0,109,0,109,36,0,36,145
12/04/2017,SNS,CA,AWP,WE,Federal Contract Tower,0,0,13,1,14,0,4,86,0,90,0,4,99,1,104,30,16,46,150
12/05/2017,SNS,CA,AWP,WE,Federal Contract Tower,0,0,42,0,42,0,4,83,1,88,0,4,125,1,130,30,18,48,178
12/06/2017,SNS,CA,AWP,WE,Federal Contract Tower,0,0,42,0,42,0,0,47,0,47,0,0,89,0,89,44,0,44,133
12/07/2017,SNS,CA,AWP,WE,Federal Contract Tower,0,2,45,0,47,0,3,75,2,80,0,5,120,2,127,68,0,68,195
12/08/2017,SNS,CA,AWP,WE,Federal Contract Tower,0,0,44,0,44,0,3,97,0,100,0,3,141,0,144,40,0,40,184
12/09/2017,SNS,CA,AWP,WE,Federal Contract Tower,0,0,29,0,29,0,0,112,0,112,0,0,141,0,141,46,0,46,187
12/10/2017,SNS,CA,AWP,WE,Federal Contract Tower,0,0,21,0,21,0,0,94,0,94,0,0,115,0,115,34,0,34,149
12/11/2017,SNS,CA,AWP,WE,Federal Contract Tower,0,0,47,0,47,0,4,76,1,81,0,4,123,1,128,28,0,28,156
12/12/2017,SNS,CA,AWP,WE,Federal Contract Tower,0,2,47,0,49,0,2,86,1,89,0,4,133,1,138,66,26,92,230
12/13/2017,SNS,CA,AWP,WE,Federal Contract Tower,0,0,39,0,39,0,61,0,2,63,0,61,39,2,102,48,0,48,150
12/14/2017,SNS,CA,AWP,WE,Federal Contract Tower,0,0,41,1,42,0,0,58,2,60,0,0,99,3,102,80,0,80,182
12/15/2017,SNS,CA,AWP,WE,Federal Contract Tower,0,0,20,0,20,0,0,101,0,101,0,0,121,0,121,36,0,36,157
12/16/2017,SNS,CA,AWP,WE,Federal Contract Tower,0,0,8,0,8,0,6,60,0,66,0,6,68,0,74,12,0,12,86
12/17/2017,SNS,CA,AWP,WE,Federal Contract Tower,0,0,22,5,27,0,0,62,1,63,0,0,84,6,90,34,0,34,124
12/18/2017,SNS,CA,AWP,WE,Federal Contract Tower,0,0,16,0,16,0,4,95,2,101,0,4,111,2,117,38,0,38,155
12/19/2017,SNS,CA,AWP,WE,Federal Contract Tower,0,0,29,0,29,0,1,75,2,78,0,1,104,2,107,48,0,48,155
12/20/2017,SNS,CA,AWP,WE,Federal Contract Tower,0,3,15,0,18,0,0,46,4,50,0,3,61,4,68,30,0,30,98
12/21/2017,SNS,CA,AWP,WE,Federal Contract Tower,0,6,49,0,55,0,7,81,2,90,0,13,130,2,145,80,0,80,225
12/22/2017,SNS,CA,AWP,WE,Federal Contract Tower,0,7,69,0,76,0,7,112,0,119,0,14,181,0,195,40,0,40,235
12/23/2017,SNS,CA,AWP,WE,Federal Contract Tower,0,0,58,0,58,0,6,101,0,107,0,6,159,0,165,68,0,68,233
12/24/2017,SNS,CA,AWP,WE,Federal Contract Tower,0,0,10,0,10,0,4,39,0,43,0,4,49,0,53,30,0,30,83
12/25/2017,SNS,CA,AWP,WE,Federal Contract Tower,0,0,1,0,1,0,6,23,0,29,0,6,24,0,30,0,0,0,30
12/26/2017,SNS,CA,AWP,WE,Federal Contract Tower,0,0,42,0,42,0,6,71,0,77,0,6,113,0,119,54,0,54,173
12/27/2017,SNS,CA,AWP,WE,Federal Contract Tower,0,0,26,2,28,0,2,75,2,79,0,2,101,4,107,90,0,90,197
12/28/2017,SNS,CA,AWP,WE,Federal Contract Tower,0,0,36,0,36,0,7,84,2,93,0,7,120,2,129,104,0,104,233
12/29/2017,SNS,CA,AWP,WE,Federal Contract Tower,0,8,42,0,50,0,2,73,2,77,0,10,115,2,127,104,0,104,231
12/30/2017,SNS,CA,AWP,WE,Federal Contract Tower,0,0,12,0,12,0,0,53,0,53,0,0,65,0,65,72,0,72,137
12/31/2017,SNS,CA,AWP,WE,Federal Contract Tower,0,0,25,0,25,0,2,50,0,52,0,2,75,0,77,32,0,32,109
01/01/2018,SNS,CA,AWP,WE,Federal Contract Tower,0,2,22,0,24,0,4,20,0,24,0,6,42,0,48,42,0,42,90
01/02/2018,SNS,CA,AWP,WE,Federal Contract Tower,0,1,45,0,46,0,2,44,0,46,0,3,89,0,92,28,0,28,120
01/03/2018,SNS,CA,AWP,WE,Federal Contract Tower,0,1,10,1,12,0,0,35,0,35,0,1,45,1,47,0,0,0,47
01/04/2018,SNS,CA,AWP,WE,Federal Contract Tower,0,4,23,0,27,0,3,58,1,62,0,7,81,1,89,68,0,68,157
01/05/2018,SNS,CA,AWP,WE,Federal Contract Tower,0,2,33,0,35,0,1,59,2,62,0,3,92,2,97,40,0,40,137
01/06/2018,SNS,CA,AWP,WE,Federal Contract Tower,0,2,21,0,23,0,6,62,0,68,0,8,83,0,91,38,0,38,129
01/07/2018,SNS,CA,AWP,WE,Federal Contract Tower,0,0,31,0,31,0,4,69,0,73,0,4,100,0,104,42,0,42,146
01/08/2018,SNS,CA,AWP,WE,Federal Contract Tower,0,2,20,0,22,0,0,0,0,0,0,2,20,0,22,0,0,0,22
01/09/2018,SNS,CA,AWP,WE,Federal Contract Tower,0,0,32,0,32,0,0,1,0,1,0,0,33,0,33,0,0,0,33
01/10/2018,SNS,CA,AWP,WE,Federal Contract Tower,0,8,51,6,65,0,6,76,0,82,0,14,127,6,147,50,0,50,197
01/11/2018,SNS,CA,AWP,WE,Federal Contract Tower,0,1,53,1,55,0,5,94,4,103,0,6,147,5,158,110,0,110,268
01/12/2018,SNS,CA,AWP,WE,Federal Contract Tower,0,0,38,0,38,0,0,66,0,66,0,0,104,0,104,66,0,66,170
01/13/2018,SNS,CA,AWP,WE,Federal Contract Tower,0,3,31,1,35,0,5,91,2,98,0,8,122,3,133,88,0,88,221
01/14/2018,SNS,CA,AWP,WE,Federal Contract Tower,0,0,18,0,18,0,6,64,0,70,0,6,82,0,88,24,0,24,112
01/15/2018,SNS,CA,AWP,WE,Federal Contract Tower,0,0,11,0,11,0,0,67,0,67,0,0,78,0,78,36,0,36,114
01/16/2018,SNS,CA,AWP,WE,Federal Contract Tower,0,4,47,0,51,0,6,87,0,93,0,10,134,0,144,52,0,52,196
01/17/2018,SNS,CA,AWP,WE,Federal Contract Tower,0,8,59,5,72,0,5,63,1,69,0,13,122,6,141,58,0,58,199
01/18/2018,SNS,CA,AWP,WE,Federal Contract Tower,0,0,23,5,28,0,0,54,1,55,0,0,77,6,83,76,0,76,159
01/19/2018,SNS,CA,AWP,WE,Federal Contract Tower,0,5,27,0,32,0,0,61,0,61,0,5,88,0,93,18,0,18,111
01/20/2018,SNS,CA,AWP,WE,Federal Contract Tower,0,0,5,0,5,0,4,81,0,85,0,4,86,0,90,64,0,64,154
01/21/2018,SNS,CA,AWP,WE,Federal Contract Tower,0,0,0,0,0,0,0,62,2,64,0,0,62,2,64,38,0,38,102
01/22/2018,SNS,CA,AWP,WE,Federal Contract Tower,0,0,43,2,45,0,2,57,2,61,0,2,100,4,106,2,0,2,108
01/23/2018,SNS,CA,AWP,WE,Federal Contract Tower,0,5,38,2,45,0,1,76,2,79,0,6,114,4,124,66,0,66,190
01/24/2018,SNS,CA,AWP,WE,Federal Contract Tower,0,10,51,0,61,0,0,90,0,90,0,10,141,0,151,62,0,62,213
01/25/2018,SNS,CA,AWP,WE,Federal Contract Tower,0,1,7,2,10,0,0,60,2,62,0,1,67,4,72,16,0,16,88
01/26/2018,SNS,CA,AWP,WE,Federal Contract Tower,0,0,37,0,37,0,16,72,2,90,0,16,109,2,127,80,0,80,207
01/27/2018,SNS,CA,AWP,WE,Federal Contract Tower,0,7,39,0,46,0,2,88,0,90,0,9,127,0,136,96,0,96,232
01/28/2018,SNS,CA,AWP,WE,Federal Contract Tower,0,0,15,0,15,0,4,58,0,62,0,4,73,0,77,48,0,48,125
01/29/2018,SNS,CA,AWP,WE,Federal Contract Tower,0,1,14,0,15,0,3,77,2,82,0,4,91,2,97,46,0,46,143
01/30/2018,SNS,CA,AWP,WE,Federal Contract Tower,0,0,20,0,20,0,7,74,0,81,0,7,94,0,101,34,0,34,135
01/31/2018,SNS,CA,AWP,WE,Federal Contract Tower,0,0,37,0,37,0,3,78,0,81,0,3,115,0,118,64,0,64,182
02/01/2018,SNS,CA,AWP,WE,Federal Contract Tower,0,5,7,0,12,0,4,69,2,75,0,9,76,2,87,28,0,28,115
02/02/2018,SNS,CA,AWP,WE,Federal Contract Tower,0,1,46,0,47,0,3,103,2,108,0,4,149,2,155,98,0,98,253
02/03/2018,SNS,CA,AWP,WE,Federal Contract Tower,0,0,34,0,34,0,5,80,0,85,0,5,114,0,119,44,0,44,163
02/04/2018,SNS,CA,AWP,WE,Federal Contract Tower,0,0,15,0,15,0,2,71,0,73,0,2,86,0,88,26,0,26,114
02/05/2018,SNS,CA,AWP,WE,Federal Contract Tower,0,0,22,0,22,0,5,86,0,91,0,5,108,0,113,48,0,48,161
02/06/2018,SNS,CA,AWP,WE,Federal Contract Tower,0,5,65,0,70,0,4,95,0,99,0,9,160,0,169,94,0,94,263
02/07/2018,SNS,CA,AWP,WE,Federal Contract Tower,0,2,39,2,43,0,5,70,0,75,0,7,109,2,118,64,0,64,182
02/08/2018,SNS,CA,AWP,WE,Federal Contract Tower,0,1,40,2,43,0,6,77,3,86,0,7,117,5,129,42,0,42,171
02/09/2018,SNS,CA,AWP,WE,Federal Contract Tower,0,0,2,0,2,0,5,56,0,61,0,5,58,0,63,40,0,40,103
02/10/2018,SNS,CA,AWP,WE,Federal Contract Tower,0,0,21,0,21,0,3,90,0,93,0,3,111,0,114,50,0,50,164
02/11/2018,SNS,CA,AWP,WE,Federal Contract Tower,0,0,26,0,26,0,2,77,0,79,0,2,103,0,105,30,0,30,135
02/12/2018,SNS,CA,AWP,WE,Federal Contract Tower,0,3,32,2,37,0,2,103,0,105,0,5,135,2,142,36,0,36,178
02/13/2018,SNS,CA,AWP,WE,Federal Contract Tower,0,6,42,0,48,0,7,80,2,89,0,13,122,2,137,62,0,62,199
02/14/2018,SNS,CA,AWP,WE,Federal Contract Tower,0,0,15,0,15,0,9,49,0,58,0,9,64,0,73,17,0,17,90
02/15/2018,SNS,CA,AWP,WE,Federal Contract Tower,0,1,4,0,5,0,7,69,2,78,0,8,73,2,83,48,4,52,135
02/16/2018,SNS,CA,AWP,WE,Federal Contract Tower,0,2,27,0,29,0,6,77,0,83,0,8,104,0,112,70,0,70,182
02/17/2018,SNS,CA,AWP,WE,Federal Contract Tower,0,0,7,0,7,0,4,88,0,92,0,4,95,0,99,38,0,38,137
02/18/2018,SNS,CA,AWP,WE,Federal Contract Tower,0,1,8,0,9,0,2,53,0,55,0,3,61,0,64,8,0,8,72
02/19/2018,SNS,CA,AWP,WE,Federal Contract Tower,0,0,13,0,13,0,10,57,0,67,0,10,70,0,80,22,0,22,102
02/20/2018,SNS,CA,AWP,WE,Federal Contract Tower,0,3,36,0,39,0,5,41,2,48,0,8,77,2,87,53,0,53,140
02/21/2018,SNS,CA,AWP,WE,Federal Contract Tower,0,6,47,4,57,0,3,86,4,93,0,9,133,8,150,42,0,42,192
02/22/2018,SNS,CA,AWP,WE,Federal Contract Tower,0,1,18,3,22,0,1,43,1,45,0,2,61,4,67,34,0,34,101
02/23/2018,SNS,CA,AWP,WE,Federal Contract Tower,0,0,21,1,22,0,0,61,4,65,0,0,82,5,87,14,2,16,103
02/24/2018,SNS,CA,AWP,WE,Federal Contract Tower,0,1,10,0,11,0,2,58,0,60,0,3,68,0,71,56,0,56,127
02/25/2018,SNS,CA,AWP,WE,Federal Contract Tower,0,0,25,0,25,0,6,84,0,90,0,6,109,0,115,56,0,56,171
02/26/2018,SNS,CA,AWP,WE,Federal Contract Tower,0,0,31,0,31,0,0,61,0,61,0,0,92,0,92,22,0,22,114
02/27/2018,SNS,CA,AWP,WE,Federal Contract Tower,0,0,23,0,23,0,6,65,2,73,0,6,88,2,96,58,0,58,154
02/28/2018,SNS,CA,AWP,WE,Federal Contract Tower,0,7,51,0,58,0,9,64,6,79,0,16,115,6,137,100,0,100,237
03/01/2018,SNS,CA,AWP,WE,Federal Contract Tower,0,2,10,0,12,0,1,1,0,2,0,3,11,0,14,0,0,0,14
03/02/2018,SNS,CA,AWP,WE,Federal Contract Tower,0,2,15,0,17,0,1,46,0,47,0,3,61,0,64,10,0,10,74
03/03/2018,SNS,CA,AWP,WE,Federal Contract Tower,0,0,5,0,5,0,8,20,0,28,0,8,25,0,33,0,0,0,33
03/04/2018,SNS,CA,AWP,WE,Federal Contract Tower,0,0,25,1,26,0,0,69,0,69,0,0,94,1,95,56,0,56,151
03/05/2018,SNS,CA,AWP,WE,Federal Contract Tower,0,0,24,0,24,0,1,76,0,77,0,1,100,0,101,44,0,44,145
03/06/2018,SNS,CA,AWP,WE,Federal Contract Tower,0,7,55,0,62,0,3,78,0,81,0,10,133,0,143,94,0,94,237
03/07/2018,SNS,CA,AWP,WE,Federal Contract Tower,0,0,24,0,24,0,1,55,2,58,0,1,79,2,82,64,0,64,146
03/08/2018,SNS,CA,AWP,WE,Federal Contract Tower,0,0,48,0,48,0,4,83,3,90,0,4,131,3,138,56,0,56,194
03/09/2018,SNS,CA,AWP,WE,Federal Contract Tower,0,2,36,0,38,0,5,34,0,39,0,7,70,0,77,8,0,8,85
03/10/2018,SNS,CA,AWP,WE,Federal Contract Tower,0,0,20,0,20,0,3,25,0,28,0,3,45,0,48,0,0,0,48
03/11/2018,SNS,CA,AWP,WE,Federal Contract Tower,0,0,17,0,17,0,0,39,4,43,0,0,56,4,60,62,0,62,122
03/12/2018,SNS,CA,AWP,WE,Federal Contract Tower,0,0,27,0,27,0,2,46,4,52,0,2,73,4,79,38,0,38,117
03/13/2018,SNS,CA,AWP,WE,Federal Contract Tower,0,0,37,0,37,0,0,34,0,34,0,0,71,0,71,32,0,32,103
03/14/2018,SNS,CA,AWP,WE,Federal Contract Tower,0,1,25,2,28,0,6,24,0,30,0,7,49,2,58,20,0,20,78
03/15/2018,SNS,CA,AWP,WE,Federal Contract Tower,0,0,40,0,40,0,5,68,2,75,0,5,108,2,115,62,0,62,177
03/16/2018,SNS,CA,AWP,WE,Federal Contract Tower,0,2,13,0,15,0,0,42,0,42,0,2,55,0,57,44,0,44,101
03/17/2018,SNS,CA,AWP,WE,Federal Contract Tower,0,0,15,0,15,0,2,38,0,40,0,2,53,0,55,28,0,28,83
03/18/2018,SNS,CA,AWP,WE,Federal Contract Tower,0,0,41,0,41,0,11,69,0,80,0,11,110,0,121,104,0,104,225
03/19/2018,SNS,CA,AWP,WE,Federal Contract Tower,0,0,28,0,28,0,5,75,0,80,0,5,103,0,108,92,0,92,200
03/20/2018,SNS,CA,AWP,WE,Federal Contract Tower,0,0,7,2,9,0,1,17,1,19,0,1,24,3,28,32,0,32,60
03/21/2018,SNS,CA,AWP,WE,Federal Contract Tower,0,0,26,0,26,0,0,54,0,54,0,0,80,0,80,34,0,34,114
03/22/2018,SNS,CA,AWP,WE,Federal Contract Tower,0,0,29,0,29,0,0,52,0,52,0,0,81,0,81,18,0,18,99
03/23/2018,SNS,CA,AWP,WE,Federal Contract Tower,0,11,48,0,59,0,0,123,0,123,0,11,171,0,182,114,0,114,296
03/24/2018,SNS,CA,AWP,WE,Federal Contract Tower,0,0,14,3,17,0,1,35,0,36,0,1,49,3,53,0,0,0,53
03/25/2018,SNS,CA,AWP,WE,Federal Contract Tower,0,0,18,2,20,0,0,35,1,36,0,0,53,3,56,32,0,32,88
03/26/2018,SNS,CA,AWP,WE,Federal Contract Tower,0,1,35,4,40,0,5,66,2,73,0,6,101,6,113,62,0,62,175
03/27/2018,SNS,CA,AWP,WE,Federal Contract Tower,0,1,28,3,32,0,8,53,3,64,0,9,81,6,96,49,0,49,145
03/28/2018,SNS,CA,AWP,WE,Federal Contract Tower,0,5,14,0,19,0,1,66,3,70,0,6,80,3,89,18,12,30,119
03/29/2018,SNS,CA,AWP,WE,Federal Contract Tower,0,5,13,2,20,0,7,65,4,76,0,12,78,6,96,46,0,46,142
03/30/2018,SNS,CA,AWP,WE,Federal Contract Tower,0,0,21,0,21,0,2,68,2,72,0,2,89,2,93,42,0,42,135
03/31/2018,SNS,CA,AWP,WE,Federal Contract Tower,0,0,32,0,32,0,8,77,2,87,0,8,109,2,119,64,0,64,183
04/01/2018,SNS,CA,AWP,WE,Federal Contract Tower,0,0,20,0,20,0,2,56,0,58,0,2,76,0,78,26,0,26,104
04/02/2018,SNS,CA,AWP,WE,Federal Contract Tower,0,0,12,0,12,0,6,53,0,59,0,6,65,0,71,52,0,52,123
04/03/2018,SNS,CA,AWP,WE,Federal Contract Tower,0,0,49,0,49,0,6,67,2,75,0,6,116,2,124,62,12,74,198
04/04/2018,SNS,CA,AWP,WE,Federal Contract Tower,0,1,16,4,21,0,4,65,3,72,0,5,81,7,93,66,0,66,159
04/05/2018,SNS,CA,AWP,WE,Federal Contract Tower,0,2,32,2,36,0,6,87,7,100,0,8,119,9,136,44,14,58,194
04/06/2018,SNS,CA,AWP,WE,Federal Contract Tower,0,0,18,1,19,0,0,25,1,26,0,0,43,2,45,0,0,0,45
04/07/2018,SNS,CA,AWP,WE,Federal Contract Tower,0,0,18,0,18,0,5,45,0,50,0,5,63,0,68,18,0,18,86
04/08/2018,SNS,CA,AWP,WE,Federal Contract Tower,0,0,9,4,13,0,2,93,0,95,0,2,102,4,108,36,0,36,144
04/09/2018,SNS,CA,AWP,WE,Federal Contract Tower,0,3,35,0,38,0,8,97,3,108,0,11,132,3,146,104,0,104,250
04/10/2018,SNS,CA,AWP,WE,Federal Contract Tower,0,0,13,0,13,0,0,71,2,73,0,0,84,2,86,18,0,18,104
04/11/2018,SNS,CA,AWP,WE,Federal Contract Tower,0,0,24,2,26,0,0,75,0,75,0,0,99,2,101,46,0,46,147
04/12/2018,SNS,CA,AWP,WE,Federal Contract Tower,0,0,26,0,26,0,4,70,0,74,0,4,96,0,100,90,0,90,190
04/13/2018,SNS,CA,AWP,WE,Federal Contract Tower,0,0,49,0,49,0,5,91,0,96,0,5,140,0,145,64,0,64,209
04/14/2018,SNS,CA,AWP,WE,Federal Contract Tower,0,0,13,0,13,0,2,101,0,103,0,2,114,0,116,104,0,104,220
04/15/2018,SNS,CA,AWP,WE,Federal Contract Tower,0,0,18,0,18,0,2,79,0,81,0,2,97,0,99,68,0,68,167
04/16/2018,SNS,CA,AWP,WE,Federal Contract Tower,0,0,42,0,42,0,3,43,0,46,0,3,85,0,88,22,0,22,110
04/17/2018,SNS,CA,AWP,WE,Federal Contract Tower,0,1,55,0,56,0,3,120,1,124,0,4,175,1,180,106,0,106,286
04/18/2018,SNS,CA,AWP,WE,Federal Contract Tower,0,2,58,0,60,0,4,109,4,117,0,6,167,4,177,60,0,60,237
04/19/2018,SNS,CA,AWP,WE,Federal Contract Tower,0,2,1,0,3,0,7,75,2,84,0,9,76,2,87,56,0,56,143
04/20/2018,SNS,CA,AWP,WE,Federal Contract Tower,0,2,26,0,28,0,10,113,2,125,0,12,139,2,153,136,0,136,289
04/21/2018,SNS,CA,AWP,WE,Federal Contract Tower,0,0,47,0,47,0,0,98,0,98,0,0,145,0,145,82,0,82,227
04/22/2018,SNS,CA,AWP,WE,Federal Contract Tower,0,2,14,0,16,0,1,129,0,130,0,3,143,0,146,108,0,108,254
04/23/2018,SNS,CA,AWP,WE,Federal Contract Tower,0,3,51,0,54,0,2,110,4,116,0,5,161,4,170,80,0,80,250
04/24/2018,SNS,CA,AWP,WE,Federal Contract Tower,0,5,49,0,54,0,4,90,7,101,0,9,139,7,155,116,0,116,271
04/25/2018,SNS,CA,AWP,WE,Federal Contract Tower,0,3,9,2,14,0,4,73,2,79,0,7,82,4,93,66,0,66,159
04/26/2018,SNS,CA,AWP,WE,Federal Contract Tower,0,2,33,2,37,0,2,84,0,86,0,4,117,2,123,64,0,64,187
04/27/2018,SNS,CA,AWP,WE,Federal Contract Tower,0,0,37,0,37,0,2,114,0,116,0,2,151,0,153,58,0,58,211
04/28/2018,SNS,CA,AWP,WE,Federal Contract Tower,0,0,29,0,29,0,5,81,0,86,0,5,110,0,115,78,0,78,193
04/29/2018,SNS,CA,AWP,WE,Federal Contract Tower,0,0,29,0,29,0,3,72,0,75,0,3,101,0,104,76,0,76,180
04/30/2018,SNS,CA,AWP,WE,Federal Contract Tower,0,0,29,3,32,0,0,100,3,103,0,0,129,6,135,90,0,90,225
05/01/2018,SNS,CA,AWP,WE,Federal Contract Tower,0,0,51,0,51,0,2,84,0,86,0,2,135,0,137,64,8,72,209
05/02/2018,SNS,CA,AWP,WE,Federal Contract Tower,0,2,15,0,17,0,2,79,2,83,0,4,94,2,100,42,0,42,142
05/03/2018,SNS,CA,AWP,WE,Federal Contract Tower,0,9,63,0,72,0,5,71,2,78,0,14,134,2,150,80,0,80,230
05/04/2018,SNS,CA,AWP,WE,Federal Contract Tower,0,6,39,0,45,0,0,66,0,66,0,6,105,0,111,62,0,62,173
05/05/2018,SNS,CA,AWP,WE,Federal Contract Tower,0,0,34,0,34,0,0,177,0,177,0,0,211,0,211,154,0,154,365
05/06/2018,SNS,CA,AWP,WE,Federal Contract Tower,0,1,13,0,14,0,0,85,0,85,0,1,98,0,99,102,0,102,201
05/07/2018,SNS,CA,AWP,WE,Federal Contract Tower,0,0,36,0,36,0,0,97,1,98,0,0,133,1,134,62,0,62,196
05/08/2018,SNS,CA,AWP,WE,Federal Contract Tower,0,6,58,0,64,0,3,98,0,101,0,9,156,0,165,90,0,90,255
05/09/2018,SNS,CA,AWP,WE,Federal Contract Tower,0,4,35,2,41,0,4,54,2,60,0,8,89,4,101,78,0,78,179
05/10/2018,SNS,CA,AWP,WE,Federal Contract Tower,0,6,43,6,55,0,7,87,2,96,0,13,130,8,151,68,0,68,219
05/11/2018,SNS,CA,AWP,WE,Federal Contract Tower,0,2,26,0,28,0,0,100,0,100,0,2,126,0,128,70,0,70,198
05/12/2018,SNS,CA,AWP,WE,Federal Contract Tower,0,0,11,0,11,0,4,112,0,116,0,4,123,0,127,80,0,80,207
05/13/2018,SNS,CA,AWP,WE,Federal Contract Tower,0,0,19,0,19,0,4,86,0,90,0,4,105,0,109,42,0,42,151
05/14/2018,SNS,CA,AWP,WE,Federal Contract Tower,0,0,45,0,45,0,21,86,2,109,0,21,131,2,154,106,0,106,260
05/15/2018,SNS,CA,AWP,WE,Federal Contract Tower,0,6,36,0,42,0,8,100,3,111,0,14,136,3,153,134,16,150,303
05/16/2018,SNS,CA,AWP,WE,Federal Contract Tower,0,3,29,2,34,0,7,94,2,103,0,10,123,4,137,80,0,80,217
05/17/2018,SNS,CA,AWP,WE,Federal Contract Tower,0,0,11,1,12,0,0,75,3,78,0,0,86,4,90,82,0,82,172
05/18/2018,SNS,CA,AWP,WE,Federal Contract Tower,0,0,19,0,19,0,4,92,0,96,0,4,111,0,115,72,0,72,187
05/19/2018,SNS,CA,AWP,WE,Federal Contract Tower,0,0,32,0,32,0,0,83,0,83,0,0,115,0,115,62,0,62,177
05/20/2018,SNS,CA,AWP,WE,Federal Contract Tower,0,1,13,0,14,0,8,72,0,80,0,9,85,0,94,68,0,68,162
05/21/2018,SNS,CA,AWP,WE,Federal Contract Tower,0,6,32,0,38,0,9,55,0,64,0,15,87,0,102,68,6,74,176
05/22/2018,SNS,CA,AWP,WE,Federal Contract Tower,0,3,60,0,63,0,4,80,2,86,0,7,140,2,149,48,0,48,197
05/23/2018,SNS,CA,AWP,WE,Federal Contract Tower,0,2,34,1,37,0,4,72,1,77,0,6,106,2,114,52,0,52,166
05/24/2018,SNS,CA,AWP,WE,Federal Contract Tower,0,0,28,0,28,0,2,71,5,78,0,2,99,5,106,84,0,84,190
05/25/2018,SNS,CA,AWP,WE,Federal Contract Tower,0,0,23,0,23,0,2,77,0,79,0,2,100,0,102,60,0,60,162
05/26/2018,SNS,CA,AWP,WE,Federal Contract Tower,0,0,15,0,15,0,2,70,0,72,0,2,85,0,87,64,0,64,151
05/27/2018,SNS,CA,AWP,WE,Federal Contract Tower,0,1,38,0,39,0,8,69,0,77,0,9,107,0,116,74,0,74,190
05/28/2018,SNS,CA,AWP,WE,Federal Contract Tower,0,0,11,0,11,0,4,70,0,74,0,4,81,0,85,80,0,80,165
05/29/2018,SNS,CA,AWP,WE,Federal Contract Tower,0,3,48,0,51,0,0,82,2,84,0,3,130,2,135,56,0,56,191
05/30/2018,SNS,CA,AWP,WE,Federal Contract Tower,0,2,29,2,33,0,1,74,3,78,0,3,103,5,111,52,12,64,175
05/31/2018,SNS,CA,AWP,WE,Federal Contract Tower,0,1,31,0,32,0,4,83,3,90,0,5,114,3,122,68,0,68,190
06/01/2018,SNS,CA,AWP,WE,Federal Contract Tower,0,0,29,0,29,0,2,90,0,92,0,2,119,0,121,84,0,84,205
06/02/2018,SNS,CA,AWP,WE,Federal Contract Tower,2,40,0,0,42,0,14,116,0,130,2,54,116,0,172,70,0,70,242
06/03/2018,SNS,CA,AWP,WE,Federal Contract Tower,0,0,5,0,5,0,4,94,0,98,0,4,99,0,103,100,0,100,203
06/04/2018,SNS,CA,AWP,WE,Federal Contract Tower,0,3,34,3,40,0,5,84,2,91,0,8,118,5,131,88,0,88,219
06/05/2018,SNS,CA,AWP,WE,Federal Contract Tower,0,1,24,0,25,0,8,90,0,98,0,9,114,0,123,64,0,64,187
06/06/2018,SNS,CA,AWP,WE,Federal Contract Tower,0,0,34,2,36,0,4,79,0,83,0,4,113,2,119,68,0,68,187
06/07/2018,SNS,CA,AWP,WE,Federal Contract Tower,0,1,36,0,37,0,2,75,2,79,0,3,111,2,116,64,0,64,180
06/08/2018,SNS,CA,AWP,WE,Federal Contract Tower,0,1,52,4,57,0,7,110,0,117,0,8,162,4,174,82,0,82,256
06/09/2018,SNS,CA,AWP,WE,Federal Contract Tower,0,0,29,0,29,0,3,78,0,81,0,3,107,0,110,48,0,48,158
06/10/2018,SNS,CA,AWP,WE,Federal Contract Tower,0,0,20,0,20,0,4,83,0,87,0,4,103,0,107,60,0,60,167
06/11/2018,SNS,CA,AWP,WE,Federal Contract Tower,0,0,42,0,42,0,6,80,6,92,0,6,122,6,134,76,0,76,210
06/12/2018,SNS,CA,AWP,WE,Federal Contract Tower,0,5,62,0,67,0,6,98,2,106,0,11,160,2,173,116,0,116,289
06/13/2018,SNS,CA,AWP,WE,Federal Contract Tower,0,0,29,0,29,0,4,94,2,100,0,4,123,2,129,50,0,50,179
06/14/2018,SNS,CA,AWP,WE,Federal Contract Tower,0,2,44,0,46,0,4,84,3,91,0,6,128,3,137,82,0,82,219
06/15/2018,SNS,CA,AWP,WE,Federal Contract Tower,0,1,28,0,29,0,2,82,4,88,0,3,110,4,117,62,0,62,179
06/16/2018,SNS,CA,AWP,WE,Federal Contract Tower,0,3,47,0,50,0,0,91,0,91,0,3,138,0,141,80,0,80,221
06/17/2018,SNS,CA,AWP,WE,Federal Contract Tower,0,0,10,0,10,0,4,60,0,64,0,4,70,0,74,70,0,70,144
06/18/2018,SNS,CA,AWP,WE,Federal Contract Tower,0,3,50,0,53,0,7,69,5,81,0,10,119,5,134,64,0,64,198
06/19/2018,SNS,CA,AWP,WE,Federal Contract Tower,0,4,51,0,55,0,5,66,2,73,0,9,117,2,128,40,0,40,168
06/20/2018,SNS,CA,AWP,WE,Federal Contract Tower,0,13,59,0,72,0,2,74,5,81,0,15,133,5,153,52,0,52,205
06/21/2018,SNS,CA,AWP,WE,Federal Contract Tower,0,11,58,0,69,0,6,87,13,106,0,17,145,13,175,90,6,96,271
06/22/2018,SNS,CA,AWP,WE,Federal Contract Tower,0,0,53,0,53,0,4,72,0,76,0,4,125,0,129,102,0,102,231
06/23/2018,SNS,CA,AWP,WE,Federal Contract Tower,0,1,40,0,41,0,4,104,0,108,0,5,144,0,149,156,0,156,305
06/24/2018,SNS,CA,AWP,WE,Federal Contract Tower,0,1,30,0,31,0,5,66,0,71,0,6,96,0,102,64,0,64,166
06/25/2018,SNS,CA,AWP,WE,Federal Contract Tower,0,4,56,0,60,0,8,61,3,72,0,12,117,3,132,24,0,24,156
06/26/2018,SNS,CA,AWP,WE,Federal Contract Tower,0,6,67,0,73,0,5,96,4,105,0,11,163,4,178,80,0,80,258
06/27/2018,SNS,CA,AWP,WE,Federal Contract Tower,0,0,29,0,29,0,2,73,0,75,0,2,102,0,104,70,0,70,174
06/28/2018,SNS,CA,AWP,WE,Federal Contract Tower,0,4,34,0,38,0,4,98,0,102,0,8,132,0,140,56,0,56,196
06/29/2018,SNS,CA,AWP,WE,Federal Contract Tower,0,0,23,0,23,0,5,87,0,92,0,5,110,0,115,72,0,72,187
06/30/2018,SNS,CA,AWP,WE,Federal Contract Tower,0,0,20,0,20,0,3,85,0,88,0,3,105,0,108,110,0,110,218
07/01/2018,SNS,CA,AWP,WE,Federal Contract Tower,0,0,36,0,36,0,2,63,0,65,0,2,99,0,101,62,0,62,163
07/02/2018,SNS,CA,AWP,WE,Federal Contract Tower,0,0,53,2,55,0,2,48,0,50,0,2,101,2,105,24,0,24,129
07/03/2018,SNS,CA,AWP,WE,Federal Contract Tower,0,2,46,0,48,0,4,66,3,73,0,6,112,3,121,62,6,68,189
07/04/2018,SNS,CA,AWP,WE,Federal Contract Tower,0,0,33,0,33,0,2,68,0,70,0,2,101,0,103,68,0,68,171
07/05/2018,SNS,CA,AWP,WE,Federal Contract Tower,0,0,31,0,31,0,4,84,2,90,0,4,115,2,121,76,0,76,197
07/06/2018,SNS,CA,AWP,WE,Federal Contract Tower,0,0,17,0,17,0,4,83,0,87,0,4,100,0,104,66,0,66,170
07/07/2018,SNS,CA,AWP,WE,Federal Contract Tower,0,0,14,0,14,0,2,92,0,94,0,2,106,0,108,106,0,106,214
07/08/2018,SNS,CA,AWP,WE,Federal Contract Tower,0,0,26,0,26,0,3,80,0,83,0,3,106,0,109,62,0,62,171
07/09/2018,SNS,CA,AWP,WE,Federal Contract Tower,0,0,23,0,23,0,4,48,4,56,0,4,71,4,79,62,0,62,141
07/10/2018,SNS,CA,AWP,WE,Federal Contract Tower,0,0,13,3,16,0,2,75,1,78,0,2,88,4,94,88,0,88,182
07/11/2018,SNS,CA,AWP,WE,Federal Contract Tower,0,3,52,4,59,0,3,66,2,71,0,6,118,6,130,72,0,72,202
07/12/2018,SNS,CA,AWP,WE,Federal Contract Tower,0,0,50,3,53,0,2,69,1,72,0,2,119,4,125,76,0,76,201
07/13/2018,SNS,CA,AWP,WE,Federal Contract Tower,0,0,45,0,45,0,6,78,0,84,0,6,123,0,129,66,0,66,195
07/14/2018,SNS,CA,AWP,WE,Federal Contract Tower,0,2,57,0,59,0,0,78,0,78,0,2,135,0,137,94,0,94,231
07/15/2018,SNS,CA,AWP,WE,Federal Contract Tower,0,0,35,0,35,0,2,69,0,71,0,2,104,0,106,60,0,60,166
07/16/2018,SNS,CA,AWP,WE,Federal Contract Tower,0,0,21,2,23,0,0,90,1,91,0,0,111,3,114,110,0,110,224
07/17/2018,SNS,CA,AWP,WE,Federal Contract Tower,0,0,38,5,43,0,4,56,2,62,0,4,94,7,105,42,0,42,147
07/18/2018,SNS,CA,AWP,WE,Federal Contract Tower,0,0,52,0,52,0,4,44,4,52,0,4,96,4,104,80,0,80,184
07/19/2018,SNS,CA,AWP,WE,Federal Contract Tower,0,2,51,0,53,0,0,61,3,64,0,2,112,3,117,70,0,70,187
07/20/2018,SNS,CA,AWP,WE,Federal Contract Tower,0,3,54,0,57,0,1,45,0,46,0,4,99,0,103,76,0,76,179
07/21/2018,SNS,CA,AWP,WE,Federal Contract Tower,0,3,44,0,47,0,4,117,0,121,0,7,161,0,168,90,0,90,258
07/22/2018,SNS,CA,AWP,WE,Federal Contract Tower,0,1,38,0,39,0,0,88,4,92,0,1,126,4,131,56,0,56,187
07/23/2018,SNS,CA,AWP,WE,Federal Contract Tower,0,7,48,0,55,0,6,76,2,84,0,13,124,2,139,94,0,94,233
07/24/2018,SNS,CA,AWP,WE,Federal Contract Tower,0,0,36,0,36,0,5,81,2,88,0,5,117,2,124,70,0,70,194
07/25/2018,SNS,CA,AWP,WE,Federal Contract Tower,0,1,49,1,51,0,0,72,2,74,0,1,121,3,125,66,0,66,191
07/26/2018,SNS,CA,AWP,WE,Federal Contract Tower,0,3,38,0,41,0,2,72,2,76,0,5,110,2,117,60,0,60,177
07/27/2018,SNS,CA,AWP,WE,Federal Contract Tower,0,2,29,2,33,0,1,86,0,87,0,3,115,2,120,72,0,72,192
07/28/2018,SNS,CA,AWP,WE,Federal Contract Tower,0,3,39,0,42,0,0,51,0,51,0,3,90,0,93,76,0,76,169
07/29/2018,SNS,CA,AWP,WE,Federal Contract Tower,0,0,45,0,45,0,4,75,0,79,0,4,120,0,124,100,0,100,224
07/30/2018,SNS,CA,AWP,WE,Federal Contract Tower,0,1,54,0,55,0,8,60,2,70,0,9,114,2,125,70,0,70,195
07/31/2018,SNS,CA,AWP,WE,Federal Contract Tower,0,7,72,0,79,0,6,87,3,96,0,13,159,3,175,90,0,90,265
08/01/2018,SNS,CA,AWP,WE,Federal Contract Tower,0,1,41,1,43,0,5,74,3,82,0,6,115,4,125,88,0,88,213
08/02/2018,SNS,CA,AWP,WE,Federal Contract Tower,0,1,46,0,47,0,5,69,6,80,0,6,115,6,127,76,0,76,203
08/03/2018,SNS,CA,AWP,WE,Federal Contract Tower,0,1,45,0,46,0,6,76,0,82,0,7,121,0,128,78,0,78,206
08/04/2018,SNS,CA,AWP,WE,Federal Contract Tower,0,0,30,0,30,0,5,105,0,110,0,5,135,0,140,104,0,104,244
08/05/2018,SNS,CA,AWP,WE,Federal Contract Tower,0,0,56,0,56,0,3,73,0,76,0,3,129,0,132,102,0,102,234
08/06/2018,SNS,CA,AWP,WE,Federal Contract Tower,0,1,40,2,43,0,7,75,1,83,0,8,115,3,126,50,0,50,176
08/07/2018,SNS,CA,AWP,WE,Federal Contract Tower,0,2,61,1,64,0,7,68,1,76,0,9,129,2,140,52,0,52,192
08/08/2018,SNS,CA,AWP,WE,Federal Contract Tower,0,0,32,1,33,0,4,66,1,71,0,4,98,2,104,134,0,134,238
08/09/2018,SNS,CA,AWP,WE,Federal Contract Tower,0,0,28,0,28,0,0,97,2,99,0,0,125,2,127,90,0,90,217
08/10/2018,SNS,CA,AWP,WE,Federal Contract Tower,0,0,21,0,21,0,0,88,0,88,0,0,109,0,109,86,0,86,195
08/11/2018,SNS,CA,AWP,WE,Federal Contract Tower,0,0,36,0,36,0,2,80,0,82,0,2,116,0,118,116,0,116,234
08/12/2018,SNS,CA,AWP,WE,Federal Contract Tower,0,0,28,0,28,0,0,96,0,96,0,0,124,0,124,118,0,118,242
08/13/2018,SNS,CA,AWP,WE,Federal Contract Tower,0,2,22,2,26,0,0,52,0,52,0,2,74,2,78,58,0,58,136
08/14/2018,SNS,CA,AWP,WE,Federal Contract Tower,0,3,33,0,36,0,4,56,0,60,0,7,89,0,96,60,0,60,156
08/15/2018,SNS,CA,AWP,WE,Federal Contract Tower,0,1,11,4,16,0,5,71,0,76,0,6,82,4,92,106,0,106,198
08/16/2018,SNS,CA,AWP,WE,Federal Contract Tower,0,2,35,0,37,0,2,82,2,86,0,4,117,2,123,80,0,80,203
08/17/2018,SNS,CA,AWP,WE,Federal Contract Tower,0,1,17,0,18,0,2,99,0,101,0,3,116,0,119,66,0,66,185
08/18/2018,SNS,CA,AWP,WE,Federal Contract Tower,0,4,36,0,40,0,5,65,0,70,0,9,101,0,110,82,0,82,192
08/19/2018,SNS,CA,AWP,WE,Federal Contract Tower,0,0,34,0,34,0,3,60,0,63,0,3,94,0,97,72,0,72,169
08/20/2018,SNS,CA,AWP,WE,Federal Contract Tower,0,0,36,0,36,0,3,62,2,67,0,3,98,2,103,64,0,64,167
08/21/2018,SNS,CA,AWP,WE,Federal Contract Tower,0,3,73,0,76,0,4,120,2,126,0,7,193,2,202,156,0,156,358
08/22/2018,SNS,CA,AWP,WE,Federal Contract Tower,0,0,37,2,39,0,2,85,2,89,0,2,122,4,128,80,0,80,208
08/23/2018,SNS,CA,AWP,WE,Federal Contract Tower,0,0,71,4,75,0,1,82,2,85,0,1,153,6,160,86,0,86,246
08/24/2018,SNS,CA,AWP,WE,Federal Contract Tower,0,0,51,0,51,0,4,81,0,85,0,4,132,0,136,108,0,108,244
08/25/2018,SNS,CA,AWP,WE,Federal Contract Tower,0,0,47,0,47,0,7,83,2,92,0,7,130,2,139,90,0,90,229
08/26/2018,SNS,CA,AWP,WE,Federal Contract Tower,0,0,18,0,18,0,0,98,0,98,0,0,116,0,116,96,0,96,212
08/27/2018,SNS,CA,AWP,WE,Federal Contract Tower,0,12,65,0,77,0,0,54,3,57,0,12,119,3,134,74,0,74,208
08/28/2018,SNS,CA,AWP,WE,Federal Contract Tower,0,0,24,0,24,0,6,86,2,94,0,6,110,2,118,76,0,76,194
08/29/2018,SNS,CA,AWP,WE,Federal Contract Tower,0,1,33,0,34,0,2,103,0,105,0,3,136,0,139,112,0,112,251
08/30/2018,SNS,CA,AWP,WE,Federal Contract Tower,0,3,27,0,30,0,4,92,2,98,0,7,119,2,128,68,0,68,196
08/31/2018,SNS,CA,AWP,WE,Federal Contract Tower,0,0,29,0,29,0,7,80,0,87,0,7,109,0,116,100,0,100,216
09/01/2018,SNS,CA,AWP,WE,Federal Contract Tower,0,3,44,0,47,0,7,102,0,109,0,10,146,0,156,94,0,94,250
09/02/2018,SNS,CA,AWP,WE,Federal Contract Tower,0,0,37,0,37,0,6,77,0,83,0,6,114,0,120,76,0,76,196
09/03/2018,SNS,CA,AWP,WE,Federal Contract Tower,0,0,46,0,46,0,4,59,0,63,0,4,105,0,109,92,0,92,201
09/04/2018,SNS,CA,AWP,WE,Federal Contract Tower,0,3,64,0,67,0,6,77,0,83,0,9,141,0,150,56,0,56,206
09/05/2018,SNS,CA,AWP,WE,Federal Contract Tower,0,4,61,6,71,0,0,67,0,67,0,4,128,6,138,96,0,96,234
09/06/2018,SNS,CA,AWP,WE,Federal Contract Tower,0,0,38,0,38,0,1,71,4,76,0,1,109,4,114,94,0,94,208
09/07/2018,SNS,CA,AWP,WE,Federal Contract Tower,0,0,35,0,35,0,3,73,0,76,0,3,108,0,111,90,0,90,201
09/08/2018,SNS,CA,AWP,WE,Federal Contract Tower,0,0,24,0,24,0,0,74,0,74,0,0,98,0,98,130,0,130,228
09/09/2018,SNS,CA,AWP,WE,Federal Contract Tower,0,0,33,0,33,0,6,70,0,76,0,6,103,0,109,78,0,78,187
09/10/2018,SNS,CA,AWP,WE,Federal Contract Tower,0,0,27,0,27,0,6,91,0,97,0,6,118,0,124,76,0,76,200
09/11/2018,SNS,CA,AWP,WE,Federal Contract Tower,0,4,45,4,53,0,6,76,2,84,0,10,121,6,137,88,14,102,239
09/12/2018,SNS,CA,AWP,WE,Federal Contract Tower,0,0,42,0,42,0,3,94,2,99,0,3,136,2,141,84,0,84,225
09/13/2018,SNS,CA,AWP,WE,Federal Contract Tower,0,0,41,0,41,0,3,95,2,100,0,3,136,2,141,84,0,84,225
09/14/2018,SNS,CA,AWP,WE,Federal Contract Tower,0,7,27,0,34,0,0,82,2,84,0,7,109,2,118,112,0,112,230
09/15/2018,SNS,CA,AWP,WE,Federal Contract Tower,0,7,14,0,21,0,3,90,0,93,0,10,104,0,114,80,0,80,194
09/16/2018,SNS,CA,AWP,WE,Federal Contract Tower,0,0,9,0,9,0,4,90,0,94,0,4,99,0,103,96,0,96,199
09/17/2018,SNS,CA,AWP,WE,Federal Contract Tower,0,0,17,0,17,0,3,85,2,90,0,3,102,2,107,76,0,76,183
09/18/2018,SNS,CA,AWP,WE,Federal Contract Tower,0,0,29,0,29,0,4,66,2,72,0,4,95,2,101,70,0,70,171
09/19/2018,SNS,CA,AWP,WE,Federal Contract Tower,0,4,54,0,58,0,5,79,2,86,0,9,133,2,144,86,0,86,230
09/20/2018,SNS,CA,AWP,WE,Federal Contract Tower,0,0,24,0,24,0,2,99,2,103,0,2,123,2,127,72,0,72,199
09/21/2018,SNS,CA,AWP,WE,Federal Contract Tower,0,0,17,0,17,0,0,85,2,87,0,0,102,2,104,60,0,60,164
09/22/2018,SNS,CA,AWP,WE,Federal Contract Tower,0,0,33,1,34,0,5,77,0,82,0,5,110,1,116,80,0,80,196
09/23/2018,SNS,CA,AWP,WE,Federal Contract Tower,0,0,50,0,50,0,3,73,0,76,0,3,123,0,126,62,0,62,188
09/24/2018,SNS,CA,AWP,WE,Federal Contract Tower,0,1,43,0,44,0,3,66,2,71,0,4,109,2,115,60,0,60,175
09/25/2018,SNS,CA,AWP,WE,Federal Contract Tower,0,0,47,0,47,0,1,78,2,81,0,1,125,2,128,50,0,50,178
09/26/2018,SNS,CA,AWP,WE,Federal Contract Tower,0,1,30,0,31,0,0,74,4,78,0,1,104,4,109,30,0,30,139
09/27/2018,SNS,CA,AWP,WE,Federal Contract Tower,0,2,62,0,64,0,0,96,2,98,0,2,158,2,162,50,28,78,240
09/28/2018,SNS,CA,AWP,WE,Federal Contract Tower,0,0,37,3,40,0,0,48,2,50,0,0,85,5,90,60,50,110,200
09/29/2018,SNS,CA,AWP,WE,Federal Contract Tower,0,0,3,2,5,0,0,84,2,86,0,0,87,4,91,60,50,110,201
09/30/2018,SNS,CA,AWP,WE,Federal Contract Tower,0,0,3,2,5,0,4,90,0,94,0,4,93,2,99,60,50,110,209
10/01/2018,SNS,CA,AWP,WE,Federal Contract Tower,0,1,8,2,11,0,3,70,2,75,0,4,78,4,86,94,0,94,180
10/02/2018,SNS,CA,AWP,WE,Federal Contract Tower,0,1,6,2,9,0,5,89,1,95,0,6,95,3,104,74,0,74,178
10/03/2018,SNS,CA,AWP,WE,Federal Contract Tower,0,0,10,0,10,0,4,78,2,84,0,4,88,2,94,78,0,78,172
10/04/2018,SNS,CA,AWP,WE,Federal Contract Tower,0,0,49,2,51,0,2,65,2,69,0,2,114,4,120,72,0,72,192
10/05/2018,SNS,CA,AWP,WE,Federal Contract Tower,0,0,20,0,20,0,0,111,0,111,0,0,131,0,131,56,0,56,187
10/06/2018,SNS,CA,AWP,WE,Federal Contract Tower,0,0,9,0,9,0,4,119,0,123,0,4,128,0,132,110,0,110,242
10/07/2018,SNS,CA,AWP,WE,Federal Contract Tower,0,0,15,0,15,0,7,85,0,92,0,7,100,0,107,106,0,106,213
10/08/2018,SNS,CA,AWP,WE,Federal Contract Tower,0,0,31,0,31,0,3,83,0,86,0,3,114,0,117,68,0,68,185
10/09/2018,SNS,CA,AWP,WE,Federal Contract Tower,0,0,44,0,44,0,3,90,3,96,0,3,134,3,140,70,0,70,210
10/10/2018,SNS,CA,AWP,WE,Federal Contract Tower,0,1,22,0,23,0,5,87,7,99,0,6,109,7,122,82,0,82,204
10/11/2018,SNS,CA,AWP,WE,Federal Contract Tower,0,2,42,2,46,0,4,97,2,103,0,6,139,4,149,82,0,82,231
10/12/2018,SNS,CA,AWP,WE,Federal Contract Tower,0,2,10,0,12,0,4,97,0,101,0,6,107,0,113,112,0,112,225
10/13/2018,SNS,CA,AWP,WE,Federal Contract Tower,0,0,13,0,13,0,0,88,0,88,0,0,101,0,101,88,0,88,189
10/14/2018,SNS,CA,AWP,WE,Federal Contract Tower,0,0,18,0,18,0,3,87,0,90,0,3,105,0,108,86,0,86,194
10/15/2018,SNS,CA,AWP,WE,Federal Contract Tower,0,3,42,0,45,0,7,86,2,95,0,10,128,2,140,78,0,78,218
10/16/2018,SNS,CA,AWP,WE,Federal Contract Tower,0,5,53,0,58,0,5,95,0,100,0,10,148,0,158,66,0,66,224
10/17/2018,SNS,CA,AWP,WE,Federal Contract Tower,0,0,32,0,32,0,4,91,0,95,0,4,123,0,127,86,0,86,213
10/18/2018,SNS,CA,AWP,WE,Federal Contract Tower,0,42,0,0,42,0,4,81,2,87,0,46,81,2,129,74,0,74,203
10/19/2018,SNS,CA,AWP,WE,Federal Contract Tower,0,0,11,0,11,0,2,100,0,102,0,2,111,0,113,88,0,88,201
10/20/2018,SNS,CA,AWP,WE,Federal Contract Tower,0,0,14,0,14,0,7,87,0,94,0,7,101,0,108,94,0,94,202
10/21/2018,SNS,CA,AWP,WE,Federal Contract Tower,0,0,30,0,30,0,3,73,0,76,0,3,103,0,106,84,0,84,190
10/22/2018,SNS,CA,AWP,WE,Federal Contract Tower,0,0,47,2,49,0,3,57,0,60,0,3,104,2,109,84,0,84,193
10/23/2018,SNS,CA,AWP,WE,Federal Contract Tower,0,0,30,0,30,0,0,90,2,92,0,0,120,2,122,76,0,76,198
10/24/2018,SNS,CA,AWP,WE,Federal Contract Tower,0,0,27,0,27,0,5,117,2,124,0,5,144,2,151,58,0,58,209
10/25/2018,SNS,CA,AWP,WE,Federal Contract Tower,0,0,24,0,24,0,5,85,3,93,0,5,109,3,117,86,0,86,203
10/26/2018,SNS,CA,AWP,WE,Federal Contract Tower,0,0,23,0,23,0,0,98,0,98,0,0,121,0,121,98,0,98,219
10/27/2018,SNS,CA,AWP,WE,Federal Contract Tower,0,0,25,0,25,0,3,80,0,83,0,3,105,0,108,66,0,66,174
10/28/2018,SNS,CA,AWP,WE,Federal Contract Tower,0,0,31,0,31,0,5,74,0,79,0,5,105,0,110,56,0,56,166
10/29/2018,SNS,CA,AWP,WE,Federal Contract Tower,0,0,30,0,30,0,4,77,2,83,0,4,107,2,113,76,0,76,189
10/30/2018,SNS,CA,AWP,WE,Federal Contract Tower,0,0,39,0,39,0,0,93,2,95,0,0,132,2,134,82,0,82,216
10/31/2018,SNS,CA,AWP,WE,Federal Contract Tower,0,0,48,0,48,0,4,101,3,108,0,4,149,3,156,82,0,82,238
11/01/2018,SNS,CA,AWP,WE,Federal Contract Tower,0,7,28,0,35,0,3,88,2,93,0,10,116,2,128,60,0,60,188
11/02/2018,SNS,CA,AWP,WE,Federal Contract Tower,0,0,25,0,25,0,4,99,0,103,0,4,124,0,128,76,0,76,204
11/03/2018,SNS,CA,AWP,WE,Federal Contract Tower,0,0,12,0,12,0,0,142,0,142,0,0,154,0,154,98,0,98,252
11/04/2018,SNS,CA,AWP,WE,Federal Contract Tower,0,0,23,0,23,0,2,72,0,74,0,2,95,0,97,78,0,78,175
11/05/2018,SNS,CA,AWP,WE,Federal Contract Tower,0,0,37,0,37,0,4,78,0,82,0,4,115,0,119,52,0,52,171
11/06/2018,SNS,CA,AWP,WE,Federal Contract Tower,0,0,54,0,54,0,3,115,3,121,0,3,169,3,175,78,0,78,253
11/07/2018,SNS,CA,AWP,WE,Federal Contract Tower,0,0,20,0,20,0,6,91,0,97,0,6,111,0,117,138,0,138,255
11/08/2018,SNS,CA,AWP,WE,Federal Contract Tower,0,0,20,0,20,0,1,91,2,94,0,1,111,2,114,76,0,76,190
11/09/2018,SNS,CA,AWP,WE,Federal Contract Tower,0,6,11,2,19,0,2,90,2,94,0,8,101,4,113,72,0,72,185
11/10/2018,SNS,CA,AWP,WE,Federal Contract Tower,0,7,32,0,39,0,4,94,0,98,0,11,126,0,137,96,0,96,233
11/11/2018,SNS,CA,AWP,WE,Federal Contract Tower,0,0,21,0,21,0,0,88,0,88,0,0,109,0,109,98,0,98,207
11/12/2018,SNS,CA,AWP,WE,Federal Contract Tower,0,0,29,0,29,0,3,83,0,86,0,3,112,0,115,70,0,70,185
11/13/2018,SNS,CA,AWP,WE,Federal Contract Tower,0,0,24,0,24,0,4,81,2,87,0,4,105,2,111,66,0,66,177
11/14/2018,SNS,CA,AWP,WE,Federal Contract Tower,0,6,48,0,54,0,0,93,2,95,0,6,141,2,149,130,0,130,279
11/15/2018,SNS,CA,AWP,WE,Federal Contract Tower,0,0,24,0,24,0,2,114,2,118,0,2,138,2,142,84,0,84,226
11/16/2018,SNS,CA,AWP,WE,Federal Contract Tower,0,7,27,0,34,0,5,96,2,103,0,12,123,2,137,86,0,86,223
11/17/2018,SNS,CA,AWP,WE,Federal Contract Tower,0,0,25,0,25,0,0,79,0,79,0,0,104,0,104,56,0,56,160
11/18/2018,SNS,CA,AWP,WE,Federal Contract Tower,0,0,24,0,24,0,3,64,0,67,0,3,88,0,91,90,0,90,181
11/19/2018,SNS,CA,AWP,WE,Federal Contract Tower,0,0,66,0,66,0,5,90,2,97,0,5,156,2,163,132,0,132,295
11/20/2018,SNS,CA,AWP,WE,Federal Contract Tower,0,0,25,0,25,0,4,111,2,117,0,4,136,2,142,106,0,106,248
11/21/2018,SNS,CA,AWP,WE,Federal Contract Tower,0,3,42,0,45,0,4,86,2,92,0,7,128,2,137,64,0,64,201
11/22/2018,SNS,CA,AWP,WE,Federal Contract Tower,0,1,1,0,2,0,5,79,0,84,0,6,80,0,86,48,0,48,134
11/23/2018,SNS,CA,AWP,WE,Federal Contract Tower,0,2,12,0,14,0,2,76,0,78,0,4,88,0,92,48,0,48,140
11/24/2018,SNS,CA,AWP,WE,Federal Contract Tower,0,0,25,0,25,0,4,93,0,97,0,4,118,0,122,64,0,64,186
11/25/2018,SNS,CA,AWP,WE,Federal Contract Tower,0,0,23,0,23,0,0,149,0,149,0,0,172,0,172,196,0,196,368
11/26/2018,SNS,CA,AWP,WE,Federal Contract Tower,0,0,41,0,41,0,3,83,2,88,0,3,124,2,129,114,0,114,243
11/27/2018,SNS,CA,AWP,WE,Federal Contract Tower,0,0,27,2,29,0,2,92,2,96,0,2,119,4,125,64,4,68,193
11/28/2018,SNS,CA,AWP,WE,Federal Contract Tower,0,3,16,2,21,0,4,47,0,51,0,7,63,2,72,76,0,76,148
11/29/2018,SNS,CA,AWP,WE,Federal Contract Tower,0,0,5,0,5,0,2,56,0,58,0,2,61,0,63,84,0,84,147
11/30/2018,SNS,CA,AWP,WE,Federal Contract Tower,0,1,49,0,50,0,3,86,2,91,0,4,135,2,141,84,0,84,225
12/01/2018,SNS,CA,AWP,WE,Federal Contract Tower,0,0,19,0,19,0,4,104,0,108,0,4,123,0,127,110,0,110,237
12/02/2018,SNS,CA,AWP,WE,Federal Contract Tower,0,0,19,0,19,0,4,114,4,122,0,4,133,4,141,138,0,138,279
12/03/2018,SNS,CA,AWP,WE,Federal Contract Tower,0,2,44,4,50,0,0,96,2,98,0,2,140,6,148,90,0,90,238
12/04/2018,SNS,CA,AWP,WE,Federal Contract Tower,0,0,43,5,48,0,2,84,2,88,0,2,127,7,136,92,0,92,228
12/05/2018,SNS,CA,AWP,WE,Federal Contract Tower,0,0,22,0,22,0,4,78,0,82,0,4,100,0,104,106,0,106,210
12/06/2018,SNS,CA,AWP,WE,Federal Contract Tower,0,3,65,2,70,0,4,107,0,111,0,7,172,2,181,62,0,62,243
12/07/2018,SNS,CA,AWP,WE,Federal Contract Tower,0,0,39,0,39,0,4,95,2,101,0,4,134,2,140,106,0,106,246
12/08/2018,SNS,CA,AWP,WE,Federal Contract Tower,0,2,69,0,71,0,4,103,0,107,0,6,172,0,178,158,0,158,336
12/09/2018,SNS,CA,AWP,WE,Federal Contract Tower,0,0,25,0,25,0,7,107,0,114,0,7,132,0,139,182,0,182,321
12/10/2018,SNS,CA,AWP,WE,Federal Contract Tower,0,0,32,0,32,0,0,101,0,101,0,0,133,0,133,70,0,70,203
12/11/2018,SNS,CA,AWP,WE,Federal Contract Tower,0,0,49,0,49,0,0,89,2,91,0,0,138,2,140,104,0,104,244
12/12/2018,SNS,CA,AWP,WE,Federal Contract Tower,0,0,39,0,39,0,0,90,4,94,0,0,129,4,133,102,0,102,235
12/13/2018,SNS,CA,AWP,WE,Federal Contract Tower,0,1,24,0,25,0,2,82,2,86,0,3,106,2,111,100,0,100,211
12/14/2018,SNS,CA,AWP,WE,Federal Contract Tower,0,0,9,0,9,0,2,104,0,106,0,2,113,0,115,70,0,70,185
12/15/2018,SNS,CA,AWP,WE,Federal Contract Tower,0,0,27,0,27,0,4,102,4,110,0,4,129,4,137,132,0,132,269
12/16/2018,SNS,CA,AWP,WE,Federal Contract Tower,0,0,26,5,31,0,3,85,1,89,0,3,111,6,120,74,8,82,202
12/17/2018,SNS,CA,AWP,WE,Federal Contract Tower,0,2,35,3,40,0,3,98,0,101,0,5,133,3,141,80,0,80,221
12/18/2018,SNS,CA,AWP,WE,Federal Contract Tower,0,0,34,0,34,0,0,85,2,87,0,0,119,2,121,92,0,92,213
12/19/2018,SNS,CA,AWP,WE,Federal Contract Tower,0,0,28,0,28,0,0,98,2,100,0,0,126,2,128,78,0,78,206
12/20/2018,SNS,CA,AWP,WE,Federal Contract Tower,0,0,38,0,38,0,5,85,0,90,0,5,123,0,128,86,0,86,214
12/21/2018,SNS,CA,AWP,WE,Federal Contract Tower,0,0,48,0,48,0,5,104,0,109,0,5,152,0,157,80,0,80,237
12/22/2018,SNS,CA,AWP,WE,Federal Contract Tower,0,6,75,0,81,0,3,121,0,124,0,9,196,0,205,76,0,76,281
12/23/2018,SNS,CA,AWP,WE,Federal Contract Tower,0,0,60,0,60,0,12,92,0,104,0,12,152,0,164,132,0,132,296
12/24/2018,SNS,CA,AWP,WE,Federal Contract Tower,0,0,41,0,41,0,0,62,0,62,0,0,103,0,103,64,0,64,167
12/25/2018,SNS,CA,AWP,WE,Federal Contract Tower,0,0,24,0,24,0,6,68,0,74,0,6,92,0,98,40,0,40,138
12/26/2018,SNS,CA,AWP,WE,Federal Contract Tower,0,0,73,0,73,0,0,71,0,71,0,0,144,0,144,90,0,90,234
12/27/2018,SNS,CA,AWP,WE,Federal Contract Tower,0,6,48,0,54,0,4,82,2,88,0,10,130,2,142,64,0,64,206
12/28/2018,SNS,CA,AWP,WE,Federal Contract Tower,0,0,24,0,24,0,5,142,0,147,0,5,166,0,171,124,0,124,295
12/29/2018,SNS,CA,AWP,WE,Federal Contract Tower,0,0,59,0,59,0,5,135,0,140,0,5,194,0,199,74,0,74,273
12/30/2018,SNS,CA,AWP,WE,Federal Contract Tower,0,0,45,0,45,0,0,80,0,80,0,0,125,0,125,84,0,84,209
12/31/2018,SNS,CA,AWP,WE,Federal Contract Tower,0,0,18,0,18,0,6,65,0,71,0,6,83,0,89,66,0,66,155
01/01/2019,SNS,CA,AWP,WE,Federal Contract Tower,0,0,28,0,28,0,6,91,0,97,0,6,119,0,125,126,0,126,251
01/02/2019,SNS,CA,AWP,WE,Federal Contract Tower,0,0,21,0,21,0,2,81,0,83,0,2,102,0,104,108,0,108,212
01/03/2019,SNS,CA,AWP,WE,Federal Contract Tower,0,4,45,0,49,0,4,83,0,87,0,8,128,0,136,66,0,66,202
01/04/2019,SNS,CA,AWP,WE,Federal Contract Tower,0,5,45,0,50,0,8,115,0,123,0,13,160,0,173,64,0,64,237
01/05/2019,SNS,CA,AWP,WE,Federal Contract Tower,0,0,4,0,4,0,0,18,0,18,0,0,22,0,22,20,0,20,42
01/06/2019,SNS,CA,AWP,WE,Federal Contract Tower,0,0,4,0,4,0,5,21,0,26,0,5,25,0,30,18,0,18,48
01/07/2019,SNS,CA,AWP,WE,Federal Contract Tower,0,0,28,0,28,0,5,73,0,78,0,5,101,0,106,100,0,100,206
01/08/2019,SNS,CA,AWP,WE,Federal Contract Tower,0,0,17,0,17,0,6,70,0,76,0,6,87,0,93,106,0,106,199
01/09/2019,SNS,CA,AWP,WE,Federal Contract Tower,0,1,36,0,37,0,2,55,0,57,0,3,91,0,94,106,0,106,200
01/10/2019,SNS,CA,AWP,WE,Federal Contract Tower,0,4,56,0,60,0,6,97,2,105,0,10,153,2,165,96,0,96,261
01/11/2019,SNS,CA,AWP,WE,Federal Contract Tower,0,0,23,0,23,0,4,71,0,75,0,4,94,0,98,84,0,84,182
01/12/2019,SNS,CA,AWP,WE,Federal Contract Tower,0,1,54,0,55,0,5,90,0,95,0,6,144,0,150,82,0,82,232
01/13/2019,SNS,CA,AWP,WE,Federal Contract Tower,0,0,30,0,30,0,4,91,0,95,0,4,121,0,125,126,0,126,251
01/14/2019,SNS,CA,AWP,WE,Federal Contract Tower,0,0,16,0,16,0,4,77,2,83,0,4,93,2,99,56,0,56,155
01/15/2019,SNS,CA,AWP,WE,Federal Contract Tower,0,2,39,0,41,0,3,65,4,72,0,5,104,4,113,80,0,80,193
01/16/2019,SNS,CA,AWP,WE,Federal Contract Tower,0,0,22,1,23,0,0,57,0,57,0,0,79,1,80,72,0,72,152
01/17/2019,SNS,CA,AWP,WE,Federal Contract Tower,0,0,7,0,7,0,4,17,0,21,0,4,24,0,28,42,0,42,70
01/18/2019,SNS,CA,AWP,WE,Federal Contract Tower,0,0,26,0,26,0,6,76,0,82,0,6,102,0,108,96,0,96,204
01/19/2019,SNS,CA,AWP,WE,Federal Contract Tower,0,0,17,0,17,0,0,101,1,102,0,0,118,1,119,150,0,150,269
01/20/2019,SNS,CA,AWP,WE,Federal Contract Tower,0,1,22,0,23,0,2,65,0,67,0,3,87,0,90,46,0,46,136
01/21/2019,SNS,CA,AWP,WE,Federal Contract Tower,0,0,32,0,32,0,6,105,0,111,0,6,137,0,143,126,0,126,269
01/22/2019,SNS,CA,AWP,WE,Federal Contract Tower,0,0,26,0,26,0,4,96,0,100,0,4,122,0,126,170,0,170,296
01/23/2019,SNS,CA,AWP,WE,Federal Contract Tower,0,0,57,0,57,0,12,104,2,118,0,12,161,2,175,182,0,182,357
01/24/2019,SNS,CA,AWP,WE,Federal Contract Tower,0,6,73,0,79,0,0,115,0,115,0,6,188,0,194,76,0,76,270
01/25/2019,SNS,CA,AWP,WE,Federal Contract Tower,0,0,28,0,28,0,6,98,0,104,0,6,126,0,132,148,0,148,280
01/26/2019,SNS,CA,AWP,WE,Federal Contract Tower,0,0,31,0,31,0,3,66,0,69,0,3,97,0,100,116,0,116,216
01/27/2019,SNS,CA,AWP,WE,Federal Contract Tower,0,0,31,0,31,0,8,94,0,102,0,8,125,0,133,102,0,102,235
01/28/2019,SNS,CA,AWP,WE,Federal Contract Tower,0,0,27,0,27,0,4,95,0,99,0,4,122,0,126,98,0,98,224
01/29/2019,SNS,CA,AWP,WE,Federal Contract Tower,0,2,28,0,30,0,0,85,2,87,0,2,113,2,117,90,0,90,207
01/30/2019,SNS,CA,AWP,WE,Federal Contract Tower,0,4,43,0,47,0,4,102,0,106,0,8,145,0,153,112,0,112,265
01/31/2019,SNS,CA,AWP,WE,Federal Contract Tower,0,0,21,0,21,0,2,69,0,71,0,2,90,0,92,100,0,100,192
02/01/2019,SNS,CA,AWP,WE,Federal Contract Tower,0,3,26,0,29,0,1,66,0,67,0,4,92,0,96,60,0,60,156
02/02/2019,SNS,CA,AWP,WE,Federal Contract Tower,0,0,23,0,23,0,4,22,0,26,0,4,45,0,49,32,0,32,81
02/03/2019,SNS,CA,AWP,WE,Federal Contract Tower,0,0,9,0,9,0,0,36,0,36,0,0,45,0,45,28,0,28,73
02/04/2019,SNS,CA,AWP,WE,Federal Contract Tower,0,0,12,0,12,0,0,32,0,32,0,0,44,0,44,30,0,30,74
02/05/2019,SNS,CA,AWP,WE,Federal Contract Tower,0,0,24,0,24,0,6,61,0,67,0,6,85,0,91,74,0,74,165
02/06/2019,SNS,CA,AWP,WE,Federal Contract Tower,0,5,54,3,62,0,7,131,3,141,0,12,185,6,203,144,0,144,347
02/07/2019,SNS,CA,AWP,WE,Federal Contract Tower,0,2,67,0,69,0,8,109,0,117,0,10,176,0,186,126,0,126,312
02/08/2019,SNS,CA,AWP,WE,Federal Contract Tower,0,0,12,0,12,0,2,48,0,50,0,2,60,0,62,44,0,44,106
02/09/2019,SNS,CA,AWP,WE,Federal Contract Tower,0,0,23,0,23,0,10,54,0,64,0,10,77,0,87,108,0,108,195
02/10/2019,SNS,CA,AWP,WE,Federal Contract Tower,0,0,22,0,22,0,0,67,0,67,0,0,89,0,89,116,0,116,205
02/11/2019,SNS,CA,AWP,WE,Federal Contract Tower,0,0,23,0,23,0,5,82,0,87,0,5,105,0,110,94,0,94,204
02/12/2019,SNS,CA,AWP,WE,Federal Contract Tower,0,3,45,2,50,0,8,90,3,101,0,11,135,5,151,126,0,126,277
02/13/2019,SNS,CA,AWP,WE,Federal Contract Tower,0,0,6,0,6,0,0,11,0,11,0,0,17,0,17,26,0,26,43
02/14/2019,SNS,CA,AWP,WE,Federal Contract Tower,0,0,9,0,9,0,2,30,0,32,0,2,39,0,41,20,0,20,61
02/15/2019,SNS,CA,AWP,WE,Federal Contract Tower,0,0,16,0,16,0,4,52,0,56,0,4,68,0,72,26,0,26,98
02/16/2019,SNS,CA,AWP,WE,Federal Contract Tower,0,0,5,0,5,0,3,43,0,46,0,3,48,0,51,46,0,46,97
02/17/2019,SNS,CA,AWP,WE,Federal Contract Tower,0,0,8,0,8,0,5,58,0,63,0,5,66,0,71,76,0,76,147
02/18/2019,SNS,CA,AWP,WE,Federal Contract Tower,0,1,49,0,50,0,3,133,0,136,0,4,182,0,186,246,0,246,432
02/19/2019,SNS,CA,AWP,WE,Federal Contract Tower,0,2,24,0,26,0,3,91,0,94,0,5,115,0,120,122,0,122,242
02/20/2019,SNS,CA,AWP,WE,Federal Contract Tower,0,0,14,3,17,0,2,71,1,74,0,2,85,4,91,86,0,86,177
02/21/2019,SNS,CA,AWP,WE,Federal Contract Tower,0,11,70,0,81,0,12,90,2,104,0,23,160,2,185,70,0,70,255
02/22/2019,SNS,CA,AWP,WE,Federal Contract Tower,0,0,40,0,40,0,3,104,2,109,0,3,144,2,149,136,0,136,285
02/23/2019,SNS,CA,AWP,WE,Federal Contract Tower,0,9,80,0,89,0,11,120,0,131,0,20,200,0,220,76,0,76,296
02/24/2019,SNS,CA,AWP,WE,Federal Contract Tower,0,2,58,1,61,0,4,105,0,109,0,6,163,1,170,110,0,110,280
02/25/2019,SNS,CA,AWP,WE,Federal Contract Tower,0,0,22,0,22,0,4,72,0,76,0,4,94,0,98,90,0,90,188
02/26/2019,SNS,CA,AWP,WE,Federal Contract Tower,0,0,15,2,17,0,6,38,0,44,0,6,53,2,61,34,0,34,95
02/27/2019,SNS,CA,AWP,WE,Federal Contract Tower,0,0,25,0,25,0,0,44,0,44,0,0,69,0,69,42,0,42,111
02/28/2019,SNS,CA,AWP,WE,Federal Contract Tower,0,3,48,4,55,0,4,72,2,78,0,7,120,6,133,98,0,98,231
03/01/2019,SNS,CA,AWP,WE,Federal Contract Tower,0,2,49,0,51,0,3,72,2,77,0,5,121,2,128,128,2,130,258
03/02/2019,SNS,CA,AWP,WE,Federal Contract Tower,0,5,22,0,27,0,4,86,0,90,0,9,108,0,117,70,0,70,187
03/03/2019,SNS,CA,AWP,WE,Federal Contract Tower,0,1,16,0,17,0,0,59,0,59,0,1,75,0,76,44,0,44,120
03/04/2019,SNS,CA,AWP,WE,Federal Contract Tower,0,0,23,2,25,0,0,68,0,68,0,0,91,2,93,100,0,100,193
03/05/2019,SNS,CA,AWP,WE,Federal Contract Tower,0,2,49,0,51,0,2,47,0,49,0,4,96,0,100,60,0,60,160
03/06/2019,SNS,CA,AWP,WE,Federal Contract Tower,0,0,20,0,20,0,5,34,2,41,0,5,54,2,61,44,0,44,105
03/07/2019,SNS,CA,AWP,WE,Federal Contract Tower,0,0,12,0,12,0,2,44,0,46,0,2,56,0,58,92,0,92,150
03/08/2019,SNS,CA,AWP,WE,Federal Contract Tower,0,0,20,0,20,0,2,89,2,93,0,2,109,2,113,138,0,138,251
03/09/2019,SNS,CA,AWP,WE,Federal Contract Tower,0,0,16,0,16,0,0,68,0,68,0,0,84,0,84,88,0,88,172
03/10/2019,SNS,CA,AWP,WE,Federal Contract Tower,0,2,24,2,28,0,3,68,0,71,0,5,92,2,99,124,0,124,223
03/11/2019,SNS,CA,AWP,WE,Federal Contract Tower,0,0,72,0,72,0,0,99,3,102,0,0,171,3,174,134,0,134,308
03/12/2019,SNS,CA,AWP,WE,Federal Contract Tower,0,0,35,0,35,0,4,96,0,100,0,4,131,0,135,88,0,88,223
03/13/2019,SNS,CA,AWP,WE,Federal Contract Tower,0,0,34,0,34,0,0,71,1,72,0,0,105,1,106,58,6,64,170
03/14/2019,SNS,CA,AWP,WE,Federal Contract Tower,0,46,1,0,47,0,4,102,0,106,0,50,103,0,153,124,0,124,277
03/15/2019,SNS,CA,AWP,WE,Federal Contract Tower,0,0,21,0,21,0,4,99,0,103,0,4,120,0,124,82,0,82,206
03/16/2019,SNS,CA,AWP,WE,Federal Contract Tower,0,0,21,0,21,0,3,112,0,115,0,3,133,0,136,84,0,84,220
03/17/2019,SNS,CA,AWP,WE,Federal Contract Tower,0,0,23,0,23,0,2,96,0,98,0,2,119,0,121,110,0,110,231
03/18/2019,SNS,CA,AWP,WE,Federal Contract Tower,0,0,15,0,15,0,5,81,2,88,0,5,96,2,103,144,0,144,247
03/19/2019,SNS,CA,AWP,WE,Federal Contract Tower,0,0,16,0,16,0,0,79,2,81,0,0,95,2,97,110,0,110,207
03/20/2019,SNS,CA,AWP,WE,Federal Contract Tower,0,0,13,0,13,0,5,52,1,58,0,5,65,1,71,88,0,88,159
03/21/2019,SNS,CA,AWP,WE,Federal Contract Tower,0,4,28,2,34,0,3,78,1,82,0,7,106,3,116,82,0,82,198
03/22/2019,SNS,CA,AWP,WE,Federal Contract Tower,0,0,17,0,17,0,0,61,0,61,0,0,78,0,78,24,0,24,102
03/23/2019,SNS,CA,AWP,WE,Federal Contract Tower,0,0,6,0,6,0,2,37,0,39,0,2,43,0,45,32,0,32,77
03/24/2019,SNS,CA,AWP,WE,Federal Contract Tower,0,0,7,0,7,0,2,80,2,84,0,2,87,2,91,26,0,26,117
03/25/2019,SNS,CA,AWP,WE,Federal Contract Tower,0,0,23,15,38,0,0,48,9,57,0,0,71,24,95,44,0,44,139
03/26/2019,SNS,CA,AWP,WE,Federal Contract Tower,0,1,57,0,58,0,0,61,1,62,0,1,118,1,120,54,0,54,174
03/27/2019,SNS,CA,AWP,WE,Federal Contract Tower,0,2,40,0,42,0,0,62,2,64,0,2,102,2,106,80,0,80,186
03/28/2019,SNS,CA,AWP,WE,Federal Contract Tower,0,0,27,0,27,0,3,77,0,80,0,3,104,0,107,96,0,96,203
03/29/2019,SNS,CA,AWP,WE,Federal Contract Tower,0,3,43,0,46,0,6,113,0,119,0,9,156,0,165,108,0,108,273
03/30/2019,SNS,CA,AWP,WE,Federal Contract Tower,0,0,28,0,28,0,4,76,0,80,0,4,104,0,108,86,0,86,194
03/31/2019,SNS,CA,AWP,WE,Federal Contract Tower,0,0,29,0,29,0,6,115,0,121,0,6,144,0,150,122,0,122,272
04/01/2019,SNS,CA,AWP,WE,Federal Contract Tower,0,0,25,0,25,0,4,99,0,103,0,4,124,0,128,80,0,80,208
04/02/2019,SNS,CA,AWP,WE,Federal Contract Tower,0,2,50,0,52,0,4,98,2,104,0,6,148,2,156,74,0,74,230
04/03/2019,SNS,CA,AWP,WE,Federal Contract Tower,0,0,33,0,33,0,0,72,0,72,0,0,105,0,105,64,0,64,169
04/04/2019,SNS,CA,AWP,WE,Federal Contract Tower,0,1,43,0,44,0,1,95,2,98,0,2,138,2,142,120,0,120,262
04/05/2019,SNS,CA,AWP,WE,Federal Contract Tower,0,1,32,1,34,0,0,73,1,74,0,1,105,2,108,80,0,80,188
04/06/2019,SNS,CA,AWP,WE,Federal Contract Tower,0,0,22,0,22,0,0,77,0,77,0,0,99,0,99,96,0,96,195
04/07/2019,SNS,CA,AWP,WE,Federal Contract Tower,0,0,15,0,15,0,0,102,0,102,0,0,117,0,117,118,0,118,235
04/08/2019,SNS,CA,AWP,WE,Federal Contract Tower,0,0,33,0,33,0,0,76,0,76,0,0,109,0,109,86,0,86,195
04/09/2019,SNS,CA,AWP,WE,Federal Contract Tower,0,0,45,0,45,0,2,82,1,85,0,2,127,1,130,64,0,64,194
04/10/2019,SNS,CA,AWP,WE,Federal Contract Tower,0,0,39,0,39,0,0,109,4,113,0,0,148,4,152,92,0,92,244
04/11/2019,SNS,CA,AWP,WE,Federal Contract Tower,0,0,58,0,58,0,0,85,2,87,0,0,143,2,145,94,0,94,239
04/12/2019,SNS,CA,AWP,WE,Federal Contract Tower,0,3,66,0,69,0,1,113,2,116,0,4,179,2,185,104,0,104,289
04/13/2019,SNS,CA,AWP,WE,Federal Contract Tower,0,0,34,0,34,0,0,78,0,78,0,0,112,0,112,110,0,110,222
04/14/2019,SNS,CA,AWP,WE,Federal Contract Tower,0,0,63,0,63,0,0,96,0,96,0,0,159,0,159,58,0,58,217
04/15/2019,SNS,CA,AWP,WE,Federal Contract Tower,0,0,20,0,20,0,6,65,2,73,0,6,85,2,93,64,0,64,157
04/16/2019,SNS,CA,AWP,WE,Federal Contract Tower,0,0,59,0,59,0,1,86,2,89,0,1,145,2,148,108,0,108,256
04/17/2019,SNS,CA,AWP,WE,Federal Contract Tower,0,0,45,0,45,0,3,87,4,94,0,3,132,4,139,116,0,116,255
04/18/2019,SNS,CA,AWP,WE,Federal Contract Tower,0,4,64,0,68,0,0,95,2,97,0,4,159,2,165,98,0,98,263
04/19/2019,SNS,CA,AWP,WE,Federal Contract Tower,0,0,28,0,28,0,5,110,0,115,0,5,138,0,143,80,0,80,223
04/20/2019,SNS,CA,AWP,WE,Federal Contract Tower,0,1,34,0,35,0,3,48,0,51,0,4,82,0,86,60,0,60,146
04/21/2019,SNS,CA,AWP,WE,Federal Contract Tower,0,0,16,0,16,0,0,77,0,77,0,0,93,0,93,70,0,70,163
04/22/2019,SNS,CA,AWP,WE,Federal Contract Tower,0,0,33,0,33,0,6,78,0,84,0,6,111,0,117,62,0,62,179
04/23/2019,SNS,CA,AWP,WE,Federal Contract Tower,0,0,46,0,46,0,3,101,4,108,0,3,147,4,154,128,0,128,282
04/24/2019,SNS,CA,AWP,WE,Federal Contract Tower,0,0,60,0,60,0,5,86,0,91,0,5,146,0,151,92,0,92,243
04/25/2019,SNS,CA,AWP,WE,Federal Contract Tower,0,0,35,0,35,0,0,85,0,85,0,0,120,0,120,88,0,88,208
04/26/2019,SNS,CA,AWP,WE,Federal Contract Tower,0,4,86,0,90,0,3,75,0,78,0,7,161,0,168,80,0,80,248
04/27/2019,SNS,CA,AWP,WE,Federal Contract Tower,0,0,64,0,64,0,6,72,0,78,0,6,136,0,142,100,0,100,242
04/28/2019,SNS,CA,AWP,WE,Federal Contract Tower,0,1,45,0,46,0,3,62,0,65,0,4,107,0,111,40,0,40,151
04/29/2019,SNS,CA,AWP,WE,Federal Contract Tower,0,0,49,2,51,0,4,59,1,64,0,4,108,3,115,40,0,40,155
04/30/2019,SNS,CA,AWP,WE,Federal Contract Tower,0,2,44,0,46,0,2,56,2,60,0,4,100,2,106,80,0,80,186
05/01/2019,SNS,CA,AWP,WE,Federal Contract Tower,0,0,30,0,30,0,0,71,0,71,0,0,101,0,101,82,0,82,183
05/02/2019,SNS,CA,AWP,WE,Federal Contract Tower,0,0,33,0,33,0,4,95,1,100,0,4,128,1,133,122,0,122,255
05/03/2019,SNS,CA,AWP,WE,Federal Contract Tower,0,0,35,0,35,0,0,76,2,78,0,0,111,2,113,96,0,96,209
05/04/2019,SNS,CA,AWP,WE,Federal Contract Tower,0,1,33,0,34,0,1,69,0,70,0,2,102,0,104,130,0,130,234
05/05/2019,SNS,CA,AWP,WE,Federal Contract Tower,0,0,27,0,27,0,0,62,0,62,0,0,89,0,89,68,0,68,157
05/06/2019,SNS,CA,AWP,WE,Federal Contract Tower,0,0,43,0,43,0,2,76,2,80,0,2,119,2,123,36,0,36,159
05/07/2019,SNS,CA,AWP,WE,Federal Contract Tower,0,0,30,0,30,0,4,52,2,58,0,4,82,2,88,84,0,84,172
05/08/2019,SNS,CA,AWP,WE,Federal Contract Tower,0,3,65,0,68,0,6,91,4,101,0,9,156,4,169,78,0,78,247
05/09/2019,SNS,CA,AWP,WE,Federal Contract Tower,0,0,41,0,41,0,8,77,2,87,0,8,118,2,128,72,0,72,200
05/10/2019,SNS,CA,AWP,WE,Federal Contract Tower,0,0,26,0,26,0,7,59,0,66,0,7,85,0,92,68,0,68,160
05/11/2019,SNS,CA,AWP,WE,Federal Contract Tower,0,0,24,0,24,0,0,63,4,67,0,0,87,4,91,64,0,64,155
05/12/2019,SNS,CA,AWP,WE,Federal Contract Tower,0,0,27,0,27,0,7,58,0,65,0,7,85,0,92,72,12,84,176
05/13/2019,SNS,CA,AWP,WE,Federal Contract Tower,0,0,32,0,32,0,4,42,2,48,0,4,74,2,80,84,0,84,164
05/14/2019,SNS,CA,AWP,WE,Federal Contract Tower,0,0,43,2,45,0,2,81,2,85,0,2,124,4,130,70,0,70,200
05/15/2019,SNS,CA,AWP,WE,Federal Contract Tower,0,0,18,0,18,0,6,29,2,37,0,6,47,2,55,28,0,28,83
05/16/2019,SNS,CA,AWP,WE,Federal Contract Tower,0,0,25,1,26,0,5,47,2,54,0,5,72,3,80,40,0,40,120
05/17/2019,SNS,CA,AWP,WE,Federal Contract Tower,0,0,25,0,25,0,8,68,1,77,0,8,93,1,102,94,0,94,196
05/18/2019,SNS,CA,AWP,WE,Federal Contract Tower,0,0,9,0,9,0,0,72,0,72,0,0,81,0,81,114,0,114,195
05/19/2019,SNS,CA,AWP,WE,Federal Contract Tower,0,0,29,0,29,0,4,47,0,51,0,4,76,0,80,44,0,44,124
05/20/2019,SNS,CA,AWP,WE,Federal Contract Tower,0,0,33,0,33,0,4,58,2,64,0,4,91,2,97,84,0,84,181
05/21/2019,SNS,CA,AWP,WE,Federal Contract Tower,0,0,24,0,24,0,2,59,2,63,0,2,83,2,87,104,0,104,191
05/22/2019,SNS,CA,AWP,WE,Federal Contract Tower,0,2,25,0,27,0,3,46,1,50,0,5,71,1,77,104,0,104,181
05/23/2019,SNS,CA,AWP,WE,Federal Contract Tower,0,7,54,2,63,0,3,72,0,75,0,10,126,2,138,64,0,64,202
05/24/2019,SNS,CA,AWP,WE,Federal Contract Tower,0,0,43,0,43,0,5,95,0,100,0,5,138,0,143,128,0,128,271
05/25/2019,SNS,CA,AWP,WE,Federal Contract Tower,0,0,31,0,31,0,0,67,0,67,0,0,98,0,98,78,0,78,176
05/26/2019,SNS,CA,AWP,WE,Federal Contract Tower,0,6,0,0,6,0,3,70,0,73,0,9,70,0,79,56,0,56,135
05/27/2019,SNS,CA,AWP,WE,Federal Contract Tower,0,0,33,0,33,0,0,94,0,94,0,0,127,0,127,92,0,92,219
05/28/2019,SNS,CA,AWP,WE,Federal Contract Tower,0,4,63,0,67,0,10,111,1,122,0,14,174,1,189,120,0,120,309
05/29/2019,SNS,CA,AWP,WE,Federal Contract Tower,0,0,28,0,28,0,3,42,2,47,0,3,70,2,75,26,0,26,101
05/30/2019,SNS,CA,AWP,WE,Federal Contract Tower,0,3,83,0,86,0,3,100,1,104,0,6,183,1,190,130,0,130,320
05/31/2019,SNS,CA,AWP,WE,Federal Contract Tower,0,0,104,0,104,0,3,107,2,112,0,3,211,2,216,38,0,38,254
06/01/2019,SNS,CA,AWP,WE,Federal Contract Tower,0,1,40,0,41,0,3,58,0,61,0,4,98,0,102,70,0,70,172
06/02/2019,SNS,CA,AWP,WE,Federal Contract Tower,0,1,65,0,66,0,1,92,0,93,0,2,157,0,159,86,0,86,245
06/03/2019,SNS,CA,AWP,WE,Federal Contract Tower,0,5,45,0,50,0,6,63,1,70,0,11,108,1,120,118,0,118,238
06/04/2019,SNS,CA,AWP,WE,Federal Contract Tower,0,4,62,0,66,0,2,68,2,72,0,6,130,2,138,74,0,74,212
06/05/2019,SNS,CA,AWP,WE,Federal Contract Tower,0,0,15,0,15,0,4,82,2,88,0,4,97,2,103,78,0,78,181
06/06/2019,SNS,CA,AWP,WE,Federal Contract Tower,0,2,41,0,43,0,2,82,1,85,0,4,123,1,128,62,0,62,190
06/07/2019,SNS,CA,AWP,WE,Federal Contract Tower,0,0,29,0,29,0,0,74,2,76,0,0,103,2,105,72,0,72,177
06/08/2019,SNS,CA,AWP,WE,Federal Contract Tower,0,0,38,0,38,0,2,99,0,101,0,2,137,0,139,148,0,148,287
06/09/2019,SNS,CA,AWP,WE,Federal Contract Tower,0,4,55,0,59,0,10,114,0,124,0,14,169,0,183,98,0,98,281
06/10/2019,SNS,CA,AWP,WE,Federal Contract Tower,0,0,33,0,33,0,6,88,2,96,0,6,121,2,129,68,0,68,197
06/11/2019,SNS,CA,AWP,WE,Federal Contract Tower,0,1,19,2,22,0,6,85,2,93,0,7,104,4,115,92,0,92,207
06/12/2019,SNS,CA,AWP,WE,Federal Contract Tower,0,0,37,1,38,0,4,100,1,105,0,4,137,2,143,72,0,72,215
06/13/2019,SNS,CA,AWP,WE,Federal Contract Tower,0,0,45,0,45,0,6,74,0,80,0,6,119,0,125,82,0,82,207
06/14/2019,SNS,CA,AWP,WE,Federal Contract Tower,0,0,54,0,54,0,1,54,2,57,0,1,108,2,111,68,0,68,179
06/15/2019,SNS,CA,AWP,WE,Federal Contract Tower,0,0,50,0,50,0,3,63,3,69,0,3,113,3,119,62,0,62,181
06/16/2019,SNS,CA,AWP,WE,Federal Contract Tower,0,4,40,0,44,0,4,89,0,93,0,8,129,0,137,60,0,60,197
06/17/2019,SNS,CA,AWP,WE,Federal Contract Tower,0,3,73,0,76,0,3,85,3,91,0,6,158,3,167,148,0,148,315
06/18/2019,SNS,CA,AWP,WE,Federal Contract Tower,0,1,56,0,57,0,3,72,2,77,0,4,128,2,134,66,0,66,200
06/19/2019,SNS,CA,AWP,WE,Federal Contract Tower,0,0,38,0,38,0,3,76,1,80,0,3,114,1,118,90,0,90,208
06/20/2019,SNS,CA,AWP,WE,Federal Contract Tower,0,2,64,2,68,0,4,30,1,35,0,6,94,3,103,74,0,74,177
06/21/2019,SNS,CA,AWP,WE,Federal Contract Tower,0,0,28,0,28,0,4,75,0,79,0,4,103,0,107,98,0,98,205
06/22/2019,SNS,CA,AWP,WE,Federal Contract Tower,0,0,43,0,43,0,3,81,0,84,0,3,124,0,127,110,0,110,237
06/23/2019,SNS,CA,AWP,WE,Federal Contract Tower,0,0,49,0,49,0,1,82,0,83,0,1,131,0,132,94,0,94,226
06/24/2019,SNS,CA,AWP,WE,Federal Contract Tower,0,1,41,0,42,0,2,55,2,59,0,3,96,2,101,50,0,50,151
06/25/2019,SNS,CA,AWP,WE,Federal Contract Tower,0,3,32,0,35,0,3,100,2,105,0,6,132,2,140,180,0,180,320
06/26/2019,SNS,CA,AWP,WE,Federal Contract Tower,0,0,36,0,36,0,3,97,2,102,0,3,133,2,138,72,0,72,210
06/27/2019,SNS,CA,AWP,WE,Federal Contract Tower,0,0,53,0,53,0,5,111,1,117,0,5,164,1,170,104,0,104,274
06/28/2019,SNS,CA,AWP,WE,Federal Contract Tower,0,0,33,0,33,0,2,113,1,116,0,2,146,1,149,90,0,90,239
06/29/2019,SNS,CA,AWP,WE,Federal Contract Tower,0,0,42,0,42,0,1,85,0,86,0,1,127,0,128,122,0,122,250
06/30/2019,SNS,CA,AWP,WE,Federal Contract Tower,0,0,44,0,44,0,3,84,0,87,0,3,128,0,131,88,0,88,219
07/01/2019,SNS,CA,AWP,WE,Federal Contract Tower,0,0,45,0,45,0,0,85,2,87,0,0,130,2,132,122,0,122,254
07/02/2019,SNS,CA,AWP,WE,Federal Contract Tower,0,0,56,0,56,0,0,90,3,93,0,0,146,3,149,70,0,70,219
07/03/2019,SNS,CA,AWP,WE,Federal Contract Tower,0,3,59,0,62,0,3,72,2,77,0,6,131,2,139,94,0,94,233
07/04/2019,SNS,CA,AWP,WE,Federal Contract Tower,0,2,6,0,8,0,3,82,0,85,0,5,88,0,93,88,0,88,181
07/05/2019,SNS,CA,AWP,WE,Federal Contract Tower,0,3,68,0,71,0,2,58,0,60,0,5,126,0,131,52,0,52,183
07/06/2019,SNS,CA,AWP,WE,Federal Contract Tower,0,2,44,0,46,0,9,82,0,91,0,11,126,0,137,112,0,112,249
07/07/2019,SNS,CA,AWP,WE,Federal Contract Tower,0,0,54,0,54,0,8,77,0,85,0,8,131,0,139,64,0,64,203
07/08/2019,SNS,CA,AWP,WE,Federal Contract Tower,0,0,19,0,19,0,0,87,2,89,0,0,106,2,108,50,0,50,158
07/09/2019,SNS,CA,AWP,WE,Federal Contract Tower,0,1,81,1,83,0,1,47,1,49,0,2,128,2,132,60,0,60,192
07/10/2019,SNS,CA,AWP,WE,Federal Contract Tower,0,1,34,1,36,0,4,79,3,86,0,5,113,4,122,86,0,86,208
07/11/2019,SNS,CA,AWP,WE,Federal Contract Tower,0,0,36,1,37,0,2,70,1,73,0,2,106,2,110,96,0,96,206
07/12/2019,SNS,CA,AWP,WE,Federal Contract Tower,0,0,61,0,61,0,4,73,2,79,0,4,134,2,140,118,0,118,258
07/13/2019,SNS,CA,AWP,WE,Federal Contract Tower,0,0,76,0,76,0,0,99,0,99,0,0,175,0,175,188,0,188,363
07/14/2019,SNS,CA,AWP,WE,Federal Contract Tower,0,0,51,0,51,0,8,71,0,79,0,8,122,0,130,106,0,106,236
07/15/2019,SNS,CA,AWP,WE,Federal Contract Tower,0,4,48,0,52,0,2,128,1,131,0,6,176,1,183,110,0,110,293
07/16/2019,SNS,CA,AWP,WE,Federal Contract Tower,0,0,67,0,67,0,1,59,1,61,0,1,126,1,128,66,0,66,194
07/17/2019,SNS,CA,AWP,WE,Federal Contract Tower,0,0,50,0,50,0,1,59,2,62,0,1,109,2,112,62,0,62,174
07/18/2019,SNS,CA,AWP,WE,Federal Contract Tower,0,8,84,3,95,0,0,92,4,96,0,8,176,7,191,56,0,56,247
07/19/2019,SNS,CA,AWP,WE,Federal Contract Tower,0,0,80,2,82,0,0,59,2,61,0,0,139,4,143,60,0,60,203
07/20/2019,SNS,CA,AWP,WE,Federal Contract Tower,0,0,46,0,46,0,3,81,0,84,0,3,127,0,130,90,0,90,220
07/21/2019,SNS,CA,AWP,WE,Federal Contract Tower,0,3,88,0,91,0,1,85,0,86,0,4,173,0,177,68,0,68,245
07/22/2019,SNS,CA,AWP,WE,Federal Contract Tower,0,0,44,2,46,0,1,63,4,68,0,1,107,6,114,84,0,84,198
07/23/2019,SNS,CA,AWP,WE,Federal Contract Tower,0,9,109,2,120,0,6,76,1,83,0,15,185,3,203,70,0,70,273
07/24/2019,SNS,CA,AWP,WE,Federal Contract Tower,0,0,34,0,34,0,2,93,3,98,0,2,127,3,132,76,0,76,208
07/25/2019,SNS,CA,AWP,WE,Federal Contract Tower,0,0,43,0,43,0,1,90,0,91,0,1,133,0,134,104,0,104,238
07/26/2019,SNS,CA,AWP,WE,Federal Contract Tower,0,0,48,0,48,0,2,69,1,72,0,2,117,1,120,60,0,60,180
07/27/2019,SNS,CA,AWP,WE,Federal Contract Tower,0,0,63,0,63,0,4,70,0,74,0,4,133,0,137,66,0,66,203
07/28/2019,SNS,CA,AWP,WE,Federal Contract Tower,0,0,38,0,38,0,4,77,0,81,0,4,115,0,119,68,0,68,187
07/29/2019,SNS,CA,AWP,WE,Federal Contract Tower,0,6,70,0,76,0,4,77,2,83,0,10,147,2,159,60,0,60,219
07/30/2019,SNS,CA,AWP,WE,Federal Contract Tower,0,3,54,0,57,0,3,80,3,86,0,6,134,3,143,76,0,76,219
07/31/2019,SNS,CA,AWP,WE,Federal Contract Tower,0,2,51,0,53,0,2,71,0,73,0,4,122,0,126,90,0,90,216
08/01/2019,SNS,CA,AWP,WE,Federal Contract Tower,0,0,49,0,49,0,2,55,1,58,0,2,104,1,107,66,12,78,185
08/02/2019,SNS,CA,AWP,WE,Federal Contract Tower,0,0,57,0,57,0,4,79,0,83,0,4,136,0,140,90,0,90,230
08/03/2019,SNS,CA,AWP,WE,Federal Contract Tower,0,0,45,0,45,0,5,63,0,68,0,5,108,0,113,52,0,52,165
08/04/2019,SNS,CA,AWP,WE,Federal Contract Tower,0,0,73,0,73,0,3,78,0,81,0,3,151,0,154,72,0,72,226
08/05/2019,SNS,CA,AWP,WE,Federal Contract Tower,0,0,53,0,53,0,2,61,2,65,0,2,114,2,118,56,0,56,174
08/06/2019,SNS,CA,AWP,WE,Federal Contract Tower,0,2,77,0,79,0,2,50,0,52,0,4,127,0,131,68,0,68,199
08/07/2019,SNS,CA,AWP,WE,Federal Contract Tower,0,0,63,2,65,0,3,72,0,75,0,3,135,2,140,78,0,78,218
08/08/2019,SNS,CA,AWP,WE,Federal Contract Tower,0,0,49,0,49,0,3,105,2,110,0,3,154,2,159,74,0,74,233
08/09/2019,SNS,CA,AWP,WE,Federal Contract Tower,0,0,55,0,55,0,1,83,4,88,0,1,138,4,143,80,0,80,223
08/10/2019,SNS,CA,AWP,WE,Federal Contract Tower,0,0,51,0,51,0,2,82,0,84,0,2,133,0,135,62,0,62,197
08/11/2019,SNS,CA,AWP,WE,Federal Contract Tower,0,10,102,0,112,0,4,91,0,95,0,14,193,0,207,82,0,82,289
08/12/2019,SNS,CA,AWP,WE,Federal Contract Tower,0,0,36,0,36,0,0,83,2,85,0,0,119,2,121,76,0,76,197
08/13/2019,SNS,CA,AWP,WE,Federal Contract Tower,0,8,65,0,73,0,4,103,0,107,0,12,168,0,180,96,0,96,276
08/14/2019,SNS,CA,AWP,WE,Federal Contract Tower,0,4,83,0,87,0,2,111,2,115,0,6,194,2,202,86,0,86,288
08/15/2019,SNS,CA,AWP,WE,Federal Contract Tower,0,3,54,0,57,0,5,115,2,122,0,8,169,2,179,104,0,104,283
08/16/2019,SNS,CA,AWP,WE,Federal Contract Tower,0,1,52,1,54,0,5,98,3,106,0,6,150,4,160,114,0,114,274
08/17/2019,SNS,CA,AWP,WE,Federal Contract Tower,0,9,78,0,87,0,0,85,0,85,0,9,163,0,172,62,0,62,234
08/18/2019,SNS,CA,AWP,WE,Federal Contract Tower,0,14,71,1,86,0,5,81,0,86,0,19,152,1,172,134,0,134,306
08/19/2019,SNS,CA,AWP,WE,Federal Contract Tower,0,8,58,0,66,0,5,72,2,79,0,13,130,2,145,96,0,96,241
08/20/2019,SNS,CA,AWP,WE,Federal Contract Tower,0,4,69,0,73,0,9,100,0,109,0,13,169,0,182,86,0,86,268
08/21/2019,SNS,CA,AWP,WE,Federal Contract Tower,0,2,37,1,40,0,7,89,0,96,0,9,126,1,136,126,0,126,262
08/22/2019,SNS,CA,AWP,WE,Federal Contract Tower,0,0,62,0,62,0,7,73,2,82,0,7,135,2,144,92,0,92,236
08/23/2019,SNS,CA,AWP,WE,Federal Contract Tower,0,4,56,0,60,0,8,81,2,91,0,12,137,2,151,114,0,114,265
08/24/2019,SNS,CA,AWP,WE,Federal Contract Tower,0,2,56,0,58,0,5,83,2,90,0,7,139,2,148,136,0,136,284
08/25/2019,SNS,CA,AWP,WE,Federal Contract Tower,0,4,104,0,108,0,2,74,0,76,0,6,178,0,184,64,0,64,248
08/26/2019,SNS,CA,AWP,WE,Federal Contract Tower,0,0,43,0,43,0,7,71,2,80,0,7,114,2,123,68,0,68,191
08/27/2019,SNS,CA,AWP,WE,Federal Contract Tower,0,0,54,0,54,0,8,88,2,98,0,8,142,2,152,96,0,96,248
08/28/2019,SNS,CA,AWP,WE,Federal Contract Tower,0,4,49,0,53,0,5,64,1,70,0,9,113,1,123,104,0,104,227
08/29/2019,SNS,CA,AWP,WE,Federal Contract Tower,0,0,61,0,61,0,7,78,2,87,0,7,139,2,148,96,0,96,244
08/30/2019,SNS,CA,AWP,WE,Federal Contract Tower,0,3,74,0,77,0,6,104,2,112,0,9,178,2,189,68,0,68,257
08/31/2019,SNS,CA,AWP,WE,Federal Contract Tower,0,1,46,0,47,0,6,83,2,91,0,7,129,2,138,80,0,80,218
09/01/2019,SNS,CA,AWP,WE,Federal Contract Tower,0,3,63,0,66,0,6,119,0,125,0,9,182,0,191,74,0,74,265
09/02/2019,SNS,CA,AWP,WE,Federal Contract Tower,0,0,63,0,63,0,5,102,0,107,0,5,165,0,170,86,0,86,256
09/03/2019,SNS,CA,AWP,WE,Federal Contract Tower,0,1,82,0,83,0,5,80,2,87,0,6,162,2,170,106,0,106,276
09/04/2019,SNS,CA,AWP,WE,Federal Contract Tower,0,1,63,0,64,0,8,123,2,133,0,9,186,2,197,118,0,118,315
09/05/2019,SNS,CA,AWP,WE,Federal Contract Tower,0,2,76,4,82,0,6,83,0,89,0,8,159,4,171,64,0,64,235
09/06/2019,SNS,CA,AWP,WE,Federal Contract Tower,0,3,44,0,47,0,7,85,2,94,0,10,129,2,141,90,0,90,231
09/07/2019,SNS,CA,AWP,WE,Federal Contract Tower,0,2,34,0,36,0,7,91,0,98,0,9,125,0,134,52,0,52,186
09/08/2019,SNS,CA,AWP,WE,Federal Contract Tower,0,0,47,0,47,0,7,103,2,112,0,7,150,2,159,124,0,124,283
09/09/2019,SNS,CA,AWP,WE,Federal Contract Tower,0,4,61,0,65,0,12,84,0,96,0,16,145,0,161,110,0,110,271
09/10/2019,SNS,CA,AWP,WE,Federal Contract Tower,0,0,44,0,44,0,4,84,1,89,0,4,128,1,133,66,0,66,199
09/11/2019,SNS,CA,AWP,WE,Federal Contract Tower,0,3,56,0,59,0,1,85,2,88,0,4,141,2,147,74,0,74,221
09/12/2019,SNS,CA,AWP,WE,Federal Contract Tower,0,0,60,2,62,0,6,96,2,104,0,6,156,4,166,166,0,166,332
09/13/2019,SNS,CA,AWP,WE,Federal Contract Tower,0,2,57,0,59,0,7,96,1,104,0,9,153,1,163,122,0,122,285
09/14/2019,SNS,CA,AWP,WE,Federal Contract Tower,0,3,61,0,64,0,10,93,2,105,0,13,154,2,169,104,0,104,273
09/15/2019,SNS,CA,AWP,WE,Federal Contract Tower,0,0,53,0,53,0,3,76,0,79,0,3,129,0,132,106,0,106,238
09/16/2019,SNS,CA,AWP,WE,Federal Contract Tower,0,0,45,1,46,0,8,57,1,66,0,8,102,2,112,98,0,98,210
09/17/2019,SNS,CA,AWP,WE,Federal Contract Tower,0,2,52,0,54,0,3,106,3,112,0,5,158,3,166,92,0,92,258
09/18/2019,SNS,CA,AWP,WE,Federal Contract Tower,0,2,58,0,60,0,8,119,4,131,0,10,177,4,191,132,0,132,323
09/19/2019,SNS,CA,AWP,WE,Federal Contract Tower,0,2,61,2,65,0,6,151,2,159,0,8,212,4,224,100,0,100,324
09/20/2019,SNS,CA,AWP,WE,Federal Contract Tower,0,1,49,0,50,0,7,101,0,108,0,8,150,0,158,100,0,100,258
09/21/2019,SNS,CA,AWP,WE,Federal Contract Tower,0,1,63,0,64,0,8,93,0,101,0,9,156,0,165,92,0,92,257
09/22/2019,SNS,CA,AWP,WE,Federal Contract Tower,0,0,42,0,42,0,7,103,0,110,0,7,145,0,152,80,0,80,232
09/23/2019,SNS,CA,AWP,WE,Federal Contract Tower,0,3,64,2,69,0,5,95,2,102,0,8,159,4,171,100,0,100,271
09/24/2019,SNS,CA,AWP,WE,Federal Contract Tower,0,2,55,0,57,0,2,116,2,120,0,4,171,2,177,116,0,116,293
09/25/2019,SNS,CA,AWP,WE,Federal Contract Tower,0,0,42,0,42,0,5,90,2,97,0,5,132,2,139,78,0,78,217
09/26/2019,SNS,CA,AWP,WE,Federal Contract Tower,0,3,81,0,84,0,6,95,0,101,0,9,176,0,185,84,0,84,269
09/27/2019,SNS,CA,AWP,WE,Federal Contract Tower,0,6,54,3,63,0,5,95,1,101,0,11,149,4,164,86,0,86,250
09/28/2019,SNS,CA,AWP,WE,Federal Contract Tower,0,0,53,3,56,0,5,128,2,135,0,5,181,5,191,70,14,84,275
09/29/2019,SNS,CA,AWP,WE,Federal Contract Tower,0,0,55,1,56,0,6,114,0,120,0,6,169,1,176,80,24,104,280
09/30/2019,SNS,CA,AWP,WE,Federal Contract Tower,0,0,74,0,74,0,8,103,0,111,0,8,177,0,185,96,0,96,281
10/01/2019,SNS,CA,AWP,WE,Federal Contract Tower,0,2,77,0,79,0,3,99,2,104,0,5,176,2,183,90,0,90,273
10/02/2019,SNS,CA,AWP,WE,Federal Contract Tower,0,2,73,0,75,0,6,102,2,110,0,8,175,2,185,96,0,96,281
10/03/2019,SNS,CA,AWP,WE,Federal Contract Tower,0,2,71,2,75,0,9,105,1,115,0,11,176,3,190,82,0,82,272
10/04/2019,SNS,CA,AWP,WE,Federal Contract Tower,0,0,68,0,68,0,7,118,6,131,0,7,186,6,199,134,0,134,333
10/05/2019,SNS,CA,AWP,WE,Federal Contract Tower,0,0,74,0,74,0,5,106,4,115,0,5,180,4,189,136,0,136,325
10/06/2019,SNS,CA,AWP,WE,Federal Contract Tower,0,0,67,0,67,0,7,86,0,93,0,7,153,0,160,78,0,78,238
10/07/2019,SNS,CA,AWP,WE,Federal Contract Tower,0,3,71,0,74,0,9,105,0,114,0,12,176,0,188,78,0,78,266
10/08/2019,SNS,CA,AWP,WE,Federal Contract Tower,0,2,45,0,47,0,3,94,2,99,0,5,139,2,146,84,0,84,230
10/09/2019,SNS,CA,AWP,WE,Federal Contract Tower,0,1,48,0,49,0,8,90,2,100,0,9,138,2,149,76,0,76,225
10/10/2019,SNS,CA,AWP,WE,Federal Contract Tower,0,0,63,0,63,0,11,105,2,118,0,11,168,2,181,116,0,116,297
10/11/2019,SNS,CA,AWP,WE,Federal Contract Tower,0,0,57,0,57,0,8,118,2,128,0,8,175,2,185,142,0,142,327
10/12/2019,SNS,CA,AWP,WE,Federal Contract Tower,0,0,41,0,41,0,5,98,0,103,0,5,139,0,144,60,0,60,204
10/13/2019,SNS,CA,AWP,WE,Federal Contract Tower,0,0,35,0,35,0,4,97,0,101,0,4,132,0,136,56,0,56,192
10/14/2019,SNS,CA,AWP,WE,Federal Contract Tower,0,0,68,0,68,0,9,88,0,97,0,9,156,0,165,38,0,38,203
10/15/2019,SNS,CA,AWP,WE,Federal Contract Tower,0,3,86,2,91,0,4,88,2,94,0,7,174,4,185,34,0,34,219
10/16/2019,SNS,CA,AWP,WE,Federal Contract Tower,0,18,72,2,92,0,6,81,2,89,0,24,153,4,181,60,0,60,241
10/17/2019,SNS,CA,AWP,WE,Federal Contract Tower,0,4,73,0,77,0,2,79,1,82,0,6,152,1,159,44,0,44,203
10/18/2019,SNS,CA,AWP,WE,Federal Contract Tower,0,0,40,0,40,0,3,90,2,95,0,3,130,2,135,54,0,54,189
10/19/2019,SNS,CA,AWP,WE,Federal Contract Tower,0,2,61,0,63,0,6,98,0,104,0,8,159,0,167,70,0,70,237
10/20/2019,SNS,CA,AWP,WE,Federal Contract Tower,0,2,58,0,60,0,3,79,0,82,0,5,137,0,142,46,0,46,188
10/21/2019,SNS,CA,AWP,WE,Federal Contract Tower,0,3,38,0,41,0,3,107,1,111,0,6,145,1,152,52,0,52,204
10/22/2019,SNS,CA,AWP,WE,Federal Contract Tower,0,0,57,0,57,0,0,107,3,110,0,0,164,3,167,84,0,84,251
10/23/2019,SNS,CA,AWP,WE,Federal Contract Tower,0,0,41,3,44,0,1,85,0,86,0,1,126,3,130,130,0,130,260
10/24/2019,SNS,CA,AWP,WE,Federal Contract Tower,0,2,37,1,40,0,2,73,0,75,0,4,110,1,115,88,0,88,203
10/25/2019,SNS,CA,AWP,WE,Federal Contract Tower,0,0,35,0,35,0,4,72,6,82,0,4,107,6,117,82,0,82,199
10/26/2019,SNS,CA,AWP,WE,Federal Contract Tower,0,0,5,0,5,0,7,89,0,96,0,7,94,0,101,136,0,136,237
10/27/2019,SNS,CA,AWP,WE,Federal Contract Tower,0,3,44,0,47,0,5,68,0,73,0,8,112,0,120,110,0,110,230
10/28/2019,SNS,CA,AWP,WE,Federal Contract Tower,0,0,19,0,19,0,2,88,1,91,0,2,107,1,110,62,0,62,172
10/29/2019,SNS,CA,AWP,WE,Federal Contract Tower,0,1,17,0,18,0,0,62,0,62,0,1,79,0,80,48,0,48,128
10/30/2019,SNS,CA,AWP,WE,Federal Contract Tower,0,0,4,0,4,0,0,42,0,42,0,0,46,0,46,57,0,57,103
10/31/2019,SNS,CA,AWP,WE,Federal Contract Tower,0,0,23,0,23,0,0,77,2,79,0,0,100,2,102,142,0,142,244
11/01/2019,SNS,CA,AWP,WE,Federal Contract Tower,0,0,27,0,27,0,3,75,1,79,0,3,102,1,106,106,0,106,212
11/02/2019,SNS,CA,AWP,WE,Federal Contract Tower,0,0,27,0,27,0,4,79,2,85,0,4,106,2,112,96,0,96,208
11/03/2019,SNS,CA,AWP,WE,Federal Contract Tower,0,0,25,0,25,0,4,88,0,92,0,4,113,0,117,84,0,84,201
11/04/2019,SNS,CA,AWP,WE,Federal Contract Tower,0,0,23,0,23,0,0,69,0,69,0,0,92,0,92,10,0,10,102
11/05/2019,SNS,CA,AWP,WE,Federal Contract Tower,0,0,32,0,32,0,2,89,2,93,0,2,121,2,125,58,0,58,183
11/06/2019,SNS,CA,AWP,WE,Federal Contract Tower,0,2,37,0,39,0,2,80,0,82,0,4,117,0,121,68,0,68,189
11/07/2019,SNS,CA,AWP,WE,Federal Contract Tower,0,1,48,0,49,0,0,32,0,32,0,1,80,0,81,72,0,72,153
11/08/2019,SNS,CA,AWP,WE,Federal Contract Tower,0,0,65,2,67,0,1,73,2,76,0,1,138,4,143,58,0,58,201
11/09/2019,SNS,CA,AWP,WE,Federal Contract Tower,0,0,21,0,21,0,4,73,0,77,0,4,94,0,98,86,0,86,184
11/10/2019,SNS,CA,AWP,WE,Federal Contract Tower,0,0,47,0,47,0,3,105,0,108,0,3,152,0,155,56,0,56,211
11/11/2019,SNS,CA,AWP,WE,Federal Contract Tower,0,0,9,0,9,0,2,47,0,49,0,2,56,0,58,46,0,46,104
11/12/2019,SNS,CA,AWP,WE,Federal Contract Tower,0,0,21,0,21,0,1,65,0,66,0,1,86,0,87,60,0,60,147
11/13/2019,SNS,CA,AWP,WE,Federal Contract Tower,0,0,43,0,43,0,2,82,0,84,0,2,125,0,127,46,0,46,173
11/14/2019,SNS,CA,AWP,WE,Federal Contract Tower,0,0,29,0,29,0,0,90,0,90,0,0,119,0,119,46,0,46,165
11/17/2019,SNS,CA,AWP,WE,Federal Contract Tower,0,1,43,0,44,0,7,89,0,96,0,8,132,0,140,86,0,86,226
11/18/2019,SNS,CA,AWP,WE,Federal Contract Tower,0,6,61,4,71,0,2,80,0,82,0,8,141,4,153,68,0,68,221
11/19/2019,SNS,CA,AWP,WE,Federal Contract Tower,0,6,51,0,57,0,3,79,3,85,0,9,130,3,142,46,0,46,188
11/20/2019,SNS,CA,AWP,WE,Federal Contract Tower,0,0,46,0,46,0,0,53,0,53,0,0,99,0,99,98,0,98,197
11/21/2019,SNS,CA,AWP,WE,Federal Contract Tower,0,4,38,2,44,0,2,79,1,82,0,6,117,3,126,62,12,74,200
11/22/2019,SNS,CA,AWP,WE,Federal Contract Tower,0,1,49,0,50,0,4,74,7,85,0,5,123,7,135,80,0,80,215
11/23/2019,SNS,CA,AWP,WE,Federal Contract Tower,0,0,45,0,45,0,6,107,5,118,0,6,152,5,163,96,0,96,259
11/24/2019,SNS,CA,AWP,WE,Federal Contract Tower,0,0,63,0,63,0,8,111,6,125,0,8,174,6,188,84,0,84,272
11/25/2019,SNS,CA,AWP,WE,Federal Contract Tower,0,3,67,0,70,0,3,59,0,62,0,6,126,0,132,50,0,50,182
11/26/2019,SNS,CA,AWP,WE,Federal Contract Tower,0,0,51,0,51,0,6,73,0,79,0,6,124,0,130,94,0,94,224
11/27/2019,SNS,CA,AWP,WE,Federal Contract Tower,0,5,53,4,62,0,3,63,0,66,0,8,116,4,128,12,0,12,140
11/28/2019,SNS,CA,AWP,WE,Federal Contract Tower,0,0,2,0,2,0,2,2,0,4,0,2,4,0,6,0,0,0,6
11/29/2019,SNS,CA,AWP,WE,Federal Contract Tower,0,0,21,0,21,0,2,36,0,38,0,2,57,0,59,54,0,54,113
11/30/2019,SNS,CA,AWP,WE,Federal Contract Tower,0,0,5,0,5,0,2,11,0,13,0,2,16,0,18,8,0,8,26
12/01/2019,SNS,CA,AWP,WE,Federal Contract Tower,0,0,3,0,3,0,0,0,0,0,0,0,3,0,3,0,0,0,3
12/02/2019,SNS,CA,AWP,WE,Federal Contract Tower,0,0,9,0,9,0,0,17,0,17,0,0,26,0,26,0,0,0,26
12/03/2019,SNS,CA,AWP,WE,Federal Contract Tower,0,3,62,9,74,0,1,59,2,62,0,4,121,11,136,84,0,84,220
12/04/2019,SNS,CA,AWP,WE,Federal Contract Tower,0,0,45,0,45,0,3,44,0,47,0,3,89,0,92,38,0,38,130
12/05/2019,SNS,CA,AWP,WE,Federal Contract Tower,0,0,64,11,75,0,0,88,2,90,0,0,152,13,165,72,0,72,237
12/06/2019,SNS,CA,AWP,WE,Federal Contract Tower,0,0,32,0,32,0,4,72,0,76,0,4,104,0,108,96,0,96,204
12/07/2019,SNS,CA,AWP,WE,Federal Contract Tower,0,0,3,0,3,0,0,3,0,3,0,0,6,0,6,18,0,18,24
12/08/2019,SNS,CA,AWP,WE,Federal Contract Tower,0,0,36,0,36,0,0,42,0,42,0,0,78,0,78,68,0,68,146
12/09/2019,SNS,CA,AWP,WE,Federal Contract Tower,0,0,58,0,58,0,0,7,0,7,0,0,65,0,65,0,0,0,65
12/10/2019,SNS,CA,AWP,WE,Federal Contract Tower,0,3,59,0,62,0,5,69,0,74,0,8,128,0,136,54,0,54,190
12/11/2019,SNS,CA,AWP,WE,Federal Contract Tower,0,0,21,0,21,0,3,51,0,54,0,3,72,0,75,12,0,12,87
12/12/2019,SNS,CA,AWP,WE,Federal Contract Tower,0,0,56,0,56,0,5,63,1,69,0,5,119,1,125,62,0,62,187
12/13/2019,SNS,CA,AWP,WE,Federal Contract Tower,0,6,60,2,68,0,0,40,0,40,0,6,100,2,108,26,0,26,134
12/14/2019,SNS,CA,AWP,WE,Federal Contract Tower,0,0,27,0,27,0,0,45,0,45,0,0,72,0,72,68,0,68,140
12/15/2019,SNS,CA,AWP,WE,Federal Contract Tower,0,0,33,0,33,0,2,85,0,87,0,2,118,0,120,94,0,94,214
12/16/2019,SNS,CA,AWP,WE,Federal Contract Tower,0,0,20,0,20,0,0,85,0,85,0,0,105,0,105,144,0,144,249
12/17/2019,SNS,CA,AWP,WE,Federal Contract Tower,0,0,33,0,33,0,0,77,0,77,0,0,110,0,110,50,0,50,160
12/18/2019,SNS,CA,AWP,WE,Federal Contract Tower,0,2,49,0,51,0,0,55,2,57,0,2,104,2,108,38,0,38,146
12/19/2019,SNS,CA,AWP,WE,Federal Contract Tower,0,0,16,0,16,0,0,33,0,33,0,0,49,0,49,22,0,22,71
12/20/2019,SNS,CA,AWP,WE,Federal Contract Tower,0,0,61,0,61,0,3,91,2,96,0,3,152,2,157,116,0,116,273
12/21/2019,SNS,CA,AWP,WE,Federal Contract Tower,0,0,27,0,27,0,4,49,0,53,0,4,76,0,80,106,0,106,186
12/22/2019,SNS,CA,AWP,WE,Federal Contract Tower,0,0,7,0,7,0,0,0,0,0,0,0,7,0,7,0,0,0,7
12/23/2019,SNS,CA,AWP,WE,Federal Contract Tower,0,0,70,0,70,0,0,77,0,77,0,0,147,0,147,44,0,44,191
12/24/2019,SNS,CA,AWP,WE,Federal Contract Tower,0,8,26,0,34,0,0,37,0,37,0,8,63,0,71,0,0,0,71
12/25/2019,SNS,CA,AWP,WE,Federal Contract Tower,0,0,0,0,0,0,3,0,0,3,0,3,0,0,3,0,0,0,3
12/26/2019,SNS,CA,AWP,WE,Federal Contract Tower,0,6,62,0,68,0,3,100,0,103,0,9,162,0,171,92,0,92,263
12/27/2019,SNS,CA,AWP,WE,Federal Contract Tower,0,1,62,0,63,0,1,87,0,88,0,2,149,0,151,88,0,88,239
12/28/2019,SNS,CA,AWP,WE,Federal Contract Tower,0,0,30,0,30,0,4,73,0,77,0,4,103,0,107,122,0,122,229
12/29/2019,SNS,CA,AWP,WE,Federal Contract Tower,0,0,13,0,13,0,3,0,0,3,0,3,13,0,16,0,0,0,16
12/30/2019,SNS,CA,AWP,WE,Federal Contract Tower,0,0,67,0,67,0,0,108,0,108,0,0,175,0,175,102,0,102,277
12/31/2019,SNS,CA,AWP,WE,Federal Contract Tower,0,0,33,0,33,0,0,84,2,86,0,0,117,2,119,124,0,124,243
01/01/2020,SNS,CA,AWP,WE,Federal Contract Tower,0,0,11,0,11,0,0,56,0,56,0,0,67,0,67,42,0,42,109
01/02/2020,SNS,CA,AWP,WE,Federal Contract Tower,0,0,20,0,20,0,0,87,0,87,0,0,107,0,107,38,0,38,145
01/03/2020,SNS,CA,AWP,WE,Federal Contract Tower,0,0,35,0,35,0,5,79,0,84,0,5,114,0,119,78,0,78,197
01/04/2020,SNS,CA,AWP,WE,Federal Contract Tower,0,0,31,0,31,0,1,68,0,69,0,1,99,0,100,96,0,96,196
01/05/2020,SNS,CA,AWP,WE,Federal Contract Tower,0,0,19,0,19,0,4,88,0,92,0,4,107,0,111,82,0,82,193
01/06/2020,SNS,CA,AWP,WE,Federal Contract Tower,0,1,18,0,19,0,0,73,0,73,0,1,91,0,92,86,0,86,178
01/07/2020,SNS,CA,AWP,WE,Federal Contract Tower,0,0,18,0,18,0,3,57,0,60,0,3,75,0,78,24,0,24,102
01/08/2020,SNS,CA,AWP,WE,Federal Contract Tower,0,0,21,0,21,0,2,53,3,58,0,2,74,3,79,46,0,46,125
01/09/2020,SNS,CA,AWP,WE,Federal Contract Tower,0,0,13,0,13,0,0,45,0,45,0,0,58,0,58,10,0,10,68
01/10/2020,SNS,CA,AWP,WE,Federal Contract Tower,0,0,31,0,31,0,2,53,2,57,0,2,84,2,88,60,0,60,148
01/11/2020,SNS,CA,AWP,WE,Federal Contract Tower,0,0,18,0,18,0,3,36,0,39,0,3,54,0,57,62,0,62,119
01/12/2020,SNS,CA,AWP,WE,Federal Contract Tower,0,0,32,0,32,0,0,62,0,62,0,0,94,0,94,68,0,68,162
01/13/2020,SNS,CA,AWP,WE,Federal Contract Tower,0,0,29,0,29,0,0,92,0,92,0,0,121,0,121,64,0,64,185
01/14/2020,SNS,CA,AWP,WE,Federal Contract Tower,0,3,31,0,34,0,2,62,2,66,0,5,93,2,100,50,0,50,150
01/15/2020,SNS,CA,AWP,WE,Federal Contract Tower,0,2,34,0,36,0,1,55,1,57,0,3,89,1,93,90,0,90,183
01/16/2020,SNS,CA,AWP,WE,Federal Contract Tower,0,0,16,0,16,0,0,52,0,52,0,0,68,0,68,0,0,0,68
01/17/2020,SNS,CA,AWP,WE,Federal Contract Tower,0,0,43,0,43,0,0,77,0,77,0,0,120,0,120,52,0,52,172
01/18/2020,SNS,CA,AWP,WE,Federal Contract Tower,0,0,35,0,35,0,2,81,0,83,0,2,116,0,118,124,0,124,242
01/19/2020,SNS,CA,AWP,WE,Federal Contract Tower,0,0,31,0,31,0,0,58,0,58,0,0,89,0,89,88,0,88,177
01/20/2020,SNS,CA,AWP,WE,Federal Contract Tower,0,0,12,0,12,0,0,53,0,53,0,0,65,0,65,26,0,26,91
01/21/2020,SNS,CA,AWP,WE,Federal Contract Tower,0,2,54,0,56,0,3,74,1,78,0,5,128,1,134,20,0,20,154
01/22/2020,SNS,CA,AWP,WE,Federal Contract Tower,0,0,16,0,16,0,0,118,0,118,0,0,134,0,134,28,0,28,162
01/23/2020,SNS,CA,AWP,WE,Federal Contract Tower,0,2,63,0,65,0,2,78,2,82,0,4,141,2,147,56,0,56,203
01/24/2020,SNS,CA,AWP,WE,Federal Contract Tower,0,0,38,0,38,0,5,71,2,78,0,5,109,2,116,76,0,76,192
01/25/2020,SNS,CA,AWP,WE,Federal Contract Tower,0,2,52,0,54,0,3,57,0,60,0,5,109,0,114,50,0,50,164
01/26/2020,SNS,CA,AWP,WE,Federal Contract Tower,0,0,7,0,7,0,5,4,0,9,0,5,11,0,16,8,0,8,24
01/27/2020,SNS,CA,AWP,WE,Federal Contract Tower,0,3,47,0,50,0,4,85,2,91,0,7,132,2,141,74,0,74,215
01/28/2020,SNS,CA,AWP,WE,Federal Contract Tower,0,0,12,0,12,0,0,52,0,52,0,0,64,0,64,58,0,58,122
01/29/2020,SNS,CA,AWP,WE,Federal Contract Tower,0,0,13,0,13,0,0,75,0,75,0,0,88,0,88,96,0,96,184
01/30/2020,SNS,CA,AWP,WE,Federal Contract Tower,0,0,18,0,18,0,0,70,0,70,0,0,88,0,88,74,0,74,162
01/31/2020,SNS,CA,AWP,WE,Federal Contract Tower,0,0,33,0,33,0,5,90,4,99,0,5,123,4,132,92,30,122,254
02/01/2020,SNS,CA,AWP,WE,Federal Contract Tower,0,1,30,0,31,0,9,86,0,95,0,10,116,0,126,96,0,96,222
02/02/2020,SNS,CA,AWP,WE,Federal Contract Tower,0,0,15,0,15,0,0,74,0,74,0,0,89,0,89,10,0,10,99
02/03/2020,SNS,CA,AWP,WE,Federal Contract Tower,0,0,49,0,49,0,5,72,0,77,0,5,121,0,126,46,0,46,172
02/04/2020,SNS,CA,AWP,WE,Federal Contract Tower,0,8,68,3,79,0,5,85,2,92,0,13,153,5,171,70,0,70,241
02/05/2020,SNS,CA,AWP,WE,Federal Contract Tower,0,7,26,2,35,0,3,67,2,72,0,10,93,4,107,70,0,70,177
02/06/2020,SNS,CA,AWP,WE,Federal Contract Tower,0,6,69,0,75,0,3,69,2,74,0,9,138,2,149,48,0,48,197
02/07/2020,SNS,CA,AWP,WE,Federal Contract Tower,0,3,23,0,26,0,1,69,0,70,0,4,92,0,96,94,0,94,190
02/08/2020,SNS,CA,AWP,WE,Federal Contract Tower,0,0,44,0,44,0,4,71,0,75,0,4,115,0,119,60,0,60,179
02/09/2020,SNS,CA,AWP,WE,Federal Contract Tower,0,0,22,0,22,0,6,60,4,70,0,6,82,4,92,58,0,58,150
02/10/2020,SNS,CA,AWP,WE,Federal Contract Tower,0,0,31,0,31,0,3,72,1,76,0,3,103,1,107,84,0,84,191
02/11/2020,SNS,CA,AWP,WE,Federal Contract Tower,0,1,26,0,27,0,12,73,0,85,0,13,99,0,112,93,0,93,205
02/12/2020,SNS,CA,AWP,WE,Federal Contract Tower,0,3,49,0,52,0,4,111,2,117,0,7,160,2,169,98,0,98,267
02/13/2020,SNS,CA,AWP,WE,Federal Contract Tower,0,6,70,0,76,0,4,71,6,81,0,10,141,6,157,46,0,46,203
02/14/2020,SNS,CA,AWP,WE,Federal Contract Tower,0,0,50,0,50,0,2,59,2,63,0,2,109,2,113,72,0,72,185
02/15/2020,SNS,CA,AWP,WE,Federal Contract Tower,0,0,64,0,64,0,4,96,0,100,0,4,160,0,164,114,0,114,278
02/16/2020,SNS,CA,AWP,WE,Federal Contract Tower,0,2,61,0,63,0,0,78,0,78,0,2,139,0,141,42,0,42,183
02/17/2020,SNS,CA,AWP,WE,Federal Contract Tower,0,3,41,0,44,0,2,71,0,73,0,5,112,0,117,74,0,74,191
02/18/2020,SNS,CA,AWP,WE,Federal Contract Tower,0,4,61,1,66,0,3,70,2,75,0,7,131,3,141,60,0,60,201
02/19/2020,SNS,CA,AWP,WE,Federal Contract Tower,0,2,64,0,66,0,2,83,2,87,0,4,147,2,153,82,0,82,235
02/20/2020,SNS,CA,AWP,WE,Federal Contract Tower,0,2,53,0,55,0,7,66,0,73,0,9,119,0,128,82,0,82,210
02/21/2020,SNS,CA,AWP,WE,Federal Contract Tower,0,2,34,0,36,0,3,67,2,72,0,5,101,2,108,82,0,82,190
02/22/2020,SNS,CA,AWP,WE,Federal Contract Tower,0,0,55,0,55,0,0,8,0,8,0,0,63,0,63,8,0,8,71
02/23/2020,SNS,CA,AWP,WE,Federal Contract Tower,0,0,56,0,56,0,7,40,0,47,0,7,96,0,103,40,0,40,143
02/24/2020,SNS,CA,AWP,WE,Federal Contract Tower,0,0,58,4,62,0,0,62,0,62,0,0,120,4,124,64,2,66,190
02/25/2020,SNS,CA,AWP,WE,Federal Contract Tower,0,0,17,0,17,0,4,70,0,74,0,4,87,0,91,52,0,52,143
02/26/2020,SNS,CA,AWP,WE,Federal Contract Tower,0,0,45,0,45,0,6,93,0,99,0,6,138,0,144,102,0,102,246
02/27/2020,SNS,CA,AWP,WE,Federal Contract Tower,0,5,56,0,61,0,4,79,3,86,0,9,135,3,147,60,0,60,207
02/28/2020,SNS,CA,AWP,WE,Federal Contract Tower,0,5,63,2,70,0,1,69,2,72,0,6,132,4,142,44,0,44,186
02/29/2020,SNS,CA,AWP,WE,Federal Contract Tower,0,0,17,0,17,0,1,15,0,16,0,1,32,0,33,4,0,4,37
03/01/2020,SNS,CA,AWP,WE,Federal Contract Tower,0,3,27,0,30,0,4,59,0,63,0,7,86,0,93,72,0,72,165
03/02/2020,SNS,CA,AWP,WE,Federal Contract Tower,0,1,41,2,44,0,4,82,6,92,0,5,123,8,136,112,6,118,254
03/03/2020,SNS,CA,AWP,WE,Federal Contract Tower,0,0,45,0,45,0,5,73,0,78,0,5,118,0,123,78,0,78,201
03/04/2020,SNS,CA,AWP,WE,Federal Contract Tower,0,2,40,0,42,0,3,62,1,66,0,5,102,1,108,26,0,26,134
03/05/2020,SNS,CA,AWP,WE,Federal Contract Tower,0,1,47,0,48,0,2,65,2,69,0,3,112,2,117,64,0,64,181
03/06/2020,SNS,CA,AWP,WE,Federal Contract Tower,0,0,21,0,21,0,0,63,0,63,0,0,84,0,84,64,0,64,148
03/07/2020,SNS,CA,AWP,WE,Federal Contract Tower,0,0,5,0,5,0,0,9,0,9,0,0,14,0,14,24,0,24,38
03/08/2020,SNS,CA,AWP,WE,Federal Contract Tower,0,0,62,0,62,0,3,82,0,85,0,3,144,0,147,56,0,56,203
03/09/2020,SNS,CA,AWP,WE,Federal Contract Tower,0,0,56,0,56,0,6,56,0,62,0,6,112,0,118,88,0,88,206
03/10/2020,SNS,CA,AWP,WE,Federal Contract Tower,0,2,66,3,71,0,2,76,1,79,0,4,142,4,150,52,0,52,202
03/11/2020,SNS,CA,AWP,WE,Federal Contract Tower,0,2,45,0,47,0,2,69,1,72,0,4,114,1,119,50,0,50,169
03/12/2020,SNS,CA,AWP,WE,Federal Contract Tower,0,3,56,0,59,0,2,61,4,67,0,5,117,4,126,54,0,54,180
03/13/2020,SNS,CA,AWP,WE,Federal Contract Tower,0,0,57,0,57,0,3,66,2,71,0,3,123,2,128,70,0,70,198
03/14/2020,SNS,CA,AWP,WE,Federal Contract Tower,0,0,3,0,3,0,0,11,0,11,0,0,14,0,14,6,0,6,20
03/15/2020,SNS,CA,AWP,WE,Federal Contract Tower,0,0,8,0,8,0,0,0,0,0,0,0,8,0,8,0,0,0,8
03/16/2020,SNS,CA,AWP,WE,Federal Contract Tower,0,0,14,0,14,0,2,6,0,8,0,2,20,0,22,10,0,10,32
03/17/2020,SNS,CA,AWP,WE,Federal Contract Tower,0,0,2,0,2,0,3,12,0,15,0,3,14,0,17,0,22,22,39
03/18/2020,SNS,CA,AWP,WE,Federal Contract Tower,0,0,11,0,11,0,5,9,2,16,0,5,20,2,27,18,0,18,45
03/19/2020,SNS,CA,AWP,WE,Federal Contract Tower,0,0,13,0,13,0,0,28,0,28,0,0,41,0,41,10,0,10,51
03/20/2020,SNS,CA,AWP,WE,Federal Contract Tower,0,0,23,0,23,0,3,30,2,35,0,3,53,2,58,30,10,40,98
03/21/2020,SNS,CA,AWP,WE,Federal Contract Tower,0,0,7,0,7,0,0,29,0,29,0,0,36,0,36,6,0,6,42
03/22/2020,SNS,CA,AWP,WE,Federal Contract Tower,0,2,3,0,5,0,1,13,0,14,0,3,16,0,19,10,0,10,29
03/23/2020,SNS,CA,AWP,WE,Federal Contract Tower,0,0,12,0,12,0,0,5,0,5,0,0,17,0,17,8,0,8,25
03/24/2020,SNS,CA,AWP,WE,Federal Contract Tower,0,0,4,0,4,0,0,2,0,2,0,0,6,0,6,8,0,8,14
03/25/2020,SNS,CA,AWP,WE,Federal Contract Tower,0,1,6,0,7,0,1,6,0,7,0,2,12,0,14,6,0,6,20
03/26/2020,SNS,CA,AWP,WE,Federal Contract Tower,0,0,18,0,18,0,0,24,5,29,0,0,42,5,47,18,0,18,65
03/27/2020,SNS,CA,AWP,WE,Federal Contract Tower,0,0,4,0,4,0,0,30,0,30,0,0,34,0,34,16,0,16,50
03/28/2020,SNS,CA,AWP,WE,Federal Contract Tower,0,0,4,0,4,0,3,9,0,12,0,3,13,0,16,20,0,20,36
03/29/2020,SNS,CA,AWP,WE,Federal Contract Tower,0,0,6,0,6,0,0,28,0,28,0,0,34,0,34,4,0,4,38
03/30/2020,SNS,CA,AWP,WE,Federal Contract Tower,0,0,44,0,44,0,1,68,2,71,0,1,112,2,115,42,0,42,157
03/31/2020,SNS,CA,AWP,WE,Federal Contract Tower,0,0,12,0,12,0,0,54,2,56,0,0,66,2,68,10,0,10,78
04/01/2020,SNS,CA,AWP,WE,Federal Contract Tower,0,0,35,0,35,0,2,54,2,58,0,2,89,2,93,52,0,52,145
04/02/2020,SNS,CA,AWP,WE,Federal Contract Tower,0,0,48,0,48,0,4,82,2,88,0,4,130,2,136,54,0,54,190
04/03/2020,SNS,CA,AWP,WE,Federal Contract Tower,0,0,25,0,25,0,0,64,0,64,0,0,89,0,89,44,0,44,133
04/04/2020,SNS,CA,AWP,WE,Federal Contract Tower,0,0,3,0,3,0,0,20,0,20,0,0,23,0,23,26,0,26,49
04/05/2020,SNS,CA,AWP,WE,Federal Contract Tower,0,0,5,0,5,0,0,7,0,7,0,0,12,0,12,0,0,0,12
04/06/2020,SNS,CA,AWP,WE,Federal Contract Tower,0,0,0,1,1,0,0,3,1,4,0,0,3,2,5,6,0,6,11
04/07/2020,SNS,CA,AWP,WE,Federal Contract Tower,0,1,11,1,13,0,0,16,3,19,0,1,27,4,32,36,0,36,68
04/08/2020,SNS,CA,AWP,WE,Federal Contract Tower,0,0,7,0,7,0,0,22,0,22,0,0,29,0,29,34,0,34,63
04/09/2020,SNS,CA,AWP,WE,Federal Contract Tower,0,0,20,0,20,0,5,17,0,22,0,5,37,0,42,30,0,30,72
04/10/2020,SNS,CA,AWP,WE,Federal Contract Tower,0,0,29,0,29,0,0,34,0,34,0,0,63,0,63,42,0,42,105
04/11/2020,SNS,CA,AWP,WE,Federal Contract Tower,0,0,7,0,7,0,0,32,0,32,0,0,39,0,39,8,0,8,47
04/12/2020,SNS,CA,AWP,WE,Federal Contract Tower,0,0,4,0,4,0,0,38,0,38,0,0,42,0,42,0,0,0,42
04/13/2020,SNS,CA,AWP,WE,Federal Contract Tower,0,0,24,0,24,0,0,63,3,66,0,0,87,3,90,48,10,58,148
04/14/2020,SNS,CA,AWP,WE,Federal Contract Tower,0,3,15,0,18,0,2,59,0,61,0,5,74,0,79,38,0,38,117
04/15/2020,SNS,CA,AWP,WE,Federal Contract Tower,0,0,33,0,33,0,3,74,1,78,0,3,107,1,111,64,0,64,175
04/16/2020,SNS,CA,AWP,WE,Federal Contract Tower,0,1,47,0,48,0,1,53,0,54,0,2,100,0,102,44,0,44,146
04/17/2020,SNS,CA,AWP,WE,Federal Contract Tower,0,1,40,0,41,0,3,22,1,26,0,4,62,1,67,0,0,0,67
04/18/2020,SNS,CA,AWP,WE,Federal Contract Tower,0,0,16,0,16,0,0,40,0,40,0,0,56,0,56,60,0,60,116
04/19/2020,SNS,CA,AWP,WE,Federal Contract Tower,0,0,34,0,34,0,3,85,0,88,0,3,119,0,122,118,0,118,240
04/20/2020,SNS,CA,AWP,WE,Federal Contract Tower,0,0,15,0,15,0,2,29,1,32,0,2,44,1,47,28,0,28,75
04/21/2020,SNS,CA,AWP,WE,Federal Contract Tower,0,0,13,0,13,0,2,27,2,31,0,2,40,2,44,28,0,28,72
04/22/2020,SNS,CA,AWP,WE,Federal Contract Tower,0,0,25,0,25,0,2,78,2,82,0,2,103,2,107,80,0,80,187
04/23/2020,SNS,CA,AWP,WE,Federal Contract Tower,0,0,34,0,34,0,0,67,3,70,0,0,101,3,104,64,0,64,168
04/24/2020,SNS,CA,AWP,WE,Federal Contract Tower,0,2,20,0,22,0,2,63,0,65,0,4,83,0,87,26,0,26,113
04/25/2020,SNS,CA,AWP,WE,Federal Contract Tower,0,0,6,0,6,0,2,52,0,54,0,2,58,0,60,24,0,24,84
04/26/2020,SNS,CA,AWP,WE,Federal Contract Tower,0,1,72,0,73,0,3,68,0,71,0,4,140,0,144,60,0,60,204
04/27/2020,SNS,CA,AWP,WE,Federal Contract Tower,0,2,32,0,34,0,2,85,12,99,0,4,117,12,133,42,0,42,175
04/28/2020,SNS,CA,AWP,WE,Federal Contract Tower,0,0,48,0,48,0,0,70,0,70,0,0,118,0,118,32,0,32,150
04/29/2020,SNS,CA,AWP,WE,Federal Contract Tower,0,0,14,0,14,0,0,50,0,50,0,0,64,0,64,50,0,50,114
04/30/2020,SNS,CA,AWP,WE,Federal Contract Tower,0,0,15,0,15,0,0,57,0,57,0,0,72,0,72,58,0,58,130
05/01/2020,SNS,CA,AWP,WE,Federal Contract Tower,0,0,13,0,13,0,0,55,0,55,0,0,68,0,68,70,0,70,138
05/02/2020,SNS,CA,AWP,WE,Federal Contract Tower,0,0,37,0,37,0,7,74,0,81,0,7,111,0,118,102,0,102,220
05/03/2020,SNS,CA,AWP,WE,Federal Contract Tower,0,0,25,0,25,0,0,53,0,53,0,0,78,0,78,70,0,70,148
05/04/2020,SNS,CA,AWP,WE,Federal Contract Tower,0,0,12,0,12,0,0,85,2,87,0,0,97,2,99,40,0,40,139
05/05/2020,SNS,CA,AWP,WE,Federal Contract Tower,0,0,28,0,28,0,0,65,1,66,0,0,93,1,94,26,0,26,120
05/06/2020,SNS,CA,AWP,WE,Federal Contract Tower,0,0,14,0,14,0,0,65,1,66,0,0,79,1,80,98,0,98,178
05/07/2020,SNS,CA,AWP,WE,Federal Contract Tower,0,0,26,0,26,0,0,82,1,83,0,0,108,1,109,78,0,78,187
05/08/2020,SNS,CA,AWP,WE,Federal Contract Tower,0,0,28,0,28,0,0,62,1,63,0,0,90,1,91,48,0,48,139
05/09/2020,SNS,CA,AWP,WE,Federal Contract Tower,0,0,43,0,43,0,0,81,0,81,0,0,124,0,124,92,0,92,216
05/10/2020,SNS,CA,AWP,WE,Federal Contract Tower,0,0,9,0,9,0,3,49,0,52,0,3,58,0,61,52,0,52,113
05/11/2020,SNS,CA,AWP,WE,Federal Contract Tower,0,1,26,0,27,0,2,55,4,61,0,3,81,4,88,30,0,30,118
05/12/2020,SNS,CA,AWP,WE,Federal Contract Tower,0,0,21,0,21,0,3,58,2,63,0,3,79,2,84,48,0,48,132
05/13/2020,SNS,CA,AWP,WE,Federal Contract Tower,0,0,13,0,13,0,0,82,2,84,0,0,95,2,97,40,0,40,137
05/14/2020,SNS,CA,AWP,WE,Federal Contract Tower,0,0,31,0,31,0,0,80,1,81,0,0,111,1,112,48,0,48,160
05/15/2020,SNS,CA,AWP,WE,Federal Contract Tower,0,0,66,0,66,0,0,84,4,88,0,0,150,4,154,70,18,88,242
05/16/2020,SNS,CA,AWP,WE,Federal Contract Tower,0,2,18,0,20,0,2,61,0,63,0,4,79,0,83,64,0,64,147
05/17/2020,SNS,CA,AWP,WE,Federal Contract Tower,0,0,22,0,22,0,3,30,0,33,0,3,52,0,55,20,0,20,75
05/18/2020,SNS,CA,AWP,WE,Federal Contract Tower,0,0,10,0,10,0,0,31,2,33,0,0,41,2,43,32,0,32,75
05/19/2020,SNS,CA,AWP,WE,Federal Contract Tower,0,0,45,0,45,0,0,81,3,84,0,0,126,3,129,58,0,58,187
05/20/2020,SNS,CA,AWP,WE,Federal Contract Tower,0,1,27,0,28,0,1,88,1,90,0,2,115,1,118,16,0,16,134
05/21/2020,SNS,CA,AWP,WE,Federal Contract Tower,0,0,61,2,63,0,2,76,2,80,0,2,137,4,143,72,0,72,215
05/22/2020,SNS,CA,AWP,WE,Federal Contract Tower,0,0,54,0,54,0,0,76,1,77,0,0,130,1,131,66,0,66,197
05/23/2020,SNS,CA,AWP,WE,Federal Contract Tower,0,0,42,0,42,0,0,70,0,70,0,0,112,0,112,80,0,80,192
05/24/2020,SNS,CA,AWP,WE,Federal Contract Tower,0,0,26,0,26,0,0,62,0,62,0,0,88,0,88,98,0,98,186
05/25/2020,SNS,CA,AWP,WE,Federal Contract Tower,0,2,46,1,49,0,4,102,0,106,0,6,148,1,155,100,0,100,255
05/26/2020,SNS,CA,AWP,WE,Federal Contract Tower,0,1,31,0,32,0,3,93,2,98,0,4,124,2,130,84,0,84,214
05/27/2020,SNS,CA,AWP,WE,Federal Contract Tower,0,0,6,0,6,0,0,58,0,58,0,0,64,0,64,58,0,58,122
05/28/2020,SNS,CA,AWP,WE,Federal Contract Tower,0,0,47,0,47,0,0,48,0,48,0,0,95,0,95,58,0,58,153
05/29/2020,SNS,CA,AWP,WE,Federal Contract Tower,0,0,50,0,50,0,0,43,0,43,0,0,93,0,93,58,0,58,151
05/30/2020,SNS,CA,AWP,WE,Federal Contract Tower,0,0,16,0,16,0,0,30,0,30,0,0,46,0,46,16,0,16,62
05/31/2020,SNS,CA,AWP,WE,Federal Contract Tower,0,0,16,0,16,0,0,49,0,49,0,0,65,0,65,34,0,34,99
06/01/2020,SNS,CA,AWP,WE,Federal Contract Tower,0,0,27,0,27,0,4,62,2,68,0,4,89,2,95,50,0,50,145
06/02/2020,SNS,CA,AWP,WE,Federal Contract Tower,0,2,61,0,63,0,6,85,2,93,0,8,146,2,156,68,0,68,224
06/03/2020,SNS,CA,AWP,WE,Federal Contract Tower,0,0,10,0,10,0,0,30,0,30,0,0,40,0,40,60,0,60,100
06/04/2020,SNS,CA,AWP,WE,Federal Contract Tower,0,0,51,0,51,0,3,93,0,96,0,3,144,0,147,68,1,69,216
06/05/2020,SNS,CA,AWP,WE,Federal Contract Tower,0,0,77,1,78,0,0,52,1,53,0,0,129,2,131,32,0,32,163
06/06/2020,SNS,CA,AWP,WE,Federal Contract Tower,0,0,28,0,28,0,3,68,0,71,0,3,96,0,99,60,0,60,159
06/07/2020,SNS,CA,AWP,WE,Federal Contract Tower,0,0,33,0,33,0,2,73,0,75,0,2,106,0,108,72,0,72,180
06/08/2020,SNS,CA,AWP,WE,Federal Contract Tower,0,0,79,0,79,0,4,71,2,77,0,4,150,2,156,72,0,72,228
06/09/2020,SNS,CA,AWP,WE,Federal Contract Tower,0,0,31,0,31,0,0,83,2,85,0,0,114,2,116,36,0,36,152
06/10/2020,SNS,CA,AWP,WE,Federal Contract Tower,0,0,13,0,13,0,0,51,0,51,0,0,64,0,64,78,2,80,144
06/11/2020,SNS,CA,AWP,WE,Federal Contract Tower,0,1,82,1,84,0,0,64,1,65,0,1,146,2,149,88,0,88,237
06/12/2020,SNS,CA,AWP,WE,Federal Contract Tower,0,2,55,0,57,0,1,84,2,87,0,3,139,2,144,86,0,86,230
06/13/2020,SNS,CA,AWP,WE,Federal Contract Tower,0,2,22,0,24,0,0,102,0,102,0,2,124,0,126,134,0,134,260
06/14/2020,SNS,CA,AWP,WE,Federal Contract Tower,0,0,26,0,26,0,0,49,0,49,0,0,75,0,75,60,0,60,135
06/15/2020,SNS,CA,AWP,WE,Federal Contract Tower,0,2,27,0,29,0,5,62,2,69,0,7,89,2,98,62,4,66,164
06/16/2020,SNS,CA,AWP,WE,Federal Contract Tower,0,2,45,0,47,0,0,86,2,88,0,2,131,2,135,54,14,68,203
06/17/2020,SNS,CA,AWP,WE,Federal Contract Tower,0,0,22,0,22,0,0,74,6,80,0,0,96,6,102,74,0,74,176
06/18/2020,SNS,CA,AWP,WE,Federal Contract Tower,0,2,21,0,23,0,0,66,1,67,0,2,87,1,90,130,0,130,220
06/19/2020,SNS,CA,AWP,WE,Federal Contract Tower,0,2,65,0,67,0,2,67,2,71,0,4,132,2,138,112,0,112,250
06/20/2020,SNS,CA,AWP,WE,Federal Contract Tower,0,2,68,0,70,0,2,52,0,54,0,4,120,0,124,60,0,60,184
06/21/2020,SNS,CA,AWP,WE,Federal Contract Tower,0,0,44,0,44,0,5,33,0,38,0,5,77,0,82,30,0,30,112
06/22/2020,SNS,CA,AWP,WE,Federal Contract Tower,0,1,59,0,60,0,0,0,0,0,0,1,59,0,60,66,0,66,126
06/23/2020,SNS,CA,AWP,WE,Federal Contract Tower,0,0,100,2,102,0,0,67,2,69,0,0,167,4,171,60,0,60,231
06/24/2020,SNS,CA,AWP,WE,Federal Contract Tower,0,0,56,0,56,0,0,52,0,52,0,0,108,0,108,56,0,56,164
06/25/2020,SNS,CA,AWP,WE,Federal Contract Tower,0,0,90,0,90,0,0,53,1,54,0,0,143,1,144,98,0,98,242
06/26/2020,SNS,CA,AWP,WE,Federal Contract Tower,0,0,74,0,74,0,0,53,1,54,0,0,127,1,128,88,0,88,216
06/27/2020,SNS,CA,AWP,WE,Federal Contract Tower,0,0,68,0,68,0,0,37,0,37,0,0,105,0,105,40,0,40,145
06/28/2020,SNS,CA,AWP,WE,Federal Contract Tower,0,0,30,0,30,0,2,38,0,40,0,2,68,0,70,84,0,84,154
06/29/2020,SNS,CA,AWP,WE,Federal Contract Tower,0,2,68,0,70,0,3,75,2,80,0,5,143,2,150,82,0,82,232
06/30/2020,SNS,CA,AWP,WE,Federal Contract Tower,0,8,83,0,91,0,0,91,3,94,0,8,174,3,185,96,0,96,281
07/01/2020,SNS,CA,AWP,WE,Federal Contract Tower,0,2,52,1,55,0,2,79,1,82,0,4,131,2,137,82,0,82,219
07/02/2020,SNS,CA,AWP,WE,Federal Contract Tower,0,0,32,0,32,0,0,62,0,62,0,0,94,0,94,114,0,114,208
07/03/2020,SNS,CA,AWP,WE,Federal Contract Tower,0,2,26,0,28,0,3,85,0,88,0,5,111,0,116,74,0,74,190
07/04/2020,SNS,CA,AWP,WE,Federal Contract Tower,0,0,37,0,37,0,7,71,0,78,0,7,108,0,115,84,0,84,199
07/05/2020,SNS,CA,AWP,WE,Federal Contract Tower,0,0,29,0,29,0,8,87,0,95,0,8,116,0,124,132,0,132,256
07/06/2020,SNS,CA,AWP,WE,Federal Contract Tower,0,0,31,0,31,0,6,64,2,72,0,6,95,2,103,72,0,72,175
07/07/2020,SNS,CA,AWP,WE,Federal Contract Tower,0,0,56,0,56,0,4,105,1,110,0,4,161,1,166,152,0,152,318
07/08/2020,SNS,CA,AWP,WE,Federal Contract Tower,0,0,48,0,48,0,0,55,2,57,0,0,103,2,105,66,0,66,171
07/09/2020,SNS,CA,AWP,WE,Federal Contract Tower,0,3,86,0,89,0,4,86,1,91,0,7,172,1,180,94,0,94,274
07/10/2020,SNS,CA,AWP,WE,Federal Contract Tower,0,3,75,0,78,0,0,86,0,86,0,3,161,0,164,74,0,74,238
07/11/2020,SNS,CA,AWP,WE,Federal Contract Tower,0,0,43,0,43,0,3,88,0,91,0,3,131,0,134,88,0,88,222
07/12/2020,SNS,CA,AWP,WE,Federal Contract Tower,0,2,77,0,79,0,6,74,0,80,0,8,151,0,159,66,0,66,225
07/13/2020,SNS,CA,AWP,WE,Federal Contract Tower,0,2,49,0,51,0,2,47,1,50,0,4,96,1,101,46,0,46,147
07/14/2020,SNS,CA,AWP,WE,Federal Contract Tower,0,0,24,0,24,0,0,58,0,58,0,0,82,0,82,78,0,78,160
07/15/2020,SNS,CA,AWP,WE,Federal Contract Tower,0,0,21,0,21,0,0,57,0,57,0,0,78,0,78,82,0,82,160
07/16/2020,SNS,CA,AWP,WE,Federal Contract Tower,0,3,85,2,90,0,3,73,2,78,0,6,158,4,168,84,0,84,252
07/17/2020,SNS,CA,AWP,WE,Federal Contract Tower,0,0,59,0,59,0,0,51,0,51,0,0,110,0,110,60,0,60,170
07/18/2020,SNS,CA,AWP,WE,Federal Contract Tower,0,0,29,0,29,0,3,48,0,51,0,3,77,0,80,28,0,28,108
07/19/2020,SNS,CA,AWP,WE,Federal Contract Tower,0,1,63,0,64,0,3,38,0,41,0,4,101,0,105,20,0,20,125
07/20/2020,SNS,CA,AWP,WE,Federal Contract Tower,0,0,70,4,74,0,0,74,0,74,0,0,144,4,148,44,0,44,192
07/21/2020,SNS,CA,AWP,WE,Federal Contract Tower,0,1,48,0,49,0,0,34,0,34,0,1,82,0,83,26,0,26,109
07/22/2020,SNS,CA,AWP,WE,Federal Contract Tower,0,0,65,0,65,0,0,67,2,69,0,0,132,2,134,66,0,66,200
07/23/2020,SNS,CA,AWP,WE,Federal Contract Tower,0,0,83,0,83,0,0,56,2,58,0,0,139,2,141,54,0,54,195
07/24/2020,SNS,CA,AWP,WE,Federal Contract Tower,0,0,44,0,44,0,0,36,2,38,0,0,80,2,82,40,0,40,122
07/25/2020,SNS,CA,AWP,WE,Federal Contract Tower,0,0,47,0,47,0,0,84,0,84,0,0,131,0,131,86,0,86,217
07/26/2020,SNS,CA,AWP,WE,Federal Contract Tower,0,1,75,0,76,0,3,82,0,85,0,4,157,0,161,48,0,48,209
07/27/2020,SNS,CA,AWP,WE,Federal Contract Tower,0,0,39,0,39,0,2,81,0,83,0,2,120,0,122,112,0,112,234
07/28/2020,SNS,CA,AWP,WE,Federal Contract Tower,0,0,46,0,46,0,0,56,0,56,0,0,102,0,102,78,0,78,180
07/29/2020,SNS,CA,AWP,WE,Federal Contract Tower,0,0,48,0,48,0,2,70,2,74,0,2,118,2,122,78,0,78,200
07/30/2020,SNS,CA,AWP,WE,Federal Contract Tower,0,0,57,0,57,0,0,67,0,67,0,0,124,0,124,76,0,76,200
07/31/2020,SNS,CA,AWP,WE,Federal Contract Tower,0,0,75,2,77,0,0,61,0,61,0,0,136,2,138,78,0,78,216
08/01/2020,SNS,CA,AWP,WE,Federal Contract Tower,0,1,50,0,51,0,3,78,0,81,0,4,128,0,132,70,0,70,202
08/02/2020,SNS,CA,AWP,WE,Federal Contract Tower,0,0,87,0,87,0,5,98,0,103,0,5,185,0,190,70,0,70,260
08/03/2020,SNS,CA,AWP,WE,Federal Contract Tower,0,0,80,1,81,0,3,109,2,114,0,3,189,3,195,108,0,108,303
08/04/2020,SNS,CA,AWP,WE,Federal Contract Tower,0,0,66,0,66,0,0,52,0,52,0,0,118,0,118,80,0,80,198
08/05/2020,SNS,CA,AWP,WE,Federal Contract Tower,0,0,45,0,45,0,0,65,2,67,0,0,110,2,112,88,0,88,200
08/06/2020,SNS,CA,AWP,WE,Federal Contract Tower,0,2,86,0,88,0,3,90,1,94,0,5,176,1,182,72,0,72,254
08/07/2020,SNS,CA,AWP,WE,Federal Contract Tower,0,0,107,0,107,0,0,106,2,108,0,0,213,2,215,180,0,180,395
08/08/2020,SNS,CA,AWP,WE,Federal Contract Tower,0,0,51,0,51,0,4,64,0,68,0,4,115,0,119,92,0,92,211
08/09/2020,SNS,CA,AWP,WE,Federal Contract Tower,0,0,83,0,83,0,2,84,0,86,0,2,167,0,169,112,0,112,281
08/10/2020,SNS,CA,AWP,WE,Federal Contract Tower,0,0,78,0,78,0,3,83,2,88,0,3,161,2,166,96,0,96,262
08/11/2020,SNS,CA,AWP,WE,Federal Contract Tower,0,7,73,0,80,0,0,82,2,84,0,7,155,2,164,108,0,108,272
08/12/2020,SNS,CA,AWP,WE,Federal Contract Tower,0,0,43,0,43,0,0,52,0,52,0,0,95,0,95,148,0,148,243
08/13/2020,SNS,CA,AWP,WE,Federal Contract Tower,0,0,74,3,77,0,0,84,3,87,0,0,158,6,164,94,0,94,258
08/14/2020,SNS,CA,AWP,WE,Federal Contract Tower,0,0,38,0,38,0,0,105,3,108,0,0,143,3,146,98,0,98,244
08/15/2020,SNS,CA,AWP,WE,Federal Contract Tower,0,0,37,0,37,0,4,65,0,69,0,4,102,0,106,76,0,76,182
08/16/2020,SNS,CA,AWP,WE,Federal Contract Tower,0,0,34,0,34,0,7,95,0,102,0,7,129,0,136,70,0,70,206
08/17/2020,SNS,CA,AWP,WE,Federal Contract Tower,0,1,23,1,25,0,7,66,0,73,0,8,89,1,98,0,0,0,98
08/18/2020,SNS,CA,AWP,WE,Federal Contract Tower,0,0,18,0,18,0,0,59,0,59,0,0,77,0,77,62,0,62,139
08/19/2020,SNS,CA,AWP,WE,Federal Contract Tower,0,0,24,0,24,0,0,37,0,37,0,0,61,0,61,54,0,54,115
08/20/2020,SNS,CA,AWP,WE,Federal Contract Tower,0,8,56,1,65,0,0,32,0,32,0,8,88,1,97,42,0,42,139
08/21/2020,SNS,CA,AWP,WE,Federal Contract Tower,0,2,23,1,26,0,4,3,0,7,0,6,26,1,33,0,0,0,33
08/22/2020,SNS,CA,AWP,WE,Federal Contract Tower,0,15,72,0,87,0,5,15,0,20,0,20,87,0,107,34,0,34,141
08/23/2020,SNS,CA,AWP,WE,Federal Contract Tower,0,0,17,0,17,0,1,45,0,46,0,1,62,0,63,0,0,0,63
08/24/2020,SNS,CA,AWP,WE,Federal Contract Tower,0,0,25,0,25,0,0,46,0,46,0,0,71,0,71,10,0,10,81
08/25/2020,SNS,CA,AWP,WE,Federal Contract Tower,0,0,21,0,21,0,0,55,0,55,0,0,76,0,76,84,0,84,160
08/26/2020,SNS,CA,AWP,WE,Federal Contract Tower,0,10,71,0,81,0,0,44,0,44,0,10,115,0,125,26,0,26,151
08/27/2020,SNS,CA,AWP,WE,Federal Contract Tower,0,3,40,0,43,0,0,70,2,72,0,3,110,2,115,84,0,84,199
08/28/2020,SNS,CA,AWP,WE,Federal Contract Tower,0,0,46,0,46,0,2,52,0,54,0,2,98,0,100,66,0,66,166
08/29/2020,SNS,CA,AWP,WE,Federal Contract Tower,0,11,45,0,56,0,0,60,0,60,0,11,105,0,116,68,0,68,184
08/30/2020,SNS,CA,AWP,WE,Federal Contract Tower,0,1,65,0,66,0,2,69,0,71,0,3,134,0,137,64,0,64,201
08/31/2020,SNS,CA,AWP,WE,Federal Contract Tower,0,4,78,2,84,0,0,59,2,61,0,4,137,4,145,52,0,52,197
09/01/2020,SNS,CA,AWP,WE,Federal Contract Tower,0,0,42,0,42,0,0,52,0,52,0,0,94,0,94,106,0,106,200
09/02/2020,SNS,CA,AWP,WE,Federal Contract Tower,0,0,49,0,49,0,0,82,0,82,0,0,131,0,131,116,0,116,247
09/03/2020,SNS,CA,AWP,WE,Federal Contract Tower,0,0,52,0,52,0,0,72,1,73,0,0,124,1,125,90,0,90,215
09/04/2020,SNS,CA,AWP,WE,Federal Contract Tower,0,0,46,0,46,0,0,77,0,77,0,0,123,0,123,146,0,146,269
09/05/2020,SNS,CA,AWP,WE,Federal Contract Tower,0,3,54,0,57,0,4,84,0,88,0,7,138,0,145,66,0,66,211
09/06/2020,SNS,CA,AWP,WE,Federal Contract Tower,0,3,33,0,36,0,11,81,0,92,0,14,114,0,128,126,0,126,254
09/07/2020,SNS,CA,AWP,WE,Federal Contract Tower,0,0,40,0,40,0,5,47,0,52,0,5,87,0,92,88,0,88,180
09/08/2020,SNS,CA,AWP,WE,Federal Contract Tower,0,2,50,0,52,0,0,62,0,62,0,2,112,0,114,94,0,94,208
09/09/2020,SNS,CA,AWP,WE,Federal Contract Tower,0,0,44,0,44,0,0,60,1,61,0,0,104,1,105,70,0,70,175
09/10/2020,SNS,CA,AWP,WE,Federal Contract Tower,0,2,55,2,59,0,0,19,2,21,0,2,74,4,80,0,0,0,80
09/11/2020,SNS,CA,AWP,WE,Federal Contract Tower,0,3,66,1,70,0,0,7,1,8,0,3,73,2,78,0,0,0,78
09/12/2020,SNS,CA,AWP,WE,Federal Contract Tower,0,0,13,0,13,0,0,11,0,11,0,0,24,0,24,0,0,0,24
09/13/2020,SNS,CA,AWP,WE,Federal Contract Tower,0,0,12,0,12,0,0,10,0,10,0,0,22,0,22,46,0,46,68
09/14/2020,SNS,CA,AWP,WE,Federal Contract Tower,0,0,28,0,28,0,0,15,1,16,0,0,43,1,44,54,0,54,98
09/15/2020,SNS,CA,AWP,WE,Federal Contract Tower,0,0,61,0,61,0,3,43,2,48,0,3,104,2,109,30,0,30,139
09/16/2020,SNS,CA,AWP,WE,Federal Contract Tower,0,0,87,0,87,0,5,97,2,104,0,5,184,2,191,166,0,166,357
09/17/2020,SNS,CA,AWP,WE,Federal Contract Tower,0,0,36,4,40,0,0,85,3,88,0,0,121,7,128,90,0,90,218
09/18/2020,SNS,CA,AWP,WE,Federal Contract Tower,0,0,26,0,26,0,0,104,2,106,0,0,130,2,132,152,0,152,284
09/19/2020,SNS,CA,AWP,WE,Federal Contract Tower,0,0,43,0,43,0,0,53,0,53,0,0,96,0,96,70,0,70,166
09/20/2020,SNS,CA,AWP,WE,Federal Contract Tower,0,0,42,0,42,0,1,91,0,92,0,1,133,0,134,94,0,94,228
09/21/2020,SNS,CA,AWP,WE,Federal Contract Tower,0,0,44,0,44,0,0,50,2,52,0,0,94,2,96,66,0,66,162
09/22/2020,SNS,CA,AWP,WE,Federal Contract Tower,0,0,50,0,50,0,0,63,2,65,0,0,113,2,115,106,0,106,221
09/23/2020,SNS,CA,AWP,WE,Federal Contract Tower,0,0,34,0,34,0,0,89,2,91,0,0,123,2,125,140,0,140,265
09/24/2020,SNS,CA,AWP,WE,Federal Contract Tower,0,0,28,0,28,0,0,91,2,93,0,0,119,2,121,182,0,182,303
09/25/2020,SNS,CA,AWP,WE,Federal Contract Tower,0,0,39,2,41,0,5,79,2,86,0,5,118,4,127,116,0,116,243
09/26/2020,SNS,CA,AWP,WE,Federal Contract Tower,0,0,37,0,37,0,0,71,0,71,0,0,108,0,108,82,0,82,190
09/27/2020,SNS,CA,AWP,WE,Federal Contract Tower,0,1,45,0,46,0,0,88,0,88,0,1,133,0,134,114,0,114,248
09/28/2020,SNS,CA,AWP,WE,Federal Contract Tower,0,0,34,0,34,0,5,65,1,71,0,5,99,1,105,32,0,32,137
09/29/2020,SNS,CA,AWP,WE,Federal Contract Tower,0,0,21,2,23,0,0,54,0,54,0,0,75,2,77,96,0,96,173
09/30/2020,SNS,CA,AWP,WE,Federal Contract Tower,0,5,44,1,50,0,0,59,1,60,0,5,103,2,110,72,0,72,182
10/01/2020,SNS,CA,AWP,WE,Federal Contract Tower,0,0,46,1,47,0,0,69,4,73,0,0,115,5,120,134,0,134,254
10/02/2020,SNS,CA,AWP,WE,Federal Contract Tower,0,0,49,0,49,0,0,72,2,74,0,0,121,2,123,36,0,36,159
10/03/2020,SNS,CA,AWP,WE,Federal Contract Tower,0,0,14,0,14,0,2,49,0,51,0,2,63,0,65,66,0,66,131
10/04/2020,SNS,CA,AWP,WE,Federal Contract Tower,0,0,33,1,34,0,3,53,0,56,0,3,86,1,90,90,0,90,180
10/05/2020,SNS,CA,AWP,WE,Federal Contract Tower,0,0,42,0,42,0,0,80,2,82,0,0,122,2,124,78,0,78,202
10/06/2020,SNS,CA,AWP,WE,Federal Contract Tower,0,0,53,1,54,0,0,86,1,87,0,0,139,2,141,126,0,126,267
10/07/2020,SNS,CA,AWP,WE,Federal Contract Tower,0,1,34,0,35,0,0,51,1,52,0,1,85,1,87,56,0,56,143
10/08/2020,SNS,CA,AWP,WE,Federal Contract Tower,0,2,66,0,68,0,0,59,2,61,0,2,125,2,129,70,0,70,199
10/09/2020,SNS,CA,AWP,WE,Federal Contract Tower,0,3,64,0,67,0,2,68,1,71,0,5,132,1,138,82,0,82,220
10/10/2020,SNS,CA,AWP,WE,Federal Contract Tower,0,1,28,0,29,0,7,93,0,100,0,8,121,0,129,130,0,130,259
10/11/2020,SNS,CA,AWP,WE,Federal Contract Tower,0,0,22,0,22,0,3,81,0,84,0,3,103,0,106,140,0,140,246
10/12/2020,SNS,CA,AWP,WE,Federal Contract Tower,0,1,32,0,33,0,0,85,0,85,0,1,117,0,118,112,0,112,230
10/13/2020,SNS,CA,AWP,WE,Federal Contract Tower,0,0,45,1,46,0,4,77,2,83,0,4,122,3,129,98,0,98,227
10/14/2020,SNS,CA,AWP,WE,Federal Contract Tower,0,0,34,4,38,0,5,85,3,93,0,5,119,7,131,88,0,88,219
10/15/2020,SNS,CA,AWP,WE,Federal Contract Tower,0,0,47,1,48,0,0,77,0,77,0,0,124,1,125,78,0,78,203
10/16/2020,SNS,CA,AWP,WE,Federal Contract Tower,0,0,29,0,29,0,0,78,0,78,0,0,107,0,107,72,0,72,179
10/17/2020,SNS,CA,AWP,WE,Federal Contract Tower,0,0,10,2,12,0,0,48,0,48,0,0,58,2,60,54,0,54,114
10/18/2020,SNS,CA,AWP,WE,Federal Contract Tower,0,0,29,0,29,0,5,68,0,73,0,5,97,0,102,82,0,82,184
10/19/2020,SNS,CA,AWP,WE,Federal Contract Tower,0,3,57,2,62,0,6,63,4,73,0,9,120,6,135,72,0,72,207
10/20/2020,SNS,CA,AWP,WE,Federal Contract Tower,0,0,58,0,58,0,3,47,0,50,0,3,105,0,108,60,0,60,168
10/21/2020,SNS,CA,AWP,WE,Federal Contract Tower,0,0,11,0,11,0,2,44,2,48,0,2,55,2,59,102,12,114,173
10/22/2020,SNS,CA,AWP,WE,Federal Contract Tower,0,0,41,1,42,0,0,46,2,48,0,0,87,3,90,60,0,60,150
10/23/2020,SNS,CA,AWP,WE,Federal Contract Tower,0,0,46,0,46,0,0,94,1,95,0,0,140,1,141,122,4,126,267
10/24/2020,SNS,CA,AWP,WE,Federal Contract Tower,0,4,13,0,17,0,2,45,0,47,0,6,58,0,64,62,0,62,126
10/25/2020,SNS,CA,AWP,WE,Federal Contract Tower,0,0,48,0,48,0,8,62,0,70,0,8,110,0,118,34,0,34,152
10/26/2020,SNS,CA,AWP,WE,Federal Contract Tower,0,0,41,0,41,0,0,70,0,70,0,0,111,0,111,56,0,56,167
10/27/2020,SNS,CA,AWP,WE,Federal Contract Tower,0,0,24,0,24,0,0,68,2,70,0,0,92,2,94,108,0,108,202
10/28/2020,SNS,CA,AWP,WE,Federal Contract Tower,0,0,42,0,42,0,0,71,2,73,0,0,113,2,115,68,0,68,183
10/29/2020,SNS,CA,AWP,WE,Federal Contract Tower,0,3,33,1,37,0,2,46,3,51,0,5,79,4,88,72,0,72,160
10/30/2020,SNS,CA,AWP,WE,Federal Contract Tower,0,7,22,2,31,0,4,72,0,76,0,11,94,2,107,54,0,54,161
10/31/2020,SNS,CA,AWP,WE,Federal Contract Tower,0,1,33,0,34,0,4,84,2,90,0,5,117,2,124,68,0,68,192
11/01/2020,SNS,CA,AWP,WE,Federal Contract Tower,0,0,28,0,28,0,5,66,0,71,0,5,94,0,99,64,0,64,163
11/02/2020,SNS,CA,AWP,WE,Federal Contract Tower,0,0,41,0,41,0,4,57,1,62,0,4,98,1,103,48,0,48,151
11/03/2020,SNS,CA,AWP,WE,Federal Contract Tower,0,0,49,0,49,0,0,56,2,58,0,0,105,2,107,62,0,62,169
11/04/2020,SNS,CA,AWP,WE,Federal Contract Tower,0,0,27,0,27,0,0,68,3,71,0,0,95,3,98,72,0,72,170
11/05/2020,SNS,CA,AWP,WE,Federal Contract Tower,0,5,50,3,58,0,0,96,1,97,0,5,146,4,155,132,6,138,293
11/06/2020,SNS,CA,AWP,WE,Federal Contract Tower,0,4,20,0,24,0,0,34,1,35,0,4,54,1,59,34,0,34,93
11/07/2020,SNS,CA,AWP,WE,Federal Contract Tower,0,0,21,0,21,0,5,56,0,61,0,5,77,0,82,84,0,84,166
11/08/2020,SNS,CA,AWP,WE,Federal Contract Tower,0,0,2,0,2,0,3,43,0,46,0,3,45,0,48,28,0,28,76
11/09/2020,SNS,CA,AWP,WE,Federal Contract Tower,0,0,29,0,29,0,8,66,4,78,0,8,95,4,107,74,0,74,181
11/10/2020,SNS,CA,AWP,WE,Federal Contract Tower,0,0,59,0,59,0,4,82,2,88,0,4,141,2,147,62,0,62,209
11/11/2020,SNS,CA,AWP,WE,Federal Contract Tower,0,0,49,0,49,0,4,77,0,81,0,4,126,0,130,90,0,90,220
11/12/2020,SNS,CA,AWP,WE,Federal Contract Tower,0,0,72,0,72,0,0,98,4,102,0,0,170,4,174,94,0,94,268
11/13/2020,SNS,CA,AWP,WE,Federal Contract Tower,0,0,22,0,22,0,0,51,2,53,0,0,73,2,75,88,0,88,163
11/14/2020,SNS,CA,AWP,WE,Federal Contract Tower,0,0,33,0,33,0,1,55,0,56,0,1,88,0,89,66,0,66,155
11/15/2020,SNS,CA,AWP,WE,Federal Contract Tower,0,0,35,0,35,0,2,67,0,69,0,2,102,0,104,86,0,86,190
11/16/2020,SNS,CA,AWP,WE,Federal Contract Tower,0,0,30,0,30,0,2,52,1,55,0,2,82,1,85,56,0,56,141
11/17/2020,SNS,CA,AWP,WE,Federal Contract Tower,0,2,30,0,32,0,4,64,0,68,0,6,94,0,100,66,0,66,166
11/18/2020,SNS,CA,AWP,WE,Federal Contract Tower,0,0,40,0,40,0,0,80,2,82,0,0,120,2,122,142,0,142,264
11/19/2020,SNS,CA,AWP,WE,Federal Contract Tower,0,0,57,0,57,0,0,70,0,70,0,0,127,0,127,94,0,94,221
11/20/2020,SNS,CA,AWP,WE,Federal Contract Tower,0,0,41,0,41,0,0,89,2,91,0,0,130,2,132,70,0,70,202
11/21/2020,SNS,CA,AWP,WE,Federal Contract Tower,0,0,10,0,10,0,5,52,0,57,0,5,62,0,67,120,0,120,187
11/22/2020,SNS,CA,AWP,WE,Federal Contract Tower,0,0,38,0,38,0,4,64,0,68,0,4,102,0,106,50,0,50,156
11/23/2020,SNS,CA,AWP,WE,Federal Contract Tower,0,1,66,0,67,0,4,84,1,89,0,5,150,1,156,48,0,48,204
11/24/2020,SNS,CA,AWP,WE,Federal Contract Tower,0,0,51,0,51,0,2,61,2,65,0,2,112,2,116,68,0,68,184
11/25/2020,SNS,CA,AWP,WE,Federal Contract Tower,0,0,58,1,59,0,1,107,0,108,0,1,165,1,167,90,0,90,257
11/26/2020,SNS,CA,AWP,WE,Federal Contract Tower,0,0,17,0,17,0,0,42,0,42,0,0,59,0,59,8,0,8,67
11/27/2020,SNS,CA,AWP,WE,Federal Contract Tower,0,0,24,0,24,0,0,41,0,41,0,0,65,0,65,12,0,12,77
11/28/2020,SNS,CA,AWP,WE,Federal Contract Tower,0,1,32,0,33,0,8,72,0,80,0,9,104,0,113,118,0,118,231
11/29/2020,SNS,CA,AWP,WE,Federal Contract Tower,0,0,32,0,32,0,2,65,0,67,0,2,97,0,99,52,0,52,151
11/30/2020,SNS,CA,AWP,WE,Federal Contract Tower,0,2,72,0,74,0,6,85,0,91,0,8,157,0,165,84,0,84,249
12/01/2020,SNS,CA,AWP,WE,Federal Contract Tower,0,2,63,0,65,0,3,80,3,86,0,5,143,3,151,72,8,80,231
12/02/2020,SNS,CA,AWP,WE,Federal Contract Tower,0,0,50,0,50,0,0,89,2,91,0,0,139,2,141,114,12,126,267
12/03/2020,SNS,CA,AWP,WE,Federal Contract Tower,0,0,26,0,26,0,0,61,0,61,0,0,87,0,87,124,0,124,211
12/04/2020,SNS,CA,AWP,WE,Federal Contract Tower,0,0,26,0,26,0,0,74,2,76,0,0,100,2,102,134,0,134,236
12/05/2020,SNS,CA,AWP,WE,Federal Contract Tower,0,0,65,0,65,0,5,61,0,66,0,5,126,0,131,92,0,92,223
12/06/2020,SNS,CA,AWP,WE,Federal Contract Tower,0,0,47,0,47,0,6,40,0,46,0,6,87,0,93,44,0,44,137
12/07/2020,SNS,CA,AWP,WE,Federal Contract Tower,0,0,42,0,42,0,4,76,2,82,0,4,118,2,124,68,0,68,192
12/08/2020,SNS,CA,AWP,WE,Federal Contract Tower,0,0,43,0,43,0,4,92,2,98,0,4,135,2,141,20,0,20,161
12/09/2020,SNS,CA,AWP,WE,Federal Contract Tower,0,0,21,0,21,0,0,69,2,71,0,0,90,2,92,68,0,68,160
12/10/2020,SNS,CA,AWP,WE,Federal Contract Tower,0,0,44,2,46,0,0,74,0,74,0,0,118,2,120,122,0,122,242
12/11/2020,SNS,CA,AWP,WE,Federal Contract Tower,0,0,26,2,28,0,0,62,2,64,0,0,88,4,92,94,0,94,186
12/12/2020,SNS,CA,AWP,WE,Federal Contract Tower,0,0,29,0,29,0,2,0,0,2,0,2,29,0,31,0,0,0,31
12/13/2020,SNS,CA,AWP,WE,Federal Contract Tower,0,0,28,0,28,0,4,26,0,30,0,4,54,0,58,22,0,22,80
12/14/2020,SNS,CA,AWP,WE,Federal Contract Tower,0,0,43,0,43,0,6,38,2,46,0,6,81,2,89,54,0,54,143
12/15/2020,SNS,CA,AWP,WE,Federal Contract Tower,0,0,30,0,30,0,2,71,3,76,0,2,101,3,106,40,0,40,146
12/16/2020,SNS,CA,AWP,WE,Federal Contract Tower,0,0,35,1,36,0,0,75,2,77,0,0,110,3,113,68,0,68,181
12/17/2020,SNS,CA,AWP,WE,Federal Contract Tower,0,0,22,0,22,0,0,62,6,68,0,0,84,6,90,80,0,80,170
12/18/2020,SNS,CA,AWP,WE,Federal Contract Tower,0,0,33,0,33,0,0,78,2,80,0,0,111,2,113,92,0,92,205
12/19/2020,SNS,CA,AWP,WE,Federal Contract Tower,0,0,40,0,40,0,6,79,0,85,0,6,119,0,125,118,0,118,243
12/20/2020,SNS,CA,AWP,WE,Federal Contract Tower,0,0,30,0,30,0,5,55,0,60,0,5,85,0,90,62,0,62,152
12/21/2020,SNS,CA,AWP,WE,Federal Contract Tower,0,0,31,0,31,0,0,53,2,55,0,0,84,2,86,38,0,38,124
12/22/2020,SNS,CA,AWP,WE,Federal Contract Tower,0,0,34,0,34,0,5,56,0,61,0,5,90,0,95,42,0,42,137
12/23/2020,SNS,CA,AWP,WE,Federal Contract Tower,0,0,32,0,32,0,0,0,0,0,0,0,32,0,32,76,0,76,108
12/24/2020,SNS,CA,AWP,WE,Federal Contract Tower,0,0,14,0,14,0,0,42,0,42,0,0,56,0,56,32,0,32,88
12/25/2020,SNS,CA,AWP,WE,Federal Contract Tower,0,0,0,0,0,0,0,6,0,6,0,0,6,0,6,8,0,8,14
12/26/2020,SNS,CA,AWP,WE,Federal Contract Tower,0,0,16,0,16,0,3,24,0,27,0,3,40,0,43,22,0,22,65
12/27/2020,SNS,CA,AWP,WE,Federal Contract Tower,0,0,19,0,19,0,0,44,0,44,0,0,63,0,63,96,0,96,159
12/28/2020,SNS,CA,AWP,WE,Federal Contract Tower,0,0,20,0,20,0,0,71,3,74,0,0,91,3,94,74,40,114,208
12/29/2020,SNS,CA,AWP,WE,Federal Contract Tower,0,0,37,0,37,0,0,99,7,106,0,0,136,7,143,100,28,128,271
12/30/2020,SNS,CA,AWP,WE,Federal Contract Tower,0,8,58,0,66,0,1,98,2,101,0,9,156,2,167,80,0,80,247
12/31/2020,SNS,CA,AWP,WE,Federal Contract Tower,0,0,12,0,12,0,0,71,0,71,0,0,83,0,83,76,0,76,159
01/01/2021,SNS,CA,AWP,WE,Federal Contract Tower,0,0,22,0,22,0,0,43,0,43,0,0,65,0,65,62,0,62,127
01/02/2021,SNS,CA,AWP,WE,Federal Contract Tower,0,0,30,0,30,0,0,57,0,57,0,0,87,0,87,44,0,44,131
01/03/2021,SNS,CA,AWP,WE,Federal Contract Tower,0,0,21,0,21,0,0,20,0,20,0,0,41,0,41,0,0,0,41
01/04/2021,SNS,CA,AWP,WE,Federal Contract Tower,0,0,12,0,12,0,1,9,0,10,0,1,21,0,22,14,0,14,36
01/05/2021,SNS,CA,AWP,WE,Federal Contract Tower,0,5,72,0,77,0,3,52,1,56,0,8,124,1,133,26,0,26,159
01/06/2021,SNS,CA,AWP,WE,Federal Contract Tower,0,0,15,0,15,0,17,48,2,67,0,17,63,2,82,68,0,68,150
01/07/2021,SNS,CA,AWP,WE,Federal Contract Tower,0,0,21,0,21,0,0,100,0,100,0,0,121,0,121,74,0,74,195
01/08/2021,SNS,CA,AWP,WE,Federal Contract Tower,0,2,24,0,26,0,0,81,0,81,0,2,105,0,107,184,0,184,291
01/09/2021,SNS,CA,AWP,WE,Federal Contract Tower,0,0,27,0,27,0,4,59,0,63,0,4,86,0,90,72,0,72,162
01/10/2021,SNS,CA,AWP,WE,Federal Contract Tower,0,0,38,0,38,0,6,61,0,67,0,6,99,0,105,78,0,78,183
01/11/2021,SNS,CA,AWP,WE,Federal Contract Tower,0,0,18,2,20,0,0,60,0,60,0,0,78,2,80,96,0,96,176
01/12/2021,SNS,CA,AWP,WE,Federal Contract Tower,0,0,48,2,50,0,0,0,78,78,0,0,48,80,128,76,2,78,206
01/13/2021,SNS,CA,AWP,WE,Federal Contract Tower,0,0,24,0,24,0,0,90,2,92,0,0,114,2,116,54,0,54,170
01/14/2021,SNS,CA,AWP,WE,Federal Contract Tower,0,0,30,2,32,0,0,93,2,95,0,0,123,4,127,124,0,124,251
01/15/2021,SNS,CA,AWP,WE,Federal Contract Tower,0,0,40,0,40,0,0,81,0,81,0,0,121,0,121,138,0,138,259
01/16/2021,SNS,CA,AWP,WE,Federal Contract Tower,0,0,12,0,12,0,0,73,2,75,0,0,85,2,87,118,0,118,205
01/17/2021,SNS,CA,AWP,WE,Federal Contract Tower,0,0,30,0,30,0,4,69,0,73,0,4,99,0,103,110,0,110,213
01/18/2021,SNS,CA,AWP,WE,Federal Contract Tower,0,0,29,0,29,0,1,62,0,63,0,1,91,0,92,82,0,82,174
01/19/2021,SNS,CA,AWP,WE,Federal Contract Tower,0,0,11,0,11,0,0,50,0,50,0,0,61,0,61,70,0,70,131
01/20/2021,SNS,CA,AWP,WE,Federal Contract Tower,0,0,63,0,63,0,0,85,2,87,0,0,148,2,150,110,0,110,260
01/21/2021,SNS,CA,AWP,WE,Federal Contract Tower,0,0,20,0,20,0,0,69,2,71,0,0,89,2,91,124,0,124,215
01/22/2021,SNS,CA,AWP,WE,Federal Contract Tower,0,0,2,0,2,0,0,19,2,21,0,0,21,2,23,30,12,42,65
01/23/2021,SNS,CA,AWP,WE,Federal Contract Tower,0,0,13,3,16,0,0,85,1,86,0,0,98,4,102,130,0,130,232
01/24/2021,SNS,CA,AWP,WE,Federal Contract Tower,0,4,34,0,38,0,4,41,0,45,0,8,75,0,83,20,0,20,103
01/25/2021,SNS,CA,AWP,WE,Federal Contract Tower,0,0,33,0,33,0,9,37,2,48,0,9,70,2,81,0,0,0,81
01/26/2021,SNS,CA,AWP,WE,Federal Contract Tower,0,0,61,0,61,0,5,59,3,67,0,5,120,3,128,34,0,34,162
01/27/2021,SNS,CA,AWP,WE,Federal Contract Tower,0,2,39,0,41,0,0,29,0,29,0,2,68,0,70,0,0,0,70
01/28/2021,SNS,CA,AWP,WE,Federal Contract Tower,0,0,32,0,32,0,0,35,2,37,0,0,67,2,69,24,0,24,93
01/29/2021,SNS,CA,AWP,WE,Federal Contract Tower,0,0,14,0,14,0,0,47,0,47,0,0,61,0,61,76,0,76,137
01/30/2021,SNS,CA,AWP,WE,Federal Contract Tower,0,0,31,0,31,0,0,65,0,65,0,0,96,0,96,90,0,90,186
01/31/2021,SNS,CA,AWP,WE,Federal Contract Tower,0,0,32,0,32,0,0,61,0,61,0,0,93,0,93,98,0,98,191
02/01/2021,SNS,CA,AWP,WE,Federal Contract Tower,0,0,35,0,35,0,0,66,0,66,0,0,101,0,101,44,0,44,145
02/02/2021,SNS,CA,AWP,WE,Federal Contract Tower,0,0,34,0,34,0,0,28,0,28,0,0,62,0,62,46,0,46,108
02/03/2021,SNS,CA,AWP,WE,Federal Contract Tower,0,0,50,1,51,0,0,70,2,72,0,0,120,3,123,78,0,78,201
02/04/2021,SNS,CA,AWP,WE,Federal Contract Tower,0,0,39,0,39,0,0,86,4,90,0,0,125,4,129,90,0,90,219
02/05/2021,SNS,CA,AWP,WE,Federal Contract Tower,0,0,44,0,44,0,0,71,2,73,0,0,115,2,117,138,0,138,255
02/06/2021,SNS,CA,AWP,WE,Federal Contract Tower,0,0,29,0,29,0,4,106,0,110,0,4,135,0,139,150,0,150,289
02/07/2021,SNS,CA,AWP,WE,Federal Contract Tower,0,0,29,0,29,0,15,67,0,82,0,15,96,0,111,122,0,122,233
02/08/2021,SNS,CA,AWP,WE,Federal Contract Tower,0,0,29,0,29,0,2,47,0,49,0,2,76,0,78,56,0,56,134
02/09/2021,SNS,CA,AWP,WE,Federal Contract Tower,0,1,32,0,33,0,2,76,2,80,0,3,108,2,113,46,0,46,159
02/10/2021,SNS,CA,AWP,WE,Federal Contract Tower,0,5,53,0,58,0,4,64,0,68,0,9,117,0,126,70,0,70,196
02/11/2021,SNS,CA,AWP,WE,Federal Contract Tower,0,0,38,0,38,0,0,59,0,59,0,0,97,0,97,72,0,72,169
02/12/2021,SNS,CA,AWP,WE,Federal Contract Tower,0,0,31,2,33,0,0,60,0,60,0,0,91,2,93,50,0,50,143
02/13/2021,SNS,CA,AWP,WE,Federal Contract Tower,0,0,16,0,16,0,3,35,0,38,0,3,51,0,54,20,0,20,74
02/14/2021,SNS,CA,AWP,WE,Federal Contract Tower,0,0,29,0,29,0,3,72,0,75,0,3,101,0,104,58,0,58,162
02/15/2021,SNS,CA,AWP,WE,Federal Contract Tower,0,1,33,0,34,0,0,18,0,18,0,1,51,0,52,50,0,50,102
02/16/2021,SNS,CA,AWP,WE,Federal Contract Tower,0,1,51,0,52,0,5,67,1,73,0,6,118,1,125,54,0,54,179
02/17/2021,SNS,CA,AWP,WE,Federal Contract Tower,0,0,46,0,46,0,5,86,0,91,0,5,132,0,137,68,0,68,205
02/18/2021,SNS,CA,AWP,WE,Federal Contract Tower,0,7,72,2,81,0,4,91,2,97,0,11,163,4,178,94,2,96,274
02/19/2021,SNS,CA,AWP,WE,Federal Contract Tower,0,0,32,0,32,0,0,33,0,33,0,0,65,0,65,0,0,0,65
02/20/2021,SNS,CA,AWP,WE,Federal Contract Tower,0,0,14,0,14,0,5,51,0,56,0,5,65,0,70,66,0,66,136
02/21/2021,SNS,CA,AWP,WE,Federal Contract Tower,0,0,61,0,61,0,0,73,0,73,0,0,134,0,134,68,0,68,202
02/22/2021,SNS,CA,AWP,WE,Federal Contract Tower,0,0,28,0,28,0,1,72,0,73,0,1,100,0,101,90,0,90,191
02/23/2021,SNS,CA,AWP,WE,Federal Contract Tower,0,0,58,0,58,0,6,75,0,81,0,6,133,0,139,58,0,58,197
02/24/2021,SNS,CA,AWP,WE,Federal Contract Tower,0,0,15,0,15,0,0,87,2,89,0,0,102,2,104,56,0,56,160
02/25/2021,SNS,CA,AWP,WE,Federal Contract Tower,0,0,33,0,33,0,0,77,2,79,0,0,110,2,112,118,0,118,230
02/26/2021,SNS,CA,AWP,WE,Federal Contract Tower,0,0,25,0,25,0,0,80,0,80,0,0,105,0,105,116,0,116,221
02/27/2021,SNS,CA,AWP,WE,Federal Contract Tower,0,0,11,0,11,0,2,58,4,64,0,2,69,4,75,56,0,56,131
02/28/2021,SNS,CA,AWP,WE,Federal Contract Tower,0,0,38,0,38,0,5,87,0,92,0,5,125,0,130,162,0,162,292
03/01/2021,SNS,CA,AWP,WE,Federal Contract Tower,0,0,42,0,42,0,4,51,2,57,0,4,93,2,99,82,0,82,181
03/02/2021,SNS,CA,AWP,WE,Federal Contract Tower,0,0,44,0,44,0,3,59,0,62,0,3,103,0,106,116,0,116,222
03/03/2021,SNS,CA,AWP,WE,Federal Contract Tower,0,0,51,2,53,0,3,76,0,79,0,3,127,2,132,104,0,104,236
03/04/2021,SNS,CA,AWP,WE,Federal Contract Tower,0,0,47,3,50,0,0,88,4,92,0,0,135,7,142,122,0,122,264
03/05/2021,SNS,CA,AWP,WE,Federal Contract Tower,0,0,32,6,38,0,0,92,2,94,0,0,124,8,132,148,0,148,280
03/06/2021,SNS,CA,AWP,WE,Federal Contract Tower,0,0,33,0,33,0,6,61,0,67,0,6,94,0,100,74,0,74,174
03/07/2021,SNS,CA,AWP,WE,Federal Contract Tower,0,0,54,0,54,0,5,86,0,91,0,5,140,0,145,62,0,62,207
03/08/2021,SNS,CA,AWP,WE,Federal Contract Tower,0,1,37,0,38,0,0,59,0,59,0,1,96,0,97,74,0,74,171
03/09/2021,SNS,CA,AWP,WE,Federal Contract Tower,0,0,40,0,40,0,2,41,0,43,0,2,81,0,83,32,0,32,115
03/10/2021,SNS,CA,AWP,WE,Federal Contract Tower,0,2,41,0,43,0,3,35,1,39,0,5,76,1,82,48,6,54,136
03/11/2021,SNS,CA,AWP,WE,Federal Contract Tower,0,0,40,0,40,0,0,59,0,59,0,0,99,0,99,116,10,126,225
03/12/2021,SNS,CA,AWP,WE,Federal Contract Tower,0,0,36,2,38,0,0,75,2,77,0,0,111,4,115,160,0,160,275
03/13/2021,SNS,CA,AWP,WE,Federal Contract Tower,0,0,27,0,27,0,0,77,0,77,0,0,104,0,104,54,0,54,158
03/14/2021,SNS,CA,AWP,WE,Federal Contract Tower,0,0,33,0,33,0,4,44,0,48,0,4,77,0,81,52,0,52,133
03/15/2021,SNS,CA,AWP,WE,Federal Contract Tower,0,0,29,0,29,0,2,29,2,33,0,2,58,2,62,0,0,0,62
03/16/2021,SNS,CA,AWP,WE,Federal Contract Tower,0,2,51,0,53,0,2,47,2,51,0,4,98,2,104,72,0,72,176
03/17/2021,SNS,CA,AWP,WE,Federal Contract Tower,0,0,54,2,56,0,0,60,2,62,0,0,114,4,118,116,0,116,234
03/18/2021,SNS,CA,AWP,WE,Federal Contract Tower,0,0,14,0,14,0,0,43,2,45,0,0,57,2,59,64,0,64,123
03/19/2021,SNS,CA,AWP,WE,Federal Contract Tower,0,0,8,7,15,0,0,4,1,5,0,0,12,8,20,0,0,0,20
03/20/2021,SNS,CA,AWP,WE,Federal Contract Tower,0,0,26,0,26,0,6,76,0,82,0,6,102,0,108,96,0,96,204
03/21/2021,SNS,CA,AWP,WE,Federal Contract Tower,0,0,38,0,38,0,2,62,2,66,0,2,100,2,104,84,0,84,188
03/22/2021,SNS,CA,AWP,WE,Federal Contract Tower,0,4,48,0,52,0,5,79,1,85,0,9,127,1,137,74,0,74,211
03/23/2021,SNS,CA,AWP,WE,Federal Contract Tower,0,0,37,0,37,0,2,64,2,68,0,2,101,2,105,88,0,88,193
03/24/2021,SNS,CA,AWP,WE,Federal Contract Tower,0,0,29,0,29,0,4,73,0,77,0,4,102,0,106,88,0,88,194
03/25/2021,SNS,CA,AWP,WE,Federal Contract Tower,0,0,18,2,20,0,0,37,0,37,0,0,55,2,57,0,0,0,57
03/26/2021,SNS,CA,AWP,WE,Federal Contract Tower,0,0,34,0,34,0,0,90,2,92,0,0,124,2,126,194,0,194,320
03/27/2021,SNS,CA,AWP,WE,Federal Contract Tower,0,0,56,0,56,0,9,97,0,106,0,9,153,0,162,168,0,168,330
03/28/2021,SNS,CA,AWP,WE,Federal Contract Tower,0,0,27,0,27,0,0,45,0,45,0,0,72,0,72,78,0,78,150
03/29/2021,SNS,CA,AWP,WE,Federal Contract Tower,0,2,52,0,54,0,0,48,1,49,0,2,100,1,103,64,0,64,167
03/30/2021,SNS,CA,AWP,WE,Federal Contract Tower,0,6,64,0,70,0,4,81,1,86,0,10,145,1,156,104,0,104,260
03/31/2021,SNS,CA,AWP,WE,Federal Contract Tower,0,0,42,0,42,0,0,90,3,93,0,0,132,3,135,100,0,100,235
04/01/2021,SNS,CA,AWP,WE,Federal Contract Tower,0,0,14,0,14,0,0,70,2,72,0,0,84,2,86,90,0,90,176
04/02/2021,SNS,CA,AWP,WE,Federal Contract Tower,0,0,63,0,63,0,4,79,0,83,0,4,142,0,146,70,0,70,216
04/03/2021,SNS,CA,AWP,WE,Federal Contract Tower,0,0,24,0,24,0,0,72,2,74,0,0,96,2,98,82,0,82,180
04/04/2021,SNS,CA,AWP,WE,Federal Contract Tower,0,0,30,0,30,0,0,66,0,66,0,0,96,0,96,66,0,66,162
04/05/2021,SNS,CA,AWP,WE,Federal Contract Tower,0,0,32,0,32,0,3,59,0,62,0,3,91,0,94,50,0,50,144
04/06/2021,SNS,CA,AWP,WE,Federal Contract Tower,0,1,28,2,31,0,8,63,0,71,0,9,91,2,102,74,0,74,176
04/07/2021,SNS,CA,AWP,WE,Federal Contract Tower,0,0,46,0,46,0,3,67,2,72,0,3,113,2,118,106,0,106,224
04/08/2021,SNS,CA,AWP,WE,Federal Contract Tower,0,0,58,0,58,0,5,89,2,96,0,5,147,2,154,114,0,114,268
04/09/2021,SNS,CA,AWP,WE,Federal Contract Tower,0,0,46,0,46,0,0,93,0,93,0,0,139,0,139,80,0,80,219
04/10/2021,SNS,CA,AWP,WE,Federal Contract Tower,0,0,30,0,30,0,1,67,0,68,0,1,97,0,98,90,0,90,188
04/11/2021,SNS,CA,AWP,WE,Federal Contract Tower,0,0,44,0,44,0,4,67,0,71,0,4,111,0,115,52,0,52,167
04/12/2021,SNS,CA,AWP,WE,Federal Contract Tower,0,9,65,0,74,0,4,66,0,70,0,13,131,0,144,56,12,68,212
04/13/2021,SNS,CA,AWP,WE,Federal Contract Tower,0,0,65,0,65,0,4,87,12,103,0,4,152,12,168,56,0,56,224
04/14/2021,SNS,CA,AWP,WE,Federal Contract Tower,0,0,22,0,22,0,0,73,0,73,0,0,95,0,95,94,0,94,189
04/15/2021,SNS,CA,AWP,WE,Federal Contract Tower,0,1,56,0,57,0,0,86,2,88,0,1,142,2,145,116,0,116,261
04/16/2021,SNS,CA,AWP,WE,Federal Contract Tower,0,0,35,0,35,0,1,71,0,72,0,1,106,0,107,80,0,80,187
04/17/2021,SNS,CA,AWP,WE,Federal Contract Tower,0,0,30,0,30,0,2,67,0,69,0,2,97,0,99,52,0,52,151
04/18/2021,SNS,CA,AWP,WE,Federal Contract Tower,0,0,19,0,19,0,6,54,0,60,0,6,73,0,79,84,0,84,163
04/19/2021,SNS,CA,AWP,WE,Federal Contract Tower,0,0,47,2,49,0,0,64,2,66,0,0,111,4,115,58,0,58,173
04/20/2021,SNS,CA,AWP,WE,Federal Contract Tower,0,4,46,0,50,0,0,44,2,46,0,4,90,2,96,66,0,66,162
04/21/2021,SNS,CA,AWP,WE,Federal Contract Tower,0,0,36,0,36,0,0,61,2,63,0,0,97,2,99,64,0,64,163
04/22/2021,SNS,CA,AWP,WE,Federal Contract Tower,0,0,49,0,49,0,1,85,2,88,0,1,134,2,137,86,0,86,223
04/23/2021,SNS,CA,AWP,WE,Federal Contract Tower,0,5,51,0,56,0,0,86,0,86,0,5,137,0,142,88,0,88,230
04/24/2021,SNS,CA,AWP,WE,Federal Contract Tower,0,0,53,0,53,0,0,68,0,68,0,0,121,0,121,64,0,64,185
04/25/2021,SNS,CA,AWP,WE,Federal Contract Tower,0,0,44,0,44,0,6,37,0,43,0,6,81,0,87,54,0,54,141
04/26/2021,SNS,CA,AWP,WE,Federal Contract Tower,0,0,51,0,51,0,0,95,1,96,0,0,146,1,147,74,0,74,221
04/27/2021,SNS,CA,AWP,WE,Federal Contract Tower,0,0,63,1,64,0,2,117,2,121,0,2,180,3,185,134,0,134,319
04/28/2021,SNS,CA,AWP,WE,Federal Contract Tower,0,0,62,0,62,0,0,114,2,116,0,0,176,2,178,126,0,126,304
04/29/2021,SNS,CA,AWP,WE,Federal Contract Tower,0,0,54,1,55,0,0,112,1,113,0,0,166,2,168,112,10,122,290
04/30/2021,SNS,CA,AWP,WE,Federal Contract Tower,0,4,52,2,58,0,1,120,3,124,0,5,172,5,182,84,0,84,266
05/01/2021,SNS,CA,AWP,WE,Federal Contract Tower,0,0,56,2,58,0,1,34,0,35,0,1,90,2,93,20,0,20,113
05/02/2021,SNS,CA,AWP,WE,Federal Contract Tower,0,0,35,0,35,0,1,66,2,69,0,1,101,2,104,70,0,70,174
05/03/2021,SNS,CA,AWP,WE,Federal Contract Tower,0,0,71,0,71,0,4,63,2,69,0,4,134,2,140,0,0,0,140
05/04/2021,SNS,CA,AWP,WE,Federal Contract Tower,0,0,71,10,81,0,1,133,1,135,0,1,204,11,216,94,0,94,310
05/05/2021,SNS,CA,AWP,WE,Federal Contract Tower,0,0,64,0,64,0,2,60,3,65,0,2,124,3,129,56,0,56,185
05/06/2021,SNS,CA,AWP,WE,Federal Contract Tower,0,3,89,0,92,0,2,111,2,115,0,5,200,2,207,86,0,86,293
05/07/2021,SNS,CA,AWP,WE,Federal Contract Tower,0,2,55,0,57,0,2,91,0,93,0,4,146,0,150,82,0,82,232
05/08/2021,SNS,CA,AWP,WE,Federal Contract Tower,0,0,75,0,75,0,0,86,0,86,0,0,161,0,161,128,0,128,289
05/09/2021,SNS,CA,AWP,WE,Federal Contract Tower,0,0,36,0,36,0,0,71,8,79,0,0,107,8,115,74,0,74,189
05/10/2021,SNS,CA,AWP,WE,Federal Contract Tower,0,15,42,5,62,0,7,89,4,100,0,22,131,9,162,52,8,60,222
05/11/2021,SNS,CA,AWP,WE,Federal Contract Tower,0,0,88,4,92,0,4,59,0,63,0,4,147,4,155,44,0,44,199
05/12/2021,SNS,CA,AWP,WE,Federal Contract Tower,0,3,79,3,85,0,3,72,1,76,0,6,151,4,161,54,12,66,227
05/14/2021,SNS,CA,AWP,WE,Federal Contract Tower,0,0,41,0,41,0,0,27,1,28,0,0,68,1,69,30,0,30,99
05/15/2021,SNS,CA,AWP,WE,Federal Contract Tower,0,0,33,1,34,0,3,22,1,26,0,3,55,2,60,20,0,20,80
05/16/2021,SNS,CA,AWP,WE,Federal Contract Tower,0,0,54,2,56,0,2,25,0,27,0,2,79,2,83,48,0,48,131
05/17/2021,SNS,CA,AWP,WE,Federal Contract Tower,0,0,44,0,44,0,4,45,2,51,0,4,89,2,95,38,0,38,133
05/18/2021,SNS,CA,AWP,WE,Federal Contract Tower,0,0,39,0,39,0,3,80,2,85,0,3,119,2,124,74,0,74,198
05/19/2021,SNS,CA,AWP,WE,Federal Contract Tower,0,0,39,0,39,0,0,53,7,60,0,0,92,7,99,46,0,46,145
05/20/2021,SNS,CA,AWP,WE,Federal Contract Tower,0,0,43,3,46,0,3,65,4,72,0,3,108,7,118,86,0,86,204
05/21/2021,SNS,CA,AWP,WE,Federal Contract Tower,0,0,50,4,54,0,2,88,0,90,0,2,138,4,144,86,0,86,230
05/22/2021,SNS,CA,AWP,WE,Federal Contract Tower,0,0,19,0,19,0,0,54,4,58,0,0,73,4,77,52,0,52,129
05/23/2021,SNS,CA,AWP,WE,Federal Contract Tower,0,0,21,0,21,0,0,59,0,59,0,0,80,0,80,48,0,48,128
05/24/2021,SNS,CA,AWP,WE,Federal Contract Tower,0,0,22,3,25,0,0,32,1,33,0,0,54,4,58,32,0,32,90
05/25/2021,SNS,CA,AWP,WE,Federal Contract Tower,0,0,41,0,41,0,0,59,2,61,0,0,100,2,102,46,0,46,148
05/26/2021,SNS,CA,AWP,WE,Federal Contract Tower,0,0,66,1,67,0,6,66,3,75,0,6,132,4,142,51,0,51,193
05/27/2021,SNS,CA,AWP,WE,Federal Contract Tower,0,0,50,0,50,0,0,79,3,82,0,0,129,3,132,72,0,72,204
05/28/2021,SNS,CA,AWP,WE,Federal Contract Tower,0,0,56,0,56,0,0,48,1,49,0,0,104,1,105,54,0,54,159
05/29/2021,SNS,CA,AWP,WE,Federal Contract Tower,0,0,31,0,31,0,0,33,0,33,0,0,64,0,64,62,0,62,126
05/30/2021,SNS,CA,AWP,WE,Federal Contract Tower,0,0,18,0,18,0,0,33,0,33,0,0,51,0,51,66,0,66,117
05/31/2021,SNS,CA,AWP,WE,Federal Contract Tower,0,1,22,0,23,0,4,85,0,89,0,5,107,0,112,108,0,108,220
06/01/2021,SNS,CA,AWP,WE,Federal Contract Tower,0,0,48,1,49,0,2,45,2,49,0,2,93,3,98,56,0,56,154
06/02/2021,SNS,CA,AWP,WE,Federal Contract Tower,0,0,76,0,76,0,0,41,2,43,0,0,117,2,119,42,6,48,167
06/03/2021,SNS,CA,AWP,WE,Federal Contract Tower,0,0,53,2,55,0,0,48,5,53,0,0,101,7,108,104,8,112,220
06/04/2021,SNS,CA,AWP,WE,Federal Contract Tower,0,4,53,0,57,0,0,42,1,43,0,4,95,1,100,58,0,58,158
06/05/2021,SNS,CA,AWP,WE,Federal Contract Tower,0,0,49,0,49,0,1,58,0,59,0,1,107,0,108,88,0,88,196
06/06/2021,SNS,CA,AWP,WE,Federal Contract Tower,0,2,40,0,42,0,4,63,0,67,0,6,103,0,109,72,0,72,181
06/07/2021,SNS,CA,AWP,WE,Federal Contract Tower,0,0,34,0,34,0,3,64,2,69,0,3,98,2,103,62,0,62,165
06/08/2021,SNS,CA,AWP,WE,Federal Contract Tower,0,3,40,5,48,0,3,104,4,111,0,6,144,9,159,120,0,120,279
06/09/2021,SNS,CA,AWP,WE,Federal Contract Tower,0,0,32,1,33,0,0,89,1,90,0,0,121,2,123,76,0,76,199
06/10/2021,SNS,CA,AWP,WE,Federal Contract Tower,0,0,41,0,41,0,3,92,4,99,0,3,133,4,140,98,0,98,238
06/11/2021,SNS,CA,AWP,WE,Federal Contract Tower,0,2,30,0,32,0,0,81,0,81,0,2,111,0,113,70,0,70,183
06/12/2021,SNS,CA,AWP,WE,Federal Contract Tower,0,0,29,0,29,0,0,103,1,104,0,0,132,1,133,106,0,106,239
06/13/2021,SNS,CA,AWP,WE,Federal Contract Tower,0,0,31,0,31,0,6,69,0,75,0,6,100,0,106,68,0,68,174
06/14/2021,SNS,CA,AWP,WE,Federal Contract Tower,0,0,34,0,34,0,6,66,6,78,0,6,100,6,112,34,0,34,146
06/15/2021,SNS,CA,AWP,WE,Federal Contract Tower,0,0,36,7,43,0,1,80,1,82,0,1,116,8,125,110,0,110,235
06/16/2021,SNS,CA,AWP,WE,Federal Contract Tower,0,0,32,3,35,0,2,56,3,61,0,2,88,6,96,74,0,74,170
06/17/2021,SNS,CA,AWP,WE,Federal Contract Tower,0,0,34,0,34,0,5,72,3,80,0,5,106,3,114,72,14,86,200
06/18/2021,SNS,CA,AWP,WE,Federal Contract Tower,0,0,43,0,43,0,0,49,0,49,0,0,92,0,92,8,0,8,100
06/19/2021,SNS,CA,AWP,WE,Federal Contract Tower,0,1,28,0,29,0,2,37,0,39,0,3,65,0,68,32,0,32,100
06/20/2021,SNS,CA,AWP,WE,Federal Contract Tower,0,0,13,0,13,0,2,44,0,46,0,2,57,0,59,68,0,68,127
06/21/2021,SNS,CA,AWP,WE,Federal Contract Tower,0,1,44,7,52,0,0,42,1,43,0,1,86,8,95,46,8,54,149
06/22/2021,SNS,CA,AWP,WE,Federal Contract Tower,0,0,28,0,28,0,3,57,6,66,0,3,85,6,94,104,0,104,198
06/23/2021,SNS,CA,AWP,WE,Federal Contract Tower,0,0,33,0,33,0,6,86,2,94,0,6,119,2,127,92,0,92,219
06/24/2021,SNS,CA,AWP,WE,Federal Contract Tower,0,2,26,0,28,0,4,56,4,64,0,6,82,4,92,103,0,103,195
06/25/2021,SNS,CA,AWP,WE,Federal Contract Tower,0,0,32,0,32,0,0,46,1,47,0,0,78,1,79,18,0,18,97
06/26/2021,SNS,CA,AWP,WE,Federal Contract Tower,0,0,38,1,39,0,4,43,1,48,0,4,81,2,87,42,0,42,129
06/27/2021,SNS,CA,AWP,WE,Federal Contract Tower,0,0,19,0,19,0,3,49,0,52,0,3,68,0,71,46,0,46,117
06/28/2021,SNS,CA,AWP,WE,Federal Contract Tower,0,0,20,0,20,0,3,50,1,54,0,3,70,1,74,52,0,52,126
06/29/2021,SNS,CA,AWP,WE,Federal Contract Tower,0,4,46,0,50,0,0,55,0,55,0,4,101,0,105,66,0,66,171
06/30/2021,SNS,CA,AWP,WE,Federal Contract Tower,0,2,22,0,24,0,9,35,0,44,0,11,57,0,68,40,0,40,108
07/01/2021,SNS,CA,AWP,WE,Federal Contract Tower,0,7,27,0,34,0,0,19,0,19,0,7,46,0,53,26,0,26,79
07/02/2021,SNS,CA,AWP,WE,Federal Contract Tower,0,1,29,0,30,0,1,55,0,56,0,2,84,0,86,64,0,64,150
07/03/2021,SNS,CA,AWP,WE,Federal Contract Tower,0,0,18,0,18,0,7,41,0,48,0,7,59,0,66,36,0,36,102
07/04/2021,SNS,CA,AWP,WE,Federal Contract Tower,0,2,15,0,17,0,8,22,0,30,0,10,37,0,47,8,0,8,55
07/05/2021,SNS,CA,AWP,WE,Federal Contract Tower,0,3,33,0,36,0,1,48,0,49,0,4,81,0,85,44,0,44,129
07/06/2021,SNS,CA,AWP,WE,Federal Contract Tower,0,0,34,1,35,0,5,36,1,42,0,5,70,2,77,96,0,96,173
07/07/2021,SNS,CA,AWP,WE,Federal Contract Tower,0,1,41,0,42,0,0,34,0,34,0,1,75,0,76,24,0,24,100
07/08/2021,SNS,CA,AWP,WE,Federal Contract Tower,0,0,48,0,48,0,0,53,0,53,0,0,101,0,101,156,0,156,257
07/09/2021,SNS,CA,AWP,WE,Federal Contract Tower,0,0,40,0,40,0,3,53,2,58,0,3,93,2,98,96,0,96,194
07/10/2021,SNS,CA,AWP,WE,Federal Contract Tower,0,1,36,1,38,0,6,72,0,78,0,7,108,1,116,60,0,60,176
07/11/2021,SNS,CA,AWP,WE,Federal Contract Tower,0,0,30,0,30,0,7,32,0,39,0,7,62,0,69,20,0,20,89
07/12/2021,SNS,CA,AWP,WE,Federal Contract Tower,0,0,48,0,48,0,2,55,0,57,0,2,103,0,105,30,0,30,135
07/13/2021,SNS,CA,AWP,WE,Federal Contract Tower,0,0,30,0,30,0,2,27,0,29,0,2,57,0,59,34,0,34,93
07/14/2021,SNS,CA,AWP,WE,Federal Contract Tower,0,2,53,0,55,0,3,43,7,53,0,5,96,7,108,76,0,76,184
07/15/2021,SNS,CA,AWP,WE,Federal Contract Tower,0,4,47,2,53,0,1,45,0,46,0,5,92,2,99,76,0,76,175
07/16/2021,SNS,CA,AWP,WE,Federal Contract Tower,0,1,37,0,38,0,0,42,0,42,0,1,79,0,80,50,0,50,130
07/17/2021,SNS,CA,AWP,WE,Federal Contract Tower,0,4,16,0,20,0,12,50,0,62,0,16,66,0,82,52,0,52,134
07/18/2021,SNS,CA,AWP,WE,Federal Contract Tower,0,0,27,0,27,0,7,33,0,40,0,7,60,0,67,36,0,36,103
07/19/2021,SNS,CA,AWP,WE,Federal Contract Tower,0,0,16,3,19,0,6,35,1,42,0,6,51,4,61,4,0,4,65
07/20/2021,SNS,CA,AWP,WE,Federal Contract Tower,0,0,51,2,53,0,5,41,1,47,0,5,92,3,100,60,0,60,160
07/21/2021,SNS,CA,AWP,WE,Federal Contract Tower,0,4,29,0,33,0,0,34,0,34,0,4,63,0,67,41,0,41,108
07/22/2021,SNS,CA,AWP,WE,Federal Contract Tower,0,0,55,1,56,0,0,68,3,71,0,0,123,4,127,32,0,32,159
07/23/2021,SNS,CA,AWP,WE,Federal Contract Tower,0,0,53,0,53,0,2,38,2,42,0,2,91,2,95,42,0,42,137
07/24/2021,SNS,CA,AWP,WE,Federal Contract Tower,0,1,31,0,32,0,3,28,0,31,0,4,59,0,63,40,0,40,103
07/25/2021,SNS,CA,AWP,WE,Federal Contract Tower,0,0,33,0,33,0,8,44,0,52,0,8,77,0,85,56,0,56,141
07/26/2021,SNS,CA,AWP,WE,Federal Contract Tower,0,0,39,0,39,0,2,49,0,51,0,2,88,0,90,14,0,14,104
07/27/2021,SNS,CA,AWP,WE,Federal Contract Tower,0,0,43,2,45,0,3,84,2,89,0,3,127,4,134,54,6,60,194
07/28/2021,SNS,CA,AWP,WE,Federal Contract Tower,0,0,41,2,43,0,0,68,2,70,0,0,109,4,113,74,0,74,187
07/29/2021,SNS,CA,AWP,WE,Federal Contract Tower,0,5,51,2,58,0,1,47,9,57,0,6,98,11,115,84,0,84,199
07/30/2021,SNS,CA,AWP,WE,Federal Contract Tower,0,1,73,0,74,0,4,71,0,75,0,5,144,0,149,20,0,20,169
07/31/2021,SNS,CA,AWP,WE,Federal Contract Tower,0,0,54,0,54,0,3,45,0,48,0,3,99,0,102,48,0,48,150
08/01/2021,SNS,CA,AWP,WE,Federal Contract Tower,0,1,17,1,19,0,12,41,0,53,0,13,58,1,72,36,0,36,108
08/02/2021,SNS,CA,AWP,WE,Federal Contract Tower,0,0,46,0,46,0,0,48,4,52,0,0,94,4,98,90,0,90,188
08/03/2021,SNS,CA,AWP,WE,Federal Contract Tower,0,0,46,13,59,0,0,52,4,56,0,0,98,17,115,57,0,57,172
08/04/2021,SNS,CA,AWP,WE,Federal Contract Tower,0,2,43,0,45,0,0,50,1,51,0,2,93,1,96,72,0,72,168
08/05/2021,SNS,CA,AWP,WE,Federal Contract Tower,0,0,69,0,69,0,4,79,3,86,0,4,148,3,155,142,0,142,297
08/06/2021,SNS,CA,AWP,WE,Federal Contract Tower,0,0,47,3,50,0,0,52,1,53,0,0,99,4,103,30,0,30,133
08/07/2021,SNS,CA,AWP,WE,Federal Contract Tower,0,0,36,0,36,0,3,45,0,48,0,3,81,0,84,48,0,48,132
08/08/2021,SNS,CA,AWP,WE,Federal Contract Tower,0,0,7,0,7,0,12,58,0,70,0,12,65,0,77,52,0,52,129
08/09/2021,SNS,CA,AWP,WE,Federal Contract Tower,0,1,16,2,19,0,6,50,0,56,0,7,66,2,75,90,0,90,165
08/10/2021,SNS,CA,AWP,WE,Federal Contract Tower,0,0,26,0,26,0,2,55,3,60,0,2,81,3,86,70,0,70,156
08/11/2021,SNS,CA,AWP,WE,Federal Contract Tower,0,0,35,0,35,0,0,50,0,50,0,0,85,0,85,90,0,90,175
08/12/2021,SNS,CA,AWP,WE,Federal Contract Tower,0,0,15,0,15,0,2,71,1,74,0,2,86,1,89,100,0,100,189
08/13/2021,SNS,CA,AWP,WE,Federal Contract Tower,0,0,26,3,29,0,0,60,3,63,0,0,86,6,92,28,0,28,120
08/14/2021,SNS,CA,AWP,WE,Federal Contract Tower,0,0,23,0,23,0,0,34,3,37,0,0,57,3,60,48,0,48,108
08/15/2021,SNS,CA,AWP,WE,Federal Contract Tower,0,2,55,0,57,0,4,47,3,54,0,6,102,3,111,32,0,32,143
08/16/2021,SNS,CA,AWP,WE,Federal Contract Tower,0,0,60,3,63,0,8,25,1,34,0,8,85,4,97,24,0,24,121
08/17/2021,SNS,CA,AWP,WE,Federal Contract Tower,0,0,42,1,43,0,0,30,0,30,0,0,72,1,73,62,0,62,135
08/18/2021,SNS,CA,AWP,WE,Federal Contract Tower,0,0,22,2,24,0,2,48,3,53,0,2,70,5,77,122,0,122,199
08/19/2021,SNS,CA,AWP,WE,Federal Contract Tower,0,0,33,3,36,0,0,21,0,21,0,0,54,3,57,62,0,62,119
08/20/2021,SNS,CA,AWP,WE,Federal Contract Tower,0,0,25,0,25,0,2,5,9,16,0,2,30,9,41,0,0,0,41
08/21/2021,SNS,CA,AWP,WE,Federal Contract Tower,0,0,23,0,23,0,1,6,0,7,0,1,29,0,30,10,0,10,40
08/22/2021,SNS,CA,AWP,WE,Federal Contract Tower,0,0,9,0,9,0,8,39,0,47,0,8,48,0,56,26,0,26,82
08/23/2021,SNS,CA,AWP,WE,Federal Contract Tower,0,0,15,2,17,0,0,46,1,47,0,0,61,3,64,40,0,40,104
08/24/2021,SNS,CA,AWP,WE,Federal Contract Tower,0,0,24,3,27,0,3,21,2,26,0,3,45,5,53,36,0,36,89
08/25/2021,SNS,CA,AWP,WE,Federal Contract Tower,0,1,37,4,42,0,2,60,0,62,0,3,97,4,104,62,0,62,166
08/26/2021,SNS,CA,AWP,WE,Federal Contract Tower,0,1,50,1,52,0,1,47,1,49,0,2,97,2,101,64,0,64,165
08/27/2021,SNS,CA,AWP,WE,Federal Contract Tower,0,4,36,0,40,0,0,65,3,68,0,4,101,3,108,78,0,78,186
08/28/2021,SNS,CA,AWP,WE,Federal Contract Tower,0,0,20,1,21,0,1,54,0,55,0,1,74,1,76,162,0,162,238
08/29/2021,SNS,CA,AWP,WE,Federal Contract Tower,0,0,61,0,61,0,11,79,0,90,0,11,140,0,151,56,0,56,207
08/30/2021,SNS,CA,AWP,WE,Federal Contract Tower,0,0,22,1,23,0,1,31,1,33,0,1,53,2,56,52,0,52,108
08/31/2021,SNS,CA,AWP,WE,Federal Contract Tower,0,0,16,2,18,0,7,59,2,68,0,7,75,4,86,70,10,80,166
09/01/2021,SNS,CA,AWP,WE,Federal Contract Tower,0,0,27,0,27,0,4,53,1,58,0,4,80,1,85,30,0,30,115
09/02/2021,SNS,CA,AWP,WE,Federal Contract Tower,0,1,17,3,21,0,1,40,4,45,0,2,57,7,66,22,0,22,88
09/03/2021,SNS,CA,AWP,WE,Federal Contract Tower,0,0,21,0,21,0,11,56,2,69,0,11,77,2,90,22,6,28,118
09/04/2021,SNS,CA,AWP,WE,Federal Contract Tower,0,0,17,0,17,0,0,26,0,26,0,0,43,0,43,4,0,4,47
09/05/2021,SNS,CA,AWP,WE,Federal Contract Tower,0,0,32,1,33,0,5,45,0,50,0,5,77,1,83,32,0,32,115
09/06/2021,SNS,CA,AWP,WE,Federal Contract Tower,0,2,9,0,11,0,2,58,0,60,0,4,67,0,71,34,0,34,105
09/07/2021,SNS,CA,AWP,WE,Federal Contract Tower,0,0,29,0,29,0,2,74,3,79,0,2,103,3,108,112,0,112,220
09/08/2021,SNS,CA,AWP,WE,Federal Contract Tower,0,0,34,0,34,0,3,60,1,64,0,3,94,1,98,48,0,48,146
09/09/2021,SNS,CA,AWP,WE,Federal Contract Tower,0,0,44,0,44,0,0,37,3,40,0,0,81,3,84,22,0,22,106
09/10/2021,SNS,CA,AWP,WE,Federal Contract Tower,0,4,73,0,77,0,3,68,0,71,0,7,141,0,148,78,0,78,226
09/11/2021,SNS,CA,AWP,WE,Federal Contract Tower,0,0,29,0,29,0,0,52,0,52,0,0,81,0,81,108,0,108,189
09/12/2021,SNS,CA,AWP,WE,Federal Contract Tower,0,3,42,0,45,0,8,55,1,64,0,11,97,1,109,72,0,72,181
09/13/2021,SNS,CA,AWP,WE,Federal Contract Tower,0,2,42,0,44,0,3,38,2,43,0,5,80,2,87,2,0,2,89
09/14/2021,SNS,CA,AWP,WE,Federal Contract Tower,0,8,56,2,66,0,1,57,2,60,0,9,113,4,126,42,0,42,168
09/15/2021,SNS,CA,AWP,WE,Federal Contract Tower,0,8,51,3,62,0,3,48,1,52,0,11,99,4,114,28,8,36,150
09/16/2021,SNS,CA,AWP,WE,Federal Contract Tower,0,7,49,1,57,0,13,35,2,50,0,20,84,3,107,28,0,28,135
09/17/2021,SNS,CA,AWP,WE,Federal Contract Tower,0,0,25,0,25,0,5,47,1,53,0,5,72,1,78,32,0,32,110
09/18/2021,SNS,CA,AWP,WE,Federal Contract Tower,0,0,36,0,36,0,1,35,2,38,0,1,71,2,74,30,0,30,104
09/19/2021,SNS,CA,AWP,WE,Federal Contract Tower,0,2,19,0,21,0,6,59,0,65,0,8,78,0,86,54,0,54,140
09/20/2021,SNS,CA,AWP,WE,Federal Contract Tower,0,0,29,0,29,0,12,63,0,75,0,12,92,0,104,20,0,20,124
09/21/2021,SNS,CA,AWP,WE,Federal Contract Tower,0,0,26,0,26,0,18,60,2,80,0,18,86,2,106,72,0,72,178
09/22/2021,SNS,CA,AWP,WE,Federal Contract Tower,0,7,33,4,44,0,18,63,1,82,0,25,96,5,126,38,0,38,164
09/23/2021,SNS,CA,AWP,WE,Federal Contract Tower,0,2,52,2,56,0,8,63,5,76,0,10,115,7,132,40,0,40,172
09/24/2021,SNS,CA,AWP,WE,Federal Contract Tower,0,0,44,0,44,0,0,44,0,44,0,0,88,0,88,48,0,48,136
09/25/2021,SNS,CA,AWP,WE,Federal Contract Tower,0,0,55,1,56,0,4,68,0,72,0,4,123,1,128,28,0,28,156
09/26/2021,SNS,CA,AWP,WE,Federal Contract Tower,0,0,21,0,21,0,7,72,0,79,0,7,93,0,100,56,0,56,156
09/27/2021,SNS,CA,AWP,WE,Federal Contract Tower,0,0,48,1,49,0,1,46,1,48,0,1,94,2,97,40,0,40,137
09/28/2021,SNS,CA,AWP,WE,Federal Contract Tower,0,0,15,0,15,0,3,81,0,84,0,3,96,0,99,52,0,52,151
09/29/2021,SNS,CA,AWP,WE,Federal Contract Tower,0,0,25,0,25,0,4,0,2,6,0,4,25,2,31,116,0,116,147
09/30/2021,SNS,CA,AWP,WE,Federal Contract Tower,0,2,28,0,30,0,7,98,2,107,0,9,126,2,137,58,0,58,195
10/01/2021,SNS,CA,AWP,WE,Federal Contract Tower,0,0,35,0,35,0,9,69,2,80,0,9,104,2,115,44,0,44,159
10/02/2021,SNS,CA,AWP,WE,Federal Contract Tower,0,0,17,0,17,0,6,77,0,83,0,6,94,0,100,42,0,42,142
10/03/2021,SNS,CA,AWP,WE,Federal Contract Tower,0,0,21,0,21,0,11,95,0,106,0,11,116,0,127,56,0,56,183
10/04/2021,SNS,CA,AWP,WE,Federal Contract Tower,0,0,29,0,29,0,5,84,2,91,0,5,113,2,120,106,0,106,226
10/05/2021,SNS,CA,AWP,WE,Federal Contract Tower,0,0,27,4,31,0,3,52,1,56,0,3,79,5,87,80,0,80,167
10/06/2021,SNS,CA,AWP,WE,Federal Contract Tower,0,0,50,3,53,0,6,96,0,102,0,6,146,3,155,40,0,40,195
10/07/2021,SNS,CA,AWP,WE,Federal Contract Tower,0,0,26,1,27,0,9,58,2,69,0,9,84,3,96,22,0,22,118
10/08/2021,SNS,CA,AWP,WE,Federal Contract Tower,0,2,36,5,43,0,0,64,2,66,0,2,100,7,109,18,0,18,127
10/09/2021,SNS,CA,AWP,WE,Federal Contract Tower,0,0,21,1,22,0,5,58,0,63,0,5,79,1,85,16,0,16,101
10/10/2021,SNS,CA,AWP,WE,Federal Contract Tower,0,0,32,0,32,0,16,81,0,97,0,16,113,0,129,46,0,46,175
10/11/2021,SNS,CA,AWP,WE,Federal Contract Tower,0,0,16,0,16,0,1,57,0,58,0,1,73,0,74,6,0,6,80
10/12/2021,SNS,CA,AWP,WE,Federal Contract Tower,0,0,13,1,14,0,14,74,0,88,0,14,87,1,102,50,0,50,152
10/13/2021,SNS,CA,AWP,WE,Federal Contract Tower,0,2,47,0,49,0,9,74,3,86,0,11,121,3,135,58,0,58,193
10/14/2021,SNS,CA,AWP,WE,Federal Contract Tower,0,0,32,2,34,0,2,94,0,96,0,2,126,2,130,146,0,146,276
10/15/2021,SNS,CA,AWP,WE,Federal Contract Tower,0,0,51,1,52,0,1,111,1,113,0,1,162,2,165,124,0,124,289
10/16/2021,SNS,CA,AWP,WE,Federal Contract Tower,0,0,29,0,29,0,7,89,0,96,0,7,118,0,125,56,0,56,181
10/17/2021,SNS,CA,AWP,WE,Federal Contract Tower,0,0,25,0,25,0,4,45,0,49,0,4,70,0,74,0,0,0,74
10/18/2021,SNS,CA,AWP,WE,Federal Contract Tower,0,0,9,0,9,0,5,60,2,67,0,5,69,2,76,40,0,40,116
10/19/2021,SNS,CA,AWP,WE,Federal Contract Tower,0,0,69,0,69,0,3,127,2,132,0,3,196,2,201,104,0,104,305
10/20/2021,SNS,CA,AWP,WE,Federal Contract Tower,0,0,30,1,31,0,12,66,3,81,0,12,96,4,112,14,10,24,136
10/21/2021,SNS,CA,AWP,WE,Federal Contract Tower,0,0,39,3,42,0,2,68,9,79,0,2,107,12,121,34,0,34,155
10/22/2021,SNS,CA,AWP,WE,Federal Contract Tower,0,2,56,0,58,0,4,75,0,79,0,6,131,0,137,16,0,16,153
10/23/2021,SNS,CA,AWP,WE,Federal Contract Tower,0,0,42,0,42,0,3,63,0,66,0,3,105,0,108,32,0,32,140
10/24/2021,SNS,CA,AWP,WE,Federal Contract Tower,0,0,13,0,13,0,5,5,0,10,0,5,18,0,23,16,0,16,39
10/25/2021,SNS,CA,AWP,WE,Federal Contract Tower,0,3,24,0,27,0,5,51,13,69,0,8,75,13,96,32,0,32,128
10/26/2021,SNS,CA,AWP,WE,Federal Contract Tower,0,0,26,2,28,0,10,79,4,93,0,10,105,6,121,22,0,22,143
10/27/2021,SNS,CA,AWP,WE,Federal Contract Tower,0,0,11,0,11,0,10,96,1,107,0,10,107,1,118,26,0,26,144
10/28/2021,SNS,CA,AWP,WE,Federal Contract Tower,0,0,11,0,11,0,0,62,2,64,0,0,73,2,75,0,22,22,97
10/29/2021,SNS,CA,AWP,WE,Federal Contract Tower,0,0,3,0,3,0,9,125,18,152,0,9,128,18,155,98,64,162,317
10/30/2021,SNS,CA,AWP,WE,Federal Contract Tower,0,0,27,0,27,0,13,52,3,68,0,13,79,3,95,40,28,68,163
10/31/2021,SNS,CA,AWP,WE,Federal Contract Tower,0,0,3,0,3,0,11,127,8,146,0,11,130,8,149,78,0,78,227
11/01/2021,SNS,CA,AWP,WE,Federal Contract Tower,0,0,7,0,7,0,1,48,4,53,0,1,55,4,60,14,0,14,74
11/02/2021,SNS,CA,AWP,WE,Federal Contract Tower,0,0,23,0,23,0,10,81,3,94,0,10,104,3,117,80,0,80,197
11/03/2021,SNS,CA,AWP,WE,Federal Contract Tower,0,2,49,4,55,0,0,50,1,51,0,2,99,5,106,24,0,24,130
11/04/2021,SNS,CA,AWP,WE,Federal Contract Tower,0,0,49,0,49,0,4,85,9,98,0,4,134,9,147,82,0,82,229
11/05/2021,SNS,CA,AWP,WE,Federal Contract Tower,0,0,76,3,79,0,0,119,3,122,0,0,195,6,201,54,0,54,255
11/06/2021,SNS,CA,AWP,WE,Federal Contract Tower,0,0,12,0,12,0,1,44,0,45,0,1,56,0,57,48,0,48,105
11/07/2021,SNS,CA,AWP,WE,Federal Contract Tower,0,0,28,0,28,0,4,88,0,92,0,4,116,0,120,28,0,28,148
11/08/2021,SNS,CA,AWP,WE,Federal Contract Tower,0,0,20,0,20,0,12,62,2,76,0,12,82,2,96,44,0,44,140
11/09/2021,SNS,CA,AWP,WE,Federal Contract Tower,0,0,53,2,55,0,1,52,2,55,0,1,105,4,110,14,0,14,124
11/10/2021,SNS,CA,AWP,WE,Federal Contract Tower,0,3,44,3,50,0,5,80,0,85,0,8,124,3,135,66,0,66,201
11/11/2021,SNS,CA,AWP,WE,Federal Contract Tower,0,0,51,0,51,0,5,107,0,112,0,5,158,0,163,100,0,100,263
11/12/2021,SNS,CA,AWP,WE,Federal Contract Tower,0,2,52,4,58,0,3,120,2,125,0,5,172,6,183,44,0,44,227
11/13/2021,SNS,CA,AWP,WE,Federal Contract Tower,0,0,35,0,35,0,5,110,0,115,0,5,145,0,150,112,0,112,262
11/14/2021,SNS,CA,AWP,WE,Federal Contract Tower,0,0,34,0,34,0,2,100,0,102,0,2,134,0,136,22,0,22,158
11/15/2021,SNS,CA,AWP,WE,Federal Contract Tower,0,2,57,6,65,0,12,93,0,105,0,14,150,6,170,62,0,62,232
11/16/2021,SNS,CA,AWP,WE,Federal Contract Tower,0,2,55,1,58,0,3,41,4,48,0,5,96,5,106,26,0,26,132
11/17/2021,SNS,CA,AWP,WE,Federal Contract Tower,0,0,23,1,24,0,5,53,1,59,0,5,76,2,83,34,0,34,117
11/18/2021,SNS,CA,AWP,WE,Federal Contract Tower,0,0,31,2,33,0,0,37,6,43,0,0,68,8,76,60,0,60,136
11/19/2021,SNS,CA,AWP,WE,Federal Contract Tower,0,1,44,4,49,0,2,47,12,61,0,3,91,16,110,8,0,8,118
11/20/2021,SNS,CA,AWP,WE,Federal Contract Tower,0,0,8,0,8,0,4,107,0,111,0,4,115,0,119,110,0,110,229
11/21/2021,SNS,CA,AWP,WE,Federal Contract Tower,0,1,24,0,25,0,0,81,0,81,0,1,105,0,106,22,0,22,128
11/22/2021,SNS,CA,AWP,WE,Federal Contract Tower,0,0,44,1,45,0,4,124,5,133,0,4,168,6,178,72,10,82,260
11/23/2021,SNS,CA,AWP,WE,Federal Contract Tower,0,0,20,0,20,0,10,100,2,112,0,10,120,2,132,114,0,114,246
11/24/2021,SNS,CA,AWP,WE,Federal Contract Tower,0,0,40,0,40,0,0,84,0,84,0,0,124,0,124,40,0,40,164
11/25/2021,SNS,CA,AWP,WE,Federal Contract Tower,0,0,4,0,4,0,3,19,0,22,0,3,23,0,26,0,0,0,26
11/26/2021,SNS,CA,AWP,WE,Federal Contract Tower,0,0,16,0,16,0,5,83,0,88,0,5,99,0,104,30,0,30,134
11/27/2021,SNS,CA,AWP,WE,Federal Contract Tower,0,0,13,0,13,0,0,74,0,74,0,0,87,0,87,176,0,176,263
11/28/2021,SNS,CA,AWP,WE,Federal Contract Tower,0,0,21,0,21,0,3,138,0,141,0,3,159,0,162,80,0,80,242
11/29/2021,SNS,CA,AWP,WE,Federal Contract Tower,0,0,29,1,30,0,0,61,2,63,0,0,90,3,93,42,0,42,135
11/30/2021,SNS,CA,AWP,WE,Federal Contract Tower,0,3,38,0,41,0,10,88,3,101,0,13,126,3,142,34,0,34,176
12/01/2021,SNS,CA,AWP,WE,Federal Contract Tower,0,0,15,0,15,0,2,62,2,66,0,2,77,2,81,20,0,20,101
12/02/2021,SNS,CA,AWP,WE,Federal Contract Tower,0,10,13,0,23,0,5,46,1,52,0,15,59,1,75,58,0,58,133
12/03/2021,SNS,CA,AWP,WE,Federal Contract Tower,0,1,44,1,46,0,4,22,2,28,0,5,66,3,74,70,0,70,144
12/04/2021,SNS,CA,AWP,WE,Federal Contract Tower,0,0,28,5,33,0,3,13,9,25,0,3,41,14,58,34,0,34,92
12/05/2021,SNS,CA,AWP,WE,Federal Contract Tower,0,2,48,0,50,0,5,55,4,64,0,7,103,4,114,62,0,62,176
12/06/2021,SNS,CA,AWP,WE,Federal Contract Tower,0,0,24,3,27,0,4,44,4,52,0,4,68,7,79,36,0,36,115
12/07/2021,SNS,CA,AWP,WE,Federal Contract Tower,0,0,22,2,24,0,0,35,2,37,0,0,57,4,61,18,0,18,79
12/08/2021,SNS,CA,AWP,WE,Federal Contract Tower,0,0,21,0,21,0,1,7,1,9,0,1,28,1,30,6,0,6,36
12/09/2021,SNS,CA,AWP,WE,Federal Contract Tower,0,0,12,0,12,0,2,19,1,22,0,2,31,1,34,26,0,26,60
12/10/2021,SNS,CA,AWP,WE,Federal Contract Tower,0,1,18,0,19,0,1,85,2,88,0,2,103,2,107,48,0,48,155
12/11/2021,SNS,CA,AWP,WE,Federal Contract Tower,0,0,37,0,37,0,1,79,0,80,0,1,116,0,117,40,0,40,157
12/12/2021,SNS,CA,AWP,WE,Federal Contract Tower,0,1,4,0,5,0,3,39,0,42,0,4,43,0,47,24,0,24,71
12/13/2021,SNS,CA,AWP,WE,Federal Contract Tower,0,0,4,3,7,0,0,1,3,4,0,0,5,6,11,0,0,0,11
12/14/2021,SNS,CA,AWP,WE,Federal Contract Tower,0,0,13,0,13,0,0,12,9,21,0,0,25,9,34,16,0,16,50
12/15/2021,SNS,CA,AWP,WE,Federal Contract Tower,0,2,26,0,28,0,2,33,2,37,0,4,59,2,65,20,0,20,85
12/16/2021,SNS,CA,AWP,WE,Federal Contract Tower,0,0,24,5,29,0,6,31,2,39,0,6,55,7,68,68,0,68,136
12/17/2021,SNS,CA,AWP,WE,Federal Contract Tower,0,0,26,0,26,0,6,95,0,101,0,6,121,0,127,40,0,40,167
12/18/2021,SNS,CA,AWP,WE,Federal Contract Tower,0,1,27,0,28,0,1,96,0,97,0,2,123,0,125,84,0,84,209
12/19/2021,SNS,CA,AWP,WE,Federal Contract Tower,0,0,25,0,25,0,4,62,0,66,0,4,87,0,91,144,0,144,235
12/20/2021,SNS,CA,AWP,WE,Federal Contract Tower,0,1,16,2,19,0,8,53,0,61,0,9,69,2,80,30,0,30,110
12/21/2021,SNS,CA,AWP,WE,Federal Contract Tower,0,2,38,0,40,0,0,46,8,54,0,2,84,8,94,34,0,34,128
12/22/2021,SNS,CA,AWP,WE,Federal Contract Tower,0,0,13,0,13,0,0,8,0,8,0,0,21,0,21,22,0,22,43
12/23/2021,SNS,CA,AWP,WE,Federal Contract Tower,0,0,14,0,14,0,0,5,0,5,0,0,19,0,19,2,0,2,21
12/24/2021,SNS,CA,AWP,WE,Federal Contract Tower,0,0,13,0,13,0,0,1,0,1,0,0,14,0,14,0,0,0,14
12/25/2021,SNS,CA,AWP,WE,Federal Contract Tower,0,0,0,0,0,0,0,1,0,1,0,0,1,0,1,0,0,0,1
12/26/2021,SNS,CA,AWP,WE,Federal Contract Tower,0,2,17,0,19,0,3,58,0,61,0,5,75,0,80,30,0,30,110
12/27/2021,SNS,CA,AWP,WE,Federal Contract Tower,0,0,21,2,23,0,3,4,0,7,0,3,25,2,30,0,0,0,30
12/28/2021,SNS,CA,AWP,WE,Federal Contract Tower,0,0,6,0,6,0,2,10,0,12,0,2,16,0,18,18,0,18,36
12/29/2021,SNS,CA,AWP,WE,Federal Contract Tower,0,0,10,2,12,0,0,7,0,7,0,0,17,2,19,16,0,16,35
12/30/2021,SNS,CA,AWP,WE,Federal Contract Tower,0,0,25,0,25,0,1,54,0,55,0,1,79,0,80,38,0,38,118
12/31/2021,SNS,CA,AWP,WE,Federal Contract Tower,0,2,25,0,27,0,1,60,0,61,0,3,85,0,88,52,0,52,140
01/01/2022,SNS,CA,AWP,WE,Federal Contract Tower,0,4,15,0,19,0,7,41,0,48,0,11,56,0,67,12,0,12,79
01/02/2022,SNS,CA,AWP,WE,Federal Contract Tower,0,2,12,0,14,0,3,59,0,62,0,5,71,0,76,52,0,52,128
01/03/2022,SNS,CA,AWP,WE,Federal Contract Tower,0,0,20,0,20,0,1,37,0,38,0,1,57,0,58,90,0,90,148
01/04/2022,SNS,CA,AWP,WE,Federal Contract Tower,0,2,18,2,22,0,1,53,2,56,0,3,71,4,78,58,0,58,136
01/05/2022,SNS,CA,AWP,WE,Federal Contract Tower,0,0,20,0,20,0,2,19,8,29,0,2,39,8,49,18,0,18,67
01/06/2022,SNS,CA,AWP,WE,Federal Contract Tower,0,0,24,0,24,0,1,27,2,30,0,1,51,2,54,50,0,50,104
01/07/2022,SNS,CA,AWP,WE,Federal Contract Tower,0,2,28,0,30,0,0,17,1,18,0,2,45,1,48,78,0,78,126
01/08/2022,SNS,CA,AWP,WE,Federal Contract Tower,0,0,29,0,29,0,0,43,1,44,0,0,72,1,73,46,0,46,119
01/09/2022,SNS,CA,AWP,WE,Federal Contract Tower,0,0,41,0,41,0,4,86,0,90,0,4,127,0,131,48,0,48,179
01/10/2022,SNS,CA,AWP,WE,Federal Contract Tower,0,2,26,5,33,0,0,59,3,62,0,2,85,8,95,64,6,70,165
01/11/2022,SNS,CA,AWP,WE,Federal Contract Tower,0,1,26,6,33,0,0,57,5,62,0,1,83,11,95,76,0,76,171
01/12/2022,SNS,CA,AWP,WE,Federal Contract Tower,0,0,34,0,34,0,0,63,1,64,0,0,97,1,98,42,22,64,162
01/13/2022,SNS,CA,AWP,WE,Federal Contract Tower,0,0,34,0,34,0,0,62,2,64,0,0,96,2,98,76,0,76,174
01/14/2022,SNS,CA,AWP,WE,Federal Contract Tower,0,4,41,1,46,0,6,72,1,79,0,10,113,2,125,96,0,96,221
01/15/2022,SNS,CA,AWP,WE,Federal Contract Tower,0,0,4,0,4,0,0,65,0,65,0,0,69,0,69,96,0,96,165
01/16/2022,SNS,CA,AWP,WE,Federal Contract Tower,0,0,27,0,27,0,1,98,0,99,0,1,125,0,126,50,0,50,176
01/17/2022,SNS,CA,AWP,WE,Federal Contract Tower,0,4,20,1,25,0,6,57,0,63,0,10,77,1,88,42,0,42,130
01/18/2022,SNS,CA,AWP,WE,Federal Contract Tower,0,0,19,2,21,0,2,60,3,65,0,2,79,5,86,44,0,44,130
01/19/2022,SNS,CA,AWP,WE,Federal Contract Tower,0,3,44,1,48,0,0,49,3,52,0,3,93,4,100,56,0,56,156
01/20/2022,SNS,CA,AWP,WE,Federal Contract Tower,0,0,16,0,16,0,3,70,0,73,0,3,86,0,89,34,0,34,123
01/21/2022,SNS,CA,AWP,WE,Federal Contract Tower,0,6,42,0,48,0,2,78,7,87,0,8,120,7,135,48,4,52,187
01/22/2022,SNS,CA,AWP,WE,Federal Contract Tower,0,0,10,0,10,0,0,51,0,51,0,0,61,0,61,0,0,0,61
01/23/2022,SNS,CA,AWP,WE,Federal Contract Tower,0,0,34,0,34,0,3,53,0,56,0,3,87,0,90,32,0,32,122
01/24/2022,SNS,CA,AWP,WE,Federal Contract Tower,0,0,17,0,17,0,0,58,1,59,0,0,75,1,76,28,0,28,104
01/25/2022,SNS,CA,AWP,WE,Federal Contract Tower,0,3,42,2,47,0,5,47,2,54,0,8,89,4,101,46,0,46,147
01/26/2022,SNS,CA,AWP,WE,Federal Contract Tower,0,1,38,4,43,0,2,47,2,51,0,3,85,6,94,12,0,12,106
01/27/2022,SNS,CA,AWP,WE,Federal Contract Tower,0,0,30,3,33,0,3,83,8,94,0,3,113,11,127,40,0,40,167
01/28/2022,SNS,CA,AWP,WE,Federal Contract Tower,0,0,47,4,51,0,0,75,2,77,0,0,122,6,128,32,0,32,160
01/29/2022,SNS,CA,AWP,WE,Federal Contract Tower,0,0,11,0,11,0,0,83,0,83,0,0,94,0,94,22,0,22,116
01/30/2022,SNS,CA,AWP,WE,Federal Contract Tower,0,0,31,0,31,0,1,87,0,88,0,1,118,0,119,72,0,72,191
01/31/2022,SNS,CA,AWP,WE,Federal Contract Tower,0,0,25,0,25,0,1,55,8,64,0,1,80,8,89,44,0,44,133
02/01/2022,SNS,CA,AWP,WE,Federal Contract Tower,0,0,31,4,35,0,0,57,18,75,0,0,88,22,110,52,0,52,162
02/02/2022,SNS,CA,AWP,WE,Federal Contract Tower,0,0,39,0,39,0,0,68,4,72,0,0,107,4,111,24,0,24,135
02/03/2022,SNS,CA,AWP,WE,Federal Contract Tower,0,0,32,2,34,0,0,76,2,78,0,0,108,4,112,16,10,26,138
02/04/2022,SNS,CA,AWP,WE,Federal Contract Tower,0,0,33,2,35,0,0,55,1,56,0,0,88,3,91,36,0,36,127
02/05/2022,SNS,CA,AWP,WE,Federal Contract Tower,0,0,7,2,9,0,2,43,0,45,0,2,50,2,54,36,0,36,90
02/06/2022,SNS,CA,AWP,WE,Federal Contract Tower,0,0,42,0,42,0,11,102,0,113,0,11,144,0,155,14,0,14,169
02/07/2022,SNS,CA,AWP,WE,Federal Contract Tower,0,0,40,0,40,0,4,71,5,80,0,4,111,5,120,66,0,66,186
02/08/2022,SNS,CA,AWP,WE,Federal Contract Tower,0,3,39,4,46,0,9,65,3,77,0,12,104,7,123,56,0,56,179
02/09/2022,SNS,CA,AWP,WE,Federal Contract Tower,0,0,36,0,36,0,2,73,5,80,0,2,109,5,116,60,0,60,176
02/10/2022,SNS,CA,AWP,WE,Federal Contract Tower,0,0,42,1,43,0,4,86,2,92,0,4,128,3,135,42,0,42,177
02/11/2022,SNS,CA,AWP,WE,Federal Contract Tower,0,1,81,0,82,0,1,86,2,89,0,2,167,2,171,110,0,110,281
02/12/2022,SNS,CA,AWP,WE,Federal Contract Tower,0,0,18,0,18,0,3,61,0,64,0,3,79,0,82,20,0,20,102
02/13/2022,SNS,CA,AWP,WE,Federal Contract Tower,0,4,32,0,36,0,1,85,0,86,0,5,117,0,122,44,0,44,166
02/14/2022,SNS,CA,AWP,WE,Federal Contract Tower,0,0,72,0,72,0,0,32,3,35,0,0,104,3,107,18,0,18,125
02/15/2022,SNS,CA,AWP,WE,Federal Contract Tower,0,0,9,0,9,0,3,54,1,58,0,3,63,1,67,0,0,0,67
02/16/2022,SNS,CA,AWP,WE,Federal Contract Tower,0,0,36,0,36,0,4,59,1,64,0,4,95,1,100,52,0,52,152
02/17/2022,SNS,CA,AWP,WE,Federal Contract Tower,0,2,58,0,60,0,2,87,4,93,0,4,145,4,153,86,0,86,239
02/18/2022,SNS,CA,AWP,WE,Federal Contract Tower,0,0,32,1,33,0,0,84,2,86,0,0,116,3,119,36,0,36,155
02/19/2022,SNS,CA,AWP,WE,Federal Contract Tower,0,0,0,0,0,0,0,0,0,0,0,0,0,0,0,0,0,0,0
02/20/2022,SNS,CA,AWP,WE,Federal Contract Tower,0,0,43,2,45,0,4,47,0,51,0,4,90,2,96,30,0,30,126
02/21/2022,SNS,CA,AWP,WE,Federal Contract Tower,0,3,41,1,45,0,0,52,0,52,0,3,93,1,97,58,0,58,155
02/22/2022,SNS,CA,AWP,WE,Federal Contract Tower,0,0,29,3,32,0,2,41,3,46,0,2,70,6,78,0,0,0,78
02/23/2022,SNS,CA,AWP,WE,Federal Contract Tower,0,0,16,0,16,0,5,47,8,60,0,5,63,8,76,66,0,66,142
02/24/2022,SNS,CA,AWP,WE,Federal Contract Tower,0,0,31,1,32,0,5,88,6,99,0,5,119,7,131,86,6,92,223
02/25/2022,SNS,CA,AWP,WE,Federal Contract Tower,0,0,47,0,47,0,2,61,2,65,0,2,108,2,112,58,0,58,170
02/26/2022,SNS,CA,AWP,WE,Federal Contract Tower,0,0,8,0,8,0,2,53,0,55,0,2,61,0,63,48,0,48,111
02/27/2022,SNS,CA,AWP,WE,Federal Contract Tower,0,0,6,0,6,0,0,63,0,63,0,0,69,0,69,30,0,30,99
02/28/2022,SNS,CA,AWP,WE,Federal Contract Tower,0,0,26,0,26,0,8,54,3,65,0,8,80,3,91,34,0,34,125
03/01/2022,SNS,CA,AWP,WE,Federal Contract Tower,0,0,28,2,30,0,0,86,2,88,0,0,114,4,118,56,0,56,174
03/02/2022,SNS,CA,AWP,WE,Federal Contract Tower,0,0,17,2,19,0,1,53,2,56,0,1,70,4,75,82,0,82,157
03/03/2022,SNS,CA,AWP,WE,Federal Contract Tower,0,0,22,0,22,0,0,30,3,33,0,0,52,3,55,16,0,16,71
03/04/2022,SNS,CA,AWP,WE,Federal Contract Tower,0,0,65,0,65,0,0,13,2,15,0,0,78,2,80,38,0,38,118
03/05/2022,SNS,CA,AWP,WE,Federal Contract Tower,0,0,11,0,11,0,0,15,0,15,0,0,26,0,26,18,0,18,44
03/06/2022,SNS,CA,AWP,WE,Federal Contract Tower,0,0,16,0,16,0,0,53,0,53,0,0,69,0,69,132,0,132,201
03/07/2022,SNS,CA,AWP,WE,Federal Contract Tower,0,0,13,1,14,0,0,32,1,33,0,0,45,2,47,16,0,16,63
03/08/2022,SNS,CA,AWP,WE,Federal Contract Tower,0,2,17,0,19,0,3,47,2,52,0,5,64,2,71,38,0,38,109
03/09/2022,SNS,CA,AWP,WE,Federal Contract Tower,0,1,43,0,44,0,2,67,2,71,0,3,110,2,115,68,0,68,183
03/10/2022,SNS,CA,AWP,WE,Federal Contract Tower,0,0,21,0,21,0,13,61,5,79,0,13,82,5,100,74,0,74,174
03/11/2022,SNS,CA,AWP,WE,Federal Contract Tower,0,0,47,2,49,0,0,79,1,80,0,0,126,3,129,60,0,60,189
03/12/2022,SNS,CA,AWP,WE,Federal Contract Tower,0,0,14,0,14,0,6,49,0,55,0,6,63,0,69,54,0,54,123
03/13/2022,SNS,CA,AWP,WE,Federal Contract Tower,0,0,35,0,35,0,2,59,0,61,0,2,94,0,96,50,0,50,146
03/14/2022,SNS,CA,AWP,WE,Federal Contract Tower,0,0,23,12,35,0,4,56,7,67,0,4,79,19,102,60,14,74,176
03/15/2022,SNS,CA,AWP,WE,Federal Contract Tower,0,1,47,2,50,0,1,31,2,34,0,2,78,4,84,26,0,26,110
03/16/2022,SNS,CA,AWP,WE,Federal Contract Tower,0,0,36,2,38,0,2,52,2,56,0,2,88,4,94,69,0,69,163
03/17/2022,SNS,CA,AWP,WE,Federal Contract Tower,0,0,29,0,29,0,0,34,2,36,0,0,63,2,65,10,0,10,75
03/18/2022,SNS,CA,AWP,WE,Federal Contract Tower,0,0,55,0,55,0,0,66,4,70,0,0,121,4,125,118,0,118,243
03/19/2022,SNS,CA,AWP,WE,Federal Contract Tower,0,0,20,0,20,0,0,14,0,14,0,0,34,0,34,12,0,12,46
03/20/2022,SNS,CA,AWP,WE,Federal Contract Tower,0,0,22,0,22,0,5,77,2,84,0,5,99,2,106,52,0,52,158
03/21/2022,SNS,CA,AWP,WE,Federal Contract Tower,0,0,21,0,21,0,6,51,1,58,0,6,72,1,79,56,0,56,135
03/22/2022,SNS,CA,AWP,WE,Federal Contract Tower,0,0,36,0,36,0,10,69,2,81,0,10,105,2,117,92,0,92,209
03/23/2022,SNS,CA,AWP,WE,Federal Contract Tower,0,1,26,1,28,0,2,36,2,40,0,3,62,3,68,78,0,78,146
03/24/2022,SNS,CA,AWP,WE,Federal Contract Tower,0,2,49,1,52,0,0,54,2,56,0,2,103,3,108,46,0,46,154
03/25/2022,SNS,CA,AWP,WE,Federal Contract Tower,0,0,51,1,52,0,0,49,0,49,0,0,100,1,101,62,0,62,163
03/26/2022,SNS,CA,AWP,WE,Federal Contract Tower,0,0,24,0,24,0,3,60,0,63,0,3,84,0,87,60,0,60,147
03/27/2022,SNS,CA,AWP,WE,Federal Contract Tower,0,0,18,0,18,0,4,17,2,23,0,4,35,2,41,22,0,22,63
03/28/2022,SNS,CA,AWP,WE,Federal Contract Tower,0,1,5,2,8,0,0,17,2,19,0,1,22,4,27,0,0,0,27
03/29/2022,SNS,CA,AWP,WE,Federal Contract Tower,0,3,19,4,26,0,0,17,0,17,0,3,36,4,43,18,0,18,61
03/30/2022,SNS,CA,AWP,WE,Federal Contract Tower,0,0,27,0,27,0,0,6,1,7,0,0,33,1,34,40,0,40,74
03/31/2022,SNS,CA,AWP,WE,Federal Contract Tower,0,0,28,0,28,0,6,48,4,58,0,6,76,4,86,40,8,48,134
04/01/2022,SNS,CA,AWP,WE,Federal Contract Tower,0,1,24,4,29,0,0,49,2,51,0,1,73,6,80,56,0,56,136
04/02/2022,SNS,CA,AWP,WE,Federal Contract Tower,0,0,13,2,15,0,3,48,0,51,0,3,61,2,66,42,0,42,108
04/03/2022,SNS,CA,AWP,WE,Federal Contract Tower,0,1,27,1,29,0,0,42,0,42,0,1,69,1,71,86,0,86,157
04/04/2022,SNS,CA,AWP,WE,Federal Contract Tower,0,0,18,0,18,0,0,52,2,54,0,0,70,2,72,60,0,60,132
04/05/2022,SNS,CA,AWP,WE,Federal Contract Tower,0,0,18,2,20,0,1,51,0,52,0,1,69,2,72,64,0,64,136
04/06/2022,SNS,CA,AWP,WE,Federal Contract Tower,0,0,18,1,19,0,9,46,2,57,0,9,64,3,76,36,0,36,112
04/07/2022,SNS,CA,AWP,WE,Federal Contract Tower,0,0,33,0,33,0,2,52,5,59,0,2,85,5,92,16,2,18,110
04/08/2022,SNS,CA,AWP,WE,Federal Contract Tower,0,0,18,2,20,0,3,55,2,60,0,3,73,4,80,82,0,82,162
04/09/2022,SNS,CA,AWP,WE,Federal Contract Tower,0,0,10,0,10,0,0,80,0,80,0,0,90,0,90,80,0,80,170
04/10/2022,SNS,CA,AWP,WE,Federal Contract Tower,0,0,33,0,33,0,0,57,2,59,0,0,90,2,92,72,0,72,164
04/11/2022,SNS,CA,AWP,WE,Federal Contract Tower,0,1,2,0,3,0,0,6,2,8,0,1,8,2,11,0,0,0,11
04/12/2022,SNS,CA,AWP,WE,Federal Contract Tower,0,1,27,0,28,0,2,52,2,56,0,3,79,2,84,40,0,40,124
04/13/2022,SNS,CA,AWP,WE,Federal Contract Tower,0,2,19,3,24,0,6,62,2,70,0,8,81,5,94,42,0,42,136
04/14/2022,SNS,CA,AWP,WE,Federal Contract Tower,0,0,12,0,12,0,3,28,1,32,0,3,40,1,44,6,8,14,58
04/15/2022,SNS,CA,AWP,WE,Federal Contract Tower,0,0,70,2,72,0,0,40,1,41,0,0,110,3,113,10,0,10,123
04/16/2022,SNS,CA,AWP,WE,Federal Contract Tower,0,0,12,0,12,0,2,7,0,9,0,2,19,0,21,0,0,0,21
04/17/2022,SNS,CA,AWP,WE,Federal Contract Tower,0,0,9,0,9,0,1,47,0,48,0,1,56,0,57,40,0,40,97
04/18/2022,SNS,CA,AWP,WE,Federal Contract Tower,0,2,38,1,41,0,10,44,1,55,0,12,82,2,96,50,0,50,146
04/19/2022,SNS,CA,AWP,WE,Federal Contract Tower,0,0,19,1,20,0,1,36,1,38,0,1,55,2,58,36,0,36,94
04/20/2022,SNS,CA,AWP,WE,Federal Contract Tower,0,0,41,0,41,0,0,83,2,85,0,0,124,2,126,86,0,86,212
04/21/2022,SNS,CA,AWP,WE,Federal Contract Tower,0,1,8,0,9,0,2,13,3,18,0,3,21,3,27,0,0,0,27
04/22/2022,SNS,CA,AWP,WE,Federal Contract Tower,0,0,6,0,6,0,2,49,2,53,0,2,55,2,59,44,0,44,103
04/23/2022,SNS,CA,AWP,WE,Federal Contract Tower,0,0,17,2,19,0,1,74,0,75,0,1,91,2,94,30,0,30,124
04/24/2022,SNS,CA,AWP,WE,Federal Contract Tower,0,2,47,0,49,0,0,39,0,39,0,2,86,0,88,54,0,54,142
04/25/2022,SNS,CA,AWP,WE,Federal Contract Tower,0,0,30,3,33,0,0,61,2,63,0,0,91,5,96,72,0,72,168
04/26/2022,SNS,CA,AWP,WE,Federal Contract Tower,0,0,18,0,18,0,0,61,5,66,0,0,79,5,84,16,0,16,100
04/27/2022,SNS,CA,AWP,WE,Federal Contract Tower,0,0,36,4,40,0,8,43,2,53,0,8,79,6,93,50,0,50,143
04/28/2022,SNS,CA,AWP,WE,Federal Contract Tower,0,0,22,2,24,0,1,56,3,60,0,1,78,5,84,16,0,16,100
04/29/2022,SNS,CA,AWP,WE,Federal Contract Tower,0,0,40,0,40,0,3,84,3,90,0,3,124,3,130,36,12,48,178
04/30/2022,SNS,CA,AWP,WE,Federal Contract Tower,0,1,9,0,10,0,1,33,0,34,0,2,42,0,44,2,0,2,46
05/01/2022,SNS,CA,AWP,WE,Federal Contract Tower,0,0,28,0,28,0,10,84,0,94,0,10,112,0,122,44,0,44,166
05/02/2022,SNS,CA,AWP,WE,Federal Contract Tower,0,0,11,1,12,0,4,49,2,55,0,4,60,3,67,28,0,28,95
05/03/2022,SNS,CA,AWP,WE,Federal Contract Tower,0,0,13,0,13,0,0,65,11,76,0,0,78,11,89,18,0,18,107
05/04/2022,SNS,CA,AWP,WE,Federal Contract Tower,0,1,38,3,42,0,0,69,3,72,0,1,107,6,114,60,4,64,178
05/05/2022,SNS,CA,AWP,WE,Federal Contract Tower,0,1,22,0,23,0,2,43,3,48,0,3,65,3,71,94,0,94,165
05/06/2022,SNS,CA,AWP,WE,Federal Contract Tower,0,0,21,2,23,0,0,56,2,58,0,0,77,4,81,82,0,82,163
05/07/2022,SNS,CA,AWP,WE,Federal Contract Tower,0,0,12,0,12,0,4,53,0,57,0,4,65,0,69,28,0,28,97
05/08/2022,SNS,CA,AWP,WE,Federal Contract Tower,0,0,9,0,9,0,9,40,4,53,0,9,49,4,62,6,0,6,68
05/09/2022,SNS,CA,AWP,WE,Federal Contract Tower,0,0,11,2,13,0,0,35,3,38,0,0,46,5,51,6,10,16,67
05/10/2022,SNS,CA,AWP,WE,Federal Contract Tower,0,0,20,0,20,0,2,51,5,58,0,2,71,5,78,50,8,58,136
05/11/2022,SNS,CA,AWP,WE,Federal Contract Tower,0,2,14,0,16,0,5,33,4,42,0,7,47,4,58,32,0,32,90
05/12/2022,SNS,CA,AWP,WE,Federal Contract Tower,0,0,22,0,22,0,1,51,2,54,0,1,73,2,76,38,0,38,114
05/13/2022,SNS,CA,AWP,WE,Federal Contract Tower,0,0,28,1,29,0,2,53,2,57,0,2,81,3,86,86,0,86,172
05/14/2022,SNS,CA,AWP,WE,Federal Contract Tower,0,2,35,4,41,0,5,77,1,83,0,7,112,5,124,60,0,60,184
05/15/2022,SNS,CA,AWP,WE,Federal Contract Tower,0,0,23,0,23,0,2,48,0,50,0,2,71,0,73,48,0,48,121
05/16/2022,SNS,CA,AWP,WE,Federal Contract Tower,0,0,14,8,22,0,0,44,2,46,0,0,58,10,68,32,0,32,100
05/17/2022,SNS,CA,AWP,WE,Federal Contract Tower,0,6,37,2,45,0,7,58,2,67,0,13,95,4,112,20,0,20,132
05/18/2022,SNS,CA,AWP,WE,Federal Contract Tower,0,3,21,1,25,0,6,51,6,63,0,9,72,7,88,56,0,56,144
05/19/2022,SNS,CA,AWP,WE,Federal Contract Tower,0,0,35,2,37,0,5,48,3,56,0,5,83,5,93,38,0,38,131
05/20/2022,SNS,CA,AWP,WE,Federal Contract Tower,0,12,44,1,57,0,0,56,0,56,0,12,100,1,113,28,0,28,141
05/21/2022,SNS,CA,AWP,WE,Federal Contract Tower,0,6,24,0,30,0,0,43,1,44,0,6,67,1,74,42,0,42,116
05/22/2022,SNS,CA,AWP,WE,Federal Contract Tower,0,0,36,0,36,0,1,31,0,32,0,1,67,0,68,42,0,42,110
05/23/2022,SNS,CA,AWP,WE,Federal Contract Tower,0,0,25,2,27,0,0,57,2,59,0,0,82,4,86,42,0,42,128
05/24/2022,SNS,CA,AWP,WE,Federal Contract Tower,0,3,34,0,37,0,2,44,4,50,0,5,78,4,87,16,0,16,103
05/25/2022,SNS,CA,AWP,WE,Federal Contract Tower,0,2,30,6,38,0,0,54,1,55,0,2,84,7,93,66,0,66,159
05/26/2022,SNS,CA,AWP,WE,Federal Contract Tower,0,3,42,0,45,0,1,20,0,21,0,4,62,0,66,18,0,18,84
05/27/2022,SNS,CA,AWP,WE,Federal Contract Tower,0,1,44,0,45,0,2,24,0,26,0,3,68,0,71,30,0,30,101
05/28/2022,SNS,CA,AWP,WE,Federal Contract Tower,0,0,14,0,14,0,4,39,0,43,0,4,53,0,57,44,0,44,101
05/29/2022,SNS,CA,AWP,WE,Federal Contract Tower,0,0,22,0,22,0,6,74,0,80,0,6,96,0,102,50,0,50,152
05/30/2022,SNS,CA,AWP,WE,Federal Contract Tower,0,0,33,0,33,0,2,60,0,62,0,2,93,0,95,24,0,24,119
05/31/2022,SNS,CA,AWP,WE,Federal Contract Tower,0,0,27,5,32,0,3,63,6,72,0,3,90,11,104,38,0,38,142
06/01/2022,SNS,CA,AWP,WE,Federal Contract Tower,0,1,19,0,20,0,7,78,3,88,0,8,97,3,108,132,0,132,240
06/02/2022,SNS,CA,AWP,WE,Federal Contract Tower,0,0,34,8,42,0,0,64,3,67,0,0,98,11,109,74,0,74,183
06/03/2022,SNS,CA,AWP,WE,Federal Contract Tower,0,0,19,2,21,0,0,62,3,65,0,0,81,5,86,72,8,80,166
06/04/2022,SNS,CA,AWP,WE,Federal Contract Tower,0,0,41,2,43,0,5,48,0,53,0,5,89,2,96,54,0,54,150
06/05/2022,SNS,CA,AWP,WE,Federal Contract Tower,0,0,20,2,22,0,5,56,2,63,0,5,76,4,85,22,0,22,107
06/06/2022,SNS,CA,AWP,WE,Federal Contract Tower,0,0,37,0,37,0,0,40,2,42,0,0,77,2,79,24,8,32,111
06/07/2022,SNS,CA,AWP,WE,Federal Contract Tower,0,0,34,0,34,0,3,59,3,65,0,3,93,3,99,62,0,62,161
06/08/2022,SNS,CA,AWP,WE,Federal Contract Tower,0,0,8,2,10,0,4,68,2,74,0,4,76,4,84,48,0,48,132
06/09/2022,SNS,CA,AWP,WE,Federal Contract Tower,0,2,33,2,37,0,0,55,3,58,0,2,88,5,95,68,0,68,163
06/10/2022,SNS,CA,AWP,WE,Federal Contract Tower,0,0,26,0,26,0,4,66,2,72,0,4,92,2,98,48,0,48,146
06/11/2022,SNS,CA,AWP,WE,Federal Contract Tower,0,0,10,0,10,0,3,80,0,83,0,3,90,0,93,80,0,80,173
06/12/2022,SNS,CA,AWP,WE,Federal Contract Tower,0,0,23,0,23,0,3,66,4,73,0,3,89,4,96,82,0,82,178
06/13/2022,SNS,CA,AWP,WE,Federal Contract Tower,0,0,19,0,19,0,5,48,0,53,0,5,67,0,72,40,0,40,112
06/14/2022,SNS,CA,AWP,WE,Federal Contract Tower,0,0,24,2,26,0,5,65,2,72,0,5,89,4,98,60,0,60,158
06/15/2022,SNS,CA,AWP,WE,Federal Contract Tower,0,0,19,0,19,0,1,43,3,47,0,1,62,3,66,30,0,30,96
06/16/2022,SNS,CA,AWP,WE,Federal Contract Tower,0,0,16,0,16,0,3,52,3,58,0,3,68,3,74,96,0,96,170
06/17/2022,SNS,CA,AWP,WE,Federal Contract Tower,0,0,23,3,26,0,2,44,1,47,0,2,67,4,73,62,0,62,135
06/18/2022,SNS,CA,AWP,WE,Federal Contract Tower,0,0,18,0,18,0,13,63,0,76,0,13,81,0,94,44,0,44,138
06/19/2022,SNS,CA,AWP,WE,Federal Contract Tower,0,0,8,0,8,0,2,74,0,76,0,2,82,0,84,106,0,106,190
06/20/2022,SNS,CA,AWP,WE,Federal Contract Tower,0,2,23,0,25,0,13,87,0,100,0,15,110,0,125,142,0,142,267
06/21/2022,SNS,CA,AWP,WE,Federal Contract Tower,0,0,13,2,15,0,18,50,1,69,0,18,63,3,84,72,8,80,164
06/22/2022,SNS,CA,AWP,WE,Federal Contract Tower,0,2,11,0,13,0,8,44,2,54,0,10,55,2,67,44,0,44,111
06/23/2022,SNS,CA,AWP,WE,Federal Contract Tower,0,0,34,0,34,0,25,55,8,88,0,25,89,8,122,48,0,48,170
06/24/2022,SNS,CA,AWP,WE,Federal Contract Tower,0,0,40,0,40,0,6,64,3,73,0,6,104,3,113,36,0,36,149
06/25/2022,SNS,CA,AWP,WE,Federal Contract Tower,0,2,8,0,10,0,2,52,0,54,0,4,60,0,64,74,0,74,138
06/26/2022,SNS,CA,AWP,WE,Federal Contract Tower,0,2,23,0,25,0,5,65,13,83,0,7,88,13,108,62,0,62,170
06/27/2022,SNS,CA,AWP,WE,Federal Contract Tower,0,2,10,4,16,0,1,67,1,69,0,3,77,5,85,94,0,94,179
06/28/2022,SNS,CA,AWP,WE,Federal Contract Tower,0,2,24,2,28,0,6,48,2,56,0,8,72,4,84,32,0,32,116
06/29/2022,SNS,CA,AWP,WE,Federal Contract Tower,0,3,20,7,30,0,2,47,2,51,0,5,67,9,81,4,8,12,93
06/30/2022,SNS,CA,AWP,WE,Federal Contract Tower,0,2,28,3,33,0,2,61,4,67,0,4,89,7,100,50,0,50,150
07/01/2022,SNS,CA,AWP,WE,Federal Contract Tower,0,0,22,0,22,0,4,62,2,68,0,4,84,2,90,38,0,38,128
07/02/2022,SNS,CA,AWP,WE,Federal Contract Tower,0,1,24,0,25,0,3,37,0,40,0,4,61,0,65,22,0,22,87
07/03/2022,SNS,CA,AWP,WE,Federal Contract Tower,0,0,29,0,29,0,1,41,0,42,0,1,70,0,71,34,0,34,105
07/04/2022,SNS,CA,AWP,WE,Federal Contract Tower,0,0,1,0,1,0,3,46,0,49,0,3,47,0,50,32,0,32,82
07/05/2022,SNS,CA,AWP,WE,Federal Contract Tower,0,0,27,0,27,0,4,52,2,58,0,4,79,2,85,6,0,6,91
07/06/2022,SNS,CA,AWP,WE,Federal Contract Tower,0,4,30,0,34,0,2,68,0,70,0,6,98,0,104,72,0,72,176
07/07/2022,SNS,CA,AWP,WE,Federal Contract Tower,0,3,31,6,40,0,4,62,0,66,0,7,93,6,106,52,0,52,158
07/08/2022,SNS,CA,AWP,WE,Federal Contract Tower,0,0,24,2,26,0,3,75,0,78,0,3,99,2,104,66,0,66,170
07/09/2022,SNS,CA,AWP,WE,Federal Contract Tower,0,0,26,0,26,0,2,62,0,64,0,2,88,0,90,58,0,58,148
07/10/2022,SNS,CA,AWP,WE,Federal Contract Tower,0,2,23,0,25,0,4,68,0,72,0,6,91,0,97,32,0,32,129
07/11/2022,SNS,CA,AWP,WE,Federal Contract Tower,0,0,19,2,21,0,0,54,2,56,0,0,73,4,77,88,0,88,165
07/12/2022,SNS,CA,AWP,WE,Federal Contract Tower,0,0,22,0,22,0,2,39,1,42,0,2,61,1,64,0,0,0,64
07/13/2022,SNS,CA,AWP,WE,Federal Contract Tower,0,0,9,2,11,0,2,49,4,55,0,2,58,6,66,68,0,68,134
07/14/2022,SNS,CA,AWP,WE,Federal Contract Tower,0,0,12,0,12,0,5,49,2,56,0,5,61,2,68,80,0,80,148
07/15/2022,SNS,CA,AWP,WE,Federal Contract Tower,0,0,14,0,14,0,8,66,2,76,0,8,80,2,90,84,0,84,174
07/16/2022,SNS,CA,AWP,WE,Federal Contract Tower,0,0,11,0,11,0,3,55,0,58,0,3,66,0,69,34,0,34,103
07/17/2022,SNS,CA,AWP,WE,Federal Contract Tower,0,5,31,0,36,0,1,51,0,52,0,6,82,0,88,32,0,32,120
07/18/2022,SNS,CA,AWP,WE,Federal Contract Tower,0,2,8,2,12,0,6,49,1,56,0,8,57,3,68,20,0,20,88
07/19/2022,SNS,CA,AWP,WE,Federal Contract Tower,0,1,8,0,9,0,6,54,2,62,0,7,62,2,71,82,0,82,153
07/20/2022,SNS,CA,AWP,WE,Federal Contract Tower,0,1,7,0,8,0,5,51,0,56,0,6,58,0,64,106,0,106,170
07/21/2022,SNS,CA,AWP,WE,Federal Contract Tower,0,0,19,2,21,0,8,59,3,70,0,8,78,5,91,108,0,108,199
07/22/2022,SNS,CA,AWP,WE,Federal Contract Tower,0,5,16,0,21,0,9,98,1,108,0,14,114,1,129,44,0,44,173
07/23/2022,SNS,CA,AWP,WE,Federal Contract Tower,0,0,26,0,26,0,1,46,0,47,0,1,72,0,73,30,0,30,103
07/24/2022,SNS,CA,AWP,WE,Federal Contract Tower,0,2,30,1,33,0,4,47,1,52,0,6,77,2,85,46,0,46,131
07/25/2022,SNS,CA,AWP,WE,Federal Contract Tower,0,1,12,2,15,0,2,47,0,49,0,3,59,2,64,126,0,126,190
07/26/2022,SNS,CA,AWP,WE,Federal Contract Tower,0,2,15,2,19,0,4,33,6,43,0,6,48,8,62,20,0,20,82
07/27/2022,SNS,CA,AWP,WE,Federal Contract Tower,0,0,12,2,14,0,2,65,4,71,0,2,77,6,85,122,6,128,213
07/28/2022,SNS,CA,AWP,WE,Federal Contract Tower,0,0,26,1,27,0,0,55,1,56,0,0,81,2,83,58,0,58,141
07/29/2022,SNS,CA,AWP,WE,Federal Contract Tower,0,0,24,0,24,0,0,63,2,65,0,0,87,2,89,70,0,70,159
07/30/2022,SNS,CA,AWP,WE,Federal Contract Tower,0,0,13,2,15,0,0,69,0,69,0,0,82,2,84,44,0,44,128
07/31/2022,SNS,CA,AWP,WE,Federal Contract Tower,0,0,14,0,14,0,1,35,6,42,0,1,49,6,56,64,0,64,120
08/01/2022,SNS,CA,AWP,WE,Federal Contract Tower,0,0,8,0,8,0,3,43,0,46,0,3,51,0,54,34,0,34,88
08/02/2022,SNS,CA,AWP,WE,Federal Contract Tower,0,1,5,0,6,0,11,33,3,47,0,12,38,3,53,20,0,20,73
08/03/2022,SNS,CA,AWP,WE,Federal Contract Tower,0,0,15,0,15,0,6,49,2,57,0,6,64,2,72,50,0,50,122
08/04/2022,SNS,CA,AWP,WE,Federal Contract Tower,0,1,27,0,28,0,3,69,2,74,0,4,96,2,102,12,0,12,114
08/05/2022,SNS,CA,AWP,WE,Federal Contract Tower,0,1,8,0,9,0,8,36,1,45,0,9,44,1,54,22,0,22,76
08/06/2022,SNS,CA,AWP,WE,Federal Contract Tower,0,0,3,0,3,0,1,39,0,40,0,1,42,0,43,44,0,44,87
08/07/2022,SNS,CA,AWP,WE,Federal Contract Tower,0,1,14,0,15,0,2,59,0,61,0,3,73,0,76,76,0,76,152
08/08/2022,SNS,CA,AWP,WE,Federal Contract Tower,0,0,6,0,6,0,0,37,1,38,0,0,43,1,44,34,0,34,78
08/09/2022,SNS,CA,AWP,WE,Federal Contract Tower,0,0,5,2,7,0,8,62,2,72,0,8,67,4,79,42,0,42,121
08/10/2022,SNS,CA,AWP,WE,Federal Contract Tower,0,0,7,1,8,0,3,54,4,61,0,3,61,5,69,34,0,34,103
08/11/2022,SNS,CA,AWP,WE,Federal Contract Tower,0,0,8,0,8,0,2,61,2,65,0,2,69,2,73,64,0,64,137
08/12/2022,SNS,CA,AWP,WE,Federal Contract Tower,0,1,25,0,26,0,2,90,1,93,0,3,115,1,119,76,20,96,215
08/13/2022,SNS,CA,AWP,WE,Federal Contract Tower,0,0,4,0,4,0,3,41,0,44,0,3,45,0,48,50,0,50,98
08/14/2022,SNS,CA,AWP,WE,Federal Contract Tower,0,1,10,0,11,0,8,71,0,79,0,9,81,0,90,28,0,28,118
08/15/2022,SNS,CA,AWP,WE,Federal Contract Tower,0,0,10,2,12,0,1,48,2,51,0,1,58,4,63,74,0,74,137
08/16/2022,SNS,CA,AWP,WE,Federal Contract Tower,0,0,18,0,18,0,0,79,2,81,0,0,97,2,99,42,0,42,141
08/17/2022,SNS,CA,AWP,WE,Federal Contract Tower,0,0,36,0,36,0,2,37,1,40,0,2,73,1,76,10,0,10,86
08/18/2022,SNS,CA,AWP,WE,Federal Contract Tower,0,1,32,0,33,0,3,86,2,91,0,4,118,2,124,30,0,30,154
08/19/2022,SNS,CA,AWP,WE,Federal Contract Tower,0,0,36,0,36,0,3,64,0,67,0,3,100,0,103,0,0,0,103
08/20/2022,SNS,CA,AWP,WE,Federal Contract Tower,0,2,13,0,15,0,2,40,0,42,0,4,53,0,57,26,0,26,83
08/21/2022,SNS,CA,AWP,WE,Federal Contract Tower,0,7,51,0,58,0,1,35,0,36,0,8,86,0,94,6,0,6,100
08/22/2022,SNS,CA,AWP,WE,Federal Contract Tower,0,11,28,3,42,0,9,44,1,54,0,20,72,4,96,22,0,22,118
08/23/2022,SNS,CA,AWP,WE,Federal Contract Tower,0,0,29,0,29,0,0,43,4,47,0,0,72,4,76,20,0,20,96
08/24/2022,SNS,CA,AWP,WE,Federal Contract Tower,0,6,16,2,24,0,4,44,2,50,0,10,60,4,74,8,0,8,82
08/25/2022,SNS,CA,AWP,WE,Federal Contract Tower,0,0,20,4,24,0,7,56,6,69,0,7,76,10,93,30,0,30,123
08/26/2022,SNS,CA,AWP,WE,Federal Contract Tower,0,2,36,0,38,0,2,46,2,50,0,4,82,2,88,14,0,14,102
08/27/2022,SNS,CA,AWP,WE,Federal Contract Tower,0,0,10,0,10,0,2,37,6,45,0,2,47,6,55,14,0,14,69
08/28/2022,SNS,CA,AWP,WE,Federal Contract Tower,0,2,27,0,29,0,12,38,0,50,0,14,65,0,79,24,0,24,103
08/29/2022,SNS,CA,AWP,WE,Federal Contract Tower,0,0,18,2,20,0,2,43,5,50,0,2,61,7,70,16,0,16,86
08/30/2022,SNS,CA,AWP,WE,Federal Contract Tower,0,1,10,0,11,0,0,50,2,52,0,1,60,2,63,42,0,42,105
08/31/2022,SNS,CA,AWP,WE,Federal Contract Tower,0,2,7,0,9,0,0,70,7,77,0,2,77,7,86,54,0,54,140
09/01/2022,SNS,CA,AWP,WE,Federal Contract Tower,0,0,4,0,4,0,1,47,0,48,0,1,51,0,52,32,0,32,84
09/02/2022,SNS,CA,AWP,WE,Federal Contract Tower,0,2,15,0,17,0,2,49,2,53,0,4,64,2,70,10,0,10,80
09/03/2022,SNS,CA,AWP,WE,Federal Contract Tower,0,0,5,0,5,0,16,58,0,74,0,16,63,0,79,16,0,16,95
09/04/2022,SNS,CA,AWP,WE,Federal Contract Tower,0,0,7,2,9,0,0,94,0,94,0,0,101,2,103,44,0,44,147
09/05/2022,SNS,CA,AWP,WE,Federal Contract Tower,0,1,8,0,9,0,6,42,0,48,0,7,50,0,57,32,0,32,89
09/06/2022,SNS,CA,AWP,WE,Federal Contract Tower,0,2,18,0,20,0,2,50,2,54,0,4,68,2,74,64,0,64,138
09/07/2022,SNS,CA,AWP,WE,Federal Contract Tower,0,0,7,0,7,0,10,31,4,45,0,10,38,4,52,28,0,28,80
09/08/2022,SNS,CA,AWP,WE,Federal Contract Tower,0,2,29,1,32,0,4,62,2,68,0,6,91,3,100,22,0,22,122
09/09/2022,SNS,CA,AWP,WE,Federal Contract Tower,0,1,6,0,7,0,0,39,0,39,0,1,45,0,46,44,0,44,90
09/10/2022,SNS,CA,AWP,WE,Federal Contract Tower,0,1,14,0,15,0,0,30,0,30,0,1,44,0,45,26,0,26,71
09/11/2022,SNS,CA,AWP,WE,Federal Contract Tower,0,0,21,0,21,0,2,84,0,86,0,2,105,0,107,62,0,62,169
09/12/2022,SNS,CA,AWP,WE,Federal Contract Tower,0,0,24,7,31,0,0,34,2,36,0,0,58,9,67,50,0,50,117
09/13/2022,SNS,CA,AWP,WE,Federal Contract Tower,0,0,8,1,9,0,5,66,2,73,0,5,74,3,82,76,0,76,158
09/14/2022,SNS,CA,AWP,WE,Federal Contract Tower,0,0,6,0,6,0,0,47,2,49,0,0,53,2,55,22,0,22,77
09/15/2022,SNS,CA,AWP,WE,Federal Contract Tower,0,0,17,2,19,0,10,44,6,60,0,10,61,8,79,14,14,28,107
09/16/2022,SNS,CA,AWP,WE,Federal Contract Tower,0,1,20,0,21,0,2,80,0,82,0,3,100,0,103,50,0,50,153
09/17/2022,SNS,CA,AWP,WE,Federal Contract Tower,0,0,10,0,10,0,0,59,0,59,0,0,69,0,69,38,0,38,107
09/18/2022,SNS,CA,AWP,WE,Federal Contract Tower,0,0,12,0,12,0,0,29,0,29,0,0,41,0,41,0,2,2,43
09/19/2022,SNS,CA,AWP,WE,Federal Contract Tower,0,2,21,5,28,0,3,25,0,28,0,5,46,5,56,44,0,44,100
09/20/2022,SNS,CA,AWP,WE,Federal Contract Tower,0,3,32,3,38,0,1,52,2,55,0,4,84,5,93,46,0,46,139
09/21/2022,SNS,CA,AWP,WE,Federal Contract Tower,0,0,12,0,12,0,0,43,0,43,0,0,55,0,55,26,0,26,81
09/22/2022,SNS,CA,AWP,WE,Federal Contract Tower,0,0,21,0,21,0,6,58,1,65,0,6,79,1,86,34,0,34,120
09/23/2022,SNS,CA,AWP,WE,Federal Contract Tower,0,0,42,0,42,0,4,62,2,68,0,4,104,2,110,64,0,64,174
09/24/2022,SNS,CA,AWP,WE,Federal Contract Tower,0,2,5,0,7,0,8,51,2,61,0,10,56,2,68,48,0,48,116
09/25/2022,SNS,CA,AWP,WE,Federal Contract Tower,0,1,30,0,31,0,3,45,0,48,0,4,75,0,79,70,0,70,149
09/26/2022,SNS,CA,AWP,WE,Federal Contract Tower,0,1,20,2,23,0,2,25,1,28,0,3,45,3,51,16,0,16,67
09/27/2022,SNS,CA,AWP,WE,Federal Contract Tower,0,0,25,2,27,0,0,47,2,49,0,0,72,4,76,40,0,40,116
09/28/2022,SNS,CA,AWP,WE,Federal Contract Tower,0,0,33,2,35,0,10,44,2,56,0,10,77,4,91,48,0,48,139
09/29/2022,SNS,CA,AWP,WE,Federal Contract Tower,0,3,21,3,27,0,5,54,5,64,0,8,75,8,91,18,0,18,109
09/30/2022,SNS,CA,AWP,WE,Federal Contract Tower,0,0,28,0,28,0,2,71,8,81,0,2,99,8,109,38,0,38,147
10/01/2022,SNS,CA,AWP,WE,Federal Contract Tower,0,0,29,0,29,0,2,7,4,13,0,2,36,4,42,0,0,0,42
10/02/2022,SNS,CA,AWP,WE,Federal Contract Tower,0,0,19,0,19,0,4,51,0,55,0,4,70,0,74,52,0,52,126
10/03/2022,SNS,CA,AWP,WE,Federal Contract Tower,0,0,17,4,21,0,0,37,2,39,0,0,54,6,60,8,0,8,68
10/04/2022,SNS,CA,AWP,WE,Federal Contract Tower,0,0,23,3,26,0,8,20,2,30,0,8,43,5,56,12,0,12,68
10/05/2022,SNS,CA,AWP,WE,Federal Contract Tower,0,2,35,5,42,0,8,36,1,45,0,10,71,6,87,12,0,12,99
10/06/2022,SNS,CA,AWP,WE,Federal Contract Tower,0,2,22,0,24,0,27,36,2,65,0,29,58,2,89,2,0,2,91
10/07/2022,SNS,CA,AWP,WE,Federal Contract Tower,0,0,27,0,27,0,0,53,2,55,0,0,80,2,82,4,48,52,134
10/08/2022,SNS,CA,AWP,WE,Federal Contract Tower,0,1,8,0,9,0,1,53,1,55,0,2,61,1,64,48,2,50,114
10/09/2022,SNS,CA,AWP,WE,Federal Contract Tower,0,0,28,0,28,0,2,59,11,72,0,2,87,11,100,36,24,60,160
10/10/2022,SNS,CA,AWP,WE,Federal Contract Tower,0,1,17,0,18,0,0,29,4,33,0,1,46,4,51,14,0,14,65
10/11/2022,SNS,CA,AWP,WE,Federal Contract Tower,0,0,20,4,24,0,12,18,3,33,0,12,38,7,57,4,0,4,61
10/12/2022,SNS,CA,AWP,WE,Federal Contract Tower,0,2,34,2,38,0,3,31,0,34,0,5,65,2,72,28,0,28,100
10/13/2022,SNS,CA,AWP,WE,Federal Contract Tower,0,0,41,3,44,0,11,46,1,58,0,11,87,4,102,0,0,0,102
10/14/2022,SNS,CA,AWP,WE,Federal Contract Tower,0,2,58,0,60,0,0,49,0,49,0,2,107,0,109,36,0,36,145
10/15/2022,SNS,CA,AWP,WE,Federal Contract Tower,0,4,23,0,27,0,2,7,0,9,0,6,30,0,36,0,0,0,36
10/16/2022,SNS,CA,AWP,WE,Federal Contract Tower,0,0,13,0,13,0,4,51,0,55,0,4,64,0,68,82,0,82,150
10/17/2022,SNS,CA,AWP,WE,Federal Contract Tower,0,0,26,0,26,0,5,69,6,80,0,5,95,6,106,78,0,78,184
10/18/2022,SNS,CA,AWP,WE,Federal Contract Tower,0,0,26,0,26,0,10,86,6,102,0,10,112,6,128,68,0,68,196
10/19/2022,SNS,CA,AWP,WE,Federal Contract Tower,0,0,26,1,27,0,19,99,5,123,0,19,125,6,150,38,0,38,188
10/20/2022,SNS,CA,AWP,WE,Federal Contract Tower,0,0,18,0,18,0,14,69,4,87,0,14,87,4,105,78,0,78,183
10/21/2022,SNS,CA,AWP,WE,Federal Contract Tower,0,0,48,2,50,0,12,50,0,62,0,12,98,2,112,46,0,46,158
10/22/2022,SNS,CA,AWP,WE,Federal Contract Tower,0,0,13,2,15,0,5,20,1,26,0,5,33,3,41,14,0,14,55
10/23/2022,SNS,CA,AWP,WE,Federal Contract Tower,0,0,21,0,21,0,1,85,0,86,0,1,106,0,107,114,0,114,221
10/24/2022,SNS,CA,AWP,WE,Federal Contract Tower,0,0,16,2,18,0,9,97,3,109,0,9,113,5,127,28,0,28,155
10/25/2022,SNS,CA,AWP,WE,Federal Contract Tower,0,3,22,0,25,0,5,64,3,72,0,8,86,3,97,36,10,46,143
10/26/2022,SNS,CA,AWP,WE,Federal Contract Tower,0,1,21,1,23,0,9,60,3,72,0,10,81,4,95,52,0,52,147
10/27/2022,SNS,CA,AWP,WE,Federal Contract Tower,0,0,18,1,19,0,1,61,1,63,0,1,79,2,82,70,0,70,152
10/28/2022,SNS,CA,AWP,WE,Federal Contract Tower,0,0,68,4,72,0,0,63,2,65,0,0,131,6,137,72,2,74,211
10/29/2022,SNS,CA,AWP,WE,Federal Contract Tower,0,0,10,0,10,0,2,40,0,42,0,2,50,0,52,56,0,56,108
10/30/2022,SNS,CA,AWP,WE,Federal Contract Tower,0,10,36,0,46,0,0,55,0,55,0,10,91,0,101,36,0,36,137
10/31/2022,SNS,CA,AWP,WE,Federal Contract Tower,0,0,13,3,16,0,2,48,2,52,0,2,61,5,68,78,0,78,146
11/01/2022,SNS,CA,AWP,WE,Federal Contract Tower,0,3,27,0,30,0,1,27,2,30,0,4,54,2,60,16,0,16,76
11/02/2022,SNS,CA,AWP,WE,Federal Contract Tower,0,0,23,0,23,0,2,49,2,53,0,2,72,2,76,52,0,52,128
11/03/2022,SNS,CA,AWP,WE,Federal Contract Tower,0,3,29,2,34,0,4,97,4,105,0,7,126,6,139,136,8,144,283
11/04/2022,SNS,CA,AWP,WE,Federal Contract Tower,0,0,24,0,24,0,13,74,3,90,0,13,98,3,114,62,0,62,176
11/05/2022,SNS,CA,AWP,WE,Federal Contract Tower,0,5,25,2,32,0,3,25,0,28,0,8,50,2,60,30,0,30,90
11/06/2022,SNS,CA,AWP,WE,Federal Contract Tower,0,3,14,0,17,0,8,61,0,69,0,11,75,0,86,86,0,86,172
11/07/2022,SNS,CA,AWP,WE,Federal Contract Tower,0,0,27,0,27,0,1,44,3,48,0,1,71,3,75,70,0,70,145
11/08/2022,SNS,CA,AWP,WE,Federal Contract Tower,0,0,12,0,12,0,0,4,0,4,0,0,16,0,16,4,0,4,20
11/09/2022,SNS,CA,AWP,WE,Federal Contract Tower,0,0,36,4,40,0,6,69,3,78,0,6,105,7,118,52,0,52,170
11/10/2022,SNS,CA,AWP,WE,Federal Contract Tower,0,0,22,0,22,0,6,74,11,91,0,6,96,11,113,122,0,122,235
11/11/2022,SNS,CA,AWP,WE,Federal Contract Tower,0,0,40,0,40,0,4,78,0,82,0,4,118,0,122,148,0,148,270
11/12/2022,SNS,CA,AWP,WE,Federal Contract Tower,0,0,21,0,21,0,3,46,0,49,0,3,67,0,70,62,0,62,132
11/13/2022,SNS,CA,AWP,WE,Federal Contract Tower,0,0,10,0,10,0,7,74,0,81,0,7,84,0,91,92,0,92,183
11/14/2022,SNS,CA,AWP,WE,Federal Contract Tower,0,0,17,0,17,0,6,64,0,70,0,6,81,0,87,52,0,52,139
11/15/2022,SNS,CA,AWP,WE,Federal Contract Tower,0,2,14,0,16,0,9,85,4,98,0,11,99,4,114,76,20,96,210
11/16/2022,SNS,CA,AWP,WE,Federal Contract Tower,0,2,23,0,25,0,11,65,2,78,0,13,88,2,103,62,0,62,165
11/17/2022,SNS,CA,AWP,WE,Federal Contract Tower,0,3,14,0,17,0,1,58,4,63,0,4,72,4,80,132,0,132,212
11/18/2022,SNS,CA,AWP,WE,Federal Contract Tower,0,0,36,0,36,0,1,82,0,83,0,1,118,0,119,108,0,108,227
11/19/2022,SNS,CA,AWP,WE,Federal Contract Tower,0,0,3,0,3,0,5,77,0,82,0,5,80,0,85,58,0,58,143
11/20/2022,SNS,CA,AWP,WE,Federal Contract Tower,0,2,5,0,7,0,1,50,0,51,0,3,55,0,58,30,0,30,88
11/21/2022,SNS,CA,AWP,WE,Federal Contract Tower,0,0,16,1,17,0,1,60,1,62,0,1,76,2,79,50,0,50,129
11/22/2022,SNS,CA,AWP,WE,Federal Contract Tower,0,0,18,0,18,0,4,54,1,59,0,4,72,1,77,46,0,46,123
11/23/2022,SNS,CA,AWP,WE,Federal Contract Tower,0,1,20,2,23,0,15,82,4,101,0,16,102,6,124,114,0,114,238
11/24/2022,SNS,CA,AWP,WE,Federal Contract Tower,0,0,0,0,0,0,9,19,0,28,0,9,19,0,28,46,0,46,74
11/25/2022,SNS,CA,AWP,WE,Federal Contract Tower,0,0,23,1,24,0,1,51,0,52,0,1,74,1,76,40,0,40,116
11/26/2022,SNS,CA,AWP,WE,Federal Contract Tower,0,0,5,1,6,0,2,32,1,35,0,2,37,2,41,20,8,28,69
11/27/2022,SNS,CA,AWP,WE,Federal Contract Tower,0,2,18,0,20,0,8,67,0,75,0,10,85,0,95,34,0,34,129
11/28/2022,SNS,CA,AWP,WE,Federal Contract Tower,0,0,13,0,13,0,6,19,4,29,0,6,32,4,42,4,0,4,46
11/29/2022,SNS,CA,AWP,WE,Federal Contract Tower,0,0,22,0,22,0,2,65,2,69,0,2,87,2,91,130,0,130,221
11/30/2022,SNS,CA,AWP,WE,Federal Contract Tower,0,0,25,2,27,0,3,46,4,53,0,3,71,6,80,76,0,76,156
12/01/2022,SNS,CA,AWP,WE,Federal Contract Tower,0,0,13,0,13,0,0,12,2,14,0,0,25,2,27,0,0,0,27
12/02/2022,SNS,CA,AWP,WE,Federal Contract Tower,0,0,35,4,39,0,3,56,0,59,0,3,91,4,98,90,0,90,188
12/03/2022,SNS,CA,AWP,WE,Federal Contract Tower,0,0,2,2,4,0,0,0,0,0,0,0,2,2,4,0,0,0,4
12/04/2022,SNS,CA,AWP,WE,Federal Contract Tower,0,0,9,0,9,0,2,14,0,16,0,2,23,0,25,46,0,46,71
12/05/2022,SNS,CA,AWP,WE,Federal Contract Tower,0,0,9,0,9,0,2,26,3,31,0,2,35,3,40,96,0,96,136
12/06/2022,SNS,CA,AWP,WE,Federal Contract Tower,0,0,15,3,18,0,1,27,2,30,0,1,42,5,48,66,0,66,114
12/07/2022,SNS,CA,AWP,WE,Federal Contract Tower,0,0,45,3,48,0,4,77,6,87,0,4,122,9,135,106,0,106,241
12/08/2022,SNS,CA,AWP,WE,Federal Contract Tower,0,0,24,0,24,0,0,40,4,44,0,0,64,4,68,24,0,24,92
12/09/2022,SNS,CA,AWP,WE,Federal Contract Tower,0,0,35,5,40,0,0,26,1,27,0,0,61,6,67,0,44,44,111
12/10/2022,SNS,CA,AWP,WE,Federal Contract Tower,0,0,0,0,0,0,0,3,0,3,0,0,3,0,3,0,0,0,3
12/11/2022,SNS,CA,AWP,WE,Federal Contract Tower,0,0,8,0,8,0,0,44,5,49,0,0,52,5,57,36,0,36,93
12/12/2022,SNS,CA,AWP,WE,Federal Contract Tower,0,0,18,0,18,0,1,50,3,54,0,1,68,3,72,68,0,68,140
12/13/2022,SNS,CA,AWP,WE,Federal Contract Tower,0,4,16,6,26,0,4,73,3,80,0,8,89,9,106,60,0,60,166
12/14/2022,SNS,CA,AWP,WE,Federal Contract Tower,0,0,24,0,24,0,1,71,2,74,0,1,95,2,98,58,0,58,156
12/15/2022,SNS,CA,AWP,WE,Federal Contract Tower,0,0,32,1,33,0,4,65,3,72,0,4,97,4,105,70,0,70,175
12/16/2022,SNS,CA,AWP,WE,Federal Contract Tower,0,2,38,0,40,0,1,66,0,67,0,3,104,0,107,52,0,52,159
12/17/2022,SNS,CA,AWP,WE,Federal Contract Tower,0,0,17,0,17,0,4,67,0,71,0,4,84,0,88,50,0,50,138
12/18/2022,SNS,CA,AWP,WE,Federal Contract Tower,0,4,23,0,27,0,2,46,3,51,0,6,69,3,78,64,0,64,142
12/19/2022,SNS,CA,AWP,WE,Federal Contract Tower,0,0,18,4,22,0,3,55,0,58,0,3,73,4,80,90,0,90,170
12/20/2022,SNS,CA,AWP,WE,Federal Contract Tower,0,0,31,0,31,0,7,48,4,59,0,7,79,4,90,78,0,78,168
12/21/2022,SNS,CA,AWP,WE,Federal Contract Tower,0,1,31,2,34,0,3,60,0,63,0,4,91,2,97,84,0,84,181
12/22/2022,SNS,CA,AWP,WE,Federal Contract Tower,0,0,18,2,20,0,2,65,0,67,0,2,83,2,87,114,0,114,201
12/23/2022,SNS,CA,AWP,WE,Federal Contract Tower,0,1,38,0,39,0,1,71,0,72,0,2,109,0,111,58,0,58,169
12/24/2022,SNS,CA,AWP,WE,Federal Contract Tower,0,0,8,0,8,0,2,21,0,23,0,2,29,0,31,2,0,2,33
12/25/2022,SNS,CA,AWP,WE,Federal Contract Tower,0,0,4,0,4,0,5,6,0,11,0,5,10,0,15,20,0,20,35
12/26/2022,SNS,CA,AWP,WE,Federal Contract Tower,0,0,20,0,20,0,0,61,1,62,0,0,81,1,82,76,0,76,158
12/27/2022,SNS,CA,AWP,WE,Federal Contract Tower,0,0,7,0,7,0,0,2,0,2,0,0,9,0,9,10,0,10,19
12/28/2022,SNS,CA,AWP,WE,Federal Contract Tower,0,0,23,3,26,0,4,46,2,52,0,4,69,5,78,12,0,12,90
12/29/2022,SNS,CA,AWP,WE,Federal Contract Tower,0,0,19,2,21,0,2,2,0,4,0,2,21,2,25,16,0,16,41
12/30/2022,SNS,CA,AWP,WE,Federal Contract Tower,0,0,12,0,12,0,0,7,0,7,0,0,19,0,19,8,0,8,27
12/31/2022,SNS,CA,AWP,WE,Federal Contract Tower,0,0,3,0,3,0,0,2,0,2,0,0,5,0,5,12,0,12,17
01/01/2023,SNS,CA,AWP,WE,Federal Contract Tower,0,0,15,0,15,0,11,64,0,75,0,11,79,0,90,82,0,82,172
01/02/2023,SNS,CA,AWP,WE,Federal Contract Tower,0,0,8,0,8,0,2,14,0,16,0,2,22,0,24,18,0,18,42
01/03/2023,SNS,CA,AWP,WE,Federal Contract Tower,0,0,20,4,24,0,4,40,0,44,0,4,60,4,68,60,0,60,128
01/04/2023,SNS,CA,AWP,WE,Federal Contract Tower,0,0,4,0,4,0,0,0,2,2,0,0,4,2,6,0,0,0,6
01/05/2023,SNS,CA,AWP,WE,Federal Contract Tower,0,0,4,0,4,0,0,3,2,5,0,0,7,2,9,10,0,10,19
01/06/2023,SNS,CA,AWP,WE,Federal Contract Tower,0,0,14,0,14,0,2,58,1,61,0,2,72,1,75,88,0,88,163
01/07/2023,SNS,CA,AWP,WE,Federal Contract Tower,0,0,6,0,6,0,3,10,0,13,0,3,16,0,19,34,0,34,53
01/08/2023,SNS,CA,AWP,WE,Federal Contract Tower,0,0,27,0,27,0,6,24,0,30,0,6,51,0,57,24,0,24,81
01/09/2023,SNS,CA,AWP,WE,Federal Contract Tower,0,0,24,0,24,0,1,0,6,7,0,1,24,6,31,0,0,0,31
01/10/2023,SNS,CA,AWP,WE,Federal Contract Tower,0,0,3,0,3,0,4,2,8,14,0,4,5,8,17,0,0,0,17
01/11/2023,SNS,CA,AWP,WE,Federal Contract Tower,0,0,5,0,5,0,0,8,3,11,0,0,13,3,16,6,0,6,22
01/12/2023,SNS,CA,AWP,WE,Federal Contract Tower,0,0,36,0,36,0,6,67,1,74,0,6,103,1,110,64,0,64,174
01/13/2023,SNS,CA,AWP,WE,Federal Contract Tower,0,1,12,0,13,0,2,6,0,8,0,3,18,0,21,0,0,0,21
01/14/2023,SNS,CA,AWP,WE,Federal Contract Tower,0,1,0,0,1,0,0,1,0,1,0,1,1,0,2,0,0,0,2
01/15/2023,SNS,CA,AWP,WE,Federal Contract Tower,0,0,1,0,1,0,0,11,0,11,0,0,12,0,12,16,0,16,28
01/16/2023,SNS,CA,AWP,WE,Federal Contract Tower,0,0,11,0,11,0,2,5,0,7,0,2,16,0,18,0,0,0,18
01/17/2023,SNS,CA,AWP,WE,Federal Contract Tower,0,0,31,3,34,0,9,81,1,91,0,9,112,4,125,152,0,152,277
01/18/2023,SNS,CA,AWP,WE,Federal Contract Tower,0,0,9,0,9,0,1,42,2,45,0,1,51,2,54,64,0,64,118
01/19/2023,SNS,CA,AWP,WE,Federal Contract Tower,0,0,15,2,17,0,1,39,2,42,0,1,54,4,59,80,0,80,139
01/20/2023,SNS,CA,AWP,WE,Federal Contract Tower,0,0,15,1,16,0,0,88,3,91,0,0,103,4,107,72,2,74,181
01/21/2023,SNS,CA,AWP,WE,Federal Contract Tower,0,0,14,0,14,0,4,60,0,64,0,4,74,0,78,30,0,30,108
01/22/2023,SNS,CA,AWP,WE,Federal Contract Tower,0,0,23,0,23,0,4,53,0,57,0,4,76,0,80,92,0,92,172
01/23/2023,SNS,CA,AWP,WE,Federal Contract Tower,0,0,18,1,19,0,1,45,2,48,0,1,63,3,67,60,0,60,127
01/24/2023,SNS,CA,AWP,WE,Federal Contract Tower,0,0,13,1,14,0,4,47,3,54,0,4,60,4,68,66,0,66,134
01/25/2023,SNS,CA,AWP,WE,Federal Contract Tower,0,3,24,1,28,0,1,71,2,74,0,4,95,3,102,48,0,48,150
01/26/2023,SNS,CA,AWP,WE,Federal Contract Tower,0,0,28,0,28,0,6,78,4,88,0,6,106,4,116,102,0,102,218
01/27/2023,SNS,CA,AWP,WE,Federal Contract Tower,0,0,26,3,29,0,5,68,3,76,0,5,94,6,105,0,70,70,175
01/28/2023,SNS,CA,AWP,WE,Federal Contract Tower,0,0,6,2,8,0,0,57,0,57,0,0,63,2,65,72,0,72,137
01/29/2023,SNS,CA,AWP,WE,Federal Contract Tower,0,0,7,0,7,0,0,3,0,3,0,0,10,0,10,0,0,0,10
01/30/2023,SNS,CA,AWP,WE,Federal Contract Tower,0,2,46,0,48,0,6,43,2,51,0,8,89,2,99,110,0,110,209
01/31/2023,SNS,CA,AWP,WE,Federal Contract Tower,0,8,11,1,20,0,14,63,5,82,0,22,74,6,102,82,0,82,184
02/01/2023,SNS,CA,AWP,WE,Federal Contract Tower,0,3,17,0,20,0,2,57,3,62,0,5,74,3,82,50,0,50,132
02/02/2023,SNS,CA,AWP,WE,Federal Contract Tower,0,0,23,1,24,0,4,63,5,72,0,4,86,6,96,72,0,72,168
02/03/2023,SNS,CA,AWP,WE,Federal Contract Tower,0,1,15,6,22,0,2,33,2,37,0,3,48,8,59,18,0,18,77
02/04/2023,SNS,CA,AWP,WE,Federal Contract Tower,0,0,18,0,18,0,8,19,0,27,0,8,37,0,45,26,0,26,71
02/05/2023,SNS,CA,AWP,WE,Federal Contract Tower,0,0,6,3,9,0,5,3,1,9,0,5,9,4,18,0,0,0,18
02/06/2023,SNS,CA,AWP,WE,Federal Contract Tower,0,30,1,0,31,0,2,55,3,60,0,32,56,3,91,56,0,56,147
02/07/2023,SNS,CA,AWP,WE,Federal Contract Tower,0,0,21,0,21,0,5,46,2,53,0,5,67,2,74,100,0,100,174
02/08/2023,SNS,CA,AWP,WE,Federal Contract Tower,0,0,16,1,17,0,0,72,4,76,0,0,88,5,93,64,0,64,157
02/09/2023,SNS,CA,AWP,WE,Federal Contract Tower,0,0,10,0,10,0,2,45,2,49,0,2,55,2,59,70,0,70,129
02/10/2023,SNS,CA,AWP,WE,Federal Contract Tower,0,0,31,1,32,0,4,38,2,44,0,4,69,3,76,26,0,26,102
02/11/2023,SNS,CA,AWP,WE,Federal Contract Tower,0,0,2,0,2,0,0,7,0,7,0,0,9,0,9,0,0,0,9
02/12/2023,SNS,CA,AWP,WE,Federal Contract Tower,0,0,25,0,25,0,0,92,0,92,0,0,117,0,117,117,0,117,234
02/13/2023,SNS,CA,AWP,WE,Federal Contract Tower,0,1,25,3,29,0,1,9,1,11,0,2,34,4,40,29,0,29,69
02/14/2023,SNS,CA,AWP,WE,Federal Contract Tower,0,14,5,0,19,0,0,28,1,29,0,14,33,1,48,16,0,16,64
02/15/2023,SNS,CA,AWP,WE,Federal Contract Tower,0,2,16,0,18,0,0,69,0,69,0,2,85,0,87,70,0,70,157
02/16/2023,SNS,CA,AWP,WE,Federal Contract Tower,0,0,20,0,20,0,1,59,1,61,0,1,79,1,81,94,0,94,175
02/17/2023,SNS,CA,AWP,WE,Federal Contract Tower,0,0,19,0,19,0,0,55,0,55,0,0,74,0,74,64,0,64,138
02/18/2023,SNS,CA,AWP,WE,Federal Contract Tower,0,0,5,0,5,0,3,68,0,71,0,3,73,0,76,56,0,56,132
02/19/2023,SNS,CA,AWP,WE,Federal Contract Tower,0,0,11,0,11,0,0,75,0,75,0,0,86,0,86,56,0,56,142
02/20/2023,SNS,CA,AWP,WE,Federal Contract Tower,0,0,14,0,14,0,0,79,0,79,0,0,93,0,93,100,0,100,193
02/21/2023,SNS,CA,AWP,WE,Federal Contract Tower,0,0,15,2,17,0,0,9,0,9,0,0,24,2,26,6,0,6,32
02/22/2023,SNS,CA,AWP,WE,Federal Contract Tower,0,2,6,0,8,0,1,15,0,16,0,3,21,0,24,6,0,6,30
02/23/2023,SNS,CA,AWP,WE,Federal Contract Tower,0,0,5,0,5,0,0,13,0,13,0,0,18,0,18,34,0,34,52
02/24/2023,SNS,CA,AWP,WE,Federal Contract Tower,0,0,5,0,5,0,0,0,0,0,0,0,5,0,5,0,0,0,5
02/25/2023,SNS,CA,AWP,WE,Federal Contract Tower,0,0,7,0,7,0,0,30,0,30,0,0,37,0,37,40,0,40,77
02/26/2023,SNS,CA,AWP,WE,Federal Contract Tower,0,1,2,0,3,0,0,9,0,9,0,1,11,0,12,60,0,60,72
02/27/2023,SNS,CA,AWP,WE,Federal Contract Tower,0,1,8,0,9,0,0,10,0,10,0,1,18,0,19,8,0,8,27
02/28/2023,SNS,CA,AWP,WE,Federal Contract Tower,0,1,5,0,6,0,0,6,0,6,0,1,11,0,12,26,0,26,38
03/01/2023,SNS,CA,AWP,WE,Federal Contract Tower,0,4,18,7,29,0,0,65,0,65,0,4,83,7,94,100,0,100,194
03/02/2023,SNS,CA,AWP,WE,Federal Contract Tower,0,0,20,0,20,0,2,92,1,95,0,2,112,1,115,164,0,164,279
03/03/2023,SNS,CA,AWP,WE,Federal Contract Tower,0,0,30,2,32,0,2,58,1,61,0,2,88,3,93,44,0,44,137
03/04/2023,SNS,CA,AWP,WE,Federal Contract Tower,0,0,0,0,0,0,0,16,0,16,0,0,16,0,16,72,0,72,88
03/05/2023,SNS,CA,AWP,WE,Federal Contract Tower,0,0,4,0,4,0,2,7,0,9,0,2,11,0,13,12,0,12,25
03/06/2023,SNS,CA,AWP,WE,Federal Contract Tower,0,0,12,0,12,0,0,19,2,21,0,0,31,2,33,52,0,52,85
03/07/2023,SNS,CA,AWP,WE,Federal Contract Tower,0,1,16,0,17,0,0,52,2,54,0,1,68,2,71,34,0,34,105
03/08/2023,SNS,CA,AWP,WE,Federal Contract Tower,0,0,19,0,19,0,0,33,2,35,0,0,52,2,54,12,0,12,66
03/09/2023,SNS,CA,AWP,WE,Federal Contract Tower,0,0,11,0,11,0,0,21,2,23,0,0,32,2,34,8,0,8,42
03/10/2023,SNS,CA,AWP,WE,Federal Contract Tower,0,0,0,5,5,0,0,0,0,0,0,0,0,5,5,0,0,0,5
03/11/2023,SNS,CA,AWP,WE,Federal Contract Tower,0,1,10,0,11,0,0,7,0,7,0,1,17,0,18,12,0,12,30
03/12/2023,SNS,CA,AWP,WE,Federal Contract Tower,0,0,0,2,2,0,2,28,0,30,0,2,28,2,32,84,0,84,116
03/13/2023,SNS,CA,AWP,WE,Federal Contract Tower,0,0,9,0,9,0,10,34,3,47,0,10,43,3,56,45,16,61,117
03/14/2023,SNS,CA,AWP,WE,Federal Contract Tower,0,0,6,0,6,0,0,2,0,2,0,0,8,0,8,0,0,0,8
03/15/2023,SNS,CA,AWP,WE,Federal Contract Tower,0,0,25,3,28,0,3,71,8,82,0,3,96,11,110,114,0,114,224
03/16/2023,SNS,CA,AWP,WE,Federal Contract Tower,0,2,25,0,27,0,0,71,3,74,0,2,96,3,101,100,0,100,201
03/17/2023,SNS,CA,AWP,WE,Federal Contract Tower,0,0,29,0,29,0,0,36,0,36,0,0,65,0,65,78,0,78,143
03/18/2023,SNS,CA,AWP,WE,Federal Contract Tower,0,7,0,0,7,0,2,43,0,45,0,9,43,0,52,116,0,116,168
03/19/2023,SNS,CA,AWP,WE,Federal Contract Tower,0,0,2,0,2,0,0,2,0,2,0,0,4,0,4,8,0,8,12
03/20/2023,SNS,CA,AWP,WE,Federal Contract Tower,0,0,25,2,27,0,2,37,0,39,0,2,62,2,66,93,0,93,159
03/21/2023,SNS,CA,AWP,WE,Federal Contract Tower,0,0,5,0,5,0,0,0,2,2,0,0,5,2,7,0,0,0,7
03/22/2023,SNS,CA,AWP,WE,Federal Contract Tower,0,0,6,0,6,0,0,7,0,7,0,0,13,0,13,30,0,30,43
03/23/2023,SNS,CA,AWP,WE,Federal Contract Tower,0,0,18,0,18,0,2,34,4,40,0,2,52,4,58,36,8,44,102
03/24/2023,SNS,CA,AWP,WE,Federal Contract Tower,0,0,37,0,37,0,0,56,0,56,0,0,93,0,93,88,0,88,181
03/25/2023,SNS,CA,AWP,WE,Federal Contract Tower,0,0,14,0,14,0,2,65,0,67,0,2,79,0,81,38,0,38,119
03/26/2023,SNS,CA,AWP,WE,Federal Contract Tower,0,2,11,0,13,0,2,103,0,105,0,4,114,0,118,38,0,38,156
03/27/2023,SNS,CA,AWP,WE,Federal Contract Tower,0,2,14,2,18,0,2,63,2,67,0,4,77,4,85,100,0,100,185
03/28/2023,SNS,CA,AWP,WE,Federal Contract Tower,0,0,5,0,5,0,0,14,2,16,0,0,19,2,21,22,0,22,43
03/29/2023,SNS,CA,AWP,WE,Federal Contract Tower,0,0,8,0,8,0,1,8,2,11,0,1,16,2,19,0,0,0,19
03/30/2023,SNS,CA,AWP,WE,Federal Contract Tower,0,1,31,1,33,0,2,54,3,59,0,3,85,4,92,76,0,76,168
03/31/2023,SNS,CA,AWP,WE,Federal Contract Tower,0,0,30,2,32,0,1,80,0,81,0,1,110,2,113,74,0,74,187
04/01/2023,SNS,CA,AWP,WE,Federal Contract Tower,0,0,8,0,8,0,2,49,0,51,0,2,57,0,59,60,0,60,119
04/02/2023,SNS,CA,AWP,WE,Federal Contract Tower,0,0,5,0,5,0,1,34,2,37,0,1,39,2,42,36,0,36,78
04/03/2023,SNS,CA,AWP,WE,Federal Contract Tower,0,0,5,1,6,0,0,17,7,24,0,0,22,8,30,32,0,32,62
04/04/2023,SNS,CA,AWP,WE,Federal Contract Tower,0,0,25,4,29,0,0,71,5,76,0,0,96,9,105,120,0,120,225
04/05/2023,SNS,CA,AWP,WE,Federal Contract Tower,0,0,19,2,21,0,2,54,2,58,0,2,73,4,79,112,0,112,191
04/06/2023,SNS,CA,AWP,WE,Federal Contract Tower,0,0,18,8,26,0,3,69,5,77,0,3,87,13,103,142,8,150,253
04/07/2023,SNS,CA,AWP,WE,Federal Contract Tower,0,0,6,0,6,0,2,26,0,28,0,2,32,0,34,76,0,76,110
04/08/2023,SNS,CA,AWP,WE,Federal Contract Tower,0,0,24,2,26,0,0,18,0,18,0,0,42,2,44,6,0,6,50
04/09/2023,SNS,CA,AWP,WE,Federal Contract Tower,0,0,20,0,20,0,2,54,0,56,0,2,74,0,76,40,0,40,116
04/10/2023,SNS,CA,AWP,WE,Federal Contract Tower,0,1,16,0,17,0,5,48,0,53,0,6,64,0,70,68,0,68,138
04/11/2023,SNS,CA,AWP,WE,Federal Contract Tower,0,1,16,0,17,0,1,50,2,53,0,2,66,2,70,54,0,54,124
04/12/2023,SNS,CA,AWP,WE,Federal Contract Tower,0,0,8,1,9,0,3,38,2,43,0,3,46,3,52,8,10,18,70
04/13/2023,SNS,CA,AWP,WE,Federal Contract Tower,0,0,22,3,25,0,0,50,2,52,0,0,72,5,77,0,50,50,127
04/14/2023,SNS,CA,AWP,WE,Federal Contract Tower,0,0,12,0,12,0,0,38,16,54,0,0,50,16,66,130,0,130,196
04/15/2023,SNS,CA,AWP,WE,Federal Contract Tower,0,0,0,0,0,0,0,0,0,0,0,0,0,0,0,0,0,0,0
04/16/2023,SNS,CA,AWP,WE,Federal Contract Tower,0,0,43,2,45,0,1,54,0,55,0,1,97,2,100,26,0,26,126
04/17/2023,SNS,CA,AWP,WE,Federal Contract Tower,0,0,38,0,38,0,0,67,0,67,0,0,105,0,105,96,0,96,201
04/18/2023,SNS,CA,AWP,WE,Federal Contract Tower,0,2,41,2,45,0,1,63,2,66,0,3,104,4,111,40,0,40,151
04/19/2023,SNS,CA,AWP,WE,Federal Contract Tower,0,1,34,4,39,0,2,67,4,73,0,3,101,8,112,92,0,92,204
04/20/2023,SNS,CA,AWP,WE,Federal Contract Tower,0,2,16,0,18,0,1,76,2,79,0,3,92,2,97,174,6,180,277
04/21/2023,SNS,CA,AWP,WE,Federal Contract Tower,0,0,21,0,21,0,2,57,3,62,0,2,78,3,83,46,0,46,129
04/22/2023,SNS,CA,AWP,WE,Federal Contract Tower,0,0,0,0,0,0,0,0,0,0,0,0,0,0,0,0,0,0,0
04/23/2023,SNS,CA,AWP,WE,Federal Contract Tower,0,0,0,0,0,0,3,11,0,14,0,3,11,0,14,0,0,0,14
04/24/2023,SNS,CA,AWP,WE,Federal Contract Tower,0,1,42,0,43,0,0,35,1,36,0,1,77,1,79,40,0,40,119
04/25/2023,SNS,CA,AWP,WE,Federal Contract Tower,0,0,33,0,33,0,0,35,1,36,0,0,68,1,69,58,0,58,127
04/26/2023,SNS,CA,AWP,WE,Federal Contract Tower,0,0,27,0,27,0,2,38,0,40,0,2,65,0,67,66,0,66,133
04/27/2023,SNS,CA,AWP,WE,Federal Contract Tower,0,0,37,0,37,0,1,69,0,70,0,1,106,0,107,100,24,124,231
04/28/2023,SNS,CA,AWP,WE,Federal Contract Tower,0,0,31,0,31,0,1,47,2,50,0,1,78,2,81,38,0,38,119
04/29/2023,SNS,CA,AWP,WE,Federal Contract Tower,0,0,0,0,0,0,0,0,0,0,0,0,0,0,0,0,0,0,0
04/30/2023,SNS,CA,AWP,WE,Federal Contract Tower,0,0,32,0,32,0,0,21,0,21,0,0,53,0,53,0,0,0,53
05/01/2023,SNS,CA,AWP,WE,Federal Contract Tower,0,0,14,1,15,0,1,19,0,20,0,1,33,1,35,84,0,84,119
05/02/2023,SNS,CA,AWP,WE,Federal Contract Tower,0,1,9,0,10,0,0,24,4,28,0,1,33,4,38,18,0,18,56
05/03/2023,SNS,CA,AWP,WE,Federal Contract Tower,0,0,11,0,11,0,0,21,3,24,0,0,32,3,35,24,0,24,59
05/04/2023,SNS,CA,AWP,WE,Federal Contract Tower,0,0,8,0,8,0,0,41,1,42,0,0,49,1,50,62,0,62,112
05/05/2023,SNS,CA,AWP,WE,Federal Contract Tower,0,0,21,2,23,0,4,39,3,46,0,4,60,5,69,48,0,48,117
05/06/2023,SNS,CA,AWP,WE,Federal Contract Tower,0,0,0,0,0,0,0,0,0,0,0,0,0,0,0,0,0,0,0
05/07/2023,SNS,CA,AWP,WE,Federal Contract Tower,0,0,26,0,26,0,5,76,0,81,0,5,102,0,107,118,0,118,225
05/08/2023,SNS,CA,AWP,WE,Federal Contract Tower,0,0,33,0,33,0,0,74,4,78,0,0,107,4,111,68,0,68,179
05/09/2023,SNS,CA,AWP,WE,Federal Contract Tower,0,0,17,0,17,0,0,62,7,69,0,0,79,7,86,64,0,64,150
05/10/2023,SNS,CA,AWP,WE,Federal Contract Tower,0,0,38,0,38,0,0,53,2,55,0,0,91,2,93,76,0,76,169
05/11/2023,SNS,CA,AWP,WE,Federal Contract Tower,0,2,39,0,41,0,2,67,1,70,0,4,106,1,111,74,0,74,185
05/12/2023,SNS,CA,AWP,WE,Federal Contract Tower,0,0,22,2,24,0,0,49,1,50,0,0,71,3,74,50,0,50,124
05/13/2023,SNS,CA,AWP,WE,Federal Contract Tower,0,0,0,0,0,0,0,0,0,0,0,0,0,0,0,0,0,0,0
05/14/2023,SNS,CA,AWP,WE,Federal Contract Tower,0,4,45,0,49,0,0,31,0,31,0,4,76,0,80,62,0,62,142
05/15/2023,SNS,CA,AWP,WE,Federal Contract Tower,0,0,26,2,28,0,0,45,2,47,0,0,71,4,75,0,0,0,75
05/16/2023,SNS,CA,AWP,WE,Federal Contract Tower,0,1,24,4,29,0,2,53,2,57,0,3,77,6,86,36,0,36,122
05/17/2023,SNS,CA,AWP,WE,Federal Contract Tower,0,4,41,2,47,0,0,55,0,55,0,4,96,2,102,68,0,68,170
05/18/2023,SNS,CA,AWP,WE,Federal Contract Tower,0,2,37,5,44,0,2,49,1,52,0,4,86,6,96,78,0,78,174
05/19/2023,SNS,CA,AWP,WE,Federal Contract Tower,0,2,56,1,59,0,4,47,2,53,0,6,103,3,112,32,0,32,144
05/20/2023,SNS,CA,AWP,WE,Federal Contract Tower,0,0,0,0,0,0,0,0,0,0,0,0,0,0,0,0,0,0,0
05/21/2023,SNS,CA,AWP,WE,Federal Contract Tower,0,0,39,0,39,0,2,44,4,50,0,2,83,4,89,58,0,58,147
05/22/2023,SNS,CA,AWP,WE,Federal Contract Tower,0,0,39,0,39,0,0,45,1,46,0,0,84,1,85,86,0,86,171
05/23/2023,SNS,CA,AWP,WE,Federal Contract Tower,0,4,32,1,37,0,0,41,2,43,0,4,73,3,80,66,0,66,146
05/24/2023,SNS,CA,AWP,WE,Federal Contract Tower,0,2,17,3,22,0,2,41,0,43,0,4,58,3,65,150,0,150,215
05/25/2023,SNS,CA,AWP,WE,Federal Contract Tower,0,0,35,2,37,0,0,38,1,39,0,0,73,3,76,62,0,62,138
05/28/2023,SNS,CA,AWP,WE,Federal Contract Tower,0,1,9,0,10,0,0,20,0,20,0,1,29,0,30,70,0,70,100
05/29/2023,SNS,CA,AWP,WE,Federal Contract Tower,0,6,26,0,32,0,5,34,0,39,0,11,60,0,71,96,0,96,167
05/30/2023,SNS,CA,AWP,WE,Federal Contract Tower,0,1,22,2,25,0,0,39,1,40,0,1,61,3,65,64,0,64,129
05/31/2023,SNS,CA,AWP,WE,Federal Contract Tower,0,0,23,2,25,0,1,37,1,39,0,1,60,3,64,104,0,104,168
06/01/2023,SNS,CA,AWP,WE,Federal Contract Tower,0,0,28,2,30,0,1,40,3,44,0,1,68,5,74,100,14,114,188
06/02/2023,SNS,CA,AWP,WE,Federal Contract Tower,0,0,19,2,21,0,2,51,1,54,0,2,70,3,75,128,0,128,203
06/03/2023,SNS,CA,AWP,WE,Federal Contract Tower,0,0,0,0,0,0,0,0,0,0,0,0,0,0,0,0,0,0,0
06/04/2023,SNS,CA,AWP,WE,Federal Contract Tower,0,1,30,0,31,0,5,26,0,31,0,6,56,0,62,136,0,136,198
06/05/2023,SNS,CA,AWP,WE,Federal Contract Tower,0,5,29,0,34,0,0,64,4,68,0,5,93,4,102,68,0,68,170
06/06/2023,SNS,CA,AWP,WE,Federal Contract Tower,0,0,11,2,13,0,0,26,2,28,0,0,37,4,41,70,0,70,111
06/07/2023,SNS,CA,AWP,WE,Federal Contract Tower,0,1,14,2,17,0,4,42,1,47,0,5,56,3,64,138,0,138,202
06/08/2023,SNS,CA,AWP,WE,Federal Contract Tower,0,0,30,0,30,0,8,97,5,110,0,8,127,5,140,248,0,248,388
06/09/2023,SNS,CA,AWP,WE,Federal Contract Tower,0,3,13,0,16,0,5,34,0,39,0,8,47,0,55,38,0,38,93
06/10/2023,SNS,CA,AWP,WE,Federal Contract Tower,0,0,6,0,6,0,15,37,0,52,0,15,43,0,58,0,0,0,58
06/11/2023,SNS,CA,AWP,WE,Federal Contract Tower,0,1,23,4,28,0,8,37,2,47,0,9,60,6,75,54,0,54,129
06/12/2023,SNS,CA,AWP,WE,Federal Contract Tower,0,0,17,0,17,0,4,24,2,30,0,4,41,2,47,70,0,70,117
06/13/2023,SNS,CA,AWP,WE,Federal Contract Tower,0,3,27,0,30,0,2,30,2,34,0,5,57,2,64,58,0,58,122
06/14/2023,SNS,CA,AWP,WE,Federal Contract Tower,0,0,49,0,49,0,0,57,2,59,0,0,106,2,108,108,0,108,216
06/15/2023,SNS,CA,AWP,WE,Federal Contract Tower,0,3,32,0,35,0,2,55,2,59,0,5,87,2,94,38,0,38,132
06/16/2023,SNS,CA,AWP,WE,Federal Contract Tower,0,2,32,1,35,0,1,42,0,43,0,3,74,1,78,96,0,96,174
06/17/2023,SNS,CA,AWP,WE,Federal Contract Tower,0,0,29,0,29,0,0,31,0,31,0,0,60,0,60,42,0,42,102
06/18/2023,SNS,CA,AWP,WE,Federal Contract Tower,0,0,20,2,22,0,7,82,0,89,0,7,102,2,111,58,0,58,169
06/19/2023,SNS,CA,AWP,WE,Federal Contract Tower,0,1,11,1,13,0,4,35,0,39,0,5,46,1,52,40,0,40,92
06/20/2023,SNS,CA,AWP,WE,Federal Contract Tower,0,1,17,4,22,0,1,41,3,45,0,2,58,7,67,110,0,110,177
06/21/2023,SNS,CA,AWP,WE,Federal Contract Tower,0,1,7,0,8,0,4,54,2,60,0,5,61,2,68,86,0,86,154
06/22/2023,SNS,CA,AWP,WE,Federal Contract Tower,0,3,16,0,19,0,7,21,11,39,0,10,37,11,58,38,0,38,96
06/23/2023,SNS,CA,AWP,WE,Federal Contract Tower,0,0,30,0,30,0,2,42,1,45,0,2,72,1,75,38,0,38,113
06/24/2023,SNS,CA,AWP,WE,Federal Contract Tower,0,0,18,2,20,0,0,44,0,44,0,0,62,2,64,32,0,32,96
06/25/2023,SNS,CA,AWP,WE,Federal Contract Tower,0,0,18,0,18,0,0,54,0,54,0,0,72,0,72,100,0,100,172
06/26/2023,SNS,CA,AWP,WE,Federal Contract Tower,0,0,11,1,12,0,2,42,2,46,0,2,53,3,58,76,0,76,134
06/27/2023,SNS,CA,AWP,WE,Federal Contract Tower,0,1,13,1,15,0,3,30,1,34,0,4,43,2,49,44,0,44,93
06/28/2023,SNS,CA,AWP,WE,Federal Contract Tower,0,0,33,1,34,0,8,32,2,42,0,8,65,3,76,38,0,38,114
06/29/2023,SNS,CA,AWP,WE,Federal Contract Tower,0,1,42,1,44,0,4,61,7,72,0,5,103,8,116,88,0,88,204
06/30/2023,SNS,CA,AWP,WE,Federal Contract Tower,0,0,44,0,44,0,1,51,0,52,0,1,95,0,96,76,0,76,172
07/01/2023,SNS,CA,AWP,WE,Federal Contract Tower,0,0,12,0,12,0,3,42,0,45,0,3,54,0,57,60,0,60,117
07/02/2023,SNS,CA,AWP,WE,Federal Contract Tower,0,0,20,0,20,0,1,51,0,52,0,1,71,0,72,82,0,82,154
07/03/2023,SNS,CA,AWP,WE,Federal Contract Tower,0,3,15,0,18,0,0,48,0,48,0,3,63,0,66,90,0,90,156
07/04/2023,SNS,CA,AWP,WE,Federal Contract Tower,0,2,14,0,16,0,4,37,0,41,0,6,51,0,57,84,0,84,141
07/05/2023,SNS,CA,AWP,WE,Federal Contract Tower,0,7,32,0,39,0,2,34,2,38,0,9,66,2,77,60,0,60,137
07/06/2023,SNS,CA,AWP,WE,Federal Contract Tower,0,4,24,2,30,0,0,41,0,41,0,4,65,2,71,114,0,114,185
07/07/2023,SNS,CA,AWP,WE,Federal Contract Tower,0,1,43,0,44,0,2,38,2,42,0,3,81,2,86,54,0,54,140
07/08/2023,SNS,CA,AWP,WE,Federal Contract Tower,0,0,10,0,10,0,0,35,0,35,0,0,45,0,45,34,0,34,79
07/09/2023,SNS,CA,AWP,WE,Federal Contract Tower,0,3,12,0,15,0,6,62,0,68,0,9,74,0,83,70,0,70,153
07/10/2023,SNS,CA,AWP,WE,Federal Contract Tower,0,0,15,2,17,0,0,56,3,59,0,0,71,5,76,92,0,92,168
07/11/2023,SNS,CA,AWP,WE,Federal Contract Tower,0,5,19,0,24,0,10,52,1,63,0,15,71,1,87,60,0,60,147
07/12/2023,SNS,CA,AWP,WE,Federal Contract Tower,0,0,40,0,40,0,3,55,2,60,0,3,95,2,100,86,0,86,186
07/13/2023,SNS,CA,AWP,WE,Federal Contract Tower,0,3,31,3,37,0,4,65,2,71,0,7,96,5,108,108,0,108,216
07/14/2023,SNS,CA,AWP,WE,Federal Contract Tower,0,2,37,0,39,0,5,55,0,60,0,7,92,0,99,90,0,90,189
07/15/2023,SNS,CA,AWP,WE,Federal Contract Tower,0,4,15,0,19,0,0,42,0,42,0,4,57,0,61,92,0,92,153
07/16/2023,SNS,CA,AWP,WE,Federal Contract Tower,0,0,11,0,11,0,2,68,0,70,0,2,79,0,81,142,0,142,223
07/17/2023,SNS,CA,AWP,WE,Federal Contract Tower,0,0,37,0,37,0,5,54,0,59,0,5,91,0,96,62,0,62,158
07/18/2023,SNS,CA,AWP,WE,Federal Contract Tower,0,1,39,7,47,0,12,74,6,92,0,13,113,13,139,98,0,98,237
07/19/2023,SNS,CA,AWP,WE,Federal Contract Tower,0,2,30,0,32,0,0,52,0,52,0,2,82,0,84,44,0,44,128
07/20/2023,SNS,CA,AWP,WE,Federal Contract Tower,0,5,53,4,62,0,2,62,1,65,0,7,115,5,127,78,8,86,213
07/21/2023,SNS,CA,AWP,WE,Federal Contract Tower,0,1,38,0,39,0,6,57,0,63,0,7,95,0,102,60,0,60,162
07/22/2023,SNS,CA,AWP,WE,Federal Contract Tower,0,0,19,3,22,0,0,59,0,59,0,0,78,3,81,70,0,70,151
07/23/2023,SNS,CA,AWP,WE,Federal Contract Tower,0,0,27,1,28,0,5,75,0,80,0,5,102,1,108,38,0,38,146
07/24/2023,SNS,CA,AWP,WE,Federal Contract Tower,0,0,41,4,45,0,6,50,3,59,0,6,91,7,104,76,0,76,180
07/25/2023,SNS,CA,AWP,WE,Federal Contract Tower,0,0,11,1,12,0,9,62,3,74,0,9,73,4,86,38,0,38,124
07/26/2023,SNS,CA,AWP,WE,Federal Contract Tower,0,0,4,2,6,0,0,47,0,47,0,0,51,2,53,82,0,82,135
07/27/2023,SNS,CA,AWP,WE,Federal Contract Tower,0,3,34,4,41,0,2,44,4,50,0,5,78,8,91,58,24,82,173
07/28/2023,SNS,CA,AWP,WE,Federal Contract Tower,0,2,29,0,31,0,4,58,0,62,0,6,87,0,93,76,0,76,169
07/29/2023,SNS,CA,AWP,WE,Federal Contract Tower,0,6,15,0,21,0,0,39,0,39,0,6,54,0,60,34,0,34,94
07/30/2023,SNS,CA,AWP,WE,Federal Contract Tower,0,4,20,0,24,0,0,64,0,64,0,4,84,0,88,72,0,72,160
07/31/2023,SNS,CA,AWP,WE,Federal Contract Tower,0,0,18,0,18,0,7,53,5,65,0,7,71,5,83,112,0,112,195
08/01/2023,SNS,CA,AWP,WE,Federal Contract Tower,0,2,33,2,37,0,0,50,1,51,0,2,83,3,88,42,0,42,130
08/02/2023,SNS,CA,AWP,WE,Federal Contract Tower,0,0,28,0,28,0,3,34,2,39,0,3,62,2,67,62,0,62,129
08/03/2023,SNS,CA,AWP,WE,Federal Contract Tower,0,0,10,2,12,0,1,47,2,50,0,1,57,4,62,48,0,48,110
08/04/2023,SNS,CA,AWP,WE,Federal Contract Tower,0,2,35,1,38,0,2,36,1,39,0,4,71,2,77,14,0,14,91
08/05/2023,SNS,CA,AWP,WE,Federal Contract Tower,0,0,20,0,20,0,0,31,0,31,0,0,51,0,51,82,0,82,133
08/06/2023,SNS,CA,AWP,WE,Federal Contract Tower,0,1,34,0,35,0,16,77,0,93,0,17,111,0,128,106,0,106,234
08/07/2023,SNS,CA,AWP,WE,Federal Contract Tower,0,0,19,3,22,0,9,65,13,87,0,9,84,16,109,48,0,48,157
08/08/2023,SNS,CA,AWP,WE,Federal Contract Tower,0,4,30,0,34,0,11,54,2,67,0,15,84,2,101,104,0,104,205
08/09/2023,SNS,CA,AWP,WE,Federal Contract Tower,0,1,34,3,38,0,4,50,2,56,0,5,84,5,94,90,0,90,184
08/10/2023,SNS,CA,AWP,WE,Federal Contract Tower,0,0,29,2,31,0,4,72,0,76,0,4,101,2,107,122,0,122,229
08/11/2023,SNS,CA,AWP,WE,Federal Contract Tower,0,4,38,0,42,0,0,44,2,46,0,4,82,2,88,84,0,84,172
08/12/2023,SNS,CA,AWP,WE,Federal Contract Tower,0,1,15,0,16,0,1,28,0,29,0,2,43,0,45,78,0,78,123
08/13/2023,SNS,CA,AWP,WE,Federal Contract Tower,0,0,14,0,14,0,0,56,0,56,0,0,70,0,70,144,0,144,214
08/14/2023,SNS,CA,AWP,WE,Federal Contract Tower,0,0,35,0,35,0,2,43,2,47,0,2,78,2,82,88,0,88,170
08/15/2023,SNS,CA,AWP,WE,Federal Contract Tower,0,1,34,2,37,0,2,67,1,70,0,3,101,3,107,132,0,132,239
08/16/2023,SNS,CA,AWP,WE,Federal Contract Tower,0,6,42,8,56,0,4,73,6,83,0,10,115,14,139,68,0,68,207
08/17/2023,SNS,CA,AWP,WE,Federal Contract Tower,0,3,56,3,62,0,7,52,1,60,0,10,108,4,122,48,0,48,170
08/18/2023,SNS,CA,AWP,WE,Federal Contract Tower,0,3,56,6,65,0,4,57,3,64,0,7,113,9,129,98,0,98,227
08/19/2023,SNS,CA,AWP,WE,Federal Contract Tower,0,1,31,0,32,0,7,62,0,69,0,8,93,0,101,60,0,60,161
08/20/2023,SNS,CA,AWP,WE,Federal Contract Tower,0,1,22,0,23,0,4,33,0,37,0,5,55,0,60,92,0,92,152
08/21/2023,SNS,CA,AWP,WE,Federal Contract Tower,0,3,36,0,39,0,2,31,1,34,0,5,67,1,73,94,0,94,167
08/22/2023,SNS,CA,AWP,WE,Federal Contract Tower,0,1,31,1,33,0,0,78,7,85,0,1,109,8,118,94,12,106,224
08/23/2023,SNS,CA,AWP,WE,Federal Contract Tower,0,1,19,2,22,0,10,79,5,94,0,11,98,7,116,68,0,68,184
08/24/2023,SNS,CA,AWP,WE,Federal Contract Tower,0,0,40,1,41,0,4,28,1,33,0,4,68,2,74,0,0,0,74
08/25/2023,SNS,CA,AWP,WE,Federal Contract Tower,0,0,13,0,13,0,0,42,0,42,0,0,55,0,55,16,0,16,71
08/26/2023,SNS,CA,AWP,WE,Federal Contract Tower,0,4,26,0,30,0,0,14,0,14,0,4,40,0,44,0,0,0,44
08/27/2023,SNS,CA,AWP,WE,Federal Contract Tower,0,2,32,0,34,0,5,37,0,42,0,7,69,0,76,46,0,46,122
08/28/2023,SNS,CA,AWP,WE,Federal Contract Tower,0,0,31,3,34,0,0,52,1,53,0,0,83,4,87,106,0,106,193
08/29/2023,SNS,CA,AWP,WE,Federal Contract Tower,0,0,44,2,46,0,1,46,2,49,0,1,90,4,95,38,0,38,133
08/30/2023,SNS,CA,AWP,WE,Federal Contract Tower,0,3,15,3,21,0,12,52,1,65,0,15,67,4,86,118,0,118,204
08/31/2023,SNS,CA,AWP,WE,Federal Contract Tower,0,5,41,7,53,0,3,31,1,35,0,8,72,8,88,16,12,28,116
