01/01/2000,SPG,FL,ASO,ES,Federal Contract Tower,0,1,2,0,3,0,3,95,0,98,0,4,97,0,101,96,0,96,197
01/02/2000,SPG,FL,ASO,ES,Federal Contract Tower,0,3,18,0,21,0,7,116,0,123,0,10,134,0,144,138,0,138,282
01/03/2000,SPG,FL,ASO,ES,Federal Contract Tower,0,1,1,0,2,0,2,88,0,90,0,3,89,0,92,214,0,214,306
01/04/2000,SPG,FL,ASO,ES,Federal Contract Tower,0,1,8,0,9,0,14,64,0,78,0,15,72,0,87,146,0,146,233
01/05/2000,SPG,FL,ASO,ES,Federal Contract Tower,0,1,5,0,6,0,3,89,0,92,0,4,94,0,98,174,0,174,272
01/06/2000,SPG,FL,ASO,ES,Federal Contract Tower,0,2,15,0,17,0,4,82,2,88,0,6,97,2,105,132,8,140,245
01/07/2000,SPG,FL,ASO,ES,Federal Contract Tower,0,2,9,0,11,0,0,33,0,33,0,2,42,0,44,26,0,26,70
01/08/2000,SPG,FL,ASO,ES,Federal Contract Tower,0,1,10,0,11,0,0,30,0,30,0,1,40,0,41,36,0,36,77
01/09/2000,SPG,FL,ASO,ES,Federal Contract Tower,0,2,8,0,10,0,2,105,0,107,0,4,113,0,117,120,0,120,237
01/10/2000,SPG,FL,ASO,ES,Federal Contract Tower,0,1,7,0,8,0,1,38,2,41,0,2,45,2,49,32,0,32,81
01/11/2000,SPG,FL,ASO,ES,Federal Contract Tower,0,2,8,0,10,0,7,83,2,92,0,9,91,2,102,138,0,138,240
01/12/2000,SPG,FL,ASO,ES,Federal Contract Tower,0,1,3,0,4,0,6,93,0,99,0,7,96,0,103,188,0,188,291
01/13/2000,SPG,FL,ASO,ES,Federal Contract Tower,0,1,5,0,6,0,7,123,0,130,0,8,128,0,136,196,0,196,332
01/14/2000,SPG,FL,ASO,ES,Federal Contract Tower,0,2,11,0,13,0,8,49,0,57,0,10,60,0,70,18,0,18,88
01/15/2000,SPG,FL,ASO,ES,Federal Contract Tower,0,1,13,0,14,0,9,132,0,141,0,10,145,0,155,142,0,142,297
01/16/2000,SPG,FL,ASO,ES,Federal Contract Tower,0,0,6,0,6,0,12,139,0,151,0,12,145,0,157,168,0,168,325
01/17/2000,SPG,FL,ASO,ES,Federal Contract Tower,0,0,4,0,4,0,3,98,0,101,0,3,102,0,105,138,0,138,243
01/18/2000,SPG,FL,ASO,ES,Federal Contract Tower,0,0,5,0,5,0,6,89,0,95,0,6,94,0,100,282,0,282,382
01/19/2000,SPG,FL,ASO,ES,Federal Contract Tower,0,0,9,0,9,0,10,81,2,93,0,10,90,2,102,136,0,136,238
01/20/2000,SPG,FL,ASO,ES,Federal Contract Tower,0,0,8,0,8,0,9,78,2,89,0,9,86,2,97,54,18,72,169
01/21/2000,SPG,FL,ASO,ES,Federal Contract Tower,0,1,15,0,16,0,2,84,0,86,0,3,99,0,102,92,0,92,194
01/22/2000,SPG,FL,ASO,ES,Federal Contract Tower,0,1,9,0,10,0,11,112,2,125,0,12,121,2,135,132,0,132,267
01/23/2000,SPG,FL,ASO,ES,Federal Contract Tower,0,0,3,0,3,0,3,117,0,120,0,3,120,0,123,152,0,152,275
01/24/2000,SPG,FL,ASO,ES,Federal Contract Tower,0,0,8,0,8,0,2,33,4,39,0,2,41,4,47,40,8,48,95
01/25/2000,SPG,FL,ASO,ES,Federal Contract Tower,0,0,8,0,8,0,12,58,0,70,0,12,66,0,78,34,0,34,112
01/26/2000,SPG,FL,ASO,ES,Federal Contract Tower,0,0,5,0,5,0,22,73,0,95,0,22,78,0,100,132,0,132,232
01/27/2000,SPG,FL,ASO,ES,Federal Contract Tower,0,0,6,0,6,0,10,109,0,119,0,10,115,0,125,122,0,122,247
01/28/2000,SPG,FL,ASO,ES,Federal Contract Tower,0,0,8,0,8,0,13,85,0,98,0,13,93,0,106,166,0,166,272
01/29/2000,SPG,FL,ASO,ES,Federal Contract Tower,0,1,9,0,10,0,10,159,0,169,0,11,168,0,179,146,0,146,325
01/30/2000,SPG,FL,ASO,ES,Federal Contract Tower,0,1,9,0,10,0,3,85,0,88,0,4,94,0,98,152,0,152,250
01/31/2000,SPG,FL,ASO,ES,Federal Contract Tower,0,1,10,0,11,0,4,10,0,14,0,5,20,0,25,8,0,8,33
02/01/2000,SPG,FL,ASO,ES,Federal Contract Tower,0,2,11,0,13,0,7,92,6,105,0,9,103,6,118,192,24,216,334
02/02/2000,SPG,FL,ASO,ES,Federal Contract Tower,0,1,3,0,4,0,10,60,0,70,0,11,63,0,74,180,0,180,254
02/03/2000,SPG,FL,ASO,ES,Federal Contract Tower,0,3,12,0,15,0,13,91,0,104,0,16,103,0,119,134,0,134,253
02/04/2000,SPG,FL,ASO,ES,Federal Contract Tower,0,2,8,0,10,0,12,126,0,138,0,14,134,0,148,222,0,222,370
02/05/2000,SPG,FL,ASO,ES,Federal Contract Tower,0,3,13,0,16,0,11,149,0,160,0,14,162,0,176,156,0,156,332
02/06/2000,SPG,FL,ASO,ES,Federal Contract Tower,0,2,7,0,9,0,8,132,0,140,0,10,139,0,149,204,0,204,353
02/07/2000,SPG,FL,ASO,ES,Federal Contract Tower,0,2,9,0,11,0,9,104,0,113,0,11,113,0,124,118,0,118,242
02/08/2000,SPG,FL,ASO,ES,Federal Contract Tower,0,1,4,0,5,0,14,104,2,120,0,15,108,2,125,216,12,228,353
02/09/2000,SPG,FL,ASO,ES,Federal Contract Tower,0,2,8,0,10,0,6,111,0,117,0,8,119,0,127,186,0,186,313
02/10/2000,SPG,FL,ASO,ES,Federal Contract Tower,0,2,7,0,9,0,10,119,0,129,0,12,126,0,138,236,0,236,374
02/11/2000,SPG,FL,ASO,ES,Federal Contract Tower,0,2,13,0,15,0,5,112,0,117,0,7,125,0,132,228,0,228,360
02/12/2000,SPG,FL,ASO,ES,Federal Contract Tower,0,0,6,0,6,0,6,143,0,149,0,6,149,0,155,202,0,202,357
02/13/2000,SPG,FL,ASO,ES,Federal Contract Tower,0,0,6,0,6,0,22,149,2,173,0,22,155,2,179,196,0,196,375
02/14/2000,SPG,FL,ASO,ES,Federal Contract Tower,0,1,8,0,9,0,8,26,0,34,0,9,34,0,43,104,0,104,147
02/15/2000,SPG,FL,ASO,ES,Federal Contract Tower,0,1,6,0,7,0,14,136,0,150,0,15,142,0,157,304,0,304,461
02/16/2000,SPG,FL,ASO,ES,Federal Contract Tower,0,1,6,0,7,0,26,102,0,128,0,27,108,0,135,282,0,282,417
02/17/2000,SPG,FL,ASO,ES,Federal Contract Tower,0,2,14,0,16,0,20,139,0,159,0,22,153,0,175,196,0,196,371
02/18/2000,SPG,FL,ASO,ES,Federal Contract Tower,0,1,9,0,10,0,13,137,0,150,0,14,146,0,160,230,0,230,390
02/19/2000,SPG,FL,ASO,ES,Federal Contract Tower,0,2,13,0,15,0,8,158,0,166,0,10,171,0,181,164,0,164,345
02/20/2000,SPG,FL,ASO,ES,Federal Contract Tower,0,1,6,0,7,0,7,137,0,144,0,8,143,0,151,162,0,162,313
02/21/2000,SPG,FL,ASO,ES,Federal Contract Tower,0,2,12,0,14,0,6,90,0,96,0,8,102,0,110,218,0,218,328
02/22/2000,SPG,FL,ASO,ES,Federal Contract Tower,0,0,5,0,5,0,14,89,2,105,0,14,94,2,110,230,2,232,342
02/23/2000,SPG,FL,ASO,ES,Federal Contract Tower,0,1,6,0,7,0,3,143,0,146,0,4,149,0,153,330,0,330,483
02/24/2000,SPG,FL,ASO,ES,Federal Contract Tower,0,1,10,0,11,0,13,123,0,136,0,14,133,0,147,182,0,182,329
02/25/2000,SPG,FL,ASO,ES,Federal Contract Tower,0,2,13,0,15,0,9,148,0,157,0,11,161,0,172,238,0,238,410
02/26/2000,SPG,FL,ASO,ES,Federal Contract Tower,0,1,6,0,7,0,13,149,2,164,0,14,155,2,171,204,10,214,385
02/27/2000,SPG,FL,ASO,ES,Federal Contract Tower,0,1,9,0,10,0,13,150,0,163,0,14,159,0,173,178,0,178,351
02/28/2000,SPG,FL,ASO,ES,Federal Contract Tower,0,2,14,0,16,0,2,106,0,108,0,4,120,0,124,156,0,156,280
02/29/2000,SPG,FL,ASO,ES,Federal Contract Tower,0,1,8,0,9,0,8,100,4,112,0,9,108,4,121,176,20,196,317
03/01/2000,SPG,FL,ASO,ES,Federal Contract Tower,0,2,9,0,11,0,7,94,0,101,0,9,103,0,112,250,0,250,362
03/02/2000,SPG,FL,ASO,ES,Federal Contract Tower,0,3,16,0,19,0,19,144,0,163,0,22,160,0,182,250,0,250,432
03/03/2000,SPG,FL,ASO,ES,Federal Contract Tower,0,2,8,0,10,0,16,150,0,166,0,18,158,0,176,220,0,220,396
03/04/2000,SPG,FL,ASO,ES,Federal Contract Tower,0,1,7,0,8,0,5,116,0,121,0,6,123,0,129,204,0,204,333
03/05/2000,SPG,FL,ASO,ES,Federal Contract Tower,0,2,13,0,15,0,4,147,0,151,0,6,160,0,166,128,0,128,294
03/06/2000,SPG,FL,ASO,ES,Federal Contract Tower,0,1,4,0,5,0,4,83,0,87,0,5,87,0,92,310,0,310,402
03/07/2000,SPG,FL,ASO,ES,Federal Contract Tower,0,2,8,0,10,0,15,104,3,122,0,17,112,3,132,248,0,248,380
03/08/2000,SPG,FL,ASO,ES,Federal Contract Tower,0,1,7,0,8,0,3,106,5,114,0,4,113,5,122,248,22,270,392
03/09/2000,SPG,FL,ASO,ES,Federal Contract Tower,0,1,7,0,8,0,1,134,0,135,0,2,141,0,143,272,0,272,415
03/10/2000,SPG,FL,ASO,ES,Federal Contract Tower,0,1,5,0,6,0,9,161,0,170,0,10,166,0,176,176,0,176,352
03/11/2000,SPG,FL,ASO,ES,Federal Contract Tower,0,1,1,0,2,0,8,134,0,142,0,9,135,0,144,168,0,168,312
03/12/2000,SPG,FL,ASO,ES,Federal Contract Tower,0,1,5,0,6,0,4,116,2,122,0,5,121,2,128,148,6,154,282
03/13/2000,SPG,FL,ASO,ES,Federal Contract Tower,0,1,7,0,8,0,10,108,0,118,0,11,115,0,126,240,0,240,366
03/14/2000,SPG,FL,ASO,ES,Federal Contract Tower,0,2,10,0,12,0,14,118,0,132,0,16,128,0,144,386,0,386,530
03/15/2000,SPG,FL,ASO,ES,Federal Contract Tower,0,1,4,0,5,0,2,99,0,101,0,3,103,0,106,254,0,254,360
03/16/2000,SPG,FL,ASO,ES,Federal Contract Tower,0,1,7,0,8,0,6,68,0,74,0,7,75,0,82,144,0,144,226
03/17/2000,SPG,FL,ASO,ES,Federal Contract Tower,0,0,8,0,8,0,7,56,0,63,0,7,64,0,71,122,0,122,193
03/18/2000,SPG,FL,ASO,ES,Federal Contract Tower,0,0,8,0,8,0,7,140,0,147,0,7,148,0,155,218,0,218,373
03/19/2000,SPG,FL,ASO,ES,Federal Contract Tower,0,0,4,0,4,0,19,42,0,61,0,19,46,0,65,68,0,68,133
03/20/2000,SPG,FL,ASO,ES,Federal Contract Tower,0,0,5,0,5,0,20,79,0,99,0,20,84,0,104,148,0,148,252
03/21/2000,SPG,FL,ASO,ES,Federal Contract Tower,0,0,5,0,5,0,11,104,0,115,0,11,109,0,120,288,0,288,408
03/22/2000,SPG,FL,ASO,ES,Federal Contract Tower,0,1,9,0,10,0,7,80,0,87,0,8,89,0,97,182,0,182,279
03/23/2000,SPG,FL,ASO,ES,Federal Contract Tower,0,1,9,0,10,0,12,130,0,142,0,13,139,0,152,142,0,142,294
03/24/2000,SPG,FL,ASO,ES,Federal Contract Tower,0,1,9,0,10,0,5,151,0,156,0,6,160,0,166,199,0,199,365
03/25/2000,SPG,FL,ASO,ES,Federal Contract Tower,0,0,9,0,9,0,4,143,0,147,0,4,152,0,156,216,0,216,372
03/26/2000,SPG,FL,ASO,ES,Federal Contract Tower,0,1,16,0,17,0,4,98,0,102,0,5,114,0,119,192,0,192,311
03/27/2000,SPG,FL,ASO,ES,Federal Contract Tower,0,0,4,0,4,0,12,54,0,66,0,12,58,0,70,68,0,68,138
03/28/2000,SPG,FL,ASO,ES,Federal Contract Tower,0,0,5,0,5,0,8,130,0,138,0,8,135,0,143,200,0,200,343
03/29/2000,SPG,FL,ASO,ES,Federal Contract Tower,0,0,8,0,8,0,5,97,2,104,0,5,105,2,112,148,4,152,264
03/30/2000,SPG,FL,ASO,ES,Federal Contract Tower,0,0,6,0,6,0,8,85,0,93,0,8,91,0,99,80,0,80,179
03/31/2000,SPG,FL,ASO,ES,Federal Contract Tower,0,2,22,0,24,0,10,126,2,138,0,12,148,2,162,146,8,154,316
04/01/2000,SPG,FL,ASO,ES,Federal Contract Tower,0,2,9,0,11,0,6,89,2,97,0,8,98,2,108,162,6,168,276
04/02/2000,SPG,FL,ASO,ES,Federal Contract Tower,0,2,7,0,9,0,5,155,0,160,0,7,162,0,169,190,0,190,359
04/03/2000,SPG,FL,ASO,ES,Federal Contract Tower,0,1,6,0,7,0,2,102,0,104,0,3,108,0,111,78,0,78,189
04/04/2000,SPG,FL,ASO,ES,Federal Contract Tower,0,1,5,0,6,0,11,57,0,68,0,12,62,0,74,68,0,68,142
04/05/2000,SPG,FL,ASO,ES,Federal Contract Tower,0,1,5,0,6,0,8,110,0,118,0,9,115,0,124,190,0,190,314
04/06/2000,SPG,FL,ASO,ES,Federal Contract Tower,0,2,7,0,9,0,4,102,2,108,0,6,109,2,117,252,10,262,379
04/07/2000,SPG,FL,ASO,ES,Federal Contract Tower,0,2,7,0,9,0,8,138,0,146,0,10,145,0,155,158,0,158,313
04/08/2000,SPG,FL,ASO,ES,Federal Contract Tower,0,1,3,0,4,0,5,138,6,149,0,6,141,6,153,62,14,76,229
04/09/2000,SPG,FL,ASO,ES,Federal Contract Tower,0,1,4,0,5,0,7,126,2,135,0,8,130,2,140,82,20,102,242
04/10/2000,SPG,FL,ASO,ES,Federal Contract Tower,0,2,8,0,10,0,11,107,0,118,0,13,115,0,128,292,0,292,420
04/11/2000,SPG,FL,ASO,ES,Federal Contract Tower,0,2,8,0,10,0,7,113,0,120,0,9,121,0,130,180,0,180,310
04/12/2000,SPG,FL,ASO,ES,Federal Contract Tower,0,0,6,0,6,0,9,105,0,114,0,9,111,0,120,202,0,202,322
04/13/2000,SPG,FL,ASO,ES,Federal Contract Tower,0,1,13,0,14,0,8,121,2,131,0,9,134,2,145,280,2,282,427
04/14/2000,SPG,FL,ASO,ES,Federal Contract Tower,0,1,14,0,15,0,1,17,0,18,0,2,31,0,33,46,0,46,79
04/15/2000,SPG,FL,ASO,ES,Federal Contract Tower,0,1,8,0,9,0,12,136,0,148,0,13,144,0,157,158,0,158,315
04/16/2000,SPG,FL,ASO,ES,Federal Contract Tower,0,1,10,0,11,0,3,125,0,128,0,4,135,0,139,192,0,192,331
04/17/2000,SPG,FL,ASO,ES,Federal Contract Tower,0,0,4,0,4,0,3,99,0,102,0,3,103,0,106,108,0,108,214
04/18/2000,SPG,FL,ASO,ES,Federal Contract Tower,0,1,8,0,9,0,20,80,2,102,0,21,88,2,111,172,2,174,285
04/19/2000,SPG,FL,ASO,ES,Federal Contract Tower,0,1,8,0,9,0,2,147,0,149,0,3,155,0,158,188,0,188,346
04/20/2000,SPG,FL,ASO,ES,Federal Contract Tower,0,1,8,0,9,0,4,137,0,141,0,5,145,0,150,162,0,162,312
04/21/2000,SPG,FL,ASO,ES,Federal Contract Tower,0,2,16,0,18,0,13,124,2,139,0,15,140,2,157,184,2,186,343
04/22/2000,SPG,FL,ASO,ES,Federal Contract Tower,0,1,8,0,9,0,7,138,0,145,0,8,146,0,154,148,0,148,302
04/23/2000,SPG,FL,ASO,ES,Federal Contract Tower,0,0,5,0,5,0,10,137,0,147,0,10,142,0,152,58,0,58,210
04/24/2000,SPG,FL,ASO,ES,Federal Contract Tower,0,0,5,0,5,0,11,43,0,54,0,11,48,0,59,50,0,50,109
04/25/2000,SPG,FL,ASO,ES,Federal Contract Tower,0,0,5,0,5,0,3,41,0,44,0,3,46,0,49,69,0,69,118
04/26/2000,SPG,FL,ASO,ES,Federal Contract Tower,0,0,4,0,4,0,8,132,0,140,0,8,136,0,144,198,0,198,342
04/27/2000,SPG,FL,ASO,ES,Federal Contract Tower,0,0,8,0,8,0,15,115,0,130,0,15,123,0,138,138,0,138,276
04/28/2000,SPG,FL,ASO,ES,Federal Contract Tower,0,1,12,0,13,0,10,110,0,120,0,11,122,0,133,112,0,112,245
04/29/2000,SPG,FL,ASO,ES,Federal Contract Tower,0,1,14,0,15,0,3,137,0,140,0,4,151,0,155,138,0,138,293
04/30/2000,SPG,FL,ASO,ES,Federal Contract Tower,0,1,13,0,14,0,2,137,0,139,0,3,150,0,153,180,0,180,333
05/01/2000,SPG,FL,ASO,ES,Federal Contract Tower,0,1,7,0,8,0,8,96,4,108,0,9,103,4,116,88,0,88,204
05/02/2000,SPG,FL,ASO,ES,Federal Contract Tower,0,1,7,0,8,0,0,98,0,98,0,1,105,0,106,110,0,110,216
05/03/2000,SPG,FL,ASO,ES,Federal Contract Tower,0,1,3,0,4,0,7,144,3,154,0,8,147,3,158,208,0,208,366
05/04/2000,SPG,FL,ASO,ES,Federal Contract Tower,0,2,8,0,10,0,17,130,0,147,0,19,138,0,157,142,0,142,299
05/05/2000,SPG,FL,ASO,ES,Federal Contract Tower,0,1,7,0,8,0,14,123,0,137,0,15,130,0,145,172,0,172,317
05/06/2000,SPG,FL,ASO,ES,Federal Contract Tower,0,2,13,0,15,0,4,151,0,155,0,6,164,0,170,232,0,232,402
05/07/2000,SPG,FL,ASO,ES,Federal Contract Tower,0,1,4,0,5,0,1,137,0,138,0,2,141,0,143,160,0,160,303
05/08/2000,SPG,FL,ASO,ES,Federal Contract Tower,0,1,7,0,8,0,5,100,0,105,0,6,107,0,113,182,0,182,295
05/09/2000,SPG,FL,ASO,ES,Federal Contract Tower,0,1,4,0,5,0,13,108,0,121,0,14,112,0,126,132,0,132,258
05/10/2000,SPG,FL,ASO,ES,Federal Contract Tower,0,1,2,0,3,0,1,103,4,108,0,2,105,4,111,92,0,92,203
05/11/2000,SPG,FL,ASO,ES,Federal Contract Tower,0,2,11,0,13,0,16,120,0,136,0,18,131,0,149,158,0,158,307
05/12/2000,SPG,FL,ASO,ES,Federal Contract Tower,0,1,3,0,4,0,18,121,4,143,0,19,124,4,147,176,36,212,359
05/13/2000,SPG,FL,ASO,ES,Federal Contract Tower,0,1,7,0,8,0,3,132,2,137,0,4,139,2,145,204,4,208,353
05/14/2000,SPG,FL,ASO,ES,Federal Contract Tower,0,1,7,0,8,0,7,126,2,135,0,8,133,2,143,128,0,128,271
05/15/2000,SPG,FL,ASO,ES,Federal Contract Tower,0,1,5,0,6,0,20,106,0,126,0,21,111,0,132,116,0,116,248
05/16/2000,SPG,FL,ASO,ES,Federal Contract Tower,0,1,5,0,6,0,12,151,0,163,0,13,156,0,169,108,0,108,277
05/17/2000,SPG,FL,ASO,ES,Federal Contract Tower,0,1,5,0,6,0,8,114,2,124,0,9,119,2,130,148,0,148,278
05/18/2000,SPG,FL,ASO,ES,Federal Contract Tower,0,0,7,0,7,0,23,94,2,119,0,23,101,2,126,174,0,174,300
05/19/2000,SPG,FL,ASO,ES,Federal Contract Tower,0,1,12,0,13,0,15,132,0,147,0,16,144,0,160,100,0,100,260
05/20/2000,SPG,FL,ASO,ES,Federal Contract Tower,0,1,10,0,11,0,4,124,0,128,0,5,134,0,139,152,0,152,291
05/21/2000,SPG,FL,ASO,ES,Federal Contract Tower,0,0,6,0,6,0,6,134,0,140,0,6,140,0,146,168,0,168,314
05/22/2000,SPG,FL,ASO,ES,Federal Contract Tower,0,0,0,0,0,0,15,100,4,119,0,15,100,4,119,112,0,112,231
05/23/2000,SPG,FL,ASO,ES,Federal Contract Tower,0,0,4,0,4,0,22,98,4,124,0,22,102,4,128,134,0,134,262
05/24/2000,SPG,FL,ASO,ES,Federal Contract Tower,0,0,5,0,5,0,14,108,6,128,0,14,113,6,133,151,0,151,284
05/25/2000,SPG,FL,ASO,ES,Federal Contract Tower,0,1,17,0,18,0,16,93,0,109,0,17,110,0,127,72,0,72,199
05/26/2000,SPG,FL,ASO,ES,Federal Contract Tower,0,1,10,0,11,0,14,152,4,170,0,15,162,4,181,110,20,130,311
05/27/2000,SPG,FL,ASO,ES,Federal Contract Tower,0,1,9,0,10,0,6,107,0,113,0,7,116,0,123,162,0,162,285
05/28/2000,SPG,FL,ASO,ES,Federal Contract Tower,0,0,6,0,6,0,0,112,0,112,0,0,118,0,118,184,0,184,302
05/29/2000,SPG,FL,ASO,ES,Federal Contract Tower,0,1,14,0,15,0,11,75,0,86,0,12,89,0,101,148,0,148,249
05/30/2000,SPG,FL,ASO,ES,Federal Contract Tower,0,0,9,0,9,0,13,119,4,136,0,13,128,4,145,156,4,160,305
05/31/2000,SPG,FL,ASO,ES,Federal Contract Tower,0,0,5,0,5,0,13,91,0,104,0,13,96,0,109,57,0,57,166
06/01/2000,SPG,FL,ASO,ES,Federal Contract Tower,0,1,6,0,7,0,2,106,0,108,0,3,112,0,115,98,0,98,213
06/02/2000,SPG,FL,ASO,ES,Federal Contract Tower,0,1,3,0,4,0,23,124,0,147,0,24,127,0,151,172,0,172,323
06/03/2000,SPG,FL,ASO,ES,Federal Contract Tower,0,1,9,0,10,0,2,119,0,121,0,3,128,0,131,198,0,198,329
06/04/2000,SPG,FL,ASO,ES,Federal Contract Tower,0,1,9,0,10,0,0,136,0,136,0,1,145,0,146,198,0,198,344
06/05/2000,SPG,FL,ASO,ES,Federal Contract Tower,0,1,1,0,2,0,3,89,4,96,0,4,90,4,98,60,0,60,158
06/06/2000,SPG,FL,ASO,ES,Federal Contract Tower,0,1,4,0,5,0,20,122,4,146,0,21,126,4,151,134,0,134,285
06/07/2000,SPG,FL,ASO,ES,Federal Contract Tower,0,1,3,0,4,0,12,88,4,104,0,13,91,4,108,82,6,88,196
06/08/2000,SPG,FL,ASO,ES,Federal Contract Tower,0,1,1,0,2,0,1,116,2,119,0,2,117,2,121,138,0,138,259
06/09/2000,SPG,FL,ASO,ES,Federal Contract Tower,0,1,8,0,9,0,13,158,6,177,0,14,166,6,186,124,0,124,310
06/10/2000,SPG,FL,ASO,ES,Federal Contract Tower,0,1,2,0,3,0,11,174,2,187,0,12,176,2,190,244,0,244,434
06/11/2000,SPG,FL,ASO,ES,Federal Contract Tower,0,1,2,0,3,0,6,92,2,100,0,7,94,2,103,80,0,80,183
06/12/2000,SPG,FL,ASO,ES,Federal Contract Tower,0,1,1,0,2,0,2,117,10,129,0,3,118,10,131,96,4,100,231
06/13/2000,SPG,FL,ASO,ES,Federal Contract Tower,0,1,1,0,2,0,14,149,12,175,0,15,150,12,177,162,0,162,339
06/14/2000,SPG,FL,ASO,ES,Federal Contract Tower,0,1,7,0,8,0,11,117,0,128,0,12,124,0,136,166,0,166,302
06/15/2000,SPG,FL,ASO,ES,Federal Contract Tower,0,1,7,0,8,0,16,89,4,109,0,17,96,4,117,178,0,178,295
06/16/2000,SPG,FL,ASO,ES,Federal Contract Tower,0,0,5,0,5,0,14,144,6,164,0,14,149,6,169,132,2,134,303
06/17/2000,SPG,FL,ASO,ES,Federal Contract Tower,0,0,7,0,7,0,2,126,0,128,0,2,133,0,135,168,0,168,303
06/18/2000,SPG,FL,ASO,ES,Federal Contract Tower,0,0,10,0,10,0,8,118,2,128,0,8,128,2,138,124,0,124,262
06/19/2000,SPG,FL,ASO,ES,Federal Contract Tower,0,0,3,0,3,0,16,100,2,118,0,16,103,2,121,212,0,212,333
06/20/2000,SPG,FL,ASO,ES,Federal Contract Tower,0,0,6,0,6,0,8,121,8,137,0,8,127,8,143,212,0,212,355
06/21/2000,SPG,FL,ASO,ES,Federal Contract Tower,0,0,4,0,4,0,4,122,10,136,0,4,126,10,140,176,0,176,316
06/22/2000,SPG,FL,ASO,ES,Federal Contract Tower,0,1,12,0,13,0,14,116,0,130,0,15,128,0,143,196,0,196,339
06/23/2000,SPG,FL,ASO,ES,Federal Contract Tower,0,1,11,0,12,0,18,126,0,144,0,19,137,0,156,130,0,130,286
06/24/2000,SPG,FL,ASO,ES,Federal Contract Tower,0,0,4,0,4,0,11,114,4,129,0,11,118,4,133,184,0,184,317
06/25/2000,SPG,FL,ASO,ES,Federal Contract Tower,0,0,7,0,7,0,2,112,0,114,0,2,119,0,121,110,0,110,231
06/26/2000,SPG,FL,ASO,ES,Federal Contract Tower,0,0,4,0,4,0,7,53,2,62,0,7,57,2,66,102,0,102,168
06/27/2000,SPG,FL,ASO,ES,Federal Contract Tower,0,0,6,0,6,0,9,92,0,101,0,9,98,0,107,130,0,130,237
06/28/2000,SPG,FL,ASO,ES,Federal Contract Tower,0,0,7,0,7,0,11,96,0,107,0,11,103,0,114,158,0,158,272
06/29/2000,SPG,FL,ASO,ES,Federal Contract Tower,0,0,7,0,7,0,10,96,7,113,0,10,103,7,120,138,0,138,258
06/30/2000,SPG,FL,ASO,ES,Federal Contract Tower,0,0,5,0,5,0,0,84,0,84,0,0,89,0,89,134,0,134,223
07/01/2000,SPG,FL,ASO,ES,Federal Contract Tower,0,1,7,0,8,0,0,41,0,41,0,1,48,0,49,98,0,98,147
07/02/2000,SPG,FL,ASO,ES,Federal Contract Tower,0,2,10,0,12,0,7,126,4,137,0,9,136,4,149,152,0,152,301
07/03/2000,SPG,FL,ASO,ES,Federal Contract Tower,0,1,3,0,4,0,20,168,2,190,0,21,171,2,194,276,0,276,470
07/04/2000,SPG,FL,ASO,ES,Federal Contract Tower,0,1,5,0,6,0,3,114,0,117,0,4,119,0,123,154,0,154,277
07/05/2000,SPG,FL,ASO,ES,Federal Contract Tower,0,0,5,0,5,0,0,66,12,78,0,0,71,12,83,78,6,84,167
07/06/2000,SPG,FL,ASO,ES,Federal Contract Tower,0,1,6,0,7,0,17,92,0,109,0,18,98,0,116,170,0,170,286
07/07/2000,SPG,FL,ASO,ES,Federal Contract Tower,0,2,9,0,11,0,9,110,0,119,0,11,119,0,130,174,0,174,304
07/08/2000,SPG,FL,ASO,ES,Federal Contract Tower,0,0,0,0,0,0,6,87,2,95,0,6,87,2,95,76,0,76,171
07/09/2000,SPG,FL,ASO,ES,Federal Contract Tower,0,2,8,0,10,0,9,99,0,108,0,11,107,0,118,184,0,184,302
07/10/2000,SPG,FL,ASO,ES,Federal Contract Tower,0,1,5,0,6,0,16,95,4,115,0,17,100,4,121,138,0,138,259
07/11/2000,SPG,FL,ASO,ES,Federal Contract Tower,0,1,6,0,7,0,4,96,0,100,0,5,102,0,107,184,0,184,291
07/12/2000,SPG,FL,ASO,ES,Federal Contract Tower,0,1,4,0,5,0,14,93,3,110,0,15,97,3,115,122,6,128,243
07/13/2000,SPG,FL,ASO,ES,Federal Contract Tower,0,1,4,0,5,0,19,85,0,104,0,20,89,0,109,206,0,206,315
07/14/2000,SPG,FL,ASO,ES,Federal Contract Tower,0,2,7,0,9,0,6,84,15,105,0,8,91,15,114,80,0,80,194
07/15/2000,SPG,FL,ASO,ES,Federal Contract Tower,0,1,2,0,3,0,13,0,0,13,0,14,2,0,16,0,0,0,16
07/16/2000,SPG,FL,ASO,ES,Federal Contract Tower,0,2,7,0,9,0,11,91,0,102,0,13,98,0,111,148,0,148,259
07/17/2000,SPG,FL,ASO,ES,Federal Contract Tower,0,2,7,0,9,0,2,93,20,115,0,4,100,20,124,94,0,94,218
07/18/2000,SPG,FL,ASO,ES,Federal Contract Tower,0,0,5,0,5,0,5,71,2,78,0,5,76,2,83,78,0,78,161
07/19/2000,SPG,FL,ASO,ES,Federal Contract Tower,0,0,5,0,5,0,7,103,5,115,0,7,108,5,120,54,2,56,176
07/20/2000,SPG,FL,ASO,ES,Federal Contract Tower,0,1,8,0,9,0,19,101,3,123,0,20,109,3,132,190,10,200,332
07/21/2000,SPG,FL,ASO,ES,Federal Contract Tower,0,0,8,0,8,0,16,117,4,137,0,16,125,4,145,160,0,160,305
07/22/2000,SPG,FL,ASO,ES,Federal Contract Tower,0,0,3,0,3,0,2,52,0,54,0,2,55,0,57,112,0,112,169
07/23/2000,SPG,FL,ASO,ES,Federal Contract Tower,0,0,4,0,4,0,4,61,0,65,0,4,65,0,69,142,0,142,211
07/24/2000,SPG,FL,ASO,ES,Federal Contract Tower,0,0,8,0,8,0,10,56,0,66,0,10,64,0,74,74,0,74,148
07/25/2000,SPG,FL,ASO,ES,Federal Contract Tower,0,0,6,0,6,0,13,53,2,68,0,13,59,2,74,134,4,138,212
07/26/2000,SPG,FL,ASO,ES,Federal Contract Tower,0,1,9,0,10,0,10,91,2,103,0,11,100,2,113,102,0,102,215
07/27/2000,SPG,FL,ASO,ES,Federal Contract Tower,0,0,8,0,8,0,18,104,0,122,0,18,112,0,130,136,0,136,266
07/28/2000,SPG,FL,ASO,ES,Federal Contract Tower,0,0,2,0,2,0,12,132,0,144,0,12,134,0,146,174,0,174,320
07/29/2000,SPG,FL,ASO,ES,Federal Contract Tower,0,0,6,0,6,0,8,112,0,120,0,8,118,0,126,176,0,176,302
07/30/2000,SPG,FL,ASO,ES,Federal Contract Tower,0,0,8,0,8,0,4,84,0,88,0,4,92,0,96,130,0,130,226
07/31/2000,SPG,FL,ASO,ES,Federal Contract Tower,0,0,4,0,4,0,7,101,2,110,0,7,105,2,114,120,0,120,234
08/01/2000,SPG,FL,ASO,ES,Federal Contract Tower,0,2,5,0,7,0,5,138,2,145,0,7,143,2,152,142,0,142,294
08/02/2000,SPG,FL,ASO,ES,Federal Contract Tower,0,1,4,0,5,0,7,111,7,125,0,8,115,7,130,114,0,114,244
08/03/2000,SPG,FL,ASO,ES,Federal Contract Tower,0,1,5,0,6,0,10,105,3,118,0,11,110,3,124,202,0,202,326
08/04/2000,SPG,FL,ASO,ES,Federal Contract Tower,0,1,3,0,4,0,7,135,0,142,0,8,138,0,146,128,0,128,274
08/05/2000,SPG,FL,ASO,ES,Federal Contract Tower,0,2,5,0,7,0,4,100,0,104,0,6,105,0,111,166,0,166,277
08/06/2000,SPG,FL,ASO,ES,Federal Contract Tower,0,1,2,0,3,0,1,97,0,98,0,2,99,0,101,88,0,88,189
08/07/2000,SPG,FL,ASO,ES,Federal Contract Tower,0,2,10,0,12,0,17,76,0,93,0,19,86,0,105,122,0,122,227
08/08/2000,SPG,FL,ASO,ES,Federal Contract Tower,0,1,5,0,6,0,2,126,0,128,0,3,131,0,134,185,0,185,319
08/09/2000,SPG,FL,ASO,ES,Federal Contract Tower,0,2,5,0,7,0,10,93,12,115,0,12,98,12,122,118,0,118,240
08/10/2000,SPG,FL,ASO,ES,Federal Contract Tower,0,2,10,0,12,0,10,123,2,135,0,12,133,2,147,174,0,174,321
08/11/2000,SPG,FL,ASO,ES,Federal Contract Tower,0,3,14,0,17,0,10,94,2,106,0,13,108,2,123,156,0,156,279
08/12/2000,SPG,FL,ASO,ES,Federal Contract Tower,0,2,5,0,7,0,16,18,0,34,0,18,23,0,41,22,0,22,63
08/13/2000,SPG,FL,ASO,ES,Federal Contract Tower,0,1,4,0,5,0,12,86,0,98,0,13,90,0,103,126,0,126,229
08/14/2000,SPG,FL,ASO,ES,Federal Contract Tower,0,1,7,1,9,0,9,67,13,89,0,10,74,14,98,130,0,130,228
08/15/2000,SPG,FL,ASO,ES,Federal Contract Tower,0,0,4,1,5,0,0,101,1,102,0,0,105,2,107,126,0,126,233
08/16/2000,SPG,FL,ASO,ES,Federal Contract Tower,0,0,5,0,5,0,23,119,5,147,0,23,124,5,152,242,2,244,396
08/17/2000,SPG,FL,ASO,ES,Federal Contract Tower,0,0,1,0,1,0,2,125,0,127,0,2,126,0,128,166,0,166,294
08/18/2000,SPG,FL,ASO,ES,Federal Contract Tower,0,1,6,0,7,0,5,104,0,109,0,6,110,0,116,104,0,104,220
08/19/2000,SPG,FL,ASO,ES,Federal Contract Tower,0,1,6,0,7,0,6,168,4,178,0,7,174,4,185,216,0,216,401
08/20/2000,SPG,FL,ASO,ES,Federal Contract Tower,0,1,6,0,7,0,1,130,2,133,0,2,136,2,140,112,0,112,252
08/21/2000,SPG,FL,ASO,ES,Federal Contract Tower,0,1,8,0,9,0,8,111,18,137,0,9,119,18,146,114,0,114,260
08/22/2000,SPG,FL,ASO,ES,Federal Contract Tower,0,1,8,0,9,0,9,82,6,97,0,10,90,6,106,56,0,56,162
08/23/2000,SPG,FL,ASO,ES,Federal Contract Tower,0,1,7,0,8,0,14,101,2,117,0,15,108,2,125,114,8,122,247
08/24/2000,SPG,FL,ASO,ES,Federal Contract Tower,0,1,8,0,9,0,13,102,0,115,0,14,110,0,124,170,0,170,294
08/25/2000,SPG,FL,ASO,ES,Federal Contract Tower,0,1,6,0,7,0,13,113,2,128,0,14,119,2,135,126,2,128,263
08/26/2000,SPG,FL,ASO,ES,Federal Contract Tower,0,0,2,0,2,0,12,149,0,161,0,12,151,0,163,142,0,142,305
08/27/2000,SPG,FL,ASO,ES,Federal Contract Tower,0,0,5,0,5,0,10,129,2,141,0,10,134,2,146,202,0,202,348
08/28/2000,SPG,FL,ASO,ES,Federal Contract Tower,0,1,7,0,8,0,19,83,0,102,0,20,90,0,110,106,0,106,216
08/29/2000,SPG,FL,ASO,ES,Federal Contract Tower,0,1,6,0,7,0,6,76,0,82,0,7,82,0,89,72,0,72,161
08/30/2000,SPG,FL,ASO,ES,Federal Contract Tower,0,1,6,0,7,0,9,108,4,121,0,10,114,4,128,178,26,204,332
08/31/2000,SPG,FL,ASO,ES,Federal Contract Tower,0,2,13,0,15,0,14,87,4,105,0,16,100,4,120,96,0,96,216
09/01/2000,SPG,FL,ASO,ES,Federal Contract Tower,0,1,3,0,4,0,5,105,0,110,0,6,108,0,114,114,0,114,228
09/02/2000,SPG,FL,ASO,ES,Federal Contract Tower,0,2,5,0,7,0,6,128,0,134,0,8,133,0,141,99,0,99,240
09/03/2000,SPG,FL,ASO,ES,Federal Contract Tower,0,2,4,0,6,0,6,116,0,122,0,8,120,0,128,114,0,114,242
09/04/2000,SPG,FL,ASO,ES,Federal Contract Tower,0,1,3,0,4,0,17,108,2,127,0,18,111,2,131,144,0,144,275
09/05/2000,SPG,FL,ASO,ES,Federal Contract Tower,0,2,6,0,8,0,16,75,4,95,0,18,81,4,103,170,0,170,273
09/06/2000,SPG,FL,ASO,ES,Federal Contract Tower,0,1,2,0,3,0,14,62,0,76,0,15,64,0,79,46,0,46,125
09/07/2000,SPG,FL,ASO,ES,Federal Contract Tower,0,2,7,0,9,0,12,71,0,83,0,14,78,0,92,88,0,88,180
09/08/2000,SPG,FL,ASO,ES,Federal Contract Tower,0,2,8,0,10,0,2,96,0,98,0,4,104,0,108,88,0,88,196
09/09/2000,SPG,FL,ASO,ES,Federal Contract Tower,0,0,14,0,14,0,0,93,0,93,0,0,107,0,107,144,0,144,251
09/10/2000,SPG,FL,ASO,ES,Federal Contract Tower,0,2,7,0,9,0,4,125,2,131,0,6,132,2,140,180,0,180,320
09/11/2000,SPG,FL,ASO,ES,Federal Contract Tower,0,1,1,0,2,0,23,95,6,124,0,24,96,6,126,112,0,112,238
09/12/2000,SPG,FL,ASO,ES,Federal Contract Tower,0,1,4,0,5,0,8,145,4,157,0,9,149,4,162,220,0,220,382
09/13/2000,SPG,FL,ASO,ES,Federal Contract Tower,0,2,7,0,9,0,8,96,2,106,0,10,103,2,115,118,0,118,233
09/14/2000,SPG,FL,ASO,ES,Federal Contract Tower,0,1,4,0,5,0,17,98,0,115,0,18,102,0,120,84,0,84,204
09/15/2000,SPG,FL,ASO,ES,Federal Contract Tower,0,0,4,0,4,0,16,83,0,99,0,16,87,0,103,92,0,92,195
09/16/2000,SPG,FL,ASO,ES,Federal Contract Tower,0,1,5,0,6,0,4,37,6,47,0,5,42,6,53,128,0,128,181
09/17/2000,SPG,FL,ASO,ES,Federal Contract Tower,0,0,0,0,0,0,0,2,0,2,0,0,2,0,2,0,0,0,2
09/18/2000,SPG,FL,ASO,ES,Federal Contract Tower,0,1,6,0,7,0,26,98,2,126,0,27,104,2,133,128,0,128,261
09/19/2000,SPG,FL,ASO,ES,Federal Contract Tower,0,0,5,0,5,0,10,78,10,98,0,10,83,10,103,166,0,166,269
09/20/2000,SPG,FL,ASO,ES,Federal Contract Tower,0,0,5,0,5,0,7,95,4,106,0,7,100,4,111,48,0,48,159
09/21/2000,SPG,FL,ASO,ES,Federal Contract Tower,0,0,4,0,4,0,10,89,2,101,0,10,93,2,105,138,0,138,243
09/22/2000,SPG,FL,ASO,ES,Federal Contract Tower,0,0,4,0,4,0,20,84,2,106,0,20,88,2,110,138,2,140,250
09/23/2000,SPG,FL,ASO,ES,Federal Contract Tower,0,0,4,0,4,0,15,118,0,133,0,15,122,0,137,200,0,200,337
09/24/2000,SPG,FL,ASO,ES,Federal Contract Tower,0,0,4,0,4,0,5,127,0,132,0,5,131,0,136,226,0,226,362
09/25/2000,SPG,FL,ASO,ES,Federal Contract Tower,0,0,1,0,1,0,26,89,2,117,0,26,90,2,118,136,0,136,254
09/26/2000,SPG,FL,ASO,ES,Federal Contract Tower,0,0,1,0,1,0,10,99,4,113,0,10,100,4,114,160,0,160,274
09/27/2000,SPG,FL,ASO,ES,Federal Contract Tower,0,1,6,0,7,0,18,93,30,141,0,19,99,30,148,160,8,168,316
09/28/2000,SPG,FL,ASO,ES,Federal Contract Tower,0,2,10,0,12,0,13,73,2,88,0,15,83,2,100,202,0,202,302
09/29/2000,SPG,FL,ASO,ES,Federal Contract Tower,0,1,7,0,8,0,1,118,4,123,0,2,125,4,131,156,0,156,287
09/30/2000,SPG,FL,ASO,ES,Federal Contract Tower,0,1,8,0,9,0,14,94,4,112,0,15,102,4,121,192,0,192,313
10/01/2000,SPG,FL,ASO,ES,Federal Contract Tower,0,2,14,0,16,0,4,95,0,99,0,6,109,0,115,106,0,106,221
10/02/2000,SPG,FL,ASO,ES,Federal Contract Tower,0,1,1,0,2,0,13,103,14,130,0,14,104,14,132,254,12,266,398
10/03/2000,SPG,FL,ASO,ES,Federal Contract Tower,0,1,2,0,3,0,19,50,0,69,0,20,52,0,72,48,0,48,120
10/04/2000,SPG,FL,ASO,ES,Federal Contract Tower,0,1,4,0,5,0,4,82,6,92,0,5,86,6,97,202,4,206,303
10/05/2000,SPG,FL,ASO,ES,Federal Contract Tower,0,1,6,0,7,0,7,100,0,107,0,8,106,0,114,180,0,180,294
10/06/2000,SPG,FL,ASO,ES,Federal Contract Tower,0,2,9,0,11,0,7,76,0,83,0,9,85,0,94,128,0,128,222
10/07/2000,SPG,FL,ASO,ES,Federal Contract Tower,0,1,4,0,5,0,9,154,2,165,0,10,158,2,170,180,0,180,350
10/08/2000,SPG,FL,ASO,ES,Federal Contract Tower,0,2,11,0,13,0,4,127,0,131,0,6,138,0,144,156,0,156,300
10/09/2000,SPG,FL,ASO,ES,Federal Contract Tower,0,1,1,0,2,0,1,60,0,61,0,2,61,0,63,74,0,74,137
10/10/2000,SPG,FL,ASO,ES,Federal Contract Tower,0,1,7,0,8,0,5,76,8,89,0,6,83,8,97,50,0,50,147
10/11/2000,SPG,FL,ASO,ES,Federal Contract Tower,0,1,4,0,5,0,19,100,0,119,0,20,104,0,124,104,0,104,228
10/12/2000,SPG,FL,ASO,ES,Federal Contract Tower,0,1,8,0,9,0,14,134,4,152,0,15,142,4,161,76,0,76,237
10/13/2000,SPG,FL,ASO,ES,Federal Contract Tower,0,1,5,0,6,0,2,126,0,128,0,3,131,0,134,212,0,212,346
10/14/2000,SPG,FL,ASO,ES,Federal Contract Tower,0,1,6,0,7,0,12,141,0,153,0,13,147,0,160,142,0,142,302
10/15/2000,SPG,FL,ASO,ES,Federal Contract Tower,0,1,7,0,8,0,10,125,4,139,0,11,132,4,147,206,0,206,353
10/16/2000,SPG,FL,ASO,ES,Federal Contract Tower,0,0,3,0,3,0,22,89,2,113,0,22,92,2,116,94,0,94,210
10/17/2000,SPG,FL,ASO,ES,Federal Contract Tower,0,0,9,0,9,0,7,80,16,103,0,7,89,16,112,154,0,154,266
10/18/2000,SPG,FL,ASO,ES,Federal Contract Tower,0,0,4,0,4,0,19,81,0,100,0,19,85,0,104,112,0,112,216
10/19/2000,SPG,FL,ASO,ES,Federal Contract Tower,0,1,12,0,13,0,21,112,0,133,0,22,124,0,146,164,0,164,310
10/20/2000,SPG,FL,ASO,ES,Federal Contract Tower,0,1,10,0,11,0,4,117,2,123,0,5,127,2,134,156,2,158,292
10/21/2000,SPG,FL,ASO,ES,Federal Contract Tower,0,0,5,0,5,0,3,98,6,107,0,3,103,6,112,194,2,196,308
10/22/2000,SPG,FL,ASO,ES,Federal Contract Tower,0,1,16,0,17,0,5,112,2,119,0,6,128,2,136,138,0,138,274
10/23/2000,SPG,FL,ASO,ES,Federal Contract Tower,0,1,9,0,10,0,13,71,4,88,0,14,80,4,98,92,0,92,190
10/24/2000,SPG,FL,ASO,ES,Federal Contract Tower,0,0,8,0,8,0,4,108,6,118,0,4,116,6,126,128,4,132,258
10/25/2000,SPG,FL,ASO,ES,Federal Contract Tower,0,1,9,0,10,0,1,85,12,98,0,2,94,12,108,153,10,163,271
10/26/2000,SPG,FL,ASO,ES,Federal Contract Tower,0,0,6,0,6,0,12,151,0,163,0,12,157,0,169,138,0,138,307
10/27/2000,SPG,FL,ASO,ES,Federal Contract Tower,0,1,12,0,13,0,11,132,0,143,0,12,144,0,156,124,0,124,280
10/28/2000,SPG,FL,ASO,ES,Federal Contract Tower,0,1,12,0,13,0,11,132,0,143,0,12,144,0,156,126,0,126,282
10/29/2000,SPG,FL,ASO,ES,Federal Contract Tower,0,2,21,0,23,0,1,112,0,113,0,3,133,0,136,172,0,172,308
10/30/2000,SPG,FL,ASO,ES,Federal Contract Tower,0,1,10,0,11,0,1,72,4,77,0,2,82,4,88,154,0,154,242
10/31/2000,SPG,FL,ASO,ES,Federal Contract Tower,0,0,4,0,4,0,16,107,4,127,0,16,111,4,131,166,0,166,297
11/01/2000,SPG,FL,ASO,ES,Federal Contract Tower,0,1,1,0,2,0,13,104,2,119,0,14,105,2,121,116,0,116,237
11/02/2000,SPG,FL,ASO,ES,Federal Contract Tower,0,1,9,0,10,0,9,100,6,115,0,10,109,6,125,174,0,174,299
11/03/2000,SPG,FL,ASO,ES,Federal Contract Tower,0,1,9,0,10,0,12,159,9,180,0,13,168,9,190,160,0,160,350
11/04/2000,SPG,FL,ASO,ES,Federal Contract Tower,0,2,18,0,20,0,2,104,2,108,0,4,122,2,128,98,0,98,226
11/05/2000,SPG,FL,ASO,ES,Federal Contract Tower,0,2,19,0,21,0,6,109,0,115,0,8,128,0,136,146,0,146,282
11/06/2000,SPG,FL,ASO,ES,Federal Contract Tower,0,1,7,0,8,0,19,117,6,142,0,20,124,6,150,88,0,88,238
11/07/2000,SPG,FL,ASO,ES,Federal Contract Tower,0,1,6,0,7,0,12,107,2,121,0,13,113,2,128,132,4,136,264
11/08/2000,SPG,FL,ASO,ES,Federal Contract Tower,0,1,5,0,6,0,1,114,2,117,0,2,119,2,123,88,0,88,211
11/09/2000,SPG,FL,ASO,ES,Federal Contract Tower,0,1,2,0,3,0,10,137,0,147,0,11,139,0,150,158,0,158,308
11/10/2000,SPG,FL,ASO,ES,Federal Contract Tower,0,1,9,0,10,0,10,119,0,129,0,11,128,0,139,274,0,274,413
11/11/2000,SPG,FL,ASO,ES,Federal Contract Tower,0,1,0,0,1,0,1,150,2,153,0,2,150,2,154,152,0,152,306
11/12/2000,SPG,FL,ASO,ES,Federal Contract Tower,0,1,6,0,7,0,9,176,0,185,0,10,182,0,192,226,0,226,418
11/13/2000,SPG,FL,ASO,ES,Federal Contract Tower,0,0,4,0,4,0,10,92,2,104,0,10,96,2,108,126,0,126,234
11/14/2000,SPG,FL,ASO,ES,Federal Contract Tower,0,0,7,0,7,0,10,62,2,74,0,10,69,2,81,76,0,76,157
11/15/2000,SPG,FL,ASO,ES,Federal Contract Tower,0,0,12,0,12,0,10,93,0,103,0,10,105,0,115,138,0,138,253
11/16/2000,SPG,FL,ASO,ES,Federal Contract Tower,0,0,6,0,6,0,8,189,6,203,0,8,195,6,209,182,0,182,391
11/17/2000,SPG,FL,ASO,ES,Federal Contract Tower,0,1,17,0,18,0,13,156,4,173,0,14,173,4,191,146,2,148,339
11/18/2000,SPG,FL,ASO,ES,Federal Contract Tower,0,0,13,0,13,0,12,205,2,219,0,12,218,2,232,160,0,160,392
11/19/2000,SPG,FL,ASO,ES,Federal Contract Tower,0,0,8,0,8,0,4,238,0,242,0,4,246,0,250,102,0,102,352
11/20/2000,SPG,FL,ASO,ES,Federal Contract Tower,0,0,9,0,9,0,6,76,6,88,0,6,85,6,97,150,0,150,247
11/21/2000,SPG,FL,ASO,ES,Federal Contract Tower,0,0,5,0,5,0,2,88,4,94,0,2,93,4,99,146,0,146,245
11/22/2000,SPG,FL,ASO,ES,Federal Contract Tower,0,0,17,0,17,0,4,122,2,128,0,4,139,2,145,126,0,126,271
11/23/2000,SPG,FL,ASO,ES,Federal Contract Tower,0,0,4,0,4,0,5,72,0,77,0,5,76,0,81,50,0,50,131
11/24/2000,SPG,FL,ASO,ES,Federal Contract Tower,0,0,9,0,9,0,11,136,0,147,0,11,145,0,156,150,0,150,306
11/25/2000,SPG,FL,ASO,ES,Federal Contract Tower,0,1,18,0,19,0,10,16,2,28,0,11,34,2,47,26,0,26,73
11/26/2000,SPG,FL,ASO,ES,Federal Contract Tower,0,0,10,0,10,0,12,13,4,29,0,12,23,4,39,16,0,16,55
11/27/2000,SPG,FL,ASO,ES,Federal Contract Tower,0,0,7,0,7,0,2,81,0,83,0,2,88,0,90,178,0,178,268
11/28/2000,SPG,FL,ASO,ES,Federal Contract Tower,0,0,8,0,8,0,16,111,4,131,0,16,119,4,139,152,2,154,293
11/29/2000,SPG,FL,ASO,ES,Federal Contract Tower,0,0,4,0,4,0,14,91,8,113,0,14,95,8,117,274,0,274,391
11/30/2000,SPG,FL,ASO,ES,Federal Contract Tower,0,0,8,0,8,0,19,101,2,122,0,19,109,2,130,154,0,154,284
12/01/2000,SPG,FL,ASO,ES,Federal Contract Tower,0,1,9,0,10,0,7,149,2,158,0,8,158,2,168,194,0,194,362
12/02/2000,SPG,FL,ASO,ES,Federal Contract Tower,0,1,11,0,12,0,11,135,2,148,0,12,146,2,160,220,0,220,380
12/03/2000,SPG,FL,ASO,ES,Federal Contract Tower,0,1,13,0,14,0,3,92,0,95,0,4,105,0,109,206,0,206,315
12/04/2000,SPG,FL,ASO,ES,Federal Contract Tower,0,1,6,0,7,0,8,110,4,122,0,9,116,4,129,157,0,157,286
12/05/2000,SPG,FL,ASO,ES,Federal Contract Tower,0,1,1,0,2,0,8,92,6,106,0,9,93,6,108,222,0,222,330
12/06/2000,SPG,FL,ASO,ES,Federal Contract Tower,0,1,8,0,9,0,8,111,12,131,0,9,119,12,140,274,26,300,440
12/07/2000,SPG,FL,ASO,ES,Federal Contract Tower,0,1,0,0,1,0,9,99,18,126,0,10,99,18,127,156,0,156,283
12/08/2000,SPG,FL,ASO,ES,Federal Contract Tower,0,1,2,0,3,0,12,166,6,184,0,13,168,6,187,226,0,226,413
12/09/2000,SPG,FL,ASO,ES,Federal Contract Tower,0,1,4,0,5,0,9,148,0,157,0,10,152,0,162,294,0,294,456
12/10/2000,SPG,FL,ASO,ES,Federal Contract Tower,0,1,8,0,9,0,8,147,2,157,0,9,155,2,166,160,0,160,326
12/11/2000,SPG,FL,ASO,ES,Federal Contract Tower,0,1,7,0,8,0,10,56,6,72,0,11,63,6,80,140,0,140,220
12/12/2000,SPG,FL,ASO,ES,Federal Contract Tower,0,1,7,0,8,0,16,59,0,75,0,17,66,0,83,84,0,84,167
12/13/2000,SPG,FL,ASO,ES,Federal Contract Tower,0,1,9,0,10,0,17,52,2,71,0,18,61,2,81,84,0,84,165
12/14/2000,SPG,FL,ASO,ES,Federal Contract Tower,0,1,7,0,8,0,10,106,2,118,0,11,113,2,126,123,0,123,249
12/15/2000,SPG,FL,ASO,ES,Federal Contract Tower,0,1,12,0,13,0,23,94,2,119,0,24,106,2,132,140,0,140,272
12/16/2000,SPG,FL,ASO,ES,Federal Contract Tower,0,0,6,1,7,0,8,143,3,154,0,8,149,4,161,196,0,196,357
12/17/2000,SPG,FL,ASO,ES,Federal Contract Tower,0,0,2,0,2,0,14,34,4,52,0,14,36,4,54,86,0,86,140
12/18/2000,SPG,FL,ASO,ES,Federal Contract Tower,0,0,7,0,7,0,19,139,8,166,0,19,146,8,173,230,0,230,403
12/19/2000,SPG,FL,ASO,ES,Federal Contract Tower,0,0,10,0,10,0,6,50,2,58,0,6,60,2,68,43,0,43,111
12/20/2000,SPG,FL,ASO,ES,Federal Contract Tower,0,0,5,0,5,0,4,97,4,105,0,4,102,4,110,94,0,94,204
12/21/2000,SPG,FL,ASO,ES,Federal Contract Tower,0,0,6,0,6,0,10,93,2,105,0,10,99,2,111,103,0,103,214
12/22/2000,SPG,FL,ASO,ES,Federal Contract Tower,0,0,9,0,9,0,16,107,0,123,0,16,116,0,132,218,0,218,350
12/23/2000,SPG,FL,ASO,ES,Federal Contract Tower,0,0,3,0,3,0,13,141,2,156,0,13,144,2,159,144,0,144,303
12/24/2000,SPG,FL,ASO,ES,Federal Contract Tower,0,0,7,0,7,0,8,75,0,83,0,8,82,0,90,178,0,178,268
12/25/2000,SPG,FL,ASO,ES,Federal Contract Tower,0,0,1,0,1,0,17,92,0,109,0,17,93,0,110,18,0,18,128
12/26/2000,SPG,FL,ASO,ES,Federal Contract Tower,0,0,10,0,10,0,9,108,0,117,0,9,118,0,127,188,0,188,315
12/27/2000,SPG,FL,ASO,ES,Federal Contract Tower,0,0,8,0,8,0,26,141,0,167,0,26,149,0,175,132,0,132,307
12/28/2000,SPG,FL,ASO,ES,Federal Contract Tower,0,0,8,0,8,0,4,9,0,13,0,4,17,0,21,6,0,6,27
12/29/2000,SPG,FL,ASO,ES,Federal Contract Tower,0,1,18,0,19,0,5,102,4,111,0,6,120,4,130,188,0,188,318
12/30/2000,SPG,FL,ASO,ES,Federal Contract Tower,0,0,5,0,5,0,13,100,0,113,0,13,105,0,118,122,0,122,240
12/31/2000,SPG,FL,ASO,ES,Federal Contract Tower,0,0,6,0,6,0,4,87,0,91,0,4,93,0,97,66,0,66,163
01/01/2001,SPG,FL,ASO,ES,Federal Contract Tower,0,1,5,0,6,0,4,117,0,121,0,5,122,0,127,141,0,141,268
01/02/2001,SPG,FL,ASO,ES,Federal Contract Tower,0,1,7,0,8,0,9,104,0,113,0,10,111,0,121,108,0,108,229
01/03/2001,SPG,FL,ASO,ES,Federal Contract Tower,0,1,3,0,4,0,9,95,0,104,0,10,98,0,108,194,0,194,302
01/04/2001,SPG,FL,ASO,ES,Federal Contract Tower,0,1,5,0,6,0,21,130,4,155,0,22,135,4,161,192,0,192,353
01/05/2001,SPG,FL,ASO,ES,Federal Contract Tower,0,1,11,0,12,0,17,159,2,178,0,18,170,2,190,108,0,108,298
01/06/2001,SPG,FL,ASO,ES,Federal Contract Tower,0,1,2,0,3,0,15,137,2,154,0,16,139,2,157,182,0,182,339
01/07/2001,SPG,FL,ASO,ES,Federal Contract Tower,0,1,6,0,7,0,4,163,0,167,0,5,169,0,174,228,0,228,402
01/08/2001,SPG,FL,ASO,ES,Federal Contract Tower,0,1,7,0,8,0,5,65,2,72,0,6,72,2,80,0,0,0,80
01/09/2001,SPG,FL,ASO,ES,Federal Contract Tower,0,1,5,0,6,0,9,98,0,107,0,10,103,0,113,140,0,140,253
01/10/2001,SPG,FL,ASO,ES,Federal Contract Tower,0,1,6,0,7,0,18,135,4,157,0,19,141,4,164,124,6,130,294
01/11/2001,SPG,FL,ASO,ES,Federal Contract Tower,0,1,8,0,9,0,19,151,0,170,0,20,159,0,179,168,0,168,347
01/12/2001,SPG,FL,ASO,ES,Federal Contract Tower,0,1,13,0,14,0,22,99,2,123,0,23,112,2,137,142,0,142,279
01/13/2001,SPG,FL,ASO,ES,Federal Contract Tower,0,1,9,0,10,0,5,70,0,75,0,6,79,0,85,174,0,174,259
01/14/2001,SPG,FL,ASO,ES,Federal Contract Tower,0,1,10,0,11,0,8,133,0,141,0,9,143,0,152,162,0,162,314
01/15/2001,SPG,FL,ASO,ES,Federal Contract Tower,0,1,13,0,14,0,4,89,0,93,0,5,102,0,107,164,0,164,271
01/16/2001,SPG,FL,ASO,ES,Federal Contract Tower,0,1,2,0,3,0,8,103,6,117,0,9,105,6,120,116,0,116,236
01/17/2001,SPG,FL,ASO,ES,Federal Contract Tower,0,0,9,0,9,0,7,113,0,120,0,7,122,0,129,88,0,88,217
01/18/2001,SPG,FL,ASO,ES,Federal Contract Tower,0,0,12,0,12,0,19,114,10,143,0,19,126,10,155,122,0,122,277
01/19/2001,SPG,FL,ASO,ES,Federal Contract Tower,0,0,7,0,7,0,15,64,2,81,0,15,71,2,88,102,0,102,190
01/20/2001,SPG,FL,ASO,ES,Federal Contract Tower,0,0,16,0,16,0,0,12,0,12,0,0,28,0,28,16,0,16,44
01/21/2001,SPG,FL,ASO,ES,Federal Contract Tower,0,0,5,0,5,0,7,134,4,145,0,7,139,4,150,140,0,140,290
01/22/2001,SPG,FL,ASO,ES,Federal Contract Tower,0,0,5,0,5,0,1,93,12,106,0,1,98,12,111,86,0,86,197
01/23/2001,SPG,FL,ASO,ES,Federal Contract Tower,0,0,12,0,12,0,18,93,4,115,0,18,105,4,127,108,0,108,235
01/24/2001,SPG,FL,ASO,ES,Federal Contract Tower,0,0,5,0,5,0,11,124,0,135,0,11,129,0,140,90,0,90,230
01/25/2001,SPG,FL,ASO,ES,Federal Contract Tower,0,0,6,0,6,0,12,122,16,150,0,12,128,16,156,170,16,186,342
01/26/2001,SPG,FL,ASO,ES,Federal Contract Tower,0,0,13,0,13,0,4,169,0,173,0,4,182,0,186,226,0,226,412
01/27/2001,SPG,FL,ASO,ES,Federal Contract Tower,0,0,8,0,8,0,15,220,0,235,0,15,228,0,243,299,0,299,542
01/28/2001,SPG,FL,ASO,ES,Federal Contract Tower,0,0,3,0,3,0,6,194,20,220,0,6,197,20,223,264,0,264,487
01/29/2001,SPG,FL,ASO,ES,Federal Contract Tower,0,0,7,0,7,0,21,120,19,160,0,21,127,19,167,231,0,231,398
01/30/2001,SPG,FL,ASO,ES,Federal Contract Tower,0,0,12,0,12,0,14,69,4,87,0,14,81,4,99,60,26,86,185
01/31/2001,SPG,FL,ASO,ES,Federal Contract Tower,0,2,28,0,30,0,6,45,0,51,0,8,73,0,81,106,0,106,187
02/01/2001,SPG,FL,ASO,ES,Federal Contract Tower,0,2,10,0,12,0,0,52,2,54,0,2,62,2,66,60,0,60,126
02/02/2001,SPG,FL,ASO,ES,Federal Contract Tower,0,1,22,0,23,0,0,10,1,11,0,1,32,1,34,0,0,0,34
02/03/2001,SPG,FL,ASO,ES,Federal Contract Tower,0,2,13,0,15,0,0,49,4,53,0,2,62,4,68,104,0,104,172
02/04/2001,SPG,FL,ASO,ES,Federal Contract Tower,0,2,9,0,11,0,4,3,2,9,0,6,12,2,20,6,0,6,26
02/05/2001,SPG,FL,ASO,ES,Federal Contract Tower,0,1,3,0,4,0,20,118,0,138,0,21,121,0,142,258,0,258,400
02/06/2001,SPG,FL,ASO,ES,Federal Contract Tower,0,1,7,0,8,0,6,146,4,156,0,7,153,4,164,96,0,96,260
02/07/2001,SPG,FL,ASO,ES,Federal Contract Tower,0,1,5,0,6,0,7,163,10,180,0,8,168,10,186,180,34,214,400
02/08/2001,SPG,FL,ASO,ES,Federal Contract Tower,0,1,8,0,9,0,11,170,2,183,0,12,178,2,192,268,0,268,460
02/09/2001,SPG,FL,ASO,ES,Federal Contract Tower,0,2,9,0,11,0,22,158,10,190,0,24,167,10,201,186,0,186,387
02/10/2001,SPG,FL,ASO,ES,Federal Contract Tower,0,2,9,0,11,0,14,143,0,157,0,16,152,0,168,206,0,206,374
02/11/2001,SPG,FL,ASO,ES,Federal Contract Tower,0,2,11,0,13,0,2,96,4,102,0,4,107,4,115,130,0,130,245
02/12/2001,SPG,FL,ASO,ES,Federal Contract Tower,0,1,7,0,8,0,7,56,6,69,0,8,63,6,77,100,0,100,177
02/13/2001,SPG,FL,ASO,ES,Federal Contract Tower,0,2,14,0,16,0,18,80,0,98,0,20,94,0,114,186,0,186,300
02/14/2001,SPG,FL,ASO,ES,Federal Contract Tower,0,0,6,1,7,0,10,140,5,155,0,10,146,6,162,152,30,182,344
02/15/2001,SPG,FL,ASO,ES,Federal Contract Tower,0,0,10,0,10,0,13,113,10,136,0,13,123,10,146,190,0,190,336
02/16/2001,SPG,FL,ASO,ES,Federal Contract Tower,0,1,14,0,15,0,13,159,2,174,0,14,173,2,189,208,0,208,397
02/17/2001,SPG,FL,ASO,ES,Federal Contract Tower,0,0,9,0,9,0,8,124,0,132,0,8,133,0,141,84,0,84,225
02/18/2001,SPG,FL,ASO,ES,Federal Contract Tower,0,1,12,0,13,0,5,141,0,146,0,6,153,0,159,198,0,198,357
02/19/2001,SPG,FL,ASO,ES,Federal Contract Tower,0,2,25,0,27,0,19,116,0,135,0,21,141,0,162,162,0,162,324
02/20/2001,SPG,FL,ASO,ES,Federal Contract Tower,0,0,8,0,8,0,10,137,4,151,0,10,145,4,159,150,0,150,309
02/21/2001,SPG,FL,ASO,ES,Federal Contract Tower,0,0,6,0,6,0,14,127,2,143,0,14,133,2,149,110,0,110,259
02/22/2001,SPG,FL,ASO,ES,Federal Contract Tower,0,0,10,0,10,0,12,129,4,145,0,12,139,4,155,150,0,150,305
02/23/2001,SPG,FL,ASO,ES,Federal Contract Tower,0,1,12,0,13,0,9,132,0,141,0,10,144,0,154,132,0,132,286
02/24/2001,SPG,FL,ASO,ES,Federal Contract Tower,0,0,6,0,6,0,12,110,4,126,0,12,116,4,132,90,0,90,222
02/25/2001,SPG,FL,ASO,ES,Federal Contract Tower,0,0,5,0,5,0,12,126,0,138,0,12,131,0,143,171,0,171,314
02/26/2001,SPG,FL,ASO,ES,Federal Contract Tower,0,1,10,0,11,0,4,122,6,132,0,5,132,6,143,122,0,122,265
02/27/2001,SPG,FL,ASO,ES,Federal Contract Tower,0,1,10,0,11,0,10,143,8,161,0,11,153,8,172,205,0,205,377
02/28/2001,SPG,FL,ASO,ES,Federal Contract Tower,0,1,12,0,13,0,14,127,0,141,0,15,139,0,154,138,0,138,292
03/01/2001,SPG,FL,ASO,ES,Federal Contract Tower,0,1,13,0,14,0,9,112,6,127,0,10,125,6,141,98,0,98,239
03/02/2001,SPG,FL,ASO,ES,Federal Contract Tower,0,1,4,0,5,0,20,101,8,129,0,21,105,8,134,110,0,110,244
03/03/2001,SPG,FL,ASO,ES,Federal Contract Tower,0,1,6,0,7,0,14,103,1,118,0,15,109,1,125,146,0,146,271
03/04/2001,SPG,FL,ASO,ES,Federal Contract Tower,0,1,6,0,7,0,1,10,0,11,0,2,16,0,18,16,0,16,34
03/05/2001,SPG,FL,ASO,ES,Federal Contract Tower,0,1,2,0,3,0,3,47,2,52,0,4,49,2,55,20,0,20,75
03/06/2001,SPG,FL,ASO,ES,Federal Contract Tower,0,1,2,0,3,0,8,43,2,53,0,9,45,2,56,14,0,14,70
03/07/2001,SPG,FL,ASO,ES,Federal Contract Tower,0,1,8,0,9,0,16,83,3,102,0,17,91,3,111,140,30,170,281
03/08/2001,SPG,FL,ASO,ES,Federal Contract Tower,0,1,9,0,10,0,12,141,8,161,0,13,150,8,171,240,0,240,411
03/09/2001,SPG,FL,ASO,ES,Federal Contract Tower,0,1,12,0,13,0,3,120,2,125,0,4,132,2,138,132,0,132,270
03/10/2001,SPG,FL,ASO,ES,Federal Contract Tower,0,1,11,0,12,0,10,137,0,147,0,11,148,0,159,190,0,190,349
03/11/2001,SPG,FL,ASO,ES,Federal Contract Tower,0,1,8,0,9,0,16,148,2,166,0,17,156,2,175,128,0,128,303
03/12/2001,SPG,FL,ASO,ES,Federal Contract Tower,0,1,4,0,5,0,22,87,8,117,0,23,91,8,122,98,2,100,222
03/13/2001,SPG,FL,ASO,ES,Federal Contract Tower,0,1,9,0,10,0,3,14,0,17,0,4,23,0,27,10,0,10,37
03/14/2001,SPG,FL,ASO,ES,Federal Contract Tower,0,2,13,0,15,0,6,109,14,129,0,8,122,14,144,258,2,260,404
03/15/2001,SPG,FL,ASO,ES,Federal Contract Tower,0,2,20,0,22,0,11,61,4,76,0,13,81,4,98,94,0,94,192
03/16/2001,SPG,FL,ASO,ES,Federal Contract Tower,0,1,13,0,14,0,3,66,0,69,0,4,79,0,83,58,0,58,141
03/17/2001,SPG,FL,ASO,ES,Federal Contract Tower,0,1,8,0,9,0,7,177,0,184,0,8,185,0,193,258,0,258,451
03/18/2001,SPG,FL,ASO,ES,Federal Contract Tower,0,0,8,0,8,0,12,80,0,92,0,12,88,0,100,124,0,124,224
03/19/2001,SPG,FL,ASO,ES,Federal Contract Tower,0,0,9,0,9,0,4,4,6,14,0,4,13,6,23,8,18,26,49
03/20/2001,SPG,FL,ASO,ES,Federal Contract Tower,0,0,9,0,9,0,13,89,2,104,0,13,98,2,113,94,2,96,209
03/21/2001,SPG,FL,ASO,ES,Federal Contract Tower,0,0,9,0,9,0,17,58,0,75,0,17,67,0,84,76,0,76,160
03/22/2001,SPG,FL,ASO,ES,Federal Contract Tower,0,0,13,0,13,0,12,139,10,161,0,12,152,10,174,162,26,188,362
03/23/2001,SPG,FL,ASO,ES,Federal Contract Tower,0,0,14,0,14,0,17,168,0,185,0,17,182,0,199,224,0,224,423
03/24/2001,SPG,FL,ASO,ES,Federal Contract Tower,0,0,4,0,4,0,8,154,0,162,0,8,158,0,166,240,0,240,406
03/25/2001,SPG,FL,ASO,ES,Federal Contract Tower,0,1,21,0,22,0,5,99,0,104,0,6,120,0,126,110,0,110,236
03/26/2001,SPG,FL,ASO,ES,Federal Contract Tower,0,1,15,0,16,0,15,112,6,133,0,16,127,6,149,120,0,120,269
03/27/2001,SPG,FL,ASO,ES,Federal Contract Tower,0,0,2,0,2,0,25,121,0,146,0,25,123,0,148,188,0,188,336
03/28/2001,SPG,FL,ASO,ES,Federal Contract Tower,0,0,10,0,10,0,14,136,0,150,0,14,146,0,160,154,0,154,314
03/29/2001,SPG,FL,ASO,ES,Federal Contract Tower,0,1,20,0,21,0,2,7,2,11,0,3,27,2,32,2,0,2,34
03/30/2001,SPG,FL,ASO,ES,Federal Contract Tower,0,0,7,0,7,0,18,77,8,103,0,18,84,8,110,152,12,164,274
03/31/2001,SPG,FL,ASO,ES,Federal Contract Tower,0,0,0,0,0,0,12,38,0,50,0,12,38,0,50,66,0,66,116
04/01/2001,SPG,FL,ASO,ES,Federal Contract Tower,0,1,2,0,3,0,20,125,0,145,0,21,127,0,148,136,0,136,284
04/02/2001,SPG,FL,ASO,ES,Federal Contract Tower,0,4,4,0,8,0,12,136,10,158,0,16,140,10,166,186,0,186,352
04/03/2001,SPG,FL,ASO,ES,Federal Contract Tower,0,2,4,0,6,0,28,129,8,165,0,30,133,8,171,108,6,114,285
04/04/2001,SPG,FL,ASO,ES,Federal Contract Tower,0,2,7,0,9,0,7,127,6,140,0,9,134,6,149,154,24,178,327
04/05/2001,SPG,FL,ASO,ES,Federal Contract Tower,0,1,8,0,9,0,23,141,6,170,0,24,149,6,179,248,0,248,427
04/06/2001,SPG,FL,ASO,ES,Federal Contract Tower,0,1,9,0,10,0,11,127,0,138,0,12,136,0,148,246,0,246,394
04/07/2001,SPG,FL,ASO,ES,Federal Contract Tower,0,1,10,0,11,0,5,124,0,129,0,6,134,0,140,154,0,154,294
04/08/2001,SPG,FL,ASO,ES,Federal Contract Tower,0,1,12,0,13,0,7,111,4,122,0,8,123,4,135,154,0,154,289
04/09/2001,SPG,FL,ASO,ES,Federal Contract Tower,0,2,6,0,8,0,13,114,4,131,0,15,120,4,139,117,0,117,256
04/10/2001,SPG,FL,ASO,ES,Federal Contract Tower,0,2,6,0,8,0,8,141,0,149,0,10,147,0,157,154,0,154,311
04/11/2001,SPG,FL,ASO,ES,Federal Contract Tower,0,3,5,0,8,0,10,155,0,165,0,13,160,0,173,118,0,118,291
04/12/2001,SPG,FL,ASO,ES,Federal Contract Tower,0,1,21,0,22,0,19,129,2,150,0,20,150,2,172,204,0,204,376
04/13/2001,SPG,FL,ASO,ES,Federal Contract Tower,0,1,12,0,13,0,10,172,0,182,0,11,184,0,195,178,0,178,373
04/14/2001,SPG,FL,ASO,ES,Federal Contract Tower,0,1,9,0,10,0,5,175,2,182,0,6,184,2,192,188,0,188,380
04/15/2001,SPG,FL,ASO,ES,Federal Contract Tower,0,1,5,0,6,0,7,104,0,111,0,8,109,0,117,108,0,108,225
04/16/2001,SPG,FL,ASO,ES,Federal Contract Tower,0,0,9,0,9,0,0,103,6,109,0,0,112,6,118,142,0,142,260
04/17/2001,SPG,FL,ASO,ES,Federal Contract Tower,0,1,6,0,7,0,16,99,4,119,0,17,105,4,126,144,0,144,270
04/18/2001,SPG,FL,ASO,ES,Federal Contract Tower,0,0,4,0,4,0,9,70,2,81,0,9,74,2,85,60,0,60,145
04/19/2001,SPG,FL,ASO,ES,Federal Contract Tower,0,0,15,0,15,0,15,141,10,166,0,15,156,10,181,266,20,286,467
04/20/2001,SPG,FL,ASO,ES,Federal Contract Tower,0,0,12,0,12,0,22,185,16,223,0,22,197,16,235,190,0,190,425
04/21/2001,SPG,FL,ASO,ES,Federal Contract Tower,0,1,5,0,6,0,9,114,0,123,0,10,119,0,129,138,0,138,267
04/22/2001,SPG,FL,ASO,ES,Federal Contract Tower,0,0,11,0,11,0,12,146,4,162,0,12,157,4,173,214,0,214,387
04/23/2001,SPG,FL,ASO,ES,Federal Contract Tower,0,0,4,0,4,0,13,126,0,139,0,13,130,0,143,176,0,176,319
04/24/2001,SPG,FL,ASO,ES,Federal Contract Tower,0,0,2,0,2,0,20,118,0,138,0,20,120,0,140,230,0,230,370
04/25/2001,SPG,FL,ASO,ES,Federal Contract Tower,0,0,5,0,5,0,26,90,0,116,0,26,95,0,121,140,0,140,261
04/26/2001,SPG,FL,ASO,ES,Federal Contract Tower,0,0,12,0,12,0,14,128,2,144,0,14,140,2,156,146,0,146,302
04/27/2001,SPG,FL,ASO,ES,Federal Contract Tower,0,0,12,0,12,0,12,161,0,173,0,12,173,0,185,112,0,112,297
04/28/2001,SPG,FL,ASO,ES,Federal Contract Tower,0,0,10,0,10,0,16,148,0,164,0,16,158,0,174,164,0,164,338
04/29/2001,SPG,FL,ASO,ES,Federal Contract Tower,0,0,17,0,17,0,4,70,0,74,0,4,87,0,91,92,0,92,183
04/30/2001,SPG,FL,ASO,ES,Federal Contract Tower,0,0,3,0,3,0,18,63,0,81,0,18,66,0,84,76,0,76,160
05/01/2001,SPG,FL,ASO,ES,Federal Contract Tower,0,0,2,0,2,0,14,81,0,95,0,14,83,0,97,128,0,128,225
05/02/2001,SPG,FL,ASO,ES,Federal Contract Tower,0,0,2,0,2,0,16,91,0,107,0,16,93,0,109,166,0,166,275
05/03/2001,SPG,FL,ASO,ES,Federal Contract Tower,0,0,10,0,10,0,11,109,0,120,0,11,119,0,130,144,0,144,274
05/04/2001,SPG,FL,ASO,ES,Federal Contract Tower,0,0,7,0,7,0,5,123,2,130,0,5,130,2,137,166,0,166,303
05/05/2001,SPG,FL,ASO,ES,Federal Contract Tower,0,0,7,0,7,0,6,118,0,124,0,6,125,0,131,150,0,150,281
05/06/2001,SPG,FL,ASO,ES,Federal Contract Tower,0,0,4,0,4,0,13,153,0,166,0,13,157,0,170,150,0,150,320
05/07/2001,SPG,FL,ASO,ES,Federal Contract Tower,0,2,2,0,4,0,6,110,4,120,0,8,112,4,124,178,0,178,302
05/08/2001,SPG,FL,ASO,ES,Federal Contract Tower,0,0,4,0,4,0,12,126,6,144,0,12,130,6,148,181,0,181,329
05/09/2001,SPG,FL,ASO,ES,Federal Contract Tower,0,1,9,0,10,0,16,113,2,131,0,17,122,2,141,140,0,140,281
05/10/2001,SPG,FL,ASO,ES,Federal Contract Tower,0,0,15,0,15,0,9,132,0,141,0,9,147,0,156,232,0,232,388
05/11/2001,SPG,FL,ASO,ES,Federal Contract Tower,0,0,13,0,13,0,16,123,4,143,0,16,136,4,156,152,0,152,308
05/12/2001,SPG,FL,ASO,ES,Federal Contract Tower,0,0,3,0,3,0,22,123,2,147,0,22,126,2,150,192,0,192,342
05/13/2001,SPG,FL,ASO,ES,Federal Contract Tower,0,0,10,0,10,0,0,136,2,138,0,0,146,2,148,112,0,112,260
05/14/2001,SPG,FL,ASO,ES,Federal Contract Tower,0,3,9,0,12,0,3,117,6,126,0,6,126,6,138,128,0,128,266
05/15/2001,SPG,FL,ASO,ES,Federal Contract Tower,0,1,6,0,7,0,22,106,4,132,0,23,112,4,139,180,0,180,319
05/16/2001,SPG,FL,ASO,ES,Federal Contract Tower,0,0,9,0,9,0,11,96,8,115,0,11,105,8,124,124,10,134,258
05/17/2001,SPG,FL,ASO,ES,Federal Contract Tower,0,0,11,0,11,0,1,149,7,157,0,1,160,7,168,216,4,220,388
05/18/2001,SPG,FL,ASO,ES,Federal Contract Tower,0,0,7,0,7,0,8,96,4,108,0,8,103,4,115,130,10,140,255
05/19/2001,SPG,FL,ASO,ES,Federal Contract Tower,0,0,12,0,12,0,10,139,2,151,0,10,151,2,163,148,0,148,311
05/20/2001,SPG,FL,ASO,ES,Federal Contract Tower,0,0,13,0,13,0,8,128,0,136,0,8,141,0,149,164,0,164,313
05/21/2001,SPG,FL,ASO,ES,Federal Contract Tower,0,0,5,0,5,0,17,82,7,106,0,17,87,7,111,104,0,104,215
05/22/2001,SPG,FL,ASO,ES,Federal Contract Tower,0,1,9,0,10,0,13,100,0,113,0,14,109,0,123,146,0,146,269
05/23/2001,SPG,FL,ASO,ES,Federal Contract Tower,0,1,6,0,7,0,11,100,0,111,0,12,106,0,118,254,2,256,374
05/24/2001,SPG,FL,ASO,ES,Federal Contract Tower,0,0,6,0,6,0,4,118,0,122,0,4,124,0,128,194,0,194,322
05/25/2001,SPG,FL,ASO,ES,Federal Contract Tower,0,1,9,0,10,0,16,140,4,160,0,17,149,4,170,220,0,220,390
05/26/2001,SPG,FL,ASO,ES,Federal Contract Tower,0,0,5,0,5,0,20,127,0,147,0,20,132,0,152,204,0,204,356
05/27/2001,SPG,FL,ASO,ES,Federal Contract Tower,0,0,10,0,10,0,12,120,2,134,0,12,130,2,144,158,0,158,302
05/28/2001,SPG,FL,ASO,ES,Federal Contract Tower,0,0,9,0,9,0,4,130,0,134,0,4,139,0,143,158,0,158,301
05/29/2001,SPG,FL,ASO,ES,Federal Contract Tower,0,0,8,0,8,0,8,107,7,122,0,8,115,7,130,168,16,184,314
05/30/2001,SPG,FL,ASO,ES,Federal Contract Tower,0,2,2,0,4,0,3,115,0,118,0,5,117,0,122,127,0,127,249
05/31/2001,SPG,FL,ASO,ES,Federal Contract Tower,0,0,6,0,6,0,15,125,4,144,0,15,131,4,150,212,0,212,362
06/01/2001,SPG,FL,ASO,ES,Federal Contract Tower,0,0,12,0,12,0,12,82,1,95,0,12,94,1,107,92,0,92,199
06/02/2001,SPG,FL,ASO,ES,Federal Contract Tower,0,1,6,0,7,0,15,119,0,134,0,16,125,0,141,164,0,164,305
06/03/2001,SPG,FL,ASO,ES,Federal Contract Tower,0,0,7,0,7,0,12,134,0,146,0,12,141,0,153,194,0,194,347
06/04/2001,SPG,FL,ASO,ES,Federal Contract Tower,0,1,6,0,7,0,9,103,2,114,0,10,109,2,121,192,0,192,313
06/05/2001,SPG,FL,ASO,ES,Federal Contract Tower,0,1,1,0,2,0,0,82,2,84,0,1,83,2,86,74,0,74,160
06/06/2001,SPG,FL,ASO,ES,Federal Contract Tower,0,2,6,0,8,0,15,93,0,108,0,17,99,0,116,76,0,76,192
06/07/2001,SPG,FL,ASO,ES,Federal Contract Tower,0,0,13,0,13,0,8,107,6,121,0,8,120,6,134,170,0,170,304
06/08/2001,SPG,FL,ASO,ES,Federal Contract Tower,0,0,9,0,9,0,11,105,0,116,0,11,114,0,125,192,0,192,317
06/09/2001,SPG,FL,ASO,ES,Federal Contract Tower,0,1,9,0,10,0,11,127,0,138,0,12,136,0,148,188,0,188,336
06/10/2001,SPG,FL,ASO,ES,Federal Contract Tower,0,0,10,0,10,0,9,117,0,126,0,9,127,0,136,136,0,136,272
06/11/2001,SPG,FL,ASO,ES,Federal Contract Tower,0,1,9,0,10,0,8,75,0,83,0,9,84,0,93,92,0,92,185
06/12/2001,SPG,FL,ASO,ES,Federal Contract Tower,0,0,7,0,7,0,12,107,0,119,0,12,114,0,126,126,0,126,252
06/13/2001,SPG,FL,ASO,ES,Federal Contract Tower,0,1,8,0,9,0,29,90,2,121,0,30,98,2,130,122,0,122,252
06/14/2001,SPG,FL,ASO,ES,Federal Contract Tower,0,0,14,0,14,0,7,133,6,146,0,7,147,6,160,204,14,218,378
06/15/2001,SPG,FL,ASO,ES,Federal Contract Tower,0,2,9,0,11,0,11,130,4,145,0,13,139,4,156,194,0,194,350
06/16/2001,SPG,FL,ASO,ES,Federal Contract Tower,0,0,8,0,8,0,5,127,0,132,0,5,135,0,140,208,0,208,348
06/17/2001,SPG,FL,ASO,ES,Federal Contract Tower,0,0,10,0,10,0,6,127,0,133,0,6,137,0,143,162,0,162,305
06/18/2001,SPG,FL,ASO,ES,Federal Contract Tower,0,0,9,0,9,0,12,83,0,95,0,12,92,0,104,182,0,182,286
06/19/2001,SPG,FL,ASO,ES,Federal Contract Tower,0,0,7,0,7,0,21,100,4,125,0,21,107,4,132,138,0,138,270
06/20/2001,SPG,FL,ASO,ES,Federal Contract Tower,0,1,5,0,6,0,5,103,2,110,0,6,108,2,116,153,0,153,269
06/21/2001,SPG,FL,ASO,ES,Federal Contract Tower,0,0,5,0,5,0,12,124,0,136,0,12,129,0,141,202,0,202,343
06/22/2001,SPG,FL,ASO,ES,Federal Contract Tower,0,0,4,0,4,0,14,43,0,57,0,14,47,0,61,110,0,110,171
06/23/2001,SPG,FL,ASO,ES,Federal Contract Tower,0,1,3,0,4,0,0,16,0,16,0,1,19,0,20,10,0,10,30
06/24/2001,SPG,FL,ASO,ES,Federal Contract Tower,0,0,2,0,2,0,7,69,0,76,0,7,71,0,78,118,0,118,196
06/25/2001,SPG,FL,ASO,ES,Federal Contract Tower,0,3,3,0,6,0,12,103,4,119,0,15,106,4,125,192,8,200,325
06/26/2001,SPG,FL,ASO,ES,Federal Contract Tower,0,2,0,0,2,0,12,89,8,109,0,14,89,8,111,154,0,154,265
06/27/2001,SPG,FL,ASO,ES,Federal Contract Tower,0,3,4,0,7,0,8,91,0,99,0,11,95,0,106,164,0,164,270
06/28/2001,SPG,FL,ASO,ES,Federal Contract Tower,0,2,16,0,18,0,8,81,0,89,0,10,97,0,107,124,0,124,231
06/29/2001,SPG,FL,ASO,ES,Federal Contract Tower,0,0,10,0,10,0,6,94,2,102,0,6,104,2,112,116,0,116,228
06/30/2001,SPG,FL,ASO,ES,Federal Contract Tower,0,1,5,0,6,0,4,100,0,104,0,5,105,0,110,142,0,142,252
07/01/2001,SPG,FL,ASO,ES,Federal Contract Tower,0,0,10,0,10,0,12,111,2,125,0,12,121,2,135,128,0,128,263
07/02/2001,SPG,FL,ASO,ES,Federal Contract Tower,0,2,5,0,7,0,2,130,2,134,0,4,135,2,141,234,0,234,375
07/03/2001,SPG,FL,ASO,ES,Federal Contract Tower,0,0,5,0,5,0,12,126,2,140,0,12,131,2,145,162,0,162,307
07/04/2001,SPG,FL,ASO,ES,Federal Contract Tower,0,0,0,0,0,0,4,103,0,107,0,4,103,0,107,148,0,148,255
07/05/2001,SPG,FL,ASO,ES,Federal Contract Tower,0,0,7,0,7,0,18,144,7,169,0,18,151,7,176,210,0,210,386
07/06/2001,SPG,FL,ASO,ES,Federal Contract Tower,0,0,8,0,8,0,4,134,2,140,0,4,142,2,148,152,2,154,302
07/07/2001,SPG,FL,ASO,ES,Federal Contract Tower,0,0,3,0,3,0,9,121,0,130,0,9,124,0,133,166,0,166,299
07/08/2001,SPG,FL,ASO,ES,Federal Contract Tower,0,0,7,0,7,0,4,109,0,113,0,4,116,0,120,132,0,132,252
07/09/2001,SPG,FL,ASO,ES,Federal Contract Tower,0,0,1,0,1,0,0,93,2,95,0,0,94,2,96,154,0,154,250
07/10/2001,SPG,FL,ASO,ES,Federal Contract Tower,0,0,8,0,8,0,8,89,0,97,0,8,97,0,105,100,0,100,205
07/11/2001,SPG,FL,ASO,ES,Federal Contract Tower,0,1,9,0,10,0,5,38,0,43,0,6,47,0,53,102,2,104,157
07/12/2001,SPG,FL,ASO,ES,Federal Contract Tower,0,0,7,0,7,0,1,90,0,91,0,1,97,0,98,142,0,142,240
07/13/2001,SPG,FL,ASO,ES,Federal Contract Tower,0,1,9,0,10,0,2,75,3,80,0,3,84,3,90,58,18,76,166
07/14/2001,SPG,FL,ASO,ES,Federal Contract Tower,0,0,4,0,4,0,2,84,4,90,0,2,88,4,94,174,0,174,268
07/15/2001,SPG,FL,ASO,ES,Federal Contract Tower,0,0,5,0,5,0,2,110,6,118,0,2,115,6,123,182,0,182,305
07/16/2001,SPG,FL,ASO,ES,Federal Contract Tower,0,2,5,0,7,0,14,97,4,115,0,16,102,4,122,138,0,138,260
07/17/2001,SPG,FL,ASO,ES,Federal Contract Tower,0,1,7,0,8,0,4,87,2,93,0,5,94,2,101,150,0,150,251
07/18/2001,SPG,FL,ASO,ES,Federal Contract Tower,0,1,9,0,10,0,15,91,0,106,0,16,100,0,116,212,0,212,328
07/19/2001,SPG,FL,ASO,ES,Federal Contract Tower,0,0,8,0,8,0,7,108,4,119,0,7,116,4,127,164,24,188,315
07/20/2001,SPG,FL,ASO,ES,Federal Contract Tower,0,0,13,0,13,0,7,112,2,121,0,7,125,2,134,120,0,120,254
07/21/2001,SPG,FL,ASO,ES,Federal Contract Tower,0,2,7,0,9,0,0,106,0,106,0,2,113,0,115,144,0,144,259
07/22/2001,SPG,FL,ASO,ES,Federal Contract Tower,0,0,4,0,4,0,8,61,2,71,0,8,65,2,75,60,0,60,135
07/23/2001,SPG,FL,ASO,ES,Federal Contract Tower,0,0,6,0,6,0,4,33,2,39,0,4,39,2,45,18,0,18,63
07/24/2001,SPG,FL,ASO,ES,Federal Contract Tower,0,1,7,0,8,0,9,77,0,86,0,10,84,0,94,152,0,152,246
07/25/2001,SPG,FL,ASO,ES,Federal Contract Tower,0,0,5,0,5,0,14,90,2,106,0,14,95,2,111,154,0,154,265
07/26/2001,SPG,FL,ASO,ES,Federal Contract Tower,0,0,6,0,6,0,12,114,4,130,0,12,120,4,136,214,0,214,350
07/27/2001,SPG,FL,ASO,ES,Federal Contract Tower,0,0,7,0,7,0,14,113,0,127,0,14,120,0,134,176,0,176,310
07/28/2001,SPG,FL,ASO,ES,Federal Contract Tower,0,0,14,0,14,0,6,118,0,124,0,6,132,0,138,168,0,168,306
07/29/2001,SPG,FL,ASO,ES,Federal Contract Tower,0,0,3,0,3,0,8,148,0,156,0,8,151,0,159,100,0,100,259
07/30/2001,SPG,FL,ASO,ES,Federal Contract Tower,0,0,4,0,4,0,11,104,3,118,0,11,108,3,122,112,8,120,242
07/31/2001,SPG,FL,ASO,ES,Federal Contract Tower,0,2,2,0,4,0,4,72,8,84,0,6,74,8,88,120,2,122,210
08/01/2001,SPG,FL,ASO,ES,Federal Contract Tower,0,0,7,0,7,0,0,85,2,87,0,0,92,2,94,124,0,124,218
08/02/2001,SPG,FL,ASO,ES,Federal Contract Tower,0,0,7,0,7,0,14,6,0,20,0,14,13,0,27,8,0,8,35
08/03/2001,SPG,FL,ASO,ES,Federal Contract Tower,0,0,7,0,7,0,12,81,2,95,0,12,88,2,102,152,0,152,254
08/04/2001,SPG,FL,ASO,ES,Federal Contract Tower,0,0,0,0,0,0,10,71,0,81,0,10,71,0,81,126,0,126,207
08/05/2001,SPG,FL,ASO,ES,Federal Contract Tower,0,1,9,0,10,0,6,102,0,108,0,7,111,0,118,130,0,130,248
08/06/2001,SPG,FL,ASO,ES,Federal Contract Tower,0,1,12,0,13,0,13,101,4,118,0,14,113,4,131,126,2,128,259
08/07/2001,SPG,FL,ASO,ES,Federal Contract Tower,0,0,1,0,1,0,9,99,0,108,0,9,100,0,109,150,0,150,259
08/08/2001,SPG,FL,ASO,ES,Federal Contract Tower,0,0,7,0,7,0,16,114,2,132,0,16,121,2,139,149,0,149,288
08/09/2001,SPG,FL,ASO,ES,Federal Contract Tower,0,0,11,0,11,0,13,81,2,96,0,13,92,2,107,149,0,149,256
08/10/2001,SPG,FL,ASO,ES,Federal Contract Tower,0,0,8,0,8,0,4,124,0,128,0,4,132,0,136,190,0,190,326
08/11/2001,SPG,FL,ASO,ES,Federal Contract Tower,0,0,6,0,6,0,27,157,6,190,0,27,163,6,196,214,0,214,410
08/12/2001,SPG,FL,ASO,ES,Federal Contract Tower,0,0,10,0,10,0,15,118,0,133,0,15,128,0,143,126,0,126,269
08/13/2001,SPG,FL,ASO,ES,Federal Contract Tower,0,0,3,0,3,0,10,103,2,115,0,10,106,2,118,170,0,170,288
08/14/2001,SPG,FL,ASO,ES,Federal Contract Tower,0,0,5,0,5,0,13,117,0,130,0,13,122,0,135,130,0,130,265
08/15/2001,SPG,FL,ASO,ES,Federal Contract Tower,0,0,10,0,10,0,6,89,7,102,0,6,99,7,112,126,2,128,240
08/16/2001,SPG,FL,ASO,ES,Federal Contract Tower,0,0,6,0,6,0,21,117,0,138,0,21,123,0,144,148,0,148,292
08/17/2001,SPG,FL,ASO,ES,Federal Contract Tower,0,0,10,0,10,0,6,89,7,102,0,6,99,7,112,128,0,128,240
08/18/2001,SPG,FL,ASO,ES,Federal Contract Tower,0,0,9,0,9,0,14,121,2,137,0,14,130,2,146,144,0,144,290
08/19/2001,SPG,FL,ASO,ES,Federal Contract Tower,0,0,8,0,8,0,9,112,2,123,0,9,120,2,131,220,0,220,351
08/20/2001,SPG,FL,ASO,ES,Federal Contract Tower,0,0,5,0,5,0,10,91,0,101,0,10,96,0,106,140,0,140,246
08/21/2001,SPG,FL,ASO,ES,Federal Contract Tower,0,0,12,0,12,0,10,80,4,94,0,10,92,4,106,104,2,106,212
08/22/2001,SPG,FL,ASO,ES,Federal Contract Tower,0,0,6,0,6,0,14,107,0,121,0,14,113,0,127,142,2,144,271
08/23/2001,SPG,FL,ASO,ES,Federal Contract Tower,0,0,9,0,9,0,13,109,0,122,0,13,118,0,131,152,0,152,283
08/24/2001,SPG,FL,ASO,ES,Federal Contract Tower,0,0,8,0,8,0,13,119,2,134,0,13,127,2,142,210,0,210,352
08/25/2001,SPG,FL,ASO,ES,Federal Contract Tower,0,0,7,0,7,0,6,139,0,145,0,6,146,0,152,190,0,190,342
08/26/2001,SPG,FL,ASO,ES,Federal Contract Tower,0,0,9,0,9,0,3,95,0,98,0,3,104,0,107,166,0,166,273
08/27/2001,SPG,FL,ASO,ES,Federal Contract Tower,0,1,2,0,3,0,19,96,4,119,0,20,98,4,122,178,0,178,300
08/28/2001,SPG,FL,ASO,ES,Federal Contract Tower,0,1,5,0,6,0,14,114,4,132,0,15,119,4,138,206,0,206,344
08/29/2001,SPG,FL,ASO,ES,Federal Contract Tower,0,1,6,0,7,0,13,98,2,113,0,14,104,2,120,144,0,144,264
08/30/2001,SPG,FL,ASO,ES,Federal Contract Tower,0,0,6,0,6,0,12,85,5,102,0,12,91,5,108,148,0,148,256
08/31/2001,SPG,FL,ASO,ES,Federal Contract Tower,0,0,11,0,11,0,24,120,2,146,0,24,131,2,157,110,0,110,267
09/01/2001,SPG,FL,ASO,ES,Federal Contract Tower,0,1,5,0,6,0,9,94,2,105,0,10,99,2,111,142,0,142,253
09/02/2001,SPG,FL,ASO,ES,Federal Contract Tower,0,1,1,0,2,0,11,106,0,117,0,12,107,0,119,52,0,52,171
09/03/2001,SPG,FL,ASO,ES,Federal Contract Tower,0,1,8,0,9,0,15,130,0,145,0,16,138,0,154,92,0,92,246
09/04/2001,SPG,FL,ASO,ES,Federal Contract Tower,0,1,7,0,8,0,15,78,2,95,0,16,85,2,103,85,0,85,188
09/05/2001,SPG,FL,ASO,ES,Federal Contract Tower,0,1,1,0,2,0,4,75,2,81,0,5,76,2,83,66,0,66,149
09/06/2001,SPG,FL,ASO,ES,Federal Contract Tower,0,2,4,0,6,0,8,71,14,93,0,10,75,14,99,96,0,96,195
09/07/2001,SPG,FL,ASO,ES,Federal Contract Tower,0,0,5,0,5,0,21,114,0,135,0,21,119,0,140,88,0,88,228
09/08/2001,SPG,FL,ASO,ES,Federal Contract Tower,0,0,6,0,6,0,2,92,2,96,0,2,98,2,102,114,0,114,216
09/09/2001,SPG,FL,ASO,ES,Federal Contract Tower,0,1,1,0,2,0,15,61,4,80,0,16,62,4,82,78,0,78,160
09/10/2001,SPG,FL,ASO,ES,Federal Contract Tower,0,1,6,0,7,0,21,51,0,72,0,22,57,0,79,58,0,58,137
09/11/2001,SPG,FL,ASO,ES,Federal Contract Tower,0,0,5,0,5,0,5,17,0,22,0,5,22,0,27,64,0,64,91
09/12/2001,SPG,FL,ASO,ES,Federal Contract Tower,0,0,0,0,0,0,2,1,0,3,0,2,1,0,3,4,0,4,7
09/13/2001,SPG,FL,ASO,ES,Federal Contract Tower,0,0,0,0,0,0,8,8,0,16,0,8,8,0,16,8,0,8,24
09/14/2001,SPG,FL,ASO,ES,Federal Contract Tower,0,0,0,0,0,0,0,0,1,1,0,0,0,1,1,0,0,0,1
09/15/2001,SPG,FL,ASO,ES,Federal Contract Tower,0,0,3,0,3,0,28,8,0,36,0,28,11,0,39,38,0,38,77
09/16/2001,SPG,FL,ASO,ES,Federal Contract Tower,0,0,32,0,32,0,5,0,0,5,0,5,32,0,37,4,0,4,41
09/17/2001,SPG,FL,ASO,ES,Federal Contract Tower,0,0,14,0,14,0,0,0,0,0,0,0,14,0,14,0,0,0,14
09/18/2001,SPG,FL,ASO,ES,Federal Contract Tower,0,4,41,0,45,0,8,0,2,10,0,12,41,2,55,12,0,12,67
09/19/2001,SPG,FL,ASO,ES,Federal Contract Tower,0,1,34,0,35,0,4,0,0,4,0,5,34,0,39,0,0,0,39
09/20/2001,SPG,FL,ASO,ES,Federal Contract Tower,0,6,33,0,39,0,34,11,3,48,0,40,44,3,87,46,0,46,133
09/21/2001,SPG,FL,ASO,ES,Federal Contract Tower,0,0,29,0,29,0,12,15,4,31,0,12,44,4,60,16,0,16,76
09/22/2001,SPG,FL,ASO,ES,Federal Contract Tower,0,0,18,0,18,0,14,12,0,26,0,14,30,0,44,44,0,44,88
09/23/2001,SPG,FL,ASO,ES,Federal Contract Tower,0,0,31,0,31,0,11,19,2,32,0,11,50,2,63,54,0,54,117
09/24/2001,SPG,FL,ASO,ES,Federal Contract Tower,0,0,16,0,16,0,7,23,3,33,0,7,39,3,49,30,0,30,79
09/25/2001,SPG,FL,ASO,ES,Federal Contract Tower,0,0,29,0,29,0,13,32,2,47,0,13,61,2,76,98,2,100,176
09/26/2001,SPG,FL,ASO,ES,Federal Contract Tower,0,2,24,0,26,0,1,27,2,30,0,3,51,2,56,62,0,62,118
09/27/2001,SPG,FL,ASO,ES,Federal Contract Tower,0,0,13,0,13,0,7,30,0,37,0,7,43,0,50,114,0,114,164
09/28/2001,SPG,FL,ASO,ES,Federal Contract Tower,0,0,28,0,28,0,6,28,6,40,0,6,56,6,68,42,0,42,110
09/29/2001,SPG,FL,ASO,ES,Federal Contract Tower,0,1,15,0,16,0,11,31,2,44,0,12,46,2,60,190,0,190,250
09/30/2001,SPG,FL,ASO,ES,Federal Contract Tower,0,0,30,0,30,0,4,52,2,58,0,4,82,2,88,34,0,34,122
10/01/2001,SPG,FL,ASO,ES,Federal Contract Tower,0,0,12,0,12,0,2,42,0,44,0,2,54,0,56,84,0,84,140
10/02/2001,SPG,FL,ASO,ES,Federal Contract Tower,0,4,20,0,24,0,11,40,8,59,0,15,60,8,83,86,14,100,183
10/03/2001,SPG,FL,ASO,ES,Federal Contract Tower,0,1,10,0,11,0,11,52,0,63,0,12,62,0,74,50,0,50,124
10/04/2001,SPG,FL,ASO,ES,Federal Contract Tower,0,0,13,0,13,0,10,31,0,41,0,10,44,0,54,174,0,174,228
10/05/2001,SPG,FL,ASO,ES,Federal Contract Tower,0,0,27,0,27,0,26,59,4,89,0,26,86,4,116,146,16,162,278
10/06/2001,SPG,FL,ASO,ES,Federal Contract Tower,0,0,21,0,21,0,24,47,0,71,0,24,68,0,92,152,0,152,244
10/07/2001,SPG,FL,ASO,ES,Federal Contract Tower,0,2,24,0,26,0,22,56,2,80,0,24,80,2,106,112,0,112,218
10/08/2001,SPG,FL,ASO,ES,Federal Contract Tower,0,0,6,0,6,0,10,44,2,56,0,10,50,2,62,68,0,68,130
10/09/2001,SPG,FL,ASO,ES,Federal Contract Tower,0,2,8,0,10,0,13,35,2,50,0,15,43,2,60,38,0,38,98
10/10/2001,SPG,FL,ASO,ES,Federal Contract Tower,0,1,18,0,19,0,7,42,0,49,0,8,60,0,68,178,0,178,246
10/11/2001,SPG,FL,ASO,ES,Federal Contract Tower,0,0,17,0,17,0,15,77,0,92,0,15,94,0,109,126,0,126,235
10/12/2001,SPG,FL,ASO,ES,Federal Contract Tower,0,0,16,0,16,0,25,46,4,75,0,25,62,4,91,182,2,184,275
10/13/2001,SPG,FL,ASO,ES,Federal Contract Tower,0,2,37,0,39,0,12,49,2,63,0,14,86,2,102,218,0,218,320
10/14/2001,SPG,FL,ASO,ES,Federal Contract Tower,0,0,16,0,16,0,15,16,2,33,0,15,32,2,49,68,0,68,117
10/15/2001,SPG,FL,ASO,ES,Federal Contract Tower,0,0,11,0,11,0,4,52,4,60,0,4,63,4,71,84,0,84,155
10/16/2001,SPG,FL,ASO,ES,Federal Contract Tower,0,0,15,0,15,0,11,47,2,60,0,11,62,2,75,134,0,134,209
10/17/2001,SPG,FL,ASO,ES,Federal Contract Tower,0,0,12,0,12,0,14,80,4,98,0,14,92,4,110,206,0,206,316
10/18/2001,SPG,FL,ASO,ES,Federal Contract Tower,0,0,15,0,15,0,11,107,6,124,0,11,122,6,139,190,0,190,329
10/19/2001,SPG,FL,ASO,ES,Federal Contract Tower,0,0,12,0,12,0,10,88,2,100,0,10,100,2,112,170,0,170,282
10/20/2001,SPG,FL,ASO,ES,Federal Contract Tower,0,0,15,0,15,0,10,46,4,60,0,10,61,4,75,178,0,178,253
10/21/2001,SPG,FL,ASO,ES,Federal Contract Tower,0,1,7,0,8,0,9,51,2,62,0,10,58,2,70,72,0,72,142
10/22/2001,SPG,FL,ASO,ES,Federal Contract Tower,0,2,5,0,7,0,0,59,2,61,0,2,64,2,68,138,0,138,206
10/23/2001,SPG,FL,ASO,ES,Federal Contract Tower,0,1,5,0,6,0,12,66,4,82,0,13,71,4,88,96,0,96,184
10/24/2001,SPG,FL,ASO,ES,Federal Contract Tower,0,2,12,0,14,0,15,46,2,63,0,17,58,2,77,146,0,146,223
10/25/2001,SPG,FL,ASO,ES,Federal Contract Tower,0,0,19,0,19,0,18,79,0,97,0,18,98,0,116,114,0,114,230
10/26/2001,SPG,FL,ASO,ES,Federal Contract Tower,0,2,11,0,13,0,5,76,2,83,0,7,87,2,96,106,0,106,202
10/27/2001,SPG,FL,ASO,ES,Federal Contract Tower,0,0,13,0,13,0,6,85,2,93,0,6,98,2,106,120,0,120,226
10/28/2001,SPG,FL,ASO,ES,Federal Contract Tower,0,0,16,0,16,0,12,91,2,105,0,12,107,2,121,116,0,116,237
10/29/2001,SPG,FL,ASO,ES,Federal Contract Tower,0,1,6,0,7,0,16,95,2,113,0,17,101,2,120,204,0,204,324
10/30/2001,SPG,FL,ASO,ES,Federal Contract Tower,0,2,8,0,10,0,19,100,2,121,0,21,108,2,131,74,8,82,213
10/31/2001,SPG,FL,ASO,ES,Federal Contract Tower,0,0,12,0,12,0,5,85,2,92,0,5,97,2,104,80,0,80,184
11/01/2001,SPG,FL,ASO,ES,Federal Contract Tower,0,0,12,0,12,0,6,111,0,117,0,6,123,0,129,152,0,152,281
11/02/2001,SPG,FL,ASO,ES,Federal Contract Tower,0,0,9,0,9,0,13,123,2,138,0,13,132,2,147,214,0,214,361
11/03/2001,SPG,FL,ASO,ES,Federal Contract Tower,0,0,11,0,11,0,13,66,2,81,0,13,77,2,92,220,0,220,312
11/04/2001,SPG,FL,ASO,ES,Federal Contract Tower,0,0,18,0,18,0,10,55,0,65,0,10,73,0,83,154,0,154,237
11/05/2001,SPG,FL,ASO,ES,Federal Contract Tower,0,1,1,0,2,0,3,62,24,89,0,4,63,24,91,14,12,26,117
11/06/2001,SPG,FL,ASO,ES,Federal Contract Tower,0,0,9,0,9,0,12,112,16,140,0,12,121,16,149,178,24,202,351
11/07/2001,SPG,FL,ASO,ES,Federal Contract Tower,0,5,9,0,14,0,16,126,6,148,0,21,135,6,162,146,0,146,308
11/08/2001,SPG,FL,ASO,ES,Federal Contract Tower,0,2,8,0,10,0,13,114,0,127,0,15,122,0,137,200,0,200,337
11/09/2001,SPG,FL,ASO,ES,Federal Contract Tower,0,0,9,0,9,0,9,117,8,134,0,9,126,8,143,164,0,164,307
11/10/2001,SPG,FL,ASO,ES,Federal Contract Tower,0,0,11,0,11,0,11,143,2,156,0,11,154,2,167,138,0,138,305
11/11/2001,SPG,FL,ASO,ES,Federal Contract Tower,0,1,4,0,5,0,13,106,6,125,0,14,110,6,130,222,0,222,352
11/12/2001,SPG,FL,ASO,ES,Federal Contract Tower,0,1,11,0,12,0,9,86,4,99,0,10,97,4,111,200,0,200,311
11/13/2001,SPG,FL,ASO,ES,Federal Contract Tower,0,2,12,0,14,0,9,55,0,64,0,11,67,0,78,100,0,100,178
11/14/2001,SPG,FL,ASO,ES,Federal Contract Tower,0,2,19,0,21,0,7,34,4,45,0,9,53,4,66,58,16,74,140
11/15/2001,SPG,FL,ASO,ES,Federal Contract Tower,0,0,25,0,25,0,14,76,10,100,0,14,101,10,125,176,0,176,301
11/16/2001,SPG,FL,ASO,ES,Federal Contract Tower,0,0,17,0,17,0,11,122,10,143,0,11,139,10,160,248,0,248,408
11/17/2001,SPG,FL,ASO,ES,Federal Contract Tower,0,1,14,0,15,0,10,116,0,126,0,11,130,0,141,172,0,172,313
11/18/2001,SPG,FL,ASO,ES,Federal Contract Tower,0,1,11,0,12,0,9,119,2,130,0,10,130,2,142,110,0,110,252
11/19/2001,SPG,FL,ASO,ES,Federal Contract Tower,0,1,15,0,16,0,6,65,6,77,0,7,80,6,93,102,0,102,195
11/20/2001,SPG,FL,ASO,ES,Federal Contract Tower,0,4,24,0,28,0,6,90,4,100,0,10,114,4,128,58,0,58,186
11/21/2001,SPG,FL,ASO,ES,Federal Contract Tower,0,2,8,0,10,0,2,101,0,103,0,4,109,0,113,108,2,110,223
11/22/2001,SPG,FL,ASO,ES,Federal Contract Tower,0,0,8,0,8,0,10,73,0,83,0,10,81,0,91,100,0,100,191
11/23/2001,SPG,FL,ASO,ES,Federal Contract Tower,0,0,14,0,14,0,7,105,0,112,0,7,119,0,126,153,0,153,279
11/24/2001,SPG,FL,ASO,ES,Federal Contract Tower,0,0,8,0,8,0,14,106,0,120,0,14,114,0,128,120,0,120,248
11/25/2001,SPG,FL,ASO,ES,Federal Contract Tower,0,0,14,0,14,0,11,128,0,139,0,11,142,0,153,98,0,98,251
11/26/2001,SPG,FL,ASO,ES,Federal Contract Tower,0,2,8,0,10,0,9,85,8,102,0,11,93,8,112,136,0,136,248
11/27/2001,SPG,FL,ASO,ES,Federal Contract Tower,0,0,22,0,22,0,2,99,2,103,0,2,121,2,125,122,2,124,249
11/28/2001,SPG,FL,ASO,ES,Federal Contract Tower,0,0,8,0,8,0,10,120,10,140,0,10,128,10,148,120,0,120,268
11/29/2001,SPG,FL,ASO,ES,Federal Contract Tower,0,0,9,0,9,0,15,102,2,119,0,15,111,2,128,136,0,136,264
11/30/2001,SPG,FL,ASO,ES,Federal Contract Tower,0,0,5,0,5,0,16,102,4,122,0,16,107,4,127,192,0,192,319
12/01/2001,SPG,FL,ASO,ES,Federal Contract Tower,0,0,9,0,9,0,20,129,2,151,0,20,138,2,160,316,0,316,476
12/02/2001,SPG,FL,ASO,ES,Federal Contract Tower,0,0,8,0,8,0,3,117,0,120,0,3,125,0,128,250,0,250,378
12/03/2001,SPG,FL,ASO,ES,Federal Contract Tower,0,1,5,0,6,0,4,101,12,117,0,5,106,12,123,140,0,140,263
12/04/2001,SPG,FL,ASO,ES,Federal Contract Tower,0,2,7,0,9,0,1,65,2,68,0,3,72,2,77,80,0,80,157
12/05/2001,SPG,FL,ASO,ES,Federal Contract Tower,0,0,10,0,10,0,6,97,4,107,0,6,107,4,117,162,12,174,291
12/06/2001,SPG,FL,ASO,ES,Federal Contract Tower,0,0,15,0,15,0,13,115,13,141,0,13,130,13,156,186,0,186,342
12/07/2001,SPG,FL,ASO,ES,Federal Contract Tower,0,0,13,1,14,0,14,78,3,95,0,14,91,4,109,72,0,72,181
12/08/2001,SPG,FL,ASO,ES,Federal Contract Tower,0,0,17,0,17,0,10,56,0,66,0,10,73,0,83,106,0,106,189
12/09/2001,SPG,FL,ASO,ES,Federal Contract Tower,0,0,11,0,11,0,6,74,0,80,0,6,85,0,91,112,0,112,203
12/10/2001,SPG,FL,ASO,ES,Federal Contract Tower,0,3,14,0,17,0,6,49,0,55,0,9,63,0,72,80,0,80,152
12/11/2001,SPG,FL,ASO,ES,Federal Contract Tower,0,0,7,0,7,0,16,98,1,115,0,16,105,1,122,140,2,142,264
12/12/2001,SPG,FL,ASO,ES,Federal Contract Tower,0,2,13,0,15,0,9,71,0,80,0,11,84,0,95,136,0,136,231
12/13/2001,SPG,FL,ASO,ES,Federal Contract Tower,0,0,20,0,20,0,6,95,6,107,0,6,115,6,127,154,2,156,283
12/14/2001,SPG,FL,ASO,ES,Federal Contract Tower,0,0,8,0,8,0,14,102,2,118,0,14,110,2,126,170,0,170,296
12/15/2001,SPG,FL,ASO,ES,Federal Contract Tower,0,0,12,0,12,0,10,122,0,132,0,10,134,0,144,100,0,100,244
12/16/2001,SPG,FL,ASO,ES,Federal Contract Tower,0,0,14,0,14,0,8,67,0,75,0,8,81,0,89,76,0,76,165
12/17/2001,SPG,FL,ASO,ES,Federal Contract Tower,0,0,8,0,8,0,9,87,10,106,0,9,95,10,114,94,0,94,208
12/18/2001,SPG,FL,ASO,ES,Federal Contract Tower,0,0,9,0,9,0,8,91,0,99,0,8,100,0,108,146,0,146,254
12/19/2001,SPG,FL,ASO,ES,Federal Contract Tower,0,0,9,0,9,0,7,81,4,92,0,7,90,4,101,116,0,116,217
12/20/2001,SPG,FL,ASO,ES,Federal Contract Tower,0,0,8,0,8,0,8,106,0,114,0,8,114,0,122,140,0,140,262
12/21/2001,SPG,FL,ASO,ES,Federal Contract Tower,0,0,8,0,8,0,18,109,2,129,0,18,117,2,137,130,8,138,275
12/22/2001,SPG,FL,ASO,ES,Federal Contract Tower,0,0,4,0,4,0,3,135,0,138,0,3,139,0,142,118,0,118,260
12/23/2001,SPG,FL,ASO,ES,Federal Contract Tower,0,0,8,0,8,0,10,92,0,102,0,10,100,0,110,78,0,78,188
12/24/2001,SPG,FL,ASO,ES,Federal Contract Tower,0,0,9,0,9,0,8,48,0,56,0,8,57,0,65,66,0,66,131
12/25/2001,SPG,FL,ASO,ES,Federal Contract Tower,0,0,5,0,5,0,5,24,0,29,0,5,29,0,34,38,0,38,72
12/26/2001,SPG,FL,ASO,ES,Federal Contract Tower,0,0,14,0,14,0,14,87,3,104,0,14,101,3,118,58,10,68,186
12/27/2001,SPG,FL,ASO,ES,Federal Contract Tower,0,0,9,0,9,0,17,88,0,105,0,17,97,0,114,118,0,118,232
12/28/2001,SPG,FL,ASO,ES,Federal Contract Tower,0,0,8,0,8,0,5,115,3,123,0,5,123,3,131,144,0,144,275
12/29/2001,SPG,FL,ASO,ES,Federal Contract Tower,0,0,5,0,5,0,10,121,0,131,0,10,126,0,136,88,0,88,224
12/30/2001,SPG,FL,ASO,ES,Federal Contract Tower,0,0,8,0,8,0,12,105,2,119,0,12,113,2,127,142,10,152,279
12/31/2001,SPG,FL,ASO,ES,Federal Contract Tower,0,1,3,0,4,0,5,84,2,91,0,6,87,2,95,132,0,132,227
01/01/2002,SPG,FL,ASO,ES,Federal Contract Tower,0,0,6,0,6,0,6,89,0,95,0,6,95,0,101,54,0,54,155
01/02/2002,SPG,FL,ASO,ES,Federal Contract Tower,0,2,7,0,9,0,0,34,2,36,0,2,41,2,45,50,0,50,95
01/03/2002,SPG,FL,ASO,ES,Federal Contract Tower,0,0,18,0,18,0,18,21,0,39,0,18,39,0,57,64,0,64,121
01/04/2002,SPG,FL,ASO,ES,Federal Contract Tower,0,0,13,0,13,0,15,100,10,125,0,15,113,10,138,184,6,190,328
01/05/2002,SPG,FL,ASO,ES,Federal Contract Tower,0,0,13,0,13,0,2,105,4,111,0,2,118,4,124,156,0,156,280
01/06/2002,SPG,FL,ASO,ES,Federal Contract Tower,0,0,13,0,13,0,8,26,0,34,0,8,39,0,47,52,0,52,99
01/07/2002,SPG,FL,ASO,ES,Federal Contract Tower,0,0,11,0,11,0,7,55,4,66,0,7,66,4,77,102,0,102,179
01/08/2002,SPG,FL,ASO,ES,Federal Contract Tower,0,2,5,0,7,0,10,91,0,101,0,12,96,0,108,168,0,168,276
01/09/2002,SPG,FL,ASO,ES,Federal Contract Tower,0,0,14,0,14,0,10,86,2,98,0,10,100,2,112,192,0,192,304
01/10/2002,SPG,FL,ASO,ES,Federal Contract Tower,0,0,14,0,14,0,12,121,0,133,0,12,135,0,147,124,0,124,271
01/11/2002,SPG,FL,ASO,ES,Federal Contract Tower,0,0,9,0,9,0,18,137,2,157,0,18,146,2,166,138,4,142,308
01/12/2002,SPG,FL,ASO,ES,Federal Contract Tower,0,0,12,0,12,0,6,128,106,240,0,6,140,106,252,0,0,0,252
01/13/2002,SPG,FL,ASO,ES,Federal Contract Tower,0,0,17,0,17,0,2,127,0,129,0,2,144,0,146,166,0,166,312
01/14/2002,SPG,FL,ASO,ES,Federal Contract Tower,0,0,10,0,10,0,3,13,0,16,0,3,23,0,26,8,0,8,34
01/15/2002,SPG,FL,ASO,ES,Federal Contract Tower,0,0,6,0,6,0,10,70,4,84,0,10,76,4,90,178,0,178,268
01/16/2002,SPG,FL,ASO,ES,Federal Contract Tower,0,0,12,0,12,0,16,132,2,150,0,16,144,2,162,128,0,128,290
01/17/2002,SPG,FL,ASO,ES,Federal Contract Tower,0,3,23,0,26,0,7,24,0,31,0,10,47,0,57,60,0,60,117
01/18/2002,SPG,FL,ASO,ES,Federal Contract Tower,0,0,6,0,6,0,14,130,6,150,0,14,136,6,156,164,2,166,322
01/19/2002,SPG,FL,ASO,ES,Federal Contract Tower,0,0,15,0,15,0,8,158,2,168,0,8,173,2,183,166,0,166,349
01/20/2002,SPG,FL,ASO,ES,Federal Contract Tower,0,0,10,0,10,0,8,77,4,89,0,8,87,4,99,140,0,140,239
01/21/2002,SPG,FL,ASO,ES,Federal Contract Tower,0,0,18,0,18,0,8,49,0,57,0,8,67,0,75,82,0,82,157
01/22/2002,SPG,FL,ASO,ES,Federal Contract Tower,0,2,11,0,13,0,6,43,0,49,0,8,54,0,62,70,0,70,132
01/23/2002,SPG,FL,ASO,ES,Federal Contract Tower,0,4,11,0,15,0,8,96,2,106,0,12,107,2,121,88,6,94,215
01/24/2002,SPG,FL,ASO,ES,Federal Contract Tower,0,0,10,0,10,0,18,116,0,134,0,18,126,0,144,129,0,129,273
01/25/2002,SPG,FL,ASO,ES,Federal Contract Tower,0,0,19,0,19,0,23,73,1,97,0,23,92,1,116,88,2,90,206
01/26/2002,SPG,FL,ASO,ES,Federal Contract Tower,0,0,9,0,9,0,7,117,4,128,0,7,126,4,137,144,0,144,281
01/27/2002,SPG,FL,ASO,ES,Federal Contract Tower,0,0,15,0,15,0,6,56,2,64,0,6,71,2,79,118,0,118,197
01/28/2002,SPG,FL,ASO,ES,Federal Contract Tower,0,1,11,2,14,0,11,78,6,95,0,12,89,8,109,102,0,102,211
01/29/2002,SPG,FL,ASO,ES,Federal Contract Tower,0,0,20,0,20,0,14,100,4,118,0,14,120,4,138,150,0,150,288
01/30/2002,SPG,FL,ASO,ES,Federal Contract Tower,0,0,10,0,10,0,7,120,6,133,0,7,130,6,143,82,4,86,229
01/31/2002,SPG,FL,ASO,ES,Federal Contract Tower,0,0,14,0,14,0,11,80,4,95,0,11,94,4,109,156,4,160,269
02/01/2002,SPG,FL,ASO,ES,Federal Contract Tower,0,0,7,0,7,0,6,123,6,135,0,6,130,6,142,112,0,112,254
02/02/2002,SPG,FL,ASO,ES,Federal Contract Tower,0,0,17,0,17,0,8,102,2,112,0,8,119,2,129,92,14,106,235
02/03/2002,SPG,FL,ASO,ES,Federal Contract Tower,0,0,11,0,11,0,14,149,0,163,0,14,160,0,174,120,0,120,294
02/04/2002,SPG,FL,ASO,ES,Federal Contract Tower,0,0,8,0,8,0,9,103,16,128,0,9,111,16,136,180,58,238,374
02/05/2002,SPG,FL,ASO,ES,Federal Contract Tower,0,0,10,0,10,0,8,104,8,120,0,8,114,8,130,150,16,166,296
02/06/2002,SPG,FL,ASO,ES,Federal Contract Tower,0,0,11,0,11,0,6,107,0,113,0,6,118,0,124,118,0,118,242
02/07/2002,SPG,FL,ASO,ES,Federal Contract Tower,0,0,5,0,5,0,6,7,2,15,0,6,12,2,20,4,0,4,24
02/08/2002,SPG,FL,ASO,ES,Federal Contract Tower,0,1,15,0,16,0,17,173,4,194,0,18,188,4,210,264,0,264,474
02/09/2002,SPG,FL,ASO,ES,Federal Contract Tower,0,0,11,0,11,0,14,98,0,112,0,14,109,0,123,210,0,210,333
02/10/2002,SPG,FL,ASO,ES,Federal Contract Tower,0,0,20,0,20,0,4,24,2,30,0,4,44,2,50,52,32,84,134
02/11/2002,SPG,FL,ASO,ES,Federal Contract Tower,0,0,7,0,7,0,2,106,8,116,0,2,113,8,123,234,0,234,357
02/12/2002,SPG,FL,ASO,ES,Federal Contract Tower,0,0,3,0,3,0,17,126,2,145,0,17,129,2,148,228,16,244,392
02/13/2002,SPG,FL,ASO,ES,Federal Contract Tower,0,0,10,0,10,0,4,96,12,112,0,4,106,12,122,110,54,164,286
02/14/2002,SPG,FL,ASO,ES,Federal Contract Tower,0,0,13,0,13,0,12,74,2,88,0,12,87,2,101,124,6,130,231
02/15/2002,SPG,FL,ASO,ES,Federal Contract Tower,0,0,9,0,9,0,12,130,2,144,0,12,139,2,153,162,0,162,315
02/16/2002,SPG,FL,ASO,ES,Federal Contract Tower,0,0,19,0,19,0,16,97,0,113,0,16,116,0,132,170,0,170,302
02/17/2002,SPG,FL,ASO,ES,Federal Contract Tower,0,0,13,0,13,0,15,145,2,162,0,15,158,2,175,228,0,228,403
02/18/2002,SPG,FL,ASO,ES,Federal Contract Tower,0,0,10,0,10,0,4,104,0,108,0,4,114,0,118,154,0,154,272
02/19/2002,SPG,FL,ASO,ES,Federal Contract Tower,0,0,8,0,8,0,14,94,2,110,0,14,102,2,118,97,0,97,215
02/20/2002,SPG,FL,ASO,ES,Federal Contract Tower,0,0,9,0,9,0,4,102,4,110,0,4,111,4,119,170,0,170,289
02/21/2002,SPG,FL,ASO,ES,Federal Contract Tower,0,0,17,1,18,0,6,84,1,91,0,6,101,2,109,90,2,92,201
02/22/2002,SPG,FL,ASO,ES,Federal Contract Tower,0,0,16,0,16,0,6,6,0,12,0,6,22,0,28,14,0,14,42
02/23/2002,SPG,FL,ASO,ES,Federal Contract Tower,0,0,6,0,6,0,5,0,0,5,0,5,6,0,11,4,0,4,15
02/24/2002,SPG,FL,ASO,ES,Federal Contract Tower,0,0,13,0,13,0,9,161,0,170,0,9,174,0,183,186,0,186,369
02/25/2002,SPG,FL,ASO,ES,Federal Contract Tower,0,0,9,0,9,0,6,106,0,112,0,6,115,0,121,214,0,214,335
02/26/2002,SPG,FL,ASO,ES,Federal Contract Tower,0,0,5,0,5,0,16,128,7,151,0,16,133,7,156,176,0,176,332
02/27/2002,SPG,FL,ASO,ES,Federal Contract Tower,0,0,11,0,11,0,11,42,10,63,0,11,53,10,74,62,230,292,366
02/28/2002,SPG,FL,ASO,ES,Federal Contract Tower,0,0,8,0,8,0,8,91,12,111,0,8,99,12,119,254,0,254,373
03/01/2002,SPG,FL,ASO,ES,Federal Contract Tower,0,0,6,0,6,0,10,79,4,93,0,10,85,4,99,98,0,98,197
03/02/2002,SPG,FL,ASO,ES,Federal Contract Tower,0,0,4,0,4,0,8,38,0,46,0,8,42,0,50,44,0,44,94
03/03/2002,SPG,FL,ASO,ES,Federal Contract Tower,0,0,6,0,6,0,6,23,2,31,0,6,29,2,37,48,0,48,85
03/04/2002,SPG,FL,ASO,ES,Federal Contract Tower,0,0,2,0,2,0,8,58,20,86,0,8,60,20,88,76,304,380,468
03/05/2002,SPG,FL,ASO,ES,Federal Contract Tower,0,0,7,0,7,0,14,111,4,129,0,14,118,4,136,240,0,240,376
03/06/2002,SPG,FL,ASO,ES,Federal Contract Tower,0,0,3,0,3,0,15,124,4,143,0,15,127,4,146,196,0,196,342
03/07/2002,SPG,FL,ASO,ES,Federal Contract Tower,0,0,7,0,7,0,6,89,9,104,0,6,96,9,111,168,0,168,279
03/08/2002,SPG,FL,ASO,ES,Federal Contract Tower,0,0,17,0,17,0,6,68,4,78,0,6,85,4,95,198,2,200,295
03/09/2002,SPG,FL,ASO,ES,Federal Contract Tower,0,0,7,0,7,0,16,127,0,143,0,16,134,0,150,132,0,132,282
03/10/2002,SPG,FL,ASO,ES,Federal Contract Tower,0,0,10,0,10,0,10,100,0,110,0,10,110,0,120,196,0,196,316
03/11/2002,SPG,FL,ASO,ES,Federal Contract Tower,0,0,10,0,10,0,16,126,5,147,0,16,136,5,157,190,8,198,355
03/12/2002,SPG,FL,ASO,ES,Federal Contract Tower,0,1,13,0,14,0,15,102,2,119,0,16,115,2,133,100,0,100,233
03/13/2002,SPG,FL,ASO,ES,Federal Contract Tower,0,0,19,0,19,0,8,89,4,101,0,8,108,4,120,178,2,180,300
03/14/2002,SPG,FL,ASO,ES,Federal Contract Tower,0,0,21,0,21,0,10,100,4,114,0,10,121,4,135,170,0,170,305
03/15/2002,SPG,FL,ASO,ES,Federal Contract Tower,0,2,24,0,26,0,7,118,4,129,0,9,142,4,155,150,22,172,327
03/16/2002,SPG,FL,ASO,ES,Federal Contract Tower,0,0,8,0,8,0,14,130,0,144,0,14,138,0,152,236,0,236,388
03/17/2002,SPG,FL,ASO,ES,Federal Contract Tower,0,0,10,0,10,0,10,125,4,139,0,10,135,4,149,224,0,224,373
03/18/2002,SPG,FL,ASO,ES,Federal Contract Tower,0,0,7,0,7,0,16,83,8,107,0,16,90,8,114,138,0,138,252
03/19/2002,SPG,FL,ASO,ES,Federal Contract Tower,0,0,9,0,9,0,12,123,8,143,0,12,132,8,152,174,0,174,326
03/20/2002,SPG,FL,ASO,ES,Federal Contract Tower,0,0,7,0,7,0,14,90,1,105,0,14,97,1,112,208,0,208,320
03/21/2002,SPG,FL,ASO,ES,Federal Contract Tower,0,0,16,0,16,0,7,30,4,41,0,7,46,4,57,26,0,26,83
03/22/2002,SPG,FL,ASO,ES,Federal Contract Tower,0,0,18,0,18,0,17,130,4,151,0,17,148,4,169,142,0,142,311
03/23/2002,SPG,FL,ASO,ES,Federal Contract Tower,0,1,15,1,17,0,7,161,5,173,0,8,176,6,190,154,0,154,344
03/24/2002,SPG,FL,ASO,ES,Federal Contract Tower,0,0,10,0,10,0,8,150,2,160,0,8,160,2,170,182,0,182,352
03/25/2002,SPG,FL,ASO,ES,Federal Contract Tower,0,0,11,0,11,0,7,124,5,136,0,7,135,5,147,243,0,243,390
03/26/2002,SPG,FL,ASO,ES,Federal Contract Tower,0,0,6,0,6,0,10,107,0,117,0,10,113,0,123,152,0,152,275
03/27/2002,SPG,FL,ASO,ES,Federal Contract Tower,0,2,14,0,16,0,12,116,8,136,0,14,130,8,152,192,0,192,344
03/28/2002,SPG,FL,ASO,ES,Federal Contract Tower,0,2,20,0,22,0,14,139,4,157,0,16,159,4,179,238,0,238,417
03/29/2002,SPG,FL,ASO,ES,Federal Contract Tower,0,0,18,0,18,0,16,129,2,147,0,16,147,2,165,166,0,166,331
03/30/2002,SPG,FL,ASO,ES,Federal Contract Tower,0,0,17,0,17,0,9,147,0,156,0,9,164,0,173,168,0,168,341
03/31/2002,SPG,FL,ASO,ES,Federal Contract Tower,0,0,12,0,12,0,18,83,0,101,0,18,95,0,113,190,0,190,303
04/01/2002,SPG,FL,ASO,ES,Federal Contract Tower,0,0,24,0,24,0,14,99,4,117,0,14,123,4,141,170,0,170,311
04/02/2002,SPG,FL,ASO,ES,Federal Contract Tower,0,0,7,0,7,0,12,96,0,108,0,12,103,0,115,154,0,154,269
04/03/2002,SPG,FL,ASO,ES,Federal Contract Tower,0,0,10,0,10,0,7,39,4,50,0,7,49,4,60,102,0,102,162
04/04/2002,SPG,FL,ASO,ES,Federal Contract Tower,0,0,15,0,15,0,34,81,7,122,0,34,96,7,137,186,2,188,325
04/05/2002,SPG,FL,ASO,ES,Federal Contract Tower,0,0,31,0,31,0,11,124,2,137,0,11,155,2,168,134,0,134,302
04/06/2002,SPG,FL,ASO,ES,Federal Contract Tower,0,0,16,0,16,0,12,143,8,163,0,12,159,8,179,296,0,296,475
04/07/2002,SPG,FL,ASO,ES,Federal Contract Tower,0,6,17,0,23,0,0,119,6,125,0,6,136,6,148,110,0,110,258
04/08/2002,SPG,FL,ASO,ES,Federal Contract Tower,0,0,3,0,3,0,8,138,7,153,0,8,141,7,156,166,6,172,328
04/09/2002,SPG,FL,ASO,ES,Federal Contract Tower,0,1,10,0,11,0,15,133,0,148,0,16,143,0,159,164,0,164,323
04/10/2002,SPG,FL,ASO,ES,Federal Contract Tower,0,1,10,0,11,0,26,109,0,135,0,27,119,0,146,208,0,208,354
04/11/2002,SPG,FL,ASO,ES,Federal Contract Tower,0,1,18,0,19,0,27,69,7,103,0,28,87,7,122,208,14,222,344
04/12/2002,SPG,FL,ASO,ES,Federal Contract Tower,0,0,3,0,3,0,9,122,0,131,0,9,125,0,134,124,0,124,258
04/13/2002,SPG,FL,ASO,ES,Federal Contract Tower,0,0,3,0,3,0,10,93,0,103,0,10,96,0,106,184,0,184,290
04/14/2002,SPG,FL,ASO,ES,Federal Contract Tower,0,0,3,0,3,0,2,131,2,135,0,2,134,2,138,148,0,148,286
04/15/2002,SPG,FL,ASO,ES,Federal Contract Tower,0,1,5,0,6,0,15,117,0,132,0,16,122,0,138,170,0,170,308
04/16/2002,SPG,FL,ASO,ES,Federal Contract Tower,0,2,17,0,19,0,10,96,4,110,0,12,113,4,129,200,22,222,351
04/17/2002,SPG,FL,ASO,ES,Federal Contract Tower,0,3,11,0,14,0,12,78,5,95,0,15,89,5,109,198,20,218,327
04/18/2002,SPG,FL,ASO,ES,Federal Contract Tower,0,0,7,0,7,0,20,123,2,145,0,20,130,2,152,203,2,205,357
04/19/2002,SPG,FL,ASO,ES,Federal Contract Tower,0,0,9,0,9,0,7,124,4,135,0,7,133,4,144,192,0,192,336
04/20/2002,SPG,FL,ASO,ES,Federal Contract Tower,0,0,11,0,11,0,8,124,2,134,0,8,135,2,145,238,0,238,383
04/21/2002,SPG,FL,ASO,ES,Federal Contract Tower,0,0,15,0,15,0,16,122,2,140,0,16,137,2,155,152,0,152,307
04/22/2002,SPG,FL,ASO,ES,Federal Contract Tower,0,0,3,0,3,0,16,123,2,141,0,16,126,2,144,276,0,276,420
04/23/2002,SPG,FL,ASO,ES,Federal Contract Tower,0,1,13,0,14,0,3,97,2,102,0,4,110,2,116,252,12,264,380
04/24/2002,SPG,FL,ASO,ES,Federal Contract Tower,0,0,5,0,5,0,16,112,3,131,0,16,117,3,136,236,0,236,372
04/25/2002,SPG,FL,ASO,ES,Federal Contract Tower,0,0,10,0,10,0,9,111,2,122,0,9,121,2,132,190,0,190,322
04/26/2002,SPG,FL,ASO,ES,Federal Contract Tower,0,0,11,0,11,0,11,94,2,107,0,11,105,2,118,144,0,144,262
04/27/2002,SPG,FL,ASO,ES,Federal Contract Tower,0,0,8,0,8,0,12,115,8,135,0,12,123,8,143,182,0,182,325
04/28/2002,SPG,FL,ASO,ES,Federal Contract Tower,0,0,7,0,7,0,10,127,4,141,0,10,134,4,148,170,0,170,318
04/29/2002,SPG,FL,ASO,ES,Federal Contract Tower,0,2,8,0,10,0,14,93,3,110,0,16,101,3,120,236,0,236,356
04/30/2002,SPG,FL,ASO,ES,Federal Contract Tower,0,0,5,0,5,0,18,94,11,123,0,18,99,11,128,150,38,188,316
05/01/2002,SPG,FL,ASO,ES,Federal Contract Tower,0,0,7,0,7,0,27,100,2,129,0,27,107,2,136,206,0,206,342
05/02/2002,SPG,FL,ASO,ES,Federal Contract Tower,0,0,10,0,10,0,13,88,2,103,0,13,98,2,113,132,0,132,245
05/03/2002,SPG,FL,ASO,ES,Federal Contract Tower,0,0,13,0,13,0,9,111,2,122,0,9,124,2,135,110,0,110,245
05/04/2002,SPG,FL,ASO,ES,Federal Contract Tower,0,0,10,0,10,0,37,121,6,164,0,37,131,6,174,130,0,130,304
05/05/2002,SPG,FL,ASO,ES,Federal Contract Tower,0,0,10,0,10,0,24,119,0,143,0,24,129,0,153,130,0,130,283
05/06/2002,SPG,FL,ASO,ES,Federal Contract Tower,0,2,9,0,11,0,8,118,8,134,0,10,127,8,145,224,0,224,369
05/07/2002,SPG,FL,ASO,ES,Federal Contract Tower,0,0,11,0,11,0,12,117,2,131,0,12,128,2,142,168,0,168,310
05/08/2002,SPG,FL,ASO,ES,Federal Contract Tower,0,0,7,0,7,0,10,104,4,118,0,10,111,4,125,230,0,230,355
05/09/2002,SPG,FL,ASO,ES,Federal Contract Tower,0,0,5,0,5,0,11,136,6,153,0,11,141,6,158,158,44,202,360
05/10/2002,SPG,FL,ASO,ES,Federal Contract Tower,0,0,11,0,11,0,10,121,0,131,0,10,132,0,142,102,0,102,244
05/11/2002,SPG,FL,ASO,ES,Federal Contract Tower,0,0,11,0,11,0,6,114,4,124,0,6,125,4,135,142,0,142,277
05/12/2002,SPG,FL,ASO,ES,Federal Contract Tower,0,0,4,0,4,0,10,110,8,128,0,10,114,8,132,146,28,174,306
05/13/2002,SPG,FL,ASO,ES,Federal Contract Tower,0,0,5,0,5,0,10,113,5,128,0,10,118,5,133,140,22,162,295
05/14/2002,SPG,FL,ASO,ES,Federal Contract Tower,0,0,5,0,5,0,16,95,0,111,0,16,100,0,116,162,0,162,278
05/15/2002,SPG,FL,ASO,ES,Federal Contract Tower,0,0,8,0,8,0,12,113,13,138,0,12,121,13,146,146,20,166,312
05/16/2002,SPG,FL,ASO,ES,Federal Contract Tower,0,0,8,0,8,0,13,78,0,91,0,13,86,0,99,134,0,134,233
05/17/2002,SPG,FL,ASO,ES,Federal Contract Tower,0,0,9,0,9,0,13,100,12,125,0,13,109,12,134,118,0,118,252
05/18/2002,SPG,FL,ASO,ES,Federal Contract Tower,0,0,14,0,14,0,8,86,4,98,0,8,100,4,112,140,0,140,252
05/19/2002,SPG,FL,ASO,ES,Federal Contract Tower,0,1,12,0,13,0,3,47,2,52,0,4,59,2,65,98,0,98,163
05/20/2002,SPG,FL,ASO,ES,Federal Contract Tower,0,0,2,0,2,0,16,102,2,120,0,16,104,2,122,154,0,154,276
05/21/2002,SPG,FL,ASO,ES,Federal Contract Tower,0,0,7,0,7,0,14,113,5,132,0,14,120,5,139,124,0,124,263
05/22/2002,SPG,FL,ASO,ES,Federal Contract Tower,0,0,10,0,10,0,8,60,6,74,0,8,70,6,84,118,10,128,212
05/23/2002,SPG,FL,ASO,ES,Federal Contract Tower,0,0,7,0,7,0,23,88,2,113,0,23,95,2,120,112,0,112,232
05/24/2002,SPG,FL,ASO,ES,Federal Contract Tower,0,0,12,0,12,0,10,149,4,163,0,10,161,4,175,232,0,232,407
05/25/2002,SPG,FL,ASO,ES,Federal Contract Tower,0,0,8,0,8,0,4,154,3,161,0,4,162,3,169,146,0,146,315
05/26/2002,SPG,FL,ASO,ES,Federal Contract Tower,0,0,3,0,3,0,10,111,0,121,0,10,114,0,124,198,0,198,322
05/27/2002,SPG,FL,ASO,ES,Federal Contract Tower,0,0,8,0,8,0,12,123,0,135,0,12,131,0,143,190,0,190,333
05/28/2002,SPG,FL,ASO,ES,Federal Contract Tower,0,0,9,0,9,0,10,89,4,103,0,10,98,4,112,180,0,180,292
05/29/2002,SPG,FL,ASO,ES,Federal Contract Tower,0,0,14,0,14,0,12,91,6,109,0,12,105,6,123,206,12,218,341
05/30/2002,SPG,FL,ASO,ES,Federal Contract Tower,0,0,11,0,11,0,15,95,4,114,0,15,106,4,125,160,0,160,285
05/31/2002,SPG,FL,ASO,ES,Federal Contract Tower,0,1,16,0,17,0,17,94,4,115,0,18,110,4,132,172,2,174,306
06/01/2002,SPG,FL,ASO,ES,Federal Contract Tower,0,0,7,0,7,0,6,123,6,135,0,6,130,6,142,190,10,200,342
06/02/2002,SPG,FL,ASO,ES,Federal Contract Tower,0,0,7,0,7,0,9,113,2,124,0,9,120,2,131,192,0,192,323
06/03/2002,SPG,FL,ASO,ES,Federal Contract Tower,0,0,10,0,10,0,9,105,4,118,0,9,115,4,128,228,4,232,360
06/04/2002,SPG,FL,ASO,ES,Federal Contract Tower,0,0,7,0,7,0,11,101,3,115,0,11,108,3,122,232,0,232,354
06/05/2002,SPG,FL,ASO,ES,Federal Contract Tower,0,0,12,0,12,0,18,85,4,107,0,18,97,4,119,158,14,172,291
06/06/2002,SPG,FL,ASO,ES,Federal Contract Tower,0,0,6,0,6,0,15,113,0,128,0,15,119,0,134,141,0,141,275
06/07/2002,SPG,FL,ASO,ES,Federal Contract Tower,0,0,9,0,9,0,2,77,8,87,0,2,86,8,96,176,10,186,282
06/08/2002,SPG,FL,ASO,ES,Federal Contract Tower,0,0,8,0,8,0,8,68,2,78,0,8,76,2,86,166,8,174,260
06/09/2002,SPG,FL,ASO,ES,Federal Contract Tower,0,0,10,0,10,0,8,74,0,82,0,8,84,0,92,176,0,176,268
06/10/2002,SPG,FL,ASO,ES,Federal Contract Tower,0,3,9,0,12,0,6,126,4,136,0,9,135,4,148,194,0,194,342
06/11/2002,SPG,FL,ASO,ES,Federal Contract Tower,0,0,5,0,5,0,20,90,6,116,0,20,95,6,121,116,16,132,253
06/12/2002,SPG,FL,ASO,ES,Federal Contract Tower,0,2,15,0,17,0,10,78,0,88,0,12,93,0,105,212,12,224,329
06/13/2002,SPG,FL,ASO,ES,Federal Contract Tower,0,0,6,0,6,0,24,107,2,133,0,24,113,2,139,164,0,164,303
06/14/2002,SPG,FL,ASO,ES,Federal Contract Tower,0,1,16,0,17,0,7,111,4,122,0,8,127,4,139,118,0,118,257
06/15/2002,SPG,FL,ASO,ES,Federal Contract Tower,0,0,9,1,10,0,2,95,13,110,0,2,104,14,120,178,0,178,298
06/16/2002,SPG,FL,ASO,ES,Federal Contract Tower,0,0,11,0,11,0,8,111,2,121,0,8,122,2,132,194,4,198,330
06/17/2002,SPG,FL,ASO,ES,Federal Contract Tower,0,1,2,0,3,0,15,109,8,132,0,16,111,8,135,180,0,180,315
06/18/2002,SPG,FL,ASO,ES,Federal Contract Tower,0,0,8,0,8,0,0,65,0,65,0,0,73,0,73,102,0,102,175
06/19/2002,SPG,FL,ASO,ES,Federal Contract Tower,0,0,8,0,8,0,14,91,6,111,0,14,99,6,119,190,8,198,317
06/20/2002,SPG,FL,ASO,ES,Federal Contract Tower,0,0,18,0,18,0,28,69,2,99,0,28,87,2,117,142,0,142,259
06/21/2002,SPG,FL,ASO,ES,Federal Contract Tower,0,0,8,0,8,0,7,88,8,103,0,7,96,8,111,220,0,220,331
06/22/2002,SPG,FL,ASO,ES,Federal Contract Tower,0,0,8,0,8,0,2,66,2,70,0,2,74,2,78,230,0,230,308
06/23/2002,SPG,FL,ASO,ES,Federal Contract Tower,0,0,5,0,5,0,10,122,4,136,0,10,127,4,141,262,0,262,403
06/24/2002,SPG,FL,ASO,ES,Federal Contract Tower,0,0,4,0,4,0,8,81,4,93,0,8,85,4,97,238,16,254,351
06/25/2002,SPG,FL,ASO,ES,Federal Contract Tower,0,0,17,0,17,0,6,97,2,105,0,6,114,2,122,172,6,178,300
06/26/2002,SPG,FL,ASO,ES,Federal Contract Tower,0,0,20,0,20,0,7,141,8,156,0,7,161,8,176,230,6,236,412
06/27/2002,SPG,FL,ASO,ES,Federal Contract Tower,0,0,11,0,11,0,11,278,18,307,0,11,289,18,318,156,4,160,478
06/28/2002,SPG,FL,ASO,ES,Federal Contract Tower,0,0,7,0,7,0,12,182,20,214,0,12,189,20,221,136,2,138,359
06/29/2002,SPG,FL,ASO,ES,Federal Contract Tower,0,1,4,0,5,0,1,235,7,243,0,2,239,7,248,190,2,192,440
06/30/2002,SPG,FL,ASO,ES,Federal Contract Tower,0,2,15,0,17,0,2,195,6,203,0,4,210,6,220,170,16,186,406
07/01/2002,SPG,FL,ASO,ES,Federal Contract Tower,0,4,10,0,14,0,4,94,4,102,0,8,104,4,116,120,0,120,236
07/02/2002,SPG,FL,ASO,ES,Federal Contract Tower,0,2,9,0,11,0,14,106,6,126,0,16,115,6,137,196,0,196,333
07/03/2002,SPG,FL,ASO,ES,Federal Contract Tower,0,5,10,0,15,0,13,153,2,168,0,18,163,2,183,264,0,264,447
07/04/2002,SPG,FL,ASO,ES,Federal Contract Tower,0,0,8,0,8,0,11,92,2,105,0,11,100,2,113,194,0,194,307
07/05/2002,SPG,FL,ASO,ES,Federal Contract Tower,0,0,11,0,11,0,1,80,4,85,0,1,91,4,96,178,0,178,274
07/06/2002,SPG,FL,ASO,ES,Federal Contract Tower,0,0,10,0,10,0,2,105,6,113,0,2,115,6,123,118,4,122,245
07/07/2002,SPG,FL,ASO,ES,Federal Contract Tower,0,0,10,0,10,0,6,107,8,121,0,6,117,8,131,162,38,200,331
07/08/2002,SPG,FL,ASO,ES,Federal Contract Tower,0,0,8,0,8,0,10,93,4,107,0,10,101,4,115,140,0,140,255
07/09/2002,SPG,FL,ASO,ES,Federal Contract Tower,0,0,4,0,4,0,11,87,0,98,0,11,91,0,102,162,0,162,264
07/10/2002,SPG,FL,ASO,ES,Federal Contract Tower,0,0,4,0,4,0,0,105,16,121,0,0,109,16,125,184,4,188,313
07/11/2002,SPG,FL,ASO,ES,Federal Contract Tower,0,0,5,0,5,0,13,68,4,85,0,13,73,4,90,138,0,138,228
07/12/2002,SPG,FL,ASO,ES,Federal Contract Tower,0,0,5,0,5,0,12,42,2,56,0,12,47,2,61,76,0,76,137
07/13/2002,SPG,FL,ASO,ES,Federal Contract Tower,0,0,9,0,9,0,6,35,0,41,0,6,44,0,50,50,0,50,100
07/14/2002,SPG,FL,ASO,ES,Federal Contract Tower,0,1,3,0,4,0,11,142,8,161,0,12,145,8,165,176,0,176,341
07/15/2002,SPG,FL,ASO,ES,Federal Contract Tower,0,0,0,0,0,0,25,111,0,136,0,25,111,0,136,216,0,216,352
07/16/2002,SPG,FL,ASO,ES,Federal Contract Tower,0,2,12,0,14,0,2,136,2,140,0,4,148,2,154,246,2,248,402
07/17/2002,SPG,FL,ASO,ES,Federal Contract Tower,0,0,12,0,12,0,16,95,6,117,0,16,107,6,129,198,18,216,345
07/18/2002,SPG,FL,ASO,ES,Federal Contract Tower,0,0,11,0,11,0,4,92,2,98,0,4,103,2,109,134,0,134,243
07/19/2002,SPG,FL,ASO,ES,Federal Contract Tower,0,0,8,0,8,0,7,105,3,115,0,7,113,3,123,84,4,88,211
07/20/2002,SPG,FL,ASO,ES,Federal Contract Tower,0,0,7,0,7,0,21,123,6,150,0,21,130,6,157,164,10,174,331
07/21/2002,SPG,FL,ASO,ES,Federal Contract Tower,0,1,5,0,6,0,7,111,0,118,0,8,116,0,124,208,0,208,332
07/22/2002,SPG,FL,ASO,ES,Federal Contract Tower,0,0,3,0,3,0,8,90,6,104,0,8,93,6,107,154,36,190,297
07/23/2002,SPG,FL,ASO,ES,Federal Contract Tower,0,0,8,0,8,0,12,86,1,99,0,12,94,1,107,166,30,196,303
07/24/2002,SPG,FL,ASO,ES,Federal Contract Tower,0,0,5,0,5,0,9,120,2,131,0,9,125,2,136,224,0,224,360
07/25/2002,SPG,FL,ASO,ES,Federal Contract Tower,0,0,3,0,3,0,10,114,0,124,0,10,117,0,127,154,0,154,281
07/26/2002,SPG,FL,ASO,ES,Federal Contract Tower,0,0,3,0,3,0,12,117,2,131,0,12,120,2,134,128,2,130,264
07/27/2002,SPG,FL,ASO,ES,Federal Contract Tower,0,0,10,0,10,0,6,105,0,111,0,6,115,0,121,186,0,186,307
07/28/2002,SPG,FL,ASO,ES,Federal Contract Tower,0,0,5,0,5,0,12,82,4,98,0,12,87,4,103,153,0,153,256
07/29/2002,SPG,FL,ASO,ES,Federal Contract Tower,0,1,7,0,8,0,9,109,0,118,0,10,116,0,126,160,0,160,286
07/30/2002,SPG,FL,ASO,ES,Federal Contract Tower,0,0,6,0,6,0,10,126,2,138,0,10,132,2,144,170,0,170,314
07/31/2002,SPG,FL,ASO,ES,Federal Contract Tower,0,0,11,0,11,0,10,111,2,123,0,10,122,2,134,226,0,226,360
08/01/2002,SPG,FL,ASO,ES,Federal Contract Tower,0,0,10,0,10,0,12,80,6,98,0,12,90,6,108,174,0,174,282
08/02/2002,SPG,FL,ASO,ES,Federal Contract Tower,0,0,3,0,3,0,6,56,0,62,0,6,59,0,65,78,0,78,143
08/03/2002,SPG,FL,ASO,ES,Federal Contract Tower,0,0,14,0,14,0,2,83,2,87,0,2,97,2,101,108,8,116,217
08/04/2002,SPG,FL,ASO,ES,Federal Contract Tower,0,0,7,0,7,0,8,128,0,136,0,8,135,0,143,240,0,240,383
08/05/2002,SPG,FL,ASO,ES,Federal Contract Tower,0,0,8,0,8,0,11,101,4,116,0,11,109,4,124,224,0,224,348
08/06/2002,SPG,FL,ASO,ES,Federal Contract Tower,0,0,8,0,8,0,10,87,1,98,0,10,95,1,106,120,0,120,226
08/07/2002,SPG,FL,ASO,ES,Federal Contract Tower,0,1,13,0,14,0,11,57,0,68,0,12,70,0,82,106,0,106,188
08/08/2002,SPG,FL,ASO,ES,Federal Contract Tower,0,1,11,0,12,0,13,131,2,146,0,14,142,2,158,176,0,176,334
08/09/2002,SPG,FL,ASO,ES,Federal Contract Tower,0,0,14,0,14,0,14,102,4,120,0,14,116,4,134,122,0,122,256
08/10/2002,SPG,FL,ASO,ES,Federal Contract Tower,0,0,5,0,5,0,8,140,4,152,0,8,145,4,157,196,0,196,353
08/11/2002,SPG,FL,ASO,ES,Federal Contract Tower,0,0,7,0,7,0,10,138,2,150,0,10,145,2,157,150,0,150,307
08/12/2002,SPG,FL,ASO,ES,Federal Contract Tower,0,2,4,0,6,0,8,63,3,74,0,10,67,3,80,154,16,170,250
08/13/2002,SPG,FL,ASO,ES,Federal Contract Tower,0,2,8,0,10,0,13,92,9,114,0,15,100,9,124,166,6,172,296
08/14/2002,SPG,FL,ASO,ES,Federal Contract Tower,0,0,7,0,7,0,7,125,2,134,0,7,132,2,141,214,0,214,355
08/15/2002,SPG,FL,ASO,ES,Federal Contract Tower,0,0,4,0,4,0,14,92,4,110,0,14,96,4,114,134,0,134,248
08/16/2002,SPG,FL,ASO,ES,Federal Contract Tower,0,0,5,0,5,0,7,119,6,132,0,7,124,6,137,142,20,162,299
08/17/2002,SPG,FL,ASO,ES,Federal Contract Tower,0,0,14,0,14,0,13,110,8,131,0,13,124,8,145,160,20,180,325
08/18/2002,SPG,FL,ASO,ES,Federal Contract Tower,0,0,7,0,7,0,6,131,6,143,0,6,138,6,150,188,0,188,338
08/19/2002,SPG,FL,ASO,ES,Federal Contract Tower,0,6,5,0,11,0,3,99,8,110,0,9,104,8,121,205,0,205,326
08/20/2002,SPG,FL,ASO,ES,Federal Contract Tower,0,2,8,0,10,0,7,65,4,76,0,9,73,4,86,78,0,78,164
08/21/2002,SPG,FL,ASO,ES,Federal Contract Tower,0,2,7,0,9,0,11,91,7,109,0,13,98,7,118,150,32,182,300
08/22/2002,SPG,FL,ASO,ES,Federal Contract Tower,0,1,7,0,8,0,20,155,0,175,0,21,162,0,183,172,0,172,355
08/23/2002,SPG,FL,ASO,ES,Federal Contract Tower,0,0,10,0,10,0,20,91,4,115,0,20,101,4,125,220,14,234,359
08/24/2002,SPG,FL,ASO,ES,Federal Contract Tower,0,0,2,0,2,0,2,100,6,108,0,2,102,6,110,194,44,238,348
08/25/2002,SPG,FL,ASO,ES,Federal Contract Tower,0,0,4,0,4,0,6,152,0,158,0,6,156,0,162,204,0,204,366
08/26/2002,SPG,FL,ASO,ES,Federal Contract Tower,0,2,5,0,7,0,10,88,4,102,0,12,93,4,109,182,8,190,299
08/27/2002,SPG,FL,ASO,ES,Federal Contract Tower,0,3,3,0,6,0,10,41,0,51,0,13,44,0,57,44,0,44,101
08/28/2002,SPG,FL,ASO,ES,Federal Contract Tower,0,3,6,0,9,0,9,71,2,82,0,12,77,2,91,162,0,162,253
08/29/2002,SPG,FL,ASO,ES,Federal Contract Tower,0,0,11,0,11,0,26,69,2,97,0,26,80,2,108,64,0,64,172
08/30/2002,SPG,FL,ASO,ES,Federal Contract Tower,0,0,6,0,6,0,13,67,2,82,0,13,73,2,88,60,0,60,148
08/31/2002,SPG,FL,ASO,ES,Federal Contract Tower,0,0,5,0,5,0,5,96,4,105,0,5,101,4,110,172,0,172,282
09/01/2002,SPG,FL,ASO,ES,Federal Contract Tower,0,1,4,0,5,0,9,70,6,85,0,10,74,6,90,116,0,116,206
09/02/2002,SPG,FL,ASO,ES,Federal Contract Tower,0,2,10,0,12,0,13,108,0,121,0,15,118,0,133,176,0,176,309
09/03/2002,SPG,FL,ASO,ES,Federal Contract Tower,0,1,3,0,4,0,8,81,4,93,0,9,84,4,97,100,0,100,197
09/04/2002,SPG,FL,ASO,ES,Federal Contract Tower,0,1,6,0,7,0,8,84,10,102,0,9,90,10,109,88,36,124,233
09/05/2002,SPG,FL,ASO,ES,Federal Contract Tower,0,1,4,0,5,0,11,56,0,67,0,12,60,0,72,48,0,48,120
09/06/2002,SPG,FL,ASO,ES,Federal Contract Tower,0,0,9,0,9,0,4,75,6,85,0,4,84,6,94,88,2,90,184
09/07/2002,SPG,FL,ASO,ES,Federal Contract Tower,0,0,4,0,4,0,7,111,2,120,0,7,115,2,124,112,0,112,236
09/08/2002,SPG,FL,ASO,ES,Federal Contract Tower,0,0,10,0,10,0,9,103,2,114,0,9,113,2,124,181,0,181,305
09/09/2002,SPG,FL,ASO,ES,Federal Contract Tower,0,0,11,0,11,0,17,109,8,134,0,17,120,8,145,206,0,206,351
09/10/2002,SPG,FL,ASO,ES,Federal Contract Tower,0,0,8,0,8,0,14,92,2,108,0,14,100,2,116,92,4,96,212
09/11/2002,SPG,FL,ASO,ES,Federal Contract Tower,0,3,3,0,6,0,10,13,10,33,0,13,16,10,39,22,0,22,61
09/12/2002,SPG,FL,ASO,ES,Federal Contract Tower,0,0,8,0,8,0,8,52,2,62,0,8,60,2,70,68,0,68,138
09/13/2002,SPG,FL,ASO,ES,Federal Contract Tower,0,0,6,1,7,0,4,47,3,54,0,4,53,4,61,36,0,36,97
09/14/2002,SPG,FL,ASO,ES,Federal Contract Tower,0,0,6,0,6,0,2,81,2,85,0,2,87,2,91,128,0,128,219
09/15/2002,SPG,FL,ASO,ES,Federal Contract Tower,0,0,7,0,7,0,5,117,2,124,0,5,124,2,131,194,0,194,325
09/16/2002,SPG,FL,ASO,ES,Federal Contract Tower,0,4,10,0,14,0,2,103,5,110,0,6,113,5,124,202,2,204,328
09/17/2002,SPG,FL,ASO,ES,Federal Contract Tower,0,1,5,0,6,0,11,74,4,89,0,12,79,4,95,184,18,202,297
09/18/2002,SPG,FL,ASO,ES,Federal Contract Tower,0,2,11,0,13,0,10,113,4,127,0,12,124,4,140,96,0,96,236
09/19/2002,SPG,FL,ASO,ES,Federal Contract Tower,0,0,10,0,10,0,8,85,4,97,0,8,95,4,107,78,2,80,187
09/20/2002,SPG,FL,ASO,ES,Federal Contract Tower,0,0,10,0,10,0,9,73,3,85,0,9,83,3,95,72,16,88,183
09/21/2002,SPG,FL,ASO,ES,Federal Contract Tower,0,0,8,0,8,0,0,122,2,124,0,0,130,2,132,162,0,162,294
09/22/2002,SPG,FL,ASO,ES,Federal Contract Tower,0,0,7,0,7,0,8,105,2,115,0,8,112,2,122,222,6,228,350
09/23/2002,SPG,FL,ASO,ES,Federal Contract Tower,0,0,5,0,5,0,11,91,3,105,0,11,96,3,110,166,0,166,276
09/24/2002,SPG,FL,ASO,ES,Federal Contract Tower,0,3,3,0,6,0,17,62,3,82,0,20,65,3,88,64,0,64,152
09/25/2002,SPG,FL,ASO,ES,Federal Contract Tower,0,0,7,0,7,0,2,54,6,62,0,2,61,6,69,74,28,102,171
09/26/2002,SPG,FL,ASO,ES,Federal Contract Tower,0,0,8,0,8,0,13,34,2,49,0,13,42,2,57,18,44,62,119
09/27/2002,SPG,FL,ASO,ES,Federal Contract Tower,0,0,11,0,11,0,10,101,0,111,0,10,112,0,122,50,0,50,172
09/28/2002,SPG,FL,ASO,ES,Federal Contract Tower,0,0,7,0,7,0,10,117,8,135,0,10,124,8,142,136,0,136,278
09/29/2002,SPG,FL,ASO,ES,Federal Contract Tower,0,0,4,0,4,0,11,129,0,140,0,11,133,0,144,198,0,198,342
09/30/2002,SPG,FL,ASO,ES,Federal Contract Tower,0,1,18,0,19,0,17,68,12,97,0,18,86,12,116,74,12,86,202
10/01/2002,SPG,FL,ASO,ES,Federal Contract Tower,0,0,6,0,6,0,10,84,6,100,0,10,90,6,106,134,0,134,240
10/02/2002,SPG,FL,ASO,ES,Federal Contract Tower,0,0,8,0,8,0,13,83,7,103,0,13,91,7,111,104,0,104,215
10/03/2002,SPG,FL,ASO,ES,Federal Contract Tower,0,0,8,0,8,0,9,88,4,101,0,9,96,4,109,92,0,92,201
10/04/2002,SPG,FL,ASO,ES,Federal Contract Tower,0,0,6,0,6,0,11,96,10,117,0,11,102,10,123,82,0,82,205
10/05/2002,SPG,FL,ASO,ES,Federal Contract Tower,0,0,9,0,9,0,9,108,2,119,0,9,117,2,128,178,0,178,306
10/06/2002,SPG,FL,ASO,ES,Federal Contract Tower,0,0,3,0,3,0,10,128,2,140,0,10,131,2,143,202,0,202,345
10/07/2002,SPG,FL,ASO,ES,Federal Contract Tower,0,0,3,0,3,0,22,93,8,123,0,22,96,8,126,208,0,208,334
10/08/2002,SPG,FL,ASO,ES,Federal Contract Tower,0,0,12,0,12,0,6,106,4,116,0,6,118,4,128,180,32,212,340
10/09/2002,SPG,FL,ASO,ES,Federal Contract Tower,0,0,8,0,8,0,17,104,1,122,0,17,112,1,130,148,14,162,292
10/10/2002,SPG,FL,ASO,ES,Federal Contract Tower,0,0,9,0,9,0,11,88,0,99,0,11,97,0,108,110,0,110,218
10/11/2002,SPG,FL,ASO,ES,Federal Contract Tower,0,0,8,0,8,0,24,107,4,135,0,24,115,4,143,168,0,168,311
10/12/2002,SPG,FL,ASO,ES,Federal Contract Tower,0,0,8,0,8,0,15,119,0,134,0,15,127,0,142,174,0,174,316
10/13/2002,SPG,FL,ASO,ES,Federal Contract Tower,0,0,9,0,9,0,8,146,2,156,0,8,155,2,165,270,0,270,435
10/14/2002,SPG,FL,ASO,ES,Federal Contract Tower,0,0,13,0,13,0,8,73,0,81,0,8,86,0,94,128,0,128,222
10/15/2002,SPG,FL,ASO,ES,Federal Contract Tower,0,0,13,0,13,0,14,32,6,52,0,14,45,6,65,58,0,58,123
10/16/2002,SPG,FL,ASO,ES,Federal Contract Tower,0,0,14,0,14,0,7,98,4,109,0,7,112,4,123,84,0,84,207
10/17/2002,SPG,FL,ASO,ES,Federal Contract Tower,0,0,5,0,5,0,22,120,2,144,0,22,125,2,149,212,0,212,361
10/18/2002,SPG,FL,ASO,ES,Federal Contract Tower,0,0,12,0,12,0,17,150,6,173,0,17,162,6,185,96,0,96,281
10/19/2002,SPG,FL,ASO,ES,Federal Contract Tower,0,0,7,0,7,0,6,141,2,149,0,6,148,2,156,212,0,212,368
10/20/2002,SPG,FL,ASO,ES,Federal Contract Tower,0,0,11,0,11,0,8,144,0,152,0,8,155,0,163,184,0,184,347
10/21/2002,SPG,FL,ASO,ES,Federal Contract Tower,0,1,9,0,10,0,14,118,9,141,0,15,127,9,151,204,44,248,399
10/22/2002,SPG,FL,ASO,ES,Federal Contract Tower,0,1,9,0,10,0,7,103,4,114,0,8,112,4,124,154,24,178,302
10/23/2002,SPG,FL,ASO,ES,Federal Contract Tower,0,3,8,0,11,0,3,76,6,85,0,6,84,6,96,96,38,134,230
10/24/2002,SPG,FL,ASO,ES,Federal Contract Tower,0,0,13,0,13,0,10,103,2,115,0,10,116,2,128,58,0,58,186
10/25/2002,SPG,FL,ASO,ES,Federal Contract Tower,0,0,16,0,16,0,19,116,2,137,0,19,132,2,153,114,0,114,267
10/26/2002,SPG,FL,ASO,ES,Federal Contract Tower,0,0,12,0,12,0,5,135,0,140,0,5,147,0,152,214,0,214,366
10/27/2002,SPG,FL,ASO,ES,Federal Contract Tower,0,0,7,0,7,0,19,93,4,116,0,19,100,4,123,242,0,242,365
10/28/2002,SPG,FL,ASO,ES,Federal Contract Tower,0,0,7,0,7,0,10,86,8,104,0,10,93,8,111,120,38,158,269
10/29/2002,SPG,FL,ASO,ES,Federal Contract Tower,0,0,3,0,3,0,13,102,2,117,0,13,105,2,120,184,0,184,304
10/30/2002,SPG,FL,ASO,ES,Federal Contract Tower,0,0,6,0,6,0,20,91,8,119,0,20,97,8,125,194,0,194,319
10/31/2002,SPG,FL,ASO,ES,Federal Contract Tower,0,0,8,0,8,0,12,116,6,134,0,12,124,6,142,138,0,138,280
11/01/2002,SPG,FL,ASO,ES,Federal Contract Tower,0,1,10,0,11,0,1,73,0,74,0,2,83,0,85,78,0,78,163
11/02/2002,SPG,FL,ASO,ES,Federal Contract Tower,0,1,12,0,13,0,17,132,0,149,0,18,144,0,162,198,0,198,360
11/03/2002,SPG,FL,ASO,ES,Federal Contract Tower,0,0,9,0,9,0,19,160,3,182,0,19,169,3,191,290,0,290,481
11/04/2002,SPG,FL,ASO,ES,Federal Contract Tower,0,0,6,0,6,0,12,134,10,156,0,12,140,10,162,308,2,310,472
11/05/2002,SPG,FL,ASO,ES,Federal Contract Tower,0,0,5,0,5,0,4,81,8,93,0,4,86,8,98,112,0,112,210
11/06/2002,SPG,FL,ASO,ES,Federal Contract Tower,0,1,9,0,10,0,11,118,10,139,0,12,127,10,149,188,0,188,337
11/07/2002,SPG,FL,ASO,ES,Federal Contract Tower,0,0,7,0,7,0,11,45,11,67,0,11,52,11,74,20,26,46,120
11/08/2002,SPG,FL,ASO,ES,Federal Contract Tower,0,2,14,0,16,0,14,121,4,139,0,16,135,4,155,144,0,144,299
11/09/2002,SPG,FL,ASO,ES,Federal Contract Tower,0,1,8,0,9,0,18,140,1,159,0,19,148,1,168,176,0,176,344
11/10/2002,SPG,FL,ASO,ES,Federal Contract Tower,0,0,13,0,13,0,10,150,6,166,0,10,163,6,179,198,0,198,377
11/11/2002,SPG,FL,ASO,ES,Federal Contract Tower,0,0,7,0,7,0,8,82,0,90,0,8,89,0,97,124,0,124,221
11/12/2002,SPG,FL,ASO,ES,Federal Contract Tower,0,0,13,0,13,0,13,50,4,67,0,13,63,4,80,74,0,74,154
11/13/2002,SPG,FL,ASO,ES,Federal Contract Tower,0,0,4,0,4,0,8,64,3,75,0,8,68,3,79,76,0,76,155
11/14/2002,SPG,FL,ASO,ES,Federal Contract Tower,0,0,14,0,14,0,4,118,0,122,0,4,132,0,136,126,0,126,262
11/15/2002,SPG,FL,ASO,ES,Federal Contract Tower,0,0,15,0,15,0,9,101,19,129,0,9,116,19,144,180,20,200,344
11/16/2002,SPG,FL,ASO,ES,Federal Contract Tower,0,0,2,0,2,0,0,1,0,1,0,0,3,0,3,0,0,0,3
11/17/2002,SPG,FL,ASO,ES,Federal Contract Tower,0,0,7,0,7,0,8,61,0,69,0,8,68,0,76,60,0,60,136
11/18/2002,SPG,FL,ASO,ES,Federal Contract Tower,0,0,3,0,3,0,2,107,5,114,0,2,110,5,117,172,2,174,291
11/19/2002,SPG,FL,ASO,ES,Federal Contract Tower,0,0,5,0,5,0,18,114,6,138,0,18,119,6,143,150,0,150,293
11/20/2002,SPG,FL,ASO,ES,Federal Contract Tower,0,0,15,0,15,0,11,129,7,147,0,11,144,7,162,158,18,176,338
11/21/2002,SPG,FL,ASO,ES,Federal Contract Tower,0,0,17,0,17,0,10,91,1,102,0,10,108,1,119,124,30,154,273
11/22/2002,SPG,FL,ASO,ES,Federal Contract Tower,0,0,7,0,7,0,8,98,2,108,0,8,105,2,115,90,20,110,225
11/23/2002,SPG,FL,ASO,ES,Federal Contract Tower,0,0,15,0,15,0,14,150,4,168,0,14,165,4,183,166,0,166,349
11/24/2002,SPG,FL,ASO,ES,Federal Contract Tower,0,0,15,0,15,0,12,179,6,197,0,12,194,6,212,274,0,274,486
11/25/2002,SPG,FL,ASO,ES,Federal Contract Tower,0,0,3,0,3,0,20,108,3,131,0,20,111,3,134,158,0,158,292
11/26/2002,SPG,FL,ASO,ES,Federal Contract Tower,0,0,7,0,7,0,12,121,6,139,0,12,128,6,146,190,0,190,336
11/27/2002,SPG,FL,ASO,ES,Federal Contract Tower,0,1,15,0,16,0,12,148,14,174,0,13,163,14,190,312,0,312,502
11/28/2002,SPG,FL,ASO,ES,Federal Contract Tower,0,0,5,0,5,0,12,84,0,96,0,12,89,0,101,104,0,104,205
11/29/2002,SPG,FL,ASO,ES,Federal Contract Tower,0,0,7,0,7,0,17,143,2,162,0,17,150,2,169,190,0,190,359
11/30/2002,SPG,FL,ASO,ES,Federal Contract Tower,0,0,11,0,11,0,11,138,7,156,0,11,149,7,167,140,52,192,359
12/01/2002,SPG,FL,ASO,ES,Federal Contract Tower,0,0,16,0,16,0,13,93,4,110,0,13,109,4,126,121,0,121,247
12/02/2002,SPG,FL,ASO,ES,Federal Contract Tower,0,0,5,0,5,0,19,108,10,137,0,19,113,10,142,190,26,216,358
12/03/2002,SPG,FL,ASO,ES,Federal Contract Tower,0,1,8,0,9,0,11,116,10,137,0,12,124,10,146,214,0,214,360
12/04/2002,SPG,FL,ASO,ES,Federal Contract Tower,0,0,4,0,4,0,12,113,0,125,0,12,117,0,129,144,0,144,273
12/05/2002,SPG,FL,ASO,ES,Federal Contract Tower,0,0,18,0,18,0,0,7,0,7,0,0,25,0,25,0,0,0,25
12/06/2002,SPG,FL,ASO,ES,Federal Contract Tower,0,1,18,0,19,0,8,15,4,27,0,9,33,4,46,36,12,48,94
12/07/2002,SPG,FL,ASO,ES,Federal Contract Tower,0,0,6,0,6,0,15,141,0,156,0,15,147,0,162,132,0,132,294
12/08/2002,SPG,FL,ASO,ES,Federal Contract Tower,0,0,6,0,6,0,10,118,8,136,0,10,124,8,142,192,0,192,334
12/09/2002,SPG,FL,ASO,ES,Federal Contract Tower,0,0,5,0,5,0,1,5,0,6,0,1,10,0,11,4,0,4,15
12/10/2002,SPG,FL,ASO,ES,Federal Contract Tower,0,0,9,0,9,0,6,37,6,49,0,6,46,6,58,140,0,140,198
12/11/2002,SPG,FL,ASO,ES,Federal Contract Tower,0,2,13,0,15,0,10,103,10,123,0,12,116,10,138,162,6,168,306
12/12/2002,SPG,FL,ASO,ES,Federal Contract Tower,0,0,16,0,16,0,2,27,6,35,0,2,43,6,51,82,0,82,133
12/13/2002,SPG,FL,ASO,ES,Federal Contract Tower,0,0,8,0,8,0,11,29,0,40,0,11,37,0,48,18,0,18,66
12/14/2002,SPG,FL,ASO,ES,Federal Contract Tower,0,0,9,0,9,0,12,69,6,87,0,12,78,6,96,116,0,116,212
12/15/2002,SPG,FL,ASO,ES,Federal Contract Tower,0,0,4,0,4,0,9,97,4,110,0,9,101,4,114,90,12,102,216
12/16/2002,SPG,FL,ASO,ES,Federal Contract Tower,0,0,8,0,8,0,8,117,4,129,0,8,125,4,137,268,0,268,405
12/17/2002,SPG,FL,ASO,ES,Federal Contract Tower,0,0,11,0,11,0,19,126,4,149,0,19,137,4,160,212,0,212,372
12/18/2002,SPG,FL,ASO,ES,Federal Contract Tower,0,0,6,0,6,0,14,125,20,159,0,14,131,20,165,158,8,166,331
12/19/2002,SPG,FL,ASO,ES,Federal Contract Tower,0,0,6,0,6,0,12,116,8,136,0,12,122,8,142,222,4,226,368
12/20/2002,SPG,FL,ASO,ES,Federal Contract Tower,0,0,12,0,12,0,10,44,4,58,0,10,56,4,70,104,32,136,206
12/21/2002,SPG,FL,ASO,ES,Federal Contract Tower,0,0,6,0,6,0,15,140,5,160,0,15,146,5,166,162,0,162,328
12/22/2002,SPG,FL,ASO,ES,Federal Contract Tower,0,0,7,0,7,0,8,140,4,152,0,8,147,4,159,158,0,158,317
12/23/2002,SPG,FL,ASO,ES,Federal Contract Tower,0,1,7,1,9,0,15,127,6,148,0,16,134,7,157,132,0,132,289
12/24/2002,SPG,FL,ASO,ES,Federal Contract Tower,0,0,2,0,2,0,11,11,0,22,0,11,13,0,24,12,0,12,36
12/25/2002,SPG,FL,ASO,ES,Federal Contract Tower,0,0,5,0,5,0,6,7,0,13,0,6,12,0,18,12,0,12,30
12/26/2002,SPG,FL,ASO,ES,Federal Contract Tower,0,0,17,0,17,0,7,79,2,88,0,7,96,2,105,98,0,98,203
12/27/2002,SPG,FL,ASO,ES,Federal Contract Tower,0,0,19,0,19,0,4,104,4,112,0,4,123,4,131,152,0,152,283
12/28/2002,SPG,FL,ASO,ES,Federal Contract Tower,0,0,8,0,8,0,12,114,0,126,0,12,122,0,134,88,0,88,222
12/29/2002,SPG,FL,ASO,ES,Federal Contract Tower,0,0,7,0,7,0,16,151,4,171,0,16,158,4,178,154,0,154,332
12/30/2002,SPG,FL,ASO,ES,Federal Contract Tower,0,2,10,0,12,0,4,125,2,131,0,6,135,2,143,206,0,206,349
12/31/2002,SPG,FL,ASO,ES,Federal Contract Tower,0,0,0,0,0,0,5,70,2,77,0,5,70,2,77,114,18,132,209
01/01/2003,SPG,FL,ASO,ES,Federal Contract Tower,0,0,3,0,3,0,12,100,2,114,0,12,103,2,117,152,0,152,269
01/02/2003,SPG,FL,ASO,ES,Federal Contract Tower,0,0,7,0,7,0,15,119,2,136,0,15,126,2,143,172,0,172,315
01/03/2003,SPG,FL,ASO,ES,Federal Contract Tower,0,0,8,0,8,0,23,103,0,126,0,23,111,0,134,98,0,98,232
01/04/2003,SPG,FL,ASO,ES,Federal Contract Tower,0,0,11,0,11,0,2,112,0,114,0,2,123,0,125,162,0,162,287
01/05/2003,SPG,FL,ASO,ES,Federal Contract Tower,0,0,8,0,8,0,10,149,1,160,0,10,157,1,168,152,0,152,320
01/06/2003,SPG,FL,ASO,ES,Federal Contract Tower,0,2,4,0,6,0,16,94,4,114,0,18,98,4,120,198,18,216,336
01/07/2003,SPG,FL,ASO,ES,Federal Contract Tower,0,0,1,0,1,0,14,83,6,103,0,14,84,6,104,150,52,202,306
01/08/2003,SPG,FL,ASO,ES,Federal Contract Tower,0,0,6,0,6,0,12,114,9,135,0,12,120,9,141,104,0,104,245
01/09/2003,SPG,FL,ASO,ES,Federal Contract Tower,0,0,6,0,6,0,6,110,6,122,0,6,116,6,128,220,0,220,348
01/10/2003,SPG,FL,ASO,ES,Federal Contract Tower,0,0,11,0,11,0,13,92,8,113,0,13,103,8,124,158,0,158,282
01/11/2003,SPG,FL,ASO,ES,Federal Contract Tower,0,0,10,0,10,0,6,173,3,182,0,6,183,3,192,184,0,184,376
01/12/2003,SPG,FL,ASO,ES,Federal Contract Tower,0,0,5,0,5,0,14,122,9,145,0,14,127,9,150,210,0,210,360
01/13/2003,SPG,FL,ASO,ES,Federal Contract Tower,0,2,6,0,8,0,12,70,12,94,0,14,76,12,102,196,32,228,330
01/14/2003,SPG,FL,ASO,ES,Federal Contract Tower,0,0,2,0,2,0,15,109,8,132,0,15,111,8,134,214,46,260,394
01/15/2003,SPG,FL,ASO,ES,Federal Contract Tower,0,0,11,0,11,0,15,118,4,137,0,15,129,4,148,188,0,188,336
01/16/2003,SPG,FL,ASO,ES,Federal Contract Tower,0,2,5,0,7,0,12,121,18,151,0,14,126,18,158,186,60,246,404
01/17/2003,SPG,FL,ASO,ES,Federal Contract Tower,0,0,6,0,6,0,15,49,9,73,0,15,55,9,79,48,40,88,167
01/18/2003,SPG,FL,ASO,ES,Federal Contract Tower,0,0,9,0,9,0,14,93,0,107,0,14,102,0,116,106,0,106,222
01/19/2003,SPG,FL,ASO,ES,Federal Contract Tower,0,0,11,0,11,0,14,98,0,112,0,14,109,0,123,150,0,150,273
01/20/2003,SPG,FL,ASO,ES,Federal Contract Tower,0,0,4,0,4,0,18,123,2,143,0,18,127,2,147,174,0,174,321
01/21/2003,SPG,FL,ASO,ES,Federal Contract Tower,0,0,5,0,5,0,8,106,14,128,0,8,111,14,133,152,84,236,369
01/22/2003,SPG,FL,ASO,ES,Federal Contract Tower,0,0,14,0,14,0,17,88,3,108,0,17,102,3,122,124,0,124,246
01/23/2003,SPG,FL,ASO,ES,Federal Contract Tower,0,0,6,0,6,0,11,15,4,30,0,11,21,4,36,8,0,8,44
01/24/2003,SPG,FL,ASO,ES,Federal Contract Tower,0,0,8,0,8,0,24,80,11,115,0,24,88,11,123,42,12,54,177
01/25/2003,SPG,FL,ASO,ES,Federal Contract Tower,0,0,8,0,8,0,7,112,0,119,0,7,120,0,127,98,0,98,225
01/26/2003,SPG,FL,ASO,ES,Federal Contract Tower,0,0,10,0,10,0,18,123,2,143,0,18,133,2,153,206,26,232,385
01/27/2003,SPG,FL,ASO,ES,Federal Contract Tower,0,0,7,0,7,0,18,87,13,118,0,18,94,13,125,91,44,135,260
01/28/2003,SPG,FL,ASO,ES,Federal Contract Tower,0,0,9,0,9,0,12,91,5,108,0,12,100,5,117,126,8,134,251
01/29/2003,SPG,FL,ASO,ES,Federal Contract Tower,0,0,7,0,7,0,7,111,7,125,0,7,118,7,132,158,32,190,322
01/30/2003,SPG,FL,ASO,ES,Federal Contract Tower,0,0,11,0,11,0,12,104,10,126,0,12,115,10,137,160,8,168,305
01/31/2003,SPG,FL,ASO,ES,Federal Contract Tower,0,0,3,1,4,0,15,126,19,160,0,15,129,20,164,188,32,220,384
02/01/2003,SPG,FL,ASO,ES,Federal Contract Tower,0,0,9,0,9,0,6,121,0,127,0,6,130,0,136,130,0,130,266
02/02/2003,SPG,FL,ASO,ES,Federal Contract Tower,0,0,6,0,6,0,10,159,0,169,0,10,165,0,175,168,0,168,343
02/03/2003,SPG,FL,ASO,ES,Federal Contract Tower,0,0,4,0,4,0,10,88,8,106,0,10,92,8,110,112,8,120,230
02/04/2003,SPG,FL,ASO,ES,Federal Contract Tower,0,2,6,0,8,0,2,78,4,84,0,4,84,4,92,76,0,76,168
02/05/2003,SPG,FL,ASO,ES,Federal Contract Tower,0,1,6,0,7,0,14,138,17,169,0,15,144,17,176,242,18,260,436
02/06/2003,SPG,FL,ASO,ES,Federal Contract Tower,0,0,12,0,12,0,12,126,12,150,0,12,138,12,162,170,42,212,374
02/07/2003,SPG,FL,ASO,ES,Federal Contract Tower,0,0,21,0,21,0,4,45,7,56,0,4,66,7,77,86,0,86,163
02/08/2003,SPG,FL,ASO,ES,Federal Contract Tower,0,0,7,0,7,0,7,88,4,99,0,7,95,4,106,74,0,74,180
02/09/2003,SPG,FL,ASO,ES,Federal Contract Tower,0,0,17,0,17,0,0,0,0,0,0,0,17,0,17,0,0,0,17
02/10/2003,SPG,FL,ASO,ES,Federal Contract Tower,0,0,7,0,7,0,2,32,3,37,0,2,39,3,44,34,2,36,80
02/11/2003,SPG,FL,ASO,ES,Federal Contract Tower,0,0,6,0,6,0,22,179,13,214,0,22,185,13,220,306,24,330,550
02/12/2003,SPG,FL,ASO,ES,Federal Contract Tower,0,4,10,0,14,0,5,174,13,192,0,9,184,13,206,144,0,144,350
02/13/2003,SPG,FL,ASO,ES,Federal Contract Tower,0,0,10,0,10,0,12,148,9,169,0,12,158,9,179,188,2,190,369
02/14/2003,SPG,FL,ASO,ES,Federal Contract Tower,0,0,19,0,19,0,19,111,15,145,0,19,130,15,164,184,0,184,348
02/15/2003,SPG,FL,ASO,ES,Federal Contract Tower,0,0,4,0,4,0,18,163,0,181,0,18,167,0,185,182,0,182,367
02/16/2003,SPG,FL,ASO,ES,Federal Contract Tower,0,0,16,0,16,0,2,18,0,20,0,2,34,0,36,30,0,30,66
02/17/2003,SPG,FL,ASO,ES,Federal Contract Tower,0,0,5,0,5,0,8,46,2,56,0,8,51,2,61,8,0,8,69
02/18/2003,SPG,FL,ASO,ES,Federal Contract Tower,0,0,5,0,5,0,12,142,6,160,0,12,147,6,165,200,0,200,365
02/19/2003,SPG,FL,ASO,ES,Federal Contract Tower,0,0,9,0,9,0,12,122,4,138,0,12,131,4,147,180,0,180,327
02/20/2003,SPG,FL,ASO,ES,Federal Contract Tower,0,0,8,0,8,0,8,124,4,136,0,8,132,4,144,146,2,148,292
02/21/2003,SPG,FL,ASO,ES,Federal Contract Tower,0,1,14,0,15,0,8,90,4,102,0,9,104,4,117,148,0,148,265
02/22/2003,SPG,FL,ASO,ES,Federal Contract Tower,0,0,7,0,7,0,2,51,0,53,0,2,58,0,60,110,0,110,170
02/23/2003,SPG,FL,ASO,ES,Federal Contract Tower,0,0,8,0,8,0,7,201,4,212,0,7,209,4,220,148,0,148,368
02/24/2003,SPG,FL,ASO,ES,Federal Contract Tower,0,0,14,0,14,0,2,114,8,124,0,2,128,8,138,200,0,200,338
02/25/2003,SPG,FL,ASO,ES,Federal Contract Tower,0,2,7,0,9,0,1,127,8,136,0,3,134,8,145,214,18,232,377
02/26/2003,SPG,FL,ASO,ES,Federal Contract Tower,0,0,11,0,11,0,26,131,2,159,0,26,142,2,170,216,26,242,412
02/27/2003,SPG,FL,ASO,ES,Federal Contract Tower,0,0,28,1,29,0,3,24,3,30,0,3,52,4,59,74,0,74,133
02/28/2003,SPG,FL,ASO,ES,Federal Contract Tower,0,0,9,0,9,0,0,5,0,5,0,0,14,0,14,0,0,0,14
03/01/2003,SPG,FL,ASO,ES,Federal Contract Tower,0,0,14,0,14,0,2,28,2,32,0,2,42,2,46,94,0,94,140
03/02/2003,SPG,FL,ASO,ES,Federal Contract Tower,0,0,11,0,11,0,0,10,2,12,0,0,21,2,23,0,0,0,23
03/03/2003,SPG,FL,ASO,ES,Federal Contract Tower,0,0,8,0,8,0,0,104,14,118,0,0,112,14,126,204,0,204,330
03/04/2003,SPG,FL,ASO,ES,Federal Contract Tower,0,3,5,3,11,0,6,34,3,43,0,9,39,6,54,34,0,34,88
03/05/2003,SPG,FL,ASO,ES,Federal Contract Tower,0,0,16,0,16,0,15,142,29,186,0,15,158,29,202,126,40,166,368
03/06/2003,SPG,FL,ASO,ES,Federal Contract Tower,0,0,11,0,11,0,23,143,8,174,0,23,154,8,185,176,52,228,413
03/07/2003,SPG,FL,ASO,ES,Federal Contract Tower,0,0,10,0,10,0,12,119,4,135,0,12,129,4,145,236,0,236,381
03/08/2003,SPG,FL,ASO,ES,Federal Contract Tower,0,0,14,0,14,0,16,59,4,79,0,16,73,4,93,172,0,172,265
03/09/2003,SPG,FL,ASO,ES,Federal Contract Tower,0,0,6,0,6,0,2,107,0,109,0,2,113,0,115,106,0,106,221
03/10/2003,SPG,FL,ASO,ES,Federal Contract Tower,0,2,12,0,14,0,13,129,12,154,0,15,141,12,168,162,0,162,330
03/11/2003,SPG,FL,ASO,ES,Federal Contract Tower,0,3,5,0,8,0,11,108,7,126,0,14,113,7,134,176,0,176,310
03/12/2003,SPG,FL,ASO,ES,Federal Contract Tower,0,0,2,0,2,0,21,133,13,167,0,21,135,13,169,300,14,314,483
03/13/2003,SPG,FL,ASO,ES,Federal Contract Tower,0,0,12,0,12,0,12,129,2,143,0,12,141,2,155,150,2,152,307
03/14/2003,SPG,FL,ASO,ES,Federal Contract Tower,0,0,11,0,11,0,6,137,12,155,0,6,148,12,166,192,0,192,358
03/15/2003,SPG,FL,ASO,ES,Federal Contract Tower,0,0,11,0,11,0,8,135,4,147,0,8,146,4,158,186,0,186,344
03/16/2003,SPG,FL,ASO,ES,Federal Contract Tower,0,0,13,0,13,0,8,98,2,108,0,8,111,2,121,198,0,198,319
03/17/2003,SPG,FL,ASO,ES,Federal Contract Tower,0,1,6,0,7,0,5,51,8,64,0,6,57,8,71,78,20,98,169
03/18/2003,SPG,FL,ASO,ES,Federal Contract Tower,0,2,7,0,9,0,4,113,10,127,0,6,120,10,136,134,28,162,298
03/19/2003,SPG,FL,ASO,ES,Federal Contract Tower,0,2,20,0,22,0,2,76,14,92,0,4,96,14,114,106,0,106,220
03/20/2003,SPG,FL,ASO,ES,Federal Contract Tower,0,0,15,0,15,0,5,63,6,74,0,5,78,6,89,108,0,108,197
03/21/2003,SPG,FL,ASO,ES,Federal Contract Tower,0,1,14,3,18,0,6,40,3,49,0,7,54,6,67,32,0,32,99
03/22/2003,SPG,FL,ASO,ES,Federal Contract Tower,0,0,15,0,15,0,25,154,4,183,0,25,169,4,198,264,0,264,462
03/23/2003,SPG,FL,ASO,ES,Federal Contract Tower,0,0,10,0,10,0,0,10,0,10,0,0,20,0,20,0,0,0,20
03/24/2003,SPG,FL,ASO,ES,Federal Contract Tower,0,1,8,0,9,0,12,127,12,151,0,13,135,12,160,184,0,184,344
03/25/2003,SPG,FL,ASO,ES,Federal Contract Tower,0,2,11,0,13,0,6,168,12,186,0,8,179,12,199,218,0,218,417
03/26/2003,SPG,FL,ASO,ES,Federal Contract Tower,0,1,10,0,11,0,14,109,20,143,0,15,119,20,154,132,36,168,322
03/27/2003,SPG,FL,ASO,ES,Federal Contract Tower,0,0,10,0,10,0,19,91,8,118,0,19,101,8,128,138,2,140,268
03/28/2003,SPG,FL,ASO,ES,Federal Contract Tower,0,0,17,0,17,0,5,111,17,133,0,5,128,17,150,178,10,188,338
03/29/2003,SPG,FL,ASO,ES,Federal Contract Tower,0,0,12,0,12,0,13,226,16,255,0,13,238,16,267,210,0,210,477
03/30/2003,SPG,FL,ASO,ES,Federal Contract Tower,0,0,21,0,21,0,8,22,0,30,0,8,43,0,51,32,0,32,83
03/31/2003,SPG,FL,ASO,ES,Federal Contract Tower,0,0,7,0,7,0,4,90,12,106,0,4,97,12,113,80,0,80,193
04/01/2003,SPG,FL,ASO,ES,Federal Contract Tower,0,0,11,0,11,0,32,114,16,162,0,32,125,16,173,156,36,192,365
04/02/2003,SPG,FL,ASO,ES,Federal Contract Tower,0,0,10,0,10,0,20,120,4,144,0,20,130,4,154,142,0,142,296
04/03/2003,SPG,FL,ASO,ES,Federal Contract Tower,0,0,4,0,4,0,11,156,14,181,0,11,160,14,185,138,24,162,347
04/04/2003,SPG,FL,ASO,ES,Federal Contract Tower,0,0,9,0,9,0,8,139,6,153,0,8,148,6,162,144,0,144,306
04/05/2003,SPG,FL,ASO,ES,Federal Contract Tower,0,0,6,0,6,0,14,189,2,205,0,14,195,2,211,180,0,180,391
04/06/2003,SPG,FL,ASO,ES,Federal Contract Tower,0,0,14,0,14,0,12,173,2,187,0,12,187,2,201,180,0,180,381
04/07/2003,SPG,FL,ASO,ES,Federal Contract Tower,0,1,9,0,10,0,13,116,13,142,0,14,125,13,152,184,18,202,354
04/08/2003,SPG,FL,ASO,ES,Federal Contract Tower,0,0,12,0,12,0,11,92,8,111,0,11,104,8,123,108,0,108,231
04/09/2003,SPG,FL,ASO,ES,Federal Contract Tower,0,0,14,0,14,0,2,79,6,87,0,2,93,6,101,60,0,60,161
04/10/2003,SPG,FL,ASO,ES,Federal Contract Tower,0,0,12,0,12,0,14,62,2,78,0,14,74,2,90,46,0,46,136
04/11/2003,SPG,FL,ASO,ES,Federal Contract Tower,0,0,15,0,15,0,14,86,14,114,0,14,101,14,129,72,42,114,243
04/12/2003,SPG,FL,ASO,ES,Federal Contract Tower,0,0,6,0,6,0,12,149,1,162,0,12,155,1,168,116,0,116,284
04/13/2003,SPG,FL,ASO,ES,Federal Contract Tower,0,0,13,0,13,0,20,165,4,189,0,20,178,4,202,218,0,218,420
04/14/2003,SPG,FL,ASO,ES,Federal Contract Tower,0,1,5,0,6,0,13,99,5,117,0,14,104,5,123,180,0,180,303
04/15/2003,SPG,FL,ASO,ES,Federal Contract Tower,0,1,6,0,7,0,8,123,4,135,0,9,129,4,142,156,0,156,298
04/16/2003,SPG,FL,ASO,ES,Federal Contract Tower,0,4,8,0,12,0,14,123,14,151,0,18,131,14,163,112,0,112,275
04/17/2003,SPG,FL,ASO,ES,Federal Contract Tower,0,0,10,0,10,0,6,128,10,144,0,6,138,10,154,100,4,104,258
04/18/2003,SPG,FL,ASO,ES,Federal Contract Tower,0,0,12,0,12,0,4,146,4,154,0,4,158,4,166,142,0,142,308
04/19/2003,SPG,FL,ASO,ES,Federal Contract Tower,0,0,7,0,7,0,11,152,7,170,0,11,159,7,177,202,0,202,379
04/20/2003,SPG,FL,ASO,ES,Federal Contract Tower,0,0,4,0,4,0,18,118,0,136,0,18,122,0,140,163,0,163,303
04/21/2003,SPG,FL,ASO,ES,Federal Contract Tower,0,2,10,0,12,0,9,107,6,122,0,11,117,6,134,170,0,170,304
04/22/2003,SPG,FL,ASO,ES,Federal Contract Tower,0,0,20,0,20,0,14,84,10,108,0,14,104,10,128,116,4,120,248
04/23/2003,SPG,FL,ASO,ES,Federal Contract Tower,0,0,15,0,15,0,18,129,4,151,0,18,144,4,166,162,22,184,350
04/24/2003,SPG,FL,ASO,ES,Federal Contract Tower,0,0,9,0,9,0,6,127,13,146,0,6,136,13,155,134,0,134,289
04/25/2003,SPG,FL,ASO,ES,Federal Contract Tower,0,0,14,0,14,0,9,67,2,78,0,9,81,2,92,56,0,56,148
04/26/2003,SPG,FL,ASO,ES,Federal Contract Tower,0,0,7,0,7,0,6,93,4,103,0,6,100,4,110,130,0,130,240
04/27/2003,SPG,FL,ASO,ES,Federal Contract Tower,0,0,16,0,16,0,10,157,2,169,0,10,173,2,185,134,0,134,319
04/28/2003,SPG,FL,ASO,ES,Federal Contract Tower,0,3,11,0,14,0,11,129,6,146,0,14,140,6,160,168,0,168,328
04/29/2003,SPG,FL,ASO,ES,Federal Contract Tower,0,3,9,0,12,0,3,130,4,137,0,6,139,4,149,128,0,128,277
04/30/2003,SPG,FL,ASO,ES,Federal Contract Tower,0,1,13,0,14,0,10,82,2,94,0,11,95,2,108,118,0,118,226
05/01/2003,SPG,FL,ASO,ES,Federal Contract Tower,0,0,10,0,10,0,13,64,2,79,0,13,74,2,89,42,0,42,131
05/02/2003,SPG,FL,ASO,ES,Federal Contract Tower,0,0,12,0,12,0,24,135,9,168,0,24,147,9,180,146,0,146,326
05/03/2003,SPG,FL,ASO,ES,Federal Contract Tower,0,0,9,0,9,0,8,140,4,152,0,8,149,4,161,208,0,208,369
05/04/2003,SPG,FL,ASO,ES,Federal Contract Tower,0,0,9,0,9,0,12,126,4,142,0,12,135,4,151,160,0,160,311
05/05/2003,SPG,FL,ASO,ES,Federal Contract Tower,0,2,6,0,8,0,12,122,6,140,0,14,128,6,148,68,0,68,216
05/06/2003,SPG,FL,ASO,ES,Federal Contract Tower,0,1,12,0,13,0,19,94,4,117,0,20,106,4,130,142,0,142,272
05/07/2003,SPG,FL,ASO,ES,Federal Contract Tower,0,0,13,0,13,0,8,127,8,143,0,8,140,8,156,138,4,142,298
05/08/2003,SPG,FL,ASO,ES,Federal Contract Tower,0,0,17,0,17,0,9,124,2,135,0,9,141,2,152,122,0,122,274
05/09/2003,SPG,FL,ASO,ES,Federal Contract Tower,0,0,8,0,8,0,18,104,2,124,0,18,112,2,132,74,14,88,220
05/10/2003,SPG,FL,ASO,ES,Federal Contract Tower,0,0,11,0,11,0,12,125,2,139,0,12,136,2,150,146,0,146,296
05/11/2003,SPG,FL,ASO,ES,Federal Contract Tower,0,0,7,0,7,0,10,133,4,147,0,10,140,4,154,156,0,156,310
05/12/2003,SPG,FL,ASO,ES,Federal Contract Tower,0,0,7,1,8,0,19,90,5,114,0,19,97,6,122,84,8,92,214
05/13/2003,SPG,FL,ASO,ES,Federal Contract Tower,0,0,7,0,7,0,10,92,4,106,0,10,99,4,113,184,2,186,299
05/14/2003,SPG,FL,ASO,ES,Federal Contract Tower,0,0,5,0,5,0,12,80,6,98,0,12,85,6,103,98,10,108,211
05/15/2003,SPG,FL,ASO,ES,Federal Contract Tower,0,0,10,0,10,0,14,114,5,133,0,14,124,5,143,142,22,164,307
05/16/2003,SPG,FL,ASO,ES,Federal Contract Tower,0,0,9,0,9,0,17,134,9,160,0,17,143,9,169,246,0,246,415
05/17/2003,SPG,FL,ASO,ES,Federal Contract Tower,0,0,7,0,7,0,8,106,2,116,0,8,113,2,123,154,0,154,277
05/18/2003,SPG,FL,ASO,ES,Federal Contract Tower,0,0,10,0,10,0,8,132,0,140,0,8,142,0,150,184,0,184,334
05/19/2003,SPG,FL,ASO,ES,Federal Contract Tower,0,0,4,0,4,0,12,69,6,87,0,12,73,6,91,72,2,74,165
05/20/2003,SPG,FL,ASO,ES,Federal Contract Tower,0,2,7,0,9,0,3,91,9,103,0,5,98,9,112,80,24,104,216
05/21/2003,SPG,FL,ASO,ES,Federal Contract Tower,0,2,8,0,10,0,12,96,14,122,0,14,104,14,132,124,6,130,262
05/22/2003,SPG,FL,ASO,ES,Federal Contract Tower,0,0,15,0,15,0,9,110,8,127,0,9,125,8,142,140,18,158,300
05/23/2003,SPG,FL,ASO,ES,Federal Contract Tower,0,0,8,0,8,0,11,64,2,77,0,11,72,2,85,108,0,108,193
05/24/2003,SPG,FL,ASO,ES,Federal Contract Tower,0,0,9,0,9,0,10,151,4,165,0,10,160,4,174,162,4,166,340
05/25/2003,SPG,FL,ASO,ES,Federal Contract Tower,0,0,8,0,8,0,8,120,0,128,0,8,128,0,136,252,0,252,388
05/26/2003,SPG,FL,ASO,ES,Federal Contract Tower,0,1,14,0,15,0,3,104,0,107,0,4,118,0,122,173,0,173,295
05/27/2003,SPG,FL,ASO,ES,Federal Contract Tower,0,0,6,0,6,0,0,110,8,118,0,0,116,8,124,72,8,80,204
05/28/2003,SPG,FL,ASO,ES,Federal Contract Tower,0,1,6,0,7,0,14,90,3,107,0,15,96,3,114,128,2,130,244
05/29/2003,SPG,FL,ASO,ES,Federal Contract Tower,0,0,3,0,3,0,4,110,14,128,0,4,113,14,131,94,6,100,231
05/30/2003,SPG,FL,ASO,ES,Federal Contract Tower,0,0,12,0,12,0,12,102,10,124,0,12,114,10,136,92,16,108,244
05/31/2003,SPG,FL,ASO,ES,Federal Contract Tower,0,0,2,0,2,0,16,227,0,243,0,16,229,0,245,140,0,140,385
06/01/2003,SPG,FL,ASO,ES,Federal Contract Tower,0,0,10,1,11,0,10,123,1,134,0,10,133,2,145,136,0,136,281
06/02/2003,SPG,FL,ASO,ES,Federal Contract Tower,0,0,5,2,7,0,8,97,2,107,0,8,102,4,114,100,0,100,214
06/03/2003,SPG,FL,ASO,ES,Federal Contract Tower,0,3,2,1,6,0,8,70,1,79,0,11,72,2,85,158,0,158,243
06/04/2003,SPG,FL,ASO,ES,Federal Contract Tower,0,0,7,1,8,0,4,72,29,105,0,4,79,30,113,100,32,132,245
06/05/2003,SPG,FL,ASO,ES,Federal Contract Tower,0,0,5,0,5,0,5,59,0,64,0,5,64,0,69,78,0,78,147
06/06/2003,SPG,FL,ASO,ES,Federal Contract Tower,0,0,4,1,5,0,12,128,1,141,0,12,132,2,146,174,0,174,320
06/07/2003,SPG,FL,ASO,ES,Federal Contract Tower,0,0,7,1,8,0,10,64,1,75,0,10,71,2,83,130,0,130,213
06/08/2003,SPG,FL,ASO,ES,Federal Contract Tower,0,0,13,0,13,0,10,98,2,110,0,10,111,2,123,182,0,182,305
06/09/2003,SPG,FL,ASO,ES,Federal Contract Tower,0,4,3,1,8,0,8,97,5,110,0,12,100,6,118,74,14,88,206
06/10/2003,SPG,FL,ASO,ES,Federal Contract Tower,0,0,7,1,8,0,3,98,5,106,0,3,105,6,114,136,0,136,250
06/11/2003,SPG,FL,ASO,ES,Federal Contract Tower,0,1,6,1,8,0,5,88,8,101,0,6,94,9,109,128,0,128,237
06/12/2003,SPG,FL,ASO,ES,Federal Contract Tower,0,1,5,0,6,0,14,104,0,118,0,15,109,0,124,86,0,86,210
06/13/2003,SPG,FL,ASO,ES,Federal Contract Tower,0,1,12,0,13,0,4,140,6,150,0,5,152,6,163,136,0,136,299
06/14/2003,SPG,FL,ASO,ES,Federal Contract Tower,0,1,10,0,11,0,1,186,16,203,0,2,196,16,214,156,0,156,370
06/15/2003,SPG,FL,ASO,ES,Federal Contract Tower,0,0,9,0,9,0,12,130,0,142,0,12,139,0,151,158,0,158,309
06/16/2003,SPG,FL,ASO,ES,Federal Contract Tower,0,0,13,0,13,0,8,62,12,82,0,8,75,12,95,82,0,82,177
06/17/2003,SPG,FL,ASO,ES,Federal Contract Tower,0,1,4,0,5,0,3,66,4,73,0,4,70,4,78,118,0,118,196
06/18/2003,SPG,FL,ASO,ES,Federal Contract Tower,0,0,5,0,5,0,2,24,4,30,0,2,29,4,35,22,0,22,57
06/19/2003,SPG,FL,ASO,ES,Federal Contract Tower,0,0,10,0,10,0,1,56,13,70,0,1,66,13,80,62,0,62,142
06/20/2003,SPG,FL,ASO,ES,Federal Contract Tower,0,0,9,0,9,0,4,24,4,32,0,4,33,4,41,28,0,28,69
06/21/2003,SPG,FL,ASO,ES,Federal Contract Tower,0,0,8,1,9,0,2,55,5,62,0,2,63,6,71,134,0,134,205
06/22/2003,SPG,FL,ASO,ES,Federal Contract Tower,0,0,9,0,9,0,0,18,0,18,0,0,27,0,27,18,0,18,45
06/23/2003,SPG,FL,ASO,ES,Federal Contract Tower,0,0,14,0,14,0,5,63,6,74,0,5,77,6,88,86,2,88,176
06/24/2003,SPG,FL,ASO,ES,Federal Contract Tower,0,0,3,1,4,0,2,110,13,125,0,2,113,14,129,128,40,168,297
06/25/2003,SPG,FL,ASO,ES,Federal Contract Tower,0,2,7,0,9,0,8,115,8,131,0,10,122,8,140,182,0,182,322
06/26/2003,SPG,FL,ASO,ES,Federal Contract Tower,0,0,16,0,16,0,14,120,10,144,0,14,136,10,160,112,0,112,272
06/27/2003,SPG,FL,ASO,ES,Federal Contract Tower,0,0,6,0,6,0,11,121,17,149,0,11,127,17,155,132,0,132,287
06/28/2003,SPG,FL,ASO,ES,Federal Contract Tower,0,0,11,0,11,0,11,89,4,104,0,11,100,4,115,214,0,214,329
06/29/2003,SPG,FL,ASO,ES,Federal Contract Tower,0,0,5,0,5,0,10,81,2,93,0,10,86,2,98,134,0,134,232
06/30/2003,SPG,FL,ASO,ES,Federal Contract Tower,0,4,10,0,14,0,12,74,8,94,0,16,84,8,108,130,34,164,272
07/01/2003,SPG,FL,ASO,ES,Federal Contract Tower,0,1,3,1,5,0,16,120,9,145,0,17,123,10,150,104,38,142,292
07/02/2003,SPG,FL,ASO,ES,Federal Contract Tower,0,0,16,0,16,0,15,97,12,124,0,15,113,12,140,170,18,188,328
07/03/2003,SPG,FL,ASO,ES,Federal Contract Tower,0,0,7,0,7,0,10,119,2,131,0,10,126,2,138,66,14,80,218
07/04/2003,SPG,FL,ASO,ES,Federal Contract Tower,0,0,8,0,8,0,0,111,2,113,0,0,119,2,121,164,0,164,285
07/05/2003,SPG,FL,ASO,ES,Federal Contract Tower,0,0,6,0,6,0,8,113,2,123,0,8,119,2,129,160,0,160,289
07/06/2003,SPG,FL,ASO,ES,Federal Contract Tower,0,0,8,0,8,0,10,110,0,120,0,10,118,0,128,158,0,158,286
07/07/2003,SPG,FL,ASO,ES,Federal Contract Tower,0,0,3,0,3,0,20,82,6,108,0,20,85,6,111,110,2,112,223
07/08/2003,SPG,FL,ASO,ES,Federal Contract Tower,0,1,8,0,9,0,10,127,4,141,0,11,135,4,150,124,0,124,274
07/09/2003,SPG,FL,ASO,ES,Federal Contract Tower,0,1,12,0,13,0,13,84,3,100,0,14,96,3,113,90,0,90,203
07/10/2003,SPG,FL,ASO,ES,Federal Contract Tower,0,2,7,0,9,0,16,112,6,134,0,18,119,6,143,154,0,154,297
07/11/2003,SPG,FL,ASO,ES,Federal Contract Tower,0,0,8,0,8,0,14,99,10,123,0,14,107,10,131,142,24,166,297
07/12/2003,SPG,FL,ASO,ES,Federal Contract Tower,0,0,6,0,6,0,1,91,12,104,0,1,97,12,110,136,0,136,246
07/13/2003,SPG,FL,ASO,ES,Federal Contract Tower,0,0,9,0,9,0,8,95,0,103,0,8,104,0,112,144,0,144,256
07/14/2003,SPG,FL,ASO,ES,Federal Contract Tower,0,1,6,0,7,0,1,73,4,78,0,2,79,4,85,98,24,122,207
07/15/2003,SPG,FL,ASO,ES,Federal Contract Tower,0,2,3,0,5,0,16,130,9,155,0,18,133,9,160,164,2,166,326
07/16/2003,SPG,FL,ASO,ES,Federal Contract Tower,0,1,14,0,15,0,5,84,6,95,0,6,98,6,110,94,0,94,204
07/17/2003,SPG,FL,ASO,ES,Federal Contract Tower,0,0,6,0,6,0,14,103,4,121,0,14,109,4,127,194,0,194,321
07/18/2003,SPG,FL,ASO,ES,Federal Contract Tower,0,0,11,0,11,0,4,118,8,130,0,4,129,8,141,194,32,226,367
07/19/2003,SPG,FL,ASO,ES,Federal Contract Tower,0,0,8,0,8,0,0,122,0,122,0,0,130,0,130,184,0,184,314
07/20/2003,SPG,FL,ASO,ES,Federal Contract Tower,0,0,14,0,14,0,8,121,2,131,0,8,135,2,145,142,0,142,287
07/21/2003,SPG,FL,ASO,ES,Federal Contract Tower,0,1,7,0,8,0,14,106,4,124,0,15,113,4,132,150,14,164,296
07/22/2003,SPG,FL,ASO,ES,Federal Contract Tower,0,0,6,0,6,0,10,77,4,91,0,10,83,4,97,86,16,102,199
07/23/2003,SPG,FL,ASO,ES,Federal Contract Tower,0,0,5,0,5,0,12,86,6,104,0,12,91,6,109,140,0,140,249
07/24/2003,SPG,FL,ASO,ES,Federal Contract Tower,0,4,7,0,11,0,12,141,4,157,0,16,148,4,168,172,0,172,340
07/25/2003,SPG,FL,ASO,ES,Federal Contract Tower,0,0,11,0,11,0,6,145,12,163,0,6,156,12,174,126,38,164,338
07/26/2003,SPG,FL,ASO,ES,Federal Contract Tower,0,0,15,0,15,0,8,97,0,105,0,8,112,0,120,138,0,138,258
07/27/2003,SPG,FL,ASO,ES,Federal Contract Tower,0,0,4,0,4,0,10,121,0,131,0,10,125,0,135,180,0,180,315
07/28/2003,SPG,FL,ASO,ES,Federal Contract Tower,0,0,6,0,6,0,14,78,8,100,0,14,84,8,106,114,0,114,220
07/29/2003,SPG,FL,ASO,ES,Federal Contract Tower,0,0,5,0,5,0,18,111,4,133,0,18,116,4,138,124,0,124,262
07/30/2003,SPG,FL,ASO,ES,Federal Contract Tower,0,2,7,0,9,0,11,111,2,124,0,13,118,2,133,212,0,212,345
07/31/2003,SPG,FL,ASO,ES,Federal Contract Tower,0,0,10,0,10,0,15,106,10,131,0,15,116,10,141,192,0,192,333
08/01/2003,SPG,FL,ASO,ES,Federal Contract Tower,0,1,6,0,7,0,8,127,0,135,0,9,133,0,142,132,0,132,274
08/02/2003,SPG,FL,ASO,ES,Federal Contract Tower,0,0,4,0,4,0,14,102,2,118,0,14,106,2,122,158,0,158,280
08/03/2003,SPG,FL,ASO,ES,Federal Contract Tower,0,0,8,0,8,0,11,116,0,127,0,11,124,0,135,164,0,164,299
08/04/2003,SPG,FL,ASO,ES,Federal Contract Tower,0,1,6,0,7,0,17,83,1,101,0,18,89,1,108,198,0,198,306
08/05/2003,SPG,FL,ASO,ES,Federal Contract Tower,0,0,10,0,10,0,3,105,4,112,0,3,115,4,122,22,36,58,180
08/06/2003,SPG,FL,ASO,ES,Federal Contract Tower,0,1,4,0,5,0,7,103,4,114,0,8,107,4,119,174,2,176,295
08/07/2003,SPG,FL,ASO,ES,Federal Contract Tower,0,0,4,0,4,0,11,77,4,92,0,11,81,4,96,84,0,84,180
08/08/2003,SPG,FL,ASO,ES,Federal Contract Tower,0,0,12,0,12,0,3,25,4,32,0,3,37,4,44,2,2,4,48
08/09/2003,SPG,FL,ASO,ES,Federal Contract Tower,0,0,8,0,8,0,5,39,0,44,0,5,47,0,52,32,0,32,84
08/10/2003,SPG,FL,ASO,ES,Federal Contract Tower,0,0,12,0,12,0,6,34,0,40,0,6,46,0,52,28,0,28,80
08/11/2003,SPG,FL,ASO,ES,Federal Contract Tower,0,1,8,0,9,0,9,28,2,39,0,10,36,2,48,20,0,20,68
08/12/2003,SPG,FL,ASO,ES,Federal Contract Tower,0,0,2,0,2,0,6,107,4,117,0,6,109,4,119,148,0,148,267
08/13/2003,SPG,FL,ASO,ES,Federal Contract Tower,0,1,0,0,1,0,20,147,2,169,0,21,147,2,170,204,0,204,374
08/14/2003,SPG,FL,ASO,ES,Federal Contract Tower,0,0,11,0,11,0,10,31,2,43,0,10,42,2,54,46,0,46,100
08/15/2003,SPG,FL,ASO,ES,Federal Contract Tower,0,0,4,0,4,0,10,104,8,122,0,10,108,8,126,108,0,108,234
08/16/2003,SPG,FL,ASO,ES,Federal Contract Tower,0,0,8,0,8,0,8,127,0,135,0,8,135,0,143,138,0,138,281
08/17/2003,SPG,FL,ASO,ES,Federal Contract Tower,0,0,7,0,7,0,14,153,0,167,0,14,160,0,174,136,0,136,310
08/18/2003,SPG,FL,ASO,ES,Federal Contract Tower,0,4,4,0,8,0,5,91,0,96,0,9,95,0,104,110,0,110,214
08/19/2003,SPG,FL,ASO,ES,Federal Contract Tower,0,0,12,0,12,0,12,66,0,78,0,12,78,0,90,140,0,140,230
08/20/2003,SPG,FL,ASO,ES,Federal Contract Tower,0,1,15,0,16,0,19,88,2,109,0,20,103,2,125,146,0,146,271
08/21/2003,SPG,FL,ASO,ES,Federal Contract Tower,0,0,7,0,7,0,10,56,8,74,0,10,63,8,81,98,18,116,197
08/22/2003,SPG,FL,ASO,ES,Federal Contract Tower,0,0,13,0,13,0,4,82,6,92,0,4,95,6,105,18,14,32,137
08/23/2003,SPG,FL,ASO,ES,Federal Contract Tower,0,0,9,0,9,0,8,130,0,138,0,8,139,0,147,172,0,172,319
08/24/2003,SPG,FL,ASO,ES,Federal Contract Tower,0,0,10,0,10,0,8,91,0,99,0,8,101,0,109,112,0,112,221
08/25/2003,SPG,FL,ASO,ES,Federal Contract Tower,0,0,4,0,4,0,6,90,12,108,0,6,94,12,112,64,4,68,180
08/26/2003,SPG,FL,ASO,ES,Federal Contract Tower,0,3,14,0,17,0,5,107,6,118,0,8,121,6,135,98,8,106,241
08/27/2003,SPG,FL,ASO,ES,Federal Contract Tower,0,2,5,0,7,0,18,76,2,96,0,20,81,2,103,130,0,130,233
08/28/2003,SPG,FL,ASO,ES,Federal Contract Tower,0,0,6,0,6,0,13,93,13,119,0,13,99,13,125,152,6,158,283
08/29/2003,SPG,FL,ASO,ES,Federal Contract Tower,0,0,14,0,14,0,8,117,0,125,0,8,131,0,139,78,0,78,217
08/30/2003,SPG,FL,ASO,ES,Federal Contract Tower,0,0,10,0,10,0,8,147,8,163,0,8,157,8,173,212,0,212,385
08/31/2003,SPG,FL,ASO,ES,Federal Contract Tower,0,0,5,0,5,0,6,112,10,128,0,6,117,10,133,242,20,262,395
09/01/2003,SPG,FL,ASO,ES,Federal Contract Tower,0,1,11,0,12,0,5,80,4,89,0,6,91,4,101,48,0,48,149
09/02/2003,SPG,FL,ASO,ES,Federal Contract Tower,0,0,12,0,12,0,11,77,12,100,0,11,89,12,112,64,0,64,176
09/03/2003,SPG,FL,ASO,ES,Federal Contract Tower,0,1,2,0,3,0,17,58,4,79,0,18,60,4,82,104,0,104,186
09/04/2003,SPG,FL,ASO,ES,Federal Contract Tower,0,0,0,0,0,0,8,23,0,31,0,8,23,0,31,8,0,8,39
09/05/2003,SPG,FL,ASO,ES,Federal Contract Tower,0,0,5,0,5,0,0,9,6,15,0,0,14,6,20,0,20,20,40
09/06/2003,SPG,FL,ASO,ES,Federal Contract Tower,0,0,3,0,3,0,10,55,4,69,0,10,58,4,72,84,0,84,156
09/07/2003,SPG,FL,ASO,ES,Federal Contract Tower,0,0,8,0,8,0,8,119,0,127,0,8,127,0,135,158,0,158,293
09/08/2003,SPG,FL,ASO,ES,Federal Contract Tower,0,0,5,0,5,0,4,109,4,117,0,4,114,4,122,210,0,210,332
09/09/2003,SPG,FL,ASO,ES,Federal Contract Tower,0,0,2,0,2,0,13,134,4,151,0,13,136,4,153,168,0,168,321
09/10/2003,SPG,FL,ASO,ES,Federal Contract Tower,0,0,10,0,10,0,10,95,2,107,0,10,105,2,117,156,0,156,273
09/11/2003,SPG,FL,ASO,ES,Federal Contract Tower,0,0,9,0,9,0,11,103,10,124,0,11,112,10,133,244,0,244,377
09/12/2003,SPG,FL,ASO,ES,Federal Contract Tower,0,0,12,0,12,0,11,124,0,135,0,11,136,0,147,130,0,130,277
09/13/2003,SPG,FL,ASO,ES,Federal Contract Tower,0,0,8,0,8,0,2,96,0,98,0,2,104,0,106,98,0,98,204
09/14/2003,SPG,FL,ASO,ES,Federal Contract Tower,0,0,8,0,8,0,10,106,0,116,0,10,114,0,124,188,0,188,312
09/15/2003,SPG,FL,ASO,ES,Federal Contract Tower,0,0,7,0,7,0,13,87,16,116,0,13,94,16,123,284,8,292,415
09/16/2003,SPG,FL,ASO,ES,Federal Contract Tower,0,1,12,0,13,0,18,110,7,135,0,19,122,7,148,244,0,244,392
09/17/2003,SPG,FL,ASO,ES,Federal Contract Tower,0,2,12,0,14,0,0,84,17,101,0,2,96,17,115,116,6,122,237
09/18/2003,SPG,FL,ASO,ES,Federal Contract Tower,0,0,0,0,0,0,7,114,4,125,0,7,114,4,125,112,0,112,237
09/19/2003,SPG,FL,ASO,ES,Federal Contract Tower,0,0,12,0,12,0,15,123,0,138,0,15,135,0,150,102,0,102,252
09/20/2003,SPG,FL,ASO,ES,Federal Contract Tower,0,0,11,0,11,0,5,133,0,138,0,5,144,0,149,102,0,102,251
09/21/2003,SPG,FL,ASO,ES,Federal Contract Tower,0,0,6,0,6,0,4,121,4,129,0,4,127,4,135,158,0,158,293
09/22/2003,SPG,FL,ASO,ES,Federal Contract Tower,0,0,3,0,3,0,16,80,2,98,0,16,83,2,101,120,0,120,221
09/23/2003,SPG,FL,ASO,ES,Federal Contract Tower,0,0,9,0,9,0,13,51,16,80,0,13,60,16,89,154,0,154,243
09/24/2003,SPG,FL,ASO,ES,Federal Contract Tower,0,0,7,0,7,0,8,107,18,133,0,8,114,18,140,212,34,246,386
09/25/2003,SPG,FL,ASO,ES,Federal Contract Tower,0,0,6,0,6,0,4,84,10,98,0,4,90,10,104,134,32,166,270
09/26/2003,SPG,FL,ASO,ES,Federal Contract Tower,0,0,8,0,8,0,23,71,8,102,0,23,79,8,110,128,14,142,252
09/27/2003,SPG,FL,ASO,ES,Federal Contract Tower,0,0,6,0,6,0,6,96,6,108,0,6,102,6,114,140,0,140,254
09/28/2003,SPG,FL,ASO,ES,Federal Contract Tower,0,0,6,0,6,0,6,81,2,89,0,6,87,2,95,144,0,144,239
09/29/2003,SPG,FL,ASO,ES,Federal Contract Tower,0,2,11,0,13,0,3,14,6,23,0,5,25,6,36,20,0,20,56
09/30/2003,SPG,FL,ASO,ES,Federal Contract Tower,0,0,6,0,6,0,18,86,6,110,0,18,92,6,116,94,30,124,240
10/01/2003,SPG,FL,ASO,ES,Federal Contract Tower,0,1,6,0,7,0,7,39,8,54,0,8,45,8,61,64,0,64,125
10/02/2003,SPG,FL,ASO,ES,Federal Contract Tower,0,1,2,0,3,0,11,102,4,117,0,12,104,4,120,118,0,118,238
10/03/2003,SPG,FL,ASO,ES,Federal Contract Tower,0,1,11,0,12,0,6,121,10,137,0,7,132,10,149,152,0,152,301
10/04/2003,SPG,FL,ASO,ES,Federal Contract Tower,0,1,13,0,14,0,19,74,2,95,0,20,87,2,109,102,0,102,211
10/05/2003,SPG,FL,ASO,ES,Federal Contract Tower,0,1,7,0,8,0,9,147,4,160,0,10,154,4,168,134,0,134,302
10/06/2003,SPG,FL,ASO,ES,Federal Contract Tower,0,1,6,0,7,0,21,91,16,128,0,22,97,16,135,210,4,214,349
10/07/2003,SPG,FL,ASO,ES,Federal Contract Tower,0,1,9,0,10,0,10,87,3,100,0,11,96,3,110,120,2,122,232
10/08/2003,SPG,FL,ASO,ES,Federal Contract Tower,0,1,7,0,8,0,13,125,10,148,0,14,132,10,156,190,4,194,350
10/09/2003,SPG,FL,ASO,ES,Federal Contract Tower,0,1,5,0,6,0,2,107,12,121,0,3,112,12,127,196,0,196,323
10/10/2003,SPG,FL,ASO,ES,Federal Contract Tower,0,1,12,0,13,0,7,138,0,145,0,8,150,0,158,126,0,126,284
10/11/2003,SPG,FL,ASO,ES,Federal Contract Tower,0,1,13,0,14,0,15,220,9,244,0,16,233,9,258,160,0,160,418
10/12/2003,SPG,FL,ASO,ES,Federal Contract Tower,0,1,11,0,12,0,10,91,0,101,0,11,102,0,113,136,0,136,249
10/13/2003,SPG,FL,ASO,ES,Federal Contract Tower,0,1,7,0,8,0,20,88,2,110,0,21,95,2,118,192,0,192,310
10/14/2003,SPG,FL,ASO,ES,Federal Contract Tower,0,0,16,0,16,0,12,100,4,116,0,12,116,4,132,114,0,114,246
10/15/2003,SPG,FL,ASO,ES,Federal Contract Tower,0,0,4,0,4,0,19,122,9,150,0,19,126,9,154,176,0,176,330
10/16/2003,SPG,FL,ASO,ES,Federal Contract Tower,0,0,9,0,9,0,16,105,8,129,0,16,114,8,138,100,0,100,238
10/17/2003,SPG,FL,ASO,ES,Federal Contract Tower,0,0,11,0,11,0,10,115,0,125,0,10,126,0,136,156,0,156,292
10/18/2003,SPG,FL,ASO,ES,Federal Contract Tower,0,0,18,0,18,0,26,160,17,203,0,26,178,17,221,206,0,206,427
10/19/2003,SPG,FL,ASO,ES,Federal Contract Tower,0,0,10,0,10,0,12,169,2,183,0,12,179,2,193,156,0,156,349
10/20/2003,SPG,FL,ASO,ES,Federal Contract Tower,0,0,10,0,10,0,4,115,10,129,0,4,125,10,139,148,0,148,287
10/21/2003,SPG,FL,ASO,ES,Federal Contract Tower,0,0,6,0,6,0,18,134,2,154,0,18,140,2,160,182,0,182,342
10/22/2003,SPG,FL,ASO,ES,Federal Contract Tower,0,0,7,0,7,0,10,101,4,115,0,10,108,4,122,134,0,134,256
10/23/2003,SPG,FL,ASO,ES,Federal Contract Tower,0,0,12,0,12,0,13,121,2,136,0,13,133,2,148,230,0,230,378
10/24/2003,SPG,FL,ASO,ES,Federal Contract Tower,0,0,11,0,11,0,8,137,6,151,0,8,148,6,162,184,0,184,346
10/25/2003,SPG,FL,ASO,ES,Federal Contract Tower,0,0,6,0,6,0,14,235,10,259,0,14,241,10,265,234,0,234,499
10/26/2003,SPG,FL,ASO,ES,Federal Contract Tower,0,0,13,0,13,0,8,106,6,120,0,8,119,6,133,110,0,110,243
10/27/2003,SPG,FL,ASO,ES,Federal Contract Tower,0,0,5,0,5,0,11,89,12,112,0,11,94,12,117,106,0,106,223
10/28/2003,SPG,FL,ASO,ES,Federal Contract Tower,0,0,10,0,10,0,9,40,10,59,0,9,50,10,69,58,0,58,127
10/29/2003,SPG,FL,ASO,ES,Federal Contract Tower,0,0,7,0,7,0,15,137,8,160,0,15,144,8,167,80,4,84,251
10/30/2003,SPG,FL,ASO,ES,Federal Contract Tower,0,0,12,0,12,0,18,105,6,129,0,18,117,6,141,176,0,176,317
10/31/2003,SPG,FL,ASO,ES,Federal Contract Tower,0,0,7,0,7,0,19,110,2,131,0,19,117,2,138,204,30,234,372
11/01/2003,SPG,FL,ASO,ES,Federal Contract Tower,0,1,9,0,10,0,7,116,6,129,0,8,125,6,139,190,0,190,329
11/02/2003,SPG,FL,ASO,ES,Federal Contract Tower,0,1,5,0,6,0,9,101,12,122,0,10,106,12,128,256,0,256,384
11/03/2003,SPG,FL,ASO,ES,Federal Contract Tower,0,1,15,0,16,0,15,48,10,73,0,16,63,10,89,78,28,106,195
11/04/2003,SPG,FL,ASO,ES,Federal Contract Tower,0,1,6,0,7,0,13,102,2,117,0,14,108,2,124,234,0,234,358
11/05/2003,SPG,FL,ASO,ES,Federal Contract Tower,0,1,14,0,15,0,16,73,5,94,0,17,87,5,109,144,22,166,275
11/06/2003,SPG,FL,ASO,ES,Federal Contract Tower,0,1,13,0,14,0,8,68,0,76,0,9,81,0,90,50,0,50,140
11/07/2003,SPG,FL,ASO,ES,Federal Contract Tower,0,1,16,0,17,0,7,101,6,114,0,8,117,6,131,112,0,112,243
11/08/2003,SPG,FL,ASO,ES,Federal Contract Tower,0,1,11,0,12,0,17,159,0,176,0,18,170,0,188,240,0,240,428
11/09/2003,SPG,FL,ASO,ES,Federal Contract Tower,0,1,17,0,18,0,3,65,0,68,0,4,82,0,86,36,0,36,122
11/10/2003,SPG,FL,ASO,ES,Federal Contract Tower,0,1,11,0,12,0,12,69,2,83,0,13,80,2,95,94,0,94,189
11/11/2003,SPG,FL,ASO,ES,Federal Contract Tower,0,1,6,0,7,0,9,131,0,140,0,10,137,0,147,102,0,102,249
11/12/2003,SPG,FL,ASO,ES,Federal Contract Tower,0,1,20,0,21,0,14,120,8,142,0,15,140,8,163,200,0,200,363
11/13/2003,SPG,FL,ASO,ES,Federal Contract Tower,0,1,8,0,9,0,12,96,8,116,0,13,104,8,125,84,0,84,209
11/14/2003,SPG,FL,ASO,ES,Federal Contract Tower,0,1,21,0,22,0,7,135,8,150,0,8,156,8,172,196,16,212,384
11/15/2003,SPG,FL,ASO,ES,Federal Contract Tower,0,1,4,0,5,0,9,176,0,185,0,10,180,0,190,142,0,142,332
11/16/2003,SPG,FL,ASO,ES,Federal Contract Tower,0,1,13,0,14,0,7,151,8,166,0,8,164,8,180,170,0,170,350
11/17/2003,SPG,FL,ASO,ES,Federal Contract Tower,0,0,12,1,13,0,9,113,13,135,0,9,125,14,148,162,0,162,310
11/18/2003,SPG,FL,ASO,ES,Federal Contract Tower,0,0,4,1,5,0,6,112,9,127,0,6,116,10,132,186,0,186,318
11/19/2003,SPG,FL,ASO,ES,Federal Contract Tower,0,0,7,0,7,0,10,41,2,53,0,10,48,2,60,46,0,46,106
11/20/2003,SPG,FL,ASO,ES,Federal Contract Tower,0,0,6,0,6,0,9,125,18,152,0,9,131,18,158,160,10,170,328
11/21/2003,SPG,FL,ASO,ES,Federal Contract Tower,0,0,15,0,15,0,4,127,17,148,0,4,142,17,163,138,6,144,307
11/22/2003,SPG,FL,ASO,ES,Federal Contract Tower,0,0,18,0,18,0,8,132,9,149,0,8,150,9,167,146,0,146,313
11/23/2003,SPG,FL,ASO,ES,Federal Contract Tower,0,0,10,0,10,0,10,116,0,126,0,10,126,0,136,138,0,138,274
11/24/2003,SPG,FL,ASO,ES,Federal Contract Tower,0,0,14,0,14,0,17,76,15,108,0,17,90,15,122,122,0,122,244
11/25/2003,SPG,FL,ASO,ES,Federal Contract Tower,0,1,25,0,26,0,0,2,4,6,0,1,27,4,32,24,0,24,56
11/26/2003,SPG,FL,ASO,ES,Federal Contract Tower,0,0,21,0,21,0,9,101,10,120,0,9,122,10,141,88,4,92,233
11/27/2003,SPG,FL,ASO,ES,Federal Contract Tower,0,0,8,0,8,0,2,63,0,65,0,2,71,0,73,76,0,76,149
11/28/2003,SPG,FL,ASO,ES,Federal Contract Tower,0,0,10,0,10,0,7,104,4,115,0,7,114,4,125,124,0,124,249
11/29/2003,SPG,FL,ASO,ES,Federal Contract Tower,0,0,10,0,10,0,5,85,2,92,0,5,95,2,102,152,0,152,254
11/30/2003,SPG,FL,ASO,ES,Federal Contract Tower,0,0,19,0,19,0,10,149,2,161,0,10,168,2,180,210,0,210,390
12/01/2003,SPG,FL,ASO,ES,Federal Contract Tower,0,1,5,0,6,0,15,88,6,109,0,16,93,6,115,58,16,74,189
12/02/2003,SPG,FL,ASO,ES,Federal Contract Tower,0,1,1,0,2,0,14,117,2,133,0,15,118,2,135,154,0,154,289
12/03/2003,SPG,FL,ASO,ES,Federal Contract Tower,0,1,5,0,6,0,19,110,14,143,0,20,115,14,149,88,0,88,237
12/04/2003,SPG,FL,ASO,ES,Federal Contract Tower,0,1,3,0,4,0,12,113,14,139,0,13,116,14,143,118,2,120,263
12/05/2003,SPG,FL,ASO,ES,Federal Contract Tower,0,1,15,0,16,0,9,86,2,97,0,10,101,2,113,112,2,114,227
12/06/2003,SPG,FL,ASO,ES,Federal Contract Tower,0,1,5,0,6,0,7,62,2,71,0,8,67,2,77,28,0,28,105
12/07/2003,SPG,FL,ASO,ES,Federal Contract Tower,0,0,11,0,11,0,6,126,6,138,0,6,137,6,149,74,0,74,223
12/08/2003,SPG,FL,ASO,ES,Federal Contract Tower,0,0,8,0,8,0,15,66,10,91,0,15,74,10,99,182,0,182,281
12/09/2003,SPG,FL,ASO,ES,Federal Contract Tower,0,0,9,0,9,0,19,104,10,133,0,19,113,10,142,126,18,144,286
12/10/2003,SPG,FL,ASO,ES,Federal Contract Tower,0,0,7,0,7,0,9,49,6,64,0,9,56,6,71,74,0,74,145
12/11/2003,SPG,FL,ASO,ES,Federal Contract Tower,0,0,8,0,8,0,13,89,1,103,0,13,97,1,111,166,2,168,279
12/12/2003,SPG,FL,ASO,ES,Federal Contract Tower,0,0,4,0,4,0,2,118,8,128,0,2,122,8,132,76,0,76,208
12/13/2003,SPG,FL,ASO,ES,Federal Contract Tower,0,0,2,0,2,0,8,163,4,175,0,8,165,4,177,212,0,212,389
12/14/2003,SPG,FL,ASO,ES,Federal Contract Tower,0,0,2,0,2,0,8,26,0,34,0,8,28,0,36,88,0,88,124
12/15/2003,SPG,FL,ASO,ES,Federal Contract Tower,0,0,10,0,10,0,10,112,4,126,0,10,122,4,136,140,0,140,276
12/16/2003,SPG,FL,ASO,ES,Federal Contract Tower,0,0,15,0,15,0,7,98,2,107,0,7,113,2,122,144,0,144,266
12/17/2003,SPG,FL,ASO,ES,Federal Contract Tower,0,0,5,0,5,0,19,17,6,42,0,19,22,6,47,30,16,46,93
12/18/2003,SPG,FL,ASO,ES,Federal Contract Tower,0,0,7,0,7,0,7,121,6,134,0,7,128,6,141,174,10,184,325
12/19/2003,SPG,FL,ASO,ES,Federal Contract Tower,0,0,7,0,7,0,4,125,6,135,0,4,132,6,142,132,0,132,274
12/20/2003,SPG,FL,ASO,ES,Federal Contract Tower,0,0,8,0,8,0,12,88,0,100,0,12,96,0,108,50,0,50,158
12/21/2003,SPG,FL,ASO,ES,Federal Contract Tower,0,0,4,0,4,0,6,132,6,144,0,6,136,6,148,158,0,158,306
12/22/2003,SPG,FL,ASO,ES,Federal Contract Tower,0,0,6,0,6,0,16,106,0,122,0,16,112,0,128,216,0,216,344
12/23/2003,SPG,FL,ASO,ES,Federal Contract Tower,0,0,13,0,13,0,4,96,2,102,0,4,109,2,115,122,0,122,237
12/24/2003,SPG,FL,ASO,ES,Federal Contract Tower,0,0,4,0,4,0,12,70,0,82,0,12,74,0,86,114,0,114,200
12/25/2003,SPG,FL,ASO,ES,Federal Contract Tower,0,0,5,0,5,0,5,32,2,39,0,5,37,2,44,50,2,52,96
12/26/2003,SPG,FL,ASO,ES,Federal Contract Tower,0,0,8,0,8,0,20,143,4,167,0,20,151,4,175,150,12,162,337
12/27/2003,SPG,FL,ASO,ES,Federal Contract Tower,0,0,8,0,8,0,10,127,0,137,0,10,135,0,145,80,0,80,225
12/28/2003,SPG,FL,ASO,ES,Federal Contract Tower,0,0,13,0,13,0,10,131,0,141,0,10,144,0,154,294,0,294,448
12/29/2003,SPG,FL,ASO,ES,Federal Contract Tower,0,0,4,0,4,0,16,79,0,95,0,16,83,0,99,90,0,90,189
12/30/2003,SPG,FL,ASO,ES,Federal Contract Tower,0,0,14,0,14,0,16,137,2,155,0,16,151,2,169,152,0,152,321
12/31/2003,SPG,FL,ASO,ES,Federal Contract Tower,0,0,20,0,20,0,7,151,8,166,0,7,171,8,186,130,0,130,316
01/01/2004,SPG,FL,ASO,ES,Federal Contract Tower,0,1,7,0,8,0,2,74,4,80,0,3,81,4,88,120,0,120,208
01/02/2004,SPG,FL,ASO,ES,Federal Contract Tower,0,1,16,0,17,0,6,144,0,150,0,7,160,0,167,108,0,108,275
01/03/2004,SPG,FL,ASO,ES,Federal Contract Tower,0,1,6,0,7,0,7,175,4,186,0,8,181,4,193,204,0,204,397
01/04/2004,SPG,FL,ASO,ES,Federal Contract Tower,0,1,10,0,11,0,11,134,0,145,0,12,144,0,156,238,0,238,394
01/05/2004,SPG,FL,ASO,ES,Federal Contract Tower,0,1,4,0,5,0,5,79,0,84,0,6,83,0,89,130,0,130,219
01/06/2004,SPG,FL,ASO,ES,Federal Contract Tower,0,1,6,0,7,0,16,69,5,90,0,17,75,5,97,112,18,130,227
01/07/2004,SPG,FL,ASO,ES,Federal Contract Tower,0,1,9,0,10,0,3,58,16,77,0,4,67,16,87,62,16,78,165
01/08/2004,SPG,FL,ASO,ES,Federal Contract Tower,0,1,3,0,4,0,7,109,3,119,0,8,112,3,123,196,28,224,347
01/09/2004,SPG,FL,ASO,ES,Federal Contract Tower,0,1,8,0,9,0,3,96,14,113,0,4,104,14,122,122,38,160,282
01/10/2004,SPG,FL,ASO,ES,Federal Contract Tower,0,1,10,0,11,0,3,36,2,41,0,4,46,2,52,58,0,58,110
01/11/2004,SPG,FL,ASO,ES,Federal Contract Tower,0,1,9,0,10,0,9,118,2,129,0,10,127,2,139,177,0,177,316
01/12/2004,SPG,FL,ASO,ES,Federal Contract Tower,0,1,5,0,6,0,4,103,7,114,0,5,108,7,120,78,12,90,210
01/13/2004,SPG,FL,ASO,ES,Federal Contract Tower,0,1,8,0,9,0,10,139,11,160,0,11,147,11,169,164,48,212,381
01/14/2004,SPG,FL,ASO,ES,Federal Contract Tower,0,1,2,0,3,0,14,144,6,164,0,15,146,6,167,164,0,164,331
01/15/2004,SPG,FL,ASO,ES,Federal Contract Tower,0,0,13,1,14,0,8,103,13,124,0,8,116,14,138,182,25,207,345
01/16/2004,SPG,FL,ASO,ES,Federal Contract Tower,0,0,14,0,14,0,13,130,0,143,0,13,144,0,157,182,0,182,339
01/17/2004,SPG,FL,ASO,ES,Federal Contract Tower,0,0,9,0,9,0,2,156,4,162,0,2,165,4,171,134,0,134,305
01/18/2004,SPG,FL,ASO,ES,Federal Contract Tower,0,0,10,0,10,0,8,36,6,50,0,8,46,6,60,34,0,34,94
01/19/2004,SPG,FL,ASO,ES,Federal Contract Tower,0,0,21,0,21,0,22,54,6,82,0,22,75,6,103,76,0,76,179
01/20/2004,SPG,FL,ASO,ES,Federal Contract Tower,0,0,11,0,11,0,16,103,12,131,0,16,114,12,142,118,0,118,260
01/21/2004,SPG,FL,ASO,ES,Federal Contract Tower,0,0,12,0,12,0,5,125,2,132,0,5,137,2,144,168,24,192,336
01/22/2004,SPG,FL,ASO,ES,Federal Contract Tower,0,0,18,0,18,0,11,138,11,160,0,11,156,11,178,114,20,134,312
01/23/2004,SPG,FL,ASO,ES,Federal Contract Tower,0,0,7,0,7,0,7,121,21,149,0,7,128,21,156,128,34,162,318
01/24/2004,SPG,FL,ASO,ES,Federal Contract Tower,0,0,4,0,4,0,4,145,0,149,0,4,149,0,153,168,0,168,321
01/25/2004,SPG,FL,ASO,ES,Federal Contract Tower,0,0,3,0,3,0,4,149,4,157,0,4,152,4,160,106,0,106,266
01/26/2004,SPG,FL,ASO,ES,Federal Contract Tower,0,0,4,0,4,0,6,64,14,84,0,6,68,14,88,124,82,206,294
01/27/2004,SPG,FL,ASO,ES,Federal Contract Tower,0,0,5,0,5,0,0,54,12,66,0,0,59,12,71,52,2,54,125
01/28/2004,SPG,FL,ASO,ES,Federal Contract Tower,0,0,14,0,14,0,4,111,13,128,0,4,125,13,142,98,14,112,254
01/29/2004,SPG,FL,ASO,ES,Federal Contract Tower,0,0,12,0,12,0,21,124,8,153,0,21,136,8,165,230,24,254,419
01/30/2004,SPG,FL,ASO,ES,Federal Contract Tower,0,0,13,0,13,0,13,95,10,118,0,13,108,10,131,142,0,142,273
01/31/2004,SPG,FL,ASO,ES,Federal Contract Tower,0,0,9,0,9,0,21,74,0,95,0,21,83,0,104,154,0,154,258
02/01/2004,SPG,FL,ASO,ES,Federal Contract Tower,0,1,8,0,9,0,9,51,0,60,0,10,59,0,69,104,0,104,173
02/02/2004,SPG,FL,ASO,ES,Federal Contract Tower,0,1,11,0,12,0,1,76,6,83,0,2,87,6,95,118,0,118,213
02/03/2004,SPG,FL,ASO,ES,Federal Contract Tower,0,1,11,0,12,0,1,100,8,109,0,2,111,8,121,176,24,200,321
02/04/2004,SPG,FL,ASO,ES,Federal Contract Tower,0,2,19,0,21,0,16,172,8,196,0,18,191,8,217,178,24,202,419
02/05/2004,SPG,FL,ASO,ES,Federal Contract Tower,0,1,5,0,6,0,7,143,10,160,0,8,148,10,166,152,74,226,392
02/06/2004,SPG,FL,ASO,ES,Federal Contract Tower,0,1,6,0,7,0,20,103,8,131,0,21,109,8,138,64,0,64,202
02/07/2004,SPG,FL,ASO,ES,Federal Contract Tower,0,1,7,0,8,0,6,95,2,103,0,7,102,2,111,138,0,138,249
02/08/2004,SPG,FL,ASO,ES,Federal Contract Tower,0,1,10,0,11,0,5,126,0,131,0,6,136,0,142,66,0,66,208
02/09/2004,SPG,FL,ASO,ES,Federal Contract Tower,0,1,11,0,12,0,7,105,6,118,0,8,116,6,130,134,0,134,264
02/10/2004,SPG,FL,ASO,ES,Federal Contract Tower,0,1,4,0,5,0,11,139,14,164,0,12,143,14,169,176,16,192,361
02/11/2004,SPG,FL,ASO,ES,Federal Contract Tower,0,1,16,0,17,0,3,138,4,145,0,4,154,4,162,166,0,166,328
02/12/2004,SPG,FL,ASO,ES,Federal Contract Tower,0,2,31,0,33,0,10,44,0,54,0,12,75,0,87,52,0,52,139
02/13/2004,SPG,FL,ASO,ES,Federal Contract Tower,0,1,12,0,13,0,5,63,0,68,0,6,75,0,81,48,0,48,129
02/14/2004,SPG,FL,ASO,ES,Federal Contract Tower,0,0,7,0,7,0,10,61,2,73,0,10,68,2,80,150,0,150,230
02/15/2004,SPG,FL,ASO,ES,Federal Contract Tower,0,1,21,0,22,0,12,36,4,52,0,13,57,4,74,80,0,80,154
02/16/2004,SPG,FL,ASO,ES,Federal Contract Tower,0,1,23,0,24,0,27,84,0,111,0,28,107,0,135,150,0,150,285
02/17/2004,SPG,FL,ASO,ES,Federal Contract Tower,0,0,14,0,14,0,6,80,10,96,0,6,94,10,110,176,0,176,286
02/18/2004,SPG,FL,ASO,ES,Federal Contract Tower,0,0,6,0,6,0,15,103,2,120,0,15,109,2,126,154,14,168,294
02/19/2004,SPG,FL,ASO,ES,Federal Contract Tower,0,0,9,0,9,0,18,167,6,191,0,18,176,6,200,238,0,238,438
02/20/2004,SPG,FL,ASO,ES,Federal Contract Tower,0,0,14,0,14,0,12,139,6,157,0,12,153,6,171,300,0,300,471
02/21/2004,SPG,FL,ASO,ES,Federal Contract Tower,0,0,11,0,11,0,7,165,2,174,0,7,176,2,185,218,0,218,403
02/22/2004,SPG,FL,ASO,ES,Federal Contract Tower,0,0,9,0,9,0,6,146,4,156,0,6,155,4,165,208,0,208,373
02/23/2004,SPG,FL,ASO,ES,Federal Contract Tower,0,0,11,0,11,0,15,75,7,97,0,15,86,7,108,118,0,118,226
02/24/2004,SPG,FL,ASO,ES,Federal Contract Tower,0,1,20,0,21,0,1,29,4,34,0,2,49,4,55,142,0,142,197
02/25/2004,SPG,FL,ASO,ES,Federal Contract Tower,0,0,13,0,13,0,8,32,0,40,0,8,45,0,53,80,0,80,133
02/26/2004,SPG,FL,ASO,ES,Federal Contract Tower,0,0,12,0,12,0,4,100,6,110,0,4,112,6,122,204,0,204,326
02/27/2004,SPG,FL,ASO,ES,Federal Contract Tower,0,0,19,0,19,0,6,49,0,55,0,6,68,0,74,72,0,72,146
02/28/2004,SPG,FL,ASO,ES,Federal Contract Tower,0,0,5,0,5,0,12,143,0,155,0,12,148,0,160,178,0,178,338
02/29/2004,SPG,FL,ASO,ES,Federal Contract Tower,0,0,10,0,10,0,4,149,6,159,0,4,159,6,169,182,0,182,351
03/01/2004,SPG,FL,ASO,ES,Federal Contract Tower,0,1,6,0,7,0,16,71,6,93,0,17,77,6,100,116,0,116,216
03/02/2004,SPG,FL,ASO,ES,Federal Contract Tower,0,1,6,0,7,0,1,107,3,111,0,2,113,3,118,176,0,176,294
03/03/2004,SPG,FL,ASO,ES,Federal Contract Tower,0,1,5,0,6,0,10,115,10,135,0,11,120,10,141,176,40,216,357
03/04/2004,SPG,FL,ASO,ES,Federal Contract Tower,0,1,11,0,12,0,9,146,6,161,0,10,157,6,173,164,0,164,337
03/05/2004,SPG,FL,ASO,ES,Federal Contract Tower,0,1,11,0,12,0,9,106,8,123,0,10,117,8,135,244,0,244,379
03/06/2004,SPG,FL,ASO,ES,Federal Contract Tower,0,1,18,0,19,0,13,99,0,112,0,14,117,0,131,146,0,146,277
03/07/2004,SPG,FL,ASO,ES,Federal Contract Tower,0,2,27,0,29,0,0,0,0,0,0,2,27,0,29,4,0,4,33
03/08/2004,SPG,FL,ASO,ES,Federal Contract Tower,0,1,5,0,6,0,15,93,6,114,0,16,98,6,120,132,0,132,252
03/09/2004,SPG,FL,ASO,ES,Federal Contract Tower,0,1,4,0,5,0,9,151,0,160,0,10,155,0,165,200,0,200,365
03/10/2004,SPG,FL,ASO,ES,Federal Contract Tower,0,1,19,0,20,0,14,110,6,130,0,15,129,6,150,214,0,214,364
03/11/2004,SPG,FL,ASO,ES,Federal Contract Tower,0,1,8,0,9,0,16,142,2,160,0,17,150,2,169,246,2,248,417
03/12/2004,SPG,FL,ASO,ES,Federal Contract Tower,0,1,15,0,16,0,12,156,5,173,0,13,171,5,189,246,0,246,435
03/13/2004,SPG,FL,ASO,ES,Federal Contract Tower,0,1,11,0,12,0,13,187,2,202,0,14,198,2,214,256,0,256,470
03/14/2004,SPG,FL,ASO,ES,Federal Contract Tower,0,1,8,0,9,0,15,148,8,171,0,16,156,8,180,272,0,272,452
03/15/2004,SPG,FL,ASO,ES,Federal Contract Tower,0,1,15,0,16,0,5,40,6,51,0,6,55,6,67,72,0,72,139
03/16/2004,SPG,FL,ASO,ES,Federal Contract Tower,0,1,13,0,14,0,5,22,4,31,0,6,35,4,45,76,0,76,121
03/17/2004,SPG,FL,ASO,ES,Federal Contract Tower,0,0,11,0,11,0,15,122,7,144,0,15,133,7,155,130,4,134,289
03/18/2004,SPG,FL,ASO,ES,Federal Contract Tower,0,1,23,0,24,0,13,127,5,145,0,14,150,5,169,220,36,256,425
03/19/2004,SPG,FL,ASO,ES,Federal Contract Tower,0,0,12,0,12,0,18,182,0,200,0,18,194,0,212,260,0,260,472
03/20/2004,SPG,FL,ASO,ES,Federal Contract Tower,0,1,26,0,27,0,20,205,10,235,0,21,231,10,262,213,0,213,475
03/21/2004,SPG,FL,ASO,ES,Federal Contract Tower,0,0,13,0,13,0,18,170,0,188,0,18,183,0,201,246,0,246,447
03/22/2004,SPG,FL,ASO,ES,Federal Contract Tower,0,0,2,0,2,0,5,117,2,124,0,5,119,2,126,130,0,130,256
03/23/2004,SPG,FL,ASO,ES,Federal Contract Tower,0,0,12,0,12,0,7,95,2,104,0,7,107,2,116,58,0,58,174
03/24/2004,SPG,FL,ASO,ES,Federal Contract Tower,0,0,10,0,10,0,16,96,0,112,0,16,106,0,122,120,0,120,242
03/25/2004,SPG,FL,ASO,ES,Federal Contract Tower,0,0,17,0,17,0,13,101,10,124,0,13,118,10,141,140,0,140,281
03/26/2004,SPG,FL,ASO,ES,Federal Contract Tower,0,0,15,0,15,0,11,175,2,188,0,11,190,2,203,146,0,146,349
03/27/2004,SPG,FL,ASO,ES,Federal Contract Tower,0,1,24,0,25,0,15,164,0,179,0,16,188,0,204,262,0,262,466
03/28/2004,SPG,FL,ASO,ES,Federal Contract Tower,0,0,12,0,12,0,14,127,2,143,0,14,139,2,155,242,16,258,413
03/29/2004,SPG,FL,ASO,ES,Federal Contract Tower,0,0,16,0,16,0,16,129,16,161,0,16,145,16,177,206,0,206,383
03/30/2004,SPG,FL,ASO,ES,Federal Contract Tower,0,0,15,0,15,0,22,132,6,160,0,22,147,6,175,269,32,301,476
03/31/2004,SPG,FL,ASO,ES,Federal Contract Tower,0,0,21,0,21,0,6,149,2,157,0,6,170,2,178,222,0,222,400
04/01/2004,SPG,FL,ASO,ES,Federal Contract Tower,0,1,11,0,12,0,9,125,20,154,0,10,136,20,166,192,0,192,358
04/02/2004,SPG,FL,ASO,ES,Federal Contract Tower,0,1,14,0,15,0,5,154,14,173,0,6,168,14,188,186,20,206,394
04/03/2004,SPG,FL,ASO,ES,Federal Contract Tower,0,1,7,0,8,0,8,177,0,185,0,9,184,0,193,210,0,210,403
04/04/2004,SPG,FL,ASO,ES,Federal Contract Tower,0,1,11,0,12,0,9,135,10,154,0,10,146,10,166,158,0,158,324
04/05/2004,SPG,FL,ASO,ES,Federal Contract Tower,0,1,4,0,5,0,14,121,16,151,0,15,125,16,156,118,8,126,282
04/06/2004,SPG,FL,ASO,ES,Federal Contract Tower,0,1,13,0,14,0,6,127,14,147,0,7,140,14,161,182,20,202,363
04/07/2004,SPG,FL,ASO,ES,Federal Contract Tower,0,1,7,0,8,0,9,119,8,136,0,10,126,8,144,212,0,212,356
04/08/2004,SPG,FL,ASO,ES,Federal Contract Tower,0,2,34,0,36,0,2,66,9,77,0,4,100,9,113,136,14,150,263
04/09/2004,SPG,FL,ASO,ES,Federal Contract Tower,0,1,23,0,24,0,16,144,6,166,0,17,167,6,190,312,0,312,502
04/10/2004,SPG,FL,ASO,ES,Federal Contract Tower,0,1,16,0,17,0,9,159,2,170,0,10,175,2,187,236,0,236,423
04/11/2004,SPG,FL,ASO,ES,Federal Contract Tower,0,1,12,0,13,0,6,104,0,110,0,7,116,0,123,13,0,13,136
04/12/2004,SPG,FL,ASO,ES,Federal Contract Tower,0,1,4,0,5,0,10,22,10,42,0,11,26,10,47,48,2,50,97
04/13/2004,SPG,FL,ASO,ES,Federal Contract Tower,0,1,10,0,11,0,14,60,6,80,0,15,70,6,91,22,46,68,159
04/14/2004,SPG,FL,ASO,ES,Federal Contract Tower,0,0,20,1,21,0,6,57,3,66,0,6,77,4,87,26,16,42,129
04/15/2004,SPG,FL,ASO,ES,Federal Contract Tower,0,0,16,0,16,0,17,164,4,185,0,17,180,4,201,244,0,244,445
04/16/2004,SPG,FL,ASO,ES,Federal Contract Tower,0,0,13,0,13,0,12,156,10,178,0,12,169,10,191,236,10,246,437
04/17/2004,SPG,FL,ASO,ES,Federal Contract Tower,0,0,18,0,18,0,19,159,0,178,0,19,177,0,196,262,0,262,458
04/18/2004,SPG,FL,ASO,ES,Federal Contract Tower,0,0,20,0,20,0,23,149,4,176,0,23,169,4,196,208,10,218,414
04/19/2004,SPG,FL,ASO,ES,Federal Contract Tower,0,0,11,0,11,0,9,128,7,144,0,9,139,7,155,218,0,218,373
04/20/2004,SPG,FL,ASO,ES,Federal Contract Tower,0,0,10,0,10,0,6,162,6,174,0,6,172,6,184,80,20,100,284
04/21/2004,SPG,FL,ASO,ES,Federal Contract Tower,0,0,17,0,17,0,13,161,11,185,0,13,178,11,202,136,2,138,340
04/22/2004,SPG,FL,ASO,ES,Federal Contract Tower,0,0,10,0,10,0,13,122,6,141,0,13,132,6,151,163,18,181,332
04/23/2004,SPG,FL,ASO,ES,Federal Contract Tower,0,0,27,0,27,0,10,136,12,158,0,10,163,12,185,224,0,224,409
04/24/2004,SPG,FL,ASO,ES,Federal Contract Tower,0,0,9,0,9,0,12,148,4,164,0,12,157,4,173,202,0,202,375
04/25/2004,SPG,FL,ASO,ES,Federal Contract Tower,0,0,15,0,15,0,12,108,0,120,0,12,123,0,135,100,0,100,235
04/26/2004,SPG,FL,ASO,ES,Federal Contract Tower,0,0,7,0,7,0,14,77,2,93,0,14,84,2,100,124,6,130,230
04/27/2004,SPG,FL,ASO,ES,Federal Contract Tower,0,0,13,0,13,0,11,65,10,86,0,11,78,10,99,36,0,36,135
04/28/2004,SPG,FL,ASO,ES,Federal Contract Tower,0,0,6,0,6,0,15,132,10,157,0,15,138,10,163,50,12,62,225
04/29/2004,SPG,FL,ASO,ES,Federal Contract Tower,0,0,8,0,8,0,10,118,14,142,0,10,126,14,150,102,0,102,252
04/30/2004,SPG,FL,ASO,ES,Federal Contract Tower,0,0,0,0,0,0,7,138,4,149,0,7,138,4,149,84,0,84,233
05/01/2004,SPG,FL,ASO,ES,Federal Contract Tower,0,1,12,0,13,0,15,152,6,173,0,16,164,6,186,140,20,160,346
05/02/2004,SPG,FL,ASO,ES,Federal Contract Tower,0,1,15,0,16,0,7,107,2,116,0,8,122,2,132,126,0,126,258
05/03/2004,SPG,FL,ASO,ES,Federal Contract Tower,0,1,6,0,7,0,3,30,4,37,0,4,36,4,44,78,8,86,130
05/04/2004,SPG,FL,ASO,ES,Federal Contract Tower,0,1,12,0,13,0,2,111,8,121,0,3,123,8,134,90,0,90,224
05/05/2004,SPG,FL,ASO,ES,Federal Contract Tower,0,1,11,0,12,0,5,161,0,166,0,6,172,0,178,122,0,122,300
05/06/2004,SPG,FL,ASO,ES,Federal Contract Tower,0,1,6,0,7,0,5,150,12,167,0,6,156,12,174,146,2,148,322
05/07/2004,SPG,FL,ASO,ES,Federal Contract Tower,0,1,21,0,22,0,11,132,2,145,0,12,153,2,167,164,0,164,331
05/08/2004,SPG,FL,ASO,ES,Federal Contract Tower,0,1,6,0,7,0,3,151,0,154,0,4,157,0,161,136,0,136,297
05/09/2004,SPG,FL,ASO,ES,Federal Contract Tower,0,1,15,0,16,0,12,129,4,145,0,13,144,4,161,166,0,166,327
05/10/2004,SPG,FL,ASO,ES,Federal Contract Tower,0,1,3,0,4,0,5,98,4,107,0,6,101,4,111,128,28,156,267
05/11/2004,SPG,FL,ASO,ES,Federal Contract Tower,0,1,11,0,12,0,16,104,4,124,0,17,115,4,136,142,20,162,298
05/12/2004,SPG,FL,ASO,ES,Federal Contract Tower,0,1,8,0,9,0,13,110,4,127,0,14,118,4,136,124,10,134,270
05/13/2004,SPG,FL,ASO,ES,Federal Contract Tower,0,1,6,0,7,0,11,110,4,125,0,12,116,4,132,138,16,154,286
05/14/2004,SPG,FL,ASO,ES,Federal Contract Tower,0,0,17,0,17,0,16,133,12,161,0,16,150,12,178,148,8,156,334
05/15/2004,SPG,FL,ASO,ES,Federal Contract Tower,0,0,7,0,7,0,6,128,8,142,0,6,135,8,149,186,16,202,351
05/16/2004,SPG,FL,ASO,ES,Federal Contract Tower,0,0,9,0,9,0,6,101,4,111,0,6,110,4,120,112,0,112,232
05/17/2004,SPG,FL,ASO,ES,Federal Contract Tower,0,0,7,0,7,0,12,71,4,87,0,12,78,4,94,110,0,110,204
05/18/2004,SPG,FL,ASO,ES,Federal Contract Tower,0,0,10,0,10,0,23,104,2,129,0,23,114,2,139,156,0,156,295
05/19/2004,SPG,FL,ASO,ES,Federal Contract Tower,0,0,6,0,6,0,12,80,4,96,0,12,86,4,102,80,2,82,184
05/20/2004,SPG,FL,ASO,ES,Federal Contract Tower,0,0,7,0,7,0,15,141,2,158,0,15,148,2,165,128,38,166,331
05/21/2004,SPG,FL,ASO,ES,Federal Contract Tower,0,0,23,0,23,0,16,123,2,141,0,16,146,2,164,148,0,148,312
05/22/2004,SPG,FL,ASO,ES,Federal Contract Tower,0,0,5,0,5,0,12,157,0,169,0,12,162,0,174,134,0,134,308
05/23/2004,SPG,FL,ASO,ES,Federal Contract Tower,0,0,17,0,17,0,15,123,2,140,0,15,140,2,157,106,0,106,263
05/24/2004,SPG,FL,ASO,ES,Federal Contract Tower,0,0,6,0,6,0,3,82,4,89,0,3,88,4,95,132,0,132,227
05/25/2004,SPG,FL,ASO,ES,Federal Contract Tower,0,0,7,0,7,0,13,98,4,115,0,13,105,4,122,140,0,140,262
05/26/2004,SPG,FL,ASO,ES,Federal Contract Tower,0,0,7,0,7,0,20,104,9,133,0,20,111,9,140,86,0,86,226
05/27/2004,SPG,FL,ASO,ES,Federal Contract Tower,0,0,8,0,8,0,12,114,16,142,0,12,122,16,150,136,0,136,286
05/28/2004,SPG,FL,ASO,ES,Federal Contract Tower,0,0,20,0,20,0,7,178,8,193,0,7,198,8,213,88,8,96,309
05/29/2004,SPG,FL,ASO,ES,Federal Contract Tower,0,0,9,0,9,0,14,164,11,189,0,14,173,11,198,240,4,244,442
05/30/2004,SPG,FL,ASO,ES,Federal Contract Tower,0,0,5,0,5,0,18,136,0,154,0,18,141,0,159,196,0,196,355
05/31/2004,SPG,FL,ASO,ES,Federal Contract Tower,0,0,5,0,5,0,8,195,0,203,0,8,200,0,208,182,0,182,390
06/01/2004,SPG,FL,ASO,ES,Federal Contract Tower,0,0,7,1,8,0,16,79,1,96,0,16,86,2,104,120,0,120,224
06/02/2004,SPG,FL,ASO,ES,Federal Contract Tower,0,0,7,0,7,0,6,88,2,96,0,6,95,2,103,66,0,66,169
06/03/2004,SPG,FL,ASO,ES,Federal Contract Tower,0,0,5,0,5,0,14,91,4,109,0,14,96,4,114,146,10,156,270
06/04/2004,SPG,FL,ASO,ES,Federal Contract Tower,0,0,8,0,8,0,10,84,2,96,0,10,92,2,104,136,0,136,240
06/05/2004,SPG,FL,ASO,ES,Federal Contract Tower,0,0,4,0,4,0,8,100,4,112,0,8,104,4,116,112,0,112,228
06/06/2004,SPG,FL,ASO,ES,Federal Contract Tower,0,0,16,0,16,0,10,74,0,84,0,10,90,0,100,90,0,90,190
06/07/2004,SPG,FL,ASO,ES,Federal Contract Tower,0,0,5,0,5,0,14,75,17,106,0,14,80,17,111,84,22,106,217
06/08/2004,SPG,FL,ASO,ES,Federal Contract Tower,0,0,12,0,12,0,19,96,6,121,0,19,108,6,133,176,8,184,317
06/09/2004,SPG,FL,ASO,ES,Federal Contract Tower,0,0,13,0,13,0,8,96,8,112,0,8,109,8,125,86,18,104,229
06/10/2004,SPG,FL,ASO,ES,Federal Contract Tower,0,0,11,0,11,0,21,80,0,101,0,21,91,0,112,184,2,186,298
06/11/2004,SPG,FL,ASO,ES,Federal Contract Tower,0,0,15,0,15,0,19,94,0,113,0,19,109,0,128,88,0,88,216
06/12/2004,SPG,FL,ASO,ES,Federal Contract Tower,0,0,8,0,8,0,12,116,0,128,0,12,124,0,136,146,0,146,282
06/13/2004,SPG,FL,ASO,ES,Federal Contract Tower,0,0,8,0,8,0,9,104,0,113,0,9,112,0,121,132,0,132,253
06/14/2004,SPG,FL,ASO,ES,Federal Contract Tower,0,0,13,0,13,0,11,77,4,92,0,11,90,4,105,162,6,168,273
06/15/2004,SPG,FL,ASO,ES,Federal Contract Tower,0,0,6,0,6,0,9,88,2,99,0,9,94,2,105,160,0,160,265
06/16/2004,SPG,FL,ASO,ES,Federal Contract Tower,0,0,11,0,11,0,2,54,6,62,0,2,65,6,73,94,0,94,167
06/17/2004,SPG,FL,ASO,ES,Federal Contract Tower,0,0,9,0,9,0,7,118,8,133,0,7,127,8,142,110,2,112,254
06/18/2004,SPG,FL,ASO,ES,Federal Contract Tower,0,0,22,0,22,0,17,108,2,127,0,17,130,2,149,96,0,96,245
06/19/2004,SPG,FL,ASO,ES,Federal Contract Tower,0,0,11,0,11,0,16,125,0,141,0,16,136,0,152,160,0,160,312
06/20/2004,SPG,FL,ASO,ES,Federal Contract Tower,0,0,9,0,9,0,13,90,0,103,0,13,99,0,112,152,0,152,264
06/21/2004,SPG,FL,ASO,ES,Federal Contract Tower,0,0,6,0,6,0,15,57,8,80,0,15,63,8,86,94,12,106,192
06/22/2004,SPG,FL,ASO,ES,Federal Contract Tower,0,0,8,0,8,0,7,131,10,148,0,7,139,10,156,106,8,114,270
06/23/2004,SPG,FL,ASO,ES,Federal Contract Tower,0,0,7,0,7,0,6,115,2,123,0,6,122,2,130,114,0,114,244
06/24/2004,SPG,FL,ASO,ES,Federal Contract Tower,0,0,8,0,8,0,17,87,0,104,0,17,95,0,112,194,2,196,308
06/25/2004,SPG,FL,ASO,ES,Federal Contract Tower,0,0,8,0,8,0,4,102,5,111,0,4,110,5,119,62,14,76,195
06/26/2004,SPG,FL,ASO,ES,Federal Contract Tower,0,0,9,0,9,0,12,122,4,138,0,12,131,4,147,68,0,68,215
06/27/2004,SPG,FL,ASO,ES,Federal Contract Tower,0,0,10,0,10,0,4,164,0,168,0,4,174,0,178,62,0,62,240
06/28/2004,SPG,FL,ASO,ES,Federal Contract Tower,0,0,9,0,9,0,9,63,10,82,0,9,72,10,91,82,0,82,173
06/29/2004,SPG,FL,ASO,ES,Federal Contract Tower,0,0,12,0,12,0,8,101,12,121,0,8,113,12,133,74,0,74,207
06/30/2004,SPG,FL,ASO,ES,Federal Contract Tower,0,0,14,0,14,0,8,84,2,94,0,8,98,2,108,116,0,116,224
07/01/2004,SPG,FL,ASO,ES,Federal Contract Tower,0,0,10,0,10,0,9,116,4,129,0,9,126,4,139,122,0,122,261
07/02/2004,SPG,FL,ASO,ES,Federal Contract Tower,0,0,13,0,13,0,5,99,2,106,0,5,112,2,119,56,0,56,175
07/03/2004,SPG,FL,ASO,ES,Federal Contract Tower,0,0,19,0,19,0,4,106,0,110,0,4,125,0,129,164,0,164,293
07/04/2004,SPG,FL,ASO,ES,Federal Contract Tower,0,0,9,0,9,0,2,117,6,125,0,2,126,6,134,122,4,126,260
07/05/2004,SPG,FL,ASO,ES,Federal Contract Tower,0,0,13,0,13,0,8,111,0,119,0,8,124,0,132,134,0,134,266
07/06/2004,SPG,FL,ASO,ES,Federal Contract Tower,0,0,5,0,5,0,21,97,4,122,0,21,102,4,127,108,0,108,235
07/07/2004,SPG,FL,ASO,ES,Federal Contract Tower,0,0,6,0,6,0,8,91,10,109,0,8,97,10,115,124,26,150,265
07/08/2004,SPG,FL,ASO,ES,Federal Contract Tower,0,0,10,0,10,0,16,105,10,131,0,16,115,10,141,228,0,228,369
07/09/2004,SPG,FL,ASO,ES,Federal Contract Tower,0,0,5,0,5,0,10,113,12,135,0,10,118,12,140,142,6,148,288
07/10/2004,SPG,FL,ASO,ES,Federal Contract Tower,0,0,9,0,9,0,10,144,1,155,0,10,153,1,164,192,0,192,356
07/11/2004,SPG,FL,ASO,ES,Federal Contract Tower,0,0,8,0,8,0,8,96,0,104,0,8,104,0,112,74,0,74,186
07/12/2004,SPG,FL,ASO,ES,Federal Contract Tower,0,0,1,0,1,0,12,62,2,76,0,12,63,2,77,130,0,130,207
07/13/2004,SPG,FL,ASO,ES,Federal Contract Tower,0,0,19,0,19,0,10,97,14,121,0,10,116,14,140,96,24,120,260
07/14/2004,SPG,FL,ASO,ES,Federal Contract Tower,0,0,16,0,16,0,15,111,2,128,0,15,127,2,144,128,0,128,272
07/15/2004,SPG,FL,ASO,ES,Federal Contract Tower,0,0,15,0,15,0,10,73,0,83,0,10,88,0,98,134,0,134,232
07/16/2004,SPG,FL,ASO,ES,Federal Contract Tower,0,0,17,0,17,0,12,73,0,85,0,12,90,0,102,92,0,92,194
07/17/2004,SPG,FL,ASO,ES,Federal Contract Tower,0,0,8,0,8,0,8,32,4,44,0,8,40,4,52,34,0,34,86
07/18/2004,SPG,FL,ASO,ES,Federal Contract Tower,0,0,7,0,7,0,2,24,0,26,0,2,31,0,33,42,0,42,75
07/19/2004,SPG,FL,ASO,ES,Federal Contract Tower,0,0,11,0,11,0,4,1,0,5,0,4,12,0,16,14,0,14,30
07/20/2004,SPG,FL,ASO,ES,Federal Contract Tower,0,0,16,0,16,0,2,34,4,40,0,2,50,4,56,38,0,38,94
07/21/2004,SPG,FL,ASO,ES,Federal Contract Tower,0,0,14,0,14,0,16,128,8,152,0,16,142,8,166,206,16,222,388
07/22/2004,SPG,FL,ASO,ES,Federal Contract Tower,0,0,4,0,4,0,15,97,2,114,0,15,101,2,118,310,0,310,428
07/23/2004,SPG,FL,ASO,ES,Federal Contract Tower,0,0,13,0,13,0,13,123,4,140,0,13,136,4,153,278,0,278,431
07/24/2004,SPG,FL,ASO,ES,Federal Contract Tower,0,0,7,0,7,0,17,106,0,123,0,17,113,0,130,194,0,194,324
07/25/2004,SPG,FL,ASO,ES,Federal Contract Tower,0,0,8,0,8,0,5,121,0,126,0,5,129,0,134,147,0,147,281
07/26/2004,SPG,FL,ASO,ES,Federal Contract Tower,0,0,13,0,13,0,10,42,0,52,0,10,55,0,65,106,0,106,171
07/27/2004,SPG,FL,ASO,ES,Federal Contract Tower,0,0,8,0,8,0,15,60,4,79,0,15,68,4,87,80,0,80,167
07/28/2004,SPG,FL,ASO,ES,Federal Contract Tower,0,0,7,0,7,0,7,55,8,70,0,7,62,8,77,136,0,136,213
07/29/2004,SPG,FL,ASO,ES,Federal Contract Tower,0,0,10,0,10,0,14,79,9,102,0,14,89,9,112,138,0,138,250
07/30/2004,SPG,FL,ASO,ES,Federal Contract Tower,0,0,8,0,8,0,15,138,4,157,0,15,146,4,165,162,8,170,335
07/31/2004,SPG,FL,ASO,ES,Federal Contract Tower,0,0,11,0,11,0,6,128,2,136,0,6,139,2,147,194,22,216,363
08/01/2004,SPG,FL,ASO,ES,Federal Contract Tower,0,0,7,0,7,0,4,37,0,41,0,4,44,0,48,82,0,82,130
08/02/2004,SPG,FL,ASO,ES,Federal Contract Tower,0,0,5,0,5,0,4,47,8,59,0,4,52,8,64,44,56,100,164
08/03/2004,SPG,FL,ASO,ES,Federal Contract Tower,0,0,12,0,12,0,14,59,10,83,0,14,71,10,95,76,22,98,193
08/04/2004,SPG,FL,ASO,ES,Federal Contract Tower,0,0,9,0,9,0,8,49,6,63,0,8,58,6,72,62,0,62,134
08/05/2004,SPG,FL,ASO,ES,Federal Contract Tower,0,0,11,0,11,0,13,87,8,108,0,13,98,8,119,76,0,76,195
08/06/2004,SPG,FL,ASO,ES,Federal Contract Tower,0,0,9,0,9,0,22,107,0,129,0,22,116,0,138,104,0,104,242
08/07/2004,SPG,FL,ASO,ES,Federal Contract Tower,0,0,10,0,10,0,0,81,4,85,0,0,91,4,95,106,0,106,201
08/08/2004,SPG,FL,ASO,ES,Federal Contract Tower,0,0,9,0,9,0,8,41,0,49,0,8,50,0,58,76,0,76,134
08/09/2004,SPG,FL,ASO,ES,Federal Contract Tower,0,0,13,0,13,0,8,97,6,111,0,8,110,6,124,152,0,152,276
08/10/2004,SPG,FL,ASO,ES,Federal Contract Tower,0,0,12,0,12,0,14,125,0,139,0,14,137,0,151,186,0,186,337
08/11/2004,SPG,FL,ASO,ES,Federal Contract Tower,0,0,11,0,11,0,16,127,4,147,0,16,138,4,158,140,2,142,300
08/12/2004,SPG,FL,ASO,ES,Federal Contract Tower,0,0,5,0,5,0,9,64,0,73,0,9,69,0,78,90,0,90,168
08/13/2004,SPG,FL,ASO,ES,Federal Contract Tower,0,0,0,0,0,0,0,0,0,0,0,0,0,0,0,0,0,0,0
08/14/2004,SPG,FL,ASO,ES,Federal Contract Tower,0,0,5,0,5,0,19,44,4,67,0,19,49,4,72,68,0,68,140
08/15/2004,SPG,FL,ASO,ES,Federal Contract Tower,0,0,9,0,9,0,5,74,2,81,0,5,83,2,90,74,0,74,164
08/16/2004,SPG,FL,ASO,ES,Federal Contract Tower,0,0,11,0,11,0,10,119,2,131,0,10,130,2,142,166,14,180,322
08/17/2004,SPG,FL,ASO,ES,Federal Contract Tower,0,0,8,0,8,0,13,92,4,109,0,13,100,4,117,128,0,128,245
08/18/2004,SPG,FL,ASO,ES,Federal Contract Tower,0,0,8,0,8,0,6,92,2,100,0,6,100,2,108,112,0,112,220
08/19/2004,SPG,FL,ASO,ES,Federal Contract Tower,0,0,1,0,1,0,11,111,2,124,0,11,112,2,125,178,28,206,331
08/20/2004,SPG,FL,ASO,ES,Federal Contract Tower,0,0,9,0,9,0,18,113,8,139,0,18,122,8,148,150,0,150,298
08/21/2004,SPG,FL,ASO,ES,Federal Contract Tower,0,0,4,0,4,0,6,125,0,131,0,6,129,0,135,126,0,126,261
08/22/2004,SPG,FL,ASO,ES,Federal Contract Tower,0,0,8,0,8,0,10,111,0,121,0,10,119,0,129,120,0,120,249
08/23/2004,SPG,FL,ASO,ES,Federal Contract Tower,0,0,7,0,7,0,6,76,10,92,0,6,83,10,99,112,28,140,239
08/24/2004,SPG,FL,ASO,ES,Federal Contract Tower,0,0,14,0,14,0,6,68,2,76,0,6,82,2,90,36,0,36,126
08/25/2004,SPG,FL,ASO,ES,Federal Contract Tower,0,0,8,0,8,0,6,80,2,88,0,6,88,2,96,222,2,224,320
08/26/2004,SPG,FL,ASO,ES,Federal Contract Tower,0,0,1,0,1,0,17,98,0,115,0,17,99,0,116,108,0,108,224
08/27/2004,SPG,FL,ASO,ES,Federal Contract Tower,0,0,10,0,10,0,6,101,2,109,0,6,111,2,119,116,24,140,259
08/28/2004,SPG,FL,ASO,ES,Federal Contract Tower,0,0,6,0,6,0,14,99,0,113,0,14,105,0,119,186,0,186,305
08/29/2004,SPG,FL,ASO,ES,Federal Contract Tower,0,0,6,0,6,0,8,103,0,111,0,8,109,0,117,92,0,92,209
08/30/2004,SPG,FL,ASO,ES,Federal Contract Tower,0,0,0,0,0,0,18,58,4,80,0,18,58,4,80,102,0,102,182
08/31/2004,SPG,FL,ASO,ES,Federal Contract Tower,0,0,0,0,0,0,11,114,7,132,0,11,114,7,132,110,8,118,250
09/01/2004,SPG,FL,ASO,ES,Federal Contract Tower,0,0,13,0,13,0,2,96,3,101,0,2,109,3,114,68,0,68,182
09/02/2004,SPG,FL,ASO,ES,Federal Contract Tower,0,0,8,0,8,0,5,93,0,98,0,5,101,0,106,72,0,72,178
09/03/2004,SPG,FL,ASO,ES,Federal Contract Tower,0,0,8,0,8,0,15,91,2,108,0,15,99,2,116,172,0,172,288
09/04/2004,SPG,FL,ASO,ES,Federal Contract Tower,0,0,1,0,1,0,3,22,3,28,0,3,23,3,29,42,0,42,71
09/05/2004,SPG,FL,ASO,ES,Federal Contract Tower,0,0,0,0,0,0,0,0,0,0,0,0,0,0,0,0,0,0,0
09/06/2004,SPG,FL,ASO,ES,Federal Contract Tower,0,0,0,0,0,0,0,0,0,0,0,0,0,0,0,0,0,0,0
09/07/2004,SPG,FL,ASO,ES,Federal Contract Tower,0,0,4,0,4,0,8,71,6,85,0,8,75,6,89,40,0,40,129
09/08/2004,SPG,FL,ASO,ES,Federal Contract Tower,0,0,9,0,9,0,14,71,2,87,0,14,80,2,96,90,0,90,186
09/09/2004,SPG,FL,ASO,ES,Federal Contract Tower,0,0,6,0,6,0,9,48,6,63,0,9,54,6,69,110,58,168,237
09/10/2004,SPG,FL,ASO,ES,Federal Contract Tower,0,0,8,0,8,0,20,77,0,97,0,20,85,0,105,174,0,174,279
09/11/2004,SPG,FL,ASO,ES,Federal Contract Tower,0,0,13,0,13,0,20,94,2,116,0,20,107,2,129,222,0,222,351
09/12/2004,SPG,FL,ASO,ES,Federal Contract Tower,0,0,5,0,5,0,2,40,0,42,0,2,45,0,47,66,0,66,113
09/13/2004,SPG,FL,ASO,ES,Federal Contract Tower,0,0,4,0,4,0,14,60,8,82,0,14,64,8,86,110,0,110,196
09/14/2004,SPG,FL,ASO,ES,Federal Contract Tower,0,0,4,0,4,0,8,46,4,58,0,8,50,4,62,10,0,10,72
09/15/2004,SPG,FL,ASO,ES,Federal Contract Tower,0,0,5,0,5,0,11,25,8,44,0,11,30,8,49,70,8,78,127
09/16/2004,SPG,FL,ASO,ES,Federal Contract Tower,0,0,4,0,4,0,4,39,6,49,0,4,43,6,53,64,0,64,117
09/17/2004,SPG,FL,ASO,ES,Federal Contract Tower,0,0,6,0,6,0,15,86,2,103,0,15,92,2,109,110,0,110,219
09/18/2004,SPG,FL,ASO,ES,Federal Contract Tower,0,0,7,0,7,0,14,109,0,123,0,14,116,0,130,186,0,186,316
09/19/2004,SPG,FL,ASO,ES,Federal Contract Tower,0,0,5,0,5,0,4,110,2,116,0,4,115,2,121,130,0,130,251
09/20/2004,SPG,FL,ASO,ES,Federal Contract Tower,0,0,3,0,3,0,6,43,3,52,0,6,46,3,55,84,2,86,141
09/21/2004,SPG,FL,ASO,ES,Federal Contract Tower,0,0,6,0,6,0,15,27,0,42,0,15,33,0,48,38,0,38,86
09/22/2004,SPG,FL,ASO,ES,Federal Contract Tower,0,0,20,0,20,0,12,64,4,80,0,12,84,4,100,74,0,74,174
09/23/2004,SPG,FL,ASO,ES,Federal Contract Tower,0,0,12,0,12,0,3,87,2,92,0,3,99,2,104,62,0,62,166
09/24/2004,SPG,FL,ASO,ES,Federal Contract Tower,0,0,16,0,16,0,13,94,0,107,0,13,110,0,123,78,0,78,201
09/25/2004,SPG,FL,ASO,ES,Federal Contract Tower,0,0,7,0,7,0,16,76,0,92,0,16,83,0,99,130,0,130,229
09/26/2004,SPG,FL,ASO,ES,Federal Contract Tower,0,0,0,0,0,0,0,0,0,0,0,0,0,0,0,0,0,0,0
09/27/2004,SPG,FL,ASO,ES,Federal Contract Tower,0,0,0,0,0,0,10,48,10,68,0,10,48,10,68,44,0,44,112
09/28/2004,SPG,FL,ASO,ES,Federal Contract Tower,0,0,0,0,0,0,12,94,0,106,0,12,94,0,106,130,0,130,236
09/29/2004,SPG,FL,ASO,ES,Federal Contract Tower,0,0,0,0,0,0,16,71,8,95,0,16,71,8,95,124,0,124,219
09/30/2004,SPG,FL,ASO,ES,Federal Contract Tower,0,0,0,0,0,0,17,95,2,114,0,17,95,2,114,110,0,110,224
10/01/2004,SPG,FL,ASO,ES,Federal Contract Tower,0,0,11,0,11,0,16,97,2,115,0,16,108,2,126,150,0,150,276
10/02/2004,SPG,FL,ASO,ES,Federal Contract Tower,0,0,10,0,10,0,22,111,0,133,0,22,121,0,143,178,0,178,321
10/03/2004,SPG,FL,ASO,ES,Federal Contract Tower,0,0,6,0,6,0,12,108,0,120,0,12,114,0,126,222,0,222,348
10/04/2004,SPG,FL,ASO,ES,Federal Contract Tower,0,0,8,0,8,0,18,69,7,94,0,18,77,7,102,76,0,76,178
10/05/2004,SPG,FL,ASO,ES,Federal Contract Tower,0,0,3,0,3,0,10,71,0,81,0,10,74,0,84,100,0,100,184
10/06/2004,SPG,FL,ASO,ES,Federal Contract Tower,0,0,7,0,7,0,6,82,3,91,0,6,89,3,98,80,0,80,178
10/07/2004,SPG,FL,ASO,ES,Federal Contract Tower,0,0,15,0,15,0,11,91,8,110,0,11,106,8,125,38,2,40,165
10/08/2004,SPG,FL,ASO,ES,Federal Contract Tower,0,0,6,0,6,0,9,151,2,162,0,9,157,2,168,100,0,100,268
10/09/2004,SPG,FL,ASO,ES,Federal Contract Tower,0,0,5,0,5,0,10,138,2,150,0,10,143,2,155,88,0,88,243
10/10/2004,SPG,FL,ASO,ES,Federal Contract Tower,0,0,6,0,6,0,10,140,4,154,0,10,146,4,160,194,0,194,354
10/11/2004,SPG,FL,ASO,ES,Federal Contract Tower,0,0,7,0,7,0,4,28,4,36,0,4,35,4,43,54,0,54,97
10/12/2004,SPG,FL,ASO,ES,Federal Contract Tower,0,0,14,0,14,0,16,84,0,100,0,16,98,0,114,94,0,94,208
10/13/2004,SPG,FL,ASO,ES,Federal Contract Tower,0,0,8,0,8,0,13,91,6,110,0,13,99,6,118,98,6,104,222
10/14/2004,SPG,FL,ASO,ES,Federal Contract Tower,0,0,5,0,5,0,22,110,6,138,0,22,115,6,143,98,0,98,241
10/15/2004,SPG,FL,ASO,ES,Federal Contract Tower,0,0,15,0,15,0,20,56,1,77,0,20,71,1,92,42,0,42,134
10/16/2004,SPG,FL,ASO,ES,Federal Contract Tower,0,0,6,0,6,0,14,127,2,143,0,14,133,2,149,224,0,224,373
10/17/2004,SPG,FL,ASO,ES,Federal Contract Tower,0,0,11,0,11,0,2,106,0,108,0,2,117,0,119,50,0,50,169
10/18/2004,SPG,FL,ASO,ES,Federal Contract Tower,0,0,5,0,5,0,12,72,10,94,0,12,77,10,99,150,0,150,249
10/19/2004,SPG,FL,ASO,ES,Federal Contract Tower,0,0,9,0,9,0,8,57,0,65,0,8,66,0,74,70,0,70,144
10/20/2004,SPG,FL,ASO,ES,Federal Contract Tower,0,0,17,0,17,0,6,73,10,89,0,6,90,10,106,98,6,104,210
10/21/2004,SPG,FL,ASO,ES,Federal Contract Tower,0,0,21,0,21,0,15,92,11,118,0,15,113,11,139,144,12,156,295
10/22/2004,SPG,FL,ASO,ES,Federal Contract Tower,0,0,11,0,11,0,8,76,0,84,0,8,87,0,95,54,0,54,149
10/23/2004,SPG,FL,ASO,ES,Federal Contract Tower,0,0,9,0,9,0,16,152,2,170,0,16,161,2,179,148,0,148,327
10/24/2004,SPG,FL,ASO,ES,Federal Contract Tower,0,0,11,0,11,0,9,106,0,115,0,9,117,0,126,150,0,150,276
10/25/2004,SPG,FL,ASO,ES,Federal Contract Tower,0,0,11,0,11,0,18,80,2,100,0,18,91,2,111,90,0,90,201
10/26/2004,SPG,FL,ASO,ES,Federal Contract Tower,0,0,16,0,16,0,10,76,2,88,0,10,92,2,104,182,0,182,286
10/27/2004,SPG,FL,ASO,ES,Federal Contract Tower,0,0,10,0,10,0,8,115,0,123,0,8,125,0,133,120,0,120,253
10/28/2004,SPG,FL,ASO,ES,Federal Contract Tower,0,0,13,0,13,0,11,103,2,116,0,11,116,2,129,104,0,104,233
10/29/2004,SPG,FL,ASO,ES,Federal Contract Tower,0,0,16,0,16,0,20,80,0,100,0,20,96,0,116,128,0,128,244
10/30/2004,SPG,FL,ASO,ES,Federal Contract Tower,0,0,13,0,13,0,6,97,0,103,0,6,110,0,116,146,0,146,262
10/31/2004,SPG,FL,ASO,ES,Federal Contract Tower,0,0,16,0,16,0,5,67,2,74,0,5,83,2,90,56,0,56,146
11/01/2004,SPG,FL,ASO,ES,Federal Contract Tower,0,0,8,0,8,0,10,48,2,60,0,10,56,2,68,56,0,56,124
11/02/2004,SPG,FL,ASO,ES,Federal Contract Tower,0,0,0,0,0,0,8,100,7,115,0,8,100,7,115,116,32,148,263
11/03/2004,SPG,FL,ASO,ES,Federal Contract Tower,0,0,14,0,14,0,6,76,4,86,0,6,90,4,100,164,12,176,276
11/04/2004,SPG,FL,ASO,ES,Federal Contract Tower,0,0,4,0,4,0,10,98,6,114,0,10,102,6,118,108,0,108,226
11/05/2004,SPG,FL,ASO,ES,Federal Contract Tower,0,0,14,0,14,0,16,119,2,137,0,16,133,2,151,130,0,130,281
11/06/2004,SPG,FL,ASO,ES,Federal Contract Tower,0,0,6,0,6,0,14,126,0,140,0,14,132,0,146,222,0,222,368
11/07/2004,SPG,FL,ASO,ES,Federal Contract Tower,0,0,7,0,7,0,14,131,0,145,0,14,138,0,152,128,0,128,280
11/08/2004,SPG,FL,ASO,ES,Federal Contract Tower,0,0,8,0,8,0,4,101,14,119,0,4,109,14,127,72,66,138,265
11/09/2004,SPG,FL,ASO,ES,Federal Contract Tower,0,0,15,0,15,0,6,60,4,70,0,6,75,4,85,114,18,132,217
11/10/2004,SPG,FL,ASO,ES,Federal Contract Tower,0,0,7,0,7,0,18,76,0,94,0,18,83,0,101,116,0,116,217
11/11/2004,SPG,FL,ASO,ES,Federal Contract Tower,0,0,16,0,16,0,6,109,2,117,0,6,125,2,133,188,2,190,323
11/12/2004,SPG,FL,ASO,ES,Federal Contract Tower,0,0,8,0,8,0,12,112,4,128,0,12,120,4,136,132,10,142,278
11/13/2004,SPG,FL,ASO,ES,Federal Contract Tower,0,0,13,0,13,0,16,79,8,103,0,16,92,8,116,150,0,150,266
11/14/2004,SPG,FL,ASO,ES,Federal Contract Tower,0,0,11,0,11,0,6,59,0,65,0,6,70,0,76,132,0,132,208
11/15/2004,SPG,FL,ASO,ES,Federal Contract Tower,0,0,5,0,5,0,14,65,0,79,0,14,70,0,84,120,0,120,204
11/16/2004,SPG,FL,ASO,ES,Federal Contract Tower,0,0,13,0,13,0,13,65,6,84,0,13,78,6,97,180,34,214,311
11/17/2004,SPG,FL,ASO,ES,Federal Contract Tower,0,0,10,0,10,0,11,107,4,122,0,11,117,4,132,166,0,166,298
11/18/2004,SPG,FL,ASO,ES,Federal Contract Tower,0,0,11,0,11,0,13,146,0,159,0,13,157,0,170,116,0,116,286
11/19/2004,SPG,FL,ASO,ES,Federal Contract Tower,0,0,6,0,6,0,14,102,2,118,0,14,108,2,124,114,0,114,238
11/20/2004,SPG,FL,ASO,ES,Federal Contract Tower,0,0,6,0,6,0,10,150,2,162,0,10,156,2,168,250,0,250,418
11/21/2004,SPG,FL,ASO,ES,Federal Contract Tower,0,0,7,0,7,0,14,107,12,133,0,14,114,12,140,168,0,168,308
11/22/2004,SPG,FL,ASO,ES,Federal Contract Tower,0,0,4,0,4,0,6,118,13,137,0,6,122,13,141,206,40,246,387
11/23/2004,SPG,FL,ASO,ES,Federal Contract Tower,0,0,9,0,9,0,18,101,4,123,0,18,110,4,132,156,30,186,318
11/24/2004,SPG,FL,ASO,ES,Federal Contract Tower,0,0,8,0,8,0,4,107,2,113,0,4,115,2,121,132,0,132,253
11/25/2004,SPG,FL,ASO,ES,Federal Contract Tower,0,0,11,0,11,0,8,35,2,45,0,8,46,2,56,42,0,42,98
11/26/2004,SPG,FL,ASO,ES,Federal Contract Tower,0,0,13,0,13,0,4,97,2,103,0,4,110,2,116,94,12,106,222
11/27/2004,SPG,FL,ASO,ES,Federal Contract Tower,0,0,12,0,12,0,8,99,2,109,0,8,111,2,121,82,0,82,203
11/28/2004,SPG,FL,ASO,ES,Federal Contract Tower,0,0,13,0,13,0,16,109,2,127,0,16,122,2,140,96,10,106,246
11/29/2004,SPG,FL,ASO,ES,Federal Contract Tower,0,0,8,0,8,0,10,75,8,93,0,10,83,8,101,112,0,112,213
11/30/2004,SPG,FL,ASO,ES,Federal Contract Tower,0,0,8,0,8,0,2,79,12,93,0,2,87,12,101,106,12,118,219
12/01/2004,SPG,FL,ASO,ES,Federal Contract Tower,0,0,6,0,6,0,6,99,4,109,0,6,105,4,115,108,0,108,223
12/02/2004,SPG,FL,ASO,ES,Federal Contract Tower,0,0,23,0,23,0,11,58,6,75,0,11,81,6,98,122,0,122,220
12/03/2004,SPG,FL,ASO,ES,Federal Contract Tower,0,0,3,0,3,0,5,97,0,102,0,5,100,0,105,138,0,138,243
12/04/2004,SPG,FL,ASO,ES,Federal Contract Tower,0,0,8,0,8,0,6,127,2,135,0,6,135,2,143,192,0,192,335
12/05/2004,SPG,FL,ASO,ES,Federal Contract Tower,0,0,8,0,8,0,18,94,6,118,0,18,102,6,126,66,0,66,192
12/06/2004,SPG,FL,ASO,ES,Federal Contract Tower,0,0,4,0,4,0,10,97,6,113,0,10,101,6,117,126,0,126,243
12/07/2004,SPG,FL,ASO,ES,Federal Contract Tower,0,0,9,0,9,0,12,107,2,121,0,12,116,2,130,88,0,88,218
12/08/2004,SPG,FL,ASO,ES,Federal Contract Tower,0,0,10,0,10,0,2,126,0,128,0,2,136,0,138,130,0,130,268
12/09/2004,SPG,FL,ASO,ES,Federal Contract Tower,0,0,7,0,7,0,14,92,5,111,0,14,99,5,118,84,40,124,242
12/10/2004,SPG,FL,ASO,ES,Federal Contract Tower,0,0,10,0,10,0,6,28,0,34,0,6,38,0,44,26,0,26,70
12/11/2004,SPG,FL,ASO,ES,Federal Contract Tower,0,0,9,0,9,0,15,81,0,96,0,15,90,0,105,70,0,70,175
12/12/2004,SPG,FL,ASO,ES,Federal Contract Tower,0,0,9,0,9,0,10,141,4,155,0,10,150,4,164,88,8,96,260
12/13/2004,SPG,FL,ASO,ES,Federal Contract Tower,0,0,2,0,2,0,20,88,4,112,0,20,90,4,114,92,0,92,206
12/14/2004,SPG,FL,ASO,ES,Federal Contract Tower,0,0,11,0,11,0,16,51,4,71,0,16,62,4,82,106,0,106,188
12/15/2004,SPG,FL,ASO,ES,Federal Contract Tower,0,0,9,0,9,0,4,70,2,76,0,4,79,2,85,52,0,52,137
12/16/2004,SPG,FL,ASO,ES,Federal Contract Tower,0,0,17,0,17,0,11,98,8,117,0,11,115,8,134,128,0,128,262
12/17/2004,SPG,FL,ASO,ES,Federal Contract Tower,0,0,11,0,11,0,10,59,4,73,0,10,70,4,84,108,0,108,192
12/18/2004,SPG,FL,ASO,ES,Federal Contract Tower,0,0,11,0,11,0,17,95,0,112,0,17,106,0,123,194,0,194,317
12/19/2004,SPG,FL,ASO,ES,Federal Contract Tower,0,0,3,0,3,0,16,90,0,106,0,16,93,0,109,94,0,94,203
12/20/2004,SPG,FL,ASO,ES,Federal Contract Tower,0,0,4,0,4,0,12,78,8,98,0,12,82,8,102,108,0,108,210
12/21/2004,SPG,FL,ASO,ES,Federal Contract Tower,0,0,7,0,7,0,6,120,12,138,0,6,127,12,145,132,0,132,277
12/22/2004,SPG,FL,ASO,ES,Federal Contract Tower,0,0,8,0,8,0,8,89,2,99,0,8,97,2,107,174,0,174,281
12/23/2004,SPG,FL,ASO,ES,Federal Contract Tower,0,0,6,0,6,0,6,18,0,24,0,6,24,0,30,22,0,22,52
12/24/2004,SPG,FL,ASO,ES,Federal Contract Tower,0,0,8,0,8,0,4,4,0,8,0,4,12,0,16,12,0,12,28
12/25/2004,SPG,FL,ASO,ES,Federal Contract Tower,0,0,5,0,5,0,0,0,0,0,0,0,5,0,5,0,0,0,5
12/26/2004,SPG,FL,ASO,ES,Federal Contract Tower,0,0,13,0,13,0,4,8,4,16,0,4,21,4,29,18,4,22,51
12/27/2004,SPG,FL,ASO,ES,Federal Contract Tower,0,0,14,0,14,0,17,108,0,125,0,17,122,0,139,106,0,106,245
12/28/2004,SPG,FL,ASO,ES,Federal Contract Tower,0,0,13,0,13,0,8,119,2,129,0,8,132,2,142,152,0,152,294
12/29/2004,SPG,FL,ASO,ES,Federal Contract Tower,0,0,8,0,8,0,16,128,0,144,0,16,136,0,152,138,0,138,290
12/30/2004,SPG,FL,ASO,ES,Federal Contract Tower,0,0,17,0,17,0,8,127,0,135,0,8,144,0,152,126,0,126,278
12/31/2004,SPG,FL,ASO,ES,Federal Contract Tower,0,0,13,0,13,0,21,112,0,133,0,21,125,0,146,132,0,132,278
01/01/2005,SPG,FL,ASO,ES,Federal Contract Tower,0,0,4,0,4,0,8,114,10,132,0,8,118,10,136,140,0,140,276
01/02/2005,SPG,FL,ASO,ES,Federal Contract Tower,0,0,13,0,13,0,6,122,0,128,0,6,135,0,141,162,0,162,303
01/03/2005,SPG,FL,ASO,ES,Federal Contract Tower,0,0,3,0,3,0,8,82,6,96,0,8,85,6,99,122,34,156,255
01/04/2005,SPG,FL,ASO,ES,Federal Contract Tower,0,0,10,0,10,0,8,104,0,112,0,8,114,0,122,98,0,98,220
01/05/2005,SPG,FL,ASO,ES,Federal Contract Tower,0,0,9,0,9,0,10,109,4,123,0,10,118,4,132,174,6,180,312
01/06/2005,SPG,FL,ASO,ES,Federal Contract Tower,0,0,8,0,8,0,12,107,6,125,0,12,115,6,133,114,0,114,247
01/07/2005,SPG,FL,ASO,ES,Federal Contract Tower,0,0,13,0,13,0,17,90,0,107,0,17,103,0,120,138,0,138,258
01/08/2005,SPG,FL,ASO,ES,Federal Contract Tower,0,0,5,0,5,0,12,119,0,131,0,12,124,0,136,92,0,92,228
01/09/2005,SPG,FL,ASO,ES,Federal Contract Tower,0,0,8,0,8,0,8,132,0,140,0,8,140,0,148,183,0,183,331
01/10/2005,SPG,FL,ASO,ES,Federal Contract Tower,0,0,10,0,10,0,6,76,0,82,0,6,86,0,92,140,0,140,232
01/11/2005,SPG,FL,ASO,ES,Federal Contract Tower,0,0,13,0,13,0,12,97,6,115,0,12,110,6,128,104,42,146,274
01/12/2005,SPG,FL,ASO,ES,Federal Contract Tower,0,0,7,0,7,0,18,118,6,142,0,18,125,6,149,144,0,144,293
01/13/2005,SPG,FL,ASO,ES,Federal Contract Tower,0,0,8,0,8,0,1,91,6,98,0,1,99,6,106,94,0,94,200
01/14/2005,SPG,FL,ASO,ES,Federal Contract Tower,0,0,12,0,12,0,4,13,6,23,0,4,25,6,35,38,0,38,73
01/15/2005,SPG,FL,ASO,ES,Federal Contract Tower,0,0,9,0,9,0,7,31,0,38,0,7,40,0,47,52,0,52,99
01/16/2005,SPG,FL,ASO,ES,Federal Contract Tower,0,0,8,0,8,0,12,56,4,72,0,12,64,4,80,135,0,135,215
01/17/2005,SPG,FL,ASO,ES,Federal Contract Tower,0,0,12,0,12,0,8,90,0,98,0,8,102,0,110,86,0,86,196
01/18/2005,SPG,FL,ASO,ES,Federal Contract Tower,0,2,14,0,16,0,10,94,8,112,0,12,108,8,128,92,0,92,220
01/19/2005,SPG,FL,ASO,ES,Federal Contract Tower,0,0,14,0,14,0,18,104,4,126,0,18,118,4,140,214,0,214,354
01/20/2005,SPG,FL,ASO,ES,Federal Contract Tower,0,0,13,0,13,0,13,110,2,125,0,13,123,2,138,162,6,168,306
01/21/2005,SPG,FL,ASO,ES,Federal Contract Tower,0,2,13,0,15,0,6,114,12,132,0,8,127,12,147,78,18,96,243
01/22/2005,SPG,FL,ASO,ES,Federal Contract Tower,0,0,9,0,9,0,15,58,0,73,0,15,67,0,82,48,0,48,130
01/23/2005,SPG,FL,ASO,ES,Federal Contract Tower,0,0,5,0,5,0,12,61,0,73,0,12,66,0,78,64,0,64,142
01/24/2005,SPG,FL,ASO,ES,Federal Contract Tower,0,0,2,0,2,0,2,96,4,102,0,2,98,4,104,138,0,138,242
01/25/2005,SPG,FL,ASO,ES,Federal Contract Tower,0,0,13,0,13,0,8,105,24,137,0,8,118,24,150,112,0,112,262
01/26/2005,SPG,FL,ASO,ES,Federal Contract Tower,0,0,6,0,6,0,8,121,0,129,0,8,127,0,135,112,0,112,247
01/27/2005,SPG,FL,ASO,ES,Federal Contract Tower,0,0,17,0,17,0,16,107,2,125,0,16,124,2,142,164,0,164,306
01/28/2005,SPG,FL,ASO,ES,Federal Contract Tower,0,0,18,0,18,0,7,34,18,59,0,7,52,18,77,88,22,110,187
01/29/2005,SPG,FL,ASO,ES,Federal Contract Tower,0,0,6,0,6,0,20,90,2,112,0,20,96,2,118,168,0,168,286
01/30/2005,SPG,FL,ASO,ES,Federal Contract Tower,0,0,11,0,11,0,10,89,2,101,0,10,100,2,112,74,0,74,186
01/31/2005,SPG,FL,ASO,ES,Federal Contract Tower,0,0,9,0,9,0,8,97,6,111,0,8,106,6,120,124,16,140,260
02/01/2005,SPG,FL,ASO,ES,Federal Contract Tower,0,0,10,0,10,0,18,104,2,124,0,18,114,2,134,184,0,184,318
02/02/2005,SPG,FL,ASO,ES,Federal Contract Tower,0,0,10,0,10,0,6,59,10,75,0,6,69,10,85,86,0,86,171
02/03/2005,SPG,FL,ASO,ES,Federal Contract Tower,0,0,14,0,14,0,7,66,0,73,0,7,80,0,87,42,0,42,129
02/04/2005,SPG,FL,ASO,ES,Federal Contract Tower,0,6,32,0,38,0,8,20,3,31,0,14,52,3,69,46,0,46,115
02/05/2005,SPG,FL,ASO,ES,Federal Contract Tower,0,0,6,0,6,0,8,159,2,169,0,8,165,2,175,162,0,162,337
02/06/2005,SPG,FL,ASO,ES,Federal Contract Tower,0,0,10,0,10,0,10,128,0,138,0,10,138,0,148,154,0,154,302
02/07/2005,SPG,FL,ASO,ES,Federal Contract Tower,0,0,15,0,15,0,8,89,2,99,0,8,104,2,114,96,0,96,210
02/08/2005,SPG,FL,ASO,ES,Federal Contract Tower,0,0,8,0,8,0,12,94,4,110,0,12,102,4,118,176,10,186,304
02/09/2005,SPG,FL,ASO,ES,Federal Contract Tower,0,0,13,0,13,0,6,131,4,141,0,6,144,4,154,106,0,106,260
02/10/2005,SPG,FL,ASO,ES,Federal Contract Tower,0,0,13,0,13,0,5,79,1,85,0,5,92,1,98,100,6,106,204
02/11/2005,SPG,FL,ASO,ES,Federal Contract Tower,0,0,13,0,13,0,12,92,0,104,0,12,105,0,117,116,0,116,233
02/12/2005,SPG,FL,ASO,ES,Federal Contract Tower,0,0,9,0,9,0,8,111,0,119,0,8,120,0,128,78,0,78,206
02/13/2005,SPG,FL,ASO,ES,Federal Contract Tower,0,0,14,0,14,0,10,116,2,128,0,10,130,2,142,86,0,86,228
02/14/2005,SPG,FL,ASO,ES,Federal Contract Tower,0,1,6,0,7,0,9,94,6,109,0,10,100,6,116,154,0,154,270
02/15/2005,SPG,FL,ASO,ES,Federal Contract Tower,0,0,16,0,16,0,12,104,2,118,0,12,120,2,134,142,2,144,278
02/16/2005,SPG,FL,ASO,ES,Federal Contract Tower,0,0,10,0,10,0,8,138,2,148,0,8,148,2,158,270,0,270,428
02/17/2005,SPG,FL,ASO,ES,Federal Contract Tower,0,0,31,0,31,0,3,106,2,111,0,3,137,2,142,124,42,166,308
02/18/2005,SPG,FL,ASO,ES,Federal Contract Tower,0,0,16,0,16,0,12,150,2,164,0,12,166,2,180,130,0,130,310
02/19/2005,SPG,FL,ASO,ES,Federal Contract Tower,0,0,14,0,14,0,16,148,0,164,0,16,162,0,178,198,0,198,376
02/20/2005,SPG,FL,ASO,ES,Federal Contract Tower,0,0,14,0,14,0,14,119,0,133,0,14,133,0,147,168,0,168,315
02/21/2005,SPG,FL,ASO,ES,Federal Contract Tower,0,0,10,0,10,0,12,112,0,124,0,12,122,0,134,168,0,168,302
02/22/2005,SPG,FL,ASO,ES,Federal Contract Tower,0,0,29,0,29,0,16,101,2,119,0,16,130,2,148,104,0,104,252
02/23/2005,SPG,FL,ASO,ES,Federal Contract Tower,0,0,12,0,12,0,12,65,0,77,0,12,77,0,89,236,0,236,325
02/24/2005,SPG,FL,ASO,ES,Federal Contract Tower,0,0,7,0,7,0,15,126,7,148,0,15,133,7,155,224,14,238,393
02/25/2005,SPG,FL,ASO,ES,Federal Contract Tower,0,0,23,0,23,0,0,35,0,35,0,0,58,0,58,58,0,58,116
02/26/2005,SPG,FL,ASO,ES,Federal Contract Tower,0,0,18,0,18,0,10,38,0,48,0,10,56,0,66,78,0,78,144
02/27/2005,SPG,FL,ASO,ES,Federal Contract Tower,0,0,9,0,9,0,8,12,0,20,0,8,21,0,29,16,0,16,45
02/28/2005,SPG,FL,ASO,ES,Federal Contract Tower,0,0,18,0,18,0,4,90,0,94,0,4,108,0,112,48,0,48,160
03/01/2005,SPG,FL,ASO,ES,Federal Contract Tower,0,0,12,0,12,0,12,101,0,113,0,12,113,0,125,142,0,142,267
03/02/2005,SPG,FL,ASO,ES,Federal Contract Tower,0,0,16,0,16,0,2,117,2,121,0,2,133,2,137,198,18,216,353
03/03/2005,SPG,FL,ASO,ES,Federal Contract Tower,0,0,16,0,16,0,12,40,6,58,0,12,56,6,74,156,0,156,230
03/04/2005,SPG,FL,ASO,ES,Federal Contract Tower,0,0,13,0,13,0,6,94,0,100,0,6,107,0,113,80,0,80,193
03/05/2005,SPG,FL,ASO,ES,Federal Contract Tower,0,0,5,0,5,0,12,140,0,152,0,12,145,0,157,160,0,160,317
03/06/2005,SPG,FL,ASO,ES,Federal Contract Tower,0,0,14,0,14,0,8,143,0,151,0,8,157,0,165,136,0,136,301
03/07/2005,SPG,FL,ASO,ES,Federal Contract Tower,0,0,8,0,8,0,20,102,4,126,0,20,110,4,134,114,28,142,276
03/08/2005,SPG,FL,ASO,ES,Federal Contract Tower,0,0,13,0,13,0,2,23,0,25,0,2,36,0,38,18,0,18,56
03/09/2005,SPG,FL,ASO,ES,Federal Contract Tower,0,0,6,0,6,0,1,29,0,30,0,1,35,0,36,16,0,16,52
03/10/2005,SPG,FL,ASO,ES,Federal Contract Tower,0,0,13,0,13,0,4,152,4,160,0,4,165,4,173,264,0,264,437
03/11/2005,SPG,FL,ASO,ES,Federal Contract Tower,0,0,19,0,19,0,16,115,0,131,0,16,134,0,150,106,0,106,256
03/12/2005,SPG,FL,ASO,ES,Federal Contract Tower,0,1,6,0,7,0,21,147,10,178,0,22,153,10,185,208,0,208,393
03/13/2005,SPG,FL,ASO,ES,Federal Contract Tower,0,0,19,0,19,0,14,109,0,123,0,14,128,0,142,92,0,92,234
03/14/2005,SPG,FL,ASO,ES,Federal Contract Tower,0,0,6,0,6,0,10,77,4,91,0,10,83,4,97,66,26,92,189
03/15/2005,SPG,FL,ASO,ES,Federal Contract Tower,0,0,18,0,18,0,4,24,0,28,0,4,42,0,46,34,0,34,80
03/16/2005,SPG,FL,ASO,ES,Federal Contract Tower,0,1,7,0,8,0,3,10,0,13,0,4,17,0,21,14,0,14,35
03/17/2005,SPG,FL,ASO,ES,Federal Contract Tower,0,0,12,0,12,0,2,4,2,8,0,2,16,2,20,4,0,4,24
03/18/2005,SPG,FL,ASO,ES,Federal Contract Tower,0,0,27,1,28,0,17,103,1,121,0,17,130,2,149,134,20,154,303
03/19/2005,SPG,FL,ASO,ES,Federal Contract Tower,0,0,16,0,16,0,5,189,4,198,0,5,205,4,214,236,0,236,450
03/20/2005,SPG,FL,ASO,ES,Federal Contract Tower,0,0,18,0,18,0,6,107,4,117,0,6,125,4,135,78,0,78,213
03/21/2005,SPG,FL,ASO,ES,Federal Contract Tower,0,0,10,0,10,0,5,55,8,68,0,5,65,8,78,108,12,120,198
03/22/2005,SPG,FL,ASO,ES,Federal Contract Tower,0,0,14,0,14,0,8,62,0,70,0,8,76,0,84,130,0,130,214
03/23/2005,SPG,FL,ASO,ES,Federal Contract Tower,0,0,0,0,0,0,9,28,6,43,0,9,28,6,43,58,0,58,101
03/24/2005,SPG,FL,ASO,ES,Federal Contract Tower,0,0,27,0,27,0,6,87,2,95,0,6,114,2,122,150,0,150,272
03/25/2005,SPG,FL,ASO,ES,Federal Contract Tower,0,0,18,0,18,0,4,63,0,67,0,4,81,0,85,46,0,46,131
03/26/2005,SPG,FL,ASO,ES,Federal Contract Tower,0,0,9,0,9,0,16,98,2,116,0,16,107,2,125,120,0,120,245
03/27/2005,SPG,FL,ASO,ES,Federal Contract Tower,0,0,14,0,14,0,6,50,0,56,0,6,64,0,70,59,0,59,129
03/28/2005,SPG,FL,ASO,ES,Federal Contract Tower,0,0,7,0,7,0,8,26,6,40,0,8,33,6,47,16,0,16,63
03/29/2005,SPG,FL,ASO,ES,Federal Contract Tower,0,0,16,0,16,0,8,160,2,170,0,8,176,2,186,136,4,140,326
03/30/2005,SPG,FL,ASO,ES,Federal Contract Tower,0,0,8,0,8,0,28,161,4,193,0,28,169,4,201,176,0,176,377
03/31/2005,SPG,FL,ASO,ES,Federal Contract Tower,0,0,5,0,5,0,14,163,2,179,0,14,168,2,184,128,2,130,314
04/01/2005,SPG,FL,ASO,ES,Federal Contract Tower,0,0,6,0,6,0,15,128,0,143,0,15,134,0,149,148,0,148,297
04/02/2005,SPG,FL,ASO,ES,Federal Contract Tower,0,0,8,0,8,0,6,59,0,65,0,6,67,0,73,2,0,2,75
04/03/2005,SPG,FL,ASO,ES,Federal Contract Tower,0,0,17,0,17,0,0,187,2,189,0,0,204,2,206,130,2,132,338
04/04/2005,SPG,FL,ASO,ES,Federal Contract Tower,0,0,6,0,6,0,16,123,8,147,0,16,129,8,153,138,0,138,291
04/05/2005,SPG,FL,ASO,ES,Federal Contract Tower,0,0,10,0,10,0,8,118,2,128,0,8,128,2,138,158,8,166,304
04/06/2005,SPG,FL,ASO,ES,Federal Contract Tower,0,0,5,0,5,0,10,105,2,117,0,10,110,2,122,136,0,136,258
04/07/2005,SPG,FL,ASO,ES,Federal Contract Tower,0,0,6,0,6,0,3,60,2,65,0,3,66,2,71,16,2,18,89
04/08/2005,SPG,FL,ASO,ES,Federal Contract Tower,0,0,16,0,16,0,18,101,2,121,0,18,117,2,137,152,20,172,309
04/09/2005,SPG,FL,ASO,ES,Federal Contract Tower,0,0,13,0,13,0,2,186,4,192,0,2,199,4,205,248,0,248,453
04/10/2005,SPG,FL,ASO,ES,Federal Contract Tower,0,0,15,0,15,0,20,159,2,181,0,20,174,2,196,114,0,114,310
04/11/2005,SPG,FL,ASO,ES,Federal Contract Tower,0,0,6,0,6,0,13,103,4,120,0,13,109,4,126,98,2,100,226
04/12/2005,SPG,FL,ASO,ES,Federal Contract Tower,0,0,10,0,10,0,4,91,0,95,0,4,101,0,105,140,0,140,245
04/13/2005,SPG,FL,ASO,ES,Federal Contract Tower,0,0,15,0,15,0,18,107,0,125,0,18,122,0,140,66,0,66,206
04/14/2005,SPG,FL,ASO,ES,Federal Contract Tower,0,0,16,0,16,0,7,118,0,125,0,7,134,0,141,85,0,85,226
04/15/2005,SPG,FL,ASO,ES,Federal Contract Tower,0,0,13,0,13,0,3,124,2,129,0,3,137,2,142,72,20,92,234
04/16/2005,SPG,FL,ASO,ES,Federal Contract Tower,0,0,9,0,9,0,14,156,2,172,0,14,165,2,181,132,0,132,313
04/17/2005,SPG,FL,ASO,ES,Federal Contract Tower,0,0,21,0,21,0,10,125,0,135,0,10,146,0,156,120,0,120,276
04/18/2005,SPG,FL,ASO,ES,Federal Contract Tower,0,2,12,0,14,0,4,109,2,115,0,6,121,2,129,64,0,64,193
04/19/2005,SPG,FL,ASO,ES,Federal Contract Tower,0,0,11,0,11,0,23,102,2,127,0,23,113,2,138,116,0,116,254
04/20/2005,SPG,FL,ASO,ES,Federal Contract Tower,0,0,12,0,12,0,8,91,8,107,0,8,103,8,119,110,0,110,229
04/21/2005,SPG,FL,ASO,ES,Federal Contract Tower,0,0,4,0,4,0,17,135,2,154,0,17,139,2,158,196,0,196,354
04/22/2005,SPG,FL,ASO,ES,Federal Contract Tower,0,0,12,0,12,0,6,140,11,157,0,6,152,11,169,122,18,140,309
04/23/2005,SPG,FL,ASO,ES,Federal Contract Tower,0,0,6,0,6,0,13,77,10,100,0,13,83,10,106,160,0,160,266
04/24/2005,SPG,FL,ASO,ES,Federal Contract Tower,0,0,18,0,18,0,12,97,2,111,0,12,115,2,129,86,0,86,215
04/25/2005,SPG,FL,ASO,ES,Federal Contract Tower,0,2,3,0,5,0,6,113,4,123,0,8,116,4,128,136,0,136,264
04/26/2005,SPG,FL,ASO,ES,Federal Contract Tower,0,0,13,0,13,0,10,52,2,64,0,10,65,2,77,96,0,96,173
04/27/2005,SPG,FL,ASO,ES,Federal Contract Tower,0,0,22,0,22,0,16,66,2,84,0,16,88,2,106,98,2,100,206
04/28/2005,SPG,FL,ASO,ES,Federal Contract Tower,0,0,6,0,6,0,6,121,9,136,0,6,127,9,142,136,10,146,288
04/29/2005,SPG,FL,ASO,ES,Federal Contract Tower,0,0,8,0,8,0,10,126,0,136,0,10,134,0,144,68,0,68,212
04/30/2005,SPG,FL,ASO,ES,Federal Contract Tower,0,0,5,0,5,0,3,107,0,110,0,3,112,0,115,170,0,170,285
05/01/2005,SPG,FL,ASO,ES,Federal Contract Tower,0,0,7,0,7,0,8,21,2,31,0,8,28,2,38,32,0,32,70
05/02/2005,SPG,FL,ASO,ES,Federal Contract Tower,0,0,8,0,8,0,12,66,6,84,0,12,74,6,92,94,0,94,186
05/03/2005,SPG,FL,ASO,ES,Federal Contract Tower,0,0,10,0,10,0,12,95,2,109,0,12,105,2,119,70,0,70,189
05/04/2005,SPG,FL,ASO,ES,Federal Contract Tower,0,0,2,0,2,0,0,12,0,12,0,0,14,0,14,10,0,10,24
05/05/2005,SPG,FL,ASO,ES,Federal Contract Tower,0,0,7,0,7,0,4,45,1,50,0,4,52,1,57,46,8,54,111
05/06/2005,SPG,FL,ASO,ES,Federal Contract Tower,0,0,25,0,25,0,19,94,12,125,0,19,119,12,150,156,14,170,320
05/07/2005,SPG,FL,ASO,ES,Federal Contract Tower,0,0,19,0,19,0,8,118,4,130,0,8,137,4,149,102,0,102,251
05/08/2005,SPG,FL,ASO,ES,Federal Contract Tower,0,0,13,0,13,0,10,114,0,124,0,10,127,0,137,132,0,132,269
05/09/2005,SPG,FL,ASO,ES,Federal Contract Tower,0,0,9,0,9,0,12,112,11,135,0,12,121,11,144,114,24,138,282
05/10/2005,SPG,FL,ASO,ES,Federal Contract Tower,0,0,10,0,10,0,14,150,14,178,0,14,160,14,188,222,22,244,432
05/11/2005,SPG,FL,ASO,ES,Federal Contract Tower,0,0,15,0,15,0,7,103,0,110,0,7,118,0,125,104,0,104,229
05/12/2005,SPG,FL,ASO,ES,Federal Contract Tower,0,0,9,0,9,0,25,124,6,155,0,25,133,6,164,170,0,170,334
05/13/2005,SPG,FL,ASO,ES,Federal Contract Tower,0,0,25,0,25,0,9,99,4,112,0,9,124,4,137,112,0,112,249
05/14/2005,SPG,FL,ASO,ES,Federal Contract Tower,0,0,12,0,12,0,6,148,4,158,0,6,160,4,170,194,8,202,372
05/15/2005,SPG,FL,ASO,ES,Federal Contract Tower,0,0,20,0,20,0,14,99,0,113,0,14,119,0,133,174,0,174,307
05/16/2005,SPG,FL,ASO,ES,Federal Contract Tower,0,0,8,0,8,0,11,83,14,108,0,11,91,14,116,208,20,228,344
05/17/2005,SPG,FL,ASO,ES,Federal Contract Tower,0,0,9,0,9,0,8,105,8,121,0,8,114,8,130,158,0,158,288
05/18/2005,SPG,FL,ASO,ES,Federal Contract Tower,0,0,12,0,12,0,4,79,4,87,0,4,91,4,99,78,0,78,177
05/19/2005,SPG,FL,ASO,ES,Federal Contract Tower,0,0,18,0,18,0,20,98,0,118,0,20,116,0,136,156,0,156,292
05/20/2005,SPG,FL,ASO,ES,Federal Contract Tower,0,0,6,0,6,0,17,105,6,128,0,17,111,6,134,210,0,210,344
05/21/2005,SPG,FL,ASO,ES,Federal Contract Tower,0,0,12,0,12,0,14,122,4,140,0,14,134,4,152,214,2,216,368
05/22/2005,SPG,FL,ASO,ES,Federal Contract Tower,0,0,11,0,11,0,8,87,6,101,0,8,98,6,112,156,0,156,268
05/23/2005,SPG,FL,ASO,ES,Federal Contract Tower,0,0,3,0,3,0,10,70,7,87,0,10,73,7,90,166,0,166,256
05/24/2005,SPG,FL,ASO,ES,Federal Contract Tower,0,0,14,0,14,0,4,67,2,73,0,4,81,2,87,110,0,110,197
05/25/2005,SPG,FL,ASO,ES,Federal Contract Tower,0,0,13,0,13,0,8,73,0,81,0,8,86,0,94,286,0,286,380
05/26/2005,SPG,FL,ASO,ES,Federal Contract Tower,0,0,15,0,15,0,9,72,2,83,0,9,87,2,98,174,0,174,272
05/27/2005,SPG,FL,ASO,ES,Federal Contract Tower,0,0,23,0,23,0,7,103,7,117,0,7,126,7,140,138,0,138,278
05/28/2005,SPG,FL,ASO,ES,Federal Contract Tower,0,0,8,0,8,0,7,106,0,113,0,7,114,0,121,140,0,140,261
05/29/2005,SPG,FL,ASO,ES,Federal Contract Tower,0,0,10,0,10,0,6,85,4,95,0,6,95,4,105,122,0,122,227
05/30/2005,SPG,FL,ASO,ES,Federal Contract Tower,0,0,7,0,7,0,8,95,0,103,0,8,102,0,110,124,0,124,234
05/31/2005,SPG,FL,ASO,ES,Federal Contract Tower,0,0,9,0,9,0,7,38,4,49,0,7,47,4,58,74,28,102,160
06/01/2005,SPG,FL,ASO,ES,Federal Contract Tower,0,0,3,0,3,0,6,41,2,49,0,6,44,2,52,82,30,112,164
06/02/2005,SPG,FL,ASO,ES,Federal Contract Tower,0,0,13,0,13,0,2,36,4,42,0,2,49,4,55,80,0,80,135
06/03/2005,SPG,FL,ASO,ES,Federal Contract Tower,0,1,14,0,15,0,11,74,0,85,0,12,88,0,100,152,0,152,252
06/04/2005,SPG,FL,ASO,ES,Federal Contract Tower,0,0,6,0,6,0,2,58,4,64,0,2,64,4,70,102,0,102,172
06/05/2005,SPG,FL,ASO,ES,Federal Contract Tower,0,1,10,0,11,0,5,93,4,102,0,6,103,4,113,94,0,94,207
06/06/2005,SPG,FL,ASO,ES,Federal Contract Tower,0,0,12,0,12,0,15,99,2,116,0,15,111,2,128,178,20,198,326
06/07/2005,SPG,FL,ASO,ES,Federal Contract Tower,0,0,5,1,6,0,6,115,12,133,0,6,120,13,139,126,22,148,287
06/08/2005,SPG,FL,ASO,ES,Federal Contract Tower,0,0,3,0,3,0,14,132,8,154,0,14,135,8,157,200,0,200,357
06/09/2005,SPG,FL,ASO,ES,Federal Contract Tower,0,0,17,0,17,0,0,62,0,62,0,0,79,0,79,70,0,70,149
06/10/2005,SPG,FL,ASO,ES,Federal Contract Tower,0,0,14,0,14,0,0,2,0,2,0,0,16,0,16,2,0,2,18
06/11/2005,SPG,FL,ASO,ES,Federal Contract Tower,0,0,4,0,4,0,8,46,6,60,0,8,50,6,64,114,0,114,178
06/12/2005,SPG,FL,ASO,ES,Federal Contract Tower,0,0,10,0,10,0,2,46,2,50,0,2,56,2,60,70,0,70,130
06/13/2005,SPG,FL,ASO,ES,Federal Contract Tower,0,0,9,0,9,0,12,101,2,115,0,12,110,2,124,188,0,188,312
06/14/2005,SPG,FL,ASO,ES,Federal Contract Tower,0,2,9,0,11,0,14,96,0,110,0,16,105,0,121,250,0,250,371
06/15/2005,SPG,FL,ASO,ES,Federal Contract Tower,0,0,16,0,16,0,13,100,2,115,0,13,116,2,131,54,0,54,185
06/16/2005,SPG,FL,ASO,ES,Federal Contract Tower,0,0,16,0,16,0,9,84,6,99,0,9,100,6,115,156,0,156,271
06/17/2005,SPG,FL,ASO,ES,Federal Contract Tower,0,0,12,0,12,0,6,100,5,111,0,6,112,5,123,116,10,126,249
06/18/2005,SPG,FL,ASO,ES,Federal Contract Tower,0,0,17,0,17,0,8,112,0,120,0,8,129,0,137,110,0,110,247
06/19/2005,SPG,FL,ASO,ES,Federal Contract Tower,0,0,3,0,3,0,10,87,0,97,0,10,90,0,100,64,0,64,164
06/20/2005,SPG,FL,ASO,ES,Federal Contract Tower,0,2,8,0,10,0,0,84,6,90,0,2,92,6,100,92,0,92,192
06/21/2005,SPG,FL,ASO,ES,Federal Contract Tower,0,0,11,0,11,0,4,70,4,78,0,4,81,4,89,104,8,112,201
06/22/2005,SPG,FL,ASO,ES,Federal Contract Tower,0,0,7,0,7,0,2,63,2,67,0,2,70,2,74,124,0,124,198
06/23/2005,SPG,FL,ASO,ES,Federal Contract Tower,0,2,10,0,12,0,4,50,10,64,0,6,60,10,76,102,0,102,178
06/24/2005,SPG,FL,ASO,ES,Federal Contract Tower,0,0,15,0,15,0,12,96,4,112,0,12,111,4,127,146,0,146,273
06/25/2005,SPG,FL,ASO,ES,Federal Contract Tower,0,0,21,0,21,0,4,120,8,132,0,4,141,8,153,128,0,128,281
06/26/2005,SPG,FL,ASO,ES,Federal Contract Tower,0,0,10,0,10,0,10,121,0,131,0,10,131,0,141,112,0,112,253
06/27/2005,SPG,FL,ASO,ES,Federal Contract Tower,0,0,6,0,6,0,13,73,6,92,0,13,79,6,98,98,18,116,214
06/28/2005,SPG,FL,ASO,ES,Federal Contract Tower,0,0,8,0,8,0,7,53,8,68,0,7,61,8,76,80,0,80,156
06/29/2005,SPG,FL,ASO,ES,Federal Contract Tower,0,0,9,0,9,0,14,85,8,107,0,14,94,8,116,150,0,150,266
06/30/2005,SPG,FL,ASO,ES,Federal Contract Tower,0,0,12,0,12,0,12,68,0,80,0,12,80,0,92,24,0,24,116
07/01/2005,SPG,FL,ASO,ES,Federal Contract Tower,0,0,10,0,10,0,4,99,2,105,0,4,109,2,115,72,0,72,187
07/02/2005,SPG,FL,ASO,ES,Federal Contract Tower,0,0,16,0,16,0,10,79,0,89,0,10,95,0,105,104,0,104,209
07/03/2005,SPG,FL,ASO,ES,Federal Contract Tower,0,0,7,0,7,0,14,90,0,104,0,14,97,0,111,66,0,66,177
07/04/2005,SPG,FL,ASO,ES,Federal Contract Tower,0,0,1,0,1,0,9,96,0,105,0,9,97,0,106,96,0,96,202
07/05/2005,SPG,FL,ASO,ES,Federal Contract Tower,0,0,9,0,9,0,8,79,2,89,0,8,88,2,98,30,0,30,128
07/06/2005,SPG,FL,ASO,ES,Federal Contract Tower,0,0,13,0,13,0,10,109,0,119,0,10,122,0,132,124,0,124,256
07/07/2005,SPG,FL,ASO,ES,Federal Contract Tower,0,0,12,0,12,0,13,91,2,106,0,13,103,2,118,118,2,120,238
07/08/2005,SPG,FL,ASO,ES,Federal Contract Tower,0,0,9,0,9,0,11,79,0,90,0,11,88,0,99,96,0,96,195
07/09/2005,SPG,FL,ASO,ES,Federal Contract Tower,0,0,0,0,0,0,2,2,0,4,0,2,2,0,4,0,0,0,4
07/10/2005,SPG,FL,ASO,ES,Federal Contract Tower,0,0,1,0,1,0,4,4,2,10,0,4,5,2,11,0,0,0,11
07/11/2005,SPG,FL,ASO,ES,Federal Contract Tower,0,0,4,0,4,0,2,56,0,58,0,2,60,0,62,54,0,54,116
07/12/2005,SPG,FL,ASO,ES,Federal Contract Tower,0,0,10,0,10,0,9,57,2,68,0,9,67,2,78,108,0,108,186
07/13/2005,SPG,FL,ASO,ES,Federal Contract Tower,0,0,15,0,15,0,4,108,3,115,0,4,123,3,130,58,0,58,188
07/14/2005,SPG,FL,ASO,ES,Federal Contract Tower,0,0,5,0,5,0,11,75,6,92,0,11,80,6,97,66,0,66,163
07/15/2005,SPG,FL,ASO,ES,Federal Contract Tower,0,0,9,0,9,0,8,94,4,106,0,8,103,4,115,236,0,236,351
07/16/2005,SPG,FL,ASO,ES,Federal Contract Tower,0,0,8,0,8,0,10,115,6,131,0,10,123,6,139,132,0,132,271
07/17/2005,SPG,FL,ASO,ES,Federal Contract Tower,0,0,9,0,9,0,6,100,0,106,0,6,109,0,115,100,0,100,215
07/18/2005,SPG,FL,ASO,ES,Federal Contract Tower,0,0,8,0,8,0,16,66,6,88,0,16,74,6,96,90,0,90,186
07/19/2005,SPG,FL,ASO,ES,Federal Contract Tower,0,0,1,0,1,0,6,74,6,86,0,6,75,6,87,154,0,154,241
07/20/2005,SPG,FL,ASO,ES,Federal Contract Tower,0,0,5,0,5,0,7,81,6,94,0,7,86,6,99,98,0,98,197
07/21/2005,SPG,FL,ASO,ES,Federal Contract Tower,0,0,8,0,8,0,7,104,8,119,0,7,112,8,127,202,0,202,329
07/22/2005,SPG,FL,ASO,ES,Federal Contract Tower,0,0,6,0,6,0,19,118,4,141,0,19,124,4,147,148,0,148,295
07/23/2005,SPG,FL,ASO,ES,Federal Contract Tower,0,0,8,0,8,0,8,84,2,94,0,8,92,2,102,116,0,116,218
07/24/2005,SPG,FL,ASO,ES,Federal Contract Tower,0,0,12,0,12,0,12,76,4,92,0,12,88,4,104,84,0,84,188
07/25/2005,SPG,FL,ASO,ES,Federal Contract Tower,0,0,5,0,5,0,8,60,4,72,0,8,65,4,77,114,8,122,199
07/26/2005,SPG,FL,ASO,ES,Federal Contract Tower,0,0,15,0,15,0,8,93,8,109,0,8,108,8,124,232,0,232,356
07/27/2005,SPG,FL,ASO,ES,Federal Contract Tower,0,0,11,0,11,0,16,103,2,121,0,16,114,2,132,236,0,236,368
07/28/2005,SPG,FL,ASO,ES,Federal Contract Tower,0,0,12,0,12,0,2,81,12,95,0,2,93,12,107,82,0,82,189
07/29/2005,SPG,FL,ASO,ES,Federal Contract Tower,0,0,18,0,18,0,10,75,6,91,0,10,93,6,109,122,0,122,231
07/30/2005,SPG,FL,ASO,ES,Federal Contract Tower,0,0,13,0,13,0,13,124,0,137,0,13,137,0,150,132,0,132,282
07/31/2005,SPG,FL,ASO,ES,Federal Contract Tower,0,0,10,0,10,0,6,100,0,106,0,6,110,0,116,120,0,120,236
08/01/2005,SPG,FL,ASO,ES,Federal Contract Tower,0,0,8,0,8,0,6,61,13,80,0,6,69,13,88,156,30,186,274
08/02/2005,SPG,FL,ASO,ES,Federal Contract Tower,0,0,11,0,11,0,8,87,0,95,0,8,98,0,106,92,0,92,198
08/03/2005,SPG,FL,ASO,ES,Federal Contract Tower,0,0,8,0,8,0,12,89,4,105,0,12,97,4,113,136,0,136,249
08/04/2005,SPG,FL,ASO,ES,Federal Contract Tower,0,0,9,0,9,0,8,87,2,97,0,8,96,2,106,102,0,102,208
08/05/2005,SPG,FL,ASO,ES,Federal Contract Tower,0,0,6,0,6,0,16,94,0,110,0,16,100,0,116,132,0,132,248
08/06/2005,SPG,FL,ASO,ES,Federal Contract Tower,0,0,9,0,9,0,16,90,0,106,0,16,99,0,115,130,0,130,245
08/07/2005,SPG,FL,ASO,ES,Federal Contract Tower,0,0,9,0,9,0,12,73,0,85,0,12,82,0,94,72,0,72,166
08/08/2005,SPG,FL,ASO,ES,Federal Contract Tower,0,0,6,0,6,0,10,56,4,70,0,10,62,4,76,60,0,60,136
08/09/2005,SPG,FL,ASO,ES,Federal Contract Tower,0,0,13,0,13,0,6,77,6,89,0,6,90,6,102,142,0,142,244
08/10/2005,SPG,FL,ASO,ES,Federal Contract Tower,0,0,9,0,9,0,2,88,0,90,0,2,97,0,99,246,0,246,345
08/11/2005,SPG,FL,ASO,ES,Federal Contract Tower,0,0,11,0,11,0,16,90,6,112,0,16,101,6,123,138,0,138,261
08/12/2005,SPG,FL,ASO,ES,Federal Contract Tower,0,0,13,0,13,0,21,88,4,113,0,21,101,4,126,128,0,128,254
08/13/2005,SPG,FL,ASO,ES,Federal Contract Tower,0,0,9,0,9,0,1,90,6,97,0,1,99,6,106,110,0,110,216
08/14/2005,SPG,FL,ASO,ES,Federal Contract Tower,0,0,13,0,13,0,4,100,0,104,0,4,113,0,117,68,0,68,185
08/15/2005,SPG,FL,ASO,ES,Federal Contract Tower,0,0,4,0,4,0,16,74,0,90,0,16,78,0,94,114,0,114,208
08/16/2005,SPG,FL,ASO,ES,Federal Contract Tower,0,0,2,0,2,0,4,102,24,130,0,4,104,24,132,100,6,106,238
08/17/2005,SPG,FL,ASO,ES,Federal Contract Tower,0,0,14,0,14,0,8,106,0,114,0,8,120,0,128,166,0,166,294
08/18/2005,SPG,FL,ASO,ES,Federal Contract Tower,0,0,11,0,11,0,19,78,0,97,0,19,89,0,108,120,0,120,228
08/19/2005,SPG,FL,ASO,ES,Federal Contract Tower,0,0,4,0,4,0,6,78,2,86,0,6,82,2,90,126,0,126,216
08/20/2005,SPG,FL,ASO,ES,Federal Contract Tower,0,0,4,0,4,0,14,119,6,139,0,14,123,6,143,130,0,130,273
08/21/2005,SPG,FL,ASO,ES,Federal Contract Tower,0,0,10,0,10,0,6,67,0,73,0,6,77,0,83,76,0,76,159
08/22/2005,SPG,FL,ASO,ES,Federal Contract Tower,0,0,10,0,10,0,16,59,4,79,0,16,69,4,89,74,0,74,163
08/23/2005,SPG,FL,ASO,ES,Federal Contract Tower,0,0,6,0,6,0,10,66,0,76,0,10,72,0,82,126,0,126,208
08/24/2005,SPG,FL,ASO,ES,Federal Contract Tower,0,0,1,0,1,0,22,60,10,92,0,22,61,10,93,100,0,100,193
08/25/2005,SPG,FL,ASO,ES,Federal Contract Tower,0,0,4,0,4,0,8,72,0,80,0,8,76,0,84,132,0,132,216
08/26/2005,SPG,FL,ASO,ES,Federal Contract Tower,0,0,6,0,6,0,4,18,2,24,0,4,24,2,30,38,0,38,68
08/27/2005,SPG,FL,ASO,ES,Federal Contract Tower,0,0,1,0,1,0,3,32,4,39,0,3,33,4,40,24,0,24,64
08/28/2005,SPG,FL,ASO,ES,Federal Contract Tower,0,0,7,0,7,0,12,31,2,45,0,12,38,2,52,32,2,34,86
08/29/2005,SPG,FL,ASO,ES,Federal Contract Tower,0,0,2,0,2,0,8,40,0,48,0,8,42,0,50,18,0,18,68
08/30/2005,SPG,FL,ASO,ES,Federal Contract Tower,0,0,7,0,7,0,14,67,0,81,0,14,74,0,88,118,0,118,206
08/31/2005,SPG,FL,ASO,ES,Federal Contract Tower,0,0,6,0,6,0,6,82,2,90,0,6,88,2,96,100,0,100,196
09/01/2005,SPG,FL,ASO,ES,Federal Contract Tower,0,0,8,0,8,0,2,70,0,72,0,2,78,0,80,64,0,64,144
09/02/2005,SPG,FL,ASO,ES,Federal Contract Tower,0,0,18,0,18,0,5,67,0,72,0,5,85,0,90,102,0,102,192
09/03/2005,SPG,FL,ASO,ES,Federal Contract Tower,0,0,7,0,7,0,11,91,2,104,0,11,98,2,111,130,0,130,241
09/04/2005,SPG,FL,ASO,ES,Federal Contract Tower,0,2,13,0,15,0,6,78,2,86,0,8,91,2,101,94,0,94,195
09/05/2005,SPG,FL,ASO,ES,Federal Contract Tower,0,0,18,0,18,0,8,78,4,90,0,8,96,4,108,96,0,96,204
09/06/2005,SPG,FL,ASO,ES,Federal Contract Tower,0,0,5,0,5,0,6,62,0,68,0,6,67,0,73,98,0,98,171
09/07/2005,SPG,FL,ASO,ES,Federal Contract Tower,0,0,12,0,12,0,12,59,0,71,0,12,71,0,83,52,0,52,135
09/08/2005,SPG,FL,ASO,ES,Federal Contract Tower,0,0,9,0,9,0,5,43,2,50,0,5,52,2,59,24,0,24,83
09/09/2005,SPG,FL,ASO,ES,Federal Contract Tower,0,0,8,0,8,0,2,70,2,74,0,2,78,2,82,124,0,124,206
09/10/2005,SPG,FL,ASO,ES,Federal Contract Tower,0,0,12,0,12,0,5,111,7,123,0,5,123,7,135,68,0,68,203
09/11/2005,SPG,FL,ASO,ES,Federal Contract Tower,0,0,8,0,8,0,8,91,0,99,0,8,99,0,107,66,0,66,173
09/12/2005,SPG,FL,ASO,ES,Federal Contract Tower,0,0,3,0,3,0,5,60,0,65,0,5,63,0,68,70,0,70,138
09/13/2005,SPG,FL,ASO,ES,Federal Contract Tower,0,0,4,0,4,0,6,82,0,88,0,6,86,0,92,78,0,78,170
09/14/2005,SPG,FL,ASO,ES,Federal Contract Tower,0,0,6,0,6,0,9,62,2,73,0,9,68,2,79,66,0,66,145
09/15/2005,SPG,FL,ASO,ES,Federal Contract Tower,0,0,10,0,10,0,10,56,8,74,0,10,66,8,84,70,0,70,154
09/16/2005,SPG,FL,ASO,ES,Federal Contract Tower,0,0,17,0,17,0,4,64,8,76,0,4,81,8,93,84,0,84,177
09/17/2005,SPG,FL,ASO,ES,Federal Contract Tower,0,0,11,0,11,0,12,71,0,83,0,12,82,0,94,60,0,60,154
09/18/2005,SPG,FL,ASO,ES,Federal Contract Tower,0,0,12,0,12,0,6,62,0,68,0,6,74,0,80,132,0,132,212
09/19/2005,SPG,FL,ASO,ES,Federal Contract Tower,0,0,8,0,8,0,18,60,0,78,0,18,68,0,86,82,0,82,168
09/20/2005,SPG,FL,ASO,ES,Federal Contract Tower,0,0,3,0,3,0,12,43,0,55,0,12,46,0,58,44,0,44,102
09/21/2005,SPG,FL,ASO,ES,Federal Contract Tower,0,0,4,0,4,0,4,26,6,36,0,4,30,6,40,14,2,16,56
09/22/2005,SPG,FL,ASO,ES,Federal Contract Tower,0,0,7,0,7,0,0,34,0,34,0,0,41,0,41,64,0,64,105
09/23/2005,SPG,FL,ASO,ES,Federal Contract Tower,0,0,12,0,12,0,9,71,4,84,0,9,83,4,96,58,0,58,154
09/24/2005,SPG,FL,ASO,ES,Federal Contract Tower,0,0,11,0,11,0,12,99,0,111,0,12,110,0,122,100,0,100,222
09/25/2005,SPG,FL,ASO,ES,Federal Contract Tower,0,0,8,0,8,0,3,58,2,63,0,3,66,2,71,30,0,30,101
09/26/2005,SPG,FL,ASO,ES,Federal Contract Tower,0,0,4,0,4,0,4,60,0,64,0,4,64,0,68,18,0,18,86
09/27/2005,SPG,FL,ASO,ES,Federal Contract Tower,0,0,9,0,9,0,10,104,2,116,0,10,113,2,125,78,15,93,218
09/28/2005,SPG,FL,ASO,ES,Federal Contract Tower,0,0,5,0,5,0,8,75,10,93,0,8,80,10,98,72,0,72,170
09/29/2005,SPG,FL,ASO,ES,Federal Contract Tower,0,0,12,0,12,0,19,91,10,120,0,19,103,10,132,106,0,106,238
09/30/2005,SPG,FL,ASO,ES,Federal Contract Tower,0,0,18,0,18,0,12,107,2,121,0,12,125,2,139,78,0,78,217
10/01/2005,SPG,FL,ASO,ES,Federal Contract Tower,0,0,8,0,8,0,10,100,2,112,0,10,108,2,120,84,20,104,224
10/02/2005,SPG,FL,ASO,ES,Federal Contract Tower,0,0,15,0,15,0,2,70,2,74,0,2,85,2,89,52,4,56,145
10/03/2005,SPG,FL,ASO,ES,Federal Contract Tower,0,0,8,0,8,0,8,66,2,76,0,8,74,2,84,60,0,60,144
10/04/2005,SPG,FL,ASO,ES,Federal Contract Tower,0,0,14,0,14,0,6,32,0,38,0,6,46,0,52,24,0,24,76
10/05/2005,SPG,FL,ASO,ES,Federal Contract Tower,0,0,8,0,8,0,12,31,2,45,0,12,39,2,53,108,0,108,161
10/06/2005,SPG,FL,ASO,ES,Federal Contract Tower,0,0,4,0,4,0,3,18,4,25,0,3,22,4,29,8,0,8,37
10/07/2005,SPG,FL,ASO,ES,Federal Contract Tower,0,0,11,2,13,0,4,51,1,56,0,4,62,3,69,48,0,48,117
10/08/2005,SPG,FL,ASO,ES,Federal Contract Tower,0,0,11,0,11,0,8,94,0,102,0,8,105,0,113,78,0,78,191
10/09/2005,SPG,FL,ASO,ES,Federal Contract Tower,0,0,8,0,8,0,5,113,2,120,0,5,121,2,128,76,4,80,208
10/10/2005,SPG,FL,ASO,ES,Federal Contract Tower,0,0,10,0,10,0,4,85,0,89,0,4,95,0,99,56,0,56,155
10/11/2005,SPG,FL,ASO,ES,Federal Contract Tower,0,0,14,0,14,0,4,81,2,87,0,4,95,2,101,88,8,96,197
10/12/2005,SPG,FL,ASO,ES,Federal Contract Tower,0,0,11,0,11,0,11,65,6,82,0,11,76,6,93,102,0,102,195
10/13/2005,SPG,FL,ASO,ES,Federal Contract Tower,0,1,28,0,29,0,5,80,0,85,0,6,108,0,114,104,0,104,218
10/14/2005,SPG,FL,ASO,ES,Federal Contract Tower,0,0,18,0,18,0,9,104,2,115,0,9,122,2,133,168,0,168,301
10/15/2005,SPG,FL,ASO,ES,Federal Contract Tower,0,0,4,0,4,0,18,127,3,148,0,18,131,3,152,94,4,98,250
10/16/2005,SPG,FL,ASO,ES,Federal Contract Tower,0,0,16,0,16,0,8,105,0,113,0,8,121,0,129,98,0,98,227
10/17/2005,SPG,FL,ASO,ES,Federal Contract Tower,0,0,3,0,3,0,7,65,2,74,0,7,68,2,77,58,0,58,135
10/18/2005,SPG,FL,ASO,ES,Federal Contract Tower,0,0,6,0,6,0,4,86,8,98,0,4,92,8,104,72,0,72,176
10/19/2005,SPG,FL,ASO,ES,Federal Contract Tower,0,0,17,0,17,0,18,79,0,97,0,18,96,0,114,142,0,142,256
10/20/2005,SPG,FL,ASO,ES,Federal Contract Tower,0,0,13,0,13,0,20,96,8,124,0,20,109,8,137,66,0,66,203
10/21/2005,SPG,FL,ASO,ES,Federal Contract Tower,0,0,3,0,3,0,14,75,0,89,0,14,78,0,92,126,0,126,218
10/22/2005,SPG,FL,ASO,ES,Federal Contract Tower,0,0,3,0,3,0,2,68,0,70,0,2,71,0,73,64,0,64,137
10/23/2005,SPG,FL,ASO,ES,Federal Contract Tower,0,0,4,0,4,0,3,6,2,11,0,3,10,2,15,12,0,12,27
10/24/2005,SPG,FL,ASO,ES,Federal Contract Tower,0,0,2,0,2,0,4,5,18,27,0,4,7,18,29,8,0,8,37
10/25/2005,SPG,FL,ASO,ES,Federal Contract Tower,0,0,10,0,10,0,8,70,8,86,0,8,80,8,96,38,0,38,134
10/26/2005,SPG,FL,ASO,ES,Federal Contract Tower,0,0,15,0,15,0,4,115,8,127,0,4,130,8,142,116,0,116,258
10/27/2005,SPG,FL,ASO,ES,Federal Contract Tower,0,0,11,0,11,0,9,105,10,124,0,9,116,10,135,58,0,58,193
10/28/2005,SPG,FL,ASO,ES,Federal Contract Tower,0,0,7,0,7,0,18,106,2,126,0,18,113,2,133,140,0,140,273
10/29/2005,SPG,FL,ASO,ES,Federal Contract Tower,0,0,7,2,9,0,6,140,0,146,0,6,147,2,155,131,0,131,286
10/30/2005,SPG,FL,ASO,ES,Federal Contract Tower,0,0,13,0,13,0,8,73,0,81,0,8,86,0,94,42,0,42,136
10/31/2005,SPG,FL,ASO,ES,Federal Contract Tower,0,0,9,0,9,0,6,67,12,85,0,6,76,12,94,80,4,84,178
11/01/2005,SPG,FL,ASO,ES,Federal Contract Tower,0,0,11,0,11,0,2,43,2,47,0,2,54,2,58,62,0,62,120
11/02/2005,SPG,FL,ASO,ES,Federal Contract Tower,0,0,11,0,11,0,20,54,2,76,0,20,65,2,87,94,0,94,181
11/03/2005,SPG,FL,ASO,ES,Federal Contract Tower,0,0,23,0,23,0,15,100,4,119,0,15,123,4,142,66,14,80,222
11/04/2005,SPG,FL,ASO,ES,Federal Contract Tower,0,0,11,0,11,0,19,142,2,163,0,19,153,2,174,70,0,70,244
11/05/2005,SPG,FL,ASO,ES,Federal Contract Tower,0,0,8,0,8,0,20,143,2,165,0,20,151,2,173,196,28,224,397
11/06/2005,SPG,FL,ASO,ES,Federal Contract Tower,0,0,15,0,15,0,4,149,4,157,0,4,164,4,172,82,0,82,254
11/07/2005,SPG,FL,ASO,ES,Federal Contract Tower,0,0,3,0,3,0,22,103,2,127,0,22,106,2,130,102,0,102,232
11/08/2005,SPG,FL,ASO,ES,Federal Contract Tower,0,0,13,0,13,0,24,122,2,148,0,24,135,2,161,172,0,172,333
11/09/2005,SPG,FL,ASO,ES,Federal Contract Tower,0,0,12,0,12,0,8,72,6,86,0,8,84,6,98,80,0,80,178
11/10/2005,SPG,FL,ASO,ES,Federal Contract Tower,0,0,15,0,15,0,13,89,6,108,0,13,104,6,123,154,0,154,277
11/11/2005,SPG,FL,ASO,ES,Federal Contract Tower,0,0,16,0,16,0,6,123,2,131,0,6,139,2,147,98,12,110,257
11/12/2005,SPG,FL,ASO,ES,Federal Contract Tower,0,0,11,0,11,0,8,218,0,226,0,8,229,0,237,166,0,166,403
11/13/2005,SPG,FL,ASO,ES,Federal Contract Tower,0,0,18,0,18,0,6,106,0,112,0,6,124,0,130,100,0,100,230
11/14/2005,SPG,FL,ASO,ES,Federal Contract Tower,0,0,11,0,11,0,6,60,10,76,0,6,71,10,87,76,0,76,163
11/15/2005,SPG,FL,ASO,ES,Federal Contract Tower,0,0,10,0,10,0,17,85,8,110,0,17,95,8,120,110,0,110,230
11/16/2005,SPG,FL,ASO,ES,Federal Contract Tower,0,0,6,0,6,0,11,106,6,123,0,11,112,6,129,122,0,122,251
11/17/2005,SPG,FL,ASO,ES,Federal Contract Tower,0,0,39,0,39,0,3,92,2,97,0,3,131,2,136,102,0,102,238
11/18/2005,SPG,FL,ASO,ES,Federal Contract Tower,0,0,22,0,22,0,4,92,6,102,0,4,114,6,124,148,0,148,272
11/19/2005,SPG,FL,ASO,ES,Federal Contract Tower,0,0,9,0,9,0,20,120,0,140,0,20,129,0,149,136,0,136,285
11/20/2005,SPG,FL,ASO,ES,Federal Contract Tower,0,0,17,0,17,0,6,91,0,97,0,6,108,0,114,72,0,72,186
11/21/2005,SPG,FL,ASO,ES,Federal Contract Tower,0,2,13,0,15,0,2,27,2,31,0,4,40,2,46,26,0,26,72
11/22/2005,SPG,FL,ASO,ES,Federal Contract Tower,0,0,10,0,10,0,6,50,8,64,0,6,60,8,74,50,4,54,128
11/23/2005,SPG,FL,ASO,ES,Federal Contract Tower,0,1,14,0,15,0,9,142,0,151,0,10,156,0,166,154,0,154,320
11/24/2005,SPG,FL,ASO,ES,Federal Contract Tower,0,0,6,0,6,0,15,57,0,72,0,15,63,0,78,18,0,18,96
11/25/2005,SPG,FL,ASO,ES,Federal Contract Tower,0,0,16,0,16,0,13,130,2,145,0,13,146,2,161,158,0,158,319
11/26/2005,SPG,FL,ASO,ES,Federal Contract Tower,0,0,12,0,12,0,8,124,0,132,0,8,136,0,144,104,0,104,248
11/27/2005,SPG,FL,ASO,ES,Federal Contract Tower,0,0,22,0,22,0,14,133,0,147,0,14,155,0,169,76,0,76,245
11/28/2005,SPG,FL,ASO,ES,Federal Contract Tower,0,0,7,0,7,0,0,41,4,45,0,0,48,4,52,34,0,34,86
11/29/2005,SPG,FL,ASO,ES,Federal Contract Tower,0,0,7,0,7,0,3,28,0,31,0,3,35,0,38,76,0,76,114
11/30/2005,SPG,FL,ASO,ES,Federal Contract Tower,0,0,18,0,18,0,2,98,12,112,0,2,116,12,130,102,4,106,236
12/01/2005,SPG,FL,ASO,ES,Federal Contract Tower,0,0,8,0,8,0,6,86,6,98,0,6,94,6,106,100,8,108,214
12/02/2005,SPG,FL,ASO,ES,Federal Contract Tower,0,0,17,0,17,0,8,139,0,147,0,8,156,0,164,90,0,90,254
12/03/2005,SPG,FL,ASO,ES,Federal Contract Tower,0,0,7,0,7,0,10,115,2,127,0,10,122,2,134,124,20,144,278
12/04/2005,SPG,FL,ASO,ES,Federal Contract Tower,0,0,9,0,9,0,6,134,0,140,0,6,143,0,149,62,0,62,211
12/05/2005,SPG,FL,ASO,ES,Federal Contract Tower,0,0,8,0,8,0,13,89,0,102,0,13,97,0,110,66,0,66,176
12/06/2005,SPG,FL,ASO,ES,Federal Contract Tower,0,0,10,0,10,0,13,57,0,70,0,13,67,0,80,106,0,106,186
12/07/2005,SPG,FL,ASO,ES,Federal Contract Tower,0,0,16,0,16,0,6,52,9,67,0,6,68,9,83,48,2,50,133
12/08/2005,SPG,FL,ASO,ES,Federal Contract Tower,0,2,21,0,23,0,6,27,2,35,0,8,48,2,58,58,0,58,116
12/09/2005,SPG,FL,ASO,ES,Federal Contract Tower,0,0,29,0,29,0,0,19,0,19,0,0,48,0,48,78,0,78,126
12/10/2005,SPG,FL,ASO,ES,Federal Contract Tower,0,0,21,0,21,0,0,29,0,29,0,0,50,0,50,20,0,20,70
12/11/2005,SPG,FL,ASO,ES,Federal Contract Tower,0,0,10,0,10,0,10,76,4,90,0,10,86,4,100,64,16,80,180
12/12/2005,SPG,FL,ASO,ES,Federal Contract Tower,0,2,12,0,14,0,4,102,6,112,0,6,114,6,126,78,0,78,204
12/13/2005,SPG,FL,ASO,ES,Federal Contract Tower,0,0,15,0,15,0,13,99,6,118,0,13,114,6,133,76,0,76,209
12/14/2005,SPG,FL,ASO,ES,Federal Contract Tower,0,0,11,0,11,0,14,94,0,108,0,14,105,0,119,158,0,158,277
12/15/2005,SPG,FL,ASO,ES,Federal Contract Tower,0,0,14,0,14,0,4,64,0,68,0,4,78,0,82,80,0,80,162
12/16/2005,SPG,FL,ASO,ES,Federal Contract Tower,0,0,12,0,12,0,8,111,4,123,0,8,123,4,135,68,0,68,203
12/17/2005,SPG,FL,ASO,ES,Federal Contract Tower,0,0,23,0,23,0,2,28,0,30,0,2,51,0,53,74,0,74,127
12/18/2005,SPG,FL,ASO,ES,Federal Contract Tower,0,0,8,0,8,0,0,0,0,0,0,0,8,0,8,0,0,0,8
12/19/2005,SPG,FL,ASO,ES,Federal Contract Tower,0,0,18,0,18,0,12,86,2,100,0,12,104,2,118,106,14,120,238
12/20/2005,SPG,FL,ASO,ES,Federal Contract Tower,0,0,13,0,13,0,10,107,2,119,0,10,120,2,132,114,0,114,246
12/21/2005,SPG,FL,ASO,ES,Federal Contract Tower,0,0,16,0,16,0,7,92,2,101,0,7,108,2,117,140,0,140,257
12/22/2005,SPG,FL,ASO,ES,Federal Contract Tower,0,0,11,0,11,0,6,113,2,121,0,6,124,2,132,74,0,74,206
12/23/2005,SPG,FL,ASO,ES,Federal Contract Tower,0,0,15,0,15,0,2,120,0,122,0,2,135,0,137,98,0,98,235
12/24/2005,SPG,FL,ASO,ES,Federal Contract Tower,0,0,10,0,10,0,8,76,0,84,0,8,86,0,94,78,0,78,172
12/25/2005,SPG,FL,ASO,ES,Federal Contract Tower,0,0,4,0,4,0,12,11,2,25,0,12,15,2,29,18,6,24,53
12/26/2005,SPG,FL,ASO,ES,Federal Contract Tower,0,0,15,0,15,0,10,79,0,89,0,10,94,0,104,102,0,102,206
12/27/2005,SPG,FL,ASO,ES,Federal Contract Tower,0,0,6,0,6,0,14,113,2,129,0,14,119,2,135,164,8,172,307
12/28/2005,SPG,FL,ASO,ES,Federal Contract Tower,0,0,14,0,14,0,4,100,4,108,0,4,114,4,122,78,0,78,200
12/29/2005,SPG,FL,ASO,ES,Federal Contract Tower,0,0,7,0,7,0,8,118,2,128,0,8,125,2,135,60,0,60,195
12/30/2005,SPG,FL,ASO,ES,Federal Contract Tower,0,0,15,0,15,0,6,125,2,133,0,6,140,2,148,110,12,122,270
12/31/2005,SPG,FL,ASO,ES,Federal Contract Tower,0,0,9,0,9,0,14,86,0,100,0,14,95,0,109,150,0,150,259
01/01/2006,SPG,FL,ASO,ES,Federal Contract Tower,0,0,5,0,5,0,6,56,0,62,0,6,61,0,67,74,0,74,141
01/02/2006,SPG,FL,ASO,ES,Federal Contract Tower,0,0,7,0,7,0,12,71,0,83,0,12,78,0,90,158,0,158,248
01/03/2006,SPG,FL,ASO,ES,Federal Contract Tower,0,0,11,0,11,0,6,59,0,65,0,6,70,0,76,121,0,121,197
01/04/2006,SPG,FL,ASO,ES,Federal Contract Tower,0,0,3,0,3,0,16,110,2,128,0,16,113,2,131,132,0,132,263
01/05/2006,SPG,FL,ASO,ES,Federal Contract Tower,0,0,18,0,18,0,7,116,0,123,0,7,134,0,141,80,0,80,221
01/06/2006,SPG,FL,ASO,ES,Federal Contract Tower,0,0,13,0,13,0,10,52,4,66,0,10,65,4,79,12,0,12,91
01/07/2006,SPG,FL,ASO,ES,Federal Contract Tower,0,0,10,0,10,0,9,90,0,99,0,9,100,0,109,138,0,138,247
01/08/2006,SPG,FL,ASO,ES,Federal Contract Tower,0,0,8,0,8,0,2,136,0,138,0,2,144,0,146,110,0,110,256
01/09/2006,SPG,FL,ASO,ES,Federal Contract Tower,0,0,7,0,7,0,8,75,0,83,0,8,82,0,90,208,0,208,298
01/10/2006,SPG,FL,ASO,ES,Federal Contract Tower,0,0,14,0,14,0,13,89,6,108,0,13,103,6,122,148,10,158,280
01/11/2006,SPG,FL,ASO,ES,Federal Contract Tower,0,0,9,0,9,0,6,149,17,172,0,6,158,17,181,104,48,152,333
01/12/2006,SPG,FL,ASO,ES,Federal Contract Tower,0,0,7,0,7,0,4,91,11,106,0,4,98,11,113,96,0,96,209
01/13/2006,SPG,FL,ASO,ES,Federal Contract Tower,0,0,15,1,16,0,14,50,1,65,0,14,65,2,81,58,0,58,139
01/14/2006,SPG,FL,ASO,ES,Federal Contract Tower,0,0,10,0,10,0,1,27,0,28,0,1,37,0,38,4,0,4,42
01/15/2006,SPG,FL,ASO,ES,Federal Contract Tower,0,0,6,0,6,0,10,131,0,141,0,10,137,0,147,100,0,100,247
01/16/2006,SPG,FL,ASO,ES,Federal Contract Tower,0,0,7,0,7,0,10,113,2,125,0,10,120,2,132,124,0,124,256
01/17/2006,SPG,FL,ASO,ES,Federal Contract Tower,0,2,14,0,16,0,2,70,4,76,0,4,84,4,92,14,0,14,106
01/18/2006,SPG,FL,ASO,ES,Federal Contract Tower,0,2,14,0,16,0,11,74,5,90,0,13,88,5,106,66,0,66,172
01/19/2006,SPG,FL,ASO,ES,Federal Contract Tower,0,0,23,0,23,0,14,114,14,142,0,14,137,14,165,124,8,132,297
01/20/2006,SPG,FL,ASO,ES,Federal Contract Tower,0,0,21,0,21,0,17,106,4,127,0,17,127,4,148,136,0,136,284
01/21/2006,SPG,FL,ASO,ES,Federal Contract Tower,0,0,10,0,10,0,6,93,6,105,0,6,103,6,115,74,4,78,193
01/22/2006,SPG,FL,ASO,ES,Federal Contract Tower,0,0,11,0,11,0,10,95,0,105,0,10,106,0,116,113,0,113,229
01/23/2006,SPG,FL,ASO,ES,Federal Contract Tower,0,0,12,0,12,0,8,75,11,94,0,8,87,11,106,64,16,80,186
01/24/2006,SPG,FL,ASO,ES,Federal Contract Tower,0,0,11,0,11,0,1,33,3,37,0,1,44,3,48,58,2,60,108
01/25/2006,SPG,FL,ASO,ES,Federal Contract Tower,0,1,14,0,15,0,7,112,8,127,0,8,126,8,142,116,0,116,258
01/26/2006,SPG,FL,ASO,ES,Federal Contract Tower,0,0,17,0,17,0,7,127,2,136,0,7,144,2,153,116,10,126,279
01/27/2006,SPG,FL,ASO,ES,Federal Contract Tower,0,0,2,0,2,0,15,101,6,122,0,15,103,6,124,126,12,138,262
01/28/2006,SPG,FL,ASO,ES,Federal Contract Tower,0,0,11,0,11,0,14,97,0,111,0,14,108,0,122,122,0,122,244
01/29/2006,SPG,FL,ASO,ES,Federal Contract Tower,0,0,6,0,6,0,12,85,0,97,0,12,91,0,103,130,0,130,233
01/30/2006,SPG,FL,ASO,ES,Federal Contract Tower,0,0,8,0,8,0,3,23,2,28,0,3,31,2,36,80,0,80,116
01/31/2006,SPG,FL,ASO,ES,Federal Contract Tower,0,0,10,0,10,0,14,100,4,118,0,14,110,4,128,176,0,176,304
02/01/2006,SPG,FL,ASO,ES,Federal Contract Tower,0,0,7,0,7,0,16,137,5,158,0,16,144,5,165,162,8,170,335
02/02/2006,SPG,FL,ASO,ES,Federal Contract Tower,0,0,23,0,23,0,9,55,0,64,0,9,78,0,87,140,0,140,227
02/03/2006,SPG,FL,ASO,ES,Federal Contract Tower,0,0,5,0,5,0,0,16,0,16,0,0,21,0,21,0,0,0,21
02/04/2006,SPG,FL,ASO,ES,Federal Contract Tower,0,0,4,0,4,0,3,4,0,7,0,3,8,0,11,6,0,6,17
02/05/2006,SPG,FL,ASO,ES,Federal Contract Tower,0,0,9,0,9,0,4,123,0,127,0,4,132,0,136,80,0,80,216
02/06/2006,SPG,FL,ASO,ES,Federal Contract Tower,0,0,7,0,7,0,10,141,4,155,0,10,148,4,162,64,0,64,226
02/07/2006,SPG,FL,ASO,ES,Federal Contract Tower,0,0,13,0,13,0,5,55,11,71,0,5,68,11,84,50,0,50,134
02/08/2006,SPG,FL,ASO,ES,Federal Contract Tower,0,0,9,0,9,0,10,102,4,116,0,10,111,4,125,140,22,162,287
02/09/2006,SPG,FL,ASO,ES,Federal Contract Tower,0,0,15,0,15,0,4,95,4,103,0,4,110,4,118,76,14,90,208
02/10/2006,SPG,FL,ASO,ES,Federal Contract Tower,0,0,11,0,11,0,16,125,4,145,0,16,136,4,156,138,0,138,294
02/11/2006,SPG,FL,ASO,ES,Federal Contract Tower,0,0,5,0,5,0,0,46,4,50,0,0,51,4,55,38,0,38,93
02/12/2006,SPG,FL,ASO,ES,Federal Contract Tower,0,0,10,0,10,0,8,27,0,35,0,8,37,0,45,28,0,28,73
02/13/2006,SPG,FL,ASO,ES,Federal Contract Tower,0,0,8,0,8,0,0,71,5,76,0,0,79,5,84,16,0,16,100
02/14/2006,SPG,FL,ASO,ES,Federal Contract Tower,0,0,12,0,12,0,6,156,2,164,0,6,168,2,176,168,0,168,344
02/15/2006,SPG,FL,ASO,ES,Federal Contract Tower,0,0,16,0,16,0,6,138,4,148,0,6,154,4,164,132,0,132,296
02/16/2006,SPG,FL,ASO,ES,Federal Contract Tower,0,1,17,0,18,0,19,114,2,135,0,20,131,2,153,158,0,158,311
02/17/2006,SPG,FL,ASO,ES,Federal Contract Tower,0,0,16,0,16,0,4,73,0,77,0,4,89,0,93,38,0,38,131
02/18/2006,SPG,FL,ASO,ES,Federal Contract Tower,0,0,21,0,21,0,9,124,2,135,0,9,145,2,156,114,0,114,270
02/19/2006,SPG,FL,ASO,ES,Federal Contract Tower,0,0,25,0,25,0,0,50,0,50,0,0,75,0,75,46,0,46,121
02/20/2006,SPG,FL,ASO,ES,Federal Contract Tower,0,0,15,0,15,0,5,90,6,101,0,5,105,6,116,68,0,68,184
02/21/2006,SPG,FL,ASO,ES,Federal Contract Tower,0,0,10,0,10,0,2,86,0,88,0,2,96,0,98,96,0,96,194
02/22/2006,SPG,FL,ASO,ES,Federal Contract Tower,0,2,12,1,15,0,10,116,1,127,0,12,128,2,142,158,8,166,308
02/23/2006,SPG,FL,ASO,ES,Federal Contract Tower,0,0,12,0,12,0,0,49,2,51,0,0,61,2,63,40,0,40,103
02/24/2006,SPG,FL,ASO,ES,Federal Contract Tower,0,0,18,0,18,0,3,50,2,55,0,3,68,2,73,42,0,42,115
02/25/2006,SPG,FL,ASO,ES,Federal Contract Tower,0,0,13,0,13,0,12,107,6,125,0,12,120,6,138,126,0,126,264
02/26/2006,SPG,FL,ASO,ES,Federal Contract Tower,0,0,10,0,10,0,4,22,2,28,0,4,32,2,38,20,0,20,58
02/27/2006,SPG,FL,ASO,ES,Federal Contract Tower,0,1,16,0,17,0,0,106,2,108,0,1,122,2,125,124,0,124,249
02/28/2006,SPG,FL,ASO,ES,Federal Contract Tower,0,0,5,1,6,0,0,127,3,130,0,0,132,4,136,168,16,184,320
03/01/2006,SPG,FL,ASO,ES,Federal Contract Tower,0,0,19,0,19,0,5,148,0,153,0,5,167,0,172,72,0,72,244
03/02/2006,SPG,FL,ASO,ES,Federal Contract Tower,0,0,10,0,10,0,10,113,0,123,0,10,123,0,133,120,0,120,253
03/03/2006,SPG,FL,ASO,ES,Federal Contract Tower,0,0,8,0,8,0,9,94,2,105,0,9,102,2,113,132,2,134,247
03/04/2006,SPG,FL,ASO,ES,Federal Contract Tower,0,0,6,0,6,0,18,130,0,148,0,18,136,0,154,174,0,174,328
03/05/2006,SPG,FL,ASO,ES,Federal Contract Tower,0,0,7,0,7,0,4,144,4,152,0,4,151,4,159,116,0,116,275
03/06/2006,SPG,FL,ASO,ES,Federal Contract Tower,0,0,7,0,7,0,10,68,0,78,0,10,75,0,85,78,0,78,163
03/07/2006,SPG,FL,ASO,ES,Federal Contract Tower,0,0,14,0,14,0,8,118,4,130,0,8,132,4,144,68,0,68,212
03/08/2006,SPG,FL,ASO,ES,Federal Contract Tower,0,0,6,0,6,0,7,99,6,112,0,7,105,6,118,106,0,106,224
03/09/2006,SPG,FL,ASO,ES,Federal Contract Tower,0,0,10,0,10,0,18,80,2,100,0,18,90,2,110,94,0,94,204
03/10/2006,SPG,FL,ASO,ES,Federal Contract Tower,0,0,15,0,15,0,7,112,0,119,0,7,127,0,134,136,0,136,270
03/11/2006,SPG,FL,ASO,ES,Federal Contract Tower,0,0,14,0,14,0,8,122,2,132,0,8,136,2,146,200,0,200,346
03/12/2006,SPG,FL,ASO,ES,Federal Contract Tower,0,0,20,0,20,0,0,103,0,103,0,0,123,0,123,168,0,168,291
03/13/2006,SPG,FL,ASO,ES,Federal Contract Tower,0,0,8,0,8,0,10,112,0,122,0,10,120,0,130,206,0,206,336
03/14/2006,SPG,FL,ASO,ES,Federal Contract Tower,0,0,9,0,9,0,6,105,2,113,0,6,114,2,122,122,0,122,244
03/15/2006,SPG,FL,ASO,ES,Federal Contract Tower,0,1,14,0,15,0,5,144,12,161,0,6,158,12,176,122,14,136,312
03/16/2006,SPG,FL,ASO,ES,Federal Contract Tower,0,0,18,0,18,0,10,105,0,115,0,10,123,0,133,128,0,128,261
03/17/2006,SPG,FL,ASO,ES,Federal Contract Tower,0,0,27,0,27,0,3,97,0,100,0,3,124,0,127,174,0,174,301
03/18/2006,SPG,FL,ASO,ES,Federal Contract Tower,0,0,11,0,11,0,16,138,0,154,0,16,149,0,165,140,0,140,305
03/19/2006,SPG,FL,ASO,ES,Federal Contract Tower,0,0,12,0,12,0,8,110,0,118,0,8,122,0,130,118,0,118,248
03/20/2006,SPG,FL,ASO,ES,Federal Contract Tower,0,0,13,0,13,0,10,53,0,63,0,10,66,0,76,146,0,146,222
03/21/2006,SPG,FL,ASO,ES,Federal Contract Tower,0,0,13,0,13,0,12,51,2,65,0,12,64,2,78,128,0,128,206
03/22/2006,SPG,FL,ASO,ES,Federal Contract Tower,0,0,14,0,14,0,9,111,2,122,0,9,125,2,136,74,0,74,210
03/23/2006,SPG,FL,ASO,ES,Federal Contract Tower,0,0,14,0,14,0,6,72,2,80,0,6,86,2,94,120,0,120,214
03/24/2006,SPG,FL,ASO,ES,Federal Contract Tower,0,0,18,0,18,0,4,87,4,95,0,4,105,4,113,78,0,78,191
03/25/2006,SPG,FL,ASO,ES,Federal Contract Tower,0,0,9,0,9,0,20,91,5,116,0,20,100,5,125,132,4,136,261
03/26/2006,SPG,FL,ASO,ES,Federal Contract Tower,0,0,13,0,13,0,10,89,4,103,0,10,102,4,116,90,0,90,206
03/27/2006,SPG,FL,ASO,ES,Federal Contract Tower,0,0,8,0,8,0,4,105,4,113,0,4,113,4,121,122,0,122,243
03/28/2006,SPG,FL,ASO,ES,Federal Contract Tower,0,0,15,0,15,0,17,120,10,147,0,17,135,10,162,226,0,226,388
03/29/2006,SPG,FL,ASO,ES,Federal Contract Tower,0,0,9,0,9,0,6,125,2,133,0,6,134,2,142,142,0,142,284
03/30/2006,SPG,FL,ASO,ES,Federal Contract Tower,0,0,6,0,6,0,6,136,18,160,0,6,142,18,166,110,16,126,292
03/31/2006,SPG,FL,ASO,ES,Federal Contract Tower,0,0,12,0,12,0,13,131,8,152,0,13,143,8,164,84,0,84,248
04/01/2006,SPG,FL,ASO,ES,Federal Contract Tower,0,0,12,0,12,0,14,201,2,217,0,14,213,2,229,104,0,104,333
04/02/2006,SPG,FL,ASO,ES,Federal Contract Tower,0,0,16,0,16,0,8,159,0,167,0,8,175,0,183,84,0,84,267
04/03/2006,SPG,FL,ASO,ES,Federal Contract Tower,0,0,7,0,7,0,7,99,6,112,0,7,106,6,119,114,0,114,233
04/04/2006,SPG,FL,ASO,ES,Federal Contract Tower,0,0,8,0,8,0,23,57,2,82,0,23,65,2,90,120,0,120,210
04/05/2006,SPG,FL,ASO,ES,Federal Contract Tower,0,0,13,0,13,0,16,121,4,141,0,16,134,4,154,190,0,190,344
04/06/2006,SPG,FL,ASO,ES,Federal Contract Tower,0,0,19,0,19,0,12,123,8,143,0,12,142,8,162,148,0,148,310
04/07/2006,SPG,FL,ASO,ES,Federal Contract Tower,0,0,16,0,16,0,16,108,1,125,0,16,124,1,141,84,0,84,225
04/08/2006,SPG,FL,ASO,ES,Federal Contract Tower,0,0,6,0,6,0,6,61,2,69,0,6,67,2,75,72,0,72,147
04/09/2006,SPG,FL,ASO,ES,Federal Contract Tower,0,0,19,0,19,0,2,94,2,98,0,2,113,2,117,96,0,96,213
04/10/2006,SPG,FL,ASO,ES,Federal Contract Tower,0,0,22,0,22,0,20,102,2,124,0,20,124,2,146,124,0,124,270
04/11/2006,SPG,FL,ASO,ES,Federal Contract Tower,0,0,17,0,17,0,13,120,4,137,0,13,137,4,154,200,4,204,358
04/12/2006,SPG,FL,ASO,ES,Federal Contract Tower,0,0,13,0,13,0,8,107,6,121,0,8,120,6,134,134,0,134,268
04/13/2006,SPG,FL,ASO,ES,Federal Contract Tower,0,0,10,0,10,0,13,128,10,151,0,13,138,10,161,130,0,130,291
04/14/2006,SPG,FL,ASO,ES,Federal Contract Tower,0,0,21,0,21,0,15,152,2,169,0,15,173,2,190,132,0,132,322
04/15/2006,SPG,FL,ASO,ES,Federal Contract Tower,0,0,12,0,12,0,10,159,0,169,0,10,171,0,181,130,0,130,311
04/16/2006,SPG,FL,ASO,ES,Federal Contract Tower,0,0,13,0,13,0,10,83,0,93,0,10,96,0,106,86,0,86,192
04/17/2006,SPG,FL,ASO,ES,Federal Contract Tower,0,0,21,0,21,0,0,75,6,81,0,0,96,6,102,76,0,76,178
04/18/2006,SPG,FL,ASO,ES,Federal Contract Tower,0,0,20,0,20,0,10,102,10,122,0,10,122,10,142,130,0,130,272
04/19/2006,SPG,FL,ASO,ES,Federal Contract Tower,0,0,18,0,18,0,16,124,4,144,0,16,142,4,162,110,0,110,272
04/20/2006,SPG,FL,ASO,ES,Federal Contract Tower,0,0,12,0,12,0,35,89,8,132,0,35,101,8,144,110,0,110,254
04/21/2006,SPG,FL,ASO,ES,Federal Contract Tower,0,0,19,0,19,0,6,77,6,89,0,6,96,6,108,86,0,86,194
04/22/2006,SPG,FL,ASO,ES,Federal Contract Tower,0,0,13,0,13,0,12,75,0,87,0,12,88,0,100,134,0,134,234
04/23/2006,SPG,FL,ASO,ES,Federal Contract Tower,0,0,20,0,20,0,6,75,4,85,0,6,95,4,105,102,0,102,207
04/24/2006,SPG,FL,ASO,ES,Federal Contract Tower,0,1,11,0,12,0,14,76,2,92,0,15,87,2,104,226,0,226,330
04/25/2006,SPG,FL,ASO,ES,Federal Contract Tower,0,1,10,0,11,0,23,95,4,122,0,24,105,4,133,130,0,130,263
04/26/2006,SPG,FL,ASO,ES,Federal Contract Tower,0,0,15,0,15,0,5,146,6,157,0,5,161,6,172,178,0,178,350
04/27/2006,SPG,FL,ASO,ES,Federal Contract Tower,0,0,10,0,10,0,4,65,0,69,0,4,75,0,79,58,0,58,137
04/28/2006,SPG,FL,ASO,ES,Federal Contract Tower,0,0,22,0,22,0,4,109,6,119,0,4,131,6,141,148,0,148,289
04/29/2006,SPG,FL,ASO,ES,Federal Contract Tower,0,0,11,0,11,0,10,76,8,94,0,10,87,8,105,116,0,116,221
04/30/2006,SPG,FL,ASO,ES,Federal Contract Tower,0,0,21,0,21,0,14,78,0,92,0,14,99,0,113,68,0,68,181
05/01/2006,SPG,FL,ASO,ES,Federal Contract Tower,0,0,12,0,12,0,6,90,4,100,0,6,102,4,112,164,0,164,276
05/02/2006,SPG,FL,ASO,ES,Federal Contract Tower,0,0,9,0,9,0,2,121,4,127,0,2,130,4,136,124,0,124,260
05/03/2006,SPG,FL,ASO,ES,Federal Contract Tower,0,0,13,0,13,0,4,105,2,111,0,4,118,2,124,108,0,108,232
05/04/2006,SPG,FL,ASO,ES,Federal Contract Tower,0,0,11,0,11,0,10,126,2,138,0,10,137,2,149,84,0,84,233
05/05/2006,SPG,FL,ASO,ES,Federal Contract Tower,0,0,20,0,20,0,6,111,4,121,0,6,131,4,141,94,0,94,235
05/06/2006,SPG,FL,ASO,ES,Federal Contract Tower,0,0,19,0,19,0,4,150,0,154,0,4,169,0,173,156,0,156,329
05/07/2006,SPG,FL,ASO,ES,Federal Contract Tower,0,0,14,0,14,0,10,77,14,101,0,10,91,14,115,65,0,65,180
05/08/2006,SPG,FL,ASO,ES,Federal Contract Tower,0,0,7,0,7,0,9,58,6,73,0,9,65,6,80,42,0,42,122
05/09/2006,SPG,FL,ASO,ES,Federal Contract Tower,0,0,10,0,10,0,6,32,2,40,0,6,42,2,50,52,0,52,102
05/10/2006,SPG,FL,ASO,ES,Federal Contract Tower,0,0,19,0,19,0,4,99,6,109,0,4,118,6,128,146,0,146,274
05/11/2006,SPG,FL,ASO,ES,Federal Contract Tower,0,0,19,0,19,0,4,64,0,68,0,4,83,0,87,100,0,100,187
05/12/2006,SPG,FL,ASO,ES,Federal Contract Tower,0,0,14,0,14,0,13,125,4,142,0,13,139,4,156,152,0,152,308
05/13/2006,SPG,FL,ASO,ES,Federal Contract Tower,0,0,9,0,9,0,3,105,2,110,0,3,114,2,119,124,0,124,243
05/14/2006,SPG,FL,ASO,ES,Federal Contract Tower,0,0,11,0,11,0,2,106,0,108,0,2,117,0,119,94,0,94,213
05/15/2006,SPG,FL,ASO,ES,Federal Contract Tower,0,0,10,0,10,0,4,97,6,107,0,4,107,6,117,112,0,112,229
05/16/2006,SPG,FL,ASO,ES,Federal Contract Tower,0,0,13,0,13,0,4,10,0,14,0,4,23,0,27,28,0,28,55
05/17/2006,SPG,FL,ASO,ES,Federal Contract Tower,0,0,23,0,23,0,12,125,6,143,0,12,148,6,166,120,16,136,302
05/18/2006,SPG,FL,ASO,ES,Federal Contract Tower,0,0,14,0,14,0,8,95,2,105,0,8,109,2,119,108,0,108,227
05/19/2006,SPG,FL,ASO,ES,Federal Contract Tower,0,0,8,0,8,0,11,82,5,98,0,11,90,5,106,96,14,110,216
05/20/2006,SPG,FL,ASO,ES,Federal Contract Tower,0,0,10,0,10,0,6,126,0,132,0,6,136,0,142,210,0,210,352
05/21/2006,SPG,FL,ASO,ES,Federal Contract Tower,0,0,15,0,15,0,4,85,0,89,0,4,100,0,104,59,0,59,163
05/22/2006,SPG,FL,ASO,ES,Federal Contract Tower,0,0,13,0,13,0,20,78,2,100,0,20,91,2,113,196,0,196,309
05/23/2006,SPG,FL,ASO,ES,Federal Contract Tower,0,0,11,0,11,0,5,49,8,62,0,5,60,8,73,54,12,66,139
05/24/2006,SPG,FL,ASO,ES,Federal Contract Tower,0,0,7,0,7,0,4,65,10,79,0,4,72,10,86,94,0,94,180
05/25/2006,SPG,FL,ASO,ES,Federal Contract Tower,0,0,12,0,12,0,6,91,2,99,0,6,103,2,111,78,0,78,189
05/26/2006,SPG,FL,ASO,ES,Federal Contract Tower,0,0,15,0,15,0,14,123,4,141,0,14,138,4,156,94,0,94,250
05/27/2006,SPG,FL,ASO,ES,Federal Contract Tower,0,0,10,0,10,0,10,113,1,124,0,10,123,1,134,118,0,118,252
05/28/2006,SPG,FL,ASO,ES,Federal Contract Tower,0,0,9,0,9,0,8,75,4,87,0,8,84,4,96,112,0,112,208
05/29/2006,SPG,FL,ASO,ES,Federal Contract Tower,0,1,9,0,10,0,2,76,0,78,0,3,85,0,88,110,0,110,198
05/30/2006,SPG,FL,ASO,ES,Federal Contract Tower,0,0,12,0,12,0,7,67,4,78,0,7,79,4,90,78,0,78,168
05/31/2006,SPG,FL,ASO,ES,Federal Contract Tower,0,0,7,0,7,0,2,79,6,87,0,2,86,6,94,136,2,138,232
06/01/2006,SPG,FL,ASO,ES,Federal Contract Tower,0,0,3,0,3,0,1,59,8,68,0,1,62,8,71,62,0,62,133
06/02/2006,SPG,FL,ASO,ES,Federal Contract Tower,0,0,18,0,18,0,7,93,6,106,0,7,111,6,124,184,14,198,322
06/03/2006,SPG,FL,ASO,ES,Federal Contract Tower,0,0,10,0,10,0,9,126,0,135,0,9,136,0,145,138,0,138,283
06/04/2006,SPG,FL,ASO,ES,Federal Contract Tower,0,0,7,0,7,0,13,89,2,104,0,13,96,2,111,90,0,90,201
06/05/2006,SPG,FL,ASO,ES,Federal Contract Tower,0,0,8,0,8,0,9,70,4,83,0,9,78,4,91,78,26,104,195
06/06/2006,SPG,FL,ASO,ES,Federal Contract Tower,0,0,7,0,7,0,6,123,8,137,0,6,130,8,144,104,46,150,294
06/07/2006,SPG,FL,ASO,ES,Federal Contract Tower,0,0,9,0,9,0,8,106,4,118,0,8,115,4,127,104,20,124,251
06/08/2006,SPG,FL,ASO,ES,Federal Contract Tower,0,0,7,0,7,0,16,99,6,121,0,16,106,6,128,118,4,122,250
06/09/2006,SPG,FL,ASO,ES,Federal Contract Tower,0,0,11,0,11,0,9,109,2,120,0,9,120,2,131,112,0,112,243
06/10/2006,SPG,FL,ASO,ES,Federal Contract Tower,0,0,7,0,7,0,2,191,2,195,0,2,198,2,202,140,0,140,342
06/11/2006,SPG,FL,ASO,ES,Federal Contract Tower,0,0,9,0,9,0,4,35,0,39,0,4,44,0,48,30,0,30,78
06/12/2006,SPG,FL,ASO,ES,Federal Contract Tower,0,0,0,0,0,0,0,2,0,2,0,0,2,0,2,0,0,0,2
06/13/2006,SPG,FL,ASO,ES,Federal Contract Tower,0,0,4,0,4,0,0,29,15,44,0,0,33,15,48,0,0,0,48
06/14/2006,SPG,FL,ASO,ES,Federal Contract Tower,0,0,7,0,7,0,3,65,0,68,0,3,72,0,75,68,0,68,143
06/15/2006,SPG,FL,ASO,ES,Federal Contract Tower,0,1,16,0,17,0,8,97,8,113,0,9,113,8,130,106,0,106,236
06/16/2006,SPG,FL,ASO,ES,Federal Contract Tower,0,0,11,0,11,0,9,116,0,125,0,9,127,0,136,148,0,148,284
06/17/2006,SPG,FL,ASO,ES,Federal Contract Tower,0,1,9,0,10,0,5,93,2,100,0,6,102,2,110,90,0,90,200
06/18/2006,SPG,FL,ASO,ES,Federal Contract Tower,0,0,22,0,22,0,12,98,0,110,0,12,120,0,132,88,0,88,220
06/19/2006,SPG,FL,ASO,ES,Federal Contract Tower,0,0,9,0,9,0,4,60,2,66,0,4,69,2,75,64,0,64,139
06/20/2006,SPG,FL,ASO,ES,Federal Contract Tower,0,0,14,0,14,0,10,116,2,128,0,10,130,2,142,84,14,98,240
06/21/2006,SPG,FL,ASO,ES,Federal Contract Tower,0,0,9,0,9,0,6,126,2,134,0,6,135,2,143,92,0,92,235
06/22/2006,SPG,FL,ASO,ES,Federal Contract Tower,0,0,11,0,11,0,12,107,7,126,0,12,118,7,137,134,2,136,273
06/23/2006,SPG,FL,ASO,ES,Federal Contract Tower,0,0,14,0,14,0,12,122,4,138,0,12,136,4,152,162,0,162,314
06/24/2006,SPG,FL,ASO,ES,Federal Contract Tower,0,0,10,0,10,0,14,113,2,129,0,14,123,2,139,114,0,114,253
06/25/2006,SPG,FL,ASO,ES,Federal Contract Tower,0,0,9,0,9,0,4,35,2,41,0,4,44,2,50,38,0,38,88
06/26/2006,SPG,FL,ASO,ES,Federal Contract Tower,0,0,4,0,4,0,2,40,2,44,0,2,44,2,48,30,4,34,82
06/27/2006,SPG,FL,ASO,ES,Federal Contract Tower,0,0,11,0,11,0,15,65,4,84,0,15,76,4,95,72,0,72,167
06/28/2006,SPG,FL,ASO,ES,Federal Contract Tower,0,0,8,0,8,0,1,95,5,101,0,1,103,5,109,138,0,138,247
06/29/2006,SPG,FL,ASO,ES,Federal Contract Tower,0,0,10,0,10,0,8,88,10,106,0,8,98,10,116,144,32,176,292
06/30/2006,SPG,FL,ASO,ES,Federal Contract Tower,0,0,8,0,8,0,8,98,4,110,0,8,106,4,118,112,0,112,230
07/01/2006,SPG,FL,ASO,ES,Federal Contract Tower,0,0,15,0,15,0,2,112,0,114,0,2,127,0,129,174,0,174,303
07/02/2006,SPG,FL,ASO,ES,Federal Contract Tower,0,0,6,0,6,0,0,73,0,73,0,0,79,0,79,50,0,50,129
07/03/2006,SPG,FL,ASO,ES,Federal Contract Tower,0,0,10,0,10,0,4,64,0,68,0,4,74,0,78,120,0,120,198
07/04/2006,SPG,FL,ASO,ES,Federal Contract Tower,0,0,5,0,5,0,0,92,4,96,0,0,97,4,101,90,0,90,191
07/05/2006,SPG,FL,ASO,ES,Federal Contract Tower,0,2,8,0,10,0,0,71,6,77,0,2,79,6,87,94,0,94,181
07/06/2006,SPG,FL,ASO,ES,Federal Contract Tower,0,0,10,0,10,0,17,67,8,92,0,17,77,8,102,126,0,126,228
07/07/2006,SPG,FL,ASO,ES,Federal Contract Tower,0,0,9,0,9,0,17,49,2,68,0,17,58,2,77,122,2,124,201
07/08/2006,SPG,FL,ASO,ES,Federal Contract Tower,0,0,10,0,10,0,12,53,0,65,0,12,63,0,75,84,0,84,159
07/09/2006,SPG,FL,ASO,ES,Federal Contract Tower,0,0,16,0,16,0,4,111,0,115,0,4,127,0,131,130,0,130,261
07/10/2006,SPG,FL,ASO,ES,Federal Contract Tower,0,0,6,0,6,0,2,69,9,80,0,2,75,9,86,74,6,80,166
07/11/2006,SPG,FL,ASO,ES,Federal Contract Tower,0,2,6,0,8,0,4,68,4,76,0,6,74,4,84,68,0,68,152
07/12/2006,SPG,FL,ASO,ES,Federal Contract Tower,0,0,5,0,5,0,2,70,4,76,0,2,75,4,81,88,8,96,177
07/13/2006,SPG,FL,ASO,ES,Federal Contract Tower,0,0,16,0,16,0,0,52,6,58,0,0,68,6,74,34,0,34,108
07/14/2006,SPG,FL,ASO,ES,Federal Contract Tower,0,0,16,0,16,0,12,116,6,134,0,12,132,6,150,122,0,122,272
07/15/2006,SPG,FL,ASO,ES,Federal Contract Tower,0,0,8,0,8,0,4,146,2,152,0,4,154,2,160,220,0,220,380
07/16/2006,SPG,FL,ASO,ES,Federal Contract Tower,0,0,11,0,11,0,10,108,4,122,0,10,119,4,133,102,0,102,235
07/17/2006,SPG,FL,ASO,ES,Federal Contract Tower,0,0,12,0,12,0,6,52,6,64,0,6,64,6,76,78,0,78,154
07/18/2006,SPG,FL,ASO,ES,Federal Contract Tower,0,0,10,0,10,0,1,121,18,140,0,1,131,18,150,136,54,190,340
07/19/2006,SPG,FL,ASO,ES,Federal Contract Tower,0,0,9,0,9,0,8,87,4,99,0,8,96,4,108,122,0,122,230
07/20/2006,SPG,FL,ASO,ES,Federal Contract Tower,0,0,11,0,11,0,7,100,4,111,0,7,111,4,122,84,0,84,206
07/21/2006,SPG,FL,ASO,ES,Federal Contract Tower,0,0,7,0,7,0,6,132,2,140,0,6,139,2,147,206,0,206,353
07/22/2006,SPG,FL,ASO,ES,Federal Contract Tower,0,0,18,0,18,0,6,59,2,67,0,6,77,2,85,98,0,98,183
07/23/2006,SPG,FL,ASO,ES,Federal Contract Tower,0,0,8,0,8,0,2,41,0,43,0,2,49,0,51,128,0,128,179
07/24/2006,SPG,FL,ASO,ES,Federal Contract Tower,0,0,10,0,10,0,2,78,4,84,0,2,88,4,94,84,0,84,178
07/25/2006,SPG,FL,ASO,ES,Federal Contract Tower,0,0,18,0,18,0,5,100,7,112,0,5,118,7,130,116,10,126,256
07/26/2006,SPG,FL,ASO,ES,Federal Contract Tower,0,0,5,0,5,0,8,111,2,121,0,8,116,2,126,186,0,186,312
07/27/2006,SPG,FL,ASO,ES,Federal Contract Tower,0,0,12,0,12,0,2,63,6,71,0,2,75,6,83,48,0,48,131
07/28/2006,SPG,FL,ASO,ES,Federal Contract Tower,0,0,11,0,11,0,3,81,4,88,0,3,92,4,99,100,0,100,199
07/29/2006,SPG,FL,ASO,ES,Federal Contract Tower,0,0,15,0,15,0,12,74,0,86,0,12,89,0,101,132,0,132,233
07/30/2006,SPG,FL,ASO,ES,Federal Contract Tower,0,0,11,0,11,0,12,98,0,110,0,12,109,0,121,113,0,113,234
07/31/2006,SPG,FL,ASO,ES,Federal Contract Tower,0,0,10,0,10,0,4,78,4,86,0,4,88,4,96,118,0,118,214
08/01/2006,SPG,FL,ASO,ES,Federal Contract Tower,0,0,16,0,16,0,8,106,8,122,0,8,122,8,138,74,4,78,216
08/02/2006,SPG,FL,ASO,ES,Federal Contract Tower,0,0,8,0,8,0,10,108,6,124,0,10,116,6,132,210,18,228,360
08/03/2006,SPG,FL,ASO,ES,Federal Contract Tower,0,0,8,0,8,0,14,98,8,120,0,14,106,8,128,214,20,234,362
08/04/2006,SPG,FL,ASO,ES,Federal Contract Tower,0,0,4,0,4,0,4,60,0,64,0,4,64,0,68,106,0,106,174
08/05/2006,SPG,FL,ASO,ES,Federal Contract Tower,0,0,9,0,9,0,8,99,2,109,0,8,108,2,118,298,0,298,416
08/06/2006,SPG,FL,ASO,ES,Federal Contract Tower,0,0,6,0,6,0,8,76,4,88,0,8,82,4,94,140,0,140,234
08/07/2006,SPG,FL,ASO,ES,Federal Contract Tower,0,0,8,0,8,0,10,70,8,88,0,10,78,8,96,122,0,122,218
08/08/2006,SPG,FL,ASO,ES,Federal Contract Tower,0,0,7,0,7,0,13,72,6,91,0,13,79,6,98,152,0,152,250
08/09/2006,SPG,FL,ASO,ES,Federal Contract Tower,0,0,3,0,3,0,8,101,6,115,0,8,104,6,118,204,4,208,326
08/10/2006,SPG,FL,ASO,ES,Federal Contract Tower,0,0,3,0,3,0,9,82,2,93,0,9,85,2,96,136,0,136,232
08/11/2006,SPG,FL,ASO,ES,Federal Contract Tower,0,0,9,0,9,0,0,80,3,83,0,0,89,3,92,64,0,64,156
08/12/2006,SPG,FL,ASO,ES,Federal Contract Tower,0,0,12,0,12,0,12,109,1,122,0,12,121,1,134,146,0,146,280
08/13/2006,SPG,FL,ASO,ES,Federal Contract Tower,0,0,8,0,8,0,6,87,2,95,0,6,95,2,103,88,0,88,191
08/14/2006,SPG,FL,ASO,ES,Federal Contract Tower,0,0,8,0,8,0,2,56,4,62,0,2,64,4,70,84,0,84,154
08/15/2006,SPG,FL,ASO,ES,Federal Contract Tower,0,0,11,0,11,0,8,75,11,94,0,8,86,11,105,112,2,114,219
08/16/2006,SPG,FL,ASO,ES,Federal Contract Tower,0,0,4,0,4,0,4,66,8,78,0,4,70,8,82,164,0,164,246
08/17/2006,SPG,FL,ASO,ES,Federal Contract Tower,0,0,15,0,15,0,0,80,2,82,0,0,95,2,97,50,0,50,147
08/18/2006,SPG,FL,ASO,ES,Federal Contract Tower,0,1,10,0,11,0,8,77,6,91,0,9,87,6,102,126,0,126,228
08/19/2006,SPG,FL,ASO,ES,Federal Contract Tower,0,0,11,0,11,0,4,72,2,78,0,4,83,2,89,90,0,90,179
08/20/2006,SPG,FL,ASO,ES,Federal Contract Tower,0,0,14,0,14,0,6,90,0,96,0,6,104,0,110,124,0,124,234
08/21/2006,SPG,FL,ASO,ES,Federal Contract Tower,0,0,8,0,8,0,6,52,2,60,0,6,60,2,68,56,0,56,124
08/22/2006,SPG,FL,ASO,ES,Federal Contract Tower,0,0,4,0,4,0,10,56,2,68,0,10,60,2,72,66,0,66,138
08/23/2006,SPG,FL,ASO,ES,Federal Contract Tower,0,0,7,0,7,0,19,85,0,104,0,19,92,0,111,138,0,138,249
08/24/2006,SPG,FL,ASO,ES,Federal Contract Tower,0,0,16,1,17,0,6,50,7,63,0,6,66,8,80,62,0,62,142
08/25/2006,SPG,FL,ASO,ES,Federal Contract Tower,0,0,19,0,19,0,12,59,4,75,0,12,78,4,94,52,0,52,146
08/26/2006,SPG,FL,ASO,ES,Federal Contract Tower,0,0,7,0,7,0,8,34,6,48,0,8,41,6,55,44,0,44,99
08/27/2006,SPG,FL,ASO,ES,Federal Contract Tower,0,0,12,0,12,0,2,41,4,47,0,2,53,4,59,68,0,68,127
08/28/2006,SPG,FL,ASO,ES,Federal Contract Tower,0,0,15,0,15,0,14,92,2,108,0,14,107,2,123,64,0,64,187
08/29/2006,SPG,FL,ASO,ES,Federal Contract Tower,0,0,7,0,7,0,2,85,0,87,0,2,92,0,94,78,0,78,172
08/30/2006,SPG,FL,ASO,ES,Federal Contract Tower,0,0,2,0,2,0,3,4,6,13,0,3,6,6,15,18,58,76,91
08/31/2006,SPG,FL,ASO,ES,Federal Contract Tower,0,0,25,0,25,0,2,39,1,42,0,2,64,1,67,30,0,30,97
09/01/2006,SPG,FL,ASO,ES,Federal Contract Tower,0,0,13,0,13,0,10,71,3,84,0,10,84,3,97,64,0,64,161
09/02/2006,SPG,FL,ASO,ES,Federal Contract Tower,0,0,10,0,10,0,8,135,0,143,0,8,145,0,153,152,0,152,305
09/03/2006,SPG,FL,ASO,ES,Federal Contract Tower,0,0,5,0,5,0,10,59,0,69,0,10,64,0,74,60,0,60,134
09/04/2006,SPG,FL,ASO,ES,Federal Contract Tower,0,0,18,0,18,0,8,90,0,98,0,8,108,0,116,128,0,128,244
09/05/2006,SPG,FL,ASO,ES,Federal Contract Tower,0,0,13,0,13,0,4,81,4,89,0,4,94,4,102,80,0,80,182
09/06/2006,SPG,FL,ASO,ES,Federal Contract Tower,0,0,20,0,20,0,14,65,0,79,0,14,85,0,99,124,0,124,223
09/07/2006,SPG,FL,ASO,ES,Federal Contract Tower,0,0,8,0,8,0,2,54,4,60,0,2,62,4,68,20,0,20,88
09/08/2006,SPG,FL,ASO,ES,Federal Contract Tower,0,0,8,0,8,0,5,71,0,76,0,5,79,0,84,36,0,36,120
09/09/2006,SPG,FL,ASO,ES,Federal Contract Tower,0,0,10,0,10,0,4,121,0,125,0,4,131,0,135,94,0,94,229
09/10/2006,SPG,FL,ASO,ES,Federal Contract Tower,0,0,9,0,9,0,2,63,4,69,0,2,72,4,78,54,0,54,132
09/11/2006,SPG,FL,ASO,ES,Federal Contract Tower,0,0,9,0,9,0,6,65,16,87,0,6,74,16,96,60,2,62,158
09/12/2006,SPG,FL,ASO,ES,Federal Contract Tower,0,0,6,0,6,0,6,65,6,77,0,6,71,6,83,72,6,78,161
09/13/2006,SPG,FL,ASO,ES,Federal Contract Tower,0,0,17,0,17,0,4,45,8,57,0,4,62,8,74,80,26,106,180
09/14/2006,SPG,FL,ASO,ES,Federal Contract Tower,0,0,16,0,16,0,3,78,7,88,0,3,94,7,104,52,0,52,156
09/15/2006,SPG,FL,ASO,ES,Federal Contract Tower,0,0,5,0,5,0,0,91,0,91,0,0,96,0,96,24,0,24,120
09/16/2006,SPG,FL,ASO,ES,Federal Contract Tower,0,0,13,0,13,0,6,97,0,103,0,6,110,0,116,42,0,42,158
09/17/2006,SPG,FL,ASO,ES,Federal Contract Tower,0,0,17,0,17,0,4,101,0,105,0,4,118,0,122,90,0,90,212
09/18/2006,SPG,FL,ASO,ES,Federal Contract Tower,0,0,9,0,9,0,6,77,4,87,0,6,86,4,96,158,0,158,254
09/19/2006,SPG,FL,ASO,ES,Federal Contract Tower,0,0,2,0,2,0,0,55,2,57,0,0,57,2,59,74,0,74,133
09/20/2006,SPG,FL,ASO,ES,Federal Contract Tower,0,0,5,0,5,0,4,63,4,71,0,4,68,4,76,104,0,104,180
09/21/2006,SPG,FL,ASO,ES,Federal Contract Tower,0,0,13,0,13,0,5,55,5,65,0,5,68,5,78,144,22,166,244
09/22/2006,SPG,FL,ASO,ES,Federal Contract Tower,0,0,12,0,12,0,5,98,8,111,0,5,110,8,123,220,0,220,343
09/23/2006,SPG,FL,ASO,ES,Federal Contract Tower,0,0,10,0,10,0,10,80,2,92,0,10,90,2,102,136,0,136,238
09/24/2006,SPG,FL,ASO,ES,Federal Contract Tower,0,0,10,0,10,0,7,98,2,107,0,7,108,2,117,88,0,88,205
09/25/2006,SPG,FL,ASO,ES,Federal Contract Tower,0,1,3,0,4,0,7,47,2,56,0,8,50,2,60,70,0,70,130
09/26/2006,SPG,FL,ASO,ES,Federal Contract Tower,0,0,5,0,5,0,6,57,4,67,0,6,62,4,72,38,28,66,138
09/27/2006,SPG,FL,ASO,ES,Federal Contract Tower,0,0,9,0,9,0,8,63,2,73,0,8,72,2,82,158,0,158,240
09/28/2006,SPG,FL,ASO,ES,Federal Contract Tower,0,0,9,0,9,0,9,76,2,87,0,9,85,2,96,112,0,112,208
09/29/2006,SPG,FL,ASO,ES,Federal Contract Tower,0,0,9,0,9,0,15,85,6,106,0,15,94,6,115,102,10,112,227
09/30/2006,SPG,FL,ASO,ES,Federal Contract Tower,0,0,10,0,10,0,12,105,6,123,0,12,115,6,133,140,0,140,273
10/01/2006,SPG,FL,ASO,ES,Federal Contract Tower,0,0,2,0,2,0,8,85,2,95,0,8,87,2,97,90,0,90,187
10/02/2006,SPG,FL,ASO,ES,Federal Contract Tower,0,0,7,0,7,0,12,68,0,80,0,12,75,0,87,94,0,94,181
10/03/2006,SPG,FL,ASO,ES,Federal Contract Tower,0,0,9,0,9,0,2,80,4,86,0,2,89,4,95,150,0,150,245
10/04/2006,SPG,FL,ASO,ES,Federal Contract Tower,0,0,9,0,9,0,12,77,6,95,0,12,86,6,104,66,2,68,172
10/05/2006,SPG,FL,ASO,ES,Federal Contract Tower,0,0,14,0,14,0,13,81,4,98,0,13,95,4,112,112,0,112,224
10/06/2006,SPG,FL,ASO,ES,Federal Contract Tower,0,0,10,0,10,0,2,126,4,132,0,2,136,4,142,94,20,114,256
10/07/2006,SPG,FL,ASO,ES,Federal Contract Tower,0,0,12,0,12,0,20,120,2,142,0,20,132,2,154,138,0,138,292
10/08/2006,SPG,FL,ASO,ES,Federal Contract Tower,0,0,17,0,17,0,6,70,0,76,0,6,87,0,93,128,0,128,221
10/09/2006,SPG,FL,ASO,ES,Federal Contract Tower,0,0,8,0,8,0,12,63,4,79,0,12,71,4,87,68,0,68,155
10/10/2006,SPG,FL,ASO,ES,Federal Contract Tower,0,0,19,0,19,0,12,83,0,95,0,12,102,0,114,100,0,100,214
10/11/2006,SPG,FL,ASO,ES,Federal Contract Tower,0,0,14,0,14,0,3,112,4,119,0,3,126,4,133,178,0,178,311
10/12/2006,SPG,FL,ASO,ES,Federal Contract Tower,0,0,12,0,12,0,7,63,6,76,0,7,75,6,88,84,8,92,180
10/13/2006,SPG,FL,ASO,ES,Federal Contract Tower,0,0,9,0,9,0,13,93,6,112,0,13,102,6,121,93,6,99,220
10/14/2006,SPG,FL,ASO,ES,Federal Contract Tower,0,0,8,0,8,0,12,111,4,127,0,12,119,4,135,110,0,110,245
10/15/2006,SPG,FL,ASO,ES,Federal Contract Tower,0,0,17,0,17,0,6,112,4,122,0,6,129,4,139,86,0,86,225
10/16/2006,SPG,FL,ASO,ES,Federal Contract Tower,0,0,5,0,5,0,4,93,4,101,0,4,98,4,106,56,0,56,162
10/17/2006,SPG,FL,ASO,ES,Federal Contract Tower,0,0,3,0,3,0,23,62,2,87,0,23,65,2,90,84,0,84,174
10/18/2006,SPG,FL,ASO,ES,Federal Contract Tower,0,0,10,0,10,0,4,78,2,84,0,4,88,2,94,110,16,126,220
10/19/2006,SPG,FL,ASO,ES,Federal Contract Tower,0,0,19,0,19,0,4,131,6,141,0,4,150,6,160,82,0,82,242
10/20/2006,SPG,FL,ASO,ES,Federal Contract Tower,0,0,15,0,15,0,11,127,9,147,0,11,142,9,162,88,6,94,256
10/21/2006,SPG,FL,ASO,ES,Federal Contract Tower,0,0,11,0,11,0,1,108,4,113,0,1,119,4,124,22,0,22,146
10/22/2006,SPG,FL,ASO,ES,Federal Contract Tower,0,0,7,0,7,0,8,161,5,174,0,8,168,5,181,78,0,78,259
10/23/2006,SPG,FL,ASO,ES,Federal Contract Tower,0,0,14,0,14,0,14,77,2,93,0,14,91,2,107,64,0,64,171
10/24/2006,SPG,FL,ASO,ES,Federal Contract Tower,0,0,13,0,13,0,21,63,0,84,0,21,76,0,97,80,0,80,177
10/25/2006,SPG,FL,ASO,ES,Federal Contract Tower,0,0,9,0,9,0,5,114,8,127,0,5,123,8,136,132,2,134,270
10/26/2006,SPG,FL,ASO,ES,Federal Contract Tower,0,0,16,0,16,0,14,118,19,151,0,14,134,19,167,148,18,166,333
10/27/2006,SPG,FL,ASO,ES,Federal Contract Tower,0,0,13,0,13,0,26,75,6,107,0,26,88,6,120,44,4,48,168
10/28/2006,SPG,FL,ASO,ES,Federal Contract Tower,0,0,10,0,10,0,7,50,0,57,0,7,60,0,67,42,0,42,109
10/29/2006,SPG,FL,ASO,ES,Federal Contract Tower,0,0,11,0,11,0,4,122,8,134,0,4,133,8,145,52,0,52,197
10/30/2006,SPG,FL,ASO,ES,Federal Contract Tower,0,0,11,0,11,0,9,45,3,57,0,9,56,3,68,50,28,78,146
10/31/2006,SPG,FL,ASO,ES,Federal Contract Tower,0,0,18,0,18,0,11,77,2,90,0,11,95,2,108,120,0,120,228
11/01/2006,SPG,FL,ASO,ES,Federal Contract Tower,0,0,16,0,16,0,16,76,8,100,0,16,92,8,116,112,2,114,230
11/02/2006,SPG,FL,ASO,ES,Federal Contract Tower,0,0,12,0,12,0,14,89,7,110,0,14,101,7,122,92,14,106,228
11/03/2006,SPG,FL,ASO,ES,Federal Contract Tower,0,0,14,0,14,0,19,70,4,93,0,19,84,4,107,120,0,120,227
11/04/2006,SPG,FL,ASO,ES,Federal Contract Tower,0,0,9,0,9,0,20,76,0,96,0,20,85,0,105,32,0,32,137
11/05/2006,SPG,FL,ASO,ES,Federal Contract Tower,0,0,14,0,14,0,4,87,0,91,0,4,101,0,105,78,8,86,191
11/06/2006,SPG,FL,ASO,ES,Federal Contract Tower,0,0,1,0,1,0,12,50,0,62,0,12,51,0,63,115,0,115,178
11/07/2006,SPG,FL,ASO,ES,Federal Contract Tower,0,0,20,0,20,0,0,42,2,44,0,0,62,2,64,26,0,26,90
11/08/2006,SPG,FL,ASO,ES,Federal Contract Tower,0,0,25,0,25,0,6,86,8,100,0,6,111,8,125,58,0,58,183
11/09/2006,SPG,FL,ASO,ES,Federal Contract Tower,0,0,18,0,18,0,14,127,8,149,0,14,145,8,167,146,0,146,313
11/10/2006,SPG,FL,ASO,ES,Federal Contract Tower,0,0,11,0,11,0,5,83,2,90,0,5,94,2,101,124,0,124,225
11/11/2006,SPG,FL,ASO,ES,Federal Contract Tower,0,0,10,0,10,0,12,105,5,122,0,12,115,5,132,130,20,150,282
11/12/2006,SPG,FL,ASO,ES,Federal Contract Tower,0,0,20,0,20,0,6,92,0,98,0,6,112,0,118,78,0,78,196
11/13/2006,SPG,FL,ASO,ES,Federal Contract Tower,0,0,6,0,6,0,8,64,2,74,0,8,70,2,80,100,2,102,182
11/14/2006,SPG,FL,ASO,ES,Federal Contract Tower,0,0,13,0,13,0,4,101,4,109,0,4,114,4,122,106,0,106,228
11/15/2006,SPG,FL,ASO,ES,Federal Contract Tower,0,0,8,0,8,0,10,100,6,116,0,10,108,6,124,98,10,108,232
11/16/2006,SPG,FL,ASO,ES,Federal Contract Tower,0,0,16,0,16,0,11,50,19,80,0,11,66,19,96,10,8,18,114
11/17/2006,SPG,FL,ASO,ES,Federal Contract Tower,0,0,19,0,19,0,21,99,4,124,0,21,118,4,143,66,4,70,213
11/18/2006,SPG,FL,ASO,ES,Federal Contract Tower,0,0,14,0,14,0,9,97,2,108,0,9,111,2,122,142,18,160,282
11/19/2006,SPG,FL,ASO,ES,Federal Contract Tower,0,0,15,0,15,0,8,106,0,114,0,8,121,0,129,106,0,106,235
11/20/2006,SPG,FL,ASO,ES,Federal Contract Tower,0,0,10,0,10,0,4,50,2,56,0,4,60,2,66,86,0,86,152
11/21/2006,SPG,FL,ASO,ES,Federal Contract Tower,0,0,11,0,11,0,13,69,26,108,0,13,80,26,119,64,0,64,183
11/22/2006,SPG,FL,ASO,ES,Federal Contract Tower,0,0,15,0,15,0,8,81,0,89,0,8,96,0,104,30,0,30,134
11/23/2006,SPG,FL,ASO,ES,Federal Contract Tower,0,0,8,0,8,0,5,55,4,64,0,5,63,4,72,18,0,18,90
11/24/2006,SPG,FL,ASO,ES,Federal Contract Tower,0,0,13,0,13,0,14,90,0,104,0,14,103,0,117,104,0,104,221
11/25/2006,SPG,FL,ASO,ES,Federal Contract Tower,0,0,7,0,7,0,10,86,0,96,0,10,93,0,103,116,0,116,219
11/26/2006,SPG,FL,ASO,ES,Federal Contract Tower,0,0,22,0,22,0,4,101,0,105,0,4,123,0,127,66,0,66,193
11/27/2006,SPG,FL,ASO,ES,Federal Contract Tower,0,0,10,0,10,0,8,63,6,77,0,8,73,6,87,116,16,132,219
11/28/2006,SPG,FL,ASO,ES,Federal Contract Tower,0,0,12,0,12,0,8,80,6,94,0,8,92,6,106,64,0,64,170
11/29/2006,SPG,FL,ASO,ES,Federal Contract Tower,0,0,17,0,17,0,6,80,17,103,0,6,97,17,120,86,70,156,276
11/30/2006,SPG,FL,ASO,ES,Federal Contract Tower,0,0,8,0,8,0,10,106,14,130,0,10,114,14,138,104,42,146,284
12/01/2006,SPG,FL,ASO,ES,Federal Contract Tower,0,0,7,0,7,0,9,60,7,76,0,9,67,7,83,84,6,90,173
12/02/2006,SPG,FL,ASO,ES,Federal Contract Tower,0,0,15,0,15,0,8,109,0,117,0,8,124,0,132,210,0,210,342
12/03/2006,SPG,FL,ASO,ES,Federal Contract Tower,0,0,10,0,10,0,5,85,0,90,0,5,95,0,100,113,0,113,213
12/04/2006,SPG,FL,ASO,ES,Federal Contract Tower,0,0,6,0,6,0,5,33,2,40,0,5,39,2,46,46,0,46,92
12/05/2006,SPG,FL,ASO,ES,Federal Contract Tower,0,0,3,0,3,0,12,97,12,121,0,12,100,12,124,116,0,116,240
12/06/2006,SPG,FL,ASO,ES,Federal Contract Tower,0,0,11,0,11,0,12,107,14,133,0,12,118,14,144,84,36,120,264
12/07/2006,SPG,FL,ASO,ES,Federal Contract Tower,0,0,16,0,16,0,0,59,4,63,0,0,75,4,79,98,0,98,177
12/08/2006,SPG,FL,ASO,ES,Federal Contract Tower,0,0,11,0,11,0,7,68,7,82,0,7,79,7,93,44,16,60,153
12/09/2006,SPG,FL,ASO,ES,Federal Contract Tower,0,0,9,0,9,0,4,74,2,80,0,4,83,2,89,116,2,118,207
12/10/2006,SPG,FL,ASO,ES,Federal Contract Tower,0,0,5,0,5,0,6,114,2,122,0,6,119,2,127,94,20,114,241
12/11/2006,SPG,FL,ASO,ES,Federal Contract Tower,0,0,8,0,8,0,11,65,2,78,0,11,73,2,86,98,24,122,208
12/12/2006,SPG,FL,ASO,ES,Federal Contract Tower,0,0,9,0,9,0,15,101,36,152,0,15,110,36,161,120,70,190,351
12/13/2006,SPG,FL,ASO,ES,Federal Contract Tower,0,0,12,0,12,0,13,89,7,109,0,13,101,7,121,102,10,112,233
12/14/2006,SPG,FL,ASO,ES,Federal Contract Tower,0,0,21,1,22,0,8,60,7,75,0,8,81,8,97,122,2,124,221
12/15/2006,SPG,FL,ASO,ES,Federal Contract Tower,0,0,18,0,18,0,2,48,4,54,0,2,66,4,72,50,2,52,124
12/16/2006,SPG,FL,ASO,ES,Federal Contract Tower,0,0,12,0,12,0,4,62,0,66,0,4,74,0,78,98,2,100,178
12/17/2006,SPG,FL,ASO,ES,Federal Contract Tower,0,0,17,0,17,0,10,86,0,96,0,10,103,0,113,126,0,126,239
12/18/2006,SPG,FL,ASO,ES,Federal Contract Tower,0,0,18,0,18,0,8,81,5,94,0,8,99,5,112,88,0,88,200
12/19/2006,SPG,FL,ASO,ES,Federal Contract Tower,0,0,20,0,20,0,16,101,9,126,0,16,121,9,146,172,24,196,342
12/20/2006,SPG,FL,ASO,ES,Federal Contract Tower,0,0,7,0,7,0,18,101,0,119,0,18,108,0,126,144,0,144,270
12/21/2006,SPG,FL,ASO,ES,Federal Contract Tower,0,0,17,0,17,0,11,97,2,110,0,11,114,2,127,102,0,102,229
12/22/2006,SPG,FL,ASO,ES,Federal Contract Tower,0,0,12,0,12,0,13,78,0,91,0,13,90,0,103,136,0,136,239
12/23/2006,SPG,FL,ASO,ES,Federal Contract Tower,0,0,8,0,8,0,15,49,1,65,0,15,57,1,73,86,10,96,169
12/24/2006,SPG,FL,ASO,ES,Federal Contract Tower,0,0,17,0,17,0,8,45,4,57,0,8,62,4,74,52,24,76,150
12/25/2006,SPG,FL,ASO,ES,Federal Contract Tower,0,0,1,0,1,0,2,4,0,6,0,2,5,0,7,0,0,0,7
12/26/2006,SPG,FL,ASO,ES,Federal Contract Tower,0,0,14,0,14,0,4,20,0,24,0,4,34,0,38,52,0,52,90
12/27/2006,SPG,FL,ASO,ES,Federal Contract Tower,0,0,26,0,26,0,16,150,6,172,0,16,176,6,198,120,2,122,320
12/28/2006,SPG,FL,ASO,ES,Federal Contract Tower,0,0,15,0,15,0,21,138,0,159,0,21,153,0,174,96,0,96,270
12/29/2006,SPG,FL,ASO,ES,Federal Contract Tower,0,0,23,0,23,0,9,83,11,103,0,9,106,11,126,68,0,68,194
12/30/2006,SPG,FL,ASO,ES,Federal Contract Tower,0,0,15,0,15,0,12,91,0,103,0,12,106,0,118,128,0,128,246
12/31/2006,SPG,FL,ASO,ES,Federal Contract Tower,0,0,6,0,6,0,6,74,0,80,0,6,80,0,86,54,0,54,140
01/01/2007,SPG,FL,ASO,ES,Federal Contract Tower,0,0,9,0,9,0,3,11,0,14,0,3,20,0,23,22,0,22,45
01/02/2007,SPG,FL,ASO,ES,Federal Contract Tower,0,0,11,0,11,0,8,63,2,73,0,8,74,2,84,54,38,92,176
01/03/2007,SPG,FL,ASO,ES,Federal Contract Tower,0,0,9,0,9,0,4,76,2,82,0,4,85,2,91,100,0,100,191
01/04/2007,SPG,FL,ASO,ES,Federal Contract Tower,0,0,15,0,15,0,9,91,8,108,0,9,106,8,123,148,24,172,295
01/05/2007,SPG,FL,ASO,ES,Federal Contract Tower,0,0,13,0,13,0,7,50,0,57,0,7,63,0,70,106,0,106,176
01/06/2007,SPG,FL,ASO,ES,Federal Contract Tower,0,0,12,0,12,0,12,74,2,88,0,12,86,2,100,140,0,140,240
01/07/2007,SPG,FL,ASO,ES,Federal Contract Tower,0,0,10,0,10,0,5,92,1,98,0,5,102,1,108,94,0,94,202
01/08/2007,SPG,FL,ASO,ES,Federal Contract Tower,0,0,11,0,11,0,7,20,0,27,0,7,31,0,38,30,0,30,68
01/09/2007,SPG,FL,ASO,ES,Federal Contract Tower,0,0,12,0,12,0,14,98,8,120,0,14,110,8,132,228,50,278,410
01/10/2007,SPG,FL,ASO,ES,Federal Contract Tower,0,0,11,0,11,0,6,95,6,107,0,6,106,6,118,58,0,58,176
01/11/2007,SPG,FL,ASO,ES,Federal Contract Tower,0,0,9,0,9,0,6,103,14,123,0,6,112,14,132,76,10,86,218
01/12/2007,SPG,FL,ASO,ES,Federal Contract Tower,0,0,18,0,18,0,6,98,0,104,0,6,116,0,122,110,0,110,232
01/13/2007,SPG,FL,ASO,ES,Federal Contract Tower,0,0,10,0,10,0,7,120,0,127,0,7,130,0,137,182,0,182,319
01/14/2007,SPG,FL,ASO,ES,Federal Contract Tower,0,0,11,0,11,0,9,104,2,115,0,9,115,2,126,98,0,98,224
01/15/2007,SPG,FL,ASO,ES,Federal Contract Tower,0,0,15,0,15,0,10,99,0,109,0,10,114,0,124,91,2,93,217
01/16/2007,SPG,FL,ASO,ES,Federal Contract Tower,0,0,8,0,8,0,10,86,7,103,0,10,94,7,111,115,0,115,226
01/17/2007,SPG,FL,ASO,ES,Federal Contract Tower,0,0,13,0,13,0,9,81,6,96,0,9,94,6,109,61,2,63,172
01/18/2007,SPG,FL,ASO,ES,Federal Contract Tower,0,0,17,0,17,0,0,67,4,71,0,0,84,4,88,86,0,86,174
01/19/2007,SPG,FL,ASO,ES,Federal Contract Tower,0,0,12,0,12,0,12,98,8,118,0,12,110,8,130,173,56,229,359
01/20/2007,SPG,FL,ASO,ES,Federal Contract Tower,0,0,10,0,10,0,10,122,0,132,0,10,132,0,142,244,2,246,388
01/21/2007,SPG,FL,ASO,ES,Federal Contract Tower,0,0,4,0,4,0,11,112,4,127,0,11,116,4,131,80,0,80,211
01/22/2007,SPG,FL,ASO,ES,Federal Contract Tower,0,0,13,0,13,0,8,43,4,55,0,8,56,4,68,108,22,130,198
01/23/2007,SPG,FL,ASO,ES,Federal Contract Tower,0,0,13,0,13,0,11,110,10,131,0,11,123,10,144,154,4,158,302
01/24/2007,SPG,FL,ASO,ES,Federal Contract Tower,0,0,18,0,18,0,8,41,4,53,0,8,59,4,71,12,0,12,83
01/25/2007,SPG,FL,ASO,ES,Federal Contract Tower,0,0,27,0,27,0,14,62,0,76,0,14,89,0,103,10,0,10,113
01/26/2007,SPG,FL,ASO,ES,Federal Contract Tower,0,0,18,0,18,0,10,134,8,152,0,10,152,8,170,132,22,154,324
01/27/2007,SPG,FL,ASO,ES,Federal Contract Tower,0,0,16,0,16,0,26,133,0,159,0,26,149,0,175,168,0,168,343
01/28/2007,SPG,FL,ASO,ES,Federal Contract Tower,0,0,9,0,9,0,2,27,2,31,0,2,36,2,40,34,2,36,76
01/29/2007,SPG,FL,ASO,ES,Federal Contract Tower,0,0,11,0,11,0,13,67,2,82,0,13,78,2,93,46,2,48,141
01/30/2007,SPG,FL,ASO,ES,Federal Contract Tower,0,0,5,0,5,0,14,84,6,104,0,14,89,6,109,124,0,124,233
01/31/2007,SPG,FL,ASO,ES,Federal Contract Tower,0,0,13,0,13,0,6,92,9,107,0,6,105,9,120,94,0,94,214
02/01/2007,SPG,FL,ASO,ES,Federal Contract Tower,0,0,3,0,3,0,12,71,11,94,0,12,74,11,97,50,22,72,169
02/02/2007,SPG,FL,ASO,ES,Federal Contract Tower,0,0,5,0,5,0,1,32,0,33,0,1,37,0,38,38,0,38,76
02/03/2007,SPG,FL,ASO,ES,Federal Contract Tower,0,0,6,0,6,0,2,26,0,28,0,2,32,0,34,98,0,98,132
02/04/2007,SPG,FL,ASO,ES,Federal Contract Tower,0,0,11,0,11,0,0,72,0,72,0,0,83,0,83,42,0,42,125
02/05/2007,SPG,FL,ASO,ES,Federal Contract Tower,0,0,6,0,6,0,5,45,2,52,0,5,51,2,58,20,0,20,78
02/06/2007,SPG,FL,ASO,ES,Federal Contract Tower,0,0,9,0,9,0,4,97,10,111,0,4,106,10,120,180,0,180,300
02/07/2007,SPG,FL,ASO,ES,Federal Contract Tower,0,0,7,0,7,0,12,132,8,152,0,12,139,8,159,184,28,212,371
02/08/2007,SPG,FL,ASO,ES,Federal Contract Tower,0,0,11,0,11,0,13,96,6,115,0,13,107,6,126,72,2,74,200
02/09/2007,SPG,FL,ASO,ES,Federal Contract Tower,0,0,18,0,18,0,7,92,1,100,0,7,110,1,118,138,12,150,268
02/10/2007,SPG,FL,ASO,ES,Federal Contract Tower,0,0,24,0,24,0,3,112,0,115,0,3,136,0,139,134,0,134,273
02/11/2007,SPG,FL,ASO,ES,Federal Contract Tower,0,0,17,0,17,0,15,141,3,159,0,15,158,3,176,62,0,62,238
02/12/2007,SPG,FL,ASO,ES,Federal Contract Tower,0,0,17,0,17,0,10,42,2,54,0,10,59,2,71,56,0,56,127
02/13/2007,SPG,FL,ASO,ES,Federal Contract Tower,0,0,14,0,14,0,4,23,2,29,0,4,37,2,43,46,0,46,89
02/14/2007,SPG,FL,ASO,ES,Federal Contract Tower,0,0,16,0,16,0,22,101,10,133,0,22,117,10,149,16,16,32,181
02/15/2007,SPG,FL,ASO,ES,Federal Contract Tower,0,0,23,0,23,0,18,63,12,93,0,18,86,12,116,118,0,118,234
02/16/2007,SPG,FL,ASO,ES,Federal Contract Tower,0,0,13,0,13,0,9,87,2,98,0,9,100,2,111,60,6,66,177
02/17/2007,SPG,FL,ASO,ES,Federal Contract Tower,0,0,14,0,14,0,6,103,0,109,0,6,117,0,123,78,0,78,201
02/18/2007,SPG,FL,ASO,ES,Federal Contract Tower,0,0,13,0,13,0,5,15,2,22,0,5,28,2,35,36,0,36,71
02/19/2007,SPG,FL,ASO,ES,Federal Contract Tower,0,0,9,0,9,0,13,109,2,124,0,13,118,2,133,196,0,196,329
02/20/2007,SPG,FL,ASO,ES,Federal Contract Tower,0,0,12,0,12,0,14,122,4,140,0,14,134,4,152,104,0,104,256
02/21/2007,SPG,FL,ASO,ES,Federal Contract Tower,0,0,16,0,16,0,13,114,16,143,0,13,130,16,159,98,0,98,257
02/22/2007,SPG,FL,ASO,ES,Federal Contract Tower,0,0,15,0,15,0,10,93,2,105,0,10,108,2,120,200,0,200,320
02/23/2007,SPG,FL,ASO,ES,Federal Contract Tower,0,0,13,0,13,0,11,153,10,174,0,11,166,10,187,124,2,126,313
02/24/2007,SPG,FL,ASO,ES,Federal Contract Tower,0,0,11,0,11,0,12,109,1,122,0,12,120,1,133,112,0,112,245
02/25/2007,SPG,FL,ASO,ES,Federal Contract Tower,0,0,10,0,10,0,8,82,0,90,0,8,92,0,100,48,0,48,148
02/26/2007,SPG,FL,ASO,ES,Federal Contract Tower,0,0,9,0,9,0,5,31,5,41,0,5,40,5,50,46,0,46,96
02/27/2007,SPG,FL,ASO,ES,Federal Contract Tower,0,0,14,0,14,0,2,62,2,66,0,2,76,2,80,58,0,58,138
02/28/2007,SPG,FL,ASO,ES,Federal Contract Tower,0,0,19,0,19,0,5,110,13,128,0,5,129,13,147,82,50,132,279
03/01/2007,SPG,FL,ASO,ES,Federal Contract Tower,0,0,12,0,12,0,8,39,20,67,0,8,51,20,79,72,24,96,175
03/02/2007,SPG,FL,ASO,ES,Federal Contract Tower,0,0,3,0,3,0,6,14,2,22,0,6,17,2,25,30,0,30,55
03/03/2007,SPG,FL,ASO,ES,Federal Contract Tower,0,0,16,0,16,0,3,63,4,70,0,3,79,4,86,62,16,78,164
03/04/2007,SPG,FL,ASO,ES,Federal Contract Tower,0,0,10,0,10,0,8,86,4,98,0,8,96,4,108,100,0,100,208
03/05/2007,SPG,FL,ASO,ES,Federal Contract Tower,0,0,13,0,13,0,12,87,4,103,0,12,100,4,116,120,2,122,238
03/06/2007,SPG,FL,ASO,ES,Federal Contract Tower,0,0,12,0,12,0,6,112,4,122,0,6,124,4,134,136,0,136,270
03/07/2007,SPG,FL,ASO,ES,Federal Contract Tower,0,0,10,0,10,0,12,94,12,118,0,12,104,12,128,142,0,142,270
03/08/2007,SPG,FL,ASO,ES,Federal Contract Tower,0,1,6,0,7,0,11,115,4,130,0,12,121,4,137,118,10,128,265
03/09/2007,SPG,FL,ASO,ES,Federal Contract Tower,0,0,16,0,16,0,4,118,15,137,0,4,134,15,153,150,22,172,325
03/10/2007,SPG,FL,ASO,ES,Federal Contract Tower,0,1,10,0,11,0,5,123,1,129,0,6,133,1,140,140,0,140,280
03/11/2007,SPG,FL,ASO,ES,Federal Contract Tower,0,0,13,0,13,0,10,110,6,126,0,10,123,6,139,112,0,112,251
03/12/2007,SPG,FL,ASO,ES,Federal Contract Tower,0,0,11,0,11,0,2,79,2,83,0,2,90,2,94,96,0,96,190
03/13/2007,SPG,FL,ASO,ES,Federal Contract Tower,0,0,5,0,5,0,5,121,6,132,0,5,126,6,137,116,0,116,253
03/14/2007,SPG,FL,ASO,ES,Federal Contract Tower,0,0,12,0,12,0,12,89,6,107,0,12,101,6,119,114,0,114,233
03/15/2007,SPG,FL,ASO,ES,Federal Contract Tower,0,0,14,0,14,0,0,65,6,71,0,0,79,6,85,56,4,60,145
03/16/2007,SPG,FL,ASO,ES,Federal Contract Tower,0,0,14,0,14,0,11,38,0,49,0,11,52,0,63,14,0,14,77
03/17/2007,SPG,FL,ASO,ES,Federal Contract Tower,0,0,9,0,9,0,10,95,0,105,0,10,104,0,114,196,0,196,310
03/18/2007,SPG,FL,ASO,ES,Federal Contract Tower,0,0,15,0,15,0,8,92,0,100,0,8,107,0,115,48,0,48,163
03/19/2007,SPG,FL,ASO,ES,Federal Contract Tower,0,0,15,0,15,0,18,71,2,91,0,18,86,2,106,100,2,102,208
03/20/2007,SPG,FL,ASO,ES,Federal Contract Tower,0,0,18,0,18,0,1,94,9,104,0,1,112,9,122,26,50,76,198
03/21/2007,SPG,FL,ASO,ES,Federal Contract Tower,0,0,9,0,9,0,6,106,11,123,0,6,115,11,132,22,14,36,168
03/22/2007,SPG,FL,ASO,ES,Federal Contract Tower,0,0,19,0,19,0,2,79,12,93,0,2,98,12,112,100,0,100,212
03/23/2007,SPG,FL,ASO,ES,Federal Contract Tower,0,0,13,0,13,0,4,106,4,114,0,4,119,4,127,74,30,104,231
03/24/2007,SPG,FL,ASO,ES,Federal Contract Tower,0,0,7,0,7,0,24,141,4,169,0,24,148,4,176,184,0,184,360
03/25/2007,SPG,FL,ASO,ES,Federal Contract Tower,0,0,20,0,20,0,10,114,4,128,0,10,134,4,148,104,0,104,252
03/26/2007,SPG,FL,ASO,ES,Federal Contract Tower,0,0,9,0,9,0,23,89,2,114,0,23,98,2,123,94,0,94,217
03/27/2007,SPG,FL,ASO,ES,Federal Contract Tower,0,0,16,0,16,0,8,61,10,79,0,8,77,10,95,52,52,104,199
03/28/2007,SPG,FL,ASO,ES,Federal Contract Tower,0,0,15,0,15,0,22,134,30,186,0,22,149,30,201,74,0,74,275
03/29/2007,SPG,FL,ASO,ES,Federal Contract Tower,0,0,10,0,10,0,4,158,12,174,0,4,168,12,184,134,8,142,326
03/30/2007,SPG,FL,ASO,ES,Federal Contract Tower,0,0,22,0,22,0,14,87,4,105,0,14,109,4,127,88,0,88,215
03/31/2007,SPG,FL,ASO,ES,Federal Contract Tower,0,0,27,0,27,0,10,123,2,135,0,10,150,2,162,86,0,86,248
04/01/2007,SPG,FL,ASO,ES,Federal Contract Tower,0,0,19,0,19,0,16,127,4,147,0,16,146,4,166,74,0,74,240
04/02/2007,SPG,FL,ASO,ES,Federal Contract Tower,0,0,8,0,8,0,9,66,6,81,0,9,74,6,89,62,4,66,155
04/03/2007,SPG,FL,ASO,ES,Federal Contract Tower,0,0,17,0,17,0,17,92,10,119,0,17,109,10,136,118,26,144,280
04/04/2007,SPG,FL,ASO,ES,Federal Contract Tower,0,0,14,0,14,0,23,155,8,186,0,23,169,8,200,136,10,146,346
04/05/2007,SPG,FL,ASO,ES,Federal Contract Tower,0,0,22,0,22,0,9,79,8,96,0,9,101,8,118,93,20,113,231
04/06/2007,SPG,FL,ASO,ES,Federal Contract Tower,0,0,26,0,26,0,2,103,2,107,0,2,129,2,133,120,0,120,253
04/07/2007,SPG,FL,ASO,ES,Federal Contract Tower,0,0,10,0,10,0,8,106,0,114,0,8,116,0,124,94,0,94,218
04/08/2007,SPG,FL,ASO,ES,Federal Contract Tower,0,0,10,0,10,0,14,67,2,83,0,14,77,2,93,96,0,96,189
04/09/2007,SPG,FL,ASO,ES,Federal Contract Tower,0,0,15,0,15,0,2,44,10,56,0,2,59,10,71,10,22,32,103
04/10/2007,SPG,FL,ASO,ES,Federal Contract Tower,0,0,16,0,16,0,0,12,8,20,0,0,28,8,36,12,0,12,48
04/11/2007,SPG,FL,ASO,ES,Federal Contract Tower,0,0,15,0,15,0,5,118,4,127,0,5,133,4,142,90,0,90,232
04/12/2007,SPG,FL,ASO,ES,Federal Contract Tower,0,0,22,0,22,0,6,79,6,91,0,6,101,6,113,72,14,86,199
04/13/2007,SPG,FL,ASO,ES,Federal Contract Tower,0,0,29,0,29,0,11,138,8,157,0,11,167,8,186,154,0,154,340
04/14/2007,SPG,FL,ASO,ES,Federal Contract Tower,0,0,8,0,8,0,6,154,0,160,0,6,162,0,168,140,0,140,308
04/15/2007,SPG,FL,ASO,ES,Federal Contract Tower,0,0,6,0,6,0,2,26,0,28,0,2,32,0,34,16,0,16,50
04/16/2007,SPG,FL,ASO,ES,Federal Contract Tower,0,0,17,0,17,0,15,61,8,84,0,15,78,8,101,50,0,50,151
04/17/2007,SPG,FL,ASO,ES,Federal Contract Tower,0,0,17,0,17,0,7,78,4,89,0,7,95,4,106,152,0,152,258
04/18/2007,SPG,FL,ASO,ES,Federal Contract Tower,0,0,16,0,16,0,12,112,0,124,0,12,128,0,140,48,0,48,188
04/19/2007,SPG,FL,ASO,ES,Federal Contract Tower,0,0,13,0,13,0,6,87,8,101,0,6,100,8,114,136,0,136,250
04/20/2007,SPG,FL,ASO,ES,Federal Contract Tower,0,0,25,0,25,0,7,98,6,111,0,7,123,6,136,100,0,100,236
04/21/2007,SPG,FL,ASO,ES,Federal Contract Tower,0,0,22,0,22,0,6,106,4,116,0,6,128,4,138,60,0,60,198
04/22/2007,SPG,FL,ASO,ES,Federal Contract Tower,0,0,21,0,21,0,8,83,2,93,0,8,104,2,114,96,0,96,210
04/23/2007,SPG,FL,ASO,ES,Federal Contract Tower,0,0,10,0,10,0,3,91,2,96,0,3,101,2,106,92,24,116,222
04/24/2007,SPG,FL,ASO,ES,Federal Contract Tower,0,0,12,0,12,0,2,115,11,128,0,2,127,11,140,111,10,121,261
04/25/2007,SPG,FL,ASO,ES,Federal Contract Tower,0,0,24,0,24,0,7,96,2,105,0,7,120,2,129,74,0,74,203
04/26/2007,SPG,FL,ASO,ES,Federal Contract Tower,0,0,20,0,20,0,8,103,9,120,0,8,123,9,140,86,2,88,228
04/27/2007,SPG,FL,ASO,ES,Federal Contract Tower,0,0,16,0,16,0,11,64,8,83,0,11,80,8,99,68,26,94,193
04/28/2007,SPG,FL,ASO,ES,Federal Contract Tower,0,0,9,0,9,0,2,118,9,129,0,2,127,9,138,116,0,116,254
04/29/2007,SPG,FL,ASO,ES,Federal Contract Tower,0,0,18,0,18,0,4,106,1,111,0,4,124,1,129,56,0,56,185
04/30/2007,SPG,FL,ASO,ES,Federal Contract Tower,0,0,16,0,16,0,14,74,8,96,0,14,90,8,112,72,24,96,208
05/01/2007,SPG,FL,ASO,ES,Federal Contract Tower,0,0,6,0,6,0,6,41,6,53,0,6,47,6,59,74,0,74,133
05/02/2007,SPG,FL,ASO,ES,Federal Contract Tower,0,0,14,0,14,0,13,105,8,126,0,13,119,8,140,128,2,130,270
05/03/2007,SPG,FL,ASO,ES,Federal Contract Tower,0,0,15,0,15,0,6,101,12,119,0,6,116,12,134,132,0,132,266
05/04/2007,SPG,FL,ASO,ES,Federal Contract Tower,0,0,11,0,11,0,7,82,8,97,0,7,93,8,108,142,18,160,268
05/05/2007,SPG,FL,ASO,ES,Federal Contract Tower,0,0,7,0,7,0,14,72,0,86,0,14,79,0,93,82,0,82,175
05/06/2007,SPG,FL,ASO,ES,Federal Contract Tower,0,0,9,0,9,0,9,73,0,82,0,9,82,0,91,42,0,42,133
05/07/2007,SPG,FL,ASO,ES,Federal Contract Tower,0,0,13,0,13,0,8,70,4,82,0,8,83,4,95,58,0,58,153
05/08/2007,SPG,FL,ASO,ES,Federal Contract Tower,0,0,18,0,18,0,4,26,4,34,0,4,44,4,52,2,0,2,54
05/09/2007,SPG,FL,ASO,ES,Federal Contract Tower,0,0,19,0,19,0,5,107,0,112,0,5,126,0,131,104,0,104,235
05/10/2007,SPG,FL,ASO,ES,Federal Contract Tower,0,0,10,0,10,0,13,80,10,103,0,13,90,10,113,126,0,126,239
05/11/2007,SPG,FL,ASO,ES,Federal Contract Tower,0,0,26,0,26,0,0,17,0,17,0,0,43,0,43,14,0,14,57
05/12/2007,SPG,FL,ASO,ES,Federal Contract Tower,0,0,15,0,15,0,4,16,0,20,0,4,31,0,35,32,0,32,67
05/13/2007,SPG,FL,ASO,ES,Federal Contract Tower,0,0,16,0,16,0,4,35,0,39,0,4,51,0,55,74,0,74,129
05/14/2007,SPG,FL,ASO,ES,Federal Contract Tower,0,0,12,0,12,0,10,88,14,112,0,10,100,14,124,98,20,118,242
05/15/2007,SPG,FL,ASO,ES,Federal Contract Tower,0,0,19,0,19,0,17,106,12,135,0,17,125,12,154,160,0,160,314
05/16/2007,SPG,FL,ASO,ES,Federal Contract Tower,0,0,12,0,12,0,18,95,8,121,0,18,107,8,133,148,0,148,281
05/17/2007,SPG,FL,ASO,ES,Federal Contract Tower,0,0,13,0,13,0,4,93,0,97,0,4,106,0,110,108,0,108,218
05/18/2007,SPG,FL,ASO,ES,Federal Contract Tower,0,0,21,0,21,0,2,84,0,86,0,2,105,0,107,86,0,86,193
05/19/2007,SPG,FL,ASO,ES,Federal Contract Tower,0,0,14,0,14,0,18,90,1,109,0,18,104,1,123,98,0,98,221
05/20/2007,SPG,FL,ASO,ES,Federal Contract Tower,0,0,19,0,19,0,8,114,0,122,0,8,133,0,141,80,0,80,221
05/21/2007,SPG,FL,ASO,ES,Federal Contract Tower,0,0,11,0,11,0,9,112,11,132,0,9,123,11,143,108,30,138,281
05/22/2007,SPG,FL,ASO,ES,Federal Contract Tower,0,0,9,0,9,0,23,104,15,142,0,23,113,15,151,104,4,108,259
05/23/2007,SPG,FL,ASO,ES,Federal Contract Tower,0,0,10,0,10,0,13,102,8,123,0,13,112,8,133,62,0,62,195
05/24/2007,SPG,FL,ASO,ES,Federal Contract Tower,0,0,20,0,20,0,14,68,2,84,0,14,88,2,104,98,0,98,202
05/25/2007,SPG,FL,ASO,ES,Federal Contract Tower,0,0,16,0,16,0,4,77,0,81,0,4,93,0,97,68,0,68,165
05/26/2007,SPG,FL,ASO,ES,Federal Contract Tower,0,0,12,0,12,0,11,104,2,117,0,11,116,2,129,122,0,122,251
05/27/2007,SPG,FL,ASO,ES,Federal Contract Tower,0,0,5,0,5,0,8,93,2,103,0,8,98,2,108,108,8,116,224
05/28/2007,SPG,FL,ASO,ES,Federal Contract Tower,0,0,11,0,11,0,7,75,2,84,0,7,86,2,95,50,0,50,145
05/29/2007,SPG,FL,ASO,ES,Federal Contract Tower,0,0,9,0,9,0,17,96,14,127,0,17,105,14,136,86,0,86,222
05/30/2007,SPG,FL,ASO,ES,Federal Contract Tower,0,0,24,0,24,0,12,70,10,92,0,12,94,10,116,112,0,112,228
05/31/2007,SPG,FL,ASO,ES,Federal Contract Tower,0,0,12,0,12,0,0,83,4,87,0,0,95,4,99,66,0,66,165
06/01/2007,SPG,FL,ASO,ES,Federal Contract Tower,0,0,8,0,8,0,2,22,0,24,0,2,30,0,32,56,0,56,88
06/02/2007,SPG,FL,ASO,ES,Federal Contract Tower,0,0,3,0,3,0,9,5,0,14,0,9,8,0,17,22,0,22,39
06/03/2007,SPG,FL,ASO,ES,Federal Contract Tower,0,0,12,0,12,0,10,53,0,63,0,10,65,0,75,44,0,44,119
06/04/2007,SPG,FL,ASO,ES,Federal Contract Tower,0,0,9,0,9,0,13,114,4,131,0,13,123,4,140,86,2,88,228
06/05/2007,SPG,FL,ASO,ES,Federal Contract Tower,0,0,9,0,9,0,10,95,4,109,0,10,104,4,118,64,0,64,182
06/06/2007,SPG,FL,ASO,ES,Federal Contract Tower,0,0,17,0,17,0,6,40,0,46,0,6,57,0,63,56,0,56,119
06/07/2007,SPG,FL,ASO,ES,Federal Contract Tower,0,0,14,0,14,0,9,94,6,109,0,9,108,6,123,38,0,38,161
06/08/2007,SPG,FL,ASO,ES,Federal Contract Tower,0,0,11,0,11,0,4,83,0,87,0,4,94,0,98,116,0,116,214
06/09/2007,SPG,FL,ASO,ES,Federal Contract Tower,0,0,5,0,5,0,7,164,2,173,0,7,169,2,178,176,0,176,354
06/10/2007,SPG,FL,ASO,ES,Federal Contract Tower,0,10,0,0,10,0,0,95,2,97,0,10,95,2,107,140,0,140,247
06/11/2007,SPG,FL,ASO,ES,Federal Contract Tower,0,0,9,0,9,0,2,73,5,80,0,2,82,5,89,52,14,66,155
06/12/2007,SPG,FL,ASO,ES,Federal Contract Tower,0,0,9,0,9,0,14,100,8,122,0,14,109,8,131,102,2,104,235
06/13/2007,SPG,FL,ASO,ES,Federal Contract Tower,0,0,16,0,16,0,2,62,2,66,0,2,78,2,82,138,8,146,228
06/14/2007,SPG,FL,ASO,ES,Federal Contract Tower,0,0,7,0,7,0,7,114,2,123,0,7,121,2,130,82,0,82,212
06/15/2007,SPG,FL,ASO,ES,Federal Contract Tower,0,0,18,0,18,0,12,85,10,107,0,12,103,10,125,70,0,70,195
06/16/2007,SPG,FL,ASO,ES,Federal Contract Tower,0,1,6,0,7,0,12,66,0,78,0,13,72,0,85,94,0,94,179
06/17/2007,SPG,FL,ASO,ES,Federal Contract Tower,0,0,4,0,4,0,7,120,4,131,0,7,124,4,135,88,0,88,223
06/18/2007,SPG,FL,ASO,ES,Federal Contract Tower,0,0,14,0,14,0,6,32,2,40,0,6,46,2,54,78,32,110,164
06/19/2007,SPG,FL,ASO,ES,Federal Contract Tower,0,0,14,0,14,0,14,59,0,73,0,14,73,0,87,90,0,90,177
06/20/2007,SPG,FL,ASO,ES,Federal Contract Tower,0,0,16,0,16,0,14,59,0,73,0,14,75,0,89,60,0,60,149
06/21/2007,SPG,FL,ASO,ES,Federal Contract Tower,0,0,8,0,8,0,14,78,8,100,0,14,86,8,108,46,0,46,154
06/22/2007,SPG,FL,ASO,ES,Federal Contract Tower,0,0,21,0,21,0,19,84,4,107,0,19,105,4,128,74,0,74,202
06/23/2007,SPG,FL,ASO,ES,Federal Contract Tower,0,0,10,0,10,0,6,112,4,122,0,6,122,4,132,120,0,120,252
06/24/2007,SPG,FL,ASO,ES,Federal Contract Tower,0,0,12,0,12,0,4,82,2,88,0,4,94,2,100,38,0,38,138
06/25/2007,SPG,FL,ASO,ES,Federal Contract Tower,0,0,10,0,10,0,0,99,8,107,0,0,109,8,117,98,12,110,227
06/26/2007,SPG,FL,ASO,ES,Federal Contract Tower,0,0,5,0,5,0,15,89,8,112,0,15,94,8,117,176,34,210,327
06/27/2007,SPG,FL,ASO,ES,Federal Contract Tower,0,2,13,0,15,0,14,88,10,112,0,16,101,10,127,124,0,124,251
06/28/2007,SPG,FL,ASO,ES,Federal Contract Tower,0,2,17,0,19,0,7,65,6,78,0,9,82,6,97,114,4,118,215
06/29/2007,SPG,FL,ASO,ES,Federal Contract Tower,0,0,9,0,9,0,5,69,8,82,0,5,78,8,91,50,8,58,149
06/30/2007,SPG,FL,ASO,ES,Federal Contract Tower,0,0,9,0,9,0,7,82,2,91,0,7,91,2,100,120,0,120,220
07/01/2007,SPG,FL,ASO,ES,Federal Contract Tower,0,0,10,0,10,0,6,92,0,98,0,6,102,0,108,86,0,86,194
07/02/2007,SPG,FL,ASO,ES,Federal Contract Tower,0,0,17,0,17,0,0,49,12,61,0,0,66,12,78,74,14,88,166
07/03/2007,SPG,FL,ASO,ES,Federal Contract Tower,0,1,12,0,13,0,5,74,7,86,0,6,86,7,99,76,32,108,207
07/04/2007,SPG,FL,ASO,ES,Federal Contract Tower,0,0,9,0,9,0,0,50,2,52,0,0,59,2,61,76,2,78,139
07/05/2007,SPG,FL,ASO,ES,Federal Contract Tower,0,0,13,0,13,0,18,51,7,76,0,18,64,7,89,116,32,148,237
07/06/2007,SPG,FL,ASO,ES,Federal Contract Tower,0,1,17,0,18,0,18,73,6,97,0,19,90,6,115,118,0,118,233
07/07/2007,SPG,FL,ASO,ES,Federal Contract Tower,0,0,6,0,6,0,6,87,4,97,0,6,93,4,103,98,0,98,201
07/08/2007,SPG,FL,ASO,ES,Federal Contract Tower,0,0,8,0,8,0,10,84,0,94,0,10,92,0,102,70,2,72,174
07/09/2007,SPG,FL,ASO,ES,Federal Contract Tower,0,0,14,0,14,0,5,45,0,50,0,5,59,0,64,160,0,160,224
07/10/2007,SPG,FL,ASO,ES,Federal Contract Tower,0,0,8,0,8,0,2,103,4,109,0,2,111,4,117,132,2,134,251
07/11/2007,SPG,FL,ASO,ES,Federal Contract Tower,0,0,3,0,3,0,6,119,1,126,0,6,122,1,129,112,0,112,241
07/12/2007,SPG,FL,ASO,ES,Federal Contract Tower,0,0,16,0,16,0,4,93,0,97,0,4,109,0,113,114,0,114,227
07/13/2007,SPG,FL,ASO,ES,Federal Contract Tower,0,0,8,0,8,0,2,101,2,105,0,2,109,2,113,186,0,186,299
07/14/2007,SPG,FL,ASO,ES,Federal Contract Tower,0,0,15,0,15,0,16,114,2,132,0,16,129,2,147,220,0,220,367
07/15/2007,SPG,FL,ASO,ES,Federal Contract Tower,0,0,14,0,14,0,4,82,0,86,0,4,96,0,100,32,0,32,132
07/16/2007,SPG,FL,ASO,ES,Federal Contract Tower,0,0,9,0,9,0,0,72,2,74,0,0,81,2,83,126,0,126,209
07/17/2007,SPG,FL,ASO,ES,Federal Contract Tower,0,0,5,0,5,0,10,96,8,114,0,10,101,8,119,218,0,218,337
07/18/2007,SPG,FL,ASO,ES,Federal Contract Tower,0,0,9,0,9,0,2,113,4,119,0,2,122,4,128,110,12,122,250
07/19/2007,SPG,FL,ASO,ES,Federal Contract Tower,0,0,17,0,17,0,4,84,19,107,0,4,101,19,124,64,2,66,190
07/20/2007,SPG,FL,ASO,ES,Federal Contract Tower,0,0,20,0,20,0,10,74,6,90,0,10,94,6,110,94,0,94,204
07/21/2007,SPG,FL,ASO,ES,Federal Contract Tower,0,0,6,0,6,0,7,82,0,89,0,7,88,0,95,86,0,86,181
07/22/2007,SPG,FL,ASO,ES,Federal Contract Tower,0,0,7,0,7,0,0,80,0,80,0,0,87,0,87,62,0,62,149
07/23/2007,SPG,FL,ASO,ES,Federal Contract Tower,0,0,12,0,12,0,3,35,1,39,0,3,47,1,51,128,0,128,179
07/24/2007,SPG,FL,ASO,ES,Federal Contract Tower,0,0,14,0,14,0,0,48,5,53,0,0,62,5,67,114,48,162,229
07/25/2007,SPG,FL,ASO,ES,Federal Contract Tower,0,0,6,0,6,0,9,90,6,105,0,9,96,6,111,230,0,230,341
07/26/2007,SPG,FL,ASO,ES,Federal Contract Tower,0,0,13,0,13,0,9,101,5,115,0,9,114,5,128,78,90,168,296
07/27/2007,SPG,FL,ASO,ES,Federal Contract Tower,0,0,7,0,7,0,4,88,6,98,0,4,95,6,105,80,12,92,197
07/28/2007,SPG,FL,ASO,ES,Federal Contract Tower,0,0,7,0,7,0,5,78,1,84,0,5,85,1,91,74,0,74,165
07/29/2007,SPG,FL,ASO,ES,Federal Contract Tower,0,0,15,0,15,0,4,75,0,79,0,4,90,0,94,90,0,90,184
07/30/2007,SPG,FL,ASO,ES,Federal Contract Tower,0,0,3,0,3,0,6,65,3,74,0,6,68,3,77,126,0,126,203
07/31/2007,SPG,FL,ASO,ES,Federal Contract Tower,0,0,9,0,9,0,2,19,2,23,0,2,28,2,32,58,0,58,90
08/01/2007,SPG,FL,ASO,ES,Federal Contract Tower,0,0,5,0,5,0,2,24,4,30,0,2,29,4,35,80,0,80,115
08/02/2007,SPG,FL,ASO,ES,Federal Contract Tower,0,0,11,0,11,0,4,16,2,22,0,4,27,2,33,16,0,16,49
08/03/2007,SPG,FL,ASO,ES,Federal Contract Tower,0,0,13,0,13,0,0,100,0,100,0,0,113,0,113,136,0,136,249
08/04/2007,SPG,FL,ASO,ES,Federal Contract Tower,0,0,12,0,12,0,10,124,4,138,0,10,136,4,150,150,0,150,300
08/05/2007,SPG,FL,ASO,ES,Federal Contract Tower,0,0,11,0,11,0,8,116,2,126,0,8,127,2,137,78,0,78,215
08/06/2007,SPG,FL,ASO,ES,Federal Contract Tower,0,0,12,0,12,0,6,56,2,64,0,6,68,2,76,114,0,114,190
08/07/2007,SPG,FL,ASO,ES,Federal Contract Tower,0,0,10,0,10,0,4,88,6,98,0,4,98,6,108,222,0,222,330
08/08/2007,SPG,FL,ASO,ES,Federal Contract Tower,0,0,14,0,14,0,6,80,6,92,0,6,94,6,106,106,22,128,234
08/09/2007,SPG,FL,ASO,ES,Federal Contract Tower,0,0,24,0,24,0,14,103,2,119,0,14,127,2,143,184,22,206,349
08/10/2007,SPG,FL,ASO,ES,Federal Contract Tower,0,0,16,0,16,0,3,94,0,97,0,3,110,0,113,130,0,130,243
08/11/2007,SPG,FL,ASO,ES,Federal Contract Tower,0,0,19,0,19,0,4,96,4,104,0,4,115,4,123,128,0,128,251
08/12/2007,SPG,FL,ASO,ES,Federal Contract Tower,0,0,5,0,5,0,0,98,7,105,0,0,103,7,110,124,2,126,236
08/13/2007,SPG,FL,ASO,ES,Federal Contract Tower,0,0,10,0,10,0,12,60,0,72,0,12,70,0,82,86,0,86,168
08/14/2007,SPG,FL,ASO,ES,Federal Contract Tower,0,0,18,0,18,0,2,85,4,91,0,2,103,4,109,50,0,50,159
08/15/2007,SPG,FL,ASO,ES,Federal Contract Tower,0,1,22,0,23,0,4,62,6,72,0,5,84,6,95,148,0,148,243
08/16/2007,SPG,FL,ASO,ES,Federal Contract Tower,0,0,14,0,14,0,2,91,6,99,0,2,105,6,113,100,14,114,227
08/17/2007,SPG,FL,ASO,ES,Federal Contract Tower,0,0,15,0,15,0,14,69,4,87,0,14,84,4,102,52,28,80,182
08/18/2007,SPG,FL,ASO,ES,Federal Contract Tower,0,0,6,0,6,0,12,86,0,98,0,12,92,0,104,96,0,96,200
08/19/2007,SPG,FL,ASO,ES,Federal Contract Tower,0,0,10,0,10,0,10,74,2,86,0,10,84,2,96,93,0,93,189
08/20/2007,SPG,FL,ASO,ES,Federal Contract Tower,0,0,12,0,12,0,11,58,2,71,0,11,70,2,83,72,0,72,155
08/21/2007,SPG,FL,ASO,ES,Federal Contract Tower,0,0,20,0,20,0,3,77,4,84,0,3,97,4,104,82,16,98,202
08/22/2007,SPG,FL,ASO,ES,Federal Contract Tower,0,0,11,0,11,0,10,79,4,93,0,10,90,4,104,94,0,94,198
08/23/2007,SPG,FL,ASO,ES,Federal Contract Tower,0,0,10,0,10,0,14,73,4,91,0,14,83,4,101,34,0,34,135
08/24/2007,SPG,FL,ASO,ES,Federal Contract Tower,0,0,12,0,12,0,7,78,4,89,0,7,90,4,101,56,0,56,157
08/25/2007,SPG,FL,ASO,ES,Federal Contract Tower,0,0,3,0,3,0,7,104,0,111,0,7,107,0,114,144,0,144,258
08/26/2007,SPG,FL,ASO,ES,Federal Contract Tower,0,0,7,0,7,0,13,72,4,89,0,13,79,4,96,112,0,112,208
08/27/2007,SPG,FL,ASO,ES,Federal Contract Tower,0,0,10,0,10,0,0,69,6,75,0,0,79,6,85,50,0,50,135
08/28/2007,SPG,FL,ASO,ES,Federal Contract Tower,0,0,5,0,5,0,9,87,22,118,0,9,92,22,123,92,0,92,215
08/29/2007,SPG,FL,ASO,ES,Federal Contract Tower,0,0,11,0,11,0,9,61,12,82,0,9,72,12,93,74,0,74,167
08/30/2007,SPG,FL,ASO,ES,Federal Contract Tower,0,0,10,0,10,0,21,94,6,121,0,21,104,6,131,82,2,84,215
08/31/2007,SPG,FL,ASO,ES,Federal Contract Tower,0,0,12,0,12,0,10,62,0,72,0,10,74,0,84,32,0,32,116
09/01/2007,SPG,FL,ASO,ES,Federal Contract Tower,0,0,15,0,15,0,6,53,0,59,0,6,68,0,74,62,0,62,136
09/02/2007,SPG,FL,ASO,ES,Federal Contract Tower,0,0,11,0,11,0,2,56,2,60,0,2,67,2,71,62,0,62,133
09/03/2007,SPG,FL,ASO,ES,Federal Contract Tower,0,0,4,0,4,0,0,101,0,101,0,0,105,0,105,128,0,128,233
09/04/2007,SPG,FL,ASO,ES,Federal Contract Tower,0,0,10,0,10,0,12,62,10,84,0,12,72,10,94,114,2,116,210
09/05/2007,SPG,FL,ASO,ES,Federal Contract Tower,0,0,17,0,17,0,8,81,21,110,0,8,98,21,127,46,10,56,183
09/06/2007,SPG,FL,ASO,ES,Federal Contract Tower,0,0,12,0,12,0,7,82,10,99,0,7,94,10,111,112,0,112,223
09/07/2007,SPG,FL,ASO,ES,Federal Contract Tower,0,2,12,0,14,0,8,94,10,112,0,10,106,10,126,80,12,92,218
09/08/2007,SPG,FL,ASO,ES,Federal Contract Tower,0,0,6,0,6,0,5,131,0,136,0,5,137,0,142,156,0,156,298
09/09/2007,SPG,FL,ASO,ES,Federal Contract Tower,0,0,5,0,5,0,10,85,0,95,0,10,90,0,100,92,0,92,192
09/10/2007,SPG,FL,ASO,ES,Federal Contract Tower,0,0,8,0,8,0,2,40,0,42,0,2,48,0,50,72,0,72,122
09/11/2007,SPG,FL,ASO,ES,Federal Contract Tower,0,0,6,0,6,0,5,61,4,70,0,5,67,4,76,64,0,64,140
09/12/2007,SPG,FL,ASO,ES,Federal Contract Tower,0,0,9,0,9,0,15,76,8,99,0,15,85,8,108,120,38,158,266
09/13/2007,SPG,FL,ASO,ES,Federal Contract Tower,0,0,8,0,8,0,12,79,8,99,0,12,87,8,107,142,4,146,253
09/14/2007,SPG,FL,ASO,ES,Federal Contract Tower,0,0,12,0,12,0,6,73,4,83,0,6,85,4,95,100,6,106,201
09/15/2007,SPG,FL,ASO,ES,Federal Contract Tower,0,2,12,0,14,0,2,103,4,109,0,4,115,4,123,62,0,62,185
09/16/2007,SPG,FL,ASO,ES,Federal Contract Tower,0,0,8,0,8,0,8,61,0,69,0,8,69,0,77,34,0,34,111
09/17/2007,SPG,FL,ASO,ES,Federal Contract Tower,0,0,10,0,10,0,2,42,0,44,0,2,52,0,54,44,0,44,98
09/18/2007,SPG,FL,ASO,ES,Federal Contract Tower,0,0,10,0,10,0,5,58,8,71,0,5,68,8,81,64,0,64,145
09/19/2007,SPG,FL,ASO,ES,Federal Contract Tower,0,0,9,0,9,0,0,54,12,66,0,0,63,12,75,42,0,42,117
09/20/2007,SPG,FL,ASO,ES,Federal Contract Tower,0,0,9,0,9,0,2,6,6,14,0,2,15,6,23,6,0,6,29
09/21/2007,SPG,FL,ASO,ES,Federal Contract Tower,0,0,9,0,9,0,6,73,4,83,0,6,82,4,92,70,6,76,168
09/22/2007,SPG,FL,ASO,ES,Federal Contract Tower,0,0,8,0,8,0,5,56,0,61,0,5,64,0,69,54,0,54,123
09/23/2007,SPG,FL,ASO,ES,Federal Contract Tower,0,0,8,0,8,0,2,53,2,57,0,2,61,2,65,64,0,64,129
09/24/2007,SPG,FL,ASO,ES,Federal Contract Tower,0,0,11,0,11,0,4,40,0,44,0,4,51,0,55,14,0,14,69
09/25/2007,SPG,FL,ASO,ES,Federal Contract Tower,0,0,10,0,10,0,11,62,2,75,0,11,72,2,85,44,0,44,129
09/26/2007,SPG,FL,ASO,ES,Federal Contract Tower,0,0,6,0,6,0,9,71,12,92,0,9,77,12,98,88,0,88,186
09/27/2007,SPG,FL,ASO,ES,Federal Contract Tower,0,0,23,0,23,0,0,73,8,81,0,0,96,8,104,68,0,68,172
09/28/2007,SPG,FL,ASO,ES,Federal Contract Tower,0,0,19,0,19,0,5,87,14,106,0,5,106,14,125,94,0,94,219
09/29/2007,SPG,FL,ASO,ES,Federal Contract Tower,0,0,6,0,6,0,17,76,0,93,0,17,82,0,99,144,0,144,243
09/30/2007,SPG,FL,ASO,ES,Federal Contract Tower,0,0,11,0,11,0,4,50,0,54,0,4,61,0,65,22,0,22,87
10/01/2007,SPG,FL,ASO,ES,Federal Contract Tower,0,0,4,0,4,0,1,49,6,56,0,1,53,6,60,22,0,22,82
10/02/2007,SPG,FL,ASO,ES,Federal Contract Tower,0,2,14,0,16,0,3,29,14,46,0,5,43,14,62,74,100,174,236
10/03/2007,SPG,FL,ASO,ES,Federal Contract Tower,0,0,18,0,18,0,19,56,2,77,0,19,74,2,95,62,0,62,157
10/04/2007,SPG,FL,ASO,ES,Federal Contract Tower,0,0,8,0,8,0,5,70,12,87,0,5,78,12,95,88,0,88,183
10/05/2007,SPG,FL,ASO,ES,Federal Contract Tower,0,0,11,0,11,0,15,67,6,88,0,15,78,6,99,94,0,94,193
10/06/2007,SPG,FL,ASO,ES,Federal Contract Tower,0,0,10,0,10,0,12,103,0,115,0,12,113,0,125,160,0,160,285
10/07/2007,SPG,FL,ASO,ES,Federal Contract Tower,0,0,8,0,8,0,6,40,0,46,0,6,48,0,54,75,0,75,129
10/08/2007,SPG,FL,ASO,ES,Federal Contract Tower,0,0,7,0,7,0,4,84,0,88,0,4,91,0,95,58,0,58,153
10/09/2007,SPG,FL,ASO,ES,Federal Contract Tower,0,0,12,0,12,0,8,106,8,122,0,8,118,8,134,134,4,138,272
10/10/2007,SPG,FL,ASO,ES,Federal Contract Tower,0,0,12,0,12,0,5,121,5,131,0,5,133,5,143,94,2,96,239
10/11/2007,SPG,FL,ASO,ES,Federal Contract Tower,0,0,23,0,23,0,10,89,16,115,0,10,112,16,138,100,0,100,238
10/12/2007,SPG,FL,ASO,ES,Federal Contract Tower,0,0,21,0,21,0,2,63,2,67,0,2,84,2,88,76,0,76,164
10/13/2007,SPG,FL,ASO,ES,Federal Contract Tower,0,0,13,0,13,0,10,96,2,108,0,10,109,2,121,150,0,150,271
10/14/2007,SPG,FL,ASO,ES,Federal Contract Tower,0,0,17,0,17,0,6,88,5,99,0,6,105,5,116,126,0,126,242
10/15/2007,SPG,FL,ASO,ES,Federal Contract Tower,0,0,3,0,3,0,1,74,4,79,0,1,77,4,82,108,18,126,208
10/16/2007,SPG,FL,ASO,ES,Federal Contract Tower,0,0,14,0,14,0,1,89,3,93,0,1,103,3,107,86,0,86,193
10/17/2007,SPG,FL,ASO,ES,Federal Contract Tower,0,0,6,0,6,0,2,118,3,123,0,2,124,3,129,136,2,138,267
10/18/2007,SPG,FL,ASO,ES,Federal Contract Tower,0,2,9,0,11,0,13,98,4,115,0,15,107,4,126,74,0,74,200
10/19/2007,SPG,FL,ASO,ES,Federal Contract Tower,0,0,6,0,6,0,4,88,0,92,0,4,94,0,98,64,0,64,162
10/20/2007,SPG,FL,ASO,ES,Federal Contract Tower,0,0,13,0,13,0,2,56,2,60,0,2,69,2,73,144,0,144,217
10/21/2007,SPG,FL,ASO,ES,Federal Contract Tower,0,0,4,0,4,0,11,72,6,89,0,11,76,6,93,106,0,106,199
10/22/2007,SPG,FL,ASO,ES,Federal Contract Tower,0,0,9,0,9,0,0,68,3,71,0,0,77,3,80,120,2,122,202
10/23/2007,SPG,FL,ASO,ES,Federal Contract Tower,0,2,14,0,16,0,12,92,0,104,0,14,106,0,120,144,0,144,264
10/24/2007,SPG,FL,ASO,ES,Federal Contract Tower,0,0,21,0,21,0,0,16,0,16,0,0,37,0,37,6,16,22,59
10/25/2007,SPG,FL,ASO,ES,Federal Contract Tower,0,0,11,0,11,0,2,86,2,90,0,2,97,2,101,83,26,109,210
10/26/2007,SPG,FL,ASO,ES,Federal Contract Tower,0,0,10,0,10,0,15,64,2,81,0,15,74,2,91,50,0,50,141
10/27/2007,SPG,FL,ASO,ES,Federal Contract Tower,0,0,18,0,18,0,3,31,2,36,0,3,49,2,54,58,2,60,114
10/28/2007,SPG,FL,ASO,ES,Federal Contract Tower,0,0,13,0,13,0,2,72,2,76,0,2,85,2,89,70,6,76,165
10/29/2007,SPG,FL,ASO,ES,Federal Contract Tower,0,0,18,0,18,0,15,55,6,76,0,15,73,6,94,58,68,126,220
10/30/2007,SPG,FL,ASO,ES,Federal Contract Tower,0,1,19,0,20,0,0,28,0,28,0,1,47,0,48,90,0,90,138
10/31/2007,SPG,FL,ASO,ES,Federal Contract Tower,0,0,11,0,11,0,0,37,0,37,0,0,48,0,48,58,0,58,106
11/01/2007,SPG,FL,ASO,ES,Federal Contract Tower,0,0,21,0,21,0,3,37,2,42,0,3,58,2,63,72,6,78,141
11/02/2007,SPG,FL,ASO,ES,Federal Contract Tower,0,0,13,0,13,0,4,110,6,120,0,4,123,6,133,122,8,130,263
11/03/2007,SPG,FL,ASO,ES,Federal Contract Tower,0,0,14,0,14,0,16,119,0,135,0,16,133,0,149,138,0,138,287
11/04/2007,SPG,FL,ASO,ES,Federal Contract Tower,0,0,10,0,10,0,5,124,2,131,0,5,134,2,141,142,0,142,283
11/05/2007,SPG,FL,ASO,ES,Federal Contract Tower,0,0,13,0,13,0,10,65,5,80,0,10,78,5,93,152,10,162,255
11/06/2007,SPG,FL,ASO,ES,Federal Contract Tower,0,0,7,0,7,0,0,93,2,95,0,0,100,2,102,114,0,114,216
11/07/2007,SPG,FL,ASO,ES,Federal Contract Tower,0,0,9,0,9,0,14,87,0,101,0,14,96,0,110,98,4,102,212
11/08/2007,SPG,FL,ASO,ES,Federal Contract Tower,0,0,15,0,15,0,4,88,6,98,0,4,103,6,113,164,8,172,285
11/09/2007,SPG,FL,ASO,ES,Federal Contract Tower,0,0,14,0,14,0,8,89,5,102,0,8,103,5,116,124,0,124,240
11/10/2007,SPG,FL,ASO,ES,Federal Contract Tower,0,0,4,0,4,0,2,131,1,134,0,2,135,1,138,124,0,124,262
11/11/2007,SPG,FL,ASO,ES,Federal Contract Tower,0,0,10,0,10,0,0,98,2,100,0,0,108,2,110,152,6,158,268
11/12/2007,SPG,FL,ASO,ES,Federal Contract Tower,0,0,19,0,19,0,1,88,0,89,0,1,107,0,108,114,0,114,222
11/13/2007,SPG,FL,ASO,ES,Federal Contract Tower,0,0,8,0,8,0,6,89,3,98,0,6,97,3,106,118,48,166,272
11/14/2007,SPG,FL,ASO,ES,Federal Contract Tower,0,0,6,0,6,0,5,117,3,125,0,5,123,3,131,168,6,174,305
11/15/2007,SPG,FL,ASO,ES,Federal Contract Tower,0,0,3,0,3,0,3,68,1,72,0,3,71,1,75,36,0,36,111
11/16/2007,SPG,FL,ASO,ES,Federal Contract Tower,0,0,17,0,17,0,6,87,0,93,0,6,104,0,110,60,0,60,170
11/17/2007,SPG,FL,ASO,ES,Federal Contract Tower,0,3,16,1,20,0,5,124,1,130,0,8,140,2,150,166,0,166,316
11/18/2007,SPG,FL,ASO,ES,Federal Contract Tower,0,0,12,0,12,0,2,103,0,105,0,2,115,0,117,172,0,172,289
11/19/2007,SPG,FL,ASO,ES,Federal Contract Tower,0,0,5,0,5,0,0,91,0,91,0,0,96,0,96,112,0,112,208
11/20/2007,SPG,FL,ASO,ES,Federal Contract Tower,0,0,16,0,16,0,8,120,3,131,0,8,136,3,147,170,0,170,317
11/21/2007,SPG,FL,ASO,ES,Federal Contract Tower,0,0,12,0,12,0,13,123,0,136,0,13,135,0,148,178,0,178,326
11/22/2007,SPG,FL,ASO,ES,Federal Contract Tower,0,0,5,0,5,0,1,33,0,34,0,1,38,0,39,26,0,26,65
11/23/2007,SPG,FL,ASO,ES,Federal Contract Tower,0,0,18,0,18,0,0,62,0,62,0,0,80,0,80,50,0,50,130
11/24/2007,SPG,FL,ASO,ES,Federal Contract Tower,0,0,12,0,12,0,4,134,2,140,0,4,146,2,152,88,0,88,240
11/25/2007,SPG,FL,ASO,ES,Federal Contract Tower,0,0,15,0,15,0,2,74,0,76,0,2,89,0,91,158,0,158,249
11/26/2007,SPG,FL,ASO,ES,Federal Contract Tower,0,0,7,0,7,0,0,70,4,74,0,0,77,4,81,84,4,88,169
11/27/2007,SPG,FL,ASO,ES,Federal Contract Tower,0,0,19,0,19,0,10,96,4,110,0,10,115,4,129,138,46,184,313
11/28/2007,SPG,FL,ASO,ES,Federal Contract Tower,0,0,25,0,25,0,2,82,0,84,0,2,107,0,109,142,6,148,257
11/29/2007,SPG,FL,ASO,ES,Federal Contract Tower,0,0,27,0,27,0,10,60,2,72,0,10,87,2,99,32,0,32,131
11/30/2007,SPG,FL,ASO,ES,Federal Contract Tower,0,0,17,0,17,0,5,43,0,48,0,5,60,0,65,54,4,58,123
12/01/2007,SPG,FL,ASO,ES,Federal Contract Tower,0,1,11,0,12,0,7,138,0,145,0,8,149,0,157,144,0,144,301
12/02/2007,SPG,FL,ASO,ES,Federal Contract Tower,0,0,9,0,9,0,2,134,0,136,0,2,143,0,145,114,0,114,259
12/03/2007,SPG,FL,ASO,ES,Federal Contract Tower,0,0,10,0,10,0,0,65,2,67,0,0,75,2,77,50,12,62,139
12/04/2007,SPG,FL,ASO,ES,Federal Contract Tower,0,0,12,0,12,0,0,72,1,73,0,0,84,1,85,116,4,120,205
12/05/2007,SPG,FL,ASO,ES,Federal Contract Tower,0,0,12,0,12,0,0,88,4,92,0,0,100,4,104,106,44,150,254
12/06/2007,SPG,FL,ASO,ES,Federal Contract Tower,0,0,18,0,18,0,4,98,0,102,0,4,116,0,120,76,0,76,196
12/07/2007,SPG,FL,ASO,ES,Federal Contract Tower,0,0,11,0,11,0,11,115,2,128,0,11,126,2,139,84,0,84,223
12/08/2007,SPG,FL,ASO,ES,Federal Contract Tower,0,0,0,0,0,0,11,101,0,112,0,11,101,0,112,190,0,190,302
12/09/2007,SPG,FL,ASO,ES,Federal Contract Tower,0,0,6,0,6,0,4,120,0,124,0,4,126,0,130,90,0,90,220
12/10/2007,SPG,FL,ASO,ES,Federal Contract Tower,0,0,8,0,8,0,0,81,0,81,0,0,89,0,89,146,2,148,237
12/11/2007,SPG,FL,ASO,ES,Federal Contract Tower,0,0,14,0,14,0,2,86,2,90,0,2,100,2,104,102,36,138,242
12/12/2007,SPG,FL,ASO,ES,Federal Contract Tower,0,0,18,0,18,0,0,81,2,83,0,0,99,2,101,136,54,190,291
12/13/2007,SPG,FL,ASO,ES,Federal Contract Tower,0,0,9,0,9,0,4,87,0,91,0,4,96,0,100,78,0,78,178
12/14/2007,SPG,FL,ASO,ES,Federal Contract Tower,0,0,17,0,17,0,4,64,1,69,0,4,81,1,86,134,0,134,220
12/15/2007,SPG,FL,ASO,ES,Federal Contract Tower,0,0,25,0,25,0,2,19,0,21,0,2,44,0,46,112,0,112,158
12/16/2007,SPG,FL,ASO,ES,Federal Contract Tower,0,0,7,0,7,0,0,21,0,21,0,0,28,0,28,24,0,24,52
12/17/2007,SPG,FL,ASO,ES,Federal Contract Tower,0,0,15,0,15,0,0,72,2,74,0,0,87,2,89,84,6,90,179
12/18/2007,SPG,FL,ASO,ES,Federal Contract Tower,0,0,14,0,14,0,0,109,0,109,0,0,123,0,123,82,16,98,221
12/19/2007,SPG,FL,ASO,ES,Federal Contract Tower,0,0,20,0,20,0,1,105,3,109,0,1,125,3,129,102,6,108,237
12/20/2007,SPG,FL,ASO,ES,Federal Contract Tower,0,0,8,0,8,0,5,85,0,90,0,5,93,0,98,79,0,79,177
12/21/2007,SPG,FL,ASO,ES,Federal Contract Tower,0,0,14,0,14,0,2,67,0,69,0,2,81,0,83,96,0,96,179
12/22/2007,SPG,FL,ASO,ES,Federal Contract Tower,0,0,16,0,16,0,0,43,0,43,0,0,59,0,59,94,0,94,153
12/23/2007,SPG,FL,ASO,ES,Federal Contract Tower,0,0,10,0,10,0,0,69,0,69,0,0,79,0,79,28,0,28,107
12/24/2007,SPG,FL,ASO,ES,Federal Contract Tower,0,0,12,0,12,0,0,36,0,36,0,0,48,0,48,44,0,44,92
12/25/2007,SPG,FL,ASO,ES,Federal Contract Tower,0,0,5,0,5,0,5,66,0,71,0,5,71,0,76,24,0,24,100
12/26/2007,SPG,FL,ASO,ES,Federal Contract Tower,0,0,14,0,14,0,0,90,0,90,0,0,104,0,104,84,0,84,188
12/27/2007,SPG,FL,ASO,ES,Federal Contract Tower,0,0,12,0,12,0,4,99,0,103,0,4,111,0,115,64,0,64,179
12/28/2007,SPG,FL,ASO,ES,Federal Contract Tower,0,0,18,0,18,0,12,77,0,89,0,12,95,0,107,114,0,114,221
12/29/2007,SPG,FL,ASO,ES,Federal Contract Tower,0,0,18,0,18,0,0,132,0,132,0,0,150,0,150,98,0,98,248
12/30/2007,SPG,FL,ASO,ES,Federal Contract Tower,0,0,11,0,11,0,6,67,0,73,0,6,78,0,84,88,0,88,172
12/31/2007,SPG,FL,ASO,ES,Federal Contract Tower,0,0,7,0,7,0,0,28,0,28,0,0,35,0,35,20,0,20,55
01/01/2008,SPG,FL,ASO,ES,Federal Contract Tower,0,0,7,0,7,0,0,41,5,46,0,0,48,5,53,52,0,52,105
01/02/2008,SPG,FL,ASO,ES,Federal Contract Tower,0,0,7,0,7,0,0,35,0,35,0,0,42,0,42,22,0,22,64
01/03/2008,SPG,FL,ASO,ES,Federal Contract Tower,0,0,19,0,19,0,0,26,0,26,0,0,45,0,45,28,0,28,73
01/04/2008,SPG,FL,ASO,ES,Federal Contract Tower,0,0,25,0,25,0,7,57,0,64,0,7,82,0,89,76,2,78,167
01/05/2008,SPG,FL,ASO,ES,Federal Contract Tower,0,0,8,0,8,0,6,98,2,106,0,6,106,2,114,110,0,110,224
01/06/2008,SPG,FL,ASO,ES,Federal Contract Tower,0,0,8,0,8,0,0,62,0,62,0,0,70,0,70,124,0,124,194
01/07/2008,SPG,FL,ASO,ES,Federal Contract Tower,0,0,6,0,6,0,2,98,2,102,0,2,104,2,108,94,26,120,228
01/08/2008,SPG,FL,ASO,ES,Federal Contract Tower,0,0,12,0,12,0,0,106,4,110,0,0,118,4,122,138,60,198,320
01/09/2008,SPG,FL,ASO,ES,Federal Contract Tower,0,0,10,0,10,0,1,127,0,128,0,1,137,0,138,124,0,124,262
01/10/2008,SPG,FL,ASO,ES,Federal Contract Tower,0,0,14,0,14,0,4,90,0,94,0,4,104,0,108,50,0,50,158
01/11/2008,SPG,FL,ASO,ES,Federal Contract Tower,0,0,11,0,11,0,11,65,0,76,0,11,76,0,87,66,0,66,153
01/12/2008,SPG,FL,ASO,ES,Federal Contract Tower,0,0,11,0,11,0,7,90,1,98,0,7,101,1,109,120,20,140,249
01/13/2008,SPG,FL,ASO,ES,Federal Contract Tower,0,0,6,0,6,0,0,10,0,10,0,0,16,0,16,22,0,22,38
01/14/2008,SPG,FL,ASO,ES,Federal Contract Tower,0,0,7,0,7,0,1,76,0,77,0,1,83,0,84,138,0,138,222
01/15/2008,SPG,FL,ASO,ES,Federal Contract Tower,0,0,19,0,19,0,0,120,7,127,0,0,139,7,146,134,40,174,320
01/16/2008,SPG,FL,ASO,ES,Federal Contract Tower,0,0,13,0,13,0,0,69,2,71,0,0,82,2,84,36,2,38,122
01/17/2008,SPG,FL,ASO,ES,Federal Contract Tower,0,1,14,0,15,0,0,8,0,8,0,1,22,0,23,16,0,16,39
01/18/2008,SPG,FL,ASO,ES,Federal Contract Tower,0,0,28,0,28,0,0,31,0,31,0,0,59,0,59,48,2,50,109
01/19/2008,SPG,FL,ASO,ES,Federal Contract Tower,0,0,3,0,3,0,0,19,0,19,0,0,22,0,22,18,0,18,40
01/20/2008,SPG,FL,ASO,ES,Federal Contract Tower,0,0,9,0,9,0,0,41,2,43,0,0,50,2,52,10,0,10,62
01/21/2008,SPG,FL,ASO,ES,Federal Contract Tower,0,0,14,0,14,0,3,55,0,58,0,3,69,0,72,32,0,32,104
01/22/2008,SPG,FL,ASO,ES,Federal Contract Tower,0,0,16,0,16,0,0,74,2,76,0,0,90,2,92,62,24,86,178
01/23/2008,SPG,FL,ASO,ES,Federal Contract Tower,0,0,7,0,7,0,2,73,0,75,0,2,80,0,82,134,0,134,216
01/24/2008,SPG,FL,ASO,ES,Federal Contract Tower,0,0,12,0,12,0,0,3,0,3,0,0,15,0,15,0,0,0,15
01/25/2008,SPG,FL,ASO,ES,Federal Contract Tower,0,0,11,0,11,0,1,111,2,114,0,1,122,2,125,172,20,192,317
01/26/2008,SPG,FL,ASO,ES,Federal Contract Tower,0,0,6,0,6,0,5,134,2,141,0,5,140,2,147,200,6,206,353
01/27/2008,SPG,FL,ASO,ES,Federal Contract Tower,0,0,13,0,13,0,0,89,2,91,0,0,102,2,104,70,12,82,186
01/28/2008,SPG,FL,ASO,ES,Federal Contract Tower,0,0,7,0,7,0,4,88,2,94,0,4,95,2,101,182,50,232,333
01/29/2008,SPG,FL,ASO,ES,Federal Contract Tower,0,0,16,0,16,0,2,89,2,93,0,2,105,2,109,108,6,114,223
01/30/2008,SPG,FL,ASO,ES,Federal Contract Tower,0,0,18,0,18,0,3,96,0,99,0,3,114,0,117,124,0,124,241
01/31/2008,SPG,FL,ASO,ES,Federal Contract Tower,0,0,16,0,16,0,12,92,0,104,0,12,108,0,120,114,0,114,234
02/01/2008,SPG,FL,ASO,ES,Federal Contract Tower,0,0,11,0,11,0,10,50,0,60,0,10,61,0,71,86,0,86,157
02/02/2008,SPG,FL,ASO,ES,Federal Contract Tower,0,0,13,0,13,0,9,125,2,136,0,9,138,2,149,156,12,168,317
02/03/2008,SPG,FL,ASO,ES,Federal Contract Tower,0,0,8,0,8,0,1,112,6,119,0,1,120,6,127,120,12,132,259
02/04/2008,SPG,FL,ASO,ES,Federal Contract Tower,0,0,9,0,9,0,0,92,0,92,0,0,101,0,101,98,0,98,199
02/05/2008,SPG,FL,ASO,ES,Federal Contract Tower,0,0,14,0,14,0,0,120,0,120,0,0,134,0,134,130,0,130,264
02/06/2008,SPG,FL,ASO,ES,Federal Contract Tower,0,0,10,0,10,0,0,92,2,94,0,0,102,2,104,136,12,148,252
02/07/2008,SPG,FL,ASO,ES,Federal Contract Tower,0,0,12,0,12,0,5,41,0,46,0,5,53,0,58,58,0,58,116
02/08/2008,SPG,FL,ASO,ES,Federal Contract Tower,0,0,26,0,26,0,9,94,2,105,0,9,120,2,131,180,2,182,313
02/09/2008,SPG,FL,ASO,ES,Federal Contract Tower,0,1,10,0,11,0,4,96,2,102,0,5,106,2,113,158,8,166,279
02/10/2008,SPG,FL,ASO,ES,Federal Contract Tower,0,0,10,0,10,0,5,184,2,191,0,5,194,2,201,114,0,114,315
02/11/2008,SPG,FL,ASO,ES,Federal Contract Tower,0,0,5,0,5,0,1,87,0,88,0,1,92,0,93,92,0,92,185
02/12/2008,SPG,FL,ASO,ES,Federal Contract Tower,0,0,15,0,15,0,1,34,0,35,0,1,49,0,50,16,0,16,66
02/13/2008,SPG,FL,ASO,ES,Federal Contract Tower,0,0,7,0,7,0,0,29,2,31,0,0,36,2,38,51,14,65,103
02/14/2008,SPG,FL,ASO,ES,Federal Contract Tower,0,0,5,0,5,0,5,112,0,117,0,5,117,0,122,150,4,154,276
02/15/2008,SPG,FL,ASO,ES,Federal Contract Tower,0,0,27,0,27,0,4,118,2,124,0,4,145,2,151,118,2,120,271
02/16/2008,SPG,FL,ASO,ES,Federal Contract Tower,0,0,8,0,8,0,2,105,0,107,0,2,113,0,115,152,0,152,267
02/17/2008,SPG,FL,ASO,ES,Federal Contract Tower,0,0,12,0,12,0,1,116,0,117,0,1,128,0,129,86,0,86,215
02/18/2008,SPG,FL,ASO,ES,Federal Contract Tower,0,0,18,0,18,0,0,13,0,13,0,0,31,0,31,24,0,24,55
02/19/2008,SPG,FL,ASO,ES,Federal Contract Tower,0,0,4,0,4,0,0,101,0,101,0,0,105,0,105,114,0,114,219
02/20/2008,SPG,FL,ASO,ES,Federal Contract Tower,0,0,19,0,19,0,3,136,2,141,0,3,155,2,160,138,12,150,310
02/21/2008,SPG,FL,ASO,ES,Federal Contract Tower,0,0,14,0,14,0,0,93,0,93,0,0,107,0,107,194,4,198,305
02/22/2008,SPG,FL,ASO,ES,Federal Contract Tower,0,0,9,0,9,0,0,106,0,106,0,0,115,0,115,86,0,86,201
02/23/2008,SPG,FL,ASO,ES,Federal Contract Tower,0,0,12,0,12,0,0,6,0,6,0,0,18,0,18,14,0,14,32
02/24/2008,SPG,FL,ASO,ES,Federal Contract Tower,0,0,30,0,30,0,0,71,0,71,0,0,101,0,101,180,0,180,281
02/25/2008,SPG,FL,ASO,ES,Federal Contract Tower,0,0,12,0,12,0,0,73,0,73,0,0,85,0,85,124,0,124,209
02/26/2008,SPG,FL,ASO,ES,Federal Contract Tower,0,0,13,0,13,0,0,52,2,54,0,0,65,2,67,46,4,50,117
02/27/2008,SPG,FL,ASO,ES,Federal Contract Tower,0,0,12,0,12,0,0,62,4,66,0,0,74,4,78,54,38,92,170
02/28/2008,SPG,FL,ASO,ES,Federal Contract Tower,0,0,9,0,9,0,0,123,2,125,0,0,132,2,134,166,8,174,308
02/29/2008,SPG,FL,ASO,ES,Federal Contract Tower,0,0,14,0,14,0,1,123,4,128,0,1,137,4,142,162,26,188,330
03/01/2008,SPG,FL,ASO,ES,Federal Contract Tower,0,0,12,0,12,0,3,160,0,163,0,3,172,0,175,214,0,214,389
03/02/2008,SPG,FL,ASO,ES,Federal Contract Tower,0,0,17,0,17,0,1,137,0,138,0,1,154,0,155,136,0,136,291
03/03/2008,SPG,FL,ASO,ES,Federal Contract Tower,0,0,13,0,13,0,0,85,2,87,0,0,98,2,100,184,8,192,292
03/04/2008,SPG,FL,ASO,ES,Federal Contract Tower,0,0,12,0,12,0,0,29,2,31,0,0,41,2,43,22,50,72,115
03/05/2008,SPG,FL,ASO,ES,Federal Contract Tower,0,0,17,0,17,0,0,105,0,105,0,0,122,0,122,202,0,202,324
03/06/2008,SPG,FL,ASO,ES,Federal Contract Tower,0,0,15,0,15,0,2,99,4,105,0,2,114,4,120,228,0,228,348
03/07/2008,SPG,FL,ASO,ES,Federal Contract Tower,0,2,11,0,13,0,0,46,0,46,0,2,57,0,59,48,0,48,107
03/08/2008,SPG,FL,ASO,ES,Federal Contract Tower,0,1,7,0,8,0,0,14,0,14,0,1,21,0,22,2,0,2,24
03/09/2008,SPG,FL,ASO,ES,Federal Contract Tower,0,0,10,0,10,0,2,106,2,110,0,2,116,2,120,90,0,90,210
03/10/2008,SPG,FL,ASO,ES,Federal Contract Tower,0,0,7,0,7,0,0,110,2,112,0,0,117,2,119,114,8,122,241
03/11/2008,SPG,FL,ASO,ES,Federal Contract Tower,0,1,15,0,16,0,1,134,4,139,0,2,149,4,155,100,14,114,269
03/12/2008,SPG,FL,ASO,ES,Federal Contract Tower,0,0,13,0,13,0,0,93,2,95,0,0,106,2,108,148,18,166,274
03/13/2008,SPG,FL,ASO,ES,Federal Contract Tower,0,0,25,0,25,0,0,117,0,117,0,0,142,0,142,108,0,108,250
03/14/2008,SPG,FL,ASO,ES,Federal Contract Tower,0,0,18,1,19,0,2,56,5,63,0,2,74,6,82,104,16,120,202
03/15/2008,SPG,FL,ASO,ES,Federal Contract Tower,0,0,17,0,17,0,3,64,2,69,0,3,81,2,86,86,6,92,178
03/16/2008,SPG,FL,ASO,ES,Federal Contract Tower,0,0,12,0,12,0,0,71,0,71,0,0,83,0,83,50,0,50,133
03/17/2008,SPG,FL,ASO,ES,Federal Contract Tower,0,0,16,0,16,0,0,81,0,81,0,0,97,0,97,128,0,128,225
03/18/2008,SPG,FL,ASO,ES,Federal Contract Tower,0,0,16,0,16,0,0,79,0,79,0,0,95,0,95,108,0,108,203
03/19/2008,SPG,FL,ASO,ES,Federal Contract Tower,0,0,13,0,13,0,0,83,1,84,0,0,96,1,97,166,14,180,277
03/20/2008,SPG,FL,ASO,ES,Federal Contract Tower,0,0,21,0,21,0,2,69,0,71,0,2,90,0,92,126,0,126,218
03/21/2008,SPG,FL,ASO,ES,Federal Contract Tower,0,0,13,0,13,0,13,107,2,122,0,13,120,2,135,180,0,180,315
03/22/2008,SPG,FL,ASO,ES,Federal Contract Tower,0,0,12,0,12,0,3,44,0,47,0,3,56,0,59,82,0,82,141
03/23/2008,SPG,FL,ASO,ES,Federal Contract Tower,0,0,5,0,5,0,0,51,2,53,0,0,56,2,58,128,16,144,202
03/24/2008,SPG,FL,ASO,ES,Federal Contract Tower,0,0,11,0,11,0,0,69,0,69,0,0,80,0,80,180,0,180,260
03/25/2008,SPG,FL,ASO,ES,Federal Contract Tower,0,0,12,0,12,0,4,117,0,121,0,4,129,0,133,276,0,276,409
03/26/2008,SPG,FL,ASO,ES,Federal Contract Tower,0,0,11,0,11,0,0,122,0,122,0,0,133,0,133,268,0,268,401
03/27/2008,SPG,FL,ASO,ES,Federal Contract Tower,0,0,14,0,14,0,1,90,0,91,0,1,104,0,105,137,0,137,242
03/28/2008,SPG,FL,ASO,ES,Federal Contract Tower,0,0,18,0,18,0,6,109,0,115,0,6,127,0,133,130,0,130,263
03/29/2008,SPG,FL,ASO,ES,Federal Contract Tower,0,0,22,0,22,0,11,101,0,112,0,11,123,0,134,194,0,194,328
03/30/2008,SPG,FL,ASO,ES,Federal Contract Tower,0,0,18,0,18,0,2,97,0,99,0,2,115,0,117,72,0,72,189
03/31/2008,SPG,FL,ASO,ES,Federal Contract Tower,0,0,17,0,17,0,0,41,0,41,0,0,58,0,58,52,0,52,110
04/01/2008,SPG,FL,ASO,ES,Federal Contract Tower,0,0,7,0,7,0,0,62,0,62,0,0,69,0,69,136,0,136,205
04/02/2008,SPG,FL,ASO,ES,Federal Contract Tower,0,0,11,0,11,0,1,98,0,99,0,1,109,0,110,144,0,144,254
04/03/2008,SPG,FL,ASO,ES,Federal Contract Tower,0,0,10,0,10,0,10,83,8,101,0,10,93,8,111,104,2,106,217
04/04/2008,SPG,FL,ASO,ES,Federal Contract Tower,0,0,11,0,11,0,6,70,2,78,0,6,81,2,89,41,0,41,130
04/05/2008,SPG,FL,ASO,ES,Federal Contract Tower,0,0,17,0,17,0,4,77,0,81,0,4,94,0,98,50,0,50,148
04/06/2008,SPG,FL,ASO,ES,Federal Contract Tower,0,0,14,0,14,0,3,94,10,107,0,3,108,10,121,34,2,36,157
04/07/2008,SPG,FL,ASO,ES,Federal Contract Tower,0,0,22,0,22,0,0,50,0,50,0,0,72,0,72,78,0,78,150
04/08/2008,SPG,FL,ASO,ES,Federal Contract Tower,0,0,16,0,16,0,2,101,0,103,0,2,117,0,119,152,0,152,271
04/09/2008,SPG,FL,ASO,ES,Federal Contract Tower,0,0,23,0,23,0,0,130,8,138,0,0,153,8,161,134,8,142,303
04/10/2008,SPG,FL,ASO,ES,Federal Contract Tower,0,0,21,0,21,0,2,107,8,117,0,2,128,8,138,124,0,124,262
04/11/2008,SPG,FL,ASO,ES,Federal Contract Tower,0,0,15,0,15,0,2,123,1,126,0,2,138,1,141,134,2,136,277
04/12/2008,SPG,FL,ASO,ES,Federal Contract Tower,0,0,13,0,13,0,2,116,4,122,0,2,129,4,135,78,0,78,213
04/13/2008,SPG,FL,ASO,ES,Federal Contract Tower,0,0,24,0,24,0,6,68,0,74,0,6,92,0,98,46,0,46,144
04/14/2008,SPG,FL,ASO,ES,Federal Contract Tower,0,0,10,0,10,0,2,83,0,85,0,2,93,0,95,86,0,86,181
04/15/2008,SPG,FL,ASO,ES,Federal Contract Tower,0,0,8,0,8,0,2,62,0,64,0,2,70,0,72,76,0,76,148
04/16/2008,SPG,FL,ASO,ES,Federal Contract Tower,0,1,17,0,18,0,11,102,8,121,0,12,119,8,139,220,48,268,407
04/17/2008,SPG,FL,ASO,ES,Federal Contract Tower,0,0,15,0,15,0,3,120,0,123,0,3,135,0,138,170,4,174,312
04/18/2008,SPG,FL,ASO,ES,Federal Contract Tower,0,0,13,0,13,0,2,147,0,149,0,2,160,0,162,228,0,228,390
04/19/2008,SPG,FL,ASO,ES,Federal Contract Tower,0,0,14,0,14,0,0,250,35,285,0,0,264,35,299,148,0,148,447
04/20/2008,SPG,FL,ASO,ES,Federal Contract Tower,0,0,8,0,8,0,12,149,2,163,0,12,157,2,171,178,10,188,359
04/21/2008,SPG,FL,ASO,ES,Federal Contract Tower,0,0,11,0,11,0,5,56,2,63,0,5,67,2,74,114,6,120,194
04/22/2008,SPG,FL,ASO,ES,Federal Contract Tower,0,0,10,0,10,0,5,106,0,111,0,5,116,0,121,202,0,202,323
04/23/2008,SPG,FL,ASO,ES,Federal Contract Tower,0,2,9,0,11,0,10,99,2,111,0,12,108,2,122,230,0,230,352
04/24/2008,SPG,FL,ASO,ES,Federal Contract Tower,0,0,10,0,10,0,11,92,7,110,0,11,102,7,120,108,26,134,254
04/25/2008,SPG,FL,ASO,ES,Federal Contract Tower,0,0,15,0,15,0,11,95,4,110,0,11,110,4,125,174,4,178,303
04/26/2008,SPG,FL,ASO,ES,Federal Contract Tower,0,1,11,0,12,0,5,105,0,110,0,6,116,0,122,150,0,150,272
04/27/2008,SPG,FL,ASO,ES,Federal Contract Tower,0,3,16,0,19,0,11,107,2,120,0,14,123,2,139,102,2,104,243
04/28/2008,SPG,FL,ASO,ES,Federal Contract Tower,0,0,18,0,18,0,5,32,2,39,0,5,50,2,57,72,16,88,145
04/29/2008,SPG,FL,ASO,ES,Federal Contract Tower,0,0,9,0,9,0,0,79,6,85,0,0,88,6,94,114,32,146,240
04/30/2008,SPG,FL,ASO,ES,Federal Contract Tower,0,1,11,0,12,0,4,113,15,132,0,5,124,15,144,126,40,166,310
05/01/2008,SPG,FL,ASO,ES,Federal Contract Tower,0,2,5,0,7,0,0,98,3,101,0,2,103,3,108,148,20,168,276
05/02/2008,SPG,FL,ASO,ES,Federal Contract Tower,0,0,11,0,11,0,3,100,0,103,0,3,111,0,114,154,2,156,270
05/03/2008,SPG,FL,ASO,ES,Federal Contract Tower,0,0,7,0,7,0,15,81,0,96,0,15,88,0,103,143,0,143,246
05/04/2008,SPG,FL,ASO,ES,Federal Contract Tower,0,0,16,0,16,0,10,89,2,101,0,10,105,2,117,116,6,122,239
05/05/2008,SPG,FL,ASO,ES,Federal Contract Tower,0,0,8,0,8,0,5,64,2,71,0,5,72,2,79,124,6,130,209
05/06/2008,SPG,FL,ASO,ES,Federal Contract Tower,0,0,10,0,10,0,0,119,7,126,0,0,129,7,136,192,0,192,328
05/07/2008,SPG,FL,ASO,ES,Federal Contract Tower,0,0,15,0,15,0,15,111,7,133,0,15,126,7,148,186,0,186,334
05/08/2008,SPG,FL,ASO,ES,Federal Contract Tower,0,0,16,0,16,0,1,64,4,69,0,1,80,4,85,14,8,22,107
05/09/2008,SPG,FL,ASO,ES,Federal Contract Tower,0,0,16,0,16,0,5,81,0,86,0,5,97,0,102,94,0,94,196
05/10/2008,SPG,FL,ASO,ES,Federal Contract Tower,0,0,16,0,16,0,11,100,0,111,0,11,116,0,127,180,0,180,307
05/11/2008,SPG,FL,ASO,ES,Federal Contract Tower,0,0,9,0,9,0,3,24,4,31,0,3,33,4,40,34,0,34,74
05/12/2008,SPG,FL,ASO,ES,Federal Contract Tower,0,0,7,0,7,0,2,66,5,73,0,2,73,5,80,98,46,144,224
05/13/2008,SPG,FL,ASO,ES,Federal Contract Tower,0,1,23,0,24,0,13,126,5,144,0,14,149,5,168,190,16,206,374
05/14/2008,SPG,FL,ASO,ES,Federal Contract Tower,0,0,16,0,16,0,8,120,5,133,0,8,136,5,149,146,12,158,307
05/15/2008,SPG,FL,ASO,ES,Federal Contract Tower,0,0,20,0,20,0,1,79,12,92,0,1,99,12,112,52,10,62,174
05/16/2008,SPG,FL,ASO,ES,Federal Contract Tower,0,0,13,1,14,0,10,93,1,104,0,10,106,2,118,150,20,170,288
05/17/2008,SPG,FL,ASO,ES,Federal Contract Tower,0,0,12,0,12,0,1,81,1,83,0,1,93,1,95,108,0,108,203
05/18/2008,SPG,FL,ASO,ES,Federal Contract Tower,0,0,18,0,18,0,10,40,0,50,0,10,58,0,68,60,0,60,128
05/19/2008,SPG,FL,ASO,ES,Federal Contract Tower,0,0,19,0,19,0,4,43,0,47,0,4,62,0,66,74,0,74,140
05/20/2008,SPG,FL,ASO,ES,Federal Contract Tower,0,0,12,0,12,0,0,60,4,64,0,0,72,4,76,126,8,134,210
05/21/2008,SPG,FL,ASO,ES,Federal Contract Tower,0,0,6,0,6,0,3,130,7,140,0,3,136,7,146,146,18,164,310
05/22/2008,SPG,FL,ASO,ES,Federal Contract Tower,0,1,14,0,15,0,1,61,2,64,0,2,75,2,79,74,14,88,167
05/23/2008,SPG,FL,ASO,ES,Federal Contract Tower,0,0,14,0,14,0,15,69,0,84,0,15,83,0,98,174,0,174,272
05/24/2008,SPG,FL,ASO,ES,Federal Contract Tower,0,1,8,0,9,0,11,76,0,87,0,12,84,0,96,92,0,92,188
05/25/2008,SPG,FL,ASO,ES,Federal Contract Tower,0,1,8,0,9,0,14,90,0,104,0,15,98,0,113,62,0,62,175
05/26/2008,SPG,FL,ASO,ES,Federal Contract Tower,0,1,5,0,6,0,7,91,0,98,0,8,96,0,104,104,0,104,208
05/27/2008,SPG,FL,ASO,ES,Federal Contract Tower,0,0,8,0,8,0,8,115,5,128,0,8,123,5,136,196,24,220,356
05/28/2008,SPG,FL,ASO,ES,Federal Contract Tower,0,0,13,0,13,0,4,112,2,118,0,4,125,2,131,192,4,196,327
05/29/2008,SPG,FL,ASO,ES,Federal Contract Tower,0,0,12,0,12,0,6,74,7,87,0,6,86,7,99,118,20,138,237
05/30/2008,SPG,FL,ASO,ES,Federal Contract Tower,0,2,8,0,10,0,10,84,2,96,0,12,92,2,106,164,0,164,270
05/31/2008,SPG,FL,ASO,ES,Federal Contract Tower,0,0,11,0,11,0,5,121,0,126,0,5,132,0,137,186,0,186,323
06/01/2008,SPG,FL,ASO,ES,Federal Contract Tower,0,0,9,0,9,0,4,83,0,87,0,4,92,0,96,66,0,66,162
06/02/2008,SPG,FL,ASO,ES,Federal Contract Tower,0,0,8,0,8,0,10,72,0,82,0,10,80,0,90,162,0,162,252
06/03/2008,SPG,FL,ASO,ES,Federal Contract Tower,0,0,2,0,2,0,11,110,10,131,0,11,112,10,133,90,14,104,237
06/04/2008,SPG,FL,ASO,ES,Federal Contract Tower,0,0,12,0,12,0,4,92,4,100,0,4,104,4,112,226,2,228,340
06/05/2008,SPG,FL,ASO,ES,Federal Contract Tower,0,0,10,0,10,0,10,104,2,116,0,10,114,2,126,88,0,88,214
06/06/2008,SPG,FL,ASO,ES,Federal Contract Tower,0,0,11,0,11,0,9,82,2,93,0,9,93,2,104,48,18,66,170
06/07/2008,SPG,FL,ASO,ES,Federal Contract Tower,0,0,15,0,15,0,7,94,0,101,0,7,109,0,116,170,0,170,286
06/08/2008,SPG,FL,ASO,ES,Federal Contract Tower,0,0,9,0,9,0,10,83,0,93,0,10,92,0,102,80,0,80,182
06/09/2008,SPG,FL,ASO,ES,Federal Contract Tower,0,1,5,0,6,0,2,48,0,50,0,3,53,0,56,80,2,82,138
06/10/2008,SPG,FL,ASO,ES,Federal Contract Tower,0,0,15,0,15,0,6,115,3,124,0,6,130,3,139,146,18,164,303
06/11/2008,SPG,FL,ASO,ES,Federal Contract Tower,0,0,14,0,14,0,11,153,1,165,0,11,167,1,179,166,0,166,345
06/12/2008,SPG,FL,ASO,ES,Federal Contract Tower,0,0,13,0,13,0,3,96,0,99,0,3,109,0,112,74,0,74,186
06/13/2008,SPG,FL,ASO,ES,Federal Contract Tower,0,0,11,0,11,0,0,94,0,94,0,0,105,0,105,60,2,62,167
06/14/2008,SPG,FL,ASO,ES,Federal Contract Tower,0,0,5,0,5,0,2,223,1,226,0,2,228,1,231,184,0,184,415
06/15/2008,SPG,FL,ASO,ES,Federal Contract Tower,0,2,10,0,12,0,12,78,0,90,0,14,88,0,102,114,0,114,216
06/16/2008,SPG,FL,ASO,ES,Federal Contract Tower,0,0,9,0,9,0,0,135,0,135,0,0,144,0,144,120,0,120,264
06/17/2008,SPG,FL,ASO,ES,Federal Contract Tower,0,0,9,0,9,0,13,120,2,135,0,13,129,2,144,124,18,142,286
06/18/2008,SPG,FL,ASO,ES,Federal Contract Tower,0,0,12,0,12,0,10,161,2,173,0,10,173,2,185,172,14,186,371
06/19/2008,SPG,FL,ASO,ES,Federal Contract Tower,0,0,6,0,6,0,0,97,4,101,0,0,103,4,107,108,38,146,253
06/20/2008,SPG,FL,ASO,ES,Federal Contract Tower,0,0,8,0,8,0,14,98,2,114,0,14,106,2,122,106,2,108,230
06/21/2008,SPG,FL,ASO,ES,Federal Contract Tower,0,0,2,0,2,0,0,23,2,25,0,0,25,2,27,32,2,34,61
06/22/2008,SPG,FL,ASO,ES,Federal Contract Tower,0,0,10,0,10,0,12,26,0,38,0,12,36,0,48,78,0,78,126
06/23/2008,SPG,FL,ASO,ES,Federal Contract Tower,0,0,12,0,12,0,4,56,0,60,0,4,68,0,72,106,0,106,178
06/24/2008,SPG,FL,ASO,ES,Federal Contract Tower,0,0,7,0,7,0,11,128,3,142,0,11,135,3,149,224,12,236,385
06/25/2008,SPG,FL,ASO,ES,Federal Contract Tower,0,0,6,0,6,0,10,90,2,102,0,10,96,2,108,208,0,208,316
06/26/2008,SPG,FL,ASO,ES,Federal Contract Tower,0,0,8,0,8,0,5,61,5,71,0,5,69,5,79,102,2,104,183
06/27/2008,SPG,FL,ASO,ES,Federal Contract Tower,0,0,16,1,17,0,7,61,4,72,0,7,77,5,89,156,0,156,245
06/28/2008,SPG,FL,ASO,ES,Federal Contract Tower,0,0,11,0,11,0,7,104,1,112,0,7,115,1,123,190,0,190,313
06/29/2008,SPG,FL,ASO,ES,Federal Contract Tower,0,0,14,0,14,0,4,84,0,88,0,4,98,0,102,92,0,92,194
06/30/2008,SPG,FL,ASO,ES,Federal Contract Tower,0,0,11,0,11,0,6,39,0,45,0,6,50,0,56,148,0,148,204
07/01/2008,SPG,FL,ASO,ES,Federal Contract Tower,0,0,12,0,12,0,0,117,7,124,0,0,129,7,136,184,34,218,354
07/02/2008,SPG,FL,ASO,ES,Federal Contract Tower,0,0,14,0,14,0,6,114,5,125,0,6,128,5,139,128,0,128,267
07/03/2008,SPG,FL,ASO,ES,Federal Contract Tower,0,0,10,0,10,0,7,64,0,71,0,7,74,0,81,174,0,174,255
07/04/2008,SPG,FL,ASO,ES,Federal Contract Tower,0,0,4,0,4,0,7,91,4,102,0,7,95,4,106,102,2,104,210
07/05/2008,SPG,FL,ASO,ES,Federal Contract Tower,0,0,3,0,3,0,16,96,2,114,0,16,99,2,117,126,0,126,243
07/06/2008,SPG,FL,ASO,ES,Federal Contract Tower,0,1,10,0,11,0,0,67,0,67,0,1,77,0,78,70,0,70,148
07/07/2008,SPG,FL,ASO,ES,Federal Contract Tower,0,0,13,0,13,0,0,64,2,66,0,0,77,2,79,114,20,134,213
07/08/2008,SPG,FL,ASO,ES,Federal Contract Tower,0,0,9,0,9,0,11,114,4,129,0,11,123,4,138,130,18,148,286
07/09/2008,SPG,FL,ASO,ES,Federal Contract Tower,0,0,7,0,7,0,10,113,4,127,0,10,120,4,134,160,30,190,324
07/10/2008,SPG,FL,ASO,ES,Federal Contract Tower,0,0,7,0,7,0,16,126,2,144,0,16,133,2,151,186,20,206,357
07/11/2008,SPG,FL,ASO,ES,Federal Contract Tower,0,0,10,0,10,0,4,82,2,88,0,4,92,2,98,168,0,168,266
07/12/2008,SPG,FL,ASO,ES,Federal Contract Tower,0,0,9,0,9,0,2,74,1,77,0,2,83,1,86,98,2,100,186
07/13/2008,SPG,FL,ASO,ES,Federal Contract Tower,0,0,8,0,8,0,0,35,2,37,0,0,43,2,45,92,8,100,145
07/14/2008,SPG,FL,ASO,ES,Federal Contract Tower,0,0,6,0,6,0,0,39,0,39,0,0,45,0,45,162,0,162,207
07/15/2008,SPG,FL,ASO,ES,Federal Contract Tower,0,0,12,0,12,0,7,88,2,97,0,7,100,2,109,102,10,112,221
07/16/2008,SPG,FL,ASO,ES,Federal Contract Tower,0,0,14,0,14,0,7,95,4,106,0,7,109,4,120,112,18,130,250
07/17/2008,SPG,FL,ASO,ES,Federal Contract Tower,0,2,8,0,10,0,18,128,6,152,0,20,136,6,162,128,0,128,290
07/18/2008,SPG,FL,ASO,ES,Federal Contract Tower,0,4,14,0,18,0,21,109,9,139,0,25,123,9,157,114,2,116,273
07/19/2008,SPG,FL,ASO,ES,Federal Contract Tower,0,0,5,0,5,0,15,97,0,112,0,15,102,0,117,148,0,148,265
07/20/2008,SPG,FL,ASO,ES,Federal Contract Tower,0,0,10,0,10,0,2,97,0,99,0,2,107,0,109,134,0,134,243
07/21/2008,SPG,FL,ASO,ES,Federal Contract Tower,0,0,3,0,3,0,8,52,0,60,0,8,55,0,63,162,0,162,225
07/22/2008,SPG,FL,ASO,ES,Federal Contract Tower,0,0,19,0,19,0,7,89,3,99,0,7,108,3,118,170,16,186,304
07/23/2008,SPG,FL,ASO,ES,Federal Contract Tower,0,0,8,0,8,0,11,94,4,109,0,11,102,4,117,202,12,214,331
07/24/2008,SPG,FL,ASO,ES,Federal Contract Tower,0,0,10,0,10,0,0,63,5,68,0,0,73,5,78,86,12,98,176
07/25/2008,SPG,FL,ASO,ES,Federal Contract Tower,0,0,13,0,13,0,0,89,0,89,0,0,102,0,102,126,0,126,228
07/26/2008,SPG,FL,ASO,ES,Federal Contract Tower,0,0,8,0,8,0,3,135,1,139,0,3,143,1,147,146,0,146,293
07/27/2008,SPG,FL,ASO,ES,Federal Contract Tower,0,0,4,0,4,0,0,61,0,61,0,0,65,0,65,94,0,94,159
07/28/2008,SPG,FL,ASO,ES,Federal Contract Tower,0,0,5,0,5,0,1,38,0,39,0,1,43,0,44,98,0,98,142
07/29/2008,SPG,FL,ASO,ES,Federal Contract Tower,0,0,7,0,7,0,12,86,3,101,0,12,93,3,108,84,20,104,212
07/30/2008,SPG,FL,ASO,ES,Federal Contract Tower,0,0,5,0,5,0,8,92,3,103,0,8,97,3,108,138,10,148,256
07/31/2008,SPG,FL,ASO,ES,Federal Contract Tower,0,1,7,0,8,0,2,84,0,86,0,3,91,0,94,160,2,162,256
08/01/2008,SPG,FL,ASO,ES,Federal Contract Tower,0,0,9,0,9,0,6,55,2,63,0,6,64,2,72,82,0,82,154
08/02/2008,SPG,FL,ASO,ES,Federal Contract Tower,0,0,9,0,9,0,6,102,0,108,0,6,111,0,117,120,0,120,237
08/03/2008,SPG,FL,ASO,ES,Federal Contract Tower,0,0,10,0,10,0,0,89,2,91,0,0,99,2,101,86,0,86,187
08/04/2008,SPG,FL,ASO,ES,Federal Contract Tower,0,0,7,0,7,0,1,42,2,45,0,1,49,2,52,124,4,128,180
08/05/2008,SPG,FL,ASO,ES,Federal Contract Tower,0,0,9,0,9,0,0,99,5,104,0,0,108,5,113,224,22,246,359
08/06/2008,SPG,FL,ASO,ES,Federal Contract Tower,0,0,8,0,8,0,8,90,6,104,0,8,98,6,112,136,24,160,272
08/07/2008,SPG,FL,ASO,ES,Federal Contract Tower,0,2,7,0,9,0,4,120,2,126,0,6,127,2,135,174,6,180,315
08/08/2008,SPG,FL,ASO,ES,Federal Contract Tower,0,0,13,0,13,0,2,45,4,51,0,2,58,4,64,114,16,130,194
08/09/2008,SPG,FL,ASO,ES,Federal Contract Tower,0,0,3,0,3,0,3,25,2,30,0,3,28,2,33,36,0,36,69
08/10/2008,SPG,FL,ASO,ES,Federal Contract Tower,0,0,11,0,11,0,0,93,2,95,0,0,104,2,106,86,0,86,192
08/11/2008,SPG,FL,ASO,ES,Federal Contract Tower,0,0,10,0,10,0,2,60,2,64,0,2,70,2,74,52,2,54,128
08/12/2008,SPG,FL,ASO,ES,Federal Contract Tower,0,0,12,0,12,0,1,52,0,53,0,1,64,0,65,124,0,124,189
08/13/2008,SPG,FL,ASO,ES,Federal Contract Tower,0,0,7,0,7,0,0,50,0,50,0,0,57,0,57,100,0,100,157
08/14/2008,SPG,FL,ASO,ES,Federal Contract Tower,0,0,8,0,8,0,8,55,2,65,0,8,63,2,73,42,0,42,115
08/15/2008,SPG,FL,ASO,ES,Federal Contract Tower,0,1,15,0,16,0,2,69,2,73,0,3,84,2,89,116,0,116,205
08/16/2008,SPG,FL,ASO,ES,Federal Contract Tower,0,0,10,0,10,0,8,45,2,55,0,8,55,2,65,116,8,124,189
08/17/2008,SPG,FL,ASO,ES,Federal Contract Tower,0,0,2,0,2,0,5,75,2,82,0,5,77,2,84,68,10,78,162
08/18/2008,SPG,FL,ASO,ES,Federal Contract Tower,0,0,5,0,5,0,2,54,0,56,0,2,59,0,61,98,0,98,159
08/19/2008,SPG,FL,ASO,ES,Federal Contract Tower,0,0,0,0,0,0,0,1,10,11,0,0,1,10,11,0,0,0,11
08/20/2008,SPG,FL,ASO,ES,Federal Contract Tower,0,0,6,0,6,0,8,80,2,90,0,8,86,2,96,72,12,84,180
08/21/2008,SPG,FL,ASO,ES,Federal Contract Tower,0,0,4,0,4,0,4,52,0,56,0,4,56,0,60,32,0,32,92
08/22/2008,SPG,FL,ASO,ES,Federal Contract Tower,0,1,5,0,6,0,7,21,0,28,0,8,26,0,34,16,2,18,52
08/23/2008,SPG,FL,ASO,ES,Federal Contract Tower,0,0,4,0,4,0,7,70,4,81,0,7,74,4,85,10,0,10,95
08/24/2008,SPG,FL,ASO,ES,Federal Contract Tower,0,0,9,0,9,0,5,83,3,91,0,5,92,3,100,118,0,118,218
08/25/2008,SPG,FL,ASO,ES,Federal Contract Tower,0,0,7,0,7,0,2,85,2,89,0,2,92,2,96,124,12,136,232
08/26/2008,SPG,FL,ASO,ES,Federal Contract Tower,0,0,9,0,9,0,2,69,6,77,0,2,78,6,86,126,0,126,212
08/27/2008,SPG,FL,ASO,ES,Federal Contract Tower,0,0,6,0,6,0,9,124,4,137,0,9,130,4,143,124,18,142,285
08/28/2008,SPG,FL,ASO,ES,Federal Contract Tower,0,0,7,0,7,0,17,75,0,92,0,17,82,0,99,128,2,130,229
08/29/2008,SPG,FL,ASO,ES,Federal Contract Tower,0,0,12,0,12,0,4,106,4,114,0,4,118,4,126,106,20,126,252
08/30/2008,SPG,FL,ASO,ES,Federal Contract Tower,0,0,9,0,9,2,7,56,2,67,2,7,65,2,76,98,8,106,182
08/31/2008,SPG,FL,ASO,ES,Federal Contract Tower,0,0,4,0,4,0,0,3,0,3,0,0,7,0,7,8,0,8,15
09/01/2008,SPG,FL,ASO,ES,Federal Contract Tower,0,0,8,0,8,0,11,76,2,89,0,11,84,2,97,156,8,164,261
09/02/2008,SPG,FL,ASO,ES,Federal Contract Tower,0,0,7,0,7,0,10,104,4,118,0,10,111,4,125,146,12,158,283
09/03/2008,SPG,FL,ASO,ES,Federal Contract Tower,0,0,14,0,14,0,7,113,6,126,0,7,127,6,140,146,12,158,298
09/04/2008,SPG,FL,ASO,ES,Federal Contract Tower,0,0,14,0,14,0,7,113,6,126,0,7,127,6,140,146,12,158,298
09/05/2008,SPG,FL,ASO,ES,Federal Contract Tower,0,0,9,0,9,0,0,46,0,46,0,0,55,0,55,64,0,64,119
09/06/2008,SPG,FL,ASO,ES,Federal Contract Tower,0,1,6,0,7,0,4,115,4,123,0,5,121,4,130,136,0,136,266
09/07/2008,SPG,FL,ASO,ES,Federal Contract Tower,0,0,11,1,12,0,0,117,8,125,0,0,128,9,137,138,6,144,281
09/08/2008,SPG,FL,ASO,ES,Federal Contract Tower,0,0,5,0,5,0,1,100,0,101,0,1,105,0,106,234,0,234,340
09/09/2008,SPG,FL,ASO,ES,Federal Contract Tower,0,0,6,0,6,0,9,106,4,119,0,9,112,4,125,100,32,132,257
09/10/2008,SPG,FL,ASO,ES,Federal Contract Tower,0,0,5,0,5,0,10,59,2,71,0,10,64,2,76,48,8,56,132
09/11/2008,SPG,FL,ASO,ES,Federal Contract Tower,0,0,5,0,5,0,2,62,1,65,0,2,67,1,70,98,2,100,170
09/12/2008,SPG,FL,ASO,ES,Federal Contract Tower,0,0,8,0,8,0,4,64,1,69,0,4,72,1,77,120,4,124,201
09/13/2008,SPG,FL,ASO,ES,Federal Contract Tower,0,0,13,0,13,0,4,94,0,98,0,4,107,0,111,52,0,52,163
09/14/2008,SPG,FL,ASO,ES,Federal Contract Tower,0,0,4,0,4,0,1,91,0,92,0,1,95,0,96,66,0,66,162
09/15/2008,SPG,FL,ASO,ES,Federal Contract Tower,0,0,4,0,4,0,10,89,2,101,0,10,93,2,105,170,0,170,275
09/16/2008,SPG,FL,ASO,ES,Federal Contract Tower,0,0,13,0,13,0,9,119,3,131,0,9,132,3,144,130,18,148,292
09/17/2008,SPG,FL,ASO,ES,Federal Contract Tower,0,0,10,0,10,0,6,110,9,125,0,6,120,9,135,130,22,152,287
09/18/2008,SPG,FL,ASO,ES,Federal Contract Tower,0,0,14,0,14,0,8,112,1,121,0,8,126,1,135,148,0,148,283
09/19/2008,SPG,FL,ASO,ES,Federal Contract Tower,0,2,16,0,18,0,22,86,4,112,0,24,102,4,130,114,0,114,244
09/20/2008,SPG,FL,ASO,ES,Federal Contract Tower,0,0,5,0,5,0,4,94,2,100,0,4,99,2,105,102,0,102,207
09/21/2008,SPG,FL,ASO,ES,Federal Contract Tower,0,0,13,0,13,0,0,51,0,51,0,0,64,0,64,86,0,86,150
09/22/2008,SPG,FL,ASO,ES,Federal Contract Tower,0,1,6,0,7,0,8,87,3,98,0,9,93,3,105,90,16,106,211
09/23/2008,SPG,FL,ASO,ES,Federal Contract Tower,0,0,10,0,10,0,17,100,2,119,0,17,110,2,129,90,10,100,229
09/24/2008,SPG,FL,ASO,ES,Federal Contract Tower,0,0,9,0,9,0,13,104,5,122,0,13,113,5,131,140,8,148,279
09/25/2008,SPG,FL,ASO,ES,Federal Contract Tower,0,0,11,0,11,0,5,94,2,101,0,5,105,2,112,164,0,164,276
09/26/2008,SPG,FL,ASO,ES,Federal Contract Tower,0,0,14,0,14,0,12,68,6,86,0,12,82,6,100,72,0,72,172
09/27/2008,SPG,FL,ASO,ES,Federal Contract Tower,0,0,9,0,9,0,29,64,0,93,0,29,73,0,102,66,0,66,168
09/28/2008,SPG,FL,ASO,ES,Federal Contract Tower,0,0,12,0,12,0,5,71,0,76,0,5,83,0,88,122,0,122,210
09/29/2008,SPG,FL,ASO,ES,Federal Contract Tower,0,0,2,0,2,0,6,62,0,68,0,6,64,0,70,164,0,164,234
09/30/2008,SPG,FL,ASO,ES,Federal Contract Tower,0,0,5,0,5,0,14,103,2,119,0,14,108,2,124,148,10,158,282
10/01/2008,SPG,FL,ASO,ES,Federal Contract Tower,0,0,9,0,9,0,13,110,3,126,0,13,119,3,135,146,18,164,299
10/02/2008,SPG,FL,ASO,ES,Federal Contract Tower,0,0,14,0,14,0,3,119,4,126,0,3,133,4,140,156,24,180,320
10/03/2008,SPG,FL,ASO,ES,Federal Contract Tower,0,0,17,0,17,0,5,84,1,90,0,5,101,1,107,66,0,66,173
10/04/2008,SPG,FL,ASO,ES,Federal Contract Tower,0,1,9,0,10,0,6,90,1,97,0,7,99,1,107,138,0,138,245
10/05/2008,SPG,FL,ASO,ES,Federal Contract Tower,0,0,10,0,10,0,2,53,4,59,0,2,63,4,69,30,4,34,103
10/06/2008,SPG,FL,ASO,ES,Federal Contract Tower,0,0,7,0,7,0,0,33,14,47,0,0,40,14,54,56,40,96,150
10/07/2008,SPG,FL,ASO,ES,Federal Contract Tower,0,0,16,0,16,0,11,102,10,123,0,11,118,10,139,176,2,178,317
10/08/2008,SPG,FL,ASO,ES,Federal Contract Tower,0,0,10,0,10,0,13,92,4,109,0,13,102,4,119,214,22,236,355
10/09/2008,SPG,FL,ASO,ES,Federal Contract Tower,0,0,2,0,2,0,23,98,4,125,0,23,100,4,127,164,38,202,329
10/10/2008,SPG,FL,ASO,ES,Federal Contract Tower,0,0,9,0,9,0,17,86,2,105,0,17,95,2,114,116,0,116,230
10/11/2008,SPG,FL,ASO,ES,Federal Contract Tower,0,0,15,0,15,0,10,166,0,176,0,10,181,0,191,120,0,120,311
10/12/2008,SPG,FL,ASO,ES,Federal Contract Tower,0,0,7,0,7,0,0,52,0,52,0,0,59,0,59,138,0,138,197
10/13/2008,SPG,FL,ASO,ES,Federal Contract Tower,0,0,5,0,5,0,7,46,0,53,0,7,51,0,58,136,0,136,194
10/14/2008,SPG,FL,ASO,ES,Federal Contract Tower,0,0,7,0,7,0,8,113,4,125,0,8,120,4,132,186,0,186,318
10/15/2008,SPG,FL,ASO,ES,Federal Contract Tower,0,0,12,0,12,0,20,111,6,137,0,20,123,6,149,130,32,162,311
10/16/2008,SPG,FL,ASO,ES,Federal Contract Tower,0,0,10,0,10,0,10,106,5,121,0,10,116,5,131,218,12,230,361
10/17/2008,SPG,FL,ASO,ES,Federal Contract Tower,0,0,11,0,11,0,2,106,2,110,0,2,117,2,121,204,0,204,325
10/18/2008,SPG,FL,ASO,ES,Federal Contract Tower,0,0,11,0,11,0,3,113,0,116,0,3,124,0,127,42,0,42,169
10/19/2008,SPG,FL,ASO,ES,Federal Contract Tower,0,0,21,0,21,0,0,91,0,91,0,0,112,0,112,58,0,58,170
10/20/2008,SPG,FL,ASO,ES,Federal Contract Tower,0,0,14,0,14,0,0,85,2,87,0,0,99,2,101,160,32,192,293
10/21/2008,SPG,FL,ASO,ES,Federal Contract Tower,0,0,14,0,14,0,11,105,5,121,0,11,119,5,135,181,44,225,360
10/22/2008,SPG,FL,ASO,ES,Federal Contract Tower,0,0,22,0,22,0,8,118,3,129,0,8,140,3,151,174,16,190,341
10/23/2008,SPG,FL,ASO,ES,Federal Contract Tower,0,0,10,0,10,0,4,83,1,88,0,4,93,1,98,100,0,100,198
10/24/2008,SPG,FL,ASO,ES,Federal Contract Tower,0,0,17,0,17,0,0,25,0,25,0,0,42,0,42,2,0,2,44
10/25/2008,SPG,FL,ASO,ES,Federal Contract Tower,0,0,10,0,10,0,3,66,0,69,0,3,76,0,79,52,0,52,131
10/26/2008,SPG,FL,ASO,ES,Federal Contract Tower,0,0,13,0,13,0,0,86,0,86,0,0,99,0,99,176,0,176,275
10/27/2008,SPG,FL,ASO,ES,Federal Contract Tower,0,0,11,0,11,0,1,83,2,86,0,1,94,2,97,94,44,138,235
10/28/2008,SPG,FL,ASO,ES,Federal Contract Tower,0,0,8,0,8,0,15,136,6,157,0,15,144,6,165,126,30,156,321
10/29/2008,SPG,FL,ASO,ES,Federal Contract Tower,0,0,9,0,9,0,12,128,3,143,0,12,137,3,152,252,6,258,410
10/30/2008,SPG,FL,ASO,ES,Federal Contract Tower,0,0,0,0,0,0,7,71,0,78,0,7,71,0,78,126,0,126,204
10/31/2008,SPG,FL,ASO,ES,Federal Contract Tower,0,1,9,0,10,0,7,106,2,115,0,8,115,2,125,82,0,82,207
11/01/2008,SPG,FL,ASO,ES,Federal Contract Tower,0,0,12,0,12,0,2,108,0,110,0,2,120,0,122,14,0,14,136
11/02/2008,SPG,FL,ASO,ES,Federal Contract Tower,0,1,15,0,16,0,1,68,0,69,0,2,83,0,85,54,0,54,139
11/03/2008,SPG,FL,ASO,ES,Federal Contract Tower,0,0,12,0,12,0,3,57,0,60,0,3,69,0,72,114,0,114,186
11/04/2008,SPG,FL,ASO,ES,Federal Contract Tower,0,0,12,2,14,0,9,83,7,99,0,9,95,9,113,138,26,164,277
11/05/2008,SPG,FL,ASO,ES,Federal Contract Tower,0,0,20,0,20,0,14,94,4,112,0,14,114,4,132,198,16,214,346
11/06/2008,SPG,FL,ASO,ES,Federal Contract Tower,0,0,10,0,10,0,6,106,1,113,0,6,116,1,123,150,8,158,281
11/07/2008,SPG,FL,ASO,ES,Federal Contract Tower,0,0,11,0,11,0,4,89,0,93,0,4,100,0,104,150,0,150,254
11/08/2008,SPG,FL,ASO,ES,Federal Contract Tower,0,0,9,0,9,0,3,112,0,115,0,3,121,0,124,132,0,132,256
11/09/2008,SPG,FL,ASO,ES,Federal Contract Tower,0,0,11,0,11,0,2,83,0,85,0,2,94,0,96,64,0,64,160
11/10/2008,SPG,FL,ASO,ES,Federal Contract Tower,0,0,9,0,9,0,0,61,2,63,0,0,70,2,72,102,2,104,176
11/11/2008,SPG,FL,ASO,ES,Federal Contract Tower,0,0,8,0,8,0,12,106,3,121,0,12,114,3,129,164,12,176,305
11/12/2008,SPG,FL,ASO,ES,Federal Contract Tower,0,0,15,0,15,0,12,112,4,128,0,12,127,4,143,186,12,198,341
11/13/2008,SPG,FL,ASO,ES,Federal Contract Tower,0,0,8,0,8,5,99,0,0,104,5,99,8,0,112,190,0,190,302
11/14/2008,SPG,FL,ASO,ES,Federal Contract Tower,0,0,9,0,9,0,8,57,4,69,0,8,66,4,78,100,12,112,190
11/15/2008,SPG,FL,ASO,ES,Federal Contract Tower,0,0,11,0,11,0,0,46,0,46,0,0,57,0,57,22,0,22,79
11/16/2008,SPG,FL,ASO,ES,Federal Contract Tower,0,0,5,0,5,0,1,88,2,91,0,1,93,2,96,84,8,92,188
11/17/2008,SPG,FL,ASO,ES,Federal Contract Tower,0,0,12,0,12,0,5,71,0,76,0,5,83,0,88,80,6,86,174
11/18/2008,SPG,FL,ASO,ES,Federal Contract Tower,0,0,13,0,13,0,10,90,7,107,0,10,103,7,120,160,32,192,312
11/19/2008,SPG,FL,ASO,ES,Federal Contract Tower,0,0,5,0,5,0,8,116,6,130,0,8,121,6,135,166,20,186,321
11/20/2008,SPG,FL,ASO,ES,Federal Contract Tower,0,0,14,0,14,0,4,106,8,118,0,4,120,8,132,174,52,226,358
11/21/2008,SPG,FL,ASO,ES,Federal Contract Tower,0,0,7,0,7,0,1,67,8,76,0,1,74,8,83,140,10,150,233
11/22/2008,SPG,FL,ASO,ES,Federal Contract Tower,0,0,10,0,10,0,0,82,0,82,0,0,92,0,92,96,0,96,188
11/23/2008,SPG,FL,ASO,ES,Federal Contract Tower,0,0,10,0,10,0,0,84,0,84,0,0,94,0,94,152,0,152,246
11/24/2008,SPG,FL,ASO,ES,Federal Contract Tower,0,0,7,0,7,0,0,76,2,78,0,0,83,2,85,212,28,240,325
11/25/2008,SPG,FL,ASO,ES,Federal Contract Tower,0,0,18,0,18,0,18,96,11,125,0,18,114,11,143,186,36,222,365
11/26/2008,SPG,FL,ASO,ES,Federal Contract Tower,0,0,14,0,14,0,3,110,3,116,0,3,124,3,130,258,0,258,388
11/27/2008,SPG,FL,ASO,ES,Federal Contract Tower,0,0,5,0,5,0,1,67,0,68,0,1,72,0,73,38,0,38,111
11/28/2008,SPG,FL,ASO,ES,Federal Contract Tower,0,0,9,0,9,0,2,107,0,109,0,2,116,0,118,96,0,96,214
11/29/2008,SPG,FL,ASO,ES,Federal Contract Tower,0,0,12,0,12,0,5,96,0,101,0,5,108,0,113,90,0,90,203
11/30/2008,SPG,FL,ASO,ES,Federal Contract Tower,0,0,5,0,5,0,0,16,4,20,0,0,21,4,25,0,8,8,33
12/01/2008,SPG,FL,ASO,ES,Federal Contract Tower,0,0,6,0,6,0,0,37,0,37,0,0,43,0,43,98,0,98,141
12/02/2008,SPG,FL,ASO,ES,Federal Contract Tower,0,0,8,0,8,0,11,100,15,126,0,11,108,15,134,180,44,224,358
12/03/2008,SPG,FL,ASO,ES,Federal Contract Tower,0,0,18,0,18,0,20,124,4,148,0,20,142,4,166,142,22,164,330
12/04/2008,SPG,FL,ASO,ES,Federal Contract Tower,0,0,15,0,15,0,8,71,3,82,0,8,86,3,97,108,18,126,223
12/05/2008,SPG,FL,ASO,ES,Federal Contract Tower,0,0,13,0,13,0,9,99,5,113,0,9,112,5,126,120,10,130,256
12/06/2008,SPG,FL,ASO,ES,Federal Contract Tower,0,0,10,0,10,0,8,84,0,92,0,8,94,0,102,56,0,56,158
12/07/2008,SPG,FL,ASO,ES,Federal Contract Tower,0,0,10,0,10,0,0,91,0,91,0,0,101,0,101,120,0,120,221
12/08/2008,SPG,FL,ASO,ES,Federal Contract Tower,0,0,8,0,8,0,2,87,0,89,0,2,95,0,97,202,0,202,299
12/09/2008,SPG,FL,ASO,ES,Federal Contract Tower,0,0,14,0,14,0,17,117,3,137,0,17,131,3,151,154,58,212,363
12/10/2008,SPG,FL,ASO,ES,Federal Contract Tower,0,0,12,0,12,0,10,85,5,100,0,10,97,5,112,128,24,152,264
12/11/2008,SPG,FL,ASO,ES,Federal Contract Tower,0,0,4,0,4,0,26,5,0,31,0,26,9,0,35,10,0,10,45
12/12/2008,SPG,FL,ASO,ES,Federal Contract Tower,0,0,15,1,16,0,5,65,4,74,0,5,80,5,90,48,22,70,160
12/13/2008,SPG,FL,ASO,ES,Federal Contract Tower,0,0,11,0,11,0,2,150,0,152,0,2,161,0,163,124,0,124,287
12/14/2008,SPG,FL,ASO,ES,Federal Contract Tower,0,0,10,0,10,0,5,100,6,111,0,5,110,6,121,104,16,120,241
12/15/2008,SPG,FL,ASO,ES,Federal Contract Tower,0,0,12,0,12,0,0,65,0,65,0,0,77,0,77,24,0,24,101
12/16/2008,SPG,FL,ASO,ES,Federal Contract Tower,0,0,15,0,15,0,14,126,9,149,0,14,141,9,164,156,58,214,378
12/17/2008,SPG,FL,ASO,ES,Federal Contract Tower,0,0,8,0,8,0,11,115,4,130,0,11,123,4,138,204,8,212,350
12/18/2008,SPG,FL,ASO,ES,Federal Contract Tower,0,0,11,0,11,0,12,87,4,103,0,12,98,4,114,172,20,192,306
12/19/2008,SPG,FL,ASO,ES,Federal Contract Tower,0,0,12,0,12,0,9,87,0,96,0,9,99,0,108,120,0,120,228
12/20/2008,SPG,FL,ASO,ES,Federal Contract Tower,0,0,10,0,10,0,2,51,0,53,0,2,61,0,63,40,0,40,103
12/21/2008,SPG,FL,ASO,ES,Federal Contract Tower,0,0,12,0,12,0,9,131,4,144,0,9,143,4,156,142,6,148,304
12/22/2008,SPG,FL,ASO,ES,Federal Contract Tower,0,0,9,0,9,0,0,91,1,92,0,0,100,1,101,130,16,146,247
12/23/2008,SPG,FL,ASO,ES,Federal Contract Tower,0,0,14,0,14,0,11,138,2,151,0,11,152,2,165,94,10,104,269
12/24/2008,SPG,FL,ASO,ES,Federal Contract Tower,0,0,7,0,7,0,16,94,0,110,0,16,101,0,117,112,0,112,229
12/25/2008,SPG,FL,ASO,ES,Federal Contract Tower,0,0,7,0,7,0,2,38,2,42,0,2,45,2,49,28,2,30,79
12/26/2008,SPG,FL,ASO,ES,Federal Contract Tower,0,0,16,0,16,0,1,95,0,96,0,1,111,0,112,134,0,134,246
12/27/2008,SPG,FL,ASO,ES,Federal Contract Tower,0,0,15,0,15,0,0,107,0,107,0,0,122,0,122,78,0,78,200
12/28/2008,SPG,FL,ASO,ES,Federal Contract Tower,0,0,17,0,17,0,3,80,0,83,0,3,97,0,100,94,0,94,194
12/29/2008,SPG,FL,ASO,ES,Federal Contract Tower,0,0,8,0,8,0,0,61,0,61,0,0,69,0,69,116,0,116,185
12/30/2008,SPG,FL,ASO,ES,Federal Contract Tower,0,0,11,0,11,0,11,131,0,142,0,11,142,0,153,228,0,228,381
12/31/2008,SPG,FL,ASO,ES,Federal Contract Tower,0,0,14,0,14,0,9,128,2,139,0,9,142,2,153,170,8,178,331
01/01/2009,SPG,FL,ASO,ES,Federal Contract Tower,0,0,6,0,6,0,8,87,0,95,0,8,93,0,101,110,0,110,211
01/02/2009,SPG,FL,ASO,ES,Federal Contract Tower,0,0,12,0,12,0,7,90,0,97,0,7,102,0,109,150,0,150,259
01/03/2009,SPG,FL,ASO,ES,Federal Contract Tower,0,0,11,0,11,0,4,107,0,111,0,4,118,0,122,116,0,116,238
01/04/2009,SPG,FL,ASO,ES,Federal Contract Tower,0,0,11,0,11,0,0,92,2,94,0,0,103,2,105,108,0,108,213
01/05/2009,SPG,FL,ASO,ES,Federal Contract Tower,0,0,11,0,11,0,14,122,2,138,0,14,133,2,149,192,0,192,341
01/06/2009,SPG,FL,ASO,ES,Federal Contract Tower,0,0,9,0,9,0,7,103,0,110,0,7,112,0,119,100,0,100,219
01/07/2009,SPG,FL,ASO,ES,Federal Contract Tower,0,0,7,0,7,0,13,106,2,121,0,13,113,2,128,86,22,108,236
01/08/2009,SPG,FL,ASO,ES,Federal Contract Tower,0,0,11,0,11,0,12,98,0,110,0,12,109,0,121,172,0,172,293
01/09/2009,SPG,FL,ASO,ES,Federal Contract Tower,0,0,16,0,16,0,2,83,0,85,0,2,99,0,101,166,0,166,267
01/10/2009,SPG,FL,ASO,ES,Federal Contract Tower,0,0,17,0,17,0,2,138,0,140,0,2,155,0,157,100,0,100,257
01/11/2009,SPG,FL,ASO,ES,Federal Contract Tower,0,0,12,0,12,0,0,44,0,44,0,0,56,0,56,62,0,62,118
01/12/2009,SPG,FL,ASO,ES,Federal Contract Tower,0,0,11,0,11,0,7,76,0,83,0,7,87,0,94,96,0,96,190
01/13/2009,SPG,FL,ASO,ES,Federal Contract Tower,0,0,4,0,4,0,2,68,4,74,0,2,72,4,78,90,4,94,172
01/14/2009,SPG,FL,ASO,ES,Federal Contract Tower,0,0,5,0,5,0,4,171,0,175,0,4,176,0,180,194,0,194,374
01/15/2009,SPG,FL,ASO,ES,Federal Contract Tower,0,0,11,0,11,0,5,94,0,99,0,5,105,0,110,126,0,126,236
01/16/2009,SPG,FL,ASO,ES,Federal Contract Tower,0,0,14,0,14,0,2,99,2,103,0,2,113,2,117,144,16,160,277
01/17/2009,SPG,FL,ASO,ES,Federal Contract Tower,0,0,8,0,8,0,1,96,0,97,0,1,104,0,105,166,0,166,271
01/18/2009,SPG,FL,ASO,ES,Federal Contract Tower,0,0,3,0,3,0,0,102,2,104,0,0,105,2,107,174,18,192,299
01/19/2009,SPG,FL,ASO,ES,Federal Contract Tower,0,0,12,0,12,0,0,54,0,54,0,0,66,0,66,196,0,196,262
01/20/2009,SPG,FL,ASO,ES,Federal Contract Tower,0,0,12,0,12,0,5,89,4,98,0,5,101,4,110,162,16,178,288
01/21/2009,SPG,FL,ASO,ES,Federal Contract Tower,0,0,5,0,5,0,12,121,4,137,0,12,126,4,142,162,0,162,304
01/22/2009,SPG,FL,ASO,ES,Federal Contract Tower,0,0,13,0,13,0,0,89,4,93,0,0,102,4,106,230,20,250,356
01/23/2009,SPG,FL,ASO,ES,Federal Contract Tower,0,1,8,0,9,0,4,194,0,198,0,5,202,0,207,182,0,182,389
01/24/2009,SPG,FL,ASO,ES,Federal Contract Tower,0,0,6,0,6,0,2,108,0,110,0,2,114,0,116,148,0,148,264
01/25/2009,SPG,FL,ASO,ES,Federal Contract Tower,0,0,0,0,0,0,0,107,2,109,0,0,107,2,109,186,28,214,323
01/26/2009,SPG,FL,ASO,ES,Federal Contract Tower,0,0,7,0,7,0,4,65,2,71,0,4,72,2,78,222,12,234,312
01/27/2009,SPG,FL,ASO,ES,Federal Contract Tower,0,0,5,0,5,0,16,103,0,119,0,16,108,0,124,178,0,178,302
01/28/2009,SPG,FL,ASO,ES,Federal Contract Tower,0,0,10,0,10,0,8,107,0,115,0,8,117,0,125,184,0,184,309
01/29/2009,SPG,FL,ASO,ES,Federal Contract Tower,0,0,19,0,19,0,0,94,2,96,0,0,113,2,115,56,32,88,203
01/30/2009,SPG,FL,ASO,ES,Federal Contract Tower,0,1,21,0,22,0,5,73,4,82,0,6,94,4,104,32,1,33,137
01/31/2009,SPG,FL,ASO,ES,Federal Contract Tower,0,0,6,0,6,0,1,122,6,129,0,1,128,6,135,104,0,104,239
02/01/2009,SPG,FL,ASO,ES,Federal Contract Tower,0,2,3,0,5,0,0,52,0,52,0,2,55,0,57,34,0,34,91
02/02/2009,SPG,FL,ASO,ES,Federal Contract Tower,0,1,14,0,15,0,0,40,2,42,0,1,54,2,57,88,50,138,195
02/03/2009,SPG,FL,ASO,ES,Federal Contract Tower,0,0,9,0,9,0,14,100,6,120,0,14,109,6,129,152,72,224,353
02/04/2009,SPG,FL,ASO,ES,Federal Contract Tower,0,0,11,0,11,0,8,105,0,113,0,8,116,0,124,72,0,72,196
02/05/2009,SPG,FL,ASO,ES,Federal Contract Tower,0,1,11,0,12,0,4,85,3,92,0,5,96,3,104,92,0,92,196
02/06/2009,SPG,FL,ASO,ES,Federal Contract Tower,0,0,13,0,13,0,117,0,0,117,0,117,13,0,130,108,0,108,238
02/07/2009,SPG,FL,ASO,ES,Federal Contract Tower,0,1,9,0,10,0,2,119,2,123,0,3,128,2,133,74,2,76,209
02/08/2009,SPG,FL,ASO,ES,Federal Contract Tower,0,0,18,0,18,0,3,98,0,101,0,3,116,0,119,156,0,156,275
02/09/2009,SPG,FL,ASO,ES,Federal Contract Tower,0,2,4,0,6,0,14,114,2,130,0,16,118,2,136,132,8,140,276
02/10/2009,SPG,FL,ASO,ES,Federal Contract Tower,0,0,7,0,7,0,12,105,8,125,0,12,112,8,132,174,0,174,306
02/11/2009,SPG,FL,ASO,ES,Federal Contract Tower,0,0,12,1,13,0,6,91,0,97,0,6,103,1,110,166,0,166,276
02/12/2009,SPG,FL,ASO,ES,Federal Contract Tower,0,0,23,0,23,0,0,20,0,20,0,0,43,0,43,0,0,0,43
02/13/2009,SPG,FL,ASO,ES,Federal Contract Tower,0,1,15,0,16,0,3,105,5,113,0,4,120,5,129,94,4,98,227
02/14/2009,SPG,FL,ASO,ES,Federal Contract Tower,0,0,10,0,10,0,1,116,0,117,0,1,126,0,127,182,0,182,309
02/15/2009,SPG,FL,ASO,ES,Federal Contract Tower,0,0,10,0,10,0,0,40,8,48,0,0,50,8,58,46,0,46,104
02/16/2009,SPG,FL,ASO,ES,Federal Contract Tower,0,0,11,0,11,0,8,103,2,113,0,8,114,2,124,154,10,164,288
02/17/2009,SPG,FL,ASO,ES,Federal Contract Tower,0,0,11,0,11,0,8,103,2,113,0,8,114,2,124,154,10,164,288
02/18/2009,SPG,FL,ASO,ES,Federal Contract Tower,0,0,16,0,16,0,10,127,2,139,0,10,143,2,155,134,0,134,289
02/19/2009,SPG,FL,ASO,ES,Federal Contract Tower,0,0,12,0,12,0,0,36,0,36,0,0,48,0,48,0,0,0,48
02/20/2009,SPG,FL,ASO,ES,Federal Contract Tower,0,2,15,0,17,0,8,100,4,112,0,10,115,4,129,140,16,156,285
02/21/2009,SPG,FL,ASO,ES,Federal Contract Tower,0,0,13,0,13,0,1,162,4,167,0,1,175,4,180,98,12,110,290
02/22/2009,SPG,FL,ASO,ES,Federal Contract Tower,0,0,16,0,16,0,2,73,0,75,0,2,89,0,91,76,0,76,167
02/23/2009,SPG,FL,ASO,ES,Federal Contract Tower,0,0,5,0,5,0,4,61,0,65,0,4,66,0,70,142,0,142,212
02/24/2009,SPG,FL,ASO,ES,Federal Contract Tower,0,0,9,0,9,0,5,133,0,138,0,5,142,0,147,170,0,170,317
02/25/2009,SPG,FL,ASO,ES,Federal Contract Tower,0,0,16,0,16,0,10,120,2,132,0,10,136,2,148,128,8,136,284
02/26/2009,SPG,FL,ASO,ES,Federal Contract Tower,0,5,5,0,10,0,4,125,0,129,0,9,130,0,139,234,0,234,373
02/27/2009,SPG,FL,ASO,ES,Federal Contract Tower,0,0,7,0,7,0,2,104,4,110,0,2,111,4,117,116,0,116,233
02/28/2009,SPG,FL,ASO,ES,Federal Contract Tower,0,0,7,0,7,0,5,92,0,97,0,5,99,0,104,140,4,144,248
03/01/2009,SPG,FL,ASO,ES,Federal Contract Tower,0,1,4,0,5,0,0,6,0,6,0,1,10,0,11,4,0,4,15
03/02/2009,SPG,FL,ASO,ES,Federal Contract Tower,0,1,11,0,12,0,0,48,0,48,0,1,59,0,60,22,0,22,82
03/03/2009,SPG,FL,ASO,ES,Federal Contract Tower,0,0,14,0,14,0,4,98,0,102,0,4,112,0,116,232,0,232,348
03/04/2009,SPG,FL,ASO,ES,Federal Contract Tower,0,0,13,0,13,0,2,106,3,111,0,2,119,3,124,133,98,231,355
03/05/2009,SPG,FL,ASO,ES,Federal Contract Tower,0,0,7,0,7,0,3,109,2,114,0,3,116,2,121,202,28,230,351
03/06/2009,SPG,FL,ASO,ES,Federal Contract Tower,0,3,12,0,15,0,4,98,2,104,0,7,110,2,119,92,0,92,211
03/07/2009,SPG,FL,ASO,ES,Federal Contract Tower,0,1,9,0,10,0,8,102,0,110,0,9,111,0,120,130,0,130,250
03/08/2009,SPG,FL,ASO,ES,Federal Contract Tower,0,0,13,0,13,0,0,114,0,114,0,0,127,0,127,134,0,134,261
03/09/2009,SPG,FL,ASO,ES,Federal Contract Tower,0,0,10,0,10,0,1,74,0,75,0,1,84,0,85,142,0,142,227
03/10/2009,SPG,FL,ASO,ES,Federal Contract Tower,0,0,14,0,14,0,4,89,4,97,0,4,103,4,111,222,0,222,333
03/11/2009,SPG,FL,ASO,ES,Federal Contract Tower,0,0,7,0,7,0,12,105,0,117,0,12,112,0,124,164,0,164,288
03/12/2009,SPG,FL,ASO,ES,Federal Contract Tower,0,0,15,0,15,0,6,97,2,105,0,6,112,2,120,140,8,148,268
03/13/2009,SPG,FL,ASO,ES,Federal Contract Tower,0,0,11,0,11,0,1,97,3,101,0,1,108,3,112,162,6,168,280
03/14/2009,SPG,FL,ASO,ES,Federal Contract Tower,0,0,11,0,11,0,3,88,0,91,0,3,99,0,102,136,0,136,238
03/15/2009,SPG,FL,ASO,ES,Federal Contract Tower,0,0,5,0,5,0,0,70,0,70,0,0,75,0,75,112,2,114,189
03/16/2009,SPG,FL,ASO,ES,Federal Contract Tower,0,0,10,0,10,0,0,59,0,59,0,0,69,0,69,166,0,166,235
03/17/2009,SPG,FL,ASO,ES,Federal Contract Tower,0,0,8,0,8,0,6,115,2,123,0,6,123,2,131,152,0,152,283
03/18/2009,SPG,FL,ASO,ES,Federal Contract Tower,0,0,6,0,6,0,9,105,0,114,0,9,111,0,120,168,0,168,288
03/19/2009,SPG,FL,ASO,ES,Federal Contract Tower,0,0,18,0,18,0,0,110,0,110,0,0,128,0,128,168,0,168,296
03/20/2009,SPG,FL,ASO,ES,Federal Contract Tower,0,2,13,0,15,0,10,92,0,102,0,12,105,0,117,154,0,154,271
03/21/2009,SPG,FL,ASO,ES,Federal Contract Tower,0,0,12,0,12,0,4,90,0,94,0,4,102,0,106,142,0,142,248
03/22/2009,SPG,FL,ASO,ES,Federal Contract Tower,0,2,13,0,15,0,1,90,0,91,0,3,103,0,106,76,0,76,182
03/23/2009,SPG,FL,ASO,ES,Federal Contract Tower,0,1,14,0,15,0,4,57,0,61,0,5,71,0,76,68,0,68,144
03/24/2009,SPG,FL,ASO,ES,Federal Contract Tower,0,0,7,0,7,0,13,110,0,123,0,13,117,0,130,200,0,200,330
03/25/2009,SPG,FL,ASO,ES,Federal Contract Tower,0,0,7,0,7,0,9,124,0,133,0,9,131,0,140,172,0,172,312
03/26/2009,SPG,FL,ASO,ES,Federal Contract Tower,0,0,4,0,4,0,2,101,0,103,0,2,105,0,107,122,0,122,229
03/27/2009,SPG,FL,ASO,ES,Federal Contract Tower,0,0,9,0,9,0,1,57,0,58,0,1,66,0,67,12,2,14,81
03/28/2009,SPG,FL,ASO,ES,Federal Contract Tower,0,0,9,0,9,0,10,38,0,48,0,10,47,0,57,24,0,24,81
03/29/2009,SPG,FL,ASO,ES,Federal Contract Tower,0,0,13,0,13,0,0,17,0,17,0,0,30,0,30,14,0,14,44
03/30/2009,SPG,FL,ASO,ES,Federal Contract Tower,0,0,16,0,16,0,0,105,0,105,0,0,121,0,121,170,0,170,291
03/31/2009,SPG,FL,ASO,ES,Federal Contract Tower,0,1,27,1,29,0,8,105,0,113,0,9,132,1,142,72,0,72,214
04/01/2009,SPG,FL,ASO,ES,Federal Contract Tower,0,0,12,0,12,0,8,98,4,110,0,8,110,4,122,137,12,149,271
04/02/2009,SPG,FL,ASO,ES,Federal Contract Tower,0,0,12,0,12,0,4,50,0,54,0,4,62,0,66,50,0,50,116
04/03/2009,SPG,FL,ASO,ES,Federal Contract Tower,0,0,15,0,15,0,0,50,1,51,0,0,65,1,66,48,2,50,116
04/04/2009,SPG,FL,ASO,ES,Federal Contract Tower,0,1,24,0,25,0,7,96,3,106,0,8,120,3,131,92,12,104,235
04/05/2009,SPG,FL,ASO,ES,Federal Contract Tower,0,1,24,0,25,0,0,83,0,83,0,1,107,0,108,78,0,78,186
04/06/2009,SPG,FL,ASO,ES,Federal Contract Tower,0,0,11,0,11,0,0,9,2,11,0,0,20,2,22,12,6,18,40
04/07/2009,SPG,FL,ASO,ES,Federal Contract Tower,0,0,7,0,7,0,8,72,0,80,0,8,79,0,87,40,0,40,127
04/08/2009,SPG,FL,ASO,ES,Federal Contract Tower,0,0,7,0,7,0,10,137,2,149,0,10,144,2,156,120,0,120,276
04/09/2009,SPG,FL,ASO,ES,Federal Contract Tower,0,2,12,0,14,0,4,121,0,125,0,6,133,0,139,156,0,156,295
04/10/2009,SPG,FL,ASO,ES,Federal Contract Tower,0,0,5,0,5,0,2,79,0,81,0,2,84,0,86,60,0,60,146
04/11/2009,SPG,FL,ASO,ES,Federal Contract Tower,0,0,15,0,15,0,2,120,0,122,0,2,135,0,137,150,0,150,287
04/12/2009,SPG,FL,ASO,ES,Federal Contract Tower,0,0,10,0,10,0,0,52,0,52,0,0,62,0,62,92,0,92,154
04/13/2009,SPG,FL,ASO,ES,Federal Contract Tower,0,0,7,0,7,0,0,62,1,63,0,0,69,1,70,96,12,108,178
04/14/2009,SPG,FL,ASO,ES,Federal Contract Tower,0,0,2,0,2,0,0,4,0,4,0,0,6,0,6,0,0,0,6
04/15/2009,SPG,FL,ASO,ES,Federal Contract Tower,0,0,9,0,9,0,10,121,0,131,0,10,130,0,140,180,0,180,320
04/16/2009,SPG,FL,ASO,ES,Federal Contract Tower,0,0,10,0,10,0,4,114,5,123,0,4,124,5,133,106,78,184,317
04/17/2009,SPG,FL,ASO,ES,Federal Contract Tower,0,0,14,0,14,0,0,68,0,68,0,0,82,0,82,76,2,78,160
04/18/2009,SPG,FL,ASO,ES,Federal Contract Tower,0,0,7,0,7,0,6,125,0,131,0,6,132,0,138,174,0,174,312
04/19/2009,SPG,FL,ASO,ES,Federal Contract Tower,0,0,15,0,15,0,0,109,2,111,0,0,124,2,126,164,20,184,310
04/20/2009,SPG,FL,ASO,ES,Federal Contract Tower,0,0,13,0,13,0,60,4,0,64,0,60,17,0,77,148,32,180,257
04/21/2009,SPG,FL,ASO,ES,Federal Contract Tower,0,0,17,0,17,0,6,90,8,104,0,6,107,8,121,146,12,158,279
04/22/2009,SPG,FL,ASO,ES,Federal Contract Tower,0,0,11,0,11,0,8,118,2,128,0,8,129,2,139,144,28,172,311
04/23/2009,SPG,FL,ASO,ES,Federal Contract Tower,0,0,12,0,12,0,8,117,0,125,0,8,129,0,137,114,0,114,251
04/24/2009,SPG,FL,ASO,ES,Federal Contract Tower,0,0,16,0,16,0,3,108,4,115,0,3,124,4,131,170,6,176,307
04/25/2009,SPG,FL,ASO,ES,Federal Contract Tower,0,0,14,0,14,0,0,103,0,103,0,0,117,0,117,76,2,78,195
04/26/2009,SPG,FL,ASO,ES,Federal Contract Tower,0,0,15,0,15,0,0,56,2,58,0,0,71,2,73,122,0,122,195
04/27/2009,SPG,FL,ASO,ES,Federal Contract Tower,0,0,13,0,13,0,0,72,0,72,0,0,85,0,85,148,0,148,233
04/28/2009,SPG,FL,ASO,ES,Federal Contract Tower,0,0,9,0,9,0,4,123,2,129,0,4,132,2,138,160,6,166,304
04/29/2009,SPG,FL,ASO,ES,Federal Contract Tower,0,0,10,0,10,0,5,87,0,92,0,5,97,0,102,244,0,244,346
04/30/2009,SPG,FL,ASO,ES,Federal Contract Tower,0,0,5,0,5,0,3,88,0,91,0,3,93,0,96,166,0,166,262
05/01/2009,SPG,FL,ASO,ES,Federal Contract Tower,0,0,10,0,10,0,7,106,2,115,0,7,116,2,125,148,2,150,275
05/02/2009,SPG,FL,ASO,ES,Federal Contract Tower,0,0,7,0,7,0,1,146,2,149,0,1,153,2,156,188,0,188,344
05/03/2009,SPG,FL,ASO,ES,Federal Contract Tower,0,0,19,0,19,0,0,96,0,96,0,0,115,0,115,118,0,118,233
05/04/2009,SPG,FL,ASO,ES,Federal Contract Tower,0,0,20,0,20,0,2,59,0,61,0,2,79,0,81,60,0,60,141
05/05/2009,SPG,FL,ASO,ES,Federal Contract Tower,0,0,4,0,4,0,11,98,0,109,0,11,102,0,113,190,0,190,303
05/06/2009,SPG,FL,ASO,ES,Federal Contract Tower,0,0,13,0,13,0,7,138,2,147,0,7,151,2,160,172,6,178,338
05/07/2009,SPG,FL,ASO,ES,Federal Contract Tower,0,0,9,0,9,0,2,89,1,92,0,2,98,1,101,111,20,131,232
05/08/2009,SPG,FL,ASO,ES,Federal Contract Tower,0,1,8,0,9,0,7,106,0,113,0,8,114,0,122,150,0,150,272
05/09/2009,SPG,FL,ASO,ES,Federal Contract Tower,0,0,8,0,8,0,13,112,0,125,0,13,120,0,133,130,0,130,263
05/10/2009,SPG,FL,ASO,ES,Federal Contract Tower,0,0,7,0,7,0,7,108,0,115,0,7,115,0,122,148,0,148,270
05/11/2009,SPG,FL,ASO,ES,Federal Contract Tower,0,2,12,0,14,0,7,116,0,123,0,9,128,0,137,116,0,116,253
05/12/2009,SPG,FL,ASO,ES,Federal Contract Tower,0,0,4,0,4,0,9,106,2,117,0,9,110,2,121,168,12,180,301
05/13/2009,SPG,FL,ASO,ES,Federal Contract Tower,0,0,6,0,6,0,8,104,2,114,0,8,110,2,120,98,22,120,240
05/14/2009,SPG,FL,ASO,ES,Federal Contract Tower,0,0,11,0,11,0,4,65,0,69,0,4,76,0,80,118,0,118,198
05/15/2009,SPG,FL,ASO,ES,Federal Contract Tower,0,0,15,0,15,0,0,55,2,57,0,0,70,2,72,54,2,56,128
05/16/2009,SPG,FL,ASO,ES,Federal Contract Tower,0,0,10,0,10,0,2,83,0,85,0,2,93,0,95,116,0,116,211
05/17/2009,SPG,FL,ASO,ES,Federal Contract Tower,0,0,8,0,8,0,0,49,2,51,0,0,57,2,59,108,4,112,171
05/18/2009,SPG,FL,ASO,ES,Federal Contract Tower,0,2,4,0,6,0,1,0,0,1,0,3,4,0,7,0,0,0,7
05/19/2009,SPG,FL,ASO,ES,Federal Contract Tower,0,0,7,0,7,0,0,8,0,8,0,0,15,0,15,24,0,24,39
05/20/2009,SPG,FL,ASO,ES,Federal Contract Tower,0,0,9,0,9,0,0,5,0,5,0,0,14,0,14,0,0,0,14
05/21/2009,SPG,FL,ASO,ES,Federal Contract Tower,0,0,5,0,5,0,2,58,0,60,0,2,63,0,65,0,0,0,65
05/22/2009,SPG,FL,ASO,ES,Federal Contract Tower,0,1,13,0,14,0,1,26,0,27,0,2,39,0,41,8,0,8,49
05/23/2009,SPG,FL,ASO,ES,Federal Contract Tower,0,0,5,0,5,0,0,28,0,28,0,0,33,0,33,46,0,46,79
05/24/2009,SPG,FL,ASO,ES,Federal Contract Tower,0,0,5,0,5,0,0,77,0,77,0,0,82,0,82,134,0,134,216
05/25/2009,SPG,FL,ASO,ES,Federal Contract Tower,0,0,11,0,11,0,0,48,0,48,0,0,59,0,59,84,0,84,143
05/26/2009,SPG,FL,ASO,ES,Federal Contract Tower,0,0,6,0,6,0,8,105,4,117,0,8,111,4,123,202,14,216,339
05/27/2009,SPG,FL,ASO,ES,Federal Contract Tower,0,0,7,0,7,0,10,110,0,120,0,10,117,0,127,152,0,152,279
05/28/2009,SPG,FL,ASO,ES,Federal Contract Tower,0,0,14,0,14,0,4,54,2,60,0,4,68,2,74,112,22,134,208
05/29/2009,SPG,FL,ASO,ES,Federal Contract Tower,0,1,15,0,16,0,1,51,4,56,0,2,66,4,72,74,8,82,154
05/30/2009,SPG,FL,ASO,ES,Federal Contract Tower,0,1,21,0,22,0,3,94,0,97,0,4,115,0,119,76,0,76,195
05/31/2009,SPG,FL,ASO,ES,Federal Contract Tower,0,0,12,0,12,0,5,107,0,112,0,5,119,0,124,156,0,156,280
06/01/2009,SPG,FL,ASO,ES,Federal Contract Tower,0,1,11,0,12,0,0,59,0,59,0,1,70,0,71,96,0,96,167
06/02/2009,SPG,FL,ASO,ES,Federal Contract Tower,0,0,11,0,11,0,8,135,4,147,0,8,146,4,158,134,22,156,314
06/03/2009,SPG,FL,ASO,ES,Federal Contract Tower,0,1,8,0,9,0,11,101,2,114,0,12,109,2,123,132,8,140,263
06/04/2009,SPG,FL,ASO,ES,Federal Contract Tower,0,1,5,0,6,0,8,95,3,106,0,9,100,3,112,176,4,180,292
06/05/2009,SPG,FL,ASO,ES,Federal Contract Tower,0,3,5,0,8,0,3,34,0,37,0,6,39,0,45,54,0,54,99
06/06/2009,SPG,FL,ASO,ES,Federal Contract Tower,0,1,1,0,2,0,1,53,0,54,0,2,54,0,56,90,0,90,146
06/07/2009,SPG,FL,ASO,ES,Federal Contract Tower,0,0,6,0,6,0,0,72,0,72,0,0,78,0,78,86,0,86,164
06/08/2009,SPG,FL,ASO,ES,Federal Contract Tower,0,0,8,0,8,0,0,31,0,31,0,0,39,0,39,70,0,70,109
06/09/2009,SPG,FL,ASO,ES,Federal Contract Tower,0,0,3,0,3,0,14,105,0,119,0,14,108,0,122,252,0,252,374
06/10/2009,SPG,FL,ASO,ES,Federal Contract Tower,0,0,7,0,7,0,0,76,4,80,0,0,83,4,87,144,60,204,291
06/11/2009,SPG,FL,ASO,ES,Federal Contract Tower,0,0,12,0,12,0,6,85,0,91,0,6,97,0,103,150,0,150,253
06/12/2009,SPG,FL,ASO,ES,Federal Contract Tower,0,0,9,0,9,0,2,62,0,64,0,2,71,0,73,148,0,148,221
06/13/2009,SPG,FL,ASO,ES,Federal Contract Tower,0,0,8,0,8,0,0,261,0,261,0,0,269,0,269,126,0,126,395
06/14/2009,SPG,FL,ASO,ES,Federal Contract Tower,0,0,11,0,11,0,0,76,0,76,0,0,87,0,87,158,0,158,245
06/15/2009,SPG,FL,ASO,ES,Federal Contract Tower,0,1,10,0,11,0,0,68,2,70,0,1,78,2,81,144,8,152,233
06/16/2009,SPG,FL,ASO,ES,Federal Contract Tower,0,0,11,0,11,0,8,102,4,114,0,8,113,4,125,136,0,136,261
06/17/2009,SPG,FL,ASO,ES,Federal Contract Tower,0,0,6,0,6,0,19,115,4,138,0,19,121,4,144,114,28,142,286
06/18/2009,SPG,FL,ASO,ES,Federal Contract Tower,0,0,12,0,12,0,8,58,2,68,0,8,70,2,80,138,34,172,252
06/19/2009,SPG,FL,ASO,ES,Federal Contract Tower,0,1,12,0,13,0,1,71,0,72,0,2,83,0,85,90,2,92,177
06/20/2009,SPG,FL,ASO,ES,Federal Contract Tower,0,1,8,0,9,0,3,70,0,73,0,4,78,0,82,0,90,90,172
06/21/2009,SPG,FL,ASO,ES,Federal Contract Tower,0,0,13,0,13,0,0,52,0,52,0,0,65,0,65,32,0,32,97
06/22/2009,SPG,FL,ASO,ES,Federal Contract Tower,0,4,9,0,13,0,0,40,1,41,0,4,49,1,54,112,28,140,194
06/23/2009,SPG,FL,ASO,ES,Federal Contract Tower,0,0,4,0,4,0,13,94,2,109,0,13,98,2,113,152,22,174,287
06/24/2009,SPG,FL,ASO,ES,Federal Contract Tower,0,0,9,0,9,0,9,99,4,112,0,9,108,4,121,196,18,214,335
06/25/2009,SPG,FL,ASO,ES,Federal Contract Tower,0,0,5,0,5,0,4,74,0,78,0,4,79,0,83,76,0,76,159
06/26/2009,SPG,FL,ASO,ES,Federal Contract Tower,0,2,13,0,15,0,5,24,0,29,0,7,37,0,44,28,0,28,72
06/27/2009,SPG,FL,ASO,ES,Federal Contract Tower,0,0,9,0,9,0,0,58,0,58,0,0,67,0,67,58,0,58,125
06/28/2009,SPG,FL,ASO,ES,Federal Contract Tower,0,0,9,0,9,0,0,62,0,62,0,0,71,0,71,64,0,64,135
06/29/2009,SPG,FL,ASO,ES,Federal Contract Tower,0,0,7,0,7,0,3,23,0,26,0,3,30,0,33,54,0,54,87
06/30/2009,SPG,FL,ASO,ES,Federal Contract Tower,0,0,9,0,9,0,3,37,2,42,0,3,46,2,51,0,10,10,61
07/01/2009,SPG,FL,ASO,ES,Federal Contract Tower,0,0,7,0,7,0,1,0,0,1,0,1,7,0,8,0,0,0,8
07/02/2009,SPG,FL,ASO,ES,Federal Contract Tower,0,0,9,0,9,0,2,34,0,36,0,2,43,0,45,30,0,30,75
07/03/2009,SPG,FL,ASO,ES,Federal Contract Tower,0,0,12,0,12,0,3,58,0,61,0,3,70,0,73,64,0,64,137
07/04/2009,SPG,FL,ASO,ES,Federal Contract Tower,0,0,7,0,7,0,1,79,0,80,0,1,86,0,87,154,0,154,241
07/05/2009,SPG,FL,ASO,ES,Federal Contract Tower,0,0,13,0,13,0,0,55,0,55,0,0,68,0,68,62,0,62,130
07/06/2009,SPG,FL,ASO,ES,Federal Contract Tower,0,2,5,0,7,0,0,38,0,38,0,2,43,0,45,60,0,60,105
07/07/2009,SPG,FL,ASO,ES,Federal Contract Tower,0,0,13,0,13,0,5,86,2,93,0,5,99,2,106,42,0,42,148
07/08/2009,SPG,FL,ASO,ES,Federal Contract Tower,0,0,11,0,11,0,12,69,10,91,0,12,80,10,102,106,46,152,254
07/09/2009,SPG,FL,ASO,ES,Federal Contract Tower,0,0,12,0,12,0,0,45,1,46,0,0,57,1,58,76,0,76,134
07/10/2009,SPG,FL,ASO,ES,Federal Contract Tower,0,1,9,0,10,0,2,66,0,68,0,3,75,0,78,118,0,118,196
07/11/2009,SPG,FL,ASO,ES,Federal Contract Tower,0,1,8,0,9,0,6,116,0,122,0,7,124,0,131,164,0,164,295
07/12/2009,SPG,FL,ASO,ES,Federal Contract Tower,0,0,9,0,9,0,6,116,2,124,0,6,125,2,133,138,0,138,271
07/13/2009,SPG,FL,ASO,ES,Federal Contract Tower,0,0,13,0,13,0,0,39,1,40,0,0,52,1,53,108,26,134,187
07/14/2009,SPG,FL,ASO,ES,Federal Contract Tower,0,0,8,0,8,0,12,102,0,114,0,12,110,0,122,152,0,152,274
07/15/2009,SPG,FL,ASO,ES,Federal Contract Tower,0,0,7,0,7,0,10,130,10,150,0,10,137,10,157,160,40,200,357
07/16/2009,SPG,FL,ASO,ES,Federal Contract Tower,0,0,12,0,12,0,2,74,0,76,0,2,86,0,88,154,0,154,242
07/17/2009,SPG,FL,ASO,ES,Federal Contract Tower,0,1,13,0,14,0,8,84,0,92,0,9,97,0,106,152,0,152,258
07/18/2009,SPG,FL,ASO,ES,Federal Contract Tower,0,1,9,0,10,0,11,117,0,128,0,12,126,0,138,110,0,110,248
07/19/2009,SPG,FL,ASO,ES,Federal Contract Tower,0,0,6,0,6,0,6,141,0,147,0,6,147,0,153,112,0,112,265
07/20/2009,SPG,FL,ASO,ES,Federal Contract Tower,0,0,8,0,8,0,0,33,6,39,0,0,41,6,47,94,62,156,203
07/21/2009,SPG,FL,ASO,ES,Federal Contract Tower,0,0,11,0,11,0,8,111,8,127,0,8,122,8,138,242,30,272,410
07/22/2009,SPG,FL,ASO,ES,Federal Contract Tower,0,0,7,0,7,0,4,96,6,106,0,4,103,6,113,196,32,228,341
07/23/2009,SPG,FL,ASO,ES,Federal Contract Tower,0,0,10,0,10,0,2,98,0,100,0,2,108,0,110,236,0,236,346
07/24/2009,SPG,FL,ASO,ES,Federal Contract Tower,0,2,9,0,11,0,4,83,8,95,0,6,92,8,106,136,20,156,262
07/25/2009,SPG,FL,ASO,ES,Federal Contract Tower,0,0,11,0,11,0,8,109,0,117,0,8,120,0,128,180,0,180,308
07/26/2009,SPG,FL,ASO,ES,Federal Contract Tower,0,0,5,0,5,0,12,79,0,91,0,12,84,0,96,102,0,102,198
07/27/2009,SPG,FL,ASO,ES,Federal Contract Tower,0,0,5,0,5,0,0,25,0,25,0,0,30,0,30,86,0,86,116
07/28/2009,SPG,FL,ASO,ES,Federal Contract Tower,0,0,10,0,10,0,6,99,2,107,0,6,109,2,117,178,22,200,317
07/29/2009,SPG,FL,ASO,ES,Federal Contract Tower,0,0,8,0,8,0,12,109,2,123,0,12,117,2,131,120,12,132,263
07/30/2009,SPG,FL,ASO,ES,Federal Contract Tower,0,2,7,0,9,0,10,111,3,124,0,12,118,3,133,154,0,154,287
07/31/2009,SPG,FL,ASO,ES,Federal Contract Tower,0,0,7,0,7,0,7,39,0,46,0,7,46,0,53,68,0,68,121
08/01/2009,SPG,FL,ASO,ES,Federal Contract Tower,0,0,8,0,8,0,10,120,0,130,0,10,128,0,138,128,0,128,266
08/02/2009,SPG,FL,ASO,ES,Federal Contract Tower,0,0,11,0,11,0,13,129,0,142,0,13,140,0,153,98,0,98,251
08/03/2009,SPG,FL,ASO,ES,Federal Contract Tower,0,1,6,0,7,0,0,42,4,46,0,1,48,4,53,52,34,86,139
08/04/2009,SPG,FL,ASO,ES,Federal Contract Tower,0,0,9,0,9,0,11,102,2,115,0,11,111,2,124,106,0,106,230
08/05/2009,SPG,FL,ASO,ES,Federal Contract Tower,0,0,9,0,9,0,9,104,0,113,0,9,113,0,122,136,0,136,258
08/06/2009,SPG,FL,ASO,ES,Federal Contract Tower,0,0,13,0,13,0,5,77,0,82,0,5,90,0,95,104,0,104,199
08/07/2009,SPG,FL,ASO,ES,Federal Contract Tower,0,0,21,0,21,0,1,65,0,66,0,1,86,0,87,76,0,76,163
08/08/2009,SPG,FL,ASO,ES,Federal Contract Tower,0,0,4,0,4,0,8,92,2,102,0,8,96,2,106,126,0,126,232
08/09/2009,SPG,FL,ASO,ES,Federal Contract Tower,0,0,14,0,14,0,0,64,2,66,0,0,78,2,80,96,26,122,202
08/10/2009,SPG,FL,ASO,ES,Federal Contract Tower,0,0,9,0,9,0,0,50,0,50,0,0,59,0,59,78,0,78,137
08/11/2009,SPG,FL,ASO,ES,Federal Contract Tower,0,0,7,0,7,0,11,116,2,129,0,11,123,2,136,176,0,176,312
08/12/2009,SPG,FL,ASO,ES,Federal Contract Tower,0,0,15,0,15,0,10,112,0,122,0,10,127,0,137,162,0,162,299
08/13/2009,SPG,FL,ASO,ES,Federal Contract Tower,0,0,7,0,7,0,5,55,0,60,0,5,62,0,67,54,0,54,121
08/14/2009,SPG,FL,ASO,ES,Federal Contract Tower,0,0,15,0,15,0,6,55,6,67,0,6,70,6,82,118,0,118,200
08/15/2009,SPG,FL,ASO,ES,Federal Contract Tower,0,0,15,0,15,0,0,67,0,67,0,0,82,0,82,56,0,56,138
08/16/2009,SPG,FL,ASO,ES,Federal Contract Tower,0,0,8,0,8,0,0,32,0,32,0,0,40,0,40,36,0,36,76
08/17/2009,SPG,FL,ASO,ES,Federal Contract Tower,0,0,10,0,10,0,0,37,0,37,0,0,47,0,47,66,0,66,113
08/18/2009,SPG,FL,ASO,ES,Federal Contract Tower,0,0,10,0,10,0,7,88,0,95,0,7,98,0,105,96,0,96,201
08/19/2009,SPG,FL,ASO,ES,Federal Contract Tower,0,0,5,0,5,0,11,92,0,103,0,11,97,0,108,144,0,144,252
08/20/2009,SPG,FL,ASO,ES,Federal Contract Tower,0,0,5,0,5,0,22,69,3,94,0,22,74,3,99,156,6,162,261
08/21/2009,SPG,FL,ASO,ES,Federal Contract Tower,0,1,8,0,9,0,4,83,0,87,0,5,91,0,96,120,0,120,216
08/22/2009,SPG,FL,ASO,ES,Federal Contract Tower,0,0,8,0,8,0,0,50,0,50,0,0,58,0,58,96,0,96,154
08/23/2009,SPG,FL,ASO,ES,Federal Contract Tower,0,0,20,0,20,0,0,45,0,45,0,0,65,0,65,48,0,48,113
08/24/2009,SPG,FL,ASO,ES,Federal Contract Tower,0,0,4,0,4,0,0,50,4,54,0,0,54,4,58,56,30,86,144
08/25/2009,SPG,FL,ASO,ES,Federal Contract Tower,0,0,5,0,5,0,6,102,2,110,0,6,107,2,115,110,34,144,259
08/26/2009,SPG,FL,ASO,ES,Federal Contract Tower,0,0,10,0,10,0,8,105,2,115,0,8,115,2,125,100,8,108,233
08/27/2009,SPG,FL,ASO,ES,Federal Contract Tower,0,0,12,0,12,0,4,105,0,109,0,4,117,0,121,132,0,132,253
08/28/2009,SPG,FL,ASO,ES,Federal Contract Tower,0,2,11,0,13,0,0,62,0,62,0,2,73,0,75,68,0,68,143
08/29/2009,SPG,FL,ASO,ES,Federal Contract Tower,0,0,7,0,7,0,0,99,0,99,0,0,106,0,106,154,0,154,260
08/30/2009,SPG,FL,ASO,ES,Federal Contract Tower,0,0,5,0,5,0,0,98,0,98,0,0,103,0,103,94,0,94,197
08/31/2009,SPG,FL,ASO,ES,Federal Contract Tower,0,0,7,0,7,0,0,34,0,34,0,0,41,0,41,116,0,116,157
09/01/2009,SPG,FL,ASO,ES,Federal Contract Tower,0,0,10,0,10,0,9,59,2,70,0,9,69,2,80,56,0,56,136
09/02/2009,SPG,FL,ASO,ES,Federal Contract Tower,0,0,8,0,8,0,14,70,0,84,0,14,78,0,92,94,0,94,186
09/03/2009,SPG,FL,ASO,ES,Federal Contract Tower,0,0,17,0,17,0,0,67,9,76,0,0,84,9,93,120,64,184,277
09/04/2009,SPG,FL,ASO,ES,Federal Contract Tower,0,1,13,0,14,0,6,79,0,85,0,7,92,0,99,116,0,116,215
09/05/2009,SPG,FL,ASO,ES,Federal Contract Tower,0,2,11,0,13,0,0,113,0,113,0,2,124,0,126,148,0,148,274
09/06/2009,SPG,FL,ASO,ES,Federal Contract Tower,0,0,10,0,10,0,0,73,2,75,0,0,83,2,85,60,30,90,175
09/07/2009,SPG,FL,ASO,ES,Federal Contract Tower,0,0,14,0,14,0,0,73,2,75,0,0,87,2,89,60,10,70,159
09/08/2009,SPG,FL,ASO,ES,Federal Contract Tower,0,0,8,0,8,0,12,90,9,111,0,12,98,9,119,164,16,180,299
09/09/2009,SPG,FL,ASO,ES,Federal Contract Tower,0,0,8,0,8,0,16,96,0,112,0,16,104,0,120,140,0,140,260
09/10/2009,SPG,FL,ASO,ES,Federal Contract Tower,0,0,10,0,10,0,20,93,0,113,0,20,103,0,123,104,0,104,227
09/11/2009,SPG,FL,ASO,ES,Federal Contract Tower,0,2,14,0,16,0,7,71,5,83,0,9,85,5,99,64,6,70,169
09/12/2009,SPG,FL,ASO,ES,Federal Contract Tower,0,0,7,0,7,0,0,4,0,4,0,0,11,0,11,10,0,10,21
09/13/2009,SPG,FL,ASO,ES,Federal Contract Tower,0,0,6,0,6,0,0,51,0,51,0,0,57,0,57,54,0,54,111
09/14/2009,SPG,FL,ASO,ES,Federal Contract Tower,0,0,4,0,4,0,12,106,0,118,0,12,110,0,122,174,0,174,296
09/15/2009,SPG,FL,ASO,ES,Federal Contract Tower,0,0,13,0,13,0,8,107,2,117,0,8,120,2,130,118,18,136,266
09/16/2009,SPG,FL,ASO,ES,Federal Contract Tower,0,0,15,0,15,0,11,109,0,120,0,11,124,0,135,170,0,170,305
09/17/2009,SPG,FL,ASO,ES,Federal Contract Tower,0,0,10,0,10,0,5,94,0,99,0,5,104,0,109,140,0,140,249
09/18/2009,SPG,FL,ASO,ES,Federal Contract Tower,0,2,3,0,5,0,7,65,0,72,0,9,68,0,77,78,0,78,155
09/19/2009,SPG,FL,ASO,ES,Federal Contract Tower,0,1,8,0,9,0,0,87,0,87,0,1,95,0,96,104,0,104,200
09/20/2009,SPG,FL,ASO,ES,Federal Contract Tower,0,0,6,0,6,0,9,61,0,70,0,9,67,0,76,66,0,66,142
09/21/2009,SPG,FL,ASO,ES,Federal Contract Tower,0,1,6,0,7,0,0,54,0,54,0,1,60,0,61,82,0,82,143
09/22/2009,SPG,FL,ASO,ES,Federal Contract Tower,0,0,19,0,19,0,13,105,0,118,0,13,124,0,137,132,0,132,269
09/23/2009,SPG,FL,ASO,ES,Federal Contract Tower,0,0,16,0,16,0,18,96,2,116,0,18,112,2,132,172,0,172,304
09/24/2009,SPG,FL,ASO,ES,Federal Contract Tower,0,0,12,0,12,0,9,79,0,88,0,9,91,0,100,132,0,132,232
09/25/2009,SPG,FL,ASO,ES,Federal Contract Tower,0,1,13,0,14,0,1,69,0,70,0,2,82,0,84,160,0,160,244
09/26/2009,SPG,FL,ASO,ES,Federal Contract Tower,0,1,11,0,12,0,1,123,0,124,0,2,134,0,136,102,0,102,238
09/27/2009,SPG,FL,ASO,ES,Federal Contract Tower,0,1,8,0,9,0,0,64,0,64,0,1,72,0,73,48,0,48,121
09/28/2009,SPG,FL,ASO,ES,Federal Contract Tower,0,0,0,0,0,0,1,57,3,61,0,1,57,3,61,128,22,150,211
09/29/2009,SPG,FL,ASO,ES,Federal Contract Tower,0,0,9,0,9,0,8,107,4,119,0,8,116,4,128,180,0,180,308
09/30/2009,SPG,FL,ASO,ES,Federal Contract Tower,0,0,9,0,9,0,13,83,2,98,0,13,92,2,107,268,16,284,391
10/01/2009,SPG,FL,ASO,ES,Federal Contract Tower,0,0,10,0,10,0,5,103,0,108,0,5,113,0,118,152,0,152,270
10/02/2009,SPG,FL,ASO,ES,Federal Contract Tower,0,5,7,0,12,0,6,87,0,93,0,11,94,0,105,202,0,202,307
10/03/2009,SPG,FL,ASO,ES,Federal Contract Tower,0,0,9,0,9,0,4,119,0,123,0,4,128,0,132,134,0,134,266
10/04/2009,SPG,FL,ASO,ES,Federal Contract Tower,0,2,16,0,18,0,0,77,0,77,0,2,93,0,95,82,0,82,177
10/05/2009,SPG,FL,ASO,ES,Federal Contract Tower,0,0,4,0,4,0,16,131,2,149,0,16,135,2,153,108,0,108,261
10/06/2009,SPG,FL,ASO,ES,Federal Contract Tower,0,0,3,0,3,0,17,99,2,118,0,17,102,2,121,146,0,146,267
10/07/2009,SPG,FL,ASO,ES,Federal Contract Tower,0,0,14,0,14,0,13,129,0,142,0,13,143,0,156,132,0,132,288
10/08/2009,SPG,FL,ASO,ES,Federal Contract Tower,0,0,9,0,9,0,6,107,2,115,0,6,116,2,124,172,0,172,296
10/09/2009,SPG,FL,ASO,ES,Federal Contract Tower,0,1,9,0,10,0,10,64,0,74,0,11,73,0,84,66,0,66,150
10/10/2009,SPG,FL,ASO,ES,Federal Contract Tower,0,1,11,0,12,0,4,71,0,75,0,5,82,0,87,120,0,120,207
10/11/2009,SPG,FL,ASO,ES,Federal Contract Tower,0,1,14,0,15,0,6,92,4,102,0,7,106,4,117,82,8,90,207
10/12/2009,SPG,FL,ASO,ES,Federal Contract Tower,0,0,7,0,7,0,11,118,2,131,0,11,125,2,138,104,6,110,248
10/13/2009,SPG,FL,ASO,ES,Federal Contract Tower,0,0,6,0,6,0,17,92,2,111,0,17,98,2,117,120,12,132,249
10/14/2009,SPG,FL,ASO,ES,Federal Contract Tower,0,0,11,0,11,0,9,109,2,120,0,9,120,2,131,136,10,146,277
10/15/2009,SPG,FL,ASO,ES,Federal Contract Tower,0,0,18,0,18,0,8,96,0,104,0,8,114,0,122,90,0,90,212
10/16/2009,SPG,FL,ASO,ES,Federal Contract Tower,0,1013,0,0,1013,0,6,37,0,43,0,1019,37,0,1056,38,0,38,1094
10/17/2009,SPG,FL,ASO,ES,Federal Contract Tower,0,1,17,0,18,0,0,47,0,47,0,1,64,0,65,120,0,120,185
10/18/2009,SPG,FL,ASO,ES,Federal Contract Tower,0,1,7,0,8,0,3,66,2,71,0,4,73,2,79,64,0,64,143
10/19/2009,SPG,FL,ASO,ES,Federal Contract Tower,0,0,11,0,11,0,11,95,4,110,0,11,106,4,121,104,22,126,247
10/20/2009,SPG,FL,ASO,ES,Federal Contract Tower,0,0,9,0,9,0,11,85,2,98,0,11,94,2,107,128,8,136,243
10/21/2009,SPG,FL,ASO,ES,Federal Contract Tower,0,0,9,0,9,0,11,108,2,121,0,11,117,2,130,190,2,192,322
10/22/2009,SPG,FL,ASO,ES,Federal Contract Tower,0,0,8,0,8,0,2,67,0,69,0,2,75,0,77,132,0,132,209
10/23/2009,SPG,FL,ASO,ES,Federal Contract Tower,0,2,6,0,8,0,0,88,8,96,0,2,94,8,104,110,0,110,214
10/24/2009,SPG,FL,ASO,ES,Federal Contract Tower,0,0,13,0,13,0,2,77,2,81,0,2,90,2,94,60,2,62,156
10/25/2009,SPG,FL,ASO,ES,Federal Contract Tower,0,0,10,0,10,0,10,98,2,110,0,10,108,2,120,88,0,88,208
10/26/2009,SPG,FL,ASO,ES,Federal Contract Tower,0,0,14,1,15,0,22,76,0,98,0,22,90,1,113,98,0,98,211
10/27/2009,SPG,FL,ASO,ES,Federal Contract Tower,0,0,19,0,19,0,11,54,2,67,0,11,73,2,86,54,2,56,142
10/28/2009,SPG,FL,ASO,ES,Federal Contract Tower,0,0,14,0,14,0,8,84,0,92,0,8,98,0,106,82,0,82,188
10/29/2009,SPG,FL,ASO,ES,Federal Contract Tower,0,0,15,0,15,0,5,95,1,101,0,5,110,1,116,94,2,96,212
10/30/2009,SPG,FL,ASO,ES,Federal Contract Tower,0,0,19,0,19,0,3,93,0,96,0,3,112,0,115,120,0,120,235
10/31/2009,SPG,FL,ASO,ES,Federal Contract Tower,0,0,7,0,7,0,5,80,0,85,0,5,87,0,92,126,0,126,218
11/01/2009,SPG,FL,ASO,ES,Federal Contract Tower,0,0,16,0,16,0,9,88,2,99,0,9,104,2,115,62,12,74,189
11/02/2009,SPG,FL,ASO,ES,Federal Contract Tower,0,0,8,0,8,0,14,113,4,131,0,14,121,4,139,114,18,132,271
11/03/2009,SPG,FL,ASO,ES,Federal Contract Tower,0,0,10,0,10,0,8,69,0,77,0,8,79,0,87,194,0,194,281
11/04/2009,SPG,FL,ASO,ES,Federal Contract Tower,0,0,16,0,16,0,20,98,2,120,0,20,114,2,136,154,24,178,314
11/05/2009,SPG,FL,ASO,ES,Federal Contract Tower,0,0,11,0,11,0,3,68,3,74,0,3,79,3,85,72,28,100,185
11/06/2009,SPG,FL,ASO,ES,Federal Contract Tower,0,0,18,0,18,0,2,78,0,80,0,2,96,0,98,48,0,48,146
11/07/2009,SPG,FL,ASO,ES,Federal Contract Tower,0,0,19,0,19,0,2,70,0,72,0,2,89,0,91,96,0,96,187
11/08/2009,SPG,FL,ASO,ES,Federal Contract Tower,0,0,17,0,17,0,8,77,0,85,0,8,94,0,102,90,0,90,192
11/09/2009,SPG,FL,ASO,ES,Federal Contract Tower,0,0,11,0,11,0,6,58,2,66,0,6,69,2,77,24,0,24,101
11/10/2009,SPG,FL,ASO,ES,Federal Contract Tower,0,0,8,0,8,0,5,48,0,53,0,5,56,0,61,76,0,76,137
11/11/2009,SPG,FL,ASO,ES,Federal Contract Tower,0,0,11,0,11,0,9,61,0,70,0,9,72,0,81,146,0,146,227
11/12/2009,SPG,FL,ASO,ES,Federal Contract Tower,0,0,19,0,19,0,8,58,0,66,0,8,77,0,85,138,0,138,223
11/13/2009,SPG,FL,ASO,ES,Federal Contract Tower,0,0,18,1,19,0,6,108,6,120,0,6,126,7,139,160,30,190,329
11/14/2009,SPG,FL,ASO,ES,Federal Contract Tower,0,0,7,0,7,0,4,117,0,121,0,4,124,0,128,150,0,150,278
11/15/2009,SPG,FL,ASO,ES,Federal Contract Tower,0,0,13,0,13,0,5,105,0,110,0,5,118,0,123,112,0,112,235
11/16/2009,SPG,FL,ASO,ES,Federal Contract Tower,0,0,9,0,9,0,18,118,4,140,0,18,127,4,149,116,20,136,285
11/17/2009,SPG,FL,ASO,ES,Federal Contract Tower,0,0,10,0,10,0,12,92,7,111,0,12,102,7,121,198,28,226,347
11/18/2009,SPG,FL,ASO,ES,Federal Contract Tower,0,0,13,0,13,0,14,110,0,124,0,14,123,0,137,196,0,196,333
11/19/2009,SPG,FL,ASO,ES,Federal Contract Tower,0,0,4,0,4,0,3,82,0,85,0,3,86,0,89,74,0,74,163
11/20/2009,SPG,FL,ASO,ES,Federal Contract Tower,0,0,13,0,13,0,0,92,0,92,0,0,105,0,105,134,0,134,239
11/21/2009,SPG,FL,ASO,ES,Federal Contract Tower,0,0,11,0,11,0,0,102,0,102,0,0,113,0,113,154,0,154,267
11/22/2009,SPG,FL,ASO,ES,Federal Contract Tower,0,0,8,0,8,0,2,70,0,72,0,2,78,0,80,72,0,72,152
11/23/2009,SPG,FL,ASO,ES,Federal Contract Tower,0,0,6,1,7,0,0,43,0,43,0,0,49,1,50,76,0,76,126
11/24/2009,SPG,FL,ASO,ES,Federal Contract Tower,0,0,18,0,18,0,0,24,2,26,0,0,42,2,44,32,20,52,96
11/25/2009,SPG,FL,ASO,ES,Federal Contract Tower,0,0,9,0,9,0,0,0,0,0,0,0,9,0,9,0,0,0,9
11/26/2009,SPG,FL,ASO,ES,Federal Contract Tower,0,0,8,0,8,0,0,27,0,27,0,0,35,0,35,42,0,42,77
11/27/2009,SPG,FL,ASO,ES,Federal Contract Tower,0,0,4,0,4,0,2,69,0,71,0,2,73,0,75,58,0,58,133
11/28/2009,SPG,FL,ASO,ES,Federal Contract Tower,0,0,13,0,13,0,0,88,1,89,0,0,101,1,102,80,10,90,192
11/29/2009,SPG,FL,ASO,ES,Federal Contract Tower,0,0,17,0,17,0,4,100,2,106,0,4,117,2,123,88,0,88,211
11/30/2009,SPG,FL,ASO,ES,Federal Contract Tower,0,0,5,0,5,0,17,91,6,114,0,17,96,6,119,148,22,170,289
12/01/2009,SPG,FL,ASO,ES,Federal Contract Tower,0,0,7,0,7,0,13,107,2,122,0,13,114,2,129,138,0,138,267
12/02/2009,SPG,FL,ASO,ES,Federal Contract Tower,0,0,4,0,4,0,0,33,0,33,0,0,37,0,37,94,0,94,131
12/03/2009,SPG,FL,ASO,ES,Federal Contract Tower,0,0,6,0,6,0,6,58,2,66,0,6,64,2,72,126,22,148,220
12/04/2009,SPG,FL,ASO,ES,Federal Contract Tower,0,0,3,0,3,0,0,14,4,18,0,0,17,4,21,16,12,28,49
12/05/2009,SPG,FL,ASO,ES,Federal Contract Tower,0,0,9,0,9,0,0,13,0,13,0,0,22,0,22,6,0,6,28
12/06/2009,SPG,FL,ASO,ES,Federal Contract Tower,0,0,13,0,13,0,6,75,2,83,0,6,88,2,96,90,0,90,186
12/07/2009,SPG,FL,ASO,ES,Federal Contract Tower,0,0,21,0,21,0,8,66,0,74,0,8,87,0,95,92,0,92,187
12/08/2009,SPG,FL,ASO,ES,Federal Contract Tower,0,0,4,0,4,0,19,104,6,129,0,19,108,6,133,138,8,146,279
12/09/2009,SPG,FL,ASO,ES,Federal Contract Tower,0,0,12,0,12,0,0,0,0,0,0,0,12,0,12,0,0,0,12
12/10/2009,SPG,FL,ASO,ES,Federal Contract Tower,0,0,8,0,8,0,2,23,0,25,0,2,31,0,33,22,0,22,55
12/11/2009,SPG,FL,ASO,ES,Federal Contract Tower,0,0,20,0,20,0,2,64,0,66,0,2,84,0,86,30,0,30,116
12/12/2009,SPG,FL,ASO,ES,Federal Contract Tower,0,0,6,0,6,0,0,71,0,71,0,0,77,0,77,124,0,124,201
12/13/2009,SPG,FL,ASO,ES,Federal Contract Tower,0,0,6,0,6,0,3,77,0,80,0,3,83,0,86,64,0,64,150
12/14/2009,SPG,FL,ASO,ES,Federal Contract Tower,0,0,6,0,6,0,14,95,6,115,0,14,101,6,121,90,38,128,249
12/15/2009,SPG,FL,ASO,ES,Federal Contract Tower,0,0,15,0,15,0,11,81,2,94,0,11,96,2,109,166,28,194,303
12/16/2009,SPG,FL,ASO,ES,Federal Contract Tower,0,0,16,0,16,0,17,94,4,115,0,17,110,4,131,136,38,174,305
12/17/2009,SPG,FL,ASO,ES,Federal Contract Tower,0,0,7,0,7,0,0,36,3,39,0,0,43,3,46,40,22,62,108
12/18/2009,SPG,FL,ASO,ES,Federal Contract Tower,0,0,6,0,6,0,0,11,0,11,0,0,17,0,17,12,0,12,29
12/19/2009,SPG,FL,ASO,ES,Federal Contract Tower,0,0,6,0,6,0,0,36,0,36,0,0,42,0,42,38,0,38,80
12/20/2009,SPG,FL,ASO,ES,Federal Contract Tower,0,0,6,0,6,0,1,80,2,83,0,1,86,2,89,70,10,80,169
12/21/2009,SPG,FL,ASO,ES,Federal Contract Tower,0,0,11,0,11,0,3,66,0,69,0,3,77,0,80,136,0,136,216
12/22/2009,SPG,FL,ASO,ES,Federal Contract Tower,0,0,16,0,16,0,0,69,0,69,0,0,85,0,85,194,0,194,279
12/23/2009,SPG,FL,ASO,ES,Federal Contract Tower,0,0,14,0,14,0,0,56,0,56,0,0,70,0,70,162,0,162,232
12/24/2009,SPG,FL,ASO,ES,Federal Contract Tower,0,0,3,0,3,0,2,41,0,43,0,2,44,0,46,80,0,80,126
12/25/2009,SPG,FL,ASO,ES,Federal Contract Tower,0,0,6,0,6,0,7,10,0,17,0,7,16,0,23,6,0,6,29
12/26/2009,SPG,FL,ASO,ES,Federal Contract Tower,0,0,10,0,10,0,1,79,0,80,0,1,89,0,90,131,0,131,221
12/27/2009,SPG,FL,ASO,ES,Federal Contract Tower,0,0,6,0,6,0,5,78,0,83,0,5,84,0,89,106,0,106,195
12/28/2009,SPG,FL,ASO,ES,Federal Contract Tower,0,0,11,0,11,0,12,93,4,109,0,12,104,4,120,92,14,106,226
12/29/2009,SPG,FL,ASO,ES,Federal Contract Tower,0,0,21,0,21,0,9,119,2,130,0,9,140,2,151,128,12,140,291
12/30/2009,SPG,FL,ASO,ES,Federal Contract Tower,0,0,9,0,9,0,9,116,2,127,0,9,125,2,136,114,8,122,258
12/31/2009,SPG,FL,ASO,ES,Federal Contract Tower,0,0,9,0,9,0,2,99,0,101,0,2,108,0,110,68,0,68,178
01/01/2010,SPG,FL,ASO,ES,Federal Contract Tower,0,0,2,0,2,0,0,11,0,11,0,0,13,0,13,10,0,10,23
01/02/2010,SPG,FL,ASO,ES,Federal Contract Tower,0,0,13,0,13,0,2,61,0,63,0,2,74,0,76,122,0,122,198
01/03/2010,SPG,FL,ASO,ES,Federal Contract Tower,0,0,14,0,14,0,15,84,2,101,0,15,98,2,115,84,0,84,199
01/04/2010,SPG,FL,ASO,ES,Federal Contract Tower,0,0,7,0,7,0,15,119,2,136,0,15,126,2,143,190,0,190,333
01/05/2010,SPG,FL,ASO,ES,Federal Contract Tower,0,0,6,0,6,0,15,108,1,124,0,15,114,1,130,100,0,100,230
01/06/2010,SPG,FL,ASO,ES,Federal Contract Tower,0,0,10,0,10,0,23,118,4,145,0,23,128,4,155,124,0,124,279
01/07/2010,SPG,FL,ASO,ES,Federal Contract Tower,0,0,8,0,8,0,3,70,2,75,0,3,78,2,83,46,0,46,129
01/08/2010,SPG,FL,ASO,ES,Federal Contract Tower,0,0,7,0,7,0,2,32,0,34,0,2,39,0,41,32,0,32,73
01/09/2010,SPG,FL,ASO,ES,Federal Contract Tower,0,0,6,0,6,0,1,14,1,16,0,1,20,1,22,73,0,73,95
01/10/2010,SPG,FL,ASO,ES,Federal Contract Tower,0,0,7,0,7,0,5,59,2,66,0,5,66,2,73,44,8,52,125
01/11/2010,SPG,FL,ASO,ES,Federal Contract Tower,0,0,6,0,6,0,17,99,2,118,0,17,105,2,124,124,14,138,262
01/12/2010,SPG,FL,ASO,ES,Federal Contract Tower,0,0,6,0,6,0,15,133,2,150,0,15,139,2,156,152,8,160,316
01/13/2010,SPG,FL,ASO,ES,Federal Contract Tower,0,0,5,0,5,0,24,110,2,136,0,24,115,2,141,132,8,140,281
01/14/2010,SPG,FL,ASO,ES,Federal Contract Tower,0,0,6,0,6,0,15,101,2,118,0,15,107,2,124,88,6,94,218
01/15/2010,SPG,FL,ASO,ES,Federal Contract Tower,0,0,16,0,16,0,7,94,2,103,0,7,110,2,119,140,12,152,271
01/16/2010,SPG,FL,ASO,ES,Federal Contract Tower,0,1,5,0,6,0,0,33,0,33,0,1,38,0,39,34,0,34,73
01/17/2010,SPG,FL,ASO,ES,Federal Contract Tower,0,0,6,0,6,0,4,78,4,86,0,4,84,4,92,62,12,74,166
01/18/2010,SPG,FL,ASO,ES,Federal Contract Tower,0,0,12,0,12,0,15,119,2,136,0,15,131,2,148,162,10,172,320
01/19/2010,SPG,FL,ASO,ES,Federal Contract Tower,0,0,8,0,8,0,15,111,2,128,0,15,119,2,136,166,6,172,308
01/20/2010,SPG,FL,ASO,ES,Federal Contract Tower,0,0,14,0,14,0,0,75,2,77,0,0,89,2,91,110,56,166,257
01/21/2010,SPG,FL,ASO,ES,Federal Contract Tower,0,0,14,0,14,0,0,34,0,34,0,0,48,0,48,64,0,64,112
01/22/2010,SPG,FL,ASO,ES,Federal Contract Tower,0,0,17,0,17,0,0,41,0,41,0,0,58,0,58,10,0,10,68
01/23/2010,SPG,FL,ASO,ES,Federal Contract Tower,0,0,15,0,15,0,17,116,3,136,0,17,131,3,151,134,0,134,285
01/24/2010,SPG,FL,ASO,ES,Federal Contract Tower,0,0,11,0,11,0,0,67,2,69,0,0,78,2,80,120,8,128,208
01/25/2010,SPG,FL,ASO,ES,Federal Contract Tower,0,0,8,0,8,0,3,102,4,109,0,3,110,4,117,96,22,118,235
01/26/2010,SPG,FL,ASO,ES,Federal Contract Tower,0,0,12,0,12,0,1,115,4,120,0,1,127,4,132,110,32,142,274
01/27/2010,SPG,FL,ASO,ES,Federal Contract Tower,0,0,14,0,14,0,1,111,2,114,0,1,125,2,128,180,20,200,328
01/28/2010,SPG,FL,ASO,ES,Federal Contract Tower,0,0,10,0,10,0,0,58,0,58,0,0,68,0,68,80,0,80,148
01/29/2010,SPG,FL,ASO,ES,Federal Contract Tower,0,0,15,0,15,0,0,83,2,85,0,0,98,2,100,116,4,120,220
01/30/2010,SPG,FL,ASO,ES,Federal Contract Tower,0,0,4,0,4,0,0,39,0,39,0,0,43,0,43,104,0,104,147
01/31/2010,SPG,FL,ASO,ES,Federal Contract Tower,0,0,10,0,10,0,2,103,2,107,0,2,113,2,117,114,4,118,235
02/01/2010,SPG,FL,ASO,ES,Federal Contract Tower,0,0,20,0,20,0,0,13,2,15,0,0,33,2,35,24,18,42,77
02/02/2010,SPG,FL,ASO,ES,Federal Contract Tower,0,0,11,0,11,0,1,66,0,67,0,1,77,0,78,20,0,20,98
02/03/2010,SPG,FL,ASO,ES,Federal Contract Tower,0,0,14,0,14,0,2,103,2,107,0,2,117,2,121,156,6,162,283
02/04/2010,SPG,FL,ASO,ES,Federal Contract Tower,0,0,7,0,7,0,0,55,0,55,0,0,62,0,62,212,0,212,274
02/05/2010,SPG,FL,ASO,ES,Federal Contract Tower,0,0,4,0,4,0,0,27,2,29,0,0,31,2,33,48,0,48,81
02/06/2010,SPG,FL,ASO,ES,Federal Contract Tower,0,0,6,0,6,0,0,39,0,39,0,0,45,0,45,74,0,74,119
02/07/2010,SPG,FL,ASO,ES,Federal Contract Tower,0,0,2,0,2,0,0,49,0,49,0,0,51,0,51,64,0,64,115
02/08/2010,SPG,FL,ASO,ES,Federal Contract Tower,0,0,11,0,11,0,2,98,0,100,0,2,109,0,111,128,0,128,239
02/09/2010,SPG,FL,ASO,ES,Federal Contract Tower,0,0,4,0,4,0,0,74,6,80,0,0,78,6,84,36,22,58,142
02/10/2010,SPG,FL,ASO,ES,Federal Contract Tower,0,0,15,0,15,0,2,94,2,98,0,2,109,2,113,98,28,126,239
02/11/2010,SPG,FL,ASO,ES,Federal Contract Tower,0,0,12,0,12,0,0,113,0,113,0,0,125,0,125,180,20,200,325
02/12/2010,SPG,FL,ASO,ES,Federal Contract Tower,0,0,6,0,6,0,0,11,0,11,0,0,17,0,17,30,0,30,47
02/13/2010,SPG,FL,ASO,ES,Federal Contract Tower,0,0,11,0,11,0,0,123,0,123,0,0,134,0,134,48,0,48,182
02/14/2010,SPG,FL,ASO,ES,Federal Contract Tower,0,0,7,0,7,0,0,115,2,117,0,0,122,2,124,130,0,130,254
02/15/2010,SPG,FL,ASO,ES,Federal Contract Tower,0,0,10,0,10,0,0,106,0,106,0,0,116,0,116,130,0,130,246
02/16/2010,SPG,FL,ASO,ES,Federal Contract Tower,0,0,9,0,9,0,2,95,0,97,0,2,104,0,106,138,0,138,244
02/17/2010,SPG,FL,ASO,ES,Federal Contract Tower,0,0,7,0,7,0,0,100,4,104,0,0,107,4,111,104,40,144,255
02/18/2010,SPG,FL,ASO,ES,Federal Contract Tower,0,0,19,0,19,0,2,104,2,108,0,2,123,2,127,126,10,136,263
02/19/2010,SPG,FL,ASO,ES,Federal Contract Tower,0,0,7,0,7,0,0,88,2,90,0,0,95,2,97,74,28,102,199
02/20/2010,SPG,FL,ASO,ES,Federal Contract Tower,0,0,15,0,15,0,0,124,0,124,0,0,139,0,139,148,0,148,287
02/21/2010,SPG,FL,ASO,ES,Federal Contract Tower,0,0,18,0,18,0,0,106,0,106,0,0,124,0,124,194,0,194,318
02/22/2010,SPG,FL,ASO,ES,Federal Contract Tower,0,0,0,0,0,0,0,62,0,62,0,0,62,0,62,62,0,62,124
02/23/2010,SPG,FL,ASO,ES,Federal Contract Tower,0,0,9,0,9,0,97,2,0,99,0,97,11,0,108,168,8,176,284
02/24/2010,SPG,FL,ASO,ES,Federal Contract Tower,0,0,14,0,14,0,0,29,0,29,0,0,43,0,43,0,0,0,43
02/25/2010,SPG,FL,ASO,ES,Federal Contract Tower,0,0,4,0,4,0,0,108,2,110,0,0,112,2,114,112,10,122,236
02/26/2010,SPG,FL,ASO,ES,Federal Contract Tower,0,0,9,0,9,0,0,97,0,97,0,0,106,0,106,64,18,82,188
02/27/2010,SPG,FL,ASO,ES,Federal Contract Tower,0,0,10,0,10,0,0,16,0,16,0,0,26,0,26,32,0,32,58
02/28/2010,SPG,FL,ASO,ES,Federal Contract Tower,0,0,15,0,15,0,0,78,0,78,0,0,93,0,93,150,0,150,243
03/01/2010,SPG,FL,ASO,ES,Federal Contract Tower,0,0,14,0,14,0,2,83,2,87,0,2,97,2,101,170,8,178,279
03/02/2010,SPG,FL,ASO,ES,Federal Contract Tower,0,0,4,0,4,0,2,32,4,38,0,2,36,4,42,0,42,42,84
03/03/2010,SPG,FL,ASO,ES,Federal Contract Tower,0,0,9,0,9,0,0,61,0,61,0,0,70,0,70,4,0,4,74
03/04/2010,SPG,FL,ASO,ES,Federal Contract Tower,0,0,12,0,12,0,0,53,2,55,0,0,65,2,67,118,0,118,185
03/05/2010,SPG,FL,ASO,ES,Federal Contract Tower,0,0,15,0,15,0,2,96,4,102,0,2,111,4,117,92,26,118,235
03/06/2010,SPG,FL,ASO,ES,Federal Contract Tower,0,0,11,0,11,0,0,105,0,105,0,0,116,0,116,124,0,124,240
03/07/2010,SPG,FL,ASO,ES,Federal Contract Tower,0,0,8,0,8,0,2,117,0,119,0,2,125,0,127,128,0,128,255
03/08/2010,SPG,FL,ASO,ES,Federal Contract Tower,0,0,6,0,6,0,0,69,2,71,0,0,75,2,77,166,8,174,251
03/09/2010,SPG,FL,ASO,ES,Federal Contract Tower,0,0,12,0,12,0,2,205,2,209,0,2,217,2,221,106,8,114,335
03/10/2010,SPG,FL,ASO,ES,Federal Contract Tower,0,0,12,0,12,0,0,126,2,128,0,0,138,2,140,106,8,114,254
03/11/2010,SPG,FL,ASO,ES,Federal Contract Tower,0,0,4,0,4,0,0,3,0,3,0,0,7,0,7,0,0,0,7
03/12/2010,SPG,FL,ASO,ES,Federal Contract Tower,0,0,6,0,6,0,0,1,0,1,0,0,7,0,7,1,0,1,8
03/13/2010,SPG,FL,ASO,ES,Federal Contract Tower,0,0,13,0,13,0,2,78,2,82,0,2,91,2,95,24,2,26,121
03/14/2010,SPG,FL,ASO,ES,Federal Contract Tower,0,0,12,0,12,0,0,109,0,109,0,0,121,0,121,96,0,96,217
03/15/2010,SPG,FL,ASO,ES,Federal Contract Tower,0,1,14,0,15,0,0,59,0,59,0,1,73,0,74,52,0,52,126
03/16/2010,SPG,FL,ASO,ES,Federal Contract Tower,0,0,18,0,18,0,2,131,4,137,0,2,149,4,155,130,12,142,297
03/17/2010,SPG,FL,ASO,ES,Federal Contract Tower,0,0,7,0,7,0,2,84,0,86,0,2,91,0,93,114,0,114,207
03/18/2010,SPG,FL,ASO,ES,Federal Contract Tower,0,0,10,0,10,0,0,69,0,69,0,0,79,0,79,58,0,58,137
03/19/2010,SPG,FL,ASO,ES,Federal Contract Tower,0,0,11,0,11,0,10,81,0,91,0,10,92,0,102,68,0,68,170
03/20/2010,SPG,FL,ASO,ES,Federal Contract Tower,0,0,8,0,8,0,0,116,0,116,0,0,124,0,124,112,0,112,236
03/21/2010,SPG,FL,ASO,ES,Federal Contract Tower,0,0,9,0,9,0,0,14,0,14,0,0,23,0,23,0,0,0,23
03/22/2010,SPG,FL,ASO,ES,Federal Contract Tower,0,0,10,0,10,0,0,59,4,63,0,0,69,4,73,72,36,108,181
03/23/2010,SPG,FL,ASO,ES,Federal Contract Tower,0,0,6,0,6,0,2,91,2,95,0,2,97,2,101,78,0,78,179
03/24/2010,SPG,FL,ASO,ES,Federal Contract Tower,0,0,3,0,3,0,2,111,2,115,0,2,114,2,118,138,6,144,262
03/25/2010,SPG,FL,ASO,ES,Federal Contract Tower,0,0,11,0,11,0,3,67,0,70,0,3,78,0,81,96,0,96,177
03/26/2010,SPG,FL,ASO,ES,Federal Contract Tower,0,0,13,0,13,0,1,62,3,66,0,1,75,3,79,86,6,92,171
03/27/2010,SPG,FL,ASO,ES,Federal Contract Tower,0,0,12,0,12,0,2,99,2,103,0,2,111,2,115,80,0,80,195
03/28/2010,SPG,FL,ASO,ES,Federal Contract Tower,0,0,7,0,7,0,2,21,2,25,0,2,28,2,32,26,2,28,60
03/29/2010,SPG,FL,ASO,ES,Federal Contract Tower,0,0,13,0,13,0,0,59,7,66,0,0,72,7,79,0,78,78,157
03/30/2010,SPG,FL,ASO,ES,Federal Contract Tower,0,0,6,0,6,0,3,105,4,112,0,3,111,4,118,144,24,168,286
03/31/2010,SPG,FL,ASO,ES,Federal Contract Tower,0,0,16,0,16,0,2,85,2,89,0,2,101,2,105,214,12,226,331
04/01/2010,SPG,FL,ASO,ES,Federal Contract Tower,0,0,18,0,18,0,2,96,0,98,0,2,114,0,116,186,0,186,302
04/02/2010,SPG,FL,ASO,ES,Federal Contract Tower,0,0,16,0,16,0,4,105,0,109,0,4,121,0,125,230,0,230,355
04/03/2010,SPG,FL,ASO,ES,Federal Contract Tower,0,0,5,0,5,0,0,93,0,93,0,0,98,0,98,132,0,132,230
04/04/2010,SPG,FL,ASO,ES,Federal Contract Tower,0,0,10,0,10,0,2,74,0,76,0,2,84,0,86,144,0,144,230
04/05/2010,SPG,FL,ASO,ES,Federal Contract Tower,0,0,12,0,12,0,0,66,0,66,0,0,78,0,78,92,0,92,170
04/06/2010,SPG,FL,ASO,ES,Federal Contract Tower,0,0,5,0,5,0,119,0,0,119,0,119,5,0,124,142,0,142,266
04/07/2010,SPG,FL,ASO,ES,Federal Contract Tower,0,0,5,0,5,0,2,106,0,108,0,2,111,0,113,186,0,186,299
04/08/2010,SPG,FL,ASO,ES,Federal Contract Tower,0,0,11,0,11,0,5,84,0,89,0,5,95,0,100,134,0,134,234
04/09/2010,SPG,FL,ASO,ES,Federal Contract Tower,0,0,16,0,16,0,0,62,2,64,0,0,78,2,80,156,0,156,236
04/10/2010,SPG,FL,ASO,ES,Federal Contract Tower,0,0,6,0,6,0,2,98,2,102,0,2,104,2,108,124,22,146,254
04/11/2010,SPG,FL,ASO,ES,Federal Contract Tower,0,0,7,0,7,0,0,101,0,101,0,0,108,0,108,150,0,150,258
04/12/2010,SPG,FL,ASO,ES,Federal Contract Tower,0,0,8,0,8,0,0,94,0,94,0,0,102,0,102,236,0,236,338
04/13/2010,SPG,FL,ASO,ES,Federal Contract Tower,0,0,20,0,20,0,0,90,2,92,0,0,110,2,112,180,50,230,342
04/14/2010,SPG,FL,ASO,ES,Federal Contract Tower,0,0,18,0,18,0,0,92,0,92,0,0,110,0,110,186,0,186,296
04/15/2010,SPG,FL,ASO,ES,Federal Contract Tower,0,0,14,0,14,0,11,94,2,107,0,11,108,2,121,170,0,170,291
04/16/2010,SPG,FL,ASO,ES,Federal Contract Tower,0,0,22,0,22,0,2,129,0,131,0,2,151,0,153,176,0,176,329
04/17/2010,SPG,FL,ASO,ES,Federal Contract Tower,0,0,8,0,8,0,1,81,0,82,0,1,89,0,90,118,0,118,208
04/18/2010,SPG,FL,ASO,ES,Federal Contract Tower,0,0,12,0,12,0,0,16,0,16,0,0,28,0,28,16,0,16,44
04/19/2010,SPG,FL,ASO,ES,Federal Contract Tower,0,2,14,0,16,0,0,84,4,88,0,2,98,4,104,184,6,190,294
04/20/2010,SPG,FL,ASO,ES,Federal Contract Tower,0,0,13,0,13,0,2,114,6,122,0,2,127,6,135,166,36,202,337
04/21/2010,SPG,FL,ASO,ES,Federal Contract Tower,0,0,10,0,10,0,0,109,7,116,0,0,119,7,126,178,20,198,324
04/22/2010,SPG,FL,ASO,ES,Federal Contract Tower,0,0,13,0,13,0,6,88,9,103,0,6,101,9,116,162,26,188,304
04/23/2010,SPG,FL,ASO,ES,Federal Contract Tower,0,0,13,0,13,0,0,110,2,112,0,0,123,2,125,60,1,61,186
04/24/2010,SPG,FL,ASO,ES,Federal Contract Tower,0,0,3,0,3,0,0,73,2,75,0,0,76,2,78,90,4,94,172
04/25/2010,SPG,FL,ASO,ES,Federal Contract Tower,0,0,7,0,7,0,1,50,0,51,0,1,57,0,58,82,0,82,140
04/26/2010,SPG,FL,ASO,ES,Federal Contract Tower,0,0,7,0,7,0,0,65,2,67,0,0,72,2,74,58,62,120,194
04/27/2010,SPG,FL,ASO,ES,Federal Contract Tower,0,0,8,0,8,0,0,110,2,112,0,0,118,2,120,92,12,104,224
04/28/2010,SPG,FL,ASO,ES,Federal Contract Tower,0,0,10,0,10,0,0,109,7,116,0,0,119,7,126,198,6,204,330
04/29/2010,SPG,FL,ASO,ES,Federal Contract Tower,0,0,15,0,15,0,2,105,0,107,0,2,120,0,122,188,0,188,310
04/30/2010,SPG,FL,ASO,ES,Federal Contract Tower,0,0,15,0,15,0,0,71,0,71,0,0,86,0,86,140,0,140,226
05/01/2010,SPG,FL,ASO,ES,Federal Contract Tower,0,0,7,0,7,0,2,96,0,98,0,2,103,0,105,86,0,86,191
05/02/2010,SPG,FL,ASO,ES,Federal Contract Tower,0,0,7,0,7,0,0,79,0,79,0,0,86,0,86,92,0,92,178
05/03/2010,SPG,FL,ASO,ES,Federal Contract Tower,0,0,3,0,3,0,2,100,2,104,0,2,103,2,107,110,8,118,225
05/04/2010,SPG,FL,ASO,ES,Federal Contract Tower,0,0,7,0,7,0,0,104,4,108,0,0,111,4,115,156,22,178,293
05/05/2010,SPG,FL,ASO,ES,Federal Contract Tower,0,0,25,0,25,0,0,87,3,90,0,0,112,3,115,170,6,176,291
05/06/2010,SPG,FL,ASO,ES,Federal Contract Tower,0,0,17,0,17,0,1,83,0,84,0,1,100,0,101,124,0,124,225
05/07/2010,SPG,FL,ASO,ES,Federal Contract Tower,0,0,16,0,16,0,5,94,2,101,0,5,110,2,117,164,14,178,295
05/08/2010,SPG,FL,ASO,ES,Federal Contract Tower,0,0,15,0,15,0,0,80,0,80,0,0,95,0,95,120,0,120,215
05/09/2010,SPG,FL,ASO,ES,Federal Contract Tower,0,0,14,0,14,0,0,86,0,86,0,0,100,0,100,106,0,106,206
05/10/2010,SPG,FL,ASO,ES,Federal Contract Tower,0,0,9,0,9,0,1,80,0,81,0,1,89,0,90,114,0,114,204
05/11/2010,SPG,FL,ASO,ES,Federal Contract Tower,0,0,11,0,11,0,0,113,0,113,0,0,124,0,124,244,0,244,368
05/12/2010,SPG,FL,ASO,ES,Federal Contract Tower,0,0,14,0,14,0,0,114,0,114,0,0,128,0,128,172,0,172,300
05/13/2010,SPG,FL,ASO,ES,Federal Contract Tower,0,2,5,0,7,0,2,67,0,69,0,4,72,0,76,140,0,140,216
05/14/2010,SPG,FL,ASO,ES,Federal Contract Tower,0,0,14,0,14,0,0,99,1,100,0,0,113,1,114,120,6,126,240
05/15/2010,SPG,FL,ASO,ES,Federal Contract Tower,0,0,15,0,15,0,0,97,1,98,0,0,112,1,113,134,8,142,255
05/16/2010,SPG,FL,ASO,ES,Federal Contract Tower,0,0,23,0,23,0,0,119,0,119,0,0,142,0,142,156,0,156,298
05/17/2010,SPG,FL,ASO,ES,Federal Contract Tower,0,0,10,0,10,0,0,53,2,55,0,0,63,2,65,24,24,48,113
05/18/2010,SPG,FL,ASO,ES,Federal Contract Tower,0,0,9,0,9,0,0,109,2,111,0,0,118,2,120,184,0,184,304
05/19/2010,SPG,FL,ASO,ES,Federal Contract Tower,0,0,15,0,15,0,0,113,0,113,0,0,128,0,128,224,0,224,352
05/20/2010,SPG,FL,ASO,ES,Federal Contract Tower,0,0,7,0,7,0,4,91,1,96,0,4,98,1,103,254,14,268,371
05/21/2010,SPG,FL,ASO,ES,Federal Contract Tower,0,0,16,0,16,0,0,81,0,81,0,0,97,0,97,108,0,108,205
05/22/2010,SPG,FL,ASO,ES,Federal Contract Tower,0,0,10,0,10,0,0,85,2,87,0,0,95,2,97,152,2,154,251
05/23/2010,SPG,FL,ASO,ES,Federal Contract Tower,0,0,13,0,13,0,0,102,0,102,0,0,115,0,115,148,0,148,263
05/24/2010,SPG,FL,ASO,ES,Federal Contract Tower,0,0,11,0,11,0,0,93,0,93,0,0,104,0,104,220,0,220,324
05/25/2010,SPG,FL,ASO,ES,Federal Contract Tower,0,0,9,0,9,0,0,92,0,92,0,0,101,0,101,180,0,180,281
05/26/2010,SPG,FL,ASO,ES,Federal Contract Tower,0,0,6,0,6,0,0,111,0,111,0,0,117,0,117,174,0,174,291
05/27/2010,SPG,FL,ASO,ES,Federal Contract Tower,0,2,10,0,12,0,9,103,0,112,0,11,113,0,124,118,0,118,242
05/28/2010,SPG,FL,ASO,ES,Federal Contract Tower,0,0,8,0,8,0,2,86,0,88,0,2,94,0,96,46,0,46,142
05/29/2010,SPG,FL,ASO,ES,Federal Contract Tower,0,0,4,0,4,0,0,70,0,70,0,0,74,0,74,116,0,116,190
05/30/2010,SPG,FL,ASO,ES,Federal Contract Tower,0,0,7,0,7,0,0,65,0,65,0,0,72,0,72,70,2,72,144
05/31/2010,SPG,FL,ASO,ES,Federal Contract Tower,0,0,9,0,9,0,0,77,0,77,0,0,86,0,86,72,0,72,158
06/01/2010,SPG,FL,ASO,ES,Federal Contract Tower,0,0,9,0,9,0,0,102,0,102,0,0,111,0,111,152,0,152,263
06/02/2010,SPG,FL,ASO,ES,Federal Contract Tower,0,0,7,0,7,0,0,91,0,91,0,0,98,0,98,142,0,142,240
06/03/2010,SPG,FL,ASO,ES,Federal Contract Tower,0,0,10,0,10,0,2,66,0,68,0,2,76,0,78,118,0,118,196
06/04/2010,SPG,FL,ASO,ES,Federal Contract Tower,0,0,13,0,13,0,0,75,2,77,0,0,88,2,90,80,4,84,174
06/05/2010,SPG,FL,ASO,ES,Federal Contract Tower,0,0,11,0,11,0,0,55,0,55,0,0,66,0,66,94,0,94,160
06/06/2010,SPG,FL,ASO,ES,Federal Contract Tower,0,0,10,0,10,0,0,67,0,67,0,0,77,0,77,136,0,136,213
06/07/2010,SPG,FL,ASO,ES,Federal Contract Tower,0,0,17,0,17,0,0,79,2,81,0,0,96,2,98,58,8,66,164
06/08/2010,SPG,FL,ASO,ES,Federal Contract Tower,0,0,14,0,14,0,0,88,4,92,0,0,102,4,106,108,16,124,230
06/09/2010,SPG,FL,ASO,ES,Federal Contract Tower,0,0,4,0,4,0,0,103,0,103,0,0,107,0,107,182,0,182,289
06/10/2010,SPG,FL,ASO,ES,Federal Contract Tower,0,0,9,0,9,0,0,71,0,71,0,0,80,0,80,120,1,121,201
06/11/2010,SPG,FL,ASO,ES,Federal Contract Tower,0,0,8,0,8,0,0,90,2,92,0,0,98,2,100,130,0,130,230
06/12/2010,SPG,FL,ASO,ES,Federal Contract Tower,0,0,8,0,8,0,1,227,0,228,0,1,235,0,236,70,0,70,306
06/13/2010,SPG,FL,ASO,ES,Federal Contract Tower,0,0,19,0,19,0,0,96,0,96,0,0,115,0,115,128,0,128,243
06/14/2010,SPG,FL,ASO,ES,Federal Contract Tower,0,0,7,0,7,0,0,51,0,51,0,0,58,0,58,96,0,96,154
06/15/2010,SPG,FL,ASO,ES,Federal Contract Tower,0,0,10,0,10,0,87,2,0,89,0,87,12,0,99,148,6,154,253
06/16/2010,SPG,FL,ASO,ES,Federal Contract Tower,0,0,5,0,5,0,0,91,2,93,0,0,96,2,98,136,8,144,242
06/17/2010,SPG,FL,ASO,ES,Federal Contract Tower,0,0,11,0,11,0,0,80,0,80,0,0,91,0,91,78,0,78,169
06/18/2010,SPG,FL,ASO,ES,Federal Contract Tower,0,0,9,0,9,0,2,63,0,65,0,2,72,0,74,96,0,96,170
06/19/2010,SPG,FL,ASO,ES,Federal Contract Tower,0,0,8,0,8,0,1,64,0,65,0,1,72,0,73,72,0,72,145
06/20/2010,SPG,FL,ASO,ES,Federal Contract Tower,0,0,3,0,3,0,0,93,0,93,0,0,96,0,96,130,0,130,226
06/21/2010,SPG,FL,ASO,ES,Federal Contract Tower,0,0,8,0,8,0,0,69,2,71,0,0,77,2,79,130,0,130,209
06/22/2010,SPG,FL,ASO,ES,Federal Contract Tower,0,0,5,0,5,0,0,110,0,110,0,0,115,0,115,152,0,152,267
06/23/2010,SPG,FL,ASO,ES,Federal Contract Tower,0,0,7,0,7,0,0,155,0,155,0,0,162,0,162,134,0,134,296
06/24/2010,SPG,FL,ASO,ES,Federal Contract Tower,0,0,15,0,15,0,0,106,0,106,0,0,121,0,121,158,0,158,279
06/25/2010,SPG,FL,ASO,ES,Federal Contract Tower,0,0,8,0,8,0,0,84,6,90,0,0,92,6,98,100,34,134,232
06/26/2010,SPG,FL,ASO,ES,Federal Contract Tower,0,0,8,0,8,0,0,83,0,83,0,0,91,0,91,80,0,80,171
06/27/2010,SPG,FL,ASO,ES,Federal Contract Tower,0,0,8,0,8,0,0,54,0,54,0,0,62,0,62,80,0,80,142
06/28/2010,SPG,FL,ASO,ES,Federal Contract Tower,0,0,6,0,6,0,0,58,2,60,0,0,64,2,66,54,0,54,120
06/29/2010,SPG,FL,ASO,ES,Federal Contract Tower,0,0,10,0,10,0,0,90,2,92,0,0,100,2,102,150,0,150,252
06/30/2010,SPG,FL,ASO,ES,Federal Contract Tower,0,0,6,0,6,0,0,59,0,59,0,0,65,0,65,132,0,132,197
07/01/2010,SPG,FL,ASO,ES,Federal Contract Tower,0,0,11,0,11,0,4,67,0,71,0,4,78,0,82,114,0,114,196
07/02/2010,SPG,FL,ASO,ES,Federal Contract Tower,0,0,8,0,8,0,0,22,0,22,0,0,30,0,30,60,0,60,90
07/03/2010,SPG,FL,ASO,ES,Federal Contract Tower,0,0,8,0,8,0,0,54,0,54,0,0,62,0,62,84,0,84,146
07/04/2010,SPG,FL,ASO,ES,Federal Contract Tower,0,0,2,0,2,0,0,39,0,39,0,0,41,0,41,14,0,14,55
07/05/2010,SPG,FL,ASO,ES,Federal Contract Tower,0,0,13,0,13,0,0,7,0,7,0,0,20,0,20,10,0,10,30
07/06/2010,SPG,FL,ASO,ES,Federal Contract Tower,0,0,11,0,11,0,0,40,0,40,0,0,51,0,51,114,0,114,165
07/07/2010,SPG,FL,ASO,ES,Federal Contract Tower,0,0,7,0,7,0,0,72,2,74,0,0,79,2,81,194,34,228,309
07/08/2010,SPG,FL,ASO,ES,Federal Contract Tower,0,0,5,0,5,0,6,114,0,120,0,6,119,0,125,226,0,226,351
07/09/2010,SPG,FL,ASO,ES,Federal Contract Tower,0,0,3,0,3,0,0,102,0,102,0,0,105,0,105,116,0,116,221
07/10/2010,SPG,FL,ASO,ES,Federal Contract Tower,0,0,3,0,3,0,1,111,0,112,0,1,114,0,115,156,0,156,271
07/11/2010,SPG,FL,ASO,ES,Federal Contract Tower,0,0,3,0,3,0,0,125,0,125,0,0,128,0,128,52,0,52,180
07/12/2010,SPG,FL,ASO,ES,Federal Contract Tower,0,0,11,0,11,0,0,70,0,70,0,0,81,0,81,60,8,68,149
07/13/2010,SPG,FL,ASO,ES,Federal Contract Tower,0,0,17,0,17,0,0,107,2,109,0,0,124,2,126,138,0,138,264
07/14/2010,SPG,FL,ASO,ES,Federal Contract Tower,0,0,7,0,7,0,0,103,0,103,0,0,110,0,110,150,0,150,260
07/15/2010,SPG,FL,ASO,ES,Federal Contract Tower,0,0,5,0,5,0,0,54,2,56,0,0,59,2,61,146,0,146,207
07/16/2010,SPG,FL,ASO,ES,Federal Contract Tower,0,0,13,0,13,0,3,83,0,86,0,3,96,0,99,58,0,58,157
07/17/2010,SPG,FL,ASO,ES,Federal Contract Tower,0,0,2,0,2,0,0,111,0,111,0,0,113,0,113,164,0,164,277
07/18/2010,SPG,FL,ASO,ES,Federal Contract Tower,0,0,16,0,16,0,2,99,0,101,0,2,115,0,117,88,0,88,205
07/19/2010,SPG,FL,ASO,ES,Federal Contract Tower,0,0,6,0,6,0,2,111,4,117,0,2,117,4,123,90,12,102,225
07/20/2010,SPG,FL,ASO,ES,Federal Contract Tower,0,0,2,0,2,0,4,111,2,117,0,4,113,2,119,116,6,122,241
07/21/2010,SPG,FL,ASO,ES,Federal Contract Tower,0,0,8,0,8,0,1,121,3,125,0,1,129,3,133,124,8,132,265
07/22/2010,SPG,FL,ASO,ES,Federal Contract Tower,0,0,8,0,8,0,2,102,1,105,0,2,110,1,113,178,0,178,291
07/23/2010,SPG,FL,ASO,ES,Federal Contract Tower,0,0,6,0,6,0,0,53,0,53,0,0,59,0,59,36,0,36,95
07/24/2010,SPG,FL,ASO,ES,Federal Contract Tower,0,0,11,0,11,0,0,63,0,63,0,0,74,0,74,118,0,118,192
07/25/2010,SPG,FL,ASO,ES,Federal Contract Tower,0,0,13,0,13,0,1,118,2,121,0,1,131,2,134,94,10,104,238
07/26/2010,SPG,FL,ASO,ES,Federal Contract Tower,0,0,7,0,7,0,1,108,2,111,0,1,115,2,118,122,0,122,240
07/27/2010,SPG,FL,ASO,ES,Federal Contract Tower,0,3,8,0,11,0,0,110,4,114,0,3,118,4,125,162,14,176,301
07/28/2010,SPG,FL,ASO,ES,Federal Contract Tower,0,0,14,0,14,0,2,91,0,93,0,2,105,0,107,100,0,100,207
07/29/2010,SPG,FL,ASO,ES,Federal Contract Tower,0,0,9,0,9,0,3,60,0,63,0,3,69,0,72,90,0,90,162
07/30/2010,SPG,FL,ASO,ES,Federal Contract Tower,0,0,11,0,11,0,0,89,2,91,0,0,100,2,102,84,6,90,192
07/31/2010,SPG,FL,ASO,ES,Federal Contract Tower,0,0,8,0,8,0,1,84,0,85,0,1,92,0,93,104,0,104,197
08/01/2010,SPG,FL,ASO,ES,Federal Contract Tower,0,0,15,0,15,0,0,101,2,103,0,0,116,2,118,126,8,134,252
08/02/2010,SPG,FL,ASO,ES,Federal Contract Tower,0,0,4,1,5,0,2,101,1,104,0,2,105,2,109,102,0,102,211
08/03/2010,SPG,FL,ASO,ES,Federal Contract Tower,0,0,3,0,3,0,0,127,0,127,0,0,130,0,130,120,0,120,250
08/04/2010,SPG,FL,ASO,ES,Federal Contract Tower,0,0,11,0,11,0,2,139,2,143,0,2,150,2,154,168,0,168,322
08/05/2010,SPG,FL,ASO,ES,Federal Contract Tower,0,0,12,0,12,0,0,93,0,93,0,0,105,0,105,84,0,84,189
08/06/2010,SPG,FL,ASO,ES,Federal Contract Tower,0,0,10,0,10,0,4,70,2,76,0,4,80,2,86,48,0,48,134
08/07/2010,SPG,FL,ASO,ES,Federal Contract Tower,0,0,11,0,11,0,2,102,2,106,0,2,113,2,117,126,4,130,247
08/08/2010,SPG,FL,ASO,ES,Federal Contract Tower,0,0,12,0,12,0,2,83,2,87,0,2,95,2,99,62,0,62,161
08/09/2010,SPG,FL,ASO,ES,Federal Contract Tower,0,0,11,0,11,0,2,94,6,102,0,2,105,6,113,154,0,154,267
08/10/2010,SPG,FL,ASO,ES,Federal Contract Tower,0,0,10,0,10,0,2,112,4,118,0,2,122,4,128,54,8,62,190
08/11/2010,SPG,FL,ASO,ES,Federal Contract Tower,0,0,4,0,4,0,2,108,9,119,0,2,112,9,123,76,30,106,229
08/12/2010,SPG,FL,ASO,ES,Federal Contract Tower,0,0,6,0,6,0,2,79,3,84,0,2,85,3,90,128,6,134,224
08/13/2010,SPG,FL,ASO,ES,Federal Contract Tower,0,0,11,0,11,0,0,84,0,84,0,0,95,0,95,200,0,200,295
08/14/2010,SPG,FL,ASO,ES,Federal Contract Tower,0,0,10,0,10,0,1,81,0,82,0,1,91,0,92,114,0,114,206
08/15/2010,SPG,FL,ASO,ES,Federal Contract Tower,0,0,5,0,5,0,2,99,4,105,0,2,104,4,110,122,8,130,240
08/16/2010,SPG,FL,ASO,ES,Federal Contract Tower,0,0,14,0,14,0,2,80,3,85,0,2,94,3,99,50,54,104,203
08/17/2010,SPG,FL,ASO,ES,Federal Contract Tower,0,0,6,0,6,0,2,127,2,131,0,2,133,2,137,86,18,104,241
08/18/2010,SPG,FL,ASO,ES,Federal Contract Tower,0,0,17,0,17,0,2,107,5,114,0,2,124,5,131,166,16,182,313
08/19/2010,SPG,FL,ASO,ES,Federal Contract Tower,0,0,13,0,13,0,7,107,0,114,0,7,120,0,127,92,0,92,219
08/20/2010,SPG,FL,ASO,ES,Federal Contract Tower,0,0,11,0,11,0,0,97,0,97,0,0,108,0,108,156,0,156,264
08/21/2010,SPG,FL,ASO,ES,Federal Contract Tower,0,0,6,0,6,0,1,41,0,42,0,1,47,0,48,54,0,54,102
08/22/2010,SPG,FL,ASO,ES,Federal Contract Tower,0,0,3,0,3,0,0,44,2,46,0,0,47,2,49,56,2,58,107
08/23/2010,SPG,FL,ASO,ES,Federal Contract Tower,0,0,12,0,12,0,0,13,0,13,0,0,25,0,25,56,0,56,81
08/24/2010,SPG,FL,ASO,ES,Federal Contract Tower,0,0,6,0,6,0,0,19,0,19,0,0,25,0,25,18,0,18,43
08/25/2010,SPG,FL,ASO,ES,Federal Contract Tower,0,0,5,0,5,0,0,55,2,57,0,0,60,2,62,82,2,84,146
08/26/2010,SPG,FL,ASO,ES,Federal Contract Tower,0,0,7,0,7,0,0,67,0,67,0,0,74,0,74,194,0,194,268
08/27/2010,SPG,FL,ASO,ES,Federal Contract Tower,0,0,12,0,12,0,0,96,6,102,0,0,108,6,114,112,10,122,236
08/28/2010,SPG,FL,ASO,ES,Federal Contract Tower,0,0,11,0,11,0,0,96,0,96,0,0,107,0,107,106,0,106,213
08/29/2010,SPG,FL,ASO,ES,Federal Contract Tower,0,0,12,0,12,0,0,67,2,69,0,0,79,2,81,166,0,166,247
08/30/2010,SPG,FL,ASO,ES,Federal Contract Tower,0,0,10,0,10,0,2,102,4,108,0,2,112,4,118,124,14,138,256
08/31/2010,SPG,FL,ASO,ES,Federal Contract Tower,0,0,13,0,13,0,0,125,4,129,0,0,138,4,142,190,5,195,337
09/01/2010,SPG,FL,ASO,ES,Federal Contract Tower,0,0,8,0,8,0,2,135,4,141,0,2,143,4,149,120,8,128,277
09/02/2010,SPG,FL,ASO,ES,Federal Contract Tower,0,0,10,0,10,0,0,107,4,111,0,0,117,4,121,172,0,172,293
09/03/2010,SPG,FL,ASO,ES,Federal Contract Tower,0,0,15,0,15,0,0,93,0,93,0,0,108,0,108,66,0,66,174
09/04/2010,SPG,FL,ASO,ES,Federal Contract Tower,0,0,11,0,11,0,0,79,0,79,0,0,90,0,90,92,0,92,182
09/05/2010,SPG,FL,ASO,ES,Federal Contract Tower,0,0,7,0,7,0,2,76,2,80,0,2,83,2,87,58,12,70,157
09/06/2010,SPG,FL,ASO,ES,Federal Contract Tower,0,0,10,0,10,0,0,80,0,80,0,0,90,0,90,136,0,136,226
09/07/2010,SPG,FL,ASO,ES,Federal Contract Tower,0,0,14,0,14,0,2,104,2,108,0,2,118,2,122,102,8,110,232
09/08/2010,SPG,FL,ASO,ES,Federal Contract Tower,0,0,7,0,7,0,2,112,5,119,0,2,119,5,126,120,26,146,272
09/09/2010,SPG,FL,ASO,ES,Federal Contract Tower,0,0,17,0,17,0,4,111,2,117,0,4,128,2,134,142,8,150,284
09/10/2010,SPG,FL,ASO,ES,Federal Contract Tower,0,0,14,0,14,0,4,91,0,95,0,4,105,0,109,140,0,140,249
09/11/2010,SPG,FL,ASO,ES,Federal Contract Tower,0,0,5,0,5,0,0,101,0,101,0,0,106,0,106,160,0,160,266
09/12/2010,SPG,FL,ASO,ES,Federal Contract Tower,0,0,7,0,7,0,0,83,0,83,0,0,90,0,90,126,0,126,216
09/13/2010,SPG,FL,ASO,ES,Federal Contract Tower,0,0,11,0,11,0,0,63,4,67,0,0,74,4,78,196,6,202,280
09/14/2010,SPG,FL,ASO,ES,Federal Contract Tower,0,0,12,0,12,0,0,62,0,62,0,0,74,0,74,128,0,128,202
09/15/2010,SPG,FL,ASO,ES,Federal Contract Tower,0,0,13,0,13,0,2,85,0,87,0,2,98,0,100,144,0,144,244
09/16/2010,SPG,FL,ASO,ES,Federal Contract Tower,0,0,11,0,11,0,2,94,0,96,0,2,105,0,107,146,6,152,259
09/17/2010,SPG,FL,ASO,ES,Federal Contract Tower,0,0,11,1,12,0,0,107,0,107,0,0,118,1,119,110,0,110,229
09/18/2010,SPG,FL,ASO,ES,Federal Contract Tower,0,0,11,0,11,0,0,218,0,218,0,0,229,0,229,53,0,53,282
09/19/2010,SPG,FL,ASO,ES,Federal Contract Tower,0,0,8,0,8,0,0,65,0,65,0,0,73,0,73,30,0,30,103
09/20/2010,SPG,FL,ASO,ES,Federal Contract Tower,0,0,3,0,3,0,0,77,2,79,0,0,80,2,82,80,14,94,176
09/21/2010,SPG,FL,ASO,ES,Federal Contract Tower,0,0,8,0,8,0,2,116,2,120,0,2,124,2,128,92,14,106,234
09/22/2010,SPG,FL,ASO,ES,Federal Contract Tower,0,0,10,0,10,0,2,103,0,105,0,2,113,0,115,122,0,122,237
09/23/2010,SPG,FL,ASO,ES,Federal Contract Tower,0,0,11,0,11,0,0,73,2,75,0,0,84,2,86,94,4,98,184
09/24/2010,SPG,FL,ASO,ES,Federal Contract Tower,0,0,10,0,10,0,2,73,0,75,0,2,83,0,85,90,0,90,175
09/25/2010,SPG,FL,ASO,ES,Federal Contract Tower,0,0,7,0,7,0,0,84,0,84,0,0,91,0,91,142,0,142,233
09/26/2010,SPG,FL,ASO,ES,Federal Contract Tower,0,0,5,0,5,0,0,70,1,71,0,0,75,1,76,40,4,44,120
09/27/2010,SPG,FL,ASO,ES,Federal Contract Tower,0,0,5,0,5,0,1,108,2,111,0,1,113,2,116,132,10,142,258
09/28/2010,SPG,FL,ASO,ES,Federal Contract Tower,0,0,8,0,8,0,0,86,2,88,0,0,94,2,96,122,28,150,246
09/29/2010,SPG,FL,ASO,ES,Federal Contract Tower,0,0,7,0,7,0,0,89,2,91,0,0,96,2,98,202,2,204,302
09/30/2010,SPG,FL,ASO,ES,Federal Contract Tower,0,0,13,0,13,0,2,54,2,58,0,2,67,2,71,54,10,64,135
10/01/2010,SPG,FL,ASO,ES,Federal Contract Tower,0,0,18,0,18,0,0,102,0,102,0,0,120,0,120,102,0,102,222
10/02/2010,SPG,FL,ASO,ES,Federal Contract Tower,0,0,13,0,13,0,0,92,0,92,0,0,105,0,105,152,0,152,257
10/03/2010,SPG,FL,ASO,ES,Federal Contract Tower,0,0,18,0,18,0,0,80,0,80,0,0,98,0,98,108,0,108,206
10/04/2010,SPG,FL,ASO,ES,Federal Contract Tower,0,0,6,0,6,0,1,97,4,102,0,1,103,4,108,164,30,194,302
10/05/2010,SPG,FL,ASO,ES,Federal Contract Tower,0,0,9,0,9,0,0,119,4,123,0,0,128,4,132,200,18,218,350
10/06/2010,SPG,FL,ASO,ES,Federal Contract Tower,0,0,7,0,7,0,0,124,4,128,0,0,131,4,135,108,34,142,277
10/07/2010,SPG,FL,ASO,ES,Federal Contract Tower,0,0,16,0,16,0,1,106,0,107,0,1,122,0,123,138,2,140,263
10/08/2010,SPG,FL,ASO,ES,Federal Contract Tower,0,0,19,0,19,0,3,127,0,130,0,3,146,0,149,114,0,114,263
10/09/2010,SPG,FL,ASO,ES,Federal Contract Tower,0,0,8,0,8,0,2,114,0,116,0,2,122,0,124,122,0,122,246
10/10/2010,SPG,FL,ASO,ES,Federal Contract Tower,0,0,7,0,7,0,0,99,4,103,0,0,106,4,110,114,20,134,244
10/11/2010,SPG,FL,ASO,ES,Federal Contract Tower,0,0,8,0,8,0,0,113,2,115,0,0,121,2,123,194,4,198,321
10/12/2010,SPG,FL,ASO,ES,Federal Contract Tower,0,0,15,0,15,0,115,2,0,117,0,115,17,0,132,152,0,152,284
10/13/2010,SPG,FL,ASO,ES,Federal Contract Tower,0,0,11,0,11,0,0,111,2,113,0,0,122,2,124,174,4,178,302
10/14/2010,SPG,FL,ASO,ES,Federal Contract Tower,0,0,10,0,10,0,0,91,0,91,0,0,101,0,101,196,0,196,297
10/15/2010,SPG,FL,ASO,ES,Federal Contract Tower,0,0,10,0,10,0,0,79,0,79,0,0,89,0,89,110,0,110,199
10/16/2010,SPG,FL,ASO,ES,Federal Contract Tower,0,0,8,0,8,0,0,102,0,102,0,0,110,0,110,108,0,108,218
10/17/2010,SPG,FL,ASO,ES,Federal Contract Tower,0,0,14,0,14,0,0,99,0,99,0,0,113,0,113,102,0,102,215
10/18/2010,SPG,FL,ASO,ES,Federal Contract Tower,0,0,9,0,9,0,0,65,2,67,0,0,74,2,76,94,16,110,186
10/19/2010,SPG,FL,ASO,ES,Federal Contract Tower,0,0,15,0,15,0,0,120,7,127,0,0,135,7,142,120,4,124,266
10/20/2010,SPG,FL,ASO,ES,Federal Contract Tower,0,0,12,0,12,0,0,121,2,123,0,0,133,2,135,136,10,146,281
10/21/2010,SPG,FL,ASO,ES,Federal Contract Tower,0,0,15,0,15,0,3,104,1,108,0,3,119,1,123,108,10,118,241
10/22/2010,SPG,FL,ASO,ES,Federal Contract Tower,0,0,10,0,10,0,0,105,0,105,0,0,115,0,115,114,14,128,243
10/23/2010,SPG,FL,ASO,ES,Federal Contract Tower,0,0,11,0,11,0,0,113,0,113,0,0,124,0,124,122,0,122,246
10/24/2010,SPG,FL,ASO,ES,Federal Contract Tower,0,0,11,0,11,0,0,103,2,105,0,0,114,2,116,124,10,134,250
10/25/2010,SPG,FL,ASO,ES,Federal Contract Tower,0,0,7,0,7,0,1,65,2,68,0,1,72,2,75,114,40,154,229
10/26/2010,SPG,FL,ASO,ES,Federal Contract Tower,0,0,7,0,7,0,0,114,2,116,0,0,121,2,123,98,12,110,233
10/27/2010,SPG,FL,ASO,ES,Federal Contract Tower,0,0,14,0,14,0,0,118,2,120,0,0,132,2,134,172,10,182,316
10/28/2010,SPG,FL,ASO,ES,Federal Contract Tower,0,0,18,0,18,0,6,118,0,124,0,6,136,0,142,154,0,154,296
10/29/2010,SPG,FL,ASO,ES,Federal Contract Tower,0,0,12,0,12,0,0,83,0,83,0,0,95,0,95,132,0,132,227
10/30/2010,SPG,FL,ASO,ES,Federal Contract Tower,0,0,12,0,12,0,0,79,2,81,0,0,91,2,93,124,4,128,221
10/31/2010,SPG,FL,ASO,ES,Federal Contract Tower,0,0,13,0,13,0,0,91,0,91,0,0,104,0,104,148,0,148,252
11/01/2010,SPG,FL,ASO,ES,Federal Contract Tower,0,0,13,0,13,0,0,96,6,102,0,0,109,6,115,132,38,170,285
11/02/2010,SPG,FL,ASO,ES,Federal Contract Tower,0,0,11,0,11,0,0,113,6,119,0,0,124,6,130,114,10,124,254
11/03/2010,SPG,FL,ASO,ES,Federal Contract Tower,0,0,10,0,10,0,0,104,2,106,0,0,114,2,116,136,12,148,264
11/04/2010,SPG,FL,ASO,ES,Federal Contract Tower,0,0,10,0,10,0,0,44,0,44,0,0,54,0,54,82,0,82,136
11/05/2010,SPG,FL,ASO,ES,Federal Contract Tower,0,0,10,0,10,0,0,71,0,71,0,0,81,0,81,68,0,68,149
11/06/2010,SPG,FL,ASO,ES,Federal Contract Tower,0,0,13,0,13,0,3,88,1,92,0,3,101,1,105,40,2,42,147
11/07/2010,SPG,FL,ASO,ES,Federal Contract Tower,0,0,11,0,11,0,0,101,2,103,0,0,112,2,114,114,10,124,238
11/08/2010,SPG,FL,ASO,ES,Federal Contract Tower,0,0,8,0,8,0,0,67,2,69,0,0,75,2,77,172,18,190,267
11/09/2010,SPG,FL,ASO,ES,Federal Contract Tower,0,0,19,0,19,0,0,119,4,123,0,0,138,4,142,108,50,158,300
11/10/2010,SPG,FL,ASO,ES,Federal Contract Tower,0,0,6,0,6,0,0,118,4,122,0,0,124,4,128,112,12,124,252
11/11/2010,SPG,FL,ASO,ES,Federal Contract Tower,0,0,11,0,11,0,3,94,0,97,0,3,105,0,108,72,0,72,180
11/12/2010,SPG,FL,ASO,ES,Federal Contract Tower,0,0,12,0,12,0,8,109,0,117,0,8,121,0,129,152,0,152,281
11/13/2010,SPG,FL,ASO,ES,Federal Contract Tower,0,0,11,0,11,0,0,115,0,115,0,0,126,0,126,118,0,118,244
11/14/2010,SPG,FL,ASO,ES,Federal Contract Tower,0,0,11,0,11,0,0,104,0,104,0,0,115,0,115,146,0,146,261
11/15/2010,SPG,FL,ASO,ES,Federal Contract Tower,0,0,4,0,4,0,0,0,0,0,0,0,4,0,4,191,0,191,195
11/16/2010,SPG,FL,ASO,ES,Federal Contract Tower,0,0,7,0,7,0,0,97,6,103,0,0,104,6,110,98,28,126,236
11/17/2010,SPG,FL,ASO,ES,Federal Contract Tower,0,0,14,0,14,0,0,106,4,110,0,0,120,4,124,162,18,180,304
11/18/2010,SPG,FL,ASO,ES,Federal Contract Tower,0,0,9,0,9,0,1,69,6,76,0,1,78,6,85,130,26,156,241
11/19/2010,SPG,FL,ASO,ES,Federal Contract Tower,0,0,17,0,17,0,0,117,0,117,0,0,134,0,134,154,0,154,288
11/20/2010,SPG,FL,ASO,ES,Federal Contract Tower,0,0,9,0,9,0,0,134,0,134,0,0,143,0,143,136,0,136,279
11/21/2010,SPG,FL,ASO,ES,Federal Contract Tower,0,0,11,0,11,0,0,88,0,88,0,0,99,0,99,122,0,122,221
11/22/2010,SPG,FL,ASO,ES,Federal Contract Tower,0,0,6,0,6,0,0,109,2,111,0,0,115,2,117,134,12,146,263
11/23/2010,SPG,FL,ASO,ES,Federal Contract Tower,0,0,10,0,10,0,0,116,2,118,0,0,126,2,128,162,8,170,298
11/24/2010,SPG,FL,ASO,ES,Federal Contract Tower,0,0,14,0,14,0,0,111,2,113,0,0,125,2,127,126,10,136,263
11/25/2010,SPG,FL,ASO,ES,Federal Contract Tower,0,0,10,0,10,0,0,46,0,46,0,0,56,0,56,18,0,18,74
11/26/2010,SPG,FL,ASO,ES,Federal Contract Tower,0,0,11,0,11,0,4,57,0,61,0,4,68,0,72,94,4,98,170
11/27/2010,SPG,FL,ASO,ES,Federal Contract Tower,0,0,9,0,9,0,0,46,0,46,0,0,55,0,55,66,0,66,121
11/28/2010,SPG,FL,ASO,ES,Federal Contract Tower,0,0,11,0,11,0,0,102,2,104,0,0,113,2,115,98,8,106,221
11/29/2010,SPG,FL,ASO,ES,Federal Contract Tower,0,0,7,0,7,0,0,57,0,57,0,0,64,0,64,186,14,200,264
11/30/2010,SPG,FL,ASO,ES,Federal Contract Tower,0,0,13,0,13,0,0,86,3,89,0,0,99,3,102,136,26,162,264
12/01/2010,SPG,FL,ASO,ES,Federal Contract Tower,0,0,11,0,11,0,0,117,6,123,0,0,128,6,134,92,26,118,252
12/02/2010,SPG,FL,ASO,ES,Federal Contract Tower,0,0,19,0,19,0,4,92,0,96,0,4,111,0,115,156,0,156,271
12/03/2010,SPG,FL,ASO,ES,Federal Contract Tower,0,0,10,0,10,0,0,88,0,88,0,0,98,0,98,130,0,130,228
12/04/2010,SPG,FL,ASO,ES,Federal Contract Tower,0,0,9,0,9,0,3,147,0,150,0,3,156,0,159,178,0,178,337
12/05/2010,SPG,FL,ASO,ES,Federal Contract Tower,0,0,15,0,15,0,0,64,0,64,0,0,79,0,79,70,0,70,149
12/06/2010,SPG,FL,ASO,ES,Federal Contract Tower,0,0,14,0,14,0,0,102,4,106,0,0,116,4,120,110,20,130,250
12/07/2010,SPG,FL,ASO,ES,Federal Contract Tower,0,0,3,0,3,0,0,114,2,116,0,0,117,2,119,122,12,134,253
12/08/2010,SPG,FL,ASO,ES,Federal Contract Tower,0,0,12,0,12,0,0,146,0,146,0,0,158,0,158,160,0,160,318
12/09/2010,SPG,FL,ASO,ES,Federal Contract Tower,0,0,6,0,6,0,3,101,0,104,0,3,107,0,110,170,0,170,280
12/10/2010,SPG,FL,ASO,ES,Federal Contract Tower,0,0,8,0,8,0,1,113,0,114,0,1,121,0,122,172,0,172,294
12/11/2010,SPG,FL,ASO,ES,Federal Contract Tower,0,0,8,0,8,0,0,42,0,42,0,0,50,0,50,118,0,118,168
12/12/2010,SPG,FL,ASO,ES,Federal Contract Tower,0,0,2,0,2,0,0,13,0,13,0,0,15,0,15,10,0,10,25
12/13/2010,SPG,FL,ASO,ES,Federal Contract Tower,0,0,15,0,15,0,0,34,3,37,0,0,49,3,52,8,78,86,138
12/14/2010,SPG,FL,ASO,ES,Federal Contract Tower,0,0,9,0,9,0,0,97,4,101,0,0,106,4,110,98,24,122,232
12/15/2010,SPG,FL,ASO,ES,Federal Contract Tower,0,0,9,0,9,0,0,118,4,122,0,0,127,4,131,130,24,154,285
12/16/2010,SPG,FL,ASO,ES,Federal Contract Tower,0,0,12,0,12,0,0,111,2,113,0,0,123,2,125,136,2,138,263
12/17/2010,SPG,FL,ASO,ES,Federal Contract Tower,0,0,11,0,11,0,0,124,0,124,0,0,135,0,135,198,0,198,333
12/18/2010,SPG,FL,ASO,ES,Federal Contract Tower,0,0,8,0,8,0,4,14,0,18,0,4,22,0,26,50,0,50,76
12/19/2010,SPG,FL,ASO,ES,Federal Contract Tower,0,0,11,0,11,0,0,31,0,31,0,0,42,0,42,12,0,12,54
12/20/2010,SPG,FL,ASO,ES,Federal Contract Tower,0,0,6,0,6,0,0,104,9,113,0,0,110,9,119,202,0,202,321
12/21/2010,SPG,FL,ASO,ES,Federal Contract Tower,0,0,10,0,10,0,0,132,4,136,0,0,142,4,146,114,20,134,280
12/22/2010,SPG,FL,ASO,ES,Federal Contract Tower,0,0,11,0,11,0,1,127,4,132,0,1,138,4,143,178,20,198,341
12/23/2010,SPG,FL,ASO,ES,Federal Contract Tower,0,0,3,0,3,0,0,150,2,152,0,0,153,2,155,136,0,136,291
12/24/2010,SPG,FL,ASO,ES,Federal Contract Tower,0,0,6,0,6,0,2,87,2,91,0,2,93,2,97,52,22,74,171
12/25/2010,SPG,FL,ASO,ES,Federal Contract Tower,0,0,8,0,8,0,0,21,0,21,0,0,29,0,29,10,0,10,39
12/26/2010,SPG,FL,ASO,ES,Federal Contract Tower,0,0,1,0,1,0,0,15,0,15,0,0,16,0,16,0,0,0,16
12/27/2010,SPG,FL,ASO,ES,Federal Contract Tower,0,0,9,0,9,0,0,37,0,37,0,0,46,0,46,46,0,46,92
12/28/2010,SPG,FL,ASO,ES,Federal Contract Tower,0,0,13,0,13,0,0,149,0,149,0,0,162,0,162,200,0,200,362
12/29/2010,SPG,FL,ASO,ES,Federal Contract Tower,0,0,12,0,12,0,0,120,2,122,0,0,132,2,134,178,6,184,318
12/30/2010,SPG,FL,ASO,ES,Federal Contract Tower,0,0,14,0,14,0,2,102,0,104,0,2,116,0,118,125,0,125,243
12/31/2010,SPG,FL,ASO,ES,Federal Contract Tower,0,0,10,4,14,0,0,137,0,137,0,0,147,4,151,186,48,234,385
01/01/2011,SPG,FL,ASO,ES,Federal Contract Tower,0,0,10,0,10,0,0,55,4,59,0,0,65,4,69,60,26,86,155
01/02/2011,SPG,FL,ASO,ES,Federal Contract Tower,0,0,15,0,15,0,0,68,2,70,0,0,83,2,85,120,18,138,223
01/03/2011,SPG,FL,ASO,ES,Federal Contract Tower,0,0,10,0,10,0,0,113,2,115,0,0,123,2,125,102,6,108,233
01/04/2011,SPG,FL,ASO,ES,Federal Contract Tower,0,0,6,0,6,0,0,119,2,121,0,0,125,2,127,168,0,168,295
01/05/2011,SPG,FL,ASO,ES,Federal Contract Tower,0,0,8,0,8,0,0,123,4,127,0,0,131,4,135,102,4,106,241
01/06/2011,SPG,FL,ASO,ES,Federal Contract Tower,0,0,5,0,5,0,2,28,0,30,0,2,33,0,35,40,0,40,75
01/07/2011,SPG,FL,ASO,ES,Federal Contract Tower,0,0,10,0,10,0,2,96,4,102,0,2,106,4,112,130,0,130,242
01/08/2011,SPG,FL,ASO,ES,Federal Contract Tower,0,0,8,0,8,0,0,108,0,108,0,0,116,0,116,72,0,72,188
01/09/2011,SPG,FL,ASO,ES,Federal Contract Tower,0,0,8,0,8,0,2,111,0,113,0,2,119,0,121,136,0,136,257
01/10/2011,SPG,FL,ASO,ES,Federal Contract Tower,0,0,3,0,3,0,0,67,2,69,0,0,70,2,72,112,0,112,184
01/11/2011,SPG,FL,ASO,ES,Federal Contract Tower,0,0,14,0,14,0,0,114,6,120,0,0,128,6,134,162,0,162,296
01/12/2011,SPG,FL,ASO,ES,Federal Contract Tower,0,0,5,0,5,0,0,101,4,105,0,0,106,4,110,118,6,124,234
01/13/2011,SPG,FL,ASO,ES,Federal Contract Tower,0,0,7,0,7,0,3,106,1,110,0,3,113,1,117,176,0,176,293
01/14/2011,SPG,FL,ASO,ES,Federal Contract Tower,0,2,10,0,12,0,0,84,0,84,0,2,94,0,96,148,0,148,244
01/15/2011,SPG,FL,ASO,ES,Federal Contract Tower,0,0,14,0,14,0,0,155,2,157,0,0,169,2,171,138,18,156,327
01/16/2011,SPG,FL,ASO,ES,Federal Contract Tower,0,0,15,0,15,0,0,110,2,112,0,0,125,2,127,114,0,114,241
01/17/2011,SPG,FL,ASO,ES,Federal Contract Tower,0,0,6,0,6,0,0,29,0,29,0,0,35,0,35,0,0,0,35
01/18/2011,SPG,FL,ASO,ES,Federal Contract Tower,0,0,8,0,8,0,0,92,4,96,0,0,100,4,104,88,18,106,210
01/19/2011,SPG,FL,ASO,ES,Federal Contract Tower,0,0,13,0,13,0,0,119,2,121,0,0,132,2,134,148,6,154,288
01/20/2011,SPG,FL,ASO,ES,Federal Contract Tower,0,0,17,0,17,0,0,114,2,116,0,0,131,2,133,138,36,174,307
01/21/2011,SPG,FL,ASO,ES,Federal Contract Tower,0,0,17,0,17,0,0,24,0,24,0,0,41,0,41,14,0,14,55
01/22/2011,SPG,FL,ASO,ES,Federal Contract Tower,0,0,10,0,10,0,0,55,0,55,0,0,65,0,65,48,0,48,113
01/23/2011,SPG,FL,ASO,ES,Federal Contract Tower,0,0,11,0,11,0,0,135,2,137,0,0,146,2,148,114,22,136,284
01/24/2011,SPG,FL,ASO,ES,Federal Contract Tower,0,0,10,0,10,0,0,116,5,121,0,0,126,5,131,188,6,194,325
01/25/2011,SPG,FL,ASO,ES,Federal Contract Tower,0,0,4,0,4,0,0,59,2,61,0,0,63,2,65,54,14,68,133
01/26/2011,SPG,FL,ASO,ES,Federal Contract Tower,0,0,6,0,6,0,0,71,2,73,0,0,77,2,79,80,16,96,175
01/27/2011,SPG,FL,ASO,ES,Federal Contract Tower,0,0,8,0,8,0,2,103,0,105,0,2,111,0,113,208,0,208,321
01/28/2011,SPG,FL,ASO,ES,Federal Contract Tower,0,0,12,0,12,0,1,123,1,125,0,1,135,1,137,76,0,76,213
01/29/2011,SPG,FL,ASO,ES,Federal Contract Tower,0,0,7,0,7,0,0,121,0,121,0,0,128,0,128,152,0,152,280
01/30/2011,SPG,FL,ASO,ES,Federal Contract Tower,0,0,11,0,11,0,0,123,0,123,0,0,134,0,134,110,0,110,244
01/31/2011,SPG,FL,ASO,ES,Federal Contract Tower,0,0,3,0,3,0,1,109,0,110,0,1,112,0,113,100,0,100,213
02/01/2011,SPG,FL,ASO,ES,Federal Contract Tower,0,0,5,0,5,0,0,109,2,111,0,0,114,2,116,196,20,216,332
02/02/2011,SPG,FL,ASO,ES,Federal Contract Tower,0,0,17,0,17,0,0,42,2,44,0,0,59,2,61,0,14,14,75
02/03/2011,SPG,FL,ASO,ES,Federal Contract Tower,0,0,21,0,21,0,2,24,0,26,0,2,45,0,47,12,0,12,59
02/04/2011,SPG,FL,ASO,ES,Federal Contract Tower,0,0,6,0,6,0,0,80,0,80,0,0,86,0,86,72,0,72,158
02/05/2011,SPG,FL,ASO,ES,Federal Contract Tower,0,0,7,0,7,0,0,3,0,3,0,0,10,0,10,2,0,2,12
02/06/2011,SPG,FL,ASO,ES,Federal Contract Tower,0,0,8,0,8,0,0,20,0,20,0,0,28,0,28,50,0,50,78
02/07/2011,SPG,FL,ASO,ES,Federal Contract Tower,0,0,6,0,6,0,0,0,0,0,0,0,6,0,6,40,0,40,46
02/08/2011,SPG,FL,ASO,ES,Federal Contract Tower,0,0,9,0,9,0,0,105,2,107,0,0,114,2,116,156,12,168,284
02/09/2011,SPG,FL,ASO,ES,Federal Contract Tower,0,0,7,0,7,0,0,133,2,135,0,0,140,2,142,178,6,184,326
02/10/2011,SPG,FL,ASO,ES,Federal Contract Tower,0,0,9,0,9,0,0,11,2,13,0,0,20,2,22,0,8,8,30
02/11/2011,SPG,FL,ASO,ES,Federal Contract Tower,0,0,14,0,14,0,0,55,0,55,0,0,69,0,69,52,0,52,121
02/12/2011,SPG,FL,ASO,ES,Federal Contract Tower,0,0,7,0,7,0,1,163,0,164,0,1,170,0,171,112,0,112,283
02/13/2011,SPG,FL,ASO,ES,Federal Contract Tower,0,0,14,0,14,0,0,195,2,197,0,0,209,2,211,100,8,108,319
02/14/2011,SPG,FL,ASO,ES,Federal Contract Tower,0,0,6,0,6,0,0,189,8,197,0,0,195,8,203,204,8,212,415
02/15/2011,SPG,FL,ASO,ES,Federal Contract Tower,0,0,9,0,9,0,0,115,2,117,0,0,124,2,126,130,4,134,260
02/16/2011,SPG,FL,ASO,ES,Federal Contract Tower,0,0,15,0,15,0,0,113,0,113,0,0,128,0,128,192,0,192,320
02/17/2011,SPG,FL,ASO,ES,Federal Contract Tower,0,0,21,0,21,0,2,139,2,143,0,2,160,2,164,212,16,228,392
02/18/2011,SPG,FL,ASO,ES,Federal Contract Tower,0,0,18,0,18,0,4,111,0,115,0,4,129,0,133,126,0,126,259
02/19/2011,SPG,FL,ASO,ES,Federal Contract Tower,0,0,16,0,16,0,0,151,0,151,0,0,167,0,167,146,0,146,313
02/20/2011,SPG,FL,ASO,ES,Federal Contract Tower,0,0,18,0,18,0,0,189,0,189,0,0,207,0,207,138,0,138,345
02/21/2011,SPG,FL,ASO,ES,Federal Contract Tower,0,0,15,0,15,0,0,110,0,110,0,0,125,0,125,122,0,122,247
02/22/2011,SPG,FL,ASO,ES,Federal Contract Tower,0,0,8,0,8,0,0,120,2,122,0,0,128,2,130,88,12,100,230
02/23/2011,SPG,FL,ASO,ES,Federal Contract Tower,0,0,17,0,17,0,0,104,6,110,0,0,121,6,127,108,20,128,255
02/24/2011,SPG,FL,ASO,ES,Federal Contract Tower,0,0,14,0,14,0,2,110,2,114,0,2,124,2,128,180,6,186,314
02/25/2011,SPG,FL,ASO,ES,Federal Contract Tower,0,0,17,0,17,0,0,79,0,79,0,0,96,0,96,142,0,142,238
02/26/2011,SPG,FL,ASO,ES,Federal Contract Tower,0,0,11,0,11,0,0,127,2,129,0,0,138,2,140,112,4,116,256
02/27/2011,SPG,FL,ASO,ES,Federal Contract Tower,0,0,16,0,16,0,0,113,2,115,0,0,129,2,131,182,4,186,317
02/28/2011,SPG,FL,ASO,ES,Federal Contract Tower,0,0,3,0,3,0,0,114,0,114,0,0,117,0,117,150,6,156,273
03/01/2011,SPG,FL,ASO,ES,Federal Contract Tower,0,0,8,0,8,0,0,104,2,106,0,0,112,2,114,112,0,112,226
03/02/2011,SPG,FL,ASO,ES,Federal Contract Tower,0,0,16,0,16,0,0,117,2,119,0,0,133,2,135,182,6,188,323
03/03/2011,SPG,FL,ASO,ES,Federal Contract Tower,0,0,21,0,21,0,4,91,0,95,0,4,112,0,116,90,0,90,206
03/04/2011,SPG,FL,ASO,ES,Federal Contract Tower,0,0,13,0,13,0,1,104,1,106,0,1,117,1,119,72,0,72,191
03/05/2011,SPG,FL,ASO,ES,Federal Contract Tower,0,0,10,0,10,0,0,73,0,73,0,0,83,0,83,114,0,114,197
03/06/2011,SPG,FL,ASO,ES,Federal Contract Tower,0,0,12,0,12,0,0,90,2,92,0,0,102,2,104,84,0,84,188
03/07/2011,SPG,FL,ASO,ES,Federal Contract Tower,0,0,9,0,9,0,0,110,0,110,0,0,119,0,119,160,0,160,279
03/08/2011,SPG,FL,ASO,ES,Federal Contract Tower,0,0,8,0,8,0,0,103,4,107,0,0,111,4,115,190,50,240,355
03/09/2011,SPG,FL,ASO,ES,Federal Contract Tower,0,0,3,0,3,0,0,106,6,112,0,0,109,6,115,104,46,150,265
03/10/2011,SPG,FL,ASO,ES,Federal Contract Tower,0,0,5,0,5,0,2,34,0,36,0,2,39,0,41,22,0,22,63
03/11/2011,SPG,FL,ASO,ES,Federal Contract Tower,0,0,19,0,19,0,2,91,0,93,0,2,110,0,112,44,0,44,156
03/12/2011,SPG,FL,ASO,ES,Federal Contract Tower,0,0,20,0,20,0,1,138,0,139,0,1,158,0,159,96,0,96,255
03/13/2011,SPG,FL,ASO,ES,Federal Contract Tower,0,0,16,0,16,0,0,132,2,134,0,0,148,2,150,112,8,120,270
03/14/2011,SPG,FL,ASO,ES,Federal Contract Tower,0,0,10,0,10,0,0,113,2,115,0,0,123,2,125,214,8,222,347
03/15/2011,SPG,FL,ASO,ES,Federal Contract Tower,0,0,7,0,7,0,0,121,2,123,0,0,128,2,130,162,16,178,308
03/16/2011,SPG,FL,ASO,ES,Federal Contract Tower,0,0,20,0,20,0,0,127,4,131,0,0,147,4,151,146,0,146,297
03/17/2011,SPG,FL,ASO,ES,Federal Contract Tower,0,0,16,0,16,0,4,126,0,130,0,4,142,0,146,104,0,104,250
03/18/2011,SPG,FL,ASO,ES,Federal Contract Tower,0,0,4,0,4,0,4,114,2,120,0,4,118,2,124,90,8,98,222
03/19/2011,SPG,FL,ASO,ES,Federal Contract Tower,0,0,10,0,10,0,3,143,0,146,0,3,153,0,156,180,0,180,336
03/20/2011,SPG,FL,ASO,ES,Federal Contract Tower,0,0,18,0,18,0,0,179,2,181,0,0,197,2,199,106,0,106,305
03/21/2011,SPG,FL,ASO,ES,Federal Contract Tower,0,0,7,0,7,0,0,86,0,86,0,0,93,0,93,120,0,120,213
03/22/2011,SPG,FL,ASO,ES,Federal Contract Tower,0,0,14,0,14,0,0,87,0,87,0,0,101,0,101,110,0,110,211
03/23/2011,SPG,FL,ASO,ES,Federal Contract Tower,0,0,12,1,13,0,0,101,4,105,0,0,113,5,118,116,18,134,252
03/24/2011,SPG,FL,ASO,ES,Federal Contract Tower,0,0,9,0,9,0,3,73,0,76,0,3,82,0,85,56,0,56,141
03/25/2011,SPG,FL,ASO,ES,Federal Contract Tower,0,0,8,0,8,0,1,94,0,95,0,1,102,0,103,124,0,124,227
03/26/2011,SPG,FL,ASO,ES,Federal Contract Tower,0,0,16,0,16,0,2,94,0,96,0,2,110,0,112,82,0,82,194
03/27/2011,SPG,FL,ASO,ES,Federal Contract Tower,0,0,13,0,13,0,2,89,2,93,0,2,102,2,106,16,4,20,126
03/28/2011,SPG,FL,ASO,ES,Federal Contract Tower,0,0,7,0,7,0,34,0,0,34,0,34,7,0,41,76,0,76,117
03/29/2011,SPG,FL,ASO,ES,Federal Contract Tower,0,0,15,0,15,0,0,98,2,100,0,0,113,2,115,166,8,174,289
03/30/2011,SPG,FL,ASO,ES,Federal Contract Tower,0,0,10,0,10,0,0,91,2,93,0,0,101,2,103,128,12,140,243
03/31/2011,SPG,FL,ASO,ES,Federal Contract Tower,0,0,4,0,4,0,0,6,3,9,0,0,10,3,13,0,0,0,13
04/01/2011,SPG,FL,ASO,ES,Federal Contract Tower,0,0,20,0,20,0,1,73,1,75,0,1,93,1,95,82,0,82,177
04/02/2011,SPG,FL,ASO,ES,Federal Contract Tower,0,0,18,0,18,0,0,93,0,93,0,0,111,0,111,120,0,120,231
04/03/2011,SPG,FL,ASO,ES,Federal Contract Tower,0,0,19,0,19,0,0,112,0,112,0,0,131,0,131,92,0,92,223
04/04/2011,SPG,FL,ASO,ES,Federal Contract Tower,0,0,9,1,10,0,0,62,0,62,0,0,71,1,72,158,0,158,230
04/05/2011,SPG,FL,ASO,ES,Federal Contract Tower,0,0,2,0,2,0,0,32,2,34,0,0,34,2,36,24,0,24,60
04/06/2011,SPG,FL,ASO,ES,Federal Contract Tower,0,0,7,0,7,0,0,116,2,118,0,0,123,2,125,120,16,136,261
04/07/2011,SPG,FL,ASO,ES,Federal Contract Tower,0,0,18,0,18,0,0,131,4,135,0,0,149,4,153,155,6,161,314
04/08/2011,SPG,FL,ASO,ES,Federal Contract Tower,0,0,14,1,15,0,0,96,5,101,0,0,110,6,116,198,4,202,318
04/09/2011,SPG,FL,ASO,ES,Federal Contract Tower,0,0,8,0,8,0,0,115,2,117,0,0,123,2,125,170,6,176,301
04/10/2011,SPG,FL,ASO,ES,Federal Contract Tower,0,0,11,0,11,0,0,142,2,144,0,0,153,2,155,116,0,116,271
04/11/2011,SPG,FL,ASO,ES,Federal Contract Tower,0,0,10,0,10,0,0,117,0,117,0,0,127,0,127,182,0,182,309
04/12/2011,SPG,FL,ASO,ES,Federal Contract Tower,0,0,6,0,6,0,0,114,6,120,0,0,120,6,126,134,20,154,280
04/13/2011,SPG,FL,ASO,ES,Federal Contract Tower,0,0,6,0,6,0,0,100,2,102,0,0,106,2,108,180,2,182,290
04/14/2011,SPG,FL,ASO,ES,Federal Contract Tower,0,0,5,0,5,0,9,109,2,120,0,9,114,2,125,118,8,126,251
04/15/2011,SPG,FL,ASO,ES,Federal Contract Tower,0,0,14,1,15,0,1,89,3,93,0,1,103,4,108,140,36,176,284
04/16/2011,SPG,FL,ASO,ES,Federal Contract Tower,0,0,20,0,20,0,2,77,0,79,0,2,97,0,99,58,0,58,157
04/17/2011,SPG,FL,ASO,ES,Federal Contract Tower,0,0,8,0,8,0,0,92,2,94,0,0,100,2,102,94,0,94,196
04/18/2011,SPG,FL,ASO,ES,Federal Contract Tower,0,0,13,0,13,0,0,76,1,77,0,0,89,1,90,118,26,144,234
04/19/2011,SPG,FL,ASO,ES,Federal Contract Tower,0,0,6,0,6,0,0,124,4,128,0,0,130,4,134,148,24,172,306
04/20/2011,SPG,FL,ASO,ES,Federal Contract Tower,0,0,9,0,9,0,2,141,2,145,0,2,150,2,154,118,2,120,274
04/21/2011,SPG,FL,ASO,ES,Federal Contract Tower,0,0,15,0,15,0,2,127,0,129,0,2,142,0,144,126,0,126,270
04/22/2011,SPG,FL,ASO,ES,Federal Contract Tower,0,2,18,0,20,0,3,130,1,134,0,5,148,1,154,86,0,86,240
04/23/2011,SPG,FL,ASO,ES,Federal Contract Tower,0,0,10,0,10,0,0,150,0,150,0,0,160,0,160,72,0,72,232
04/24/2011,SPG,FL,ASO,ES,Federal Contract Tower,0,0,9,0,9,0,0,61,2,63,0,0,70,2,72,106,0,106,178
04/25/2011,SPG,FL,ASO,ES,Federal Contract Tower,0,0,10,0,10,0,0,115,0,115,0,0,125,0,125,190,0,190,315
04/26/2011,SPG,FL,ASO,ES,Federal Contract Tower,0,0,4,0,4,0,0,131,4,135,0,0,135,4,139,138,0,138,277
04/27/2011,SPG,FL,ASO,ES,Federal Contract Tower,0,0,12,0,12,0,0,122,8,130,0,0,134,8,142,100,36,136,278
04/28/2011,SPG,FL,ASO,ES,Federal Contract Tower,0,0,6,0,6,0,0,79,4,83,0,0,85,4,89,146,20,166,255
04/29/2011,SPG,FL,ASO,ES,Federal Contract Tower,0,0,7,0,7,0,2,96,2,100,0,2,103,2,107,124,4,128,235
04/30/2011,SPG,FL,ASO,ES,Federal Contract Tower,0,0,8,0,8,0,0,114,2,116,0,0,122,2,124,98,8,106,230
05/01/2011,SPG,FL,ASO,ES,Federal Contract Tower,0,0,14,0,14,0,3,138,0,141,0,3,152,0,155,124,0,124,279
05/02/2011,SPG,FL,ASO,ES,Federal Contract Tower,0,0,10,0,10,0,2,105,4,111,0,2,115,4,121,132,8,140,261
05/03/2011,SPG,FL,ASO,ES,Federal Contract Tower,0,0,6,0,6,0,0,121,0,121,0,0,127,0,127,120,0,120,247
05/04/2011,SPG,FL,ASO,ES,Federal Contract Tower,0,0,9,0,9,0,0,123,2,125,0,0,132,2,134,136,12,148,282
05/05/2011,SPG,FL,ASO,ES,Federal Contract Tower,0,0,7,0,7,0,6,100,0,106,0,6,107,0,113,132,0,132,245
05/06/2011,SPG,FL,ASO,ES,Federal Contract Tower,0,0,11,0,11,0,0,88,0,88,0,0,99,0,99,130,0,130,229
05/07/2011,SPG,FL,ASO,ES,Federal Contract Tower,0,0,5,0,5,0,0,113,2,115,0,0,118,2,120,182,2,184,304
05/08/2011,SPG,FL,ASO,ES,Federal Contract Tower,0,0,6,0,6,0,0,142,0,142,0,0,148,0,148,104,0,104,252
05/09/2011,SPG,FL,ASO,ES,Federal Contract Tower,0,0,6,0,6,0,0,114,0,114,0,0,120,0,120,132,0,132,252
05/10/2011,SPG,FL,ASO,ES,Federal Contract Tower,0,0,7,0,7,0,0,136,0,136,0,0,143,0,143,104,0,104,247
05/11/2011,SPG,FL,ASO,ES,Federal Contract Tower,0,0,7,0,7,0,0,129,4,133,0,0,136,4,140,130,16,146,286
05/12/2011,SPG,FL,ASO,ES,Federal Contract Tower,0,0,17,0,17,0,0,105,0,105,0,0,122,0,122,120,0,120,242
05/13/2011,SPG,FL,ASO,ES,Federal Contract Tower,0,0,6,0,6,0,0,110,0,110,0,0,116,0,116,124,0,124,240
05/14/2011,SPG,FL,ASO,ES,Federal Contract Tower,0,0,8,0,8,0,2,47,0,49,0,2,55,0,57,70,0,70,127
05/15/2011,SPG,FL,ASO,ES,Federal Contract Tower,0,0,6,0,6,0,0,123,0,123,0,0,129,0,129,126,0,126,255
05/16/2011,SPG,FL,ASO,ES,Federal Contract Tower,0,0,15,0,15,0,0,111,0,111,0,0,126,0,126,142,0,142,268
05/17/2011,SPG,FL,ASO,ES,Federal Contract Tower,0,0,6,0,6,0,0,120,2,122,0,0,126,2,128,118,16,134,262
05/18/2011,SPG,FL,ASO,ES,Federal Contract Tower,0,0,8,0,8,0,0,122,4,126,0,0,130,4,134,114,24,138,272
05/19/2011,SPG,FL,ASO,ES,Federal Contract Tower,0,0,8,0,8,0,3,89,0,92,0,3,97,0,100,40,0,40,140
05/20/2011,SPG,FL,ASO,ES,Federal Contract Tower,0,0,23,0,23,0,2,111,4,117,0,2,134,4,140,96,0,96,236
05/21/2011,SPG,FL,ASO,ES,Federal Contract Tower,0,0,7,0,7,0,0,150,2,152,0,0,157,2,159,128,14,142,301
05/22/2011,SPG,FL,ASO,ES,Federal Contract Tower,0,0,18,0,18,0,2,153,0,155,0,2,171,0,173,100,0,100,273
05/23/2011,SPG,FL,ASO,ES,Federal Contract Tower,0,0,6,0,6,0,0,87,0,87,0,0,93,0,93,156,0,156,249
05/24/2011,SPG,FL,ASO,ES,Federal Contract Tower,0,0,1,0,1,0,1,112,4,117,0,1,113,4,118,142,10,152,270
05/25/2011,SPG,FL,ASO,ES,Federal Contract Tower,0,0,16,0,16,0,0,116,2,118,0,0,132,2,134,118,6,124,258
05/26/2011,SPG,FL,ASO,ES,Federal Contract Tower,0,0,9,0,9,0,0,102,0,102,0,0,111,0,111,100,0,100,211
05/27/2011,SPG,FL,ASO,ES,Federal Contract Tower,0,0,8,0,8,0,4,83,6,93,0,4,91,6,101,76,0,76,177
05/28/2011,SPG,FL,ASO,ES,Federal Contract Tower,0,0,11,0,11,0,0,101,2,103,0,0,112,2,114,176,0,176,290
05/29/2011,SPG,FL,ASO,ES,Federal Contract Tower,0,0,5,0,5,0,0,129,2,131,0,0,134,2,136,106,16,122,258
05/30/2011,SPG,FL,ASO,ES,Federal Contract Tower,0,0,19,0,19,0,0,130,0,130,0,0,149,0,149,148,0,148,297
05/31/2011,SPG,FL,ASO,ES,Federal Contract Tower,0,0,11,0,11,0,0,117,2,119,0,0,128,2,130,158,12,170,300
06/01/2011,SPG,FL,ASO,ES,Federal Contract Tower,0,0,6,0,6,0,0,98,2,100,0,0,104,2,106,118,8,126,232
06/02/2011,SPG,FL,ASO,ES,Federal Contract Tower,0,0,8,0,8,0,4,80,0,84,0,4,88,0,92,90,0,90,182
06/03/2011,SPG,FL,ASO,ES,Federal Contract Tower,0,0,19,0,19,0,0,112,0,112,0,0,131,0,131,216,0,216,347
06/04/2011,SPG,FL,ASO,ES,Federal Contract Tower,0,0,6,0,6,0,0,113,1,114,0,0,119,1,120,152,0,152,272
06/05/2011,SPG,FL,ASO,ES,Federal Contract Tower,0,0,6,0,6,0,1,126,2,129,0,1,132,2,135,148,16,164,299
06/06/2011,SPG,FL,ASO,ES,Federal Contract Tower,0,0,8,0,8,0,0,112,0,112,0,0,120,0,120,184,0,184,304
06/07/2011,SPG,FL,ASO,ES,Federal Contract Tower,0,0,6,0,6,0,0,112,2,114,0,0,118,2,120,152,6,158,278
06/08/2011,SPG,FL,ASO,ES,Federal Contract Tower,0,0,8,0,8,0,0,123,2,125,0,0,131,2,133,124,12,136,269
06/09/2011,SPG,FL,ASO,ES,Federal Contract Tower,0,0,7,0,7,0,0,91,0,91,0,0,98,0,98,108,0,108,206
06/10/2011,SPG,FL,ASO,ES,Federal Contract Tower,0,0,10,0,10,0,1,78,0,79,0,1,88,0,89,132,0,132,221
06/11/2011,SPG,FL,ASO,ES,Federal Contract Tower,0,0,11,0,11,0,0,223,0,223,0,0,234,0,234,130,2,132,366
06/12/2011,SPG,FL,ASO,ES,Federal Contract Tower,0,0,17,0,17,0,0,113,0,113,0,0,130,0,130,162,0,162,292
06/13/2011,SPG,FL,ASO,ES,Federal Contract Tower,0,0,5,0,5,0,0,114,0,114,0,0,119,0,119,162,0,162,281
06/14/2011,SPG,FL,ASO,ES,Federal Contract Tower,0,0,12,0,12,0,0,115,4,119,0,0,127,4,131,114,20,134,265
06/15/2011,SPG,FL,ASO,ES,Federal Contract Tower,0,0,14,0,14,0,0,123,2,125,0,0,137,2,139,130,16,146,285
06/16/2011,SPG,FL,ASO,ES,Federal Contract Tower,0,0,11,0,11,0,3,111,2,116,0,3,122,2,127,126,4,130,257
06/17/2011,SPG,FL,ASO,ES,Federal Contract Tower,0,0,4,0,4,0,0,83,0,83,0,0,87,0,87,91,0,91,178
06/18/2011,SPG,FL,ASO,ES,Federal Contract Tower,0,0,7,0,7,0,0,111,0,111,0,0,118,0,118,92,0,92,210
06/19/2011,SPG,FL,ASO,ES,Federal Contract Tower,0,0,3,0,3,0,0,133,0,133,0,0,136,0,136,144,0,144,280
06/20/2011,SPG,FL,ASO,ES,Federal Contract Tower,0,0,8,0,8,0,0,72,0,72,0,0,80,0,80,174,0,174,254
06/21/2011,SPG,FL,ASO,ES,Federal Contract Tower,0,0,1,0,1,0,0,116,0,116,0,0,117,0,117,144,0,144,261
06/22/2011,SPG,FL,ASO,ES,Federal Contract Tower,0,0,12,0,12,0,0,108,2,110,0,0,120,2,122,176,2,178,300
06/23/2011,SPG,FL,ASO,ES,Federal Contract Tower,0,0,11,0,11,0,2,112,0,114,0,2,123,0,125,172,18,190,315
06/24/2011,SPG,FL,ASO,ES,Federal Contract Tower,0,0,8,0,8,0,2,86,3,91,0,2,94,3,99,108,14,122,221
06/25/2011,SPG,FL,ASO,ES,Federal Contract Tower,0,0,7,0,7,0,0,98,0,98,0,0,105,0,105,84,0,84,189
06/26/2011,SPG,FL,ASO,ES,Federal Contract Tower,0,0,3,0,3,0,1,33,0,34,0,1,36,0,37,36,0,36,73
06/27/2011,SPG,FL,ASO,ES,Federal Contract Tower,0,0,7,0,7,0,0,110,1,111,0,0,117,1,118,174,2,176,294
06/28/2011,SPG,FL,ASO,ES,Federal Contract Tower,0,0,5,0,5,0,0,108,4,112,0,0,113,4,117,142,38,180,297
06/29/2011,SPG,FL,ASO,ES,Federal Contract Tower,0,0,2,0,2,0,0,96,4,100,0,0,98,4,102,132,18,150,252
06/30/2011,SPG,FL,ASO,ES,Federal Contract Tower,0,0,9,0,9,0,0,64,2,66,0,0,73,2,75,42,4,46,121
07/01/2011,SPG,FL,ASO,ES,Federal Contract Tower,0,0,12,0,12,0,0,67,0,67,0,0,79,0,79,36,0,36,115
07/02/2011,SPG,FL,ASO,ES,Federal Contract Tower,0,0,15,0,15,0,0,89,0,89,0,0,104,0,104,118,0,118,222
07/03/2011,SPG,FL,ASO,ES,Federal Contract Tower,0,0,8,0,8,0,0,117,0,117,0,0,125,0,125,182,0,182,307
07/04/2011,SPG,FL,ASO,ES,Federal Contract Tower,0,0,8,0,8,0,0,114,0,114,0,0,122,0,122,134,0,134,256
07/05/2011,SPG,FL,ASO,ES,Federal Contract Tower,0,0,7,0,7,0,0,120,4,124,0,0,127,4,131,162,10,172,303
07/06/2011,SPG,FL,ASO,ES,Federal Contract Tower,0,0,4,0,4,0,0,125,2,127,0,0,129,2,131,170,16,186,317
07/07/2011,SPG,FL,ASO,ES,Federal Contract Tower,0,0,7,0,7,0,0,34,0,34,0,0,41,0,41,30,0,30,71
07/08/2011,SPG,FL,ASO,ES,Federal Contract Tower,0,0,4,0,4,0,0,3,0,3,0,0,7,0,7,0,0,0,7
07/09/2011,SPG,FL,ASO,ES,Federal Contract Tower,0,0,10,0,10,0,0,74,0,74,0,0,84,0,84,136,0,136,220
07/10/2011,SPG,FL,ASO,ES,Federal Contract Tower,0,0,7,0,7,0,0,97,1,98,0,0,104,1,105,154,0,154,259
07/11/2011,SPG,FL,ASO,ES,Federal Contract Tower,0,0,4,0,4,0,0,83,0,83,0,0,87,0,87,206,0,206,293
07/12/2011,SPG,FL,ASO,ES,Federal Contract Tower,0,0,6,0,6,0,0,99,2,101,0,0,105,2,107,186,18,204,311
07/13/2011,SPG,FL,ASO,ES,Federal Contract Tower,0,0,4,0,4,0,0,133,4,137,0,0,137,4,141,138,16,154,295
07/14/2011,SPG,FL,ASO,ES,Federal Contract Tower,0,0,12,0,12,0,2,99,1,102,0,2,111,1,114,84,2,86,200
07/15/2011,SPG,FL,ASO,ES,Federal Contract Tower,0,0,12,0,12,0,1,110,6,117,0,1,122,6,129,168,0,168,297
07/16/2011,SPG,FL,ASO,ES,Federal Contract Tower,0,0,14,0,14,0,0,84,0,84,0,0,98,0,98,158,0,158,256
07/17/2011,SPG,FL,ASO,ES,Federal Contract Tower,0,0,12,0,12,0,0,109,0,109,0,0,121,0,121,124,0,124,245
07/18/2011,SPG,FL,ASO,ES,Federal Contract Tower,0,0,10,0,10,0,0,113,2,115,0,0,123,2,125,198,0,198,323
07/19/2011,SPG,FL,ASO,ES,Federal Contract Tower,0,0,10,0,10,0,0,117,4,121,0,0,127,4,131,136,32,168,299
07/20/2011,SPG,FL,ASO,ES,Federal Contract Tower,0,0,4,0,4,0,0,129,4,133,0,0,133,4,137,142,24,166,303
07/21/2011,SPG,FL,ASO,ES,Federal Contract Tower,0,0,4,0,4,0,2,104,5,111,0,2,108,5,115,170,14,184,299
07/22/2011,SPG,FL,ASO,ES,Federal Contract Tower,0,2,12,0,14,0,0,99,0,99,0,2,111,0,113,190,0,190,303
07/23/2011,SPG,FL,ASO,ES,Federal Contract Tower,0,0,15,0,15,0,0,114,0,114,0,0,129,0,129,142,0,142,271
07/24/2011,SPG,FL,ASO,ES,Federal Contract Tower,0,0,11,0,11,0,0,125,2,127,0,0,136,2,138,138,20,158,296
07/25/2011,SPG,FL,ASO,ES,Federal Contract Tower,0,0,3,0,3,0,0,70,0,70,0,0,73,0,73,182,9,191,264
07/26/2011,SPG,FL,ASO,ES,Federal Contract Tower,0,0,11,0,11,0,0,96,2,98,0,0,107,2,109,118,12,130,239
07/27/2011,SPG,FL,ASO,ES,Federal Contract Tower,0,0,5,0,5,0,0,90,1,91,0,0,95,1,96,144,0,144,240
07/28/2011,SPG,FL,ASO,ES,Federal Contract Tower,0,0,4,0,4,0,4,64,0,68,0,4,68,0,72,98,0,98,170
07/29/2011,SPG,FL,ASO,ES,Federal Contract Tower,0,0,11,0,11,0,1,101,0,102,0,1,112,0,113,128,0,128,241
07/30/2011,SPG,FL,ASO,ES,Federal Contract Tower,0,0,12,0,12,0,0,121,0,121,0,0,133,0,133,124,0,124,257
07/31/2011,SPG,FL,ASO,ES,Federal Contract Tower,0,0,5,0,5,0,0,120,2,122,0,0,125,2,127,150,8,158,285
08/01/2011,SPG,FL,ASO,ES,Federal Contract Tower,0,0,3,0,3,0,0,64,4,68,0,0,67,4,71,162,20,182,253
08/02/2011,SPG,FL,ASO,ES,Federal Contract Tower,0,0,4,0,4,0,0,44,4,48,0,0,48,4,52,54,12,66,118
08/03/2011,SPG,FL,ASO,ES,Federal Contract Tower,0,0,6,0,6,0,0,93,6,99,0,0,99,6,105,104,10,114,219
08/04/2011,SPG,FL,ASO,ES,Federal Contract Tower,0,0,4,0,4,0,4,84,0,88,0,4,88,0,92,124,0,124,216
08/05/2011,SPG,FL,ASO,ES,Federal Contract Tower,0,0,9,0,9,0,0,80,0,80,0,0,89,0,89,96,0,96,185
08/06/2011,SPG,FL,ASO,ES,Federal Contract Tower,0,0,4,0,4,0,3,125,2,130,0,3,129,2,134,122,8,130,264
08/07/2011,SPG,FL,ASO,ES,Federal Contract Tower,0,0,16,0,16,0,0,98,2,100,0,0,114,2,116,134,6,140,256
08/08/2011,SPG,FL,ASO,ES,Federal Contract Tower,0,0,7,0,7,0,0,64,0,64,0,0,71,0,71,118,0,118,189
08/09/2011,SPG,FL,ASO,ES,Federal Contract Tower,0,0,8,0,8,0,0,31,0,31,0,0,39,0,39,14,0,14,53
08/10/2011,SPG,FL,ASO,ES,Federal Contract Tower,0,0,5,0,5,0,0,24,0,24,0,0,29,0,29,0,0,0,29
08/11/2011,SPG,FL,ASO,ES,Federal Contract Tower,0,0,4,0,4,0,2,73,3,78,0,2,77,3,82,102,10,112,194
08/12/2011,SPG,FL,ASO,ES,Federal Contract Tower,0,0,14,0,14,0,0,111,2,113,0,0,125,2,127,130,0,130,257
08/13/2011,SPG,FL,ASO,ES,Federal Contract Tower,0,0,3,0,3,0,0,82,0,82,0,0,85,0,85,214,0,214,299
08/14/2011,SPG,FL,ASO,ES,Federal Contract Tower,0,0,11,0,11,0,0,87,0,87,0,0,98,0,98,140,0,140,238
08/15/2011,SPG,FL,ASO,ES,Federal Contract Tower,0,2,4,0,6,0,0,52,2,54,0,2,56,2,60,190,14,204,264
08/16/2011,SPG,FL,ASO,ES,Federal Contract Tower,0,0,2,0,2,0,4,119,2,125,0,4,121,2,127,140,10,150,277
08/17/2011,SPG,FL,ASO,ES,Federal Contract Tower,0,0,3,0,3,0,0,118,2,120,0,0,121,2,123,134,16,150,273
08/18/2011,SPG,FL,ASO,ES,Federal Contract Tower,0,0,6,0,6,0,2,73,4,79,0,2,79,4,85,56,4,60,145
08/19/2011,SPG,FL,ASO,ES,Federal Contract Tower,0,0,11,0,11,0,0,93,0,93,0,0,104,0,104,98,0,98,202
08/20/2011,SPG,FL,ASO,ES,Federal Contract Tower,0,0,8,0,8,0,0,76,0,76,0,0,84,0,84,144,0,144,228
08/21/2011,SPG,FL,ASO,ES,Federal Contract Tower,0,0,11,0,11,0,0,114,2,116,0,0,125,2,127,96,8,104,231
08/22/2011,SPG,FL,ASO,ES,Federal Contract Tower,0,0,2,0,2,0,0,91,0,91,0,0,93,0,93,142,0,142,235
08/23/2011,SPG,FL,ASO,ES,Federal Contract Tower,0,0,8,0,8,0,0,109,4,113,0,0,117,4,121,128,14,142,263
08/24/2011,SPG,FL,ASO,ES,Federal Contract Tower,0,0,12,0,12,0,0,106,2,108,0,0,118,2,120,190,8,198,318
08/25/2011,SPG,FL,ASO,ES,Federal Contract Tower,0,0,4,0,4,0,3,57,0,60,0,3,61,0,64,74,0,74,138
08/26/2011,SPG,FL,ASO,ES,Federal Contract Tower,0,0,7,0,7,0,0,49,0,49,0,0,56,0,56,46,0,46,102
08/27/2011,SPG,FL,ASO,ES,Federal Contract Tower,0,0,12,0,12,0,0,61,0,61,0,0,73,0,73,58,0,58,131
08/28/2011,SPG,FL,ASO,ES,Federal Contract Tower,0,0,3,0,3,0,0,65,0,65,0,0,68,0,68,80,0,80,148
08/29/2011,SPG,FL,ASO,ES,Federal Contract Tower,0,0,7,0,7,0,0,51,2,53,0,0,58,2,60,122,22,144,204
08/30/2011,SPG,FL,ASO,ES,Federal Contract Tower,0,0,1,0,1,0,0,97,2,99,0,0,98,2,100,120,10,130,230
08/31/2011,SPG,FL,ASO,ES,Federal Contract Tower,0,0,10,0,10,0,0,102,0,102,0,0,112,0,112,136,0,136,248
09/01/2011,SPG,FL,ASO,ES,Federal Contract Tower,0,0,10,0,10,0,2,80,2,84,0,2,90,2,94,112,8,120,214
09/02/2011,SPG,FL,ASO,ES,Federal Contract Tower,0,0,15,0,15,0,4,105,3,112,0,4,120,3,127,150,28,178,305
09/03/2011,SPG,FL,ASO,ES,Federal Contract Tower,0,0,4,0,4,0,0,100,0,100,0,0,104,0,104,102,0,102,206
09/04/2011,SPG,FL,ASO,ES,Federal Contract Tower,0,0,5,0,5,0,0,91,0,91,0,0,96,0,96,184,0,184,280
09/05/2011,SPG,FL,ASO,ES,Federal Contract Tower,0,0,7,0,7,0,0,53,0,53,0,0,60,0,60,72,0,72,132
09/06/2011,SPG,FL,ASO,ES,Federal Contract Tower,0,0,5,0,5,0,0,39,0,39,0,0,44,0,44,22,4,26,70
09/07/2011,SPG,FL,ASO,ES,Federal Contract Tower,0,0,10,0,10,0,2,85,2,89,0,2,95,2,99,44,0,44,143
09/08/2011,SPG,FL,ASO,ES,Federal Contract Tower,0,0,12,0,12,0,0,113,0,113,0,0,125,0,125,164,0,164,289
09/09/2011,SPG,FL,ASO,ES,Federal Contract Tower,0,0,6,0,6,0,0,45,0,45,0,0,51,0,51,112,0,112,163
09/10/2011,SPG,FL,ASO,ES,Federal Contract Tower,0,0,11,0,11,0,0,108,0,108,0,0,119,0,119,104,0,104,223
09/11/2011,SPG,FL,ASO,ES,Federal Contract Tower,0,0,8,0,8,0,0,136,2,138,0,0,144,2,146,108,8,116,262
09/12/2011,SPG,FL,ASO,ES,Federal Contract Tower,0,0,11,0,11,0,0,112,2,114,0,0,123,2,125,104,14,118,243
09/13/2011,SPG,FL,ASO,ES,Federal Contract Tower,0,0,7,0,7,0,0,118,2,120,0,0,125,2,127,136,16,152,279
09/14/2011,SPG,FL,ASO,ES,Federal Contract Tower,0,0,10,0,10,0,0,102,2,104,0,0,112,2,114,156,8,164,278
09/15/2011,SPG,FL,ASO,ES,Federal Contract Tower,0,0,5,0,5,0,4,103,2,109,0,4,108,2,114,152,10,162,276
09/16/2011,SPG,FL,ASO,ES,Federal Contract Tower,0,0,16,0,16,0,3,74,0,77,0,3,90,0,93,152,0,152,245
09/17/2011,SPG,FL,ASO,ES,Federal Contract Tower,0,0,14,0,14,0,0,104,0,104,0,0,118,0,118,68,0,68,186
09/18/2011,SPG,FL,ASO,ES,Federal Contract Tower,0,0,9,0,9,0,1,91,2,94,0,1,100,2,103,108,16,124,227
09/19/2011,SPG,FL,ASO,ES,Federal Contract Tower,0,0,14,0,14,0,0,110,2,112,0,0,124,2,126,206,24,230,356
09/20/2011,SPG,FL,ASO,ES,Federal Contract Tower,0,0,2,0,2,0,0,90,2,92,0,0,92,2,94,144,14,158,252
09/21/2011,SPG,FL,ASO,ES,Federal Contract Tower,0,0,12,0,12,0,0,120,2,122,0,0,132,2,134,152,16,168,302
09/22/2011,SPG,FL,ASO,ES,Federal Contract Tower,0,0,13,1,14,0,0,84,2,86,0,0,97,3,100,186,6,192,292
09/23/2011,SPG,FL,ASO,ES,Federal Contract Tower,0,0,27,0,27,0,2,57,0,59,0,2,84,0,86,66,0,66,152
09/24/2011,SPG,FL,ASO,ES,Federal Contract Tower,0,0,12,0,12,0,0,75,0,75,0,0,87,0,87,160,0,160,247
09/25/2011,SPG,FL,ASO,ES,Federal Contract Tower,0,0,10,0,10,0,0,79,0,79,0,0,89,0,89,98,0,98,187
09/26/2011,SPG,FL,ASO,ES,Federal Contract Tower,0,0,7,0,7,0,0,48,0,48,0,0,55,0,55,132,0,132,187
09/27/2011,SPG,FL,ASO,ES,Federal Contract Tower,0,0,13,0,13,0,0,57,0,57,0,0,70,0,70,12,0,12,82
09/28/2011,SPG,FL,ASO,ES,Federal Contract Tower,0,0,10,0,10,0,2,115,0,117,0,2,125,0,127,140,0,140,267
09/29/2011,SPG,FL,ASO,ES,Federal Contract Tower,0,0,7,0,7,0,2,92,0,94,0,2,99,0,101,102,0,102,203
09/30/2011,SPG,FL,ASO,ES,Federal Contract Tower,0,0,4,0,4,0,0,125,2,127,0,0,129,2,131,154,0,154,285
10/01/2011,SPG,FL,ASO,ES,Federal Contract Tower,0,0,8,0,8,0,0,128,2,130,0,0,136,2,138,128,2,130,268
10/02/2011,SPG,FL,ASO,ES,Federal Contract Tower,0,0,15,0,15,0,0,143,0,143,0,0,158,0,158,112,0,112,270
10/03/2011,SPG,FL,ASO,ES,Federal Contract Tower,0,0,11,0,11,0,0,111,0,111,0,0,122,0,122,166,14,180,302
10/04/2011,SPG,FL,ASO,ES,Federal Contract Tower,0,0,11,0,11,0,0,116,2,118,0,0,127,2,129,130,12,142,271
10/05/2011,SPG,FL,ASO,ES,Federal Contract Tower,0,0,10,0,10,0,0,112,2,114,0,0,122,2,124,132,16,148,272
10/06/2011,SPG,FL,ASO,ES,Federal Contract Tower,0,0,8,0,8,0,7,108,1,116,0,7,116,1,124,184,4,188,312
10/07/2011,SPG,FL,ASO,ES,Federal Contract Tower,0,0,10,0,10,0,0,78,0,78,0,0,88,0,88,156,0,156,244
10/08/2011,SPG,FL,ASO,ES,Federal Contract Tower,0,0,4,0,4,0,0,10,0,10,0,0,14,0,14,12,0,12,26
10/09/2011,SPG,FL,ASO,ES,Federal Contract Tower,0,0,2,0,2,0,0,2,0,2,0,0,4,0,4,0,0,0,4
10/10/2011,SPG,FL,ASO,ES,Federal Contract Tower,0,0,12,0,12,0,0,113,0,113,0,0,125,0,125,174,0,174,299
10/11/2011,SPG,FL,ASO,ES,Federal Contract Tower,0,0,10,0,10,0,0,120,2,122,0,0,130,2,132,146,12,158,290
10/12/2011,SPG,FL,ASO,ES,Federal Contract Tower,0,0,9,0,9,0,0,119,0,119,0,0,128,0,128,144,0,144,272
10/13/2011,SPG,FL,ASO,ES,Federal Contract Tower,0,0,4,0,4,0,8,67,0,75,0,8,71,0,79,58,0,58,137
10/14/2011,SPG,FL,ASO,ES,Federal Contract Tower,0,0,9,0,9,0,0,86,0,86,0,0,95,0,95,130,0,130,225
10/15/2011,SPG,FL,ASO,ES,Federal Contract Tower,0,0,9,0,9,0,0,144,0,144,0,0,153,0,153,106,0,106,259
10/16/2011,SPG,FL,ASO,ES,Federal Contract Tower,0,0,9,0,9,0,0,82,2,84,0,0,91,2,93,150,2,152,245
10/17/2011,SPG,FL,ASO,ES,Federal Contract Tower,0,0,13,0,13,0,0,108,2,110,0,0,121,2,123,202,16,218,341
10/18/2011,SPG,FL,ASO,ES,Federal Contract Tower,0,0,9,0,9,0,0,31,2,33,0,0,40,2,42,142,10,152,194
10/19/2011,SPG,FL,ASO,ES,Federal Contract Tower,0,0,6,0,6,0,0,47,0,47,0,0,53,0,53,34,0,34,87
10/20/2011,SPG,FL,ASO,ES,Federal Contract Tower,0,0,16,0,16,0,1,132,0,133,0,1,148,0,149,180,0,180,329
10/21/2011,SPG,FL,ASO,ES,Federal Contract Tower,0,0,11,0,11,0,3,137,2,142,0,3,148,2,153,204,0,204,357
10/22/2011,SPG,FL,ASO,ES,Federal Contract Tower,0,0,13,0,13,0,0,137,0,137,0,0,150,0,150,130,0,130,280
10/23/2011,SPG,FL,ASO,ES,Federal Contract Tower,0,0,19,0,19,0,0,109,0,109,0,0,128,0,128,100,2,102,230
10/24/2011,SPG,FL,ASO,ES,Federal Contract Tower,0,0,14,0,14,0,0,114,0,114,0,0,128,0,128,196,4,200,328
10/25/2011,SPG,FL,ASO,ES,Federal Contract Tower,0,0,14,0,14,0,0,117,0,117,0,0,131,0,131,212,0,212,343
10/26/2011,SPG,FL,ASO,ES,Federal Contract Tower,0,0,7,0,7,0,0,110,2,112,0,0,117,2,119,218,24,242,361
10/27/2011,SPG,FL,ASO,ES,Federal Contract Tower,0,0,30,0,30,0,4,150,0,154,0,4,180,0,184,228,0,228,412
10/28/2011,SPG,FL,ASO,ES,Federal Contract Tower,0,0,17,0,17,0,0,57,0,57,0,0,74,0,74,122,0,122,196
10/29/2011,SPG,FL,ASO,ES,Federal Contract Tower,0,0,20,0,20,0,0,47,0,47,0,0,67,0,67,38,0,38,105
10/30/2011,SPG,FL,ASO,ES,Federal Contract Tower,0,0,29,0,29,0,0,98,0,98,0,0,127,0,127,106,0,106,233
10/31/2011,SPG,FL,ASO,ES,Federal Contract Tower,0,0,13,0,13,0,0,76,0,76,0,0,89,0,89,140,0,140,229
11/01/2011,SPG,FL,ASO,ES,Federal Contract Tower,0,0,8,0,8,0,0,113,2,115,0,0,121,2,123,124,16,140,263
11/02/2011,SPG,FL,ASO,ES,Federal Contract Tower,0,0,12,0,12,0,0,109,2,111,0,0,121,2,123,134,8,142,265
11/03/2011,SPG,FL,ASO,ES,Federal Contract Tower,0,0,5,0,5,0,3,118,0,121,0,3,123,0,126,112,0,112,238
11/04/2011,SPG,FL,ASO,ES,Federal Contract Tower,0,0,30,0,30,0,0,64,1,65,0,0,94,1,95,64,24,88,183
11/05/2011,SPG,FL,ASO,ES,Federal Contract Tower,0,0,11,0,11,0,0,101,0,101,0,0,112,0,112,94,0,94,206
11/06/2011,SPG,FL,ASO,ES,Federal Contract Tower,0,0,10,0,10,0,0,106,0,106,0,0,116,0,116,174,0,174,290
11/07/2011,SPG,FL,ASO,ES,Federal Contract Tower,0,0,10,0,10,0,0,66,2,68,0,0,76,2,78,268,14,282,360
11/08/2011,SPG,FL,ASO,ES,Federal Contract Tower,0,0,15,0,15,0,0,106,0,106,0,0,121,0,121,200,0,200,321
11/09/2011,SPG,FL,ASO,ES,Federal Contract Tower,0,0,16,0,16,0,0,114,0,114,0,0,130,0,130,250,0,250,380
11/10/2011,SPG,FL,ASO,ES,Federal Contract Tower,0,0,12,0,12,0,0,99,0,99,0,0,111,0,111,260,0,260,371
11/11/2011,SPG,FL,ASO,ES,Federal Contract Tower,0,0,10,0,10,0,0,86,0,86,0,0,96,0,96,132,0,132,228
11/12/2011,SPG,FL,ASO,ES,Federal Contract Tower,0,0,12,0,12,0,0,109,0,109,0,0,121,0,121,174,0,174,295
11/13/2011,SPG,FL,ASO,ES,Federal Contract Tower,0,0,14,0,14,0,0,110,2,112,0,0,124,2,126,112,6,118,244
11/14/2011,SPG,FL,ASO,ES,Federal Contract Tower,0,0,8,0,8,0,0,61,0,61,0,0,69,0,69,162,0,162,231
11/15/2011,SPG,FL,ASO,ES,Federal Contract Tower,0,0,12,0,12,0,0,65,0,65,0,0,77,0,77,84,0,84,161
11/16/2011,SPG,FL,ASO,ES,Federal Contract Tower,0,0,13,0,13,0,0,83,0,83,0,0,96,0,96,170,0,170,266
11/17/2011,SPG,FL,ASO,ES,Federal Contract Tower,0,0,8,0,8,0,2,68,2,72,0,2,76,2,80,206,16,222,302
11/18/2011,SPG,FL,ASO,ES,Federal Contract Tower,0,0,18,0,18,0,0,87,0,87,0,0,105,0,105,194,0,194,299
11/19/2011,SPG,FL,ASO,ES,Federal Contract Tower,0,0,11,0,11,0,0,84,0,84,0,0,95,0,95,126,0,126,221
11/20/2011,SPG,FL,ASO,ES,Federal Contract Tower,0,0,23,0,23,0,0,102,0,102,0,0,125,0,125,138,0,138,263
11/21/2011,SPG,FL,ASO,ES,Federal Contract Tower,0,0,8,0,8,0,0,106,0,106,0,0,114,0,114,192,0,192,306
11/22/2011,SPG,FL,ASO,ES,Federal Contract Tower,0,0,14,0,14,0,0,123,0,123,0,0,137,0,137,252,0,252,389
11/23/2011,SPG,FL,ASO,ES,Federal Contract Tower,0,0,11,0,11,0,0,96,1,97,0,0,107,1,108,157,8,165,273
11/24/2011,SPG,FL,ASO,ES,Federal Contract Tower,0,0,5,0,5,0,0,37,0,37,0,0,42,0,42,26,0,26,68
11/25/2011,SPG,FL,ASO,ES,Federal Contract Tower,0,0,13,0,13,0,1,107,2,110,0,1,120,2,123,110,10,120,243
11/26/2011,SPG,FL,ASO,ES,Federal Contract Tower,0,0,15,0,15,0,0,144,0,144,0,0,159,0,159,118,0,118,277
11/27/2011,SPG,FL,ASO,ES,Federal Contract Tower,0,0,10,0,10,0,0,100,0,100,0,0,110,0,110,156,0,156,266
11/28/2011,SPG,FL,ASO,ES,Federal Contract Tower,0,0,9,0,9,0,0,23,1,24,0,0,32,1,33,14,26,40,73
11/29/2011,SPG,FL,ASO,ES,Federal Contract Tower,0,0,13,0,13,0,0,98,2,100,0,0,111,2,113,166,10,176,289
11/30/2011,SPG,FL,ASO,ES,Federal Contract Tower,0,0,16,0,16,0,0,105,2,107,0,0,121,2,123,140,4,144,267
12/01/2011,SPG,FL,ASO,ES,Federal Contract Tower,0,0,11,0,11,0,0,118,0,118,0,0,129,0,129,154,0,154,283
12/02/2011,SPG,FL,ASO,ES,Federal Contract Tower,0,0,12,0,12,0,0,111,0,111,0,0,123,0,123,194,0,194,317
12/03/2011,SPG,FL,ASO,ES,Federal Contract Tower,0,0,2,0,2,0,0,102,0,102,0,0,104,0,104,194,0,194,298
12/04/2011,SPG,FL,ASO,ES,Federal Contract Tower,0,0,17,0,17,0,0,96,0,96,0,0,113,0,113,58,0,58,171
12/05/2011,SPG,FL,ASO,ES,Federal Contract Tower,0,0,8,0,8,0,0,149,2,151,0,0,157,2,159,192,10,202,361
12/06/2011,SPG,FL,ASO,ES,Federal Contract Tower,0,0,8,0,8,0,0,119,4,123,0,0,127,4,131,172,22,194,325
12/07/2011,SPG,FL,ASO,ES,Federal Contract Tower,0,0,8,0,8,0,0,78,2,80,0,0,86,2,88,136,18,154,242
12/08/2011,SPG,FL,ASO,ES,Federal Contract Tower,0,0,15,0,15,0,0,67,1,68,0,0,82,1,83,26,2,28,111
12/09/2011,SPG,FL,ASO,ES,Federal Contract Tower,0,0,17,0,17,0,5,91,0,96,0,5,108,0,113,128,0,128,241
12/10/2011,SPG,FL,ASO,ES,Federal Contract Tower,0,0,10,0,10,0,0,39,0,39,0,0,49,0,49,20,0,20,69
12/11/2011,SPG,FL,ASO,ES,Federal Contract Tower,0,0,8,0,8,0,2,55,2,59,0,2,63,2,67,46,6,52,119
12/12/2011,SPG,FL,ASO,ES,Federal Contract Tower,0,0,8,0,8,0,0,111,0,111,0,0,119,0,119,176,0,176,295
12/13/2011,SPG,FL,ASO,ES,Federal Contract Tower,0,0,14,0,14,0,0,124,0,124,0,0,138,0,138,146,0,146,284
12/14/2011,SPG,FL,ASO,ES,Federal Contract Tower,0,0,9,0,9,0,0,123,2,125,0,0,132,2,134,170,10,180,314
12/15/2011,SPG,FL,ASO,ES,Federal Contract Tower,0,0,12,1,13,0,0,128,4,132,0,0,140,5,145,112,20,132,277
12/16/2011,SPG,FL,ASO,ES,Federal Contract Tower,0,0,7,0,7,0,0,89,1,90,0,0,96,1,97,116,6,122,219
12/17/2011,SPG,FL,ASO,ES,Federal Contract Tower,0,0,5,0,5,0,2,97,0,99,0,2,102,0,104,118,0,118,222
12/18/2011,SPG,FL,ASO,ES,Federal Contract Tower,0,0,8,0,8,0,0,97,2,99,0,0,105,2,107,96,34,130,237
12/19/2011,SPG,FL,ASO,ES,Federal Contract Tower,0,0,13,0,13,0,0,110,2,112,0,0,123,2,125,182,22,204,329
12/20/2011,SPG,FL,ASO,ES,Federal Contract Tower,0,0,12,0,12,0,0,109,2,111,0,0,121,2,123,114,18,132,255
12/21/2011,SPG,FL,ASO,ES,Federal Contract Tower,0,0,11,0,11,0,0,113,2,115,0,0,124,2,126,180,20,200,326
12/22/2011,SPG,FL,ASO,ES,Federal Contract Tower,0,0,13,0,13,0,7,93,3,103,0,7,106,3,116,64,8,72,188
12/23/2011,SPG,FL,ASO,ES,Federal Contract Tower,0,0,14,0,14,0,2,109,3,114,0,2,123,3,128,110,38,148,276
12/24/2011,SPG,FL,ASO,ES,Federal Contract Tower,0,0,9,0,9,0,0,45,0,45,0,0,54,0,54,22,0,22,76
12/25/2011,SPG,FL,ASO,ES,Federal Contract Tower,0,0,4,0,4,0,0,30,0,30,0,0,34,0,34,38,0,38,72
12/26/2011,SPG,FL,ASO,ES,Federal Contract Tower,0,0,21,0,21,0,0,30,0,30,0,0,51,0,51,66,0,66,117
12/27/2011,SPG,FL,ASO,ES,Federal Contract Tower,0,0,8,0,8,0,0,43,0,43,0,0,51,0,51,16,0,16,67
12/28/2011,SPG,FL,ASO,ES,Federal Contract Tower,0,0,12,0,12,0,0,127,0,127,0,0,139,0,139,166,0,166,305
12/29/2011,SPG,FL,ASO,ES,Federal Contract Tower,0,0,21,0,21,0,0,129,2,131,0,0,150,2,152,236,22,258,410
12/30/2011,SPG,FL,ASO,ES,Federal Contract Tower,0,0,19,0,19,0,0,129,2,131,0,0,148,2,150,146,22,168,318
12/31/2011,SPG,FL,ASO,ES,Federal Contract Tower,0,0,18,0,18,0,0,128,0,128,0,0,146,0,146,132,0,132,278
01/01/2012,SPG,FL,ASO,ES,Federal Contract Tower,0,0,6,0,6,0,0,106,2,108,0,0,112,2,114,112,36,148,262
01/02/2012,SPG,FL,ASO,ES,Federal Contract Tower,0,0,14,0,14,0,0,69,0,69,0,0,83,0,83,114,0,114,197
01/03/2012,SPG,FL,ASO,ES,Federal Contract Tower,0,0,10,0,10,0,0,77,2,79,0,0,87,2,89,24,18,42,131
01/04/2012,SPG,FL,ASO,ES,Federal Contract Tower,0,0,6,0,6,0,0,103,2,105,0,0,109,2,111,130,22,152,263
01/05/2012,SPG,FL,ASO,ES,Federal Contract Tower,0,0,7,0,7,0,0,117,2,119,0,0,124,2,126,202,14,216,342
01/06/2012,SPG,FL,ASO,ES,Federal Contract Tower,0,0,14,0,14,0,3,98,0,101,0,3,112,0,115,184,0,184,299
01/07/2012,SPG,FL,ASO,ES,Federal Contract Tower,0,0,15,0,15,0,0,119,0,119,0,0,134,0,134,112,0,112,246
01/08/2012,SPG,FL,ASO,ES,Federal Contract Tower,0,0,9,0,9,0,0,133,2,135,0,0,142,2,144,94,16,110,254
01/09/2012,SPG,FL,ASO,ES,Federal Contract Tower,0,0,2,0,2,0,0,115,2,117,0,0,117,2,119,122,16,138,257
01/10/2012,SPG,FL,ASO,ES,Federal Contract Tower,0,0,7,0,7,0,0,114,4,118,0,0,121,4,125,142,26,168,293
01/11/2012,SPG,FL,ASO,ES,Federal Contract Tower,0,0,3,0,3,0,0,63,2,65,0,0,66,2,68,40,18,58,126
01/12/2012,SPG,FL,ASO,ES,Federal Contract Tower,0,0,11,0,11,0,2,109,0,111,0,2,120,0,122,72,40,112,234
01/13/2012,SPG,FL,ASO,ES,Federal Contract Tower,0,1,11,0,12,0,2,90,0,92,0,3,101,0,104,62,0,62,166
01/14/2012,SPG,FL,ASO,ES,Federal Contract Tower,0,0,8,0,8,0,2,104,0,106,0,2,112,0,114,78,0,78,192
01/15/2012,SPG,FL,ASO,ES,Federal Contract Tower,0,0,2,0,2,0,0,153,2,155,0,0,155,2,157,80,12,92,249
01/16/2012,SPG,FL,ASO,ES,Federal Contract Tower,0,0,14,0,14,0,0,105,4,109,0,0,119,4,123,108,32,140,263
01/17/2012,SPG,FL,ASO,ES,Federal Contract Tower,0,0,11,0,11,0,0,119,2,121,0,0,130,2,132,156,18,174,306
01/18/2012,SPG,FL,ASO,ES,Federal Contract Tower,0,0,12,0,12,0,0,112,0,112,0,0,124,0,124,116,0,116,240
01/19/2012,SPG,FL,ASO,ES,Federal Contract Tower,0,0,8,0,8,0,0,94,3,97,0,0,102,3,105,104,4,108,213
01/20/2012,SPG,FL,ASO,ES,Federal Contract Tower,0,0,15,0,15,0,0,117,0,117,0,0,132,0,132,137,0,137,269
01/21/2012,SPG,FL,ASO,ES,Federal Contract Tower,0,0,5,0,5,0,0,179,0,179,0,0,184,0,184,104,0,104,288
01/22/2012,SPG,FL,ASO,ES,Federal Contract Tower,0,0,14,0,14,0,0,138,0,138,0,0,152,0,152,166,0,166,318
01/23/2012,SPG,FL,ASO,ES,Federal Contract Tower,0,0,4,0,4,0,0,112,0,112,0,0,116,0,116,146,0,146,262
01/24/2012,SPG,FL,ASO,ES,Federal Contract Tower,0,0,4,0,4,0,0,124,2,126,0,0,128,2,130,184,18,202,332
01/25/2012,SPG,FL,ASO,ES,Federal Contract Tower,0,0,11,0,11,0,0,121,2,123,0,0,132,2,134,186,22,208,342
01/26/2012,SPG,FL,ASO,ES,Federal Contract Tower,0,0,9,0,9,0,0,105,2,107,0,0,114,2,116,160,24,184,300
01/27/2012,SPG,FL,ASO,ES,Federal Contract Tower,0,0,11,0,11,0,0,56,0,56,0,0,67,0,67,78,0,78,145
01/28/2012,SPG,FL,ASO,ES,Federal Contract Tower,0,0,9,0,9,0,2,111,0,113,0,2,120,0,122,114,0,114,236
01/29/2012,SPG,FL,ASO,ES,Federal Contract Tower,0,0,12,0,12,0,0,139,2,141,0,0,151,2,153,114,36,150,303
01/30/2012,SPG,FL,ASO,ES,Federal Contract Tower,0,0,10,0,10,0,0,109,6,115,0,0,119,6,125,176,22,198,323
01/31/2012,SPG,FL,ASO,ES,Federal Contract Tower,0,0,16,0,16,0,0,94,5,99,0,0,110,5,115,152,28,180,295
02/01/2012,SPG,FL,ASO,ES,Federal Contract Tower,0,0,8,0,8,0,2,114,8,124,0,2,122,8,132,162,46,208,340
02/02/2012,SPG,FL,ASO,ES,Federal Contract Tower,0,0,12,0,12,0,5,104,4,113,0,5,116,4,125,102,12,114,239
02/03/2012,SPG,FL,ASO,ES,Federal Contract Tower,0,2,16,0,18,0,3,92,9,104,0,5,108,9,122,126,42,168,290
02/04/2012,SPG,FL,ASO,ES,Federal Contract Tower,0,0,13,0,13,0,0,90,0,90,0,0,103,0,103,126,0,126,229
02/05/2012,SPG,FL,ASO,ES,Federal Contract Tower,0,0,20,0,20,0,0,96,0,96,0,0,116,0,116,106,0,106,222
02/06/2012,SPG,FL,ASO,ES,Federal Contract Tower,0,0,7,0,7,0,0,109,2,111,0,0,116,2,118,164,26,190,308
02/07/2012,SPG,FL,ASO,ES,Federal Contract Tower,0,0,31,0,31,0,0,9,2,11,0,0,40,2,42,0,34,34,76
02/08/2012,SPG,FL,ASO,ES,Federal Contract Tower,0,0,5,0,5,0,0,106,2,108,0,0,111,2,113,184,24,208,321
02/09/2012,SPG,FL,ASO,ES,Federal Contract Tower,0,0,12,0,12,0,5,105,2,112,0,5,117,2,124,116,0,116,240
02/10/2012,SPG,FL,ASO,ES,Federal Contract Tower,0,0,12,0,12,0,2,93,0,95,0,2,105,0,107,192,0,192,299
02/11/2012,SPG,FL,ASO,ES,Federal Contract Tower,0,0,5,0,5,0,1,56,0,57,0,1,61,0,62,10,0,10,72
02/12/2012,SPG,FL,ASO,ES,Federal Contract Tower,0,0,11,0,11,0,0,75,4,79,0,0,86,4,90,138,32,170,260
02/13/2012,SPG,FL,ASO,ES,Federal Contract Tower,0,0,11,0,11,0,0,111,0,111,0,0,122,0,122,160,0,160,282
02/14/2012,SPG,FL,ASO,ES,Federal Contract Tower,0,0,12,0,12,0,2,214,2,218,0,2,226,2,230,126,28,154,384
02/15/2012,SPG,FL,ASO,ES,Federal Contract Tower,0,0,10,0,10,0,0,162,4,166,0,0,172,4,176,116,20,136,312
02/16/2012,SPG,FL,ASO,ES,Federal Contract Tower,0,0,14,0,14,0,2,96,0,98,0,2,110,0,112,136,0,136,248
02/17/2012,SPG,FL,ASO,ES,Federal Contract Tower,0,0,24,0,24,0,0,29,0,29,0,0,53,0,53,66,0,66,119
02/18/2012,SPG,FL,ASO,ES,Federal Contract Tower,0,0,12,0,12,0,0,89,0,89,0,0,101,0,101,72,0,72,173
02/19/2012,SPG,FL,ASO,ES,Federal Contract Tower,0,0,22,0,22,0,0,6,2,8,0,0,28,2,30,20,0,20,50
02/20/2012,SPG,FL,ASO,ES,Federal Contract Tower,0,0,22,0,22,0,0,111,0,111,0,0,133,0,133,214,0,214,347
02/21/2012,SPG,FL,ASO,ES,Federal Contract Tower,0,0,11,0,11,0,0,119,2,121,0,0,130,2,132,194,22,216,348
02/22/2012,SPG,FL,ASO,ES,Federal Contract Tower,0,0,16,0,16,0,0,106,4,110,0,0,122,4,126,118,20,138,264
02/23/2012,SPG,FL,ASO,ES,Federal Contract Tower,0,0,18,0,18,0,0,53,0,53,0,0,71,0,71,8,0,8,79
02/24/2012,SPG,FL,ASO,ES,Federal Contract Tower,0,0,8,0,8,0,0,72,0,72,0,0,80,0,80,54,0,54,134
02/25/2012,SPG,FL,ASO,ES,Federal Contract Tower,0,0,9,0,9,0,0,86,0,86,0,0,95,0,95,122,0,122,217
02/26/2012,SPG,FL,ASO,ES,Federal Contract Tower,0,0,17,0,17,0,0,52,0,52,0,0,69,0,69,4,0,4,73
02/27/2012,SPG,FL,ASO,ES,Federal Contract Tower,0,0,9,0,9,0,0,109,2,111,0,0,118,2,120,208,26,234,354
02/28/2012,SPG,FL,ASO,ES,Federal Contract Tower,0,0,9,0,9,0,0,98,2,100,0,0,107,2,109,120,16,136,245
02/29/2012,SPG,FL,ASO,ES,Federal Contract Tower,0,0,14,0,14,0,0,168,2,170,0,0,182,2,184,46,18,64,248
03/01/2012,SPG,FL,ASO,ES,Federal Contract Tower,0,0,10,0,10,0,2,144,2,148,0,2,154,2,158,166,6,172,330
03/02/2012,SPG,FL,ASO,ES,Federal Contract Tower,0,0,11,0,11,0,0,91,5,96,0,0,102,5,107,88,6,94,201
03/03/2012,SPG,FL,ASO,ES,Federal Contract Tower,0,0,14,0,14,0,1,52,0,53,0,1,66,0,67,54,0,54,121
03/04/2012,SPG,FL,ASO,ES,Federal Contract Tower,0,0,15,0,15,0,0,23,0,23,0,0,38,0,38,4,0,4,42
03/05/2012,SPG,FL,ASO,ES,Federal Contract Tower,0,0,11,0,11,0,0,115,0,115,0,0,126,0,126,168,0,168,294
03/06/2012,SPG,FL,ASO,ES,Federal Contract Tower,0,0,5,0,5,0,0,84,4,88,0,0,89,4,93,68,18,86,179
03/07/2012,SPG,FL,ASO,ES,Federal Contract Tower,0,0,19,0,19,0,1,59,0,60,0,1,78,0,79,106,0,106,185
03/08/2012,SPG,FL,ASO,ES,Federal Contract Tower,0,0,10,0,10,0,0,105,2,107,0,0,115,2,117,132,20,152,269
03/09/2012,SPG,FL,ASO,ES,Federal Contract Tower,0,1,13,0,14,0,3,111,0,114,0,4,124,0,128,96,0,96,224
03/10/2012,SPG,FL,ASO,ES,Federal Contract Tower,0,0,22,0,22,0,1,840,0,841,0,1,862,0,863,118,0,118,981
03/11/2012,SPG,FL,ASO,ES,Federal Contract Tower,0,0,15,0,15,0,0,73,2,75,0,0,88,2,90,76,26,102,192
03/12/2012,SPG,FL,ASO,ES,Federal Contract Tower,0,0,8,0,8,0,0,79,0,79,0,0,87,0,87,154,0,154,241
03/13/2012,SPG,FL,ASO,ES,Federal Contract Tower,0,0,5,0,5,0,2,111,4,117,0,2,116,4,122,162,26,188,310
03/14/2012,SPG,FL,ASO,ES,Federal Contract Tower,0,0,18,0,18,0,2,112,0,114,0,2,130,0,132,154,0,154,286
03/15/2012,SPG,FL,ASO,ES,Federal Contract Tower,0,0,9,0,9,0,0,117,0,117,0,0,126,0,126,118,0,118,244
03/16/2012,SPG,FL,ASO,ES,Federal Contract Tower,0,0,15,0,15,0,6,168,0,174,0,6,183,0,189,204,0,204,393
03/17/2012,SPG,FL,ASO,ES,Federal Contract Tower,0,0,12,0,12,0,2,129,0,131,0,2,141,0,143,162,0,162,305
03/18/2012,SPG,FL,ASO,ES,Federal Contract Tower,0,1,11,0,12,0,0,127,4,131,0,1,138,4,143,118,14,132,275
03/19/2012,SPG,FL,ASO,ES,Federal Contract Tower,0,0,9,0,9,0,0,110,2,112,0,0,119,2,121,174,14,188,309
03/20/2012,SPG,FL,ASO,ES,Federal Contract Tower,0,0,2,0,2,0,0,114,2,116,0,0,116,2,118,144,10,154,272
03/21/2012,SPG,FL,ASO,ES,Federal Contract Tower,0,0,8,0,8,0,0,87,4,91,0,0,95,4,99,128,26,154,253
03/22/2012,SPG,FL,ASO,ES,Federal Contract Tower,0,0,13,0,13,0,2,75,0,77,0,2,88,0,90,152,0,152,242
03/23/2012,SPG,FL,ASO,ES,Federal Contract Tower,0,0,8,0,8,0,1,76,1,78,0,1,84,1,86,154,2,156,242
03/24/2012,SPG,FL,ASO,ES,Federal Contract Tower,0,0,10,0,10,0,3,83,0,86,0,3,93,0,96,86,0,86,182
03/25/2012,SPG,FL,ASO,ES,Federal Contract Tower,0,0,17,0,17,0,0,121,0,121,0,0,138,0,138,140,0,140,278
03/26/2012,SPG,FL,ASO,ES,Federal Contract Tower,0,0,11,0,11,0,1,67,2,70,0,1,78,2,81,164,16,180,261
03/27/2012,SPG,FL,ASO,ES,Federal Contract Tower,0,0,8,0,8,0,0,105,2,107,0,0,113,2,115,136,12,148,263
03/28/2012,SPG,FL,ASO,ES,Federal Contract Tower,0,0,14,0,14,0,0,110,4,114,0,0,124,4,128,114,50,164,292
03/29/2012,SPG,FL,ASO,ES,Federal Contract Tower,0,0,24,0,24,0,6,114,2,122,0,6,138,2,146,152,0,152,298
03/30/2012,SPG,FL,ASO,ES,Federal Contract Tower,0,0,18,0,18,0,4,111,2,117,0,4,129,2,135,184,2,186,321
03/31/2012,SPG,FL,ASO,ES,Federal Contract Tower,0,0,23,0,23,0,0,72,0,72,0,0,95,0,95,98,0,98,193
04/01/2012,SPG,FL,ASO,ES,Federal Contract Tower,0,0,15,0,15,0,0,146,0,146,0,0,161,0,161,88,0,88,249
04/02/2012,SPG,FL,ASO,ES,Federal Contract Tower,0,0,12,0,12,0,3,66,0,69,0,3,78,0,81,69,12,81,162
04/03/2012,SPG,FL,ASO,ES,Federal Contract Tower,0,0,4,0,4,0,0,118,4,122,0,0,122,4,126,88,32,120,246
04/04/2012,SPG,FL,ASO,ES,Federal Contract Tower,0,0,1,0,1,0,1,123,0,124,0,1,124,0,125,106,0,106,231
04/05/2012,SPG,FL,ASO,ES,Federal Contract Tower,0,0,8,0,8,0,1,106,2,109,0,1,114,2,117,102,18,120,237
04/06/2012,SPG,FL,ASO,ES,Federal Contract Tower,0,0,7,0,7,0,2,108,0,110,0,2,115,0,117,84,0,84,201
04/07/2012,SPG,FL,ASO,ES,Federal Contract Tower,0,0,9,0,9,0,0,104,0,104,0,0,113,0,113,130,0,130,243
04/08/2012,SPG,FL,ASO,ES,Federal Contract Tower,0,0,7,0,7,0,1,112,2,115,0,1,119,2,122,88,22,110,232
04/09/2012,SPG,FL,ASO,ES,Federal Contract Tower,0,0,17,0,17,0,0,91,0,91,0,0,108,0,108,84,0,84,192
04/10/2012,SPG,FL,ASO,ES,Federal Contract Tower,0,0,5,0,5,0,1,119,0,120,0,1,124,0,125,218,0,218,343
04/11/2012,SPG,FL,ASO,ES,Federal Contract Tower,0,0,12,0,12,0,0,113,4,117,0,0,125,4,129,102,30,132,261
04/12/2012,SPG,FL,ASO,ES,Federal Contract Tower,0,0,22,0,22,0,0,101,2,103,0,0,123,2,125,100,16,116,241
04/13/2012,SPG,FL,ASO,ES,Federal Contract Tower,0,0,20,0,20,0,0,94,0,94,0,0,114,0,114,142,0,142,256
04/14/2012,SPG,FL,ASO,ES,Federal Contract Tower,0,0,7,0,7,0,2,104,0,106,0,2,111,0,113,98,0,98,211
04/15/2012,SPG,FL,ASO,ES,Federal Contract Tower,0,0,8,0,8,0,1,118,0,119,0,1,126,0,127,126,0,126,253
04/16/2012,SPG,FL,ASO,ES,Federal Contract Tower,0,0,15,0,15,0,0,97,2,99,0,0,112,2,114,110,4,114,228
04/17/2012,SPG,FL,ASO,ES,Federal Contract Tower,0,0,6,0,6,0,0,131,2,133,0,0,137,2,139,128,18,146,285
04/18/2012,SPG,FL,ASO,ES,Federal Contract Tower,0,0,13,0,13,0,4,132,0,136,0,4,145,0,149,156,0,156,305
04/19/2012,SPG,FL,ASO,ES,Federal Contract Tower,0,0,7,0,7,0,8,86,0,94,0,8,93,0,101,102,0,102,203
04/20/2012,SPG,FL,ASO,ES,Federal Contract Tower,0,0,12,0,12,0,1,93,0,94,0,1,105,0,106,132,0,132,238
04/21/2012,SPG,FL,ASO,ES,Federal Contract Tower,0,0,2,0,2,0,0,20,0,20,0,0,22,0,22,22,0,22,44
04/22/2012,SPG,FL,ASO,ES,Federal Contract Tower,0,0,13,0,13,0,0,60,0,60,0,0,73,0,73,8,0,8,81
04/23/2012,SPG,FL,ASO,ES,Federal Contract Tower,0,0,7,0,7,0,0,52,0,52,0,0,59,0,59,60,0,60,119
04/24/2012,SPG,FL,ASO,ES,Federal Contract Tower,0,0,11,0,11,0,0,97,2,99,0,0,108,2,110,130,18,148,258
04/25/2012,SPG,FL,ASO,ES,Federal Contract Tower,0,0,11,0,11,0,0,135,0,135,0,0,146,0,146,176,2,178,324
04/26/2012,SPG,FL,ASO,ES,Federal Contract Tower,0,0,5,0,5,0,0,158,0,158,0,0,163,0,163,88,0,88,251
04/27/2012,SPG,FL,ASO,ES,Federal Contract Tower,0,0,19,0,19,0,2,148,0,150,0,2,167,0,169,188,0,188,357
04/28/2012,SPG,FL,ASO,ES,Federal Contract Tower,0,0,6,0,6,0,0,127,7,134,0,0,133,7,140,86,0,86,226
04/29/2012,SPG,FL,ASO,ES,Federal Contract Tower,0,0,13,0,13,0,0,118,0,118,0,0,131,0,131,110,0,110,241
04/30/2012,SPG,FL,ASO,ES,Federal Contract Tower,0,0,10,0,10,0,1,58,4,63,0,1,68,4,73,60,26,86,159
05/01/2012,SPG,FL,ASO,ES,Federal Contract Tower,0,0,2,0,2,0,7,69,0,76,0,7,71,0,78,144,0,144,222
05/02/2012,SPG,FL,ASO,ES,Federal Contract Tower,0,0,8,0,8,0,2,108,2,112,0,2,116,2,120,152,6,158,278
05/03/2012,SPG,FL,ASO,ES,Federal Contract Tower,0,0,9,0,9,0,1,111,2,114,0,1,120,2,123,138,22,160,283
05/04/2012,SPG,FL,ASO,ES,Federal Contract Tower,0,0,21,0,21,0,1,116,0,117,0,1,137,0,138,88,0,88,226
05/05/2012,SPG,FL,ASO,ES,Federal Contract Tower,0,0,15,0,15,0,0,142,0,142,0,0,157,0,157,180,0,180,337
05/06/2012,SPG,FL,ASO,ES,Federal Contract Tower,0,0,14,1,15,0,0,124,0,124,0,0,138,1,139,146,0,146,285
05/07/2012,SPG,FL,ASO,ES,Federal Contract Tower,0,0,3,0,3,0,0,87,2,89,0,0,90,2,92,142,16,158,250
05/08/2012,SPG,FL,ASO,ES,Federal Contract Tower,0,1,13,0,14,0,0,107,2,109,0,1,120,2,123,186,14,200,323
05/09/2012,SPG,FL,ASO,ES,Federal Contract Tower,0,0,11,0,11,0,0,125,4,129,0,0,136,4,140,104,38,142,282
05/10/2012,SPG,FL,ASO,ES,Federal Contract Tower,0,0,11,0,11,0,0,106,2,108,0,0,117,2,119,182,24,206,325
05/11/2012,SPG,FL,ASO,ES,Federal Contract Tower,0,0,17,0,17,0,0,144,4,148,0,0,161,4,165,192,0,192,357
05/12/2012,SPG,FL,ASO,ES,Federal Contract Tower,0,0,12,0,12,0,0,99,0,99,0,0,111,0,111,136,0,136,247
05/13/2012,SPG,FL,ASO,ES,Federal Contract Tower,0,0,9,0,9,0,0,104,2,106,0,0,113,2,115,130,22,152,267
05/14/2012,SPG,FL,ASO,ES,Federal Contract Tower,0,0,6,0,6,0,0,110,0,110,0,0,116,0,116,104,8,112,228
05/15/2012,SPG,FL,ASO,ES,Federal Contract Tower,0,0,9,0,9,0,0,116,2,118,0,0,125,2,127,164,12,176,303
05/16/2012,SPG,FL,ASO,ES,Federal Contract Tower,0,0,10,0,10,0,1,34,0,35,0,1,44,0,45,10,4,14,59
05/17/2012,SPG,FL,ASO,ES,Federal Contract Tower,0,0,7,0,7,0,5,84,0,89,0,5,91,0,96,124,0,124,220
05/18/2012,SPG,FL,ASO,ES,Federal Contract Tower,0,0,5,0,5,0,5,151,0,156,0,5,156,0,161,114,0,114,275
05/19/2012,SPG,FL,ASO,ES,Federal Contract Tower,0,0,8,0,8,0,0,169,0,169,0,0,177,0,177,206,0,206,383
05/20/2012,SPG,FL,ASO,ES,Federal Contract Tower,0,0,15,0,15,0,0,120,0,120,0,0,135,0,135,136,0,136,271
05/21/2012,SPG,FL,ASO,ES,Federal Contract Tower,0,0,6,0,6,0,7,72,0,79,0,7,78,0,85,116,0,116,201
05/22/2012,SPG,FL,ASO,ES,Federal Contract Tower,0,0,9,0,9,0,0,118,2,120,0,0,127,2,129,112,18,130,259
05/23/2012,SPG,FL,ASO,ES,Federal Contract Tower,0,0,11,0,11,0,0,124,4,128,0,0,135,4,139,106,18,124,263
05/24/2012,SPG,FL,ASO,ES,Federal Contract Tower,0,0,11,0,11,0,1,145,2,148,0,1,156,2,159,178,0,178,337
05/25/2012,SPG,FL,ASO,ES,Federal Contract Tower,0,0,17,0,17,0,0,111,4,115,0,0,128,4,132,104,0,104,236
05/26/2012,SPG,FL,ASO,ES,Federal Contract Tower,0,0,10,0,10,0,0,102,0,102,0,0,112,0,112,132,0,132,244
05/27/2012,SPG,FL,ASO,ES,Federal Contract Tower,0,0,5,0,5,0,0,115,0,115,0,0,120,0,120,106,0,106,226
05/28/2012,SPG,FL,ASO,ES,Federal Contract Tower,0,0,11,0,11,0,0,34,0,34,0,0,45,0,45,98,0,98,143
05/29/2012,SPG,FL,ASO,ES,Federal Contract Tower,0,0,8,0,8,0,0,64,4,68,0,0,72,4,76,108,44,152,228
05/30/2012,SPG,FL,ASO,ES,Federal Contract Tower,0,0,15,0,15,0,0,98,2,100,0,0,113,2,115,120,16,136,251
05/31/2012,SPG,FL,ASO,ES,Federal Contract Tower,0,0,14,0,14,0,0,114,0,114,0,0,128,0,128,92,0,92,220
06/01/2012,SPG,FL,ASO,ES,Federal Contract Tower,0,1,10,0,11,0,0,25,1,26,0,1,35,1,37,12,2,14,51
06/02/2012,SPG,FL,ASO,ES,Federal Contract Tower,0,0,15,0,15,0,0,111,0,111,0,0,126,0,126,214,0,214,340
06/03/2012,SPG,FL,ASO,ES,Federal Contract Tower,0,0,10,0,10,0,0,152,0,152,0,0,162,0,162,108,2,110,272
06/04/2012,SPG,FL,ASO,ES,Federal Contract Tower,0,0,7,0,7,0,0,70,4,74,0,0,77,4,81,216,18,234,315
06/05/2012,SPG,FL,ASO,ES,Federal Contract Tower,0,0,7,0,7,0,0,106,4,110,0,0,113,4,117,126,16,142,259
06/06/2012,SPG,FL,ASO,ES,Federal Contract Tower,0,0,8,0,8,0,0,49,0,49,0,0,57,0,57,26,8,34,91
06/07/2012,SPG,FL,ASO,ES,Federal Contract Tower,0,0,9,0,9,0,0,47,2,49,0,0,56,2,58,78,24,102,160
06/08/2012,SPG,FL,ASO,ES,Federal Contract Tower,0,0,11,0,11,0,0,46,1,47,0,0,57,1,58,128,0,128,186
06/09/2012,SPG,FL,ASO,ES,Federal Contract Tower,0,0,12,0,12,0,2,117,0,119,0,2,129,0,131,30,0,30,161
06/10/2012,SPG,FL,ASO,ES,Federal Contract Tower,0,0,7,0,7,0,0,103,2,105,0,0,110,2,112,162,26,188,300
06/11/2012,SPG,FL,ASO,ES,Federal Contract Tower,0,0,14,0,14,0,0,111,2,113,0,0,125,2,127,178,18,196,323
06/12/2012,SPG,FL,ASO,ES,Federal Contract Tower,0,0,10,0,10,0,0,112,0,112,0,0,122,0,122,150,2,152,274
06/13/2012,SPG,FL,ASO,ES,Federal Contract Tower,0,0,7,0,7,0,0,102,2,104,0,0,109,2,111,134,18,152,263
06/14/2012,SPG,FL,ASO,ES,Federal Contract Tower,0,0,17,0,17,0,0,117,2,119,0,0,134,2,136,136,12,148,284
06/15/2012,SPG,FL,ASO,ES,Federal Contract Tower,0,0,21,0,21,0,0,107,8,115,0,0,128,8,136,104,0,104,240
06/16/2012,SPG,FL,ASO,ES,Federal Contract Tower,0,0,9,0,9,0,0,94,2,96,0,0,103,2,105,88,2,90,195
06/17/2012,SPG,FL,ASO,ES,Federal Contract Tower,0,0,12,0,12,0,0,120,0,120,0,0,132,0,132,122,0,122,254
06/18/2012,SPG,FL,ASO,ES,Federal Contract Tower,0,0,9,0,9,0,0,94,4,98,0,0,103,4,107,116,24,140,247
06/19/2012,SPG,FL,ASO,ES,Federal Contract Tower,0,0,7,0,7,0,0,86,2,88,0,0,93,2,95,158,20,178,273
06/20/2012,SPG,FL,ASO,ES,Federal Contract Tower,0,0,10,0,10,0,0,75,0,75,0,0,85,0,85,58,0,58,143
06/21/2012,SPG,FL,ASO,ES,Federal Contract Tower,0,0,5,0,5,0,0,88,5,93,0,0,93,5,98,68,28,96,194
06/22/2012,SPG,FL,ASO,ES,Federal Contract Tower,0,0,13,0,13,0,2,15,0,17,0,2,28,0,30,24,0,24,54
06/23/2012,SPG,FL,ASO,ES,Federal Contract Tower,0,0,7,0,7,0,1,30,0,31,0,1,37,0,38,58,0,58,96
06/24/2012,SPG,FL,ASO,ES,Federal Contract Tower,0,0,2,0,2,0,0,0,0,0,0,0,2,0,2,0,0,0,2
06/25/2012,SPG,FL,ASO,ES,Federal Contract Tower,0,0,2,0,2,0,0,2,0,2,0,0,4,0,4,0,0,0,4
06/26/2012,SPG,FL,ASO,ES,Federal Contract Tower,0,0,1,0,1,0,0,4,6,10,0,0,5,6,11,0,6,6,17
06/27/2012,SPG,FL,ASO,ES,Federal Contract Tower,0,0,7,0,7,0,0,59,2,61,0,0,66,2,68,70,0,70,138
06/28/2012,SPG,FL,ASO,ES,Federal Contract Tower,0,0,7,0,7,0,0,130,0,130,0,0,137,0,137,132,0,132,269
06/29/2012,SPG,FL,ASO,ES,Federal Contract Tower,0,0,4,0,4,0,0,89,3,92,0,0,93,3,96,80,36,116,212
06/30/2012,SPG,FL,ASO,ES,Federal Contract Tower,0,0,8,0,8,0,0,112,0,112,0,0,120,0,120,130,0,130,250
07/01/2012,SPG,FL,ASO,ES,Federal Contract Tower,0,0,10,0,10,0,0,133,0,133,0,0,143,0,143,104,0,104,247
07/02/2012,SPG,FL,ASO,ES,Federal Contract Tower,0,0,6,0,6,0,0,117,2,119,0,0,123,2,125,98,14,112,237
07/03/2012,SPG,FL,ASO,ES,Federal Contract Tower,0,0,8,0,8,0,0,110,2,112,0,0,118,2,120,150,22,172,292
07/04/2012,SPG,FL,ASO,ES,Federal Contract Tower,0,0,3,0,3,1,0,90,0,91,1,0,93,0,94,74,0,74,168
07/05/2012,SPG,FL,ASO,ES,Federal Contract Tower,0,0,9,0,9,0,0,70,0,70,0,0,79,0,79,112,0,112,191
07/06/2012,SPG,FL,ASO,ES,Federal Contract Tower,0,0,12,0,12,0,6,91,0,97,0,6,103,0,109,142,0,142,251
07/07/2012,SPG,FL,ASO,ES,Federal Contract Tower,0,0,7,0,7,0,0,82,0,82,0,0,89,0,89,116,0,116,205
07/08/2012,SPG,FL,ASO,ES,Federal Contract Tower,0,0,13,0,13,0,0,126,0,126,0,0,139,0,139,136,0,136,275
07/09/2012,SPG,FL,ASO,ES,Federal Contract Tower,0,0,3,0,3,0,0,90,2,92,0,0,93,2,95,140,20,160,255
07/10/2012,SPG,FL,ASO,ES,Federal Contract Tower,0,0,3,0,3,0,0,91,6,97,0,0,94,6,100,146,42,188,288
07/11/2012,SPG,FL,ASO,ES,Federal Contract Tower,0,0,4,0,4,0,0,107,2,109,0,0,111,2,113,160,16,176,289
07/12/2012,SPG,FL,ASO,ES,Federal Contract Tower,0,0,5,0,5,0,0,105,0,105,0,0,110,0,110,170,0,170,280
07/13/2012,SPG,FL,ASO,ES,Federal Contract Tower,0,0,10,0,10,0,0,62,0,62,0,0,72,0,72,112,0,112,184
07/14/2012,SPG,FL,ASO,ES,Federal Contract Tower,0,0,9,0,9,0,2,77,0,79,0,2,86,0,88,142,0,142,230
07/15/2012,SPG,FL,ASO,ES,Federal Contract Tower,0,0,10,0,10,0,0,132,0,132,0,0,142,0,142,94,0,94,236
07/16/2012,SPG,FL,ASO,ES,Federal Contract Tower,0,0,5,0,5,0,0,96,2,98,0,0,101,2,103,128,12,140,243
07/17/2012,SPG,FL,ASO,ES,Federal Contract Tower,0,0,9,0,9,0,0,95,3,98,0,0,104,3,107,90,36,126,233
07/18/2012,SPG,FL,ASO,ES,Federal Contract Tower,0,0,8,0,8,0,0,64,0,64,0,0,72,0,72,170,0,170,242
07/19/2012,SPG,FL,ASO,ES,Federal Contract Tower,0,0,2,0,2,0,7,124,0,131,0,7,126,0,133,238,0,238,371
07/20/2012,SPG,FL,ASO,ES,Federal Contract Tower,0,0,10,0,10,0,0,86,0,86,0,0,96,0,96,136,0,136,232
07/21/2012,SPG,FL,ASO,ES,Federal Contract Tower,0,0,16,0,16,0,0,127,0,127,0,0,143,0,143,178,0,178,321
07/22/2012,SPG,FL,ASO,ES,Federal Contract Tower,0,0,11,0,11,0,0,102,0,102,0,0,113,0,113,128,0,128,241
07/23/2012,SPG,FL,ASO,ES,Federal Contract Tower,0,0,6,0,6,0,0,79,2,81,0,0,85,2,87,166,20,186,273
07/24/2012,SPG,FL,ASO,ES,Federal Contract Tower,0,0,11,0,11,0,0,96,4,100,0,0,107,4,111,92,40,132,243
07/25/2012,SPG,FL,ASO,ES,Federal Contract Tower,0,0,2,0,2,0,0,111,2,113,0,0,113,2,115,112,18,130,245
07/26/2012,SPG,FL,ASO,ES,Federal Contract Tower,0,0,20,0,20,0,0,115,4,119,0,0,135,4,139,104,0,104,243
07/27/2012,SPG,FL,ASO,ES,Federal Contract Tower,0,0,11,0,11,0,4,109,0,113,0,4,120,0,124,128,0,128,252
07/28/2012,SPG,FL,ASO,ES,Federal Contract Tower,0,0,6,0,6,0,0,92,0,92,0,0,98,0,98,112,0,112,210
07/29/2012,SPG,FL,ASO,ES,Federal Contract Tower,0,0,13,0,13,0,0,127,0,127,0,0,140,0,140,126,0,126,266
07/30/2012,SPG,FL,ASO,ES,Federal Contract Tower,0,0,6,0,6,0,1,113,2,116,0,1,119,2,122,128,38,166,288
07/31/2012,SPG,FL,ASO,ES,Federal Contract Tower,0,0,6,0,6,0,0,94,2,96,0,0,100,2,102,144,28,172,274
08/01/2012,SPG,FL,ASO,ES,Federal Contract Tower,0,0,7,0,7,0,0,63,2,65,0,0,70,2,72,48,0,48,120
08/02/2012,SPG,FL,ASO,ES,Federal Contract Tower,0,0,8,0,8,0,0,87,2,89,0,0,95,2,97,134,32,166,263
08/03/2012,SPG,FL,ASO,ES,Federal Contract Tower,0,0,16,0,16,0,2,94,0,96,0,2,110,0,112,186,0,186,298
08/04/2012,SPG,FL,ASO,ES,Federal Contract Tower,0,0,4,0,4,0,0,98,0,98,0,0,102,0,102,130,0,130,232
08/05/2012,SPG,FL,ASO,ES,Federal Contract Tower,0,0,12,0,12,0,0,117,0,117,0,0,129,0,129,152,0,152,281
08/06/2012,SPG,FL,ASO,ES,Federal Contract Tower,0,0,6,0,6,0,0,90,1,91,0,0,96,1,97,176,12,188,285
08/07/2012,SPG,FL,ASO,ES,Federal Contract Tower,0,0,5,0,5,0,0,69,2,71,0,0,74,2,76,114,12,126,202
08/08/2012,SPG,FL,ASO,ES,Federal Contract Tower,0,0,3,0,3,0,0,80,2,82,0,0,83,2,85,106,22,128,213
08/09/2012,SPG,FL,ASO,ES,Federal Contract Tower,0,0,7,0,7,0,1,96,2,99,0,1,103,2,106,140,16,156,262
08/10/2012,SPG,FL,ASO,ES,Federal Contract Tower,0,0,7,0,7,0,2,69,0,71,0,2,76,0,78,100,0,100,178
08/11/2012,SPG,FL,ASO,ES,Federal Contract Tower,0,0,6,0,6,0,1,68,0,69,0,1,74,0,75,80,0,80,155
08/12/2012,SPG,FL,ASO,ES,Federal Contract Tower,0,0,2,0,2,0,0,117,2,119,0,0,119,2,121,104,26,130,251
08/13/2012,SPG,FL,ASO,ES,Federal Contract Tower,0,0,6,0,6,0,0,105,2,107,0,0,111,2,113,128,32,160,273
08/14/2012,SPG,FL,ASO,ES,Federal Contract Tower,0,0,3,0,3,0,0,103,2,105,0,0,106,2,108,132,24,156,264
08/15/2012,SPG,FL,ASO,ES,Federal Contract Tower,0,0,3,0,3,0,0,112,0,112,0,0,115,0,115,146,0,146,261
08/16/2012,SPG,FL,ASO,ES,Federal Contract Tower,0,0,5,0,5,0,0,93,2,95,0,0,98,2,100,134,28,162,262
08/17/2012,SPG,FL,ASO,ES,Federal Contract Tower,0,0,6,0,6,0,0,58,2,60,0,0,64,2,66,74,20,94,160
08/18/2012,SPG,FL,ASO,ES,Federal Contract Tower,0,0,8,0,8,0,4,30,0,34,0,4,38,0,42,10,0,10,52
08/19/2012,SPG,FL,ASO,ES,Federal Contract Tower,0,0,11,0,11,0,0,107,0,107,0,0,118,0,118,146,0,146,264
08/20/2012,SPG,FL,ASO,ES,Federal Contract Tower,0,0,8,0,8,0,0,112,2,114,0,0,120,2,122,158,16,174,296
08/21/2012,SPG,FL,ASO,ES,Federal Contract Tower,0,0,6,0,6,0,0,90,0,90,0,0,96,0,96,180,0,180,276
08/22/2012,SPG,FL,ASO,ES,Federal Contract Tower,0,0,4,0,4,0,0,76,2,78,0,0,80,2,82,186,26,212,294
08/23/2012,SPG,FL,ASO,ES,Federal Contract Tower,0,0,5,0,5,0,0,115,2,117,0,0,120,2,122,146,38,184,306
08/24/2012,SPG,FL,ASO,ES,Federal Contract Tower,0,0,9,0,9,0,0,110,0,110,0,0,119,0,119,108,0,108,227
08/25/2012,SPG,FL,ASO,ES,Federal Contract Tower,0,0,7,0,7,0,1,93,0,94,0,1,100,0,101,86,0,86,187
08/26/2012,SPG,FL,ASO,ES,Federal Contract Tower,0,0,4,0,4,0,0,1,0,1,0,0,5,0,5,4,0,4,9
08/27/2012,SPG,FL,ASO,ES,Federal Contract Tower,0,0,0,0,0,0,0,0,0,0,0,0,0,0,0,0,2,2,2
08/28/2012,SPG,FL,ASO,ES,Federal Contract Tower,0,0,3,0,3,0,1,6,0,7,0,1,9,0,10,2,0,2,12
08/29/2012,SPG,FL,ASO,ES,Federal Contract Tower,0,0,5,0,5,0,0,17,0,17,0,0,22,0,22,44,0,44,66
08/30/2012,SPG,FL,ASO,ES,Federal Contract Tower,0,0,5,0,5,0,0,29,0,29,0,0,34,0,34,52,0,52,86
08/31/2012,SPG,FL,ASO,ES,Federal Contract Tower,0,0,11,0,11,0,4,71,0,75,0,4,82,0,86,88,0,88,174
09/01/2012,SPG,FL,ASO,ES,Federal Contract Tower,0,0,13,0,13,0,0,102,2,104,0,0,115,2,117,160,0,160,277
09/02/2012,SPG,FL,ASO,ES,Federal Contract Tower,0,0,10,0,10,0,0,151,0,151,0,0,161,0,161,130,0,130,291
09/03/2012,SPG,FL,ASO,ES,Federal Contract Tower,0,0,7,0,7,0,0,124,0,124,0,0,131,0,131,166,0,166,297
09/04/2012,SPG,FL,ASO,ES,Federal Contract Tower,0,0,8,0,8,0,0,104,4,108,0,0,112,4,116,120,36,156,272
09/05/2012,SPG,FL,ASO,ES,Federal Contract Tower,0,0,13,0,13,0,0,137,2,139,0,0,150,2,152,126,28,154,306
09/06/2012,SPG,FL,ASO,ES,Federal Contract Tower,0,0,4,0,4,0,0,96,2,98,0,0,100,2,102,144,28,172,274
09/07/2012,SPG,FL,ASO,ES,Federal Contract Tower,0,0,12,0,12,0,2,65,2,69,0,2,77,2,81,46,4,50,131
09/08/2012,SPG,FL,ASO,ES,Federal Contract Tower,0,0,4,0,4,0,0,22,0,22,0,0,26,0,26,46,0,46,72
09/09/2012,SPG,FL,ASO,ES,Federal Contract Tower,0,0,6,0,6,0,0,13,0,13,0,0,19,0,19,0,0,0,19
09/10/2012,SPG,FL,ASO,ES,Federal Contract Tower,0,0,9,0,9,0,0,91,0,91,0,0,100,0,100,134,24,158,258
09/11/2012,SPG,FL,ASO,ES,Federal Contract Tower,0,0,9,0,9,0,0,99,0,99,0,0,108,0,108,154,0,154,262
09/12/2012,SPG,FL,ASO,ES,Federal Contract Tower,0,0,9,0,9,0,0,107,4,111,0,0,116,4,120,152,28,180,300
09/13/2012,SPG,FL,ASO,ES,Federal Contract Tower,0,0,10,0,10,0,0,105,2,107,0,0,115,2,117,184,26,210,327
09/14/2012,SPG,FL,ASO,ES,Federal Contract Tower,0,0,11,0,11,0,0,70,0,70,0,0,81,0,81,128,0,128,209
09/15/2012,SPG,FL,ASO,ES,Federal Contract Tower,0,1,17,0,18,0,0,104,1,105,0,1,121,1,123,126,0,126,249
09/16/2012,SPG,FL,ASO,ES,Federal Contract Tower,0,0,10,0,10,0,0,100,0,100,0,0,110,0,110,208,0,208,318
09/17/2012,SPG,FL,ASO,ES,Federal Contract Tower,0,0,10,0,10,0,0,102,0,102,0,0,112,0,112,160,0,160,272
09/18/2012,SPG,FL,ASO,ES,Federal Contract Tower,0,0,4,0,4,0,0,45,0,45,0,0,49,0,49,0,0,0,49
09/19/2012,SPG,FL,ASO,ES,Federal Contract Tower,0,0,9,0,9,0,0,67,2,69,0,0,76,2,78,170,34,204,282
09/20/2012,SPG,FL,ASO,ES,Federal Contract Tower,0,0,11,0,11,0,0,76,2,78,0,0,87,2,89,158,18,176,265
09/21/2012,SPG,FL,ASO,ES,Federal Contract Tower,0,0,19,0,19,0,0,93,2,95,0,0,112,2,114,209,8,217,331
09/22/2012,SPG,FL,ASO,ES,Federal Contract Tower,0,0,10,0,10,0,0,82,1,83,0,0,92,1,93,146,2,148,241
09/23/2012,SPG,FL,ASO,ES,Federal Contract Tower,0,0,20,0,20,0,0,105,0,105,0,0,125,0,125,108,0,108,233
09/24/2012,SPG,FL,ASO,ES,Federal Contract Tower,0,0,5,0,5,0,0,75,0,75,0,0,80,0,80,88,20,108,188
09/25/2012,SPG,FL,ASO,ES,Federal Contract Tower,0,0,9,0,9,0,0,76,0,76,0,0,85,0,85,100,0,100,185
09/26/2012,SPG,FL,ASO,ES,Federal Contract Tower,0,0,9,0,9,0,0,81,2,83,0,0,90,2,92,162,24,186,278
09/27/2012,SPG,FL,ASO,ES,Federal Contract Tower,0,0,12,0,12,0,0,115,3,118,0,0,127,3,130,88,18,106,236
09/28/2012,SPG,FL,ASO,ES,Federal Contract Tower,0,0,14,0,14,0,0,110,0,110,0,0,124,0,124,126,0,126,250
09/29/2012,SPG,FL,ASO,ES,Federal Contract Tower,0,0,8,0,8,0,0,92,0,92,0,0,100,0,100,128,0,128,228
09/30/2012,SPG,FL,ASO,ES,Federal Contract Tower,0,0,12,0,12,0,0,129,0,129,0,0,141,0,141,152,0,152,293
10/01/2012,SPG,FL,ASO,ES,Federal Contract Tower,0,0,8,0,8,0,0,126,0,126,0,0,134,0,134,136,0,136,270
10/02/2012,SPG,FL,ASO,ES,Federal Contract Tower,0,0,6,0,6,0,0,95,4,99,0,0,101,4,105,114,40,154,259
10/03/2012,SPG,FL,ASO,ES,Federal Contract Tower,0,0,10,0,10,0,0,74,2,76,0,0,84,2,86,70,28,98,184
10/04/2012,SPG,FL,ASO,ES,Federal Contract Tower,0,0,8,0,8,0,0,99,0,99,0,0,107,0,107,185,0,185,292
10/05/2012,SPG,FL,ASO,ES,Federal Contract Tower,0,0,17,0,17,0,0,98,0,98,0,0,115,0,115,252,0,252,367
10/06/2012,SPG,FL,ASO,ES,Federal Contract Tower,0,0,17,0,17,0,0,66,0,66,0,0,83,0,83,108,0,108,191
10/07/2012,SPG,FL,ASO,ES,Federal Contract Tower,0,0,19,0,19,0,0,120,2,122,0,0,139,2,141,122,2,124,265
10/08/2012,SPG,FL,ASO,ES,Federal Contract Tower,0,0,7,0,7,0,0,119,4,123,0,0,126,4,130,128,58,186,316
10/09/2012,SPG,FL,ASO,ES,Federal Contract Tower,0,0,9,0,9,0,0,120,2,122,0,0,129,2,131,172,16,188,319
10/10/2012,SPG,FL,ASO,ES,Federal Contract Tower,0,0,14,0,14,0,2,134,5,141,0,2,148,5,155,174,18,192,347
10/11/2012,SPG,FL,ASO,ES,Federal Contract Tower,0,0,7,0,7,0,0,135,2,137,0,0,142,2,144,150,10,160,304
10/12/2012,SPG,FL,ASO,ES,Federal Contract Tower,0,0,9,0,9,0,0,99,0,99,0,0,108,0,108,154,0,154,262
10/13/2012,SPG,FL,ASO,ES,Federal Contract Tower,0,0,10,0,10,0,2,87,0,89,0,2,97,0,99,91,0,91,190
10/14/2012,SPG,FL,ASO,ES,Federal Contract Tower,0,0,12,0,12,0,0,133,0,133,0,0,145,0,145,114,0,114,259
10/15/2012,SPG,FL,ASO,ES,Federal Contract Tower,0,0,9,0,9,0,0,101,0,101,0,0,110,0,110,164,0,164,274
10/16/2012,SPG,FL,ASO,ES,Federal Contract Tower,0,0,6,0,6,0,0,84,0,84,0,0,90,0,90,134,0,134,224
10/17/2012,SPG,FL,ASO,ES,Federal Contract Tower,0,0,13,0,13,0,0,114,0,114,0,0,127,0,127,224,0,224,351
10/18/2012,SPG,FL,ASO,ES,Federal Contract Tower,0,0,12,0,12,0,0,116,2,118,0,0,128,2,130,136,34,170,300
10/19/2012,SPG,FL,ASO,ES,Federal Contract Tower,0,0,9,0,9,0,0,94,0,94,0,0,103,0,103,84,0,84,187
10/20/2012,SPG,FL,ASO,ES,Federal Contract Tower,0,0,5,0,5,0,0,88,4,92,0,0,93,4,97,138,46,184,281
10/21/2012,SPG,FL,ASO,ES,Federal Contract Tower,0,0,12,0,12,0,0,138,0,138,0,0,150,0,150,134,0,134,284
10/22/2012,SPG,FL,ASO,ES,Federal Contract Tower,0,0,11,0,11,0,0,109,0,109,0,0,120,0,120,172,0,172,292
10/23/2012,SPG,FL,ASO,ES,Federal Contract Tower,0,0,6,0,6,0,0,109,0,109,0,0,115,0,115,168,0,168,283
10/24/2012,SPG,FL,ASO,ES,Federal Contract Tower,0,0,16,0,16,0,0,109,2,111,0,0,125,2,127,168,0,168,295
10/25/2012,SPG,FL,ASO,ES,Federal Contract Tower,0,0,17,0,17,0,0,95,0,95,0,0,112,0,112,104,0,104,216
10/26/2012,SPG,FL,ASO,ES,Federal Contract Tower,0,0,7,0,7,0,0,56,0,56,0,0,63,0,63,38,0,38,101
10/27/2012,SPG,FL,ASO,ES,Federal Contract Tower,0,0,4,0,4,0,0,9,0,9,0,0,13,0,13,0,0,0,13
10/28/2012,SPG,FL,ASO,ES,Federal Contract Tower,0,0,18,0,18,0,0,94,0,94,0,0,112,0,112,82,0,82,194
10/29/2012,SPG,FL,ASO,ES,Federal Contract Tower,0,0,8,0,8,0,0,83,6,89,0,0,91,6,97,16,40,56,153
10/30/2012,SPG,FL,ASO,ES,Federal Contract Tower,0,0,3,0,3,0,0,83,2,85,0,0,86,2,88,40,0,40,128
10/31/2012,SPG,FL,ASO,ES,Federal Contract Tower,0,0,17,0,17,0,0,110,0,110,0,0,127,0,127,170,0,170,297
11/01/2012,SPG,FL,ASO,ES,Federal Contract Tower,0,0,12,0,12,0,0,97,2,99,0,0,109,2,111,66,18,84,195
11/02/2012,SPG,FL,ASO,ES,Federal Contract Tower,0,0,5,0,5,0,0,112,0,112,0,0,117,0,117,72,0,72,189
11/03/2012,SPG,FL,ASO,ES,Federal Contract Tower,0,0,13,0,13,0,0,135,0,135,0,0,148,0,148,70,0,70,218
11/04/2012,SPG,FL,ASO,ES,Federal Contract Tower,0,0,6,0,6,0,0,74,0,74,0,0,80,0,80,80,0,80,160
11/05/2012,SPG,FL,ASO,ES,Federal Contract Tower,0,0,10,0,10,0,0,95,0,95,0,0,105,0,105,126,0,126,231
11/06/2012,SPG,FL,ASO,ES,Federal Contract Tower,0,0,7,0,7,0,0,45,0,45,0,0,52,0,52,60,0,60,112
11/07/2012,SPG,FL,ASO,ES,Federal Contract Tower,0,0,11,0,11,0,0,109,5,114,0,0,120,5,125,94,28,122,247
11/08/2012,SPG,FL,ASO,ES,Federal Contract Tower,0,0,11,0,11,0,0,107,0,107,0,0,118,0,118,198,0,198,316
11/09/2012,SPG,FL,ASO,ES,Federal Contract Tower,0,0,16,0,16,0,0,94,0,94,0,0,110,0,110,102,0,102,212
11/10/2012,SPG,FL,ASO,ES,Federal Contract Tower,0,0,9,0,9,0,0,109,0,109,0,0,118,0,118,112,0,112,230
11/11/2012,SPG,FL,ASO,ES,Federal Contract Tower,0,0,15,0,15,0,0,120,0,120,0,0,135,0,135,84,0,84,219
11/12/2012,SPG,FL,ASO,ES,Federal Contract Tower,0,0,7,0,7,0,0,102,0,102,0,0,109,0,109,148,0,148,257
11/13/2012,SPG,FL,ASO,ES,Federal Contract Tower,0,0,7,0,7,0,0,78,2,80,0,0,85,2,87,110,30,140,227
11/14/2012,SPG,FL,ASO,ES,Federal Contract Tower,0,0,16,0,16,0,0,27,0,27,0,0,43,0,43,46,0,46,89
11/15/2012,SPG,FL,ASO,ES,Federal Contract Tower,0,0,14,1,15,0,0,55,0,55,0,0,69,1,70,50,16,66,136
11/16/2012,SPG,FL,ASO,ES,Federal Contract Tower,0,0,20,0,20,0,0,54,6,60,0,0,74,6,80,86,22,108,188
11/17/2012,SPG,FL,ASO,ES,Federal Contract Tower,0,0,17,0,17,0,0,96,0,96,0,0,113,0,113,96,0,96,209
11/18/2012,SPG,FL,ASO,ES,Federal Contract Tower,0,0,21,0,21,0,0,76,0,76,0,0,97,0,97,62,0,62,159
11/19/2012,SPG,FL,ASO,ES,Federal Contract Tower,0,0,9,1,10,0,0,95,3,98,0,0,104,4,108,102,72,174,282
11/20/2012,SPG,FL,ASO,ES,Federal Contract Tower,0,0,7,0,7,0,0,102,4,106,0,0,109,4,113,106,24,130,243
11/21/2012,SPG,FL,ASO,ES,Federal Contract Tower,0,0,17,0,17,0,0,91,2,93,0,0,108,2,110,116,0,116,226
11/22/2012,SPG,FL,ASO,ES,Federal Contract Tower,0,0,6,0,6,0,0,58,0,58,0,0,64,0,64,28,0,28,92
11/23/2012,SPG,FL,ASO,ES,Federal Contract Tower,0,0,17,0,17,0,0,93,1,94,0,0,110,1,111,44,16,60,171
11/24/2012,SPG,FL,ASO,ES,Federal Contract Tower,0,0,15,0,15,0,0,95,2,97,0,0,110,2,112,50,22,72,184
11/25/2012,SPG,FL,ASO,ES,Federal Contract Tower,0,0,19,0,19,0,0,126,0,126,0,0,145,0,145,102,0,102,247
11/26/2012,SPG,FL,ASO,ES,Federal Contract Tower,0,0,6,0,6,0,0,110,4,114,0,0,116,4,120,124,46,170,290
11/27/2012,SPG,FL,ASO,ES,Federal Contract Tower,0,0,9,0,9,0,0,64,4,68,0,0,73,4,77,124,63,187,264
11/28/2012,SPG,FL,ASO,ES,Federal Contract Tower,0,0,16,0,16,0,0,92,2,94,0,0,108,2,110,108,52,160,270
11/29/2012,SPG,FL,ASO,ES,Federal Contract Tower,0,0,14,0,14,0,0,121,0,121,0,0,135,0,135,162,42,204,339
11/30/2012,SPG,FL,ASO,ES,Federal Contract Tower,0,0,17,0,17,0,2,96,2,100,0,2,113,2,117,150,26,176,293
12/01/2012,SPG,FL,ASO,ES,Federal Contract Tower,0,0,18,0,18,0,0,149,0,149,0,0,167,0,167,142,0,142,309
12/02/2012,SPG,FL,ASO,ES,Federal Contract Tower,0,0,10,0,10,0,0,109,0,109,0,0,119,0,119,178,0,178,297
12/03/2012,SPG,FL,ASO,ES,Federal Contract Tower,0,0,7,0,7,0,0,110,2,112,0,0,117,2,119,140,26,166,285
12/04/2012,SPG,FL,ASO,ES,Federal Contract Tower,0,0,5,0,5,0,0,85,2,87,0,0,90,2,92,142,2,144,236
12/05/2012,SPG,FL,ASO,ES,Federal Contract Tower,0,0,11,0,11,0,0,118,2,120,0,0,129,2,131,256,12,268,399
12/06/2012,SPG,FL,ASO,ES,Federal Contract Tower,0,0,7,0,7,0,0,67,0,67,0,0,74,0,74,168,0,168,242
12/07/2012,SPG,FL,ASO,ES,Federal Contract Tower,0,0,18,0,18,0,0,39,0,39,0,0,57,0,57,38,0,38,95
12/08/2012,SPG,FL,ASO,ES,Federal Contract Tower,0,0,8,0,8,0,0,72,0,72,0,0,80,0,80,114,0,114,194
12/09/2012,SPG,FL,ASO,ES,Federal Contract Tower,0,0,16,0,16,0,0,46,0,46,0,0,62,0,62,0,0,0,62
12/10/2012,SPG,FL,ASO,ES,Federal Contract Tower,0,0,8,0,8,0,0,67,2,69,0,0,75,2,77,126,16,142,219
12/11/2012,SPG,FL,ASO,ES,Federal Contract Tower,0,0,7,0,7,0,0,102,2,104,0,0,109,2,111,126,18,144,255
12/12/2012,SPG,FL,ASO,ES,Federal Contract Tower,0,0,11,0,11,0,0,114,2,116,0,0,125,2,127,126,24,150,277
12/13/2012,SPG,FL,ASO,ES,Federal Contract Tower,0,0,16,0,16,0,0,98,4,102,0,0,114,4,118,124,52,176,294
12/14/2012,SPG,FL,ASO,ES,Federal Contract Tower,0,0,18,0,18,0,0,66,0,66,0,0,84,0,84,58,0,58,142
12/15/2012,SPG,FL,ASO,ES,Federal Contract Tower,0,0,8,0,8,0,0,79,0,79,0,0,87,0,87,112,0,112,199
12/16/2012,SPG,FL,ASO,ES,Federal Contract Tower,0,0,8,0,8,0,0,124,0,124,0,0,132,0,132,196,0,196,328
12/17/2012,SPG,FL,ASO,ES,Federal Contract Tower,0,0,9,0,9,0,0,102,0,102,0,0,111,0,111,174,28,202,313
12/18/2012,SPG,FL,ASO,ES,Federal Contract Tower,0,0,4,0,4,0,0,102,2,104,0,0,106,2,108,144,32,176,284
12/19/2012,SPG,FL,ASO,ES,Federal Contract Tower,0,0,12,0,12,0,0,116,0,116,0,0,128,0,128,160,0,160,288
12/20/2012,SPG,FL,ASO,ES,Federal Contract Tower,0,0,7,0,7,0,0,115,2,117,0,0,122,2,124,122,32,154,278
12/21/2012,SPG,FL,ASO,ES,Federal Contract Tower,0,0,9,0,9,0,0,55,0,55,0,0,64,0,64,10,0,10,74
12/22/2012,SPG,FL,ASO,ES,Federal Contract Tower,0,0,8,0,8,0,0,101,0,101,0,0,109,0,109,82,0,82,191
12/23/2012,SPG,FL,ASO,ES,Federal Contract Tower,0,0,7,0,7,0,0,114,0,114,0,0,121,0,121,144,0,144,265
12/24/2012,SPG,FL,ASO,ES,Federal Contract Tower,0,0,7,0,7,0,0,87,0,87,0,0,94,0,94,94,0,94,188
12/25/2012,SPG,FL,ASO,ES,Federal Contract Tower,0,0,5,0,5,0,0,67,0,67,0,0,72,0,72,44,0,44,116
12/26/2012,SPG,FL,ASO,ES,Federal Contract Tower,0,0,5,0,5,0,0,56,2,58,0,0,61,2,63,64,12,76,139
12/27/2012,SPG,FL,ASO,ES,Federal Contract Tower,0,0,10,0,10,0,0,109,2,111,0,0,119,2,121,142,22,164,285
12/28/2012,SPG,FL,ASO,ES,Federal Contract Tower,0,0,16,0,16,0,1,92,0,93,0,1,108,0,109,90,0,90,199
12/29/2012,SPG,FL,ASO,ES,Federal Contract Tower,0,0,10,0,10,0,0,22,0,22,0,0,32,0,32,8,0,8,40
12/30/2012,SPG,FL,ASO,ES,Federal Contract Tower,0,0,7,0,7,0,0,119,0,119,0,0,126,0,126,164,0,164,290
12/31/2012,SPG,FL,ASO,ES,Federal Contract Tower,0,0,8,0,8,0,0,118,2,120,0,0,126,2,128,132,32,164,292
01/01/2013,SPG,FL,ASO,ES,Federal Contract Tower,0,0,7,0,7,0,0,77,2,79,0,0,84,2,86,130,8,138,224
01/02/2013,SPG,FL,ASO,ES,Federal Contract Tower,0,0,15,0,15,0,0,107,2,109,0,0,122,2,124,124,28,152,276
01/03/2013,SPG,FL,ASO,ES,Federal Contract Tower,0,0,6,0,6,0,0,13,0,13,0,0,19,0,19,32,0,32,51
01/04/2013,SPG,FL,ASO,ES,Federal Contract Tower,0,0,15,0,15,0,0,8,0,8,0,0,23,0,23,0,0,0,23
01/05/2013,SPG,FL,ASO,ES,Federal Contract Tower,0,0,20,0,20,0,0,67,2,69,0,0,87,2,89,78,12,90,179
01/06/2013,SPG,FL,ASO,ES,Federal Contract Tower,0,0,6,2,8,0,0,54,1,55,0,0,60,3,63,70,0,70,133
01/07/2013,SPG,FL,ASO,ES,Federal Contract Tower,0,0,18,0,18,0,0,53,1,54,0,0,71,1,72,32,0,32,104
01/08/2013,SPG,FL,ASO,ES,Federal Contract Tower,0,0,4,0,4,0,0,100,4,104,0,0,104,4,108,218,28,246,354
01/09/2013,SPG,FL,ASO,ES,Federal Contract Tower,0,0,10,0,10,0,0,99,4,103,0,0,109,4,113,168,2,170,283
01/10/2013,SPG,FL,ASO,ES,Federal Contract Tower,0,0,11,0,11,0,0,83,1,84,0,0,94,1,95,89,18,107,202
01/11/2013,SPG,FL,ASO,ES,Federal Contract Tower,0,0,7,0,7,0,0,90,4,94,0,0,97,4,101,112,14,126,227
01/12/2013,SPG,FL,ASO,ES,Federal Contract Tower,0,0,16,0,16,0,0,101,0,101,0,0,117,0,117,102,0,102,219
01/13/2013,SPG,FL,ASO,ES,Federal Contract Tower,0,0,14,0,14,0,0,97,0,97,0,0,111,0,111,50,0,50,161
01/14/2013,SPG,FL,ASO,ES,Federal Contract Tower,0,0,3,0,3,0,0,67,4,71,0,0,70,4,74,86,14,100,174
01/15/2013,SPG,FL,ASO,ES,Federal Contract Tower,0,0,5,0,5,0,0,88,0,88,0,0,93,0,93,140,0,140,233
01/16/2013,SPG,FL,ASO,ES,Federal Contract Tower,0,0,12,0,12,0,0,79,0,79,0,0,91,0,91,178,0,178,269
01/17/2013,SPG,FL,ASO,ES,Federal Contract Tower,0,0,11,0,11,0,0,22,0,22,0,0,33,0,33,6,0,6,39
01/18/2013,SPG,FL,ASO,ES,Federal Contract Tower,0,0,27,0,27,0,0,96,0,96,0,0,123,0,123,142,0,142,265
01/19/2013,SPG,FL,ASO,ES,Federal Contract Tower,0,0,9,0,9,0,0,133,0,133,0,0,142,0,142,84,0,84,226
01/20/2013,SPG,FL,ASO,ES,Federal Contract Tower,0,0,13,0,13,0,2,117,0,119,0,2,130,0,132,220,0,220,352
01/21/2013,SPG,FL,ASO,ES,Federal Contract Tower,0,0,9,0,9,0,0,111,2,113,0,0,120,2,122,194,28,222,344
01/22/2013,SPG,FL,ASO,ES,Federal Contract Tower,0,0,6,0,6,0,0,51,0,51,0,0,57,0,57,122,4,126,183
01/23/2013,SPG,FL,ASO,ES,Federal Contract Tower,0,0,7,0,7,0,0,120,2,122,0,0,127,2,129,148,24,172,301
01/24/2013,SPG,FL,ASO,ES,Federal Contract Tower,0,0,11,0,11,0,0,135,3,138,0,0,146,3,149,160,32,192,341
01/25/2013,SPG,FL,ASO,ES,Federal Contract Tower,0,0,6,0,6,0,0,89,1,90,0,0,95,1,96,142,4,146,242
01/26/2013,SPG,FL,ASO,ES,Federal Contract Tower,0,0,5,0,5,0,0,181,0,181,0,0,186,0,186,150,0,150,336
01/27/2013,SPG,FL,ASO,ES,Federal Contract Tower,0,0,7,0,7,0,0,119,0,119,0,0,126,0,126,154,0,154,280
01/28/2013,SPG,FL,ASO,ES,Federal Contract Tower,0,0,10,0,10,0,0,95,2,97,0,0,105,2,107,104,34,138,245
01/29/2013,SPG,FL,ASO,ES,Federal Contract Tower,0,0,8,0,8,0,0,109,2,111,0,0,117,2,119,100,26,126,245
01/30/2013,SPG,FL,ASO,ES,Federal Contract Tower,0,0,1,0,1,0,0,55,2,57,0,0,56,2,58,114,14,128,186
01/31/2013,SPG,FL,ASO,ES,Federal Contract Tower,0,0,14,0,14,0,0,87,0,87,0,0,101,0,101,54,2,56,157
02/01/2013,SPG,FL,ASO,ES,Federal Contract Tower,0,0,13,0,13,0,0,99,0,99,0,0,112,0,112,192,0,192,304
02/02/2013,SPG,FL,ASO,ES,Federal Contract Tower,0,0,10,0,10,0,0,99,0,99,0,0,109,0,109,118,0,118,227
02/03/2013,SPG,FL,ASO,ES,Federal Contract Tower,0,0,11,0,11,0,0,100,2,102,0,0,111,2,113,148,18,166,279
02/04/2013,SPG,FL,ASO,ES,Federal Contract Tower,0,0,11,0,11,0,0,127,2,129,0,0,138,2,140,110,28,138,278
02/05/2013,SPG,FL,ASO,ES,Federal Contract Tower,0,0,3,0,3,0,0,113,2,115,0,0,116,2,118,152,22,174,292
02/06/2013,SPG,FL,ASO,ES,Federal Contract Tower,0,0,7,0,7,0,0,71,0,71,0,0,78,0,78,178,0,178,256
02/07/2013,SPG,FL,ASO,ES,Federal Contract Tower,0,0,13,0,13,0,0,83,0,83,0,0,96,0,96,72,0,72,168
02/08/2013,SPG,FL,ASO,ES,Federal Contract Tower,0,0,18,0,18,0,0,83,0,83,0,0,101,0,101,88,0,88,189
02/09/2013,SPG,FL,ASO,ES,Federal Contract Tower,0,0,11,0,11,0,0,122,0,122,0,0,133,0,133,112,0,112,245
02/10/2013,SPG,FL,ASO,ES,Federal Contract Tower,0,0,1,0,1,0,0,90,0,90,0,0,91,0,91,62,0,62,153
02/11/2013,SPG,FL,ASO,ES,Federal Contract Tower,0,0,6,0,6,0,0,76,0,76,0,0,82,0,82,108,0,108,190
02/12/2013,SPG,FL,ASO,ES,Federal Contract Tower,0,0,10,0,10,0,0,76,0,76,0,0,86,0,86,104,0,104,190
02/13/2013,SPG,FL,ASO,ES,Federal Contract Tower,0,0,7,0,7,0,0,5,0,5,0,0,12,0,12,0,0,0,12
02/14/2013,SPG,FL,ASO,ES,Federal Contract Tower,0,0,8,0,8,0,0,55,0,55,0,0,63,0,63,92,0,92,155
02/15/2013,SPG,FL,ASO,ES,Federal Contract Tower,0,0,21,0,21,0,0,78,0,78,0,0,99,0,99,52,0,52,151
02/16/2013,SPG,FL,ASO,ES,Federal Contract Tower,0,0,5,0,5,0,0,72,0,72,0,0,77,0,77,40,0,40,117
02/17/2013,SPG,FL,ASO,ES,Federal Contract Tower,0,0,12,0,12,0,0,109,0,109,0,0,121,0,121,90,0,90,211
02/18/2013,SPG,FL,ASO,ES,Federal Contract Tower,0,0,7,0,7,0,0,106,2,108,0,0,113,2,115,150,28,178,293
02/19/2013,SPG,FL,ASO,ES,Federal Contract Tower,0,0,4,0,4,0,0,116,4,120,0,0,120,4,124,146,50,196,320
02/20/2013,SPG,FL,ASO,ES,Federal Contract Tower,0,0,15,0,15,0,0,101,2,103,0,0,116,2,118,112,20,132,250
02/21/2013,SPG,FL,ASO,ES,Federal Contract Tower,0,0,17,0,17,0,0,135,0,135,0,0,152,0,152,134,0,134,286
02/22/2013,SPG,FL,ASO,ES,Federal Contract Tower,0,0,8,0,8,0,0,93,0,93,0,0,101,0,101,78,0,78,179
02/23/2013,SPG,FL,ASO,ES,Federal Contract Tower,0,0,12,1,13,0,1,45,0,46,0,1,57,1,59,34,12,46,105
02/24/2013,SPG,FL,ASO,ES,Federal Contract Tower,0,0,13,0,13,0,0,83,0,83,0,0,96,0,96,102,0,102,198
02/25/2013,SPG,FL,ASO,ES,Federal Contract Tower,0,0,6,0,6,0,2,91,2,95,0,2,97,2,101,166,22,188,289
02/26/2013,SPG,FL,ASO,ES,Federal Contract Tower,0,0,4,0,4,0,0,66,0,66,0,0,70,0,70,104,0,104,174
02/27/2013,SPG,FL,ASO,ES,Federal Contract Tower,0,0,14,0,14,0,0,96,4,100,0,0,110,4,114,140,42,182,296
02/28/2013,SPG,FL,ASO,ES,Federal Contract Tower,0,0,14,0,14,0,0,125,4,129,0,0,139,4,143,112,36,148,291
03/01/2013,SPG,FL,ASO,ES,Federal Contract Tower,0,0,13,0,13,0,0,108,0,108,0,0,121,0,121,100,0,100,221
03/02/2013,SPG,FL,ASO,ES,Federal Contract Tower,0,0,8,0,8,0,1,81,5,87,0,1,89,5,95,52,26,78,173
03/03/2013,SPG,FL,ASO,ES,Federal Contract Tower,0,0,18,0,18,0,0,99,0,99,0,0,117,0,117,122,0,122,239
03/04/2013,SPG,FL,ASO,ES,Federal Contract Tower,0,0,6,0,6,0,0,137,4,141,0,0,143,4,147,144,36,180,327
03/05/2013,SPG,FL,ASO,ES,Federal Contract Tower,0,0,2,0,2,0,0,110,4,114,0,0,112,4,116,132,66,198,314
03/06/2013,SPG,FL,ASO,ES,Federal Contract Tower,0,0,10,0,10,0,0,103,2,105,0,0,113,2,115,116,28,144,259
03/07/2013,SPG,FL,ASO,ES,Federal Contract Tower,0,1,10,0,11,0,0,139,4,143,0,1,149,4,154,138,46,184,338
03/08/2013,SPG,FL,ASO,ES,Federal Contract Tower,0,0,11,0,11,0,0,107,0,107,0,0,118,0,118,130,0,130,248
03/09/2013,SPG,FL,ASO,ES,Federal Contract Tower,0,0,13,0,13,0,0,96,2,98,0,0,109,2,111,124,42,166,277
03/10/2013,SPG,FL,ASO,ES,Federal Contract Tower,0,0,13,0,13,0,0,111,0,111,0,0,124,0,124,126,0,126,250
03/11/2013,SPG,FL,ASO,ES,Federal Contract Tower,0,0,7,0,7,0,0,90,4,94,0,0,97,4,101,70,30,100,201
03/12/2013,SPG,FL,ASO,ES,Federal Contract Tower,0,0,13,0,13,0,0,30,6,36,0,0,43,6,49,44,74,118,167
03/13/2013,SPG,FL,ASO,ES,Federal Contract Tower,0,0,12,0,12,0,0,103,2,105,0,0,115,2,117,140,22,162,279
03/14/2013,SPG,FL,ASO,ES,Federal Contract Tower,0,0,12,0,12,0,0,106,2,108,0,0,118,2,120,146,26,172,292
03/15/2013,SPG,FL,ASO,ES,Federal Contract Tower,0,0,15,0,15,0,0,135,0,135,0,0,150,0,150,220,0,220,370
03/16/2013,SPG,FL,ASO,ES,Federal Contract Tower,0,0,4,0,4,0,0,148,0,148,0,0,152,0,152,138,0,138,290
03/17/2013,SPG,FL,ASO,ES,Federal Contract Tower,0,0,14,0,14,0,0,123,2,125,0,0,137,2,139,130,22,152,291
03/18/2013,SPG,FL,ASO,ES,Federal Contract Tower,0,0,15,0,15,0,0,78,4,82,0,0,93,4,97,90,22,112,209
03/19/2013,SPG,FL,ASO,ES,Federal Contract Tower,0,0,4,0,4,0,0,93,4,97,0,0,97,4,101,96,50,146,247
03/20/2013,SPG,FL,ASO,ES,Federal Contract Tower,0,0,9,0,9,0,0,81,0,81,0,0,90,0,90,120,0,120,210
03/21/2013,SPG,FL,ASO,ES,Federal Contract Tower,0,0,14,0,14,0,1,108,2,111,0,1,122,2,125,106,28,134,259
03/22/2013,SPG,FL,ASO,ES,Federal Contract Tower,0,0,4,0,4,0,0,117,4,121,0,0,121,4,125,130,16,146,271
03/23/2013,SPG,FL,ASO,ES,Federal Contract Tower,0,0,16,0,16,0,0,31,6,37,0,0,47,6,53,6,38,44,97
03/24/2013,SPG,FL,ASO,ES,Federal Contract Tower,0,0,8,0,8,0,2,7,0,9,0,2,15,0,17,0,0,0,17
03/25/2013,SPG,FL,ASO,ES,Federal Contract Tower,0,0,5,0,5,0,0,81,2,83,0,0,86,2,88,100,26,126,214
03/26/2013,SPG,FL,ASO,ES,Federal Contract Tower,0,0,3,0,3,0,0,78,0,78,0,0,81,0,81,148,0,148,229
03/27/2013,SPG,FL,ASO,ES,Federal Contract Tower,0,0,10,0,10,0,0,113,4,117,0,0,123,4,127,110,34,144,271
03/28/2013,SPG,FL,ASO,ES,Federal Contract Tower,0,0,17,0,17,0,0,113,2,115,0,0,130,2,132,170,26,196,328
03/29/2013,SPG,FL,ASO,ES,Federal Contract Tower,0,0,12,0,12,0,4,125,0,129,0,4,137,0,141,174,0,174,315
03/30/2013,SPG,FL,ASO,ES,Federal Contract Tower,0,0,12,0,12,0,5,184,0,189,0,5,196,0,201,194,0,194,395
03/31/2013,SPG,FL,ASO,ES,Federal Contract Tower,0,0,11,0,11,0,0,99,0,99,0,0,110,0,110,120,0,120,230
04/01/2013,SPG,FL,ASO,ES,Federal Contract Tower,0,0,7,0,7,0,0,111,4,115,0,0,118,4,122,108,36,144,266
04/02/2013,SPG,FL,ASO,ES,Federal Contract Tower,0,0,8,0,8,0,0,107,2,109,0,0,115,2,117,106,46,152,269
04/03/2013,SPG,FL,ASO,ES,Federal Contract Tower,0,0,18,0,18,0,0,119,0,119,0,0,137,0,137,164,0,164,301
04/04/2013,SPG,FL,ASO,ES,Federal Contract Tower,0,0,4,0,4,0,0,17,0,17,0,0,21,0,21,38,0,38,59
04/05/2013,SPG,FL,ASO,ES,Federal Contract Tower,0,0,13,0,13,0,0,58,0,58,0,0,71,0,71,76,0,76,147
04/06/2013,SPG,FL,ASO,ES,Federal Contract Tower,0,0,14,0,14,0,20,141,0,161,0,20,155,0,175,128,0,128,303
04/07/2013,SPG,FL,ASO,ES,Federal Contract Tower,0,0,18,0,18,0,20,148,0,168,0,20,166,0,186,118,28,146,332
04/08/2013,SPG,FL,ASO,ES,Federal Contract Tower,0,0,9,0,9,0,24,116,2,142,0,24,125,2,151,154,32,186,337
04/09/2013,SPG,FL,ASO,ES,Federal Contract Tower,0,0,12,0,12,0,20,97,4,121,0,20,109,4,133,142,64,206,339
04/10/2013,SPG,FL,ASO,ES,Federal Contract Tower,0,0,26,0,26,0,11,117,2,130,0,11,143,2,156,152,40,192,348
04/11/2013,SPG,FL,ASO,ES,Federal Contract Tower,0,0,12,0,12,0,21,104,4,129,0,21,116,4,141,138,32,170,311
04/12/2013,SPG,FL,ASO,ES,Federal Contract Tower,0,0,16,0,16,0,12,46,0,58,0,12,62,0,74,118,0,118,192
04/13/2013,SPG,FL,ASO,ES,Federal Contract Tower,0,0,14,0,14,0,18,115,0,133,0,18,129,0,147,172,0,172,319
04/14/2013,SPG,FL,ASO,ES,Federal Contract Tower,0,0,14,0,14,0,18,86,2,106,0,18,100,2,120,102,28,130,250
04/15/2013,SPG,FL,ASO,ES,Federal Contract Tower,0,0,8,0,8,0,15,121,4,140,0,15,129,4,148,96,54,150,298
04/16/2013,SPG,FL,ASO,ES,Federal Contract Tower,0,0,13,0,13,0,15,98,2,115,0,15,111,2,128,130,22,152,280
04/17/2013,SPG,FL,ASO,ES,Federal Contract Tower,0,0,6,0,6,0,18,109,2,129,0,18,115,2,135,166,28,194,329
04/18/2013,SPG,FL,ASO,ES,Federal Contract Tower,0,0,22,0,22,0,12,118,0,130,0,12,140,0,152,218,0,218,370
04/19/2013,SPG,FL,ASO,ES,Federal Contract Tower,0,0,9,0,9,0,12,68,0,80,0,12,77,0,89,36,0,36,125
04/20/2013,SPG,FL,ASO,ES,Federal Contract Tower,0,0,17,0,17,0,13,109,2,124,0,13,126,2,141,110,49,159,300
04/21/2013,SPG,FL,ASO,ES,Federal Contract Tower,0,0,7,0,7,0,10,108,2,120,0,10,115,2,127,96,26,122,249
04/22/2013,SPG,FL,ASO,ES,Federal Contract Tower,0,0,8,0,8,0,6,85,4,95,0,6,93,4,103,126,44,170,273
04/23/2013,SPG,FL,ASO,ES,Federal Contract Tower,0,0,8,0,8,0,15,114,2,131,0,15,122,2,139,172,22,194,333
04/24/2013,SPG,FL,ASO,ES,Federal Contract Tower,0,0,16,0,16,0,11,120,2,133,0,11,136,2,149,158,40,198,347
04/25/2013,SPG,FL,ASO,ES,Federal Contract Tower,0,0,6,0,6,0,2,110,0,112,0,2,116,0,118,154,0,154,272
04/26/2013,SPG,FL,ASO,ES,Federal Contract Tower,0,0,15,0,15,0,1,111,0,112,0,1,126,0,127,142,0,142,269
04/27/2013,SPG,FL,ASO,ES,Federal Contract Tower,0,0,16,0,16,0,15,98,2,115,0,15,114,2,131,126,34,160,291
04/28/2013,SPG,FL,ASO,ES,Federal Contract Tower,0,0,19,0,19,0,15,115,2,132,0,15,134,2,151,148,36,184,335
04/29/2013,SPG,FL,ASO,ES,Federal Contract Tower,0,0,6,0,6,0,16,115,2,133,0,16,121,2,139,140,32,172,311
04/30/2013,SPG,FL,ASO,ES,Federal Contract Tower,0,0,9,0,9,0,11,108,4,123,0,11,117,4,132,152,50,202,334
05/01/2013,SPG,FL,ASO,ES,Federal Contract Tower,0,0,0,0,0,0,10,98,2,110,0,10,98,2,110,94,52,146,256
05/02/2013,SPG,FL,ASO,ES,Federal Contract Tower,0,0,2,0,2,0,10,101,4,115,0,10,103,4,117,184,28,212,329
05/03/2013,SPG,FL,ASO,ES,Federal Contract Tower,0,0,7,0,7,0,0,91,0,91,0,0,98,0,98,120,0,120,218
05/04/2013,SPG,FL,ASO,ES,Federal Contract Tower,0,0,12,0,12,0,0,74,0,74,0,0,86,0,86,80,0,80,166
05/05/2013,SPG,FL,ASO,ES,Federal Contract Tower,0,0,8,0,8,0,12,121,0,133,0,12,129,0,141,156,0,156,297
05/06/2013,SPG,FL,ASO,ES,Federal Contract Tower,0,0,1,0,1,0,18,123,2,143,0,18,124,2,144,160,12,172,316
05/07/2013,SPG,FL,ASO,ES,Federal Contract Tower,0,0,4,0,4,0,18,142,2,162,0,18,146,2,166,130,26,156,322
05/08/2013,SPG,FL,ASO,ES,Federal Contract Tower,0,16,0,0,16,0,15,132,2,149,0,31,132,2,165,126,24,150,315
05/09/2013,SPG,FL,ASO,ES,Federal Contract Tower,0,0,10,0,10,0,10,144,2,156,0,10,154,2,166,178,22,200,366
05/10/2013,SPG,FL,ASO,ES,Federal Contract Tower,0,0,13,0,13,0,2,92,0,94,0,2,105,0,107,116,0,116,223
05/11/2013,SPG,FL,ASO,ES,Federal Contract Tower,0,0,6,0,6,0,12,59,6,77,0,12,65,6,83,106,36,142,225
05/12/2013,SPG,FL,ASO,ES,Federal Contract Tower,0,0,14,0,14,0,22,123,0,145,0,22,137,0,159,156,0,156,315
05/13/2013,SPG,FL,ASO,ES,Federal Contract Tower,0,0,5,0,5,0,16,132,11,159,0,16,137,11,164,140,64,204,368
05/14/2013,SPG,FL,ASO,ES,Federal Contract Tower,0,0,8,0,8,0,16,133,4,153,0,16,141,4,161,176,38,214,375
05/15/2013,SPG,FL,ASO,ES,Federal Contract Tower,0,0,7,0,7,0,19,126,2,147,0,19,133,2,154,132,22,154,308
05/16/2013,SPG,FL,ASO,ES,Federal Contract Tower,0,0,13,0,13,0,16,133,2,151,0,16,146,2,164,160,30,190,354
05/17/2013,SPG,FL,ASO,ES,Federal Contract Tower,0,1,12,0,13,0,0,116,0,116,0,1,128,0,129,142,0,142,271
05/18/2013,SPG,FL,ASO,ES,Federal Contract Tower,0,0,7,0,7,0,11,167,0,178,0,11,174,0,185,118,0,118,303
05/19/2013,SPG,FL,ASO,ES,Federal Contract Tower,0,0,8,0,8,0,17,133,2,152,0,17,141,2,160,138,0,138,298
05/20/2013,SPG,FL,ASO,ES,Federal Contract Tower,0,0,10,0,10,0,14,136,4,154,0,14,146,4,164,104,44,148,312
05/21/2013,SPG,FL,ASO,ES,Federal Contract Tower,0,0,12,0,12,0,18,115,4,137,0,18,127,4,149,154,22,176,325
05/22/2013,SPG,FL,ASO,ES,Federal Contract Tower,0,0,8,0,8,0,16,121,4,141,0,16,129,4,149,172,0,172,321
05/23/2013,SPG,FL,ASO,ES,Federal Contract Tower,0,0,14,0,14,0,10,141,6,157,0,10,155,6,171,144,24,168,339
05/24/2013,SPG,FL,ASO,ES,Federal Contract Tower,0,0,12,0,12,0,2,126,0,128,0,2,138,0,140,170,0,170,310
05/25/2013,SPG,FL,ASO,ES,Federal Contract Tower,0,0,11,0,11,0,11,98,0,109,0,11,109,0,120,182,0,182,302
05/26/2013,SPG,FL,ASO,ES,Federal Contract Tower,0,0,10,0,10,0,10,112,0,122,0,10,122,0,132,90,0,90,222
05/27/2013,SPG,FL,ASO,ES,Federal Contract Tower,0,0,5,0,5,0,10,118,0,128,0,10,123,0,133,112,0,112,245
05/28/2013,SPG,FL,ASO,ES,Federal Contract Tower,0,0,10,0,10,0,11,108,4,123,0,11,118,4,133,124,36,160,293
05/29/2013,SPG,FL,ASO,ES,Federal Contract Tower,0,0,4,0,4,0,12,115,2,129,0,12,119,2,133,104,40,144,277
05/30/2013,SPG,FL,ASO,ES,Federal Contract Tower,0,0,19,0,19,0,8,102,4,114,0,8,121,4,133,132,12,144,277
05/31/2013,SPG,FL,ASO,ES,Federal Contract Tower,0,0,9,0,9,0,0,59,0,59,0,0,68,0,68,74,0,74,142
06/01/2013,SPG,FL,ASO,ES,Federal Contract Tower,0,0,13,0,13,0,5,63,0,68,0,5,76,0,81,66,0,66,147
06/02/2013,SPG,FL,ASO,ES,Federal Contract Tower,0,0,10,0,10,0,14,123,0,137,0,14,133,0,147,118,0,118,265
06/03/2013,SPG,FL,ASO,ES,Federal Contract Tower,0,0,3,0,3,0,12,106,0,118,0,12,109,0,121,124,0,124,245
06/04/2013,SPG,FL,ASO,ES,Federal Contract Tower,0,0,8,0,8,0,10,91,4,105,0,10,99,4,113,102,28,130,243
06/05/2013,SPG,FL,ASO,ES,Federal Contract Tower,0,0,5,0,5,0,6,85,4,95,0,6,90,4,100,106,34,140,240
06/06/2013,SPG,FL,ASO,ES,Federal Contract Tower,0,0,2,0,2,0,0,6,0,6,0,0,8,0,8,0,0,0,8
06/07/2013,SPG,FL,ASO,ES,Federal Contract Tower,0,0,10,0,10,0,10,94,0,104,0,10,104,0,114,140,0,140,254
06/08/2013,SPG,FL,ASO,ES,Federal Contract Tower,0,0,8,0,8,0,2,164,0,166,0,2,172,0,174,42,0,42,216
06/09/2013,SPG,FL,ASO,ES,Federal Contract Tower,0,0,11,0,11,0,8,102,0,110,0,8,113,0,121,132,0,132,253
06/10/2013,SPG,FL,ASO,ES,Federal Contract Tower,0,0,13,0,13,0,14,108,2,124,0,14,121,2,137,162,18,180,317
06/11/2013,SPG,FL,ASO,ES,Federal Contract Tower,0,0,10,0,10,0,15,118,2,135,0,15,128,2,145,160,14,174,319
06/12/2013,SPG,FL,ASO,ES,Federal Contract Tower,0,0,11,0,11,0,10,112,2,124,0,10,123,2,135,126,26,152,287
06/13/2013,SPG,FL,ASO,ES,Federal Contract Tower,0,0,11,0,11,0,11,108,0,119,0,11,119,0,130,190,0,190,320
06/14/2013,SPG,FL,ASO,ES,Federal Contract Tower,0,0,10,0,10,0,0,124,0,124,0,0,134,0,134,117,0,117,251
06/15/2013,SPG,FL,ASO,ES,Federal Contract Tower,0,0,4,0,4,0,13,98,0,111,0,13,102,0,115,128,0,128,243
06/16/2013,SPG,FL,ASO,ES,Federal Contract Tower,0,0,10,0,10,0,18,143,0,161,0,18,153,0,171,154,0,154,325
06/17/2013,SPG,FL,ASO,ES,Federal Contract Tower,0,0,4,0,4,0,18,110,2,130,0,18,114,2,134,122,18,140,274
06/18/2013,SPG,FL,ASO,ES,Federal Contract Tower,0,0,5,0,5,0,13,121,2,136,0,13,126,2,141,140,16,156,297
06/19/2013,SPG,FL,ASO,ES,Federal Contract Tower,0,0,11,0,11,0,12,116,0,128,0,12,127,0,139,120,0,120,259
06/20/2013,SPG,FL,ASO,ES,Federal Contract Tower,0,0,5,0,5,0,14,127,2,143,0,14,132,2,148,100,16,116,264
06/21/2013,SPG,FL,ASO,ES,Federal Contract Tower,0,0,11,0,11,0,0,90,0,90,0,0,101,0,101,92,0,92,193
06/22/2013,SPG,FL,ASO,ES,Federal Contract Tower,0,0,6,0,6,0,8,66,0,74,0,8,72,0,80,90,0,90,170
06/23/2013,SPG,FL,ASO,ES,Federal Contract Tower,0,0,16,0,16,0,14,126,0,140,0,14,142,0,156,124,0,124,280
06/24/2013,SPG,FL,ASO,ES,Federal Contract Tower,0,0,1,0,1,0,16,113,4,133,0,16,114,4,134,110,26,136,270
06/25/2013,SPG,FL,ASO,ES,Federal Contract Tower,0,0,7,0,7,0,14,112,0,126,0,14,119,0,133,138,0,138,271
06/26/2013,SPG,FL,ASO,ES,Federal Contract Tower,0,0,12,0,12,0,13,113,5,131,0,13,125,5,143,98,36,134,277
06/27/2013,SPG,FL,ASO,ES,Federal Contract Tower,0,0,7,0,7,0,14,111,2,127,0,14,118,2,134,122,30,152,286
06/28/2013,SPG,FL,ASO,ES,Federal Contract Tower,0,0,10,0,10,0,0,85,0,85,0,0,95,0,95,60,0,60,155
06/29/2013,SPG,FL,ASO,ES,Federal Contract Tower,0,0,10,0,10,0,0,48,0,48,0,0,58,0,58,8,0,8,66
06/30/2013,SPG,FL,ASO,ES,Federal Contract Tower,0,0,4,0,4,0,13,98,0,111,0,13,102,0,115,112,0,112,227
07/01/2013,SPG,FL,ASO,ES,Federal Contract Tower,0,0,10,0,10,0,10,66,0,76,0,10,76,0,86,0,0,0,86
07/02/2013,SPG,FL,ASO,ES,Federal Contract Tower,0,0,7,0,7,0,14,81,0,95,0,14,88,0,102,120,0,120,222
07/03/2013,SPG,FL,ASO,ES,Federal Contract Tower,0,0,7,0,7,0,39,90,2,131,0,39,97,2,138,158,34,192,330
07/04/2013,SPG,FL,ASO,ES,Federal Contract Tower,0,0,8,0,8,0,14,100,0,114,0,14,108,0,122,120,0,120,242
07/05/2013,SPG,FL,ASO,ES,Federal Contract Tower,0,0,5,0,5,0,3,55,0,58,0,3,60,0,63,76,0,76,139
07/06/2013,SPG,FL,ASO,ES,Federal Contract Tower,0,0,10,0,10,0,17,101,0,118,0,17,111,0,128,118,0,118,246
07/07/2013,SPG,FL,ASO,ES,Federal Contract Tower,0,0,9,0,9,0,22,121,0,143,0,22,130,0,152,100,0,100,252
07/08/2013,SPG,FL,ASO,ES,Federal Contract Tower,0,0,5,0,5,0,20,113,8,141,0,20,118,8,146,124,42,166,312
07/09/2013,SPG,FL,ASO,ES,Federal Contract Tower,0,0,7,0,7,0,21,114,0,135,0,21,121,0,142,174,22,196,338
07/10/2013,SPG,FL,ASO,ES,Federal Contract Tower,0,0,13,0,13,0,24,117,2,143,0,24,130,2,156,122,36,158,314
07/11/2013,SPG,FL,ASO,ES,Federal Contract Tower,0,0,6,0,6,0,19,115,4,138,0,19,121,4,144,168,10,178,322
07/12/2013,SPG,FL,ASO,ES,Federal Contract Tower,0,0,11,0,11,0,14,92,1,107,0,14,103,1,118,140,6,146,264
07/13/2013,SPG,FL,ASO,ES,Federal Contract Tower,0,0,13,0,13,0,21,71,3,95,0,21,84,3,108,104,6,110,218
07/14/2013,SPG,FL,ASO,ES,Federal Contract Tower,0,0,8,0,8,0,18,86,0,104,0,18,94,0,112,120,0,120,232
07/15/2013,SPG,FL,ASO,ES,Federal Contract Tower,0,0,8,0,8,0,20,107,2,129,0,20,115,2,137,134,28,162,299
07/16/2013,SPG,FL,ASO,ES,Federal Contract Tower,0,0,10,0,10,0,19,99,4,122,0,19,109,4,132,148,36,184,316
07/17/2013,SPG,FL,ASO,ES,Federal Contract Tower,0,0,10,0,10,0,18,88,2,108,0,18,98,2,118,114,34,148,266
07/18/2013,SPG,FL,ASO,ES,Federal Contract Tower,0,0,13,0,13,0,15,97,2,114,0,15,110,2,127,144,16,160,287
07/19/2013,SPG,FL,ASO,ES,Federal Contract Tower,0,0,11,0,11,0,2,89,0,91,0,2,100,0,102,102,0,102,204
07/20/2013,SPG,FL,ASO,ES,Federal Contract Tower,0,0,7,0,7,0,23,95,2,120,0,23,102,2,127,118,34,152,279
07/21/2013,SPG,FL,ASO,ES,Federal Contract Tower,0,0,10,0,10,0,18,127,0,145,0,18,137,0,155,166,0,166,321
07/22/2013,SPG,FL,ASO,ES,Federal Contract Tower,0,0,5,0,5,0,16,109,2,127,0,16,114,2,132,162,4,166,298
07/23/2013,SPG,FL,ASO,ES,Federal Contract Tower,0,0,9,0,9,0,21,107,2,130,0,21,116,2,139,136,40,176,315
07/24/2013,SPG,FL,ASO,ES,Federal Contract Tower,0,0,9,0,9,0,16,121,4,141,0,16,130,4,150,138,34,172,322
07/25/2013,SPG,FL,ASO,ES,Federal Contract Tower,0,0,10,0,10,0,18,115,4,137,0,18,125,4,147,104,30,134,281
07/26/2013,SPG,FL,ASO,ES,Federal Contract Tower,0,0,16,0,16,0,10,108,2,120,0,10,124,2,136,196,0,196,332
07/27/2013,SPG,FL,ASO,ES,Federal Contract Tower,0,0,16,0,16,0,30,100,0,130,0,30,116,0,146,170,0,170,316
07/28/2013,SPG,FL,ASO,ES,Federal Contract Tower,0,0,11,0,11,0,9,114,0,123,0,9,125,0,134,124,0,124,258
07/29/2013,SPG,FL,ASO,ES,Federal Contract Tower,0,0,5,0,5,0,22,115,0,137,0,22,120,0,142,186,0,186,328
07/30/2013,SPG,FL,ASO,ES,Federal Contract Tower,0,0,10,0,10,0,14,128,0,142,0,14,138,0,152,220,0,220,372
07/31/2013,SPG,FL,ASO,ES,Federal Contract Tower,0,0,4,0,4,0,12,105,0,117,0,12,109,0,121,258,0,258,379
08/01/2013,SPG,FL,ASO,ES,Federal Contract Tower,0,0,9,0,9,0,14,115,0,129,0,14,124,0,138,144,0,144,282
08/02/2013,SPG,FL,ASO,ES,Federal Contract Tower,0,0,7,0,7,0,7,79,0,86,0,7,86,0,93,108,12,120,213
08/03/2013,SPG,FL,ASO,ES,Federal Contract Tower,0,0,7,0,7,0,26,104,2,132,0,26,111,2,139,126,36,162,301
08/04/2013,SPG,FL,ASO,ES,Federal Contract Tower,0,0,11,0,11,0,17,115,0,132,0,17,126,0,143,148,0,148,291
08/05/2013,SPG,FL,ASO,ES,Federal Contract Tower,0,0,7,0,7,0,16,101,2,119,0,16,108,2,126,144,18,162,288
08/06/2013,SPG,FL,ASO,ES,Federal Contract Tower,0,0,6,0,6,0,19,107,2,128,0,19,113,2,134,146,32,178,312
08/07/2013,SPG,FL,ASO,ES,Federal Contract Tower,0,0,12,0,12,0,10,95,0,105,0,10,107,0,117,186,0,186,303
08/08/2013,SPG,FL,ASO,ES,Federal Contract Tower,0,0,12,0,12,0,14,95,0,109,0,14,107,0,121,212,0,212,333
08/09/2013,SPG,FL,ASO,ES,Federal Contract Tower,0,0,5,0,5,0,0,81,0,81,0,0,86,0,86,102,0,102,188
08/10/2013,SPG,FL,ASO,ES,Federal Contract Tower,0,0,11,0,11,0,20,87,0,107,0,20,98,0,118,168,0,168,286
08/11/2013,SPG,FL,ASO,ES,Federal Contract Tower,0,0,12,0,12,0,16,118,0,134,0,16,130,0,146,136,0,136,282
08/12/2013,SPG,FL,ASO,ES,Federal Contract Tower,0,2,4,0,6,0,16,111,0,127,0,18,115,0,133,180,0,180,313
08/13/2013,SPG,FL,ASO,ES,Federal Contract Tower,0,0,4,0,4,0,18,108,2,128,0,18,112,2,132,172,26,198,330
08/14/2013,SPG,FL,ASO,ES,Federal Contract Tower,0,0,8,0,8,0,16,116,0,132,0,16,124,0,140,148,0,148,288
08/15/2013,SPG,FL,ASO,ES,Federal Contract Tower,0,0,9,0,9,0,14,117,4,135,0,14,126,4,144,146,26,172,316
08/16/2013,SPG,FL,ASO,ES,Federal Contract Tower,0,2,10,0,12,0,0,78,0,78,0,2,88,0,90,128,0,128,218
08/17/2013,SPG,FL,ASO,ES,Federal Contract Tower,0,0,11,0,11,0,24,88,4,116,0,24,99,4,127,118,42,160,287
08/18/2013,SPG,FL,ASO,ES,Federal Contract Tower,0,0,9,0,9,0,18,107,2,127,0,18,116,2,136,148,34,182,318
08/19/2013,SPG,FL,ASO,ES,Federal Contract Tower,0,0,2,0,2,0,18,108,2,128,0,18,110,2,130,164,24,188,318
08/20/2013,SPG,FL,ASO,ES,Federal Contract Tower,0,0,5,0,5,0,14,114,0,128,0,14,119,0,133,176,0,176,309
08/21/2013,SPG,FL,ASO,ES,Federal Contract Tower,0,0,12,0,12,0,18,102,2,122,0,18,114,2,134,134,24,158,292
08/22/2013,SPG,FL,ASO,ES,Federal Contract Tower,0,0,13,0,13,0,16,111,0,127,0,16,124,0,140,150,0,150,290
08/23/2013,SPG,FL,ASO,ES,Federal Contract Tower,0,0,11,0,11,0,0,65,3,68,0,0,76,3,79,108,10,118,197
08/24/2013,SPG,FL,ASO,ES,Federal Contract Tower,0,0,7,0,7,0,14,94,0,108,0,14,101,0,115,164,0,164,279
08/25/2013,SPG,FL,ASO,ES,Federal Contract Tower,0,0,8,0,8,0,12,107,2,121,0,12,115,2,129,132,40,172,301
08/26/2013,SPG,FL,ASO,ES,Federal Contract Tower,0,0,10,0,10,0,16,118,2,136,0,16,128,2,146,146,18,164,310
08/27/2013,SPG,FL,ASO,ES,Federal Contract Tower,0,0,8,0,8,0,19,110,0,129,0,19,118,0,137,154,0,154,291
08/28/2013,SPG,FL,ASO,ES,Federal Contract Tower,0,0,6,0,6,0,13,99,4,116,0,13,105,4,122,168,42,210,332
08/29/2013,SPG,FL,ASO,ES,Federal Contract Tower,0,0,7,0,7,0,17,135,0,152,0,17,142,0,159,150,26,176,335
08/30/2013,SPG,FL,ASO,ES,Federal Contract Tower,0,0,14,0,14,0,0,115,0,115,0,0,129,0,129,158,0,158,287
08/31/2013,SPG,FL,ASO,ES,Federal Contract Tower,0,0,11,0,11,0,35,96,0,131,0,35,107,0,142,148,0,148,290
09/01/2013,SPG,FL,ASO,ES,Federal Contract Tower,0,0,2,0,2,0,18,117,2,137,0,18,119,2,139,152,40,192,331
09/02/2013,SPG,FL,ASO,ES,Federal Contract Tower,0,0,11,0,11,0,18,138,0,156,0,18,149,0,167,180,0,180,347
09/03/2013,SPG,FL,ASO,ES,Federal Contract Tower,0,0,8,0,8,0,18,95,4,117,0,18,103,4,125,148,26,174,299
09/04/2013,SPG,FL,ASO,ES,Federal Contract Tower,0,0,6,0,6,0,18,123,2,143,0,18,129,2,149,138,26,164,313
09/05/2013,SPG,FL,ASO,ES,Federal Contract Tower,0,0,9,0,9,0,18,121,0,139,0,18,130,0,148,182,2,184,332
09/06/2013,SPG,FL,ASO,ES,Federal Contract Tower,0,0,16,0,16,0,10,87,0,97,0,10,103,0,113,112,0,112,225
09/07/2013,SPG,FL,ASO,ES,Federal Contract Tower,0,0,10,0,10,0,20,106,0,126,0,20,116,0,136,138,0,138,274
09/08/2013,SPG,FL,ASO,ES,Federal Contract Tower,0,0,7,0,7,0,16,110,2,128,0,16,117,2,135,152,16,168,303
09/09/2013,SPG,FL,ASO,ES,Federal Contract Tower,0,0,13,0,13,0,24,123,0,147,0,24,136,0,160,152,0,152,312
09/10/2013,SPG,FL,ASO,ES,Federal Contract Tower,0,0,8,0,8,0,21,118,0,139,0,21,126,0,147,176,0,176,323
09/11/2013,SPG,FL,ASO,ES,Federal Contract Tower,0,0,9,2,11,0,20,131,4,155,0,20,140,6,166,160,32,192,358
09/12/2013,SPG,FL,ASO,ES,Federal Contract Tower,0,0,1,0,1,0,16,105,2,123,0,16,106,2,124,178,2,180,304
09/13/2013,SPG,FL,ASO,ES,Federal Contract Tower,0,0,7,0,7,0,6,116,0,122,0,6,123,0,129,160,0,160,289
09/14/2013,SPG,FL,ASO,ES,Federal Contract Tower,0,0,10,0,10,0,22,81,0,103,0,22,91,0,113,144,0,144,257
09/15/2013,SPG,FL,ASO,ES,Federal Contract Tower,0,0,5,0,5,0,16,108,0,124,0,16,113,0,129,142,0,142,271
09/16/2013,SPG,FL,ASO,ES,Federal Contract Tower,0,0,8,0,8,0,16,106,0,122,0,16,114,0,130,174,0,174,304
09/17/2013,SPG,FL,ASO,ES,Federal Contract Tower,0,0,13,0,13,0,16,107,0,123,0,16,120,0,136,194,0,194,330
09/18/2013,SPG,FL,ASO,ES,Federal Contract Tower,0,0,4,0,4,0,15,107,2,124,0,15,111,2,128,158,26,184,312
09/19/2013,SPG,FL,ASO,ES,Federal Contract Tower,0,0,5,0,5,0,10,95,0,105,0,10,100,0,110,206,0,206,316
09/20/2013,SPG,FL,ASO,ES,Federal Contract Tower,0,0,6,0,6,0,2,79,0,81,0,2,85,0,87,172,0,172,259
09/21/2013,SPG,FL,ASO,ES,Federal Contract Tower,0,0,14,0,14,0,26,201,2,229,0,26,215,2,243,108,18,126,369
09/22/2013,SPG,FL,ASO,ES,Federal Contract Tower,0,0,6,0,6,0,10,51,0,61,0,10,57,0,67,78,0,78,145
09/23/2013,SPG,FL,ASO,ES,Federal Contract Tower,0,0,4,0,4,0,2,21,0,23,0,2,25,0,27,32,0,32,59
09/24/2013,SPG,FL,ASO,ES,Federal Contract Tower,0,0,11,0,11,0,0,11,0,11,0,0,22,0,22,40,0,40,62
09/25/2013,SPG,FL,ASO,ES,Federal Contract Tower,0,0,3,0,3,23,0,0,0,23,23,0,3,0,26,38,0,38,64
09/26/2013,SPG,FL,ASO,ES,Federal Contract Tower,0,0,14,0,14,0,0,104,0,104,0,0,118,0,118,78,0,78,196
09/27/2013,SPG,FL,ASO,ES,Federal Contract Tower,0,0,12,0,12,0,0,105,0,105,0,0,117,0,117,174,0,174,291
09/28/2013,SPG,FL,ASO,ES,Federal Contract Tower,0,0,13,0,13,0,14,121,0,135,0,14,134,0,148,156,0,156,304
09/29/2013,SPG,FL,ASO,ES,Federal Contract Tower,0,0,13,0,13,0,18,125,0,143,0,18,138,0,156,170,0,170,326
09/30/2013,SPG,FL,ASO,ES,Federal Contract Tower,0,0,8,0,8,0,16,117,0,133,0,16,125,0,141,162,0,162,303
10/01/2013,SPG,FL,ASO,ES,Federal Contract Tower,0,0,3,0,3,0,20,122,0,142,0,20,125,0,145,172,0,172,317
10/02/2013,SPG,FL,ASO,ES,Federal Contract Tower,0,0,7,0,7,0,19,106,2,127,0,19,113,2,134,184,24,208,342
10/03/2013,SPG,FL,ASO,ES,Federal Contract Tower,0,0,7,0,7,0,21,116,4,141,0,21,123,4,148,194,40,234,382
10/04/2013,SPG,FL,ASO,ES,Federal Contract Tower,0,0,11,0,11,0,0,65,0,65,0,0,76,0,76,108,0,108,184
10/05/2013,SPG,FL,ASO,ES,Federal Contract Tower,0,0,11,0,11,0,18,111,0,129,0,18,122,0,140,142,0,142,282
10/06/2013,SPG,FL,ASO,ES,Federal Contract Tower,0,0,6,0,6,0,20,114,0,134,0,20,120,0,140,158,0,158,298
10/07/2013,SPG,FL,ASO,ES,Federal Contract Tower,0,0,6,0,6,0,22,90,0,112,0,22,96,0,118,80,0,80,198
10/08/2013,SPG,FL,ASO,ES,Federal Contract Tower,0,0,7,0,7,0,18,113,0,131,0,18,120,0,138,158,0,158,296
10/09/2013,SPG,FL,ASO,ES,Federal Contract Tower,0,0,11,0,11,0,16,104,2,122,0,16,115,2,133,174,18,192,325
10/10/2013,SPG,FL,ASO,ES,Federal Contract Tower,0,0,10,0,10,0,18,127,6,151,0,18,137,6,161,190,34,224,385
10/11/2013,SPG,FL,ASO,ES,Federal Contract Tower,0,0,21,0,21,0,0,112,0,112,0,0,133,0,133,164,0,164,297
10/12/2013,SPG,FL,ASO,ES,Federal Contract Tower,0,0,6,0,6,0,26,107,0,133,0,26,113,0,139,168,0,168,307
10/13/2013,SPG,FL,ASO,ES,Federal Contract Tower,0,0,11,0,11,0,12,119,0,131,0,12,130,0,142,158,0,158,300
10/14/2013,SPG,FL,ASO,ES,Federal Contract Tower,0,0,12,0,12,0,18,111,0,129,0,18,123,0,141,172,0,172,313
10/15/2013,SPG,FL,ASO,ES,Federal Contract Tower,0,0,6,0,6,0,14,81,0,95,0,14,87,0,101,150,0,150,251
10/16/2013,SPG,FL,ASO,ES,Federal Contract Tower,0,0,16,0,16,0,18,105,0,123,0,18,121,0,139,186,0,186,325
10/17/2013,SPG,FL,ASO,ES,Federal Contract Tower,0,0,15,0,15,0,16,122,2,140,0,16,137,2,155,122,28,150,305
10/18/2013,SPG,FL,ASO,ES,Federal Contract Tower,0,0,11,0,11,0,0,104,0,104,0,0,115,0,115,164,0,164,279
10/19/2013,SPG,FL,ASO,ES,Federal Contract Tower,0,0,4,0,4,0,19,102,2,123,0,19,106,2,127,116,32,148,275
10/20/2013,SPG,FL,ASO,ES,Federal Contract Tower,0,0,13,0,13,0,16,132,0,148,0,16,145,0,161,152,0,152,313
10/21/2013,SPG,FL,ASO,ES,Federal Contract Tower,0,0,13,0,13,0,12,111,0,123,0,12,124,0,136,168,0,168,304
10/22/2013,SPG,FL,ASO,ES,Federal Contract Tower,0,0,5,0,5,0,15,104,0,119,0,15,109,0,124,182,0,182,306
10/23/2013,SPG,FL,ASO,ES,Federal Contract Tower,0,0,9,0,9,0,17,109,4,130,0,17,118,4,139,166,40,206,345
10/24/2013,SPG,FL,ASO,ES,Federal Contract Tower,0,2,8,0,10,0,16,113,2,131,0,18,121,2,141,178,20,198,339
10/25/2013,SPG,FL,ASO,ES,Federal Contract Tower,0,0,6,0,6,0,0,117,0,117,0,0,123,0,123,168,0,168,291
10/26/2013,SPG,FL,ASO,ES,Federal Contract Tower,0,0,9,0,9,0,26,100,0,126,0,26,109,0,135,158,0,158,293
10/27/2013,SPG,FL,ASO,ES,Federal Contract Tower,0,0,17,0,17,0,14,130,0,144,0,14,147,0,161,152,0,152,313
10/28/2013,SPG,FL,ASO,ES,Federal Contract Tower,0,0,6,0,6,0,17,116,4,137,0,17,122,4,143,160,38,198,341
10/29/2013,SPG,FL,ASO,ES,Federal Contract Tower,0,0,5,0,5,0,16,107,0,123,0,16,112,0,128,128,28,156,284
10/30/2013,SPG,FL,ASO,ES,Federal Contract Tower,0,0,10,0,10,0,17,120,0,137,0,17,130,0,147,144,0,144,291
10/31/2013,SPG,FL,ASO,ES,Federal Contract Tower,0,0,3,0,3,0,16,120,2,138,0,16,123,2,141,164,28,192,333
11/01/2013,SPG,FL,ASO,ES,Federal Contract Tower,0,0,11,0,11,0,5,109,0,114,0,5,120,0,125,158,0,158,283
11/02/2013,SPG,FL,ASO,ES,Federal Contract Tower,0,0,8,0,8,0,8,32,0,40,0,8,40,0,48,52,0,52,100
11/03/2013,SPG,FL,ASO,ES,Federal Contract Tower,0,0,13,0,13,0,8,114,0,122,0,8,127,0,135,138,0,138,273
11/04/2013,SPG,FL,ASO,ES,Federal Contract Tower,0,0,8,0,8,0,12,76,2,90,0,12,84,2,98,94,26,120,218
11/05/2013,SPG,FL,ASO,ES,Federal Contract Tower,0,0,5,0,5,0,14,97,2,113,0,14,102,2,118,146,22,168,286
11/06/2013,SPG,FL,ASO,ES,Federal Contract Tower,0,0,15,0,15,0,16,110,1,127,0,16,125,1,142,152,36,188,330
11/07/2013,SPG,FL,ASO,ES,Federal Contract Tower,0,0,11,0,11,0,17,123,3,143,0,17,134,3,154,150,26,176,330
11/08/2013,SPG,FL,ASO,ES,Federal Contract Tower,0,0,16,0,16,0,0,79,0,79,0,0,95,0,95,100,0,100,195
11/09/2013,SPG,FL,ASO,ES,Federal Contract Tower,0,0,4,0,4,0,0,95,2,97,0,0,99,2,101,150,34,184,285
11/10/2013,SPG,FL,ASO,ES,Federal Contract Tower,0,0,12,0,12,0,12,124,0,136,0,12,136,0,148,166,0,166,314
11/11/2013,SPG,FL,ASO,ES,Federal Contract Tower,0,0,16,0,16,0,17,110,0,127,0,17,126,0,143,158,0,158,301
11/12/2013,SPG,FL,ASO,ES,Federal Contract Tower,0,0,11,0,11,0,14,98,0,112,0,14,109,0,123,156,0,156,279
11/13/2013,SPG,FL,ASO,ES,Federal Contract Tower,0,0,9,0,9,0,12,78,3,93,0,12,87,3,102,56,84,140,242
11/14/2013,SPG,FL,ASO,ES,Federal Contract Tower,0,0,11,0,11,0,13,106,6,125,0,13,117,6,136,142,58,200,336
11/15/2013,SPG,FL,ASO,ES,Federal Contract Tower,0,1,11,1,13,0,8,71,2,81,0,9,82,3,94,110,72,182,276
11/16/2013,SPG,FL,ASO,ES,Federal Contract Tower,0,0,16,0,16,0,22,80,2,104,0,22,96,2,120,118,40,158,278
11/17/2013,SPG,FL,ASO,ES,Federal Contract Tower,0,0,15,0,15,0,17,155,0,172,0,17,170,0,187,118,0,118,305
11/18/2013,SPG,FL,ASO,ES,Federal Contract Tower,0,0,6,0,6,0,15,114,0,129,0,15,120,0,135,140,0,140,275
11/19/2013,SPG,FL,ASO,ES,Federal Contract Tower,0,0,11,0,11,0,12,121,2,135,0,12,132,2,146,132,40,172,318
11/20/2013,SPG,FL,ASO,ES,Federal Contract Tower,0,0,14,0,14,0,12,105,4,121,0,12,119,4,135,150,22,172,307
11/21/2013,SPG,FL,ASO,ES,Federal Contract Tower,0,0,6,0,6,0,16,135,2,153,0,16,141,2,159,182,24,206,365
11/22/2013,SPG,FL,ASO,ES,Federal Contract Tower,0,0,18,0,18,0,0,80,2,82,0,0,98,2,100,236,22,258,358
11/23/2013,SPG,FL,ASO,ES,Federal Contract Tower,0,0,5,0,5,0,14,140,0,154,0,14,145,0,159,132,0,132,291
11/24/2013,SPG,FL,ASO,ES,Federal Contract Tower,0,0,18,0,18,0,6,65,0,71,0,6,83,0,89,72,0,72,161
11/25/2013,SPG,FL,ASO,ES,Federal Contract Tower,0,0,6,0,6,0,10,52,4,66,0,10,58,4,72,54,48,102,174
11/26/2013,SPG,FL,ASO,ES,Federal Contract Tower,0,0,12,0,12,0,0,15,0,15,0,0,27,0,27,54,0,54,81
11/27/2013,SPG,FL,ASO,ES,Federal Contract Tower,0,1,11,0,12,0,0,28,0,28,0,1,39,0,40,0,0,0,40
11/28/2013,SPG,FL,ASO,ES,Federal Contract Tower,0,0,8,0,8,0,0,50,0,50,0,0,58,0,58,8,0,8,66
11/29/2013,SPG,FL,ASO,ES,Federal Contract Tower,0,0,8,0,8,0,12,86,0,98,0,12,94,0,106,162,0,162,268
11/30/2013,SPG,FL,ASO,ES,Federal Contract Tower,0,0,7,0,7,0,14,94,0,108,0,14,101,0,115,104,0,104,219
12/01/2013,SPG,FL,ASO,ES,Federal Contract Tower,0,0,17,0,17,0,8,93,0,101,0,8,110,0,118,136,0,136,254
12/02/2013,SPG,FL,ASO,ES,Federal Contract Tower,0,0,8,0,8,0,16,102,2,120,0,16,110,2,128,188,16,204,332
12/03/2013,SPG,FL,ASO,ES,Federal Contract Tower,0,0,10,0,10,0,16,110,2,128,0,16,120,2,138,182,2,184,322
12/04/2013,SPG,FL,ASO,ES,Federal Contract Tower,0,0,11,0,11,0,14,137,2,153,0,14,148,2,164,170,30,200,364
12/05/2013,SPG,FL,ASO,ES,Federal Contract Tower,0,1,12,0,13,0,16,116,2,134,0,17,128,2,147,178,8,186,333
12/06/2013,SPG,FL,ASO,ES,Federal Contract Tower,0,0,12,0,12,0,6,127,1,134,0,6,139,1,146,144,24,168,314
12/07/2013,SPG,FL,ASO,ES,Federal Contract Tower,0,0,11,0,11,0,20,186,0,206,0,20,197,0,217,174,0,174,391
12/08/2013,SPG,FL,ASO,ES,Federal Contract Tower,0,0,16,0,16,0,20,129,0,149,0,20,145,0,165,164,8,172,337
12/09/2013,SPG,FL,ASO,ES,Federal Contract Tower,0,0,7,0,7,0,12,125,0,137,0,12,132,0,144,192,0,192,336
12/10/2013,SPG,FL,ASO,ES,Federal Contract Tower,0,1,9,0,10,0,14,125,0,139,0,15,134,0,149,164,0,164,313
12/11/2013,SPG,FL,ASO,ES,Federal Contract Tower,0,0,9,0,9,0,16,126,0,142,0,16,135,0,151,176,0,176,327
12/12/2013,SPG,FL,ASO,ES,Federal Contract Tower,0,0,23,0,23,0,8,89,2,99,0,8,112,2,122,110,22,132,254
12/13/2013,SPG,FL,ASO,ES,Federal Contract Tower,0,0,18,0,18,0,2,77,0,79,0,2,95,0,97,142,0,142,239
12/14/2013,SPG,FL,ASO,ES,Federal Contract Tower,0,0,13,0,13,0,14,110,0,124,0,14,123,0,137,122,0,122,259
12/15/2013,SPG,FL,ASO,ES,Federal Contract Tower,0,0,10,0,10,0,10,103,0,113,0,10,113,0,123,110,0,110,233
12/16/2013,SPG,FL,ASO,ES,Federal Contract Tower,0,0,10,0,10,0,15,113,2,130,0,15,123,2,140,158,34,192,332
12/17/2013,SPG,FL,ASO,ES,Federal Contract Tower,0,0,10,0,10,0,13,119,2,134,0,13,129,2,144,156,42,198,342
12/18/2013,SPG,FL,ASO,ES,Federal Contract Tower,0,0,15,0,15,0,12,132,4,148,0,12,147,4,163,146,40,186,349
12/19/2013,SPG,FL,ASO,ES,Federal Contract Tower,0,0,13,0,13,0,14,125,2,141,0,14,138,2,154,154,28,182,336
12/20/2013,SPG,FL,ASO,ES,Federal Contract Tower,0,0,10,0,10,0,4,128,0,132,0,4,138,0,142,156,0,156,298
12/21/2013,SPG,FL,ASO,ES,Federal Contract Tower,0,0,9,0,9,0,18,103,0,121,0,18,112,0,130,124,0,124,254
12/22/2013,SPG,FL,ASO,ES,Federal Contract Tower,0,0,9,0,9,0,16,112,0,128,0,16,121,0,137,144,0,144,281
12/23/2013,SPG,FL,ASO,ES,Federal Contract Tower,0,0,13,0,13,0,14,105,2,121,0,14,118,2,134,154,18,172,306
12/24/2013,SPG,FL,ASO,ES,Federal Contract Tower,0,0,5,0,5,0,0,48,0,48,0,0,53,0,53,126,0,126,179
12/25/2013,SPG,FL,ASO,ES,Federal Contract Tower,0,0,8,0,8,0,0,31,0,31,0,0,39,0,39,18,0,18,57
12/26/2013,SPG,FL,ASO,ES,Federal Contract Tower,0,0,12,0,12,0,2,92,0,94,0,2,104,0,106,70,0,70,176
12/27/2013,SPG,FL,ASO,ES,Federal Contract Tower,0,0,11,0,11,0,2,78,0,80,0,2,89,0,91,72,0,72,163
12/28/2013,SPG,FL,ASO,ES,Federal Contract Tower,0,0,10,0,10,0,28,97,0,125,0,28,107,0,135,140,0,140,275
12/29/2013,SPG,FL,ASO,ES,Federal Contract Tower,0,0,8,0,8,0,0,7,0,7,0,0,15,0,15,0,0,0,15
12/30/2013,SPG,FL,ASO,ES,Federal Contract Tower,0,0,41,0,41,0,6,72,0,78,0,6,113,0,119,132,0,132,251
12/31/2013,SPG,FL,ASO,ES,Federal Contract Tower,0,0,10,0,10,0,4,98,0,102,0,4,108,0,112,196,0,196,308
01/01/2014,SPG,FL,ASO,ES,Federal Contract Tower,0,0,17,0,17,0,0,8,0,8,0,0,25,0,25,0,0,0,25
01/02/2014,SPG,FL,ASO,ES,Federal Contract Tower,0,0,9,0,9,0,0,44,0,44,0,0,53,0,53,14,0,14,67
01/03/2014,SPG,FL,ASO,ES,Federal Contract Tower,0,0,21,0,21,0,0,98,0,98,0,0,119,0,119,86,0,86,205
01/04/2014,SPG,FL,ASO,ES,Federal Contract Tower,0,2,21,0,23,0,14,140,0,154,0,16,161,0,177,164,0,164,341
01/05/2014,SPG,FL,ASO,ES,Federal Contract Tower,0,0,10,0,10,0,8,128,0,136,0,8,138,0,146,172,0,172,318
01/06/2014,SPG,FL,ASO,ES,Federal Contract Tower,0,1,7,0,8,0,0,20,2,22,0,1,27,2,30,0,0,0,30
01/07/2014,SPG,FL,ASO,ES,Federal Contract Tower,0,0,11,0,11,0,10,56,0,66,0,10,67,0,77,90,0,90,167
01/08/2014,SPG,FL,ASO,ES,Federal Contract Tower,0,0,15,0,15,0,12,73,0,85,0,12,88,0,100,190,0,190,290
01/09/2014,SPG,FL,ASO,ES,Federal Contract Tower,0,0,11,0,11,0,0,42,0,42,0,0,53,0,53,108,0,108,161
01/10/2014,SPG,FL,ASO,ES,Federal Contract Tower,0,0,19,0,19,0,4,66,0,70,0,4,85,0,89,102,0,102,191
01/11/2014,SPG,FL,ASO,ES,Federal Contract Tower,0,0,12,0,12,0,0,29,1,30,0,0,41,1,42,16,2,18,60
01/12/2014,SPG,FL,ASO,ES,Federal Contract Tower,0,0,15,0,15,0,16,138,0,154,0,16,153,0,169,134,0,134,303
01/13/2014,SPG,FL,ASO,ES,Federal Contract Tower,0,0,10,0,10,0,15,112,2,129,0,15,122,2,139,166,20,186,325
01/14/2014,SPG,FL,ASO,ES,Federal Contract Tower,0,0,4,0,4,0,11,80,0,91,0,11,84,0,95,124,0,124,219
01/15/2014,SPG,FL,ASO,ES,Federal Contract Tower,0,0,6,0,6,0,11,108,46,165,0,11,114,46,171,140,0,140,311
01/16/2014,SPG,FL,ASO,ES,Federal Contract Tower,0,0,7,0,7,0,18,125,0,143,0,18,132,0,150,144,0,144,294
01/17/2014,SPG,FL,ASO,ES,Federal Contract Tower,0,1,16,1,18,0,0,104,2,106,0,1,120,3,124,146,36,182,306
01/18/2014,SPG,FL,ASO,ES,Federal Contract Tower,0,0,10,0,10,0,26,97,3,126,0,26,107,3,136,150,20,170,306
01/19/2014,SPG,FL,ASO,ES,Federal Contract Tower,0,0,9,1,10,0,20,119,1,140,0,20,128,2,150,152,0,152,302
01/20/2014,SPG,FL,ASO,ES,Federal Contract Tower,0,0,10,0,10,0,19,137,0,156,0,19,147,0,166,150,0,150,316
01/21/2014,SPG,FL,ASO,ES,Federal Contract Tower,0,0,7,0,7,0,20,133,0,153,0,20,140,0,160,152,0,152,312
01/22/2014,SPG,FL,ASO,ES,Federal Contract Tower,0,0,4,0,4,0,17,123,0,140,0,17,127,0,144,150,0,150,294
01/23/2014,SPG,FL,ASO,ES,Federal Contract Tower,0,1,12,0,13,0,8,141,2,151,0,9,153,2,164,190,16,206,370
01/24/2014,SPG,FL,ASO,ES,Federal Contract Tower,0,0,13,0,13,0,0,98,2,100,0,0,111,2,113,74,0,74,187
01/25/2014,SPG,FL,ASO,ES,Federal Contract Tower,0,0,15,0,15,0,14,203,0,217,0,14,218,0,232,74,0,74,306
01/26/2014,SPG,FL,ASO,ES,Federal Contract Tower,0,0,20,0,20,0,13,91,0,104,0,13,111,0,124,142,0,142,266
01/27/2014,SPG,FL,ASO,ES,Federal Contract Tower,0,0,4,0,4,0,10,58,2,70,0,10,62,2,74,116,20,136,210
01/28/2014,SPG,FL,ASO,ES,Federal Contract Tower,0,0,4,0,4,0,16,110,3,129,0,16,114,3,133,138,38,176,309
01/29/2014,SPG,FL,ASO,ES,Federal Contract Tower,0,0,16,0,16,0,6,61,2,69,0,6,77,2,85,84,54,138,223
01/30/2014,SPG,FL,ASO,ES,Federal Contract Tower,0,0,13,0,13,0,0,0,0,0,0,0,13,0,13,0,0,0,13
01/31/2014,SPG,FL,ASO,ES,Federal Contract Tower,0,1,20,0,21,0,0,0,0,0,0,1,20,0,21,0,0,0,21
02/01/2014,SPG,FL,ASO,ES,Federal Contract Tower,0,0,9,0,9,0,0,51,0,51,0,0,60,0,60,92,6,98,158
02/02/2014,SPG,FL,ASO,ES,Federal Contract Tower,0,0,14,0,14,0,6,101,0,107,0,6,115,0,121,178,0,178,299
02/03/2014,SPG,FL,ASO,ES,Federal Contract Tower,0,0,5,0,5,0,10,86,0,96,0,10,91,0,101,142,0,142,243
02/04/2014,SPG,FL,ASO,ES,Federal Contract Tower,0,0,7,0,7,0,14,105,2,121,0,14,112,2,128,159,20,179,307
02/05/2014,SPG,FL,ASO,ES,Federal Contract Tower,0,0,16,0,16,0,0,0,0,0,0,0,16,0,16,18,0,18,34
02/06/2014,SPG,FL,ASO,ES,Federal Contract Tower,0,0,23,0,23,0,11,86,0,97,0,11,109,0,120,190,0,190,310
02/07/2014,SPG,FL,ASO,ES,Federal Contract Tower,0,1,22,0,23,0,0,7,0,7,0,1,29,0,30,2,0,2,32
02/08/2014,SPG,FL,ASO,ES,Federal Contract Tower,0,0,7,0,7,0,0,0,0,0,0,0,7,0,7,0,0,0,7
02/09/2014,SPG,FL,ASO,ES,Federal Contract Tower,0,0,16,0,16,0,8,128,0,136,0,8,144,0,152,184,0,184,336
02/10/2014,SPG,FL,ASO,ES,Federal Contract Tower,0,0,6,0,6,0,12,119,1,132,0,12,125,1,138,198,12,210,348
02/11/2014,SPG,FL,ASO,ES,Federal Contract Tower,0,0,17,0,17,0,10,131,2,143,0,10,148,2,160,154,18,172,332
02/12/2014,SPG,FL,ASO,ES,Federal Contract Tower,0,0,4,0,4,0,4,50,0,54,0,4,54,0,58,108,0,108,166
02/13/2014,SPG,FL,ASO,ES,Federal Contract Tower,0,0,12,0,12,0,14,96,2,112,0,14,108,2,124,148,14,162,286
02/14/2014,SPG,FL,ASO,ES,Federal Contract Tower,0,0,16,0,16,0,9,130,0,139,0,9,146,0,155,220,0,220,375
02/15/2014,SPG,FL,ASO,ES,Federal Contract Tower,0,0,5,0,5,0,0,88,0,88,0,0,93,0,93,76,0,76,169
02/16/2014,SPG,FL,ASO,ES,Federal Contract Tower,0,0,13,0,13,0,0,134,0,134,0,0,147,0,147,186,0,186,333
02/17/2014,SPG,FL,ASO,ES,Federal Contract Tower,0,0,10,0,10,0,0,115,0,115,0,0,125,0,125,178,0,178,303
02/18/2014,SPG,FL,ASO,ES,Federal Contract Tower,0,0,12,0,12,0,0,149,2,151,0,0,161,2,163,110,20,130,293
02/19/2014,SPG,FL,ASO,ES,Federal Contract Tower,0,0,15,0,15,0,9,141,0,150,0,9,156,0,165,184,0,184,349
02/20/2014,SPG,FL,ASO,ES,Federal Contract Tower,0,0,11,0,11,0,6,131,2,139,0,6,142,2,150,164,6,170,320
02/21/2014,SPG,FL,ASO,ES,Federal Contract Tower,0,2,13,0,15,0,3,25,0,28,0,5,38,0,43,70,0,70,113
02/22/2014,SPG,FL,ASO,ES,Federal Contract Tower,0,0,13,0,13,0,0,42,0,42,0,0,55,0,55,114,0,114,169
02/23/2014,SPG,FL,ASO,ES,Federal Contract Tower,0,0,15,0,15,0,6,75,0,81,0,6,90,0,96,146,0,146,242
02/24/2014,SPG,FL,ASO,ES,Federal Contract Tower,0,0,10,0,10,0,10,110,2,122,0,10,120,2,132,156,20,176,308
02/25/2014,SPG,FL,ASO,ES,Federal Contract Tower,0,0,17,0,17,0,12,141,0,153,0,12,158,0,170,192,0,192,362
02/26/2014,SPG,FL,ASO,ES,Federal Contract Tower,0,0,11,0,11,0,6,54,2,62,0,6,65,2,73,38,0,38,111
02/27/2014,SPG,FL,ASO,ES,Federal Contract Tower,0,3,11,0,14,0,9,104,0,113,0,12,115,0,127,174,0,174,301
02/28/2014,SPG,FL,ASO,ES,Federal Contract Tower,0,1,13,0,14,0,8,132,2,142,0,9,145,2,156,188,22,210,366
03/01/2014,SPG,FL,ASO,ES,Federal Contract Tower,0,0,18,0,18,0,10,159,2,171,0,10,177,2,189,168,24,192,381
03/02/2014,SPG,FL,ASO,ES,Federal Contract Tower,0,0,18,0,18,0,10,146,2,158,0,10,164,2,176,192,2,194,370
03/03/2014,SPG,FL,ASO,ES,Federal Contract Tower,0,0,15,0,15,0,10,114,0,124,0,10,129,0,139,132,0,132,271
03/04/2014,SPG,FL,ASO,ES,Federal Contract Tower,0,0,6,0,6,0,21,100,4,125,0,21,106,4,131,146,34,180,311
03/05/2014,SPG,FL,ASO,ES,Federal Contract Tower,0,0,13,0,13,0,8,109,4,121,0,8,122,4,134,108,100,208,342
03/06/2014,SPG,FL,ASO,ES,Federal Contract Tower,0,0,3,0,3,0,0,11,4,15,0,0,14,4,18,0,64,64,82
03/07/2014,SPG,FL,ASO,ES,Federal Contract Tower,0,0,20,0,20,0,2,61,0,63,0,2,81,0,83,46,0,46,129
03/08/2014,SPG,FL,ASO,ES,Federal Contract Tower,0,1,12,0,13,0,8,123,0,131,0,9,135,0,144,128,0,128,272
03/09/2014,SPG,FL,ASO,ES,Federal Contract Tower,0,0,17,0,17,0,10,113,0,123,0,10,130,0,140,136,0,136,276
03/10/2014,SPG,FL,ASO,ES,Federal Contract Tower,0,0,12,0,12,0,8,111,2,121,0,8,123,2,133,136,2,138,271
03/11/2014,SPG,FL,ASO,ES,Federal Contract Tower,0,0,12,0,12,0,14,138,4,156,0,14,150,4,168,146,40,186,354
03/12/2014,SPG,FL,ASO,ES,Federal Contract Tower,0,0,10,0,10,0,14,105,1,120,0,14,115,1,130,142,0,142,272
03/13/2014,SPG,FL,ASO,ES,Federal Contract Tower,0,1,7,0,8,0,14,106,4,124,0,15,113,4,132,156,46,202,334
03/14/2014,SPG,FL,ASO,ES,Federal Contract Tower,0,1,10,0,11,0,12,123,0,135,0,13,133,0,146,192,0,192,338
03/15/2014,SPG,FL,ASO,ES,Federal Contract Tower,0,0,14,0,14,0,18,147,0,165,0,18,161,0,179,154,0,154,333
03/16/2014,SPG,FL,ASO,ES,Federal Contract Tower,0,0,8,0,8,0,6,84,0,90,0,6,92,0,98,124,0,124,222
03/17/2014,SPG,FL,ASO,ES,Federal Contract Tower,0,0,2,0,2,0,0,2,0,2,0,0,4,0,4,4,0,4,8
03/18/2014,SPG,FL,ASO,ES,Federal Contract Tower,0,0,10,0,10,0,22,122,2,146,0,22,132,2,156,176,30,206,362
03/19/2014,SPG,FL,ASO,ES,Federal Contract Tower,0,0,10,0,10,0,14,131,0,145,0,14,141,0,155,196,0,196,351
03/20/2014,SPG,FL,ASO,ES,Federal Contract Tower,0,1,13,0,14,0,10,117,0,127,0,11,130,0,141,134,0,134,275
03/21/2014,SPG,FL,ASO,ES,Federal Contract Tower,0,0,18,1,19,0,6,123,0,129,0,6,141,1,148,178,0,178,326
03/22/2014,SPG,FL,ASO,ES,Federal Contract Tower,0,0,13,0,13,0,16,99,0,115,0,16,112,0,128,110,0,110,238
03/23/2014,SPG,FL,ASO,ES,Federal Contract Tower,0,0,11,0,11,0,7,91,0,98,0,7,102,0,109,104,0,104,213
03/24/2014,SPG,FL,ASO,ES,Federal Contract Tower,0,0,15,0,15,0,4,40,0,44,0,4,55,0,59,100,0,100,159
03/25/2014,SPG,FL,ASO,ES,Federal Contract Tower,0,0,8,0,8,0,8,95,0,103,0,8,103,0,111,120,0,120,231
03/26/2014,SPG,FL,ASO,ES,Federal Contract Tower,0,0,10,0,10,0,13,114,2,129,0,13,124,2,139,134,16,150,289
03/27/2014,SPG,FL,ASO,ES,Federal Contract Tower,0,0,8,0,8,0,11,112,0,123,0,11,120,0,131,94,8,102,233
03/28/2014,SPG,FL,ASO,ES,Federal Contract Tower,0,0,8,0,8,0,2,20,0,22,0,2,28,0,30,0,8,8,38
03/29/2014,SPG,FL,ASO,ES,Federal Contract Tower,0,0,5,0,5,0,0,21,0,21,0,0,26,0,26,4,0,4,30
03/30/2014,SPG,FL,ASO,ES,Federal Contract Tower,0,0,12,0,12,0,28,186,0,214,0,28,198,0,226,112,0,112,338
03/31/2014,SPG,FL,ASO,ES,Federal Contract Tower,0,0,5,0,5,0,17,126,2,145,0,17,131,2,150,140,16,156,306
04/01/2014,SPG,FL,ASO,ES,Federal Contract Tower,0,0,15,0,15,0,16,120,5,141,0,16,135,5,156,140,22,162,318
04/02/2014,SPG,FL,ASO,ES,Federal Contract Tower,0,0,11,0,11,0,14,143,0,157,0,14,154,0,168,158,0,158,326
04/03/2014,SPG,FL,ASO,ES,Federal Contract Tower,0,0,11,0,11,0,16,125,2,143,0,16,136,2,154,118,18,136,290
04/04/2014,SPG,FL,ASO,ES,Federal Contract Tower,0,0,7,0,7,0,0,107,0,107,0,0,114,0,114,84,0,84,198
04/05/2014,SPG,FL,ASO,ES,Federal Contract Tower,0,0,15,0,15,0,16,109,2,127,0,16,124,2,142,118,28,146,288
04/06/2014,SPG,FL,ASO,ES,Federal Contract Tower,0,0,8,0,8,0,12,134,0,146,0,12,142,0,154,182,0,182,336
04/07/2014,SPG,FL,ASO,ES,Federal Contract Tower,0,0,10,0,10,0,12,112,2,126,0,12,122,2,136,128,24,152,288
04/08/2014,SPG,FL,ASO,ES,Federal Contract Tower,0,1,7,0,8,0,0,45,0,45,0,1,52,0,53,54,0,54,107
04/09/2014,SPG,FL,ASO,ES,Federal Contract Tower,0,1,7,0,8,0,10,90,0,100,0,11,97,0,108,172,0,172,280
04/10/2014,SPG,FL,ASO,ES,Federal Contract Tower,0,0,14,0,14,0,0,119,2,121,0,0,133,2,135,136,16,152,287
04/11/2014,SPG,FL,ASO,ES,Federal Contract Tower,0,0,15,0,15,0,1,141,0,142,0,1,156,0,157,160,0,160,317
04/12/2014,SPG,FL,ASO,ES,Federal Contract Tower,0,6,14,0,20,0,22,140,2,164,0,28,154,2,184,158,24,182,366
04/13/2014,SPG,FL,ASO,ES,Federal Contract Tower,0,1,20,0,21,0,16,118,0,134,0,17,138,0,155,134,0,134,289
04/14/2014,SPG,FL,ASO,ES,Federal Contract Tower,0,2,3,0,5,0,12,121,2,135,0,14,124,2,140,136,32,168,308
04/15/2014,SPG,FL,ASO,ES,Federal Contract Tower,0,0,10,0,10,0,6,38,6,50,0,6,48,6,60,50,70,120,180
04/16/2014,SPG,FL,ASO,ES,Federal Contract Tower,0,0,10,0,10,0,12,100,6,118,0,12,110,6,128,170,30,200,328
04/17/2014,SPG,FL,ASO,ES,Federal Contract Tower,0,0,8,0,8,0,11,100,2,113,0,11,108,2,121,124,16,140,261
04/18/2014,SPG,FL,ASO,ES,Federal Contract Tower,0,2,7,0,9,0,2,31,0,33,0,4,38,0,42,12,0,12,54
04/19/2014,SPG,FL,ASO,ES,Federal Contract Tower,0,0,15,0,15,0,18,74,0,92,0,18,89,0,107,80,0,80,187
04/20/2014,SPG,FL,ASO,ES,Federal Contract Tower,0,0,10,0,10,0,10,103,0,113,0,10,113,0,123,138,0,138,261
04/21/2014,SPG,FL,ASO,ES,Federal Contract Tower,0,0,11,0,11,0,12,116,2,130,0,12,127,2,141,144,22,166,307
04/22/2014,SPG,FL,ASO,ES,Federal Contract Tower,0,1,15,0,16,0,18,115,0,133,0,19,130,0,149,124,0,124,273
04/23/2014,SPG,FL,ASO,ES,Federal Contract Tower,0,0,12,0,12,0,14,101,0,115,0,14,113,0,127,170,0,170,297
04/24/2014,SPG,FL,ASO,ES,Federal Contract Tower,0,0,12,0,12,0,17,127,0,144,0,17,139,0,156,160,0,160,316
04/25/2014,SPG,FL,ASO,ES,Federal Contract Tower,0,2,19,0,21,0,6,123,0,129,0,8,142,0,150,200,0,200,350
04/26/2014,SPG,FL,ASO,ES,Federal Contract Tower,0,0,14,0,14,0,18,122,0,140,0,18,136,0,154,132,0,132,286
04/27/2014,SPG,FL,ASO,ES,Federal Contract Tower,0,2,16,0,18,0,12,132,0,144,0,14,148,0,162,150,0,150,312
04/28/2014,SPG,FL,ASO,ES,Federal Contract Tower,0,0,7,0,7,0,18,121,0,139,0,18,128,0,146,148,0,148,294
04/29/2014,SPG,FL,ASO,ES,Federal Contract Tower,0,0,8,0,8,0,14,107,0,121,0,14,115,0,129,146,0,146,275
04/30/2014,SPG,FL,ASO,ES,Federal Contract Tower,0,0,11,0,11,0,15,119,1,135,0,15,130,1,146,142,12,154,300
05/01/2014,SPG,FL,ASO,ES,Federal Contract Tower,0,0,6,0,6,0,13,111,2,126,0,13,117,2,132,152,30,182,314
05/02/2014,SPG,FL,ASO,ES,Federal Contract Tower,0,0,2,0,2,0,0,7,0,7,0,0,9,0,9,0,0,0,9
05/03/2014,SPG,FL,ASO,ES,Federal Contract Tower,0,0,7,0,7,0,8,10,0,18,0,8,17,0,25,0,0,0,25
05/04/2014,SPG,FL,ASO,ES,Federal Contract Tower,0,0,13,0,13,0,14,135,0,149,0,14,148,0,162,160,0,160,322
05/05/2014,SPG,FL,ASO,ES,Federal Contract Tower,0,2,13,0,15,0,18,112,0,130,0,20,125,0,145,176,0,176,321
05/06/2014,SPG,FL,ASO,ES,Federal Contract Tower,0,0,8,0,8,0,18,130,0,148,0,18,138,0,156,178,0,178,334
05/07/2014,SPG,FL,ASO,ES,Federal Contract Tower,0,0,13,0,13,0,20,128,4,152,0,20,141,4,165,138,22,160,325
05/08/2014,SPG,FL,ASO,ES,Federal Contract Tower,0,1,8,1,10,0,0,70,3,73,0,1,78,4,83,76,20,96,179
05/09/2014,SPG,FL,ASO,ES,Federal Contract Tower,0,0,11,0,11,0,4,120,0,124,0,4,131,0,135,222,0,222,357
05/10/2014,SPG,FL,ASO,ES,Federal Contract Tower,0,0,4,0,4,0,28,98,0,126,0,28,102,0,130,160,0,160,290
05/11/2014,SPG,FL,ASO,ES,Federal Contract Tower,0,0,12,0,12,0,12,117,0,129,0,12,129,0,141,170,0,170,311
05/12/2014,SPG,FL,ASO,ES,Federal Contract Tower,0,2,6,0,8,0,20,114,2,136,0,22,120,2,144,160,14,174,318
05/13/2014,SPG,FL,ASO,ES,Federal Contract Tower,0,0,7,0,7,0,15,108,4,127,0,15,115,4,134,128,20,148,282
05/14/2014,SPG,FL,ASO,ES,Federal Contract Tower,0,2,8,0,10,0,15,99,0,114,0,17,107,0,124,142,0,142,266
05/15/2014,SPG,FL,ASO,ES,Federal Contract Tower,0,0,9,0,9,0,14,88,2,104,0,14,97,2,113,96,22,118,231
05/16/2014,SPG,FL,ASO,ES,Federal Contract Tower,0,0,12,0,12,0,0,104,0,104,0,0,116,0,116,94,0,94,210
05/17/2014,SPG,FL,ASO,ES,Federal Contract Tower,0,1,16,0,17,0,24,113,4,141,0,25,129,4,158,96,18,114,272
05/18/2014,SPG,FL,ASO,ES,Federal Contract Tower,0,2,5,0,7,0,18,120,0,138,0,20,125,0,145,142,0,142,287
05/19/2014,SPG,FL,ASO,ES,Federal Contract Tower,0,0,6,0,6,0,14,112,0,126,0,14,118,0,132,172,0,172,304
05/20/2014,SPG,FL,ASO,ES,Federal Contract Tower,0,0,8,0,8,0,10,110,0,120,0,10,118,0,128,164,0,164,292
05/21/2014,SPG,FL,ASO,ES,Federal Contract Tower,0,0,17,0,17,0,12,113,0,125,0,12,130,0,142,162,0,162,304
05/22/2014,SPG,FL,ASO,ES,Federal Contract Tower,0,0,8,0,8,0,16,119,2,137,0,16,127,2,145,144,20,164,309
05/23/2014,SPG,FL,ASO,ES,Federal Contract Tower,0,0,12,0,12,0,13,124,0,137,0,13,136,0,149,130,0,130,279
05/24/2014,SPG,FL,ASO,ES,Federal Contract Tower,0,2,11,0,13,0,12,101,0,113,0,14,112,0,126,172,0,172,298
05/25/2014,SPG,FL,ASO,ES,Federal Contract Tower,0,0,15,0,15,0,12,137,0,149,0,12,152,0,164,170,0,170,334
05/26/2014,SPG,FL,ASO,ES,Federal Contract Tower,0,0,17,0,17,0,12,135,0,147,0,12,152,0,164,164,0,164,328
05/27/2014,SPG,FL,ASO,ES,Federal Contract Tower,0,0,2,0,2,0,15,112,4,131,0,15,114,4,133,164,12,176,309
05/28/2014,SPG,FL,ASO,ES,Federal Contract Tower,0,0,10,0,10,0,14,102,0,116,0,14,112,0,126,202,0,202,328
05/29/2014,SPG,FL,ASO,ES,Federal Contract Tower,0,0,12,0,12,0,10,127,3,140,0,10,139,3,152,180,0,180,332
05/30/2014,SPG,FL,ASO,ES,Federal Contract Tower,0,2,12,0,14,0,0,84,0,84,0,2,96,0,98,92,0,92,190
05/31/2014,SPG,FL,ASO,ES,Federal Contract Tower,0,0,10,0,10,0,18,113,0,131,0,18,123,0,141,146,0,146,287
06/01/2014,SPG,FL,ASO,ES,Federal Contract Tower,0,2,9,0,11,0,6,69,0,75,0,8,78,0,86,138,0,138,224
06/02/2014,SPG,FL,ASO,ES,Federal Contract Tower,0,0,4,0,4,0,9,68,0,77,0,9,72,0,81,100,0,100,181
06/03/2014,SPG,FL,ASO,ES,Federal Contract Tower,0,0,9,0,9,0,11,95,2,108,0,11,104,2,117,102,24,126,243
06/04/2014,SPG,FL,ASO,ES,Federal Contract Tower,0,0,14,0,14,0,18,85,0,103,0,18,99,0,117,156,0,156,273
06/05/2014,SPG,FL,ASO,ES,Federal Contract Tower,0,0,4,0,4,0,17,128,0,145,0,17,132,0,149,158,0,158,307
06/06/2014,SPG,FL,ASO,ES,Federal Contract Tower,0,2,21,0,23,0,0,99,0,99,0,2,120,0,122,166,0,166,288
06/07/2014,SPG,FL,ASO,ES,Federal Contract Tower,0,0,14,0,14,0,30,92,0,122,0,30,106,0,136,140,0,140,276
06/08/2014,SPG,FL,ASO,ES,Federal Contract Tower,0,0,21,0,21,0,16,115,0,131,0,16,136,0,152,176,0,176,328
06/09/2014,SPG,FL,ASO,ES,Federal Contract Tower,0,2,4,0,6,0,14,111,2,127,0,16,115,2,133,138,22,160,293
06/10/2014,SPG,FL,ASO,ES,Federal Contract Tower,0,0,11,0,11,0,12,116,4,132,0,12,127,4,143,146,20,166,309
06/11/2014,SPG,FL,ASO,ES,Federal Contract Tower,0,0,12,0,12,0,13,108,2,123,0,13,120,2,135,150,24,174,309
06/12/2014,SPG,FL,ASO,ES,Federal Contract Tower,0,2,9,0,11,0,15,134,4,153,0,17,143,4,164,138,12,150,314
06/13/2014,SPG,FL,ASO,ES,Federal Contract Tower,0,4,13,0,17,0,0,30,2,32,0,4,43,2,49,16,0,16,65
06/14/2014,SPG,FL,ASO,ES,Federal Contract Tower,0,2,6,0,8,0,16,180,0,196,0,18,186,0,204,76,0,76,280
06/15/2014,SPG,FL,ASO,ES,Federal Contract Tower,0,2,7,0,9,0,16,21,0,37,0,18,28,0,46,156,0,156,202
06/16/2014,SPG,FL,ASO,ES,Federal Contract Tower,0,0,5,4,9,0,10,108,0,118,0,10,113,4,127,182,0,182,309
06/17/2014,SPG,FL,ASO,ES,Federal Contract Tower,0,0,12,0,12,0,13,107,0,120,0,13,119,0,132,206,0,206,338
06/18/2014,SPG,FL,ASO,ES,Federal Contract Tower,0,4,6,0,10,0,13,111,1,125,0,17,117,1,135,158,34,192,327
06/19/2014,SPG,FL,ASO,ES,Federal Contract Tower,0,0,10,1,11,0,13,127,2,142,0,13,137,3,153,188,14,202,355
06/20/2014,SPG,FL,ASO,ES,Federal Contract Tower,0,2,12,0,14,0,0,102,2,104,0,2,114,2,118,134,2,136,254
06/21/2014,SPG,FL,ASO,ES,Federal Contract Tower,0,0,15,0,15,0,12,142,0,154,0,12,157,0,169,154,0,154,323
06/22/2014,SPG,FL,ASO,ES,Federal Contract Tower,0,1,5,0,6,0,18,140,0,158,0,19,145,0,164,136,0,136,300
06/23/2014,SPG,FL,ASO,ES,Federal Contract Tower,0,2,8,0,10,0,18,144,8,170,0,20,152,8,180,132,22,154,334
06/24/2014,SPG,FL,ASO,ES,Federal Contract Tower,0,2,12,0,14,0,18,123,4,145,0,20,135,4,159,156,28,184,343
06/25/2014,SPG,FL,ASO,ES,Federal Contract Tower,0,0,8,0,8,0,15,133,0,148,0,15,141,0,156,150,0,150,306
06/26/2014,SPG,FL,ASO,ES,Federal Contract Tower,0,0,9,0,9,0,14,128,0,142,0,14,137,0,151,156,0,156,307
06/27/2014,SPG,FL,ASO,ES,Federal Contract Tower,0,4,8,0,12,0,0,100,2,102,0,4,108,2,114,140,2,142,256
06/28/2014,SPG,FL,ASO,ES,Federal Contract Tower,0,0,6,0,6,0,24,106,0,130,0,24,112,0,136,160,0,160,296
06/29/2014,SPG,FL,ASO,ES,Federal Contract Tower,0,2,10,0,12,0,12,127,0,139,0,14,137,0,151,186,0,186,337
06/30/2014,SPG,FL,ASO,ES,Federal Contract Tower,0,0,4,0,4,0,14,113,2,129,0,14,117,2,133,154,50,204,337
07/01/2014,SPG,FL,ASO,ES,Federal Contract Tower,0,0,11,0,11,0,14,121,6,141,0,14,132,6,152,134,40,174,326
07/02/2014,SPG,FL,ASO,ES,Federal Contract Tower,0,0,5,2,7,0,0,97,0,97,0,0,102,2,104,242,4,246,350
07/03/2014,SPG,FL,ASO,ES,Federal Contract Tower,0,3,6,0,9,0,2,67,0,69,0,5,73,0,78,94,0,94,172
07/04/2014,SPG,FL,ASO,ES,Federal Contract Tower,0,0,4,0,4,0,18,99,2,119,0,18,103,2,123,102,22,124,247
07/05/2014,SPG,FL,ASO,ES,Federal Contract Tower,0,0,5,0,5,0,12,95,0,107,0,12,100,0,112,168,4,172,284
07/06/2014,SPG,FL,ASO,ES,Federal Contract Tower,0,2,7,0,9,0,9,82,0,91,0,11,89,0,100,102,0,102,202
07/07/2014,SPG,FL,ASO,ES,Federal Contract Tower,0,0,6,0,6,0,13,92,0,105,0,13,98,0,111,76,0,76,187
07/08/2014,SPG,FL,ASO,ES,Federal Contract Tower,0,0,3,0,3,0,14,131,0,145,0,14,134,0,148,122,0,122,270
07/09/2014,SPG,FL,ASO,ES,Federal Contract Tower,0,0,7,0,7,0,18,106,0,124,0,18,113,0,131,130,0,130,261
07/10/2014,SPG,FL,ASO,ES,Federal Contract Tower,0,0,6,0,6,0,16,121,2,139,0,16,127,2,145,144,18,162,307
07/11/2014,SPG,FL,ASO,ES,Federal Contract Tower,0,3,6,0,9,0,8,110,3,121,0,11,116,3,130,280,22,302,432
07/12/2014,SPG,FL,ASO,ES,Federal Contract Tower,0,0,6,0,6,0,18,83,0,101,0,18,89,0,107,110,0,110,217
07/13/2014,SPG,FL,ASO,ES,Federal Contract Tower,0,0,8,0,8,0,14,114,0,128,0,14,122,0,136,180,0,180,316
07/14/2014,SPG,FL,ASO,ES,Federal Contract Tower,0,0,8,0,8,0,16,123,2,141,0,16,131,2,149,162,12,174,323
07/15/2014,SPG,FL,ASO,ES,Federal Contract Tower,0,0,7,0,7,0,14,122,4,140,0,14,129,4,147,118,50,168,315
07/16/2014,SPG,FL,ASO,ES,Federal Contract Tower,0,0,12,0,12,0,13,76,0,89,0,13,88,0,101,138,0,138,239
07/17/2014,SPG,FL,ASO,ES,Federal Contract Tower,0,1,9,0,10,0,14,123,0,137,0,15,132,0,147,158,0,158,305
07/18/2014,SPG,FL,ASO,ES,Federal Contract Tower,0,2,10,0,12,0,0,116,0,116,0,2,126,0,128,158,0,158,286
07/19/2014,SPG,FL,ASO,ES,Federal Contract Tower,0,0,4,0,4,0,22,108,0,130,0,22,112,0,134,170,0,170,304
07/20/2014,SPG,FL,ASO,ES,Federal Contract Tower,0,2,8,0,10,0,14,120,0,134,0,16,128,0,144,176,0,176,320
07/21/2014,SPG,FL,ASO,ES,Federal Contract Tower,0,0,5,0,5,0,18,109,0,127,0,18,114,0,132,168,0,168,300
07/22/2014,SPG,FL,ASO,ES,Federal Contract Tower,0,0,7,0,7,0,20,107,2,129,0,20,114,2,136,134,38,172,308
07/23/2014,SPG,FL,ASO,ES,Federal Contract Tower,0,0,10,0,10,0,19,113,0,132,0,19,123,0,142,164,0,164,306
07/24/2014,SPG,FL,ASO,ES,Federal Contract Tower,0,0,3,0,3,0,16,103,0,119,0,16,106,0,122,194,0,194,316
07/25/2014,SPG,FL,ASO,ES,Federal Contract Tower,0,0,12,0,12,0,6,81,0,87,0,6,93,0,99,124,0,124,223
07/26/2014,SPG,FL,ASO,ES,Federal Contract Tower,0,0,11,0,11,0,26,96,0,122,0,26,107,0,133,138,0,138,271
07/27/2014,SPG,FL,ASO,ES,Federal Contract Tower,0,0,16,0,16,0,16,116,0,132,0,16,132,0,148,158,0,158,306
07/28/2014,SPG,FL,ASO,ES,Federal Contract Tower,0,0,3,0,3,0,20,124,2,146,0,20,127,2,149,152,18,170,319
07/29/2014,SPG,FL,ASO,ES,Federal Contract Tower,0,0,2,0,2,0,11,104,0,115,0,11,106,0,117,168,22,190,307
07/30/2014,SPG,FL,ASO,ES,Federal Contract Tower,0,0,13,0,13,0,14,125,4,143,0,14,138,4,156,116,46,162,318
07/31/2014,SPG,FL,ASO,ES,Federal Contract Tower,0,0,9,0,9,0,14,117,5,136,0,14,126,5,145,162,0,162,307
08/01/2014,SPG,FL,ASO,ES,Federal Contract Tower,0,2,5,0,7,0,0,106,1,107,0,2,111,1,114,118,0,118,232
08/02/2014,SPG,FL,ASO,ES,Federal Contract Tower,0,0,9,0,9,0,6,79,0,85,0,6,88,0,94,92,0,92,186
08/03/2014,SPG,FL,ASO,ES,Federal Contract Tower,0,0,12,0,12,0,8,127,2,137,0,8,139,2,149,166,12,178,327
08/04/2014,SPG,FL,ASO,ES,Federal Contract Tower,0,0,6,0,6,0,16,113,0,129,0,16,119,0,135,148,0,148,283
08/05/2014,SPG,FL,ASO,ES,Federal Contract Tower,0,0,8,0,8,0,18,104,0,122,0,18,112,0,130,140,0,140,270
08/06/2014,SPG,FL,ASO,ES,Federal Contract Tower,0,0,11,0,11,0,20,110,1,131,0,20,121,1,142,154,0,154,296
08/07/2014,SPG,FL,ASO,ES,Federal Contract Tower,0,0,9,0,9,0,17,128,2,147,0,17,137,2,156,154,18,172,328
08/08/2014,SPG,FL,ASO,ES,Federal Contract Tower,0,2,7,0,9,0,0,97,2,99,0,2,104,2,108,98,12,110,218
08/09/2014,SPG,FL,ASO,ES,Federal Contract Tower,0,0,2,0,2,0,20,92,0,112,0,20,94,0,114,108,0,108,222
08/10/2014,SPG,FL,ASO,ES,Federal Contract Tower,0,1,6,0,7,0,10,106,2,118,0,11,112,2,125,136,38,174,299
08/11/2014,SPG,FL,ASO,ES,Federal Contract Tower,0,0,3,0,3,0,14,100,2,116,0,14,103,2,119,110,30,140,259
08/12/2014,SPG,FL,ASO,ES,Federal Contract Tower,0,0,10,0,10,0,16,111,6,133,0,16,121,6,143,134,42,176,319
08/13/2014,SPG,FL,ASO,ES,Federal Contract Tower,0,0,8,0,8,0,16,125,0,141,0,16,133,0,149,152,0,152,301
08/14/2014,SPG,FL,ASO,ES,Federal Contract Tower,0,0,6,0,6,0,16,103,2,121,0,16,109,2,127,106,34,140,267
08/15/2014,SPG,FL,ASO,ES,Federal Contract Tower,0,2,2,0,4,0,2,4,0,6,0,4,6,0,10,0,0,0,10
08/16/2014,SPG,FL,ASO,ES,Federal Contract Tower,0,0,6,0,6,0,32,80,0,112,0,32,86,0,118,138,0,138,256
08/17/2014,SPG,FL,ASO,ES,Federal Contract Tower,0,2,10,0,12,0,11,130,0,141,0,13,140,0,153,152,0,152,305
08/18/2014,SPG,FL,ASO,ES,Federal Contract Tower,0,2,7,0,9,0,16,125,0,141,0,18,132,0,150,152,0,152,302
08/19/2014,SPG,FL,ASO,ES,Federal Contract Tower,0,0,4,0,4,0,15,124,2,141,0,15,128,2,145,138,22,160,305
08/20/2014,SPG,FL,ASO,ES,Federal Contract Tower,0,0,11,0,11,0,20,126,2,148,0,20,137,2,159,144,28,172,331
08/21/2014,SPG,FL,ASO,ES,Federal Contract Tower,0,2,6,0,8,0,18,125,0,143,0,20,131,0,151,150,0,150,301
08/22/2014,SPG,FL,ASO,ES,Federal Contract Tower,0,1,2,0,3,0,4,89,0,93,0,5,91,0,96,90,4,94,190
08/23/2014,SPG,FL,ASO,ES,Federal Contract Tower,0,0,6,0,6,0,14,0,82,96,0,14,6,82,102,106,0,106,208
08/24/2014,SPG,FL,ASO,ES,Federal Contract Tower,0,2,3,0,5,0,14,111,2,127,0,16,114,2,132,156,8,164,296
08/25/2014,SPG,FL,ASO,ES,Federal Contract Tower,0,0,7,0,7,0,15,119,2,136,0,15,126,2,143,124,26,150,293
08/26/2014,SPG,FL,ASO,ES,Federal Contract Tower,0,0,5,0,5,0,20,108,2,130,0,20,113,2,135,152,18,170,305
08/27/2014,SPG,FL,ASO,ES,Federal Contract Tower,0,2,4,0,6,0,16,122,2,140,0,18,126,2,146,188,22,210,356
08/28/2014,SPG,FL,ASO,ES,Federal Contract Tower,0,4,2,0,6,0,16,131,2,149,0,20,133,2,155,144,0,144,299
08/29/2014,SPG,FL,ASO,ES,Federal Contract Tower,0,0,7,0,7,0,14,65,0,79,0,14,72,0,86,92,0,92,178
08/30/2014,SPG,FL,ASO,ES,Federal Contract Tower,0,0,13,0,13,0,14,88,0,102,0,14,101,0,115,144,0,144,259
08/31/2014,SPG,FL,ASO,ES,Federal Contract Tower,0,0,13,0,13,0,8,62,0,70,0,8,75,0,83,116,0,116,199
09/01/2014,SPG,FL,ASO,ES,Federal Contract Tower,0,0,20,0,20,0,12,121,0,133,0,12,141,0,153,156,0,156,309
09/02/2014,SPG,FL,ASO,ES,Federal Contract Tower,0,2,8,0,10,0,12,120,0,132,0,14,128,0,142,152,0,152,294
09/03/2014,SPG,FL,ASO,ES,Federal Contract Tower,0,2,3,0,5,0,13,103,0,116,0,15,106,0,121,160,0,160,281
09/04/2014,SPG,FL,ASO,ES,Federal Contract Tower,0,0,10,0,10,0,15,101,3,119,0,15,111,3,129,156,26,182,311
09/05/2014,SPG,FL,ASO,ES,Federal Contract Tower,0,0,8,0,8,0,8,98,0,106,0,8,106,0,114,124,0,124,238
09/06/2014,SPG,FL,ASO,ES,Federal Contract Tower,0,0,9,0,9,0,24,86,0,110,0,24,95,0,119,162,0,162,281
09/07/2014,SPG,FL,ASO,ES,Federal Contract Tower,0,2,9,0,11,0,12,113,0,125,0,14,122,0,136,122,0,122,258
09/08/2014,SPG,FL,ASO,ES,Federal Contract Tower,0,0,3,0,3,0,14,115,2,131,0,14,118,2,134,158,4,162,296
09/09/2014,SPG,FL,ASO,ES,Federal Contract Tower,0,2,4,0,6,0,18,112,2,132,0,20,116,2,138,128,28,156,294
09/10/2014,SPG,FL,ASO,ES,Federal Contract Tower,0,0,8,0,8,0,14,122,2,138,0,14,130,2,146,146,16,162,308
09/11/2014,SPG,FL,ASO,ES,Federal Contract Tower,0,0,8,0,8,0,14,111,2,127,0,14,119,2,135,174,32,206,341
09/12/2014,SPG,FL,ASO,ES,Federal Contract Tower,0,2,8,0,10,0,6,114,0,120,0,8,122,0,130,126,0,126,256
09/13/2014,SPG,FL,ASO,ES,Federal Contract Tower,0,0,11,0,11,0,16,101,0,117,0,16,112,0,128,142,0,142,270
09/14/2014,SPG,FL,ASO,ES,Federal Contract Tower,0,2,10,0,12,0,12,119,0,131,0,14,129,0,143,144,0,144,287
09/15/2014,SPG,FL,ASO,ES,Federal Contract Tower,0,2,7,0,9,0,10,108,0,118,0,12,115,0,127,130,0,130,257
09/16/2014,SPG,FL,ASO,ES,Federal Contract Tower,0,0,8,0,8,0,0,64,2,66,0,0,72,2,74,154,34,188,262
09/17/2014,SPG,FL,ASO,ES,Federal Contract Tower,0,0,4,0,4,0,0,9,0,9,0,0,13,0,13,0,0,0,13
09/18/2014,SPG,FL,ASO,ES,Federal Contract Tower,0,0,9,0,9,0,17,111,0,128,0,17,120,0,137,192,0,192,329
09/19/2014,SPG,FL,ASO,ES,Federal Contract Tower,0,2,18,0,20,0,2,55,0,57,0,4,73,0,77,116,0,116,193
09/20/2014,SPG,FL,ASO,ES,Federal Contract Tower,0,0,11,0,11,0,24,92,0,116,0,24,103,0,127,174,0,174,301
09/21/2014,SPG,FL,ASO,ES,Federal Contract Tower,0,0,17,0,17,0,14,96,0,110,0,14,113,0,127,140,0,140,267
09/22/2014,SPG,FL,ASO,ES,Federal Contract Tower,0,0,4,0,4,0,0,47,0,47,0,0,51,0,51,0,0,0,51
09/23/2014,SPG,FL,ASO,ES,Federal Contract Tower,0,0,4,0,4,0,8,67,2,77,0,8,71,2,81,168,26,194,275
09/24/2014,SPG,FL,ASO,ES,Federal Contract Tower,0,0,7,0,7,0,12,94,2,108,0,12,101,2,115,164,22,186,301
09/25/2014,SPG,FL,ASO,ES,Federal Contract Tower,0,0,17,0,17,0,0,39,0,39,0,0,56,0,56,18,0,18,74
09/26/2014,SPG,FL,ASO,ES,Federal Contract Tower,0,0,16,1,17,0,0,64,0,64,0,0,80,1,81,128,4,132,213
09/27/2014,SPG,FL,ASO,ES,Federal Contract Tower,0,4,8,0,12,0,18,85,0,103,0,22,93,0,115,106,0,106,221
09/28/2014,SPG,FL,ASO,ES,Federal Contract Tower,0,2,16,0,18,0,16,104,0,120,0,18,120,0,138,218,0,218,356
09/29/2014,SPG,FL,ASO,ES,Federal Contract Tower,0,0,8,0,8,0,12,121,4,137,0,12,129,4,145,184,4,188,333
09/30/2014,SPG,FL,ASO,ES,Federal Contract Tower,0,0,9,0,9,0,22,107,4,133,0,22,116,4,142,192,56,248,390
10/01/2014,SPG,FL,ASO,ES,Federal Contract Tower,0,0,13,0,13,0,14,110,2,126,0,14,123,2,139,154,18,172,311
10/02/2014,SPG,FL,ASO,ES,Federal Contract Tower,0,0,10,0,10,0,16,116,2,134,0,16,126,2,144,170,0,170,314
10/03/2014,SPG,FL,ASO,ES,Federal Contract Tower,0,0,8,0,8,0,2,128,0,130,0,2,136,0,138,62,0,62,200
10/04/2014,SPG,FL,ASO,ES,Federal Contract Tower,0,0,3,0,3,0,34,84,0,118,0,34,87,0,121,154,0,154,275
10/05/2014,SPG,FL,ASO,ES,Federal Contract Tower,0,2,17,0,19,0,20,139,0,159,0,22,156,0,178,148,0,148,326
10/06/2014,SPG,FL,ASO,ES,Federal Contract Tower,0,0,6,0,6,0,19,121,2,142,0,19,127,2,148,174,10,184,332
10/07/2014,SPG,FL,ASO,ES,Federal Contract Tower,0,0,6,0,6,0,15,122,2,139,0,15,128,2,145,164,22,186,331
10/08/2014,SPG,FL,ASO,ES,Federal Contract Tower,0,0,8,0,8,0,21,122,0,143,0,21,130,0,151,160,0,160,311
10/09/2014,SPG,FL,ASO,ES,Federal Contract Tower,0,0,9,0,9,0,19,137,0,156,0,19,146,0,165,180,0,180,345
10/10/2014,SPG,FL,ASO,ES,Federal Contract Tower,0,4,19,0,23,0,7,134,0,141,0,11,153,0,164,100,0,100,264
10/11/2014,SPG,FL,ASO,ES,Federal Contract Tower,0,0,13,0,13,0,0,139,0,139,0,0,152,0,152,142,0,142,294
10/12/2014,SPG,FL,ASO,ES,Federal Contract Tower,0,2,10,0,12,0,15,110,0,125,0,17,120,0,137,184,0,184,321
10/13/2014,SPG,FL,ASO,ES,Federal Contract Tower,0,2,10,0,12,0,16,130,0,146,0,18,140,0,158,156,0,156,314
10/14/2014,SPG,FL,ASO,ES,Federal Contract Tower,0,0,5,0,5,0,15,107,2,124,0,15,112,2,129,140,8,148,277
10/15/2014,SPG,FL,ASO,ES,Federal Contract Tower,0,0,3,0,3,0,14,129,2,145,0,14,132,2,148,146,14,160,308
10/16/2014,SPG,FL,ASO,ES,Federal Contract Tower,0,0,11,0,11,0,16,144,0,160,0,16,155,0,171,196,6,202,373
10/17/2014,SPG,FL,ASO,ES,Federal Contract Tower,0,3,9,0,12,0,10,113,4,127,0,13,122,4,139,144,0,144,283
10/18/2014,SPG,FL,ASO,ES,Federal Contract Tower,0,0,7,1,8,0,26,99,0,125,0,26,106,1,133,150,0,150,283
10/19/2014,SPG,FL,ASO,ES,Federal Contract Tower,0,0,22,0,22,0,16,124,0,140,0,16,146,0,162,164,0,164,326
10/20/2014,SPG,FL,ASO,ES,Federal Contract Tower,0,0,9,0,9,0,20,113,2,135,0,20,122,2,144,142,26,168,312
10/21/2014,SPG,FL,ASO,ES,Federal Contract Tower,0,0,4,0,4,0,18,121,4,143,0,18,125,4,147,134,34,168,315
10/22/2014,SPG,FL,ASO,ES,Federal Contract Tower,0,6,10,0,16,0,16,128,0,144,0,22,138,0,160,168,0,168,328
10/23/2014,SPG,FL,ASO,ES,Federal Contract Tower,0,2,11,0,13,0,15,140,2,157,0,17,151,2,170,150,26,176,346
10/24/2014,SPG,FL,ASO,ES,Federal Contract Tower,0,1,10,0,11,0,7,136,0,143,0,8,146,0,154,94,0,94,248
10/25/2014,SPG,FL,ASO,ES,Federal Contract Tower,0,0,7,0,7,0,22,105,2,129,0,22,112,2,136,142,20,162,298
10/26/2014,SPG,FL,ASO,ES,Federal Contract Tower,0,2,14,0,16,0,20,131,0,151,0,22,145,0,167,124,0,124,291
10/27/2014,SPG,FL,ASO,ES,Federal Contract Tower,0,1,6,0,7,0,26,115,2,143,0,27,121,2,150,180,12,192,342
10/28/2014,SPG,FL,ASO,ES,Federal Contract Tower,0,0,4,0,4,0,18,127,0,145,0,18,131,0,149,192,0,192,341
10/29/2014,SPG,FL,ASO,ES,Federal Contract Tower,0,0,12,0,12,0,14,129,0,143,0,14,141,0,155,180,0,180,335
10/30/2014,SPG,FL,ASO,ES,Federal Contract Tower,0,0,18,0,18,0,14,128,0,142,0,14,146,0,160,184,0,184,344
10/31/2014,SPG,FL,ASO,ES,Federal Contract Tower,0,2,10,0,12,0,2,93,2,97,0,4,103,2,109,4,0,4,113
11/01/2014,SPG,FL,ASO,ES,Federal Contract Tower,0,0,3,0,3,0,20,43,0,63,0,20,46,0,66,106,0,106,172
11/02/2014,SPG,FL,ASO,ES,Federal Contract Tower,0,3,15,0,18,0,14,117,0,131,0,17,132,0,149,182,0,182,331
11/03/2014,SPG,FL,ASO,ES,Federal Contract Tower,0,0,7,0,7,0,20,121,0,141,0,20,128,0,148,166,0,166,314
11/04/2014,SPG,FL,ASO,ES,Federal Contract Tower,0,0,11,0,11,0,18,101,4,123,0,18,112,4,134,170,30,200,334
11/05/2014,SPG,FL,ASO,ES,Federal Contract Tower,0,2,8,0,10,0,17,112,4,133,0,19,120,4,143,162,36,198,341
11/06/2014,SPG,FL,ASO,ES,Federal Contract Tower,0,0,6,0,6,0,12,125,2,139,0,12,131,2,145,162,26,188,333
11/07/2014,SPG,FL,ASO,ES,Federal Contract Tower,0,2,8,0,10,0,3,128,0,131,0,5,136,0,141,180,0,180,321
11/08/2014,SPG,FL,ASO,ES,Federal Contract Tower,0,0,4,0,4,0,24,107,1,132,0,24,111,1,136,132,2,134,270
11/09/2014,SPG,FL,ASO,ES,Federal Contract Tower,0,3,9,0,12,0,18,105,0,123,0,21,114,0,135,136,0,136,271
11/10/2014,SPG,FL,ASO,ES,Federal Contract Tower,0,5,3,0,8,0,17,122,2,141,0,22,125,2,149,164,12,176,325
11/11/2014,SPG,FL,ASO,ES,Federal Contract Tower,0,0,0,10,10,0,18,127,0,145,0,18,127,10,155,156,0,156,311
11/12/2014,SPG,FL,ASO,ES,Federal Contract Tower,0,2,11,0,13,0,18,122,5,145,0,20,133,5,158,124,62,186,344
11/13/2014,SPG,FL,ASO,ES,Federal Contract Tower,0,0,4,0,4,0,16,133,0,149,0,16,137,0,153,166,0,166,319
11/14/2014,SPG,FL,ASO,ES,Federal Contract Tower,0,0,12,0,12,0,0,86,2,88,0,0,98,2,100,89,14,103,203
11/15/2014,SPG,FL,ASO,ES,Federal Contract Tower,0,3,10,0,13,0,0,116,2,118,0,3,126,2,131,176,4,180,311
11/16/2014,SPG,FL,ASO,ES,Federal Contract Tower,0,2,16,0,18,0,14,123,0,137,0,16,139,0,155,180,0,180,335
11/17/2014,SPG,FL,ASO,ES,Federal Contract Tower,0,0,9,0,9,0,0,40,0,40,0,0,49,0,49,94,0,94,143
11/18/2014,SPG,FL,ASO,ES,Federal Contract Tower,0,0,6,0,6,0,18,119,8,145,0,18,125,8,151,138,46,184,335
11/19/2014,SPG,FL,ASO,ES,Federal Contract Tower,0,0,11,0,11,0,14,114,4,132,0,14,125,4,143,214,26,240,383
11/20/2014,SPG,FL,ASO,ES,Federal Contract Tower,0,0,7,0,7,0,14,132,0,146,0,14,139,0,153,152,0,152,305
11/21/2014,SPG,FL,ASO,ES,Federal Contract Tower,0,2,7,0,9,0,10,110,2,122,0,12,117,2,131,80,0,80,211
11/22/2014,SPG,FL,ASO,ES,Federal Contract Tower,0,0,15,0,15,0,2,93,1,96,0,2,108,1,111,72,4,76,187
11/23/2014,SPG,FL,ASO,ES,Federal Contract Tower,0,0,5,0,5,0,22,32,0,54,0,22,37,0,59,32,0,32,91
11/24/2014,SPG,FL,ASO,ES,Federal Contract Tower,0,0,13,0,13,0,0,61,0,61,0,0,74,0,74,76,32,108,182
11/25/2014,SPG,FL,ASO,ES,Federal Contract Tower,0,1,5,0,6,0,0,0,0,0,0,1,5,0,6,0,0,0,6
11/26/2014,SPG,FL,ASO,ES,Federal Contract Tower,0,0,14,0,14,0,4,67,0,71,0,4,81,0,85,27,0,27,112
11/27/2014,SPG,FL,ASO,ES,Federal Contract Tower,0,0,5,0,5,0,4,45,0,49,0,4,50,0,54,6,0,6,60
11/28/2014,SPG,FL,ASO,ES,Federal Contract Tower,0,0,8,0,8,0,7,133,2,142,0,7,141,2,150,116,0,116,266
11/29/2014,SPG,FL,ASO,ES,Federal Contract Tower,0,0,12,0,12,0,14,110,0,124,0,14,122,0,136,144,0,144,280
11/30/2014,SPG,FL,ASO,ES,Federal Contract Tower,0,2,8,0,10,2,14,125,0,141,2,16,133,0,151,142,0,142,293
12/01/2014,SPG,FL,ASO,ES,Federal Contract Tower,0,0,8,0,8,0,20,114,6,140,0,20,122,6,148,148,44,192,340
12/02/2014,SPG,FL,ASO,ES,Federal Contract Tower,0,0,5,0,5,0,18,111,2,131,0,18,116,2,136,148,10,158,294
12/03/2014,SPG,FL,ASO,ES,Federal Contract Tower,0,0,11,0,11,0,18,101,4,123,0,18,112,4,134,134,44,178,312
12/04/2014,SPG,FL,ASO,ES,Federal Contract Tower,0,4,11,0,15,0,12,136,0,148,0,16,147,0,163,158,0,158,321
12/05/2014,SPG,FL,ASO,ES,Federal Contract Tower,0,0,9,0,9,0,6,88,0,94,0,6,97,0,103,166,0,166,269
12/06/2014,SPG,FL,ASO,ES,Federal Contract Tower,0,0,21,0,21,0,10,113,0,123,0,10,134,0,144,132,0,132,276
12/07/2014,SPG,FL,ASO,ES,Federal Contract Tower,0,2,25,0,27,0,8,58,0,66,0,10,83,0,93,46,0,46,139
12/08/2014,SPG,FL,ASO,ES,Federal Contract Tower,0,0,10,0,10,0,0,0,0,0,0,0,10,0,10,0,0,0,10
12/09/2014,SPG,FL,ASO,ES,Federal Contract Tower,0,0,12,0,12,0,16,94,0,110,0,16,106,0,122,128,0,128,250
12/10/2014,SPG,FL,ASO,ES,Federal Contract Tower,0,0,6,0,6,0,17,127,0,144,0,17,133,0,150,166,0,166,316
12/11/2014,SPG,FL,ASO,ES,Federal Contract Tower,0,0,18,0,18,0,19,129,2,150,0,19,147,2,168,108,18,126,294
12/12/2014,SPG,FL,ASO,ES,Federal Contract Tower,0,0,10,0,10,0,10,108,0,118,0,10,118,0,128,204,0,204,332
12/13/2014,SPG,FL,ASO,ES,Federal Contract Tower,0,0,9,0,9,0,0,84,10,94,0,0,93,10,103,82,30,112,215
12/14/2014,SPG,FL,ASO,ES,Federal Contract Tower,0,5,10,0,15,0,16,120,0,136,0,21,130,0,151,162,0,162,313
12/15/2014,SPG,FL,ASO,ES,Federal Contract Tower,0,0,5,0,5,0,16,116,0,132,0,16,121,0,137,148,18,166,303
12/16/2014,SPG,FL,ASO,ES,Federal Contract Tower,0,0,11,0,11,0,16,87,0,103,0,16,98,0,114,94,0,94,208
12/17/2014,SPG,FL,ASO,ES,Federal Contract Tower,0,0,10,0,10,0,14,124,2,140,0,14,134,2,150,204,10,214,364
12/18/2014,SPG,FL,ASO,ES,Federal Contract Tower,0,0,9,0,9,0,15,125,4,144,0,15,134,4,153,158,24,182,335
12/19/2014,SPG,FL,ASO,ES,Federal Contract Tower,0,0,10,0,10,0,12,90,0,102,0,12,100,0,112,124,0,124,236
12/20/2014,SPG,FL,ASO,ES,Federal Contract Tower,0,0,8,0,8,0,11,100,0,111,0,11,108,0,119,108,0,108,227
12/21/2014,SPG,FL,ASO,ES,Federal Contract Tower,0,1,15,0,16,0,13,95,0,108,0,14,110,0,124,134,0,134,258
12/22/2014,SPG,FL,ASO,ES,Federal Contract Tower,0,0,11,0,11,0,16,98,0,114,0,16,109,0,125,142,0,142,267
12/23/2014,SPG,FL,ASO,ES,Federal Contract Tower,0,2,8,2,12,0,14,101,0,115,0,16,109,2,127,164,0,164,291
12/24/2014,SPG,FL,ASO,ES,Federal Contract Tower,0,0,4,0,4,0,10,47,0,57,0,10,51,0,61,50,0,50,111
12/25/2014,SPG,FL,ASO,ES,Federal Contract Tower,0,0,4,0,4,0,6,23,0,29,0,6,27,0,33,22,0,22,55
12/26/2014,SPG,FL,ASO,ES,Federal Contract Tower,0,0,22,0,22,0,21,86,0,107,0,21,108,0,129,108,0,108,237
12/27/2014,SPG,FL,ASO,ES,Federal Contract Tower,0,0,14,0,14,0,14,88,0,102,0,14,102,0,116,72,0,72,188
12/28/2014,SPG,FL,ASO,ES,Federal Contract Tower,0,1,15,0,16,0,8,103,0,111,0,9,118,0,127,110,0,110,237
12/29/2014,SPG,FL,ASO,ES,Federal Contract Tower,0,0,14,0,14,0,20,112,0,132,0,20,126,0,146,110,0,110,256
12/30/2014,SPG,FL,ASO,ES,Federal Contract Tower,0,0,13,0,13,0,4,10,0,14,0,4,23,0,27,0,0,0,27
12/31/2014,SPG,FL,ASO,ES,Federal Contract Tower,0,0,19,0,19,0,0,69,0,69,0,0,88,0,88,78,0,78,166
01/01/2015,SPG,FL,ASO,ES,Federal Contract Tower,0,0,12,0,12,0,14,63,0,77,0,14,75,0,89,58,0,58,147
01/02/2015,SPG,FL,ASO,ES,Federal Contract Tower,0,0,10,0,10,0,4,24,0,28,0,4,34,0,38,72,0,72,110
01/03/2015,SPG,FL,ASO,ES,Federal Contract Tower,0,0,15,0,15,0,6,110,0,116,0,6,125,0,131,186,0,186,317
01/04/2015,SPG,FL,ASO,ES,Federal Contract Tower,0,3,5,0,8,0,12,118,0,130,0,15,123,0,138,144,0,144,282
01/05/2015,SPG,FL,ASO,ES,Federal Contract Tower,0,2,20,0,22,0,12,72,0,84,0,14,92,0,106,104,0,104,210
01/06/2015,SPG,FL,ASO,ES,Federal Contract Tower,0,1,9,0,10,0,11,108,2,121,0,12,117,2,131,98,42,140,271
01/07/2015,SPG,FL,ASO,ES,Federal Contract Tower,0,2,5,0,7,0,11,98,5,114,0,13,103,5,121,70,24,94,215
01/08/2015,SPG,FL,ASO,ES,Federal Contract Tower,0,2,12,0,14,0,4,65,2,71,0,6,77,2,85,86,22,108,193
01/09/2015,SPG,FL,ASO,ES,Federal Contract Tower,0,1,17,0,18,0,3,84,9,96,0,4,101,9,114,104,14,118,232
01/10/2015,SPG,FL,ASO,ES,Federal Contract Tower,0,2,9,0,11,0,2,107,6,115,0,4,116,6,126,80,40,120,246
01/11/2015,SPG,FL,ASO,ES,Federal Contract Tower,0,0,19,0,19,0,14,102,0,116,0,14,121,0,135,110,0,110,245
01/12/2015,SPG,FL,ASO,ES,Federal Contract Tower,0,2,6,0,8,0,0,25,0,25,0,2,31,0,33,8,0,8,41
01/13/2015,SPG,FL,ASO,ES,Federal Contract Tower,0,0,8,2,10,0,6,94,4,104,0,6,102,6,114,152,84,236,350
01/14/2015,SPG,FL,ASO,ES,Federal Contract Tower,0,0,21,0,21,0,0,43,2,45,0,0,64,2,66,122,42,164,230
01/15/2015,SPG,FL,ASO,ES,Federal Contract Tower,0,2,15,2,19,0,0,0,0,0,0,2,15,2,19,0,0,0,19
01/16/2015,SPG,FL,ASO,ES,Federal Contract Tower,0,2,9,0,11,0,0,119,0,119,0,2,128,0,130,88,0,88,218
01/17/2015,SPG,FL,ASO,ES,Federal Contract Tower,0,2,12,0,14,0,0,107,0,107,0,2,119,0,121,62,0,62,183
01/18/2015,SPG,FL,ASO,ES,Federal Contract Tower,0,0,14,0,14,0,15,103,0,118,0,15,117,0,132,94,0,94,226
01/19/2015,SPG,FL,ASO,ES,Federal Contract Tower,0,2,17,0,19,0,0,107,0,107,0,2,124,0,126,150,0,150,276
01/20/2015,SPG,FL,ASO,ES,Federal Contract Tower,0,0,14,0,14,0,2,92,0,94,0,2,106,0,108,154,0,154,262
01/21/2015,SPG,FL,ASO,ES,Federal Contract Tower,0,0,10,0,10,0,12,134,0,146,0,12,144,0,156,110,0,110,266
01/22/2015,SPG,FL,ASO,ES,Federal Contract Tower,0,1,12,0,13,0,8,101,2,111,0,9,113,2,124,162,12,174,298
01/23/2015,SPG,FL,ASO,ES,Federal Contract Tower,0,2,3,0,5,0,0,41,2,43,0,2,44,2,48,22,6,28,76
01/24/2015,SPG,FL,ASO,ES,Federal Contract Tower,0,0,9,0,9,0,0,14,0,14,0,0,23,0,23,6,0,6,29
01/25/2015,SPG,FL,ASO,ES,Federal Contract Tower,0,0,12,0,12,0,2,126,0,128,0,2,138,0,140,142,0,142,282
01/26/2015,SPG,FL,ASO,ES,Federal Contract Tower,0,2,8,0,10,0,2,62,2,66,0,4,70,2,76,82,2,84,160
01/27/2015,SPG,FL,ASO,ES,Federal Contract Tower,0,0,3,0,3,0,14,115,0,129,0,14,118,0,132,124,0,124,256
01/28/2015,SPG,FL,ASO,ES,Federal Contract Tower,0,0,7,0,7,0,14,106,0,120,0,14,113,0,127,120,0,120,247
01/29/2015,SPG,FL,ASO,ES,Federal Contract Tower,0,0,11,0,11,0,7,119,0,126,0,7,130,0,137,182,0,182,319
01/30/2015,SPG,FL,ASO,ES,Federal Contract Tower,0,1,14,0,15,0,2,114,0,116,0,3,128,0,131,114,0,114,245
01/31/2015,SPG,FL,ASO,ES,Federal Contract Tower,0,0,10,0,10,0,3,270,0,273,0,3,280,0,283,20,0,20,303
02/01/2015,SPG,FL,ASO,ES,Federal Contract Tower,0,2,6,0,8,0,12,100,0,112,0,14,106,0,120,108,0,108,228
02/02/2015,SPG,FL,ASO,ES,Federal Contract Tower,0,0,8,0,8,0,0,19,2,21,0,0,27,2,29,6,8,14,43
02/03/2015,SPG,FL,ASO,ES,Federal Contract Tower,0,0,0,0,0,0,15,111,0,126,0,15,111,0,126,184,0,184,310
02/04/2015,SPG,FL,ASO,ES,Federal Contract Tower,0,0,7,0,7,0,20,116,4,140,0,20,123,4,147,140,32,172,319
02/05/2015,SPG,FL,ASO,ES,Federal Contract Tower,0,0,8,0,8,0,1,33,0,34,0,1,41,0,42,18,0,18,60
02/06/2015,SPG,FL,ASO,ES,Federal Contract Tower,0,0,12,0,12,0,11,84,1,96,0,11,96,1,108,164,0,164,272
02/07/2015,SPG,FL,ASO,ES,Federal Contract Tower,0,0,9,0,9,0,1,126,0,127,0,1,135,0,136,104,0,104,240
02/08/2015,SPG,FL,ASO,ES,Federal Contract Tower,0,2,8,0,10,0,6,120,0,126,0,8,128,0,136,106,0,106,242
02/09/2015,SPG,FL,ASO,ES,Federal Contract Tower,0,0,14,0,14,0,0,25,0,25,0,0,39,0,39,52,0,52,91
02/10/2015,SPG,FL,ASO,ES,Federal Contract Tower,0,0,11,0,11,0,13,100,2,115,0,13,111,2,126,122,48,170,296
02/11/2015,SPG,FL,ASO,ES,Federal Contract Tower,0,0,10,0,10,0,15,121,0,136,0,15,131,0,146,128,0,128,274
02/12/2015,SPG,FL,ASO,ES,Federal Contract Tower,0,0,13,0,13,0,12,140,0,152,0,12,153,0,165,134,0,134,299
02/13/2015,SPG,FL,ASO,ES,Federal Contract Tower,0,0,17,0,17,0,18,114,0,132,0,18,131,0,149,150,0,150,299
02/14/2015,SPG,FL,ASO,ES,Federal Contract Tower,0,0,11,0,11,0,14,153,0,167,0,14,164,0,178,103,0,103,281
02/15/2015,SPG,FL,ASO,ES,Federal Contract Tower,0,0,10,0,10,0,10,135,0,145,0,10,145,0,155,126,0,126,281
02/16/2015,SPG,FL,ASO,ES,Federal Contract Tower,0,2,12,0,14,0,12,128,0,140,0,14,140,0,154,106,0,106,260
02/17/2015,SPG,FL,ASO,ES,Federal Contract Tower,0,2,11,0,13,0,2,57,2,61,0,4,68,2,74,52,40,92,166
02/18/2015,SPG,FL,ASO,ES,Federal Contract Tower,0,1,5,0,6,0,10,119,0,129,0,11,124,0,135,148,0,148,283
02/19/2015,SPG,FL,ASO,ES,Federal Contract Tower,0,0,8,0,8,0,14,86,5,105,0,14,94,5,113,142,32,174,287
02/20/2015,SPG,FL,ASO,ES,Federal Contract Tower,0,4,8,0,12,0,12,97,0,109,0,16,105,0,121,144,0,144,265
02/21/2015,SPG,FL,ASO,ES,Federal Contract Tower,0,0,3,0,3,0,20,107,0,127,0,20,110,0,130,124,0,124,254
02/22/2015,SPG,FL,ASO,ES,Federal Contract Tower,0,2,14,0,16,0,20,141,0,161,0,22,155,0,177,132,0,132,309
02/23/2015,SPG,FL,ASO,ES,Federal Contract Tower,0,0,16,0,16,0,0,19,0,19,0,0,35,0,35,8,0,8,43
02/24/2015,SPG,FL,ASO,ES,Federal Contract Tower,0,0,9,0,9,0,0,24,0,24,0,0,33,0,33,0,0,0,33
02/25/2015,SPG,FL,ASO,ES,Federal Contract Tower,0,0,10,0,10,0,0,23,0,23,0,0,33,0,33,2,2,4,37
02/26/2015,SPG,FL,ASO,ES,Federal Contract Tower,0,1,8,0,9,0,18,118,2,138,0,19,126,2,147,146,4,150,297
02/27/2015,SPG,FL,ASO,ES,Federal Contract Tower,0,2,17,0,19,0,2,77,0,79,0,4,94,0,98,180,0,180,278
02/28/2015,SPG,FL,ASO,ES,Federal Contract Tower,0,0,14,0,14,0,2,2,0,4,0,2,16,0,18,0,0,0,18
03/01/2015,SPG,FL,ASO,ES,Federal Contract Tower,0,0,11,0,11,0,12,94,0,106,0,12,105,0,117,136,0,136,253
03/02/2015,SPG,FL,ASO,ES,Federal Contract Tower,0,2,9,0,11,0,15,105,0,120,0,17,114,0,131,146,0,146,277
03/03/2015,SPG,FL,ASO,ES,Federal Contract Tower,0,0,6,0,6,0,15,121,0,136,0,15,127,0,142,172,0,172,314
03/04/2015,SPG,FL,ASO,ES,Federal Contract Tower,0,4,10,0,14,0,13,107,2,122,0,17,117,2,136,154,32,186,322
03/05/2015,SPG,FL,ASO,ES,Federal Contract Tower,0,2,9,0,11,0,13,89,0,102,0,15,98,0,113,116,0,116,229
03/06/2015,SPG,FL,ASO,ES,Federal Contract Tower,0,2,28,0,30,0,0,32,0,32,0,2,60,0,62,36,0,36,98
03/07/2015,SPG,FL,ASO,ES,Federal Contract Tower,0,1,21,0,22,0,3,66,0,69,0,4,87,0,91,100,0,100,191
03/08/2015,SPG,FL,ASO,ES,Federal Contract Tower,0,0,19,0,19,0,12,129,0,141,0,12,148,0,160,118,12,130,290
03/09/2015,SPG,FL,ASO,ES,Federal Contract Tower,0,2,8,0,10,0,18,118,2,138,0,20,126,2,148,128,42,170,318
03/10/2015,SPG,FL,ASO,ES,Federal Contract Tower,0,0,8,0,8,0,14,105,3,122,0,14,113,3,130,98,70,168,298
03/11/2015,SPG,FL,ASO,ES,Federal Contract Tower,0,0,10,0,10,0,0,109,0,109,0,0,119,0,119,190,0,190,309
03/12/2015,SPG,FL,ASO,ES,Federal Contract Tower,0,0,12,1,13,0,17,103,2,122,0,17,115,3,135,144,20,164,299
03/13/2015,SPG,FL,ASO,ES,Federal Contract Tower,0,0,16,0,16,0,0,121,0,121,0,0,137,0,137,166,0,166,303
03/14/2015,SPG,FL,ASO,ES,Federal Contract Tower,0,0,13,0,13,0,0,101,2,103,0,0,114,2,116,10,0,10,126
03/15/2015,SPG,FL,ASO,ES,Federal Contract Tower,0,2,18,0,20,0,14,101,0,115,0,16,119,0,135,142,0,142,277
03/16/2015,SPG,FL,ASO,ES,Federal Contract Tower,0,1,5,0,6,0,16,124,0,140,0,17,129,0,146,176,0,176,322
03/17/2015,SPG,FL,ASO,ES,Federal Contract Tower,0,2,3,2,7,0,14,120,0,134,0,16,123,2,141,178,0,178,319
03/18/2015,SPG,FL,ASO,ES,Federal Contract Tower,0,2,6,0,8,0,13,111,2,126,0,15,117,2,134,156,0,156,290
03/19/2015,SPG,FL,ASO,ES,Federal Contract Tower,0,0,14,0,14,0,16,130,2,148,0,16,144,2,162,162,14,176,338
03/20/2015,SPG,FL,ASO,ES,Federal Contract Tower,0,0,7,0,7,0,0,133,0,133,0,0,140,0,140,112,0,112,252
03/21/2015,SPG,FL,ASO,ES,Federal Contract Tower,0,0,19,0,19,0,2,139,0,141,0,2,158,0,160,122,0,122,282
03/22/2015,SPG,FL,ASO,ES,Federal Contract Tower,0,0,15,0,15,0,0,141,0,141,0,0,156,0,156,152,0,152,308
03/23/2015,SPG,FL,ASO,ES,Federal Contract Tower,0,0,4,0,4,0,0,21,0,21,0,0,25,0,25,0,0,0,25
03/24/2015,SPG,FL,ASO,ES,Federal Contract Tower,0,0,13,0,13,0,14,78,2,94,0,14,91,2,107,102,50,152,259
03/25/2015,SPG,FL,ASO,ES,Federal Contract Tower,0,0,11,0,11,0,10,108,0,118,0,10,119,0,129,92,0,92,221
03/26/2015,SPG,FL,ASO,ES,Federal Contract Tower,0,0,10,0,10,0,14,99,0,113,0,14,109,0,123,118,0,118,241
03/27/2015,SPG,FL,ASO,ES,Federal Contract Tower,0,0,8,0,8,0,7,32,0,39,0,7,40,0,47,24,0,24,71
03/28/2015,SPG,FL,ASO,ES,Federal Contract Tower,0,3,11,0,14,0,0,86,2,88,0,3,97,2,102,114,0,114,216
03/29/2015,SPG,FL,ASO,ES,Federal Contract Tower,0,0,12,0,12,0,10,156,0,166,0,10,168,0,178,64,0,64,242
03/30/2015,SPG,FL,ASO,ES,Federal Contract Tower,0,0,10,0,10,0,12,109,0,121,0,12,119,0,131,146,0,146,277
03/31/2015,SPG,FL,ASO,ES,Federal Contract Tower,0,0,4,0,4,0,10,134,0,144,0,10,138,0,148,108,22,130,278
04/01/2015,SPG,FL,ASO,ES,Federal Contract Tower,0,0,10,0,10,0,14,121,2,137,0,14,131,2,147,122,18,140,287
04/02/2015,SPG,FL,ASO,ES,Federal Contract Tower,0,2,8,0,10,0,12,136,0,148,0,14,144,0,158,180,0,180,338
04/03/2015,SPG,FL,ASO,ES,Federal Contract Tower,0,0,10,0,10,0,0,115,0,115,0,0,125,0,125,146,0,146,271
04/04/2015,SPG,FL,ASO,ES,Federal Contract Tower,0,0,7,0,7,0,2,102,0,104,0,2,109,0,111,90,0,90,201
04/05/2015,SPG,FL,ASO,ES,Federal Contract Tower,0,0,11,0,11,0,10,114,0,124,0,10,125,0,135,148,0,148,283
04/06/2015,SPG,FL,ASO,ES,Federal Contract Tower,0,4,4,0,8,0,14,109,0,123,0,18,113,0,131,160,0,160,291
04/07/2015,SPG,FL,ASO,ES,Federal Contract Tower,0,0,8,0,8,0,14,128,2,144,0,14,136,2,152,138,16,154,306
04/08/2015,SPG,FL,ASO,ES,Federal Contract Tower,0,2,12,0,14,0,15,118,2,135,0,17,130,2,149,134,16,150,299
04/09/2015,SPG,FL,ASO,ES,Federal Contract Tower,0,2,23,0,25,0,12,127,2,141,0,14,150,2,166,138,16,154,320
04/10/2015,SPG,FL,ASO,ES,Federal Contract Tower,0,0,12,0,12,0,5,98,2,105,0,5,110,2,117,66,4,70,187
04/11/2015,SPG,FL,ASO,ES,Federal Contract Tower,0,0,9,0,9,0,0,90,2,92,0,0,99,2,101,94,4,98,199
04/12/2015,SPG,FL,ASO,ES,Federal Contract Tower,0,0,11,0,11,0,15,129,0,144,0,15,140,0,155,130,0,130,285
04/13/2015,SPG,FL,ASO,ES,Federal Contract Tower,0,0,9,0,9,0,15,112,6,133,0,15,121,6,142,98,90,188,330
04/14/2015,SPG,FL,ASO,ES,Federal Contract Tower,0,1,4,0,5,0,13,120,2,135,0,14,124,2,140,140,14,154,294
04/15/2015,SPG,FL,ASO,ES,Federal Contract Tower,0,2,4,0,6,0,12,92,2,106,0,14,96,2,112,160,14,174,286
04/16/2015,SPG,FL,ASO,ES,Federal Contract Tower,0,0,2,0,2,0,16,115,2,133,0,16,117,2,135,148,20,168,303
04/17/2015,SPG,FL,ASO,ES,Federal Contract Tower,0,2,16,1,19,0,0,75,2,77,0,2,91,3,96,86,0,86,182
04/18/2015,SPG,FL,ASO,ES,Federal Contract Tower,0,0,13,0,13,0,0,95,2,97,0,0,108,2,110,100,4,104,214
04/19/2015,SPG,FL,ASO,ES,Federal Contract Tower,0,2,7,0,9,0,12,120,0,132,0,14,127,0,141,140,0,140,281
04/20/2015,SPG,FL,ASO,ES,Federal Contract Tower,0,4,11,0,15,0,15,106,6,127,0,19,117,6,142,136,46,182,324
04/21/2015,SPG,FL,ASO,ES,Federal Contract Tower,0,0,2,0,2,0,14,121,4,139,0,14,123,4,141,132,46,178,319
04/22/2015,SPG,FL,ASO,ES,Federal Contract Tower,0,0,12,0,12,0,16,113,0,129,0,16,125,0,141,164,0,164,305
04/23/2015,SPG,FL,ASO,ES,Federal Contract Tower,0,2,8,0,10,0,18,66,0,84,0,20,74,0,94,64,0,64,158
04/24/2015,SPG,FL,ASO,ES,Federal Contract Tower,0,8,20,0,28,0,2,113,0,115,0,10,133,0,143,144,0,144,287
04/25/2015,SPG,FL,ASO,ES,Federal Contract Tower,0,0,16,0,16,0,0,85,0,85,0,0,101,0,101,70,0,70,171
04/26/2015,SPG,FL,ASO,ES,Federal Contract Tower,0,0,22,0,22,0,8,82,0,90,0,8,104,0,112,22,0,22,134
04/27/2015,SPG,FL,ASO,ES,Federal Contract Tower,0,4,5,0,9,0,0,46,0,46,0,4,51,0,55,46,0,46,101
04/28/2015,SPG,FL,ASO,ES,Federal Contract Tower,0,2,2,0,4,0,12,70,2,84,0,14,72,2,88,40,26,66,154
04/29/2015,SPG,FL,ASO,ES,Federal Contract Tower,0,0,5,0,5,0,0,75,2,77,0,0,80,2,82,120,52,172,254
04/30/2015,SPG,FL,ASO,ES,Federal Contract Tower,0,0,11,0,11,0,5,116,2,123,0,5,127,2,134,160,14,174,308
05/01/2015,SPG,FL,ASO,ES,Federal Contract Tower,0,2,8,0,10,0,10,101,0,111,0,12,109,0,121,152,0,152,273
05/02/2015,SPG,FL,ASO,ES,Federal Contract Tower,0,0,7,0,7,0,6,106,0,112,0,6,113,0,119,122,0,122,241
05/03/2015,SPG,FL,ASO,ES,Federal Contract Tower,0,2,13,0,15,0,10,120,0,130,0,12,133,0,145,160,0,160,305
05/04/2015,SPG,FL,ASO,ES,Federal Contract Tower,0,0,3,0,3,0,12,115,0,127,0,12,118,0,130,144,0,144,274
05/05/2015,SPG,FL,ASO,ES,Federal Contract Tower,0,6,7,0,13,0,12,109,2,123,0,18,116,2,136,120,26,146,282
05/06/2015,SPG,FL,ASO,ES,Federal Contract Tower,0,0,9,0,9,0,13,114,2,129,0,13,123,2,138,168,12,180,318
05/07/2015,SPG,FL,ASO,ES,Federal Contract Tower,0,0,6,0,6,0,12,126,0,138,0,12,132,0,144,186,0,186,330
05/08/2015,SPG,FL,ASO,ES,Federal Contract Tower,0,2,12,0,14,0,14,108,0,122,0,16,120,0,136,76,0,76,212
05/09/2015,SPG,FL,ASO,ES,Federal Contract Tower,0,0,8,0,8,0,0,100,2,102,0,0,108,2,110,64,0,64,174
05/10/2015,SPG,FL,ASO,ES,Federal Contract Tower,0,0,11,0,11,0,12,129,0,141,0,12,140,0,152,138,0,138,290
05/11/2015,SPG,FL,ASO,ES,Federal Contract Tower,0,2,10,0,12,0,14,115,2,131,0,16,125,2,143,104,4,108,251
05/12/2015,SPG,FL,ASO,ES,Federal Contract Tower,0,0,12,0,12,0,12,116,2,130,0,12,128,2,142,102,26,128,270
05/13/2015,SPG,FL,ASO,ES,Federal Contract Tower,0,4,6,0,10,0,14,115,2,131,0,18,121,2,141,130,38,168,309
05/14/2015,SPG,FL,ASO,ES,Federal Contract Tower,0,0,15,0,15,14,104,0,0,118,14,104,15,0,133,0,0,0,133
05/15/2015,SPG,FL,ASO,ES,Federal Contract Tower,0,0,10,0,10,0,0,73,0,73,0,0,83,0,83,24,2,26,109
05/16/2015,SPG,FL,ASO,ES,Federal Contract Tower,0,0,17,0,17,0,0,113,1,114,0,0,130,1,131,124,2,126,257
05/17/2015,SPG,FL,ASO,ES,Federal Contract Tower,0,2,12,0,14,0,0,82,0,82,0,2,94,0,96,84,0,84,180
05/18/2015,SPG,FL,ASO,ES,Federal Contract Tower,0,0,5,0,5,0,0,78,2,80,0,0,83,2,85,70,2,72,157
05/19/2015,SPG,FL,ASO,ES,Federal Contract Tower,0,0,4,0,4,0,0,80,0,80,0,0,84,0,84,124,0,124,208
05/20/2015,SPG,FL,ASO,ES,Federal Contract Tower,0,0,9,0,9,0,12,114,0,126,0,12,123,0,135,158,0,158,293
05/21/2015,SPG,FL,ASO,ES,Federal Contract Tower,0,0,6,0,6,0,14,131,2,147,0,14,137,2,153,96,0,96,249
05/22/2015,SPG,FL,ASO,ES,Federal Contract Tower,0,2,12,1,15,0,2,125,3,130,0,4,137,4,145,144,22,166,311
05/23/2015,SPG,FL,ASO,ES,Federal Contract Tower,0,0,6,0,6,0,0,114,0,114,0,0,120,0,120,66,0,66,186
05/24/2015,SPG,FL,ASO,ES,Federal Contract Tower,0,2,8,0,10,0,12,116,2,130,0,14,124,2,140,126,12,138,278
05/25/2015,SPG,FL,ASO,ES,Federal Contract Tower,0,2,8,0,10,0,13,111,0,124,0,15,119,0,134,142,0,142,276
05/26/2015,SPG,FL,ASO,ES,Federal Contract Tower,0,0,4,0,4,0,16,113,0,129,0,16,117,0,133,142,0,142,275
05/27/2015,SPG,FL,ASO,ES,Federal Contract Tower,0,0,4,0,4,0,16,123,0,139,0,16,127,0,143,138,0,138,281
05/28/2015,SPG,FL,ASO,ES,Federal Contract Tower,0,0,6,0,6,0,12,128,2,142,0,12,134,2,148,146,8,154,302
05/29/2015,SPG,FL,ASO,ES,Federal Contract Tower,0,2,5,0,7,0,0,96,0,96,0,2,101,0,103,114,0,114,217
05/30/2015,SPG,FL,ASO,ES,Federal Contract Tower,0,0,13,0,13,0,0,85,0,85,0,0,98,0,98,76,0,76,174
05/31/2015,SPG,FL,ASO,ES,Federal Contract Tower,0,2,11,0,13,0,12,125,0,137,0,14,136,0,150,136,0,136,286
06/01/2015,SPG,FL,ASO,ES,Federal Contract Tower,0,0,6,0,6,0,12,117,2,131,0,12,123,2,137,140,12,152,289
06/02/2015,SPG,FL,ASO,ES,Federal Contract Tower,0,0,13,0,13,0,12,67,0,79,0,12,80,0,92,50,0,50,142
06/03/2015,SPG,FL,ASO,ES,Federal Contract Tower,0,0,9,0,9,0,12,112,2,126,0,12,121,2,135,156,24,180,315
06/04/2015,SPG,FL,ASO,ES,Federal Contract Tower,0,0,8,0,8,0,14,121,2,137,0,14,129,2,145,126,16,142,287
06/05/2015,SPG,FL,ASO,ES,Federal Contract Tower,0,2,3,0,5,0,0,59,0,59,0,2,62,0,64,70,0,70,134
06/06/2015,SPG,FL,ASO,ES,Federal Contract Tower,0,0,5,0,5,0,0,77,0,77,0,0,82,0,82,100,0,100,182
06/07/2015,SPG,FL,ASO,ES,Federal Contract Tower,0,2,7,0,9,0,16,125,0,141,0,18,132,0,150,132,0,132,282
06/08/2015,SPG,FL,ASO,ES,Federal Contract Tower,0,0,6,0,6,0,16,111,2,129,0,16,117,2,135,140,12,152,287
06/09/2015,SPG,FL,ASO,ES,Federal Contract Tower,0,0,2,0,2,0,16,112,6,134,0,16,114,6,136,140,18,158,294
06/10/2015,SPG,FL,ASO,ES,Federal Contract Tower,0,0,6,0,6,0,12,105,4,121,0,12,111,4,127,118,18,136,263
06/11/2015,SPG,FL,ASO,ES,Federal Contract Tower,0,0,9,0,9,0,14,120,2,136,0,14,129,2,145,126,24,150,295
06/12/2015,SPG,FL,ASO,ES,Federal Contract Tower,0,0,11,0,11,0,0,80,0,80,0,0,91,0,91,130,0,130,221
06/13/2015,SPG,FL,ASO,ES,Federal Contract Tower,0,0,10,0,10,0,9,190,0,199,0,9,200,0,209,102,0,102,311
06/14/2015,SPG,FL,ASO,ES,Federal Contract Tower,0,0,6,0,6,0,16,122,0,138,0,16,128,0,144,138,0,138,282
06/15/2015,SPG,FL,ASO,ES,Federal Contract Tower,0,2,11,0,13,0,16,123,2,141,0,18,134,2,154,130,32,162,316
06/16/2015,SPG,FL,ASO,ES,Federal Contract Tower,0,0,6,0,6,0,14,121,4,139,0,14,127,4,145,138,10,148,293
06/17/2015,SPG,FL,ASO,ES,Federal Contract Tower,0,0,2,1,3,0,14,125,0,139,0,14,127,1,142,134,0,134,276
06/18/2015,SPG,FL,ASO,ES,Federal Contract Tower,0,0,4,0,4,0,12,117,0,129,0,12,121,0,133,130,0,130,263
06/19/2015,SPG,FL,ASO,ES,Federal Contract Tower,0,0,8,0,8,0,2,78,0,80,0,2,86,0,88,114,0,114,202
06/20/2015,SPG,FL,ASO,ES,Federal Contract Tower,0,0,8,0,8,0,0,74,0,74,0,0,82,0,82,58,0,58,140
06/21/2015,SPG,FL,ASO,ES,Federal Contract Tower,0,0,10,0,10,0,12,130,0,142,0,12,140,0,152,140,0,140,292
06/22/2015,SPG,FL,ASO,ES,Federal Contract Tower,0,2,10,0,12,0,14,109,2,125,0,16,119,2,137,112,34,146,283
06/23/2015,SPG,FL,ASO,ES,Federal Contract Tower,0,0,8,0,8,0,14,111,2,127,0,14,119,2,135,146,24,170,305
06/24/2015,SPG,FL,ASO,ES,Federal Contract Tower,0,0,7,0,7,0,0,89,2,91,0,0,96,2,98,188,2,190,288
06/25/2015,SPG,FL,ASO,ES,Federal Contract Tower,0,0,6,0,6,0,14,126,0,140,0,14,132,0,146,160,0,160,306
06/26/2015,SPG,FL,ASO,ES,Federal Contract Tower,0,2,11,0,13,0,0,91,0,91,0,2,102,0,104,92,0,92,196
06/27/2015,SPG,FL,ASO,ES,Federal Contract Tower,0,0,8,0,8,0,0,114,4,118,0,0,122,4,126,132,4,136,262
06/28/2015,SPG,FL,ASO,ES,Federal Contract Tower,0,4,5,0,9,0,12,133,0,145,0,16,138,0,154,116,0,116,270
06/29/2015,SPG,FL,ASO,ES,Federal Contract Tower,0,2,6,0,8,0,14,97,2,113,0,16,103,2,121,130,16,146,267
06/30/2015,SPG,FL,ASO,ES,Federal Contract Tower,0,0,4,0,4,0,15,118,2,135,0,15,122,2,139,128,22,150,289
07/01/2015,SPG,FL,ASO,ES,Federal Contract Tower,0,2,4,0,6,0,12,122,0,134,0,14,126,0,140,128,0,128,268
07/02/2015,SPG,FL,ASO,ES,Federal Contract Tower,0,2,13,0,15,0,0,106,0,106,0,2,119,0,121,88,0,88,209
07/03/2015,SPG,FL,ASO,ES,Federal Contract Tower,0,0,0,5,5,0,2,107,0,109,0,2,107,5,114,88,0,88,202
07/04/2015,SPG,FL,ASO,ES,Federal Contract Tower,0,0,6,0,6,0,0,86,0,86,0,0,92,0,92,72,0,72,164
07/05/2015,SPG,FL,ASO,ES,Federal Contract Tower,0,2,13,0,15,0,2,86,0,88,0,4,99,0,103,56,0,56,159
07/06/2015,SPG,FL,ASO,ES,Federal Contract Tower,0,0,6,0,6,0,14,118,0,132,0,14,124,0,138,124,0,124,262
07/07/2015,SPG,FL,ASO,ES,Federal Contract Tower,0,0,11,0,11,0,12,111,2,125,0,12,122,2,136,104,60,164,300
07/08/2015,SPG,FL,ASO,ES,Federal Contract Tower,0,2,4,0,6,0,12,118,3,133,0,14,122,3,139,144,20,164,303
07/09/2015,SPG,FL,ASO,ES,Federal Contract Tower,0,0,8,0,8,0,10,128,0,138,0,10,136,0,146,172,0,172,318
07/10/2015,SPG,FL,ASO,ES,Federal Contract Tower,0,0,8,0,8,0,2,109,2,113,0,2,117,2,121,96,16,112,233
07/11/2015,SPG,FL,ASO,ES,Federal Contract Tower,0,0,6,0,6,0,0,91,0,91,0,0,97,0,97,128,0,128,225
07/12/2015,SPG,FL,ASO,ES,Federal Contract Tower,0,0,6,0,6,0,12,108,0,120,0,12,114,0,126,100,0,100,226
07/13/2015,SPG,FL,ASO,ES,Federal Contract Tower,0,2,2,0,4,0,14,118,0,132,0,16,120,0,136,152,0,152,288
07/14/2015,SPG,FL,ASO,ES,Federal Contract Tower,0,0,1,0,1,0,12,87,0,99,0,12,88,0,100,76,0,76,176
07/15/2015,SPG,FL,ASO,ES,Federal Contract Tower,0,0,9,0,9,0,0,13,4,17,0,0,22,4,26,142,24,166,192
07/16/2015,SPG,FL,ASO,ES,Federal Contract Tower,0,0,10,0,10,0,7,96,0,103,0,7,106,0,113,82,0,82,195
07/17/2015,SPG,FL,ASO,ES,Federal Contract Tower,0,2,8,0,10,0,0,20,0,20,0,2,28,0,30,0,0,0,30
07/18/2015,SPG,FL,ASO,ES,Federal Contract Tower,0,0,6,0,6,0,4,63,2,69,0,4,69,2,75,80,2,82,157
07/19/2015,SPG,FL,ASO,ES,Federal Contract Tower,0,2,6,0,8,0,14,116,0,130,0,16,122,0,138,122,0,122,260
07/20/2015,SPG,FL,ASO,ES,Federal Contract Tower,0,0,3,0,3,0,14,123,6,143,0,14,126,6,146,120,54,174,320
07/21/2015,SPG,FL,ASO,ES,Federal Contract Tower,0,0,5,0,5,0,14,101,2,117,0,14,106,2,122,116,26,142,264
07/22/2015,SPG,FL,ASO,ES,Federal Contract Tower,0,3,9,1,13,0,14,115,0,129,0,17,124,1,142,130,28,158,300
07/23/2015,SPG,FL,ASO,ES,Federal Contract Tower,0,0,6,0,6,0,14,113,2,129,0,14,119,2,135,124,40,164,299
07/24/2015,SPG,FL,ASO,ES,Federal Contract Tower,0,1,5,0,6,0,0,13,2,15,0,1,18,2,21,6,0,6,27
07/25/2015,SPG,FL,ASO,ES,Federal Contract Tower,0,0,3,0,3,0,0,18,0,18,0,0,21,0,21,2,0,2,23
07/26/2015,SPG,FL,ASO,ES,Federal Contract Tower,0,1,12,0,13,0,8,110,2,120,0,9,122,2,133,146,14,160,293
07/27/2015,SPG,FL,ASO,ES,Federal Contract Tower,0,0,8,0,8,0,8,42,0,50,0,8,50,0,58,50,0,50,108
07/28/2015,SPG,FL,ASO,ES,Federal Contract Tower,0,0,6,0,6,0,8,85,2,95,0,8,91,2,101,136,40,176,277
07/29/2015,SPG,FL,ASO,ES,Federal Contract Tower,0,0,8,0,8,0,14,116,0,130,0,14,124,0,138,124,0,124,262
07/30/2015,SPG,FL,ASO,ES,Federal Contract Tower,0,0,10,2,12,0,14,109,0,123,0,14,119,2,135,130,0,130,265
07/31/2015,SPG,FL,ASO,ES,Federal Contract Tower,0,2,11,0,13,0,1,60,0,61,0,3,71,0,74,22,0,22,96
08/01/2015,SPG,FL,ASO,ES,Federal Contract Tower,0,0,17,0,17,0,0,25,0,25,0,0,42,0,42,56,0,56,98
08/02/2015,SPG,FL,ASO,ES,Federal Contract Tower,0,2,10,0,12,0,7,48,0,55,0,9,58,0,67,36,0,36,103
08/03/2015,SPG,FL,ASO,ES,Federal Contract Tower,0,0,5,0,5,0,0,9,1,10,0,0,14,1,15,0,6,6,21
08/04/2015,SPG,FL,ASO,ES,Federal Contract Tower,0,0,7,0,7,0,17,122,6,145,0,17,129,6,152,128,10,138,290
08/05/2015,SPG,FL,ASO,ES,Federal Contract Tower,0,0,5,0,5,0,8,119,0,127,0,8,124,0,132,146,0,146,278
08/06/2015,SPG,FL,ASO,ES,Federal Contract Tower,0,2,17,1,20,0,12,130,2,144,0,14,147,3,164,88,44,132,296
08/07/2015,SPG,FL,ASO,ES,Federal Contract Tower,0,0,10,0,10,0,0,74,0,74,0,0,84,0,84,14,0,14,98
08/08/2015,SPG,FL,ASO,ES,Federal Contract Tower,0,0,7,0,7,0,0,56,0,56,0,0,63,0,63,56,0,56,119
08/09/2015,SPG,FL,ASO,ES,Federal Contract Tower,0,0,10,0,10,0,12,129,0,141,0,12,139,0,151,134,0,134,285
08/10/2015,SPG,FL,ASO,ES,Federal Contract Tower,0,2,13,0,15,0,12,120,2,134,0,14,133,2,149,122,16,138,287
08/11/2015,SPG,FL,ASO,ES,Federal Contract Tower,0,0,18,0,18,0,16,116,2,134,0,16,134,2,152,142,0,142,294
08/12/2015,SPG,FL,ASO,ES,Federal Contract Tower,0,0,10,0,10,0,15,126,2,143,0,15,136,2,153,138,14,152,305
08/13/2015,SPG,FL,ASO,ES,Federal Contract Tower,0,0,7,0,7,0,16,131,2,149,0,16,138,2,156,126,0,126,282
08/14/2015,SPG,FL,ASO,ES,Federal Contract Tower,0,0,6,0,6,0,0,88,0,88,0,0,94,0,94,92,0,92,186
08/15/2015,SPG,FL,ASO,ES,Federal Contract Tower,0,0,3,0,3,0,0,84,0,84,0,0,87,0,87,156,0,156,243
08/16/2015,SPG,FL,ASO,ES,Federal Contract Tower,0,4,12,0,16,0,10,133,0,143,0,14,145,0,159,132,0,132,291
08/17/2015,SPG,FL,ASO,ES,Federal Contract Tower,0,2,8,0,10,0,12,120,0,132,0,14,128,0,142,146,0,146,288
08/18/2015,SPG,FL,ASO,ES,Federal Contract Tower,0,0,7,0,7,0,12,116,2,130,0,12,123,2,137,136,24,160,297
08/19/2015,SPG,FL,ASO,ES,Federal Contract Tower,0,3,6,0,9,0,12,121,0,133,0,15,127,0,142,160,0,160,302
08/20/2015,SPG,FL,ASO,ES,Federal Contract Tower,0,0,18,0,18,0,14,124,2,140,0,14,142,2,158,128,22,150,308
08/21/2015,SPG,FL,ASO,ES,Federal Contract Tower,0,0,6,0,6,0,2,74,0,76,0,2,80,0,82,76,0,76,158
08/22/2015,SPG,FL,ASO,ES,Federal Contract Tower,0,0,7,0,7,0,0,118,0,118,0,0,125,0,125,170,0,170,295
08/23/2015,SPG,FL,ASO,ES,Federal Contract Tower,0,2,15,0,17,0,10,123,0,133,0,12,138,0,150,122,0,122,272
08/24/2015,SPG,FL,ASO,ES,Federal Contract Tower,0,0,6,0,6,0,12,108,0,120,0,12,114,0,126,120,0,120,246
08/25/2015,SPG,FL,ASO,ES,Federal Contract Tower,0,0,3,0,3,0,17,114,0,131,0,17,117,0,134,132,0,132,266
08/26/2015,SPG,FL,ASO,ES,Federal Contract Tower,0,0,2,0,2,0,10,143,0,153,0,10,145,0,155,156,0,156,311
08/27/2015,SPG,FL,ASO,ES,Federal Contract Tower,0,0,6,0,6,0,14,127,0,141,0,14,133,0,147,122,0,122,269
08/28/2015,SPG,FL,ASO,ES,Federal Contract Tower,0,0,8,0,8,0,0,53,2,55,0,0,61,2,63,56,6,62,125
08/29/2015,SPG,FL,ASO,ES,Federal Contract Tower,0,0,7,0,7,0,0,110,0,110,0,0,117,0,117,142,0,142,259
08/30/2015,SPG,FL,ASO,ES,Federal Contract Tower,0,0,2,0,2,0,12,108,0,120,0,12,110,0,122,82,0,82,204
08/31/2015,SPG,FL,ASO,ES,Federal Contract Tower,0,0,8,0,8,0,14,96,2,112,0,14,104,2,120,122,28,150,270
09/01/2015,SPG,FL,ASO,ES,Federal Contract Tower,0,0,3,0,3,0,0,89,2,91,0,0,92,2,94,124,16,140,234
09/02/2015,SPG,FL,ASO,ES,Federal Contract Tower,0,0,5,0,5,0,14,122,0,136,0,14,127,0,141,142,0,142,283
09/03/2015,SPG,FL,ASO,ES,Federal Contract Tower,0,0,5,0,5,0,8,92,4,104,0,8,97,4,109,98,44,142,251
09/04/2015,SPG,FL,ASO,ES,Federal Contract Tower,0,0,15,0,15,0,2,50,2,54,0,2,65,2,69,80,4,84,153
09/05/2015,SPG,FL,ASO,ES,Federal Contract Tower,0,0,13,0,13,0,0,68,0,68,0,0,81,0,81,76,0,76,157
09/06/2015,SPG,FL,ASO,ES,Federal Contract Tower,0,0,7,0,7,0,12,123,0,135,0,12,130,0,142,152,0,152,294
09/07/2015,SPG,FL,ASO,ES,Federal Contract Tower,0,0,10,0,10,0,13,100,0,113,0,13,110,0,123,92,0,92,215
09/08/2015,SPG,FL,ASO,ES,Federal Contract Tower,0,2,6,0,8,0,10,96,0,106,0,12,102,0,114,58,0,58,172
09/09/2015,SPG,FL,ASO,ES,Federal Contract Tower,0,0,3,0,3,0,11,99,0,110,0,11,102,0,113,116,0,116,229
09/10/2015,SPG,FL,ASO,ES,Federal Contract Tower,0,0,7,0,7,0,20,107,0,127,0,20,114,0,134,98,0,98,232
09/11/2015,SPG,FL,ASO,ES,Federal Contract Tower,0,0,9,0,9,0,12,72,0,84,0,12,81,0,93,100,0,100,193
09/12/2015,SPG,FL,ASO,ES,Federal Contract Tower,0,0,1,0,1,0,2,3,0,5,0,2,4,0,6,12,0,12,18
09/13/2015,SPG,FL,ASO,ES,Federal Contract Tower,0,4,11,0,15,0,12,83,0,95,0,16,94,0,110,78,0,78,188
09/14/2015,SPG,FL,ASO,ES,Federal Contract Tower,0,4,5,0,9,0,12,107,0,119,0,16,112,0,128,100,0,100,228
09/15/2015,SPG,FL,ASO,ES,Federal Contract Tower,0,0,10,0,10,0,0,79,0,79,0,0,89,0,89,136,0,136,225
09/16/2015,SPG,FL,ASO,ES,Federal Contract Tower,0,0,5,0,5,0,12,95,0,107,0,12,100,0,112,112,0,112,224
09/17/2015,SPG,FL,ASO,ES,Federal Contract Tower,0,0,10,0,10,0,0,101,2,103,0,0,111,2,113,144,0,144,257
09/18/2015,SPG,FL,ASO,ES,Federal Contract Tower,0,2,16,0,18,0,3,73,2,78,0,5,89,2,96,80,10,90,186
09/19/2015,SPG,FL,ASO,ES,Federal Contract Tower,0,2,8,0,10,0,0,75,0,75,0,2,83,0,85,44,0,44,129
09/20/2015,SPG,FL,ASO,ES,Federal Contract Tower,0,3,14,0,17,0,4,126,0,130,0,7,140,0,147,128,0,128,275
09/21/2015,SPG,FL,ASO,ES,Federal Contract Tower,0,0,12,0,12,0,13,120,4,137,0,13,132,4,149,154,24,178,327
09/22/2015,SPG,FL,ASO,ES,Federal Contract Tower,0,2,3,0,5,0,0,123,0,123,0,2,126,0,128,132,0,132,260
09/23/2015,SPG,FL,ASO,ES,Federal Contract Tower,0,4,3,0,7,0,10,106,0,116,0,14,109,0,123,120,0,120,243
09/24/2015,SPG,FL,ASO,ES,Federal Contract Tower,0,0,10,0,10,0,12,110,0,122,0,12,120,0,132,104,0,104,236
09/25/2015,SPG,FL,ASO,ES,Federal Contract Tower,0,0,9,0,9,0,0,76,2,78,0,0,85,2,87,84,4,88,175
09/26/2015,SPG,FL,ASO,ES,Federal Contract Tower,0,0,12,0,12,0,0,82,0,82,0,0,94,0,94,148,0,148,242
09/27/2015,SPG,FL,ASO,ES,Federal Contract Tower,0,0,8,0,8,0,0,48,0,48,0,0,56,0,56,92,0,92,148
09/28/2015,SPG,FL,ASO,ES,Federal Contract Tower,0,0,5,0,5,0,0,37,0,37,0,0,42,0,42,48,0,48,90
09/29/2015,SPG,FL,ASO,ES,Federal Contract Tower,0,0,8,0,8,0,0,31,8,39,0,0,39,8,47,54,30,84,131
09/30/2015,SPG,FL,ASO,ES,Federal Contract Tower,0,0,11,0,11,0,0,59,0,59,0,0,70,0,70,94,6,100,170
10/01/2015,SPG,FL,ASO,ES,Federal Contract Tower,0,2,6,0,8,0,8,80,0,88,0,10,86,0,96,90,0,90,186
10/02/2015,SPG,FL,ASO,ES,Federal Contract Tower,0,0,14,0,14,0,6,55,2,63,0,6,69,2,77,72,0,72,149
10/03/2015,SPG,FL,ASO,ES,Federal Contract Tower,0,0,13,0,13,0,6,54,0,60,0,6,67,0,73,14,0,14,87
10/04/2015,SPG,FL,ASO,ES,Federal Contract Tower,0,2,17,0,19,0,4,54,0,58,0,6,71,0,77,40,0,40,117
10/05/2015,SPG,FL,ASO,ES,Federal Contract Tower,0,2,7,0,9,0,14,70,0,84,0,16,77,0,93,82,0,82,175
10/06/2015,SPG,FL,ASO,ES,Federal Contract Tower,0,3,7,0,10,0,9,103,0,112,0,12,110,0,122,144,0,144,266
10/07/2015,SPG,FL,ASO,ES,Federal Contract Tower,0,0,3,0,3,0,12,111,2,125,0,12,114,2,128,148,0,148,276
10/08/2015,SPG,FL,ASO,ES,Federal Contract Tower,0,2,6,0,8,0,8,115,0,123,0,10,121,0,131,114,0,114,245
10/09/2015,SPG,FL,ASO,ES,Federal Contract Tower,0,2,5,0,7,0,0,81,2,83,0,2,86,2,90,42,0,42,132
10/10/2015,SPG,FL,ASO,ES,Federal Contract Tower,0,0,8,0,8,0,0,68,0,68,0,0,76,0,76,38,0,38,114
10/11/2015,SPG,FL,ASO,ES,Federal Contract Tower,0,2,16,0,18,0,4,124,0,128,0,6,140,0,146,110,0,110,256
10/12/2015,SPG,FL,ASO,ES,Federal Contract Tower,0,0,6,0,6,0,19,113,0,132,0,19,119,0,138,98,0,98,236
10/13/2015,SPG,FL,ASO,ES,Federal Contract Tower,0,2,8,0,10,0,0,75,2,77,0,2,83,2,87,152,20,172,259
10/14/2015,SPG,FL,ASO,ES,Federal Contract Tower,0,0,12,0,12,0,12,120,2,134,0,12,132,2,146,134,0,134,280
10/15/2015,SPG,FL,ASO,ES,Federal Contract Tower,0,0,11,0,11,0,2,77,2,81,0,2,88,2,92,22,10,32,124
10/16/2015,SPG,FL,ASO,ES,Federal Contract Tower,0,0,14,0,14,0,0,101,0,101,0,0,115,0,115,152,0,152,267
10/17/2015,SPG,FL,ASO,ES,Federal Contract Tower,0,0,9,0,9,0,0,296,0,296,0,0,305,0,305,46,0,46,351
10/18/2015,SPG,FL,ASO,ES,Federal Contract Tower,0,0,14,0,14,0,8,99,4,111,0,8,113,4,125,92,40,132,257
10/19/2015,SPG,FL,ASO,ES,Federal Contract Tower,0,4,4,0,8,0,12,104,4,120,0,16,108,4,128,86,98,184,312
10/20/2015,SPG,FL,ASO,ES,Federal Contract Tower,0,0,4,0,4,0,8,97,2,107,0,8,101,2,111,138,44,182,293
10/21/2015,SPG,FL,ASO,ES,Federal Contract Tower,0,0,7,0,7,0,0,107,0,107,0,0,114,0,114,168,0,168,282
10/22/2015,SPG,FL,ASO,ES,Federal Contract Tower,0,0,5,0,5,0,14,131,4,149,0,14,136,4,154,120,24,144,298
10/23/2015,SPG,FL,ASO,ES,Federal Contract Tower,0,0,18,0,18,0,6,93,2,101,0,6,111,2,119,112,30,142,261
10/24/2015,SPG,FL,ASO,ES,Federal Contract Tower,0,0,8,0,8,0,0,88,0,88,0,0,96,0,96,110,0,110,206
10/25/2015,SPG,FL,ASO,ES,Federal Contract Tower,0,2,16,0,18,0,6,131,2,139,0,8,147,2,157,122,12,134,291
10/26/2015,SPG,FL,ASO,ES,Federal Contract Tower,0,0,5,0,5,0,7,80,0,87,0,7,85,0,92,134,0,134,226
10/27/2015,SPG,FL,ASO,ES,Federal Contract Tower,0,0,11,0,11,0,6,73,0,79,0,6,84,0,90,76,0,76,166
10/28/2015,SPG,FL,ASO,ES,Federal Contract Tower,0,0,11,0,11,0,12,69,0,81,0,12,80,0,92,118,0,118,210
10/29/2015,SPG,FL,ASO,ES,Federal Contract Tower,0,4,13,0,17,0,12,124,2,138,0,16,137,2,155,126,2,128,283
10/30/2015,SPG,FL,ASO,ES,Federal Contract Tower,0,0,12,0,12,0,0,122,2,124,0,0,134,2,136,118,0,118,254
10/31/2015,SPG,FL,ASO,ES,Federal Contract Tower,0,0,7,0,7,0,2,90,0,92,0,2,97,0,99,72,0,72,171
11/01/2015,SPG,FL,ASO,ES,Federal Contract Tower,0,0,18,0,18,0,12,116,0,128,0,12,134,0,146,104,0,104,250
11/02/2015,SPG,FL,ASO,ES,Federal Contract Tower,0,0,3,0,3,0,10,88,2,100,0,10,91,2,103,142,34,176,279
11/03/2015,SPG,FL,ASO,ES,Federal Contract Tower,0,1,8,0,9,0,11,119,0,130,0,12,127,0,139,122,0,122,261
11/04/2015,SPG,FL,ASO,ES,Federal Contract Tower,0,2,10,0,12,0,14,101,2,117,0,16,111,2,129,120,36,156,285
11/05/2015,SPG,FL,ASO,ES,Federal Contract Tower,0,0,7,2,9,0,12,112,4,128,0,12,119,6,137,100,38,138,275
11/06/2015,SPG,FL,ASO,ES,Federal Contract Tower,0,5,9,0,14,0,2,104,2,108,0,7,113,2,122,76,14,90,212
11/07/2015,SPG,FL,ASO,ES,Federal Contract Tower,0,0,12,0,12,0,6,80,3,89,0,6,92,3,101,106,24,130,231
11/08/2015,SPG,FL,ASO,ES,Federal Contract Tower,0,2,21,0,23,0,10,85,0,95,0,12,106,0,118,70,0,70,188
11/09/2015,SPG,FL,ASO,ES,Federal Contract Tower,0,0,7,0,7,0,10,75,0,85,0,10,82,0,92,114,0,114,206
11/10/2015,SPG,FL,ASO,ES,Federal Contract Tower,0,0,9,0,9,0,10,105,8,123,0,10,114,8,132,76,70,146,278
11/11/2015,SPG,FL,ASO,ES,Federal Contract Tower,0,0,14,0,14,0,0,84,0,84,0,0,98,0,98,154,0,154,252
11/12/2015,SPG,FL,ASO,ES,Federal Contract Tower,0,1,7,0,8,0,14,111,4,129,0,15,118,4,137,112,34,146,283
11/13/2015,SPG,FL,ASO,ES,Federal Contract Tower,0,2,21,0,23,0,0,87,2,89,0,2,108,2,112,112,0,112,224
11/14/2015,SPG,FL,ASO,ES,Federal Contract Tower,0,0,4,0,4,0,0,81,0,81,0,0,85,0,85,56,0,56,141
11/15/2015,SPG,FL,ASO,ES,Federal Contract Tower,0,4,13,0,17,0,6,100,3,109,0,10,113,3,126,104,38,142,268
11/16/2015,SPG,FL,ASO,ES,Federal Contract Tower,0,4,4,0,8,0,18,107,0,125,0,22,111,0,133,142,0,142,275
11/17/2015,SPG,FL,ASO,ES,Federal Contract Tower,0,0,11,0,11,0,9,114,0,123,0,9,125,0,134,122,0,122,256
11/18/2015,SPG,FL,ASO,ES,Federal Contract Tower,0,0,8,2,10,0,0,92,8,100,0,0,100,10,110,116,70,186,296
11/19/2015,SPG,FL,ASO,ES,Federal Contract Tower,0,2,8,2,12,0,0,40,0,40,0,2,48,2,52,106,0,106,158
11/20/2015,SPG,FL,ASO,ES,Federal Contract Tower,0,3,18,0,21,0,0,47,4,51,0,3,65,4,72,58,32,90,162
11/21/2015,SPG,FL,ASO,ES,Federal Contract Tower,0,0,14,0,14,0,0,32,0,32,0,0,46,0,46,90,0,90,136
11/22/2015,SPG,FL,ASO,ES,Federal Contract Tower,0,2,16,0,18,0,0,39,0,39,0,2,55,0,57,20,0,20,77
11/23/2015,SPG,FL,ASO,ES,Federal Contract Tower,0,0,6,0,6,0,1,80,0,81,0,1,86,0,87,80,0,80,167
11/24/2015,SPG,FL,ASO,ES,Federal Contract Tower,0,0,12,0,12,0,0,54,0,54,0,0,66,0,66,34,0,34,100
11/25/2015,SPG,FL,ASO,ES,Federal Contract Tower,0,0,7,0,7,0,0,71,0,71,0,0,78,0,78,14,2,16,94
11/26/2015,SPG,FL,ASO,ES,Federal Contract Tower,0,0,11,0,11,0,0,40,0,40,0,0,51,0,51,16,0,16,67
11/27/2015,SPG,FL,ASO,ES,Federal Contract Tower,0,0,13,0,13,0,8,88,0,96,0,8,101,0,109,36,0,36,145
11/28/2015,SPG,FL,ASO,ES,Federal Contract Tower,0,0,10,0,10,0,5,81,1,87,0,5,91,1,97,43,0,43,140
11/29/2015,SPG,FL,ASO,ES,Federal Contract Tower,0,4,28,0,32,0,12,119,0,131,0,16,147,0,163,92,0,92,255
11/30/2015,SPG,FL,ASO,ES,Federal Contract Tower,0,4,6,0,10,0,12,103,6,121,0,16,109,6,131,146,30,176,307
12/01/2015,SPG,FL,ASO,ES,Federal Contract Tower,0,0,5,0,5,0,10,114,0,124,0,10,119,0,129,112,0,112,241
12/02/2015,SPG,FL,ASO,ES,Federal Contract Tower,0,0,4,0,4,0,0,71,2,73,0,0,75,2,77,106,8,114,191
12/03/2015,SPG,FL,ASO,ES,Federal Contract Tower,0,3,8,0,11,0,12,105,0,117,0,15,113,0,128,122,18,140,268
12/04/2015,SPG,FL,ASO,ES,Federal Contract Tower,0,0,15,0,15,0,0,92,0,92,0,0,107,0,107,130,0,130,237
12/05/2015,SPG,FL,ASO,ES,Federal Contract Tower,0,0,8,0,8,0,0,72,0,72,0,0,80,0,80,18,0,18,98
12/06/2015,SPG,FL,ASO,ES,Federal Contract Tower,0,2,12,0,14,0,8,142,0,150,0,10,154,0,164,112,0,112,276
12/07/2015,SPG,FL,ASO,ES,Federal Contract Tower,0,0,12,0,12,0,8,113,0,121,0,8,125,0,133,128,0,128,261
12/08/2015,SPG,FL,ASO,ES,Federal Contract Tower,0,8,2,0,10,0,8,120,2,130,0,16,122,2,140,100,28,128,268
12/09/2015,SPG,FL,ASO,ES,Federal Contract Tower,0,0,16,0,16,0,10,114,2,126,0,10,130,2,142,106,12,118,260
12/10/2015,SPG,FL,ASO,ES,Federal Contract Tower,0,0,6,0,6,0,0,53,0,53,0,0,59,0,59,32,10,42,101
12/11/2015,SPG,FL,ASO,ES,Federal Contract Tower,0,0,12,0,12,0,1,100,0,101,0,1,112,0,113,106,0,106,219
12/12/2015,SPG,FL,ASO,ES,Federal Contract Tower,0,0,13,0,13,0,0,90,0,90,0,0,103,0,103,106,0,106,209
12/13/2015,SPG,FL,ASO,ES,Federal Contract Tower,0,0,26,0,26,0,10,116,0,126,0,10,142,0,152,118,0,118,270
12/14/2015,SPG,FL,ASO,ES,Federal Contract Tower,0,0,15,0,15,0,0,77,2,79,0,0,92,2,94,136,16,152,246
12/15/2015,SPG,FL,ASO,ES,Federal Contract Tower,0,1,12,0,13,0,12,105,0,117,0,13,117,0,130,74,0,74,204
12/16/2015,SPG,FL,ASO,ES,Federal Contract Tower,0,0,12,0,12,0,0,68,2,70,0,0,80,2,82,128,16,144,226
12/17/2015,SPG,FL,ASO,ES,Federal Contract Tower,0,1,22,0,23,0,13,106,0,119,0,14,128,0,142,122,0,122,264
12/18/2015,SPG,FL,ASO,ES,Federal Contract Tower,0,0,9,0,9,0,0,22,2,24,0,0,31,2,33,0,0,0,33
12/19/2015,SPG,FL,ASO,ES,Federal Contract Tower,0,0,12,0,12,0,0,75,0,75,0,0,87,0,87,78,0,78,165
12/20/2015,SPG,FL,ASO,ES,Federal Contract Tower,0,2,13,0,15,0,10,106,0,116,0,12,119,0,131,120,0,120,251
12/21/2015,SPG,FL,ASO,ES,Federal Contract Tower,0,2,10,0,12,0,12,112,0,124,0,14,122,0,136,122,0,122,258
12/22/2015,SPG,FL,ASO,ES,Federal Contract Tower,0,1,13,0,14,0,0,84,2,86,0,1,97,2,100,200,0,200,300
12/23/2015,SPG,FL,ASO,ES,Federal Contract Tower,0,2,9,0,11,0,17,95,0,112,0,19,104,0,123,150,0,150,273
12/24/2015,SPG,FL,ASO,ES,Federal Contract Tower,0,8,0,0,8,0,0,68,0,68,0,8,68,0,76,10,0,10,86
12/25/2015,SPG,FL,ASO,ES,Federal Contract Tower,0,0,5,0,5,0,0,11,0,11,0,0,16,0,16,0,0,0,16
12/26/2015,SPG,FL,ASO,ES,Federal Contract Tower,0,0,20,0,20,0,0,86,0,86,0,0,106,0,106,98,0,98,204
12/27/2015,SPG,FL,ASO,ES,Federal Contract Tower,0,0,19,0,19,0,5,109,0,114,0,5,128,0,133,98,0,98,231
12/28/2015,SPG,FL,ASO,ES,Federal Contract Tower,0,2,14,0,16,0,15,117,0,132,0,17,131,0,148,146,0,146,294
12/29/2015,SPG,FL,ASO,ES,Federal Contract Tower,0,1,14,0,15,0,10,109,0,119,0,11,123,0,134,132,0,132,266
12/30/2015,SPG,FL,ASO,ES,Federal Contract Tower,0,1,10,0,11,0,0,78,0,78,0,1,88,0,89,146,0,146,235
12/31/2015,SPG,FL,ASO,ES,Federal Contract Tower,0,0,11,0,11,0,11,100,0,111,0,11,111,0,122,122,0,122,244
01/01/2016,SPG,FL,ASO,ES,Federal Contract Tower,0,0,12,0,12,0,0,49,0,49,0,0,61,0,61,24,0,24,85
01/02/2016,SPG,FL,ASO,ES,Federal Contract Tower,0,0,24,0,24,0,0,36,0,36,0,0,60,0,60,100,0,100,160
01/03/2016,SPG,FL,ASO,ES,Federal Contract Tower,0,0,14,0,14,0,0,14,0,14,0,0,28,0,28,38,0,38,66
01/04/2016,SPG,FL,ASO,ES,Federal Contract Tower,0,0,13,0,13,0,12,115,2,129,0,12,128,2,142,118,2,120,262
01/05/2016,SPG,FL,ASO,ES,Federal Contract Tower,0,0,10,0,10,0,2,67,0,69,0,2,77,0,79,116,0,116,195
01/06/2016,SPG,FL,ASO,ES,Federal Contract Tower,0,0,7,1,8,0,12,109,0,121,0,12,116,1,129,144,0,144,273
01/07/2016,SPG,FL,ASO,ES,Federal Contract Tower,0,0,6,0,6,0,0,10,0,10,0,0,16,0,16,44,0,44,60
01/08/2016,SPG,FL,ASO,ES,Federal Contract Tower,0,0,23,0,23,0,0,77,6,83,0,0,100,6,106,66,64,130,236
01/09/2016,SPG,FL,ASO,ES,Federal Contract Tower,0,0,7,0,7,0,0,13,0,13,0,0,20,0,20,48,0,48,68
01/10/2016,SPG,FL,ASO,ES,Federal Contract Tower,0,0,14,0,14,0,6,90,2,98,0,6,104,2,112,88,34,122,234
01/11/2016,SPG,FL,ASO,ES,Federal Contract Tower,0,0,14,0,14,0,0,58,0,58,0,0,72,0,72,86,0,86,158
01/12/2016,SPG,FL,ASO,ES,Federal Contract Tower,0,0,18,0,18,0,12,103,0,115,0,12,121,0,133,122,0,122,255
01/13/2016,SPG,FL,ASO,ES,Federal Contract Tower,0,0,9,0,9,0,10,105,0,115,0,10,114,0,124,122,0,122,246
01/14/2016,SPG,FL,ASO,ES,Federal Contract Tower,0,0,11,0,11,0,10,103,0,113,0,10,114,0,124,134,0,134,258
01/15/2016,SPG,FL,ASO,ES,Federal Contract Tower,0,0,0,0,0,0,0,33,2,35,0,0,33,2,35,16,20,36,71
01/16/2016,SPG,FL,ASO,ES,Federal Contract Tower,0,0,14,0,14,0,0,121,2,123,0,0,135,2,137,112,2,114,251
01/17/2016,SPG,FL,ASO,ES,Federal Contract Tower,0,0,8,0,8,0,2,24,0,26,0,2,32,0,34,6,0,6,40
01/18/2016,SPG,FL,ASO,ES,Federal Contract Tower,0,0,12,0,12,0,12,99,0,111,0,12,111,0,123,88,0,88,211
01/19/2016,SPG,FL,ASO,ES,Federal Contract Tower,0,2,4,0,6,0,0,96,2,98,0,2,100,2,104,146,12,158,262
01/20/2016,SPG,FL,ASO,ES,Federal Contract Tower,0,1,10,2,13,0,10,123,0,133,0,11,133,2,146,178,0,178,324
01/21/2016,SPG,FL,ASO,ES,Federal Contract Tower,0,2,8,0,10,0,4,96,2,102,0,6,104,2,112,132,0,132,244
01/22/2016,SPG,FL,ASO,ES,Federal Contract Tower,0,0,2,0,2,0,0,4,2,6,0,0,6,2,8,0,16,16,24
01/23/2016,SPG,FL,ASO,ES,Federal Contract Tower,0,5,0,0,5,0,0,6,0,6,0,5,6,0,11,6,0,6,17
01/24/2016,SPG,FL,ASO,ES,Federal Contract Tower,0,0,12,0,12,0,0,118,0,118,0,0,130,0,130,90,0,90,220
01/25/2016,SPG,FL,ASO,ES,Federal Contract Tower,0,0,14,0,14,0,0,91,0,91,0,0,105,0,105,134,6,140,245
01/26/2016,SPG,FL,ASO,ES,Federal Contract Tower,0,0,8,0,8,0,8,98,0,106,0,8,106,0,114,138,0,138,252
01/27/2016,SPG,FL,ASO,ES,Federal Contract Tower,0,0,5,0,5,0,0,0,0,0,0,0,5,0,5,0,0,0,5
01/28/2016,SPG,FL,ASO,ES,Federal Contract Tower,0,0,4,0,4,0,0,4,0,4,0,0,8,0,8,0,0,0,8
01/29/2016,SPG,FL,ASO,ES,Federal Contract Tower,0,0,6,0,6,0,0,96,0,96,0,0,102,0,102,58,0,58,160
01/30/2016,SPG,FL,ASO,ES,Federal Contract Tower,0,0,27,0,27,0,0,177,0,177,0,0,204,0,204,20,0,20,224
01/31/2016,SPG,FL,ASO,ES,Federal Contract Tower,0,0,14,0,14,0,0,110,0,110,0,0,124,0,124,156,0,156,280
02/01/2016,SPG,FL,ASO,ES,Federal Contract Tower,0,0,9,0,9,0,0,111,2,113,0,0,120,2,122,152,2,154,276
02/02/2016,SPG,FL,ASO,ES,Federal Contract Tower,0,0,11,0,11,0,10,79,0,89,0,10,90,0,100,110,8,118,218
02/03/2016,SPG,FL,ASO,ES,Federal Contract Tower,0,0,9,0,9,0,4,78,0,82,0,4,87,0,91,142,0,142,233
02/04/2016,SPG,FL,ASO,ES,Federal Contract Tower,0,0,4,0,4,0,0,27,2,29,0,0,31,2,33,36,0,36,69
02/05/2016,SPG,FL,ASO,ES,Federal Contract Tower,0,0,6,0,6,0,0,57,0,57,0,0,63,0,63,62,0,62,125
02/06/2016,SPG,FL,ASO,ES,Federal Contract Tower,0,0,26,0,26,0,0,28,0,28,0,0,54,0,54,66,0,66,120
02/07/2016,SPG,FL,ASO,ES,Federal Contract Tower,0,0,7,0,7,0,0,40,0,40,0,0,47,0,47,18,0,18,65
02/08/2016,SPG,FL,ASO,ES,Federal Contract Tower,0,0,7,0,7,0,10,89,2,101,0,10,96,2,108,52,2,54,162
02/09/2016,SPG,FL,ASO,ES,Federal Contract Tower,0,0,3,0,3,0,10,56,1,67,0,10,59,1,70,44,0,44,114
02/10/2016,SPG,FL,ASO,ES,Federal Contract Tower,0,0,10,0,10,0,4,93,2,99,0,4,103,2,109,100,12,112,221
02/11/2016,SPG,FL,ASO,ES,Federal Contract Tower,0,0,11,0,11,0,14,109,0,123,0,14,120,0,134,96,0,96,230
02/12/2016,SPG,FL,ASO,ES,Federal Contract Tower,0,0,11,0,11,0,0,110,0,110,0,0,121,0,121,104,0,104,225
02/13/2016,SPG,FL,ASO,ES,Federal Contract Tower,0,0,20,0,20,0,0,117,0,117,0,0,137,0,137,94,0,94,231
02/14/2016,SPG,FL,ASO,ES,Federal Contract Tower,0,0,17,0,17,0,0,113,0,113,0,0,130,0,130,114,0,114,244
02/15/2016,SPG,FL,ASO,ES,Federal Contract Tower,0,2,8,0,10,0,4,83,0,87,0,6,91,0,97,120,0,120,217
02/16/2016,SPG,FL,ASO,ES,Federal Contract Tower,0,0,6,0,6,0,8,99,2,109,0,8,105,2,115,150,4,154,269
02/17/2016,SPG,FL,ASO,ES,Federal Contract Tower,0,0,12,0,12,0,0,71,0,71,0,0,83,0,83,150,0,150,233
02/18/2016,SPG,FL,ASO,ES,Federal Contract Tower,0,0,4,0,4,0,5,98,0,103,0,5,102,0,107,184,0,184,291
02/19/2016,SPG,FL,ASO,ES,Federal Contract Tower,0,2,16,0,18,0,0,99,0,99,0,2,115,0,117,160,0,160,277
02/20/2016,SPG,FL,ASO,ES,Federal Contract Tower,0,0,11,0,11,0,0,90,0,90,0,0,101,0,101,120,0,120,221
02/21/2016,SPG,FL,ASO,ES,Federal Contract Tower,0,0,17,0,17,0,0,77,0,77,0,0,94,0,94,82,0,82,176
02/22/2016,SPG,FL,ASO,ES,Federal Contract Tower,0,0,4,0,4,0,13,97,0,110,0,13,101,0,114,142,0,142,256
02/23/2016,SPG,FL,ASO,ES,Federal Contract Tower,0,0,12,0,12,0,0,57,0,57,0,0,69,0,69,134,0,134,203
02/24/2016,SPG,FL,ASO,ES,Federal Contract Tower,0,0,4,0,4,0,4,4,0,8,0,4,8,0,12,0,0,0,12
02/25/2016,SPG,FL,ASO,ES,Federal Contract Tower,0,0,12,0,12,0,0,47,0,47,0,0,59,0,59,58,0,58,117
02/26/2016,SPG,FL,ASO,ES,Federal Contract Tower,0,0,13,0,13,0,0,129,3,132,0,0,142,3,145,190,20,210,355
02/27/2016,SPG,FL,ASO,ES,Federal Contract Tower,0,0,11,0,11,0,0,113,0,113,0,0,124,0,124,78,0,78,202
02/28/2016,SPG,FL,ASO,ES,Federal Contract Tower,0,0,12,0,12,0,4,105,0,109,0,4,117,0,121,126,0,126,247
02/29/2016,SPG,FL,ASO,ES,Federal Contract Tower,0,1,11,0,12,0,4,98,0,102,0,5,109,0,114,144,0,144,258
03/01/2016,SPG,FL,ASO,ES,Federal Contract Tower,0,0,11,0,11,0,0,101,0,101,0,0,112,0,112,152,0,152,264
03/02/2016,SPG,FL,ASO,ES,Federal Contract Tower,0,0,0,0,0,0,0,92,3,95,0,0,92,3,95,154,18,172,267
03/03/2016,SPG,FL,ASO,ES,Federal Contract Tower,0,0,8,0,8,0,15,165,0,180,0,15,173,0,188,124,0,124,312
03/04/2016,SPG,FL,ASO,ES,Federal Contract Tower,0,2,18,0,20,0,0,165,2,167,0,2,183,2,187,148,0,148,335
03/05/2016,SPG,FL,ASO,ES,Federal Contract Tower,0,0,10,0,10,0,0,135,0,135,0,0,145,0,145,168,0,168,313
03/06/2016,SPG,FL,ASO,ES,Federal Contract Tower,0,0,11,0,11,0,0,136,0,136,0,0,147,0,147,158,0,158,305
03/07/2016,SPG,FL,ASO,ES,Federal Contract Tower,0,0,0,15,15,0,12,108,0,120,0,12,108,15,135,158,0,158,293
03/08/2016,SPG,FL,ASO,ES,Federal Contract Tower,0,0,7,0,7,0,6,87,2,95,0,6,94,2,102,178,0,178,280
03/09/2016,SPG,FL,ASO,ES,Federal Contract Tower,0,0,6,0,6,0,10,105,2,117,0,10,111,2,123,148,2,150,273
03/10/2016,SPG,FL,ASO,ES,Federal Contract Tower,0,0,8,0,8,0,18,115,0,133,0,18,123,0,141,144,0,144,285
03/11/2016,SPG,FL,ASO,ES,Federal Contract Tower,0,0,9,0,9,0,2,71,2,75,0,2,80,2,84,76,38,114,198
03/12/2016,SPG,FL,ASO,ES,Federal Contract Tower,0,0,5,0,5,0,37,122,0,159,0,37,127,0,164,92,0,92,256
03/13/2016,SPG,FL,ASO,ES,Federal Contract Tower,0,0,17,0,17,0,0,113,4,117,0,0,130,4,134,8,2,10,144
03/14/2016,SPG,FL,ASO,ES,Federal Contract Tower,0,2,11,0,13,0,22,94,0,116,0,24,105,0,129,114,0,114,243
03/15/2016,SPG,FL,ASO,ES,Federal Contract Tower,0,0,13,0,13,0,10,92,0,102,0,10,105,0,115,126,0,126,241
03/16/2016,SPG,FL,ASO,ES,Federal Contract Tower,0,0,15,0,15,0,0,20,0,20,0,0,35,0,35,38,0,38,73
03/17/2016,SPG,FL,ASO,ES,Federal Contract Tower,0,0,20,0,20,0,10,95,0,105,0,10,115,0,125,106,0,106,231
03/18/2016,SPG,FL,ASO,ES,Federal Contract Tower,0,0,19,0,19,0,8,76,0,84,0,8,95,0,103,168,0,168,271
03/19/2016,SPG,FL,ASO,ES,Federal Contract Tower,0,0,7,0,7,0,0,26,0,26,0,0,33,0,33,14,0,14,47
03/20/2016,SPG,FL,ASO,ES,Federal Contract Tower,0,0,15,0,15,0,16,113,0,129,0,16,128,0,144,148,0,148,292
03/21/2016,SPG,FL,ASO,ES,Federal Contract Tower,0,2,13,0,15,0,14,113,2,129,0,16,126,2,144,120,22,142,286
03/22/2016,SPG,FL,ASO,ES,Federal Contract Tower,0,0,17,0,17,0,6,101,2,109,0,6,118,2,126,160,40,200,326
03/23/2016,SPG,FL,ASO,ES,Federal Contract Tower,0,0,5,0,5,0,10,136,2,148,0,10,141,2,153,140,30,170,323
03/24/2016,SPG,FL,ASO,ES,Federal Contract Tower,0,0,9,0,9,0,10,119,2,131,0,10,128,2,140,82,18,100,240
03/25/2016,SPG,FL,ASO,ES,Federal Contract Tower,0,0,7,0,7,0,1,42,0,43,0,1,49,0,50,50,0,50,100
03/26/2016,SPG,FL,ASO,ES,Federal Contract Tower,0,2,15,0,17,0,0,84,0,84,0,2,99,0,101,164,0,164,265
03/27/2016,SPG,FL,ASO,ES,Federal Contract Tower,0,0,10,0,10,0,6,111,0,117,0,6,121,0,127,118,0,118,245
03/28/2016,SPG,FL,ASO,ES,Federal Contract Tower,0,4,15,0,19,0,10,85,0,95,0,14,100,0,114,122,0,122,236
03/29/2016,SPG,FL,ASO,ES,Federal Contract Tower,0,0,10,0,10,0,11,73,0,84,0,11,83,0,94,148,0,148,242
03/30/2016,SPG,FL,ASO,ES,Federal Contract Tower,0,0,8,0,8,0,12,115,2,129,0,12,123,2,137,160,12,172,309
03/31/2016,SPG,FL,ASO,ES,Federal Contract Tower,0,0,10,0,10,0,12,113,2,127,0,12,123,2,137,154,10,164,301
04/01/2016,SPG,FL,ASO,ES,Federal Contract Tower,0,0,13,0,13,0,1,78,1,80,0,1,91,1,93,50,32,82,175
04/02/2016,SPG,FL,ASO,ES,Federal Contract Tower,0,0,5,0,5,0,0,19,0,19,0,0,24,0,24,14,0,14,38
04/03/2016,SPG,FL,ASO,ES,Federal Contract Tower,0,0,23,0,23,0,8,130,0,138,0,8,153,0,161,132,0,132,293
04/04/2016,SPG,FL,ASO,ES,Federal Contract Tower,0,0,12,0,12,0,10,124,0,134,0,10,136,0,146,162,0,162,308
04/05/2016,SPG,FL,ASO,ES,Federal Contract Tower,0,0,15,0,15,0,10,116,4,130,0,10,131,4,145,152,14,166,311
04/06/2016,SPG,FL,ASO,ES,Federal Contract Tower,0,0,5,0,5,0,12,119,8,139,0,12,124,8,144,152,46,198,342
04/07/2016,SPG,FL,ASO,ES,Federal Contract Tower,0,0,17,0,17,0,14,125,2,141,0,14,142,2,158,140,14,154,312
04/08/2016,SPG,FL,ASO,ES,Federal Contract Tower,0,0,15,0,15,0,0,80,1,81,0,0,95,1,96,54,34,88,184
04/09/2016,SPG,FL,ASO,ES,Federal Contract Tower,0,0,18,0,18,0,0,104,0,104,0,0,122,0,122,38,0,38,160
04/10/2016,SPG,FL,ASO,ES,Federal Contract Tower,0,0,20,0,20,0,12,117,0,129,0,12,137,0,149,126,0,126,275
04/11/2016,SPG,FL,ASO,ES,Federal Contract Tower,0,0,9,0,9,0,12,123,2,137,0,12,132,2,146,150,14,164,310
04/12/2016,SPG,FL,ASO,ES,Federal Contract Tower,0,0,7,0,7,0,11,112,0,123,0,11,119,0,130,150,0,150,280
04/13/2016,SPG,FL,ASO,ES,Federal Contract Tower,0,0,6,0,6,0,11,121,2,134,0,11,127,2,140,208,10,218,358
04/14/2016,SPG,FL,ASO,ES,Federal Contract Tower,0,0,6,0,6,0,12,99,4,115,0,12,105,4,121,164,34,198,319
04/15/2016,SPG,FL,ASO,ES,Federal Contract Tower,0,0,15,0,15,0,0,48,4,52,0,0,63,4,67,109,10,119,186
04/16/2016,SPG,FL,ASO,ES,Federal Contract Tower,0,0,10,0,10,0,0,43,0,43,0,0,53,0,53,22,0,22,75
04/17/2016,SPG,FL,ASO,ES,Federal Contract Tower,0,0,7,0,7,0,0,51,0,51,0,0,58,0,58,10,0,10,68
04/18/2016,SPG,FL,ASO,ES,Federal Contract Tower,0,1,12,0,13,0,10,115,0,125,0,11,127,0,138,142,0,142,280
04/19/2016,SPG,FL,ASO,ES,Federal Contract Tower,0,0,14,0,14,0,16,114,2,132,0,16,128,2,146,148,6,154,300
04/20/2016,SPG,FL,ASO,ES,Federal Contract Tower,0,0,14,2,16,0,13,138,0,151,0,13,152,2,167,158,0,158,325
04/21/2016,SPG,FL,ASO,ES,Federal Contract Tower,0,0,10,0,10,0,0,114,0,114,0,0,124,0,124,64,0,64,188
04/22/2016,SPG,FL,ASO,ES,Federal Contract Tower,0,0,2,0,2,0,0,76,0,76,0,0,78,0,78,120,0,120,198
04/23/2016,SPG,FL,ASO,ES,Federal Contract Tower,0,0,16,0,16,0,0,135,0,135,0,0,151,0,151,102,0,102,253
04/24/2016,SPG,FL,ASO,ES,Federal Contract Tower,0,0,13,0,13,0,0,141,0,141,0,0,154,0,154,156,0,156,310
04/25/2016,SPG,FL,ASO,ES,Federal Contract Tower,0,0,9,0,9,0,0,73,3,76,0,0,82,3,85,114,36,150,235
04/26/2016,SPG,FL,ASO,ES,Federal Contract Tower,0,0,8,0,8,0,0,88,0,88,0,0,96,0,96,192,0,192,288
04/27/2016,SPG,FL,ASO,ES,Federal Contract Tower,0,0,13,0,13,0,0,95,3,98,0,0,108,3,111,162,6,168,279
04/28/2016,SPG,FL,ASO,ES,Federal Contract Tower,0,0,10,0,10,0,4,134,0,138,0,4,144,0,148,172,0,172,320
04/29/2016,SPG,FL,ASO,ES,Federal Contract Tower,0,0,7,0,7,0,0,85,0,85,0,0,92,0,92,92,0,92,184
04/30/2016,SPG,FL,ASO,ES,Federal Contract Tower,0,0,16,0,16,0,0,79,0,79,0,0,95,0,95,112,0,112,207
05/01/2016,SPG,FL,ASO,ES,Federal Contract Tower,0,1,10,0,11,0,11,117,0,128,0,12,127,0,139,178,0,178,317
05/02/2016,SPG,FL,ASO,ES,Federal Contract Tower,0,4,6,2,12,0,8,117,0,125,0,12,123,2,137,138,0,138,275
05/03/2016,SPG,FL,ASO,ES,Federal Contract Tower,0,1,7,0,8,0,14,125,4,143,0,15,132,4,151,136,20,156,307
05/04/2016,SPG,FL,ASO,ES,Federal Contract Tower,0,3,5,0,8,0,0,7,0,7,0,3,12,0,15,0,0,0,15
05/05/2016,SPG,FL,ASO,ES,Federal Contract Tower,0,0,17,0,17,0,8,113,0,121,0,8,130,0,138,134,0,134,272
05/06/2016,SPG,FL,ASO,ES,Federal Contract Tower,0,0,13,0,13,0,2,85,0,87,0,2,98,0,100,99,2,101,201
05/07/2016,SPG,FL,ASO,ES,Federal Contract Tower,0,0,14,0,14,0,0,134,2,136,0,0,148,2,150,78,0,78,228
05/08/2016,SPG,FL,ASO,ES,Federal Contract Tower,0,0,8,0,8,0,10,135,0,145,0,10,143,0,153,176,0,176,329
05/09/2016,SPG,FL,ASO,ES,Federal Contract Tower,0,0,5,1,6,0,10,134,3,147,0,10,139,4,153,136,58,194,347
05/10/2016,SPG,FL,ASO,ES,Federal Contract Tower,0,0,8,0,8,0,12,121,0,133,0,12,129,0,141,184,0,184,325
05/11/2016,SPG,FL,ASO,ES,Federal Contract Tower,0,0,12,0,12,0,8,110,2,120,0,8,122,2,132,180,12,192,324
05/12/2016,SPG,FL,ASO,ES,Federal Contract Tower,0,2,6,0,8,0,12,120,2,134,0,14,126,2,142,154,16,170,312
05/13/2016,SPG,FL,ASO,ES,Federal Contract Tower,0,0,18,2,20,0,0,85,4,89,0,0,103,6,109,70,0,70,179
05/14/2016,SPG,FL,ASO,ES,Federal Contract Tower,0,0,18,0,18,0,0,106,0,106,0,0,124,0,124,120,0,120,244
05/15/2016,SPG,FL,ASO,ES,Federal Contract Tower,0,0,16,0,16,0,7,116,0,123,0,7,132,0,139,116,0,116,255
05/16/2016,SPG,FL,ASO,ES,Federal Contract Tower,0,0,6,0,6,0,14,118,6,138,0,14,124,6,144,112,60,172,316
05/17/2016,SPG,FL,ASO,ES,Federal Contract Tower,0,0,6,0,6,0,0,33,0,33,0,0,39,0,39,66,0,66,105
05/18/2016,SPG,FL,ASO,ES,Federal Contract Tower,0,0,4,0,4,0,14,118,2,134,0,14,122,2,138,150,34,184,322
05/19/2016,SPG,FL,ASO,ES,Federal Contract Tower,0,0,14,0,14,0,18,108,0,126,0,18,122,0,140,84,0,84,224
05/20/2016,SPG,FL,ASO,ES,Federal Contract Tower,0,0,10,0,10,0,0,75,0,75,0,0,85,0,85,74,0,74,159
05/21/2016,SPG,FL,ASO,ES,Federal Contract Tower,0,0,8,0,8,0,0,79,0,79,0,0,87,0,87,64,0,64,151
05/22/2016,SPG,FL,ASO,ES,Federal Contract Tower,0,0,8,0,8,0,9,125,0,134,0,9,133,0,142,96,0,96,238
05/23/2016,SPG,FL,ASO,ES,Federal Contract Tower,0,0,11,0,11,0,0,88,2,90,0,0,99,2,101,100,50,150,251
05/24/2016,SPG,FL,ASO,ES,Federal Contract Tower,0,0,7,0,7,0,10,111,0,121,0,10,118,0,128,172,0,172,300
05/25/2016,SPG,FL,ASO,ES,Federal Contract Tower,0,0,5,0,5,0,8,102,0,110,0,8,107,0,115,226,0,226,341
05/26/2016,SPG,FL,ASO,ES,Federal Contract Tower,0,0,14,0,14,0,11,119,0,130,0,11,133,0,144,156,0,156,300
05/27/2016,SPG,FL,ASO,ES,Federal Contract Tower,0,1,10,0,11,0,0,94,4,98,0,1,104,4,109,84,24,108,217
05/28/2016,SPG,FL,ASO,ES,Federal Contract Tower,0,0,15,0,15,0,0,108,0,108,0,0,123,0,123,68,0,68,191
05/29/2016,SPG,FL,ASO,ES,Federal Contract Tower,0,0,12,0,12,0,4,97,0,101,0,4,109,0,113,120,0,120,233
05/30/2016,SPG,FL,ASO,ES,Federal Contract Tower,0,0,14,0,14,0,10,118,0,128,0,10,132,0,142,108,0,108,250
05/31/2016,SPG,FL,ASO,ES,Federal Contract Tower,0,0,6,0,6,0,10,108,0,118,0,10,114,0,124,92,10,102,226
06/01/2016,SPG,FL,ASO,ES,Federal Contract Tower,0,0,15,0,15,0,10,124,0,134,0,10,139,0,149,124,0,124,273
06/02/2016,SPG,FL,ASO,ES,Federal Contract Tower,0,0,8,0,8,0,0,63,0,63,0,0,71,0,71,102,0,102,173
06/03/2016,SPG,FL,ASO,ES,Federal Contract Tower,0,1,8,0,9,0,0,113,2,115,0,1,121,2,124,172,8,180,304
06/04/2016,SPG,FL,ASO,ES,Federal Contract Tower,0,0,15,0,15,0,10,148,0,158,0,10,163,0,173,166,0,166,339
06/05/2016,SPG,FL,ASO,ES,Federal Contract Tower,0,0,8,0,8,0,0,49,0,49,0,0,57,0,57,82,0,82,139
06/06/2016,SPG,FL,ASO,ES,Federal Contract Tower,0,0,2,0,2,0,0,3,0,3,0,0,5,0,5,0,0,0,5
06/07/2016,SPG,FL,ASO,ES,Federal Contract Tower,0,0,1,0,1,0,0,18,2,20,0,0,19,2,21,0,0,0,21
06/08/2016,SPG,FL,ASO,ES,Federal Contract Tower,0,0,13,0,13,0,0,64,4,68,0,0,77,4,81,148,26,174,255
06/09/2016,SPG,FL,ASO,ES,Federal Contract Tower,0,2,8,0,10,0,12,114,2,128,0,14,122,2,138,150,12,162,300
06/10/2016,SPG,FL,ASO,ES,Federal Contract Tower,0,0,15,0,15,0,0,44,0,44,0,0,59,0,59,48,0,48,107
06/11/2016,SPG,FL,ASO,ES,Federal Contract Tower,0,0,5,0,5,0,0,166,0,166,0,0,171,0,171,134,0,134,305
06/12/2016,SPG,FL,ASO,ES,Federal Contract Tower,0,0,3,0,3,0,0,60,0,60,0,0,63,0,63,76,0,76,139
06/13/2016,SPG,FL,ASO,ES,Federal Contract Tower,0,0,6,0,6,0,12,117,0,129,0,12,123,0,135,136,0,136,271
06/14/2016,SPG,FL,ASO,ES,Federal Contract Tower,0,0,15,0,15,0,0,80,0,80,0,0,95,0,95,150,0,150,245
06/15/2016,SPG,FL,ASO,ES,Federal Contract Tower,0,0,14,0,14,0,14,121,4,139,0,14,135,4,153,152,54,206,359
06/16/2016,SPG,FL,ASO,ES,Federal Contract Tower,0,0,11,0,11,0,0,71,0,71,0,0,82,0,82,108,0,108,190
06/17/2016,SPG,FL,ASO,ES,Federal Contract Tower,0,0,6,0,6,0,4,46,0,50,0,4,52,0,56,58,2,60,116
06/18/2016,SPG,FL,ASO,ES,Federal Contract Tower,0,0,4,0,4,0,0,62,0,62,0,0,66,0,66,108,0,108,174
06/19/2016,SPG,FL,ASO,ES,Federal Contract Tower,0,0,21,0,21,0,0,50,0,50,0,0,71,0,71,66,0,66,137
06/20/2016,SPG,FL,ASO,ES,Federal Contract Tower,0,0,8,0,8,0,13,115,0,128,0,13,123,0,136,138,0,138,274
06/21/2016,SPG,FL,ASO,ES,Federal Contract Tower,0,0,7,0,7,0,0,84,0,84,0,0,91,0,91,124,0,124,215
06/22/2016,SPG,FL,ASO,ES,Federal Contract Tower,0,2,8,0,10,0,12,122,2,136,0,14,130,2,146,144,2,146,292
06/23/2016,SPG,FL,ASO,ES,Federal Contract Tower,0,0,11,0,11,0,2,103,0,105,0,2,114,0,116,140,0,140,256
06/24/2016,SPG,FL,ASO,ES,Federal Contract Tower,0,0,14,0,14,0,0,82,2,84,0,0,96,2,98,134,0,134,232
06/25/2016,SPG,FL,ASO,ES,Federal Contract Tower,0,0,13,0,13,0,0,90,0,90,0,0,103,0,103,114,0,114,217
06/26/2016,SPG,FL,ASO,ES,Federal Contract Tower,0,0,9,0,9,0,11,118,0,129,0,11,127,0,138,136,0,136,274
06/27/2016,SPG,FL,ASO,ES,Federal Contract Tower,0,0,8,0,8,0,13,117,0,130,0,13,125,0,138,148,0,148,286
06/28/2016,SPG,FL,ASO,ES,Federal Contract Tower,0,0,6,0,6,0,16,125,0,141,0,16,131,0,147,164,0,164,311
06/29/2016,SPG,FL,ASO,ES,Federal Contract Tower,0,0,6,0,6,0,0,91,4,95,0,0,97,4,101,134,4,138,239
06/30/2016,SPG,FL,ASO,ES,Federal Contract Tower,0,2,11,0,13,0,12,124,0,136,0,14,135,0,149,158,0,158,307
07/01/2016,SPG,FL,ASO,ES,Federal Contract Tower,0,0,11,0,11,0,0,125,0,125,0,0,136,0,136,64,0,64,200
07/02/2016,SPG,FL,ASO,ES,Federal Contract Tower,0,0,10,0,10,0,0,80,0,80,0,0,90,0,90,122,0,122,212
07/03/2016,SPG,FL,ASO,ES,Federal Contract Tower,0,0,4,0,4,0,14,112,0,126,0,14,116,0,130,172,0,172,302
07/04/2016,SPG,FL,ASO,ES,Federal Contract Tower,0,0,7,0,7,0,18,124,0,142,0,18,131,0,149,148,0,148,297
07/05/2016,SPG,FL,ASO,ES,Federal Contract Tower,0,0,11,0,11,0,0,95,2,97,0,0,106,2,108,156,0,156,264
07/06/2016,SPG,FL,ASO,ES,Federal Contract Tower,0,2,9,0,11,0,14,129,2,145,0,16,138,2,156,138,20,158,314
07/07/2016,SPG,FL,ASO,ES,Federal Contract Tower,0,0,10,0,10,0,12,116,0,128,0,12,126,0,138,170,0,170,308
07/08/2016,SPG,FL,ASO,ES,Federal Contract Tower,0,2,4,0,6,0,0,80,2,82,0,2,84,2,88,134,4,138,226
07/09/2016,SPG,FL,ASO,ES,Federal Contract Tower,0,0,9,0,9,0,0,78,0,78,0,0,87,0,87,88,0,88,175
07/10/2016,SPG,FL,ASO,ES,Federal Contract Tower,0,0,7,0,7,0,14,124,0,138,0,14,131,0,145,168,0,168,313
07/11/2016,SPG,FL,ASO,ES,Federal Contract Tower,0,0,4,0,4,0,14,119,4,137,0,14,123,4,141,144,20,164,305
07/12/2016,SPG,FL,ASO,ES,Federal Contract Tower,0,0,6,0,6,0,16,114,0,130,0,16,120,0,136,156,0,156,292
07/13/2016,SPG,FL,ASO,ES,Federal Contract Tower,0,0,9,0,9,0,0,56,2,58,0,0,65,2,67,128,20,148,215
07/14/2016,SPG,FL,ASO,ES,Federal Contract Tower,0,2,7,0,9,0,14,122,0,136,0,16,129,0,145,184,2,186,331
07/15/2016,SPG,FL,ASO,ES,Federal Contract Tower,0,0,10,0,10,0,2,94,0,96,0,2,104,0,106,144,0,144,250
07/16/2016,SPG,FL,ASO,ES,Federal Contract Tower,0,0,5,0,5,0,0,88,0,88,0,0,93,0,93,106,0,106,199
07/17/2016,SPG,FL,ASO,ES,Federal Contract Tower,0,0,7,0,7,0,11,128,0,139,0,11,135,0,146,148,0,148,294
07/18/2016,SPG,FL,ASO,ES,Federal Contract Tower,0,0,9,0,9,0,10,122,2,134,0,10,131,2,143,136,22,158,301
07/19/2016,SPG,FL,ASO,ES,Federal Contract Tower,0,0,11,0,11,0,14,113,2,129,0,14,124,2,140,234,8,242,382
07/20/2016,SPG,FL,ASO,ES,Federal Contract Tower,0,2,10,0,12,0,14,120,2,136,0,16,130,2,148,170,36,206,354
07/21/2016,SPG,FL,ASO,ES,Federal Contract Tower,0,0,5,0,5,0,16,116,0,132,0,16,121,0,137,144,0,144,281
07/22/2016,SPG,FL,ASO,ES,Federal Contract Tower,0,0,8,0,8,0,0,87,0,87,0,0,95,0,95,110,0,110,205
07/23/2016,SPG,FL,ASO,ES,Federal Contract Tower,0,0,10,0,10,0,0,106,0,106,0,0,116,0,116,102,0,102,218
07/24/2016,SPG,FL,ASO,ES,Federal Contract Tower,0,2,9,0,11,0,14,126,0,140,0,16,135,0,151,138,0,138,289
07/25/2016,SPG,FL,ASO,ES,Federal Contract Tower,0,0,9,0,9,0,16,119,0,135,0,16,128,0,144,144,0,144,288
07/26/2016,SPG,FL,ASO,ES,Federal Contract Tower,0,0,6,0,6,0,20,124,0,144,0,20,130,0,150,180,0,180,330
07/27/2016,SPG,FL,ASO,ES,Federal Contract Tower,0,0,6,0,6,0,9,108,2,119,0,9,114,2,125,156,8,164,289
07/28/2016,SPG,FL,ASO,ES,Federal Contract Tower,0,0,9,0,9,0,0,92,0,92,0,0,101,0,101,98,0,98,199
07/29/2016,SPG,FL,ASO,ES,Federal Contract Tower,0,0,11,0,11,0,0,93,0,93,0,0,104,0,104,52,0,52,156
07/30/2016,SPG,FL,ASO,ES,Federal Contract Tower,0,0,10,0,10,0,0,79,0,79,0,0,89,0,89,46,0,46,135
07/31/2016,SPG,FL,ASO,ES,Federal Contract Tower,0,0,8,0,8,0,10,126,0,136,0,10,134,0,144,0,0,0,144
08/01/2016,SPG,FL,ASO,ES,Federal Contract Tower,0,3,5,0,8,0,14,125,0,139,0,17,130,0,147,156,0,156,303
08/02/2016,SPG,FL,ASO,ES,Federal Contract Tower,0,0,11,0,11,0,14,116,0,130,0,14,127,0,141,168,0,168,309
08/03/2016,SPG,FL,ASO,ES,Federal Contract Tower,0,0,8,0,8,0,14,136,0,150,0,14,144,0,158,146,0,146,304
08/04/2016,SPG,FL,ASO,ES,Federal Contract Tower,0,0,12,0,12,0,10,107,0,117,0,10,119,0,129,136,0,136,265
08/05/2016,SPG,FL,ASO,ES,Federal Contract Tower,0,0,6,0,6,0,0,68,0,68,0,0,74,0,74,98,0,98,172
08/06/2016,SPG,FL,ASO,ES,Federal Contract Tower,0,0,2,0,2,0,0,61,0,61,0,0,63,0,63,124,0,124,187
08/07/2016,SPG,FL,ASO,ES,Federal Contract Tower,0,0,3,0,3,0,0,8,0,8,0,0,11,0,11,0,0,0,11
08/08/2016,SPG,FL,ASO,ES,Federal Contract Tower,0,0,6,0,6,0,0,19,0,19,0,0,25,0,25,22,0,22,47
08/09/2016,SPG,FL,ASO,ES,Federal Contract Tower,0,0,4,0,4,0,4,29,2,35,0,4,33,2,39,26,26,52,91
08/10/2016,SPG,FL,ASO,ES,Federal Contract Tower,0,0,6,0,6,0,14,131,0,145,0,14,137,0,151,150,0,150,301
08/11/2016,SPG,FL,ASO,ES,Federal Contract Tower,0,0,8,0,8,0,12,122,0,134,0,12,130,0,142,178,0,178,320
08/12/2016,SPG,FL,ASO,ES,Federal Contract Tower,0,0,15,0,15,0,0,99,0,99,0,0,114,0,114,120,0,120,234
08/13/2016,SPG,FL,ASO,ES,Federal Contract Tower,0,0,5,0,5,0,0,0,0,0,0,0,5,0,5,94,0,94,99
08/14/2016,SPG,FL,ASO,ES,Federal Contract Tower,0,0,9,0,9,0,0,99,0,99,0,0,108,0,108,120,0,120,228
08/15/2016,SPG,FL,ASO,ES,Federal Contract Tower,0,0,11,0,11,0,14,122,0,136,0,14,133,0,147,118,0,118,265
08/16/2016,SPG,FL,ASO,ES,Federal Contract Tower,0,0,9,0,9,0,13,103,2,118,0,13,112,2,127,194,12,206,333
08/17/2016,SPG,FL,ASO,ES,Federal Contract Tower,0,1,7,0,8,0,20,120,2,142,0,21,127,2,150,144,10,154,304
08/18/2016,SPG,FL,ASO,ES,Federal Contract Tower,0,0,6,0,6,0,12,126,1,139,0,12,132,1,145,158,8,166,311
08/19/2016,SPG,FL,ASO,ES,Federal Contract Tower,0,0,9,0,9,0,0,98,0,98,0,0,107,0,107,90,0,90,197
08/20/2016,SPG,FL,ASO,ES,Federal Contract Tower,0,0,9,0,9,0,8,94,0,102,0,8,103,0,111,106,0,106,217
08/21/2016,SPG,FL,ASO,ES,Federal Contract Tower,0,0,11,0,11,0,12,122,0,134,0,12,133,0,145,158,0,158,303
08/22/2016,SPG,FL,ASO,ES,Federal Contract Tower,0,0,5,0,5,0,10,102,0,112,0,10,107,0,117,136,0,136,253
08/23/2016,SPG,FL,ASO,ES,Federal Contract Tower,0,0,5,0,5,0,13,120,0,133,0,13,125,0,138,162,0,162,300
08/24/2016,SPG,FL,ASO,ES,Federal Contract Tower,0,0,4,0,4,0,16,108,0,124,0,16,112,0,128,144,0,144,272
08/25/2016,SPG,FL,ASO,ES,Federal Contract Tower,0,0,6,0,6,0,16,123,0,139,0,16,129,0,145,140,0,140,285
08/26/2016,SPG,FL,ASO,ES,Federal Contract Tower,0,0,7,0,7,0,1,96,0,97,0,1,103,0,104,124,0,124,228
08/27/2016,SPG,FL,ASO,ES,Federal Contract Tower,0,0,6,0,6,0,0,65,0,65,0,0,71,0,71,114,0,114,185
08/28/2016,SPG,FL,ASO,ES,Federal Contract Tower,0,0,5,0,5,0,14,126,0,140,0,14,131,0,145,160,0,160,305
08/29/2016,SPG,FL,ASO,ES,Federal Contract Tower,0,0,5,0,5,0,15,107,0,122,0,15,112,0,127,154,0,154,281
08/30/2016,SPG,FL,ASO,ES,Federal Contract Tower,0,0,8,0,8,0,0,87,0,87,0,0,95,0,95,152,0,152,247
08/31/2016,SPG,FL,ASO,ES,Federal Contract Tower,0,0,11,0,11,0,0,7,2,9,0,0,18,2,20,0,0,0,20
09/01/2016,SPG,FL,ASO,ES,Federal Contract Tower,0,0,1,0,1,0,0,3,0,3,0,0,4,0,4,0,0,0,4
09/02/2016,SPG,FL,ASO,ES,Federal Contract Tower,0,0,3,0,3,0,0,7,0,7,0,0,10,0,10,0,0,0,10
09/03/2016,SPG,FL,ASO,ES,Federal Contract Tower,0,0,3,0,3,0,7,31,0,38,0,7,34,0,41,42,0,42,83
09/04/2016,SPG,FL,ASO,ES,Federal Contract Tower,0,0,8,0,8,0,14,126,0,140,0,14,134,0,148,114,0,114,262
09/05/2016,SPG,FL,ASO,ES,Federal Contract Tower,0,0,7,0,7,0,13,111,0,124,0,13,118,0,131,136,0,136,267
09/06/2016,SPG,FL,ASO,ES,Federal Contract Tower,0,0,12,0,12,0,12,129,0,141,0,12,141,0,153,160,0,160,313
09/07/2016,SPG,FL,ASO,ES,Federal Contract Tower,0,0,2,0,2,0,12,114,2,128,0,12,116,2,130,144,18,162,292
09/08/2016,SPG,FL,ASO,ES,Federal Contract Tower,0,2,7,0,9,0,14,128,2,144,0,16,135,2,153,160,20,180,333
09/09/2016,SPG,FL,ASO,ES,Federal Contract Tower,0,0,11,0,11,0,0,114,0,114,0,0,125,0,125,178,0,178,303
09/10/2016,SPG,FL,ASO,ES,Federal Contract Tower,0,0,13,0,13,0,0,111,0,111,0,0,124,0,124,74,0,74,198
09/11/2016,SPG,FL,ASO,ES,Federal Contract Tower,0,0,15,0,15,0,12,111,0,123,0,12,126,0,138,150,0,150,288
09/12/2016,SPG,FL,ASO,ES,Federal Contract Tower,0,0,9,0,9,0,16,113,2,131,0,16,122,2,140,128,26,154,294
09/13/2016,SPG,FL,ASO,ES,Federal Contract Tower,0,0,8,0,8,0,10,107,6,123,0,10,115,6,131,174,28,202,333
09/14/2016,SPG,FL,ASO,ES,Federal Contract Tower,0,0,6,0,6,0,20,112,4,136,0,20,118,4,142,132,36,168,310
09/15/2016,SPG,FL,ASO,ES,Federal Contract Tower,0,2,10,0,12,0,14,135,0,149,0,16,145,0,161,140,0,140,301
09/16/2016,SPG,FL,ASO,ES,Federal Contract Tower,0,0,8,0,8,0,0,92,2,94,0,0,100,2,102,82,14,96,198
09/17/2016,SPG,FL,ASO,ES,Federal Contract Tower,0,0,3,0,3,0,0,106,0,106,0,0,109,0,109,140,0,140,249
09/18/2016,SPG,FL,ASO,ES,Federal Contract Tower,0,1,17,0,18,0,12,126,0,138,0,13,143,0,156,178,0,178,334
09/19/2016,SPG,FL,ASO,ES,Federal Contract Tower,0,0,10,0,10,0,10,104,1,115,0,10,114,1,125,148,0,148,273
09/20/2016,SPG,FL,ASO,ES,Federal Contract Tower,0,0,4,0,4,0,14,122,2,138,0,14,126,2,142,184,0,184,326
09/21/2016,SPG,FL,ASO,ES,Federal Contract Tower,0,0,6,0,6,0,13,104,0,117,0,13,110,0,123,162,0,162,285
09/22/2016,SPG,FL,ASO,ES,Federal Contract Tower,0,2,9,0,11,0,12,131,0,143,0,14,140,0,154,156,0,156,310
09/23/2016,SPG,FL,ASO,ES,Federal Contract Tower,0,0,17,0,17,0,0,80,0,80,0,0,97,0,97,134,0,134,231
09/24/2016,SPG,FL,ASO,ES,Federal Contract Tower,0,0,5,0,5,0,0,95,0,95,0,0,100,0,100,88,0,88,188
09/25/2016,SPG,FL,ASO,ES,Federal Contract Tower,0,0,9,0,9,0,1,88,0,89,0,1,97,0,98,126,0,126,224
09/26/2016,SPG,FL,ASO,ES,Federal Contract Tower,0,0,7,0,7,0,0,68,0,68,0,0,75,0,75,114,0,114,189
09/27/2016,SPG,FL,ASO,ES,Federal Contract Tower,0,0,0,10,10,0,3,103,0,106,0,3,103,10,116,134,0,134,250
09/28/2016,SPG,FL,ASO,ES,Federal Contract Tower,0,0,4,0,4,0,0,69,0,69,0,0,73,0,73,142,0,142,215
09/29/2016,SPG,FL,ASO,ES,Federal Contract Tower,0,0,7,0,7,0,0,76,0,76,0,0,83,0,83,60,0,60,143
09/30/2016,SPG,FL,ASO,ES,Federal Contract Tower,0,1,14,0,15,0,0,70,0,70,0,1,84,0,85,70,0,70,155
10/01/2016,SPG,FL,ASO,ES,Federal Contract Tower,0,0,8,0,8,0,0,117,0,117,0,0,125,0,125,108,0,108,233
10/02/2016,SPG,FL,ASO,ES,Federal Contract Tower,0,0,6,0,6,0,14,128,0,142,0,14,134,0,148,152,0,152,300
10/03/2016,SPG,FL,ASO,ES,Federal Contract Tower,0,0,8,0,8,0,12,103,0,115,0,12,111,0,123,164,0,164,287
10/04/2016,SPG,FL,ASO,ES,Federal Contract Tower,0,1,13,0,14,0,16,123,0,139,0,17,136,0,153,134,0,134,287
10/05/2016,SPG,FL,ASO,ES,Federal Contract Tower,0,0,25,0,25,0,18,114,0,132,0,18,139,0,157,142,0,142,299
10/06/2016,SPG,FL,ASO,ES,Federal Contract Tower,0,0,4,0,4,0,8,15,0,23,0,8,19,0,27,28,0,28,55
10/07/2016,SPG,FL,ASO,ES,Federal Contract Tower,0,0,3,0,3,0,0,2,0,2,0,0,5,0,5,0,0,0,5
10/08/2016,SPG,FL,ASO,ES,Federal Contract Tower,0,0,10,0,10,0,2,72,0,74,0,2,82,0,84,106,0,106,190
10/09/2016,SPG,FL,ASO,ES,Federal Contract Tower,0,0,18,0,18,0,0,93,0,93,0,0,111,0,111,106,0,106,217
10/10/2016,SPG,FL,ASO,ES,Federal Contract Tower,0,0,7,0,7,0,12,125,0,137,0,12,132,0,144,152,0,152,296
10/11/2016,SPG,FL,ASO,ES,Federal Contract Tower,0,1,6,0,7,0,16,119,0,135,0,17,125,0,142,180,0,180,322
10/12/2016,SPG,FL,ASO,ES,Federal Contract Tower,0,0,15,0,15,0,14,123,0,137,0,14,138,0,152,136,0,136,288
10/13/2016,SPG,FL,ASO,ES,Federal Contract Tower,0,0,10,0,10,0,12,120,0,132,0,12,130,0,142,164,0,164,306
10/14/2016,SPG,FL,ASO,ES,Federal Contract Tower,0,2,10,0,12,0,0,78,0,78,0,2,88,0,90,166,0,166,256
10/15/2016,SPG,FL,ASO,ES,Federal Contract Tower,0,0,8,2,10,0,0,87,3,90,0,0,95,5,100,236,0,236,336
10/16/2016,SPG,FL,ASO,ES,Federal Contract Tower,0,0,8,1,9,0,10,119,4,133,0,10,127,5,142,164,0,164,306
10/17/2016,SPG,FL,ASO,ES,Federal Contract Tower,0,0,8,0,8,0,10,128,2,140,0,10,136,2,148,174,16,190,338
10/18/2016,SPG,FL,ASO,ES,Federal Contract Tower,0,6,5,0,11,0,10,132,0,142,0,16,137,0,153,186,0,186,339
10/19/2016,SPG,FL,ASO,ES,Federal Contract Tower,0,0,15,0,15,0,12,145,0,157,0,12,160,0,172,182,0,182,354
10/20/2016,SPG,FL,ASO,ES,Federal Contract Tower,0,0,11,0,11,0,14,148,2,164,0,14,159,2,175,162,12,174,349
10/21/2016,SPG,FL,ASO,ES,Federal Contract Tower,0,0,13,4,17,0,2,88,2,92,0,2,101,6,109,106,0,106,215
10/22/2016,SPG,FL,ASO,ES,Federal Contract Tower,0,0,9,0,9,0,0,109,0,109,0,0,118,0,118,104,0,104,222
10/23/2016,SPG,FL,ASO,ES,Federal Contract Tower,0,0,13,0,13,0,10,113,0,123,0,10,126,0,136,126,0,126,262
10/24/2016,SPG,FL,ASO,ES,Federal Contract Tower,0,1,8,0,9,0,14,131,2,147,0,15,139,2,156,142,14,156,312
10/25/2016,SPG,FL,ASO,ES,Federal Contract Tower,0,0,12,0,12,0,16,117,0,133,0,16,129,0,145,180,0,180,325
10/26/2016,SPG,FL,ASO,ES,Federal Contract Tower,0,0,15,0,15,0,14,137,0,151,0,14,152,0,166,160,0,160,326
10/27/2016,SPG,FL,ASO,ES,Federal Contract Tower,0,0,14,0,14,0,10,103,0,113,0,10,117,0,127,172,0,172,299
10/28/2016,SPG,FL,ASO,ES,Federal Contract Tower,0,0,19,0,19,0,3,81,2,86,0,3,100,2,105,44,26,70,175
10/29/2016,SPG,FL,ASO,ES,Federal Contract Tower,0,0,8,0,8,0,0,93,0,93,0,0,101,0,101,84,0,84,185
10/30/2016,SPG,FL,ASO,ES,Federal Contract Tower,0,0,15,0,15,0,14,118,0,132,0,14,133,0,147,162,0,162,309
10/31/2016,SPG,FL,ASO,ES,Federal Contract Tower,0,0,7,0,7,0,2,86,2,90,0,2,93,2,97,120,52,172,269
11/01/2016,SPG,FL,ASO,ES,Federal Contract Tower,0,2,5,0,7,0,18,132,0,150,0,20,137,0,157,174,0,174,331
11/02/2016,SPG,FL,ASO,ES,Federal Contract Tower,0,0,14,2,16,0,10,127,2,139,0,10,141,4,155,190,16,206,361
11/03/2016,SPG,FL,ASO,ES,Federal Contract Tower,0,0,15,0,15,0,0,108,2,110,0,0,123,2,125,150,10,160,285
11/04/2016,SPG,FL,ASO,ES,Federal Contract Tower,0,0,17,0,17,0,0,87,2,89,0,0,104,2,106,134,18,152,258
11/05/2016,SPG,FL,ASO,ES,Federal Contract Tower,0,0,7,0,7,0,0,111,2,113,0,0,118,2,120,186,12,198,318
11/06/2016,SPG,FL,ASO,ES,Federal Contract Tower,0,0,15,0,15,0,12,108,0,120,0,12,123,0,135,184,0,184,319
11/07/2016,SPG,FL,ASO,ES,Federal Contract Tower,0,0,7,0,7,0,16,108,0,124,0,16,115,0,131,194,0,194,325
11/08/2016,SPG,FL,ASO,ES,Federal Contract Tower,0,0,18,0,18,0,13,107,0,120,0,13,125,0,138,200,0,200,338
11/09/2016,SPG,FL,ASO,ES,Federal Contract Tower,0,0,14,0,14,0,18,135,0,153,0,18,149,0,167,198,0,198,365
11/10/2016,SPG,FL,ASO,ES,Federal Contract Tower,0,0,13,0,13,0,10,103,0,113,0,10,116,0,126,142,0,142,268
11/11/2016,SPG,FL,ASO,ES,Federal Contract Tower,0,0,9,0,9,0,0,116,0,116,0,0,125,0,125,72,0,72,197
11/12/2016,SPG,FL,ASO,ES,Federal Contract Tower,0,0,9,0,9,0,0,111,0,111,0,0,120,0,120,170,0,170,290
11/13/2016,SPG,FL,ASO,ES,Federal Contract Tower,0,0,10,0,10,0,16,131,0,147,0,16,141,0,157,152,0,152,309
11/14/2016,SPG,FL,ASO,ES,Federal Contract Tower,0,0,10,0,10,0,0,26,0,26,0,0,36,0,36,42,0,42,78
11/15/2016,SPG,FL,ASO,ES,Federal Contract Tower,0,0,14,0,14,0,16,100,2,118,0,16,114,2,132,170,0,170,302
11/16/2016,SPG,FL,ASO,ES,Federal Contract Tower,0,0,9,0,9,0,13,127,2,142,0,13,136,2,151,216,6,222,373
11/17/2016,SPG,FL,ASO,ES,Federal Contract Tower,0,0,6,0,6,0,16,124,0,140,0,16,130,0,146,160,0,160,306
11/18/2016,SPG,FL,ASO,ES,Federal Contract Tower,0,0,16,0,16,0,0,86,0,86,0,0,102,0,102,104,0,104,206
11/19/2016,SPG,FL,ASO,ES,Federal Contract Tower,0,0,9,0,9,0,0,122,0,122,0,0,131,0,131,130,0,130,261
11/20/2016,SPG,FL,ASO,ES,Federal Contract Tower,0,0,14,0,14,0,0,66,0,66,0,0,80,0,80,100,0,100,180
11/21/2016,SPG,FL,ASO,ES,Federal Contract Tower,0,0,4,1,5,0,0,105,6,111,0,0,109,7,116,184,38,222,338
11/22/2016,SPG,FL,ASO,ES,Federal Contract Tower,0,0,14,0,14,0,0,86,4,90,0,0,100,4,104,160,16,176,280
11/23/2016,SPG,FL,ASO,ES,Federal Contract Tower,0,0,16,0,16,0,0,129,2,131,0,0,145,2,147,132,26,158,305
11/24/2016,SPG,FL,ASO,ES,Federal Contract Tower,0,3,3,0,6,0,0,42,0,42,0,3,45,0,48,36,0,36,84
11/25/2016,SPG,FL,ASO,ES,Federal Contract Tower,0,0,13,0,13,0,0,84,0,84,0,0,97,0,97,48,0,48,145
11/26/2016,SPG,FL,ASO,ES,Federal Contract Tower,0,0,8,0,8,0,0,79,0,79,0,0,87,0,87,168,0,168,255
11/27/2016,SPG,FL,ASO,ES,Federal Contract Tower,0,0,10,0,10,0,12,119,2,133,0,12,129,2,143,148,2,150,293
11/28/2016,SPG,FL,ASO,ES,Federal Contract Tower,0,0,5,0,5,0,16,123,4,143,0,16,128,4,148,160,8,168,316
11/29/2016,SPG,FL,ASO,ES,Federal Contract Tower,0,0,17,0,17,0,12,121,7,140,0,12,138,7,157,166,18,184,341
11/30/2016,SPG,FL,ASO,ES,Federal Contract Tower,0,0,12,0,12,0,16,138,0,154,0,16,150,0,166,166,0,166,332
12/01/2016,SPG,FL,ASO,ES,Federal Contract Tower,0,0,16,0,16,0,18,111,0,129,0,18,127,0,145,96,0,96,241
12/02/2016,SPG,FL,ASO,ES,Federal Contract Tower,0,0,16,0,16,0,0,144,6,150,0,0,160,6,166,192,4,196,362
12/03/2016,SPG,FL,ASO,ES,Federal Contract Tower,0,0,15,1,16,0,0,128,0,128,0,0,143,1,144,154,2,156,300
12/04/2016,SPG,FL,ASO,ES,Federal Contract Tower,0,0,16,0,16,0,11,97,3,111,0,11,113,3,127,144,0,144,271
12/05/2016,SPG,FL,ASO,ES,Federal Contract Tower,0,0,9,0,9,0,13,88,2,103,0,13,97,2,112,106,22,128,240
12/06/2016,SPG,FL,ASO,ES,Federal Contract Tower,0,0,9,0,9,0,2,37,2,41,0,2,46,2,50,0,10,10,60
12/07/2016,SPG,FL,ASO,ES,Federal Contract Tower,0,0,11,0,11,0,16,124,2,142,0,16,135,2,153,116,36,152,305
12/08/2016,SPG,FL,ASO,ES,Federal Contract Tower,0,0,15,0,15,0,0,45,0,45,0,0,60,0,60,42,0,42,102
12/09/2016,SPG,FL,ASO,ES,Federal Contract Tower,0,0,5,0,5,0,0,77,0,77,0,0,82,0,82,98,0,98,180
12/10/2016,SPG,FL,ASO,ES,Federal Contract Tower,0,0,12,0,12,0,0,108,2,110,0,0,120,2,122,162,2,164,286
12/11/2016,SPG,FL,ASO,ES,Federal Contract Tower,0,0,10,0,10,0,8,97,2,107,0,8,107,2,117,122,16,138,255
12/12/2016,SPG,FL,ASO,ES,Federal Contract Tower,0,0,12,0,12,0,14,101,8,123,0,14,113,8,135,112,28,140,275
12/13/2016,SPG,FL,ASO,ES,Federal Contract Tower,0,0,13,0,13,0,10,82,0,92,0,10,95,0,105,164,0,164,269
12/14/2016,SPG,FL,ASO,ES,Federal Contract Tower,0,0,5,0,5,0,15,105,4,124,0,15,110,4,129,128,26,154,283
12/15/2016,SPG,FL,ASO,ES,Federal Contract Tower,0,0,14,0,14,0,18,142,0,160,0,18,156,0,174,154,0,154,328
12/16/2016,SPG,FL,ASO,ES,Federal Contract Tower,0,0,17,0,17,0,0,118,0,118,0,0,135,0,135,164,0,164,299
12/17/2016,SPG,FL,ASO,ES,Federal Contract Tower,0,0,10,0,10,0,1,118,0,119,0,1,128,0,129,128,0,128,257
12/18/2016,SPG,FL,ASO,ES,Federal Contract Tower,0,0,12,0,12,0,18,115,0,133,0,18,127,0,145,146,0,146,291
12/19/2016,SPG,FL,ASO,ES,Federal Contract Tower,0,0,11,0,11,0,16,123,0,139,0,16,134,0,150,168,0,168,318
12/20/2016,SPG,FL,ASO,ES,Federal Contract Tower,0,0,17,0,17,0,19,114,2,135,0,19,131,2,152,126,6,132,284
12/21/2016,SPG,FL,ASO,ES,Federal Contract Tower,0,0,13,0,13,0,17,103,0,120,0,17,116,0,133,108,0,108,241
12/22/2016,SPG,FL,ASO,ES,Federal Contract Tower,0,0,9,0,9,0,24,118,0,142,0,24,127,0,151,184,0,184,335
12/23/2016,SPG,FL,ASO,ES,Federal Contract Tower,0,0,14,0,14,0,1,119,0,120,0,1,133,0,134,128,0,128,262
12/24/2016,SPG,FL,ASO,ES,Federal Contract Tower,0,0,3,0,3,0,0,71,0,71,0,0,74,0,74,16,0,16,90
12/25/2016,SPG,FL,ASO,ES,Federal Contract Tower,0,0,7,0,7,0,0,15,0,15,0,0,22,0,22,13,0,13,35
12/26/2016,SPG,FL,ASO,ES,Federal Contract Tower,0,0,12,0,12,0,18,125,0,143,0,18,137,0,155,130,0,130,285
12/27/2016,SPG,FL,ASO,ES,Federal Contract Tower,0,0,10,0,10,0,17,125,0,142,0,17,135,0,152,194,0,194,346
12/28/2016,SPG,FL,ASO,ES,Federal Contract Tower,0,0,19,0,19,0,12,140,3,155,0,12,159,3,174,242,0,242,416
12/29/2016,SPG,FL,ASO,ES,Federal Contract Tower,0,0,8,0,8,0,15,118,0,133,0,15,126,0,141,176,0,176,317
12/30/2016,SPG,FL,ASO,ES,Federal Contract Tower,0,0,10,0,10,0,3,74,0,77,0,3,84,0,87,52,0,52,139
12/31/2016,SPG,FL,ASO,ES,Federal Contract Tower,0,0,12,0,12,0,0,110,0,110,0,0,122,0,122,64,0,64,186
01/01/2017,SPG,FL,ASO,ES,Federal Contract Tower,0,0,9,0,9,0,16,124,0,140,0,16,133,0,149,144,0,144,293
01/02/2017,SPG,FL,ASO,ES,Federal Contract Tower,0,0,13,0,13,0,19,116,0,135,0,19,129,0,148,176,0,176,324
01/03/2017,SPG,FL,ASO,ES,Federal Contract Tower,0,0,13,0,13,0,0,17,0,17,0,0,30,0,30,0,0,0,30
01/04/2017,SPG,FL,ASO,ES,Federal Contract Tower,0,0,8,0,8,0,13,116,0,129,0,13,124,0,137,158,0,158,295
01/05/2017,SPG,FL,ASO,ES,Federal Contract Tower,0,0,17,0,17,0,16,149,0,165,0,16,166,0,182,146,0,146,328
01/06/2017,SPG,FL,ASO,ES,Federal Contract Tower,0,0,9,0,9,0,0,101,2,103,0,0,110,2,112,142,14,156,268
01/07/2017,SPG,FL,ASO,ES,Federal Contract Tower,0,0,6,0,6,0,0,3,0,3,0,0,9,0,9,18,0,18,27
01/08/2017,SPG,FL,ASO,ES,Federal Contract Tower,0,0,5,0,5,0,12,100,2,114,0,12,105,2,119,116,16,132,251
01/09/2017,SPG,FL,ASO,ES,Federal Contract Tower,0,0,6,0,6,0,14,120,2,136,0,14,126,2,142,160,2,162,304
01/10/2017,SPG,FL,ASO,ES,Federal Contract Tower,0,0,21,0,21,0,2,104,2,108,0,2,125,2,129,310,0,310,439
01/11/2017,SPG,FL,ASO,ES,Federal Contract Tower,0,3,10,0,13,0,13,141,0,154,0,16,151,0,167,206,0,206,373
01/12/2017,SPG,FL,ASO,ES,Federal Contract Tower,0,0,9,0,9,0,10,117,0,127,0,10,126,0,136,256,0,256,392
01/13/2017,SPG,FL,ASO,ES,Federal Contract Tower,0,1,14,0,15,0,1,103,2,106,0,2,117,2,121,152,2,154,275
01/14/2017,SPG,FL,ASO,ES,Federal Contract Tower,0,0,22,0,22,0,0,87,0,87,0,0,109,0,109,76,0,76,185
01/15/2017,SPG,FL,ASO,ES,Federal Contract Tower,0,2,14,0,16,0,16,126,0,142,0,18,140,0,158,182,0,182,340
01/16/2017,SPG,FL,ASO,ES,Federal Contract Tower,0,0,13,0,13,0,12,119,0,131,0,12,132,0,144,212,0,212,356
01/17/2017,SPG,FL,ASO,ES,Federal Contract Tower,0,0,4,0,4,0,19,143,0,162,0,19,147,0,166,160,0,160,326
01/18/2017,SPG,FL,ASO,ES,Federal Contract Tower,0,0,19,0,19,0,0,84,0,84,0,0,103,0,103,236,0,236,339
01/19/2017,SPG,FL,ASO,ES,Federal Contract Tower,0,0,13,0,13,0,0,121,1,122,0,0,134,1,135,170,0,170,305
01/20/2017,SPG,FL,ASO,ES,Federal Contract Tower,0,0,13,0,13,0,0,104,2,106,0,0,117,2,119,120,0,120,239
01/21/2017,SPG,FL,ASO,ES,Federal Contract Tower,0,0,9,0,9,0,1,111,0,112,0,1,120,0,121,154,0,154,275
01/22/2017,SPG,FL,ASO,ES,Federal Contract Tower,0,0,8,0,8,0,1,4,0,5,0,1,12,0,13,12,0,12,25
01/23/2017,SPG,FL,ASO,ES,Federal Contract Tower,0,0,4,0,4,0,5,21,5,31,0,5,25,5,35,50,20,70,105
01/24/2017,SPG,FL,ASO,ES,Federal Contract Tower,0,0,15,0,15,0,12,98,0,110,0,12,113,0,125,168,0,168,293
01/25/2017,SPG,FL,ASO,ES,Federal Contract Tower,0,1,19,0,20,0,12,126,0,138,0,13,145,0,158,184,0,184,342
01/26/2017,SPG,FL,ASO,ES,Federal Contract Tower,0,0,18,0,18,0,18,130,0,148,0,18,148,0,166,176,0,176,342
01/27/2017,SPG,FL,ASO,ES,Federal Contract Tower,0,1,21,0,22,0,0,111,0,111,0,1,132,0,133,254,0,254,387
01/28/2017,SPG,FL,ASO,ES,Federal Contract Tower,0,2,13,0,15,0,0,244,0,244,0,2,257,0,259,72,0,72,331
01/29/2017,SPG,FL,ASO,ES,Federal Contract Tower,0,1,17,0,18,0,14,79,0,93,0,15,96,0,111,70,0,70,181
01/30/2017,SPG,FL,ASO,ES,Federal Contract Tower,0,0,6,0,6,0,20,120,6,146,0,20,126,6,152,138,26,164,316
01/31/2017,SPG,FL,ASO,ES,Federal Contract Tower,0,0,12,0,12,0,16,135,0,151,0,16,147,0,163,160,0,160,323
02/01/2017,SPG,FL,ASO,ES,Federal Contract Tower,0,0,14,0,14,0,14,125,0,139,0,14,139,0,153,206,0,206,359
02/02/2017,SPG,FL,ASO,ES,Federal Contract Tower,0,0,9,0,9,0,16,140,0,156,0,16,149,0,165,158,0,158,323
02/03/2017,SPG,FL,ASO,ES,Federal Contract Tower,0,0,19,0,19,0,1,125,0,126,0,1,144,0,145,136,0,136,281
02/04/2017,SPG,FL,ASO,ES,Federal Contract Tower,0,0,24,0,24,0,0,139,2,141,0,0,163,2,165,142,0,142,307
02/05/2017,SPG,FL,ASO,ES,Federal Contract Tower,0,0,7,0,7,0,12,88,0,100,0,12,95,0,107,146,0,146,253
02/06/2017,SPG,FL,ASO,ES,Federal Contract Tower,0,0,7,0,7,0,18,78,0,96,0,18,85,0,103,128,0,128,231
02/07/2017,SPG,FL,ASO,ES,Federal Contract Tower,0,12,0,0,12,0,12,104,2,118,0,24,104,2,130,228,22,250,380
02/08/2017,SPG,FL,ASO,ES,Federal Contract Tower,0,4,9,0,13,0,0,106,0,106,0,4,115,0,119,164,0,164,283
02/09/2017,SPG,FL,ASO,ES,Federal Contract Tower,0,0,20,0,20,0,16,114,0,130,0,16,134,0,150,124,0,124,274
02/10/2017,SPG,FL,ASO,ES,Federal Contract Tower,0,0,17,0,17,0,0,119,2,121,0,0,136,2,138,100,0,100,238
02/11/2017,SPG,FL,ASO,ES,Federal Contract Tower,0,0,19,0,19,0,0,144,0,144,0,0,163,0,163,140,0,140,303
02/12/2017,SPG,FL,ASO,ES,Federal Contract Tower,0,1,21,1,23,0,10,135,1,146,0,11,156,2,169,140,2,142,311
02/13/2017,SPG,FL,ASO,ES,Federal Contract Tower,0,0,17,0,17,0,14,118,0,132,0,14,135,0,149,168,0,168,317
02/14/2017,SPG,FL,ASO,ES,Federal Contract Tower,0,0,29,0,29,0,14,125,0,139,0,14,154,0,168,158,0,158,326
02/15/2017,SPG,FL,ASO,ES,Federal Contract Tower,0,0,5,0,5,0,10,82,0,92,0,10,87,0,97,90,0,90,187
02/16/2017,SPG,FL,ASO,ES,Federal Contract Tower,0,0,12,0,12,0,13,127,0,140,0,13,139,0,152,172,0,172,324
02/17/2017,SPG,FL,ASO,ES,Federal Contract Tower,0,0,10,0,10,0,0,153,0,153,0,0,163,0,163,206,0,206,369
02/18/2017,SPG,FL,ASO,ES,Federal Contract Tower,0,0,7,0,7,0,0,57,0,57,0,0,64,0,64,92,0,92,156
02/19/2017,SPG,FL,ASO,ES,Federal Contract Tower,0,0,14,0,14,0,3,89,0,92,0,3,103,0,106,164,0,164,270
02/20/2017,SPG,FL,ASO,ES,Federal Contract Tower,0,0,13,0,13,0,16,141,0,157,0,16,154,0,170,178,0,178,348
02/21/2017,SPG,FL,ASO,ES,Federal Contract Tower,0,2,5,0,7,0,12,121,0,133,0,14,126,0,140,198,0,198,338
02/22/2017,SPG,FL,ASO,ES,Federal Contract Tower,0,0,6,0,6,0,0,9,0,9,0,0,15,0,15,28,0,28,43
02/23/2017,SPG,FL,ASO,ES,Federal Contract Tower,0,0,9,0,9,0,11,68,0,79,0,11,77,0,88,90,0,90,178
02/24/2017,SPG,FL,ASO,ES,Federal Contract Tower,0,0,27,0,27,0,0,121,2,123,0,0,148,2,150,210,8,218,368
02/25/2017,SPG,FL,ASO,ES,Federal Contract Tower,0,0,9,0,9,0,0,126,0,126,0,0,135,0,135,234,0,234,369
02/26/2017,SPG,FL,ASO,ES,Federal Contract Tower,0,0,16,0,16,0,8,123,0,131,0,8,139,0,147,170,0,170,317
02/27/2017,SPG,FL,ASO,ES,Federal Contract Tower,0,0,12,0,12,0,16,122,6,144,0,16,134,6,156,128,82,210,366
02/28/2017,SPG,FL,ASO,ES,Federal Contract Tower,0,0,11,0,11,0,13,122,2,137,0,13,133,2,148,144,22,166,314
03/01/2017,SPG,FL,ASO,ES,Federal Contract Tower,0,0,12,0,12,0,11,116,2,129,0,11,128,2,141,122,22,144,285
03/02/2017,SPG,FL,ASO,ES,Federal Contract Tower,0,3,17,0,20,0,14,131,2,147,0,17,148,2,167,132,22,154,321
03/03/2017,SPG,FL,ASO,ES,Federal Contract Tower,0,0,10,0,10,0,0,97,8,105,0,0,107,8,115,78,50,128,243
03/04/2017,SPG,FL,ASO,ES,Federal Contract Tower,0,0,12,0,12,0,0,82,0,82,0,0,94,0,94,80,0,80,174
03/05/2017,SPG,FL,ASO,ES,Federal Contract Tower,0,0,13,0,13,0,0,22,0,22,0,0,35,0,35,12,0,12,47
03/06/2017,SPG,FL,ASO,ES,Federal Contract Tower,0,0,8,0,8,0,4,63,2,69,0,4,71,2,77,82,18,100,177
03/07/2017,SPG,FL,ASO,ES,Federal Contract Tower,0,0,5,0,5,0,0,76,3,79,0,0,81,3,84,104,38,142,226
03/08/2017,SPG,FL,ASO,ES,Federal Contract Tower,0,0,13,0,13,0,14,135,2,151,0,14,148,2,164,156,2,158,322
03/09/2017,SPG,FL,ASO,ES,Federal Contract Tower,0,0,9,0,9,0,15,116,0,131,0,15,125,0,140,160,0,160,300
03/10/2017,SPG,FL,ASO,ES,Federal Contract Tower,0,0,16,1,17,0,0,101,0,101,0,0,117,1,118,82,0,82,200
03/11/2017,SPG,FL,ASO,ES,Federal Contract Tower,0,0,18,0,18,0,2,138,0,140,0,2,156,0,158,122,0,122,280
03/12/2017,SPG,FL,ASO,ES,Federal Contract Tower,0,0,21,0,21,0,10,120,2,132,0,10,141,2,153,50,4,54,207
03/13/2017,SPG,FL,ASO,ES,Federal Contract Tower,0,0,3,0,3,0,1,15,0,16,0,1,18,0,19,20,0,20,39
03/14/2017,SPG,FL,ASO,ES,Federal Contract Tower,0,0,9,0,9,0,4,61,4,69,0,4,70,4,78,58,48,106,184
03/15/2017,SPG,FL,ASO,ES,Federal Contract Tower,0,0,8,0,8,0,8,102,0,110,0,8,110,0,118,184,0,184,302
03/16/2017,SPG,FL,ASO,ES,Federal Contract Tower,0,2,14,0,16,0,18,129,0,147,0,20,143,0,163,138,0,138,301
03/17/2017,SPG,FL,ASO,ES,Federal Contract Tower,0,0,13,0,13,0,8,140,0,148,0,8,153,0,161,220,0,220,381
03/18/2017,SPG,FL,ASO,ES,Federal Contract Tower,0,0,15,0,15,0,2,113,0,115,0,2,128,0,130,94,0,94,224
03/19/2017,SPG,FL,ASO,ES,Federal Contract Tower,0,0,12,0,12,0,8,119,0,127,0,8,131,0,139,186,0,186,325
03/20/2017,SPG,FL,ASO,ES,Federal Contract Tower,0,0,10,0,10,0,14,127,0,141,0,14,137,0,151,162,2,164,315
03/21/2017,SPG,FL,ASO,ES,Federal Contract Tower,0,0,7,0,7,0,0,95,0,95,0,0,102,0,102,156,0,156,258
03/22/2017,SPG,FL,ASO,ES,Federal Contract Tower,0,0,9,0,9,0,14,126,4,144,0,14,135,4,153,168,16,184,337
03/23/2017,SPG,FL,ASO,ES,Federal Contract Tower,0,0,14,2,16,0,14,113,2,129,0,14,127,4,145,240,30,270,415
03/24/2017,SPG,FL,ASO,ES,Federal Contract Tower,0,0,15,0,15,0,1,143,0,144,0,1,158,0,159,180,0,180,339
03/25/2017,SPG,FL,ASO,ES,Federal Contract Tower,0,0,15,0,15,0,0,140,0,140,0,0,155,0,155,176,0,176,331
03/26/2017,SPG,FL,ASO,ES,Federal Contract Tower,0,0,11,0,11,0,10,123,0,133,0,10,134,0,144,172,0,172,316
03/27/2017,SPG,FL,ASO,ES,Federal Contract Tower,0,0,11,0,11,0,6,89,2,97,0,6,100,2,108,196,0,196,304
03/28/2017,SPG,FL,ASO,ES,Federal Contract Tower,0,0,8,0,8,0,14,129,4,147,0,14,137,4,155,134,22,156,311
03/29/2017,SPG,FL,ASO,ES,Federal Contract Tower,0,2,20,0,22,0,13,112,2,127,0,15,132,2,149,178,0,178,327
03/30/2017,SPG,FL,ASO,ES,Federal Contract Tower,0,4,4,0,8,0,14,128,2,144,0,18,132,2,152,156,20,176,328
03/31/2017,SPG,FL,ASO,ES,Federal Contract Tower,0,0,14,0,14,0,0,42,2,44,0,0,56,2,58,30,30,60,118
04/01/2017,SPG,FL,ASO,ES,Federal Contract Tower,0,0,20,0,20,0,0,240,0,240,0,0,260,0,260,126,0,126,386
04/02/2017,SPG,FL,ASO,ES,Federal Contract Tower,0,0,19,1,20,0,14,127,1,142,0,14,146,2,162,142,2,144,306
04/03/2017,SPG,FL,ASO,ES,Federal Contract Tower,0,0,19,0,19,0,13,111,2,126,0,13,130,2,145,110,44,154,299
04/04/2017,SPG,FL,ASO,ES,Federal Contract Tower,0,2,7,0,9,0,0,54,0,54,0,2,61,0,63,112,0,112,175
04/05/2017,SPG,FL,ASO,ES,Federal Contract Tower,0,0,5,3,8,0,16,109,0,125,0,16,114,3,133,132,0,132,265
04/06/2017,SPG,FL,ASO,ES,Federal Contract Tower,0,0,8,0,8,0,0,49,0,49,0,0,57,0,57,4,0,4,61
04/07/2017,SPG,FL,ASO,ES,Federal Contract Tower,0,0,24,0,24,0,4,100,2,106,0,4,124,2,130,160,16,176,306
04/08/2017,SPG,FL,ASO,ES,Federal Contract Tower,0,0,17,0,17,0,0,123,0,123,0,0,140,0,140,142,0,142,282
04/09/2017,SPG,FL,ASO,ES,Federal Contract Tower,0,0,21,0,21,0,10,133,0,143,0,10,154,0,164,142,0,142,306
04/10/2017,SPG,FL,ASO,ES,Federal Contract Tower,0,0,21,0,21,0,13,134,4,151,0,13,155,4,172,266,12,278,450
04/11/2017,SPG,FL,ASO,ES,Federal Contract Tower,0,0,15,0,15,0,12,130,2,144,0,12,145,2,159,190,10,200,359
04/12/2017,SPG,FL,ASO,ES,Federal Contract Tower,0,0,12,0,12,0,12,145,4,161,0,12,157,4,173,220,16,236,409
04/13/2017,SPG,FL,ASO,ES,Federal Contract Tower,0,0,18,1,19,0,12,134,3,149,0,12,152,4,168,184,22,206,374
04/14/2017,SPG,FL,ASO,ES,Federal Contract Tower,0,0,11,0,11,0,3,132,0,135,0,3,143,0,146,168,0,168,314
04/15/2017,SPG,FL,ASO,ES,Federal Contract Tower,0,0,10,0,10,0,0,120,0,120,0,0,130,0,130,86,0,86,216
04/16/2017,SPG,FL,ASO,ES,Federal Contract Tower,0,0,12,0,12,0,8,86,0,94,0,8,98,0,106,90,0,90,196
04/17/2017,SPG,FL,ASO,ES,Federal Contract Tower,0,0,14,0,14,0,15,126,2,143,0,15,140,2,157,144,22,166,323
04/18/2017,SPG,FL,ASO,ES,Federal Contract Tower,0,0,15,0,15,0,1,78,0,79,0,1,93,0,94,180,0,180,274
04/19/2017,SPG,FL,ASO,ES,Federal Contract Tower,0,0,15,0,15,0,14,127,2,143,0,14,142,2,158,172,8,180,338
04/20/2017,SPG,FL,ASO,ES,Federal Contract Tower,0,0,9,0,9,0,14,124,2,140,0,14,133,2,149,164,10,174,323
04/21/2017,SPG,FL,ASO,ES,Federal Contract Tower,0,0,14,0,14,0,0,130,0,130,0,0,144,0,144,136,0,136,280
04/22/2017,SPG,FL,ASO,ES,Federal Contract Tower,0,0,5,0,5,0,0,151,0,151,0,0,156,0,156,178,0,178,334
04/23/2017,SPG,FL,ASO,ES,Federal Contract Tower,0,0,7,0,7,0,12,117,0,129,0,12,124,0,136,170,0,170,306
04/24/2017,SPG,FL,ASO,ES,Federal Contract Tower,0,1,12,0,13,0,16,117,4,137,0,17,129,4,150,118,60,178,328
04/25/2017,SPG,FL,ASO,ES,Federal Contract Tower,0,0,3,0,3,0,12,122,0,134,0,12,125,0,137,178,0,178,315
04/26/2017,SPG,FL,ASO,ES,Federal Contract Tower,0,0,9,0,9,0,15,140,0,155,0,15,149,0,164,164,0,164,328
04/27/2017,SPG,FL,ASO,ES,Federal Contract Tower,0,0,8,0,8,0,7,103,2,112,0,7,111,2,120,106,36,142,262
04/28/2017,SPG,FL,ASO,ES,Federal Contract Tower,0,0,12,0,12,0,0,103,2,105,0,0,115,2,117,198,6,204,321
04/29/2017,SPG,FL,ASO,ES,Federal Contract Tower,0,0,14,0,14,0,0,110,0,110,0,0,124,0,124,126,0,126,250
04/30/2017,SPG,FL,ASO,ES,Federal Contract Tower,0,0,12,0,12,0,14,130,0,144,0,14,142,0,156,140,0,140,296
05/01/2017,SPG,FL,ASO,ES,Federal Contract Tower,0,0,8,0,8,0,16,131,2,149,0,16,139,2,157,132,14,146,303
05/02/2017,SPG,FL,ASO,ES,Federal Contract Tower,0,0,14,0,14,0,14,118,0,132,0,14,132,0,146,150,0,150,296
05/03/2017,SPG,FL,ASO,ES,Federal Contract Tower,0,0,10,0,10,0,12,135,2,149,0,12,145,2,159,144,36,180,339
05/04/2017,SPG,FL,ASO,ES,Federal Contract Tower,0,0,10,0,10,0,12,122,2,136,0,12,132,2,146,122,34,156,302
05/05/2017,SPG,FL,ASO,ES,Federal Contract Tower,0,0,9,0,9,0,0,60,0,60,0,0,69,0,69,26,0,26,95
05/06/2017,SPG,FL,ASO,ES,Federal Contract Tower,0,0,15,0,15,0,0,78,0,78,0,0,93,0,93,42,0,42,135
05/07/2017,SPG,FL,ASO,ES,Federal Contract Tower,0,0,7,0,7,0,18,126,0,144,0,18,133,0,151,146,0,146,297
05/08/2017,SPG,FL,ASO,ES,Federal Contract Tower,0,0,16,0,16,0,12,151,2,165,0,12,167,2,181,184,26,210,391
05/09/2017,SPG,FL,ASO,ES,Federal Contract Tower,0,0,10,0,10,0,14,70,2,86,0,14,80,2,96,130,0,130,226
05/10/2017,SPG,FL,ASO,ES,Federal Contract Tower,0,0,10,0,10,0,18,139,0,157,0,18,149,0,167,144,8,152,319
05/11/2017,SPG,FL,ASO,ES,Federal Contract Tower,0,0,9,0,9,0,0,88,1,89,0,0,97,1,98,216,10,226,324
05/12/2017,SPG,FL,ASO,ES,Federal Contract Tower,0,0,8,0,8,0,0,105,0,105,0,0,113,0,113,122,0,122,235
05/13/2017,SPG,FL,ASO,ES,Federal Contract Tower,0,0,6,0,6,0,0,41,0,41,0,0,47,0,47,40,0,40,87
05/14/2017,SPG,FL,ASO,ES,Federal Contract Tower,0,0,6,0,6,0,14,139,0,153,0,14,145,0,159,160,0,160,319
05/15/2017,SPG,FL,ASO,ES,Federal Contract Tower,0,0,11,0,11,0,12,135,0,147,0,12,146,0,158,236,12,248,406
05/16/2017,SPG,FL,ASO,ES,Federal Contract Tower,0,0,11,0,11,0,14,147,2,163,0,14,158,2,174,164,2,166,340
05/17/2017,SPG,FL,ASO,ES,Federal Contract Tower,0,0,2,0,2,0,16,131,2,149,0,16,133,2,151,148,16,164,315
05/18/2017,SPG,FL,ASO,ES,Federal Contract Tower,0,0,25,0,25,0,10,135,2,147,0,10,160,2,172,146,30,176,348
05/19/2017,SPG,FL,ASO,ES,Federal Contract Tower,0,0,20,0,20,0,0,84,0,84,0,0,104,0,104,134,0,134,238
05/20/2017,SPG,FL,ASO,ES,Federal Contract Tower,0,0,12,0,12,0,0,85,0,85,0,0,97,0,97,82,0,82,179
05/21/2017,SPG,FL,ASO,ES,Federal Contract Tower,0,0,5,0,5,0,22,141,0,163,0,22,146,0,168,138,0,138,306
05/22/2017,SPG,FL,ASO,ES,Federal Contract Tower,0,0,9,0,9,0,16,116,4,136,0,16,125,4,145,146,12,158,303
05/23/2017,SPG,FL,ASO,ES,Federal Contract Tower,0,0,4,0,4,0,16,109,2,127,0,16,113,2,131,108,22,130,261
05/24/2017,SPG,FL,ASO,ES,Federal Contract Tower,0,0,4,0,4,0,0,13,0,13,0,0,17,0,17,0,0,0,17
05/25/2017,SPG,FL,ASO,ES,Federal Contract Tower,0,0,11,0,11,0,22,117,0,139,0,22,128,0,150,140,0,140,290
05/26/2017,SPG,FL,ASO,ES,Federal Contract Tower,0,0,10,0,10,0,0,142,2,144,0,0,152,2,154,180,0,180,334
05/27/2017,SPG,FL,ASO,ES,Federal Contract Tower,0,0,7,0,7,0,0,144,0,144,0,0,151,0,151,174,0,174,325
05/28/2017,SPG,FL,ASO,ES,Federal Contract Tower,0,0,3,0,3,0,16,128,0,144,0,16,131,0,147,142,0,142,289
05/29/2017,SPG,FL,ASO,ES,Federal Contract Tower,0,0,10,0,10,0,16,147,0,163,0,16,157,0,173,146,0,146,319
05/30/2017,SPG,FL,ASO,ES,Federal Contract Tower,0,0,8,0,8,0,5,74,0,79,0,5,82,0,87,184,0,184,271
05/31/2017,SPG,FL,ASO,ES,Federal Contract Tower,0,0,10,0,10,0,15,135,0,150,0,15,145,0,160,184,0,184,344
06/01/2017,SPG,FL,ASO,ES,Federal Contract Tower,0,0,7,0,7,0,16,125,0,141,0,16,132,0,148,144,0,144,292
06/02/2017,SPG,FL,ASO,ES,Federal Contract Tower,0,0,16,0,16,0,0,64,0,64,0,0,80,0,80,62,0,62,142
06/03/2017,SPG,FL,ASO,ES,Federal Contract Tower,0,0,2,0,2,0,0,85,0,85,0,0,87,0,87,120,0,120,207
06/04/2017,SPG,FL,ASO,ES,Federal Contract Tower,0,0,5,0,5,0,0,19,0,19,0,0,24,0,24,14,0,14,38
06/05/2017,SPG,FL,ASO,ES,Federal Contract Tower,0,0,1,0,1,0,12,80,0,92,0,12,81,0,93,108,0,108,201
06/06/2017,SPG,FL,ASO,ES,Federal Contract Tower,0,0,5,0,5,0,12,57,0,69,0,12,62,0,74,42,0,42,116
06/07/2017,SPG,FL,ASO,ES,Federal Contract Tower,0,0,2,0,2,0,0,12,4,16,0,0,14,4,18,30,36,66,84
06/08/2017,SPG,FL,ASO,ES,Federal Contract Tower,0,0,12,0,12,0,14,124,2,140,0,14,136,2,152,144,0,144,296
06/09/2017,SPG,FL,ASO,ES,Federal Contract Tower,0,0,17,0,17,0,0,119,4,123,0,0,136,4,140,144,18,162,302
06/10/2017,SPG,FL,ASO,ES,Federal Contract Tower,0,0,10,0,10,0,0,108,0,108,0,0,118,0,118,50,0,50,168
06/11/2017,SPG,FL,ASO,ES,Federal Contract Tower,0,0,11,0,11,0,16,91,0,107,0,16,102,0,118,154,0,154,272
06/12/2017,SPG,FL,ASO,ES,Federal Contract Tower,0,0,16,0,16,0,14,105,0,119,0,14,121,0,135,124,0,124,259
06/13/2017,SPG,FL,ASO,ES,Federal Contract Tower,0,0,15,0,15,0,0,34,2,36,0,0,49,2,51,78,2,80,131
06/14/2017,SPG,FL,ASO,ES,Federal Contract Tower,0,2,9,0,11,0,18,122,2,142,0,20,131,2,153,118,38,156,309
06/15/2017,SPG,FL,ASO,ES,Federal Contract Tower,0,0,14,0,14,0,16,126,0,142,0,16,140,0,156,152,0,152,308
06/16/2017,SPG,FL,ASO,ES,Federal Contract Tower,0,0,9,0,9,0,0,57,4,61,0,0,66,4,70,28,16,44,114
06/17/2017,SPG,FL,ASO,ES,Federal Contract Tower,0,0,15,0,15,0,0,108,0,108,0,0,123,0,123,146,0,146,269
06/18/2017,SPG,FL,ASO,ES,Federal Contract Tower,0,0,17,0,17,0,16,120,0,136,0,16,137,0,153,140,0,140,293
06/19/2017,SPG,FL,ASO,ES,Federal Contract Tower,0,0,6,0,6,0,0,57,2,59,0,0,63,2,65,44,8,52,117
06/20/2017,SPG,FL,ASO,ES,Federal Contract Tower,0,0,8,0,8,0,16,101,4,121,0,16,109,4,129,168,22,190,319
06/21/2017,SPG,FL,ASO,ES,Federal Contract Tower,0,0,11,0,11,0,0,83,0,83,0,0,94,0,94,174,0,174,268
06/22/2017,SPG,FL,ASO,ES,Federal Contract Tower,0,0,13,0,13,0,17,129,0,146,0,17,142,0,159,148,0,148,307
06/23/2017,SPG,FL,ASO,ES,Federal Contract Tower,0,0,12,0,12,0,0,96,4,100,0,0,108,4,112,94,8,102,214
06/24/2017,SPG,FL,ASO,ES,Federal Contract Tower,0,0,25,0,25,0,0,101,0,101,0,0,126,0,126,128,0,128,254
06/25/2017,SPG,FL,ASO,ES,Federal Contract Tower,0,0,11,0,11,0,14,125,0,139,0,14,136,0,150,168,0,168,318
06/26/2017,SPG,FL,ASO,ES,Federal Contract Tower,0,0,12,0,12,0,13,124,4,141,0,13,136,4,153,146,30,176,329
06/27/2017,SPG,FL,ASO,ES,Federal Contract Tower,0,0,8,0,8,0,21,103,0,124,0,21,111,0,132,174,0,174,306
06/28/2017,SPG,FL,ASO,ES,Federal Contract Tower,0,0,13,0,13,0,13,118,8,139,0,13,131,8,152,152,38,190,342
06/29/2017,SPG,FL,ASO,ES,Federal Contract Tower,0,0,16,0,16,0,16,118,0,134,0,16,134,0,150,162,0,162,312
06/30/2017,SPG,FL,ASO,ES,Federal Contract Tower,0,0,7,0,7,0,0,84,4,88,0,0,91,4,95,158,6,164,259
07/01/2017,SPG,FL,ASO,ES,Federal Contract Tower,0,0,14,0,14,0,0,61,0,61,0,0,75,0,75,62,0,62,137
07/02/2017,SPG,FL,ASO,ES,Federal Contract Tower,0,0,10,0,10,0,12,119,0,131,0,12,129,0,141,152,0,152,293
07/03/2017,SPG,FL,ASO,ES,Federal Contract Tower,0,0,12,0,12,0,20,123,0,143,0,20,135,0,155,150,0,150,305
07/04/2017,SPG,FL,ASO,ES,Federal Contract Tower,0,0,10,0,10,0,14,128,0,142,0,14,138,0,152,170,0,170,322
07/05/2017,SPG,FL,ASO,ES,Federal Contract Tower,0,0,13,0,13,0,10,78,0,88,0,10,91,0,101,138,0,138,239
07/06/2017,SPG,FL,ASO,ES,Federal Contract Tower,0,0,8,0,8,0,0,85,2,87,0,0,93,2,95,148,24,172,267
07/07/2017,SPG,FL,ASO,ES,Federal Contract Tower,0,0,11,0,11,0,0,78,2,80,0,0,89,2,91,84,0,84,175
07/08/2017,SPG,FL,ASO,ES,Federal Contract Tower,0,0,9,0,9,0,0,61,0,61,0,0,70,0,70,40,0,40,110
07/09/2017,SPG,FL,ASO,ES,Federal Contract Tower,0,0,6,0,6,0,18,122,0,140,0,18,128,0,146,186,0,186,332
07/10/2017,SPG,FL,ASO,ES,Federal Contract Tower,0,0,3,0,3,0,16,122,0,138,0,16,125,0,141,148,0,148,289
07/11/2017,SPG,FL,ASO,ES,Federal Contract Tower,0,0,6,0,6,0,4,65,2,71,0,4,71,2,77,114,0,114,191
07/12/2017,SPG,FL,ASO,ES,Federal Contract Tower,0,0,7,0,7,0,18,131,4,153,0,18,138,4,160,126,2,128,288
07/13/2017,SPG,FL,ASO,ES,Federal Contract Tower,0,0,10,0,10,0,14,139,0,153,0,14,149,0,163,172,0,172,335
07/14/2017,SPG,FL,ASO,ES,Federal Contract Tower,0,0,6,0,6,0,0,83,0,83,0,0,89,0,89,56,0,56,145
07/15/2017,SPG,FL,ASO,ES,Federal Contract Tower,0,0,13,0,13,0,0,107,0,107,0,0,120,0,120,76,0,76,196
07/16/2017,SPG,FL,ASO,ES,Federal Contract Tower,0,0,11,0,11,0,14,116,0,130,0,14,127,0,141,166,0,166,307
07/17/2017,SPG,FL,ASO,ES,Federal Contract Tower,0,0,8,0,8,0,20,122,4,146,0,20,130,4,154,172,22,194,348
07/18/2017,SPG,FL,ASO,ES,Federal Contract Tower,0,0,6,0,6,0,20,133,0,153,0,20,139,0,159,168,0,168,327
07/19/2017,SPG,FL,ASO,ES,Federal Contract Tower,0,0,4,0,4,0,10,116,2,128,0,10,120,2,132,196,12,208,340
07/20/2017,SPG,FL,ASO,ES,Federal Contract Tower,0,0,7,0,7,0,18,137,0,155,0,18,144,0,162,158,0,158,320
07/21/2017,SPG,FL,ASO,ES,Federal Contract Tower,0,0,11,0,11,0,0,82,4,86,0,0,93,4,97,110,10,120,217
07/22/2017,SPG,FL,ASO,ES,Federal Contract Tower,0,0,7,0,7,0,0,64,2,66,0,0,71,2,73,26,0,26,99
07/23/2017,SPG,FL,ASO,ES,Federal Contract Tower,0,0,12,0,12,0,0,38,0,38,0,0,50,0,50,26,0,26,76
07/24/2017,SPG,FL,ASO,ES,Federal Contract Tower,0,0,9,0,9,0,17,138,0,155,0,17,147,0,164,142,0,142,306
07/25/2017,SPG,FL,ASO,ES,Federal Contract Tower,0,0,10,0,10,0,18,112,0,130,0,18,122,0,140,182,0,182,322
07/26/2017,SPG,FL,ASO,ES,Federal Contract Tower,0,1,7,0,8,0,18,131,2,151,0,19,138,2,159,140,0,140,299
07/27/2017,SPG,FL,ASO,ES,Federal Contract Tower,0,0,4,0,4,0,8,107,4,119,0,8,111,4,123,136,12,148,271
07/28/2017,SPG,FL,ASO,ES,Federal Contract Tower,0,0,13,0,13,0,0,122,2,124,0,0,135,2,137,98,0,98,235
07/29/2017,SPG,FL,ASO,ES,Federal Contract Tower,0,0,8,0,8,0,0,100,0,100,0,0,108,0,108,82,0,82,190
07/30/2017,SPG,FL,ASO,ES,Federal Contract Tower,0,0,4,0,4,0,0,16,0,16,0,0,20,0,20,22,0,22,42
07/31/2017,SPG,FL,ASO,ES,Federal Contract Tower,0,0,1,0,1,0,3,1,0,4,0,3,2,0,5,0,0,0,5
08/01/2017,SPG,FL,ASO,ES,Federal Contract Tower,0,0,9,0,9,0,18,132,0,150,0,18,141,0,159,164,0,164,323
08/02/2017,SPG,FL,ASO,ES,Federal Contract Tower,0,0,1,0,1,0,0,23,0,23,0,0,24,0,24,32,0,32,56
08/03/2017,SPG,FL,ASO,ES,Federal Contract Tower,0,0,9,0,9,0,20,130,2,152,0,20,139,2,161,124,12,136,297
08/04/2017,SPG,FL,ASO,ES,Federal Contract Tower,0,0,10,0,10,0,0,114,4,118,0,0,124,4,128,86,24,110,238
08/05/2017,SPG,FL,ASO,ES,Federal Contract Tower,0,0,9,0,9,0,0,114,0,114,0,0,123,0,123,118,0,118,241
08/06/2017,SPG,FL,ASO,ES,Federal Contract Tower,0,0,14,0,14,0,16,124,0,140,0,16,138,0,154,146,0,146,300
08/07/2017,SPG,FL,ASO,ES,Federal Contract Tower,0,1,10,1,12,0,16,119,3,138,0,17,129,4,150,168,2,170,320
08/08/2017,SPG,FL,ASO,ES,Federal Contract Tower,0,1,7,0,8,0,16,130,2,148,0,17,137,2,156,152,18,170,326
08/09/2017,SPG,FL,ASO,ES,Federal Contract Tower,0,0,8,0,8,0,16,129,0,145,0,16,137,0,153,174,0,174,327
08/10/2017,SPG,FL,ASO,ES,Federal Contract Tower,0,0,20,0,20,0,16,141,0,157,0,16,161,0,177,166,0,166,343
08/11/2017,SPG,FL,ASO,ES,Federal Contract Tower,0,0,11,0,11,0,0,82,4,86,0,0,93,4,97,66,10,76,173
08/12/2017,SPG,FL,ASO,ES,Federal Contract Tower,0,0,5,0,5,0,0,91,0,91,0,0,96,0,96,80,0,80,176
08/13/2017,SPG,FL,ASO,ES,Federal Contract Tower,0,0,16,0,16,0,14,126,0,140,0,14,142,0,156,160,0,160,316
08/14/2017,SPG,FL,ASO,ES,Federal Contract Tower,0,0,8,0,8,0,16,135,0,151,0,16,143,0,159,140,0,140,299
08/15/2017,SPG,FL,ASO,ES,Federal Contract Tower,0,0,8,0,8,0,16,115,0,131,0,16,123,0,139,192,0,192,331
08/16/2017,SPG,FL,ASO,ES,Federal Contract Tower,0,0,19,0,19,0,18,120,0,138,0,18,139,0,157,152,0,152,309
08/17/2017,SPG,FL,ASO,ES,Federal Contract Tower,0,2,16,0,18,0,14,118,4,136,0,16,134,4,154,172,24,196,350
08/18/2017,SPG,FL,ASO,ES,Federal Contract Tower,0,0,9,0,9,0,0,81,18,99,0,0,90,18,108,46,20,66,174
08/19/2017,SPG,FL,ASO,ES,Federal Contract Tower,0,0,7,0,7,0,0,105,0,105,0,0,112,0,112,160,0,160,272
08/20/2017,SPG,FL,ASO,ES,Federal Contract Tower,0,0,8,0,8,0,10,125,0,135,0,10,133,0,143,174,0,174,317
08/21/2017,SPG,FL,ASO,ES,Federal Contract Tower,0,0,11,0,11,0,10,114,2,126,0,10,125,2,137,172,8,180,317
08/22/2017,SPG,FL,ASO,ES,Federal Contract Tower,0,0,11,0,11,0,14,129,0,143,0,14,140,0,154,178,0,178,332
08/23/2017,SPG,FL,ASO,ES,Federal Contract Tower,0,0,7,0,7,0,0,39,0,39,0,0,46,0,46,66,0,66,112
08/24/2017,SPG,FL,ASO,ES,Federal Contract Tower,0,0,17,0,17,0,2,92,0,94,0,2,109,0,111,136,0,136,247
08/25/2017,SPG,FL,ASO,ES,Federal Contract Tower,0,0,12,4,16,0,0,54,0,54,0,0,66,4,70,20,0,20,90
08/26/2017,SPG,FL,ASO,ES,Federal Contract Tower,0,0,9,0,9,0,0,42,0,42,0,0,51,0,51,26,0,26,77
08/27/2017,SPG,FL,ASO,ES,Federal Contract Tower,0,0,12,0,12,0,0,7,0,7,0,0,19,0,19,16,0,16,35
08/28/2017,SPG,FL,ASO,ES,Federal Contract Tower,0,0,4,0,4,0,0,21,0,21,0,0,25,0,25,50,0,50,75
08/29/2017,SPG,FL,ASO,ES,Federal Contract Tower,0,0,8,0,8,0,0,43,0,43,0,0,51,0,51,88,0,88,139
08/30/2017,SPG,FL,ASO,ES,Federal Contract Tower,0,0,7,0,7,0,16,135,0,151,0,16,142,0,158,160,0,160,318
08/31/2017,SPG,FL,ASO,ES,Federal Contract Tower,0,0,11,0,11,0,18,125,0,143,0,18,136,0,154,190,0,190,344
09/01/2017,SPG,FL,ASO,ES,Federal Contract Tower,0,0,14,0,14,0,1,69,0,70,0,1,83,0,84,94,0,94,178
09/02/2017,SPG,FL,ASO,ES,Federal Contract Tower,0,0,7,0,7,0,0,58,0,58,0,0,65,0,65,74,0,74,139
09/03/2017,SPG,FL,ASO,ES,Federal Contract Tower,0,0,3,0,3,0,18,125,0,143,0,18,128,0,146,152,0,152,298
09/04/2017,SPG,FL,ASO,ES,Federal Contract Tower,0,0,7,0,7,0,16,136,0,152,0,16,143,0,159,154,0,154,313
09/05/2017,SPG,FL,ASO,ES,Federal Contract Tower,0,0,8,0,8,0,14,131,4,149,0,14,139,4,157,120,50,170,327
09/06/2017,SPG,FL,ASO,ES,Federal Contract Tower,0,0,8,0,8,0,0,29,0,29,0,0,37,0,37,56,0,56,93
09/07/2017,SPG,FL,ASO,ES,Federal Contract Tower,0,0,13,0,13,0,14,132,0,146,0,14,145,0,159,146,0,146,305
09/08/2017,SPG,FL,ASO,ES,Federal Contract Tower,0,0,24,0,24,0,0,104,0,104,0,0,128,0,128,98,0,98,226
09/09/2017,SPG,FL,ASO,ES,Federal Contract Tower,0,0,0,0,0,0,0,0,0,0,0,0,0,0,0,0,0,0,0
09/10/2017,SPG,FL,ASO,ES,Federal Contract Tower,0,0,0,0,0,0,0,0,0,0,0,0,0,0,0,0,0,0,0
09/11/2017,SPG,FL,ASO,ES,Federal Contract Tower,0,0,0,0,0,0,0,0,0,0,0,0,0,0,0,0,0,0,0
09/12/2017,SPG,FL,ASO,ES,Federal Contract Tower,0,0,9,0,9,0,1,52,0,53,0,1,61,0,62,24,0,24,86
09/13/2017,SPG,FL,ASO,ES,Federal Contract Tower,0,4,8,0,12,0,22,126,0,148,0,26,134,0,160,138,0,138,298
09/14/2017,SPG,FL,ASO,ES,Federal Contract Tower,0,0,5,0,5,0,0,94,0,94,0,0,99,0,99,42,0,42,141
09/15/2017,SPG,FL,ASO,ES,Federal Contract Tower,0,0,9,0,9,0,0,86,2,88,0,0,95,2,97,64,0,64,161
09/16/2017,SPG,FL,ASO,ES,Federal Contract Tower,0,0,5,0,5,0,2,82,0,84,0,2,87,0,89,128,0,128,217
09/17/2017,SPG,FL,ASO,ES,Federal Contract Tower,0,0,12,0,12,0,14,130,0,144,0,14,142,0,156,166,0,166,322
09/18/2017,SPG,FL,ASO,ES,Federal Contract Tower,0,0,7,0,7,0,20,140,0,160,0,20,147,0,167,148,0,148,315
09/19/2017,SPG,FL,ASO,ES,Federal Contract Tower,0,0,8,0,8,0,22,129,0,151,0,22,137,0,159,140,0,140,299
09/20/2017,SPG,FL,ASO,ES,Federal Contract Tower,0,0,9,0,9,0,19,127,0,146,0,19,136,0,155,144,0,144,299
09/21/2017,SPG,FL,ASO,ES,Federal Contract Tower,0,0,6,0,6,0,0,79,2,81,0,0,85,2,87,60,18,78,165
09/22/2017,SPG,FL,ASO,ES,Federal Contract Tower,0,0,16,0,16,0,0,92,2,94,0,0,108,2,110,98,26,124,234
09/23/2017,SPG,FL,ASO,ES,Federal Contract Tower,0,0,8,0,8,0,0,77,0,77,0,0,85,0,85,94,0,94,179
09/24/2017,SPG,FL,ASO,ES,Federal Contract Tower,0,0,13,0,13,0,0,65,0,65,0,0,78,0,78,28,0,28,106
09/25/2017,SPG,FL,ASO,ES,Federal Contract Tower,0,0,10,0,10,0,0,78,2,80,0,0,88,2,90,84,2,86,176
09/26/2017,SPG,FL,ASO,ES,Federal Contract Tower,0,0,3,0,3,0,4,81,2,87,0,4,84,2,90,136,10,146,236
09/27/2017,SPG,FL,ASO,ES,Federal Contract Tower,0,0,10,0,10,0,2,96,2,100,0,2,106,2,110,148,10,158,268
09/28/2017,SPG,FL,ASO,ES,Federal Contract Tower,0,0,3,0,3,0,0,79,0,79,0,0,82,0,82,76,0,76,158
09/29/2017,SPG,FL,ASO,ES,Federal Contract Tower,0,1,7,0,8,0,0,80,0,80,0,1,87,0,88,38,0,38,126
09/30/2017,SPG,FL,ASO,ES,Federal Contract Tower,0,0,9,0,9,0,0,68,0,68,0,0,77,0,77,88,0,88,165
10/01/2017,SPG,FL,ASO,ES,Federal Contract Tower,0,0,11,0,11,0,16,124,0,140,0,16,135,0,151,136,0,136,287
10/02/2017,SPG,FL,ASO,ES,Federal Contract Tower,0,0,6,0,6,0,0,89,6,95,0,0,95,6,101,12,30,42,143
10/03/2017,SPG,FL,ASO,ES,Federal Contract Tower,0,0,5,0,5,0,16,93,0,109,0,16,98,0,114,76,0,76,190
10/04/2017,SPG,FL,ASO,ES,Federal Contract Tower,0,0,5,0,5,0,16,113,0,129,0,16,118,0,134,118,2,120,254
10/05/2017,SPG,FL,ASO,ES,Federal Contract Tower,0,0,11,0,11,0,12,108,0,120,0,12,119,0,131,102,2,104,235
10/06/2017,SPG,FL,ASO,ES,Federal Contract Tower,0,0,16,0,16,0,0,59,2,61,0,0,75,2,77,14,16,30,107
10/07/2017,SPG,FL,ASO,ES,Federal Contract Tower,0,0,10,0,10,0,0,70,0,70,0,0,80,0,80,56,0,56,136
10/08/2017,SPG,FL,ASO,ES,Federal Contract Tower,0,0,11,0,11,0,16,125,0,141,0,16,136,0,152,110,0,110,262
10/09/2017,SPG,FL,ASO,ES,Federal Contract Tower,0,0,6,0,6,0,16,134,0,150,0,16,140,0,156,174,0,174,330
10/10/2017,SPG,FL,ASO,ES,Federal Contract Tower,0,0,7,0,7,0,17,81,0,98,0,17,88,0,105,162,0,162,267
10/11/2017,SPG,FL,ASO,ES,Federal Contract Tower,0,0,11,0,11,0,14,122,4,140,0,14,133,4,151,156,30,186,337
10/12/2017,SPG,FL,ASO,ES,Federal Contract Tower,0,0,15,0,15,0,18,133,0,151,0,18,148,0,166,138,0,138,304
10/13/2017,SPG,FL,ASO,ES,Federal Contract Tower,0,0,16,0,16,0,1,72,0,73,0,1,88,0,89,98,0,98,187
10/14/2017,SPG,FL,ASO,ES,Federal Contract Tower,0,0,12,0,12,0,0,64,0,64,0,0,76,0,76,44,0,44,120
10/15/2017,SPG,FL,ASO,ES,Federal Contract Tower,0,0,11,0,11,0,17,127,0,144,0,17,138,0,155,144,0,144,299
10/16/2017,SPG,FL,ASO,ES,Federal Contract Tower,0,0,11,0,11,0,14,118,0,132,0,14,129,0,143,172,0,172,315
10/17/2017,SPG,FL,ASO,ES,Federal Contract Tower,0,0,16,0,16,0,17,104,0,121,0,17,120,0,137,96,0,96,233
10/18/2017,SPG,FL,ASO,ES,Federal Contract Tower,0,0,28,0,28,0,14,96,0,110,0,14,124,0,138,136,0,136,274
10/19/2017,SPG,FL,ASO,ES,Federal Contract Tower,0,0,21,0,21,0,16,138,0,154,0,16,159,0,175,156,0,156,331
10/20/2017,SPG,FL,ASO,ES,Federal Contract Tower,0,0,9,0,9,0,0,130,0,130,0,0,139,0,139,82,0,82,221
10/21/2017,SPG,FL,ASO,ES,Federal Contract Tower,0,0,8,0,8,0,0,116,0,116,0,0,124,0,124,86,0,86,210
10/22/2017,SPG,FL,ASO,ES,Federal Contract Tower,0,0,15,0,15,0,20,123,0,143,0,20,138,0,158,134,0,134,292
10/23/2017,SPG,FL,ASO,ES,Federal Contract Tower,0,0,5,0,5,0,14,106,0,120,0,14,111,0,125,118,0,118,243
10/24/2017,SPG,FL,ASO,ES,Federal Contract Tower,0,0,11,0,11,0,12,92,2,106,0,12,103,2,117,192,2,194,311
10/25/2017,SPG,FL,ASO,ES,Federal Contract Tower,0,0,10,0,10,0,16,142,2,160,0,16,152,2,170,120,18,138,308
10/26/2017,SPG,FL,ASO,ES,Federal Contract Tower,0,0,4,0,4,0,8,135,2,145,0,8,139,2,149,170,14,184,333
10/27/2017,SPG,FL,ASO,ES,Federal Contract Tower,0,0,10,0,10,0,0,132,0,132,0,0,142,0,142,144,0,144,286
10/28/2017,SPG,FL,ASO,ES,Federal Contract Tower,0,0,7,0,7,0,0,81,0,81,0,0,88,0,88,112,0,112,200
10/29/2017,SPG,FL,ASO,ES,Federal Contract Tower,0,0,8,0,8,0,13,60,0,73,0,13,68,0,81,8,0,8,89
10/30/2017,SPG,FL,ASO,ES,Federal Contract Tower,0,0,10,0,10,0,18,130,0,148,0,18,140,0,158,146,0,146,304
10/31/2017,SPG,FL,ASO,ES,Federal Contract Tower,0,0,10,0,10,0,16,138,0,154,0,16,148,0,164,154,0,154,318
11/01/2017,SPG,FL,ASO,ES,Federal Contract Tower,0,0,11,0,11,0,14,113,2,129,0,14,124,2,140,194,30,224,364
11/02/2017,SPG,FL,ASO,ES,Federal Contract Tower,0,0,21,0,21,0,0,103,0,103,0,0,124,0,124,170,0,170,294
11/03/2017,SPG,FL,ASO,ES,Federal Contract Tower,0,0,26,0,26,0,0,90,0,90,0,0,116,0,116,26,0,26,142
11/04/2017,SPG,FL,ASO,ES,Federal Contract Tower,0,0,15,0,15,0,0,145,2,147,0,0,160,2,162,134,4,138,300
11/05/2017,SPG,FL,ASO,ES,Federal Contract Tower,0,0,14,0,14,0,10,118,0,128,0,10,132,0,142,152,0,152,294
11/06/2017,SPG,FL,ASO,ES,Federal Contract Tower,0,0,16,0,16,0,16,112,4,132,0,16,128,4,148,122,16,138,286
11/07/2017,SPG,FL,ASO,ES,Federal Contract Tower,0,2,15,0,17,0,12,102,0,114,0,14,117,0,131,184,0,184,315
11/08/2017,SPG,FL,ASO,ES,Federal Contract Tower,0,2,9,0,11,0,16,122,0,138,0,18,131,0,149,156,0,156,305
11/09/2017,SPG,FL,ASO,ES,Federal Contract Tower,0,0,14,0,14,0,18,138,0,156,0,18,152,0,170,144,0,144,314
11/10/2017,SPG,FL,ASO,ES,Federal Contract Tower,0,0,27,0,27,0,0,40,0,40,0,0,67,0,67,102,0,102,169
11/11/2017,SPG,FL,ASO,ES,Federal Contract Tower,0,0,15,0,15,0,0,182,0,182,0,0,197,0,197,62,0,62,259
11/12/2017,SPG,FL,ASO,ES,Federal Contract Tower,0,0,15,0,15,0,2,8,0,10,0,2,23,0,25,0,0,0,25
11/13/2017,SPG,FL,ASO,ES,Federal Contract Tower,0,0,10,0,10,0,16,117,4,137,0,16,127,4,147,166,26,192,339
11/14/2017,SPG,FL,ASO,ES,Federal Contract Tower,0,2,3,0,5,0,14,128,10,152,0,16,131,10,157,160,14,174,331
11/15/2017,SPG,FL,ASO,ES,Federal Contract Tower,0,0,13,0,13,0,15,129,4,148,0,15,142,4,161,150,24,174,335
11/16/2017,SPG,FL,ASO,ES,Federal Contract Tower,0,0,11,0,11,0,14,126,2,142,0,14,137,2,153,162,8,170,323
11/17/2017,SPG,FL,ASO,ES,Federal Contract Tower,0,0,11,0,11,0,0,114,0,114,0,0,125,0,125,108,0,108,233
11/18/2017,SPG,FL,ASO,ES,Federal Contract Tower,0,0,17,0,17,0,0,121,0,121,0,0,138,0,138,112,0,112,250
11/19/2017,SPG,FL,ASO,ES,Federal Contract Tower,0,0,11,0,11,0,0,53,0,53,0,0,64,0,64,64,0,64,128
11/20/2017,SPG,FL,ASO,ES,Federal Contract Tower,0,0,14,0,14,0,0,87,6,93,0,0,101,6,107,92,22,114,221
11/21/2017,SPG,FL,ASO,ES,Federal Contract Tower,0,0,17,0,17,0,2,80,2,84,0,2,97,2,101,72,6,78,179
11/22/2017,SPG,FL,ASO,ES,Federal Contract Tower,0,0,18,0,18,0,0,81,0,81,0,0,99,0,99,88,0,88,187
11/23/2017,SPG,FL,ASO,ES,Federal Contract Tower,0,0,10,0,10,0,0,0,0,0,0,0,10,0,10,14,0,14,24
11/24/2017,SPG,FL,ASO,ES,Federal Contract Tower,0,0,10,0,10,0,0,30,0,30,0,0,40,0,40,4,0,4,44
11/25/2017,SPG,FL,ASO,ES,Federal Contract Tower,0,0,20,0,20,0,0,157,0,157,0,0,177,0,177,88,0,88,265
11/26/2017,SPG,FL,ASO,ES,Federal Contract Tower,0,2,28,0,30,0,16,137,0,153,0,18,165,0,183,132,0,132,315
11/27/2017,SPG,FL,ASO,ES,Federal Contract Tower,0,0,14,0,14,0,17,133,0,150,0,17,147,0,164,164,0,164,328
11/28/2017,SPG,FL,ASO,ES,Federal Contract Tower,0,0,7,0,7,0,18,133,0,151,0,18,140,0,158,154,0,154,312
11/29/2017,SPG,FL,ASO,ES,Federal Contract Tower,0,0,10,0,10,0,0,101,4,105,0,0,111,4,115,176,52,228,343
11/30/2017,SPG,FL,ASO,ES,Federal Contract Tower,0,0,0,12,12,0,16,122,4,142,0,16,122,16,154,144,32,176,330
12/01/2017,SPG,FL,ASO,ES,Federal Contract Tower,0,0,5,0,5,0,0,107,5,112,0,0,112,5,117,96,26,122,239
12/02/2017,SPG,FL,ASO,ES,Federal Contract Tower,0,0,9,0,9,0,0,135,2,137,0,0,144,2,146,84,0,84,230
12/03/2017,SPG,FL,ASO,ES,Federal Contract Tower,0,0,15,0,15,0,14,185,0,199,0,14,200,0,214,126,0,126,340
12/04/2017,SPG,FL,ASO,ES,Federal Contract Tower,0,2,7,0,9,0,13,124,2,139,0,15,131,2,148,150,22,172,320
12/05/2017,SPG,FL,ASO,ES,Federal Contract Tower,0,0,7,0,7,0,20,132,4,156,0,20,139,4,163,174,0,174,337
12/06/2017,SPG,FL,ASO,ES,Federal Contract Tower,0,0,7,0,7,0,18,130,0,148,0,18,137,0,155,136,8,144,299
12/07/2017,SPG,FL,ASO,ES,Federal Contract Tower,0,0,17,0,17,0,6,58,0,64,0,6,75,0,81,74,0,74,155
12/08/2017,SPG,FL,ASO,ES,Federal Contract Tower,0,0,2,0,2,0,0,15,0,15,0,0,17,0,17,32,0,32,49
12/09/2017,SPG,FL,ASO,ES,Federal Contract Tower,0,0,10,0,10,0,0,12,0,12,0,0,22,0,22,8,0,8,30
12/10/2017,SPG,FL,ASO,ES,Federal Contract Tower,0,0,14,0,14,0,16,113,0,129,0,16,127,0,143,146,0,146,289
12/11/2017,SPG,FL,ASO,ES,Federal Contract Tower,0,0,13,0,13,0,16,118,0,134,0,16,131,0,147,164,0,164,311
12/12/2017,SPG,FL,ASO,ES,Federal Contract Tower,0,0,7,0,7,0,14,123,0,137,0,14,130,0,144,136,0,136,280
12/13/2017,SPG,FL,ASO,ES,Federal Contract Tower,0,0,4,0,4,0,17,126,4,147,0,17,130,4,151,126,36,162,313
12/14/2017,SPG,FL,ASO,ES,Federal Contract Tower,0,2,11,0,13,0,16,127,4,147,0,18,138,4,160,132,30,162,322
12/15/2017,SPG,FL,ASO,ES,Federal Contract Tower,0,0,12,0,12,0,0,89,0,89,0,0,101,0,101,40,0,40,141
12/16/2017,SPG,FL,ASO,ES,Federal Contract Tower,0,0,3,0,3,0,0,106,0,106,0,0,109,0,109,42,0,42,151
12/17/2017,SPG,FL,ASO,ES,Federal Contract Tower,0,0,7,0,7,0,18,107,0,125,0,18,114,0,132,168,0,168,300
12/18/2017,SPG,FL,ASO,ES,Federal Contract Tower,0,3,6,0,9,0,19,126,0,145,0,22,132,0,154,158,0,158,312
12/19/2017,SPG,FL,ASO,ES,Federal Contract Tower,0,0,11,0,11,0,15,111,0,126,0,15,122,0,137,156,0,156,293
12/20/2017,SPG,FL,ASO,ES,Federal Contract Tower,0,0,7,0,7,0,16,142,0,158,0,16,149,0,165,140,6,146,311
12/21/2017,SPG,FL,ASO,ES,Federal Contract Tower,0,0,17,0,17,0,0,69,0,69,0,0,86,0,86,92,0,92,178
12/22/2017,SPG,FL,ASO,ES,Federal Contract Tower,0,0,11,0,11,0,0,39,0,39,0,0,50,0,50,62,0,62,112
12/23/2017,SPG,FL,ASO,ES,Federal Contract Tower,0,0,10,0,10,0,0,65,0,65,0,0,75,0,75,58,0,58,133
12/24/2017,SPG,FL,ASO,ES,Federal Contract Tower,0,0,12,0,12,0,14,100,0,114,0,14,112,0,126,94,0,94,220
12/25/2017,SPG,FL,ASO,ES,Federal Contract Tower,0,0,5,0,5,0,16,81,0,97,0,16,86,0,102,88,0,88,190
12/26/2017,SPG,FL,ASO,ES,Federal Contract Tower,0,0,16,0,16,0,20,122,0,142,0,20,138,0,158,128,0,128,286
12/27/2017,SPG,FL,ASO,ES,Federal Contract Tower,0,0,13,0,13,0,16,148,0,164,0,16,161,0,177,142,0,142,319
12/28/2017,SPG,FL,ASO,ES,Federal Contract Tower,0,0,14,0,14,0,4,108,0,112,0,4,122,0,126,106,0,106,232
12/29/2017,SPG,FL,ASO,ES,Federal Contract Tower,0,0,24,0,24,0,0,68,0,68,0,0,92,0,92,88,0,88,180
12/30/2017,SPG,FL,ASO,ES,Federal Contract Tower,0,0,17,0,17,0,0,136,0,136,0,0,153,0,153,76,0,76,229
12/31/2017,SPG,FL,ASO,ES,Federal Contract Tower,0,0,20,0,20,0,6,117,0,123,0,6,137,0,143,100,0,100,243
01/01/2018,SPG,FL,ASO,ES,Federal Contract Tower,0,0,15,0,15,0,0,2,0,2,0,0,17,0,17,10,0,10,27
01/02/2018,SPG,FL,ASO,ES,Federal Contract Tower,0,0,16,0,16,0,0,48,0,48,0,0,64,0,64,0,0,0,64
01/03/2018,SPG,FL,ASO,ES,Federal Contract Tower,0,0,6,0,6,0,0,20,2,22,0,0,26,2,28,4,16,20,48
01/04/2018,SPG,FL,ASO,ES,Federal Contract Tower,0,0,10,0,10,0,1,107,2,110,0,1,117,2,120,62,0,62,182
01/05/2018,SPG,FL,ASO,ES,Federal Contract Tower,0,0,6,0,6,0,1,93,0,94,0,1,99,0,100,126,0,126,226
01/06/2018,SPG,FL,ASO,ES,Federal Contract Tower,0,0,10,0,10,0,0,129,0,129,0,0,139,0,139,98,0,98,237
01/07/2018,SPG,FL,ASO,ES,Federal Contract Tower,0,0,13,0,13,0,8,97,0,105,0,8,110,0,118,34,0,34,152
01/08/2018,SPG,FL,ASO,ES,Federal Contract Tower,0,0,9,0,9,0,12,79,2,93,0,12,88,2,102,90,6,96,198
01/09/2018,SPG,FL,ASO,ES,Federal Contract Tower,0,0,10,0,10,0,4,79,2,85,0,4,89,2,95,78,0,78,173
01/10/2018,SPG,FL,ASO,ES,Federal Contract Tower,0,0,11,0,11,0,8,79,0,87,0,8,90,0,98,42,2,44,142
01/11/2018,SPG,FL,ASO,ES,Federal Contract Tower,0,0,8,0,8,0,0,48,2,50,0,0,56,2,58,50,6,56,114
01/12/2018,SPG,FL,ASO,ES,Federal Contract Tower,0,0,4,0,4,0,0,23,0,23,0,0,27,0,27,6,0,6,33
01/13/2018,SPG,FL,ASO,ES,Federal Contract Tower,0,0,15,0,15,0,0,56,0,56,0,0,71,0,71,34,0,34,105
01/14/2018,SPG,FL,ASO,ES,Federal Contract Tower,0,0,12,0,12,0,0,102,0,102,0,0,114,0,114,76,0,76,190
01/15/2018,SPG,FL,ASO,ES,Federal Contract Tower,0,0,11,0,11,0,4,118,0,122,0,4,129,0,133,90,0,90,223
01/16/2018,SPG,FL,ASO,ES,Federal Contract Tower,0,0,12,0,12,0,4,99,0,103,0,4,111,0,115,130,0,130,245
01/17/2018,SPG,FL,ASO,ES,Federal Contract Tower,0,0,5,0,5,0,0,69,0,69,0,0,74,0,74,114,0,114,188
01/18/2018,SPG,FL,ASO,ES,Federal Contract Tower,0,0,8,0,8,0,19,106,2,127,0,19,114,2,135,92,16,108,243
01/19/2018,SPG,FL,ASO,ES,Federal Contract Tower,0,0,10,0,10,0,0,125,0,125,0,0,135,0,135,86,0,86,221
01/20/2018,SPG,FL,ASO,ES,Federal Contract Tower,0,0,9,0,9,0,0,128,0,128,0,0,137,0,137,102,0,102,239
01/21/2018,SPG,FL,ASO,ES,Federal Contract Tower,0,0,21,0,21,0,0,129,0,129,0,0,150,0,150,102,0,102,252
01/22/2018,SPG,FL,ASO,ES,Federal Contract Tower,0,0,7,0,7,0,8,78,0,86,0,8,85,0,93,60,0,60,153
01/23/2018,SPG,FL,ASO,ES,Federal Contract Tower,0,0,8,1,9,0,0,37,2,39,0,0,45,3,48,40,2,42,90
01/24/2018,SPG,FL,ASO,ES,Federal Contract Tower,0,0,12,0,12,0,7,100,1,108,0,7,112,1,120,110,0,110,230
01/25/2018,SPG,FL,ASO,ES,Federal Contract Tower,0,0,2,0,2,0,10,96,0,106,0,10,98,0,108,100,0,100,208
01/26/2018,SPG,FL,ASO,ES,Federal Contract Tower,0,0,8,0,8,0,0,99,0,99,0,0,107,0,107,72,0,72,179
01/27/2018,SPG,FL,ASO,ES,Federal Contract Tower,0,0,16,0,16,0,0,87,0,87,0,0,103,0,103,102,0,102,205
01/28/2018,SPG,FL,ASO,ES,Federal Contract Tower,0,0,11,0,11,0,0,45,2,47,0,0,56,2,58,40,18,58,116
01/29/2018,SPG,FL,ASO,ES,Federal Contract Tower,0,0,12,0,12,0,2,22,0,24,0,2,34,0,36,0,0,0,36
01/30/2018,SPG,FL,ASO,ES,Federal Contract Tower,0,0,9,0,9,0,0,73,0,73,0,0,82,0,82,118,0,118,200
01/31/2018,SPG,FL,ASO,ES,Federal Contract Tower,0,0,5,0,5,0,0,82,0,82,0,0,87,0,87,58,0,58,145
02/01/2018,SPG,FL,ASO,ES,Federal Contract Tower,0,0,8,0,8,0,8,120,0,128,0,8,128,0,136,122,4,126,262
02/02/2018,SPG,FL,ASO,ES,Federal Contract Tower,0,0,20,0,20,0,0,153,0,153,0,0,173,0,173,168,0,168,341
02/03/2018,SPG,FL,ASO,ES,Federal Contract Tower,0,0,17,0,17,0,0,105,0,105,0,0,122,0,122,188,0,188,310
02/04/2018,SPG,FL,ASO,ES,Federal Contract Tower,0,0,5,0,5,0,0,35,0,35,0,0,40,0,40,30,0,30,70
02/05/2018,SPG,FL,ASO,ES,Federal Contract Tower,0,0,10,0,10,0,4,59,2,65,0,4,69,2,75,74,0,74,149
02/06/2018,SPG,FL,ASO,ES,Federal Contract Tower,0,0,17,0,17,0,14,87,0,101,0,14,104,0,118,198,0,198,316
02/07/2018,SPG,FL,ASO,ES,Federal Contract Tower,0,0,12,0,12,0,8,103,2,113,0,8,115,2,125,82,16,98,223
02/08/2018,SPG,FL,ASO,ES,Federal Contract Tower,0,0,10,0,10,0,0,69,2,71,0,0,79,2,81,82,16,98,179
02/09/2018,SPG,FL,ASO,ES,Federal Contract Tower,0,0,15,0,15,0,0,89,0,89,0,0,104,0,104,100,0,100,204
02/10/2018,SPG,FL,ASO,ES,Federal Contract Tower,0,0,12,0,12,0,0,122,0,122,0,0,134,0,134,86,0,86,220
02/11/2018,SPG,FL,ASO,ES,Federal Contract Tower,0,0,25,0,25,0,0,94,0,94,0,0,119,0,119,80,0,80,199
02/12/2018,SPG,FL,ASO,ES,Federal Contract Tower,0,0,13,0,13,0,0,91,2,93,0,0,104,2,106,76,32,108,214
02/13/2018,SPG,FL,ASO,ES,Federal Contract Tower,0,0,24,0,24,0,0,78,2,80,0,0,102,2,104,146,16,162,266
02/14/2018,SPG,FL,ASO,ES,Federal Contract Tower,0,0,10,0,10,0,0,68,0,68,0,0,78,0,78,90,0,90,168
02/15/2018,SPG,FL,ASO,ES,Federal Contract Tower,0,0,17,0,17,0,4,95,0,99,0,4,112,0,116,100,0,100,216
02/16/2018,SPG,FL,ASO,ES,Federal Contract Tower,0,0,19,0,19,0,0,120,0,120,0,0,139,0,139,48,0,48,187
02/17/2018,SPG,FL,ASO,ES,Federal Contract Tower,0,0,16,0,16,0,0,136,0,136,0,0,152,0,152,68,0,68,220
02/18/2018,SPG,FL,ASO,ES,Federal Contract Tower,0,0,14,0,14,0,6,140,0,146,0,6,154,0,160,128,0,128,288
02/19/2018,SPG,FL,ASO,ES,Federal Contract Tower,0,0,15,0,15,0,8,110,0,118,0,8,125,0,133,90,0,90,223
02/20/2018,SPG,FL,ASO,ES,Federal Contract Tower,0,0,11,0,11,0,4,118,0,122,0,4,129,0,133,72,0,72,205
02/21/2018,SPG,FL,ASO,ES,Federal Contract Tower,0,0,13,0,13,0,8,117,2,127,0,8,130,2,140,44,4,48,188
02/22/2018,SPG,FL,ASO,ES,Federal Contract Tower,0,0,24,0,24,0,8,136,0,144,0,8,160,0,168,208,20,228,396
02/23/2018,SPG,FL,ASO,ES,Federal Contract Tower,0,0,16,0,16,0,0,140,0,140,0,0,156,0,156,96,0,96,252
02/24/2018,SPG,FL,ASO,ES,Federal Contract Tower,0,0,20,0,20,0,0,161,0,161,0,0,181,0,181,128,0,128,309
02/25/2018,SPG,FL,ASO,ES,Federal Contract Tower,0,0,22,0,22,0,0,137,0,137,0,0,159,0,159,24,0,24,183
02/26/2018,SPG,FL,ASO,ES,Federal Contract Tower,0,0,7,0,7,0,2,121,2,125,0,2,128,2,132,114,0,114,246
02/27/2018,SPG,FL,ASO,ES,Federal Contract Tower,0,0,9,0,9,0,12,79,0,91,0,12,88,0,100,92,0,92,192
02/28/2018,SPG,FL,ASO,ES,Federal Contract Tower,0,0,20,0,20,0,2,111,0,113,0,2,131,0,133,100,0,100,233
03/01/2018,SPG,FL,ASO,ES,Federal Contract Tower,0,0,10,0,10,0,7,101,7,115,0,7,111,7,125,26,48,74,199
03/02/2018,SPG,FL,ASO,ES,Federal Contract Tower,0,0,15,2,17,0,0,100,2,102,0,0,115,4,119,172,0,172,291
03/03/2018,SPG,FL,ASO,ES,Federal Contract Tower,0,0,18,0,18,0,0,105,2,107,0,0,123,2,125,82,0,82,207
03/04/2018,SPG,FL,ASO,ES,Federal Contract Tower,0,0,13,0,13,0,4,116,0,120,0,4,129,0,133,40,2,42,175
03/05/2018,SPG,FL,ASO,ES,Federal Contract Tower,0,0,5,0,5,0,12,78,0,90,0,12,83,0,95,108,0,108,203
03/06/2018,SPG,FL,ASO,ES,Federal Contract Tower,0,2,1,0,3,0,0,107,0,107,0,2,108,0,110,112,0,112,222
03/07/2018,SPG,FL,ASO,ES,Federal Contract Tower,0,0,11,0,11,0,0,62,0,62,0,0,73,0,73,66,0,66,139
03/08/2018,SPG,FL,ASO,ES,Federal Contract Tower,0,0,14,0,14,0,8,129,0,137,0,8,143,0,151,62,0,62,213
03/09/2018,SPG,FL,ASO,ES,Federal Contract Tower,0,0,17,0,17,0,0,116,0,116,0,0,133,0,133,114,0,114,247
03/10/2018,SPG,FL,ASO,ES,Federal Contract Tower,0,0,6,0,6,0,0,93,0,93,0,0,99,0,99,78,0,78,177
03/11/2018,SPG,FL,ASO,ES,Federal Contract Tower,0,0,20,0,20,0,0,127,4,131,0,0,147,4,151,58,2,60,211
03/12/2018,SPG,FL,ASO,ES,Federal Contract Tower,0,0,12,0,12,0,2,39,0,41,0,2,51,0,53,16,0,16,69
03/13/2018,SPG,FL,ASO,ES,Federal Contract Tower,0,0,3,0,3,0,6,103,0,109,0,6,106,0,112,116,0,116,228
03/14/2018,SPG,FL,ASO,ES,Federal Contract Tower,0,0,12,0,12,0,5,111,0,116,0,5,123,0,128,56,0,56,184
03/15/2018,SPG,FL,ASO,ES,Federal Contract Tower,0,0,17,0,17,0,0,134,0,134,0,0,151,0,151,146,0,146,297
03/16/2018,SPG,FL,ASO,ES,Federal Contract Tower,0,0,15,0,15,0,0,125,7,132,0,0,140,7,147,212,12,224,371
03/17/2018,SPG,FL,ASO,ES,Federal Contract Tower,0,0,6,2,8,0,0,116,0,116,0,0,122,2,124,124,2,126,250
03/18/2018,SPG,FL,ASO,ES,Federal Contract Tower,0,0,16,0,16,0,0,127,0,127,0,0,143,0,143,118,0,118,261
03/19/2018,SPG,FL,ASO,ES,Federal Contract Tower,0,0,9,0,9,0,0,58,0,58,0,0,67,0,67,58,0,58,125
03/20/2018,SPG,FL,ASO,ES,Federal Contract Tower,0,0,2,0,2,0,2,12,0,14,0,2,14,0,16,0,0,0,16
03/21/2018,SPG,FL,ASO,ES,Federal Contract Tower,0,0,13,0,13,0,0,89,0,89,0,0,102,0,102,62,0,62,164
03/22/2018,SPG,FL,ASO,ES,Federal Contract Tower,0,0,8,0,8,0,6,141,0,147,0,6,149,0,155,86,0,86,241
03/23/2018,SPG,FL,ASO,ES,Federal Contract Tower,0,0,11,0,11,0,0,102,0,102,0,0,113,0,113,92,0,92,205
03/24/2018,SPG,FL,ASO,ES,Federal Contract Tower,0,0,14,0,14,0,0,171,0,171,0,0,185,0,185,120,0,120,305
03/25/2018,SPG,FL,ASO,ES,Federal Contract Tower,0,0,18,0,18,0,0,118,0,118,0,0,136,0,136,52,0,52,188
03/26/2018,SPG,FL,ASO,ES,Federal Contract Tower,0,0,13,0,13,0,4,73,2,79,0,4,86,2,92,38,18,56,148
03/27/2018,SPG,FL,ASO,ES,Federal Contract Tower,0,0,7,2,9,0,2,112,0,114,0,2,119,2,123,102,0,102,225
03/28/2018,SPG,FL,ASO,ES,Federal Contract Tower,0,0,17,0,17,0,0,126,0,126,0,0,143,0,143,90,0,90,233
03/29/2018,SPG,FL,ASO,ES,Federal Contract Tower,0,0,15,0,15,0,2,114,2,118,0,2,129,2,133,76,6,82,215
03/30/2018,SPG,FL,ASO,ES,Federal Contract Tower,0,0,20,0,20,0,0,132,0,132,0,0,152,0,152,72,0,72,224
03/31/2018,SPG,FL,ASO,ES,Federal Contract Tower,0,0,22,0,22,0,0,85,0,85,0,0,107,0,107,68,0,68,175
04/01/2018,SPG,FL,ASO,ES,Federal Contract Tower,0,0,13,0,13,0,4,87,0,91,0,4,100,0,104,80,0,80,184
04/02/2018,SPG,FL,ASO,ES,Federal Contract Tower,0,0,15,0,15,0,0,94,0,94,0,0,109,0,109,118,0,118,227
04/03/2018,SPG,FL,ASO,ES,Federal Contract Tower,0,0,11,0,11,0,5,92,2,99,0,5,103,2,110,74,10,84,194
04/04/2018,SPG,FL,ASO,ES,Federal Contract Tower,0,0,13,0,13,0,10,100,0,110,0,10,113,0,123,110,0,110,233
04/05/2018,SPG,FL,ASO,ES,Federal Contract Tower,0,0,17,0,17,0,4,124,0,128,0,4,141,0,145,118,0,118,263
04/06/2018,SPG,FL,ASO,ES,Federal Contract Tower,0,0,9,0,9,0,0,108,0,108,0,0,117,0,117,84,0,84,201
04/07/2018,SPG,FL,ASO,ES,Federal Contract Tower,0,0,9,0,9,0,0,42,0,42,0,0,51,0,51,44,0,44,95
04/08/2018,SPG,FL,ASO,ES,Federal Contract Tower,0,0,20,0,20,0,2,85,0,87,0,2,105,0,107,18,0,18,125
04/09/2018,SPG,FL,ASO,ES,Federal Contract Tower,0,0,24,0,24,0,7,103,2,112,0,7,127,2,136,36,22,58,194
04/10/2018,SPG,FL,ASO,ES,Federal Contract Tower,0,0,14,0,14,0,0,12,0,12,0,0,26,0,26,0,0,0,26
04/11/2018,SPG,FL,ASO,ES,Federal Contract Tower,0,0,16,0,16,0,8,103,0,111,0,8,119,0,127,66,0,66,193
04/12/2018,SPG,FL,ASO,ES,Federal Contract Tower,0,0,18,2,20,0,2,126,0,128,0,2,144,2,148,124,0,124,272
04/13/2018,SPG,FL,ASO,ES,Federal Contract Tower,0,0,10,0,10,0,0,100,0,100,0,0,110,0,110,132,2,134,244
04/14/2018,SPG,FL,ASO,ES,Federal Contract Tower,0,0,22,0,22,0,0,110,0,110,0,0,132,0,132,54,0,54,186
04/15/2018,SPG,FL,ASO,ES,Federal Contract Tower,0,0,5,0,5,0,2,10,0,12,0,2,15,0,17,28,0,28,45
04/16/2018,SPG,FL,ASO,ES,Federal Contract Tower,0,0,6,0,6,0,8,32,0,40,0,8,38,0,46,0,0,0,46
04/17/2018,SPG,FL,ASO,ES,Federal Contract Tower,0,0,10,0,10,0,8,107,0,115,0,8,117,0,125,110,16,126,251
04/18/2018,SPG,FL,ASO,ES,Federal Contract Tower,0,0,14,0,14,0,6,130,4,140,0,6,144,4,154,94,0,94,248
04/19/2018,SPG,FL,ASO,ES,Federal Contract Tower,0,0,6,0,6,0,8,121,0,129,0,8,127,0,135,50,0,50,185
04/20/2018,SPG,FL,ASO,ES,Federal Contract Tower,0,0,12,0,12,0,0,102,4,106,0,0,114,4,118,170,0,170,288
04/21/2018,SPG,FL,ASO,ES,Federal Contract Tower,0,0,10,2,12,0,0,109,0,109,0,0,119,2,121,114,0,114,235
04/22/2018,SPG,FL,ASO,ES,Federal Contract Tower,0,0,12,0,12,0,4,64,0,68,0,4,76,0,80,64,0,64,144
04/23/2018,SPG,FL,ASO,ES,Federal Contract Tower,0,0,5,0,5,0,8,46,0,54,0,8,51,0,59,64,0,64,123
04/24/2018,SPG,FL,ASO,ES,Federal Contract Tower,0,0,6,0,6,0,7,82,0,89,0,7,88,0,95,122,0,122,217
04/25/2018,SPG,FL,ASO,ES,Federal Contract Tower,0,0,17,2,19,0,0,89,3,92,0,0,106,5,111,110,0,110,221
04/26/2018,SPG,FL,ASO,ES,Federal Contract Tower,0,0,9,2,11,0,0,151,2,153,0,0,160,4,164,54,4,58,222
04/27/2018,SPG,FL,ASO,ES,Federal Contract Tower,0,0,10,0,10,0,0,125,2,127,0,0,135,2,137,56,0,56,193
04/28/2018,SPG,FL,ASO,ES,Federal Contract Tower,0,0,11,0,11,0,0,164,0,164,0,0,175,0,175,128,0,128,303
04/29/2018,SPG,FL,ASO,ES,Federal Contract Tower,0,0,10,0,10,0,0,113,0,113,0,0,123,0,123,130,0,130,253
04/30/2018,SPG,FL,ASO,ES,Federal Contract Tower,0,0,7,0,7,0,10,108,0,118,0,10,115,0,125,126,0,126,251
05/01/2018,SPG,FL,ASO,ES,Federal Contract Tower,0,0,8,0,8,0,4,95,0,99,0,4,103,0,107,186,0,186,293
05/02/2018,SPG,FL,ASO,ES,Federal Contract Tower,0,0,11,0,11,0,11,111,2,124,0,11,122,2,135,170,0,170,305
05/03/2018,SPG,FL,ASO,ES,Federal Contract Tower,0,0,13,0,13,0,0,123,2,125,0,0,136,2,138,80,0,80,218
05/04/2018,SPG,FL,ASO,ES,Federal Contract Tower,0,0,10,0,10,0,0,101,0,101,0,0,111,0,111,52,0,52,163
05/05/2018,SPG,FL,ASO,ES,Federal Contract Tower,0,0,16,0,16,0,0,54,0,54,0,0,70,0,70,52,0,52,122
05/06/2018,SPG,FL,ASO,ES,Federal Contract Tower,0,0,17,0,17,0,2,35,0,37,0,2,52,0,54,44,0,44,98
05/07/2018,SPG,FL,ASO,ES,Federal Contract Tower,0,0,9,0,9,0,0,74,0,74,0,0,83,0,83,116,0,116,199
05/08/2018,SPG,FL,ASO,ES,Federal Contract Tower,0,0,5,0,5,0,8,99,2,109,0,8,104,2,114,114,2,116,230
05/09/2018,SPG,FL,ASO,ES,Federal Contract Tower,0,0,17,0,17,0,6,93,0,99,0,6,110,0,116,62,0,62,178
05/10/2018,SPG,FL,ASO,ES,Federal Contract Tower,0,0,12,0,12,0,6,111,0,117,0,6,123,0,129,124,0,124,253
05/11/2018,SPG,FL,ASO,ES,Federal Contract Tower,0,0,9,2,11,0,0,101,2,103,0,0,110,4,114,122,8,130,244
05/12/2018,SPG,FL,ASO,ES,Federal Contract Tower,0,0,21,0,21,0,0,103,0,103,0,0,124,0,124,158,0,158,282
05/13/2018,SPG,FL,ASO,ES,Federal Contract Tower,0,0,6,0,6,0,0,46,0,46,0,0,52,0,52,86,0,86,138
05/14/2018,SPG,FL,ASO,ES,Federal Contract Tower,0,0,6,0,6,0,0,1,0,1,0,0,7,0,7,0,0,0,7
05/15/2018,SPG,FL,ASO,ES,Federal Contract Tower,0,0,10,0,10,0,0,46,0,46,0,0,56,0,56,74,2,76,132
05/16/2018,SPG,FL,ASO,ES,Federal Contract Tower,0,0,3,0,3,0,11,77,0,88,0,11,80,0,91,98,0,98,189
05/17/2018,SPG,FL,ASO,ES,Federal Contract Tower,0,0,12,0,12,0,6,50,2,58,0,6,62,2,70,70,20,90,160
05/18/2018,SPG,FL,ASO,ES,Federal Contract Tower,0,0,3,0,3,0,0,92,1,93,0,0,95,1,96,106,0,106,202
05/19/2018,SPG,FL,ASO,ES,Federal Contract Tower,0,0,6,0,6,0,0,55,0,55,0,0,61,0,61,114,0,114,175
05/20/2018,SPG,FL,ASO,ES,Federal Contract Tower,0,0,11,0,11,0,0,0,0,0,0,0,11,0,11,0,0,0,11
05/21/2018,SPG,FL,ASO,ES,Federal Contract Tower,0,0,17,0,17,0,0,40,0,40,0,0,57,0,57,108,0,108,165
05/22/2018,SPG,FL,ASO,ES,Federal Contract Tower,0,0,9,0,9,0,1,50,0,51,0,1,59,0,60,82,0,82,142
05/23/2018,SPG,FL,ASO,ES,Federal Contract Tower,0,0,16,0,16,0,6,103,0,109,0,6,119,0,125,108,0,108,233
05/24/2018,SPG,FL,ASO,ES,Federal Contract Tower,0,0,17,0,17,0,2,93,0,95,0,2,110,0,112,94,0,94,206
05/25/2018,SPG,FL,ASO,ES,Federal Contract Tower,0,0,12,0,12,0,0,55,0,55,0,0,67,0,67,86,0,86,153
05/26/2018,SPG,FL,ASO,ES,Federal Contract Tower,0,0,6,0,6,0,0,15,0,15,0,0,21,0,21,72,0,72,93
05/27/2018,SPG,FL,ASO,ES,Federal Contract Tower,0,0,5,0,5,0,0,3,0,3,0,0,8,0,8,0,0,0,8
05/28/2018,SPG,FL,ASO,ES,Federal Contract Tower,0,0,10,0,10,0,0,9,0,9,0,0,19,0,19,16,0,16,35
05/29/2018,SPG,FL,ASO,ES,Federal Contract Tower,0,0,14,0,14,0,0,45,0,45,0,0,59,0,59,46,0,46,105
05/30/2018,SPG,FL,ASO,ES,Federal Contract Tower,0,0,12,0,12,0,4,18,0,22,0,4,30,0,34,4,0,4,38
05/31/2018,SPG,FL,ASO,ES,Federal Contract Tower,0,0,13,0,13,0,8,107,0,115,0,8,120,0,128,34,0,34,162
06/01/2018,SPG,FL,ASO,ES,Federal Contract Tower,0,0,9,2,11,0,1,84,0,85,0,1,93,2,96,110,0,110,206
06/02/2018,SPG,FL,ASO,ES,Federal Contract Tower,0,0,21,0,21,0,0,123,0,123,0,0,144,0,144,104,0,104,248
06/03/2018,SPG,FL,ASO,ES,Federal Contract Tower,0,0,20,0,20,0,2,98,0,100,0,2,118,0,120,44,0,44,164
06/04/2018,SPG,FL,ASO,ES,Federal Contract Tower,0,0,7,0,7,0,0,65,0,65,0,0,72,0,72,72,0,72,144
06/05/2018,SPG,FL,ASO,ES,Federal Contract Tower,0,1,18,0,19,0,0,104,0,104,0,1,122,0,123,86,0,86,209
06/06/2018,SPG,FL,ASO,ES,Federal Contract Tower,0,0,7,0,7,0,4,78,0,82,0,4,85,0,89,40,0,40,129
06/07/2018,SPG,FL,ASO,ES,Federal Contract Tower,0,0,15,0,15,0,6,117,0,123,0,6,132,0,138,70,0,70,208
06/08/2018,SPG,FL,ASO,ES,Federal Contract Tower,0,0,14,0,14,0,0,88,2,90,0,0,102,2,104,88,22,110,214
06/09/2018,SPG,FL,ASO,ES,Federal Contract Tower,0,0,19,0,19,0,0,104,0,104,0,0,123,0,123,160,0,160,283
06/10/2018,SPG,FL,ASO,ES,Federal Contract Tower,0,0,10,0,10,0,0,98,0,98,0,0,108,0,108,124,0,124,232
06/11/2018,SPG,FL,ASO,ES,Federal Contract Tower,0,0,10,0,10,0,8,92,0,100,0,8,102,0,110,4,0,4,114
06/12/2018,SPG,FL,ASO,ES,Federal Contract Tower,0,0,11,0,11,0,0,83,3,86,0,0,94,3,97,50,2,52,149
06/13/2018,SPG,FL,ASO,ES,Federal Contract Tower,0,0,11,0,11,0,16,98,0,114,0,16,109,0,125,106,0,106,231
06/14/2018,SPG,FL,ASO,ES,Federal Contract Tower,0,0,10,0,10,0,10,143,0,153,0,10,153,0,163,110,2,112,275
06/15/2018,SPG,FL,ASO,ES,Federal Contract Tower,0,0,10,0,10,0,0,133,2,135,0,0,143,2,145,108,4,112,257
06/16/2018,SPG,FL,ASO,ES,Federal Contract Tower,0,0,19,0,19,0,0,140,0,140,0,0,159,0,159,102,0,102,261
06/17/2018,SPG,FL,ASO,ES,Federal Contract Tower,0,2,11,0,13,0,10,141,0,151,0,12,152,0,164,78,0,78,242
06/18/2018,SPG,FL,ASO,ES,Federal Contract Tower,0,0,12,0,12,0,12,111,0,123,0,12,123,0,135,126,0,126,261
06/19/2018,SPG,FL,ASO,ES,Federal Contract Tower,0,0,2,0,2,0,8,116,2,126,0,8,118,2,128,194,8,202,330
06/20/2018,SPG,FL,ASO,ES,Federal Contract Tower,0,0,5,0,5,0,12,92,4,108,0,12,97,4,113,126,12,138,251
06/21/2018,SPG,FL,ASO,ES,Federal Contract Tower,0,0,8,0,8,0,12,105,0,117,0,12,113,0,125,92,2,94,219
06/22/2018,SPG,FL,ASO,ES,Federal Contract Tower,0,0,12,0,12,0,0,107,2,109,0,0,119,2,121,92,26,118,239
06/23/2018,SPG,FL,ASO,ES,Federal Contract Tower,0,0,12,0,12,0,0,145,0,145,0,0,157,0,157,96,0,96,253
06/24/2018,SPG,FL,ASO,ES,Federal Contract Tower,0,0,15,0,15,0,1,88,0,89,0,1,103,0,104,92,0,92,196
06/25/2018,SPG,FL,ASO,ES,Federal Contract Tower,0,4,7,0,11,0,8,101,0,109,0,12,108,0,120,88,0,88,208
06/26/2018,SPG,FL,ASO,ES,Federal Contract Tower,0,0,12,0,12,0,10,126,0,136,0,10,138,0,148,104,0,104,252
06/27/2018,SPG,FL,ASO,ES,Federal Contract Tower,0,0,3,0,3,0,12,125,0,137,0,12,128,0,140,164,0,164,304
06/28/2018,SPG,FL,ASO,ES,Federal Contract Tower,0,0,12,0,12,0,16,108,0,124,0,16,120,0,136,114,0,114,250
06/29/2018,SPG,FL,ASO,ES,Federal Contract Tower,0,0,14,0,14,0,0,86,2,88,0,0,100,2,102,120,0,120,222
06/30/2018,SPG,FL,ASO,ES,Federal Contract Tower,0,0,13,0,13,0,0,34,0,34,0,0,47,0,47,26,0,26,73
07/01/2018,SPG,FL,ASO,ES,Federal Contract Tower,0,0,4,0,4,0,12,100,0,112,0,12,104,0,116,86,0,86,202
07/02/2018,SPG,FL,ASO,ES,Federal Contract Tower,0,0,12,0,12,0,2,98,2,102,0,2,110,2,114,112,14,126,240
07/03/2018,SPG,FL,ASO,ES,Federal Contract Tower,0,0,19,0,19,0,0,74,0,74,0,0,93,0,93,114,0,114,207
07/04/2018,SPG,FL,ASO,ES,Federal Contract Tower,0,0,11,0,11,0,0,106,0,106,0,0,117,0,117,148,0,148,265
07/05/2018,SPG,FL,ASO,ES,Federal Contract Tower,0,0,7,0,7,0,0,106,0,106,0,0,113,0,113,128,0,128,241
07/06/2018,SPG,FL,ASO,ES,Federal Contract Tower,0,0,5,0,5,0,0,124,2,126,0,0,129,2,131,166,6,172,303
07/07/2018,SPG,FL,ASO,ES,Federal Contract Tower,0,0,13,0,13,0,0,121,0,121,0,0,134,0,134,166,0,166,300
07/08/2018,SPG,FL,ASO,ES,Federal Contract Tower,0,0,11,0,11,0,2,118,0,120,0,2,129,0,131,118,0,118,249
07/09/2018,SPG,FL,ASO,ES,Federal Contract Tower,0,0,6,0,6,0,16,115,0,131,0,16,121,0,137,136,0,136,273
07/10/2018,SPG,FL,ASO,ES,Federal Contract Tower,0,0,12,0,12,0,10,109,2,121,0,10,121,2,133,140,12,152,285
07/11/2018,SPG,FL,ASO,ES,Federal Contract Tower,0,0,14,0,14,0,13,120,2,135,0,13,134,2,149,130,52,182,331
07/12/2018,SPG,FL,ASO,ES,Federal Contract Tower,0,0,18,0,18,0,12,134,2,148,0,12,152,2,166,116,26,142,308
07/13/2018,SPG,FL,ASO,ES,Federal Contract Tower,0,0,8,0,8,0,0,116,4,120,0,0,124,4,128,66,8,74,202
07/14/2018,SPG,FL,ASO,ES,Federal Contract Tower,0,0,23,0,23,0,0,125,0,125,0,0,148,0,148,158,0,158,306
07/15/2018,SPG,FL,ASO,ES,Federal Contract Tower,0,0,11,0,11,0,12,129,0,141,0,12,140,0,152,140,0,140,292
07/16/2018,SPG,FL,ASO,ES,Federal Contract Tower,0,0,6,0,6,0,14,123,2,139,0,14,129,2,145,128,2,130,275
07/17/2018,SPG,FL,ASO,ES,Federal Contract Tower,0,0,6,0,6,0,18,122,2,142,0,18,128,2,148,130,0,130,278
07/18/2018,SPG,FL,ASO,ES,Federal Contract Tower,0,0,0,0,0,0,12,131,0,143,0,12,131,0,143,114,2,116,259
07/19/2018,SPG,FL,ASO,ES,Federal Contract Tower,0,0,8,0,8,0,16,120,2,138,0,16,128,2,146,108,16,124,270
07/20/2018,SPG,FL,ASO,ES,Federal Contract Tower,0,0,7,0,7,0,0,46,4,50,0,0,53,4,57,44,12,56,113
07/21/2018,SPG,FL,ASO,ES,Federal Contract Tower,0,0,7,0,7,0,0,80,0,80,0,0,87,0,87,94,0,94,181
07/22/2018,SPG,FL,ASO,ES,Federal Contract Tower,0,0,14,0,14,0,11,118,0,129,0,11,132,0,143,112,0,112,255
07/23/2018,SPG,FL,ASO,ES,Federal Contract Tower,0,0,11,0,11,0,20,126,2,148,0,20,137,2,159,116,8,124,283
07/24/2018,SPG,FL,ASO,ES,Federal Contract Tower,0,0,9,0,9,0,18,127,0,145,0,18,136,0,154,130,0,130,284
07/25/2018,SPG,FL,ASO,ES,Federal Contract Tower,0,0,10,0,10,0,16,127,0,143,0,16,137,0,153,112,0,112,265
07/26/2018,SPG,FL,ASO,ES,Federal Contract Tower,0,0,12,0,12,0,13,130,6,149,0,13,142,6,161,80,50,130,291
07/27/2018,SPG,FL,ASO,ES,Federal Contract Tower,0,0,5,0,5,0,0,131,2,133,0,0,136,2,138,80,2,82,220
07/28/2018,SPG,FL,ASO,ES,Federal Contract Tower,0,0,12,0,12,0,0,151,0,151,0,0,163,0,163,124,0,124,287
07/29/2018,SPG,FL,ASO,ES,Federal Contract Tower,0,3,8,0,11,0,8,123,2,133,0,11,131,2,144,138,2,140,284
07/30/2018,SPG,FL,ASO,ES,Federal Contract Tower,0,0,10,0,10,0,14,90,2,106,0,14,100,2,116,126,4,130,246
07/31/2018,SPG,FL,ASO,ES,Federal Contract Tower,0,0,3,0,3,0,14,94,2,110,0,14,97,2,113,100,18,118,231
08/01/2018,SPG,FL,ASO,ES,Federal Contract Tower,0,0,10,0,10,0,16,113,0,129,0,16,123,0,139,128,0,128,267
08/02/2018,SPG,FL,ASO,ES,Federal Contract Tower,0,1,4,0,5,0,14,124,0,138,0,15,128,0,143,130,0,130,273
08/03/2018,SPG,FL,ASO,ES,Federal Contract Tower,0,0,11,2,13,0,0,118,0,118,0,0,129,2,131,180,0,180,311
08/04/2018,SPG,FL,ASO,ES,Federal Contract Tower,0,0,14,0,14,0,0,91,0,91,0,0,105,0,105,82,0,82,187
08/05/2018,SPG,FL,ASO,ES,Federal Contract Tower,0,0,12,0,12,0,10,125,0,135,0,10,137,0,147,146,0,146,293
08/06/2018,SPG,FL,ASO,ES,Federal Contract Tower,0,0,7,0,7,0,10,115,2,127,0,10,122,2,134,150,12,162,296
08/07/2018,SPG,FL,ASO,ES,Federal Contract Tower,0,0,7,0,7,0,18,134,0,152,0,18,141,0,159,154,0,154,313
08/08/2018,SPG,FL,ASO,ES,Federal Contract Tower,0,2,8,0,10,0,20,141,0,161,0,22,149,0,171,112,14,126,297
08/09/2018,SPG,FL,ASO,ES,Federal Contract Tower,0,0,11,0,11,0,23,140,0,163,0,23,151,0,174,142,0,142,316
08/10/2018,SPG,FL,ASO,ES,Federal Contract Tower,0,2,8,0,10,0,0,111,2,113,0,2,119,2,123,140,0,140,263
08/11/2018,SPG,FL,ASO,ES,Federal Contract Tower,0,0,9,0,9,0,0,60,0,60,0,0,69,0,69,38,0,38,107
08/12/2018,SPG,FL,ASO,ES,Federal Contract Tower,0,2,9,0,11,0,10,128,0,138,0,12,137,0,149,146,0,146,295
08/13/2018,SPG,FL,ASO,ES,Federal Contract Tower,0,0,11,0,11,0,17,131,2,150,0,17,142,2,161,132,6,138,299
08/14/2018,SPG,FL,ASO,ES,Federal Contract Tower,0,0,3,0,3,0,12,121,2,135,0,12,124,2,138,130,18,148,286
08/15/2018,SPG,FL,ASO,ES,Federal Contract Tower,0,0,20,0,20,0,18,135,0,153,0,18,155,0,173,104,0,104,277
08/16/2018,SPG,FL,ASO,ES,Federal Contract Tower,0,0,13,0,13,0,19,138,0,157,0,19,151,0,170,142,0,142,312
08/17/2018,SPG,FL,ASO,ES,Federal Contract Tower,0,0,11,1,12,0,0,117,0,117,0,0,128,1,129,118,0,118,247
08/18/2018,SPG,FL,ASO,ES,Federal Contract Tower,0,0,12,0,12,0,0,147,0,147,0,0,159,0,159,108,0,108,267
08/19/2018,SPG,FL,ASO,ES,Federal Contract Tower,0,0,17,0,17,0,12,132,0,144,0,12,149,0,161,138,0,138,299
08/20/2018,SPG,FL,ASO,ES,Federal Contract Tower,0,0,7,0,7,0,16,123,0,139,0,16,130,0,146,146,0,146,292
08/21/2018,SPG,FL,ASO,ES,Federal Contract Tower,0,0,14,0,14,0,0,101,0,101,0,0,115,0,115,166,2,168,283
08/22/2018,SPG,FL,ASO,ES,Federal Contract Tower,0,0,13,0,13,0,16,129,0,145,0,16,142,0,158,148,0,148,306
08/23/2018,SPG,FL,ASO,ES,Federal Contract Tower,0,0,6,0,6,0,0,108,0,108,0,0,114,0,114,48,0,48,162
08/24/2018,SPG,FL,ASO,ES,Federal Contract Tower,0,0,11,0,11,0,0,98,0,98,0,0,109,0,109,78,0,78,187
08/25/2018,SPG,FL,ASO,ES,Federal Contract Tower,0,0,13,0,13,0,0,84,0,84,0,0,97,0,97,104,0,104,201
08/26/2018,SPG,FL,ASO,ES,Federal Contract Tower,0,0,15,0,15,0,14,125,0,139,0,14,140,0,154,134,0,134,288
08/27/2018,SPG,FL,ASO,ES,Federal Contract Tower,0,0,8,0,8,0,12,115,0,127,0,12,123,0,135,140,0,140,275
08/28/2018,SPG,FL,ASO,ES,Federal Contract Tower,0,0,8,0,8,0,0,67,2,69,0,0,75,2,77,92,6,98,175
08/29/2018,SPG,FL,ASO,ES,Federal Contract Tower,0,0,10,0,10,0,16,123,0,139,0,16,133,0,149,102,0,102,251
08/30/2018,SPG,FL,ASO,ES,Federal Contract Tower,0,0,9,0,9,0,16,124,2,142,0,16,133,2,151,150,20,170,321
08/31/2018,SPG,FL,ASO,ES,Federal Contract Tower,0,0,10,0,10,0,0,101,0,101,0,0,111,0,111,96,0,96,207
09/01/2018,SPG,FL,ASO,ES,Federal Contract Tower,0,0,3,0,3,0,0,95,0,95,0,0,98,0,98,126,0,126,224
09/02/2018,SPG,FL,ASO,ES,Federal Contract Tower,0,0,11,0,11,0,16,108,0,124,0,16,119,0,135,98,0,98,233
09/03/2018,SPG,FL,ASO,ES,Federal Contract Tower,0,0,7,0,7,0,11,69,0,80,0,11,76,0,87,58,0,58,145
09/04/2018,SPG,FL,ASO,ES,Federal Contract Tower,0,0,5,0,5,0,0,69,2,71,0,0,74,2,76,94,38,132,208
09/05/2018,SPG,FL,ASO,ES,Federal Contract Tower,0,0,14,0,14,0,16,123,0,139,0,16,137,0,153,132,0,132,285
09/06/2018,SPG,FL,ASO,ES,Federal Contract Tower,0,0,2,0,2,0,10,122,4,136,0,10,124,4,138,142,38,180,318
09/07/2018,SPG,FL,ASO,ES,Federal Contract Tower,0,0,12,0,12,0,0,129,2,131,0,0,141,2,143,64,0,64,207
09/08/2018,SPG,FL,ASO,ES,Federal Contract Tower,0,0,9,0,9,0,0,148,0,148,0,0,157,0,157,116,0,116,273
09/09/2018,SPG,FL,ASO,ES,Federal Contract Tower,0,0,18,0,18,0,16,121,0,137,0,16,139,0,155,146,0,146,301
09/10/2018,SPG,FL,ASO,ES,Federal Contract Tower,0,0,14,0,14,0,20,115,0,135,0,20,129,0,149,132,0,132,281
09/11/2018,SPG,FL,ASO,ES,Federal Contract Tower,0,0,9,0,9,0,18,132,0,150,0,18,141,0,159,131,0,131,290
09/12/2018,SPG,FL,ASO,ES,Federal Contract Tower,0,0,11,0,11,0,18,131,2,151,0,18,142,2,162,148,8,156,318
09/13/2018,SPG,FL,ASO,ES,Federal Contract Tower,0,0,7,0,7,0,18,136,0,154,0,18,143,0,161,178,4,182,343
09/14/2018,SPG,FL,ASO,ES,Federal Contract Tower,0,0,9,0,9,0,0,110,0,110,0,0,119,0,119,110,0,110,229
09/15/2018,SPG,FL,ASO,ES,Federal Contract Tower,0,0,14,0,14,0,1,115,0,116,0,1,129,0,130,82,0,82,212
09/16/2018,SPG,FL,ASO,ES,Federal Contract Tower,0,0,14,0,14,0,16,126,0,142,0,16,140,0,156,118,0,118,274
09/17/2018,SPG,FL,ASO,ES,Federal Contract Tower,0,0,10,0,10,0,16,144,0,160,0,16,154,0,170,138,0,138,308
09/18/2018,SPG,FL,ASO,ES,Federal Contract Tower,0,0,9,0,9,0,14,142,2,158,0,14,151,2,167,124,12,136,303
09/19/2018,SPG,FL,ASO,ES,Federal Contract Tower,0,0,12,0,12,0,18,133,0,151,0,18,145,0,163,156,0,156,319
09/20/2018,SPG,FL,ASO,ES,Federal Contract Tower,0,0,10,0,10,0,14,140,0,154,0,14,150,0,164,148,0,148,312
09/21/2018,SPG,FL,ASO,ES,Federal Contract Tower,0,0,7,0,7,0,2,121,0,123,0,2,128,0,130,178,0,178,308
09/22/2018,SPG,FL,ASO,ES,Federal Contract Tower,0,0,12,0,12,0,0,133,0,133,0,0,145,0,145,154,0,154,299
09/23/2018,SPG,FL,ASO,ES,Federal Contract Tower,0,0,15,0,15,0,0,109,0,109,0,0,124,0,124,64,0,64,188
09/24/2018,SPG,FL,ASO,ES,Federal Contract Tower,0,0,12,0,12,0,2,100,0,102,0,2,112,0,114,56,0,56,170
09/25/2018,SPG,FL,ASO,ES,Federal Contract Tower,0,0,6,0,6,0,0,82,0,82,0,0,88,0,88,54,0,54,142
09/26/2018,SPG,FL,ASO,ES,Federal Contract Tower,0,0,6,0,6,0,0,124,0,124,0,0,130,0,130,132,0,132,262
09/27/2018,SPG,FL,ASO,ES,Federal Contract Tower,0,0,11,0,11,0,0,122,0,122,0,0,133,0,133,160,0,160,293
09/28/2018,SPG,FL,ASO,ES,Federal Contract Tower,0,0,14,0,14,0,0,137,0,137,0,0,151,0,151,178,0,178,329
09/29/2018,SPG,FL,ASO,ES,Federal Contract Tower,0,0,13,0,13,0,0,106,0,106,0,0,119,0,119,130,0,130,249
09/30/2018,SPG,FL,ASO,ES,Federal Contract Tower,0,0,14,0,14,0,14,132,0,146,0,14,146,0,160,152,0,152,312
10/01/2018,SPG,FL,ASO,ES,Federal Contract Tower,0,0,9,0,9,0,14,132,0,146,0,14,141,0,155,146,0,146,301
10/02/2018,SPG,FL,ASO,ES,Federal Contract Tower,0,0,6,0,6,0,16,134,2,152,0,16,140,2,158,134,10,144,302
10/03/2018,SPG,FL,ASO,ES,Federal Contract Tower,0,0,4,0,4,0,14,138,2,154,0,14,142,2,158,144,0,144,302
10/04/2018,SPG,FL,ASO,ES,Federal Contract Tower,0,0,9,3,12,0,14,131,0,145,0,14,140,3,157,188,2,190,347
10/05/2018,SPG,FL,ASO,ES,Federal Contract Tower,0,0,14,0,14,0,0,118,0,118,0,0,132,0,132,210,0,210,342
10/06/2018,SPG,FL,ASO,ES,Federal Contract Tower,0,0,11,0,11,0,0,122,0,122,0,0,133,0,133,180,0,180,313
10/07/2018,SPG,FL,ASO,ES,Federal Contract Tower,0,0,16,0,16,0,18,124,0,142,0,18,140,0,158,158,0,158,316
10/08/2018,SPG,FL,ASO,ES,Federal Contract Tower,0,0,11,0,11,0,24,122,0,146,0,24,133,0,157,102,0,102,259
10/09/2018,SPG,FL,ASO,ES,Federal Contract Tower,0,0,3,0,3,0,22,125,0,147,0,22,128,0,150,116,0,116,266
10/10/2018,SPG,FL,ASO,ES,Federal Contract Tower,0,0,5,0,5,0,1,3,0,4,0,1,8,0,9,0,0,0,9
10/11/2018,SPG,FL,ASO,ES,Federal Contract Tower,0,0,11,0,11,0,16,150,0,166,0,16,161,0,177,130,0,130,307
10/12/2018,SPG,FL,ASO,ES,Federal Contract Tower,0,0,11,0,11,0,0,113,0,113,0,0,124,0,124,204,0,204,328
10/13/2018,SPG,FL,ASO,ES,Federal Contract Tower,0,0,19,0,19,0,0,105,2,107,0,0,124,2,126,110,2,112,238
10/14/2018,SPG,FL,ASO,ES,Federal Contract Tower,0,0,22,0,22,0,16,139,0,155,0,16,161,0,177,154,0,154,331
10/15/2018,SPG,FL,ASO,ES,Federal Contract Tower,0,3,14,0,17,0,18,132,0,150,0,21,146,0,167,126,2,128,295
10/16/2018,SPG,FL,ASO,ES,Federal Contract Tower,0,0,15,0,15,0,14,133,0,147,0,14,148,0,162,146,0,146,308
10/17/2018,SPG,FL,ASO,ES,Federal Contract Tower,0,0,10,0,10,0,12,146,0,158,0,12,156,0,168,136,0,136,304
10/18/2018,SPG,FL,ASO,ES,Federal Contract Tower,0,0,22,0,22,0,18,140,2,160,0,18,162,2,182,156,12,168,350
10/19/2018,SPG,FL,ASO,ES,Federal Contract Tower,0,0,12,0,12,0,0,126,0,126,0,0,138,0,138,226,0,226,364
10/20/2018,SPG,FL,ASO,ES,Federal Contract Tower,0,0,16,0,16,0,0,128,0,128,0,0,144,0,144,104,0,104,248
10/21/2018,SPG,FL,ASO,ES,Federal Contract Tower,0,0,12,0,12,0,14,132,0,146,0,14,144,0,158,142,0,142,300
10/22/2018,SPG,FL,ASO,ES,Federal Contract Tower,0,0,9,0,9,0,18,127,0,145,0,18,136,0,154,154,0,154,308
10/23/2018,SPG,FL,ASO,ES,Federal Contract Tower,0,0,11,0,11,0,15,125,0,140,0,15,136,0,151,166,0,166,317
10/24/2018,SPG,FL,ASO,ES,Federal Contract Tower,0,0,10,0,10,0,18,134,2,154,0,18,144,2,164,124,16,140,304
10/25/2018,SPG,FL,ASO,ES,Federal Contract Tower,0,0,10,0,10,0,12,175,2,189,0,12,185,2,199,160,0,160,359
10/26/2018,SPG,FL,ASO,ES,Federal Contract Tower,0,0,11,0,11,0,0,54,2,56,0,0,65,2,67,34,20,54,121
10/27/2018,SPG,FL,ASO,ES,Federal Contract Tower,0,0,18,0,18,0,0,104,0,104,0,0,122,0,122,46,0,46,168
10/28/2018,SPG,FL,ASO,ES,Federal Contract Tower,0,0,17,0,17,0,14,150,0,164,0,14,167,0,181,152,0,152,333
10/29/2018,SPG,FL,ASO,ES,Federal Contract Tower,0,0,10,0,10,0,20,129,0,149,0,20,139,0,159,144,0,144,303
10/30/2018,SPG,FL,ASO,ES,Federal Contract Tower,0,0,14,0,14,0,18,131,4,153,0,18,145,4,167,130,30,160,327
10/31/2018,SPG,FL,ASO,ES,Federal Contract Tower,0,0,10,0,10,0,14,130,0,144,0,14,140,0,154,202,0,202,356
11/01/2018,SPG,FL,ASO,ES,Federal Contract Tower,0,0,8,0,8,0,16,133,0,149,0,16,141,0,157,194,2,196,353
11/02/2018,SPG,FL,ASO,ES,Federal Contract Tower,0,0,6,0,6,0,0,34,0,34,0,0,40,0,40,6,2,8,48
11/03/2018,SPG,FL,ASO,ES,Federal Contract Tower,0,0,14,0,14,0,0,121,0,121,0,0,135,0,135,80,0,80,215
11/04/2018,SPG,FL,ASO,ES,Federal Contract Tower,0,2,12,0,14,0,19,124,0,143,0,21,136,0,157,146,0,146,303
11/05/2018,SPG,FL,ASO,ES,Federal Contract Tower,0,0,9,0,9,0,20,141,0,161,0,20,150,0,170,172,0,172,342
11/06/2018,SPG,FL,ASO,ES,Federal Contract Tower,0,0,5,0,5,0,16,146,0,162,0,16,151,0,167,164,0,164,331
11/07/2018,SPG,FL,ASO,ES,Federal Contract Tower,0,0,13,0,13,0,16,117,0,133,0,16,130,0,146,168,0,168,314
11/08/2018,SPG,FL,ASO,ES,Federal Contract Tower,0,0,7,0,7,0,17,137,4,158,0,17,144,4,165,184,10,194,359
11/09/2018,SPG,FL,ASO,ES,Federal Contract Tower,0,0,13,0,13,0,0,146,0,146,0,0,159,0,159,146,0,146,305
11/10/2018,SPG,FL,ASO,ES,Federal Contract Tower,0,0,15,0,15,0,0,104,0,104,0,0,119,0,119,64,0,64,183
11/11/2018,SPG,FL,ASO,ES,Federal Contract Tower,0,0,13,0,13,0,12,120,0,132,0,12,133,0,145,226,0,226,371
11/12/2018,SPG,FL,ASO,ES,Federal Contract Tower,0,0,15,0,15,0,18,141,0,159,0,18,156,0,174,140,0,140,314
11/13/2018,SPG,FL,ASO,ES,Federal Contract Tower,0,0,8,0,8,0,8,128,0,136,0,8,136,0,144,170,0,170,314
11/14/2018,SPG,FL,ASO,ES,Federal Contract Tower,0,0,16,0,16,0,18,109,2,129,0,18,125,2,145,138,12,150,295
11/15/2018,SPG,FL,ASO,ES,Federal Contract Tower,0,0,22,0,22,0,17,88,0,105,0,17,110,0,127,108,0,108,235
11/16/2018,SPG,FL,ASO,ES,Federal Contract Tower,0,0,9,0,9,0,0,111,4,115,0,0,120,4,124,192,6,198,322
11/17/2018,SPG,FL,ASO,ES,Federal Contract Tower,0,0,28,0,28,0,0,116,0,116,0,0,144,0,144,194,0,194,338
11/18/2018,SPG,FL,ASO,ES,Federal Contract Tower,0,0,25,0,25,0,0,87,0,87,0,0,112,0,112,88,0,88,200
11/19/2018,SPG,FL,ASO,ES,Federal Contract Tower,0,0,17,0,17,0,0,116,0,116,0,0,133,0,133,216,0,216,349
11/20/2018,SPG,FL,ASO,ES,Federal Contract Tower,0,0,18,0,18,0,0,101,2,103,0,0,119,2,121,172,36,208,329
11/21/2018,SPG,FL,ASO,ES,Federal Contract Tower,0,1,15,0,16,0,0,96,0,96,0,1,111,0,112,224,0,224,336
11/22/2018,SPG,FL,ASO,ES,Federal Contract Tower,0,0,7,0,7,0,0,49,0,49,0,0,56,0,56,0,0,0,56
11/23/2018,SPG,FL,ASO,ES,Federal Contract Tower,0,0,12,0,12,0,0,131,0,131,0,0,143,0,143,94,0,94,237
11/24/2018,SPG,FL,ASO,ES,Federal Contract Tower,0,0,8,0,8,0,0,99,0,99,0,0,107,0,107,88,0,88,195
11/25/2018,SPG,FL,ASO,ES,Federal Contract Tower,0,0,13,0,13,0,12,137,0,149,0,12,150,0,162,142,0,142,304
11/26/2018,SPG,FL,ASO,ES,Federal Contract Tower,0,0,4,0,4,0,13,88,0,101,0,13,92,0,105,92,4,96,201
11/27/2018,SPG,FL,ASO,ES,Federal Contract Tower,0,0,4,0,4,0,14,129,4,147,0,14,133,4,151,102,54,156,307
11/28/2018,SPG,FL,ASO,ES,Federal Contract Tower,0,0,8,0,8,0,20,116,0,136,0,20,124,0,144,140,0,140,284
11/29/2018,SPG,FL,ASO,ES,Federal Contract Tower,0,0,18,0,18,0,16,137,0,153,0,16,155,0,171,142,4,146,317
11/30/2018,SPG,FL,ASO,ES,Federal Contract Tower,0,0,8,0,8,0,0,145,0,145,0,0,153,0,153,148,0,148,301
12/01/2018,SPG,FL,ASO,ES,Federal Contract Tower,0,0,11,2,13,0,0,70,0,70,0,0,81,2,83,50,2,52,135
12/02/2018,SPG,FL,ASO,ES,Federal Contract Tower,0,0,8,0,8,0,13,68,0,81,0,13,76,0,89,84,0,84,173
12/03/2018,SPG,FL,ASO,ES,Federal Contract Tower,0,0,12,0,12,0,1,32,0,33,0,1,44,0,45,8,0,8,53
12/04/2018,SPG,FL,ASO,ES,Federal Contract Tower,0,0,13,0,13,0,19,78,0,97,0,19,91,0,110,116,0,116,226
12/05/2018,SPG,FL,ASO,ES,Federal Contract Tower,0,0,8,0,8,0,15,129,0,144,0,15,137,0,152,138,0,138,290
12/06/2018,SPG,FL,ASO,ES,Federal Contract Tower,0,0,15,0,15,0,0,129,0,129,0,0,144,0,144,162,0,162,306
12/07/2018,SPG,FL,ASO,ES,Federal Contract Tower,0,0,9,0,9,0,0,143,2,145,0,0,152,2,154,138,22,160,314
12/08/2018,SPG,FL,ASO,ES,Federal Contract Tower,0,0,7,0,7,0,0,125,0,125,0,0,132,0,132,194,0,194,326
12/09/2018,SPG,FL,ASO,ES,Federal Contract Tower,0,0,9,0,9,0,0,32,0,32,0,0,41,0,41,0,0,0,41
12/10/2018,SPG,FL,ASO,ES,Federal Contract Tower,0,0,16,0,16,0,19,110,2,131,0,19,126,2,147,160,0,160,307
12/11/2018,SPG,FL,ASO,ES,Federal Contract Tower,0,0,19,0,19,0,20,135,0,155,0,20,154,0,174,128,0,128,302
12/12/2018,SPG,FL,ASO,ES,Federal Contract Tower,0,1,8,2,11,0,0,117,0,117,0,1,125,2,128,150,0,150,278
12/13/2018,SPG,FL,ASO,ES,Federal Contract Tower,0,0,11,0,11,0,20,134,2,156,0,20,145,2,167,164,4,168,335
12/14/2018,SPG,FL,ASO,ES,Federal Contract Tower,0,0,6,0,6,0,0,6,0,6,0,0,12,0,12,34,0,34,46
12/15/2018,SPG,FL,ASO,ES,Federal Contract Tower,0,0,22,0,22,0,0,40,0,40,0,0,62,0,62,34,0,34,96
12/16/2018,SPG,FL,ASO,ES,Federal Contract Tower,0,0,23,0,23,0,16,109,0,125,0,16,132,0,148,162,0,162,310
12/17/2018,SPG,FL,ASO,ES,Federal Contract Tower,0,0,19,1,20,0,14,115,10,139,0,14,134,11,159,160,40,200,359
12/18/2018,SPG,FL,ASO,ES,Federal Contract Tower,0,0,14,0,14,0,17,127,0,144,0,17,141,0,158,172,0,172,330
12/19/2018,SPG,FL,ASO,ES,Federal Contract Tower,0,0,15,0,15,0,0,44,0,44,0,0,59,0,59,76,0,76,135
12/20/2018,SPG,FL,ASO,ES,Federal Contract Tower,0,0,1,0,1,0,0,8,0,8,0,0,9,0,9,0,0,0,9
12/21/2018,SPG,FL,ASO,ES,Federal Contract Tower,0,0,2,0,2,0,0,11,0,11,0,0,13,0,13,0,0,0,13
12/22/2018,SPG,FL,ASO,ES,Federal Contract Tower,0,0,19,0,19,0,0,141,0,141,0,0,160,0,160,214,0,214,374
12/23/2018,SPG,FL,ASO,ES,Federal Contract Tower,0,0,11,0,11,0,14,121,0,135,0,14,132,0,146,126,0,126,272
12/24/2018,SPG,FL,ASO,ES,Federal Contract Tower,0,0,7,0,7,0,16,117,0,133,0,16,124,0,140,118,0,118,258
12/25/2018,SPG,FL,ASO,ES,Federal Contract Tower,0,0,3,0,3,0,17,114,0,131,0,17,117,0,134,122,0,122,256
12/26/2018,SPG,FL,ASO,ES,Federal Contract Tower,0,0,9,0,9,0,13,134,0,147,0,13,143,0,156,134,0,134,290
12/27/2018,SPG,FL,ASO,ES,Federal Contract Tower,0,0,13,0,13,0,18,130,0,148,0,18,143,0,161,148,0,148,309
12/28/2018,SPG,FL,ASO,ES,Federal Contract Tower,0,0,9,0,9,0,0,83,0,83,0,0,92,0,92,84,0,84,176
12/29/2018,SPG,FL,ASO,ES,Federal Contract Tower,0,0,21,0,21,0,0,115,0,115,0,0,136,0,136,82,0,82,218
12/30/2018,SPG,FL,ASO,ES,Federal Contract Tower,0,0,8,0,8,0,0,96,0,96,0,0,104,0,104,100,0,100,204
12/31/2018,SPG,FL,ASO,ES,Federal Contract Tower,0,0,15,0,15,0,17,133,0,150,0,17,148,0,165,158,0,158,323
01/01/2019,SPG,FL,ASO,ES,Federal Contract Tower,0,0,10,0,10,0,18,118,0,136,0,18,128,0,146,156,0,156,302
01/02/2019,SPG,FL,ASO,ES,Federal Contract Tower,0,0,13,0,13,0,16,135,2,153,0,16,148,2,166,154,16,170,336
01/03/2019,SPG,FL,ASO,ES,Federal Contract Tower,0,0,18,1,19,0,17,133,4,154,0,17,151,5,173,144,32,176,349
01/04/2019,SPG,FL,ASO,ES,Federal Contract Tower,0,0,12,0,12,0,0,15,0,15,0,0,27,0,27,36,0,36,63
01/05/2019,SPG,FL,ASO,ES,Federal Contract Tower,0,0,12,0,12,0,0,98,0,98,0,0,110,0,110,84,0,84,194
01/06/2019,SPG,FL,ASO,ES,Federal Contract Tower,0,0,9,0,9,0,2,142,0,144,0,2,151,0,153,152,0,152,305
01/07/2019,SPG,FL,ASO,ES,Federal Contract Tower,0,0,11,0,11,0,0,98,2,100,0,0,109,2,111,172,10,182,293
01/08/2019,SPG,FL,ASO,ES,Federal Contract Tower,0,0,15,2,17,0,0,113,0,113,0,0,128,2,130,134,10,144,274
01/09/2019,SPG,FL,ASO,ES,Federal Contract Tower,0,0,2,0,2,0,13,107,0,120,0,13,109,0,122,192,8,200,322
01/10/2019,SPG,FL,ASO,ES,Federal Contract Tower,0,0,11,0,11,0,19,143,0,162,0,19,154,0,173,150,0,150,323
01/11/2019,SPG,FL,ASO,ES,Federal Contract Tower,0,0,15,0,15,0,0,134,0,134,0,0,149,0,149,190,0,190,339
01/12/2019,SPG,FL,ASO,ES,Federal Contract Tower,0,0,10,0,10,0,0,119,0,119,0,0,129,0,129,200,0,200,329
01/13/2019,SPG,FL,ASO,ES,Federal Contract Tower,0,0,6,0,6,0,15,113,0,128,0,15,119,0,134,120,0,120,254
01/14/2019,SPG,FL,ASO,ES,Federal Contract Tower,0,2,13,0,15,0,12,158,2,172,0,14,171,2,187,270,4,274,461
01/15/2019,SPG,FL,ASO,ES,Federal Contract Tower,0,0,18,0,18,0,14,128,2,144,0,14,146,2,162,182,12,194,356
01/16/2019,SPG,FL,ASO,ES,Federal Contract Tower,0,0,21,0,21,0,14,128,4,146,0,14,149,4,167,164,10,174,341
01/17/2019,SPG,FL,ASO,ES,Federal Contract Tower,0,0,6,0,6,0,16,161,2,179,0,16,167,2,185,156,0,156,341
01/18/2019,SPG,FL,ASO,ES,Federal Contract Tower,0,0,10,0,10,0,0,132,0,132,0,0,142,0,142,108,0,108,250
01/19/2019,SPG,FL,ASO,ES,Federal Contract Tower,0,0,13,0,13,0,0,88,0,88,0,0,101,0,101,130,0,130,231
01/20/2019,SPG,FL,ASO,ES,Federal Contract Tower,0,0,5,0,5,0,8,14,0,22,0,8,19,0,27,2,0,2,29
01/21/2019,SPG,FL,ASO,ES,Federal Contract Tower,0,0,7,0,7,0,20,122,0,142,0,20,129,0,149,166,0,166,315
01/22/2019,SPG,FL,ASO,ES,Federal Contract Tower,0,0,8,0,8,0,0,90,0,90,0,0,98,0,98,198,0,198,296
01/23/2019,SPG,FL,ASO,ES,Federal Contract Tower,0,0,15,0,15,0,0,96,0,96,0,0,111,0,111,104,0,104,215
01/24/2019,SPG,FL,ASO,ES,Federal Contract Tower,0,0,9,0,9,0,0,74,0,74,0,0,83,0,83,86,0,86,169
01/25/2019,SPG,FL,ASO,ES,Federal Contract Tower,0,0,6,0,6,0,0,171,0,171,0,0,177,0,177,218,6,224,401
01/26/2019,SPG,FL,ASO,ES,Federal Contract Tower,0,0,22,0,22,0,0,147,0,147,0,0,169,0,169,148,0,148,317
01/27/2019,SPG,FL,ASO,ES,Federal Contract Tower,0,0,18,0,18,0,0,0,0,0,0,0,18,0,18,0,0,0,18
01/28/2019,SPG,FL,ASO,ES,Federal Contract Tower,0,0,4,0,4,0,17,116,4,137,0,17,120,4,141,192,8,200,341
01/29/2019,SPG,FL,ASO,ES,Federal Contract Tower,0,0,10,2,12,0,14,122,0,136,0,14,132,2,148,152,0,152,300
01/30/2019,SPG,FL,ASO,ES,Federal Contract Tower,0,0,24,0,24,0,18,141,0,159,0,18,165,0,183,142,0,142,325
01/31/2019,SPG,FL,ASO,ES,Federal Contract Tower,0,0,22,0,22,0,12,139,0,151,0,12,161,0,173,176,0,176,349
02/01/2019,SPG,FL,ASO,ES,Federal Contract Tower,0,0,9,0,9,0,0,93,2,95,0,0,102,2,104,120,12,132,236
02/02/2019,SPG,FL,ASO,ES,Federal Contract Tower,0,0,16,0,16,0,0,97,0,97,0,0,113,0,113,92,0,92,205
02/03/2019,SPG,FL,ASO,ES,Federal Contract Tower,0,0,16,0,16,0,0,0,0,0,0,0,16,0,16,0,0,0,16
02/04/2019,SPG,FL,ASO,ES,Federal Contract Tower,0,0,16,0,16,0,9,73,0,82,0,9,89,0,98,90,0,90,188
02/05/2019,SPG,FL,ASO,ES,Federal Contract Tower,0,0,12,0,12,0,16,115,2,133,0,16,127,2,145,206,0,206,351
02/06/2019,SPG,FL,ASO,ES,Federal Contract Tower,0,2,17,1,20,0,10,146,0,156,0,12,163,1,176,138,0,138,314
02/07/2019,SPG,FL,ASO,ES,Federal Contract Tower,0,0,6,0,6,0,18,159,0,177,0,18,165,0,183,136,0,136,319
02/08/2019,SPG,FL,ASO,ES,Federal Contract Tower,0,1,22,0,23,0,0,157,0,157,0,1,179,0,180,196,0,196,376
02/09/2019,SPG,FL,ASO,ES,Federal Contract Tower,0,0,12,0,12,0,0,121,0,121,0,0,133,0,133,144,0,144,277
02/10/2019,SPG,FL,ASO,ES,Federal Contract Tower,0,0,20,0,20,0,18,117,0,135,0,18,137,0,155,120,0,120,275
02/11/2019,SPG,FL,ASO,ES,Federal Contract Tower,0,0,12,0,12,0,18,116,4,138,0,18,128,4,150,108,54,162,312
02/12/2019,SPG,FL,ASO,ES,Federal Contract Tower,0,0,18,0,18,0,12,100,8,120,0,12,118,8,138,130,0,130,268
02/13/2019,SPG,FL,ASO,ES,Federal Contract Tower,0,0,22,0,22,0,0,24,2,26,0,0,46,2,48,60,0,60,108
02/14/2019,SPG,FL,ASO,ES,Federal Contract Tower,0,2,19,0,21,0,12,157,2,171,0,14,176,2,192,172,0,172,364
02/15/2019,SPG,FL,ASO,ES,Federal Contract Tower,0,0,26,0,26,0,0,183,2,185,0,0,209,2,211,188,12,200,411
02/16/2019,SPG,FL,ASO,ES,Federal Contract Tower,0,0,21,0,21,0,0,147,0,147,0,0,168,0,168,106,0,106,274
02/17/2019,SPG,FL,ASO,ES,Federal Contract Tower,0,0,24,0,24,0,5,112,0,117,0,5,136,0,141,116,0,116,257
02/18/2019,SPG,FL,ASO,ES,Federal Contract Tower,0,0,16,0,16,0,20,115,0,135,0,20,131,0,151,142,0,142,293
02/19/2019,SPG,FL,ASO,ES,Federal Contract Tower,0,0,10,0,10,0,0,89,0,89,0,0,99,0,99,184,0,184,283
02/20/2019,SPG,FL,ASO,ES,Federal Contract Tower,0,0,22,0,22,0,12,116,0,128,0,12,138,0,150,174,0,174,324
02/21/2019,SPG,FL,ASO,ES,Federal Contract Tower,0,0,12,0,12,0,16,124,6,146,0,16,136,6,158,194,0,194,352
02/22/2019,SPG,FL,ASO,ES,Federal Contract Tower,0,0,14,0,14,0,0,159,4,163,0,0,173,4,177,138,0,138,315
02/23/2019,SPG,FL,ASO,ES,Federal Contract Tower,0,0,22,0,22,0,0,145,0,145,0,0,167,0,167,220,0,220,387
02/24/2019,SPG,FL,ASO,ES,Federal Contract Tower,0,0,16,0,16,0,0,41,3,44,0,0,57,3,60,2,0,2,62
02/25/2019,SPG,FL,ASO,ES,Federal Contract Tower,0,0,16,2,18,0,14,119,6,139,0,14,135,8,157,160,2,162,319
02/26/2019,SPG,FL,ASO,ES,Federal Contract Tower,0,0,11,0,11,0,0,38,0,38,0,0,49,0,49,80,0,80,129
02/27/2019,SPG,FL,ASO,ES,Federal Contract Tower,0,0,10,0,10,0,14,80,5,99,0,14,90,5,109,112,0,112,221
02/28/2019,SPG,FL,ASO,ES,Federal Contract Tower,0,0,18,1,19,0,16,145,0,161,0,16,163,1,180,180,0,180,360
03/01/2019,SPG,FL,ASO,ES,Federal Contract Tower,0,0,8,0,8,0,0,128,4,132,0,0,136,4,140,94,44,138,278
03/02/2019,SPG,FL,ASO,ES,Federal Contract Tower,0,0,14,0,14,0,0,141,0,141,0,0,155,0,155,212,0,212,367
03/03/2019,SPG,FL,ASO,ES,Federal Contract Tower,0,0,10,0,10,0,2,111,3,116,0,2,121,3,126,114,0,114,240
03/04/2019,SPG,FL,ASO,ES,Federal Contract Tower,0,0,12,0,12,0,14,106,0,120,0,14,118,0,132,162,0,162,294
03/05/2019,SPG,FL,ASO,ES,Federal Contract Tower,0,0,12,0,12,0,0,34,0,34,0,0,46,0,46,74,0,74,120
03/06/2019,SPG,FL,ASO,ES,Federal Contract Tower,0,0,5,0,5,0,16,113,0,129,0,16,118,0,134,150,0,150,284
03/07/2019,SPG,FL,ASO,ES,Federal Contract Tower,0,0,9,0,9,0,14,126,0,140,0,14,135,0,149,152,0,152,301
03/08/2019,SPG,FL,ASO,ES,Federal Contract Tower,0,0,10,0,10,0,0,150,0,150,0,0,160,0,160,194,0,194,354
03/09/2019,SPG,FL,ASO,ES,Federal Contract Tower,0,0,6,0,6,0,0,136,0,136,0,0,142,0,142,98,0,98,240
03/10/2019,SPG,FL,ASO,ES,Federal Contract Tower,0,0,24,0,24,0,10,193,0,203,0,10,217,0,227,0,0,0,227
03/11/2019,SPG,FL,ASO,ES,Federal Contract Tower,0,0,8,0,8,0,12,102,0,114,0,12,110,0,122,118,0,118,240
03/12/2019,SPG,FL,ASO,ES,Federal Contract Tower,0,0,17,0,17,0,12,114,0,126,0,12,131,0,143,124,8,132,275
03/13/2019,SPG,FL,ASO,ES,Federal Contract Tower,0,0,12,0,12,0,12,135,0,147,0,12,147,0,159,112,0,112,271
03/14/2019,SPG,FL,ASO,ES,Federal Contract Tower,0,0,8,0,8,0,14,132,2,148,0,14,140,2,156,140,2,142,298
03/15/2019,SPG,FL,ASO,ES,Federal Contract Tower,0,0,17,0,17,0,0,151,0,151,0,0,168,0,168,152,0,152,320
03/16/2019,SPG,FL,ASO,ES,Federal Contract Tower,0,0,23,0,23,0,0,100,0,100,0,0,123,0,123,168,0,168,291
03/17/2019,SPG,FL,ASO,ES,Federal Contract Tower,0,0,10,0,10,0,14,119,0,133,0,14,129,0,143,148,0,148,291
03/18/2019,SPG,FL,ASO,ES,Federal Contract Tower,0,0,12,0,12,0,11,127,0,138,0,11,139,0,150,138,0,138,288
03/19/2019,SPG,FL,ASO,ES,Federal Contract Tower,0,0,11,0,11,0,14,89,0,103,0,14,100,0,114,198,0,198,312
03/20/2019,SPG,FL,ASO,ES,Federal Contract Tower,0,0,12,0,12,0,14,110,0,124,0,14,122,0,136,166,0,166,302
03/21/2019,SPG,FL,ASO,ES,Federal Contract Tower,0,0,18,0,18,0,12,172,0,184,0,12,190,0,202,162,0,162,364
03/22/2019,SPG,FL,ASO,ES,Federal Contract Tower,0,0,14,0,14,0,0,144,0,144,0,0,158,0,158,122,0,122,280
03/23/2019,SPG,FL,ASO,ES,Federal Contract Tower,0,0,17,0,17,0,0,139,0,139,0,0,156,0,156,100,0,100,256
03/24/2019,SPG,FL,ASO,ES,Federal Contract Tower,0,0,9,0,9,0,14,140,0,154,0,14,149,0,163,148,0,148,311
03/25/2019,SPG,FL,ASO,ES,Federal Contract Tower,0,0,10,0,10,0,14,126,2,142,0,14,136,2,152,172,2,174,326
03/26/2019,SPG,FL,ASO,ES,Federal Contract Tower,0,0,20,0,20,0,19,137,2,158,0,19,157,2,178,154,2,156,334
03/27/2019,SPG,FL,ASO,ES,Federal Contract Tower,0,0,17,1,18,0,10,113,0,123,0,10,130,1,141,156,0,156,297
03/28/2019,SPG,FL,ASO,ES,Federal Contract Tower,0,1,15,1,17,0,12,150,2,164,0,13,165,3,181,138,28,166,347
03/29/2019,SPG,FL,ASO,ES,Federal Contract Tower,0,0,16,0,16,0,0,156,0,156,0,0,172,0,172,58,0,58,230
03/30/2019,SPG,FL,ASO,ES,Federal Contract Tower,0,0,19,0,19,0,0,123,0,123,0,0,142,0,142,74,0,74,216
03/31/2019,SPG,FL,ASO,ES,Federal Contract Tower,0,0,21,0,21,0,16,144,0,160,0,16,165,0,181,142,0,142,323
04/01/2019,SPG,FL,ASO,ES,Federal Contract Tower,0,0,8,0,8,0,16,120,2,138,0,16,128,2,146,192,2,194,340
04/02/2019,SPG,FL,ASO,ES,Federal Contract Tower,0,0,20,0,20,0,18,137,0,155,0,18,157,0,175,158,0,158,333
04/03/2019,SPG,FL,ASO,ES,Federal Contract Tower,0,0,10,0,10,0,18,151,0,169,0,18,161,0,179,138,2,140,319
04/04/2019,SPG,FL,ASO,ES,Federal Contract Tower,0,0,17,0,17,0,13,156,0,169,0,13,173,0,186,184,0,184,370
04/05/2019,SPG,FL,ASO,ES,Federal Contract Tower,0,0,15,0,15,0,0,112,6,118,0,0,127,6,133,72,54,126,259
04/06/2019,SPG,FL,ASO,ES,Federal Contract Tower,0,0,17,0,17,0,2,123,0,125,0,2,140,0,142,118,0,118,260
04/07/2019,SPG,FL,ASO,ES,Federal Contract Tower,0,0,13,0,13,0,16,125,0,141,0,16,138,0,154,134,0,134,288
04/08/2019,SPG,FL,ASO,ES,Federal Contract Tower,0,0,6,0,6,0,12,116,0,128,0,12,122,0,134,94,0,94,228
04/09/2019,SPG,FL,ASO,ES,Federal Contract Tower,0,0,10,0,10,0,4,61,0,65,0,4,71,0,75,88,0,88,163
04/10/2019,SPG,FL,ASO,ES,Federal Contract Tower,0,0,8,0,8,0,18,140,0,158,0,18,148,0,166,140,0,140,306
04/11/2019,SPG,FL,ASO,ES,Federal Contract Tower,0,0,15,0,15,0,14,137,2,153,0,14,152,2,168,162,16,178,346
04/12/2019,SPG,FL,ASO,ES,Federal Contract Tower,0,0,14,0,14,0,0,140,0,140,0,0,154,0,154,142,0,142,296
04/13/2019,SPG,FL,ASO,ES,Federal Contract Tower,0,0,17,0,17,0,0,121,0,121,0,0,138,0,138,104,0,104,242
04/14/2019,SPG,FL,ASO,ES,Federal Contract Tower,0,0,8,0,8,0,0,68,0,68,0,0,76,0,76,32,0,32,108
04/15/2019,SPG,FL,ASO,ES,Federal Contract Tower,0,0,13,0,13,0,12,137,0,149,0,12,150,0,162,158,0,158,320
04/16/2019,SPG,FL,ASO,ES,Federal Contract Tower,0,0,17,0,17,0,13,114,0,127,0,13,131,0,144,128,4,132,276
04/17/2019,SPG,FL,ASO,ES,Federal Contract Tower,0,0,16,0,16,0,14,134,0,148,0,14,150,0,164,204,0,204,368
04/18/2019,SPG,FL,ASO,ES,Federal Contract Tower,0,0,8,0,8,0,16,132,2,150,0,16,140,2,158,216,16,232,390
04/19/2019,SPG,FL,ASO,ES,Federal Contract Tower,0,0,5,0,5,0,0,23,0,23,0,0,28,0,28,2,0,2,30
04/20/2019,SPG,FL,ASO,ES,Federal Contract Tower,0,0,12,0,12,0,0,58,0,58,0,0,70,0,70,2,0,2,72
04/21/2019,SPG,FL,ASO,ES,Federal Contract Tower,0,0,8,0,8,0,14,129,0,143,0,14,137,0,151,144,0,144,295
04/22/2019,SPG,FL,ASO,ES,Federal Contract Tower,0,0,16,0,16,0,0,86,0,86,0,0,102,0,102,148,0,148,250
04/23/2019,SPG,FL,ASO,ES,Federal Contract Tower,0,0,27,0,27,0,0,122,0,122,0,0,149,0,149,262,0,262,411
04/24/2019,SPG,FL,ASO,ES,Federal Contract Tower,0,0,11,0,11,0,0,104,0,104,0,0,115,0,115,194,0,194,309
04/25/2019,SPG,FL,ASO,ES,Federal Contract Tower,0,0,23,0,23,0,0,130,0,130,0,0,153,0,153,252,0,252,405
04/26/2019,SPG,FL,ASO,ES,Federal Contract Tower,0,0,7,0,7,0,0,31,0,31,0,0,38,0,38,16,0,16,54
04/27/2019,SPG,FL,ASO,ES,Federal Contract Tower,0,0,16,0,16,0,0,129,0,129,0,0,145,0,145,170,0,170,315
04/28/2019,SPG,FL,ASO,ES,Federal Contract Tower,0,0,21,0,21,0,14,123,0,137,0,14,144,0,158,160,0,160,318
04/29/2019,SPG,FL,ASO,ES,Federal Contract Tower,0,0,4,0,4,0,16,130,0,146,0,16,134,0,150,214,0,214,364
04/30/2019,SPG,FL,ASO,ES,Federal Contract Tower,0,0,17,0,17,0,14,135,0,149,0,14,152,0,166,140,0,140,306
05/01/2019,SPG,FL,ASO,ES,Federal Contract Tower,0,0,8,0,8,0,14,133,6,153,0,14,141,6,161,146,18,164,325
05/02/2019,SPG,FL,ASO,ES,Federal Contract Tower,0,0,16,0,16,0,14,108,0,122,0,14,124,0,138,162,0,162,300
05/03/2019,SPG,FL,ASO,ES,Federal Contract Tower,0,0,9,0,9,0,0,97,0,97,0,0,106,0,106,116,0,116,222
05/04/2019,SPG,FL,ASO,ES,Federal Contract Tower,0,0,14,0,14,0,0,97,0,97,0,0,111,0,111,62,0,62,173
05/05/2019,SPG,FL,ASO,ES,Federal Contract Tower,0,0,12,0,12,0,8,53,0,61,0,8,65,0,73,60,0,60,133
05/06/2019,SPG,FL,ASO,ES,Federal Contract Tower,0,0,7,0,7,0,16,133,0,149,0,16,140,0,156,140,0,140,296
05/07/2019,SPG,FL,ASO,ES,Federal Contract Tower,0,0,24,0,24,0,18,120,0,138,0,18,144,0,162,130,0,130,292
05/08/2019,SPG,FL,ASO,ES,Federal Contract Tower,0,0,18,0,18,0,12,134,0,146,0,12,152,0,164,128,0,128,292
05/09/2019,SPG,FL,ASO,ES,Federal Contract Tower,0,0,10,0,10,0,18,141,0,159,0,18,151,0,169,158,0,158,327
05/10/2019,SPG,FL,ASO,ES,Federal Contract Tower,0,0,9,0,9,0,0,113,4,117,0,0,122,4,126,146,24,170,296
05/11/2019,SPG,FL,ASO,ES,Federal Contract Tower,0,0,12,0,12,0,0,93,0,93,0,0,105,0,105,172,0,172,277
05/12/2019,SPG,FL,ASO,ES,Federal Contract Tower,0,0,13,0,13,0,18,124,0,142,0,18,137,0,155,106,0,106,261
05/13/2019,SPG,FL,ASO,ES,Federal Contract Tower,0,0,7,0,7,0,12,75,0,87,0,12,82,0,94,24,0,24,118
05/14/2019,SPG,FL,ASO,ES,Federal Contract Tower,0,0,6,0,6,0,0,1,0,1,0,0,7,0,7,0,0,0,7
05/15/2019,SPG,FL,ASO,ES,Federal Contract Tower,0,0,12,0,12,0,14,129,2,145,0,14,141,2,157,164,8,172,329
05/16/2019,SPG,FL,ASO,ES,Federal Contract Tower,0,0,7,0,7,0,16,118,0,134,0,16,125,0,141,160,0,160,301
05/17/2019,SPG,FL,ASO,ES,Federal Contract Tower,0,0,11,0,11,0,0,125,0,125,0,0,136,0,136,202,0,202,338
05/18/2019,SPG,FL,ASO,ES,Federal Contract Tower,0,0,11,0,11,0,2,136,0,138,0,2,147,0,149,112,0,112,261
05/19/2019,SPG,FL,ASO,ES,Federal Contract Tower,0,0,17,0,17,0,17,135,0,152,0,17,152,0,169,134,0,134,303
05/20/2019,SPG,FL,ASO,ES,Federal Contract Tower,0,0,15,0,15,0,18,126,0,144,0,18,141,0,159,124,0,124,283
05/21/2019,SPG,FL,ASO,ES,Federal Contract Tower,0,0,15,1,16,0,0,84,2,86,0,0,99,3,102,156,4,160,262
05/22/2019,SPG,FL,ASO,ES,Federal Contract Tower,0,0,10,0,10,0,18,135,0,153,0,18,145,0,163,142,0,142,305
05/23/2019,SPG,FL,ASO,ES,Federal Contract Tower,0,0,11,0,11,0,18,149,0,167,0,18,160,0,178,170,0,170,348
05/24/2019,SPG,FL,ASO,ES,Federal Contract Tower,0,0,9,0,9,0,0,141,4,145,0,0,150,4,154,128,6,134,288
05/25/2019,SPG,FL,ASO,ES,Federal Contract Tower,0,0,9,0,9,0,0,133,0,133,0,0,142,0,142,122,0,122,264
05/26/2019,SPG,FL,ASO,ES,Federal Contract Tower,0,0,14,0,14,0,0,92,0,92,0,0,106,0,106,108,0,108,214
05/27/2019,SPG,FL,ASO,ES,Federal Contract Tower,0,0,16,0,16,0,16,123,0,139,0,16,139,0,155,142,0,142,297
05/28/2019,SPG,FL,ASO,ES,Federal Contract Tower,0,0,6,0,6,0,20,144,0,164,0,20,150,0,170,162,0,162,332
05/29/2019,SPG,FL,ASO,ES,Federal Contract Tower,0,0,8,2,10,0,20,126,0,146,0,20,134,2,156,132,26,158,314
05/30/2019,SPG,FL,ASO,ES,Federal Contract Tower,0,0,9,0,9,0,0,119,0,119,0,0,128,0,128,146,0,146,274
05/31/2019,SPG,FL,ASO,ES,Federal Contract Tower,0,0,4,0,4,0,0,127,0,127,0,0,131,0,131,190,0,190,321
06/01/2019,SPG,FL,ASO,ES,Federal Contract Tower,0,0,4,0,4,0,0,91,0,91,0,0,95,0,95,154,0,154,249
06/02/2019,SPG,FL,ASO,ES,Federal Contract Tower,0,0,8,0,8,0,20,125,0,145,0,20,133,0,153,122,0,122,275
06/03/2019,SPG,FL,ASO,ES,Federal Contract Tower,0,0,10,0,10,0,16,124,2,142,0,16,134,2,152,0,78,78,230
06/04/2019,SPG,FL,ASO,ES,Federal Contract Tower,0,2,9,0,11,0,18,145,0,163,0,20,154,0,174,134,0,134,308
06/05/2019,SPG,FL,ASO,ES,Federal Contract Tower,0,0,14,0,14,0,20,142,0,162,0,20,156,0,176,134,0,134,310
06/06/2019,SPG,FL,ASO,ES,Federal Contract Tower,0,2,22,0,24,0,15,126,0,141,0,17,148,0,165,158,0,158,323
06/07/2019,SPG,FL,ASO,ES,Federal Contract Tower,0,0,12,2,14,0,0,111,4,115,0,0,123,6,129,118,10,128,257
06/08/2019,SPG,FL,ASO,ES,Federal Contract Tower,0,0,12,0,12,0,0,86,0,86,0,0,98,0,98,104,0,104,202
06/09/2019,SPG,FL,ASO,ES,Federal Contract Tower,0,0,2,0,2,0,0,26,0,26,0,0,28,0,28,44,0,44,72
06/10/2019,SPG,FL,ASO,ES,Federal Contract Tower,0,0,5,0,5,0,12,56,0,68,0,12,61,0,73,88,4,92,165
06/11/2019,SPG,FL,ASO,ES,Federal Contract Tower,0,0,8,0,8,0,18,116,0,134,0,18,124,0,142,120,0,120,262
06/12/2019,SPG,FL,ASO,ES,Federal Contract Tower,0,0,9,0,9,0,23,119,2,144,0,23,128,2,153,128,6,134,287
06/13/2019,SPG,FL,ASO,ES,Federal Contract Tower,0,0,11,0,11,0,16,122,0,138,0,16,133,0,149,124,20,144,293
06/14/2019,SPG,FL,ASO,ES,Federal Contract Tower,0,0,12,0,12,0,0,105,0,105,0,0,117,0,117,186,0,186,303
06/15/2019,SPG,FL,ASO,ES,Federal Contract Tower,0,0,13,0,13,0,0,78,0,78,0,0,91,0,91,142,0,142,233
06/16/2019,SPG,FL,ASO,ES,Federal Contract Tower,0,0,12,0,12,0,2,61,0,63,0,2,73,0,75,154,0,154,229
06/17/2019,SPG,FL,ASO,ES,Federal Contract Tower,0,0,16,0,16,0,14,113,0,127,0,14,129,0,143,108,0,108,251
06/18/2019,SPG,FL,ASO,ES,Federal Contract Tower,0,0,7,0,7,0,20,127,0,147,0,20,134,0,154,138,0,138,292
06/19/2019,SPG,FL,ASO,ES,Federal Contract Tower,0,0,11,0,11,0,14,131,0,145,0,14,142,0,156,152,0,152,308
06/20/2019,SPG,FL,ASO,ES,Federal Contract Tower,0,0,8,0,8,0,22,142,4,168,0,22,150,4,176,142,10,152,328
06/21/2019,SPG,FL,ASO,ES,Federal Contract Tower,0,0,17,0,17,0,0,107,2,109,0,0,124,2,126,130,6,136,262
06/22/2019,SPG,FL,ASO,ES,Federal Contract Tower,0,0,19,0,19,0,0,108,0,108,0,0,127,0,127,52,0,52,179
06/23/2019,SPG,FL,ASO,ES,Federal Contract Tower,0,0,11,0,11,0,18,137,0,155,0,18,148,0,166,158,0,158,324
06/24/2019,SPG,FL,ASO,ES,Federal Contract Tower,0,0,15,0,15,0,18,143,0,161,0,18,158,0,176,126,0,126,302
06/25/2019,SPG,FL,ASO,ES,Federal Contract Tower,0,0,9,1,10,0,16,132,2,150,0,16,141,3,160,142,2,144,304
06/26/2019,SPG,FL,ASO,ES,Federal Contract Tower,0,0,12,0,12,0,14,123,0,137,0,14,135,0,149,178,0,178,327
06/27/2019,SPG,FL,ASO,ES,Federal Contract Tower,0,0,8,0,8,0,20,144,0,164,0,20,152,0,172,136,0,136,308
06/28/2019,SPG,FL,ASO,ES,Federal Contract Tower,0,0,6,0,6,0,0,82,0,82,0,0,88,0,88,126,0,126,214
06/29/2019,SPG,FL,ASO,ES,Federal Contract Tower,0,0,14,0,14,0,0,83,2,85,0,0,97,2,99,108,0,108,207
06/30/2019,SPG,FL,ASO,ES,Federal Contract Tower,0,0,8,0,8,0,18,126,0,144,0,18,134,0,152,152,0,152,304
07/01/2019,SPG,FL,ASO,ES,Federal Contract Tower,0,0,10,0,10,0,18,146,0,164,0,18,156,0,174,146,0,146,320
07/02/2019,SPG,FL,ASO,ES,Federal Contract Tower,0,0,13,0,13,0,18,122,0,140,0,18,135,0,153,148,0,148,301
07/03/2019,SPG,FL,ASO,ES,Federal Contract Tower,0,0,10,0,10,0,0,87,0,87,0,0,97,0,97,136,0,136,233
07/04/2019,SPG,FL,ASO,ES,Federal Contract Tower,0,0,3,0,3,0,12,100,0,112,0,12,103,0,115,94,0,94,209
07/05/2019,SPG,FL,ASO,ES,Federal Contract Tower,0,0,16,0,16,0,0,80,0,80,0,0,96,0,96,106,0,106,202
07/06/2019,SPG,FL,ASO,ES,Federal Contract Tower,0,0,9,0,9,0,0,63,0,63,0,0,72,0,72,98,0,98,170
07/07/2019,SPG,FL,ASO,ES,Federal Contract Tower,0,0,17,0,17,0,20,126,0,146,0,20,143,0,163,130,0,130,293
07/08/2019,SPG,FL,ASO,ES,Federal Contract Tower,0,0,10,2,12,0,16,132,4,152,0,16,142,6,164,90,2,92,256
07/09/2019,SPG,FL,ASO,ES,Federal Contract Tower,0,0,11,0,11,0,4,36,2,42,0,4,47,2,53,28,0,28,81
07/10/2019,SPG,FL,ASO,ES,Federal Contract Tower,0,0,13,0,13,0,10,136,2,148,0,10,149,2,161,116,0,116,277
07/11/2019,SPG,FL,ASO,ES,Federal Contract Tower,0,0,12,0,12,0,0,57,0,57,0,0,69,0,69,84,0,84,153
07/12/2019,SPG,FL,ASO,ES,Federal Contract Tower,0,0,8,0,8,0,0,87,1,88,0,0,95,1,96,76,0,76,172
07/13/2019,SPG,FL,ASO,ES,Federal Contract Tower,0,0,18,0,18,0,0,113,0,113,0,0,131,0,131,192,0,192,323
07/14/2019,SPG,FL,ASO,ES,Federal Contract Tower,0,0,9,0,9,0,13,136,0,149,0,13,145,0,158,156,0,156,314
07/15/2019,SPG,FL,ASO,ES,Federal Contract Tower,0,0,11,0,11,0,14,129,0,143,0,14,140,0,154,132,0,132,286
07/16/2019,SPG,FL,ASO,ES,Federal Contract Tower,0,0,6,0,6,0,16,125,0,141,0,16,131,0,147,144,0,144,291
07/17/2019,SPG,FL,ASO,ES,Federal Contract Tower,0,2,9,0,11,0,12,125,0,137,0,14,134,0,148,160,0,160,308
07/18/2019,SPG,FL,ASO,ES,Federal Contract Tower,0,0,9,0,9,0,14,122,2,138,0,14,131,2,147,136,2,138,285
07/19/2019,SPG,FL,ASO,ES,Federal Contract Tower,0,0,14,0,14,0,0,106,2,108,0,0,120,2,122,162,6,168,290
07/20/2019,SPG,FL,ASO,ES,Federal Contract Tower,0,0,17,0,17,0,0,124,0,124,0,0,141,0,141,116,0,116,257
07/21/2019,SPG,FL,ASO,ES,Federal Contract Tower,0,0,14,0,14,0,16,132,0,148,0,16,146,0,162,136,0,136,298
07/22/2019,SPG,FL,ASO,ES,Federal Contract Tower,0,0,5,0,5,0,14,133,0,147,0,14,138,0,152,138,0,138,290
07/23/2019,SPG,FL,ASO,ES,Federal Contract Tower,0,0,13,0,13,0,12,129,2,143,0,12,142,2,156,140,12,152,308
07/24/2019,SPG,FL,ASO,ES,Federal Contract Tower,0,0,8,0,8,0,2,34,2,38,0,2,42,2,46,28,8,36,82
07/25/2019,SPG,FL,ASO,ES,Federal Contract Tower,0,0,3,0,3,0,0,41,2,43,0,0,44,2,46,34,2,36,82
07/26/2019,SPG,FL,ASO,ES,Federal Contract Tower,0,0,6,0,6,0,0,74,0,74,0,0,80,0,80,170,0,170,250
07/27/2019,SPG,FL,ASO,ES,Federal Contract Tower,0,0,9,0,9,0,0,113,0,113,0,0,122,0,122,158,0,158,280
07/28/2019,SPG,FL,ASO,ES,Federal Contract Tower,0,0,6,0,6,0,14,138,2,154,0,14,144,2,160,128,16,144,304
07/29/2019,SPG,FL,ASO,ES,Federal Contract Tower,0,0,13,0,13,0,16,119,0,135,0,16,132,0,148,156,0,156,304
07/30/2019,SPG,FL,ASO,ES,Federal Contract Tower,0,0,11,0,11,0,16,139,0,155,0,16,150,0,166,144,0,144,310
07/31/2019,SPG,FL,ASO,ES,Federal Contract Tower,0,0,22,0,22,0,0,78,0,78,0,0,100,0,100,176,0,176,276
08/01/2019,SPG,FL,ASO,ES,Federal Contract Tower,0,0,13,0,13,0,18,114,0,132,0,18,127,0,145,140,0,140,285
08/02/2019,SPG,FL,ASO,ES,Federal Contract Tower,0,0,7,0,7,0,0,73,0,73,0,0,80,0,80,116,0,116,196
08/03/2019,SPG,FL,ASO,ES,Federal Contract Tower,0,0,8,0,8,0,0,97,0,97,0,0,105,0,105,100,0,100,205
08/04/2019,SPG,FL,ASO,ES,Federal Contract Tower,0,0,16,0,16,0,13,126,0,139,0,13,142,0,155,164,0,164,319
08/05/2019,SPG,FL,ASO,ES,Federal Contract Tower,0,0,3,0,3,0,19,128,0,147,0,19,131,0,150,132,0,132,282
08/06/2019,SPG,FL,ASO,ES,Federal Contract Tower,0,0,8,0,8,0,0,76,0,76,0,0,84,0,84,162,0,162,246
08/07/2019,SPG,FL,ASO,ES,Federal Contract Tower,0,0,16,0,16,0,14,113,0,127,0,14,129,0,143,114,0,114,257
08/08/2019,SPG,FL,ASO,ES,Federal Contract Tower,0,0,10,0,10,0,20,129,0,149,0,20,139,0,159,136,0,136,295
08/09/2019,SPG,FL,ASO,ES,Federal Contract Tower,0,0,13,0,13,0,0,99,0,99,0,0,112,0,112,78,0,78,190
08/10/2019,SPG,FL,ASO,ES,Federal Contract Tower,0,0,12,0,12,0,0,104,0,104,0,0,116,0,116,132,0,132,248
08/11/2019,SPG,FL,ASO,ES,Federal Contract Tower,0,0,11,0,11,0,14,80,0,94,0,14,91,0,105,58,2,60,165
08/12/2019,SPG,FL,ASO,ES,Federal Contract Tower,0,0,10,0,10,0,18,125,0,143,0,18,135,0,153,124,0,124,277
08/13/2019,SPG,FL,ASO,ES,Federal Contract Tower,0,0,12,0,12,0,12,119,0,131,0,12,131,0,143,130,0,130,273
08/14/2019,SPG,FL,ASO,ES,Federal Contract Tower,0,0,8,0,8,0,0,62,0,62,0,0,70,0,70,146,18,164,234
08/15/2019,SPG,FL,ASO,ES,Federal Contract Tower,0,0,8,0,8,0,9,85,0,94,0,9,93,0,102,74,0,74,176
08/16/2019,SPG,FL,ASO,ES,Federal Contract Tower,0,0,3,0,3,0,0,9,2,11,0,0,12,2,14,6,0,6,20
08/17/2019,SPG,FL,ASO,ES,Federal Contract Tower,0,0,7,0,7,0,0,26,0,26,0,0,33,0,33,48,0,48,81
08/18/2019,SPG,FL,ASO,ES,Federal Contract Tower,0,0,8,0,8,0,4,64,0,68,0,4,72,0,76,102,0,102,178
08/19/2019,SPG,FL,ASO,ES,Federal Contract Tower,0,0,5,0,5,0,18,123,0,141,0,18,128,0,146,164,0,164,310
08/20/2019,SPG,FL,ASO,ES,Federal Contract Tower,0,0,9,0,9,0,1,78,2,81,0,1,87,2,90,152,0,152,242
08/21/2019,SPG,FL,ASO,ES,Federal Contract Tower,0,0,18,0,18,0,14,130,0,144,0,14,148,0,162,184,0,184,346
08/22/2019,SPG,FL,ASO,ES,Federal Contract Tower,0,0,16,0,16,0,14,144,0,158,0,14,160,0,174,196,0,196,370
08/23/2019,SPG,FL,ASO,ES,Federal Contract Tower,0,0,8,0,8,0,2,100,2,104,0,2,108,2,112,130,40,170,282
08/24/2019,SPG,FL,ASO,ES,Federal Contract Tower,0,0,14,0,14,0,1,115,0,116,0,1,129,0,130,110,0,110,240
08/25/2019,SPG,FL,ASO,ES,Federal Contract Tower,0,0,10,0,10,0,12,123,2,137,0,12,133,2,147,148,2,150,297
08/26/2019,SPG,FL,ASO,ES,Federal Contract Tower,0,0,10,0,10,0,16,128,0,144,0,16,138,0,154,162,2,164,318
08/27/2019,SPG,FL,ASO,ES,Federal Contract Tower,0,0,8,0,8,0,12,120,4,136,0,12,128,4,144,150,0,150,294
08/28/2019,SPG,FL,ASO,ES,Federal Contract Tower,0,0,3,0,3,0,12,130,0,142,0,12,133,0,145,138,0,138,283
08/29/2019,SPG,FL,ASO,ES,Federal Contract Tower,0,0,6,0,6,0,10,133,0,143,0,10,139,0,149,172,0,172,321
08/30/2019,SPG,FL,ASO,ES,Federal Contract Tower,0,0,16,0,16,0,0,91,0,91,0,0,107,0,107,124,0,124,231
08/31/2019,SPG,FL,ASO,ES,Federal Contract Tower,0,0,8,0,8,0,0,75,0,75,0,0,83,0,83,108,0,108,191
09/01/2019,SPG,FL,ASO,ES,Federal Contract Tower,0,0,6,0,6,0,18,96,0,114,0,18,102,0,120,124,0,124,244
09/02/2019,SPG,FL,ASO,ES,Federal Contract Tower,0,3,17,0,20,0,6,43,0,49,0,9,60,0,69,48,0,48,117
09/03/2019,SPG,FL,ASO,ES,Federal Contract Tower,0,0,8,0,8,0,12,88,0,100,0,12,96,0,108,118,0,118,226
09/04/2019,SPG,FL,ASO,ES,Federal Contract Tower,0,0,8,0,8,0,0,85,0,85,0,0,93,0,93,140,0,140,233
09/05/2019,SPG,FL,ASO,ES,Federal Contract Tower,0,0,12,0,12,0,4,112,0,116,0,4,124,0,128,78,0,78,206
09/06/2019,SPG,FL,ASO,ES,Federal Contract Tower,0,0,13,0,13,0,0,87,0,87,0,0,100,0,100,100,0,100,200
09/07/2019,SPG,FL,ASO,ES,Federal Contract Tower,0,0,10,0,10,0,0,143,0,143,0,0,153,0,153,114,0,114,267
09/08/2019,SPG,FL,ASO,ES,Federal Contract Tower,0,0,12,0,12,0,14,139,0,153,0,14,151,0,165,154,0,154,319
09/09/2019,SPG,FL,ASO,ES,Federal Contract Tower,0,0,13,0,13,0,8,93,2,103,0,8,106,2,116,154,0,154,270
09/10/2019,SPG,FL,ASO,ES,Federal Contract Tower,0,0,16,0,16,0,16,134,2,152,0,16,150,2,168,134,2,136,304
09/11/2019,SPG,FL,ASO,ES,Federal Contract Tower,0,2,12,2,16,0,12,147,0,159,0,14,159,2,175,180,0,180,355
09/12/2019,SPG,FL,ASO,ES,Federal Contract Tower,0,0,10,0,10,0,12,132,0,144,0,12,142,0,154,190,0,190,344
09/13/2019,SPG,FL,ASO,ES,Federal Contract Tower,0,0,16,0,16,0,0,64,0,64,0,0,80,0,80,100,0,100,180
09/14/2019,SPG,FL,ASO,ES,Federal Contract Tower,0,0,1,0,1,0,2,59,2,63,0,2,60,2,64,86,8,94,158
09/15/2019,SPG,FL,ASO,ES,Federal Contract Tower,0,0,9,0,9,0,8,128,0,136,0,8,137,0,145,132,0,132,277
09/16/2019,SPG,FL,ASO,ES,Federal Contract Tower,0,0,6,0,6,0,14,126,0,140,0,14,132,0,146,180,0,180,326
09/17/2019,SPG,FL,ASO,ES,Federal Contract Tower,0,0,10,0,10,0,14,124,0,138,0,14,134,0,148,196,0,196,344
09/18/2019,SPG,FL,ASO,ES,Federal Contract Tower,0,0,3,0,3,0,16,129,0,145,0,16,132,0,148,144,2,146,294
09/19/2019,SPG,FL,ASO,ES,Federal Contract Tower,0,0,18,0,18,0,10,129,4,143,0,10,147,4,161,188,0,188,349
09/20/2019,SPG,FL,ASO,ES,Federal Contract Tower,0,0,9,0,9,0,0,78,0,78,0,0,87,0,87,78,0,78,165
09/21/2019,SPG,FL,ASO,ES,Federal Contract Tower,0,0,24,0,24,0,0,93,0,93,0,0,117,0,117,122,0,122,239
09/22/2019,SPG,FL,ASO,ES,Federal Contract Tower,0,0,9,0,9,0,0,69,0,69,0,0,78,0,78,1240,0,1240,1318
09/23/2019,SPG,FL,ASO,ES,Federal Contract Tower,0,0,10,0,10,0,0,84,2,86,0,0,94,2,96,102,2,104,200
09/24/2019,SPG,FL,ASO,ES,Federal Contract Tower,0,0,7,0,7,0,0,127,0,127,0,0,134,0,134,196,0,196,330
09/25/2019,SPG,FL,ASO,ES,Federal Contract Tower,0,0,5,1,6,0,0,100,10,110,0,0,105,11,116,172,0,172,288
09/26/2019,SPG,FL,ASO,ES,Federal Contract Tower,0,0,7,0,7,0,0,87,0,87,0,0,94,0,94,170,0,170,264
09/27/2019,SPG,FL,ASO,ES,Federal Contract Tower,0,0,14,1,15,0,0,109,1,110,0,0,123,2,125,244,24,268,393
09/28/2019,SPG,FL,ASO,ES,Federal Contract Tower,0,0,12,0,12,0,0,133,0,133,0,0,145,0,145,124,0,124,269
09/29/2019,SPG,FL,ASO,ES,Federal Contract Tower,0,4,16,0,20,0,10,134,0,144,0,14,150,0,164,162,0,162,326
09/30/2019,SPG,FL,ASO,ES,Federal Contract Tower,0,0,12,0,12,0,12,142,0,154,0,12,154,0,166,178,0,178,344
10/01/2019,SPG,FL,ASO,ES,Federal Contract Tower,0,0,6,0,6,0,14,134,0,148,0,14,140,0,154,160,0,160,314
10/02/2019,SPG,FL,ASO,ES,Federal Contract Tower,0,0,7,0,7,0,16,137,0,153,0,16,144,0,160,184,0,184,344
10/03/2019,SPG,FL,ASO,ES,Federal Contract Tower,0,0,15,0,15,0,10,151,2,163,0,10,166,2,178,136,0,136,314
10/04/2019,SPG,FL,ASO,ES,Federal Contract Tower,0,0,14,0,14,0,0,99,2,101,0,0,113,2,115,86,4,90,205
10/05/2019,SPG,FL,ASO,ES,Federal Contract Tower,0,0,19,0,19,0,0,101,0,101,0,0,120,0,120,208,0,208,328
10/06/2019,SPG,FL,ASO,ES,Federal Contract Tower,0,0,5,0,5,0,12,120,0,132,0,12,125,0,137,130,0,130,267
10/07/2019,SPG,FL,ASO,ES,Federal Contract Tower,0,0,15,0,15,0,12,121,2,135,0,12,136,2,150,128,12,140,290
10/08/2019,SPG,FL,ASO,ES,Federal Contract Tower,0,0,9,0,9,0,0,101,0,101,0,0,110,0,110,154,0,154,264
10/09/2019,SPG,FL,ASO,ES,Federal Contract Tower,0,0,22,0,22,0,4,40,0,44,0,4,62,0,66,40,0,40,106
10/10/2019,SPG,FL,ASO,ES,Federal Contract Tower,0,0,12,0,12,0,0,94,0,94,0,0,106,0,106,158,0,158,264
10/11/2019,SPG,FL,ASO,ES,Federal Contract Tower,0,0,15,0,15,0,0,165,2,167,0,0,180,2,182,206,20,226,408
10/12/2019,SPG,FL,ASO,ES,Federal Contract Tower,0,0,13,0,13,0,1,124,0,125,0,1,137,0,138,134,0,134,272
10/13/2019,SPG,FL,ASO,ES,Federal Contract Tower,0,0,16,0,16,0,12,124,0,136,0,12,140,0,152,190,0,190,342
10/14/2019,SPG,FL,ASO,ES,Federal Contract Tower,0,2,10,0,12,0,12,160,0,172,0,14,170,0,184,172,0,172,356
10/15/2019,SPG,FL,ASO,ES,Federal Contract Tower,0,0,15,0,15,0,12,139,4,155,0,12,154,4,170,134,0,134,304
10/16/2019,SPG,FL,ASO,ES,Federal Contract Tower,0,0,16,0,16,0,0,87,0,87,0,0,103,0,103,128,0,128,231
10/17/2019,SPG,FL,ASO,ES,Federal Contract Tower,0,0,14,0,14,0,10,141,0,151,0,10,155,0,165,180,0,180,345
10/18/2019,SPG,FL,ASO,ES,Federal Contract Tower,0,0,14,0,14,0,0,90,0,90,0,0,104,0,104,100,0,100,204
10/19/2019,SPG,FL,ASO,ES,Federal Contract Tower,0,0,4,0,4,0,0,6,0,6,0,0,10,0,10,0,0,0,10
10/20/2019,SPG,FL,ASO,ES,Federal Contract Tower,0,0,18,0,18,0,14,138,0,152,0,14,156,0,170,150,0,150,320
10/21/2019,SPG,FL,ASO,ES,Federal Contract Tower,0,0,16,0,16,0,17,95,0,112,0,17,111,0,128,100,0,100,228
10/22/2019,SPG,FL,ASO,ES,Federal Contract Tower,0,0,10,0,10,0,18,115,2,135,0,18,125,2,145,144,16,160,305
10/23/2019,SPG,FL,ASO,ES,Federal Contract Tower,0,0,15,0,15,0,16,150,0,166,0,16,165,0,181,156,0,156,337
10/24/2019,SPG,FL,ASO,ES,Federal Contract Tower,0,0,19,0,19,0,20,148,0,168,0,20,167,0,187,142,0,142,329
10/25/2019,SPG,FL,ASO,ES,Federal Contract Tower,0,0,13,0,13,0,0,139,0,139,0,0,152,0,152,244,0,244,396
10/26/2019,SPG,FL,ASO,ES,Federal Contract Tower,0,0,10,0,10,0,0,70,0,70,0,0,80,0,80,84,0,84,164
10/27/2019,SPG,FL,ASO,ES,Federal Contract Tower,0,0,17,0,17,0,16,120,0,136,0,16,137,0,153,134,0,134,287
10/28/2019,SPG,FL,ASO,ES,Federal Contract Tower,0,0,9,0,9,0,8,110,0,118,0,8,119,0,127,132,0,132,259
10/29/2019,SPG,FL,ASO,ES,Federal Contract Tower,0,0,21,0,21,0,14,125,2,141,0,14,146,2,162,132,2,134,296
10/30/2019,SPG,FL,ASO,ES,Federal Contract Tower,0,0,13,0,13,0,0,94,2,96,0,0,107,2,109,210,22,232,341
10/31/2019,SPG,FL,ASO,ES,Federal Contract Tower,0,0,8,0,8,0,10,129,0,139,0,10,137,0,147,242,12,254,401
11/01/2019,SPG,FL,ASO,ES,Federal Contract Tower,0,0,18,1,19,0,0,100,3,103,0,0,118,4,122,108,6,114,236
11/02/2019,SPG,FL,ASO,ES,Federal Contract Tower,0,0,15,0,15,0,0,115,2,117,0,0,130,2,132,160,0,160,292
11/03/2019,SPG,FL,ASO,ES,Federal Contract Tower,0,0,20,0,20,0,10,129,0,139,0,10,149,0,159,156,0,156,315
11/04/2019,SPG,FL,ASO,ES,Federal Contract Tower,0,0,13,1,14,0,10,137,0,147,0,10,150,1,161,158,4,162,323
11/05/2019,SPG,FL,ASO,ES,Federal Contract Tower,0,0,8,0,8,0,18,125,6,149,0,18,133,6,157,198,2,200,357
11/06/2019,SPG,FL,ASO,ES,Federal Contract Tower,0,2,12,0,14,0,15,119,0,134,0,17,131,0,148,172,0,172,320
11/07/2019,SPG,FL,ASO,ES,Federal Contract Tower,0,7,9,0,16,0,14,141,0,155,0,21,150,0,171,172,0,172,343
11/08/2019,SPG,FL,ASO,ES,Federal Contract Tower,0,0,19,0,19,0,0,98,2,100,0,0,117,2,119,182,2,184,303
11/09/2019,SPG,FL,ASO,ES,Federal Contract Tower,0,0,16,0,16,0,0,103,2,105,0,0,119,2,121,126,2,128,249
11/10/2019,SPG,FL,ASO,ES,Federal Contract Tower,0,1,17,0,18,0,14,132,0,146,0,15,149,0,164,162,0,162,326
11/11/2019,SPG,FL,ASO,ES,Federal Contract Tower,0,0,13,0,13,0,14,124,0,138,0,14,137,0,151,236,0,236,387
11/12/2019,SPG,FL,ASO,ES,Federal Contract Tower,0,0,14,0,14,0,12,126,0,138,0,12,140,0,152,154,0,154,306
11/13/2019,SPG,FL,ASO,ES,Federal Contract Tower,0,0,26,0,26,0,14,76,2,92,0,14,102,2,118,120,4,124,242
11/14/2019,SPG,FL,ASO,ES,Federal Contract Tower,0,0,16,0,16,0,10,108,0,118,0,10,124,0,134,162,6,168,302
11/15/2019,SPG,FL,ASO,ES,Federal Contract Tower,0,0,22,0,22,0,0,38,0,38,0,0,60,0,60,116,0,116,176
11/16/2019,SPG,FL,ASO,ES,Federal Contract Tower,0,0,17,0,17,0,0,51,0,51,0,0,68,0,68,58,0,58,126
11/17/2019,SPG,FL,ASO,ES,Federal Contract Tower,0,0,34,0,34,0,0,36,0,36,0,0,70,0,70,38,0,38,108
11/18/2019,SPG,FL,ASO,ES,Federal Contract Tower,0,0,9,0,9,0,0,108,0,108,0,0,117,0,117,160,0,160,277
11/19/2019,SPG,FL,ASO,ES,Federal Contract Tower,0,0,16,0,16,0,1,96,2,99,0,1,112,2,115,176,8,184,299
11/20/2019,SPG,FL,ASO,ES,Federal Contract Tower,0,0,10,0,10,0,0,77,0,77,0,0,87,0,87,156,0,156,243
11/21/2019,SPG,FL,ASO,ES,Federal Contract Tower,0,0,17,0,17,0,0,103,0,103,0,0,120,0,120,120,0,120,240
11/22/2019,SPG,FL,ASO,ES,Federal Contract Tower,0,0,19,0,19,0,0,100,0,100,0,0,119,0,119,160,0,160,279
11/23/2019,SPG,FL,ASO,ES,Federal Contract Tower,0,0,11,0,11,0,2,139,0,141,0,2,150,0,152,120,0,120,272
11/24/2019,SPG,FL,ASO,ES,Federal Contract Tower,0,0,13,0,13,0,16,133,0,149,0,16,146,0,162,132,0,132,294
11/25/2019,SPG,FL,ASO,ES,Federal Contract Tower,0,0,7,0,7,0,8,111,0,119,0,8,118,0,126,154,0,154,280
11/26/2019,SPG,FL,ASO,ES,Federal Contract Tower,0,0,13,0,13,0,0,101,0,101,0,0,114,0,114,194,0,194,308
11/27/2019,SPG,FL,ASO,ES,Federal Contract Tower,0,0,10,0,10,0,12,74,0,86,0,12,84,0,96,62,0,62,158
11/28/2019,SPG,FL,ASO,ES,Federal Contract Tower,0,0,9,0,9,0,0,50,0,50,0,0,59,0,59,62,0,62,121
11/29/2019,SPG,FL,ASO,ES,Federal Contract Tower,0,0,10,0,10,0,0,119,0,119,0,0,129,0,129,136,0,136,265
11/30/2019,SPG,FL,ASO,ES,Federal Contract Tower,0,0,11,0,11,0,2,128,0,130,0,2,139,0,141,102,0,102,243
12/01/2019,SPG,FL,ASO,ES,Federal Contract Tower,0,0,12,0,12,0,0,46,0,46,0,0,58,0,58,6,0,6,64
12/02/2019,SPG,FL,ASO,ES,Federal Contract Tower,0,0,14,0,14,0,12,85,0,97,0,12,99,0,111,76,0,76,187
12/03/2019,SPG,FL,ASO,ES,Federal Contract Tower,0,0,17,0,17,0,16,101,0,117,0,16,118,0,134,190,0,190,324
12/04/2019,SPG,FL,ASO,ES,Federal Contract Tower,0,0,10,0,10,0,0,82,0,82,0,0,92,0,92,200,0,200,292
12/05/2019,SPG,FL,ASO,ES,Federal Contract Tower,0,0,14,0,14,0,10,139,2,151,0,10,153,2,165,170,4,174,339
12/06/2019,SPG,FL,ASO,ES,Federal Contract Tower,0,0,11,0,11,0,0,80,0,80,0,0,91,0,91,156,0,156,247
12/07/2019,SPG,FL,ASO,ES,Federal Contract Tower,0,0,16,0,16,0,0,116,0,116,0,0,132,0,132,108,0,108,240
12/08/2019,SPG,FL,ASO,ES,Federal Contract Tower,0,0,18,0,18,0,16,152,0,168,0,16,170,0,186,142,0,142,328
12/09/2019,SPG,FL,ASO,ES,Federal Contract Tower,0,0,14,0,14,0,10,138,0,148,0,10,152,0,162,140,2,142,304
12/10/2019,SPG,FL,ASO,ES,Federal Contract Tower,0,0,14,0,14,0,14,112,0,126,0,14,126,0,140,104,0,104,244
12/11/2019,SPG,FL,ASO,ES,Federal Contract Tower,0,0,0,10,10,0,0,30,0,30,0,0,30,10,40,40,0,40,80
12/12/2019,SPG,FL,ASO,ES,Federal Contract Tower,0,0,18,0,18,0,14,115,2,131,0,14,133,2,149,144,10,154,303
12/13/2019,SPG,FL,ASO,ES,Federal Contract Tower,0,0,8,0,8,0,0,73,0,73,0,0,81,0,81,168,8,176,257
12/14/2019,SPG,FL,ASO,ES,Federal Contract Tower,0,0,6,0,6,0,0,67,4,71,0,0,73,4,77,82,2,84,161
12/15/2019,SPG,FL,ASO,ES,Federal Contract Tower,0,0,17,0,17,0,10,139,0,149,0,10,156,0,166,172,0,172,338
12/16/2019,SPG,FL,ASO,ES,Federal Contract Tower,0,0,15,0,15,0,14,153,0,167,0,14,168,0,182,176,0,176,358
12/17/2019,SPG,FL,ASO,ES,Federal Contract Tower,0,0,18,0,18,0,5,43,0,48,0,5,61,0,66,32,0,32,98
12/18/2019,SPG,FL,ASO,ES,Federal Contract Tower,0,0,30,0,30,0,8,77,0,85,0,8,107,0,115,142,0,142,257
12/19/2019,SPG,FL,ASO,ES,Federal Contract Tower,0,0,15,0,15,0,16,123,0,139,0,16,138,0,154,132,0,132,286
12/20/2019,SPG,FL,ASO,ES,Federal Contract Tower,0,0,10,0,10,0,0,121,2,123,0,0,131,2,133,226,0,226,359
12/21/2019,SPG,FL,ASO,ES,Federal Contract Tower,0,0,6,0,6,0,0,77,0,77,0,0,83,0,83,102,0,102,185
12/22/2019,SPG,FL,ASO,ES,Federal Contract Tower,0,0,6,0,6,0,0,2,2,4,0,0,8,2,10,20,10,30,40
12/23/2019,SPG,FL,ASO,ES,Federal Contract Tower,0,0,10,0,10,0,0,34,0,34,0,0,44,0,44,42,0,42,86
12/24/2019,SPG,FL,ASO,ES,Federal Contract Tower,0,0,5,0,5,0,0,16,0,16,0,0,21,0,21,50,0,50,71
12/25/2019,SPG,FL,ASO,ES,Federal Contract Tower,0,0,7,0,7,0,0,29,0,29,0,0,36,0,36,6,0,6,42
12/26/2019,SPG,FL,ASO,ES,Federal Contract Tower,0,0,14,0,14,0,16,137,0,153,0,16,151,0,167,174,0,174,341
12/27/2019,SPG,FL,ASO,ES,Federal Contract Tower,0,0,21,0,21,0,0,110,2,112,0,0,131,2,133,188,2,190,323
12/28/2019,SPG,FL,ASO,ES,Federal Contract Tower,0,0,33,0,33,0,0,94,0,94,0,0,127,0,127,130,12,142,269
12/29/2019,SPG,FL,ASO,ES,Federal Contract Tower,0,0,24,0,24,0,4,104,0,108,0,4,128,0,132,94,0,94,226
12/30/2019,SPG,FL,ASO,ES,Federal Contract Tower,0,0,25,0,25,0,4,54,0,58,0,4,79,0,83,70,0,70,153
12/31/2019,SPG,FL,ASO,ES,Federal Contract Tower,0,0,13,0,13,0,0,109,2,111,0,0,122,2,124,126,6,132,256
01/01/2020,SPG,FL,ASO,ES,Federal Contract Tower,0,0,18,0,18,0,10,133,0,143,0,10,151,0,161,156,0,156,317
01/02/2020,SPG,FL,ASO,ES,Federal Contract Tower,0,0,22,0,22,0,16,145,0,161,0,16,167,0,183,172,0,172,355
01/03/2020,SPG,FL,ASO,ES,Federal Contract Tower,0,0,13,0,13,0,0,62,0,62,0,0,75,0,75,54,0,54,129
01/04/2020,SPG,FL,ASO,ES,Federal Contract Tower,0,0,18,0,18,0,0,13,0,13,0,0,31,0,31,18,0,18,49
01/05/2020,SPG,FL,ASO,ES,Federal Contract Tower,0,0,14,0,14,0,14,133,0,147,0,14,147,0,161,114,0,114,275
01/06/2020,SPG,FL,ASO,ES,Federal Contract Tower,0,0,9,0,9,0,16,130,0,146,0,16,139,0,155,160,0,160,315
01/07/2020,SPG,FL,ASO,ES,Federal Contract Tower,0,0,19,0,19,0,0,125,0,125,0,0,144,0,144,216,0,216,360
01/08/2020,SPG,FL,ASO,ES,Federal Contract Tower,0,0,13,0,13,0,18,129,0,147,0,18,142,0,160,160,0,160,320
01/09/2020,SPG,FL,ASO,ES,Federal Contract Tower,0,0,9,0,9,0,18,130,0,148,0,18,139,0,157,166,0,166,323
01/10/2020,SPG,FL,ASO,ES,Federal Contract Tower,0,0,14,1,15,0,0,97,2,99,0,0,111,3,114,116,10,126,240
01/11/2020,SPG,FL,ASO,ES,Federal Contract Tower,0,0,21,0,21,0,2,69,0,71,0,2,90,0,92,100,0,100,192
01/12/2020,SPG,FL,ASO,ES,Federal Contract Tower,0,0,21,0,21,0,12,116,0,128,0,12,137,0,149,102,0,102,251
01/13/2020,SPG,FL,ASO,ES,Federal Contract Tower,0,0,13,0,13,0,18,136,2,156,0,18,149,2,169,150,2,152,321
01/14/2020,SPG,FL,ASO,ES,Federal Contract Tower,0,0,18,0,18,0,15,103,0,118,0,15,121,0,136,66,0,66,202
01/15/2020,SPG,FL,ASO,ES,Federal Contract Tower,0,0,11,0,11,0,0,88,2,90,0,0,99,2,101,156,14,170,271
01/16/2020,SPG,FL,ASO,ES,Federal Contract Tower,0,0,15,0,15,0,16,140,0,156,0,16,155,0,171,138,0,138,309
01/17/2020,SPG,FL,ASO,ES,Federal Contract Tower,0,0,17,0,17,0,0,145,0,145,0,0,162,0,162,160,0,160,322
01/18/2020,SPG,FL,ASO,ES,Federal Contract Tower,0,0,13,0,13,0,0,132,0,132,0,0,145,0,145,164,0,164,309
01/19/2020,SPG,FL,ASO,ES,Federal Contract Tower,0,0,15,0,15,0,0,63,0,63,0,0,78,0,78,128,0,128,206
01/20/2020,SPG,FL,ASO,ES,Federal Contract Tower,0,0,14,0,14,0,18,136,0,154,0,18,150,0,168,162,0,162,330
01/21/2020,SPG,FL,ASO,ES,Federal Contract Tower,0,0,27,0,27,0,4,81,0,85,0,4,108,0,112,62,0,62,174
01/22/2020,SPG,FL,ASO,ES,Federal Contract Tower,0,0,11,0,11,0,0,77,2,79,0,0,88,2,90,178,0,178,268
01/23/2020,SPG,FL,ASO,ES,Federal Contract Tower,0,0,32,0,32,0,12,134,0,146,0,12,166,0,178,158,0,158,336
01/24/2020,SPG,FL,ASO,ES,Federal Contract Tower,0,0,15,0,15,0,0,117,0,117,0,0,132,0,132,114,0,114,246
01/25/2020,SPG,FL,ASO,ES,Federal Contract Tower,0,0,19,0,19,0,0,135,0,135,0,0,154,0,154,158,0,158,312
01/26/2020,SPG,FL,ASO,ES,Federal Contract Tower,0,0,25,0,25,0,12,142,0,154,0,12,167,0,179,128,0,128,307
01/27/2020,SPG,FL,ASO,ES,Federal Contract Tower,0,0,13,0,13,0,10,117,0,127,0,10,130,0,140,204,0,204,344
01/28/2020,SPG,FL,ASO,ES,Federal Contract Tower,0,0,18,0,18,0,12,123,2,137,0,12,141,2,155,196,0,196,351
01/29/2020,SPG,FL,ASO,ES,Federal Contract Tower,0,0,19,0,19,0,12,125,2,139,0,12,144,2,158,148,0,148,306
01/30/2020,SPG,FL,ASO,ES,Federal Contract Tower,0,0,24,0,24,0,0,58,0,58,0,0,82,0,82,36,0,36,118
01/31/2020,SPG,FL,ASO,ES,Federal Contract Tower,0,0,15,0,15,0,0,77,0,77,0,0,92,0,92,134,0,134,226
02/01/2020,SPG,FL,ASO,ES,Federal Contract Tower,0,0,14,0,14,0,0,15,0,15,0,0,29,0,29,6,0,6,35
02/02/2020,SPG,FL,ASO,ES,Federal Contract Tower,0,0,15,0,15,0,12,122,0,134,0,12,137,0,149,166,0,166,315
02/03/2020,SPG,FL,ASO,ES,Federal Contract Tower,0,0,17,0,17,0,16,119,2,137,0,16,136,2,154,174,2,176,330
02/04/2020,SPG,FL,ASO,ES,Federal Contract Tower,0,0,16,0,16,0,0,113,0,113,0,0,129,0,129,194,0,194,323
02/05/2020,SPG,FL,ASO,ES,Federal Contract Tower,0,0,14,0,14,0,14,118,0,132,0,14,132,0,146,192,0,192,338
02/06/2020,SPG,FL,ASO,ES,Federal Contract Tower,0,0,7,0,7,0,0,30,0,30,0,0,37,0,37,0,0,0,37
02/07/2020,SPG,FL,ASO,ES,Federal Contract Tower,0,1,11,0,12,0,0,98,0,98,0,1,109,0,110,64,0,64,174
02/08/2020,SPG,FL,ASO,ES,Federal Contract Tower,0,1,30,0,31,0,0,161,0,161,0,1,191,0,192,94,0,94,286
02/09/2020,SPG,FL,ASO,ES,Federal Contract Tower,0,0,18,0,18,0,10,123,0,133,0,10,141,0,151,98,0,98,249
02/10/2020,SPG,FL,ASO,ES,Federal Contract Tower,0,0,12,0,12,0,14,129,0,143,0,14,141,0,155,204,0,204,359
02/11/2020,SPG,FL,ASO,ES,Federal Contract Tower,0,0,26,0,26,0,8,107,0,115,0,8,133,0,141,138,0,138,279
02/12/2020,SPG,FL,ASO,ES,Federal Contract Tower,0,0,11,2,13,0,16,114,0,130,0,16,125,2,143,182,18,200,343
02/13/2020,SPG,FL,ASO,ES,Federal Contract Tower,0,0,26,0,26,0,12,109,0,121,0,12,135,0,147,106,0,106,253
02/14/2020,SPG,FL,ASO,ES,Federal Contract Tower,0,0,17,0,17,0,0,80,0,80,0,0,97,0,97,114,0,114,211
02/15/2020,SPG,FL,ASO,ES,Federal Contract Tower,0,0,30,1,31,0,2,132,1,135,0,2,162,2,166,188,0,188,354
02/16/2020,SPG,FL,ASO,ES,Federal Contract Tower,0,0,33,0,33,0,8,144,0,152,0,8,177,0,185,222,0,222,407
02/17/2020,SPG,FL,ASO,ES,Federal Contract Tower,0,0,20,0,20,0,12,145,0,157,0,12,165,0,177,226,0,226,403
02/18/2020,SPG,FL,ASO,ES,Federal Contract Tower,0,0,20,1,21,0,0,129,3,132,0,0,149,4,153,250,16,266,419
02/19/2020,SPG,FL,ASO,ES,Federal Contract Tower,0,0,23,0,23,0,8,122,2,132,0,8,145,2,155,178,12,190,345
02/20/2020,SPG,FL,ASO,ES,Federal Contract Tower,0,0,21,0,21,0,0,116,2,118,0,0,137,2,139,102,20,122,261
02/21/2020,SPG,FL,ASO,ES,Federal Contract Tower,0,0,25,0,25,0,0,36,0,36,0,0,61,0,61,16,0,16,77
02/22/2020,SPG,FL,ASO,ES,Federal Contract Tower,0,0,14,0,14,0,0,125,0,125,0,0,139,0,139,128,0,128,267
02/23/2020,SPG,FL,ASO,ES,Federal Contract Tower,0,0,23,0,23,0,0,120,0,120,0,0,143,0,143,110,0,110,253
02/24/2020,SPG,FL,ASO,ES,Federal Contract Tower,0,0,20,0,20,0,18,116,0,134,0,18,136,0,154,180,0,180,334
02/25/2020,SPG,FL,ASO,ES,Federal Contract Tower,0,0,13,0,13,0,14,95,0,109,0,14,108,0,122,142,0,142,264
02/26/2020,SPG,FL,ASO,ES,Federal Contract Tower,0,0,7,0,7,0,0,23,0,23,0,0,30,0,30,98,0,98,128
02/27/2020,SPG,FL,ASO,ES,Federal Contract Tower,0,0,17,0,17,0,13,112,0,125,0,13,129,0,142,168,0,168,310
02/28/2020,SPG,FL,ASO,ES,Federal Contract Tower,0,0,21,0,21,0,0,135,0,135,0,0,156,0,156,228,0,228,384
02/29/2020,SPG,FL,ASO,ES,Federal Contract Tower,0,0,18,0,18,0,0,139,0,139,0,0,157,0,157,128,0,128,285
03/01/2020,SPG,FL,ASO,ES,Federal Contract Tower,0,0,24,0,24,0,10,137,0,147,0,10,161,0,171,228,0,228,399
03/02/2020,SPG,FL,ASO,ES,Federal Contract Tower,0,2,13,0,15,0,13,126,0,139,0,15,139,0,154,138,10,148,302
03/03/2020,SPG,FL,ASO,ES,Federal Contract Tower,0,0,9,0,9,0,12,136,0,148,0,12,145,0,157,206,0,206,363
03/04/2020,SPG,FL,ASO,ES,Federal Contract Tower,0,0,16,0,16,0,0,89,0,89,0,0,105,0,105,178,0,178,283
03/05/2020,SPG,FL,ASO,ES,Federal Contract Tower,0,0,7,0,7,0,0,51,0,51,0,0,58,0,58,80,0,80,138
03/06/2020,SPG,FL,ASO,ES,Federal Contract Tower,0,0,31,0,31,0,0,102,2,104,0,0,133,2,135,68,6,74,209
03/07/2020,SPG,FL,ASO,ES,Federal Contract Tower,0,0,4,0,4,0,0,136,2,138,0,0,140,2,142,94,8,102,244
03/08/2020,SPG,FL,ASO,ES,Federal Contract Tower,0,0,10,0,10,0,12,95,0,107,0,12,105,0,117,158,0,158,275
03/09/2020,SPG,FL,ASO,ES,Federal Contract Tower,0,0,9,0,9,0,11,85,0,96,0,11,94,0,105,104,0,104,209
03/10/2020,SPG,FL,ASO,ES,Federal Contract Tower,0,0,9,0,9,0,16,115,0,131,0,16,124,0,140,124,0,124,264
03/11/2020,SPG,FL,ASO,ES,Federal Contract Tower,0,0,13,0,13,0,2,96,2,100,0,2,109,2,113,208,2,210,323
03/12/2020,SPG,FL,ASO,ES,Federal Contract Tower,0,1,9,0,10,0,8,136,0,144,0,9,145,0,154,112,0,112,266
03/13/2020,SPG,FL,ASO,ES,Federal Contract Tower,0,0,13,0,13,0,0,126,4,130,0,0,139,4,143,158,40,198,341
03/14/2020,SPG,FL,ASO,ES,Federal Contract Tower,0,0,14,0,14,0,0,91,0,91,0,0,105,0,105,126,0,126,231
03/15/2020,SPG,FL,ASO,ES,Federal Contract Tower,0,5,7,0,12,0,10,121,0,131,0,15,128,0,143,178,0,178,321
03/16/2020,SPG,FL,ASO,ES,Federal Contract Tower,0,0,4,0,4,0,16,109,0,125,0,16,113,0,129,172,0,172,301
03/17/2020,SPG,FL,ASO,ES,Federal Contract Tower,0,0,7,1,8,0,12,120,0,132,0,12,127,1,140,172,0,172,312
03/18/2020,SPG,FL,ASO,ES,Federal Contract Tower,0,0,11,0,11,0,1,100,0,101,0,1,111,0,112,232,0,232,344
03/19/2020,SPG,FL,ASO,ES,Federal Contract Tower,0,2,11,0,13,0,17,125,0,142,0,19,136,0,155,206,0,206,361
03/20/2020,SPG,FL,ASO,ES,Federal Contract Tower,0,0,8,0,8,0,0,112,0,112,0,0,120,0,120,172,0,172,292
03/21/2020,SPG,FL,ASO,ES,Federal Contract Tower,0,0,18,0,18,0,0,98,0,98,0,0,116,0,116,68,0,68,184
03/22/2020,SPG,FL,ASO,ES,Federal Contract Tower,0,0,5,0,5,0,16,128,0,144,0,16,133,0,149,162,0,162,311
03/23/2020,SPG,FL,ASO,ES,Federal Contract Tower,0,0,4,0,4,0,16,123,2,141,0,16,127,2,145,206,0,206,351
03/24/2020,SPG,FL,ASO,ES,Federal Contract Tower,0,0,11,0,11,0,12,128,0,140,0,12,139,0,151,192,0,192,343
03/25/2020,SPG,FL,ASO,ES,Federal Contract Tower,0,0,9,0,9,0,16,132,0,148,0,16,141,0,157,148,0,148,305
03/26/2020,SPG,FL,ASO,ES,Federal Contract Tower,0,0,3,0,3,0,18,130,0,148,0,18,133,0,151,156,0,156,307
03/27/2020,SPG,FL,ASO,ES,Federal Contract Tower,0,0,7,0,7,0,0,57,0,57,0,0,64,0,64,34,0,34,98
03/28/2020,SPG,FL,ASO,ES,Federal Contract Tower,0,0,5,0,5,0,0,113,0,113,0,0,118,0,118,142,0,142,260
03/29/2020,SPG,FL,ASO,ES,Federal Contract Tower,0,0,3,0,3,0,12,82,0,94,0,12,85,0,97,70,0,70,167
03/30/2020,SPG,FL,ASO,ES,Federal Contract Tower,0,0,0,0,0,0,0,46,0,46,0,0,46,0,46,26,0,26,72
03/31/2020,SPG,FL,ASO,ES,Federal Contract Tower,0,0,3,0,3,0,16,72,0,88,0,16,75,0,91,32,0,32,123
04/01/2020,SPG,FL,ASO,ES,Federal Contract Tower,0,0,7,0,7,0,13,36,0,49,0,13,43,0,56,50,0,50,106
04/02/2020,SPG,FL,ASO,ES,Federal Contract Tower,0,0,8,0,8,0,12,90,0,102,0,12,98,0,110,62,0,62,172
04/03/2020,SPG,FL,ASO,ES,Federal Contract Tower,0,0,9,0,9,0,0,73,0,73,0,0,82,0,82,90,0,90,172
04/04/2020,SPG,FL,ASO,ES,Federal Contract Tower,0,0,11,0,11,0,0,62,0,62,0,0,73,0,73,74,0,74,147
04/05/2020,SPG,FL,ASO,ES,Federal Contract Tower,0,0,6,0,6,0,7,6,0,13,0,7,12,0,19,4,0,4,23
04/06/2020,SPG,FL,ASO,ES,Federal Contract Tower,0,0,13,0,13,0,10,56,0,66,0,10,69,0,79,36,0,36,115
04/07/2020,SPG,FL,ASO,ES,Federal Contract Tower,0,0,8,0,8,0,0,50,0,50,0,0,58,0,58,86,0,86,144
04/08/2020,SPG,FL,ASO,ES,Federal Contract Tower,0,0,5,0,5,0,16,74,0,90,0,16,79,0,95,6,2,8,103
04/09/2020,SPG,FL,ASO,ES,Federal Contract Tower,0,0,11,0,11,0,12,79,0,91,0,12,90,0,102,82,0,82,184
04/10/2020,SPG,FL,ASO,ES,Federal Contract Tower,0,0,13,2,15,0,0,52,0,52,0,0,65,2,67,38,0,38,105
04/11/2020,SPG,FL,ASO,ES,Federal Contract Tower,0,0,10,0,10,0,0,82,0,82,0,0,92,0,92,116,0,116,208
04/12/2020,SPG,FL,ASO,ES,Federal Contract Tower,0,0,2,0,2,0,4,21,0,25,0,4,23,0,27,18,0,18,45
04/13/2020,SPG,FL,ASO,ES,Federal Contract Tower,0,0,11,0,11,0,12,62,0,74,0,12,73,0,85,28,0,28,113
04/14/2020,SPG,FL,ASO,ES,Federal Contract Tower,0,0,8,0,8,0,8,62,0,70,0,8,70,0,78,24,0,24,102
04/15/2020,SPG,FL,ASO,ES,Federal Contract Tower,0,0,14,0,14,0,0,18,0,18,0,0,32,0,32,10,0,10,42
04/16/2020,SPG,FL,ASO,ES,Federal Contract Tower,0,0,3,0,3,0,4,12,0,16,0,4,15,0,19,0,0,0,19
04/17/2020,SPG,FL,ASO,ES,Federal Contract Tower,0,0,10,0,10,0,0,77,0,77,0,0,87,0,87,80,0,80,167
04/18/2020,SPG,FL,ASO,ES,Federal Contract Tower,0,0,3,0,3,0,1,40,0,41,0,1,43,0,44,58,0,58,102
04/19/2020,SPG,FL,ASO,ES,Federal Contract Tower,0,0,9,0,9,0,10,74,0,84,0,10,83,0,93,66,0,66,159
04/20/2020,SPG,FL,ASO,ES,Federal Contract Tower,0,0,7,0,7,0,9,17,0,26,0,9,24,0,33,2,0,2,35
04/21/2020,SPG,FL,ASO,ES,Federal Contract Tower,0,0,12,0,12,0,10,112,0,122,0,10,124,0,134,164,0,164,298
04/22/2020,SPG,FL,ASO,ES,Federal Contract Tower,0,0,12,0,12,0,12,115,0,127,0,12,127,0,139,124,0,124,263
04/23/2020,SPG,FL,ASO,ES,Federal Contract Tower,0,0,5,0,5,0,10,87,0,97,0,10,92,0,102,84,0,84,186
04/24/2020,SPG,FL,ASO,ES,Federal Contract Tower,0,0,2,0,2,0,0,6,0,6,0,0,8,0,8,0,0,0,8
04/25/2020,SPG,FL,ASO,ES,Federal Contract Tower,0,0,9,0,9,0,2,43,0,45,0,2,52,0,54,36,0,36,90
04/26/2020,SPG,FL,ASO,ES,Federal Contract Tower,0,0,5,0,5,0,8,72,0,80,0,8,77,0,85,100,0,100,185
04/27/2020,SPG,FL,ASO,ES,Federal Contract Tower,0,0,9,0,9,0,18,102,0,120,0,18,111,0,129,108,0,108,237
04/28/2020,SPG,FL,ASO,ES,Federal Contract Tower,0,0,6,0,6,0,12,109,0,121,0,12,115,0,127,148,0,148,275
04/29/2020,SPG,FL,ASO,ES,Federal Contract Tower,0,2,10,0,12,0,14,112,0,126,0,16,122,0,138,92,0,92,230
04/30/2020,SPG,FL,ASO,ES,Federal Contract Tower,0,0,7,0,7,0,14,83,0,97,0,14,90,0,104,92,2,94,198
05/01/2020,SPG,FL,ASO,ES,Federal Contract Tower,0,0,11,0,11,0,0,125,0,125,0,0,136,0,136,118,0,118,254
05/02/2020,SPG,FL,ASO,ES,Federal Contract Tower,0,0,10,0,10,0,0,93,0,93,0,0,103,0,103,82,0,82,185
05/03/2020,SPG,FL,ASO,ES,Federal Contract Tower,0,0,13,0,13,0,14,100,0,114,0,14,113,0,127,102,0,102,229
05/04/2020,SPG,FL,ASO,ES,Federal Contract Tower,0,0,11,0,11,0,12,110,0,122,0,12,121,0,133,120,0,120,253
05/05/2020,SPG,FL,ASO,ES,Federal Contract Tower,0,0,13,0,13,0,0,88,0,88,0,0,101,0,101,178,0,178,279
05/06/2020,SPG,FL,ASO,ES,Federal Contract Tower,0,0,5,0,5,0,13,121,0,134,0,13,126,0,139,124,0,124,263
05/07/2020,SPG,FL,ASO,ES,Federal Contract Tower,0,0,15,0,15,0,14,118,0,132,0,14,133,0,147,164,0,164,311
05/08/2020,SPG,FL,ASO,ES,Federal Contract Tower,0,0,16,0,16,0,0,123,0,123,0,0,139,0,139,164,0,164,303
05/09/2020,SPG,FL,ASO,ES,Federal Contract Tower,0,0,14,0,14,0,0,86,0,86,0,0,100,0,100,128,0,128,228
05/10/2020,SPG,FL,ASO,ES,Federal Contract Tower,0,0,5,0,5,0,12,47,0,59,0,12,52,0,64,22,0,22,86
05/11/2020,SPG,FL,ASO,ES,Federal Contract Tower,0,0,10,0,10,0,14,112,0,126,0,14,122,0,136,114,0,114,250
05/12/2020,SPG,FL,ASO,ES,Federal Contract Tower,0,0,13,0,13,0,12,105,2,119,0,12,118,2,132,172,12,184,316
05/13/2020,SPG,FL,ASO,ES,Federal Contract Tower,0,0,11,0,11,0,0,78,0,78,0,0,89,0,89,216,0,216,305
05/14/2020,SPG,FL,ASO,ES,Federal Contract Tower,0,0,11,0,11,0,10,106,2,118,0,10,117,2,129,136,4,140,269
05/15/2020,SPG,FL,ASO,ES,Federal Contract Tower,0,0,17,0,17,0,0,85,8,93,0,0,102,8,110,142,0,142,252
05/16/2020,SPG,FL,ASO,ES,Federal Contract Tower,0,0,17,0,17,0,0,93,0,93,0,0,110,0,110,156,0,156,266
05/17/2020,SPG,FL,ASO,ES,Federal Contract Tower,0,0,0,20,20,0,0,14,134,148,0,0,14,154,168,0,118,118,286
05/18/2020,SPG,FL,ASO,ES,Federal Contract Tower,0,0,1,0,1,0,1,25,0,26,0,1,26,0,27,62,0,62,89
05/19/2020,SPG,FL,ASO,ES,Federal Contract Tower,0,0,22,0,22,0,3,90,0,93,0,3,112,0,115,192,0,192,307
05/20/2020,SPG,FL,ASO,ES,Federal Contract Tower,0,0,7,0,7,0,16,126,0,142,0,16,133,0,149,122,0,122,271
05/21/2020,SPG,FL,ASO,ES,Federal Contract Tower,0,0,16,0,16,0,12,127,0,139,0,12,143,0,155,156,8,164,319
05/22/2020,SPG,FL,ASO,ES,Federal Contract Tower,0,0,18,0,18,0,4,118,0,122,0,4,136,0,140,112,0,112,252
05/23/2020,SPG,FL,ASO,ES,Federal Contract Tower,0,0,15,0,15,0,0,85,2,87,0,0,100,2,102,106,14,120,222
05/24/2020,SPG,FL,ASO,ES,Federal Contract Tower,0,0,12,0,12,0,8,77,0,85,0,8,89,0,97,92,0,92,189
05/25/2020,SPG,FL,ASO,ES,Federal Contract Tower,0,0,8,0,8,0,12,46,0,58,0,12,54,0,66,76,0,76,142
05/26/2020,SPG,FL,ASO,ES,Federal Contract Tower,0,0,14,0,14,0,24,132,0,156,0,24,146,0,170,156,6,162,332
05/27/2020,SPG,FL,ASO,ES,Federal Contract Tower,0,0,16,0,16,0,0,101,2,103,0,0,117,2,119,174,16,190,309
05/28/2020,SPG,FL,ASO,ES,Federal Contract Tower,0,0,15,0,15,0,10,116,0,126,0,10,131,0,141,174,0,174,315
05/29/2020,SPG,FL,ASO,ES,Federal Contract Tower,0,0,10,0,10,0,2,110,2,114,0,2,120,2,124,262,20,282,406
05/30/2020,SPG,FL,ASO,ES,Federal Contract Tower,0,0,21,0,21,0,1,150,0,151,0,1,171,0,172,158,0,158,330
05/31/2020,SPG,FL,ASO,ES,Federal Contract Tower,0,0,26,0,26,0,14,138,2,154,0,14,164,2,180,166,18,184,364
06/01/2020,SPG,FL,ASO,ES,Federal Contract Tower,0,0,9,0,9,0,14,118,0,132,0,14,127,0,141,190,0,190,331
06/02/2020,SPG,FL,ASO,ES,Federal Contract Tower,0,0,14,0,14,0,14,116,0,130,0,14,130,0,144,180,0,180,324
06/03/2020,SPG,FL,ASO,ES,Federal Contract Tower,0,0,6,0,6,0,10,99,0,109,0,10,105,0,115,126,0,126,241
06/04/2020,SPG,FL,ASO,ES,Federal Contract Tower,0,0,9,0,9,0,0,40,2,42,0,0,49,2,51,36,0,36,87
06/05/2020,SPG,FL,ASO,ES,Federal Contract Tower,0,0,12,0,12,0,2,68,0,70,0,2,80,0,82,72,0,72,154
06/06/2020,SPG,FL,ASO,ES,Federal Contract Tower,0,0,2,0,2,0,0,7,0,7,0,0,9,0,9,0,0,0,9
06/07/2020,SPG,FL,ASO,ES,Federal Contract Tower,0,0,6,0,6,0,8,27,0,35,0,8,33,0,41,64,0,64,105
06/08/2020,SPG,FL,ASO,ES,Federal Contract Tower,0,0,13,0,13,0,12,109,0,121,0,12,122,0,134,106,0,106,240
06/09/2020,SPG,FL,ASO,ES,Federal Contract Tower,0,0,12,0,12,0,14,122,2,138,0,14,134,2,150,116,12,128,278
06/10/2020,SPG,FL,ASO,ES,Federal Contract Tower,0,0,8,0,8,0,0,75,0,75,0,0,83,0,83,170,0,170,253
06/11/2020,SPG,FL,ASO,ES,Federal Contract Tower,0,0,14,0,14,0,6,125,0,131,0,6,139,0,145,152,0,152,297
06/12/2020,SPG,FL,ASO,ES,Federal Contract Tower,0,0,18,0,18,0,0,121,0,121,0,0,139,0,139,160,0,160,299
06/13/2020,SPG,FL,ASO,ES,Federal Contract Tower,0,0,15,0,15,0,0,63,0,63,0,0,78,0,78,120,0,120,198
06/14/2020,SPG,FL,ASO,ES,Federal Contract Tower,0,0,16,0,16,0,0,89,0,89,0,0,105,0,105,28,0,28,133
06/15/2020,SPG,FL,ASO,ES,Federal Contract Tower,0,0,3,0,3,0,6,125,2,133,0,6,128,2,136,214,10,224,360
06/16/2020,SPG,FL,ASO,ES,Federal Contract Tower,0,0,17,0,17,0,1,86,0,87,0,1,103,0,104,234,10,244,348
06/17/2020,SPG,FL,ASO,ES,Federal Contract Tower,0,0,8,0,8,0,10,124,0,134,0,10,132,0,142,138,0,138,280
06/18/2020,SPG,FL,ASO,ES,Federal Contract Tower,0,0,7,0,7,0,4,102,0,106,0,4,109,0,113,180,0,180,293
06/19/2020,SPG,FL,ASO,ES,Federal Contract Tower,0,0,26,0,26,0,0,118,6,124,0,0,144,6,150,144,0,144,294
06/20/2020,SPG,FL,ASO,ES,Federal Contract Tower,0,0,16,0,16,0,0,116,2,118,0,0,132,2,134,100,0,100,234
06/21/2020,SPG,FL,ASO,ES,Federal Contract Tower,0,0,23,0,23,0,6,148,0,154,0,6,171,0,177,114,0,114,291
06/22/2020,SPG,FL,ASO,ES,Federal Contract Tower,0,0,12,0,12,0,8,100,0,108,0,8,112,0,120,172,0,172,292
06/23/2020,SPG,FL,ASO,ES,Federal Contract Tower,0,0,12,0,12,0,11,99,0,110,0,11,111,0,122,142,0,142,264
06/24/2020,SPG,FL,ASO,ES,Federal Contract Tower,0,0,8,0,8,0,1,95,0,96,0,1,103,0,104,198,0,198,302
06/25/2020,SPG,FL,ASO,ES,Federal Contract Tower,0,0,17,0,17,0,12,123,0,135,0,12,140,0,152,208,0,208,360
06/26/2020,SPG,FL,ASO,ES,Federal Contract Tower,0,0,17,0,17,0,0,90,2,92,0,0,107,2,109,138,0,138,247
06/27/2020,SPG,FL,ASO,ES,Federal Contract Tower,0,0,15,0,15,0,2,113,0,115,0,2,128,0,130,134,0,134,264
06/28/2020,SPG,FL,ASO,ES,Federal Contract Tower,0,0,18,0,18,0,12,125,2,139,0,12,143,2,157,148,8,156,313
06/29/2020,SPG,FL,ASO,ES,Federal Contract Tower,0,0,11,0,11,0,3,103,0,106,0,3,114,0,117,178,0,178,295
06/30/2020,SPG,FL,ASO,ES,Federal Contract Tower,0,0,5,0,5,0,10,118,0,128,0,10,123,0,133,222,0,222,355
07/01/2020,SPG,FL,ASO,ES,Federal Contract Tower,0,0,13,0,13,0,14,121,0,135,0,14,134,0,148,154,0,154,302
07/02/2020,SPG,FL,ASO,ES,Federal Contract Tower,0,0,11,0,11,0,12,131,2,145,0,12,142,2,156,138,0,138,294
07/03/2020,SPG,FL,ASO,ES,Federal Contract Tower,0,0,17,0,17,0,0,84,0,84,0,0,101,0,101,110,0,110,211
07/04/2020,SPG,FL,ASO,ES,Federal Contract Tower,0,0,2,0,2,0,1,92,0,93,0,1,94,0,95,158,2,160,255
07/05/2020,SPG,FL,ASO,ES,Federal Contract Tower,0,0,4,0,4,0,0,93,0,93,0,0,97,0,97,176,0,176,273
07/06/2020,SPG,FL,ASO,ES,Federal Contract Tower,0,0,2,0,2,0,10,91,4,105,0,10,93,4,107,130,24,154,261
07/07/2020,SPG,FL,ASO,ES,Federal Contract Tower,0,0,9,0,9,0,12,103,0,115,0,12,112,0,124,138,0,138,262
07/08/2020,SPG,FL,ASO,ES,Federal Contract Tower,0,0,6,0,6,0,10,108,0,118,0,10,114,0,124,156,0,156,280
07/09/2020,SPG,FL,ASO,ES,Federal Contract Tower,0,0,9,0,9,0,10,89,0,99,0,10,98,0,108,154,0,154,262
07/10/2020,SPG,FL,ASO,ES,Federal Contract Tower,0,0,12,0,12,0,1,87,0,88,0,1,99,0,100,94,0,94,194
07/11/2020,SPG,FL,ASO,ES,Federal Contract Tower,0,0,13,0,13,0,0,84,0,84,0,0,97,0,97,176,0,176,273
07/12/2020,SPG,FL,ASO,ES,Federal Contract Tower,0,0,15,0,15,0,6,110,2,118,0,6,125,2,133,104,2,106,239
07/13/2020,SPG,FL,ASO,ES,Federal Contract Tower,0,0,13,0,13,0,14,109,0,123,0,14,122,0,136,108,0,108,244
07/14/2020,SPG,FL,ASO,ES,Federal Contract Tower,0,0,11,0,11,0,18,89,0,107,0,18,100,0,118,162,0,162,280
07/15/2020,SPG,FL,ASO,ES,Federal Contract Tower,0,0,15,0,15,0,10,109,0,119,0,10,124,0,134,136,0,136,270
07/16/2020,SPG,FL,ASO,ES,Federal Contract Tower,0,0,13,0,13,0,12,112,0,124,0,12,125,0,137,160,0,160,297
07/17/2020,SPG,FL,ASO,ES,Federal Contract Tower,0,0,2,0,2,0,1,98,4,103,0,1,100,4,105,66,30,96,201
07/18/2020,SPG,FL,ASO,ES,Federal Contract Tower,0,0,10,0,10,0,0,88,0,88,0,0,98,0,98,122,0,122,220
07/19/2020,SPG,FL,ASO,ES,Federal Contract Tower,0,0,7,0,7,0,12,100,2,114,0,12,107,2,121,84,22,106,227
07/20/2020,SPG,FL,ASO,ES,Federal Contract Tower,0,0,12,0,12,0,12,106,1,119,0,12,118,1,131,150,2,152,283
07/21/2020,SPG,FL,ASO,ES,Federal Contract Tower,0,0,6,0,6,0,6,88,2,96,0,6,94,2,102,104,6,110,212
07/22/2020,SPG,FL,ASO,ES,Federal Contract Tower,0,0,13,0,13,0,9,87,2,98,0,9,100,2,111,144,0,144,255
07/23/2020,SPG,FL,ASO,ES,Federal Contract Tower,0,0,13,0,13,0,0,61,4,65,0,0,74,4,78,96,22,118,196
07/24/2020,SPG,FL,ASO,ES,Federal Contract Tower,0,0,21,2,23,0,0,91,1,92,0,0,112,3,115,104,8,112,227
07/25/2020,SPG,FL,ASO,ES,Federal Contract Tower,0,0,8,0,8,0,0,97,2,99,0,0,105,2,107,148,12,160,267
07/26/2020,SPG,FL,ASO,ES,Federal Contract Tower,0,0,14,0,14,0,4,119,0,123,0,4,133,0,137,118,0,118,255
07/27/2020,SPG,FL,ASO,ES,Federal Contract Tower,0,0,10,0,10,0,10,106,0,116,0,10,116,0,126,128,0,128,254
07/28/2020,SPG,FL,ASO,ES,Federal Contract Tower,0,0,16,0,16,0,8,89,0,97,0,8,105,0,113,176,0,176,289
07/29/2020,SPG,FL,ASO,ES,Federal Contract Tower,0,0,9,0,9,0,12,107,0,119,0,12,116,0,128,120,2,122,250
07/30/2020,SPG,FL,ASO,ES,Federal Contract Tower,0,0,14,0,14,0,8,115,2,125,0,8,129,2,139,150,8,158,297
07/31/2020,SPG,FL,ASO,ES,Federal Contract Tower,0,0,16,0,16,0,0,50,0,50,0,0,66,0,66,74,0,74,140
08/01/2020,SPG,FL,ASO,ES,Federal Contract Tower,0,0,11,0,11,0,0,89,0,89,0,0,100,0,100,136,0,136,236
08/02/2020,SPG,FL,ASO,ES,Federal Contract Tower,0,0,7,0,7,0,0,45,0,45,0,0,52,0,52,64,0,64,116
08/03/2020,SPG,FL,ASO,ES,Federal Contract Tower,0,0,5,0,5,0,10,117,0,127,0,10,122,0,132,114,18,132,264
08/04/2020,SPG,FL,ASO,ES,Federal Contract Tower,0,0,16,0,16,0,10,108,3,121,0,10,124,3,137,158,8,166,303
08/05/2020,SPG,FL,ASO,ES,Federal Contract Tower,0,0,11,0,11,0,10,108,2,120,0,10,119,2,131,182,24,206,337
08/06/2020,SPG,FL,ASO,ES,Federal Contract Tower,0,0,7,0,7,0,8,121,0,129,0,8,128,0,136,144,8,152,288
08/07/2020,SPG,FL,ASO,ES,Federal Contract Tower,0,0,8,0,8,0,2,134,2,138,0,2,142,2,146,192,2,194,340
08/08/2020,SPG,FL,ASO,ES,Federal Contract Tower,0,0,11,0,11,0,0,105,0,105,0,0,116,0,116,102,0,102,218
08/09/2020,SPG,FL,ASO,ES,Federal Contract Tower,0,0,19,0,19,0,10,109,0,119,0,10,128,0,138,100,0,100,238
08/10/2020,SPG,FL,ASO,ES,Federal Contract Tower,0,0,13,0,13,0,0,115,2,117,0,0,128,2,130,68,12,80,210
08/11/2020,SPG,FL,ASO,ES,Federal Contract Tower,0,0,16,0,16,0,10,106,2,118,0,10,122,2,134,122,8,130,264
08/12/2020,SPG,FL,ASO,ES,Federal Contract Tower,0,0,19,0,19,0,12,110,4,126,0,12,129,4,145,158,10,168,313
08/13/2020,SPG,FL,ASO,ES,Federal Contract Tower,0,0,19,0,19,0,4,126,6,136,0,4,145,6,155,172,6,178,333
08/14/2020,SPG,FL,ASO,ES,Federal Contract Tower,0,0,15,0,15,0,0,98,0,98,0,0,113,0,113,128,0,128,241
08/15/2020,SPG,FL,ASO,ES,Federal Contract Tower,0,0,9,0,9,0,1,83,0,84,0,1,92,0,93,68,0,68,161
08/16/2020,SPG,FL,ASO,ES,Federal Contract Tower,0,0,13,0,13,0,1,78,0,79,0,1,91,0,92,92,0,92,184
08/17/2020,SPG,FL,ASO,ES,Federal Contract Tower,0,0,8,0,8,0,8,95,2,105,0,8,103,2,113,62,6,68,181
08/18/2020,SPG,FL,ASO,ES,Federal Contract Tower,0,0,10,0,10,0,0,102,2,104,0,0,112,2,114,166,14,180,294
08/19/2020,SPG,FL,ASO,ES,Federal Contract Tower,0,0,7,0,7,0,6,107,2,115,0,6,114,2,122,126,16,142,264
08/20/2020,SPG,FL,ASO,ES,Federal Contract Tower,0,0,11,0,11,0,8,85,0,93,0,8,96,0,104,134,0,134,238
08/21/2020,SPG,FL,ASO,ES,Federal Contract Tower,0,0,13,0,13,0,0,42,0,42,0,0,55,0,55,110,0,110,165
08/22/2020,SPG,FL,ASO,ES,Federal Contract Tower,0,0,9,0,9,0,1,62,0,63,0,1,71,0,72,94,0,94,166
08/23/2020,SPG,FL,ASO,ES,Federal Contract Tower,0,0,15,0,15,0,4,83,0,87,0,4,98,0,102,60,0,60,162
08/24/2020,SPG,FL,ASO,ES,Federal Contract Tower,0,0,0,4,4,0,12,56,0,68,0,12,56,4,72,62,0,62,134
08/25/2020,SPG,FL,ASO,ES,Federal Contract Tower,0,0,4,0,4,0,4,94,0,98,0,4,98,0,102,114,0,114,216
08/26/2020,SPG,FL,ASO,ES,Federal Contract Tower,0,0,15,0,15,0,7,106,0,113,0,7,121,0,128,170,0,170,298
08/27/2020,SPG,FL,ASO,ES,Federal Contract Tower,0,0,10,0,10,0,0,104,0,104,0,0,114,0,114,124,0,124,238
08/28/2020,SPG,FL,ASO,ES,Federal Contract Tower,0,0,21,0,21,0,0,128,0,128,0,0,149,0,149,160,0,160,309
08/29/2020,SPG,FL,ASO,ES,Federal Contract Tower,0,0,16,0,16,0,0,97,0,97,0,0,113,0,113,58,0,58,171
08/30/2020,SPG,FL,ASO,ES,Federal Contract Tower,0,0,24,0,24,0,51,2,0,53,0,51,26,0,77,40,0,40,117
08/31/2020,SPG,FL,ASO,ES,Federal Contract Tower,0,0,18,0,18,0,12,77,2,91,0,12,95,2,109,114,16,130,239
09/01/2020,SPG,FL,ASO,ES,Federal Contract Tower,0,0,7,0,7,0,10,99,0,109,0,10,106,0,116,170,0,170,286
09/02/2020,SPG,FL,ASO,ES,Federal Contract Tower,0,0,14,0,14,0,7,111,0,118,0,7,125,0,132,218,12,230,362
09/03/2020,SPG,FL,ASO,ES,Federal Contract Tower,0,0,12,0,12,0,12,128,0,140,0,12,140,0,152,168,0,168,320
09/04/2020,SPG,FL,ASO,ES,Federal Contract Tower,0,0,16,0,16,0,0,112,0,112,0,0,128,0,128,144,0,144,272
09/05/2020,SPG,FL,ASO,ES,Federal Contract Tower,0,0,11,0,11,0,0,110,0,110,0,0,121,0,121,134,0,134,255
09/06/2020,SPG,FL,ASO,ES,Federal Contract Tower,0,0,1,0,1,0,4,95,0,99,0,4,96,0,100,98,0,98,198
09/07/2020,SPG,FL,ASO,ES,Federal Contract Tower,0,0,12,0,12,0,8,111,0,119,0,8,123,0,131,164,0,164,295
09/08/2020,SPG,FL,ASO,ES,Federal Contract Tower,0,0,16,0,16,0,8,79,0,87,0,8,95,0,103,126,2,128,231
09/09/2020,SPG,FL,ASO,ES,Federal Contract Tower,0,0,11,0,11,0,5,50,4,59,0,5,61,4,70,62,26,88,158
09/10/2020,SPG,FL,ASO,ES,Federal Contract Tower,0,0,21,0,21,0,8,92,0,100,0,8,113,0,121,116,14,130,251
09/11/2020,SPG,FL,ASO,ES,Federal Contract Tower,0,0,19,0,19,0,0,60,0,60,0,0,79,0,79,148,0,148,227
09/12/2020,SPG,FL,ASO,ES,Federal Contract Tower,0,0,13,0,13,0,0,31,0,31,0,0,44,0,44,74,0,74,118
09/13/2020,SPG,FL,ASO,ES,Federal Contract Tower,0,0,5,0,5,0,0,2,0,2,0,0,7,0,7,0,0,0,7
09/14/2020,SPG,FL,ASO,ES,Federal Contract Tower,0,0,11,0,11,0,12,58,4,74,0,12,69,4,85,102,40,142,227
09/15/2020,SPG,FL,ASO,ES,Federal Contract Tower,0,0,13,0,13,0,10,97,2,109,0,10,110,2,122,114,8,122,244
09/16/2020,SPG,FL,ASO,ES,Federal Contract Tower,0,0,11,0,11,0,8,83,0,91,0,8,94,0,102,158,0,158,260
09/17/2020,SPG,FL,ASO,ES,Federal Contract Tower,0,1,17,0,18,0,6,55,0,61,0,7,72,0,79,46,0,46,125
09/18/2020,SPG,FL,ASO,ES,Federal Contract Tower,0,2,20,0,22,0,0,120,0,120,0,2,140,0,142,136,0,136,278
09/19/2020,SPG,FL,ASO,ES,Federal Contract Tower,0,0,8,0,8,0,0,113,0,113,0,0,121,0,121,166,0,166,287
09/20/2020,SPG,FL,ASO,ES,Federal Contract Tower,0,0,16,0,16,0,0,50,0,50,0,0,66,0,66,60,0,60,126
09/21/2020,SPG,FL,ASO,ES,Federal Contract Tower,0,0,11,0,11,0,0,35,2,37,0,0,46,2,48,24,12,36,84
09/22/2020,SPG,FL,ASO,ES,Federal Contract Tower,0,0,27,0,27,0,10,76,1,87,0,10,103,1,114,106,54,160,274
09/23/2020,SPG,FL,ASO,ES,Federal Contract Tower,0,0,23,0,23,0,0,121,4,125,0,0,144,4,148,202,14,216,364
09/24/2020,SPG,FL,ASO,ES,Federal Contract Tower,0,0,20,0,20,0,0,115,4,119,0,0,135,4,139,160,18,178,317
09/25/2020,SPG,FL,ASO,ES,Federal Contract Tower,0,0,18,0,18,0,4,82,0,86,0,4,100,0,104,120,0,120,224
09/26/2020,SPG,FL,ASO,ES,Federal Contract Tower,0,0,11,0,11,0,0,112,0,112,0,0,123,0,123,148,0,148,271
09/27/2020,SPG,FL,ASO,ES,Federal Contract Tower,0,0,12,0,12,0,6,109,0,115,0,6,121,0,127,148,0,148,275
09/28/2020,SPG,FL,ASO,ES,Federal Contract Tower,0,0,18,0,18,0,10,108,6,124,0,10,126,6,142,90,34,124,266
09/29/2020,SPG,FL,ASO,ES,Federal Contract Tower,0,0,8,0,8,0,4,80,2,86,0,4,88,2,94,104,2,106,200
09/30/2020,SPG,FL,ASO,ES,Federal Contract Tower,0,0,14,0,14,0,4,107,0,111,0,4,121,0,125,122,0,122,247
10/01/2020,SPG,FL,ASO,ES,Federal Contract Tower,0,0,9,0,9,0,9,106,2,117,0,9,115,2,126,246,16,262,388
10/02/2020,SPG,FL,ASO,ES,Federal Contract Tower,0,0,14,0,14,0,0,120,0,120,0,0,134,0,134,196,0,196,330
10/03/2020,SPG,FL,ASO,ES,Federal Contract Tower,0,0,15,0,15,0,0,70,0,70,0,0,85,0,85,214,0,214,299
10/04/2020,SPG,FL,ASO,ES,Federal Contract Tower,0,0,11,0,11,0,0,10,0,10,0,0,21,0,21,0,0,0,21
10/05/2020,SPG,FL,ASO,ES,Federal Contract Tower,0,0,18,0,18,0,6,91,0,97,0,6,109,0,115,158,0,158,273
10/06/2020,SPG,FL,ASO,ES,Federal Contract Tower,0,0,16,0,16,0,4,99,0,103,0,4,115,0,119,153,0,153,272
10/07/2020,SPG,FL,ASO,ES,Federal Contract Tower,0,0,6,0,6,0,2,84,0,86,0,2,90,0,92,184,10,194,286
10/08/2020,SPG,FL,ASO,ES,Federal Contract Tower,0,0,8,0,8,0,8,120,0,128,0,8,128,0,136,254,0,254,390
10/09/2020,SPG,FL,ASO,ES,Federal Contract Tower,0,0,9,0,9,0,0,133,0,133,0,0,142,0,142,148,0,148,290
10/10/2020,SPG,FL,ASO,ES,Federal Contract Tower,0,0,17,0,17,0,0,90,2,92,0,0,107,2,109,164,6,170,279
10/11/2020,SPG,FL,ASO,ES,Federal Contract Tower,0,0,14,0,14,0,2,84,0,86,0,2,98,0,100,126,0,126,226
10/12/2020,SPG,FL,ASO,ES,Federal Contract Tower,0,0,13,0,13,0,9,116,0,125,0,9,129,0,138,122,2,124,262
10/13/2020,SPG,FL,ASO,ES,Federal Contract Tower,0,0,26,0,26,0,0,110,10,120,0,0,136,10,146,132,30,162,308
10/14/2020,SPG,FL,ASO,ES,Federal Contract Tower,0,0,18,0,18,0,10,113,3,126,0,10,131,3,144,130,0,130,274
10/15/2020,SPG,FL,ASO,ES,Federal Contract Tower,0,0,18,0,18,0,4,136,0,140,0,4,154,0,158,210,0,210,368
10/16/2020,SPG,FL,ASO,ES,Federal Contract Tower,0,0,17,1,18,0,0,136,0,136,0,0,153,1,154,176,24,200,354
10/17/2020,SPG,FL,ASO,ES,Federal Contract Tower,0,0,10,0,10,0,0,117,0,117,0,0,127,0,127,144,0,144,271
10/18/2020,SPG,FL,ASO,ES,Federal Contract Tower,0,0,28,0,28,0,4,107,0,111,0,4,135,0,139,120,0,120,259
10/19/2020,SPG,FL,ASO,ES,Federal Contract Tower,0,0,4,0,4,0,0,22,2,24,0,0,26,2,28,66,0,66,94
10/20/2020,SPG,FL,ASO,ES,Federal Contract Tower,0,0,8,0,8,0,4,37,0,41,0,4,45,0,49,28,0,28,77
10/21/2020,SPG,FL,ASO,ES,Federal Contract Tower,0,0,9,0,9,0,0,53,0,53,0,0,62,0,62,88,0,88,150
10/22/2020,SPG,FL,ASO,ES,Federal Contract Tower,0,0,18,0,18,0,12,91,4,107,0,12,109,4,125,78,14,92,217
10/23/2020,SPG,FL,ASO,ES,Federal Contract Tower,0,0,17,0,17,0,0,88,0,88,0,0,105,0,105,106,2,108,213
10/24/2020,SPG,FL,ASO,ES,Federal Contract Tower,0,0,13,0,13,0,0,108,0,108,0,0,121,0,121,94,0,94,215
10/25/2020,SPG,FL,ASO,ES,Federal Contract Tower,0,0,20,0,20,0,0,97,0,97,0,0,117,0,117,38,1,39,156
10/26/2020,SPG,FL,ASO,ES,Federal Contract Tower,0,0,13,0,13,0,0,83,0,83,0,0,96,0,96,134,0,134,230
10/27/2020,SPG,FL,ASO,ES,Federal Contract Tower,0,0,8,0,8,0,1,91,0,92,0,1,99,0,100,200,0,200,300
10/28/2020,SPG,FL,ASO,ES,Federal Contract Tower,0,0,12,0,12,0,10,120,0,130,0,10,132,0,142,130,0,130,272
10/29/2020,SPG,FL,ASO,ES,Federal Contract Tower,0,0,19,0,19,0,0,53,0,53,0,0,72,0,72,38,0,38,110
10/30/2020,SPG,FL,ASO,ES,Federal Contract Tower,0,0,19,0,19,0,0,127,0,127,0,0,146,0,146,164,0,164,310
10/31/2020,SPG,FL,ASO,ES,Federal Contract Tower,0,0,13,0,13,0,0,104,0,104,0,0,117,0,117,98,0,98,215
11/01/2020,SPG,FL,ASO,ES,Federal Contract Tower,0,0,10,0,10,0,4,100,0,104,0,4,110,0,114,96,0,96,210
11/02/2020,SPG,FL,ASO,ES,Federal Contract Tower,0,0,4,0,4,0,3,57,0,60,0,3,61,0,64,26,0,26,90
11/03/2020,SPG,FL,ASO,ES,Federal Contract Tower,0,0,25,0,25,0,0,136,1,137,0,0,161,1,162,94,0,94,256
11/04/2020,SPG,FL,ASO,ES,Federal Contract Tower,0,0,14,0,14,0,0,71,0,71,0,0,85,0,85,86,0,86,171
11/05/2020,SPG,FL,ASO,ES,Federal Contract Tower,0,0,16,0,16,0,8,104,0,112,0,8,120,0,128,168,0,168,296
11/06/2020,SPG,FL,ASO,ES,Federal Contract Tower,0,0,15,0,15,0,0,107,4,111,0,0,122,4,126,182,12,194,320
11/07/2020,SPG,FL,ASO,ES,Federal Contract Tower,0,0,13,0,13,0,0,93,0,93,0,0,106,0,106,88,0,88,194
11/08/2020,SPG,FL,ASO,ES,Federal Contract Tower,0,0,5,0,5,0,4,29,0,33,0,4,34,0,38,62,0,62,100
11/09/2020,SPG,FL,ASO,ES,Federal Contract Tower,0,0,2,0,2,0,0,7,0,7,0,0,9,0,9,6,0,6,15
11/10/2020,SPG,FL,ASO,ES,Federal Contract Tower,0,0,11,0,11,0,4,80,2,86,0,4,91,2,97,114,2,116,213
11/11/2020,SPG,FL,ASO,ES,Federal Contract Tower,0,0,2,0,2,0,0,3,0,3,0,0,5,0,5,0,0,0,5
11/12/2020,SPG,FL,ASO,ES,Federal Contract Tower,0,0,7,0,7,0,4,69,0,73,0,4,76,0,80,90,0,90,170
11/13/2020,SPG,FL,ASO,ES,Federal Contract Tower,0,0,31,0,31,0,0,118,0,118,0,0,149,0,149,194,0,194,343
11/14/2020,SPG,FL,ASO,ES,Federal Contract Tower,0,0,33,0,33,0,0,140,0,140,0,0,173,0,173,136,0,136,309
11/15/2020,SPG,FL,ASO,ES,Federal Contract Tower,0,0,24,0,24,0,0,121,0,121,0,0,145,0,145,128,0,128,273
11/16/2020,SPG,FL,ASO,ES,Federal Contract Tower,0,0,16,0,16,0,6,119,0,125,0,6,135,0,141,112,0,112,253
11/17/2020,SPG,FL,ASO,ES,Federal Contract Tower,0,0,27,0,27,0,10,111,0,121,0,10,138,0,148,94,0,94,242
11/18/2020,SPG,FL,ASO,ES,Federal Contract Tower,0,0,20,0,20,0,10,95,0,105,0,10,115,0,125,92,0,92,217
11/19/2020,SPG,FL,ASO,ES,Federal Contract Tower,0,0,12,0,12,0,12,86,2,100,0,12,98,2,112,48,2,50,162
11/20/2020,SPG,FL,ASO,ES,Federal Contract Tower,0,0,15,0,15,0,0,112,2,114,0,0,127,2,129,126,2,128,257
11/21/2020,SPG,FL,ASO,ES,Federal Contract Tower,0,0,31,0,31,0,0,57,4,61,0,0,88,4,92,12,12,24,116
11/22/2020,SPG,FL,ASO,ES,Federal Contract Tower,0,0,31,0,31,0,0,49,0,49,0,0,80,0,80,92,0,92,172
11/23/2020,SPG,FL,ASO,ES,Federal Contract Tower,0,0,34,0,34,0,0,98,2,100,0,0,132,2,134,132,2,134,268
11/24/2020,SPG,FL,ASO,ES,Federal Contract Tower,0,0,16,0,16,0,0,119,0,119,0,0,135,0,135,164,0,164,299
11/25/2020,SPG,FL,ASO,ES,Federal Contract Tower,0,0,7,0,7,0,0,115,0,115,0,0,122,0,122,180,0,180,302
11/26/2020,SPG,FL,ASO,ES,Federal Contract Tower,0,0,4,0,4,0,0,61,0,61,0,0,65,0,65,112,0,112,177
11/27/2020,SPG,FL,ASO,ES,Federal Contract Tower,0,0,18,0,18,0,0,135,0,135,0,0,153,0,153,266,0,266,419
11/28/2020,SPG,FL,ASO,ES,Federal Contract Tower,0,0,19,0,19,0,0,132,2,134,0,0,151,2,153,106,24,130,283
11/29/2020,SPG,FL,ASO,ES,Federal Contract Tower,0,0,21,0,21,0,0,115,0,115,0,0,136,0,136,122,0,122,258
11/30/2020,SPG,FL,ASO,ES,Federal Contract Tower,0,0,7,0,7,0,0,24,0,24,0,0,31,0,31,22,0,22,53
12/01/2020,SPG,FL,ASO,ES,Federal Contract Tower,0,0,16,0,16,0,8,97,0,105,0,8,113,0,121,152,18,170,291
12/02/2020,SPG,FL,ASO,ES,Federal Contract Tower,0,0,15,0,15,0,9,105,2,116,0,9,120,2,131,116,0,116,247
12/03/2020,SPG,FL,ASO,ES,Federal Contract Tower,0,0,11,0,11,0,8,130,0,138,0,8,141,0,149,264,6,270,419
12/04/2020,SPG,FL,ASO,ES,Federal Contract Tower,0,0,12,0,12,0,0,70,2,72,0,0,82,2,84,152,14,166,250
12/05/2020,SPG,FL,ASO,ES,Federal Contract Tower,0,0,19,0,19,0,0,138,2,140,0,0,157,2,159,122,0,122,281
12/06/2020,SPG,FL,ASO,ES,Federal Contract Tower,0,0,20,0,20,0,0,150,0,150,0,0,170,0,170,174,0,174,344
12/07/2020,SPG,FL,ASO,ES,Federal Contract Tower,0,0,19,0,19,0,0,22,0,22,0,0,41,0,41,18,0,18,59
12/08/2020,SPG,FL,ASO,ES,Federal Contract Tower,0,0,15,0,15,0,12,115,0,127,0,12,130,0,142,160,0,160,302
12/09/2020,SPG,FL,ASO,ES,Federal Contract Tower,0,0,13,0,13,0,5,116,0,121,0,5,129,0,134,162,0,162,296
12/10/2020,SPG,FL,ASO,ES,Federal Contract Tower,0,0,13,0,13,0,4,148,0,152,0,4,161,0,165,202,0,202,367
12/11/2020,SPG,FL,ASO,ES,Federal Contract Tower,0,0,21,0,21,0,0,113,4,117,0,0,134,4,138,244,6,250,388
12/12/2020,SPG,FL,ASO,ES,Federal Contract Tower,0,0,22,0,22,0,0,140,0,140,0,0,162,0,162,120,0,120,282
12/13/2020,SPG,FL,ASO,ES,Federal Contract Tower,0,0,17,0,17,0,8,136,0,144,0,8,153,0,161,120,0,120,281
12/14/2020,SPG,FL,ASO,ES,Federal Contract Tower,0,0,21,0,21,0,0,50,0,50,0,0,71,0,71,36,0,36,107
12/15/2020,SPG,FL,ASO,ES,Federal Contract Tower,0,0,22,0,22,0,7,116,0,123,0,7,138,0,145,154,42,196,341
12/16/2020,SPG,FL,ASO,ES,Federal Contract Tower,0,0,7,0,7,0,0,32,2,34,0,0,39,2,41,32,22,54,95
12/17/2020,SPG,FL,ASO,ES,Federal Contract Tower,0,0,16,0,16,0,16,118,0,134,0,16,134,0,150,122,0,122,272
12/18/2020,SPG,FL,ASO,ES,Federal Contract Tower,0,0,15,0,15,0,0,123,1,124,0,0,138,1,139,112,0,112,251
12/19/2020,SPG,FL,ASO,ES,Federal Contract Tower,0,0,24,0,24,0,0,152,2,154,0,0,176,2,178,136,4,140,318
12/20/2020,SPG,FL,ASO,ES,Federal Contract Tower,0,0,13,0,13,0,0,38,0,38,0,0,51,0,51,102,0,102,153
12/21/2020,SPG,FL,ASO,ES,Federal Contract Tower,0,0,10,1,11,0,0,99,1,100,0,0,109,2,111,118,0,118,229
12/22/2020,SPG,FL,ASO,ES,Federal Contract Tower,0,0,13,0,13,0,12,119,2,133,0,12,132,2,146,88,16,104,250
12/23/2020,SPG,FL,ASO,ES,Federal Contract Tower,0,0,16,0,16,0,0,104,0,104,0,0,120,0,120,124,0,124,244
12/24/2020,SPG,FL,ASO,ES,Federal Contract Tower,0,0,6,0,6,0,0,69,0,69,0,0,75,0,75,52,0,52,127
12/25/2020,SPG,FL,ASO,ES,Federal Contract Tower,0,0,3,0,3,0,0,46,0,46,0,0,49,0,49,16,0,16,65
12/26/2020,SPG,FL,ASO,ES,Federal Contract Tower,0,0,19,0,19,0,0,113,2,115,0,0,132,2,134,112,2,114,248
12/27/2020,SPG,FL,ASO,ES,Federal Contract Tower,0,0,11,0,11,0,8,136,2,146,0,8,147,2,157,144,10,154,311
12/28/2020,SPG,FL,ASO,ES,Federal Contract Tower,0,0,15,0,15,0,10,126,2,138,0,10,141,2,153,138,0,138,291
12/29/2020,SPG,FL,ASO,ES,Federal Contract Tower,0,0,11,0,11,0,8,76,0,84,0,8,87,0,95,176,0,176,271
12/30/2020,SPG,FL,ASO,ES,Federal Contract Tower,0,0,9,0,9,0,12,117,0,129,0,12,126,0,138,98,0,98,236
12/31/2020,SPG,FL,ASO,ES,Federal Contract Tower,0,0,16,0,16,0,0,100,0,100,0,0,116,0,116,176,0,176,292
01/01/2021,SPG,FL,ASO,ES,Federal Contract Tower,0,0,7,0,7,0,0,114,0,114,0,0,121,0,121,82,0,82,203
01/02/2021,SPG,FL,ASO,ES,Federal Contract Tower,0,0,25,0,25,0,0,60,0,60,0,0,85,0,85,110,2,112,197
01/03/2021,SPG,FL,ASO,ES,Federal Contract Tower,0,0,30,0,30,0,0,70,0,70,0,0,100,0,100,74,0,74,174
01/04/2021,SPG,FL,ASO,ES,Federal Contract Tower,0,0,12,0,12,0,13,73,0,86,0,13,85,0,98,44,0,44,142
01/05/2021,SPG,FL,ASO,ES,Federal Contract Tower,0,0,13,0,13,0,8,117,0,125,0,8,130,0,138,138,0,138,276
01/06/2021,SPG,FL,ASO,ES,Federal Contract Tower,0,0,29,0,29,0,10,134,0,144,0,10,163,0,173,142,0,142,315
01/07/2021,SPG,FL,ASO,ES,Federal Contract Tower,0,0,14,0,14,0,10,111,0,121,0,10,125,0,135,174,0,174,309
01/08/2021,SPG,FL,ASO,ES,Federal Contract Tower,0,0,11,0,11,0,0,68,0,68,0,0,79,0,79,60,0,60,139
01/09/2021,SPG,FL,ASO,ES,Federal Contract Tower,0,0,31,0,31,0,0,107,0,107,0,0,138,0,138,166,0,166,304
01/10/2021,SPG,FL,ASO,ES,Federal Contract Tower,0,1,16,0,17,0,8,145,2,155,0,9,161,2,172,160,22,182,354
01/11/2021,SPG,FL,ASO,ES,Federal Contract Tower,0,0,25,0,25,0,6,112,4,122,0,6,137,4,147,108,30,138,285
01/12/2021,SPG,FL,ASO,ES,Federal Contract Tower,0,1,20,0,21,0,9,115,2,126,0,10,135,2,147,148,38,186,333
01/13/2021,SPG,FL,ASO,ES,Federal Contract Tower,0,0,17,0,17,0,0,76,0,76,0,0,93,0,93,114,0,114,207
01/14/2021,SPG,FL,ASO,ES,Federal Contract Tower,0,0,16,0,16,0,0,107,2,109,0,0,123,2,125,166,0,166,291
01/15/2021,SPG,FL,ASO,ES,Federal Contract Tower,0,0,21,0,21,0,0,104,2,106,0,0,125,2,127,92,20,112,239
01/16/2021,SPG,FL,ASO,ES,Federal Contract Tower,0,0,12,0,12,0,0,110,2,112,0,0,122,2,124,110,2,112,236
01/17/2021,SPG,FL,ASO,ES,Federal Contract Tower,0,0,12,0,12,0,0,126,0,126,0,0,138,0,138,80,0,80,218
01/18/2021,SPG,FL,ASO,ES,Federal Contract Tower,0,0,21,0,21,0,8,127,0,135,0,8,148,0,156,126,0,126,282
01/19/2021,SPG,FL,ASO,ES,Federal Contract Tower,0,0,22,2,24,0,11,111,0,122,0,11,133,2,146,148,16,164,310
01/20/2021,SPG,FL,ASO,ES,Federal Contract Tower,0,0,14,1,15,0,12,88,0,100,0,12,102,1,115,114,34,148,263
01/21/2021,SPG,FL,ASO,ES,Federal Contract Tower,0,0,19,0,19,0,0,127,6,133,0,0,146,6,152,128,18,146,298
01/22/2021,SPG,FL,ASO,ES,Federal Contract Tower,0,0,16,0,16,0,0,112,0,112,0,0,128,0,128,96,0,96,224
01/23/2021,SPG,FL,ASO,ES,Federal Contract Tower,0,0,25,0,25,0,0,54,0,54,0,0,79,0,79,50,0,50,129
01/24/2021,SPG,FL,ASO,ES,Federal Contract Tower,0,0,24,0,24,0,0,92,0,92,0,0,116,0,116,132,0,132,248
01/25/2021,SPG,FL,ASO,ES,Federal Contract Tower,0,0,12,0,12,0,0,73,4,77,0,0,85,4,89,82,28,110,199
01/26/2021,SPG,FL,ASO,ES,Federal Contract Tower,0,0,26,0,26,0,0,2,0,2,0,0,28,0,28,0,0,0,28
01/27/2021,SPG,FL,ASO,ES,Federal Contract Tower,0,0,11,0,11,0,0,22,0,22,0,0,33,0,33,18,0,18,51
01/28/2021,SPG,FL,ASO,ES,Federal Contract Tower,0,0,19,0,19,0,0,104,0,104,0,0,123,0,123,176,0,176,299
01/29/2021,SPG,FL,ASO,ES,Federal Contract Tower,0,0,23,0,23,0,0,131,0,131,0,0,154,0,154,184,0,184,338
01/30/2021,SPG,FL,ASO,ES,Federal Contract Tower,0,0,23,0,23,0,0,171,0,171,0,0,194,0,194,172,0,172,366
01/31/2021,SPG,FL,ASO,ES,Federal Contract Tower,0,0,26,0,26,0,4,135,0,139,0,4,161,0,165,150,0,150,315
02/01/2021,SPG,FL,ASO,ES,Federal Contract Tower,0,0,7,0,7,0,0,21,0,21,0,0,28,0,28,22,0,22,50
02/02/2021,SPG,FL,ASO,ES,Federal Contract Tower,0,0,6,0,6,0,2,23,2,27,0,2,29,2,33,6,0,6,39
02/03/2021,SPG,FL,ASO,ES,Federal Contract Tower,0,0,9,0,9,0,10,107,0,117,0,10,116,0,126,166,0,166,292
02/04/2021,SPG,FL,ASO,ES,Federal Contract Tower,0,0,21,0,21,0,6,116,2,124,0,6,137,2,145,154,22,176,321
02/05/2021,SPG,FL,ASO,ES,Federal Contract Tower,0,0,13,0,13,0,0,99,0,99,0,0,112,0,112,138,0,138,250
02/06/2021,SPG,FL,ASO,ES,Federal Contract Tower,0,0,19,0,19,0,0,13,0,13,0,0,32,0,32,44,0,44,76
02/07/2021,SPG,FL,ASO,ES,Federal Contract Tower,0,0,12,0,12,0,4,52,2,58,0,4,64,2,70,88,20,108,178
02/08/2021,SPG,FL,ASO,ES,Federal Contract Tower,0,0,18,0,18,0,6,87,2,95,0,6,105,2,113,144,0,144,257
02/09/2021,SPG,FL,ASO,ES,Federal Contract Tower,0,0,22,0,22,0,6,79,4,89,0,6,101,4,111,70,0,70,181
02/10/2021,SPG,FL,ASO,ES,Federal Contract Tower,0,0,19,0,19,0,19,130,0,149,0,19,149,0,168,110,0,110,278
02/11/2021,SPG,FL,ASO,ES,Federal Contract Tower,0,0,34,0,34,0,12,129,0,141,0,12,163,0,175,146,0,146,321
02/12/2021,SPG,FL,ASO,ES,Federal Contract Tower,0,0,18,0,18,0,0,122,0,122,0,0,140,0,140,160,0,160,300
02/13/2021,SPG,FL,ASO,ES,Federal Contract Tower,0,0,9,0,9,0,0,84,2,86,0,0,93,2,95,128,6,134,229
02/14/2021,SPG,FL,ASO,ES,Federal Contract Tower,0,0,14,0,14,0,0,71,0,71,0,0,85,0,85,88,0,88,173
02/15/2021,SPG,FL,ASO,ES,Federal Contract Tower,0,1,16,0,17,0,10,100,0,110,0,11,116,0,127,124,0,124,251
02/16/2021,SPG,FL,ASO,ES,Federal Contract Tower,0,0,19,0,19,0,10,94,0,104,0,10,113,0,123,122,0,122,245
02/17/2021,SPG,FL,ASO,ES,Federal Contract Tower,0,1,22,0,23,0,12,112,0,124,0,13,134,0,147,150,0,150,297
02/18/2021,SPG,FL,ASO,ES,Federal Contract Tower,0,0,27,0,27,0,8,114,1,123,0,8,141,1,150,142,10,152,302
02/19/2021,SPG,FL,ASO,ES,Federal Contract Tower,0,0,34,0,34,0,0,15,2,17,0,0,49,2,51,6,16,22,73
02/20/2021,SPG,FL,ASO,ES,Federal Contract Tower,0,0,25,0,25,0,0,185,0,185,0,0,210,0,210,186,0,186,396
02/21/2021,SPG,FL,ASO,ES,Federal Contract Tower,0,0,24,0,24,0,8,138,2,148,0,8,162,2,172,136,20,156,328
02/22/2021,SPG,FL,ASO,ES,Federal Contract Tower,0,0,20,0,20,0,10,89,0,99,0,10,109,0,119,178,0,178,297
02/23/2021,SPG,FL,ASO,ES,Federal Contract Tower,0,0,12,0,12,0,14,136,0,150,0,14,148,0,162,192,0,192,354
02/24/2021,SPG,FL,ASO,ES,Federal Contract Tower,0,0,19,0,19,0,0,106,0,106,0,0,125,0,125,80,0,80,205
02/25/2021,SPG,FL,ASO,ES,Federal Contract Tower,0,0,16,0,16,0,14,169,0,183,0,14,185,0,199,146,0,146,345
02/26/2021,SPG,FL,ASO,ES,Federal Contract Tower,0,0,24,0,24,0,0,175,0,175,0,0,199,0,199,156,0,156,355
02/27/2021,SPG,FL,ASO,ES,Federal Contract Tower,0,0,23,0,23,0,0,180,0,180,0,0,203,0,203,150,0,150,353
02/28/2021,SPG,FL,ASO,ES,Federal Contract Tower,0,0,20,0,20,0,6,137,0,143,0,6,157,0,163,142,0,142,305
03/01/2021,SPG,FL,ASO,ES,Federal Contract Tower,0,0,26,0,26,0,14,132,0,146,0,14,158,0,172,158,0,158,330
03/02/2021,SPG,FL,ASO,ES,Federal Contract Tower,0,0,26,0,26,0,6,92,0,98,0,6,118,0,124,180,0,180,304
03/03/2021,SPG,FL,ASO,ES,Federal Contract Tower,0,0,11,0,11,0,10,70,0,80,0,10,81,0,91,60,0,60,151
03/04/2021,SPG,FL,ASO,ES,Federal Contract Tower,0,0,18,0,18,0,8,145,0,153,0,8,163,0,171,264,0,264,435
03/05/2021,SPG,FL,ASO,ES,Federal Contract Tower,0,0,9,1,10,0,0,153,1,154,0,0,162,2,164,180,0,180,344
03/06/2021,SPG,FL,ASO,ES,Federal Contract Tower,0,0,10,0,10,0,0,31,0,31,0,0,41,0,41,66,0,66,107
03/07/2021,SPG,FL,ASO,ES,Federal Contract Tower,0,0,23,0,23,0,8,119,7,134,0,8,142,7,157,100,0,100,257
03/08/2021,SPG,FL,ASO,ES,Federal Contract Tower,0,0,8,0,8,0,9,113,0,122,0,9,121,0,130,210,0,210,340
03/09/2021,SPG,FL,ASO,ES,Federal Contract Tower,0,0,15,0,15,0,10,123,2,135,0,10,138,2,150,178,2,180,330
03/10/2021,SPG,FL,ASO,ES,Federal Contract Tower,0,0,22,0,22,0,12,119,0,131,0,12,141,0,153,160,0,160,313
03/11/2021,SPG,FL,ASO,ES,Federal Contract Tower,0,0,16,0,16,0,12,138,0,150,0,12,154,0,166,222,0,222,388
03/12/2021,SPG,FL,ASO,ES,Federal Contract Tower,0,0,18,0,18,0,0,172,0,172,0,0,190,0,190,274,0,274,464
03/13/2021,SPG,FL,ASO,ES,Federal Contract Tower,0,0,26,0,26,0,0,174,0,174,0,0,200,0,200,188,0,188,388
03/14/2021,SPG,FL,ASO,ES,Federal Contract Tower,0,0,20,0,20,0,12,139,0,151,0,12,159,0,171,126,0,126,297
03/15/2021,SPG,FL,ASO,ES,Federal Contract Tower,0,0,15,0,15,0,0,102,0,102,0,0,117,0,117,150,0,150,267
03/16/2021,SPG,FL,ASO,ES,Federal Contract Tower,0,0,16,0,16,0,1,82,0,83,0,1,98,0,99,84,0,84,183
03/17/2021,SPG,FL,ASO,ES,Federal Contract Tower,0,0,16,0,16,0,0,85,0,85,0,0,101,0,101,70,0,70,171
03/18/2021,SPG,FL,ASO,ES,Federal Contract Tower,0,0,11,0,11,0,0,22,0,22,0,0,33,0,33,34,0,34,67
03/19/2021,SPG,FL,ASO,ES,Federal Contract Tower,0,0,30,0,30,0,0,124,0,124,0,0,154,0,154,122,0,122,276
03/20/2021,SPG,FL,ASO,ES,Federal Contract Tower,0,0,25,0,25,0,0,119,0,119,0,0,144,0,144,190,0,190,334
03/21/2021,SPG,FL,ASO,ES,Federal Contract Tower,0,0,27,0,27,0,0,84,0,84,0,0,111,0,111,190,0,190,301
03/22/2021,SPG,FL,ASO,ES,Federal Contract Tower,0,0,25,0,25,0,9,116,0,125,0,9,141,0,150,158,0,158,308
03/23/2021,SPG,FL,ASO,ES,Federal Contract Tower,0,0,16,0,16,0,8,118,0,126,0,8,134,0,142,180,0,180,322
03/24/2021,SPG,FL,ASO,ES,Federal Contract Tower,0,0,14,0,14,0,31,96,6,133,0,31,110,6,147,154,2,156,303
03/25/2021,SPG,FL,ASO,ES,Federal Contract Tower,0,0,17,0,17,0,14,145,2,161,0,14,162,2,178,176,0,176,354
03/26/2021,SPG,FL,ASO,ES,Federal Contract Tower,0,0,21,0,21,0,0,192,2,194,0,0,213,2,215,202,10,212,427
03/27/2021,SPG,FL,ASO,ES,Federal Contract Tower,0,0,21,0,21,0,0,184,0,184,0,0,205,0,205,170,0,170,375
03/28/2021,SPG,FL,ASO,ES,Federal Contract Tower,0,0,22,0,22,0,6,135,0,141,0,6,157,0,163,122,0,122,285
03/29/2021,SPG,FL,ASO,ES,Federal Contract Tower,0,0,13,0,13,0,0,60,4,64,0,0,73,4,77,152,22,174,251
03/30/2021,SPG,FL,ASO,ES,Federal Contract Tower,0,0,15,0,15,0,14,109,0,123,0,14,124,0,138,122,2,124,262
03/31/2021,SPG,FL,ASO,ES,Federal Contract Tower,0,0,12,0,12,0,10,142,0,152,0,10,154,0,164,230,0,230,394
04/01/2021,SPG,FL,ASO,ES,Federal Contract Tower,0,0,20,0,20,0,0,52,0,52,0,0,72,0,72,42,0,42,114
04/02/2021,SPG,FL,ASO,ES,Federal Contract Tower,0,0,9,0,9,0,0,136,0,136,0,0,145,0,145,174,0,174,319
04/03/2021,SPG,FL,ASO,ES,Federal Contract Tower,0,0,19,0,19,0,0,133,2,135,0,0,152,2,154,158,16,174,328
04/04/2021,SPG,FL,ASO,ES,Federal Contract Tower,0,0,12,0,12,0,6,97,0,103,0,6,109,0,115,102,0,102,217
04/05/2021,SPG,FL,ASO,ES,Federal Contract Tower,0,0,18,0,18,0,12,117,0,129,0,12,135,0,147,192,0,192,339
04/06/2021,SPG,FL,ASO,ES,Federal Contract Tower,0,0,16,0,16,0,11,117,0,128,0,11,133,0,144,144,0,144,288
04/07/2021,SPG,FL,ASO,ES,Federal Contract Tower,0,0,14,0,14,0,8,132,0,140,0,8,146,0,154,186,0,186,340
04/08/2021,SPG,FL,ASO,ES,Federal Contract Tower,0,0,12,0,12,0,8,153,0,161,0,8,165,0,173,188,0,188,361
04/09/2021,SPG,FL,ASO,ES,Federal Contract Tower,0,0,17,0,17,0,0,144,0,144,0,0,161,0,161,240,0,240,401
04/10/2021,SPG,FL,ASO,ES,Federal Contract Tower,0,0,20,0,20,0,2,86,0,88,0,2,106,0,108,126,0,126,234
04/11/2021,SPG,FL,ASO,ES,Federal Contract Tower,0,0,9,0,9,0,2,7,0,9,0,2,16,0,18,0,0,0,18
04/12/2021,SPG,FL,ASO,ES,Federal Contract Tower,0,0,15,0,15,0,6,114,0,120,0,6,129,0,135,236,0,236,371
04/13/2021,SPG,FL,ASO,ES,Federal Contract Tower,0,0,10,0,10,0,12,125,0,137,0,12,135,0,147,144,0,144,291
04/14/2021,SPG,FL,ASO,ES,Federal Contract Tower,0,0,18,0,18,0,10,141,0,151,0,10,159,0,169,174,0,174,343
04/15/2021,SPG,FL,ASO,ES,Federal Contract Tower,0,0,13,0,13,0,12,133,2,147,0,12,146,2,160,242,8,250,410
04/16/2021,SPG,FL,ASO,ES,Federal Contract Tower,0,0,14,0,14,0,0,140,2,142,0,0,154,2,156,204,0,204,360
04/17/2021,SPG,FL,ASO,ES,Federal Contract Tower,0,0,15,0,15,0,0,92,0,92,0,0,107,0,107,102,0,102,209
04/18/2021,SPG,FL,ASO,ES,Federal Contract Tower,0,0,10,0,10,0,6,95,0,101,0,6,105,0,111,144,0,144,255
04/19/2021,SPG,FL,ASO,ES,Federal Contract Tower,0,0,7,0,7,0,9,55,0,64,0,9,62,0,71,76,0,76,147
04/20/2021,SPG,FL,ASO,ES,Federal Contract Tower,0,0,7,0,7,0,4,45,0,49,0,4,52,0,56,78,0,78,134
04/21/2021,SPG,FL,ASO,ES,Federal Contract Tower,0,0,12,0,12,0,8,109,0,117,0,8,121,0,129,146,0,146,275
04/22/2021,SPG,FL,ASO,ES,Federal Contract Tower,0,0,10,0,10,0,8,144,0,152,0,8,154,0,162,256,0,256,418
04/23/2021,SPG,FL,ASO,ES,Federal Contract Tower,0,0,15,0,15,0,0,128,0,128,0,0,143,0,143,160,0,160,303
04/24/2021,SPG,FL,ASO,ES,Federal Contract Tower,0,0,9,0,9,0,0,99,0,99,0,0,108,0,108,32,0,32,140
04/25/2021,SPG,FL,ASO,ES,Federal Contract Tower,0,0,16,0,16,0,0,63,0,63,0,0,79,0,79,46,0,46,125
04/26/2021,SPG,FL,ASO,ES,Federal Contract Tower,0,0,11,0,11,0,10,118,0,128,0,10,129,0,139,196,0,196,335
04/27/2021,SPG,FL,ASO,ES,Federal Contract Tower,0,0,6,0,6,0,14,124,0,138,0,14,130,0,144,134,0,134,278
04/28/2021,SPG,FL,ASO,ES,Federal Contract Tower,0,0,5,0,5,0,0,103,0,103,0,0,108,0,108,140,0,140,248
04/29/2021,SPG,FL,ASO,ES,Federal Contract Tower,0,0,7,0,7,0,6,159,2,167,0,6,166,2,174,220,0,220,394
04/30/2021,SPG,FL,ASO,ES,Federal Contract Tower,0,0,18,0,18,0,0,160,0,160,0,0,178,0,178,126,0,126,304
05/01/2021,SPG,FL,ASO,ES,Federal Contract Tower,0,0,22,0,22,0,0,126,0,126,0,0,148,0,148,132,0,132,280
05/02/2021,SPG,FL,ASO,ES,Federal Contract Tower,0,0,22,0,22,0,12,135,0,147,0,12,157,0,169,138,0,138,307
05/03/2021,SPG,FL,ASO,ES,Federal Contract Tower,0,0,19,0,19,0,12,121,0,133,0,12,140,0,152,154,0,154,306
05/04/2021,SPG,FL,ASO,ES,Federal Contract Tower,0,0,16,0,16,0,10,109,0,119,0,10,125,0,135,180,0,180,315
05/05/2021,SPG,FL,ASO,ES,Federal Contract Tower,0,0,17,1,18,0,10,103,2,115,0,10,120,3,133,172,0,172,305
05/06/2021,SPG,FL,ASO,ES,Federal Contract Tower,0,0,12,0,12,0,12,110,0,122,0,12,122,0,134,108,0,108,242
05/07/2021,SPG,FL,ASO,ES,Federal Contract Tower,0,0,13,0,13,0,0,127,0,127,0,0,140,0,140,178,0,178,318
05/08/2021,SPG,FL,ASO,ES,Federal Contract Tower,0,0,20,0,20,0,0,192,0,192,0,0,212,0,212,166,0,166,378
05/09/2021,SPG,FL,ASO,ES,Federal Contract Tower,0,0,10,0,10,0,10,104,0,114,0,10,114,0,124,100,0,100,224
05/10/2021,SPG,FL,ASO,ES,Federal Contract Tower,0,0,21,0,21,0,8,102,0,110,0,8,123,0,131,146,0,146,277
05/11/2021,SPG,FL,ASO,ES,Federal Contract Tower,0,2,13,0,15,0,10,147,0,157,0,12,160,0,172,176,0,176,348
05/12/2021,SPG,FL,ASO,ES,Federal Contract Tower,0,0,12,0,12,0,9,125,0,134,0,9,137,0,146,152,0,152,298
05/13/2021,SPG,FL,ASO,ES,Federal Contract Tower,0,0,11,0,11,0,12,115,0,127,0,12,126,0,138,166,0,166,304
05/14/2021,SPG,FL,ASO,ES,Federal Contract Tower,0,0,21,0,21,0,0,165,0,165,0,0,186,0,186,194,0,194,380
05/15/2021,SPG,FL,ASO,ES,Federal Contract Tower,0,0,25,0,25,0,0,142,0,142,0,0,167,0,167,122,0,122,289
05/16/2021,SPG,FL,ASO,ES,Federal Contract Tower,0,0,20,0,20,0,4,103,0,107,0,4,123,0,127,130,0,130,257
05/17/2021,SPG,FL,ASO,ES,Federal Contract Tower,0,3,10,0,13,0,12,113,0,125,0,15,123,0,138,180,0,180,318
05/18/2021,SPG,FL,ASO,ES,Federal Contract Tower,0,0,14,0,14,0,12,142,0,154,0,12,156,0,168,150,2,152,320
05/19/2021,SPG,FL,ASO,ES,Federal Contract Tower,0,0,16,0,16,0,11,124,0,135,0,11,140,0,151,152,0,152,303
05/20/2021,SPG,FL,ASO,ES,Federal Contract Tower,0,0,13,0,13,0,10,84,2,96,0,10,97,2,109,96,0,96,205
05/21/2021,SPG,FL,ASO,ES,Federal Contract Tower,0,0,23,0,23,0,0,108,0,108,0,0,131,0,131,86,0,86,217
05/22/2021,SPG,FL,ASO,ES,Federal Contract Tower,0,0,12,0,12,0,2,108,0,110,0,2,120,0,122,144,0,144,266
05/23/2021,SPG,FL,ASO,ES,Federal Contract Tower,0,0,27,0,27,0,12,156,0,168,0,12,183,0,195,162,0,162,357
05/24/2021,SPG,FL,ASO,ES,Federal Contract Tower,0,0,18,0,18,0,12,132,0,144,0,12,150,0,162,188,0,188,350
05/25/2021,SPG,FL,ASO,ES,Federal Contract Tower,0,0,12,0,12,0,11,138,0,149,0,11,150,0,161,162,0,162,323
05/26/2021,SPG,FL,ASO,ES,Federal Contract Tower,0,0,14,0,14,0,10,141,0,151,0,10,155,0,165,186,0,186,351
05/27/2021,SPG,FL,ASO,ES,Federal Contract Tower,0,0,11,0,11,0,12,139,0,151,0,12,150,0,162,162,0,162,324
05/28/2021,SPG,FL,ASO,ES,Federal Contract Tower,0,0,21,0,21,0,0,142,0,142,0,0,163,0,163,160,0,160,323
05/29/2021,SPG,FL,ASO,ES,Federal Contract Tower,0,0,22,0,22,0,0,94,0,94,0,0,116,0,116,134,0,134,250
05/30/2021,SPG,FL,ASO,ES,Federal Contract Tower,0,0,12,0,12,0,12,91,0,103,0,12,103,0,115,38,0,38,153
05/31/2021,SPG,FL,ASO,ES,Federal Contract Tower,0,0,13,0,13,0,16,96,2,114,0,16,109,2,127,180,2,182,309
06/01/2021,SPG,FL,ASO,ES,Federal Contract Tower,0,0,14,0,14,0,12,121,2,135,0,12,135,2,149,132,4,136,285
06/02/2021,SPG,FL,ASO,ES,Federal Contract Tower,0,0,18,0,18,0,10,104,0,114,0,10,122,0,132,178,10,188,320
06/03/2021,SPG,FL,ASO,ES,Federal Contract Tower,0,0,21,0,21,0,0,93,0,93,0,0,114,0,114,222,0,222,336
06/04/2021,SPG,FL,ASO,ES,Federal Contract Tower,0,0,12,0,12,0,0,102,0,102,0,0,114,0,114,178,0,178,292
06/05/2021,SPG,FL,ASO,ES,Federal Contract Tower,0,0,10,0,10,0,0,107,0,107,0,0,117,0,117,130,0,130,247
06/06/2021,SPG,FL,ASO,ES,Federal Contract Tower,0,0,26,0,26,0,10,101,0,111,0,10,127,0,137,198,0,198,335
06/07/2021,SPG,FL,ASO,ES,Federal Contract Tower,0,0,15,0,15,0,8,133,0,141,0,8,148,0,156,186,0,186,342
06/08/2021,SPG,FL,ASO,ES,Federal Contract Tower,0,0,10,0,10,0,8,141,0,149,0,8,151,0,159,196,0,196,355
06/09/2021,SPG,FL,ASO,ES,Federal Contract Tower,0,0,5,0,5,0,12,154,0,166,0,12,159,0,171,228,0,228,399
06/10/2021,SPG,FL,ASO,ES,Federal Contract Tower,0,0,29,0,29,0,12,141,0,153,0,12,170,0,182,192,0,192,374
06/11/2021,SPG,FL,ASO,ES,Federal Contract Tower,0,0,19,0,19,0,0,117,0,117,0,0,136,0,136,242,0,242,378
06/12/2021,SPG,FL,ASO,ES,Federal Contract Tower,0,0,9,0,9,0,0,103,0,103,0,0,112,0,112,130,0,130,242
06/13/2021,SPG,FL,ASO,ES,Federal Contract Tower,0,0,21,0,21,0,10,112,0,122,0,10,133,0,143,100,0,100,243
06/14/2021,SPG,FL,ASO,ES,Federal Contract Tower,0,0,15,0,15,0,12,93,0,105,0,12,108,0,120,120,0,120,240
06/15/2021,SPG,FL,ASO,ES,Federal Contract Tower,0,0,11,0,11,0,4,89,0,93,0,4,100,0,104,90,0,90,194
06/16/2021,SPG,FL,ASO,ES,Federal Contract Tower,0,0,14,0,14,0,0,78,0,78,0,0,92,0,92,84,0,84,176
06/17/2021,SPG,FL,ASO,ES,Federal Contract Tower,0,0,9,0,9,0,12,102,0,114,0,12,111,0,123,246,0,246,369
06/18/2021,SPG,FL,ASO,ES,Federal Contract Tower,0,0,13,0,13,0,0,92,0,92,0,0,105,0,105,184,0,184,289
06/19/2021,SPG,FL,ASO,ES,Federal Contract Tower,0,0,24,0,24,0,0,143,0,143,0,0,167,0,167,170,0,170,337
06/20/2021,SPG,FL,ASO,ES,Federal Contract Tower,0,0,11,0,11,0,6,93,0,99,0,6,104,0,110,68,0,68,178
06/21/2021,SPG,FL,ASO,ES,Federal Contract Tower,0,0,20,0,20,0,12,96,0,108,0,12,116,0,128,140,0,140,268
06/22/2021,SPG,FL,ASO,ES,Federal Contract Tower,0,0,10,0,10,0,8,99,0,107,0,8,109,0,117,132,0,132,249
06/23/2021,SPG,FL,ASO,ES,Federal Contract Tower,0,0,18,0,18,0,10,116,4,130,0,10,134,4,148,152,0,152,300
06/24/2021,SPG,FL,ASO,ES,Federal Contract Tower,0,0,13,0,13,0,10,60,0,70,0,10,73,0,83,114,0,114,197
06/25/2021,SPG,FL,ASO,ES,Federal Contract Tower,0,0,14,0,14,0,0,78,0,78,0,0,92,0,92,170,0,170,262
06/26/2021,SPG,FL,ASO,ES,Federal Contract Tower,0,0,22,0,22,0,0,104,0,104,0,0,126,0,126,122,0,122,248
06/27/2021,SPG,FL,ASO,ES,Federal Contract Tower,0,0,17,0,17,0,10,107,0,117,0,10,124,0,134,84,0,84,218
06/28/2021,SPG,FL,ASO,ES,Federal Contract Tower,0,0,20,0,20,0,8,117,2,127,0,8,137,2,147,172,2,174,321
06/29/2021,SPG,FL,ASO,ES,Federal Contract Tower,0,0,11,0,11,0,6,79,0,85,0,6,90,0,96,154,0,154,250
06/30/2021,SPG,FL,ASO,ES,Federal Contract Tower,0,0,15,0,15,0,12,80,0,92,0,12,95,0,107,132,2,134,241
07/01/2021,SPG,FL,ASO,ES,Federal Contract Tower,0,0,13,0,13,0,12,118,0,130,0,12,131,0,143,132,0,132,275
07/02/2021,SPG,FL,ASO,ES,Federal Contract Tower,0,0,14,0,14,0,0,62,0,62,0,0,76,0,76,98,0,98,174
07/03/2021,SPG,FL,ASO,ES,Federal Contract Tower,0,0,9,0,9,0,0,26,0,26,0,0,35,0,35,26,0,26,61
07/04/2021,SPG,FL,ASO,ES,Federal Contract Tower,0,0,6,0,6,0,8,105,0,113,0,8,111,0,119,78,0,78,197
07/05/2021,SPG,FL,ASO,ES,Federal Contract Tower,0,0,13,0,13,0,10,95,0,105,0,10,108,0,118,212,0,212,330
07/06/2021,SPG,FL,ASO,ES,Federal Contract Tower,0,0,7,0,7,0,0,24,0,24,0,0,31,0,31,54,0,54,85
07/07/2021,SPG,FL,ASO,ES,Federal Contract Tower,0,0,2,1,3,0,0,17,0,17,0,0,19,1,20,0,4,4,24
07/08/2021,SPG,FL,ASO,ES,Federal Contract Tower,0,0,18,0,18,0,14,118,0,132,0,14,136,0,150,162,0,162,312
07/09/2021,SPG,FL,ASO,ES,Federal Contract Tower,0,0,8,0,8,0,0,116,0,116,0,0,124,0,124,210,0,210,334
07/10/2021,SPG,FL,ASO,ES,Federal Contract Tower,0,0,18,0,18,0,0,102,0,102,0,0,120,0,120,186,0,186,306
07/11/2021,SPG,FL,ASO,ES,Federal Contract Tower,0,0,20,0,20,0,8,98,0,106,0,8,118,0,126,258,0,258,384
07/12/2021,SPG,FL,ASO,ES,Federal Contract Tower,0,0,6,0,6,0,6,88,2,96,0,6,94,2,102,150,2,152,254
07/13/2021,SPG,FL,ASO,ES,Federal Contract Tower,0,0,8,0,8,0,12,98,2,112,0,12,106,2,120,190,2,192,312
07/14/2021,SPG,FL,ASO,ES,Federal Contract Tower,0,0,14,0,14,0,10,104,0,114,0,10,118,0,128,134,0,134,262
07/15/2021,SPG,FL,ASO,ES,Federal Contract Tower,0,0,16,0,16,0,0,106,0,106,0,0,122,0,122,190,0,190,312
07/16/2021,SPG,FL,ASO,ES,Federal Contract Tower,0,0,18,0,18,0,0,104,0,104,0,0,122,0,122,182,0,182,304
07/17/2021,SPG,FL,ASO,ES,Federal Contract Tower,0,0,25,0,25,0,0,124,0,124,0,0,149,0,149,108,0,108,257
07/18/2021,SPG,FL,ASO,ES,Federal Contract Tower,0,0,18,0,18,0,13,120,2,135,0,13,138,2,153,188,12,200,353
07/19/2021,SPG,FL,ASO,ES,Federal Contract Tower,0,0,12,0,12,0,11,112,0,123,0,11,124,0,135,168,0,168,303
07/20/2021,SPG,FL,ASO,ES,Federal Contract Tower,0,0,10,0,10,0,12,121,0,133,0,12,131,0,143,142,0,142,285
07/21/2021,SPG,FL,ASO,ES,Federal Contract Tower,0,0,16,0,16,0,0,90,0,90,0,0,106,0,106,152,0,152,258
07/22/2021,SPG,FL,ASO,ES,Federal Contract Tower,0,0,19,0,19,0,12,113,0,125,0,12,132,0,144,122,0,122,266
07/23/2021,SPG,FL,ASO,ES,Federal Contract Tower,0,0,14,0,14,0,4,132,0,136,0,4,146,0,150,84,0,84,234
07/24/2021,SPG,FL,ASO,ES,Federal Contract Tower,0,0,16,0,16,0,0,106,0,106,0,0,122,0,122,94,0,94,216
07/25/2021,SPG,FL,ASO,ES,Federal Contract Tower,0,0,23,0,23,0,12,118,0,130,0,12,141,0,153,146,0,146,299
07/26/2021,SPG,FL,ASO,ES,Federal Contract Tower,0,0,17,0,17,0,10,115,0,125,0,10,132,0,142,122,4,126,268
07/27/2021,SPG,FL,ASO,ES,Federal Contract Tower,0,0,8,0,8,0,13,116,0,129,0,13,124,0,137,160,0,160,297
07/28/2021,SPG,FL,ASO,ES,Federal Contract Tower,0,0,13,2,15,0,10,120,0,130,0,10,133,2,145,122,0,122,267
07/29/2021,SPG,FL,ASO,ES,Federal Contract Tower,0,0,14,0,14,0,14,117,6,137,0,14,131,6,151,156,0,156,307
07/30/2021,SPG,FL,ASO,ES,Federal Contract Tower,0,0,12,0,12,0,0,116,0,116,0,0,128,0,128,162,0,162,290
07/31/2021,SPG,FL,ASO,ES,Federal Contract Tower,0,0,9,0,9,0,0,144,0,144,0,0,153,0,153,48,0,48,201
08/01/2021,SPG,FL,ASO,ES,Federal Contract Tower,0,0,16,0,16,0,8,114,0,122,0,8,130,0,138,122,0,122,260
08/02/2021,SPG,FL,ASO,ES,Federal Contract Tower,0,0,12,0,12,0,6,106,0,112,0,6,118,0,124,168,0,168,292
08/03/2021,SPG,FL,ASO,ES,Federal Contract Tower,0,0,11,0,11,0,0,14,10,24,0,0,25,10,35,8,0,8,43
08/04/2021,SPG,FL,ASO,ES,Federal Contract Tower,0,0,6,0,6,0,0,29,4,33,0,0,35,4,39,22,10,32,71
08/05/2021,SPG,FL,ASO,ES,Federal Contract Tower,0,0,10,0,10,0,0,49,2,51,0,0,59,2,61,126,16,142,203
08/06/2021,SPG,FL,ASO,ES,Federal Contract Tower,0,0,17,0,17,0,0,126,0,126,0,0,143,0,143,176,0,176,319
08/07/2021,SPG,FL,ASO,ES,Federal Contract Tower,0,0,17,0,17,0,0,113,0,113,0,0,130,0,130,170,0,170,300
08/08/2021,SPG,FL,ASO,ES,Federal Contract Tower,0,0,3,0,3,0,0,90,0,90,0,0,93,0,93,102,0,102,195
08/09/2021,SPG,FL,ASO,ES,Federal Contract Tower,0,0,13,0,13,0,8,93,0,101,0,8,106,0,114,164,0,164,278
08/10/2021,SPG,FL,ASO,ES,Federal Contract Tower,0,0,10,0,10,0,8,123,2,133,0,8,133,2,143,152,2,154,297
08/11/2021,SPG,FL,ASO,ES,Federal Contract Tower,0,0,4,0,4,0,0,69,0,69,0,0,73,0,73,224,0,224,297
08/12/2021,SPG,FL,ASO,ES,Federal Contract Tower,0,0,10,1,11,0,8,107,0,115,0,8,117,1,126,164,0,164,290
08/13/2021,SPG,FL,ASO,ES,Federal Contract Tower,0,0,6,0,6,0,0,75,0,75,0,0,81,0,81,110,0,110,191
08/14/2021,SPG,FL,ASO,ES,Federal Contract Tower,0,0,7,0,7,0,0,64,0,64,0,0,71,0,71,98,0,98,169
08/15/2021,SPG,FL,ASO,ES,Federal Contract Tower,0,0,13,0,13,0,0,25,0,25,0,0,38,0,38,56,0,56,94
08/16/2021,SPG,FL,ASO,ES,Federal Contract Tower,0,0,10,0,10,0,6,79,2,87,0,6,89,2,97,138,2,140,237
08/17/2021,SPG,FL,ASO,ES,Federal Contract Tower,0,0,10,0,10,0,10,126,0,136,0,10,136,0,146,148,0,148,294
08/18/2021,SPG,FL,ASO,ES,Federal Contract Tower,0,0,14,0,14,0,0,105,0,105,0,0,119,0,119,192,0,192,311
08/19/2021,SPG,FL,ASO,ES,Federal Contract Tower,0,0,28,0,28,0,8,120,0,128,0,8,148,0,156,146,0,146,302
08/20/2021,SPG,FL,ASO,ES,Federal Contract Tower,0,0,10,0,10,0,0,86,0,86,0,0,96,0,96,116,0,116,212
08/21/2021,SPG,FL,ASO,ES,Federal Contract Tower,0,0,15,0,15,0,0,92,0,92,0,0,107,0,107,144,0,144,251
08/22/2021,SPG,FL,ASO,ES,Federal Contract Tower,0,0,19,0,19,0,8,120,0,128,0,8,139,0,147,150,0,150,297
08/23/2021,SPG,FL,ASO,ES,Federal Contract Tower,0,0,7,0,7,0,14,111,0,125,0,14,118,0,132,150,0,150,282
08/24/2021,SPG,FL,ASO,ES,Federal Contract Tower,0,0,13,0,13,0,12,111,0,123,0,12,124,0,136,124,0,124,260
08/25/2021,SPG,FL,ASO,ES,Federal Contract Tower,0,0,16,0,16,0,10,96,0,106,0,10,112,0,122,140,0,140,262
08/26/2021,SPG,FL,ASO,ES,Federal Contract Tower,0,0,17,0,17,0,10,105,0,115,0,10,122,0,132,126,2,128,260
08/27/2021,SPG,FL,ASO,ES,Federal Contract Tower,0,0,17,0,17,0,0,83,0,83,0,0,100,0,100,102,0,102,202
08/28/2021,SPG,FL,ASO,ES,Federal Contract Tower,0,0,9,2,11,0,0,72,10,82,0,0,81,12,93,64,8,72,165
08/29/2021,SPG,FL,ASO,ES,Federal Contract Tower,0,0,11,0,11,0,7,97,0,104,0,7,108,0,115,148,0,148,263
08/30/2021,SPG,FL,ASO,ES,Federal Contract Tower,0,0,10,0,10,0,9,114,0,123,0,9,124,0,133,136,0,136,269
08/31/2021,SPG,FL,ASO,ES,Federal Contract Tower,0,0,10,0,10,0,8,103,0,111,0,8,113,0,121,146,0,146,267
09/01/2021,SPG,FL,ASO,ES,Federal Contract Tower,0,0,8,0,8,0,2,0,0,2,0,2,8,0,10,0,0,0,10
09/02/2021,SPG,FL,ASO,ES,Federal Contract Tower,0,0,10,0,10,0,8,99,2,109,0,8,109,2,119,114,8,122,241
09/03/2021,SPG,FL,ASO,ES,Federal Contract Tower,0,0,17,0,17,0,0,86,0,86,0,0,103,0,103,156,0,156,259
09/04/2021,SPG,FL,ASO,ES,Federal Contract Tower,0,0,23,0,23,0,0,88,0,88,0,0,111,0,111,24,0,24,135
09/05/2021,SPG,FL,ASO,ES,Federal Contract Tower,0,0,17,0,17,0,0,145,0,145,0,0,162,0,162,14,0,14,176
09/06/2021,SPG,FL,ASO,ES,Federal Contract Tower,0,0,16,0,16,0,4,109,0,113,0,4,125,0,129,108,0,108,237
09/07/2021,SPG,FL,ASO,ES,Federal Contract Tower,0,0,17,0,17,0,8,114,0,122,0,8,131,0,139,130,0,130,269
09/08/2021,SPG,FL,ASO,ES,Federal Contract Tower,0,0,18,0,18,0,12,117,0,129,0,12,135,0,147,134,0,134,281
09/09/2021,SPG,FL,ASO,ES,Federal Contract Tower,0,0,9,0,9,0,8,97,0,105,0,8,106,0,114,62,0,62,176
09/10/2021,SPG,FL,ASO,ES,Federal Contract Tower,0,0,27,0,27,0,0,116,0,116,0,0,143,0,143,94,0,94,237
09/11/2021,SPG,FL,ASO,ES,Federal Contract Tower,0,0,17,0,17,0,0,102,0,102,0,0,119,0,119,148,0,148,267
09/12/2021,SPG,FL,ASO,ES,Federal Contract Tower,0,0,11,0,11,0,0,83,0,83,0,0,94,0,94,154,0,154,248
09/13/2021,SPG,FL,ASO,ES,Federal Contract Tower,0,0,13,0,13,0,10,108,0,118,0,10,121,0,131,182,0,182,313
09/14/2021,SPG,FL,ASO,ES,Federal Contract Tower,0,0,11,0,11,0,6,110,0,116,0,6,121,0,127,140,0,140,267
09/15/2021,SPG,FL,ASO,ES,Federal Contract Tower,0,0,6,0,6,0,14,108,0,122,0,14,114,0,128,162,0,162,290
09/16/2021,SPG,FL,ASO,ES,Federal Contract Tower,0,0,11,0,11,0,8,89,2,99,0,8,100,2,110,182,0,182,292
09/17/2021,SPG,FL,ASO,ES,Federal Contract Tower,0,0,18,0,18,0,0,50,0,50,0,0,68,0,68,178,0,178,246
09/18/2021,SPG,FL,ASO,ES,Federal Contract Tower,0,0,11,0,11,0,0,98,0,98,0,0,109,0,109,226,0,226,335
09/19/2021,SPG,FL,ASO,ES,Federal Contract Tower,0,0,20,0,20,0,12,130,0,142,0,12,150,0,162,172,0,172,334
09/20/2021,SPG,FL,ASO,ES,Federal Contract Tower,0,0,10,0,10,0,16,103,0,119,0,16,113,0,129,116,0,116,245
09/21/2021,SPG,FL,ASO,ES,Federal Contract Tower,0,0,10,0,10,0,12,129,0,141,0,12,139,0,151,170,0,170,321
09/22/2021,SPG,FL,ASO,ES,Federal Contract Tower,0,0,7,0,7,0,10,130,0,140,0,10,137,0,147,214,0,214,361
09/23/2021,SPG,FL,ASO,ES,Federal Contract Tower,0,0,21,1,22,0,12,148,1,161,0,12,169,2,183,254,0,254,437
09/24/2021,SPG,FL,ASO,ES,Federal Contract Tower,0,0,17,0,17,0,0,119,0,119,0,0,136,0,136,200,0,200,336
09/25/2021,SPG,FL,ASO,ES,Federal Contract Tower,0,0,23,0,23,0,0,143,0,143,0,0,166,0,166,138,0,138,304
09/26/2021,SPG,FL,ASO,ES,Federal Contract Tower,0,0,12,0,12,0,6,126,0,132,0,6,138,0,144,146,0,146,290
09/27/2021,SPG,FL,ASO,ES,Federal Contract Tower,0,0,12,0,12,0,10,132,0,142,0,10,144,0,154,166,0,166,320
09/28/2021,SPG,FL,ASO,ES,Federal Contract Tower,0,2,8,0,10,0,10,145,0,155,0,12,153,0,165,288,0,288,453
09/29/2021,SPG,FL,ASO,ES,Federal Contract Tower,0,3,13,0,16,0,11,135,0,146,0,14,148,0,162,224,0,224,386
09/30/2021,SPG,FL,ASO,ES,Federal Contract Tower,0,0,22,0,22,0,10,128,0,138,0,10,150,0,160,272,0,272,432
10/01/2021,SPG,FL,ASO,ES,Federal Contract Tower,0,0,22,0,22,0,0,100,0,100,0,0,122,0,122,114,0,114,236
10/02/2021,SPG,FL,ASO,ES,Federal Contract Tower,0,0,19,0,19,0,0,133,0,133,0,0,152,0,152,102,0,102,254
10/03/2021,SPG,FL,ASO,ES,Federal Contract Tower,0,0,29,0,29,0,0,130,2,132,0,0,159,2,161,122,10,132,293
10/04/2021,SPG,FL,ASO,ES,Federal Contract Tower,0,0,11,0,11,0,8,119,0,127,0,8,130,0,138,200,0,200,338
10/05/2021,SPG,FL,ASO,ES,Federal Contract Tower,0,0,4,0,4,0,14,139,0,153,0,14,143,0,157,144,0,144,301
10/06/2021,SPG,FL,ASO,ES,Federal Contract Tower,0,0,12,0,12,0,16,113,0,129,0,16,125,0,141,216,0,216,357
10/07/2021,SPG,FL,ASO,ES,Federal Contract Tower,0,0,25,0,25,0,12,137,0,149,0,12,162,0,174,180,0,180,354
10/08/2021,SPG,FL,ASO,ES,Federal Contract Tower,0,0,18,0,18,0,0,64,0,64,0,0,82,0,82,108,0,108,190
10/09/2021,SPG,FL,ASO,ES,Federal Contract Tower,0,0,14,0,14,0,0,123,0,123,0,0,137,0,137,160,0,160,297
10/10/2021,SPG,FL,ASO,ES,Federal Contract Tower,0,0,23,0,23,0,4,126,0,130,0,4,149,0,153,202,0,202,355
10/11/2021,SPG,FL,ASO,ES,Federal Contract Tower,0,0,21,0,21,0,10,116,0,126,0,10,137,0,147,194,0,194,341
10/12/2021,SPG,FL,ASO,ES,Federal Contract Tower,0,0,17,0,17,0,8,130,0,138,0,8,147,0,155,228,0,228,383
10/13/2021,SPG,FL,ASO,ES,Federal Contract Tower,0,0,25,0,25,0,14,105,0,119,0,14,130,0,144,150,0,150,294
10/14/2021,SPG,FL,ASO,ES,Federal Contract Tower,0,0,14,2,16,0,8,141,0,149,0,8,155,2,165,246,0,246,411
10/15/2021,SPG,FL,ASO,ES,Federal Contract Tower,0,0,23,0,23,0,0,125,0,125,0,0,148,0,148,252,0,252,400
10/16/2021,SPG,FL,ASO,ES,Federal Contract Tower,0,0,17,0,17,0,0,122,0,122,0,0,139,0,139,134,0,134,273
10/17/2021,SPG,FL,ASO,ES,Federal Contract Tower,0,1,23,0,24,0,12,118,0,130,0,13,141,0,154,200,0,200,354
10/18/2021,SPG,FL,ASO,ES,Federal Contract Tower,0,0,18,0,18,0,8,131,0,139,0,8,149,0,157,214,0,214,371
10/19/2021,SPG,FL,ASO,ES,Federal Contract Tower,0,0,19,0,19,0,8,139,0,147,0,8,158,0,166,202,0,202,368
10/20/2021,SPG,FL,ASO,ES,Federal Contract Tower,0,1,12,0,13,0,14,123,2,139,0,15,135,2,152,222,18,240,392
10/21/2021,SPG,FL,ASO,ES,Federal Contract Tower,0,0,14,0,14,0,0,137,0,137,0,0,151,0,151,188,0,188,339
10/22/2021,SPG,FL,ASO,ES,Federal Contract Tower,0,0,18,0,18,0,0,129,2,131,0,0,147,2,149,214,8,222,371
10/23/2021,SPG,FL,ASO,ES,Federal Contract Tower,0,0,13,0,13,0,0,114,0,114,0,0,127,0,127,144,0,144,271
10/24/2021,SPG,FL,ASO,ES,Federal Contract Tower,0,0,16,0,16,0,0,0,0,0,0,0,16,0,16,146,0,146,162
10/25/2021,SPG,FL,ASO,ES,Federal Contract Tower,0,0,5,0,5,0,4,70,0,74,0,4,75,0,79,60,0,60,139
10/26/2021,SPG,FL,ASO,ES,Federal Contract Tower,0,0,14,0,14,0,10,130,0,140,0,10,144,0,154,174,0,174,328
10/27/2021,SPG,FL,ASO,ES,Federal Contract Tower,0,0,18,0,18,0,14,132,0,146,0,14,150,0,164,188,0,188,352
10/28/2021,SPG,FL,ASO,ES,Federal Contract Tower,0,0,4,0,4,0,4,12,0,16,0,4,16,0,20,0,0,0,20
10/29/2021,SPG,FL,ASO,ES,Federal Contract Tower,0,0,7,0,7,0,0,25,0,25,0,0,32,0,32,6,0,6,38
10/30/2021,SPG,FL,ASO,ES,Federal Contract Tower,0,0,24,0,24,0,0,83,0,83,0,0,107,0,107,86,0,86,193
10/31/2021,SPG,FL,ASO,ES,Federal Contract Tower,0,0,24,0,24,0,12,121,0,133,0,12,145,0,157,150,0,150,307
11/01/2021,SPG,FL,ASO,ES,Federal Contract Tower,0,0,10,0,10,0,8,117,0,125,0,8,127,0,135,258,0,258,393
11/02/2021,SPG,FL,ASO,ES,Federal Contract Tower,0,0,10,0,10,0,8,123,2,133,0,8,133,2,143,264,10,274,417
11/03/2021,SPG,FL,ASO,ES,Federal Contract Tower,0,0,21,0,21,0,8,125,0,133,0,8,146,0,154,202,0,202,356
11/04/2021,SPG,FL,ASO,ES,Federal Contract Tower,0,0,17,0,17,0,16,117,0,133,0,16,134,0,150,192,0,192,342
11/05/2021,SPG,FL,ASO,ES,Federal Contract Tower,0,0,3,0,3,0,0,0,0,0,0,0,3,0,3,0,0,0,3
11/06/2021,SPG,FL,ASO,ES,Federal Contract Tower,0,0,14,0,14,0,0,17,0,17,0,0,31,0,31,34,0,34,65
11/07/2021,SPG,FL,ASO,ES,Federal Contract Tower,0,0,24,0,24,0,0,93,0,93,0,0,117,0,117,124,0,124,241
11/08/2021,SPG,FL,ASO,ES,Federal Contract Tower,0,0,16,0,16,0,0,108,0,108,0,0,124,0,124,222,0,222,346
11/09/2021,SPG,FL,ASO,ES,Federal Contract Tower,0,0,19,0,19,0,6,145,0,151,0,6,164,0,170,198,0,198,368
11/10/2021,SPG,FL,ASO,ES,Federal Contract Tower,0,0,33,0,33,0,8,141,0,149,0,8,174,0,182,248,0,248,430
11/11/2021,SPG,FL,ASO,ES,Federal Contract Tower,0,0,19,0,19,0,8,140,2,150,0,8,159,2,169,160,0,160,329
11/12/2021,SPG,FL,ASO,ES,Federal Contract Tower,0,0,29,0,29,0,0,130,5,135,0,0,159,5,164,281,14,295,459
11/13/2021,SPG,FL,ASO,ES,Federal Contract Tower,0,0,19,0,19,0,0,96,0,96,0,0,115,0,115,216,0,216,331
11/14/2021,SPG,FL,ASO,ES,Federal Contract Tower,0,0,22,0,22,0,0,149,0,149,0,0,171,0,171,94,0,94,265
11/15/2021,SPG,FL,ASO,ES,Federal Contract Tower,0,0,22,0,22,0,12,136,0,148,0,12,158,0,170,176,0,176,346
11/16/2021,SPG,FL,ASO,ES,Federal Contract Tower,0,0,12,0,12,0,10,120,0,130,0,10,132,0,142,216,0,216,358
11/17/2021,SPG,FL,ASO,ES,Federal Contract Tower,0,0,12,0,12,0,10,136,0,146,0,10,148,0,158,194,0,194,352
11/18/2021,SPG,FL,ASO,ES,Federal Contract Tower,0,0,18,0,18,0,0,68,2,70,0,0,86,2,88,194,0,194,282
11/19/2021,SPG,FL,ASO,ES,Federal Contract Tower,0,0,18,0,18,0,0,103,0,103,0,0,121,0,121,150,0,150,271
11/20/2021,SPG,FL,ASO,ES,Federal Contract Tower,0,0,13,0,13,0,0,65,0,65,0,0,78,0,78,30,0,30,108
11/21/2021,SPG,FL,ASO,ES,Federal Contract Tower,0,0,25,0,25,0,4,96,0,100,0,4,121,0,125,172,0,172,297
11/22/2021,SPG,FL,ASO,ES,Federal Contract Tower,0,0,15,0,15,0,8,28,0,36,0,8,43,0,51,8,0,8,59
11/23/2021,SPG,FL,ASO,ES,Federal Contract Tower,0,0,18,0,18,0,6,134,0,140,0,6,152,0,158,190,0,190,348
11/24/2021,SPG,FL,ASO,ES,Federal Contract Tower,0,0,17,0,17,0,0,123,0,123,0,0,140,0,140,102,0,102,242
11/25/2021,SPG,FL,ASO,ES,Federal Contract Tower,0,0,11,0,11,0,0,78,0,78,0,0,89,0,89,40,0,40,129
11/26/2021,SPG,FL,ASO,ES,Federal Contract Tower,0,1,9,0,10,0,0,132,0,132,0,1,141,0,142,84,0,84,226
11/27/2021,SPG,FL,ASO,ES,Federal Contract Tower,0,0,26,0,26,0,0,171,0,171,0,0,197,0,197,120,0,120,317
11/28/2021,SPG,FL,ASO,ES,Federal Contract Tower,0,0,23,0,23,0,4,141,0,145,0,4,164,0,168,132,0,132,300
11/29/2021,SPG,FL,ASO,ES,Federal Contract Tower,0,0,12,0,12,0,8,131,0,139,0,8,143,0,151,230,0,230,381
11/30/2021,SPG,FL,ASO,ES,Federal Contract Tower,0,0,17,0,17,0,8,128,0,136,0,8,145,0,153,210,0,210,363
12/01/2021,SPG,FL,ASO,ES,Federal Contract Tower,0,0,13,0,13,0,4,139,0,143,0,4,152,0,156,196,0,196,352
12/02/2021,SPG,FL,ASO,ES,Federal Contract Tower,0,0,28,0,28,0,12,149,0,161,0,12,177,0,189,162,0,162,351
12/03/2021,SPG,FL,ASO,ES,Federal Contract Tower,0,0,21,0,21,0,0,108,0,108,0,0,129,0,129,136,8,144,273
12/04/2021,SPG,FL,ASO,ES,Federal Contract Tower,0,0,17,0,17,0,2,140,0,142,0,2,157,0,159,134,0,134,293
12/05/2021,SPG,FL,ASO,ES,Federal Contract Tower,0,0,20,0,20,0,6,124,2,132,0,6,144,2,152,144,0,144,296
12/06/2021,SPG,FL,ASO,ES,Federal Contract Tower,0,0,12,0,12,0,14,103,0,117,0,14,115,0,129,148,0,148,277
12/07/2021,SPG,FL,ASO,ES,Federal Contract Tower,0,0,19,0,19,0,7,92,0,99,0,7,111,0,118,102,0,102,220
12/08/2021,SPG,FL,ASO,ES,Federal Contract Tower,0,0,17,0,17,0,15,135,0,150,0,15,152,0,167,124,0,124,291
12/09/2021,SPG,FL,ASO,ES,Federal Contract Tower,0,0,11,0,11,0,7,74,0,81,0,7,85,0,92,122,0,122,214
12/10/2021,SPG,FL,ASO,ES,Federal Contract Tower,0,0,24,0,24,0,0,75,0,75,0,0,99,0,99,102,0,102,201
12/11/2021,SPG,FL,ASO,ES,Federal Contract Tower,0,0,20,0,20,0,0,122,0,122,0,0,142,0,142,132,0,132,274
12/12/2021,SPG,FL,ASO,ES,Federal Contract Tower,0,0,13,0,13,0,10,108,0,118,0,10,121,0,131,122,0,122,253
12/13/2021,SPG,FL,ASO,ES,Federal Contract Tower,0,0,21,0,21,0,10,115,0,125,0,10,136,0,146,280,0,280,426
12/14/2021,SPG,FL,ASO,ES,Federal Contract Tower,0,0,21,0,21,0,10,83,0,93,0,10,104,0,114,118,0,118,232
12/15/2021,SPG,FL,ASO,ES,Federal Contract Tower,0,0,10,0,10,0,8,130,0,138,0,8,140,0,148,210,0,210,358
12/16/2021,SPG,FL,ASO,ES,Federal Contract Tower,0,0,24,0,24,0,0,160,0,160,0,0,184,0,184,164,0,164,348
12/17/2021,SPG,FL,ASO,ES,Federal Contract Tower,0,0,15,0,15,0,0,138,0,138,0,0,153,0,153,80,0,80,233
12/18/2021,SPG,FL,ASO,ES,Federal Contract Tower,0,0,11,0,11,0,0,141,0,141,0,0,152,0,152,178,0,178,330
12/19/2021,SPG,FL,ASO,ES,Federal Contract Tower,0,0,21,0,21,0,10,76,0,86,0,10,97,0,107,64,0,64,171
12/20/2021,SPG,FL,ASO,ES,Federal Contract Tower,0,0,17,0,17,0,0,106,0,106,0,0,123,0,123,178,0,178,301
12/21/2021,SPG,FL,ASO,ES,Federal Contract Tower,0,0,10,0,10,0,0,4,0,4,0,0,14,0,14,0,0,0,14
12/22/2021,SPG,FL,ASO,ES,Federal Contract Tower,0,0,15,0,15,0,14,110,0,124,0,14,125,0,139,136,0,136,275
12/23/2021,SPG,FL,ASO,ES,Federal Contract Tower,0,0,13,0,13,0,8,170,0,178,0,8,183,0,191,164,0,164,355
12/24/2021,SPG,FL,ASO,ES,Federal Contract Tower,0,0,11,0,11,0,0,96,0,96,0,0,107,0,107,66,0,66,173
12/25/2021,SPG,FL,ASO,ES,Federal Contract Tower,0,0,4,0,4,0,0,30,0,30,0,0,34,0,34,2,0,2,36
12/26/2021,SPG,FL,ASO,ES,Federal Contract Tower,0,0,25,1,26,0,8,122,0,130,0,8,147,1,156,84,2,86,242
12/27/2021,SPG,FL,ASO,ES,Federal Contract Tower,0,0,26,0,26,0,8,130,0,138,0,8,156,0,164,144,0,144,308
12/28/2021,SPG,FL,ASO,ES,Federal Contract Tower,0,1,16,0,17,0,4,146,0,150,0,5,162,0,167,122,0,122,289
12/29/2021,SPG,FL,ASO,ES,Federal Contract Tower,0,0,16,2,18,0,11,129,0,140,0,11,145,2,158,151,0,151,309
12/30/2021,SPG,FL,ASO,ES,Federal Contract Tower,0,0,23,0,23,0,4,73,0,77,0,4,96,0,100,50,0,50,150
12/31/2021,SPG,FL,ASO,ES,Federal Contract Tower,0,0,25,0,25,0,0,105,0,105,0,0,130,0,130,110,0,110,240
01/01/2022,SPG,FL,ASO,ES,Federal Contract Tower,0,0,13,0,13,0,0,93,0,93,0,0,106,0,106,16,0,16,122
01/02/2022,SPG,FL,ASO,ES,Federal Contract Tower,0,1,15,0,16,0,4,63,0,67,0,5,78,0,83,68,0,68,151
01/03/2022,SPG,FL,ASO,ES,Federal Contract Tower,0,0,14,0,14,0,6,52,0,58,0,6,66,0,72,62,0,62,134
01/04/2022,SPG,FL,ASO,ES,Federal Contract Tower,0,0,16,0,16,0,10,133,0,143,0,10,149,0,159,186,0,186,345
01/05/2022,SPG,FL,ASO,ES,Federal Contract Tower,0,1,12,0,13,0,12,130,0,142,0,13,142,0,155,170,0,170,325
01/06/2022,SPG,FL,ASO,ES,Federal Contract Tower,0,0,16,2,18,0,6,127,0,133,0,6,143,2,151,160,0,160,311
01/07/2022,SPG,FL,ASO,ES,Federal Contract Tower,0,0,15,0,15,0,0,122,0,122,0,0,137,0,137,96,2,98,235
01/08/2022,SPG,FL,ASO,ES,Federal Contract Tower,0,0,16,0,16,0,0,119,0,119,0,0,135,0,135,52,0,52,187
01/09/2022,SPG,FL,ASO,ES,Federal Contract Tower,0,0,24,0,24,0,12,128,0,140,0,12,152,0,164,146,0,146,310
01/10/2022,SPG,FL,ASO,ES,Federal Contract Tower,0,0,14,1,15,0,14,120,1,135,0,14,134,2,150,146,0,146,296
01/11/2022,SPG,FL,ASO,ES,Federal Contract Tower,0,0,16,0,16,0,12,130,0,142,0,12,146,0,158,158,0,158,316
01/12/2022,SPG,FL,ASO,ES,Federal Contract Tower,0,0,9,0,9,0,12,125,0,137,0,12,134,0,146,164,0,164,310
01/13/2022,SPG,FL,ASO,ES,Federal Contract Tower,0,0,21,0,21,0,5,145,0,150,0,5,166,0,171,148,0,148,319
01/14/2022,SPG,FL,ASO,ES,Federal Contract Tower,0,0,17,0,17,0,4,141,0,145,0,4,158,0,162,156,0,156,318
01/15/2022,SPG,FL,ASO,ES,Federal Contract Tower,0,0,24,0,24,0,0,141,0,141,0,0,165,0,165,106,0,106,271
01/16/2022,SPG,FL,ASO,ES,Federal Contract Tower,0,0,7,0,7,0,4,5,0,9,0,4,12,0,16,0,0,0,16
01/17/2022,SPG,FL,ASO,ES,Federal Contract Tower,0,0,6,0,6,0,2,54,0,56,0,2,60,0,62,0,0,0,62
01/18/2022,SPG,FL,ASO,ES,Federal Contract Tower,0,0,7,0,7,0,7,130,2,139,0,7,137,2,146,174,4,178,324
01/19/2022,SPG,FL,ASO,ES,Federal Contract Tower,0,0,19,0,19,0,6,157,0,163,0,6,176,0,182,248,0,248,430
01/20/2022,SPG,FL,ASO,ES,Federal Contract Tower,0,2,31,0,33,0,8,159,2,169,0,10,190,2,202,186,0,186,388
01/21/2022,SPG,FL,ASO,ES,Federal Contract Tower,0,0,21,0,21,0,0,108,0,108,0,0,129,0,129,228,0,228,357
01/22/2022,SPG,FL,ASO,ES,Federal Contract Tower,0,0,22,0,22,0,0,21,0,21,0,0,43,0,43,32,0,32,75
01/23/2022,SPG,FL,ASO,ES,Federal Contract Tower,0,0,36,0,36,0,6,102,0,108,0,6,138,0,144,100,0,100,244
01/24/2022,SPG,FL,ASO,ES,Federal Contract Tower,0,0,14,0,14,0,10,131,0,141,0,10,145,0,155,196,0,196,351
01/25/2022,SPG,FL,ASO,ES,Federal Contract Tower,0,0,9,0,9,0,0,30,0,30,0,0,39,0,39,46,0,46,85
01/26/2022,SPG,FL,ASO,ES,Federal Contract Tower,0,0,20,0,20,0,1,0,0,1,0,1,20,0,21,0,0,0,21
01/27/2022,SPG,FL,ASO,ES,Federal Contract Tower,0,0,33,0,33,0,10,95,0,105,0,10,128,0,138,156,0,156,294
01/28/2022,SPG,FL,ASO,ES,Federal Contract Tower,0,0,24,0,24,0,0,83,0,83,0,0,107,0,107,184,0,184,291
01/29/2022,SPG,FL,ASO,ES,Federal Contract Tower,0,0,4,0,4,0,0,32,0,32,0,0,36,0,36,8,0,8,44
01/30/2022,SPG,FL,ASO,ES,Federal Contract Tower,0,0,20,0,20,0,10,136,0,146,0,10,156,0,166,136,0,136,302
01/31/2022,SPG,FL,ASO,ES,Federal Contract Tower,0,0,14,0,14,0,11,120,0,131,0,11,134,0,145,144,0,144,289
02/01/2022,SPG,FL,ASO,ES,Federal Contract Tower,0,0,23,0,23,0,8,147,0,155,0,8,170,0,178,190,0,190,368
02/02/2022,SPG,FL,ASO,ES,Federal Contract Tower,0,2,10,0,12,0,10,121,0,131,0,12,131,0,143,156,0,156,299
02/03/2022,SPG,FL,ASO,ES,Federal Contract Tower,0,0,15,0,15,0,10,128,0,138,0,10,143,0,153,164,0,164,317
02/04/2022,SPG,FL,ASO,ES,Federal Contract Tower,0,0,17,0,17,0,0,97,0,97,0,0,114,0,114,70,4,74,188
02/05/2022,SPG,FL,ASO,ES,Federal Contract Tower,0,0,23,0,23,0,0,50,0,50,0,0,73,0,73,140,0,140,213
02/06/2022,SPG,FL,ASO,ES,Federal Contract Tower,0,0,28,0,28,0,0,0,0,0,0,0,28,0,28,0,0,0,28
02/07/2022,SPG,FL,ASO,ES,Federal Contract Tower,0,0,23,0,23,0,0,51,1,52,0,0,74,1,75,72,0,72,147
02/08/2022,SPG,FL,ASO,ES,Federal Contract Tower,0,0,15,0,15,0,0,4,0,4,0,0,19,0,19,40,0,40,59
02/09/2022,SPG,FL,ASO,ES,Federal Contract Tower,0,0,10,0,10,0,12,135,0,147,0,12,145,0,157,186,0,186,343
02/10/2022,SPG,FL,ASO,ES,Federal Contract Tower,0,0,26,0,26,0,12,155,2,169,0,12,181,2,195,182,0,182,377
02/11/2022,SPG,FL,ASO,ES,Federal Contract Tower,0,0,20,0,20,0,0,173,0,173,0,0,193,0,193,206,0,206,399
02/12/2022,SPG,FL,ASO,ES,Federal Contract Tower,0,0,23,0,23,0,0,187,0,187,0,0,210,0,210,88,0,88,298
02/13/2022,SPG,FL,ASO,ES,Federal Contract Tower,0,0,15,0,15,0,4,77,1,82,0,4,92,1,97,78,0,78,175
02/14/2022,SPG,FL,ASO,ES,Federal Contract Tower,0,0,8,0,8,0,10,134,2,146,0,10,142,2,154,114,0,114,268
02/15/2022,SPG,FL,ASO,ES,Federal Contract Tower,0,0,10,0,10,0,8,132,1,141,0,8,142,1,151,148,0,148,299
02/16/2022,SPG,FL,ASO,ES,Federal Contract Tower,0,0,20,0,20,0,8,142,0,150,0,8,162,0,170,192,0,192,362
02/17/2022,SPG,FL,ASO,ES,Federal Contract Tower,0,0,27,0,27,0,10,138,0,148,0,10,165,0,175,162,0,162,337
02/18/2022,SPG,FL,ASO,ES,Federal Contract Tower,0,0,30,0,30,0,0,34,0,34,0,0,64,0,64,42,0,42,106
02/19/2022,SPG,FL,ASO,ES,Federal Contract Tower,0,0,14,0,14,0,0,61,2,63,0,0,75,2,77,140,0,140,217
02/20/2022,SPG,FL,ASO,ES,Federal Contract Tower,0,0,16,0,16,0,8,136,0,144,0,8,152,0,160,172,0,172,332
02/21/2022,SPG,FL,ASO,ES,Federal Contract Tower,0,0,8,0,8,0,4,146,0,150,0,4,154,0,158,218,0,218,376
02/22/2022,SPG,FL,ASO,ES,Federal Contract Tower,0,0,9,0,9,0,6,136,0,142,0,6,145,0,151,166,0,166,317
02/23/2022,SPG,FL,ASO,ES,Federal Contract Tower,0,0,16,0,16,0,12,116,0,128,0,12,132,0,144,172,0,172,316
02/24/2022,SPG,FL,ASO,ES,Federal Contract Tower,0,0,6,0,6,0,10,138,0,148,0,10,144,0,154,172,0,172,326
02/25/2022,SPG,FL,ASO,ES,Federal Contract Tower,0,0,14,0,14,0,0,106,0,106,0,0,120,0,120,98,0,98,218
02/26/2022,SPG,FL,ASO,ES,Federal Contract Tower,0,0,14,0,14,0,0,111,0,111,0,0,125,0,125,130,0,130,255
02/27/2022,SPG,FL,ASO,ES,Federal Contract Tower,0,0,7,0,7,0,6,93,0,99,0,6,100,0,106,48,2,50,156
02/28/2022,SPG,FL,ASO,ES,Federal Contract Tower,0,0,18,0,18,0,14,120,0,134,0,14,138,0,152,156,0,156,308
03/01/2022,SPG,FL,ASO,ES,Federal Contract Tower,0,0,11,0,11,0,2,119,0,121,0,2,130,0,132,172,0,172,304
03/02/2022,SPG,FL,ASO,ES,Federal Contract Tower,0,0,9,0,9,0,10,124,0,134,0,10,133,0,143,148,0,148,291
03/03/2022,SPG,FL,ASO,ES,Federal Contract Tower,0,0,6,0,6,0,10,146,0,156,0,10,152,0,162,182,0,182,344
03/04/2022,SPG,FL,ASO,ES,Federal Contract Tower,0,1,20,0,21,0,0,113,0,113,0,1,133,0,134,122,0,122,256
03/05/2022,SPG,FL,ASO,ES,Federal Contract Tower,0,0,18,0,18,0,0,141,0,141,0,0,159,0,159,146,0,146,305
03/06/2022,SPG,FL,ASO,ES,Federal Contract Tower,0,0,10,0,10,0,6,138,0,144,0,6,148,0,154,170,0,170,324
03/07/2022,SPG,FL,ASO,ES,Federal Contract Tower,0,0,19,0,19,0,10,122,0,132,0,10,141,0,151,146,0,146,297
03/08/2022,SPG,FL,ASO,ES,Federal Contract Tower,0,0,12,0,12,0,10,130,0,140,0,10,142,0,152,166,0,166,318
03/09/2022,SPG,FL,ASO,ES,Federal Contract Tower,0,0,16,0,16,0,2,40,0,42,0,2,56,0,58,20,0,20,78
03/10/2022,SPG,FL,ASO,ES,Federal Contract Tower,0,0,17,0,17,0,0,68,0,68,0,0,85,0,85,50,0,50,135
03/11/2022,SPG,FL,ASO,ES,Federal Contract Tower,0,0,9,0,9,0,0,81,0,81,0,0,90,0,90,48,0,48,138
03/12/2022,SPG,FL,ASO,ES,Federal Contract Tower,0,0,6,0,6,0,2,2,0,4,0,2,8,0,10,0,0,0,10
03/13/2022,SPG,FL,ASO,ES,Federal Contract Tower,0,0,22,0,22,0,8,110,0,118,0,8,132,0,140,132,0,132,272
03/14/2022,SPG,FL,ASO,ES,Federal Contract Tower,0,0,22,0,22,0,10,126,0,136,0,10,148,0,158,200,0,200,358
03/15/2022,SPG,FL,ASO,ES,Federal Contract Tower,0,0,15,0,15,0,0,84,0,84,0,0,99,0,99,160,0,160,259
03/16/2022,SPG,FL,ASO,ES,Federal Contract Tower,0,0,12,0,12,0,9,80,0,89,0,9,92,0,101,168,0,168,269
03/17/2022,SPG,FL,ASO,ES,Federal Contract Tower,0,0,28,0,28,0,8,155,0,163,0,8,183,0,191,188,0,188,379
03/18/2022,SPG,FL,ASO,ES,Federal Contract Tower,0,0,32,0,32,0,0,148,0,148,0,0,180,0,180,144,0,144,324
03/19/2022,SPG,FL,ASO,ES,Federal Contract Tower,0,0,14,0,14,0,0,109,0,109,0,0,123,0,123,114,0,114,237
03/20/2022,SPG,FL,ASO,ES,Federal Contract Tower,0,0,21,0,21,0,6,143,0,149,0,6,164,0,170,136,0,136,306
03/21/2022,SPG,FL,ASO,ES,Federal Contract Tower,0,0,14,2,16,0,10,126,0,136,0,10,140,2,152,144,0,144,296
03/22/2022,SPG,FL,ASO,ES,Federal Contract Tower,0,0,12,0,12,0,8,139,0,147,0,8,151,0,159,182,0,182,341
03/23/2022,SPG,FL,ASO,ES,Federal Contract Tower,0,0,11,0,11,0,2,41,0,43,0,2,52,0,54,6,0,6,60
03/24/2022,SPG,FL,ASO,ES,Federal Contract Tower,0,0,11,0,11,0,0,2,0,2,0,0,13,0,13,0,0,0,13
03/25/2022,SPG,FL,ASO,ES,Federal Contract Tower,0,0,10,0,10,0,0,120,0,120,0,0,130,0,130,140,0,140,270
03/26/2022,SPG,FL,ASO,ES,Federal Contract Tower,0,0,20,0,20,0,0,150,0,150,0,0,170,0,170,30,0,30,200
03/27/2022,SPG,FL,ASO,ES,Federal Contract Tower,0,0,10,0,10,0,6,123,0,129,0,6,133,0,139,146,0,146,285
03/28/2022,SPG,FL,ASO,ES,Federal Contract Tower,0,0,16,0,16,0,6,118,0,124,0,6,134,0,140,126,0,126,266
03/29/2022,SPG,FL,ASO,ES,Federal Contract Tower,0,0,15,0,15,0,10,134,0,144,0,10,149,0,159,212,0,212,371
03/30/2022,SPG,FL,ASO,ES,Federal Contract Tower,0,0,16,0,16,0,0,79,2,81,0,0,95,2,97,2,4,6,103
03/31/2022,SPG,FL,ASO,ES,Federal Contract Tower,0,0,12,0,12,0,0,19,0,19,0,0,31,0,31,24,0,24,55
04/01/2022,SPG,FL,ASO,ES,Federal Contract Tower,0,0,9,0,9,0,0,68,0,68,0,0,77,0,77,134,0,134,211
04/02/2022,SPG,FL,ASO,ES,Federal Contract Tower,0,0,2,0,2,0,0,9,0,9,0,0,11,0,11,4,0,4,15
04/03/2022,SPG,FL,ASO,ES,Federal Contract Tower,0,0,25,0,25,0,4,113,0,117,0,4,138,0,142,130,0,130,272
04/04/2022,SPG,FL,ASO,ES,Federal Contract Tower,0,0,23,0,23,0,4,123,0,127,0,4,146,0,150,220,0,220,370
04/05/2022,SPG,FL,ASO,ES,Federal Contract Tower,0,0,19,0,19,0,2,74,0,76,0,2,93,0,95,40,0,40,135
04/06/2022,SPG,FL,ASO,ES,Federal Contract Tower,0,0,32,0,32,0,4,63,0,67,0,4,95,0,99,10,0,10,109
04/07/2022,SPG,FL,ASO,ES,Federal Contract Tower,0,0,14,0,14,0,0,26,0,26,0,0,40,0,40,14,0,14,54
04/08/2022,SPG,FL,ASO,ES,Federal Contract Tower,0,0,13,0,13,0,0,96,0,96,0,0,109,0,109,8,0,8,117
04/09/2022,SPG,FL,ASO,ES,Federal Contract Tower,0,0,10,0,10,0,0,118,0,118,0,0,128,0,128,62,0,62,190
04/10/2022,SPG,FL,ASO,ES,Federal Contract Tower,0,1,21,0,22,0,20,138,0,158,0,21,159,0,180,72,0,72,252
04/11/2022,SPG,FL,ASO,ES,Federal Contract Tower,0,0,13,0,13,0,8,136,0,144,0,8,149,0,157,176,0,176,333
04/12/2022,SPG,FL,ASO,ES,Federal Contract Tower,0,0,17,0,17,0,6,150,0,156,0,6,167,0,173,190,0,190,363
04/13/2022,SPG,FL,ASO,ES,Federal Contract Tower,0,0,14,0,14,0,12,119,0,131,0,12,133,0,145,160,0,160,305
04/14/2022,SPG,FL,ASO,ES,Federal Contract Tower,0,0,34,0,34,0,12,152,0,164,0,12,186,0,198,130,0,130,328
04/15/2022,SPG,FL,ASO,ES,Federal Contract Tower,0,0,27,0,27,0,0,139,0,139,0,0,166,0,166,154,0,154,320
04/16/2022,SPG,FL,ASO,ES,Federal Contract Tower,0,0,16,0,16,0,0,133,0,133,0,0,149,0,149,114,0,114,263
04/17/2022,SPG,FL,ASO,ES,Federal Contract Tower,0,0,8,0,8,0,4,80,0,84,0,4,88,0,92,92,0,92,184
04/18/2022,SPG,FL,ASO,ES,Federal Contract Tower,0,0,15,0,15,0,10,113,0,123,0,10,128,0,138,132,0,132,270
04/19/2022,SPG,FL,ASO,ES,Federal Contract Tower,0,0,15,0,15,0,10,141,0,151,0,10,156,0,166,222,0,222,388
04/20/2022,SPG,FL,ASO,ES,Federal Contract Tower,0,0,18,0,18,0,8,95,0,103,0,8,113,0,121,106,0,106,227
04/21/2022,SPG,FL,ASO,ES,Federal Contract Tower,0,0,13,0,13,0,10,120,0,130,0,10,133,0,143,186,0,186,329
04/22/2022,SPG,FL,ASO,ES,Federal Contract Tower,0,0,21,0,21,0,0,85,0,85,0,0,106,0,106,100,0,100,206
04/23/2022,SPG,FL,ASO,ES,Federal Contract Tower,0,0,23,0,23,0,2,148,0,150,0,2,171,0,173,62,0,62,235
04/24/2022,SPG,FL,ASO,ES,Federal Contract Tower,0,0,28,0,28,0,10,131,0,141,0,10,159,0,169,100,0,100,269
04/25/2022,SPG,FL,ASO,ES,Federal Contract Tower,0,0,18,0,18,0,11,118,0,129,0,11,136,0,147,176,0,176,323
04/26/2022,SPG,FL,ASO,ES,Federal Contract Tower,0,0,19,0,19,0,2,126,0,128,0,2,145,0,147,202,0,202,349
04/27/2022,SPG,FL,ASO,ES,Federal Contract Tower,0,0,20,0,20,0,8,133,0,141,0,8,153,0,161,154,0,154,315
04/28/2022,SPG,FL,ASO,ES,Federal Contract Tower,0,0,33,0,33,0,10,100,0,110,0,10,133,0,143,108,0,108,251
04/29/2022,SPG,FL,ASO,ES,Federal Contract Tower,0,0,18,0,18,0,0,85,0,85,0,0,103,0,103,102,0,102,205
04/30/2022,SPG,FL,ASO,ES,Federal Contract Tower,0,0,10,0,10,0,0,66,0,66,0,0,76,0,76,78,0,78,154
05/01/2022,SPG,FL,ASO,ES,Federal Contract Tower,0,0,18,0,18,0,4,113,0,117,0,4,131,0,135,174,0,174,309
05/02/2022,SPG,FL,ASO,ES,Federal Contract Tower,0,0,17,0,17,0,10,162,0,172,0,10,179,0,189,140,0,140,329
05/03/2022,SPG,FL,ASO,ES,Federal Contract Tower,0,0,16,0,16,0,10,137,0,147,0,10,153,0,163,190,0,190,353
05/04/2022,SPG,FL,ASO,ES,Federal Contract Tower,0,0,10,0,10,0,0,85,2,87,0,0,95,2,97,120,4,124,221
05/05/2022,SPG,FL,ASO,ES,Federal Contract Tower,0,0,18,0,18,0,10,139,0,149,0,10,157,0,167,140,0,140,307
05/06/2022,SPG,FL,ASO,ES,Federal Contract Tower,0,0,16,0,16,0,0,125,0,125,0,0,141,0,141,96,0,96,237
05/07/2022,SPG,FL,ASO,ES,Federal Contract Tower,0,0,14,0,14,0,0,34,0,34,0,0,48,0,48,0,0,0,48
05/08/2022,SPG,FL,ASO,ES,Federal Contract Tower,0,0,24,0,24,0,10,121,0,131,0,10,145,0,155,128,0,128,283
05/09/2022,SPG,FL,ASO,ES,Federal Contract Tower,0,0,19,0,19,0,10,147,0,157,0,10,166,0,176,156,0,156,332
05/10/2022,SPG,FL,ASO,ES,Federal Contract Tower,0,0,11,0,11,0,14,119,0,133,0,14,130,0,144,212,0,212,356
05/11/2022,SPG,FL,ASO,ES,Federal Contract Tower,0,0,6,0,6,0,16,121,0,137,0,16,127,0,143,114,0,114,257
05/12/2022,SPG,FL,ASO,ES,Federal Contract Tower,0,0,14,0,14,0,0,131,0,131,0,0,145,0,145,290,0,290,435
05/13/2022,SPG,FL,ASO,ES,Federal Contract Tower,0,0,16,0,16,0,0,124,0,124,0,0,140,0,140,160,0,160,300
05/14/2022,SPG,FL,ASO,ES,Federal Contract Tower,0,0,12,0,12,0,0,127,0,127,0,0,139,0,139,148,0,148,287
05/15/2022,SPG,FL,ASO,ES,Federal Contract Tower,0,0,18,0,18,0,14,145,0,159,0,14,163,0,177,94,0,94,271
05/16/2022,SPG,FL,ASO,ES,Federal Contract Tower,0,0,18,0,18,0,10,131,0,141,0,10,149,0,159,124,0,124,283
05/17/2022,SPG,FL,ASO,ES,Federal Contract Tower,0,0,8,0,8,0,16,136,0,152,0,16,144,0,160,154,0,154,314
05/18/2022,SPG,FL,ASO,ES,Federal Contract Tower,0,0,7,0,7,0,12,128,0,140,0,12,135,0,147,156,0,156,303
05/19/2022,SPG,FL,ASO,ES,Federal Contract Tower,0,0,12,0,12,0,10,116,0,126,0,10,128,0,138,168,0,168,306
05/20/2022,SPG,FL,ASO,ES,Federal Contract Tower,0,10,0,1,11,0,0,37,0,37,0,10,37,1,48,50,0,50,98
05/21/2022,SPG,FL,ASO,ES,Federal Contract Tower,0,0,13,0,13,0,0,28,0,28,0,0,41,0,41,90,0,90,131
05/22/2022,SPG,FL,ASO,ES,Federal Contract Tower,0,0,15,0,15,0,12,114,0,126,0,12,129,0,141,154,0,154,295
05/23/2022,SPG,FL,ASO,ES,Federal Contract Tower,0,0,19,0,19,0,9,141,0,150,0,9,160,0,169,122,0,122,291
05/24/2022,SPG,FL,ASO,ES,Federal Contract Tower,0,0,8,0,8,0,16,151,0,167,0,16,159,0,175,158,0,158,333
05/25/2022,SPG,FL,ASO,ES,Federal Contract Tower,0,0,10,0,10,0,12,113,0,125,0,12,123,0,135,126,0,126,261
05/26/2022,SPG,FL,ASO,ES,Federal Contract Tower,0,0,13,0,13,0,15,120,0,135,0,15,133,0,148,154,0,154,302
05/27/2022,SPG,FL,ASO,ES,Federal Contract Tower,0,0,18,0,18,0,0,91,2,93,0,0,109,2,111,66,0,66,177
05/28/2022,SPG,FL,ASO,ES,Federal Contract Tower,0,0,14,0,14,0,0,104,0,104,0,0,118,0,118,150,0,150,268
05/29/2022,SPG,FL,ASO,ES,Federal Contract Tower,0,0,13,0,13,0,10,127,0,137,0,10,140,0,150,132,0,132,282
05/30/2022,SPG,FL,ASO,ES,Federal Contract Tower,0,0,18,0,18,0,10,118,0,128,0,10,136,0,146,166,0,166,312
05/31/2022,SPG,FL,ASO,ES,Federal Contract Tower,0,0,13,0,13,0,10,132,0,142,0,10,145,0,155,204,2,206,361
06/01/2022,SPG,FL,ASO,ES,Federal Contract Tower,0,0,3,0,3,0,14,128,0,142,0,14,131,0,145,172,0,172,317
06/02/2022,SPG,FL,ASO,ES,Federal Contract Tower,0,0,11,0,11,0,14,105,0,119,0,14,116,0,130,144,0,144,274
06/03/2022,SPG,FL,ASO,ES,Federal Contract Tower,0,0,7,0,7,0,0,66,0,66,0,0,73,0,73,78,0,78,151
06/04/2022,SPG,FL,ASO,ES,Federal Contract Tower,0,0,6,0,6,0,0,13,0,13,0,0,19,0,19,2,0,2,21
06/05/2022,SPG,FL,ASO,ES,Federal Contract Tower,0,0,11,0,11,0,0,118,0,118,0,0,129,0,129,78,0,78,207
06/06/2022,SPG,FL,ASO,ES,Federal Contract Tower,0,0,11,0,11,0,0,92,2,94,0,0,103,2,105,118,2,120,225
06/07/2022,SPG,FL,ASO,ES,Federal Contract Tower,0,0,10,0,10,0,0,132,0,132,0,0,142,0,142,98,0,98,240
06/08/2022,SPG,FL,ASO,ES,Federal Contract Tower,0,0,11,0,11,0,0,99,0,99,0,0,110,0,110,82,0,82,192
06/09/2022,SPG,FL,ASO,ES,Federal Contract Tower,0,0,14,0,14,0,0,51,0,51,0,0,65,0,65,24,0,24,89
06/10/2022,SPG,FL,ASO,ES,Federal Contract Tower,0,0,9,0,9,0,0,85,0,85,0,0,94,0,94,18,0,18,112
06/11/2022,SPG,FL,ASO,ES,Federal Contract Tower,0,0,9,0,9,0,0,49,0,49,0,0,58,0,58,74,0,74,132
06/12/2022,SPG,FL,ASO,ES,Federal Contract Tower,0,0,18,0,18,0,16,140,0,156,0,16,158,0,174,170,0,170,344
06/13/2022,SPG,FL,ASO,ES,Federal Contract Tower,0,0,20,0,20,0,10,122,0,132,0,10,142,0,152,194,0,194,346
06/14/2022,SPG,FL,ASO,ES,Federal Contract Tower,0,0,11,0,11,0,12,129,0,141,0,12,140,0,152,182,2,184,336
06/15/2022,SPG,FL,ASO,ES,Federal Contract Tower,0,0,16,0,16,0,12,127,0,139,0,12,143,0,155,208,0,208,363
06/16/2022,SPG,FL,ASO,ES,Federal Contract Tower,0,1,13,0,14,0,10,139,0,149,0,11,152,0,163,208,2,210,373
06/17/2022,SPG,FL,ASO,ES,Federal Contract Tower,0,0,7,0,7,0,0,137,0,137,0,0,144,0,144,140,0,140,284
06/18/2022,SPG,FL,ASO,ES,Federal Contract Tower,0,0,11,0,11,0,0,130,0,130,0,0,141,0,141,102,0,102,243
06/19/2022,SPG,FL,ASO,ES,Federal Contract Tower,0,0,22,0,22,0,6,96,0,102,0,6,118,0,124,84,0,84,208
06/20/2022,SPG,FL,ASO,ES,Federal Contract Tower,0,0,13,0,13,0,6,117,0,123,0,6,130,0,136,214,0,214,350
06/21/2022,SPG,FL,ASO,ES,Federal Contract Tower,0,0,17,0,17,0,0,137,4,141,0,0,154,4,158,226,0,226,384
06/22/2022,SPG,FL,ASO,ES,Federal Contract Tower,0,0,5,1,6,0,10,112,0,122,0,10,117,1,128,154,0,154,282
06/23/2022,SPG,FL,ASO,ES,Federal Contract Tower,0,1,18,0,19,0,8,150,1,159,0,9,168,1,178,204,0,204,382
06/24/2022,SPG,FL,ASO,ES,Federal Contract Tower,0,0,19,0,19,0,0,103,0,103,0,0,122,0,122,90,0,90,212
06/25/2022,SPG,FL,ASO,ES,Federal Contract Tower,0,0,11,0,11,0,0,91,0,91,0,0,102,0,102,120,0,120,222
06/26/2022,SPG,FL,ASO,ES,Federal Contract Tower,0,0,12,0,12,0,0,89,0,89,0,0,101,0,101,116,0,116,217
06/27/2022,SPG,FL,ASO,ES,Federal Contract Tower,0,0,9,0,9,0,10,114,0,124,0,10,123,0,133,180,0,180,313
06/28/2022,SPG,FL,ASO,ES,Federal Contract Tower,0,0,8,0,8,0,8,132,6,146,0,8,140,6,154,206,0,206,360
06/29/2022,SPG,FL,ASO,ES,Federal Contract Tower,0,0,10,0,10,0,14,117,0,131,0,14,127,0,141,148,0,148,289
06/30/2022,SPG,FL,ASO,ES,Federal Contract Tower,0,0,9,0,9,0,0,66,0,66,0,0,75,0,75,162,0,162,237
07/01/2022,SPG,FL,ASO,ES,Federal Contract Tower,0,0,11,0,11,0,0,89,0,89,0,0,100,0,100,124,0,124,224
07/02/2022,SPG,FL,ASO,ES,Federal Contract Tower,0,0,7,0,7,0,0,63,0,63,0,0,70,0,70,92,0,92,162
07/03/2022,SPG,FL,ASO,ES,Federal Contract Tower,0,0,14,0,14,0,0,68,0,68,0,0,82,0,82,76,0,76,158
07/04/2022,SPG,FL,ASO,ES,Federal Contract Tower,0,0,8,0,8,0,7,113,0,120,0,7,121,0,128,76,0,76,204
07/05/2022,SPG,FL,ASO,ES,Federal Contract Tower,0,0,12,0,12,0,0,86,0,86,0,0,98,0,98,136,0,136,234
07/06/2022,SPG,FL,ASO,ES,Federal Contract Tower,0,0,7,0,7,0,0,72,0,72,0,0,79,0,79,150,0,150,229
07/07/2022,SPG,FL,ASO,ES,Federal Contract Tower,0,0,7,0,7,0,0,58,0,58,0,0,65,0,65,138,0,138,203
07/08/2022,SPG,FL,ASO,ES,Federal Contract Tower,0,0,9,0,9,0,0,127,0,127,0,0,136,0,136,236,0,236,372
07/09/2022,SPG,FL,ASO,ES,Federal Contract Tower,0,0,11,0,11,0,0,95,0,95,0,0,106,0,106,160,0,160,266
07/10/2022,SPG,FL,ASO,ES,Federal Contract Tower,0,0,12,0,12,0,10,110,0,120,0,10,122,0,132,132,0,132,264
07/11/2022,SPG,FL,ASO,ES,Federal Contract Tower,0,0,10,0,10,0,10,94,0,104,0,10,104,0,114,98,4,102,216
07/12/2022,SPG,FL,ASO,ES,Federal Contract Tower,0,0,7,0,7,0,16,144,0,160,0,16,151,0,167,138,0,138,305
07/13/2022,SPG,FL,ASO,ES,Federal Contract Tower,0,0,5,0,5,0,12,121,0,133,0,12,126,0,138,152,0,152,290
07/14/2022,SPG,FL,ASO,ES,Federal Contract Tower,0,0,15,0,15,0,10,106,0,116,0,10,121,0,131,157,0,157,288
07/15/2022,SPG,FL,ASO,ES,Federal Contract Tower,0,0,29,0,29,0,0,89,0,89,0,0,118,0,118,123,0,123,241
07/16/2022,SPG,FL,ASO,ES,Federal Contract Tower,0,0,10,0,10,0,0,94,0,94,0,0,104,0,104,85,0,85,189
07/17/2022,SPG,FL,ASO,ES,Federal Contract Tower,0,0,19,0,19,0,6,95,0,101,0,6,114,0,120,114,0,114,234
07/18/2022,SPG,FL,ASO,ES,Federal Contract Tower,0,0,11,0,11,0,12,116,0,128,0,12,127,0,139,150,0,150,289
07/19/2022,SPG,FL,ASO,ES,Federal Contract Tower,0,0,8,0,8,0,10,101,0,111,0,10,109,0,119,238,0,238,357
07/20/2022,SPG,FL,ASO,ES,Federal Contract Tower,0,0,5,0,5,0,13,121,0,134,0,13,126,0,139,184,0,184,323
07/21/2022,SPG,FL,ASO,ES,Federal Contract Tower,0,0,8,0,8,0,8,109,0,117,0,8,117,0,125,156,0,156,281
07/22/2022,SPG,FL,ASO,ES,Federal Contract Tower,0,0,13,0,13,0,0,74,0,74,0,0,87,0,87,81,0,81,168
07/23/2022,SPG,FL,ASO,ES,Federal Contract Tower,0,0,15,0,15,0,0,69,0,69,0,0,84,0,84,87,0,87,171
07/24/2022,SPG,FL,ASO,ES,Federal Contract Tower,0,0,16,0,16,0,0,76,0,76,0,0,92,0,92,82,0,82,174
07/25/2022,SPG,FL,ASO,ES,Federal Contract Tower,0,0,8,0,8,0,14,105,0,119,0,14,113,0,127,208,0,208,335
07/26/2022,SPG,FL,ASO,ES,Federal Contract Tower,0,0,11,0,11,0,0,60,0,60,0,0,71,0,71,106,0,106,177
07/27/2022,SPG,FL,ASO,ES,Federal Contract Tower,0,0,17,0,17,0,12,118,0,130,0,12,135,0,147,148,0,148,295
07/28/2022,SPG,FL,ASO,ES,Federal Contract Tower,0,0,8,0,8,0,10,121,2,133,0,10,129,2,141,152,0,152,293
07/29/2022,SPG,FL,ASO,ES,Federal Contract Tower,0,0,12,0,12,0,0,87,0,87,0,0,99,0,99,110,0,110,209
07/30/2022,SPG,FL,ASO,ES,Federal Contract Tower,0,0,21,0,21,0,0,103,0,103,0,0,124,0,124,84,0,84,208
07/31/2022,SPG,FL,ASO,ES,Federal Contract Tower,0,0,13,0,13,0,12,98,2,112,0,12,111,2,125,136,4,140,265
08/01/2022,SPG,FL,ASO,ES,Federal Contract Tower,0,0,12,0,12,0,10,122,0,132,0,10,134,0,144,176,2,178,322
08/02/2022,SPG,FL,ASO,ES,Federal Contract Tower,0,0,10,0,10,0,5,65,0,70,0,5,75,0,80,100,0,100,180
08/03/2022,SPG,FL,ASO,ES,Federal Contract Tower,0,0,4,0,4,0,10,99,0,109,0,10,103,0,113,100,0,100,213
08/04/2022,SPG,FL,ASO,ES,Federal Contract Tower,0,0,13,0,13,0,0,75,0,75,0,0,88,0,88,146,0,146,234
08/05/2022,SPG,FL,ASO,ES,Federal Contract Tower,0,0,22,0,22,0,0,56,0,56,0,0,78,0,78,100,0,100,178
08/06/2022,SPG,FL,ASO,ES,Federal Contract Tower,0,0,21,0,21,0,0,71,0,71,0,0,92,0,92,170,0,170,262
08/07/2022,SPG,FL,ASO,ES,Federal Contract Tower,0,0,13,0,13,0,6,89,0,95,0,6,102,0,108,114,0,114,222
08/08/2022,SPG,FL,ASO,ES,Federal Contract Tower,0,0,5,0,5,0,10,121,0,131,0,10,126,0,136,148,0,148,284
08/09/2022,SPG,FL,ASO,ES,Federal Contract Tower,0,0,4,0,4,0,12,106,0,118,0,12,110,0,122,155,0,155,277
08/10/2022,SPG,FL,ASO,ES,Federal Contract Tower,0,0,9,0,9,0,13,121,0,134,0,13,130,0,143,178,0,178,321
08/11/2022,SPG,FL,ASO,ES,Federal Contract Tower,0,0,19,0,19,0,8,106,0,114,0,8,125,0,133,172,0,172,305
08/12/2022,SPG,FL,ASO,ES,Federal Contract Tower,0,0,11,0,11,0,0,79,0,79,0,0,90,0,90,154,0,154,244
08/13/2022,SPG,FL,ASO,ES,Federal Contract Tower,0,0,13,0,13,0,0,111,4,115,0,0,124,4,128,139,0,139,267
08/14/2022,SPG,FL,ASO,ES,Federal Contract Tower,0,0,19,0,19,0,0,59,0,59,0,0,78,0,78,28,0,28,106
08/15/2022,SPG,FL,ASO,ES,Federal Contract Tower,0,0,9,0,9,0,8,101,0,109,0,8,110,0,118,146,0,146,264
08/16/2022,SPG,FL,ASO,ES,Federal Contract Tower,0,0,15,0,15,0,12,93,0,105,0,12,108,0,120,136,0,136,256
08/17/2022,SPG,FL,ASO,ES,Federal Contract Tower,0,0,10,0,10,0,10,119,0,129,0,10,129,0,139,110,0,110,249
08/18/2022,SPG,FL,ASO,ES,Federal Contract Tower,0,0,7,0,7,0,10,28,0,38,0,10,35,0,45,176,0,176,221
08/19/2022,SPG,FL,ASO,ES,Federal Contract Tower,0,1,15,0,16,0,0,104,0,104,0,1,119,0,120,95,0,95,215
08/20/2022,SPG,FL,ASO,ES,Federal Contract Tower,0,0,21,0,21,0,0,134,0,134,0,0,155,0,155,147,0,147,302
08/21/2022,SPG,FL,ASO,ES,Federal Contract Tower,0,0,16,0,16,0,0,91,0,91,0,0,107,0,107,78,0,78,185
08/22/2022,SPG,FL,ASO,ES,Federal Contract Tower,0,0,11,0,11,0,9,109,0,118,0,9,120,0,129,172,0,172,301
08/23/2022,SPG,FL,ASO,ES,Federal Contract Tower,0,0,6,0,6,0,14,127,0,141,0,14,133,0,147,148,4,152,299
08/24/2022,SPG,FL,ASO,ES,Federal Contract Tower,0,0,8,0,8,0,8,121,0,129,0,8,129,0,137,222,0,222,359
08/25/2022,SPG,FL,ASO,ES,Federal Contract Tower,0,0,18,0,18,0,14,107,0,121,0,14,125,0,139,196,0,196,335
08/26/2022,SPG,FL,ASO,ES,Federal Contract Tower,0,0,15,0,15,0,0,70,0,70,0,0,85,0,85,92,3,95,180
08/27/2022,SPG,FL,ASO,ES,Federal Contract Tower,0,0,6,0,6,0,0,65,2,67,0,0,71,2,73,136,0,136,209
08/28/2022,SPG,FL,ASO,ES,Federal Contract Tower,0,0,10,0,10,0,0,60,0,60,0,0,70,0,70,74,0,74,144
08/29/2022,SPG,FL,ASO,ES,Federal Contract Tower,0,0,5,0,5,0,12,115,0,127,0,12,120,0,132,130,0,130,262
08/30/2022,SPG,FL,ASO,ES,Federal Contract Tower,0,1,8,0,9,0,8,108,0,116,0,9,116,0,125,178,0,178,303
08/31/2022,SPG,FL,ASO,ES,Federal Contract Tower,0,0,13,0,13,0,12,105,0,117,0,12,118,0,130,140,0,140,270
09/01/2022,SPG,FL,ASO,ES,Federal Contract Tower,0,0,7,0,7,0,16,111,0,127,0,16,118,0,134,140,0,140,274
09/02/2022,SPG,FL,ASO,ES,Federal Contract Tower,0,0,16,0,16,0,0,109,0,109,0,0,125,0,125,90,0,90,215
09/03/2022,SPG,FL,ASO,ES,Federal Contract Tower,0,0,9,0,9,0,0,109,0,109,0,0,118,0,118,20,0,20,138
09/04/2022,SPG,FL,ASO,ES,Federal Contract Tower,0,0,13,0,13,0,6,179,0,185,0,6,192,0,198,0,0,0,198
09/05/2022,SPG,FL,ASO,ES,Federal Contract Tower,0,0,12,0,12,0,10,141,0,151,0,10,153,0,163,166,0,166,329
09/06/2022,SPG,FL,ASO,ES,Federal Contract Tower,0,0,10,0,10,0,10,115,0,125,0,10,125,0,135,176,0,176,311
09/07/2022,SPG,FL,ASO,ES,Federal Contract Tower,0,0,14,0,14,0,11,97,0,108,0,11,111,0,122,180,0,180,302
09/08/2022,SPG,FL,ASO,ES,Federal Contract Tower,0,0,7,0,7,0,0,30,0,30,0,0,37,0,37,78,0,78,115
09/09/2022,SPG,FL,ASO,ES,Federal Contract Tower,0,1,7,0,8,0,0,38,0,38,0,1,45,0,46,78,0,78,124
09/10/2022,SPG,FL,ASO,ES,Federal Contract Tower,0,0,9,0,9,0,0,43,0,43,0,0,52,0,52,106,0,106,158
09/11/2022,SPG,FL,ASO,ES,Federal Contract Tower,0,0,15,0,15,0,3,96,0,99,0,3,111,0,114,96,0,96,210
09/12/2022,SPG,FL,ASO,ES,Federal Contract Tower,0,0,8,0,8,0,12,120,2,134,0,12,128,2,142,156,2,158,300
09/13/2022,SPG,FL,ASO,ES,Federal Contract Tower,0,0,14,0,14,0,10,98,0,108,0,10,112,0,122,190,0,190,312
09/14/2022,SPG,FL,ASO,ES,Federal Contract Tower,0,0,13,0,13,0,7,84,0,91,0,7,97,0,104,220,0,220,324
09/15/2022,SPG,FL,ASO,ES,Federal Contract Tower,0,0,15,0,15,0,0,117,0,117,0,0,132,0,132,164,0,164,296
09/16/2022,SPG,FL,ASO,ES,Federal Contract Tower,0,0,10,0,10,0,0,65,0,65,0,0,75,0,75,165,0,165,240
09/17/2022,SPG,FL,ASO,ES,Federal Contract Tower,0,0,16,0,16,0,0,108,0,108,0,0,124,0,124,182,0,182,306
09/18/2022,SPG,FL,ASO,ES,Federal Contract Tower,0,0,12,0,12,0,0,74,0,74,0,0,86,0,86,98,0,98,184
09/19/2022,SPG,FL,ASO,ES,Federal Contract Tower,0,0,9,0,9,0,0,85,0,85,0,0,94,0,94,202,0,202,296
09/20/2022,SPG,FL,ASO,ES,Federal Contract Tower,0,0,7,0,7,0,0,87,0,87,0,0,94,0,94,172,0,172,266
09/21/2022,SPG,FL,ASO,ES,Federal Contract Tower,0,0,14,0,14,0,0,81,0,81,0,0,95,0,95,164,0,164,259
09/22/2022,SPG,FL,ASO,ES,Federal Contract Tower,0,0,9,0,9,0,0,97,0,97,0,0,106,0,106,146,0,146,252
09/23/2022,SPG,FL,ASO,ES,Federal Contract Tower,0,0,19,0,19,0,0,81,0,81,0,0,100,0,100,186,0,186,286
09/24/2022,SPG,FL,ASO,ES,Federal Contract Tower,0,0,9,0,9,0,0,122,0,122,0,0,131,0,131,126,0,126,257
09/25/2022,SPG,FL,ASO,ES,Federal Contract Tower,0,0,17,0,17,0,10,115,0,125,0,10,132,0,142,128,0,128,270
09/26/2022,SPG,FL,ASO,ES,Federal Contract Tower,0,0,16,0,16,0,0,110,0,110,0,0,126,0,126,104,0,104,230
09/27/2022,SPG,FL,ASO,ES,Federal Contract Tower,0,0,7,0,7,0,0,15,0,15,0,0,22,0,22,0,0,0,22
09/28/2022,SPG,FL,ASO,ES,Federal Contract Tower,0,0,0,0,0,0,0,0,0,0,0,0,0,0,0,0,0,0,0
09/29/2022,SPG,FL,ASO,ES,Federal Contract Tower,0,0,0,0,0,0,0,0,0,0,0,0,0,0,0,0,0,0,0
09/30/2022,SPG,FL,ASO,ES,Federal Contract Tower,0,0,11,0,11,0,0,91,0,91,0,0,102,0,102,4,0,4,106
10/01/2022,SPG,FL,ASO,ES,Federal Contract Tower,0,0,16,0,16,0,1,111,0,112,0,1,127,0,128,181,0,181,309
10/02/2022,SPG,FL,ASO,ES,Federal Contract Tower,0,0,14,0,14,0,0,102,0,102,0,0,116,0,116,68,0,68,184
10/03/2022,SPG,FL,ASO,ES,Federal Contract Tower,0,0,4,0,4,0,6,115,0,121,0,6,119,0,125,160,0,160,285
10/04/2022,SPG,FL,ASO,ES,Federal Contract Tower,0,0,13,0,13,0,0,112,2,114,0,0,125,2,127,168,0,168,295
10/05/2022,SPG,FL,ASO,ES,Federal Contract Tower,0,0,5,0,5,0,4,122,2,128,0,4,127,2,133,170,2,172,305
10/06/2022,SPG,FL,ASO,ES,Federal Contract Tower,0,0,8,3,11,0,8,124,0,132,0,8,132,3,143,176,0,176,319
10/07/2022,SPG,FL,ASO,ES,Federal Contract Tower,0,0,10,0,10,0,0,98,0,98,0,0,108,0,108,144,0,144,252
10/08/2022,SPG,FL,ASO,ES,Federal Contract Tower,0,0,12,0,12,0,0,89,0,89,0,0,101,0,101,98,0,98,199
10/09/2022,SPG,FL,ASO,ES,Federal Contract Tower,0,0,15,0,15,0,4,97,0,101,0,4,112,0,116,128,0,128,244
10/10/2022,SPG,FL,ASO,ES,Federal Contract Tower,0,0,10,0,10,0,4,96,0,100,0,4,106,0,110,242,0,242,352
10/11/2022,SPG,FL,ASO,ES,Federal Contract Tower,0,0,13,0,13,0,8,112,0,120,0,8,125,0,133,202,0,202,335
10/12/2022,SPG,FL,ASO,ES,Federal Contract Tower,0,0,12,0,12,0,6,91,0,97,0,6,103,0,109,182,0,182,291
10/13/2022,SPG,FL,ASO,ES,Federal Contract Tower,0,0,8,0,8,0,0,68,0,68,0,0,76,0,76,116,0,116,192
10/14/2022,SPG,FL,ASO,ES,Federal Contract Tower,0,0,13,0,13,0,0,112,0,112,0,0,125,0,125,135,10,145,270
10/15/2022,SPG,FL,ASO,ES,Federal Contract Tower,0,0,20,0,20,0,0,103,0,103,0,0,123,0,123,134,0,134,257
10/16/2022,SPG,FL,ASO,ES,Federal Contract Tower,0,0,14,0,14,0,8,123,0,131,0,8,137,0,145,164,0,164,309
10/17/2022,SPG,FL,ASO,ES,Federal Contract Tower,0,0,8,0,8,0,8,110,0,118,0,8,118,0,126,138,0,138,264
10/18/2022,SPG,FL,ASO,ES,Federal Contract Tower,0,0,8,0,8,0,12,125,0,137,0,12,133,0,145,182,0,182,327
10/19/2022,SPG,FL,ASO,ES,Federal Contract Tower,0,0,8,0,8,0,7,122,0,129,0,7,130,0,137,202,0,202,339
10/20/2022,SPG,FL,ASO,ES,Federal Contract Tower,0,0,13,0,13,0,13,116,0,129,0,13,129,0,142,178,0,178,320
10/21/2022,SPG,FL,ASO,ES,Federal Contract Tower,0,0,16,0,16,0,0,134,0,134,0,0,150,0,150,182,0,182,332
10/22/2022,SPG,FL,ASO,ES,Federal Contract Tower,0,0,18,0,18,0,0,130,0,130,0,0,148,0,148,254,0,254,402
10/23/2022,SPG,FL,ASO,ES,Federal Contract Tower,0,0,9,0,9,0,10,140,0,150,0,10,149,0,159,130,0,130,289
10/24/2022,SPG,FL,ASO,ES,Federal Contract Tower,0,1,20,0,21,0,8,143,0,151,0,9,163,0,172,222,0,222,394
10/25/2022,SPG,FL,ASO,ES,Federal Contract Tower,0,0,6,0,6,0,10,125,0,135,0,10,131,0,141,182,0,182,323
10/26/2022,SPG,FL,ASO,ES,Federal Contract Tower,0,0,9,0,9,0,12,140,0,152,0,12,149,0,161,184,0,184,345
10/27/2022,SPG,FL,ASO,ES,Federal Contract Tower,0,0,27,0,27,0,8,100,0,108,0,8,127,0,135,192,0,192,327
10/28/2022,SPG,FL,ASO,ES,Federal Contract Tower,0,0,20,0,20,0,0,102,0,102,0,0,122,0,122,209,0,209,331
10/29/2022,SPG,FL,ASO,ES,Federal Contract Tower,0,0,16,0,16,0,0,81,0,81,0,0,97,0,97,159,0,159,256
10/30/2022,SPG,FL,ASO,ES,Federal Contract Tower,0,0,18,0,18,0,10,85,0,95,0,10,103,0,113,198,0,198,311
10/31/2022,SPG,FL,ASO,ES,Federal Contract Tower,0,0,7,0,7,0,6,117,2,125,0,6,124,2,132,236,2,238,370
11/01/2022,SPG,FL,ASO,ES,Federal Contract Tower,0,0,14,0,14,0,12,101,0,113,0,12,115,0,127,166,0,166,293
11/02/2022,SPG,FL,ASO,ES,Federal Contract Tower,0,0,20,0,20,0,6,80,0,86,0,6,100,0,106,158,0,158,264
11/03/2022,SPG,FL,ASO,ES,Federal Contract Tower,0,0,12,0,12,0,12,101,0,113,0,12,113,0,125,180,0,180,305
11/04/2022,SPG,FL,ASO,ES,Federal Contract Tower,0,0,13,0,13,0,0,112,0,112,0,0,125,0,125,164,14,178,303
11/05/2022,SPG,FL,ASO,ES,Federal Contract Tower,0,0,25,0,25,0,0,107,0,107,0,0,132,0,132,163,0,163,295
11/06/2022,SPG,FL,ASO,ES,Federal Contract Tower,0,0,16,0,16,0,10,125,0,135,0,10,141,0,151,162,2,164,315
11/07/2022,SPG,FL,ASO,ES,Federal Contract Tower,0,0,20,0,20,0,12,134,2,148,0,12,154,2,168,176,12,188,356
11/08/2022,SPG,FL,ASO,ES,Federal Contract Tower,0,0,9,0,9,0,0,70,0,70,0,0,79,0,79,44,0,44,123
11/09/2022,SPG,FL,ASO,ES,Federal Contract Tower,0,0,8,0,8,0,0,7,0,7,0,0,15,0,15,2,0,2,17
11/10/2022,SPG,FL,ASO,ES,Federal Contract Tower,0,0,0,0,0,0,0,0,4,4,0,0,0,4,4,0,0,0,4
11/11/2022,SPG,FL,ASO,ES,Federal Contract Tower,0,0,14,0,14,0,0,80,0,80,0,0,94,0,94,103,0,103,197
11/12/2022,SPG,FL,ASO,ES,Federal Contract Tower,0,0,18,0,18,0,0,102,0,102,0,0,120,0,120,91,0,91,211
11/13/2022,SPG,FL,ASO,ES,Federal Contract Tower,0,0,28,0,28,0,0,80,0,80,0,0,108,0,108,110,0,110,218
11/14/2022,SPG,FL,ASO,ES,Federal Contract Tower,0,0,17,0,17,0,6,115,0,121,0,6,132,0,138,258,0,258,396
11/15/2022,SPG,FL,ASO,ES,Federal Contract Tower,0,0,1,0,1,0,0,111,0,111,0,0,112,0,112,106,0,106,218
11/16/2022,SPG,FL,ASO,ES,Federal Contract Tower,0,0,30,0,30,0,12,114,0,126,0,12,144,0,156,174,0,174,330
11/17/2022,SPG,FL,ASO,ES,Federal Contract Tower,0,0,16,0,16,0,12,125,0,137,0,12,141,0,153,216,0,216,369
11/18/2022,SPG,FL,ASO,ES,Federal Contract Tower,0,0,6,0,6,0,0,155,0,155,0,0,161,0,161,155,0,155,316
11/19/2022,SPG,FL,ASO,ES,Federal Contract Tower,0,0,22,0,22,0,0,135,0,135,0,0,157,0,157,184,0,184,341
11/20/2022,SPG,FL,ASO,ES,Federal Contract Tower,0,0,9,0,9,0,0,14,0,14,0,0,23,0,23,0,0,0,23
11/21/2022,SPG,FL,ASO,ES,Federal Contract Tower,0,0,15,0,15,0,12,115,0,127,0,12,130,0,142,178,0,178,320
11/22/2022,SPG,FL,ASO,ES,Federal Contract Tower,0,0,26,0,26,0,0,48,0,48,0,0,74,0,74,132,0,132,206
11/23/2022,SPG,FL,ASO,ES,Federal Contract Tower,0,0,20,0,20,0,0,58,0,58,0,0,78,0,78,70,0,70,148
11/24/2022,SPG,FL,ASO,ES,Federal Contract Tower,0,0,6,0,6,0,0,14,0,14,0,0,20,0,20,4,0,4,24
11/25/2022,SPG,FL,ASO,ES,Federal Contract Tower,0,0,17,0,17,0,0,67,0,67,0,0,84,0,84,81,0,81,165
11/26/2022,SPG,FL,ASO,ES,Federal Contract Tower,0,0,23,0,23,0,0,36,0,36,0,0,59,0,59,68,0,68,127
11/27/2022,SPG,FL,ASO,ES,Federal Contract Tower,0,0,30,0,30,0,0,28,0,28,0,0,58,0,58,10,0,10,68
11/28/2022,SPG,FL,ASO,ES,Federal Contract Tower,0,0,16,0,16,0,16,114,0,130,0,16,130,0,146,192,0,192,338
11/29/2022,SPG,FL,ASO,ES,Federal Contract Tower,0,0,5,0,5,0,10,126,0,136,0,10,131,0,141,158,0,158,299
11/30/2022,SPG,FL,ASO,ES,Federal Contract Tower,0,0,8,0,8,0,12,119,0,131,0,12,127,0,139,134,0,134,273
12/01/2022,SPG,FL,ASO,ES,Federal Contract Tower,0,0,15,0,15,0,14,126,0,140,0,14,141,0,155,136,0,136,291
12/02/2022,SPG,FL,ASO,ES,Federal Contract Tower,0,0,14,0,14,0,0,94,2,96,0,0,108,2,110,122,0,122,232
12/03/2022,SPG,FL,ASO,ES,Federal Contract Tower,0,0,9,0,9,0,0,129,0,129,0,0,138,0,138,212,0,212,350
12/04/2022,SPG,FL,ASO,ES,Federal Contract Tower,0,0,16,0,16,0,5,117,0,122,0,5,133,0,138,120,0,120,258
12/05/2022,SPG,FL,ASO,ES,Federal Contract Tower,0,0,13,0,13,0,10,139,0,149,0,10,152,0,162,130,0,130,292
12/06/2022,SPG,FL,ASO,ES,Federal Contract Tower,0,0,8,0,8,0,14,110,0,124,0,14,118,0,132,214,0,214,346
12/07/2022,SPG,FL,ASO,ES,Federal Contract Tower,0,0,12,0,12,0,12,136,0,148,0,12,148,0,160,158,0,158,318
12/08/2022,SPG,FL,ASO,ES,Federal Contract Tower,0,0,16,0,16,0,13,109,0,122,0,13,125,0,138,154,0,154,292
12/09/2022,SPG,FL,ASO,ES,Federal Contract Tower,0,0,16,0,16,0,0,89,0,89,0,0,105,0,105,176,0,176,281
12/10/2022,SPG,FL,ASO,ES,Federal Contract Tower,0,0,31,0,31,0,0,127,0,127,0,0,158,0,158,152,0,152,310
12/11/2022,SPG,FL,ASO,ES,Federal Contract Tower,0,0,38,0,38,0,0,32,0,32,0,0,70,0,70,80,0,80,150
12/12/2022,SPG,FL,ASO,ES,Federal Contract Tower,0,0,27,0,27,0,12,78,0,90,0,12,105,0,117,140,0,140,257
12/13/2022,SPG,FL,ASO,ES,Federal Contract Tower,0,0,21,0,21,0,12,95,0,107,0,12,116,0,128,170,0,170,298
12/14/2022,SPG,FL,ASO,ES,Federal Contract Tower,0,0,25,0,25,0,13,109,0,122,0,13,134,0,147,146,0,146,293
12/15/2022,SPG,FL,ASO,ES,Federal Contract Tower,0,0,9,0,9,0,0,7,0,7,0,0,16,0,16,0,0,0,16
12/16/2022,SPG,FL,ASO,ES,Federal Contract Tower,0,0,32,0,32,0,0,119,0,119,0,0,151,0,151,113,0,113,264
12/17/2022,SPG,FL,ASO,ES,Federal Contract Tower,0,0,16,0,16,0,0,126,0,126,0,0,142,0,142,121,0,121,263
12/18/2022,SPG,FL,ASO,ES,Federal Contract Tower,0,0,14,0,14,0,10,117,0,127,0,10,131,0,141,154,0,154,295
12/19/2022,SPG,FL,ASO,ES,Federal Contract Tower,0,0,16,0,16,0,8,122,0,130,0,8,138,0,146,146,0,146,292
12/20/2022,SPG,FL,ASO,ES,Federal Contract Tower,0,0,17,0,17,0,10,97,0,107,0,10,114,0,124,234,0,234,358
12/21/2022,SPG,FL,ASO,ES,Federal Contract Tower,0,0,9,0,9,0,0,57,0,57,0,0,66,0,66,144,0,144,210
12/22/2022,SPG,FL,ASO,ES,Federal Contract Tower,0,0,14,0,14,0,0,16,0,16,0,0,30,0,30,28,0,28,58
12/23/2022,SPG,FL,ASO,ES,Federal Contract Tower,0,0,8,0,8,0,0,56,0,56,0,0,64,0,64,42,0,42,106
12/24/2022,SPG,FL,ASO,ES,Federal Contract Tower,0,0,12,0,12,0,0,64,1,65,0,0,76,1,77,108,0,108,185
12/25/2022,SPG,FL,ASO,ES,Federal Contract Tower,0,0,6,0,6,0,0,40,0,40,0,0,46,0,46,54,0,54,100
12/26/2022,SPG,FL,ASO,ES,Federal Contract Tower,0,0,22,0,22,0,10,115,0,125,0,10,137,0,147,164,0,164,311
12/27/2022,SPG,FL,ASO,ES,Federal Contract Tower,0,0,14,0,14,0,0,121,0,121,0,0,135,0,135,226,2,228,363
12/28/2022,SPG,FL,ASO,ES,Federal Contract Tower,0,0,24,0,24,0,6,125,0,131,0,6,149,0,155,182,0,182,337
12/29/2022,SPG,FL,ASO,ES,Federal Contract Tower,0,0,18,0,18,0,10,125,0,135,0,10,143,0,153,158,0,158,311
12/30/2022,SPG,FL,ASO,ES,Federal Contract Tower,0,2,28,0,30,0,0,100,0,100,0,2,128,0,130,94,0,94,224
12/31/2022,SPG,FL,ASO,ES,Federal Contract Tower,0,0,5,0,5,0,0,0,0,0,0,0,5,0,5,2,0,2,7
01/01/2023,SPG,FL,ASO,ES,Federal Contract Tower,0,0,18,0,18,0,0,23,0,23,0,0,41,0,41,30,0,30,71
01/02/2023,SPG,FL,ASO,ES,Federal Contract Tower,0,0,16,0,16,0,9,106,0,115,0,9,122,0,131,170,0,170,301
01/03/2023,SPG,FL,ASO,ES,Federal Contract Tower,0,1,14,0,15,0,11,114,0,125,0,12,128,0,140,146,0,146,286
01/04/2023,SPG,FL,ASO,ES,Federal Contract Tower,0,0,11,0,11,0,7,103,2,112,0,7,114,2,123,112,2,114,237
01/05/2023,SPG,FL,ASO,ES,Federal Contract Tower,0,0,8,0,8,0,4,28,0,32,0,4,36,0,40,40,0,40,80
01/06/2023,SPG,FL,ASO,ES,Federal Contract Tower,0,0,23,0,23,0,0,120,0,120,0,0,143,0,143,98,0,98,241
01/07/2023,SPG,FL,ASO,ES,Federal Contract Tower,0,0,12,0,12,0,0,138,0,138,0,0,150,0,150,180,0,180,330
01/08/2023,SPG,FL,ASO,ES,Federal Contract Tower,0,0,16,0,16,0,4,122,0,126,0,4,138,0,142,140,0,140,282
01/09/2023,SPG,FL,ASO,ES,Federal Contract Tower,0,0,19,0,19,0,4,110,0,114,0,4,129,0,133,230,0,230,363
01/10/2023,SPG,FL,ASO,ES,Federal Contract Tower,0,0,15,0,15,0,11,137,0,148,0,11,152,0,163,134,0,134,297
01/11/2023,SPG,FL,ASO,ES,Federal Contract Tower,0,0,14,0,14,0,11,125,0,136,0,11,139,0,150,168,0,168,318
01/12/2023,SPG,FL,ASO,ES,Federal Contract Tower,0,0,14,0,14,0,12,124,0,136,0,12,138,0,150,148,0,148,298
01/13/2023,SPG,FL,ASO,ES,Federal Contract Tower,0,1,19,0,20,0,0,17,0,17,0,1,36,0,37,0,0,0,37
01/14/2023,SPG,FL,ASO,ES,Federal Contract Tower,0,0,20,0,20,0,0,48,0,48,0,0,68,0,68,40,0,40,108
01/15/2023,SPG,FL,ASO,ES,Federal Contract Tower,0,0,30,0,30,0,0,151,0,151,0,0,181,0,181,152,0,152,333
01/16/2023,SPG,FL,ASO,ES,Federal Contract Tower,0,0,23,0,23,0,5,150,2,157,0,5,173,2,180,206,2,208,388
01/17/2023,SPG,FL,ASO,ES,Federal Contract Tower,0,0,16,0,16,0,0,128,2,130,0,0,144,2,146,270,0,270,416
01/18/2023,SPG,FL,ASO,ES,Federal Contract Tower,0,0,14,0,14,0,10,133,4,147,0,10,147,4,161,130,0,130,291
01/19/2023,SPG,FL,ASO,ES,Federal Contract Tower,0,0,10,0,10,0,12,109,1,122,0,12,119,1,132,152,0,152,284
01/20/2023,SPG,FL,ASO,ES,Federal Contract Tower,0,0,19,1,20,0,0,95,2,97,0,0,114,3,117,150,0,150,267
01/21/2023,SPG,FL,ASO,ES,Federal Contract Tower,0,0,20,0,20,0,0,97,0,97,0,0,117,0,117,151,0,151,268
01/22/2023,SPG,FL,ASO,ES,Federal Contract Tower,0,0,14,0,14,0,0,62,0,62,0,0,76,0,76,70,0,70,146
01/23/2023,SPG,FL,ASO,ES,Federal Contract Tower,0,0,17,0,17,0,6,126,0,132,0,6,143,0,149,138,0,138,287
01/24/2023,SPG,FL,ASO,ES,Federal Contract Tower,0,0,14,0,14,0,10,139,0,149,0,10,153,0,163,226,0,226,389
01/25/2023,SPG,FL,ASO,ES,Federal Contract Tower,0,0,10,0,10,0,6,71,0,77,0,6,81,0,87,98,0,98,185
01/26/2023,SPG,FL,ASO,ES,Federal Contract Tower,0,0,27,0,27,0,6,107,0,113,0,6,134,0,140,156,0,156,296
01/27/2023,SPG,FL,ASO,ES,Federal Contract Tower,0,0,18,0,18,0,0,165,0,165,0,0,183,0,183,106,0,106,289
01/28/2023,SPG,FL,ASO,ES,Federal Contract Tower,0,0,31,0,31,0,0,116,0,116,0,0,147,0,147,126,0,126,273
01/29/2023,SPG,FL,ASO,ES,Federal Contract Tower,0,0,19,0,19,0,5,107,0,112,0,5,126,0,131,122,0,122,253
01/30/2023,SPG,FL,ASO,ES,Federal Contract Tower,0,0,18,0,18,0,0,137,0,137,0,0,155,0,155,126,0,126,281
01/31/2023,SPG,FL,ASO,ES,Federal Contract Tower,0,0,24,0,24,0,3,95,0,98,0,3,119,0,122,178,0,178,300
02/01/2023,SPG,FL,ASO,ES,Federal Contract Tower,0,0,17,0,17,0,0,114,0,114,0,0,131,0,131,182,0,182,313
02/02/2023,SPG,FL,ASO,ES,Federal Contract Tower,0,0,16,0,16,0,0,156,0,156,0,0,172,0,172,120,0,120,292
02/03/2023,SPG,FL,ASO,ES,Federal Contract Tower,0,0,20,0,20,0,0,18,2,20,0,0,38,2,40,16,0,16,56
02/04/2023,SPG,FL,ASO,ES,Federal Contract Tower,0,0,12,0,12,0,0,123,0,123,0,0,135,0,135,170,0,170,305
02/05/2023,SPG,FL,ASO,ES,Federal Contract Tower,0,0,20,0,20,0,0,115,0,115,0,0,135,0,135,52,0,52,187
02/06/2023,SPG,FL,ASO,ES,Federal Contract Tower,0,1,20,0,21,0,0,139,0,139,0,1,159,0,160,194,0,194,354
02/07/2023,SPG,FL,ASO,ES,Federal Contract Tower,0,0,13,0,13,0,2,133,0,135,0,2,146,0,148,206,0,206,354
02/08/2023,SPG,FL,ASO,ES,Federal Contract Tower,0,0,17,0,17,0,1,109,0,110,0,1,126,0,127,164,0,164,291
02/09/2023,SPG,FL,ASO,ES,Federal Contract Tower,0,0,26,0,26,0,2,66,0,68,0,2,92,0,94,76,0,76,170
02/10/2023,SPG,FL,ASO,ES,Federal Contract Tower,0,0,27,0,27,0,0,122,0,122,0,0,149,0,149,134,0,134,283
02/11/2023,SPG,FL,ASO,ES,Federal Contract Tower,0,0,18,0,18,0,0,55,0,55,0,0,73,0,73,73,0,73,146
02/12/2023,SPG,FL,ASO,ES,Federal Contract Tower,0,0,25,0,25,0,0,14,0,14,0,0,39,0,39,0,0,0,39
02/13/2023,SPG,FL,ASO,ES,Federal Contract Tower,0,0,14,0,14,0,4,117,0,121,0,4,131,0,135,152,0,152,287
02/14/2023,SPG,FL,ASO,ES,Federal Contract Tower,0,0,18,0,18,0,0,116,0,116,0,0,134,0,134,144,0,144,278
02/15/2023,SPG,FL,ASO,ES,Federal Contract Tower,0,0,30,0,30,0,0,121,0,121,0,0,151,0,151,246,0,246,397
02/16/2023,SPG,FL,ASO,ES,Federal Contract Tower,0,0,24,0,24,0,0,126,0,126,0,0,150,0,150,186,0,186,336
02/17/2023,SPG,FL,ASO,ES,Federal Contract Tower,0,0,25,0,25,0,0,126,0,126,0,0,151,0,151,154,0,154,305
02/18/2023,SPG,FL,ASO,ES,Federal Contract Tower,0,0,27,0,27,0,0,141,0,141,0,0,168,0,168,156,0,156,324
02/19/2023,SPG,FL,ASO,ES,Federal Contract Tower,0,0,18,0,18,0,0,127,0,127,0,0,145,0,145,80,0,80,225
02/20/2023,SPG,FL,ASO,ES,Federal Contract Tower,0,0,18,0,18,0,2,123,0,125,0,2,141,0,143,84,0,84,227
02/21/2023,SPG,FL,ASO,ES,Federal Contract Tower,0,0,10,0,10,0,0,118,0,118,0,0,128,0,128,170,0,170,298
02/22/2023,SPG,FL,ASO,ES,Federal Contract Tower,0,0,19,0,19,0,3,126,0,129,0,3,145,0,148,248,0,248,396
02/23/2023,SPG,FL,ASO,ES,Federal Contract Tower,0,0,22,0,22,0,0,114,0,114,0,0,136,0,136,126,0,126,262
02/24/2023,SPG,FL,ASO,ES,Federal Contract Tower,0,0,15,0,15,0,0,75,0,75,0,0,90,0,90,152,0,152,242
02/25/2023,SPG,FL,ASO,ES,Federal Contract Tower,0,0,29,0,29,0,0,162,0,162,0,0,191,0,191,160,0,160,351
02/26/2023,SPG,FL,ASO,ES,Federal Contract Tower,0,0,24,0,24,0,0,79,2,81,0,0,103,2,105,113,2,115,220
02/27/2023,SPG,FL,ASO,ES,Federal Contract Tower,0,0,18,0,18,0,0,94,0,94,0,0,112,0,112,98,0,98,210
02/28/2023,SPG,FL,ASO,ES,Federal Contract Tower,0,1,12,0,13,0,0,102,0,102,0,1,114,0,115,50,0,50,165
03/01/2023,SPG,FL,ASO,ES,Federal Contract Tower,0,0,14,0,14,0,0,79,0,79,0,0,93,0,93,110,0,110,203
03/02/2023,SPG,FL,ASO,ES,Federal Contract Tower,0,3,16,0,19,0,0,81,0,81,0,3,97,0,100,188,0,188,288
03/03/2023,SPG,FL,ASO,ES,Federal Contract Tower,0,1,5,0,6,0,0,65,0,65,0,1,70,0,71,50,0,50,121
03/04/2023,SPG,FL,ASO,ES,Federal Contract Tower,0,0,8,0,8,0,0,84,2,86,0,0,92,2,94,26,2,28,122
03/05/2023,SPG,FL,ASO,ES,Federal Contract Tower,0,0,20,0,20,0,0,112,0,112,0,0,132,0,132,14,0,14,146
03/06/2023,SPG,FL,ASO,ES,Federal Contract Tower,0,0,8,0,8,0,0,81,0,81,0,0,89,0,89,146,0,146,235
03/07/2023,SPG,FL,ASO,ES,Federal Contract Tower,0,0,5,0,5,0,0,79,0,79,0,0,84,0,84,204,0,204,288
03/08/2023,SPG,FL,ASO,ES,Federal Contract Tower,0,0,15,0,15,0,0,92,0,92,0,0,107,0,107,152,0,152,259
03/09/2023,SPG,FL,ASO,ES,Federal Contract Tower,0,0,18,0,18,0,0,102,0,102,0,0,120,0,120,162,0,162,282
03/10/2023,SPG,FL,ASO,ES,Federal Contract Tower,0,0,20,0,20,0,0,138,0,138,0,0,158,0,158,102,0,102,260
03/11/2023,SPG,FL,ASO,ES,Federal Contract Tower,0,0,26,0,26,0,0,129,0,129,0,0,155,0,155,156,0,156,311
03/12/2023,SPG,FL,ASO,ES,Federal Contract Tower,0,0,24,0,24,0,0,104,0,104,0,0,128,0,128,138,0,138,266
03/13/2023,SPG,FL,ASO,ES,Federal Contract Tower,0,0,16,0,16,0,0,28,0,28,0,0,44,0,44,32,0,32,76
03/14/2023,SPG,FL,ASO,ES,Federal Contract Tower,0,0,12,0,12,0,0,107,0,107,0,0,119,0,119,208,0,208,327
03/15/2023,SPG,FL,ASO,ES,Federal Contract Tower,0,0,24,0,24,0,0,89,0,89,0,0,113,0,113,102,0,102,215
03/16/2023,SPG,FL,ASO,ES,Federal Contract Tower,0,0,17,0,17,0,0,101,0,101,0,0,118,0,118,176,0,176,294
03/17/2023,SPG,FL,ASO,ES,Federal Contract Tower,0,0,17,0,17,0,0,145,0,145,0,0,162,0,162,134,0,134,296
03/18/2023,SPG,FL,ASO,ES,Federal Contract Tower,0,0,18,0,18,0,0,65,0,65,0,0,83,0,83,76,0,76,159
03/19/2023,SPG,FL,ASO,ES,Federal Contract Tower,0,0,18,0,18,0,0,70,0,70,0,0,88,0,88,68,0,68,156
03/20/2023,SPG,FL,ASO,ES,Federal Contract Tower,0,0,13,0,13,0,0,92,0,92,0,0,105,0,105,152,0,152,257
03/21/2023,SPG,FL,ASO,ES,Federal Contract Tower,0,0,16,0,16,0,0,112,0,112,0,0,128,0,128,246,0,246,374
03/22/2023,SPG,FL,ASO,ES,Federal Contract Tower,0,0,14,0,14,0,0,106,0,106,0,0,120,0,120,200,0,200,320
03/23/2023,SPG,FL,ASO,ES,Federal Contract Tower,0,1,20,0,21,0,0,140,0,140,0,1,160,0,161,134,0,134,295
03/24/2023,SPG,FL,ASO,ES,Federal Contract Tower,0,0,17,0,17,0,0,144,2,146,0,0,161,2,163,220,0,220,383
03/25/2023,SPG,FL,ASO,ES,Federal Contract Tower,0,0,26,0,26,0,0,64,1,65,0,0,90,1,91,106,0,106,197
03/26/2023,SPG,FL,ASO,ES,Federal Contract Tower,0,0,21,0,21,0,0,119,0,119,0,0,140,0,140,98,0,98,238
03/27/2023,SPG,FL,ASO,ES,Federal Contract Tower,0,0,16,0,16,0,0,80,0,80,0,0,96,0,96,118,0,118,214
03/28/2023,SPG,FL,ASO,ES,Federal Contract Tower,0,0,24,0,24,0,4,107,0,111,0,4,131,0,135,174,4,178,313
03/29/2023,SPG,FL,ASO,ES,Federal Contract Tower,0,0,16,0,16,0,0,122,0,122,0,0,138,0,138,248,0,248,386
03/30/2023,SPG,FL,ASO,ES,Federal Contract Tower,0,0,9,0,9,0,0,147,0,147,0,0,156,0,156,182,0,182,338
03/31/2023,SPG,FL,ASO,ES,Federal Contract Tower,0,0,16,0,16,0,0,127,0,127,0,0,143,0,143,248,0,248,391
04/01/2023,SPG,FL,ASO,ES,Federal Contract Tower,0,0,16,0,16,0,0,100,0,100,0,0,116,0,116,80,0,80,196
04/02/2023,SPG,FL,ASO,ES,Federal Contract Tower,0,0,28,0,28,0,0,101,0,101,0,0,129,0,129,58,0,58,187
04/03/2023,SPG,FL,ASO,ES,Federal Contract Tower,0,0,16,0,16,0,0,89,0,89,0,0,105,0,105,128,0,128,233
04/04/2023,SPG,FL,ASO,ES,Federal Contract Tower,0,0,15,0,15,0,0,98,0,98,0,0,113,0,113,210,0,210,323
04/05/2023,SPG,FL,ASO,ES,Federal Contract Tower,0,0,15,0,15,0,0,103,0,103,0,0,118,0,118,202,0,202,320
04/06/2023,SPG,FL,ASO,ES,Federal Contract Tower,0,0,15,0,15,0,0,139,6,145,0,0,154,6,160,180,0,180,340
04/07/2023,SPG,FL,ASO,ES,Federal Contract Tower,0,0,23,0,23,0,0,157,0,157,0,0,180,0,180,78,0,78,258
04/08/2023,SPG,FL,ASO,ES,Federal Contract Tower,0,0,15,0,15,0,0,149,0,149,0,0,164,0,164,44,0,44,208
04/09/2023,SPG,FL,ASO,ES,Federal Contract Tower,0,0,12,0,12,0,0,60,0,60,0,0,72,0,72,120,0,120,192
04/10/2023,SPG,FL,ASO,ES,Federal Contract Tower,0,0,11,0,11,0,2,40,0,42,0,2,51,0,53,46,0,46,99
04/11/2023,SPG,FL,ASO,ES,Federal Contract Tower,0,0,10,0,10,0,0,60,0,60,0,0,70,0,70,20,0,20,90
04/12/2023,SPG,FL,ASO,ES,Federal Contract Tower,0,0,15,0,15,0,0,20,0,20,0,0,35,0,35,20,0,20,55
04/13/2023,SPG,FL,ASO,ES,Federal Contract Tower,0,0,15,0,15,0,0,70,0,70,0,0,85,0,85,120,0,120,205
04/14/2023,SPG,FL,ASO,ES,Federal Contract Tower,0,0,31,0,31,0,0,69,0,69,0,0,100,0,100,74,0,74,174
04/15/2023,SPG,FL,ASO,ES,Federal Contract Tower,0,0,31,0,31,0,0,97,0,97,0,0,128,0,128,140,0,140,268
04/16/2023,SPG,FL,ASO,ES,Federal Contract Tower,0,0,20,0,20,0,0,89,0,89,0,0,109,0,109,142,0,142,251
04/17/2023,SPG,FL,ASO,ES,Federal Contract Tower,0,0,29,0,29,0,0,84,0,84,0,0,113,0,113,76,2,78,191
04/18/2023,SPG,FL,ASO,ES,Federal Contract Tower,0,0,12,0,12,0,0,140,2,142,0,0,152,2,154,254,0,254,408
04/19/2023,SPG,FL,ASO,ES,Federal Contract Tower,0,0,25,0,25,0,0,119,0,119,0,0,144,0,144,250,0,250,394
04/20/2023,SPG,FL,ASO,ES,Federal Contract Tower,0,0,11,0,11,0,0,132,0,132,0,0,143,0,143,300,0,300,443
04/21/2023,SPG,FL,ASO,ES,Federal Contract Tower,0,0,17,0,17,0,0,115,4,119,0,0,132,4,136,118,0,118,254
04/22/2023,SPG,FL,ASO,ES,Federal Contract Tower,0,0,23,0,23,0,0,121,0,121,0,0,144,0,144,92,0,92,236
04/23/2023,SPG,FL,ASO,ES,Federal Contract Tower,0,0,22,0,22,0,0,88,0,88,0,0,110,0,110,138,0,138,248
04/24/2023,SPG,FL,ASO,ES,Federal Contract Tower,0,0,12,0,12,0,0,50,0,50,0,0,62,0,62,174,0,174,236
04/25/2023,SPG,FL,ASO,ES,Federal Contract Tower,0,0,8,0,8,0,0,99,0,99,0,0,107,0,107,228,0,228,335
04/26/2023,SPG,FL,ASO,ES,Federal Contract Tower,0,0,5,0,5,0,0,116,0,116,0,0,121,0,121,126,0,126,247
04/27/2023,SPG,FL,ASO,ES,Federal Contract Tower,0,0,18,0,18,0,0,90,0,90,0,0,108,0,108,170,0,170,278
04/28/2023,SPG,FL,ASO,ES,Federal Contract Tower,0,0,13,0,13,0,0,63,0,63,0,0,76,0,76,44,0,44,120
04/29/2023,SPG,FL,ASO,ES,Federal Contract Tower,0,0,20,0,20,0,0,46,0,46,0,0,66,0,66,102,0,102,168
04/30/2023,SPG,FL,ASO,ES,Federal Contract Tower,0,0,18,0,18,0,0,41,0,41,0,0,59,0,59,0,0,0,59
05/01/2023,SPG,FL,ASO,ES,Federal Contract Tower,0,0,12,0,12,0,0,92,0,92,0,0,104,0,104,24,2,26,130
05/02/2023,SPG,FL,ASO,ES,Federal Contract Tower,0,2,15,0,17,0,0,124,0,124,0,2,139,0,141,92,0,92,233
05/03/2023,SPG,FL,ASO,ES,Federal Contract Tower,0,0,18,0,18,0,0,87,0,87,0,0,105,0,105,110,0,110,215
05/04/2023,SPG,FL,ASO,ES,Federal Contract Tower,0,0,14,0,14,0,0,141,0,141,0,0,155,0,155,124,0,124,279
05/05/2023,SPG,FL,ASO,ES,Federal Contract Tower,0,0,17,0,17,0,0,118,0,118,0,0,135,0,135,98,0,98,233
05/06/2023,SPG,FL,ASO,ES,Federal Contract Tower,0,0,15,0,15,0,0,119,0,119,0,0,134,0,134,106,0,106,240
05/07/2023,SPG,FL,ASO,ES,Federal Contract Tower,0,0,25,0,25,0,0,120,0,120,0,0,145,0,145,146,0,146,291
05/08/2023,SPG,FL,ASO,ES,Federal Contract Tower,0,0,17,0,17,0,0,105,0,105,0,0,122,0,122,118,26,144,266
05/09/2023,SPG,FL,ASO,ES,Federal Contract Tower,0,0,19,0,19,0,0,110,0,110,0,0,129,0,129,132,0,132,261
05/10/2023,SPG,FL,ASO,ES,Federal Contract Tower,0,0,23,0,23,0,0,106,0,106,0,0,129,0,129,146,0,146,275
05/11/2023,SPG,FL,ASO,ES,Federal Contract Tower,0,0,9,0,9,0,0,98,0,98,0,0,107,0,107,142,0,142,249
05/12/2023,SPG,FL,ASO,ES,Federal Contract Tower,0,2,24,0,26,0,0,75,0,75,0,2,99,0,101,130,0,130,231
05/13/2023,SPG,FL,ASO,ES,Federal Contract Tower,0,0,14,0,14,0,0,130,0,130,0,0,144,0,144,138,0,138,282
05/14/2023,SPG,FL,ASO,ES,Federal Contract Tower,0,0,15,0,15,0,0,116,0,116,0,0,131,0,131,80,0,80,211
05/15/2023,SPG,FL,ASO,ES,Federal Contract Tower,0,0,11,0,11,0,0,86,0,86,0,0,97,0,97,90,0,90,187
05/16/2023,SPG,FL,ASO,ES,Federal Contract Tower,0,1,19,0,20,0,0,110,0,110,0,1,129,0,130,160,0,160,290
05/17/2023,SPG,FL,ASO,ES,Federal Contract Tower,0,0,19,0,19,0,0,78,2,80,0,0,97,2,99,140,0,140,239
05/18/2023,SPG,FL,ASO,ES,Federal Contract Tower,0,0,21,0,21,0,0,143,0,143,0,0,164,0,164,162,0,162,326
05/19/2023,SPG,FL,ASO,ES,Federal Contract Tower,0,0,20,0,20,0,0,101,0,101,0,0,121,0,121,200,0,200,321
05/20/2023,SPG,FL,ASO,ES,Federal Contract Tower,0,0,22,0,22,0,0,75,2,77,0,0,97,2,99,140,0,140,239
05/21/2023,SPG,FL,ASO,ES,Federal Contract Tower,0,0,20,0,20,0,0,111,0,111,0,0,131,0,131,108,0,108,239
05/22/2023,SPG,FL,ASO,ES,Federal Contract Tower,0,0,14,0,14,0,0,83,0,83,0,0,97,0,97,158,0,158,255
05/23/2023,SPG,FL,ASO,ES,Federal Contract Tower,0,0,22,0,22,0,0,67,0,67,0,0,89,0,89,104,0,104,193
05/24/2023,SPG,FL,ASO,ES,Federal Contract Tower,0,0,21,0,21,0,0,52,0,52,0,0,73,0,73,150,0,150,223
05/25/2023,SPG,FL,ASO,ES,Federal Contract Tower,0,0,22,0,22,0,0,76,0,76,0,0,98,0,98,182,0,182,280
05/26/2023,SPG,FL,ASO,ES,Federal Contract Tower,0,0,14,0,14,0,0,90,0,90,0,0,104,0,104,202,0,202,306
05/27/2023,SPG,FL,ASO,ES,Federal Contract Tower,0,0,18,0,18,0,0,174,0,174,0,0,192,0,192,78,0,78,270
05/28/2023,SPG,FL,ASO,ES,Federal Contract Tower,0,0,18,0,18,0,0,96,0,96,0,0,114,0,114,62,0,62,176
05/29/2023,SPG,FL,ASO,ES,Federal Contract Tower,0,0,17,0,17,0,0,96,2,98,0,0,113,2,115,124,16,140,255
05/30/2023,SPG,FL,ASO,ES,Federal Contract Tower,0,0,18,0,18,0,0,129,0,129,0,0,147,0,147,166,0,166,313
05/31/2023,SPG,FL,ASO,ES,Federal Contract Tower,0,0,12,0,12,0,0,54,0,54,0,0,66,0,66,80,0,80,146
06/01/2023,SPG,FL,ASO,ES,Federal Contract Tower,0,0,17,0,17,0,0,60,0,60,0,0,77,0,77,112,0,112,189
06/02/2023,SPG,FL,ASO,ES,Federal Contract Tower,0,0,20,0,20,0,0,50,0,50,0,0,70,0,70,60,0,60,130
06/03/2023,SPG,FL,ASO,ES,Federal Contract Tower,0,0,17,0,17,0,0,75,0,75,0,0,92,0,92,72,0,72,164
06/04/2023,SPG,FL,ASO,ES,Federal Contract Tower,0,0,13,0,13,0,0,83,0,83,0,0,96,0,96,160,0,160,256
06/05/2023,SPG,FL,ASO,ES,Federal Contract Tower,0,0,22,0,22,0,0,67,0,67,0,0,89,0,89,152,0,152,241
06/06/2023,SPG,FL,ASO,ES,Federal Contract Tower,0,0,10,0,10,0,0,124,0,124,0,0,134,0,134,212,0,212,346
06/07/2023,SPG,FL,ASO,ES,Federal Contract Tower,0,0,19,0,19,0,0,101,0,101,0,0,120,0,120,86,2,88,208
06/08/2023,SPG,FL,ASO,ES,Federal Contract Tower,0,0,13,0,13,0,0,119,0,119,0,0,132,0,132,168,0,168,300
06/09/2023,SPG,FL,ASO,ES,Federal Contract Tower,0,0,14,0,14,0,0,111,0,111,0,0,125,0,125,194,0,194,319
06/10/2023,SPG,FL,ASO,ES,Federal Contract Tower,0,0,18,0,18,0,0,104,0,104,0,0,122,0,122,142,0,142,264
06/11/2023,SPG,FL,ASO,ES,Federal Contract Tower,0,0,17,0,17,0,0,104,0,104,0,0,121,0,121,122,0,122,243
06/12/2023,SPG,FL,ASO,ES,Federal Contract Tower,0,0,17,0,17,0,0,88,0,88,0,0,105,0,105,52,0,52,157
06/13/2023,SPG,FL,ASO,ES,Federal Contract Tower,0,0,24,0,24,0,0,145,0,145,0,0,169,0,169,42,0,42,211
06/14/2023,SPG,FL,ASO,ES,Federal Contract Tower,0,0,11,0,11,0,0,60,0,60,0,0,71,0,71,146,0,146,217
06/15/2023,SPG,FL,ASO,ES,Federal Contract Tower,0,0,15,0,15,0,0,84,0,84,0,0,99,0,99,66,0,66,165
06/16/2023,SPG,FL,ASO,ES,Federal Contract Tower,0,0,20,0,20,0,0,50,0,50,0,0,70,0,70,20,10,30,100
06/17/2023,SPG,FL,ASO,ES,Federal Contract Tower,0,0,4,0,4,0,0,46,0,46,0,0,50,0,50,16,0,16,66
06/18/2023,SPG,FL,ASO,ES,Federal Contract Tower,0,0,11,0,11,0,0,68,0,68,0,0,79,0,79,8,0,8,87
06/19/2023,SPG,FL,ASO,ES,Federal Contract Tower,0,0,16,0,16,0,0,78,0,78,0,0,94,0,94,62,0,62,156
06/20/2023,SPG,FL,ASO,ES,Federal Contract Tower,0,0,13,0,13,0,0,50,0,50,0,0,63,0,63,90,0,90,153
06/21/2023,SPG,FL,ASO,ES,Federal Contract Tower,0,0,12,0,12,0,0,20,0,20,0,0,32,0,32,24,0,24,56
06/22/2023,SPG,FL,ASO,ES,Federal Contract Tower,0,0,21,0,21,0,0,83,0,83,0,0,104,0,104,146,0,146,250
06/23/2023,SPG,FL,ASO,ES,Federal Contract Tower,0,0,20,0,20,0,0,100,0,100,0,0,120,0,120,80,0,80,200
06/24/2023,SPG,FL,ASO,ES,Federal Contract Tower,0,0,13,0,13,0,0,88,0,88,0,0,101,0,101,154,0,154,255
06/25/2023,SPG,FL,ASO,ES,Federal Contract Tower,0,0,19,0,19,0,0,107,0,107,0,0,126,0,126,72,0,72,198
06/26/2023,SPG,FL,ASO,ES,Federal Contract Tower,0,0,12,0,12,0,0,86,0,86,0,0,98,0,98,102,0,102,200
06/27/2023,SPG,FL,ASO,ES,Federal Contract Tower,0,0,26,0,26,0,0,98,2,100,0,0,124,2,126,100,0,100,226
06/28/2023,SPG,FL,ASO,ES,Federal Contract Tower,0,0,15,0,15,0,0,72,0,72,0,0,87,0,87,142,0,142,229
06/29/2023,SPG,FL,ASO,ES,Federal Contract Tower,0,0,10,0,10,0,0,111,0,111,0,0,121,0,121,268,0,268,389
06/30/2023,SPG,FL,ASO,ES,Federal Contract Tower,0,1,25,0,26,0,0,114,0,114,0,1,139,0,140,130,0,130,270
07/01/2023,SPG,FL,ASO,ES,Federal Contract Tower,0,0,11,0,11,0,0,121,0,121,0,0,132,0,132,136,0,136,268
07/02/2023,SPG,FL,ASO,ES,Federal Contract Tower,0,0,7,0,7,0,0,76,0,76,0,0,83,0,83,50,0,50,133
07/03/2023,SPG,FL,ASO,ES,Federal Contract Tower,0,0,18,0,18,0,0,56,0,56,0,0,74,0,74,62,2,64,138
07/04/2023,SPG,FL,ASO,ES,Federal Contract Tower,0,0,7,0,7,0,0,73,8,81,0,0,80,8,88,76,0,76,164
07/05/2023,SPG,FL,ASO,ES,Federal Contract Tower,0,0,11,2,13,0,0,56,0,56,0,0,67,2,69,88,0,88,157
07/06/2023,SPG,FL,ASO,ES,Federal Contract Tower,0,0,28,2,30,0,0,90,0,90,0,0,118,2,120,130,0,130,250
07/07/2023,SPG,FL,ASO,ES,Federal Contract Tower,0,0,30,0,30,0,0,100,0,100,0,0,130,0,130,128,2,130,260
07/08/2023,SPG,FL,ASO,ES,Federal Contract Tower,0,0,19,2,21,0,0,48,0,48,0,0,67,2,69,24,0,24,93
07/09/2023,SPG,FL,ASO,ES,Federal Contract Tower,0,0,40,0,40,0,0,130,0,130,0,0,170,0,170,120,0,120,290
07/10/2023,SPG,FL,ASO,ES,Federal Contract Tower,0,0,20,0,20,0,0,100,0,100,0,0,120,0,120,80,0,80,200
07/11/2023,SPG,FL,ASO,ES,Federal Contract Tower,0,0,7,0,7,0,1,87,0,88,0,1,94,0,95,134,0,134,229
07/12/2023,SPG,FL,ASO,ES,Federal Contract Tower,0,0,24,0,24,0,0,96,0,96,0,0,120,0,120,84,0,84,204
07/13/2023,SPG,FL,ASO,ES,Federal Contract Tower,0,0,13,0,13,0,0,128,0,128,0,0,141,0,141,81,0,81,222
07/14/2023,SPG,FL,ASO,ES,Federal Contract Tower,0,0,20,0,20,0,0,100,0,100,0,0,120,0,120,170,0,170,290
07/15/2023,SPG,FL,ASO,ES,Federal Contract Tower,0,0,14,0,14,0,0,97,0,97,0,0,111,0,111,78,0,78,189
07/16/2023,SPG,FL,ASO,ES,Federal Contract Tower,0,0,17,0,17,0,0,127,0,127,0,0,144,0,144,134,0,134,278
07/17/2023,SPG,FL,ASO,ES,Federal Contract Tower,0,0,15,0,15,0,0,53,0,53,0,0,68,0,68,48,0,48,116
07/18/2023,SPG,FL,ASO,ES,Federal Contract Tower,0,0,10,0,10,0,0,58,0,58,0,0,68,0,68,60,0,60,128
07/19/2023,SPG,FL,ASO,ES,Federal Contract Tower,0,0,20,0,20,0,0,100,0,100,0,0,120,0,120,130,0,130,250
07/20/2023,SPG,FL,ASO,ES,Federal Contract Tower,0,0,30,0,30,0,0,108,2,110,0,0,138,2,140,160,0,160,300
07/21/2023,SPG,FL,ASO,ES,Federal Contract Tower,0,0,30,0,30,0,0,120,0,120,0,0,150,0,150,180,0,180,330
07/22/2023,SPG,FL,ASO,ES,Federal Contract Tower,0,0,13,0,13,0,0,111,0,111,0,0,124,0,124,94,0,94,218
07/23/2023,SPG,FL,ASO,ES,Federal Contract Tower,0,0,14,0,14,0,0,116,0,116,0,0,130,0,130,58,0,58,188
07/24/2023,SPG,FL,ASO,ES,Federal Contract Tower,0,0,16,0,16,0,0,63,0,63,0,0,79,0,79,58,0,58,137
07/25/2023,SPG,FL,ASO,ES,Federal Contract Tower,0,0,22,0,22,0,0,76,0,76,0,0,98,0,98,116,0,116,214
07/26/2023,SPG,FL,ASO,ES,Federal Contract Tower,0,0,24,0,24,0,0,76,0,76,0,0,100,0,100,60,0,60,160
07/27/2023,SPG,FL,ASO,ES,Federal Contract Tower,0,0,7,0,7,0,0,68,0,68,0,0,75,0,75,166,0,166,241
07/28/2023,SPG,FL,ASO,ES,Federal Contract Tower,0,0,21,0,21,0,0,93,1,94,0,0,114,1,115,110,0,110,225
07/29/2023,SPG,FL,ASO,ES,Federal Contract Tower,0,0,7,0,7,0,0,83,0,83,0,0,90,0,90,76,0,76,166
07/30/2023,SPG,FL,ASO,ES,Federal Contract Tower,0,0,21,0,21,0,0,86,0,86,0,0,107,0,107,112,0,112,219
07/31/2023,SPG,FL,ASO,ES,Federal Contract Tower,0,0,6,0,6,0,0,40,2,42,0,0,46,2,48,60,2,62,110
08/01/2023,SPG,FL,ASO,ES,Federal Contract Tower,0,0,9,0,9,0,0,104,0,104,0,0,113,0,113,128,0,128,241
08/02/2023,SPG,FL,ASO,ES,Federal Contract Tower,0,0,14,0,14,0,0,69,2,71,0,0,83,2,85,84,0,84,169
08/03/2023,SPG,FL,ASO,ES,Federal Contract Tower,0,0,14,0,14,0,0,94,0,94,0,0,108,0,108,200,0,200,308
08/04/2023,SPG,FL,ASO,ES,Federal Contract Tower,0,0,20,0,20,0,0,110,0,110,0,0,130,0,130,140,0,140,270
08/05/2023,SPG,FL,ASO,ES,Federal Contract Tower,0,0,16,0,16,0,0,89,0,89,0,0,105,0,105,46,0,46,151
08/06/2023,SPG,FL,ASO,ES,Federal Contract Tower,0,0,17,0,17,0,0,124,0,124,0,0,141,0,141,62,0,62,203
08/07/2023,SPG,FL,ASO,ES,Federal Contract Tower,0,0,8,0,8,0,0,59,0,59,0,0,67,0,67,52,0,52,119
08/08/2023,SPG,FL,ASO,ES,Federal Contract Tower,0,0,11,0,11,0,0,87,2,89,0,0,98,2,100,80,0,80,180
08/09/2023,SPG,FL,ASO,ES,Federal Contract Tower,0,0,15,0,15,0,0,104,0,104,0,0,119,0,119,112,0,112,231
08/10/2023,SPG,FL,ASO,ES,Federal Contract Tower,0,0,8,0,8,0,0,87,0,87,0,0,95,0,95,98,0,98,193
08/11/2023,SPG,FL,ASO,ES,Federal Contract Tower,0,0,20,0,20,0,0,110,0,110,0,0,130,0,130,140,0,140,270
08/12/2023,SPG,FL,ASO,ES,Federal Contract Tower,0,0,3,0,3,0,0,87,0,87,0,0,90,0,90,138,0,138,228
08/13/2023,SPG,FL,ASO,ES,Federal Contract Tower,0,0,26,0,26,0,0,94,0,94,0,0,120,0,120,140,0,140,260
08/14/2023,SPG,FL,ASO,ES,Federal Contract Tower,0,0,19,0,19,0,0,54,0,54,0,0,73,0,73,60,0,60,133
08/15/2023,SPG,FL,ASO,ES,Federal Contract Tower,0,0,12,0,12,0,0,116,0,116,0,0,128,0,128,84,0,84,212
08/16/2023,SPG,FL,ASO,ES,Federal Contract Tower,0,0,10,1,11,0,0,64,1,65,0,0,74,2,76,120,0,120,196
08/17/2023,SPG,FL,ASO,ES,Federal Contract Tower,0,0,12,0,12,0,0,66,0,66,0,0,78,0,78,106,0,106,184
08/18/2023,SPG,FL,ASO,ES,Federal Contract Tower,0,0,20,0,20,0,0,61,0,61,0,0,81,0,81,100,0,100,181
08/19/2023,SPG,FL,ASO,ES,Federal Contract Tower,0,0,8,0,8,0,0,114,0,114,0,0,122,0,122,200,0,200,322
08/20/2023,SPG,FL,ASO,ES,Federal Contract Tower,0,0,26,0,26,0,0,60,0,60,0,0,86,0,86,84,0,84,170
08/21/2023,SPG,FL,ASO,ES,Federal Contract Tower,0,0,15,0,15,0,0,85,0,85,0,0,100,0,100,92,0,92,192
08/22/2023,SPG,FL,ASO,ES,Federal Contract Tower,0,0,9,0,9,0,0,84,2,86,0,0,93,2,95,116,12,128,223
08/23/2023,SPG,FL,ASO,ES,Federal Contract Tower,0,0,14,0,14,0,0,74,0,74,0,0,88,0,88,112,0,112,200
08/24/2023,SPG,FL,ASO,ES,Federal Contract Tower,0,0,24,0,24,0,0,63,0,63,0,0,87,0,87,114,0,114,201
08/25/2023,SPG,FL,ASO,ES,Federal Contract Tower,0,0,30,0,30,0,0,114,6,120,0,0,144,6,150,220,0,220,370
08/26/2023,SPG,FL,ASO,ES,Federal Contract Tower,0,0,19,0,19,0,0,101,0,101,0,0,120,0,120,130,0,130,250
08/27/2023,SPG,FL,ASO,ES,Federal Contract Tower,0,0,10,0,10,0,0,110,0,110,0,0,120,0,120,140,10,150,270
08/28/2023,SPG,FL,ASO,ES,Federal Contract Tower,0,0,20,0,20,0,0,100,0,100,0,0,120,0,120,130,0,130,250
08/29/2023,SPG,FL,ASO,ES,Federal Contract Tower,0,0,10,0,10,0,0,20,0,20,0,0,30,0,30,0,0,0,30
08/30/2023,SPG,FL,ASO,ES,Federal Contract Tower,0,0,0,0,0,0,0,0,0,0,0,0,0,0,0,0,0,0,0
08/31/2023,SPG,FL,ASO,ES,Federal Contract Tower,0,0,13,0,13,0,0,130,3,133,0,0,143,3,146,28,0,28,174
