01/01/2000,SPI,IL,AGL,CE,Towers with Radar,0,10,7,0,17,0,7,53,0,60,0,17,60,0,77,54,0,54,131
01/02/2000,SPI,IL,AGL,CE,Towers with Radar,0,28,22,0,50,0,8,0,0,8,0,36,22,0,58,11,0,11,69
01/03/2000,SPI,IL,AGL,CE,Towers with Radar,4,40,34,3,81,0,1,0,1,2,4,41,34,4,83,0,0,0,83
01/04/2000,SPI,IL,AGL,CE,Towers with Radar,0,53,25,15,93,0,2,8,0,10,0,55,33,15,103,22,0,22,125
01/05/2000,SPI,IL,AGL,CE,Towers with Radar,0,51,50,17,118,0,2,48,1,51,0,53,98,18,169,99,26,125,294
01/06/2000,SPI,IL,AGL,CE,Towers with Radar,2,52,54,12,120,1,11,51,2,65,3,63,105,14,185,16,30,46,231
01/07/2000,SPI,IL,AGL,CE,Towers with Radar,0,58,38,13,109,0,6,69,5,80,0,64,107,18,189,48,54,102,291
01/08/2000,SPI,IL,AGL,CE,Towers with Radar,2,45,19,18,84,26,11,42,0,79,28,56,61,18,163,142,30,172,335
01/09/2000,SPI,IL,AGL,CE,Towers with Radar,0,28,28,10,66,0,0,1,1,2,0,28,29,11,68,1,0,1,69
01/10/2000,SPI,IL,AGL,CE,Towers with Radar,0,61,40,24,125,0,7,22,2,31,0,68,62,26,156,26,22,48,204
01/11/2000,SPI,IL,AGL,CE,Towers with Radar,0,69,62,12,143,0,5,43,6,54,0,74,105,18,197,66,18,84,281
01/12/2000,SPI,IL,AGL,CE,Towers with Radar,0,63,54,13,130,0,13,57,0,70,0,76,111,13,200,38,12,50,250
01/13/2000,SPI,IL,AGL,CE,Towers with Radar,0,66,70,13,149,0,7,33,2,42,0,73,103,15,191,60,16,76,267
01/14/2000,SPI,IL,AGL,CE,Towers with Radar,0,49,40,0,89,0,11,55,0,66,0,60,95,0,155,50,0,50,205
01/15/2000,SPI,IL,AGL,CE,Towers with Radar,0,23,7,0,30,0,8,38,0,46,0,31,45,0,76,22,0,22,98
01/16/2000,SPI,IL,AGL,CE,Towers with Radar,0,35,18,0,53,0,2,50,0,52,0,37,68,0,105,74,0,74,179
01/17/2000,SPI,IL,AGL,CE,Towers with Radar,0,28,25,0,53,0,1,2,0,3,0,29,27,0,56,15,0,15,71
01/18/2000,SPI,IL,AGL,CE,Towers with Radar,0,43,67,9,119,0,0,7,0,7,0,43,74,9,126,6,0,6,132
01/19/2000,SPI,IL,AGL,CE,Towers with Radar,0,37,59,15,111,0,0,0,0,0,0,37,59,15,111,0,4,4,115
01/20/2000,SPI,IL,AGL,CE,Towers with Radar,0,55,48,5,108,0,0,30,0,30,0,55,78,5,138,30,2,32,170
01/21/2000,SPI,IL,AGL,CE,Towers with Radar,0,53,68,0,121,0,0,51,0,51,0,53,119,0,172,34,0,34,206
01/22/2000,SPI,IL,AGL,CE,Towers with Radar,0,29,18,3,50,0,3,2,0,5,0,32,20,3,55,0,0,0,55
01/23/2000,SPI,IL,AGL,CE,Towers with Radar,0,31,16,6,53,0,0,33,0,33,0,31,49,6,86,19,0,19,105
01/24/2000,SPI,IL,AGL,CE,Towers with Radar,0,23,23,2,48,0,4,28,1,33,0,27,51,3,81,12,0,12,93
01/25/2000,SPI,IL,AGL,CE,Towers with Radar,0,52,62,7,121,0,1,12,0,13,0,53,74,7,134,6,0,6,140
01/26/2000,SPI,IL,AGL,CE,Towers with Radar,0,58,73,1,132,0,1,61,1,63,0,59,134,2,195,12,0,12,207
01/27/2000,SPI,IL,AGL,CE,Towers with Radar,0,54,52,1,107,0,4,55,1,60,0,58,107,2,167,15,0,15,182
01/28/2000,SPI,IL,AGL,CE,Towers with Radar,0,53,39,2,94,0,2,50,0,52,0,55,89,2,146,24,2,26,172
01/29/2000,SPI,IL,AGL,CE,Towers with Radar,0,16,24,2,42,1,2,0,3,6,1,18,24,5,48,0,0,0,48
01/30/2000,SPI,IL,AGL,CE,Towers with Radar,0,23,22,1,46,0,0,0,1,1,0,23,22,2,47,0,0,0,47
01/31/2000,SPI,IL,AGL,CE,Towers with Radar,0,42,49,0,91,0,4,18,1,23,0,46,67,1,114,6,0,6,120
02/01/2000,SPI,IL,AGL,CE,Towers with Radar,0,48,48,0,96,0,0,28,0,28,0,48,76,0,124,68,0,68,192
02/02/2000,SPI,IL,AGL,CE,Towers with Radar,0,57,56,0,113,0,2,45,0,47,0,59,101,0,160,33,0,33,193
02/03/2000,SPI,IL,AGL,CE,Towers with Radar,0,58,62,1,121,0,0,30,0,30,0,58,92,1,151,38,0,38,189
02/04/2000,SPI,IL,AGL,CE,Towers with Radar,0,49,44,6,99,0,10,14,0,24,0,59,58,6,123,10,0,10,133
02/05/2000,SPI,IL,AGL,CE,Towers with Radar,0,42,55,8,105,0,0,46,0,46,0,42,101,8,151,124,0,124,275
02/06/2000,SPI,IL,AGL,CE,Towers with Radar,0,34,16,2,52,0,0,51,0,51,0,34,67,2,103,69,8,77,180
02/07/2000,SPI,IL,AGL,CE,Towers with Radar,0,62,60,12,134,0,3,30,0,33,0,65,90,12,167,72,12,84,251
02/08/2000,SPI,IL,AGL,CE,Towers with Radar,0,60,64,16,140,0,1,9,0,10,0,61,73,16,150,18,6,24,174
02/09/2000,SPI,IL,AGL,CE,Towers with Radar,0,56,61,10,127,0,1,59,3,63,0,57,120,13,190,96,5,101,291
02/10/2000,SPI,IL,AGL,CE,Towers with Radar,0,53,79,14,146,0,0,23,1,24,0,53,102,15,170,20,4,24,194
02/11/2000,SPI,IL,AGL,CE,Towers with Radar,0,51,22,0,73,0,1,12,0,13,0,52,34,0,86,38,0,38,124
02/12/2000,SPI,IL,AGL,CE,Towers with Radar,0,27,23,2,52,0,9,68,1,78,0,36,91,3,130,118,0,118,248
02/13/2000,SPI,IL,AGL,CE,Towers with Radar,0,26,7,0,33,0,0,1,0,1,0,26,8,0,34,0,0,0,34
02/14/2000,SPI,IL,AGL,CE,Towers with Radar,0,58,43,13,114,0,0,7,0,7,0,58,50,13,121,13,0,13,134
02/15/2000,SPI,IL,AGL,CE,Towers with Radar,0,52,68,12,132,0,5,29,0,34,0,57,97,12,166,16,6,22,188
02/16/2000,SPI,IL,AGL,CE,Towers with Radar,0,52,74,11,137,0,4,43,5,52,0,56,117,16,189,32,4,36,225
02/17/2000,SPI,IL,AGL,CE,Towers with Radar,0,50,45,7,102,0,2,17,0,19,0,52,62,7,121,60,12,72,193
02/18/2000,SPI,IL,AGL,CE,Towers with Radar,1,22,30,0,53,0,0,3,0,3,1,22,33,0,56,1,0,1,57
02/19/2000,SPI,IL,AGL,CE,Towers with Radar,0,34,35,0,69,0,0,3,0,3,0,34,38,0,72,64,0,64,136
02/20/2000,SPI,IL,AGL,CE,Towers with Radar,0,28,27,0,55,0,13,78,0,91,0,41,105,0,146,72,0,72,218
02/21/2000,SPI,IL,AGL,CE,Towers with Radar,2,33,35,0,70,0,0,36,0,36,2,33,71,0,106,52,0,52,158
02/22/2000,SPI,IL,AGL,CE,Towers with Radar,0,55,54,7,116,0,10,66,2,78,0,65,120,9,194,48,18,66,260
02/23/2000,SPI,IL,AGL,CE,Towers with Radar,0,53,64,14,131,0,2,30,5,37,0,55,94,19,168,3,20,23,191
02/24/2000,SPI,IL,AGL,CE,Towers with Radar,0,54,64,13,131,0,0,41,0,41,0,54,105,13,172,44,18,62,234
02/25/2000,SPI,IL,AGL,CE,Towers with Radar,0,29,43,1,73,0,2,11,0,13,0,31,54,1,86,8,0,8,94
02/26/2000,SPI,IL,AGL,CE,Towers with Radar,0,29,19,0,48,0,0,5,0,5,0,29,24,0,53,2,0,2,55
02/27/2000,SPI,IL,AGL,CE,Towers with Radar,0,28,43,0,71,0,0,67,0,67,0,28,110,0,138,53,0,53,191
02/28/2000,SPI,IL,AGL,CE,Towers with Radar,0,65,66,9,140,0,0,86,16,102,0,65,152,25,242,71,49,120,362
02/29/2000,SPI,IL,AGL,CE,Towers with Radar,0,60,60,8,128,0,2,45,8,55,0,62,105,16,183,46,18,64,247
03/01/2000,SPI,IL,AGL,CE,Towers with Radar,0,51,66,18,135,0,6,38,0,44,0,57,104,18,179,44,11,55,234
03/02/2000,SPI,IL,AGL,CE,Towers with Radar,2,50,72,16,140,0,6,92,5,103,2,56,164,21,243,39,9,48,291
03/03/2000,SPI,IL,AGL,CE,Towers with Radar,0,50,51,9,110,0,5,24,2,31,0,55,75,11,141,56,0,56,197
03/04/2000,SPI,IL,AGL,CE,Towers with Radar,1,31,32,8,72,0,1,118,3,122,1,32,150,11,194,76,12,88,282
03/05/2000,SPI,IL,AGL,CE,Towers with Radar,0,35,20,6,61,0,2,93,2,97,0,37,113,8,158,128,0,128,286
03/06/2000,SPI,IL,AGL,CE,Towers with Radar,2,51,51,15,119,0,9,78,1,88,2,60,129,16,207,61,22,83,290
03/07/2000,SPI,IL,AGL,CE,Towers with Radar,0,50,66,17,133,0,7,62,0,69,0,57,128,17,202,151,36,187,389
03/08/2000,SPI,IL,AGL,CE,Towers with Radar,0,49,60,8,117,0,10,18,1,29,0,59,78,9,146,0,0,0,146
03/09/2000,SPI,IL,AGL,CE,Towers with Radar,0,57,73,12,142,0,5,12,1,18,0,62,85,13,160,46,0,46,206
03/10/2000,SPI,IL,AGL,CE,Towers with Radar,0,55,62,3,120,0,6,18,0,24,0,61,80,3,144,13,0,13,157
03/11/2000,SPI,IL,AGL,CE,Towers with Radar,0,19,25,0,44,0,4,1,0,5,0,23,26,0,49,0,0,0,49
03/12/2000,SPI,IL,AGL,CE,Towers with Radar,0,36,30,0,66,0,2,65,1,68,0,38,95,1,134,93,0,93,227
03/13/2000,SPI,IL,AGL,CE,Towers with Radar,0,51,46,16,113,0,4,36,0,40,0,55,82,16,153,32,21,53,206
03/14/2000,SPI,IL,AGL,CE,Towers with Radar,0,53,70,14,137,0,4,54,0,58,0,57,124,14,195,31,0,31,226
03/15/2000,SPI,IL,AGL,CE,Towers with Radar,0,57,62,3,122,0,1,34,0,35,0,58,96,3,157,49,1,50,207
03/16/2000,SPI,IL,AGL,CE,Towers with Radar,1,31,25,0,57,0,2,20,0,22,1,33,45,0,79,2,0,2,81
03/17/2000,SPI,IL,AGL,CE,Towers with Radar,0,58,69,3,130,0,9,61,0,70,0,67,130,3,200,54,0,54,254
03/18/2000,SPI,IL,AGL,CE,Towers with Radar,0,26,23,0,49,0,0,20,0,20,0,26,43,0,69,8,0,8,77
03/19/2000,SPI,IL,AGL,CE,Towers with Radar,0,24,15,3,42,0,3,0,0,3,0,27,15,3,45,0,0,0,45
03/20/2000,SPI,IL,AGL,CE,Towers with Radar,0,46,66,5,117,0,3,2,0,5,0,49,68,5,122,12,0,12,134
03/21/2000,SPI,IL,AGL,CE,Towers with Radar,0,50,63,9,122,0,2,6,0,8,0,52,69,9,130,16,5,21,151
03/22/2000,SPI,IL,AGL,CE,Towers with Radar,0,55,80,12,147,0,0,73,5,78,0,55,153,17,225,93,6,99,324
03/23/2000,SPI,IL,AGL,CE,Towers with Radar,0,56,78,14,148,0,5,80,2,87,0,61,158,16,235,41,4,45,280
03/24/2000,SPI,IL,AGL,CE,Towers with Radar,0,55,62,12,129,0,3,47,1,51,0,58,109,13,180,83,14,97,277
03/25/2000,SPI,IL,AGL,CE,Towers with Radar,0,31,37,1,69,0,4,114,3,121,0,35,151,4,190,86,0,86,276
03/26/2000,SPI,IL,AGL,CE,Towers with Radar,0,38,38,1,77,0,16,111,1,128,0,54,149,2,205,50,0,50,255
03/27/2000,SPI,IL,AGL,CE,Towers with Radar,0,53,54,14,121,0,3,42,2,47,0,56,96,16,168,12,20,32,200
03/28/2000,SPI,IL,AGL,CE,Towers with Radar,0,54,74,4,132,0,2,45,1,48,0,56,119,5,180,76,12,88,268
03/29/2000,SPI,IL,AGL,CE,Towers with Radar,0,54,67,16,137,0,6,79,0,85,0,60,146,16,222,57,16,73,295
03/30/2000,SPI,IL,AGL,CE,Towers with Radar,0,53,59,5,117,0,10,85,2,97,0,63,144,7,214,107,0,107,321
03/31/2000,SPI,IL,AGL,CE,Towers with Radar,0,55,67,11,133,1,0,82,2,85,1,55,149,13,218,67,8,75,293
04/01/2000,SPI,IL,AGL,CE,Towers with Radar,2,30,29,2,63,0,0,77,0,77,2,30,106,2,140,114,0,114,254
04/02/2000,SPI,IL,AGL,CE,Towers with Radar,0,29,31,3,63,0,0,35,4,39,0,29,66,7,102,82,0,82,184
04/03/2000,SPI,IL,AGL,CE,Towers with Radar,2,51,55,8,116,0,0,17,2,19,2,51,72,10,135,4,10,14,149
04/04/2000,SPI,IL,AGL,CE,Towers with Radar,2,46,55,16,119,0,7,45,2,54,2,53,100,18,173,38,18,56,229
04/05/2000,SPI,IL,AGL,CE,Towers with Radar,0,54,57,8,119,0,6,42,1,49,0,60,99,9,168,48,8,56,224
04/06/2000,SPI,IL,AGL,CE,Towers with Radar,0,50,54,12,116,0,6,69,0,75,0,56,123,12,191,78,20,98,289
04/07/2000,SPI,IL,AGL,CE,Towers with Radar,2,46,49,0,97,0,0,9,0,9,2,46,58,0,106,4,0,4,110
04/08/2000,SPI,IL,AGL,CE,Towers with Radar,0,23,24,0,47,0,4,41,0,45,0,27,65,0,92,50,0,50,142
04/09/2000,SPI,IL,AGL,CE,Towers with Radar,0,31,25,0,56,0,2,62,0,64,0,33,87,0,120,86,0,86,206
04/10/2000,SPI,IL,AGL,CE,Towers with Radar,0,43,55,1,99,0,4,56,8,68,0,47,111,9,167,28,24,52,219
04/11/2000,SPI,IL,AGL,CE,Towers with Radar,0,53,66,9,128,0,4,7,0,11,0,57,73,9,139,22,0,22,161
04/12/2000,SPI,IL,AGL,CE,Towers with Radar,0,50,79,6,135,0,8,94,4,106,0,58,173,10,241,76,20,96,337
04/13/2000,SPI,IL,AGL,CE,Towers with Radar,0,45,58,11,114,0,8,96,4,108,0,53,154,15,222,105,5,110,332
04/14/2000,SPI,IL,AGL,CE,Towers with Radar,0,50,52,3,105,0,4,78,3,85,0,54,130,6,190,54,21,75,265
04/15/2000,SPI,IL,AGL,CE,Towers with Radar,0,28,35,6,69,0,6,56,9,71,0,34,91,15,140,80,20,100,240
04/16/2000,SPI,IL,AGL,CE,Towers with Radar,0,26,32,6,64,0,4,3,9,16,0,30,35,15,80,84,0,84,164
04/17/2000,SPI,IL,AGL,CE,Towers with Radar,2,51,59,23,135,0,1,3,0,4,2,52,62,23,139,30,0,30,169
04/18/2000,SPI,IL,AGL,CE,Towers with Radar,0,50,73,19,142,0,2,34,0,36,0,52,107,19,178,190,7,197,375
04/19/2000,SPI,IL,AGL,CE,Towers with Radar,6,43,84,6,139,0,5,9,4,18,6,48,93,10,157,25,0,25,182
04/20/2000,SPI,IL,AGL,CE,Towers with Radar,0,36,35,1,72,0,3,14,0,17,0,39,49,1,89,26,0,26,115
04/21/2000,SPI,IL,AGL,CE,Towers with Radar,2,35,64,0,101,0,1,34,0,35,2,36,98,0,136,66,0,66,202
04/22/2000,SPI,IL,AGL,CE,Towers with Radar,0,30,25,0,55,0,4,98,0,102,0,34,123,0,157,165,0,165,322
04/23/2000,SPI,IL,AGL,CE,Towers with Radar,0,24,17,0,41,0,0,33,0,33,0,24,50,0,74,2,0,2,76
04/24/2000,SPI,IL,AGL,CE,Towers with Radar,0,49,62,11,122,0,3,42,2,47,0,52,104,13,169,74,0,74,243
04/25/2000,SPI,IL,AGL,CE,Towers with Radar,0,41,66,13,120,0,4,96,4,104,0,45,162,17,224,104,22,126,350
04/26/2000,SPI,IL,AGL,CE,Towers with Radar,0,44,86,9,139,0,7,89,0,96,0,51,175,9,235,153,8,161,396
04/27/2000,SPI,IL,AGL,CE,Towers with Radar,0,40,76,15,131,0,9,31,3,43,0,49,107,18,174,70,14,84,258
04/28/2000,SPI,IL,AGL,CE,Towers with Radar,0,46,63,2,111,0,5,56,0,61,0,51,119,2,172,9,16,25,197
04/29/2000,SPI,IL,AGL,CE,Towers with Radar,0,30,35,1,66,0,2,155,1,158,0,32,190,2,224,73,0,73,297
04/30/2000,SPI,IL,AGL,CE,Towers with Radar,0,31,37,1,69,0,2,160,1,163,0,33,197,2,232,93,0,93,325
05/01/2000,SPI,IL,AGL,CE,Towers with Radar,0,46,65,8,119,0,3,22,2,27,0,49,87,10,146,94,4,98,244
05/02/2000,SPI,IL,AGL,CE,Towers with Radar,0,42,70,5,117,0,0,65,0,65,0,42,135,5,182,96,26,122,304
05/03/2000,SPI,IL,AGL,CE,Towers with Radar,0,40,69,11,120,0,13,58,2,73,0,53,127,13,193,113,4,117,310
05/04/2000,SPI,IL,AGL,CE,Towers with Radar,0,24,34,2,60,0,0,18,0,18,0,24,52,2,78,41,8,49,127
05/05/2000,SPI,IL,AGL,CE,Towers with Radar,0,44,54,23,121,0,6,66,0,72,0,50,120,23,193,51,16,67,260
05/06/2000,SPI,IL,AGL,CE,Towers with Radar,0,27,32,8,67,0,6,44,2,52,0,33,76,10,119,72,0,72,191
05/07/2000,SPI,IL,AGL,CE,Towers with Radar,0,29,25,12,66,0,2,21,0,23,0,31,46,12,89,48,7,55,144
05/08/2000,SPI,IL,AGL,CE,Towers with Radar,0,42,56,10,108,0,6,29,2,37,0,48,85,12,145,10,0,10,155
05/09/2000,SPI,IL,AGL,CE,Towers with Radar,0,45,56,14,115,0,4,9,1,14,0,49,65,15,129,7,0,7,136
05/10/2000,SPI,IL,AGL,CE,Towers with Radar,0,43,66,10,119,0,11,73,1,85,0,54,139,11,204,59,16,75,279
05/11/2000,SPI,IL,AGL,CE,Towers with Radar,0,46,61,0,107,0,3,35,0,38,0,49,96,0,145,8,0,8,153
05/12/2000,SPI,IL,AGL,CE,Towers with Radar,0,39,54,1,94,0,0,33,1,34,0,39,87,2,128,38,0,38,166
05/13/2000,SPI,IL,AGL,CE,Towers with Radar,0,26,19,3,48,0,0,27,1,28,0,26,46,4,76,66,0,66,142
05/14/2000,SPI,IL,AGL,CE,Towers with Radar,0,28,17,0,45,0,1,61,0,62,0,29,78,0,107,18,0,18,125
05/15/2000,SPI,IL,AGL,CE,Towers with Radar,2,40,43,7,92,0,3,69,2,74,2,43,112,9,166,62,20,82,248
05/16/2000,SPI,IL,AGL,CE,Towers with Radar,0,42,57,6,105,0,3,45,3,51,0,45,102,9,156,29,1,30,186
05/17/2000,SPI,IL,AGL,CE,Towers with Radar,0,42,75,11,128,0,0,14,13,27,0,42,89,24,155,81,6,87,242
05/18/2000,SPI,IL,AGL,CE,Towers with Radar,2,36,64,7,109,0,2,26,2,30,2,38,90,9,139,24,4,28,167
05/19/2000,SPI,IL,AGL,CE,Towers with Radar,0,40,95,5,140,0,3,25,2,30,0,43,120,7,170,51,0,51,221
05/20/2000,SPI,IL,AGL,CE,Towers with Radar,0,28,46,4,78,0,2,72,0,74,0,30,118,4,152,120,0,120,272
05/21/2000,SPI,IL,AGL,CE,Towers with Radar,0,30,39,0,69,0,0,80,0,80,0,30,119,0,149,93,0,93,242
05/22/2000,SPI,IL,AGL,CE,Towers with Radar,4,48,70,12,134,0,0,62,0,62,4,48,132,12,196,52,18,70,266
05/23/2000,SPI,IL,AGL,CE,Towers with Radar,0,45,66,12,123,0,4,50,0,54,0,49,116,12,177,106,12,118,295
05/24/2000,SPI,IL,AGL,CE,Towers with Radar,0,50,67,7,124,0,0,90,1,91,0,50,157,8,215,42,8,50,265
05/25/2000,SPI,IL,AGL,CE,Towers with Radar,0,52,68,22,142,0,3,76,3,82,0,55,144,25,224,55,21,76,300
05/26/2000,SPI,IL,AGL,CE,Towers with Radar,1,34,51,4,90,0,0,13,0,13,1,34,64,4,103,4,0,4,107
05/27/2000,SPI,IL,AGL,CE,Towers with Radar,0,25,23,0,48,0,0,5,0,5,0,25,28,0,53,48,0,48,101
05/28/2000,SPI,IL,AGL,CE,Towers with Radar,0,25,26,0,51,0,0,12,0,12,0,25,38,0,63,18,0,18,81
05/29/2000,SPI,IL,AGL,CE,Towers with Radar,0,20,32,0,52,0,1,14,0,15,0,21,46,0,67,21,0,21,88
05/30/2000,SPI,IL,AGL,CE,Towers with Radar,0,44,77,9,130,0,2,77,1,80,0,46,154,10,210,70,12,82,292
05/31/2000,SPI,IL,AGL,CE,Towers with Radar,0,33,71,3,107,0,1,40,0,41,0,34,111,3,148,59,4,63,211
06/01/2000,SPI,IL,AGL,CE,Towers with Radar,0,42,39,10,91,0,5,73,4,82,0,47,112,14,173,57,9,66,239
06/02/2000,SPI,IL,AGL,CE,Towers with Radar,0,36,51,10,97,0,3,61,10,74,0,39,112,20,171,89,13,102,273
06/03/2000,SPI,IL,AGL,CE,Towers with Radar,0,24,22,14,60,0,1,89,0,90,0,25,111,14,150,123,10,133,283
06/04/2000,SPI,IL,AGL,CE,Towers with Radar,0,23,27,1,51,0,1,25,1,27,0,24,52,2,78,41,8,49,127
06/05/2000,SPI,IL,AGL,CE,Towers with Radar,0,37,70,11,118,0,0,9,0,9,0,37,79,11,127,79,0,79,206
06/06/2000,SPI,IL,AGL,CE,Towers with Radar,0,39,63,9,111,0,0,75,0,75,0,39,138,9,186,108,11,119,305
06/07/2000,SPI,IL,AGL,CE,Towers with Radar,1,43,66,7,117,0,2,67,0,69,1,45,133,7,186,61,8,69,255
06/08/2000,SPI,IL,AGL,CE,Towers with Radar,0,42,69,8,119,0,1,86,7,94,0,43,155,15,213,17,2,19,232
06/09/2000,SPI,IL,AGL,CE,Towers with Radar,0,38,53,6,97,0,1,88,2,91,0,39,141,8,188,89,20,109,297
06/10/2000,SPI,IL,AGL,CE,Towers with Radar,0,24,22,1,47,0,1,57,1,59,0,25,79,2,106,80,0,80,186
06/11/2000,SPI,IL,AGL,CE,Towers with Radar,2,24,27,0,53,0,2,4,0,6,2,26,31,0,59,5,0,5,64
06/12/2000,SPI,IL,AGL,CE,Towers with Radar,0,34,64,9,107,9,0,16,4,29,9,34,80,13,136,48,4,52,188
06/13/2000,SPI,IL,AGL,CE,Towers with Radar,0,31,91,8,130,0,4,60,7,71,0,35,151,15,201,110,46,156,357
06/14/2000,SPI,IL,AGL,CE,Towers with Radar,0,39,74,12,125,0,0,26,4,30,0,39,100,16,155,19,5,24,179
06/15/2000,SPI,IL,AGL,CE,Towers with Radar,0,40,88,17,145,0,0,105,2,107,0,40,193,19,252,117,6,123,375
06/16/2000,SPI,IL,AGL,CE,Towers with Radar,0,34,68,13,115,0,1,41,3,45,0,35,109,16,160,56,11,67,227
06/17/2000,SPI,IL,AGL,CE,Towers with Radar,0,27,39,0,66,0,2,66,0,68,0,29,105,0,134,100,0,100,234
06/18/2000,SPI,IL,AGL,CE,Towers with Radar,0,21,18,0,39,0,1,55,0,56,0,22,73,0,95,70,0,70,165
06/19/2000,SPI,IL,AGL,CE,Towers with Radar,0,38,60,0,98,0,14,69,0,83,0,52,129,0,181,55,18,73,254
06/20/2000,SPI,IL,AGL,CE,Towers with Radar,0,28,36,3,67,2,5,14,5,26,2,33,50,8,93,48,0,48,141
06/21/2000,SPI,IL,AGL,CE,Towers with Radar,0,39,95,9,143,0,3,47,0,50,0,42,142,9,193,87,2,89,282
06/22/2000,SPI,IL,AGL,CE,Towers with Radar,2,38,72,13,125,0,3,85,3,91,2,41,157,16,216,75,14,89,305
06/23/2000,SPI,IL,AGL,CE,Towers with Radar,0,43,62,11,116,0,0,57,3,60,0,43,119,14,176,78,18,96,272
06/24/2000,SPI,IL,AGL,CE,Towers with Radar,0,18,19,5,42,0,3,14,1,18,0,21,33,6,60,6,0,6,66
06/25/2000,SPI,IL,AGL,CE,Towers with Radar,0,20,35,11,66,0,0,52,11,63,0,20,87,22,129,64,12,76,205
06/26/2000,SPI,IL,AGL,CE,Towers with Radar,0,40,66,12,118,0,6,7,0,13,0,46,73,12,131,40,2,42,173
06/27/2000,SPI,IL,AGL,CE,Towers with Radar,2,42,66,7,117,0,2,99,1,102,2,44,165,8,219,93,8,101,320
06/28/2000,SPI,IL,AGL,CE,Towers with Radar,0,45,69,20,134,0,5,67,2,74,0,50,136,22,208,52,25,77,285
06/29/2000,SPI,IL,AGL,CE,Towers with Radar,0,42,59,5,106,0,3,61,0,64,0,45,120,5,170,44,1,45,215
06/30/2000,SPI,IL,AGL,CE,Towers with Radar,0,38,58,2,98,0,3,72,0,75,0,41,130,2,173,49,0,49,222
07/01/2000,SPI,IL,AGL,CE,Towers with Radar,0,20,9,0,29,0,0,58,0,58,0,20,67,0,87,32,0,32,119
07/02/2000,SPI,IL,AGL,CE,Towers with Radar,0,17,6,0,23,0,2,35,0,37,0,19,41,0,60,39,0,39,99
07/03/2000,SPI,IL,AGL,CE,Towers with Radar,0,20,35,2,57,0,0,57,1,58,0,20,92,3,115,121,0,121,236
07/04/2000,SPI,IL,AGL,CE,Towers with Radar,0,12,14,0,26,0,2,25,0,27,0,14,39,0,53,40,0,40,93
07/05/2000,SPI,IL,AGL,CE,Towers with Radar,0,36,48,2,86,0,0,14,0,14,0,36,62,2,100,39,0,39,139
07/06/2000,SPI,IL,AGL,CE,Towers with Radar,0,32,66,9,107,0,0,38,0,38,0,32,104,9,145,54,0,54,199
07/07/2000,SPI,IL,AGL,CE,Towers with Radar,0,34,60,0,94,0,8,56,0,64,0,42,116,0,158,6,0,6,164
07/08/2000,SPI,IL,AGL,CE,Towers with Radar,0,19,28,0,47,0,5,67,0,72,0,24,95,0,119,36,0,36,155
07/09/2000,SPI,IL,AGL,CE,Towers with Radar,0,19,30,3,52,0,1,31,1,33,0,20,61,4,85,8,3,11,96
07/10/2000,SPI,IL,AGL,CE,Towers with Radar,0,34,57,15,106,0,4,48,4,56,0,38,105,19,162,60,0,60,222
07/11/2000,SPI,IL,AGL,CE,Towers with Radar,0,36,68,0,104,0,2,15,0,17,0,38,83,0,121,121,0,121,242
07/12/2000,SPI,IL,AGL,CE,Towers with Radar,2,32,105,5,144,0,0,19,0,19,2,32,124,5,163,13,0,13,176
07/13/2000,SPI,IL,AGL,CE,Towers with Radar,0,2,81,16,99,0,0,52,0,52,0,2,133,16,151,33,11,44,195
07/14/2000,SPI,IL,AGL,CE,Towers with Radar,0,36,61,7,104,0,7,93,3,103,0,43,154,10,207,67,15,82,289
07/15/2000,SPI,IL,AGL,CE,Towers with Radar,2,12,35,9,58,0,4,62,1,67,2,16,97,10,125,61,4,65,190
07/16/2000,SPI,IL,AGL,CE,Towers with Radar,0,19,10,9,38,0,1,68,4,73,0,20,78,13,111,16,15,31,142
07/17/2000,SPI,IL,AGL,CE,Towers with Radar,0,31,51,2,84,0,4,54,0,58,0,35,105,2,142,73,12,85,227
07/18/2000,SPI,IL,AGL,CE,Towers with Radar,2,39,72,10,123,0,9,49,2,60,2,48,121,12,183,47,18,65,248
07/19/2000,SPI,IL,AGL,CE,Towers with Radar,0,40,72,14,126,1,2,48,1,52,1,42,120,15,178,38,18,56,234
07/20/2000,SPI,IL,AGL,CE,Towers with Radar,0,42,67,11,120,0,13,55,7,75,0,55,122,18,195,71,20,91,286
07/21/2000,SPI,IL,AGL,CE,Towers with Radar,0,38,64,11,113,0,4,65,5,74,0,42,129,16,187,44,10,54,241
07/22/2000,SPI,IL,AGL,CE,Towers with Radar,0,18,25,2,45,0,4,82,0,86,0,22,107,2,131,109,0,109,240
07/23/2000,SPI,IL,AGL,CE,Towers with Radar,0,16,23,0,39,0,1,85,0,86,0,17,108,0,125,72,0,72,197
07/24/2000,SPI,IL,AGL,CE,Towers with Radar,0,41,59,8,108,0,3,80,1,84,0,44,139,9,192,66,8,74,266
07/25/2000,SPI,IL,AGL,CE,Towers with Radar,0,41,59,35,135,0,5,68,2,75,0,46,127,37,210,67,33,100,310
07/26/2000,SPI,IL,AGL,CE,Towers with Radar,0,26,42,3,71,0,12,72,6,90,0,38,114,9,161,39,6,45,206
07/27/2000,SPI,IL,AGL,CE,Towers with Radar,0,39,59,9,107,0,2,76,4,82,0,41,135,13,189,67,14,81,270
07/28/2000,SPI,IL,AGL,CE,Towers with Radar,0,26,78,5,109,0,1,38,0,39,0,27,116,5,148,38,0,38,186
07/29/2000,SPI,IL,AGL,CE,Towers with Radar,0,19,25,2,46,0,3,14,2,19,0,22,39,4,65,40,0,40,105
07/30/2000,SPI,IL,AGL,CE,Towers with Radar,0,19,32,0,51,0,3,9,0,12,0,22,41,0,63,32,0,32,95
07/31/2000,SPI,IL,AGL,CE,Towers with Radar,0,33,56,7,96,0,3,20,1,24,0,36,76,8,120,36,20,56,176
08/01/2000,SPI,IL,AGL,CE,Towers with Radar,0,37,60,8,105,0,5,80,1,86,0,42,140,9,191,26,14,40,231
08/02/2000,SPI,IL,AGL,CE,Towers with Radar,0,30,64,9,103,0,5,47,1,53,0,35,111,10,156,40,12,52,208
08/03/2000,SPI,IL,AGL,CE,Towers with Radar,0,37,67,1,105,0,3,35,10,48,0,40,102,11,153,22,18,40,193
08/04/2000,SPI,IL,AGL,CE,Towers with Radar,0,41,71,10,122,0,2,89,0,91,0,43,160,10,213,54,19,73,286
08/05/2000,SPI,IL,AGL,CE,Towers with Radar,0,17,14,7,38,0,1,8,0,9,0,18,22,7,47,0,0,0,47
08/06/2000,SPI,IL,AGL,CE,Towers with Radar,4,18,30,12,64,0,0,19,3,22,4,18,49,15,86,32,24,56,142
08/07/2000,SPI,IL,AGL,CE,Towers with Radar,0,39,59,11,109,0,1,60,1,62,0,40,119,12,171,26,14,40,211
08/08/2000,SPI,IL,AGL,CE,Towers with Radar,0,26,44,6,76,0,16,50,14,80,0,42,94,20,156,40,16,56,212
08/09/2000,SPI,IL,AGL,CE,Towers with Radar,0,37,68,9,114,0,0,60,4,64,0,37,128,13,178,80,2,82,260
08/10/2000,SPI,IL,AGL,CE,Towers with Radar,0,42,67,13,122,0,1,89,1,91,0,43,156,14,213,68,10,78,291
08/11/2000,SPI,IL,AGL,CE,Towers with Radar,0,36,62,0,98,0,7,100,0,107,0,43,162,0,205,158,0,158,363
08/12/2000,SPI,IL,AGL,CE,Towers with Radar,0,21,25,2,48,0,3,84,0,87,0,24,109,2,135,150,0,150,285
08/13/2000,SPI,IL,AGL,CE,Towers with Radar,2,19,41,0,62,0,0,41,0,41,2,19,82,0,103,284,0,284,387
08/14/2000,SPI,IL,AGL,CE,Towers with Radar,0,32,59,14,105,0,2,69,0,71,0,34,128,14,176,150,12,162,338
08/15/2000,SPI,IL,AGL,CE,Towers with Radar,2,38,65,8,113,0,6,78,2,86,2,44,143,10,199,156,10,166,365
08/16/2000,SPI,IL,AGL,CE,Towers with Radar,0,37,67,13,117,0,1,113,3,117,0,38,180,16,234,105,52,157,391
08/17/2000,SPI,IL,AGL,CE,Towers with Radar,2,30,41,14,87,0,0,39,3,42,2,30,80,17,129,64,29,93,222
08/18/2000,SPI,IL,AGL,CE,Towers with Radar,0,32,67,5,104,0,3,62,3,68,0,35,129,8,172,234,0,234,406
08/19/2000,SPI,IL,AGL,CE,Towers with Radar,0,16,20,4,40,0,20,77,2,99,0,36,97,6,139,202,0,202,341
08/20/2000,SPI,IL,AGL,CE,Towers with Radar,0,24,49,6,79,0,0,55,0,55,0,24,104,6,134,234,0,234,368
08/21/2000,SPI,IL,AGL,CE,Towers with Radar,0,38,64,14,116,0,4,60,0,64,0,42,124,14,180,104,40,144,324
08/22/2000,SPI,IL,AGL,CE,Towers with Radar,0,34,66,4,104,0,0,39,2,41,0,34,105,6,145,112,10,122,267
08/23/2000,SPI,IL,AGL,CE,Towers with Radar,0,36,70,10,116,0,3,37,1,41,0,39,107,11,157,61,8,69,226
08/24/2000,SPI,IL,AGL,CE,Towers with Radar,0,36,65,11,112,0,1,68,3,72,0,37,133,14,184,37,3,40,224
08/25/2000,SPI,IL,AGL,CE,Towers with Radar,0,34,56,4,94,0,0,87,0,87,0,34,143,4,181,18,4,22,203
08/26/2000,SPI,IL,AGL,CE,Towers with Radar,0,19,16,4,39,0,0,21,0,21,0,19,37,4,60,44,0,44,104
08/27/2000,SPI,IL,AGL,CE,Towers with Radar,0,20,42,3,65,0,0,40,0,40,0,20,82,3,105,36,0,36,141
08/28/2000,SPI,IL,AGL,CE,Towers with Radar,0,31,59,7,97,0,0,37,1,38,0,31,96,8,135,66,8,74,209
08/29/2000,SPI,IL,AGL,CE,Towers with Radar,0,33,72,9,114,0,4,66,4,74,0,37,138,13,188,78,19,97,285
08/30/2000,SPI,IL,AGL,CE,Towers with Radar,1,33,87,6,127,0,0,20,0,20,1,33,107,6,147,7,8,15,162
08/31/2000,SPI,IL,AGL,CE,Towers with Radar,0,32,54,5,91,0,4,71,1,76,0,36,125,6,167,34,10,44,211
09/01/2000,SPI,IL,AGL,CE,Towers with Radar,0,34,63,0,97,0,5,49,0,54,0,39,112,0,151,28,0,28,179
09/02/2000,SPI,IL,AGL,CE,Towers with Radar,0,15,28,2,45,0,0,42,0,42,0,15,70,2,87,91,0,91,178
09/03/2000,SPI,IL,AGL,CE,Towers with Radar,0,10,20,0,30,0,1,49,0,50,0,11,69,0,80,59,0,59,139
09/04/2000,SPI,IL,AGL,CE,Towers with Radar,0,16,41,0,57,0,0,12,0,12,0,16,53,0,69,72,0,72,141
09/05/2000,SPI,IL,AGL,CE,Towers with Radar,0,25,58,5,88,0,0,58,4,62,0,25,116,9,150,72,6,78,228
09/06/2000,SPI,IL,AGL,CE,Towers with Radar,0,35,70,12,117,0,1,86,1,88,0,36,156,13,205,61,25,86,291
09/07/2000,SPI,IL,AGL,CE,Towers with Radar,0,34,63,4,101,0,2,69,3,74,0,36,132,7,175,47,12,59,234
09/08/2000,SPI,IL,AGL,CE,Towers with Radar,0,37,63,8,108,0,1,51,5,57,0,38,114,13,165,22,30,52,217
09/09/2000,SPI,IL,AGL,CE,Towers with Radar,0,16,41,17,74,0,4,31,1,36,0,20,72,18,110,38,7,45,155
09/10/2000,SPI,IL,AGL,CE,Towers with Radar,2,19,42,17,80,0,1,27,3,31,2,20,69,20,111,59,26,85,196
09/11/2000,SPI,IL,AGL,CE,Towers with Radar,0,22,67,8,97,0,7,71,0,78,0,29,138,8,175,53,0,53,228
09/12/2000,SPI,IL,AGL,CE,Towers with Radar,0,35,77,8,120,0,2,43,0,45,0,37,120,8,165,73,2,75,240
09/13/2000,SPI,IL,AGL,CE,Towers with Radar,2,38,65,9,114,0,0,95,6,101,2,38,160,15,215,112,5,117,332
09/14/2000,SPI,IL,AGL,CE,Towers with Radar,0,35,66,7,108,0,4,35,3,42,0,39,101,10,150,10,8,18,168
09/15/2000,SPI,IL,AGL,CE,Towers with Radar,0,41,33,3,77,0,4,88,1,93,0,45,121,4,170,56,7,63,233
09/16/2000,SPI,IL,AGL,CE,Towers with Radar,0,18,29,0,47,0,2,33,1,36,0,20,62,1,83,71,0,71,154
09/17/2000,SPI,IL,AGL,CE,Towers with Radar,0,18,31,0,49,0,1,50,0,51,0,19,81,0,100,16,0,16,116
09/18/2000,SPI,IL,AGL,CE,Towers with Radar,0,23,41,4,68,0,10,65,6,81,0,33,106,10,149,64,14,78,227
09/19/2000,SPI,IL,AGL,CE,Towers with Radar,0,37,78,7,122,0,3,80,3,86,0,40,158,10,208,66,2,68,276
09/20/2000,SPI,IL,AGL,CE,Towers with Radar,0,32,75,13,120,0,12,11,0,23,0,44,86,13,143,8,0,8,151
09/21/2000,SPI,IL,AGL,CE,Towers with Radar,0,43,59,4,106,0,1,114,16,131,0,44,173,20,237,93,16,109,346
09/22/2000,SPI,IL,AGL,CE,Towers with Radar,0,31,63,9,103,0,0,42,1,43,0,31,105,10,146,36,4,40,186
09/23/2000,SPI,IL,AGL,CE,Towers with Radar,0,19,27,0,46,0,0,20,0,20,0,19,47,0,66,24,0,24,90
09/24/2000,SPI,IL,AGL,CE,Towers with Radar,0,18,52,2,72,0,0,13,0,13,0,18,65,2,85,12,0,12,97
09/25/2000,SPI,IL,AGL,CE,Towers with Radar,0,40,53,1,94,0,1,13,1,15,0,41,66,2,109,10,0,10,119
09/26/2000,SPI,IL,AGL,CE,Towers with Radar,0,42,58,0,100,0,1,112,3,116,0,43,170,3,216,36,0,36,252
09/27/2000,SPI,IL,AGL,CE,Towers with Radar,0,41,71,2,114,0,0,190,0,190,0,41,261,2,304,66,0,66,370
09/28/2000,SPI,IL,AGL,CE,Towers with Radar,0,42,74,8,124,0,5,179,4,188,0,47,253,12,312,64,12,76,388
09/29/2000,SPI,IL,AGL,CE,Towers with Radar,2,36,36,11,85,0,7,80,4,91,2,43,116,15,176,49,5,54,230
09/30/2000,SPI,IL,AGL,CE,Towers with Radar,0,19,13,1,33,0,10,55,1,66,0,29,68,2,99,78,0,78,177
10/01/2000,SPI,IL,AGL,CE,Towers with Radar,0,12,17,7,36,0,4,59,0,63,0,16,76,7,99,22,6,28,127
10/02/2000,SPI,IL,AGL,CE,Towers with Radar,2,34,54,14,104,0,1,60,0,61,2,35,114,14,165,41,4,45,210
10/03/2000,SPI,IL,AGL,CE,Towers with Radar,0,34,50,13,97,0,5,92,0,97,0,39,142,13,194,30,4,34,228
10/04/2000,SPI,IL,AGL,CE,Towers with Radar,2,35,77,3,117,0,0,10,1,11,2,35,87,4,128,14,0,14,142
10/05/2000,SPI,IL,AGL,CE,Towers with Radar,0,30,65,0,95,0,0,0,1,1,0,30,65,1,96,1,0,1,97
10/06/2000,SPI,IL,AGL,CE,Towers with Radar,0,34,80,1,115,0,1,45,0,46,0,35,125,1,161,19,0,19,180
10/07/2000,SPI,IL,AGL,CE,Towers with Radar,0,19,17,0,36,0,0,55,0,55,0,19,72,0,91,36,0,36,127
10/08/2000,SPI,IL,AGL,CE,Towers with Radar,0,15,32,0,47,0,0,61,0,61,0,15,93,0,108,20,0,20,128
10/09/2000,SPI,IL,AGL,CE,Towers with Radar,0,23,42,0,65,0,13,68,0,81,0,36,110,0,146,55,0,55,201
10/10/2000,SPI,IL,AGL,CE,Towers with Radar,0,39,53,7,99,0,3,78,4,85,0,42,131,11,184,52,0,52,236
10/11/2000,SPI,IL,AGL,CE,Towers with Radar,0,31,58,6,95,0,8,98,5,111,0,39,156,11,206,82,4,86,292
10/12/2000,SPI,IL,AGL,CE,Towers with Radar,0,42,74,11,127,0,10,75,4,89,0,52,149,15,216,57,3,60,276
10/13/2000,SPI,IL,AGL,CE,Towers with Radar,0,33,61,7,101,0,13,50,2,65,0,46,111,9,166,39,8,47,213
10/14/2000,SPI,IL,AGL,CE,Towers with Radar,0,20,39,4,63,0,0,62,15,77,0,20,101,19,140,3,2,5,145
10/15/2000,SPI,IL,AGL,CE,Towers with Radar,0,19,26,17,62,0,3,22,1,26,0,22,48,18,88,15,5,20,108
10/16/2000,SPI,IL,AGL,CE,Towers with Radar,0,39,57,0,96,0,2,0,0,2,0,41,57,0,98,11,0,11,109
10/17/2000,SPI,IL,AGL,CE,Towers with Radar,0,28,87,6,121,0,0,12,1,13,0,28,99,7,134,28,6,34,168
10/18/2000,SPI,IL,AGL,CE,Towers with Radar,0,45,97,12,154,0,2,51,5,58,0,47,148,17,212,38,4,42,254
10/19/2000,SPI,IL,AGL,CE,Towers with Radar,0,40,74,15,129,0,1,85,0,86,0,41,159,15,215,142,14,156,371
10/20/2000,SPI,IL,AGL,CE,Towers with Radar,0,33,69,0,102,0,5,75,0,80,0,38,144,0,182,61,0,61,243
10/21/2000,SPI,IL,AGL,CE,Towers with Radar,0,18,35,0,53,0,2,82,0,84,0,20,117,0,137,53,0,53,190
10/22/2000,SPI,IL,AGL,CE,Towers with Radar,0,18,41,0,59,0,0,0,0,0,0,18,41,0,59,2,0,2,61
10/23/2000,SPI,IL,AGL,CE,Towers with Radar,0,40,82,7,129,0,1,46,2,49,0,41,128,9,178,62,4,66,244
10/24/2000,SPI,IL,AGL,CE,Towers with Radar,0,36,86,0,122,0,0,17,0,17,0,36,103,0,139,49,4,53,192
10/25/2000,SPI,IL,AGL,CE,Towers with Radar,2,35,78,13,128,0,2,23,5,30,2,37,101,18,158,33,26,59,217
10/26/2000,SPI,IL,AGL,CE,Towers with Radar,0,41,77,8,126,0,1,40,0,41,0,42,117,8,167,57,4,61,228
10/27/2000,SPI,IL,AGL,CE,Towers with Radar,0,40,84,0,124,0,0,75,0,75,0,40,159,0,199,41,0,41,240
10/28/2000,SPI,IL,AGL,CE,Towers with Radar,0,16,39,0,55,0,8,12,0,20,0,24,51,0,75,60,0,60,135
10/29/2000,SPI,IL,AGL,CE,Towers with Radar,0,24,26,12,62,0,1,61,0,62,0,25,87,12,124,39,0,39,163
10/30/2000,SPI,IL,AGL,CE,Towers with Radar,0,32,60,5,97,0,0,57,3,60,0,32,117,8,157,99,0,99,256
10/31/2000,SPI,IL,AGL,CE,Towers with Radar,0,37,52,8,97,0,2,53,5,60,0,39,105,13,157,96,0,96,253
11/01/2000,SPI,IL,AGL,CE,Towers with Radar,0,36,84,6,126,0,15,80,1,96,0,51,164,7,222,136,8,144,366
11/02/2000,SPI,IL,AGL,CE,Towers with Radar,0,34,56,11,101,0,5,42,2,49,0,39,98,13,150,78,8,86,236
11/03/2000,SPI,IL,AGL,CE,Towers with Radar,0,36,52,9,97,0,1,85,4,90,0,37,137,13,187,71,10,81,268
11/04/2000,SPI,IL,AGL,CE,Towers with Radar,0,16,29,5,50,0,0,78,8,86,0,16,107,13,136,52,28,80,216
11/05/2000,SPI,IL,AGL,CE,Towers with Radar,0,21,23,9,53,0,0,75,0,75,0,21,98,9,128,17,2,19,147
11/06/2000,SPI,IL,AGL,CE,Towers with Radar,0,32,46,0,78,0,4,5,0,9,0,36,51,0,87,0,0,0,87
11/07/2000,SPI,IL,AGL,CE,Towers with Radar,0,30,51,14,95,0,2,26,2,30,0,32,77,16,125,50,8,58,183
11/08/2000,SPI,IL,AGL,CE,Towers with Radar,0,38,55,0,93,0,1,50,0,51,0,39,105,0,144,74,8,82,226
11/09/2000,SPI,IL,AGL,CE,Towers with Radar,0,23,44,3,70,0,0,1,1,2,0,23,45,4,72,16,0,16,88
11/10/2000,SPI,IL,AGL,CE,Towers with Radar,0,30,62,0,92,0,0,14,0,14,0,30,76,0,106,17,0,17,123
11/11/2000,SPI,IL,AGL,CE,Towers with Radar,0,19,39,0,58,0,0,36,0,36,0,19,75,0,94,23,0,23,117
11/12/2000,SPI,IL,AGL,CE,Towers with Radar,0,22,27,0,49,0,0,21,1,22,0,22,48,1,71,27,0,27,98
11/13/2000,SPI,IL,AGL,CE,Towers with Radar,0,31,69,13,113,0,3,18,2,23,0,34,87,15,136,18,1,19,155
11/14/2000,SPI,IL,AGL,CE,Towers with Radar,0,37,52,14,103,0,1,21,2,24,0,38,73,16,127,48,4,52,179
11/15/2000,SPI,IL,AGL,CE,Towers with Radar,0,40,59,10,109,0,10,85,8,103,0,50,144,18,212,35,15,50,262
11/16/2000,SPI,IL,AGL,CE,Towers with Radar,0,37,55,10,102,0,2,21,4,27,0,39,76,14,129,4,2,6,135
11/17/2000,SPI,IL,AGL,CE,Towers with Radar,0,35,67,2,104,0,1,60,1,62,0,36,127,3,166,21,0,21,187
11/18/2000,SPI,IL,AGL,CE,Towers with Radar,0,14,12,0,26,0,0,41,0,41,0,14,53,0,67,48,0,48,115
11/19/2000,SPI,IL,AGL,CE,Towers with Radar,0,13,18,0,31,0,5,33,0,38,0,18,51,0,69,31,0,31,100
11/20/2000,SPI,IL,AGL,CE,Towers with Radar,0,30,43,7,80,0,8,45,4,57,0,38,88,11,137,2,0,2,139
11/21/2000,SPI,IL,AGL,CE,Towers with Radar,0,34,50,22,106,0,5,53,8,66,0,39,103,30,172,96,28,124,296
11/22/2000,SPI,IL,AGL,CE,Towers with Radar,0,39,57,9,105,0,6,85,2,93,0,45,142,11,198,94,4,98,296
11/23/2000,SPI,IL,AGL,CE,Towers with Radar,0,16,23,0,39,0,0,11,0,11,0,16,34,0,50,29,0,29,79
11/24/2000,SPI,IL,AGL,CE,Towers with Radar,0,17,16,0,33,0,1,73,0,74,0,18,89,0,107,57,0,57,164
11/25/2000,SPI,IL,AGL,CE,Towers with Radar,0,12,9,0,21,0,0,0,0,0,0,12,9,0,21,0,0,0,21
11/26/2000,SPI,IL,AGL,CE,Towers with Radar,0,22,36,2,60,0,0,11,0,11,0,22,47,2,71,62,0,62,133
11/27/2000,SPI,IL,AGL,CE,Towers with Radar,0,42,57,7,106,0,1,7,0,8,0,43,64,7,114,0,0,0,114
11/28/2000,SPI,IL,AGL,CE,Towers with Radar,0,36,58,9,103,0,0,56,9,65,0,36,114,18,168,44,0,44,212
11/29/2000,SPI,IL,AGL,CE,Towers with Radar,0,33,50,8,91,0,4,32,4,40,0,37,82,12,131,26,0,26,157
11/30/2000,SPI,IL,AGL,CE,Towers with Radar,0,38,58,10,106,0,0,36,0,36,0,38,94,10,142,53,4,57,199
12/01/2000,SPI,IL,AGL,CE,Towers with Radar,0,28,42,0,70,0,0,0,0,0,0,28,42,0,70,0,0,0,70
12/02/2000,SPI,IL,AGL,CE,Towers with Radar,0,14,12,0,26,0,0,22,0,22,0,14,34,0,48,74,0,74,122
12/03/2000,SPI,IL,AGL,CE,Towers with Radar,0,18,24,0,42,0,0,49,0,49,0,18,73,0,91,52,14,66,157
12/04/2000,SPI,IL,AGL,CE,Towers with Radar,0,34,62,5,101,0,5,43,3,51,0,39,105,8,152,31,9,40,192
12/05/2000,SPI,IL,AGL,CE,Towers with Radar,0,31,62,7,100,0,0,56,3,59,0,31,118,10,159,65,10,75,234
12/06/2000,SPI,IL,AGL,CE,Towers with Radar,0,41,52,13,106,0,1,20,1,22,0,42,72,14,128,30,6,36,164
12/07/2000,SPI,IL,AGL,CE,Towers with Radar,0,28,54,7,89,0,0,39,1,40,0,28,93,8,129,90,14,104,233
12/08/2000,SPI,IL,AGL,CE,Towers with Radar,0,35,58,12,105,0,2,43,1,46,0,37,101,13,151,26,0,26,177
12/09/2000,SPI,IL,AGL,CE,Towers with Radar,0,17,32,9,58,0,0,52,1,53,0,17,84,10,111,71,16,87,198
12/10/2000,SPI,IL,AGL,CE,Towers with Radar,0,22,26,4,52,0,3,14,0,17,0,25,40,4,69,23,0,23,92
12/11/2000,SPI,IL,AGL,CE,Towers with Radar,0,19,23,0,42,0,0,0,0,0,0,19,23,0,42,0,0,0,42
12/12/2000,SPI,IL,AGL,CE,Towers with Radar,2,22,34,0,58,0,1,25,0,26,2,23,59,0,84,2,0,2,86
12/13/2000,SPI,IL,AGL,CE,Towers with Radar,0,17,36,0,53,0,0,0,0,0,0,17,36,0,53,0,0,0,53
12/14/2000,SPI,IL,AGL,CE,Towers with Radar,0,24,61,7,92,0,0,8,1,9,0,24,69,8,101,64,4,68,169
12/15/2000,SPI,IL,AGL,CE,Towers with Radar,0,13,24,0,37,0,0,10,0,10,0,13,34,0,47,0,0,0,47
12/16/2000,SPI,IL,AGL,CE,Towers with Radar,0,12,9,0,21,0,0,0,0,0,0,12,9,0,21,0,0,0,21
12/17/2000,SPI,IL,AGL,CE,Towers with Radar,0,19,16,1,36,0,3,7,0,10,0,22,23,1,46,12,0,12,58
12/18/2000,SPI,IL,AGL,CE,Towers with Radar,0,28,50,6,84,0,0,6,1,7,0,28,56,7,91,5,0,5,96
12/19/2000,SPI,IL,AGL,CE,Towers with Radar,0,34,46,4,84,0,3,34,2,39,0,37,80,6,123,12,8,20,143
12/20/2000,SPI,IL,AGL,CE,Towers with Radar,0,31,50,11,92,0,2,22,0,24,0,33,72,11,116,22,30,52,168
12/21/2000,SPI,IL,AGL,CE,Towers with Radar,0,27,35,8,70,0,0,15,0,15,0,27,50,8,85,8,15,23,108
12/22/2000,SPI,IL,AGL,CE,Towers with Radar,0,32,33,2,67,0,6,33,0,39,0,38,66,2,106,89,18,107,213
12/23/2000,SPI,IL,AGL,CE,Towers with Radar,0,12,17,0,29,0,2,20,0,22,0,14,37,0,51,38,0,38,89
12/24/2000,SPI,IL,AGL,CE,Towers with Radar,0,10,15,0,25,0,4,22,0,26,0,14,37,0,51,20,0,20,71
12/25/2000,SPI,IL,AGL,CE,Towers with Radar,0,9,14,0,23,0,8,1,0,9,0,17,15,0,32,1,0,1,33
12/26/2000,SPI,IL,AGL,CE,Towers with Radar,0,14,28,0,42,0,0,14,0,14,0,14,42,0,56,23,0,23,79
12/27/2000,SPI,IL,AGL,CE,Towers with Radar,0,21,58,6,85,0,8,32,0,40,0,29,90,6,125,25,12,37,162
12/28/2000,SPI,IL,AGL,CE,Towers with Radar,0,27,42,3,72,0,0,25,0,25,0,27,67,3,97,54,0,54,151
12/29/2000,SPI,IL,AGL,CE,Towers with Radar,0,16,27,1,44,0,0,0,0,0,0,16,27,1,44,0,0,0,44
12/30/2000,SPI,IL,AGL,CE,Towers with Radar,0,14,17,2,33,0,0,7,0,7,0,14,24,2,40,2,0,2,42
12/31/2000,SPI,IL,AGL,CE,Towers with Radar,0,10,11,0,21,0,2,4,0,6,0,12,15,0,27,19,0,19,46
01/01/2001,SPI,IL,AGL,CE,Towers with Radar,0,10,1,0,11,0,0,13,0,13,0,10,14,0,24,3,0,3,27
01/02/2001,SPI,IL,AGL,CE,Towers with Radar,0,37,48,3,88,0,5,33,0,38,0,42,81,3,126,36,0,36,162
01/03/2001,SPI,IL,AGL,CE,Towers with Radar,0,43,45,8,96,0,2,26,1,29,0,45,71,9,125,18,14,32,157
01/04/2001,SPI,IL,AGL,CE,Towers with Radar,0,28,45,0,73,0,0,3,0,3,0,28,48,0,76,2,0,2,78
01/05/2001,SPI,IL,AGL,CE,Towers with Radar,0,35,52,10,97,0,0,57,0,57,0,35,109,10,154,60,21,81,235
01/06/2001,SPI,IL,AGL,CE,Towers with Radar,0,13,13,6,32,0,0,54,2,56,0,13,67,8,88,45,10,55,143
01/07/2001,SPI,IL,AGL,CE,Towers with Radar,0,20,20,11,51,0,1,21,2,24,0,21,41,13,75,81,20,101,176
01/08/2001,SPI,IL,AGL,CE,Towers with Radar,0,40,61,10,111,0,3,24,0,27,0,43,85,10,138,73,0,73,211
01/09/2001,SPI,IL,AGL,CE,Towers with Radar,0,32,58,5,95,0,6,58,4,68,0,38,116,9,163,92,12,104,267
01/10/2001,SPI,IL,AGL,CE,Towers with Radar,0,39,80,9,128,0,4,358,3,365,0,43,438,12,493,28,10,38,531
01/11/2001,SPI,IL,AGL,CE,Towers with Radar,0,37,69,0,106,0,0,30,0,30,0,37,99,0,136,51,0,51,187
01/12/2001,SPI,IL,AGL,CE,Towers with Radar,0,23,36,3,62,0,0,0,0,0,0,23,36,3,62,0,0,0,62
01/13/2001,SPI,IL,AGL,CE,Towers with Radar,0,11,23,1,35,0,0,0,0,0,0,11,23,1,35,0,0,0,35
01/14/2001,SPI,IL,AGL,CE,Towers with Radar,0,16,13,2,31,0,0,0,0,0,0,16,13,2,31,0,0,0,31
01/15/2001,SPI,IL,AGL,CE,Towers with Radar,0,20,23,0,43,0,3,0,0,3,0,23,23,0,46,0,0,0,46
01/16/2001,SPI,IL,AGL,CE,Towers with Radar,0,38,40,7,85,0,3,25,0,28,0,41,65,7,113,38,2,40,153
01/17/2001,SPI,IL,AGL,CE,Towers with Radar,0,46,62,10,118,0,3,60,3,66,0,49,122,13,184,94,2,96,280
01/18/2001,SPI,IL,AGL,CE,Towers with Radar,0,37,77,13,127,0,0,63,1,64,0,37,140,14,191,19,3,22,213
01/19/2001,SPI,IL,AGL,CE,Towers with Radar,0,36,49,16,101,0,2,6,0,8,0,38,55,16,109,3,0,3,112
01/20/2001,SPI,IL,AGL,CE,Towers with Radar,0,19,24,2,45,0,2,58,0,60,0,21,82,2,105,99,0,99,204
01/21/2001,SPI,IL,AGL,CE,Towers with Radar,0,17,14,2,33,0,4,56,0,60,0,21,70,2,93,51,0,51,144
01/22/2001,SPI,IL,AGL,CE,Towers with Radar,0,36,33,10,79,0,0,44,1,45,0,36,77,11,124,68,14,82,206
01/23/2001,SPI,IL,AGL,CE,Towers with Radar,0,38,54,10,102,0,2,56,0,58,0,40,110,10,160,20,2,22,182
01/24/2001,SPI,IL,AGL,CE,Towers with Radar,0,37,69,8,114,0,2,43,2,47,0,39,112,10,161,59,6,65,226
01/25/2001,SPI,IL,AGL,CE,Towers with Radar,0,34,62,5,101,0,4,62,1,67,0,38,124,6,168,38,6,44,212
01/26/2001,SPI,IL,AGL,CE,Towers with Radar,0,20,32,0,52,0,0,1,0,1,0,20,33,0,53,2,0,2,55
01/27/2001,SPI,IL,AGL,CE,Towers with Radar,0,14,37,0,51,0,1,27,0,28,0,15,64,0,79,50,0,50,129
01/28/2001,SPI,IL,AGL,CE,Towers with Radar,0,12,10,0,22,0,0,2,0,2,0,12,12,0,24,0,0,0,24
01/29/2001,SPI,IL,AGL,CE,Towers with Radar,0,30,35,2,67,0,0,1,0,1,0,30,36,2,68,0,0,0,68
01/30/2001,SPI,IL,AGL,CE,Towers with Radar,0,28,37,0,65,0,1,23,0,24,0,29,60,0,89,8,0,8,97
01/31/2001,SPI,IL,AGL,CE,Towers with Radar,0,36,54,13,103,0,0,17,0,17,0,36,71,13,120,90,2,92,212
02/01/2001,SPI,IL,AGL,CE,Towers with Radar,0,31,54,9,94,0,2,58,2,62,0,33,112,11,156,124,2,126,282
02/02/2001,SPI,IL,AGL,CE,Towers with Radar,0,34,46,10,90,0,4,52,0,56,0,38,98,10,146,66,10,76,222
02/03/2001,SPI,IL,AGL,CE,Towers with Radar,0,18,33,14,65,0,0,60,0,60,0,18,93,14,125,71,29,100,225
02/04/2001,SPI,IL,AGL,CE,Towers with Radar,0,19,11,11,41,0,1,11,4,16,0,20,22,15,57,39,3,42,99
02/05/2001,SPI,IL,AGL,CE,Towers with Radar,0,42,54,13,109,0,2,12,0,14,0,44,66,13,123,26,3,29,152
02/06/2001,SPI,IL,AGL,CE,Towers with Radar,0,36,68,11,115,0,1,59,1,61,0,37,127,12,176,140,4,144,320
02/07/2001,SPI,IL,AGL,CE,Towers with Radar,0,34,29,9,72,0,0,0,6,6,0,34,29,15,78,142,2,144,222
02/08/2001,SPI,IL,AGL,CE,Towers with Radar,0,39,57,8,104,0,0,20,0,20,0,39,77,8,124,57,8,65,189
02/09/2001,SPI,IL,AGL,CE,Towers with Radar,0,33,36,0,69,0,0,0,0,0,0,33,36,0,69,0,0,0,69
02/10/2001,SPI,IL,AGL,CE,Towers with Radar,0,18,40,0,58,0,0,77,0,77,0,18,117,0,135,116,0,116,251
02/11/2001,SPI,IL,AGL,CE,Towers with Radar,0,20,17,0,37,0,2,75,0,77,0,22,92,0,114,51,0,51,165
02/12/2001,SPI,IL,AGL,CE,Towers with Radar,0,26,37,5,68,0,2,54,1,57,0,28,91,6,125,76,0,76,201
02/13/2001,SPI,IL,AGL,CE,Towers with Radar,0,42,60,15,117,0,1,8,0,9,0,43,68,15,126,41,8,49,175
02/14/2001,SPI,IL,AGL,CE,Towers with Radar,0,28,60,0,88,0,0,0,0,0,0,28,60,0,88,9,0,9,97
02/15/2001,SPI,IL,AGL,CE,Towers with Radar,0,33,68,0,101,0,0,0,3,3,0,33,68,3,104,20,0,20,124
02/16/2001,SPI,IL,AGL,CE,Towers with Radar,0,35,68,0,103,0,0,13,0,13,0,35,81,0,116,29,0,29,145
02/17/2001,SPI,IL,AGL,CE,Towers with Radar,0,25,36,0,61,0,1,71,2,74,0,26,107,2,135,42,4,46,181
02/18/2001,SPI,IL,AGL,CE,Towers with Radar,0,18,27,0,45,0,0,49,0,49,0,18,76,0,94,92,0,92,186
02/19/2001,SPI,IL,AGL,CE,Towers with Radar,0,30,42,0,72,0,2,42,0,44,0,32,84,0,116,91,0,91,207
02/20/2001,SPI,IL,AGL,CE,Towers with Radar,0,39,51,12,102,0,7,60,2,69,0,46,111,14,171,11,6,17,188
02/21/2001,SPI,IL,AGL,CE,Towers with Radar,0,40,52,9,101,0,0,30,3,33,0,40,82,12,134,75,24,99,233
02/22/2001,SPI,IL,AGL,CE,Towers with Radar,0,31,75,11,117,0,2,25,0,27,0,33,100,11,144,73,4,77,221
02/23/2001,SPI,IL,AGL,CE,Towers with Radar,0,40,75,19,134,0,2,39,3,44,0,42,114,22,178,34,18,52,230
02/24/2001,SPI,IL,AGL,CE,Towers with Radar,0,16,14,1,31,0,0,0,0,0,0,16,14,1,31,0,0,0,31
02/25/2001,SPI,IL,AGL,CE,Towers with Radar,0,12,13,0,25,0,0,5,0,5,0,12,18,0,30,4,0,4,34
02/26/2001,SPI,IL,AGL,CE,Towers with Radar,0,33,58,13,104,0,2,98,1,101,0,35,156,14,205,87,24,111,316
02/27/2001,SPI,IL,AGL,CE,Towers with Radar,0,40,54,4,98,0,0,6,0,6,0,40,60,4,104,0,2,2,106
02/28/2001,SPI,IL,AGL,CE,Towers with Radar,0,43,52,14,109,0,0,71,1,72,0,43,123,15,181,88,0,88,269
03/01/2001,SPI,IL,AGL,CE,Towers with Radar,0,35,62,16,113,0,4,53,2,59,0,39,115,18,172,75,6,81,253
03/02/2001,SPI,IL,AGL,CE,Towers with Radar,0,33,74,15,122,0,3,19,0,22,0,36,93,15,144,78,2,80,224
03/03/2001,SPI,IL,AGL,CE,Towers with Radar,0,19,39,5,63,0,0,47,7,54,0,19,86,12,117,93,6,99,216
03/04/2001,SPI,IL,AGL,CE,Towers with Radar,0,18,16,20,54,0,1,5,4,10,0,19,21,24,64,0,12,12,76
03/05/2001,SPI,IL,AGL,CE,Towers with Radar,0,39,51,11,101,0,1,31,0,32,0,40,82,11,133,46,4,50,183
03/06/2001,SPI,IL,AGL,CE,Towers with Radar,0,40,56,7,103,0,7,51,4,62,0,47,107,11,165,48,18,66,231
03/07/2001,SPI,IL,AGL,CE,Towers with Radar,0,39,65,5,109,0,1,90,1,92,0,40,155,6,201,129,11,140,341
03/08/2001,SPI,IL,AGL,CE,Towers with Radar,0,40,59,6,105,0,0,24,0,24,0,40,83,6,129,54,0,54,183
03/09/2001,SPI,IL,AGL,CE,Towers with Radar,0,30,53,0,83,0,0,64,0,64,0,30,117,0,147,131,0,131,278
03/10/2001,SPI,IL,AGL,CE,Towers with Radar,0,22,25,0,47,0,0,77,0,77,0,22,102,0,124,122,0,122,246
03/11/2001,SPI,IL,AGL,CE,Towers with Radar,0,17,27,2,46,0,0,45,0,45,0,17,72,2,91,141,0,141,232
03/12/2001,SPI,IL,AGL,CE,Towers with Radar,0,37,65,4,106,0,0,4,0,4,0,37,69,4,110,8,0,8,118
03/13/2001,SPI,IL,AGL,CE,Towers with Radar,0,38,52,2,92,0,0,19,8,27,0,38,71,10,119,5,1,6,125
03/14/2001,SPI,IL,AGL,CE,Towers with Radar,0,42,89,10,141,0,1,66,0,67,0,43,155,10,208,128,4,132,340
03/15/2001,SPI,IL,AGL,CE,Towers with Radar,0,34,66,4,104,0,0,0,0,0,0,34,66,4,104,9,0,9,113
03/16/2001,SPI,IL,AGL,CE,Towers with Radar,0,25,47,0,72,0,0,0,0,0,0,25,47,0,72,1,0,1,73
03/17/2001,SPI,IL,AGL,CE,Towers with Radar,0,16,37,9,62,0,3,31,1,35,0,19,68,10,97,89,1,90,187
03/18/2001,SPI,IL,AGL,CE,Towers with Radar,0,18,32,7,57,0,3,97,1,101,0,21,129,8,158,49,12,61,219
03/19/2001,SPI,IL,AGL,CE,Towers with Radar,0,32,66,12,110,0,0,59,2,61,0,32,125,14,171,71,14,85,256
03/20/2001,SPI,IL,AGL,CE,Towers with Radar,0,35,66,14,115,0,1,75,2,78,0,36,141,16,193,117,2,119,312
03/21/2001,SPI,IL,AGL,CE,Towers with Radar,0,35,77,14,126,0,1,77,0,78,0,36,154,14,204,162,0,162,366
03/22/2001,SPI,IL,AGL,CE,Towers with Radar,0,41,90,8,139,0,2,52,0,54,0,43,142,8,193,55,6,61,254
03/23/2001,SPI,IL,AGL,CE,Towers with Radar,0,45,67,0,112,0,0,38,0,38,0,45,105,0,150,95,0,95,245
03/24/2001,SPI,IL,AGL,CE,Towers with Radar,0,18,38,2,58,0,1,58,1,60,0,19,96,3,118,89,10,99,217
03/25/2001,SPI,IL,AGL,CE,Towers with Radar,0,14,23,0,37,0,0,25,0,25,0,14,48,0,62,8,0,8,70
03/26/2001,SPI,IL,AGL,CE,Towers with Radar,0,36,50,8,94,0,2,28,0,30,0,38,78,8,124,66,6,72,196
03/27/2001,SPI,IL,AGL,CE,Towers with Radar,0,35,73,14,122,0,4,88,1,93,0,39,161,15,215,152,6,158,373
03/28/2001,SPI,IL,AGL,CE,Towers with Radar,0,36,63,7,106,0,5,61,0,66,0,41,124,7,172,15,0,15,187
03/29/2001,SPI,IL,AGL,CE,Towers with Radar,0,43,61,17,121,0,0,30,3,33,0,43,91,20,154,83,1,84,238
03/30/2001,SPI,IL,AGL,CE,Towers with Radar,0,36,85,2,123,0,0,45,0,45,0,36,130,2,168,57,0,57,225
03/31/2001,SPI,IL,AGL,CE,Towers with Radar,0,16,31,0,47,0,2,19,0,21,0,18,50,0,68,28,0,28,96
04/01/2001,SPI,IL,AGL,CE,Towers with Radar,0,22,25,0,47,0,2,92,0,94,0,24,117,0,141,54,0,54,195
04/02/2001,SPI,IL,AGL,CE,Towers with Radar,0,40,62,6,108,0,0,53,3,56,0,40,115,9,164,34,12,46,210
04/03/2001,SPI,IL,AGL,CE,Towers with Radar,0,36,62,8,106,0,0,36,4,40,0,36,98,12,146,24,15,39,185
04/04/2001,SPI,IL,AGL,CE,Towers with Radar,0,40,76,6,122,0,0,77,3,80,0,40,153,9,202,43,16,59,261
04/05/2001,SPI,IL,AGL,CE,Towers with Radar,0,39,62,13,114,0,1,31,4,36,0,40,93,17,150,45,10,55,205
04/06/2001,SPI,IL,AGL,CE,Towers with Radar,0,32,79,13,124,0,0,21,2,23,0,32,100,15,147,56,0,56,203
04/07/2001,SPI,IL,AGL,CE,Towers with Radar,0,15,16,6,37,0,0,13,0,13,0,15,29,6,50,1,1,2,52
04/08/2001,SPI,IL,AGL,CE,Towers with Radar,0,18,18,9,45,0,0,82,4,86,0,18,100,13,131,90,28,118,249
04/09/2001,SPI,IL,AGL,CE,Towers with Radar,0,35,58,11,104,0,0,31,4,35,0,35,89,15,139,16,24,40,179
04/10/2001,SPI,IL,AGL,CE,Towers with Radar,0,38,59,4,101,0,0,10,0,10,0,38,69,4,111,4,0,4,115
04/11/2001,SPI,IL,AGL,CE,Towers with Radar,0,40,58,3,101,0,0,23,1,24,0,40,81,4,125,52,0,52,177
04/12/2001,SPI,IL,AGL,CE,Towers with Radar,0,34,66,4,104,0,0,35,1,36,0,34,101,5,140,14,0,14,154
04/13/2001,SPI,IL,AGL,CE,Towers with Radar,0,30,53,0,83,0,0,92,3,95,0,30,145,3,178,48,0,48,226
04/14/2001,SPI,IL,AGL,CE,Towers with Radar,0,18,29,0,47,0,1,86,0,87,0,19,115,0,134,70,0,70,204
04/15/2001,SPI,IL,AGL,CE,Towers with Radar,0,14,13,0,27,0,0,17,0,17,0,14,30,0,44,15,0,15,59
04/16/2001,SPI,IL,AGL,CE,Towers with Radar,0,35,62,10,107,0,2,33,1,36,0,37,95,11,143,19,0,19,162
04/17/2001,SPI,IL,AGL,CE,Towers with Radar,0,36,54,12,102,0,1,65,0,66,0,37,119,12,168,38,8,46,214
04/18/2001,SPI,IL,AGL,CE,Towers with Radar,0,43,71,14,128,0,2,105,1,108,0,45,176,15,236,115,14,129,365
04/19/2001,SPI,IL,AGL,CE,Towers with Radar,0,36,90,14,140,0,1,55,0,56,0,37,145,14,196,40,5,45,241
04/20/2001,SPI,IL,AGL,CE,Towers with Radar,0,37,59,0,96,0,0,45,0,45,0,37,104,0,141,35,0,35,176
04/21/2001,SPI,IL,AGL,CE,Towers with Radar,0,20,14,0,34,0,0,14,4,18,0,20,28,4,52,12,0,12,64
04/22/2001,SPI,IL,AGL,CE,Towers with Radar,0,20,19,0,39,0,1,24,2,27,0,21,43,2,66,21,0,21,87
04/23/2001,SPI,IL,AGL,CE,Towers with Radar,0,39,51,13,103,0,0,27,3,30,0,39,78,16,133,2,5,7,140
04/24/2001,SPI,IL,AGL,CE,Towers with Radar,0,42,55,9,106,0,0,69,5,74,0,42,124,14,180,133,4,137,317
04/25/2001,SPI,IL,AGL,CE,Towers with Radar,0,38,84,7,129,0,0,58,8,66,0,38,142,15,195,59,0,59,254
04/26/2001,SPI,IL,AGL,CE,Towers with Radar,0,40,63,9,112,0,1,118,4,123,0,41,181,13,235,35,0,35,270
04/27/2001,SPI,IL,AGL,CE,Towers with Radar,0,37,67,1,105,0,0,95,0,95,0,37,162,1,200,64,0,64,264
04/28/2001,SPI,IL,AGL,CE,Towers with Radar,0,15,14,0,29,0,0,112,2,114,0,15,126,2,143,35,1,36,179
04/29/2001,SPI,IL,AGL,CE,Towers with Radar,0,17,13,3,33,0,1,119,0,120,0,18,132,3,153,34,2,36,189
04/30/2001,SPI,IL,AGL,CE,Towers with Radar,0,35,50,9,94,0,1,46,3,50,0,36,96,12,144,62,9,71,215
05/01/2001,SPI,IL,AGL,CE,Towers with Radar,0,36,68,8,112,0,0,67,1,68,0,36,135,9,180,43,0,43,223
05/02/2001,SPI,IL,AGL,CE,Towers with Radar,0,37,67,16,120,0,1,54,1,56,0,38,121,17,176,43,12,55,231
05/03/2001,SPI,IL,AGL,CE,Towers with Radar,0,36,69,9,114,0,0,72,2,74,0,36,141,11,188,49,0,49,237
05/04/2001,SPI,IL,AGL,CE,Towers with Radar,0,41,72,5,118,0,1,50,1,52,0,42,122,6,170,72,0,72,242
05/05/2001,SPI,IL,AGL,CE,Towers with Radar,0,22,21,1,44,0,0,48,0,48,0,22,69,1,92,50,0,50,142
05/06/2001,SPI,IL,AGL,CE,Towers with Radar,0,23,16,10,49,0,2,13,2,17,0,25,29,12,66,12,4,16,82
05/07/2001,SPI,IL,AGL,CE,Towers with Radar,0,33,63,14,110,0,6,47,1,54,0,39,110,15,164,57,9,66,230
05/08/2001,SPI,IL,AGL,CE,Towers with Radar,0,41,69,7,117,0,1,54,1,56,0,42,123,8,173,178,4,182,355
05/09/2001,SPI,IL,AGL,CE,Towers with Radar,0,35,36,18,89,0,0,87,2,89,0,35,123,20,178,44,8,52,230
05/10/2001,SPI,IL,AGL,CE,Towers with Radar,0,37,65,16,118,0,0,46,1,47,0,37,111,17,165,30,2,32,197
05/11/2001,SPI,IL,AGL,CE,Towers with Radar,0,35,51,7,93,0,6,41,3,50,0,41,92,10,143,24,14,38,181
05/12/2001,SPI,IL,AGL,CE,Towers with Radar,0,21,29,3,53,0,5,87,0,92,0,26,116,3,145,133,0,133,278
05/13/2001,SPI,IL,AGL,CE,Towers with Radar,0,24,14,10,48,0,10,50,1,61,0,34,64,11,109,98,0,98,207
05/14/2001,SPI,IL,AGL,CE,Towers with Radar,0,34,89,31,154,0,1,45,3,49,0,35,134,34,203,70,29,99,302
05/15/2001,SPI,IL,AGL,CE,Towers with Radar,0,39,32,16,87,0,2,52,2,56,0,41,84,18,143,70,10,80,223
05/16/2001,SPI,IL,AGL,CE,Towers with Radar,0,41,74,13,128,0,0,54,2,56,0,41,128,15,184,79,28,107,291
05/17/2001,SPI,IL,AGL,CE,Towers with Radar,0,31,99,9,139,0,0,31,1,32,0,31,130,10,171,15,2,17,188
05/18/2001,SPI,IL,AGL,CE,Towers with Radar,0,30,98,11,139,0,3,38,4,45,0,33,136,15,184,82,4,86,270
05/19/2001,SPI,IL,AGL,CE,Towers with Radar,0,21,49,3,73,0,1,76,0,77,0,22,125,3,150,153,0,153,303
05/20/2001,SPI,IL,AGL,CE,Towers with Radar,2,18,23,0,43,0,1,42,2,45,2,19,65,2,88,33,0,33,121
05/21/2001,SPI,IL,AGL,CE,Towers with Radar,0,39,63,5,107,0,0,12,1,13,0,39,75,6,120,18,2,20,140
05/22/2001,SPI,IL,AGL,CE,Towers with Radar,2,40,60,9,111,0,0,53,1,54,2,40,113,10,165,46,19,65,230
05/23/2001,SPI,IL,AGL,CE,Towers with Radar,2,33,70,7,112,0,1,61,5,67,2,34,131,12,179,22,6,28,207
05/24/2001,SPI,IL,AGL,CE,Towers with Radar,0,40,52,19,111,0,0,41,1,42,0,40,93,20,153,57,9,66,219
05/25/2001,SPI,IL,AGL,CE,Towers with Radar,0,34,54,0,88,0,0,35,0,35,0,34,89,0,123,54,0,54,177
05/26/2001,SPI,IL,AGL,CE,Towers with Radar,0,18,25,0,43,0,0,15,0,15,0,18,40,0,58,43,0,43,101
05/27/2001,SPI,IL,AGL,CE,Towers with Radar,0,23,21,0,44,0,0,40,0,40,0,23,61,0,84,24,0,24,108
05/28/2001,SPI,IL,AGL,CE,Towers with Radar,0,18,28,2,48,0,1,100,1,102,0,19,128,3,150,60,12,72,222
05/29/2001,SPI,IL,AGL,CE,Towers with Radar,0,35,55,6,96,0,2,96,4,102,0,37,151,10,198,81,0,81,279
05/30/2001,SPI,IL,AGL,CE,Towers with Radar,0,38,65,7,110,0,5,41,1,47,0,43,106,8,157,134,6,140,297
05/31/2001,SPI,IL,AGL,CE,Towers with Radar,0,30,51,5,86,0,0,6,1,7,0,30,57,6,93,28,0,28,121
06/01/2001,SPI,IL,AGL,CE,Towers with Radar,0,33,49,8,90,0,4,47,0,51,0,37,96,8,141,66,0,66,207
06/02/2001,SPI,IL,AGL,CE,Towers with Radar,0,17,24,18,59,0,1,22,0,23,0,18,46,18,82,21,10,31,113
06/03/2001,SPI,IL,AGL,CE,Towers with Radar,0,22,18,7,47,0,1,62,1,64,0,23,80,8,111,33,16,49,160
06/04/2001,SPI,IL,AGL,CE,Towers with Radar,0,33,40,9,82,0,1,6,0,7,0,34,46,9,89,0,0,0,89
06/05/2001,SPI,IL,AGL,CE,Towers with Radar,0,32,57,4,93,0,2,5,0,7,0,34,62,4,100,5,2,7,107
06/06/2001,SPI,IL,AGL,CE,Towers with Radar,0,26,74,6,106,0,2,25,0,27,0,28,99,6,133,56,0,56,189
06/07/2001,SPI,IL,AGL,CE,Towers with Radar,0,33,62,5,100,0,0,46,2,48,0,33,108,7,148,48,21,69,217
06/08/2001,SPI,IL,AGL,CE,Towers with Radar,0,39,54,1,94,0,1,68,0,69,0,40,122,1,163,118,0,118,281
06/09/2001,SPI,IL,AGL,CE,Towers with Radar,0,17,25,1,43,0,3,83,0,86,0,20,108,1,129,105,0,105,234
06/10/2001,SPI,IL,AGL,CE,Towers with Radar,0,20,33,1,54,0,3,43,0,46,0,23,76,1,100,21,0,21,121
06/11/2001,SPI,IL,AGL,CE,Towers with Radar,0,33,57,4,94,0,3,69,0,72,0,36,126,4,166,48,7,55,221
06/12/2001,SPI,IL,AGL,CE,Towers with Radar,0,34,50,0,84,0,1,71,0,72,0,35,121,0,156,159,0,159,315
06/13/2001,SPI,IL,AGL,CE,Towers with Radar,0,38,69,0,107,0,4,63,0,67,0,42,132,0,174,62,0,62,236
06/14/2001,SPI,IL,AGL,CE,Towers with Radar,0,31,60,4,95,0,1,54,2,57,0,32,114,6,152,32,0,32,184
06/15/2001,SPI,IL,AGL,CE,Towers with Radar,0,43,61,0,104,0,0,41,0,41,0,43,102,0,145,60,0,60,205
06/16/2001,SPI,IL,AGL,CE,Towers with Radar,0,27,16,1,44,0,1,68,0,69,0,28,84,1,113,88,0,88,201
06/17/2001,SPI,IL,AGL,CE,Towers with Radar,0,29,17,5,51,0,0,54,0,54,0,29,71,5,105,51,0,51,156
06/18/2001,SPI,IL,AGL,CE,Towers with Radar,0,41,58,0,99,0,1,86,0,87,0,42,144,0,186,48,0,48,234
06/19/2001,SPI,IL,AGL,CE,Towers with Radar,0,35,54,4,93,0,0,37,2,39,0,35,91,6,132,141,0,141,273
06/20/2001,SPI,IL,AGL,CE,Towers with Radar,0,35,49,2,86,0,13,70,0,83,0,48,119,2,169,71,8,79,248
06/21/2001,SPI,IL,AGL,CE,Towers with Radar,0,44,71,6,121,0,0,34,5,39,0,44,105,11,160,27,1,28,188
06/22/2001,SPI,IL,AGL,CE,Towers with Radar,0,48,61,0,109,0,2,94,2,98,0,50,155,2,207,118,0,118,325
06/23/2001,SPI,IL,AGL,CE,Towers with Radar,0,25,23,7,55,0,4,55,2,61,0,29,78,9,116,30,0,30,146
06/24/2001,SPI,IL,AGL,CE,Towers with Radar,0,30,37,4,71,0,0,84,0,84,0,30,121,4,155,98,0,98,253
06/25/2001,SPI,IL,AGL,CE,Towers with Radar,0,38,47,0,85,0,0,91,0,91,0,38,138,0,176,60,0,60,236
06/26/2001,SPI,IL,AGL,CE,Towers with Radar,0,46,46,0,92,0,0,79,0,79,0,46,125,0,171,111,0,111,282
06/27/2001,SPI,IL,AGL,CE,Towers with Radar,4,42,60,12,118,3,0,56,1,60,7,42,116,13,178,79,31,110,288
06/28/2001,SPI,IL,AGL,CE,Towers with Radar,0,38,55,4,97,0,0,74,10,84,0,38,129,14,181,20,19,39,220
06/29/2001,SPI,IL,AGL,CE,Towers with Radar,0,40,50,0,90,0,1,58,0,59,0,41,108,0,149,45,0,45,194
06/30/2001,SPI,IL,AGL,CE,Towers with Radar,0,23,19,0,42,0,0,68,0,68,0,23,87,0,110,85,0,85,195
07/01/2001,SPI,IL,AGL,CE,Towers with Radar,0,29,23,0,52,0,2,61,0,63,0,31,84,0,115,103,0,103,218
07/02/2001,SPI,IL,AGL,CE,Towers with Radar,0,41,48,4,93,0,3,73,2,78,0,44,121,6,171,58,0,58,229
07/03/2001,SPI,IL,AGL,CE,Towers with Radar,0,34,43,12,89,0,0,53,2,55,0,34,96,14,144,76,10,86,230
07/04/2001,SPI,IL,AGL,CE,Towers with Radar,0,20,14,2,36,0,0,41,0,41,0,20,55,2,77,19,3,22,99
07/05/2001,SPI,IL,AGL,CE,Towers with Radar,0,44,62,12,118,0,0,57,2,59,0,44,119,14,177,75,22,97,274
07/06/2001,SPI,IL,AGL,CE,Towers with Radar,2,35,46,8,91,0,1,103,0,104,2,36,149,8,195,65,5,70,265
07/07/2001,SPI,IL,AGL,CE,Towers with Radar,0,25,24,9,58,0,1,64,1,66,0,26,88,10,124,51,17,68,192
07/08/2001,SPI,IL,AGL,CE,Towers with Radar,0,32,24,7,63,0,1,43,3,47,0,33,67,10,110,29,9,38,148
07/09/2001,SPI,IL,AGL,CE,Towers with Radar,0,40,60,13,113,0,1,33,1,35,0,41,93,14,148,46,17,63,211
07/10/2001,SPI,IL,AGL,CE,Towers with Radar,0,43,74,13,130,0,0,106,0,106,0,43,180,13,236,112,7,119,355
07/11/2001,SPI,IL,AGL,CE,Towers with Radar,0,42,80,22,144,0,0,80,1,81,0,42,160,23,225,74,25,99,324
07/12/2001,SPI,IL,AGL,CE,Towers with Radar,0,42,56,9,107,0,4,87,8,99,0,46,143,17,206,103,22,125,331
07/13/2001,SPI,IL,AGL,CE,Towers with Radar,0,39,46,1,86,0,0,77,0,77,0,39,123,1,163,45,0,45,208
07/14/2001,SPI,IL,AGL,CE,Towers with Radar,0,29,29,0,58,0,1,71,0,72,0,30,100,0,130,38,0,38,168
07/15/2001,SPI,IL,AGL,CE,Towers with Radar,0,31,20,2,53,0,0,67,1,68,0,31,87,3,121,69,14,83,204
07/16/2001,SPI,IL,AGL,CE,Towers with Radar,0,39,64,6,109,0,1,52,0,53,0,40,116,6,162,22,0,22,184
07/17/2001,SPI,IL,AGL,CE,Towers with Radar,0,41,49,6,96,0,0,29,2,31,0,41,78,8,127,17,7,24,151
07/18/2001,SPI,IL,AGL,CE,Towers with Radar,0,32,49,4,85,0,0,20,2,22,0,32,69,6,107,42,18,60,167
07/19/2001,SPI,IL,AGL,CE,Towers with Radar,0,39,71,21,131,0,2,14,0,16,0,41,85,21,147,19,2,21,168
07/20/2001,SPI,IL,AGL,CE,Towers with Radar,0,38,62,9,109,0,1,12,2,15,0,39,74,11,124,51,11,62,186
07/21/2001,SPI,IL,AGL,CE,Towers with Radar,2,26,21,10,59,0,3,25,3,31,2,29,46,13,90,71,4,75,165
07/22/2001,SPI,IL,AGL,CE,Towers with Radar,0,28,41,10,79,0,0,23,3,26,0,28,64,13,105,36,12,48,153
07/23/2001,SPI,IL,AGL,CE,Towers with Radar,0,38,57,9,104,2,0,57,2,61,2,38,114,11,165,16,21,37,202
07/24/2001,SPI,IL,AGL,CE,Towers with Radar,2,34,48,11,95,0,0,53,6,59,2,34,101,17,154,65,19,84,238
07/25/2001,SPI,IL,AGL,CE,Towers with Radar,0,36,60,10,106,0,0,22,1,23,0,36,82,11,129,22,11,33,162
07/26/2001,SPI,IL,AGL,CE,Towers with Radar,0,42,73,11,126,0,0,26,0,26,0,42,99,11,152,50,0,50,202
07/27/2001,SPI,IL,AGL,CE,Towers with Radar,0,40,68,0,108,0,0,83,1,84,0,40,151,1,192,11,0,11,203
07/28/2001,SPI,IL,AGL,CE,Towers with Radar,0,24,28,0,52,0,0,13,0,13,0,24,41,0,65,43,0,43,108
07/29/2001,SPI,IL,AGL,CE,Towers with Radar,0,28,23,0,51,0,1,57,0,58,0,29,80,0,109,53,0,53,162
07/30/2001,SPI,IL,AGL,CE,Towers with Radar,0,47,44,4,95,0,0,68,2,70,0,47,112,6,165,22,9,31,196
07/31/2001,SPI,IL,AGL,CE,Towers with Radar,0,37,48,8,93,0,11,57,8,76,0,48,105,16,169,21,8,29,198
08/01/2001,SPI,IL,AGL,CE,Towers with Radar,0,39,57,10,106,0,0,53,1,54,0,39,110,11,160,47,16,63,223
08/02/2001,SPI,IL,AGL,CE,Towers with Radar,0,33,49,7,89,0,0,28,3,31,0,33,77,10,120,25,20,45,165
08/03/2001,SPI,IL,AGL,CE,Towers with Radar,0,51,82,8,141,0,0,24,0,24,0,51,106,8,165,26,4,30,195
08/04/2001,SPI,IL,AGL,CE,Towers with Radar,0,34,15,4,53,0,2,69,0,71,0,36,84,4,124,88,8,96,220
08/05/2001,SPI,IL,AGL,CE,Towers with Radar,0,34,22,10,66,0,0,59,4,63,0,34,81,14,129,49,14,63,192
08/06/2001,SPI,IL,AGL,CE,Towers with Radar,0,47,48,10,105,0,12,70,1,83,0,59,118,11,188,51,20,71,259
08/07/2001,SPI,IL,AGL,CE,Towers with Radar,0,42,59,8,109,0,0,82,3,85,0,42,141,11,194,66,16,82,276
08/08/2001,SPI,IL,AGL,CE,Towers with Radar,0,45,64,12,121,0,0,47,1,48,0,45,111,13,169,66,9,75,244
08/09/2001,SPI,IL,AGL,CE,Towers with Radar,6,42,65,14,127,0,0,51,2,53,6,42,116,16,180,53,6,59,239
08/10/2001,SPI,IL,AGL,CE,Towers with Radar,0,48,59,0,107,0,2,56,0,58,0,50,115,0,165,226,0,226,391
08/11/2001,SPI,IL,AGL,CE,Towers with Radar,2,28,30,0,60,0,1,63,0,64,2,29,93,0,124,123,0,123,247
08/12/2001,SPI,IL,AGL,CE,Towers with Radar,0,31,40,0,71,0,2,62,0,64,0,33,102,0,135,337,0,337,472
08/13/2001,SPI,IL,AGL,CE,Towers with Radar,0,42,47,3,92,0,3,67,1,71,0,45,114,4,163,117,0,117,280
08/14/2001,SPI,IL,AGL,CE,Towers with Radar,0,40,51,7,98,0,0,76,0,76,0,40,127,7,174,55,10,65,239
08/15/2001,SPI,IL,AGL,CE,Towers with Radar,0,35,59,10,104,0,0,60,0,60,0,35,119,10,164,53,11,64,228
08/16/2001,SPI,IL,AGL,CE,Towers with Radar,0,38,54,11,103,0,0,33,2,35,0,38,87,13,138,62,3,65,203
08/17/2001,SPI,IL,AGL,CE,Towers with Radar,0,37,51,8,96,0,0,67,1,68,0,37,118,9,164,45,4,49,213
08/18/2001,SPI,IL,AGL,CE,Towers with Radar,0,22,29,5,56,0,2,19,0,21,0,24,48,5,77,15,2,17,94
08/19/2001,SPI,IL,AGL,CE,Towers with Radar,0,34,44,3,81,0,0,23,0,23,0,34,67,3,104,52,0,52,156
08/20/2001,SPI,IL,AGL,CE,Towers with Radar,0,41,54,8,103,0,9,89,1,99,0,50,143,9,202,100,8,108,310
08/21/2001,SPI,IL,AGL,CE,Towers with Radar,0,34,44,16,94,0,1,0,0,1,0,35,44,16,95,34,12,46,141
08/22/2001,SPI,IL,AGL,CE,Towers with Radar,0,37,56,11,104,0,0,59,2,61,0,37,115,13,165,86,28,114,279
08/23/2001,SPI,IL,AGL,CE,Towers with Radar,0,41,54,7,102,0,2,34,2,38,0,43,88,9,140,103,9,112,252
08/24/2001,SPI,IL,AGL,CE,Towers with Radar,0,40,71,0,111,0,0,16,0,16,0,40,87,0,127,63,0,63,190
08/25/2001,SPI,IL,AGL,CE,Towers with Radar,0,20,27,0,47,0,12,10,0,22,0,32,37,0,69,126,0,126,195
08/26/2001,SPI,IL,AGL,CE,Towers with Radar,0,30,40,1,71,0,6,38,0,44,0,36,78,1,115,73,0,73,188
08/27/2001,SPI,IL,AGL,CE,Towers with Radar,0,39,57,7,103,0,0,78,4,82,0,39,135,11,185,84,23,107,292
08/28/2001,SPI,IL,AGL,CE,Towers with Radar,0,37,59,12,108,0,0,81,6,87,0,37,140,18,195,24,14,38,233
08/29/2001,SPI,IL,AGL,CE,Towers with Radar,0,38,51,7,96,0,2,101,11,114,0,40,152,18,210,90,4,94,304
08/30/2001,SPI,IL,AGL,CE,Towers with Radar,0,40,63,4,107,0,2,48,4,54,0,42,111,8,161,84,3,87,248
08/31/2001,SPI,IL,AGL,CE,Towers with Radar,0,41,67,2,110,0,0,43,0,43,0,41,110,2,153,59,0,59,212
09/01/2001,SPI,IL,AGL,CE,Towers with Radar,0,27,11,0,38,0,3,68,0,71,0,30,79,0,109,70,0,70,179
09/02/2001,SPI,IL,AGL,CE,Towers with Radar,0,28,20,0,48,0,5,51,0,56,0,33,71,0,104,50,0,50,154
09/03/2001,SPI,IL,AGL,CE,Towers with Radar,0,29,21,2,52,0,2,65,0,67,0,31,86,2,119,41,0,41,160
09/04/2001,SPI,IL,AGL,CE,Towers with Radar,0,40,48,11,99,0,2,49,0,51,0,42,97,11,150,18,21,39,189
09/05/2001,SPI,IL,AGL,CE,Towers with Radar,0,35,75,14,124,0,2,65,0,67,0,37,140,14,191,56,12,68,259
09/06/2001,SPI,IL,AGL,CE,Towers with Radar,0,32,37,15,84,0,3,44,1,48,0,35,81,16,132,15,5,20,152
09/07/2001,SPI,IL,AGL,CE,Towers with Radar,0,34,43,11,88,0,1,37,0,38,0,35,80,11,126,37,11,48,174
09/08/2001,SPI,IL,AGL,CE,Towers with Radar,0,20,30,5,55,0,3,28,4,35,0,23,58,9,90,142,0,142,232
09/09/2001,SPI,IL,AGL,CE,Towers with Radar,0,28,19,2,49,0,1,4,0,5,0,29,23,2,54,2,0,2,56
09/10/2001,SPI,IL,AGL,CE,Towers with Radar,0,37,69,14,120,0,0,69,7,76,0,37,138,21,196,66,33,99,295
09/11/2001,SPI,IL,AGL,CE,Towers with Radar,0,7,15,0,22,0,3,12,0,15,0,10,27,0,37,0,0,0,37
09/12/2001,SPI,IL,AGL,CE,Towers with Radar,0,0,4,0,4,0,0,0,1,1,0,0,4,1,5,5,0,5,10
09/13/2001,SPI,IL,AGL,CE,Towers with Radar,0,17,7,9,33,0,1,2,0,3,0,18,9,9,36,0,3,3,39
09/14/2001,SPI,IL,AGL,CE,Towers with Radar,0,53,12,2,67,0,2,0,0,2,0,55,12,2,69,2,2,4,73
09/15/2001,SPI,IL,AGL,CE,Towers with Radar,0,19,41,0,60,0,2,4,0,6,0,21,45,0,66,4,0,4,70
09/16/2001,SPI,IL,AGL,CE,Towers with Radar,0,29,22,2,53,0,2,0,0,2,0,31,22,2,55,2,0,2,57
09/17/2001,SPI,IL,AGL,CE,Towers with Radar,0,32,71,4,107,0,1,0,0,1,0,33,71,4,108,13,4,17,125
09/18/2001,SPI,IL,AGL,CE,Towers with Radar,0,33,21,0,54,0,0,0,0,0,0,33,21,0,54,0,0,0,54
09/19/2001,SPI,IL,AGL,CE,Towers with Radar,0,33,54,7,94,0,0,18,4,22,0,33,72,11,116,1,0,1,117
09/20/2001,SPI,IL,AGL,CE,Towers with Radar,0,43,69,8,120,0,0,21,3,24,0,43,90,11,144,6,7,13,157
09/21/2001,SPI,IL,AGL,CE,Towers with Radar,0,38,68,3,109,0,0,54,0,54,0,38,122,3,163,36,0,36,199
09/22/2001,SPI,IL,AGL,CE,Towers with Radar,0,20,31,2,53,0,4,53,0,57,0,24,84,2,110,89,0,89,199
09/23/2001,SPI,IL,AGL,CE,Towers with Radar,2,28,39,2,71,0,1,14,1,16,2,29,53,3,87,51,2,53,140
09/24/2001,SPI,IL,AGL,CE,Towers with Radar,0,39,63,5,107,0,0,34,0,34,0,39,97,5,141,73,3,76,217
09/25/2001,SPI,IL,AGL,CE,Towers with Radar,0,28,71,9,108,0,1,61,2,64,0,29,132,11,172,45,7,52,224
09/26/2001,SPI,IL,AGL,CE,Towers with Radar,0,38,70,9,117,0,0,69,15,84,0,38,139,24,201,74,20,94,295
09/27/2001,SPI,IL,AGL,CE,Towers with Radar,0,31,66,4,101,0,1,72,2,75,0,32,138,6,176,52,6,58,234
09/28/2001,SPI,IL,AGL,CE,Towers with Radar,0,32,83,0,115,0,1,27,0,28,0,33,110,0,143,56,0,56,199
09/29/2001,SPI,IL,AGL,CE,Towers with Radar,0,22,27,0,49,0,2,46,0,48,0,24,73,0,97,24,0,24,121
09/30/2001,SPI,IL,AGL,CE,Towers with Radar,0,24,34,0,58,0,2,74,0,76,0,26,108,0,134,69,0,69,203
10/01/2001,SPI,IL,AGL,CE,Towers with Radar,2,35,52,3,92,0,2,43,0,45,2,37,95,3,137,34,0,34,171
10/02/2001,SPI,IL,AGL,CE,Towers with Radar,0,34,58,22,114,0,2,68,5,75,0,36,126,27,189,82,34,116,305
10/03/2001,SPI,IL,AGL,CE,Towers with Radar,0,41,65,19,125,0,0,66,1,67,0,41,131,20,192,68,24,92,284
10/04/2001,SPI,IL,AGL,CE,Towers with Radar,2,38,60,12,112,0,0,34,0,34,2,38,94,12,146,26,3,29,175
10/05/2001,SPI,IL,AGL,CE,Towers with Radar,0,33,40,0,73,0,0,11,0,11,0,33,51,0,84,32,0,32,116
10/06/2001,SPI,IL,AGL,CE,Towers with Radar,0,21,18,0,39,0,0,46,0,46,0,21,64,0,85,35,0,35,120
10/07/2001,SPI,IL,AGL,CE,Towers with Radar,0,25,22,4,51,0,1,41,0,42,0,26,63,4,93,56,0,56,149
10/08/2001,SPI,IL,AGL,CE,Towers with Radar,0,32,22,0,54,0,0,18,0,18,0,32,40,0,72,6,0,6,78
10/09/2001,SPI,IL,AGL,CE,Towers with Radar,0,42,55,13,110,0,2,45,0,47,0,44,100,13,157,31,10,41,198
10/10/2001,SPI,IL,AGL,CE,Towers with Radar,0,36,56,17,109,0,0,3,0,3,0,36,59,17,112,20,0,20,132
10/11/2001,SPI,IL,AGL,CE,Towers with Radar,0,41,79,17,137,0,0,13,0,13,0,41,92,17,150,25,3,28,178
10/12/2001,SPI,IL,AGL,CE,Towers with Radar,0,35,61,18,114,0,0,11,0,11,0,35,72,18,125,17,1,18,143
10/13/2001,SPI,IL,AGL,CE,Towers with Radar,0,22,14,2,38,0,0,1,0,1,0,22,15,2,39,2,0,2,41
10/14/2001,SPI,IL,AGL,CE,Towers with Radar,0,25,21,12,58,0,0,43,0,43,0,25,64,12,101,8,9,17,118
10/15/2001,SPI,IL,AGL,CE,Towers with Radar,0,39,58,12,109,0,2,24,5,31,0,41,82,17,140,10,3,13,153
10/16/2001,SPI,IL,AGL,CE,Towers with Radar,0,31,53,16,100,0,0,49,5,54,0,31,102,21,154,49,22,71,225
10/17/2001,SPI,IL,AGL,CE,Towers with Radar,0,38,94,14,146,0,2,75,0,77,0,40,169,14,223,105,20,125,348
10/18/2001,SPI,IL,AGL,CE,Towers with Radar,0,46,57,10,113,0,4,45,0,49,0,50,102,10,162,10,7,17,179
10/19/2001,SPI,IL,AGL,CE,Towers with Radar,0,41,70,0,111,0,2,53,0,55,0,43,123,0,166,61,0,61,227
10/20/2001,SPI,IL,AGL,CE,Towers with Radar,0,25,26,0,51,0,2,66,0,68,0,27,92,0,119,117,0,117,236
10/21/2001,SPI,IL,AGL,CE,Towers with Radar,0,29,18,0,47,0,0,46,0,46,0,29,64,0,93,113,0,113,206
10/22/2001,SPI,IL,AGL,CE,Towers with Radar,0,36,94,18,148,0,0,18,0,18,0,36,112,18,166,15,7,22,188
10/23/2001,SPI,IL,AGL,CE,Towers with Radar,0,38,56,12,106,0,0,18,3,21,0,38,74,15,127,25,1,26,153
10/24/2001,SPI,IL,AGL,CE,Towers with Radar,0,33,68,15,116,0,3,10,0,13,0,36,78,15,129,11,5,16,145
10/25/2001,SPI,IL,AGL,CE,Towers with Radar,0,35,42,8,85,0,1,7,0,8,0,36,49,8,93,2,0,2,95
10/26/2001,SPI,IL,AGL,CE,Towers with Radar,0,46,76,10,132,0,0,29,0,29,0,46,105,10,161,12,11,23,184
10/27/2001,SPI,IL,AGL,CE,Towers with Radar,0,20,24,0,44,0,2,69,0,71,0,22,93,0,115,55,0,55,170
10/28/2001,SPI,IL,AGL,CE,Towers with Radar,0,23,35,0,58,0,6,43,0,49,0,29,78,0,107,69,0,69,176
10/29/2001,SPI,IL,AGL,CE,Towers with Radar,0,35,55,18,108,0,0,69,4,73,0,35,124,22,181,47,19,66,247
10/30/2001,SPI,IL,AGL,CE,Towers with Radar,0,35,55,12,102,0,0,58,12,70,0,35,113,24,172,134,17,151,323
10/31/2001,SPI,IL,AGL,CE,Towers with Radar,0,36,61,15,112,0,0,34,2,36,0,36,95,17,148,34,20,54,202
11/01/2001,SPI,IL,AGL,CE,Towers with Radar,0,38,57,9,104,0,0,28,0,28,0,38,85,9,132,14,0,14,146
11/02/2001,SPI,IL,AGL,CE,Towers with Radar,0,40,84,27,151,0,0,51,0,51,0,40,135,27,202,181,30,211,413
11/03/2001,SPI,IL,AGL,CE,Towers with Radar,0,27,30,12,69,0,0,77,1,78,0,27,107,13,147,98,15,113,260
11/04/2001,SPI,IL,AGL,CE,Towers with Radar,0,30,27,0,57,0,0,83,0,83,0,30,110,0,140,120,18,138,278
11/05/2001,SPI,IL,AGL,CE,Towers with Radar,0,41,55,6,102,0,1,41,1,43,0,42,96,7,145,67,6,73,218
11/06/2001,SPI,IL,AGL,CE,Towers with Radar,0,38,84,8,130,0,9,83,1,93,0,47,167,9,223,103,9,112,335
11/07/2001,SPI,IL,AGL,CE,Towers with Radar,0,42,67,14,123,0,1,67,1,69,0,43,134,15,192,51,17,68,260
11/08/2001,SPI,IL,AGL,CE,Towers with Radar,0,43,67,11,121,0,3,42,2,47,0,46,109,13,168,57,5,62,230
11/09/2001,SPI,IL,AGL,CE,Towers with Radar,0,36,40,17,93,0,9,87,2,98,0,45,127,19,191,141,8,149,340
11/10/2001,SPI,IL,AGL,CE,Towers with Radar,0,32,46,0,78,0,0,92,0,92,0,32,138,0,170,51,0,51,221
11/11/2001,SPI,IL,AGL,CE,Towers with Radar,0,26,24,0,50,0,0,72,0,72,0,26,96,0,122,55,0,55,177
11/12/2001,SPI,IL,AGL,CE,Towers with Radar,0,41,55,0,96,0,1,52,0,53,0,42,107,0,149,24,0,24,173
11/13/2001,SPI,IL,AGL,CE,Towers with Radar,0,39,66,23,128,0,0,65,2,67,0,39,131,25,195,95,9,104,299
11/14/2001,SPI,IL,AGL,CE,Towers with Radar,0,42,76,18,136,0,2,66,6,74,0,44,142,24,210,50,25,75,285
11/15/2001,SPI,IL,AGL,CE,Towers with Radar,0,46,81,10,137,0,5,43,3,51,0,51,124,13,188,66,3,69,257
11/16/2001,SPI,IL,AGL,CE,Towers with Radar,0,41,76,11,128,0,0,68,2,70,0,41,144,13,198,114,6,120,318
11/17/2001,SPI,IL,AGL,CE,Towers with Radar,0,25,45,0,70,0,1,54,0,55,0,26,99,0,125,168,0,168,293
11/18/2001,SPI,IL,AGL,CE,Towers with Radar,0,25,35,0,60,0,5,6,0,11,0,30,41,0,71,21,0,21,92
11/19/2001,SPI,IL,AGL,CE,Towers with Radar,2,44,63,17,126,0,3,31,2,36,2,47,94,19,162,46,9,55,217
11/20/2001,SPI,IL,AGL,CE,Towers with Radar,0,40,54,9,103,0,4,39,3,46,0,44,93,12,149,64,17,81,230
11/21/2001,SPI,IL,AGL,CE,Towers with Radar,2,38,43,11,94,0,4,56,3,63,2,42,99,14,157,50,10,60,217
11/22/2001,SPI,IL,AGL,CE,Towers with Radar,0,20,3,0,23,0,0,34,0,34,0,20,37,0,57,6,0,6,63
11/23/2001,SPI,IL,AGL,CE,Towers with Radar,0,27,16,0,43,0,0,17,0,17,0,27,33,0,60,49,0,49,109
11/24/2001,SPI,IL,AGL,CE,Towers with Radar,5,23,10,0,38,1,0,11,0,12,6,23,21,0,50,7,0,7,57
11/25/2001,SPI,IL,AGL,CE,Towers with Radar,0,29,34,0,63,1,0,25,0,26,1,29,59,0,89,38,0,38,127
11/26/2001,SPI,IL,AGL,CE,Towers with Radar,2,46,41,11,100,0,0,27,0,27,2,46,68,11,127,16,2,18,145
11/27/2001,SPI,IL,AGL,CE,Towers with Radar,0,40,71,14,125,0,1,12,0,13,0,41,83,14,138,22,2,24,162
11/28/2001,SPI,IL,AGL,CE,Towers with Radar,0,23,58,6,87,0,0,4,0,4,0,23,62,6,91,16,0,16,107
11/29/2001,SPI,IL,AGL,CE,Towers with Radar,0,42,54,1,97,0,0,0,1,1,0,42,54,2,98,8,0,8,106
11/30/2001,SPI,IL,AGL,CE,Towers with Radar,0,47,61,9,117,0,0,2,4,6,0,47,63,13,123,22,0,22,145
12/01/2001,SPI,IL,AGL,CE,Towers with Radar,0,27,29,0,56,0,1,80,0,81,0,28,109,0,137,158,0,158,295
12/02/2001,SPI,IL,AGL,CE,Towers with Radar,0,33,22,0,55,0,0,61,1,62,0,33,83,1,117,76,0,76,193
12/03/2001,SPI,IL,AGL,CE,Towers with Radar,0,47,78,8,133,0,1,65,3,69,0,48,143,11,202,53,17,70,272
12/04/2001,SPI,IL,AGL,CE,Towers with Radar,0,46,56,9,111,0,0,53,3,56,0,46,109,12,167,62,10,72,239
12/05/2001,SPI,IL,AGL,CE,Towers with Radar,0,41,46,8,95,0,0,20,3,23,0,41,66,11,118,5,16,21,139
12/06/2001,SPI,IL,AGL,CE,Towers with Radar,0,40,74,16,130,0,0,51,1,52,0,40,125,17,182,34,32,66,248
12/07/2001,SPI,IL,AGL,CE,Towers with Radar,0,41,70,21,132,0,4,72,0,76,0,45,142,21,208,68,32,100,308
12/08/2001,SPI,IL,AGL,CE,Towers with Radar,0,21,33,5,59,0,0,21,0,21,0,21,54,5,80,32,0,32,112
12/09/2001,SPI,IL,AGL,CE,Towers with Radar,0,28,42,9,79,0,0,75,0,75,0,28,117,9,154,77,14,91,245
12/10/2001,SPI,IL,AGL,CE,Towers with Radar,0,41,69,12,122,0,1,60,5,66,0,42,129,17,188,83,8,91,279
12/11/2001,SPI,IL,AGL,CE,Towers with Radar,0,39,86,14,139,0,5,55,3,63,0,44,141,17,202,76,11,87,289
12/12/2001,SPI,IL,AGL,CE,Towers with Radar,0,40,66,2,108,0,0,2,0,2,0,40,68,2,110,9,0,9,119
12/13/2001,SPI,IL,AGL,CE,Towers with Radar,0,40,83,16,139,0,0,1,0,1,0,40,84,16,140,9,0,9,149
12/14/2001,SPI,IL,AGL,CE,Towers with Radar,0,41,51,0,92,0,0,0,0,0,0,41,51,0,92,2,0,2,94
12/15/2001,SPI,IL,AGL,CE,Towers with Radar,0,24,14,0,38,0,0,17,0,17,0,24,31,0,55,51,0,51,106
12/16/2001,SPI,IL,AGL,CE,Towers with Radar,0,28,19,0,47,0,0,0,0,0,0,28,19,0,47,3,0,3,50
12/17/2001,SPI,IL,AGL,CE,Towers with Radar,0,40,31,0,71,0,2,0,0,2,0,42,31,0,73,0,0,0,73
12/18/2001,SPI,IL,AGL,CE,Towers with Radar,0,43,80,21,144,0,10,69,6,85,0,53,149,27,229,135,39,174,403
12/19/2001,SPI,IL,AGL,CE,Towers with Radar,0,40,41,16,97,0,2,20,1,23,0,42,61,17,120,27,8,35,155
12/20/2001,SPI,IL,AGL,CE,Towers with Radar,0,40,79,5,124,0,0,70,1,71,0,40,149,6,195,64,0,64,259
12/21/2001,SPI,IL,AGL,CE,Towers with Radar,0,42,48,0,90,0,2,66,0,68,0,44,114,0,158,39,0,39,197
12/22/2001,SPI,IL,AGL,CE,Towers with Radar,0,24,4,0,28,0,0,0,0,0,0,24,4,0,28,4,0,4,32
12/23/2001,SPI,IL,AGL,CE,Towers with Radar,0,31,13,0,44,0,0,12,0,12,0,31,25,0,56,3,0,3,59
12/24/2001,SPI,IL,AGL,CE,Towers with Radar,0,35,6,0,41,0,2,21,0,23,0,37,27,0,64,12,0,12,76
12/25/2001,SPI,IL,AGL,CE,Towers with Radar,0,22,11,0,33,0,1,12,0,13,0,23,23,0,46,0,0,0,46
12/26/2001,SPI,IL,AGL,CE,Towers with Radar,0,40,24,13,77,0,1,22,4,27,0,41,46,17,104,9,2,11,115
12/27/2001,SPI,IL,AGL,CE,Towers with Radar,0,37,53,6,96,0,7,45,0,52,0,44,98,6,148,67,15,82,230
12/28/2001,SPI,IL,AGL,CE,Towers with Radar,0,40,33,9,82,0,2,36,0,38,0,42,69,9,120,92,16,108,228
12/29/2001,SPI,IL,AGL,CE,Towers with Radar,0,24,12,0,36,0,0,31,0,31,0,24,43,0,67,79,0,79,146
12/30/2001,SPI,IL,AGL,CE,Towers with Radar,0,27,10,0,37,0,0,30,0,30,0,27,40,0,67,62,0,62,129
12/31/2001,SPI,IL,AGL,CE,Towers with Radar,0,31,14,0,45,0,0,13,0,13,0,31,27,0,58,45,0,45,103
01/01/2002,SPI,IL,AGL,CE,Towers with Radar,0,23,25,0,48,0,0,29,0,29,0,23,54,0,77,14,0,14,91
01/02/2002,SPI,IL,AGL,CE,Towers with Radar,0,37,28,13,78,0,1,31,2,34,0,38,59,15,112,55,16,71,183
01/03/2002,SPI,IL,AGL,CE,Towers with Radar,0,45,30,13,88,0,1,75,4,80,0,46,105,17,168,33,15,48,216
01/04/2002,SPI,IL,AGL,CE,Towers with Radar,0,38,51,4,93,0,0,44,2,46,0,38,95,6,139,41,10,51,190
01/05/2002,SPI,IL,AGL,CE,Towers with Radar,0,25,11,7,43,0,1,10,0,11,0,26,21,7,54,63,0,63,117
01/06/2002,SPI,IL,AGL,CE,Towers with Radar,0,33,15,3,51,0,0,0,0,0,0,33,15,3,51,3,1,4,55
01/07/2002,SPI,IL,AGL,CE,Towers with Radar,0,40,46,4,90,0,2,55,0,57,0,42,101,4,147,40,0,40,187
01/08/2002,SPI,IL,AGL,CE,Towers with Radar,0,33,54,6,93,0,1,59,4,64,0,34,113,10,157,62,17,79,236
01/09/2002,SPI,IL,AGL,CE,Towers with Radar,0,52,42,7,101,0,1,52,4,57,0,53,94,11,158,20,10,30,188
01/10/2002,SPI,IL,AGL,CE,Towers with Radar,0,39,76,5,120,0,1,36,0,37,0,40,112,5,157,27,10,37,194
01/11/2002,SPI,IL,AGL,CE,Towers with Radar,0,47,54,8,109,0,0,40,0,40,0,47,94,8,149,15,2,17,166
01/12/2002,SPI,IL,AGL,CE,Towers with Radar,0,23,26,6,55,0,0,55,1,56,0,23,81,7,111,82,2,84,195
01/13/2002,SPI,IL,AGL,CE,Towers with Radar,0,29,12,0,41,0,0,45,0,45,0,29,57,0,86,57,0,57,143
01/14/2002,SPI,IL,AGL,CE,Towers with Radar,0,38,43,0,81,0,3,26,0,29,0,41,69,0,110,39,15,54,164
01/15/2002,SPI,IL,AGL,CE,Towers with Radar,0,44,53,8,105,0,0,32,8,40,0,44,85,16,145,18,0,18,163
01/16/2002,SPI,IL,AGL,CE,Towers with Radar,0,38,46,10,94,0,0,10,1,11,0,38,56,11,105,11,6,17,122
01/17/2002,SPI,IL,AGL,CE,Towers with Radar,0,40,51,6,97,0,0,42,0,42,0,40,93,6,139,25,0,25,164
01/18/2002,SPI,IL,AGL,CE,Towers with Radar,0,39,52,4,95,0,0,52,0,52,0,39,104,4,147,34,3,37,184
01/19/2002,SPI,IL,AGL,CE,Towers with Radar,0,24,18,5,47,0,1,15,0,16,0,25,33,5,63,57,0,57,120
01/20/2002,SPI,IL,AGL,CE,Towers with Radar,0,26,14,4,44,0,0,15,0,15,0,26,29,4,59,45,0,45,104
01/21/2002,SPI,IL,AGL,CE,Towers with Radar,0,35,34,3,72,0,8,55,0,63,0,43,89,3,135,48,0,48,183
01/22/2002,SPI,IL,AGL,CE,Towers with Radar,0,43,48,21,112,0,0,25,1,26,0,43,73,22,138,6,11,17,155
01/23/2002,SPI,IL,AGL,CE,Towers with Radar,0,45,60,10,115,0,0,8,0,8,0,45,68,10,123,58,4,62,185
01/24/2002,SPI,IL,AGL,CE,Towers with Radar,0,38,80,21,139,0,0,32,1,33,0,38,112,22,172,63,16,79,251
01/25/2002,SPI,IL,AGL,CE,Towers with Radar,0,39,48,2,89,0,0,70,1,71,0,39,118,3,160,35,0,35,195
01/26/2002,SPI,IL,AGL,CE,Towers with Radar,0,26,17,2,45,0,2,63,0,65,0,28,80,2,110,20,0,20,130
01/27/2002,SPI,IL,AGL,CE,Towers with Radar,0,24,24,4,52,0,0,66,0,66,0,24,90,4,118,81,0,81,199
01/28/2002,SPI,IL,AGL,CE,Towers with Radar,0,42,55,6,103,0,1,51,0,52,0,43,106,6,155,84,14,98,253
01/29/2002,SPI,IL,AGL,CE,Towers with Radar,0,41,57,7,105,0,0,6,0,6,0,41,63,7,111,19,0,19,130
01/30/2002,SPI,IL,AGL,CE,Towers with Radar,0,33,32,0,65,0,0,0,0,0,0,33,32,0,65,0,0,0,65
01/31/2002,SPI,IL,AGL,CE,Towers with Radar,0,38,50,2,90,0,0,0,0,0,0,38,50,2,90,1,0,1,91
02/01/2002,SPI,IL,AGL,CE,Towers with Radar,0,41,38,1,80,0,2,19,0,21,0,43,57,1,101,20,0,20,121
02/02/2002,SPI,IL,AGL,CE,Towers with Radar,2,21,24,3,50,0,1,46,0,47,2,22,70,3,97,80,0,80,177
02/03/2002,SPI,IL,AGL,CE,Towers with Radar,0,29,25,11,65,0,3,63,0,66,0,32,88,11,131,78,5,83,214
02/04/2002,SPI,IL,AGL,CE,Towers with Radar,0,44,45,24,113,0,2,50,2,54,0,46,95,26,167,66,11,77,244
02/05/2002,SPI,IL,AGL,CE,Towers with Radar,2,48,73,13,136,0,2,70,3,75,2,50,143,16,211,65,8,73,284
02/06/2002,SPI,IL,AGL,CE,Towers with Radar,0,47,56,18,121,0,1,50,0,51,0,48,106,18,172,55,14,69,241
02/07/2002,SPI,IL,AGL,CE,Towers with Radar,0,39,72,12,123,0,2,24,0,26,0,41,96,12,149,48,7,55,204
02/08/2002,SPI,IL,AGL,CE,Towers with Radar,0,38,66,24,128,0,1,79,0,80,0,39,145,24,208,45,18,63,271
02/09/2002,SPI,IL,AGL,CE,Towers with Radar,0,22,14,5,41,0,1,29,0,30,0,23,43,5,71,2,0,2,73
02/10/2002,SPI,IL,AGL,CE,Towers with Radar,0,29,17,3,49,0,1,3,0,4,0,30,20,3,53,25,0,25,78
02/11/2002,SPI,IL,AGL,CE,Towers with Radar,0,41,53,17,111,0,1,70,1,72,0,42,123,18,183,72,14,86,269
02/12/2002,SPI,IL,AGL,CE,Towers with Radar,0,41,43,18,102,0,1,36,1,38,0,42,79,19,140,28,12,40,180
02/13/2002,SPI,IL,AGL,CE,Towers with Radar,0,42,52,15,109,0,1,55,0,56,0,43,107,15,165,52,9,61,226
02/14/2002,SPI,IL,AGL,CE,Towers with Radar,0,43,55,17,115,0,2,40,0,42,0,45,95,17,157,12,0,12,169
02/15/2002,SPI,IL,AGL,CE,Towers with Radar,0,45,40,0,85,0,1,40,0,41,0,46,80,0,126,26,0,26,152
02/16/2002,SPI,IL,AGL,CE,Towers with Radar,0,26,13,2,41,0,0,58,0,58,0,26,71,2,99,37,0,37,136
02/17/2002,SPI,IL,AGL,CE,Towers with Radar,0,28,22,0,50,0,0,82,0,82,0,28,104,0,132,33,0,33,165
02/18/2002,SPI,IL,AGL,CE,Towers with Radar,0,36,33,2,71,0,0,31,0,31,0,36,64,2,102,42,0,42,144
02/19/2002,SPI,IL,AGL,CE,Towers with Radar,0,40,47,5,92,0,0,6,0,6,0,40,53,5,98,85,0,85,183
02/20/2002,SPI,IL,AGL,CE,Towers with Radar,0,45,65,10,120,0,0,10,0,10,0,45,75,10,130,23,3,26,156
02/21/2002,SPI,IL,AGL,CE,Towers with Radar,0,40,57,16,113,0,0,45,0,45,0,40,102,16,158,54,4,58,216
02/22/2002,SPI,IL,AGL,CE,Towers with Radar,0,37,58,17,112,0,3,92,0,95,0,40,150,17,207,103,11,114,321
02/23/2002,SPI,IL,AGL,CE,Towers with Radar,1,24,25,0,50,0,0,75,0,75,1,24,100,0,125,53,0,53,178
02/24/2002,SPI,IL,AGL,CE,Towers with Radar,0,26,28,3,57,0,1,49,0,50,0,27,77,3,107,30,20,50,157
02/25/2002,SPI,IL,AGL,CE,Towers with Radar,0,39,49,4,92,0,0,12,0,12,0,39,61,4,104,17,0,17,121
02/26/2002,SPI,IL,AGL,CE,Towers with Radar,0,42,35,3,80,0,0,0,0,0,0,42,35,3,80,0,0,0,80
02/27/2002,SPI,IL,AGL,CE,Towers with Radar,0,38,52,11,101,0,0,46,8,54,0,38,98,19,155,32,9,41,196
02/28/2002,SPI,IL,AGL,CE,Towers with Radar,0,43,58,13,114,0,0,53,6,59,0,43,111,19,173,91,0,91,264
03/01/2002,SPI,IL,AGL,CE,Towers with Radar,0,36,41,0,77,0,1,27,2,30,0,37,68,2,107,36,0,36,143
03/02/2002,SPI,IL,AGL,CE,Towers with Radar,0,15,0,2,17,0,1,0,0,1,0,16,0,2,18,0,0,0,18
03/03/2002,SPI,IL,AGL,CE,Towers with Radar,0,28,12,0,40,0,1,9,1,11,0,29,21,1,51,77,10,87,138
03/04/2002,SPI,IL,AGL,CE,Towers with Radar,0,39,37,9,85,0,1,17,1,19,0,40,54,10,104,20,2,22,126
03/05/2002,SPI,IL,AGL,CE,Towers with Radar,0,39,59,20,118,0,1,46,8,55,0,40,105,28,173,64,13,77,250
03/06/2002,SPI,IL,AGL,CE,Towers with Radar,0,45,65,11,121,0,2,79,3,84,0,47,144,14,205,41,5,46,251
03/07/2002,SPI,IL,AGL,CE,Towers with Radar,0,39,57,5,101,0,3,36,1,40,0,42,93,6,141,18,0,18,159
03/08/2002,SPI,IL,AGL,CE,Towers with Radar,0,40,40,3,83,0,1,18,0,19,0,41,58,3,102,7,0,7,109
03/09/2002,SPI,IL,AGL,CE,Towers with Radar,0,18,16,0,34,0,0,0,0,0,0,18,16,0,34,4,0,4,38
03/10/2002,SPI,IL,AGL,CE,Towers with Radar,0,27,37,0,64,0,3,26,9,38,0,30,63,9,102,109,0,109,211
03/11/2002,SPI,IL,AGL,CE,Towers with Radar,0,39,64,3,106,3,0,53,0,56,3,39,117,3,162,45,8,53,215
03/12/2002,SPI,IL,AGL,CE,Towers with Radar,1,45,36,14,96,0,1,54,0,55,1,46,90,14,151,73,32,105,256
03/13/2002,SPI,IL,AGL,CE,Towers with Radar,0,45,64,6,115,0,0,67,4,71,0,45,131,10,186,76,11,87,273
03/14/2002,SPI,IL,AGL,CE,Towers with Radar,0,44,62,6,112,0,0,34,0,34,0,44,96,6,146,15,0,15,161
03/15/2002,SPI,IL,AGL,CE,Towers with Radar,2,48,65,1,116,0,0,23,0,23,2,48,88,1,139,39,0,39,178
03/16/2002,SPI,IL,AGL,CE,Towers with Radar,0,28,44,0,72,0,4,33,1,38,0,32,77,1,110,132,0,132,242
03/17/2002,SPI,IL,AGL,CE,Towers with Radar,0,30,37,0,67,0,0,4,0,4,0,30,41,0,71,73,0,73,144
03/18/2002,SPI,IL,AGL,CE,Towers with Radar,0,44,76,9,129,0,0,21,1,22,0,44,97,10,151,89,0,89,240
03/19/2002,SPI,IL,AGL,CE,Towers with Radar,0,42,43,19,104,0,0,0,0,0,0,42,43,19,104,6,5,11,115
03/20/2002,SPI,IL,AGL,CE,Towers with Radar,0,40,56,6,102,0,1,13,0,14,0,41,69,6,116,25,24,49,165
03/21/2002,SPI,IL,AGL,CE,Towers with Radar,0,45,65,4,114,0,0,28,4,32,0,45,93,8,146,17,0,17,163
03/22/2002,SPI,IL,AGL,CE,Towers with Radar,0,42,59,2,103,0,0,63,0,63,0,42,122,2,166,43,0,43,209
03/23/2002,SPI,IL,AGL,CE,Towers with Radar,0,23,33,0,56,0,1,83,0,84,0,24,116,0,140,54,0,54,194
03/24/2002,SPI,IL,AGL,CE,Towers with Radar,0,35,14,0,49,0,0,23,0,23,0,35,37,0,72,87,0,87,159
03/25/2002,SPI,IL,AGL,CE,Towers with Radar,0,44,35,3,82,0,0,0,0,0,0,44,35,3,82,0,0,0,82
03/26/2002,SPI,IL,AGL,CE,Towers with Radar,0,39,46,3,88,0,7,16,0,23,0,46,62,3,111,52,1,53,164
03/27/2002,SPI,IL,AGL,CE,Towers with Radar,0,41,57,10,108,0,1,60,0,61,0,42,117,10,169,59,10,69,238
03/28/2002,SPI,IL,AGL,CE,Towers with Radar,0,43,63,3,109,0,0,37,0,37,0,43,100,3,146,50,1,51,197
03/29/2002,SPI,IL,AGL,CE,Towers with Radar,0,40,43,0,83,0,0,22,0,22,0,40,65,0,105,19,0,19,124
03/30/2002,SPI,IL,AGL,CE,Towers with Radar,0,23,33,0,56,1,1,77,0,79,1,24,110,0,135,94,0,94,229
03/31/2002,SPI,IL,AGL,CE,Towers with Radar,0,31,23,0,54,0,1,26,0,27,0,32,49,0,81,17,0,17,98
04/01/2002,SPI,IL,AGL,CE,Towers with Radar,0,43,65,4,112,0,1,49,0,50,0,44,114,4,162,35,5,40,202
04/02/2002,SPI,IL,AGL,CE,Towers with Radar,2,34,50,4,90,0,1,11,0,12,2,35,61,4,102,36,1,37,139
04/03/2002,SPI,IL,AGL,CE,Towers with Radar,0,42,72,3,117,0,2,57,0,59,0,44,129,3,176,104,1,105,281
04/04/2002,SPI,IL,AGL,CE,Towers with Radar,0,44,60,11,115,0,1,74,0,75,0,45,134,11,190,117,8,125,315
04/05/2002,SPI,IL,AGL,CE,Towers with Radar,2,40,58,8,108,0,1,100,0,101,2,41,158,8,209,47,4,51,260
04/06/2002,SPI,IL,AGL,CE,Towers with Radar,0,23,27,8,58,0,2,83,3,88,0,25,110,11,146,65,7,72,218
04/07/2002,SPI,IL,AGL,CE,Towers with Radar,0,26,33,8,67,0,2,30,2,34,0,28,63,10,101,35,9,44,145
04/08/2002,SPI,IL,AGL,CE,Towers with Radar,0,42,48,2,92,0,0,17,0,17,0,42,65,2,109,47,0,47,156
04/09/2002,SPI,IL,AGL,CE,Towers with Radar,0,45,76,11,132,0,0,55,1,56,0,45,131,12,188,79,1,80,268
04/10/2002,SPI,IL,AGL,CE,Towers with Radar,0,51,52,7,110,0,0,83,0,83,0,51,135,7,193,78,10,88,281
04/11/2002,SPI,IL,AGL,CE,Towers with Radar,0,41,47,8,96,0,3,67,1,71,0,44,114,9,167,52,9,61,228
04/12/2002,SPI,IL,AGL,CE,Towers with Radar,0,46,45,0,91,0,0,14,0,14,0,46,59,0,105,39,0,39,144
04/13/2002,SPI,IL,AGL,CE,Towers with Radar,0,24,20,0,44,0,0,29,0,29,0,24,49,0,73,87,0,87,160
04/14/2002,SPI,IL,AGL,CE,Towers with Radar,0,30,34,7,71,0,2,59,0,61,0,32,93,7,132,90,10,100,232
04/15/2002,SPI,IL,AGL,CE,Towers with Radar,0,44,63,12,119,0,3,55,0,58,0,47,118,12,177,79,8,87,264
04/16/2002,SPI,IL,AGL,CE,Towers with Radar,0,47,58,1,106,0,0,41,5,46,0,47,99,6,152,14,3,17,169
04/17/2002,SPI,IL,AGL,CE,Towers with Radar,0,50,68,15,133,0,1,65,0,66,0,51,133,15,199,90,9,99,298
04/18/2002,SPI,IL,AGL,CE,Towers with Radar,0,49,64,9,122,0,0,41,0,41,0,49,105,9,163,62,15,77,240
04/19/2002,SPI,IL,AGL,CE,Towers with Radar,0,46,47,6,99,0,0,60,0,60,0,46,107,6,159,62,0,62,221
04/20/2002,SPI,IL,AGL,CE,Towers with Radar,1,22,20,2,45,0,0,7,0,7,1,22,27,2,52,2,0,2,54
04/21/2002,SPI,IL,AGL,CE,Towers with Radar,0,27,12,0,39,0,0,2,0,2,0,27,14,0,41,5,0,5,46
04/22/2002,SPI,IL,AGL,CE,Towers with Radar,0,45,51,8,104,0,1,50,0,51,0,46,101,8,155,119,5,124,279
04/23/2002,SPI,IL,AGL,CE,Towers with Radar,0,50,62,12,124,0,0,84,0,84,0,50,146,12,208,115,7,122,330
04/24/2002,SPI,IL,AGL,CE,Towers with Radar,0,43,60,10,113,0,0,10,8,18,0,43,70,18,131,76,7,83,214
04/25/2002,SPI,IL,AGL,CE,Towers with Radar,0,50,64,11,125,0,0,56,7,63,0,50,120,18,188,52,14,66,254
04/26/2002,SPI,IL,AGL,CE,Towers with Radar,0,45,54,0,99,0,0,90,0,90,0,45,144,0,189,57,0,57,246
04/27/2002,SPI,IL,AGL,CE,Towers with Radar,0,15,15,1,31,0,7,0,0,7,0,22,15,1,38,0,0,0,38
04/28/2002,SPI,IL,AGL,CE,Towers with Radar,0,29,33,0,62,0,0,4,0,4,0,29,37,0,66,9,0,9,75
04/29/2002,SPI,IL,AGL,CE,Towers with Radar,0,47,54,2,103,0,0,96,0,96,0,47,150,2,199,73,5,78,277
04/30/2002,SPI,IL,AGL,CE,Towers with Radar,0,43,53,7,103,2,0,29,7,38,2,43,82,14,141,103,9,112,253
05/01/2002,SPI,IL,AGL,CE,Towers with Radar,0,52,59,9,120,0,1,26,0,27,0,53,85,9,147,56,12,68,215
05/02/2002,SPI,IL,AGL,CE,Towers with Radar,0,53,62,9,124,0,0,49,1,50,0,53,111,10,174,47,7,54,228
05/03/2002,SPI,IL,AGL,CE,Towers with Radar,2,48,58,3,111,0,1,94,0,95,2,49,152,3,206,97,12,109,315
05/04/2002,SPI,IL,AGL,CE,Towers with Radar,0,25,29,3,57,0,0,90,0,90,0,25,119,3,147,60,3,63,210
05/05/2002,SPI,IL,AGL,CE,Towers with Radar,0,34,39,5,78,0,0,72,0,72,0,34,111,5,150,96,0,96,246
05/06/2002,SPI,IL,AGL,CE,Towers with Radar,0,26,21,3,50,0,0,21,1,22,0,26,42,4,72,66,1,67,139
05/07/2002,SPI,IL,AGL,CE,Towers with Radar,0,50,63,16,129,0,0,24,3,27,0,50,87,19,156,150,23,173,329
05/08/2002,SPI,IL,AGL,CE,Towers with Radar,0,51,49,2,102,0,0,25,0,25,0,51,74,2,127,37,1,38,165
05/09/2002,SPI,IL,AGL,CE,Towers with Radar,0,52,72,5,129,0,1,30,0,31,0,53,102,5,160,57,11,68,228
05/10/2002,SPI,IL,AGL,CE,Towers with Radar,0,47,66,19,132,0,0,121,2,123,0,47,187,21,255,109,0,109,364
05/11/2002,SPI,IL,AGL,CE,Towers with Radar,0,23,25,0,48,0,0,1,0,1,0,23,26,0,49,14,0,14,63
05/12/2002,SPI,IL,AGL,CE,Towers with Radar,0,31,13,0,44,0,0,0,0,0,0,31,13,0,44,0,0,0,44
05/13/2002,SPI,IL,AGL,CE,Towers with Radar,0,48,57,2,107,0,0,61,0,61,0,48,118,2,168,97,7,104,272
05/14/2002,SPI,IL,AGL,CE,Towers with Radar,0,51,37,5,93,0,0,84,3,87,0,51,121,8,180,111,17,128,308
05/15/2002,SPI,IL,AGL,CE,Towers with Radar,0,55,36,15,106,0,0,68,3,71,0,55,104,18,177,97,17,114,291
05/16/2002,SPI,IL,AGL,CE,Towers with Radar,0,51,60,2,113,0,0,9,0,9,0,51,69,2,122,7,0,7,129
05/17/2002,SPI,IL,AGL,CE,Towers with Radar,2,53,52,20,127,0,0,31,2,33,2,53,83,22,160,53,10,63,223
05/18/2002,SPI,IL,AGL,CE,Towers with Radar,0,28,27,10,65,0,2,100,0,102,0,30,127,10,167,95,0,95,262
05/19/2002,SPI,IL,AGL,CE,Towers with Radar,0,33,36,0,69,0,1,106,0,107,0,34,142,0,176,147,0,147,323
05/20/2002,SPI,IL,AGL,CE,Towers with Radar,0,49,64,8,121,0,0,59,2,61,0,49,123,10,182,86,0,86,268
05/21/2002,SPI,IL,AGL,CE,Towers with Radar,0,46,54,3,103,0,0,78,2,80,0,46,132,5,183,64,0,64,247
05/22/2002,SPI,IL,AGL,CE,Towers with Radar,0,48,52,6,106,0,0,74,0,74,0,48,126,6,180,75,2,77,257
05/23/2002,SPI,IL,AGL,CE,Towers with Radar,0,45,62,13,120,0,1,36,0,37,0,46,98,13,157,24,5,29,186
05/24/2002,SPI,IL,AGL,CE,Towers with Radar,0,28,22,0,50,0,0,12,0,12,0,28,34,0,62,72,0,72,134
05/25/2002,SPI,IL,AGL,CE,Towers with Radar,0,23,14,0,37,0,0,27,0,27,0,23,41,0,64,45,0,45,109
05/26/2002,SPI,IL,AGL,CE,Towers with Radar,0,25,18,0,43,0,0,78,0,78,0,25,96,0,121,70,0,70,191
05/27/2002,SPI,IL,AGL,CE,Towers with Radar,0,31,29,0,60,0,2,33,0,35,0,33,62,0,95,55,0,55,150
05/28/2002,SPI,IL,AGL,CE,Towers with Radar,0,45,47,3,95,0,0,48,11,59,0,45,95,14,154,112,5,117,271
05/29/2002,SPI,IL,AGL,CE,Towers with Radar,0,48,55,9,112,0,0,52,0,52,0,48,107,9,164,115,4,119,283
05/30/2002,SPI,IL,AGL,CE,Towers with Radar,0,46,64,11,121,0,0,47,2,49,0,46,111,13,170,55,6,61,231
05/31/2002,SPI,IL,AGL,CE,Towers with Radar,0,49,53,7,109,0,0,70,3,73,0,49,123,10,182,72,4,76,258
06/01/2002,SPI,IL,AGL,CE,Towers with Radar,0,18,21,3,42,0,1,40,7,48,0,19,61,10,90,89,0,89,179
06/02/2002,SPI,IL,AGL,CE,Towers with Radar,0,32,38,5,75,0,4,33,1,38,0,36,71,6,113,78,0,78,191
06/03/2002,SPI,IL,AGL,CE,Towers with Radar,0,37,44,6,87,0,6,39,0,45,0,43,83,6,132,94,8,102,234
06/04/2002,SPI,IL,AGL,CE,Towers with Radar,0,40,49,7,96,0,0,60,3,63,0,40,109,10,159,38,6,44,203
06/05/2002,SPI,IL,AGL,CE,Towers with Radar,0,48,59,11,118,0,0,9,0,9,0,48,68,11,127,66,0,66,193
06/06/2002,SPI,IL,AGL,CE,Towers with Radar,0,47,76,22,145,0,0,76,3,79,0,47,152,25,224,171,11,182,406
06/07/2002,SPI,IL,AGL,CE,Towers with Radar,0,46,62,10,118,0,0,70,3,73,0,46,132,13,191,103,26,129,320
06/08/2002,SPI,IL,AGL,CE,Towers with Radar,0,23,26,2,51,0,0,94,0,94,0,23,120,2,145,118,0,118,263
06/09/2002,SPI,IL,AGL,CE,Towers with Radar,0,29,41,0,70,0,0,53,0,53,0,29,94,0,123,88,0,88,211
06/10/2002,SPI,IL,AGL,CE,Towers with Radar,0,42,55,19,116,0,0,24,0,24,0,42,79,19,140,46,6,52,192
06/11/2002,SPI,IL,AGL,CE,Towers with Radar,0,7,28,6,41,0,31,6,0,37,0,38,34,6,78,6,0,6,84
06/12/2002,SPI,IL,AGL,CE,Towers with Radar,0,25,30,2,57,0,5,32,0,37,0,30,62,2,94,62,8,70,164
06/13/2002,SPI,IL,AGL,CE,Towers with Radar,0,42,59,5,106,0,0,26,0,26,0,42,85,5,132,63,0,63,195
06/14/2002,SPI,IL,AGL,CE,Towers with Radar,0,44,60,10,114,0,0,66,15,81,0,44,126,25,195,67,2,69,264
06/15/2002,SPI,IL,AGL,CE,Towers with Radar,1,24,23,2,50,0,1,65,0,66,1,25,88,2,116,98,0,98,214
06/16/2002,SPI,IL,AGL,CE,Towers with Radar,0,32,35,2,69,0,0,0,0,0,0,32,35,2,69,78,0,78,147
06/17/2002,SPI,IL,AGL,CE,Towers with Radar,0,45,60,6,111,0,0,51,2,53,0,45,111,8,164,35,0,35,199
06/18/2002,SPI,IL,AGL,CE,Towers with Radar,0,34,42,7,83,0,12,68,7,87,0,46,110,14,170,36,12,48,218
06/19/2002,SPI,IL,AGL,CE,Towers with Radar,0,43,45,3,91,0,0,74,5,79,0,43,119,8,170,90,14,104,274
06/20/2002,SPI,IL,AGL,CE,Towers with Radar,0,46,75,2,123,0,2,56,1,59,0,48,131,3,182,121,3,124,306
06/21/2002,SPI,IL,AGL,CE,Towers with Radar,0,40,49,7,96,0,5,42,0,47,0,45,91,7,143,52,12,64,207
06/22/2002,SPI,IL,AGL,CE,Towers with Radar,1,27,18,0,46,1,1,64,0,66,2,28,82,0,112,99,0,99,211
06/23/2002,SPI,IL,AGL,CE,Towers with Radar,0,31,22,0,53,0,0,74,0,74,0,31,96,0,127,121,0,121,248
06/24/2002,SPI,IL,AGL,CE,Towers with Radar,0,43,53,9,105,0,2,41,3,46,0,45,94,12,151,62,8,70,221
06/25/2002,SPI,IL,AGL,CE,Towers with Radar,0,39,49,7,95,2,2,40,0,44,2,41,89,7,139,68,7,75,214
06/26/2002,SPI,IL,AGL,CE,Towers with Radar,0,44,59,12,115,0,0,65,2,67,0,44,124,14,182,137,14,151,333
06/27/2002,SPI,IL,AGL,CE,Towers with Radar,0,47,67,10,124,0,0,78,6,84,0,47,145,16,208,105,22,127,335
06/28/2002,SPI,IL,AGL,CE,Towers with Radar,0,41,72,5,118,0,0,57,1,58,0,41,129,6,176,68,2,70,246
06/29/2002,SPI,IL,AGL,CE,Towers with Radar,0,19,24,0,43,0,2,57,0,59,0,21,81,0,102,54,0,54,156
06/30/2002,SPI,IL,AGL,CE,Towers with Radar,0,29,17,6,52,0,0,66,0,66,0,29,83,6,118,89,0,89,207
07/01/2002,SPI,IL,AGL,CE,Towers with Radar,0,46,45,10,101,0,0,37,1,38,0,46,82,11,139,60,6,66,205
07/02/2002,SPI,IL,AGL,CE,Towers with Radar,0,43,56,19,118,0,5,67,2,74,0,48,123,21,192,111,8,119,311
07/03/2002,SPI,IL,AGL,CE,Towers with Radar,0,41,41,5,87,0,1,52,0,53,0,42,93,5,140,72,15,87,227
07/04/2002,SPI,IL,AGL,CE,Towers with Radar,0,22,11,1,34,0,2,42,1,45,0,24,53,2,79,20,3,23,102
07/05/2002,SPI,IL,AGL,CE,Towers with Radar,0,20,24,0,44,0,4,27,0,31,0,24,51,0,75,24,0,24,99
07/06/2002,SPI,IL,AGL,CE,Towers with Radar,0,21,8,0,29,0,1,52,0,53,0,22,60,0,82,59,0,59,141
07/07/2002,SPI,IL,AGL,CE,Towers with Radar,0,32,21,0,53,0,1,53,0,54,0,33,74,0,107,58,0,58,165
07/08/2002,SPI,IL,AGL,CE,Towers with Radar,0,43,42,15,100,0,0,45,2,47,0,43,87,17,147,30,25,55,202
07/09/2002,SPI,IL,AGL,CE,Towers with Radar,0,41,55,17,113,0,0,44,1,45,0,41,99,18,158,40,21,61,219
07/10/2002,SPI,IL,AGL,CE,Towers with Radar,0,45,55,14,114,0,0,38,11,49,0,45,93,25,163,46,4,50,213
07/11/2002,SPI,IL,AGL,CE,Towers with Radar,0,39,50,10,99,0,0,48,1,49,0,39,98,11,148,136,2,138,286
07/12/2002,SPI,IL,AGL,CE,Towers with Radar,0,42,52,18,112,0,0,43,1,44,0,42,95,19,156,72,10,82,238
07/13/2002,SPI,IL,AGL,CE,Towers with Radar,0,24,25,14,63,0,1,75,2,78,0,25,100,16,141,47,12,59,200
07/14/2002,SPI,IL,AGL,CE,Towers with Radar,0,31,26,12,69,0,0,170,1,171,0,31,196,13,240,70,21,91,331
07/15/2002,SPI,IL,AGL,CE,Towers with Radar,0,43,41,19,103,0,0,73,4,77,0,43,114,23,180,105,12,117,297
07/16/2002,SPI,IL,AGL,CE,Towers with Radar,0,43,68,17,128,0,0,55,7,62,0,43,123,24,190,106,17,123,313
07/17/2002,SPI,IL,AGL,CE,Towers with Radar,0,46,51,12,109,0,0,36,3,39,0,46,87,15,148,82,13,95,243
07/18/2002,SPI,IL,AGL,CE,Towers with Radar,0,42,74,13,129,0,0,54,6,60,0,42,128,19,189,34,28,62,251
07/19/2002,SPI,IL,AGL,CE,Towers with Radar,0,45,50,0,95,0,1,17,0,18,0,46,67,0,113,65,0,65,178
07/20/2002,SPI,IL,AGL,CE,Towers with Radar,0,21,22,8,51,0,2,37,1,40,0,23,59,9,91,120,0,120,211
07/21/2002,SPI,IL,AGL,CE,Towers with Radar,0,27,23,2,52,0,0,51,1,52,0,27,74,3,104,97,0,97,201
07/22/2002,SPI,IL,AGL,CE,Towers with Radar,2,46,48,16,112,0,0,32,0,32,2,46,80,16,144,47,5,52,196
07/23/2002,SPI,IL,AGL,CE,Towers with Radar,0,41,49,22,112,0,2,71,2,75,0,43,120,24,187,107,28,135,322
07/24/2002,SPI,IL,AGL,CE,Towers with Radar,0,47,59,23,129,0,0,74,12,86,0,47,133,35,215,122,14,136,351
07/25/2002,SPI,IL,AGL,CE,Towers with Radar,0,42,50,11,103,0,0,59,0,59,0,42,109,11,162,40,14,54,216
07/26/2002,SPI,IL,AGL,CE,Towers with Radar,0,42,36,13,91,0,0,30,0,30,0,42,66,13,121,11,9,20,141
07/27/2002,SPI,IL,AGL,CE,Towers with Radar,0,23,20,2,45,0,0,36,0,36,0,23,56,2,81,20,0,20,101
07/28/2002,SPI,IL,AGL,CE,Towers with Radar,0,31,29,0,60,0,4,44,0,48,0,35,73,0,108,85,0,85,193
07/29/2002,SPI,IL,AGL,CE,Towers with Radar,0,41,51,14,106,0,0,18,13,31,0,41,69,27,137,43,4,47,184
07/30/2002,SPI,IL,AGL,CE,Towers with Radar,0,40,49,10,99,0,0,103,0,103,0,40,152,10,202,68,21,89,291
07/31/2002,SPI,IL,AGL,CE,Towers with Radar,0,39,43,9,91,0,4,72,0,76,0,43,115,9,167,63,15,78,245
08/01/2002,SPI,IL,AGL,CE,Towers with Radar,0,42,59,24,125,0,0,56,4,60,0,42,115,28,185,98,41,139,324
08/02/2002,SPI,IL,AGL,CE,Towers with Radar,0,44,54,18,116,0,0,50,1,51,0,44,104,19,167,69,8,77,244
08/03/2002,SPI,IL,AGL,CE,Towers with Radar,0,22,12,11,45,0,0,46,7,53,0,22,58,18,98,33,15,48,146
08/04/2002,SPI,IL,AGL,CE,Towers with Radar,0,35,26,8,69,0,0,34,2,36,0,35,60,10,105,19,12,31,136
08/05/2002,SPI,IL,AGL,CE,Towers with Radar,2,49,51,21,123,0,0,35,0,35,2,49,86,21,158,73,5,78,236
08/06/2002,SPI,IL,AGL,CE,Towers with Radar,0,44,48,14,106,0,0,79,4,83,0,44,127,18,189,54,22,76,265
08/07/2002,SPI,IL,AGL,CE,Towers with Radar,0,42,52,6,100,0,0,96,6,102,0,42,148,12,202,64,28,92,294
08/08/2002,SPI,IL,AGL,CE,Towers with Radar,0,45,59,8,112,0,0,97,2,99,0,45,156,10,211,53,6,59,270
08/09/2002,SPI,IL,AGL,CE,Towers with Radar,2,47,35,0,84,0,0,88,0,88,2,47,123,0,172,59,0,59,231
08/10/2002,SPI,IL,AGL,CE,Towers with Radar,0,23,25,0,48,0,0,58,0,58,0,23,83,0,106,42,0,42,148
08/11/2002,SPI,IL,AGL,CE,Towers with Radar,0,32,21,0,53,0,0,37,0,37,0,32,58,0,90,78,0,78,168
08/12/2002,SPI,IL,AGL,CE,Towers with Radar,0,42,47,3,92,0,1,40,3,44,0,43,87,6,136,41,7,48,184
08/13/2002,SPI,IL,AGL,CE,Towers with Radar,0,41,49,6,96,0,0,14,0,14,0,41,63,6,110,21,0,21,131
08/14/2002,SPI,IL,AGL,CE,Towers with Radar,0,44,79,2,125,0,0,26,0,26,0,44,105,2,151,33,0,33,184
08/15/2002,SPI,IL,AGL,CE,Towers with Radar,2,48,52,11,113,0,0,52,0,52,2,48,104,11,165,41,10,51,216
08/16/2002,SPI,IL,AGL,CE,Towers with Radar,0,41,57,3,101,0,0,17,1,18,0,41,74,4,119,26,0,26,145
08/17/2002,SPI,IL,AGL,CE,Towers with Radar,0,20,37,0,57,0,0,21,0,21,0,20,58,0,78,34,0,34,112
08/18/2002,SPI,IL,AGL,CE,Towers with Radar,2,34,18,0,54,0,4,21,0,25,2,38,39,0,79,59,0,59,138
08/19/2002,SPI,IL,AGL,CE,Towers with Radar,0,45,56,6,107,0,0,22,0,22,0,45,78,6,129,14,0,14,143
08/20/2002,SPI,IL,AGL,CE,Towers with Radar,0,50,55,22,127,0,0,45,2,47,0,50,100,24,174,54,8,62,236
08/21/2002,SPI,IL,AGL,CE,Towers with Radar,0,48,73,16,137,0,1,67,0,68,0,49,140,16,205,36,9,45,250
08/22/2002,SPI,IL,AGL,CE,Towers with Radar,0,44,59,8,111,0,0,28,1,29,0,44,87,9,140,85,13,98,238
08/23/2002,SPI,IL,AGL,CE,Towers with Radar,0,47,32,13,92,0,0,10,0,10,0,47,42,13,102,0,10,10,112
08/24/2002,SPI,IL,AGL,CE,Towers with Radar,0,22,23,14,59,0,0,37,0,37,0,22,60,14,96,53,6,59,155
08/25/2002,SPI,IL,AGL,CE,Towers with Radar,0,32,15,13,60,0,0,62,1,63,0,32,77,14,123,109,18,127,250
08/26/2002,SPI,IL,AGL,CE,Towers with Radar,0,47,52,13,112,0,0,61,0,61,0,47,113,13,173,73,3,76,249
08/27/2002,SPI,IL,AGL,CE,Towers with Radar,0,46,52,15,113,0,0,61,2,63,0,46,113,17,176,53,10,63,239
08/28/2002,SPI,IL,AGL,CE,Towers with Radar,0,43,67,9,119,0,0,71,2,73,0,43,138,11,192,74,7,81,273
08/29/2002,SPI,IL,AGL,CE,Towers with Radar,0,45,53,15,113,0,0,57,2,59,0,45,110,17,172,64,0,64,236
08/30/2002,SPI,IL,AGL,CE,Towers with Radar,0,48,63,2,113,0,0,59,0,59,0,48,122,2,172,65,0,65,237
08/31/2002,SPI,IL,AGL,CE,Towers with Radar,0,23,25,0,48,0,1,64,0,65,0,24,89,0,113,32,0,32,145
09/01/2002,SPI,IL,AGL,CE,Towers with Radar,0,22,17,0,39,0,2,70,0,72,0,24,87,0,111,79,0,79,190
09/02/2002,SPI,IL,AGL,CE,Towers with Radar,0,25,30,2,57,0,0,31,0,31,0,25,61,2,88,38,0,38,126
09/03/2002,SPI,IL,AGL,CE,Towers with Radar,0,37,45,9,91,0,0,65,9,74,0,37,110,18,165,64,3,67,232
09/04/2002,SPI,IL,AGL,CE,Towers with Radar,0,40,43,18,101,0,0,61,0,61,0,40,104,18,162,47,25,72,234
09/05/2002,SPI,IL,AGL,CE,Towers with Radar,0,39,57,13,109,0,0,97,31,128,0,39,154,44,237,61,0,61,298
09/06/2002,SPI,IL,AGL,CE,Towers with Radar,0,40,45,7,92,0,0,98,0,98,0,40,143,7,190,22,19,41,231
09/07/2002,SPI,IL,AGL,CE,Towers with Radar,0,22,13,5,40,0,2,77,0,79,0,24,90,5,119,71,2,73,192
09/08/2002,SPI,IL,AGL,CE,Towers with Radar,0,26,30,4,60,0,6,61,0,67,0,32,91,4,127,132,6,138,265
09/09/2002,SPI,IL,AGL,CE,Towers with Radar,0,42,43,10,95,0,0,56,0,56,0,42,99,10,151,105,4,109,260
09/10/2002,SPI,IL,AGL,CE,Towers with Radar,0,35,39,10,84,0,3,52,3,58,0,38,91,13,142,83,11,94,236
09/11/2002,SPI,IL,AGL,CE,Towers with Radar,0,35,43,21,99,0,0,74,3,77,0,35,117,24,176,102,16,118,294
09/12/2002,SPI,IL,AGL,CE,Towers with Radar,0,42,58,1,101,0,0,46,0,46,0,42,104,1,147,30,0,30,177
09/13/2002,SPI,IL,AGL,CE,Towers with Radar,0,25,47,2,74,0,0,17,0,17,0,25,64,2,91,31,0,31,122
09/14/2002,SPI,IL,AGL,CE,Towers with Radar,0,25,28,2,55,0,0,36,0,36,0,25,64,2,91,31,0,31,122
09/15/2002,SPI,IL,AGL,CE,Towers with Radar,0,35,40,4,79,0,1,7,0,8,0,36,47,4,87,16,0,16,103
09/16/2002,SPI,IL,AGL,CE,Towers with Radar,0,39,45,8,92,0,1,57,0,58,0,40,102,8,150,39,5,44,194
09/17/2002,SPI,IL,AGL,CE,Towers with Radar,0,41,39,7,87,0,0,47,0,47,0,41,86,7,134,44,11,55,189
09/18/2002,SPI,IL,AGL,CE,Towers with Radar,0,22,26,3,51,0,0,22,0,22,0,22,48,3,73,59,0,59,132
09/19/2002,SPI,IL,AGL,CE,Towers with Radar,0,39,51,9,99,0,0,13,0,13,0,39,64,9,112,29,10,39,151
09/20/2002,SPI,IL,AGL,CE,Towers with Radar,0,44,54,25,123,0,0,18,0,18,0,44,72,25,141,24,2,26,167
09/21/2002,SPI,IL,AGL,CE,Towers with Radar,0,32,19,3,54,0,21,84,0,105,0,53,103,3,159,114,0,114,273
09/22/2002,SPI,IL,AGL,CE,Towers with Radar,0,29,34,0,63,0,0,62,0,62,0,29,96,0,125,79,0,79,204
09/23/2002,SPI,IL,AGL,CE,Towers with Radar,0,23,26,6,55,0,16,90,4,110,0,39,116,10,165,33,17,50,215
09/24/2002,SPI,IL,AGL,CE,Towers with Radar,0,44,55,8,107,0,0,78,0,78,0,44,133,8,185,31,12,43,228
09/25/2002,SPI,IL,AGL,CE,Towers with Radar,0,43,58,0,101,0,1,98,1,100,0,44,156,1,201,60,0,60,261
09/26/2002,SPI,IL,AGL,CE,Towers with Radar,0,41,77,2,120,0,0,77,0,77,0,41,154,2,197,101,0,101,298
09/27/2002,SPI,IL,AGL,CE,Towers with Radar,0,38,63,8,109,0,0,44,2,46,0,38,107,10,155,38,0,38,193
09/28/2002,SPI,IL,AGL,CE,Towers with Radar,0,21,24,0,45,0,1,48,0,49,0,22,72,0,94,36,0,36,130
09/29/2002,SPI,IL,AGL,CE,Towers with Radar,0,36,26,0,62,0,0,46,0,46,0,36,72,0,108,54,0,54,162
09/30/2002,SPI,IL,AGL,CE,Towers with Radar,0,39,46,2,87,0,0,33,0,33,0,39,79,2,120,11,0,11,131
10/01/2002,SPI,IL,AGL,CE,Towers with Radar,0,21,29,4,54,0,0,37,0,37,0,21,66,4,91,12,8,20,111
10/02/2002,SPI,IL,AGL,CE,Towers with Radar,0,48,51,8,107,0,0,50,0,50,0,48,101,8,157,79,20,99,256
10/03/2002,SPI,IL,AGL,CE,Towers with Radar,0,43,65,3,111,0,0,10,0,10,0,43,75,3,121,23,0,23,144
10/04/2002,SPI,IL,AGL,CE,Towers with Radar,0,38,36,9,83,0,0,14,1,15,0,38,50,10,98,7,0,7,105
10/05/2002,SPI,IL,AGL,CE,Towers with Radar,0,21,20,6,47,0,0,93,2,95,0,21,113,8,142,50,24,74,216
10/06/2002,SPI,IL,AGL,CE,Towers with Radar,0,36,27,8,71,0,0,26,3,29,0,36,53,11,100,21,17,38,138
10/07/2002,SPI,IL,AGL,CE,Towers with Radar,0,42,64,19,125,0,2,87,1,90,0,44,151,20,215,54,16,70,285
10/08/2002,SPI,IL,AGL,CE,Towers with Radar,0,41,70,8,119,0,0,69,2,71,0,41,139,10,190,99,26,125,315
10/09/2002,SPI,IL,AGL,CE,Towers with Radar,0,43,63,4,110,0,0,91,1,92,0,43,154,5,202,89,3,92,294
10/10/2002,SPI,IL,AGL,CE,Towers with Radar,0,37,49,9,95,0,2,78,2,82,0,39,127,11,177,38,27,65,242
10/11/2002,SPI,IL,AGL,CE,Towers with Radar,0,38,42,8,88,0,0,63,3,66,0,38,105,11,154,58,4,62,216
10/12/2002,SPI,IL,AGL,CE,Towers with Radar,0,20,29,2,51,0,0,7,2,9,0,20,36,4,60,63,0,63,123
10/13/2002,SPI,IL,AGL,CE,Towers with Radar,0,33,14,2,49,0,1,48,2,51,0,34,62,4,100,38,0,38,138
10/14/2002,SPI,IL,AGL,CE,Towers with Radar,0,41,34,5,80,0,1,56,1,58,0,42,90,6,138,59,0,59,197
10/15/2002,SPI,IL,AGL,CE,Towers with Radar,0,46,48,22,116,0,0,64,2,66,0,46,112,24,182,81,8,89,271
10/16/2002,SPI,IL,AGL,CE,Towers with Radar,0,38,51,13,102,0,1,58,1,60,0,39,109,14,162,91,7,98,260
10/17/2002,SPI,IL,AGL,CE,Towers with Radar,0,41,85,15,141,0,0,30,1,31,0,41,115,16,172,29,10,39,211
10/18/2002,SPI,IL,AGL,CE,Towers with Radar,0,40,59,3,102,0,0,26,0,26,0,40,85,3,128,3,0,3,131
10/19/2002,SPI,IL,AGL,CE,Towers with Radar,0,21,24,5,50,0,0,60,0,60,0,21,84,5,110,42,0,42,152
10/20/2002,SPI,IL,AGL,CE,Towers with Radar,0,34,22,2,58,0,0,80,0,80,0,34,102,2,138,47,0,47,185
10/21/2002,SPI,IL,AGL,CE,Towers with Radar,0,44,56,25,125,0,0,72,0,72,0,44,128,25,197,131,30,161,358
10/22/2002,SPI,IL,AGL,CE,Towers with Radar,0,41,76,10,127,0,0,14,0,14,0,41,90,10,141,12,0,12,153
10/23/2002,SPI,IL,AGL,CE,Towers with Radar,0,42,79,17,138,0,0,31,0,31,0,42,110,17,169,50,10,60,229
10/24/2002,SPI,IL,AGL,CE,Towers with Radar,0,41,48,2,91,0,0,46,0,46,0,41,94,2,137,61,0,61,198
10/25/2002,SPI,IL,AGL,CE,Towers with Radar,0,40,48,0,88,0,0,0,0,0,0,40,48,0,88,3,0,3,91
10/26/2002,SPI,IL,AGL,CE,Towers with Radar,0,21,21,1,43,0,0,13,0,13,0,21,34,1,56,15,0,15,71
10/27/2002,SPI,IL,AGL,CE,Towers with Radar,0,33,18,2,53,0,0,49,0,49,0,33,67,2,102,59,0,59,161
10/28/2002,SPI,IL,AGL,CE,Towers with Radar,0,43,47,3,93,0,0,24,0,24,0,43,71,3,117,36,0,36,153
10/29/2002,SPI,IL,AGL,CE,Towers with Radar,0,40,48,2,90,0,0,1,0,1,0,40,49,2,91,5,2,7,98
10/30/2002,SPI,IL,AGL,CE,Towers with Radar,0,40,63,5,108,0,0,16,1,17,0,40,79,6,125,39,0,39,164
10/31/2002,SPI,IL,AGL,CE,Towers with Radar,0,39,46,5,90,0,0,17,0,17,0,39,63,5,107,22,0,22,129
11/01/2002,SPI,IL,AGL,CE,Towers with Radar,0,41,45,7,93,0,0,63,5,68,0,41,108,12,161,39,26,65,226
11/02/2002,SPI,IL,AGL,CE,Towers with Radar,0,26,23,8,57,0,0,78,3,81,0,26,101,11,138,27,13,40,178
11/03/2002,SPI,IL,AGL,CE,Towers with Radar,0,35,30,5,70,2,0,0,0,2,2,35,30,5,72,1,0,1,73
11/04/2002,SPI,IL,AGL,CE,Towers with Radar,0,46,60,28,134,0,0,44,0,44,0,46,104,28,178,117,17,134,312
11/05/2002,SPI,IL,AGL,CE,Towers with Radar,0,36,33,4,73,0,0,1,0,1,0,36,34,4,74,4,1,5,79
11/06/2002,SPI,IL,AGL,CE,Towers with Radar,0,39,58,9,106,0,0,33,0,33,0,39,91,9,139,88,11,99,238
11/07/2002,SPI,IL,AGL,CE,Towers with Radar,0,42,62,13,117,0,0,53,3,56,0,42,115,16,173,67,30,97,270
11/08/2002,SPI,IL,AGL,CE,Towers with Radar,0,40,46,7,93,0,0,37,0,37,0,40,83,7,130,38,6,44,174
11/09/2002,SPI,IL,AGL,CE,Towers with Radar,0,23,9,0,32,0,0,16,0,16,0,23,25,0,48,27,0,27,75
11/10/2002,SPI,IL,AGL,CE,Towers with Radar,0,35,14,0,49,3,0,36,0,39,3,35,50,0,88,1,0,1,89
11/11/2002,SPI,IL,AGL,CE,Towers with Radar,0,42,21,0,63,0,0,20,0,20,0,42,41,0,83,25,0,25,108
11/12/2002,SPI,IL,AGL,CE,Towers with Radar,0,43,47,9,99,0,0,35,15,50,0,43,82,24,149,100,8,108,257
11/13/2002,SPI,IL,AGL,CE,Towers with Radar,0,42,58,9,109,0,0,66,3,69,0,42,124,12,178,43,39,82,260
11/14/2002,SPI,IL,AGL,CE,Towers with Radar,0,36,63,9,108,3,0,46,2,51,3,36,109,11,159,48,20,68,227
11/15/2002,SPI,IL,AGL,CE,Towers with Radar,0,43,33,6,82,0,0,2,0,2,0,43,35,6,84,1,0,1,85
11/16/2002,SPI,IL,AGL,CE,Towers with Radar,0,22,23,3,48,0,6,51,0,57,0,28,74,3,105,89,8,97,202
11/17/2002,SPI,IL,AGL,CE,Towers with Radar,0,28,30,0,58,0,7,43,0,50,0,35,73,0,108,78,0,78,186
11/18/2002,SPI,IL,AGL,CE,Towers with Radar,0,43,52,21,116,0,3,44,0,47,0,46,96,21,163,23,23,46,209
11/19/2002,SPI,IL,AGL,CE,Towers with Radar,0,41,60,23,124,0,0,56,0,56,0,41,116,23,180,28,39,67,247
11/20/2002,SPI,IL,AGL,CE,Towers with Radar,0,43,13,6,62,0,0,87,5,92,0,43,100,11,154,75,14,89,243
11/21/2002,SPI,IL,AGL,CE,Towers with Radar,0,43,46,4,93,0,5,26,0,31,0,48,72,4,124,5,0,5,129
11/22/2002,SPI,IL,AGL,CE,Towers with Radar,0,38,49,0,87,0,0,42,0,42,0,38,91,0,129,30,0,30,159
11/23/2002,SPI,IL,AGL,CE,Towers with Radar,0,24,21,1,46,0,0,49,0,49,0,24,70,1,95,48,0,48,143
11/24/2002,SPI,IL,AGL,CE,Towers with Radar,0,24,26,0,50,0,8,45,0,53,0,32,71,0,103,49,0,49,152
11/25/2002,SPI,IL,AGL,CE,Towers with Radar,0,41,55,4,100,2,1,52,3,58,2,42,107,7,158,33,15,48,206
11/26/2002,SPI,IL,AGL,CE,Towers with Radar,0,33,50,4,87,0,0,28,0,28,0,33,78,4,115,35,0,35,150
11/27/2002,SPI,IL,AGL,CE,Towers with Radar,0,41,46,8,95,0,0,69,3,72,0,41,115,11,167,77,19,96,263
11/28/2002,SPI,IL,AGL,CE,Towers with Radar,0,22,5,0,27,2,0,22,1,25,2,22,27,1,52,15,0,15,67
11/29/2002,SPI,IL,AGL,CE,Towers with Radar,0,22,8,0,30,0,0,34,0,34,0,22,42,0,64,66,0,66,130
11/30/2002,SPI,IL,AGL,CE,Towers with Radar,0,21,17,0,38,0,0,8,0,8,0,21,25,0,46,5,0,5,51
12/01/2002,SPI,IL,AGL,CE,Towers with Radar,0,32,22,0,54,0,1,52,0,53,0,33,74,0,107,51,0,51,158
12/02/2002,SPI,IL,AGL,CE,Towers with Radar,0,40,47,17,104,0,1,25,0,26,0,41,72,17,130,55,2,57,187
12/03/2002,SPI,IL,AGL,CE,Towers with Radar,0,39,48,18,105,0,1,59,0,60,0,40,107,18,165,108,6,114,279
12/04/2002,SPI,IL,AGL,CE,Towers with Radar,0,42,38,21,101,0,0,31,0,31,0,42,69,21,132,33,29,62,194
12/05/2002,SPI,IL,AGL,CE,Towers with Radar,0,44,54,14,112,0,0,45,0,45,0,44,99,14,157,86,0,86,243
12/06/2002,SPI,IL,AGL,CE,Towers with Radar,0,39,53,3,95,0,0,46,0,46,0,39,99,3,141,45,31,76,217
12/07/2002,SPI,IL,AGL,CE,Towers with Radar,0,24,16,0,40,0,0,65,0,65,0,24,81,0,105,119,0,119,224
12/08/2002,SPI,IL,AGL,CE,Towers with Radar,0,35,18,0,53,0,0,39,0,39,0,35,57,0,92,89,0,89,181
12/09/2002,SPI,IL,AGL,CE,Towers with Radar,0,43,46,17,106,0,1,50,2,53,0,44,96,19,159,18,13,31,190
12/10/2002,SPI,IL,AGL,CE,Towers with Radar,0,42,42,7,91,0,0,72,2,74,0,42,114,9,165,68,19,87,252
12/11/2002,SPI,IL,AGL,CE,Towers with Radar,0,44,43,12,99,0,0,59,4,63,0,44,102,16,162,52,17,69,231
12/12/2002,SPI,IL,AGL,CE,Towers with Radar,0,40,41,13,94,0,0,29,0,29,0,40,70,13,123,8,8,16,139
12/13/2002,SPI,IL,AGL,CE,Towers with Radar,0,47,51,13,111,0,0,10,0,10,0,47,61,13,121,13,6,19,140
12/14/2002,SPI,IL,AGL,CE,Towers with Radar,0,23,10,7,40,0,0,25,0,25,0,23,35,7,65,11,5,16,81
12/15/2002,SPI,IL,AGL,CE,Towers with Radar,0,32,31,6,69,0,0,41,4,45,0,32,72,10,114,62,23,85,199
12/16/2002,SPI,IL,AGL,CE,Towers with Radar,2,44,41,22,109,0,0,47,0,47,2,44,88,22,156,79,27,106,262
12/17/2002,SPI,IL,AGL,CE,Towers with Radar,5,43,48,5,101,0,0,4,0,4,5,43,52,5,105,2,4,6,111
12/18/2002,SPI,IL,AGL,CE,Towers with Radar,0,37,41,2,80,0,0,6,0,6,0,37,47,2,86,2,0,2,88
12/19/2002,SPI,IL,AGL,CE,Towers with Radar,2,41,58,15,116,0,0,36,0,36,2,41,94,15,152,19,18,37,189
12/20/2002,SPI,IL,AGL,CE,Towers with Radar,1,39,66,10,116,0,0,41,2,43,1,39,107,12,159,54,4,58,217
12/21/2002,SPI,IL,AGL,CE,Towers with Radar,0,28,18,0,46,0,1,61,0,62,0,29,79,0,108,49,0,49,157
12/22/2002,SPI,IL,AGL,CE,Towers with Radar,0,34,8,0,42,0,0,35,0,35,0,34,43,0,77,36,0,36,113
12/23/2002,SPI,IL,AGL,CE,Towers with Radar,0,37,33,7,77,0,0,48,0,48,0,37,81,7,125,66,12,78,203
12/24/2002,SPI,IL,AGL,CE,Towers with Radar,0,15,12,4,31,0,0,16,0,16,0,15,28,4,47,35,0,35,82
12/25/2002,SPI,IL,AGL,CE,Towers with Radar,0,24,3,0,27,0,0,13,0,13,0,24,16,0,40,11,0,11,51
12/26/2002,SPI,IL,AGL,CE,Towers with Radar,0,38,27,0,65,0,0,47,0,47,0,38,74,0,112,51,0,51,163
12/27/2002,SPI,IL,AGL,CE,Towers with Radar,0,41,35,6,82,0,0,22,0,22,0,41,57,6,104,15,32,47,151
12/28/2002,SPI,IL,AGL,CE,Towers with Radar,0,23,4,0,27,0,0,43,0,43,0,23,47,0,70,33,0,33,103
12/29/2002,SPI,IL,AGL,CE,Towers with Radar,0,33,8,0,41,0,0,51,0,51,0,33,59,0,92,90,0,90,182
12/30/2002,SPI,IL,AGL,CE,Towers with Radar,0,40,27,0,67,0,0,15,0,15,0,40,42,0,82,34,0,34,116
12/31/2002,SPI,IL,AGL,CE,Towers with Radar,0,22,28,3,53,0,0,50,0,50,0,22,78,3,103,53,8,61,164
01/01/2003,SPI,IL,AGL,CE,Towers with Radar,0,18,6,0,24,0,1,16,0,17,0,19,22,0,41,15,0,15,56
01/02/2003,SPI,IL,AGL,CE,Towers with Radar,0,31,21,0,52,0,1,1,0,2,0,32,22,0,54,0,0,0,54
01/03/2003,SPI,IL,AGL,CE,Towers with Radar,0,39,26,6,71,0,1,50,3,54,0,40,76,9,125,21,9,30,155
01/04/2003,SPI,IL,AGL,CE,Towers with Radar,0,29,9,11,49,0,1,21,0,22,0,30,30,11,71,6,11,17,88
01/05/2003,SPI,IL,AGL,CE,Towers with Radar,0,31,21,0,52,0,1,2,0,3,0,32,23,0,55,2,0,2,57
01/06/2003,SPI,IL,AGL,CE,Towers with Radar,0,41,45,10,96,0,1,42,0,43,0,42,87,10,139,16,15,31,170
01/07/2003,SPI,IL,AGL,CE,Towers with Radar,0,33,30,7,70,0,4,42,3,49,0,37,72,10,119,31,20,51,170
01/08/2003,SPI,IL,AGL,CE,Towers with Radar,0,38,59,12,109,0,1,59,0,60,0,39,118,12,169,31,32,63,232
01/09/2003,SPI,IL,AGL,CE,Towers with Radar,0,35,34,14,83,0,1,23,0,24,0,36,57,14,107,27,16,43,150
01/10/2003,SPI,IL,AGL,CE,Towers with Radar,0,36,37,9,82,0,0,34,0,34,0,36,71,9,116,26,13,39,155
01/11/2003,SPI,IL,AGL,CE,Towers with Radar,0,23,9,0,32,0,6,64,0,70,0,29,73,0,102,15,0,15,117
01/12/2003,SPI,IL,AGL,CE,Towers with Radar,2,39,38,0,79,0,10,54,0,64,2,49,92,0,143,69,0,69,212
01/13/2003,SPI,IL,AGL,CE,Towers with Radar,0,40,41,10,91,0,2,36,0,38,0,42,77,10,129,41,10,51,180
01/14/2003,SPI,IL,AGL,CE,Towers with Radar,0,44,38,8,90,0,0,36,0,36,0,44,74,8,126,32,9,41,167
01/15/2003,SPI,IL,AGL,CE,Towers with Radar,2,35,40,11,88,0,0,45,0,45,2,35,85,11,133,33,17,50,183
01/16/2003,SPI,IL,AGL,CE,Towers with Radar,0,32,40,8,80,0,0,9,0,9,0,32,49,8,89,0,0,0,89
01/17/2003,SPI,IL,AGL,CE,Towers with Radar,0,36,43,1,80,0,0,29,0,29,0,36,72,1,109,9,0,9,118
01/18/2003,SPI,IL,AGL,CE,Towers with Radar,0,20,7,2,29,0,0,11,0,11,0,20,18,2,40,12,0,12,52
01/19/2003,SPI,IL,AGL,CE,Towers with Radar,0,32,7,0,39,0,0,25,0,25,0,32,32,0,64,22,0,22,86
01/20/2003,SPI,IL,AGL,CE,Towers with Radar,0,36,27,0,63,0,0,39,0,39,0,36,66,0,102,51,0,51,153
01/21/2003,SPI,IL,AGL,CE,Towers with Radar,0,39,44,11,94,0,0,48,35,83,0,39,92,46,177,94,78,172,349
01/22/2003,SPI,IL,AGL,CE,Towers with Radar,0,40,34,6,80,0,0,11,0,11,0,40,45,6,91,3,3,6,97
01/23/2003,SPI,IL,AGL,CE,Towers with Radar,0,38,46,11,95,0,0,29,2,31,0,38,75,13,126,2,3,5,131
01/24/2003,SPI,IL,AGL,CE,Towers with Radar,0,32,34,20,86,0,0,22,0,22,0,32,56,20,108,25,19,44,152
01/25/2003,SPI,IL,AGL,CE,Towers with Radar,0,20,20,0,40,0,2,65,0,67,0,22,85,0,107,40,0,40,147
01/26/2003,SPI,IL,AGL,CE,Towers with Radar,0,30,9,4,43,0,0,15,0,15,0,30,24,4,58,7,0,7,65
01/27/2003,SPI,IL,AGL,CE,Towers with Radar,0,36,55,9,100,0,0,26,1,27,0,36,81,10,127,8,15,23,150
01/28/2003,SPI,IL,AGL,CE,Towers with Radar,0,32,42,18,92,0,0,9,0,9,0,32,51,18,101,81,34,115,216
01/29/2003,SPI,IL,AGL,CE,Towers with Radar,0,41,36,6,83,0,0,13,0,13,0,41,49,6,96,31,0,31,127
01/30/2003,SPI,IL,AGL,CE,Towers with Radar,0,39,68,8,115,0,0,22,0,22,0,39,90,8,137,53,5,58,195
01/31/2003,SPI,IL,AGL,CE,Towers with Radar,0,35,21,3,59,0,0,1,0,1,0,35,22,3,60,0,0,0,60
02/01/2003,SPI,IL,AGL,CE,Towers with Radar,0,21,19,23,63,0,0,31,1,32,0,21,50,24,95,55,29,84,179
02/02/2003,SPI,IL,AGL,CE,Towers with Radar,0,28,22,20,70,0,2,51,4,57,0,30,73,24,127,123,35,158,285
02/03/2003,SPI,IL,AGL,CE,Towers with Radar,0,33,35,7,75,0,0,0,0,0,0,33,35,7,75,0,3,3,78
02/04/2003,SPI,IL,AGL,CE,Towers with Radar,0,39,33,13,85,0,0,32,4,36,0,39,65,17,121,23,29,52,173
02/05/2003,SPI,IL,AGL,CE,Towers with Radar,0,40,46,9,95,0,0,80,0,80,0,40,126,9,175,111,19,130,305
02/06/2003,SPI,IL,AGL,CE,Towers with Radar,0,34,62,5,101,0,0,18,0,18,0,34,80,5,119,14,2,16,135
02/07/2003,SPI,IL,AGL,CE,Towers with Radar,0,37,61,2,100,0,0,31,1,32,0,37,92,3,132,37,1,38,170
02/08/2003,SPI,IL,AGL,CE,Towers with Radar,0,23,22,0,45,0,0,48,0,48,0,23,70,0,93,40,0,40,133
02/09/2003,SPI,IL,AGL,CE,Towers with Radar,0,32,18,0,50,0,0,49,0,49,0,32,67,0,99,80,0,80,179
02/10/2003,SPI,IL,AGL,CE,Towers with Radar,0,37,30,18,85,0,0,23,2,25,0,37,53,20,110,37,21,58,168
02/11/2003,SPI,IL,AGL,CE,Towers with Radar,0,34,43,16,93,0,0,32,0,32,0,34,75,16,125,62,2,64,189
02/12/2003,SPI,IL,AGL,CE,Towers with Radar,0,36,47,12,95,0,0,55,1,56,0,36,102,13,151,64,14,78,229
02/13/2003,SPI,IL,AGL,CE,Towers with Radar,0,36,53,20,109,0,1,57,2,60,0,37,110,22,169,75,15,90,259
02/14/2003,SPI,IL,AGL,CE,Towers with Radar,0,35,12,0,47,0,0,0,0,0,0,35,12,0,47,0,0,0,47
02/15/2003,SPI,IL,AGL,CE,Towers with Radar,0,19,1,0,20,0,0,0,0,0,0,19,1,0,20,0,0,0,20
02/16/2003,SPI,IL,AGL,CE,Towers with Radar,0,32,4,0,36,0,0,8,0,8,0,32,12,0,44,1,0,1,45
02/17/2003,SPI,IL,AGL,CE,Towers with Radar,0,35,32,0,67,0,1,10,0,11,0,36,42,0,78,2,0,2,80
02/18/2003,SPI,IL,AGL,CE,Towers with Radar,0,35,43,6,84,0,0,29,2,31,0,35,72,8,115,61,2,63,178
02/19/2003,SPI,IL,AGL,CE,Towers with Radar,0,37,41,14,92,0,0,52,3,55,0,37,93,17,147,47,22,69,216
02/20/2003,SPI,IL,AGL,CE,Towers with Radar,0,44,61,30,135,0,5,82,6,93,0,49,143,36,228,106,97,203,431
02/21/2003,SPI,IL,AGL,CE,Towers with Radar,0,47,74,8,129,0,0,5,0,5,0,47,79,8,134,33,7,40,174
02/22/2003,SPI,IL,AGL,CE,Towers with Radar,0,22,11,0,33,0,0,0,0,0,0,22,11,0,33,1,0,1,34
02/23/2003,SPI,IL,AGL,CE,Towers with Radar,0,31,32,4,67,0,0,42,0,42,0,31,74,4,109,130,24,154,263
02/24/2003,SPI,IL,AGL,CE,Towers with Radar,0,32,42,5,79,0,0,22,0,22,0,32,64,5,101,17,7,24,125
02/25/2003,SPI,IL,AGL,CE,Towers with Radar,0,38,43,5,86,0,0,41,1,42,0,38,84,6,128,78,18,96,224
02/26/2003,SPI,IL,AGL,CE,Towers with Radar,0,37,55,9,101,0,0,39,3,42,0,37,94,12,143,11,13,24,167
02/27/2003,SPI,IL,AGL,CE,Towers with Radar,0,37,78,14,129,0,0,32,0,32,0,37,110,14,161,106,4,110,271
02/28/2003,SPI,IL,AGL,CE,Towers with Radar,1,36,58,7,102,0,0,54,0,54,1,36,112,7,156,56,7,63,219
03/01/2003,SPI,IL,AGL,CE,Towers with Radar,0,24,18,0,42,0,0,1,0,1,0,24,19,0,43,1,0,1,44
03/02/2003,SPI,IL,AGL,CE,Towers with Radar,0,33,11,10,54,0,0,12,0,12,0,33,23,10,66,33,22,55,121
03/03/2003,SPI,IL,AGL,CE,Towers with Radar,0,31,32,12,75,0,0,40,1,41,0,31,72,13,116,16,12,28,144
03/04/2003,SPI,IL,AGL,CE,Towers with Radar,0,31,40,10,81,0,0,29,0,29,0,31,69,10,110,34,14,48,158
03/05/2003,SPI,IL,AGL,CE,Towers with Radar,0,37,44,13,94,0,0,18,0,18,0,37,62,13,112,26,4,30,142
03/06/2003,SPI,IL,AGL,CE,Towers with Radar,0,36,53,17,106,0,0,51,2,53,0,36,104,19,159,79,30,109,268
03/07/2003,SPI,IL,AGL,CE,Towers with Radar,0,39,38,1,78,0,0,71,0,71,0,39,109,1,149,59,0,59,208
03/08/2003,SPI,IL,AGL,CE,Towers with Radar,0,25,20,0,45,0,0,57,0,57,0,25,77,0,102,100,0,100,202
03/09/2003,SPI,IL,AGL,CE,Towers with Radar,0,31,30,0,61,0,0,55,3,58,0,31,85,3,119,99,0,99,218
03/10/2003,SPI,IL,AGL,CE,Towers with Radar,0,38,47,2,87,0,0,46,0,46,0,38,93,2,133,12,0,12,145
03/11/2003,SPI,IL,AGL,CE,Towers with Radar,0,35,57,8,100,0,0,60,1,61,0,35,117,9,161,30,19,49,210
03/12/2003,SPI,IL,AGL,CE,Towers with Radar,0,38,61,9,108,0,0,61,0,61,0,38,122,9,169,61,11,72,241
03/13/2003,SPI,IL,AGL,CE,Towers with Radar,0,39,75,12,126,0,0,21,0,21,0,39,96,12,147,11,3,14,161
03/14/2003,SPI,IL,AGL,CE,Towers with Radar,0,38,63,30,131,0,0,68,1,69,0,38,131,31,200,75,34,109,309
03/15/2003,SPI,IL,AGL,CE,Towers with Radar,0,25,20,0,45,0,0,29,0,29,0,25,49,0,74,49,0,49,123
03/16/2003,SPI,IL,AGL,CE,Towers with Radar,0,30,28,4,62,0,0,49,0,49,0,30,77,4,111,127,0,127,238
03/17/2003,SPI,IL,AGL,CE,Towers with Radar,0,38,56,7,101,0,0,40,0,40,0,38,96,7,141,43,14,57,198
03/18/2003,SPI,IL,AGL,CE,Towers with Radar,0,37,43,11,91,0,1,14,0,15,0,38,57,11,106,63,2,65,171
03/19/2003,SPI,IL,AGL,CE,Towers with Radar,2,34,47,1,84,0,1,2,0,3,2,35,49,1,87,1,0,1,88
03/20/2003,SPI,IL,AGL,CE,Towers with Radar,0,35,49,8,92,0,0,21,1,22,0,35,70,9,114,33,19,52,166
03/21/2003,SPI,IL,AGL,CE,Towers with Radar,0,35,49,0,84,0,2,41,0,43,0,37,90,0,127,12,0,12,139
03/22/2003,SPI,IL,AGL,CE,Towers with Radar,0,23,15,0,38,0,0,88,0,88,0,23,103,0,126,123,0,123,249
03/23/2003,SPI,IL,AGL,CE,Towers with Radar,0,33,25,0,58,0,8,70,1,79,0,41,95,1,137,135,0,135,272
03/24/2003,SPI,IL,AGL,CE,Towers with Radar,0,38,53,27,118,0,1,57,0,58,0,39,110,27,176,56,20,76,252
03/25/2003,SPI,IL,AGL,CE,Towers with Radar,0,39,52,13,104,0,0,33,1,34,0,39,85,14,138,19,8,27,165
03/26/2003,SPI,IL,AGL,CE,Towers with Radar,0,40,59,14,113,0,2,76,1,79,0,42,135,15,192,68,21,89,281
03/27/2003,SPI,IL,AGL,CE,Towers with Radar,0,38,43,2,83,0,0,30,0,30,0,38,73,2,113,6,0,6,119
03/28/2003,SPI,IL,AGL,CE,Towers with Radar,0,35,32,0,67,0,0,4,0,4,0,35,36,0,71,1,0,1,72
03/29/2003,SPI,IL,AGL,CE,Towers with Radar,0,26,10,0,36,0,0,28,0,28,0,26,38,0,64,60,0,60,124
03/30/2003,SPI,IL,AGL,CE,Towers with Radar,1,37,27,1,66,0,0,73,0,73,1,37,100,1,139,126,0,126,265
03/31/2003,SPI,IL,AGL,CE,Towers with Radar,0,37,37,6,80,0,0,57,0,57,0,37,94,6,137,22,5,27,164
04/01/2003,SPI,IL,AGL,CE,Towers with Radar,0,39,39,12,90,0,4,31,0,35,0,43,70,12,125,7,20,27,152
04/02/2003,SPI,IL,AGL,CE,Towers with Radar,0,39,47,9,95,0,0,44,1,45,0,39,91,10,140,32,30,62,202
04/03/2003,SPI,IL,AGL,CE,Towers with Radar,0,42,34,10,86,0,0,27,0,27,0,42,61,10,113,27,21,48,161
04/04/2003,SPI,IL,AGL,CE,Towers with Radar,0,36,21,0,57,0,0,0,0,0,0,36,21,0,57,21,0,21,78
04/05/2003,SPI,IL,AGL,CE,Towers with Radar,0,22,20,0,42,0,0,40,0,40,0,22,60,0,82,126,0,126,208
04/06/2003,SPI,IL,AGL,CE,Towers with Radar,0,32,11,1,44,0,0,2,0,2,0,32,13,1,46,2,3,5,51
04/07/2003,SPI,IL,AGL,CE,Towers with Radar,0,33,40,6,79,0,0,10,0,10,0,33,50,6,89,0,0,0,89
04/08/2003,SPI,IL,AGL,CE,Towers with Radar,0,37,47,6,90,0,0,4,0,4,0,37,51,6,94,2,6,8,102
04/09/2003,SPI,IL,AGL,CE,Towers with Radar,0,39,71,1,111,0,2,54,0,56,0,41,125,1,167,61,12,73,240
04/10/2003,SPI,IL,AGL,CE,Towers with Radar,0,40,63,0,103,0,0,95,0,95,0,40,158,0,198,77,0,77,275
04/11/2003,SPI,IL,AGL,CE,Towers with Radar,0,37,31,2,70,0,0,94,0,94,0,37,125,2,164,111,0,111,275
04/12/2003,SPI,IL,AGL,CE,Towers with Radar,0,23,21,0,44,0,1,79,0,80,0,24,100,0,124,101,0,101,225
04/13/2003,SPI,IL,AGL,CE,Towers with Radar,0,32,31,8,71,0,0,68,0,68,0,32,99,8,139,91,28,119,258
04/14/2003,SPI,IL,AGL,CE,Towers with Radar,0,37,51,7,95,0,0,40,1,41,0,37,91,8,136,26,0,26,162
04/15/2003,SPI,IL,AGL,CE,Towers with Radar,0,41,39,13,93,0,0,36,2,38,0,41,75,15,131,33,8,41,172
04/16/2003,SPI,IL,AGL,CE,Towers with Radar,0,35,68,0,103,0,0,15,0,15,0,35,83,0,118,18,0,18,136
04/17/2003,SPI,IL,AGL,CE,Towers with Radar,0,38,54,0,92,0,0,0,0,0,0,38,54,0,92,1,0,1,93
04/18/2003,SPI,IL,AGL,CE,Towers with Radar,0,38,63,7,108,0,0,10,0,10,0,38,73,7,118,26,4,30,148
04/19/2003,SPI,IL,AGL,CE,Towers with Radar,0,20,8,1,29,0,0,13,0,13,0,20,21,1,42,51,0,51,93
04/20/2003,SPI,IL,AGL,CE,Towers with Radar,0,28,20,3,51,0,0,11,0,11,0,28,31,3,62,7,0,7,69
04/21/2003,SPI,IL,AGL,CE,Towers with Radar,0,36,55,9,100,0,0,19,0,19,0,36,74,9,119,11,3,14,133
04/22/2003,SPI,IL,AGL,CE,Towers with Radar,0,44,42,39,125,0,0,80,0,80,0,44,122,39,205,107,23,130,335
04/23/2003,SPI,IL,AGL,CE,Towers with Radar,0,36,50,13,99,0,0,105,2,107,0,36,155,15,206,71,9,80,286
04/24/2003,SPI,IL,AGL,CE,Towers with Radar,0,36,54,10,100,0,0,21,0,21,0,36,75,10,121,26,5,31,152
04/25/2003,SPI,IL,AGL,CE,Towers with Radar,0,40,48,0,88,0,0,5,0,5,0,40,53,0,93,3,0,3,96
04/26/2003,SPI,IL,AGL,CE,Towers with Radar,0,24,35,0,59,0,1,156,0,157,0,25,191,0,216,54,0,54,270
04/27/2003,SPI,IL,AGL,CE,Towers with Radar,0,37,18,0,55,0,0,122,0,122,0,37,140,0,177,30,0,30,207
04/28/2003,SPI,IL,AGL,CE,Towers with Radar,0,41,39,16,96,0,0,26,0,26,0,41,65,16,122,33,0,33,155
04/29/2003,SPI,IL,AGL,CE,Towers with Radar,0,36,40,8,84,0,0,50,0,50,0,36,90,8,134,54,23,77,211
04/30/2003,SPI,IL,AGL,CE,Towers with Radar,2,37,50,9,98,0,0,28,1,29,2,37,78,10,127,40,11,51,178
05/01/2003,SPI,IL,AGL,CE,Towers with Radar,0,43,58,8,109,0,1,19,1,21,0,44,77,9,130,42,9,51,181
05/02/2003,SPI,IL,AGL,CE,Towers with Radar,0,35,53,15,103,0,1,19,4,24,0,36,72,19,127,25,16,41,168
05/03/2003,SPI,IL,AGL,CE,Towers with Radar,2,24,18,9,53,0,0,92,5,97,2,24,110,14,150,62,21,83,233
05/04/2003,SPI,IL,AGL,CE,Towers with Radar,0,33,14,2,49,0,0,0,0,0,0,33,14,2,49,0,0,0,49
05/05/2003,SPI,IL,AGL,CE,Towers with Radar,0,39,56,7,102,0,0,41,7,48,0,39,97,14,150,50,32,82,232
05/06/2003,SPI,IL,AGL,CE,Towers with Radar,0,42,57,8,107,0,0,64,1,65,0,42,121,9,172,23,24,47,219
05/07/2003,SPI,IL,AGL,CE,Towers with Radar,0,39,72,7,118,0,0,53,0,53,0,39,125,7,171,37,5,42,213
05/08/2003,SPI,IL,AGL,CE,Towers with Radar,0,41,69,5,115,0,4,11,0,15,0,45,80,5,130,19,0,19,149
05/09/2003,SPI,IL,AGL,CE,Towers with Radar,0,40,79,0,119,0,0,35,0,35,0,40,114,0,154,14,0,14,168
05/10/2003,SPI,IL,AGL,CE,Towers with Radar,0,23,7,0,30,0,0,15,0,15,0,23,22,0,45,9,0,9,54
05/11/2003,SPI,IL,AGL,CE,Towers with Radar,0,31,16,0,47,0,0,10,0,10,0,31,26,0,57,4,0,4,61
05/12/2003,SPI,IL,AGL,CE,Towers with Radar,0,36,67,5,108,0,0,38,0,38,0,36,105,5,146,40,0,40,186
05/13/2003,SPI,IL,AGL,CE,Towers with Radar,0,39,61,14,114,0,5,86,0,91,0,44,147,14,205,48,30,78,283
05/14/2003,SPI,IL,AGL,CE,Towers with Radar,0,36,60,9,105,0,0,35,3,38,0,36,95,12,143,55,9,64,207
05/15/2003,SPI,IL,AGL,CE,Towers with Radar,0,37,59,9,105,0,0,41,0,41,0,37,100,9,146,16,11,27,173
05/16/2003,SPI,IL,AGL,CE,Towers with Radar,0,39,82,9,130,0,1,46,1,48,0,40,128,10,178,29,6,35,213
05/17/2003,SPI,IL,AGL,CE,Towers with Radar,0,24,34,6,64,0,0,14,0,14,0,24,48,6,78,20,3,23,101
05/18/2003,SPI,IL,AGL,CE,Towers with Radar,0,31,31,10,72,0,0,15,0,15,0,31,46,10,87,47,2,49,136
05/19/2003,SPI,IL,AGL,CE,Towers with Radar,0,38,68,13,119,0,0,9,0,9,0,38,77,13,128,17,11,28,156
05/20/2003,SPI,IL,AGL,CE,Towers with Radar,0,37,30,16,83,0,0,26,1,27,0,37,56,17,110,24,23,47,157
05/21/2003,SPI,IL,AGL,CE,Towers with Radar,0,36,54,10,100,0,0,66,0,66,0,36,120,10,166,29,23,52,218
05/22/2003,SPI,IL,AGL,CE,Towers with Radar,0,44,54,12,110,0,2,85,2,89,0,46,139,14,199,77,23,100,299
05/23/2003,SPI,IL,AGL,CE,Towers with Radar,0,43,53,0,96,0,0,53,0,53,0,43,106,0,149,61,0,61,210
05/24/2003,SPI,IL,AGL,CE,Towers with Radar,0,21,25,0,46,0,0,50,0,50,0,21,75,0,96,105,0,105,201
05/25/2003,SPI,IL,AGL,CE,Towers with Radar,0,18,17,0,35,0,0,58,0,58,0,18,75,0,93,68,0,68,161
05/26/2003,SPI,IL,AGL,CE,Towers with Radar,0,20,28,0,48,0,0,57,0,57,0,20,85,0,105,34,0,34,139
05/27/2003,SPI,IL,AGL,CE,Towers with Radar,0,36,41,4,81,0,0,45,0,45,0,36,86,4,126,71,10,81,207
05/28/2003,SPI,IL,AGL,CE,Towers with Radar,0,40,60,9,109,1,1,30,0,32,1,41,90,9,141,32,8,40,181
05/29/2003,SPI,IL,AGL,CE,Towers with Radar,0,44,52,9,105,0,0,67,0,67,0,44,119,9,172,26,15,41,213
05/30/2003,SPI,IL,AGL,CE,Towers with Radar,2,37,38,0,77,0,0,32,0,32,2,37,70,0,109,47,0,47,156
05/31/2003,SPI,IL,AGL,CE,Towers with Radar,0,23,29,0,52,0,0,20,0,20,0,23,49,0,72,37,0,37,109
06/01/2003,SPI,IL,AGL,CE,Towers with Radar,0,32,23,1,56,0,0,93,0,93,0,32,116,1,149,85,0,85,234
06/02/2003,SPI,IL,AGL,CE,Towers with Radar,2,40,17,16,75,0,1,27,0,28,2,41,44,16,103,13,7,20,123
06/03/2003,SPI,IL,AGL,CE,Towers with Radar,0,42,46,12,100,0,0,6,0,6,0,42,52,12,106,30,10,40,146
06/04/2003,SPI,IL,AGL,CE,Towers with Radar,0,38,42,9,89,0,0,56,2,58,0,38,98,11,147,47,17,64,211
06/05/2003,SPI,IL,AGL,CE,Towers with Radar,0,40,59,9,108,0,0,78,4,82,0,40,137,13,190,80,22,102,292
06/06/2003,SPI,IL,AGL,CE,Towers with Radar,0,40,64,17,121,0,0,14,3,17,0,40,78,20,138,11,4,15,153
06/07/2003,SPI,IL,AGL,CE,Towers with Radar,0,23,16,12,51,0,0,61,1,62,0,23,77,13,113,47,14,61,174
06/08/2003,SPI,IL,AGL,CE,Towers with Radar,0,33,13,21,67,0,0,33,1,34,0,33,46,22,101,32,22,54,155
06/09/2003,SPI,IL,AGL,CE,Towers with Radar,0,36,38,11,85,0,0,65,3,68,0,36,103,14,153,36,29,65,218
06/10/2003,SPI,IL,AGL,CE,Towers with Radar,2,45,35,15,97,0,1,21,0,22,2,46,56,15,119,24,10,34,153
06/11/2003,SPI,IL,AGL,CE,Towers with Radar,0,45,51,11,107,0,0,19,1,20,0,45,70,12,127,31,11,42,169
06/12/2003,SPI,IL,AGL,CE,Towers with Radar,0,44,52,14,110,0,0,12,2,14,0,44,64,16,124,11,7,18,142
06/13/2003,SPI,IL,AGL,CE,Towers with Radar,0,37,42,0,79,0,1,12,0,13,0,38,54,0,92,13,0,13,105
06/14/2003,SPI,IL,AGL,CE,Towers with Radar,0,23,28,2,53,0,0,59,0,59,0,23,87,2,112,41,0,41,153
06/15/2003,SPI,IL,AGL,CE,Towers with Radar,0,32,18,0,50,0,0,76,0,76,0,32,94,0,126,97,0,97,223
06/16/2003,SPI,IL,AGL,CE,Towers with Radar,0,39,44,9,92,5,2,58,1,66,5,41,102,10,158,53,4,57,215
06/17/2003,SPI,IL,AGL,CE,Towers with Radar,0,37,46,14,97,0,0,73,1,74,0,37,119,15,171,53,35,88,259
06/18/2003,SPI,IL,AGL,CE,Towers with Radar,0,36,52,6,94,0,0,41,4,45,0,36,93,10,139,57,9,66,205
06/19/2003,SPI,IL,AGL,CE,Towers with Radar,2,36,51,13,102,0,0,48,2,50,2,36,99,15,152,16,10,26,178
06/20/2003,SPI,IL,AGL,CE,Towers with Radar,0,38,36,8,82,0,0,66,2,68,0,38,102,10,150,56,6,62,212
06/21/2003,SPI,IL,AGL,CE,Towers with Radar,0,22,24,4,50,0,3,85,1,89,0,25,109,5,139,30,0,30,169
06/22/2003,SPI,IL,AGL,CE,Towers with Radar,0,35,25,0,60,0,0,95,0,95,0,35,120,0,155,52,0,52,207
06/23/2003,SPI,IL,AGL,CE,Towers with Radar,0,37,55,6,98,0,7,41,0,48,0,44,96,6,146,24,4,28,174
06/24/2003,SPI,IL,AGL,CE,Towers with Radar,0,36,54,10,100,0,0,48,0,48,0,36,102,10,148,83,5,88,236
06/25/2003,SPI,IL,AGL,CE,Towers with Radar,0,34,53,0,87,0,0,62,0,62,0,34,115,0,149,22,0,22,171
06/26/2003,SPI,IL,AGL,CE,Towers with Radar,0,36,47,14,97,0,0,46,1,47,0,36,93,15,144,63,13,76,220
06/27/2003,SPI,IL,AGL,CE,Towers with Radar,0,37,33,3,73,0,0,87,0,87,0,37,120,3,160,66,0,66,226
06/28/2003,SPI,IL,AGL,CE,Towers with Radar,0,22,23,0,45,0,0,39,0,39,0,22,62,0,84,11,0,11,95
06/29/2003,SPI,IL,AGL,CE,Towers with Radar,0,33,20,4,57,0,0,54,0,54,0,33,74,4,111,83,3,86,197
06/30/2003,SPI,IL,AGL,CE,Towers with Radar,0,40,42,4,86,0,0,45,1,46,0,40,87,5,132,53,4,57,189
07/01/2003,SPI,IL,AGL,CE,Towers with Radar,0,37,48,15,100,0,1,36,2,39,0,38,84,17,139,46,42,88,227
07/02/2003,SPI,IL,AGL,CE,Towers with Radar,0,41,67,9,117,0,0,68,1,69,0,41,135,10,186,53,11,64,250
07/03/2003,SPI,IL,AGL,CE,Towers with Radar,0,36,56,0,92,0,0,67,0,67,0,36,123,0,159,70,0,70,229
07/04/2003,SPI,IL,AGL,CE,Towers with Radar,0,24,21,0,45,0,0,41,0,41,0,24,62,0,86,10,0,10,96
07/05/2003,SPI,IL,AGL,CE,Towers with Radar,0,21,13,0,34,0,0,36,0,36,0,21,49,0,70,14,0,14,84
07/06/2003,SPI,IL,AGL,CE,Towers with Radar,0,38,26,2,66,0,0,37,0,37,0,38,63,2,103,32,1,33,136
07/07/2003,SPI,IL,AGL,CE,Towers with Radar,0,33,33,16,82,0,0,41,0,41,0,33,74,16,123,9,13,22,145
07/08/2003,SPI,IL,AGL,CE,Towers with Radar,0,34,38,9,81,0,0,50,2,52,0,34,88,11,133,11,10,21,154
07/09/2003,SPI,IL,AGL,CE,Towers with Radar,0,30,42,11,83,0,0,36,0,36,0,30,78,11,119,51,9,60,179
07/10/2003,SPI,IL,AGL,CE,Towers with Radar,2,38,67,5,112,0,0,33,0,33,2,38,100,5,145,27,6,33,178
07/11/2003,SPI,IL,AGL,CE,Towers with Radar,0,36,66,2,104,0,0,55,0,55,0,36,121,2,159,54,0,54,213
07/12/2003,SPI,IL,AGL,CE,Towers with Radar,0,26,27,0,53,0,0,93,0,93,0,26,120,0,146,35,0,35,181
07/13/2003,SPI,IL,AGL,CE,Towers with Radar,2,35,14,4,55,0,1,73,0,74,2,36,87,4,129,60,0,60,189
07/14/2003,SPI,IL,AGL,CE,Towers with Radar,0,38,61,11,110,0,1,66,4,71,0,39,127,15,181,36,22,58,239
07/15/2003,SPI,IL,AGL,CE,Towers with Radar,0,38,49,14,101,0,0,46,1,47,0,38,95,15,148,55,20,75,223
07/16/2003,SPI,IL,AGL,CE,Towers with Radar,0,39,61,25,125,0,5,78,6,89,0,44,139,31,214,52,24,76,290
07/17/2003,SPI,IL,AGL,CE,Towers with Radar,0,37,37,16,90,0,0,36,1,37,0,37,73,17,127,47,16,63,190
07/18/2003,SPI,IL,AGL,CE,Towers with Radar,0,37,30,9,76,0,0,16,0,16,0,37,46,9,92,39,19,58,150
07/19/2003,SPI,IL,AGL,CE,Towers with Radar,0,25,17,1,43,0,0,84,2,86,0,25,101,3,129,101,6,107,236
07/20/2003,SPI,IL,AGL,CE,Towers with Radar,0,34,25,6,65,0,4,48,0,52,0,38,73,6,117,45,1,46,163
07/21/2003,SPI,IL,AGL,CE,Towers with Radar,0,38,38,5,81,0,0,36,0,36,0,38,74,5,117,18,0,18,135
07/22/2003,SPI,IL,AGL,CE,Towers with Radar,0,42,40,5,87,0,0,59,3,62,0,42,99,8,149,83,5,88,237
07/23/2003,SPI,IL,AGL,CE,Towers with Radar,0,44,51,8,103,0,0,83,0,83,0,44,134,8,186,32,8,40,226
07/24/2003,SPI,IL,AGL,CE,Towers with Radar,2,37,50,0,89,0,1,94,0,95,2,38,144,0,184,45,0,45,229
07/25/2003,SPI,IL,AGL,CE,Towers with Radar,0,34,39,7,80,0,0,80,2,82,0,34,119,9,162,39,23,62,224
07/26/2003,SPI,IL,AGL,CE,Towers with Radar,0,26,12,3,41,0,0,65,0,65,0,26,77,3,106,32,2,34,140
07/27/2003,SPI,IL,AGL,CE,Towers with Radar,0,37,22,8,67,0,1,47,0,48,0,38,69,8,115,48,0,48,163
07/28/2003,SPI,IL,AGL,CE,Towers with Radar,0,38,59,0,97,0,0,25,0,25,0,38,84,0,122,20,0,20,142
07/29/2003,SPI,IL,AGL,CE,Towers with Radar,0,35,39,8,82,0,0,83,0,83,0,35,122,8,165,44,9,53,218
07/30/2003,SPI,IL,AGL,CE,Towers with Radar,0,44,38,18,100,0,1,85,2,88,0,45,123,20,188,61,50,111,299
07/31/2003,SPI,IL,AGL,CE,Towers with Radar,2,48,55,16,121,0,3,51,1,55,2,51,106,17,176,25,26,51,227
08/01/2003,SPI,IL,AGL,CE,Towers with Radar,0,41,35,9,85,0,0,34,3,37,0,41,69,12,122,72,10,82,204
08/02/2003,SPI,IL,AGL,CE,Towers with Radar,0,25,11,0,36,0,0,29,0,29,0,25,40,0,65,28,0,28,93
08/03/2003,SPI,IL,AGL,CE,Towers with Radar,1,30,23,0,54,0,1,47,0,48,1,31,70,0,102,64,0,64,166
08/04/2003,SPI,IL,AGL,CE,Towers with Radar,1,38,50,17,106,0,0,54,0,54,1,38,104,17,160,14,14,28,188
08/05/2003,SPI,IL,AGL,CE,Towers with Radar,0,36,54,28,118,0,0,59,5,64,0,36,113,33,182,126,40,166,348
08/06/2003,SPI,IL,AGL,CE,Towers with Radar,0,34,57,11,102,0,0,53,0,53,0,34,110,11,155,59,13,72,227
08/07/2003,SPI,IL,AGL,CE,Towers with Radar,0,44,51,11,106,0,4,73,1,78,0,48,124,12,184,35,7,42,226
08/08/2003,SPI,IL,AGL,CE,Towers with Radar,0,39,49,3,91,0,0,66,0,66,0,39,115,3,157,76,0,76,233
08/09/2003,SPI,IL,AGL,CE,Towers with Radar,0,24,28,0,52,0,0,59,0,59,0,24,87,0,111,55,0,55,166
08/10/2003,SPI,IL,AGL,CE,Towers with Radar,2,35,22,17,76,0,0,71,0,71,2,35,93,17,147,45,7,52,199
08/11/2003,SPI,IL,AGL,CE,Towers with Radar,0,37,50,6,93,0,0,29,0,29,0,37,79,6,122,94,7,101,223
08/12/2003,SPI,IL,AGL,CE,Towers with Radar,0,40,57,23,120,0,0,23,1,24,0,40,80,24,144,74,18,92,236
08/13/2003,SPI,IL,AGL,CE,Towers with Radar,2,45,84,18,149,0,0,24,2,26,2,45,108,20,175,44,13,57,232
08/14/2003,SPI,IL,AGL,CE,Towers with Radar,0,39,48,10,97,0,0,57,7,64,0,39,105,17,161,43,8,51,212
08/15/2003,SPI,IL,AGL,CE,Towers with Radar,0,36,48,6,90,0,0,54,0,54,0,36,102,6,144,72,9,81,225
08/16/2003,SPI,IL,AGL,CE,Towers with Radar,0,25,27,2,54,0,0,54,0,54,0,25,81,2,108,29,3,32,140
08/17/2003,SPI,IL,AGL,CE,Towers with Radar,0,35,22,3,60,0,0,64,1,65,0,35,86,4,125,21,3,24,149
08/18/2003,SPI,IL,AGL,CE,Towers with Radar,0,39,51,17,107,0,0,45,0,45,0,39,96,17,152,45,24,69,221
08/19/2003,SPI,IL,AGL,CE,Towers with Radar,0,34,38,20,92,0,0,80,0,80,0,34,118,20,172,84,26,110,282
08/20/2003,SPI,IL,AGL,CE,Towers with Radar,0,37,56,10,103,0,0,46,3,49,0,37,102,13,152,31,18,49,201
08/21/2003,SPI,IL,AGL,CE,Towers with Radar,0,35,31,12,78,0,0,47,3,50,0,35,78,15,128,38,14,52,180
08/22/2003,SPI,IL,AGL,CE,Towers with Radar,0,39,33,7,79,0,1,56,1,58,0,40,89,8,137,21,4,25,162
08/23/2003,SPI,IL,AGL,CE,Towers with Radar,0,24,25,0,49,0,0,66,1,67,0,24,91,1,116,43,0,43,159
08/24/2003,SPI,IL,AGL,CE,Towers with Radar,0,32,18,2,52,0,0,71,0,71,0,32,89,2,123,47,6,53,176
08/25/2003,SPI,IL,AGL,CE,Towers with Radar,0,36,42,22,100,0,2,61,0,63,0,38,103,22,163,37,28,65,228
08/26/2003,SPI,IL,AGL,CE,Towers with Radar,0,36,49,4,89,0,0,42,0,42,0,36,91,4,131,59,11,70,201
08/27/2003,SPI,IL,AGL,CE,Towers with Radar,0,39,36,14,89,0,0,67,0,67,0,39,103,14,156,49,15,64,220
08/28/2003,SPI,IL,AGL,CE,Towers with Radar,0,36,47,8,91,0,0,45,2,47,0,36,92,10,138,58,3,61,199
08/29/2003,SPI,IL,AGL,CE,Towers with Radar,0,37,42,0,79,0,0,10,0,10,0,37,52,0,89,57,0,57,146
08/30/2003,SPI,IL,AGL,CE,Towers with Radar,0,21,23,0,44,0,0,59,0,59,0,21,82,0,103,50,0,50,153
08/31/2003,SPI,IL,AGL,CE,Towers with Radar,0,16,8,0,24,0,0,0,0,0,0,16,8,0,24,0,0,0,24
09/01/2003,SPI,IL,AGL,CE,Towers with Radar,0,23,16,0,39,0,0,0,0,0,0,23,16,0,39,3,0,3,42
09/02/2003,SPI,IL,AGL,CE,Towers with Radar,0,39,58,11,108,0,0,12,1,13,0,39,70,12,121,48,1,49,170
09/03/2003,SPI,IL,AGL,CE,Towers with Radar,0,36,61,17,114,0,0,40,1,41,0,36,101,18,155,41,26,67,222
09/04/2003,SPI,IL,AGL,CE,Towers with Radar,0,36,53,13,102,0,0,64,3,67,0,36,117,16,169,44,23,67,236
09/05/2003,SPI,IL,AGL,CE,Towers with Radar,0,38,42,6,86,0,0,60,3,63,0,38,102,9,149,46,17,63,212
09/06/2003,SPI,IL,AGL,CE,Towers with Radar,0,22,27,12,61,0,0,97,2,99,0,22,124,14,160,83,22,105,265
09/07/2003,SPI,IL,AGL,CE,Towers with Radar,0,33,18,5,56,0,0,78,1,79,0,33,96,6,135,27,2,29,164
09/08/2003,SPI,IL,AGL,CE,Towers with Radar,0,38,51,12,101,0,0,38,1,39,0,38,89,13,140,27,20,47,187
09/09/2003,SPI,IL,AGL,CE,Towers with Radar,0,39,64,12,115,0,0,37,2,39,0,39,101,14,154,42,26,68,222
09/10/2003,SPI,IL,AGL,CE,Towers with Radar,0,45,53,10,108,0,0,53,1,54,0,45,106,11,162,79,19,98,260
09/11/2003,SPI,IL,AGL,CE,Towers with Radar,0,32,49,10,91,0,0,80,1,81,0,32,129,11,172,68,8,76,248
09/12/2003,SPI,IL,AGL,CE,Towers with Radar,0,35,59,7,101,0,0,0,0,0,0,35,59,7,101,3,0,3,104
09/13/2003,SPI,IL,AGL,CE,Towers with Radar,0,22,23,2,47,0,0,14,0,14,0,22,37,2,61,55,0,55,116
09/14/2003,SPI,IL,AGL,CE,Towers with Radar,0,27,34,3,64,0,0,51,0,51,0,27,85,3,115,61,0,61,176
09/15/2003,SPI,IL,AGL,CE,Towers with Radar,0,39,56,12,107,0,0,56,2,58,0,39,112,14,165,35,11,46,211
09/16/2003,SPI,IL,AGL,CE,Towers with Radar,0,38,42,15,95,0,0,60,2,62,0,38,102,17,157,40,28,68,225
09/17/2003,SPI,IL,AGL,CE,Towers with Radar,0,37,59,12,108,0,1,44,1,46,0,38,103,13,154,27,11,38,192
09/18/2003,SPI,IL,AGL,CE,Towers with Radar,0,39,54,23,116,0,0,59,2,61,0,39,113,25,177,82,58,140,317
09/19/2003,SPI,IL,AGL,CE,Towers with Radar,0,41,44,14,99,0,0,38,4,42,0,41,82,18,141,45,7,52,193
09/20/2003,SPI,IL,AGL,CE,Towers with Radar,0,21,18,3,42,0,0,34,2,36,0,21,52,5,78,145,8,153,231
09/21/2003,SPI,IL,AGL,CE,Towers with Radar,0,29,10,4,43,0,0,19,0,19,0,29,29,4,62,57,7,64,126
09/22/2003,SPI,IL,AGL,CE,Towers with Radar,0,40,66,19,125,0,1,14,0,15,0,41,80,19,140,15,12,27,167
09/23/2003,SPI,IL,AGL,CE,Towers with Radar,0,38,51,10,99,0,5,55,3,63,0,43,106,13,162,40,7,47,209
09/24/2003,SPI,IL,AGL,CE,Towers with Radar,0,47,68,20,135,0,0,41,1,42,0,47,109,21,177,56,42,98,275
09/25/2003,SPI,IL,AGL,CE,Towers with Radar,0,38,47,0,85,0,0,84,0,84,0,38,131,0,169,76,0,76,245
09/26/2003,SPI,IL,AGL,CE,Towers with Radar,0,37,33,2,72,0,0,24,0,24,0,37,57,2,96,9,0,9,105
09/27/2003,SPI,IL,AGL,CE,Towers with Radar,0,19,25,0,44,0,10,63,0,73,0,29,88,0,117,63,0,63,180
09/28/2003,SPI,IL,AGL,CE,Towers with Radar,0,27,32,6,65,0,0,58,0,58,0,27,90,6,123,13,8,21,144
09/29/2003,SPI,IL,AGL,CE,Towers with Radar,0,37,49,9,95,0,1,59,0,60,0,38,108,9,155,36,11,47,202
09/30/2003,SPI,IL,AGL,CE,Towers with Radar,0,39,62,2,103,0,0,42,0,42,0,39,104,2,145,125,1,126,271
10/01/2003,SPI,IL,AGL,CE,Towers with Radar,0,37,52,7,96,0,0,34,15,49,0,37,86,22,145,34,21,55,200
10/02/2003,SPI,IL,AGL,CE,Towers with Radar,0,38,48,7,93,0,0,63,6,69,0,38,111,13,162,18,25,43,205
10/03/2003,SPI,IL,AGL,CE,Towers with Radar,0,37,45,6,88,0,0,21,6,27,0,37,66,12,115,5,10,15,130
10/04/2003,SPI,IL,AGL,CE,Towers with Radar,0,21,25,4,50,0,0,62,7,69,0,21,87,11,119,53,29,82,201
10/05/2003,SPI,IL,AGL,CE,Towers with Radar,0,26,32,3,61,0,3,62,0,65,0,29,94,3,126,23,1,24,150
10/06/2003,SPI,IL,AGL,CE,Towers with Radar,0,38,46,7,91,0,2,77,7,86,0,40,123,14,177,74,4,78,255
10/07/2003,SPI,IL,AGL,CE,Towers with Radar,0,39,47,7,93,0,4,63,4,71,0,43,110,11,164,97,2,99,263
10/08/2003,SPI,IL,AGL,CE,Towers with Radar,0,41,50,8,99,0,1,79,5,85,0,42,129,13,184,23,21,44,228
10/09/2003,SPI,IL,AGL,CE,Towers with Radar,0,40,57,5,102,0,0,37,0,37,0,40,94,5,139,7,0,7,146
10/10/2003,SPI,IL,AGL,CE,Towers with Radar,0,36,47,4,87,0,0,43,0,43,0,36,90,4,130,39,0,39,169
10/11/2003,SPI,IL,AGL,CE,Towers with Radar,0,22,28,0,50,0,6,18,0,24,0,28,46,0,74,33,0,33,107
10/12/2003,SPI,IL,AGL,CE,Towers with Radar,0,28,35,0,63,0,3,58,0,61,0,31,93,0,124,96,0,96,220
10/13/2003,SPI,IL,AGL,CE,Towers with Radar,0,29,36,0,65,0,10,41,0,51,0,39,77,0,116,17,0,17,133
10/14/2003,SPI,IL,AGL,CE,Towers with Radar,0,34,39,6,79,0,2,8,1,11,0,36,47,7,90,11,4,15,105
10/15/2003,SPI,IL,AGL,CE,Towers with Radar,0,38,45,6,89,0,0,52,3,55,0,38,97,9,144,35,16,51,195
10/16/2003,SPI,IL,AGL,CE,Towers with Radar,0,36,45,6,87,0,0,50,3,53,0,36,95,9,140,56,13,69,209
10/17/2003,SPI,IL,AGL,CE,Towers with Radar,0,40,49,7,96,0,0,72,2,74,0,40,121,9,170,65,1,66,236
10/18/2003,SPI,IL,AGL,CE,Towers with Radar,0,21,24,3,48,0,4,59,2,65,0,25,83,5,113,40,0,40,153
10/19/2003,SPI,IL,AGL,CE,Towers with Radar,0,30,35,4,69,0,0,78,0,78,0,30,113,4,147,78,3,81,228
10/20/2003,SPI,IL,AGL,CE,Towers with Radar,0,38,44,0,82,0,4,35,0,39,0,42,79,0,121,17,0,17,138
10/21/2003,SPI,IL,AGL,CE,Towers with Radar,0,33,38,0,71,0,5,31,0,36,0,38,69,0,107,49,8,57,164
10/22/2003,SPI,IL,AGL,CE,Towers with Radar,0,39,51,2,92,2,0,103,0,105,2,39,154,2,197,55,1,56,253
10/23/2003,SPI,IL,AGL,CE,Towers with Radar,0,36,55,7,98,0,0,82,3,85,0,36,137,10,183,68,14,82,265
10/24/2003,SPI,IL,AGL,CE,Towers with Radar,0,36,41,0,77,0,7,24,0,31,0,43,65,0,108,10,0,10,118
10/25/2003,SPI,IL,AGL,CE,Towers with Radar,0,22,29,0,51,2,0,10,0,12,2,22,39,0,63,5,0,5,68
10/26/2003,SPI,IL,AGL,CE,Towers with Radar,0,31,36,2,69,0,3,26,0,29,0,34,62,2,98,29,0,29,127
10/27/2003,SPI,IL,AGL,CE,Towers with Radar,0,40,52,0,92,0,0,98,0,98,0,40,150,0,190,60,0,60,250
10/28/2003,SPI,IL,AGL,CE,Towers with Radar,0,38,43,3,84,0,1,40,0,41,0,39,83,3,125,46,1,47,172
10/29/2003,SPI,IL,AGL,CE,Towers with Radar,0,40,46,7,93,0,1,80,7,88,0,41,126,14,181,37,11,48,229
10/30/2003,SPI,IL,AGL,CE,Towers with Radar,0,41,47,2,90,0,1,44,0,45,0,42,91,2,135,36,0,36,171
10/31/2003,SPI,IL,AGL,CE,Towers with Radar,0,38,43,6,87,0,5,37,2,44,0,43,80,8,131,35,0,35,166
11/01/2003,SPI,IL,AGL,CE,Towers with Radar,0,22,30,6,58,0,0,11,4,15,0,22,41,10,73,23,10,33,106
11/02/2003,SPI,IL,AGL,CE,Towers with Radar,1,24,35,7,67,1,0,19,0,20,2,24,54,7,87,94,4,98,185
11/03/2003,SPI,IL,AGL,CE,Towers with Radar,0,23,42,8,73,0,0,45,5,50,0,23,87,13,123,32,33,65,188
11/04/2003,SPI,IL,AGL,CE,Towers with Radar,0,29,41,7,77,0,5,51,0,56,0,34,92,7,133,24,1,25,158
11/05/2003,SPI,IL,AGL,CE,Towers with Radar,1,30,48,9,88,1,0,24,8,33,2,30,72,17,121,23,11,34,155
11/06/2003,SPI,IL,AGL,CE,Towers with Radar,0,31,53,10,94,0,0,45,1,46,0,31,98,11,140,43,4,47,187
11/07/2003,SPI,IL,AGL,CE,Towers with Radar,0,28,42,8,78,0,0,49,0,49,0,28,91,8,127,75,16,91,218
11/08/2003,SPI,IL,AGL,CE,Towers with Radar,0,17,24,2,43,0,2,56,0,58,0,19,80,2,101,81,0,81,182
11/09/2003,SPI,IL,AGL,CE,Towers with Radar,0,23,32,6,61,0,8,37,6,51,0,31,69,12,112,91,7,98,210
11/10/2003,SPI,IL,AGL,CE,Towers with Radar,0,28,40,6,74,1,1,29,0,31,1,29,69,6,105,16,3,19,124
11/11/2003,SPI,IL,AGL,CE,Towers with Radar,0,26,38,1,65,0,0,4,0,4,0,26,42,1,69,23,0,23,92
11/12/2003,SPI,IL,AGL,CE,Towers with Radar,0,23,39,9,71,0,0,22,2,24,0,23,61,11,95,13,6,19,114
11/13/2003,SPI,IL,AGL,CE,Towers with Radar,0,29,41,9,79,0,5,43,3,51,0,34,84,12,130,38,10,48,178
11/14/2003,SPI,IL,AGL,CE,Towers with Radar,0,28,40,8,76,0,0,21,0,21,0,28,61,8,97,61,5,66,163
11/15/2003,SPI,IL,AGL,CE,Towers with Radar,0,19,26,6,51,0,0,3,7,10,0,19,29,13,61,5,4,9,70
11/16/2003,SPI,IL,AGL,CE,Towers with Radar,0,24,32,4,60,0,1,33,0,34,0,25,65,4,94,70,11,81,175
11/17/2003,SPI,IL,AGL,CE,Towers with Radar,0,28,37,7,72,0,7,6,0,13,0,35,43,7,85,0,3,3,88
11/18/2003,SPI,IL,AGL,CE,Towers with Radar,0,27,37,8,72,0,0,13,8,21,0,27,50,16,93,3,8,11,104
11/19/2003,SPI,IL,AGL,CE,Towers with Radar,0,30,45,9,84,0,0,106,4,110,0,30,151,13,194,50,11,61,255
11/20/2003,SPI,IL,AGL,CE,Towers with Radar,0,32,42,9,83,0,10,57,9,76,0,42,99,18,159,60,11,71,230
11/21/2003,SPI,IL,AGL,CE,Towers with Radar,0,29,43,0,72,0,0,92,0,92,0,29,135,0,164,80,0,80,244
11/22/2003,SPI,IL,AGL,CE,Towers with Radar,0,13,24,6,43,0,0,18,0,18,0,13,42,6,61,124,3,127,188
11/23/2003,SPI,IL,AGL,CE,Towers with Radar,0,12,6,0,18,0,11,0,0,11,0,23,6,0,29,0,0,0,29
11/24/2003,SPI,IL,AGL,CE,Towers with Radar,0,24,31,7,62,0,2,21,2,25,0,26,52,9,87,25,39,64,151
11/25/2003,SPI,IL,AGL,CE,Towers with Radar,0,27,41,9,77,0,0,45,1,46,0,27,86,10,123,38,8,46,169
11/26/2003,SPI,IL,AGL,CE,Towers with Radar,0,31,44,10,85,0,0,39,2,41,0,31,83,12,126,29,10,39,165
11/27/2003,SPI,IL,AGL,CE,Towers with Radar,0,13,16,0,29,0,0,4,0,4,0,13,20,0,33,4,0,4,37
11/28/2003,SPI,IL,AGL,CE,Towers with Radar,0,15,17,0,32,0,5,0,0,5,0,20,17,0,37,40,0,40,77
11/29/2003,SPI,IL,AGL,CE,Towers with Radar,0,17,22,0,39,0,2,60,0,62,0,19,82,0,101,28,0,28,129
11/30/2003,SPI,IL,AGL,CE,Towers with Radar,0,25,33,0,58,0,0,54,0,54,0,25,87,0,112,35,0,35,147
12/01/2003,SPI,IL,AGL,CE,Towers with Radar,0,32,39,6,77,0,2,59,1,62,0,34,98,7,139,43,15,58,197
12/02/2003,SPI,IL,AGL,CE,Towers with Radar,0,30,40,7,77,0,0,52,1,53,0,30,92,8,130,46,16,62,192
12/03/2003,SPI,IL,AGL,CE,Towers with Radar,0,31,38,6,75,0,1,31,0,32,0,32,69,6,107,14,9,23,130
12/04/2003,SPI,IL,AGL,CE,Towers with Radar,0,25,29,2,56,0,4,0,0,4,0,29,29,2,60,0,0,0,60
12/05/2003,SPI,IL,AGL,CE,Towers with Radar,0,22,24,0,46,2,6,0,0,8,2,28,24,0,54,2,0,2,56
12/06/2003,SPI,IL,AGL,CE,Towers with Radar,0,19,24,0,43,0,1,77,0,78,0,20,101,0,121,83,0,83,204
12/07/2003,SPI,IL,AGL,CE,Towers with Radar,0,23,28,4,55,0,7,41,0,48,0,30,69,4,103,88,0,88,191
12/08/2003,SPI,IL,AGL,CE,Towers with Radar,0,31,38,6,75,2,3,43,0,48,2,34,81,6,123,82,3,85,208
12/09/2003,SPI,IL,AGL,CE,Towers with Radar,0,23,30,0,53,0,0,0,0,0,0,23,30,0,53,0,0,0,53
12/10/2003,SPI,IL,AGL,CE,Towers with Radar,0,21,37,6,64,0,0,15,1,16,0,21,52,7,80,6,0,6,86
12/11/2003,SPI,IL,AGL,CE,Towers with Radar,0,31,56,9,96,0,0,78,16,94,0,31,134,25,190,45,39,84,274
12/12/2003,SPI,IL,AGL,CE,Towers with Radar,0,28,44,7,79,0,0,46,15,61,0,28,90,22,140,37,16,53,193
12/13/2003,SPI,IL,AGL,CE,Towers with Radar,0,13,17,2,32,0,9,2,2,13,0,22,19,4,45,22,0,22,67
12/14/2003,SPI,IL,AGL,CE,Towers with Radar,0,26,32,6,64,0,3,8,0,11,0,29,40,6,75,2,4,6,81
12/15/2003,SPI,IL,AGL,CE,Towers with Radar,0,28,41,6,75,0,0,26,1,27,0,28,67,7,102,10,8,18,120
12/16/2003,SPI,IL,AGL,CE,Towers with Radar,0,30,36,6,72,0,0,19,6,25,0,30,55,12,97,9,4,13,110
12/17/2003,SPI,IL,AGL,CE,Towers with Radar,0,38,49,8,95,0,0,83,0,83,0,38,132,8,178,67,6,73,251
12/18/2003,SPI,IL,AGL,CE,Towers with Radar,0,31,36,0,67,0,0,16,0,16,0,31,52,0,83,13,0,13,96
12/19/2003,SPI,IL,AGL,CE,Towers with Radar,0,32,44,7,83,0,0,39,7,46,0,32,83,14,129,38,0,38,167
12/20/2003,SPI,IL,AGL,CE,Towers with Radar,0,19,24,0,43,0,0,72,0,72,0,19,96,0,115,93,0,93,208
12/21/2003,SPI,IL,AGL,CE,Towers with Radar,0,23,27,0,50,0,7,8,0,15,0,30,35,0,65,13,0,13,78
12/22/2003,SPI,IL,AGL,CE,Towers with Radar,0,29,38,0,67,0,0,13,0,13,0,29,51,0,80,64,0,64,144
12/23/2003,SPI,IL,AGL,CE,Towers with Radar,0,25,34,5,64,0,0,17,11,28,0,25,51,16,92,58,2,60,152
12/24/2003,SPI,IL,AGL,CE,Towers with Radar,0,19,24,0,43,0,0,59,0,59,0,19,83,0,102,89,0,89,191
12/25/2003,SPI,IL,AGL,CE,Towers with Radar,0,13,15,0,28,0,6,7,0,13,0,19,22,0,41,35,0,35,76
12/26/2003,SPI,IL,AGL,CE,Towers with Radar,0,22,25,0,47,0,8,28,0,36,0,30,53,0,83,70,0,70,153
12/27/2003,SPI,IL,AGL,CE,Towers with Radar,0,19,21,0,40,0,2,8,0,10,0,21,29,0,50,5,0,5,55
12/28/2003,SPI,IL,AGL,CE,Towers with Radar,0,21,24,0,45,0,8,0,0,8,0,29,24,0,53,13,0,13,66
12/29/2003,SPI,IL,AGL,CE,Towers with Radar,0,25,28,5,58,0,5,32,9,46,0,30,60,14,104,52,17,69,173
12/30/2003,SPI,IL,AGL,CE,Towers with Radar,0,29,35,5,69,0,0,54,4,58,0,29,89,9,127,28,11,39,166
12/31/2003,SPI,IL,AGL,CE,Towers with Radar,0,18,21,4,43,0,3,47,0,50,0,21,68,4,93,37,0,37,130
01/01/2004,SPI,IL,AGL,CE,Towers with Radar,0,12,16,0,28,0,7,6,0,13,0,19,22,0,41,22,0,22,63
01/02/2004,SPI,IL,AGL,CE,Towers with Radar,0,14,16,0,30,0,8,0,0,8,0,22,16,0,38,1,0,1,39
01/03/2004,SPI,IL,AGL,CE,Towers with Radar,0,19,25,0,44,0,0,16,0,16,0,19,41,0,60,63,0,63,123
01/04/2004,SPI,IL,AGL,CE,Towers with Radar,0,11,5,0,16,0,5,0,0,5,0,16,5,0,21,0,0,0,21
01/05/2004,SPI,IL,AGL,CE,Towers with Radar,0,27,35,9,71,0,3,22,0,25,0,30,57,9,96,30,8,38,134
01/06/2004,SPI,IL,AGL,CE,Towers with Radar,0,30,38,10,78,0,2,22,2,26,0,32,60,12,104,26,15,41,145
01/07/2004,SPI,IL,AGL,CE,Towers with Radar,0,30,40,11,81,0,1,57,3,61,0,31,97,14,142,17,21,38,180
01/08/2004,SPI,IL,AGL,CE,Towers with Radar,0,28,36,10,74,0,2,24,9,35,0,30,60,19,109,25,5,30,139
01/09/2004,SPI,IL,AGL,CE,Towers with Radar,0,29,42,12,83,0,0,33,8,41,0,29,75,20,124,32,17,49,173
01/10/2004,SPI,IL,AGL,CE,Towers with Radar,0,22,30,9,61,0,0,57,1,58,0,22,87,10,119,69,7,76,195
01/11/2004,SPI,IL,AGL,CE,Towers with Radar,0,26,34,10,70,0,5,19,5,29,0,31,53,15,99,25,12,37,136
01/12/2004,SPI,IL,AGL,CE,Towers with Radar,0,30,41,11,82,0,0,55,9,64,0,30,96,20,146,76,9,85,231
01/13/2004,SPI,IL,AGL,CE,Towers with Radar,0,31,48,12,91,2,0,46,10,58,2,31,94,22,149,31,18,49,198
01/14/2004,SPI,IL,AGL,CE,Towers with Radar,0,25,40,10,75,0,0,29,9,38,0,25,69,19,113,8,6,14,127
01/15/2004,SPI,IL,AGL,CE,Towers with Radar,0,31,46,11,88,0,0,55,0,55,0,31,101,11,143,36,23,59,202
01/16/2004,SPI,IL,AGL,CE,Towers with Radar,0,29,38,0,67,1,6,36,0,43,1,35,74,0,110,66,0,66,176
01/17/2004,SPI,IL,AGL,CE,Towers with Radar,0,11,4,0,15,1,13,0,0,14,1,24,4,0,29,2,0,2,31
01/18/2004,SPI,IL,AGL,CE,Towers with Radar,0,22,26,0,48,0,5,0,0,5,0,27,26,0,53,2,0,2,55
01/19/2004,SPI,IL,AGL,CE,Towers with Radar,0,25,31,0,56,0,4,39,0,43,0,29,70,0,99,74,0,74,173
01/20/2004,SPI,IL,AGL,CE,Towers with Radar,0,29,44,9,82,0,0,46,0,46,0,29,90,9,128,14,8,22,150
01/21/2004,SPI,IL,AGL,CE,Towers with Radar,0,29,43,11,83,0,0,56,7,63,0,29,99,18,146,32,39,71,217
01/22/2004,SPI,IL,AGL,CE,Towers with Radar,0,35,46,12,93,0,0,31,6,37,0,35,77,18,130,14,20,34,164
01/23/2004,SPI,IL,AGL,CE,Towers with Radar,0,28,37,10,75,0,0,43,15,58,0,28,80,25,133,37,14,51,184
01/24/2004,SPI,IL,AGL,CE,Towers with Radar,0,19,24,6,49,0,0,55,7,62,0,19,79,13,111,79,9,88,199
01/25/2004,SPI,IL,AGL,CE,Towers with Radar,0,9,7,2,18,1,10,0,1,12,1,19,7,3,30,0,0,0,30
01/26/2004,SPI,IL,AGL,CE,Towers with Radar,0,17,20,0,37,1,3,2,0,6,1,20,22,0,43,0,0,0,43
01/27/2004,SPI,IL,AGL,CE,Towers with Radar,0,26,31,8,65,0,5,9,5,19,0,31,40,13,84,2,2,4,88
01/28/2004,SPI,IL,AGL,CE,Towers with Radar,0,28,48,12,88,0,0,48,6,54,0,28,96,18,142,26,3,29,171
01/29/2004,SPI,IL,AGL,CE,Towers with Radar,0,22,36,9,67,0,0,17,4,21,0,22,53,13,88,0,6,6,94
01/30/2004,SPI,IL,AGL,CE,Towers with Radar,0,26,32,0,58,0,1,8,0,9,0,27,40,0,67,0,0,0,67
01/31/2004,SPI,IL,AGL,CE,Towers with Radar,0,16,19,2,37,0,5,18,0,23,0,21,37,2,60,20,0,20,80
02/01/2004,SPI,IL,AGL,CE,Towers with Radar,0,5,21,3,29,0,0,20,1,21,0,5,41,4,50,46,0,46,96
02/02/2004,SPI,IL,AGL,CE,Towers with Radar,0,15,20,0,35,0,3,6,0,9,0,18,26,0,44,0,0,0,44
02/03/2004,SPI,IL,AGL,CE,Towers with Radar,1,26,43,4,74,0,0,22,9,31,1,26,65,13,105,15,21,36,141
02/04/2004,SPI,IL,AGL,CE,Towers with Radar,0,29,44,4,77,0,0,32,9,41,0,29,76,13,118,24,27,51,169
02/05/2004,SPI,IL,AGL,CE,Towers with Radar,0,20,27,0,47,0,4,13,0,17,0,24,40,0,64,0,0,0,64
02/06/2004,SPI,IL,AGL,CE,Towers with Radar,0,22,29,3,54,0,5,1,0,6,0,27,30,3,60,4,0,4,64
02/07/2004,SPI,IL,AGL,CE,Towers with Radar,0,15,13,1,29,0,6,0,0,6,0,21,13,1,35,0,0,0,35
02/08/2004,SPI,IL,AGL,CE,Towers with Radar,0,21,24,3,48,0,6,0,5,11,0,27,24,8,59,30,0,30,89
02/09/2004,SPI,IL,AGL,CE,Towers with Radar,0,27,37,4,68,0,3,40,0,43,0,30,77,4,111,31,6,37,148
02/10/2004,SPI,IL,AGL,CE,Towers with Radar,0,33,45,2,80,0,0,32,0,32,0,33,77,2,112,85,0,85,197
02/11/2004,SPI,IL,AGL,CE,Towers with Radar,0,28,46,7,81,0,0,74,0,74,0,28,120,7,155,44,0,44,199
02/12/2004,SPI,IL,AGL,CE,Towers with Radar,0,22,29,4,55,0,6,24,2,32,0,28,53,6,87,27,0,27,114
02/13/2004,SPI,IL,AGL,CE,Towers with Radar,0,26,34,2,62,0,2,60,0,62,0,28,94,2,124,39,0,39,163
02/14/2004,SPI,IL,AGL,CE,Towers with Radar,0,17,23,2,42,0,4,71,0,75,0,21,94,2,117,51,0,51,168
02/15/2004,SPI,IL,AGL,CE,Towers with Radar,0,24,32,0,56,0,2,37,0,39,0,26,69,0,95,54,0,54,149
02/16/2004,SPI,IL,AGL,CE,Towers with Radar,0,24,32,0,56,0,4,28,0,32,0,28,60,0,88,60,0,60,148
02/17/2004,SPI,IL,AGL,CE,Towers with Radar,0,31,43,1,75,0,0,39,0,39,0,31,82,1,114,14,0,14,128
02/18/2004,SPI,IL,AGL,CE,Towers with Radar,0,29,42,2,73,2,0,64,0,66,2,29,106,2,139,69,0,69,208
02/19/2004,SPI,IL,AGL,CE,Towers with Radar,0,34,43,0,77,0,5,45,0,50,0,39,88,0,127,63,0,63,190
02/20/2004,SPI,IL,AGL,CE,Towers with Radar,0,31,40,2,73,0,0,19,0,19,0,31,59,2,92,7,0,7,99
02/21/2004,SPI,IL,AGL,CE,Towers with Radar,0,19,24,2,45,2,0,31,6,39,2,19,55,8,84,13,7,20,104
02/22/2004,SPI,IL,AGL,CE,Towers with Radar,0,24,30,1,55,0,3,29,0,32,0,27,59,1,87,115,0,115,202
02/23/2004,SPI,IL,AGL,CE,Towers with Radar,0,29,39,3,71,0,0,38,0,38,0,29,77,3,109,102,0,102,211
02/24/2004,SPI,IL,AGL,CE,Towers with Radar,0,27,40,5,72,0,0,19,6,25,0,27,59,11,97,51,2,53,150
02/25/2004,SPI,IL,AGL,CE,Towers with Radar,0,27,48,6,81,0,0,53,3,56,0,27,101,9,137,48,29,77,214
02/26/2004,SPI,IL,AGL,CE,Towers with Radar,0,30,46,6,82,1,0,51,5,57,1,30,97,11,139,121,6,127,266
02/27/2004,SPI,IL,AGL,CE,Towers with Radar,0,28,41,0,69,2,0,64,0,66,2,28,105,0,135,42,0,42,177
02/28/2004,SPI,IL,AGL,CE,Towers with Radar,0,21,28,3,52,0,0,98,1,99,0,21,126,4,151,45,0,45,196
02/29/2004,SPI,IL,AGL,CE,Towers with Radar,0,27,36,0,63,0,0,30,0,30,0,27,66,0,93,44,0,44,137
03/01/2004,SPI,IL,AGL,CE,Towers with Radar,1,30,40,7,78,1,6,16,4,27,2,36,56,11,105,1,8,9,114
03/02/2004,SPI,IL,AGL,CE,Towers with Radar,0,30,48,10,88,0,0,41,16,57,0,30,89,26,145,89,34,123,268
03/03/2004,SPI,IL,AGL,CE,Towers with Radar,0,32,46,10,88,0,0,13,8,21,0,32,59,18,109,42,29,71,180
03/04/2004,SPI,IL,AGL,CE,Towers with Radar,0,30,40,0,70,0,1,5,0,6,0,31,45,0,76,0,0,0,76
03/05/2004,SPI,IL,AGL,CE,Towers with Radar,0,28,38,6,72,0,3,2,0,5,0,31,40,6,77,4,5,9,86
03/06/2004,SPI,IL,AGL,CE,Towers with Radar,0,23,31,6,60,0,0,44,2,46,0,23,75,8,106,56,12,68,174
03/07/2004,SPI,IL,AGL,CE,Towers with Radar,0,21,28,5,54,0,2,0,5,7,0,23,28,10,61,1,14,15,76
03/08/2004,SPI,IL,AGL,CE,Towers with Radar,0,29,39,8,76,0,2,39,7,48,0,31,78,15,124,69,27,96,220
03/09/2004,SPI,IL,AGL,CE,Towers with Radar,0,29,46,8,83,0,0,33,0,33,0,29,79,8,116,17,11,28,144
03/10/2004,SPI,IL,AGL,CE,Towers with Radar,0,33,44,8,85,0,0,84,0,84,0,33,128,8,169,45,11,56,225
03/11/2004,SPI,IL,AGL,CE,Towers with Radar,0,32,49,6,87,0,0,31,0,31,0,32,80,6,118,0,4,4,122
03/12/2004,SPI,IL,AGL,CE,Towers with Radar,0,27,37,2,66,0,5,48,0,53,0,32,85,2,119,50,1,51,170
03/13/2004,SPI,IL,AGL,CE,Towers with Radar,0,16,22,0,38,0,3,40,0,43,0,19,62,0,81,21,0,21,102
03/14/2004,SPI,IL,AGL,CE,Towers with Radar,0,19,25,0,44,0,5,18,0,23,0,24,43,0,67,32,0,32,99
03/15/2004,SPI,IL,AGL,CE,Towers with Radar,0,32,42,7,81,0,2,17,0,19,0,34,59,7,100,18,3,21,121
03/16/2004,SPI,IL,AGL,CE,Towers with Radar,0,25,29,3,57,0,13,0,0,13,0,38,29,3,70,6,3,9,79
03/17/2004,SPI,IL,AGL,CE,Towers with Radar,0,27,38,7,72,0,0,12,4,16,0,27,50,11,88,12,7,19,107
03/18/2004,SPI,IL,AGL,CE,Towers with Radar,0,31,45,10,86,0,0,47,3,50,0,31,92,13,136,70,10,80,216
03/19/2004,SPI,IL,AGL,CE,Towers with Radar,0,35,53,11,99,0,0,74,3,77,0,35,127,14,176,87,40,127,303
03/20/2004,SPI,IL,AGL,CE,Towers with Radar,0,21,26,0,47,0,4,9,0,13,0,25,35,0,60,55,0,55,115
03/21/2004,SPI,IL,AGL,CE,Towers with Radar,0,25,37,3,65,0,0,38,0,38,0,25,75,3,103,42,0,42,145
03/22/2004,SPI,IL,AGL,CE,Towers with Radar,0,31,47,10,88,0,0,79,14,93,0,31,126,24,181,68,20,88,269
03/23/2004,SPI,IL,AGL,CE,Towers with Radar,0,36,49,10,95,0,0,31,14,45,0,36,80,24,140,59,6,65,205
03/24/2004,SPI,IL,AGL,CE,Towers with Radar,0,31,41,7,79,0,0,39,0,39,0,31,80,7,118,10,7,17,135
03/25/2004,SPI,IL,AGL,CE,Towers with Radar,0,39,50,6,95,0,4,5,0,9,0,43,55,6,104,2,3,5,109
03/26/2004,SPI,IL,AGL,CE,Towers with Radar,0,28,35,2,65,0,9,2,0,11,0,37,37,2,76,37,0,37,113
03/27/2004,SPI,IL,AGL,CE,Towers with Radar,0,18,27,2,47,0,0,35,0,35,0,18,62,2,82,83,0,83,165
03/28/2004,SPI,IL,AGL,CE,Towers with Radar,0,17,15,0,32,0,7,0,0,7,0,24,15,0,39,4,0,4,43
03/29/2004,SPI,IL,AGL,CE,Towers with Radar,0,34,47,6,87,0,0,35,0,35,0,34,82,6,122,55,8,63,185
03/30/2004,SPI,IL,AGL,CE,Towers with Radar,0,31,40,8,79,0,8,31,1,40,0,39,71,9,119,7,19,26,145
03/31/2004,SPI,IL,AGL,CE,Towers with Radar,0,33,53,9,95,0,0,29,9,38,0,33,82,18,133,53,32,85,218
04/01/2004,SPI,IL,AGL,CE,Towers with Radar,0,34,54,11,99,0,0,55,2,57,0,34,109,13,156,58,27,85,241
04/02/2004,SPI,IL,AGL,CE,Towers with Radar,0,29,49,10,88,0,0,72,4,76,0,29,121,14,164,64,47,111,275
04/03/2004,SPI,IL,AGL,CE,Towers with Radar,0,19,29,6,54,0,0,75,5,80,0,19,104,11,134,48,19,67,201
04/04/2004,SPI,IL,AGL,CE,Towers with Radar,0,24,36,8,68,0,2,68,3,73,0,26,104,11,141,67,6,73,214
04/05/2004,SPI,IL,AGL,CE,Towers with Radar,0,30,44,9,83,2,6,64,6,78,2,36,108,15,161,80,14,94,255
04/06/2004,SPI,IL,AGL,CE,Towers with Radar,0,30,45,8,83,0,5,45,0,50,0,35,90,8,133,42,16,58,191
04/07/2004,SPI,IL,AGL,CE,Towers with Radar,0,30,53,11,94,0,0,38,6,44,0,30,91,17,138,61,30,91,229
04/08/2004,SPI,IL,AGL,CE,Towers with Radar,0,32,48,9,89,0,1,34,3,38,0,33,82,12,127,36,33,69,196
04/09/2004,SPI,IL,AGL,CE,Towers with Radar,0,31,46,6,83,0,0,48,0,48,0,31,94,6,131,118,1,119,250
04/10/2004,SPI,IL,AGL,CE,Towers with Radar,0,13,21,0,34,0,2,42,0,44,0,15,63,0,78,91,0,91,169
04/11/2004,SPI,IL,AGL,CE,Towers with Radar,0,19,28,0,47,0,7,18,0,25,0,26,46,0,72,40,0,40,112
04/12/2004,SPI,IL,AGL,CE,Towers with Radar,0,33,49,10,92,0,0,29,3,32,0,33,78,13,124,30,4,34,158
04/13/2004,SPI,IL,AGL,CE,Towers with Radar,0,32,46,10,88,0,1,32,12,45,0,33,78,22,133,51,19,70,203
04/14/2004,SPI,IL,AGL,CE,Towers with Radar,0,33,47,9,89,0,0,60,4,64,0,33,107,13,153,53,16,69,222
04/15/2004,SPI,IL,AGL,CE,Towers with Radar,0,32,47,10,89,0,0,32,5,37,0,32,79,15,126,16,14,30,156
04/16/2004,SPI,IL,AGL,CE,Towers with Radar,0,32,45,9,86,0,3,55,0,58,0,35,100,9,144,42,18,60,204
04/17/2004,SPI,IL,AGL,CE,Towers with Radar,0,22,31,0,53,0,1,98,0,99,0,23,129,0,152,73,0,73,225
04/18/2004,SPI,IL,AGL,CE,Towers with Radar,0,20,28,1,49,0,10,8,0,18,0,30,36,1,67,30,0,30,97
04/19/2004,SPI,IL,AGL,CE,Towers with Radar,0,31,43,9,83,0,1,42,8,51,0,32,85,17,134,53,23,76,210
04/20/2004,SPI,IL,AGL,CE,Towers with Radar,0,25,36,7,68,0,4,21,0,25,0,29,57,7,93,52,20,72,165
04/21/2004,SPI,IL,AGL,CE,Towers with Radar,0,33,53,11,97,1,0,65,3,69,1,33,118,14,166,24,16,40,206
04/22/2004,SPI,IL,AGL,CE,Towers with Radar,0,28,47,4,79,0,0,33,0,33,0,28,80,4,112,43,3,46,158
04/23/2004,SPI,IL,AGL,CE,Towers with Radar,0,28,40,2,70,0,4,73,0,77,0,32,113,2,147,100,0,100,247
04/24/2004,SPI,IL,AGL,CE,Towers with Radar,0,20,28,0,48,0,0,59,0,59,0,20,87,0,107,61,0,61,168
04/25/2004,SPI,IL,AGL,CE,Towers with Radar,0,25,35,1,61,0,3,19,0,22,0,28,54,1,83,28,0,28,111
04/26/2004,SPI,IL,AGL,CE,Towers with Radar,0,30,42,8,80,0,0,60,0,60,0,30,102,8,140,105,6,111,251
04/27/2004,SPI,IL,AGL,CE,Towers with Radar,0,30,60,11,101,0,0,95,11,106,0,30,155,22,207,158,23,181,388
04/28/2004,SPI,IL,AGL,CE,Towers with Radar,0,32,50,9,91,0,0,19,3,22,0,32,69,12,113,10,7,17,130
04/29/2004,SPI,IL,AGL,CE,Towers with Radar,0,34,50,10,94,0,0,27,7,34,0,34,77,17,128,60,16,76,204
04/30/2004,SPI,IL,AGL,CE,Towers with Radar,0,31,47,5,83,0,0,34,0,34,0,31,81,5,117,55,2,57,174
05/01/2004,SPI,IL,AGL,CE,Towers with Radar,0,21,38,3,62,0,0,8,0,8,0,21,46,3,70,28,0,28,98
05/02/2004,SPI,IL,AGL,CE,Towers with Radar,0,23,38,5,66,0,6,3,7,16,0,29,41,12,82,53,10,63,145
05/03/2004,SPI,IL,AGL,CE,Towers with Radar,0,35,66,11,112,0,0,57,6,63,0,35,123,17,175,72,7,79,254
05/04/2004,SPI,IL,AGL,CE,Towers with Radar,0,30,49,8,87,0,0,52,6,58,0,30,101,14,145,48,17,65,210
05/05/2004,SPI,IL,AGL,CE,Towers with Radar,0,32,52,9,93,0,0,100,8,108,0,32,152,17,201,87,28,115,316
05/06/2004,SPI,IL,AGL,CE,Towers with Radar,0,34,54,9,97,0,1,54,4,59,0,35,108,13,156,51,26,77,233
05/07/2004,SPI,IL,AGL,CE,Towers with Radar,0,25,41,4,70,0,11,51,0,62,0,36,92,4,132,22,0,22,154
05/08/2004,SPI,IL,AGL,CE,Towers with Radar,0,17,31,1,49,0,0,64,0,64,0,17,95,1,113,39,4,43,156
05/09/2004,SPI,IL,AGL,CE,Towers with Radar,1,21,34,4,60,1,3,27,0,31,2,24,61,4,91,4,0,4,95
05/10/2004,SPI,IL,AGL,CE,Towers with Radar,0,29,52,9,90,0,0,20,9,29,0,29,72,18,119,46,14,60,179
05/11/2004,SPI,IL,AGL,CE,Towers with Radar,0,39,62,7,108,0,5,37,0,42,0,44,99,7,150,32,12,44,194
05/12/2004,SPI,IL,AGL,CE,Towers with Radar,0,26,49,8,83,0,0,24,3,27,0,26,73,11,110,36,5,41,151
05/13/2004,SPI,IL,AGL,CE,Towers with Radar,0,26,53,8,87,0,0,18,0,18,0,26,71,8,105,14,2,16,121
05/14/2004,SPI,IL,AGL,CE,Towers with Radar,0,28,43,6,77,0,4,0,0,4,0,32,43,6,81,10,1,11,92
05/15/2004,SPI,IL,AGL,CE,Towers with Radar,0,22,38,2,62,0,0,54,0,54,0,22,92,2,116,27,0,27,143
05/16/2004,SPI,IL,AGL,CE,Towers with Radar,0,23,34,0,57,0,4,53,0,57,0,27,87,0,114,56,0,56,170
05/17/2004,SPI,IL,AGL,CE,Towers with Radar,0,40,63,6,109,4,0,42,0,46,4,40,105,6,155,51,4,55,210
05/18/2004,SPI,IL,AGL,CE,Towers with Radar,0,33,50,4,87,2,2,14,0,18,2,35,64,4,105,13,4,17,122
05/19/2004,SPI,IL,AGL,CE,Towers with Radar,0,33,61,11,105,0,0,13,8,21,0,33,74,19,126,52,19,71,197
05/20/2004,SPI,IL,AGL,CE,Towers with Radar,0,32,67,11,110,0,0,54,31,85,0,32,121,42,195,56,35,91,286
05/21/2004,SPI,IL,AGL,CE,Towers with Radar,0,30,45,3,78,2,0,74,0,76,2,30,119,3,154,61,4,65,219
05/22/2004,SPI,IL,AGL,CE,Towers with Radar,0,15,23,0,38,0,2,39,0,41,0,17,62,0,79,19,0,19,98
05/23/2004,SPI,IL,AGL,CE,Towers with Radar,0,18,27,0,45,0,5,5,0,10,0,23,32,0,55,42,0,42,97
05/24/2004,SPI,IL,AGL,CE,Towers with Radar,0,31,47,0,78,0,7,35,0,42,0,38,82,0,120,62,0,62,182
05/25/2004,SPI,IL,AGL,CE,Towers with Radar,0,36,55,9,100,2,4,21,1,28,2,40,76,10,128,25,2,27,155
05/26/2004,SPI,IL,AGL,CE,Towers with Radar,0,33,51,8,92,1,0,58,4,63,1,33,109,12,155,12,14,26,181
05/27/2004,SPI,IL,AGL,CE,Towers with Radar,0,32,50,9,91,0,2,23,7,32,0,34,73,16,123,34,41,75,198
05/28/2004,SPI,IL,AGL,CE,Towers with Radar,0,31,47,7,85,0,1,70,1,72,0,32,117,8,157,24,17,41,198
05/29/2004,SPI,IL,AGL,CE,Towers with Radar,0,15,23,2,40,0,3,36,0,39,0,18,59,2,79,15,1,16,95
05/30/2004,SPI,IL,AGL,CE,Towers with Radar,0,10,18,0,28,0,0,3,0,3,0,10,21,0,31,3,0,3,34
05/31/2004,SPI,IL,AGL,CE,Towers with Radar,0,18,32,0,50,0,0,23,0,23,0,18,55,0,73,4,0,4,77
06/01/2004,SPI,IL,AGL,CE,Towers with Radar,0,28,44,8,80,0,0,68,0,68,0,28,112,8,148,80,17,97,245
06/02/2004,SPI,IL,AGL,CE,Towers with Radar,0,29,43,10,82,0,2,48,0,50,0,31,91,10,132,27,10,37,169
06/03/2004,SPI,IL,AGL,CE,Towers with Radar,0,32,50,13,95,0,0,63,10,73,0,32,113,23,168,42,25,67,235
06/04/2004,SPI,IL,AGL,CE,Towers with Radar,0,29,47,3,79,0,0,83,0,83,0,29,130,3,162,126,5,131,293
06/05/2004,SPI,IL,AGL,CE,Towers with Radar,0,18,27,0,45,0,3,43,0,46,0,21,70,0,91,25,0,25,116
06/06/2004,SPI,IL,AGL,CE,Towers with Radar,0,21,32,0,53,0,6,36,0,42,0,27,68,0,95,50,0,50,145
06/07/2004,SPI,IL,AGL,CE,Towers with Radar,0,27,39,8,74,0,6,31,4,41,0,33,70,12,115,43,13,56,171
06/08/2004,SPI,IL,AGL,CE,Towers with Radar,0,29,42,10,81,0,0,73,1,74,0,29,115,11,155,104,20,124,279
06/09/2004,SPI,IL,AGL,CE,Towers with Radar,0,32,47,10,89,0,2,24,7,33,0,34,71,17,122,6,5,11,133
06/10/2004,SPI,IL,AGL,CE,Towers with Radar,0,28,40,9,77,0,0,23,1,24,0,28,63,10,101,29,7,36,137
06/11/2004,SPI,IL,AGL,CE,Towers with Radar,0,28,41,2,71,0,2,42,0,44,0,30,83,2,115,29,1,30,145
06/12/2004,SPI,IL,AGL,CE,Towers with Radar,0,19,28,6,53,0,5,38,13,56,0,24,66,19,109,64,25,89,198
06/13/2004,SPI,IL,AGL,CE,Towers with Radar,0,22,33,7,62,0,5,33,6,44,0,27,66,13,106,62,18,80,186
06/14/2004,SPI,IL,AGL,CE,Towers with Radar,0,25,41,10,76,0,0,30,6,36,0,25,71,16,112,29,17,46,158
06/15/2004,SPI,IL,AGL,CE,Towers with Radar,0,25,37,9,71,0,2,26,4,32,0,27,63,13,103,3,8,11,114
06/16/2004,SPI,IL,AGL,CE,Towers with Radar,0,31,47,11,89,0,0,17,1,18,0,31,64,12,107,15,5,20,127
06/17/2004,SPI,IL,AGL,CE,Towers with Radar,0,30,53,12,95,0,0,37,4,41,0,30,90,16,136,93,1,94,230
06/18/2004,SPI,IL,AGL,CE,Towers with Radar,0,30,47,11,88,0,0,12,3,15,0,30,59,14,103,67,3,70,173
06/19/2004,SPI,IL,AGL,CE,Towers with Radar,0,19,26,0,45,0,10,56,0,66,0,29,82,0,111,79,0,79,190
06/20/2004,SPI,IL,AGL,CE,Towers with Radar,0,22,30,0,52,0,8,56,0,64,0,30,86,0,116,57,0,57,173
06/21/2004,SPI,IL,AGL,CE,Towers with Radar,0,30,44,10,84,0,0,11,1,12,0,30,55,11,96,11,5,16,112
06/22/2004,SPI,IL,AGL,CE,Towers with Radar,0,26,42,10,78,0,0,58,1,59,0,26,100,11,137,33,16,49,186
06/23/2004,SPI,IL,AGL,CE,Towers with Radar,0,33,46,10,89,0,1,68,2,71,0,34,114,12,160,56,6,62,222
06/24/2004,SPI,IL,AGL,CE,Towers with Radar,0,29,46,10,85,0,0,33,9,42,0,29,79,19,127,51,8,59,186
06/25/2004,SPI,IL,AGL,CE,Towers with Radar,0,29,40,0,69,0,5,54,0,59,0,34,94,0,128,82,0,82,210
06/26/2004,SPI,IL,AGL,CE,Towers with Radar,0,19,26,4,49,0,5,83,0,88,0,24,109,4,137,71,1,72,209
06/27/2004,SPI,IL,AGL,CE,Towers with Radar,0,25,34,1,60,0,0,60,0,60,0,25,94,1,120,98,0,98,218
06/28/2004,SPI,IL,AGL,CE,Towers with Radar,0,32,45,10,87,0,0,47,10,57,0,32,92,20,144,41,20,61,205
06/29/2004,SPI,IL,AGL,CE,Towers with Radar,0,29,40,9,78,0,0,96,6,102,0,29,136,15,180,64,46,110,290
06/30/2004,SPI,IL,AGL,CE,Towers with Radar,0,31,47,10,88,0,0,72,13,85,0,31,119,23,173,87,13,100,273
07/01/2004,SPI,IL,AGL,CE,Towers with Radar,0,29,47,11,87,0,0,49,15,64,0,29,96,26,151,51,14,65,216
07/02/2004,SPI,IL,AGL,CE,Towers with Radar,0,24,39,0,63,0,6,21,0,27,0,30,60,0,90,33,0,33,123
07/03/2004,SPI,IL,AGL,CE,Towers with Radar,0,13,22,0,35,0,2,7,0,9,0,15,29,0,44,1,0,1,45
07/04/2004,SPI,IL,AGL,CE,Towers with Radar,0,9,16,0,25,0,8,31,0,39,0,17,47,0,64,42,0,42,106
07/05/2004,SPI,IL,AGL,CE,Towers with Radar,1,18,31,1,51,1,3,28,0,32,2,21,59,1,83,98,0,98,181
07/06/2004,SPI,IL,AGL,CE,Towers with Radar,0,20,33,8,61,0,11,13,2,26,0,31,46,10,87,69,16,85,172
07/07/2004,SPI,IL,AGL,CE,Towers with Radar,0,34,56,13,103,1,0,69,6,76,1,34,125,19,179,115,20,135,314
07/08/2004,SPI,IL,AGL,CE,Towers with Radar,0,29,47,11,87,0,0,38,1,39,0,29,85,12,126,49,14,63,189
07/09/2004,SPI,IL,AGL,CE,Towers with Radar,0,26,50,10,86,0,0,35,4,39,0,26,85,14,125,24,43,67,192
07/10/2004,SPI,IL,AGL,CE,Towers with Radar,0,20,33,8,61,2,2,19,9,32,2,22,52,17,93,31,20,51,144
07/11/2004,SPI,IL,AGL,CE,Towers with Radar,0,18,29,2,49,0,11,42,0,53,0,29,71,2,102,123,2,125,227
07/12/2004,SPI,IL,AGL,CE,Towers with Radar,0,33,55,9,97,0,0,60,0,60,0,33,115,9,157,36,23,59,216
07/13/2004,SPI,IL,AGL,CE,Towers with Radar,0,30,55,12,97,0,0,26,21,47,0,30,81,33,144,18,37,55,199
07/14/2004,SPI,IL,AGL,CE,Towers with Radar,0,32,48,10,90,0,4,89,3,96,0,36,137,13,186,41,29,70,256
07/15/2004,SPI,IL,AGL,CE,Towers with Radar,0,30,46,10,86,0,1,53,6,60,0,31,99,16,146,21,14,35,181
07/16/2004,SPI,IL,AGL,CE,Towers with Radar,0,26,48,7,81,0,0,76,0,76,0,26,124,7,157,46,0,46,203
07/17/2004,SPI,IL,AGL,CE,Towers with Radar,0,20,30,1,51,0,1,28,0,29,0,21,58,1,80,53,0,53,133
07/18/2004,SPI,IL,AGL,CE,Towers with Radar,0,22,33,0,55,0,5,66,0,71,0,27,99,0,126,111,0,111,237
07/19/2004,SPI,IL,AGL,CE,Towers with Radar,0,28,42,7,77,0,3,70,0,73,0,31,112,7,150,44,5,49,199
07/20/2004,SPI,IL,AGL,CE,Towers with Radar,0,32,49,12,93,0,0,61,9,70,0,32,110,21,163,18,18,36,199
07/21/2004,SPI,IL,AGL,CE,Towers with Radar,0,25,45,10,80,0,0,54,10,64,0,25,99,20,144,58,14,72,216
07/22/2004,SPI,IL,AGL,CE,Towers with Radar,0,29,46,10,85,0,0,26,9,35,0,29,72,19,120,105,18,123,243
07/23/2004,SPI,IL,AGL,CE,Towers with Radar,0,30,49,11,90,0,0,52,0,52,0,30,101,11,142,30,10,40,182
07/24/2004,SPI,IL,AGL,CE,Towers with Radar,0,26,39,1,66,0,16,37,0,53,0,42,76,1,119,49,0,49,168
07/25/2004,SPI,IL,AGL,CE,Towers with Radar,0,23,35,0,58,0,2,29,0,31,0,25,64,0,89,31,0,31,120
07/26/2004,SPI,IL,AGL,CE,Towers with Radar,0,27,51,11,89,0,0,58,2,60,0,27,109,13,149,46,12,58,207
07/27/2004,SPI,IL,AGL,CE,Towers with Radar,0,28,47,9,84,0,0,71,0,71,0,28,118,9,155,79,7,86,241
07/28/2004,SPI,IL,AGL,CE,Towers with Radar,0,33,51,7,91,0,6,81,0,87,0,39,132,7,178,34,28,62,240
07/29/2004,SPI,IL,AGL,CE,Towers with Radar,0,32,59,8,99,0,0,48,0,48,0,32,107,8,147,36,27,63,210
07/30/2004,SPI,IL,AGL,CE,Towers with Radar,0,0,0,0,0,0,32,56,18,106,0,32,56,18,106,14,5,19,125
07/31/2004,SPI,IL,AGL,CE,Towers with Radar,0,0,0,0,0,1,26,79,2,108,1,26,79,2,108,47,0,47,155
08/01/2004,SPI,IL,AGL,CE,Towers with Radar,0,27,39,0,66,0,3,22,0,25,0,30,61,0,91,16,0,16,107
08/02/2004,SPI,IL,AGL,CE,Towers with Radar,0,30,43,8,81,0,2,31,0,33,0,32,74,8,114,94,13,107,221
08/03/2004,SPI,IL,AGL,CE,Towers with Radar,0,35,49,11,95,0,4,52,10,66,0,39,101,21,161,38,8,46,207
08/04/2004,SPI,IL,AGL,CE,Towers with Radar,0,29,42,10,81,0,9,28,6,43,0,38,70,16,124,53,13,66,190
08/05/2004,SPI,IL,AGL,CE,Towers with Radar,0,33,46,10,89,0,9,71,14,94,0,42,117,24,183,64,33,97,280
08/06/2004,SPI,IL,AGL,CE,Towers with Radar,0,27,38,9,74,0,0,54,5,59,0,27,92,14,133,56,28,84,217
08/07/2004,SPI,IL,AGL,CE,Towers with Radar,0,21,31,7,59,0,1,64,7,72,0,22,95,14,131,60,23,83,214
08/08/2004,SPI,IL,AGL,CE,Towers with Radar,0,20,29,7,56,0,8,45,4,57,0,28,74,11,113,29,19,48,161
08/09/2004,SPI,IL,AGL,CE,Towers with Radar,0,26,37,8,71,0,5,20,1,26,0,31,57,9,97,2,12,14,111
08/10/2004,SPI,IL,AGL,CE,Towers with Radar,0,30,42,10,82,0,0,36,4,40,0,30,78,14,122,37,14,51,173
08/11/2004,SPI,IL,AGL,CE,Towers with Radar,0,28,49,11,88,0,0,44,12,56,0,28,93,23,144,54,30,84,228
08/12/2004,SPI,IL,AGL,CE,Towers with Radar,0,40,56,13,109,0,0,41,4,45,0,40,97,17,154,65,8,73,227
08/13/2004,SPI,IL,AGL,CE,Towers with Radar,0,28,45,10,83,0,0,55,5,60,0,28,100,15,143,70,8,78,221
08/14/2004,SPI,IL,AGL,CE,Towers with Radar,0,20,29,0,49,0,1,56,0,57,0,21,85,0,106,41,0,41,147
08/15/2004,SPI,IL,AGL,CE,Towers with Radar,0,28,39,4,71,0,0,82,0,82,0,28,121,4,153,46,3,49,202
08/16/2004,SPI,IL,AGL,CE,Towers with Radar,0,31,45,7,83,0,0,68,0,68,0,31,113,7,151,58,2,60,211
08/17/2004,SPI,IL,AGL,CE,Towers with Radar,0,33,52,12,97,0,0,52,5,57,0,33,104,17,154,22,26,48,202
08/18/2004,SPI,IL,AGL,CE,Towers with Radar,0,27,48,9,84,0,0,48,0,48,0,27,96,9,132,20,7,27,159
08/19/2004,SPI,IL,AGL,CE,Towers with Radar,0,36,54,12,102,0,0,29,6,35,0,36,83,18,137,51,18,69,206
08/20/2004,SPI,IL,AGL,CE,Towers with Radar,0,30,40,6,76,0,4,18,0,22,0,34,58,6,98,12,1,13,111
08/21/2004,SPI,IL,AGL,CE,Towers with Radar,0,22,33,8,63,0,0,47,4,51,0,22,80,12,114,54,22,76,190
08/22/2004,SPI,IL,AGL,CE,Towers with Radar,0,27,36,9,72,0,4,56,2,62,0,31,92,11,134,72,13,85,219
08/23/2004,SPI,IL,AGL,CE,Towers with Radar,0,32,42,9,83,0,2,33,2,37,0,34,75,11,120,21,4,25,145
08/24/2004,SPI,IL,AGL,CE,Towers with Radar,0,32,47,11,90,0,0,20,0,20,0,32,67,11,110,37,2,39,149
08/25/2004,SPI,IL,AGL,CE,Towers with Radar,0,25,33,0,58,0,1,9,0,10,0,26,42,0,68,8,0,8,76
08/26/2004,SPI,IL,AGL,CE,Towers with Radar,0,42,56,11,109,0,5,15,0,20,0,47,71,11,129,63,12,75,204
08/27/2004,SPI,IL,AGL,CE,Towers with Radar,0,32,42,2,76,0,14,3,0,17,0,46,45,2,93,33,0,33,126
08/28/2004,SPI,IL,AGL,CE,Towers with Radar,0,16,21,3,40,0,4,13,0,17,0,20,34,3,57,31,0,31,88
08/29/2004,SPI,IL,AGL,CE,Towers with Radar,0,29,39,2,70,0,3,19,0,22,0,32,58,2,92,44,0,44,136
08/30/2004,SPI,IL,AGL,CE,Towers with Radar,0,30,40,10,80,0,9,67,0,76,0,39,107,10,156,113,9,122,278
08/31/2004,SPI,IL,AGL,CE,Towers with Radar,0,33,46,6,85,0,2,81,0,83,0,35,127,6,168,75,15,90,258
09/01/2004,SPI,IL,AGL,CE,Towers with Radar,0,29,46,7,82,0,4,85,0,89,0,33,131,7,171,70,5,75,246
09/02/2004,SPI,IL,AGL,CE,Towers with Radar,0,33,53,6,92,0,1,71,0,72,0,34,124,6,164,45,6,51,215
09/03/2004,SPI,IL,AGL,CE,Towers with Radar,0,33,52,5,90,0,8,38,0,46,0,41,90,5,136,46,0,46,182
09/04/2004,SPI,IL,AGL,CE,Towers with Radar,0,17,27,3,47,0,0,36,0,36,0,17,63,3,83,22,17,39,122
09/05/2004,SPI,IL,AGL,CE,Towers with Radar,0,16,27,1,44,0,0,42,0,42,0,16,69,1,86,17,8,25,111
09/06/2004,SPI,IL,AGL,CE,Towers with Radar,0,21,34,1,56,0,0,33,0,33,0,21,67,1,89,47,0,47,136
09/07/2004,SPI,IL,AGL,CE,Towers with Radar,0,23,37,6,66,0,7,56,1,64,0,30,93,7,130,99,6,105,235
09/08/2004,SPI,IL,AGL,CE,Towers with Radar,0,29,51,9,89,0,0,61,16,77,0,29,112,25,166,112,16,128,294
09/09/2004,SPI,IL,AGL,CE,Towers with Radar,0,27,52,9,88,0,0,86,8,94,0,27,138,17,182,70,27,97,279
09/10/2004,SPI,IL,AGL,CE,Towers with Radar,0,29,51,9,89,0,0,46,11,57,0,29,97,20,146,66,15,81,227
09/11/2004,SPI,IL,AGL,CE,Towers with Radar,0,18,29,5,52,1,6,23,2,32,1,24,52,7,84,72,16,88,172
09/12/2004,SPI,IL,AGL,CE,Towers with Radar,0,25,40,8,73,0,2,0,7,9,0,27,40,15,82,43,25,68,150
09/13/2004,SPI,IL,AGL,CE,Towers with Radar,0,31,55,10,96,0,0,51,8,59,0,31,106,18,155,36,8,44,199
09/14/2004,SPI,IL,AGL,CE,Towers with Radar,0,33,55,10,98,0,0,29,4,33,0,33,84,14,131,18,8,26,157
09/15/2004,SPI,IL,AGL,CE,Towers with Radar,0,27,48,9,84,0,0,23,13,36,0,27,71,22,120,31,11,42,162
09/16/2004,SPI,IL,AGL,CE,Towers with Radar,0,27,56,10,93,0,0,70,7,77,0,27,126,17,170,74,15,89,259
09/17/2004,SPI,IL,AGL,CE,Towers with Radar,0,24,37,1,62,1,5,59,0,65,1,29,96,1,127,27,0,27,154
09/18/2004,SPI,IL,AGL,CE,Towers with Radar,0,22,33,2,57,0,0,58,0,58,0,22,91,2,115,48,0,48,163
09/19/2004,SPI,IL,AGL,CE,Towers with Radar,0,23,35,0,58,0,5,64,0,69,0,28,99,0,127,55,0,55,182
09/20/2004,SPI,IL,AGL,CE,Towers with Radar,0,27,41,7,75,0,9,52,7,68,0,36,93,14,143,6,8,14,157
09/21/2004,SPI,IL,AGL,CE,Towers with Radar,0,30,45,9,84,0,0,45,9,54,0,30,90,18,138,24,25,49,187
09/22/2004,SPI,IL,AGL,CE,Towers with Radar,0,30,52,10,92,0,0,100,2,102,0,30,152,12,194,76,3,79,273
09/23/2004,SPI,IL,AGL,CE,Towers with Radar,0,29,54,10,93,0,0,75,8,83,0,29,129,18,176,61,5,66,242
09/24/2004,SPI,IL,AGL,CE,Towers with Radar,0,34,52,3,89,0,6,58,0,64,0,40,110,3,153,19,1,20,173
09/25/2004,SPI,IL,AGL,CE,Towers with Radar,0,19,28,2,49,0,11,54,0,65,0,30,82,2,114,36,0,36,150
09/26/2004,SPI,IL,AGL,CE,Towers with Radar,0,25,38,8,71,0,10,101,4,115,0,35,139,12,186,76,10,86,272
09/27/2004,SPI,IL,AGL,CE,Towers with Radar,0,31,48,4,83,0,2,53,0,55,0,33,101,4,138,40,4,44,182
09/28/2004,SPI,IL,AGL,CE,Towers with Radar,0,30,45,9,84,0,0,22,2,24,0,30,67,11,108,13,12,25,133
09/29/2004,SPI,IL,AGL,CE,Towers with Radar,0,29,44,0,73,0,1,55,0,56,0,30,99,0,129,51,0,51,180
09/30/2004,SPI,IL,AGL,CE,Towers with Radar,0,31,52,7,90,0,0,66,0,66,0,31,118,7,156,42,4,46,202
10/01/2004,SPI,IL,AGL,CE,Combined TRACON& Tower with Radar,0,28,44,10,82,0,1,35,1,37,0,29,79,11,119,19,13,32,151
10/02/2004,SPI,IL,AGL,CE,Combined TRACON& Tower with Radar,0,18,38,14,70,0,1,39,2,42,0,19,77,16,112,55,35,90,202
10/03/2004,SPI,IL,AGL,CE,Combined TRACON& Tower with Radar,1,26,24,10,61,0,0,45,0,45,1,26,69,10,106,59,19,78,184
10/04/2004,SPI,IL,AGL,CE,Combined TRACON& Tower with Radar,1,31,51,14,97,0,1,37,3,41,1,32,88,17,138,42,14,56,194
10/05/2004,SPI,IL,AGL,CE,Combined TRACON& Tower with Radar,0,27,41,7,75,0,1,62,0,63,0,28,103,7,138,28,4,32,170
10/06/2004,SPI,IL,AGL,CE,Combined TRACON& Tower with Radar,0,28,56,8,92,0,0,41,4,45,0,28,97,12,137,42,5,47,184
10/07/2004,SPI,IL,AGL,CE,Combined TRACON& Tower with Radar,0,30,56,8,94,0,0,37,4,41,0,30,93,12,135,45,4,49,184
10/08/2004,SPI,IL,AGL,CE,Combined TRACON& Tower with Radar,0,30,70,0,100,0,0,4,0,4,0,30,74,0,104,10,0,10,114
10/09/2004,SPI,IL,AGL,CE,Combined TRACON& Tower with Radar,0,18,16,1,35,0,0,32,0,32,0,18,48,1,67,64,4,68,135
10/10/2004,SPI,IL,AGL,CE,Combined TRACON& Tower with Radar,0,24,21,0,45,0,0,34,0,34,0,24,55,0,79,69,9,78,157
10/11/2004,SPI,IL,AGL,CE,Combined TRACON& Tower with Radar,0,32,34,0,66,0,2,34,0,36,0,34,68,0,102,28,0,28,130
10/12/2004,SPI,IL,AGL,CE,Combined TRACON& Tower with Radar,0,30,62,11,103,0,0,3,0,3,0,30,65,11,106,7,4,11,117
10/13/2004,SPI,IL,AGL,CE,Combined TRACON& Tower with Radar,0,28,57,8,93,0,0,8,0,8,0,28,65,8,101,9,1,10,111
10/14/2004,SPI,IL,AGL,CE,Combined TRACON& Tower with Radar,0,28,63,2,93,0,0,0,0,0,0,28,63,2,93,7,0,7,100
10/15/2004,SPI,IL,AGL,CE,Combined TRACON& Tower with Radar,0,30,53,4,87,0,1,35,0,36,0,31,88,4,123,21,1,22,145
10/16/2004,SPI,IL,AGL,CE,Combined TRACON& Tower with Radar,2,22,24,0,48,0,0,30,0,30,2,22,54,0,78,23,0,23,101
10/17/2004,SPI,IL,AGL,CE,Combined TRACON& Tower with Radar,0,27,16,0,43,0,0,57,0,57,0,27,73,0,100,62,0,62,162
10/18/2004,SPI,IL,AGL,CE,Combined TRACON& Tower with Radar,0,34,27,4,65,0,0,0,0,0,0,34,27,4,65,0,0,0,65
10/19/2004,SPI,IL,AGL,CE,Combined TRACON& Tower with Radar,0,33,55,0,88,0,0,0,0,0,0,33,55,0,88,2,0,2,90
10/20/2004,SPI,IL,AGL,CE,Combined TRACON& Tower with Radar,0,35,98,7,140,0,1,9,0,10,0,36,107,7,150,23,2,25,175
10/21/2004,SPI,IL,AGL,CE,Combined TRACON& Tower with Radar,0,28,58,12,98,0,0,11,0,11,0,28,69,12,109,9,11,20,129
10/22/2004,SPI,IL,AGL,CE,Combined TRACON& Tower with Radar,0,40,53,11,104,0,1,0,0,1,0,41,53,11,105,21,1,22,127
10/23/2004,SPI,IL,AGL,CE,Combined TRACON& Tower with Radar,2,21,6,0,29,0,0,10,0,10,2,21,16,0,39,28,0,28,67
10/24/2004,SPI,IL,AGL,CE,Combined TRACON& Tower with Radar,0,25,27,0,52,0,1,74,0,75,0,26,101,0,127,52,0,52,179
10/25/2004,SPI,IL,AGL,CE,Combined TRACON& Tower with Radar,0,31,47,1,79,0,0,73,0,73,0,31,120,1,152,45,0,45,197
10/26/2004,SPI,IL,AGL,CE,Combined TRACON& Tower with Radar,0,27,37,6,70,0,1,7,0,8,0,28,44,6,78,1,3,4,82
10/27/2004,SPI,IL,AGL,CE,Combined TRACON& Tower with Radar,2,33,58,5,98,0,0,1,0,1,2,33,59,5,99,4,12,16,115
10/28/2004,SPI,IL,AGL,CE,Combined TRACON& Tower with Radar,2,45,47,1,95,0,0,2,0,2,2,45,49,1,97,0,0,0,97
10/29/2004,SPI,IL,AGL,CE,Combined TRACON& Tower with Radar,0,34,48,11,93,0,1,31,0,32,0,35,79,11,125,19,28,47,172
10/30/2004,SPI,IL,AGL,CE,Combined TRACON& Tower with Radar,0,22,10,1,33,0,0,14,0,14,0,22,24,1,47,3,0,3,50
10/31/2004,SPI,IL,AGL,CE,Combined TRACON& Tower with Radar,2,31,25,1,59,0,4,49,0,53,2,35,74,1,112,44,0,44,156
11/01/2004,SPI,IL,AGL,CE,Combined TRACON& Tower with Radar,0,32,31,1,64,0,0,0,0,0,0,32,31,1,64,0,0,0,64
11/02/2004,SPI,IL,AGL,CE,Combined TRACON& Tower with Radar,0,27,43,1,71,0,0,9,0,9,0,27,52,1,80,9,1,10,90
11/03/2004,SPI,IL,AGL,CE,Combined TRACON& Tower with Radar,0,28,55,3,86,0,1,31,2,34,0,29,86,5,120,40,10,50,170
11/04/2004,SPI,IL,AGL,CE,Combined TRACON& Tower with Radar,0,27,43,4,74,0,1,19,0,20,0,28,62,4,94,40,6,46,140
11/05/2004,SPI,IL,AGL,CE,Combined TRACON& Tower with Radar,0,28,41,10,79,0,1,60,3,64,0,29,101,13,143,60,24,84,227
11/06/2004,SPI,IL,AGL,CE,Combined TRACON& Tower with Radar,0,19,22,11,52,0,0,53,2,55,0,19,75,13,107,67,4,71,178
11/07/2004,SPI,IL,AGL,CE,Combined TRACON& Tower with Radar,0,29,24,14,67,0,2,58,0,60,0,31,82,14,127,58,19,77,204
11/08/2004,SPI,IL,AGL,CE,Combined TRACON& Tower with Radar,0,28,48,0,76,0,1,66,0,67,0,29,114,0,143,61,0,61,204
11/09/2004,SPI,IL,AGL,CE,Combined TRACON& Tower with Radar,0,30,36,7,73,0,1,50,0,51,0,31,86,7,124,47,4,51,175
11/10/2004,SPI,IL,AGL,CE,Combined TRACON& Tower with Radar,0,30,58,7,95,0,0,47,0,47,0,30,105,7,142,56,2,58,200
11/11/2004,SPI,IL,AGL,CE,Combined TRACON& Tower with Radar,0,36,29,0,65,0,0,7,0,7,0,36,36,0,72,32,0,32,104
11/12/2004,SPI,IL,AGL,CE,Combined TRACON& Tower with Radar,0,30,40,10,80,0,1,52,1,54,0,31,92,11,134,20,1,21,155
11/13/2004,SPI,IL,AGL,CE,Combined TRACON& Tower with Radar,0,20,20,0,40,0,0,46,0,46,0,20,66,0,86,47,0,47,133
11/14/2004,SPI,IL,AGL,CE,Combined TRACON& Tower with Radar,0,24,29,0,53,0,1,53,0,54,0,25,82,0,107,33,0,33,140
11/15/2004,SPI,IL,AGL,CE,Combined TRACON& Tower with Radar,0,36,32,4,72,0,0,33,2,35,0,36,65,6,107,8,1,9,116
11/16/2004,SPI,IL,AGL,CE,Combined TRACON& Tower with Radar,0,31,66,7,104,0,0,7,0,7,0,31,73,7,111,28,0,28,139
11/17/2004,SPI,IL,AGL,CE,Combined TRACON& Tower with Radar,0,36,56,14,106,0,0,24,5,29,0,36,80,19,135,32,16,48,183
11/18/2004,SPI,IL,AGL,CE,Combined TRACON& Tower with Radar,0,33,62,11,106,0,1,16,2,19,0,34,78,13,125,16,9,25,150
11/19/2004,SPI,IL,AGL,CE,Combined TRACON& Tower with Radar,0,32,51,4,87,0,1,6,0,7,0,33,57,4,94,37,0,37,131
11/20/2004,SPI,IL,AGL,CE,Combined TRACON& Tower with Radar,0,18,20,0,38,0,0,26,0,26,0,18,46,0,64,79,0,79,143
11/21/2004,SPI,IL,AGL,CE,Combined TRACON& Tower with Radar,0,24,25,2,51,0,0,44,0,44,0,24,69,2,95,58,0,58,153
11/22/2004,SPI,IL,AGL,CE,Combined TRACON& Tower with Radar,0,29,50,15,94,0,0,23,0,23,0,29,73,15,117,35,0,35,152
11/23/2004,SPI,IL,AGL,CE,Combined TRACON& Tower with Radar,0,35,48,11,94,0,1,0,0,1,0,36,48,11,95,2,0,2,97
11/24/2004,SPI,IL,AGL,CE,Combined TRACON& Tower with Radar,0,23,15,2,40,0,0,0,0,0,0,23,15,2,40,1,0,1,41
11/25/2004,SPI,IL,AGL,CE,Combined TRACON& Tower with Radar,0,13,8,0,21,0,0,12,0,12,0,13,20,0,33,1,0,1,34
11/26/2004,SPI,IL,AGL,CE,Combined TRACON& Tower with Radar,0,14,30,0,44,0,1,52,0,53,0,15,82,0,97,71,0,71,168
11/27/2004,SPI,IL,AGL,CE,Combined TRACON& Tower with Radar,0,20,10,0,30,0,0,0,0,0,0,20,10,0,30,1,0,1,31
11/28/2004,SPI,IL,AGL,CE,Combined TRACON& Tower with Radar,0,25,35,0,60,0,0,76,0,76,0,25,111,0,136,93,0,93,229
11/29/2004,SPI,IL,AGL,CE,Combined TRACON& Tower with Radar,0,29,31,7,67,0,0,0,0,0,0,29,31,7,67,0,0,0,67
11/30/2004,SPI,IL,AGL,CE,Combined TRACON& Tower with Radar,0,31,35,4,70,0,0,0,0,0,0,31,35,4,70,0,2,2,72
12/01/2004,SPI,IL,AGL,CE,Combined TRACON& Tower with Radar,0,35,50,22,107,0,1,60,0,61,0,36,110,22,168,43,40,83,251
12/02/2004,SPI,IL,AGL,CE,Combined TRACON& Tower with Radar,2,31,56,5,94,0,1,53,0,54,2,32,109,5,148,49,2,51,199
12/03/2004,SPI,IL,AGL,CE,Combined TRACON& Tower with Radar,0,29,49,4,82,0,0,51,0,51,0,29,100,4,133,39,0,39,172
12/04/2004,SPI,IL,AGL,CE,Combined TRACON& Tower with Radar,0,18,24,2,44,0,2,53,0,55,0,20,77,2,99,33,5,38,137
12/05/2004,SPI,IL,AGL,CE,Combined TRACON& Tower with Radar,0,24,24,2,50,0,0,38,0,38,0,24,62,2,88,24,0,24,112
12/06/2004,SPI,IL,AGL,CE,Combined TRACON& Tower with Radar,0,30,36,8,74,0,0,2,0,2,0,30,38,8,76,43,0,43,119
12/07/2004,SPI,IL,AGL,CE,Combined TRACON& Tower with Radar,0,33,47,2,82,0,0,1,0,1,0,33,48,2,83,5,0,5,88
12/08/2004,SPI,IL,AGL,CE,Combined TRACON& Tower with Radar,2,27,45,17,91,0,0,69,1,70,2,27,114,18,161,21,16,37,198
12/09/2004,SPI,IL,AGL,CE,Combined TRACON& Tower with Radar,0,41,53,6,100,0,4,42,2,48,0,45,95,8,148,70,7,77,225
12/10/2004,SPI,IL,AGL,CE,Combined TRACON& Tower with Radar,0,28,39,4,71,0,2,1,0,3,0,30,40,4,74,4,1,5,79
12/11/2004,SPI,IL,AGL,CE,Combined TRACON& Tower with Radar,0,22,14,7,43,0,0,22,0,22,0,22,36,7,65,8,4,12,77
12/12/2004,SPI,IL,AGL,CE,Combined TRACON& Tower with Radar,0,21,20,4,45,0,1,4,0,5,0,22,24,4,50,23,15,38,88
12/13/2004,SPI,IL,AGL,CE,Combined TRACON& Tower with Radar,0,34,39,3,76,0,1,12,0,13,0,35,51,3,89,7,3,10,99
12/14/2004,SPI,IL,AGL,CE,Combined TRACON& Tower with Radar,0,28,58,4,90,0,1,35,0,36,0,29,93,4,126,26,6,32,158
12/15/2004,SPI,IL,AGL,CE,Combined TRACON& Tower with Radar,0,28,46,5,79,0,0,35,1,36,0,28,81,6,115,9,14,23,138
12/16/2004,SPI,IL,AGL,CE,Combined TRACON& Tower with Radar,0,31,57,9,97,0,1,46,0,47,0,32,103,9,144,66,7,73,217
12/17/2004,SPI,IL,AGL,CE,Combined TRACON& Tower with Radar,0,30,49,7,86,0,2,49,1,52,0,32,98,8,138,71,7,78,216
12/18/2004,SPI,IL,AGL,CE,Combined TRACON& Tower with Radar,0,21,17,0,38,0,0,40,0,40,0,21,57,0,78,36,0,36,114
12/19/2004,SPI,IL,AGL,CE,Combined TRACON& Tower with Radar,0,24,14,0,38,0,2,17,0,19,0,26,31,0,57,22,0,22,79
12/20/2004,SPI,IL,AGL,CE,Combined TRACON& Tower with Radar,0,33,27,4,64,0,1,13,0,14,0,34,40,4,78,8,3,11,89
12/21/2004,SPI,IL,AGL,CE,Combined TRACON& Tower with Radar,0,27,23,17,67,0,1,33,2,36,0,28,56,19,103,17,12,29,132
12/22/2004,SPI,IL,AGL,CE,Combined TRACON& Tower with Radar,0,31,27,7,65,0,0,23,1,24,0,31,50,8,89,20,15,35,124
12/23/2004,SPI,IL,AGL,CE,Combined TRACON& Tower with Radar,0,33,34,0,67,0,1,27,0,28,0,34,61,0,95,34,0,34,129
12/24/2004,SPI,IL,AGL,CE,Combined TRACON& Tower with Radar,0,19,19,0,38,0,2,26,0,28,0,21,45,0,66,18,0,18,84
12/25/2004,SPI,IL,AGL,CE,Combined TRACON& Tower with Radar,0,11,2,0,13,0,1,7,0,8,0,12,9,0,21,4,0,4,25
12/26/2004,SPI,IL,AGL,CE,Combined TRACON& Tower with Radar,0,23,22,0,45,0,0,28,0,28,0,23,50,0,73,35,1,36,109
12/27/2004,SPI,IL,AGL,CE,Combined TRACON& Tower with Radar,0,29,26,2,57,0,2,23,1,26,0,31,49,3,83,15,5,20,103
12/28/2004,SPI,IL,AGL,CE,Combined TRACON& Tower with Radar,0,27,34,6,67,0,2,42,2,46,0,29,76,8,113,48,9,57,170
12/29/2004,SPI,IL,AGL,CE,Combined TRACON& Tower with Radar,0,29,39,7,75,0,0,23,0,23,0,29,62,7,98,89,14,103,201
12/30/2004,SPI,IL,AGL,CE,Combined TRACON& Tower with Radar,0,26,21,0,47,0,2,2,0,4,0,28,23,0,51,5,0,5,56
12/31/2004,SPI,IL,AGL,CE,Combined TRACON& Tower with Radar,0,22,45,0,67,0,0,57,0,57,0,22,102,0,124,73,0,73,197
01/01/2005,SPI,IL,AGL,CE,Combined TRACON& Tower with Radar,0,15,8,0,23,0,0,0,0,0,0,15,8,0,23,1,0,1,24
01/02/2005,SPI,IL,AGL,CE,Combined TRACON& Tower with Radar,0,29,21,0,50,0,0,0,0,0,0,29,21,0,50,2,0,2,52
01/03/2005,SPI,IL,AGL,CE,Combined TRACON& Tower with Radar,0,27,27,0,54,0,0,0,0,0,0,27,27,0,54,0,0,0,54
01/04/2005,SPI,IL,AGL,CE,Combined TRACON& Tower with Radar,0,21,19,0,40,0,0,0,0,0,0,21,19,0,40,0,0,0,40
01/05/2005,SPI,IL,AGL,CE,Combined TRACON& Tower with Radar,0,14,26,0,40,0,0,0,0,0,0,14,26,0,40,0,0,0,40
01/06/2005,SPI,IL,AGL,CE,Combined TRACON& Tower with Radar,0,22,66,0,88,0,2,5,0,7,0,24,71,0,95,5,0,5,100
01/07/2005,SPI,IL,AGL,CE,Combined TRACON& Tower with Radar,0,26,54,23,103,0,0,14,2,16,0,26,68,25,119,23,20,43,162
01/08/2005,SPI,IL,AGL,CE,Combined TRACON& Tower with Radar,0,13,21,9,43,0,3,2,0,5,0,16,23,9,48,8,2,10,58
01/09/2005,SPI,IL,AGL,CE,Combined TRACON& Tower with Radar,0,21,32,17,70,0,0,23,0,23,0,21,55,17,93,56,9,65,158
01/10/2005,SPI,IL,AGL,CE,Combined TRACON& Tower with Radar,0,22,46,6,74,0,0,4,0,4,0,22,50,6,78,0,0,0,78
01/11/2005,SPI,IL,AGL,CE,Combined TRACON& Tower with Radar,0,21,26,0,47,0,0,0,0,0,0,21,26,0,47,0,0,0,47
01/12/2005,SPI,IL,AGL,CE,Combined TRACON& Tower with Radar,0,27,51,15,93,0,2,20,1,23,0,29,71,16,116,17,24,41,157
01/13/2005,SPI,IL,AGL,CE,Combined TRACON& Tower with Radar,0,21,48,3,72,0,0,1,0,1,0,21,49,3,73,0,2,2,75
01/14/2005,SPI,IL,AGL,CE,Combined TRACON& Tower with Radar,0,20,37,0,57,0,4,33,0,37,0,24,70,0,94,29,0,29,123
01/15/2005,SPI,IL,AGL,CE,Combined TRACON& Tower with Radar,0,13,15,2,30,0,3,28,0,31,0,16,43,2,61,32,0,32,93
01/16/2005,SPI,IL,AGL,CE,Combined TRACON& Tower with Radar,0,18,21,0,39,0,0,30,0,30,0,18,51,0,69,13,0,13,82
01/17/2005,SPI,IL,AGL,CE,Combined TRACON& Tower with Radar,0,20,14,0,34,0,2,29,0,31,0,22,43,0,65,23,0,23,88
01/18/2005,SPI,IL,AGL,CE,Combined TRACON& Tower with Radar,0,24,44,16,84,0,1,23,0,24,0,25,67,16,108,20,15,35,143
01/19/2005,SPI,IL,AGL,CE,Combined TRACON& Tower with Radar,0,20,72,17,109,0,1,29,0,30,0,21,101,17,139,37,6,43,182
01/20/2005,SPI,IL,AGL,CE,Combined TRACON& Tower with Radar,0,24,43,8,75,0,0,6,1,7,0,24,49,9,82,55,4,59,141
01/21/2005,SPI,IL,AGL,CE,Combined TRACON& Tower with Radar,0,22,50,14,86,0,0,32,1,33,0,22,82,15,119,62,11,73,192
01/22/2005,SPI,IL,AGL,CE,Combined TRACON& Tower with Radar,0,8,8,8,24,0,0,0,0,0,0,8,8,8,24,0,3,3,27
01/23/2005,SPI,IL,AGL,CE,Combined TRACON& Tower with Radar,0,18,16,1,35,0,1,47,0,48,0,19,63,1,83,77,0,77,160
01/24/2005,SPI,IL,AGL,CE,Combined TRACON& Tower with Radar,0,22,40,16,78,0,0,39,5,44,0,22,79,21,122,62,26,88,210
01/25/2005,SPI,IL,AGL,CE,Combined TRACON& Tower with Radar,0,30,48,13,91,0,0,72,2,74,0,30,120,15,165,61,31,92,257
01/26/2005,SPI,IL,AGL,CE,Combined TRACON& Tower with Radar,0,22,46,20,88,0,3,15,1,19,0,25,61,21,107,40,4,44,151
01/27/2005,SPI,IL,AGL,CE,Combined TRACON& Tower with Radar,0,21,51,30,102,0,0,40,6,46,0,21,91,36,148,16,39,55,203
01/28/2005,SPI,IL,AGL,CE,Combined TRACON& Tower with Radar,0,19,39,0,58,0,0,40,0,40,0,19,79,0,98,45,0,45,143
01/29/2005,SPI,IL,AGL,CE,Combined TRACON& Tower with Radar,2,16,8,0,26,0,0,0,0,0,2,16,8,0,26,0,0,0,26
01/30/2005,SPI,IL,AGL,CE,Combined TRACON& Tower with Radar,0,18,32,0,50,0,0,23,0,23,0,18,55,0,73,43,0,43,116
01/31/2005,SPI,IL,AGL,CE,Combined TRACON& Tower with Radar,0,22,59,7,88,0,1,16,0,17,0,23,75,7,105,13,4,17,122
02/01/2005,SPI,IL,AGL,CE,Combined TRACON& Tower with Radar,0,19,74,7,100,0,1,33,2,36,0,20,107,9,136,59,12,71,207
02/02/2005,SPI,IL,AGL,CE,Combined TRACON& Tower with Radar,2,24,28,9,63,0,2,51,0,53,2,26,79,9,116,34,9,43,159
02/03/2005,SPI,IL,AGL,CE,Combined TRACON& Tower with Radar,0,20,65,19,104,0,2,43,4,49,0,22,108,23,153,35,19,54,207
02/04/2005,SPI,IL,AGL,CE,Combined TRACON& Tower with Radar,0,27,44,17,88,0,3,55,0,58,0,30,99,17,146,62,29,91,237
02/05/2005,SPI,IL,AGL,CE,Combined TRACON& Tower with Radar,0,14,23,1,38,0,0,56,0,56,0,14,79,1,94,165,1,166,260
02/06/2005,SPI,IL,AGL,CE,Combined TRACON& Tower with Radar,0,21,9,0,30,0,2,11,0,13,0,23,20,0,43,63,0,63,106
02/07/2005,SPI,IL,AGL,CE,Combined TRACON& Tower with Radar,1,25,45,1,72,0,0,0,0,0,1,25,45,1,72,0,0,0,72
02/08/2005,SPI,IL,AGL,CE,Combined TRACON& Tower with Radar,0,25,41,0,66,0,0,0,0,0,0,25,41,0,66,0,0,0,66
02/09/2005,SPI,IL,AGL,CE,Combined TRACON& Tower with Radar,0,21,51,2,74,0,1,1,0,2,0,22,52,2,76,1,0,1,77
02/10/2005,SPI,IL,AGL,CE,Combined TRACON& Tower with Radar,0,23,50,18,91,0,3,19,2,24,0,26,69,20,115,32,18,50,165
02/11/2005,SPI,IL,AGL,CE,Combined TRACON& Tower with Radar,0,25,30,4,59,0,0,50,0,50,0,25,80,4,109,80,0,80,189
02/12/2005,SPI,IL,AGL,CE,Combined TRACON& Tower with Radar,0,24,15,4,43,0,0,43,0,43,0,24,58,4,86,80,0,80,166
02/13/2005,SPI,IL,AGL,CE,Combined TRACON& Tower with Radar,0,20,16,0,36,0,1,1,0,2,0,21,17,0,38,1,0,1,39
02/14/2005,SPI,IL,AGL,CE,Combined TRACON& Tower with Radar,0,21,36,6,63,0,0,22,0,22,0,21,58,6,85,42,7,49,134
02/15/2005,SPI,IL,AGL,CE,Combined TRACON& Tower with Radar,0,25,53,16,94,0,0,43,0,43,0,25,96,16,137,59,13,72,209
02/16/2005,SPI,IL,AGL,CE,Combined TRACON& Tower with Radar,0,22,62,9,93,0,0,55,0,55,0,22,117,9,148,50,12,62,210
02/17/2005,SPI,IL,AGL,CE,Combined TRACON& Tower with Radar,0,23,50,12,85,0,2,49,3,54,0,25,99,15,139,80,10,90,229
02/18/2005,SPI,IL,AGL,CE,Combined TRACON& Tower with Radar,0,27,50,15,92,0,1,56,0,57,0,28,106,15,149,50,18,68,217
02/19/2005,SPI,IL,AGL,CE,Combined TRACON& Tower with Radar,0,18,20,3,41,0,2,21,0,23,0,20,41,3,64,54,0,54,118
02/20/2005,SPI,IL,AGL,CE,Combined TRACON& Tower with Radar,0,18,19,6,43,0,0,0,0,0,0,18,19,6,43,6,0,6,49
02/21/2005,SPI,IL,AGL,CE,Combined TRACON& Tower with Radar,0,23,35,2,60,0,0,2,0,2,0,23,37,2,62,41,0,41,103
02/22/2005,SPI,IL,AGL,CE,Combined TRACON& Tower with Radar,0,26,45,4,75,0,0,17,1,18,0,26,62,5,93,57,0,57,150
02/23/2005,SPI,IL,AGL,CE,Combined TRACON& Tower with Radar,0,30,54,2,86,0,3,31,4,38,0,33,85,6,124,74,0,74,198
02/24/2005,SPI,IL,AGL,CE,Combined TRACON& Tower with Radar,0,20,53,2,75,0,0,13,0,13,0,20,66,2,88,55,0,55,143
02/25/2005,SPI,IL,AGL,CE,Combined TRACON& Tower with Radar,0,31,59,11,101,0,1,39,0,40,0,32,98,11,141,52,6,58,199
02/26/2005,SPI,IL,AGL,CE,Combined TRACON& Tower with Radar,0,14,27,10,51,0,4,53,0,57,0,18,80,10,108,113,2,115,223
02/27/2005,SPI,IL,AGL,CE,Combined TRACON& Tower with Radar,0,18,27,2,47,0,3,21,0,24,0,21,48,2,71,89,0,89,160
02/28/2005,SPI,IL,AGL,CE,Combined TRACON& Tower with Radar,0,22,32,2,56,0,0,1,0,1,0,22,33,2,57,20,0,20,77
03/01/2005,SPI,IL,AGL,CE,Combined TRACON& Tower with Radar,0,20,32,0,52,0,1,9,0,10,0,21,41,0,62,63,0,63,125
03/02/2005,SPI,IL,AGL,CE,Combined TRACON& Tower with Radar,0,24,58,4,86,0,0,46,0,46,0,24,104,4,132,47,0,47,179
03/03/2005,SPI,IL,AGL,CE,Combined TRACON& Tower with Radar,0,25,47,2,74,0,1,79,0,80,0,26,126,2,154,52,0,52,206
03/04/2005,SPI,IL,AGL,CE,Combined TRACON& Tower with Radar,0,22,54,12,88,0,1,41,0,42,0,23,95,12,130,59,26,85,215
03/05/2005,SPI,IL,AGL,CE,Combined TRACON& Tower with Radar,0,14,18,7,39,0,10,35,0,45,0,24,53,7,84,94,0,94,178
03/06/2005,SPI,IL,AGL,CE,Combined TRACON& Tower with Radar,0,18,24,1,43,0,1,34,0,35,0,19,58,1,78,20,0,20,98
03/07/2005,SPI,IL,AGL,CE,Combined TRACON& Tower with Radar,0,29,35,6,70,0,0,6,0,6,0,29,41,6,76,28,0,28,104
03/08/2005,SPI,IL,AGL,CE,Combined TRACON& Tower with Radar,0,22,37,16,75,0,2,17,0,19,0,24,54,16,94,4,15,19,113
03/09/2005,SPI,IL,AGL,CE,Combined TRACON& Tower with Radar,0,26,75,18,119,0,3,41,2,46,0,29,116,20,165,48,20,68,233
03/10/2005,SPI,IL,AGL,CE,Combined TRACON& Tower with Radar,0,22,47,11,80,0,2,13,1,16,0,24,60,12,96,0,0,0,96
03/11/2005,SPI,IL,AGL,CE,Combined TRACON& Tower with Radar,0,26,45,14,85,0,2,12,1,15,0,28,57,15,100,27,9,36,136
03/12/2005,SPI,IL,AGL,CE,Combined TRACON& Tower with Radar,0,19,40,13,72,0,6,37,0,43,0,25,77,13,115,33,16,49,164
03/13/2005,SPI,IL,AGL,CE,Combined TRACON& Tower with Radar,0,23,22,14,59,0,0,42,4,46,0,23,64,18,105,22,17,39,144
03/14/2005,SPI,IL,AGL,CE,Combined TRACON& Tower with Radar,0,38,41,19,98,0,1,39,2,42,0,39,80,21,140,78,55,133,273
03/15/2005,SPI,IL,AGL,CE,Combined TRACON& Tower with Radar,0,27,46,21,94,0,2,62,1,65,0,29,108,22,159,49,32,81,240
03/16/2005,SPI,IL,AGL,CE,Combined TRACON& Tower with Radar,0,26,53,6,85,0,2,71,4,77,0,28,124,10,162,42,6,48,210
03/17/2005,SPI,IL,AGL,CE,Combined TRACON& Tower with Radar,0,34,52,7,93,0,0,41,1,42,0,34,93,8,135,60,1,61,196
03/18/2005,SPI,IL,AGL,CE,Combined TRACON& Tower with Radar,0,21,39,1,61,0,2,22,0,24,0,23,61,1,85,23,0,23,108
03/19/2005,SPI,IL,AGL,CE,Combined TRACON& Tower with Radar,0,15,15,0,30,0,1,5,0,6,0,16,20,0,36,1,0,1,37
03/20/2005,SPI,IL,AGL,CE,Combined TRACON& Tower with Radar,0,17,25,6,48,0,1,41,0,42,0,18,66,6,90,54,6,60,150
03/21/2005,SPI,IL,AGL,CE,Combined TRACON& Tower with Radar,0,30,43,17,90,0,0,36,0,36,0,30,79,17,126,73,14,87,213
03/22/2005,SPI,IL,AGL,CE,Combined TRACON& Tower with Radar,0,23,28,0,51,0,1,3,0,4,0,24,31,0,55,2,0,2,57
03/23/2005,SPI,IL,AGL,CE,Combined TRACON& Tower with Radar,2,25,53,5,85,0,2,2,0,4,2,27,55,5,89,2,1,3,92
03/24/2005,SPI,IL,AGL,CE,Combined TRACON& Tower with Radar,0,32,51,15,98,0,3,8,0,11,0,35,59,15,109,28,6,34,143
03/25/2005,SPI,IL,AGL,CE,Combined TRACON& Tower with Radar,0,23,23,0,46,0,0,0,0,0,0,23,23,0,46,0,0,0,46
03/26/2005,SPI,IL,AGL,CE,Combined TRACON& Tower with Radar,2,14,29,1,46,0,0,3,0,3,2,14,32,1,49,3,0,3,52
03/27/2005,SPI,IL,AGL,CE,Combined TRACON& Tower with Radar,0,19,9,0,28,0,0,10,0,10,0,19,19,0,38,24,0,24,62
03/28/2005,SPI,IL,AGL,CE,Combined TRACON& Tower with Radar,0,30,45,6,81,0,2,66,1,69,0,32,111,7,150,34,7,41,191
03/29/2005,SPI,IL,AGL,CE,Combined TRACON& Tower with Radar,0,24,53,19,96,0,3,48,0,51,0,27,101,19,147,41,56,97,244
03/30/2005,SPI,IL,AGL,CE,Combined TRACON& Tower with Radar,0,25,33,6,64,0,1,5,0,6,0,26,38,6,70,4,12,16,86
03/31/2005,SPI,IL,AGL,CE,Combined TRACON& Tower with Radar,0,24,36,18,78,0,1,26,1,28,0,25,62,19,106,63,28,91,197
04/01/2005,SPI,IL,AGL,CE,Combined TRACON& Tower with Radar,0,30,39,26,95,0,2,39,2,43,0,32,78,28,138,35,44,79,217
04/02/2005,SPI,IL,AGL,CE,Combined TRACON& Tower with Radar,0,15,24,16,55,0,5,40,2,47,0,20,64,18,102,19,30,49,151
04/03/2005,SPI,IL,AGL,CE,Combined TRACON& Tower with Radar,0,21,22,8,51,0,2,68,0,70,0,23,90,8,121,159,10,169,290
04/04/2005,SPI,IL,AGL,CE,Combined TRACON& Tower with Radar,0,27,36,10,73,0,1,38,1,40,0,28,74,11,113,7,28,35,148
04/05/2005,SPI,IL,AGL,CE,Combined TRACON& Tower with Radar,0,32,42,8,82,0,1,38,0,39,0,33,80,8,121,55,11,66,187
04/06/2005,SPI,IL,AGL,CE,Combined TRACON& Tower with Radar,0,23,52,6,81,0,0,9,0,9,0,23,61,6,90,44,2,46,136
04/07/2005,SPI,IL,AGL,CE,Combined TRACON& Tower with Radar,0,28,48,5,81,0,1,13,0,14,0,29,61,5,95,32,3,35,130
04/08/2005,SPI,IL,AGL,CE,Combined TRACON& Tower with Radar,0,21,44,3,68,0,2,54,1,57,0,23,98,4,125,156,2,158,283
04/09/2005,SPI,IL,AGL,CE,Combined TRACON& Tower with Radar,0,16,28,0,44,0,2,61,0,63,0,18,89,0,107,140,0,140,247
04/10/2005,SPI,IL,AGL,CE,Combined TRACON& Tower with Radar,0,22,38,0,60,0,2,35,0,37,0,24,73,0,97,103,0,103,200
04/11/2005,SPI,IL,AGL,CE,Combined TRACON& Tower with Radar,0,25,40,7,72,0,1,16,0,17,0,26,56,7,89,4,2,6,95
04/12/2005,SPI,IL,AGL,CE,Combined TRACON& Tower with Radar,0,22,44,0,66,0,0,5,0,5,0,22,49,0,71,3,0,3,74
04/13/2005,SPI,IL,AGL,CE,Combined TRACON& Tower with Radar,0,28,75,13,116,0,4,44,5,53,0,32,119,18,169,17,28,45,214
04/14/2005,SPI,IL,AGL,CE,Combined TRACON& Tower with Radar,0,28,59,9,96,0,4,62,1,67,0,32,121,10,163,90,4,94,257
04/15/2005,SPI,IL,AGL,CE,Combined TRACON& Tower with Radar,0,25,49,5,79,0,3,71,2,76,0,28,120,7,155,26,3,29,184
04/16/2005,SPI,IL,AGL,CE,Combined TRACON& Tower with Radar,0,17,27,6,50,0,1,69,1,71,0,18,96,7,121,74,12,86,207
04/17/2005,SPI,IL,AGL,CE,Combined TRACON& Tower with Radar,0,20,19,0,39,0,0,45,2,47,0,20,64,2,86,43,0,43,129
04/18/2005,SPI,IL,AGL,CE,Combined TRACON& Tower with Radar,0,28,46,8,82,0,1,51,3,55,0,29,97,11,137,12,9,21,158
04/19/2005,SPI,IL,AGL,CE,Combined TRACON& Tower with Radar,1,26,45,13,85,0,1,29,3,33,1,27,74,16,118,53,27,80,198
04/20/2005,SPI,IL,AGL,CE,Combined TRACON& Tower with Radar,0,24,60,13,97,0,5,34,0,39,0,29,94,13,136,39,7,46,182
04/21/2005,SPI,IL,AGL,CE,Combined TRACON& Tower with Radar,0,22,48,12,82,0,1,10,0,11,0,23,58,12,93,4,1,5,98
04/22/2005,SPI,IL,AGL,CE,Combined TRACON& Tower with Radar,0,25,56,0,81,0,0,8,0,8,0,25,64,0,89,15,0,15,104
04/23/2005,SPI,IL,AGL,CE,Combined TRACON& Tower with Radar,0,15,14,0,29,0,0,5,0,5,0,15,19,0,34,12,0,12,46
04/24/2005,SPI,IL,AGL,CE,Combined TRACON& Tower with Radar,0,23,24,0,47,0,3,46,0,49,0,26,70,0,96,17,0,17,113
04/25/2005,SPI,IL,AGL,CE,Combined TRACON& Tower with Radar,0,29,39,6,74,0,1,37,2,40,0,30,76,8,114,18,6,24,138
04/26/2005,SPI,IL,AGL,CE,Combined TRACON& Tower with Radar,0,26,41,27,94,0,1,26,1,28,0,27,67,28,122,35,32,67,189
04/27/2005,SPI,IL,AGL,CE,Combined TRACON& Tower with Radar,0,23,58,14,95,0,2,47,1,50,0,25,105,15,145,41,42,83,228
04/28/2005,SPI,IL,AGL,CE,Combined TRACON& Tower with Radar,0,22,40,16,78,0,2,26,1,29,0,24,66,17,107,21,13,34,141
04/29/2005,SPI,IL,AGL,CE,Combined TRACON& Tower with Radar,0,27,38,17,82,0,0,15,3,18,0,27,53,20,100,10,9,19,119
04/30/2005,SPI,IL,AGL,CE,Combined TRACON& Tower with Radar,2,17,13,2,34,0,0,29,3,32,2,17,42,5,66,44,0,44,110
05/01/2005,SPI,IL,AGL,CE,Combined TRACON& Tower with Radar,0,21,12,11,44,0,0,26,2,28,0,21,38,13,72,15,2,17,89
05/02/2005,SPI,IL,AGL,CE,Combined TRACON& Tower with Radar,0,24,47,15,86,0,4,32,3,39,0,28,79,18,125,44,4,48,173
05/03/2005,SPI,IL,AGL,CE,Combined TRACON& Tower with Radar,0,30,66,14,110,0,5,57,3,65,0,35,123,17,175,68,20,88,263
05/04/2005,SPI,IL,AGL,CE,Combined TRACON& Tower with Radar,0,30,51,7,88,0,9,62,3,74,0,39,113,10,162,69,21,90,252
05/05/2005,SPI,IL,AGL,CE,Combined TRACON& Tower with Radar,0,25,46,7,78,0,3,65,1,69,0,28,111,8,147,81,6,87,234
05/06/2005,SPI,IL,AGL,CE,Combined TRACON& Tower with Radar,0,25,52,12,89,0,7,56,0,63,0,32,108,12,152,53,14,67,219
05/07/2005,SPI,IL,AGL,CE,Combined TRACON& Tower with Radar,2,15,25,11,53,0,2,60,0,62,2,17,85,11,115,23,30,53,168
05/08/2005,SPI,IL,AGL,CE,Combined TRACON& Tower with Radar,0,19,37,5,61,0,0,21,0,21,0,19,58,5,82,7,8,15,97
05/09/2005,SPI,IL,AGL,CE,Combined TRACON& Tower with Radar,0,28,33,14,75,0,1,16,1,18,0,29,49,15,93,22,21,43,136
05/10/2005,SPI,IL,AGL,CE,Combined TRACON& Tower with Radar,2,35,50,13,100,0,1,54,2,57,2,36,104,15,157,77,14,91,248
05/11/2005,SPI,IL,AGL,CE,Combined TRACON& Tower with Radar,0,19,41,9,69,0,12,19,3,34,0,31,60,12,103,32,9,41,144
05/12/2005,SPI,IL,AGL,CE,Combined TRACON& Tower with Radar,0,27,59,7,93,0,4,5,0,9,0,31,64,7,102,52,13,65,167
05/13/2005,SPI,IL,AGL,CE,Combined TRACON& Tower with Radar,0,22,34,2,58,0,1,16,2,19,0,23,50,4,77,35,0,35,112
05/14/2005,SPI,IL,AGL,CE,Combined TRACON& Tower with Radar,0,14,22,3,39,0,1,42,1,44,0,15,64,4,83,36,0,36,119
05/15/2005,SPI,IL,AGL,CE,Combined TRACON& Tower with Radar,0,19,22,0,41,0,11,27,0,38,0,30,49,0,79,16,0,16,95
05/16/2005,SPI,IL,AGL,CE,Combined TRACON& Tower with Radar,0,22,45,0,67,0,7,54,0,61,0,29,99,0,128,82,0,82,210
05/17/2005,SPI,IL,AGL,CE,Combined TRACON& Tower with Radar,2,22,59,4,87,0,2,47,0,49,2,24,106,4,136,43,0,43,179
05/18/2005,SPI,IL,AGL,CE,Combined TRACON& Tower with Radar,0,28,40,9,77,0,1,43,0,44,0,29,83,9,121,44,9,53,174
05/19/2005,SPI,IL,AGL,CE,Combined TRACON& Tower with Radar,0,20,45,10,75,0,0,25,1,26,0,20,70,11,101,38,6,44,145
05/20/2005,SPI,IL,AGL,CE,Combined TRACON& Tower with Radar,0,24,67,16,107,0,1,10,0,11,0,25,77,16,118,50,7,57,175
05/21/2005,SPI,IL,AGL,CE,Combined TRACON& Tower with Radar,0,25,43,5,73,0,1,49,0,50,0,26,92,5,123,78,10,88,211
05/22/2005,SPI,IL,AGL,CE,Combined TRACON& Tower with Radar,0,19,20,2,41,0,1,43,0,44,0,20,63,2,85,7,0,7,92
05/23/2005,SPI,IL,AGL,CE,Combined TRACON& Tower with Radar,0,22,47,19,88,0,1,49,3,53,0,23,96,22,141,36,21,57,198
05/24/2005,SPI,IL,AGL,CE,Combined TRACON& Tower with Radar,0,28,37,6,71,0,0,59,0,59,0,28,96,6,130,32,0,32,162
05/25/2005,SPI,IL,AGL,CE,Combined TRACON& Tower with Radar,0,23,60,13,96,0,1,74,1,76,0,24,134,14,172,102,18,120,292
05/26/2005,SPI,IL,AGL,CE,Combined TRACON& Tower with Radar,0,26,50,22,98,0,2,54,2,58,0,28,104,24,156,33,27,60,216
05/27/2005,SPI,IL,AGL,CE,Combined TRACON& Tower with Radar,0,27,61,10,98,0,1,36,0,37,0,28,97,10,135,65,0,65,200
05/28/2005,SPI,IL,AGL,CE,Combined TRACON& Tower with Radar,0,22,25,0,47,0,1,51,0,52,0,23,76,0,99,10,0,10,109
05/29/2005,SPI,IL,AGL,CE,Combined TRACON& Tower with Radar,0,20,16,0,36,0,3,16,0,19,0,23,32,0,55,60,0,60,115
05/30/2005,SPI,IL,AGL,CE,Combined TRACON& Tower with Radar,0,24,28,0,52,0,1,57,0,58,0,25,85,0,110,44,3,47,157
05/31/2005,SPI,IL,AGL,CE,Combined TRACON& Tower with Radar,0,21,48,6,75,0,0,50,1,51,0,21,98,7,126,35,0,35,161
06/01/2005,SPI,IL,AGL,CE,Combined TRACON& Tower with Radar,0,24,38,0,62,0,1,43,0,44,0,25,81,0,106,69,0,69,175
06/02/2005,SPI,IL,AGL,CE,Combined TRACON& Tower with Radar,2,24,48,2,76,0,4,30,0,34,2,28,78,2,110,77,0,77,187
06/03/2005,SPI,IL,AGL,CE,Combined TRACON& Tower with Radar,0,25,63,18,106,0,2,10,0,12,0,27,73,18,118,28,1,29,147
06/04/2005,SPI,IL,AGL,CE,Combined TRACON& Tower with Radar,0,15,18,0,33,0,4,35,0,39,0,19,53,0,72,32,0,32,104
06/05/2005,SPI,IL,AGL,CE,Combined TRACON& Tower with Radar,2,19,23,7,51,0,1,20,0,21,2,20,43,7,72,11,16,27,99
06/06/2005,SPI,IL,AGL,CE,Combined TRACON& Tower with Radar,0,28,31,6,65,0,1,37,0,38,0,29,68,6,103,64,15,79,182
06/07/2005,SPI,IL,AGL,CE,Combined TRACON& Tower with Radar,0,30,47,2,79,0,1,45,2,48,0,31,92,4,127,10,4,14,141
06/08/2005,SPI,IL,AGL,CE,Combined TRACON& Tower with Radar,0,25,30,4,59,0,0,30,0,30,0,25,60,4,89,10,5,15,104
06/09/2005,SPI,IL,AGL,CE,Combined TRACON& Tower with Radar,5,36,36,9,86,0,2,35,1,38,5,38,71,10,124,14,19,33,157
06/10/2005,SPI,IL,AGL,CE,Combined TRACON& Tower with Radar,0,23,37,8,68,0,0,44,0,44,0,23,81,8,112,50,3,53,165
06/11/2005,SPI,IL,AGL,CE,Combined TRACON& Tower with Radar,0,13,17,10,40,0,1,25,1,27,0,14,42,11,67,28,9,37,104
06/12/2005,SPI,IL,AGL,CE,Combined TRACON& Tower with Radar,0,19,30,5,54,0,2,29,1,32,0,21,59,6,86,57,6,63,149
06/13/2005,SPI,IL,AGL,CE,Combined TRACON& Tower with Radar,0,24,33,3,60,0,1,26,0,27,0,25,59,3,87,38,0,38,125
06/14/2005,SPI,IL,AGL,CE,Combined TRACON& Tower with Radar,0,23,58,4,85,0,0,36,0,36,0,23,94,4,121,55,1,56,177
06/15/2005,SPI,IL,AGL,CE,Combined TRACON& Tower with Radar,0,24,63,5,92,0,5,36,0,41,0,29,99,5,133,33,1,34,167
06/16/2005,SPI,IL,AGL,CE,Combined TRACON& Tower with Radar,0,22,57,7,86,0,1,81,0,82,0,23,138,7,168,64,2,66,234
06/17/2005,SPI,IL,AGL,CE,Combined TRACON& Tower with Radar,0,23,45,6,74,0,0,73,0,73,0,23,118,6,147,138,5,143,290
06/18/2005,SPI,IL,AGL,CE,Combined TRACON& Tower with Radar,0,14,19,2,35,0,0,59,0,59,0,14,78,2,94,58,1,59,153
06/19/2005,SPI,IL,AGL,CE,Combined TRACON& Tower with Radar,0,21,19,4,44,0,2,40,0,42,0,23,59,4,86,42,1,43,129
06/20/2005,SPI,IL,AGL,CE,Combined TRACON& Tower with Radar,0,24,34,7,65,0,1,44,0,45,0,25,78,7,110,30,5,35,145
06/21/2005,SPI,IL,AGL,CE,Combined TRACON& Tower with Radar,0,25,34,9,68,0,0,44,1,45,0,25,78,10,113,44,12,56,169
06/22/2005,SPI,IL,AGL,CE,Combined TRACON& Tower with Radar,0,26,57,13,96,0,5,58,1,64,0,31,115,14,160,23,9,32,192
06/23/2005,SPI,IL,AGL,CE,Combined TRACON& Tower with Radar,0,27,50,11,88,0,6,47,3,56,0,33,97,14,144,41,9,50,194
06/24/2005,SPI,IL,AGL,CE,Combined TRACON& Tower with Radar,0,22,36,3,61,0,2,54,1,57,0,24,90,4,118,17,12,29,147
06/25/2005,SPI,IL,AGL,CE,Combined TRACON& Tower with Radar,0,16,19,1,36,0,3,37,0,40,0,19,56,1,76,10,0,10,86
06/26/2005,SPI,IL,AGL,CE,Combined TRACON& Tower with Radar,0,20,21,2,43,0,5,29,0,34,0,25,50,2,77,6,0,6,83
06/27/2005,SPI,IL,AGL,CE,Combined TRACON& Tower with Radar,0,26,49,0,75,0,4,19,0,23,0,30,68,0,98,24,0,24,122
06/28/2005,SPI,IL,AGL,CE,Combined TRACON& Tower with Radar,0,25,42,9,76,0,3,35,0,38,0,28,77,9,114,82,12,94,208
06/29/2005,SPI,IL,AGL,CE,Combined TRACON& Tower with Radar,0,23,33,7,63,0,2,46,0,48,0,25,79,7,111,66,9,75,186
06/30/2005,SPI,IL,AGL,CE,Combined TRACON& Tower with Radar,0,29,39,7,75,0,4,14,1,19,0,33,53,8,94,48,3,51,145
07/01/2005,SPI,IL,AGL,CE,Combined TRACON& Tower with Radar,0,26,42,11,79,0,1,55,0,56,0,27,97,11,135,53,4,57,192
07/02/2005,SPI,IL,AGL,CE,Combined TRACON& Tower with Radar,0,14,30,0,44,0,2,49,0,51,0,16,79,0,95,11,0,11,106
07/03/2005,SPI,IL,AGL,CE,Combined TRACON& Tower with Radar,0,15,9,0,24,0,2,30,0,32,0,17,39,0,56,32,0,32,88
07/04/2005,SPI,IL,AGL,CE,Combined TRACON& Tower with Radar,0,10,14,0,24,0,1,12,0,13,0,11,26,0,37,17,0,17,54
07/05/2005,SPI,IL,AGL,CE,Combined TRACON& Tower with Radar,0,22,51,7,80,0,10,36,1,47,0,32,87,8,127,60,21,81,208
07/06/2005,SPI,IL,AGL,CE,Combined TRACON& Tower with Radar,0,30,52,14,96,0,9,51,2,62,0,39,103,16,158,48,2,50,208
07/07/2005,SPI,IL,AGL,CE,Combined TRACON& Tower with Radar,0,25,57,7,89,0,20,40,2,62,0,45,97,9,151,85,1,86,237
07/08/2005,SPI,IL,AGL,CE,Combined TRACON& Tower with Radar,1,20,46,40,107,0,6,49,2,57,1,26,95,42,164,15,18,33,197
07/09/2005,SPI,IL,AGL,CE,Combined TRACON& Tower with Radar,0,12,27,18,57,0,4,47,2,53,0,16,74,20,110,50,16,66,176
07/10/2005,SPI,IL,AGL,CE,Combined TRACON& Tower with Radar,0,21,26,6,53,0,1,33,2,36,0,22,59,8,89,3,3,6,95
07/11/2005,SPI,IL,AGL,CE,Combined TRACON& Tower with Radar,0,23,34,10,67,0,5,32,0,37,0,28,66,10,104,56,8,64,168
07/12/2005,SPI,IL,AGL,CE,Combined TRACON& Tower with Radar,0,26,54,2,82,0,0,0,0,0,0,26,54,2,82,8,0,8,90
07/13/2005,SPI,IL,AGL,CE,Combined TRACON& Tower with Radar,0,23,57,12,92,0,0,14,1,15,0,23,71,13,107,31,2,33,140
07/14/2005,SPI,IL,AGL,CE,Combined TRACON& Tower with Radar,0,22,69,7,98,0,0,42,2,44,0,22,111,9,142,104,4,108,250
07/15/2005,SPI,IL,AGL,CE,Combined TRACON& Tower with Radar,0,25,55,7,87,0,0,29,0,29,0,25,84,7,116,27,0,27,143
07/16/2005,SPI,IL,AGL,CE,Combined TRACON& Tower with Radar,0,17,34,8,59,0,2,32,0,34,0,19,66,8,93,61,2,63,156
07/17/2005,SPI,IL,AGL,CE,Combined TRACON& Tower with Radar,0,22,24,5,51,0,1,40,1,42,0,23,64,6,93,20,0,20,113
07/18/2005,SPI,IL,AGL,CE,Combined TRACON& Tower with Radar,0,21,37,8,66,0,0,25,0,25,0,21,62,8,91,49,2,51,142
07/19/2005,SPI,IL,AGL,CE,Combined TRACON& Tower with Radar,0,23,36,15,74,0,0,76,0,76,0,23,112,15,150,141,21,162,312
07/20/2005,SPI,IL,AGL,CE,Combined TRACON& Tower with Radar,0,22,35,12,69,0,2,50,1,53,0,24,85,13,122,56,4,60,182
07/21/2005,SPI,IL,AGL,CE,Combined TRACON& Tower with Radar,0,24,54,14,92,0,0,61,8,69,0,24,115,22,161,87,9,96,257
07/22/2005,SPI,IL,AGL,CE,Combined TRACON& Tower with Radar,0,26,43,12,81,0,0,62,0,62,0,26,105,12,143,79,16,95,238
07/23/2005,SPI,IL,AGL,CE,Combined TRACON& Tower with Radar,0,12,18,14,44,0,0,44,3,47,0,12,62,17,91,92,10,102,193
07/24/2005,SPI,IL,AGL,CE,Combined TRACON& Tower with Radar,0,20,22,8,50,0,0,39,0,39,0,20,61,8,89,18,0,18,107
07/25/2005,SPI,IL,AGL,CE,Combined TRACON& Tower with Radar,0,25,43,5,73,0,0,19,4,23,0,25,62,9,96,44,10,54,150
07/26/2005,SPI,IL,AGL,CE,Combined TRACON& Tower with Radar,0,28,43,9,80,0,0,35,1,36,0,28,78,10,116,45,13,58,174
07/27/2005,SPI,IL,AGL,CE,Combined TRACON& Tower with Radar,0,27,44,8,79,0,2,48,0,50,0,29,92,8,129,50,9,59,188
07/28/2005,SPI,IL,AGL,CE,Combined TRACON& Tower with Radar,0,22,41,8,71,0,0,66,3,69,0,22,107,11,140,0,0,0,140
07/29/2005,SPI,IL,AGL,CE,Combined TRACON& Tower with Radar,0,23,40,0,63,0,1,57,0,58,0,24,97,0,121,42,0,42,163
07/30/2005,SPI,IL,AGL,CE,Combined TRACON& Tower with Radar,0,14,41,0,55,0,1,47,0,48,0,15,88,0,103,66,0,66,169
07/31/2005,SPI,IL,AGL,CE,Combined TRACON& Tower with Radar,0,21,27,0,48,0,2,38,0,40,0,23,65,0,88,57,0,57,145
08/01/2005,SPI,IL,AGL,CE,Combined TRACON& Tower with Radar,0,23,50,4,77,0,0,42,0,42,0,23,92,4,119,43,2,45,164
08/02/2005,SPI,IL,AGL,CE,Combined TRACON& Tower with Radar,0,22,49,8,79,0,0,25,2,27,0,22,74,10,106,102,9,111,217
08/03/2005,SPI,IL,AGL,CE,Combined TRACON& Tower with Radar,0,24,41,9,74,0,0,45,1,46,0,24,86,10,120,32,14,46,166
08/04/2005,SPI,IL,AGL,CE,Combined TRACON& Tower with Radar,0,23,24,8,55,0,1,29,2,32,0,24,53,10,87,30,7,37,124
08/05/2005,SPI,IL,AGL,CE,Combined TRACON& Tower with Radar,1,24,30,10,65,0,0,51,1,52,1,24,81,11,117,14,21,35,152
08/06/2005,SPI,IL,AGL,CE,Combined TRACON& Tower with Radar,0,16,17,11,44,0,2,46,3,51,0,18,63,14,95,60,38,98,193
08/07/2005,SPI,IL,AGL,CE,Combined TRACON& Tower with Radar,0,18,32,13,63,0,0,23,3,26,0,18,55,16,89,19,14,33,122
08/08/2005,SPI,IL,AGL,CE,Combined TRACON& Tower with Radar,2,21,44,8,75,0,5,28,2,35,2,26,72,10,110,65,19,84,194
08/09/2005,SPI,IL,AGL,CE,Combined TRACON& Tower with Radar,0,20,56,7,83,0,0,51,2,53,0,20,107,9,136,125,11,136,272
08/10/2005,SPI,IL,AGL,CE,Combined TRACON& Tower with Radar,0,22,43,9,74,0,0,33,0,33,0,22,76,9,107,132,16,148,255
08/11/2005,SPI,IL,AGL,CE,Combined TRACON& Tower with Radar,0,24,43,10,77,0,1,34,2,37,0,25,77,12,114,103,14,117,231
08/12/2005,SPI,IL,AGL,CE,Combined TRACON& Tower with Radar,0,28,47,1,76,0,0,23,3,26,0,28,70,4,102,37,6,43,145
08/13/2005,SPI,IL,AGL,CE,Combined TRACON& Tower with Radar,0,13,30,4,47,0,1,18,0,19,0,14,48,4,66,43,1,44,110
08/14/2005,SPI,IL,AGL,CE,Combined TRACON& Tower with Radar,0,20,37,15,72,0,0,1,0,1,0,20,38,15,73,3,1,4,77
08/15/2005,SPI,IL,AGL,CE,Combined TRACON& Tower with Radar,0,23,48,2,73,0,2,15,0,17,0,25,63,2,90,53,0,53,143
08/16/2005,SPI,IL,AGL,CE,Combined TRACON& Tower with Radar,0,22,70,14,106,0,0,25,0,25,0,22,95,14,131,197,12,209,340
08/17/2005,SPI,IL,AGL,CE,Combined TRACON& Tower with Radar,0,24,70,19,113,0,0,54,0,54,0,24,124,19,167,44,4,48,215
08/18/2005,SPI,IL,AGL,CE,Combined TRACON& Tower with Radar,0,27,38,7,72,0,2,27,2,31,0,29,65,9,103,64,12,76,179
08/19/2005,SPI,IL,AGL,CE,Combined TRACON& Tower with Radar,0,24,46,7,77,0,1,34,1,36,0,25,80,8,113,57,19,76,189
08/20/2005,SPI,IL,AGL,CE,Combined TRACON& Tower with Radar,0,14,31,8,53,0,1,42,1,44,0,15,73,9,97,63,19,82,179
08/21/2005,SPI,IL,AGL,CE,Combined TRACON& Tower with Radar,0,21,24,4,49,0,1,57,0,58,0,22,81,4,107,23,12,35,142
08/22/2005,SPI,IL,AGL,CE,Combined TRACON& Tower with Radar,0,22,39,8,69,0,1,55,0,56,0,23,94,8,125,19,0,19,144
08/23/2005,SPI,IL,AGL,CE,Combined TRACON& Tower with Radar,0,26,46,7,79,0,0,55,1,56,0,26,101,8,135,62,17,79,214
08/24/2005,SPI,IL,AGL,CE,Combined TRACON& Tower with Radar,0,20,50,16,86,0,1,59,6,66,0,21,109,22,152,107,8,115,267
08/25/2005,SPI,IL,AGL,CE,Combined TRACON& Tower with Radar,0,26,49,9,84,0,0,15,0,15,0,26,64,9,99,38,1,39,138
08/26/2005,SPI,IL,AGL,CE,Combined TRACON& Tower with Radar,0,28,43,4,75,0,0,20,0,20,0,28,63,4,95,33,0,33,128
08/27/2005,SPI,IL,AGL,CE,Combined TRACON& Tower with Radar,0,13,43,8,64,0,2,58,0,60,0,15,101,8,124,29,0,29,153
08/28/2005,SPI,IL,AGL,CE,Combined TRACON& Tower with Radar,0,19,10,2,31,0,4,36,1,41,0,23,46,3,72,19,2,21,93
08/29/2005,SPI,IL,AGL,CE,Combined TRACON& Tower with Radar,0,22,42,17,81,0,0,38,4,42,0,22,80,21,123,27,14,41,164
08/30/2005,SPI,IL,AGL,CE,Combined TRACON& Tower with Radar,0,24,51,11,86,0,0,48,4,52,0,24,99,15,138,49,11,60,198
08/31/2005,SPI,IL,AGL,CE,Combined TRACON& Tower with Radar,0,25,39,5,69,0,2,55,4,61,0,27,94,9,130,29,2,31,161
09/01/2005,SPI,IL,AGL,CE,Combined TRACON& Tower with Radar,0,32,39,14,85,0,2,58,0,60,0,34,97,14,145,62,26,88,233
09/02/2005,SPI,IL,AGL,CE,Combined TRACON& Tower with Radar,0,27,46,12,85,0,2,55,0,57,0,29,101,12,142,18,1,19,161
09/03/2005,SPI,IL,AGL,CE,Combined TRACON& Tower with Radar,0,14,23,1,38,0,1,69,4,74,0,15,92,5,112,45,0,45,157
09/04/2005,SPI,IL,AGL,CE,Combined TRACON& Tower with Radar,0,15,35,0,50,0,0,47,1,48,0,15,82,1,98,75,0,75,173
09/05/2005,SPI,IL,AGL,CE,Combined TRACON& Tower with Radar,0,16,21,0,37,0,0,43,0,43,0,16,64,0,80,100,0,100,180
09/06/2005,SPI,IL,AGL,CE,Combined TRACON& Tower with Radar,0,23,52,9,84,0,0,27,1,28,0,23,79,10,112,26,4,30,142
09/07/2005,SPI,IL,AGL,CE,Combined TRACON& Tower with Radar,0,23,38,11,72,0,3,56,1,60,0,26,94,12,132,68,26,94,226
09/08/2005,SPI,IL,AGL,CE,Combined TRACON& Tower with Radar,0,25,30,12,67,0,1,31,1,33,0,26,61,13,100,23,14,37,137
09/09/2005,SPI,IL,AGL,CE,Combined TRACON& Tower with Radar,0,24,36,6,66,0,0,27,1,28,0,24,63,7,94,16,24,40,134
09/10/2005,SPI,IL,AGL,CE,Combined TRACON& Tower with Radar,0,16,31,15,62,0,0,32,1,33,0,16,63,16,95,44,26,70,165
09/11/2005,SPI,IL,AGL,CE,Combined TRACON& Tower with Radar,0,20,19,6,45,0,0,32,0,32,0,20,51,6,77,80,0,80,157
09/12/2005,SPI,IL,AGL,CE,Combined TRACON& Tower with Radar,0,21,37,12,70,0,0,31,2,33,0,21,68,14,103,17,1,18,121
09/13/2005,SPI,IL,AGL,CE,Combined TRACON& Tower with Radar,0,25,32,15,72,0,0,34,0,34,0,25,66,15,106,22,4,26,132
09/14/2005,SPI,IL,AGL,CE,Combined TRACON& Tower with Radar,0,25,49,8,82,0,0,18,0,18,0,25,67,8,100,26,4,30,130
09/15/2005,SPI,IL,AGL,CE,Combined TRACON& Tower with Radar,0,22,44,8,74,0,0,1,0,1,0,22,45,8,75,10,0,10,85
09/16/2005,SPI,IL,AGL,CE,Combined TRACON& Tower with Radar,0,21,50,4,75,0,0,17,0,17,0,21,67,4,92,31,0,31,123
09/17/2005,SPI,IL,AGL,CE,Combined TRACON& Tower with Radar,0,20,17,17,54,0,2,61,1,64,0,22,78,18,118,39,13,52,170
09/18/2005,SPI,IL,AGL,CE,Combined TRACON& Tower with Radar,0,19,25,6,50,0,2,53,0,55,0,21,78,6,105,71,4,75,180
09/19/2005,SPI,IL,AGL,CE,Combined TRACON& Tower with Radar,0,26,27,10,63,0,0,18,0,18,0,26,45,10,81,1,7,8,89
09/20/2005,SPI,IL,AGL,CE,Combined TRACON& Tower with Radar,0,23,58,13,94,0,2,47,0,49,0,25,105,13,143,22,36,58,201
09/21/2005,SPI,IL,AGL,CE,Combined TRACON& Tower with Radar,0,30,41,8,79,0,3,58,4,65,0,33,99,12,144,27,11,38,182
09/22/2005,SPI,IL,AGL,CE,Combined TRACON& Tower with Radar,0,18,38,5,61,0,0,24,3,27,0,18,62,8,88,10,37,47,135
09/23/2005,SPI,IL,AGL,CE,Combined TRACON& Tower with Radar,0,23,33,2,58,0,0,7,0,7,0,23,40,2,65,14,0,14,79
09/24/2005,SPI,IL,AGL,CE,Combined TRACON& Tower with Radar,0,17,36,4,57,0,1,22,0,23,0,18,58,4,80,48,0,48,128
09/25/2005,SPI,IL,AGL,CE,Combined TRACON& Tower with Radar,2,19,23,2,46,0,0,6,0,6,2,19,29,2,52,10,0,10,62
09/26/2005,SPI,IL,AGL,CE,Combined TRACON& Tower with Radar,0,23,48,2,73,0,1,25,0,26,0,24,73,2,99,31,0,31,130
09/27/2005,SPI,IL,AGL,CE,Combined TRACON& Tower with Radar,0,30,33,3,66,0,2,54,1,57,0,32,87,4,123,59,0,59,182
09/28/2005,SPI,IL,AGL,CE,Combined TRACON& Tower with Radar,0,24,37,0,61,0,2,7,0,9,0,26,44,0,70,12,0,12,82
09/29/2005,SPI,IL,AGL,CE,Combined TRACON& Tower with Radar,2,22,58,7,89,0,2,48,1,51,2,24,106,8,140,42,2,44,184
09/30/2005,SPI,IL,AGL,CE,Combined TRACON& Tower with Radar,0,22,48,9,79,0,5,57,2,64,0,27,105,11,143,45,1,46,189
10/01/2005,SPI,IL,AGL,CE,Combined TRACON& Tower with Radar,0,15,22,15,52,0,2,64,4,70,0,17,86,19,122,34,28,62,184
10/02/2005,SPI,IL,AGL,CE,Combined TRACON& Tower with Radar,0,19,29,9,57,0,0,23,1,24,0,19,52,10,81,24,2,26,107
10/03/2005,SPI,IL,AGL,CE,Combined TRACON& Tower with Radar,0,22,40,13,75,0,3,36,4,43,0,25,76,17,118,60,13,73,191
10/04/2005,SPI,IL,AGL,CE,Combined TRACON& Tower with Radar,0,23,45,12,80,0,1,33,1,35,0,24,78,13,115,68,19,87,202
10/05/2005,SPI,IL,AGL,CE,Combined TRACON& Tower with Radar,0,24,52,7,83,0,0,44,0,44,0,24,96,7,127,35,3,38,165
10/06/2005,SPI,IL,AGL,CE,Combined TRACON& Tower with Radar,0,23,59,11,93,0,6,38,3,47,0,29,97,14,140,68,7,75,215
10/07/2005,SPI,IL,AGL,CE,Combined TRACON& Tower with Radar,0,26,50,0,76,0,1,46,0,47,0,27,96,0,123,41,0,41,164
10/08/2005,SPI,IL,AGL,CE,Combined TRACON& Tower with Radar,0,14,16,0,30,0,0,53,0,53,0,14,69,0,83,22,0,22,105
10/09/2005,SPI,IL,AGL,CE,Combined TRACON& Tower with Radar,0,20,11,0,31,0,0,38,0,38,0,20,49,0,69,86,0,86,155
10/10/2005,SPI,IL,AGL,CE,Combined TRACON& Tower with Radar,0,21,40,0,61,0,0,40,0,40,0,21,80,0,101,64,0,64,165
10/11/2005,SPI,IL,AGL,CE,Combined TRACON& Tower with Radar,0,22,53,4,79,0,0,14,0,14,0,22,67,4,93,60,0,60,153
10/12/2005,SPI,IL,AGL,CE,Combined TRACON& Tower with Radar,0,30,72,0,102,0,0,34,0,34,0,30,106,0,136,70,0,70,206
10/13/2005,SPI,IL,AGL,CE,Combined TRACON& Tower with Radar,0,22,46,10,78,0,1,34,0,35,0,23,80,10,113,38,0,38,151
10/14/2005,SPI,IL,AGL,CE,Combined TRACON& Tower with Radar,0,22,54,9,85,0,3,47,4,54,0,25,101,13,139,29,1,30,169
10/15/2005,SPI,IL,AGL,CE,Combined TRACON& Tower with Radar,0,16,13,4,33,0,2,59,1,62,0,18,72,5,95,77,1,78,173
10/16/2005,SPI,IL,AGL,CE,Combined TRACON& Tower with Radar,0,16,22,2,40,0,0,54,0,54,0,16,76,2,94,32,0,32,126
10/17/2005,SPI,IL,AGL,CE,Combined TRACON& Tower with Radar,0,23,38,3,64,0,1,33,0,34,0,24,71,3,98,19,0,19,117
10/18/2005,SPI,IL,AGL,CE,Combined TRACON& Tower with Radar,0,25,47,2,74,0,0,69,0,69,0,25,116,2,143,24,0,24,167
10/19/2005,SPI,IL,AGL,CE,Combined TRACON& Tower with Radar,0,22,61,3,86,0,0,66,3,69,0,22,127,6,155,67,5,72,227
10/20/2005,SPI,IL,AGL,CE,Combined TRACON& Tower with Radar,0,25,66,4,95,0,0,0,0,0,0,25,66,4,95,6,4,10,105
10/21/2005,SPI,IL,AGL,CE,Combined TRACON& Tower with Radar,0,41,49,4,94,0,0,18,0,18,0,41,67,4,112,8,0,8,120
10/22/2005,SPI,IL,AGL,CE,Combined TRACON& Tower with Radar,0,17,28,0,45,0,1,46,1,48,0,18,74,1,93,44,0,44,137
10/23/2005,SPI,IL,AGL,CE,Combined TRACON& Tower with Radar,0,19,25,2,46,0,0,16,2,18,0,19,41,4,64,49,0,49,113
10/24/2005,SPI,IL,AGL,CE,Combined TRACON& Tower with Radar,0,23,55,3,81,0,0,21,0,21,0,23,76,3,102,36,0,36,138
10/25/2005,SPI,IL,AGL,CE,Combined TRACON& Tower with Radar,0,24,62,13,99,0,0,37,2,39,0,24,99,15,138,26,26,52,190
10/26/2005,SPI,IL,AGL,CE,Combined TRACON& Tower with Radar,0,22,64,8,94,0,1,53,1,55,0,23,117,9,149,76,3,79,228
10/27/2005,SPI,IL,AGL,CE,Combined TRACON& Tower with Radar,0,22,75,7,104,0,1,62,2,65,0,23,137,9,169,45,13,58,227
10/28/2005,SPI,IL,AGL,CE,Combined TRACON& Tower with Radar,0,30,47,9,86,0,6,43,3,52,0,36,90,12,138,76,21,97,235
10/29/2005,SPI,IL,AGL,CE,Combined TRACON& Tower with Radar,0,15,25,0,40,0,0,47,0,47,0,15,72,0,87,160,0,160,247
10/30/2005,SPI,IL,AGL,CE,Combined TRACON& Tower with Radar,0,20,18,2,40,0,0,38,0,38,0,20,56,2,78,32,0,32,110
10/31/2005,SPI,IL,AGL,CE,Combined TRACON& Tower with Radar,0,23,32,12,67,0,0,6,0,6,0,23,38,12,73,1,1,2,75
11/01/2005,SPI,IL,AGL,CE,Combined TRACON& Tower with Radar,0,27,59,12,98,0,2,47,3,52,0,29,106,15,150,58,8,66,216
11/02/2005,SPI,IL,AGL,CE,Combined TRACON& Tower with Radar,0,23,49,9,81,0,2,47,0,49,0,25,96,9,130,49,5,54,184
11/03/2005,SPI,IL,AGL,CE,Combined TRACON& Tower with Radar,0,28,28,21,77,0,0,18,2,20,0,28,46,23,97,2,33,35,132
11/04/2005,SPI,IL,AGL,CE,Combined TRACON& Tower with Radar,0,26,50,16,92,0,0,38,5,43,0,26,88,21,135,23,26,49,184
11/05/2005,SPI,IL,AGL,CE,Combined TRACON& Tower with Radar,0,15,7,7,29,0,1,8,1,10,0,16,15,8,39,21,14,35,74
11/06/2005,SPI,IL,AGL,CE,Combined TRACON& Tower with Radar,0,20,28,20,68,0,2,10,0,12,0,22,38,20,80,31,4,35,115
11/07/2005,SPI,IL,AGL,CE,Combined TRACON& Tower with Radar,2,30,31,15,78,0,1,18,3,22,2,31,49,18,100,3,25,28,128
11/08/2005,SPI,IL,AGL,CE,Combined TRACON& Tower with Radar,0,21,40,10,71,0,1,21,1,23,0,22,61,11,94,22,17,39,133
11/09/2005,SPI,IL,AGL,CE,Combined TRACON& Tower with Radar,0,27,43,17,87,0,0,30,3,33,0,27,73,20,120,27,18,45,165
11/10/2005,SPI,IL,AGL,CE,Combined TRACON& Tower with Radar,0,21,49,2,72,0,1,44,0,45,0,22,93,2,117,62,2,64,181
11/11/2005,SPI,IL,AGL,CE,Combined TRACON& Tower with Radar,1,25,42,0,68,0,6,44,0,50,1,31,86,0,118,128,0,128,246
11/12/2005,SPI,IL,AGL,CE,Combined TRACON& Tower with Radar,0,15,11,0,26,0,0,33,0,33,0,15,44,0,59,11,0,11,70
11/13/2005,SPI,IL,AGL,CE,Combined TRACON& Tower with Radar,0,20,26,0,46,0,0,16,0,16,0,20,42,0,62,15,0,15,77
11/14/2005,SPI,IL,AGL,CE,Combined TRACON& Tower with Radar,0,23,39,4,66,0,0,11,0,11,0,23,50,4,77,34,2,36,113
11/15/2005,SPI,IL,AGL,CE,Combined TRACON& Tower with Radar,0,16,23,0,39,0,0,0,0,0,0,16,23,0,39,2,0,2,41
11/16/2005,SPI,IL,AGL,CE,Combined TRACON& Tower with Radar,0,19,39,13,71,0,1,12,1,14,0,20,51,14,85,38,5,43,128
11/17/2005,SPI,IL,AGL,CE,Combined TRACON& Tower with Radar,0,20,67,12,99,0,0,38,3,41,0,20,105,15,140,28,22,50,190
11/18/2005,SPI,IL,AGL,CE,Combined TRACON& Tower with Radar,0,23,48,4,75,0,0,59,2,61,0,23,107,6,136,99,0,99,235
11/19/2005,SPI,IL,AGL,CE,Combined TRACON& Tower with Radar,0,12,14,2,28,0,1,45,1,47,0,13,59,3,75,58,1,59,134
11/20/2005,SPI,IL,AGL,CE,Combined TRACON& Tower with Radar,0,18,17,2,37,0,1,14,0,15,0,19,31,2,52,30,0,30,82
11/21/2005,SPI,IL,AGL,CE,Combined TRACON& Tower with Radar,0,21,41,0,62,0,1,34,0,35,0,22,75,0,97,76,0,76,173
11/22/2005,SPI,IL,AGL,CE,Combined TRACON& Tower with Radar,2,18,46,8,74,0,1,39,0,40,2,19,85,8,114,28,13,41,155
11/23/2005,SPI,IL,AGL,CE,Combined TRACON& Tower with Radar,0,23,40,7,70,0,3,35,4,42,0,26,75,11,112,29,30,59,171
11/24/2005,SPI,IL,AGL,CE,Combined TRACON& Tower with Radar,0,12,4,0,16,0,1,13,0,14,0,13,17,0,30,0,0,0,30
11/25/2005,SPI,IL,AGL,CE,Combined TRACON& Tower with Radar,0,13,20,2,35,0,1,48,0,49,0,14,68,2,84,19,0,19,103
11/26/2005,SPI,IL,AGL,CE,Combined TRACON& Tower with Radar,2,16,24,0,42,0,1,33,0,34,2,17,57,0,76,22,0,22,98
11/27/2005,SPI,IL,AGL,CE,Combined TRACON& Tower with Radar,0,16,26,2,44,0,0,0,0,0,0,16,26,2,44,1,0,1,45
11/28/2005,SPI,IL,AGL,CE,Combined TRACON& Tower with Radar,0,22,24,18,64,0,0,17,1,18,0,22,41,19,82,35,11,46,128
11/29/2005,SPI,IL,AGL,CE,Combined TRACON& Tower with Radar,0,23,36,17,76,0,3,8,0,11,0,26,44,17,87,27,11,38,125
11/30/2005,SPI,IL,AGL,CE,Combined TRACON& Tower with Radar,0,28,52,15,95,0,0,35,3,38,0,28,87,18,133,33,13,46,179
12/01/2005,SPI,IL,AGL,CE,Combined TRACON& Tower with Radar,0,18,29,8,55,0,1,4,0,5,0,19,33,8,60,1,4,5,65
12/02/2005,SPI,IL,AGL,CE,Combined TRACON& Tower with Radar,0,20,43,13,76,0,1,37,1,39,0,21,80,14,115,44,11,55,170
12/03/2005,SPI,IL,AGL,CE,Combined TRACON& Tower with Radar,0,13,22,12,47,0,0,32,0,32,0,13,54,12,79,20,18,38,117
12/04/2005,SPI,IL,AGL,CE,Combined TRACON& Tower with Radar,0,21,24,1,46,0,0,7,0,7,0,21,31,1,53,2,0,2,55
12/05/2005,SPI,IL,AGL,CE,Combined TRACON& Tower with Radar,0,18,40,17,75,0,0,26,0,26,0,18,66,17,101,33,11,44,145
12/06/2005,SPI,IL,AGL,CE,Combined TRACON& Tower with Radar,0,28,31,11,70,0,0,9,4,13,0,28,40,15,83,6,5,11,94
12/07/2005,SPI,IL,AGL,CE,Combined TRACON& Tower with Radar,0,20,26,16,62,0,0,32,1,33,0,20,58,17,95,62,4,66,161
12/08/2005,SPI,IL,AGL,CE,Combined TRACON& Tower with Radar,0,25,26,0,51,0,1,1,0,2,0,26,27,0,53,14,0,14,67
12/09/2005,SPI,IL,AGL,CE,Combined TRACON& Tower with Radar,0,21,37,4,62,0,1,21,0,22,0,22,58,4,84,24,0,24,108
12/10/2005,SPI,IL,AGL,CE,Combined TRACON& Tower with Radar,0,14,33,2,49,0,0,27,0,27,0,14,60,2,76,35,0,35,111
12/11/2005,SPI,IL,AGL,CE,Combined TRACON& Tower with Radar,0,19,18,0,37,0,2,7,0,9,0,21,25,0,46,24,0,24,70
12/12/2005,SPI,IL,AGL,CE,Combined TRACON& Tower with Radar,0,22,41,6,69,0,1,8,3,12,0,23,49,9,81,33,0,33,114
12/13/2005,SPI,IL,AGL,CE,Combined TRACON& Tower with Radar,0,23,38,12,73,0,2,46,2,50,0,25,84,14,123,40,6,46,169
12/14/2005,SPI,IL,AGL,CE,Combined TRACON& Tower with Radar,0,16,33,0,49,0,0,0,0,0,0,16,33,0,49,0,0,0,49
12/15/2005,SPI,IL,AGL,CE,Combined TRACON& Tower with Radar,0,27,47,19,93,0,0,19,0,19,0,27,66,19,112,19,18,37,149
12/16/2005,SPI,IL,AGL,CE,Combined TRACON& Tower with Radar,0,20,36,8,64,0,1,31,0,32,0,21,67,8,96,19,6,25,121
12/17/2005,SPI,IL,AGL,CE,Combined TRACON& Tower with Radar,0,20,17,2,39,0,1,53,0,54,0,21,70,2,93,37,0,37,130
12/18/2005,SPI,IL,AGL,CE,Combined TRACON& Tower with Radar,0,16,12,0,28,0,2,11,0,13,0,18,23,0,41,10,0,10,51
12/19/2005,SPI,IL,AGL,CE,Combined TRACON& Tower with Radar,0,25,36,5,66,0,0,23,0,23,0,25,59,5,89,63,22,85,174
12/20/2005,SPI,IL,AGL,CE,Combined TRACON& Tower with Radar,0,23,36,8,67,0,0,43,1,44,0,23,79,9,111,26,4,30,141
12/21/2005,SPI,IL,AGL,CE,Combined TRACON& Tower with Radar,0,25,45,10,80,0,0,37,0,37,0,25,82,10,117,52,16,68,185
12/22/2005,SPI,IL,AGL,CE,Combined TRACON& Tower with Radar,0,22,35,7,64,0,0,28,0,28,0,22,63,7,92,26,0,26,118
12/23/2005,SPI,IL,AGL,CE,Combined TRACON& Tower with Radar,0,22,23,0,45,0,4,26,0,30,0,26,49,0,75,26,0,26,101
12/24/2005,SPI,IL,AGL,CE,Combined TRACON& Tower with Radar,0,11,9,0,20,0,1,4,0,5,0,12,13,0,25,3,0,3,28
12/25/2005,SPI,IL,AGL,CE,Combined TRACON& Tower with Radar,0,13,0,0,13,0,1,1,0,2,0,14,1,0,15,0,0,0,15
12/26/2005,SPI,IL,AGL,CE,Combined TRACON& Tower with Radar,0,20,15,0,35,0,0,0,0,0,0,20,15,0,35,1,0,1,36
12/27/2005,SPI,IL,AGL,CE,Combined TRACON& Tower with Radar,0,20,34,9,63,0,0,21,0,21,0,20,55,9,84,69,14,83,167
12/28/2005,SPI,IL,AGL,CE,Combined TRACON& Tower with Radar,0,19,16,0,35,0,0,0,0,0,0,19,16,0,35,0,0,0,35
12/29/2005,SPI,IL,AGL,CE,Combined TRACON& Tower with Radar,0,21,33,6,60,0,3,6,0,9,0,24,39,6,69,88,2,90,159
12/30/2005,SPI,IL,AGL,CE,Combined TRACON& Tower with Radar,0,22,23,0,45,0,1,0,0,1,0,23,23,0,46,1,0,1,47
12/31/2005,SPI,IL,AGL,CE,Combined TRACON& Tower with Radar,0,17,14,2,33,0,0,22,0,22,0,17,36,2,55,62,0,62,117
01/01/2006,SPI,IL,AGL,CE,Combined TRACON& Tower with Radar,0,14,28,2,44,0,1,3,0,4,0,15,31,2,48,44,0,44,92
01/02/2006,SPI,IL,AGL,CE,Combined TRACON& Tower with Radar,0,16,22,0,38,0,0,7,0,7,0,16,29,0,45,15,0,15,60
01/03/2006,SPI,IL,AGL,CE,Combined TRACON& Tower with Radar,0,23,26,7,56,0,0,0,0,0,0,23,26,7,56,0,3,3,59
01/04/2006,SPI,IL,AGL,CE,Combined TRACON& Tower with Radar,0,25,42,12,79,0,1,5,1,7,0,26,47,13,86,12,4,16,102
01/05/2006,SPI,IL,AGL,CE,Combined TRACON& Tower with Radar,0,18,37,8,63,0,0,1,0,1,0,18,38,8,64,6,0,6,70
01/06/2006,SPI,IL,AGL,CE,Combined TRACON& Tower with Radar,0,22,28,15,65,0,0,20,0,20,0,22,48,15,85,1,7,8,93
01/07/2006,SPI,IL,AGL,CE,Combined TRACON& Tower with Radar,0,16,47,29,92,0,0,71,1,72,0,16,118,30,164,70,46,116,280
01/08/2006,SPI,IL,AGL,CE,Combined TRACON& Tower with Radar,0,20,19,2,41,0,0,28,0,28,0,20,47,2,69,86,1,87,156
01/09/2006,SPI,IL,AGL,CE,Combined TRACON& Tower with Radar,0,24,46,11,81,0,0,10,0,10,0,24,56,11,91,29,9,38,129
01/10/2006,SPI,IL,AGL,CE,Combined TRACON& Tower with Radar,0,24,36,6,66,0,0,5,0,5,0,24,41,6,71,1,0,1,72
01/11/2006,SPI,IL,AGL,CE,Combined TRACON& Tower with Radar,0,23,61,11,95,0,1,36,0,37,0,24,97,11,132,68,25,93,225
01/12/2006,SPI,IL,AGL,CE,Combined TRACON& Tower with Radar,0,29,44,7,80,0,2,37,3,42,0,31,81,10,122,27,21,48,170
01/13/2006,SPI,IL,AGL,CE,Combined TRACON& Tower with Radar,0,20,28,0,48,0,0,0,0,0,0,20,28,0,48,0,0,0,48
01/14/2006,SPI,IL,AGL,CE,Combined TRACON& Tower with Radar,0,12,24,2,38,0,2,63,0,65,0,14,87,2,103,95,2,97,200
01/15/2006,SPI,IL,AGL,CE,Combined TRACON& Tower with Radar,0,18,13,0,31,0,2,24,0,26,0,20,37,0,57,34,0,34,91
01/16/2006,SPI,IL,AGL,CE,Combined TRACON& Tower with Radar,0,20,36,3,59,0,4,38,0,42,0,24,74,3,101,49,1,50,151
01/17/2006,SPI,IL,AGL,CE,Combined TRACON& Tower with Radar,0,18,29,12,59,0,3,13,0,16,0,21,42,12,75,4,3,7,82
01/18/2006,SPI,IL,AGL,CE,Combined TRACON& Tower with Radar,0,22,59,14,95,0,0,39,0,39,0,22,98,14,134,50,15,65,199
01/19/2006,SPI,IL,AGL,CE,Combined TRACON& Tower with Radar,0,26,52,22,100,0,1,45,0,46,0,27,97,22,146,24,29,53,199
01/20/2006,SPI,IL,AGL,CE,Combined TRACON& Tower with Radar,0,25,57,6,88,0,0,14,2,16,0,25,71,8,104,39,1,40,144
01/21/2006,SPI,IL,AGL,CE,Combined TRACON& Tower with Radar,0,11,19,6,36,0,1,4,0,5,0,12,23,6,41,59,3,62,103
01/22/2006,SPI,IL,AGL,CE,Combined TRACON& Tower with Radar,0,16,19,2,37,0,0,32,0,32,0,16,51,2,69,107,0,107,176
01/23/2006,SPI,IL,AGL,CE,Combined TRACON& Tower with Radar,0,21,32,4,57,0,0,0,0,0,0,21,32,4,57,0,0,0,57
01/24/2006,SPI,IL,AGL,CE,Combined TRACON& Tower with Radar,0,27,40,2,69,0,1,17,4,22,0,28,57,6,91,13,17,30,121
01/25/2006,SPI,IL,AGL,CE,Combined TRACON& Tower with Radar,0,21,44,12,77,0,1,42,0,43,0,22,86,12,120,84,25,109,229
01/26/2006,SPI,IL,AGL,CE,Combined TRACON& Tower with Radar,0,20,49,14,83,0,2,50,2,54,0,22,99,16,137,78,11,89,226
01/27/2006,SPI,IL,AGL,CE,Combined TRACON& Tower with Radar,0,19,41,3,63,0,1,22,0,23,0,20,63,3,86,35,0,35,121
01/28/2006,SPI,IL,AGL,CE,Combined TRACON& Tower with Radar,0,12,15,0,27,0,0,13,0,13,0,12,28,0,40,61,0,61,101
01/29/2006,SPI,IL,AGL,CE,Combined TRACON& Tower with Radar,1,18,18,0,37,0,2,2,0,4,1,20,20,0,41,41,0,41,82
01/30/2006,SPI,IL,AGL,CE,Combined TRACON& Tower with Radar,0,18,43,7,68,0,0,19,0,19,0,18,62,7,87,12,0,12,99
01/31/2006,SPI,IL,AGL,CE,Combined TRACON& Tower with Radar,0,20,53,4,77,0,4,37,0,41,0,24,90,4,118,82,2,84,202
02/01/2006,SPI,IL,AGL,CE,Combined TRACON& Tower with Radar,0,19,56,6,81,0,1,55,0,56,0,20,111,6,137,63,0,63,200
02/02/2006,SPI,IL,AGL,CE,Combined TRACON& Tower with Radar,0,23,30,13,66,0,0,39,0,39,0,23,69,13,105,44,4,48,153
02/03/2006,SPI,IL,AGL,CE,Combined TRACON& Tower with Radar,0,19,41,6,66,0,0,16,2,18,0,19,57,8,84,45,3,48,132
02/04/2006,SPI,IL,AGL,CE,Combined TRACON& Tower with Radar,0,13,12,23,48,0,0,8,2,10,0,13,20,25,58,29,10,39,97
02/05/2006,SPI,IL,AGL,CE,Combined TRACON& Tower with Radar,0,19,29,13,61,0,1,29,3,33,0,20,58,16,94,64,10,74,168
02/06/2006,SPI,IL,AGL,CE,Combined TRACON& Tower with Radar,0,19,49,9,77,0,0,47,0,47,0,19,96,9,124,43,32,75,199
02/07/2006,SPI,IL,AGL,CE,Combined TRACON& Tower with Radar,0,27,43,4,74,0,1,48,0,49,0,28,91,4,123,13,0,13,136
02/08/2006,SPI,IL,AGL,CE,Combined TRACON& Tower with Radar,0,26,52,0,78,0,1,17,0,18,0,27,69,0,96,32,0,32,128
02/09/2006,SPI,IL,AGL,CE,Combined TRACON& Tower with Radar,0,23,37,2,62,0,0,36,0,36,0,23,73,2,98,41,0,41,139
02/10/2006,SPI,IL,AGL,CE,Combined TRACON& Tower with Radar,0,18,29,2,49,0,0,32,0,32,0,18,61,2,81,27,0,27,108
02/11/2006,SPI,IL,AGL,CE,Combined TRACON& Tower with Radar,0,12,8,0,20,0,1,0,0,1,0,13,8,0,21,1,0,1,22
02/12/2006,SPI,IL,AGL,CE,Combined TRACON& Tower with Radar,0,17,11,0,28,0,0,11,0,11,0,17,22,0,39,23,0,23,62
02/13/2006,SPI,IL,AGL,CE,Combined TRACON& Tower with Radar,0,18,21,4,43,0,1,13,0,14,0,19,34,4,57,5,2,7,64
02/14/2006,SPI,IL,AGL,CE,Combined TRACON& Tower with Radar,0,19,42,9,70,0,0,42,2,44,0,19,84,11,114,30,4,34,148
02/15/2006,SPI,IL,AGL,CE,Combined TRACON& Tower with Radar,0,25,45,6,76,0,0,33,0,33,0,25,78,6,109,6,8,14,123
02/16/2006,SPI,IL,AGL,CE,Combined TRACON& Tower with Radar,0,25,22,0,47,0,0,1,0,1,0,25,23,0,48,0,0,0,48
02/17/2006,SPI,IL,AGL,CE,Combined TRACON& Tower with Radar,0,23,48,0,71,0,1,32,0,33,0,24,80,0,104,28,2,30,134
02/18/2006,SPI,IL,AGL,CE,Combined TRACON& Tower with Radar,0,18,11,6,35,0,3,29,0,32,0,21,40,6,67,37,10,47,114
02/19/2006,SPI,IL,AGL,CE,Combined TRACON& Tower with Radar,0,17,13,3,33,0,1,33,0,34,0,18,46,3,67,27,0,27,94
02/20/2006,SPI,IL,AGL,CE,Combined TRACON& Tower with Radar,0,18,44,6,68,0,0,30,0,30,0,18,74,6,98,33,0,33,131
02/21/2006,SPI,IL,AGL,CE,Combined TRACON& Tower with Radar,0,20,33,14,67,0,1,46,0,47,0,21,79,14,114,30,18,48,162
02/22/2006,SPI,IL,AGL,CE,Combined TRACON& Tower with Radar,0,19,71,5,95,0,0,64,4,68,0,19,135,9,163,114,18,132,295
02/23/2006,SPI,IL,AGL,CE,Combined TRACON& Tower with Radar,0,26,49,10,85,0,3,51,3,57,0,29,100,13,142,49,1,50,192
02/24/2006,SPI,IL,AGL,CE,Combined TRACON& Tower with Radar,0,18,42,2,62,0,0,39,0,39,0,18,81,2,101,18,0,18,119
02/25/2006,SPI,IL,AGL,CE,Combined TRACON& Tower with Radar,2,18,12,0,32,0,3,34,0,37,2,21,46,0,69,27,0,27,96
02/26/2006,SPI,IL,AGL,CE,Combined TRACON& Tower with Radar,0,20,22,3,45,0,1,61,0,62,0,21,83,3,107,129,3,132,239
02/27/2006,SPI,IL,AGL,CE,Combined TRACON& Tower with Radar,0,23,50,15,88,0,0,48,9,57,0,23,98,24,145,53,28,81,226
02/28/2006,SPI,IL,AGL,CE,Combined TRACON& Tower with Radar,0,23,63,12,98,0,0,68,1,69,0,23,131,13,167,67,16,83,250
03/01/2006,SPI,IL,AGL,CE,Combined TRACON& Tower with Radar,2,23,68,5,98,0,3,38,0,41,2,26,106,5,139,73,9,82,221
03/02/2006,SPI,IL,AGL,CE,Combined TRACON& Tower with Radar,0,22,39,11,72,0,0,32,0,32,0,22,71,11,104,32,7,39,143
03/03/2006,SPI,IL,AGL,CE,Combined TRACON& Tower with Radar,0,20,52,22,94,0,2,70,3,75,0,22,122,25,169,39,20,59,228
03/04/2006,SPI,IL,AGL,CE,Combined TRACON& Tower with Radar,0,16,27,13,56,0,4,64,2,70,0,20,91,15,126,23,13,36,162
03/05/2006,SPI,IL,AGL,CE,Combined TRACON& Tower with Radar,0,22,19,3,44,0,0,4,1,5,0,22,23,4,49,10,0,10,59
03/06/2006,SPI,IL,AGL,CE,Combined TRACON& Tower with Radar,0,25,41,16,82,0,0,10,0,10,0,25,51,16,92,11,5,16,108
03/07/2006,SPI,IL,AGL,CE,Combined TRACON& Tower with Radar,0,20,39,9,68,0,0,36,1,37,0,20,75,10,105,50,28,78,183
03/08/2006,SPI,IL,AGL,CE,Combined TRACON& Tower with Radar,0,21,40,10,71,0,0,5,0,5,0,21,45,10,76,0,2,2,78
03/09/2006,SPI,IL,AGL,CE,Combined TRACON& Tower with Radar,0,18,34,4,56,0,0,3,0,3,0,18,37,4,59,20,0,20,79
03/10/2006,SPI,IL,AGL,CE,Combined TRACON& Tower with Radar,0,19,61,5,85,0,2,50,0,52,0,21,111,5,137,78,2,80,217
03/11/2006,SPI,IL,AGL,CE,Combined TRACON& Tower with Radar,0,4,18,1,23,0,10,18,0,28,0,14,36,1,51,31,0,31,82
03/12/2006,SPI,IL,AGL,CE,Combined TRACON& Tower with Radar,0,18,19,0,37,0,0,4,0,4,0,18,23,0,41,2,0,2,43
03/13/2006,SPI,IL,AGL,CE,Combined TRACON& Tower with Radar,0,14,40,0,54,0,1,13,3,17,0,15,53,3,71,1,0,1,72
03/14/2006,SPI,IL,AGL,CE,Combined TRACON& Tower with Radar,0,26,47,8,81,0,0,57,1,58,0,26,104,9,139,19,20,39,178
03/15/2006,SPI,IL,AGL,CE,Combined TRACON& Tower with Radar,0,22,48,10,80,0,0,53,3,56,0,22,101,13,136,28,20,48,184
03/16/2006,SPI,IL,AGL,CE,Combined TRACON& Tower with Radar,0,17,29,17,63,0,3,25,1,29,0,20,54,18,92,4,16,20,112
03/17/2006,SPI,IL,AGL,CE,Combined TRACON& Tower with Radar,0,22,47,13,82,0,2,39,5,46,0,24,86,18,128,10,60,70,198
03/18/2006,SPI,IL,AGL,CE,Combined TRACON& Tower with Radar,0,14,18,8,40,0,3,70,0,73,0,17,88,8,113,41,3,44,157
03/19/2006,SPI,IL,AGL,CE,Combined TRACON& Tower with Radar,0,19,17,2,38,0,1,40,4,45,0,20,57,6,83,36,0,36,119
03/20/2006,SPI,IL,AGL,CE,Combined TRACON& Tower with Radar,0,25,25,14,64,0,0,14,0,14,0,25,39,14,78,25,12,37,115
03/21/2006,SPI,IL,AGL,CE,Combined TRACON& Tower with Radar,0,20,11,2,33,0,0,1,0,1,0,20,12,2,34,4,0,4,38
03/22/2006,SPI,IL,AGL,CE,Combined TRACON& Tower with Radar,0,20,54,15,89,0,3,43,2,48,0,23,97,17,137,47,20,67,204
03/23/2006,SPI,IL,AGL,CE,Combined TRACON& Tower with Radar,0,21,53,18,92,0,1,35,1,37,0,22,88,19,129,28,1,29,158
03/24/2006,SPI,IL,AGL,CE,Combined TRACON& Tower with Radar,0,21,44,0,65,0,1,14,0,15,0,22,58,0,80,26,0,26,106
03/25/2006,SPI,IL,AGL,CE,Combined TRACON& Tower with Radar,0,14,21,0,35,0,2,31,0,33,0,16,52,0,68,23,0,23,91
03/26/2006,SPI,IL,AGL,CE,Combined TRACON& Tower with Radar,0,20,22,0,42,0,0,60,0,60,0,20,82,0,102,29,0,29,131
03/27/2006,SPI,IL,AGL,CE,Combined TRACON& Tower with Radar,0,20,24,2,46,0,1,7,0,8,0,21,31,2,54,32,0,32,86
03/28/2006,SPI,IL,AGL,CE,Combined TRACON& Tower with Radar,0,16,59,16,91,0,0,1,0,1,0,16,60,16,92,26,1,27,119
03/29/2006,SPI,IL,AGL,CE,Combined TRACON& Tower with Radar,0,23,73,15,111,0,0,50,4,54,0,23,123,19,165,16,4,20,185
03/30/2006,SPI,IL,AGL,CE,Combined TRACON& Tower with Radar,0,21,41,13,75,0,1,29,0,30,0,22,70,13,105,10,11,21,126
03/31/2006,SPI,IL,AGL,CE,Combined TRACON& Tower with Radar,0,15,28,14,57,0,2,12,1,15,0,17,40,15,72,4,15,19,91
04/01/2006,SPI,IL,AGL,CE,Combined TRACON& Tower with Radar,0,19,61,10,90,0,1,33,1,35,0,20,94,11,125,91,8,99,224
04/02/2006,SPI,IL,AGL,CE,Combined TRACON& Tower with Radar,0,23,12,0,35,0,0,5,0,5,0,23,17,0,40,22,0,22,62
04/03/2006,SPI,IL,AGL,CE,Combined TRACON& Tower with Radar,0,20,34,12,66,0,0,15,1,16,0,20,49,13,82,3,17,20,102
04/04/2006,SPI,IL,AGL,CE,Combined TRACON& Tower with Radar,0,19,48,7,74,0,2,67,4,73,0,21,115,11,147,62,36,98,245
04/05/2006,SPI,IL,AGL,CE,Combined TRACON& Tower with Radar,0,22,39,18,79,0,3,55,0,58,0,25,94,18,137,47,11,58,195
04/06/2006,SPI,IL,AGL,CE,Combined TRACON& Tower with Radar,0,20,37,0,57,0,0,2,0,2,0,20,39,0,59,16,0,16,75
04/07/2006,SPI,IL,AGL,CE,Combined TRACON& Tower with Radar,0,17,30,8,55,0,0,25,0,25,0,17,55,8,80,34,4,38,118
04/08/2006,SPI,IL,AGL,CE,Combined TRACON& Tower with Radar,0,12,18,0,30,0,0,47,0,47,0,12,65,0,77,28,0,28,105
04/09/2006,SPI,IL,AGL,CE,Combined TRACON& Tower with Radar,0,20,45,0,65,0,10,61,0,71,0,30,106,0,136,73,0,73,209
04/10/2006,SPI,IL,AGL,CE,Combined TRACON& Tower with Radar,0,31,36,8,75,0,0,38,0,38,0,31,74,8,113,29,4,33,146
04/11/2006,SPI,IL,AGL,CE,Combined TRACON& Tower with Radar,0,19,57,10,86,0,0,32,0,32,0,19,89,10,118,3,4,7,125
04/12/2006,SPI,IL,AGL,CE,Combined TRACON& Tower with Radar,0,20,57,12,89,0,0,39,1,40,0,20,96,13,129,13,12,25,154
04/13/2006,SPI,IL,AGL,CE,Combined TRACON& Tower with Radar,0,21,48,12,81,0,0,46,3,49,0,21,94,15,130,46,15,61,191
04/14/2006,SPI,IL,AGL,CE,Combined TRACON& Tower with Radar,0,16,43,12,71,0,1,22,1,24,0,17,65,13,95,63,20,83,178
04/15/2006,SPI,IL,AGL,CE,Combined TRACON& Tower with Radar,0,18,30,0,48,0,1,51,0,52,0,19,81,0,100,36,0,36,136
04/16/2006,SPI,IL,AGL,CE,Combined TRACON& Tower with Radar,0,14,10,0,24,0,0,5,0,5,0,14,15,0,29,14,0,14,43
04/17/2006,SPI,IL,AGL,CE,Combined TRACON& Tower with Radar,0,20,36,11,67,0,0,12,0,12,0,20,48,11,79,16,0,16,95
04/18/2006,SPI,IL,AGL,CE,Combined TRACON& Tower with Radar,0,20,50,17,87,0,1,68,0,69,0,21,118,17,156,5,13,18,174
04/19/2006,SPI,IL,AGL,CE,Combined TRACON& Tower with Radar,0,23,58,18,99,0,2,37,1,40,0,25,95,19,139,24,12,36,175
04/20/2006,SPI,IL,AGL,CE,Combined TRACON& Tower with Radar,0,20,52,19,91,0,0,62,0,62,0,20,114,19,153,46,15,61,214
04/21/2006,SPI,IL,AGL,CE,Combined TRACON& Tower with Radar,0,19,43,16,78,0,1,44,0,45,0,20,87,16,123,60,3,63,186
04/22/2006,SPI,IL,AGL,CE,Combined TRACON& Tower with Radar,0,15,15,7,37,0,1,48,4,53,0,16,63,11,90,49,19,68,158
04/23/2006,SPI,IL,AGL,CE,Combined TRACON& Tower with Radar,0,18,13,0,31,0,1,66,1,68,0,19,79,1,99,46,0,46,145
04/24/2006,SPI,IL,AGL,CE,Combined TRACON& Tower with Radar,0,27,44,10,81,0,0,34,0,34,0,27,78,10,115,82,10,92,207
04/25/2006,SPI,IL,AGL,CE,Combined TRACON& Tower with Radar,0,19,42,14,75,0,0,10,0,10,0,19,52,14,85,21,1,22,107
04/26/2006,SPI,IL,AGL,CE,Combined TRACON& Tower with Radar,0,19,48,18,85,0,2,50,0,52,0,21,98,18,137,41,24,65,202
04/27/2006,SPI,IL,AGL,CE,Combined TRACON& Tower with Radar,0,24,66,20,110,0,1,77,0,78,0,25,143,20,188,53,8,61,249
04/28/2006,SPI,IL,AGL,CE,Combined TRACON& Tower with Radar,0,24,46,0,70,0,1,62,0,63,0,25,108,0,133,7,0,7,140
04/29/2006,SPI,IL,AGL,CE,Combined TRACON& Tower with Radar,0,14,26,0,40,0,1,4,0,5,0,15,30,0,45,18,0,18,63
04/30/2006,SPI,IL,AGL,CE,Combined TRACON& Tower with Radar,0,15,12,0,27,0,165,16,0,181,0,180,28,0,208,19,0,19,227
05/01/2006,SPI,IL,AGL,CE,Combined TRACON& Tower with Radar,0,20,48,1,69,0,0,6,1,7,0,20,54,2,76,50,1,51,127
05/02/2006,SPI,IL,AGL,CE,Combined TRACON& Tower with Radar,0,25,54,5,84,0,1,54,0,55,0,26,108,5,139,76,20,96,235
05/03/2006,SPI,IL,AGL,CE,Combined TRACON& Tower with Radar,0,20,20,7,47,0,0,26,0,26,0,20,46,7,73,40,7,47,120
05/04/2006,SPI,IL,AGL,CE,Combined TRACON& Tower with Radar,0,21,42,11,74,0,1,39,0,40,0,22,81,11,114,27,10,37,151
05/05/2006,SPI,IL,AGL,CE,Combined TRACON& Tower with Radar,4,20,59,10,93,0,0,64,1,65,4,20,123,11,158,44,13,57,215
05/06/2006,SPI,IL,AGL,CE,Combined TRACON& Tower with Radar,0,16,16,4,36,0,3,52,2,57,0,19,68,6,93,59,12,71,164
05/07/2006,SPI,IL,AGL,CE,Combined TRACON& Tower with Radar,0,21,40,12,73,0,0,48,1,49,0,21,88,13,122,45,10,55,177
05/08/2006,SPI,IL,AGL,CE,Combined TRACON& Tower with Radar,1,20,40,0,61,0,0,32,0,32,1,20,72,0,93,9,0,9,102
05/09/2006,SPI,IL,AGL,CE,Combined TRACON& Tower with Radar,0,18,29,2,49,0,0,15,0,15,0,18,44,2,64,16,0,16,80
05/10/2006,SPI,IL,AGL,CE,Combined TRACON& Tower with Radar,0,23,46,3,72,0,0,7,0,7,0,23,53,3,79,20,1,21,100
05/11/2006,SPI,IL,AGL,CE,Combined TRACON& Tower with Radar,0,20,40,9,69,0,0,12,0,12,0,20,52,9,81,0,0,0,81
05/12/2006,SPI,IL,AGL,CE,Combined TRACON& Tower with Radar,0,18,43,5,66,0,0,10,0,10,0,18,53,5,76,4,5,9,85
05/13/2006,SPI,IL,AGL,CE,Combined TRACON& Tower with Radar,0,16,20,0,36,0,0,17,0,17,0,16,37,0,53,18,0,18,71
05/14/2006,SPI,IL,AGL,CE,Combined TRACON& Tower with Radar,0,26,10,4,40,0,0,14,0,14,0,26,24,4,54,12,0,12,66
05/15/2006,SPI,IL,AGL,CE,Combined TRACON& Tower with Radar,0,21,47,13,81,0,0,1,0,1,0,21,48,13,82,5,0,5,87
05/16/2006,SPI,IL,AGL,CE,Combined TRACON& Tower with Radar,0,19,68,9,96,0,0,10,0,10,0,19,78,9,106,22,3,25,131
05/17/2006,SPI,IL,AGL,CE,Combined TRACON& Tower with Radar,0,19,38,10,67,0,0,35,1,36,0,19,73,11,103,77,7,84,187
05/18/2006,SPI,IL,AGL,CE,Combined TRACON& Tower with Radar,0,17,42,5,64,0,0,35,4,39,0,17,77,9,103,33,2,35,138
05/19/2006,SPI,IL,AGL,CE,Combined TRACON& Tower with Radar,0,22,65,8,95,0,1,46,4,51,0,23,111,12,146,42,5,47,193
05/20/2006,SPI,IL,AGL,CE,Combined TRACON& Tower with Radar,0,15,38,9,62,0,0,38,1,39,0,15,76,10,101,126,7,133,234
05/21/2006,SPI,IL,AGL,CE,Combined TRACON& Tower with Radar,0,19,22,3,44,0,171,50,0,221,0,190,72,3,265,26,0,26,291
05/22/2006,SPI,IL,AGL,CE,Combined TRACON& Tower with Radar,0,22,45,3,70,0,0,42,3,45,0,22,87,6,115,83,6,89,204
05/23/2006,SPI,IL,AGL,CE,Combined TRACON& Tower with Radar,0,26,41,9,76,0,1,42,5,48,0,27,83,14,124,72,14,86,210
05/24/2006,SPI,IL,AGL,CE,Combined TRACON& Tower with Radar,0,18,33,4,55,0,1,14,7,22,0,19,47,11,77,31,5,36,113
05/25/2006,SPI,IL,AGL,CE,Combined TRACON& Tower with Radar,0,19,48,8,75,0,1,28,1,30,0,20,76,9,105,9,10,19,124
05/26/2006,SPI,IL,AGL,CE,Combined TRACON& Tower with Radar,0,19,39,3,61,0,0,50,2,52,0,19,89,5,113,106,2,108,221
05/27/2006,SPI,IL,AGL,CE,Combined TRACON& Tower with Radar,2,16,27,0,45,0,0,41,0,41,2,16,68,0,86,39,0,39,125
05/28/2006,SPI,IL,AGL,CE,Combined TRACON& Tower with Radar,0,14,14,0,28,0,0,29,0,29,0,14,43,0,57,13,0,13,70
05/29/2006,SPI,IL,AGL,CE,Combined TRACON& Tower with Radar,0,14,23,0,37,0,0,36,0,36,0,14,59,0,73,39,0,39,112
05/30/2006,SPI,IL,AGL,CE,Combined TRACON& Tower with Radar,0,15,38,11,64,0,0,22,1,23,0,15,60,12,87,12,10,22,109
05/31/2006,SPI,IL,AGL,CE,Combined TRACON& Tower with Radar,4,19,31,6,60,0,0,8,1,9,4,19,39,7,69,24,2,26,95
06/01/2006,SPI,IL,AGL,CE,Combined TRACON& Tower with Radar,0,20,46,5,71,0,0,4,2,6,0,20,50,7,77,10,0,10,87
06/02/2006,SPI,IL,AGL,CE,Combined TRACON& Tower with Radar,0,20,41,8,69,0,1,41,1,43,0,21,82,9,112,24,4,28,140
06/03/2006,SPI,IL,AGL,CE,Combined TRACON& Tower with Radar,0,13,25,0,38,0,0,49,1,50,0,13,74,1,88,54,13,67,155
06/04/2006,SPI,IL,AGL,CE,Combined TRACON& Tower with Radar,0,19,11,0,30,0,0,31,0,31,0,19,42,0,61,77,0,77,138
06/05/2006,SPI,IL,AGL,CE,Combined TRACON& Tower with Radar,0,31,33,9,73,0,1,49,1,51,0,32,82,10,124,65,1,66,190
06/06/2006,SPI,IL,AGL,CE,Combined TRACON& Tower with Radar,0,23,40,3,66,0,0,27,0,27,0,23,67,3,93,29,5,34,127
06/07/2006,SPI,IL,AGL,CE,Combined TRACON& Tower with Radar,0,22,26,4,52,0,0,57,2,59,0,22,83,6,111,32,6,38,149
06/08/2006,SPI,IL,AGL,CE,Combined TRACON& Tower with Radar,0,13,53,6,72,0,1,37,1,39,0,14,90,7,111,33,7,40,151
06/09/2006,SPI,IL,AGL,CE,Combined TRACON& Tower with Radar,0,15,33,9,57,0,1,18,3,22,0,16,51,12,79,12,5,17,96
06/10/2006,SPI,IL,AGL,CE,Combined TRACON& Tower with Radar,0,12,16,0,28,0,0,22,0,22,0,12,38,0,50,21,0,21,71
06/11/2006,SPI,IL,AGL,CE,Combined TRACON& Tower with Radar,0,14,27,2,43,0,0,6,0,6,0,14,33,2,49,0,0,0,49
06/12/2006,SPI,IL,AGL,CE,Combined TRACON& Tower with Radar,0,18,45,1,64,0,0,39,1,40,0,18,84,2,104,36,0,36,140
06/13/2006,SPI,IL,AGL,CE,Combined TRACON& Tower with Radar,0,19,46,4,69,0,0,53,1,54,0,19,99,5,123,36,6,42,165
06/14/2006,SPI,IL,AGL,CE,Combined TRACON& Tower with Radar,0,21,33,2,56,0,0,50,3,53,0,21,83,5,109,8,13,21,130
06/15/2006,SPI,IL,AGL,CE,Combined TRACON& Tower with Radar,0,19,44,3,66,0,0,51,1,52,0,19,95,4,118,5,6,11,129
06/16/2006,SPI,IL,AGL,CE,Combined TRACON& Tower with Radar,0,17,43,5,65,0,0,25,0,25,0,17,68,5,90,6,4,10,100
06/17/2006,SPI,IL,AGL,CE,Combined TRACON& Tower with Radar,0,11,24,2,37,0,0,30,0,30,0,11,54,2,67,43,0,43,110
06/18/2006,SPI,IL,AGL,CE,Combined TRACON& Tower with Radar,0,15,20,0,35,0,135,12,0,147,0,150,32,0,182,31,0,31,213
06/19/2006,SPI,IL,AGL,CE,Combined TRACON& Tower with Radar,0,19,37,2,58,0,1,30,0,31,0,20,67,2,89,49,6,55,144
06/20/2006,SPI,IL,AGL,CE,Combined TRACON& Tower with Radar,0,20,30,8,58,0,0,31,0,31,0,20,61,8,89,46,7,53,142
06/21/2006,SPI,IL,AGL,CE,Combined TRACON& Tower with Radar,0,12,35,10,57,0,0,28,0,28,0,12,63,10,85,37,11,48,133
06/22/2006,SPI,IL,AGL,CE,Combined TRACON& Tower with Radar,0,17,25,6,48,0,3,31,1,35,0,20,56,7,83,44,8,52,135
06/23/2006,SPI,IL,AGL,CE,Combined TRACON& Tower with Radar,0,14,36,18,68,0,0,64,1,65,0,14,100,19,133,36,1,37,170
06/24/2006,SPI,IL,AGL,CE,Combined TRACON& Tower with Radar,0,11,8,3,22,0,0,23,0,23,0,11,31,3,45,39,4,43,88
06/25/2006,SPI,IL,AGL,CE,Combined TRACON& Tower with Radar,0,10,6,7,23,0,0,28,4,32,0,10,34,11,55,41,4,45,100
06/26/2006,SPI,IL,AGL,CE,Combined TRACON& Tower with Radar,1,17,46,13,77,0,1,15,0,16,1,18,61,13,93,31,5,36,129
06/27/2006,SPI,IL,AGL,CE,Combined TRACON& Tower with Radar,0,18,46,7,71,0,0,34,1,35,0,18,80,8,106,28,5,33,139
06/28/2006,SPI,IL,AGL,CE,Combined TRACON& Tower with Radar,0,17,43,13,73,0,0,58,2,60,0,17,101,15,133,32,26,58,191
06/29/2006,SPI,IL,AGL,CE,Combined TRACON& Tower with Radar,0,14,39,5,58,0,0,70,1,71,0,14,109,6,129,74,8,82,211
06/30/2006,SPI,IL,AGL,CE,Combined TRACON& Tower with Radar,0,17,34,0,51,0,3,29,0,32,0,20,63,0,83,23,0,23,106
07/01/2006,SPI,IL,AGL,CE,Combined TRACON& Tower with Radar,0,15,8,0,23,0,0,40,0,40,0,15,48,0,63,15,0,15,78
07/02/2006,SPI,IL,AGL,CE,Combined TRACON& Tower with Radar,0,12,25,6,43,0,1,28,0,29,0,13,53,6,72,47,9,56,128
07/03/2006,SPI,IL,AGL,CE,Combined TRACON& Tower with Radar,0,12,18,2,32,0,0,26,0,26,0,12,44,2,58,15,7,22,80
07/04/2006,SPI,IL,AGL,CE,Combined TRACON& Tower with Radar,0,12,9,0,21,0,0,13,0,13,0,12,22,0,34,101,0,101,135
07/05/2006,SPI,IL,AGL,CE,Combined TRACON& Tower with Radar,0,15,40,2,57,0,0,44,1,45,0,15,84,3,102,31,2,33,135
07/06/2006,SPI,IL,AGL,CE,Combined TRACON& Tower with Radar,0,15,53,10,78,0,0,42,4,46,0,15,95,14,124,54,8,62,186
07/07/2006,SPI,IL,AGL,CE,Combined TRACON& Tower with Radar,0,21,51,4,76,0,1,59,3,63,0,22,110,7,139,0,9,9,148
07/08/2006,SPI,IL,AGL,CE,Combined TRACON& Tower with Radar,0,10,14,11,35,0,0,44,1,45,0,10,58,12,80,48,11,59,139
07/09/2006,SPI,IL,AGL,CE,Combined TRACON& Tower with Radar,0,14,22,6,42,0,4,31,0,35,0,18,53,6,77,30,5,35,112
07/10/2006,SPI,IL,AGL,CE,Combined TRACON& Tower with Radar,0,15,51,10,76,0,0,33,1,34,0,15,84,11,110,15,1,16,126
07/11/2006,SPI,IL,AGL,CE,Combined TRACON& Tower with Radar,0,11,35,4,50,0,0,7,0,7,0,11,42,4,57,16,0,16,73
07/12/2006,SPI,IL,AGL,CE,Combined TRACON& Tower with Radar,0,17,41,3,61,0,0,24,0,24,0,17,65,3,85,50,0,50,135
07/13/2006,SPI,IL,AGL,CE,Combined TRACON& Tower with Radar,0,19,58,13,90,0,0,19,0,19,0,19,77,13,109,37,6,43,152
07/14/2006,SPI,IL,AGL,CE,Combined TRACON& Tower with Radar,0,19,43,14,76,0,0,28,3,31,0,19,71,17,107,24,9,33,140
07/15/2006,SPI,IL,AGL,CE,Combined TRACON& Tower with Radar,0,12,24,0,36,0,0,46,0,46,0,12,70,0,82,33,0,33,115
07/16/2006,SPI,IL,AGL,CE,Combined TRACON& Tower with Radar,0,16,27,0,43,0,0,34,0,34,0,16,61,0,77,32,0,32,109
07/17/2006,SPI,IL,AGL,CE,Combined TRACON& Tower with Radar,0,17,41,13,71,0,0,43,0,43,0,17,84,13,114,22,16,38,152
07/18/2006,SPI,IL,AGL,CE,Combined TRACON& Tower with Radar,0,17,35,4,56,0,1,35,1,37,0,18,70,5,93,22,7,29,122
07/19/2006,SPI,IL,AGL,CE,Combined TRACON& Tower with Radar,0,26,45,8,79,0,1,33,1,35,0,27,78,9,114,0,49,49,163
07/20/2006,SPI,IL,AGL,CE,Combined TRACON& Tower with Radar,0,9,38,1,48,0,0,25,0,25,0,9,63,1,73,49,0,49,122
07/21/2006,SPI,IL,AGL,CE,Combined TRACON& Tower with Radar,0,18,56,16,90,0,0,13,1,14,0,18,69,17,104,29,1,30,134
07/22/2006,SPI,IL,AGL,CE,Combined TRACON& Tower with Radar,0,14,35,1,50,0,0,50,0,50,0,14,85,1,100,64,0,64,164
07/23/2006,SPI,IL,AGL,CE,Combined TRACON& Tower with Radar,0,14,34,8,56,0,1,29,0,30,0,15,63,8,86,28,8,36,122
07/24/2006,SPI,IL,AGL,CE,Combined TRACON& Tower with Radar,0,18,42,7,67,0,0,57,1,58,0,18,99,8,125,48,7,55,180
07/25/2006,SPI,IL,AGL,CE,Combined TRACON& Tower with Radar,0,18,34,11,63,0,0,45,0,45,0,18,79,11,108,59,20,79,187
07/26/2006,SPI,IL,AGL,CE,Combined TRACON& Tower with Radar,0,12,44,6,62,0,0,22,0,22,0,12,66,6,84,53,5,58,142
07/27/2006,SPI,IL,AGL,CE,Combined TRACON& Tower with Radar,0,14,45,13,72,0,0,27,2,29,0,14,72,15,101,1,14,15,116
07/28/2006,SPI,IL,AGL,CE,Combined TRACON& Tower with Radar,0,13,49,5,67,0,0,54,1,55,0,13,103,6,122,10,0,10,132
07/29/2006,SPI,IL,AGL,CE,Combined TRACON& Tower with Radar,2,14,30,2,48,0,0,50,0,50,2,14,80,2,98,43,0,43,141
07/30/2006,SPI,IL,AGL,CE,Combined TRACON& Tower with Radar,0,14,18,7,39,0,0,29,0,29,0,14,47,7,68,27,3,30,98
07/31/2006,SPI,IL,AGL,CE,Combined TRACON& Tower with Radar,0,16,37,7,60,0,2,37,3,42,0,18,74,10,102,26,4,30,132
08/01/2006,SPI,IL,AGL,CE,Combined TRACON& Tower with Radar,0,14,42,11,67,0,0,37,11,48,0,14,79,22,115,27,38,65,180
08/02/2006,SPI,IL,AGL,CE,Combined TRACON& Tower with Radar,0,15,34,21,70,0,0,38,1,39,0,15,72,22,109,46,49,95,204
08/03/2006,SPI,IL,AGL,CE,Combined TRACON& Tower with Radar,0,15,36,22,73,0,0,20,0,20,0,15,56,22,93,61,27,88,181
08/04/2006,SPI,IL,AGL,CE,Combined TRACON& Tower with Radar,0,13,29,14,56,0,3,49,3,55,0,16,78,17,111,26,29,55,166
08/05/2006,SPI,IL,AGL,CE,Combined TRACON& Tower with Radar,0,11,19,20,50,0,0,49,3,52,0,11,68,23,102,35,23,58,160
08/06/2006,SPI,IL,AGL,CE,Combined TRACON& Tower with Radar,0,13,10,14,37,0,0,27,4,31,0,13,37,18,68,46,17,63,131
08/07/2006,SPI,IL,AGL,CE,Combined TRACON& Tower with Radar,0,24,34,7,65,0,0,28,3,31,0,24,62,10,96,28,14,42,138
08/08/2006,SPI,IL,AGL,CE,Combined TRACON& Tower with Radar,0,18,33,12,63,0,0,16,0,16,0,18,49,12,79,49,17,66,145
08/09/2006,SPI,IL,AGL,CE,Combined TRACON& Tower with Radar,0,20,27,31,78,0,0,10,0,10,0,20,37,31,88,20,49,69,157
08/10/2006,SPI,IL,AGL,CE,Combined TRACON& Tower with Radar,0,18,32,11,61,0,0,17,2,19,0,18,49,13,80,36,11,47,127
08/11/2006,SPI,IL,AGL,CE,Combined TRACON& Tower with Radar,0,21,55,3,79,0,1,16,0,17,0,22,71,3,96,5,0,5,101
08/12/2006,SPI,IL,AGL,CE,Combined TRACON& Tower with Radar,0,11,39,3,53,0,7,55,3,65,0,18,94,6,118,62,0,62,180
08/13/2006,SPI,IL,AGL,CE,Combined TRACON& Tower with Radar,0,15,30,2,47,0,4,35,0,39,0,19,65,2,86,57,0,57,143
08/14/2006,SPI,IL,AGL,CE,Combined TRACON& Tower with Radar,0,18,51,7,76,0,1,9,0,10,0,19,60,7,86,15,5,20,106
08/15/2006,SPI,IL,AGL,CE,Combined TRACON& Tower with Radar,0,16,41,13,70,0,3,60,3,66,0,19,101,16,136,67,19,86,222
08/16/2006,SPI,IL,AGL,CE,Combined TRACON& Tower with Radar,0,18,53,10,81,0,1,58,8,67,0,19,111,18,148,59,11,70,218
08/17/2006,SPI,IL,AGL,CE,Combined TRACON& Tower with Radar,0,14,51,5,70,0,0,50,1,51,0,14,101,6,121,82,1,83,204
08/18/2006,SPI,IL,AGL,CE,Combined TRACON& Tower with Radar,0,15,48,8,71,0,0,19,0,19,0,15,67,8,90,75,3,78,168
08/19/2006,SPI,IL,AGL,CE,Combined TRACON& Tower with Radar,0,13,24,1,38,0,1,10,0,11,0,14,34,1,49,36,3,39,88
08/20/2006,SPI,IL,AGL,CE,Combined TRACON& Tower with Radar,0,13,39,1,53,0,1,46,1,48,0,14,85,2,101,26,3,29,130
08/21/2006,SPI,IL,AGL,CE,Combined TRACON& Tower with Radar,0,16,38,8,62,0,0,52,0,52,0,16,90,8,114,118,20,138,252
08/22/2006,SPI,IL,AGL,CE,Combined TRACON& Tower with Radar,0,14,49,13,76,0,0,47,2,49,0,14,96,15,125,97,15,112,237
08/23/2006,SPI,IL,AGL,CE,Combined TRACON& Tower with Radar,0,13,46,15,74,0,0,68,3,71,0,13,114,18,145,71,10,81,226
08/24/2006,SPI,IL,AGL,CE,Combined TRACON& Tower with Radar,0,18,38,10,66,0,0,62,6,68,0,18,100,16,134,87,19,106,240
08/25/2006,SPI,IL,AGL,CE,Combined TRACON& Tower with Radar,0,14,43,13,70,0,0,26,2,28,0,14,69,15,98,84,5,89,187
08/26/2006,SPI,IL,AGL,CE,Combined TRACON& Tower with Radar,0,16,27,1,44,0,0,11,0,11,0,16,38,1,55,56,0,56,111
08/27/2006,SPI,IL,AGL,CE,Combined TRACON& Tower with Radar,0,16,30,4,50,0,0,3,2,5,0,16,33,6,55,69,0,69,124
08/28/2006,SPI,IL,AGL,CE,Combined TRACON& Tower with Radar,0,18,49,10,77,0,0,3,0,3,0,18,52,10,80,30,2,32,112
08/29/2006,SPI,IL,AGL,CE,Combined TRACON& Tower with Radar,0,22,75,14,111,0,2,10,0,12,0,24,85,14,123,4,3,7,130
08/30/2006,SPI,IL,AGL,CE,Combined TRACON& Tower with Radar,0,24,74,11,109,0,0,15,0,15,0,24,89,11,124,54,5,59,183
08/31/2006,SPI,IL,AGL,CE,Combined TRACON& Tower with Radar,0,15,64,12,91,0,0,37,1,38,0,15,101,13,129,59,3,62,191
09/01/2006,SPI,IL,AGL,CE,Combined TRACON& Tower with Radar,0,16,64,8,88,0,0,13,0,13,0,16,77,8,101,94,11,105,206
09/02/2006,SPI,IL,AGL,CE,Combined TRACON& Tower with Radar,0,10,14,0,24,0,0,54,0,54,0,10,68,0,78,20,0,20,98
09/03/2006,SPI,IL,AGL,CE,Combined TRACON& Tower with Radar,0,10,25,9,44,0,2,36,0,38,0,12,61,9,82,47,1,48,130
09/04/2006,SPI,IL,AGL,CE,Combined TRACON& Tower with Radar,0,13,30,0,43,0,0,17,0,17,0,13,47,0,60,40,0,40,100
09/05/2006,SPI,IL,AGL,CE,Combined TRACON& Tower with Radar,0,17,62,16,95,0,0,20,3,23,0,17,82,19,118,54,14,68,186
09/06/2006,SPI,IL,AGL,CE,Combined TRACON& Tower with Radar,0,15,43,12,70,0,1,35,0,36,0,16,78,12,106,9,36,45,151
09/07/2006,SPI,IL,AGL,CE,Combined TRACON& Tower with Radar,0,15,57,21,93,0,0,43,4,47,0,15,100,25,140,80,41,121,261
09/08/2006,SPI,IL,AGL,CE,Combined TRACON& Tower with Radar,0,13,45,14,72,0,1,54,4,59,0,14,99,18,131,74,22,96,227
09/09/2006,SPI,IL,AGL,CE,Combined TRACON& Tower with Radar,0,8,27,17,52,0,0,41,5,46,0,8,68,22,98,71,14,85,183
09/10/2006,SPI,IL,AGL,CE,Combined TRACON& Tower with Radar,0,8,21,4,33,0,0,30,2,32,0,8,51,6,65,27,10,37,102
09/11/2006,SPI,IL,AGL,CE,Combined TRACON& Tower with Radar,0,9,41,18,68,0,0,9,0,9,0,9,50,18,77,17,3,20,97
09/12/2006,SPI,IL,AGL,CE,Combined TRACON& Tower with Radar,0,24,35,22,81,0,0,0,0,0,0,24,35,22,81,1,6,7,88
09/13/2006,SPI,IL,AGL,CE,Combined TRACON& Tower with Radar,0,14,86,9,109,0,0,10,2,12,0,14,96,11,121,31,12,43,164
09/14/2006,SPI,IL,AGL,CE,Combined TRACON& Tower with Radar,0,17,51,17,85,0,0,67,3,70,0,17,118,20,155,28,10,38,193
09/15/2006,SPI,IL,AGL,CE,Combined TRACON& Tower with Radar,0,15,36,1,52,0,5,49,4,58,0,20,85,5,110,74,0,74,184
09/16/2006,SPI,IL,AGL,CE,Combined TRACON& Tower with Radar,0,12,12,11,35,0,0,46,3,49,0,12,58,14,84,57,12,69,153
09/17/2006,SPI,IL,AGL,CE,Combined TRACON& Tower with Radar,2,11,13,5,31,0,0,7,0,7,2,11,20,5,38,0,0,0,38
09/18/2006,SPI,IL,AGL,CE,Combined TRACON& Tower with Radar,0,18,38,6,62,0,0,23,0,23,0,18,61,6,85,21,10,31,116
09/19/2006,SPI,IL,AGL,CE,Combined TRACON& Tower with Radar,0,14,42,17,73,0,0,36,1,37,0,14,78,18,110,20,10,30,140
09/20/2006,SPI,IL,AGL,CE,Combined TRACON& Tower with Radar,0,25,44,9,78,0,0,54,1,55,0,25,98,10,133,54,5,59,192
09/21/2006,SPI,IL,AGL,CE,Combined TRACON& Tower with Radar,2,18,51,10,81,0,0,53,1,54,2,18,104,11,135,61,16,77,212
09/22/2006,SPI,IL,AGL,CE,Combined TRACON& Tower with Radar,0,10,34,14,58,0,0,19,0,19,0,10,53,14,77,10,21,31,108
09/23/2006,SPI,IL,AGL,CE,Combined TRACON& Tower with Radar,0,11,23,6,40,0,0,7,0,7,0,11,30,6,47,48,0,48,95
09/24/2006,SPI,IL,AGL,CE,Combined TRACON& Tower with Radar,0,16,47,3,66,0,0,34,2,36,0,16,81,5,102,16,0,16,118
09/25/2006,SPI,IL,AGL,CE,Combined TRACON& Tower with Radar,0,14,50,14,78,0,1,38,11,50,0,15,88,25,128,75,24,99,227
09/26/2006,SPI,IL,AGL,CE,Combined TRACON& Tower with Radar,0,16,63,7,86,0,0,69,1,70,0,16,132,8,156,58,12,70,226
09/27/2006,SPI,IL,AGL,CE,Combined TRACON& Tower with Radar,2,17,50,5,74,0,1,37,0,38,2,18,87,5,112,32,5,37,149
09/28/2006,SPI,IL,AGL,CE,Combined TRACON& Tower with Radar,0,17,47,2,66,0,1,30,2,33,0,18,77,4,99,33,0,33,132
09/29/2006,SPI,IL,AGL,CE,Combined TRACON& Tower with Radar,0,14,54,5,73,0,0,35,0,35,0,14,89,5,108,38,2,40,148
09/30/2006,SPI,IL,AGL,CE,Combined TRACON& Tower with Radar,0,13,20,0,33,0,0,31,2,33,0,13,51,2,66,2,0,2,68
10/01/2006,SPI,IL,AGL,CE,Combined TRACON& Tower with Radar,0,10,24,6,40,0,0,43,0,43,0,10,67,6,83,11,26,37,120
10/02/2006,SPI,IL,AGL,CE,Combined TRACON& Tower with Radar,0,24,44,11,79,0,0,25,1,26,0,24,69,12,105,37,6,43,148
10/03/2006,SPI,IL,AGL,CE,Combined TRACON& Tower with Radar,0,18,38,11,67,0,0,58,2,60,0,18,96,13,127,30,9,39,166
10/04/2006,SPI,IL,AGL,CE,Combined TRACON& Tower with Radar,0,17,59,7,83,0,0,34,0,34,0,17,93,7,117,16,4,20,137
10/05/2006,SPI,IL,AGL,CE,Combined TRACON& Tower with Radar,0,19,65,10,94,0,0,32,2,34,0,19,97,12,128,31,6,37,165
10/06/2006,SPI,IL,AGL,CE,Combined TRACON& Tower with Radar,0,23,42,0,65,0,1,45,0,46,0,24,87,0,111,39,0,39,150
10/07/2006,SPI,IL,AGL,CE,Combined TRACON& Tower with Radar,0,12,10,0,22,0,1,65,0,66,0,13,75,0,88,104,0,104,192
10/08/2006,SPI,IL,AGL,CE,Combined TRACON& Tower with Radar,2,10,28,2,42,0,6,54,0,60,2,16,82,2,102,31,2,33,135
10/09/2006,SPI,IL,AGL,CE,Combined TRACON& Tower with Radar,0,16,59,6,81,0,0,40,0,40,0,16,99,6,121,63,0,63,184
10/10/2006,SPI,IL,AGL,CE,Combined TRACON& Tower with Radar,0,15,49,7,71,0,1,25,2,28,0,16,74,9,99,46,7,53,152
10/11/2006,SPI,IL,AGL,CE,Combined TRACON& Tower with Radar,0,23,34,15,72,0,0,6,1,7,0,23,40,16,79,8,20,28,107
10/12/2006,SPI,IL,AGL,CE,Combined TRACON& Tower with Radar,0,20,57,12,89,0,0,26,2,28,0,20,83,14,117,2,6,8,125
10/13/2006,SPI,IL,AGL,CE,Combined TRACON& Tower with Radar,0,10,33,4,47,0,1,23,1,25,0,11,56,5,72,10,21,31,103
10/14/2006,SPI,IL,AGL,CE,Combined TRACON& Tower with Radar,0,16,24,6,46,0,5,35,4,44,0,21,59,10,90,50,9,59,149
10/15/2006,SPI,IL,AGL,CE,Combined TRACON& Tower with Radar,0,20,17,15,52,0,0,35,2,37,0,20,52,17,89,20,18,38,127
10/16/2006,SPI,IL,AGL,CE,Combined TRACON& Tower with Radar,0,16,37,13,66,0,0,6,0,6,0,16,43,13,72,4,7,11,83
10/17/2006,SPI,IL,AGL,CE,Combined TRACON& Tower with Radar,0,16,58,16,90,0,4,14,0,18,0,20,72,16,108,24,6,30,138
10/18/2006,SPI,IL,AGL,CE,Combined TRACON& Tower with Radar,0,21,78,10,109,0,0,1,0,1,0,21,79,10,110,46,1,47,157
10/19/2006,SPI,IL,AGL,CE,Combined TRACON& Tower with Radar,0,15,61,5,81,0,0,9,2,11,0,15,70,7,92,37,2,39,131
10/20/2006,SPI,IL,AGL,CE,Combined TRACON& Tower with Radar,0,21,80,8,109,0,0,69,0,69,0,21,149,8,178,69,6,75,253
10/21/2006,SPI,IL,AGL,CE,Combined TRACON& Tower with Radar,0,8,12,3,23,0,2,47,0,49,0,10,59,3,72,24,0,24,96
10/22/2006,SPI,IL,AGL,CE,Combined TRACON& Tower with Radar,0,9,34,3,46,0,0,13,0,13,0,9,47,3,59,37,0,37,96
10/23/2006,SPI,IL,AGL,CE,Combined TRACON& Tower with Radar,0,17,36,7,60,0,0,28,1,29,0,17,64,8,89,15,4,19,108
10/24/2006,SPI,IL,AGL,CE,Combined TRACON& Tower with Radar,0,19,36,7,62,0,0,59,1,60,0,19,95,8,122,52,0,52,174
10/25/2006,SPI,IL,AGL,CE,Combined TRACON& Tower with Radar,0,14,51,0,65,0,0,41,14,55,0,14,92,14,120,5,3,8,128
10/26/2006,SPI,IL,AGL,CE,Combined TRACON& Tower with Radar,0,14,35,3,52,0,0,0,0,0,0,14,35,3,52,0,0,0,52
10/27/2006,SPI,IL,AGL,CE,Combined TRACON& Tower with Radar,0,10,38,4,52,0,0,0,0,0,0,10,38,4,52,2,0,2,54
10/28/2006,SPI,IL,AGL,CE,Combined TRACON& Tower with Radar,2,8,26,2,38,0,0,33,0,33,2,8,59,2,71,56,0,56,127
10/29/2006,SPI,IL,AGL,CE,Combined TRACON& Tower with Radar,0,10,20,0,30,0,3,63,0,66,0,13,83,0,96,20,0,20,116
10/30/2006,SPI,IL,AGL,CE,Combined TRACON& Tower with Radar,0,16,43,9,68,0,0,28,5,33,0,16,71,14,101,25,13,38,139
10/31/2006,SPI,IL,AGL,CE,Combined TRACON& Tower with Radar,0,16,43,7,66,0,1,26,5,32,0,17,69,12,98,15,24,39,137
11/01/2006,SPI,IL,AGL,CE,Combined TRACON& Tower with Radar,2,16,55,23,96,0,0,62,1,63,2,16,117,24,159,44,26,70,229
11/02/2006,SPI,IL,AGL,CE,Combined TRACON& Tower with Radar,0,20,45,6,71,0,0,40,4,44,0,20,85,10,115,13,7,20,135
11/03/2006,SPI,IL,AGL,CE,Combined TRACON& Tower with Radar,0,14,61,19,94,0,0,55,1,56,0,14,116,20,150,56,19,75,225
11/04/2006,SPI,IL,AGL,CE,Combined TRACON& Tower with Radar,0,8,30,27,65,0,0,23,4,27,0,8,53,31,92,31,24,55,147
11/05/2006,SPI,IL,AGL,CE,Combined TRACON& Tower with Radar,0,14,20,11,45,0,0,24,3,27,0,14,44,14,72,29,9,38,110
11/06/2006,SPI,IL,AGL,CE,Combined TRACON& Tower with Radar,0,14,44,14,72,0,2,11,0,13,0,16,55,14,85,0,25,25,110
11/07/2006,SPI,IL,AGL,CE,Combined TRACON& Tower with Radar,0,11,37,9,57,0,0,6,0,6,0,11,43,9,63,20,0,20,83
11/08/2006,SPI,IL,AGL,CE,Combined TRACON& Tower with Radar,0,14,55,12,81,0,0,35,3,38,0,14,90,15,119,8,10,18,137
11/09/2006,SPI,IL,AGL,CE,Combined TRACON& Tower with Radar,0,17,48,4,69,0,0,42,1,43,0,17,90,5,112,75,1,76,188
11/10/2006,SPI,IL,AGL,CE,Combined TRACON& Tower with Radar,0,11,35,0,46,0,0,0,0,0,0,11,35,0,46,0,0,0,46
11/11/2006,SPI,IL,AGL,CE,Combined TRACON& Tower with Radar,0,8,22,0,30,0,0,12,0,12,0,8,34,0,42,22,0,22,64
11/12/2006,SPI,IL,AGL,CE,Combined TRACON& Tower with Radar,0,10,29,0,39,0,0,40,0,40,0,10,69,0,79,53,0,53,132
11/13/2006,SPI,IL,AGL,CE,Combined TRACON& Tower with Radar,0,13,47,4,64,0,0,5,2,7,0,13,52,6,71,25,0,25,96
11/14/2006,SPI,IL,AGL,CE,Combined TRACON& Tower with Radar,0,15,61,8,84,0,1,0,0,1,0,16,61,8,85,0,0,0,85
11/15/2006,SPI,IL,AGL,CE,Combined TRACON& Tower with Radar,0,15,51,2,68,0,0,1,0,1,0,15,52,2,69,1,0,1,70
11/16/2006,SPI,IL,AGL,CE,Combined TRACON& Tower with Radar,0,12,54,13,79,0,1,8,3,12,0,13,62,16,91,9,27,36,127
11/17/2006,SPI,IL,AGL,CE,Combined TRACON& Tower with Radar,0,19,48,3,70,0,0,34,0,34,0,19,82,3,104,51,2,53,157
11/18/2006,SPI,IL,AGL,CE,Combined TRACON& Tower with Radar,0,6,26,2,34,0,0,8,0,8,0,6,34,2,42,12,0,12,54
11/19/2006,SPI,IL,AGL,CE,Combined TRACON& Tower with Radar,0,11,27,0,38,0,0,35,0,35,0,11,62,0,73,21,0,21,94
11/20/2006,SPI,IL,AGL,CE,Combined TRACON& Tower with Radar,0,18,48,5,71,0,1,34,6,41,0,19,82,11,112,42,13,55,167
11/21/2006,SPI,IL,AGL,CE,Combined TRACON& Tower with Radar,0,17,35,17,69,0,0,52,5,57,0,17,87,22,126,28,24,52,178
11/22/2006,SPI,IL,AGL,CE,Combined TRACON& Tower with Radar,0,18,25,4,47,0,2,54,0,56,0,20,79,4,103,49,7,56,159
11/23/2006,SPI,IL,AGL,CE,Combined TRACON& Tower with Radar,0,12,11,0,23,0,0,11,0,11,0,12,22,0,34,5,0,5,39
11/24/2006,SPI,IL,AGL,CE,Combined TRACON& Tower with Radar,0,11,19,0,30,0,0,51,0,51,0,11,70,0,81,51,0,51,132
11/25/2006,SPI,IL,AGL,CE,Combined TRACON& Tower with Radar,0,12,16,0,28,0,0,35,0,35,0,12,51,0,63,52,0,52,115
11/26/2006,SPI,IL,AGL,CE,Combined TRACON& Tower with Radar,2,12,29,0,43,0,0,28,0,28,2,12,57,0,71,50,0,50,121
11/27/2006,SPI,IL,AGL,CE,Combined TRACON& Tower with Radar,0,19,46,5,70,0,0,16,0,16,0,19,62,5,86,39,0,39,125
11/28/2006,SPI,IL,AGL,CE,Combined TRACON& Tower with Radar,0,18,45,6,69,0,0,15,0,15,0,18,60,6,84,11,3,14,98
11/29/2006,SPI,IL,AGL,CE,Combined TRACON& Tower with Radar,0,10,46,2,58,0,0,3,0,3,0,10,49,2,61,4,0,4,65
11/30/2006,SPI,IL,AGL,CE,Combined TRACON& Tower with Radar,0,10,19,0,29,0,0,1,0,1,0,10,20,0,30,0,0,0,30
12/01/2006,SPI,IL,AGL,CE,Combined TRACON& Tower with Radar,0,3,6,0,9,0,0,5,0,5,0,3,11,0,14,1,0,1,15
12/02/2006,SPI,IL,AGL,CE,Combined TRACON& Tower with Radar,2,10,25,0,37,0,0,29,0,29,2,10,54,0,66,6,0,6,72
12/03/2006,SPI,IL,AGL,CE,Combined TRACON& Tower with Radar,0,12,17,0,29,0,0,24,5,29,0,12,41,5,58,14,0,14,72
12/04/2006,SPI,IL,AGL,CE,Combined TRACON& Tower with Radar,0,21,39,13,73,0,0,8,6,14,0,21,47,19,87,2,8,10,97
12/05/2006,SPI,IL,AGL,CE,Combined TRACON& Tower with Radar,0,21,40,9,70,0,0,38,0,38,0,21,78,9,108,13,8,21,129
12/06/2006,SPI,IL,AGL,CE,Combined TRACON& Tower with Radar,0,24,32,8,64,0,0,21,4,25,0,24,53,12,89,17,0,17,106
12/07/2006,SPI,IL,AGL,CE,Combined TRACON& Tower with Radar,0,22,39,12,73,0,0,16,1,17,0,22,55,13,90,20,10,30,120
12/08/2006,SPI,IL,AGL,CE,Combined TRACON& Tower with Radar,0,19,37,2,58,0,0,24,2,26,0,19,61,4,84,11,0,11,95
12/09/2006,SPI,IL,AGL,CE,Combined TRACON& Tower with Radar,0,12,19,2,33,0,1,47,0,48,0,13,66,2,81,34,2,36,117
12/10/2006,SPI,IL,AGL,CE,Combined TRACON& Tower with Radar,0,16,21,0,37,0,0,23,0,23,0,16,44,0,60,29,0,29,89
12/11/2006,SPI,IL,AGL,CE,Combined TRACON& Tower with Radar,0,21,38,0,59,0,0,2,0,2,0,21,40,0,61,0,0,0,61
12/12/2006,SPI,IL,AGL,CE,Combined TRACON& Tower with Radar,0,29,27,7,63,0,0,3,0,3,0,29,30,7,66,0,4,4,70
12/13/2006,SPI,IL,AGL,CE,Combined TRACON& Tower with Radar,0,28,46,13,87,0,0,40,0,40,0,28,86,13,127,29,4,33,160
12/14/2006,SPI,IL,AGL,CE,Combined TRACON& Tower with Radar,0,26,33,22,81,0,1,25,2,28,0,27,58,24,109,14,22,36,145
12/15/2006,SPI,IL,AGL,CE,Combined TRACON& Tower with Radar,0,18,41,5,64,0,0,43,6,49,0,18,84,11,113,17,9,26,139
12/16/2006,SPI,IL,AGL,CE,Combined TRACON& Tower with Radar,0,20,24,1,45,0,1,8,0,9,0,21,32,1,54,12,0,12,66
12/17/2006,SPI,IL,AGL,CE,Combined TRACON& Tower with Radar,0,17,14,1,32,0,1,2,1,4,0,18,16,2,36,6,0,6,42
12/18/2006,SPI,IL,AGL,CE,Combined TRACON& Tower with Radar,1,25,24,7,57,0,0,20,1,21,1,25,44,8,78,18,9,27,105
12/19/2006,SPI,IL,AGL,CE,Combined TRACON& Tower with Radar,0,31,46,8,85,0,2,48,4,54,0,33,94,12,139,64,24,88,227
12/20/2006,SPI,IL,AGL,CE,Combined TRACON& Tower with Radar,0,23,37,17,77,0,0,9,0,9,0,23,46,17,86,6,3,9,95
12/21/2006,SPI,IL,AGL,CE,Combined TRACON& Tower with Radar,0,18,30,0,48,0,0,0,0,0,0,18,30,0,48,1,0,1,49
12/22/2006,SPI,IL,AGL,CE,Combined TRACON& Tower with Radar,0,22,27,2,51,0,0,19,0,19,0,22,46,2,70,19,0,19,89
12/23/2006,SPI,IL,AGL,CE,Combined TRACON& Tower with Radar,0,21,24,1,46,0,0,23,0,23,0,21,47,1,69,31,0,31,100
12/24/2006,SPI,IL,AGL,CE,Combined TRACON& Tower with Radar,0,22,14,0,36,0,4,23,0,27,0,26,37,0,63,16,0,16,79
12/25/2006,SPI,IL,AGL,CE,Combined TRACON& Tower with Radar,0,21,6,0,27,0,0,1,0,1,0,21,7,0,28,0,0,0,28
12/26/2006,SPI,IL,AGL,CE,Combined TRACON& Tower with Radar,0,24,10,0,34,0,0,34,0,34,0,24,44,0,68,55,0,55,123
12/27/2006,SPI,IL,AGL,CE,Combined TRACON& Tower with Radar,0,22,26,9,57,0,0,49,2,51,0,22,75,11,108,22,11,33,141
12/28/2006,SPI,IL,AGL,CE,Combined TRACON& Tower with Radar,0,21,21,4,46,0,0,26,0,26,0,21,47,4,72,84,6,90,162
12/29/2006,SPI,IL,AGL,CE,Combined TRACON& Tower with Radar,0,21,18,5,44,0,0,33,0,33,0,21,51,5,77,50,3,53,130
12/30/2006,SPI,IL,AGL,CE,Combined TRACON& Tower with Radar,0,15,15,0,30,0,0,9,0,9,0,15,24,0,39,31,0,31,70
12/31/2006,SPI,IL,AGL,CE,Combined TRACON& Tower with Radar,0,15,11,0,26,0,0,5,0,5,0,15,16,0,31,19,0,19,50
01/01/2007,SPI,IL,AGL,CE,Combined TRACON& Tower with Radar,0,16,6,0,22,0,0,4,0,4,0,16,10,0,26,0,0,0,26
01/02/2007,SPI,IL,AGL,CE,Combined TRACON& Tower with Radar,0,21,22,0,43,0,0,46,0,46,0,21,68,0,89,33,0,33,122
01/03/2007,SPI,IL,AGL,CE,Combined TRACON& Tower with Radar,0,21,19,3,43,0,0,46,2,48,0,21,65,5,91,13,9,22,113
01/04/2007,SPI,IL,AGL,CE,Combined TRACON& Tower with Radar,0,20,34,15,69,0,1,5,2,8,0,21,39,17,77,4,11,15,92
01/05/2007,SPI,IL,AGL,CE,Combined TRACON& Tower with Radar,0,23,34,10,67,0,0,0,0,0,0,23,34,10,67,26,2,28,95
01/06/2007,SPI,IL,AGL,CE,Combined TRACON& Tower with Radar,0,15,15,15,45,0,0,37,1,38,0,15,52,16,83,32,25,57,140
01/07/2007,SPI,IL,AGL,CE,Combined TRACON& Tower with Radar,0,18,48,19,85,0,0,16,1,17,0,18,64,20,102,17,22,39,141
01/08/2007,SPI,IL,AGL,CE,Combined TRACON& Tower with Radar,0,22,35,16,73,0,0,28,1,29,0,22,63,17,102,51,14,65,167
01/09/2007,SPI,IL,AGL,CE,Combined TRACON& Tower with Radar,0,22,32,13,67,0,0,21,0,21,0,22,53,13,88,42,25,67,155
01/10/2007,SPI,IL,AGL,CE,Combined TRACON& Tower with Radar,0,24,53,15,92,0,2,35,4,41,0,26,88,19,133,5,33,38,171
01/11/2007,SPI,IL,AGL,CE,Combined TRACON& Tower with Radar,0,22,44,16,82,0,0,18,0,18,0,22,62,16,100,14,11,25,125
01/12/2007,SPI,IL,AGL,CE,Combined TRACON& Tower with Radar,0,21,25,0,46,0,0,0,0,0,0,21,25,0,46,1,0,1,47
01/13/2007,SPI,IL,AGL,CE,Combined TRACON& Tower with Radar,0,8,4,0,12,0,0,0,0,0,0,8,4,0,12,0,0,0,12
01/14/2007,SPI,IL,AGL,CE,Combined TRACON& Tower with Radar,0,16,7,0,23,0,0,0,0,0,0,16,7,0,23,0,0,0,23
01/15/2007,SPI,IL,AGL,CE,Combined TRACON& Tower with Radar,0,17,10,0,27,0,0,0,0,0,0,17,10,0,27,0,0,0,27
01/16/2007,SPI,IL,AGL,CE,Combined TRACON& Tower with Radar,0,22,48,7,77,0,0,8,0,8,0,22,56,7,85,17,4,21,106
01/17/2007,SPI,IL,AGL,CE,Combined TRACON& Tower with Radar,0,20,38,11,69,0,1,6,0,7,0,21,44,11,76,2,3,5,81
01/18/2007,SPI,IL,AGL,CE,Combined TRACON& Tower with Radar,0,21,46,12,79,0,0,8,2,10,0,21,54,14,89,16,2,18,107
01/19/2007,SPI,IL,AGL,CE,Combined TRACON& Tower with Radar,0,30,58,22,110,0,2,31,3,36,0,32,89,25,146,32,12,44,190
01/20/2007,SPI,IL,AGL,CE,Combined TRACON& Tower with Radar,2,15,22,23,62,0,4,54,0,58,2,19,76,23,120,78,24,102,222
01/21/2007,SPI,IL,AGL,CE,Combined TRACON& Tower with Radar,0,10,11,0,21,0,0,0,0,0,0,10,11,0,21,0,0,0,21
01/22/2007,SPI,IL,AGL,CE,Combined TRACON& Tower with Radar,0,23,32,8,63,0,0,10,2,12,0,23,42,10,75,20,3,23,98
01/23/2007,SPI,IL,AGL,CE,Combined TRACON& Tower with Radar,2,23,52,10,87,0,0,13,0,13,2,23,65,10,100,28,3,31,131
01/24/2007,SPI,IL,AGL,CE,Combined TRACON& Tower with Radar,0,26,44,6,76,0,5,6,0,11,0,31,50,6,87,3,5,8,95
01/25/2007,SPI,IL,AGL,CE,Combined TRACON& Tower with Radar,0,20,42,12,74,0,0,22,0,22,0,20,64,12,96,36,2,38,134
01/26/2007,SPI,IL,AGL,CE,Combined TRACON& Tower with Radar,0,26,38,2,66,0,3,29,0,32,0,29,67,2,98,3,0,3,101
01/27/2007,SPI,IL,AGL,CE,Combined TRACON& Tower with Radar,0,13,23,0,36,0,0,21,0,21,0,13,44,0,57,42,0,42,99
01/28/2007,SPI,IL,AGL,CE,Combined TRACON& Tower with Radar,0,11,13,2,26,0,0,3,0,3,0,11,16,2,29,1,0,1,30
01/29/2007,SPI,IL,AGL,CE,Combined TRACON& Tower with Radar,0,21,38,6,65,0,0,7,0,7,0,21,45,6,72,7,0,7,79
01/30/2007,SPI,IL,AGL,CE,Combined TRACON& Tower with Radar,0,23,31,13,67,0,0,9,0,9,0,23,40,13,76,16,8,24,100
01/31/2007,SPI,IL,AGL,CE,Combined TRACON& Tower with Radar,0,28,31,6,65,0,0,19,2,21,0,28,50,8,86,42,27,69,155
02/01/2007,SPI,IL,AGL,CE,Combined TRACON& Tower with Radar,0,16,46,8,70,0,0,1,0,1,0,16,47,8,71,57,3,60,131
02/02/2007,SPI,IL,AGL,CE,Combined TRACON& Tower with Radar,0,21,33,9,63,0,0,10,2,12,0,21,43,11,75,22,5,27,102
02/03/2007,SPI,IL,AGL,CE,Combined TRACON& Tower with Radar,0,17,16,8,41,0,0,6,1,7,0,17,22,9,48,0,7,7,55
02/04/2007,SPI,IL,AGL,CE,Combined TRACON& Tower with Radar,0,8,8,5,21,0,0,16,0,16,0,8,24,5,37,9,10,19,56
02/05/2007,SPI,IL,AGL,CE,Combined TRACON& Tower with Radar,0,22,34,5,61,0,0,13,0,13,0,22,47,5,74,50,0,50,124
02/06/2007,SPI,IL,AGL,CE,Combined TRACON& Tower with Radar,0,14,22,0,36,0,1,2,0,3,0,15,24,0,39,2,0,2,41
02/07/2007,SPI,IL,AGL,CE,Combined TRACON& Tower with Radar,0,22,34,0,56,0,0,28,0,28,0,22,62,0,84,22,0,22,106
02/08/2007,SPI,IL,AGL,CE,Combined TRACON& Tower with Radar,0,28,47,0,75,0,0,18,2,20,0,28,65,2,95,24,0,24,119
02/09/2007,SPI,IL,AGL,CE,Combined TRACON& Tower with Radar,0,34,64,10,108,0,0,37,0,37,0,34,101,10,145,13,3,16,161
02/10/2007,SPI,IL,AGL,CE,Combined TRACON& Tower with Radar,2,13,50,4,69,0,2,45,2,49,2,15,95,6,118,58,3,61,179
02/11/2007,SPI,IL,AGL,CE,Combined TRACON& Tower with Radar,0,13,27,0,40,0,1,29,0,30,0,14,56,0,70,58,0,58,128
02/12/2007,SPI,IL,AGL,CE,Combined TRACON& Tower with Radar,0,21,25,2,48,0,2,6,0,8,0,23,31,2,56,37,0,37,93
02/13/2007,SPI,IL,AGL,CE,Combined TRACON& Tower with Radar,0,0,1,0,1,0,0,0,0,0,0,0,1,0,1,0,0,0,1
02/14/2007,SPI,IL,AGL,CE,Combined TRACON& Tower with Radar,0,19,11,0,30,0,1,3,0,4,0,20,14,0,34,1,0,1,35
02/15/2007,SPI,IL,AGL,CE,Combined TRACON& Tower with Radar,0,28,42,2,72,0,0,21,2,23,0,28,63,4,95,33,0,33,128
02/16/2007,SPI,IL,AGL,CE,Combined TRACON& Tower with Radar,0,23,39,8,70,0,0,24,1,25,0,23,63,9,95,5,3,8,103
02/17/2007,SPI,IL,AGL,CE,Combined TRACON& Tower with Radar,0,18,12,0,30,0,0,1,0,1,0,18,13,0,31,1,0,1,32
02/18/2007,SPI,IL,AGL,CE,Combined TRACON& Tower with Radar,0,16,21,0,37,0,2,25,0,27,0,18,46,0,64,9,0,9,73
02/19/2007,SPI,IL,AGL,CE,Combined TRACON& Tower with Radar,0,24,22,2,48,0,0,13,0,13,0,24,35,2,61,0,0,0,61
02/20/2007,SPI,IL,AGL,CE,Combined TRACON& Tower with Radar,0,27,40,6,73,0,0,14,0,14,0,27,54,6,87,32,6,38,125
02/21/2007,SPI,IL,AGL,CE,Combined TRACON& Tower with Radar,0,31,71,14,116,0,0,38,1,39,0,31,109,15,155,26,13,39,194
02/22/2007,SPI,IL,AGL,CE,Combined TRACON& Tower with Radar,0,31,24,8,63,0,3,31,1,35,0,34,55,9,98,21,21,42,140
02/23/2007,SPI,IL,AGL,CE,Combined TRACON& Tower with Radar,0,34,32,9,75,0,7,9,2,18,0,41,41,11,93,30,14,44,137
02/24/2007,SPI,IL,AGL,CE,Combined TRACON& Tower with Radar,0,16,14,0,30,0,0,1,0,1,0,16,15,0,31,1,0,1,32
02/25/2007,SPI,IL,AGL,CE,Combined TRACON& Tower with Radar,0,13,7,0,20,0,0,0,0,0,0,13,7,0,20,0,0,0,20
02/26/2007,SPI,IL,AGL,CE,Combined TRACON& Tower with Radar,0,30,23,3,56,0,2,15,0,17,0,32,38,3,73,2,2,4,77
02/27/2007,SPI,IL,AGL,CE,Combined TRACON& Tower with Radar,0,34,34,14,82,0,5,27,5,37,0,39,61,19,119,73,9,82,201
02/28/2007,SPI,IL,AGL,CE,Combined TRACON& Tower with Radar,0,24,28,6,58,0,1,8,1,10,0,25,36,7,68,4,3,7,75
03/01/2007,SPI,IL,AGL,CE,Combined TRACON& Tower with Radar,0,25,22,0,47,0,0,0,0,0,0,25,22,0,47,0,0,0,47
03/02/2007,SPI,IL,AGL,CE,Combined TRACON& Tower with Radar,0,34,19,8,61,0,0,1,2,3,0,34,20,10,64,0,9,9,73
03/03/2007,SPI,IL,AGL,CE,Combined TRACON& Tower with Radar,0,8,16,14,38,0,0,0,0,0,0,8,16,14,38,12,12,24,62
03/04/2007,SPI,IL,AGL,CE,Combined TRACON& Tower with Radar,0,15,27,0,42,0,0,34,0,34,0,15,61,0,76,36,0,36,112
03/05/2007,SPI,IL,AGL,CE,Combined TRACON& Tower with Radar,0,38,44,11,93,0,3,42,1,46,0,41,86,12,139,51,9,60,199
03/06/2007,SPI,IL,AGL,CE,Combined TRACON& Tower with Radar,0,41,47,13,101,0,6,52,0,58,0,47,99,13,159,27,14,41,200
03/07/2007,SPI,IL,AGL,CE,Combined TRACON& Tower with Radar,0,40,39,9,88,0,8,35,2,45,0,48,74,11,133,34,14,48,181
03/08/2007,SPI,IL,AGL,CE,Combined TRACON& Tower with Radar,0,34,43,13,90,0,8,54,0,62,0,42,97,13,152,66,11,77,229
03/09/2007,SPI,IL,AGL,CE,Combined TRACON& Tower with Radar,0,29,16,2,47,0,3,19,0,22,0,32,35,2,69,5,2,7,76
03/10/2007,SPI,IL,AGL,CE,Combined TRACON& Tower with Radar,0,17,30,3,50,0,1,55,0,56,0,18,85,3,106,66,1,67,173
03/11/2007,SPI,IL,AGL,CE,Combined TRACON& Tower with Radar,0,13,21,0,34,0,0,61,0,61,0,13,82,0,95,82,0,82,177
03/12/2007,SPI,IL,AGL,CE,Combined TRACON& Tower with Radar,0,31,49,2,82,0,3,38,2,43,0,34,87,4,125,74,0,74,199
03/13/2007,SPI,IL,AGL,CE,Combined TRACON& Tower with Radar,0,36,44,8,88,0,10,51,3,64,0,46,95,11,152,43,17,60,212
03/14/2007,SPI,IL,AGL,CE,Combined TRACON& Tower with Radar,0,23,33,9,65,0,6,25,2,33,0,29,58,11,98,34,19,53,151
03/15/2007,SPI,IL,AGL,CE,Combined TRACON& Tower with Radar,0,32,32,6,70,0,5,24,2,31,0,37,56,8,101,17,8,25,126
03/16/2007,SPI,IL,AGL,CE,Combined TRACON& Tower with Radar,0,25,23,9,57,0,4,22,1,27,0,29,45,10,84,39,8,47,131
03/17/2007,SPI,IL,AGL,CE,Combined TRACON& Tower with Radar,0,15,20,0,35,0,0,34,0,34,0,15,54,0,69,38,0,38,107
03/18/2007,SPI,IL,AGL,CE,Combined TRACON& Tower with Radar,0,12,18,0,30,0,0,33,0,33,0,12,51,0,63,22,0,22,85
03/19/2007,SPI,IL,AGL,CE,Combined TRACON& Tower with Radar,0,27,30,12,69,0,0,11,2,13,0,27,41,14,82,0,25,25,107
03/20/2007,SPI,IL,AGL,CE,Combined TRACON& Tower with Radar,0,30,27,8,65,0,9,35,0,44,0,39,62,8,109,36,5,41,150
03/21/2007,SPI,IL,AGL,CE,Combined TRACON& Tower with Radar,0,23,38,7,68,0,2,13,0,15,0,25,51,7,83,6,12,18,101
03/22/2007,SPI,IL,AGL,CE,Combined TRACON& Tower with Radar,0,30,37,8,75,0,1,14,0,15,0,31,51,8,90,50,3,53,143
03/23/2007,SPI,IL,AGL,CE,Combined TRACON& Tower with Radar,0,24,36,1,61,0,2,1,0,3,0,26,37,1,64,11,0,11,75
03/24/2007,SPI,IL,AGL,CE,Combined TRACON& Tower with Radar,0,18,26,1,45,0,1,21,0,22,0,19,47,1,67,31,0,31,98
03/25/2007,SPI,IL,AGL,CE,Combined TRACON& Tower with Radar,0,12,28,0,40,0,15,24,0,39,0,27,52,0,79,51,0,51,130
03/26/2007,SPI,IL,AGL,CE,Combined TRACON& Tower with Radar,0,27,27,3,57,0,3,35,1,39,0,30,62,4,96,0,3,3,99
03/27/2007,SPI,IL,AGL,CE,Combined TRACON& Tower with Radar,0,29,35,8,72,0,4,16,2,22,0,33,51,10,94,58,9,67,161
03/28/2007,SPI,IL,AGL,CE,Combined TRACON& Tower with Radar,2,27,43,6,78,0,2,12,0,14,2,29,55,6,92,6,3,9,101
03/29/2007,SPI,IL,AGL,CE,Combined TRACON& Tower with Radar,0,28,44,5,77,0,1,5,0,6,0,29,49,5,83,35,11,46,129
03/30/2007,SPI,IL,AGL,CE,Combined TRACON& Tower with Radar,0,26,30,1,57,0,0,2,0,2,0,26,32,1,59,0,0,0,59
03/31/2007,SPI,IL,AGL,CE,Combined TRACON& Tower with Radar,2,11,25,0,38,0,0,2,0,2,2,11,27,0,40,15,0,15,55
04/01/2007,SPI,IL,AGL,CE,Combined TRACON& Tower with Radar,0,12,18,0,30,0,0,11,0,11,0,12,29,0,41,6,0,6,47
04/02/2007,SPI,IL,AGL,CE,Combined TRACON& Tower with Radar,0,28,63,9,100,0,9,59,2,70,0,37,122,11,170,73,14,87,257
04/03/2007,SPI,IL,AGL,CE,Combined TRACON& Tower with Radar,2,23,22,3,50,0,3,4,1,8,2,26,26,4,58,0,3,3,61
04/04/2007,SPI,IL,AGL,CE,Combined TRACON& Tower with Radar,0,24,23,1,48,0,4,10,0,14,0,28,33,1,62,10,0,10,72
04/05/2007,SPI,IL,AGL,CE,Combined TRACON& Tower with Radar,0,26,38,5,69,0,8,22,1,31,0,34,60,6,100,5,2,7,107
04/06/2007,SPI,IL,AGL,CE,Combined TRACON& Tower with Radar,0,13,47,1,61,0,2,24,1,27,0,15,71,2,88,12,0,12,100
04/07/2007,SPI,IL,AGL,CE,Combined TRACON& Tower with Radar,0,9,13,0,22,0,0,31,0,31,0,9,44,0,53,26,0,26,79
04/08/2007,SPI,IL,AGL,CE,Combined TRACON& Tower with Radar,0,12,17,0,29,0,1,30,0,31,0,13,47,0,60,75,0,75,135
04/09/2007,SPI,IL,AGL,CE,Combined TRACON& Tower with Radar,0,23,34,0,57,0,0,40,0,40,0,23,74,0,97,16,0,16,113
04/10/2007,SPI,IL,AGL,CE,Combined TRACON& Tower with Radar,0,31,31,9,71,0,3,26,3,32,0,34,57,12,103,26,25,51,154
04/11/2007,SPI,IL,AGL,CE,Combined TRACON& Tower with Radar,0,19,14,2,35,0,0,0,0,0,0,19,14,2,35,1,0,1,36
04/12/2007,SPI,IL,AGL,CE,Combined TRACON& Tower with Radar,0,25,27,11,63,0,2,5,1,8,0,27,32,12,71,11,8,19,90
04/13/2007,SPI,IL,AGL,CE,Combined TRACON& Tower with Radar,0,26,29,9,64,0,6,57,1,64,0,32,86,10,128,22,20,42,170
04/14/2007,SPI,IL,AGL,CE,Combined TRACON& Tower with Radar,0,16,12,0,28,0,0,1,0,1,0,16,13,0,29,3,0,3,32
04/15/2007,SPI,IL,AGL,CE,Combined TRACON& Tower with Radar,0,11,42,15,68,0,0,57,1,58,0,11,99,16,126,44,19,63,189
04/16/2007,SPI,IL,AGL,CE,Combined TRACON& Tower with Radar,0,29,45,25,99,0,11,54,2,67,0,40,99,27,166,28,22,50,216
04/17/2007,SPI,IL,AGL,CE,Combined TRACON& Tower with Radar,0,30,33,11,74,0,5,38,1,44,0,35,71,12,118,59,8,67,185
04/18/2007,SPI,IL,AGL,CE,Combined TRACON& Tower with Radar,0,28,53,4,85,0,9,41,6,56,0,37,94,10,141,41,4,45,186
04/19/2007,SPI,IL,AGL,CE,Combined TRACON& Tower with Radar,0,34,39,6,79,0,3,37,0,40,0,37,76,6,119,21,3,24,143
04/20/2007,SPI,IL,AGL,CE,Combined TRACON& Tower with Radar,0,30,61,0,91,0,4,43,2,49,0,34,104,2,140,27,0,27,167
04/21/2007,SPI,IL,AGL,CE,Combined TRACON& Tower with Radar,0,17,39,1,57,0,3,68,0,71,0,20,107,1,128,28,0,28,156
04/22/2007,SPI,IL,AGL,CE,Combined TRACON& Tower with Radar,0,12,13,0,25,0,0,15,0,15,0,12,28,0,40,6,0,6,46
04/23/2007,SPI,IL,AGL,CE,Combined TRACON& Tower with Radar,0,32,51,7,90,0,9,11,1,21,0,41,62,8,111,28,9,37,148
04/24/2007,SPI,IL,AGL,CE,Combined TRACON& Tower with Radar,0,29,37,11,77,0,3,27,2,32,0,32,64,13,109,7,16,23,132
04/25/2007,SPI,IL,AGL,CE,Combined TRACON& Tower with Radar,0,23,36,0,59,0,0,0,0,0,0,23,36,0,59,0,0,0,59
04/26/2007,SPI,IL,AGL,CE,Combined TRACON& Tower with Radar,0,20,57,14,91,0,0,3,2,5,0,20,60,16,96,7,14,21,117
04/27/2007,SPI,IL,AGL,CE,Combined TRACON& Tower with Radar,0,23,60,24,107,0,1,34,3,38,0,24,94,27,145,14,13,27,172
04/28/2007,SPI,IL,AGL,CE,Combined TRACON& Tower with Radar,0,12,30,2,44,0,0,41,0,41,0,12,71,2,85,24,4,28,113
04/29/2007,SPI,IL,AGL,CE,Combined TRACON& Tower with Radar,0,20,23,10,53,0,0,48,1,49,0,20,71,11,102,26,5,31,133
04/30/2007,SPI,IL,AGL,CE,Combined TRACON& Tower with Radar,0,28,31,7,66,0,3,18,1,22,0,31,49,8,88,7,9,16,104
05/01/2007,SPI,IL,AGL,CE,Combined TRACON& Tower with Radar,0,34,33,4,71,0,10,13,0,23,0,44,46,4,94,27,5,32,126
05/02/2007,SPI,IL,AGL,CE,Combined TRACON& Tower with Radar,0,30,39,13,82,0,5,18,0,23,0,35,57,13,105,29,5,34,139
05/03/2007,SPI,IL,AGL,CE,Combined TRACON& Tower with Radar,0,31,42,6,79,0,1,1,0,2,0,32,43,6,81,11,0,11,92
05/04/2007,SPI,IL,AGL,CE,Combined TRACON& Tower with Radar,0,22,27,3,52,0,1,3,3,7,0,23,30,6,59,10,0,10,69
05/05/2007,SPI,IL,AGL,CE,Combined TRACON& Tower with Radar,0,17,22,9,48,0,0,6,1,7,0,17,28,10,55,24,5,29,84
05/06/2007,SPI,IL,AGL,CE,Combined TRACON& Tower with Radar,0,21,20,6,47,0,1,15,0,16,0,22,35,6,63,58,8,66,129
05/07/2007,SPI,IL,AGL,CE,Combined TRACON& Tower with Radar,0,27,32,20,79,0,4,25,2,31,0,31,57,22,110,10,7,17,127
05/08/2007,SPI,IL,AGL,CE,Combined TRACON& Tower with Radar,0,35,26,17,78,0,9,30,1,40,0,44,56,18,118,92,15,107,225
05/09/2007,SPI,IL,AGL,CE,Combined TRACON& Tower with Radar,0,30,32,4,66,0,4,48,6,58,0,34,80,10,124,26,0,26,150
05/10/2007,SPI,IL,AGL,CE,Combined TRACON& Tower with Radar,0,30,20,3,53,0,2,37,0,39,0,32,57,3,92,22,3,25,117
05/11/2007,SPI,IL,AGL,CE,Combined TRACON& Tower with Radar,0,26,32,2,60,0,8,28,2,38,0,34,60,4,98,24,0,24,122
05/12/2007,SPI,IL,AGL,CE,Combined TRACON& Tower with Radar,0,13,15,11,39,0,1,46,3,50,0,14,61,14,89,38,0,38,127
05/13/2007,SPI,IL,AGL,CE,Combined TRACON& Tower with Radar,0,17,10,2,29,0,0,30,0,30,0,17,40,2,59,34,0,34,93
05/14/2007,SPI,IL,AGL,CE,Combined TRACON& Tower with Radar,0,32,40,3,75,0,9,40,0,49,0,41,80,3,124,32,14,46,170
05/15/2007,SPI,IL,AGL,CE,Combined TRACON& Tower with Radar,2,24,29,6,61,0,1,4,0,5,2,25,33,6,66,2,20,22,88
05/16/2007,SPI,IL,AGL,CE,Combined TRACON& Tower with Radar,0,35,47,13,95,0,1,36,3,40,0,36,83,16,135,22,22,44,179
05/17/2007,SPI,IL,AGL,CE,Combined TRACON& Tower with Radar,0,36,41,9,86,0,2,33,1,36,0,38,74,10,122,46,18,64,186
05/18/2007,SPI,IL,AGL,CE,Combined TRACON& Tower with Radar,0,29,36,14,79,0,2,57,1,60,0,31,93,15,139,32,28,60,199
05/19/2007,SPI,IL,AGL,CE,Combined TRACON& Tower with Radar,0,12,23,2,37,0,7,52,0,59,0,19,75,2,96,42,0,42,138
05/20/2007,SPI,IL,AGL,CE,Combined TRACON& Tower with Radar,2,16,32,0,50,0,0,55,0,55,2,16,87,0,105,16,0,16,121
05/21/2007,SPI,IL,AGL,CE,Combined TRACON& Tower with Radar,0,26,36,6,68,0,4,45,4,53,0,30,81,10,121,34,11,45,166
05/22/2007,SPI,IL,AGL,CE,Combined TRACON& Tower with Radar,0,46,26,12,84,0,4,22,2,28,0,50,48,14,112,14,20,34,146
05/23/2007,SPI,IL,AGL,CE,Combined TRACON& Tower with Radar,0,21,43,7,71,0,1,16,7,24,0,22,59,14,95,1,16,17,112
05/24/2007,SPI,IL,AGL,CE,Combined TRACON& Tower with Radar,1,31,34,3,69,0,3,9,7,19,1,34,43,10,88,31,1,32,120
05/25/2007,SPI,IL,AGL,CE,Combined TRACON& Tower with Radar,0,33,42,0,75,0,3,20,0,23,0,36,62,0,98,20,0,20,118
05/26/2007,SPI,IL,AGL,CE,Combined TRACON& Tower with Radar,0,13,18,0,31,0,0,11,0,11,0,13,29,0,42,5,0,5,47
05/27/2007,SPI,IL,AGL,CE,Combined TRACON& Tower with Radar,0,12,18,0,30,0,0,7,0,7,0,12,25,0,37,37,0,37,74
05/28/2007,SPI,IL,AGL,CE,Combined TRACON& Tower with Radar,0,31,28,0,59,0,1,17,0,18,0,32,45,0,77,16,0,16,93
05/29/2007,SPI,IL,AGL,CE,Combined TRACON& Tower with Radar,0,31,44,2,77,0,5,29,5,39,0,36,73,7,116,14,3,17,133
05/30/2007,SPI,IL,AGL,CE,Combined TRACON& Tower with Radar,0,34,42,7,83,0,9,19,0,28,0,43,61,7,111,25,3,28,139
05/31/2007,SPI,IL,AGL,CE,Combined TRACON& Tower with Radar,0,29,36,7,72,0,1,12,2,15,0,30,48,9,87,35,3,38,125
06/01/2007,SPI,IL,AGL,CE,Combined TRACON& Tower with Radar,6,32,34,9,81,0,0,19,4,23,6,32,53,13,104,55,17,72,176
06/02/2007,SPI,IL,AGL,CE,Combined TRACON& Tower with Radar,0,16,28,12,56,0,10,66,0,76,0,26,94,12,132,46,15,61,193
06/03/2007,SPI,IL,AGL,CE,Combined TRACON& Tower with Radar,0,13,25,1,39,0,0,42,0,42,0,13,67,1,81,37,0,37,118
06/04/2007,SPI,IL,AGL,CE,Combined TRACON& Tower with Radar,0,19,40,19,78,0,0,21,2,23,0,19,61,21,101,42,12,54,155
06/05/2007,SPI,IL,AGL,CE,Combined TRACON& Tower with Radar,0,33,48,11,92,0,12,46,1,59,0,45,94,12,151,28,12,40,191
06/06/2007,SPI,IL,AGL,CE,Combined TRACON& Tower with Radar,0,32,39,11,82,0,14,42,1,57,0,46,81,12,139,39,12,51,190
06/07/2007,SPI,IL,AGL,CE,Combined TRACON& Tower with Radar,4,33,28,9,74,0,4,15,1,20,4,37,43,10,94,1,14,15,109
06/08/2007,SPI,IL,AGL,CE,Combined TRACON& Tower with Radar,0,20,26,1,47,0,2,15,0,17,0,22,41,1,64,6,0,6,70
06/09/2007,SPI,IL,AGL,CE,Combined TRACON& Tower with Radar,0,13,32,3,48,0,7,63,1,71,0,20,95,4,119,99,17,116,235
06/10/2007,SPI,IL,AGL,CE,Combined TRACON& Tower with Radar,0,21,28,4,53,0,0,28,0,28,0,21,56,4,81,85,0,85,166
06/11/2007,SPI,IL,AGL,CE,Combined TRACON& Tower with Radar,0,20,32,6,58,0,3,22,3,28,0,23,54,9,86,28,10,38,124
06/12/2007,SPI,IL,AGL,CE,Combined TRACON& Tower with Radar,0,22,45,6,73,0,11,30,3,44,0,33,75,9,117,44,9,53,170
06/13/2007,SPI,IL,AGL,CE,Combined TRACON& Tower with Radar,0,18,53,7,78,0,9,39,1,49,0,27,92,8,127,79,12,91,218
06/14/2007,SPI,IL,AGL,CE,Combined TRACON& Tower with Radar,0,26,45,7,78,0,14,39,2,55,0,40,84,9,133,15,9,24,157
06/15/2007,SPI,IL,AGL,CE,Combined TRACON& Tower with Radar,0,25,40,12,77,0,8,48,1,57,0,33,88,13,134,34,10,44,178
06/16/2007,SPI,IL,AGL,CE,Combined TRACON& Tower with Radar,0,15,31,11,57,0,2,55,0,57,0,17,86,11,114,47,0,47,161
06/17/2007,SPI,IL,AGL,CE,Combined TRACON& Tower with Radar,0,10,26,1,37,0,1,59,0,60,0,11,85,1,97,19,0,19,116
06/18/2007,SPI,IL,AGL,CE,Combined TRACON& Tower with Radar,0,17,30,23,70,0,0,13,3,16,0,17,43,26,86,23,18,41,127
06/19/2007,SPI,IL,AGL,CE,Combined TRACON& Tower with Radar,0,22,39,7,68,0,2,28,2,32,0,24,67,9,100,13,11,24,124
06/20/2007,SPI,IL,AGL,CE,Combined TRACON& Tower with Radar,0,23,40,12,75,0,12,50,1,63,0,35,90,13,138,93,28,121,259
06/21/2007,SPI,IL,AGL,CE,Combined TRACON& Tower with Radar,0,23,48,8,79,0,5,55,1,61,0,28,103,9,140,48,10,58,198
06/22/2007,SPI,IL,AGL,CE,Combined TRACON& Tower with Radar,0,17,30,0,47,0,2,15,0,17,0,19,45,0,64,43,0,43,107
06/23/2007,SPI,IL,AGL,CE,Combined TRACON& Tower with Radar,0,13,14,2,29,0,1,13,0,14,0,14,27,2,43,20,0,20,63
06/24/2007,SPI,IL,AGL,CE,Combined TRACON& Tower with Radar,0,8,38,4,50,0,0,5,0,5,0,8,43,4,55,9,0,9,64
06/25/2007,SPI,IL,AGL,CE,Combined TRACON& Tower with Radar,0,14,41,4,59,0,4,21,0,25,0,18,62,4,84,69,3,72,156
06/26/2007,SPI,IL,AGL,CE,Combined TRACON& Tower with Radar,0,21,47,5,73,0,7,22,2,31,0,28,69,7,104,17,13,30,134
06/27/2007,SPI,IL,AGL,CE,Combined TRACON& Tower with Radar,0,22,53,12,87,0,0,22,2,24,0,22,75,14,111,10,18,28,139
06/28/2007,SPI,IL,AGL,CE,Combined TRACON& Tower with Radar,0,20,36,0,56,0,0,6,0,6,0,20,42,0,62,4,0,4,66
06/29/2007,SPI,IL,AGL,CE,Combined TRACON& Tower with Radar,0,26,39,10,75,0,7,34,0,41,0,33,73,10,116,33,0,33,149
06/30/2007,SPI,IL,AGL,CE,Combined TRACON& Tower with Radar,0,13,20,11,44,0,0,51,0,51,0,13,71,11,95,50,8,58,153
07/01/2007,SPI,IL,AGL,CE,Combined TRACON& Tower with Radar,0,10,28,0,38,0,0,38,0,38,0,10,66,0,76,42,0,42,118
07/02/2007,SPI,IL,AGL,CE,Combined TRACON& Tower with Radar,0,17,33,3,53,0,5,33,3,41,0,22,66,6,94,2,0,2,96
07/03/2007,SPI,IL,AGL,CE,Combined TRACON& Tower with Radar,0,16,27,10,53,0,5,55,1,61,0,21,82,11,114,44,31,75,189
07/04/2007,SPI,IL,AGL,CE,Combined TRACON& Tower with Radar,0,9,7,0,16,0,1,14,0,15,0,10,21,0,31,10,0,10,41
07/05/2007,SPI,IL,AGL,CE,Combined TRACON& Tower with Radar,0,21,28,9,58,0,3,33,0,36,0,24,61,9,94,57,7,64,158
07/06/2007,SPI,IL,AGL,CE,Combined TRACON& Tower with Radar,0,20,26,0,46,0,4,29,0,33,0,24,55,0,79,33,0,33,112
07/07/2007,SPI,IL,AGL,CE,Combined TRACON& Tower with Radar,0,13,29,1,43,0,0,37,0,37,0,13,66,1,80,64,0,64,144
07/08/2007,SPI,IL,AGL,CE,Combined TRACON& Tower with Radar,0,14,24,1,39,0,4,25,0,29,0,18,49,1,68,55,0,55,123
07/09/2007,SPI,IL,AGL,CE,Combined TRACON& Tower with Radar,0,17,36,6,59,0,5,22,0,27,0,22,58,6,86,31,5,36,122
07/10/2007,SPI,IL,AGL,CE,Combined TRACON& Tower with Radar,0,19,31,5,55,0,6,21,2,29,0,25,52,7,84,78,6,84,168
07/11/2007,SPI,IL,AGL,CE,Combined TRACON& Tower with Radar,0,20,53,6,79,0,5,36,1,42,0,25,89,7,121,31,4,35,156
07/12/2007,SPI,IL,AGL,CE,Combined TRACON& Tower with Radar,0,23,53,8,84,0,6,41,0,47,0,29,94,8,131,34,9,43,174
07/13/2007,SPI,IL,AGL,CE,Combined TRACON& Tower with Radar,0,19,40,0,59,0,1,48,2,51,0,20,88,2,110,38,0,38,148
07/14/2007,SPI,IL,AGL,CE,Combined TRACON& Tower with Radar,0,21,28,4,53,0,1,39,0,40,0,22,67,4,93,7,1,8,101
07/15/2007,SPI,IL,AGL,CE,Combined TRACON& Tower with Radar,0,8,17,5,30,0,0,38,0,38,0,8,55,5,68,56,1,57,125
07/16/2007,SPI,IL,AGL,CE,Combined TRACON& Tower with Radar,0,24,31,5,60,0,3,31,0,34,0,27,62,5,94,57,3,60,154
07/17/2007,SPI,IL,AGL,CE,Combined TRACON& Tower with Radar,0,18,30,7,55,0,0,10,0,10,0,18,40,7,65,34,2,36,101
07/18/2007,SPI,IL,AGL,CE,Combined TRACON& Tower with Radar,0,17,39,14,70,0,4,34,2,40,0,21,73,16,110,68,5,73,183
07/19/2007,SPI,IL,AGL,CE,Combined TRACON& Tower with Radar,0,23,12,10,45,0,2,30,1,33,0,25,42,11,78,40,5,45,123
07/20/2007,SPI,IL,AGL,CE,Combined TRACON& Tower with Radar,0,23,32,8,63,0,6,75,4,85,0,29,107,12,148,60,14,74,222
07/21/2007,SPI,IL,AGL,CE,Combined TRACON& Tower with Radar,0,9,35,0,44,0,2,69,0,71,0,11,104,0,115,50,0,50,165
07/22/2007,SPI,IL,AGL,CE,Combined TRACON& Tower with Radar,0,8,29,0,37,0,0,49,0,49,0,8,78,0,86,39,0,39,125
07/23/2007,SPI,IL,AGL,CE,Combined TRACON& Tower with Radar,0,19,34,10,63,0,5,34,1,40,0,24,68,11,103,88,4,92,195
07/24/2007,SPI,IL,AGL,CE,Combined TRACON& Tower with Radar,0,24,42,12,78,0,6,62,1,69,0,30,104,13,147,56,22,78,225
07/25/2007,SPI,IL,AGL,CE,Combined TRACON& Tower with Radar,0,26,44,10,80,0,12,57,1,70,0,38,101,11,150,73,14,87,237
07/26/2007,SPI,IL,AGL,CE,Combined TRACON& Tower with Radar,0,17,36,10,63,0,0,41,0,41,0,17,77,10,104,5,22,27,131
07/27/2007,SPI,IL,AGL,CE,Combined TRACON& Tower with Radar,0,27,53,3,83,0,0,11,2,13,0,27,64,5,96,39,0,39,135
07/28/2007,SPI,IL,AGL,CE,Combined TRACON& Tower with Radar,0,18,42,1,61,0,0,15,0,15,0,18,57,1,76,28,1,29,105
07/29/2007,SPI,IL,AGL,CE,Combined TRACON& Tower with Radar,0,10,28,0,38,0,2,36,0,38,0,12,64,0,76,28,0,28,104
07/30/2007,SPI,IL,AGL,CE,Combined TRACON& Tower with Radar,0,25,28,3,56,0,5,45,1,51,0,30,73,4,107,28,0,28,135
07/31/2007,SPI,IL,AGL,CE,Combined TRACON& Tower with Radar,0,21,33,18,72,0,10,43,1,54,0,31,76,19,126,62,26,88,214
08/01/2007,SPI,IL,AGL,CE,Combined TRACON& Tower with Radar,0,18,37,2,57,0,3,44,2,49,0,21,81,4,106,17,16,33,139
08/02/2007,SPI,IL,AGL,CE,Combined TRACON& Tower with Radar,0,20,34,11,65,0,6,35,2,43,0,26,69,13,108,34,33,67,175
08/03/2007,SPI,IL,AGL,CE,Combined TRACON& Tower with Radar,0,18,36,12,66,0,6,25,2,33,0,24,61,14,99,9,6,15,114
08/04/2007,SPI,IL,AGL,CE,Combined TRACON& Tower with Radar,0,15,19,6,40,0,5,15,0,20,0,20,34,6,60,66,18,84,144
08/05/2007,SPI,IL,AGL,CE,Combined TRACON& Tower with Radar,0,12,22,11,45,0,3,29,1,33,0,15,51,12,78,54,16,70,148
08/06/2007,SPI,IL,AGL,CE,Combined TRACON& Tower with Radar,0,21,24,11,56,0,3,16,0,19,0,24,40,11,75,79,10,89,164
08/07/2007,SPI,IL,AGL,CE,Combined TRACON& Tower with Radar,0,18,33,7,58,0,2,20,2,24,0,20,53,9,82,12,10,22,104
08/08/2007,SPI,IL,AGL,CE,Combined TRACON& Tower with Radar,0,16,24,6,46,0,8,26,0,34,0,24,50,6,80,28,5,33,113
08/09/2007,SPI,IL,AGL,CE,Combined TRACON& Tower with Radar,0,25,35,8,68,1,4,21,0,26,1,29,56,8,94,47,6,53,147
08/10/2007,SPI,IL,AGL,CE,Combined TRACON& Tower with Radar,0,17,42,2,61,0,4,44,0,48,0,21,86,2,109,18,0,18,127
08/11/2007,SPI,IL,AGL,CE,Combined TRACON& Tower with Radar,0,9,35,2,46,0,3,44,0,47,0,12,79,2,93,32,0,32,125
08/12/2007,SPI,IL,AGL,CE,Combined TRACON& Tower with Radar,0,11,22,5,38,0,1,43,0,44,0,12,65,5,82,23,0,23,105
08/13/2007,SPI,IL,AGL,CE,Combined TRACON& Tower with Radar,0,19,33,4,56,0,5,31,1,37,0,24,64,5,93,26,4,30,123
08/14/2007,SPI,IL,AGL,CE,Combined TRACON& Tower with Radar,0,18,26,13,57,0,4,42,2,48,0,22,68,15,105,79,12,91,196
08/15/2007,SPI,IL,AGL,CE,Combined TRACON& Tower with Radar,0,20,46,5,71,0,5,25,1,31,0,25,71,6,102,85,11,96,198
08/16/2007,SPI,IL,AGL,CE,Combined TRACON& Tower with Radar,0,20,36,9,65,0,6,27,0,33,0,26,63,9,98,77,8,85,183
08/17/2007,SPI,IL,AGL,CE,Combined TRACON& Tower with Radar,2,20,36,12,70,0,5,29,2,36,2,25,65,14,106,75,7,82,188
08/18/2007,SPI,IL,AGL,CE,Combined TRACON& Tower with Radar,0,14,22,4,40,0,0,19,0,19,0,14,41,4,59,86,3,89,148
08/19/2007,SPI,IL,AGL,CE,Combined TRACON& Tower with Radar,0,6,34,5,45,0,0,9,0,9,0,6,43,5,54,20,25,45,99
08/20/2007,SPI,IL,AGL,CE,Combined TRACON& Tower with Radar,2,17,39,9,67,0,0,0,1,1,2,17,39,10,68,22,5,27,95
08/21/2007,SPI,IL,AGL,CE,Combined TRACON& Tower with Radar,0,14,49,9,72,0,1,31,9,41,0,15,80,18,113,42,21,63,176
08/22/2007,SPI,IL,AGL,CE,Combined TRACON& Tower with Radar,0,19,52,13,84,0,14,21,2,37,0,33,73,15,121,45,33,78,199
08/23/2007,SPI,IL,AGL,CE,Combined TRACON& Tower with Radar,0,15,49,9,73,0,5,27,3,35,0,20,76,12,108,41,21,62,170
08/24/2007,SPI,IL,AGL,CE,Combined TRACON& Tower with Radar,2,23,14,7,46,0,2,11,3,16,2,25,25,10,62,57,9,66,128
08/25/2007,SPI,IL,AGL,CE,Combined TRACON& Tower with Radar,0,17,18,1,36,0,0,23,0,23,0,17,41,1,59,23,0,23,82
08/26/2007,SPI,IL,AGL,CE,Combined TRACON& Tower with Radar,0,8,28,0,36,0,0,47,0,47,0,8,75,0,83,33,0,33,116
08/27/2007,SPI,IL,AGL,CE,Combined TRACON& Tower with Radar,3,17,28,7,55,0,1,36,0,37,3,18,64,7,92,34,0,34,126
08/28/2007,SPI,IL,AGL,CE,Combined TRACON& Tower with Radar,0,15,33,13,61,0,11,31,0,42,0,26,64,13,103,38,8,46,149
08/29/2007,SPI,IL,AGL,CE,Combined TRACON& Tower with Radar,0,20,29,7,56,0,2,30,1,33,0,22,59,8,89,32,4,36,125
08/30/2007,SPI,IL,AGL,CE,Combined TRACON& Tower with Radar,0,18,45,10,73,0,5,40,0,45,0,23,85,10,118,35,5,40,158
08/31/2007,SPI,IL,AGL,CE,Combined TRACON& Tower with Radar,1,19,18,2,40,0,9,48,0,57,1,28,66,2,97,14,0,14,111
09/01/2007,SPI,IL,AGL,CE,Combined TRACON& Tower with Radar,0,8,32,2,42,0,0,46,0,46,0,8,78,2,88,56,0,56,144
09/02/2007,SPI,IL,AGL,CE,Combined TRACON& Tower with Radar,0,13,15,0,28,0,0,36,0,36,0,13,51,0,64,57,0,57,121
09/03/2007,SPI,IL,AGL,CE,Combined TRACON& Tower with Radar,1,11,23,0,35,0,0,56,0,56,1,11,79,0,91,28,0,28,119
09/04/2007,SPI,IL,AGL,CE,Combined TRACON& Tower with Radar,0,24,25,10,59,0,3,34,2,39,0,27,59,12,98,2,10,12,110
09/05/2007,SPI,IL,AGL,CE,Combined TRACON& Tower with Radar,0,18,42,17,77,0,9,26,0,35,0,27,68,17,112,40,14,54,166
09/06/2007,SPI,IL,AGL,CE,Combined TRACON& Tower with Radar,0,19,43,16,78,0,1,16,0,17,0,20,59,16,95,43,6,49,144
09/07/2007,SPI,IL,AGL,CE,Combined TRACON& Tower with Radar,2,18,35,14,69,0,3,4,4,11,2,21,39,18,80,40,9,49,129
09/08/2007,SPI,IL,AGL,CE,Combined TRACON& Tower with Radar,0,7,28,22,57,0,3,16,2,21,0,10,44,24,78,54,5,59,137
09/09/2007,SPI,IL,AGL,CE,Combined TRACON& Tower with Radar,0,11,19,8,38,0,1,31,1,33,0,12,50,9,71,25,3,28,99
09/10/2007,SPI,IL,AGL,CE,Combined TRACON& Tower with Radar,2,17,35,17,71,0,2,26,2,30,2,19,61,19,101,61,19,80,181
09/11/2007,SPI,IL,AGL,CE,Combined TRACON& Tower with Radar,0,19,37,8,64,0,5,30,5,40,0,24,67,13,104,53,5,58,162
09/12/2007,SPI,IL,AGL,CE,Combined TRACON& Tower with Radar,0,16,34,10,60,0,12,33,5,50,0,28,67,15,110,44,14,58,168
09/13/2007,SPI,IL,AGL,CE,Combined TRACON& Tower with Radar,0,18,39,14,71,0,9,38,1,48,0,27,77,15,119,46,21,67,186
09/14/2007,SPI,IL,AGL,CE,Combined TRACON& Tower with Radar,2,19,30,13,64,0,11,24,1,36,2,30,54,14,100,7,1,8,108
09/15/2007,SPI,IL,AGL,CE,Combined TRACON& Tower with Radar,0,8,13,5,26,0,2,51,0,53,0,10,64,5,79,38,0,38,117
09/16/2007,SPI,IL,AGL,CE,Combined TRACON& Tower with Radar,0,11,21,6,38,0,0,49,0,49,0,11,70,6,87,56,0,56,143
09/17/2007,SPI,IL,AGL,CE,Combined TRACON& Tower with Radar,1,23,37,8,69,0,1,25,0,26,1,24,62,8,95,7,10,17,112
09/18/2007,SPI,IL,AGL,CE,Combined TRACON& Tower with Radar,0,21,31,18,70,0,0,19,1,20,0,21,50,19,90,13,36,49,139
09/19/2007,SPI,IL,AGL,CE,Combined TRACON& Tower with Radar,0,18,32,19,69,0,3,39,7,49,0,21,71,26,118,44,32,76,194
09/20/2007,SPI,IL,AGL,CE,Combined TRACON& Tower with Radar,0,22,43,23,88,0,9,20,0,29,0,31,63,23,117,37,5,42,159
09/21/2007,SPI,IL,AGL,CE,Combined TRACON& Tower with Radar,2,25,43,2,72,0,4,37,0,41,2,29,80,2,113,50,2,52,165
09/22/2007,SPI,IL,AGL,CE,Combined TRACON& Tower with Radar,0,8,33,0,41,0,0,44,0,44,0,8,77,0,85,35,0,35,120
09/23/2007,SPI,IL,AGL,CE,Combined TRACON& Tower with Radar,1,11,25,4,41,0,3,46,2,51,1,14,71,6,92,20,2,22,114
09/24/2007,SPI,IL,AGL,CE,Combined TRACON& Tower with Radar,2,26,28,1,57,0,4,31,0,35,2,30,59,1,92,32,0,32,124
09/25/2007,SPI,IL,AGL,CE,Combined TRACON& Tower with Radar,0,14,27,5,46,0,2,12,1,15,0,16,39,6,61,41,1,42,103
09/26/2007,SPI,IL,AGL,CE,Combined TRACON& Tower with Radar,0,18,40,3,61,0,6,21,2,29,0,24,61,5,90,29,0,29,119
09/27/2007,SPI,IL,AGL,CE,Combined TRACON& Tower with Radar,0,22,36,22,80,0,7,26,0,33,0,29,62,22,113,70,13,83,196
09/28/2007,SPI,IL,AGL,CE,Combined TRACON& Tower with Radar,1,18,41,1,61,0,5,44,0,49,1,23,85,1,110,23,1,24,134
09/29/2007,SPI,IL,AGL,CE,Combined TRACON& Tower with Radar,0,6,27,0,33,0,0,40,0,40,0,6,67,0,73,20,0,20,93
09/30/2007,SPI,IL,AGL,CE,Combined TRACON& Tower with Radar,0,9,27,1,37,0,3,29,0,32,0,12,56,1,69,31,0,31,100
10/01/2007,SPI,IL,AGL,CE,Combined TRACON& Tower with Radar,2,18,40,12,72,0,2,17,1,20,2,20,57,13,92,6,11,17,109
10/02/2007,SPI,IL,AGL,CE,Combined TRACON& Tower with Radar,0,22,21,11,54,0,6,19,0,25,0,28,40,11,79,31,10,41,120
10/03/2007,SPI,IL,AGL,CE,Combined TRACON& Tower with Radar,0,17,39,15,71,0,6,18,0,24,0,23,57,15,95,94,20,114,209
10/04/2007,SPI,IL,AGL,CE,Combined TRACON& Tower with Radar,0,24,42,12,78,0,11,28,1,40,0,35,70,13,118,33,5,38,156
10/05/2007,SPI,IL,AGL,CE,Combined TRACON& Tower with Radar,2,25,37,1,65,0,4,29,1,34,2,29,66,2,99,14,0,14,113
10/06/2007,SPI,IL,AGL,CE,Combined TRACON& Tower with Radar,0,11,11,0,22,0,6,36,0,42,0,17,47,0,64,48,0,48,112
10/07/2007,SPI,IL,AGL,CE,Combined TRACON& Tower with Radar,0,9,17,2,28,0,4,34,0,38,0,13,51,2,66,4,0,4,70
10/08/2007,SPI,IL,AGL,CE,Combined TRACON& Tower with Radar,3,10,29,0,42,0,4,10,0,14,3,14,39,0,56,40,0,40,96
10/09/2007,SPI,IL,AGL,CE,Combined TRACON& Tower with Radar,0,19,30,6,55,0,7,26,0,33,0,26,56,6,88,21,11,32,120
10/10/2007,SPI,IL,AGL,CE,Combined TRACON& Tower with Radar,0,30,47,10,87,0,3,23,0,26,0,33,70,10,113,15,1,16,129
10/11/2007,SPI,IL,AGL,CE,Combined TRACON& Tower with Radar,0,23,43,16,82,0,4,33,2,39,0,27,76,18,121,16,9,25,146
10/12/2007,SPI,IL,AGL,CE,Combined TRACON& Tower with Radar,4,22,38,15,79,0,4,35,5,44,4,26,73,20,123,21,13,34,157
10/13/2007,SPI,IL,AGL,CE,Combined TRACON& Tower with Radar,0,10,36,3,49,0,3,17,1,21,0,13,53,4,70,9,19,28,98
10/14/2007,SPI,IL,AGL,CE,Combined TRACON& Tower with Radar,0,14,25,9,48,0,0,27,0,27,0,14,52,9,75,45,7,52,127
10/15/2007,SPI,IL,AGL,CE,Combined TRACON& Tower with Radar,2,15,45,2,64,0,6,18,0,24,2,21,63,2,88,18,0,18,106
10/16/2007,SPI,IL,AGL,CE,Combined TRACON& Tower with Radar,0,23,53,2,78,0,1,21,0,22,0,24,74,2,100,58,24,82,182
10/17/2007,SPI,IL,AGL,CE,Combined TRACON& Tower with Radar,0,17,51,5,73,0,3,6,0,9,0,20,57,5,82,9,25,34,116
10/18/2007,SPI,IL,AGL,CE,Combined TRACON& Tower with Radar,0,15,29,0,44,0,0,5,0,5,0,15,34,0,49,6,0,6,55
10/19/2007,SPI,IL,AGL,CE,Combined TRACON& Tower with Radar,2,24,43,4,73,0,0,12,3,15,2,24,55,7,88,11,0,11,99
10/20/2007,SPI,IL,AGL,CE,Combined TRACON& Tower with Radar,0,8,23,0,31,0,3,25,0,28,0,11,48,0,59,55,0,55,114
10/21/2007,SPI,IL,AGL,CE,Combined TRACON& Tower with Radar,0,11,13,7,31,0,0,16,0,16,0,11,29,7,47,0,5,5,52
10/22/2007,SPI,IL,AGL,CE,Combined TRACON& Tower with Radar,1,21,33,4,59,0,8,11,0,19,1,29,44,4,78,10,3,13,91
10/23/2007,SPI,IL,AGL,CE,Combined TRACON& Tower with Radar,0,17,38,5,60,0,13,30,4,47,0,30,68,9,107,57,0,57,164
10/24/2007,SPI,IL,AGL,CE,Combined TRACON& Tower with Radar,0,23,41,3,67,0,5,22,0,27,0,28,63,3,94,37,27,64,158
10/25/2007,SPI,IL,AGL,CE,Combined TRACON& Tower with Radar,0,35,45,0,80,0,9,30,0,39,0,44,75,0,119,44,0,44,163
10/26/2007,SPI,IL,AGL,CE,Combined TRACON& Tower with Radar,2,24,30,5,61,0,0,2,0,2,2,24,32,5,63,14,4,18,81
10/27/2007,SPI,IL,AGL,CE,Combined TRACON& Tower with Radar,0,11,26,9,46,0,0,36,0,36,0,11,62,9,82,21,3,24,106
10/28/2007,SPI,IL,AGL,CE,Combined TRACON& Tower with Radar,0,10,24,3,37,0,2,43,0,45,0,12,67,3,82,76,1,77,159
10/29/2007,SPI,IL,AGL,CE,Combined TRACON& Tower with Radar,2,21,35,3,61,0,5,40,2,47,2,26,75,5,108,40,7,47,155
10/30/2007,SPI,IL,AGL,CE,Combined TRACON& Tower with Radar,0,15,22,5,42,0,11,36,1,48,0,26,58,6,90,40,10,50,140
10/31/2007,SPI,IL,AGL,CE,Combined TRACON& Tower with Radar,0,15,33,9,57,0,4,38,0,42,0,19,71,9,99,80,0,80,179
11/01/2007,SPI,IL,AGL,CE,Combined TRACON& Tower with Radar,0,22,47,7,76,0,3,51,1,55,0,25,98,8,131,38,20,58,189
11/02/2007,SPI,IL,AGL,CE,Combined TRACON& Tower with Radar,2,20,23,7,52,0,6,25,1,32,2,26,48,8,84,36,18,54,138
11/03/2007,SPI,IL,AGL,CE,Combined TRACON& Tower with Radar,0,13,26,9,48,0,4,41,2,47,0,17,67,11,95,13,12,25,120
11/04/2007,SPI,IL,AGL,CE,Combined TRACON& Tower with Radar,0,13,29,13,55,0,0,35,2,37,0,13,64,15,92,48,16,64,156
11/05/2007,SPI,IL,AGL,CE,Combined TRACON& Tower with Radar,1,25,22,15,63,0,1,6,2,9,1,26,28,17,72,32,11,43,115
11/06/2007,SPI,IL,AGL,CE,Combined TRACON& Tower with Radar,0,27,45,10,82,0,7,18,2,27,0,34,63,12,109,31,6,37,146
11/07/2007,SPI,IL,AGL,CE,Combined TRACON& Tower with Radar,0,38,29,12,79,0,7,43,2,52,0,45,72,14,131,31,7,38,169
11/08/2007,SPI,IL,AGL,CE,Combined TRACON& Tower with Radar,0,25,46,11,82,0,8,24,1,33,0,33,70,12,115,52,7,59,174
11/09/2007,SPI,IL,AGL,CE,Combined TRACON& Tower with Radar,1,23,42,2,68,0,5,33,1,39,1,28,75,3,107,44,2,46,153
11/10/2007,SPI,IL,AGL,CE,Combined TRACON& Tower with Radar,0,12,40,0,52,0,0,63,0,63,0,12,103,0,115,44,0,44,159
11/11/2007,SPI,IL,AGL,CE,Combined TRACON& Tower with Radar,0,15,29,0,44,0,1,15,0,16,0,16,44,0,60,30,0,30,90
11/12/2007,SPI,IL,AGL,CE,Combined TRACON& Tower with Radar,1,14,31,4,50,0,0,4,0,4,1,14,35,4,54,22,0,22,76
11/13/2007,SPI,IL,AGL,CE,Combined TRACON& Tower with Radar,0,29,54,4,87,0,2,21,1,24,0,31,75,5,111,23,11,34,145
11/14/2007,SPI,IL,AGL,CE,Combined TRACON& Tower with Radar,0,27,41,6,74,0,2,17,3,22,0,29,58,9,96,47,13,60,156
11/15/2007,SPI,IL,AGL,CE,Combined TRACON& Tower with Radar,0,24,61,13,98,0,0,16,4,20,0,24,77,17,118,12,7,19,137
11/16/2007,SPI,IL,AGL,CE,Combined TRACON& Tower with Radar,1,23,33,13,70,0,3,28,2,33,1,26,61,15,103,63,1,64,167
11/17/2007,SPI,IL,AGL,CE,Combined TRACON& Tower with Radar,2,15,22,0,39,0,5,54,0,59,2,20,76,0,98,42,0,42,140
11/18/2007,SPI,IL,AGL,CE,Combined TRACON& Tower with Radar,0,18,33,3,54,0,0,4,1,5,0,18,37,4,59,37,1,38,97
11/19/2007,SPI,IL,AGL,CE,Combined TRACON& Tower with Radar,2,22,33,4,61,0,0,14,3,17,2,22,47,7,78,44,5,49,127
11/20/2007,SPI,IL,AGL,CE,Combined TRACON& Tower with Radar,0,26,47,21,94,0,3,24,6,33,0,29,71,27,127,48,31,79,206
11/21/2007,SPI,IL,AGL,CE,Combined TRACON& Tower with Radar,2,19,15,0,36,0,0,0,0,0,2,19,15,0,36,0,0,0,36
11/22/2007,SPI,IL,AGL,CE,Combined TRACON& Tower with Radar,0,12,13,0,25,0,0,4,0,4,0,12,17,0,29,0,0,0,29
11/23/2007,SPI,IL,AGL,CE,Combined TRACON& Tower with Radar,2,9,17,0,28,0,2,28,0,30,2,11,45,0,58,60,0,60,118
11/24/2007,SPI,IL,AGL,CE,Combined TRACON& Tower with Radar,0,14,17,0,31,0,0,28,0,28,0,14,45,0,59,43,0,43,102
11/25/2007,SPI,IL,AGL,CE,Combined TRACON& Tower with Radar,0,13,31,0,44,0,0,14,0,14,0,13,45,0,58,3,0,3,61
11/26/2007,SPI,IL,AGL,CE,Combined TRACON& Tower with Radar,2,20,22,4,48,0,0,3,0,3,2,20,25,4,51,7,0,7,58
11/27/2007,SPI,IL,AGL,CE,Combined TRACON& Tower with Radar,0,23,40,11,74,0,12,16,6,34,0,35,56,17,108,44,23,67,175
11/28/2007,SPI,IL,AGL,CE,Combined TRACON& Tower with Radar,0,30,33,8,71,0,1,11,5,17,0,31,44,13,88,20,14,34,122
11/29/2007,SPI,IL,AGL,CE,Combined TRACON& Tower with Radar,0,28,30,12,70,0,5,22,2,29,0,33,52,14,99,52,28,80,179
11/30/2007,SPI,IL,AGL,CE,Combined TRACON& Tower with Radar,0,19,55,14,88,0,8,28,4,40,0,27,83,18,128,48,22,70,198
12/01/2007,SPI,IL,AGL,CE,Combined TRACON& Tower with Radar,0,10,6,0,16,0,0,0,0,0,0,10,6,0,16,0,0,0,16
12/02/2007,SPI,IL,AGL,CE,Combined TRACON& Tower with Radar,0,11,10,2,23,0,6,4,1,11,0,17,14,3,34,0,21,21,55
12/03/2007,SPI,IL,AGL,CE,Combined TRACON& Tower with Radar,2,22,38,9,71,0,3,19,2,24,2,25,57,11,95,11,13,24,119
12/04/2007,SPI,IL,AGL,CE,Combined TRACON& Tower with Radar,0,27,32,12,71,0,7,37,1,45,0,34,69,13,116,11,17,28,144
12/05/2007,SPI,IL,AGL,CE,Combined TRACON& Tower with Radar,0,19,15,4,38,0,0,4,0,4,0,19,19,4,42,6,3,9,51
12/06/2007,SPI,IL,AGL,CE,Combined TRACON& Tower with Radar,0,19,38,8,65,0,0,19,1,20,0,19,57,9,85,40,0,40,125
12/07/2007,SPI,IL,AGL,CE,Combined TRACON& Tower with Radar,2,23,23,4,52,0,0,1,0,1,2,23,24,4,53,4,0,4,57
12/08/2007,SPI,IL,AGL,CE,Combined TRACON& Tower with Radar,0,7,4,0,11,0,1,5,0,6,0,8,9,0,17,10,0,10,27
12/09/2007,SPI,IL,AGL,CE,Combined TRACON& Tower with Radar,0,4,4,0,8,0,0,0,0,0,0,4,4,0,8,10,0,10,18
12/10/2007,SPI,IL,AGL,CE,Combined TRACON& Tower with Radar,1,21,14,2,38,0,0,0,0,0,1,21,14,2,38,10,0,10,48
12/11/2007,SPI,IL,AGL,CE,Combined TRACON& Tower with Radar,0,28,12,1,41,0,0,0,0,0,0,28,12,1,41,0,0,0,41
12/12/2007,SPI,IL,AGL,CE,Combined TRACON& Tower with Radar,0,25,33,12,70,0,0,0,0,0,0,25,33,12,70,27,27,54,124
12/13/2007,SPI,IL,AGL,CE,Combined TRACON& Tower with Radar,0,26,35,12,73,0,2,2,4,8,0,28,37,16,81,8,3,11,92
12/14/2007,SPI,IL,AGL,CE,Combined TRACON& Tower with Radar,2,24,48,17,91,0,5,34,0,39,2,29,82,17,130,13,9,22,152
12/15/2007,SPI,IL,AGL,CE,Combined TRACON& Tower with Radar,0,9,0,3,12,0,0,0,0,0,0,9,0,3,12,0,0,0,12
12/16/2007,SPI,IL,AGL,CE,Combined TRACON& Tower with Radar,0,6,13,0,19,0,0,3,0,3,0,6,16,0,22,2,0,2,24
12/17/2007,SPI,IL,AGL,CE,Combined TRACON& Tower with Radar,2,23,35,2,62,0,2,13,0,15,2,25,48,2,77,2,0,2,79
12/18/2007,SPI,IL,AGL,CE,Combined TRACON& Tower with Radar,0,27,41,4,72,0,12,27,2,41,0,39,68,6,113,16,6,22,135
12/19/2007,SPI,IL,AGL,CE,Combined TRACON& Tower with Radar,0,19,38,9,66,0,5,24,4,33,0,24,62,13,99,17,20,37,136
12/20/2007,SPI,IL,AGL,CE,Combined TRACON& Tower with Radar,0,25,38,10,73,0,1,3,0,4,0,26,41,10,77,57,0,57,134
12/21/2007,SPI,IL,AGL,CE,Combined TRACON& Tower with Radar,0,8,20,2,30,0,0,0,0,0,0,8,20,2,30,0,0,0,30
12/22/2007,SPI,IL,AGL,CE,Combined TRACON& Tower with Radar,0,8,19,0,27,0,0,0,0,0,0,8,19,0,27,16,0,16,43
12/23/2007,SPI,IL,AGL,CE,Combined TRACON& Tower with Radar,0,10,4,0,14,0,1,1,0,2,0,11,5,0,16,4,0,4,20
12/24/2007,SPI,IL,AGL,CE,Combined TRACON& Tower with Radar,0,11,10,0,21,0,0,13,0,13,0,11,23,0,34,13,0,13,47
12/25/2007,SPI,IL,AGL,CE,Combined TRACON& Tower with Radar,0,16,4,0,20,0,0,18,0,18,0,16,22,0,38,4,0,4,42
12/26/2007,SPI,IL,AGL,CE,Combined TRACON& Tower with Radar,0,13,28,0,41,0,0,32,0,32,0,13,60,0,73,34,0,34,107
12/27/2007,SPI,IL,AGL,CE,Combined TRACON& Tower with Radar,0,22,25,4,51,0,0,0,0,0,0,22,25,4,51,0,1,1,52
12/28/2007,SPI,IL,AGL,CE,Combined TRACON& Tower with Radar,0,12,6,0,18,0,0,1,0,1,0,12,7,0,19,0,0,0,19
12/29/2007,SPI,IL,AGL,CE,Combined TRACON& Tower with Radar,2,15,38,0,55,0,0,24,0,24,2,15,62,0,79,63,0,63,142
12/30/2007,SPI,IL,AGL,CE,Combined TRACON& Tower with Radar,1,16,22,1,40,0,0,15,0,15,1,16,37,1,55,50,0,50,105
12/31/2007,SPI,IL,AGL,CE,Combined TRACON& Tower with Radar,0,10,3,0,13,0,1,1,0,2,0,11,4,0,15,0,0,0,15
01/01/2008,SPI,IL,AGL,CE,Combined TRACON& Tower with Radar,0,11,0,0,11,0,0,0,0,0,0,11,0,0,11,0,0,0,11
01/02/2008,SPI,IL,AGL,CE,Combined TRACON& Tower with Radar,1,22,23,3,49,0,2,14,0,16,1,24,37,3,65,27,0,27,92
01/03/2008,SPI,IL,AGL,CE,Combined TRACON& Tower with Radar,1,24,14,3,42,0,8,25,0,33,1,32,39,3,75,20,2,22,97
01/04/2008,SPI,IL,AGL,CE,Combined TRACON& Tower with Radar,0,19,20,9,48,0,2,22,3,27,0,21,42,12,75,16,21,37,112
01/05/2008,SPI,IL,AGL,CE,Combined TRACON& Tower with Radar,0,11,22,7,40,0,0,6,0,6,0,11,28,7,46,5,1,6,52
01/06/2008,SPI,IL,AGL,CE,Combined TRACON& Tower with Radar,0,13,13,11,37,0,0,14,2,16,0,13,27,13,53,29,3,32,85
01/07/2008,SPI,IL,AGL,CE,Combined TRACON& Tower with Radar,0,19,19,4,42,0,0,9,3,12,0,19,28,7,54,4,1,5,59
01/08/2008,SPI,IL,AGL,CE,Combined TRACON& Tower with Radar,0,22,33,14,69,0,0,0,1,1,0,22,33,15,70,5,2,7,77
01/09/2008,SPI,IL,AGL,CE,Combined TRACON& Tower with Radar,0,23,20,7,50,0,14,28,1,43,0,37,48,8,93,90,4,94,187
01/10/2008,SPI,IL,AGL,CE,Combined TRACON& Tower with Radar,0,30,32,1,63,0,4,5,0,9,0,34,37,1,72,64,0,64,136
01/11/2008,SPI,IL,AGL,CE,Combined TRACON& Tower with Radar,0,21,13,0,34,0,1,13,0,14,0,22,26,0,48,26,0,26,74
01/12/2008,SPI,IL,AGL,CE,Combined TRACON& Tower with Radar,0,14,20,0,34,0,1,53,0,54,0,15,73,0,88,50,0,50,138
01/13/2008,SPI,IL,AGL,CE,Combined TRACON& Tower with Radar,0,14,18,0,32,0,0,4,0,4,0,14,22,0,36,53,0,53,89
01/14/2008,SPI,IL,AGL,CE,Combined TRACON& Tower with Radar,0,25,19,4,48,0,5,7,0,12,0,30,26,4,60,1,4,5,65
01/15/2008,SPI,IL,AGL,CE,Combined TRACON& Tower with Radar,0,25,30,13,68,0,4,19,6,29,0,29,49,19,97,31,18,49,146
01/16/2008,SPI,IL,AGL,CE,Combined TRACON& Tower with Radar,0,32,33,9,74,0,4,15,1,20,0,36,48,10,94,21,23,44,138
01/17/2008,SPI,IL,AGL,CE,Combined TRACON& Tower with Radar,0,26,18,0,44,0,0,3,0,3,0,26,21,0,47,0,0,0,47
01/18/2008,SPI,IL,AGL,CE,Combined TRACON& Tower with Radar,0,27,18,7,52,0,0,21,0,21,0,27,39,7,73,16,29,45,118
01/19/2008,SPI,IL,AGL,CE,Combined TRACON& Tower with Radar,0,12,21,0,33,0,0,6,0,6,0,12,27,0,39,27,0,27,66
01/20/2008,SPI,IL,AGL,CE,Combined TRACON& Tower with Radar,2,15,15,0,32,0,0,8,0,8,2,15,23,0,40,4,0,4,44
01/21/2008,SPI,IL,AGL,CE,Combined TRACON& Tower with Radar,0,25,19,2,46,0,0,10,0,10,0,25,29,2,56,2,0,2,58
01/22/2008,SPI,IL,AGL,CE,Combined TRACON& Tower with Radar,0,17,23,5,45,0,2,9,1,12,0,19,32,6,57,25,2,27,84
01/23/2008,SPI,IL,AGL,CE,Combined TRACON& Tower with Radar,0,26,17,7,50,0,4,13,0,17,0,30,30,7,67,19,11,30,97
01/24/2008,SPI,IL,AGL,CE,Combined TRACON& Tower with Radar,1,25,25,9,60,0,3,14,0,17,1,28,39,9,77,35,22,57,134
01/25/2008,SPI,IL,AGL,CE,Combined TRACON& Tower with Radar,0,20,22,5,47,0,1,13,0,14,0,21,35,5,61,21,0,21,82
01/26/2008,SPI,IL,AGL,CE,Combined TRACON& Tower with Radar,0,14,11,0,25,0,0,16,0,16,0,14,27,0,41,30,0,30,71
01/27/2008,SPI,IL,AGL,CE,Combined TRACON& Tower with Radar,0,17,21,0,38,0,6,52,1,59,0,23,73,1,97,31,0,31,128
01/28/2008,SPI,IL,AGL,CE,Combined TRACON& Tower with Radar,0,18,24,0,42,0,4,5,0,9,0,22,29,0,51,5,0,5,56
01/29/2008,SPI,IL,AGL,CE,Combined TRACON& Tower with Radar,1,18,25,4,48,0,0,0,0,0,1,18,25,4,48,11,4,15,63
01/30/2008,SPI,IL,AGL,CE,Combined TRACON& Tower with Radar,0,22,32,9,63,0,2,35,1,38,0,24,67,10,101,34,12,46,147
01/31/2008,SPI,IL,AGL,CE,Combined TRACON& Tower with Radar,0,19,17,2,38,0,0,0,0,0,0,19,17,2,38,25,0,25,63
02/01/2008,SPI,IL,AGL,CE,Combined TRACON& Tower with Radar,0,15,9,0,24,0,4,3,0,7,0,19,12,0,31,0,0,0,31
02/02/2008,SPI,IL,AGL,CE,Combined TRACON& Tower with Radar,0,13,11,6,30,0,9,15,0,24,0,22,26,6,54,55,10,65,119
02/03/2008,SPI,IL,AGL,CE,Combined TRACON& Tower with Radar,0,12,4,0,16,0,0,0,0,0,0,12,4,0,16,0,0,0,16
02/04/2008,SPI,IL,AGL,CE,Combined TRACON& Tower with Radar,0,2,4,0,6,0,0,0,0,0,0,2,4,0,6,0,0,0,6
02/05/2008,SPI,IL,AGL,CE,Combined TRACON& Tower with Radar,0,22,20,0,42,0,0,0,0,0,0,22,20,0,42,0,0,0,42
02/06/2008,SPI,IL,AGL,CE,Combined TRACON& Tower with Radar,0,15,18,0,33,0,11,0,0,11,0,26,18,0,44,0,0,0,44
02/07/2008,SPI,IL,AGL,CE,Combined TRACON& Tower with Radar,0,21,21,14,56,0,3,3,0,6,0,24,24,14,62,0,16,16,78
02/08/2008,SPI,IL,AGL,CE,Combined TRACON& Tower with Radar,0,25,27,2,54,0,7,25,1,33,0,32,52,3,87,21,2,23,110
02/09/2008,SPI,IL,AGL,CE,Combined TRACON& Tower with Radar,0,14,10,7,31,0,0,35,0,35,0,14,45,7,66,76,4,80,146
02/10/2008,SPI,IL,AGL,CE,Combined TRACON& Tower with Radar,0,9,19,1,29,0,0,9,0,9,0,9,28,1,38,8,0,8,46
02/11/2008,SPI,IL,AGL,CE,Combined TRACON& Tower with Radar,0,19,37,8,64,0,0,4,1,5,0,19,41,9,69,3,4,7,76
02/12/2008,SPI,IL,AGL,CE,Combined TRACON& Tower with Radar,0,16,19,3,38,0,0,0,0,0,0,16,19,3,38,0,0,0,38
02/13/2008,SPI,IL,AGL,CE,Combined TRACON& Tower with Radar,0,32,55,7,94,0,2,33,1,36,0,34,88,8,130,70,26,96,226
02/14/2008,SPI,IL,AGL,CE,Combined TRACON& Tower with Radar,0,22,18,9,49,0,2,12,0,14,0,24,30,9,63,4,8,12,75
02/15/2008,SPI,IL,AGL,CE,Combined TRACON& Tower with Radar,0,24,42,2,68,0,5,17,4,26,0,29,59,6,94,41,6,47,141
02/16/2008,SPI,IL,AGL,CE,Combined TRACON& Tower with Radar,0,12,42,0,54,0,2,42,0,44,0,14,84,0,98,45,0,45,143
02/17/2008,SPI,IL,AGL,CE,Combined TRACON& Tower with Radar,0,11,8,0,19,0,1,0,0,1,0,12,8,0,20,2,0,2,22
02/18/2008,SPI,IL,AGL,CE,Combined TRACON& Tower with Radar,0,17,20,0,37,0,0,2,0,2,0,17,22,0,39,8,0,8,47
02/19/2008,SPI,IL,AGL,CE,Combined TRACON& Tower with Radar,0,23,28,8,59,0,2,10,0,12,0,25,38,8,71,3,4,7,78
02/20/2008,SPI,IL,AGL,CE,Combined TRACON& Tower with Radar,0,28,42,17,87,0,0,16,2,18,0,28,58,19,105,10,25,35,140
02/21/2008,SPI,IL,AGL,CE,Combined TRACON& Tower with Radar,0,19,25,5,49,0,1,2,0,3,0,20,27,5,52,0,3,3,55
02/22/2008,SPI,IL,AGL,CE,Combined TRACON& Tower with Radar,0,23,6,0,29,0,0,3,4,7,0,23,9,4,36,0,0,0,36
02/23/2008,SPI,IL,AGL,CE,Combined TRACON& Tower with Radar,0,11,18,0,29,0,0,17,6,23,0,11,35,6,52,19,0,19,71
02/24/2008,SPI,IL,AGL,CE,Combined TRACON& Tower with Radar,0,13,29,0,42,0,1,10,0,11,0,14,39,0,53,42,0,42,95
02/25/2008,SPI,IL,AGL,CE,Combined TRACON& Tower with Radar,0,19,33,7,59,0,0,0,0,0,0,19,33,7,59,3,0,3,62
02/26/2008,SPI,IL,AGL,CE,Combined TRACON& Tower with Radar,0,16,16,0,32,0,0,0,0,0,0,16,16,0,32,0,0,0,32
02/27/2008,SPI,IL,AGL,CE,Combined TRACON& Tower with Radar,0,26,49,9,84,0,9,22,1,32,0,35,71,10,116,40,21,61,177
02/28/2008,SPI,IL,AGL,CE,Combined TRACON& Tower with Radar,0,23,32,16,71,0,6,13,0,19,0,29,45,16,90,13,5,18,108
02/29/2008,SPI,IL,AGL,CE,Combined TRACON& Tower with Radar,0,19,23,6,48,0,9,9,0,18,0,28,32,6,66,16,12,28,94
03/01/2008,SPI,IL,AGL,CE,Combined TRACON& Tower with Radar,0,11,18,13,42,0,1,47,0,48,0,12,65,13,90,89,10,99,189
03/02/2008,SPI,IL,AGL,CE,Combined TRACON& Tower with Radar,0,12,14,13,39,0,0,6,1,7,0,12,20,14,46,6,8,14,60
03/03/2008,SPI,IL,AGL,CE,Combined TRACON& Tower with Radar,0,18,15,0,33,0,0,0,0,0,0,18,15,0,33,0,0,0,33
03/04/2008,SPI,IL,AGL,CE,Combined TRACON& Tower with Radar,0,30,16,2,48,0,0,1,0,1,0,30,17,2,49,0,0,0,49
03/05/2008,SPI,IL,AGL,CE,Combined TRACON& Tower with Radar,0,26,40,5,71,0,6,32,0,38,0,32,72,5,109,14,6,20,129
03/06/2008,SPI,IL,AGL,CE,Combined TRACON& Tower with Radar,0,24,35,11,70,0,2,30,2,34,0,26,65,13,104,23,8,31,135
03/07/2008,SPI,IL,AGL,CE,Combined TRACON& Tower with Radar,0,19,29,9,57,0,4,20,0,24,0,23,49,9,81,3,16,19,100
03/08/2008,SPI,IL,AGL,CE,Combined TRACON& Tower with Radar,0,11,19,0,30,0,4,34,0,38,0,15,53,0,68,59,0,59,127
03/09/2008,SPI,IL,AGL,CE,Combined TRACON& Tower with Radar,0,15,25,0,40,0,0,29,0,29,0,15,54,0,69,100,0,100,169
03/10/2008,SPI,IL,AGL,CE,Combined TRACON& Tower with Radar,0,23,28,7,58,0,6,19,0,25,0,29,47,7,83,44,19,63,146
03/11/2008,SPI,IL,AGL,CE,Combined TRACON& Tower with Radar,0,30,47,12,89,0,3,40,5,48,0,33,87,17,137,57,24,81,218
03/12/2008,SPI,IL,AGL,CE,Combined TRACON& Tower with Radar,0,26,48,21,95,0,1,37,1,39,0,27,85,22,134,29,17,46,180
03/13/2008,SPI,IL,AGL,CE,Combined TRACON& Tower with Radar,0,25,47,14,86,0,7,33,4,44,0,32,80,18,130,51,21,72,202
03/14/2008,SPI,IL,AGL,CE,Combined TRACON& Tower with Radar,0,22,51,13,86,0,3,14,1,18,0,25,65,14,104,72,7,79,183
03/15/2008,SPI,IL,AGL,CE,Combined TRACON& Tower with Radar,0,10,20,2,32,0,1,2,0,3,0,11,22,2,35,34,0,34,69
03/16/2008,SPI,IL,AGL,CE,Combined TRACON& Tower with Radar,0,13,23,1,37,0,1,25,0,26,0,14,48,1,63,33,0,33,96
03/17/2008,SPI,IL,AGL,CE,Combined TRACON& Tower with Radar,0,19,18,2,39,0,0,1,0,1,0,19,19,2,40,0,0,0,40
03/18/2008,SPI,IL,AGL,CE,Combined TRACON& Tower with Radar,0,19,13,0,32,0,0,0,0,0,0,19,13,0,32,0,0,0,32
03/19/2008,SPI,IL,AGL,CE,Combined TRACON& Tower with Radar,0,29,25,8,62,0,0,12,1,13,0,29,37,9,75,35,7,42,117
03/20/2008,SPI,IL,AGL,CE,Combined TRACON& Tower with Radar,0,25,50,5,80,0,11,32,3,46,0,36,82,8,126,104,16,120,246
03/21/2008,SPI,IL,AGL,CE,Combined TRACON& Tower with Radar,0,14,32,2,48,0,1,25,0,26,0,15,57,2,74,76,0,76,150
03/22/2008,SPI,IL,AGL,CE,Combined TRACON& Tower with Radar,0,16,8,0,24,0,1,5,0,6,0,17,13,0,30,30,0,30,60
03/23/2008,SPI,IL,AGL,CE,Combined TRACON& Tower with Radar,0,10,3,0,13,0,0,2,0,2,0,10,5,0,15,0,0,0,15
03/24/2008,SPI,IL,AGL,CE,Combined TRACON& Tower with Radar,0,22,34,14,70,0,3,24,0,27,0,25,58,14,97,53,24,77,174
03/25/2008,SPI,IL,AGL,CE,Combined TRACON& Tower with Radar,0,22,23,13,58,0,0,17,3,20,0,22,40,16,78,0,15,15,93
03/26/2008,SPI,IL,AGL,CE,Combined TRACON& Tower with Radar,0,25,38,7,70,0,3,26,3,32,0,28,64,10,102,46,5,51,153
03/27/2008,SPI,IL,AGL,CE,Combined TRACON& Tower with Radar,0,14,15,3,32,0,0,0,0,0,0,14,15,3,32,1,0,1,33
03/28/2008,SPI,IL,AGL,CE,Combined TRACON& Tower with Radar,0,24,27,7,58,0,6,18,0,24,0,30,45,7,82,105,0,105,187
03/29/2008,SPI,IL,AGL,CE,Combined TRACON& Tower with Radar,0,10,26,2,38,0,1,45,0,46,0,11,71,2,84,51,0,51,135
03/30/2008,SPI,IL,AGL,CE,Combined TRACON& Tower with Radar,0,10,18,0,28,0,0,0,0,0,0,10,18,0,28,5,0,5,33
03/31/2008,SPI,IL,AGL,CE,Combined TRACON& Tower with Radar,0,14,17,0,31,0,0,0,0,0,0,14,17,0,31,0,0,0,31
04/01/2008,SPI,IL,AGL,CE,Combined TRACON& Tower with Radar,0,24,16,8,48,0,6,9,0,15,0,30,25,8,63,0,5,5,68
04/02/2008,SPI,IL,AGL,CE,Combined TRACON& Tower with Radar,2,21,49,10,82,0,4,46,2,52,2,25,95,12,134,42,8,50,184
04/03/2008,SPI,IL,AGL,CE,Combined TRACON& Tower with Radar,0,27,35,17,79,0,0,3,1,4,0,27,38,18,83,44,9,53,136
04/04/2008,SPI,IL,AGL,CE,Combined TRACON& Tower with Radar,0,19,26,13,58,0,2,25,1,28,0,21,51,14,86,28,8,36,122
04/05/2008,SPI,IL,AGL,CE,Combined TRACON& Tower with Radar,0,15,27,11,53,0,165,47,4,216,0,180,74,15,269,73,28,101,370
04/06/2008,SPI,IL,AGL,CE,Combined TRACON& Tower with Radar,2,12,30,8,52,0,2,46,0,48,2,14,76,8,100,19,15,34,134
04/07/2008,SPI,IL,AGL,CE,Combined TRACON& Tower with Radar,0,26,19,9,54,0,8,21,0,29,0,34,40,9,83,38,17,55,138
04/08/2008,SPI,IL,AGL,CE,Combined TRACON& Tower with Radar,0,24,41,8,73,0,0,3,0,3,0,24,44,8,76,32,6,38,114
04/09/2008,SPI,IL,AGL,CE,Combined TRACON& Tower with Radar,0,26,41,10,77,0,4,14,2,20,0,30,55,12,97,55,9,64,161
04/10/2008,SPI,IL,AGL,CE,Combined TRACON& Tower with Radar,0,21,9,3,33,0,1,0,0,1,0,22,9,3,34,0,0,0,34
04/11/2008,SPI,IL,AGL,CE,Combined TRACON& Tower with Radar,0,17,14,2,33,0,2,6,0,8,0,19,20,2,41,1,0,1,42
04/12/2008,SPI,IL,AGL,CE,Combined TRACON& Tower with Radar,0,13,4,0,17,0,0,0,0,0,0,13,4,0,17,46,0,46,63
04/13/2008,SPI,IL,AGL,CE,Combined TRACON& Tower with Radar,0,12,12,0,24,0,0,3,0,3,0,12,15,0,27,10,0,10,37
04/14/2008,SPI,IL,AGL,CE,Combined TRACON& Tower with Radar,0,20,46,4,70,0,2,10,0,12,0,22,56,4,82,67,0,67,149
04/15/2008,SPI,IL,AGL,CE,Combined TRACON& Tower with Radar,0,22,34,5,61,0,5,50,1,56,0,27,84,6,117,57,14,71,188
04/16/2008,SPI,IL,AGL,CE,Combined TRACON& Tower with Radar,0,18,21,8,47,0,6,21,5,32,0,24,42,13,79,6,20,26,105
04/17/2008,SPI,IL,AGL,CE,Combined TRACON& Tower with Radar,0,30,24,6,60,0,12,19,1,32,0,42,43,7,92,36,3,39,131
04/18/2008,SPI,IL,AGL,CE,Combined TRACON& Tower with Radar,0,21,17,13,51,0,0,7,2,9,0,21,24,15,60,28,2,30,90
04/19/2008,SPI,IL,AGL,CE,Combined TRACON& Tower with Radar,0,12,25,0,37,0,0,0,0,0,0,12,25,0,37,11,0,11,48
04/20/2008,SPI,IL,AGL,CE,Combined TRACON& Tower with Radar,0,13,22,0,35,0,0,27,2,29,0,13,49,2,64,32,0,32,96
04/21/2008,SPI,IL,AGL,CE,Combined TRACON& Tower with Radar,0,23,37,6,66,0,4,38,0,42,0,27,75,6,108,46,0,46,154
04/22/2008,SPI,IL,AGL,CE,Combined TRACON& Tower with Radar,0,22,31,3,56,0,6,14,1,21,0,28,45,4,77,60,15,75,152
04/23/2008,SPI,IL,AGL,CE,Combined TRACON& Tower with Radar,0,28,32,9,69,0,13,32,1,46,0,41,64,10,115,58,24,82,197
04/24/2008,SPI,IL,AGL,CE,Combined TRACON& Tower with Radar,0,20,22,3,45,0,2,6,0,8,0,22,28,3,53,13,0,13,66
04/25/2008,SPI,IL,AGL,CE,Combined TRACON& Tower with Radar,0,15,24,1,40,0,1,7,0,8,0,16,31,1,48,22,0,22,70
04/26/2008,SPI,IL,AGL,CE,Combined TRACON& Tower with Radar,0,12,25,0,37,0,4,41,0,45,0,16,66,0,82,25,0,25,107
04/27/2008,SPI,IL,AGL,CE,Combined TRACON& Tower with Radar,0,12,16,0,28,0,0,21,0,21,0,12,37,0,49,22,0,22,71
04/28/2008,SPI,IL,AGL,CE,Combined TRACON& Tower with Radar,0,21,24,4,49,0,0,10,0,10,0,21,34,4,59,6,4,10,69
04/29/2008,SPI,IL,AGL,CE,Combined TRACON& Tower with Radar,0,20,39,9,68,0,9,51,1,61,0,29,90,10,129,32,7,39,168
04/30/2008,SPI,IL,AGL,CE,Combined TRACON& Tower with Radar,0,27,41,8,76,0,10,34,1,45,0,37,75,9,121,25,2,27,148
05/01/2008,SPI,IL,AGL,CE,Combined TRACON& Tower with Radar,0,32,37,10,79,0,4,15,2,21,0,36,52,12,100,76,13,89,189
05/02/2008,SPI,IL,AGL,CE,Combined TRACON& Tower with Radar,0,16,15,8,39,0,1,3,0,4,0,17,18,8,43,5,6,11,54
05/03/2008,SPI,IL,AGL,CE,Combined TRACON& Tower with Radar,0,14,17,8,39,0,3,6,2,11,0,17,23,10,50,30,10,40,90
05/04/2008,SPI,IL,AGL,CE,Combined TRACON& Tower with Radar,0,9,17,2,28,0,18,53,0,71,0,27,70,2,99,67,0,67,166
05/05/2008,SPI,IL,AGL,CE,Combined TRACON& Tower with Radar,0,27,17,4,48,0,5,10,0,15,0,32,27,4,63,18,10,28,91
05/06/2008,SPI,IL,AGL,CE,Combined TRACON& Tower with Radar,0,21,20,4,45,0,5,20,2,27,0,26,40,6,72,92,5,97,169
05/07/2008,SPI,IL,AGL,CE,Combined TRACON& Tower with Radar,0,24,40,3,67,0,1,3,2,6,0,25,43,5,73,9,1,10,83
05/08/2008,SPI,IL,AGL,CE,Combined TRACON& Tower with Radar,2,30,28,2,62,0,2,6,0,8,2,32,34,2,70,0,0,0,70
05/09/2008,SPI,IL,AGL,CE,Combined TRACON& Tower with Radar,0,20,26,0,46,0,5,25,0,30,0,25,51,0,76,39,0,39,115
05/10/2008,SPI,IL,AGL,CE,Combined TRACON& Tower with Radar,0,15,12,0,27,0,7,39,0,46,0,22,51,0,73,42,0,42,115
05/11/2008,SPI,IL,AGL,CE,Combined TRACON& Tower with Radar,0,10,11,0,21,0,0,0,0,0,0,10,11,0,21,0,0,0,21
05/12/2008,SPI,IL,AGL,CE,Combined TRACON& Tower with Radar,0,25,18,3,46,0,9,37,0,46,0,34,55,3,92,35,5,40,132
05/13/2008,SPI,IL,AGL,CE,Combined TRACON& Tower with Radar,2,26,33,3,64,0,2,9,2,13,2,28,42,5,77,7,4,11,88
05/14/2008,SPI,IL,AGL,CE,Combined TRACON& Tower with Radar,0,23,40,9,72,0,6,24,2,32,0,29,64,11,104,20,9,29,133
05/15/2008,SPI,IL,AGL,CE,Combined TRACON& Tower with Radar,0,26,38,8,72,0,4,1,1,6,0,30,39,9,78,12,0,12,90
05/16/2008,SPI,IL,AGL,CE,Combined TRACON& Tower with Radar,0,24,39,7,70,0,3,53,3,59,0,27,92,10,129,37,5,42,171
05/17/2008,SPI,IL,AGL,CE,Combined TRACON& Tower with Radar,0,12,12,0,24,0,0,45,0,45,0,12,57,0,69,48,0,48,117
05/18/2008,SPI,IL,AGL,CE,Combined TRACON& Tower with Radar,0,14,16,2,32,0,1,49,1,51,0,15,65,3,83,36,1,37,120
05/19/2008,SPI,IL,AGL,CE,Combined TRACON& Tower with Radar,0,31,21,4,56,0,3,26,0,29,0,34,47,4,85,28,7,35,120
05/20/2008,SPI,IL,AGL,CE,Combined TRACON& Tower with Radar,0,29,25,11,65,0,0,11,0,11,0,29,36,11,76,26,2,28,104
05/21/2008,SPI,IL,AGL,CE,Combined TRACON& Tower with Radar,0,24,22,7,53,0,3,46,2,51,0,27,68,9,104,71,9,80,184
05/22/2008,SPI,IL,AGL,CE,Combined TRACON& Tower with Radar,0,24,19,8,51,0,4,13,4,21,0,28,32,12,72,33,0,33,105
05/23/2008,SPI,IL,AGL,CE,Combined TRACON& Tower with Radar,0,20,26,2,48,0,0,11,0,11,0,20,37,2,59,10,0,10,69
05/24/2008,SPI,IL,AGL,CE,Combined TRACON& Tower with Radar,0,16,23,0,39,0,0,40,0,40,0,16,63,0,79,76,0,76,155
05/25/2008,SPI,IL,AGL,CE,Combined TRACON& Tower with Radar,2,9,21,0,32,0,0,2,0,2,2,9,23,0,34,21,0,21,55
05/26/2008,SPI,IL,AGL,CE,Combined TRACON& Tower with Radar,0,14,27,0,41,0,0,5,0,5,0,14,32,0,46,10,0,10,56
05/27/2008,SPI,IL,AGL,CE,Combined TRACON& Tower with Radar,0,23,36,3,62,0,1,2,0,3,0,24,38,3,65,1,0,1,66
05/28/2008,SPI,IL,AGL,CE,Combined TRACON& Tower with Radar,0,26,39,0,65,0,10,46,0,56,0,36,85,0,121,135,8,143,264
05/29/2008,SPI,IL,AGL,CE,Combined TRACON& Tower with Radar,0,22,68,0,90,0,8,45,0,53,0,30,113,0,143,75,0,75,218
05/30/2008,SPI,IL,AGL,CE,Combined TRACON& Tower with Radar,0,16,27,4,47,0,1,11,0,12,0,17,38,4,59,12,0,12,71
05/31/2008,SPI,IL,AGL,CE,Combined TRACON& Tower with Radar,0,17,22,0,39,0,0,34,0,34,0,17,56,0,73,28,0,28,101
06/01/2008,SPI,IL,AGL,CE,Combined TRACON& Tower with Radar,0,14,19,0,33,0,2,35,0,37,0,16,54,0,70,23,0,23,93
06/02/2008,SPI,IL,AGL,CE,Combined TRACON& Tower with Radar,0,18,30,1,49,0,11,27,1,39,0,29,57,2,88,72,8,80,168
06/03/2008,SPI,IL,AGL,CE,Combined TRACON& Tower with Radar,0,15,18,2,35,0,3,7,0,10,0,18,25,2,45,40,4,44,89
06/04/2008,SPI,IL,AGL,CE,Combined TRACON& Tower with Radar,1,30,16,7,54,0,5,18,1,24,1,35,34,8,78,29,2,31,109
06/05/2008,SPI,IL,AGL,CE,Combined TRACON& Tower with Radar,0,26,23,11,60,0,6,16,4,26,0,32,39,15,86,19,17,36,122
06/06/2008,SPI,IL,AGL,CE,Combined TRACON& Tower with Radar,0,15,9,9,33,0,0,12,1,13,0,15,21,10,46,2,35,37,83
06/07/2008,SPI,IL,AGL,CE,Combined TRACON& Tower with Radar,0,13,14,10,37,0,1,5,0,6,0,14,19,10,43,14,13,27,70
06/08/2008,SPI,IL,AGL,CE,Combined TRACON& Tower with Radar,0,15,10,7,32,0,0,32,5,37,0,15,42,12,69,14,9,23,92
06/09/2008,SPI,IL,AGL,CE,Combined TRACON& Tower with Radar,0,26,19,7,52,0,0,14,0,14,0,26,33,7,66,40,1,41,107
06/10/2008,SPI,IL,AGL,CE,Combined TRACON& Tower with Radar,0,20,33,13,66,0,6,46,2,54,0,26,79,15,120,91,9,100,220
06/11/2008,SPI,IL,AGL,CE,Combined TRACON& Tower with Radar,0,19,29,4,52,0,1,48,1,50,0,20,77,5,102,61,4,65,167
06/12/2008,SPI,IL,AGL,CE,Combined TRACON& Tower with Radar,0,20,19,8,47,0,0,0,0,0,0,20,19,8,47,20,12,32,79
06/13/2008,SPI,IL,AGL,CE,Combined TRACON& Tower with Radar,0,18,15,5,38,0,2,4,4,10,0,20,19,9,48,6,0,6,54
06/14/2008,SPI,IL,AGL,CE,Combined TRACON& Tower with Radar,0,12,16,3,31,0,2,29,0,31,0,14,45,3,62,57,0,57,119
06/15/2008,SPI,IL,AGL,CE,Combined TRACON& Tower with Radar,0,13,12,2,27,0,0,34,0,34,0,13,46,2,61,11,0,11,72
06/16/2008,SPI,IL,AGL,CE,Combined TRACON& Tower with Radar,0,21,29,11,61,0,9,25,0,34,0,30,54,11,95,34,11,45,140
06/17/2008,SPI,IL,AGL,CE,Combined TRACON& Tower with Radar,0,23,45,3,71,0,5,29,6,40,0,28,74,9,111,22,16,38,149
06/18/2008,SPI,IL,AGL,CE,Combined TRACON& Tower with Radar,0,24,47,8,79,0,14,17,5,36,0,38,64,13,115,21,16,37,152
06/19/2008,SPI,IL,AGL,CE,Combined TRACON& Tower with Radar,0,21,34,7,62,0,1,35,4,40,0,22,69,11,102,25,19,44,146
06/20/2008,SPI,IL,AGL,CE,Combined TRACON& Tower with Radar,0,26,32,3,61,0,7,31,3,41,0,33,63,6,102,34,19,53,155
06/21/2008,SPI,IL,AGL,CE,Combined TRACON& Tower with Radar,0,22,18,5,45,0,1,32,2,35,0,23,50,7,80,12,0,12,92
06/22/2008,SPI,IL,AGL,CE,Combined TRACON& Tower with Radar,0,17,24,1,42,0,1,24,0,25,0,18,48,1,67,3,0,3,70
06/23/2008,SPI,IL,AGL,CE,Combined TRACON& Tower with Radar,0,19,27,4,50,0,6,41,0,47,0,25,68,4,97,27,6,33,130
06/24/2008,SPI,IL,AGL,CE,Combined TRACON& Tower with Radar,0,0,0,0,0,0,47,98,10,155,0,47,98,10,155,31,0,31,186
06/25/2008,SPI,IL,AGL,CE,Combined TRACON& Tower with Radar,0,22,35,1,58,0,0,0,0,0,0,22,35,1,58,26,0,26,84
06/26/2008,SPI,IL,AGL,CE,Combined TRACON& Tower with Radar,0,22,46,5,73,0,6,22,0,28,0,28,68,5,101,34,6,40,141
06/27/2008,SPI,IL,AGL,CE,Combined TRACON& Tower with Radar,0,22,23,1,46,0,2,2,0,4,0,24,25,1,50,22,0,22,72
06/28/2008,SPI,IL,AGL,CE,Combined TRACON& Tower with Radar,0,19,18,0,37,0,5,36,5,46,0,24,54,5,83,51,0,51,134
06/29/2008,SPI,IL,AGL,CE,Combined TRACON& Tower with Radar,0,13,18,2,33,0,0,10,0,10,0,13,28,2,43,5,0,5,48
06/30/2008,SPI,IL,AGL,CE,Combined TRACON& Tower with Radar,0,19,40,2,61,0,8,21,1,30,0,27,61,3,91,21,0,21,112
07/01/2008,SPI,IL,AGL,CE,Combined TRACON& Tower with Radar,0,21,46,0,67,0,0,50,0,50,0,21,96,0,117,42,0,42,159
07/02/2008,SPI,IL,AGL,CE,Combined TRACON& Tower with Radar,4,29,21,2,56,0,10,23,0,33,4,39,44,2,89,20,0,20,109
07/03/2008,SPI,IL,AGL,CE,Combined TRACON& Tower with Radar,0,21,22,2,45,0,0,9,0,9,0,21,31,2,54,0,0,0,54
07/04/2008,SPI,IL,AGL,CE,Combined TRACON& Tower with Radar,0,8,23,0,31,0,0,22,0,22,0,8,45,0,53,31,0,31,84
07/05/2008,SPI,IL,AGL,CE,Combined TRACON& Tower with Radar,0,13,16,2,31,0,0,49,0,49,0,13,65,2,80,27,0,27,107
07/06/2008,SPI,IL,AGL,CE,Combined TRACON& Tower with Radar,0,10,17,0,27,0,0,28,0,28,0,10,45,0,55,30,0,30,85
07/07/2008,SPI,IL,AGL,CE,Combined TRACON& Tower with Radar,0,21,31,10,62,0,5,13,0,18,0,26,44,10,80,10,2,12,92
07/08/2008,SPI,IL,AGL,CE,Combined TRACON& Tower with Radar,0,23,18,4,45,0,0,7,0,7,0,23,25,4,52,14,15,29,81
07/09/2008,SPI,IL,AGL,CE,Combined TRACON& Tower with Radar,0,25,51,3,79,0,4,37,2,43,0,29,88,5,122,107,3,110,232
07/10/2008,SPI,IL,AGL,CE,Combined TRACON& Tower with Radar,0,27,60,13,100,0,8,35,4,47,0,35,95,17,147,45,11,56,203
07/11/2008,SPI,IL,AGL,CE,Combined TRACON& Tower with Radar,0,18,29,7,54,0,0,21,1,22,0,18,50,8,76,0,20,20,96
07/12/2008,SPI,IL,AGL,CE,Combined TRACON& Tower with Radar,0,14,13,4,31,0,0,11,0,11,0,14,24,4,42,18,10,28,70
07/13/2008,SPI,IL,AGL,CE,Combined TRACON& Tower with Radar,0,16,19,4,39,0,1,31,1,33,0,17,50,5,72,9,14,23,95
07/14/2008,SPI,IL,AGL,CE,Combined TRACON& Tower with Radar,0,21,17,6,44,0,6,35,4,45,0,27,52,10,89,32,17,49,138
07/15/2008,SPI,IL,AGL,CE,Combined TRACON& Tower with Radar,0,29,24,15,68,0,7,39,2,48,0,36,63,17,116,42,48,90,206
07/16/2008,SPI,IL,AGL,CE,Combined TRACON& Tower with Radar,0,22,33,6,61,0,6,28,2,36,0,28,61,8,97,24,10,34,131
07/17/2008,SPI,IL,AGL,CE,Combined TRACON& Tower with Radar,0,21,28,6,55,0,10,41,1,52,0,31,69,7,107,25,6,31,138
07/18/2008,SPI,IL,AGL,CE,Combined TRACON& Tower with Radar,0,19,17,4,40,0,7,20,2,29,0,26,37,6,69,34,0,34,103
07/19/2008,SPI,IL,AGL,CE,Combined TRACON& Tower with Radar,0,17,11,0,28,0,4,15,0,19,0,21,26,0,47,31,0,31,78
07/20/2008,SPI,IL,AGL,CE,Combined TRACON& Tower with Radar,0,14,14,0,28,0,14,17,0,31,0,28,31,0,59,14,0,14,73
07/21/2008,SPI,IL,AGL,CE,Combined TRACON& Tower with Radar,0,19,21,2,42,0,20,15,0,35,0,39,36,2,77,32,9,41,118
07/22/2008,SPI,IL,AGL,CE,Combined TRACON& Tower with Radar,0,23,41,4,68,0,8,24,2,34,0,31,65,6,102,20,5,25,127
07/23/2008,SPI,IL,AGL,CE,Combined TRACON& Tower with Radar,0,27,37,6,70,0,30,41,2,73,0,57,78,8,143,29,9,38,181
07/24/2008,SPI,IL,AGL,CE,Combined TRACON& Tower with Radar,0,23,34,6,63,0,15,7,0,22,0,38,41,6,85,82,4,86,171
07/25/2008,SPI,IL,AGL,CE,Combined TRACON& Tower with Radar,0,22,28,13,63,0,12,18,0,30,0,34,46,13,93,16,0,16,109
07/26/2008,SPI,IL,AGL,CE,Combined TRACON& Tower with Radar,0,18,19,0,37,0,0,28,0,28,0,18,47,0,65,7,0,7,72
07/27/2008,SPI,IL,AGL,CE,Combined TRACON& Tower with Radar,0,12,18,0,30,0,0,20,0,20,0,12,38,0,50,17,0,17,67
07/28/2008,SPI,IL,AGL,CE,Combined TRACON& Tower with Radar,0,19,26,1,46,0,2,19,1,22,0,21,45,2,68,28,5,33,101
07/29/2008,SPI,IL,AGL,CE,Combined TRACON& Tower with Radar,0,19,31,15,65,0,2,19,2,23,0,21,50,17,88,12,9,21,109
07/30/2008,SPI,IL,AGL,CE,Combined TRACON& Tower with Radar,0,21,15,4,40,0,0,18,0,18,0,21,33,4,58,34,0,34,92
07/31/2008,SPI,IL,AGL,CE,Combined TRACON& Tower with Radar,0,21,44,12,77,0,11,20,2,33,0,32,64,14,110,23,13,36,146
08/01/2008,SPI,IL,AGL,CE,Combined TRACON& Tower with Radar,0,23,42,6,71,0,0,6,0,6,0,23,48,6,77,44,2,46,123
08/02/2008,SPI,IL,AGL,CE,Combined TRACON& Tower with Radar,0,14,19,7,40,0,3,22,1,26,0,17,41,8,66,18,8,26,92
08/03/2008,SPI,IL,AGL,CE,Combined TRACON& Tower with Radar,0,13,14,16,43,0,0,13,2,15,0,13,27,18,58,8,20,28,86
08/04/2008,SPI,IL,AGL,CE,Combined TRACON& Tower with Radar,2,17,31,11,61,0,0,15,3,18,2,17,46,14,79,13,9,22,101
08/05/2008,SPI,IL,AGL,CE,Combined TRACON& Tower with Radar,2,24,18,7,51,0,2,10,1,13,2,26,28,8,64,0,2,2,66
08/06/2008,SPI,IL,AGL,CE,Combined TRACON& Tower with Radar,0,17,30,3,50,0,6,30,5,41,0,23,60,8,91,58,9,67,158
08/07/2008,SPI,IL,AGL,CE,Combined TRACON& Tower with Radar,0,24,49,10,83,0,6,45,1,52,0,30,94,11,135,21,8,29,164
08/08/2008,SPI,IL,AGL,CE,Combined TRACON& Tower with Radar,0,19,16,13,48,0,6,32,3,41,0,25,48,16,89,28,4,32,121
08/09/2008,SPI,IL,AGL,CE,Combined TRACON& Tower with Radar,0,16,27,2,45,0,4,37,0,41,0,20,64,2,86,47,0,47,133
08/10/2008,SPI,IL,AGL,CE,Combined TRACON& Tower with Radar,0,15,35,3,53,0,7,12,1,20,0,22,47,4,73,2,0,2,75
08/11/2008,SPI,IL,AGL,CE,Combined TRACON& Tower with Radar,0,18,58,7,83,0,5,32,3,40,0,23,90,10,123,26,2,28,151
08/12/2008,SPI,IL,AGL,CE,Combined TRACON& Tower with Radar,0,26,36,4,66,0,4,36,1,41,0,30,72,5,107,24,0,24,131
08/13/2008,SPI,IL,AGL,CE,Combined TRACON& Tower with Radar,2,27,31,7,67,0,3,27,3,33,2,30,58,10,100,14,14,28,128
08/14/2008,SPI,IL,AGL,CE,Combined TRACON& Tower with Radar,0,23,30,10,63,0,9,20,2,31,0,32,50,12,94,6,5,11,105
08/15/2008,SPI,IL,AGL,CE,Combined TRACON& Tower with Radar,0,17,24,12,53,0,4,37,8,49,0,21,61,20,102,36,1,37,139
08/16/2008,SPI,IL,AGL,CE,Combined TRACON& Tower with Radar,2,13,43,2,60,0,0,36,0,36,2,13,79,2,96,20,6,26,122
08/17/2008,SPI,IL,AGL,CE,Combined TRACON& Tower with Radar,0,17,22,3,42,0,0,40,1,41,0,17,62,4,83,23,10,33,116
08/18/2008,SPI,IL,AGL,CE,Combined TRACON& Tower with Radar,0,20,21,5,46,0,11,20,2,33,0,31,41,7,79,2,4,6,85
08/19/2008,SPI,IL,AGL,CE,Combined TRACON& Tower with Radar,0,25,47,4,76,0,11,31,2,44,0,36,78,6,120,56,4,60,180
08/20/2008,SPI,IL,AGL,CE,Combined TRACON& Tower with Radar,0,20,39,3,62,0,4,35,3,42,0,24,74,6,104,50,10,60,164
08/21/2008,SPI,IL,AGL,CE,Combined TRACON& Tower with Radar,0,20,35,1,56,0,3,4,0,7,0,23,39,1,63,18,0,18,81
08/22/2008,SPI,IL,AGL,CE,Combined TRACON& Tower with Radar,0,21,36,4,61,0,0,5,1,6,0,21,41,5,67,26,0,26,93
08/23/2008,SPI,IL,AGL,CE,Combined TRACON& Tower with Radar,1,14,17,1,33,0,1,19,0,20,1,15,36,1,53,22,0,22,75
08/24/2008,SPI,IL,AGL,CE,Combined TRACON& Tower with Radar,0,10,19,0,29,0,1,36,0,37,0,11,55,0,66,14,0,14,80
08/25/2008,SPI,IL,AGL,CE,Combined TRACON& Tower with Radar,0,17,20,4,41,0,2,19,3,24,0,19,39,7,65,2,9,11,76
08/26/2008,SPI,IL,AGL,CE,Combined TRACON& Tower with Radar,0,18,44,1,63,0,7,52,0,59,0,25,96,1,122,8,0,8,130
08/27/2008,SPI,IL,AGL,CE,Combined TRACON& Tower with Radar,0,20,41,8,69,0,15,21,2,38,0,35,62,10,107,0,6,6,113
08/28/2008,SPI,IL,AGL,CE,Combined TRACON& Tower with Radar,0,19,31,2,52,0,4,12,2,18,0,23,43,4,70,45,4,49,119
08/29/2008,SPI,IL,AGL,CE,Combined TRACON& Tower with Radar,0,20,46,0,66,0,9,26,0,35,0,29,72,0,101,33,0,33,134
08/30/2008,SPI,IL,AGL,CE,Combined TRACON& Tower with Radar,0,13,10,0,23,0,6,52,0,58,0,19,62,0,81,52,0,52,133
08/31/2008,SPI,IL,AGL,CE,Combined TRACON& Tower with Radar,0,9,11,0,20,0,0,44,0,44,0,9,55,0,64,0,0,0,64
09/01/2008,SPI,IL,AGL,CE,Combined TRACON& Tower with Radar,0,11,15,0,26,0,0,31,0,31,0,11,46,0,57,2,0,2,59
09/02/2008,SPI,IL,AGL,CE,Combined TRACON& Tower with Radar,0,15,33,3,51,0,6,32,1,39,0,21,65,4,90,69,2,71,161
09/03/2008,SPI,IL,AGL,CE,Combined TRACON& Tower with Radar,2,18,18,9,47,0,1,4,0,5,2,19,22,9,52,11,17,28,80
09/04/2008,SPI,IL,AGL,CE,Combined TRACON& Tower with Radar,0,14,18,3,35,0,0,0,0,0,0,14,18,3,35,0,0,0,35
09/05/2008,SPI,IL,AGL,CE,Combined TRACON& Tower with Radar,0,16,34,4,54,0,1,12,0,13,0,17,46,4,67,0,0,0,67
09/06/2008,SPI,IL,AGL,CE,Combined TRACON& Tower with Radar,2,10,25,2,39,0,5,37,1,43,2,15,62,3,82,19,10,29,111
09/07/2008,SPI,IL,AGL,CE,Combined TRACON& Tower with Radar,0,9,37,4,50,0,4,21,0,25,0,13,58,4,75,25,0,25,100
09/08/2008,SPI,IL,AGL,CE,Combined TRACON& Tower with Radar,0,17,23,0,40,0,0,4,0,4,0,17,27,0,44,0,0,0,44
09/09/2008,SPI,IL,AGL,CE,Combined TRACON& Tower with Radar,0,19,35,3,57,0,8,25,2,35,0,27,60,5,92,37,0,37,129
09/10/2008,SPI,IL,AGL,CE,Combined TRACON& Tower with Radar,0,18,64,1,83,0,7,55,0,62,0,25,119,1,145,34,0,34,179
09/11/2008,SPI,IL,AGL,CE,Combined TRACON& Tower with Radar,0,19,47,0,66,0,1,7,0,8,0,20,54,0,74,32,0,32,106
09/12/2008,SPI,IL,AGL,CE,Combined TRACON& Tower with Radar,0,18,16,0,34,0,0,0,0,0,0,18,16,0,34,0,0,0,34
09/13/2008,SPI,IL,AGL,CE,Combined TRACON& Tower with Radar,0,11,9,0,20,0,0,2,0,2,0,11,11,0,22,2,0,2,24
09/14/2008,SPI,IL,AGL,CE,Combined TRACON& Tower with Radar,0,7,9,0,16,0,0,1,0,1,0,7,10,0,17,0,0,0,17
09/15/2008,SPI,IL,AGL,CE,Combined TRACON& Tower with Radar,0,14,26,1,41,0,2,8,0,10,0,16,34,1,51,0,0,0,51
09/16/2008,SPI,IL,AGL,CE,Combined TRACON& Tower with Radar,0,26,22,6,54,0,0,21,0,21,0,26,43,6,75,20,2,22,97
09/17/2008,SPI,IL,AGL,CE,Combined TRACON& Tower with Radar,0,25,37,3,65,0,10,52,0,62,0,35,89,3,127,28,0,28,155
09/18/2008,SPI,IL,AGL,CE,Combined TRACON& Tower with Radar,0,21,42,2,65,0,13,45,1,59,0,34,87,3,124,72,4,76,200
09/19/2008,SPI,IL,AGL,CE,Combined TRACON& Tower with Radar,0,24,34,3,61,0,6,31,3,40,0,30,65,6,101,51,0,51,152
09/20/2008,SPI,IL,AGL,CE,Combined TRACON& Tower with Radar,2,12,14,0,28,0,0,28,0,28,2,12,42,0,56,34,0,34,90
09/21/2008,SPI,IL,AGL,CE,Combined TRACON& Tower with Radar,0,13,17,0,30,0,0,21,0,21,0,13,38,0,51,38,0,38,89
09/22/2008,SPI,IL,AGL,CE,Combined TRACON& Tower with Radar,0,22,27,0,49,0,3,34,0,37,0,25,61,0,86,33,0,33,119
09/23/2008,SPI,IL,AGL,CE,Combined TRACON& Tower with Radar,2,25,26,6,59,0,9,33,6,48,2,34,59,12,107,19,10,29,136
09/24/2008,SPI,IL,AGL,CE,Combined TRACON& Tower with Radar,0,15,50,5,70,0,9,28,2,39,0,24,78,7,109,39,0,39,148
09/25/2008,SPI,IL,AGL,CE,Combined TRACON& Tower with Radar,0,20,43,4,67,0,7,65,0,72,0,27,108,4,139,65,0,65,204
09/26/2008,SPI,IL,AGL,CE,Combined TRACON& Tower with Radar,0,23,37,4,64,0,5,46,0,51,0,28,83,4,115,64,0,64,179
09/27/2008,SPI,IL,AGL,CE,Combined TRACON& Tower with Radar,0,10,22,0,32,0,4,30,0,34,0,14,52,0,66,15,0,15,81
09/28/2008,SPI,IL,AGL,CE,Combined TRACON& Tower with Radar,0,11,27,2,40,0,0,34,0,34,0,11,61,2,74,25,0,25,99
09/29/2008,SPI,IL,AGL,CE,Combined TRACON& Tower with Radar,0,17,17,7,41,0,0,8,0,8,0,17,25,7,49,14,0,14,63
09/30/2008,SPI,IL,AGL,CE,Combined TRACON& Tower with Radar,0,16,27,3,46,0,12,27,1,40,0,28,54,4,86,41,0,41,127
10/01/2008,SPI,IL,AGL,CE,Combined TRACON& Tower with Radar,0,13,35,0,48,0,11,33,0,44,0,24,68,0,92,68,0,68,160
10/02/2008,SPI,IL,AGL,CE,Combined TRACON& Tower with Radar,0,26,27,0,53,0,6,39,0,45,0,32,66,0,98,20,0,20,118
10/03/2008,SPI,IL,AGL,CE,Combined TRACON& Tower with Radar,0,20,42,11,73,0,2,48,3,53,0,22,90,14,126,34,0,34,160
10/04/2008,SPI,IL,AGL,CE,Combined TRACON& Tower with Radar,0,12,26,8,46,0,1,40,1,42,0,13,66,9,88,21,8,29,117
10/05/2008,SPI,IL,AGL,CE,Combined TRACON& Tower with Radar,0,9,35,0,44,0,4,35,0,39,0,13,70,0,83,6,0,6,89
10/06/2008,SPI,IL,AGL,CE,Combined TRACON& Tower with Radar,0,17,20,0,37,0,7,30,0,37,0,24,50,0,74,18,0,18,92
10/07/2008,SPI,IL,AGL,CE,Combined TRACON& Tower with Radar,0,23,15,0,38,0,1,2,0,3,0,24,17,0,41,0,0,0,41
10/08/2008,SPI,IL,AGL,CE,Combined TRACON& Tower with Radar,0,21,27,2,50,0,7,17,0,24,0,28,44,2,74,16,0,16,90
10/09/2008,SPI,IL,AGL,CE,Combined TRACON& Tower with Radar,0,19,29,2,50,0,12,46,0,58,0,31,75,2,108,72,0,72,180
10/10/2008,SPI,IL,AGL,CE,Combined TRACON& Tower with Radar,0,15,17,2,34,0,12,32,0,44,0,27,49,2,78,37,0,37,115
10/11/2008,SPI,IL,AGL,CE,Combined TRACON& Tower with Radar,0,11,8,0,19,0,1,41,0,42,0,12,49,0,61,26,0,26,87
10/12/2008,SPI,IL,AGL,CE,Combined TRACON& Tower with Radar,0,10,20,0,30,0,0,24,0,24,0,10,44,0,54,9,0,9,63
10/13/2008,SPI,IL,AGL,CE,Combined TRACON& Tower with Radar,0,12,35,4,51,0,1,14,0,15,0,13,49,4,66,29,0,29,95
10/14/2008,SPI,IL,AGL,CE,Combined TRACON& Tower with Radar,0,19,36,2,57,0,1,7,2,10,0,20,43,4,67,32,0,32,99
10/15/2008,SPI,IL,AGL,CE,Combined TRACON& Tower with Radar,0,19,42,0,61,0,0,1,2,3,0,19,43,2,64,0,0,0,64
10/16/2008,SPI,IL,AGL,CE,Combined TRACON& Tower with Radar,0,19,43,2,64,0,11,41,0,52,0,30,84,2,116,35,0,35,151
10/17/2008,SPI,IL,AGL,CE,Combined TRACON& Tower with Radar,0,16,22,4,42,0,13,27,1,41,0,29,49,5,83,91,5,96,179
10/18/2008,SPI,IL,AGL,CE,Combined TRACON& Tower with Radar,0,10,14,3,27,0,2,36,2,40,0,12,50,5,67,32,0,32,99
10/19/2008,SPI,IL,AGL,CE,Combined TRACON& Tower with Radar,0,12,19,0,31,0,2,25,0,27,0,14,44,0,58,0,0,0,58
10/20/2008,SPI,IL,AGL,CE,Combined TRACON& Tower with Radar,0,16,19,6,41,0,13,38,0,51,0,29,57,6,92,38,0,38,130
10/21/2008,SPI,IL,AGL,CE,Combined TRACON& Tower with Radar,0,23,23,0,46,0,8,39,0,47,0,31,62,0,93,82,0,82,175
10/22/2008,SPI,IL,AGL,CE,Combined TRACON& Tower with Radar,2,13,32,0,47,0,4,15,0,19,2,17,47,0,66,45,0,45,111
10/23/2008,SPI,IL,AGL,CE,Combined TRACON& Tower with Radar,0,17,23,4,44,0,5,3,0,8,0,22,26,4,52,23,0,23,75
10/24/2008,SPI,IL,AGL,CE,Combined TRACON& Tower with Radar,0,16,28,6,50,0,1,11,1,13,0,17,39,7,63,7,2,9,72
10/25/2008,SPI,IL,AGL,CE,Combined TRACON& Tower with Radar,0,20,28,6,54,0,0,27,1,28,0,20,55,7,82,10,0,10,92
10/26/2008,SPI,IL,AGL,CE,Combined TRACON& Tower with Radar,0,10,22,5,37,0,1,16,0,17,0,11,38,5,54,37,0,37,91
10/27/2008,SPI,IL,AGL,CE,Combined TRACON& Tower with Radar,0,17,27,13,57,0,2,14,1,17,0,19,41,14,74,38,6,44,118
10/28/2008,SPI,IL,AGL,CE,Combined TRACON& Tower with Radar,0,20,30,2,52,0,3,31,0,34,0,23,61,2,86,63,0,63,149
10/29/2008,SPI,IL,AGL,CE,Combined TRACON& Tower with Radar,0,16,39,1,56,0,13,40,0,53,0,29,79,1,109,31,0,31,140
10/30/2008,SPI,IL,AGL,CE,Combined TRACON& Tower with Radar,0,20,37,2,59,0,9,32,0,41,0,29,69,2,100,45,0,45,145
10/31/2008,SPI,IL,AGL,CE,Combined TRACON& Tower with Radar,0,17,26,0,43,0,7,25,0,32,0,24,51,0,75,54,0,54,129
11/01/2008,SPI,IL,AGL,CE,Combined TRACON& Tower with Radar,0,11,17,2,30,0,2,51,0,53,0,13,68,2,83,49,0,49,132
11/02/2008,SPI,IL,AGL,CE,Combined TRACON& Tower with Radar,0,9,12,2,23,0,0,27,0,27,0,9,39,2,50,0,0,0,50
11/03/2008,SPI,IL,AGL,CE,Combined TRACON& Tower with Radar,0,13,15,0,28,0,4,19,0,23,0,17,34,0,51,20,0,20,71
11/04/2008,SPI,IL,AGL,CE,Combined TRACON& Tower with Radar,0,14,26,1,41,0,0,26,1,27,0,14,52,2,68,44,0,44,112
11/05/2008,SPI,IL,AGL,CE,Combined TRACON& Tower with Radar,0,19,23,3,45,0,5,32,2,39,0,24,55,5,84,8,0,8,92
11/06/2008,SPI,IL,AGL,CE,Combined TRACON& Tower with Radar,0,15,22,4,41,0,2,11,0,13,0,17,33,4,54,2,0,2,56
11/07/2008,SPI,IL,AGL,CE,Combined TRACON& Tower with Radar,0,16,21,0,37,0,0,11,0,11,0,16,32,0,48,18,0,18,66
11/08/2008,SPI,IL,AGL,CE,Combined TRACON& Tower with Radar,2,11,18,0,31,0,0,1,0,1,2,11,19,0,32,8,0,8,40
11/09/2008,SPI,IL,AGL,CE,Combined TRACON& Tower with Radar,0,11,33,0,44,0,0,6,0,6,0,11,39,0,50,3,0,3,53
11/10/2008,SPI,IL,AGL,CE,Combined TRACON& Tower with Radar,4,18,37,0,59,0,3,33,0,36,4,21,70,0,95,6,0,6,101
11/11/2008,SPI,IL,AGL,CE,Combined TRACON& Tower with Radar,0,12,23,1,36,0,0,0,0,0,0,12,23,1,36,1,0,1,37
11/12/2008,SPI,IL,AGL,CE,Combined TRACON& Tower with Radar,0,29,51,0,80,0,2,11,0,13,0,31,62,0,93,0,0,0,93
11/13/2008,SPI,IL,AGL,CE,Combined TRACON& Tower with Radar,0,27,31,15,73,0,4,13,1,18,0,31,44,16,91,5,10,15,106
11/14/2008,SPI,IL,AGL,CE,Combined TRACON& Tower with Radar,0,18,25,0,43,0,1,1,0,2,0,19,26,0,45,12,0,12,57
11/15/2008,SPI,IL,AGL,CE,Combined TRACON& Tower with Radar,0,8,7,0,15,0,0,4,0,4,0,8,11,0,19,0,0,0,19
11/16/2008,SPI,IL,AGL,CE,Combined TRACON& Tower with Radar,0,8,21,0,29,0,1,22,0,23,0,9,43,0,52,7,0,7,59
11/17/2008,SPI,IL,AGL,CE,Combined TRACON& Tower with Radar,0,15,30,15,60,0,2,7,0,9,0,17,37,15,69,0,10,10,79
11/18/2008,SPI,IL,AGL,CE,Combined TRACON& Tower with Radar,0,17,42,6,65,0,4,31,2,37,0,21,73,8,102,14,6,20,122
11/19/2008,SPI,IL,AGL,CE,Combined TRACON& Tower with Radar,0,22,40,8,70,0,5,26,0,31,0,27,66,8,101,15,4,19,120
11/20/2008,SPI,IL,AGL,CE,Combined TRACON& Tower with Radar,0,23,22,1,46,0,4,12,0,16,0,27,34,1,62,0,0,0,62
11/21/2008,SPI,IL,AGL,CE,Combined TRACON& Tower with Radar,0,15,39,17,71,0,7,18,0,25,0,22,57,17,96,1,0,1,97
11/22/2008,SPI,IL,AGL,CE,Combined TRACON& Tower with Radar,0,9,26,1,36,0,4,17,2,23,0,13,43,3,59,40,0,40,99
11/23/2008,SPI,IL,AGL,CE,Combined TRACON& Tower with Radar,0,11,28,2,41,0,1,22,0,23,0,12,50,2,64,26,0,26,90
11/24/2008,SPI,IL,AGL,CE,Combined TRACON& Tower with Radar,0,16,18,0,34,0,1,3,0,4,0,17,21,0,38,0,0,0,38
11/25/2008,SPI,IL,AGL,CE,Combined TRACON& Tower with Radar,0,28,23,12,63,0,10,19,5,34,0,38,42,17,97,15,14,29,126
11/26/2008,SPI,IL,AGL,CE,Combined TRACON& Tower with Radar,0,15,24,0,39,0,3,39,0,42,0,18,63,0,81,15,0,15,96
11/27/2008,SPI,IL,AGL,CE,Combined TRACON& Tower with Radar,0,7,2,0,9,0,1,15,0,16,0,8,17,0,25,0,0,0,25
11/28/2008,SPI,IL,AGL,CE,Combined TRACON& Tower with Radar,0,6,10,0,16,0,0,32,0,32,0,6,42,0,48,38,0,38,86
11/29/2008,SPI,IL,AGL,CE,Combined TRACON& Tower with Radar,0,10,25,0,35,0,3,31,0,34,0,13,56,0,69,18,0,18,87
11/30/2008,SPI,IL,AGL,CE,Combined TRACON& Tower with Radar,0,7,8,0,15,0,0,0,0,0,0,7,8,0,15,0,0,0,15
12/01/2008,SPI,IL,AGL,CE,Combined TRACON& Tower with Radar,0,18,15,4,37,0,0,1,0,1,0,18,16,4,38,0,0,0,38
12/02/2008,SPI,IL,AGL,CE,Combined TRACON& Tower with Radar,0,19,32,4,55,0,4,14,0,18,0,23,46,4,73,13,0,13,86
12/03/2008,SPI,IL,AGL,CE,Combined TRACON& Tower with Radar,0,20,26,0,46,0,0,2,0,2,0,20,28,0,48,5,0,5,53
12/04/2008,SPI,IL,AGL,CE,Combined TRACON& Tower with Radar,0,15,23,10,48,0,7,19,4,30,0,22,42,14,78,2,3,5,83
12/05/2008,SPI,IL,AGL,CE,Combined TRACON& Tower with Radar,0,16,15,2,33,0,5,17,0,22,0,21,32,2,55,6,0,6,61
12/06/2008,SPI,IL,AGL,CE,Combined TRACON& Tower with Radar,0,10,8,0,18,0,0,5,0,5,0,10,13,0,23,8,0,8,31
12/07/2008,SPI,IL,AGL,CE,Combined TRACON& Tower with Radar,0,8,15,0,23,0,0,14,0,14,0,8,29,0,37,19,0,19,56
12/08/2008,SPI,IL,AGL,CE,Combined TRACON& Tower with Radar,0,17,15,2,34,0,0,15,0,15,0,17,30,2,49,8,0,8,57
12/09/2008,SPI,IL,AGL,CE,Combined TRACON& Tower with Radar,0,14,19,0,33,0,0,0,0,0,0,14,19,0,33,0,0,0,33
12/10/2008,SPI,IL,AGL,CE,Combined TRACON& Tower with Radar,0,19,30,8,57,0,9,13,3,25,0,28,43,11,82,12,2,14,96
12/11/2008,SPI,IL,AGL,CE,Combined TRACON& Tower with Radar,0,25,36,3,64,0,9,21,0,30,0,34,57,3,94,16,0,16,110
12/12/2008,SPI,IL,AGL,CE,Combined TRACON& Tower with Radar,0,17,24,2,43,0,1,8,0,9,0,18,32,2,52,18,0,18,70
12/13/2008,SPI,IL,AGL,CE,Combined TRACON& Tower with Radar,0,10,12,0,22,0,0,5,0,5,0,10,17,0,27,0,0,0,27
12/14/2008,SPI,IL,AGL,CE,Combined TRACON& Tower with Radar,0,12,8,0,20,0,0,0,0,0,0,12,8,0,20,1,0,1,21
12/15/2008,SPI,IL,AGL,CE,Combined TRACON& Tower with Radar,0,27,27,0,54,0,0,1,0,1,0,27,28,0,55,1,0,1,56
12/16/2008,SPI,IL,AGL,CE,Combined TRACON& Tower with Radar,0,17,12,0,29,0,0,0,0,0,0,17,12,0,29,1,0,1,30
12/17/2008,SPI,IL,AGL,CE,Combined TRACON& Tower with Radar,0,17,28,0,45,0,9,5,0,14,0,26,33,0,59,0,1,1,60
12/18/2008,SPI,IL,AGL,CE,Combined TRACON& Tower with Radar,0,13,29,0,42,0,0,4,0,4,0,13,33,0,46,7,0,7,53
12/19/2008,SPI,IL,AGL,CE,Combined TRACON& Tower with Radar,0,13,16,1,30,0,0,0,0,0,0,13,16,1,30,0,0,0,30
12/20/2008,SPI,IL,AGL,CE,Combined TRACON& Tower with Radar,0,13,9,0,22,0,0,1,0,1,0,13,10,0,23,0,0,0,23
12/21/2008,SPI,IL,AGL,CE,Combined TRACON& Tower with Radar,0,3,2,0,5,0,0,0,0,0,0,3,2,0,5,7,0,7,12
12/22/2008,SPI,IL,AGL,CE,Combined TRACON& Tower with Radar,0,19,22,10,51,0,3,13,0,16,0,22,35,10,67,2,12,14,81
12/23/2008,SPI,IL,AGL,CE,Combined TRACON& Tower with Radar,0,7,8,0,15,0,0,0,0,0,0,7,8,0,15,0,0,0,15
12/24/2008,SPI,IL,AGL,CE,Combined TRACON& Tower with Radar,0,10,3,0,13,0,2,3,0,5,0,12,6,0,18,0,0,0,18
12/25/2008,SPI,IL,AGL,CE,Combined TRACON& Tower with Radar,0,10,7,0,17,0,0,9,0,9,0,10,16,0,26,14,0,14,40
12/26/2008,SPI,IL,AGL,CE,Combined TRACON& Tower with Radar,0,14,19,0,33,0,0,0,0,0,0,14,19,0,33,0,0,0,33
12/27/2008,SPI,IL,AGL,CE,Combined TRACON& Tower with Radar,0,12,9,0,21,0,0,0,0,0,0,12,9,0,21,0,0,0,21
12/28/2008,SPI,IL,AGL,CE,Combined TRACON& Tower with Radar,0,9,10,0,19,0,2,20,0,22,0,11,30,0,41,25,0,25,66
12/29/2008,SPI,IL,AGL,CE,Combined TRACON& Tower with Radar,0,19,28,0,47,0,0,25,0,25,0,19,53,0,72,12,0,12,84
12/30/2008,SPI,IL,AGL,CE,Combined TRACON& Tower with Radar,0,17,21,16,54,0,9,24,0,33,0,26,45,16,87,10,14,24,111
12/31/2008,SPI,IL,AGL,CE,Combined TRACON& Tower with Radar,0,11,8,0,19,0,3,18,0,21,0,14,26,0,40,15,0,15,55
01/01/2009,SPI,IL,AGL,CE,Combined TRACON& Tower with Radar,0,7,8,0,15,0,0,4,0,4,0,7,12,0,19,0,0,0,19
01/02/2009,SPI,IL,AGL,CE,Combined TRACON& Tower with Radar,0,13,11,0,24,0,1,17,0,18,0,14,28,0,42,26,0,26,68
01/03/2009,SPI,IL,AGL,CE,Combined TRACON& Tower with Radar,0,15,11,0,26,0,0,0,0,0,0,15,11,0,26,0,0,0,26
01/04/2009,SPI,IL,AGL,CE,Combined TRACON& Tower with Radar,2,13,21,0,36,0,1,5,0,6,2,14,26,0,42,4,0,4,46
01/05/2009,SPI,IL,AGL,CE,Combined TRACON& Tower with Radar,0,17,21,0,38,0,4,13,0,17,0,21,34,0,55,5,0,5,60
01/06/2009,SPI,IL,AGL,CE,Combined TRACON& Tower with Radar,0,16,11,0,27,0,0,0,0,0,0,16,11,0,27,0,0,0,27
01/07/2009,SPI,IL,AGL,CE,Combined TRACON& Tower with Radar,0,21,17,0,38,0,5,4,0,9,0,26,21,0,47,1,0,1,48
01/08/2009,SPI,IL,AGL,CE,Combined TRACON& Tower with Radar,0,20,38,3,61,0,0,13,4,17,0,20,51,7,78,8,6,14,92
01/09/2009,SPI,IL,AGL,CE,Combined TRACON& Tower with Radar,0,20,30,9,59,0,2,10,0,12,0,22,40,9,71,6,4,10,81
01/10/2009,SPI,IL,AGL,CE,Combined TRACON& Tower with Radar,0,8,3,0,11,0,0,0,0,0,0,8,3,0,11,1,0,1,12
01/11/2009,SPI,IL,AGL,CE,Combined TRACON& Tower with Radar,0,10,15,1,26,0,1,17,0,18,0,11,32,1,44,69,0,69,113
01/12/2009,SPI,IL,AGL,CE,Combined TRACON& Tower with Radar,0,23,20,0,43,0,0,3,0,3,0,23,23,0,46,17,0,17,63
01/13/2009,SPI,IL,AGL,CE,Combined TRACON& Tower with Radar,0,13,20,3,36,0,1,2,3,6,0,14,22,6,42,9,0,9,51
01/14/2009,SPI,IL,AGL,CE,Combined TRACON& Tower with Radar,0,22,20,22,64,0,0,7,0,7,0,22,27,22,71,0,0,0,71
01/15/2009,SPI,IL,AGL,CE,Combined TRACON& Tower with Radar,0,24,19,0,43,0,0,6,0,6,0,24,25,0,49,0,0,0,49
01/16/2009,SPI,IL,AGL,CE,Combined TRACON& Tower with Radar,0,22,10,0,32,0,3,9,0,12,0,25,19,0,44,0,0,0,44
01/17/2009,SPI,IL,AGL,CE,Combined TRACON& Tower with Radar,0,9,13,0,22,0,0,10,0,10,0,9,23,0,32,14,0,14,46
01/18/2009,SPI,IL,AGL,CE,Combined TRACON& Tower with Radar,0,6,10,0,16,0,0,4,0,4,0,6,14,0,20,0,0,0,20
01/19/2009,SPI,IL,AGL,CE,Combined TRACON& Tower with Radar,0,15,21,0,36,0,0,9,0,9,0,15,30,0,45,0,0,0,45
01/20/2009,SPI,IL,AGL,CE,Combined TRACON& Tower with Radar,0,14,21,6,41,0,6,15,2,23,0,20,36,8,64,19,0,19,83
01/21/2009,SPI,IL,AGL,CE,Combined TRACON& Tower with Radar,0,16,30,6,52,0,6,22,0,28,0,22,52,6,80,2,6,8,88
01/22/2009,SPI,IL,AGL,CE,Combined TRACON& Tower with Radar,0,28,44,2,74,0,5,37,2,44,0,33,81,4,118,24,0,24,142
01/23/2009,SPI,IL,AGL,CE,Combined TRACON& Tower with Radar,0,18,28,2,48,0,0,18,0,18,0,18,46,2,66,4,0,4,70
01/24/2009,SPI,IL,AGL,CE,Combined TRACON& Tower with Radar,0,9,14,0,23,0,0,13,0,13,0,9,27,0,36,22,0,22,58
01/25/2009,SPI,IL,AGL,CE,Combined TRACON& Tower with Radar,0,9,8,2,19,0,1,3,0,4,0,10,11,2,23,7,0,7,30
01/26/2009,SPI,IL,AGL,CE,Combined TRACON& Tower with Radar,0,20,25,0,45,0,0,7,0,7,0,20,32,0,52,18,0,18,70
01/27/2009,SPI,IL,AGL,CE,Combined TRACON& Tower with Radar,0,14,12,0,26,0,0,5,0,5,0,14,17,0,31,0,0,0,31
01/28/2009,SPI,IL,AGL,CE,Combined TRACON& Tower with Radar,0,18,19,7,44,0,2,3,0,5,0,20,22,7,49,13,0,13,62
01/29/2009,SPI,IL,AGL,CE,Combined TRACON& Tower with Radar,0,24,24,0,48,0,3,8,0,11,0,27,32,0,59,2,0,2,61
01/30/2009,SPI,IL,AGL,CE,Combined TRACON& Tower with Radar,0,24,19,3,46,0,4,25,1,30,0,28,44,4,76,26,0,26,102
01/31/2009,SPI,IL,AGL,CE,Combined TRACON& Tower with Radar,0,15,14,0,29,0,2,33,2,37,0,17,47,2,66,16,0,16,82
02/01/2009,SPI,IL,AGL,CE,Combined TRACON& Tower with Radar,0,10,22,0,32,0,0,26,0,26,0,10,48,0,58,96,0,96,154
02/02/2009,SPI,IL,AGL,CE,Combined TRACON& Tower with Radar,0,20,10,2,32,0,4,12,0,16,0,24,22,2,48,2,0,2,50
02/03/2009,SPI,IL,AGL,CE,Combined TRACON& Tower with Radar,2,19,11,2,34,0,1,3,0,4,2,20,14,2,38,13,0,13,51
02/04/2009,SPI,IL,AGL,CE,Combined TRACON& Tower with Radar,0,24,21,0,45,0,3,20,0,23,0,27,41,0,68,0,0,0,68
02/05/2009,SPI,IL,AGL,CE,Combined TRACON& Tower with Radar,0,27,16,0,43,0,4,32,0,36,0,31,48,0,79,30,0,30,109
02/06/2009,SPI,IL,AGL,CE,Combined TRACON& Tower with Radar,0,17,20,0,37,0,1,19,0,20,0,18,39,0,57,30,0,30,87
02/07/2009,SPI,IL,AGL,CE,Combined TRACON& Tower with Radar,0,12,13,0,25,0,0,19,2,21,0,12,32,2,46,30,0,30,76
02/08/2009,SPI,IL,AGL,CE,Combined TRACON& Tower with Radar,0,9,19,0,28,0,0,0,0,0,0,9,19,0,28,17,0,17,45
02/09/2009,SPI,IL,AGL,CE,Combined TRACON& Tower with Radar,0,21,15,0,36,0,2,1,0,3,0,23,16,0,39,2,0,2,41
02/10/2009,SPI,IL,AGL,CE,Combined TRACON& Tower with Radar,0,20,19,2,41,0,3,6,2,11,0,23,25,4,52,1,0,1,53
02/11/2009,SPI,IL,AGL,CE,Combined TRACON& Tower with Radar,0,21,21,1,43,0,0,0,0,0,0,21,21,1,43,0,0,0,43
02/12/2009,SPI,IL,AGL,CE,Combined TRACON& Tower with Radar,0,24,29,6,59,0,0,14,4,18,0,24,43,10,77,0,6,6,83
02/13/2009,SPI,IL,AGL,CE,Combined TRACON& Tower with Radar,0,18,16,3,37,0,5,11,0,16,0,23,27,3,53,28,0,28,81
02/14/2009,SPI,IL,AGL,CE,Combined TRACON& Tower with Radar,0,11,9,0,20,0,0,6,0,6,0,11,15,0,26,16,0,16,42
02/15/2009,SPI,IL,AGL,CE,Combined TRACON& Tower with Radar,0,14,25,1,40,0,1,18,1,20,0,15,43,2,60,30,0,30,90
02/16/2009,SPI,IL,AGL,CE,Combined TRACON& Tower with Radar,0,18,22,1,41,0,1,20,0,21,0,19,42,1,62,57,0,57,119
02/17/2009,SPI,IL,AGL,CE,Combined TRACON& Tower with Radar,0,26,29,4,59,0,0,10,0,10,0,26,39,4,69,2,0,2,71
02/18/2009,SPI,IL,AGL,CE,Combined TRACON& Tower with Radar,0,20,8,0,28,0,0,0,0,0,0,20,8,0,28,4,0,4,32
02/19/2009,SPI,IL,AGL,CE,Combined TRACON& Tower with Radar,0,22,14,3,39,0,5,15,1,21,0,27,29,4,60,16,0,16,76
02/20/2009,SPI,IL,AGL,CE,Combined TRACON& Tower with Radar,0,28,22,3,53,0,5,20,0,25,0,33,42,3,78,19,0,19,97
02/21/2009,SPI,IL,AGL,CE,Combined TRACON& Tower with Radar,0,8,6,0,14,0,0,0,0,0,0,8,6,0,14,0,0,0,14
02/22/2009,SPI,IL,AGL,CE,Combined TRACON& Tower with Radar,0,12,26,0,38,0,2,26,0,28,0,14,52,0,66,83,0,83,149
02/23/2009,SPI,IL,AGL,CE,Combined TRACON& Tower with Radar,0,16,39,12,67,0,11,36,0,47,0,27,75,12,114,34,4,38,152
02/24/2009,SPI,IL,AGL,CE,Combined TRACON& Tower with Radar,0,25,21,2,48,0,3,13,2,18,0,28,34,4,66,41,0,41,107
02/25/2009,SPI,IL,AGL,CE,Combined TRACON& Tower with Radar,0,24,40,0,64,0,8,29,0,37,0,32,69,0,101,30,0,30,131
02/26/2009,SPI,IL,AGL,CE,Combined TRACON& Tower with Radar,0,18,21,2,41,0,0,0,0,0,0,18,21,2,41,1,0,1,42
02/27/2009,SPI,IL,AGL,CE,Combined TRACON& Tower with Radar,0,17,16,0,33,0,0,2,0,2,0,17,18,0,35,43,0,43,78
02/28/2009,SPI,IL,AGL,CE,Combined TRACON& Tower with Radar,0,11,16,0,27,0,0,12,0,12,0,11,28,0,39,23,0,23,62
03/01/2009,SPI,IL,AGL,CE,Combined TRACON& Tower with Radar,0,9,17,0,26,0,4,41,0,45,0,13,58,0,71,23,0,23,94
03/02/2009,SPI,IL,AGL,CE,Combined TRACON& Tower with Radar,0,31,24,4,59,0,5,26,0,31,0,36,50,4,90,14,0,14,104
03/03/2009,SPI,IL,AGL,CE,Combined TRACON& Tower with Radar,2,23,32,1,58,0,2,30,0,32,2,25,62,1,90,1,0,1,91
03/04/2009,SPI,IL,AGL,CE,Combined TRACON& Tower with Radar,0,25,33,15,73,0,14,37,0,51,0,39,70,15,124,33,0,33,157
03/05/2009,SPI,IL,AGL,CE,Combined TRACON& Tower with Radar,0,25,8,3,36,0,5,7,1,13,0,30,15,4,49,0,0,0,49
03/06/2009,SPI,IL,AGL,CE,Combined TRACON& Tower with Radar,0,25,21,13,59,0,5,40,0,45,0,30,61,13,104,40,30,70,174
03/07/2009,SPI,IL,AGL,CE,Combined TRACON& Tower with Radar,2,8,9,13,32,0,0,3,0,3,2,8,12,13,35,1,8,9,44
03/08/2009,SPI,IL,AGL,CE,Combined TRACON& Tower with Radar,2,8,6,0,16,0,0,2,0,2,2,8,8,0,18,2,0,2,20
03/09/2009,SPI,IL,AGL,CE,Combined TRACON& Tower with Radar,0,21,20,10,51,0,4,11,0,15,0,25,31,10,66,48,6,54,120
03/10/2009,SPI,IL,AGL,CE,Combined TRACON& Tower with Radar,0,21,14,0,35,0,0,2,0,2,0,21,16,0,37,0,0,0,37
03/11/2009,SPI,IL,AGL,CE,Combined TRACON& Tower with Radar,0,27,31,0,58,0,12,28,0,40,0,39,59,0,98,18,0,18,116
03/12/2009,SPI,IL,AGL,CE,Combined TRACON& Tower with Radar,0,26,26,11,63,0,9,37,2,48,0,35,63,13,111,46,6,52,163
03/13/2009,SPI,IL,AGL,CE,Combined TRACON& Tower with Radar,0,25,27,17,69,0,6,41,2,49,0,31,68,19,118,12,8,20,138
03/14/2009,SPI,IL,AGL,CE,Combined TRACON& Tower with Radar,0,10,11,0,21,0,2,57,0,59,0,12,68,0,80,10,0,10,90
03/15/2009,SPI,IL,AGL,CE,Combined TRACON& Tower with Radar,0,14,16,0,30,0,5,51,0,56,0,19,67,0,86,37,0,37,123
03/16/2009,SPI,IL,AGL,CE,Combined TRACON& Tower with Radar,0,23,23,13,59,0,3,25,0,28,0,26,48,13,87,0,6,6,93
03/17/2009,SPI,IL,AGL,CE,Combined TRACON& Tower with Radar,0,21,26,1,48,0,7,28,0,35,0,28,54,1,83,14,0,14,97
03/18/2009,SPI,IL,AGL,CE,Combined TRACON& Tower with Radar,0,21,30,0,51,0,15,11,0,26,0,36,41,0,77,14,2,16,93
03/19/2009,SPI,IL,AGL,CE,Combined TRACON& Tower with Radar,0,29,20,2,51,0,11,23,0,34,0,40,43,2,85,13,0,13,98
03/20/2009,SPI,IL,AGL,CE,Combined TRACON& Tower with Radar,0,14,26,4,44,0,7,22,0,29,0,21,48,4,73,10,0,10,83
03/21/2009,SPI,IL,AGL,CE,Combined TRACON& Tower with Radar,0,10,16,2,28,0,1,34,0,35,0,11,50,2,63,36,0,36,99
03/22/2009,SPI,IL,AGL,CE,Combined TRACON& Tower with Radar,0,9,6,0,15,0,0,5,0,5,0,9,11,0,20,44,0,44,64
03/23/2009,SPI,IL,AGL,CE,Combined TRACON& Tower with Radar,0,18,14,12,44,0,1,4,0,5,0,19,18,12,49,10,0,10,59
03/24/2009,SPI,IL,AGL,CE,Combined TRACON& Tower with Radar,0,19,22,0,41,0,0,2,0,2,0,19,24,0,43,0,0,0,43
03/25/2009,SPI,IL,AGL,CE,Combined TRACON& Tower with Radar,0,19,44,0,63,0,5,15,0,20,0,24,59,0,83,41,0,41,124
03/26/2009,SPI,IL,AGL,CE,Combined TRACON& Tower with Radar,0,25,17,4,46,0,7,33,0,40,0,32,50,4,86,43,1,44,130
03/27/2009,SPI,IL,AGL,CE,Combined TRACON& Tower with Radar,0,17,25,6,48,0,2,7,0,9,0,19,32,6,57,11,3,14,71
03/28/2009,SPI,IL,AGL,CE,Combined TRACON& Tower with Radar,0,8,11,0,19,0,0,0,0,0,0,8,11,0,19,0,0,0,19
03/29/2009,SPI,IL,AGL,CE,Combined TRACON& Tower with Radar,0,5,13,1,19,0,0,2,0,2,0,5,15,1,21,0,0,0,21
03/30/2009,SPI,IL,AGL,CE,Combined TRACON& Tower with Radar,0,32,30,1,63,0,9,36,1,46,0,41,66,2,109,48,0,48,157
03/31/2009,SPI,IL,AGL,CE,Combined TRACON& Tower with Radar,0,18,20,0,38,0,0,0,0,0,0,18,20,0,38,2,0,2,40
04/01/2009,SPI,IL,AGL,CE,Combined TRACON& Tower with Radar,0,23,35,2,60,0,3,22,2,27,0,26,57,4,87,5,0,5,92
04/02/2009,SPI,IL,AGL,CE,Combined TRACON& Tower with Radar,0,23,23,0,46,0,0,7,0,7,0,23,30,0,53,13,0,13,66
04/03/2009,SPI,IL,AGL,CE,Combined TRACON& Tower with Radar,0,22,32,5,59,0,4,35,0,39,0,26,67,5,98,43,0,43,141
04/04/2009,SPI,IL,AGL,CE,Combined TRACON& Tower with Radar,0,13,13,0,26,0,18,37,0,55,0,31,50,0,81,59,0,59,140
04/05/2009,SPI,IL,AGL,CE,Combined TRACON& Tower with Radar,0,7,13,0,20,0,0,0,0,0,0,7,13,0,20,0,0,0,20
04/06/2009,SPI,IL,AGL,CE,Combined TRACON& Tower with Radar,0,16,27,0,43,0,1,5,0,6,0,17,32,0,49,10,0,10,59
04/07/2009,SPI,IL,AGL,CE,Combined TRACON& Tower with Radar,0,20,17,0,37,0,2,13,0,15,0,22,30,0,52,9,0,9,61
04/08/2009,SPI,IL,AGL,CE,Combined TRACON& Tower with Radar,0,17,22,0,39,0,10,36,3,49,0,27,58,3,88,54,0,54,142
04/09/2009,SPI,IL,AGL,CE,Combined TRACON& Tower with Radar,0,18,22,5,45,0,13,17,3,33,0,31,39,8,78,33,2,35,113
04/10/2009,SPI,IL,AGL,CE,Combined TRACON& Tower with Radar,0,16,18,2,36,0,2,2,0,4,0,18,20,2,40,0,0,0,40
04/11/2009,SPI,IL,AGL,CE,Combined TRACON& Tower with Radar,0,12,38,0,50,0,9,42,0,51,0,21,80,0,101,24,0,24,125
04/12/2009,SPI,IL,AGL,CE,Combined TRACON& Tower with Radar,0,9,10,0,19,0,2,25,0,27,0,11,35,0,46,0,0,0,46
04/13/2009,SPI,IL,AGL,CE,Combined TRACON& Tower with Radar,0,15,24,2,41,0,0,0,0,0,0,15,24,2,41,0,0,0,41
04/14/2009,SPI,IL,AGL,CE,Combined TRACON& Tower with Radar,0,20,37,0,57,0,1,6,0,7,0,21,43,0,64,0,0,0,64
04/15/2009,SPI,IL,AGL,CE,Combined TRACON& Tower with Radar,0,18,29,0,47,0,13,35,2,50,0,31,64,2,97,35,0,35,132
04/16/2009,SPI,IL,AGL,CE,Combined TRACON& Tower with Radar,0,22,33,1,56,0,11,40,1,52,0,33,73,2,108,31,0,31,139
04/17/2009,SPI,IL,AGL,CE,Combined TRACON& Tower with Radar,0,23,18,0,41,0,11,23,0,34,0,34,41,0,75,28,0,28,103
04/18/2009,SPI,IL,AGL,CE,Combined TRACON& Tower with Radar,0,9,16,0,25,0,7,23,0,30,0,16,39,0,55,22,0,22,77
04/19/2009,SPI,IL,AGL,CE,Combined TRACON& Tower with Radar,0,8,11,0,19,0,0,0,0,0,0,8,11,0,19,0,0,0,19
04/20/2009,SPI,IL,AGL,CE,Combined TRACON& Tower with Radar,0,22,19,0,41,0,1,7,0,8,0,23,26,0,49,0,0,0,49
04/21/2009,SPI,IL,AGL,CE,Combined TRACON& Tower with Radar,0,21,36,0,57,0,4,4,0,8,0,25,40,0,65,1,0,1,66
04/22/2009,SPI,IL,AGL,CE,Combined TRACON& Tower with Radar,0,25,26,1,52,0,12,36,1,49,0,37,62,2,101,6,6,12,113
04/23/2009,SPI,IL,AGL,CE,Combined TRACON& Tower with Radar,0,27,31,15,73,0,4,9,3,16,0,31,40,18,89,14,21,35,124
04/24/2009,SPI,IL,AGL,CE,Combined TRACON& Tower with Radar,0,17,29,18,64,0,6,19,4,29,0,23,48,22,93,17,15,32,125
04/25/2009,SPI,IL,AGL,CE,Combined TRACON& Tower with Radar,0,10,10,2,22,0,2,7,0,9,0,12,17,2,31,10,0,10,41
04/26/2009,SPI,IL,AGL,CE,Combined TRACON& Tower with Radar,0,14,11,2,27,0,0,8,0,8,0,14,19,2,35,8,0,8,43
04/27/2009,SPI,IL,AGL,CE,Combined TRACON& Tower with Radar,0,18,10,0,28,0,0,6,0,6,0,18,16,0,34,2,0,2,36
04/28/2009,SPI,IL,AGL,CE,Combined TRACON& Tower with Radar,0,24,22,1,47,0,0,0,0,0,0,24,22,1,47,0,0,0,47
04/29/2009,SPI,IL,AGL,CE,Combined TRACON& Tower with Radar,0,24,29,0,53,0,2,9,0,11,0,26,38,0,64,13,0,13,77
04/30/2009,SPI,IL,AGL,CE,Combined TRACON& Tower with Radar,0,29,16,0,45,0,2,2,0,4,0,31,18,0,49,0,0,0,49
05/01/2009,SPI,IL,AGL,CE,Combined TRACON& Tower with Radar,0,22,22,3,47,0,1,9,1,11,0,23,31,4,58,14,0,14,72
05/02/2009,SPI,IL,AGL,CE,Combined TRACON& Tower with Radar,0,14,7,0,21,0,5,21,0,26,0,19,28,0,47,43,0,43,90
05/03/2009,SPI,IL,AGL,CE,Combined TRACON& Tower with Radar,0,11,15,0,26,0,10,32,0,42,0,21,47,0,68,49,0,49,117
05/04/2009,SPI,IL,AGL,CE,Combined TRACON& Tower with Radar,0,18,31,0,49,0,4,24,0,28,0,22,55,0,77,8,0,8,85
05/05/2009,SPI,IL,AGL,CE,Combined TRACON& Tower with Radar,0,22,22,0,44,0,2,26,0,28,0,24,48,0,72,15,0,15,87
05/06/2009,SPI,IL,AGL,CE,Combined TRACON& Tower with Radar,0,18,23,10,51,0,3,9,0,12,0,21,32,10,63,7,8,15,78
05/07/2009,SPI,IL,AGL,CE,Combined TRACON& Tower with Radar,0,25,19,3,47,0,10,21,1,32,0,35,40,4,79,11,0,11,90
05/08/2009,SPI,IL,AGL,CE,Combined TRACON& Tower with Radar,0,20,19,4,43,0,0,6,0,6,0,20,25,4,49,18,0,18,67
05/09/2009,SPI,IL,AGL,CE,Combined TRACON& Tower with Radar,0,9,19,2,30,0,0,27,0,27,0,9,46,2,57,59,0,59,116
05/10/2009,SPI,IL,AGL,CE,Combined TRACON& Tower with Radar,0,12,21,0,33,0,0,20,0,20,0,12,41,0,53,18,0,18,71
05/11/2009,SPI,IL,AGL,CE,Combined TRACON& Tower with Radar,0,19,17,0,36,0,6,23,0,29,0,25,40,0,65,15,0,15,80
05/12/2009,SPI,IL,AGL,CE,Combined TRACON& Tower with Radar,0,29,26,0,55,0,17,25,0,42,0,46,51,0,97,1,0,1,98
05/13/2009,SPI,IL,AGL,CE,Combined TRACON& Tower with Radar,0,16,16,0,32,0,0,0,0,0,0,16,16,0,32,0,0,0,32
05/14/2009,SPI,IL,AGL,CE,Combined TRACON& Tower with Radar,0,26,35,2,63,0,12,36,3,51,0,38,71,5,114,7,0,7,121
05/15/2009,SPI,IL,AGL,CE,Combined TRACON& Tower with Radar,0,19,21,0,40,0,0,8,0,8,0,19,29,0,48,24,0,24,72
05/16/2009,SPI,IL,AGL,CE,Combined TRACON& Tower with Radar,0,10,14,1,25,0,0,6,0,6,0,10,20,1,31,26,1,27,58
05/17/2009,SPI,IL,AGL,CE,Combined TRACON& Tower with Radar,0,11,24,0,35,0,2,45,0,47,0,13,69,0,82,49,0,49,131
05/18/2009,SPI,IL,AGL,CE,Combined TRACON& Tower with Radar,0,26,24,0,50,0,6,36,0,42,0,32,60,0,92,10,0,10,102
05/19/2009,SPI,IL,AGL,CE,Combined TRACON& Tower with Radar,0,17,24,10,51,0,7,28,0,35,0,24,52,10,86,19,18,37,123
05/20/2009,SPI,IL,AGL,CE,Combined TRACON& Tower with Radar,2,22,26,2,52,0,3,12,0,15,2,25,38,2,67,13,2,15,82
05/21/2009,SPI,IL,AGL,CE,Combined TRACON& Tower with Radar,1,21,22,2,46,0,3,33,2,38,1,24,55,4,84,16,0,16,100
05/22/2009,SPI,IL,AGL,CE,Combined TRACON& Tower with Radar,0,24,26,2,52,0,9,27,0,36,0,33,53,2,88,13,0,13,101
05/23/2009,SPI,IL,AGL,CE,Combined TRACON& Tower with Radar,0,13,6,2,21,0,0,25,0,25,0,13,31,2,46,32,0,32,78
05/24/2009,SPI,IL,AGL,CE,Combined TRACON& Tower with Radar,2,8,19,0,29,0,2,20,0,22,2,10,39,0,51,0,0,0,51
05/25/2009,SPI,IL,AGL,CE,Combined TRACON& Tower with Radar,0,11,7,0,18,0,0,1,0,1,0,11,8,0,19,0,0,0,19
05/26/2009,SPI,IL,AGL,CE,Combined TRACON& Tower with Radar,2,27,20,0,49,0,0,15,2,17,2,27,35,2,66,0,0,0,66
05/27/2009,SPI,IL,AGL,CE,Combined TRACON& Tower with Radar,0,21,30,0,51,0,1,8,0,9,0,22,38,0,60,20,0,20,80
05/28/2009,SPI,IL,AGL,CE,Combined TRACON& Tower with Radar,0,21,54,0,75,0,0,9,2,11,0,21,63,2,86,66,0,66,152
05/29/2009,SPI,IL,AGL,CE,Combined TRACON& Tower with Radar,0,18,32,2,52,0,8,46,2,56,0,26,78,4,108,16,0,16,124
05/30/2009,SPI,IL,AGL,CE,Combined TRACON& Tower with Radar,0,12,17,0,29,0,0,16,0,16,0,12,33,0,45,12,0,12,57
05/31/2009,SPI,IL,AGL,CE,Combined TRACON& Tower with Radar,1,11,20,2,34,0,1,39,0,40,1,12,59,2,74,16,0,16,90
06/01/2009,SPI,IL,AGL,CE,Combined TRACON& Tower with Radar,2,24,26,0,52,0,1,22,4,27,2,25,48,4,79,16,0,16,95
06/02/2009,SPI,IL,AGL,CE,Combined TRACON& Tower with Radar,3,22,15,10,50,0,2,5,0,7,3,24,20,10,57,2,6,8,65
06/03/2009,SPI,IL,AGL,CE,Combined TRACON& Tower with Radar,2,16,28,0,46,0,0,8,0,8,2,16,36,0,54,6,0,6,60
06/04/2009,SPI,IL,AGL,CE,Combined TRACON& Tower with Radar,2,25,29,4,60,0,12,46,4,62,2,37,75,8,122,17,1,18,140
06/05/2009,SPI,IL,AGL,CE,Combined TRACON& Tower with Radar,0,16,33,4,53,0,4,40,0,44,0,20,73,4,97,22,0,22,119
06/06/2009,SPI,IL,AGL,CE,Combined TRACON& Tower with Radar,2,12,21,0,35,0,1,44,0,45,2,13,65,0,80,2,0,2,82
06/07/2009,SPI,IL,AGL,CE,Combined TRACON& Tower with Radar,1,21,16,2,40,0,1,16,2,19,1,22,32,4,59,6,12,18,77
06/08/2009,SPI,IL,AGL,CE,Combined TRACON& Tower with Radar,0,16,13,0,29,0,2,4,0,6,0,18,17,0,35,0,0,0,35
06/09/2009,SPI,IL,AGL,CE,Combined TRACON& Tower with Radar,0,20,28,2,50,0,7,18,4,29,0,27,46,6,79,7,0,7,86
06/10/2009,SPI,IL,AGL,CE,Combined TRACON& Tower with Radar,0,24,24,0,48,0,2,7,0,9,0,26,31,0,57,15,0,15,72
06/11/2009,SPI,IL,AGL,CE,Combined TRACON& Tower with Radar,0,21,24,4,49,0,0,5,0,5,0,21,29,4,54,0,0,0,54
06/12/2009,SPI,IL,AGL,CE,Combined TRACON& Tower with Radar,0,24,39,2,65,0,6,20,0,26,0,30,59,2,91,13,0,13,104
06/13/2009,SPI,IL,AGL,CE,Combined TRACON& Tower with Radar,0,12,19,0,31,0,0,15,0,15,0,12,34,0,46,37,0,37,83
06/14/2009,SPI,IL,AGL,CE,Combined TRACON& Tower with Radar,2,10,25,0,37,0,0,12,0,12,2,10,37,0,49,10,0,10,59
06/15/2009,SPI,IL,AGL,CE,Combined TRACON& Tower with Radar,0,17,39,2,58,0,1,6,1,8,0,18,45,3,66,2,0,2,68
06/16/2009,SPI,IL,AGL,CE,Combined TRACON& Tower with Radar,0,14,27,5,46,0,0,3,1,4,0,14,30,6,50,6,0,6,56
06/17/2009,SPI,IL,AGL,CE,Combined TRACON& Tower with Radar,0,30,32,1,63,0,5,18,0,23,0,35,50,1,86,34,2,36,122
06/18/2009,SPI,IL,AGL,CE,Combined TRACON& Tower with Radar,0,26,16,0,42,0,4,25,0,29,0,30,41,0,71,9,0,9,80
06/19/2009,SPI,IL,AGL,CE,Combined TRACON& Tower with Radar,2,19,21,3,45,0,3,14,1,18,2,22,35,4,63,14,0,14,77
06/20/2009,SPI,IL,AGL,CE,Combined TRACON& Tower with Radar,0,12,14,0,26,0,3,38,0,41,0,15,52,0,67,34,0,34,101
06/21/2009,SPI,IL,AGL,CE,Combined TRACON& Tower with Radar,0,16,14,9,39,0,0,18,0,18,0,16,32,9,57,11,0,11,68
06/22/2009,SPI,IL,AGL,CE,Combined TRACON& Tower with Radar,0,20,15,6,41,0,7,25,0,32,0,27,40,6,73,41,0,41,114
06/23/2009,SPI,IL,AGL,CE,Combined TRACON& Tower with Radar,0,25,14,4,43,0,15,24,0,39,0,40,38,4,82,82,2,84,166
06/24/2009,SPI,IL,AGL,CE,Combined TRACON& Tower with Radar,0,17,28,0,45,0,10,31,0,41,0,27,59,0,86,20,0,20,106
06/25/2009,SPI,IL,AGL,CE,Combined TRACON& Tower with Radar,1,19,25,5,50,0,2,22,0,24,1,21,47,5,74,65,0,65,139
06/26/2009,SPI,IL,AGL,CE,Combined TRACON& Tower with Radar,0,22,20,1,43,0,12,30,2,44,0,34,50,3,87,2,0,2,89
06/27/2009,SPI,IL,AGL,CE,Combined TRACON& Tower with Radar,0,11,14,0,25,0,0,32,0,32,0,11,46,0,57,22,0,22,79
06/28/2009,SPI,IL,AGL,CE,Combined TRACON& Tower with Radar,2,9,14,0,25,0,0,38,0,38,2,9,52,0,63,42,0,42,105
06/29/2009,SPI,IL,AGL,CE,Combined TRACON& Tower with Radar,0,27,19,2,48,0,6,50,0,56,0,33,69,2,104,33,0,33,137
06/30/2009,SPI,IL,AGL,CE,Combined TRACON& Tower with Radar,0,24,13,6,43,0,5,39,0,44,0,29,52,6,87,68,0,68,155
07/01/2009,SPI,IL,AGL,CE,Combined TRACON& Tower with Radar,0,25,24,3,52,0,7,31,0,38,0,32,55,3,90,8,0,8,98
07/02/2009,SPI,IL,AGL,CE,Combined TRACON& Tower with Radar,2,15,24,2,43,0,8,35,0,43,2,23,59,2,86,3,0,3,89
07/03/2009,SPI,IL,AGL,CE,Combined TRACON& Tower with Radar,0,10,17,0,27,0,0,26,0,26,0,10,43,0,53,36,0,36,89
07/04/2009,SPI,IL,AGL,CE,Combined TRACON& Tower with Radar,0,7,22,0,29,0,0,0,0,0,0,7,22,0,29,4,0,4,33
07/05/2009,SPI,IL,AGL,CE,Combined TRACON& Tower with Radar,2,9,38,0,49,0,0,14,0,14,2,9,52,0,63,32,0,32,95
07/06/2009,SPI,IL,AGL,CE,Combined TRACON& Tower with Radar,0,16,22,0,38,0,6,16,0,22,0,22,38,0,60,18,0,18,78
07/07/2009,SPI,IL,AGL,CE,Combined TRACON& Tower with Radar,0,20,10,4,34,0,4,19,2,25,0,24,29,6,59,13,2,15,74
07/08/2009,SPI,IL,AGL,CE,Combined TRACON& Tower with Radar,0,15,28,14,57,0,1,34,0,35,0,16,62,14,92,27,5,32,124
07/09/2009,SPI,IL,AGL,CE,Combined TRACON& Tower with Radar,1,34,34,0,69,0,10,24,0,34,1,44,58,0,103,22,0,22,125
07/10/2009,SPI,IL,AGL,CE,Combined TRACON& Tower with Radar,0,15,27,0,42,0,1,18,2,21,0,16,45,2,63,9,9,18,81
07/11/2009,SPI,IL,AGL,CE,Combined TRACON& Tower with Radar,0,12,18,0,30,0,0,7,0,7,0,12,25,0,37,23,0,23,60
07/12/2009,SPI,IL,AGL,CE,Combined TRACON& Tower with Radar,2,17,18,0,37,0,2,21,0,23,2,19,39,0,60,15,0,15,75
07/13/2009,SPI,IL,AGL,CE,Combined TRACON& Tower with Radar,0,22,22,18,62,0,8,22,1,31,0,30,44,19,93,6,25,31,124
07/14/2009,SPI,IL,AGL,CE,Combined TRACON& Tower with Radar,0,19,45,22,86,0,3,16,1,20,0,22,61,23,106,1,20,21,127
07/15/2009,SPI,IL,AGL,CE,Combined TRACON& Tower with Radar,0,16,54,0,70,0,0,11,0,11,0,16,65,0,81,8,0,8,89
07/16/2009,SPI,IL,AGL,CE,Combined TRACON& Tower with Radar,0,20,44,2,66,0,16,28,0,44,0,36,72,2,110,6,0,6,116
07/17/2009,SPI,IL,AGL,CE,Combined TRACON& Tower with Radar,0,18,41,4,63,0,4,23,0,27,0,22,64,4,90,4,0,4,94
07/18/2009,SPI,IL,AGL,CE,Combined TRACON& Tower with Radar,0,13,17,0,30,0,2,12,0,14,0,15,29,0,44,15,0,15,59
07/19/2009,SPI,IL,AGL,CE,Combined TRACON& Tower with Radar,2,11,23,2,38,0,7,31,0,38,2,18,54,2,76,60,0,60,136
07/20/2009,SPI,IL,AGL,CE,Combined TRACON& Tower with Radar,0,17,34,5,56,0,7,17,2,26,0,24,51,7,82,6,0,6,88
07/21/2009,SPI,IL,AGL,CE,Combined TRACON& Tower with Radar,0,20,32,0,52,0,2,15,1,18,0,22,47,1,70,13,0,13,83
07/22/2009,SPI,IL,AGL,CE,Combined TRACON& Tower with Radar,0,21,25,5,51,0,9,27,0,36,0,30,52,5,87,55,0,55,142
07/23/2009,SPI,IL,AGL,CE,Combined TRACON& Tower with Radar,2,20,14,2,38,0,3,17,0,20,2,23,31,2,58,0,0,0,58
07/24/2009,SPI,IL,AGL,CE,Combined TRACON& Tower with Radar,0,18,23,2,43,0,6,40,0,46,0,24,63,2,89,8,1,9,98
07/25/2009,SPI,IL,AGL,CE,Combined TRACON& Tower with Radar,0,12,9,1,22,0,4,20,1,25,0,16,29,2,47,12,4,16,63
07/26/2009,SPI,IL,AGL,CE,Combined TRACON& Tower with Radar,1,10,8,9,28,0,2,38,0,40,1,12,46,9,68,23,0,23,91
07/27/2009,SPI,IL,AGL,CE,Combined TRACON& Tower with Radar,0,20,27,5,52,0,12,38,0,50,0,32,65,5,102,24,0,24,126
07/28/2009,SPI,IL,AGL,CE,Combined TRACON& Tower with Radar,0,16,7,2,25,0,7,8,0,15,0,23,15,2,40,6,12,18,58
07/29/2009,SPI,IL,AGL,CE,Combined TRACON& Tower with Radar,0,20,22,10,52,0,15,28,0,43,0,35,50,10,95,31,0,31,126
07/30/2009,SPI,IL,AGL,CE,Combined TRACON& Tower with Radar,2,17,25,2,46,0,8,27,0,35,2,25,52,2,81,28,2,30,111
07/31/2009,SPI,IL,AGL,CE,Combined TRACON& Tower with Radar,0,18,33,9,60,0,9,33,0,42,0,27,66,9,102,8,0,8,110
08/01/2009,SPI,IL,AGL,CE,Combined TRACON& Tower with Radar,0,10,23,14,47,0,0,9,0,9,0,10,32,14,56,0,4,4,60
08/02/2009,SPI,IL,AGL,CE,Combined TRACON& Tower with Radar,0,11,16,5,32,0,14,24,3,41,0,25,40,8,73,30,0,30,103
08/03/2009,SPI,IL,AGL,CE,Combined TRACON& Tower with Radar,0,17,23,2,42,0,20,16,4,40,0,37,39,6,82,12,0,12,94
08/04/2009,SPI,IL,AGL,CE,Combined TRACON& Tower with Radar,0,19,19,0,38,0,17,7,0,24,0,36,26,0,62,6,0,6,68
08/05/2009,SPI,IL,AGL,CE,Combined TRACON& Tower with Radar,0,29,21,0,50,0,16,12,0,28,0,45,33,0,78,16,0,16,94
08/06/2009,SPI,IL,AGL,CE,Combined TRACON& Tower with Radar,2,18,25,6,51,0,57,18,0,75,2,75,43,6,126,8,10,18,144
08/07/2009,SPI,IL,AGL,CE,Combined TRACON& Tower with Radar,0,28,15,2,45,0,22,18,0,40,0,50,33,2,85,7,0,7,92
08/08/2009,SPI,IL,AGL,CE,Combined TRACON& Tower with Radar,0,12,15,5,32,0,0,24,0,24,0,12,39,5,56,7,0,7,63
08/09/2009,SPI,IL,AGL,CE,Combined TRACON& Tower with Radar,2,13,32,9,56,0,0,12,0,12,2,13,44,9,68,19,0,19,87
08/10/2009,SPI,IL,AGL,CE,Combined TRACON& Tower with Radar,0,16,17,0,33,0,0,9,0,9,0,16,26,0,42,8,0,8,50
08/11/2009,SPI,IL,AGL,CE,Combined TRACON& Tower with Radar,0,18,23,0,41,0,7,15,0,22,0,25,38,0,63,11,0,11,74
08/12/2009,SPI,IL,AGL,CE,Combined TRACON& Tower with Radar,0,18,18,1,37,0,15,31,1,47,0,33,49,2,84,19,0,19,103
08/13/2009,SPI,IL,AGL,CE,Combined TRACON& Tower with Radar,2,20,17,2,41,0,8,27,1,36,2,28,44,3,77,3,0,3,80
08/14/2009,SPI,IL,AGL,CE,Combined TRACON& Tower with Radar,0,17,20,4,41,0,6,32,1,39,0,23,52,5,80,16,0,16,96
08/15/2009,SPI,IL,AGL,CE,Combined TRACON& Tower with Radar,0,8,11,2,21,0,1,20,0,21,0,9,31,2,42,22,0,22,64
08/16/2009,SPI,IL,AGL,CE,Combined TRACON& Tower with Radar,2,14,19,2,37,0,0,11,0,11,2,14,30,2,48,8,0,8,56
08/17/2009,SPI,IL,AGL,CE,Combined TRACON& Tower with Radar,0,16,13,2,31,0,2,9,1,12,0,18,22,3,43,1,0,1,44
08/18/2009,SPI,IL,AGL,CE,Combined TRACON& Tower with Radar,0,24,25,2,51,0,3,13,0,16,0,27,38,2,67,6,0,6,73
08/19/2009,SPI,IL,AGL,CE,Combined TRACON& Tower with Radar,0,23,31,0,54,0,0,4,0,4,0,23,35,0,58,9,0,9,67
08/20/2009,SPI,IL,AGL,CE,Combined TRACON& Tower with Radar,1,18,24,4,47,0,2,23,0,25,1,20,47,4,72,4,0,4,76
08/21/2009,SPI,IL,AGL,CE,Combined TRACON& Tower with Radar,0,18,37,2,57,0,3,26,0,29,0,21,63,2,86,1,0,1,87
08/22/2009,SPI,IL,AGL,CE,Combined TRACON& Tower with Radar,0,16,27,4,47,0,7,27,0,34,0,23,54,4,81,25,0,25,106
08/23/2009,SPI,IL,AGL,CE,Combined TRACON& Tower with Radar,2,11,32,0,45,0,2,44,0,46,2,13,76,0,91,20,0,20,111
08/24/2009,SPI,IL,AGL,CE,Combined TRACON& Tower with Radar,0,16,26,5,47,0,4,31,0,35,0,20,57,5,82,26,16,42,124
08/25/2009,SPI,IL,AGL,CE,Combined TRACON& Tower with Radar,0,22,25,0,47,0,17,40,0,57,0,39,65,0,104,21,0,21,125
08/26/2009,SPI,IL,AGL,CE,Combined TRACON& Tower with Radar,0,25,28,4,57,0,2,16,2,20,0,27,44,6,77,22,0,22,99
08/27/2009,SPI,IL,AGL,CE,Combined TRACON& Tower with Radar,0,15,36,6,57,0,0,18,0,18,0,15,54,6,75,47,0,47,122
08/28/2009,SPI,IL,AGL,CE,Combined TRACON& Tower with Radar,0,18,25,0,43,0,0,2,0,2,0,18,27,0,45,22,0,22,67
08/29/2009,SPI,IL,AGL,CE,Combined TRACON& Tower with Radar,0,10,21,0,31,0,4,26,0,30,0,14,47,0,61,89,0,89,150
08/30/2009,SPI,IL,AGL,CE,Combined TRACON& Tower with Radar,4,12,24,4,44,0,0,21,0,21,4,12,45,4,65,64,0,64,129
08/31/2009,SPI,IL,AGL,CE,Combined TRACON& Tower with Radar,0,14,45,0,59,0,9,48,2,59,0,23,93,2,118,43,0,43,161
09/01/2009,SPI,IL,AGL,CE,Combined TRACON& Tower with Radar,0,24,35,0,59,0,12,47,0,59,0,36,82,0,118,39,0,39,157
09/02/2009,SPI,IL,AGL,CE,Combined TRACON& Tower with Radar,3,25,23,0,51,0,9,35,0,44,3,34,58,0,95,51,0,51,146
09/03/2009,SPI,IL,AGL,CE,Combined TRACON& Tower with Radar,2,20,27,2,51,0,9,34,2,45,2,29,61,4,96,77,13,90,186
09/04/2009,SPI,IL,AGL,CE,Combined TRACON& Tower with Radar,0,21,24,0,45,0,9,32,0,41,0,30,56,0,86,42,0,42,128
09/05/2009,SPI,IL,AGL,CE,Combined TRACON& Tower with Radar,0,9,15,0,24,0,0,11,0,11,0,9,26,0,35,6,0,6,41
09/06/2009,SPI,IL,AGL,CE,Combined TRACON& Tower with Radar,2,7,12,0,21,0,0,4,0,4,2,7,16,0,25,53,0,53,78
09/07/2009,SPI,IL,AGL,CE,Combined TRACON& Tower with Radar,0,11,14,2,27,0,0,8,0,8,0,11,22,2,35,0,0,0,35
09/08/2009,SPI,IL,AGL,CE,Combined TRACON& Tower with Radar,0,22,24,4,50,0,3,20,6,29,0,25,44,10,79,17,0,17,96
09/09/2009,SPI,IL,AGL,CE,Combined TRACON& Tower with Radar,0,20,38,0,58,0,0,15,0,15,0,20,53,0,73,5,0,5,78
09/10/2009,SPI,IL,AGL,CE,Combined TRACON& Tower with Radar,0,33,17,0,50,0,3,16,0,19,0,36,33,0,69,22,0,22,91
09/11/2009,SPI,IL,AGL,CE,Combined TRACON& Tower with Radar,2,22,18,21,63,0,8,36,2,46,2,30,54,23,109,19,24,43,152
09/12/2009,SPI,IL,AGL,CE,Combined TRACON& Tower with Radar,3,23,27,3,56,0,0,26,6,32,3,23,53,9,88,18,0,18,106
09/13/2009,SPI,IL,AGL,CE,Combined TRACON& Tower with Radar,0,11,20,4,35,0,5,35,1,41,0,16,55,5,76,19,0,19,95
09/14/2009,SPI,IL,AGL,CE,Combined TRACON& Tower with Radar,2,17,28,4,51,0,8,15,2,25,2,25,43,6,76,2,6,8,84
09/15/2009,SPI,IL,AGL,CE,Combined TRACON& Tower with Radar,0,18,25,4,47,0,7,14,8,29,0,25,39,12,76,7,26,33,109
09/16/2009,SPI,IL,AGL,CE,Combined TRACON& Tower with Radar,0,21,37,10,68,0,4,29,1,34,0,25,66,11,102,16,15,31,133
09/17/2009,SPI,IL,AGL,CE,Combined TRACON& Tower with Radar,0,20,18,0,38,0,14,34,0,48,0,34,52,0,86,10,0,10,96
09/18/2009,SPI,IL,AGL,CE,Combined TRACON& Tower with Radar,2,20,39,4,65,0,7,37,1,45,2,27,76,5,110,32,4,36,146
09/19/2009,SPI,IL,AGL,CE,Combined TRACON& Tower with Radar,0,13,14,0,27,0,0,25,0,25,0,13,39,0,52,5,0,5,57
09/20/2009,SPI,IL,AGL,CE,Combined TRACON& Tower with Radar,0,10,16,0,26,0,0,6,0,6,0,10,22,0,32,0,0,0,32
09/21/2009,SPI,IL,AGL,CE,Combined TRACON& Tower with Radar,0,21,25,13,59,0,1,7,0,8,0,22,32,13,67,28,0,28,95
09/22/2009,SPI,IL,AGL,CE,Combined TRACON& Tower with Radar,0,18,24,4,46,0,5,17,0,22,0,23,41,4,68,34,0,34,102
09/23/2009,SPI,IL,AGL,CE,Combined TRACON& Tower with Radar,0,22,23,6,51,0,8,16,0,24,0,30,39,6,75,7,0,7,82
09/24/2009,SPI,IL,AGL,CE,Combined TRACON& Tower with Radar,0,24,26,3,53,0,0,6,0,6,0,24,32,3,59,11,0,11,70
09/25/2009,SPI,IL,AGL,CE,Combined TRACON& Tower with Radar,0,23,29,2,54,0,2,13,0,15,0,25,42,2,69,20,0,20,89
09/26/2009,SPI,IL,AGL,CE,Combined TRACON& Tower with Radar,0,12,26,0,38,0,0,4,0,4,0,12,30,0,42,12,0,12,54
09/27/2009,SPI,IL,AGL,CE,Combined TRACON& Tower with Radar,0,9,13,0,22,0,1,20,0,21,0,10,33,0,43,20,0,20,63
09/28/2009,SPI,IL,AGL,CE,Combined TRACON& Tower with Radar,2,16,22,8,48,0,6,4,0,10,2,22,26,8,58,2,4,6,64
09/29/2009,SPI,IL,AGL,CE,Combined TRACON& Tower with Radar,0,24,30,0,54,0,12,21,0,33,0,36,51,0,87,26,0,26,113
09/30/2009,SPI,IL,AGL,CE,Combined TRACON& Tower with Radar,0,26,28,18,72,0,8,37,4,49,0,34,65,22,121,28,27,55,176
10/01/2009,SPI,IL,AGL,CE,Combined TRACON& Tower with Radar,2,18,20,1,41,0,0,0,0,0,2,18,20,1,41,9,0,9,50
10/02/2009,SPI,IL,AGL,CE,Combined TRACON& Tower with Radar,0,22,23,4,49,0,5,13,2,20,0,27,36,6,69,17,0,17,86
10/03/2009,SPI,IL,AGL,CE,Combined TRACON& Tower with Radar,2,12,18,0,32,0,0,7,2,9,2,12,25,2,41,44,0,44,85
10/04/2009,SPI,IL,AGL,CE,Combined TRACON& Tower with Radar,2,10,18,0,30,0,0,64,0,64,2,10,82,0,94,48,0,48,142
10/05/2009,SPI,IL,AGL,CE,Combined TRACON& Tower with Radar,0,21,30,2,53,0,4,35,0,39,0,25,65,2,92,31,0,31,123
10/06/2009,SPI,IL,AGL,CE,Combined TRACON& Tower with Radar,0,20,14,1,35,0,0,0,0,0,0,20,14,1,35,1,0,1,36
10/07/2009,SPI,IL,AGL,CE,Combined TRACON& Tower with Radar,0,25,29,2,56,0,11,32,1,44,0,36,61,3,100,11,0,11,111
10/08/2009,SPI,IL,AGL,CE,Combined TRACON& Tower with Radar,2,20,18,0,40,0,0,0,0,0,2,20,18,0,40,0,0,0,40
10/09/2009,SPI,IL,AGL,CE,Combined TRACON& Tower with Radar,2,15,23,4,44,0,0,0,0,0,2,15,23,4,44,1,0,1,45
10/10/2009,SPI,IL,AGL,CE,Combined TRACON& Tower with Radar,0,14,9,2,25,0,1,28,1,30,0,15,37,3,55,36,0,36,91
10/11/2009,SPI,IL,AGL,CE,Combined TRACON& Tower with Radar,2,9,17,4,32,0,1,27,5,33,2,10,44,9,65,4,0,4,69
10/12/2009,SPI,IL,AGL,CE,Combined TRACON& Tower with Radar,2,12,17,3,34,0,2,6,0,8,2,14,23,3,42,26,0,26,68
10/13/2009,SPI,IL,AGL,CE,Combined TRACON& Tower with Radar,0,25,35,2,62,0,2,11,4,17,0,27,46,6,79,0,0,0,79
10/14/2009,SPI,IL,AGL,CE,Combined TRACON& Tower with Radar,0,19,30,0,49,0,0,7,0,7,0,19,37,0,56,0,0,0,56
10/15/2009,SPI,IL,AGL,CE,Combined TRACON& Tower with Radar,2,17,32,2,53,0,0,0,0,0,2,17,32,2,53,1,0,1,54
10/16/2009,SPI,IL,AGL,CE,Combined TRACON& Tower with Radar,0,17,13,8,38,0,1,10,0,11,0,18,23,8,49,28,0,28,77
10/17/2009,SPI,IL,AGL,CE,Combined TRACON& Tower with Radar,0,9,14,3,26,0,4,11,0,15,0,13,25,3,41,37,0,37,78
10/18/2009,SPI,IL,AGL,CE,Combined TRACON& Tower with Radar,2,10,10,8,30,0,0,48,2,50,2,10,58,10,80,34,0,34,114
10/19/2009,SPI,IL,AGL,CE,Combined TRACON& Tower with Radar,0,24,31,4,59,0,12,28,8,48,0,36,59,12,107,2,0,2,109
10/20/2009,SPI,IL,AGL,CE,Combined TRACON& Tower with Radar,0,27,20,3,50,0,14,21,0,35,0,41,41,3,85,37,0,37,122
10/21/2009,SPI,IL,AGL,CE,Combined TRACON& Tower with Radar,0,16,32,3,51,0,16,29,3,48,0,32,61,6,99,53,0,53,152
10/22/2009,SPI,IL,AGL,CE,Combined TRACON& Tower with Radar,2,23,28,2,55,0,4,1,0,5,2,27,29,2,60,2,0,2,62
10/23/2009,SPI,IL,AGL,CE,Combined TRACON& Tower with Radar,0,21,20,0,41,0,2,0,0,2,0,23,20,0,43,2,0,2,45
10/24/2009,SPI,IL,AGL,CE,Combined TRACON& Tower with Radar,0,16,19,0,35,0,0,16,0,16,0,16,35,0,51,17,0,17,68
10/25/2009,SPI,IL,AGL,CE,Combined TRACON& Tower with Radar,2,10,25,2,39,0,3,10,0,13,2,13,35,2,52,2,0,2,54
10/26/2009,SPI,IL,AGL,CE,Combined TRACON& Tower with Radar,0,20,22,4,46,0,0,0,0,0,0,20,22,4,46,0,0,0,46
10/27/2009,SPI,IL,AGL,CE,Combined TRACON& Tower with Radar,0,19,38,1,58,0,1,6,0,7,0,20,44,1,65,24,0,24,89
10/28/2009,SPI,IL,AGL,CE,Combined TRACON& Tower with Radar,0,32,25,1,58,0,2,4,2,8,0,34,29,3,66,45,0,45,111
10/29/2009,SPI,IL,AGL,CE,Combined TRACON& Tower with Radar,2,20,16,3,41,0,4,7,0,11,2,24,23,3,52,1,0,1,53
10/30/2009,SPI,IL,AGL,CE,Combined TRACON& Tower with Radar,0,17,21,2,40,0,0,8,1,9,0,17,29,3,49,1,0,1,50
10/31/2009,SPI,IL,AGL,CE,Combined TRACON& Tower with Radar,0,14,21,1,36,0,0,35,0,35,0,14,56,1,71,37,0,37,108
11/01/2009,SPI,IL,AGL,CE,Combined TRACON& Tower with Radar,2,9,18,0,29,0,2,44,0,46,2,11,62,0,75,34,0,34,109
11/02/2009,SPI,IL,AGL,CE,Combined TRACON& Tower with Radar,0,23,18,2,43,0,13,27,0,40,0,36,45,2,83,32,0,32,115
11/03/2009,SPI,IL,AGL,CE,Combined TRACON& Tower with Radar,0,17,23,0,40,0,11,41,2,54,0,28,64,2,94,31,0,31,125
11/04/2009,SPI,IL,AGL,CE,Combined TRACON& Tower with Radar,0,28,47,25,100,0,11,17,2,30,0,39,64,27,130,34,6,40,170
11/05/2009,SPI,IL,AGL,CE,Combined TRACON& Tower with Radar,2,30,29,3,64,0,7,29,0,36,2,37,58,3,100,11,0,11,111
11/06/2009,SPI,IL,AGL,CE,Combined TRACON& Tower with Radar,0,18,24,4,46,0,5,17,6,28,0,23,41,10,74,5,0,5,79
11/07/2009,SPI,IL,AGL,CE,Combined TRACON& Tower with Radar,0,14,17,0,31,0,1,38,0,39,0,15,55,0,70,2,0,2,72
11/08/2009,SPI,IL,AGL,CE,Combined TRACON& Tower with Radar,2,10,14,2,28,0,2,29,1,32,2,12,43,3,60,24,0,24,84
11/09/2009,SPI,IL,AGL,CE,Combined TRACON& Tower with Radar,0,22,20,2,44,0,0,19,0,19,0,22,39,2,63,1,0,1,64
11/10/2009,SPI,IL,AGL,CE,Combined TRACON& Tower with Radar,0,21,18,2,41,0,8,13,0,21,0,29,31,2,62,26,2,28,90
11/11/2009,SPI,IL,AGL,CE,Combined TRACON& Tower with Radar,0,18,16,0,34,0,2,16,4,22,0,20,32,4,56,8,0,8,64
11/12/2009,SPI,IL,AGL,CE,Combined TRACON& Tower with Radar,2,24,27,5,58,0,12,20,7,39,2,36,47,12,97,17,0,17,114
11/13/2009,SPI,IL,AGL,CE,Combined TRACON& Tower with Radar,0,23,16,0,39,0,14,36,0,50,0,37,52,0,89,13,0,13,102
11/14/2009,SPI,IL,AGL,CE,Combined TRACON& Tower with Radar,0,9,3,0,12,0,2,24,6,32,0,11,27,6,44,62,1,63,107
11/15/2009,SPI,IL,AGL,CE,Combined TRACON& Tower with Radar,2,10,15,4,31,0,0,0,1,1,2,10,15,5,32,0,0,0,32
11/16/2009,SPI,IL,AGL,CE,Combined TRACON& Tower with Radar,0,16,23,0,39,0,0,0,0,0,0,16,23,0,39,1,0,1,40
11/17/2009,SPI,IL,AGL,CE,Combined TRACON& Tower with Radar,0,18,12,0,30,0,0,0,0,0,0,18,12,0,30,0,0,0,30
11/18/2009,SPI,IL,AGL,CE,Combined TRACON& Tower with Radar,2,19,19,18,58,0,2,2,0,4,2,21,21,18,62,4,0,4,66
11/19/2009,SPI,IL,AGL,CE,Combined TRACON& Tower with Radar,0,17,40,0,57,0,1,2,0,3,0,18,42,0,60,2,0,2,62
11/20/2009,SPI,IL,AGL,CE,Combined TRACON& Tower with Radar,0,17,33,0,50,0,16,25,6,47,0,33,58,6,97,6,0,6,103
11/21/2009,SPI,IL,AGL,CE,Combined TRACON& Tower with Radar,2,11,12,5,30,0,7,30,0,37,2,18,42,5,67,18,0,18,85
11/22/2009,SPI,IL,AGL,CE,Combined TRACON& Tower with Radar,0,9,9,0,18,0,3,31,2,36,0,12,40,2,54,25,0,25,79
11/23/2009,SPI,IL,AGL,CE,Combined TRACON& Tower with Radar,0,12,14,1,27,0,14,31,0,45,0,26,45,1,72,22,0,22,94
11/24/2009,SPI,IL,AGL,CE,Combined TRACON& Tower with Radar,0,19,21,0,40,0,0,1,0,1,0,19,22,0,41,5,0,5,46
11/25/2009,SPI,IL,AGL,CE,Combined TRACON& Tower with Radar,2,16,16,0,34,0,0,8,0,8,2,16,24,0,42,2,0,2,44
11/26/2009,SPI,IL,AGL,CE,Combined TRACON& Tower with Radar,0,9,5,0,14,0,0,1,0,1,0,9,6,0,15,0,0,0,15
11/27/2009,SPI,IL,AGL,CE,Combined TRACON& Tower with Radar,0,9,13,0,22,0,0,39,0,39,0,9,52,0,61,27,0,27,88
11/28/2009,SPI,IL,AGL,CE,Combined TRACON& Tower with Radar,2,9,19,0,30,0,2,41,0,43,2,11,60,0,73,51,0,51,124
11/29/2009,SPI,IL,AGL,CE,Combined TRACON& Tower with Radar,0,11,38,0,49,0,0,9,0,9,0,11,47,0,58,28,0,28,86
11/30/2009,SPI,IL,AGL,CE,Combined TRACON& Tower with Radar,0,16,13,0,29,0,6,21,7,34,0,22,34,7,63,29,0,29,92
12/01/2009,SPI,IL,AGL,CE,Combined TRACON& Tower with Radar,2,24,11,4,41,0,10,21,2,33,2,34,32,6,74,57,0,57,131
12/02/2009,SPI,IL,AGL,CE,Combined TRACON& Tower with Radar,2,21,17,4,44,0,3,2,0,5,2,24,19,4,49,28,0,28,77
12/03/2009,SPI,IL,AGL,CE,Combined TRACON& Tower with Radar,0,21,14,0,35,0,3,9,0,12,0,24,23,0,47,2,0,2,49
12/04/2009,SPI,IL,AGL,CE,Combined TRACON& Tower with Radar,2,17,13,4,36,0,4,9,2,15,2,21,22,6,51,13,0,13,64
12/05/2009,SPI,IL,AGL,CE,Combined TRACON& Tower with Radar,2,11,16,5,34,0,4,43,0,47,2,15,59,5,81,26,8,34,115
12/06/2009,SPI,IL,AGL,CE,Combined TRACON& Tower with Radar,0,9,6,1,16,0,1,9,0,10,0,10,15,1,26,4,0,4,30
12/07/2009,SPI,IL,AGL,CE,Combined TRACON& Tower with Radar,0,13,27,2,42,0,0,0,0,0,0,13,27,2,42,0,0,0,42
12/08/2009,SPI,IL,AGL,CE,Combined TRACON& Tower with Radar,0,14,13,0,27,0,0,1,0,1,0,14,14,0,28,0,0,0,28
12/09/2009,SPI,IL,AGL,CE,Combined TRACON& Tower with Radar,4,19,8,0,31,0,0,1,0,1,4,19,9,0,32,0,0,0,32
12/10/2009,SPI,IL,AGL,CE,Combined TRACON& Tower with Radar,0,17,21,5,43,0,6,5,2,13,0,23,26,7,56,0,0,0,56
12/11/2009,SPI,IL,AGL,CE,Combined TRACON& Tower with Radar,0,17,33,18,68,0,6,12,2,20,0,23,45,20,88,0,16,16,104
12/12/2009,SPI,IL,AGL,CE,Combined TRACON& Tower with Radar,1,14,20,1,36,0,2,21,0,23,1,16,41,1,59,1,0,1,60
12/13/2009,SPI,IL,AGL,CE,Combined TRACON& Tower with Radar,0,10,9,0,19,0,0,1,0,1,0,10,10,0,20,0,0,0,20
12/14/2009,SPI,IL,AGL,CE,Combined TRACON& Tower with Radar,0,15,26,1,42,0,2,3,0,5,0,17,29,1,47,7,0,7,54
12/15/2009,SPI,IL,AGL,CE,Combined TRACON& Tower with Radar,0,18,11,2,31,0,6,24,2,32,0,24,35,4,63,11,0,11,74
12/16/2009,SPI,IL,AGL,CE,Combined TRACON& Tower with Radar,2,21,23,1,47,0,2,25,8,35,2,23,48,9,82,11,0,11,93
12/17/2009,SPI,IL,AGL,CE,Combined TRACON& Tower with Radar,0,15,38,1,54,0,10,30,5,45,0,25,68,6,99,0,2,2,101
12/18/2009,SPI,IL,AGL,CE,Combined TRACON& Tower with Radar,0,13,21,0,34,0,2,11,0,13,0,15,32,0,47,26,0,26,73
12/19/2009,SPI,IL,AGL,CE,Combined TRACON& Tower with Radar,2,12,5,0,19,0,0,0,2,2,2,12,5,2,21,10,0,10,31
12/20/2009,SPI,IL,AGL,CE,Combined TRACON& Tower with Radar,0,12,7,0,19,0,0,0,0,0,0,12,7,0,19,2,0,2,21
12/21/2009,SPI,IL,AGL,CE,Combined TRACON& Tower with Radar,0,15,22,0,37,0,0,2,0,2,0,15,24,0,39,2,0,2,41
12/22/2009,SPI,IL,AGL,CE,Combined TRACON& Tower with Radar,0,17,9,0,26,0,0,1,0,1,0,17,10,0,27,0,0,0,27
12/23/2009,SPI,IL,AGL,CE,Combined TRACON& Tower with Radar,2,13,5,0,20,0,0,0,0,0,2,13,5,0,20,0,0,0,20
12/24/2009,SPI,IL,AGL,CE,Combined TRACON& Tower with Radar,0,9,4,0,13,0,0,0,0,0,0,9,4,0,13,0,0,0,13
12/25/2009,SPI,IL,AGL,CE,Combined TRACON& Tower with Radar,0,6,0,0,6,0,1,0,0,1,0,7,0,0,7,0,0,0,7
12/26/2009,SPI,IL,AGL,CE,Combined TRACON& Tower with Radar,2,3,14,0,19,0,0,2,0,2,2,3,16,0,21,1,0,1,22
12/27/2009,SPI,IL,AGL,CE,Combined TRACON& Tower with Radar,0,8,7,0,15,0,0,4,0,4,0,8,11,0,19,1,0,1,20
12/28/2009,SPI,IL,AGL,CE,Combined TRACON& Tower with Radar,0,15,15,0,30,0,2,5,0,7,0,17,20,0,37,1,0,1,38
12/29/2009,SPI,IL,AGL,CE,Combined TRACON& Tower with Radar,0,20,15,0,35,0,4,25,4,33,0,24,40,4,68,20,0,20,88
12/30/2009,SPI,IL,AGL,CE,Combined TRACON& Tower with Radar,2,19,9,0,30,0,0,0,0,0,2,19,9,0,30,0,0,0,30
12/31/2009,SPI,IL,AGL,CE,Combined TRACON& Tower with Radar,0,12,2,0,14,0,0,10,0,10,0,12,12,0,24,1,0,1,25
01/01/2010,SPI,IL,AGL,CE,Combined TRACON& Tower with Radar,0,8,6,0,14,0,1,5,0,6,0,9,11,0,20,0,0,0,20
01/02/2010,SPI,IL,AGL,CE,Combined TRACON& Tower with Radar,2,10,11,0,23,0,0,4,0,4,2,10,15,0,27,0,0,0,27
01/03/2010,SPI,IL,AGL,CE,Combined TRACON& Tower with Radar,0,12,10,0,22,0,0,15,0,15,0,12,25,0,37,22,0,22,59
01/04/2010,SPI,IL,AGL,CE,Combined TRACON& Tower with Radar,0,14,14,2,30,0,4,17,0,21,0,18,31,2,51,2,4,6,57
01/05/2010,SPI,IL,AGL,CE,Combined TRACON& Tower with Radar,0,14,18,0,32,0,3,7,0,10,0,17,25,0,42,0,0,0,42
01/06/2010,SPI,IL,AGL,CE,Combined TRACON& Tower with Radar,2,15,9,2,28,0,4,9,4,17,2,19,18,6,45,8,1,9,54
01/07/2010,SPI,IL,AGL,CE,Combined TRACON& Tower with Radar,0,5,4,0,9,0,0,1,0,1,0,5,5,0,10,0,0,0,10
01/08/2010,SPI,IL,AGL,CE,Combined TRACON& Tower with Radar,0,20,15,0,35,0,1,5,0,6,0,21,20,0,41,1,0,1,42
01/09/2010,SPI,IL,AGL,CE,Combined TRACON& Tower with Radar,2,7,9,6,24,0,0,2,0,2,2,7,11,6,26,0,0,0,26
01/10/2010,SPI,IL,AGL,CE,Combined TRACON& Tower with Radar,0,9,10,2,21,0,0,14,0,14,0,9,24,2,35,0,0,0,35
01/11/2010,SPI,IL,AGL,CE,Combined TRACON& Tower with Radar,0,24,25,0,49,0,0,13,0,13,0,24,38,0,62,0,0,0,62
01/12/2010,SPI,IL,AGL,CE,Combined TRACON& Tower with Radar,0,18,17,1,36,0,8,16,0,24,0,26,33,1,60,0,0,0,60
01/13/2010,SPI,IL,AGL,CE,Combined TRACON& Tower with Radar,2,22,22,2,48,0,5,14,2,21,2,27,36,4,69,0,0,0,69
01/14/2010,SPI,IL,AGL,CE,Combined TRACON& Tower with Radar,0,21,27,1,49,0,2,12,0,14,0,23,39,1,63,10,0,10,73
01/15/2010,SPI,IL,AGL,CE,Combined TRACON& Tower with Radar,0,15,30,0,45,0,0,0,0,0,0,15,30,0,45,0,0,0,45
01/16/2010,SPI,IL,AGL,CE,Combined TRACON& Tower with Radar,2,8,8,0,18,0,0,0,0,0,2,8,8,0,18,0,0,0,18
01/17/2010,SPI,IL,AGL,CE,Combined TRACON& Tower with Radar,0,9,11,0,20,0,0,0,0,0,0,9,11,0,20,0,0,0,20
01/18/2010,SPI,IL,AGL,CE,Combined TRACON& Tower with Radar,0,7,8,0,15,0,0,0,0,0,0,7,8,0,15,0,0,0,15
01/19/2010,SPI,IL,AGL,CE,Combined TRACON& Tower with Radar,0,15,7,0,22,0,0,0,0,0,0,15,7,0,22,0,0,0,22
01/20/2010,SPI,IL,AGL,CE,Combined TRACON& Tower with Radar,2,18,11,0,31,0,0,0,0,0,2,18,11,0,31,0,0,0,31
01/21/2010,SPI,IL,AGL,CE,Combined TRACON& Tower with Radar,0,21,10,2,33,0,0,0,0,0,0,21,10,2,33,0,0,0,33
01/22/2010,SPI,IL,AGL,CE,Combined TRACON& Tower with Radar,0,13,15,2,30,0,0,0,0,0,0,13,15,2,30,0,0,0,30
01/23/2010,SPI,IL,AGL,CE,Combined TRACON& Tower with Radar,2,9,9,1,21,0,0,0,0,0,2,9,9,1,21,1,0,1,22
01/24/2010,SPI,IL,AGL,CE,Combined TRACON& Tower with Radar,0,8,18,1,27,0,0,1,0,1,0,8,19,1,28,0,0,0,28
01/25/2010,SPI,IL,AGL,CE,Combined TRACON& Tower with Radar,0,19,13,0,32,0,0,5,0,5,0,19,18,0,37,0,0,0,37
01/26/2010,SPI,IL,AGL,CE,Combined TRACON& Tower with Radar,0,20,18,0,38,0,0,9,2,11,0,20,27,2,49,16,0,16,65
01/27/2010,SPI,IL,AGL,CE,Combined TRACON& Tower with Radar,2,20,21,0,43,0,5,9,2,16,2,25,30,2,59,6,0,6,65
01/28/2010,SPI,IL,AGL,CE,Combined TRACON& Tower with Radar,0,22,25,2,49,0,3,15,2,20,0,25,40,4,69,2,0,2,71
01/29/2010,SPI,IL,AGL,CE,Combined TRACON& Tower with Radar,0,22,21,16,59,0,1,11,4,16,0,23,32,20,75,0,0,0,75
01/30/2010,SPI,IL,AGL,CE,Combined TRACON& Tower with Radar,2,11,18,0,31,0,2,24,0,26,2,13,42,0,57,28,0,28,85
01/31/2010,SPI,IL,AGL,CE,Combined TRACON& Tower with Radar,0,8,17,0,25,0,0,33,0,33,0,8,50,0,58,34,0,34,92
02/01/2010,SPI,IL,AGL,CE,Combined TRACON& Tower with Radar,0,15,28,14,57,0,6,22,0,28,0,21,50,14,85,22,14,36,121
02/02/2010,SPI,IL,AGL,CE,Combined TRACON& Tower with Radar,0,16,12,2,30,0,0,5,0,5,0,16,17,2,35,44,0,44,79
02/03/2010,SPI,IL,AGL,CE,Combined TRACON& Tower with Radar,2,17,20,3,42,0,4,34,4,42,2,21,54,7,84,8,16,24,108
02/04/2010,SPI,IL,AGL,CE,Combined TRACON& Tower with Radar,0,18,31,6,55,0,0,6,0,6,0,18,37,6,61,10,0,10,71
02/05/2010,SPI,IL,AGL,CE,Combined TRACON& Tower with Radar,0,15,10,0,25,0,0,0,0,0,0,15,10,0,25,0,0,0,25
02/06/2010,SPI,IL,AGL,CE,Combined TRACON& Tower with Radar,2,7,4,0,13,0,0,2,0,2,2,7,6,0,15,10,0,10,25
02/07/2010,SPI,IL,AGL,CE,Combined TRACON& Tower with Radar,0,8,7,0,15,0,3,21,0,24,0,11,28,0,39,25,0,25,64
02/08/2010,SPI,IL,AGL,CE,Combined TRACON& Tower with Radar,0,17,16,0,33,0,0,7,0,7,0,17,23,0,40,8,0,8,48
02/09/2010,SPI,IL,AGL,CE,Combined TRACON& Tower with Radar,0,10,9,0,19,0,0,1,0,1,0,10,10,0,20,0,0,0,20
02/10/2010,SPI,IL,AGL,CE,Combined TRACON& Tower with Radar,2,18,17,0,37,0,2,6,0,8,2,20,23,0,45,1,0,1,46
02/11/2010,SPI,IL,AGL,CE,Combined TRACON& Tower with Radar,1,26,26,0,53,0,10,30,0,40,1,36,56,0,93,23,0,23,116
02/12/2010,SPI,IL,AGL,CE,Combined TRACON& Tower with Radar,0,9,24,4,37,0,0,4,0,4,0,9,28,4,41,32,0,32,73
02/13/2010,SPI,IL,AGL,CE,Combined TRACON& Tower with Radar,2,8,8,0,18,0,1,26,0,27,2,9,34,0,45,43,0,43,88
02/14/2010,SPI,IL,AGL,CE,Combined TRACON& Tower with Radar,0,9,6,0,15,0,0,0,0,0,0,9,6,0,15,0,0,0,15
02/15/2010,SPI,IL,AGL,CE,Combined TRACON& Tower with Radar,0,17,14,0,31,0,3,1,0,4,0,20,15,0,35,2,0,2,37
02/16/2010,SPI,IL,AGL,CE,Combined TRACON& Tower with Radar,0,25,16,0,41,0,3,11,0,14,0,28,27,0,55,1,0,1,56
02/17/2010,SPI,IL,AGL,CE,Combined TRACON& Tower with Radar,2,16,15,3,36,0,3,23,0,26,2,19,38,3,62,0,0,0,62
02/18/2010,SPI,IL,AGL,CE,Combined TRACON& Tower with Radar,0,27,24,4,55,0,6,23,2,31,0,33,47,6,86,68,0,68,154
02/19/2010,SPI,IL,AGL,CE,Combined TRACON& Tower with Radar,0,23,19,4,46,0,2,15,4,21,0,25,34,8,67,50,0,50,117
02/20/2010,SPI,IL,AGL,CE,Combined TRACON& Tower with Radar,2,8,15,0,25,0,0,32,0,32,2,8,47,0,57,84,0,84,141
02/21/2010,SPI,IL,AGL,CE,Combined TRACON& Tower with Radar,0,9,5,0,14,0,0,0,0,0,0,9,5,0,14,0,0,0,14
02/22/2010,SPI,IL,AGL,CE,Combined TRACON& Tower with Radar,0,19,19,0,38,0,0,0,0,0,0,19,19,0,38,1,0,1,39
02/23/2010,SPI,IL,AGL,CE,Combined TRACON& Tower with Radar,0,17,25,2,44,0,2,16,0,18,0,19,41,2,62,39,2,41,103
02/24/2010,SPI,IL,AGL,CE,Combined TRACON& Tower with Radar,2,16,25,0,43,0,2,21,0,23,2,18,46,0,66,2,0,2,68
02/25/2010,SPI,IL,AGL,CE,Combined TRACON& Tower with Radar,0,30,35,2,67,0,8,24,2,34,0,38,59,4,101,28,0,28,129
02/26/2010,SPI,IL,AGL,CE,Combined TRACON& Tower with Radar,0,24,32,0,56,0,16,32,2,50,0,40,64,2,106,46,0,46,152
02/27/2010,SPI,IL,AGL,CE,Combined TRACON& Tower with Radar,4,8,20,1,33,0,10,37,0,47,4,18,57,1,80,92,1,93,173
02/28/2010,SPI,IL,AGL,CE,Combined TRACON& Tower with Radar,0,9,14,1,24,0,4,47,0,51,0,13,61,1,75,52,0,52,127
03/01/2010,SPI,IL,AGL,CE,Combined TRACON& Tower with Radar,0,21,18,7,46,0,8,22,2,32,0,29,40,9,78,55,0,55,133
03/02/2010,SPI,IL,AGL,CE,Combined TRACON& Tower with Radar,0,22,20,3,45,0,0,11,0,11,0,22,31,3,56,22,0,22,78
03/03/2010,SPI,IL,AGL,CE,Combined TRACON& Tower with Radar,2,25,21,0,48,0,2,16,2,20,2,27,37,2,68,26,0,26,94
03/04/2010,SPI,IL,AGL,CE,Combined TRACON& Tower with Radar,0,20,28,0,48,0,13,47,1,61,0,33,75,1,109,45,0,45,154
03/05/2010,SPI,IL,AGL,CE,Combined TRACON& Tower with Radar,0,17,19,12,48,0,0,39,0,39,0,17,58,12,87,77,6,83,170
03/06/2010,SPI,IL,AGL,CE,Combined TRACON& Tower with Radar,2,9,30,1,42,0,3,32,0,35,2,12,62,1,77,21,0,21,98
03/07/2010,SPI,IL,AGL,CE,Combined TRACON& Tower with Radar,0,11,13,8,32,0,5,17,0,22,0,16,30,8,54,0,0,0,54
03/08/2010,SPI,IL,AGL,CE,Combined TRACON& Tower with Radar,0,20,33,20,73,0,0,0,1,1,0,20,33,21,74,0,0,0,74
03/09/2010,SPI,IL,AGL,CE,Combined TRACON& Tower with Radar,0,26,20,0,46,0,0,3,4,7,0,26,23,4,53,1,0,1,54
03/10/2010,SPI,IL,AGL,CE,Combined TRACON& Tower with Radar,2,29,24,1,56,0,1,8,0,9,2,30,32,1,65,4,0,4,69
03/11/2010,SPI,IL,AGL,CE,Combined TRACON& Tower with Radar,0,24,23,11,58,0,3,11,1,15,0,27,34,12,73,0,8,8,81
03/12/2010,SPI,IL,AGL,CE,Combined TRACON& Tower with Radar,0,19,15,8,42,0,1,10,0,11,0,20,25,8,53,0,0,0,53
03/13/2010,SPI,IL,AGL,CE,Combined TRACON& Tower with Radar,2,11,9,0,22,0,0,0,2,2,2,11,9,2,24,0,0,0,24
03/14/2010,SPI,IL,AGL,CE,Combined TRACON& Tower with Radar,0,9,37,7,53,0,0,4,0,4,0,9,41,7,57,18,0,18,75
03/15/2010,SPI,IL,AGL,CE,Combined TRACON& Tower with Radar,0,24,26,8,58,0,12,28,2,42,0,36,54,10,100,67,0,67,167
03/16/2010,SPI,IL,AGL,CE,Combined TRACON& Tower with Radar,0,25,37,0,62,0,6,10,0,16,0,31,47,0,78,4,0,4,82
03/17/2010,SPI,IL,AGL,CE,Combined TRACON& Tower with Radar,2,30,23,4,59,0,2,25,2,29,2,32,48,6,88,9,0,9,97
03/18/2010,SPI,IL,AGL,CE,Combined TRACON& Tower with Radar,0,23,29,7,59,0,12,15,2,29,0,35,44,9,88,19,0,19,107
03/19/2010,SPI,IL,AGL,CE,Combined TRACON& Tower with Radar,0,21,17,7,45,0,7,32,4,43,0,28,49,11,88,0,0,0,88
03/20/2010,SPI,IL,AGL,CE,Combined TRACON& Tower with Radar,2,11,16,0,29,0,2,4,0,6,2,13,20,0,35,2,0,2,37
03/21/2010,SPI,IL,AGL,CE,Combined TRACON& Tower with Radar,0,9,4,6,19,0,1,1,0,2,0,10,5,6,21,0,0,0,21
03/22/2010,SPI,IL,AGL,CE,Combined TRACON& Tower with Radar,0,17,29,16,62,0,11,32,0,43,0,28,61,16,105,31,6,37,142
03/23/2010,SPI,IL,AGL,CE,Combined TRACON& Tower with Radar,0,18,33,1,52,0,19,40,0,59,0,37,73,1,111,28,0,28,139
03/24/2010,SPI,IL,AGL,CE,Combined TRACON& Tower with Radar,4,15,18,2,39,0,6,22,0,28,4,21,40,2,67,50,0,50,117
03/25/2010,SPI,IL,AGL,CE,Combined TRACON& Tower with Radar,0,21,24,2,47,0,0,5,0,5,0,21,29,2,52,0,0,0,52
03/26/2010,SPI,IL,AGL,CE,Combined TRACON& Tower with Radar,0,15,17,0,32,0,4,27,2,33,0,19,44,2,65,21,0,21,86
03/27/2010,SPI,IL,AGL,CE,Combined TRACON& Tower with Radar,4,15,19,0,38,0,6,31,3,40,4,21,50,3,78,32,0,32,110
03/28/2010,SPI,IL,AGL,CE,Combined TRACON& Tower with Radar,0,9,13,0,22,0,0,0,0,0,0,9,13,0,22,26,0,26,48
03/29/2010,SPI,IL,AGL,CE,Combined TRACON& Tower with Radar,0,17,26,1,44,0,8,34,3,45,0,25,60,4,89,97,0,97,186
03/30/2010,SPI,IL,AGL,CE,Combined TRACON& Tower with Radar,0,15,18,2,35,0,13,32,8,53,0,28,50,10,88,11,6,17,105
03/31/2010,SPI,IL,AGL,CE,Combined TRACON& Tower with Radar,2,20,27,0,49,0,9,35,0,44,2,29,62,0,93,34,0,34,127
04/01/2010,SPI,IL,AGL,CE,Combined TRACON& Tower with Radar,0,17,21,1,39,0,9,24,3,36,0,26,45,4,75,0,0,0,75
04/02/2010,SPI,IL,AGL,CE,Combined TRACON& Tower with Radar,0,13,12,0,25,0,6,8,0,14,0,19,20,0,39,6,0,6,45
04/03/2010,SPI,IL,AGL,CE,Combined TRACON& Tower with Radar,4,8,23,0,35,0,3,18,0,21,4,11,41,0,56,49,0,49,105
04/04/2010,SPI,IL,AGL,CE,Combined TRACON& Tower with Radar,0,9,7,0,16,0,0,6,0,6,0,9,13,0,22,3,0,3,25
04/05/2010,SPI,IL,AGL,CE,Combined TRACON& Tower with Radar,0,15,24,0,39,0,1,20,0,21,0,16,44,0,60,0,0,0,60
04/06/2010,SPI,IL,AGL,CE,Combined TRACON& Tower with Radar,0,13,16,7,36,0,10,16,1,27,0,23,32,8,63,18,0,18,81
04/07/2010,SPI,IL,AGL,CE,Combined TRACON& Tower with Radar,2,15,16,1,34,0,1,3,1,5,2,16,19,2,39,10,0,10,49
04/08/2010,SPI,IL,AGL,CE,Combined TRACON& Tower with Radar,0,17,27,11,55,0,4,21,3,28,0,21,48,14,83,14,0,14,97
04/09/2010,SPI,IL,AGL,CE,Combined TRACON& Tower with Radar,0,17,31,0,48,0,16,31,0,47,0,33,62,0,95,40,0,40,135
04/10/2010,SPI,IL,AGL,CE,Combined TRACON& Tower with Radar,4,13,18,3,38,0,15,31,5,51,4,28,49,8,89,15,2,17,106
04/11/2010,SPI,IL,AGL,CE,Combined TRACON& Tower with Radar,0,11,20,0,31,0,8,31,0,39,0,19,51,0,70,61,0,61,131
04/12/2010,SPI,IL,AGL,CE,Combined TRACON& Tower with Radar,0,27,35,10,72,0,5,26,3,34,0,32,61,13,106,25,20,45,151
04/13/2010,SPI,IL,AGL,CE,Combined TRACON& Tower with Radar,0,25,28,0,53,0,10,43,0,53,0,35,71,0,106,31,0,31,137
04/14/2010,SPI,IL,AGL,CE,Combined TRACON& Tower with Radar,2,21,27,8,58,0,10,38,0,48,2,31,65,8,106,27,0,27,133
04/15/2010,SPI,IL,AGL,CE,Combined TRACON& Tower with Radar,0,22,20,1,43,0,17,24,0,41,0,39,44,1,84,2,0,2,86
04/16/2010,SPI,IL,AGL,CE,Combined TRACON& Tower with Radar,0,16,20,32,68,0,3,22,0,25,0,19,42,32,93,0,24,24,117
04/17/2010,SPI,IL,AGL,CE,Combined TRACON& Tower with Radar,2,13,20,0,35,0,6,29,0,35,2,19,49,0,70,2,0,2,72
04/18/2010,SPI,IL,AGL,CE,Combined TRACON& Tower with Radar,0,10,28,2,40,0,3,50,0,53,0,13,78,2,93,20,0,20,113
04/19/2010,SPI,IL,AGL,CE,Combined TRACON& Tower with Radar,2,19,31,5,57,0,11,24,5,40,2,30,55,10,97,13,0,13,110
04/20/2010,SPI,IL,AGL,CE,Combined TRACON& Tower with Radar,0,20,30,3,53,0,18,31,2,51,0,38,61,5,104,23,0,23,127
04/21/2010,SPI,IL,AGL,CE,Combined TRACON& Tower with Radar,3,20,16,20,59,0,8,44,2,54,3,28,60,22,113,13,10,23,136
04/22/2010,SPI,IL,AGL,CE,Combined TRACON& Tower with Radar,0,16,41,4,61,0,17,21,3,41,0,33,62,7,102,16,0,16,118
04/23/2010,SPI,IL,AGL,CE,Combined TRACON& Tower with Radar,0,25,27,22,74,0,2,4,0,6,0,27,31,22,80,1,6,7,87
04/24/2010,SPI,IL,AGL,CE,Combined TRACON& Tower with Radar,0,11,5,6,22,0,0,5,0,5,0,11,10,6,27,0,0,0,27
04/25/2010,SPI,IL,AGL,CE,Combined TRACON& Tower with Radar,0,6,24,0,30,0,0,0,0,0,0,6,24,0,30,0,0,0,30
04/26/2010,SPI,IL,AGL,CE,Combined TRACON& Tower with Radar,0,21,18,12,51,0,10,37,0,47,0,31,55,12,98,23,42,65,163
04/27/2010,SPI,IL,AGL,CE,Combined TRACON& Tower with Radar,0,23,38,26,87,0,6,26,0,32,0,29,64,26,119,37,12,49,168
04/28/2010,SPI,IL,AGL,CE,Combined TRACON& Tower with Radar,0,18,36,0,54,0,15,42,4,61,0,33,78,4,115,57,0,57,172
04/29/2010,SPI,IL,AGL,CE,Combined TRACON& Tower with Radar,0,21,29,1,51,0,7,11,1,19,0,28,40,2,70,2,0,2,72
04/30/2010,SPI,IL,AGL,CE,Combined TRACON& Tower with Radar,0,19,19,1,39,0,3,5,1,9,0,22,24,2,48,8,0,8,56
05/01/2010,SPI,IL,AGL,CE,Combined TRACON& Tower with Radar,0,10,9,0,19,0,2,37,0,39,0,12,46,0,58,27,0,27,85
05/02/2010,SPI,IL,AGL,CE,Combined TRACON& Tower with Radar,0,6,24,0,30,0,0,0,0,0,0,6,24,0,30,0,0,0,30
05/03/2010,SPI,IL,AGL,CE,Combined TRACON& Tower with Radar,0,18,24,0,42,0,1,20,0,21,0,19,44,0,63,2,0,2,65
05/04/2010,SPI,IL,AGL,CE,Combined TRACON& Tower with Radar,2,19,30,4,55,0,19,20,0,39,2,38,50,4,94,9,1,10,104
05/05/2010,SPI,IL,AGL,CE,Combined TRACON& Tower with Radar,0,16,31,18,65,0,13,21,3,37,0,29,52,21,102,6,10,16,118
05/06/2010,SPI,IL,AGL,CE,Combined TRACON& Tower with Radar,0,20,33,5,58,0,9,53,3,65,0,29,86,8,123,13,0,13,136
05/07/2010,SPI,IL,AGL,CE,Combined TRACON& Tower with Radar,0,18,17,3,38,0,3,14,1,18,0,21,31,4,56,13,0,13,69
05/08/2010,SPI,IL,AGL,CE,Combined TRACON& Tower with Radar,0,11,9,5,25,0,3,14,0,17,0,14,23,5,42,10,0,10,52
05/09/2010,SPI,IL,AGL,CE,Combined TRACON& Tower with Radar,0,11,10,0,21,0,1,36,0,37,0,12,46,0,58,79,0,79,137
05/10/2010,SPI,IL,AGL,CE,Combined TRACON& Tower with Radar,0,21,14,6,41,0,2,8,0,10,0,23,22,6,51,2,0,2,53
05/11/2010,SPI,IL,AGL,CE,Combined TRACON& Tower with Radar,0,13,16,5,34,0,2,14,1,17,0,15,30,6,51,4,0,4,55
05/12/2010,SPI,IL,AGL,CE,Combined TRACON& Tower with Radar,0,13,25,1,39,0,0,2,0,2,0,13,27,1,41,1,0,1,42
05/13/2010,SPI,IL,AGL,CE,Combined TRACON& Tower with Radar,0,13,31,0,44,0,0,2,0,2,0,13,33,0,46,2,0,2,48
05/14/2010,SPI,IL,AGL,CE,Combined TRACON& Tower with Radar,0,23,33,5,61,0,5,36,2,43,0,28,69,7,104,12,0,12,116
05/15/2010,SPI,IL,AGL,CE,Combined TRACON& Tower with Radar,0,13,22,6,41,0,7,18,0,25,0,20,40,6,66,1,0,1,67
05/16/2010,SPI,IL,AGL,CE,Combined TRACON& Tower with Radar,0,11,17,2,30,0,2,9,0,11,0,13,26,2,41,2,0,2,43
05/17/2010,SPI,IL,AGL,CE,Combined TRACON& Tower with Radar,0,17,21,0,38,0,0,0,0,0,0,17,21,0,38,0,0,0,38
05/18/2010,SPI,IL,AGL,CE,Combined TRACON& Tower with Radar,0,16,21,0,37,0,8,49,8,65,0,24,70,8,102,38,0,38,140
05/19/2010,SPI,IL,AGL,CE,Combined TRACON& Tower with Radar,1,20,51,0,72,0,18,42,6,66,1,38,93,6,138,15,0,15,153
05/20/2010,SPI,IL,AGL,CE,Combined TRACON& Tower with Radar,0,16,40,13,69,0,0,1,3,4,0,16,41,16,73,0,0,0,73
05/21/2010,SPI,IL,AGL,CE,Combined TRACON& Tower with Radar,0,16,37,0,53,0,11,7,0,18,0,27,44,0,71,4,0,4,75
05/22/2010,SPI,IL,AGL,CE,Combined TRACON& Tower with Radar,0,12,22,2,36,0,0,37,0,37,0,12,59,2,73,41,0,41,114
05/23/2010,SPI,IL,AGL,CE,Combined TRACON& Tower with Radar,0,10,19,2,31,0,8,29,0,37,0,18,48,2,68,18,0,18,86
05/24/2010,SPI,IL,AGL,CE,Combined TRACON& Tower with Radar,0,21,19,4,44,0,6,16,0,22,0,27,35,4,66,12,0,12,78
05/25/2010,SPI,IL,AGL,CE,Combined TRACON& Tower with Radar,2,12,10,2,26,0,2,18,0,20,2,14,28,2,46,16,0,16,62
05/26/2010,SPI,IL,AGL,CE,Combined TRACON& Tower with Radar,1,16,39,3,59,0,4,19,2,25,1,20,58,5,84,0,0,0,84
05/27/2010,SPI,IL,AGL,CE,Combined TRACON& Tower with Radar,2,19,30,2,53,0,8,20,2,30,2,27,50,4,83,6,0,6,89
05/28/2010,SPI,IL,AGL,CE,Combined TRACON& Tower with Radar,1,13,32,2,48,0,1,40,1,42,1,14,72,3,90,3,0,3,93
05/29/2010,SPI,IL,AGL,CE,Combined TRACON& Tower with Radar,2,14,18,0,34,0,0,19,1,20,2,14,37,1,54,38,0,38,92
05/30/2010,SPI,IL,AGL,CE,Combined TRACON& Tower with Radar,2,7,22,0,31,0,0,24,0,24,2,7,46,0,55,35,0,35,90
05/31/2010,SPI,IL,AGL,CE,Combined TRACON& Tower with Radar,0,8,10,5,23,0,1,20,0,21,0,9,30,5,44,32,0,32,76
06/01/2010,SPI,IL,AGL,CE,Combined TRACON& Tower with Radar,0,15,36,2,53,0,6,31,2,39,0,21,67,4,92,40,0,40,132
06/02/2010,SPI,IL,AGL,CE,Combined TRACON& Tower with Radar,0,17,22,8,47,0,0,2,0,2,0,17,24,8,49,0,0,0,49
06/03/2010,SPI,IL,AGL,CE,Combined TRACON& Tower with Radar,2,15,45,6,68,0,4,17,2,23,2,19,62,8,91,48,0,48,139
06/04/2010,SPI,IL,AGL,CE,Combined TRACON& Tower with Radar,0,14,27,11,52,0,10,21,4,35,0,24,48,15,87,26,4,30,117
06/05/2010,SPI,IL,AGL,CE,Combined TRACON& Tower with Radar,2,7,16,0,25,0,0,2,0,2,2,7,18,0,27,0,0,0,27
06/06/2010,SPI,IL,AGL,CE,Combined TRACON& Tower with Radar,4,8,20,7,39,0,0,34,2,36,4,8,54,9,75,10,0,10,85
06/07/2010,SPI,IL,AGL,CE,Combined TRACON& Tower with Radar,0,23,29,20,72,0,11,38,0,49,0,34,67,20,121,22,14,36,157
06/08/2010,SPI,IL,AGL,CE,Combined TRACON& Tower with Radar,0,19,11,0,30,0,5,1,0,6,0,24,12,0,36,40,0,40,76
06/09/2010,SPI,IL,AGL,CE,Combined TRACON& Tower with Radar,0,20,29,0,49,0,8,31,2,41,0,28,60,2,90,2,0,2,92
06/10/2010,SPI,IL,AGL,CE,Combined TRACON& Tower with Radar,2,21,22,10,55,0,7,45,0,52,2,28,67,10,107,4,0,4,111
06/11/2010,SPI,IL,AGL,CE,Combined TRACON& Tower with Radar,0,27,6,18,51,0,9,12,2,23,0,36,18,20,74,14,17,31,105
06/12/2010,SPI,IL,AGL,CE,Combined TRACON& Tower with Radar,0,11,5,2,18,0,1,11,1,13,0,12,16,3,31,35,0,35,66
06/13/2010,SPI,IL,AGL,CE,Combined TRACON& Tower with Radar,2,11,7,3,23,0,2,7,3,12,2,13,14,6,35,4,0,4,39
06/14/2010,SPI,IL,AGL,CE,Combined TRACON& Tower with Radar,1,19,30,4,54,0,1,0,0,1,1,20,30,4,55,2,0,2,57
06/15/2010,SPI,IL,AGL,CE,Combined TRACON& Tower with Radar,0,18,19,0,37,0,2,8,0,10,0,20,27,0,47,10,0,10,57
06/16/2010,SPI,IL,AGL,CE,Combined TRACON& Tower with Radar,0,22,39,5,66,0,8,46,2,56,0,30,85,7,122,8,0,8,130
06/17/2010,SPI,IL,AGL,CE,Combined TRACON& Tower with Radar,2,23,32,3,60,0,5,29,1,35,2,28,61,4,95,7,0,7,102
06/18/2010,SPI,IL,AGL,CE,Combined TRACON& Tower with Radar,0,11,20,0,31,0,6,27,0,33,0,17,47,0,64,14,0,14,78
06/19/2010,SPI,IL,AGL,CE,Combined TRACON& Tower with Radar,0,10,11,2,23,0,0,18,0,18,0,10,29,2,41,0,0,0,41
06/20/2010,SPI,IL,AGL,CE,Combined TRACON& Tower with Radar,2,16,17,10,45,0,6,31,2,39,2,22,48,12,84,9,0,9,93
06/21/2010,SPI,IL,AGL,CE,Combined TRACON& Tower with Radar,0,13,13,11,37,0,0,22,0,22,0,13,35,11,59,12,18,30,89
06/22/2010,SPI,IL,AGL,CE,Combined TRACON& Tower with Radar,2,18,24,0,44,0,1,11,0,12,2,19,35,0,56,3,0,3,59
06/23/2010,SPI,IL,AGL,CE,Combined TRACON& Tower with Radar,1,9,16,2,28,0,5,25,0,30,1,14,41,2,58,8,0,8,66
06/24/2010,SPI,IL,AGL,CE,Combined TRACON& Tower with Radar,4,23,41,5,73,0,16,34,0,50,4,39,75,5,123,14,0,14,137
06/25/2010,SPI,IL,AGL,CE,Combined TRACON& Tower with Radar,0,15,32,1,48,0,12,45,3,60,0,27,77,4,108,6,0,6,114
06/26/2010,SPI,IL,AGL,CE,Combined TRACON& Tower with Radar,2,11,6,0,19,0,5,36,0,41,2,16,42,0,60,34,0,34,94
06/27/2010,SPI,IL,AGL,CE,Combined TRACON& Tower with Radar,2,8,7,0,17,0,2,5,1,8,2,10,12,1,25,14,0,14,39
06/28/2010,SPI,IL,AGL,CE,Combined TRACON& Tower with Radar,0,21,27,18,66,0,2,39,5,46,0,23,66,23,112,21,8,29,141
06/29/2010,SPI,IL,AGL,CE,Combined TRACON& Tower with Radar,0,20,18,0,38,0,22,40,0,62,0,42,58,0,100,37,0,37,137
06/30/2010,SPI,IL,AGL,CE,Combined TRACON& Tower with Radar,0,21,29,16,66,0,5,47,4,56,0,26,76,20,122,28,12,40,162
07/01/2010,SPI,IL,AGL,CE,Combined TRACON& Tower with Radar,2,17,14,0,33,0,12,49,8,69,2,29,63,8,102,8,0,8,110
07/02/2010,SPI,IL,AGL,CE,Combined TRACON& Tower with Radar,0,17,20,2,39,0,8,30,0,38,0,25,50,2,77,24,0,24,101
07/03/2010,SPI,IL,AGL,CE,Combined TRACON& Tower with Radar,0,14,14,0,28,0,1,21,0,22,0,15,35,0,50,0,0,0,50
07/04/2010,SPI,IL,AGL,CE,Combined TRACON& Tower with Radar,2,11,7,0,20,0,0,23,0,23,2,11,30,0,43,0,0,0,43
07/05/2010,SPI,IL,AGL,CE,Combined TRACON& Tower with Radar,0,12,24,0,36,0,1,14,0,15,0,13,38,0,51,13,0,13,64
07/06/2010,SPI,IL,AGL,CE,Combined TRACON& Tower with Radar,0,17,22,0,39,0,10,20,1,31,0,27,42,1,70,6,0,6,76
07/07/2010,SPI,IL,AGL,CE,Combined TRACON& Tower with Radar,0,14,15,1,30,0,11,30,1,42,0,25,45,2,72,26,0,26,98
07/08/2010,SPI,IL,AGL,CE,Combined TRACON& Tower with Radar,2,21,32,4,59,0,0,14,4,18,2,21,46,8,77,1,1,2,79
07/09/2010,SPI,IL,AGL,CE,Combined TRACON& Tower with Radar,0,17,34,0,51,0,5,58,0,63,0,22,92,0,114,14,0,14,128
07/10/2010,SPI,IL,AGL,CE,Combined TRACON& Tower with Radar,0,12,22,0,34,0,0,45,1,46,0,12,67,1,80,80,0,80,160
07/11/2010,SPI,IL,AGL,CE,Combined TRACON& Tower with Radar,2,11,18,0,31,0,9,36,2,47,2,20,54,2,78,50,0,50,128
07/12/2010,SPI,IL,AGL,CE,Combined TRACON& Tower with Radar,0,22,21,2,45,0,23,32,0,55,0,45,53,2,100,36,0,36,136
07/13/2010,SPI,IL,AGL,CE,Combined TRACON& Tower with Radar,0,19,24,17,60,0,23,19,13,55,0,42,43,30,115,56,6,62,177
07/14/2010,SPI,IL,AGL,CE,Combined TRACON& Tower with Radar,0,21,22,6,49,0,25,23,3,51,0,46,45,9,100,11,0,11,111
07/15/2010,SPI,IL,AGL,CE,Combined TRACON& Tower with Radar,2,15,35,0,52,0,8,21,7,36,2,23,56,7,88,0,0,0,88
07/16/2010,SPI,IL,AGL,CE,Combined TRACON& Tower with Radar,0,25,37,2,64,1,17,40,0,58,1,42,77,2,122,31,0,31,153
07/17/2010,SPI,IL,AGL,CE,Combined TRACON& Tower with Radar,0,10,10,0,20,0,3,29,2,34,0,13,39,2,54,8,0,8,62
07/18/2010,SPI,IL,AGL,CE,Combined TRACON& Tower with Radar,2,12,10,0,24,0,2,12,0,14,2,14,22,0,38,31,0,31,69
07/19/2010,SPI,IL,AGL,CE,Combined TRACON& Tower with Radar,0,16,25,25,66,0,7,16,0,23,0,23,41,25,89,12,4,16,105
07/20/2010,SPI,IL,AGL,CE,Combined TRACON& Tower with Radar,0,17,17,0,34,0,0,9,0,9,0,17,26,0,43,2,0,2,45
07/21/2010,SPI,IL,AGL,CE,Combined TRACON& Tower with Radar,2,17,24,2,45,0,4,12,0,16,2,21,36,2,61,2,0,2,63
07/22/2010,SPI,IL,AGL,CE,Combined TRACON& Tower with Radar,18,15,20,4,57,0,8,20,6,34,18,23,40,10,91,18,0,18,109
07/23/2010,SPI,IL,AGL,CE,Combined TRACON& Tower with Radar,0,14,28,1,43,0,3,19,4,26,0,17,47,5,69,40,0,40,109
07/24/2010,SPI,IL,AGL,CE,Combined TRACON& Tower with Radar,1,11,15,3,30,0,1,20,0,21,1,12,35,3,51,2,0,2,53
07/25/2010,SPI,IL,AGL,CE,Combined TRACON& Tower with Radar,2,14,21,2,39,0,3,31,3,37,2,17,52,5,76,22,1,23,99
07/26/2010,SPI,IL,AGL,CE,Combined TRACON& Tower with Radar,8,15,20,0,43,30,10,40,0,80,38,25,60,0,123,38,0,38,161
07/27/2010,SPI,IL,AGL,CE,Combined TRACON& Tower with Radar,0,19,19,0,38,0,7,27,2,36,0,26,46,2,74,4,0,4,78
07/28/2010,SPI,IL,AGL,CE,Combined TRACON& Tower with Radar,0,13,38,1,52,0,4,34,5,43,0,17,72,6,95,0,0,0,95
07/29/2010,SPI,IL,AGL,CE,Combined TRACON& Tower with Radar,2,15,32,5,54,0,11,28,2,41,2,26,60,7,95,35,0,35,130
07/30/2010,SPI,IL,AGL,CE,Combined TRACON& Tower with Radar,0,17,40,19,76,0,10,22,2,34,0,27,62,21,110,11,22,33,143
07/31/2010,SPI,IL,AGL,CE,Combined TRACON& Tower with Radar,0,11,25,0,36,0,0,15,0,15,0,11,40,0,51,0,0,0,51
08/01/2010,SPI,IL,AGL,CE,Combined TRACON& Tower with Radar,2,12,19,25,58,0,2,42,2,46,2,14,61,27,104,35,0,35,139
08/02/2010,SPI,IL,AGL,CE,Combined TRACON& Tower with Radar,0,17,29,0,46,0,6,16,0,22,0,23,45,0,68,18,0,18,86
08/03/2010,SPI,IL,AGL,CE,Combined TRACON& Tower with Radar,0,16,11,3,30,0,2,5,3,10,0,18,16,6,40,13,0,13,53
08/04/2010,SPI,IL,AGL,CE,Combined TRACON& Tower with Radar,2,12,25,0,39,0,1,14,0,15,2,13,39,0,54,16,0,16,70
08/05/2010,SPI,IL,AGL,CE,Combined TRACON& Tower with Radar,2,19,34,2,57,0,6,26,0,32,2,25,60,2,89,6,0,6,95
08/06/2010,SPI,IL,AGL,CE,Combined TRACON& Tower with Radar,0,22,31,6,59,0,3,41,0,44,0,25,72,6,103,26,0,26,129
08/07/2010,SPI,IL,AGL,CE,Combined TRACON& Tower with Radar,0,15,12,0,27,0,2,40,2,44,0,17,52,2,71,43,0,43,114
08/08/2010,SPI,IL,AGL,CE,Combined TRACON& Tower with Radar,4,12,6,1,23,0,0,17,0,17,4,12,23,1,40,10,0,10,50
08/09/2010,SPI,IL,AGL,CE,Combined TRACON& Tower with Radar,0,21,17,20,58,0,4,13,0,17,0,25,30,20,75,16,20,36,111
08/10/2010,SPI,IL,AGL,CE,Combined TRACON& Tower with Radar,0,23,12,2,37,0,2,13,0,15,0,25,25,2,52,0,0,0,52
08/11/2010,SPI,IL,AGL,CE,Combined TRACON& Tower with Radar,0,19,24,1,44,0,4,22,1,27,0,23,46,2,71,77,0,77,148
08/12/2010,SPI,IL,AGL,CE,Combined TRACON& Tower with Radar,2,22,30,0,54,0,12,30,2,44,2,34,60,2,98,11,0,11,109
08/13/2010,SPI,IL,AGL,CE,Combined TRACON& Tower with Radar,0,22,31,6,59,0,3,45,0,48,0,25,76,6,107,18,1,19,126
08/14/2010,SPI,IL,AGL,CE,Combined TRACON& Tower with Radar,0,10,19,0,29,0,6,6,0,12,0,16,25,0,41,1,0,1,42
08/15/2010,SPI,IL,AGL,CE,Combined TRACON& Tower with Radar,2,14,11,1,28,0,4,32,3,39,2,18,43,4,67,4,0,4,71
08/16/2010,SPI,IL,AGL,CE,Combined TRACON& Tower with Radar,0,19,27,0,46,0,5,37,5,47,0,24,64,5,93,40,0,40,133
08/17/2010,SPI,IL,AGL,CE,Combined TRACON& Tower with Radar,0,21,13,0,34,0,8,18,1,27,0,29,31,1,61,41,0,41,102
08/18/2010,SPI,IL,AGL,CE,Combined TRACON& Tower with Radar,0,20,33,0,53,0,2,27,0,29,0,22,60,0,82,5,0,5,87
08/19/2010,SPI,IL,AGL,CE,Combined TRACON& Tower with Radar,2,19,33,9,63,0,7,34,0,41,2,26,67,9,104,33,0,33,137
08/20/2010,SPI,IL,AGL,CE,Combined TRACON& Tower with Radar,0,27,27,0,54,0,4,20,4,28,0,31,47,4,82,17,0,17,99
08/21/2010,SPI,IL,AGL,CE,Combined TRACON& Tower with Radar,0,12,23,1,36,0,2,4,0,6,0,14,27,1,42,28,0,28,70
08/22/2010,SPI,IL,AGL,CE,Combined TRACON& Tower with Radar,2,14,33,0,49,0,0,11,0,11,2,14,44,0,60,0,0,0,60
08/23/2010,SPI,IL,AGL,CE,Combined TRACON& Tower with Radar,0,15,26,16,57,0,2,15,2,19,0,17,41,18,76,49,6,55,131
08/24/2010,SPI,IL,AGL,CE,Combined TRACON& Tower with Radar,0,20,23,17,60,0,8,37,2,47,0,28,60,19,107,19,21,40,147
08/25/2010,SPI,IL,AGL,CE,Combined TRACON& Tower with Radar,0,25,28,4,57,0,7,49,0,56,0,32,77,4,113,0,0,0,113
08/26/2010,SPI,IL,AGL,CE,Combined TRACON& Tower with Radar,2,25,24,2,53,0,8,50,0,58,2,33,74,2,111,74,0,74,185
08/27/2010,SPI,IL,AGL,CE,Combined TRACON& Tower with Radar,0,20,22,6,48,0,4,40,9,53,0,24,62,15,101,3,0,3,104
08/28/2010,SPI,IL,AGL,CE,Combined TRACON& Tower with Radar,0,14,22,0,36,0,2,42,4,48,0,16,64,4,84,20,0,20,104
08/29/2010,SPI,IL,AGL,CE,Combined TRACON& Tower with Radar,2,14,17,0,33,0,1,28,0,29,2,15,45,0,62,20,0,20,82
08/30/2010,SPI,IL,AGL,CE,Combined TRACON& Tower with Radar,0,21,33,2,56,0,0,6,0,6,0,21,39,2,62,1,0,1,63
08/31/2010,SPI,IL,AGL,CE,Combined TRACON& Tower with Radar,0,27,25,6,58,0,3,19,0,22,0,30,44,6,80,36,0,36,116
09/01/2010,SPI,IL,AGL,CE,Combined TRACON& Tower with Radar,0,14,29,30,73,0,0,11,0,11,0,14,40,30,84,14,17,31,115
09/02/2010,SPI,IL,AGL,CE,Combined TRACON& Tower with Radar,0,19,13,0,32,0,2,10,1,13,0,21,23,1,45,10,0,10,55
09/03/2010,SPI,IL,AGL,CE,Combined TRACON& Tower with Radar,0,13,21,0,34,0,4,21,0,25,0,17,42,0,59,71,0,71,130
09/04/2010,SPI,IL,AGL,CE,Combined TRACON& Tower with Radar,0,16,5,0,21,0,5,34,0,39,0,21,39,0,60,29,0,29,89
09/05/2010,SPI,IL,AGL,CE,Combined TRACON& Tower with Radar,0,11,17,1,29,0,0,16,0,16,0,11,33,1,45,46,0,46,91
09/06/2010,SPI,IL,AGL,CE,Combined TRACON& Tower with Radar,0,13,7,0,20,0,1,16,0,17,0,14,23,0,37,37,0,37,74
09/07/2010,SPI,IL,AGL,CE,Combined TRACON& Tower with Radar,0,20,15,0,35,0,9,10,0,19,0,29,25,0,54,15,0,15,69
09/08/2010,SPI,IL,AGL,CE,Combined TRACON& Tower with Radar,0,25,18,21,64,0,6,38,5,49,0,31,56,26,113,43,0,43,156
09/09/2010,SPI,IL,AGL,CE,Combined TRACON& Tower with Radar,0,22,26,8,56,0,2,37,1,40,0,24,63,9,96,10,0,10,106
09/10/2010,SPI,IL,AGL,CE,Combined TRACON& Tower with Radar,0,19,22,5,46,0,0,4,2,6,0,19,26,7,52,0,0,0,52
09/11/2010,SPI,IL,AGL,CE,Combined TRACON& Tower with Radar,0,15,18,0,33,0,2,11,1,14,0,17,29,1,47,28,0,28,75
09/12/2010,SPI,IL,AGL,CE,Combined TRACON& Tower with Radar,0,12,14,4,30,0,0,48,2,50,0,12,62,6,80,18,0,18,98
09/13/2010,SPI,IL,AGL,CE,Combined TRACON& Tower with Radar,0,17,21,0,38,0,17,28,0,45,0,34,49,0,83,20,0,20,103
09/14/2010,SPI,IL,AGL,CE,Combined TRACON& Tower with Radar,2,21,41,0,64,0,4,25,0,29,2,25,66,0,93,18,0,18,111
09/15/2010,SPI,IL,AGL,CE,Combined TRACON& Tower with Radar,0,19,27,0,46,0,6,31,1,38,0,25,58,1,84,15,0,15,99
09/16/2010,SPI,IL,AGL,CE,Combined TRACON& Tower with Radar,0,23,9,2,34,0,0,17,14,31,0,23,26,16,65,40,0,40,105
09/17/2010,SPI,IL,AGL,CE,Combined TRACON& Tower with Radar,2,23,32,19,76,0,9,41,2,52,2,32,73,21,128,22,6,28,156
09/18/2010,SPI,IL,AGL,CE,Combined TRACON& Tower with Radar,2,14,9,0,25,0,3,14,0,17,2,17,23,0,42,7,0,7,49
09/19/2010,SPI,IL,AGL,CE,Combined TRACON& Tower with Radar,0,15,20,0,35,0,1,19,1,21,0,16,39,1,56,14,0,14,70
09/20/2010,SPI,IL,AGL,CE,Combined TRACON& Tower with Radar,0,27,27,8,62,0,5,30,0,35,0,32,57,8,97,2,10,12,109
09/21/2010,SPI,IL,AGL,CE,Combined TRACON& Tower with Radar,2,14,21,0,37,0,4,24,1,29,2,18,45,1,66,8,1,9,75
09/22/2010,SPI,IL,AGL,CE,Combined TRACON& Tower with Radar,0,25,22,4,51,0,5,14,5,24,0,30,36,9,75,1,0,1,76
09/23/2010,SPI,IL,AGL,CE,Combined TRACON& Tower with Radar,0,22,26,0,48,0,5,13,5,23,0,27,39,5,71,1,0,1,72
09/24/2010,SPI,IL,AGL,CE,Combined TRACON& Tower with Radar,2,19,21,2,44,0,0,14,5,19,2,19,35,7,63,3,0,3,66
09/25/2010,SPI,IL,AGL,CE,Combined TRACON& Tower with Radar,0,15,32,2,49,0,4,29,0,33,0,19,61,2,82,6,0,6,88
09/26/2010,SPI,IL,AGL,CE,Combined TRACON& Tower with Radar,0,14,22,3,39,0,0,7,0,7,0,14,29,3,46,38,0,38,84
09/27/2010,SPI,IL,AGL,CE,Combined TRACON& Tower with Radar,0,21,19,0,40,0,10,31,0,41,0,31,50,0,81,22,0,22,103
09/28/2010,SPI,IL,AGL,CE,Combined TRACON& Tower with Radar,0,26,18,3,47,0,14,28,0,42,0,40,46,3,89,16,0,16,105
09/29/2010,SPI,IL,AGL,CE,Combined TRACON& Tower with Radar,0,27,18,4,49,0,8,30,1,39,0,35,48,5,88,52,0,52,140
09/30/2010,SPI,IL,AGL,CE,Combined TRACON& Tower with Radar,0,20,18,2,40,0,4,21,4,29,0,24,39,6,69,18,0,18,87
10/01/2010,SPI,IL,AGL,CE,Combined TRACON& Tower with Radar,0,14,23,0,37,0,5,23,5,33,0,19,46,5,70,8,0,8,78
10/02/2010,SPI,IL,AGL,CE,Combined TRACON& Tower with Radar,0,11,5,0,16,0,0,8,0,8,0,11,13,0,24,13,0,13,37
10/03/2010,SPI,IL,AGL,CE,Combined TRACON& Tower with Radar,0,15,13,1,29,0,0,35,2,37,0,15,48,3,66,13,0,13,79
10/04/2010,SPI,IL,AGL,CE,Combined TRACON& Tower with Radar,0,21,19,2,42,0,10,23,1,34,0,31,42,3,76,5,2,7,83
10/05/2010,SPI,IL,AGL,CE,Combined TRACON& Tower with Radar,0,23,27,5,55,0,10,36,7,53,0,33,63,12,108,0,0,0,108
10/06/2010,SPI,IL,AGL,CE,Combined TRACON& Tower with Radar,2,23,28,7,60,0,9,38,7,54,2,32,66,14,114,24,5,29,143
10/07/2010,SPI,IL,AGL,CE,Combined TRACON& Tower with Radar,0,21,20,6,47,0,4,30,4,38,0,25,50,10,85,21,0,21,106
10/08/2010,SPI,IL,AGL,CE,Combined TRACON& Tower with Radar,0,17,33,16,66,0,4,51,0,55,0,21,84,16,121,29,14,43,164
10/09/2010,SPI,IL,AGL,CE,Combined TRACON& Tower with Radar,2,13,20,0,35,0,1,18,0,19,2,14,38,0,54,39,0,39,93
10/10/2010,SPI,IL,AGL,CE,Combined TRACON& Tower with Radar,0,12,14,0,26,0,2,44,0,46,0,14,58,0,72,24,0,24,96
10/11/2010,SPI,IL,AGL,CE,Combined TRACON& Tower with Radar,0,14,21,2,37,0,2,13,2,17,0,16,34,4,54,0,0,0,54
10/12/2010,SPI,IL,AGL,CE,Combined TRACON& Tower with Radar,0,15,30,0,45,0,0,34,6,40,0,15,64,6,85,29,6,35,120
10/13/2010,SPI,IL,AGL,CE,Combined TRACON& Tower with Radar,0,13,26,2,41,0,5,13,2,20,0,18,39,4,61,2,0,2,63
10/14/2010,SPI,IL,AGL,CE,Combined TRACON& Tower with Radar,0,18,20,1,39,0,2,26,4,32,0,20,46,5,71,32,0,32,103
10/15/2010,SPI,IL,AGL,CE,Combined TRACON& Tower with Radar,0,15,24,0,39,0,4,41,0,45,0,19,65,0,84,0,0,0,84
10/16/2010,SPI,IL,AGL,CE,Combined TRACON& Tower with Radar,0,16,10,0,26,0,8,37,2,47,0,24,47,2,73,30,0,30,103
10/17/2010,SPI,IL,AGL,CE,Combined TRACON& Tower with Radar,0,10,19,0,29,0,0,44,0,44,0,10,63,0,73,0,0,0,73
10/18/2010,SPI,IL,AGL,CE,Combined TRACON& Tower with Radar,0,19,22,8,49,0,7,28,6,41,0,26,50,14,90,18,0,18,108
10/19/2010,SPI,IL,AGL,CE,Combined TRACON& Tower with Radar,0,18,22,0,40,0,9,30,2,41,0,27,52,2,81,28,0,28,109
10/20/2010,SPI,IL,AGL,CE,Combined TRACON& Tower with Radar,0,20,32,8,60,0,8,24,2,34,0,28,56,10,94,33,0,33,127
10/21/2010,SPI,IL,AGL,CE,Combined TRACON& Tower with Radar,0,20,21,0,41,0,16,40,6,62,0,36,61,6,103,29,0,29,132
10/22/2010,SPI,IL,AGL,CE,Combined TRACON& Tower with Radar,0,21,30,3,54,0,17,36,5,58,0,38,66,8,112,80,0,80,192
10/23/2010,SPI,IL,AGL,CE,Combined TRACON& Tower with Radar,0,15,13,6,34,0,0,10,1,11,0,15,23,7,45,11,0,11,56
10/24/2010,SPI,IL,AGL,CE,Combined TRACON& Tower with Radar,0,13,8,0,21,0,2,11,0,13,0,15,19,0,34,0,0,0,34
10/25/2010,SPI,IL,AGL,CE,Combined TRACON& Tower with Radar,0,15,19,10,44,0,5,3,1,9,0,20,22,11,53,1,0,1,54
10/26/2010,SPI,IL,AGL,CE,Combined TRACON& Tower with Radar,0,14,7,2,23,0,2,3,4,9,0,16,10,6,32,0,0,0,32
10/27/2010,SPI,IL,AGL,CE,Combined TRACON& Tower with Radar,0,21,16,17,54,0,0,6,2,8,0,21,22,19,62,4,6,10,72
10/28/2010,SPI,IL,AGL,CE,Combined TRACON& Tower with Radar,0,25,22,4,51,0,4,22,3,29,0,29,44,7,80,43,0,43,123
10/29/2010,SPI,IL,AGL,CE,Combined TRACON& Tower with Radar,0,18,16,2,36,0,14,47,5,66,0,32,63,7,102,17,0,17,119
10/30/2010,SPI,IL,AGL,CE,Combined TRACON& Tower with Radar,0,12,18,1,31,0,4,31,0,35,0,16,49,1,66,25,0,25,91
10/31/2010,SPI,IL,AGL,CE,Combined TRACON& Tower with Radar,0,11,16,0,27,0,0,14,0,14,0,11,30,0,41,22,0,22,63
11/01/2010,SPI,IL,AGL,CE,Combined TRACON& Tower with Radar,0,17,37,4,58,0,11,31,1,43,0,28,68,5,101,0,0,0,101
11/02/2010,SPI,IL,AGL,CE,Combined TRACON& Tower with Radar,0,13,22,1,36,0,3,23,5,31,0,16,45,6,67,18,0,18,85
11/03/2010,SPI,IL,AGL,CE,Combined TRACON& Tower with Radar,0,16,28,2,46,0,10,29,1,40,0,26,57,3,86,25,0,25,111
11/04/2010,SPI,IL,AGL,CE,Combined TRACON& Tower with Radar,0,19,20,2,41,0,9,21,4,34,0,28,41,6,75,12,0,12,87
11/05/2010,SPI,IL,AGL,CE,Combined TRACON& Tower with Radar,0,16,30,30,76,0,8,20,0,28,0,24,50,30,104,14,22,36,140
11/06/2010,SPI,IL,AGL,CE,Combined TRACON& Tower with Radar,0,11,10,0,21,0,2,33,1,36,0,13,43,1,57,38,0,38,95
11/07/2010,SPI,IL,AGL,CE,Combined TRACON& Tower with Radar,0,9,16,2,27,0,0,17,0,17,0,9,33,2,44,22,0,22,66
11/08/2010,SPI,IL,AGL,CE,Combined TRACON& Tower with Radar,0,18,17,15,50,0,2,20,1,23,0,20,37,16,73,30,28,58,131
11/09/2010,SPI,IL,AGL,CE,Combined TRACON& Tower with Radar,0,21,27,4,52,0,11,35,6,52,0,32,62,10,104,4,0,4,108
11/10/2010,SPI,IL,AGL,CE,Combined TRACON& Tower with Radar,0,16,21,2,39,0,4,35,0,39,0,20,56,2,78,20,0,20,98
11/11/2010,SPI,IL,AGL,CE,Combined TRACON& Tower with Radar,0,15,42,1,58,0,0,29,6,35,0,15,71,7,93,39,4,43,136
11/12/2010,SPI,IL,AGL,CE,Combined TRACON& Tower with Radar,0,18,22,0,40,0,8,35,4,47,0,26,57,4,87,4,0,4,91
11/13/2010,SPI,IL,AGL,CE,Combined TRACON& Tower with Radar,0,10,10,0,20,0,0,4,0,4,0,10,14,0,24,3,4,7,31
11/14/2010,SPI,IL,AGL,CE,Combined TRACON& Tower with Radar,0,14,11,1,26,0,1,20,0,21,0,15,31,1,47,32,0,32,79
11/15/2010,SPI,IL,AGL,CE,Combined TRACON& Tower with Radar,0,19,25,0,44,0,13,21,2,36,0,32,46,2,80,18,0,18,98
11/16/2010,SPI,IL,AGL,CE,Combined TRACON& Tower with Radar,0,24,28,10,62,0,13,15,3,31,0,37,43,13,93,0,4,4,97
11/17/2010,SPI,IL,AGL,CE,Combined TRACON& Tower with Radar,0,20,46,1,67,0,11,8,3,22,0,31,54,4,89,10,0,10,99
11/18/2010,SPI,IL,AGL,CE,Combined TRACON& Tower with Radar,0,27,35,5,67,0,1,18,3,22,0,28,53,8,89,17,0,17,106
11/19/2010,SPI,IL,AGL,CE,Combined TRACON& Tower with Radar,0,17,27,16,60,0,8,22,0,30,0,25,49,16,90,4,8,12,102
11/20/2010,SPI,IL,AGL,CE,Combined TRACON& Tower with Radar,2,11,10,2,25,0,0,3,0,3,2,11,13,2,28,12,0,12,40
11/21/2010,SPI,IL,AGL,CE,Combined TRACON& Tower with Radar,0,6,10,3,19,0,0,3,1,4,0,6,13,4,23,16,0,16,39
11/22/2010,SPI,IL,AGL,CE,Combined TRACON& Tower with Radar,0,8,15,20,43,0,3,10,0,13,0,11,25,20,56,0,8,8,64
11/23/2010,SPI,IL,AGL,CE,Combined TRACON& Tower with Radar,0,17,23,0,40,0,10,22,4,36,0,27,45,4,76,0,0,0,76
11/24/2010,SPI,IL,AGL,CE,Combined TRACON& Tower with Radar,2,12,14,0,28,0,0,0,0,0,2,12,14,0,28,0,0,0,28
11/25/2010,SPI,IL,AGL,CE,Combined TRACON& Tower with Radar,0,8,1,0,9,0,0,1,0,1,0,8,2,0,10,1,0,1,11
11/26/2010,SPI,IL,AGL,CE,Combined TRACON& Tower with Radar,2,7,11,0,20,0,2,23,0,25,2,9,34,0,45,10,0,10,55
11/27/2010,SPI,IL,AGL,CE,Combined TRACON& Tower with Radar,2,10,10,0,22,0,5,25,0,30,2,15,35,0,52,0,0,0,52
11/28/2010,SPI,IL,AGL,CE,Combined TRACON& Tower with Radar,0,12,23,0,35,0,0,28,0,28,0,12,51,0,63,10,0,10,73
11/29/2010,SPI,IL,AGL,CE,Combined TRACON& Tower with Radar,2,17,25,0,44,0,0,7,0,7,2,17,32,0,51,0,0,0,51
11/30/2010,SPI,IL,AGL,CE,Combined TRACON& Tower with Radar,1,15,11,0,27,0,2,8,5,15,1,17,19,5,42,0,0,0,42
12/01/2010,SPI,IL,AGL,CE,Combined TRACON& Tower with Radar,2,18,31,0,51,0,5,15,0,20,2,23,46,0,71,10,0,10,81
12/02/2010,SPI,IL,AGL,CE,Combined TRACON& Tower with Radar,0,26,17,0,43,0,3,12,0,15,0,29,29,0,58,14,0,14,72
12/03/2010,SPI,IL,AGL,CE,Combined TRACON& Tower with Radar,0,24,14,4,42,0,4,9,10,23,0,28,23,14,65,2,12,14,79
12/04/2010,SPI,IL,AGL,CE,Combined TRACON& Tower with Radar,2,8,3,1,14,0,0,0,1,1,2,8,3,2,15,6,0,6,21
12/05/2010,SPI,IL,AGL,CE,Combined TRACON& Tower with Radar,0,7,9,0,16,0,0,6,0,6,0,7,15,0,22,4,0,4,26
12/06/2010,SPI,IL,AGL,CE,Combined TRACON& Tower with Radar,0,16,29,0,45,0,0,22,0,22,0,16,51,0,67,7,0,7,74
12/07/2010,SPI,IL,AGL,CE,Combined TRACON& Tower with Radar,0,15,18,0,33,0,4,17,5,26,0,19,35,5,59,2,0,2,61
12/08/2010,SPI,IL,AGL,CE,Combined TRACON& Tower with Radar,2,21,28,0,51,0,9,32,0,41,2,30,60,0,92,12,0,12,104
12/09/2010,SPI,IL,AGL,CE,Combined TRACON& Tower with Radar,0,20,26,1,47,0,8,16,0,24,0,28,42,1,71,2,0,2,73
12/10/2010,SPI,IL,AGL,CE,Combined TRACON& Tower with Radar,0,18,27,24,69,0,6,26,0,32,0,24,53,24,101,28,0,28,129
12/11/2010,SPI,IL,AGL,CE,Combined TRACON& Tower with Radar,2,7,3,8,20,0,0,1,0,1,2,7,4,8,21,0,0,0,21
12/12/2010,SPI,IL,AGL,CE,Combined TRACON& Tower with Radar,0,1,4,4,9,0,0,0,0,0,0,1,4,4,9,0,0,0,9
12/13/2010,SPI,IL,AGL,CE,Combined TRACON& Tower with Radar,0,16,14,0,30,0,2,3,0,5,0,18,17,0,35,3,0,3,38
12/14/2010,SPI,IL,AGL,CE,Combined TRACON& Tower with Radar,0,17,13,0,30,0,9,10,0,19,0,26,23,0,49,3,0,3,52
12/15/2010,SPI,IL,AGL,CE,Combined TRACON& Tower with Radar,2,15,13,2,32,0,3,12,1,16,2,18,25,3,48,10,0,10,58
12/16/2010,SPI,IL,AGL,CE,Combined TRACON& Tower with Radar,0,17,14,0,31,0,0,0,0,0,0,17,14,0,31,0,0,0,31
12/17/2010,SPI,IL,AGL,CE,Combined TRACON& Tower with Radar,0,17,24,2,43,0,1,6,2,9,0,18,30,4,52,5,0,5,57
12/18/2010,SPI,IL,AGL,CE,Combined TRACON& Tower with Radar,2,12,20,0,34,0,0,16,4,20,2,12,36,4,54,16,0,16,70
12/19/2010,SPI,IL,AGL,CE,Combined TRACON& Tower with Radar,0,11,8,0,19,0,0,0,0,0,0,11,8,0,19,0,0,0,19
12/20/2010,SPI,IL,AGL,CE,Combined TRACON& Tower with Radar,0,14,11,16,41,0,3,7,0,10,0,17,18,16,51,6,20,26,77
12/21/2010,SPI,IL,AGL,CE,Combined TRACON& Tower with Radar,0,8,14,24,46,0,0,6,0,6,0,8,20,24,52,6,22,28,80
12/22/2010,SPI,IL,AGL,CE,Combined TRACON& Tower with Radar,2,13,18,26,59,0,2,6,2,10,2,15,24,28,69,11,22,33,102
12/23/2010,SPI,IL,AGL,CE,Combined TRACON& Tower with Radar,0,10,26,1,37,0,0,22,0,22,0,10,48,1,59,18,0,18,77
12/24/2010,SPI,IL,AGL,CE,Combined TRACON& Tower with Radar,0,10,6,0,16,0,0,0,1,1,0,10,6,1,17,1,0,1,18
12/25/2010,SPI,IL,AGL,CE,Combined TRACON& Tower with Radar,2,9,0,0,11,0,0,1,0,1,2,9,1,0,12,1,0,1,13
12/26/2010,SPI,IL,AGL,CE,Combined TRACON& Tower with Radar,0,9,7,0,16,0,0,8,0,8,0,9,15,0,24,0,0,0,24
12/27/2010,SPI,IL,AGL,CE,Combined TRACON& Tower with Radar,0,11,14,2,27,0,2,7,0,9,0,13,21,2,36,4,0,4,40
12/28/2010,SPI,IL,AGL,CE,Combined TRACON& Tower with Radar,0,15,16,0,31,0,0,23,0,23,0,15,39,0,54,12,0,12,66
12/29/2010,SPI,IL,AGL,CE,Combined TRACON& Tower with Radar,2,19,3,0,24,0,1,0,0,1,2,20,3,0,25,0,0,0,25
12/30/2010,SPI,IL,AGL,CE,Combined TRACON& Tower with Radar,2,7,12,0,21,0,0,0,0,0,2,7,12,0,21,2,0,2,23
12/31/2010,SPI,IL,AGL,CE,Combined TRACON& Tower with Radar,0,6,0,0,6,0,2,5,0,7,0,8,5,0,13,1,0,1,14
01/01/2011,SPI,IL,AGL,CE,Combined TRACON& Tower with Radar,2,8,3,0,13,0,0,5,0,5,2,8,8,0,18,0,0,0,18
01/02/2011,SPI,IL,AGL,CE,Combined TRACON& Tower with Radar,0,9,21,1,31,0,2,32,0,34,0,11,53,1,65,18,0,18,83
01/03/2011,SPI,IL,AGL,CE,Combined TRACON& Tower with Radar,0,18,12,17,47,0,6,18,0,24,0,24,30,17,71,0,0,0,71
01/04/2011,SPI,IL,AGL,CE,Combined TRACON& Tower with Radar,0,15,18,0,33,0,4,17,2,23,0,19,35,2,56,0,0,0,56
01/05/2011,SPI,IL,AGL,CE,Combined TRACON& Tower with Radar,2,16,18,2,38,0,1,22,0,23,2,17,40,2,61,16,0,16,77
01/06/2011,SPI,IL,AGL,CE,Combined TRACON& Tower with Radar,0,17,7,2,26,0,4,7,1,12,0,21,14,3,38,3,0,3,41
01/07/2011,SPI,IL,AGL,CE,Combined TRACON& Tower with Radar,0,19,21,0,40,0,0,3,0,3,0,19,24,0,43,0,0,0,43
01/08/2011,SPI,IL,AGL,CE,Combined TRACON& Tower with Radar,2,10,11,0,23,0,1,12,2,15,2,11,23,2,38,5,0,5,43
01/09/2011,SPI,IL,AGL,CE,Combined TRACON& Tower with Radar,0,11,18,0,29,0,0,25,0,25,0,11,43,0,54,0,0,0,54
01/10/2011,SPI,IL,AGL,CE,Combined TRACON& Tower with Radar,0,16,43,0,59,0,2,3,0,5,0,18,46,0,64,0,0,0,64
01/11/2011,SPI,IL,AGL,CE,Combined TRACON& Tower with Radar,0,8,9,0,17,0,0,0,0,0,0,8,9,0,17,0,0,0,17
01/12/2011,SPI,IL,AGL,CE,Combined TRACON& Tower with Radar,2,15,22,4,43,0,3,10,2,15,2,18,32,6,58,2,0,2,60
01/13/2011,SPI,IL,AGL,CE,Combined TRACON& Tower with Radar,0,22,26,2,50,0,3,13,6,22,0,25,39,8,72,8,0,8,80
01/14/2011,SPI,IL,AGL,CE,Combined TRACON& Tower with Radar,0,19,10,0,29,0,2,15,0,17,0,21,25,0,46,13,0,13,59
01/15/2011,SPI,IL,AGL,CE,Combined TRACON& Tower with Radar,2,8,13,0,23,0,0,11,0,11,2,8,24,0,34,0,0,0,34
01/16/2011,SPI,IL,AGL,CE,Combined TRACON& Tower with Radar,0,7,10,0,17,0,2,15,0,17,0,9,25,0,34,30,0,30,64
01/17/2011,SPI,IL,AGL,CE,Combined TRACON& Tower with Radar,0,8,13,0,21,0,0,2,0,2,0,8,15,0,23,1,0,1,24
01/18/2011,SPI,IL,AGL,CE,Combined TRACON& Tower with Radar,0,12,20,0,32,0,0,0,0,0,0,12,20,0,32,0,0,0,32
01/19/2011,SPI,IL,AGL,CE,Combined TRACON& Tower with Radar,2,16,20,0,38,0,0,2,2,4,2,16,22,2,42,2,0,2,44
01/20/2011,SPI,IL,AGL,CE,Combined TRACON& Tower with Radar,0,15,3,0,18,0,0,3,0,3,0,15,6,0,21,0,0,0,21
01/21/2011,SPI,IL,AGL,CE,Combined TRACON& Tower with Radar,0,15,25,0,40,0,1,11,1,13,0,16,36,1,53,0,0,0,53
01/22/2011,SPI,IL,AGL,CE,Combined TRACON& Tower with Radar,2,8,10,0,20,0,1,9,0,10,2,9,19,0,30,46,0,46,76
01/23/2011,SPI,IL,AGL,CE,Combined TRACON& Tower with Radar,0,6,10,0,16,0,0,1,0,1,0,6,11,0,17,0,0,0,17
01/24/2011,SPI,IL,AGL,CE,Combined TRACON& Tower with Radar,0,14,14,0,28,0,1,2,0,3,0,15,16,0,31,0,0,0,31
01/25/2011,SPI,IL,AGL,CE,Combined TRACON& Tower with Radar,0,13,16,1,30,0,4,5,0,9,0,17,21,1,39,32,0,32,71
01/26/2011,SPI,IL,AGL,CE,Combined TRACON& Tower with Radar,2,15,12,1,30,0,3,3,0,6,2,18,15,1,36,49,0,49,85
01/27/2011,SPI,IL,AGL,CE,Combined TRACON& Tower with Radar,0,15,24,5,44,0,2,8,0,10,0,17,32,5,54,0,0,0,54
01/28/2011,SPI,IL,AGL,CE,Combined TRACON& Tower with Radar,0,18,32,2,52,0,2,0,0,2,0,20,32,2,54,1,0,1,55
01/29/2011,SPI,IL,AGL,CE,Combined TRACON& Tower with Radar,4,8,20,0,32,0,1,57,0,58,4,9,77,0,90,68,0,68,158
01/30/2011,SPI,IL,AGL,CE,Combined TRACON& Tower with Radar,0,7,16,0,23,0,4,4,0,8,0,11,20,0,31,1,0,1,32
01/31/2011,SPI,IL,AGL,CE,Combined TRACON& Tower with Radar,0,11,10,0,21,0,0,0,0,0,0,11,10,0,21,1,0,1,22
02/01/2011,SPI,IL,AGL,CE,Combined TRACON& Tower with Radar,0,1,0,0,1,0,0,0,0,0,0,1,0,0,1,0,0,0,1
02/02/2011,SPI,IL,AGL,CE,Combined TRACON& Tower with Radar,4,0,1,0,5,0,2,4,0,6,4,2,5,0,11,0,0,0,11
02/03/2011,SPI,IL,AGL,CE,Combined TRACON& Tower with Radar,0,1,16,0,17,0,2,4,0,6,0,3,20,0,23,1,0,1,24
02/04/2011,SPI,IL,AGL,CE,Combined TRACON& Tower with Radar,2,16,15,0,33,0,2,15,0,17,2,18,30,0,50,2,0,2,52
02/05/2011,SPI,IL,AGL,CE,Combined TRACON& Tower with Radar,2,8,12,0,22,0,0,5,0,5,2,8,17,0,27,36,0,36,63
02/06/2011,SPI,IL,AGL,CE,Combined TRACON& Tower with Radar,0,4,5,0,9,0,0,0,0,0,0,4,5,0,9,0,0,0,9
02/07/2011,SPI,IL,AGL,CE,Combined TRACON& Tower with Radar,0,12,26,0,38,0,0,1,0,1,0,12,27,0,39,11,0,11,50
02/08/2011,SPI,IL,AGL,CE,Combined TRACON& Tower with Radar,0,17,28,2,47,0,0,10,1,11,0,17,38,3,58,0,0,0,58
02/09/2011,SPI,IL,AGL,CE,Combined TRACON& Tower with Radar,2,20,27,10,59,0,1,5,0,6,2,21,32,10,65,4,0,4,69
02/10/2011,SPI,IL,AGL,CE,Combined TRACON& Tower with Radar,0,16,33,0,49,0,0,22,0,22,0,16,55,0,71,16,0,16,87
02/11/2011,SPI,IL,AGL,CE,Combined TRACON& Tower with Radar,2,6,43,2,53,0,0,12,2,14,2,6,55,4,67,17,0,17,84
02/12/2011,SPI,IL,AGL,CE,Combined TRACON& Tower with Radar,2,11,29,2,44,0,2,35,0,37,2,13,64,2,81,10,0,10,91
02/13/2011,SPI,IL,AGL,CE,Combined TRACON& Tower with Radar,0,6,14,0,20,0,0,22,0,22,0,6,36,0,42,29,0,29,71
02/14/2011,SPI,IL,AGL,CE,Combined TRACON& Tower with Radar,0,15,25,3,43,0,2,20,3,25,0,17,45,6,68,0,0,0,68
02/15/2011,SPI,IL,AGL,CE,Combined TRACON& Tower with Radar,0,19,29,12,60,0,1,35,1,37,0,20,64,13,97,23,12,35,132
02/16/2011,SPI,IL,AGL,CE,Combined TRACON& Tower with Radar,2,15,21,4,42,0,0,20,0,20,2,15,41,4,62,37,0,37,99
02/17/2011,SPI,IL,AGL,CE,Combined TRACON& Tower with Radar,0,17,16,2,35,0,0,15,0,15,0,17,31,2,50,19,0,19,69
02/18/2011,SPI,IL,AGL,CE,Combined TRACON& Tower with Radar,0,17,27,2,46,0,8,30,1,39,0,25,57,3,85,32,0,32,117
02/19/2011,SPI,IL,AGL,CE,Combined TRACON& Tower with Radar,2,7,18,0,27,0,2,27,0,29,2,9,45,0,56,33,0,33,89
02/20/2011,SPI,IL,AGL,CE,Combined TRACON& Tower with Radar,0,5,14,0,19,0,0,2,0,2,0,5,16,0,21,0,0,0,21
02/21/2011,SPI,IL,AGL,CE,Combined TRACON& Tower with Radar,0,5,19,0,24,0,2,0,0,2,0,7,19,0,26,0,0,0,26
02/22/2011,SPI,IL,AGL,CE,Combined TRACON& Tower with Radar,0,15,20,4,39,0,4,19,4,27,0,19,39,8,66,14,0,14,80
02/23/2011,SPI,IL,AGL,CE,Combined TRACON& Tower with Radar,2,14,24,0,40,0,0,13,0,13,2,14,37,0,53,0,0,0,53
02/24/2011,SPI,IL,AGL,CE,Combined TRACON& Tower with Radar,0,18,16,0,34,0,0,2,0,2,0,18,18,0,36,0,0,0,36
02/25/2011,SPI,IL,AGL,CE,Combined TRACON& Tower with Radar,0,13,17,2,32,0,1,6,6,13,0,14,23,8,45,47,0,47,92
02/26/2011,SPI,IL,AGL,CE,Combined TRACON& Tower with Radar,2,7,8,0,17,0,0,2,0,2,2,7,10,0,19,2,0,2,21
02/27/2011,SPI,IL,AGL,CE,Combined TRACON& Tower with Radar,0,4,8,0,12,0,0,0,0,0,0,4,8,0,12,0,0,0,12
02/28/2011,SPI,IL,AGL,CE,Combined TRACON& Tower with Radar,0,21,28,12,61,0,2,17,5,24,0,23,45,17,85,0,0,0,85
03/01/2011,SPI,IL,AGL,CE,Combined TRACON& Tower with Radar,0,22,30,1,53,0,6,31,1,38,0,28,61,2,91,8,0,8,99
03/02/2011,SPI,IL,AGL,CE,Combined TRACON& Tower with Radar,2,21,15,1,39,0,5,31,1,37,2,26,46,2,76,42,0,42,118
03/03/2011,SPI,IL,AGL,CE,Combined TRACON& Tower with Radar,0,26,24,3,53,0,4,28,1,33,0,30,52,4,86,24,6,30,116
03/04/2011,SPI,IL,AGL,CE,Combined TRACON& Tower with Radar,0,14,16,0,30,0,0,13,0,13,0,14,29,0,43,12,0,12,55
03/05/2011,SPI,IL,AGL,CE,Combined TRACON& Tower with Radar,2,6,9,2,19,0,0,1,0,1,2,6,10,2,20,1,0,1,21
03/06/2011,SPI,IL,AGL,CE,Combined TRACON& Tower with Radar,0,8,19,2,29,0,2,30,0,32,0,10,49,2,61,42,0,42,103
03/07/2011,SPI,IL,AGL,CE,Combined TRACON& Tower with Radar,0,19,23,0,42,0,3,15,1,19,0,22,38,1,61,20,0,20,81
03/08/2011,SPI,IL,AGL,CE,Combined TRACON& Tower with Radar,0,20,12,2,34,0,4,2,6,12,0,24,14,8,46,4,0,4,50
03/09/2011,SPI,IL,AGL,CE,Combined TRACON& Tower with Radar,2,17,12,0,31,0,0,0,0,0,2,17,12,0,31,0,0,0,31
03/10/2011,SPI,IL,AGL,CE,Combined TRACON& Tower with Radar,0,17,34,1,52,0,4,13,1,18,0,21,47,2,70,14,0,14,84
03/11/2011,SPI,IL,AGL,CE,Combined TRACON& Tower with Radar,0,27,32,39,98,0,7,40,6,53,0,34,72,45,151,45,6,51,202
03/12/2011,SPI,IL,AGL,CE,Combined TRACON& Tower with Radar,2,9,6,0,17,0,2,13,0,15,2,11,19,0,32,0,0,0,32
03/13/2011,SPI,IL,AGL,CE,Combined TRACON& Tower with Radar,0,7,18,0,25,0,0,2,0,2,0,7,20,0,27,0,0,0,27
03/14/2011,SPI,IL,AGL,CE,Combined TRACON& Tower with Radar,0,17,28,15,60,0,2,22,0,24,0,19,50,15,84,20,32,52,136
03/15/2011,SPI,IL,AGL,CE,Combined TRACON& Tower with Radar,0,17,22,2,41,0,0,1,0,1,0,17,23,2,42,0,0,0,42
03/16/2011,SPI,IL,AGL,CE,Combined TRACON& Tower with Radar,2,25,28,21,76,0,3,56,5,64,2,28,84,26,140,12,12,24,164
03/17/2011,SPI,IL,AGL,CE,Combined TRACON& Tower with Radar,0,21,28,2,51,0,10,20,2,32,0,31,48,4,83,4,0,4,87
03/18/2011,SPI,IL,AGL,CE,Combined TRACON& Tower with Radar,0,17,25,6,48,0,8,20,0,28,0,25,45,6,76,43,4,47,123
03/19/2011,SPI,IL,AGL,CE,Combined TRACON& Tower with Radar,2,8,17,2,29,0,0,39,0,39,2,8,56,2,68,34,0,34,102
03/20/2011,SPI,IL,AGL,CE,Combined TRACON& Tower with Radar,0,6,11,0,17,0,2,9,0,11,0,8,20,0,28,1,0,1,29
03/21/2011,SPI,IL,AGL,CE,Combined TRACON& Tower with Radar,0,13,22,8,43,0,2,37,0,39,0,15,59,8,82,20,0,20,102
03/22/2011,SPI,IL,AGL,CE,Combined TRACON& Tower with Radar,0,10,17,3,30,0,2,21,3,26,0,12,38,6,56,32,0,32,88
03/23/2011,SPI,IL,AGL,CE,Combined TRACON& Tower with Radar,2,10,34,0,46,0,5,6,0,11,2,15,40,0,57,0,0,0,57
03/24/2011,SPI,IL,AGL,CE,Combined TRACON& Tower with Radar,0,14,17,3,34,0,7,23,3,33,0,21,40,6,67,0,0,0,67
03/25/2011,SPI,IL,AGL,CE,Combined TRACON& Tower with Radar,0,12,8,2,22,0,0,10,2,12,0,12,18,4,34,17,0,17,51
03/26/2011,SPI,IL,AGL,CE,Combined TRACON& Tower with Radar,2,8,20,0,30,0,5,17,0,22,2,13,37,0,52,34,0,34,86
03/27/2011,SPI,IL,AGL,CE,Combined TRACON& Tower with Radar,0,7,16,0,23,0,2,17,0,19,0,9,33,0,42,11,0,11,53
03/28/2011,SPI,IL,AGL,CE,Combined TRACON& Tower with Radar,0,15,16,2,33,0,7,32,2,41,0,22,48,4,74,6,0,6,80
03/29/2011,SPI,IL,AGL,CE,Combined TRACON& Tower with Radar,0,25,21,3,49,0,10,14,1,25,0,35,35,4,74,136,0,136,210
03/30/2011,SPI,IL,AGL,CE,Combined TRACON& Tower with Radar,2,19,30,0,51,0,6,40,3,49,2,25,70,3,100,40,0,40,140
03/31/2011,SPI,IL,AGL,CE,Combined TRACON& Tower with Radar,0,24,16,0,40,0,10,33,4,47,0,34,49,4,87,49,0,49,136
04/01/2011,SPI,IL,AGL,CE,Combined TRACON& Tower with Radar,0,17,43,0,60,0,0,15,2,17,0,17,58,2,77,14,0,14,91
04/02/2011,SPI,IL,AGL,CE,Combined TRACON& Tower with Radar,2,7,16,3,28,0,0,26,0,26,2,7,42,3,54,24,0,24,78
04/03/2011,SPI,IL,AGL,CE,Combined TRACON& Tower with Radar,0,6,9,0,15,0,8,5,1,14,0,14,14,1,29,0,0,0,29
04/04/2011,SPI,IL,AGL,CE,Combined TRACON& Tower with Radar,0,14,7,1,22,0,1,7,0,8,0,15,14,1,30,0,0,0,30
04/05/2011,SPI,IL,AGL,CE,Combined TRACON& Tower with Radar,1,16,23,4,44,0,13,26,8,47,1,29,49,12,91,10,0,10,101
04/06/2011,SPI,IL,AGL,CE,Combined TRACON& Tower with Radar,2,21,31,10,64,0,5,30,5,40,2,26,61,15,104,12,19,31,135
04/07/2011,SPI,IL,AGL,CE,Combined TRACON& Tower with Radar,0,16,23,16,55,0,7,17,6,30,0,23,40,22,85,26,16,42,127
04/08/2011,SPI,IL,AGL,CE,Combined TRACON& Tower with Radar,0,13,25,6,44,0,3,14,5,22,0,16,39,11,66,12,0,12,78
04/09/2011,SPI,IL,AGL,CE,Combined TRACON& Tower with Radar,2,10,6,0,18,0,1,20,0,21,2,11,26,0,39,12,0,12,51
04/10/2011,SPI,IL,AGL,CE,Combined TRACON& Tower with Radar,0,8,6,6,20,0,2,13,0,15,0,10,19,6,35,8,0,8,43
04/11/2011,SPI,IL,AGL,CE,Combined TRACON& Tower with Radar,0,21,34,3,58,0,5,11,0,16,0,26,45,3,74,0,0,0,74
04/12/2011,SPI,IL,AGL,CE,Combined TRACON& Tower with Radar,0,21,31,6,58,0,20,46,4,70,0,41,77,10,128,12,0,12,140
04/13/2011,SPI,IL,AGL,CE,Combined TRACON& Tower with Radar,2,17,22,25,66,0,11,53,0,64,2,28,75,25,130,62,18,80,210
04/14/2011,SPI,IL,AGL,CE,Combined TRACON& Tower with Radar,0,14,27,5,46,0,8,21,5,34,0,22,48,10,80,22,0,22,102
04/15/2011,SPI,IL,AGL,CE,Combined TRACON& Tower with Radar,0,12,14,0,26,0,1,2,0,3,0,13,16,0,29,0,0,0,29
04/16/2011,SPI,IL,AGL,CE,Combined TRACON& Tower with Radar,2,10,10,0,22,0,0,0,0,0,2,10,10,0,22,1,0,1,23
04/17/2011,SPI,IL,AGL,CE,Combined TRACON& Tower with Radar,0,9,29,2,40,0,28,33,0,61,0,37,62,2,101,46,0,46,147
04/18/2011,SPI,IL,AGL,CE,Combined TRACON& Tower with Radar,0,15,28,0,43,0,2,13,1,16,0,17,41,1,59,2,0,2,61
04/19/2011,SPI,IL,AGL,CE,Combined TRACON& Tower with Radar,0,16,16,0,32,0,2,1,0,3,0,18,17,0,35,0,0,0,35
04/20/2011,SPI,IL,AGL,CE,Combined TRACON& Tower with Radar,2,12,35,5,54,0,6,11,0,17,2,18,46,5,71,0,0,0,71
04/21/2011,SPI,IL,AGL,CE,Combined TRACON& Tower with Radar,0,15,27,17,59,0,10,18,5,33,0,25,45,22,92,20,8,28,120
04/22/2011,SPI,IL,AGL,CE,Combined TRACON& Tower with Radar,0,12,33,1,46,0,0,0,0,0,0,12,33,1,46,0,0,0,46
04/23/2011,SPI,IL,AGL,CE,Combined TRACON& Tower with Radar,6,12,11,0,29,0,2,27,0,29,6,14,38,0,58,54,0,54,112
04/24/2011,SPI,IL,AGL,CE,Combined TRACON& Tower with Radar,0,11,12,2,25,0,0,8,0,8,0,11,20,2,33,29,0,29,62
04/25/2011,SPI,IL,AGL,CE,Combined TRACON& Tower with Radar,0,12,14,1,27,0,0,0,0,0,0,12,14,1,27,0,0,0,27
04/26/2011,SPI,IL,AGL,CE,Combined TRACON& Tower with Radar,0,16,16,2,34,0,1,1,2,4,0,17,17,4,38,0,0,0,38
04/27/2011,SPI,IL,AGL,CE,Combined TRACON& Tower with Radar,2,22,37,9,70,0,0,2,2,4,2,22,39,11,74,41,14,55,129
04/28/2011,SPI,IL,AGL,CE,Combined TRACON& Tower with Radar,0,20,32,21,73,0,5,15,0,20,0,25,47,21,93,15,4,19,112
04/29/2011,SPI,IL,AGL,CE,Combined TRACON& Tower with Radar,1,21,27,10,59,0,26,50,0,76,1,47,77,10,135,22,22,44,179
04/30/2011,SPI,IL,AGL,CE,Combined TRACON& Tower with Radar,2,9,10,0,21,0,1,24,0,25,2,10,34,0,46,35,0,35,81
05/01/2011,SPI,IL,AGL,CE,Combined TRACON& Tower with Radar,1,10,19,2,32,0,2,17,0,19,1,12,36,2,51,26,0,26,77
05/02/2011,SPI,IL,AGL,CE,Combined TRACON& Tower with Radar,0,17,14,32,63,0,8,31,2,41,0,25,45,34,104,38,34,72,176
05/03/2011,SPI,IL,AGL,CE,Combined TRACON& Tower with Radar,0,16,24,0,40,0,11,25,0,36,0,27,49,0,76,1,0,1,77
05/04/2011,SPI,IL,AGL,CE,Combined TRACON& Tower with Radar,0,16,17,2,35,0,11,55,1,67,0,27,72,3,102,13,0,13,115
05/05/2011,SPI,IL,AGL,CE,Combined TRACON& Tower with Radar,0,20,25,3,48,0,6,32,6,44,0,26,57,9,92,0,0,0,92
05/06/2011,SPI,IL,AGL,CE,Combined TRACON& Tower with Radar,0,16,16,4,36,0,11,34,4,49,0,27,50,8,85,33,4,37,122
05/07/2011,SPI,IL,AGL,CE,Combined TRACON& Tower with Radar,0,9,7,7,23,0,2,13,0,15,0,11,20,7,38,28,0,28,66
05/08/2011,SPI,IL,AGL,CE,Combined TRACON& Tower with Radar,0,10,14,2,26,0,0,15,0,15,0,10,29,2,41,10,0,10,51
05/09/2011,SPI,IL,AGL,CE,Combined TRACON& Tower with Radar,2,16,27,0,45,0,6,8,2,16,2,22,35,2,61,2,0,2,63
05/10/2011,SPI,IL,AGL,CE,Combined TRACON& Tower with Radar,2,18,19,6,45,0,13,29,3,45,2,31,48,9,90,7,0,7,97
05/11/2011,SPI,IL,AGL,CE,Combined TRACON& Tower with Radar,0,17,22,1,40,0,8,22,0,30,0,25,44,1,70,13,0,13,83
05/12/2011,SPI,IL,AGL,CE,Combined TRACON& Tower with Radar,0,14,21,1,36,0,8,25,0,33,0,22,46,1,69,13,0,13,82
05/13/2011,SPI,IL,AGL,CE,Combined TRACON& Tower with Radar,0,25,25,19,69,0,0,14,0,14,0,25,39,19,83,0,4,4,87
05/14/2011,SPI,IL,AGL,CE,Combined TRACON& Tower with Radar,2,5,18,14,39,0,0,0,0,0,2,5,18,14,39,0,0,0,39
05/15/2011,SPI,IL,AGL,CE,Combined TRACON& Tower with Radar,0,10,26,2,38,0,0,0,0,0,0,10,26,2,38,1,0,1,39
05/16/2011,SPI,IL,AGL,CE,Combined TRACON& Tower with Radar,0,17,15,0,32,0,9,32,0,41,0,26,47,0,73,22,0,22,95
05/17/2011,SPI,IL,AGL,CE,Combined TRACON& Tower with Radar,0,16,16,1,33,0,9,31,0,40,0,25,47,1,73,24,0,24,97
05/18/2011,SPI,IL,AGL,CE,Combined TRACON& Tower with Radar,0,12,34,0,46,0,6,28,1,35,0,18,62,1,81,36,0,36,117
05/19/2011,SPI,IL,AGL,CE,Combined TRACON& Tower with Radar,0,20,28,3,51,0,9,26,2,37,0,29,54,5,88,36,0,36,124
05/20/2011,SPI,IL,AGL,CE,Combined TRACON& Tower with Radar,2,14,23,2,41,0,6,23,1,30,2,20,46,3,71,14,0,14,85
05/21/2011,SPI,IL,AGL,CE,Combined TRACON& Tower with Radar,0,7,5,0,12,0,1,18,10,29,0,8,23,10,41,2,0,2,43
05/22/2011,SPI,IL,AGL,CE,Combined TRACON& Tower with Radar,0,8,26,4,38,0,2,14,0,16,0,10,40,4,54,4,0,4,58
05/23/2011,SPI,IL,AGL,CE,Combined TRACON& Tower with Radar,2,12,22,22,58,0,17,15,2,34,2,29,37,24,92,10,24,34,126
05/24/2011,SPI,IL,AGL,CE,Combined TRACON& Tower with Radar,0,12,20,30,62,0,4,32,5,41,0,16,52,35,103,4,10,14,117
05/25/2011,SPI,IL,AGL,CE,Combined TRACON& Tower with Radar,0,10,6,1,17,0,4,3,1,8,0,14,9,2,25,1,0,1,26
05/26/2011,SPI,IL,AGL,CE,Combined TRACON& Tower with Radar,2,15,32,0,49,0,1,5,0,6,2,16,37,0,55,15,0,15,70
05/27/2011,SPI,IL,AGL,CE,Combined TRACON& Tower with Radar,0,17,39,4,60,0,2,38,1,41,0,19,77,5,101,39,0,39,140
05/28/2011,SPI,IL,AGL,CE,Combined TRACON& Tower with Radar,0,13,12,0,25,0,2,6,0,8,0,15,18,0,33,21,0,21,54
05/29/2011,SPI,IL,AGL,CE,Combined TRACON& Tower with Radar,2,9,16,0,27,0,1,20,0,21,2,10,36,0,48,4,0,4,52
05/30/2011,SPI,IL,AGL,CE,Combined TRACON& Tower with Radar,0,11,12,1,24,0,2,20,1,23,0,13,32,2,47,0,0,0,47
05/31/2011,SPI,IL,AGL,CE,Combined TRACON& Tower with Radar,0,11,10,4,25,0,2,14,0,16,0,13,24,4,41,32,0,32,73
06/01/2011,SPI,IL,AGL,CE,Combined TRACON& Tower with Radar,0,16,16,16,48,0,11,57,2,70,0,27,73,18,118,49,14,63,181
06/02/2011,SPI,IL,AGL,CE,Combined TRACON& Tower with Radar,2,15,13,0,30,0,2,13,2,17,2,17,26,2,47,23,0,23,70
06/03/2011,SPI,IL,AGL,CE,Combined TRACON& Tower with Radar,0,24,14,13,51,0,9,25,0,34,0,33,39,13,85,9,10,19,104
06/04/2011,SPI,IL,AGL,CE,Combined TRACON& Tower with Radar,0,8,8,0,16,0,0,26,0,26,0,8,34,0,42,38,0,38,80
06/05/2011,SPI,IL,AGL,CE,Combined TRACON& Tower with Radar,2,9,16,0,27,0,0,7,0,7,2,9,23,0,34,0,0,0,34
06/06/2011,SPI,IL,AGL,CE,Combined TRACON& Tower with Radar,0,18,12,0,30,0,6,25,0,31,0,24,37,0,61,8,0,8,69
06/07/2011,SPI,IL,AGL,CE,Combined TRACON& Tower with Radar,0,15,24,4,43,0,8,26,0,34,0,23,50,4,77,8,0,8,85
06/08/2011,SPI,IL,AGL,CE,Combined TRACON& Tower with Radar,0,15,26,1,42,0,6,16,1,23,0,21,42,2,65,2,0,2,67
06/09/2011,SPI,IL,AGL,CE,Combined TRACON& Tower with Radar,6,13,16,1,36,0,2,24,1,27,6,15,40,2,63,12,0,12,75
06/10/2011,SPI,IL,AGL,CE,Combined TRACON& Tower with Radar,0,19,20,20,59,0,7,23,0,30,0,26,43,20,89,1,24,25,114
06/11/2011,SPI,IL,AGL,CE,Combined TRACON& Tower with Radar,0,13,13,4,30,0,1,14,0,15,0,14,27,4,45,90,0,90,135
06/12/2011,SPI,IL,AGL,CE,Combined TRACON& Tower with Radar,2,12,29,2,45,0,0,20,0,20,2,12,49,2,65,38,0,38,103
06/13/2011,SPI,IL,AGL,CE,Combined TRACON& Tower with Radar,0,18,17,4,39,0,4,21,5,30,0,22,38,9,69,10,0,10,79
06/14/2011,SPI,IL,AGL,CE,Combined TRACON& Tower with Radar,3,21,24,0,48,0,0,7,0,7,3,21,31,0,55,36,0,36,91
06/15/2011,SPI,IL,AGL,CE,Combined TRACON& Tower with Radar,0,20,28,36,84,0,3,4,0,7,0,23,32,36,91,24,12,36,127
06/16/2011,SPI,IL,AGL,CE,Combined TRACON& Tower with Radar,2,15,20,9,46,0,12,34,2,48,2,27,54,11,94,16,0,16,110
06/17/2011,SPI,IL,AGL,CE,Combined TRACON& Tower with Radar,0,29,26,2,57,0,3,26,0,29,0,32,52,2,86,0,0,0,86
06/18/2011,SPI,IL,AGL,CE,Combined TRACON& Tower with Radar,0,14,10,3,27,0,1,7,0,8,0,15,17,3,35,0,0,0,35
06/19/2011,SPI,IL,AGL,CE,Combined TRACON& Tower with Radar,2,11,9,3,25,0,2,15,1,18,2,13,24,4,43,19,0,19,62
06/20/2011,SPI,IL,AGL,CE,Combined TRACON& Tower with Radar,1,16,15,1,33,0,6,17,4,27,1,22,32,5,60,20,0,20,80
06/21/2011,SPI,IL,AGL,CE,Combined TRACON& Tower with Radar,1,16,13,0,30,0,2,15,1,18,1,18,28,1,48,1,0,1,49
06/22/2011,SPI,IL,AGL,CE,Combined TRACON& Tower with Radar,0,26,23,8,57,0,1,19,0,20,0,27,42,8,77,0,0,0,77
06/23/2011,SPI,IL,AGL,CE,Combined TRACON& Tower with Radar,2,19,40,0,61,0,7,16,1,24,2,26,56,1,85,4,0,4,89
06/24/2011,SPI,IL,AGL,CE,Combined TRACON& Tower with Radar,2,17,30,0,49,0,2,38,1,41,2,19,68,1,90,30,0,30,120
06/25/2011,SPI,IL,AGL,CE,Combined TRACON& Tower with Radar,4,10,10,0,24,0,2,16,1,19,4,12,26,1,43,14,0,14,57
06/26/2011,SPI,IL,AGL,CE,Combined TRACON& Tower with Radar,4,11,23,0,38,0,3,12,0,15,4,14,35,0,53,15,0,15,68
06/27/2011,SPI,IL,AGL,CE,Combined TRACON& Tower with Radar,2,13,15,10,40,0,1,14,0,15,2,14,29,10,55,34,0,34,89
06/28/2011,SPI,IL,AGL,CE,Combined TRACON& Tower with Radar,0,17,45,1,63,0,6,30,0,36,0,23,75,1,99,34,0,34,133
06/29/2011,SPI,IL,AGL,CE,Combined TRACON& Tower with Radar,0,18,39,4,61,0,16,43,0,59,0,34,82,4,120,8,0,8,128
06/30/2011,SPI,IL,AGL,CE,Combined TRACON& Tower with Radar,2,16,28,2,48,0,10,28,4,42,2,26,56,6,90,10,0,10,100
07/01/2011,SPI,IL,AGL,CE,Combined TRACON& Tower with Radar,2,15,24,7,48,0,0,33,2,35,2,15,57,9,83,16,0,16,99
07/02/2011,SPI,IL,AGL,CE,Combined TRACON& Tower with Radar,2,16,22,0,40,0,1,34,1,36,2,17,56,1,76,16,0,16,92
07/03/2011,SPI,IL,AGL,CE,Combined TRACON& Tower with Radar,8,9,5,0,22,0,1,11,1,13,8,10,16,1,35,18,0,18,53
07/04/2011,SPI,IL,AGL,CE,Combined TRACON& Tower with Radar,2,8,7,0,17,0,1,16,2,19,2,9,23,2,36,8,0,8,44
07/05/2011,SPI,IL,AGL,CE,Combined TRACON& Tower with Radar,0,21,19,3,43,0,2,20,0,22,0,23,39,3,65,10,10,20,85
07/06/2011,SPI,IL,AGL,CE,Combined TRACON& Tower with Radar,0,20,15,0,35,0,5,20,0,25,0,25,35,0,60,35,0,35,95
07/07/2011,SPI,IL,AGL,CE,Combined TRACON& Tower with Radar,2,18,30,15,65,0,7,21,0,28,2,25,51,15,93,18,8,26,119
07/08/2011,SPI,IL,AGL,CE,Combined TRACON& Tower with Radar,2,14,18,35,69,0,11,43,3,57,2,25,61,38,126,33,28,61,187
07/09/2011,SPI,IL,AGL,CE,Combined TRACON& Tower with Radar,2,14,30,8,54,0,2,25,3,30,2,16,55,11,84,12,34,46,130
07/10/2011,SPI,IL,AGL,CE,Combined TRACON& Tower with Radar,4,11,33,0,48,0,0,32,0,32,4,11,65,0,80,22,0,22,102
07/11/2011,SPI,IL,AGL,CE,Combined TRACON& Tower with Radar,2,14,23,19,58,0,0,14,0,14,2,14,37,19,72,40,24,64,136
07/12/2011,SPI,IL,AGL,CE,Combined TRACON& Tower with Radar,0,16,27,4,47,0,9,17,2,28,0,25,44,6,75,24,0,24,99
07/13/2011,SPI,IL,AGL,CE,Combined TRACON& Tower with Radar,0,16,30,2,48,0,3,24,5,32,0,19,54,7,80,10,0,10,90
07/14/2011,SPI,IL,AGL,CE,Combined TRACON& Tower with Radar,11,21,35,12,79,0,14,32,2,48,11,35,67,14,127,12,12,24,151
07/15/2011,SPI,IL,AGL,CE,Combined TRACON& Tower with Radar,2,14,32,8,56,0,10,36,2,48,2,24,68,10,104,59,9,68,172
07/16/2011,SPI,IL,AGL,CE,Combined TRACON& Tower with Radar,2,12,23,0,37,0,2,32,0,34,2,14,55,0,71,2,0,2,73
07/17/2011,SPI,IL,AGL,CE,Combined TRACON& Tower with Radar,2,13,14,0,29,0,2,14,0,16,2,15,28,0,45,18,0,18,63
07/18/2011,SPI,IL,AGL,CE,Combined TRACON& Tower with Radar,2,15,25,7,49,0,2,31,0,33,2,17,56,7,82,16,8,24,106
07/19/2011,SPI,IL,AGL,CE,Combined TRACON& Tower with Radar,0,18,27,2,47,0,12,23,4,39,0,30,50,6,86,28,0,28,114
07/20/2011,SPI,IL,AGL,CE,Combined TRACON& Tower with Radar,0,18,16,21,55,0,6,25,0,31,0,24,41,21,86,26,30,56,142
07/21/2011,SPI,IL,AGL,CE,Combined TRACON& Tower with Radar,2,19,19,12,52,0,5,13,6,24,2,24,32,18,76,0,26,26,102
07/22/2011,SPI,IL,AGL,CE,Combined TRACON& Tower with Radar,2,16,18,2,38,0,5,15,7,27,2,21,33,9,65,24,0,24,89
07/23/2011,SPI,IL,AGL,CE,Combined TRACON& Tower with Radar,2,13,21,0,36,0,5,15,2,22,2,18,36,2,58,24,0,24,82
07/24/2011,SPI,IL,AGL,CE,Combined TRACON& Tower with Radar,2,9,14,0,25,0,0,23,0,23,2,9,37,0,48,2,0,2,50
07/25/2011,SPI,IL,AGL,CE,Combined TRACON& Tower with Radar,2,19,21,16,58,0,6,20,3,29,2,25,41,19,87,29,10,39,126
07/26/2011,SPI,IL,AGL,CE,Combined TRACON& Tower with Radar,0,15,26,5,46,0,6,16,8,30,0,21,42,13,76,16,2,18,94
07/27/2011,SPI,IL,AGL,CE,Combined TRACON& Tower with Radar,0,21,33,18,72,0,9,26,7,42,0,30,59,25,114,21,14,35,149
07/28/2011,SPI,IL,AGL,CE,Combined TRACON& Tower with Radar,2,14,30,5,51,0,6,18,0,24,2,20,48,5,75,21,0,21,96
07/29/2011,SPI,IL,AGL,CE,Combined TRACON& Tower with Radar,2,17,20,7,46,0,0,17,1,18,2,17,37,8,64,42,0,42,106
07/30/2011,SPI,IL,AGL,CE,Combined TRACON& Tower with Radar,2,12,12,0,26,0,0,14,0,14,2,12,26,0,40,23,0,23,63
07/31/2011,SPI,IL,AGL,CE,Combined TRACON& Tower with Radar,0,11,32,0,43,0,16,22,2,40,0,27,54,2,83,48,0,48,131
08/01/2011,SPI,IL,AGL,CE,Combined TRACON& Tower with Radar,2,18,23,19,62,0,22,35,3,60,2,40,58,22,122,12,10,22,144
08/02/2011,SPI,IL,AGL,CE,Combined TRACON& Tower with Radar,0,32,24,3,59,0,12,20,5,37,0,44,44,8,96,8,12,20,116
08/03/2011,SPI,IL,AGL,CE,Combined TRACON& Tower with Radar,0,21,26,6,53,0,23,19,3,45,0,44,45,9,98,10,0,10,108
08/04/2011,SPI,IL,AGL,CE,Combined TRACON& Tower with Radar,2,19,17,11,49,0,41,38,0,79,2,60,55,11,128,17,4,21,149
08/05/2011,SPI,IL,AGL,CE,Combined TRACON& Tower with Radar,0,16,11,6,33,0,30,23,6,59,0,46,34,12,92,25,12,37,129
08/06/2011,SPI,IL,AGL,CE,Combined TRACON& Tower with Radar,2,9,27,0,38,0,4,8,4,16,2,13,35,4,54,16,0,16,70
08/07/2011,SPI,IL,AGL,CE,Combined TRACON& Tower with Radar,2,10,18,0,30,0,0,24,4,28,2,10,42,4,58,56,0,56,114
08/08/2011,SPI,IL,AGL,CE,Combined TRACON& Tower with Radar,2,15,15,0,32,0,4,11,0,15,2,19,26,0,47,8,0,8,55
08/09/2011,SPI,IL,AGL,CE,Combined TRACON& Tower with Radar,0,21,20,0,41,0,8,42,0,50,0,29,62,0,91,22,0,22,113
08/10/2011,SPI,IL,AGL,CE,Combined TRACON& Tower with Radar,0,16,25,12,53,0,8,37,0,45,0,24,62,12,98,62,11,73,171
08/11/2011,SPI,IL,AGL,CE,Combined TRACON& Tower with Radar,2,16,22,20,60,0,4,34,0,38,2,20,56,20,98,41,28,69,167
08/12/2011,SPI,IL,AGL,CE,Combined TRACON& Tower with Radar,2,17,38,4,61,0,8,38,0,46,2,25,76,4,107,39,0,39,146
08/13/2011,SPI,IL,AGL,CE,Combined TRACON& Tower with Radar,2,10,15,0,27,0,2,12,0,14,2,12,27,0,41,21,0,21,62
08/14/2011,SPI,IL,AGL,CE,Combined TRACON& Tower with Radar,2,18,17,4,41,0,7,20,1,28,2,25,37,5,69,33,0,33,102
08/15/2011,SPI,IL,AGL,CE,Combined TRACON& Tower with Radar,2,23,11,0,36,0,7,25,3,35,2,30,36,3,71,35,0,35,106
08/16/2011,SPI,IL,AGL,CE,Combined TRACON& Tower with Radar,0,19,25,6,50,0,6,27,0,33,0,25,52,6,83,14,0,14,97
08/17/2011,SPI,IL,AGL,CE,Combined TRACON& Tower with Radar,0,16,28,12,56,0,2,15,0,17,0,18,43,12,73,24,22,46,119
08/18/2011,SPI,IL,AGL,CE,Combined TRACON& Tower with Radar,2,17,30,3,52,0,9,27,1,37,2,26,57,4,89,9,0,9,98
08/19/2011,SPI,IL,AGL,CE,Combined TRACON& Tower with Radar,0,17,17,14,48,0,2,28,0,30,0,19,45,14,78,33,10,43,121
08/20/2011,SPI,IL,AGL,CE,Combined TRACON& Tower with Radar,0,14,7,0,21,0,2,10,0,12,0,16,17,0,33,14,0,14,47
08/21/2011,SPI,IL,AGL,CE,Combined TRACON& Tower with Radar,2,7,43,0,52,0,2,28,0,30,2,9,71,0,82,20,0,20,102
08/22/2011,SPI,IL,AGL,CE,Combined TRACON& Tower with Radar,0,18,24,34,76,0,8,18,1,27,0,26,42,35,103,18,18,36,139
08/23/2011,SPI,IL,AGL,CE,Combined TRACON& Tower with Radar,0,13,23,2,38,0,9,13,2,24,0,22,36,4,62,3,10,13,75
08/24/2011,SPI,IL,AGL,CE,Combined TRACON& Tower with Radar,0,14,20,11,45,0,5,24,5,34,0,19,44,16,79,10,8,18,97
08/25/2011,SPI,IL,AGL,CE,Combined TRACON& Tower with Radar,2,20,18,9,49,0,9,34,3,46,2,29,52,12,95,3,8,11,106
08/26/2011,SPI,IL,AGL,CE,Combined TRACON& Tower with Radar,0,18,26,13,57,0,10,46,2,58,0,28,72,15,115,38,0,38,153
08/27/2011,SPI,IL,AGL,CE,Combined TRACON& Tower with Radar,0,16,21,11,48,0,2,38,5,45,0,18,59,16,93,15,0,15,108
08/28/2011,SPI,IL,AGL,CE,Combined TRACON& Tower with Radar,2,9,28,5,44,0,2,33,2,37,2,11,61,7,81,32,0,32,113
08/29/2011,SPI,IL,AGL,CE,Combined TRACON& Tower with Radar,0,18,30,14,62,0,6,29,0,35,0,24,59,14,97,5,6,11,108
08/30/2011,SPI,IL,AGL,CE,Combined TRACON& Tower with Radar,0,26,23,2,51,0,2,24,1,27,0,28,47,3,78,26,0,26,104
08/31/2011,SPI,IL,AGL,CE,Combined TRACON& Tower with Radar,0,17,19,29,65,0,10,31,0,41,0,27,50,29,106,11,26,37,143
09/01/2011,SPI,IL,AGL,CE,Combined TRACON& Tower with Radar,2,15,29,18,64,0,7,23,2,32,2,22,52,20,96,0,0,0,96
09/02/2011,SPI,IL,AGL,CE,Combined TRACON& Tower with Radar,2,22,20,2,46,0,4,20,1,25,2,26,40,3,71,1,0,1,72
09/03/2011,SPI,IL,AGL,CE,Combined TRACON& Tower with Radar,0,11,13,1,25,0,2,21,2,25,0,13,34,3,50,27,0,27,77
09/04/2011,SPI,IL,AGL,CE,Combined TRACON& Tower with Radar,2,8,10,0,20,0,1,20,0,21,2,9,30,0,41,6,0,6,47
09/05/2011,SPI,IL,AGL,CE,Combined TRACON& Tower with Radar,2,9,11,0,22,0,1,24,2,27,2,10,35,2,49,12,0,12,61
09/06/2011,SPI,IL,AGL,CE,Combined TRACON& Tower with Radar,0,17,23,2,42,0,10,21,2,33,0,27,44,4,75,3,1,4,79
09/07/2011,SPI,IL,AGL,CE,Combined TRACON& Tower with Radar,0,20,16,11,47,0,7,22,3,32,0,27,38,14,79,22,0,22,101
09/08/2011,SPI,IL,AGL,CE,Combined TRACON& Tower with Radar,0,16,41,2,59,0,6,13,0,19,0,22,54,2,78,10,0,10,88
09/09/2011,SPI,IL,AGL,CE,Combined TRACON& Tower with Radar,2,18,31,4,55,0,0,1,1,2,2,18,32,5,57,1,0,1,58
09/10/2011,SPI,IL,AGL,CE,Combined TRACON& Tower with Radar,0,10,25,0,35,0,0,7,4,11,0,10,32,4,46,15,0,15,61
09/11/2011,SPI,IL,AGL,CE,Combined TRACON& Tower with Radar,0,9,28,0,37,0,1,28,0,29,0,10,56,0,66,8,2,10,76
09/12/2011,SPI,IL,AGL,CE,Combined TRACON& Tower with Radar,0,16,23,1,40,0,4,26,0,30,0,20,49,1,70,10,0,10,80
09/13/2011,SPI,IL,AGL,CE,Combined TRACON& Tower with Radar,3,21,22,12,58,0,8,16,0,24,3,29,38,12,82,13,10,23,105
09/14/2011,SPI,IL,AGL,CE,Combined TRACON& Tower with Radar,0,15,18,27,60,0,2,8,0,10,0,17,26,27,70,3,10,13,83
09/15/2011,SPI,IL,AGL,CE,Combined TRACON& Tower with Radar,0,23,22,12,57,0,3,27,5,35,0,26,49,17,92,44,10,54,146
09/16/2011,SPI,IL,AGL,CE,Combined TRACON& Tower with Radar,2,18,27,8,55,0,9,28,4,41,2,27,55,12,96,26,0,26,122
09/17/2011,SPI,IL,AGL,CE,Combined TRACON& Tower with Radar,0,10,18,13,41,0,4,35,2,41,0,14,53,15,82,9,0,9,91
09/18/2011,SPI,IL,AGL,CE,Combined TRACON& Tower with Radar,0,7,18,4,29,0,0,12,0,12,0,7,30,4,41,1,0,1,42
09/19/2011,SPI,IL,AGL,CE,Combined TRACON& Tower with Radar,2,21,18,5,46,0,2,6,0,8,2,23,24,5,54,9,0,9,63
09/20/2011,SPI,IL,AGL,CE,Combined TRACON& Tower with Radar,0,15,25,4,44,0,1,12,1,14,0,16,37,5,58,24,0,24,82
09/21/2011,SPI,IL,AGL,CE,Combined TRACON& Tower with Radar,0,21,43,4,68,0,6,15,4,25,0,27,58,8,93,4,1,5,98
09/22/2011,SPI,IL,AGL,CE,Combined TRACON& Tower with Radar,0,21,44,26,91,0,3,19,5,27,0,24,63,31,118,4,32,36,154
09/23/2011,SPI,IL,AGL,CE,Combined TRACON& Tower with Radar,2,20,30,7,59,0,2,33,0,35,2,22,63,7,94,41,0,41,135
09/24/2011,SPI,IL,AGL,CE,Combined TRACON& Tower with Radar,0,10,24,0,34,0,3,22,0,25,0,13,46,0,59,39,0,39,98
09/25/2011,SPI,IL,AGL,CE,Combined TRACON& Tower with Radar,0,10,23,0,33,0,0,18,0,18,0,10,41,0,51,15,0,15,66
09/26/2011,SPI,IL,AGL,CE,Combined TRACON& Tower with Radar,0,17,21,12,50,0,2,7,4,13,0,19,28,16,63,14,0,14,77
09/27/2011,SPI,IL,AGL,CE,Combined TRACON& Tower with Radar,0,20,22,3,45,0,1,11,1,13,0,21,33,4,58,9,0,9,67
09/28/2011,SPI,IL,AGL,CE,Combined TRACON& Tower with Radar,0,18,20,18,56,0,3,38,4,45,0,21,58,22,101,30,12,42,143
09/29/2011,SPI,IL,AGL,CE,Combined TRACON& Tower with Radar,0,15,16,11,42,0,6,18,3,27,0,21,34,14,69,3,26,29,98
09/30/2011,SPI,IL,AGL,CE,Combined TRACON& Tower with Radar,2,16,25,17,60,0,4,23,3,30,2,20,48,20,90,6,18,24,114
10/01/2011,SPI,IL,AGL,CE,Combined TRACON& Tower with Radar,0,10,12,0,22,0,0,52,0,52,0,10,64,0,74,61,0,61,135
10/02/2011,SPI,IL,AGL,CE,Combined TRACON& Tower with Radar,2,9,5,1,17,0,1,56,1,58,2,10,61,2,75,81,0,81,156
10/03/2011,SPI,IL,AGL,CE,Combined TRACON& Tower with Radar,2,23,22,31,78,0,4,41,0,45,2,27,63,31,123,52,32,84,207
10/04/2011,SPI,IL,AGL,CE,Combined TRACON& Tower with Radar,0,19,16,28,63,0,3,34,4,41,0,22,50,32,104,82,24,106,210
10/05/2011,SPI,IL,AGL,CE,Combined TRACON& Tower with Radar,0,32,15,20,67,0,9,50,0,59,0,41,65,20,126,30,18,48,174
10/06/2011,SPI,IL,AGL,CE,Combined TRACON& Tower with Radar,2,28,16,0,46,0,6,29,4,39,2,34,45,4,85,2,0,2,87
10/07/2011,SPI,IL,AGL,CE,Combined TRACON& Tower with Radar,2,16,22,1,41,0,9,40,0,49,2,25,62,1,90,24,0,24,114
10/08/2011,SPI,IL,AGL,CE,Combined TRACON& Tower with Radar,2,12,6,3,23,0,0,18,0,18,2,12,24,3,41,2,2,4,45
10/09/2011,SPI,IL,AGL,CE,Combined TRACON& Tower with Radar,2,9,14,0,25,0,0,24,0,24,2,9,38,0,49,36,0,36,85
10/10/2011,SPI,IL,AGL,CE,Combined TRACON& Tower with Radar,2,16,16,0,34,0,2,28,0,30,2,18,44,0,64,37,0,37,101
10/11/2011,SPI,IL,AGL,CE,Combined TRACON& Tower with Radar,3,18,14,3,38,0,4,21,6,31,3,22,35,9,69,24,0,24,93
10/12/2011,SPI,IL,AGL,CE,Combined TRACON& Tower with Radar,0,17,18,5,40,0,4,16,0,20,0,21,34,5,60,39,5,44,104
10/13/2011,SPI,IL,AGL,CE,Combined TRACON& Tower with Radar,2,16,29,4,51,0,2,10,1,13,2,18,39,5,64,24,0,24,88
10/14/2011,SPI,IL,AGL,CE,Combined TRACON& Tower with Radar,2,13,25,5,45,0,6,9,4,19,2,19,34,9,64,2,15,17,81
10/15/2011,SPI,IL,AGL,CE,Combined TRACON& Tower with Radar,0,10,24,0,34,0,1,18,1,20,0,11,42,1,54,1,0,1,55
10/16/2011,SPI,IL,AGL,CE,Combined TRACON& Tower with Radar,2,10,19,0,31,0,1,29,0,30,2,11,48,0,61,12,0,12,73
10/17/2011,SPI,IL,AGL,CE,Combined TRACON& Tower with Radar,2,14,25,3,44,0,1,25,4,30,2,15,50,7,74,10,0,10,84
10/18/2011,SPI,IL,AGL,CE,Combined TRACON& Tower with Radar,0,19,14,52,85,0,4,19,6,29,0,23,33,58,114,13,34,47,161
10/19/2011,SPI,IL,AGL,CE,Combined TRACON& Tower with Radar,0,13,28,1,42,0,1,9,0,10,0,14,37,1,52,0,0,0,52
10/20/2011,SPI,IL,AGL,CE,Combined TRACON& Tower with Radar,2,17,28,4,51,0,8,10,0,18,2,25,38,4,69,0,0,0,69
10/21/2011,SPI,IL,AGL,CE,Combined TRACON& Tower with Radar,0,20,21,32,73,0,8,37,3,48,0,28,58,35,121,65,16,81,202
10/22/2011,SPI,IL,AGL,CE,Combined TRACON& Tower with Radar,0,13,11,0,24,0,3,27,1,31,0,16,38,1,55,37,0,37,92
10/23/2011,SPI,IL,AGL,CE,Combined TRACON& Tower with Radar,0,9,9,0,18,0,1,24,0,25,0,10,33,0,43,13,0,13,56
10/24/2011,SPI,IL,AGL,CE,Combined TRACON& Tower with Radar,2,27,21,50,100,0,14,41,1,56,2,41,62,51,156,16,37,53,209
10/25/2011,SPI,IL,AGL,CE,Combined TRACON& Tower with Radar,0,18,26,9,53,0,8,8,2,18,0,26,34,11,71,6,0,6,77
10/26/2011,SPI,IL,AGL,CE,Combined TRACON& Tower with Radar,0,17,41,2,60,0,0,0,0,0,0,17,41,2,60,0,0,0,60
10/27/2011,SPI,IL,AGL,CE,Combined TRACON& Tower with Radar,2,23,24,1,50,0,7,21,2,30,2,30,45,3,80,24,0,24,104
10/28/2011,SPI,IL,AGL,CE,Combined TRACON& Tower with Radar,1,21,14,7,43,0,10,22,0,32,1,31,36,7,75,52,0,52,127
10/29/2011,SPI,IL,AGL,CE,Combined TRACON& Tower with Radar,0,10,10,0,20,0,3,60,0,63,0,13,70,0,83,20,0,20,103
10/30/2011,SPI,IL,AGL,CE,Combined TRACON& Tower with Radar,2,9,13,0,24,0,1,15,0,16,2,10,28,0,40,6,1,7,47
10/31/2011,SPI,IL,AGL,CE,Combined TRACON& Tower with Radar,2,23,21,2,48,0,2,22,2,26,2,25,43,4,74,18,7,25,99
11/01/2011,SPI,IL,AGL,CE,Combined TRACON& Tower with Radar,0,18,26,15,59,0,8,29,1,38,0,26,55,16,97,12,12,24,121
11/02/2011,SPI,IL,AGL,CE,Combined TRACON& Tower with Radar,0,15,26,3,44,0,2,20,1,23,0,17,46,4,67,19,0,19,86
11/03/2011,SPI,IL,AGL,CE,Combined TRACON& Tower with Radar,2,19,27,3,51,0,1,0,1,2,2,20,27,4,53,0,1,1,54
11/04/2011,SPI,IL,AGL,CE,Combined TRACON& Tower with Radar,2,20,12,16,50,0,8,25,1,34,2,28,37,17,84,18,18,36,120
11/05/2011,SPI,IL,AGL,CE,Combined TRACON& Tower with Radar,2,14,7,0,23,0,2,19,1,22,2,16,26,1,45,13,0,13,58
11/06/2011,SPI,IL,AGL,CE,Combined TRACON& Tower with Radar,2,9,10,3,24,0,0,5,1,6,2,9,15,4,30,1,0,1,31
11/07/2011,SPI,IL,AGL,CE,Combined TRACON& Tower with Radar,2,17,21,3,43,0,0,0,0,0,2,17,21,3,43,1,0,1,44
11/08/2011,SPI,IL,AGL,CE,Combined TRACON& Tower with Radar,0,24,14,1,39,0,0,0,0,0,0,24,14,1,39,0,0,0,39
11/09/2011,SPI,IL,AGL,CE,Combined TRACON& Tower with Radar,0,23,26,2,51,0,3,2,0,5,0,26,28,2,56,0,1,1,57
11/10/2011,SPI,IL,AGL,CE,Combined TRACON& Tower with Radar,0,23,25,12,60,0,12,12,8,32,0,35,37,20,92,14,14,28,120
11/11/2011,SPI,IL,AGL,CE,Combined TRACON& Tower with Radar,2,13,16,4,35,0,1,25,0,26,2,14,41,4,61,18,0,18,79
11/12/2011,SPI,IL,AGL,CE,Combined TRACON& Tower with Radar,4,12,15,0,31,0,4,18,0,22,4,16,33,0,53,6,0,6,59
11/13/2011,SPI,IL,AGL,CE,Combined TRACON& Tower with Radar,0,11,4,4,19,0,0,5,0,5,0,11,9,4,24,0,0,0,24
11/14/2011,SPI,IL,AGL,CE,Combined TRACON& Tower with Radar,2,17,9,24,52,0,4,9,0,13,2,21,18,24,65,8,18,26,91
11/15/2011,SPI,IL,AGL,CE,Combined TRACON& Tower with Radar,0,20,25,2,47,0,2,39,0,41,0,22,64,2,88,41,0,41,129
11/16/2011,SPI,IL,AGL,CE,Combined TRACON& Tower with Radar,2,14,32,22,70,0,6,14,0,20,2,20,46,22,90,30,10,40,130
11/17/2011,SPI,IL,AGL,CE,Combined TRACON& Tower with Radar,0,14,16,7,37,0,10,28,0,38,0,24,44,7,75,10,0,10,85
11/18/2011,SPI,IL,AGL,CE,Combined TRACON& Tower with Radar,2,18,20,25,65,0,2,27,1,30,2,20,47,26,95,12,0,12,107
11/19/2011,SPI,IL,AGL,CE,Combined TRACON& Tower with Radar,4,8,10,4,26,0,0,5,2,7,4,8,15,6,33,1,0,1,34
11/20/2011,SPI,IL,AGL,CE,Combined TRACON& Tower with Radar,0,11,11,2,24,0,2,17,2,21,0,13,28,4,45,4,0,4,49
11/21/2011,SPI,IL,AGL,CE,Combined TRACON& Tower with Radar,2,20,20,39,81,0,2,2,0,4,2,22,22,39,85,5,0,5,90
11/22/2011,SPI,IL,AGL,CE,Combined TRACON& Tower with Radar,0,21,26,16,63,0,0,0,0,0,0,21,26,16,63,0,0,0,63
11/23/2011,SPI,IL,AGL,CE,Combined TRACON& Tower with Radar,2,11,24,3,40,0,0,3,0,3,2,11,27,3,43,0,1,1,44
11/24/2011,SPI,IL,AGL,CE,Combined TRACON& Tower with Radar,0,7,4,0,11,0,2,2,0,4,0,9,6,0,15,15,2,17,32
11/25/2011,SPI,IL,AGL,CE,Combined TRACON& Tower with Radar,2,8,8,0,18,0,0,24,0,24,2,8,32,0,42,20,0,20,62
11/26/2011,SPI,IL,AGL,CE,Combined TRACON& Tower with Radar,4,9,4,0,17,0,0,2,0,2,4,9,6,0,19,14,1,15,34
11/27/2011,SPI,IL,AGL,CE,Combined TRACON& Tower with Radar,0,13,14,0,27,0,0,4,0,4,0,13,18,0,31,1,0,1,32
11/28/2011,SPI,IL,AGL,CE,Combined TRACON& Tower with Radar,2,24,17,20,63,0,3,4,0,7,2,27,21,20,70,7,8,15,85
11/29/2011,SPI,IL,AGL,CE,Combined TRACON& Tower with Radar,0,18,17,0,35,0,1,7,0,8,0,19,24,0,43,7,0,7,50
11/30/2011,SPI,IL,AGL,CE,Combined TRACON& Tower with Radar,2,21,31,1,55,0,6,29,7,42,2,27,60,8,97,12,0,12,109
12/01/2011,SPI,IL,AGL,CE,Combined TRACON& Tower with Radar,0,18,31,1,50,0,12,25,2,39,0,30,56,3,89,20,2,22,111
12/02/2011,SPI,IL,AGL,CE,Combined TRACON& Tower with Radar,0,23,10,1,34,0,2,10,0,12,0,25,20,1,46,20,4,24,70
12/03/2011,SPI,IL,AGL,CE,Combined TRACON& Tower with Radar,4,11,9,0,24,0,1,11,1,13,4,12,20,1,37,31,1,32,69
12/04/2011,SPI,IL,AGL,CE,Combined TRACON& Tower with Radar,0,10,9,1,20,0,0,1,0,1,0,10,10,1,21,10,1,11,32
12/05/2011,SPI,IL,AGL,CE,Combined TRACON& Tower with Radar,0,16,8,25,49,0,3,12,0,15,0,19,20,25,64,36,22,58,122
12/06/2011,SPI,IL,AGL,CE,Combined TRACON& Tower with Radar,0,17,24,0,41,0,0,8,0,8,0,17,32,0,49,6,2,8,57
12/07/2011,SPI,IL,AGL,CE,Combined TRACON& Tower with Radar,4,23,30,0,57,0,5,34,0,39,4,28,64,0,96,0,0,0,96
12/08/2011,SPI,IL,AGL,CE,Combined TRACON& Tower with Radar,0,16,39,6,61,0,4,42,7,53,0,20,81,13,114,36,23,59,173
12/09/2011,SPI,IL,AGL,CE,Combined TRACON& Tower with Radar,2,16,9,13,40,0,7,6,3,16,2,23,15,16,56,17,14,31,87
12/10/2011,SPI,IL,AGL,CE,Combined TRACON& Tower with Radar,4,8,7,0,19,0,2,19,0,21,4,10,26,0,40,10,0,10,50
12/11/2011,SPI,IL,AGL,CE,Combined TRACON& Tower with Radar,0,9,15,4,28,0,2,38,1,41,0,11,53,5,69,37,0,37,106
12/12/2011,SPI,IL,AGL,CE,Combined TRACON& Tower with Radar,2,25,16,14,57,0,2,22,4,28,2,27,38,18,85,50,10,60,145
12/13/2011,SPI,IL,AGL,CE,Combined TRACON& Tower with Radar,0,23,20,1,44,0,0,0,0,0,0,23,20,1,44,1,0,1,45
12/14/2011,SPI,IL,AGL,CE,Combined TRACON& Tower with Radar,2,15,5,16,38,0,2,0,0,2,2,17,5,16,40,10,0,10,50
12/15/2011,SPI,IL,AGL,CE,Combined TRACON& Tower with Radar,0,18,41,0,59,0,3,8,2,13,0,21,49,2,72,0,1,1,73
12/16/2011,SPI,IL,AGL,CE,Combined TRACON& Tower with Radar,2,14,29,4,49,0,2,26,5,33,2,16,55,9,82,26,1,27,109
12/17/2011,SPI,IL,AGL,CE,Combined TRACON& Tower with Radar,2,14,24,0,40,0,0,17,1,18,2,14,41,1,58,17,0,17,75
12/18/2011,SPI,IL,AGL,CE,Combined TRACON& Tower with Radar,0,11,7,0,18,0,0,25,0,25,0,11,32,0,43,36,0,36,79
12/19/2011,SPI,IL,AGL,CE,Combined TRACON& Tower with Radar,2,15,17,23,57,0,1,3,0,4,2,16,20,23,61,8,15,23,84
12/20/2011,SPI,IL,AGL,CE,Combined TRACON& Tower with Radar,0,16,30,0,46,0,0,0,0,0,0,16,30,0,46,0,0,0,46
12/21/2011,SPI,IL,AGL,CE,Combined TRACON& Tower with Radar,2,16,27,0,45,0,3,0,0,3,2,19,27,0,48,0,0,0,48
12/22/2011,SPI,IL,AGL,CE,Combined TRACON& Tower with Radar,0,15,11,0,26,0,2,2,0,4,0,17,13,0,30,0,0,0,30
12/23/2011,SPI,IL,AGL,CE,Combined TRACON& Tower with Radar,2,13,5,0,20,0,0,5,0,5,2,13,10,0,25,8,0,8,33
12/24/2011,SPI,IL,AGL,CE,Combined TRACON& Tower with Radar,4,9,0,0,13,0,0,26,0,26,4,9,26,0,39,0,0,0,39
12/25/2011,SPI,IL,AGL,CE,Combined TRACON& Tower with Radar,0,12,5,0,17,0,0,11,0,11,0,12,16,0,28,0,2,2,30
12/26/2011,SPI,IL,AGL,CE,Combined TRACON& Tower with Radar,2,11,14,0,27,0,0,10,0,10,2,11,24,0,37,0,1,1,38
12/27/2011,SPI,IL,AGL,CE,Combined TRACON& Tower with Radar,0,17,12,2,31,0,0,4,0,4,0,17,16,2,35,21,0,21,56
12/28/2011,SPI,IL,AGL,CE,Combined TRACON& Tower with Radar,2,13,16,0,31,0,4,33,1,38,2,17,49,1,69,11,0,11,80
12/29/2011,SPI,IL,AGL,CE,Combined TRACON& Tower with Radar,0,12,13,0,25,0,2,17,1,20,0,14,30,1,45,16,1,17,62
12/30/2011,SPI,IL,AGL,CE,Combined TRACON& Tower with Radar,2,12,8,0,22,0,0,3,0,3,2,12,11,0,25,0,0,0,25
12/31/2011,SPI,IL,AGL,CE,Combined TRACON& Tower with Radar,4,9,7,0,20,0,0,31,0,31,4,9,38,0,51,14,1,15,66
01/01/2012,SPI,IL,AGL,CE,Combined TRACON& Tower with Radar,0,11,1,0,12,0,0,2,0,2,0,11,3,0,14,1,0,1,15
01/02/2012,SPI,IL,AGL,CE,Combined TRACON& Tower with Radar,2,11,10,0,23,0,0,8,1,9,2,11,18,1,32,1,2,3,35
01/03/2012,SPI,IL,AGL,CE,Combined TRACON& Tower with Radar,0,16,9,0,25,0,4,13,2,19,0,20,22,2,44,2,0,2,46
01/04/2012,SPI,IL,AGL,CE,Combined TRACON& Tower with Radar,2,17,14,1,34,0,0,34,1,35,2,17,48,2,69,21,1,22,91
01/05/2012,SPI,IL,AGL,CE,Combined TRACON& Tower with Radar,0,18,17,20,55,0,2,22,3,27,0,20,39,23,82,22,19,41,123
01/06/2012,SPI,IL,AGL,CE,Combined TRACON& Tower with Radar,2,15,8,15,40,0,4,25,1,30,2,19,33,16,70,2,0,2,72
01/07/2012,SPI,IL,AGL,CE,Combined TRACON& Tower with Radar,2,9,24,10,45,0,0,30,0,30,2,9,54,10,75,8,7,15,90
01/08/2012,SPI,IL,AGL,CE,Combined TRACON& Tower with Radar,0,11,8,0,19,0,1,20,0,21,0,12,28,0,40,0,0,0,40
01/09/2012,SPI,IL,AGL,CE,Combined TRACON& Tower with Radar,2,17,7,9,35,0,2,27,0,29,2,19,34,9,64,0,6,6,70
01/10/2012,SPI,IL,AGL,CE,Combined TRACON& Tower with Radar,0,22,19,8,49,0,5,35,2,42,0,27,54,10,91,14,4,18,109
01/11/2012,SPI,IL,AGL,CE,Combined TRACON& Tower with Radar,2,17,20,4,43,0,2,7,0,9,2,19,27,4,52,0,0,0,52
01/12/2012,SPI,IL,AGL,CE,Combined TRACON& Tower with Radar,0,13,10,0,23,0,0,0,0,0,0,13,10,0,23,0,0,0,23
01/13/2012,SPI,IL,AGL,CE,Combined TRACON& Tower with Radar,2,13,10,6,31,0,0,6,0,6,2,13,16,6,37,8,1,9,46
01/14/2012,SPI,IL,AGL,CE,Combined TRACON& Tower with Radar,2,8,4,0,14,0,0,3,0,3,2,8,7,0,17,4,0,4,21
01/15/2012,SPI,IL,AGL,CE,Combined TRACON& Tower with Radar,0,9,3,0,12,0,0,14,1,15,0,9,17,1,27,2,0,2,29
01/16/2012,SPI,IL,AGL,CE,Combined TRACON& Tower with Radar,2,11,13,0,26,0,0,11,0,11,2,11,24,0,37,8,0,8,45
01/17/2012,SPI,IL,AGL,CE,Combined TRACON& Tower with Radar,0,18,16,4,38,0,0,0,0,0,0,18,16,4,38,0,0,0,38
01/18/2012,SPI,IL,AGL,CE,Combined TRACON& Tower with Radar,2,20,15,3,40,0,5,14,2,21,2,25,29,5,61,1,0,1,62
01/19/2012,SPI,IL,AGL,CE,Combined TRACON& Tower with Radar,0,19,27,2,48,0,2,12,0,14,0,21,39,2,62,1,1,2,64
01/20/2012,SPI,IL,AGL,CE,Combined TRACON& Tower with Radar,2,13,12,13,40,0,1,6,0,7,2,14,18,13,47,0,6,6,53
01/21/2012,SPI,IL,AGL,CE,Combined TRACON& Tower with Radar,2,10,12,4,28,0,1,14,0,15,2,11,26,4,43,10,0,10,53
01/22/2012,SPI,IL,AGL,CE,Combined TRACON& Tower with Radar,0,10,1,0,11,0,0,0,0,0,0,10,1,0,11,0,0,0,11
01/23/2012,SPI,IL,AGL,CE,Combined TRACON& Tower with Radar,2,14,10,1,27,0,0,4,1,5,2,14,14,2,32,1,0,1,33
01/24/2012,SPI,IL,AGL,CE,Combined TRACON& Tower with Radar,0,30,19,4,53,0,2,26,7,35,0,32,45,11,88,22,0,22,110
01/25/2012,SPI,IL,AGL,CE,Combined TRACON& Tower with Radar,2,15,16,3,36,0,0,5,0,5,2,15,21,3,41,0,0,0,41
01/26/2012,SPI,IL,AGL,CE,Combined TRACON& Tower with Radar,0,15,16,1,32,0,0,0,0,0,0,15,16,1,32,0,0,0,32
01/27/2012,SPI,IL,AGL,CE,Combined TRACON& Tower with Radar,2,24,22,1,49,0,10,18,3,31,2,34,40,4,80,10,2,12,92
01/28/2012,SPI,IL,AGL,CE,Combined TRACON& Tower with Radar,2,8,7,0,17,0,0,18,0,18,2,8,25,0,35,8,0,8,43
01/29/2012,SPI,IL,AGL,CE,Combined TRACON& Tower with Radar,0,11,8,0,19,0,0,14,0,14,0,11,22,0,33,8,3,11,44
01/30/2012,SPI,IL,AGL,CE,Combined TRACON& Tower with Radar,2,22,11,5,40,0,6,8,1,15,2,28,19,6,55,0,0,0,55
01/31/2012,SPI,IL,AGL,CE,Combined TRACON& Tower with Radar,0,25,24,2,51,0,1,15,1,17,0,26,39,3,68,10,4,14,82
02/01/2012,SPI,IL,AGL,CE,Combined TRACON& Tower with Radar,2,23,15,23,63,0,2,27,1,30,2,25,42,24,93,26,20,46,139
02/02/2012,SPI,IL,AGL,CE,Combined TRACON& Tower with Radar,0,33,30,27,90,0,3,45,1,49,0,36,75,28,139,19,28,47,186
02/03/2012,SPI,IL,AGL,CE,Combined TRACON& Tower with Radar,2,18,27,23,70,0,0,23,0,23,2,18,50,23,93,30,14,44,137
02/04/2012,SPI,IL,AGL,CE,Combined TRACON& Tower with Radar,2,11,4,0,17,0,0,0,0,0,2,11,4,0,17,0,0,0,17
02/05/2012,SPI,IL,AGL,CE,Combined TRACON& Tower with Radar,0,9,13,6,28,0,0,17,2,19,0,9,30,8,47,23,6,29,76
02/06/2012,SPI,IL,AGL,CE,Combined TRACON& Tower with Radar,2,14,13,5,34,0,0,2,0,2,2,14,15,5,36,4,5,9,45
02/07/2012,SPI,IL,AGL,CE,Combined TRACON& Tower with Radar,2,17,22,0,41,0,0,0,0,0,2,17,22,0,41,0,0,0,41
02/08/2012,SPI,IL,AGL,CE,Combined TRACON& Tower with Radar,2,19,27,4,52,0,7,9,6,22,2,26,36,10,74,1,2,3,77
02/09/2012,SPI,IL,AGL,CE,Combined TRACON& Tower with Radar,0,27,25,17,69,0,4,34,1,39,0,31,59,18,108,32,19,51,159
02/10/2012,SPI,IL,AGL,CE,Combined TRACON& Tower with Radar,4,20,17,0,41,0,0,0,0,0,4,20,17,0,41,1,0,1,42
02/11/2012,SPI,IL,AGL,CE,Combined TRACON& Tower with Radar,2,8,6,0,16,0,0,11,0,11,2,8,17,0,27,0,0,0,27
02/12/2012,SPI,IL,AGL,CE,Combined TRACON& Tower with Radar,0,13,7,9,29,0,0,18,6,24,0,13,25,15,53,8,0,8,61
02/13/2012,SPI,IL,AGL,CE,Combined TRACON& Tower with Radar,2,18,24,2,46,0,0,2,0,2,2,18,26,2,48,1,0,1,49
02/14/2012,SPI,IL,AGL,CE,Combined TRACON& Tower with Radar,0,17,5,0,22,0,0,2,4,6,0,17,7,4,28,0,1,1,29
02/15/2012,SPI,IL,AGL,CE,Combined TRACON& Tower with Radar,2,24,27,25,78,0,2,0,6,8,2,26,27,31,86,0,2,2,88
02/16/2012,SPI,IL,AGL,CE,Combined TRACON& Tower with Radar,0,19,23,3,45,0,3,14,1,18,0,22,37,4,63,6,7,13,76
02/17/2012,SPI,IL,AGL,CE,Combined TRACON& Tower with Radar,2,18,34,8,62,0,1,55,2,58,2,19,89,10,120,12,2,14,134
02/18/2012,SPI,IL,AGL,CE,Combined TRACON& Tower with Radar,2,10,20,0,32,0,1,32,0,33,2,11,52,0,65,33,2,35,100
02/19/2012,SPI,IL,AGL,CE,Combined TRACON& Tower with Radar,1,10,20,2,33,0,0,31,0,31,1,10,51,2,64,6,0,6,70
02/20/2012,SPI,IL,AGL,CE,Combined TRACON& Tower with Radar,2,14,14,2,32,0,0,16,1,17,2,14,30,3,49,1,2,3,52
02/21/2012,SPI,IL,AGL,CE,Combined TRACON& Tower with Radar,0,19,20,20,59,0,4,8,6,18,0,23,28,26,77,19,23,42,119
02/22/2012,SPI,IL,AGL,CE,Combined TRACON& Tower with Radar,2,26,36,2,66,0,5,30,1,36,2,31,66,3,102,12,2,14,116
02/23/2012,SPI,IL,AGL,CE,Combined TRACON& Tower with Radar,0,14,21,7,42,0,11,20,0,31,0,25,41,7,73,2,5,7,80
02/24/2012,SPI,IL,AGL,CE,Combined TRACON& Tower with Radar,2,13,10,2,27,0,3,2,0,5,2,16,12,2,32,1,0,1,33
02/25/2012,SPI,IL,AGL,CE,Combined TRACON& Tower with Radar,2,11,8,0,21,0,1,9,1,11,2,12,17,1,32,11,2,13,45
02/26/2012,SPI,IL,AGL,CE,Combined TRACON& Tower with Radar,0,11,8,4,23,0,0,5,0,5,0,11,13,4,28,2,0,2,30
02/27/2012,SPI,IL,AGL,CE,Combined TRACON& Tower with Radar,2,18,16,17,53,0,7,36,0,43,2,25,52,17,96,27,24,51,147
02/28/2012,SPI,IL,AGL,CE,Combined TRACON& Tower with Radar,0,19,31,37,87,0,4,23,0,27,0,23,54,37,114,40,25,65,179
02/29/2012,SPI,IL,AGL,CE,Combined TRACON& Tower with Radar,2,19,9,9,39,0,6,5,0,11,2,25,14,9,50,1,0,1,51
03/01/2012,SPI,IL,AGL,CE,Combined TRACON& Tower with Radar,0,24,17,28,69,0,7,37,8,52,0,31,54,36,121,47,24,71,192
03/02/2012,SPI,IL,AGL,CE,Combined TRACON& Tower with Radar,2,19,11,1,33,0,0,0,0,0,2,19,11,1,33,12,0,12,45
03/03/2012,SPI,IL,AGL,CE,Combined TRACON& Tower with Radar,2,13,11,1,27,0,0,8,0,8,2,13,19,1,35,1,0,1,36
03/04/2012,SPI,IL,AGL,CE,Combined TRACON& Tower with Radar,0,8,2,3,13,0,1,6,0,7,0,9,8,3,20,6,0,6,26
03/05/2012,SPI,IL,AGL,CE,Combined TRACON& Tower with Radar,2,17,17,11,47,0,12,21,2,35,2,29,38,13,82,28,46,74,156
03/06/2012,SPI,IL,AGL,CE,Combined TRACON& Tower with Radar,0,23,15,0,38,0,0,9,0,9,0,23,24,0,47,10,0,10,57
03/07/2012,SPI,IL,AGL,CE,Combined TRACON& Tower with Radar,2,20,16,17,55,0,3,5,2,10,2,23,21,19,65,10,1,11,76
03/08/2012,SPI,IL,AGL,CE,Combined TRACON& Tower with Radar,0,22,28,4,54,0,2,16,6,24,0,24,44,10,78,9,1,10,88
03/09/2012,SPI,IL,AGL,CE,Combined TRACON& Tower with Radar,2,18,23,0,43,0,14,36,1,51,2,32,59,1,94,43,1,44,138
03/10/2012,SPI,IL,AGL,CE,Combined TRACON& Tower with Radar,2,10,9,0,21,0,7,28,1,36,2,17,37,1,57,16,0,16,73
03/11/2012,SPI,IL,AGL,CE,Combined TRACON& Tower with Radar,0,10,20,0,30,0,1,22,1,24,0,11,42,1,54,21,0,21,75
03/12/2012,SPI,IL,AGL,CE,Combined TRACON& Tower with Radar,0,17,29,10,56,0,0,8,2,10,0,17,37,12,66,1,11,12,78
03/13/2012,SPI,IL,AGL,CE,Combined TRACON& Tower with Radar,0,19,19,4,42,0,9,33,0,42,0,28,52,4,84,58,0,58,142
03/14/2012,SPI,IL,AGL,CE,Combined TRACON& Tower with Radar,0,17,22,4,43,0,11,28,1,40,0,28,50,5,83,6,0,6,89
03/15/2012,SPI,IL,AGL,CE,Combined TRACON& Tower with Radar,0,21,18,14,53,0,12,25,5,42,0,33,43,19,95,15,14,29,124
03/16/2012,SPI,IL,AGL,CE,Combined TRACON& Tower with Radar,0,16,32,7,55,0,4,24,0,28,0,20,56,7,83,13,4,17,100
03/17/2012,SPI,IL,AGL,CE,Combined TRACON& Tower with Radar,2,14,2,0,18,0,0,11,0,11,2,14,13,0,29,27,0,27,56
03/18/2012,SPI,IL,AGL,CE,Combined TRACON& Tower with Radar,0,11,20,0,31,0,1,23,1,25,0,12,43,1,56,12,6,18,74
03/19/2012,SPI,IL,AGL,CE,Combined TRACON& Tower with Radar,0,15,14,22,51,0,4,6,1,11,0,19,20,23,62,1,27,28,90
03/20/2012,SPI,IL,AGL,CE,Combined TRACON& Tower with Radar,0,18,23,29,70,0,7,13,2,22,0,25,36,31,92,26,6,32,124
03/21/2012,SPI,IL,AGL,CE,Combined TRACON& Tower with Radar,2,25,19,16,62,0,5,12,6,23,2,30,31,22,85,2,8,10,95
03/22/2012,SPI,IL,AGL,CE,Combined TRACON& Tower with Radar,0,18,23,4,45,0,0,4,1,5,0,18,27,5,50,0,1,1,51
03/23/2012,SPI,IL,AGL,CE,Combined TRACON& Tower with Radar,0,22,11,0,33,0,0,4,0,4,0,22,15,0,37,3,0,3,40
03/24/2012,SPI,IL,AGL,CE,Combined TRACON& Tower with Radar,2,10,16,0,28,0,2,12,0,14,2,12,28,0,42,6,1,7,49
03/25/2012,SPI,IL,AGL,CE,Combined TRACON& Tower with Radar,0,12,19,0,31,0,4,26,0,30,0,16,45,0,61,0,0,0,61
03/26/2012,SPI,IL,AGL,CE,Combined TRACON& Tower with Radar,0,19,17,8,44,0,7,17,2,26,0,26,34,10,70,13,0,13,83
03/27/2012,SPI,IL,AGL,CE,Combined TRACON& Tower with Radar,0,21,18,28,67,0,2,9,5,16,0,23,27,33,83,24,20,44,127
03/28/2012,SPI,IL,AGL,CE,Combined TRACON& Tower with Radar,2,17,44,10,73,0,8,45,2,55,2,25,89,12,128,15,20,35,163
03/29/2012,SPI,IL,AGL,CE,Combined TRACON& Tower with Radar,0,20,20,5,45,0,1,10,6,17,0,21,30,11,62,13,0,13,75
03/30/2012,SPI,IL,AGL,CE,Combined TRACON& Tower with Radar,0,20,9,1,30,0,3,18,2,23,0,23,27,3,53,6,1,7,60
03/31/2012,SPI,IL,AGL,CE,Combined TRACON& Tower with Radar,2,9,17,4,32,0,2,23,0,25,2,11,40,4,57,26,3,29,86
04/01/2012,SPI,IL,AGL,CE,Combined TRACON& Tower with Radar,0,10,18,0,28,0,3,19,2,24,0,13,37,2,52,39,0,39,91
04/02/2012,SPI,IL,AGL,CE,Combined TRACON& Tower with Radar,0,19,19,2,40,0,8,23,0,31,0,27,42,2,71,28,5,33,104
04/03/2012,SPI,IL,AGL,CE,Combined TRACON& Tower with Radar,0,25,18,15,58,0,16,20,3,39,0,41,38,18,97,48,8,56,153
04/04/2012,SPI,IL,AGL,CE,Combined TRACON& Tower with Radar,2,11,11,1,25,0,6,12,13,31,2,17,23,14,56,16,1,17,73
04/05/2012,SPI,IL,AGL,CE,Combined TRACON& Tower with Radar,0,22,12,1,35,0,13,14,6,33,0,35,26,7,68,53,3,56,124
04/06/2012,SPI,IL,AGL,CE,Combined TRACON& Tower with Radar,0,21,29,13,63,0,14,46,0,60,0,35,75,13,123,51,0,51,174
04/07/2012,SPI,IL,AGL,CE,Combined TRACON& Tower with Radar,2,9,20,0,31,0,6,28,2,36,2,15,48,2,67,43,0,43,110
04/08/2012,SPI,IL,AGL,CE,Combined TRACON& Tower with Radar,0,7,8,0,15,0,4,13,2,19,0,11,21,2,34,3,3,6,40
04/09/2012,SPI,IL,AGL,CE,Combined TRACON& Tower with Radar,0,16,12,2,30,0,7,18,0,25,0,23,30,2,55,4,2,6,61
04/10/2012,SPI,IL,AGL,CE,Combined TRACON& Tower with Radar,0,17,12,10,39,0,7,17,3,27,0,24,29,13,66,22,13,35,101
04/11/2012,SPI,IL,AGL,CE,Combined TRACON& Tower with Radar,2,21,21,57,101,0,15,33,4,52,2,36,54,61,153,44,20,64,217
04/12/2012,SPI,IL,AGL,CE,Combined TRACON& Tower with Radar,0,15,22,21,58,0,11,35,6,52,0,26,57,27,110,76,6,82,192
04/13/2012,SPI,IL,AGL,CE,Combined TRACON& Tower with Radar,0,17,19,1,37,0,0,9,4,13,0,17,28,5,50,32,1,33,83
04/14/2012,SPI,IL,AGL,CE,Combined TRACON& Tower with Radar,2,8,7,5,22,0,0,1,0,1,2,8,8,5,23,21,0,21,44
04/15/2012,SPI,IL,AGL,CE,Combined TRACON& Tower with Radar,0,10,4,0,14,0,0,1,4,5,0,10,5,4,19,0,1,1,20
04/16/2012,SPI,IL,AGL,CE,Combined TRACON& Tower with Radar,0,17,10,2,29,0,4,1,0,5,0,21,11,2,34,1,0,1,35
04/17/2012,SPI,IL,AGL,CE,Combined TRACON& Tower with Radar,2,21,34,16,73,0,10,24,7,41,2,31,58,23,114,50,4,54,168
04/18/2012,SPI,IL,AGL,CE,Combined TRACON& Tower with Radar,2,18,38,19,77,0,12,32,2,46,2,30,70,21,123,0,14,14,137
04/19/2012,SPI,IL,AGL,CE,Combined TRACON& Tower with Radar,0,22,22,18,62,0,8,24,4,36,0,30,46,22,98,36,12,48,146
04/20/2012,SPI,IL,AGL,CE,Combined TRACON& Tower with Radar,0,19,11,9,39,0,0,1,0,1,0,19,12,9,40,12,0,12,52
04/21/2012,SPI,IL,AGL,CE,Combined TRACON& Tower with Radar,2,13,14,0,29,0,0,28,4,32,2,13,42,4,61,29,2,31,92
04/22/2012,SPI,IL,AGL,CE,Combined TRACON& Tower with Radar,0,12,12,0,24,0,13,12,16,41,0,25,24,16,65,20,1,21,86
04/23/2012,SPI,IL,AGL,CE,Combined TRACON& Tower with Radar,0,24,13,1,38,0,3,11,0,14,0,27,24,1,52,25,2,27,79
04/24/2012,SPI,IL,AGL,CE,Combined TRACON& Tower with Radar,0,18,20,17,55,0,8,8,2,18,0,26,28,19,73,11,14,25,98
04/25/2012,SPI,IL,AGL,CE,Combined TRACON& Tower with Radar,2,19,21,6,48,0,4,12,0,16,2,23,33,6,64,55,1,56,120
04/26/2012,SPI,IL,AGL,CE,Combined TRACON& Tower with Radar,0,23,31,8,62,0,8,27,1,36,0,31,58,9,98,104,2,106,204
04/27/2012,SPI,IL,AGL,CE,Combined TRACON& Tower with Radar,0,17,23,2,42,0,7,9,4,20,0,24,32,6,62,48,0,48,110
04/28/2012,SPI,IL,AGL,CE,Combined TRACON& Tower with Radar,2,10,5,0,17,0,1,31,2,34,2,11,36,2,51,30,1,31,82
04/29/2012,SPI,IL,AGL,CE,Combined TRACON& Tower with Radar,0,10,15,0,25,0,1,0,0,1,0,11,15,0,26,1,0,1,27
04/30/2012,SPI,IL,AGL,CE,Combined TRACON& Tower with Radar,0,24,25,2,51,0,6,0,1,7,0,30,25,3,58,15,1,16,74
05/01/2012,SPI,IL,AGL,CE,Combined TRACON& Tower with Radar,0,19,16,8,43,0,0,2,0,2,0,19,18,8,45,9,0,9,54
05/02/2012,SPI,IL,AGL,CE,Combined TRACON& Tower with Radar,0,28,30,26,84,0,10,14,0,24,0,38,44,26,108,16,12,28,136
05/03/2012,SPI,IL,AGL,CE,Combined TRACON& Tower with Radar,0,22,11,4,37,0,18,40,0,58,0,40,51,4,95,64,0,64,159
05/04/2012,SPI,IL,AGL,CE,Combined TRACON& Tower with Radar,0,17,11,2,30,0,0,11,1,12,0,17,22,3,42,8,0,8,50
05/05/2012,SPI,IL,AGL,CE,Combined TRACON& Tower with Radar,0,10,9,0,19,0,13,22,0,35,0,23,31,0,54,4,1,5,59
05/06/2012,SPI,IL,AGL,CE,Combined TRACON& Tower with Radar,2,8,12,0,22,0,1,17,0,18,2,9,29,0,40,42,0,42,82
05/07/2012,SPI,IL,AGL,CE,Combined TRACON& Tower with Radar,0,21,23,0,44,0,0,3,6,9,0,21,26,6,53,0,0,0,53
05/08/2012,SPI,IL,AGL,CE,Combined TRACON& Tower with Radar,0,19,6,2,27,0,13,29,2,44,0,32,35,4,71,26,0,26,97
05/09/2012,SPI,IL,AGL,CE,Combined TRACON& Tower with Radar,0,20,12,24,56,0,9,22,0,31,0,29,34,24,87,2,10,12,99
05/10/2012,SPI,IL,AGL,CE,Combined TRACON& Tower with Radar,0,20,35,20,75,0,9,49,6,64,0,29,84,26,139,78,21,99,238
05/11/2012,SPI,IL,AGL,CE,Combined TRACON& Tower with Radar,0,19,20,18,57,0,4,52,0,56,0,23,72,18,113,111,10,121,234
05/12/2012,SPI,IL,AGL,CE,Combined TRACON& Tower with Radar,0,9,11,15,35,0,7,23,0,30,0,16,34,15,65,16,28,44,109
05/13/2012,SPI,IL,AGL,CE,Combined TRACON& Tower with Radar,0,10,8,2,20,0,0,27,1,28,0,10,35,3,48,0,0,0,48
05/14/2012,SPI,IL,AGL,CE,Combined TRACON& Tower with Radar,0,19,8,16,43,0,6,25,0,31,0,25,33,16,74,29,14,43,117
05/15/2012,SPI,IL,AGL,CE,Combined TRACON& Tower with Radar,0,21,13,26,60,0,6,37,1,44,0,27,50,27,104,51,8,59,163
05/16/2012,SPI,IL,AGL,CE,Combined TRACON& Tower with Radar,0,17,9,14,40,0,7,44,0,51,0,24,53,14,91,33,14,47,138
05/17/2012,SPI,IL,AGL,CE,Combined TRACON& Tower with Radar,0,25,25,16,66,0,10,47,11,68,0,35,72,27,134,110,16,126,260
05/18/2012,SPI,IL,AGL,CE,Combined TRACON& Tower with Radar,0,17,21,3,41,1,7,32,2,42,1,24,53,5,83,52,2,54,137
05/19/2012,SPI,IL,AGL,CE,Combined TRACON& Tower with Radar,0,19,14,0,33,0,3,21,0,24,0,22,35,0,57,28,0,28,85
05/20/2012,SPI,IL,AGL,CE,Combined TRACON& Tower with Radar,0,15,4,0,19,0,0,28,1,29,0,15,32,1,48,38,0,38,86
05/21/2012,SPI,IL,AGL,CE,Combined TRACON& Tower with Radar,0,17,13,18,48,0,3,16,4,23,0,20,29,22,71,53,33,86,157
05/22/2012,SPI,IL,AGL,CE,Combined TRACON& Tower with Radar,2,21,26,11,60,0,5,28,1,34,2,26,54,12,94,36,0,36,130
05/23/2012,SPI,IL,AGL,CE,Combined TRACON& Tower with Radar,0,20,29,21,70,0,22,40,3,65,0,42,69,24,135,14,52,66,201
05/24/2012,SPI,IL,AGL,CE,Combined TRACON& Tower with Radar,0,18,15,7,40,0,3,16,2,21,0,21,31,9,61,19,7,26,87
05/25/2012,SPI,IL,AGL,CE,Combined TRACON& Tower with Radar,2,19,13,14,48,0,2,27,1,30,2,21,40,15,78,58,0,58,136
05/26/2012,SPI,IL,AGL,CE,Combined TRACON& Tower with Radar,0,13,7,0,20,0,2,17,0,19,0,15,24,0,39,26,0,26,65
05/27/2012,SPI,IL,AGL,CE,Combined TRACON& Tower with Radar,0,12,17,0,29,0,0,19,0,19,0,12,36,0,48,0,0,0,48
05/28/2012,SPI,IL,AGL,CE,Combined TRACON& Tower with Radar,0,15,15,0,30,0,0,10,1,11,0,15,25,1,41,16,1,17,58
05/29/2012,SPI,IL,AGL,CE,Combined TRACON& Tower with Radar,0,16,33,15,64,0,6,29,9,44,0,22,62,24,108,36,14,50,158
05/30/2012,SPI,IL,AGL,CE,Combined TRACON& Tower with Radar,0,26,21,14,61,0,4,55,0,59,0,30,76,14,120,25,26,51,171
05/31/2012,SPI,IL,AGL,CE,Combined TRACON& Tower with Radar,2,23,45,4,74,0,4,4,1,9,2,27,49,5,83,0,0,0,83
06/01/2012,SPI,IL,AGL,CE,Combined TRACON& Tower with Radar,0,22,16,31,69,0,2,15,6,23,0,24,31,37,92,69,15,84,176
06/02/2012,SPI,IL,AGL,CE,Combined TRACON& Tower with Radar,0,9,11,1,21,0,0,31,4,35,0,9,42,5,56,48,0,48,104
06/03/2012,SPI,IL,AGL,CE,Combined TRACON& Tower with Radar,2,12,17,4,35,0,2,37,5,44,2,14,54,9,79,52,2,54,133
06/04/2012,SPI,IL,AGL,CE,Combined TRACON& Tower with Radar,0,15,23,0,38,0,2,18,0,20,0,17,41,0,58,19,0,19,77
06/05/2012,SPI,IL,AGL,CE,Combined TRACON& Tower with Radar,0,17,25,5,47,0,14,38,2,54,0,31,63,7,101,38,7,45,146
06/06/2012,SPI,IL,AGL,CE,Combined TRACON& Tower with Radar,0,16,22,21,59,0,17,35,23,75,0,33,57,44,134,34,34,68,202
06/07/2012,SPI,IL,AGL,CE,Combined TRACON& Tower with Radar,2,14,20,8,44,0,5,23,1,29,2,19,43,9,73,36,2,38,111
06/08/2012,SPI,IL,AGL,CE,Combined TRACON& Tower with Radar,0,17,20,10,47,0,8,38,0,46,0,25,58,10,93,42,0,42,135
06/09/2012,SPI,IL,AGL,CE,Combined TRACON& Tower with Radar,0,8,16,0,24,0,2,21,2,25,0,10,37,2,49,58,3,61,110
06/10/2012,SPI,IL,AGL,CE,Combined TRACON& Tower with Radar,2,10,23,6,41,0,0,14,0,14,2,10,37,6,55,0,1,1,56
06/11/2012,SPI,IL,AGL,CE,Combined TRACON& Tower with Radar,0,18,19,0,37,0,3,8,0,11,0,21,27,0,48,35,0,35,83
06/12/2012,SPI,IL,AGL,CE,Combined TRACON& Tower with Radar,0,17,24,2,43,0,9,20,1,30,0,26,44,3,73,70,1,71,144
06/13/2012,SPI,IL,AGL,CE,Combined TRACON& Tower with Radar,0,13,19,2,34,0,4,37,1,42,0,17,56,3,76,44,0,44,120
06/14/2012,SPI,IL,AGL,CE,Combined TRACON& Tower with Radar,2,17,32,27,78,0,12,38,6,56,2,29,70,33,134,55,27,82,216
06/15/2012,SPI,IL,AGL,CE,Combined TRACON& Tower with Radar,0,18,25,5,48,1,10,22,1,34,1,28,47,6,82,35,1,36,118
06/16/2012,SPI,IL,AGL,CE,Combined TRACON& Tower with Radar,0,9,11,0,20,0,0,19,1,20,0,9,30,1,40,6,0,6,46
06/17/2012,SPI,IL,AGL,CE,Combined TRACON& Tower with Radar,2,10,20,0,32,0,0,23,1,24,2,10,43,1,56,12,3,15,71
06/18/2012,SPI,IL,AGL,CE,Combined TRACON& Tower with Radar,0,15,14,3,32,0,3,13,2,18,0,18,27,5,50,6,4,10,60
06/19/2012,SPI,IL,AGL,CE,Combined TRACON& Tower with Radar,3,20,23,1,47,0,0,25,2,27,3,20,48,3,74,12,2,14,88
06/20/2012,SPI,IL,AGL,CE,Combined TRACON& Tower with Radar,0,13,20,10,43,0,6,19,0,25,0,19,39,10,68,22,12,34,102
06/21/2012,SPI,IL,AGL,CE,Combined TRACON& Tower with Radar,0,16,19,11,46,0,8,32,3,43,0,24,51,14,89,74,12,86,175
06/22/2012,SPI,IL,AGL,CE,Combined TRACON& Tower with Radar,2,14,14,12,42,0,11,59,3,73,2,25,73,15,115,34,21,55,170
06/23/2012,SPI,IL,AGL,CE,Combined TRACON& Tower with Radar,0,7,12,6,25,0,2,34,4,40,0,9,46,10,65,18,0,18,83
06/24/2012,SPI,IL,AGL,CE,Combined TRACON& Tower with Radar,2,12,19,0,33,0,0,22,0,22,2,12,41,0,55,49,2,51,106
06/25/2012,SPI,IL,AGL,CE,Combined TRACON& Tower with Radar,0,14,16,12,42,0,7,19,1,27,0,21,35,13,69,20,16,36,105
06/26/2012,SPI,IL,AGL,CE,Combined TRACON& Tower with Radar,0,16,28,0,44,0,6,27,1,34,0,22,55,1,78,63,1,64,142
06/27/2012,SPI,IL,AGL,CE,Combined TRACON& Tower with Radar,0,17,30,24,71,0,4,23,2,29,0,21,53,26,100,34,21,55,155
06/28/2012,SPI,IL,AGL,CE,Combined TRACON& Tower with Radar,2,22,27,8,59,0,6,25,5,36,2,28,52,13,95,2,8,10,105
06/29/2012,SPI,IL,AGL,CE,Combined TRACON& Tower with Radar,0,15,12,12,39,0,3,27,4,34,0,18,39,16,73,35,26,61,134
06/30/2012,SPI,IL,AGL,CE,Combined TRACON& Tower with Radar,0,8,11,0,19,0,0,20,2,22,0,8,31,2,41,26,4,30,71
07/01/2012,SPI,IL,AGL,CE,Combined TRACON& Tower with Radar,2,11,14,0,27,0,0,11,0,11,2,11,25,0,38,15,0,15,53
07/02/2012,SPI,IL,AGL,CE,Combined TRACON& Tower with Radar,0,15,15,0,30,0,7,16,1,24,0,22,31,1,54,37,10,47,101
07/03/2012,SPI,IL,AGL,CE,Combined TRACON& Tower with Radar,0,17,24,0,41,0,5,31,4,40,0,22,55,4,81,12,0,12,93
07/04/2012,SPI,IL,AGL,CE,Combined TRACON& Tower with Radar,0,9,2,0,11,0,1,13,0,14,0,10,15,0,25,18,0,18,43
07/05/2012,SPI,IL,AGL,CE,Combined TRACON& Tower with Radar,2,19,13,0,34,0,5,21,1,27,2,24,34,1,61,29,0,29,90
07/06/2012,SPI,IL,AGL,CE,Combined TRACON& Tower with Radar,0,15,10,0,25,0,3,14,0,17,0,18,24,0,42,9,0,9,51
07/07/2012,SPI,IL,AGL,CE,Combined TRACON& Tower with Radar,0,10,13,2,25,0,1,12,0,13,0,11,25,2,38,10,0,10,48
07/08/2012,SPI,IL,AGL,CE,Combined TRACON& Tower with Radar,2,11,15,0,28,0,0,16,1,17,2,11,31,1,45,12,0,12,57
07/09/2012,SPI,IL,AGL,CE,Combined TRACON& Tower with Radar,0,17,10,2,29,0,6,29,0,35,0,23,39,2,64,25,8,33,97
07/10/2012,SPI,IL,AGL,CE,Combined TRACON& Tower with Radar,0,22,11,11,44,0,3,24,3,30,0,25,35,14,74,36,6,42,116
07/11/2012,SPI,IL,AGL,CE,Combined TRACON& Tower with Radar,0,17,27,4,48,0,8,30,0,38,0,25,57,4,86,20,2,22,108
07/12/2012,SPI,IL,AGL,CE,Combined TRACON& Tower with Radar,2,18,22,2,44,0,7,47,1,55,2,25,69,3,99,27,0,27,126
07/13/2012,SPI,IL,AGL,CE,Combined TRACON& Tower with Radar,0,17,10,11,38,0,4,20,4,28,0,21,30,15,66,60,4,64,130
07/14/2012,SPI,IL,AGL,CE,Combined TRACON& Tower with Radar,0,11,14,4,29,0,0,29,0,29,0,11,43,4,58,53,8,61,119
07/15/2012,SPI,IL,AGL,CE,Combined TRACON& Tower with Radar,2,8,10,5,25,0,1,36,1,38,2,9,46,6,63,34,0,34,97
07/16/2012,SPI,IL,AGL,CE,Combined TRACON& Tower with Radar,0,19,22,3,44,0,4,39,0,43,0,23,61,3,87,43,3,46,133
07/17/2012,SPI,IL,AGL,CE,Combined TRACON& Tower with Radar,0,21,19,0,40,0,4,22,0,26,0,25,41,0,66,44,0,44,110
07/18/2012,SPI,IL,AGL,CE,Combined TRACON& Tower with Radar,0,20,19,12,51,0,3,24,1,28,0,23,43,13,79,44,1,45,124
07/19/2012,SPI,IL,AGL,CE,Combined TRACON& Tower with Radar,2,16,17,2,37,0,9,27,1,37,2,25,44,3,74,63,10,73,147
07/20/2012,SPI,IL,AGL,CE,Combined TRACON& Tower with Radar,0,17,28,6,51,0,2,15,0,17,0,19,43,6,68,49,0,49,117
07/21/2012,SPI,IL,AGL,CE,Combined TRACON& Tower with Radar,0,9,10,1,20,0,2,27,2,31,0,11,37,3,51,92,10,102,153
07/22/2012,SPI,IL,AGL,CE,Combined TRACON& Tower with Radar,2,10,23,4,39,0,2,17,4,23,2,12,40,8,62,12,4,16,78
07/23/2012,SPI,IL,AGL,CE,Combined TRACON& Tower with Radar,0,16,23,0,39,0,3,21,2,26,0,19,44,2,65,11,0,11,76
07/24/2012,SPI,IL,AGL,CE,Combined TRACON& Tower with Radar,0,27,26,0,53,0,8,32,2,42,0,35,58,2,95,15,0,15,110
07/25/2012,SPI,IL,AGL,CE,Combined TRACON& Tower with Radar,0,15,18,20,53,0,5,35,3,43,0,20,53,23,96,47,5,52,148
07/26/2012,SPI,IL,AGL,CE,Combined TRACON& Tower with Radar,2,17,22,10,51,0,0,17,2,19,2,17,39,12,70,81,0,81,151
07/27/2012,SPI,IL,AGL,CE,Combined TRACON& Tower with Radar,0,18,12,4,34,0,5,44,4,53,0,23,56,8,87,42,1,43,130
07/28/2012,SPI,IL,AGL,CE,Combined TRACON& Tower with Radar,0,9,15,2,26,0,0,28,1,29,0,9,43,3,55,37,1,38,93
07/29/2012,SPI,IL,AGL,CE,Combined TRACON& Tower with Radar,0,10,8,0,18,0,17,27,0,44,0,27,35,0,62,35,0,35,97
07/30/2012,SPI,IL,AGL,CE,Combined TRACON& Tower with Radar,2,17,21,29,69,0,25,26,7,58,2,42,47,36,127,57,21,78,205
07/31/2012,SPI,IL,AGL,CE,Combined TRACON& Tower with Radar,0,19,16,25,60,0,22,24,1,47,0,41,40,26,107,49,12,61,168
08/01/2012,SPI,IL,AGL,CE,Combined TRACON& Tower with Radar,2,21,20,7,50,0,27,30,1,58,2,48,50,8,108,98,10,108,216
08/02/2012,SPI,IL,AGL,CE,Combined TRACON& Tower with Radar,3,23,36,16,78,0,12,29,12,53,3,35,65,28,131,79,37,116,247
08/03/2012,SPI,IL,AGL,CE,Combined TRACON& Tower with Radar,0,15,21,6,42,0,15,21,1,37,0,30,42,7,79,75,12,87,166
08/04/2012,SPI,IL,AGL,CE,Combined TRACON& Tower with Radar,1,11,18,0,30,0,0,11,3,14,1,11,29,3,44,44,0,44,88
08/05/2012,SPI,IL,AGL,CE,Combined TRACON& Tower with Radar,2,15,22,2,41,0,0,25,0,25,2,15,47,2,66,11,0,11,77
08/06/2012,SPI,IL,AGL,CE,Combined TRACON& Tower with Radar,2,15,18,0,35,0,6,36,2,44,2,21,54,2,79,38,0,38,117
08/07/2012,SPI,IL,AGL,CE,Combined TRACON& Tower with Radar,0,16,18,0,34,0,7,33,0,40,0,23,51,0,74,60,0,60,134
08/08/2012,SPI,IL,AGL,CE,Combined TRACON& Tower with Radar,0,16,19,0,35,0,9,35,0,44,0,25,54,0,79,25,1,26,105
08/09/2012,SPI,IL,AGL,CE,Combined TRACON& Tower with Radar,4,17,15,42,78,0,17,33,4,54,4,34,48,46,132,89,41,130,262
08/10/2012,SPI,IL,AGL,CE,Combined TRACON& Tower with Radar,0,23,18,6,47,0,2,5,0,7,0,25,23,6,54,6,0,6,60
08/11/2012,SPI,IL,AGL,CE,Combined TRACON& Tower with Radar,0,10,8,0,18,0,9,28,4,41,0,19,36,4,59,8,0,8,67
08/12/2012,SPI,IL,AGL,CE,Combined TRACON& Tower with Radar,0,4,0,0,4,0,0,3,0,3,0,4,3,0,7,92,0,92,99
08/13/2012,SPI,IL,AGL,CE,Combined TRACON& Tower with Radar,0,11,7,2,20,0,0,1,0,1,0,11,8,2,21,40,1,41,62
08/14/2012,SPI,IL,AGL,CE,Combined TRACON& Tower with Radar,0,22,19,0,41,0,12,33,0,45,0,34,52,0,86,42,0,42,128
08/15/2012,SPI,IL,AGL,CE,Combined TRACON& Tower with Radar,0,21,30,7,58,0,14,19,0,33,0,35,49,7,91,43,6,49,140
08/16/2012,SPI,IL,AGL,CE,Combined TRACON& Tower with Radar,2,19,15,0,36,0,2,2,0,4,2,21,17,0,40,1,2,3,43
08/17/2012,SPI,IL,AGL,CE,Combined TRACON& Tower with Radar,0,25,24,23,72,0,3,27,3,33,0,28,51,26,105,81,4,85,190
08/18/2012,SPI,IL,AGL,CE,Combined TRACON& Tower with Radar,0,7,10,0,17,0,1,32,0,33,0,8,42,0,50,74,4,78,128
08/19/2012,SPI,IL,AGL,CE,Combined TRACON& Tower with Radar,2,14,9,0,25,0,0,21,0,21,2,14,30,0,46,84,26,110,156
08/20/2012,SPI,IL,AGL,CE,Combined TRACON& Tower with Radar,0,14,11,70,95,0,10,16,1,27,0,24,27,71,122,66,52,118,240
08/21/2012,SPI,IL,AGL,CE,Combined TRACON& Tower with Radar,0,16,19,21,56,0,12,20,0,32,0,28,39,21,88,16,11,27,115
08/22/2012,SPI,IL,AGL,CE,Combined TRACON& Tower with Radar,0,17,19,18,54,0,10,18,5,33,0,27,37,23,87,10,10,20,107
08/23/2012,SPI,IL,AGL,CE,Combined TRACON& Tower with Radar,2,17,24,0,43,0,12,23,5,40,2,29,47,5,83,24,0,24,107
08/24/2012,SPI,IL,AGL,CE,Combined TRACON& Tower with Radar,0,17,25,11,53,0,24,28,0,52,0,41,53,11,105,38,22,60,165
08/25/2012,SPI,IL,AGL,CE,Combined TRACON& Tower with Radar,0,10,10,0,20,0,1,22,2,25,0,11,32,2,45,42,3,45,90
08/26/2012,SPI,IL,AGL,CE,Combined TRACON& Tower with Radar,2,11,15,0,28,0,0,6,0,6,2,11,21,0,34,0,0,0,34
08/27/2012,SPI,IL,AGL,CE,Combined TRACON& Tower with Radar,0,15,18,16,49,0,2,6,0,8,0,17,24,16,57,30,8,38,95
08/28/2012,SPI,IL,AGL,CE,Combined TRACON& Tower with Radar,0,24,27,8,59,0,8,31,3,42,0,32,58,11,101,74,4,78,179
08/29/2012,SPI,IL,AGL,CE,Combined TRACON& Tower with Radar,0,20,42,2,64,0,10,33,0,43,0,30,75,2,107,26,4,30,137
08/30/2012,SPI,IL,AGL,CE,Combined TRACON& Tower with Radar,0,19,16,3,38,0,12,33,1,46,0,31,49,4,84,40,8,48,132
08/31/2012,SPI,IL,AGL,CE,Combined TRACON& Tower with Radar,0,17,18,0,35,0,2,14,2,18,0,19,32,2,53,45,0,45,98
09/01/2012,SPI,IL,AGL,CE,Combined TRACON& Tower with Radar,0,11,5,0,16,0,1,0,1,2,0,12,5,1,18,1,1,2,20
09/02/2012,SPI,IL,AGL,CE,Combined TRACON& Tower with Radar,0,8,5,0,13,0,0,0,0,0,0,8,5,0,13,0,0,0,13
09/03/2012,SPI,IL,AGL,CE,Combined TRACON& Tower with Radar,0,12,19,0,31,0,0,20,0,20,0,12,39,0,51,37,3,40,91
09/04/2012,SPI,IL,AGL,CE,Combined TRACON& Tower with Radar,2,22,13,18,55,0,1,24,3,28,2,23,37,21,83,22,10,32,115
09/05/2012,SPI,IL,AGL,CE,Combined TRACON& Tower with Radar,0,22,23,2,47,0,3,10,0,13,0,25,33,2,60,34,11,45,105
09/06/2012,SPI,IL,AGL,CE,Combined TRACON& Tower with Radar,0,19,16,41,76,0,4,45,5,54,0,23,61,46,130,38,14,52,182
09/07/2012,SPI,IL,AGL,CE,Combined TRACON& Tower with Radar,0,13,13,5,31,0,2,3,3,8,0,15,16,8,39,32,0,32,71
09/08/2012,SPI,IL,AGL,CE,Combined TRACON& Tower with Radar,0,13,19,1,33,0,1,23,5,29,0,14,42,6,62,18,1,19,81
09/09/2012,SPI,IL,AGL,CE,Combined TRACON& Tower with Radar,0,11,17,0,28,0,3,28,3,34,0,14,45,3,62,22,2,24,86
09/10/2012,SPI,IL,AGL,CE,Combined TRACON& Tower with Radar,0,15,15,23,53,0,6,36,0,42,0,21,51,23,95,10,18,28,123
09/11/2012,SPI,IL,AGL,CE,Combined TRACON& Tower with Radar,0,23,16,45,84,0,8,26,0,34,0,31,42,45,118,42,28,70,188
09/12/2012,SPI,IL,AGL,CE,Combined TRACON& Tower with Radar,0,15,15,34,64,0,13,23,1,37,0,28,38,35,101,30,18,48,149
09/13/2012,SPI,IL,AGL,CE,Combined TRACON& Tower with Radar,0,18,26,4,48,0,9,18,0,27,0,27,44,4,75,34,7,41,116
09/14/2012,SPI,IL,AGL,CE,Combined TRACON& Tower with Radar,0,19,24,3,46,0,7,31,2,40,0,26,55,5,86,56,4,60,146
09/15/2012,SPI,IL,AGL,CE,Combined TRACON& Tower with Radar,0,11,13,0,24,0,2,28,0,30,0,13,41,0,54,54,7,61,115
09/16/2012,SPI,IL,AGL,CE,Combined TRACON& Tower with Radar,0,16,19,0,35,0,2,46,1,49,0,18,65,1,84,13,3,16,100
09/17/2012,SPI,IL,AGL,CE,Combined TRACON& Tower with Radar,0,17,16,0,33,0,4,2,1,7,0,21,18,1,40,0,0,0,40
09/18/2012,SPI,IL,AGL,CE,Combined TRACON& Tower with Radar,0,17,23,9,49,0,14,14,2,30,0,31,37,11,79,24,13,37,116
09/19/2012,SPI,IL,AGL,CE,Combined TRACON& Tower with Radar,0,17,11,4,32,0,19,17,4,40,0,36,28,8,72,31,15,46,118
09/20/2012,SPI,IL,AGL,CE,Combined TRACON& Tower with Radar,2,17,17,46,82,0,11,33,1,45,2,28,50,47,127,29,31,60,187
09/21/2012,SPI,IL,AGL,CE,Combined TRACON& Tower with Radar,0,18,17,0,35,1,1,11,3,16,1,19,28,3,51,17,0,17,68
09/22/2012,SPI,IL,AGL,CE,Combined TRACON& Tower with Radar,0,11,18,0,29,0,0,24,0,24,0,11,42,0,53,16,0,16,69
09/23/2012,SPI,IL,AGL,CE,Combined TRACON& Tower with Radar,0,10,18,1,29,0,1,20,0,21,0,11,38,1,50,12,0,12,62
09/24/2012,SPI,IL,AGL,CE,Combined TRACON& Tower with Radar,0,17,13,20,50,0,2,35,3,40,0,19,48,23,90,10,12,22,112
09/25/2012,SPI,IL,AGL,CE,Combined TRACON& Tower with Radar,0,17,18,0,35,0,5,4,0,9,0,22,22,0,44,37,0,37,81
09/26/2012,SPI,IL,AGL,CE,Combined TRACON& Tower with Radar,0,16,29,0,45,0,2,12,0,14,0,18,41,0,59,10,0,10,69
09/27/2012,SPI,IL,AGL,CE,Combined TRACON& Tower with Radar,0,22,16,50,88,0,5,24,1,30,0,27,40,51,118,43,60,103,221
09/28/2012,SPI,IL,AGL,CE,Combined TRACON& Tower with Radar,0,18,15,18,51,0,10,39,0,49,0,28,54,18,100,45,10,55,155
09/29/2012,SPI,IL,AGL,CE,Combined TRACON& Tower with Radar,0,11,15,0,26,0,0,28,2,30,0,11,43,2,56,57,0,57,113
09/30/2012,SPI,IL,AGL,CE,Combined TRACON& Tower with Radar,0,10,11,0,21,0,0,30,3,33,0,10,41,3,54,8,0,8,62
10/01/2012,SPI,IL,AGL,CE,Combined TRACON& Tower with Radar,0,15,16,19,50,0,1,20,1,22,0,16,36,20,72,34,18,52,124
10/02/2012,SPI,IL,AGL,CE,Combined TRACON& Tower with Radar,0,18,18,6,42,0,6,20,4,30,0,24,38,10,72,64,17,81,153
10/03/2012,SPI,IL,AGL,CE,Combined TRACON& Tower with Radar,0,12,12,0,24,0,6,20,0,26,0,18,32,0,50,9,2,11,61
10/04/2012,SPI,IL,AGL,CE,Combined TRACON& Tower with Radar,0,14,24,25,63,0,5,26,2,33,0,19,50,27,96,15,21,36,132
10/05/2012,SPI,IL,AGL,CE,Combined TRACON& Tower with Radar,0,12,10,3,25,0,0,7,0,7,0,12,17,3,32,4,0,4,36
10/06/2012,SPI,IL,AGL,CE,Combined TRACON& Tower with Radar,0,11,8,4,23,0,0,20,2,22,0,11,28,6,45,48,0,48,93
10/07/2012,SPI,IL,AGL,CE,Combined TRACON& Tower with Radar,0,11,8,0,19,0,0,32,0,32,0,11,40,0,51,5,0,5,56
10/08/2012,SPI,IL,AGL,CE,Combined TRACON& Tower with Radar,0,13,10,0,23,0,0,18,0,18,0,13,28,0,41,24,2,26,67
10/09/2012,SPI,IL,AGL,CE,Combined TRACON& Tower with Radar,0,13,15,0,28,0,8,31,0,39,0,21,46,0,67,28,0,28,95
10/10/2012,SPI,IL,AGL,CE,Combined TRACON& Tower with Radar,0,16,9,4,29,0,6,24,0,30,0,22,33,4,59,46,0,46,105
10/11/2012,SPI,IL,AGL,CE,Combined TRACON& Tower with Radar,0,17,13,2,32,0,8,27,5,40,0,25,40,7,72,20,2,22,94
10/12/2012,SPI,IL,AGL,CE,Combined TRACON& Tower with Radar,0,13,9,12,34,0,5,17,1,23,0,18,26,13,57,22,3,25,82
10/13/2012,SPI,IL,AGL,CE,Combined TRACON& Tower with Radar,0,10,11,0,21,0,0,4,0,4,0,10,15,0,25,4,0,4,29
10/14/2012,SPI,IL,AGL,CE,Combined TRACON& Tower with Radar,0,8,14,0,22,0,0,3,0,3,0,8,17,0,25,4,0,4,29
10/15/2012,SPI,IL,AGL,CE,Combined TRACON& Tower with Radar,2,15,24,4,45,0,0,34,0,34,2,15,58,4,79,66,1,67,146
10/16/2012,SPI,IL,AGL,CE,Combined TRACON& Tower with Radar,2,12,17,17,48,0,2,26,3,31,2,14,43,20,79,13,6,19,98
10/17/2012,SPI,IL,AGL,CE,Combined TRACON& Tower with Radar,0,14,17,0,31,0,2,2,0,4,0,16,19,0,35,0,1,1,36
10/18/2012,SPI,IL,AGL,CE,Combined TRACON& Tower with Radar,0,18,20,2,40,0,9,13,0,22,0,27,33,2,62,4,2,6,68
10/19/2012,SPI,IL,AGL,CE,Combined TRACON& Tower with Radar,0,15,25,1,41,0,0,3,1,4,0,15,28,2,45,12,0,12,57
10/20/2012,SPI,IL,AGL,CE,Combined TRACON& Tower with Radar,0,10,20,1,31,0,0,17,1,18,0,10,37,2,49,0,2,2,51
10/21/2012,SPI,IL,AGL,CE,Combined TRACON& Tower with Radar,0,8,10,9,27,0,2,49,1,52,0,10,59,10,79,8,6,14,93
10/22/2012,SPI,IL,AGL,CE,Combined TRACON& Tower with Radar,0,18,10,3,31,0,4,6,4,14,0,22,16,7,45,12,3,15,60
10/23/2012,SPI,IL,AGL,CE,Combined TRACON& Tower with Radar,0,18,13,10,41,0,0,15,0,15,0,18,28,10,56,6,4,10,66
10/24/2012,SPI,IL,AGL,CE,Combined TRACON& Tower with Radar,0,15,28,1,44,0,20,31,3,54,0,35,59,4,98,11,0,11,109
10/25/2012,SPI,IL,AGL,CE,Combined TRACON& Tower with Radar,0,18,16,1,35,0,5,12,9,26,0,23,28,10,61,4,9,13,74
10/26/2012,SPI,IL,AGL,CE,Combined TRACON& Tower with Radar,0,18,9,0,27,0,9,15,0,24,0,27,24,0,51,28,1,29,80
10/27/2012,SPI,IL,AGL,CE,Combined TRACON& Tower with Radar,2,16,11,0,29,0,1,16,1,18,2,17,27,1,47,84,2,86,133
10/28/2012,SPI,IL,AGL,CE,Combined TRACON& Tower with Radar,0,8,6,1,15,0,0,20,0,20,0,8,26,1,35,0,0,0,35
10/29/2012,SPI,IL,AGL,CE,Combined TRACON& Tower with Radar,0,12,21,12,45,0,5,33,0,38,0,17,54,12,83,24,0,24,107
10/30/2012,SPI,IL,AGL,CE,Combined TRACON& Tower with Radar,2,14,14,3,33,0,5,15,5,25,2,19,29,8,58,0,8,8,66
10/31/2012,SPI,IL,AGL,CE,Combined TRACON& Tower with Radar,0,15,23,3,41,0,6,21,4,31,0,21,44,7,72,28,0,28,100
11/01/2012,SPI,IL,AGL,CE,Combined TRACON& Tower with Radar,0,20,11,2,33,0,12,31,4,47,0,32,42,6,80,33,25,58,138
11/02/2012,SPI,IL,AGL,CE,Combined TRACON& Tower with Radar,0,17,20,6,43,0,14,42,1,57,0,31,62,7,100,56,0,56,156
11/03/2012,SPI,IL,AGL,CE,Combined TRACON& Tower with Radar,0,10,20,0,30,0,2,15,0,17,0,12,35,0,47,10,1,11,58
11/04/2012,SPI,IL,AGL,CE,Combined TRACON& Tower with Radar,0,9,16,1,26,0,4,6,1,11,0,13,22,2,37,64,0,64,101
11/05/2012,SPI,IL,AGL,CE,Combined TRACON& Tower with Radar,0,15,25,12,52,0,6,7,2,15,0,21,32,14,67,20,15,35,102
11/06/2012,SPI,IL,AGL,CE,Combined TRACON& Tower with Radar,2,12,17,4,35,0,1,6,2,9,2,13,23,6,44,0,16,16,60
11/07/2012,SPI,IL,AGL,CE,Combined TRACON& Tower with Radar,0,13,18,32,63,0,3,4,2,9,0,16,22,34,72,4,23,27,99
11/08/2012,SPI,IL,AGL,CE,Combined TRACON& Tower with Radar,0,21,17,24,62,0,10,35,1,46,0,31,52,25,108,20,42,62,170
11/09/2012,SPI,IL,AGL,CE,Combined TRACON& Tower with Radar,0,17,16,4,37,0,7,39,0,46,0,24,55,4,83,14,0,14,97
11/10/2012,SPI,IL,AGL,CE,Combined TRACON& Tower with Radar,4,10,12,0,26,0,0,30,1,31,4,10,42,1,57,25,0,25,82
11/11/2012,SPI,IL,AGL,CE,Combined TRACON& Tower with Radar,0,9,2,0,11,0,2,0,0,2,0,11,2,0,13,21,1,22,35
11/12/2012,SPI,IL,AGL,CE,Combined TRACON& Tower with Radar,0,12,19,2,33,0,0,9,0,9,0,12,28,2,42,1,1,2,44
11/13/2012,SPI,IL,AGL,CE,Combined TRACON& Tower with Radar,0,18,21,4,43,0,15,46,0,61,0,33,67,4,104,30,1,31,135
11/14/2012,SPI,IL,AGL,CE,Combined TRACON& Tower with Radar,4,16,18,27,65,0,11,46,4,61,4,27,64,31,126,14,36,50,176
11/15/2012,SPI,IL,AGL,CE,Combined TRACON& Tower with Radar,0,21,23,2,46,0,4,29,2,35,0,25,52,4,81,3,1,4,85
11/16/2012,SPI,IL,AGL,CE,Combined TRACON& Tower with Radar,0,17,24,51,92,0,4,24,0,28,0,21,48,51,120,11,44,55,175
11/17/2012,SPI,IL,AGL,CE,Combined TRACON& Tower with Radar,2,8,16,0,26,0,4,39,0,43,2,12,55,0,69,40,2,42,111
11/18/2012,SPI,IL,AGL,CE,Combined TRACON& Tower with Radar,0,11,11,0,22,0,0,38,0,38,0,11,49,0,60,23,0,23,83
11/19/2012,SPI,IL,AGL,CE,Combined TRACON& Tower with Radar,0,17,18,18,53,0,5,13,1,19,0,22,31,19,72,58,14,72,144
11/20/2012,SPI,IL,AGL,CE,Combined TRACON& Tower with Radar,0,17,30,6,53,0,10,28,0,38,0,27,58,6,91,26,10,36,127
11/21/2012,SPI,IL,AGL,CE,Combined TRACON& Tower with Radar,0,14,19,0,33,0,0,10,0,10,0,14,29,0,43,0,0,0,43
11/22/2012,SPI,IL,AGL,CE,Combined TRACON& Tower with Radar,2,4,6,0,12,0,0,11,0,11,2,4,17,0,23,0,0,0,23
11/23/2012,SPI,IL,AGL,CE,Combined TRACON& Tower with Radar,0,5,4,0,9,0,0,3,1,4,0,5,7,1,13,0,2,2,15
11/24/2012,SPI,IL,AGL,CE,Combined TRACON& Tower with Radar,0,7,10,0,17,0,5,13,0,18,0,12,23,0,35,0,2,2,37
11/25/2012,SPI,IL,AGL,CE,Combined TRACON& Tower with Radar,0,10,14,0,24,0,1,26,1,28,0,11,40,1,52,38,3,41,93
11/26/2012,SPI,IL,AGL,CE,Combined TRACON& Tower with Radar,2,14,6,17,39,0,11,20,0,31,2,25,26,17,70,24,26,50,120
11/27/2012,SPI,IL,AGL,CE,Combined TRACON& Tower with Radar,0,19,15,0,34,0,10,25,2,37,0,29,40,2,71,22,3,25,96
11/28/2012,SPI,IL,AGL,CE,Combined TRACON& Tower with Radar,2,18,30,20,70,0,8,31,2,41,2,26,61,22,111,29,28,57,168
11/29/2012,SPI,IL,AGL,CE,Combined TRACON& Tower with Radar,0,24,19,6,49,0,9,23,3,35,0,33,42,9,84,38,1,39,123
11/30/2012,SPI,IL,AGL,CE,Combined TRACON& Tower with Radar,0,16,15,2,33,0,0,16,2,18,0,16,31,4,51,46,9,55,106
12/01/2012,SPI,IL,AGL,CE,Combined TRACON& Tower with Radar,2,8,15,1,26,0,0,16,5,21,2,8,31,6,47,0,0,0,47
12/02/2012,SPI,IL,AGL,CE,Combined TRACON& Tower with Radar,0,11,20,6,37,0,0,5,0,5,0,11,25,6,42,86,8,94,136
12/03/2012,SPI,IL,AGL,CE,Combined TRACON& Tower with Radar,0,21,16,3,40,0,0,10,0,10,0,21,26,3,50,14,0,14,64
12/04/2012,SPI,IL,AGL,CE,Combined TRACON& Tower with Radar,2,16,12,8,38,0,6,15,0,21,2,22,27,8,59,39,19,58,117
12/05/2012,SPI,IL,AGL,CE,Combined TRACON& Tower with Radar,2,23,14,0,39,0,14,33,6,53,2,37,47,6,92,64,5,69,161
12/06/2012,SPI,IL,AGL,CE,Combined TRACON& Tower with Radar,0,18,22,2,42,0,6,32,0,38,0,24,54,2,80,76,2,78,158
12/07/2012,SPI,IL,AGL,CE,Combined TRACON& Tower with Radar,2,15,24,7,48,0,0,0,0,0,2,15,24,7,48,0,0,0,48
12/08/2012,SPI,IL,AGL,CE,Combined TRACON& Tower with Radar,2,11,21,0,34,0,0,0,0,0,2,11,21,0,34,50,1,51,85
12/09/2012,SPI,IL,AGL,CE,Combined TRACON& Tower with Radar,0,10,3,3,16,0,0,1,0,1,0,10,4,3,17,0,0,0,17
12/10/2012,SPI,IL,AGL,CE,Combined TRACON& Tower with Radar,0,19,18,2,39,0,0,7,1,8,0,19,25,3,47,82,1,83,130
12/11/2012,SPI,IL,AGL,CE,Combined TRACON& Tower with Radar,0,14,14,19,47,0,4,33,14,51,0,18,47,33,98,40,0,40,138
12/12/2012,SPI,IL,AGL,CE,Combined TRACON& Tower with Radar,2,16,23,19,60,0,4,30,2,36,2,20,53,21,96,1,30,31,127
12/13/2012,SPI,IL,AGL,CE,Combined TRACON& Tower with Radar,0,15,21,3,39,0,4,17,3,24,0,19,38,6,63,8,1,9,72
12/14/2012,SPI,IL,AGL,CE,Combined TRACON& Tower with Radar,0,14,23,2,39,0,9,34,3,46,0,23,57,5,85,39,0,39,124
12/15/2012,SPI,IL,AGL,CE,Combined TRACON& Tower with Radar,2,10,6,6,24,0,0,2,0,2,2,10,8,6,26,0,0,0,26
12/16/2012,SPI,IL,AGL,CE,Combined TRACON& Tower with Radar,0,10,21,2,33,0,0,3,0,3,0,10,24,2,36,82,0,82,118
12/17/2012,SPI,IL,AGL,CE,Combined TRACON& Tower with Radar,0,14,14,6,34,0,0,0,0,0,0,14,14,6,34,0,0,0,34
12/18/2012,SPI,IL,AGL,CE,Combined TRACON& Tower with Radar,0,16,20,19,55,0,4,13,1,18,0,20,33,20,73,59,0,59,132
12/19/2012,SPI,IL,AGL,CE,Combined TRACON& Tower with Radar,2,14,9,6,31,0,0,6,0,6,2,14,15,6,37,33,0,33,70
12/20/2012,SPI,IL,AGL,CE,Combined TRACON& Tower with Radar,0,11,11,0,22,0,0,1,0,1,0,11,12,0,23,0,0,0,23
12/21/2012,SPI,IL,AGL,CE,Combined TRACON& Tower with Radar,0,15,15,6,36,0,0,5,0,5,0,15,20,6,41,0,9,9,50
12/22/2012,SPI,IL,AGL,CE,Combined TRACON& Tower with Radar,2,9,16,1,28,0,0,25,4,29,2,9,41,5,57,1,0,1,58
12/23/2012,SPI,IL,AGL,CE,Combined TRACON& Tower with Radar,0,9,6,0,15,0,0,13,0,13,0,9,19,0,28,16,2,18,46
12/24/2012,SPI,IL,AGL,CE,Combined TRACON& Tower with Radar,0,6,2,0,8,0,0,0,0,0,0,6,2,0,8,0,0,0,8
12/25/2012,SPI,IL,AGL,CE,Combined TRACON& Tower with Radar,2,4,2,0,8,0,0,2,1,3,2,4,4,1,11,0,0,0,11
12/26/2012,SPI,IL,AGL,CE,Combined TRACON& Tower with Radar,0,13,5,0,18,0,1,2,0,3,0,14,7,0,21,0,2,2,23
12/27/2012,SPI,IL,AGL,CE,Combined TRACON& Tower with Radar,0,14,15,1,30,0,0,16,1,17,0,14,31,2,47,4,2,6,53
12/28/2012,SPI,IL,AGL,CE,Combined TRACON& Tower with Radar,0,11,7,0,18,0,0,1,0,1,0,11,8,0,19,12,1,13,32
12/29/2012,SPI,IL,AGL,CE,Combined TRACON& Tower with Radar,2,9,9,0,20,0,0,0,0,0,2,9,9,0,20,0,0,0,20
12/30/2012,SPI,IL,AGL,CE,Combined TRACON& Tower with Radar,0,9,11,0,20,0,0,21,0,21,0,9,32,0,41,18,0,18,59
12/31/2012,SPI,IL,AGL,CE,Combined TRACON& Tower with Radar,0,6,0,0,6,0,0,0,0,0,0,6,0,0,6,0,0,0,6
01/01/2013,SPI,IL,AGL,CE,Combined TRACON& Tower with Radar,0,9,7,0,16,0,0,12,0,12,0,9,19,0,28,45,0,45,73
01/02/2013,SPI,IL,AGL,CE,Combined TRACON& Tower with Radar,2,17,12,7,38,0,0,14,0,14,2,17,26,7,52,18,0,18,70
01/03/2013,SPI,IL,AGL,CE,Combined TRACON& Tower with Radar,0,20,17,2,39,0,4,5,0,9,0,24,22,2,48,39,1,40,88
01/04/2013,SPI,IL,AGL,CE,Combined TRACON& Tower with Radar,0,17,12,8,37,0,0,25,5,30,0,17,37,13,67,20,5,25,92
01/05/2013,SPI,IL,AGL,CE,Combined TRACON& Tower with Radar,2,9,8,0,19,0,1,2,2,5,2,10,10,2,24,38,0,38,62
01/06/2013,SPI,IL,AGL,CE,Combined TRACON& Tower with Radar,0,11,8,0,19,0,0,3,0,3,0,11,11,0,22,15,0,15,37
01/07/2013,SPI,IL,AGL,CE,Combined TRACON& Tower with Radar,0,16,10,18,44,0,4,16,0,20,0,20,26,18,64,60,16,76,140
01/08/2013,SPI,IL,AGL,CE,Combined TRACON& Tower with Radar,0,14,15,8,37,0,4,23,8,35,0,18,38,16,72,52,31,83,155
01/09/2013,SPI,IL,AGL,CE,Combined TRACON& Tower with Radar,2,20,30,9,61,0,0,37,2,39,2,20,67,11,100,74,11,85,185
01/10/2013,SPI,IL,AGL,CE,Combined TRACON& Tower with Radar,0,17,23,0,40,0,0,4,0,4,0,17,27,0,44,0,1,1,45
01/11/2013,SPI,IL,AGL,CE,Combined TRACON& Tower with Radar,0,16,21,20,57,0,4,14,0,18,0,20,35,20,75,59,6,65,140
01/12/2013,SPI,IL,AGL,CE,Combined TRACON& Tower with Radar,2,8,13,0,23,0,0,22,0,22,2,8,35,0,45,73,1,74,119
01/13/2013,SPI,IL,AGL,CE,Combined TRACON& Tower with Radar,0,9,4,1,14,0,0,4,0,4,0,9,8,1,18,26,1,27,45
01/14/2013,SPI,IL,AGL,CE,Combined TRACON& Tower with Radar,0,15,14,21,50,0,0,15,3,18,0,15,29,24,68,55,19,74,142
01/15/2013,SPI,IL,AGL,CE,Combined TRACON& Tower with Radar,0,20,25,18,63,0,6,14,5,25,0,26,39,23,88,64,17,81,169
01/16/2013,SPI,IL,AGL,CE,Combined TRACON& Tower with Radar,2,22,23,26,73,0,3,15,0,18,2,25,38,26,91,84,17,101,192
01/17/2013,SPI,IL,AGL,CE,Combined TRACON& Tower with Radar,0,16,23,5,44,0,1,25,4,30,0,17,48,9,74,26,0,26,100
01/18/2013,SPI,IL,AGL,CE,Combined TRACON& Tower with Radar,0,16,14,18,48,0,0,14,4,18,0,16,28,22,66,10,4,14,80
01/19/2013,SPI,IL,AGL,CE,Combined TRACON& Tower with Radar,1,10,11,0,22,0,1,20,0,21,1,11,31,0,43,17,0,17,60
01/20/2013,SPI,IL,AGL,CE,Combined TRACON& Tower with Radar,0,6,8,0,14,0,2,12,0,14,0,8,20,0,28,26,1,27,55
01/21/2013,SPI,IL,AGL,CE,Combined TRACON& Tower with Radar,0,13,8,0,21,0,0,5,0,5,0,13,13,0,26,0,4,4,30
01/22/2013,SPI,IL,AGL,CE,Combined TRACON& Tower with Radar,0,20,3,16,39,0,0,11,0,11,0,20,14,16,50,10,0,10,60
01/23/2013,SPI,IL,AGL,CE,Combined TRACON& Tower with Radar,2,13,16,2,33,0,2,28,0,30,2,15,44,2,63,16,2,18,81
01/24/2013,SPI,IL,AGL,CE,Combined TRACON& Tower with Radar,0,17,19,17,53,0,3,23,4,30,0,20,42,21,83,11,21,32,115
01/25/2013,SPI,IL,AGL,CE,Combined TRACON& Tower with Radar,0,13,15,28,56,0,2,11,1,14,0,15,26,29,70,38,14,52,122
01/26/2013,SPI,IL,AGL,CE,Combined TRACON& Tower with Radar,2,9,16,1,28,0,0,38,3,41,2,9,54,4,69,18,2,20,89
01/27/2013,SPI,IL,AGL,CE,Combined TRACON& Tower with Radar,0,8,3,0,11,0,0,0,0,0,0,8,3,0,11,0,0,0,11
01/28/2013,SPI,IL,AGL,CE,Combined TRACON& Tower with Radar,1,23,20,3,47,0,0,2,0,2,1,23,22,3,49,1,0,1,50
01/29/2013,SPI,IL,AGL,CE,Combined TRACON& Tower with Radar,1,8,15,1,25,0,0,1,0,1,1,8,16,1,26,0,0,0,26
01/30/2013,SPI,IL,AGL,CE,Combined TRACON& Tower with Radar,2,12,7,6,27,0,0,0,0,0,2,12,7,6,27,0,0,0,27
01/31/2013,SPI,IL,AGL,CE,Combined TRACON& Tower with Radar,0,16,19,12,47,0,2,7,0,9,0,18,26,12,56,6,17,23,79
02/01/2013,SPI,IL,AGL,CE,Combined TRACON& Tower with Radar,2,20,26,20,68,0,1,11,0,12,2,21,37,20,80,19,24,43,123
02/02/2013,SPI,IL,AGL,CE,Combined TRACON& Tower with Radar,2,7,13,0,22,0,1,4,0,5,2,8,17,0,27,51,0,51,78
02/03/2013,SPI,IL,AGL,CE,Combined TRACON& Tower with Radar,0,9,17,0,26,0,0,10,0,10,0,9,27,0,36,0,10,10,46
02/04/2013,SPI,IL,AGL,CE,Combined TRACON& Tower with Radar,0,11,17,4,32,0,2,10,0,12,0,13,27,4,44,21,9,30,74
02/05/2013,SPI,IL,AGL,CE,Combined TRACON& Tower with Radar,0,15,13,11,39,0,1,14,0,15,0,16,27,11,54,40,17,57,111
02/06/2013,SPI,IL,AGL,CE,Combined TRACON& Tower with Radar,2,17,27,2,48,0,3,29,1,33,2,20,56,3,81,98,6,104,185
02/07/2013,SPI,IL,AGL,CE,Combined TRACON& Tower with Radar,0,14,19,1,34,0,0,0,0,0,0,14,19,1,34,20,1,21,55
02/08/2013,SPI,IL,AGL,CE,Combined TRACON& Tower with Radar,0,15,12,3,30,0,2,4,0,6,0,17,16,3,36,0,1,1,37
02/09/2013,SPI,IL,AGL,CE,Combined TRACON& Tower with Radar,2,8,18,8,36,0,1,17,0,18,2,9,35,8,54,62,2,64,118
02/10/2013,SPI,IL,AGL,CE,Combined TRACON& Tower with Radar,0,8,11,0,19,0,0,0,0,0,0,8,11,0,19,16,0,16,35
02/11/2013,SPI,IL,AGL,CE,Combined TRACON& Tower with Radar,0,14,8,7,29,0,7,3,1,11,0,21,11,8,40,16,10,26,66
02/12/2013,SPI,IL,AGL,CE,Combined TRACON& Tower with Radar,0,10,36,7,53,0,1,22,3,26,0,11,58,10,79,28,1,29,108
02/13/2013,SPI,IL,AGL,CE,Combined TRACON& Tower with Radar,0,25,36,1,62,0,4,27,3,34,0,29,63,4,96,46,2,48,144
02/14/2013,SPI,IL,AGL,CE,Combined TRACON& Tower with Radar,0,20,16,8,44,0,7,19,2,28,0,27,35,10,72,26,1,27,99
02/15/2013,SPI,IL,AGL,CE,Combined TRACON& Tower with Radar,2,15,11,7,35,0,3,19,3,25,2,18,30,10,60,15,3,18,78
02/16/2013,SPI,IL,AGL,CE,Combined TRACON& Tower with Radar,0,12,8,2,22,0,0,16,1,17,0,12,24,3,39,24,0,24,63
02/17/2013,SPI,IL,AGL,CE,Combined TRACON& Tower with Radar,0,13,39,0,52,0,4,17,0,21,0,17,56,0,73,16,1,17,90
02/18/2013,SPI,IL,AGL,CE,Combined TRACON& Tower with Radar,2,13,6,0,21,0,1,6,0,7,2,14,12,0,28,1,4,5,33
02/19/2013,SPI,IL,AGL,CE,Combined TRACON& Tower with Radar,2,15,9,4,30,0,0,2,1,3,2,15,11,5,33,2,2,4,37
02/20/2013,SPI,IL,AGL,CE,Combined TRACON& Tower with Radar,0,21,25,12,58,0,11,25,1,37,0,32,50,13,95,18,0,18,113
02/21/2013,SPI,IL,AGL,CE,Combined TRACON& Tower with Radar,0,14,14,0,28,0,0,4,2,6,0,14,18,2,34,0,2,2,36
02/22/2013,SPI,IL,AGL,CE,Combined TRACON& Tower with Radar,2,13,5,0,20,0,0,2,6,8,2,13,7,6,28,2,0,2,30
02/23/2013,SPI,IL,AGL,CE,Combined TRACON& Tower with Radar,0,9,13,2,24,0,0,17,4,21,0,9,30,6,45,38,3,41,86
02/24/2013,SPI,IL,AGL,CE,Combined TRACON& Tower with Radar,0,14,25,1,40,0,3,33,0,36,0,17,58,1,76,0,0,0,76
02/25/2013,SPI,IL,AGL,CE,Combined TRACON& Tower with Radar,2,22,8,12,44,0,9,31,1,41,2,31,39,13,85,40,16,56,141
02/26/2013,SPI,IL,AGL,CE,Combined TRACON& Tower with Radar,0,13,5,0,18,0,0,0,0,0,0,13,5,0,18,0,0,0,18
02/27/2013,SPI,IL,AGL,CE,Combined TRACON& Tower with Radar,0,20,7,0,27,0,0,0,0,0,0,20,7,0,27,0,0,0,27
02/28/2013,SPI,IL,AGL,CE,Combined TRACON& Tower with Radar,0,17,15,0,32,0,4,0,0,4,0,21,15,0,36,34,0,34,70
03/01/2013,SPI,IL,AGL,CE,Combined TRACON& Tower with Radar,1,17,18,2,38,0,2,2,0,4,1,19,20,2,42,44,0,44,86
03/02/2013,SPI,IL,AGL,CE,Combined TRACON& Tower with Radar,2,10,16,2,30,0,13,17,1,31,2,23,33,3,61,28,0,28,89
03/03/2013,SPI,IL,AGL,CE,Combined TRACON& Tower with Radar,2,12,6,0,20,0,13,32,2,47,2,25,38,2,67,65,0,65,132
03/04/2013,SPI,IL,AGL,CE,Combined TRACON& Tower with Radar,2,16,17,2,37,0,2,1,2,5,2,18,18,4,42,14,2,16,58
03/05/2013,SPI,IL,AGL,CE,Combined TRACON& Tower with Radar,0,8,10,0,18,0,0,0,1,1,0,8,10,1,19,0,2,2,21
03/06/2013,SPI,IL,AGL,CE,Combined TRACON& Tower with Radar,0,16,42,10,68,0,1,6,2,9,0,17,48,12,77,18,2,20,97
03/07/2013,SPI,IL,AGL,CE,Combined TRACON& Tower with Radar,0,17,30,26,73,0,8,25,0,33,0,25,55,26,106,36,14,50,156
03/08/2013,SPI,IL,AGL,CE,Combined TRACON& Tower with Radar,2,18,21,0,41,0,3,22,1,26,2,21,43,1,67,47,0,47,114
03/09/2013,SPI,IL,AGL,CE,Combined TRACON& Tower with Radar,0,9,12,0,21,0,0,7,2,9,0,9,19,2,30,14,2,16,46
03/10/2013,SPI,IL,AGL,CE,Combined TRACON& Tower with Radar,0,9,5,0,14,0,0,0,0,0,0,9,5,0,14,0,0,0,14
03/11/2013,SPI,IL,AGL,CE,Combined TRACON& Tower with Radar,2,14,15,0,31,0,0,2,0,2,2,14,17,0,33,0,8,8,41
03/12/2013,SPI,IL,AGL,CE,Combined TRACON& Tower with Radar,0,19,20,14,53,0,2,8,6,16,0,21,28,20,69,10,18,28,97
03/13/2013,SPI,IL,AGL,CE,Combined TRACON& Tower with Radar,0,19,35,18,72,0,2,15,3,20,0,21,50,21,92,4,9,13,105
03/14/2013,SPI,IL,AGL,CE,Combined TRACON& Tower with Radar,0,26,32,12,70,0,4,16,4,24,0,30,48,16,94,19,1,20,114
03/15/2013,SPI,IL,AGL,CE,Combined TRACON& Tower with Radar,2,15,21,10,48,0,0,23,1,24,2,15,44,11,72,8,14,22,94
03/16/2013,SPI,IL,AGL,CE,Combined TRACON& Tower with Radar,0,8,17,0,25,0,0,4,0,4,0,8,21,0,29,32,0,32,61
03/17/2013,SPI,IL,AGL,CE,Combined TRACON& Tower with Radar,0,10,15,0,25,0,0,1,0,1,0,10,16,0,26,10,1,11,37
03/18/2013,SPI,IL,AGL,CE,Combined TRACON& Tower with Radar,2,15,9,10,36,0,0,2,0,2,2,15,11,10,38,2,0,2,40
03/19/2013,SPI,IL,AGL,CE,Combined TRACON& Tower with Radar,0,21,23,37,81,0,4,24,8,36,0,25,47,45,117,22,38,60,177
03/20/2013,SPI,IL,AGL,CE,Combined TRACON& Tower with Radar,0,21,27,12,60,0,6,20,6,32,0,27,47,18,92,27,7,34,126
03/21/2013,SPI,IL,AGL,CE,Combined TRACON& Tower with Radar,0,20,18,0,38,0,5,29,1,35,0,25,47,1,73,36,2,38,111
03/22/2013,SPI,IL,AGL,CE,Combined TRACON& Tower with Radar,2,17,22,3,44,0,2,36,5,43,2,19,58,8,87,24,2,26,113
03/23/2013,SPI,IL,AGL,CE,Combined TRACON& Tower with Radar,0,10,15,0,25,0,0,32,0,32,0,10,47,0,57,75,0,75,132
03/24/2013,SPI,IL,AGL,CE,Combined TRACON& Tower with Radar,0,2,1,0,3,0,0,0,0,0,0,2,1,0,3,0,0,0,3
03/25/2013,SPI,IL,AGL,CE,Combined TRACON& Tower with Radar,0,9,10,0,19,0,0,1,0,1,0,9,11,0,20,0,1,1,21
03/26/2013,SPI,IL,AGL,CE,Combined TRACON& Tower with Radar,5,18,21,6,50,0,3,11,4,18,5,21,32,10,68,14,0,14,82
03/27/2013,SPI,IL,AGL,CE,Combined TRACON& Tower with Radar,1,15,38,5,59,0,4,33,5,42,1,19,71,10,101,23,0,23,124
03/28/2013,SPI,IL,AGL,CE,Combined TRACON& Tower with Radar,0,15,19,13,47,0,3,35,2,40,0,18,54,15,87,55,9,64,151
03/29/2013,SPI,IL,AGL,CE,Combined TRACON& Tower with Radar,2,15,26,0,43,0,4,37,0,41,2,19,63,0,84,24,0,24,108
03/30/2013,SPI,IL,AGL,CE,Combined TRACON& Tower with Radar,0,12,5,0,17,0,2,15,0,17,0,14,20,0,34,0,2,2,36
03/31/2013,SPI,IL,AGL,CE,Combined TRACON& Tower with Radar,0,9,13,0,22,0,0,5,0,5,0,9,18,0,27,13,0,13,40
04/01/2013,SPI,IL,AGL,CE,Combined TRACON& Tower with Radar,2,17,14,0,33,0,8,6,0,14,2,25,20,0,47,0,7,7,54
04/02/2013,SPI,IL,AGL,CE,Combined TRACON& Tower with Radar,0,13,25,2,40,0,9,30,0,39,0,22,55,2,79,42,0,42,121
04/03/2013,SPI,IL,AGL,CE,Combined TRACON& Tower with Radar,0,18,29,19,66,0,4,24,1,29,0,22,53,20,95,40,6,46,141
04/04/2013,SPI,IL,AGL,CE,Combined TRACON& Tower with Radar,1,22,11,0,34,0,3,27,0,30,1,25,38,0,64,60,0,60,124
04/05/2013,SPI,IL,AGL,CE,Combined TRACON& Tower with Radar,2,17,30,0,49,0,6,36,1,43,2,23,66,1,92,4,0,4,96
04/06/2013,SPI,IL,AGL,CE,Combined TRACON& Tower with Radar,0,11,10,3,24,0,0,14,4,18,0,11,24,7,42,40,0,40,82
04/07/2013,SPI,IL,AGL,CE,Combined TRACON& Tower with Radar,0,13,12,0,25,0,5,27,0,32,0,18,39,0,57,25,6,31,88
04/08/2013,SPI,IL,AGL,CE,Combined TRACON& Tower with Radar,2,17,14,4,37,0,0,7,0,7,2,17,21,4,44,0,2,2,46
04/09/2013,SPI,IL,AGL,CE,Combined TRACON& Tower with Radar,0,11,10,28,49,0,2,3,0,5,0,13,13,28,54,1,38,39,93
04/10/2013,SPI,IL,AGL,CE,Combined TRACON& Tower with Radar,0,9,12,0,21,0,2,1,0,3,0,11,13,0,24,0,0,0,24
04/11/2013,SPI,IL,AGL,CE,Combined TRACON& Tower with Radar,0,25,23,12,60,0,0,1,2,3,0,25,24,14,63,10,4,14,77
04/12/2013,SPI,IL,AGL,CE,Combined TRACON& Tower with Radar,2,20,11,14,47,0,2,8,0,10,2,22,19,14,57,17,5,22,79
04/13/2013,SPI,IL,AGL,CE,Combined TRACON& Tower with Radar,0,13,8,0,21,0,4,14,4,22,0,17,22,4,43,62,2,64,107
04/14/2013,SPI,IL,AGL,CE,Combined TRACON& Tower with Radar,0,10,10,0,20,0,1,13,1,15,0,11,23,1,35,3,2,5,40
04/15/2013,SPI,IL,AGL,CE,Combined TRACON& Tower with Radar,2,22,18,27,69,0,2,1,0,3,2,24,19,27,72,0,11,11,83
04/16/2013,SPI,IL,AGL,CE,Combined TRACON& Tower with Radar,0,25,23,2,50,0,0,2,0,2,0,25,25,2,52,0,0,0,52
04/17/2013,SPI,IL,AGL,CE,Combined TRACON& Tower with Radar,2,12,12,0,26,0,2,0,0,2,2,14,12,0,28,0,2,2,30
04/18/2013,SPI,IL,AGL,CE,Combined TRACON& Tower with Radar,0,10,1,0,11,0,0,0,0,0,0,10,1,0,11,0,0,0,11
04/19/2013,SPI,IL,AGL,CE,Combined TRACON& Tower with Radar,0,16,11,3,30,0,2,4,0,6,0,18,15,3,36,0,0,0,36
04/20/2013,SPI,IL,AGL,CE,Combined TRACON& Tower with Radar,2,10,16,0,28,0,14,65,0,79,2,24,81,0,107,34,2,36,143
04/21/2013,SPI,IL,AGL,CE,Combined TRACON& Tower with Radar,0,15,7,9,31,0,2,25,0,27,0,17,32,9,58,22,4,26,84
04/22/2013,SPI,IL,AGL,CE,Combined TRACON& Tower with Radar,0,16,24,2,42,0,5,24,0,29,0,21,48,2,71,40,4,44,115
04/23/2013,SPI,IL,AGL,CE,Combined TRACON& Tower with Radar,2,17,9,0,28,0,0,1,0,1,2,17,10,0,29,0,0,0,29
04/24/2013,SPI,IL,AGL,CE,Combined TRACON& Tower with Radar,2,16,26,0,44,0,4,20,1,25,2,20,46,1,69,10,1,11,80
04/25/2013,SPI,IL,AGL,CE,Combined TRACON& Tower with Radar,0,19,23,26,68,0,11,16,6,33,0,30,39,32,101,13,36,49,150
04/26/2013,SPI,IL,AGL,CE,Combined TRACON& Tower with Radar,0,15,16,10,41,0,4,20,0,24,0,19,36,10,65,36,10,46,111
04/27/2013,SPI,IL,AGL,CE,Combined TRACON& Tower with Radar,2,8,13,0,23,0,0,31,2,33,2,8,44,2,56,14,0,14,70
04/28/2013,SPI,IL,AGL,CE,Combined TRACON& Tower with Radar,0,10,24,0,34,0,0,13,0,13,0,10,37,0,47,52,1,53,100
04/29/2013,SPI,IL,AGL,CE,Combined TRACON& Tower with Radar,0,19,25,26,70,0,4,19,0,23,0,23,44,26,93,6,14,20,113
04/30/2013,SPI,IL,AGL,CE,Combined TRACON& Tower with Radar,0,19,30,0,49,0,8,15,2,25,0,27,45,2,74,16,0,16,90
05/01/2013,SPI,IL,AGL,CE,Combined TRACON& Tower with Radar,2,19,16,0,37,0,15,35,0,50,2,34,51,0,87,22,0,22,109
05/02/2013,SPI,IL,AGL,CE,Combined TRACON& Tower with Radar,0,20,18,14,52,0,0,15,0,15,0,20,33,14,67,22,22,44,111
05/03/2013,SPI,IL,AGL,CE,Combined TRACON& Tower with Radar,0,20,15,0,35,0,0,0,0,0,0,20,15,0,35,0,0,0,35
05/04/2013,SPI,IL,AGL,CE,Combined TRACON& Tower with Radar,2,10,6,6,24,0,0,0,0,0,2,10,6,6,24,0,0,0,24
05/05/2013,SPI,IL,AGL,CE,Combined TRACON& Tower with Radar,3,12,13,0,28,0,0,5,2,7,3,12,18,2,35,24,1,25,60
05/06/2013,SPI,IL,AGL,CE,Combined TRACON& Tower with Radar,0,15,30,0,45,0,2,15,0,17,0,17,45,0,62,0,0,0,62
05/07/2013,SPI,IL,AGL,CE,Combined TRACON& Tower with Radar,0,19,22,13,54,0,8,28,5,41,0,27,50,18,95,25,22,47,142
05/08/2013,SPI,IL,AGL,CE,Combined TRACON& Tower with Radar,2,18,20,2,42,0,9,33,1,43,2,27,53,3,85,14,1,15,100
05/09/2013,SPI,IL,AGL,CE,Combined TRACON& Tower with Radar,0,23,22,0,45,0,0,4,0,4,0,23,26,0,49,0,0,0,49
05/10/2013,SPI,IL,AGL,CE,Combined TRACON& Tower with Radar,0,14,20,0,34,0,0,0,0,0,0,14,20,0,34,0,2,2,36
05/11/2013,SPI,IL,AGL,CE,Combined TRACON& Tower with Radar,3,11,12,5,31,0,0,8,0,8,3,11,20,5,39,24,0,24,63
05/12/2013,SPI,IL,AGL,CE,Combined TRACON& Tower with Radar,2,11,25,0,38,0,1,38,0,39,2,12,63,0,77,0,0,0,77
05/13/2013,SPI,IL,AGL,CE,Combined TRACON& Tower with Radar,0,19,36,0,55,0,6,31,0,37,0,25,67,0,92,68,0,68,160
05/14/2013,SPI,IL,AGL,CE,Combined TRACON& Tower with Radar,2,17,19,0,38,0,7,34,2,43,2,24,53,2,81,15,0,15,96
05/15/2013,SPI,IL,AGL,CE,Combined TRACON& Tower with Radar,0,14,17,0,31,0,6,13,2,21,0,20,30,2,52,19,2,21,73
05/16/2013,SPI,IL,AGL,CE,Combined TRACON& Tower with Radar,0,17,17,0,34,0,1,11,2,14,0,18,28,2,48,21,0,21,69
05/17/2013,SPI,IL,AGL,CE,Combined TRACON& Tower with Radar,2,25,22,0,49,0,5,11,1,17,2,30,33,1,66,24,2,26,92
05/18/2013,SPI,IL,AGL,CE,Combined TRACON& Tower with Radar,0,10,19,0,29,0,1,31,0,32,0,11,50,0,61,31,0,31,92
05/19/2013,SPI,IL,AGL,CE,Combined TRACON& Tower with Radar,0,12,14,0,26,0,0,14,2,16,0,12,28,2,42,10,2,12,54
05/20/2013,SPI,IL,AGL,CE,Combined TRACON& Tower with Radar,2,17,22,0,41,0,2,8,0,10,2,19,30,0,51,8,4,12,63
05/21/2013,SPI,IL,AGL,CE,Combined TRACON& Tower with Radar,2,13,13,26,54,0,3,15,6,24,2,16,28,32,78,37,16,53,131
05/22/2013,SPI,IL,AGL,CE,Combined TRACON& Tower with Radar,0,15,36,39,90,0,4,10,1,15,0,19,46,40,105,10,24,34,139
05/23/2013,SPI,IL,AGL,CE,Combined TRACON& Tower with Radar,0,18,25,16,59,0,3,8,1,12,0,21,33,17,71,4,2,6,77
05/24/2013,SPI,IL,AGL,CE,Combined TRACON& Tower with Radar,2,20,24,0,46,0,6,54,0,60,2,26,78,0,106,18,0,18,124
05/25/2013,SPI,IL,AGL,CE,Combined TRACON& Tower with Radar,0,8,5,0,13,0,1,6,0,7,0,9,11,0,20,2,0,2,22
05/26/2013,SPI,IL,AGL,CE,Combined TRACON& Tower with Radar,0,10,10,0,20,0,0,3,0,3,0,10,13,0,23,14,0,14,37
05/27/2013,SPI,IL,AGL,CE,Combined TRACON& Tower with Radar,2,14,6,0,22,0,0,0,1,1,2,14,6,1,23,32,2,34,57
05/28/2013,SPI,IL,AGL,CE,Combined TRACON& Tower with Radar,0,13,15,2,30,0,2,15,0,17,0,15,30,2,47,4,2,6,53
05/29/2013,SPI,IL,AGL,CE,Combined TRACON& Tower with Radar,0,12,7,0,19,0,6,17,0,23,0,18,24,0,42,8,0,8,50
05/30/2013,SPI,IL,AGL,CE,Combined TRACON& Tower with Radar,0,15,18,0,33,0,0,6,0,6,0,15,24,0,39,0,0,0,39
05/31/2013,SPI,IL,AGL,CE,Combined TRACON& Tower with Radar,2,20,24,0,46,0,3,3,0,6,2,23,27,0,52,12,0,12,64
06/01/2013,SPI,IL,AGL,CE,Combined TRACON& Tower with Radar,0,15,12,0,27,0,1,2,4,7,0,16,14,4,34,8,6,14,48
06/02/2013,SPI,IL,AGL,CE,Combined TRACON& Tower with Radar,0,13,47,0,60,0,2,11,2,15,0,15,58,2,75,72,0,72,147
06/03/2013,SPI,IL,AGL,CE,Combined TRACON& Tower with Radar,2,15,38,0,55,0,11,43,3,57,2,26,81,3,112,86,1,87,199
06/04/2013,SPI,IL,AGL,CE,Combined TRACON& Tower with Radar,0,15,19,13,47,0,9,54,2,65,0,24,73,15,112,60,26,86,198
06/05/2013,SPI,IL,AGL,CE,Combined TRACON& Tower with Radar,0,23,34,10,67,0,6,18,2,26,0,29,52,12,93,37,3,40,133
06/06/2013,SPI,IL,AGL,CE,Combined TRACON& Tower with Radar,0,15,16,28,59,0,1,25,0,26,0,16,41,28,85,18,2,20,105
06/07/2013,SPI,IL,AGL,CE,Combined TRACON& Tower with Radar,2,22,14,0,38,0,3,22,0,25,2,25,36,0,63,5,1,6,69
06/08/2013,SPI,IL,AGL,CE,Combined TRACON& Tower with Radar,0,14,13,0,27,0,1,32,0,33,0,15,45,0,60,26,2,28,88
06/09/2013,SPI,IL,AGL,CE,Combined TRACON& Tower with Radar,0,16,5,0,21,0,0,9,0,9,0,16,14,0,30,16,3,19,49
06/10/2013,SPI,IL,AGL,CE,Combined TRACON& Tower with Radar,2,19,23,0,44,0,4,14,0,18,2,23,37,0,62,17,0,17,79
06/11/2013,SPI,IL,AGL,CE,Combined TRACON& Tower with Radar,0,23,29,14,66,0,14,24,1,39,0,37,53,15,105,14,14,28,133
06/12/2013,SPI,IL,AGL,CE,Combined TRACON& Tower with Radar,0,12,27,0,39,0,3,9,0,12,0,15,36,0,51,5,0,5,56
06/13/2013,SPI,IL,AGL,CE,Combined TRACON& Tower with Radar,0,19,19,22,60,0,6,19,0,25,0,25,38,22,85,16,18,34,119
06/14/2013,SPI,IL,AGL,CE,Combined TRACON& Tower with Radar,2,19,30,12,63,0,6,41,1,48,2,25,71,13,111,56,16,72,183
06/15/2013,SPI,IL,AGL,CE,Combined TRACON& Tower with Radar,0,9,9,0,18,0,1,3,0,4,0,10,12,0,22,3,1,4,26
06/16/2013,SPI,IL,AGL,CE,Combined TRACON& Tower with Radar,0,14,10,0,24,0,0,7,0,7,0,14,17,0,31,30,3,33,64
06/17/2013,SPI,IL,AGL,CE,Combined TRACON& Tower with Radar,2,20,25,19,66,0,7,12,5,24,2,27,37,24,90,28,13,41,131
06/18/2013,SPI,IL,AGL,CE,Combined TRACON& Tower with Radar,3,21,30,6,60,0,8,25,1,34,3,29,55,7,94,25,0,25,119
06/19/2013,SPI,IL,AGL,CE,Combined TRACON& Tower with Radar,0,23,30,10,63,0,10,45,0,55,0,33,75,10,118,24,5,29,147
06/20/2013,SPI,IL,AGL,CE,Combined TRACON& Tower with Radar,0,18,32,1,51,0,6,22,5,33,0,24,54,6,84,2,2,4,88
06/21/2013,SPI,IL,AGL,CE,Combined TRACON& Tower with Radar,4,18,29,14,65,0,4,22,0,26,4,22,51,14,91,32,17,49,140
06/22/2013,SPI,IL,AGL,CE,Combined TRACON& Tower with Radar,0,9,14,8,31,0,1,14,2,17,0,10,28,10,48,10,10,20,68
06/23/2013,SPI,IL,AGL,CE,Combined TRACON& Tower with Radar,0,11,22,0,33,0,3,19,1,23,0,14,41,1,56,49,0,49,105
06/24/2013,SPI,IL,AGL,CE,Combined TRACON& Tower with Radar,2,18,12,19,51,0,32,10,0,42,2,50,22,19,93,0,15,15,108
06/25/2013,SPI,IL,AGL,CE,Combined TRACON& Tower with Radar,0,21,14,3,38,0,44,21,1,66,0,65,35,4,104,30,0,30,134
06/26/2013,SPI,IL,AGL,CE,Combined TRACON& Tower with Radar,0,15,22,2,39,0,3,15,1,19,0,18,37,3,58,2,1,3,61
06/27/2013,SPI,IL,AGL,CE,Combined TRACON& Tower with Radar,0,17,25,50,92,0,30,31,5,66,0,47,56,55,158,27,38,65,223
06/28/2013,SPI,IL,AGL,CE,Combined TRACON& Tower with Radar,2,17,19,32,70,0,12,30,0,42,2,29,49,32,112,28,14,42,154
06/29/2013,SPI,IL,AGL,CE,Combined TRACON& Tower with Radar,0,8,14,4,26,0,6,6,1,13,0,14,20,5,39,39,0,39,78
06/30/2013,SPI,IL,AGL,CE,Combined TRACON& Tower with Radar,0,10,11,0,21,0,3,13,0,16,0,13,24,0,37,17,2,19,56
07/01/2013,SPI,IL,AGL,CE,Combined TRACON& Tower with Radar,2,19,16,0,37,0,7,22,0,29,2,26,38,0,66,24,0,24,90
07/02/2013,SPI,IL,AGL,CE,Combined TRACON& Tower with Radar,0,15,12,0,27,0,2,10,7,19,0,17,22,7,46,28,5,33,79
07/03/2013,SPI,IL,AGL,CE,Combined TRACON& Tower with Radar,0,18,18,1,37,0,4,24,0,28,0,22,42,1,65,54,0,54,119
07/04/2013,SPI,IL,AGL,CE,Combined TRACON& Tower with Radar,0,13,4,0,17,0,0,30,0,30,0,13,34,0,47,14,1,15,62
07/05/2013,SPI,IL,AGL,CE,Combined TRACON& Tower with Radar,2,11,9,0,22,0,0,19,0,19,2,11,28,0,41,34,0,34,75
07/06/2013,SPI,IL,AGL,CE,Combined TRACON& Tower with Radar,2,13,19,0,34,0,1,29,0,30,2,14,48,0,64,44,2,46,110
07/07/2013,SPI,IL,AGL,CE,Combined TRACON& Tower with Radar,0,9,18,0,27,0,0,22,0,22,0,9,40,0,49,31,2,33,82
07/08/2013,SPI,IL,AGL,CE,Combined TRACON& Tower with Radar,2,19,19,3,43,0,4,22,1,27,2,23,41,4,70,40,0,40,110
07/09/2013,SPI,IL,AGL,CE,Combined TRACON& Tower with Radar,0,22,33,6,61,0,8,10,5,23,0,30,43,11,84,2,1,3,87
07/10/2013,SPI,IL,AGL,CE,Combined TRACON& Tower with Radar,0,14,16,7,37,0,4,19,5,28,0,18,35,12,65,8,0,8,73
07/11/2013,SPI,IL,AGL,CE,Combined TRACON& Tower with Radar,0,18,26,2,46,0,13,31,4,48,0,31,57,6,94,48,0,48,142
07/12/2013,SPI,IL,AGL,CE,Combined TRACON& Tower with Radar,2,14,13,14,43,0,5,34,2,41,2,19,47,16,84,48,12,60,144
07/13/2013,SPI,IL,AGL,CE,Combined TRACON& Tower with Radar,0,8,15,0,23,0,3,29,0,32,0,11,44,0,55,45,0,45,100
07/14/2013,SPI,IL,AGL,CE,Combined TRACON& Tower with Radar,0,10,18,0,28,0,0,30,0,30,0,10,48,0,58,8,2,10,68
07/15/2013,SPI,IL,AGL,CE,Combined TRACON& Tower with Radar,2,16,19,6,43,0,8,19,0,27,2,24,38,6,70,16,9,25,95
07/16/2013,SPI,IL,AGL,CE,Combined TRACON& Tower with Radar,0,16,43,5,64,0,13,23,13,49,0,29,66,18,113,28,31,59,172
07/17/2013,SPI,IL,AGL,CE,Combined TRACON& Tower with Radar,0,20,21,17,58,0,9,23,7,39,0,29,44,24,97,19,16,35,132
07/18/2013,SPI,IL,AGL,CE,Combined TRACON& Tower with Radar,0,19,24,17,60,0,9,24,1,34,0,28,48,18,94,24,16,40,134
07/19/2013,SPI,IL,AGL,CE,Combined TRACON& Tower with Radar,1,19,18,15,53,0,5,16,1,22,1,24,34,16,75,45,0,45,120
07/20/2013,SPI,IL,AGL,CE,Combined TRACON& Tower with Radar,0,9,19,0,28,0,0,25,2,27,0,9,44,2,55,8,0,8,63
07/21/2013,SPI,IL,AGL,CE,Combined TRACON& Tower with Radar,0,9,23,2,34,0,1,14,0,15,0,10,37,2,49,58,0,58,107
07/22/2013,SPI,IL,AGL,CE,Combined TRACON& Tower with Radar,2,15,14,4,35,0,9,23,2,34,2,24,37,6,69,10,3,13,82
07/23/2013,SPI,IL,AGL,CE,Combined TRACON& Tower with Radar,0,16,20,4,40,0,2,29,2,33,0,18,49,6,73,28,1,29,102
07/24/2013,SPI,IL,AGL,CE,Combined TRACON& Tower with Radar,0,18,17,11,46,0,11,36,4,51,0,29,53,15,97,43,12,55,152
07/25/2013,SPI,IL,AGL,CE,Combined TRACON& Tower with Radar,0,19,22,12,53,0,12,24,1,37,0,31,46,13,90,34,0,34,124
07/26/2013,SPI,IL,AGL,CE,Combined TRACON& Tower with Radar,2,13,16,2,33,0,4,18,1,23,2,17,34,3,56,2,0,2,58
07/27/2013,SPI,IL,AGL,CE,Combined TRACON& Tower with Radar,0,9,25,2,36,0,0,23,0,23,0,9,48,2,59,0,2,2,61
07/28/2013,SPI,IL,AGL,CE,Combined TRACON& Tower with Radar,0,14,14,0,28,0,0,24,4,28,0,14,38,4,56,14,4,18,74
07/29/2013,SPI,IL,AGL,CE,Combined TRACON& Tower with Radar,2,19,12,0,33,0,6,24,2,32,2,25,36,2,65,28,0,28,93
07/30/2013,SPI,IL,AGL,CE,Combined TRACON& Tower with Radar,0,14,21,0,35,0,0,1,0,1,0,14,22,0,36,1,0,1,37
07/31/2013,SPI,IL,AGL,CE,Combined TRACON& Tower with Radar,0,18,23,0,41,0,2,5,1,8,0,20,28,1,49,9,0,9,58
08/01/2013,SPI,IL,AGL,CE,Combined TRACON& Tower with Radar,0,16,22,23,61,0,13,27,1,41,0,29,49,24,102,39,12,51,153
08/02/2013,SPI,IL,AGL,CE,Combined TRACON& Tower with Radar,2,20,18,2,42,0,2,21,0,23,2,22,39,2,65,20,1,21,86
08/03/2013,SPI,IL,AGL,CE,Combined TRACON& Tower with Radar,0,11,15,0,26,0,1,14,0,15,0,12,29,0,41,0,0,0,41
08/04/2013,SPI,IL,AGL,CE,Combined TRACON& Tower with Radar,0,11,13,1,25,0,0,22,4,26,0,11,35,5,51,24,6,30,81
08/05/2013,SPI,IL,AGL,CE,Combined TRACON& Tower with Radar,2,15,19,1,37,0,9,23,0,32,2,24,42,1,69,38,2,40,109
08/06/2013,SPI,IL,AGL,CE,Combined TRACON& Tower with Radar,0,16,34,1,51,0,2,26,6,34,0,18,60,7,85,12,0,12,97
08/07/2013,SPI,IL,AGL,CE,Combined TRACON& Tower with Radar,0,15,32,26,73,0,1,6,0,7,0,16,38,26,80,0,0,0,80
08/08/2013,SPI,IL,AGL,CE,Combined TRACON& Tower with Radar,0,14,20,5,39,0,2,7,0,9,0,16,27,5,48,30,0,30,78
08/09/2013,SPI,IL,AGL,CE,Combined TRACON& Tower with Radar,2,17,12,12,43,0,6,30,0,36,2,23,42,12,79,16,19,35,114
08/10/2013,SPI,IL,AGL,CE,Combined TRACON& Tower with Radar,0,13,10,0,23,0,7,32,0,39,0,20,42,0,62,10,6,16,78
08/11/2013,SPI,IL,AGL,CE,Combined TRACON& Tower with Radar,0,12,19,0,31,0,3,42,1,46,0,15,61,1,77,18,3,21,98
08/12/2013,SPI,IL,AGL,CE,Combined TRACON& Tower with Radar,2,17,13,10,42,0,0,12,1,13,2,17,25,11,55,10,9,19,74
08/13/2013,SPI,IL,AGL,CE,Combined TRACON& Tower with Radar,0,18,27,24,69,0,3,22,5,30,0,21,49,29,99,7,17,24,123
08/14/2013,SPI,IL,AGL,CE,Combined TRACON& Tower with Radar,0,19,19,26,64,0,7,25,6,38,0,26,44,32,102,24,18,42,144
08/15/2013,SPI,IL,AGL,CE,Combined TRACON& Tower with Radar,0,19,20,20,59,0,6,32,5,43,0,25,52,25,102,33,26,59,161
08/16/2013,SPI,IL,AGL,CE,Combined TRACON& Tower with Radar,2,17,26,2,47,0,4,27,2,33,2,21,53,4,80,55,0,55,135
08/17/2013,SPI,IL,AGL,CE,Combined TRACON& Tower with Radar,0,10,17,1,28,0,2,39,1,42,0,12,56,2,70,27,1,28,98
08/18/2013,SPI,IL,AGL,CE,Combined TRACON& Tower with Radar,0,17,22,0,39,0,0,34,0,34,0,17,56,0,73,25,3,28,101
08/19/2013,SPI,IL,AGL,CE,Combined TRACON& Tower with Radar,2,12,16,0,30,0,6,25,3,34,2,18,41,3,64,20,0,20,84
08/20/2013,SPI,IL,AGL,CE,Combined TRACON& Tower with Radar,0,15,13,18,46,0,4,26,9,39,0,19,39,27,85,12,36,48,133
08/21/2013,SPI,IL,AGL,CE,Combined TRACON& Tower with Radar,0,15,20,4,39,0,8,29,7,44,0,23,49,11,83,32,8,40,123
08/22/2013,SPI,IL,AGL,CE,Combined TRACON& Tower with Radar,0,16,27,11,54,0,6,4,5,15,0,22,31,16,69,28,17,45,114
08/23/2013,SPI,IL,AGL,CE,Combined TRACON& Tower with Radar,2,16,22,3,43,0,3,21,5,29,2,19,43,8,72,56,12,68,140
08/24/2013,SPI,IL,AGL,CE,Combined TRACON& Tower with Radar,0,10,11,0,21,0,0,37,0,37,0,10,48,0,58,42,0,42,100
08/25/2013,SPI,IL,AGL,CE,Combined TRACON& Tower with Radar,0,11,18,0,29,0,0,18,0,18,0,11,36,0,47,8,1,9,56
08/26/2013,SPI,IL,AGL,CE,Combined TRACON& Tower with Radar,2,14,20,9,45,0,13,19,3,35,2,27,39,12,80,1,11,12,92
08/27/2013,SPI,IL,AGL,CE,Combined TRACON& Tower with Radar,0,18,15,0,33,0,9,33,12,54,0,27,48,12,87,26,6,32,119
08/28/2013,SPI,IL,AGL,CE,Combined TRACON& Tower with Radar,0,18,32,5,55,0,1,16,4,21,0,19,48,9,76,8,2,10,86
08/29/2013,SPI,IL,AGL,CE,Combined TRACON& Tower with Radar,2,15,31,21,69,0,9,18,3,30,2,24,49,24,99,16,19,35,134
08/30/2013,SPI,IL,AGL,CE,Combined TRACON& Tower with Radar,0,16,26,0,42,0,5,16,3,24,0,21,42,3,66,36,15,51,117
08/31/2013,SPI,IL,AGL,CE,Combined TRACON& Tower with Radar,2,10,14,0,26,0,0,29,0,29,2,10,43,0,55,53,0,53,108
09/01/2013,SPI,IL,AGL,CE,Combined TRACON& Tower with Radar,0,10,11,0,21,0,1,7,0,8,0,11,18,0,29,0,2,2,31
09/02/2013,SPI,IL,AGL,CE,Combined TRACON& Tower with Radar,0,9,21,0,30,0,0,49,0,49,0,9,70,0,79,10,1,11,90
09/03/2013,SPI,IL,AGL,CE,Combined TRACON& Tower with Radar,0,19,17,4,40,0,8,30,0,38,0,27,47,4,78,2,15,17,95
09/04/2013,SPI,IL,AGL,CE,Combined TRACON& Tower with Radar,0,18,28,20,66,0,8,22,0,30,0,26,50,20,96,11,8,19,115
09/05/2013,SPI,IL,AGL,CE,Combined TRACON& Tower with Radar,2,16,16,13,47,0,4,27,1,32,2,20,43,14,79,28,12,40,119
09/06/2013,SPI,IL,AGL,CE,Combined TRACON& Tower with Radar,0,14,20,13,47,0,5,30,0,35,0,19,50,13,82,16,0,16,98
09/07/2013,SPI,IL,AGL,CE,Combined TRACON& Tower with Radar,0,11,10,1,22,0,0,28,2,30,0,11,38,3,52,50,2,52,104
09/08/2013,SPI,IL,AGL,CE,Combined TRACON& Tower with Radar,0,11,13,2,26,0,2,9,0,11,0,13,22,2,37,2,0,2,39
09/09/2013,SPI,IL,AGL,CE,Combined TRACON& Tower with Radar,0,21,12,4,37,0,6,14,0,20,0,27,26,4,57,14,0,14,71
09/10/2013,SPI,IL,AGL,CE,Combined TRACON& Tower with Radar,3,16,25,16,60,0,2,10,2,14,3,18,35,18,74,0,16,16,90
09/11/2013,SPI,IL,AGL,CE,Combined TRACON& Tower with Radar,0,13,17,4,34,0,6,20,5,31,0,19,37,9,65,19,7,26,91
09/12/2013,SPI,IL,AGL,CE,Combined TRACON& Tower with Radar,0,18,33,8,59,0,5,9,0,14,0,23,42,8,73,25,18,43,116
09/13/2013,SPI,IL,AGL,CE,Combined TRACON& Tower with Radar,0,22,35,0,57,0,2,30,0,32,0,24,65,0,89,27,0,27,116
09/14/2013,SPI,IL,AGL,CE,Combined TRACON& Tower with Radar,0,11,13,0,24,0,0,18,2,20,0,11,31,2,44,28,1,29,73
09/15/2013,SPI,IL,AGL,CE,Combined TRACON& Tower with Radar,0,13,16,0,29,0,0,16,0,16,0,13,32,0,45,12,0,12,57
09/16/2013,SPI,IL,AGL,CE,Combined TRACON& Tower with Radar,0,16,23,0,39,0,0,15,0,15,0,16,38,0,54,28,1,29,83
09/17/2013,SPI,IL,AGL,CE,Combined TRACON& Tower with Radar,0,19,22,16,57,0,4,21,0,25,0,23,43,16,82,8,14,22,104
09/18/2013,SPI,IL,AGL,CE,Combined TRACON& Tower with Radar,0,18,24,2,44,0,23,18,0,41,0,41,42,2,85,14,5,19,104
09/19/2013,SPI,IL,AGL,CE,Combined TRACON& Tower with Radar,0,12,20,20,52,0,3,16,1,20,0,15,36,21,72,19,17,36,108
09/20/2013,SPI,IL,AGL,CE,Combined TRACON& Tower with Radar,0,17,20,6,43,0,0,6,0,6,0,17,26,6,49,0,0,0,49
09/21/2013,SPI,IL,AGL,CE,Combined TRACON& Tower with Radar,0,10,8,0,18,0,0,47,0,47,0,10,55,0,65,14,0,14,79
09/22/2013,SPI,IL,AGL,CE,Combined TRACON& Tower with Radar,0,14,13,4,31,0,0,32,0,32,0,14,45,4,63,45,0,45,108
09/23/2013,SPI,IL,AGL,CE,Combined TRACON& Tower with Radar,0,20,31,6,57,0,8,32,0,40,0,28,63,6,97,18,6,24,121
09/24/2013,SPI,IL,AGL,CE,Combined TRACON& Tower with Radar,0,26,13,3,42,0,7,38,1,46,0,33,51,4,88,3,8,11,99
09/25/2013,SPI,IL,AGL,CE,Combined TRACON& Tower with Radar,0,13,20,1,34,0,21,34,0,55,0,34,54,1,89,19,15,34,123
09/26/2013,SPI,IL,AGL,CE,Combined TRACON& Tower with Radar,0,16,26,22,64,0,5,36,5,46,0,21,62,27,110,37,24,61,171
09/27/2013,SPI,IL,AGL,CE,Combined TRACON& Tower with Radar,0,14,27,0,41,0,2,36,0,38,0,16,63,0,79,12,0,12,91
09/28/2013,SPI,IL,AGL,CE,Combined TRACON& Tower with Radar,0,9,20,1,30,0,0,18,1,19,0,9,38,2,49,14,1,15,64
09/29/2013,SPI,IL,AGL,CE,Combined TRACON& Tower with Radar,0,8,20,5,33,0,17,23,3,43,0,25,43,8,76,22,19,41,117
09/30/2013,SPI,IL,AGL,CE,Combined TRACON& Tower with Radar,0,15,34,19,68,0,5,32,0,37,0,20,66,19,105,34,3,37,142
10/01/2013,SPI,IL,AGL,CE,Combined TRACON& Tower with Radar,0,20,24,0,44,0,0,6,1,7,0,20,30,1,51,33,2,35,86
10/02/2013,SPI,IL,AGL,CE,Combined TRACON& Tower with Radar,0,18,24,0,42,0,1,5,0,6,0,19,29,0,48,0,0,0,48
10/03/2013,SPI,IL,AGL,CE,Combined TRACON& Tower with Radar,0,11,18,2,31,0,2,9,0,11,0,13,27,2,42,16,6,22,64
10/04/2013,SPI,IL,AGL,CE,Combined TRACON& Tower with Radar,0,17,25,0,42,0,2,10,0,12,0,19,35,0,54,13,0,13,67
10/05/2013,SPI,IL,AGL,CE,Combined TRACON& Tower with Radar,0,6,12,0,18,0,0,4,0,4,0,6,16,0,22,11,2,13,35
10/06/2013,SPI,IL,AGL,CE,Combined TRACON& Tower with Radar,0,10,19,0,29,0,0,18,0,18,0,10,37,0,47,19,3,22,69
10/07/2013,SPI,IL,AGL,CE,Combined TRACON& Tower with Radar,0,14,20,0,34,0,0,12,0,12,0,14,32,0,46,24,0,24,70
10/08/2013,SPI,IL,AGL,CE,Combined TRACON& Tower with Radar,0,13,24,1,38,0,5,34,0,39,0,18,58,1,77,4,0,4,81
10/09/2013,SPI,IL,AGL,CE,Combined TRACON& Tower with Radar,0,18,16,0,34,0,7,42,0,49,0,25,58,0,83,33,1,34,117
10/10/2013,SPI,IL,AGL,CE,Combined TRACON& Tower with Radar,0,12,19,8,39,0,6,40,1,47,0,18,59,9,86,11,2,13,99
10/11/2013,SPI,IL,AGL,CE,Combined TRACON& Tower with Radar,0,14,30,0,44,0,2,28,1,31,0,16,58,1,75,21,0,21,96
10/12/2013,SPI,IL,AGL,CE,Combined TRACON& Tower with Radar,0,10,16,0,26,0,1,17,0,18,0,11,33,0,44,14,2,16,60
10/13/2013,SPI,IL,AGL,CE,Combined TRACON& Tower with Radar,1,9,8,0,18,0,2,24,0,26,1,11,32,0,44,91,4,95,139
10/14/2013,SPI,IL,AGL,CE,Combined TRACON& Tower with Radar,0,9,24,0,33,0,0,24,1,25,0,9,48,1,58,26,0,26,84
10/15/2013,SPI,IL,AGL,CE,Combined TRACON& Tower with Radar,0,14,42,0,56,0,0,1,0,1,0,14,43,0,57,2,2,4,61
10/16/2013,SPI,IL,AGL,CE,Combined TRACON& Tower with Radar,0,19,26,20,65,0,3,13,0,16,0,22,39,20,81,46,17,63,144
10/17/2013,SPI,IL,AGL,CE,Combined TRACON& Tower with Radar,0,20,19,2,41,0,24,7,0,31,0,44,26,2,72,8,1,9,81
10/18/2013,SPI,IL,AGL,CE,Combined TRACON& Tower with Radar,0,18,26,2,46,0,6,13,1,20,0,24,39,3,66,8,0,8,74
10/19/2013,SPI,IL,AGL,CE,Combined TRACON& Tower with Radar,0,8,21,0,29,0,1,22,2,25,0,9,43,2,54,0,0,0,54
10/20/2013,SPI,IL,AGL,CE,Combined TRACON& Tower with Radar,0,12,20,8,40,0,0,22,0,22,0,12,42,8,62,2,12,14,76
10/21/2013,SPI,IL,AGL,CE,Combined TRACON& Tower with Radar,0,14,13,29,56,0,0,18,1,19,0,14,31,30,75,2,29,31,106
10/22/2013,SPI,IL,AGL,CE,Combined TRACON& Tower with Radar,2,21,14,8,45,0,0,12,2,14,2,21,26,10,59,0,0,0,59
10/23/2013,SPI,IL,AGL,CE,Combined TRACON& Tower with Radar,0,20,24,18,62,0,4,16,0,20,0,24,40,18,82,14,12,26,108
10/24/2013,SPI,IL,AGL,CE,Combined TRACON& Tower with Radar,0,19,25,22,66,0,2,31,1,34,0,21,56,23,100,19,28,47,147
10/25/2013,SPI,IL,AGL,CE,Combined TRACON& Tower with Radar,0,15,20,14,49,0,8,31,0,39,0,23,51,14,88,16,35,51,139
10/26/2013,SPI,IL,AGL,CE,Combined TRACON& Tower with Radar,0,11,22,0,33,0,0,9,3,12,0,11,31,3,45,0,1,1,46
10/27/2013,SPI,IL,AGL,CE,Combined TRACON& Tower with Radar,0,8,12,0,20,0,0,30,0,30,0,8,42,0,50,26,2,28,78
10/28/2013,SPI,IL,AGL,CE,Combined TRACON& Tower with Radar,0,13,15,0,28,0,1,26,0,27,0,14,41,0,55,17,5,22,77
10/29/2013,SPI,IL,AGL,CE,Combined TRACON& Tower with Radar,0,15,15,2,32,0,4,11,0,15,0,19,26,2,47,0,2,2,49
10/30/2013,SPI,IL,AGL,CE,Combined TRACON& Tower with Radar,0,17,19,2,38,0,0,0,0,0,0,17,19,2,38,1,0,1,39
10/31/2013,SPI,IL,AGL,CE,Combined TRACON& Tower with Radar,4,15,14,4,37,0,0,0,0,0,4,15,14,4,37,2,0,2,39
11/01/2013,SPI,IL,AGL,CE,Combined TRACON& Tower with Radar,0,12,23,50,85,0,4,17,3,24,0,16,40,53,109,13,53,66,175
11/02/2013,SPI,IL,AGL,CE,Combined TRACON& Tower with Radar,0,11,17,0,28,0,0,6,0,6,0,11,23,0,34,56,0,56,90
11/03/2013,SPI,IL,AGL,CE,Combined TRACON& Tower with Radar,0,9,10,2,21,0,2,38,0,40,0,11,48,2,61,7,1,8,69
11/04/2013,SPI,IL,AGL,CE,Combined TRACON& Tower with Radar,0,15,17,0,32,0,6,17,0,23,0,21,34,0,55,0,1,1,56
11/05/2013,SPI,IL,AGL,CE,Combined TRACON& Tower with Radar,0,18,20,2,40,0,0,4,0,4,0,18,24,2,44,1,1,2,46
11/06/2013,SPI,IL,AGL,CE,Combined TRACON& Tower with Radar,0,15,18,2,35,0,0,1,0,1,0,15,19,2,36,0,1,1,37
11/07/2013,SPI,IL,AGL,CE,Combined TRACON& Tower with Radar,0,23,28,4,55,0,5,18,0,23,0,28,46,4,78,34,1,35,113
11/08/2013,SPI,IL,AGL,CE,Combined TRACON& Tower with Radar,2,18,19,8,47,0,9,24,1,34,2,27,43,9,81,38,17,55,136
11/09/2013,SPI,IL,AGL,CE,Combined TRACON& Tower with Radar,0,13,5,4,22,0,0,14,0,14,0,13,19,4,36,0,2,2,38
11/10/2013,SPI,IL,AGL,CE,Combined TRACON& Tower with Radar,0,10,13,0,23,0,1,33,0,34,0,11,46,0,57,6,2,8,65
11/11/2013,SPI,IL,AGL,CE,Combined TRACON& Tower with Radar,2,11,11,1,25,0,3,5,2,10,2,14,16,3,35,18,1,19,54
11/12/2013,SPI,IL,AGL,CE,Combined TRACON& Tower with Radar,0,20,15,0,35,0,6,12,0,18,0,26,27,0,53,16,0,16,69
11/13/2013,SPI,IL,AGL,CE,Combined TRACON& Tower with Radar,0,21,31,34,86,0,4,22,1,27,0,25,53,35,113,2,56,58,171
11/14/2013,SPI,IL,AGL,CE,Combined TRACON& Tower with Radar,0,27,27,30,84,0,7,25,2,34,0,34,52,32,118,14,22,36,154
11/15/2013,SPI,IL,AGL,CE,Combined TRACON& Tower with Radar,2,14,17,16,49,0,4,19,0,23,2,18,36,16,72,26,9,35,107
11/16/2013,SPI,IL,AGL,CE,Combined TRACON& Tower with Radar,0,8,5,14,27,0,0,1,0,1,0,8,6,14,28,1,5,6,34
11/17/2013,SPI,IL,AGL,CE,Combined TRACON& Tower with Radar,0,13,4,0,17,0,0,0,0,0,0,13,4,0,17,1,8,9,26
11/18/2013,SPI,IL,AGL,CE,Combined TRACON& Tower with Radar,2,19,20,8,49,0,0,10,0,10,2,19,30,8,59,0,16,16,75
11/19/2013,SPI,IL,AGL,CE,Combined TRACON& Tower with Radar,0,18,11,4,33,0,12,30,4,46,0,30,41,8,79,37,0,37,116
11/20/2013,SPI,IL,AGL,CE,Combined TRACON& Tower with Radar,0,16,18,35,69,0,12,7,4,23,0,28,25,39,92,19,4,23,115
11/21/2013,SPI,IL,AGL,CE,Combined TRACON& Tower with Radar,0,13,15,1,29,0,1,2,0,3,0,14,17,1,32,0,0,0,32
11/22/2013,SPI,IL,AGL,CE,Combined TRACON& Tower with Radar,4,14,20,4,42,0,0,4,0,4,4,14,24,4,46,3,0,3,49
11/23/2013,SPI,IL,AGL,CE,Combined TRACON& Tower with Radar,0,10,7,2,19,0,1,7,7,15,0,11,14,9,34,46,12,58,92
11/24/2013,SPI,IL,AGL,CE,Combined TRACON& Tower with Radar,0,8,21,2,31,0,0,27,3,30,0,8,48,5,61,2,1,3,64
11/25/2013,SPI,IL,AGL,CE,Combined TRACON& Tower with Radar,2,10,17,16,45,0,8,8,0,16,2,18,25,16,61,16,16,32,93
11/26/2013,SPI,IL,AGL,CE,Combined TRACON& Tower with Radar,2,13,20,8,43,0,6,17,4,27,2,19,37,12,70,12,1,13,83
11/27/2013,SPI,IL,AGL,CE,Combined TRACON& Tower with Radar,0,19,14,9,42,0,9,27,0,36,0,28,41,9,78,12,10,22,100
11/28/2013,SPI,IL,AGL,CE,Combined TRACON& Tower with Radar,0,6,9,0,15,0,1,14,1,16,0,7,23,1,31,0,12,12,43
11/29/2013,SPI,IL,AGL,CE,Combined TRACON& Tower with Radar,4,6,14,0,24,0,3,41,0,44,4,9,55,0,68,24,2,26,94
11/30/2013,SPI,IL,AGL,CE,Combined TRACON& Tower with Radar,0,9,8,0,17,0,0,33,0,33,0,9,41,0,50,32,5,37,87
12/01/2013,SPI,IL,AGL,CE,Combined TRACON& Tower with Radar,2,9,18,0,29,0,0,36,0,36,2,9,54,0,65,32,0,32,97
12/02/2013,SPI,IL,AGL,CE,Combined TRACON& Tower with Radar,2,20,14,0,36,0,2,8,0,10,2,22,22,0,46,3,0,3,49
12/03/2013,SPI,IL,AGL,CE,Combined TRACON& Tower with Radar,0,23,12,2,37,0,0,0,0,0,0,23,12,2,37,0,2,2,39
12/04/2013,SPI,IL,AGL,CE,Combined TRACON& Tower with Radar,0,16,23,18,57,0,0,0,0,0,0,16,23,18,57,1,6,7,64
12/05/2013,SPI,IL,AGL,CE,Combined TRACON& Tower with Radar,0,16,11,0,27,0,0,15,4,19,0,16,26,4,46,12,0,12,58
12/06/2013,SPI,IL,AGL,CE,Combined TRACON& Tower with Radar,4,7,12,0,23,0,3,10,0,13,4,10,22,0,36,16,8,24,60
12/07/2013,SPI,IL,AGL,CE,Combined TRACON& Tower with Radar,0,10,13,2,25,0,0,29,0,29,0,10,42,2,54,8,3,11,65
12/08/2013,SPI,IL,AGL,CE,Combined TRACON& Tower with Radar,0,4,6,0,10,0,0,3,0,3,0,4,9,0,13,1,0,1,14
12/09/2013,SPI,IL,AGL,CE,Combined TRACON& Tower with Radar,4,14,22,2,42,0,2,14,0,16,4,16,36,2,58,14,3,17,75
12/10/2013,SPI,IL,AGL,CE,Combined TRACON& Tower with Radar,0,22,11,2,35,0,4,32,2,38,0,26,43,4,73,12,0,12,85
12/11/2013,SPI,IL,AGL,CE,Combined TRACON& Tower with Radar,0,14,11,6,31,0,2,7,1,10,0,16,18,7,41,12,4,16,57
12/12/2013,SPI,IL,AGL,CE,Combined TRACON& Tower with Radar,2,17,31,2,52,0,2,19,3,24,2,19,50,5,76,8,2,10,86
12/13/2013,SPI,IL,AGL,CE,Combined TRACON& Tower with Radar,4,17,9,10,40,0,0,9,0,9,4,17,18,10,49,8,0,8,57
12/14/2013,SPI,IL,AGL,CE,Combined TRACON& Tower with Radar,0,8,0,0,8,0,0,0,0,0,0,8,0,0,8,0,0,0,8
12/15/2013,SPI,IL,AGL,CE,Combined TRACON& Tower with Radar,0,9,8,0,17,0,1,2,0,3,0,10,10,0,20,4,2,6,26
12/16/2013,SPI,IL,AGL,CE,Combined TRACON& Tower with Radar,3,14,15,0,32,0,0,0,0,0,3,14,15,0,32,0,0,0,32
12/17/2013,SPI,IL,AGL,CE,Combined TRACON& Tower with Radar,0,17,22,3,42,0,2,6,7,15,0,19,28,10,57,0,0,0,57
12/18/2013,SPI,IL,AGL,CE,Combined TRACON& Tower with Radar,0,19,20,31,70,0,6,29,4,39,0,25,49,35,109,13,34,47,156
12/19/2013,SPI,IL,AGL,CE,Combined TRACON& Tower with Radar,0,13,20,18,51,0,0,19,6,25,0,13,39,24,76,6,23,29,105
12/20/2013,SPI,IL,AGL,CE,Combined TRACON& Tower with Radar,4,15,12,5,36,0,0,4,0,4,4,15,16,5,40,0,0,0,40
12/21/2013,SPI,IL,AGL,CE,Combined TRACON& Tower with Radar,0,6,5,0,11,0,0,0,0,0,0,6,5,0,11,0,0,0,11
12/22/2013,SPI,IL,AGL,CE,Combined TRACON& Tower with Radar,0,6,2,0,8,0,0,0,0,0,0,6,2,0,8,0,0,0,8
12/23/2013,SPI,IL,AGL,CE,Combined TRACON& Tower with Radar,4,9,16,4,33,0,2,13,0,15,4,11,29,4,48,8,2,10,58
12/24/2013,SPI,IL,AGL,CE,Combined TRACON& Tower with Radar,2,4,5,0,11,0,0,11,0,11,2,4,16,0,22,0,0,0,22
12/25/2013,SPI,IL,AGL,CE,Combined TRACON& Tower with Radar,0,6,0,0,6,0,0,0,0,0,0,6,0,0,6,0,0,0,6
12/26/2013,SPI,IL,AGL,CE,Combined TRACON& Tower with Radar,0,11,15,1,27,0,4,22,2,28,0,15,37,3,55,25,11,36,91
12/27/2013,SPI,IL,AGL,CE,Combined TRACON& Tower with Radar,4,11,20,0,35,0,2,28,0,30,4,13,48,0,65,8,2,10,75
12/28/2013,SPI,IL,AGL,CE,Combined TRACON& Tower with Radar,2,9,17,0,28,0,1,29,0,30,2,10,46,0,58,15,1,16,74
12/29/2013,SPI,IL,AGL,CE,Combined TRACON& Tower with Radar,0,6,5,0,11,0,0,2,0,2,0,6,7,0,13,13,0,13,26
12/30/2013,SPI,IL,AGL,CE,Combined TRACON& Tower with Radar,4,8,7,14,33,0,0,16,0,16,4,8,23,14,49,5,21,26,75
12/31/2013,SPI,IL,AGL,CE,Combined TRACON& Tower with Radar,0,7,18,10,35,0,0,20,0,20,0,7,38,10,55,32,17,49,104
01/01/2014,SPI,IL,AGL,CE,Combined TRACON& Tower with Radar,2,10,11,0,23,0,1,13,0,14,2,11,24,0,37,32,1,33,70
01/02/2014,SPI,IL,AGL,CE,Combined TRACON& Tower with Radar,0,6,4,2,12,0,2,5,3,10,0,8,9,5,22,18,2,20,42
01/03/2014,SPI,IL,AGL,CE,Combined TRACON& Tower with Radar,1,17,9,16,43,0,6,9,0,15,1,23,18,16,58,10,6,16,74
01/04/2014,SPI,IL,AGL,CE,Combined TRACON& Tower with Radar,2,7,13,0,22,0,0,5,0,5,2,7,18,0,27,0,2,2,29
01/05/2014,SPI,IL,AGL,CE,Combined TRACON& Tower with Radar,0,3,0,0,3,0,0,0,0,0,0,3,0,0,3,0,0,0,3
01/06/2014,SPI,IL,AGL,CE,Combined TRACON& Tower with Radar,7,9,9,0,25,0,0,7,0,7,7,9,16,0,32,10,9,19,51
01/07/2014,SPI,IL,AGL,CE,Combined TRACON& Tower with Radar,3,13,11,0,27,0,2,4,1,7,3,15,15,1,34,5,0,5,39
01/08/2014,SPI,IL,AGL,CE,Combined TRACON& Tower with Radar,0,14,8,23,45,0,2,9,1,12,0,16,17,24,57,0,7,7,64
01/09/2014,SPI,IL,AGL,CE,Combined TRACON& Tower with Radar,0,17,13,0,30,0,0,0,0,0,0,17,13,0,30,0,0,0,30
01/10/2014,SPI,IL,AGL,CE,Combined TRACON& Tower with Radar,2,13,9,0,24,0,0,0,0,0,2,13,9,0,24,0,0,0,24
01/11/2014,SPI,IL,AGL,CE,Combined TRACON& Tower with Radar,2,9,11,0,22,0,0,9,0,9,2,9,20,0,31,20,1,21,52
01/12/2014,SPI,IL,AGL,CE,Combined TRACON& Tower with Radar,0,8,12,0,20,0,0,13,0,13,0,8,25,0,33,4,1,5,38
01/13/2014,SPI,IL,AGL,CE,Combined TRACON& Tower with Radar,4,14,17,18,53,0,8,26,0,34,4,22,43,18,87,28,24,52,139
01/14/2014,SPI,IL,AGL,CE,Combined TRACON& Tower with Radar,0,15,9,0,24,0,1,2,0,3,0,16,11,0,27,14,2,16,43
01/15/2014,SPI,IL,AGL,CE,Combined TRACON& Tower with Radar,0,14,19,3,36,0,7,10,5,22,0,21,29,8,58,35,8,43,101
01/16/2014,SPI,IL,AGL,CE,Combined TRACON& Tower with Radar,0,13,3,0,16,0,0,0,0,0,0,13,3,0,16,14,1,15,31
01/17/2014,SPI,IL,AGL,CE,Combined TRACON& Tower with Radar,4,13,10,0,27,0,0,2,2,4,4,13,12,2,31,1,1,2,33
01/18/2014,SPI,IL,AGL,CE,Combined TRACON& Tower with Radar,0,14,10,0,24,0,0,0,0,0,0,14,10,0,24,0,1,1,25
01/19/2014,SPI,IL,AGL,CE,Combined TRACON& Tower with Radar,0,10,7,0,17,0,1,19,0,20,0,11,26,0,37,6,1,7,44
01/20/2014,SPI,IL,AGL,CE,Combined TRACON& Tower with Radar,4,10,21,0,35,0,1,23,0,24,4,11,44,0,59,54,1,55,114
01/21/2014,SPI,IL,AGL,CE,Combined TRACON& Tower with Radar,0,15,11,3,29,0,21,4,0,25,0,36,15,3,54,0,12,12,66
01/22/2014,SPI,IL,AGL,CE,Combined TRACON& Tower with Radar,0,13,21,22,56,0,1,5,2,8,0,14,26,24,64,8,20,28,92
01/23/2014,SPI,IL,AGL,CE,Combined TRACON& Tower with Radar,0,15,7,4,26,0,2,9,0,11,0,17,16,4,37,0,8,8,45
01/24/2014,SPI,IL,AGL,CE,Combined TRACON& Tower with Radar,4,17,20,16,57,0,0,4,0,4,4,17,24,16,61,0,17,17,78
01/25/2014,SPI,IL,AGL,CE,Combined TRACON& Tower with Radar,0,11,5,0,16,0,0,4,0,4,0,11,9,0,20,0,2,2,22
01/26/2014,SPI,IL,AGL,CE,Combined TRACON& Tower with Radar,0,8,14,0,22,0,0,8,0,8,0,8,22,0,30,19,2,21,51
01/27/2014,SPI,IL,AGL,CE,Combined TRACON& Tower with Radar,4,14,13,0,31,0,2,5,0,7,4,16,18,0,38,0,0,0,38
01/28/2014,SPI,IL,AGL,CE,Combined TRACON& Tower with Radar,0,13,13,0,26,0,2,16,0,18,0,15,29,0,44,6,2,8,52
01/29/2014,SPI,IL,AGL,CE,Combined TRACON& Tower with Radar,0,22,24,32,78,0,7,17,5,29,0,29,41,37,107,25,10,35,142
01/30/2014,SPI,IL,AGL,CE,Combined TRACON& Tower with Radar,0,14,7,36,57,0,1,6,2,9,0,15,13,38,66,0,0,0,66
01/31/2014,SPI,IL,AGL,CE,Combined TRACON& Tower with Radar,2,17,4,2,25,0,0,0,0,0,2,17,4,2,25,0,31,31,56
02/01/2014,SPI,IL,AGL,CE,Combined TRACON& Tower with Radar,1,7,1,0,9,0,0,0,0,0,1,7,1,0,9,0,0,0,9
02/02/2014,SPI,IL,AGL,CE,Combined TRACON& Tower with Radar,1,7,1,0,9,0,0,2,0,2,1,7,3,0,11,0,1,1,12
02/03/2014,SPI,IL,AGL,CE,Combined TRACON& Tower with Radar,3,14,12,3,32,0,2,19,3,24,3,16,31,6,56,0,2,2,58
02/04/2014,SPI,IL,AGL,CE,Combined TRACON& Tower with Radar,2,12,7,0,21,0,0,4,0,4,2,12,11,0,25,6,1,7,32
02/05/2014,SPI,IL,AGL,CE,Combined TRACON& Tower with Radar,0,13,9,0,22,0,1,0,1,2,0,14,9,1,24,4,2,6,30
02/06/2014,SPI,IL,AGL,CE,Combined TRACON& Tower with Radar,0,14,11,0,25,0,10,5,0,15,0,24,16,0,40,10,5,15,55
02/07/2014,SPI,IL,AGL,CE,Combined TRACON& Tower with Radar,2,13,14,16,45,0,0,7,0,7,2,13,21,16,52,0,19,19,71
02/08/2014,SPI,IL,AGL,CE,Combined TRACON& Tower with Radar,3,9,6,0,18,0,2,0,0,2,3,11,6,0,20,6,13,19,39
02/09/2014,SPI,IL,AGL,CE,Combined TRACON& Tower with Radar,0,8,6,0,14,0,0,6,0,6,0,8,12,0,20,12,1,13,33
02/10/2014,SPI,IL,AGL,CE,Combined TRACON& Tower with Radar,2,20,23,2,47,0,7,11,2,20,2,27,34,4,67,6,1,7,74
02/11/2014,SPI,IL,AGL,CE,Combined TRACON& Tower with Radar,2,20,10,23,55,0,2,5,5,12,2,22,15,28,67,18,10,28,95
02/12/2014,SPI,IL,AGL,CE,Combined TRACON& Tower with Radar,2,12,23,14,51,0,0,13,1,14,2,12,36,15,65,4,14,18,83
02/13/2014,SPI,IL,AGL,CE,Combined TRACON& Tower with Radar,0,13,15,2,30,0,10,26,4,40,0,23,41,6,70,0,5,5,75
02/14/2014,SPI,IL,AGL,CE,Combined TRACON& Tower with Radar,4,11,9,0,24,0,2,0,0,2,4,13,9,0,26,0,0,0,26
02/15/2014,SPI,IL,AGL,CE,Combined TRACON& Tower with Radar,0,12,7,0,19,0,0,10,0,10,0,12,17,0,29,32,1,33,62
02/16/2014,SPI,IL,AGL,CE,Combined TRACON& Tower with Radar,0,8,6,0,14,0,0,11,0,11,0,8,17,0,25,30,0,30,55
02/17/2014,SPI,IL,AGL,CE,Combined TRACON& Tower with Radar,4,5,4,0,13,0,0,0,1,1,4,5,4,1,14,0,1,1,15
02/18/2014,SPI,IL,AGL,CE,Combined TRACON& Tower with Radar,0,19,20,5,44,0,0,0,5,5,0,19,20,10,49,1,3,4,53
02/19/2014,SPI,IL,AGL,CE,Combined TRACON& Tower with Radar,0,23,31,8,62,0,4,26,0,30,0,27,57,8,92,23,4,27,119
02/20/2014,SPI,IL,AGL,CE,Combined TRACON& Tower with Radar,2,25,6,3,36,0,2,0,0,2,2,27,6,3,38,0,2,2,40
02/21/2014,SPI,IL,AGL,CE,Combined TRACON& Tower with Radar,4,16,12,14,46,0,8,16,2,26,4,24,28,16,72,23,17,40,112
02/22/2014,SPI,IL,AGL,CE,Combined TRACON& Tower with Radar,0,9,14,8,31,0,0,28,0,28,0,9,42,8,59,40,0,40,99
02/23/2014,SPI,IL,AGL,CE,Combined TRACON& Tower with Radar,0,10,11,0,21,0,1,27,0,28,0,11,38,0,49,8,0,8,57
02/24/2014,SPI,IL,AGL,CE,Combined TRACON& Tower with Radar,4,13,13,14,44,0,4,12,1,17,4,17,25,15,61,51,16,67,128
02/25/2014,SPI,IL,AGL,CE,Combined TRACON& Tower with Radar,0,19,25,14,58,0,0,9,4,13,0,19,34,18,71,25,10,35,106
02/26/2014,SPI,IL,AGL,CE,Combined TRACON& Tower with Radar,0,20,32,15,67,0,6,8,0,14,0,26,40,15,81,0,29,29,110
02/27/2014,SPI,IL,AGL,CE,Combined TRACON& Tower with Radar,1,17,18,5,41,0,9,8,1,18,1,26,26,6,59,0,6,6,65
02/28/2014,SPI,IL,AGL,CE,Combined TRACON& Tower with Radar,4,14,12,0,30,0,2,32,0,34,4,16,44,0,64,10,0,10,74
03/01/2014,SPI,IL,AGL,CE,Combined TRACON& Tower with Radar,0,8,5,2,15,0,0,0,1,1,0,8,5,3,16,4,0,4,20
03/02/2014,SPI,IL,AGL,CE,Combined TRACON& Tower with Radar,0,5,5,0,10,0,0,0,0,0,0,5,5,0,10,0,0,0,10
03/03/2014,SPI,IL,AGL,CE,Combined TRACON& Tower with Radar,6,14,6,20,46,0,0,16,0,16,6,14,22,20,62,20,15,35,97
03/04/2014,SPI,IL,AGL,CE,Combined TRACON& Tower with Radar,0,17,15,18,50,0,0,15,0,15,0,17,30,18,65,11,19,30,95
03/05/2014,SPI,IL,AGL,CE,Combined TRACON& Tower with Radar,0,11,17,0,28,0,2,19,1,22,0,13,36,1,50,16,4,20,70
03/06/2014,SPI,IL,AGL,CE,Combined TRACON& Tower with Radar,0,17,35,44,96,0,3,29,3,35,0,20,64,47,131,20,40,60,191
03/07/2014,SPI,IL,AGL,CE,Combined TRACON& Tower with Radar,6,14,21,2,43,0,8,24,0,32,6,22,45,2,75,10,4,14,89
03/08/2014,SPI,IL,AGL,CE,Combined TRACON& Tower with Radar,0,8,9,0,17,0,0,0,0,0,0,8,9,0,17,0,0,0,17
03/09/2014,SPI,IL,AGL,CE,Combined TRACON& Tower with Radar,0,9,16,0,25,0,1,38,0,39,0,10,54,0,64,29,2,31,95
03/10/2014,SPI,IL,AGL,CE,Combined TRACON& Tower with Radar,6,14,14,25,59,0,18,26,1,45,6,32,40,26,104,75,36,111,215
03/11/2014,SPI,IL,AGL,CE,Combined TRACON& Tower with Radar,0,20,9,10,39,0,8,22,7,37,0,28,31,17,76,44,19,63,139
03/12/2014,SPI,IL,AGL,CE,Combined TRACON& Tower with Radar,0,14,13,7,34,0,0,2,4,6,0,14,15,11,40,6,1,7,47
03/13/2014,SPI,IL,AGL,CE,Combined TRACON& Tower with Radar,0,18,13,25,56,0,8,28,5,41,0,26,41,30,97,42,42,84,181
03/14/2014,SPI,IL,AGL,CE,Combined TRACON& Tower with Radar,4,14,18,12,48,0,17,7,0,24,4,31,25,12,72,14,22,36,108
03/15/2014,SPI,IL,AGL,CE,Combined TRACON& Tower with Radar,0,11,7,8,26,0,7,32,5,44,0,18,39,13,70,52,23,75,145
03/16/2014,SPI,IL,AGL,CE,Combined TRACON& Tower with Radar,0,12,5,0,17,0,0,5,1,6,0,12,10,1,23,9,2,11,34
03/17/2014,SPI,IL,AGL,CE,Combined TRACON& Tower with Radar,4,22,20,15,61,0,11,18,1,30,4,33,38,16,91,31,25,56,147
03/18/2014,SPI,IL,AGL,CE,Combined TRACON& Tower with Radar,0,16,22,0,38,0,2,11,3,16,0,18,33,3,54,15,5,20,74
03/19/2014,SPI,IL,AGL,CE,Combined TRACON& Tower with Radar,2,23,10,20,55,0,0,6,0,6,2,23,16,20,61,19,2,21,82
03/20/2014,SPI,IL,AGL,CE,Combined TRACON& Tower with Radar,0,15,39,24,78,0,10,28,2,40,0,25,67,26,118,42,35,77,195
03/21/2014,SPI,IL,AGL,CE,Combined TRACON& Tower with Radar,4,19,15,7,45,0,4,17,0,21,4,23,32,7,66,14,6,20,86
03/22/2014,SPI,IL,AGL,CE,Combined TRACON& Tower with Radar,0,12,21,26,59,0,6,11,9,26,0,18,32,35,85,0,19,19,104
03/23/2014,SPI,IL,AGL,CE,Combined TRACON& Tower with Radar,0,8,5,0,13,0,4,17,0,21,0,12,22,0,34,12,4,16,50
03/24/2014,SPI,IL,AGL,CE,Combined TRACON& Tower with Radar,4,15,28,14,61,0,3,1,0,4,4,18,29,14,65,10,17,27,92
03/25/2014,SPI,IL,AGL,CE,Combined TRACON& Tower with Radar,2,18,17,40,77,0,12,14,1,27,2,30,31,41,104,6,15,21,125
03/26/2014,SPI,IL,AGL,CE,Combined TRACON& Tower with Radar,2,15,36,14,67,0,8,17,7,32,2,23,53,21,99,0,14,14,113
03/27/2014,SPI,IL,AGL,CE,Combined TRACON& Tower with Radar,0,18,10,6,34,0,0,0,0,0,0,18,10,6,34,0,0,0,34
03/28/2014,SPI,IL,AGL,CE,Combined TRACON& Tower with Radar,4,14,27,1,46,0,0,10,0,10,4,14,37,1,56,0,1,1,57
03/29/2014,SPI,IL,AGL,CE,Combined TRACON& Tower with Radar,2,9,14,0,25,0,2,5,0,7,2,11,19,0,32,2,0,2,34
03/30/2014,SPI,IL,AGL,CE,Combined TRACON& Tower with Radar,0,9,18,0,27,0,3,18,2,23,0,12,36,2,50,0,0,0,50
03/31/2014,SPI,IL,AGL,CE,Combined TRACON& Tower with Radar,4,19,9,7,39,0,2,6,2,10,4,21,15,9,49,0,4,4,53
04/01/2014,SPI,IL,AGL,CE,Combined TRACON& Tower with Radar,0,16,17,14,47,0,8,14,0,22,0,24,31,14,69,16,10,26,95
04/02/2014,SPI,IL,AGL,CE,Combined TRACON& Tower with Radar,2,16,13,5,36,0,0,3,0,3,2,16,16,5,39,0,0,0,39
04/03/2014,SPI,IL,AGL,CE,Combined TRACON& Tower with Radar,0,18,15,0,33,0,0,0,0,0,0,18,15,0,33,0,0,0,33
04/04/2014,SPI,IL,AGL,CE,Combined TRACON& Tower with Radar,4,16,5,8,33,0,2,0,0,2,4,18,5,8,35,0,2,2,37
04/05/2014,SPI,IL,AGL,CE,Combined TRACON& Tower with Radar,2,13,25,0,40,0,7,51,0,58,2,20,76,0,98,26,4,30,128
04/06/2014,SPI,IL,AGL,CE,Combined TRACON& Tower with Radar,0,8,15,1,24,0,2,31,4,37,0,10,46,5,61,32,0,32,93
04/07/2014,SPI,IL,AGL,CE,Combined TRACON& Tower with Radar,4,21,10,5,40,0,2,8,1,11,4,23,18,6,51,0,0,0,51
04/08/2014,SPI,IL,AGL,CE,Combined TRACON& Tower with Radar,0,23,26,25,74,0,13,14,7,34,0,36,40,32,108,4,20,24,132
04/09/2014,SPI,IL,AGL,CE,Combined TRACON& Tower with Radar,2,16,13,1,32,0,33,31,8,72,2,49,44,9,104,42,27,69,173
04/10/2014,SPI,IL,AGL,CE,Combined TRACON& Tower with Radar,0,20,11,2,33,0,13,7,5,25,0,33,18,7,58,16,6,22,80
04/11/2014,SPI,IL,AGL,CE,Combined TRACON& Tower with Radar,4,14,19,1,38,0,12,27,1,40,4,26,46,2,78,19,0,19,97
04/12/2014,SPI,IL,AGL,CE,Combined TRACON& Tower with Radar,2,9,6,0,17,0,14,23,5,42,2,23,29,5,59,7,9,16,75
04/13/2014,SPI,IL,AGL,CE,Combined TRACON& Tower with Radar,0,6,18,0,24,0,0,4,0,4,0,6,22,0,28,0,0,0,28
04/14/2014,SPI,IL,AGL,CE,Combined TRACON& Tower with Radar,4,12,8,0,24,0,0,0,0,0,4,12,8,0,24,0,1,1,25
04/15/2014,SPI,IL,AGL,CE,Combined TRACON& Tower with Radar,0,17,21,2,40,0,12,17,9,38,0,29,38,11,78,33,3,36,114
04/16/2014,SPI,IL,AGL,CE,Combined TRACON& Tower with Radar,2,19,38,4,63,0,6,10,5,21,2,25,48,9,84,0,2,2,86
04/17/2014,SPI,IL,AGL,CE,Combined TRACON& Tower with Radar,0,18,39,3,60,0,21,25,6,52,0,39,64,9,112,27,25,52,164
04/18/2014,SPI,IL,AGL,CE,Combined TRACON& Tower with Radar,4,12,15,10,41,0,16,44,0,60,4,28,59,10,101,14,2,16,117
04/19/2014,SPI,IL,AGL,CE,Combined TRACON& Tower with Radar,2,9,3,3,17,0,8,43,2,53,2,17,46,5,70,25,0,25,95
04/20/2014,SPI,IL,AGL,CE,Combined TRACON& Tower with Radar,0,10,0,0,10,0,0,16,0,16,0,10,16,0,26,64,3,67,93
04/21/2014,SPI,IL,AGL,CE,Combined TRACON& Tower with Radar,4,19,15,5,43,0,0,8,0,8,4,19,23,5,51,10,3,13,64
04/22/2014,SPI,IL,AGL,CE,Combined TRACON& Tower with Radar,0,25,18,10,53,0,9,17,2,28,0,34,35,12,81,14,6,20,101
04/23/2014,SPI,IL,AGL,CE,Combined TRACON& Tower with Radar,14,18,26,15,73,0,12,27,6,45,14,30,53,21,118,32,34,66,184
04/24/2014,SPI,IL,AGL,CE,Combined TRACON& Tower with Radar,0,24,16,3,43,0,4,7,0,11,0,28,23,3,54,6,11,17,71
04/25/2014,SPI,IL,AGL,CE,Combined TRACON& Tower with Radar,4,13,30,3,50,0,7,29,7,43,4,20,59,10,93,7,4,11,104
04/26/2014,SPI,IL,AGL,CE,Combined TRACON& Tower with Radar,2,9,23,0,34,0,9,22,1,32,2,18,45,1,66,22,3,25,91
04/27/2014,SPI,IL,AGL,CE,Combined TRACON& Tower with Radar,0,12,9,0,21,0,0,4,0,4,0,12,13,0,25,14,2,16,41
04/28/2014,SPI,IL,AGL,CE,Combined TRACON& Tower with Radar,4,14,11,0,29,0,0,4,1,5,4,14,15,1,34,0,1,1,35
04/29/2014,SPI,IL,AGL,CE,Combined TRACON& Tower with Radar,6,14,22,17,59,0,7,10,5,22,6,21,32,22,81,8,21,29,110
04/30/2014,SPI,IL,AGL,CE,Combined TRACON& Tower with Radar,0,17,25,6,48,0,5,7,2,14,0,22,32,8,62,12,1,13,75
05/01/2014,SPI,IL,AGL,CE,Combined TRACON& Tower with Radar,0,15,34,35,84,0,2,3,4,9,0,17,37,39,93,4,55,59,152
05/02/2014,SPI,IL,AGL,CE,Combined TRACON& Tower with Radar,4,17,33,4,58,0,4,16,2,22,4,21,49,6,80,28,0,28,108
05/03/2014,SPI,IL,AGL,CE,Combined TRACON& Tower with Radar,0,11,18,0,29,0,3,53,2,58,0,14,71,2,87,32,5,37,124
05/04/2014,SPI,IL,AGL,CE,Combined TRACON& Tower with Radar,0,8,25,0,33,0,0,52,1,53,0,8,77,1,86,6,0,6,92
05/05/2014,SPI,IL,AGL,CE,Combined TRACON& Tower with Radar,4,18,19,2,43,0,14,24,4,42,4,32,43,6,85,30,4,34,119
05/06/2014,SPI,IL,AGL,CE,Combined TRACON& Tower with Radar,0,15,34,5,54,0,5,23,1,29,0,20,57,6,83,30,1,31,114
05/07/2014,SPI,IL,AGL,CE,Combined TRACON& Tower with Radar,0,19,38,13,70,0,19,26,1,46,0,38,64,14,116,14,44,58,174
05/08/2014,SPI,IL,AGL,CE,Combined TRACON& Tower with Radar,0,15,22,14,51,0,6,11,5,22,0,21,33,19,73,5,35,40,113
05/09/2014,SPI,IL,AGL,CE,Combined TRACON& Tower with Radar,4,16,14,16,50,0,4,7,0,11,4,20,21,16,61,11,9,20,81
05/10/2014,SPI,IL,AGL,CE,Combined TRACON& Tower with Radar,0,7,16,0,23,0,3,38,0,41,0,10,54,0,64,16,1,17,81
05/11/2014,SPI,IL,AGL,CE,Combined TRACON& Tower with Radar,0,7,14,0,21,0,1,9,0,10,0,8,23,0,31,19,1,20,51
05/12/2014,SPI,IL,AGL,CE,Combined TRACON& Tower with Radar,3,19,22,0,44,0,3,11,0,14,3,22,33,0,58,0,0,0,58
05/13/2014,SPI,IL,AGL,CE,Combined TRACON& Tower with Radar,0,14,27,5,46,0,0,1,0,1,0,14,28,5,47,15,9,24,71
05/14/2014,SPI,IL,AGL,CE,Combined TRACON& Tower with Radar,1,19,23,2,45,0,0,3,0,3,1,19,26,2,48,2,0,2,50
05/15/2014,SPI,IL,AGL,CE,Combined TRACON& Tower with Radar,0,22,29,2,53,0,0,13,0,13,0,22,42,2,66,0,0,0,66
05/16/2014,SPI,IL,AGL,CE,Combined TRACON& Tower with Radar,4,19,22,4,49,0,0,4,0,4,4,19,26,4,53,11,3,14,67
05/17/2014,SPI,IL,AGL,CE,Combined TRACON& Tower with Radar,0,12,19,0,31,0,0,28,0,28,0,12,47,0,59,10,4,14,73
05/18/2014,SPI,IL,AGL,CE,Combined TRACON& Tower with Radar,0,9,17,0,26,0,0,48,0,48,0,9,65,0,74,50,5,55,129
05/19/2014,SPI,IL,AGL,CE,Combined TRACON& Tower with Radar,4,18,11,2,35,0,5,16,2,23,4,23,27,4,58,0,6,6,64
05/20/2014,SPI,IL,AGL,CE,Combined TRACON& Tower with Radar,0,15,15,23,53,0,10,23,5,38,0,25,38,28,91,33,26,59,150
05/21/2014,SPI,IL,AGL,CE,Combined TRACON& Tower with Radar,0,13,26,14,53,0,4,16,1,21,0,17,42,15,74,20,10,30,104
05/22/2014,SPI,IL,AGL,CE,Combined TRACON& Tower with Radar,0,19,18,13,50,0,12,28,1,41,0,31,46,14,91,0,0,0,91
05/23/2014,SPI,IL,AGL,CE,Combined TRACON& Tower with Radar,4,17,22,0,43,0,2,33,1,36,4,19,55,1,79,41,2,43,122
05/24/2014,SPI,IL,AGL,CE,Combined TRACON& Tower with Radar,0,13,6,0,19,0,1,34,0,35,0,14,40,0,54,31,2,33,87
05/25/2014,SPI,IL,AGL,CE,Combined TRACON& Tower with Radar,0,13,16,0,29,0,0,37,0,37,0,13,53,0,66,22,2,24,90
05/26/2014,SPI,IL,AGL,CE,Combined TRACON& Tower with Radar,4,13,3,0,20,0,1,21,3,25,4,14,24,3,45,0,2,2,47
05/27/2014,SPI,IL,AGL,CE,Combined TRACON& Tower with Radar,0,14,20,47,81,0,3,16,3,22,0,17,36,50,103,0,0,0,103
05/28/2014,SPI,IL,AGL,CE,Combined TRACON& Tower with Radar,0,17,26,38,81,0,2,12,0,14,0,19,38,38,95,10,42,52,147
05/29/2014,SPI,IL,AGL,CE,Combined TRACON& Tower with Radar,0,18,40,0,58,0,5,21,1,27,0,23,61,1,85,19,0,19,104
05/30/2014,SPI,IL,AGL,CE,Combined TRACON& Tower with Radar,4,13,37,14,68,0,2,16,1,19,4,15,53,15,87,0,20,20,107
05/31/2014,SPI,IL,AGL,CE,Combined TRACON& Tower with Radar,1,14,28,4,47,0,0,40,1,41,1,14,68,5,88,57,0,57,145
06/01/2014,SPI,IL,AGL,CE,Combined TRACON& Tower with Radar,0,11,14,0,25,0,0,10,0,10,0,11,24,0,35,14,0,14,49
06/02/2014,SPI,IL,AGL,CE,Combined TRACON& Tower with Radar,4,13,18,4,39,0,1,3,2,6,4,14,21,6,45,20,4,24,69
06/03/2014,SPI,IL,AGL,CE,Combined TRACON& Tower with Radar,0,16,31,12,59,0,9,25,3,37,0,25,56,15,96,21,8,29,125
06/04/2014,SPI,IL,AGL,CE,Combined TRACON& Tower with Radar,0,21,24,0,45,0,1,3,2,6,0,22,27,2,51,0,0,0,51
06/05/2014,SPI,IL,AGL,CE,Combined TRACON& Tower with Radar,0,25,29,5,59,0,3,33,6,42,0,28,62,11,101,0,0,0,101
06/06/2014,SPI,IL,AGL,CE,Combined TRACON& Tower with Radar,4,13,33,6,56,0,7,30,5,42,4,20,63,11,98,44,12,56,154
06/07/2014,SPI,IL,AGL,CE,Combined TRACON& Tower with Radar,0,9,13,2,24,0,0,23,3,26,0,9,36,5,50,52,0,52,102
06/08/2014,SPI,IL,AGL,CE,Combined TRACON& Tower with Radar,0,9,13,0,22,0,0,16,1,17,0,9,29,1,39,26,1,27,66
06/09/2014,SPI,IL,AGL,CE,Combined TRACON& Tower with Radar,4,17,32,0,53,0,3,17,2,22,4,20,49,2,75,18,2,20,95
06/10/2014,SPI,IL,AGL,CE,Combined TRACON& Tower with Radar,1,23,28,0,52,0,0,0,0,0,1,23,28,0,52,12,0,12,64
06/11/2014,SPI,IL,AGL,CE,Combined TRACON& Tower with Radar,0,14,29,0,43,0,1,9,0,10,0,15,38,0,53,42,0,42,95
06/12/2014,SPI,IL,AGL,CE,Combined TRACON& Tower with Radar,0,18,27,11,56,0,7,22,2,31,0,25,49,13,87,42,16,58,145
06/13/2014,SPI,IL,AGL,CE,Combined TRACON& Tower with Radar,4,16,28,0,48,0,4,31,2,37,4,20,59,2,85,32,3,35,120
06/14/2014,SPI,IL,AGL,CE,Combined TRACON& Tower with Radar,0,8,14,0,22,0,0,36,0,36,0,8,50,0,58,37,3,40,98
06/15/2014,SPI,IL,AGL,CE,Combined TRACON& Tower with Radar,0,10,13,0,23,0,0,11,1,12,0,10,24,1,35,0,3,3,38
06/16/2014,SPI,IL,AGL,CE,Combined TRACON& Tower with Radar,4,18,23,0,45,0,5,21,0,26,4,23,44,0,71,34,3,37,108
06/17/2014,SPI,IL,AGL,CE,Combined TRACON& Tower with Radar,0,20,26,4,50,0,12,27,6,45,0,32,53,10,95,10,3,13,108
06/18/2014,SPI,IL,AGL,CE,Combined TRACON& Tower with Radar,5,11,24,16,56,0,3,37,2,42,5,14,61,18,98,8,51,59,157
06/19/2014,SPI,IL,AGL,CE,Combined TRACON& Tower with Radar,1,11,22,24,58,0,4,14,1,19,1,15,36,25,77,50,31,81,158
06/20/2014,SPI,IL,AGL,CE,Combined TRACON& Tower with Radar,4,17,23,31,75,0,0,18,0,18,4,17,41,31,93,38,22,60,153
06/21/2014,SPI,IL,AGL,CE,Combined TRACON& Tower with Radar,0,14,13,0,27,0,0,25,3,28,0,14,38,3,55,11,3,14,69
06/22/2014,SPI,IL,AGL,CE,Combined TRACON& Tower with Radar,0,7,18,0,25,0,0,19,0,19,0,7,37,0,44,48,0,48,92
06/23/2014,SPI,IL,AGL,CE,Combined TRACON& Tower with Radar,4,12,19,0,35,0,8,12,0,20,4,20,31,0,55,14,3,17,72
06/24/2014,SPI,IL,AGL,CE,Combined TRACON& Tower with Radar,0,16,16,6,38,0,4,11,0,15,0,20,27,6,53,9,3,12,65
06/25/2014,SPI,IL,AGL,CE,Combined TRACON& Tower with Radar,0,18,19,28,65,0,7,34,6,47,0,25,53,34,112,102,19,121,233
06/26/2014,SPI,IL,AGL,CE,Combined TRACON& Tower with Radar,0,14,23,16,53,0,6,29,1,36,0,20,52,17,89,58,26,84,173
06/27/2014,SPI,IL,AGL,CE,Combined TRACON& Tower with Radar,4,14,19,4,41,0,8,12,1,21,4,22,31,5,62,20,2,22,84
06/28/2014,SPI,IL,AGL,CE,Combined TRACON& Tower with Radar,0,15,16,4,35,0,0,7,0,7,0,15,23,4,42,76,2,78,120
06/29/2014,SPI,IL,AGL,CE,Combined TRACON& Tower with Radar,0,11,19,0,30,0,0,11,0,11,0,11,30,0,41,10,2,12,53
06/30/2014,SPI,IL,AGL,CE,Combined TRACON& Tower with Radar,4,13,19,16,52,0,0,2,0,2,4,13,21,16,54,21,14,35,89
07/01/2014,SPI,IL,AGL,CE,Combined TRACON& Tower with Radar,0,12,21,0,33,0,4,22,0,26,0,16,43,0,59,73,1,74,133
07/02/2014,SPI,IL,AGL,CE,Combined TRACON& Tower with Radar,0,17,14,4,35,0,8,19,3,30,0,25,33,7,65,40,2,42,107
07/03/2014,SPI,IL,AGL,CE,Combined TRACON& Tower with Radar,0,15,17,3,35,0,3,39,0,42,0,18,56,3,77,15,1,16,93
07/04/2014,SPI,IL,AGL,CE,Combined TRACON& Tower with Radar,4,10,5,0,19,0,4,40,2,46,4,14,45,2,65,46,2,48,113
07/05/2014,SPI,IL,AGL,CE,Combined TRACON& Tower with Radar,0,10,9,0,19,0,7,13,1,21,0,17,22,1,40,43,0,43,83
07/06/2014,SPI,IL,AGL,CE,Combined TRACON& Tower with Radar,2,9,13,0,24,0,0,8,1,9,2,9,21,1,33,0,0,0,33
07/07/2014,SPI,IL,AGL,CE,Combined TRACON& Tower with Radar,4,15,21,22,62,0,7,12,0,19,4,22,33,22,81,17,31,48,129
07/08/2014,SPI,IL,AGL,CE,Combined TRACON& Tower with Radar,2,14,19,9,44,0,4,10,5,19,2,18,29,14,63,17,25,42,105
07/09/2014,SPI,IL,AGL,CE,Combined TRACON& Tower with Radar,2,13,24,12,51,0,8,39,2,49,2,21,63,14,100,64,33,97,197
07/10/2014,SPI,IL,AGL,CE,Combined TRACON& Tower with Radar,1,14,25,8,48,0,12,33,4,49,1,26,58,12,97,32,9,41,138
07/11/2014,SPI,IL,AGL,CE,Combined TRACON& Tower with Radar,4,15,20,31,70,0,9,32,0,41,4,24,52,31,111,36,36,72,183
07/12/2014,SPI,IL,AGL,CE,Combined TRACON& Tower with Radar,0,10,9,0,19,0,1,15,1,17,0,11,24,1,36,10,5,15,51
07/13/2014,SPI,IL,AGL,CE,Combined TRACON& Tower with Radar,0,11,21,12,44,0,0,7,0,7,0,11,28,12,51,0,3,3,54
07/14/2014,SPI,IL,AGL,CE,Combined TRACON& Tower with Radar,4,16,11,4,35,0,2,14,0,16,4,18,25,4,51,26,21,47,98
07/15/2014,SPI,IL,AGL,CE,Combined TRACON& Tower with Radar,0,18,19,25,62,0,5,24,1,30,0,23,43,26,92,30,26,56,148
07/16/2014,SPI,IL,AGL,CE,Combined TRACON& Tower with Radar,0,18,21,12,51,0,13,31,0,44,0,31,52,12,95,62,14,76,171
07/17/2014,SPI,IL,AGL,CE,Combined TRACON& Tower with Radar,0,13,21,0,34,0,12,37,1,50,0,25,58,1,84,0,0,0,84
07/18/2014,SPI,IL,AGL,CE,Combined TRACON& Tower with Radar,4,15,26,35,80,0,4,26,0,30,4,19,52,35,110,64,18,82,192
07/19/2014,SPI,IL,AGL,CE,Combined TRACON& Tower with Radar,0,13,14,1,28,0,4,30,0,34,0,17,44,1,62,36,0,36,98
07/20/2014,SPI,IL,AGL,CE,Combined TRACON& Tower with Radar,0,11,12,0,23,0,0,18,0,18,0,11,30,0,41,12,4,16,57
07/21/2014,SPI,IL,AGL,CE,Combined TRACON& Tower with Radar,4,14,5,9,32,0,4,17,0,21,4,18,22,9,53,46,17,63,116
07/22/2014,SPI,IL,AGL,CE,Combined TRACON& Tower with Radar,0,16,14,10,40,0,10,17,6,33,0,26,31,16,73,24,13,37,110
07/23/2014,SPI,IL,AGL,CE,Combined TRACON& Tower with Radar,0,20,29,43,92,0,4,10,1,15,0,24,39,44,107,28,42,70,177
07/24/2014,SPI,IL,AGL,CE,Combined TRACON& Tower with Radar,0,39,13,13,65,0,2,39,0,41,0,41,52,13,106,31,22,53,159
07/25/2014,SPI,IL,AGL,CE,Combined TRACON& Tower with Radar,4,15,26,4,49,0,0,16,0,16,4,15,42,4,65,19,3,22,87
07/26/2014,SPI,IL,AGL,CE,Combined TRACON& Tower with Radar,0,14,15,2,31,0,1,17,2,20,0,15,32,4,51,10,2,12,63
07/27/2014,SPI,IL,AGL,CE,Combined TRACON& Tower with Radar,0,11,11,0,22,0,8,10,1,19,0,19,21,1,41,10,0,10,51
07/28/2014,SPI,IL,AGL,CE,Combined TRACON& Tower with Radar,4,14,7,12,37,0,30,18,0,48,4,44,25,12,85,48,17,65,150
07/29/2014,SPI,IL,AGL,CE,Combined TRACON& Tower with Radar,0,16,13,22,51,0,31,28,2,61,0,47,41,24,112,78,16,94,206
07/30/2014,SPI,IL,AGL,CE,Combined TRACON& Tower with Radar,0,19,19,3,41,0,31,30,1,62,0,50,49,4,103,42,5,47,150
07/31/2014,SPI,IL,AGL,CE,Combined TRACON& Tower with Radar,0,14,22,1,37,0,13,24,1,38,0,27,46,2,75,86,0,86,161
08/01/2014,SPI,IL,AGL,CE,Combined TRACON& Tower with Radar,4,12,8,0,24,0,10,28,0,38,4,22,36,0,62,46,11,57,119
08/02/2014,SPI,IL,AGL,CE,Combined TRACON& Tower with Radar,0,9,19,2,30,0,2,38,2,42,0,11,57,4,72,26,0,26,98
08/03/2014,SPI,IL,AGL,CE,Combined TRACON& Tower with Radar,0,9,20,20,49,0,0,21,1,22,0,9,41,21,71,2,0,2,73
08/04/2014,SPI,IL,AGL,CE,Combined TRACON& Tower with Radar,4,18,14,2,38,0,4,18,0,22,4,22,32,2,60,12,2,14,74
08/05/2014,SPI,IL,AGL,CE,Combined TRACON& Tower with Radar,0,17,14,5,36,0,3,14,1,18,0,20,28,6,54,24,2,26,80
08/06/2014,SPI,IL,AGL,CE,Combined TRACON& Tower with Radar,2,17,18,1,38,0,0,9,0,9,2,17,27,1,47,8,2,10,57
08/07/2014,SPI,IL,AGL,CE,Combined TRACON& Tower with Radar,0,21,15,4,40,0,0,1,0,1,0,21,16,4,41,0,0,0,41
08/08/2014,SPI,IL,AGL,CE,Combined TRACON& Tower with Radar,4,14,38,13,69,0,0,0,0,0,4,14,38,13,69,0,2,2,71
08/09/2014,SPI,IL,AGL,CE,Combined TRACON& Tower with Radar,0,12,12,0,24,0,1,13,0,14,0,13,25,0,38,60,1,61,99
08/10/2014,SPI,IL,AGL,CE,Combined TRACON& Tower with Radar,0,13,21,0,34,0,2,10,0,12,0,15,31,0,46,70,3,73,119
08/11/2014,SPI,IL,AGL,CE,Combined TRACON& Tower with Radar,4,13,18,2,37,0,4,17,0,21,4,17,35,2,58,22,5,27,85
08/12/2014,SPI,IL,AGL,CE,Combined TRACON& Tower with Radar,0,17,30,0,47,0,10,23,1,34,0,27,53,1,81,38,2,40,121
08/13/2014,SPI,IL,AGL,CE,Combined TRACON& Tower with Radar,0,20,20,28,68,0,30,37,3,70,0,50,57,31,138,90,24,114,252
08/14/2014,SPI,IL,AGL,CE,Combined TRACON& Tower with Radar,0,14,20,0,34,0,4,25,0,29,0,18,45,0,63,10,7,17,80
08/15/2014,SPI,IL,AGL,CE,Combined TRACON& Tower with Radar,0,14,22,11,47,0,8,23,3,34,0,22,45,14,81,104,11,115,196
08/16/2014,SPI,IL,AGL,CE,Combined TRACON& Tower with Radar,0,12,11,1,24,0,0,2,0,2,0,12,13,1,26,28,0,28,54
08/17/2014,SPI,IL,AGL,CE,Combined TRACON& Tower with Radar,0,9,19,1,29,0,0,3,0,3,0,9,22,1,32,41,2,43,75
08/18/2014,SPI,IL,AGL,CE,Combined TRACON& Tower with Radar,2,10,9,0,21,0,0,11,1,12,2,10,20,1,33,10,2,12,45
08/19/2014,SPI,IL,AGL,CE,Combined TRACON& Tower with Radar,0,13,21,0,34,0,3,16,1,20,0,16,37,1,54,0,0,0,54
08/20/2014,SPI,IL,AGL,CE,Combined TRACON& Tower with Radar,2,12,10,3,27,0,2,5,0,7,2,14,15,3,34,44,7,51,85
08/21/2014,SPI,IL,AGL,CE,Combined TRACON& Tower with Radar,0,15,33,16,64,0,5,16,0,21,0,20,49,16,85,20,19,39,124
08/22/2014,SPI,IL,AGL,CE,Combined TRACON& Tower with Radar,0,13,18,0,31,0,4,19,0,23,0,17,37,0,54,4,0,4,58
08/23/2014,SPI,IL,AGL,CE,Combined TRACON& Tower with Radar,0,16,18,0,34,0,0,31,1,32,0,16,49,1,66,48,0,48,114
08/24/2014,SPI,IL,AGL,CE,Combined TRACON& Tower with Radar,0,18,12,0,30,0,2,26,1,29,0,20,38,1,59,14,5,19,78
08/25/2014,SPI,IL,AGL,CE,Combined TRACON& Tower with Radar,0,14,23,30,67,0,9,19,1,29,0,23,42,31,96,2,40,42,138
08/26/2014,SPI,IL,AGL,CE,Combined TRACON& Tower with Radar,2,25,23,2,52,0,2,12,0,14,2,27,35,2,66,0,0,0,66
08/27/2014,SPI,IL,AGL,CE,Combined TRACON& Tower with Radar,0,20,27,1,48,0,2,18,1,21,0,22,45,2,69,23,1,24,93
08/28/2014,SPI,IL,AGL,CE,Combined TRACON& Tower with Radar,0,20,25,11,56,0,4,23,6,33,0,24,48,17,89,21,4,25,114
08/29/2014,SPI,IL,AGL,CE,Combined TRACON& Tower with Radar,1,12,18,1,32,0,6,7,0,13,1,18,25,1,45,16,2,18,63
08/30/2014,SPI,IL,AGL,CE,Combined TRACON& Tower with Radar,0,8,9,0,17,0,0,13,0,13,0,8,22,0,30,0,2,2,32
08/31/2014,SPI,IL,AGL,CE,Combined TRACON& Tower with Radar,0,8,21,2,31,0,0,17,2,19,0,8,38,4,50,55,2,57,107
09/01/2014,SPI,IL,AGL,CE,Combined TRACON& Tower with Radar,0,11,10,0,21,0,0,4,0,4,0,11,14,0,25,0,1,1,26
09/02/2014,SPI,IL,AGL,CE,Combined TRACON& Tower with Radar,0,13,13,2,28,0,2,13,1,16,0,15,26,3,44,20,7,27,71
09/03/2014,SPI,IL,AGL,CE,Combined TRACON& Tower with Radar,1,18,21,2,42,0,5,25,2,32,1,23,46,4,74,61,2,63,137
09/04/2014,SPI,IL,AGL,CE,Combined TRACON& Tower with Radar,0,16,12,17,45,0,7,18,0,25,0,23,30,17,70,3,56,59,129
09/05/2014,SPI,IL,AGL,CE,Combined TRACON& Tower with Radar,0,8,17,14,39,0,5,15,4,24,0,13,32,18,63,26,20,46,109
09/06/2014,SPI,IL,AGL,CE,Combined TRACON& Tower with Radar,0,11,15,0,26,0,0,17,0,17,0,11,32,0,43,38,1,39,82
09/07/2014,SPI,IL,AGL,CE,Combined TRACON& Tower with Radar,0,10,11,0,21,0,2,27,0,29,0,12,38,0,50,24,6,30,80
09/08/2014,SPI,IL,AGL,CE,Combined TRACON& Tower with Radar,0,12,19,3,34,0,11,30,2,43,0,23,49,5,77,32,4,36,113
09/09/2014,SPI,IL,AGL,CE,Combined TRACON& Tower with Radar,0,13,5,2,20,0,0,2,0,2,0,13,7,2,22,0,0,0,22
09/10/2014,SPI,IL,AGL,CE,Combined TRACON& Tower with Radar,2,16,9,2,29,0,0,1,0,1,2,16,10,2,30,4,1,5,35
09/11/2014,SPI,IL,AGL,CE,Combined TRACON& Tower with Radar,0,17,45,25,87,0,2,6,2,10,0,19,51,27,97,28,4,32,129
09/12/2014,SPI,IL,AGL,CE,Combined TRACON& Tower with Radar,0,15,13,64,92,0,0,9,0,9,0,15,22,64,101,50,60,110,211
09/13/2014,SPI,IL,AGL,CE,Combined TRACON& Tower with Radar,0,8,16,0,24,0,0,26,1,27,0,8,42,1,51,46,1,47,98
09/14/2014,SPI,IL,AGL,CE,Combined TRACON& Tower with Radar,0,13,18,0,31,0,0,36,1,37,0,13,54,1,68,30,2,32,100
09/15/2014,SPI,IL,AGL,CE,Combined TRACON& Tower with Radar,0,14,18,0,32,0,0,3,0,3,0,14,21,0,35,0,0,0,35
09/16/2014,SPI,IL,AGL,CE,Combined TRACON& Tower with Radar,2,14,26,19,61,0,2,20,2,24,2,16,46,21,85,8,11,19,104
09/17/2014,SPI,IL,AGL,CE,Combined TRACON& Tower with Radar,0,15,18,1,34,0,5,19,0,24,0,20,37,1,58,28,5,33,91
09/18/2014,SPI,IL,AGL,CE,Combined TRACON& Tower with Radar,0,13,15,55,83,0,15,27,0,42,0,28,42,55,125,26,42,68,193
09/19/2014,SPI,IL,AGL,CE,Combined TRACON& Tower with Radar,0,20,15,12,47,0,12,27,0,39,0,32,42,12,86,22,27,49,135
09/20/2014,SPI,IL,AGL,CE,Combined TRACON& Tower with Radar,0,15,16,19,50,0,9,21,5,35,0,24,37,24,85,26,16,42,127
09/21/2014,SPI,IL,AGL,CE,Combined TRACON& Tower with Radar,0,9,11,0,20,0,0,17,0,17,0,9,28,0,37,0,0,0,37
09/22/2014,SPI,IL,AGL,CE,Combined TRACON& Tower with Radar,0,19,10,0,29,0,4,33,2,39,0,23,43,2,68,24,3,27,95
09/23/2014,SPI,IL,AGL,CE,Combined TRACON& Tower with Radar,0,17,15,19,51,0,2,22,1,25,0,19,37,20,76,34,23,57,133
09/24/2014,SPI,IL,AGL,CE,Combined TRACON& Tower with Radar,0,24,30,12,66,0,13,33,0,46,0,37,63,12,112,61,7,68,180
09/25/2014,SPI,IL,AGL,CE,Combined TRACON& Tower with Radar,2,18,12,6,38,0,16,36,0,52,2,34,48,6,90,39,0,39,129
09/26/2014,SPI,IL,AGL,CE,Combined TRACON& Tower with Radar,0,9,32,25,66,0,8,47,0,55,0,17,79,25,121,24,5,29,150
09/27/2014,SPI,IL,AGL,CE,Combined TRACON& Tower with Radar,0,5,16,6,27,0,2,26,0,28,0,7,42,6,55,28,2,30,85
09/28/2014,SPI,IL,AGL,CE,Combined TRACON& Tower with Radar,0,5,10,2,17,0,2,27,0,29,0,7,37,2,46,30,3,33,79
09/29/2014,SPI,IL,AGL,CE,Combined TRACON& Tower with Radar,0,11,25,1,37,0,8,26,0,34,0,19,51,1,71,18,3,21,92
09/30/2014,SPI,IL,AGL,CE,Combined TRACON& Tower with Radar,0,12,27,2,41,0,3,11,0,14,0,15,38,2,55,12,0,12,67
10/01/2014,SPI,IL,AGL,CE,Combined TRACON& Tower with Radar,0,18,13,18,49,0,10,13,6,29,0,28,26,24,78,33,9,42,120
10/02/2014,SPI,IL,AGL,CE,Combined TRACON& Tower with Radar,2,6,14,0,22,0,0,0,0,0,2,6,14,0,22,6,0,6,28
10/03/2014,SPI,IL,AGL,CE,Combined TRACON& Tower with Radar,0,14,17,1,32,0,2,8,1,11,0,16,25,2,43,28,1,29,72
10/04/2014,SPI,IL,AGL,CE,Combined TRACON& Tower with Radar,0,9,6,0,15,0,4,11,0,15,0,13,17,0,30,72,4,76,106
10/05/2014,SPI,IL,AGL,CE,Combined TRACON& Tower with Radar,0,10,19,1,30,0,2,26,0,28,0,12,45,1,58,16,1,17,75
10/06/2014,SPI,IL,AGL,CE,Combined TRACON& Tower with Radar,0,11,19,36,66,0,1,23,0,24,0,12,42,36,90,10,31,41,131
10/07/2014,SPI,IL,AGL,CE,Combined TRACON& Tower with Radar,0,14,23,4,41,0,7,15,1,23,0,21,38,5,64,30,18,48,112
10/08/2014,SPI,IL,AGL,CE,Combined TRACON& Tower with Radar,0,14,22,37,73,0,9,41,0,50,0,23,63,37,123,66,24,90,213
10/09/2014,SPI,IL,AGL,CE,Combined TRACON& Tower with Radar,0,18,17,0,35,0,0,9,0,9,0,18,26,0,44,8,0,8,52
10/10/2014,SPI,IL,AGL,CE,Combined TRACON& Tower with Radar,0,14,18,58,90,0,3,12,0,15,0,17,30,58,105,34,45,79,184
10/11/2014,SPI,IL,AGL,CE,Combined TRACON& Tower with Radar,0,6,10,2,18,0,0,40,1,41,0,6,50,3,59,22,1,23,82
10/12/2014,SPI,IL,AGL,CE,Combined TRACON& Tower with Radar,0,10,10,0,20,0,0,1,0,1,0,10,11,0,21,18,1,19,40
10/13/2014,SPI,IL,AGL,CE,Combined TRACON& Tower with Radar,0,8,7,2,17,0,0,0,0,0,0,8,7,2,17,0,2,2,19
10/14/2014,SPI,IL,AGL,CE,Combined TRACON& Tower with Radar,0,14,23,11,48,0,0,0,0,0,0,14,23,11,48,1,0,1,49
10/15/2014,SPI,IL,AGL,CE,Combined TRACON& Tower with Radar,0,14,31,0,45,0,0,0,0,0,0,14,31,0,45,1,2,3,48
10/16/2014,SPI,IL,AGL,CE,Combined TRACON& Tower with Radar,1,21,26,0,48,0,4,26,1,31,1,25,52,1,79,31,6,37,116
10/17/2014,SPI,IL,AGL,CE,Combined TRACON& Tower with Radar,0,12,27,4,43,0,10,21,1,32,0,22,48,5,75,49,5,54,129
10/18/2014,SPI,IL,AGL,CE,Combined TRACON& Tower with Radar,0,8,7,2,17,0,0,24,1,25,0,8,31,3,42,33,0,33,75
10/19/2014,SPI,IL,AGL,CE,Combined TRACON& Tower with Radar,0,14,10,5,29,0,2,32,1,35,0,16,42,6,64,43,3,46,110
10/20/2014,SPI,IL,AGL,CE,Combined TRACON& Tower with Radar,0,16,27,17,60,0,3,26,1,30,0,19,53,18,90,36,16,52,142
10/21/2014,SPI,IL,AGL,CE,Combined TRACON& Tower with Radar,0,17,18,3,38,0,10,32,0,42,0,27,50,3,80,6,5,11,91
10/22/2014,SPI,IL,AGL,CE,Combined TRACON& Tower with Radar,0,18,20,7,45,0,21,32,0,53,0,39,52,7,98,42,12,54,152
10/23/2014,SPI,IL,AGL,CE,Combined TRACON& Tower with Radar,0,23,30,9,62,0,9,28,0,37,0,32,58,9,99,43,3,46,145
10/24/2014,SPI,IL,AGL,CE,Combined TRACON& Tower with Radar,0,13,25,1,39,0,0,18,0,18,0,13,43,1,57,32,0,32,89
10/25/2014,SPI,IL,AGL,CE,Combined TRACON& Tower with Radar,0,10,9,0,19,0,0,23,0,23,0,10,32,0,42,70,0,70,112
10/26/2014,SPI,IL,AGL,CE,Combined TRACON& Tower with Radar,0,12,12,15,39,0,1,47,0,48,0,13,59,15,87,31,15,46,133
10/27/2014,SPI,IL,AGL,CE,Combined TRACON& Tower with Radar,0,17,15,16,48,0,4,16,0,20,0,21,31,16,68,20,7,27,95
10/28/2014,SPI,IL,AGL,CE,Combined TRACON& Tower with Radar,2,14,18,2,36,0,2,14,2,18,2,16,32,4,54,74,0,74,128
10/29/2014,SPI,IL,AGL,CE,Combined TRACON& Tower with Radar,0,22,25,2,49,0,6,16,0,22,0,28,41,2,71,20,0,20,91
10/30/2014,SPI,IL,AGL,CE,Combined TRACON& Tower with Radar,0,18,18,21,57,0,0,15,1,16,0,18,33,22,73,76,17,93,166
10/31/2014,SPI,IL,AGL,CE,Combined TRACON& Tower with Radar,0,10,14,2,26,0,6,7,1,14,0,16,21,3,40,4,4,8,48
11/01/2014,SPI,IL,AGL,CE,Combined TRACON& Tower with Radar,0,9,10,0,19,0,0,27,0,27,0,9,37,0,46,58,4,62,108
11/02/2014,SPI,IL,AGL,CE,Combined TRACON& Tower with Radar,0,10,20,0,30,0,0,14,0,14,0,10,34,0,44,1,2,3,47
11/03/2014,SPI,IL,AGL,CE,Combined TRACON& Tower with Radar,1,15,14,24,54,0,0,5,2,7,1,15,19,26,61,0,33,33,94
11/04/2014,SPI,IL,AGL,CE,Combined TRACON& Tower with Radar,0,14,8,10,32,0,0,0,0,0,0,14,8,10,32,18,7,25,57
11/05/2014,SPI,IL,AGL,CE,Combined TRACON& Tower with Radar,0,14,25,49,88,0,9,14,3,26,0,23,39,52,114,67,53,120,234
11/06/2014,SPI,IL,AGL,CE,Combined TRACON& Tower with Radar,0,15,15,10,40,0,5,6,1,12,0,20,21,11,52,2,0,2,54
11/07/2014,SPI,IL,AGL,CE,Combined TRACON& Tower with Radar,2,20,21,18,61,0,8,18,0,26,2,28,39,18,87,50,13,63,150
11/08/2014,SPI,IL,AGL,CE,Combined TRACON& Tower with Radar,0,8,14,0,22,0,0,10,0,10,0,8,24,0,32,26,0,26,58
11/09/2014,SPI,IL,AGL,CE,Combined TRACON& Tower with Radar,0,13,19,0,32,0,1,21,0,22,0,14,40,0,54,2,0,2,56
11/10/2014,SPI,IL,AGL,CE,Combined TRACON& Tower with Radar,2,18,11,4,35,0,14,16,0,30,2,32,27,4,65,0,9,9,74
11/11/2014,SPI,IL,AGL,CE,Combined TRACON& Tower with Radar,0,9,9,0,18,0,0,1,1,2,0,9,10,1,20,0,2,2,22
11/12/2014,SPI,IL,AGL,CE,Combined TRACON& Tower with Radar,0,20,25,20,65,0,4,17,0,21,0,24,42,20,86,138,28,166,252
11/13/2014,SPI,IL,AGL,CE,Combined TRACON& Tower with Radar,0,20,25,31,76,0,5,3,0,8,0,25,28,31,84,88,39,127,211
11/14/2014,SPI,IL,AGL,CE,Combined TRACON& Tower with Radar,3,9,15,44,71,0,14,23,1,38,3,23,38,45,109,62,32,94,203
11/15/2014,SPI,IL,AGL,CE,Combined TRACON& Tower with Radar,1,8,11,0,20,0,0,13,1,14,1,8,24,1,34,46,6,52,86
11/16/2014,SPI,IL,AGL,CE,Combined TRACON& Tower with Radar,0,12,7,0,19,0,0,2,0,2,0,12,9,0,21,0,0,0,21
11/17/2014,SPI,IL,AGL,CE,Combined TRACON& Tower with Radar,2,15,20,6,43,0,6,2,3,11,2,21,22,9,54,0,17,17,71
11/18/2014,SPI,IL,AGL,CE,Combined TRACON& Tower with Radar,2,10,19,14,45,0,6,8,0,14,2,16,27,14,59,8,31,39,98
11/19/2014,SPI,IL,AGL,CE,Combined TRACON& Tower with Radar,0,19,20,26,65,0,7,4,1,12,0,26,24,27,77,0,16,16,93
11/20/2014,SPI,IL,AGL,CE,Combined TRACON& Tower with Radar,0,19,34,63,116,0,7,24,3,34,0,26,58,66,150,38,38,76,226
11/21/2014,SPI,IL,AGL,CE,Combined TRACON& Tower with Radar,2,14,18,8,42,0,4,20,6,30,2,18,38,14,72,77,13,90,162
11/22/2014,SPI,IL,AGL,CE,Combined TRACON& Tower with Radar,0,8,4,0,12,0,0,6,1,7,0,8,10,1,19,28,1,29,48
11/23/2014,SPI,IL,AGL,CE,Combined TRACON& Tower with Radar,0,8,7,0,15,0,0,0,0,0,0,8,7,0,15,0,1,1,16
11/24/2014,SPI,IL,AGL,CE,Combined TRACON& Tower with Radar,2,11,3,0,16,0,0,2,0,2,2,11,5,0,18,0,1,1,19
11/25/2014,SPI,IL,AGL,CE,Combined TRACON& Tower with Radar,0,20,15,4,39,0,8,28,1,37,0,28,43,5,76,151,7,158,234
11/26/2014,SPI,IL,AGL,CE,Combined TRACON& Tower with Radar,0,13,9,6,28,0,0,2,0,2,0,13,11,6,30,20,1,21,51
11/27/2014,SPI,IL,AGL,CE,Combined TRACON& Tower with Radar,0,8,1,0,9,0,2,4,0,6,0,10,5,0,15,0,1,1,16
11/28/2014,SPI,IL,AGL,CE,Combined TRACON& Tower with Radar,0,12,8,0,20,0,2,7,0,9,0,14,15,0,29,20,5,25,54
11/29/2014,SPI,IL,AGL,CE,Combined TRACON& Tower with Radar,2,9,10,0,21,0,2,20,0,22,2,11,30,0,43,12,4,16,59
11/30/2014,SPI,IL,AGL,CE,Combined TRACON& Tower with Radar,0,10,12,0,22,0,0,5,0,5,0,10,17,0,27,14,0,14,41
12/01/2014,SPI,IL,AGL,CE,Combined TRACON& Tower with Radar,2,15,15,20,52,0,4,8,0,12,2,19,23,20,64,46,29,75,139
12/02/2014,SPI,IL,AGL,CE,Combined TRACON& Tower with Radar,0,26,13,22,61,0,4,7,0,11,0,30,20,22,72,6,4,10,82
12/03/2014,SPI,IL,AGL,CE,Combined TRACON& Tower with Radar,0,26,18,33,77,0,5,39,5,49,0,31,57,38,126,20,101,121,247
12/04/2014,SPI,IL,AGL,CE,Combined TRACON& Tower with Radar,1,23,17,0,41,0,0,5,0,5,1,23,22,0,46,15,0,15,61
12/05/2014,SPI,IL,AGL,CE,Combined TRACON& Tower with Radar,2,14,6,0,22,0,0,0,0,0,2,14,6,0,22,0,0,0,22
12/06/2014,SPI,IL,AGL,CE,Combined TRACON& Tower with Radar,0,11,10,2,23,0,0,0,1,1,0,11,10,3,24,0,1,1,25
12/07/2014,SPI,IL,AGL,CE,Combined TRACON& Tower with Radar,0,10,17,1,28,0,2,21,0,23,0,12,38,1,51,6,6,12,63
12/08/2014,SPI,IL,AGL,CE,Combined TRACON& Tower with Radar,4,14,17,10,45,0,0,1,0,1,4,14,18,10,46,0,0,0,46
12/09/2014,SPI,IL,AGL,CE,Combined TRACON& Tower with Radar,0,11,24,0,35,0,1,10,0,11,0,12,34,0,46,95,4,99,145
12/10/2014,SPI,IL,AGL,CE,Combined TRACON& Tower with Radar,0,14,18,4,36,0,0,20,0,20,0,14,38,4,56,26,10,36,92
12/11/2014,SPI,IL,AGL,CE,Combined TRACON& Tower with Radar,0,19,14,2,35,0,1,10,0,11,0,20,24,2,46,120,2,122,168
12/12/2014,SPI,IL,AGL,CE,Combined TRACON& Tower with Radar,2,13,22,8,45,0,7,7,1,15,2,20,29,9,60,38,0,38,98
12/13/2014,SPI,IL,AGL,CE,Combined TRACON& Tower with Radar,0,11,18,0,29,0,0,17,0,17,0,11,35,0,46,72,0,72,118
12/14/2014,SPI,IL,AGL,CE,Combined TRACON& Tower with Radar,0,5,17,0,22,0,0,0,0,0,0,5,17,0,22,0,0,0,22
12/15/2014,SPI,IL,AGL,CE,Combined TRACON& Tower with Radar,2,17,10,3,32,0,0,0,0,0,2,17,10,3,32,0,0,0,32
12/16/2014,SPI,IL,AGL,CE,Combined TRACON& Tower with Radar,0,12,16,2,30,0,0,0,0,0,0,12,16,2,30,0,0,0,30
12/17/2014,SPI,IL,AGL,CE,Combined TRACON& Tower with Radar,0,19,14,8,41,0,5,15,2,22,0,24,29,10,63,78,18,96,159
12/18/2014,SPI,IL,AGL,CE,Combined TRACON& Tower with Radar,0,16,19,0,35,0,0,2,1,3,0,16,21,1,38,0,4,4,42
12/19/2014,SPI,IL,AGL,CE,Combined TRACON& Tower with Radar,4,16,17,0,37,0,1,22,0,23,4,17,39,0,60,81,2,83,143
12/20/2014,SPI,IL,AGL,CE,Combined TRACON& Tower with Radar,0,9,19,2,30,0,0,20,2,22,0,9,39,4,52,22,0,22,74
12/21/2014,SPI,IL,AGL,CE,Combined TRACON& Tower with Radar,0,12,12,0,24,0,0,10,2,12,0,12,22,2,36,6,6,12,48
12/22/2014,SPI,IL,AGL,CE,Combined TRACON& Tower with Radar,4,9,9,0,22,0,0,0,0,0,4,9,9,0,22,0,0,0,22
12/23/2014,SPI,IL,AGL,CE,Combined TRACON& Tower with Radar,2,13,22,0,37,0,3,29,1,33,2,16,51,1,70,38,5,43,113
12/24/2014,SPI,IL,AGL,CE,Combined TRACON& Tower with Radar,0,6,0,0,6,0,0,0,0,0,0,6,0,0,6,0,1,1,7
12/25/2014,SPI,IL,AGL,CE,Combined TRACON& Tower with Radar,0,8,2,0,10,0,0,8,2,10,0,8,10,2,20,0,1,1,21
12/26/2014,SPI,IL,AGL,CE,Combined TRACON& Tower with Radar,4,12,10,0,26,0,1,19,0,20,4,13,29,0,46,18,4,22,68
12/27/2014,SPI,IL,AGL,CE,Combined TRACON& Tower with Radar,2,11,9,0,22,0,0,0,2,2,2,11,9,2,24,0,20,20,44
12/28/2014,SPI,IL,AGL,CE,Combined TRACON& Tower with Radar,0,8,10,0,18,0,0,18,0,18,0,8,28,0,36,24,0,24,60
12/29/2014,SPI,IL,AGL,CE,Combined TRACON& Tower with Radar,4,13,12,16,45,0,0,31,0,31,4,13,43,16,76,22,24,46,122
12/30/2014,SPI,IL,AGL,CE,Combined TRACON& Tower with Radar,0,10,13,23,46,0,7,17,1,25,0,17,30,24,71,18,37,55,126
12/31/2014,SPI,IL,AGL,CE,Combined TRACON& Tower with Radar,2,11,4,0,17,0,0,12,0,12,2,11,16,0,29,0,6,6,35
01/01/2015,SPI,IL,AGL,CE,Combined TRACON& Tower with Radar,2,6,6,0,14,0,2,13,1,16,2,8,19,1,30,0,2,2,32
01/02/2015,SPI,IL,AGL,CE,Combined TRACON& Tower with Radar,4,10,6,0,20,0,0,28,0,28,4,10,34,0,48,69,0,69,117
01/03/2015,SPI,IL,AGL,CE,Combined TRACON& Tower with Radar,0,7,8,0,15,0,0,0,0,0,0,7,8,0,15,0,0,0,15
01/04/2015,SPI,IL,AGL,CE,Combined TRACON& Tower with Radar,0,10,7,0,17,0,0,0,0,0,0,10,7,0,17,0,1,1,18
01/05/2015,SPI,IL,AGL,CE,Combined TRACON& Tower with Radar,4,12,5,6,27,0,2,8,0,10,4,14,13,6,37,0,20,20,57
01/06/2015,SPI,IL,AGL,CE,Combined TRACON& Tower with Radar,0,11,5,0,16,0,1,15,0,16,0,12,20,0,32,0,1,1,33
01/07/2015,SPI,IL,AGL,CE,Combined TRACON& Tower with Radar,0,16,9,14,39,0,0,2,3,5,0,16,11,17,44,0,7,7,51
01/08/2015,SPI,IL,AGL,CE,Combined TRACON& Tower with Radar,0,13,11,0,24,0,1,10,0,11,0,14,21,0,35,2,4,6,41
01/09/2015,SPI,IL,AGL,CE,Combined TRACON& Tower with Radar,4,11,11,0,26,0,2,7,5,14,4,13,18,5,40,2,3,5,45
01/10/2015,SPI,IL,AGL,CE,Combined TRACON& Tower with Radar,2,10,11,4,27,0,0,13,1,14,2,10,24,5,41,24,3,27,68
01/11/2015,SPI,IL,AGL,CE,Combined TRACON& Tower with Radar,0,12,20,2,34,0,0,4,0,4,0,12,24,2,38,20,1,21,59
01/12/2015,SPI,IL,AGL,CE,Combined TRACON& Tower with Radar,2,23,31,6,62,0,0,5,1,6,2,23,36,7,68,6,8,14,82
01/13/2015,SPI,IL,AGL,CE,Combined TRACON& Tower with Radar,1,18,11,1,31,0,0,17,0,17,1,18,28,1,48,0,6,6,54
01/14/2015,SPI,IL,AGL,CE,Combined TRACON& Tower with Radar,2,20,28,27,77,0,16,12,0,28,2,36,40,27,105,2,41,43,148
01/15/2015,SPI,IL,AGL,CE,Combined TRACON& Tower with Radar,0,24,12,0,36,0,0,19,2,21,0,24,31,2,57,44,0,44,101
01/16/2015,SPI,IL,AGL,CE,Combined TRACON& Tower with Radar,4,7,14,0,25,0,0,21,1,22,4,7,35,1,47,82,1,83,130
01/17/2015,SPI,IL,AGL,CE,Combined TRACON& Tower with Radar,0,8,8,0,16,0,0,12,0,12,0,8,20,0,28,20,2,22,50
01/18/2015,SPI,IL,AGL,CE,Combined TRACON& Tower with Radar,0,8,10,0,18,0,0,22,0,22,0,8,32,0,40,16,2,18,58
01/19/2015,SPI,IL,AGL,CE,Combined TRACON& Tower with Radar,4,9,11,0,24,0,0,42,0,42,4,9,53,0,66,38,1,39,105
01/20/2015,SPI,IL,AGL,CE,Combined TRACON& Tower with Radar,0,9,14,17,40,0,7,21,0,28,0,16,35,17,68,42,12,54,122
01/21/2015,SPI,IL,AGL,CE,Combined TRACON& Tower with Radar,0,13,17,16,46,0,0,4,4,8,0,13,21,20,54,4,15,19,73
01/22/2015,SPI,IL,AGL,CE,Combined TRACON& Tower with Radar,0,14,15,2,31,0,2,7,0,9,0,16,22,2,40,6,9,15,55
01/23/2015,SPI,IL,AGL,CE,Combined TRACON& Tower with Radar,4,14,14,10,42,0,6,10,0,16,4,20,24,10,58,38,7,45,103
01/24/2015,SPI,IL,AGL,CE,Combined TRACON& Tower with Radar,0,10,11,0,21,0,3,35,1,39,0,13,46,1,60,58,3,61,121
01/25/2015,SPI,IL,AGL,CE,Combined TRACON& Tower with Radar,0,8,7,0,15,0,0,0,1,1,0,8,7,1,16,0,1,1,17
01/26/2015,SPI,IL,AGL,CE,Combined TRACON& Tower with Radar,4,15,12,0,31,0,0,0,0,0,4,15,12,0,31,0,1,1,32
01/27/2015,SPI,IL,AGL,CE,Combined TRACON& Tower with Radar,0,15,16,2,33,0,0,9,0,9,0,15,25,2,42,0,2,2,44
01/28/2015,SPI,IL,AGL,CE,Combined TRACON& Tower with Radar,0,13,16,0,29,0,5,16,2,23,0,18,32,2,52,6,8,14,66
01/29/2015,SPI,IL,AGL,CE,Combined TRACON& Tower with Radar,0,12,14,0,26,0,0,1,0,1,0,12,15,0,27,0,1,1,28
01/30/2015,SPI,IL,AGL,CE,Combined TRACON& Tower with Radar,4,9,23,40,76,0,7,38,1,46,4,16,61,41,122,38,31,69,191
01/31/2015,SPI,IL,AGL,CE,Combined TRACON& Tower with Radar,0,9,12,0,21,0,0,14,0,14,0,9,26,0,35,78,1,79,114
02/01/2015,SPI,IL,AGL,CE,Combined TRACON& Tower with Radar,0,5,5,0,10,0,0,0,0,0,0,5,5,0,10,0,0,0,10
02/02/2015,SPI,IL,AGL,CE,Combined TRACON& Tower with Radar,4,10,12,20,46,0,0,11,1,12,4,10,23,21,58,18,18,36,94
02/03/2015,SPI,IL,AGL,CE,Combined TRACON& Tower with Radar,0,17,14,18,49,0,1,12,5,18,0,18,26,23,67,18,24,42,109
02/04/2015,SPI,IL,AGL,CE,Combined TRACON& Tower with Radar,0,14,9,0,23,0,0,1,1,2,0,14,10,1,25,0,1,1,26
02/05/2015,SPI,IL,AGL,CE,Combined TRACON& Tower with Radar,0,14,13,23,50,0,0,16,0,16,0,14,29,23,66,16,25,41,107
02/06/2015,SPI,IL,AGL,CE,Combined TRACON& Tower with Radar,4,10,25,16,55,0,8,25,5,38,4,18,50,21,93,8,23,31,124
02/07/2015,SPI,IL,AGL,CE,Combined TRACON& Tower with Radar,0,8,9,0,17,0,0,34,0,34,0,8,43,0,51,2,4,6,57
02/08/2015,SPI,IL,AGL,CE,Combined TRACON& Tower with Radar,0,7,14,0,21,0,0,12,0,12,0,7,26,0,33,30,0,30,63
02/09/2015,SPI,IL,AGL,CE,Combined TRACON& Tower with Radar,4,16,9,14,43,0,0,0,0,0,4,16,9,14,43,0,0,0,43
02/10/2015,SPI,IL,AGL,CE,Combined TRACON& Tower with Radar,0,18,5,9,32,0,2,12,0,14,0,20,17,9,46,90,10,100,146
02/11/2015,SPI,IL,AGL,CE,Combined TRACON& Tower with Radar,0,18,12,14,44,0,0,0,2,2,0,18,12,16,46,0,3,3,49
02/12/2015,SPI,IL,AGL,CE,Combined TRACON& Tower with Radar,0,12,18,2,32,0,4,7,1,12,0,16,25,3,44,2,9,11,55
02/13/2015,SPI,IL,AGL,CE,Combined TRACON& Tower with Radar,4,8,20,2,34,0,3,15,0,18,4,11,35,2,52,10,6,16,68
02/14/2015,SPI,IL,AGL,CE,Combined TRACON& Tower with Radar,2,8,3,0,13,0,0,1,1,2,2,8,4,1,15,0,1,1,16
02/15/2015,SPI,IL,AGL,CE,Combined TRACON& Tower with Radar,0,9,10,2,21,0,0,5,0,5,0,9,15,2,26,6,0,6,32
02/16/2015,SPI,IL,AGL,CE,Combined TRACON& Tower with Radar,4,12,16,0,32,0,0,8,0,8,4,12,24,0,40,25,2,27,67
02/17/2015,SPI,IL,AGL,CE,Combined TRACON& Tower with Radar,0,18,13,6,37,0,0,8,2,10,0,18,21,8,47,6,0,6,53
02/18/2015,SPI,IL,AGL,CE,Combined TRACON& Tower with Radar,0,14,7,2,23,0,0,8,0,8,0,14,15,2,31,0,0,0,31
02/19/2015,SPI,IL,AGL,CE,Combined TRACON& Tower with Radar,0,20,7,36,63,0,2,9,1,12,0,22,16,37,75,20,51,71,146
02/20/2015,SPI,IL,AGL,CE,Combined TRACON& Tower with Radar,4,10,9,30,53,0,0,2,0,2,4,10,11,30,55,2,17,19,74
02/21/2015,SPI,IL,AGL,CE,Combined TRACON& Tower with Radar,2,5,4,2,13,0,0,4,0,4,2,5,8,2,17,20,1,21,38
02/22/2015,SPI,IL,AGL,CE,Combined TRACON& Tower with Radar,0,8,8,0,16,0,0,4,2,6,0,8,12,2,22,13,0,13,35
02/23/2015,SPI,IL,AGL,CE,Combined TRACON& Tower with Radar,4,12,15,12,43,0,0,12,2,14,4,12,27,14,57,0,20,20,77
02/24/2015,SPI,IL,AGL,CE,Combined TRACON& Tower with Radar,0,19,21,14,54,0,2,6,0,8,0,21,27,14,62,0,2,2,64
02/25/2015,SPI,IL,AGL,CE,Combined TRACON& Tower with Radar,0,19,17,9,45,0,2,18,0,20,0,21,35,9,65,62,7,69,134
02/26/2015,SPI,IL,AGL,CE,Combined TRACON& Tower with Radar,0,20,9,16,45,0,0,2,0,2,0,20,11,16,47,0,14,14,61
02/27/2015,SPI,IL,AGL,CE,Combined TRACON& Tower with Radar,4,13,10,10,37,0,5,10,4,19,4,18,20,14,56,0,15,15,71
02/28/2015,SPI,IL,AGL,CE,Combined TRACON& Tower with Radar,1,5,21,0,27,0,14,21,0,35,1,19,42,0,62,18,3,21,83
03/01/2015,SPI,IL,AGL,CE,Combined TRACON& Tower with Radar,0,6,7,0,13,0,0,0,0,0,0,6,7,0,13,0,0,0,13
03/02/2015,SPI,IL,AGL,CE,Combined TRACON& Tower with Radar,4,14,19,12,49,0,0,12,0,12,4,14,31,12,61,11,19,30,91
03/03/2015,SPI,IL,AGL,CE,Combined TRACON& Tower with Radar,0,12,9,0,21,0,3,0,0,3,0,15,9,0,24,0,1,1,25
03/04/2015,SPI,IL,AGL,CE,Combined TRACON& Tower with Radar,0,9,22,6,37,0,4,2,1,7,0,13,24,7,44,6,1,7,51
03/05/2015,SPI,IL,AGL,CE,Combined TRACON& Tower with Radar,0,18,21,6,45,0,8,16,4,28,0,26,37,10,73,58,2,60,133
03/06/2015,SPI,IL,AGL,CE,Combined TRACON& Tower with Radar,4,16,19,5,44,0,5,17,4,26,4,21,36,9,70,12,7,19,89
03/07/2015,SPI,IL,AGL,CE,Combined TRACON& Tower with Radar,2,9,15,0,26,0,0,30,1,31,2,9,45,1,57,36,0,36,93
03/08/2015,SPI,IL,AGL,CE,Combined TRACON& Tower with Radar,0,10,18,0,28,0,4,42,1,47,0,14,60,1,75,48,3,51,126
03/09/2015,SPI,IL,AGL,CE,Combined TRACON& Tower with Radar,6,14,24,2,46,0,3,18,0,21,6,17,42,2,67,64,0,64,131
03/10/2015,SPI,IL,AGL,CE,Combined TRACON& Tower with Radar,0,15,28,6,49,0,0,10,0,10,0,15,38,6,59,19,2,21,80
03/11/2015,SPI,IL,AGL,CE,Combined TRACON& Tower with Radar,0,9,22,6,37,0,4,1,1,6,0,13,23,7,43,0,31,31,74
03/12/2015,SPI,IL,AGL,CE,Combined TRACON& Tower with Radar,0,13,22,4,39,0,2,27,0,29,0,15,49,4,68,20,19,39,107
03/13/2015,SPI,IL,AGL,CE,Combined TRACON& Tower with Radar,4,15,32,2,53,0,2,2,0,4,4,17,34,2,57,10,2,12,69
03/14/2015,SPI,IL,AGL,CE,Combined TRACON& Tower with Radar,2,10,16,0,28,0,3,20,0,23,2,13,36,0,51,22,0,22,73
03/15/2015,SPI,IL,AGL,CE,Combined TRACON& Tower with Radar,0,9,10,0,19,0,3,21,3,27,0,12,31,3,46,77,6,83,129
03/16/2015,SPI,IL,AGL,CE,Combined TRACON& Tower with Radar,4,20,22,2,48,0,7,33,0,40,4,27,55,2,88,28,2,30,118
03/17/2015,SPI,IL,AGL,CE,Combined TRACON& Tower with Radar,2,19,20,17,58,0,3,6,5,14,2,22,26,22,72,16,18,34,106
03/18/2015,SPI,IL,AGL,CE,Combined TRACON& Tower with Radar,0,19,30,28,77,0,2,22,4,28,0,21,52,32,105,4,17,21,126
03/19/2015,SPI,IL,AGL,CE,Combined TRACON& Tower with Radar,0,18,11,37,66,0,3,5,3,11,0,21,16,40,77,0,27,27,104
03/20/2015,SPI,IL,AGL,CE,Combined TRACON& Tower with Radar,4,15,18,4,41,0,0,3,1,4,4,15,21,5,45,0,2,2,47
03/21/2015,SPI,IL,AGL,CE,Combined TRACON& Tower with Radar,2,11,7,0,20,0,2,30,0,32,2,13,37,0,52,26,2,28,80
03/22/2015,SPI,IL,AGL,CE,Combined TRACON& Tower with Radar,0,11,16,0,27,0,0,35,0,35,0,11,51,0,62,3,5,8,70
03/23/2015,SPI,IL,AGL,CE,Combined TRACON& Tower with Radar,4,13,10,1,28,0,2,9,3,14,4,15,19,4,42,37,1,38,80
03/24/2015,SPI,IL,AGL,CE,Combined TRACON& Tower with Radar,0,13,12,2,27,0,0,3,0,3,0,13,15,2,30,0,3,3,33
03/25/2015,SPI,IL,AGL,CE,Combined TRACON& Tower with Radar,0,18,25,3,46,0,2,2,0,4,0,20,27,3,50,36,1,37,87
03/26/2015,SPI,IL,AGL,CE,Combined TRACON& Tower with Radar,0,23,20,22,65,0,2,8,1,11,0,25,28,23,76,20,33,53,129
03/27/2015,SPI,IL,AGL,CE,Combined TRACON& Tower with Radar,4,20,24,46,94,0,0,8,0,8,4,20,32,46,102,6,30,36,138
03/28/2015,SPI,IL,AGL,CE,Combined TRACON& Tower with Radar,2,11,9,15,37,0,1,26,1,28,2,12,35,16,65,40,29,69,134
03/29/2015,SPI,IL,AGL,CE,Combined TRACON& Tower with Radar,0,8,5,0,13,0,1,5,0,6,0,9,10,0,19,3,2,5,24
03/30/2015,SPI,IL,AGL,CE,Combined TRACON& Tower with Radar,4,15,15,6,40,0,8,19,1,28,4,23,34,7,68,62,8,70,138
03/31/2015,SPI,IL,AGL,CE,Combined TRACON& Tower with Radar,0,22,28,2,52,0,6,28,0,34,0,28,56,2,86,83,10,93,179
04/01/2015,SPI,IL,AGL,CE,Combined TRACON& Tower with Radar,0,17,9,1,27,0,22,14,1,37,0,39,23,2,64,28,28,56,120
04/02/2015,SPI,IL,AGL,CE,Combined TRACON& Tower with Radar,0,14,13,0,27,0,0,2,0,2,0,14,15,0,29,6,2,8,37
04/03/2015,SPI,IL,AGL,CE,Combined TRACON& Tower with Radar,4,10,17,0,31,0,1,5,2,8,4,11,22,2,39,0,2,2,41
04/04/2015,SPI,IL,AGL,CE,Combined TRACON& Tower with Radar,2,7,17,0,26,0,4,26,1,31,2,11,43,1,57,40,11,51,108
04/05/2015,SPI,IL,AGL,CE,Combined TRACON& Tower with Radar,0,11,5,0,16,0,4,13,0,17,0,15,18,0,33,12,8,20,53
04/06/2015,SPI,IL,AGL,CE,Combined TRACON& Tower with Radar,4,13,6,28,51,0,2,12,0,14,4,15,18,28,65,63,22,85,150
04/07/2015,SPI,IL,AGL,CE,Combined TRACON& Tower with Radar,2,20,8,2,32,0,0,1,0,1,2,20,9,2,33,0,0,0,33
04/08/2015,SPI,IL,AGL,CE,Combined TRACON& Tower with Radar,0,12,12,4,28,0,0,2,0,2,0,12,14,4,30,10,2,12,42
04/09/2015,SPI,IL,AGL,CE,Combined TRACON& Tower with Radar,2,8,5,0,15,0,0,2,0,2,2,8,7,0,17,0,2,2,19
04/10/2015,SPI,IL,AGL,CE,Combined TRACON& Tower with Radar,4,10,18,0,32,0,6,17,1,24,4,16,35,1,56,18,2,20,76
04/11/2015,SPI,IL,AGL,CE,Combined TRACON& Tower with Radar,2,8,19,2,31,0,9,50,0,59,2,17,69,2,90,64,2,66,156
04/12/2015,SPI,IL,AGL,CE,Combined TRACON& Tower with Radar,0,8,8,2,18,0,3,26,3,32,0,11,34,5,50,57,2,59,109
04/13/2015,SPI,IL,AGL,CE,Combined TRACON& Tower with Radar,4,12,17,4,37,0,4,20,3,27,4,16,37,7,64,33,9,42,106
04/14/2015,SPI,IL,AGL,CE,Combined TRACON& Tower with Radar,0,14,32,8,54,0,3,16,3,22,0,17,48,11,76,34,21,55,131
04/15/2015,SPI,IL,AGL,CE,Combined TRACON& Tower with Radar,0,18,13,26,57,0,4,7,1,12,0,22,20,27,69,12,23,35,104
04/16/2015,SPI,IL,AGL,CE,Combined TRACON& Tower with Radar,0,24,15,11,50,0,5,10,0,15,0,29,25,11,65,16,6,22,87
04/17/2015,SPI,IL,AGL,CE,Combined TRACON& Tower with Radar,4,15,25,25,69,0,7,12,1,20,4,22,37,26,89,73,23,96,185
04/18/2015,SPI,IL,AGL,CE,Combined TRACON& Tower with Radar,0,8,13,0,21,0,3,13,1,17,0,11,26,1,38,24,4,28,66
04/19/2015,SPI,IL,AGL,CE,Combined TRACON& Tower with Radar,0,9,4,0,13,0,0,0,0,0,0,9,4,0,13,10,0,10,23
04/20/2015,SPI,IL,AGL,CE,Combined TRACON& Tower with Radar,4,18,17,4,43,0,1,1,0,2,4,19,18,4,45,0,5,5,50
04/21/2015,SPI,IL,AGL,CE,Combined TRACON& Tower with Radar,0,17,21,0,38,0,0,10,6,16,0,17,31,6,54,0,24,24,78
04/22/2015,SPI,IL,AGL,CE,Combined TRACON& Tower with Radar,0,18,22,4,44,0,2,14,7,23,0,20,36,11,67,6,0,6,73
04/23/2015,SPI,IL,AGL,CE,Combined TRACON& Tower with Radar,2,16,25,0,43,0,6,26,1,33,2,22,51,1,76,64,14,78,154
04/24/2015,SPI,IL,AGL,CE,Combined TRACON& Tower with Radar,4,11,15,29,59,0,0,21,2,23,4,11,36,31,82,4,16,20,102
04/25/2015,SPI,IL,AGL,CE,Combined TRACON& Tower with Radar,0,8,6,0,14,0,0,0,0,0,0,8,6,0,14,0,0,0,14
04/26/2015,SPI,IL,AGL,CE,Combined TRACON& Tower with Radar,2,8,19,0,29,0,0,57,0,57,2,8,76,0,86,36,1,37,123
04/27/2015,SPI,IL,AGL,CE,Combined TRACON& Tower with Radar,4,15,24,16,59,0,8,29,1,38,4,23,53,17,97,46,13,59,156
04/28/2015,SPI,IL,AGL,CE,Combined TRACON& Tower with Radar,0,17,28,2,47,0,4,28,3,35,0,21,56,5,82,34,0,34,116
04/29/2015,SPI,IL,AGL,CE,Combined TRACON& Tower with Radar,0,19,19,5,43,0,33,34,1,68,0,52,53,6,111,62,43,105,216
04/30/2015,SPI,IL,AGL,CE,Combined TRACON& Tower with Radar,0,19,23,14,56,0,8,16,8,32,0,27,39,22,88,26,17,43,131
05/01/2015,SPI,IL,AGL,CE,Combined TRACON& Tower with Radar,4,18,17,4,43,0,5,38,2,45,4,23,55,6,88,26,1,27,115
05/02/2015,SPI,IL,AGL,CE,Combined TRACON& Tower with Radar,0,6,10,1,17,0,2,33,3,38,0,8,43,4,55,36,6,42,97
05/03/2015,SPI,IL,AGL,CE,Combined TRACON& Tower with Radar,0,10,12,7,29,0,0,21,2,23,0,10,33,9,52,12,3,15,67
05/04/2015,SPI,IL,AGL,CE,Combined TRACON& Tower with Radar,4,14,13,0,31,0,0,11,2,13,4,14,24,2,44,24,2,26,70
05/05/2015,SPI,IL,AGL,CE,Combined TRACON& Tower with Radar,0,14,22,22,58,0,8,10,6,24,0,22,32,28,82,0,0,0,82
05/06/2015,SPI,IL,AGL,CE,Combined TRACON& Tower with Radar,0,18,29,17,64,0,7,34,0,41,0,25,63,17,105,26,40,66,171
05/07/2015,SPI,IL,AGL,CE,Combined TRACON& Tower with Radar,2,14,10,10,36,0,6,15,0,21,2,20,25,10,57,20,7,27,84
05/08/2015,SPI,IL,AGL,CE,Combined TRACON& Tower with Radar,4,11,9,0,24,0,0,2,0,2,4,11,11,0,26,6,1,7,33
05/09/2015,SPI,IL,AGL,CE,Combined TRACON& Tower with Radar,0,10,16,0,26,0,0,0,0,0,0,10,16,0,26,30,3,33,59
05/10/2015,SPI,IL,AGL,CE,Combined TRACON& Tower with Radar,2,5,15,0,22,0,0,7,0,7,2,5,22,0,29,21,2,23,52
05/11/2015,SPI,IL,AGL,CE,Combined TRACON& Tower with Radar,2,16,5,0,23,0,0,6,0,6,2,16,11,0,29,31,3,34,63
05/12/2015,SPI,IL,AGL,CE,Combined TRACON& Tower with Radar,2,20,14,0,36,0,5,16,1,22,2,25,30,1,58,6,0,6,64
05/13/2015,SPI,IL,AGL,CE,Combined TRACON& Tower with Radar,0,21,29,16,66,0,5,42,6,53,0,26,71,22,119,46,40,86,205
05/14/2015,SPI,IL,AGL,CE,Combined TRACON& Tower with Radar,2,21,21,2,46,0,2,8,0,10,2,23,29,2,56,18,2,20,76
05/15/2015,SPI,IL,AGL,CE,Combined TRACON& Tower with Radar,2,17,33,1,53,0,2,8,3,13,2,19,41,4,66,26,3,29,95
05/16/2015,SPI,IL,AGL,CE,Combined TRACON& Tower with Radar,0,10,12,0,22,0,0,0,0,0,0,10,12,0,22,0,1,1,23
05/17/2015,SPI,IL,AGL,CE,Combined TRACON& Tower with Radar,2,9,4,0,15,0,0,9,2,11,2,9,13,2,26,20,7,27,53
05/18/2015,SPI,IL,AGL,CE,Combined TRACON& Tower with Radar,2,16,32,36,86,0,4,16,2,22,2,20,48,38,108,66,39,105,213
05/19/2015,SPI,IL,AGL,CE,Combined TRACON& Tower with Radar,0,12,29,2,43,0,4,29,2,35,0,16,58,4,78,44,1,45,123
05/20/2015,SPI,IL,AGL,CE,Combined TRACON& Tower with Radar,0,16,26,0,42,0,3,9,4,16,0,19,35,4,58,0,0,0,58
05/21/2015,SPI,IL,AGL,CE,Combined TRACON& Tower with Radar,2,16,26,10,54,0,7,21,2,30,2,23,47,12,84,10,4,14,98
05/22/2015,SPI,IL,AGL,CE,Combined TRACON& Tower with Radar,2,27,15,0,44,0,1,37,0,38,2,28,52,0,82,64,9,73,155
05/23/2015,SPI,IL,AGL,CE,Combined TRACON& Tower with Radar,0,9,6,0,15,0,0,33,1,34,0,9,39,1,49,62,2,64,113
05/24/2015,SPI,IL,AGL,CE,Combined TRACON& Tower with Radar,4,10,5,2,21,0,0,34,3,37,4,10,39,5,58,13,0,13,71
05/25/2015,SPI,IL,AGL,CE,Combined TRACON& Tower with Radar,2,9,13,0,24,0,0,11,0,11,2,9,24,0,35,8,2,10,45
05/26/2015,SPI,IL,AGL,CE,Combined TRACON& Tower with Radar,0,16,19,0,35,0,0,10,0,10,0,16,29,0,45,40,4,44,89
05/27/2015,SPI,IL,AGL,CE,Combined TRACON& Tower with Radar,0,17,7,0,24,0,0,25,3,28,0,17,32,3,52,38,3,41,93
05/28/2015,SPI,IL,AGL,CE,Combined TRACON& Tower with Radar,4,21,15,20,60,0,9,35,6,50,4,30,50,26,110,48,10,58,168
05/29/2015,SPI,IL,AGL,CE,Combined TRACON& Tower with Radar,2,13,17,21,53,0,6,4,2,12,2,19,21,23,65,20,12,32,97
05/30/2015,SPI,IL,AGL,CE,Combined TRACON& Tower with Radar,0,11,16,2,29,0,0,0,0,0,0,11,16,2,29,0,0,0,29
05/31/2015,SPI,IL,AGL,CE,Combined TRACON& Tower with Radar,2,10,15,0,27,0,0,0,0,0,2,10,15,0,27,0,3,3,30
06/01/2015,SPI,IL,AGL,CE,Combined TRACON& Tower with Radar,2,15,14,30,61,0,3,16,1,20,2,18,30,31,81,64,25,89,170
06/02/2015,SPI,IL,AGL,CE,Combined TRACON& Tower with Radar,0,17,11,2,30,0,4,41,2,47,0,21,52,4,77,65,15,80,157
06/03/2015,SPI,IL,AGL,CE,Combined TRACON& Tower with Radar,0,16,19,2,37,0,1,40,1,42,0,17,59,3,79,75,3,78,157
06/04/2015,SPI,IL,AGL,CE,Combined TRACON& Tower with Radar,2,19,19,24,64,0,0,17,0,17,2,19,36,24,81,73,14,87,168
06/05/2015,SPI,IL,AGL,CE,Combined TRACON& Tower with Radar,2,10,13,4,29,0,5,9,0,14,2,15,22,4,43,48,7,55,98
06/06/2015,SPI,IL,AGL,CE,Combined TRACON& Tower with Radar,0,11,14,12,37,0,0,32,0,32,0,11,46,12,69,49,0,49,118
06/07/2015,SPI,IL,AGL,CE,Combined TRACON& Tower with Radar,3,15,14,0,32,0,0,8,0,8,3,15,22,0,40,0,2,2,42
06/08/2015,SPI,IL,AGL,CE,Combined TRACON& Tower with Radar,4,14,29,18,65,0,0,31,0,31,4,14,60,18,96,23,14,37,133
06/09/2015,SPI,IL,AGL,CE,Combined TRACON& Tower with Radar,0,17,18,6,41,0,2,48,5,55,0,19,66,11,96,65,18,83,179
06/10/2015,SPI,IL,AGL,CE,Combined TRACON& Tower with Radar,0,11,17,0,28,0,2,24,1,27,0,13,41,1,55,61,2,63,118
06/11/2015,SPI,IL,AGL,CE,Combined TRACON& Tower with Radar,2,10,11,6,29,0,4,21,0,25,2,14,32,6,54,23,21,44,98
06/12/2015,SPI,IL,AGL,CE,Combined TRACON& Tower with Radar,2,10,22,20,54,0,2,13,1,16,2,12,35,21,70,42,8,50,120
06/13/2015,SPI,IL,AGL,CE,Combined TRACON& Tower with Radar,0,8,12,0,20,0,0,26,0,26,0,8,38,0,46,44,1,45,91
06/14/2015,SPI,IL,AGL,CE,Combined TRACON& Tower with Radar,1,8,13,10,32,0,0,8,0,8,1,8,21,10,40,56,15,71,111
06/15/2015,SPI,IL,AGL,CE,Combined TRACON& Tower with Radar,2,7,18,0,27,0,2,8,4,14,2,9,26,4,41,18,4,22,63
06/16/2015,SPI,IL,AGL,CE,Combined TRACON& Tower with Radar,4,18,25,14,61,0,0,0,0,0,4,18,25,14,61,34,2,36,97
06/17/2015,SPI,IL,AGL,CE,Combined TRACON& Tower with Radar,0,12,11,0,23,0,0,2,0,2,0,12,13,0,25,28,0,28,53
06/18/2015,SPI,IL,AGL,CE,Combined TRACON& Tower with Radar,2,13,15,4,34,0,0,15,2,17,2,13,30,6,51,47,2,49,100
06/19/2015,SPI,IL,AGL,CE,Combined TRACON& Tower with Radar,2,11,21,0,34,0,0,4,0,4,2,11,25,0,38,0,4,4,42
06/20/2015,SPI,IL,AGL,CE,Combined TRACON& Tower with Radar,2,8,23,0,33,0,0,34,0,34,2,8,57,0,67,54,3,57,124
06/21/2015,SPI,IL,AGL,CE,Combined TRACON& Tower with Radar,2,11,17,0,30,0,0,16,0,16,2,11,33,0,46,57,1,58,104
06/22/2015,SPI,IL,AGL,CE,Combined TRACON& Tower with Radar,2,12,13,2,29,0,10,20,0,30,2,22,33,2,59,22,0,22,81
06/23/2015,SPI,IL,AGL,CE,Combined TRACON& Tower with Radar,0,20,27,27,74,0,4,46,3,53,0,24,73,30,127,138,26,164,291
06/24/2015,SPI,IL,AGL,CE,Combined TRACON& Tower with Radar,0,18,14,0,32,0,2,11,0,13,0,20,25,0,45,24,2,26,71
06/25/2015,SPI,IL,AGL,CE,Combined TRACON& Tower with Radar,4,16,25,8,53,0,2,17,0,19,4,18,42,8,72,13,6,19,91
06/26/2015,SPI,IL,AGL,CE,Combined TRACON& Tower with Radar,2,12,8,2,24,0,0,0,0,0,2,12,8,2,24,0,0,0,24
06/27/2015,SPI,IL,AGL,CE,Combined TRACON& Tower with Radar,0,8,14,0,22,0,1,76,1,78,0,9,90,1,100,44,39,83,183
06/28/2015,SPI,IL,AGL,CE,Combined TRACON& Tower with Radar,3,8,9,0,20,0,0,9,0,9,3,8,18,0,29,22,0,22,51
06/29/2015,SPI,IL,AGL,CE,Combined TRACON& Tower with Radar,2,25,11,23,61,0,3,16,1,20,2,28,27,24,81,68,24,92,173
06/30/2015,SPI,IL,AGL,CE,Combined TRACON& Tower with Radar,0,20,23,34,77,0,4,7,4,15,0,24,30,38,92,38,32,70,162
07/01/2015,SPI,IL,AGL,CE,Combined TRACON& Tower with Radar,0,10,13,3,26,0,2,16,7,25,0,12,29,10,51,26,9,35,86
07/02/2015,SPI,IL,AGL,CE,Combined TRACON& Tower with Radar,2,15,10,49,76,0,0,23,5,28,2,15,33,54,104,36,34,70,174
07/03/2015,SPI,IL,AGL,CE,Combined TRACON& Tower with Radar,2,9,12,4,27,0,0,25,0,25,2,9,37,4,52,96,5,101,153
07/04/2015,SPI,IL,AGL,CE,Combined TRACON& Tower with Radar,0,9,3,0,12,0,2,34,2,38,0,11,37,2,50,36,7,43,93
07/05/2015,SPI,IL,AGL,CE,Combined TRACON& Tower with Radar,2,8,11,13,34,0,0,8,0,8,2,8,19,13,42,3,7,10,52
07/06/2015,SPI,IL,AGL,CE,Combined TRACON& Tower with Radar,2,8,24,0,34,0,2,24,1,27,2,10,48,1,61,78,2,80,141
07/07/2015,SPI,IL,AGL,CE,Combined TRACON& Tower with Radar,0,16,20,0,36,0,0,8,0,8,0,16,28,0,44,4,0,4,48
07/08/2015,SPI,IL,AGL,CE,Combined TRACON& Tower with Radar,2,11,22,4,39,0,0,0,1,1,2,11,22,5,40,0,0,0,40
07/09/2015,SPI,IL,AGL,CE,Combined TRACON& Tower with Radar,2,13,27,8,50,0,0,10,0,10,2,13,37,8,60,32,0,32,92
07/10/2015,SPI,IL,AGL,CE,Combined TRACON& Tower with Radar,2,10,23,0,35,0,0,22,0,22,2,10,45,0,57,28,2,30,87
07/11/2015,SPI,IL,AGL,CE,Combined TRACON& Tower with Radar,1,9,9,0,19,0,0,5,0,5,1,9,14,0,24,40,4,44,68
07/12/2015,SPI,IL,AGL,CE,Combined TRACON& Tower with Radar,3,10,9,0,22,0,0,22,1,23,3,10,31,1,45,21,3,24,69
07/13/2015,SPI,IL,AGL,CE,Combined TRACON& Tower with Radar,2,11,18,14,45,0,6,34,0,40,2,17,52,14,85,18,15,33,118
07/14/2015,SPI,IL,AGL,CE,Combined TRACON& Tower with Radar,2,11,21,11,45,0,10,40,0,50,2,21,61,11,95,71,12,83,178
07/15/2015,SPI,IL,AGL,CE,Combined TRACON& Tower with Radar,0,7,22,4,33,0,7,37,9,53,0,14,59,13,86,54,0,54,140
07/16/2015,SPI,IL,AGL,CE,Combined TRACON& Tower with Radar,2,15,12,12,41,0,14,18,2,34,2,29,30,14,75,26,25,51,126
07/17/2015,SPI,IL,AGL,CE,Combined TRACON& Tower with Radar,2,14,10,1,27,0,8,32,4,44,2,22,42,5,71,24,1,25,96
07/18/2015,SPI,IL,AGL,CE,Combined TRACON& Tower with Radar,2,11,9,2,24,0,0,23,0,23,2,11,32,2,47,30,2,32,79
07/19/2015,SPI,IL,AGL,CE,Combined TRACON& Tower with Radar,1,8,14,2,25,0,2,9,5,16,1,10,23,7,41,0,4,4,45
07/20/2015,SPI,IL,AGL,CE,Combined TRACON& Tower with Radar,2,9,9,0,20,0,0,18,2,20,2,9,27,2,40,53,10,63,103
07/21/2015,SPI,IL,AGL,CE,Combined TRACON& Tower with Radar,0,17,24,17,58,0,5,30,4,39,0,22,54,21,97,38,34,72,169
07/22/2015,SPI,IL,AGL,CE,Combined TRACON& Tower with Radar,0,11,14,14,39,0,4,43,2,49,0,15,57,16,88,28,6,34,122
07/23/2015,SPI,IL,AGL,CE,Combined TRACON& Tower with Radar,2,9,19,18,48,0,5,51,7,63,2,14,70,25,111,58,16,74,185
07/24/2015,SPI,IL,AGL,CE,Combined TRACON& Tower with Radar,2,16,18,19,55,0,11,50,1,62,2,27,68,20,117,16,8,24,141
07/25/2015,SPI,IL,AGL,CE,Combined TRACON& Tower with Radar,2,10,10,2,24,0,2,20,3,25,2,12,30,5,49,0,0,0,49
07/26/2015,SPI,IL,AGL,CE,Combined TRACON& Tower with Radar,2,9,11,0,22,0,8,11,1,20,2,17,22,1,42,32,0,32,74
07/27/2015,SPI,IL,AGL,CE,Combined TRACON& Tower with Radar,2,15,13,19,49,0,28,21,1,50,2,43,34,20,99,50,6,56,155
07/28/2015,SPI,IL,AGL,CE,Combined TRACON& Tower with Radar,2,14,19,4,39,0,25,17,2,44,2,39,36,6,83,10,6,16,99
07/29/2015,SPI,IL,AGL,CE,Combined TRACON& Tower with Radar,0,11,26,13,50,0,32,16,0,48,0,43,42,13,98,76,26,102,200
07/30/2015,SPI,IL,AGL,CE,Combined TRACON& Tower with Radar,4,10,27,0,41,0,18,45,3,66,4,28,72,3,107,32,5,37,144
07/31/2015,SPI,IL,AGL,CE,Combined TRACON& Tower with Radar,2,12,14,25,53,0,4,30,3,37,2,16,44,28,90,37,34,71,161
08/01/2015,SPI,IL,AGL,CE,Combined TRACON& Tower with Radar,0,13,9,0,22,0,0,44,1,45,0,13,53,1,67,60,10,70,137
08/02/2015,SPI,IL,AGL,CE,Combined TRACON& Tower with Radar,4,9,15,3,31,0,1,32,1,34,4,10,47,4,65,43,7,50,115
08/03/2015,SPI,IL,AGL,CE,Combined TRACON& Tower with Radar,2,11,10,6,29,0,2,24,1,27,2,13,34,7,56,12,14,26,82
08/04/2015,SPI,IL,AGL,CE,Combined TRACON& Tower with Radar,0,14,6,0,20,0,3,19,0,22,0,17,25,0,42,71,1,72,114
08/05/2015,SPI,IL,AGL,CE,Combined TRACON& Tower with Radar,0,16,16,9,41,0,1,20,1,22,0,17,36,10,63,32,1,33,96
08/06/2015,SPI,IL,AGL,CE,Combined TRACON& Tower with Radar,1,14,27,4,46,0,3,33,0,36,1,17,60,4,82,38,15,53,135
08/07/2015,SPI,IL,AGL,CE,Combined TRACON& Tower with Radar,2,13,24,19,58,0,3,33,1,37,2,16,57,20,95,30,32,62,157
08/08/2015,SPI,IL,AGL,CE,Combined TRACON& Tower with Radar,0,12,17,0,29,0,0,30,4,34,0,12,47,4,63,106,8,114,177
08/09/2015,SPI,IL,AGL,CE,Combined TRACON& Tower with Radar,3,9,14,0,26,0,0,6,0,6,3,9,20,0,32,6,2,8,40
08/10/2015,SPI,IL,AGL,CE,Combined TRACON& Tower with Radar,2,15,14,0,31,0,0,10,0,10,2,15,24,0,41,24,4,28,69
08/11/2015,SPI,IL,AGL,CE,Combined TRACON& Tower with Radar,1,12,36,19,68,0,4,45,8,57,1,16,81,27,125,80,44,124,249
08/12/2015,SPI,IL,AGL,CE,Combined TRACON& Tower with Radar,0,12,22,27,61,0,7,42,1,50,0,19,64,28,111,29,45,74,185
08/13/2015,SPI,IL,AGL,CE,Combined TRACON& Tower with Radar,2,13,20,0,35,0,6,54,1,61,2,19,74,1,96,0,0,0,96
08/14/2015,SPI,IL,AGL,CE,Combined TRACON& Tower with Radar,2,17,26,2,47,0,8,38,0,46,2,25,64,2,93,22,3,25,118
08/15/2015,SPI,IL,AGL,CE,Combined TRACON& Tower with Radar,2,10,18,0,30,0,2,40,1,43,2,12,58,1,73,36,11,47,120
08/16/2015,SPI,IL,AGL,CE,Combined TRACON& Tower with Radar,2,10,19,0,31,0,0,36,1,37,2,10,55,1,68,73,0,73,141
08/17/2015,SPI,IL,AGL,CE,Combined TRACON& Tower with Radar,2,10,17,0,29,0,2,21,2,25,2,12,38,2,54,26,2,28,82
08/18/2015,SPI,IL,AGL,CE,Combined TRACON& Tower with Radar,0,11,14,5,30,0,0,16,1,17,0,11,30,6,47,34,4,38,85
08/19/2015,SPI,IL,AGL,CE,Combined TRACON& Tower with Radar,0,8,13,14,35,0,2,25,4,31,0,10,38,18,66,25,21,46,112
08/20/2015,SPI,IL,AGL,CE,Combined TRACON& Tower with Radar,0,8,19,0,27,0,7,16,1,24,0,15,35,1,51,74,10,84,135
08/21/2015,SPI,IL,AGL,CE,Combined TRACON& Tower with Radar,0,14,18,14,46,0,7,21,6,34,0,21,39,20,80,17,13,30,110
08/22/2015,SPI,IL,AGL,CE,Combined TRACON& Tower with Radar,0,10,15,0,25,0,0,15,0,15,0,10,30,0,40,55,0,55,95
08/23/2015,SPI,IL,AGL,CE,Combined TRACON& Tower with Radar,0,8,19,4,31,0,0,11,0,11,0,8,30,4,42,36,2,38,80
08/24/2015,SPI,IL,AGL,CE,Combined TRACON& Tower with Radar,2,11,24,2,39,0,9,28,0,37,2,20,52,2,76,26,9,35,111
08/25/2015,SPI,IL,AGL,CE,Combined TRACON& Tower with Radar,2,11,15,4,32,0,20,43,1,64,2,31,58,5,96,44,3,47,143
08/26/2015,SPI,IL,AGL,CE,Combined TRACON& Tower with Radar,0,10,21,21,52,0,17,37,10,64,0,27,58,31,116,42,15,57,173
08/27/2015,SPI,IL,AGL,CE,Combined TRACON& Tower with Radar,0,11,20,20,51,0,28,39,4,71,0,39,59,24,122,44,41,85,207
08/28/2015,SPI,IL,AGL,CE,Combined TRACON& Tower with Radar,1,11,14,32,58,0,4,35,2,41,1,15,49,34,99,50,25,75,174
08/29/2015,SPI,IL,AGL,CE,Combined TRACON& Tower with Radar,0,6,7,0,13,0,0,13,1,14,0,6,20,1,27,4,9,13,40
08/30/2015,SPI,IL,AGL,CE,Combined TRACON& Tower with Radar,2,9,13,6,30,0,0,26,4,30,2,9,39,10,60,26,2,28,88
08/31/2015,SPI,IL,AGL,CE,Combined TRACON& Tower with Radar,0,9,6,0,15,0,3,19,0,22,0,12,25,0,37,29,4,33,70
09/01/2015,SPI,IL,AGL,CE,Combined TRACON& Tower with Radar,0,11,18,2,31,0,4,23,2,29,0,15,41,4,60,10,0,10,70
09/02/2015,SPI,IL,AGL,CE,Combined TRACON& Tower with Radar,0,15,22,4,41,0,4,34,0,38,0,19,56,4,79,27,0,27,106
09/03/2015,SPI,IL,AGL,CE,Combined TRACON& Tower with Radar,0,8,15,49,72,0,4,34,4,42,0,12,49,53,114,2,74,76,190
09/04/2015,SPI,IL,AGL,CE,Combined TRACON& Tower with Radar,0,13,17,0,30,0,2,24,0,26,0,15,41,0,56,10,2,12,68
09/05/2015,SPI,IL,AGL,CE,Combined TRACON& Tower with Radar,0,8,10,0,18,0,1,25,2,28,0,9,35,2,46,0,2,2,48
09/06/2015,SPI,IL,AGL,CE,Combined TRACON& Tower with Radar,0,7,17,0,24,0,2,21,0,23,0,9,38,0,47,22,8,30,77
09/07/2015,SPI,IL,AGL,CE,Combined TRACON& Tower with Radar,0,8,11,13,32,0,0,17,0,17,0,8,28,13,49,14,12,26,75
09/08/2015,SPI,IL,AGL,CE,Combined TRACON& Tower with Radar,0,11,24,10,45,0,0,4,0,4,0,11,28,10,49,23,26,49,98
09/09/2015,SPI,IL,AGL,CE,Combined TRACON& Tower with Radar,0,17,18,15,50,0,4,19,2,25,0,21,37,17,75,1,40,41,116
09/10/2015,SPI,IL,AGL,CE,Combined TRACON& Tower with Radar,0,10,31,17,58,0,6,34,0,40,0,16,65,17,98,0,0,0,98
09/11/2015,SPI,IL,AGL,CE,Combined TRACON& Tower with Radar,0,12,9,6,27,0,2,8,0,10,0,14,17,6,37,20,1,21,58
09/12/2015,SPI,IL,AGL,CE,Combined TRACON& Tower with Radar,0,14,16,8,38,0,1,23,3,27,0,15,39,11,65,47,6,53,118
09/13/2015,SPI,IL,AGL,CE,Combined TRACON& Tower with Radar,0,9,13,0,22,0,0,27,0,27,0,9,40,0,49,7,1,8,57
09/14/2015,SPI,IL,AGL,CE,Combined TRACON& Tower with Radar,0,14,26,10,50,0,5,21,0,26,0,19,47,10,76,2,12,14,90
09/15/2015,SPI,IL,AGL,CE,Combined TRACON& Tower with Radar,0,12,17,21,50,0,1,21,3,25,0,13,38,24,75,2,35,37,112
09/16/2015,SPI,IL,AGL,CE,Combined TRACON& Tower with Radar,0,10,25,16,51,0,4,27,4,35,0,14,52,20,86,8,14,22,108
09/17/2015,SPI,IL,AGL,CE,Combined TRACON& Tower with Radar,0,14,18,11,43,0,4,14,2,20,0,18,32,13,63,17,27,44,107
09/18/2015,SPI,IL,AGL,CE,Combined TRACON& Tower with Radar,0,8,37,0,45,0,2,9,0,11,0,10,46,0,56,0,1,1,57
09/19/2015,SPI,IL,AGL,CE,Combined TRACON& Tower with Radar,0,12,25,8,45,0,0,5,0,5,0,12,30,8,50,40,0,40,90
09/20/2015,SPI,IL,AGL,CE,Combined TRACON& Tower with Radar,0,11,18,0,29,0,0,38,0,38,0,11,56,0,67,16,2,18,85
09/21/2015,SPI,IL,AGL,CE,Combined TRACON& Tower with Radar,0,9,26,17,52,0,0,21,1,22,0,9,47,18,74,1,16,17,91
09/22/2015,SPI,IL,AGL,CE,Combined TRACON& Tower with Radar,0,10,25,0,35,0,7,36,0,43,0,17,61,0,78,30,5,35,113
09/23/2015,SPI,IL,AGL,CE,Combined TRACON& Tower with Radar,0,8,29,2,39,0,6,34,0,40,0,14,63,2,79,4,1,5,84
09/24/2015,SPI,IL,AGL,CE,Combined TRACON& Tower with Radar,0,9,40,2,51,0,4,28,6,38,0,13,68,8,89,0,0,0,89
09/25/2015,SPI,IL,AGL,CE,Combined TRACON& Tower with Radar,0,9,28,0,37,0,4,22,1,27,0,13,50,1,64,23,0,23,87
09/26/2015,SPI,IL,AGL,CE,Combined TRACON& Tower with Radar,0,7,17,3,27,0,0,19,0,19,0,7,36,3,46,10,8,18,64
09/27/2015,SPI,IL,AGL,CE,Combined TRACON& Tower with Radar,0,8,10,1,19,0,0,27,0,27,0,8,37,1,46,8,0,8,54
09/28/2015,SPI,IL,AGL,CE,Combined TRACON& Tower with Radar,0,11,22,1,34,0,0,17,2,19,0,11,39,3,53,19,6,25,78
09/29/2015,SPI,IL,AGL,CE,Combined TRACON& Tower with Radar,1,10,21,2,34,0,0,4,0,4,1,10,25,2,38,12,2,14,52
09/30/2015,SPI,IL,AGL,CE,Combined TRACON& Tower with Radar,0,9,13,13,35,0,2,24,6,32,0,11,37,19,67,42,47,89,156
10/01/2015,SPI,IL,AGL,CE,Combined TRACON& Tower with Radar,0,12,19,3,34,0,6,26,3,35,0,18,45,6,69,30,2,32,101
10/02/2015,SPI,IL,AGL,CE,Combined TRACON& Tower with Radar,0,9,14,6,29,0,1,14,0,15,0,10,28,6,44,14,11,25,69
10/03/2015,SPI,IL,AGL,CE,Combined TRACON& Tower with Radar,0,8,8,6,22,0,0,7,0,7,0,8,15,6,29,0,2,2,31
10/04/2015,SPI,IL,AGL,CE,Combined TRACON& Tower with Radar,0,7,10,0,17,0,0,3,0,3,0,7,13,0,20,2,0,2,22
10/05/2015,SPI,IL,AGL,CE,Combined TRACON& Tower with Radar,0,11,20,0,31,0,2,13,0,15,0,13,33,0,46,14,5,19,65
10/06/2015,SPI,IL,AGL,CE,Combined TRACON& Tower with Radar,0,9,22,6,37,0,0,16,0,16,0,9,38,6,53,6,2,8,61
10/07/2015,SPI,IL,AGL,CE,Combined TRACON& Tower with Radar,0,9,19,6,34,0,11,33,2,46,0,20,52,8,80,44,6,50,130
10/08/2015,SPI,IL,AGL,CE,Combined TRACON& Tower with Radar,2,12,15,0,29,0,6,26,1,33,2,18,41,1,62,0,0,0,62
10/09/2015,SPI,IL,AGL,CE,Combined TRACON& Tower with Radar,0,14,16,39,69,0,2,8,0,10,0,16,24,39,79,34,28,62,141
10/10/2015,SPI,IL,AGL,CE,Combined TRACON& Tower with Radar,0,7,11,1,19,0,2,34,1,37,0,9,45,2,56,46,8,54,110
10/11/2015,SPI,IL,AGL,CE,Combined TRACON& Tower with Radar,2,7,20,1,30,0,2,24,0,26,2,9,44,1,56,4,3,7,63
10/12/2015,SPI,IL,AGL,CE,Combined TRACON& Tower with Radar,0,9,19,4,32,0,0,13,0,13,0,9,32,4,45,6,4,10,55
10/13/2015,SPI,IL,AGL,CE,Combined TRACON& Tower with Radar,0,9,27,1,37,0,0,18,1,19,0,9,45,2,56,10,3,13,69
10/14/2015,SPI,IL,AGL,CE,Combined TRACON& Tower with Radar,0,10,23,26,59,0,4,23,2,29,0,14,46,28,88,4,52,56,144
10/15/2015,SPI,IL,AGL,CE,Combined TRACON& Tower with Radar,2,10,15,2,29,0,23,24,0,47,2,33,39,2,76,6,39,45,121
10/16/2015,SPI,IL,AGL,CE,Combined TRACON& Tower with Radar,0,11,15,0,26,0,6,19,1,26,0,17,34,1,52,58,4,62,114
10/17/2015,SPI,IL,AGL,CE,Combined TRACON& Tower with Radar,0,10,11,4,25,0,0,28,2,30,0,10,39,6,55,20,5,25,80
10/18/2015,SPI,IL,AGL,CE,Combined TRACON& Tower with Radar,2,7,20,0,29,0,3,15,0,18,2,10,35,0,47,42,3,45,92
10/19/2015,SPI,IL,AGL,CE,Combined TRACON& Tower with Radar,0,8,16,0,24,0,0,9,0,9,0,8,25,0,33,12,2,14,47
10/20/2015,SPI,IL,AGL,CE,Combined TRACON& Tower with Radar,0,15,17,22,54,0,8,30,2,40,0,23,47,24,94,8,37,45,139
10/21/2015,SPI,IL,AGL,CE,Combined TRACON& Tower with Radar,0,16,26,1,43,0,5,36,2,43,0,21,62,3,86,50,8,58,144
10/22/2015,SPI,IL,AGL,CE,Combined TRACON& Tower with Radar,2,16,22,0,40,0,2,34,2,38,2,18,56,2,78,22,2,24,102
10/23/2015,SPI,IL,AGL,CE,Combined TRACON& Tower with Radar,0,9,13,2,24,0,3,19,1,23,0,12,32,3,47,13,4,17,64
10/24/2015,SPI,IL,AGL,CE,Combined TRACON& Tower with Radar,0,7,17,0,24,0,2,2,1,5,0,9,19,1,29,26,1,27,56
10/25/2015,SPI,IL,AGL,CE,Combined TRACON& Tower with Radar,2,11,11,0,24,0,2,45,0,47,2,13,56,0,71,14,9,23,94
10/26/2015,SPI,IL,AGL,CE,Combined TRACON& Tower with Radar,2,8,22,0,32,0,2,24,0,26,2,10,46,0,58,24,4,28,86
10/27/2015,SPI,IL,AGL,CE,Combined TRACON& Tower with Radar,2,8,14,0,24,0,0,0,0,0,2,8,14,0,24,0,0,0,24
10/28/2015,SPI,IL,AGL,CE,Combined TRACON& Tower with Radar,0,14,24,2,40,0,0,0,0,0,0,14,24,2,40,0,1,1,41
10/29/2015,SPI,IL,AGL,CE,Combined TRACON& Tower with Radar,2,22,24,3,51,0,9,11,2,22,2,31,35,5,73,38,0,38,111
10/30/2015,SPI,IL,AGL,CE,Combined TRACON& Tower with Radar,1,12,13,13,39,0,6,28,0,34,1,18,41,13,73,79,26,105,178
10/31/2015,SPI,IL,AGL,CE,Combined TRACON& Tower with Radar,2,9,12,1,24,0,0,0,0,0,2,9,12,1,24,0,1,1,25
11/01/2015,SPI,IL,AGL,CE,Combined TRACON& Tower with Radar,2,7,18,0,27,0,2,35,1,38,2,9,53,1,65,24,4,28,93
11/02/2015,SPI,IL,AGL,CE,Combined TRACON& Tower with Radar,0,16,21,10,47,0,11,16,0,27,0,27,37,10,74,8,39,47,121
11/03/2015,SPI,IL,AGL,CE,Combined TRACON& Tower with Radar,0,10,10,3,23,0,0,2,0,2,0,10,12,3,25,4,0,4,29
11/04/2015,SPI,IL,AGL,CE,Combined TRACON& Tower with Radar,0,8,38,8,54,0,10,6,1,17,0,18,44,9,71,0,31,31,102
11/05/2015,SPI,IL,AGL,CE,Combined TRACON& Tower with Radar,2,12,21,2,37,0,2,9,0,11,2,14,30,2,48,0,1,1,49
11/06/2015,SPI,IL,AGL,CE,Combined TRACON& Tower with Radar,2,16,15,38,71,0,10,30,2,42,2,26,45,40,113,4,37,41,154
11/07/2015,SPI,IL,AGL,CE,Combined TRACON& Tower with Radar,0,11,35,0,46,0,4,28,0,32,0,15,63,0,78,16,3,19,97
11/08/2015,SPI,IL,AGL,CE,Combined TRACON& Tower with Radar,2,8,12,0,22,0,0,31,2,33,2,8,43,2,55,21,5,26,81
11/09/2015,SPI,IL,AGL,CE,Combined TRACON& Tower with Radar,2,13,11,4,30,0,19,35,0,54,2,32,46,4,84,15,4,19,103
11/10/2015,SPI,IL,AGL,CE,Combined TRACON& Tower with Radar,0,13,30,6,49,0,7,41,1,49,0,20,71,7,98,31,1,32,130
11/11/2015,SPI,IL,AGL,CE,Combined TRACON& Tower with Radar,0,8,11,0,19,0,2,2,2,6,0,10,13,2,25,16,3,19,44
11/12/2015,SPI,IL,AGL,CE,Combined TRACON& Tower with Radar,2,11,6,0,19,0,2,1,3,6,2,13,7,3,25,0,8,8,33
11/13/2015,SPI,IL,AGL,CE,Combined TRACON& Tower with Radar,2,12,17,3,34,0,2,19,1,22,2,14,36,4,56,6,5,11,67
11/14/2015,SPI,IL,AGL,CE,Combined TRACON& Tower with Radar,0,12,20,0,32,0,4,31,1,36,0,16,51,1,68,14,5,19,87
11/15/2015,SPI,IL,AGL,CE,Combined TRACON& Tower with Radar,2,8,19,0,29,0,5,22,1,28,2,13,41,1,57,4,7,11,68
11/16/2015,SPI,IL,AGL,CE,Combined TRACON& Tower with Radar,2,13,11,5,31,0,0,0,0,0,2,13,11,5,31,32,2,34,65
11/17/2015,SPI,IL,AGL,CE,Combined TRACON& Tower with Radar,2,11,7,0,20,0,0,0,0,0,2,11,7,0,20,0,0,0,20
11/18/2015,SPI,IL,AGL,CE,Combined TRACON& Tower with Radar,0,9,8,20,37,0,0,5,5,10,0,9,13,25,47,0,17,17,64
11/19/2015,SPI,IL,AGL,CE,Combined TRACON& Tower with Radar,0,9,14,15,38,0,2,15,0,17,0,11,29,15,55,6,17,23,78
11/20/2015,SPI,IL,AGL,CE,Combined TRACON& Tower with Radar,4,14,18,0,36,0,6,13,0,19,4,20,31,0,55,0,2,2,57
11/21/2015,SPI,IL,AGL,CE,Combined TRACON& Tower with Radar,0,4,3,0,7,0,0,1,0,1,0,4,4,0,8,0,1,1,9
11/22/2015,SPI,IL,AGL,CE,Combined TRACON& Tower with Radar,0,7,14,0,21,0,0,24,0,24,0,7,38,0,45,8,6,14,59
11/23/2015,SPI,IL,AGL,CE,Combined TRACON& Tower with Radar,4,7,30,42,83,0,0,27,1,28,4,7,57,43,111,2,36,38,149
11/24/2015,SPI,IL,AGL,CE,Combined TRACON& Tower with Radar,0,11,29,14,54,0,0,15,2,17,0,11,44,16,71,34,1,35,106
11/25/2015,SPI,IL,AGL,CE,Combined TRACON& Tower with Radar,4,11,20,1,36,0,3,12,0,15,4,14,32,1,51,0,7,7,58
11/26/2015,SPI,IL,AGL,CE,Combined TRACON& Tower with Radar,0,6,2,0,8,0,0,2,0,2,0,6,4,0,10,0,0,0,10
11/27/2015,SPI,IL,AGL,CE,Combined TRACON& Tower with Radar,0,6,14,0,20,0,0,0,0,0,0,6,14,0,20,0,0,0,20
11/28/2015,SPI,IL,AGL,CE,Combined TRACON& Tower with Radar,2,7,9,0,18,0,0,2,0,2,2,7,11,0,20,0,1,1,21
11/29/2015,SPI,IL,AGL,CE,Combined TRACON& Tower with Radar,2,10,24,0,36,0,0,12,0,12,2,10,36,0,48,0,5,5,53
11/30/2015,SPI,IL,AGL,CE,Combined TRACON& Tower with Radar,4,9,12,0,25,0,0,0,0,0,4,9,12,0,25,0,0,0,25
12/01/2015,SPI,IL,AGL,CE,Combined TRACON& Tower with Radar,0,11,10,20,41,0,1,15,3,19,0,12,25,23,60,1,40,41,101
12/02/2015,SPI,IL,AGL,CE,Combined TRACON& Tower with Radar,0,7,15,0,22,0,0,2,2,4,0,7,17,2,26,0,0,0,26
12/03/2015,SPI,IL,AGL,CE,Combined TRACON& Tower with Radar,2,13,28,0,43,0,0,3,0,3,2,13,31,0,46,0,0,0,46
12/04/2015,SPI,IL,AGL,CE,Combined TRACON& Tower with Radar,2,14,14,8,38,0,3,30,0,33,2,17,44,8,71,20,5,25,96
12/05/2015,SPI,IL,AGL,CE,Combined TRACON& Tower with Radar,0,10,12,0,22,0,0,36,2,38,0,10,48,2,60,38,3,41,101
12/06/2015,SPI,IL,AGL,CE,Combined TRACON& Tower with Radar,2,10,12,0,24,0,0,20,0,20,2,10,32,0,44,4,0,4,48
12/07/2015,SPI,IL,AGL,CE,Combined TRACON& Tower with Radar,2,10,10,2,24,0,0,2,0,2,2,10,12,2,26,0,0,0,26
12/08/2015,SPI,IL,AGL,CE,Combined TRACON& Tower with Radar,0,9,18,22,49,0,2,21,4,27,0,11,39,26,76,18,18,36,112
12/09/2015,SPI,IL,AGL,CE,Combined TRACON& Tower with Radar,0,10,31,2,43,0,8,35,2,45,0,18,66,4,88,38,2,40,128
12/10/2015,SPI,IL,AGL,CE,Combined TRACON& Tower with Radar,2,15,15,0,32,0,2,17,0,19,2,17,32,0,51,19,5,24,75
12/11/2015,SPI,IL,AGL,CE,Combined TRACON& Tower with Radar,2,14,12,0,28,0,2,6,0,8,2,16,18,0,36,9,0,9,45
12/12/2015,SPI,IL,AGL,CE,Combined TRACON& Tower with Radar,0,7,28,0,35,0,0,0,0,0,0,7,28,0,35,0,0,0,35
12/13/2015,SPI,IL,AGL,CE,Combined TRACON& Tower with Radar,2,9,6,0,17,0,0,0,0,0,2,9,6,0,17,0,0,0,17
12/14/2015,SPI,IL,AGL,CE,Combined TRACON& Tower with Radar,2,14,14,0,30,0,0,5,0,5,2,14,19,0,35,0,0,0,35
12/15/2015,SPI,IL,AGL,CE,Combined TRACON& Tower with Radar,0,11,20,8,39,0,0,2,0,2,0,11,22,8,41,0,2,2,43
12/16/2015,SPI,IL,AGL,CE,Combined TRACON& Tower with Radar,0,10,21,2,33,0,5,7,0,12,0,15,28,2,45,4,7,11,56
12/17/2015,SPI,IL,AGL,CE,Combined TRACON& Tower with Radar,0,11,16,6,33,0,2,14,1,17,0,13,30,7,50,0,0,0,50
12/18/2015,SPI,IL,AGL,CE,Combined TRACON& Tower with Radar,4,12,16,4,36,0,2,18,0,20,4,14,34,4,56,0,3,3,59
12/19/2015,SPI,IL,AGL,CE,Combined TRACON& Tower with Radar,0,11,25,0,36,0,0,25,0,25,0,11,50,0,61,12,0,12,73
12/20/2015,SPI,IL,AGL,CE,Combined TRACON& Tower with Radar,0,10,11,0,21,0,0,4,0,4,0,10,15,0,25,0,5,5,30
12/21/2015,SPI,IL,AGL,CE,Combined TRACON& Tower with Radar,4,7,14,14,39,0,0,2,0,2,4,7,16,14,41,0,22,22,63
12/22/2015,SPI,IL,AGL,CE,Combined TRACON& Tower with Radar,1,8,27,10,46,0,0,2,0,2,1,8,29,10,48,10,1,11,59
12/23/2015,SPI,IL,AGL,CE,Combined TRACON& Tower with Radar,0,14,3,0,17,0,0,2,0,2,0,14,5,0,19,0,1,1,20
12/24/2015,SPI,IL,AGL,CE,Combined TRACON& Tower with Radar,6,10,11,0,27,0,0,17,0,17,6,10,28,0,44,0,3,3,47
12/25/2015,SPI,IL,AGL,CE,Combined TRACON& Tower with Radar,0,7,6,0,13,0,0,2,1,3,0,7,8,1,16,28,5,33,49
12/26/2015,SPI,IL,AGL,CE,Combined TRACON& Tower with Radar,1,10,1,0,12,0,0,0,0,0,1,10,1,0,12,0,1,1,13
12/27/2015,SPI,IL,AGL,CE,Combined TRACON& Tower with Radar,0,7,12,0,19,0,0,0,0,0,0,7,12,0,19,10,0,10,29
12/28/2015,SPI,IL,AGL,CE,Combined TRACON& Tower with Radar,4,12,4,0,20,0,0,0,0,0,4,12,4,0,20,0,0,0,20
12/29/2015,SPI,IL,AGL,CE,Combined TRACON& Tower with Radar,0,9,4,0,13,0,0,6,0,6,0,9,10,0,19,16,10,26,45
12/30/2015,SPI,IL,AGL,CE,Combined TRACON& Tower with Radar,0,12,9,20,41,0,0,12,0,12,0,12,21,20,53,18,2,20,73
12/31/2015,SPI,IL,AGL,CE,Combined TRACON& Tower with Radar,2,9,15,0,26,0,0,18,1,19,2,9,33,1,45,10,3,13,58
01/01/2016,SPI,IL,AGL,CE,Combined TRACON& Tower with Radar,2,8,12,0,22,0,0,14,0,14,2,8,26,0,36,16,3,19,55
01/02/2016,SPI,IL,AGL,CE,Combined TRACON& Tower with Radar,2,13,14,0,29,0,1,35,0,36,2,14,49,0,65,22,4,26,91
01/03/2016,SPI,IL,AGL,CE,Combined TRACON& Tower with Radar,0,11,9,0,20,0,2,25,0,27,0,13,34,0,47,4,2,6,53
01/04/2016,SPI,IL,AGL,CE,Combined TRACON& Tower with Radar,3,8,18,14,43,0,4,14,0,18,3,12,32,14,61,12,14,26,87
01/05/2016,SPI,IL,AGL,CE,Combined TRACON& Tower with Radar,0,8,19,2,29,0,0,32,0,32,0,8,51,2,61,26,13,39,100
01/06/2016,SPI,IL,AGL,CE,Combined TRACON& Tower with Radar,0,7,18,1,26,0,13,20,0,33,0,20,38,1,59,22,12,34,93
01/07/2016,SPI,IL,AGL,CE,Combined TRACON& Tower with Radar,2,9,10,0,21,0,0,2,4,6,2,9,12,4,27,0,2,2,29
01/08/2016,SPI,IL,AGL,CE,Combined TRACON& Tower with Radar,2,10,11,0,23,0,0,0,0,0,2,10,11,0,23,0,1,1,24
01/09/2016,SPI,IL,AGL,CE,Combined TRACON& Tower with Radar,0,8,2,0,10,0,0,0,0,0,0,8,2,0,10,0,0,0,10
01/10/2016,SPI,IL,AGL,CE,Combined TRACON& Tower with Radar,2,15,10,0,27,0,0,4,2,6,2,15,14,2,33,0,10,10,43
01/11/2016,SPI,IL,AGL,CE,Combined TRACON& Tower with Radar,2,10,8,0,20,0,0,9,0,9,2,10,17,0,29,24,4,28,57
01/12/2016,SPI,IL,AGL,CE,Combined TRACON& Tower with Radar,0,9,6,4,19,0,1,2,2,5,0,10,8,6,24,0,14,14,38
01/13/2016,SPI,IL,AGL,CE,Combined TRACON& Tower with Radar,0,14,19,18,51,0,2,9,4,15,0,16,28,22,66,10,24,34,100
01/14/2016,SPI,IL,AGL,CE,Combined TRACON& Tower with Radar,2,15,24,13,54,0,2,16,4,22,2,17,40,17,76,18,2,20,96
01/15/2016,SPI,IL,AGL,CE,Combined TRACON& Tower with Radar,2,13,17,0,32,0,0,0,1,1,2,13,17,1,33,0,3,3,36
01/16/2016,SPI,IL,AGL,CE,Combined TRACON& Tower with Radar,0,9,11,6,26,0,0,9,0,9,0,9,20,6,35,49,0,49,84
01/17/2016,SPI,IL,AGL,CE,Combined TRACON& Tower with Radar,2,10,4,0,16,0,3,3,0,6,2,13,7,0,22,0,3,3,25
01/18/2016,SPI,IL,AGL,CE,Combined TRACON& Tower with Radar,2,10,6,0,18,0,0,9,0,9,2,10,15,0,27,26,0,26,53
01/19/2016,SPI,IL,AGL,CE,Combined TRACON& Tower with Radar,0,20,15,0,35,0,7,5,0,12,0,27,20,0,47,0,4,4,51
01/20/2016,SPI,IL,AGL,CE,Combined TRACON& Tower with Radar,0,10,13,0,23,0,0,9,4,13,0,10,22,4,36,12,3,15,51
01/21/2016,SPI,IL,AGL,CE,Combined TRACON& Tower with Radar,2,13,12,8,35,0,4,13,4,21,2,17,25,12,56,8,6,14,70
01/22/2016,SPI,IL,AGL,CE,Combined TRACON& Tower with Radar,2,14,13,9,38,0,2,5,1,8,2,16,18,10,46,0,1,1,47
01/23/2016,SPI,IL,AGL,CE,Combined TRACON& Tower with Radar,0,7,7,0,14,0,2,12,0,14,0,9,19,0,28,8,0,8,36
01/24/2016,SPI,IL,AGL,CE,Combined TRACON& Tower with Radar,2,8,9,0,19,0,0,21,2,23,2,8,30,2,42,21,3,24,66
01/25/2016,SPI,IL,AGL,CE,Combined TRACON& Tower with Radar,2,9,9,1,21,0,0,0,0,0,2,9,9,1,21,6,3,9,30
01/26/2016,SPI,IL,AGL,CE,Combined TRACON& Tower with Radar,0,14,5,19,38,0,2,6,1,9,0,16,11,20,47,7,32,39,86
01/27/2016,SPI,IL,AGL,CE,Combined TRACON& Tower with Radar,0,16,21,10,47,0,4,18,0,22,0,20,39,10,69,7,4,11,80
01/28/2016,SPI,IL,AGL,CE,Combined TRACON& Tower with Radar,2,12,20,17,51,0,5,15,0,20,2,17,35,17,71,6,24,30,101
01/29/2016,SPI,IL,AGL,CE,Combined TRACON& Tower with Radar,2,9,29,11,51,0,8,10,0,18,2,17,39,11,69,20,31,51,120
01/30/2016,SPI,IL,AGL,CE,Combined TRACON& Tower with Radar,1,6,6,2,15,0,0,35,0,35,1,6,41,2,50,44,0,44,94
01/31/2016,SPI,IL,AGL,CE,Combined TRACON& Tower with Radar,2,8,5,0,15,0,0,4,0,4,2,8,9,0,19,16,1,17,36
02/01/2016,SPI,IL,AGL,CE,Combined TRACON& Tower with Radar,2,10,16,0,28,0,4,27,0,31,2,14,43,0,59,15,1,16,75
02/02/2016,SPI,IL,AGL,CE,Combined TRACON& Tower with Radar,0,4,8,0,12,0,0,0,0,0,0,4,8,0,12,0,0,0,12
02/03/2016,SPI,IL,AGL,CE,Combined TRACON& Tower with Radar,0,10,11,0,21,0,0,5,2,7,0,10,16,2,28,0,2,2,30
02/04/2016,SPI,IL,AGL,CE,Combined TRACON& Tower with Radar,2,10,14,8,34,0,6,18,0,24,2,16,32,8,58,14,2,16,74
02/05/2016,SPI,IL,AGL,CE,Combined TRACON& Tower with Radar,2,16,21,11,50,0,3,11,0,14,2,19,32,11,64,26,16,42,106
02/06/2016,SPI,IL,AGL,CE,Combined TRACON& Tower with Radar,0,11,12,1,24,0,2,29,2,33,0,13,41,3,57,44,0,44,101
02/07/2016,SPI,IL,AGL,CE,Combined TRACON& Tower with Radar,2,11,11,2,26,0,3,18,0,21,2,14,29,2,47,0,3,3,50
02/08/2016,SPI,IL,AGL,CE,Combined TRACON& Tower with Radar,2,9,8,0,19,0,0,0,0,0,2,9,8,0,19,0,2,2,21
02/09/2016,SPI,IL,AGL,CE,Combined TRACON& Tower with Radar,0,9,9,2,20,0,0,2,3,5,0,9,11,5,25,0,1,1,26
02/10/2016,SPI,IL,AGL,CE,Combined TRACON& Tower with Radar,2,7,8,3,20,0,0,4,3,7,2,7,12,6,27,18,2,20,47
02/11/2016,SPI,IL,AGL,CE,Combined TRACON& Tower with Radar,2,12,24,5,43,0,4,15,3,22,2,16,39,8,65,12,3,15,80
02/12/2016,SPI,IL,AGL,CE,Combined TRACON& Tower with Radar,2,10,10,0,22,0,0,4,0,4,2,10,14,0,26,0,2,2,28
02/13/2016,SPI,IL,AGL,CE,Combined TRACON& Tower with Radar,1,9,9,3,22,0,0,14,1,15,1,9,23,4,37,0,1,1,38
02/14/2016,SPI,IL,AGL,CE,Combined TRACON& Tower with Radar,2,7,1,0,10,0,0,0,0,0,2,7,1,0,10,0,0,0,10
02/15/2016,SPI,IL,AGL,CE,Combined TRACON& Tower with Radar,2,11,15,0,28,0,0,0,0,0,2,11,15,0,28,0,0,0,28
02/16/2016,SPI,IL,AGL,CE,Combined TRACON& Tower with Radar,0,8,5,0,13,0,0,2,0,2,0,8,7,0,15,0,0,0,15
02/17/2016,SPI,IL,AGL,CE,Combined TRACON& Tower with Radar,2,15,27,0,44,0,3,14,2,19,2,18,41,2,63,22,5,27,90
02/18/2016,SPI,IL,AGL,CE,Combined TRACON& Tower with Radar,0,11,17,2,30,0,4,6,0,10,0,15,23,2,40,0,6,6,46
02/19/2016,SPI,IL,AGL,CE,Combined TRACON& Tower with Radar,4,11,11,8,34,0,0,2,4,6,4,11,13,12,40,8,9,17,57
02/20/2016,SPI,IL,AGL,CE,Combined TRACON& Tower with Radar,0,9,39,0,48,0,2,46,1,49,0,11,85,1,97,6,3,9,106
02/21/2016,SPI,IL,AGL,CE,Combined TRACON& Tower with Radar,0,16,23,2,41,0,0,31,0,31,0,16,54,2,72,4,0,4,76
02/22/2016,SPI,IL,AGL,CE,Combined TRACON& Tower with Radar,4,15,5,3,27,0,13,22,0,35,4,28,27,3,62,27,12,39,101
02/23/2016,SPI,IL,AGL,CE,Combined TRACON& Tower with Radar,0,11,24,6,41,0,2,19,9,30,0,13,43,15,71,26,4,30,101
02/24/2016,SPI,IL,AGL,CE,Combined TRACON& Tower with Radar,2,5,5,0,12,0,0,0,1,1,2,5,5,1,13,0,0,0,13
02/25/2016,SPI,IL,AGL,CE,Combined TRACON& Tower with Radar,0,12,12,6,30,0,2,5,2,9,0,14,17,8,39,6,0,6,45
02/26/2016,SPI,IL,AGL,CE,Combined TRACON& Tower with Radar,4,12,19,0,35,0,3,15,0,18,4,15,34,0,53,22,3,25,78
02/27/2016,SPI,IL,AGL,CE,Combined TRACON& Tower with Radar,0,11,10,0,21,0,4,42,1,47,0,15,52,1,68,40,2,42,110
02/28/2016,SPI,IL,AGL,CE,Combined TRACON& Tower with Radar,0,9,5,0,14,0,0,11,0,11,0,9,16,0,25,19,0,19,44
02/29/2016,SPI,IL,AGL,CE,Combined TRACON& Tower with Radar,4,13,32,0,49,0,8,30,0,38,4,21,62,0,87,2,4,6,93
03/01/2016,SPI,IL,AGL,CE,Combined TRACON& Tower with Radar,0,6,10,2,18,0,0,0,2,2,0,6,10,4,20,0,0,0,20
03/02/2016,SPI,IL,AGL,CE,Combined TRACON& Tower with Radar,2,11,21,4,38,0,8,23,0,31,2,19,44,4,69,13,1,14,83
03/03/2016,SPI,IL,AGL,CE,Combined TRACON& Tower with Radar,0,11,6,2,19,0,0,1,0,1,0,11,7,2,20,0,0,0,20
03/04/2016,SPI,IL,AGL,CE,Combined TRACON& Tower with Radar,4,8,34,2,48,0,4,18,0,22,4,12,52,2,70,22,6,28,98
03/05/2016,SPI,IL,AGL,CE,Combined TRACON& Tower with Radar,0,9,19,0,28,0,0,18,0,18,0,9,37,0,46,28,3,31,77
03/06/2016,SPI,IL,AGL,CE,Combined TRACON& Tower with Radar,0,10,14,0,24,0,0,29,0,29,0,10,43,0,53,18,14,32,85
03/07/2016,SPI,IL,AGL,CE,Combined TRACON& Tower with Radar,4,9,17,4,34,0,0,8,0,8,4,9,25,4,42,6,1,7,49
03/08/2016,SPI,IL,AGL,CE,Combined TRACON& Tower with Radar,0,13,12,4,29,0,2,10,0,12,0,15,22,4,41,6,5,11,52
03/09/2016,SPI,IL,AGL,CE,Combined TRACON& Tower with Radar,2,15,34,2,53,0,0,12,1,13,2,15,46,3,66,0,1,1,67
03/10/2016,SPI,IL,AGL,CE,Combined TRACON& Tower with Radar,1,10,14,5,30,0,0,13,5,18,1,10,27,10,48,0,0,0,48
03/11/2016,SPI,IL,AGL,CE,Combined TRACON& Tower with Radar,4,11,23,11,49,0,6,34,7,47,4,17,57,18,96,28,19,47,143
03/12/2016,SPI,IL,AGL,CE,Combined TRACON& Tower with Radar,0,6,24,1,31,0,1,4,0,5,0,7,28,1,36,8,2,10,46
03/13/2016,SPI,IL,AGL,CE,Combined TRACON& Tower with Radar,0,10,3,0,13,0,0,0,0,0,0,10,3,0,13,0,0,0,13
03/14/2016,SPI,IL,AGL,CE,Combined TRACON& Tower with Radar,4,11,32,0,47,0,0,2,1,3,4,11,34,1,50,10,2,12,62
03/15/2016,SPI,IL,AGL,CE,Combined TRACON& Tower with Radar,0,12,20,11,43,0,3,7,4,14,0,15,27,15,57,4,1,5,62
03/16/2016,SPI,IL,AGL,CE,Combined TRACON& Tower with Radar,3,10,9,0,22,0,4,17,0,21,3,14,26,0,43,24,4,28,71
03/17/2016,SPI,IL,AGL,CE,Combined TRACON& Tower with Radar,0,11,14,7,32,0,5,22,2,29,0,16,36,9,61,4,0,4,65
03/18/2016,SPI,IL,AGL,CE,Combined TRACON& Tower with Radar,4,9,12,5,30,0,10,28,1,39,4,19,40,6,69,24,0,24,93
03/19/2016,SPI,IL,AGL,CE,Combined TRACON& Tower with Radar,0,7,12,0,19,0,10,22,0,32,0,17,34,0,51,20,6,26,77
03/20/2016,SPI,IL,AGL,CE,Combined TRACON& Tower with Radar,0,8,7,0,15,0,2,10,0,12,0,10,17,0,27,20,5,25,52
03/21/2016,SPI,IL,AGL,CE,Combined TRACON& Tower with Radar,2,12,18,2,34,0,2,33,0,35,2,14,51,2,69,14,0,14,83
03/22/2016,SPI,IL,AGL,CE,Combined TRACON& Tower with Radar,2,9,12,9,32,0,0,13,3,16,2,9,25,12,48,0,0,0,48
03/23/2016,SPI,IL,AGL,CE,Combined TRACON& Tower with Radar,2,9,12,8,31,0,0,3,1,4,2,9,15,9,35,2,7,9,44
03/24/2016,SPI,IL,AGL,CE,Combined TRACON& Tower with Radar,0,8,14,4,26,0,4,0,0,4,0,12,14,4,30,0,3,3,33
03/25/2016,SPI,IL,AGL,CE,Combined TRACON& Tower with Radar,6,14,29,2,51,0,4,38,3,45,6,18,67,5,96,20,1,21,117
03/26/2016,SPI,IL,AGL,CE,Combined TRACON& Tower with Radar,0,8,10,0,18,0,0,30,0,30,0,8,40,0,48,18,0,18,66
03/27/2016,SPI,IL,AGL,CE,Combined TRACON& Tower with Radar,0,9,8,0,17,0,0,2,0,2,0,9,10,0,19,16,0,16,35
03/28/2016,SPI,IL,AGL,CE,Combined TRACON& Tower with Radar,4,10,12,6,32,0,4,38,2,44,4,14,50,8,76,42,12,54,130
03/29/2016,SPI,IL,AGL,CE,Combined TRACON& Tower with Radar,0,11,11,3,25,0,7,18,10,35,0,18,29,13,60,18,2,20,80
03/30/2016,SPI,IL,AGL,CE,Combined TRACON& Tower with Radar,2,8,17,0,27,0,0,0,0,0,2,8,17,0,27,0,1,1,28
03/31/2016,SPI,IL,AGL,CE,Combined TRACON& Tower with Radar,4,7,10,2,23,0,0,0,0,0,4,7,10,2,23,0,2,2,25
04/01/2016,SPI,IL,AGL,CE,Combined TRACON& Tower with Radar,4,18,11,6,39,0,3,4,1,8,4,21,15,7,47,0,8,8,55
04/02/2016,SPI,IL,AGL,CE,Combined TRACON& Tower with Radar,0,10,4,0,14,0,0,1,1,2,0,10,5,1,16,0,2,2,18
04/03/2016,SPI,IL,AGL,CE,Combined TRACON& Tower with Radar,0,15,18,0,33,0,0,6,3,9,0,15,24,3,42,0,4,4,46
04/04/2016,SPI,IL,AGL,CE,Combined TRACON& Tower with Radar,4,23,22,2,51,0,4,17,0,21,4,27,39,2,72,18,2,20,92
04/05/2016,SPI,IL,AGL,CE,Combined TRACON& Tower with Radar,0,16,17,4,37,0,6,17,3,26,0,22,34,7,63,12,6,18,81
04/06/2016,SPI,IL,AGL,CE,Combined TRACON& Tower with Radar,2,9,8,6,25,0,0,2,0,2,2,9,10,6,27,0,3,3,30
04/07/2016,SPI,IL,AGL,CE,Combined TRACON& Tower with Radar,0,11,18,7,36,0,2,9,1,12,0,13,27,8,48,6,1,7,55
04/08/2016,SPI,IL,AGL,CE,Combined TRACON& Tower with Radar,4,12,13,1,30,0,2,7,1,10,4,14,20,2,40,0,6,6,46
04/09/2016,SPI,IL,AGL,CE,Combined TRACON& Tower with Radar,0,8,17,0,25,0,0,35,4,39,0,8,52,4,64,2,4,6,70
04/10/2016,SPI,IL,AGL,CE,Combined TRACON& Tower with Radar,0,9,11,0,20,0,0,2,0,2,0,9,13,0,22,0,0,0,22
04/11/2016,SPI,IL,AGL,CE,Combined TRACON& Tower with Radar,4,11,33,0,48,0,4,17,1,22,4,15,50,1,70,2,1,3,73
04/12/2016,SPI,IL,AGL,CE,Combined TRACON& Tower with Radar,0,13,28,4,45,0,8,43,6,57,0,21,71,10,102,21,5,26,128
04/13/2016,SPI,IL,AGL,CE,Combined TRACON& Tower with Radar,2,13,38,13,66,0,5,32,1,38,2,18,70,14,104,20,20,40,144
04/14/2016,SPI,IL,AGL,CE,Combined TRACON& Tower with Radar,0,12,33,1,46,0,7,26,5,38,0,19,59,6,84,48,0,48,132
04/15/2016,SPI,IL,AGL,CE,Combined TRACON& Tower with Radar,2,13,18,0,33,0,2,26,5,33,2,15,44,5,66,5,4,9,75
04/16/2016,SPI,IL,AGL,CE,Combined TRACON& Tower with Radar,2,10,6,0,18,0,5,40,1,46,2,15,46,1,64,26,8,34,98
04/17/2016,SPI,IL,AGL,CE,Combined TRACON& Tower with Radar,0,6,14,8,28,0,0,31,5,36,0,6,45,13,64,24,4,28,92
04/18/2016,SPI,IL,AGL,CE,Combined TRACON& Tower with Radar,2,11,19,2,34,0,1,28,1,30,2,12,47,3,64,18,1,19,83
04/19/2016,SPI,IL,AGL,CE,Combined TRACON& Tower with Radar,2,11,16,1,30,0,0,13,1,14,2,11,29,2,44,10,1,11,55
04/20/2016,SPI,IL,AGL,CE,Combined TRACON& Tower with Radar,2,11,15,2,30,0,0,2,5,7,2,11,17,7,37,0,2,2,39
04/21/2016,SPI,IL,AGL,CE,Combined TRACON& Tower with Radar,0,11,22,5,38,0,0,6,1,7,0,11,28,6,45,0,0,0,45
04/22/2016,SPI,IL,AGL,CE,Combined TRACON& Tower with Radar,2,9,21,0,32,0,3,11,1,15,2,12,32,1,47,0,3,3,50
04/23/2016,SPI,IL,AGL,CE,Combined TRACON& Tower with Radar,2,7,16,8,33,0,0,39,3,42,2,7,55,11,75,30,3,33,108
04/24/2016,SPI,IL,AGL,CE,Combined TRACON& Tower with Radar,0,9,20,0,29,0,0,28,0,28,0,9,48,0,57,14,4,18,75
04/25/2016,SPI,IL,AGL,CE,Combined TRACON& Tower with Radar,2,8,18,4,32,0,2,7,1,10,2,10,25,5,42,0,0,0,42
04/26/2016,SPI,IL,AGL,CE,Combined TRACON& Tower with Radar,0,9,25,3,37,0,4,14,3,21,0,13,39,6,58,14,6,20,78
04/27/2016,SPI,IL,AGL,CE,Combined TRACON& Tower with Radar,2,8,15,5,30,0,0,0,0,0,2,8,15,5,30,0,0,0,30
04/28/2016,SPI,IL,AGL,CE,Combined TRACON& Tower with Radar,0,9,38,12,59,0,2,22,2,26,0,11,60,14,85,0,0,0,85
04/29/2016,SPI,IL,AGL,CE,Combined TRACON& Tower with Radar,2,8,40,8,58,0,0,6,0,6,2,8,46,8,64,0,0,0,64
04/30/2016,SPI,IL,AGL,CE,Combined TRACON& Tower with Radar,4,8,1,0,13,0,0,0,0,0,4,8,1,0,13,0,0,0,13
05/01/2016,SPI,IL,AGL,CE,Combined TRACON& Tower with Radar,0,8,32,0,40,0,0,0,0,0,0,8,32,0,40,0,0,0,40
05/02/2016,SPI,IL,AGL,CE,Combined TRACON& Tower with Radar,2,13,34,5,54,0,1,6,0,7,2,14,40,5,61,8,2,10,71
05/03/2016,SPI,IL,AGL,CE,Combined TRACON& Tower with Radar,0,14,14,0,28,0,1,17,0,18,0,15,31,0,46,16,4,20,66
05/04/2016,SPI,IL,AGL,CE,Combined TRACON& Tower with Radar,2,14,16,3,35,0,2,14,0,16,2,16,30,3,51,4,16,20,71
05/05/2016,SPI,IL,AGL,CE,Combined TRACON& Tower with Radar,0,15,16,2,33,0,2,17,7,26,0,17,33,9,59,3,4,7,66
05/06/2016,SPI,IL,AGL,CE,Combined TRACON& Tower with Radar,2,7,22,2,33,0,10,27,0,37,2,17,49,2,70,6,2,8,78
05/07/2016,SPI,IL,AGL,CE,Combined TRACON& Tower with Radar,2,7,11,0,20,0,0,16,0,16,2,7,27,0,36,6,2,8,44
05/08/2016,SPI,IL,AGL,CE,Combined TRACON& Tower with Radar,0,8,10,0,18,0,0,9,0,9,0,8,19,0,27,0,5,5,32
05/09/2016,SPI,IL,AGL,CE,Combined TRACON& Tower with Radar,2,12,11,0,25,0,0,2,0,2,2,12,13,0,27,0,0,0,27
05/10/2016,SPI,IL,AGL,CE,Combined TRACON& Tower with Radar,0,9,26,10,45,0,0,11,4,15,0,9,37,14,60,8,0,8,68
05/11/2016,SPI,IL,AGL,CE,Combined TRACON& Tower with Radar,2,17,18,1,38,0,1,9,0,10,2,18,27,1,48,8,16,24,72
05/12/2016,SPI,IL,AGL,CE,Combined TRACON& Tower with Radar,0,14,13,1,28,0,2,3,2,7,0,16,16,3,35,10,6,16,51
05/13/2016,SPI,IL,AGL,CE,Combined TRACON& Tower with Radar,2,13,9,13,37,0,5,16,3,24,2,18,25,16,61,36,21,57,118
05/14/2016,SPI,IL,AGL,CE,Combined TRACON& Tower with Radar,2,6,15,0,23,0,0,8,0,8,2,6,23,0,31,24,2,26,57
05/15/2016,SPI,IL,AGL,CE,Combined TRACON& Tower with Radar,0,8,12,2,22,0,0,36,0,36,0,8,48,2,58,39,0,39,97
05/16/2016,SPI,IL,AGL,CE,Combined TRACON& Tower with Radar,2,10,18,10,40,0,6,12,1,19,2,16,30,11,59,6,13,19,78
05/17/2016,SPI,IL,AGL,CE,Combined TRACON& Tower with Radar,2,13,25,34,74,0,1,5,1,7,2,14,30,35,81,0,39,39,120
05/18/2016,SPI,IL,AGL,CE,Combined TRACON& Tower with Radar,2,15,42,1,60,0,4,37,4,45,2,19,79,5,105,55,2,57,162
05/19/2016,SPI,IL,AGL,CE,Combined TRACON& Tower with Radar,0,14,13,9,36,0,4,32,6,42,0,18,45,15,78,28,6,34,112
05/20/2016,SPI,IL,AGL,CE,Combined TRACON& Tower with Radar,2,10,27,12,51,0,0,22,1,23,2,10,49,13,74,0,9,9,83
05/21/2016,SPI,IL,AGL,CE,Combined TRACON& Tower with Radar,2,8,14,5,29,0,0,32,9,41,2,8,46,14,70,21,26,47,117
05/22/2016,SPI,IL,AGL,CE,Combined TRACON& Tower with Radar,0,6,21,0,27,0,0,45,1,46,0,6,66,1,73,31,1,32,105
05/23/2016,SPI,IL,AGL,CE,Combined TRACON& Tower with Radar,2,8,25,33,68,0,9,26,4,39,2,17,51,37,107,0,32,32,139
05/24/2016,SPI,IL,AGL,CE,Combined TRACON& Tower with Radar,0,7,27,21,55,0,4,17,1,22,0,11,44,22,77,0,15,15,92
05/25/2016,SPI,IL,AGL,CE,Combined TRACON& Tower with Radar,2,6,12,6,26,0,5,9,1,15,2,11,21,7,41,6,16,22,63
05/26/2016,SPI,IL,AGL,CE,Combined TRACON& Tower with Radar,0,9,22,0,31,0,3,11,1,15,0,12,33,1,46,34,3,37,83
05/27/2016,SPI,IL,AGL,CE,Combined TRACON& Tower with Radar,2,8,27,4,41,0,0,2,1,3,2,8,29,5,44,26,2,28,72
05/28/2016,SPI,IL,AGL,CE,Combined TRACON& Tower with Radar,2,6,10,0,18,0,0,12,2,14,2,6,22,2,32,4,4,8,40
05/29/2016,SPI,IL,AGL,CE,Combined TRACON& Tower with Radar,0,13,24,0,37,0,4,34,0,38,0,17,58,0,75,4,11,15,90
05/30/2016,SPI,IL,AGL,CE,Combined TRACON& Tower with Radar,2,7,18,0,27,0,2,40,0,42,2,9,58,0,69,37,5,42,111
05/31/2016,SPI,IL,AGL,CE,Combined TRACON& Tower with Radar,0,8,18,0,26,0,8,13,1,22,0,16,31,1,48,16,3,19,67
06/01/2016,SPI,IL,AGL,CE,Combined TRACON& Tower with Radar,2,9,14,2,27,0,0,11,4,15,2,9,25,6,42,26,2,28,70
06/02/2016,SPI,IL,AGL,CE,Combined TRACON& Tower with Radar,0,11,22,1,34,0,5,32,4,41,0,16,54,5,75,35,6,41,116
06/03/2016,SPI,IL,AGL,CE,Combined TRACON& Tower with Radar,2,7,22,33,64,0,5,46,2,53,2,12,68,35,117,50,27,77,194
06/04/2016,SPI,IL,AGL,CE,Combined TRACON& Tower with Radar,2,8,6,0,16,0,0,4,0,4,2,8,10,0,20,12,3,15,35
06/05/2016,SPI,IL,AGL,CE,Combined TRACON& Tower with Radar,0,9,28,0,37,0,0,19,0,19,0,9,47,0,56,55,4,59,115
06/06/2016,SPI,IL,AGL,CE,Combined TRACON& Tower with Radar,2,9,14,8,33,0,7,24,2,33,2,16,38,10,66,10,24,34,100
06/07/2016,SPI,IL,AGL,CE,Combined TRACON& Tower with Radar,0,12,27,15,54,0,8,30,5,43,0,20,57,20,97,8,21,29,126
06/08/2016,SPI,IL,AGL,CE,Combined TRACON& Tower with Radar,2,18,23,0,43,0,6,27,0,33,2,24,50,0,76,49,4,53,129
06/09/2016,SPI,IL,AGL,CE,Combined TRACON& Tower with Radar,2,11,22,3,38,0,8,15,3,26,2,19,37,6,64,0,0,0,64
06/10/2016,SPI,IL,AGL,CE,Combined TRACON& Tower with Radar,2,11,25,14,52,0,5,32,2,39,2,16,57,16,91,10,27,37,128
06/11/2016,SPI,IL,AGL,CE,Combined TRACON& Tower with Radar,2,8,14,0,24,0,2,24,0,26,2,10,38,0,50,16,2,18,68
06/12/2016,SPI,IL,AGL,CE,Combined TRACON& Tower with Radar,2,9,10,0,21,0,0,10,0,10,2,9,20,0,31,0,4,4,35
06/13/2016,SPI,IL,AGL,CE,Combined TRACON& Tower with Radar,4,12,30,0,46,0,0,16,2,18,4,12,46,2,64,24,10,34,98
06/14/2016,SPI,IL,AGL,CE,Combined TRACON& Tower with Radar,0,10,26,24,60,0,2,15,1,18,0,12,41,25,78,12,24,36,114
06/15/2016,SPI,IL,AGL,CE,Combined TRACON& Tower with Radar,2,9,27,21,59,0,0,20,2,22,2,9,47,23,81,10,23,33,114
06/16/2016,SPI,IL,AGL,CE,Combined TRACON& Tower with Radar,0,7,26,16,49,0,6,41,0,47,0,13,67,16,96,24,18,42,138
06/17/2016,SPI,IL,AGL,CE,Combined TRACON& Tower with Radar,2,12,12,18,44,0,4,25,1,30,2,16,37,19,74,33,28,61,135
06/18/2016,SPI,IL,AGL,CE,Combined TRACON& Tower with Radar,2,8,19,0,29,0,0,43,1,44,2,8,62,1,73,30,4,34,107
06/19/2016,SPI,IL,AGL,CE,Combined TRACON& Tower with Radar,0,10,11,0,21,0,0,21,0,21,0,10,32,0,42,14,6,20,62
06/20/2016,SPI,IL,AGL,CE,Combined TRACON& Tower with Radar,2,12,22,2,38,0,0,18,0,18,2,12,40,2,56,32,4,36,92
06/21/2016,SPI,IL,AGL,CE,Combined TRACON& Tower with Radar,2,8,16,0,26,0,4,17,3,24,2,12,33,3,50,8,10,18,68
06/22/2016,SPI,IL,AGL,CE,Combined TRACON& Tower with Radar,2,8,12,19,41,0,4,22,2,28,2,12,34,21,69,28,22,50,119
06/23/2016,SPI,IL,AGL,CE,Combined TRACON& Tower with Radar,0,14,28,3,45,0,3,18,5,26,0,17,46,8,71,27,9,36,107
06/24/2016,SPI,IL,AGL,CE,Combined TRACON& Tower with Radar,2,10,13,0,25,0,1,25,5,31,2,11,38,5,56,40,9,49,105
06/25/2016,SPI,IL,AGL,CE,Combined TRACON& Tower with Radar,2,10,7,0,19,0,0,28,3,31,2,10,35,3,50,22,6,28,78
06/26/2016,SPI,IL,AGL,CE,Combined TRACON& Tower with Radar,0,7,10,4,21,0,1,16,2,19,0,8,26,6,40,6,1,7,47
06/27/2016,SPI,IL,AGL,CE,Combined TRACON& Tower with Radar,2,9,19,3,33,0,6,18,0,24,2,15,37,3,57,27,7,34,91
06/28/2016,SPI,IL,AGL,CE,Combined TRACON& Tower with Radar,0,8,17,0,25,0,0,31,1,32,0,8,48,1,57,12,2,14,71
06/29/2016,SPI,IL,AGL,CE,Combined TRACON& Tower with Radar,2,10,27,10,49,0,4,41,4,49,2,14,68,14,98,14,22,36,134
06/30/2016,SPI,IL,AGL,CE,Combined TRACON& Tower with Radar,0,10,23,9,42,0,4,14,4,22,0,14,37,13,64,27,10,37,101
07/01/2016,SPI,IL,AGL,CE,Combined TRACON& Tower with Radar,2,8,12,0,22,0,0,25,1,26,2,8,37,1,48,14,9,23,71
07/02/2016,SPI,IL,AGL,CE,Combined TRACON& Tower with Radar,2,8,9,0,19,0,0,14,1,15,2,8,23,1,34,36,0,36,70
07/03/2016,SPI,IL,AGL,CE,Combined TRACON& Tower with Radar,0,8,6,0,14,0,0,0,0,0,0,8,6,0,14,0,0,0,14
07/04/2016,SPI,IL,AGL,CE,Combined TRACON& Tower with Radar,2,8,7,0,17,0,0,1,0,1,2,8,8,0,18,0,1,1,19
07/05/2016,SPI,IL,AGL,CE,Combined TRACON& Tower with Radar,2,11,22,0,35,0,0,7,2,9,2,11,29,2,44,30,3,33,77
07/06/2016,SPI,IL,AGL,CE,Combined TRACON& Tower with Radar,2,10,19,0,31,0,0,6,3,9,2,10,25,3,40,0,3,3,43
07/07/2016,SPI,IL,AGL,CE,Combined TRACON& Tower with Radar,0,7,14,3,24,0,1,11,3,15,0,8,25,6,39,4,12,16,55
07/08/2016,SPI,IL,AGL,CE,Combined TRACON& Tower with Radar,2,7,17,37,63,0,7,21,4,32,2,14,38,41,95,18,42,60,155
07/09/2016,SPI,IL,AGL,CE,Combined TRACON& Tower with Radar,4,7,7,2,20,0,0,27,4,31,4,7,34,6,51,52,5,57,108
07/10/2016,SPI,IL,AGL,CE,Combined TRACON& Tower with Radar,0,8,13,14,35,0,1,22,0,23,0,9,35,14,58,4,15,19,77
07/11/2016,SPI,IL,AGL,CE,Combined TRACON& Tower with Radar,0,8,26,20,54,0,5,27,0,32,0,13,53,20,86,20,22,42,128
07/12/2016,SPI,IL,AGL,CE,Combined TRACON& Tower with Radar,0,10,18,1,29,0,3,22,4,29,0,13,40,5,58,48,4,52,110
07/13/2016,SPI,IL,AGL,CE,Combined TRACON& Tower with Radar,2,12,13,3,30,0,0,10,1,11,2,12,23,4,41,6,4,10,51
07/14/2016,SPI,IL,AGL,CE,Combined TRACON& Tower with Radar,0,11,15,5,31,0,1,25,2,28,0,12,40,7,59,17,3,20,79
07/15/2016,SPI,IL,AGL,CE,Combined TRACON& Tower with Radar,2,9,14,4,29,0,1,46,1,48,2,10,60,5,77,10,4,14,91
07/16/2016,SPI,IL,AGL,CE,Combined TRACON& Tower with Radar,2,13,17,0,32,0,0,32,2,34,2,13,49,2,66,7,3,10,76
07/17/2016,SPI,IL,AGL,CE,Combined TRACON& Tower with Radar,4,7,13,0,24,0,0,17,0,17,4,7,30,0,41,14,2,16,57
07/18/2016,SPI,IL,AGL,CE,Combined TRACON& Tower with Radar,2,12,13,5,32,0,11,12,7,30,2,23,25,12,62,9,23,32,94
07/19/2016,SPI,IL,AGL,CE,Combined TRACON& Tower with Radar,0,10,11,2,23,0,5,3,2,10,0,15,14,4,33,16,2,18,51
07/20/2016,SPI,IL,AGL,CE,Combined TRACON& Tower with Radar,2,10,15,0,27,0,6,18,1,25,2,16,33,1,52,38,17,55,107
07/21/2016,SPI,IL,AGL,CE,Combined TRACON& Tower with Radar,2,7,20,5,34,0,4,29,6,39,2,11,49,11,73,14,8,22,95
07/22/2016,SPI,IL,AGL,CE,Combined TRACON& Tower with Radar,6,7,25,15,53,0,4,13,2,19,6,11,38,17,72,11,13,24,96
07/23/2016,SPI,IL,AGL,CE,Combined TRACON& Tower with Radar,2,8,14,0,24,0,4,24,1,29,2,12,38,1,53,12,3,15,68
07/24/2016,SPI,IL,AGL,CE,Combined TRACON& Tower with Radar,2,10,21,0,33,0,27,24,2,53,2,37,45,2,86,30,2,32,118
07/25/2016,SPI,IL,AGL,CE,Combined TRACON& Tower with Radar,4,13,22,2,41,0,26,12,0,38,4,39,34,2,79,16,5,21,100
07/26/2016,SPI,IL,AGL,CE,Combined TRACON& Tower with Radar,0,9,36,0,45,0,31,39,2,72,0,40,75,2,117,0,0,0,117
07/27/2016,SPI,IL,AGL,CE,Combined TRACON& Tower with Radar,2,7,25,0,34,0,13,15,1,29,2,20,40,1,63,14,1,15,78
07/28/2016,SPI,IL,AGL,CE,Combined TRACON& Tower with Radar,0,9,10,0,19,0,2,18,0,20,0,11,28,0,39,6,4,10,49
07/29/2016,SPI,IL,AGL,CE,Combined TRACON& Tower with Radar,2,9,20,3,34,0,2,25,2,29,2,11,45,5,63,16,4,20,83
07/30/2016,SPI,IL,AGL,CE,Combined TRACON& Tower with Radar,2,7,27,1,37,0,0,9,0,9,2,7,36,1,46,24,8,32,78
07/31/2016,SPI,IL,AGL,CE,Combined TRACON& Tower with Radar,0,8,18,0,26,0,0,21,0,21,0,8,39,0,47,16,9,25,72
08/01/2016,SPI,IL,AGL,CE,Combined TRACON& Tower with Radar,2,9,16,0,27,0,2,12,0,14,2,11,28,0,41,20,3,23,64
08/02/2016,SPI,IL,AGL,CE,Combined TRACON& Tower with Radar,0,16,23,2,41,0,0,18,1,19,0,16,41,3,60,14,1,15,75
08/03/2016,SPI,IL,AGL,CE,Combined TRACON& Tower with Radar,2,9,11,5,27,0,4,14,1,19,2,13,25,6,46,0,14,14,60
08/04/2016,SPI,IL,AGL,CE,Combined TRACON& Tower with Radar,0,13,16,23,52,0,8,29,4,41,0,21,45,27,93,22,30,52,145
08/05/2016,SPI,IL,AGL,CE,Combined TRACON& Tower with Radar,0,6,21,1,28,0,0,8,0,8,0,6,29,1,36,0,2,2,38
08/06/2016,SPI,IL,AGL,CE,Combined TRACON& Tower with Radar,4,7,20,38,69,0,0,50,2,52,4,7,70,40,121,43,4,47,168
08/07/2016,SPI,IL,AGL,CE,Combined TRACON& Tower with Radar,0,8,20,7,35,0,0,33,2,35,0,8,53,9,70,0,5,5,75
08/08/2016,SPI,IL,AGL,CE,Combined TRACON& Tower with Radar,2,12,20,1,35,0,11,32,2,45,2,23,52,3,80,50,3,53,133
08/09/2016,SPI,IL,AGL,CE,Combined TRACON& Tower with Radar,0,11,18,2,31,0,10,15,3,28,0,21,33,5,59,0,4,4,63
08/10/2016,SPI,IL,AGL,CE,Combined TRACON& Tower with Radar,2,10,27,21,60,0,9,48,6,63,2,19,75,27,123,20,39,59,182
08/11/2016,SPI,IL,AGL,CE,Combined TRACON& Tower with Radar,0,12,23,3,38,0,3,26,1,30,0,15,49,4,68,30,14,44,112
08/12/2016,SPI,IL,AGL,CE,Combined TRACON& Tower with Radar,2,14,18,23,57,0,6,21,4,31,2,20,39,27,88,8,11,19,107
08/13/2016,SPI,IL,AGL,CE,Combined TRACON& Tower with Radar,2,8,14,1,25,0,0,42,6,48,2,8,56,7,73,49,6,55,128
08/14/2016,SPI,IL,AGL,CE,Combined TRACON& Tower with Radar,0,10,14,2,26,0,2,64,8,74,0,12,78,10,100,44,2,46,146
08/15/2016,SPI,IL,AGL,CE,Combined TRACON& Tower with Radar,2,8,8,0,18,0,0,0,0,0,2,8,8,0,18,0,0,0,18
08/16/2016,SPI,IL,AGL,CE,Combined TRACON& Tower with Radar,1,11,27,15,54,0,1,28,5,34,1,12,55,20,88,19,38,57,145
08/17/2016,SPI,IL,AGL,CE,Combined TRACON& Tower with Radar,0,18,20,6,44,0,1,33,2,36,0,19,53,8,80,34,16,50,130
08/18/2016,SPI,IL,AGL,CE,Combined TRACON& Tower with Radar,2,11,24,3,40,0,4,29,1,34,2,15,53,4,74,0,2,2,76
08/19/2016,SPI,IL,AGL,CE,Combined TRACON& Tower with Radar,0,13,21,26,60,0,2,13,4,19,0,15,34,30,79,15,10,25,104
08/20/2016,SPI,IL,AGL,CE,Combined TRACON& Tower with Radar,0,7,14,0,21,0,0,4,2,6,0,7,18,2,27,0,2,2,29
08/21/2016,SPI,IL,AGL,CE,Combined TRACON& Tower with Radar,2,10,19,0,31,0,0,37,7,44,2,10,56,7,75,0,1,1,76
08/22/2016,SPI,IL,AGL,CE,Combined TRACON& Tower with Radar,0,9,14,0,23,0,4,30,9,43,0,13,44,9,66,10,1,11,77
08/23/2016,SPI,IL,AGL,CE,Combined TRACON& Tower with Radar,0,14,20,0,34,0,10,34,0,44,0,24,54,0,78,20,6,26,104
08/24/2016,SPI,IL,AGL,CE,Combined TRACON& Tower with Radar,0,7,20,4,31,0,0,10,3,13,0,7,30,7,44,15,10,25,69
08/25/2016,SPI,IL,AGL,CE,Combined TRACON& Tower with Radar,2,14,17,18,51,0,6,14,4,24,2,20,31,22,75,16,14,30,105
08/26/2016,SPI,IL,AGL,CE,Combined TRACON& Tower with Radar,0,10,21,6,37,0,1,24,0,25,0,11,45,6,62,2,10,12,74
08/27/2016,SPI,IL,AGL,CE,Combined TRACON& Tower with Radar,0,15,11,1,27,0,0,18,0,18,0,15,29,1,45,30,4,34,79
08/28/2016,SPI,IL,AGL,CE,Combined TRACON& Tower with Radar,2,11,19,2,34,0,0,6,0,6,2,11,25,2,40,28,5,33,73
08/29/2016,SPI,IL,AGL,CE,Combined TRACON& Tower with Radar,0,12,10,2,24,0,1,15,0,16,0,13,25,2,40,4,0,4,44
08/30/2016,SPI,IL,AGL,CE,Combined TRACON& Tower with Radar,0,9,7,0,16,0,0,2,0,2,0,9,9,0,18,0,0,0,18
08/31/2016,SPI,IL,AGL,CE,Combined TRACON& Tower with Radar,0,9,26,2,37,0,1,22,5,28,0,10,48,7,65,26,7,33,98
09/01/2016,SPI,IL,AGL,CE,Combined TRACON& Tower with Radar,2,14,33,12,61,0,2,30,2,34,2,16,63,14,95,4,21,25,120
09/02/2016,SPI,IL,AGL,CE,Combined TRACON& Tower with Radar,0,10,17,0,27,0,6,29,0,35,0,16,46,0,62,18,2,20,82
09/03/2016,SPI,IL,AGL,CE,Combined TRACON& Tower with Radar,0,10,15,0,25,0,2,41,0,43,0,12,56,0,68,8,2,10,78
09/04/2016,SPI,IL,AGL,CE,Combined TRACON& Tower with Radar,2,6,20,0,28,0,2,38,0,40,2,8,58,0,68,14,5,19,87
09/05/2016,SPI,IL,AGL,CE,Combined TRACON& Tower with Radar,0,8,12,0,20,0,0,23,1,24,0,8,35,1,44,28,7,35,79
09/06/2016,SPI,IL,AGL,CE,Combined TRACON& Tower with Radar,0,10,6,1,17,0,6,13,1,20,0,16,19,2,37,5,3,8,45
09/07/2016,SPI,IL,AGL,CE,Combined TRACON& Tower with Radar,0,9,19,26,54,0,0,16,2,18,0,9,35,28,72,1,31,32,104
09/08/2016,SPI,IL,AGL,CE,Combined TRACON& Tower with Radar,2,8,18,6,34,0,0,1,1,2,2,8,19,7,36,0,11,11,47
09/09/2016,SPI,IL,AGL,CE,Combined TRACON& Tower with Radar,0,8,5,1,14,0,0,4,0,4,0,8,9,1,18,8,1,9,27
09/10/2016,SPI,IL,AGL,CE,Combined TRACON& Tower with Radar,0,6,7,0,13,0,0,19,1,20,0,6,26,1,33,6,5,11,44
09/11/2016,SPI,IL,AGL,CE,Combined TRACON& Tower with Radar,2,7,16,0,25,0,0,22,2,24,2,7,38,2,49,8,8,16,65
09/12/2016,SPI,IL,AGL,CE,Combined TRACON& Tower with Radar,0,11,15,0,26,0,0,19,1,20,0,11,34,1,46,25,0,25,71
09/13/2016,SPI,IL,AGL,CE,Combined TRACON& Tower with Radar,2,20,21,12,55,0,3,32,3,38,2,23,53,15,93,32,13,45,138
09/14/2016,SPI,IL,AGL,CE,Combined TRACON& Tower with Radar,0,14,15,20,49,0,3,9,0,12,0,17,24,20,61,20,32,52,113
09/15/2016,SPI,IL,AGL,CE,Combined TRACON& Tower with Radar,2,16,19,0,37,0,3,12,3,18,2,19,31,3,55,20,1,21,76
09/16/2016,SPI,IL,AGL,CE,Combined TRACON& Tower with Radar,0,8,18,0,26,0,0,3,0,3,0,8,21,0,29,0,2,2,31
09/17/2016,SPI,IL,AGL,CE,Combined TRACON& Tower with Radar,0,6,16,0,22,0,0,23,0,23,0,6,39,0,45,8,2,10,55
09/18/2016,SPI,IL,AGL,CE,Combined TRACON& Tower with Radar,2,8,11,0,21,0,3,38,1,42,2,11,49,1,63,18,7,25,88
09/19/2016,SPI,IL,AGL,CE,Combined TRACON& Tower with Radar,0,7,18,12,37,0,4,26,0,30,0,11,44,12,67,5,10,15,82
09/20/2016,SPI,IL,AGL,CE,Combined TRACON& Tower with Radar,0,9,13,1,23,0,5,18,4,27,0,14,31,5,50,0,6,6,56
09/21/2016,SPI,IL,AGL,CE,Combined TRACON& Tower with Radar,0,8,26,16,50,0,8,27,0,35,0,16,53,16,85,0,30,30,115
09/22/2016,SPI,IL,AGL,CE,Combined TRACON& Tower with Radar,3,8,21,13,45,0,0,12,5,17,3,8,33,18,62,14,13,27,89
09/23/2016,SPI,IL,AGL,CE,Combined TRACON& Tower with Radar,0,21,31,0,52,0,5,23,0,28,0,26,54,0,80,4,5,9,89
09/24/2016,SPI,IL,AGL,CE,Combined TRACON& Tower with Radar,1,6,13,0,20,0,2,20,1,23,1,8,33,1,43,6,4,10,53
09/25/2016,SPI,IL,AGL,CE,Combined TRACON& Tower with Radar,2,7,13,0,22,0,0,23,0,23,2,7,36,0,45,29,3,32,77
09/26/2016,SPI,IL,AGL,CE,Combined TRACON& Tower with Radar,0,7,10,4,21,0,2,16,3,21,0,9,26,7,42,12,20,32,74
09/27/2016,SPI,IL,AGL,CE,Combined TRACON& Tower with Radar,0,9,19,2,30,0,2,15,2,19,0,11,34,4,49,24,5,29,78
09/28/2016,SPI,IL,AGL,CE,Combined TRACON& Tower with Radar,0,10,27,2,39,0,3,7,1,11,0,13,34,3,50,14,2,16,66
09/29/2016,SPI,IL,AGL,CE,Combined TRACON& Tower with Radar,2,10,19,0,31,0,2,3,0,5,2,12,22,0,36,0,1,1,37
09/30/2016,SPI,IL,AGL,CE,Combined TRACON& Tower with Radar,0,9,18,0,27,0,0,0,0,0,0,9,18,0,27,0,1,1,28
10/01/2016,SPI,IL,AGL,CE,Combined TRACON& Tower with Radar,0,6,13,0,19,0,0,2,0,2,0,6,15,0,21,0,1,1,22
10/02/2016,SPI,IL,AGL,CE,Combined TRACON& Tower with Radar,2,8,12,0,22,0,0,6,0,6,2,8,18,0,28,11,3,14,42
10/03/2016,SPI,IL,AGL,CE,Combined TRACON& Tower with Radar,0,9,17,3,29,0,2,17,3,22,0,11,34,6,51,37,4,41,92
10/04/2016,SPI,IL,AGL,CE,Combined TRACON& Tower with Radar,0,14,21,0,35,0,6,26,0,32,0,20,47,0,67,8,0,8,75
10/05/2016,SPI,IL,AGL,CE,Combined TRACON& Tower with Radar,2,11,24,2,39,0,0,23,2,25,2,11,47,4,64,0,6,6,70
10/06/2016,SPI,IL,AGL,CE,Combined TRACON& Tower with Radar,0,14,14,0,28,0,1,4,0,5,0,15,18,0,33,20,3,23,56
10/07/2016,SPI,IL,AGL,CE,Combined TRACON& Tower with Radar,0,9,14,10,33,0,0,10,1,11,0,9,24,11,44,4,27,31,75
10/08/2016,SPI,IL,AGL,CE,Combined TRACON& Tower with Radar,2,8,11,0,21,0,0,66,2,68,2,8,77,2,89,10,9,19,108
10/09/2016,SPI,IL,AGL,CE,Combined TRACON& Tower with Radar,0,9,7,0,16,0,1,35,1,37,0,10,42,1,53,14,5,19,72
10/10/2016,SPI,IL,AGL,CE,Combined TRACON& Tower with Radar,0,7,15,0,22,0,2,27,0,29,0,9,42,0,51,28,3,31,82
10/11/2016,SPI,IL,AGL,CE,Combined TRACON& Tower with Radar,0,10,25,1,36,0,1,18,0,19,0,11,43,1,55,1,1,2,57
10/12/2016,SPI,IL,AGL,CE,Combined TRACON& Tower with Radar,2,13,15,4,34,0,2,2,1,5,2,15,17,5,39,0,3,3,42
10/13/2016,SPI,IL,AGL,CE,Combined TRACON& Tower with Radar,2,15,24,2,43,0,4,24,8,36,2,19,48,10,79,22,17,39,118
10/14/2016,SPI,IL,AGL,CE,Combined TRACON& Tower with Radar,0,10,17,9,36,0,2,18,5,25,0,12,35,14,61,4,2,6,67
10/15/2016,SPI,IL,AGL,CE,Combined TRACON& Tower with Radar,2,10,15,0,27,0,0,8,1,9,2,10,23,1,36,6,3,9,45
10/16/2016,SPI,IL,AGL,CE,Combined TRACON& Tower with Radar,0,13,11,0,24,0,0,20,2,22,0,13,31,2,46,18,2,20,66
10/17/2016,SPI,IL,AGL,CE,Combined TRACON& Tower with Radar,0,12,19,12,43,0,1,21,0,22,0,13,40,12,65,0,9,9,74
10/18/2016,SPI,IL,AGL,CE,Combined TRACON& Tower with Radar,0,7,23,15,45,0,2,25,2,29,0,9,48,17,74,39,12,51,125
10/19/2016,SPI,IL,AGL,CE,Combined TRACON& Tower with Radar,2,10,20,7,39,0,1,16,1,18,2,11,36,8,57,0,27,27,84
10/20/2016,SPI,IL,AGL,CE,Combined TRACON& Tower with Radar,0,22,26,8,56,0,4,11,2,17,0,26,37,10,73,24,2,26,99
10/21/2016,SPI,IL,AGL,CE,Combined TRACON& Tower with Radar,0,21,28,1,50,0,6,38,0,44,0,27,66,1,94,12,5,17,111
10/22/2016,SPI,IL,AGL,CE,Combined TRACON& Tower with Radar,2,6,11,0,19,0,0,43,2,45,2,6,54,2,64,20,0,20,84
10/23/2016,SPI,IL,AGL,CE,Combined TRACON& Tower with Radar,0,12,20,0,32,0,2,28,2,32,0,14,48,2,64,12,5,17,81
10/24/2016,SPI,IL,AGL,CE,Combined TRACON& Tower with Radar,0,14,13,13,40,0,6,27,1,34,0,20,40,14,74,12,30,42,116
10/25/2016,SPI,IL,AGL,CE,Combined TRACON& Tower with Radar,2,9,20,0,31,0,25,24,3,52,2,34,44,3,83,14,6,20,103
10/26/2016,SPI,IL,AGL,CE,Combined TRACON& Tower with Radar,2,19,11,0,32,0,8,3,2,13,2,27,14,2,45,1,0,1,46
10/27/2016,SPI,IL,AGL,CE,Combined TRACON& Tower with Radar,0,14,23,1,38,0,0,16,2,18,0,14,39,3,56,12,7,19,75
10/28/2016,SPI,IL,AGL,CE,Combined TRACON& Tower with Radar,0,15,20,2,37,0,7,16,3,26,0,22,36,5,63,0,9,9,72
10/29/2016,SPI,IL,AGL,CE,Combined TRACON& Tower with Radar,2,6,27,3,38,0,2,21,2,25,2,8,48,5,63,2,8,10,73
10/30/2016,SPI,IL,AGL,CE,Combined TRACON& Tower with Radar,0,10,19,0,29,0,0,13,0,13,0,10,32,0,42,14,5,19,61
10/31/2016,SPI,IL,AGL,CE,Combined TRACON& Tower with Radar,0,9,15,0,24,0,3,20,2,25,0,12,35,2,49,0,2,2,51
11/01/2016,SPI,IL,AGL,CE,Combined TRACON& Tower with Radar,0,10,30,7,47,0,2,17,6,25,0,12,47,13,72,18,2,20,92
11/02/2016,SPI,IL,AGL,CE,Combined TRACON& Tower with Radar,2,8,6,10,26,0,0,6,0,6,2,8,12,10,32,2,2,4,36
11/03/2016,SPI,IL,AGL,CE,Combined TRACON& Tower with Radar,0,13,13,12,38,0,0,10,2,12,0,13,23,14,50,17,1,18,68
11/04/2016,SPI,IL,AGL,CE,Combined TRACON& Tower with Radar,0,11,21,20,52,0,4,29,6,39,0,15,50,26,91,8,29,37,128
11/05/2016,SPI,IL,AGL,CE,Combined TRACON& Tower with Radar,3,7,14,7,31,0,0,31,2,33,3,7,45,9,64,40,2,42,106
11/06/2016,SPI,IL,AGL,CE,Combined TRACON& Tower with Radar,0,9,16,5,30,0,0,25,3,28,0,9,41,8,58,12,17,29,87
11/07/2016,SPI,IL,AGL,CE,Combined TRACON& Tower with Radar,0,12,16,18,46,0,0,17,2,19,0,12,33,20,65,26,26,52,117
11/08/2016,SPI,IL,AGL,CE,Combined TRACON& Tower with Radar,0,8,19,12,39,0,0,3,0,3,0,8,22,12,42,0,0,0,42
11/09/2016,SPI,IL,AGL,CE,Combined TRACON& Tower with Radar,2,11,24,22,59,0,6,29,5,40,2,17,53,27,99,12,55,67,166
11/10/2016,SPI,IL,AGL,CE,Combined TRACON& Tower with Radar,0,11,15,23,49,0,3,14,0,17,0,14,29,23,66,48,8,56,122
11/11/2016,SPI,IL,AGL,CE,Combined TRACON& Tower with Radar,0,9,13,0,22,0,0,23,0,23,0,9,36,0,45,4,4,8,53
11/12/2016,SPI,IL,AGL,CE,Combined TRACON& Tower with Radar,2,8,11,0,21,0,0,36,1,37,2,8,47,1,58,20,4,24,82
11/13/2016,SPI,IL,AGL,CE,Combined TRACON& Tower with Radar,0,14,20,0,34,0,0,18,1,19,0,14,38,1,53,7,1,8,61
11/14/2016,SPI,IL,AGL,CE,Combined TRACON& Tower with Radar,0,13,20,0,33,0,2,23,7,32,0,15,43,7,65,35,3,38,103
11/15/2016,SPI,IL,AGL,CE,Combined TRACON& Tower with Radar,0,14,17,10,41,0,3,31,4,38,0,17,48,14,79,34,32,66,145
11/16/2016,SPI,IL,AGL,CE,Combined TRACON& Tower with Radar,2,13,17,10,42,0,7,25,3,35,2,20,42,13,77,16,10,26,103
11/17/2016,SPI,IL,AGL,CE,Combined TRACON& Tower with Radar,2,11,13,29,55,0,6,6,4,16,2,17,19,33,71,12,18,30,101
11/18/2016,SPI,IL,AGL,CE,Combined TRACON& Tower with Radar,0,9,10,2,21,0,2,6,2,10,0,11,16,4,31,0,2,2,33
11/19/2016,SPI,IL,AGL,CE,Combined TRACON& Tower with Radar,2,7,7,0,16,0,0,7,0,7,2,7,14,0,23,0,0,0,23
11/20/2016,SPI,IL,AGL,CE,Combined TRACON& Tower with Radar,2,10,13,0,25,0,2,46,0,48,2,12,59,0,73,21,5,26,99
11/21/2016,SPI,IL,AGL,CE,Combined TRACON& Tower with Radar,0,11,19,5,35,0,1,25,0,26,0,12,44,5,61,18,26,44,105
11/22/2016,SPI,IL,AGL,CE,Combined TRACON& Tower with Radar,2,6,12,6,26,0,7,16,4,27,2,13,28,10,53,6,4,10,63
11/23/2016,SPI,IL,AGL,CE,Combined TRACON& Tower with Radar,2,7,11,0,20,0,0,0,0,0,2,7,11,0,20,0,0,0,20
11/24/2016,SPI,IL,AGL,CE,Combined TRACON& Tower with Radar,2,6,2,0,10,0,0,1,0,1,2,6,3,0,11,0,3,3,14
11/25/2016,SPI,IL,AGL,CE,Combined TRACON& Tower with Radar,0,7,7,0,14,0,0,7,1,8,0,7,14,1,22,8,5,13,35
11/26/2016,SPI,IL,AGL,CE,Combined TRACON& Tower with Radar,2,9,15,0,26,0,1,29,2,32,2,10,44,2,58,12,12,24,82
11/27/2016,SPI,IL,AGL,CE,Combined TRACON& Tower with Radar,2,8,18,0,28,0,0,2,0,2,2,8,20,0,30,10,0,10,40
11/28/2016,SPI,IL,AGL,CE,Combined TRACON& Tower with Radar,5,15,12,0,32,0,0,0,0,0,5,15,12,0,32,0,1,1,33
11/29/2016,SPI,IL,AGL,CE,Combined TRACON& Tower with Radar,0,10,8,17,35,0,3,18,6,27,0,13,26,23,62,26,26,52,114
11/30/2016,SPI,IL,AGL,CE,Combined TRACON& Tower with Radar,2,8,18,22,50,0,4,6,2,12,2,12,24,24,62,0,60,60,122
12/01/2016,SPI,IL,AGL,CE,Combined TRACON& Tower with Radar,2,11,11,0,24,0,1,6,2,9,2,12,17,2,33,0,17,17,50
12/02/2016,SPI,IL,AGL,CE,Combined TRACON& Tower with Radar,0,8,16,2,26,0,1,11,2,14,0,9,27,4,40,20,5,25,65
12/03/2016,SPI,IL,AGL,CE,Combined TRACON& Tower with Radar,2,8,16,0,26,0,3,27,0,30,2,11,43,0,56,42,0,42,98
12/04/2016,SPI,IL,AGL,CE,Combined TRACON& Tower with Radar,2,5,3,0,10,0,0,0,0,0,2,5,3,0,10,0,0,0,10
12/05/2016,SPI,IL,AGL,CE,Combined TRACON& Tower with Radar,0,9,14,0,23,0,0,0,0,0,0,9,14,0,23,0,0,0,23
12/06/2016,SPI,IL,AGL,CE,Combined TRACON& Tower with Radar,0,8,19,0,27,0,0,8,0,8,0,8,27,0,35,0,2,2,37
12/07/2016,SPI,IL,AGL,CE,Combined TRACON& Tower with Radar,2,8,12,24,46,0,7,19,3,29,2,15,31,27,75,2,11,13,88
12/08/2016,SPI,IL,AGL,CE,Combined TRACON& Tower with Radar,2,6,13,6,27,0,6,7,2,15,2,12,20,8,42,1,2,3,45
12/09/2016,SPI,IL,AGL,CE,Combined TRACON& Tower with Radar,0,9,37,0,46,0,2,7,1,10,0,11,44,1,56,0,1,1,57
12/10/2016,SPI,IL,AGL,CE,Combined TRACON& Tower with Radar,2,6,12,8,28,0,0,17,3,20,2,6,29,11,48,0,7,7,55
12/11/2016,SPI,IL,AGL,CE,Combined TRACON& Tower with Radar,2,10,0,0,12,0,0,0,0,0,2,10,0,0,12,0,3,3,15
12/12/2016,SPI,IL,AGL,CE,Combined TRACON& Tower with Radar,0,9,20,0,29,0,0,10,8,18,0,9,30,8,47,0,0,0,47
12/13/2016,SPI,IL,AGL,CE,Combined TRACON& Tower with Radar,0,9,11,13,33,0,2,4,2,8,0,11,15,15,41,12,7,19,60
12/14/2016,SPI,IL,AGL,CE,Combined TRACON& Tower with Radar,2,15,25,7,49,0,3,20,4,27,2,18,45,11,76,0,15,15,91
12/15/2016,SPI,IL,AGL,CE,Combined TRACON& Tower with Radar,2,9,8,8,27,0,4,5,4,13,2,13,13,12,40,10,27,37,77
12/16/2016,SPI,IL,AGL,CE,Combined TRACON& Tower with Radar,0,6,6,1,13,0,3,4,0,7,0,9,10,1,20,4,1,5,25
12/17/2016,SPI,IL,AGL,CE,Combined TRACON& Tower with Radar,2,4,1,0,7,0,0,1,0,1,2,4,2,0,8,0,0,0,8
12/18/2016,SPI,IL,AGL,CE,Combined TRACON& Tower with Radar,2,10,1,0,13,0,3,1,0,4,2,13,2,0,17,0,5,5,22
12/19/2016,SPI,IL,AGL,CE,Combined TRACON& Tower with Radar,0,9,7,0,16,0,0,8,1,9,0,9,15,1,25,1,4,5,30
12/20/2016,SPI,IL,AGL,CE,Combined TRACON& Tower with Radar,0,9,10,1,20,0,0,8,3,11,0,9,18,4,31,5,0,5,36
12/21/2016,SPI,IL,AGL,CE,Combined TRACON& Tower with Radar,2,14,30,17,63,0,4,24,2,30,2,18,54,19,93,9,37,46,139
12/22/2016,SPI,IL,AGL,CE,Combined TRACON& Tower with Radar,2,7,17,0,26,0,2,25,2,29,2,9,42,2,55,18,4,22,77
12/23/2016,SPI,IL,AGL,CE,Combined TRACON& Tower with Radar,0,10,9,0,19,0,1,1,0,2,0,11,10,0,21,20,1,21,42
12/24/2016,SPI,IL,AGL,CE,Combined TRACON& Tower with Radar,2,7,1,0,10,0,0,0,0,0,2,7,1,0,10,0,0,0,10
12/25/2016,SPI,IL,AGL,CE,Combined TRACON& Tower with Radar,3,3,2,0,8,0,0,0,0,0,3,3,2,0,8,0,0,0,8
12/26/2016,SPI,IL,AGL,CE,Combined TRACON& Tower with Radar,3,11,10,1,25,0,0,16,1,17,3,11,26,2,42,23,7,30,72
12/27/2016,SPI,IL,AGL,CE,Combined TRACON& Tower with Radar,3,9,24,0,36,0,0,29,1,30,3,9,53,1,66,24,2,26,92
12/28/2016,SPI,IL,AGL,CE,Combined TRACON& Tower with Radar,2,12,6,0,20,0,0,24,3,27,2,12,30,3,47,0,5,5,52
12/29/2016,SPI,IL,AGL,CE,Combined TRACON& Tower with Radar,3,10,10,3,26,0,2,8,3,13,3,12,18,6,39,0,3,3,42
12/30/2016,SPI,IL,AGL,CE,Combined TRACON& Tower with Radar,0,10,15,0,25,0,0,26,2,28,0,10,41,2,53,2,0,2,55
12/31/2016,SPI,IL,AGL,CE,Combined TRACON& Tower with Radar,2,5,11,0,18,0,0,17,0,17,2,5,28,0,35,46,0,46,81
01/01/2017,SPI,IL,AGL,CE,Combined TRACON& Tower with Radar,2,13,9,0,24,0,0,27,0,27,2,13,36,0,51,11,2,13,64
01/02/2017,SPI,IL,AGL,CE,Combined TRACON& Tower with Radar,2,10,2,0,14,0,0,0,0,0,2,10,2,0,14,0,0,0,14
01/03/2017,SPI,IL,AGL,CE,Combined TRACON& Tower with Radar,2,9,4,2,17,0,0,0,1,1,2,9,4,3,18,0,1,1,19
01/04/2017,SPI,IL,AGL,CE,Combined TRACON& Tower with Radar,3,8,22,12,45,0,3,21,0,24,3,11,43,12,69,36,30,66,135
01/05/2017,SPI,IL,AGL,CE,Combined TRACON& Tower with Radar,2,11,10,2,25,0,0,8,0,8,2,11,18,2,33,0,1,1,34
01/06/2017,SPI,IL,AGL,CE,Combined TRACON& Tower with Radar,0,17,15,16,48,0,7,11,1,19,0,24,26,17,67,0,16,16,83
01/07/2017,SPI,IL,AGL,CE,Combined TRACON& Tower with Radar,2,6,1,12,21,0,3,13,10,26,2,9,14,22,47,6,32,38,85
01/08/2017,SPI,IL,AGL,CE,Combined TRACON& Tower with Radar,2,13,12,0,27,0,1,13,1,15,2,14,25,1,42,0,2,2,44
01/09/2017,SPI,IL,AGL,CE,Combined TRACON& Tower with Radar,0,11,12,4,27,0,3,11,9,23,0,14,23,13,50,2,12,14,64
01/10/2017,SPI,IL,AGL,CE,Combined TRACON& Tower with Radar,0,7,9,6,22,0,0,0,0,0,0,7,9,6,22,0,1,1,23
01/11/2017,SPI,IL,AGL,CE,Combined TRACON& Tower with Radar,2,13,15,2,32,0,0,1,0,1,2,13,16,2,33,2,1,3,36
01/12/2017,SPI,IL,AGL,CE,Combined TRACON& Tower with Radar,2,12,20,2,36,0,0,2,0,2,2,12,22,2,38,10,3,13,51
01/13/2017,SPI,IL,AGL,CE,Combined TRACON& Tower with Radar,0,9,11,1,21,0,0,8,4,12,0,9,19,5,33,0,0,0,33
01/14/2017,SPI,IL,AGL,CE,Combined TRACON& Tower with Radar,2,5,1,0,8,0,0,0,0,0,2,5,1,0,8,0,0,0,8
01/15/2017,SPI,IL,AGL,CE,Combined TRACON& Tower with Radar,0,12,1,0,13,0,0,0,0,0,0,12,1,0,13,0,0,0,13
01/16/2017,SPI,IL,AGL,CE,Combined TRACON& Tower with Radar,2,11,8,0,21,0,0,0,0,0,2,11,8,0,21,0,4,4,25
01/17/2017,SPI,IL,AGL,CE,Combined TRACON& Tower with Radar,1,13,14,4,32,0,0,1,0,1,1,13,15,4,33,0,0,0,33
01/18/2017,SPI,IL,AGL,CE,Combined TRACON& Tower with Radar,6,11,25,17,59,0,0,17,2,19,6,11,42,19,78,0,36,36,114
01/19/2017,SPI,IL,AGL,CE,Combined TRACON& Tower with Radar,2,9,7,2,20,0,0,1,0,1,2,9,8,2,21,0,1,1,22
01/20/2017,SPI,IL,AGL,CE,Combined TRACON& Tower with Radar,2,14,14,2,32,0,0,0,0,0,2,14,14,2,32,0,1,1,33
01/21/2017,SPI,IL,AGL,CE,Combined TRACON& Tower with Radar,3,6,9,0,18,0,0,32,2,34,3,6,41,2,52,52,3,55,107
01/22/2017,SPI,IL,AGL,CE,Combined TRACON& Tower with Radar,2,9,10,0,21,0,0,3,0,3,2,9,13,0,24,10,0,10,34
01/23/2017,SPI,IL,AGL,CE,Combined TRACON& Tower with Radar,0,11,25,15,51,0,0,3,0,3,0,11,28,15,54,30,6,36,90
01/24/2017,SPI,IL,AGL,CE,Combined TRACON& Tower with Radar,0,10,21,19,50,0,4,8,1,13,0,14,29,20,63,27,5,32,95
01/25/2017,SPI,IL,AGL,CE,Combined TRACON& Tower with Radar,6,8,11,13,38,0,0,1,4,5,6,8,12,17,43,0,19,19,62
01/26/2017,SPI,IL,AGL,CE,Combined TRACON& Tower with Radar,2,11,4,2,19,0,0,1,0,1,2,11,5,2,20,22,6,28,48
01/27/2017,SPI,IL,AGL,CE,Combined TRACON& Tower with Radar,0,11,10,0,21,0,0,16,1,17,0,11,26,1,38,0,4,4,42
01/28/2017,SPI,IL,AGL,CE,Combined TRACON& Tower with Radar,2,8,7,0,17,0,0,9,0,9,2,8,16,0,26,12,0,12,38
01/29/2017,SPI,IL,AGL,CE,Combined TRACON& Tower with Radar,2,11,5,0,18,0,0,11,0,11,2,11,16,0,29,16,3,19,48
01/30/2017,SPI,IL,AGL,CE,Combined TRACON& Tower with Radar,0,14,16,5,35,0,1,17,0,18,0,15,33,5,53,26,0,26,79
01/31/2017,SPI,IL,AGL,CE,Combined TRACON& Tower with Radar,0,14,14,0,28,0,2,7,1,10,0,16,21,1,38,24,2,26,64
02/01/2017,SPI,IL,AGL,CE,Combined TRACON& Tower with Radar,2,13,19,0,34,0,2,16,0,18,2,15,35,0,52,6,0,6,58
02/02/2017,SPI,IL,AGL,CE,Combined TRACON& Tower with Radar,2,21,20,8,51,0,4,21,3,28,2,25,41,11,79,14,18,32,111
02/03/2017,SPI,IL,AGL,CE,Combined TRACON& Tower with Radar,0,11,26,2,39,0,5,23,7,35,0,16,49,9,74,6,6,12,86
02/04/2017,SPI,IL,AGL,CE,Combined TRACON& Tower with Radar,2,6,10,0,18,0,1,16,0,17,2,7,26,0,35,4,2,6,41
02/05/2017,SPI,IL,AGL,CE,Combined TRACON& Tower with Radar,2,10,9,0,21,0,2,18,1,21,2,12,27,1,42,25,6,31,73
02/06/2017,SPI,IL,AGL,CE,Combined TRACON& Tower with Radar,0,12,18,2,32,0,0,0,0,0,0,12,18,2,32,0,0,0,32
02/07/2017,SPI,IL,AGL,CE,Combined TRACON& Tower with Radar,0,12,10,5,27,0,0,2,0,2,0,12,12,5,29,6,0,6,35
02/08/2017,SPI,IL,AGL,CE,Combined TRACON& Tower with Radar,2,9,9,0,20,0,0,2,2,4,2,9,11,2,24,0,2,2,26
02/09/2017,SPI,IL,AGL,CE,Combined TRACON& Tower with Radar,3,22,19,21,65,0,11,24,15,50,3,33,43,36,115,6,20,26,141
02/10/2017,SPI,IL,AGL,CE,Combined TRACON& Tower with Radar,0,10,19,24,53,0,2,4,4,10,0,12,23,28,63,0,28,28,91
02/11/2017,SPI,IL,AGL,CE,Combined TRACON& Tower with Radar,3,6,11,0,20,0,0,13,3,16,3,6,24,3,36,36,4,40,76
02/12/2017,SPI,IL,AGL,CE,Combined TRACON& Tower with Radar,2,10,13,0,25,0,0,22,4,26,2,10,35,4,51,2,0,2,53
02/13/2017,SPI,IL,AGL,CE,Combined TRACON& Tower with Radar,0,14,20,10,44,0,4,16,1,21,0,18,36,11,65,8,17,25,90
02/14/2017,SPI,IL,AGL,CE,Combined TRACON& Tower with Radar,0,11,16,4,31,0,4,18,3,25,0,15,34,7,56,3,10,13,69
02/15/2017,SPI,IL,AGL,CE,Combined TRACON& Tower with Radar,0,12,14,0,26,0,4,14,2,20,0,16,28,2,46,30,7,37,83
02/16/2017,SPI,IL,AGL,CE,Combined TRACON& Tower with Radar,3,15,25,1,44,0,1,16,4,21,3,16,41,5,65,14,4,18,83
02/17/2017,SPI,IL,AGL,CE,Combined TRACON& Tower with Radar,2,23,24,10,59,0,4,27,3,34,2,27,51,13,93,47,21,68,161
02/18/2017,SPI,IL,AGL,CE,Combined TRACON& Tower with Radar,0,5,12,0,17,0,1,52,0,53,0,6,64,0,70,40,3,43,113
02/19/2017,SPI,IL,AGL,CE,Combined TRACON& Tower with Radar,2,10,11,0,23,0,0,20,0,20,2,10,31,0,43,32,1,33,76
02/20/2017,SPI,IL,AGL,CE,Combined TRACON& Tower with Radar,2,9,9,0,20,0,0,5,1,6,2,9,14,1,26,6,2,8,34
02/21/2017,SPI,IL,AGL,CE,Combined TRACON& Tower with Radar,2,12,26,7,47,0,0,4,2,6,2,12,30,9,53,14,0,14,67
02/22/2017,SPI,IL,AGL,CE,Combined TRACON& Tower with Radar,0,7,16,0,23,0,0,6,0,6,0,7,22,0,29,16,0,16,45
02/23/2017,SPI,IL,AGL,CE,Combined TRACON& Tower with Radar,2,12,13,0,27,0,1,3,0,4,2,13,16,0,31,0,2,2,33
02/24/2017,SPI,IL,AGL,CE,Combined TRACON& Tower with Radar,0,11,9,2,22,0,0,0,1,1,0,11,9,3,23,0,0,0,23
02/25/2017,SPI,IL,AGL,CE,Combined TRACON& Tower with Radar,2,8,0,1,11,0,0,7,2,9,2,8,7,3,20,0,3,3,23
02/26/2017,SPI,IL,AGL,CE,Combined TRACON& Tower with Radar,3,10,8,0,21,0,2,20,2,24,3,12,28,2,45,8,6,14,59
02/27/2017,SPI,IL,AGL,CE,Combined TRACON& Tower with Radar,2,9,14,1,26,0,0,18,0,18,2,9,32,1,44,22,0,22,66
02/28/2017,SPI,IL,AGL,CE,Combined TRACON& Tower with Radar,2,6,16,5,29,0,0,1,0,1,2,6,17,5,30,0,1,1,31
03/01/2017,SPI,IL,AGL,CE,Combined TRACON& Tower with Radar,0,11,26,0,37,0,3,11,0,14,0,14,37,0,51,0,4,4,55
03/02/2017,SPI,IL,AGL,CE,Combined TRACON& Tower with Radar,2,8,31,0,41,0,0,22,3,25,2,8,53,3,66,23,2,25,91
03/03/2017,SPI,IL,AGL,CE,Combined TRACON& Tower with Radar,3,10,15,26,54,0,1,38,5,44,3,11,53,31,98,31,13,44,142
03/04/2017,SPI,IL,AGL,CE,Combined TRACON& Tower with Radar,0,10,15,0,25,0,0,40,1,41,0,10,55,1,66,42,3,45,111
03/05/2017,SPI,IL,AGL,CE,Combined TRACON& Tower with Radar,2,10,8,0,20,0,1,5,0,6,2,11,13,0,26,20,2,22,48
03/06/2017,SPI,IL,AGL,CE,Combined TRACON& Tower with Radar,2,8,14,17,41,0,0,0,0,0,2,8,14,17,41,0,2,2,43
03/07/2017,SPI,IL,AGL,CE,Combined TRACON& Tower with Radar,3,16,23,17,59,0,0,11,11,22,3,16,34,28,81,10,19,29,110
03/08/2017,SPI,IL,AGL,CE,Combined TRACON& Tower with Radar,0,13,8,4,25,0,1,12,5,18,0,14,20,9,43,12,1,13,56
03/09/2017,SPI,IL,AGL,CE,Combined TRACON& Tower with Radar,3,13,18,15,49,0,4,53,5,62,3,17,71,20,111,46,21,67,178
03/10/2017,SPI,IL,AGL,CE,Combined TRACON& Tower with Radar,3,9,11,5,28,0,2,12,6,20,3,11,23,11,48,0,3,3,51
03/11/2017,SPI,IL,AGL,CE,Combined TRACON& Tower with Radar,2,6,5,0,13,0,0,18,0,18,2,6,23,0,31,62,5,67,98
03/12/2017,SPI,IL,AGL,CE,Combined TRACON& Tower with Radar,3,10,13,0,26,0,1,37,0,38,3,11,50,0,64,12,1,13,77
03/13/2017,SPI,IL,AGL,CE,Combined TRACON& Tower with Radar,2,9,7,0,18,0,0,0,0,0,2,9,7,0,18,0,2,2,20
03/14/2017,SPI,IL,AGL,CE,Combined TRACON& Tower with Radar,2,9,13,7,31,0,0,8,2,10,2,9,21,9,41,0,6,6,47
03/15/2017,SPI,IL,AGL,CE,Combined TRACON& Tower with Radar,3,11,23,7,44,0,4,29,4,37,3,15,52,11,81,29,2,31,112
03/16/2017,SPI,IL,AGL,CE,Combined TRACON& Tower with Radar,3,13,13,4,33,0,4,17,6,27,3,17,30,10,60,48,24,72,132
03/17/2017,SPI,IL,AGL,CE,Combined TRACON& Tower with Radar,3,12,15,16,46,0,0,4,2,6,3,12,19,18,52,12,14,26,78
03/18/2017,SPI,IL,AGL,CE,Combined TRACON& Tower with Radar,0,5,8,0,13,0,0,16,2,18,0,5,24,2,31,16,2,18,49
03/19/2017,SPI,IL,AGL,CE,Combined TRACON& Tower with Radar,3,11,10,0,24,0,0,41,2,43,3,11,51,2,67,44,2,46,113
03/20/2017,SPI,IL,AGL,CE,Combined TRACON& Tower with Radar,2,10,22,1,35,0,2,21,1,24,2,12,43,2,59,26,2,28,87
03/21/2017,SPI,IL,AGL,CE,Combined TRACON& Tower with Radar,2,11,21,19,53,0,3,22,4,29,2,14,43,23,82,51,2,53,135
03/22/2017,SPI,IL,AGL,CE,Combined TRACON& Tower with Radar,2,19,10,9,40,0,8,11,6,25,2,27,21,15,65,0,17,17,82
03/23/2017,SPI,IL,AGL,CE,Combined TRACON& Tower with Radar,2,15,29,0,46,0,2,4,0,6,2,17,33,0,52,0,9,9,61
03/24/2017,SPI,IL,AGL,CE,Combined TRACON& Tower with Radar,2,18,11,0,31,0,0,12,1,13,2,18,23,1,44,10,1,11,55
03/25/2017,SPI,IL,AGL,CE,Combined TRACON& Tower with Radar,0,4,12,0,16,0,0,3,0,3,0,4,15,0,19,0,2,2,21
03/26/2017,SPI,IL,AGL,CE,Combined TRACON& Tower with Radar,2,17,35,3,57,0,0,2,0,2,2,17,37,3,59,0,0,0,59
03/27/2017,SPI,IL,AGL,CE,Combined TRACON& Tower with Radar,2,6,12,0,20,0,0,2,0,2,2,6,14,0,22,6,0,6,28
03/28/2017,SPI,IL,AGL,CE,Combined TRACON& Tower with Radar,2,9,14,4,29,0,0,10,0,10,2,9,24,4,39,0,2,2,41
03/29/2017,SPI,IL,AGL,CE,Combined TRACON& Tower with Radar,0,19,22,9,50,0,0,2,2,4,0,19,24,11,54,0,1,1,55
03/30/2017,SPI,IL,AGL,CE,Combined TRACON& Tower with Radar,2,8,16,0,26,0,0,0,0,0,2,8,16,0,26,0,0,0,26
03/31/2017,SPI,IL,AGL,CE,Combined TRACON& Tower with Radar,3,8,18,5,34,0,0,2,0,2,3,8,20,5,36,0,1,1,37
04/01/2017,SPI,IL,AGL,CE,Combined TRACON& Tower with Radar,0,10,28,5,43,0,11,52,6,69,0,21,80,11,112,42,7,49,161
04/02/2017,SPI,IL,AGL,CE,Combined TRACON& Tower with Radar,4,12,10,0,26,0,2,18,0,20,4,14,28,0,46,16,2,18,64
04/03/2017,SPI,IL,AGL,CE,Combined TRACON& Tower with Radar,2,11,14,0,27,0,0,1,0,1,2,11,15,0,28,0,4,4,32
04/04/2017,SPI,IL,AGL,CE,Combined TRACON& Tower with Radar,2,10,25,3,40,0,2,3,6,11,2,12,28,9,51,6,6,12,63
04/05/2017,SPI,IL,AGL,CE,Combined TRACON& Tower with Radar,0,12,6,0,18,0,0,0,0,0,0,12,6,0,18,0,0,0,18
04/06/2017,SPI,IL,AGL,CE,Combined TRACON& Tower with Radar,2,14,19,3,38,0,2,7,0,9,2,16,26,3,47,0,4,4,51
04/07/2017,SPI,IL,AGL,CE,Combined TRACON& Tower with Radar,3,10,16,8,37,0,0,31,2,33,3,10,47,10,70,16,12,28,98
04/08/2017,SPI,IL,AGL,CE,Combined TRACON& Tower with Radar,2,10,19,0,31,0,11,28,1,40,2,21,47,1,71,10,6,16,87
04/09/2017,SPI,IL,AGL,CE,Combined TRACON& Tower with Radar,2,7,6,0,15,0,0,4,0,4,2,7,10,0,19,0,3,3,22
04/10/2017,SPI,IL,AGL,CE,Combined TRACON& Tower with Radar,2,7,16,0,25,0,0,2,1,3,2,7,18,1,28,0,7,7,35
04/11/2017,SPI,IL,AGL,CE,Combined TRACON& Tower with Radar,3,16,9,13,41,0,5,23,1,29,3,21,32,14,70,7,11,18,88
04/12/2017,SPI,IL,AGL,CE,Combined TRACON& Tower with Radar,2,14,21,0,37,0,4,25,0,29,2,18,46,0,66,4,4,8,74
04/13/2017,SPI,IL,AGL,CE,Combined TRACON& Tower with Radar,2,12,18,2,34,0,2,19,4,25,2,14,37,6,59,0,3,3,62
04/14/2017,SPI,IL,AGL,CE,Combined TRACON& Tower with Radar,3,12,4,0,19,0,0,13,0,13,3,12,17,0,32,4,4,8,40
04/15/2017,SPI,IL,AGL,CE,Combined TRACON& Tower with Radar,0,5,5,0,10,0,0,10,0,10,0,5,15,0,20,14,0,14,34
04/16/2017,SPI,IL,AGL,CE,Combined TRACON& Tower with Radar,2,10,7,0,19,0,0,6,0,6,2,10,13,0,25,0,2,2,27
04/17/2017,SPI,IL,AGL,CE,Combined TRACON& Tower with Radar,2,17,20,35,74,0,1,12,0,13,2,18,32,35,87,10,28,38,125
04/18/2017,SPI,IL,AGL,CE,Combined TRACON& Tower with Radar,0,14,21,5,40,0,0,21,5,26,0,14,42,10,66,34,12,46,112
04/19/2017,SPI,IL,AGL,CE,Combined TRACON& Tower with Radar,0,13,21,14,48,0,1,21,0,22,0,14,42,14,70,30,10,40,110
04/20/2017,SPI,IL,AGL,CE,Combined TRACON& Tower with Radar,2,9,15,1,27,0,5,8,0,13,2,14,23,1,40,12,6,18,58
04/21/2017,SPI,IL,AGL,CE,Combined TRACON& Tower with Radar,3,16,20,0,39,0,7,34,1,42,3,23,54,1,81,7,2,9,90
04/22/2017,SPI,IL,AGL,CE,Combined TRACON& Tower with Radar,0,10,11,0,21,0,0,36,1,37,0,10,47,1,58,14,0,14,72
04/23/2017,SPI,IL,AGL,CE,Combined TRACON& Tower with Radar,2,10,14,0,26,0,0,40,0,40,2,10,54,0,66,15,5,20,86
04/24/2017,SPI,IL,AGL,CE,Combined TRACON& Tower with Radar,2,23,28,14,67,0,0,18,0,18,2,23,46,14,85,12,30,42,127
04/25/2017,SPI,IL,AGL,CE,Combined TRACON& Tower with Radar,0,8,19,20,47,0,4,7,2,13,0,12,26,22,60,0,48,48,108
04/26/2017,SPI,IL,AGL,CE,Combined TRACON& Tower with Radar,0,10,22,2,34,0,0,1,0,1,0,10,23,2,35,0,0,0,35
04/27/2017,SPI,IL,AGL,CE,Combined TRACON& Tower with Radar,2,16,15,6,39,0,0,8,0,8,2,16,23,6,47,6,2,8,55
04/28/2017,SPI,IL,AGL,CE,Combined TRACON& Tower with Radar,3,12,23,4,42,0,0,3,0,3,3,12,26,4,45,0,4,4,49
04/29/2017,SPI,IL,AGL,CE,Combined TRACON& Tower with Radar,0,8,6,0,14,0,0,0,0,0,0,8,6,0,14,0,0,0,14
04/30/2017,SPI,IL,AGL,CE,Combined TRACON& Tower with Radar,2,5,3,2,12,0,0,0,0,0,2,5,3,2,12,0,0,0,12
05/01/2017,SPI,IL,AGL,CE,Combined TRACON& Tower with Radar,2,22,9,26,59,0,0,3,1,4,2,22,12,27,63,0,32,32,95
05/02/2017,SPI,IL,AGL,CE,Combined TRACON& Tower with Radar,0,8,14,4,26,0,4,19,5,28,0,12,33,9,54,28,0,28,82
05/03/2017,SPI,IL,AGL,CE,Combined TRACON& Tower with Radar,0,9,18,8,35,0,0,4,4,8,0,9,22,12,43,16,10,26,69
05/04/2017,SPI,IL,AGL,CE,Combined TRACON& Tower with Radar,3,14,5,0,22,0,0,1,0,1,3,14,6,0,23,12,3,15,38
05/05/2017,SPI,IL,AGL,CE,Combined TRACON& Tower with Radar,3,10,25,1,39,0,4,11,5,20,3,14,36,6,59,4,5,9,68
05/06/2017,SPI,IL,AGL,CE,Combined TRACON& Tower with Radar,0,7,10,0,17,0,0,34,6,40,0,7,44,6,57,12,4,16,73
05/07/2017,SPI,IL,AGL,CE,Combined TRACON& Tower with Radar,3,11,12,0,26,0,0,48,0,48,3,11,60,0,74,26,5,31,105
05/08/2017,SPI,IL,AGL,CE,Combined TRACON& Tower with Radar,5,20,23,0,48,0,3,41,3,47,5,23,64,3,95,7,5,12,107
05/09/2017,SPI,IL,AGL,CE,Combined TRACON& Tower with Radar,0,12,33,2,47,0,2,8,1,11,0,14,41,3,58,18,6,24,82
05/10/2017,SPI,IL,AGL,CE,Combined TRACON& Tower with Radar,0,12,24,0,36,0,0,27,0,27,0,12,51,0,63,6,0,6,69
05/11/2017,SPI,IL,AGL,CE,Combined TRACON& Tower with Radar,2,15,18,11,46,0,0,4,1,5,2,15,22,12,51,0,0,0,51
05/12/2017,SPI,IL,AGL,CE,Combined TRACON& Tower with Radar,5,12,14,27,58,0,2,22,3,27,5,14,36,30,85,6,29,35,120
05/13/2017,SPI,IL,AGL,CE,Combined TRACON& Tower with Radar,0,9,16,0,25,0,0,59,0,59,0,9,75,0,84,28,2,30,114
05/14/2017,SPI,IL,AGL,CE,Combined TRACON& Tower with Radar,2,13,13,0,28,0,2,17,1,20,2,15,30,1,48,2,6,8,56
05/15/2017,SPI,IL,AGL,CE,Combined TRACON& Tower with Radar,2,13,25,0,40,0,5,27,0,32,2,18,52,0,72,22,0,22,94
05/16/2017,SPI,IL,AGL,CE,Combined TRACON& Tower with Radar,0,14,22,15,51,0,2,33,0,35,0,16,55,15,86,4,26,30,116
05/17/2017,SPI,IL,AGL,CE,Combined TRACON& Tower with Radar,3,10,14,0,27,0,0,7,2,9,3,10,21,2,36,0,6,6,42
05/18/2017,SPI,IL,AGL,CE,Combined TRACON& Tower with Radar,0,13,9,24,46,0,5,9,2,16,0,18,18,26,62,6,42,48,110
05/19/2017,SPI,IL,AGL,CE,Combined TRACON& Tower with Radar,2,14,22,2,40,0,0,0,2,2,2,14,22,4,42,0,0,0,42
05/20/2017,SPI,IL,AGL,CE,Combined TRACON& Tower with Radar,2,9,7,0,18,0,0,1,0,1,2,9,8,0,19,8,2,10,29
05/21/2017,SPI,IL,AGL,CE,Combined TRACON& Tower with Radar,0,10,8,1,19,0,0,27,0,27,0,10,35,1,46,14,3,17,63
05/22/2017,SPI,IL,AGL,CE,Combined TRACON& Tower with Radar,2,16,10,13,41,0,1,27,2,30,2,17,37,15,71,28,33,61,132
05/23/2017,SPI,IL,AGL,CE,Combined TRACON& Tower with Radar,2,11,10,2,25,0,0,4,1,5,2,11,14,3,30,4,0,4,34
05/24/2017,SPI,IL,AGL,CE,Combined TRACON& Tower with Radar,2,14,15,0,31,0,2,8,0,10,2,16,23,0,41,8,0,8,49
05/25/2017,SPI,IL,AGL,CE,Combined TRACON& Tower with Radar,0,15,30,8,53,0,1,9,0,10,0,16,39,8,63,10,34,44,107
05/26/2017,SPI,IL,AGL,CE,Combined TRACON& Tower with Radar,2,13,16,10,41,0,0,17,0,17,2,13,33,10,58,118,18,136,194
05/27/2017,SPI,IL,AGL,CE,Combined TRACON& Tower with Radar,2,7,9,0,18,0,0,10,1,11,2,7,19,1,29,12,0,12,41
05/28/2017,SPI,IL,AGL,CE,Combined TRACON& Tower with Radar,0,13,19,0,32,0,0,16,0,16,0,13,35,0,48,6,6,12,60
05/29/2017,SPI,IL,AGL,CE,Combined TRACON& Tower with Radar,2,12,13,0,27,0,4,13,1,18,2,16,26,1,45,2,8,10,55
05/30/2017,SPI,IL,AGL,CE,Combined TRACON& Tower with Radar,0,11,24,0,35,0,2,20,2,24,0,13,44,2,59,38,5,43,102
05/31/2017,SPI,IL,AGL,CE,Combined TRACON& Tower with Radar,2,16,18,14,50,0,5,51,1,57,2,21,69,15,107,34,14,48,155
06/01/2017,SPI,IL,AGL,CE,Combined TRACON& Tower with Radar,0,9,18,0,27,0,1,25,11,37,0,10,43,11,64,0,21,21,85
06/02/2017,SPI,IL,AGL,CE,Combined TRACON& Tower with Radar,5,8,21,31,65,0,10,33,1,44,5,18,54,32,109,18,44,62,171
06/03/2017,SPI,IL,AGL,CE,Combined TRACON& Tower with Radar,2,7,18,0,27,0,1,27,1,29,2,8,45,1,56,20,8,28,84
06/04/2017,SPI,IL,AGL,CE,Combined TRACON& Tower with Radar,0,8,17,0,25,0,0,22,0,22,0,8,39,0,47,5,6,11,58
06/05/2017,SPI,IL,AGL,CE,Combined TRACON& Tower with Radar,4,15,25,0,44,0,4,30,4,38,4,19,55,4,82,7,7,14,96
06/06/2017,SPI,IL,AGL,CE,Combined TRACON& Tower with Radar,0,16,29,4,49,0,2,23,1,26,0,18,52,5,75,8,12,20,95
06/07/2017,SPI,IL,AGL,CE,Combined TRACON& Tower with Radar,2,13,24,14,53,0,0,19,4,23,2,13,43,18,76,14,20,34,110
06/08/2017,SPI,IL,AGL,CE,Combined TRACON& Tower with Radar,1,12,18,1,32,0,5,43,1,49,1,17,61,2,81,34,4,38,119
06/09/2017,SPI,IL,AGL,CE,Combined TRACON& Tower with Radar,3,11,25,0,39,0,0,21,2,23,3,11,46,2,62,8,4,12,74
06/10/2017,SPI,IL,AGL,CE,Combined TRACON& Tower with Radar,3,13,5,0,21,0,7,24,0,31,3,20,29,0,52,2,10,12,64
06/11/2017,SPI,IL,AGL,CE,Combined TRACON& Tower with Radar,0,17,25,1,43,0,17,16,0,33,0,34,41,1,76,2,5,7,83
06/12/2017,SPI,IL,AGL,CE,Combined TRACON& Tower with Radar,2,13,11,0,26,0,4,16,0,20,2,17,27,0,46,5,1,6,52
06/13/2017,SPI,IL,AGL,CE,Combined TRACON& Tower with Radar,0,22,8,28,58,0,0,16,0,16,0,22,24,28,74,4,27,31,105
06/14/2017,SPI,IL,AGL,CE,Combined TRACON& Tower with Radar,2,11,10,0,23,0,2,5,0,7,2,13,15,0,30,2,0,2,32
06/15/2017,SPI,IL,AGL,CE,Combined TRACON& Tower with Radar,0,12,19,1,32,0,0,33,4,37,0,12,52,5,69,2,7,9,78
06/16/2017,SPI,IL,AGL,CE,Combined TRACON& Tower with Radar,2,12,23,0,37,0,2,10,3,15,2,14,33,3,52,12,6,18,70
06/17/2017,SPI,IL,AGL,CE,Combined TRACON& Tower with Radar,2,8,8,0,18,0,0,9,0,9,2,8,17,0,27,6,0,6,33
06/18/2017,SPI,IL,AGL,CE,Combined TRACON& Tower with Radar,0,11,10,3,24,0,24,19,0,43,0,35,29,3,67,17,28,45,112
06/19/2017,SPI,IL,AGL,CE,Combined TRACON& Tower with Radar,2,14,27,42,85,0,0,24,0,24,2,14,51,42,109,0,62,62,171
06/20/2017,SPI,IL,AGL,CE,Combined TRACON& Tower with Radar,2,14,17,30,63,0,0,34,7,41,2,14,51,37,104,22,62,84,188
06/21/2017,SPI,IL,AGL,CE,Combined TRACON& Tower with Radar,2,22,20,13,57,0,7,38,1,46,2,29,58,14,103,20,16,36,139
06/22/2017,SPI,IL,AGL,CE,Combined TRACON& Tower with Radar,0,19,19,25,63,0,0,11,2,13,0,19,30,27,76,26,37,63,139
06/23/2017,SPI,IL,AGL,CE,Combined TRACON& Tower with Radar,3,12,15,5,35,0,1,19,0,20,3,13,34,5,55,0,5,5,60
06/24/2017,SPI,IL,AGL,CE,Combined TRACON& Tower with Radar,3,10,24,0,37,0,3,23,0,26,3,13,47,0,63,18,4,22,85
06/25/2017,SPI,IL,AGL,CE,Combined TRACON& Tower with Radar,0,13,32,0,45,0,7,48,2,57,0,20,80,2,102,0,0,0,102
06/26/2017,SPI,IL,AGL,CE,Combined TRACON& Tower with Radar,3,13,32,14,62,0,17,32,0,49,3,30,64,14,111,38,10,48,159
06/27/2017,SPI,IL,AGL,CE,Combined TRACON& Tower with Radar,0,18,21,18,57,0,24,44,0,68,0,42,65,18,125,142,18,160,285
06/28/2017,SPI,IL,AGL,CE,Combined TRACON& Tower with Radar,2,19,17,2,40,0,4,15,5,24,2,23,32,7,64,6,4,10,74
06/29/2017,SPI,IL,AGL,CE,Combined TRACON& Tower with Radar,0,15,20,3,38,0,10,20,1,31,0,25,40,4,69,8,3,11,80
06/30/2017,SPI,IL,AGL,CE,Combined TRACON& Tower with Radar,3,12,18,8,41,0,10,21,6,37,3,22,39,14,78,16,17,33,111
07/01/2017,SPI,IL,AGL,CE,Combined TRACON& Tower with Radar,2,10,9,1,22,0,3,58,0,61,2,13,67,1,83,14,0,14,97
07/02/2017,SPI,IL,AGL,CE,Combined TRACON& Tower with Radar,0,9,13,0,22,0,0,39,0,39,0,9,52,0,61,10,1,11,72
07/03/2017,SPI,IL,AGL,CE,Combined TRACON& Tower with Radar,3,9,14,0,26,0,1,20,0,21,3,10,34,0,47,16,6,22,69
07/04/2017,SPI,IL,AGL,CE,Combined TRACON& Tower with Radar,0,8,4,0,12,0,1,17,1,19,0,9,21,1,31,26,1,27,58
07/05/2017,SPI,IL,AGL,CE,Combined TRACON& Tower with Radar,2,8,7,0,17,0,0,8,1,9,2,8,15,1,26,6,5,11,37
07/06/2017,SPI,IL,AGL,CE,Combined TRACON& Tower with Radar,0,14,18,0,32,0,2,17,2,21,0,16,35,2,53,12,32,44,97
07/07/2017,SPI,IL,AGL,CE,Combined TRACON& Tower with Radar,3,9,18,6,36,0,3,22,3,28,3,12,40,9,64,22,2,24,88
07/08/2017,SPI,IL,AGL,CE,Combined TRACON& Tower with Radar,2,8,12,0,22,0,4,33,3,40,2,12,45,3,62,22,5,27,89
07/09/2017,SPI,IL,AGL,CE,Combined TRACON& Tower with Radar,0,10,19,0,29,0,2,23,0,25,0,12,42,0,54,9,5,14,68
07/10/2017,SPI,IL,AGL,CE,Combined TRACON& Tower with Radar,2,11,13,2,28,0,1,12,6,19,2,12,25,8,47,2,4,6,53
07/11/2017,SPI,IL,AGL,CE,Combined TRACON& Tower with Radar,0,13,5,0,18,0,6,11,2,19,0,19,16,2,37,4,3,7,44
07/12/2017,SPI,IL,AGL,CE,Combined TRACON& Tower with Radar,3,15,11,3,32,0,9,24,1,34,3,24,35,4,66,8,0,8,74
07/13/2017,SPI,IL,AGL,CE,Combined TRACON& Tower with Radar,0,12,11,10,33,0,0,13,2,15,0,12,24,12,48,0,1,1,49
07/14/2017,SPI,IL,AGL,CE,Combined TRACON& Tower with Radar,2,10,29,0,41,0,3,31,0,34,2,13,60,0,75,10,0,10,85
07/15/2017,SPI,IL,AGL,CE,Combined TRACON& Tower with Radar,4,13,13,2,32,0,6,25,4,35,4,19,38,6,67,0,3,3,70
07/16/2017,SPI,IL,AGL,CE,Combined TRACON& Tower with Radar,0,13,9,11,33,0,2,11,0,13,0,15,20,11,46,10,2,12,58
07/17/2017,SPI,IL,AGL,CE,Combined TRACON& Tower with Radar,2,16,18,2,38,0,3,44,1,48,2,19,62,3,86,43,0,43,129
07/18/2017,SPI,IL,AGL,CE,Combined TRACON& Tower with Radar,0,14,18,0,32,0,12,27,0,39,0,26,45,0,71,6,2,8,79
07/19/2017,SPI,IL,AGL,CE,Combined TRACON& Tower with Radar,5,10,26,13,54,0,4,29,2,35,5,14,55,15,89,0,12,12,101
07/20/2017,SPI,IL,AGL,CE,Combined TRACON& Tower with Radar,0,11,19,7,37,0,0,10,2,12,0,11,29,9,49,4,1,5,54
07/21/2017,SPI,IL,AGL,CE,Combined TRACON& Tower with Radar,0,15,14,2,31,0,0,21,0,21,0,15,35,2,52,4,2,6,58
07/22/2017,SPI,IL,AGL,CE,Combined TRACON& Tower with Radar,4,11,19,5,39,0,0,20,3,23,4,11,39,8,62,22,4,26,88
07/23/2017,SPI,IL,AGL,CE,Combined TRACON& Tower with Radar,0,10,17,1,28,0,0,21,1,22,0,10,38,2,50,16,10,26,76
07/24/2017,SPI,IL,AGL,CE,Combined TRACON& Tower with Radar,3,13,17,7,40,0,0,17,1,18,3,13,34,8,58,4,9,13,71
07/25/2017,SPI,IL,AGL,CE,Combined TRACON& Tower with Radar,0,15,26,14,55,0,0,40,1,41,0,15,66,15,96,17,21,38,134
07/26/2017,SPI,IL,AGL,CE,Combined TRACON& Tower with Radar,3,9,12,10,34,0,6,12,1,19,3,15,24,11,53,38,17,55,108
07/27/2017,SPI,IL,AGL,CE,Combined TRACON& Tower with Radar,0,15,20,5,40,0,2,8,0,10,0,17,28,5,50,18,6,24,74
07/28/2017,SPI,IL,AGL,CE,Combined TRACON& Tower with Radar,3,10,26,12,51,0,0,34,6,40,3,10,60,18,91,0,1,1,92
07/29/2017,SPI,IL,AGL,CE,Combined TRACON& Tower with Radar,3,8,13,12,36,0,0,30,2,32,3,8,43,14,68,8,4,12,80
07/30/2017,SPI,IL,AGL,CE,Combined TRACON& Tower with Radar,4,11,23,0,38,0,1,38,0,39,4,12,61,0,77,36,0,36,113
07/31/2017,SPI,IL,AGL,CE,Combined TRACON& Tower with Radar,3,12,25,2,42,0,2,52,0,54,3,14,77,2,96,37,3,40,136
08/01/2017,SPI,IL,AGL,CE,Combined TRACON& Tower with Radar,0,16,10,16,42,0,4,21,0,25,0,20,31,16,67,9,7,16,83
08/02/2017,SPI,IL,AGL,CE,Combined TRACON& Tower with Radar,2,13,15,1,31,0,2,22,0,24,2,15,37,1,55,32,12,44,99
08/03/2017,SPI,IL,AGL,CE,Combined TRACON& Tower with Radar,0,7,7,15,29,0,0,16,1,17,0,7,23,16,46,24,17,41,87
08/04/2017,SPI,IL,AGL,CE,Combined TRACON& Tower with Radar,3,12,7,16,38,0,0,36,1,37,3,12,43,17,75,26,19,45,120
08/05/2017,SPI,IL,AGL,CE,Combined TRACON& Tower with Radar,2,8,14,0,24,0,3,24,0,27,2,11,38,0,51,32,2,34,85
08/06/2017,SPI,IL,AGL,CE,Combined TRACON& Tower with Radar,0,11,8,2,21,0,0,7,0,7,0,11,15,2,28,8,6,14,42
08/07/2017,SPI,IL,AGL,CE,Combined TRACON& Tower with Radar,2,16,24,0,42,0,2,5,1,8,2,18,29,1,50,22,0,22,72
08/08/2017,SPI,IL,AGL,CE,Combined TRACON& Tower with Radar,0,14,19,2,35,0,3,26,1,30,0,17,45,3,65,41,4,45,110
08/09/2017,SPI,IL,AGL,CE,Combined TRACON& Tower with Radar,3,10,23,11,47,0,1,25,2,28,3,11,48,13,75,52,3,55,130
08/10/2017,SPI,IL,AGL,CE,Combined TRACON& Tower with Radar,0,12,12,7,31,0,3,16,0,19,0,15,28,7,50,45,0,45,95
08/11/2017,SPI,IL,AGL,CE,Combined TRACON& Tower with Radar,3,15,16,15,49,0,0,24,0,24,3,15,40,15,73,36,14,50,123
08/12/2017,SPI,IL,AGL,CE,Combined TRACON& Tower with Radar,3,8,10,0,21,0,0,39,0,39,3,8,49,0,60,24,4,28,88
08/13/2017,SPI,IL,AGL,CE,Combined TRACON& Tower with Radar,0,15,15,0,30,0,2,28,0,30,0,17,43,0,60,55,3,58,118
08/14/2017,SPI,IL,AGL,CE,Combined TRACON& Tower with Radar,2,13,20,3,38,0,0,19,1,20,2,13,39,4,58,30,11,41,99
08/15/2017,SPI,IL,AGL,CE,Combined TRACON& Tower with Radar,0,13,34,19,66,0,2,22,0,24,0,15,56,19,90,2,28,30,120
08/16/2017,SPI,IL,AGL,CE,Combined TRACON& Tower with Radar,2,13,35,18,68,0,0,11,0,11,2,13,46,18,79,0,1,1,80
08/17/2017,SPI,IL,AGL,CE,Combined TRACON& Tower with Radar,0,9,9,15,33,0,0,11,0,11,0,9,20,15,44,8,15,23,67
08/18/2017,SPI,IL,AGL,CE,Combined TRACON& Tower with Radar,0,14,32,0,46,0,0,40,0,40,0,14,72,0,86,18,2,20,106
08/19/2017,SPI,IL,AGL,CE,Combined TRACON& Tower with Radar,3,13,25,2,43,0,0,32,0,32,3,13,57,2,75,2,0,2,77
08/20/2017,SPI,IL,AGL,CE,Combined TRACON& Tower with Radar,0,11,24,0,35,0,0,31,4,35,0,11,55,4,70,14,0,14,84
08/21/2017,SPI,IL,AGL,CE,Combined TRACON& Tower with Radar,0,13,19,0,32,0,0,18,2,20,0,13,37,2,52,26,1,27,79
08/22/2017,SPI,IL,AGL,CE,Combined TRACON& Tower with Radar,4,18,15,31,68,0,0,8,3,11,4,18,23,34,79,19,31,50,129
08/23/2017,SPI,IL,AGL,CE,Combined TRACON& Tower with Radar,8,6,13,4,31,0,0,41,0,41,8,6,54,4,72,10,7,17,89
08/24/2017,SPI,IL,AGL,CE,Combined TRACON& Tower with Radar,5,6,15,7,33,0,7,38,1,46,5,13,53,8,79,30,12,42,121
08/25/2017,SPI,IL,AGL,CE,Combined TRACON& Tower with Radar,5,6,9,12,32,0,3,31,2,36,5,9,40,14,68,10,4,14,82
08/26/2017,SPI,IL,AGL,CE,Combined TRACON& Tower with Radar,8,4,13,14,39,0,0,49,2,51,8,4,62,16,90,8,2,10,100
08/27/2017,SPI,IL,AGL,CE,Combined TRACON& Tower with Radar,3,7,16,0,26,0,0,25,0,25,3,7,41,0,51,0,0,0,51
08/28/2017,SPI,IL,AGL,CE,Combined TRACON& Tower with Radar,4,10,17,4,35,0,1,13,0,14,4,11,30,4,49,2,1,3,52
08/29/2017,SPI,IL,AGL,CE,Combined TRACON& Tower with Radar,6,10,14,5,35,0,0,13,1,14,6,10,27,6,49,36,19,55,104
08/30/2017,SPI,IL,AGL,CE,Combined TRACON& Tower with Radar,8,11,20,12,51,0,4,31,3,38,8,15,51,15,89,36,30,66,155
08/31/2017,SPI,IL,AGL,CE,Combined TRACON& Tower with Radar,4,14,11,31,60,0,8,37,3,48,4,22,48,34,108,18,16,34,142
09/01/2017,SPI,IL,AGL,CE,Combined TRACON& Tower with Radar,4,5,23,0,32,0,0,25,1,26,4,5,48,1,58,16,4,20,78
09/02/2017,SPI,IL,AGL,CE,Combined TRACON& Tower with Radar,6,4,14,0,24,0,2,21,4,27,6,6,35,4,51,12,3,15,66
09/03/2017,SPI,IL,AGL,CE,Combined TRACON& Tower with Radar,4,7,19,0,30,0,1,18,0,19,4,8,37,0,49,23,0,23,72
09/04/2017,SPI,IL,AGL,CE,Combined TRACON& Tower with Radar,5,4,19,0,28,0,0,24,0,24,5,4,43,0,52,0,3,3,55
09/05/2017,SPI,IL,AGL,CE,Combined TRACON& Tower with Radar,4,11,10,0,25,0,0,18,0,18,4,11,28,0,43,10,3,13,56
09/06/2017,SPI,IL,AGL,CE,Combined TRACON& Tower with Radar,6,7,12,0,25,0,5,27,4,36,6,12,39,4,61,18,3,21,82
09/07/2017,SPI,IL,AGL,CE,Combined TRACON& Tower with Radar,5,8,14,19,46,0,2,43,4,49,5,10,57,23,95,16,6,22,117
09/08/2017,SPI,IL,AGL,CE,Combined TRACON& Tower with Radar,4,9,10,0,23,0,2,28,3,33,4,11,38,3,56,24,4,28,84
09/09/2017,SPI,IL,AGL,CE,Combined TRACON& Tower with Radar,5,5,20,15,45,0,0,29,3,32,5,5,49,18,77,6,6,12,89
09/10/2017,SPI,IL,AGL,CE,Combined TRACON& Tower with Radar,5,7,11,0,23,0,0,28,0,28,5,7,39,0,51,6,6,12,63
09/11/2017,SPI,IL,AGL,CE,Combined TRACON& Tower with Radar,6,13,19,18,56,0,0,22,2,24,6,13,41,20,80,20,27,47,127
09/12/2017,SPI,IL,AGL,CE,Combined TRACON& Tower with Radar,7,12,13,21,53,0,5,12,3,20,7,17,25,24,73,13,30,43,116
09/13/2017,SPI,IL,AGL,CE,Combined TRACON& Tower with Radar,7,11,24,2,44,0,0,8,6,14,7,11,32,8,58,4,1,5,63
09/14/2017,SPI,IL,AGL,CE,Combined TRACON& Tower with Radar,4,17,38,6,65,0,9,31,2,42,4,26,69,8,107,8,1,9,116
09/15/2017,SPI,IL,AGL,CE,Combined TRACON& Tower with Radar,7,7,29,0,43,0,3,31,0,34,7,10,60,0,77,4,4,8,85
09/16/2017,SPI,IL,AGL,CE,Combined TRACON& Tower with Radar,6,8,14,0,28,0,6,31,1,38,6,14,45,1,66,8,0,8,74
09/17/2017,SPI,IL,AGL,CE,Combined TRACON& Tower with Radar,5,7,12,2,26,0,6,20,1,27,5,13,32,3,53,16,2,18,71
09/18/2017,SPI,IL,AGL,CE,Combined TRACON& Tower with Radar,5,4,22,16,47,0,2,17,0,19,5,6,39,16,66,20,20,40,106
09/19/2017,SPI,IL,AGL,CE,Combined TRACON& Tower with Radar,5,12,26,0,43,0,1,19,0,20,5,13,45,0,63,26,1,27,90
09/20/2017,SPI,IL,AGL,CE,Combined TRACON& Tower with Radar,7,8,22,4,41,0,4,18,0,22,7,12,40,4,63,29,3,32,95
09/21/2017,SPI,IL,AGL,CE,Combined TRACON& Tower with Radar,4,13,16,11,44,0,0,29,2,31,4,13,45,13,75,21,1,22,97
09/22/2017,SPI,IL,AGL,CE,Combined TRACON& Tower with Radar,5,4,23,13,45,0,5,20,0,25,5,9,43,13,70,14,9,23,93
09/23/2017,SPI,IL,AGL,CE,Combined TRACON& Tower with Radar,7,6,13,0,26,0,4,26,2,32,7,10,39,2,58,12,8,20,78
09/24/2017,SPI,IL,AGL,CE,Combined TRACON& Tower with Radar,6,8,19,8,41,0,1,27,2,30,6,9,46,10,71,28,7,35,106
09/25/2017,SPI,IL,AGL,CE,Combined TRACON& Tower with Radar,4,12,14,0,30,0,0,14,0,14,4,12,28,0,44,20,0,20,64
09/26/2017,SPI,IL,AGL,CE,Combined TRACON& Tower with Radar,3,8,26,1,38,0,12,16,1,29,3,20,42,2,67,35,24,59,126
09/27/2017,SPI,IL,AGL,CE,Combined TRACON& Tower with Radar,7,9,18,1,35,0,0,22,8,30,7,9,40,9,65,12,20,32,97
09/28/2017,SPI,IL,AGL,CE,Combined TRACON& Tower with Radar,5,13,20,0,38,0,0,36,1,37,5,13,56,1,75,28,6,34,109
09/29/2017,SPI,IL,AGL,CE,Combined TRACON& Tower with Radar,5,13,13,7,38,0,2,21,2,25,5,15,34,9,63,0,18,18,81
09/30/2017,SPI,IL,AGL,CE,Combined TRACON& Tower with Radar,6,8,10,0,24,0,0,25,0,25,6,8,35,0,49,50,3,53,102
10/01/2017,SPI,IL,AGL,CE,Combined TRACON& Tower with Radar,3,9,9,1,22,0,0,30,0,30,3,9,39,1,52,15,4,19,71
10/02/2017,SPI,IL,AGL,CE,Combined TRACON& Tower with Radar,4,7,10,0,21,0,4,20,1,25,4,11,30,1,46,3,7,10,56
10/03/2017,SPI,IL,AGL,CE,Combined TRACON& Tower with Radar,3,12,15,4,34,0,0,4,0,4,3,12,19,4,38,20,4,24,62
10/04/2017,SPI,IL,AGL,CE,Combined TRACON& Tower with Radar,7,5,10,2,24,0,0,0,0,0,7,5,10,2,24,0,0,0,24
10/05/2017,SPI,IL,AGL,CE,Combined TRACON& Tower with Radar,4,7,20,0,31,0,0,0,0,0,4,7,20,0,31,0,2,2,33
10/06/2017,SPI,IL,AGL,CE,Combined TRACON& Tower with Radar,4,4,10,2,20,0,0,6,0,6,4,4,16,2,26,0,3,3,29
10/07/2017,SPI,IL,AGL,CE,Combined TRACON& Tower with Radar,4,7,9,4,24,0,0,2,0,2,4,7,11,4,26,6,5,11,37
10/08/2017,SPI,IL,AGL,CE,Combined TRACON& Tower with Radar,5,6,27,0,38,0,2,22,0,24,5,8,49,0,62,38,5,43,105
10/09/2017,SPI,IL,AGL,CE,Combined TRACON& Tower with Radar,5,8,17,0,30,0,1,13,1,15,5,9,30,1,45,9,2,11,56
10/10/2017,SPI,IL,AGL,CE,Combined TRACON& Tower with Radar,4,5,7,9,25,0,0,0,0,0,4,5,7,9,25,0,14,14,39
10/11/2017,SPI,IL,AGL,CE,Combined TRACON& Tower with Radar,5,8,17,0,30,0,1,13,1,15,5,9,30,1,45,0,0,0,45
10/12/2017,SPI,IL,AGL,CE,Combined TRACON& Tower with Radar,5,6,15,0,26,0,0,3,0,3,5,6,18,0,29,0,3,3,32
10/13/2017,SPI,IL,AGL,CE,Combined TRACON& Tower with Radar,5,8,14,3,30,0,2,16,0,18,5,10,30,3,48,20,2,22,70
10/14/2017,SPI,IL,AGL,CE,Combined TRACON& Tower with Radar,5,10,4,9,28,0,3,2,0,5,5,13,6,9,33,7,13,20,53
10/15/2017,SPI,IL,AGL,CE,Combined TRACON& Tower with Radar,5,7,15,0,27,0,0,6,0,6,5,7,21,0,33,4,5,9,42
10/16/2017,SPI,IL,AGL,CE,Combined TRACON& Tower with Radar,4,10,32,12,58,0,1,33,0,34,4,11,65,12,92,75,26,101,193
10/17/2017,SPI,IL,AGL,CE,Combined TRACON& Tower with Radar,7,7,32,15,61,0,4,37,4,45,7,11,69,19,106,46,6,52,158
10/18/2017,SPI,IL,AGL,CE,Combined TRACON& Tower with Radar,6,9,32,5,52,0,6,15,2,23,6,15,47,7,75,28,17,45,120
10/19/2017,SPI,IL,AGL,CE,Combined TRACON& Tower with Radar,5,18,24,2,49,0,2,33,3,38,5,20,57,5,87,104,1,105,192
10/20/2017,SPI,IL,AGL,CE,Combined TRACON& Tower with Radar,6,15,15,12,48,0,2,26,5,33,6,17,41,17,81,30,3,33,114
10/21/2017,SPI,IL,AGL,CE,Combined TRACON& Tower with Radar,5,3,6,0,14,0,0,12,1,13,5,3,18,1,27,8,6,14,41
10/22/2017,SPI,IL,AGL,CE,Combined TRACON& Tower with Radar,5,5,6,2,18,0,0,1,0,1,5,5,7,2,19,0,0,0,19
10/23/2017,SPI,IL,AGL,CE,Combined TRACON& Tower with Radar,4,12,13,6,35,0,0,19,0,19,4,12,32,6,54,34,9,43,97
10/24/2017,SPI,IL,AGL,CE,Combined TRACON& Tower with Radar,4,9,20,12,45,0,0,3,3,6,4,9,23,15,51,0,10,10,61
10/25/2017,SPI,IL,AGL,CE,Combined TRACON& Tower with Radar,7,14,28,8,57,0,36,26,4,66,7,50,54,12,123,5,12,17,140
10/26/2017,SPI,IL,AGL,CE,Combined TRACON& Tower with Radar,4,9,28,0,41,0,5,14,1,20,4,14,42,1,61,1,4,5,66
10/27/2017,SPI,IL,AGL,CE,Combined TRACON& Tower with Radar,5,8,10,2,25,0,2,11,2,15,5,10,21,4,40,20,3,23,63
10/28/2017,SPI,IL,AGL,CE,Combined TRACON& Tower with Radar,4,3,10,0,17,0,1,4,1,6,4,4,14,1,23,26,1,27,50
10/29/2017,SPI,IL,AGL,CE,Combined TRACON& Tower with Radar,5,7,21,0,33,0,1,26,0,27,5,8,47,0,60,154,4,158,218
10/30/2017,SPI,IL,AGL,CE,Combined TRACON& Tower with Radar,4,5,10,0,19,0,0,7,1,8,4,5,17,1,27,26,0,26,53
10/31/2017,SPI,IL,AGL,CE,Combined TRACON& Tower with Radar,4,13,42,0,59,0,5,37,2,44,4,18,79,2,103,8,6,14,117
11/01/2017,SPI,IL,AGL,CE,Combined TRACON& Tower with Radar,7,5,16,0,28,0,0,1,0,1,7,5,17,0,29,0,0,0,29
11/02/2017,SPI,IL,AGL,CE,Combined TRACON& Tower with Radar,5,11,24,6,46,0,0,0,0,0,5,11,24,6,46,2,0,2,48
11/03/2017,SPI,IL,AGL,CE,Combined TRACON& Tower with Radar,4,7,22,0,33,0,0,22,1,23,4,7,44,1,56,128,6,134,190
11/04/2017,SPI,IL,AGL,CE,Combined TRACON& Tower with Radar,3,5,7,1,16,0,0,4,0,4,3,5,11,1,20,0,0,0,20
11/05/2017,SPI,IL,AGL,CE,Combined TRACON& Tower with Radar,1,11,16,0,28,0,0,0,0,0,1,11,16,0,28,6,1,7,35
11/06/2017,SPI,IL,AGL,CE,Combined TRACON& Tower with Radar,0,13,27,0,40,0,3,10,0,13,0,16,37,0,53,35,2,37,90
11/07/2017,SPI,IL,AGL,CE,Combined TRACON& Tower with Radar,0,20,10,3,33,0,3,30,1,34,0,23,40,4,67,10,11,21,88
11/08/2017,SPI,IL,AGL,CE,Combined TRACON& Tower with Radar,2,16,16,19,53,0,0,30,4,34,2,16,46,23,87,25,34,59,146
11/09/2017,SPI,IL,AGL,CE,Combined TRACON& Tower with Radar,0,20,25,11,56,0,4,6,5,15,0,24,31,16,71,12,1,13,84
11/10/2017,SPI,IL,AGL,CE,Combined TRACON& Tower with Radar,0,13,20,0,33,0,0,16,0,16,0,13,36,0,49,6,8,14,63
11/11/2017,SPI,IL,AGL,CE,Combined TRACON& Tower with Radar,2,10,9,0,21,0,4,11,1,16,2,14,20,1,37,4,3,7,44
11/12/2017,SPI,IL,AGL,CE,Combined TRACON& Tower with Radar,2,12,11,0,25,0,0,0,0,0,2,12,11,0,25,0,0,0,25
11/13/2017,SPI,IL,AGL,CE,Combined TRACON& Tower with Radar,0,14,22,42,78,0,2,11,5,18,0,16,33,47,96,21,45,66,162
11/14/2017,SPI,IL,AGL,CE,Combined TRACON& Tower with Radar,0,30,26,4,60,0,11,19,7,37,0,41,45,11,97,22,1,23,120
11/15/2017,SPI,IL,AGL,CE,Combined TRACON& Tower with Radar,3,13,12,2,30,0,0,7,0,7,3,13,19,2,37,0,0,0,37
11/16/2017,SPI,IL,AGL,CE,Combined TRACON& Tower with Radar,0,11,21,0,32,0,3,15,0,18,0,14,36,0,50,0,0,0,50
11/17/2017,SPI,IL,AGL,CE,Combined TRACON& Tower with Radar,2,14,12,11,39,0,1,6,0,7,2,15,18,11,46,4,6,10,56
11/18/2017,SPI,IL,AGL,CE,Combined TRACON& Tower with Radar,4,8,6,0,18,0,0,0,0,0,4,8,6,0,18,0,1,1,19
11/19/2017,SPI,IL,AGL,CE,Combined TRACON& Tower with Radar,0,15,16,0,31,0,4,16,0,20,0,19,32,0,51,4,1,5,56
11/20/2017,SPI,IL,AGL,CE,Combined TRACON& Tower with Radar,3,19,19,3,44,0,0,16,1,17,3,19,35,4,61,12,2,14,75
11/21/2017,SPI,IL,AGL,CE,Combined TRACON& Tower with Radar,3,11,23,2,39,0,1,25,2,28,3,12,48,4,67,34,4,38,105
11/22/2017,SPI,IL,AGL,CE,Combined TRACON& Tower with Radar,3,11,14,0,28,0,0,37,0,37,3,11,51,0,65,40,3,43,108
11/23/2017,SPI,IL,AGL,CE,Combined TRACON& Tower with Radar,2,5,6,0,13,0,0,18,0,18,2,5,24,0,31,7,4,11,42
11/24/2017,SPI,IL,AGL,CE,Combined TRACON& Tower with Radar,0,9,9,0,18,0,0,13,0,13,0,9,22,0,31,6,0,6,37
11/25/2017,SPI,IL,AGL,CE,Combined TRACON& Tower with Radar,4,10,11,0,25,0,0,25,0,25,4,10,36,0,50,30,0,30,80
11/26/2017,SPI,IL,AGL,CE,Combined TRACON& Tower with Radar,10,12,17,0,39,0,6,37,1,44,10,18,54,1,83,31,11,42,125
11/27/2017,SPI,IL,AGL,CE,Combined TRACON& Tower with Radar,8,11,22,1,42,0,0,32,0,32,8,11,54,1,74,4,4,8,82
11/28/2017,SPI,IL,AGL,CE,Combined TRACON& Tower with Radar,5,5,19,45,74,0,2,12,3,17,5,7,31,48,91,0,35,35,126
11/29/2017,SPI,IL,AGL,CE,Combined TRACON& Tower with Radar,8,5,22,0,35,0,0,33,3,36,8,5,55,3,71,20,2,22,93
11/30/2017,SPI,IL,AGL,CE,Combined TRACON& Tower with Radar,4,12,19,25,60,0,5,32,4,41,4,17,51,29,101,12,50,62,163
12/01/2017,SPI,IL,AGL,CE,Combined TRACON& Tower with Radar,7,12,17,20,56,0,0,28,3,31,7,12,45,23,87,30,12,42,129
12/02/2017,SPI,IL,AGL,CE,Combined TRACON& Tower with Radar,5,7,19,0,31,0,2,30,2,34,5,9,49,2,65,33,2,35,100
12/03/2017,SPI,IL,AGL,CE,Combined TRACON& Tower with Radar,5,6,18,0,29,0,1,31,0,32,5,7,49,0,61,26,0,26,87
12/04/2017,SPI,IL,AGL,CE,Combined TRACON& Tower with Radar,6,7,5,0,18,0,1,1,0,2,6,8,6,0,20,0,5,5,25
12/05/2017,SPI,IL,AGL,CE,Combined TRACON& Tower with Radar,5,10,4,0,19,0,13,7,2,22,5,23,11,2,41,0,24,24,65
12/06/2017,SPI,IL,AGL,CE,Combined TRACON& Tower with Radar,6,7,22,0,35,0,0,13,1,14,6,7,35,1,49,4,3,7,56
12/07/2017,SPI,IL,AGL,CE,Combined TRACON& Tower with Radar,5,4,18,2,29,0,0,19,0,19,5,4,37,2,48,22,6,28,76
12/08/2017,SPI,IL,AGL,CE,Combined TRACON& Tower with Radar,7,8,17,18,50,0,2,26,0,28,7,10,43,18,78,16,12,28,106
12/09/2017,SPI,IL,AGL,CE,Combined TRACON& Tower with Radar,5,4,6,0,15,0,4,7,0,11,5,8,13,0,26,0,1,1,27
12/10/2017,SPI,IL,AGL,CE,Combined TRACON& Tower with Radar,4,8,19,0,31,0,2,21,0,23,4,10,40,0,54,18,3,21,75
12/11/2017,SPI,IL,AGL,CE,Combined TRACON& Tower with Radar,6,9,13,2,30,0,0,18,0,18,6,9,31,2,48,2,16,18,66
12/12/2017,SPI,IL,AGL,CE,Combined TRACON& Tower with Radar,4,9,13,16,42,0,3,21,3,27,4,12,34,19,69,9,16,25,94
12/13/2017,SPI,IL,AGL,CE,Combined TRACON& Tower with Radar,5,8,17,0,30,0,0,5,2,7,5,8,22,2,37,8,2,10,47
12/14/2017,SPI,IL,AGL,CE,Combined TRACON& Tower with Radar,4,7,15,3,29,0,0,20,13,33,4,7,35,16,62,18,8,26,88
12/15/2017,SPI,IL,AGL,CE,Combined TRACON& Tower with Radar,3,9,13,3,28,0,0,21,1,22,3,9,34,4,50,4,0,4,54
12/16/2017,SPI,IL,AGL,CE,Combined TRACON& Tower with Radar,2,10,20,0,32,0,0,38,0,38,2,10,58,0,70,42,2,44,114
12/17/2017,SPI,IL,AGL,CE,Combined TRACON& Tower with Radar,0,9,6,0,15,0,0,6,0,6,0,9,12,0,21,36,4,40,61
12/18/2017,SPI,IL,AGL,CE,Combined TRACON& Tower with Radar,2,12,13,16,43,0,0,7,0,7,2,12,20,16,50,6,24,30,80
12/19/2017,SPI,IL,AGL,CE,Combined TRACON& Tower with Radar,0,13,17,0,30,0,2,19,3,24,0,15,36,3,54,27,1,28,82
12/20/2017,SPI,IL,AGL,CE,Combined TRACON& Tower with Radar,2,9,14,16,41,0,2,19,2,23,2,11,33,18,64,22,22,44,108
12/21/2017,SPI,IL,AGL,CE,Combined TRACON& Tower with Radar,0,11,21,16,48,0,6,10,0,16,0,17,31,16,64,28,34,62,126
12/22/2017,SPI,IL,AGL,CE,Combined TRACON& Tower with Radar,2,9,12,12,35,0,0,2,3,5,2,9,14,15,40,0,7,7,47
12/23/2017,SPI,IL,AGL,CE,Combined TRACON& Tower with Radar,2,9,4,0,15,0,0,24,0,24,2,9,28,0,39,22,1,23,62
12/24/2017,SPI,IL,AGL,CE,Combined TRACON& Tower with Radar,0,11,1,0,12,0,0,1,0,1,0,11,2,0,13,0,1,1,14
12/25/2017,SPI,IL,AGL,CE,Combined TRACON& Tower with Radar,0,8,0,0,8,0,0,0,0,0,0,8,0,0,8,0,0,0,8
12/26/2017,SPI,IL,AGL,CE,Combined TRACON& Tower with Radar,2,9,9,0,20,0,0,2,0,2,2,9,11,0,22,0,0,0,22
12/27/2017,SPI,IL,AGL,CE,Combined TRACON& Tower with Radar,2,9,11,14,36,0,0,17,0,17,2,9,28,14,53,0,31,31,84
12/28/2017,SPI,IL,AGL,CE,Combined TRACON& Tower with Radar,2,10,3,0,15,0,2,7,0,9,2,12,10,0,24,16,8,24,48
12/29/2017,SPI,IL,AGL,CE,Combined TRACON& Tower with Radar,1,8,4,0,13,0,0,3,0,3,1,8,7,0,16,0,1,1,17
12/30/2017,SPI,IL,AGL,CE,Combined TRACON& Tower with Radar,2,10,3,0,15,0,0,7,0,7,2,10,10,0,22,2,1,3,25
12/31/2017,SPI,IL,AGL,CE,Combined TRACON& Tower with Radar,0,7,5,0,12,0,0,4,0,4,0,7,9,0,16,0,1,1,17
01/01/2018,SPI,IL,AGL,CE,Combined TRACON& Tower with Radar,0,8,3,0,11,0,3,2,0,5,0,11,5,0,16,0,3,3,19
01/02/2018,SPI,IL,AGL,CE,Combined TRACON& Tower with Radar,2,14,12,0,28,0,0,7,0,7,2,14,19,0,35,2,6,8,43
01/03/2018,SPI,IL,AGL,CE,Combined TRACON& Tower with Radar,2,13,5,12,32,0,2,1,0,3,2,15,6,12,35,11,3,14,49
01/04/2018,SPI,IL,AGL,CE,Combined TRACON& Tower with Radar,0,11,13,0,24,0,0,8,1,9,0,11,21,1,33,0,1,1,34
01/05/2018,SPI,IL,AGL,CE,Combined TRACON& Tower with Radar,0,12,16,16,44,0,0,7,2,9,0,12,23,18,53,46,0,46,99
01/06/2018,SPI,IL,AGL,CE,Combined TRACON& Tower with Radar,2,8,8,0,18,0,2,17,0,19,2,10,25,0,37,6,11,17,54
01/07/2018,SPI,IL,AGL,CE,Combined TRACON& Tower with Radar,0,9,8,0,17,0,0,0,0,0,0,9,8,0,17,0,0,0,17
01/08/2018,SPI,IL,AGL,CE,Combined TRACON& Tower with Radar,0,10,11,0,21,0,0,1,0,1,0,10,12,0,22,0,0,0,22
01/09/2018,SPI,IL,AGL,CE,Combined TRACON& Tower with Radar,1,11,5,0,17,0,0,0,0,0,1,11,5,0,17,0,0,0,17
01/10/2018,SPI,IL,AGL,CE,Combined TRACON& Tower with Radar,4,9,11,4,28,0,0,0,0,0,4,9,11,4,28,0,0,0,28
01/11/2018,SPI,IL,AGL,CE,Combined TRACON& Tower with Radar,2,12,15,4,33,0,0,0,0,0,2,12,15,4,33,0,0,0,33
01/12/2018,SPI,IL,AGL,CE,Combined TRACON& Tower with Radar,1,12,0,2,15,0,0,1,0,1,1,12,1,2,16,0,0,0,16
01/13/2018,SPI,IL,AGL,CE,Combined TRACON& Tower with Radar,3,5,7,0,15,0,2,16,0,18,3,7,23,0,33,26,2,28,61
01/14/2018,SPI,IL,AGL,CE,Combined TRACON& Tower with Radar,0,9,4,0,13,0,0,14,0,14,0,9,18,0,27,12,3,15,42
01/15/2018,SPI,IL,AGL,CE,Combined TRACON& Tower with Radar,0,12,4,0,16,0,0,2,0,2,0,12,6,0,18,0,3,3,21
01/16/2018,SPI,IL,AGL,CE,Combined TRACON& Tower with Radar,1,10,17,3,31,0,0,4,7,11,1,10,21,10,42,0,4,4,46
01/17/2018,SPI,IL,AGL,CE,Combined TRACON& Tower with Radar,2,8,11,0,21,0,0,16,0,16,2,8,27,0,37,8,6,14,51
01/18/2018,SPI,IL,AGL,CE,Combined TRACON& Tower with Radar,0,14,12,3,29,0,0,7,0,7,0,14,19,3,36,18,9,27,63
01/19/2018,SPI,IL,AGL,CE,Combined TRACON& Tower with Radar,0,16,21,15,52,0,1,15,3,19,0,17,36,18,71,12,12,24,95
01/20/2018,SPI,IL,AGL,CE,Combined TRACON& Tower with Radar,2,7,9,0,18,0,0,6,0,6,2,7,15,0,24,10,4,14,38
01/21/2018,SPI,IL,AGL,CE,Combined TRACON& Tower with Radar,0,11,12,0,23,0,0,4,0,4,0,11,16,0,27,0,0,0,27
01/22/2018,SPI,IL,AGL,CE,Combined TRACON& Tower with Radar,0,11,8,0,19,0,0,2,0,2,0,11,10,0,21,0,1,1,22
01/23/2018,SPI,IL,AGL,CE,Combined TRACON& Tower with Radar,0,8,12,1,21,0,0,4,2,6,0,8,16,3,27,0,6,6,33
01/24/2018,SPI,IL,AGL,CE,Combined TRACON& Tower with Radar,2,9,12,12,35,0,5,18,0,23,2,14,30,12,58,28,7,35,93
01/25/2018,SPI,IL,AGL,CE,Combined TRACON& Tower with Radar,0,12,21,49,82,0,2,33,4,39,0,14,54,53,121,22,36,58,179
01/26/2018,SPI,IL,AGL,CE,Combined TRACON& Tower with Radar,2,11,13,0,26,0,0,1,1,2,2,11,14,1,28,0,6,6,34
01/27/2018,SPI,IL,AGL,CE,Combined TRACON& Tower with Radar,2,6,8,0,16,0,0,32,0,32,2,6,40,0,48,4,6,10,58
01/28/2018,SPI,IL,AGL,CE,Combined TRACON& Tower with Radar,0,13,12,0,25,0,0,52,2,54,0,13,64,2,79,53,0,53,132
01/29/2018,SPI,IL,AGL,CE,Combined TRACON& Tower with Radar,0,12,17,4,33,0,0,9,0,9,0,12,26,4,42,6,1,7,49
01/30/2018,SPI,IL,AGL,CE,Combined TRACON& Tower with Radar,0,11,23,0,34,0,0,19,0,19,0,11,42,0,53,0,2,2,55
01/31/2018,SPI,IL,AGL,CE,Combined TRACON& Tower with Radar,2,10,10,0,22,0,0,13,0,13,2,10,23,0,35,0,2,2,37
02/01/2018,SPI,IL,AGL,CE,Combined TRACON& Tower with Radar,0,11,7,2,20,0,0,9,0,9,0,11,16,2,29,0,6,6,35
02/02/2018,SPI,IL,AGL,CE,Combined TRACON& Tower with Radar,0,12,17,0,29,0,0,26,0,26,0,12,43,0,55,20,4,24,79
02/03/2018,SPI,IL,AGL,CE,Combined TRACON& Tower with Radar,2,8,3,0,13,0,0,7,0,7,2,8,10,0,20,6,0,6,26
02/04/2018,SPI,IL,AGL,CE,Combined TRACON& Tower with Radar,0,6,9,0,15,0,0,0,0,0,0,6,9,0,15,0,2,2,17
02/05/2018,SPI,IL,AGL,CE,Combined TRACON& Tower with Radar,0,12,12,6,30,0,2,9,0,11,0,14,21,6,41,0,7,7,48
02/06/2018,SPI,IL,AGL,CE,Combined TRACON& Tower with Radar,0,8,9,18,35,0,0,2,2,4,0,8,11,20,39,0,5,5,44
02/07/2018,SPI,IL,AGL,CE,Combined TRACON& Tower with Radar,2,12,9,0,23,0,0,11,0,11,2,12,20,0,34,10,0,10,44
02/08/2018,SPI,IL,AGL,CE,Combined TRACON& Tower with Radar,0,17,28,7,52,0,3,16,0,19,0,20,44,7,71,6,27,33,104
02/09/2018,SPI,IL,AGL,CE,Combined TRACON& Tower with Radar,0,5,13,13,31,0,0,8,0,8,0,5,21,13,39,6,2,8,47
02/10/2018,SPI,IL,AGL,CE,Combined TRACON& Tower with Radar,4,6,6,1,17,0,0,1,0,1,4,6,7,1,18,0,2,2,20
02/11/2018,SPI,IL,AGL,CE,Combined TRACON& Tower with Radar,0,10,6,0,16,0,0,0,0,0,0,10,6,0,16,0,4,4,20
02/12/2018,SPI,IL,AGL,CE,Combined TRACON& Tower with Radar,0,14,21,12,47,0,0,9,0,9,0,14,30,12,56,6,12,18,74
02/13/2018,SPI,IL,AGL,CE,Combined TRACON& Tower with Radar,0,14,14,0,28,0,0,9,0,9,0,14,23,0,37,0,3,3,40
02/14/2018,SPI,IL,AGL,CE,Combined TRACON& Tower with Radar,2,14,11,7,34,0,0,2,0,2,2,14,13,7,36,0,0,0,36
02/15/2018,SPI,IL,AGL,CE,Combined TRACON& Tower with Radar,0,16,13,1,30,0,0,3,0,3,0,16,16,1,33,6,4,10,43
02/16/2018,SPI,IL,AGL,CE,Combined TRACON& Tower with Radar,2,12,15,4,33,0,0,15,0,15,2,12,30,4,48,30,0,30,78
02/17/2018,SPI,IL,AGL,CE,Combined TRACON& Tower with Radar,2,7,11,2,22,0,0,6,0,6,2,7,17,2,28,20,0,20,48
02/18/2018,SPI,IL,AGL,CE,Combined TRACON& Tower with Radar,0,16,10,0,26,0,4,15,0,19,0,20,25,0,45,4,2,6,51
02/19/2018,SPI,IL,AGL,CE,Combined TRACON& Tower with Radar,1,9,5,0,15,0,0,0,0,0,1,9,5,0,15,0,0,0,15
02/20/2018,SPI,IL,AGL,CE,Combined TRACON& Tower with Radar,0,8,5,0,13,0,0,0,0,0,0,8,5,0,13,0,0,0,13
02/21/2018,SPI,IL,AGL,CE,Combined TRACON& Tower with Radar,2,14,13,1,30,0,0,0,1,1,2,14,13,2,31,0,3,3,34
02/22/2018,SPI,IL,AGL,CE,Combined TRACON& Tower with Radar,0,11,26,0,37,0,0,0,0,0,0,11,26,0,37,0,0,0,37
02/23/2018,SPI,IL,AGL,CE,Combined TRACON& Tower with Radar,2,9,18,0,29,0,0,0,0,0,2,9,18,0,29,4,0,4,33
02/24/2018,SPI,IL,AGL,CE,Combined TRACON& Tower with Radar,2,6,3,0,11,0,0,0,0,0,2,6,3,0,11,0,0,0,11
02/25/2018,SPI,IL,AGL,CE,Combined TRACON& Tower with Radar,0,12,29,0,41,0,0,27,0,27,0,12,56,0,68,30,2,32,100
02/26/2018,SPI,IL,AGL,CE,Combined TRACON& Tower with Radar,2,16,13,0,31,0,1,24,0,25,2,17,37,0,56,2,2,4,60
02/27/2018,SPI,IL,AGL,CE,Combined TRACON& Tower with Radar,0,14,25,2,41,0,1,13,4,18,0,15,38,6,59,2,2,4,63
02/28/2018,SPI,IL,AGL,CE,Combined TRACON& Tower with Radar,2,13,11,2,28,0,0,0,0,0,2,13,11,2,28,0,0,0,28
03/01/2018,SPI,IL,AGL,CE,Combined TRACON& Tower with Radar,0,17,9,2,28,0,0,5,0,5,0,17,14,2,33,4,2,6,39
03/02/2018,SPI,IL,AGL,CE,Combined TRACON& Tower with Radar,4,13,32,0,49,0,3,31,1,35,4,16,63,1,84,10,6,16,100
03/03/2018,SPI,IL,AGL,CE,Combined TRACON& Tower with Radar,3,8,25,0,36,0,0,36,0,36,3,8,61,0,72,18,2,20,92
03/04/2018,SPI,IL,AGL,CE,Combined TRACON& Tower with Radar,0,10,25,0,35,0,3,29,0,32,0,13,54,0,67,18,4,22,89
03/05/2018,SPI,IL,AGL,CE,Combined TRACON& Tower with Radar,3,11,5,0,19,0,0,0,0,0,3,11,5,0,19,0,1,1,20
03/06/2018,SPI,IL,AGL,CE,Combined TRACON& Tower with Radar,0,13,15,1,29,0,0,24,0,24,0,13,39,1,53,2,2,4,57
03/07/2018,SPI,IL,AGL,CE,Combined TRACON& Tower with Radar,3,16,17,0,36,0,0,33,0,33,3,16,50,0,69,12,2,14,83
03/08/2018,SPI,IL,AGL,CE,Combined TRACON& Tower with Radar,0,16,21,21,58,0,0,38,0,38,0,16,59,21,96,10,18,28,124
03/09/2018,SPI,IL,AGL,CE,Combined TRACON& Tower with Radar,4,12,14,1,31,0,0,25,0,25,4,12,39,1,56,22,5,27,83
03/10/2018,SPI,IL,AGL,CE,Combined TRACON& Tower with Radar,2,10,26,1,39,0,0,32,0,32,2,10,58,1,71,6,4,10,81
03/11/2018,SPI,IL,AGL,CE,Combined TRACON& Tower with Radar,0,12,6,4,22,0,0,10,0,10,0,12,16,4,32,8,3,11,43
03/12/2018,SPI,IL,AGL,CE,Combined TRACON& Tower with Radar,2,21,13,2,38,0,1,10,0,11,2,22,23,2,49,24,0,24,73
03/13/2018,SPI,IL,AGL,CE,Combined TRACON& Tower with Radar,0,12,12,2,26,0,0,13,0,13,0,12,25,2,39,10,7,17,56
03/14/2018,SPI,IL,AGL,CE,Combined TRACON& Tower with Radar,2,14,14,17,47,0,1,31,3,35,2,15,45,20,82,10,16,26,108
03/15/2018,SPI,IL,AGL,CE,Combined TRACON& Tower with Radar,0,22,16,1,39,0,1,40,3,44,0,23,56,4,83,22,4,26,109
03/16/2018,SPI,IL,AGL,CE,Combined TRACON& Tower with Radar,2,12,6,3,23,0,0,5,0,5,2,12,11,3,28,0,2,2,30
03/17/2018,SPI,IL,AGL,CE,Combined TRACON& Tower with Radar,2,5,4,0,11,0,0,0,0,0,2,5,4,0,11,0,0,0,11
03/18/2018,SPI,IL,AGL,CE,Combined TRACON& Tower with Radar,0,12,10,0,22,0,0,32,0,32,0,12,42,0,54,34,3,37,91
03/19/2018,SPI,IL,AGL,CE,Combined TRACON& Tower with Radar,2,14,10,2,28,0,0,9,0,9,2,14,19,2,37,0,3,3,40
03/20/2018,SPI,IL,AGL,CE,Combined TRACON& Tower with Radar,0,13,13,10,36,0,1,15,0,16,0,14,28,10,52,18,0,18,70
03/21/2018,SPI,IL,AGL,CE,Combined TRACON& Tower with Radar,2,10,17,1,30,0,0,30,0,30,2,10,47,1,60,28,6,34,94
03/22/2018,SPI,IL,AGL,CE,Combined TRACON& Tower with Radar,0,11,18,1,30,0,0,29,1,30,0,11,47,2,60,58,5,63,123
03/23/2018,SPI,IL,AGL,CE,Combined TRACON& Tower with Radar,2,15,8,0,25,0,0,12,0,12,2,15,20,0,37,12,3,15,52
03/24/2018,SPI,IL,AGL,CE,Combined TRACON& Tower with Radar,2,16,3,0,21,0,0,0,0,0,2,16,3,0,21,0,0,0,21
03/25/2018,SPI,IL,AGL,CE,Combined TRACON& Tower with Radar,0,12,8,0,20,0,1,19,0,20,0,13,27,0,40,14,2,16,56
03/26/2018,SPI,IL,AGL,CE,Combined TRACON& Tower with Radar,2,9,11,0,22,0,0,4,0,4,2,9,15,0,26,0,0,0,26
03/27/2018,SPI,IL,AGL,CE,Combined TRACON& Tower with Radar,2,11,1,0,14,0,0,0,0,0,2,11,1,0,14,0,1,1,15
03/28/2018,SPI,IL,AGL,CE,Combined TRACON& Tower with Radar,2,10,30,3,45,0,0,0,0,0,2,10,30,3,45,0,0,0,45
03/29/2018,SPI,IL,AGL,CE,Combined TRACON& Tower with Radar,0,9,23,8,40,0,0,1,0,1,0,9,24,8,41,6,0,6,47
03/30/2018,SPI,IL,AGL,CE,Combined TRACON& Tower with Radar,2,10,25,14,51,0,1,30,0,31,2,11,55,14,82,20,28,48,130
03/31/2018,SPI,IL,AGL,CE,Combined TRACON& Tower with Radar,0,6,0,0,6,0,2,5,0,7,0,8,5,0,13,0,2,2,15
04/01/2018,SPI,IL,AGL,CE,Combined TRACON& Tower with Radar,0,9,0,0,9,0,0,3,0,3,0,9,3,0,12,0,1,1,13
04/02/2018,SPI,IL,AGL,CE,Combined TRACON& Tower with Radar,4,9,18,15,46,0,0,1,0,1,4,9,19,15,47,22,18,40,87
04/03/2018,SPI,IL,AGL,CE,Combined TRACON& Tower with Radar,1,12,8,0,21,0,0,0,0,0,1,12,8,0,21,0,1,1,22
04/04/2018,SPI,IL,AGL,CE,Combined TRACON& Tower with Radar,2,15,19,2,38,0,1,23,3,27,2,16,42,5,65,16,4,20,85
04/05/2018,SPI,IL,AGL,CE,Combined TRACON& Tower with Radar,0,16,27,2,45,0,0,26,0,26,0,16,53,2,71,18,4,22,93
04/06/2018,SPI,IL,AGL,CE,Combined TRACON& Tower with Radar,0,15,10,16,41,0,3,10,0,13,0,18,20,16,54,14,18,32,86
04/07/2018,SPI,IL,AGL,CE,Combined TRACON& Tower with Radar,2,14,15,0,31,0,4,35,0,39,2,18,50,0,70,64,5,69,139
04/08/2018,SPI,IL,AGL,CE,Combined TRACON& Tower with Radar,0,9,8,0,17,0,0,9,0,9,0,9,17,0,26,0,0,0,26
04/09/2018,SPI,IL,AGL,CE,Combined TRACON& Tower with Radar,0,10,7,2,19,0,0,0,0,0,0,10,7,2,19,4,3,7,26
04/10/2018,SPI,IL,AGL,CE,Combined TRACON& Tower with Radar,0,13,7,8,28,0,4,13,1,18,0,17,20,9,46,14,14,28,74
04/11/2018,SPI,IL,AGL,CE,Combined TRACON& Tower with Radar,2,13,23,13,51,0,1,15,1,17,2,14,38,14,68,0,23,23,91
04/12/2018,SPI,IL,AGL,CE,Combined TRACON& Tower with Radar,0,17,24,16,57,0,1,15,3,19,0,18,39,19,76,10,36,46,122
04/13/2018,SPI,IL,AGL,CE,Combined TRACON& Tower with Radar,0,9,6,0,15,0,1,4,1,6,0,10,10,1,21,6,0,6,27
04/14/2018,SPI,IL,AGL,CE,Combined TRACON& Tower with Radar,2,6,6,0,14,0,0,0,0,0,2,6,6,0,14,0,1,1,15
04/15/2018,SPI,IL,AGL,CE,Combined TRACON& Tower with Radar,0,11,11,0,22,0,0,2,1,3,0,11,13,1,25,0,5,5,30
04/16/2018,SPI,IL,AGL,CE,Combined TRACON& Tower with Radar,0,10,14,0,24,0,1,3,0,4,0,11,17,0,28,0,1,1,29
04/17/2018,SPI,IL,AGL,CE,Combined TRACON& Tower with Radar,0,13,19,11,43,0,1,31,4,36,0,14,50,15,79,37,17,54,133
04/18/2018,SPI,IL,AGL,CE,Combined TRACON& Tower with Radar,2,10,6,0,18,0,0,2,2,4,2,10,8,2,22,6,3,9,31
04/19/2018,SPI,IL,AGL,CE,Combined TRACON& Tower with Radar,0,15,21,2,38,0,2,16,0,18,0,17,37,2,56,6,6,12,68
04/20/2018,SPI,IL,AGL,CE,Combined TRACON& Tower with Radar,0,26,27,0,53,0,11,27,0,38,0,37,54,0,91,22,2,24,115
04/21/2018,SPI,IL,AGL,CE,Combined TRACON& Tower with Radar,4,15,12,18,49,0,2,14,6,22,4,17,26,24,71,42,22,64,135
04/22/2018,SPI,IL,AGL,CE,Combined TRACON& Tower with Radar,0,11,16,0,27,0,1,14,0,15,0,12,30,0,42,10,4,14,56
04/23/2018,SPI,IL,AGL,CE,Combined TRACON& Tower with Radar,0,9,16,0,25,0,0,6,0,6,0,9,22,0,31,6,0,6,37
04/24/2018,SPI,IL,AGL,CE,Combined TRACON& Tower with Radar,0,12,18,0,30,0,0,16,0,16,0,12,34,0,46,30,2,32,78
04/25/2018,SPI,IL,AGL,CE,Combined TRACON& Tower with Radar,2,13,37,3,55,0,0,13,2,15,2,13,50,5,70,10,3,13,83
04/26/2018,SPI,IL,AGL,CE,Combined TRACON& Tower with Radar,0,20,31,7,58,0,8,19,2,29,0,28,50,9,87,84,25,109,196
04/27/2018,SPI,IL,AGL,CE,Combined TRACON& Tower with Radar,0,10,21,6,37,0,1,17,0,18,0,11,38,6,55,34,1,35,90
04/28/2018,SPI,IL,AGL,CE,Combined TRACON& Tower with Radar,2,5,20,0,27,0,0,18,0,18,2,5,38,0,45,4,0,4,49
04/29/2018,SPI,IL,AGL,CE,Combined TRACON& Tower with Radar,0,9,19,0,28,0,2,9,0,11,0,11,28,0,39,0,3,3,42
04/30/2018,SPI,IL,AGL,CE,Combined TRACON& Tower with Radar,0,12,18,10,40,0,3,22,0,25,0,15,40,10,65,28,2,30,95
05/01/2018,SPI,IL,AGL,CE,Combined TRACON& Tower with Radar,0,12,17,5,34,0,3,9,3,15,0,15,26,8,49,36,11,47,96
05/02/2018,SPI,IL,AGL,CE,Combined TRACON& Tower with Radar,3,10,21,16,50,0,1,19,1,21,3,11,40,17,71,17,10,27,98
05/03/2018,SPI,IL,AGL,CE,Combined TRACON& Tower with Radar,1,13,7,4,25,0,0,2,0,2,1,13,9,4,27,0,1,1,28
05/04/2018,SPI,IL,AGL,CE,Combined TRACON& Tower with Radar,0,14,17,12,43,0,1,7,0,8,0,15,24,12,51,36,22,58,109
05/05/2018,SPI,IL,AGL,CE,Combined TRACON& Tower with Radar,2,12,8,0,22,0,7,36,0,43,2,19,44,0,65,110,3,113,178
05/06/2018,SPI,IL,AGL,CE,Combined TRACON& Tower with Radar,0,14,15,2,31,0,1,12,0,13,0,15,27,2,44,4,5,9,53
05/07/2018,SPI,IL,AGL,CE,Combined TRACON& Tower with Radar,0,16,21,1,38,0,6,30,1,37,0,22,51,2,75,54,3,57,132
05/08/2018,SPI,IL,AGL,CE,Combined TRACON& Tower with Radar,0,13,16,0,29,0,3,19,2,24,0,16,35,2,53,22,6,28,81
05/09/2018,SPI,IL,AGL,CE,Combined TRACON& Tower with Radar,2,17,15,1,35,0,1,5,0,6,2,18,20,1,41,20,11,31,72
05/10/2018,SPI,IL,AGL,CE,Combined TRACON& Tower with Radar,0,14,13,2,29,0,0,23,2,25,0,14,36,4,54,80,27,107,161
05/11/2018,SPI,IL,AGL,CE,Combined TRACON& Tower with Radar,0,12,15,29,56,0,1,6,0,7,0,13,21,29,63,4,58,62,125
05/12/2018,SPI,IL,AGL,CE,Combined TRACON& Tower with Radar,2,8,12,0,22,0,0,19,0,19,2,8,31,0,41,6,2,8,49
05/13/2018,SPI,IL,AGL,CE,Combined TRACON& Tower with Radar,0,12,20,0,32,0,0,11,0,11,0,12,31,0,43,0,4,4,47
05/14/2018,SPI,IL,AGL,CE,Combined TRACON& Tower with Radar,0,10,11,5,26,0,0,5,1,6,0,10,16,6,32,24,3,27,59
05/15/2018,SPI,IL,AGL,CE,Combined TRACON& Tower with Radar,1,13,21,20,55,0,0,2,0,2,1,13,23,20,57,0,13,13,70
05/16/2018,SPI,IL,AGL,CE,Combined TRACON& Tower with Radar,2,16,32,9,59,0,0,27,2,29,2,16,59,11,88,154,18,172,260
05/17/2018,SPI,IL,AGL,CE,Combined TRACON& Tower with Radar,0,18,27,0,45,0,0,28,0,28,0,18,55,0,73,24,3,27,100
05/18/2018,SPI,IL,AGL,CE,Combined TRACON& Tower with Radar,0,9,17,13,39,0,0,7,0,7,0,9,24,13,46,18,10,28,74
05/19/2018,SPI,IL,AGL,CE,Combined TRACON& Tower with Radar,2,9,13,0,24,0,0,16,0,16,2,9,29,0,40,22,2,24,64
05/20/2018,SPI,IL,AGL,CE,Combined TRACON& Tower with Radar,0,10,16,0,26,0,1,9,0,10,0,11,25,0,36,8,4,12,48
05/21/2018,SPI,IL,AGL,CE,Combined TRACON& Tower with Radar,0,11,18,0,29,0,1,16,0,17,0,12,34,0,46,10,1,11,57
05/22/2018,SPI,IL,AGL,CE,Combined TRACON& Tower with Radar,0,15,32,0,47,0,0,35,0,35,0,15,67,0,82,28,2,30,112
05/23/2018,SPI,IL,AGL,CE,Combined TRACON& Tower with Radar,2,18,28,6,54,0,0,41,1,42,2,18,69,7,96,52,7,59,155
05/24/2018,SPI,IL,AGL,CE,Combined TRACON& Tower with Radar,0,10,18,0,28,0,1,23,3,27,0,11,41,3,55,14,2,16,71
05/25/2018,SPI,IL,AGL,CE,Combined TRACON& Tower with Radar,0,10,15,2,27,0,0,23,0,23,0,10,38,2,50,18,2,20,70
05/26/2018,SPI,IL,AGL,CE,Combined TRACON& Tower with Radar,2,8,23,0,33,0,0,12,0,12,2,8,35,0,45,22,0,22,67
05/27/2018,SPI,IL,AGL,CE,Combined TRACON& Tower with Radar,0,12,8,0,20,0,0,22,0,22,0,12,30,0,42,116,3,119,161
05/28/2018,SPI,IL,AGL,CE,Combined TRACON& Tower with Radar,0,10,19,0,29,0,0,33,0,33,0,10,52,0,62,10,1,11,73
05/29/2018,SPI,IL,AGL,CE,Combined TRACON& Tower with Radar,0,17,17,12,46,0,0,13,0,13,0,17,30,12,59,24,22,46,105
05/30/2018,SPI,IL,AGL,CE,Combined TRACON& Tower with Radar,2,11,9,2,24,0,0,11,0,11,2,11,20,2,35,8,0,8,43
05/31/2018,SPI,IL,AGL,CE,Combined TRACON& Tower with Radar,0,9,34,0,43,0,0,20,2,22,0,9,54,2,65,134,1,135,200
06/01/2018,SPI,IL,AGL,CE,Combined TRACON& Tower with Radar,0,12,31,9,52,0,4,32,3,39,0,16,63,12,91,48,0,48,139
06/02/2018,SPI,IL,AGL,CE,Combined TRACON& Tower with Radar,2,10,7,2,21,0,0,20,0,20,2,10,27,2,41,22,0,22,63
06/03/2018,SPI,IL,AGL,CE,Combined TRACON& Tower with Radar,0,14,25,6,45,0,0,24,2,26,0,14,49,8,71,16,6,22,93
06/04/2018,SPI,IL,AGL,CE,Combined TRACON& Tower with Radar,0,17,13,18,48,0,2,21,0,23,0,19,34,18,71,36,21,57,128
06/05/2018,SPI,IL,AGL,CE,Combined TRACON& Tower with Radar,0,12,11,12,35,0,0,24,1,25,0,12,35,13,60,142,0,142,202
06/06/2018,SPI,IL,AGL,CE,Combined TRACON& Tower with Radar,1,14,19,1,35,0,0,28,0,28,1,14,47,1,63,2,2,4,67
06/07/2018,SPI,IL,AGL,CE,Combined TRACON& Tower with Radar,0,12,17,0,29,0,0,16,2,18,0,12,33,2,47,10,3,13,60
06/08/2018,SPI,IL,AGL,CE,Combined TRACON& Tower with Radar,2,11,16,20,49,0,0,17,3,20,2,11,33,23,69,16,23,39,108
06/09/2018,SPI,IL,AGL,CE,Combined TRACON& Tower with Radar,2,8,13,13,36,0,0,10,0,10,2,8,23,13,46,0,13,13,59
06/10/2018,SPI,IL,AGL,CE,Combined TRACON& Tower with Radar,0,9,15,0,24,0,0,10,0,10,0,9,25,0,34,14,2,16,50
06/11/2018,SPI,IL,AGL,CE,Combined TRACON& Tower with Radar,0,12,18,17,47,0,0,10,0,10,0,12,28,17,57,18,38,56,113
06/12/2018,SPI,IL,AGL,CE,Combined TRACON& Tower with Radar,0,19,8,2,29,0,0,6,0,6,0,19,14,2,35,22,3,25,60
06/13/2018,SPI,IL,AGL,CE,Combined TRACON& Tower with Radar,0,10,10,5,25,0,0,17,0,17,0,10,27,5,42,30,0,30,72
06/14/2018,SPI,IL,AGL,CE,Combined TRACON& Tower with Radar,4,12,13,22,51,0,0,31,0,31,4,12,44,22,82,47,33,80,162
06/15/2018,SPI,IL,AGL,CE,Combined TRACON& Tower with Radar,0,11,14,5,30,0,1,30,3,34,0,12,44,8,64,43,7,50,114
06/16/2018,SPI,IL,AGL,CE,Combined TRACON& Tower with Radar,2,8,10,0,20,0,1,27,0,28,2,9,37,0,48,2,6,8,56
06/17/2018,SPI,IL,AGL,CE,Combined TRACON& Tower with Radar,0,9,10,0,19,0,0,22,0,22,0,9,32,0,41,20,0,20,61
06/18/2018,SPI,IL,AGL,CE,Combined TRACON& Tower with Radar,0,9,25,2,36,0,0,14,0,14,0,9,39,2,50,12,5,17,67
06/19/2018,SPI,IL,AGL,CE,Combined TRACON& Tower with Radar,1,10,20,2,33,0,1,13,0,14,1,11,33,2,47,14,1,15,62
06/20/2018,SPI,IL,AGL,CE,Combined TRACON& Tower with Radar,2,10,16,16,44,0,0,12,0,12,2,10,28,16,56,64,10,74,130
06/21/2018,SPI,IL,AGL,CE,Combined TRACON& Tower with Radar,0,13,12,4,29,0,0,1,0,1,0,13,13,4,30,10,8,18,48
06/22/2018,SPI,IL,AGL,CE,Combined TRACON& Tower with Radar,0,8,12,0,20,0,0,4,0,4,0,8,16,0,24,12,0,12,36
06/23/2018,SPI,IL,AGL,CE,Combined TRACON& Tower with Radar,2,8,7,0,17,0,0,12,0,12,2,8,19,0,29,174,2,176,205
06/24/2018,SPI,IL,AGL,CE,Combined TRACON& Tower with Radar,0,10,15,3,28,0,0,27,1,28,0,10,42,4,56,26,1,27,83
06/25/2018,SPI,IL,AGL,CE,Combined TRACON& Tower with Radar,0,16,16,9,41,0,0,19,0,19,0,16,35,9,60,40,7,47,107
06/26/2018,SPI,IL,AGL,CE,Combined TRACON& Tower with Radar,0,11,16,0,27,0,0,9,0,9,0,11,25,0,36,12,0,12,48
06/27/2018,SPI,IL,AGL,CE,Combined TRACON& Tower with Radar,2,13,34,4,53,0,1,30,2,33,2,14,64,6,86,166,0,166,252
06/28/2018,SPI,IL,AGL,CE,Combined TRACON& Tower with Radar,0,14,23,1,38,0,2,25,3,30,0,16,48,4,68,28,0,28,96
06/29/2018,SPI,IL,AGL,CE,Combined TRACON& Tower with Radar,0,9,17,16,42,0,1,21,1,23,0,10,38,17,65,50,6,56,121
06/30/2018,SPI,IL,AGL,CE,Combined TRACON& Tower with Radar,2,8,9,5,24,0,0,18,1,19,2,8,27,6,43,24,0,24,67
07/01/2018,SPI,IL,AGL,CE,Combined TRACON& Tower with Radar,0,9,32,2,43,0,0,20,0,20,0,9,52,2,63,16,12,28,91
07/02/2018,SPI,IL,AGL,CE,Combined TRACON& Tower with Radar,0,10,19,27,56,0,1,32,0,33,0,11,51,27,89,48,38,86,175
07/03/2018,SPI,IL,AGL,CE,Combined TRACON& Tower with Radar,0,12,11,2,25,0,2,5,2,9,0,14,16,4,34,30,3,33,67
07/04/2018,SPI,IL,AGL,CE,Combined TRACON& Tower with Radar,2,7,14,0,23,0,0,17,0,17,2,7,31,0,40,8,2,10,50
07/05/2018,SPI,IL,AGL,CE,Combined TRACON& Tower with Radar,2,7,9,2,20,0,0,8,2,10,2,7,17,4,30,28,2,30,60
07/06/2018,SPI,IL,AGL,CE,Combined TRACON& Tower with Radar,0,7,23,1,31,0,1,30,0,31,0,8,53,1,62,34,2,36,98
07/07/2018,SPI,IL,AGL,CE,Combined TRACON& Tower with Radar,2,8,9,0,19,0,1,34,2,37,2,9,43,2,56,58,5,63,119
07/08/2018,SPI,IL,AGL,CE,Combined TRACON& Tower with Radar,0,11,19,5,35,0,0,35,3,38,0,11,54,8,73,42,6,48,121
07/09/2018,SPI,IL,AGL,CE,Combined TRACON& Tower with Radar,4,13,20,13,50,0,1,21,2,24,4,14,41,15,74,38,15,53,127
07/10/2018,SPI,IL,AGL,CE,Combined TRACON& Tower with Radar,0,14,18,3,35,0,0,25,2,27,0,14,43,5,62,38,6,44,106
07/11/2018,SPI,IL,AGL,CE,Combined TRACON& Tower with Radar,2,12,7,2,23,0,0,32,13,45,2,12,39,15,68,90,4,94,162
07/12/2018,SPI,IL,AGL,CE,Combined TRACON& Tower with Radar,1,7,28,2,38,0,3,34,4,41,1,10,62,6,79,76,0,76,155
07/13/2018,SPI,IL,AGL,CE,Combined TRACON& Tower with Radar,1,12,25,22,60,0,0,26,3,29,1,12,51,25,89,32,24,56,145
07/14/2018,SPI,IL,AGL,CE,Combined TRACON& Tower with Radar,2,8,7,1,18,0,0,4,0,4,2,8,11,1,22,34,3,37,59
07/15/2018,SPI,IL,AGL,CE,Combined TRACON& Tower with Radar,0,11,13,0,24,0,0,13,0,13,0,11,26,0,37,34,3,37,74
07/16/2018,SPI,IL,AGL,CE,Combined TRACON& Tower with Radar,0,13,10,0,23,0,0,6,0,6,0,13,16,0,29,28,1,29,58
07/17/2018,SPI,IL,AGL,CE,Combined TRACON& Tower with Radar,0,16,22,0,38,0,2,41,7,50,0,18,63,7,88,20,5,25,113
07/18/2018,SPI,IL,AGL,CE,Combined TRACON& Tower with Radar,4,11,17,1,33,0,0,33,5,38,4,11,50,6,71,44,5,49,120
07/19/2018,SPI,IL,AGL,CE,Combined TRACON& Tower with Radar,0,10,18,1,29,0,0,22,2,24,0,10,40,3,53,34,14,48,101
07/20/2018,SPI,IL,AGL,CE,Combined TRACON& Tower with Radar,0,9,13,0,22,0,0,28,2,30,0,9,41,2,52,20,2,22,74
07/21/2018,SPI,IL,AGL,CE,Combined TRACON& Tower with Radar,2,8,11,0,21,0,0,8,1,9,2,8,19,1,30,42,2,44,74
07/22/2018,SPI,IL,AGL,CE,Combined TRACON& Tower with Radar,0,10,20,0,30,0,1,6,2,9,0,11,26,2,39,0,0,0,39
07/23/2018,SPI,IL,AGL,CE,Combined TRACON& Tower with Radar,0,12,22,12,46,0,1,25,0,26,0,13,47,12,72,25,6,31,103
07/24/2018,SPI,IL,AGL,CE,Combined TRACON& Tower with Radar,0,10,29,17,56,0,1,37,3,41,0,11,66,20,97,10,28,38,135
07/25/2018,SPI,IL,AGL,CE,Combined TRACON& Tower with Radar,2,22,33,0,57,0,5,48,1,54,2,27,81,1,111,11,2,13,124
07/26/2018,SPI,IL,AGL,CE,Combined TRACON& Tower with Radar,0,14,39,4,57,0,3,29,3,35,0,17,68,7,92,76,4,80,172
07/27/2018,SPI,IL,AGL,CE,Combined TRACON& Tower with Radar,0,9,28,9,46,0,1,43,1,45,0,10,71,10,91,26,14,40,131
07/28/2018,SPI,IL,AGL,CE,Combined TRACON& Tower with Radar,2,7,14,0,23,0,0,17,0,17,2,7,31,0,40,4,2,6,46
07/29/2018,SPI,IL,AGL,CE,Combined TRACON& Tower with Radar,0,8,3,0,11,0,0,9,2,11,0,8,12,2,22,0,0,0,22
07/30/2018,SPI,IL,AGL,CE,Combined TRACON& Tower with Radar,0,9,12,3,24,0,0,2,0,2,0,9,14,3,26,10,10,20,46
07/31/2018,SPI,IL,AGL,CE,Combined TRACON& Tower with Radar,0,13,6,4,23,0,0,11,0,11,0,13,17,4,34,12,7,19,53
08/01/2018,SPI,IL,AGL,CE,Combined TRACON& Tower with Radar,2,18,20,3,43,0,3,21,0,24,2,21,41,3,67,32,11,43,110
08/02/2018,SPI,IL,AGL,CE,Combined TRACON& Tower with Radar,0,14,10,13,37,0,1,18,0,19,0,15,28,13,56,26,15,41,97
08/03/2018,SPI,IL,AGL,CE,Combined TRACON& Tower with Radar,0,22,25,0,47,0,0,50,0,50,0,22,75,0,97,13,2,15,112
08/04/2018,SPI,IL,AGL,CE,Combined TRACON& Tower with Radar,2,14,10,1,27,0,0,36,0,36,2,14,46,1,63,40,2,42,105
08/05/2018,SPI,IL,AGL,CE,Combined TRACON& Tower with Radar,0,14,10,13,37,0,1,14,0,15,0,15,24,13,52,18,25,43,95
08/06/2018,SPI,IL,AGL,CE,Combined TRACON& Tower with Radar,0,9,9,2,20,0,0,6,0,6,0,9,15,2,26,56,0,56,82
08/07/2018,SPI,IL,AGL,CE,Combined TRACON& Tower with Radar,2,9,20,0,31,0,0,10,0,10,2,9,30,0,41,52,4,56,97
08/08/2018,SPI,IL,AGL,CE,Combined TRACON& Tower with Radar,2,9,26,4,41,0,0,28,0,28,2,9,54,4,69,10,0,10,79
08/09/2018,SPI,IL,AGL,CE,Combined TRACON& Tower with Radar,0,13,23,31,67,0,2,25,0,27,0,15,48,31,94,73,21,94,188
08/10/2018,SPI,IL,AGL,CE,Combined TRACON& Tower with Radar,0,12,12,0,24,0,0,21,0,21,0,12,33,0,45,22,1,23,68
08/11/2018,SPI,IL,AGL,CE,Combined TRACON& Tower with Radar,2,8,18,0,28,0,0,17,0,17,2,8,35,0,45,50,0,50,95
08/12/2018,SPI,IL,AGL,CE,Combined TRACON& Tower with Radar,0,14,19,0,33,0,0,21,0,21,0,14,40,0,54,32,2,34,88
08/13/2018,SPI,IL,AGL,CE,Combined TRACON& Tower with Radar,0,9,16,16,41,0,1,30,0,31,0,10,46,16,72,16,25,41,113
08/14/2018,SPI,IL,AGL,CE,Combined TRACON& Tower with Radar,0,12,11,15,38,0,2,24,0,26,0,14,35,15,64,74,28,102,166
08/15/2018,SPI,IL,AGL,CE,Combined TRACON& Tower with Radar,2,9,3,1,15,0,0,5,0,5,2,9,8,1,20,16,4,20,40
08/16/2018,SPI,IL,AGL,CE,Combined TRACON& Tower with Radar,0,9,26,0,35,0,0,12,2,14,0,9,38,2,49,18,1,19,68
08/17/2018,SPI,IL,AGL,CE,Combined TRACON& Tower with Radar,0,11,15,0,26,0,0,11,0,11,0,11,26,0,37,0,1,1,38
08/18/2018,SPI,IL,AGL,CE,Combined TRACON& Tower with Radar,2,8,51,2,63,0,0,23,0,23,2,8,74,2,86,27,1,28,114
08/19/2018,SPI,IL,AGL,CE,Combined TRACON& Tower with Radar,1,9,27,0,37,0,0,29,1,30,1,9,56,1,67,28,2,30,97
08/20/2018,SPI,IL,AGL,CE,Combined TRACON& Tower with Radar,0,13,13,0,26,0,0,4,0,4,0,13,17,0,30,9,0,9,39
08/21/2018,SPI,IL,AGL,CE,Combined TRACON& Tower with Radar,0,13,16,2,31,0,1,10,0,11,0,14,26,2,42,25,6,31,73
08/22/2018,SPI,IL,AGL,CE,Combined TRACON& Tower with Radar,2,14,16,8,40,0,0,28,0,28,2,14,44,8,68,70,31,101,169
08/23/2018,SPI,IL,AGL,CE,Combined TRACON& Tower with Radar,0,17,25,1,43,0,0,27,4,31,0,17,52,5,74,43,0,43,117
08/24/2018,SPI,IL,AGL,CE,Combined TRACON& Tower with Radar,0,10,17,0,27,0,0,3,0,3,0,10,20,0,30,1,1,2,32
08/25/2018,SPI,IL,AGL,CE,Combined TRACON& Tower with Radar,2,4,10,0,16,0,0,15,2,17,2,4,25,2,33,14,0,14,47
08/26/2018,SPI,IL,AGL,CE,Combined TRACON& Tower with Radar,2,10,19,11,42,0,0,41,0,41,2,10,60,11,83,16,2,18,101
08/27/2018,SPI,IL,AGL,CE,Combined TRACON& Tower with Radar,0,8,22,7,37,0,0,15,1,16,0,8,37,8,53,8,18,26,79
08/28/2018,SPI,IL,AGL,CE,Combined TRACON& Tower with Radar,0,10,18,4,32,0,0,9,1,10,0,10,27,5,42,41,3,44,86
08/29/2018,SPI,IL,AGL,CE,Combined TRACON& Tower with Radar,2,9,10,2,23,0,0,12,4,16,2,9,22,6,39,18,4,22,61
08/30/2018,SPI,IL,AGL,CE,Combined TRACON& Tower with Radar,0,9,25,26,60,0,1,34,1,36,0,10,59,27,96,68,48,116,212
08/31/2018,SPI,IL,AGL,CE,Combined TRACON& Tower with Radar,0,13,18,6,37,0,0,10,0,10,0,13,28,6,47,26,2,28,75
09/01/2018,SPI,IL,AGL,CE,Combined TRACON& Tower with Radar,2,7,8,0,17,0,0,18,0,18,2,7,26,0,35,36,4,40,75
09/02/2018,SPI,IL,AGL,CE,Combined TRACON& Tower with Radar,0,9,21,0,30,0,0,19,0,19,0,9,40,0,49,22,2,24,73
09/03/2018,SPI,IL,AGL,CE,Combined TRACON& Tower with Radar,0,10,11,0,21,0,0,18,0,18,0,10,29,0,39,28,2,30,69
09/04/2018,SPI,IL,AGL,CE,Combined TRACON& Tower with Radar,0,11,15,2,28,0,1,21,0,22,0,12,36,2,50,15,1,16,66
09/05/2018,SPI,IL,AGL,CE,Combined TRACON& Tower with Radar,2,11,21,0,34,0,2,15,1,18,2,13,36,1,52,44,5,49,101
09/06/2018,SPI,IL,AGL,CE,Combined TRACON& Tower with Radar,0,13,5,21,39,0,0,2,1,3,0,13,7,22,42,6,11,17,59
09/07/2018,SPI,IL,AGL,CE,Combined TRACON& Tower with Radar,0,10,8,0,18,0,0,0,0,0,0,10,8,0,18,0,0,0,18
09/08/2018,SPI,IL,AGL,CE,Combined TRACON& Tower with Radar,2,5,24,0,31,0,0,1,0,1,2,5,25,0,32,0,3,3,35
09/09/2018,SPI,IL,AGL,CE,Combined TRACON& Tower with Radar,0,9,14,0,23,0,0,13,0,13,0,9,27,0,36,0,3,3,39
09/10/2018,SPI,IL,AGL,CE,Combined TRACON& Tower with Radar,0,19,24,12,55,0,0,37,0,37,0,19,61,12,92,52,16,68,160
09/11/2018,SPI,IL,AGL,CE,Combined TRACON& Tower with Radar,0,17,20,15,52,0,1,46,3,50,0,18,66,18,102,4,13,17,119
09/12/2018,SPI,IL,AGL,CE,Combined TRACON& Tower with Radar,2,9,32,20,63,0,2,33,20,55,2,11,65,40,118,50,60,110,228
09/13/2018,SPI,IL,AGL,CE,Combined TRACON& Tower with Radar,0,17,16,12,45,0,0,21,4,25,0,17,37,16,70,36,34,70,140
09/14/2018,SPI,IL,AGL,CE,Combined TRACON& Tower with Radar,0,15,21,1,37,0,0,28,2,30,0,15,49,3,67,8,7,15,82
09/15/2018,SPI,IL,AGL,CE,Combined TRACON& Tower with Radar,2,12,15,38,67,0,2,22,0,24,2,14,37,38,91,32,7,39,130
09/16/2018,SPI,IL,AGL,CE,Combined TRACON& Tower with Radar,0,14,16,2,32,0,0,33,0,33,0,14,49,2,65,34,4,38,103
09/17/2018,SPI,IL,AGL,CE,Combined TRACON& Tower with Radar,0,16,31,16,63,0,1,18,0,19,0,17,49,16,82,14,18,32,114
09/18/2018,SPI,IL,AGL,CE,Combined TRACON& Tower with Radar,0,10,11,1,22,0,1,10,2,13,0,11,21,3,35,8,10,18,53
09/19/2018,SPI,IL,AGL,CE,Combined TRACON& Tower with Radar,2,10,19,2,33,0,1,18,2,21,2,11,37,4,54,24,2,26,80
09/20/2018,SPI,IL,AGL,CE,Combined TRACON& Tower with Radar,0,16,17,0,33,0,0,11,0,11,0,16,28,0,44,22,0,22,66
09/21/2018,SPI,IL,AGL,CE,Combined TRACON& Tower with Radar,0,12,38,4,54,0,1,13,1,15,0,13,51,5,69,24,9,33,102
09/22/2018,SPI,IL,AGL,CE,Combined TRACON& Tower with Radar,2,12,19,7,40,0,0,28,3,31,2,12,47,10,71,8,3,11,82
09/23/2018,SPI,IL,AGL,CE,Combined TRACON& Tower with Radar,0,16,23,2,41,0,0,23,0,23,0,16,46,2,64,7,8,15,79
09/24/2018,SPI,IL,AGL,CE,Combined TRACON& Tower with Radar,0,8,9,4,21,0,0,8,0,8,0,8,17,4,29,58,2,60,89
09/25/2018,SPI,IL,AGL,CE,Combined TRACON& Tower with Radar,2,11,10,18,41,0,1,15,0,16,2,12,25,18,57,14,15,29,86
09/26/2018,SPI,IL,AGL,CE,Combined TRACON& Tower with Radar,2,13,14,10,39,0,2,18,3,23,2,15,32,13,62,38,13,51,113
09/27/2018,SPI,IL,AGL,CE,Combined TRACON& Tower with Radar,0,15,20,0,35,0,0,24,2,26,0,15,44,2,61,10,8,18,79
09/28/2018,SPI,IL,AGL,CE,Combined TRACON& Tower with Radar,0,10,22,3,35,0,0,21,0,21,0,10,43,3,56,24,0,24,80
09/29/2018,SPI,IL,AGL,CE,Combined TRACON& Tower with Radar,2,8,36,0,46,0,1,36,0,37,2,9,72,0,83,34,2,36,119
09/30/2018,SPI,IL,AGL,CE,Combined TRACON& Tower with Radar,0,14,11,0,25,0,1,16,0,17,0,15,27,0,42,46,2,48,90
10/01/2018,SPI,IL,AGL,CE,Combined TRACON& Tower with Radar,0,15,24,0,39,0,0,22,3,25,0,15,46,3,64,42,18,60,124
10/02/2018,SPI,IL,AGL,CE,Combined TRACON& Tower with Radar,0,12,15,25,52,0,0,15,2,17,0,12,30,27,69,40,20,60,129
10/03/2018,SPI,IL,AGL,CE,Combined TRACON& Tower with Radar,2,10,14,4,30,0,2,7,2,11,2,12,21,6,41,0,12,12,53
10/04/2018,SPI,IL,AGL,CE,Combined TRACON& Tower with Radar,0,9,19,13,41,0,0,8,5,13,0,9,27,18,54,14,4,18,72
10/05/2018,SPI,IL,AGL,CE,Combined TRACON& Tower with Radar,1,10,18,0,29,0,1,3,0,4,1,11,21,0,33,16,2,18,51
10/06/2018,SPI,IL,AGL,CE,Combined TRACON& Tower with Radar,3,8,6,0,17,0,0,7,2,9,3,8,13,2,26,8,3,11,37
10/07/2018,SPI,IL,AGL,CE,Combined TRACON& Tower with Radar,0,11,5,0,16,0,0,0,0,0,0,11,5,0,16,0,0,0,16
10/08/2018,SPI,IL,AGL,CE,Combined TRACON& Tower with Radar,0,11,13,0,24,0,1,22,0,23,0,12,35,0,47,16,15,31,78
10/09/2018,SPI,IL,AGL,CE,Combined TRACON& Tower with Radar,0,11,14,4,29,0,1,12,1,14,0,12,26,5,43,40,9,49,92
10/10/2018,SPI,IL,AGL,CE,Combined TRACON& Tower with Radar,4,8,8,0,20,0,0,1,0,1,4,8,9,0,21,17,1,18,39
10/11/2018,SPI,IL,AGL,CE,Combined TRACON& Tower with Radar,0,18,24,2,44,0,2,20,9,31,0,20,44,11,75,18,11,29,104
10/12/2018,SPI,IL,AGL,CE,Combined TRACON& Tower with Radar,0,10,8,13,31,0,0,9,3,12,0,10,17,16,43,4,1,5,48
10/13/2018,SPI,IL,AGL,CE,Combined TRACON& Tower with Radar,2,6,18,0,26,0,0,16,1,17,2,6,34,1,43,12,1,13,56
10/14/2018,SPI,IL,AGL,CE,Combined TRACON& Tower with Radar,0,9,11,0,20,0,0,4,0,4,0,9,15,0,24,10,3,13,37
10/15/2018,SPI,IL,AGL,CE,Combined TRACON& Tower with Radar,0,13,10,6,29,0,0,4,1,5,0,13,14,7,34,4,3,7,41
10/16/2018,SPI,IL,AGL,CE,Combined TRACON& Tower with Radar,0,9,17,9,35,0,0,33,2,35,0,9,50,11,70,0,0,0,70
10/17/2018,SPI,IL,AGL,CE,Combined TRACON& Tower with Radar,2,11,17,2,32,0,0,11,0,11,2,11,28,2,43,44,14,58,101
10/18/2018,SPI,IL,AGL,CE,Combined TRACON& Tower with Radar,0,18,22,3,43,0,10,25,0,35,0,28,47,3,78,38,11,49,127
10/19/2018,SPI,IL,AGL,CE,Combined TRACON& Tower with Radar,0,12,23,9,44,0,0,13,1,14,0,12,36,10,58,14,0,14,72
10/20/2018,SPI,IL,AGL,CE,Combined TRACON& Tower with Radar,2,8,8,0,18,0,0,13,0,13,2,8,21,0,31,2,0,2,33
10/21/2018,SPI,IL,AGL,CE,Combined TRACON& Tower with Radar,1,10,25,2,38,0,1,31,0,32,1,11,56,2,70,24,4,28,98
10/22/2018,SPI,IL,AGL,CE,Combined TRACON& Tower with Radar,0,9,21,4,34,0,2,20,0,22,0,11,41,4,56,4,9,13,69
10/23/2018,SPI,IL,AGL,CE,Combined TRACON& Tower with Radar,0,13,17,0,30,0,2,17,0,19,0,15,34,0,49,66,4,70,119
10/24/2018,SPI,IL,AGL,CE,Combined TRACON& Tower with Radar,2,19,23,4,48,0,0,21,0,21,2,19,44,4,69,0,0,0,69
10/25/2018,SPI,IL,AGL,CE,Combined TRACON& Tower with Radar,0,15,26,13,54,0,5,11,0,16,0,20,37,13,70,50,10,60,130
10/26/2018,SPI,IL,AGL,CE,Combined TRACON& Tower with Radar,0,11,16,0,27,0,0,2,0,2,0,11,18,0,29,16,1,17,46
10/27/2018,SPI,IL,AGL,CE,Combined TRACON& Tower with Radar,2,5,8,0,15,0,1,21,0,22,2,6,29,0,37,22,1,23,60
10/28/2018,SPI,IL,AGL,CE,Combined TRACON& Tower with Radar,0,8,4,0,12,0,0,7,0,7,0,8,11,0,19,0,2,2,21
10/29/2018,SPI,IL,AGL,CE,Combined TRACON& Tower with Radar,0,9,19,2,30,0,2,29,3,34,0,11,48,5,64,20,2,22,86
10/30/2018,SPI,IL,AGL,CE,Combined TRACON& Tower with Radar,1,13,14,14,42,0,1,12,0,13,1,14,26,14,55,50,15,65,120
10/31/2018,SPI,IL,AGL,CE,Combined TRACON& Tower with Radar,2,10,15,13,40,0,0,9,0,9,2,10,24,13,49,16,44,60,109
11/01/2018,SPI,IL,AGL,CE,Combined TRACON& Tower with Radar,0,8,18,12,38,0,1,0,1,2,0,9,18,13,40,0,20,20,60
11/02/2018,SPI,IL,AGL,CE,Combined TRACON& Tower with Radar,0,18,22,15,55,0,0,15,4,19,0,18,37,19,74,0,17,17,91
11/03/2018,SPI,IL,AGL,CE,Combined TRACON& Tower with Radar,2,6,16,4,28,0,1,9,0,10,2,7,25,4,38,18,4,22,60
11/04/2018,SPI,IL,AGL,CE,Combined TRACON& Tower with Radar,0,10,9,0,19,0,0,0,0,0,0,10,9,0,19,0,1,1,20
11/05/2018,SPI,IL,AGL,CE,Combined TRACON& Tower with Radar,0,13,8,10,31,0,3,4,1,8,0,16,12,11,39,0,8,8,47
11/06/2018,SPI,IL,AGL,CE,Combined TRACON& Tower with Radar,0,7,14,0,21,0,0,10,0,10,0,7,24,0,31,24,2,26,57
11/07/2018,SPI,IL,AGL,CE,Combined TRACON& Tower with Radar,2,14,20,13,49,0,1,24,1,26,2,15,44,14,75,26,23,49,124
11/08/2018,SPI,IL,AGL,CE,Combined TRACON& Tower with Radar,0,16,17,0,33,0,0,9,2,11,0,16,26,2,44,12,3,15,59
11/09/2018,SPI,IL,AGL,CE,Combined TRACON& Tower with Radar,0,17,10,4,31,0,0,1,0,1,0,17,11,4,32,0,6,6,38
11/10/2018,SPI,IL,AGL,CE,Combined TRACON& Tower with Radar,2,5,16,0,23,0,2,20,0,22,2,7,36,0,45,8,2,10,55
11/11/2018,SPI,IL,AGL,CE,Combined TRACON& Tower with Radar,0,11,11,0,22,0,3,19,0,22,0,14,30,0,44,16,0,16,60
11/12/2018,SPI,IL,AGL,CE,Combined TRACON& Tower with Radar,0,8,6,0,14,0,0,0,0,0,0,8,6,0,14,0,0,0,14
11/13/2018,SPI,IL,AGL,CE,Combined TRACON& Tower with Radar,0,10,5,20,35,0,0,17,0,17,0,10,22,20,52,53,19,72,124
11/14/2018,SPI,IL,AGL,CE,Combined TRACON& Tower with Radar,2,14,17,12,45,0,0,17,1,18,2,14,34,13,63,36,4,40,103
11/15/2018,SPI,IL,AGL,CE,Combined TRACON& Tower with Radar,0,7,3,0,10,0,0,0,0,0,0,7,3,0,10,0,1,1,11
11/16/2018,SPI,IL,AGL,CE,Combined TRACON& Tower with Radar,0,17,10,2,29,0,0,9,0,9,0,17,19,2,38,10,6,16,54
11/17/2018,SPI,IL,AGL,CE,Combined TRACON& Tower with Radar,4,5,7,0,16,0,0,0,0,0,4,5,7,0,16,20,0,20,36
11/18/2018,SPI,IL,AGL,CE,Combined TRACON& Tower with Radar,0,13,9,0,22,0,0,0,0,0,0,13,9,0,22,0,0,0,22
11/19/2018,SPI,IL,AGL,CE,Combined TRACON& Tower with Radar,0,12,13,24,49,0,0,5,0,5,0,12,18,24,54,30,0,30,84
11/20/2018,SPI,IL,AGL,CE,Combined TRACON& Tower with Radar,2,20,14,0,36,0,0,21,4,25,2,20,35,4,61,26,4,30,91
11/21/2018,SPI,IL,AGL,CE,Combined TRACON& Tower with Radar,1,14,12,12,39,0,3,39,0,42,1,17,51,12,81,26,14,40,121
11/22/2018,SPI,IL,AGL,CE,Combined TRACON& Tower with Radar,1,10,4,0,15,0,0,27,0,27,1,10,31,0,42,2,1,3,45
11/23/2018,SPI,IL,AGL,CE,Combined TRACON& Tower with Radar,0,9,3,0,12,0,0,6,0,6,0,9,9,0,18,14,3,17,35
11/24/2018,SPI,IL,AGL,CE,Combined TRACON& Tower with Radar,2,8,16,0,26,0,1,27,2,30,2,9,43,2,56,72,4,76,132
11/25/2018,SPI,IL,AGL,CE,Combined TRACON& Tower with Radar,0,10,4,0,14,0,0,3,0,3,0,10,7,0,17,0,1,1,18
11/26/2018,SPI,IL,AGL,CE,Combined TRACON& Tower with Radar,2,4,5,6,17,0,0,1,2,3,2,4,6,8,20,0,5,5,25
11/27/2018,SPI,IL,AGL,CE,Combined TRACON& Tower with Radar,0,10,10,4,24,0,1,8,1,10,0,11,18,5,34,22,1,23,57
11/28/2018,SPI,IL,AGL,CE,Combined TRACON& Tower with Radar,2,13,15,3,33,0,1,15,0,16,2,14,30,3,49,14,1,15,64
11/29/2018,SPI,IL,AGL,CE,Combined TRACON& Tower with Radar,0,10,19,5,34,0,8,13,0,21,0,18,32,5,55,12,3,15,70
11/30/2018,SPI,IL,AGL,CE,Combined TRACON& Tower with Radar,0,13,14,5,32,0,0,14,1,15,0,13,28,6,47,3,7,10,57
12/01/2018,SPI,IL,AGL,CE,Combined TRACON& Tower with Radar,2,8,8,0,18,0,0,2,0,2,2,8,10,0,20,12,3,15,35
12/02/2018,SPI,IL,AGL,CE,Combined TRACON& Tower with Radar,0,7,4,2,13,0,0,4,0,4,0,7,8,2,17,10,6,16,33
12/03/2018,SPI,IL,AGL,CE,Combined TRACON& Tower with Radar,0,9,6,20,35,0,0,2,1,3,0,9,8,21,38,0,25,25,63
12/04/2018,SPI,IL,AGL,CE,Combined TRACON& Tower with Radar,0,13,6,4,23,0,0,3,0,3,0,13,9,4,26,0,1,1,27
12/05/2018,SPI,IL,AGL,CE,Combined TRACON& Tower with Radar,2,13,29,0,44,0,0,33,0,33,2,13,62,0,77,37,5,42,119
12/06/2018,SPI,IL,AGL,CE,Combined TRACON& Tower with Radar,0,8,9,0,17,0,0,1,0,1,0,8,10,0,18,6,0,6,24
12/07/2018,SPI,IL,AGL,CE,Combined TRACON& Tower with Radar,0,10,38,40,88,0,0,20,3,23,0,10,58,43,111,20,41,61,172
12/08/2018,SPI,IL,AGL,CE,Combined TRACON& Tower with Radar,2,6,12,0,20,0,3,14,0,17,2,9,26,0,37,18,7,25,62
12/09/2018,SPI,IL,AGL,CE,Combined TRACON& Tower with Radar,0,10,17,0,27,0,0,18,0,18,0,10,35,0,45,0,0,0,45
12/10/2018,SPI,IL,AGL,CE,Combined TRACON& Tower with Radar,0,11,13,8,32,0,0,8,0,8,0,11,21,8,40,2,10,12,52
12/11/2018,SPI,IL,AGL,CE,Combined TRACON& Tower with Radar,0,11,15,11,37,0,0,26,0,26,0,11,41,11,63,2,22,24,87
12/12/2018,SPI,IL,AGL,CE,Combined TRACON& Tower with Radar,2,10,20,1,33,0,0,10,11,21,2,10,30,12,54,0,0,0,54
12/13/2018,SPI,IL,AGL,CE,Combined TRACON& Tower with Radar,0,11,11,12,34,0,0,0,0,0,0,11,11,12,34,0,6,6,40
12/14/2018,SPI,IL,AGL,CE,Combined TRACON& Tower with Radar,0,9,19,0,28,0,0,0,0,0,0,9,19,0,28,0,0,0,28
12/15/2018,SPI,IL,AGL,CE,Combined TRACON& Tower with Radar,2,10,11,7,30,0,0,28,0,28,2,10,39,7,58,36,7,43,101
12/16/2018,SPI,IL,AGL,CE,Combined TRACON& Tower with Radar,0,11,18,0,29,0,0,29,0,29,0,11,47,0,58,24,10,34,92
12/17/2018,SPI,IL,AGL,CE,Combined TRACON& Tower with Radar,0,9,24,12,45,0,1,22,0,23,0,10,46,12,68,0,4,4,72
12/18/2018,SPI,IL,AGL,CE,Combined TRACON& Tower with Radar,0,18,21,12,51,0,0,22,0,22,0,18,43,12,73,24,22,46,119
12/19/2018,SPI,IL,AGL,CE,Combined TRACON& Tower with Radar,2,8,23,8,41,0,4,18,1,23,2,12,41,9,64,16,2,18,82
12/20/2018,SPI,IL,AGL,CE,Combined TRACON& Tower with Radar,0,12,23,0,35,0,0,0,0,0,0,12,23,0,35,0,1,1,36
12/21/2018,SPI,IL,AGL,CE,Combined TRACON& Tower with Radar,0,11,10,2,23,0,0,4,0,4,0,11,14,2,27,20,0,20,47
12/22/2018,SPI,IL,AGL,CE,Combined TRACON& Tower with Radar,2,7,16,0,25,0,2,33,0,35,2,9,49,0,60,46,14,60,120
12/23/2018,SPI,IL,AGL,CE,Combined TRACON& Tower with Radar,0,9,14,0,23,0,1,9,0,10,0,10,23,0,33,10,3,13,46
12/24/2018,SPI,IL,AGL,CE,Combined TRACON& Tower with Radar,0,12,13,0,25,0,0,9,0,9,0,12,22,0,34,12,0,12,46
12/25/2018,SPI,IL,AGL,CE,Combined TRACON& Tower with Radar,0,5,1,0,6,0,1,4,0,5,0,6,5,0,11,6,5,11,22
12/26/2018,SPI,IL,AGL,CE,Combined TRACON& Tower with Radar,2,9,13,0,24,0,0,8,0,8,2,9,21,0,32,24,3,27,59
12/27/2018,SPI,IL,AGL,CE,Combined TRACON& Tower with Radar,0,11,6,0,17,0,0,0,0,0,0,11,6,0,17,0,2,2,19
12/28/2018,SPI,IL,AGL,CE,Combined TRACON& Tower with Radar,0,10,6,0,16,0,1,0,0,1,0,11,6,0,17,0,9,9,26
12/29/2018,SPI,IL,AGL,CE,Combined TRACON& Tower with Radar,2,7,13,0,22,0,1,0,0,1,2,8,13,0,23,0,1,1,24
12/30/2018,SPI,IL,AGL,CE,Combined TRACON& Tower with Radar,0,9,10,0,19,0,1,18,0,19,0,10,28,0,38,18,2,20,58
12/31/2018,SPI,IL,AGL,CE,Combined TRACON& Tower with Radar,0,8,3,0,11,0,0,0,0,0,0,8,3,0,11,0,0,0,11
01/01/2019,SPI,IL,AGL,CE,Combined TRACON& Tower with Radar,0,6,0,0,6,0,0,0,0,0,0,6,0,0,6,0,0,0,6
01/02/2019,SPI,IL,AGL,CE,Combined TRACON& Tower with Radar,2,11,2,2,17,0,0,1,1,2,2,11,3,3,19,10,2,12,31
01/03/2019,SPI,IL,AGL,CE,Combined TRACON& Tower with Radar,0,11,7,18,36,0,1,14,0,15,0,12,21,18,51,54,25,79,130
01/04/2019,SPI,IL,AGL,CE,Combined TRACON& Tower with Radar,0,9,26,14,49,0,0,24,0,24,0,9,50,14,73,38,22,60,133
01/05/2019,SPI,IL,AGL,CE,Combined TRACON& Tower with Radar,2,8,24,0,34,0,0,30,0,30,2,8,54,0,64,40,4,44,108
01/06/2019,SPI,IL,AGL,CE,Combined TRACON& Tower with Radar,0,11,14,2,27,0,0,20,0,20,0,11,34,2,47,0,0,0,47
01/07/2019,SPI,IL,AGL,CE,Combined TRACON& Tower with Radar,0,7,8,0,15,0,0,3,0,3,0,7,11,0,18,2,6,8,26
01/08/2019,SPI,IL,AGL,CE,Combined TRACON& Tower with Radar,0,6,11,0,17,0,2,4,0,6,0,8,15,0,23,4,8,12,35
01/09/2019,SPI,IL,AGL,CE,Combined TRACON& Tower with Radar,2,14,13,3,32,0,0,4,0,4,2,14,17,3,36,13,1,14,50
01/10/2019,SPI,IL,AGL,CE,Combined TRACON& Tower with Radar,0,9,29,2,40,0,0,24,0,24,0,9,53,2,64,36,4,40,104
01/11/2019,SPI,IL,AGL,CE,Combined TRACON& Tower with Radar,2,9,9,13,33,0,1,14,1,16,2,10,23,14,49,26,29,55,104
01/12/2019,SPI,IL,AGL,CE,Combined TRACON& Tower with Radar,2,1,0,0,3,0,0,0,0,0,2,1,0,0,3,0,0,0,3
01/13/2019,SPI,IL,AGL,CE,Combined TRACON& Tower with Radar,0,15,10,0,25,0,0,0,0,0,0,15,10,0,25,0,2,2,27
01/14/2019,SPI,IL,AGL,CE,Combined TRACON& Tower with Radar,0,24,16,0,40,0,0,0,0,0,0,24,16,0,40,0,4,4,44
01/15/2019,SPI,IL,AGL,CE,Combined TRACON& Tower with Radar,0,14,19,0,33,0,0,0,0,0,0,14,19,0,33,0,0,0,33
01/16/2019,SPI,IL,AGL,CE,Combined TRACON& Tower with Radar,2,5,8,7,22,0,0,0,0,0,2,5,8,7,22,0,2,2,24
01/17/2019,SPI,IL,AGL,CE,Combined TRACON& Tower with Radar,2,9,2,0,13,0,0,0,0,0,2,9,2,0,13,0,0,0,13
01/18/2019,SPI,IL,AGL,CE,Combined TRACON& Tower with Radar,0,6,7,0,13,0,0,0,0,0,0,6,7,0,13,0,6,6,19
01/19/2019,SPI,IL,AGL,CE,Combined TRACON& Tower with Radar,2,4,0,0,6,0,0,1,0,1,2,4,1,0,7,0,1,1,8
01/20/2019,SPI,IL,AGL,CE,Combined TRACON& Tower with Radar,0,6,3,0,9,0,0,6,0,6,0,6,9,0,15,0,6,6,21
01/21/2019,SPI,IL,AGL,CE,Combined TRACON& Tower with Radar,0,8,16,0,24,0,0,5,0,5,0,8,21,0,29,4,1,5,34
01/22/2019,SPI,IL,AGL,CE,Combined TRACON& Tower with Radar,0,1,7,0,8,0,0,0,0,0,0,1,7,0,8,1,1,2,10
01/23/2019,SPI,IL,AGL,CE,Combined TRACON& Tower with Radar,2,11,12,2,27,0,0,0,0,0,2,11,12,2,27,0,0,0,27
01/24/2019,SPI,IL,AGL,CE,Combined TRACON& Tower with Radar,0,9,14,0,23,0,0,2,0,2,0,9,16,0,25,13,0,13,38
01/25/2019,SPI,IL,AGL,CE,Combined TRACON& Tower with Radar,0,8,10,0,18,0,0,11,0,11,0,8,21,0,29,0,1,1,30
01/26/2019,SPI,IL,AGL,CE,Combined TRACON& Tower with Radar,2,6,4,0,12,0,0,6,0,6,2,6,10,0,18,10,6,16,34
01/27/2019,SPI,IL,AGL,CE,Combined TRACON& Tower with Radar,0,8,13,0,21,0,0,24,0,24,0,8,37,0,45,26,1,27,72
01/28/2019,SPI,IL,AGL,CE,Combined TRACON& Tower with Radar,0,7,4,0,11,0,0,1,0,1,0,7,5,0,12,0,0,0,12
01/29/2019,SPI,IL,AGL,CE,Combined TRACON& Tower with Radar,0,4,5,0,9,0,0,2,1,3,0,4,7,1,12,0,0,0,12
01/30/2019,SPI,IL,AGL,CE,Combined TRACON& Tower with Radar,2,4,9,0,15,0,2,3,0,5,2,6,12,0,20,0,2,2,22
01/31/2019,SPI,IL,AGL,CE,Combined TRACON& Tower with Radar,0,6,14,14,34,0,0,5,0,5,0,6,19,14,39,2,23,25,64
02/01/2019,SPI,IL,AGL,CE,Combined TRACON& Tower with Radar,0,8,21,0,29,0,0,40,3,43,0,8,61,3,72,6,4,10,82
02/02/2019,SPI,IL,AGL,CE,Combined TRACON& Tower with Radar,2,9,8,0,19,0,0,13,0,13,2,9,21,0,32,14,2,16,48
02/03/2019,SPI,IL,AGL,CE,Combined TRACON& Tower with Radar,0,9,3,0,12,0,0,22,0,22,0,9,25,0,34,70,0,70,104
02/04/2019,SPI,IL,AGL,CE,Combined TRACON& Tower with Radar,0,10,11,0,21,0,0,0,0,0,0,10,11,0,21,0,0,0,21
02/05/2019,SPI,IL,AGL,CE,Combined TRACON& Tower with Radar,0,5,13,2,20,0,0,0,0,0,0,5,13,2,20,0,1,1,21
02/06/2019,SPI,IL,AGL,CE,Combined TRACON& Tower with Radar,4,8,7,2,21,0,0,0,0,0,4,8,7,2,21,6,0,6,27
02/07/2019,SPI,IL,AGL,CE,Combined TRACON& Tower with Radar,0,5,8,0,13,0,0,0,0,0,0,5,8,0,13,0,0,0,13
02/08/2019,SPI,IL,AGL,CE,Combined TRACON& Tower with Radar,0,11,13,22,46,0,0,12,0,12,0,11,25,22,58,16,34,50,108
02/09/2019,SPI,IL,AGL,CE,Combined TRACON& Tower with Radar,2,8,23,8,41,0,0,31,0,31,2,8,54,8,72,22,27,49,121
02/10/2019,SPI,IL,AGL,CE,Combined TRACON& Tower with Radar,0,5,3,0,8,0,0,0,0,0,0,5,3,0,8,0,1,1,9
02/11/2019,SPI,IL,AGL,CE,Combined TRACON& Tower with Radar,2,5,8,0,15,0,0,0,0,0,2,5,8,0,15,0,0,0,15
02/12/2019,SPI,IL,AGL,CE,Combined TRACON& Tower with Radar,0,5,6,2,13,0,0,0,0,0,0,5,6,2,13,0,1,1,14
02/13/2019,SPI,IL,AGL,CE,Combined TRACON& Tower with Radar,2,8,29,10,49,0,1,30,0,31,2,9,59,10,80,44,22,66,146
02/14/2019,SPI,IL,AGL,CE,Combined TRACON& Tower with Radar,0,5,21,2,28,0,1,9,2,12,0,6,30,4,40,0,4,4,44
02/15/2019,SPI,IL,AGL,CE,Combined TRACON& Tower with Radar,4,10,7,17,38,0,0,8,0,8,4,10,15,17,46,0,21,21,67
02/16/2019,SPI,IL,AGL,CE,Combined TRACON& Tower with Radar,0,5,18,5,28,0,0,22,0,22,0,5,40,5,50,18,10,28,78
02/17/2019,SPI,IL,AGL,CE,Combined TRACON& Tower with Radar,0,7,4,6,17,0,0,0,0,0,0,7,4,6,17,0,0,0,17
02/18/2019,SPI,IL,AGL,CE,Combined TRACON& Tower with Radar,2,8,14,2,26,0,0,12,0,12,2,8,26,2,38,0,7,7,45
02/19/2019,SPI,IL,AGL,CE,Combined TRACON& Tower with Radar,0,9,17,10,36,0,0,10,0,10,0,9,27,10,46,18,0,18,64
02/20/2019,SPI,IL,AGL,CE,Combined TRACON& Tower with Radar,2,10,8,2,22,0,0,1,0,1,2,10,9,2,23,10,2,12,35
02/21/2019,SPI,IL,AGL,CE,Combined TRACON& Tower with Radar,0,21,18,24,63,0,1,22,0,23,0,22,40,24,86,28,29,57,143
02/22/2019,SPI,IL,AGL,CE,Combined TRACON& Tower with Radar,2,14,16,4,36,0,1,22,0,23,2,15,38,4,59,0,0,0,59
02/23/2019,SPI,IL,AGL,CE,Combined TRACON& Tower with Radar,0,4,10,0,14,0,0,0,0,0,0,4,10,0,14,0,0,0,14
02/24/2019,SPI,IL,AGL,CE,Combined TRACON& Tower with Radar,0,9,1,2,12,0,0,3,0,3,0,9,4,2,15,0,3,3,18
02/25/2019,SPI,IL,AGL,CE,Combined TRACON& Tower with Radar,2,12,10,8,32,0,4,14,1,19,2,16,24,9,51,8,6,14,65
02/26/2019,SPI,IL,AGL,CE,Combined TRACON& Tower with Radar,0,19,18,8,45,0,4,19,2,25,0,23,37,10,70,8,7,15,85
02/27/2019,SPI,IL,AGL,CE,Combined TRACON& Tower with Radar,2,6,4,25,37,0,0,2,1,3,2,6,6,26,40,24,6,30,70
02/28/2019,SPI,IL,AGL,CE,Combined TRACON& Tower with Radar,0,12,8,5,25,0,0,11,5,16,0,12,19,10,41,6,2,8,49
03/01/2019,SPI,IL,AGL,CE,Combined TRACON& Tower with Radar,2,9,19,15,45,0,0,21,0,21,2,9,40,15,66,48,26,74,140
03/02/2019,SPI,IL,AGL,CE,Combined TRACON& Tower with Radar,2,14,18,1,35,0,1,14,0,15,2,15,32,1,50,10,4,14,64
03/03/2019,SPI,IL,AGL,CE,Combined TRACON& Tower with Radar,0,8,2,0,10,0,0,2,0,2,0,8,4,0,12,0,3,3,15
03/04/2019,SPI,IL,AGL,CE,Combined TRACON& Tower with Radar,2,9,7,12,30,0,0,4,0,4,2,9,11,12,34,2,19,21,55
03/05/2019,SPI,IL,AGL,CE,Combined TRACON& Tower with Radar,0,19,12,0,31,0,2,11,0,13,0,21,23,0,44,0,4,4,48
03/06/2019,SPI,IL,AGL,CE,Combined TRACON& Tower with Radar,2,10,19,14,45,0,1,3,0,4,2,11,22,14,49,14,1,15,64
03/07/2019,SPI,IL,AGL,CE,Combined TRACON& Tower with Radar,0,15,9,0,24,0,0,0,0,0,0,15,9,0,24,0,1,1,25
03/08/2019,SPI,IL,AGL,CE,Combined TRACON& Tower with Radar,2,9,11,0,22,0,0,6,0,6,2,9,17,0,28,0,0,0,28
03/09/2019,SPI,IL,AGL,CE,Combined TRACON& Tower with Radar,5,14,5,8,32,0,0,6,0,6,5,14,11,8,38,0,1,1,39
03/10/2019,SPI,IL,AGL,CE,Combined TRACON& Tower with Radar,0,8,15,2,25,0,0,11,0,11,0,8,26,2,36,54,4,58,94
03/11/2019,SPI,IL,AGL,CE,Combined TRACON& Tower with Radar,2,15,23,22,62,0,1,29,4,34,2,16,52,26,96,36,29,65,161
03/12/2019,SPI,IL,AGL,CE,Combined TRACON& Tower with Radar,0,21,20,13,54,0,7,13,1,21,0,28,33,14,75,4,9,13,88
03/13/2019,SPI,IL,AGL,CE,Combined TRACON& Tower with Radar,2,8,17,6,33,0,1,0,0,1,2,9,17,6,34,0,6,6,40
03/14/2019,SPI,IL,AGL,CE,Combined TRACON& Tower with Radar,0,6,5,0,11,0,0,0,0,0,0,6,5,0,11,0,1,1,12
03/15/2019,SPI,IL,AGL,CE,Combined TRACON& Tower with Radar,2,9,18,0,29,0,1,8,0,9,2,10,26,0,38,12,5,17,55
03/16/2019,SPI,IL,AGL,CE,Combined TRACON& Tower with Radar,2,7,10,1,20,0,1,33,1,35,2,8,43,2,55,8,7,15,70
03/17/2019,SPI,IL,AGL,CE,Combined TRACON& Tower with Radar,0,8,11,2,21,0,0,11,0,11,0,8,22,2,32,20,2,22,54
03/18/2019,SPI,IL,AGL,CE,Combined TRACON& Tower with Radar,2,14,15,0,31,0,5,18,0,23,2,19,33,0,54,20,0,20,74
03/19/2019,SPI,IL,AGL,CE,Combined TRACON& Tower with Radar,0,21,17,1,39,0,4,10,1,15,0,25,27,2,54,16,2,18,72
03/20/2019,SPI,IL,AGL,CE,Combined TRACON& Tower with Radar,2,23,16,0,41,0,0,7,0,7,2,23,23,0,48,0,3,3,51
03/21/2019,SPI,IL,AGL,CE,Combined TRACON& Tower with Radar,0,11,21,3,35,0,0,20,1,21,0,11,41,4,56,22,18,40,96
03/22/2019,SPI,IL,AGL,CE,Combined TRACON& Tower with Radar,2,19,13,8,42,0,3,27,0,30,2,22,40,8,72,22,24,46,118
03/23/2019,SPI,IL,AGL,CE,Combined TRACON& Tower with Radar,2,15,7,0,24,0,4,24,0,28,2,19,31,0,52,24,2,26,78
03/24/2019,SPI,IL,AGL,CE,Combined TRACON& Tower with Radar,0,11,7,0,18,0,1,2,0,3,0,12,9,0,21,4,5,9,30
03/25/2019,SPI,IL,AGL,CE,Combined TRACON& Tower with Radar,2,8,10,13,33,0,0,6,3,9,2,8,16,16,42,15,6,21,63
03/26/2019,SPI,IL,AGL,CE,Combined TRACON& Tower with Radar,0,16,22,4,42,0,3,31,3,37,0,19,53,7,79,46,0,46,125
03/27/2019,SPI,IL,AGL,CE,Combined TRACON& Tower with Radar,2,16,24,12,54,0,10,24,0,34,2,26,48,12,88,41,3,44,132
03/28/2019,SPI,IL,AGL,CE,Combined TRACON& Tower with Radar,0,8,11,2,21,0,1,9,2,12,0,9,20,4,33,2,4,6,39
03/29/2019,SPI,IL,AGL,CE,Combined TRACON& Tower with Radar,2,12,14,4,32,0,0,1,0,1,2,12,15,4,33,0,0,0,33
03/30/2019,SPI,IL,AGL,CE,Combined TRACON& Tower with Radar,4,6,7,0,17,0,0,5,0,5,4,6,12,0,22,0,1,1,23
03/31/2019,SPI,IL,AGL,CE,Combined TRACON& Tower with Radar,0,14,17,0,31,0,0,29,0,29,0,14,46,0,60,4,6,10,70
04/01/2019,SPI,IL,AGL,CE,Combined TRACON& Tower with Radar,2,11,15,9,37,0,3,13,0,16,2,14,28,9,53,8,16,24,77
04/02/2019,SPI,IL,AGL,CE,Combined TRACON& Tower with Radar,2,13,12,0,27,0,2,6,2,10,2,15,18,2,37,30,3,33,70
04/03/2019,SPI,IL,AGL,CE,Combined TRACON& Tower with Radar,4,17,15,6,42,0,10,8,12,30,4,27,23,18,72,20,0,20,92
04/04/2019,SPI,IL,AGL,CE,Combined TRACON& Tower with Radar,0,17,9,10,36,0,0,2,2,4,0,17,11,12,40,0,10,10,50
04/05/2019,SPI,IL,AGL,CE,Combined TRACON& Tower with Radar,2,12,21,4,39,0,1,4,0,5,2,13,25,4,44,18,0,18,62
04/06/2019,SPI,IL,AGL,CE,Combined TRACON& Tower with Radar,2,6,27,0,35,0,0,14,0,14,2,6,41,0,49,2,5,7,56
04/07/2019,SPI,IL,AGL,CE,Combined TRACON& Tower with Radar,0,7,21,12,40,0,0,6,1,7,0,7,27,13,47,8,8,16,63
04/08/2019,SPI,IL,AGL,CE,Combined TRACON& Tower with Radar,2,19,14,15,50,0,4,10,0,14,2,23,24,15,64,32,25,57,121
04/09/2019,SPI,IL,AGL,CE,Combined TRACON& Tower with Radar,0,18,21,2,41,0,3,24,3,30,0,21,45,5,71,12,0,12,83
04/10/2019,SPI,IL,AGL,CE,Combined TRACON& Tower with Radar,2,16,12,20,50,0,0,10,0,10,2,16,22,20,60,26,12,38,98
04/11/2019,SPI,IL,AGL,CE,Combined TRACON& Tower with Radar,0,9,8,2,19,0,1,3,2,6,0,10,11,4,25,8,7,15,40
04/12/2019,SPI,IL,AGL,CE,Combined TRACON& Tower with Radar,0,12,12,0,24,0,2,7,0,9,0,14,19,0,33,6,5,11,44
04/13/2019,SPI,IL,AGL,CE,Combined TRACON& Tower with Radar,4,8,21,0,33,0,0,23,0,23,4,8,44,0,56,70,4,74,130
04/14/2019,SPI,IL,AGL,CE,Combined TRACON& Tower with Radar,0,7,1,0,8,0,0,1,0,1,0,7,2,0,9,0,1,1,10
04/15/2019,SPI,IL,AGL,CE,Combined TRACON& Tower with Radar,0,15,21,0,36,0,2,17,0,19,0,17,38,0,55,32,8,40,95
04/16/2019,SPI,IL,AGL,CE,Combined TRACON& Tower with Radar,0,11,21,0,32,0,0,15,1,16,0,11,36,1,48,16,2,18,66
04/17/2019,SPI,IL,AGL,CE,Combined TRACON& Tower with Radar,4,9,20,0,33,0,0,9,2,11,4,9,29,2,44,10,0,10,54
04/18/2019,SPI,IL,AGL,CE,Combined TRACON& Tower with Radar,0,8,14,0,22,0,0,0,0,0,0,8,14,0,22,0,9,9,31
04/19/2019,SPI,IL,AGL,CE,Combined TRACON& Tower with Radar,0,8,5,6,19,0,0,3,1,4,0,8,8,7,23,0,8,8,31
04/20/2019,SPI,IL,AGL,CE,Combined TRACON& Tower with Radar,2,9,14,10,35,0,0,12,0,12,2,9,26,10,47,14,16,30,77
04/21/2019,SPI,IL,AGL,CE,Combined TRACON& Tower with Radar,2,6,12,1,21,0,0,14,0,14,2,6,26,1,35,4,8,12,47
04/22/2019,SPI,IL,AGL,CE,Combined TRACON& Tower with Radar,0,8,24,0,32,0,0,14,0,14,0,8,38,0,46,24,1,25,71
04/23/2019,SPI,IL,AGL,CE,Combined TRACON& Tower with Radar,0,7,14,0,21,0,1,5,0,6,0,8,19,0,27,32,7,39,66
04/24/2019,SPI,IL,AGL,CE,Combined TRACON& Tower with Radar,2,13,24,0,39,0,0,2,2,4,2,13,26,2,43,0,2,2,45
04/25/2019,SPI,IL,AGL,CE,Combined TRACON& Tower with Radar,0,16,9,13,38,0,0,5,0,5,0,16,14,13,43,26,4,30,73
04/26/2019,SPI,IL,AGL,CE,Combined TRACON& Tower with Radar,0,12,12,3,27,0,0,20,2,22,0,12,32,5,49,2,3,5,54
04/27/2019,SPI,IL,AGL,CE,Combined TRACON& Tower with Radar,2,4,8,0,14,0,0,2,2,4,2,4,10,2,18,0,7,7,25
04/28/2019,SPI,IL,AGL,CE,Combined TRACON& Tower with Radar,0,10,23,0,33,0,4,26,0,30,0,14,49,0,63,51,3,54,117
04/29/2019,SPI,IL,AGL,CE,Combined TRACON& Tower with Radar,0,15,23,2,40,0,0,0,0,0,0,15,23,2,40,0,8,8,48
04/30/2019,SPI,IL,AGL,CE,Combined TRACON& Tower with Radar,0,6,9,0,15,0,0,0,0,0,0,6,9,0,15,0,0,0,15
05/01/2019,SPI,IL,AGL,CE,Combined TRACON& Tower with Radar,2,12,16,3,33,0,2,15,1,18,2,14,31,4,51,24,4,28,79
05/02/2019,SPI,IL,AGL,CE,Combined TRACON& Tower with Radar,0,5,10,0,15,0,0,3,0,3,0,5,13,0,18,0,1,1,19
05/03/2019,SPI,IL,AGL,CE,Combined TRACON& Tower with Radar,0,9,13,38,60,0,2,14,0,16,0,11,27,38,76,30,14,44,120
05/04/2019,SPI,IL,AGL,CE,Combined TRACON& Tower with Radar,2,9,13,1,25,0,2,54,0,56,2,11,67,1,81,58,1,59,140
05/05/2019,SPI,IL,AGL,CE,Combined TRACON& Tower with Radar,0,10,20,0,30,0,1,34,0,35,0,11,54,0,65,20,6,26,91
05/06/2019,SPI,IL,AGL,CE,Combined TRACON& Tower with Radar,0,13,15,19,47,0,3,22,0,25,0,16,37,19,72,6,28,34,106
05/07/2019,SPI,IL,AGL,CE,Combined TRACON& Tower with Radar,1,13,17,2,33,0,1,7,0,8,1,14,24,2,41,10,0,10,51
05/08/2019,SPI,IL,AGL,CE,Combined TRACON& Tower with Radar,2,20,14,7,43,0,2,6,0,8,2,22,20,7,51,0,11,11,62
05/09/2019,SPI,IL,AGL,CE,Combined TRACON& Tower with Radar,2,10,19,24,55,0,0,4,2,6,2,10,23,26,61,12,0,12,73
05/10/2019,SPI,IL,AGL,CE,Combined TRACON& Tower with Radar,1,9,15,3,28,0,4,20,2,26,1,13,35,5,54,12,2,14,68
05/11/2019,SPI,IL,AGL,CE,Combined TRACON& Tower with Radar,3,7,11,6,27,0,0,7,0,7,3,7,18,6,34,2,2,4,38
05/12/2019,SPI,IL,AGL,CE,Combined TRACON& Tower with Radar,0,10,15,0,25,0,0,0,0,0,0,10,15,0,25,0,0,0,25
05/13/2019,SPI,IL,AGL,CE,Combined TRACON& Tower with Radar,0,11,19,2,32,0,0,27,0,27,0,11,46,2,59,42,8,50,109
05/14/2019,SPI,IL,AGL,CE,Combined TRACON& Tower with Radar,0,11,16,21,48,0,0,25,0,25,0,11,41,21,73,78,11,89,162
05/15/2019,SPI,IL,AGL,CE,Combined TRACON& Tower with Radar,2,18,29,19,68,0,2,14,5,21,2,20,43,24,89,22,41,63,152
05/16/2019,SPI,IL,AGL,CE,Combined TRACON& Tower with Radar,0,14,20,14,48,0,3,19,5,27,0,17,39,19,75,14,8,22,97
05/17/2019,SPI,IL,AGL,CE,Combined TRACON& Tower with Radar,0,13,21,4,38,0,1,20,2,23,0,14,41,6,61,34,10,44,105
05/18/2019,SPI,IL,AGL,CE,Combined TRACON& Tower with Radar,2,10,11,9,32,0,0,16,2,18,2,10,27,11,50,0,15,15,65
05/19/2019,SPI,IL,AGL,CE,Combined TRACON& Tower with Radar,2,8,9,5,24,0,1,8,2,11,2,9,17,7,35,0,16,16,51
05/20/2019,SPI,IL,AGL,CE,Combined TRACON& Tower with Radar,0,12,18,5,35,0,0,11,0,11,0,12,29,5,46,52,4,56,102
05/21/2019,SPI,IL,AGL,CE,Combined TRACON& Tower with Radar,0,10,12,11,33,0,0,2,0,2,0,10,14,11,35,0,0,0,35
05/22/2019,SPI,IL,AGL,CE,Combined TRACON& Tower with Radar,2,18,20,7,47,0,1,29,2,32,2,19,49,9,79,0,0,0,79
05/23/2019,SPI,IL,AGL,CE,Combined TRACON& Tower with Radar,2,19,26,0,47,0,2,28,2,32,2,21,54,2,79,64,1,65,144
05/24/2019,SPI,IL,AGL,CE,Combined TRACON& Tower with Radar,0,14,17,12,43,0,1,28,0,29,0,15,45,12,72,0,0,0,72
05/25/2019,SPI,IL,AGL,CE,Combined TRACON& Tower with Radar,4,5,5,0,14,0,0,17,0,17,4,5,22,0,31,0,0,0,31
05/26/2019,SPI,IL,AGL,CE,Combined TRACON& Tower with Radar,0,13,8,0,21,0,0,4,0,4,0,13,12,0,25,0,0,0,25
05/27/2019,SPI,IL,AGL,CE,Combined TRACON& Tower with Radar,0,9,10,0,19,0,2,14,0,16,0,11,24,0,35,0,0,0,35
05/28/2019,SPI,IL,AGL,CE,Combined TRACON& Tower with Radar,0,11,19,0,30,0,0,9,0,9,0,11,28,0,39,6,2,8,47
05/29/2019,SPI,IL,AGL,CE,Combined TRACON& Tower with Radar,2,8,16,9,35,0,2,25,0,27,2,10,41,9,62,10,7,17,79
05/30/2019,SPI,IL,AGL,CE,Combined TRACON& Tower with Radar,0,13,11,0,24,0,0,14,1,15,0,13,25,1,39,26,4,30,69
05/31/2019,SPI,IL,AGL,CE,Combined TRACON& Tower with Radar,0,13,24,1,38,0,2,29,2,33,0,15,53,3,71,112,12,124,195
06/01/2019,SPI,IL,AGL,CE,Combined TRACON& Tower with Radar,2,4,16,1,23,0,2,36,0,38,2,6,52,1,61,24,8,32,93
06/02/2019,SPI,IL,AGL,CE,Combined TRACON& Tower with Radar,0,11,17,0,28,0,1,26,1,28,0,12,43,1,56,16,7,23,79
06/03/2019,SPI,IL,AGL,CE,Combined TRACON& Tower with Radar,0,9,21,35,65,0,1,31,0,32,0,10,52,35,97,26,54,80,177
06/04/2019,SPI,IL,AGL,CE,Combined TRACON& Tower with Radar,0,9,13,6,28,0,0,14,1,15,0,9,27,7,43,16,6,22,65
06/05/2019,SPI,IL,AGL,CE,Combined TRACON& Tower with Radar,2,15,13,3,33,0,0,4,0,4,2,15,17,3,37,16,6,22,59
06/06/2019,SPI,IL,AGL,CE,Combined TRACON& Tower with Radar,2,10,17,5,34,0,0,31,0,31,2,10,48,5,65,34,2,36,101
06/07/2019,SPI,IL,AGL,CE,Combined TRACON& Tower with Radar,0,9,25,0,34,0,0,32,2,34,0,9,57,2,68,20,6,26,94
06/08/2019,SPI,IL,AGL,CE,Combined TRACON& Tower with Radar,2,7,17,6,32,0,0,16,6,22,2,7,33,12,54,24,4,28,82
06/09/2019,SPI,IL,AGL,CE,Combined TRACON& Tower with Radar,0,5,20,1,26,0,0,13,0,13,0,5,33,1,39,16,0,16,55
06/10/2019,SPI,IL,AGL,CE,Combined TRACON& Tower with Radar,0,15,29,6,50,0,3,16,1,20,0,18,45,7,70,20,3,23,93
06/11/2019,SPI,IL,AGL,CE,Combined TRACON& Tower with Radar,2,15,29,13,59,0,0,48,2,50,2,15,77,15,109,0,0,0,109
06/12/2019,SPI,IL,AGL,CE,Combined TRACON& Tower with Radar,2,9,8,6,25,0,1,12,4,17,2,10,20,10,42,0,0,0,42
06/13/2019,SPI,IL,AGL,CE,Combined TRACON& Tower with Radar,0,11,27,22,60,0,0,31,0,31,0,11,58,22,91,30,12,42,133
06/14/2019,SPI,IL,AGL,CE,Combined TRACON& Tower with Radar,0,9,19,5,33,0,1,22,1,24,0,10,41,6,57,4,0,4,61
06/15/2019,SPI,IL,AGL,CE,Combined TRACON& Tower with Radar,2,7,5,0,14,0,0,3,0,3,2,7,8,0,17,0,9,9,26
06/16/2019,SPI,IL,AGL,CE,Combined TRACON& Tower with Radar,0,5,9,0,14,0,1,16,0,17,0,6,25,0,31,44,11,55,86
06/17/2019,SPI,IL,AGL,CE,Combined TRACON& Tower with Radar,0,8,14,2,24,0,0,1,0,1,0,8,15,2,25,0,2,2,27
06/18/2019,SPI,IL,AGL,CE,Combined TRACON& Tower with Radar,0,11,17,2,30,0,0,17,0,17,0,11,34,2,47,40,0,40,87
06/19/2019,SPI,IL,AGL,CE,Combined TRACON& Tower with Radar,2,10,7,0,19,0,0,3,0,3,2,10,10,0,22,0,1,1,23
06/20/2019,SPI,IL,AGL,CE,Combined TRACON& Tower with Radar,2,10,31,0,43,0,1,24,0,25,2,11,55,0,68,36,9,45,113
06/21/2019,SPI,IL,AGL,CE,Combined TRACON& Tower with Radar,0,14,16,0,30,0,0,13,0,13,0,14,29,0,43,2,1,3,46
06/22/2019,SPI,IL,AGL,CE,Combined TRACON& Tower with Radar,2,7,9,2,20,0,0,17,0,17,2,7,26,2,37,18,9,27,64
06/23/2019,SPI,IL,AGL,CE,Combined TRACON& Tower with Radar,2,8,13,0,23,0,0,6,0,6,2,8,19,0,29,0,5,5,34
06/24/2019,SPI,IL,AGL,CE,Combined TRACON& Tower with Radar,0,8,21,14,43,0,0,23,0,23,0,8,44,14,66,2,6,8,74
06/25/2019,SPI,IL,AGL,CE,Combined TRACON& Tower with Radar,2,5,15,21,43,0,2,14,2,18,2,7,29,23,61,12,24,36,97
06/26/2019,SPI,IL,AGL,CE,Combined TRACON& Tower with Radar,2,14,16,15,47,0,1,42,12,55,2,15,58,27,102,18,16,34,136
06/27/2019,SPI,IL,AGL,CE,Combined TRACON& Tower with Radar,0,7,25,2,34,0,3,23,0,26,0,10,48,2,60,38,7,45,105
06/28/2019,SPI,IL,AGL,CE,Combined TRACON& Tower with Radar,0,14,11,4,29,0,0,10,0,10,0,14,21,4,39,8,3,11,50
06/29/2019,SPI,IL,AGL,CE,Combined TRACON& Tower with Radar,2,10,8,0,20,0,1,25,0,26,2,11,33,0,46,14,2,16,62
06/30/2019,SPI,IL,AGL,CE,Combined TRACON& Tower with Radar,2,10,9,1,22,0,0,40,0,40,2,10,49,1,62,8,0,8,70
07/01/2019,SPI,IL,AGL,CE,Combined TRACON& Tower with Radar,0,7,12,19,38,0,1,14,5,20,0,8,26,24,58,8,23,31,89
07/02/2019,SPI,IL,AGL,CE,Combined TRACON& Tower with Radar,0,15,16,18,49,0,0,27,1,28,0,15,43,19,77,38,24,62,139
07/03/2019,SPI,IL,AGL,CE,Combined TRACON& Tower with Radar,2,6,8,14,30,0,0,16,0,16,2,6,24,14,46,30,24,54,100
07/04/2019,SPI,IL,AGL,CE,Combined TRACON& Tower with Radar,2,8,7,0,17,0,0,6,0,6,2,8,13,0,23,20,0,20,43
07/05/2019,SPI,IL,AGL,CE,Combined TRACON& Tower with Radar,0,7,6,0,13,0,0,24,0,24,0,7,30,0,37,32,0,32,69
07/06/2019,SPI,IL,AGL,CE,Combined TRACON& Tower with Radar,2,7,9,0,18,0,0,9,0,9,2,7,18,0,27,50,4,54,81
07/07/2019,SPI,IL,AGL,CE,Combined TRACON& Tower with Radar,0,8,11,0,19,0,0,15,0,15,0,8,26,0,34,58,2,60,94
07/08/2019,SPI,IL,AGL,CE,Combined TRACON& Tower with Radar,0,12,18,12,42,0,1,20,0,21,0,13,38,12,63,70,19,89,152
07/09/2019,SPI,IL,AGL,CE,Combined TRACON& Tower with Radar,0,7,25,9,41,0,0,37,1,38,0,7,62,10,79,82,12,94,173
07/10/2019,SPI,IL,AGL,CE,Combined TRACON& Tower with Radar,2,10,25,16,53,0,1,23,0,24,2,11,48,16,77,54,29,83,160
07/11/2019,SPI,IL,AGL,CE,Combined TRACON& Tower with Radar,0,10,20,3,33,0,1,29,2,32,0,11,49,5,65,72,6,78,143
07/12/2019,SPI,IL,AGL,CE,Combined TRACON& Tower with Radar,0,11,14,0,25,0,1,29,4,34,0,12,43,4,59,202,6,208,267
07/13/2019,SPI,IL,AGL,CE,Combined TRACON& Tower with Radar,2,8,11,1,22,0,0,26,2,28,2,8,37,3,50,10,5,15,65
07/14/2019,SPI,IL,AGL,CE,Combined TRACON& Tower with Radar,0,6,13,1,20,0,0,12,0,12,0,6,25,1,32,14,3,17,49
07/15/2019,SPI,IL,AGL,CE,Combined TRACON& Tower with Radar,0,7,9,12,28,0,0,8,0,8,0,7,17,12,36,22,32,54,90
07/16/2019,SPI,IL,AGL,CE,Combined TRACON& Tower with Radar,0,12,6,3,21,0,0,9,0,9,0,12,15,3,30,49,32,81,111
07/17/2019,SPI,IL,AGL,CE,Combined TRACON& Tower with Radar,1,7,7,12,27,0,2,21,4,27,1,9,28,16,54,45,2,47,101
07/18/2019,SPI,IL,AGL,CE,Combined TRACON& Tower with Radar,3,11,16,16,46,0,1,23,1,25,3,12,39,17,71,41,3,44,115
07/19/2019,SPI,IL,AGL,CE,Combined TRACON& Tower with Radar,0,11,19,0,30,0,3,28,0,31,0,14,47,0,61,27,7,34,95
07/20/2019,SPI,IL,AGL,CE,Combined TRACON& Tower with Radar,2,6,20,0,28,0,1,13,2,16,2,7,33,2,44,20,5,25,69
07/21/2019,SPI,IL,AGL,CE,Combined TRACON& Tower with Radar,0,6,16,0,22,0,0,14,5,19,0,6,30,5,41,28,0,28,69
07/22/2019,SPI,IL,AGL,CE,Combined TRACON& Tower with Radar,0,10,15,14,39,0,1,24,4,29,0,11,39,18,68,51,13,64,132
07/23/2019,SPI,IL,AGL,CE,Combined TRACON& Tower with Radar,0,19,34,7,60,0,3,25,3,31,0,22,59,10,91,34,0,34,125
07/24/2019,SPI,IL,AGL,CE,Combined TRACON& Tower with Radar,2,14,23,2,41,0,3,25,6,34,2,17,48,8,75,36,1,37,112
07/25/2019,SPI,IL,AGL,CE,Combined TRACON& Tower with Radar,0,14,23,7,44,0,0,43,3,46,0,14,66,10,90,28,7,35,125
07/26/2019,SPI,IL,AGL,CE,Combined TRACON& Tower with Radar,0,14,22,0,36,0,2,26,0,28,0,16,48,0,64,10,6,16,80
07/27/2019,SPI,IL,AGL,CE,Combined TRACON& Tower with Radar,2,8,18,0,28,0,1,32,0,33,2,9,50,0,61,32,1,33,94
07/28/2019,SPI,IL,AGL,CE,Combined TRACON& Tower with Radar,0,6,11,0,17,0,1,17,1,19,0,7,28,1,36,8,5,13,49
07/29/2019,SPI,IL,AGL,CE,Combined TRACON& Tower with Radar,0,7,18,0,25,0,0,10,0,10,0,7,28,0,35,6,1,7,42
07/30/2019,SPI,IL,AGL,CE,Combined TRACON& Tower with Radar,0,11,16,20,47,0,0,27,0,27,0,11,43,20,74,18,18,36,110
07/31/2019,SPI,IL,AGL,CE,Combined TRACON& Tower with Radar,2,10,11,2,25,0,3,28,3,34,2,13,39,5,59,22,0,22,81
08/01/2019,SPI,IL,AGL,CE,Combined TRACON& Tower with Radar,0,9,16,29,54,0,1,27,6,34,0,10,43,35,88,46,20,66,154
08/02/2019,SPI,IL,AGL,CE,Combined TRACON& Tower with Radar,0,9,11,22,42,0,0,20,3,23,0,9,31,25,65,34,38,72,137
08/03/2019,SPI,IL,AGL,CE,Combined TRACON& Tower with Radar,2,10,11,0,23,0,2,11,2,15,2,12,22,2,38,0,0,0,38
08/04/2019,SPI,IL,AGL,CE,Combined TRACON& Tower with Radar,0,9,12,2,23,0,1,27,2,30,0,10,39,4,53,20,18,38,91
08/05/2019,SPI,IL,AGL,CE,Combined TRACON& Tower with Radar,0,11,20,9,40,0,0,22,0,22,0,11,42,9,62,22,24,46,108
08/06/2019,SPI,IL,AGL,CE,Combined TRACON& Tower with Radar,2,8,12,6,28,0,0,23,0,23,2,8,35,6,51,6,9,15,66
08/07/2019,SPI,IL,AGL,CE,Combined TRACON& Tower with Radar,2,16,11,19,48,0,1,25,1,27,2,17,36,20,75,34,7,41,116
08/08/2019,SPI,IL,AGL,CE,Combined TRACON& Tower with Radar,2,14,8,5,29,0,0,27,1,28,2,14,35,6,57,2,8,10,67
08/09/2019,SPI,IL,AGL,CE,Combined TRACON& Tower with Radar,2,14,18,17,51,0,0,28,8,36,2,14,46,25,87,122,30,152,239
08/10/2019,SPI,IL,AGL,CE,Combined TRACON& Tower with Radar,2,14,18,0,34,0,0,33,0,33,2,14,51,0,67,34,5,39,106
08/11/2019,SPI,IL,AGL,CE,Combined TRACON& Tower with Radar,2,15,12,0,29,0,2,17,0,19,2,17,29,0,48,10,8,18,66
08/12/2019,SPI,IL,AGL,CE,Combined TRACON& Tower with Radar,0,8,14,7,29,0,1,13,0,14,0,9,27,7,43,16,17,33,76
08/13/2019,SPI,IL,AGL,CE,Combined TRACON& Tower with Radar,0,14,5,3,22,0,0,17,0,17,0,14,22,3,39,10,2,12,51
08/14/2019,SPI,IL,AGL,CE,Combined TRACON& Tower with Radar,0,16,18,16,50,0,0,14,0,14,0,16,32,16,64,18,5,23,87
08/15/2019,SPI,IL,AGL,CE,Combined TRACON& Tower with Radar,0,24,17,10,51,0,0,19,1,20,0,24,36,11,71,28,9,37,108
08/16/2019,SPI,IL,AGL,CE,Combined TRACON& Tower with Radar,0,13,14,5,32,0,1,25,7,33,0,14,39,12,65,16,5,21,86
08/17/2019,SPI,IL,AGL,CE,Combined TRACON& Tower with Radar,0,6,16,15,37,0,0,5,0,5,0,6,21,15,42,22,4,26,68
08/18/2019,SPI,IL,AGL,CE,Combined TRACON& Tower with Radar,0,7,11,0,18,0,0,11,0,11,0,7,22,0,29,64,3,67,96
08/19/2019,SPI,IL,AGL,CE,Combined TRACON& Tower with Radar,0,10,20,0,30,0,0,11,0,11,0,10,31,0,41,26,2,28,69
08/20/2019,SPI,IL,AGL,CE,Combined TRACON& Tower with Radar,1,11,17,0,29,0,0,6,0,6,1,11,23,0,35,0,4,4,39
08/21/2019,SPI,IL,AGL,CE,Combined TRACON& Tower with Radar,0,13,9,0,22,0,0,6,2,8,0,13,15,2,30,0,8,8,38
08/22/2019,SPI,IL,AGL,CE,Combined TRACON& Tower with Radar,0,12,8,7,27,0,0,17,4,21,0,12,25,11,48,16,2,18,66
08/23/2019,SPI,IL,AGL,CE,Combined TRACON& Tower with Radar,0,12,22,13,47,0,0,22,3,25,0,12,44,16,72,6,9,15,87
08/24/2019,SPI,IL,AGL,CE,Combined TRACON& Tower with Radar,0,8,20,12,40,0,0,13,2,15,0,8,33,14,55,26,11,37,92
08/25/2019,SPI,IL,AGL,CE,Combined TRACON& Tower with Radar,0,9,15,0,24,0,0,18,0,18,0,9,33,0,42,6,4,10,52
08/26/2019,SPI,IL,AGL,CE,Combined TRACON& Tower with Radar,0,9,11,0,20,0,0,7,0,7,0,9,18,0,27,0,0,0,27
08/27/2019,SPI,IL,AGL,CE,Combined TRACON& Tower with Radar,0,14,29,7,50,0,1,21,0,22,0,15,50,7,72,0,0,0,72
08/28/2019,SPI,IL,AGL,CE,Combined TRACON& Tower with Radar,0,12,23,20,55,0,3,35,0,38,0,15,58,20,93,0,0,0,93
08/29/2019,SPI,IL,AGL,CE,Combined TRACON& Tower with Radar,0,8,18,5,31,0,0,4,1,5,0,8,22,6,36,34,3,37,73
08/30/2019,SPI,IL,AGL,CE,Combined TRACON& Tower with Radar,0,7,13,21,41,0,1,10,0,11,0,8,23,21,52,24,32,56,108
08/31/2019,SPI,IL,AGL,CE,Combined TRACON& Tower with Radar,0,7,14,0,21,0,1,12,0,13,0,8,26,0,34,8,0,8,42
09/01/2019,SPI,IL,AGL,CE,Combined TRACON& Tower with Radar,1,10,13,5,29,0,0,10,0,10,1,10,23,5,39,10,9,19,58
09/02/2019,SPI,IL,AGL,CE,Combined TRACON& Tower with Radar,1,7,9,2,19,0,1,31,2,34,1,8,40,4,53,32,6,38,91
09/03/2019,SPI,IL,AGL,CE,Combined TRACON& Tower with Radar,2,8,11,23,44,0,0,11,2,13,2,8,22,25,57,0,0,0,57
09/04/2019,SPI,IL,AGL,CE,Combined TRACON& Tower with Radar,0,11,22,2,35,0,2,31,0,33,0,13,53,2,68,0,0,0,68
09/05/2019,SPI,IL,AGL,CE,Combined TRACON& Tower with Radar,0,15,21,22,58,0,0,27,0,27,0,15,48,22,85,0,0,0,85
09/06/2019,SPI,IL,AGL,CE,Combined TRACON& Tower with Radar,2,12,16,12,42,0,3,19,0,22,2,15,35,12,64,0,0,0,64
09/07/2019,SPI,IL,AGL,CE,Combined TRACON& Tower with Radar,0,5,17,1,23,0,1,30,3,34,0,6,47,4,57,0,0,0,57
09/08/2019,SPI,IL,AGL,CE,Combined TRACON& Tower with Radar,0,9,12,8,29,0,0,1,0,1,0,9,13,8,30,0,0,0,30
09/09/2019,SPI,IL,AGL,CE,Combined TRACON& Tower with Radar,0,11,10,0,21,0,4,13,3,20,0,15,23,3,41,0,0,0,41
09/10/2019,SPI,IL,AGL,CE,Combined TRACON& Tower with Radar,0,14,17,7,38,0,2,11,1,14,0,16,28,8,52,4,1,5,57
09/11/2019,SPI,IL,AGL,CE,Combined TRACON& Tower with Radar,0,9,16,26,51,0,1,19,1,21,0,10,35,27,72,22,17,39,111
09/12/2019,SPI,IL,AGL,CE,Combined TRACON& Tower with Radar,0,12,22,0,34,0,1,16,0,17,0,13,38,0,51,4,4,8,59
09/13/2019,SPI,IL,AGL,CE,Combined TRACON& Tower with Radar,0,9,38,4,51,0,2,4,3,9,0,11,42,7,60,8,19,27,87
09/14/2019,SPI,IL,AGL,CE,Combined TRACON& Tower with Radar,0,7,23,1,31,0,4,35,1,40,0,11,58,2,71,30,5,35,106
09/15/2019,SPI,IL,AGL,CE,Combined TRACON& Tower with Radar,0,9,24,0,33,0,0,17,0,17,0,9,41,0,50,14,2,16,66
09/16/2019,SPI,IL,AGL,CE,Combined TRACON& Tower with Radar,0,11,11,14,36,0,0,15,0,15,0,11,26,14,51,10,29,39,90
09/17/2019,SPI,IL,AGL,CE,Combined TRACON& Tower with Radar,0,15,15,10,40,0,0,4,0,4,0,15,19,10,44,0,6,6,50
09/18/2019,SPI,IL,AGL,CE,Combined TRACON& Tower with Radar,0,9,11,22,42,0,1,16,2,19,0,10,27,24,61,52,3,55,116
09/19/2019,SPI,IL,AGL,CE,Combined TRACON& Tower with Radar,0,15,16,8,39,0,2,23,0,25,0,17,39,8,64,0,0,0,64
09/20/2019,SPI,IL,AGL,CE,Combined TRACON& Tower with Radar,0,15,23,7,45,0,0,13,0,13,0,15,36,7,58,16,7,23,81
09/21/2019,SPI,IL,AGL,CE,Combined TRACON& Tower with Radar,0,6,12,0,18,0,0,6,2,8,0,6,18,2,26,0,0,0,26
09/22/2019,SPI,IL,AGL,CE,Combined TRACON& Tower with Radar,0,9,6,0,15,0,0,1,0,1,0,9,7,0,16,0,0,0,16
09/23/2019,SPI,IL,AGL,CE,Combined TRACON& Tower with Radar,0,11,21,0,32,0,0,20,0,20,0,11,41,0,52,0,0,0,52
09/24/2019,SPI,IL,AGL,CE,Combined TRACON& Tower with Radar,0,17,12,6,35,0,2,10,4,16,0,19,22,10,51,10,48,58,109
09/25/2019,SPI,IL,AGL,CE,Combined TRACON& Tower with Radar,0,15,11,0,26,0,0,9,26,35,0,15,20,26,61,4,6,10,71
09/26/2019,SPI,IL,AGL,CE,Combined TRACON& Tower with Radar,0,13,24,0,37,0,2,26,1,29,0,15,50,1,66,16,6,22,88
09/27/2019,SPI,IL,AGL,CE,Combined TRACON& Tower with Radar,0,8,8,1,17,0,0,6,0,6,0,8,14,1,23,0,2,2,25
09/28/2019,SPI,IL,AGL,CE,Combined TRACON& Tower with Radar,0,4,11,0,15,0,0,4,1,5,0,4,15,1,20,26,7,33,53
09/29/2019,SPI,IL,AGL,CE,Combined TRACON& Tower with Radar,0,13,14,0,27,0,0,8,0,8,0,13,22,0,35,14,3,17,52
09/30/2019,SPI,IL,AGL,CE,Combined TRACON& Tower with Radar,3,6,22,10,41,0,0,12,0,12,3,6,34,10,53,24,21,45,98
10/01/2019,SPI,IL,AGL,CE,Combined TRACON& Tower with Radar,0,11,10,8,29,0,2,16,0,18,0,13,26,8,47,30,13,43,90
10/02/2019,SPI,IL,AGL,CE,Combined TRACON& Tower with Radar,2,17,9,8,36,0,0,8,2,10,2,17,17,10,46,32,17,49,95
10/03/2019,SPI,IL,AGL,CE,Combined TRACON& Tower with Radar,0,22,19,0,41,0,0,12,0,12,0,22,31,0,53,2,3,5,58
10/04/2019,SPI,IL,AGL,CE,Combined TRACON& Tower with Radar,0,10,24,2,36,0,1,34,1,36,0,11,58,3,72,46,2,48,120
10/05/2019,SPI,IL,AGL,CE,Combined TRACON& Tower with Radar,2,8,12,0,22,0,4,28,0,32,2,12,40,0,54,32,2,34,88
10/06/2019,SPI,IL,AGL,CE,Combined TRACON& Tower with Radar,1,7,15,0,23,0,4,16,0,20,1,11,31,0,43,38,4,42,85
10/07/2019,SPI,IL,AGL,CE,Combined TRACON& Tower with Radar,0,11,31,6,48,0,1,13,2,16,0,12,44,8,64,24,13,37,101
10/08/2019,SPI,IL,AGL,CE,Combined TRACON& Tower with Radar,0,18,13,0,31,0,8,24,0,32,0,26,37,0,63,24,7,31,94
10/09/2019,SPI,IL,AGL,CE,Combined TRACON& Tower with Radar,2,11,24,0,37,0,3,15,0,18,2,14,39,0,55,36,6,42,97
10/10/2019,SPI,IL,AGL,CE,Combined TRACON& Tower with Radar,0,9,19,2,30,0,0,0,2,2,0,9,19,4,32,0,1,1,33
10/11/2019,SPI,IL,AGL,CE,Combined TRACON& Tower with Radar,0,8,6,4,18,0,0,1,0,1,0,8,7,4,19,0,1,1,20
10/12/2019,SPI,IL,AGL,CE,Combined TRACON& Tower with Radar,2,7,8,2,19,0,0,20,0,20,2,7,28,2,39,0,5,5,44
10/13/2019,SPI,IL,AGL,CE,Combined TRACON& Tower with Radar,0,9,9,2,20,0,0,12,0,12,0,9,21,2,32,0,4,4,36
10/14/2019,SPI,IL,AGL,CE,Combined TRACON& Tower with Radar,0,14,17,0,31,0,3,13,0,16,0,17,30,0,47,60,2,62,109
10/15/2019,SPI,IL,AGL,CE,Combined TRACON& Tower with Radar,0,11,8,12,31,0,0,7,0,7,0,11,15,12,38,2,16,18,56
10/16/2019,SPI,IL,AGL,CE,Combined TRACON& Tower with Radar,2,11,17,7,37,0,0,2,0,2,2,11,19,7,39,5,1,6,45
10/17/2019,SPI,IL,AGL,CE,Combined TRACON& Tower with Radar,0,10,20,4,34,0,1,19,2,22,0,11,39,6,56,24,3,27,83
10/18/2019,SPI,IL,AGL,CE,Combined TRACON& Tower with Radar,0,13,19,12,44,0,4,18,3,25,0,17,37,15,69,6,16,22,91
10/19/2019,SPI,IL,AGL,CE,Combined TRACON& Tower with Radar,2,7,16,0,25,0,0,17,2,19,2,7,33,2,44,44,7,51,95
10/20/2019,SPI,IL,AGL,CE,Combined TRACON& Tower with Radar,0,15,19,12,46,0,0,17,0,17,0,15,36,12,63,15,27,42,105
10/21/2019,SPI,IL,AGL,CE,Combined TRACON& Tower with Radar,0,14,9,16,39,0,0,0,0,0,0,14,9,16,39,2,11,13,52
10/22/2019,SPI,IL,AGL,CE,Combined TRACON& Tower with Radar,0,10,20,4,34,0,1,6,0,7,0,11,26,4,41,3,6,9,50
10/23/2019,SPI,IL,AGL,CE,Combined TRACON& Tower with Radar,2,18,17,22,59,0,1,13,0,14,2,19,30,22,73,20,37,57,130
10/24/2019,SPI,IL,AGL,CE,Combined TRACON& Tower with Radar,0,15,13,15,43,0,1,15,0,16,0,16,28,15,59,20,10,30,89
10/25/2019,SPI,IL,AGL,CE,Combined TRACON& Tower with Radar,0,16,12,2,30,0,1,27,0,28,0,17,39,2,58,6,4,10,68
10/26/2019,SPI,IL,AGL,CE,Combined TRACON& Tower with Radar,2,12,1,0,15,0,0,0,0,0,2,12,1,0,15,0,1,1,16
10/27/2019,SPI,IL,AGL,CE,Combined TRACON& Tower with Radar,0,11,23,0,34,0,0,40,0,40,0,11,63,0,74,50,6,56,130
10/28/2019,SPI,IL,AGL,CE,Combined TRACON& Tower with Radar,0,7,18,17,42,0,0,8,0,8,0,7,26,17,50,14,6,20,70
10/29/2019,SPI,IL,AGL,CE,Combined TRACON& Tower with Radar,2,15,7,11,35,0,0,1,4,5,2,15,8,15,40,6,28,34,74
10/30/2019,SPI,IL,AGL,CE,Combined TRACON& Tower with Radar,2,14,12,0,28,0,0,0,0,0,2,14,12,0,28,0,0,0,28
10/31/2019,SPI,IL,AGL,CE,Combined TRACON& Tower with Radar,0,7,4,0,11,0,0,0,0,0,0,7,4,0,11,0,3,3,14
11/01/2019,SPI,IL,AGL,CE,Combined TRACON& Tower with Radar,0,17,28,7,52,0,3,16,2,21,0,20,44,9,73,10,16,26,99
11/02/2019,SPI,IL,AGL,CE,Combined TRACON& Tower with Radar,2,8,6,1,17,0,0,15,3,18,2,8,21,4,35,30,0,30,65
11/03/2019,SPI,IL,AGL,CE,Combined TRACON& Tower with Radar,0,11,13,0,24,0,2,16,0,18,0,13,29,0,42,6,0,6,48
11/04/2019,SPI,IL,AGL,CE,Combined TRACON& Tower with Radar,0,12,30,10,52,0,1,18,3,22,0,13,48,13,74,0,0,0,74
11/05/2019,SPI,IL,AGL,CE,Combined TRACON& Tower with Radar,0,13,26,6,45,0,6,21,0,27,0,19,47,6,72,16,5,21,93
11/06/2019,SPI,IL,AGL,CE,Combined TRACON& Tower with Radar,2,13,14,20,49,0,2,5,0,7,2,15,19,20,56,28,8,36,92
11/07/2019,SPI,IL,AGL,CE,Combined TRACON& Tower with Radar,0,12,10,15,37,0,0,6,0,6,0,12,16,15,43,6,12,18,61
11/08/2019,SPI,IL,AGL,CE,Combined TRACON& Tower with Radar,0,11,27,12,50,0,4,29,1,34,0,15,56,13,84,38,26,64,148
11/09/2019,SPI,IL,AGL,CE,Combined TRACON& Tower with Radar,2,9,12,0,23,0,1,18,0,19,2,10,30,0,42,60,0,60,102
11/10/2019,SPI,IL,AGL,CE,Combined TRACON& Tower with Radar,0,11,17,0,28,0,0,24,0,24,0,11,41,0,52,60,7,67,119
11/11/2019,SPI,IL,AGL,CE,Combined TRACON& Tower with Radar,0,3,5,0,8,0,0,0,0,0,0,3,5,0,8,0,0,0,8
11/12/2019,SPI,IL,AGL,CE,Combined TRACON& Tower with Radar,0,17,9,0,26,0,0,5,0,5,0,17,14,0,31,0,4,4,35
11/13/2019,SPI,IL,AGL,CE,Combined TRACON& Tower with Radar,4,12,12,18,46,0,1,5,1,7,4,13,17,19,53,8,8,16,69
11/14/2019,SPI,IL,AGL,CE,Combined TRACON& Tower with Radar,0,11,16,10,37,0,0,1,0,1,0,11,17,10,38,26,8,34,72
11/15/2019,SPI,IL,AGL,CE,Combined TRACON& Tower with Radar,0,8,28,11,47,0,2,21,0,23,0,10,49,11,70,12,21,33,103
11/16/2019,SPI,IL,AGL,CE,Combined TRACON& Tower with Radar,2,7,15,0,24,0,0,18,2,20,2,7,33,2,44,74,4,78,122
11/17/2019,SPI,IL,AGL,CE,Combined TRACON& Tower with Radar,0,8,23,11,42,0,0,2,0,2,0,8,25,11,44,12,6,18,62
11/18/2019,SPI,IL,AGL,CE,Combined TRACON& Tower with Radar,0,11,10,4,25,0,0,5,0,5,0,11,15,4,30,0,0,0,30
11/19/2019,SPI,IL,AGL,CE,Combined TRACON& Tower with Radar,0,10,9,0,19,0,1,4,0,5,0,11,13,0,24,0,1,1,25
11/20/2019,SPI,IL,AGL,CE,Combined TRACON& Tower with Radar,4,9,19,2,34,0,0,19,0,19,4,9,38,2,53,0,10,10,63
11/21/2019,SPI,IL,AGL,CE,Combined TRACON& Tower with Radar,0,15,7,4,26,0,0,0,0,0,0,15,7,4,26,0,4,4,30
11/22/2019,SPI,IL,AGL,CE,Combined TRACON& Tower with Radar,0,16,26,8,50,0,0,15,0,15,0,16,41,8,65,16,15,31,96
11/23/2019,SPI,IL,AGL,CE,Combined TRACON& Tower with Radar,4,12,6,0,22,0,0,3,2,5,4,12,9,2,27,20,2,22,49
11/24/2019,SPI,IL,AGL,CE,Combined TRACON& Tower with Radar,0,14,18,8,40,0,1,46,0,47,0,15,64,8,87,54,19,73,160
11/25/2019,SPI,IL,AGL,CE,Combined TRACON& Tower with Radar,0,16,14,14,44,0,0,20,0,20,0,16,34,14,64,20,24,44,108
11/26/2019,SPI,IL,AGL,CE,Combined TRACON& Tower with Radar,2,13,9,15,39,0,0,6,6,12,2,13,15,21,51,8,0,8,59
11/27/2019,SPI,IL,AGL,CE,Combined TRACON& Tower with Radar,0,14,4,0,18,0,0,1,0,1,0,14,5,0,19,0,3,3,22
11/28/2019,SPI,IL,AGL,CE,Combined TRACON& Tower with Radar,0,5,5,0,10,0,0,5,0,5,0,5,10,0,15,6,4,10,25
11/29/2019,SPI,IL,AGL,CE,Combined TRACON& Tower with Radar,0,10,4,0,14,0,0,1,0,1,0,10,5,0,15,24,4,28,43
11/30/2019,SPI,IL,AGL,CE,Combined TRACON& Tower with Radar,2,11,3,0,16,0,0,0,0,0,2,11,3,0,16,0,0,0,16
12/01/2019,SPI,IL,AGL,CE,Combined TRACON& Tower with Radar,0,16,11,0,27,0,0,0,0,0,0,16,11,0,27,0,0,0,27
12/02/2019,SPI,IL,AGL,CE,Combined TRACON& Tower with Radar,3,12,14,10,39,0,0,1,0,1,3,12,15,10,40,0,5,5,45
12/03/2019,SPI,IL,AGL,CE,Combined TRACON& Tower with Radar,1,15,10,14,40,0,0,18,0,18,1,15,28,14,58,43,11,54,112
12/04/2019,SPI,IL,AGL,CE,Combined TRACON& Tower with Radar,2,15,21,1,39,0,2,25,1,28,2,17,46,2,67,38,2,40,107
12/05/2019,SPI,IL,AGL,CE,Combined TRACON& Tower with Radar,0,13,16,27,56,0,0,20,0,20,0,13,36,27,76,30,30,60,136
12/06/2019,SPI,IL,AGL,CE,Combined TRACON& Tower with Radar,2,10,22,8,42,0,2,19,3,24,2,12,41,11,66,12,26,38,104
12/07/2019,SPI,IL,AGL,CE,Combined TRACON& Tower with Radar,3,13,23,0,39,0,1,31,2,34,3,14,54,2,73,76,1,77,150
12/08/2019,SPI,IL,AGL,CE,Combined TRACON& Tower with Radar,0,9,19,0,28,0,0,13,0,13,0,9,32,0,41,36,3,39,80
12/09/2019,SPI,IL,AGL,CE,Combined TRACON& Tower with Radar,0,11,9,16,36,0,0,0,0,0,0,11,9,16,36,0,0,0,36
12/10/2019,SPI,IL,AGL,CE,Combined TRACON& Tower with Radar,0,9,14,6,29,0,0,16,3,19,0,9,30,9,48,24,8,32,80
12/11/2019,SPI,IL,AGL,CE,Combined TRACON& Tower with Radar,2,14,24,0,40,0,0,14,2,16,2,14,38,2,56,8,2,10,66
12/12/2019,SPI,IL,AGL,CE,Combined TRACON& Tower with Radar,1,11,16,0,28,0,0,6,0,6,1,11,22,0,34,4,4,8,42
12/13/2019,SPI,IL,AGL,CE,Combined TRACON& Tower with Radar,2,13,18,3,36,0,0,25,1,26,2,13,43,4,62,24,5,29,91
12/14/2019,SPI,IL,AGL,CE,Combined TRACON& Tower with Radar,3,6,12,0,21,0,1,0,0,1,3,7,12,0,22,0,2,2,24
12/15/2019,SPI,IL,AGL,CE,Combined TRACON& Tower with Radar,0,10,5,0,15,0,0,1,0,1,0,10,6,0,16,0,3,3,19
12/16/2019,SPI,IL,AGL,CE,Combined TRACON& Tower with Radar,0,8,12,0,20,0,0,0,0,0,0,8,12,0,20,0,0,0,20
12/17/2019,SPI,IL,AGL,CE,Combined TRACON& Tower with Radar,0,11,13,0,24,0,0,0,0,0,0,11,13,0,24,0,0,0,24
12/18/2019,SPI,IL,AGL,CE,Combined TRACON& Tower with Radar,0,17,22,0,39,0,0,10,2,12,0,17,32,2,51,0,2,2,53
12/19/2019,SPI,IL,AGL,CE,Combined TRACON& Tower with Radar,0,15,18,3,36,0,2,25,2,29,0,17,43,5,65,0,0,0,65
12/20/2019,SPI,IL,AGL,CE,Combined TRACON& Tower with Radar,3,12,20,0,35,0,0,13,0,13,3,12,33,0,48,8,0,8,56
12/21/2019,SPI,IL,AGL,CE,Combined TRACON& Tower with Radar,2,12,23,0,37,0,0,30,0,30,2,12,53,0,67,20,2,22,89
12/22/2019,SPI,IL,AGL,CE,Combined TRACON& Tower with Radar,0,13,14,0,27,0,0,25,0,25,0,13,39,0,52,14,5,19,71
12/23/2019,SPI,IL,AGL,CE,Combined TRACON& Tower with Radar,2,11,17,10,40,0,0,22,4,26,2,11,39,14,66,18,22,40,106
12/24/2019,SPI,IL,AGL,CE,Combined TRACON& Tower with Radar,0,10,12,0,22,0,0,5,0,5,0,10,17,0,27,59,2,61,88
12/25/2019,SPI,IL,AGL,CE,Combined TRACON& Tower with Radar,0,9,0,0,9,0,0,6,0,6,0,9,6,0,15,10,3,13,28
12/26/2019,SPI,IL,AGL,CE,Combined TRACON& Tower with Radar,0,13,7,0,20,0,0,15,0,15,0,13,22,0,35,8,4,12,47
12/27/2019,SPI,IL,AGL,CE,Combined TRACON& Tower with Radar,2,14,20,1,37,0,0,12,1,13,2,14,32,2,50,10,2,12,62
12/28/2019,SPI,IL,AGL,CE,Combined TRACON& Tower with Radar,2,12,8,0,22,0,0,0,0,0,2,12,8,0,22,0,1,1,23
12/29/2019,SPI,IL,AGL,CE,Combined TRACON& Tower with Radar,0,14,11,0,25,0,0,16,0,16,0,14,27,0,41,2,2,4,45
12/30/2019,SPI,IL,AGL,CE,Combined TRACON& Tower with Radar,2,11,5,0,18,0,1,6,0,7,2,12,11,0,25,2,4,6,31
12/31/2019,SPI,IL,AGL,CE,Combined TRACON& Tower with Radar,0,11,9,0,20,0,1,7,0,8,0,12,16,0,28,0,7,7,35
01/01/2020,SPI,IL,AGL,CE,Combined TRACON& Tower with Radar,0,11,5,0,16,0,1,17,0,18,0,12,22,0,34,24,2,26,60
01/02/2020,SPI,IL,AGL,CE,Combined TRACON& Tower with Radar,0,12,9,2,23,0,2,7,0,9,0,14,16,2,32,14,4,18,50
01/03/2020,SPI,IL,AGL,CE,Combined TRACON& Tower with Radar,2,13,5,0,20,0,0,2,0,2,2,13,7,0,22,0,1,1,23
01/04/2020,SPI,IL,AGL,CE,Combined TRACON& Tower with Radar,2,9,8,0,19,0,0,0,0,0,2,9,8,0,19,0,2,2,21
01/05/2020,SPI,IL,AGL,CE,Combined TRACON& Tower with Radar,0,12,23,1,36,0,0,7,0,7,0,12,30,1,43,28,3,31,74
01/06/2020,SPI,IL,AGL,CE,Combined TRACON& Tower with Radar,2,11,19,0,32,0,1,29,0,30,2,12,48,0,62,26,2,28,90
01/07/2020,SPI,IL,AGL,CE,Combined TRACON& Tower with Radar,0,7,17,2,26,0,0,13,0,13,0,7,30,2,39,4,1,5,44
01/08/2020,SPI,IL,AGL,CE,Combined TRACON& Tower with Radar,2,11,31,0,44,0,0,35,1,36,2,11,66,1,80,32,3,35,115
01/09/2020,SPI,IL,AGL,CE,Combined TRACON& Tower with Radar,0,9,6,1,16,0,3,1,0,4,0,12,7,1,20,0,1,1,21
01/10/2020,SPI,IL,AGL,CE,Combined TRACON& Tower with Radar,0,7,10,0,17,0,0,0,0,0,0,7,10,0,17,0,0,0,17
01/11/2020,SPI,IL,AGL,CE,Combined TRACON& Tower with Radar,2,6,4,0,12,0,0,0,0,0,2,6,4,0,12,0,0,0,12
01/12/2020,SPI,IL,AGL,CE,Combined TRACON& Tower with Radar,0,6,5,0,11,0,0,1,0,1,0,6,6,0,12,0,0,0,12
01/13/2020,SPI,IL,AGL,CE,Combined TRACON& Tower with Radar,0,9,20,0,29,0,0,0,0,0,0,9,20,0,29,0,0,0,29
01/14/2020,SPI,IL,AGL,CE,Combined TRACON& Tower with Radar,0,7,19,3,29,0,0,10,2,12,0,7,29,5,41,22,0,22,63
01/15/2020,SPI,IL,AGL,CE,Combined TRACON& Tower with Radar,2,12,6,2,22,0,0,0,0,0,2,12,6,2,22,0,0,0,22
01/16/2020,SPI,IL,AGL,CE,Combined TRACON& Tower with Radar,0,11,18,17,46,0,4,7,1,12,0,15,25,18,58,12,30,42,100
01/17/2020,SPI,IL,AGL,CE,Combined TRACON& Tower with Radar,0,7,12,7,26,0,0,3,0,3,0,7,15,7,29,12,3,15,44
01/18/2020,SPI,IL,AGL,CE,Combined TRACON& Tower with Radar,2,4,6,0,12,0,1,0,0,1,2,5,6,0,13,0,2,2,15
01/19/2020,SPI,IL,AGL,CE,Combined TRACON& Tower with Radar,2,7,6,1,16,0,0,4,0,4,2,7,10,1,20,8,6,14,34
01/20/2020,SPI,IL,AGL,CE,Combined TRACON& Tower with Radar,0,7,10,0,17,0,0,4,0,4,0,7,14,0,21,28,3,31,52
01/21/2020,SPI,IL,AGL,CE,Combined TRACON& Tower with Radar,0,11,15,30,56,0,1,6,3,10,0,12,21,33,66,0,15,15,81
01/22/2020,SPI,IL,AGL,CE,Combined TRACON& Tower with Radar,2,8,13,0,23,0,0,7,0,7,2,8,20,0,30,0,4,4,34
01/23/2020,SPI,IL,AGL,CE,Combined TRACON& Tower with Radar,2,9,2,0,13,0,0,0,0,0,2,9,2,0,13,0,0,0,13
01/24/2020,SPI,IL,AGL,CE,Combined TRACON& Tower with Radar,0,9,4,0,13,0,0,0,0,0,0,9,4,0,13,0,0,0,13
01/25/2020,SPI,IL,AGL,CE,Combined TRACON& Tower with Radar,2,5,1,0,8,0,0,0,0,0,2,5,1,0,8,0,2,2,10
01/26/2020,SPI,IL,AGL,CE,Combined TRACON& Tower with Radar,0,7,17,0,24,0,0,15,2,17,0,7,32,2,41,30,2,32,73
01/27/2020,SPI,IL,AGL,CE,Combined TRACON& Tower with Radar,0,8,2,0,10,0,0,0,0,0,0,8,2,0,10,0,0,0,10
01/28/2020,SPI,IL,AGL,CE,Combined TRACON& Tower with Radar,0,7,12,0,19,0,0,0,0,0,0,7,12,0,19,0,0,0,19
01/29/2020,SPI,IL,AGL,CE,Combined TRACON& Tower with Radar,2,10,11,0,23,0,0,0,0,0,2,10,11,0,23,0,1,1,24
01/30/2020,SPI,IL,AGL,CE,Combined TRACON& Tower with Radar,0,7,18,17,42,0,0,1,0,1,0,7,19,17,43,10,2,12,55
01/31/2020,SPI,IL,AGL,CE,Combined TRACON& Tower with Radar,2,12,5,0,19,0,0,2,0,2,2,12,7,0,21,40,1,41,62
02/01/2020,SPI,IL,AGL,CE,Combined TRACON& Tower with Radar,2,5,8,0,15,0,0,0,3,3,2,5,8,3,18,0,0,0,18
02/02/2020,SPI,IL,AGL,CE,Combined TRACON& Tower with Radar,0,8,21,0,29,0,1,28,1,30,0,9,49,1,59,12,10,22,81
02/03/2020,SPI,IL,AGL,CE,Combined TRACON& Tower with Radar,2,12,11,2,27,0,1,14,0,15,2,13,25,2,42,20,3,23,65
02/04/2020,SPI,IL,AGL,CE,Combined TRACON& Tower with Radar,0,7,8,11,26,0,0,0,0,0,0,7,8,11,26,0,3,3,29
02/05/2020,SPI,IL,AGL,CE,Combined TRACON& Tower with Radar,2,11,3,2,18,0,0,0,1,1,2,11,3,3,19,0,0,0,19
02/06/2020,SPI,IL,AGL,CE,Combined TRACON& Tower with Radar,0,8,11,0,19,0,0,0,1,1,0,8,11,1,20,14,10,24,44
02/07/2020,SPI,IL,AGL,CE,Combined TRACON& Tower with Radar,2,9,5,4,20,0,0,21,3,24,2,9,26,7,44,2,11,13,57
02/08/2020,SPI,IL,AGL,CE,Combined TRACON& Tower with Radar,2,5,6,0,13,0,0,0,2,2,2,5,6,2,15,4,0,4,19
02/09/2020,SPI,IL,AGL,CE,Combined TRACON& Tower with Radar,1,8,2,0,11,0,0,0,0,0,1,8,2,0,11,0,1,1,12
02/10/2020,SPI,IL,AGL,CE,Combined TRACON& Tower with Radar,2,7,11,17,37,0,0,2,0,2,2,7,13,17,39,8,16,24,63
02/11/2020,SPI,IL,AGL,CE,Combined TRACON& Tower with Radar,0,10,15,25,50,0,1,16,1,18,0,11,31,26,68,0,46,46,114
02/12/2020,SPI,IL,AGL,CE,Combined TRACON& Tower with Radar,2,11,1,0,14,0,0,4,0,4,2,11,5,0,18,0,1,1,19
02/13/2020,SPI,IL,AGL,CE,Combined TRACON& Tower with Radar,3,7,8,4,22,0,0,4,0,4,3,7,12,4,26,0,0,0,26
02/14/2020,SPI,IL,AGL,CE,Combined TRACON& Tower with Radar,6,5,14,0,25,0,1,14,0,15,6,6,28,0,40,6,9,15,55
02/15/2020,SPI,IL,AGL,CE,Combined TRACON& Tower with Radar,6,6,7,0,19,0,2,8,0,10,6,8,15,0,29,0,4,4,33
02/16/2020,SPI,IL,AGL,CE,Combined TRACON& Tower with Radar,4,3,19,0,26,0,2,38,0,40,4,5,57,0,66,30,7,37,103
02/17/2020,SPI,IL,AGL,CE,Combined TRACON& Tower with Radar,6,6,9,0,21,0,0,0,0,0,6,6,9,0,21,0,1,1,22
02/18/2020,SPI,IL,AGL,CE,Combined TRACON& Tower with Radar,6,11,14,0,31,0,0,4,0,4,6,11,18,0,35,16,2,18,53
02/19/2020,SPI,IL,AGL,CE,Combined TRACON& Tower with Radar,6,10,25,4,45,0,0,16,0,16,6,10,41,4,61,64,0,64,125
02/20/2020,SPI,IL,AGL,CE,Combined TRACON& Tower with Radar,4,6,27,15,52,0,0,33,3,36,4,6,60,18,88,8,6,14,102
02/21/2020,SPI,IL,AGL,CE,Combined TRACON& Tower with Radar,6,3,17,1,27,0,0,14,0,14,6,3,31,1,41,22,2,24,65
02/22/2020,SPI,IL,AGL,CE,Combined TRACON& Tower with Radar,6,5,24,0,35,0,3,21,0,24,6,8,45,0,59,22,3,25,84
02/23/2020,SPI,IL,AGL,CE,Combined TRACON& Tower with Radar,4,7,24,0,35,0,0,24,0,24,4,7,48,0,59,78,9,87,146
02/24/2020,SPI,IL,AGL,CE,Combined TRACON& Tower with Radar,6,3,7,0,16,0,0,1,0,1,6,3,8,0,17,0,0,0,17
02/25/2020,SPI,IL,AGL,CE,Combined TRACON& Tower with Radar,4,7,6,0,17,0,0,0,0,0,4,7,6,0,17,0,0,0,17
02/26/2020,SPI,IL,AGL,CE,Combined TRACON& Tower with Radar,6,5,4,0,15,0,0,6,0,6,6,5,10,0,21,24,3,27,48
02/27/2020,SPI,IL,AGL,CE,Combined TRACON& Tower with Radar,4,8,11,1,24,0,4,27,3,34,4,12,38,4,58,26,23,49,107
02/28/2020,SPI,IL,AGL,CE,Combined TRACON& Tower with Radar,6,17,4,12,39,0,0,5,0,5,6,17,9,12,44,0,14,14,58
02/29/2020,SPI,IL,AGL,CE,Combined TRACON& Tower with Radar,6,3,13,0,22,0,0,38,0,38,6,3,51,0,60,84,3,87,147
03/01/2020,SPI,IL,AGL,CE,Combined TRACON& Tower with Radar,4,3,25,0,32,0,0,17,0,17,4,3,42,0,49,28,0,28,77
03/02/2020,SPI,IL,AGL,CE,Combined TRACON& Tower with Radar,6,5,10,4,25,0,3,13,0,16,6,8,23,4,41,26,7,33,74
03/03/2020,SPI,IL,AGL,CE,Combined TRACON& Tower with Radar,5,7,19,7,38,0,1,13,22,36,5,8,32,29,74,6,4,10,84
03/04/2020,SPI,IL,AGL,CE,Combined TRACON& Tower with Radar,5,15,15,0,35,0,5,34,0,39,5,20,49,0,74,10,11,21,95
03/05/2020,SPI,IL,AGL,CE,Combined TRACON& Tower with Radar,3,8,13,3,27,0,0,17,2,19,3,8,30,5,46,16,2,18,64
03/06/2020,SPI,IL,AGL,CE,Combined TRACON& Tower with Radar,6,3,15,0,24,0,0,22,3,25,6,3,37,3,49,4,2,6,55
03/07/2020,SPI,IL,AGL,CE,Combined TRACON& Tower with Radar,6,4,14,0,24,0,0,34,0,34,6,4,48,0,58,6,3,9,67
03/08/2020,SPI,IL,AGL,CE,Combined TRACON& Tower with Radar,4,3,4,0,11,0,1,25,0,26,4,4,29,0,37,2,4,6,43
03/09/2020,SPI,IL,AGL,CE,Combined TRACON& Tower with Radar,6,3,6,0,15,0,0,8,0,8,6,3,14,0,23,8,0,8,31
03/10/2020,SPI,IL,AGL,CE,Combined TRACON& Tower with Radar,6,4,8,9,27,0,0,0,0,0,6,4,8,9,27,26,1,27,54
03/11/2020,SPI,IL,AGL,CE,Combined TRACON& Tower with Radar,6,10,13,2,31,0,0,2,0,2,6,10,15,2,33,48,0,48,81
03/12/2020,SPI,IL,AGL,CE,Combined TRACON& Tower with Radar,3,4,11,0,18,0,0,0,0,0,3,4,11,0,18,0,0,0,18
03/13/2020,SPI,IL,AGL,CE,Combined TRACON& Tower with Radar,6,6,20,0,32,0,3,53,0,56,6,9,73,0,88,70,2,72,160
03/14/2020,SPI,IL,AGL,CE,Combined TRACON& Tower with Radar,6,3,2,0,11,0,0,0,0,0,6,3,2,0,11,0,1,1,12
03/15/2020,SPI,IL,AGL,CE,Combined TRACON& Tower with Radar,4,3,10,0,17,0,0,16,0,16,4,3,26,0,33,10,7,17,50
03/16/2020,SPI,IL,AGL,CE,Combined TRACON& Tower with Radar,16,7,11,35,69,0,0,2,1,3,16,7,13,36,72,0,12,12,84
03/17/2020,SPI,IL,AGL,CE,Combined TRACON& Tower with Radar,6,3,10,20,39,0,0,11,0,11,6,3,21,20,50,40,17,57,107
03/18/2020,SPI,IL,AGL,CE,Combined TRACON& Tower with Radar,6,5,8,2,21,0,0,0,0,0,6,5,8,2,21,0,0,0,21
03/19/2020,SPI,IL,AGL,CE,Combined TRACON& Tower with Radar,3,5,14,0,22,0,0,3,0,3,3,5,17,0,25,0,0,0,25
03/20/2020,SPI,IL,AGL,CE,Combined TRACON& Tower with Radar,6,7,8,15,36,0,1,2,3,6,6,8,10,18,42,1,18,19,61
03/21/2020,SPI,IL,AGL,CE,Combined TRACON& Tower with Radar,6,4,7,0,17,0,0,22,0,22,6,4,29,0,39,14,2,16,55
03/22/2020,SPI,IL,AGL,CE,Combined TRACON& Tower with Radar,4,2,0,0,6,0,0,5,0,5,4,2,5,0,11,2,1,3,14
03/23/2020,SPI,IL,AGL,CE,Combined TRACON& Tower with Radar,6,7,0,0,13,0,0,1,0,1,6,7,1,0,14,0,2,2,16
03/24/2020,SPI,IL,AGL,CE,Combined TRACON& Tower with Radar,4,4,1,0,9,0,0,2,0,2,4,4,3,0,11,0,3,3,14
03/25/2020,SPI,IL,AGL,CE,Combined TRACON& Tower with Radar,6,3,4,11,24,0,0,8,1,9,6,3,12,12,33,50,18,68,101
03/26/2020,SPI,IL,AGL,CE,Combined TRACON& Tower with Radar,4,4,5,6,19,0,0,2,0,2,4,4,7,6,21,0,0,0,21
03/27/2020,SPI,IL,AGL,CE,Combined TRACON& Tower with Radar,4,2,16,0,22,0,2,0,0,2,4,4,16,0,24,0,3,3,27
03/28/2020,SPI,IL,AGL,CE,Combined TRACON& Tower with Radar,5,2,0,0,7,0,0,0,0,0,5,2,0,0,7,0,2,2,9
03/29/2020,SPI,IL,AGL,CE,Combined TRACON& Tower with Radar,4,3,1,0,8,0,0,1,2,3,4,3,2,2,11,0,2,2,13
03/30/2020,SPI,IL,AGL,CE,Combined TRACON& Tower with Radar,4,5,4,0,13,0,0,24,0,24,4,5,28,0,37,30,2,32,69
03/31/2020,SPI,IL,AGL,CE,Combined TRACON& Tower with Radar,4,0,11,11,26,0,0,13,1,14,4,0,24,12,40,24,0,24,64
04/01/2020,SPI,IL,AGL,CE,Combined TRACON& Tower with Radar,4,0,7,0,11,0,0,30,4,34,4,0,37,4,45,30,2,32,77
04/02/2020,SPI,IL,AGL,CE,Combined TRACON& Tower with Radar,2,2,5,0,9,0,0,19,0,19,2,2,24,0,28,22,8,30,58
04/03/2020,SPI,IL,AGL,CE,Combined TRACON& Tower with Radar,4,3,13,16,36,0,0,4,2,6,4,3,17,18,42,6,14,20,62
04/04/2020,SPI,IL,AGL,CE,Combined TRACON& Tower with Radar,4,1,9,0,14,0,0,3,0,3,4,1,12,0,17,0,0,0,17
04/05/2020,SPI,IL,AGL,CE,Combined TRACON& Tower with Radar,4,1,6,0,11,0,1,44,0,45,4,2,50,0,56,7,6,13,69
04/06/2020,SPI,IL,AGL,CE,Combined TRACON& Tower with Radar,6,2,10,19,37,0,0,8,1,9,6,2,18,20,46,0,26,26,72
04/07/2020,SPI,IL,AGL,CE,Combined TRACON& Tower with Radar,4,3,3,10,20,0,0,15,2,17,4,3,18,12,37,2,14,16,53
04/08/2020,SPI,IL,AGL,CE,Combined TRACON& Tower with Radar,4,3,7,7,21,0,4,20,0,24,4,7,27,7,45,4,6,10,55
04/09/2020,SPI,IL,AGL,CE,Combined TRACON& Tower with Radar,4,2,1,4,11,0,4,4,0,8,4,6,5,4,19,6,0,6,25
04/10/2020,SPI,IL,AGL,CE,Combined TRACON& Tower with Radar,2,5,8,4,19,0,0,28,0,28,2,5,36,4,47,2,4,6,53
04/11/2020,SPI,IL,AGL,CE,Combined TRACON& Tower with Radar,3,0,5,0,8,0,0,18,0,18,3,0,23,0,26,2,1,3,29
04/12/2020,SPI,IL,AGL,CE,Combined TRACON& Tower with Radar,3,2,4,0,9,0,0,2,0,2,3,2,6,0,11,0,9,9,20
04/13/2020,SPI,IL,AGL,CE,Combined TRACON& Tower with Radar,5,3,0,0,8,0,0,10,0,10,5,3,10,0,18,12,1,13,31
04/14/2020,SPI,IL,AGL,CE,Combined TRACON& Tower with Radar,4,2,5,4,15,0,2,21,0,23,4,4,26,4,38,18,4,22,60
04/15/2020,SPI,IL,AGL,CE,Combined TRACON& Tower with Radar,4,1,6,18,29,0,0,14,0,14,4,1,20,18,43,2,14,16,59
04/16/2020,SPI,IL,AGL,CE,Combined TRACON& Tower with Radar,4,5,6,0,15,0,0,1,0,1,4,5,7,0,16,0,1,1,17
04/17/2020,SPI,IL,AGL,CE,Combined TRACON& Tower with Radar,6,2,11,2,21,0,1,1,0,2,6,3,12,2,23,0,3,3,26
04/18/2020,SPI,IL,AGL,CE,Combined TRACON& Tower with Radar,4,0,7,0,11,0,0,51,2,53,4,0,58,2,64,24,3,27,91
04/19/2020,SPI,IL,AGL,CE,Combined TRACON& Tower with Radar,4,1,4,0,9,0,0,24,4,28,4,1,28,4,37,0,0,0,37
04/20/2020,SPI,IL,AGL,CE,Combined TRACON& Tower with Radar,6,2,29,0,37,0,2,24,2,28,6,4,53,2,65,32,1,33,98
04/21/2020,SPI,IL,AGL,CE,Combined TRACON& Tower with Radar,4,1,7,2,14,0,2,21,0,23,4,3,28,2,37,22,6,28,65
04/22/2020,SPI,IL,AGL,CE,Combined TRACON& Tower with Radar,5,5,1,1,12,0,2,9,3,14,5,7,10,4,26,2,7,9,35
04/23/2020,SPI,IL,AGL,CE,Combined TRACON& Tower with Radar,5,0,8,0,13,0,2,4,0,6,5,2,12,0,19,0,4,4,23
04/24/2020,SPI,IL,AGL,CE,Combined TRACON& Tower with Radar,6,1,9,21,37,0,0,13,6,19,6,1,22,27,56,6,3,9,65
04/25/2020,SPI,IL,AGL,CE,Combined TRACON& Tower with Radar,4,1,4,0,9,0,0,0,0,0,4,1,4,0,9,0,0,0,9
04/26/2020,SPI,IL,AGL,CE,Combined TRACON& Tower with Radar,6,0,10,0,16,0,1,33,0,34,6,1,43,0,50,26,15,41,91
04/27/2020,SPI,IL,AGL,CE,Combined TRACON& Tower with Radar,6,0,8,7,21,0,0,13,5,18,6,0,21,12,39,14,12,26,65
04/28/2020,SPI,IL,AGL,CE,Combined TRACON& Tower with Radar,4,1,5,0,10,0,0,9,0,9,4,1,14,0,19,6,3,9,28
04/29/2020,SPI,IL,AGL,CE,Combined TRACON& Tower with Radar,2,4,4,0,10,0,0,3,0,3,2,4,7,0,13,0,0,0,13
04/30/2020,SPI,IL,AGL,CE,Combined TRACON& Tower with Radar,2,1,6,7,16,0,0,11,6,17,2,1,17,13,33,2,5,7,40
05/01/2020,SPI,IL,AGL,CE,Combined TRACON& Tower with Radar,2,0,14,0,16,0,0,36,0,36,2,0,50,0,52,0,0,0,52
05/02/2020,SPI,IL,AGL,CE,Combined TRACON& Tower with Radar,0,0,5,0,5,0,0,28,1,29,0,0,33,1,34,0,2,2,36
05/03/2020,SPI,IL,AGL,CE,Combined TRACON& Tower with Radar,2,2,2,0,6,0,0,11,0,11,2,2,13,0,17,10,0,10,27
05/04/2020,SPI,IL,AGL,CE,Combined TRACON& Tower with Radar,3,4,5,16,28,0,3,23,2,28,3,7,28,18,56,6,17,23,79
05/05/2020,SPI,IL,AGL,CE,Combined TRACON& Tower with Radar,2,0,1,0,3,0,0,0,0,0,2,0,1,0,3,0,0,0,3
05/06/2020,SPI,IL,AGL,CE,Combined TRACON& Tower with Radar,0,2,10,5,17,0,2,18,3,23,0,4,28,8,40,8,0,8,48
05/07/2020,SPI,IL,AGL,CE,Combined TRACON& Tower with Radar,0,2,4,0,6,0,0,21,3,24,0,2,25,3,30,12,2,14,44
05/08/2020,SPI,IL,AGL,CE,Combined TRACON& Tower with Radar,2,4,10,12,28,0,0,9,0,9,2,4,19,12,37,2,12,14,51
05/09/2020,SPI,IL,AGL,CE,Combined TRACON& Tower with Radar,1,2,14,0,17,0,1,64,0,65,1,3,78,0,82,36,2,38,120
05/10/2020,SPI,IL,AGL,CE,Combined TRACON& Tower with Radar,0,4,5,0,9,0,1,2,0,3,0,5,7,0,12,0,6,6,18
05/11/2020,SPI,IL,AGL,CE,Combined TRACON& Tower with Radar,2,4,6,10,22,0,1,18,0,19,2,5,24,10,41,0,14,14,55
05/12/2020,SPI,IL,AGL,CE,Combined TRACON& Tower with Radar,0,4,4,12,20,0,0,25,0,25,0,4,29,12,45,8,24,32,77
05/13/2020,SPI,IL,AGL,CE,Combined TRACON& Tower with Radar,0,6,13,12,31,0,0,0,0,0,0,6,13,12,31,0,0,0,31
05/14/2020,SPI,IL,AGL,CE,Combined TRACON& Tower with Radar,0,4,7,2,13,0,0,1,3,4,0,4,8,5,17,0,2,2,19
05/15/2020,SPI,IL,AGL,CE,Combined TRACON& Tower with Radar,0,8,15,0,23,0,0,4,0,4,0,8,19,0,27,0,1,1,28
05/16/2020,SPI,IL,AGL,CE,Combined TRACON& Tower with Radar,2,4,5,0,11,0,0,12,0,12,2,4,17,0,23,18,1,19,42
05/17/2020,SPI,IL,AGL,CE,Combined TRACON& Tower with Radar,0,8,4,0,12,0,0,0,0,0,0,8,4,0,12,0,0,0,12
05/18/2020,SPI,IL,AGL,CE,Combined TRACON& Tower with Radar,0,4,9,0,13,0,0,1,0,1,0,4,10,0,14,2,0,2,16
05/19/2020,SPI,IL,AGL,CE,Combined TRACON& Tower with Radar,0,5,14,1,20,0,0,0,0,0,0,5,14,1,20,0,0,0,20
05/20/2020,SPI,IL,AGL,CE,Combined TRACON& Tower with Radar,0,7,11,16,34,0,0,1,0,1,0,7,12,16,35,0,1,1,36
05/21/2020,SPI,IL,AGL,CE,Combined TRACON& Tower with Radar,0,5,15,32,52,0,3,2,0,5,0,8,17,32,57,16,2,18,75
05/22/2020,SPI,IL,AGL,CE,Combined TRACON& Tower with Radar,0,4,15,0,19,0,0,27,1,28,0,4,42,1,47,18,1,19,66
05/23/2020,SPI,IL,AGL,CE,Combined TRACON& Tower with Radar,2,4,5,0,11,0,1,19,0,20,2,5,24,0,31,24,3,27,58
05/24/2020,SPI,IL,AGL,CE,Combined TRACON& Tower with Radar,0,7,7,0,14,0,3,33,0,36,0,10,40,0,50,42,2,44,94
05/25/2020,SPI,IL,AGL,CE,Combined TRACON& Tower with Radar,0,4,4,0,8,0,0,18,0,18,0,4,22,0,26,2,0,2,28
05/26/2020,SPI,IL,AGL,CE,Combined TRACON& Tower with Radar,0,5,7,12,24,0,0,14,0,14,0,5,21,12,38,0,18,18,56
05/27/2020,SPI,IL,AGL,CE,Combined TRACON& Tower with Radar,0,7,0,1,8,0,0,0,0,0,0,7,0,1,8,0,1,1,9
05/28/2020,SPI,IL,AGL,CE,Combined TRACON& Tower with Radar,0,5,7,0,12,0,0,5,0,5,0,5,12,0,17,0,0,0,17
05/29/2020,SPI,IL,AGL,CE,Combined TRACON& Tower with Radar,0,6,15,11,32,0,0,32,1,33,0,6,47,12,65,6,16,22,87
05/30/2020,SPI,IL,AGL,CE,Combined TRACON& Tower with Radar,2,4,10,0,16,0,0,34,0,34,2,4,44,0,50,20,1,21,71
05/31/2020,SPI,IL,AGL,CE,Combined TRACON& Tower with Radar,0,8,6,0,14,0,1,32,1,34,0,9,38,1,48,24,9,33,81
06/01/2020,SPI,IL,AGL,CE,Combined TRACON& Tower with Radar,0,5,8,0,13,0,0,17,0,17,0,5,25,0,30,4,0,4,34
06/02/2020,SPI,IL,AGL,CE,Combined TRACON& Tower with Radar,0,6,9,0,15,0,0,24,0,24,0,6,33,0,39,14,3,17,56
06/03/2020,SPI,IL,AGL,CE,Combined TRACON& Tower with Radar,2,4,8,14,28,0,0,8,0,8,2,4,16,14,36,0,18,18,54
06/04/2020,SPI,IL,AGL,CE,Combined TRACON& Tower with Radar,0,3,7,0,10,0,0,5,0,5,0,3,12,0,15,16,4,20,35
06/05/2020,SPI,IL,AGL,CE,Combined TRACON& Tower with Radar,0,6,6,0,12,0,2,8,0,10,0,8,14,0,22,0,2,2,24
06/06/2020,SPI,IL,AGL,CE,Combined TRACON& Tower with Radar,2,3,3,0,8,0,1,14,0,15,2,4,17,0,23,14,2,16,39
06/07/2020,SPI,IL,AGL,CE,Combined TRACON& Tower with Radar,0,3,6,0,9,0,0,34,0,34,0,3,40,0,43,8,6,14,57
06/08/2020,SPI,IL,AGL,CE,Combined TRACON& Tower with Radar,0,3,5,16,24,0,0,27,0,27,0,3,32,16,51,12,32,44,95
06/09/2020,SPI,IL,AGL,CE,Combined TRACON& Tower with Radar,0,3,1,0,4,0,0,0,0,0,0,3,1,0,4,0,1,1,5
06/10/2020,SPI,IL,AGL,CE,Combined TRACON& Tower with Radar,2,4,5,14,25,0,0,13,2,15,2,4,18,16,40,0,0,0,40
06/11/2020,SPI,IL,AGL,CE,Combined TRACON& Tower with Radar,0,3,5,4,12,0,0,30,0,30,0,3,35,4,42,24,34,58,100
06/12/2020,SPI,IL,AGL,CE,Combined TRACON& Tower with Radar,0,3,15,10,28,0,2,30,0,32,0,5,45,10,60,40,6,46,106
06/13/2020,SPI,IL,AGL,CE,Combined TRACON& Tower with Radar,1,5,17,16,39,0,2,30,0,32,1,7,47,16,71,20,12,32,103
06/14/2020,SPI,IL,AGL,CE,Combined TRACON& Tower with Radar,0,3,10,0,13,0,0,26,0,26,0,3,36,0,39,2,0,2,41
06/15/2020,SPI,IL,AGL,CE,Combined TRACON& Tower with Radar,0,3,8,8,19,0,2,22,2,26,0,5,30,10,45,0,48,48,93
06/16/2020,SPI,IL,AGL,CE,Combined TRACON& Tower with Radar,0,4,5,3,12,0,3,28,5,36,0,7,33,8,48,22,12,34,82
06/17/2020,SPI,IL,AGL,CE,Combined TRACON& Tower with Radar,1,3,5,0,9,0,2,23,0,25,1,5,28,0,34,12,4,16,50
06/18/2020,SPI,IL,AGL,CE,Combined TRACON& Tower with Radar,0,5,6,12,23,0,0,34,0,34,0,5,40,12,57,0,37,37,94
06/19/2020,SPI,IL,AGL,CE,Combined TRACON& Tower with Radar,0,3,5,4,12,0,0,19,0,19,0,3,24,4,31,10,16,26,57
06/20/2020,SPI,IL,AGL,CE,Combined TRACON& Tower with Radar,2,4,2,0,8,0,0,12,0,12,2,4,14,0,20,16,1,17,37
06/21/2020,SPI,IL,AGL,CE,Combined TRACON& Tower with Radar,0,3,7,0,10,0,0,10,0,10,0,3,17,0,20,2,0,2,22
06/22/2020,SPI,IL,AGL,CE,Combined TRACON& Tower with Radar,0,3,16,6,25,0,0,17,2,19,0,3,33,8,44,2,26,28,72
06/23/2020,SPI,IL,AGL,CE,Combined TRACON& Tower with Radar,0,5,8,1,14,0,2,20,3,25,0,7,28,4,39,6,8,14,53
06/24/2020,SPI,IL,AGL,CE,Combined TRACON& Tower with Radar,2,3,8,16,29,0,2,10,0,12,2,5,18,16,41,5,16,21,62
06/25/2020,SPI,IL,AGL,CE,Combined TRACON& Tower with Radar,0,3,4,12,19,0,3,18,3,24,0,6,22,15,43,2,21,23,66
06/26/2020,SPI,IL,AGL,CE,Combined TRACON& Tower with Radar,0,3,8,0,11,0,0,8,0,8,0,3,16,0,19,29,3,32,51
06/27/2020,SPI,IL,AGL,CE,Combined TRACON& Tower with Radar,0,3,3,0,6,0,0,0,0,0,0,3,3,0,6,0,0,0,6
06/28/2020,SPI,IL,AGL,CE,Combined TRACON& Tower with Radar,0,3,4,0,7,0,0,7,0,7,0,3,11,0,14,16,1,17,31
06/29/2020,SPI,IL,AGL,CE,Combined TRACON& Tower with Radar,0,3,6,0,9,0,0,24,0,24,0,3,30,0,33,0,0,0,33
06/30/2020,SPI,IL,AGL,CE,Combined TRACON& Tower with Radar,0,3,4,0,7,0,0,0,0,0,0,3,4,0,7,0,0,0,7
07/01/2020,SPI,IL,AGL,CE,Combined TRACON& Tower with Radar,2,3,1,0,6,0,2,3,0,5,2,5,4,0,11,1,0,1,12
07/02/2020,SPI,IL,AGL,CE,Combined TRACON& Tower with Radar,0,3,8,0,11,0,0,17,0,17,0,3,25,0,28,2,0,2,30
07/03/2020,SPI,IL,AGL,CE,Combined TRACON& Tower with Radar,0,5,3,0,8,0,4,22,0,26,0,9,25,0,34,35,1,36,70
07/04/2020,SPI,IL,AGL,CE,Combined TRACON& Tower with Radar,2,3,4,0,9,0,0,22,5,27,2,3,26,5,36,20,0,20,56
07/05/2020,SPI,IL,AGL,CE,Combined TRACON& Tower with Radar,0,3,6,0,9,0,0,20,0,20,0,3,26,0,29,0,0,0,29
07/06/2020,SPI,IL,AGL,CE,Combined TRACON& Tower with Radar,0,4,9,0,13,0,3,23,0,26,0,7,32,0,39,2,4,6,45
07/07/2020,SPI,IL,AGL,CE,Combined TRACON& Tower with Radar,0,4,12,0,16,0,0,23,2,25,0,4,35,2,41,0,7,7,48
07/08/2020,SPI,IL,AGL,CE,Combined TRACON& Tower with Radar,4,8,8,0,20,0,0,20,0,20,4,8,28,0,40,0,1,1,41
07/09/2020,SPI,IL,AGL,CE,Combined TRACON& Tower with Radar,0,6,5,17,28,0,0,7,1,8,0,6,12,18,36,4,21,25,61
07/10/2020,SPI,IL,AGL,CE,Combined TRACON& Tower with Radar,0,7,12,0,19,0,0,23,0,23,0,7,35,0,42,12,0,12,54
07/11/2020,SPI,IL,AGL,CE,Combined TRACON& Tower with Radar,4,4,3,0,11,0,3,24,0,27,4,7,27,0,38,26,3,29,67
07/12/2020,SPI,IL,AGL,CE,Combined TRACON& Tower with Radar,0,11,12,0,23,0,1,39,1,41,0,12,51,1,64,70,3,73,137
07/13/2020,SPI,IL,AGL,CE,Combined TRACON& Tower with Radar,0,4,7,0,11,0,2,26,0,28,0,6,33,0,39,6,0,6,45
07/14/2020,SPI,IL,AGL,CE,Combined TRACON& Tower with Radar,0,4,7,1,12,0,0,25,1,26,0,4,32,2,38,20,0,20,58
07/15/2020,SPI,IL,AGL,CE,Combined TRACON& Tower with Radar,2,5,1,0,8,0,0,0,1,1,2,5,1,1,9,0,0,0,9
07/16/2020,SPI,IL,AGL,CE,Combined TRACON& Tower with Radar,0,7,8,4,19,0,6,17,4,27,0,13,25,8,46,42,1,43,89
07/17/2020,SPI,IL,AGL,CE,Combined TRACON& Tower with Radar,0,12,14,0,26,0,1,14,1,16,0,13,28,1,42,60,2,62,104
07/18/2020,SPI,IL,AGL,CE,Combined TRACON& Tower with Radar,1,5,8,0,14,0,0,19,0,19,1,5,27,0,33,16,4,20,53
07/19/2020,SPI,IL,AGL,CE,Combined TRACON& Tower with Radar,0,5,7,0,12,0,0,13,0,13,0,5,20,0,25,0,2,2,27
07/20/2020,SPI,IL,AGL,CE,Combined TRACON& Tower with Radar,0,4,9,6,19,0,2,20,0,22,0,6,29,6,41,0,15,15,56
07/21/2020,SPI,IL,AGL,CE,Combined TRACON& Tower with Radar,0,4,4,0,8,0,0,9,0,9,0,4,13,0,17,6,2,8,25
07/22/2020,SPI,IL,AGL,CE,Combined TRACON& Tower with Radar,2,4,12,0,18,0,0,7,0,7,2,4,19,0,25,48,0,48,73
07/23/2020,SPI,IL,AGL,CE,Combined TRACON& Tower with Radar,0,8,10,0,18,0,3,40,0,43,0,11,50,0,61,48,4,52,113
07/24/2020,SPI,IL,AGL,CE,Combined TRACON& Tower with Radar,0,5,16,7,28,0,2,36,1,39,0,7,52,8,67,4,10,14,81
07/25/2020,SPI,IL,AGL,CE,Combined TRACON& Tower with Radar,1,5,9,0,15,0,0,28,0,28,1,5,37,0,43,44,0,44,87
07/26/2020,SPI,IL,AGL,CE,Combined TRACON& Tower with Radar,0,5,8,0,13,0,0,25,0,25,0,5,33,0,38,0,0,0,38
07/27/2020,SPI,IL,AGL,CE,Combined TRACON& Tower with Radar,0,4,7,0,11,0,0,2,0,2,0,4,9,0,13,0,3,3,16
07/28/2020,SPI,IL,AGL,CE,Combined TRACON& Tower with Radar,0,8,5,4,17,0,0,38,0,38,0,8,43,4,55,22,6,28,83
07/29/2020,SPI,IL,AGL,CE,Combined TRACON& Tower with Radar,2,4,8,0,14,0,0,22,0,22,2,4,30,0,36,46,0,46,82
07/30/2020,SPI,IL,AGL,CE,Combined TRACON& Tower with Radar,0,5,9,0,14,0,0,1,0,1,0,5,10,0,15,0,0,0,15
07/31/2020,SPI,IL,AGL,CE,Combined TRACON& Tower with Radar,0,8,9,0,17,0,1,25,0,26,0,9,34,0,43,42,2,44,87
08/01/2020,SPI,IL,AGL,CE,Combined TRACON& Tower with Radar,1,7,9,0,17,0,0,7,0,7,1,7,16,0,24,20,0,20,44
08/02/2020,SPI,IL,AGL,CE,Combined TRACON& Tower with Radar,0,4,14,0,18,0,2,29,0,31,0,6,43,0,49,26,0,26,75
08/03/2020,SPI,IL,AGL,CE,Combined TRACON& Tower with Radar,0,5,9,16,30,0,0,2,0,2,0,5,11,16,32,6,0,6,38
08/04/2020,SPI,IL,AGL,CE,Combined TRACON& Tower with Radar,0,9,9,12,30,0,1,31,1,33,0,10,40,13,63,76,2,78,141
08/05/2020,SPI,IL,AGL,CE,Combined TRACON& Tower with Radar,2,7,5,0,14,0,1,27,3,31,2,8,32,3,45,54,0,54,99
08/06/2020,SPI,IL,AGL,CE,Combined TRACON& Tower with Radar,0,5,6,4,15,0,0,32,0,32,0,5,38,4,47,6,2,8,55
08/07/2020,SPI,IL,AGL,CE,Combined TRACON& Tower with Radar,0,6,6,0,12,0,1,30,2,33,0,7,36,2,45,30,2,32,77
08/08/2020,SPI,IL,AGL,CE,Combined TRACON& Tower with Radar,2,4,17,0,23,0,1,37,0,38,2,5,54,0,61,30,3,33,94
08/09/2020,SPI,IL,AGL,CE,Combined TRACON& Tower with Radar,0,6,8,0,14,0,2,5,0,7,0,8,13,0,21,8,2,10,31
08/10/2020,SPI,IL,AGL,CE,Combined TRACON& Tower with Radar,0,7,6,2,15,0,0,16,0,16,0,7,22,2,31,8,14,22,53
08/11/2020,SPI,IL,AGL,CE,Combined TRACON& Tower with Radar,0,9,13,0,22,0,0,12,0,12,0,9,25,0,34,38,0,38,72
08/12/2020,SPI,IL,AGL,CE,Combined TRACON& Tower with Radar,2,4,11,3,20,0,0,30,1,31,2,4,41,4,51,40,4,44,95
08/13/2020,SPI,IL,AGL,CE,Combined TRACON& Tower with Radar,0,4,5,3,12,0,3,19,1,23,0,7,24,4,35,72,10,82,117
08/14/2020,SPI,IL,AGL,CE,Combined TRACON& Tower with Radar,0,10,8,0,18,0,0,22,0,22,0,10,30,0,40,28,2,30,70
08/15/2020,SPI,IL,AGL,CE,Combined TRACON& Tower with Radar,2,4,3,0,9,0,1,30,0,31,2,5,33,0,40,56,6,62,102
08/16/2020,SPI,IL,AGL,CE,Combined TRACON& Tower with Radar,0,6,10,0,16,0,0,24,0,24,0,6,34,0,40,4,0,4,44
08/17/2020,SPI,IL,AGL,CE,Combined TRACON& Tower with Radar,0,7,16,0,23,0,0,30,0,30,0,7,46,0,53,12,0,12,65
08/18/2020,SPI,IL,AGL,CE,Combined TRACON& Tower with Radar,0,5,8,11,24,0,3,32,7,42,0,8,40,18,66,70,26,96,162
08/19/2020,SPI,IL,AGL,CE,Combined TRACON& Tower with Radar,0,4,10,0,14,0,2,31,0,33,0,6,41,0,47,50,2,52,99
08/20/2020,SPI,IL,AGL,CE,Combined TRACON& Tower with Radar,0,5,11,0,16,0,2,29,0,31,0,7,40,0,47,52,3,55,102
08/21/2020,SPI,IL,AGL,CE,Combined TRACON& Tower with Radar,0,6,15,13,34,0,0,35,5,40,0,6,50,18,74,44,10,54,128
08/22/2020,SPI,IL,AGL,CE,Combined TRACON& Tower with Radar,0,10,3,0,13,0,2,27,0,29,0,12,30,0,42,22,8,30,72
08/23/2020,SPI,IL,AGL,CE,Combined TRACON& Tower with Radar,1,5,4,0,10,0,2,20,0,22,1,7,24,0,32,42,4,46,78
08/24/2020,SPI,IL,AGL,CE,Combined TRACON& Tower with Radar,0,5,4,0,9,0,3,13,0,16,0,8,17,0,25,0,2,2,27
08/25/2020,SPI,IL,AGL,CE,Combined TRACON& Tower with Radar,0,6,9,17,32,0,3,22,3,28,0,9,31,20,60,48,38,86,146
08/26/2020,SPI,IL,AGL,CE,Combined TRACON& Tower with Radar,0,4,7,0,11,0,0,23,0,23,0,4,30,0,34,0,3,3,37
08/27/2020,SPI,IL,AGL,CE,Combined TRACON& Tower with Radar,0,6,6,5,17,0,4,21,2,27,0,10,27,7,44,6,2,8,52
08/28/2020,SPI,IL,AGL,CE,Combined TRACON& Tower with Radar,0,6,8,0,14,0,0,12,0,12,0,6,20,0,26,62,0,62,88
08/29/2020,SPI,IL,AGL,CE,Combined TRACON& Tower with Radar,0,6,8,0,14,0,3,23,0,26,0,9,31,0,40,20,3,23,63
08/30/2020,SPI,IL,AGL,CE,Combined TRACON& Tower with Radar,0,8,6,0,14,0,2,23,0,25,0,10,29,0,39,18,5,23,62
08/31/2020,SPI,IL,AGL,CE,Combined TRACON& Tower with Radar,0,7,9,2,18,0,1,9,4,14,0,8,18,6,32,4,0,4,36
09/01/2020,SPI,IL,AGL,CE,Combined TRACON& Tower with Radar,0,9,9,0,18,0,0,1,0,1,0,9,10,0,19,0,0,0,19
09/02/2020,SPI,IL,AGL,CE,Combined TRACON& Tower with Radar,0,3,10,0,13,0,2,13,0,15,0,5,23,0,28,10,2,12,40
09/03/2020,SPI,IL,AGL,CE,Combined TRACON& Tower with Radar,0,5,15,5,25,0,0,25,5,30,0,5,40,10,55,24,10,34,89
09/04/2020,SPI,IL,AGL,CE,Combined TRACON& Tower with Radar,0,4,7,0,11,0,3,40,6,49,0,7,47,6,60,20,2,22,82
09/05/2020,SPI,IL,AGL,CE,Combined TRACON& Tower with Radar,0,7,11,0,18,0,0,27,0,27,0,7,38,0,45,27,2,29,74
09/06/2020,SPI,IL,AGL,CE,Combined TRACON& Tower with Radar,2,5,6,0,13,0,0,7,0,7,2,5,13,0,20,10,0,10,30
09/07/2020,SPI,IL,AGL,CE,Combined TRACON& Tower with Radar,0,2,10,0,12,0,0,12,0,12,0,2,22,0,24,20,1,21,45
09/08/2020,SPI,IL,AGL,CE,Combined TRACON& Tower with Radar,0,3,9,10,22,0,0,0,0,0,0,3,9,10,22,12,19,31,53
09/09/2020,SPI,IL,AGL,CE,Combined TRACON& Tower with Radar,2,5,12,0,19,0,0,0,0,0,2,5,12,0,19,0,0,0,19
09/10/2020,SPI,IL,AGL,CE,Combined TRACON& Tower with Radar,0,5,28,0,33,0,1,0,0,1,0,6,28,0,34,0,2,2,36
09/11/2020,SPI,IL,AGL,CE,Combined TRACON& Tower with Radar,0,2,5,0,7,0,0,3,1,4,0,2,8,1,11,38,2,40,51
09/12/2020,SPI,IL,AGL,CE,Combined TRACON& Tower with Radar,0,2,10,0,12,0,0,3,0,3,0,2,13,0,15,28,2,30,45
09/13/2020,SPI,IL,AGL,CE,Combined TRACON& Tower with Radar,0,4,14,0,18,0,0,21,0,21,0,4,35,0,39,82,2,84,123
09/14/2020,SPI,IL,AGL,CE,Combined TRACON& Tower with Radar,0,5,12,0,17,0,1,32,0,33,0,6,44,0,50,8,19,27,77
09/15/2020,SPI,IL,AGL,CE,Combined TRACON& Tower with Radar,0,2,8,11,21,0,0,39,1,40,0,2,47,12,61,56,3,59,120
09/16/2020,SPI,IL,AGL,CE,Combined TRACON& Tower with Radar,0,5,10,1,16,0,2,29,1,32,0,7,39,2,48,12,0,12,60
09/17/2020,SPI,IL,AGL,CE,Combined TRACON& Tower with Radar,0,5,5,3,13,0,1,12,3,16,0,6,17,6,29,26,15,41,70
09/18/2020,SPI,IL,AGL,CE,Combined TRACON& Tower with Radar,0,3,13,8,24,0,4,12,0,16,0,7,25,8,40,22,27,49,89
09/19/2020,SPI,IL,AGL,CE,Combined TRACON& Tower with Radar,0,6,15,0,21,0,1,25,5,31,0,7,40,5,52,22,3,25,77
09/20/2020,SPI,IL,AGL,CE,Combined TRACON& Tower with Radar,0,2,6,0,8,0,3,27,2,32,0,5,33,2,40,10,3,13,53
09/21/2020,SPI,IL,AGL,CE,Combined TRACON& Tower with Radar,0,5,15,8,28,0,0,15,2,17,0,5,30,10,45,40,8,48,93
09/22/2020,SPI,IL,AGL,CE,Combined TRACON& Tower with Radar,0,4,6,2,12,0,2,18,0,20,0,6,24,2,32,18,0,18,50
09/23/2020,SPI,IL,AGL,CE,Combined TRACON& Tower with Radar,0,2,9,11,22,0,1,21,3,25,0,3,30,14,47,42,11,53,100
09/24/2020,SPI,IL,AGL,CE,Combined TRACON& Tower with Radar,0,4,8,8,20,0,4,19,11,34,0,8,27,19,54,30,18,48,102
09/25/2020,SPI,IL,AGL,CE,Combined TRACON& Tower with Radar,0,4,12,3,19,0,0,28,1,29,0,4,40,4,48,32,2,34,82
09/26/2020,SPI,IL,AGL,CE,Combined TRACON& Tower with Radar,0,2,9,0,11,0,1,10,0,11,0,3,19,0,22,18,0,18,40
09/27/2020,SPI,IL,AGL,CE,Combined TRACON& Tower with Radar,0,4,15,9,28,0,0,19,0,19,0,4,34,9,47,12,6,18,65
09/28/2020,SPI,IL,AGL,CE,Combined TRACON& Tower with Radar,0,2,9,0,11,0,0,9,0,9,0,2,18,0,20,0,2,2,22
09/29/2020,SPI,IL,AGL,CE,Combined TRACON& Tower with Radar,4,4,5,0,13,0,2,19,0,21,4,6,24,0,34,22,2,24,58
09/30/2020,SPI,IL,AGL,CE,Combined TRACON& Tower with Radar,2,2,7,2,13,0,1,12,0,13,2,3,19,2,26,2,6,8,34
10/01/2020,SPI,IL,AGL,CE,Combined TRACON& Tower with Radar,0,9,4,9,22,0,0,15,1,16,0,9,19,10,38,60,4,64,102
10/02/2020,SPI,IL,AGL,CE,Combined TRACON& Tower with Radar,0,8,18,0,26,0,1,20,0,21,0,9,38,0,47,28,4,32,79
10/03/2020,SPI,IL,AGL,CE,Combined TRACON& Tower with Radar,2,6,9,2,19,0,0,11,0,11,2,6,20,2,30,66,4,70,100
10/04/2020,SPI,IL,AGL,CE,Combined TRACON& Tower with Radar,0,10,12,0,22,0,4,13,0,17,0,14,25,0,39,2,4,6,45
10/05/2020,SPI,IL,AGL,CE,Combined TRACON& Tower with Radar,0,6,11,1,18,0,6,20,1,27,0,12,31,2,45,24,0,24,69
10/06/2020,SPI,IL,AGL,CE,Combined TRACON& Tower with Radar,0,4,17,4,25,0,2,16,2,20,0,6,33,6,45,36,3,39,84
10/07/2020,SPI,IL,AGL,CE,Combined TRACON& Tower with Radar,2,2,8,0,12,0,1,20,2,23,2,3,28,2,35,24,2,26,61
10/08/2020,SPI,IL,AGL,CE,Combined TRACON& Tower with Radar,0,3,5,1,9,0,2,21,1,24,0,5,26,2,33,37,4,41,74
10/09/2020,SPI,IL,AGL,CE,Combined TRACON& Tower with Radar,0,9,17,0,26,0,0,16,0,16,0,9,33,0,42,24,2,26,68
10/10/2020,SPI,IL,AGL,CE,Combined TRACON& Tower with Radar,2,6,24,0,32,0,0,22,2,24,2,6,46,2,56,12,3,15,71
10/11/2020,SPI,IL,AGL,CE,Combined TRACON& Tower with Radar,0,3,9,0,12,0,0,10,0,10,0,3,19,0,22,0,0,0,22
10/12/2020,SPI,IL,AGL,CE,Combined TRACON& Tower with Radar,0,5,4,0,9,0,0,1,0,1,0,5,5,0,10,0,2,2,12
10/13/2020,SPI,IL,AGL,CE,Combined TRACON& Tower with Radar,0,5,9,0,14,0,1,12,0,13,0,6,21,0,27,0,1,1,28
10/14/2020,SPI,IL,AGL,CE,Combined TRACON& Tower with Radar,2,3,6,0,11,0,4,6,0,10,2,7,12,0,21,0,0,0,21
10/15/2020,SPI,IL,AGL,CE,Combined TRACON& Tower with Radar,0,12,16,4,32,0,5,5,0,10,0,17,21,4,42,6,0,6,48
10/16/2020,SPI,IL,AGL,CE,Combined TRACON& Tower with Radar,0,6,17,2,25,0,1,22,0,23,0,7,39,2,48,12,4,16,64
10/17/2020,SPI,IL,AGL,CE,Combined TRACON& Tower with Radar,2,3,6,0,11,0,0,0,2,2,2,3,6,2,13,0,0,0,13
10/18/2020,SPI,IL,AGL,CE,Combined TRACON& Tower with Radar,0,5,24,0,29,0,2,14,0,16,0,7,38,0,45,0,0,0,45
10/19/2020,SPI,IL,AGL,CE,Combined TRACON& Tower with Radar,0,3,11,0,14,0,1,4,0,5,0,4,15,0,19,12,4,16,35
10/20/2020,SPI,IL,AGL,CE,Combined TRACON& Tower with Radar,0,4,9,1,14,0,1,6,0,7,0,5,15,1,21,2,1,3,24
10/21/2020,SPI,IL,AGL,CE,Combined TRACON& Tower with Radar,2,6,9,1,18,0,0,0,0,0,2,6,9,1,18,0,1,1,19
10/22/2020,SPI,IL,AGL,CE,Combined TRACON& Tower with Radar,0,7,9,3,19,0,2,12,1,15,0,9,21,4,34,8,2,10,44
10/23/2020,SPI,IL,AGL,CE,Combined TRACON& Tower with Radar,0,7,5,0,12,0,0,0,0,0,0,7,5,0,12,0,0,0,12
10/24/2020,SPI,IL,AGL,CE,Combined TRACON& Tower with Radar,2,2,20,0,24,0,0,26,0,26,2,2,46,0,50,32,0,32,82
10/25/2020,SPI,IL,AGL,CE,Combined TRACON& Tower with Radar,0,5,4,0,9,0,0,19,0,19,0,5,23,0,28,12,2,14,42
10/26/2020,SPI,IL,AGL,CE,Combined TRACON& Tower with Radar,0,6,4,2,12,0,0,1,0,1,0,6,5,2,13,0,0,0,13
10/27/2020,SPI,IL,AGL,CE,Combined TRACON& Tower with Radar,0,4,8,24,36,0,0,0,0,0,0,4,8,24,36,0,0,0,36
10/28/2020,SPI,IL,AGL,CE,Combined TRACON& Tower with Radar,2,4,15,4,25,0,4,18,0,22,2,8,33,4,47,22,1,23,70
10/29/2020,SPI,IL,AGL,CE,Combined TRACON& Tower with Radar,0,3,9,2,14,0,1,0,0,1,0,4,9,2,15,0,6,6,21
10/30/2020,SPI,IL,AGL,CE,Combined TRACON& Tower with Radar,0,6,18,9,33,0,2,40,3,45,0,8,58,12,78,12,12,24,102
10/31/2020,SPI,IL,AGL,CE,Combined TRACON& Tower with Radar,2,7,12,0,21,0,0,7,0,7,2,7,19,0,28,12,0,12,40
11/01/2020,SPI,IL,AGL,CE,Combined TRACON& Tower with Radar,0,7,7,0,14,0,1,0,0,1,0,8,7,0,15,0,2,2,17
11/02/2020,SPI,IL,AGL,CE,Combined TRACON& Tower with Radar,0,6,13,0,19,0,0,11,2,13,0,6,24,2,32,0,12,12,44
11/03/2020,SPI,IL,AGL,CE,Combined TRACON& Tower with Radar,0,4,5,17,26,0,2,17,0,19,0,6,22,17,45,20,39,59,104
11/04/2020,SPI,IL,AGL,CE,Combined TRACON& Tower with Radar,2,3,10,0,15,0,3,6,0,9,2,6,16,0,24,2,10,12,36
11/05/2020,SPI,IL,AGL,CE,Combined TRACON& Tower with Radar,0,7,14,0,21,0,4,33,0,37,0,11,47,0,58,48,12,60,118
11/06/2020,SPI,IL,AGL,CE,Combined TRACON& Tower with Radar,0,6,9,5,20,0,5,33,1,39,0,11,42,6,59,0,0,0,59
11/07/2020,SPI,IL,AGL,CE,Combined TRACON& Tower with Radar,2,6,5,0,13,0,5,30,0,35,2,11,35,0,48,28,11,39,87
11/08/2020,SPI,IL,AGL,CE,Combined TRACON& Tower with Radar,0,6,11,0,17,0,4,13,0,17,0,10,24,0,34,10,6,16,50
11/09/2020,SPI,IL,AGL,CE,Combined TRACON& Tower with Radar,0,6,6,4,16,0,0,15,1,16,0,6,21,5,32,0,4,4,36
11/10/2020,SPI,IL,AGL,CE,Combined TRACON& Tower with Radar,0,5,7,0,12,0,0,1,1,2,0,5,8,1,14,0,1,1,15
11/11/2020,SPI,IL,AGL,CE,Combined TRACON& Tower with Radar,1,5,20,1,27,0,1,31,2,34,1,6,51,3,61,44,4,48,109
11/12/2020,SPI,IL,AGL,CE,Combined TRACON& Tower with Radar,1,4,16,6,27,0,0,14,6,20,1,4,30,12,47,20,0,20,67
11/13/2020,SPI,IL,AGL,CE,Combined TRACON& Tower with Radar,0,9,11,0,20,0,0,15,0,15,0,9,26,0,35,0,0,0,35
11/14/2020,SPI,IL,AGL,CE,Combined TRACON& Tower with Radar,2,5,3,0,10,0,0,1,0,1,2,5,4,0,11,0,0,0,11
11/15/2020,SPI,IL,AGL,CE,Combined TRACON& Tower with Radar,0,5,9,0,14,0,0,1,0,1,0,5,10,0,15,0,0,0,15
11/16/2020,SPI,IL,AGL,CE,Combined TRACON& Tower with Radar,0,4,8,22,34,0,0,13,0,13,0,4,21,22,47,0,0,0,47
11/17/2020,SPI,IL,AGL,CE,Combined TRACON& Tower with Radar,0,3,7,5,15,0,0,28,1,29,0,3,35,6,44,62,8,70,114
11/18/2020,SPI,IL,AGL,CE,Combined TRACON& Tower with Radar,2,3,12,0,17,0,3,7,6,16,2,6,19,6,33,4,5,9,42
11/19/2020,SPI,IL,AGL,CE,Combined TRACON& Tower with Radar,0,4,5,2,11,0,1,7,4,12,0,5,12,6,23,32,38,70,93
11/20/2020,SPI,IL,AGL,CE,Combined TRACON& Tower with Radar,0,8,11,24,43,0,3,28,2,33,0,11,39,26,76,0,0,0,76
11/21/2020,SPI,IL,AGL,CE,Combined TRACON& Tower with Radar,2,3,11,0,16,0,2,13,0,15,2,5,24,0,31,20,0,20,51
11/22/2020,SPI,IL,AGL,CE,Combined TRACON& Tower with Radar,0,7,19,0,26,0,0,4,0,4,0,7,23,0,30,6,5,11,41
11/23/2020,SPI,IL,AGL,CE,Combined TRACON& Tower with Radar,0,4,13,34,51,0,0,24,0,24,0,4,37,34,75,46,38,84,159
11/24/2020,SPI,IL,AGL,CE,Combined TRACON& Tower with Radar,2,3,7,0,12,0,0,9,0,9,2,3,16,0,21,0,1,1,22
11/25/2020,SPI,IL,AGL,CE,Combined TRACON& Tower with Radar,0,3,22,9,34,0,0,0,0,0,0,3,22,9,34,0,0,0,34
11/26/2020,SPI,IL,AGL,CE,Combined TRACON& Tower with Radar,0,1,2,0,3,0,1,10,0,11,0,2,12,0,14,22,7,29,43
11/27/2020,SPI,IL,AGL,CE,Combined TRACON& Tower with Radar,0,3,17,0,20,0,1,38,1,40,0,4,55,1,60,54,5,59,119
11/28/2020,SPI,IL,AGL,CE,Combined TRACON& Tower with Radar,2,4,10,0,16,0,0,50,0,50,2,4,60,0,66,40,2,42,108
11/29/2020,SPI,IL,AGL,CE,Combined TRACON& Tower with Radar,0,4,19,0,23,0,3,21,0,24,0,7,40,0,47,34,6,40,87
11/30/2020,SPI,IL,AGL,CE,Combined TRACON& Tower with Radar,2,6,8,12,28,0,2,7,0,9,2,8,15,12,37,0,0,0,37
12/01/2020,SPI,IL,AGL,CE,Combined TRACON& Tower with Radar,0,1,4,38,43,0,1,22,8,31,0,2,26,46,74,0,40,40,114
12/02/2020,SPI,IL,AGL,CE,Combined TRACON& Tower with Radar,2,1,12,12,27,0,2,26,6,34,2,3,38,18,61,44,27,71,132
12/03/2020,SPI,IL,AGL,CE,Combined TRACON& Tower with Radar,0,3,15,1,19,0,1,15,2,18,0,4,30,3,37,34,6,40,77
12/04/2020,SPI,IL,AGL,CE,Combined TRACON& Tower with Radar,0,2,19,12,33,0,1,17,2,20,0,3,36,14,53,10,5,15,68
12/05/2020,SPI,IL,AGL,CE,Combined TRACON& Tower with Radar,2,4,13,0,19,0,0,31,0,31,2,4,44,0,50,28,0,28,78
12/06/2020,SPI,IL,AGL,CE,Combined TRACON& Tower with Radar,0,3,5,0,8,0,1,11,0,12,0,4,16,0,20,22,2,24,44
12/07/2020,SPI,IL,AGL,CE,Combined TRACON& Tower with Radar,0,4,15,10,29,0,0,4,0,4,0,4,19,10,33,29,25,54,87
12/08/2020,SPI,IL,AGL,CE,Combined TRACON& Tower with Radar,0,2,5,0,7,0,0,5,0,5,0,2,10,0,12,0,4,4,16
12/09/2020,SPI,IL,AGL,CE,Combined TRACON& Tower with Radar,2,1,14,8,25,0,2,32,4,38,2,3,46,12,63,36,16,52,115
12/10/2020,SPI,IL,AGL,CE,Combined TRACON& Tower with Radar,0,7,25,0,32,0,2,49,0,51,0,9,74,0,83,68,5,73,156
12/11/2020,SPI,IL,AGL,CE,Combined TRACON& Tower with Radar,0,8,9,0,17,0,0,12,0,12,0,8,21,0,29,10,0,10,39
12/12/2020,SPI,IL,AGL,CE,Combined TRACON& Tower with Radar,2,2,4,0,8,0,0,0,0,0,2,2,4,0,8,0,1,1,9
12/13/2020,SPI,IL,AGL,CE,Combined TRACON& Tower with Radar,2,5,12,0,19,0,2,8,0,10,2,7,20,0,29,22,2,24,53
12/14/2020,SPI,IL,AGL,CE,Combined TRACON& Tower with Radar,0,2,18,0,20,0,0,7,0,7,0,2,25,0,27,4,4,8,35
12/15/2020,SPI,IL,AGL,CE,Combined TRACON& Tower with Radar,0,1,4,4,9,0,0,10,0,10,0,1,14,4,19,6,2,8,27
12/16/2020,SPI,IL,AGL,CE,Combined TRACON& Tower with Radar,2,2,0,0,4,0,0,0,0,0,2,2,0,0,4,0,0,0,4
12/17/2020,SPI,IL,AGL,CE,Combined TRACON& Tower with Radar,0,4,17,6,27,0,0,28,0,28,0,4,45,6,55,16,8,24,79
12/18/2020,SPI,IL,AGL,CE,Combined TRACON& Tower with Radar,0,2,16,0,18,0,0,7,0,7,0,2,23,0,25,0,5,5,30
12/19/2020,SPI,IL,AGL,CE,Combined TRACON& Tower with Radar,2,2,5,0,9,0,1,4,0,5,2,3,9,0,14,18,4,22,36
12/20/2020,SPI,IL,AGL,CE,Combined TRACON& Tower with Radar,0,2,16,0,18,0,2,32,1,35,0,4,48,1,53,24,6,30,83
12/21/2020,SPI,IL,AGL,CE,Combined TRACON& Tower with Radar,2,2,5,9,18,0,0,4,0,4,2,2,9,9,22,0,14,14,36
12/22/2020,SPI,IL,AGL,CE,Combined TRACON& Tower with Radar,0,5,18,0,23,0,3,30,0,33,0,8,48,0,56,40,5,45,101
12/23/2020,SPI,IL,AGL,CE,Combined TRACON& Tower with Radar,2,2,7,2,13,0,0,0,0,0,2,2,7,2,13,0,2,2,15
12/24/2020,SPI,IL,AGL,CE,Combined TRACON& Tower with Radar,0,0,2,0,2,0,0,6,0,6,0,0,8,0,8,0,4,4,12
12/25/2020,SPI,IL,AGL,CE,Combined TRACON& Tower with Radar,0,0,3,0,3,0,2,6,0,8,0,2,9,0,11,0,12,12,23
12/26/2020,SPI,IL,AGL,CE,Combined TRACON& Tower with Radar,2,4,24,0,30,0,0,43,0,43,2,4,67,0,73,36,2,38,111
12/27/2020,SPI,IL,AGL,CE,Combined TRACON& Tower with Radar,0,2,8,0,10,0,0,4,0,4,0,2,12,0,14,20,0,20,34
12/28/2020,SPI,IL,AGL,CE,Combined TRACON& Tower with Radar,2,2,5,10,19,0,1,5,0,6,2,3,10,10,25,12,22,34,59
12/29/2020,SPI,IL,AGL,CE,Combined TRACON& Tower with Radar,0,2,1,0,3,0,0,1,0,1,0,2,2,0,4,18,0,18,22
12/30/2020,SPI,IL,AGL,CE,Combined TRACON& Tower with Radar,2,2,16,0,20,0,0,2,0,2,2,2,18,0,22,0,0,0,22
12/31/2020,SPI,IL,AGL,CE,Combined TRACON& Tower with Radar,0,0,7,0,7,0,2,1,0,3,0,2,8,0,10,2,3,5,15
01/01/2021,SPI,IL,AGL,CE,Combined TRACON& Tower with Radar,0,2,0,0,2,0,0,0,0,0,0,2,0,0,2,0,0,0,2
01/02/2021,SPI,IL,AGL,CE,Combined TRACON& Tower with Radar,1,4,2,0,7,0,0,0,0,0,1,4,2,0,7,0,0,0,7
01/03/2021,SPI,IL,AGL,CE,Combined TRACON& Tower with Radar,0,4,6,0,10,0,0,0,0,0,0,4,6,0,10,0,0,0,10
01/04/2021,SPI,IL,AGL,CE,Combined TRACON& Tower with Radar,2,4,6,0,12,0,0,0,0,0,2,4,6,0,12,0,0,0,12
01/05/2021,SPI,IL,AGL,CE,Combined TRACON& Tower with Radar,0,13,10,0,23,0,1,17,0,18,0,14,27,0,41,0,4,4,45
01/06/2021,SPI,IL,AGL,CE,Combined TRACON& Tower with Radar,2,6,4,0,12,0,0,1,0,1,2,6,5,0,13,16,0,16,29
01/07/2021,SPI,IL,AGL,CE,Combined TRACON& Tower with Radar,0,8,7,5,20,0,1,9,3,13,0,9,16,8,33,20,4,24,57
01/08/2021,SPI,IL,AGL,CE,Combined TRACON& Tower with Radar,0,8,7,3,18,0,0,5,0,5,0,8,12,3,23,0,1,1,24
01/09/2021,SPI,IL,AGL,CE,Combined TRACON& Tower with Radar,2,5,6,0,13,0,0,4,0,4,2,5,10,0,17,10,0,10,27
01/10/2021,SPI,IL,AGL,CE,Combined TRACON& Tower with Radar,0,7,6,0,13,0,0,1,0,1,0,7,7,0,14,0,0,0,14
01/11/2021,SPI,IL,AGL,CE,Combined TRACON& Tower with Radar,0,7,6,4,17,0,0,4,0,4,0,7,10,4,21,18,0,18,39
01/12/2021,SPI,IL,AGL,CE,Combined TRACON& Tower with Radar,0,7,17,2,26,0,2,36,2,40,0,9,53,4,66,54,22,76,142
01/13/2021,SPI,IL,AGL,CE,Combined TRACON& Tower with Radar,2,11,14,1,28,0,4,16,3,23,2,15,30,4,51,56,6,62,113
01/14/2021,SPI,IL,AGL,CE,Combined TRACON& Tower with Radar,0,10,15,18,43,0,0,17,1,18,0,10,32,19,61,24,23,47,108
01/15/2021,SPI,IL,AGL,CE,Combined TRACON& Tower with Radar,0,7,8,0,15,0,0,2,0,2,0,7,10,0,17,0,1,1,18
01/16/2021,SPI,IL,AGL,CE,Combined TRACON& Tower with Radar,4,8,4,0,16,0,0,0,0,0,4,8,4,0,16,0,0,0,16
01/17/2021,SPI,IL,AGL,CE,Combined TRACON& Tower with Radar,0,5,6,0,11,0,0,0,0,0,0,5,6,0,11,0,1,1,12
01/18/2021,SPI,IL,AGL,CE,Combined TRACON& Tower with Radar,0,7,9,0,16,0,0,11,0,11,0,7,20,0,27,38,0,38,65
01/19/2021,SPI,IL,AGL,CE,Combined TRACON& Tower with Radar,0,5,6,5,16,0,0,10,1,11,0,5,16,6,27,6,4,10,37
01/20/2021,SPI,IL,AGL,CE,Combined TRACON& Tower with Radar,2,7,8,26,43,0,0,17,0,17,2,7,25,26,60,44,28,72,132
01/21/2021,SPI,IL,AGL,CE,Combined TRACON& Tower with Radar,0,12,13,10,35,0,0,28,0,28,0,12,41,10,63,40,13,53,116
01/22/2021,SPI,IL,AGL,CE,Combined TRACON& Tower with Radar,0,6,6,0,12,0,1,25,0,26,0,7,31,0,38,42,2,44,82
01/23/2021,SPI,IL,AGL,CE,Combined TRACON& Tower with Radar,2,8,7,0,17,0,3,32,1,36,2,11,39,1,53,28,7,35,88
01/24/2021,SPI,IL,AGL,CE,Combined TRACON& Tower with Radar,0,7,8,0,15,0,1,4,0,5,0,8,12,0,20,16,2,18,38
01/25/2021,SPI,IL,AGL,CE,Combined TRACON& Tower with Radar,0,6,3,0,9,0,0,0,0,0,0,6,3,0,9,0,0,0,9
01/26/2021,SPI,IL,AGL,CE,Combined TRACON& Tower with Radar,0,5,8,0,13,0,0,1,0,1,0,5,9,0,14,0,0,0,14
01/27/2021,SPI,IL,AGL,CE,Combined TRACON& Tower with Radar,2,5,5,1,13,0,0,0,0,0,2,5,5,1,13,0,2,2,15
01/28/2021,SPI,IL,AGL,CE,Combined TRACON& Tower with Radar,2,13,14,1,30,0,0,32,2,34,2,13,46,3,64,68,1,69,133
01/29/2021,SPI,IL,AGL,CE,Combined TRACON& Tower with Radar,0,8,20,12,40,0,3,36,7,46,0,11,56,19,86,46,20,66,152
01/30/2021,SPI,IL,AGL,CE,Combined TRACON& Tower with Radar,4,4,6,0,14,0,0,0,0,0,4,4,6,0,14,0,1,1,15
01/31/2021,SPI,IL,AGL,CE,Combined TRACON& Tower with Radar,0,6,1,0,7,0,0,0,0,0,0,6,1,0,7,0,0,0,7
02/01/2021,SPI,IL,AGL,CE,Combined TRACON& Tower with Radar,2,8,11,0,21,0,1,6,2,9,2,9,17,2,30,22,9,31,61
02/02/2021,SPI,IL,AGL,CE,Combined TRACON& Tower with Radar,0,6,23,0,29,0,1,6,2,9,0,7,29,2,38,20,2,22,60
02/03/2021,SPI,IL,AGL,CE,Combined TRACON& Tower with Radar,2,5,21,14,42,0,0,43,4,47,2,5,64,18,89,32,13,45,134
02/04/2021,SPI,IL,AGL,CE,Combined TRACON& Tower with Radar,0,9,3,0,12,0,0,0,0,0,0,9,3,0,12,0,0,0,12
02/05/2021,SPI,IL,AGL,CE,Combined TRACON& Tower with Radar,0,10,17,12,39,0,3,21,0,24,0,13,38,12,63,8,5,13,76
02/06/2021,SPI,IL,AGL,CE,Combined TRACON& Tower with Radar,2,6,18,2,28,0,2,17,0,19,2,8,35,2,47,20,1,21,68
02/07/2021,SPI,IL,AGL,CE,Combined TRACON& Tower with Radar,0,9,13,0,22,0,0,2,0,2,0,9,15,0,24,2,6,8,32
02/08/2021,SPI,IL,AGL,CE,Combined TRACON& Tower with Radar,0,7,6,0,13,0,0,2,0,2,0,7,8,0,15,0,0,0,15
02/09/2021,SPI,IL,AGL,CE,Combined TRACON& Tower with Radar,0,8,7,2,17,0,2,7,0,9,0,10,14,2,26,4,0,4,30
02/10/2021,SPI,IL,AGL,CE,Combined TRACON& Tower with Radar,2,11,4,0,17,0,0,0,0,0,2,11,4,0,17,0,0,0,17
02/11/2021,SPI,IL,AGL,CE,Combined TRACON& Tower with Radar,0,6,15,26,47,0,0,6,0,6,0,6,21,26,53,8,24,32,85
02/12/2021,SPI,IL,AGL,CE,Combined TRACON& Tower with Radar,2,8,5,9,24,0,0,5,3,8,2,8,10,12,32,32,4,36,68
02/13/2021,SPI,IL,AGL,CE,Combined TRACON& Tower with Radar,2,6,1,0,9,0,0,1,0,1,2,6,2,0,10,0,0,0,10
02/14/2021,SPI,IL,AGL,CE,Combined TRACON& Tower with Radar,0,6,1,0,7,0,0,1,0,1,0,6,2,0,8,0,2,2,10
02/15/2021,SPI,IL,AGL,CE,Combined TRACON& Tower with Radar,0,0,2,0,2,0,0,0,0,0,0,0,2,0,2,0,0,0,2
02/16/2021,SPI,IL,AGL,CE,Combined TRACON& Tower with Radar,0,4,9,0,13,0,0,2,0,2,0,4,11,0,15,0,5,5,20
02/17/2021,SPI,IL,AGL,CE,Combined TRACON& Tower with Radar,2,3,6,2,13,0,0,3,0,3,2,3,9,2,16,2,0,2,18
02/18/2021,SPI,IL,AGL,CE,Combined TRACON& Tower with Radar,0,4,4,3,11,0,4,6,7,17,0,8,10,10,28,0,9,9,37
02/19/2021,SPI,IL,AGL,CE,Combined TRACON& Tower with Radar,2,9,6,17,34,0,0,12,0,12,2,9,18,17,46,39,4,43,89
02/20/2021,SPI,IL,AGL,CE,Combined TRACON& Tower with Radar,2,10,15,0,27,0,0,26,0,26,2,10,41,0,53,28,4,32,85
02/21/2021,SPI,IL,AGL,CE,Combined TRACON& Tower with Radar,0,7,3,2,12,0,0,6,0,6,0,7,9,2,18,0,3,3,21
02/22/2021,SPI,IL,AGL,CE,Combined TRACON& Tower with Radar,2,13,11,5,31,0,0,5,4,9,2,13,16,9,40,18,14,32,72
02/23/2021,SPI,IL,AGL,CE,Combined TRACON& Tower with Radar,0,8,12,16,36,0,6,32,4,42,0,14,44,20,78,52,15,67,145
02/24/2021,SPI,IL,AGL,CE,Combined TRACON& Tower with Radar,2,6,9,9,26,0,0,13,19,32,2,6,22,28,58,54,31,85,143
02/25/2021,SPI,IL,AGL,CE,Combined TRACON& Tower with Radar,2,10,11,4,27,0,0,22,4,26,2,10,33,8,53,92,22,114,167
02/26/2021,SPI,IL,AGL,CE,Combined TRACON& Tower with Radar,2,8,11,9,30,0,0,24,3,27,2,8,35,12,57,38,11,49,106
02/27/2021,SPI,IL,AGL,CE,Combined TRACON& Tower with Radar,2,8,8,0,18,0,6,43,0,49,2,14,51,0,67,26,2,28,95
02/28/2021,SPI,IL,AGL,CE,Combined TRACON& Tower with Radar,0,7,14,0,21,0,1,4,0,5,0,8,18,0,26,4,2,6,32
03/01/2021,SPI,IL,AGL,CE,Combined TRACON& Tower with Radar,2,10,10,0,22,0,0,18,0,18,2,10,28,0,40,50,0,50,90
03/02/2021,SPI,IL,AGL,CE,Combined TRACON& Tower with Radar,0,13,6,0,19,0,4,22,0,26,0,17,28,0,45,42,3,45,90
03/03/2021,SPI,IL,AGL,CE,Combined TRACON& Tower with Radar,2,8,9,0,19,0,2,21,0,23,2,10,30,0,42,46,0,46,88
03/04/2021,SPI,IL,AGL,CE,Combined TRACON& Tower with Radar,0,6,15,1,22,0,3,23,1,27,0,9,38,2,49,6,6,12,61
03/05/2021,SPI,IL,AGL,CE,Combined TRACON& Tower with Radar,2,6,20,11,39,0,3,29,1,33,2,9,49,12,72,20,14,34,106
03/06/2021,SPI,IL,AGL,CE,Combined TRACON& Tower with Radar,4,8,9,0,21,0,4,36,0,40,4,12,45,0,61,22,4,26,87
03/07/2021,SPI,IL,AGL,CE,Combined TRACON& Tower with Radar,0,6,5,0,11,0,5,32,0,37,0,11,37,0,48,30,6,36,84
03/08/2021,SPI,IL,AGL,CE,Combined TRACON& Tower with Radar,2,8,10,6,26,0,4,22,4,30,2,12,32,10,56,12,20,32,88
03/09/2021,SPI,IL,AGL,CE,Combined TRACON& Tower with Radar,0,8,16,4,28,0,2,18,0,20,0,10,34,4,48,20,7,27,75
03/10/2021,SPI,IL,AGL,CE,Combined TRACON& Tower with Radar,4,7,6,0,17,0,0,4,2,6,4,7,10,2,23,0,3,3,26
03/11/2021,SPI,IL,AGL,CE,Combined TRACON& Tower with Radar,0,6,8,4,18,0,1,8,4,13,0,7,16,8,31,30,3,33,64
03/12/2021,SPI,IL,AGL,CE,Combined TRACON& Tower with Radar,2,12,12,4,30,0,5,29,3,37,2,17,41,7,67,18,1,19,86
03/13/2021,SPI,IL,AGL,CE,Combined TRACON& Tower with Radar,2,6,18,1,27,0,3,25,1,29,2,9,43,2,56,24,2,26,82
03/14/2021,SPI,IL,AGL,CE,Combined TRACON& Tower with Radar,0,6,6,0,12,0,1,3,0,4,0,7,9,0,16,4,6,10,26
03/15/2021,SPI,IL,AGL,CE,Combined TRACON& Tower with Radar,2,7,4,0,13,0,0,0,0,0,2,7,4,0,13,0,0,0,13
03/16/2021,SPI,IL,AGL,CE,Combined TRACON& Tower with Radar,0,6,17,0,23,0,0,0,0,0,0,6,17,0,23,0,0,0,23
03/17/2021,SPI,IL,AGL,CE,Combined TRACON& Tower with Radar,2,5,7,0,14,0,0,0,0,0,2,5,7,0,14,0,0,0,14
03/18/2021,SPI,IL,AGL,CE,Combined TRACON& Tower with Radar,0,13,3,0,16,0,0,0,0,0,0,13,3,0,16,0,1,1,17
03/19/2021,SPI,IL,AGL,CE,Combined TRACON& Tower with Radar,2,6,17,39,64,0,4,20,3,27,2,10,37,42,91,52,30,82,173
03/20/2021,SPI,IL,AGL,CE,Combined TRACON& Tower with Radar,2,6,8,2,18,0,4,41,2,47,2,10,49,4,65,20,5,25,90
03/21/2021,SPI,IL,AGL,CE,Combined TRACON& Tower with Radar,0,7,8,0,15,0,2,22,0,24,0,9,30,0,39,16,2,18,57
03/22/2021,SPI,IL,AGL,CE,Combined TRACON& Tower with Radar,2,7,10,7,26,0,0,22,0,22,2,7,32,7,48,10,22,32,80
03/23/2021,SPI,IL,AGL,CE,Combined TRACON& Tower with Radar,0,7,4,0,11,0,0,1,0,1,0,7,5,0,12,0,0,0,12
03/24/2021,SPI,IL,AGL,CE,Combined TRACON& Tower with Radar,2,7,12,6,27,0,0,12,3,15,2,7,24,9,42,12,28,40,82
03/25/2021,SPI,IL,AGL,CE,Combined TRACON& Tower with Radar,0,6,6,20,32,0,0,0,0,0,0,6,6,20,32,0,5,5,37
03/26/2021,SPI,IL,AGL,CE,Combined TRACON& Tower with Radar,2,11,19,12,44,0,0,11,0,11,2,11,30,12,55,36,10,46,101
03/27/2021,SPI,IL,AGL,CE,Combined TRACON& Tower with Radar,2,11,7,10,30,0,3,16,0,19,2,14,23,10,49,24,19,43,92
03/28/2021,SPI,IL,AGL,CE,Combined TRACON& Tower with Radar,0,6,11,0,17,0,2,3,1,6,0,8,14,1,23,0,7,7,30
03/29/2021,SPI,IL,AGL,CE,Combined TRACON& Tower with Radar,2,11,5,15,33,0,4,21,1,26,2,15,26,16,59,38,10,48,107
03/30/2021,SPI,IL,AGL,CE,Combined TRACON& Tower with Radar,0,6,9,6,21,0,1,16,0,17,0,7,25,6,38,16,34,50,88
03/31/2021,SPI,IL,AGL,CE,Combined TRACON& Tower with Radar,2,8,8,28,46,0,1,16,0,17,2,9,24,28,63,12,21,33,96
04/01/2021,SPI,IL,AGL,CE,Combined TRACON& Tower with Radar,0,8,11,16,35,0,0,22,2,24,0,8,33,18,59,58,45,103,162
04/02/2021,SPI,IL,AGL,CE,Combined TRACON& Tower with Radar,2,15,9,6,32,0,5,26,5,36,2,20,35,11,68,22,15,37,105
04/03/2021,SPI,IL,AGL,CE,Combined TRACON& Tower with Radar,2,10,9,0,21,0,1,24,0,25,2,11,33,0,46,37,4,41,87
04/04/2021,SPI,IL,AGL,CE,Combined TRACON& Tower with Radar,0,6,15,0,21,0,2,19,0,21,0,8,34,0,42,32,4,36,78
04/05/2021,SPI,IL,AGL,CE,Combined TRACON& Tower with Radar,2,7,11,6,26,0,4,21,0,25,2,11,32,6,51,26,24,50,101
04/06/2021,SPI,IL,AGL,CE,Combined TRACON& Tower with Radar,0,10,9,39,58,0,0,13,4,17,0,10,22,43,75,2,64,66,141
04/07/2021,SPI,IL,AGL,CE,Combined TRACON& Tower with Radar,2,7,6,9,24,0,1,9,1,11,2,8,15,10,35,0,9,9,44
04/08/2021,SPI,IL,AGL,CE,Combined TRACON& Tower with Radar,0,8,11,9,28,0,3,7,1,11,0,11,18,10,39,0,14,14,53
04/09/2021,SPI,IL,AGL,CE,Combined TRACON& Tower with Radar,2,5,12,9,28,0,2,27,5,34,2,7,39,14,62,6,39,45,107
04/10/2021,SPI,IL,AGL,CE,Combined TRACON& Tower with Radar,2,5,3,1,11,0,1,0,0,1,2,6,3,1,12,0,0,0,12
04/11/2021,SPI,IL,AGL,CE,Combined TRACON& Tower with Radar,0,7,6,2,15,0,0,3,1,4,0,7,9,3,19,0,6,6,25
04/12/2021,SPI,IL,AGL,CE,Combined TRACON& Tower with Radar,2,8,26,0,36,0,2,24,0,26,2,10,50,0,62,14,1,15,77
04/13/2021,SPI,IL,AGL,CE,Combined TRACON& Tower with Radar,0,8,10,10,28,0,9,31,0,40,0,17,41,10,68,42,24,66,134
04/14/2021,SPI,IL,AGL,CE,Combined TRACON& Tower with Radar,0,7,17,4,28,0,3,28,2,33,0,10,45,6,61,42,3,45,106
04/15/2021,SPI,IL,AGL,CE,Combined TRACON& Tower with Radar,0,10,13,17,40,0,2,22,7,31,0,12,35,24,71,68,29,97,168
04/16/2021,SPI,IL,AGL,CE,Combined TRACON& Tower with Radar,2,18,15,25,60,0,9,39,7,55,2,27,54,32,115,70,34,104,219
04/17/2021,SPI,IL,AGL,CE,Combined TRACON& Tower with Radar,0,8,5,8,21,0,3,18,0,21,0,11,23,8,42,0,17,17,59
04/18/2021,SPI,IL,AGL,CE,Combined TRACON& Tower with Radar,0,8,18,0,26,0,0,25,0,25,0,8,43,0,51,6,0,6,57
04/19/2021,SPI,IL,AGL,CE,Combined TRACON& Tower with Radar,2,8,10,9,29,0,0,18,2,20,2,8,28,11,49,35,34,69,118
04/20/2021,SPI,IL,AGL,CE,Combined TRACON& Tower with Radar,0,6,1,0,7,0,0,1,0,1,0,6,2,0,8,0,1,1,9
04/21/2021,SPI,IL,AGL,CE,Combined TRACON& Tower with Radar,0,6,6,21,33,0,1,38,0,39,0,7,44,21,72,17,13,30,102
04/22/2021,SPI,IL,AGL,CE,Combined TRACON& Tower with Radar,0,8,17,15,40,0,8,44,5,57,0,16,61,20,97,14,8,22,119
04/23/2021,SPI,IL,AGL,CE,Combined TRACON& Tower with Radar,2,10,12,8,32,0,0,17,0,17,2,10,29,8,49,4,6,10,59
04/24/2021,SPI,IL,AGL,CE,Combined TRACON& Tower with Radar,0,10,9,0,19,0,0,2,0,2,0,10,11,0,21,10,3,13,34
04/25/2021,SPI,IL,AGL,CE,Combined TRACON& Tower with Radar,0,6,12,0,18,0,2,54,2,58,0,8,66,2,76,26,2,28,104
04/26/2021,SPI,IL,AGL,CE,Combined TRACON& Tower with Radar,2,14,8,4,28,0,0,15,0,15,2,14,23,4,43,0,2,2,45
04/27/2021,SPI,IL,AGL,CE,Combined TRACON& Tower with Radar,0,7,6,13,26,0,2,14,7,23,0,9,20,20,49,43,14,57,106
04/28/2021,SPI,IL,AGL,CE,Combined TRACON& Tower with Radar,0,9,4,6,19,0,0,6,0,6,0,9,10,6,25,0,0,0,25
04/29/2021,SPI,IL,AGL,CE,Combined TRACON& Tower with Radar,0,12,32,6,50,0,1,11,0,12,0,13,43,6,62,40,4,44,106
04/30/2021,SPI,IL,AGL,CE,Combined TRACON& Tower with Radar,2,8,15,16,41,0,3,45,2,50,2,11,60,18,91,10,26,36,127
05/01/2021,SPI,IL,AGL,CE,Combined TRACON& Tower with Radar,2,9,11,0,22,0,0,12,4,16,2,9,23,4,38,0,0,0,38
05/02/2021,SPI,IL,AGL,CE,Combined TRACON& Tower with Radar,0,7,8,0,15,0,3,16,0,19,0,10,24,0,34,14,6,20,54
05/03/2021,SPI,IL,AGL,CE,Combined TRACON& Tower with Radar,2,7,2,2,13,0,0,2,0,2,2,7,4,2,15,28,0,28,43
05/04/2021,SPI,IL,AGL,CE,Combined TRACON& Tower with Radar,0,6,6,5,17,0,0,1,0,1,0,6,7,5,18,12,4,16,34
05/05/2021,SPI,IL,AGL,CE,Combined TRACON& Tower with Radar,2,12,13,10,37,0,8,47,0,55,2,20,60,10,92,102,16,118,210
05/06/2021,SPI,IL,AGL,CE,Combined TRACON& Tower with Radar,0,8,18,4,30,0,1,18,0,19,0,9,36,4,49,40,4,44,93
05/07/2021,SPI,IL,AGL,CE,Combined TRACON& Tower with Radar,2,9,15,9,35,0,2,38,1,41,2,11,53,10,76,22,13,35,111
05/08/2021,SPI,IL,AGL,CE,Combined TRACON& Tower with Radar,0,7,6,0,13,0,3,33,0,36,0,10,39,0,49,52,7,59,108
05/09/2021,SPI,IL,AGL,CE,Combined TRACON& Tower with Radar,0,7,7,0,14,0,0,3,0,3,0,7,10,0,17,0,1,1,18
05/10/2021,SPI,IL,AGL,CE,Combined TRACON& Tower with Radar,2,10,26,20,58,0,4,43,4,51,2,14,69,24,109,62,16,78,187
05/11/2021,SPI,IL,AGL,CE,Combined TRACON& Tower with Radar,0,9,15,53,77,0,1,37,1,39,0,10,52,54,116,22,26,48,164
05/12/2021,SPI,IL,AGL,CE,Combined TRACON& Tower with Radar,0,11,12,25,48,0,2,40,1,43,0,13,52,26,91,68,22,90,181
05/13/2021,SPI,IL,AGL,CE,Combined TRACON& Tower with Radar,0,9,34,8,51,0,4,71,4,79,0,13,105,12,130,54,10,64,194
05/14/2021,SPI,IL,AGL,CE,Combined TRACON& Tower with Radar,2,8,28,18,56,0,3,47,0,50,2,11,75,18,106,42,17,59,165
05/15/2021,SPI,IL,AGL,CE,Combined TRACON& Tower with Radar,0,10,6,0,16,0,1,7,0,8,0,11,13,0,24,1,5,6,30
05/16/2021,SPI,IL,AGL,CE,Combined TRACON& Tower with Radar,0,4,15,0,19,0,1,10,0,11,0,5,25,0,30,32,7,39,69
05/17/2021,SPI,IL,AGL,CE,Combined TRACON& Tower with Radar,2,11,19,4,36,0,0,0,0,0,2,11,19,4,36,0,0,0,36
05/18/2021,SPI,IL,AGL,CE,Combined TRACON& Tower with Radar,0,7,9,0,16,0,0,0,0,0,0,7,9,0,16,0,1,1,17
05/19/2021,SPI,IL,AGL,CE,Combined TRACON& Tower with Radar,0,11,14,4,29,0,0,3,0,3,0,11,17,4,32,50,4,54,86
05/20/2021,SPI,IL,AGL,CE,Combined TRACON& Tower with Radar,0,8,12,14,34,0,3,27,0,30,0,11,39,14,64,4,29,33,97
05/21/2021,SPI,IL,AGL,CE,Combined TRACON& Tower with Radar,2,6,17,0,25,0,1,37,0,38,2,7,54,0,63,24,10,34,97
05/22/2021,SPI,IL,AGL,CE,Combined TRACON& Tower with Radar,0,6,10,0,16,0,1,21,0,22,0,7,31,0,38,116,7,123,161
05/23/2021,SPI,IL,AGL,CE,Combined TRACON& Tower with Radar,0,7,9,0,16,0,1,38,0,39,0,8,47,0,55,52,4,56,111
05/24/2021,SPI,IL,AGL,CE,Combined TRACON& Tower with Radar,2,9,8,6,25,0,5,39,0,44,2,14,47,6,69,59,18,77,146
05/25/2021,SPI,IL,AGL,CE,Combined TRACON& Tower with Radar,0,10,9,3,22,0,5,33,3,41,0,15,42,6,63,26,11,37,100
05/26/2021,SPI,IL,AGL,CE,Combined TRACON& Tower with Radar,2,11,11,2,26,0,1,39,1,41,2,12,50,3,67,20,3,23,90
05/27/2021,SPI,IL,AGL,CE,Combined TRACON& Tower with Radar,0,5,13,2,20,0,0,15,0,15,0,5,28,2,35,38,8,46,81
05/28/2021,SPI,IL,AGL,CE,Combined TRACON& Tower with Radar,0,5,16,0,21,0,0,0,0,0,0,5,16,0,21,0,0,0,21
05/29/2021,SPI,IL,AGL,CE,Combined TRACON& Tower with Radar,2,6,15,0,23,0,3,26,0,29,2,9,41,0,52,58,9,67,119
05/30/2021,SPI,IL,AGL,CE,Combined TRACON& Tower with Radar,0,6,12,0,18,0,2,36,0,38,0,8,48,0,56,44,7,51,107
05/31/2021,SPI,IL,AGL,CE,Combined TRACON& Tower with Radar,0,4,12,4,20,0,0,21,0,21,0,4,33,4,41,124,4,128,169
06/01/2021,SPI,IL,AGL,CE,Combined TRACON& Tower with Radar,0,10,16,22,48,0,4,32,10,46,0,14,48,32,94,45,32,77,171
06/02/2021,SPI,IL,AGL,CE,Combined TRACON& Tower with Radar,2,9,10,4,25,0,2,24,2,28,2,11,34,6,53,26,15,41,94
06/03/2021,SPI,IL,AGL,CE,Combined TRACON& Tower with Radar,0,5,9,12,26,0,0,39,6,45,0,5,48,18,71,54,33,87,158
06/04/2021,SPI,IL,AGL,CE,Combined TRACON& Tower with Radar,0,4,17,0,21,0,0,33,0,33,0,4,50,0,54,38,15,53,107
06/05/2021,SPI,IL,AGL,CE,Combined TRACON& Tower with Radar,2,6,4,0,12,0,0,44,0,44,2,6,48,0,56,18,3,21,77
06/06/2021,SPI,IL,AGL,CE,Combined TRACON& Tower with Radar,0,4,18,18,40,0,3,17,2,22,0,7,35,20,62,22,42,64,126
06/07/2021,SPI,IL,AGL,CE,Combined TRACON& Tower with Radar,0,8,9,27,44,0,2,1,0,3,0,10,10,27,47,12,36,48,95
06/08/2021,SPI,IL,AGL,CE,Combined TRACON& Tower with Radar,0,7,19,2,28,0,3,6,1,10,0,10,25,3,38,62,8,70,108
06/09/2021,SPI,IL,AGL,CE,Combined TRACON& Tower with Radar,2,8,15,10,35,0,1,5,2,8,2,9,20,12,43,0,24,24,67
06/10/2021,SPI,IL,AGL,CE,Combined TRACON& Tower with Radar,0,7,11,0,18,0,4,31,0,35,0,11,42,0,53,94,6,100,153
06/11/2021,SPI,IL,AGL,CE,Combined TRACON& Tower with Radar,0,13,16,2,31,0,2,42,2,46,0,15,58,4,77,54,5,59,136
06/12/2021,SPI,IL,AGL,CE,Combined TRACON& Tower with Radar,2,5,14,0,21,0,2,41,0,43,2,7,55,0,64,84,3,87,151
06/13/2021,SPI,IL,AGL,CE,Combined TRACON& Tower with Radar,0,6,16,0,22,0,0,53,0,53,0,6,69,0,75,2,3,5,80
06/14/2021,SPI,IL,AGL,CE,Combined TRACON& Tower with Radar,0,9,18,9,36,0,3,36,1,40,0,12,54,10,76,18,22,40,116
06/15/2021,SPI,IL,AGL,CE,Combined TRACON& Tower with Radar,0,10,22,0,32,0,5,54,5,64,0,15,76,5,96,70,3,73,169
06/16/2021,SPI,IL,AGL,CE,Combined TRACON& Tower with Radar,2,11,12,18,43,0,2,39,1,42,2,13,51,19,85,38,39,77,162
06/17/2021,SPI,IL,AGL,CE,Combined TRACON& Tower with Radar,0,4,14,8,26,0,5,54,0,59,0,9,68,8,85,62,20,82,167
06/18/2021,SPI,IL,AGL,CE,Combined TRACON& Tower with Radar,0,8,8,8,24,0,2,28,1,31,0,10,36,9,55,20,31,51,106
06/19/2021,SPI,IL,AGL,CE,Combined TRACON& Tower with Radar,3,8,13,0,24,0,0,5,2,7,3,8,18,2,31,0,1,1,32
06/20/2021,SPI,IL,AGL,CE,Combined TRACON& Tower with Radar,0,5,15,6,26,0,2,21,0,23,0,7,36,6,49,36,16,52,101
06/21/2021,SPI,IL,AGL,CE,Combined TRACON& Tower with Radar,0,5,22,4,31,0,4,11,0,15,0,9,33,4,46,16,3,19,65
06/22/2021,SPI,IL,AGL,CE,Combined TRACON& Tower with Radar,0,7,10,14,31,0,5,45,4,54,0,12,55,18,85,90,40,130,215
06/23/2021,SPI,IL,AGL,CE,Combined TRACON& Tower with Radar,2,8,15,21,46,0,1,38,4,43,2,9,53,25,89,4,26,30,119
06/24/2021,SPI,IL,AGL,CE,Combined TRACON& Tower with Radar,0,4,28,0,32,0,1,11,0,12,0,5,39,0,44,16,3,19,63
06/25/2021,SPI,IL,AGL,CE,Combined TRACON& Tower with Radar,0,6,8,4,18,0,0,2,0,2,0,6,10,4,20,40,2,42,62
06/26/2021,SPI,IL,AGL,CE,Combined TRACON& Tower with Radar,2,5,6,0,13,0,0,3,0,3,2,5,9,0,16,6,2,8,24
06/27/2021,SPI,IL,AGL,CE,Combined TRACON& Tower with Radar,0,3,8,0,11,0,0,4,0,4,0,3,12,0,15,0,1,1,16
06/28/2021,SPI,IL,AGL,CE,Combined TRACON& Tower with Radar,0,5,11,0,16,0,0,6,0,6,0,5,17,0,22,44,2,46,68
06/29/2021,SPI,IL,AGL,CE,Combined TRACON& Tower with Radar,0,5,8,12,25,0,0,20,8,28,0,5,28,20,53,48,18,66,119
06/30/2021,SPI,IL,AGL,CE,Combined TRACON& Tower with Radar,2,6,9,0,17,0,0,0,4,4,2,6,9,4,21,0,3,3,24
07/01/2021,SPI,IL,AGL,CE,Combined TRACON& Tower with Radar,0,7,13,3,23,0,1,9,2,12,0,8,22,5,35,78,5,83,118
07/02/2021,SPI,IL,AGL,CE,Combined TRACON& Tower with Radar,0,7,5,4,16,0,2,36,2,40,0,9,41,6,56,98,8,106,162
07/03/2021,SPI,IL,AGL,CE,Combined TRACON& Tower with Radar,2,9,4,10,25,0,6,48,0,54,2,15,52,10,79,46,6,52,131
07/04/2021,SPI,IL,AGL,CE,Combined TRACON& Tower with Radar,0,7,6,0,13,0,1,37,0,38,0,8,43,0,51,150,6,156,207
07/05/2021,SPI,IL,AGL,CE,Combined TRACON& Tower with Radar,0,8,16,0,24,0,0,38,0,38,0,8,54,0,62,102,1,103,165
07/06/2021,SPI,IL,AGL,CE,Combined TRACON& Tower with Radar,0,10,23,16,49,0,6,30,2,38,0,16,53,18,87,46,42,88,175
07/07/2021,SPI,IL,AGL,CE,Combined TRACON& Tower with Radar,4,10,14,22,50,0,0,25,5,30,4,10,39,27,80,36,35,71,151
07/08/2021,SPI,IL,AGL,CE,Combined TRACON& Tower with Radar,0,11,17,2,30,0,1,9,2,12,0,12,26,4,42,18,8,26,68
07/09/2021,SPI,IL,AGL,CE,Combined TRACON& Tower with Radar,0,18,12,6,36,0,16,17,0,33,0,34,29,6,69,67,9,76,145
07/10/2021,SPI,IL,AGL,CE,Combined TRACON& Tower with Radar,2,7,14,0,23,0,0,1,0,1,2,7,15,0,24,6,0,6,30
07/11/2021,SPI,IL,AGL,CE,Combined TRACON& Tower with Radar,2,8,10,0,20,0,2,1,1,4,2,10,11,1,24,0,5,5,29
07/12/2021,SPI,IL,AGL,CE,Combined TRACON& Tower with Radar,0,5,9,0,14,0,0,0,0,0,0,5,9,0,14,0,3,3,17
07/13/2021,SPI,IL,AGL,CE,Combined TRACON& Tower with Radar,0,12,23,0,35,0,1,18,0,19,0,13,41,0,54,10,7,17,71
07/14/2021,SPI,IL,AGL,CE,Combined TRACON& Tower with Radar,2,18,13,10,43,0,9,52,0,61,2,27,65,10,104,34,20,54,158
07/15/2021,SPI,IL,AGL,CE,Combined TRACON& Tower with Radar,0,8,11,1,20,0,2,20,1,23,0,10,31,2,43,24,9,33,76
07/16/2021,SPI,IL,AGL,CE,Combined TRACON& Tower with Radar,0,7,21,2,30,0,0,4,0,4,0,7,25,2,34,0,6,6,40
07/17/2021,SPI,IL,AGL,CE,Combined TRACON& Tower with Radar,2,8,17,0,27,0,0,25,0,25,2,8,42,0,52,60,1,61,113
07/18/2021,SPI,IL,AGL,CE,Combined TRACON& Tower with Radar,0,9,17,0,26,0,1,16,0,17,0,10,33,0,43,60,6,66,109
07/19/2021,SPI,IL,AGL,CE,Combined TRACON& Tower with Radar,0,8,21,22,51,0,3,31,4,38,0,11,52,26,89,52,48,100,189
07/20/2021,SPI,IL,AGL,CE,Combined TRACON& Tower with Radar,0,15,9,8,32,0,4,52,0,56,0,19,61,8,88,58,4,62,150
07/21/2021,SPI,IL,AGL,CE,Combined TRACON& Tower with Radar,2,11,10,16,39,0,0,33,2,35,2,11,43,18,74,44,41,85,159
07/22/2021,SPI,IL,AGL,CE,Combined TRACON& Tower with Radar,0,17,17,5,39,0,1,32,1,34,0,18,49,6,73,4,7,11,84
07/23/2021,SPI,IL,AGL,CE,Combined TRACON& Tower with Radar,0,7,10,2,19,0,1,24,6,31,0,8,34,8,50,59,4,63,113
07/24/2021,SPI,IL,AGL,CE,Combined TRACON& Tower with Radar,2,6,9,14,31,0,1,20,2,23,2,7,29,16,54,24,5,29,83
07/25/2021,SPI,IL,AGL,CE,Combined TRACON& Tower with Radar,0,6,22,0,28,0,1,25,6,32,0,7,47,6,60,10,8,18,78
07/26/2021,SPI,IL,AGL,CE,Combined TRACON& Tower with Radar,0,12,12,26,50,0,4,27,10,41,0,16,39,36,91,26,51,77,168
07/27/2021,SPI,IL,AGL,CE,Combined TRACON& Tower with Radar,0,11,8,2,21,0,0,35,2,37,0,11,43,4,58,10,4,14,72
07/28/2021,SPI,IL,AGL,CE,Combined TRACON& Tower with Radar,2,13,19,47,81,0,2,25,5,32,2,15,44,52,113,22,63,85,198
07/29/2021,SPI,IL,AGL,CE,Combined TRACON& Tower with Radar,0,12,9,0,21,0,1,26,0,27,0,13,35,0,48,36,2,38,86
07/30/2021,SPI,IL,AGL,CE,Combined TRACON& Tower with Radar,0,6,12,4,22,0,4,51,0,55,0,10,63,4,77,0,0,0,77
07/31/2021,SPI,IL,AGL,CE,Combined TRACON& Tower with Radar,2,6,8,0,16,0,0,4,0,4,2,6,12,0,20,11,19,30,50
08/01/2021,SPI,IL,AGL,CE,Combined TRACON& Tower with Radar,0,11,16,0,27,0,0,20,0,20,0,11,36,0,47,22,0,22,69
08/02/2021,SPI,IL,AGL,CE,Combined TRACON& Tower with Radar,0,6,12,0,18,0,0,49,0,49,0,6,61,0,67,26,0,26,93
08/03/2021,SPI,IL,AGL,CE,Combined TRACON& Tower with Radar,1,8,14,1,24,0,0,41,3,44,1,8,55,4,68,62,0,62,130
08/04/2021,SPI,IL,AGL,CE,Combined TRACON& Tower with Radar,2,8,6,18,34,0,2,40,2,44,2,10,46,20,78,36,25,61,139
08/05/2021,SPI,IL,AGL,CE,Combined TRACON& Tower with Radar,0,8,5,15,28,0,0,34,5,39,0,8,39,20,67,16,10,26,93
08/06/2021,SPI,IL,AGL,CE,Combined TRACON& Tower with Radar,0,6,15,7,28,0,3,22,0,25,0,9,37,7,53,38,9,47,100
08/07/2021,SPI,IL,AGL,CE,Combined TRACON& Tower with Radar,4,9,8,9,30,0,3,15,0,18,4,12,23,9,48,8,19,27,75
08/08/2021,SPI,IL,AGL,CE,Combined TRACON& Tower with Radar,0,8,14,0,22,0,0,30,2,32,0,8,44,2,54,101,1,102,156
08/09/2021,SPI,IL,AGL,CE,Combined TRACON& Tower with Radar,0,6,10,24,40,0,1,9,0,10,0,7,19,24,50,4,6,10,60
08/10/2021,SPI,IL,AGL,CE,Combined TRACON& Tower with Radar,0,12,3,4,19,0,0,14,9,23,0,12,17,13,42,0,2,2,44
08/11/2021,SPI,IL,AGL,CE,Combined TRACON& Tower with Radar,2,11,14,30,57,0,0,19,1,20,2,11,33,31,77,6,25,31,108
08/12/2021,SPI,IL,AGL,CE,Combined TRACON& Tower with Radar,0,11,16,0,27,0,0,14,2,16,0,11,30,2,43,4,1,5,48
08/13/2021,SPI,IL,AGL,CE,Combined TRACON& Tower with Radar,0,15,23,22,60,0,1,36,2,39,0,16,59,24,99,38,18,56,155
08/14/2021,SPI,IL,AGL,CE,Combined TRACON& Tower with Radar,2,9,16,0,27,0,0,69,1,70,2,9,85,1,97,30,7,37,134
08/15/2021,SPI,IL,AGL,CE,Combined TRACON& Tower with Radar,0,11,21,0,32,0,1,49,1,51,0,12,70,1,83,22,6,28,111
08/16/2021,SPI,IL,AGL,CE,Combined TRACON& Tower with Radar,0,8,14,19,41,0,2,29,6,37,0,10,43,25,78,88,15,103,181
08/17/2021,SPI,IL,AGL,CE,Combined TRACON& Tower with Radar,0,10,8,14,32,0,0,15,0,15,0,10,23,14,47,18,3,21,68
08/18/2021,SPI,IL,AGL,CE,Combined TRACON& Tower with Radar,0,4,9,3,16,0,4,15,1,20,0,8,24,4,36,24,10,34,70
08/19/2021,SPI,IL,AGL,CE,Combined TRACON& Tower with Radar,2,8,13,11,34,0,4,11,3,18,2,12,24,14,52,48,12,60,112
08/20/2021,SPI,IL,AGL,CE,Combined TRACON& Tower with Radar,0,8,10,16,34,0,1,36,0,37,0,9,46,16,71,190,12,202,273
08/21/2021,SPI,IL,AGL,CE,Combined TRACON& Tower with Radar,0,6,11,0,17,0,0,7,0,7,0,6,18,0,24,18,1,19,43
08/22/2021,SPI,IL,AGL,CE,Combined TRACON& Tower with Radar,2,7,9,0,18,0,1,33,0,34,2,8,42,0,52,54,5,59,111
08/23/2021,SPI,IL,AGL,CE,Combined TRACON& Tower with Radar,2,9,12,2,25,0,0,7,0,7,2,9,19,2,32,34,2,36,68
08/24/2021,SPI,IL,AGL,CE,Combined TRACON& Tower with Radar,0,12,13,0,25,0,7,18,0,25,0,19,31,0,50,12,6,18,68
08/25/2021,SPI,IL,AGL,CE,Combined TRACON& Tower with Radar,0,7,12,8,27,0,1,29,0,30,0,8,41,8,57,30,16,46,103
08/26/2021,SPI,IL,AGL,CE,Combined TRACON& Tower with Radar,2,12,14,12,40,0,2,19,5,26,2,14,33,17,66,40,4,44,110
08/27/2021,SPI,IL,AGL,CE,Combined TRACON& Tower with Radar,0,9,10,8,27,0,0,22,1,23,0,9,32,9,50,44,16,60,110
08/28/2021,SPI,IL,AGL,CE,Combined TRACON& Tower with Radar,0,7,11,0,18,0,2,31,2,35,0,9,42,2,53,14,3,17,70
08/29/2021,SPI,IL,AGL,CE,Combined TRACON& Tower with Radar,2,7,10,0,19,0,0,22,1,23,2,7,32,1,42,20,1,21,63
08/30/2021,SPI,IL,AGL,CE,Combined TRACON& Tower with Radar,2,4,9,10,25,0,3,5,0,8,2,7,14,10,33,0,7,7,40
08/31/2021,SPI,IL,AGL,CE,Combined TRACON& Tower with Radar,0,5,18,12,35,0,1,3,0,4,0,6,21,12,39,10,2,12,51
09/01/2021,SPI,IL,AGL,CE,Combined TRACON& Tower with Radar,0,7,17,0,24,0,0,30,0,30,0,7,47,0,54,52,2,54,108
09/02/2021,SPI,IL,AGL,CE,Combined TRACON& Tower with Radar,2,15,11,20,48,0,2,47,1,50,2,17,58,21,98,148,29,177,275
09/03/2021,SPI,IL,AGL,CE,Combined TRACON& Tower with Radar,1,11,7,0,19,0,2,18,0,20,1,13,25,0,39,68,5,73,112
09/04/2021,SPI,IL,AGL,CE,Combined TRACON& Tower with Radar,0,9,11,0,20,0,0,1,0,1,0,9,12,0,21,0,1,1,22
09/05/2021,SPI,IL,AGL,CE,Combined TRACON& Tower with Radar,2,9,10,0,21,0,3,40,0,43,2,12,50,0,64,42,7,49,113
09/06/2021,SPI,IL,AGL,CE,Combined TRACON& Tower with Radar,0,6,5,0,11,0,0,39,1,40,0,6,44,1,51,52,8,60,111
09/07/2021,SPI,IL,AGL,CE,Combined TRACON& Tower with Radar,0,11,23,0,34,0,3,29,2,34,0,14,52,2,68,20,6,26,94
09/08/2021,SPI,IL,AGL,CE,Combined TRACON& Tower with Radar,0,8,10,19,37,0,1,21,15,37,0,9,31,34,74,54,20,74,148
09/09/2021,SPI,IL,AGL,CE,Combined TRACON& Tower with Radar,2,10,13,4,29,0,6,40,3,49,2,16,53,7,78,70,6,76,154
09/10/2021,SPI,IL,AGL,CE,Combined TRACON& Tower with Radar,0,10,14,18,42,0,2,29,9,40,0,12,43,27,82,20,0,20,102
09/11/2021,SPI,IL,AGL,CE,Combined TRACON& Tower with Radar,0,7,11,2,20,0,4,35,0,39,0,11,46,2,59,10,5,15,74
09/12/2021,SPI,IL,AGL,CE,Combined TRACON& Tower with Radar,2,8,9,0,19,0,1,17,0,18,2,9,26,0,37,10,8,18,55
09/13/2021,SPI,IL,AGL,CE,Combined TRACON& Tower with Radar,0,8,15,10,33,0,0,14,0,14,0,8,29,10,47,38,3,41,88
09/14/2021,SPI,IL,AGL,CE,Combined TRACON& Tower with Radar,0,9,7,9,25,0,2,10,3,15,0,11,17,12,40,38,15,53,93
09/15/2021,SPI,IL,AGL,CE,Combined TRACON& Tower with Radar,0,10,15,14,39,0,1,15,1,17,0,11,30,15,56,90,29,119,175
09/16/2021,SPI,IL,AGL,CE,Combined TRACON& Tower with Radar,2,17,21,0,40,0,2,17,2,21,2,19,38,2,61,14,2,16,77
09/17/2021,SPI,IL,AGL,CE,Combined TRACON& Tower with Radar,0,10,16,2,28,0,2,32,0,34,0,12,48,2,62,12,9,21,83
09/18/2021,SPI,IL,AGL,CE,Combined TRACON& Tower with Radar,0,8,12,0,20,0,0,18,0,18,0,8,30,0,38,14,6,20,58
09/19/2021,SPI,IL,AGL,CE,Combined TRACON& Tower with Radar,2,7,17,2,28,0,1,7,0,8,2,8,24,2,36,8,10,18,54
09/20/2021,SPI,IL,AGL,CE,Combined TRACON& Tower with Radar,2,4,16,6,28,0,0,4,2,6,2,4,20,8,34,16,4,20,54
09/21/2021,SPI,IL,AGL,CE,Combined TRACON& Tower with Radar,0,11,11,2,24,0,2,6,0,8,0,13,17,2,32,16,2,18,50
09/22/2021,SPI,IL,AGL,CE,Combined TRACON& Tower with Radar,0,13,19,9,41,0,5,6,5,16,0,18,25,14,57,38,2,40,97
09/23/2021,SPI,IL,AGL,CE,Combined TRACON& Tower with Radar,2,6,12,1,21,0,0,42,1,43,2,6,54,2,64,108,6,114,178
09/24/2021,SPI,IL,AGL,CE,Combined TRACON& Tower with Radar,0,16,18,0,34,0,5,27,0,32,0,21,45,0,66,12,7,19,85
09/25/2021,SPI,IL,AGL,CE,Combined TRACON& Tower with Radar,0,7,12,2,21,0,0,23,0,23,0,7,35,2,44,12,5,17,61
09/26/2021,SPI,IL,AGL,CE,Combined TRACON& Tower with Radar,2,11,9,0,22,0,4,15,0,19,2,15,24,0,41,8,10,18,59
09/27/2021,SPI,IL,AGL,CE,Combined TRACON& Tower with Radar,0,12,20,0,32,0,4,3,0,7,0,16,23,0,39,0,6,6,45
09/28/2021,SPI,IL,AGL,CE,Combined TRACON& Tower with Radar,0,11,20,3,34,0,1,22,1,24,0,12,42,4,58,54,1,55,113
09/29/2021,SPI,IL,AGL,CE,Combined TRACON& Tower with Radar,0,7,10,10,27,0,6,24,4,34,0,13,34,14,61,32,34,66,127
09/30/2021,SPI,IL,AGL,CE,Combined TRACON& Tower with Radar,4,8,7,27,46,0,4,15,6,25,4,12,22,33,71,20,35,55,126
10/01/2021,SPI,IL,AGL,CE,Combined TRACON& Tower with Radar,0,8,6,20,34,0,3,10,2,15,0,11,16,22,49,62,20,82,131
10/02/2021,SPI,IL,AGL,CE,Combined TRACON& Tower with Radar,0,11,10,0,21,0,1,2,0,3,0,12,12,0,24,46,1,47,71
10/03/2021,SPI,IL,AGL,CE,Combined TRACON& Tower with Radar,2,6,9,0,17,0,0,5,0,5,2,6,14,0,22,14,1,15,37
10/04/2021,SPI,IL,AGL,CE,Combined TRACON& Tower with Radar,0,10,13,4,27,0,2,8,1,11,0,12,21,5,38,2,16,18,56
10/05/2021,SPI,IL,AGL,CE,Combined TRACON& Tower with Radar,0,10,42,0,52,0,0,15,0,15,0,10,57,0,67,12,2,14,81
10/06/2021,SPI,IL,AGL,CE,Combined TRACON& Tower with Radar,2,6,17,18,43,0,0,4,0,4,2,6,21,18,47,18,27,45,92
10/07/2021,SPI,IL,AGL,CE,Combined TRACON& Tower with Radar,0,8,13,16,37,0,0,4,2,6,0,8,17,18,43,12,27,39,82
10/08/2021,SPI,IL,AGL,CE,Combined TRACON& Tower with Radar,0,9,14,8,31,0,8,30,2,40,0,17,44,10,71,70,39,109,180
10/09/2021,SPI,IL,AGL,CE,Combined TRACON& Tower with Radar,2,8,11,0,21,0,0,28,0,28,2,8,39,0,49,48,2,50,99
10/10/2021,SPI,IL,AGL,CE,Combined TRACON& Tower with Radar,0,9,7,0,16,0,2,18,1,21,0,11,25,1,37,2,10,12,49
10/11/2021,SPI,IL,AGL,CE,Combined TRACON& Tower with Radar,0,10,9,0,19,0,0,0,0,0,0,10,9,0,19,0,2,2,21
10/12/2021,SPI,IL,AGL,CE,Combined TRACON& Tower with Radar,0,10,16,12,38,0,2,39,1,42,0,12,55,13,80,54,29,83,163
10/13/2021,SPI,IL,AGL,CE,Combined TRACON& Tower with Radar,2,6,5,1,14,0,1,7,1,9,2,7,12,2,23,18,4,22,45
10/14/2021,SPI,IL,AGL,CE,Combined TRACON& Tower with Radar,0,10,9,2,21,0,0,9,0,9,0,10,18,2,30,20,5,25,55
10/15/2021,SPI,IL,AGL,CE,Combined TRACON& Tower with Radar,2,10,13,6,31,0,0,7,0,7,2,10,20,6,38,6,5,11,49
10/16/2021,SPI,IL,AGL,CE,Combined TRACON& Tower with Radar,2,9,9,0,20,0,6,23,0,29,2,15,32,0,49,14,4,18,67
10/17/2021,SPI,IL,AGL,CE,Combined TRACON& Tower with Radar,0,9,14,0,23,0,1,44,0,45,0,10,58,0,68,34,9,43,111
10/18/2021,SPI,IL,AGL,CE,Combined TRACON& Tower with Radar,4,10,14,6,34,0,2,27,2,31,4,12,41,8,65,32,2,34,99
10/19/2021,SPI,IL,AGL,CE,Combined TRACON& Tower with Radar,0,9,4,2,15,0,5,28,5,38,0,14,32,7,53,0,0,0,53
10/20/2021,SPI,IL,AGL,CE,Combined TRACON& Tower with Radar,2,8,6,5,21,0,3,10,3,16,2,11,16,8,37,0,12,12,49
10/21/2021,SPI,IL,AGL,CE,Combined TRACON& Tower with Radar,0,7,9,8,24,0,0,4,0,4,0,7,13,8,28,0,2,2,30
10/22/2021,SPI,IL,AGL,CE,Combined TRACON& Tower with Radar,0,12,9,2,23,0,1,11,4,16,0,13,20,6,39,32,7,39,78
10/23/2021,SPI,IL,AGL,CE,Combined TRACON& Tower with Radar,2,6,9,0,17,0,2,22,0,24,2,8,31,0,41,30,8,38,79
10/24/2021,SPI,IL,AGL,CE,Combined TRACON& Tower with Radar,0,12,3,2,17,0,0,0,0,0,0,12,3,2,17,0,0,0,17
10/25/2021,SPI,IL,AGL,CE,Combined TRACON& Tower with Radar,0,10,7,0,17,0,1,2,0,3,0,11,9,0,20,0,5,5,25
10/26/2021,SPI,IL,AGL,CE,Combined TRACON& Tower with Radar,0,22,5,32,59,0,0,24,2,26,0,22,29,34,85,42,32,74,159
10/27/2021,SPI,IL,AGL,CE,Combined TRACON& Tower with Radar,2,10,10,21,43,0,6,9,1,16,2,16,19,22,59,34,13,47,106
10/28/2021,SPI,IL,AGL,CE,Combined TRACON& Tower with Radar,0,8,12,0,20,0,0,0,0,0,0,8,12,0,20,0,0,0,20
10/29/2021,SPI,IL,AGL,CE,Combined TRACON& Tower with Radar,0,7,13,1,21,0,0,0,0,0,0,7,13,1,21,0,0,0,21
10/30/2021,SPI,IL,AGL,CE,Combined TRACON& Tower with Radar,2,9,7,1,19,0,2,7,0,9,2,11,14,1,28,10,4,14,42
10/31/2021,SPI,IL,AGL,CE,Combined TRACON& Tower with Radar,0,8,22,0,30,0,1,11,1,13,0,9,33,1,43,10,4,14,57
11/01/2021,SPI,IL,AGL,CE,Combined TRACON& Tower with Radar,0,12,6,0,18,0,4,16,3,23,0,16,22,3,41,18,6,24,65
11/02/2021,SPI,IL,AGL,CE,Combined TRACON& Tower with Radar,0,10,11,3,24,0,0,9,8,17,0,10,20,11,41,54,4,58,99
11/03/2021,SPI,IL,AGL,CE,Combined TRACON& Tower with Radar,2,7,11,35,55,0,1,18,3,22,2,8,29,38,77,64,74,138,215
11/04/2021,SPI,IL,AGL,CE,Combined TRACON& Tower with Radar,0,17,14,2,33,0,3,18,7,28,0,20,32,9,61,14,4,18,79
11/05/2021,SPI,IL,AGL,CE,Combined TRACON& Tower with Radar,0,11,18,0,29,0,2,25,0,27,0,13,43,0,56,18,2,20,76
11/06/2021,SPI,IL,AGL,CE,Combined TRACON& Tower with Radar,2,14,9,0,25,0,1,36,0,37,2,15,45,0,62,4,4,8,70
11/07/2021,SPI,IL,AGL,CE,Combined TRACON& Tower with Radar,0,10,14,2,26,0,2,35,2,39,0,12,49,4,65,110,12,122,187
11/08/2021,SPI,IL,AGL,CE,Combined TRACON& Tower with Radar,0,10,11,4,25,0,0,20,4,24,0,10,31,8,49,30,0,30,79
11/09/2021,SPI,IL,AGL,CE,Combined TRACON& Tower with Radar,0,14,16,0,30,0,1,18,0,19,0,15,34,0,49,30,7,37,86
11/10/2021,SPI,IL,AGL,CE,Combined TRACON& Tower with Radar,2,19,5,10,36,0,9,6,0,15,2,28,11,10,51,0,31,31,82
11/11/2021,SPI,IL,AGL,CE,Combined TRACON& Tower with Radar,0,7,12,0,19,0,2,2,0,4,0,9,14,0,23,4,9,13,36
11/12/2021,SPI,IL,AGL,CE,Combined TRACON& Tower with Radar,2,9,8,1,20,0,1,9,1,11,2,10,17,2,31,2,3,5,36
11/13/2021,SPI,IL,AGL,CE,Combined TRACON& Tower with Radar,2,7,3,0,12,0,2,3,0,5,2,9,6,0,17,30,6,36,53
11/14/2021,SPI,IL,AGL,CE,Combined TRACON& Tower with Radar,0,9,8,0,17,0,3,0,0,3,0,12,8,0,20,2,4,6,26
11/15/2021,SPI,IL,AGL,CE,Combined TRACON& Tower with Radar,0,15,13,2,30,0,2,9,0,11,0,17,22,2,41,8,6,14,55
11/16/2021,SPI,IL,AGL,CE,Combined TRACON& Tower with Radar,2,10,23,16,51,0,2,21,3,26,2,12,44,19,77,96,21,117,194
11/17/2021,SPI,IL,AGL,CE,Combined TRACON& Tower with Radar,2,7,16,12,37,0,0,3,0,3,2,7,19,12,40,0,2,2,42
11/18/2021,SPI,IL,AGL,CE,Combined TRACON& Tower with Radar,2,7,11,10,30,0,1,10,0,11,2,8,21,10,41,0,12,12,53
11/19/2021,SPI,IL,AGL,CE,Combined TRACON& Tower with Radar,0,15,8,45,68,0,5,28,2,35,0,20,36,47,103,14,35,49,152
11/20/2021,SPI,IL,AGL,CE,Combined TRACON& Tower with Radar,4,10,7,0,21,0,5,19,0,24,4,15,26,0,45,20,6,26,71
11/21/2021,SPI,IL,AGL,CE,Combined TRACON& Tower with Radar,2,11,8,0,21,0,1,13,2,16,2,12,21,2,37,2,3,5,42
11/22/2021,SPI,IL,AGL,CE,Combined TRACON& Tower with Radar,0,12,9,14,35,0,1,19,1,21,0,13,28,15,56,6,27,33,89
11/23/2021,SPI,IL,AGL,CE,Combined TRACON& Tower with Radar,4,8,10,0,22,0,2,20,2,24,4,10,30,2,46,8,10,18,64
11/24/2021,SPI,IL,AGL,CE,Combined TRACON& Tower with Radar,0,7,8,4,19,0,3,4,0,7,0,10,12,4,26,2,5,7,33
11/25/2021,SPI,IL,AGL,CE,Combined TRACON& Tower with Radar,0,4,0,0,4,0,7,2,0,9,0,11,2,0,13,0,14,14,27
11/26/2021,SPI,IL,AGL,CE,Combined TRACON& Tower with Radar,0,5,4,0,9,0,2,17,0,19,0,7,21,0,28,22,4,26,54
11/27/2021,SPI,IL,AGL,CE,Combined TRACON& Tower with Radar,2,7,8,0,17,0,1,11,0,12,2,8,19,0,29,14,7,21,50
11/28/2021,SPI,IL,AGL,CE,Combined TRACON& Tower with Radar,1,7,17,0,25,0,1,11,0,12,1,8,28,0,37,0,5,5,42
11/29/2021,SPI,IL,AGL,CE,Combined TRACON& Tower with Radar,2,8,14,18,42,0,5,9,0,14,2,13,23,18,56,6,23,29,85
11/30/2021,SPI,IL,AGL,CE,Combined TRACON& Tower with Radar,0,9,16,0,25,0,5,18,14,37,0,14,34,14,62,36,5,41,103
12/01/2021,SPI,IL,AGL,CE,Combined TRACON& Tower with Radar,2,9,5,12,28,0,0,12,0,12,2,9,17,12,40,7,14,21,61
12/02/2021,SPI,IL,AGL,CE,Combined TRACON& Tower with Radar,2,10,5,0,17,0,0,15,3,18,2,10,20,3,35,36,0,36,71
12/03/2021,SPI,IL,AGL,CE,Combined TRACON& Tower with Radar,0,11,7,4,22,0,2,23,4,29,0,13,30,8,51,16,13,29,80
12/04/2021,SPI,IL,AGL,CE,Combined TRACON& Tower with Radar,2,8,10,0,20,0,0,31,0,31,2,8,41,0,51,16,3,19,70
12/05/2021,SPI,IL,AGL,CE,Combined TRACON& Tower with Radar,2,10,2,2,16,0,1,2,0,3,2,11,4,2,19,0,0,0,19
12/06/2021,SPI,IL,AGL,CE,Combined TRACON& Tower with Radar,0,9,4,12,25,0,2,2,2,6,0,11,6,14,31,0,15,15,46
12/07/2021,SPI,IL,AGL,CE,Combined TRACON& Tower with Radar,0,7,16,13,36,0,0,7,3,10,0,7,23,16,46,2,19,21,67
12/08/2021,SPI,IL,AGL,CE,Combined TRACON& Tower with Radar,2,8,22,2,34,0,3,18,6,27,2,11,40,8,61,13,1,14,75
12/09/2021,SPI,IL,AGL,CE,Combined TRACON& Tower with Radar,1,8,6,0,15,0,3,7,0,10,1,11,13,0,25,6,2,8,33
12/10/2021,SPI,IL,AGL,CE,Combined TRACON& Tower with Radar,0,12,11,0,23,0,0,0,0,0,0,12,11,0,23,0,0,0,23
12/11/2021,SPI,IL,AGL,CE,Combined TRACON& Tower with Radar,2,8,7,1,18,0,0,1,3,4,2,8,8,4,22,6,1,7,29
12/12/2021,SPI,IL,AGL,CE,Combined TRACON& Tower with Radar,2,9,14,0,25,0,4,20,0,24,2,13,34,0,49,30,5,35,84
12/13/2021,SPI,IL,AGL,CE,Combined TRACON& Tower with Radar,0,7,17,16,40,0,0,20,1,21,0,7,37,17,61,28,25,53,114
12/14/2021,SPI,IL,AGL,CE,Combined TRACON& Tower with Radar,0,7,17,5,29,0,5,10,3,18,0,12,27,8,47,18,7,25,72
12/15/2021,SPI,IL,AGL,CE,Combined TRACON& Tower with Radar,2,6,7,0,15,0,0,3,0,3,2,6,10,0,18,0,2,2,20
12/16/2021,SPI,IL,AGL,CE,Combined TRACON& Tower with Radar,0,6,11,13,30,0,2,10,6,18,0,8,21,19,48,8,30,38,86
12/17/2021,SPI,IL,AGL,CE,Combined TRACON& Tower with Radar,2,9,15,3,29,0,1,18,0,19,2,10,33,3,48,16,1,17,65
12/18/2021,SPI,IL,AGL,CE,Combined TRACON& Tower with Radar,2,7,4,0,13,0,1,1,0,2,2,8,5,0,15,26,4,30,45
12/19/2021,SPI,IL,AGL,CE,Combined TRACON& Tower with Radar,0,11,12,0,23,0,2,31,0,33,0,13,43,0,56,18,4,22,78
12/20/2021,SPI,IL,AGL,CE,Combined TRACON& Tower with Radar,2,7,15,0,24,0,4,20,0,24,2,11,35,0,48,24,8,32,80
12/21/2021,SPI,IL,AGL,CE,Combined TRACON& Tower with Radar,0,7,4,10,21,0,0,7,4,11,0,7,11,14,32,4,32,36,68
12/22/2021,SPI,IL,AGL,CE,Combined TRACON& Tower with Radar,4,8,13,0,25,0,2,26,1,29,4,10,39,1,54,46,9,55,109
12/23/2021,SPI,IL,AGL,CE,Combined TRACON& Tower with Radar,0,8,7,4,19,0,0,12,0,12,0,8,19,4,31,30,3,33,64
12/24/2021,SPI,IL,AGL,CE,Combined TRACON& Tower with Radar,2,8,2,0,12,0,4,3,0,7,2,12,5,0,19,22,6,28,47
12/25/2021,SPI,IL,AGL,CE,Combined TRACON& Tower with Radar,2,7,2,0,11,0,0,0,0,0,2,7,2,0,11,0,1,1,12
12/26/2021,SPI,IL,AGL,CE,Combined TRACON& Tower with Radar,0,8,15,0,23,0,0,0,0,0,0,8,15,0,23,0,1,1,24
12/27/2021,SPI,IL,AGL,CE,Combined TRACON& Tower with Radar,0,7,12,0,19,0,1,7,0,8,0,8,19,0,27,24,5,29,56
12/28/2021,SPI,IL,AGL,CE,Combined TRACON& Tower with Radar,0,9,5,0,14,0,0,0,0,0,0,9,5,0,14,0,0,0,14
12/29/2021,SPI,IL,AGL,CE,Combined TRACON& Tower with Radar,4,8,11,0,23,0,0,6,0,6,4,8,17,0,29,17,0,17,46
12/30/2021,SPI,IL,AGL,CE,Combined TRACON& Tower with Radar,0,7,7,0,14,0,0,0,0,0,0,7,7,0,14,0,0,0,14
12/31/2021,SPI,IL,AGL,CE,Combined TRACON& Tower with Radar,0,7,5,0,12,0,0,6,1,7,0,7,11,1,19,12,0,12,31
01/01/2022,SPI,IL,AGL,CE,Combined TRACON& Tower with Radar,0,4,2,0,6,0,0,0,0,0,0,4,2,0,6,0,0,0,6
01/02/2022,SPI,IL,AGL,CE,Combined TRACON& Tower with Radar,0,6,9,0,15,0,0,2,0,2,0,6,11,0,17,0,0,0,17
01/03/2022,SPI,IL,AGL,CE,Combined TRACON& Tower with Radar,2,12,14,0,28,0,0,9,1,10,2,12,23,1,38,8,3,11,49
01/04/2022,SPI,IL,AGL,CE,Combined TRACON& Tower with Radar,0,12,9,0,21,0,4,10,7,21,0,16,19,7,42,0,1,1,43
01/05/2022,SPI,IL,AGL,CE,Combined TRACON& Tower with Radar,2,8,13,0,23,0,1,2,0,3,2,9,15,0,26,0,9,9,35
01/06/2022,SPI,IL,AGL,CE,Combined TRACON& Tower with Radar,2,7,9,0,18,0,0,13,1,14,2,7,22,1,32,0,5,5,37
01/07/2022,SPI,IL,AGL,CE,Combined TRACON& Tower with Radar,0,7,5,4,16,0,4,13,3,20,0,11,18,7,36,12,44,56,92
01/08/2022,SPI,IL,AGL,CE,Combined TRACON& Tower with Radar,2,5,3,0,10,0,0,0,0,0,2,5,3,0,10,0,1,1,11
01/09/2022,SPI,IL,AGL,CE,Combined TRACON& Tower with Radar,2,5,10,0,17,0,2,5,0,7,2,7,15,0,24,0,7,7,31
01/10/2022,SPI,IL,AGL,CE,Combined TRACON& Tower with Radar,0,10,16,4,30,0,3,7,0,10,0,13,23,4,40,7,6,13,53
01/11/2022,SPI,IL,AGL,CE,Combined TRACON& Tower with Radar,0,7,14,4,25,0,1,5,4,10,0,8,19,8,35,0,8,8,43
01/12/2022,SPI,IL,AGL,CE,Combined TRACON& Tower with Radar,2,14,6,17,39,0,1,17,1,19,2,15,23,18,58,0,22,22,80
01/13/2022,SPI,IL,AGL,CE,Combined TRACON& Tower with Radar,2,7,7,6,22,0,3,15,11,29,2,10,22,17,51,14,21,35,86
01/14/2022,SPI,IL,AGL,CE,Combined TRACON& Tower with Radar,0,6,3,0,9,0,0,0,0,0,0,6,3,0,9,0,0,0,9
01/15/2022,SPI,IL,AGL,CE,Combined TRACON& Tower with Radar,2,5,11,0,18,0,0,6,0,6,2,5,17,0,24,0,2,2,26
01/16/2022,SPI,IL,AGL,CE,Combined TRACON& Tower with Radar,0,12,15,0,27,0,1,25,0,26,0,13,40,0,53,36,8,44,97
01/17/2022,SPI,IL,AGL,CE,Combined TRACON& Tower with Radar,0,7,6,0,13,0,0,2,0,2,0,7,8,0,15,0,1,1,16
01/18/2022,SPI,IL,AGL,CE,Combined TRACON& Tower with Radar,0,9,4,23,36,0,3,6,0,9,0,12,10,23,45,6,17,23,68
01/19/2022,SPI,IL,AGL,CE,Combined TRACON& Tower with Radar,2,7,3,2,14,0,0,9,6,15,2,7,12,8,29,0,4,4,33
01/20/2022,SPI,IL,AGL,CE,Combined TRACON& Tower with Radar,2,11,9,6,28,0,1,10,3,14,2,12,19,9,42,34,7,41,83
01/21/2022,SPI,IL,AGL,CE,Combined TRACON& Tower with Radar,0,11,17,2,30,0,0,23,2,25,0,11,40,4,55,20,6,26,81
01/22/2022,SPI,IL,AGL,CE,Combined TRACON& Tower with Radar,2,8,9,0,19,0,1,13,0,14,2,9,22,0,33,13,6,19,52
01/23/2022,SPI,IL,AGL,CE,Combined TRACON& Tower with Radar,2,8,7,0,17,0,1,8,0,9,2,9,15,0,26,42,4,46,72
01/24/2022,SPI,IL,AGL,CE,Combined TRACON& Tower with Radar,0,7,13,0,20,0,2,2,0,4,0,9,15,0,24,6,0,6,30
01/25/2022,SPI,IL,AGL,CE,Combined TRACON& Tower with Radar,2,7,8,2,19,0,2,9,6,17,2,9,17,8,36,7,0,7,43
01/26/2022,SPI,IL,AGL,CE,Combined TRACON& Tower with Radar,2,9,8,2,21,0,0,14,2,16,2,9,22,4,37,36,3,39,76
01/27/2022,SPI,IL,AGL,CE,Combined TRACON& Tower with Radar,2,7,6,17,32,0,0,4,6,10,2,7,10,23,42,24,11,35,77
01/28/2022,SPI,IL,AGL,CE,Combined TRACON& Tower with Radar,2,9,6,2,19,0,1,8,2,11,2,10,14,4,30,0,9,9,39
01/29/2022,SPI,IL,AGL,CE,Combined TRACON& Tower with Radar,2,13,14,0,29,0,5,11,0,16,2,18,25,0,45,2,5,7,52
01/30/2022,SPI,IL,AGL,CE,Combined TRACON& Tower with Radar,2,10,15,0,27,0,0,21,0,21,2,10,36,0,48,0,1,1,49
01/31/2022,SPI,IL,AGL,CE,Combined TRACON& Tower with Radar,0,14,10,14,38,0,2,19,2,23,0,16,29,16,61,28,14,42,103
02/01/2022,SPI,IL,AGL,CE,Combined TRACON& Tower with Radar,0,7,9,0,16,0,0,3,0,3,0,7,12,0,19,0,1,1,20
02/02/2022,SPI,IL,AGL,CE,Combined TRACON& Tower with Radar,2,9,8,2,21,0,0,14,2,16,2,9,22,4,37,0,0,0,37
02/03/2022,SPI,IL,AGL,CE,Combined TRACON& Tower with Radar,0,3,4,15,22,0,0,1,4,5,0,3,5,19,27,0,1,1,28
02/04/2022,SPI,IL,AGL,CE,Combined TRACON& Tower with Radar,0,6,1,2,9,0,1,6,0,7,0,7,7,2,16,0,7,7,23
02/05/2022,SPI,IL,AGL,CE,Combined TRACON& Tower with Radar,2,7,5,0,14,0,0,3,0,3,2,7,8,0,17,0,6,6,23
02/06/2022,SPI,IL,AGL,CE,Combined TRACON& Tower with Radar,2,9,15,2,28,0,1,10,2,13,2,10,25,4,41,2,5,7,48
02/07/2022,SPI,IL,AGL,CE,Combined TRACON& Tower with Radar,0,13,7,0,20,0,5,8,0,13,0,18,15,0,33,30,9,39,72
02/08/2022,SPI,IL,AGL,CE,Combined TRACON& Tower with Radar,0,9,8,14,31,0,1,10,4,15,0,10,18,18,46,0,0,0,46
02/09/2022,SPI,IL,AGL,CE,Combined TRACON& Tower with Radar,2,9,10,2,23,0,2,16,10,28,2,11,26,12,51,10,4,14,65
02/10/2022,SPI,IL,AGL,CE,Combined TRACON& Tower with Radar,2,8,14,0,24,0,2,3,4,9,2,10,17,4,33,26,6,32,65
02/11/2022,SPI,IL,AGL,CE,Combined TRACON& Tower with Radar,0,9,4,0,13,0,1,1,0,2,0,10,5,0,15,0,4,4,19
02/12/2022,SPI,IL,AGL,CE,Combined TRACON& Tower with Radar,2,7,7,0,16,0,0,10,0,10,2,7,17,0,26,8,5,13,39
02/13/2022,SPI,IL,AGL,CE,Combined TRACON& Tower with Radar,2,7,7,1,17,0,0,1,3,4,2,7,8,4,21,22,4,26,47
02/14/2022,SPI,IL,AGL,CE,Combined TRACON& Tower with Radar,0,15,10,18,43,0,0,19,0,19,0,15,29,18,62,8,10,18,80
02/15/2022,SPI,IL,AGL,CE,Combined TRACON& Tower with Radar,0,7,14,2,23,0,0,40,0,40,0,7,54,2,63,8,1,9,72
02/16/2022,SPI,IL,AGL,CE,Combined TRACON& Tower with Radar,4,7,6,0,17,0,0,2,1,3,4,7,8,1,20,3,1,4,24
02/17/2022,SPI,IL,AGL,CE,Combined TRACON& Tower with Radar,0,1,0,0,1,0,0,0,0,0,0,1,0,0,1,0,0,0,1
02/18/2022,SPI,IL,AGL,CE,Combined TRACON& Tower with Radar,2,13,13,2,30,0,3,7,4,14,2,16,20,6,44,0,13,13,57
02/19/2022,SPI,IL,AGL,CE,Combined TRACON& Tower with Radar,3,6,12,0,21,0,3,7,2,12,3,9,19,2,33,8,8,16,49
02/20/2022,SPI,IL,AGL,CE,Combined TRACON& Tower with Radar,0,7,8,0,15,0,2,8,0,10,0,9,16,0,25,2,9,11,36
02/21/2022,SPI,IL,AGL,CE,Combined TRACON& Tower with Radar,2,14,23,4,43,0,1,8,0,9,2,15,31,4,52,26,9,35,87
02/22/2022,SPI,IL,AGL,CE,Combined TRACON& Tower with Radar,0,7,5,1,13,0,0,6,1,7,0,7,11,2,20,0,1,1,21
02/23/2022,SPI,IL,AGL,CE,Combined TRACON& Tower with Radar,4,5,11,12,32,0,0,6,0,6,4,5,17,12,38,40,5,45,83
02/24/2022,SPI,IL,AGL,CE,Combined TRACON& Tower with Radar,0,3,7,0,10,0,0,0,0,0,0,3,7,0,10,0,0,0,10
02/25/2022,SPI,IL,AGL,CE,Combined TRACON& Tower with Radar,1,6,10,1,18,0,0,9,5,14,1,6,19,6,32,0,6,6,38
02/26/2022,SPI,IL,AGL,CE,Combined TRACON& Tower with Radar,2,12,11,0,25,0,3,27,0,30,2,15,38,0,55,28,6,34,89
02/27/2022,SPI,IL,AGL,CE,Combined TRACON& Tower with Radar,0,11,10,1,22,0,0,15,3,18,0,11,25,4,40,18,6,24,64
02/28/2022,SPI,IL,AGL,CE,Combined TRACON& Tower with Radar,0,7,8,26,41,0,0,7,0,7,0,7,15,26,48,28,28,56,104
03/01/2022,SPI,IL,AGL,CE,Combined TRACON& Tower with Radar,2,6,7,4,19,0,0,25,2,27,2,6,32,6,46,34,0,34,80
03/02/2022,SPI,IL,AGL,CE,Combined TRACON& Tower with Radar,4,7,14,26,51,0,2,25,2,29,4,9,39,28,80,22,36,58,138
03/03/2022,SPI,IL,AGL,CE,Combined TRACON& Tower with Radar,0,13,12,11,36,0,2,17,3,22,0,15,29,14,58,4,26,30,88
03/04/2022,SPI,IL,AGL,CE,Combined TRACON& Tower with Radar,2,5,11,19,37,0,0,21,4,25,2,5,32,23,62,18,9,27,89
03/05/2022,SPI,IL,AGL,CE,Combined TRACON& Tower with Radar,2,5,20,0,27,0,0,8,0,8,2,5,28,0,35,0,1,1,36
03/06/2022,SPI,IL,AGL,CE,Combined TRACON& Tower with Radar,0,6,13,2,21,0,0,22,0,22,0,6,35,2,43,44,13,57,100
03/07/2022,SPI,IL,AGL,CE,Combined TRACON& Tower with Radar,2,10,13,4,29,0,0,1,0,1,2,10,14,4,30,0,4,4,34
03/08/2022,SPI,IL,AGL,CE,Combined TRACON& Tower with Radar,0,9,9,20,38,0,1,23,8,32,0,10,32,28,70,62,34,96,166
03/09/2022,SPI,IL,AGL,CE,Combined TRACON& Tower with Radar,4,9,19,30,62,0,2,43,0,45,4,11,62,30,107,50,26,76,183
03/10/2022,SPI,IL,AGL,CE,Combined TRACON& Tower with Radar,0,7,5,0,12,0,0,3,0,3,0,7,8,0,15,0,0,0,15
03/11/2022,SPI,IL,AGL,CE,Combined TRACON& Tower with Radar,2,5,1,0,8,0,0,10,0,10,2,5,11,0,18,8,2,10,28
03/12/2022,SPI,IL,AGL,CE,Combined TRACON& Tower with Radar,4,6,8,2,20,0,0,18,0,18,4,6,26,2,38,12,0,12,50
03/13/2022,SPI,IL,AGL,CE,Combined TRACON& Tower with Radar,0,7,9,0,16,0,2,23,2,27,0,9,32,2,43,6,7,13,56
03/14/2022,SPI,IL,AGL,CE,Combined TRACON& Tower with Radar,2,9,14,6,31,0,0,31,0,31,2,9,45,6,62,4,36,40,102
03/15/2022,SPI,IL,AGL,CE,Combined TRACON& Tower with Radar,0,5,13,10,28,0,1,17,0,18,0,6,30,10,46,54,18,72,118
03/16/2022,SPI,IL,AGL,CE,Combined TRACON& Tower with Radar,5,12,4,8,29,0,3,19,2,24,5,15,23,10,53,10,15,25,78
03/17/2022,SPI,IL,AGL,CE,Combined TRACON& Tower with Radar,0,16,20,0,36,0,1,33,4,38,0,17,53,4,74,35,13,48,122
03/18/2022,SPI,IL,AGL,CE,Combined TRACON& Tower with Radar,2,5,3,14,24,0,0,1,0,1,2,5,4,14,25,0,1,1,26
03/19/2022,SPI,IL,AGL,CE,Combined TRACON& Tower with Radar,2,7,8,0,17,0,0,6,0,6,2,7,14,0,23,0,1,1,24
03/20/2022,SPI,IL,AGL,CE,Combined TRACON& Tower with Radar,0,6,12,0,18,0,4,48,0,52,0,10,60,0,70,12,4,16,86
03/21/2022,SPI,IL,AGL,CE,Combined TRACON& Tower with Radar,2,7,13,8,30,0,2,8,0,10,2,9,21,8,40,8,8,16,56
03/22/2022,SPI,IL,AGL,CE,Combined TRACON& Tower with Radar,0,9,6,12,27,0,0,0,0,0,0,9,6,12,27,0,6,6,33
03/23/2022,SPI,IL,AGL,CE,Combined TRACON& Tower with Radar,3,9,3,0,15,0,0,0,0,0,3,9,3,0,15,0,0,0,15
03/24/2022,SPI,IL,AGL,CE,Combined TRACON& Tower with Radar,0,5,4,0,9,0,0,2,0,2,0,5,6,0,11,0,0,0,11
03/25/2022,SPI,IL,AGL,CE,Combined TRACON& Tower with Radar,2,8,9,1,20,0,0,5,1,6,2,8,14,2,26,0,1,1,27
03/26/2022,SPI,IL,AGL,CE,Combined TRACON& Tower with Radar,2,5,5,0,12,0,1,3,0,4,2,6,8,0,16,4,5,9,25
03/27/2022,SPI,IL,AGL,CE,Combined TRACON& Tower with Radar,0,13,11,0,24,0,3,22,0,25,0,16,33,0,49,28,4,32,81
03/28/2022,SPI,IL,AGL,CE,Combined TRACON& Tower with Radar,2,10,8,2,22,0,4,40,4,48,2,14,48,6,70,42,2,44,114
03/29/2022,SPI,IL,AGL,CE,Combined TRACON& Tower with Radar,0,11,12,0,23,0,1,4,6,11,0,12,16,6,34,12,5,17,51
03/30/2022,SPI,IL,AGL,CE,Combined TRACON& Tower with Radar,4,6,3,0,13,0,0,0,0,0,4,6,3,0,13,0,0,0,13
03/31/2022,SPI,IL,AGL,CE,Combined TRACON& Tower with Radar,0,7,10,12,29,0,0,0,0,0,0,7,10,12,29,4,1,5,34
04/01/2022,SPI,IL,AGL,CE,Combined TRACON& Tower with Radar,2,9,29,8,48,0,1,17,4,22,2,10,46,12,70,34,0,34,104
04/02/2022,SPI,IL,AGL,CE,Combined TRACON& Tower with Radar,2,8,9,0,19,0,1,5,0,6,2,9,14,0,25,28,0,28,53
04/03/2022,SPI,IL,AGL,CE,Combined TRACON& Tower with Radar,0,6,27,0,33,0,3,26,0,29,0,9,53,0,62,28,4,32,94
04/04/2022,SPI,IL,AGL,CE,Combined TRACON& Tower with Radar,2,18,11,15,46,0,13,10,0,23,2,31,21,15,69,54,39,93,162
04/05/2022,SPI,IL,AGL,CE,Combined TRACON& Tower with Radar,2,5,12,0,19,0,0,0,0,0,2,5,12,0,19,0,1,1,20
04/06/2022,SPI,IL,AGL,CE,Combined TRACON& Tower with Radar,4,6,20,19,49,0,0,1,0,1,4,6,21,19,50,0,27,27,77
04/07/2022,SPI,IL,AGL,CE,Combined TRACON& Tower with Radar,0,6,12,2,20,0,5,4,0,9,0,11,16,2,29,0,4,4,33
04/08/2022,SPI,IL,AGL,CE,Combined TRACON& Tower with Radar,4,6,5,2,17,0,0,2,0,2,4,6,7,2,19,0,1,1,20
04/09/2022,SPI,IL,AGL,CE,Combined TRACON& Tower with Radar,2,11,31,1,45,0,5,33,1,39,2,16,64,2,84,8,7,15,99
04/10/2022,SPI,IL,AGL,CE,Combined TRACON& Tower with Radar,0,8,15,1,24,0,1,8,1,10,0,9,23,2,34,0,5,5,39
04/11/2022,SPI,IL,AGL,CE,Combined TRACON& Tower with Radar,2,14,29,8,53,0,3,12,0,15,2,17,41,8,68,2,36,38,106
04/12/2022,SPI,IL,AGL,CE,Combined TRACON& Tower with Radar,0,8,9,6,23,0,0,5,0,5,0,8,14,6,28,0,2,2,30
04/13/2022,SPI,IL,AGL,CE,Combined TRACON& Tower with Radar,4,6,6,0,16,0,0,2,0,2,4,6,8,0,18,0,0,0,18
04/14/2022,SPI,IL,AGL,CE,Combined TRACON& Tower with Radar,0,14,19,0,33,0,0,8,1,9,0,14,27,1,42,0,1,1,43
04/15/2022,SPI,IL,AGL,CE,Combined TRACON& Tower with Radar,2,6,13,9,30,0,1,9,0,10,2,7,22,9,40,20,35,55,95
04/16/2022,SPI,IL,AGL,CE,Combined TRACON& Tower with Radar,4,7,24,0,35,0,7,30,0,37,4,14,54,0,72,26,10,36,108
04/17/2022,SPI,IL,AGL,CE,Combined TRACON& Tower with Radar,0,9,4,6,19,0,1,0,0,1,0,10,4,6,20,0,0,0,20
04/18/2022,SPI,IL,AGL,CE,Combined TRACON& Tower with Radar,1,8,12,5,26,0,1,2,1,4,1,9,14,6,30,14,6,20,50
04/19/2022,SPI,IL,AGL,CE,Combined TRACON& Tower with Radar,0,9,34,9,52,0,5,15,6,26,0,14,49,15,78,12,14,26,104
04/20/2022,SPI,IL,AGL,CE,Combined TRACON& Tower with Radar,4,6,6,2,18,0,0,0,1,1,4,6,6,3,19,0,0,0,19
04/21/2022,SPI,IL,AGL,CE,Combined TRACON& Tower with Radar,0,10,19,21,50,0,4,7,5,16,0,14,26,26,66,26,2,28,94
04/22/2022,SPI,IL,AGL,CE,Combined TRACON& Tower with Radar,2,7,7,9,25,0,3,3,1,7,2,10,10,10,32,12,10,22,54
04/23/2022,SPI,IL,AGL,CE,Combined TRACON& Tower with Radar,2,6,10,0,18,0,2,0,1,3,2,8,10,1,21,4,9,13,34
04/24/2022,SPI,IL,AGL,CE,Combined TRACON& Tower with Radar,0,6,10,2,18,0,0,2,0,2,0,6,12,2,20,0,0,0,20
04/25/2022,SPI,IL,AGL,CE,Combined TRACON& Tower with Radar,2,18,16,1,37,0,1,12,2,15,2,19,28,3,52,68,2,70,122
04/26/2022,SPI,IL,AGL,CE,Combined TRACON& Tower with Radar,0,13,24,21,58,0,4,14,2,20,0,17,38,23,78,50,24,74,152
04/27/2022,SPI,IL,AGL,CE,Combined TRACON& Tower with Radar,4,11,31,1,47,0,7,17,1,25,4,18,48,2,72,38,11,49,121
04/28/2022,SPI,IL,AGL,CE,Combined TRACON& Tower with Radar,0,6,12,3,21,0,2,3,1,6,0,8,15,4,27,8,5,13,40
04/29/2022,SPI,IL,AGL,CE,Combined TRACON& Tower with Radar,2,8,10,11,31,0,0,3,1,4,2,8,13,12,35,0,16,16,51
04/30/2022,SPI,IL,AGL,CE,Combined TRACON& Tower with Radar,4,6,2,0,12,0,1,3,0,4,4,7,5,0,16,3,12,15,31
05/01/2022,SPI,IL,AGL,CE,Combined TRACON& Tower with Radar,0,5,17,2,24,0,0,3,0,3,0,5,20,2,27,10,5,15,42
05/02/2022,SPI,IL,AGL,CE,Combined TRACON& Tower with Radar,0,9,24,20,53,0,3,20,4,27,0,12,44,24,80,6,12,18,98
05/03/2022,SPI,IL,AGL,CE,Combined TRACON& Tower with Radar,0,9,19,2,30,0,0,0,0,0,0,9,19,2,30,0,1,1,31
05/04/2022,SPI,IL,AGL,CE,Combined TRACON& Tower with Radar,1,14,28,0,43,0,1,5,0,6,1,15,33,0,49,41,5,46,95
05/05/2022,SPI,IL,AGL,CE,Combined TRACON& Tower with Radar,0,8,6,4,18,0,0,2,0,2,0,8,8,4,20,2,0,2,22
05/06/2022,SPI,IL,AGL,CE,Combined TRACON& Tower with Radar,2,8,5,0,15,0,0,0,0,0,2,8,5,0,15,0,0,0,15
05/07/2022,SPI,IL,AGL,CE,Combined TRACON& Tower with Radar,2,10,36,11,59,0,1,51,0,52,2,11,87,11,111,30,14,44,155
05/08/2022,SPI,IL,AGL,CE,Combined TRACON& Tower with Radar,0,6,20,0,26,0,0,12,0,12,0,6,32,0,38,0,1,1,39
05/09/2022,SPI,IL,AGL,CE,Combined TRACON& Tower with Radar,2,7,25,0,34,0,0,10,0,10,2,7,35,0,44,0,0,0,44
05/10/2022,SPI,IL,AGL,CE,Combined TRACON& Tower with Radar,0,13,28,16,57,0,3,13,0,16,0,16,41,16,73,6,14,20,93
05/11/2022,SPI,IL,AGL,CE,Combined TRACON& Tower with Radar,2,6,24,12,44,0,2,15,7,24,2,8,39,19,68,11,13,24,92
05/12/2022,SPI,IL,AGL,CE,Combined TRACON& Tower with Radar,0,8,23,2,33,0,2,16,2,20,0,10,39,4,53,2,2,4,57
05/13/2022,SPI,IL,AGL,CE,Combined TRACON& Tower with Radar,2,11,22,5,40,0,0,19,7,26,2,11,41,12,66,2,7,9,75
05/14/2022,SPI,IL,AGL,CE,Combined TRACON& Tower with Radar,4,12,29,0,45,0,0,24,0,24,4,12,53,0,69,52,4,56,125
05/15/2022,SPI,IL,AGL,CE,Combined TRACON& Tower with Radar,0,5,18,0,23,0,2,6,0,8,0,7,24,0,31,6,0,6,37
05/16/2022,SPI,IL,AGL,CE,Combined TRACON& Tower with Radar,2,10,24,1,37,0,2,9,1,12,2,12,33,2,49,8,5,13,62
05/17/2022,SPI,IL,AGL,CE,Combined TRACON& Tower with Radar,0,8,22,8,38,0,0,12,0,12,0,8,34,8,50,10,16,26,76
05/18/2022,SPI,IL,AGL,CE,Combined TRACON& Tower with Radar,2,6,15,2,25,0,0,4,0,4,2,6,19,2,29,26,1,27,56
05/19/2022,SPI,IL,AGL,CE,Combined TRACON& Tower with Radar,0,8,15,12,35,0,2,6,2,10,0,10,21,14,45,20,11,31,76
05/20/2022,SPI,IL,AGL,CE,Combined TRACON& Tower with Radar,2,6,14,0,22,0,1,12,0,13,2,7,26,0,35,0,2,2,37
05/21/2022,SPI,IL,AGL,CE,Combined TRACON& Tower with Radar,2,7,2,0,11,0,0,0,0,0,2,7,2,0,11,12,0,12,23
05/22/2022,SPI,IL,AGL,CE,Combined TRACON& Tower with Radar,0,7,23,1,31,0,1,23,2,26,0,8,46,3,57,40,12,52,109
05/23/2022,SPI,IL,AGL,CE,Combined TRACON& Tower with Radar,2,19,25,2,48,0,10,17,2,29,2,29,42,4,77,24,36,60,137
05/24/2022,SPI,IL,AGL,CE,Combined TRACON& Tower with Radar,0,13,16,8,37,0,5,11,5,21,0,18,27,13,58,28,45,73,131
05/25/2022,SPI,IL,AGL,CE,Combined TRACON& Tower with Radar,2,6,2,2,12,0,0,1,0,1,2,6,3,2,13,2,2,4,17
05/26/2022,SPI,IL,AGL,CE,Combined TRACON& Tower with Radar,0,7,15,2,24,0,0,3,0,3,0,7,18,2,27,18,1,19,46
05/27/2022,SPI,IL,AGL,CE,Combined TRACON& Tower with Radar,2,11,17,2,32,0,0,6,0,6,2,11,23,2,38,0,0,0,38
05/28/2022,SPI,IL,AGL,CE,Combined TRACON& Tower with Radar,2,6,12,2,22,0,2,16,0,18,2,8,28,2,40,0,3,3,43
05/29/2022,SPI,IL,AGL,CE,Combined TRACON& Tower with Radar,0,7,3,0,10,0,2,2,0,4,0,9,5,0,14,0,8,8,22
05/30/2022,SPI,IL,AGL,CE,Combined TRACON& Tower with Radar,1,7,13,0,21,0,0,8,0,8,1,7,21,0,29,4,6,10,39
05/31/2022,SPI,IL,AGL,CE,Combined TRACON& Tower with Radar,0,8,25,1,34,0,0,17,1,18,0,8,42,2,52,4,5,9,61
06/01/2022,SPI,IL,AGL,CE,Combined TRACON& Tower with Radar,2,9,5,2,18,0,0,1,0,1,2,9,6,2,19,10,0,10,29
06/02/2022,SPI,IL,AGL,CE,Combined TRACON& Tower with Radar,0,12,39,8,59,0,3,24,1,28,0,15,63,9,87,42,7,49,136
06/03/2022,SPI,IL,AGL,CE,Combined TRACON& Tower with Radar,4,7,31,14,56,0,2,27,6,35,4,9,58,20,91,24,24,48,139
06/04/2022,SPI,IL,AGL,CE,Combined TRACON& Tower with Radar,2,12,11,4,29,0,2,7,0,9,2,14,18,4,38,22,5,27,65
06/05/2022,SPI,IL,AGL,CE,Combined TRACON& Tower with Radar,0,8,20,0,28,0,3,13,0,16,0,11,33,0,44,10,5,15,59
06/06/2022,SPI,IL,AGL,CE,Combined TRACON& Tower with Radar,4,7,12,2,25,0,2,1,2,5,4,9,13,4,30,0,1,1,31
06/07/2022,SPI,IL,AGL,CE,Combined TRACON& Tower with Radar,0,13,16,3,32,0,2,8,3,13,0,15,24,6,45,4,3,7,52
06/08/2022,SPI,IL,AGL,CE,Combined TRACON& Tower with Radar,2,7,14,4,27,0,0,2,0,2,2,7,16,4,29,0,0,0,29
06/09/2022,SPI,IL,AGL,CE,Combined TRACON& Tower with Radar,0,13,30,7,50,0,3,23,1,27,0,16,53,8,77,10,9,19,96
06/10/2022,SPI,IL,AGL,CE,Combined TRACON& Tower with Radar,2,8,29,0,39,0,1,12,0,13,2,9,41,0,52,8,7,15,67
06/11/2022,SPI,IL,AGL,CE,Combined TRACON& Tower with Radar,2,7,28,3,40,0,1,22,0,23,2,8,50,3,63,8,16,24,87
06/12/2022,SPI,IL,AGL,CE,Combined TRACON& Tower with Radar,0,7,19,0,26,0,0,9,0,9,0,7,28,0,35,6,3,9,44
06/13/2022,SPI,IL,AGL,CE,Combined TRACON& Tower with Radar,4,11,24,2,41,0,1,10,0,11,4,12,34,2,52,8,2,10,62
06/14/2022,SPI,IL,AGL,CE,Combined TRACON& Tower with Radar,2,8,23,0,33,0,0,19,6,25,2,8,42,6,58,6,3,9,67
06/15/2022,SPI,IL,AGL,CE,Combined TRACON& Tower with Radar,2,10,20,2,34,0,0,7,2,9,2,10,27,4,43,20,2,22,65
06/16/2022,SPI,IL,AGL,CE,Combined TRACON& Tower with Radar,0,8,19,2,29,0,4,9,0,13,0,12,28,2,42,48,7,55,97
06/17/2022,SPI,IL,AGL,CE,Combined TRACON& Tower with Radar,2,9,28,13,52,0,3,16,1,20,2,12,44,14,72,20,21,41,113
06/18/2022,SPI,IL,AGL,CE,Combined TRACON& Tower with Radar,2,7,30,0,39,0,0,23,0,23,2,7,53,0,62,6,0,6,68
06/19/2022,SPI,IL,AGL,CE,Combined TRACON& Tower with Radar,0,14,29,0,43,0,2,21,0,23,0,16,50,0,66,4,5,9,75
06/20/2022,SPI,IL,AGL,CE,Combined TRACON& Tower with Radar,2,10,19,0,31,0,2,16,0,18,2,12,35,0,49,32,6,38,87
06/21/2022,SPI,IL,AGL,CE,Combined TRACON& Tower with Radar,0,8,17,2,27,0,1,9,2,12,0,9,26,4,39,8,3,11,50
06/22/2022,SPI,IL,AGL,CE,Combined TRACON& Tower with Radar,2,6,16,7,31,0,4,14,7,25,2,10,30,14,56,10,8,18,74
06/23/2022,SPI,IL,AGL,CE,Combined TRACON& Tower with Radar,0,9,24,4,37,0,2,19,4,25,0,11,43,8,62,32,2,34,96
06/24/2022,SPI,IL,AGL,CE,Combined TRACON& Tower with Radar,2,6,25,2,35,0,1,13,0,14,2,7,38,2,49,22,4,26,75
06/25/2022,SPI,IL,AGL,CE,Combined TRACON& Tower with Radar,2,6,17,0,25,0,4,9,0,13,2,10,26,0,38,8,11,19,57
06/26/2022,SPI,IL,AGL,CE,Combined TRACON& Tower with Radar,0,8,24,0,32,0,0,18,0,18,0,8,42,0,50,0,3,3,53
06/27/2022,SPI,IL,AGL,CE,Combined TRACON& Tower with Radar,1,10,31,8,50,0,2,22,0,24,1,12,53,8,74,52,18,70,144
06/28/2022,SPI,IL,AGL,CE,Combined TRACON& Tower with Radar,0,8,31,5,44,0,0,24,4,28,0,8,55,9,72,80,7,87,159
06/29/2022,SPI,IL,AGL,CE,Combined TRACON& Tower with Radar,2,12,28,2,44,0,5,22,2,29,2,17,50,4,73,18,17,35,108
06/30/2022,SPI,IL,AGL,CE,Combined TRACON& Tower with Radar,0,11,27,2,40,0,3,14,1,18,0,14,41,3,58,52,19,71,129
07/01/2022,SPI,IL,AGL,CE,Combined TRACON& Tower with Radar,2,8,24,2,36,0,5,10,4,19,2,13,34,6,55,28,4,32,87
07/02/2022,SPI,IL,AGL,CE,Combined TRACON& Tower with Radar,2,16,24,0,42,0,4,7,0,11,2,20,31,0,53,30,16,46,99
07/03/2022,SPI,IL,AGL,CE,Combined TRACON& Tower with Radar,0,5,11,0,16,0,4,5,0,9,0,9,16,0,25,18,13,31,56
07/04/2022,SPI,IL,AGL,CE,Combined TRACON& Tower with Radar,0,5,18,0,23,0,2,14,0,16,0,7,32,0,39,46,3,49,88
07/05/2022,SPI,IL,AGL,CE,Combined TRACON& Tower with Radar,2,6,5,15,28,0,3,4,1,8,2,9,9,16,36,16,23,39,75
07/06/2022,SPI,IL,AGL,CE,Combined TRACON& Tower with Radar,1,9,5,0,15,0,1,3,0,4,1,10,8,0,19,2,1,3,22
07/07/2022,SPI,IL,AGL,CE,Combined TRACON& Tower with Radar,0,7,10,0,17,0,0,2,0,2,0,7,12,0,19,4,7,11,30
07/08/2022,SPI,IL,AGL,CE,Combined TRACON& Tower with Radar,2,10,7,4,23,0,0,5,0,5,2,10,12,4,28,0,0,0,28
07/09/2022,SPI,IL,AGL,CE,Combined TRACON& Tower with Radar,0,12,11,0,23,0,1,11,0,12,0,13,22,0,35,16,5,21,56
07/10/2022,SPI,IL,AGL,CE,Combined TRACON& Tower with Radar,0,7,28,2,37,0,2,31,0,33,0,9,59,2,70,44,5,49,119
07/11/2022,SPI,IL,AGL,CE,Combined TRACON& Tower with Radar,2,10,19,9,40,0,2,10,1,13,2,12,29,10,53,20,4,24,77
07/12/2022,SPI,IL,AGL,CE,Combined TRACON& Tower with Radar,0,7,21,7,35,0,4,16,9,29,0,11,37,16,64,36,36,72,136
07/13/2022,SPI,IL,AGL,CE,Combined TRACON& Tower with Radar,2,7,27,0,36,0,3,22,0,25,2,10,49,0,61,6,3,9,70
07/14/2022,SPI,IL,AGL,CE,Combined TRACON& Tower with Radar,0,6,35,0,41,0,0,19,3,22,0,6,54,3,63,6,1,7,70
07/15/2022,SPI,IL,AGL,CE,Combined TRACON& Tower with Radar,2,5,17,4,28,0,2,3,0,5,2,7,20,4,33,2,10,12,45
07/16/2022,SPI,IL,AGL,CE,Combined TRACON& Tower with Radar,2,7,13,8,30,0,0,7,1,8,2,7,20,9,38,49,14,63,101
07/17/2022,SPI,IL,AGL,CE,Combined TRACON& Tower with Radar,0,5,8,2,15,0,0,2,0,2,0,5,10,2,17,0,2,2,19
07/18/2022,SPI,IL,AGL,CE,Combined TRACON& Tower with Radar,2,14,16,10,42,0,4,9,4,17,2,18,25,14,59,64,26,90,149
07/19/2022,SPI,IL,AGL,CE,Combined TRACON& Tower with Radar,1,10,26,8,45,0,6,13,5,24,1,16,39,13,69,38,12,50,119
07/20/2022,SPI,IL,AGL,CE,Combined TRACON& Tower with Radar,2,6,14,4,26,0,0,12,4,16,2,6,26,8,42,8,4,12,54
07/21/2022,SPI,IL,AGL,CE,Combined TRACON& Tower with Radar,0,11,24,7,42,0,1,13,1,15,0,12,37,8,57,26,10,36,93
07/22/2022,SPI,IL,AGL,CE,Combined TRACON& Tower with Radar,2,6,26,0,34,0,2,20,0,22,2,8,46,0,56,54,3,57,113
07/23/2022,SPI,IL,AGL,CE,Combined TRACON& Tower with Radar,2,6,22,1,31,0,3,16,1,20,2,9,38,2,51,0,7,7,58
07/24/2022,SPI,IL,AGL,CE,Combined TRACON& Tower with Radar,0,4,13,0,17,0,0,11,2,13,0,4,24,2,30,0,3,3,33
07/25/2022,SPI,IL,AGL,CE,Combined TRACON& Tower with Radar,2,5,22,11,40,0,3,12,1,16,2,8,34,12,56,46,33,79,135
07/26/2022,SPI,IL,AGL,CE,Combined TRACON& Tower with Radar,0,10,12,0,22,0,0,0,0,0,0,10,12,0,22,0,0,0,22
07/27/2022,SPI,IL,AGL,CE,Combined TRACON& Tower with Radar,6,5,24,5,40,0,0,6,0,6,6,5,30,5,46,2,5,7,53
07/28/2022,SPI,IL,AGL,CE,Combined TRACON& Tower with Radar,0,7,15,2,24,0,0,12,2,14,0,7,27,4,38,26,11,37,75
07/29/2022,SPI,IL,AGL,CE,Combined TRACON& Tower with Radar,2,10,27,4,43,0,5,18,6,29,2,15,45,10,72,32,9,41,113
07/30/2022,SPI,IL,AGL,CE,Combined TRACON& Tower with Radar,2,5,19,1,27,0,3,23,1,27,2,8,42,2,54,24,11,35,89
07/31/2022,SPI,IL,AGL,CE,Combined TRACON& Tower with Radar,0,7,19,1,27,0,6,9,1,16,0,13,28,2,43,18,8,26,69
08/01/2022,SPI,IL,AGL,CE,Combined TRACON& Tower with Radar,0,13,14,0,27,0,1,2,2,5,0,14,16,2,32,8,4,12,44
08/02/2022,SPI,IL,AGL,CE,Combined TRACON& Tower with Radar,0,7,5,0,12,0,0,8,0,8,0,7,13,0,20,0,3,3,23
08/03/2022,SPI,IL,AGL,CE,Combined TRACON& Tower with Radar,2,9,21,0,32,0,1,5,0,6,2,10,26,0,38,10,4,14,52
08/04/2022,SPI,IL,AGL,CE,Combined TRACON& Tower with Radar,0,5,12,0,17,0,1,4,0,5,0,6,16,0,22,2,3,5,27
08/05/2022,SPI,IL,AGL,CE,Combined TRACON& Tower with Radar,2,9,9,8,28,0,2,6,0,8,2,11,15,8,36,0,2,2,38
08/06/2022,SPI,IL,AGL,CE,Combined TRACON& Tower with Radar,4,3,15,0,22,0,1,4,0,5,4,4,19,0,27,8,4,12,39
08/07/2022,SPI,IL,AGL,CE,Combined TRACON& Tower with Radar,0,8,9,0,17,0,3,6,6,15,0,11,15,6,32,0,6,6,38
08/08/2022,SPI,IL,AGL,CE,Combined TRACON& Tower with Radar,2,6,26,5,39,0,1,9,0,10,2,7,35,5,49,40,4,44,93
08/09/2022,SPI,IL,AGL,CE,Combined TRACON& Tower with Radar,0,10,25,23,58,0,1,4,4,9,0,11,29,27,67,68,10,78,145
08/10/2022,SPI,IL,AGL,CE,Combined TRACON& Tower with Radar,2,8,38,10,58,0,3,24,0,27,2,11,62,10,85,46,28,74,159
08/11/2022,SPI,IL,AGL,CE,Combined TRACON& Tower with Radar,0,8,25,2,35,0,1,16,2,19,0,9,41,4,54,10,2,12,66
08/12/2022,SPI,IL,AGL,CE,Combined TRACON& Tower with Radar,2,6,23,4,35,0,2,24,2,28,2,8,47,6,63,14,7,21,84
08/13/2022,SPI,IL,AGL,CE,Combined TRACON& Tower with Radar,2,8,25,0,35,0,1,22,0,23,2,9,47,0,58,0,8,8,66
08/14/2022,SPI,IL,AGL,CE,Combined TRACON& Tower with Radar,0,6,28,11,45,0,1,7,3,11,0,7,35,14,56,38,2,40,96
08/15/2022,SPI,IL,AGL,CE,Combined TRACON& Tower with Radar,2,5,28,0,35,0,0,10,0,10,2,5,38,0,45,8,0,8,53
08/16/2022,SPI,IL,AGL,CE,Combined TRACON& Tower with Radar,4,3,19,7,33,0,4,9,6,19,4,7,28,13,52,28,34,62,114
08/17/2022,SPI,IL,AGL,CE,Combined TRACON& Tower with Radar,6,5,23,3,37,0,3,19,1,23,6,8,42,4,60,20,0,20,80
08/18/2022,SPI,IL,AGL,CE,Combined TRACON& Tower with Radar,3,6,27,2,38,0,4,24,4,32,3,10,51,6,70,46,8,54,124
08/19/2022,SPI,IL,AGL,CE,Combined TRACON& Tower with Radar,4,7,26,3,40,0,0,17,3,20,4,7,43,6,60,46,8,54,114
08/20/2022,SPI,IL,AGL,CE,Combined TRACON& Tower with Radar,6,5,16,0,27,0,0,15,0,15,6,5,31,0,42,14,5,19,61
08/21/2022,SPI,IL,AGL,CE,Combined TRACON& Tower with Radar,3,2,17,2,24,0,0,9,0,9,3,2,26,2,33,0,0,0,33
08/22/2022,SPI,IL,AGL,CE,Combined TRACON& Tower with Radar,3,5,35,0,43,0,1,13,0,14,3,6,48,0,57,4,3,7,64
08/23/2022,SPI,IL,AGL,CE,Combined TRACON& Tower with Radar,4,5,31,2,42,0,1,16,4,21,4,6,47,6,63,78,1,79,142
08/24/2022,SPI,IL,AGL,CE,Combined TRACON& Tower with Radar,6,6,27,1,40,0,1,15,1,17,6,7,42,2,57,26,9,35,92
08/25/2022,SPI,IL,AGL,CE,Combined TRACON& Tower with Radar,4,4,17,7,32,0,2,10,3,15,4,6,27,10,47,12,7,19,66
08/26/2022,SPI,IL,AGL,CE,Combined TRACON& Tower with Radar,4,5,25,1,35,0,2,11,1,14,4,7,36,2,49,28,7,35,84
08/27/2022,SPI,IL,AGL,CE,Combined TRACON& Tower with Radar,6,4,21,0,31,0,2,17,0,19,6,6,38,0,50,24,4,28,78
08/28/2022,SPI,IL,AGL,CE,Combined TRACON& Tower with Radar,5,2,13,0,20,0,0,8,0,8,5,2,21,0,28,0,0,0,28
08/29/2022,SPI,IL,AGL,CE,Combined TRACON& Tower with Radar,3,9,18,6,36,0,0,12,2,14,3,9,30,8,50,0,6,6,56
08/30/2022,SPI,IL,AGL,CE,Combined TRACON& Tower with Radar,6,9,27,9,51,0,4,21,0,25,6,13,48,9,76,4,9,13,89
08/31/2022,SPI,IL,AGL,CE,Combined TRACON& Tower with Radar,5,9,24,7,45,0,6,13,5,24,5,15,37,12,69,56,6,62,131
09/01/2022,SPI,IL,AGL,CE,Combined TRACON& Tower with Radar,4,4,23,2,33,0,1,9,0,10,4,5,32,2,43,27,3,30,73
09/02/2022,SPI,IL,AGL,CE,Combined TRACON& Tower with Radar,4,7,26,2,39,0,1,17,0,18,4,8,43,2,57,32,4,36,93
09/03/2022,SPI,IL,AGL,CE,Combined TRACON& Tower with Radar,6,2,25,0,33,0,0,22,0,22,6,2,47,0,55,0,5,5,60
09/04/2022,SPI,IL,AGL,CE,Combined TRACON& Tower with Radar,4,2,6,0,12,0,0,1,0,1,4,2,7,0,13,4,1,5,18
09/05/2022,SPI,IL,AGL,CE,Combined TRACON& Tower with Radar,4,2,11,0,17,0,0,0,0,0,4,2,11,0,17,14,1,15,32
09/06/2022,SPI,IL,AGL,CE,Combined TRACON& Tower with Radar,4,6,25,4,39,0,0,6,0,6,4,6,31,4,45,10,6,16,61
09/07/2022,SPI,IL,AGL,CE,Combined TRACON& Tower with Radar,1,13,22,5,41,0,4,13,5,22,1,17,35,10,63,10,3,13,76
09/08/2022,SPI,IL,AGL,CE,Combined TRACON& Tower with Radar,0,12,23,12,47,0,0,14,2,16,0,12,37,14,63,20,10,30,93
09/09/2022,SPI,IL,AGL,CE,Combined TRACON& Tower with Radar,0,7,29,6,42,0,4,22,4,30,0,11,51,10,72,24,27,51,123
09/11/2022,SPI,IL,AGL,CE,Combined TRACON& Tower with Radar,0,6,10,4,20,0,1,2,0,3,0,7,12,4,23,6,0,6,29
09/12/2022,SPI,IL,AGL,CE,Combined TRACON& Tower with Radar,0,5,15,6,26,0,9,27,0,36,0,14,42,6,62,18,9,27,89
09/13/2022,SPI,IL,AGL,CE,Combined TRACON& Tower with Radar,0,9,9,0,18,0,8,23,2,33,0,17,32,2,51,30,11,41,92
09/14/2022,SPI,IL,AGL,CE,Combined TRACON& Tower with Radar,0,8,17,0,25,0,7,30,5,42,0,15,47,5,67,18,8,26,93
09/15/2022,SPI,IL,AGL,CE,Combined TRACON& Tower with Radar,0,12,16,0,28,0,4,32,0,36,0,16,48,0,64,30,6,36,100
09/16/2022,SPI,IL,AGL,CE,Combined TRACON& Tower with Radar,0,6,24,0,30,0,9,14,3,26,0,15,38,3,56,44,12,56,112
09/17/2022,SPI,IL,AGL,CE,Combined TRACON& Tower with Radar,0,8,10,0,18,0,8,32,2,42,0,16,42,2,60,36,3,39,99
09/18/2022,SPI,IL,AGL,CE,Combined TRACON& Tower with Radar,0,8,14,0,22,0,9,17,0,26,0,17,31,0,48,20,13,33,81
09/19/2022,SPI,IL,AGL,CE,Combined TRACON& Tower with Radar,0,7,15,2,24,0,7,16,0,23,0,14,31,2,47,10,6,16,63
09/20/2022,SPI,IL,AGL,CE,Combined TRACON& Tower with Radar,0,9,12,2,23,0,5,36,2,43,0,14,48,4,66,26,5,31,97
09/21/2022,SPI,IL,AGL,CE,Combined TRACON& Tower with Radar,0,7,18,8,33,0,2,6,4,12,0,9,24,12,45,14,1,15,60
09/22/2022,SPI,IL,AGL,CE,Combined TRACON& Tower with Radar,0,9,8,2,19,0,13,30,4,47,0,22,38,6,66,17,14,31,97
09/23/2022,SPI,IL,AGL,CE,Combined TRACON& Tower with Radar,0,13,14,6,33,0,2,14,0,16,0,15,28,6,49,30,2,32,81
09/24/2022,SPI,IL,AGL,CE,Combined TRACON& Tower with Radar,0,10,11,0,21,0,7,31,0,38,0,17,42,0,59,12,8,20,79
09/25/2022,SPI,IL,AGL,CE,Combined TRACON& Tower with Radar,0,10,13,0,23,0,4,12,0,16,0,14,25,0,39,0,3,3,42
09/26/2022,SPI,IL,AGL,CE,Combined TRACON& Tower with Radar,0,8,15,0,23,0,15,20,4,39,0,23,35,4,62,0,14,14,76
09/27/2022,SPI,IL,AGL,CE,Combined TRACON& Tower with Radar,2,7,13,0,22,0,7,11,0,18,2,14,24,0,40,36,10,46,86
09/28/2022,SPI,IL,AGL,CE,Combined TRACON& Tower with Radar,0,11,3,0,14,0,1,30,2,33,0,12,33,2,47,16,3,19,66
09/29/2022,SPI,IL,AGL,CE,Combined TRACON& Tower with Radar,0,10,8,2,20,0,4,29,0,33,0,14,37,2,53,32,8,40,93
09/30/2022,SPI,IL,AGL,CE,Combined TRACON& Tower with Radar,0,7,18,0,25,0,3,27,0,30,0,10,45,0,55,14,6,20,75
10/01/2022,SPI,IL,AGL,CE,Towers with Radar,0,10,5,0,15,0,6,13,1,20,0,16,18,1,35,25,6,31,66
10/02/2022,SPI,IL,AGL,CE,Towers with Radar,0,6,13,0,19,0,10,24,0,34,0,16,37,0,53,0,14,14,67
10/03/2022,SPI,IL,AGL,CE,Towers with Radar,0,8,5,5,18,0,12,22,1,35,0,20,27,6,53,12,14,26,79
10/04/2022,SPI,IL,AGL,CE,Towers with Radar,0,6,10,0,16,0,8,30,4,42,0,14,40,4,58,10,6,16,74
10/05/2022,SPI,IL,AGL,CE,Towers with Radar,2,6,8,0,16,0,2,17,6,25,2,8,25,6,41,24,4,28,69
10/06/2022,SPI,IL,AGL,CE,Towers with Radar,3,3,12,0,18,0,8,16,5,29,3,11,28,5,47,41,2,43,90
10/07/2022,SPI,IL,AGL,CE,Towers with Radar,4,3,12,0,19,0,6,14,2,22,4,9,26,2,41,8,6,14,55
10/08/2022,SPI,IL,AGL,CE,Towers with Radar,6,2,7,0,15,0,14,18,0,32,6,16,25,0,47,42,7,49,96
10/09/2022,SPI,IL,AGL,CE,Towers with Radar,4,2,10,1,17,0,5,28,1,34,4,7,38,2,51,15,7,22,73
10/10/2022,SPI,IL,AGL,CE,Towers with Radar,4,4,8,0,16,0,13,25,0,38,4,17,33,0,54,4,15,19,73
10/11/2022,SPI,IL,AGL,CE,Towers with Radar,4,4,4,0,12,0,1,0,0,1,4,5,4,0,13,0,1,1,14
10/12/2022,SPI,IL,AGL,CE,Towers with Radar,5,7,8,0,20,1,3,3,1,8,6,10,11,1,28,4,6,10,38
10/13/2022,SPI,IL,AGL,CE,Towers with Radar,4,5,17,0,26,0,4,2,2,8,4,9,19,2,34,0,5,5,39
10/14/2022,SPI,IL,AGL,CE,Towers with Radar,4,5,10,0,19,0,3,7,2,12,4,8,17,2,31,0,6,6,37
10/15/2022,SPI,IL,AGL,CE,Towers with Radar,6,7,11,0,24,0,4,25,0,29,6,11,36,0,53,14,1,15,68
10/16/2022,SPI,IL,AGL,CE,Towers with Radar,3,5,12,0,20,0,5,18,0,23,3,10,30,0,43,26,2,28,71
10/17/2022,SPI,IL,AGL,CE,Towers with Radar,4,3,7,0,14,0,3,11,0,14,4,6,18,0,28,4,5,9,37
10/18/2022,SPI,IL,AGL,CE,Towers with Radar,4,5,8,0,17,0,3,9,0,12,4,8,17,0,29,15,3,18,47
10/19/2022,SPI,IL,AGL,CE,Towers with Radar,6,3,12,1,22,0,5,15,4,24,6,8,27,5,46,10,8,18,64
10/20/2022,SPI,IL,AGL,CE,Towers with Radar,4,9,12,4,29,0,14,12,0,26,4,23,24,4,55,10,12,22,77
10/21/2022,SPI,IL,AGL,CE,Towers with Radar,5,5,10,2,22,0,3,23,5,31,5,8,33,7,53,7,8,15,68
10/22/2022,SPI,IL,AGL,CE,Towers with Radar,6,3,2,2,13,0,1,11,1,13,6,4,13,3,26,10,1,11,37
10/23/2022,SPI,IL,AGL,CE,Towers with Radar,4,4,11,1,20,0,6,24,0,30,4,10,35,1,50,2,8,10,60
10/24/2022,SPI,IL,AGL,CE,Towers with Radar,4,5,5,2,16,0,11,7,3,21,4,16,12,5,37,1,12,13,50
10/25/2022,SPI,IL,AGL,CE,Towers with Radar,4,4,7,0,15,0,0,0,0,0,4,4,7,0,15,0,0,0,15
10/26/2022,SPI,IL,AGL,CE,Towers with Radar,6,2,8,2,18,0,3,36,4,43,6,5,44,6,61,34,11,45,106
10/27/2022,SPI,IL,AGL,CE,Towers with Radar,4,12,9,0,25,0,7,23,5,35,4,19,32,5,60,32,12,44,104
10/28/2022,SPI,IL,AGL,CE,Towers with Radar,3,7,14,2,26,0,3,18,0,21,3,10,32,2,47,16,7,23,70
10/29/2022,SPI,IL,AGL,CE,Towers with Radar,8,10,1,0,19,0,10,20,0,30,8,20,21,0,49,28,3,31,80
10/30/2022,SPI,IL,AGL,CE,Towers with Radar,5,5,12,0,22,0,1,2,0,3,5,6,14,0,25,0,0,0,25
10/31/2022,SPI,IL,AGL,CE,Towers with Radar,4,1,17,4,26,0,1,0,0,1,4,2,17,4,27,0,1,1,28
11/01/2022,SPI,IL,AGL,CE,Towers with Radar,7,3,4,4,18,0,0,19,12,31,7,3,23,16,49,22,10,32,81
11/02/2022,SPI,IL,AGL,CE,Towers with Radar,7,4,10,13,34,0,5,33,1,39,7,9,43,14,73,59,1,60,133
11/03/2022,SPI,IL,AGL,CE,Towers with Radar,4,16,10,2,32,0,1,11,4,16,4,17,21,6,48,10,8,18,66
11/04/2022,SPI,IL,AGL,CE,Towers with Radar,4,3,8,0,15,0,4,3,1,8,4,7,11,1,23,0,5,5,28
11/05/2022,SPI,IL,AGL,CE,Towers with Radar,7,2,1,0,10,0,1,1,0,2,7,3,2,0,12,0,10,10,22
11/06/2022,SPI,IL,AGL,CE,Towers with Radar,5,4,5,0,14,0,2,10,0,12,5,6,15,0,26,10,1,11,37
11/07/2022,SPI,IL,AGL,CE,Towers with Radar,4,4,11,1,20,0,4,18,3,25,4,8,29,4,45,6,6,12,57
11/08/2022,SPI,IL,AGL,CE,Towers with Radar,4,5,10,0,19,0,9,22,2,33,4,14,32,2,52,14,10,24,76
11/09/2022,SPI,IL,AGL,CE,Towers with Radar,6,2,6,5,19,0,5,29,4,38,6,7,35,9,57,38,19,57,114
11/10/2022,SPI,IL,AGL,CE,Towers with Radar,4,8,15,1,28,0,6,16,0,22,4,14,31,1,50,16,12,28,78
11/11/2022,SPI,IL,AGL,CE,Towers with Radar,4,6,10,0,20,0,2,11,0,13,4,8,21,0,33,19,4,23,56
11/12/2022,SPI,IL,AGL,CE,Towers with Radar,5,2,3,0,10,0,2,3,0,5,5,4,6,0,15,0,2,2,17
11/13/2022,SPI,IL,AGL,CE,Towers with Radar,4,4,12,0,20,0,0,27,0,27,4,4,39,0,47,39,2,41,88
11/14/2022,SPI,IL,AGL,CE,Towers with Radar,4,9,12,0,25,0,5,39,1,45,4,14,51,1,70,26,5,31,101
11/15/2022,SPI,IL,AGL,CE,Towers with Radar,4,5,6,0,15,0,0,0,0,0,4,5,6,0,15,0,0,0,15
11/16/2022,SPI,IL,AGL,CE,Towers with Radar,9,6,13,2,30,0,8,4,5,17,9,14,17,7,47,6,4,10,57
11/17/2022,SPI,IL,AGL,CE,Towers with Radar,4,4,3,1,12,0,3,8,5,16,4,7,11,6,28,2,11,13,41
11/18/2022,SPI,IL,AGL,CE,Towers with Radar,2,5,4,0,11,1,1,7,4,13,3,6,11,4,24,0,7,7,31
11/19/2022,SPI,IL,AGL,CE,Towers with Radar,8,4,7,0,19,0,0,9,0,9,8,4,16,0,28,8,6,14,42
11/20/2022,SPI,IL,AGL,CE,Towers with Radar,4,3,6,0,13,0,5,22,0,27,4,8,28,0,40,0,5,5,45
11/21/2022,SPI,IL,AGL,CE,Towers with Radar,3,5,8,6,22,1,3,17,3,24,4,8,25,9,46,0,3,3,49
11/22/2022,SPI,IL,AGL,CE,Towers with Radar,6,3,16,1,26,0,12,23,3,38,6,15,39,4,64,18,6,24,88
11/23/2022,SPI,IL,AGL,CE,Towers with Radar,4,4,10,6,24,0,6,21,0,27,4,10,31,6,51,18,7,25,76
11/24/2022,SPI,IL,AGL,CE,Towers with Radar,2,2,0,0,4,0,0,0,0,0,2,2,0,0,4,0,0,0,4
11/25/2022,SPI,IL,AGL,CE,Towers with Radar,6,2,9,0,17,0,2,14,0,16,6,4,23,0,33,28,1,29,62
11/26/2022,SPI,IL,AGL,CE,Towers with Radar,8,5,10,0,23,0,5,21,0,26,8,10,31,0,49,9,7,16,65
11/27/2022,SPI,IL,AGL,CE,Towers with Radar,3,3,7,0,13,1,1,1,0,3,4,4,8,0,16,0,1,1,17
11/28/2022,SPI,IL,AGL,CE,Towers with Radar,6,4,9,0,19,0,12,4,0,16,6,16,13,0,35,28,11,39,74
11/29/2022,SPI,IL,AGL,CE,Towers with Radar,4,7,7,0,18,0,4,6,4,14,4,11,13,4,32,0,4,4,36
11/30/2022,SPI,IL,AGL,CE,Towers with Radar,8,4,4,4,20,0,6,5,2,13,8,10,9,6,33,0,4,4,37
12/01/2022,SPI,IL,AGL,CE,Towers with Radar,4,8,10,3,25,0,12,22,0,34,4,20,32,3,59,7,39,46,105
12/02/2022,SPI,IL,AGL,CE,Towers with Radar,4,2,9,0,15,0,3,8,4,15,4,5,17,4,30,0,13,13,43
12/03/2022,SPI,IL,AGL,CE,Towers with Radar,8,2,2,0,12,0,6,18,0,24,8,8,20,0,36,6,8,14,50
12/04/2022,SPI,IL,AGL,CE,Towers with Radar,4,2,7,0,13,0,3,27,0,30,4,5,34,0,43,65,4,69,112
12/05/2022,SPI,IL,AGL,CE,Towers with Radar,4,6,15,0,25,0,0,3,0,3,4,6,18,0,28,3,0,3,31
12/06/2022,SPI,IL,AGL,CE,Towers with Radar,4,4,18,0,26,0,0,0,0,0,4,4,18,0,26,0,0,0,26
12/07/2022,SPI,IL,AGL,CE,Towers with Radar,8,7,8,1,24,0,0,16,0,16,8,7,24,1,40,28,0,28,68
12/08/2022,SPI,IL,AGL,CE,Towers with Radar,4,2,12,0,18,0,0,0,0,0,4,2,12,0,18,4,0,4,22
12/09/2022,SPI,IL,AGL,CE,Towers with Radar,6,4,15,0,25,0,0,7,0,7,6,4,22,0,32,6,0,6,38
12/10/2022,SPI,IL,AGL,CE,Towers with Radar,8,2,15,0,25,0,0,1,0,1,8,2,16,0,26,0,0,0,26
12/11/2022,SPI,IL,AGL,CE,Towers with Radar,4,4,7,0,15,0,0,8,0,8,4,4,15,0,23,0,4,4,27
12/12/2022,SPI,IL,AGL,CE,Towers with Radar,4,4,2,2,12,0,3,4,0,7,4,7,6,2,19,8,1,9,28
12/13/2022,SPI,IL,AGL,CE,Towers with Radar,3,2,7,1,13,0,1,1,1,3,3,3,8,2,16,0,15,15,31
12/14/2022,SPI,IL,AGL,CE,Towers with Radar,3,2,6,2,13,0,0,0,0,0,3,2,6,2,13,0,1,1,14
12/15/2022,SPI,IL,AGL,CE,Towers with Radar,8,4,13,13,38,0,4,23,0,27,8,8,36,13,65,0,0,0,65
12/16/2022,SPI,IL,AGL,CE,Towers with Radar,4,4,8,0,16,0,0,7,0,7,4,4,15,0,23,0,7,7,30
12/17/2022,SPI,IL,AGL,CE,Towers with Radar,4,1,5,0,10,0,3,10,0,13,4,4,15,0,23,0,9,9,32
12/18/2022,SPI,IL,AGL,CE,Towers with Radar,8,8,18,0,34,0,0,27,0,27,8,8,45,0,61,13,0,13,74
12/19/2022,SPI,IL,AGL,CE,Towers with Radar,4,2,19,5,30,0,7,13,3,23,4,9,32,8,53,12,20,32,85
12/20/2022,SPI,IL,AGL,CE,Towers with Radar,4,2,17,10,33,0,8,27,0,35,4,10,44,10,68,35,5,40,108
12/21/2022,SPI,IL,AGL,CE,Towers with Radar,8,2,23,11,44,0,1,2,0,3,8,3,25,11,47,0,0,0,47
12/22/2022,SPI,IL,AGL,CE,Towers with Radar,4,2,3,0,9,0,1,0,0,1,4,3,3,0,10,0,2,2,12
12/23/2022,SPI,IL,AGL,CE,Towers with Radar,0,1,0,0,1,0,0,0,0,0,0,1,0,0,1,0,0,0,1
12/24/2022,SPI,IL,AGL,CE,Towers with Radar,8,0,0,0,8,0,6,5,0,11,8,6,5,0,19,6,5,11,30
12/25/2022,SPI,IL,AGL,CE,Towers with Radar,6,2,0,0,8,0,2,13,0,15,6,4,13,0,23,0,16,16,39
12/26/2022,SPI,IL,AGL,CE,Towers with Radar,5,2,18,0,25,1,1,0,0,2,6,3,18,0,27,0,0,0,27
12/27/2022,SPI,IL,AGL,CE,Towers with Radar,4,4,4,0,12,0,15,9,0,24,4,19,13,0,36,9,11,20,56
12/28/2022,SPI,IL,AGL,CE,Towers with Radar,8,3,9,0,20,0,1,2,0,3,8,4,11,0,23,0,0,0,23
12/29/2022,SPI,IL,AGL,CE,Towers with Radar,4,2,8,0,14,0,3,1,1,5,4,5,9,1,19,4,6,10,29
12/30/2022,SPI,IL,AGL,CE,Towers with Radar,4,3,9,0,16,0,1,10,0,11,4,4,19,0,27,19,1,20,47
12/31/2022,SPI,IL,AGL,CE,Towers with Radar,8,4,9,0,21,0,0,28,0,28,8,4,37,0,49,20,2,22,71
01/01/2023,SPI,IL,AGL,CE,Towers with Radar,5,2,13,0,20,0,0,2,0,2,5,2,15,0,22,46,1,47,69
01/02/2023,SPI,IL,AGL,CE,Towers with Radar,7,8,7,0,22,0,0,0,0,0,7,8,7,0,22,0,0,0,22
01/03/2023,SPI,IL,AGL,CE,Towers with Radar,4,3,12,0,19,0,2,4,0,6,4,5,16,0,25,14,4,18,43
01/04/2023,SPI,IL,AGL,CE,Towers with Radar,8,5,21,5,39,0,2,15,7,24,8,7,36,12,63,23,26,49,112
01/05/2023,SPI,IL,AGL,CE,Towers with Radar,4,2,14,0,20,0,1,4,1,6,4,3,18,1,26,0,0,0,26
01/06/2023,SPI,IL,AGL,CE,Towers with Radar,4,4,14,40,62,0,4,34,0,38,4,8,48,40,100,55,45,100,200
01/07/2023,SPI,IL,AGL,CE,Towers with Radar,8,2,6,9,25,0,3,11,0,14,8,5,17,9,39,8,19,27,66
01/08/2023,SPI,IL,AGL,CE,Towers with Radar,3,9,5,1,18,0,1,4,0,5,3,10,9,1,23,7,7,14,37
01/09/2023,SPI,IL,AGL,CE,Towers with Radar,3,17,6,2,28,0,0,13,2,15,3,17,19,4,43,84,8,92,135
01/10/2023,SPI,IL,AGL,CE,Towers with Radar,2,7,14,10,33,0,1,46,2,49,2,8,60,12,82,86,37,123,205
01/11/2023,SPI,IL,AGL,CE,Towers with Radar,6,5,14,4,29,0,2,32,0,34,6,7,46,4,63,83,1,84,147
01/12/2023,SPI,IL,AGL,CE,Towers with Radar,1,4,6,0,11,1,0,0,1,2,2,4,6,1,13,0,0,0,13
01/13/2023,SPI,IL,AGL,CE,Towers with Radar,1,2,9,0,12,1,1,3,0,5,2,3,12,0,17,10,1,11,28
01/14/2023,SPI,IL,AGL,CE,Towers with Radar,5,2,22,0,29,0,0,28,0,28,5,2,50,0,57,40,2,42,99
01/15/2023,SPI,IL,AGL,CE,Towers with Radar,2,2,4,0,8,0,10,25,0,35,2,12,29,0,43,4,14,18,61
01/16/2023,SPI,IL,AGL,CE,Towers with Radar,2,2,2,4,10,0,2,2,0,4,2,4,4,4,14,6,4,10,24
01/17/2023,SPI,IL,AGL,CE,Towers with Radar,2,4,13,0,19,0,3,9,0,12,2,7,22,0,31,8,9,17,48
01/18/2023,SPI,IL,AGL,CE,Towers with Radar,6,6,4,3,19,0,0,0,0,0,6,6,4,3,19,0,0,0,19
01/19/2023,SPI,IL,AGL,CE,Towers with Radar,1,2,7,0,10,1,0,1,0,2,2,2,8,0,12,0,0,0,12
01/20/2023,SPI,IL,AGL,CE,Towers with Radar,2,2,6,3,13,0,2,2,1,5,2,4,8,4,18,46,2,48,66
01/21/2023,SPI,IL,AGL,CE,Towers with Radar,6,4,4,0,14,0,3,21,0,24,6,7,25,0,38,25,3,28,66
01/22/2023,SPI,IL,AGL,CE,Towers with Radar,2,5,4,0,11,0,3,3,0,6,2,8,7,0,17,11,5,16,33
01/23/2023,SPI,IL,AGL,CE,Towers with Radar,2,4,13,0,19,0,3,14,0,17,2,7,27,0,36,53,31,84,120
01/24/2023,SPI,IL,AGL,CE,Towers with Radar,2,1,11,2,16,0,1,23,2,26,2,2,34,4,42,44,11,55,97
01/25/2023,SPI,IL,AGL,CE,Towers with Radar,6,4,7,0,17,0,1,0,1,2,6,5,7,1,19,0,0,0,19
01/26/2023,SPI,IL,AGL,CE,Towers with Radar,2,2,4,4,12,0,1,6,2,9,2,3,10,6,21,20,13,33,54
01/27/2023,SPI,IL,AGL,CE,Towers with Radar,2,12,4,0,18,0,2,14,0,16,2,14,18,0,34,2,3,5,39
01/28/2023,SPI,IL,AGL,CE,Towers with Radar,8,14,12,0,34,0,4,16,0,20,8,18,28,0,54,18,7,25,79
01/29/2023,SPI,IL,AGL,CE,Towers with Radar,2,4,8,0,14,0,0,0,0,0,2,4,8,0,14,0,0,0,14
01/30/2023,SPI,IL,AGL,CE,Towers with Radar,0,5,9,3,17,0,1,13,0,14,0,6,22,3,31,0,7,7,38
01/31/2023,SPI,IL,AGL,CE,Towers with Radar,0,5,20,5,30,0,6,20,4,30,0,11,40,9,60,20,39,59,119
02/01/2023,SPI,IL,AGL,CE,Towers with Radar,6,2,22,0,30,0,1,18,6,25,6,3,40,6,55,6,13,19,74
02/02/2023,SPI,IL,AGL,CE,Towers with Radar,2,4,5,0,11,0,15,31,7,53,2,19,36,7,64,23,4,27,91
02/03/2023,SPI,IL,AGL,CE,Towers with Radar,2,4,14,7,27,0,7,21,0,28,2,11,35,7,55,6,23,29,84
02/04/2023,SPI,IL,AGL,CE,Towers with Radar,8,1,6,0,15,0,2,4,0,6,8,3,10,0,21,0,2,2,23
02/05/2023,SPI,IL,AGL,CE,Towers with Radar,2,5,8,0,15,0,4,13,0,17,2,9,21,0,32,15,6,21,53
02/06/2023,SPI,IL,AGL,CE,Towers with Radar,2,2,11,0,15,0,2,10,2,14,2,4,21,2,29,0,6,6,35
02/07/2023,SPI,IL,AGL,CE,Towers with Radar,2,6,7,0,15,0,10,20,0,30,2,16,27,0,45,3,7,10,55
02/08/2023,SPI,IL,AGL,CE,Towers with Radar,6,4,12,0,22,0,1,6,0,7,6,5,18,0,29,0,1,1,30
02/09/2023,SPI,IL,AGL,CE,Towers with Radar,2,19,5,3,29,0,0,0,6,6,2,19,5,9,35,2,0,2,37
02/10/2023,SPI,IL,AGL,CE,Towers with Radar,2,3,14,0,19,0,8,19,2,29,2,11,33,2,48,0,13,13,61
02/11/2023,SPI,IL,AGL,CE,Towers with Radar,6,4,13,0,23,0,5,29,0,34,6,9,42,0,57,8,4,12,69
02/12/2023,SPI,IL,AGL,CE,Towers with Radar,2,4,5,0,11,0,3,20,0,23,2,7,25,0,34,18,3,21,55
02/13/2023,SPI,IL,AGL,CE,Towers with Radar,2,2,6,10,20,0,5,16,2,23,2,7,22,12,43,15,36,51,94
02/14/2023,SPI,IL,AGL,CE,Towers with Radar,2,3,4,0,9,0,1,0,0,1,2,4,4,0,10,4,0,4,14
02/15/2023,SPI,IL,AGL,CE,Towers with Radar,2,9,6,2,19,0,2,11,0,13,2,11,17,2,32,0,3,3,35
02/16/2023,SPI,IL,AGL,CE,Towers with Radar,2,8,5,0,15,0,0,0,0,0,2,8,5,0,15,0,0,0,15
02/17/2023,SPI,IL,AGL,CE,Towers with Radar,3,12,11,0,26,1,7,11,2,21,4,19,22,2,47,6,4,10,57
02/18/2023,SPI,IL,AGL,CE,Towers with Radar,6,8,12,0,26,0,0,13,0,13,6,8,25,0,39,0,0,0,39
02/19/2023,SPI,IL,AGL,CE,Towers with Radar,2,2,5,0,9,0,1,15,0,16,2,3,20,0,25,0,9,9,34
02/20/2023,SPI,IL,AGL,CE,Towers with Radar,4,6,16,0,26,0,1,13,0,14,4,7,29,0,40,7,0,7,47
02/21/2023,SPI,IL,AGL,CE,Towers with Radar,2,5,6,4,17,0,2,30,5,37,2,7,36,9,54,20,7,27,81
02/22/2023,SPI,IL,AGL,CE,Towers with Radar,2,2,7,0,11,0,1,0,0,1,2,3,7,0,12,2,0,2,14
02/23/2023,SPI,IL,AGL,CE,Towers with Radar,1,3,5,0,9,1,2,4,0,7,2,5,9,0,16,0,2,2,18
02/24/2023,SPI,IL,AGL,CE,Towers with Radar,4,7,10,2,23,0,6,17,0,23,4,13,27,2,46,19,4,23,69
02/25/2023,SPI,IL,AGL,CE,Towers with Radar,6,3,15,0,24,0,0,5,7,12,6,3,20,7,36,24,20,44,80
02/26/2023,SPI,IL,AGL,CE,Towers with Radar,2,2,9,0,13,0,4,22,0,26,2,6,31,0,39,34,0,34,73
02/27/2023,SPI,IL,AGL,CE,Towers with Radar,4,2,4,0,10,0,1,1,0,2,4,3,5,0,12,0,0,0,12
02/28/2023,SPI,IL,AGL,CE,Towers with Radar,2,5,22,6,35,0,5,15,0,20,2,10,37,6,55,20,10,30,85
03/01/2023,SPI,IL,AGL,CE,Towers with Radar,4,4,16,6,30,0,5,32,1,38,4,9,48,7,68,48,11,59,127
03/02/2023,SPI,IL,AGL,CE,Towers with Radar,2,4,7,17,30,0,8,12,1,21,2,12,19,18,51,20,24,44,95
03/03/2023,SPI,IL,AGL,CE,Towers with Radar,6,2,3,0,11,0,0,2,0,2,6,2,5,0,13,0,0,0,13
03/04/2023,SPI,IL,AGL,CE,Towers with Radar,6,5,9,0,20,0,3,25,1,29,6,8,34,1,49,25,5,30,79
03/05/2023,SPI,IL,AGL,CE,Towers with Radar,4,3,7,3,17,0,2,25,4,31,4,5,32,7,48,14,16,30,78
03/06/2023,SPI,IL,AGL,CE,Towers with Radar,4,6,10,2,22,0,6,20,0,26,4,12,30,2,48,6,2,8,56
03/07/2023,SPI,IL,AGL,CE,Towers with Radar,2,2,11,2,17,0,6,15,2,23,2,8,26,4,40,0,7,7,47
03/08/2023,SPI,IL,AGL,CE,Towers with Radar,2,2,14,4,22,0,4,6,1,11,2,6,20,5,33,22,16,38,71
03/09/2023,SPI,IL,AGL,CE,Towers with Radar,2,2,8,0,12,0,3,4,0,7,2,5,12,0,19,2,37,39,58
03/10/2023,SPI,IL,AGL,CE,Towers with Radar,4,4,11,0,19,0,3,9,0,12,4,7,20,0,31,0,4,4,35
03/11/2023,SPI,IL,AGL,CE,Towers with Radar,5,4,7,2,18,1,1,6,0,8,6,5,13,2,26,12,1,13,39
03/12/2023,SPI,IL,AGL,CE,Towers with Radar,2,6,4,2,14,0,3,0,0,3,2,9,4,2,17,0,3,3,20
03/13/2023,SPI,IL,AGL,CE,Towers with Radar,4,2,6,0,12,0,0,1,0,1,4,2,7,0,13,12,0,12,25
03/14/2023,SPI,IL,AGL,CE,Towers with Radar,2,7,11,6,26,0,10,41,2,53,2,17,52,8,79,26,11,37,116
03/15/2023,SPI,IL,AGL,CE,Towers with Radar,2,3,13,4,22,0,11,40,2,53,2,14,53,6,75,14,19,33,108
03/16/2023,SPI,IL,AGL,CE,Towers with Radar,2,2,9,5,18,0,3,4,0,7,2,5,13,5,25,0,0,0,25
03/17/2023,SPI,IL,AGL,CE,Towers with Radar,4,4,8,6,22,0,9,4,2,15,4,13,12,8,37,0,19,19,56
03/18/2023,SPI,IL,AGL,CE,Towers with Radar,6,2,7,0,15,0,1,1,0,2,6,3,8,0,17,0,0,0,17
03/19/2023,SPI,IL,AGL,CE,Towers with Radar,2,3,39,2,46,0,4,20,0,24,2,7,59,2,70,18,7,25,95
03/20/2023,SPI,IL,AGL,CE,Towers with Radar,4,5,13,2,24,0,4,12,2,18,4,9,25,4,42,0,8,8,50
03/21/2023,SPI,IL,AGL,CE,Towers with Radar,2,6,11,9,28,0,3,5,2,10,2,9,16,11,38,0,6,6,44
03/22/2023,SPI,IL,AGL,CE,Towers with Radar,2,2,4,0,8,0,0,1,0,1,2,2,5,0,9,0,1,1,10
03/23/2023,SPI,IL,AGL,CE,Towers with Radar,4,2,11,2,19,0,0,0,0,0,4,2,11,2,19,0,0,0,19
03/24/2023,SPI,IL,AGL,CE,Towers with Radar,4,2,20,10,36,0,1,3,0,4,4,3,23,10,40,5,1,6,46
03/25/2023,SPI,IL,AGL,CE,Towers with Radar,6,4,9,0,19,0,0,6,0,6,6,4,15,0,25,16,4,20,45
03/26/2023,SPI,IL,AGL,CE,Towers with Radar,3,6,33,0,42,0,4,23,0,27,3,10,56,0,69,0,4,4,73
03/27/2023,SPI,IL,AGL,CE,Towers with Radar,6,4,32,2,44,0,2,14,0,16,6,6,46,2,60,16,12,28,88
03/28/2023,SPI,IL,AGL,CE,Towers with Radar,2,8,27,0,37,0,2,16,2,20,2,10,43,2,57,28,3,31,88
03/29/2023,SPI,IL,AGL,CE,Towers with Radar,2,12,28,5,47,0,10,24,1,35,2,22,52,6,82,18,12,30,112
03/30/2023,SPI,IL,AGL,CE,Towers with Radar,2,10,19,9,40,0,8,13,4,25,2,18,32,13,65,24,3,27,92
03/31/2023,SPI,IL,AGL,CE,Towers with Radar,4,2,1,4,11,0,0,0,0,0,4,2,1,4,11,8,9,17,28
04/01/2023,SPI,IL,AGL,CE,Towers with Radar,5,2,2,0,9,0,7,3,0,10,5,9,5,0,19,0,12,12,31
04/02/2023,SPI,IL,AGL,CE,Towers with Radar,2,6,16,0,24,0,2,15,0,17,2,8,31,0,41,6,0,6,47
04/03/2023,SPI,IL,AGL,CE,Towers with Radar,4,7,17,6,34,0,6,17,0,23,4,13,34,6,57,14,12,26,83
04/04/2023,SPI,IL,AGL,CE,Towers with Radar,4,9,7,0,20,0,4,1,0,5,4,13,8,0,25,0,3,3,28
04/05/2023,SPI,IL,AGL,CE,Towers with Radar,2,4,10,6,22,0,3,3,2,8,2,7,13,8,30,10,3,13,43
04/06/2023,SPI,IL,AGL,CE,Towers with Radar,2,9,26,5,42,0,11,26,2,39,2,20,52,7,81,7,8,15,96
04/07/2023,SPI,IL,AGL,CE,Towers with Radar,4,6,32,4,46,0,5,26,4,35,4,11,58,8,81,37,0,37,118
04/08/2023,SPI,IL,AGL,CE,Towers with Radar,5,3,20,0,28,0,2,26,0,28,5,5,46,0,56,4,2,6,62
04/09/2023,SPI,IL,AGL,CE,Towers with Radar,2,2,22,2,28,0,8,17,4,29,2,10,39,6,57,13,9,22,79
04/10/2023,SPI,IL,AGL,CE,Towers with Radar,4,6,36,0,46,0,4,22,0,26,4,10,58,0,72,25,1,26,98
04/11/2023,SPI,IL,AGL,CE,Towers with Radar,1,8,29,5,43,1,5,24,3,33,2,13,53,8,76,38,5,43,119
04/12/2023,SPI,IL,AGL,CE,Towers with Radar,2,4,24,7,37,0,3,8,3,14,2,7,32,10,51,26,13,39,90
04/13/2023,SPI,IL,AGL,CE,Towers with Radar,2,12,23,4,41,0,12,17,4,33,2,24,40,8,74,0,6,6,80
04/14/2023,SPI,IL,AGL,CE,Towers with Radar,5,4,22,6,37,0,4,10,1,15,5,8,32,7,52,14,5,19,71
04/15/2023,SPI,IL,AGL,CE,Towers with Radar,3,2,12,0,17,0,2,14,0,16,3,4,26,0,33,0,3,3,36
04/16/2023,SPI,IL,AGL,CE,Towers with Radar,2,2,6,0,10,0,0,0,0,0,2,2,6,0,10,0,0,0,10
04/17/2023,SPI,IL,AGL,CE,Towers with Radar,6,2,7,0,15,0,6,3,0,9,6,8,10,0,24,0,4,4,28
04/18/2023,SPI,IL,AGL,CE,Towers with Radar,2,5,35,6,48,0,12,19,4,35,2,17,54,10,83,30,30,60,143
04/19/2023,SPI,IL,AGL,CE,Towers with Radar,2,3,12,1,18,0,4,6,1,11,2,7,18,2,29,0,0,0,29
04/20/2023,SPI,IL,AGL,CE,Towers with Radar,1,4,13,2,20,1,1,8,0,10,2,5,21,2,30,0,2,2,32
04/21/2023,SPI,IL,AGL,CE,Towers with Radar,4,4,19,2,29,0,3,7,2,12,4,7,26,4,41,17,3,20,61
04/22/2023,SPI,IL,AGL,CE,Towers with Radar,3,6,4,0,13,0,3,3,0,6,3,9,7,0,19,0,3,3,22
04/23/2023,SPI,IL,AGL,CE,Towers with Radar,2,2,27,0,31,0,0,16,0,16,2,2,43,0,47,4,1,5,52
04/24/2023,SPI,IL,AGL,CE,Towers with Radar,4,7,28,2,41,0,4,16,0,20,4,11,44,2,61,4,4,8,69
04/25/2023,SPI,IL,AGL,CE,Towers with Radar,2,7,20,4,33,0,2,5,2,9,2,9,25,6,42,18,3,21,63
04/26/2023,SPI,IL,AGL,CE,Towers with Radar,2,4,19,11,36,0,4,15,3,22,2,8,34,14,58,32,2,34,92
04/27/2023,SPI,IL,AGL,CE,Towers with Radar,2,13,41,3,59,0,15,15,3,33,2,28,56,6,92,50,35,85,177
04/28/2023,SPI,IL,AGL,CE,Towers with Radar,4,8,18,7,37,0,8,22,3,33,4,16,40,10,70,63,17,80,150
04/29/2023,SPI,IL,AGL,CE,Towers with Radar,3,7,8,0,18,0,3,3,0,6,3,10,11,0,24,0,3,3,27
04/30/2023,SPI,IL,AGL,CE,Towers with Radar,2,3,13,0,18,0,0,4,0,4,2,3,17,0,22,0,0,0,22
05/01/2023,SPI,IL,AGL,CE,Towers with Radar,4,6,10,0,20,0,4,1,0,5,4,10,11,0,25,0,3,3,28
05/02/2023,SPI,IL,AGL,CE,Towers with Radar,1,6,11,2,20,1,4,3,2,10,2,10,14,4,30,0,4,4,34
05/03/2023,SPI,IL,AGL,CE,Towers with Radar,4,7,25,3,39,0,2,16,1,19,4,9,41,4,58,14,1,15,73
05/04/2023,SPI,IL,AGL,CE,Towers with Radar,2,6,15,2,25,0,0,13,2,15,2,6,28,4,40,53,4,57,97
05/05/2023,SPI,IL,AGL,CE,Towers with Radar,4,2,9,3,18,0,8,1,5,14,4,10,10,8,32,21,9,30,62
05/06/2023,SPI,IL,AGL,CE,Towers with Radar,5,4,13,0,22,0,4,1,1,6,5,8,14,1,28,0,6,6,34
05/07/2023,SPI,IL,AGL,CE,Towers with Radar,2,1,9,0,12,0,3,5,0,8,2,4,14,0,20,0,4,4,24
05/08/2023,SPI,IL,AGL,CE,Towers with Radar,4,3,14,1,22,0,7,3,1,11,4,10,17,2,33,4,34,38,71
05/09/2023,SPI,IL,AGL,CE,Towers with Radar,0,9,17,9,35,1,5,6,3,15,1,14,23,12,50,10,38,48,98
05/10/2023,SPI,IL,AGL,CE,Towers with Radar,3,7,21,1,32,0,7,13,3,23,3,14,34,4,55,16,9,25,80
05/11/2023,SPI,IL,AGL,CE,Towers with Radar,2,4,16,1,23,0,4,10,1,15,2,8,26,2,38,0,3,3,41
05/12/2023,SPI,IL,AGL,CE,Towers with Radar,4,5,11,0,20,0,5,6,0,11,4,10,17,0,31,12,10,22,53
05/13/2023,SPI,IL,AGL,CE,Towers with Radar,3,2,16,0,21,0,3,5,0,8,3,5,21,0,29,0,1,1,30
05/14/2023,SPI,IL,AGL,CE,Towers with Radar,2,4,4,0,10,0,5,3,0,8,2,9,7,0,18,0,4,4,22
05/15/2023,SPI,IL,AGL,CE,Towers with Radar,4,3,12,2,21,0,6,5,0,11,4,9,17,2,32,8,17,25,57
05/16/2023,SPI,IL,AGL,CE,Towers with Radar,3,2,18,0,23,0,5,9,7,21,3,7,27,7,44,10,9,19,63
05/17/2023,SPI,IL,AGL,CE,Towers with Radar,4,12,37,0,53,0,12,24,0,36,4,24,61,0,89,52,18,70,159
05/18/2023,SPI,IL,AGL,CE,Towers with Radar,2,17,21,7,47,0,9,17,2,28,2,26,38,9,75,28,24,52,127
05/19/2023,SPI,IL,AGL,CE,Towers with Radar,4,7,16,16,43,0,4,6,0,10,4,11,22,16,53,4,9,13,66
05/20/2023,SPI,IL,AGL,CE,Towers with Radar,2,5,23,0,30,0,8,15,0,23,2,13,38,0,53,14,10,24,77
05/21/2023,SPI,IL,AGL,CE,Towers with Radar,4,2,13,0,19,0,10,8,0,18,4,12,21,0,37,16,8,24,61
05/22/2023,SPI,IL,AGL,CE,Towers with Radar,4,3,24,2,33,0,2,15,2,19,4,5,39,4,52,32,2,34,86
05/23/2023,SPI,IL,AGL,CE,Towers with Radar,1,5,30,4,40,0,1,26,0,27,1,6,56,4,67,56,2,58,125
05/24/2023,SPI,IL,AGL,CE,Towers with Radar,3,9,18,2,32,0,8,17,0,25,3,17,35,2,57,3,15,18,75
05/25/2023,SPI,IL,AGL,CE,Towers with Radar,2,6,24,7,39,0,0,13,1,14,2,6,37,8,53,30,12,42,95
05/26/2023,SPI,IL,AGL,CE,Towers with Radar,4,3,28,1,36,0,7,22,1,30,4,10,50,2,66,28,8,36,102
05/27/2023,SPI,IL,AGL,CE,Towers with Radar,2,3,26,0,31,0,4,19,0,23,2,7,45,0,54,18,8,26,80
05/28/2023,SPI,IL,AGL,CE,Towers with Radar,2,7,18,0,27,0,3,16,0,19,2,10,34,0,46,6,5,11,57
05/29/2023,SPI,IL,AGL,CE,Towers with Radar,4,2,17,1,24,0,2,13,0,15,4,4,30,1,39,50,4,54,93
05/30/2023,SPI,IL,AGL,CE,Towers with Radar,3,6,11,14,34,0,4,12,3,19,3,10,23,17,53,10,19,29,82
05/31/2023,SPI,IL,AGL,CE,Towers with Radar,3,5,16,1,25,0,5,16,1,22,3,10,32,2,47,42,9,51,98
06/01/2023,SPI,IL,AGL,CE,Towers with Radar,0,4,17,2,23,0,5,8,1,14,0,9,25,3,37,12,4,16,53
06/02/2023,SPI,IL,AGL,CE,Towers with Radar,2,6,22,2,32,0,5,10,4,19,2,11,32,6,51,17,7,24,75
06/03/2023,SPI,IL,AGL,CE,Towers with Radar,0,4,12,0,16,0,3,12,0,15,0,7,24,0,31,0,3,3,34
06/04/2023,SPI,IL,AGL,CE,Towers with Radar,0,6,16,0,22,0,3,15,0,18,0,9,31,0,40,6,2,8,48
06/05/2023,SPI,IL,AGL,CE,Towers with Radar,2,5,14,0,21,0,7,10,0,17,2,12,24,0,38,30,8,38,76
06/06/2023,SPI,IL,AGL,CE,Towers with Radar,0,10,10,6,26,0,4,11,0,15,0,14,21,6,41,40,3,43,84
06/07/2023,SPI,IL,AGL,CE,Towers with Radar,0,14,23,0,37,0,4,7,0,11,0,18,30,0,48,34,7,41,89
06/08/2023,SPI,IL,AGL,CE,Towers with Radar,0,7,9,1,17,0,10,12,5,27,0,17,21,6,44,8,19,27,71
06/09/2023,SPI,IL,AGL,CE,Towers with Radar,2,3,18,4,27,0,4,20,0,24,2,7,38,4,51,48,9,57,108
06/10/2023,SPI,IL,AGL,CE,Towers with Radar,0,4,16,2,22,0,0,13,2,15,0,4,29,4,37,6,4,10,47
06/11/2023,SPI,IL,AGL,CE,Towers with Radar,0,10,17,0,27,0,1,2,0,3,0,11,19,0,30,0,6,6,36
06/12/2023,SPI,IL,AGL,CE,Towers with Radar,2,8,11,0,21,0,9,7,0,16,2,17,18,0,37,0,13,13,50
06/13/2023,SPI,IL,AGL,CE,Towers with Radar,2,6,17,8,33,0,4,8,4,16,2,10,25,12,49,14,3,17,66
06/14/2023,SPI,IL,AGL,CE,Towers with Radar,0,4,24,2,30,0,1,19,2,22,0,5,43,4,52,8,3,11,63
06/15/2023,SPI,IL,AGL,CE,Towers with Radar,0,9,15,2,26,0,7,4,2,13,0,16,19,4,39,12,4,16,55
06/16/2023,SPI,IL,AGL,CE,Towers with Radar,4,9,26,4,43,0,10,26,4,40,4,19,52,8,83,25,12,37,120
06/17/2023,SPI,IL,AGL,CE,Towers with Radar,0,11,21,0,32,0,2,14,0,16,0,13,35,0,48,34,6,40,88
06/18/2023,SPI,IL,AGL,CE,Towers with Radar,0,5,6,0,11,0,1,6,0,7,0,6,12,0,18,10,4,14,32
06/19/2023,SPI,IL,AGL,CE,Towers with Radar,2,4,19,0,25,0,5,13,4,22,2,9,32,4,47,39,6,45,92
06/20/2023,SPI,IL,AGL,CE,Towers with Radar,2,5,15,0,22,0,4,14,0,18,2,9,29,0,40,0,4,4,44
06/21/2023,SPI,IL,AGL,CE,Towers with Radar,0,6,17,0,23,0,8,12,2,22,0,14,29,2,45,14,18,32,77
06/22/2023,SPI,IL,AGL,CE,Towers with Radar,0,12,40,9,61,0,4,13,0,17,0,16,53,9,78,60,9,69,147
06/23/2023,SPI,IL,AGL,CE,Towers with Radar,4,8,26,8,46,0,4,14,2,20,4,12,40,10,66,14,13,27,93
06/24/2023,SPI,IL,AGL,CE,Towers with Radar,0,4,11,1,16,0,10,12,0,22,0,14,23,1,38,14,15,29,67
06/25/2023,SPI,IL,AGL,CE,Towers with Radar,0,4,5,0,9,0,5,5,0,10,0,9,10,0,19,0,11,11,30
06/26/2023,SPI,IL,AGL,CE,Towers with Radar,2,5,17,0,24,0,4,5,0,9,2,9,22,0,33,4,6,10,43
06/27/2023,SPI,IL,AGL,CE,Towers with Radar,0,8,24,8,40,0,6,12,7,25,0,14,36,15,65,6,6,12,77
06/28/2023,SPI,IL,AGL,CE,Towers with Radar,0,6,12,1,19,0,0,1,0,1,0,6,13,1,20,0,0,0,20
06/29/2023,SPI,IL,AGL,CE,Towers with Radar,0,1,14,1,16,0,1,7,1,9,0,2,21,2,25,0,3,3,28
06/30/2023,SPI,IL,AGL,CE,Towers with Radar,2,5,16,4,27,0,9,8,0,17,2,14,24,4,44,0,7,7,51
07/01/2023,SPI,IL,AGL,CE,Towers with Radar,0,3,9,0,12,0,2,5,0,7,0,5,14,0,19,0,1,1,20
07/02/2023,SPI,IL,AGL,CE,Towers with Radar,0,4,12,0,16,0,1,3,0,4,0,5,15,0,20,0,0,0,20
07/03/2023,SPI,IL,AGL,CE,Towers with Radar,2,5,23,0,30,0,10,15,0,25,2,15,38,0,55,36,7,43,98
07/04/2023,SPI,IL,AGL,CE,Towers with Radar,0,2,8,0,10,0,0,11,0,11,0,2,19,0,21,28,0,28,49
07/05/2023,SPI,IL,AGL,CE,Towers with Radar,0,1,17,0,18,0,7,11,0,18,0,8,28,0,36,0,12,12,48
07/06/2023,SPI,IL,AGL,CE,Towers with Radar,0,7,20,6,33,0,5,14,0,19,0,12,34,6,52,24,5,29,81
07/07/2023,SPI,IL,AGL,CE,Towers with Radar,2,8,31,4,45,0,8,21,1,30,2,16,52,5,75,36,31,67,142
07/08/2023,SPI,IL,AGL,CE,Towers with Radar,0,6,12,4,22,0,4,11,0,15,0,10,23,4,37,4,7,11,48
07/09/2023,SPI,IL,AGL,CE,Towers with Radar,0,4,21,0,25,0,3,19,0,22,0,7,40,0,47,26,4,30,77
07/10/2023,SPI,IL,AGL,CE,Towers with Radar,2,7,28,6,43,0,5,19,4,28,2,12,47,10,71,20,27,47,118
07/11/2023,SPI,IL,AGL,CE,Towers with Radar,0,13,19,2,34,0,13,17,4,34,0,26,36,6,68,18,7,25,93
07/12/2023,SPI,IL,AGL,CE,Towers with Radar,0,2,9,2,13,0,5,6,2,13,0,7,15,4,26,31,14,45,71
07/13/2023,SPI,IL,AGL,CE,Towers with Radar,0,8,30,2,40,0,2,12,2,16,0,10,42,4,56,43,32,75,131
07/14/2023,SPI,IL,AGL,CE,Towers with Radar,2,8,17,2,29,0,6,8,0,14,2,14,25,2,43,16,18,34,77
07/15/2023,SPI,IL,AGL,CE,Towers with Radar,0,4,11,0,15,0,11,7,0,18,0,15,18,0,33,74,9,83,116
07/16/2023,SPI,IL,AGL,CE,Towers with Radar,0,6,14,0,20,0,0,7,0,7,0,6,21,0,27,0,1,1,28
07/17/2023,SPI,IL,AGL,CE,Towers with Radar,2,4,17,0,23,0,2,6,0,8,2,6,23,0,31,28,19,47,78
07/18/2023,SPI,IL,AGL,CE,Towers with Radar,0,5,15,2,22,0,1,14,0,15,0,6,29,2,37,30,0,30,67
07/19/2023,SPI,IL,AGL,CE,Towers with Radar,0,9,32,2,43,0,9,17,4,30,0,18,49,6,73,8,9,17,90
07/20/2023,SPI,IL,AGL,CE,Towers with Radar,0,8,22,0,30,0,4,4,0,8,0,12,26,0,38,6,9,15,53
07/21/2023,SPI,IL,AGL,CE,Towers with Radar,2,6,24,5,37,0,10,18,9,37,2,16,42,14,74,40,30,70,144
07/22/2023,SPI,IL,AGL,CE,Towers with Radar,0,9,25,1,35,0,7,17,1,25,0,16,42,2,60,20,7,27,87
07/23/2023,SPI,IL,AGL,CE,Towers with Radar,0,6,16,0,22,0,6,11,0,17,0,12,27,0,39,0,5,5,44
07/24/2023,SPI,IL,AGL,CE,Towers with Radar,2,3,32,5,42,0,0,22,2,24,2,3,54,7,66,20,17,37,103
07/25/2023,SPI,IL,AGL,CE,Towers with Radar,0,5,16,8,29,0,1,7,0,8,0,6,23,8,37,0,6,6,43
07/26/2023,SPI,IL,AGL,CE,Towers with Radar,2,4,14,1,21,0,7,12,1,20,2,11,26,2,41,12,11,23,64
07/27/2023,SPI,IL,AGL,CE,Towers with Radar,0,6,22,1,29,0,14,10,1,25,0,20,32,2,54,38,18,56,110
07/28/2023,SPI,IL,AGL,CE,Towers with Radar,2,3,28,6,39,0,8,13,2,23,2,11,41,8,62,0,11,11,73
07/29/2023,SPI,IL,AGL,CE,Towers with Radar,0,3,24,0,27,0,5,13,0,18,0,8,37,0,45,12,4,16,61
07/30/2023,SPI,IL,AGL,CE,Towers with Radar,0,4,11,8,23,0,5,12,4,21,0,9,23,12,44,20,4,24,68
07/31/2023,SPI,IL,AGL,CE,Towers with Radar,2,6,18,0,26,0,2,11,0,13,2,8,29,0,39,8,4,12,51
08/01/2023,SPI,IL,AGL,CE,Towers with Radar,0,11,23,5,39,0,8,9,1,18,0,19,32,6,57,16,12,28,85
08/02/2023,SPI,IL,AGL,CE,Towers with Radar,0,3,12,3,18,0,1,1,0,2,0,4,13,3,20,0,1,1,21
08/03/2023,SPI,IL,AGL,CE,Towers with Radar,0,6,11,2,19,0,2,4,0,6,0,8,15,2,25,24,3,27,52
08/04/2023,SPI,IL,AGL,CE,Towers with Radar,2,6,10,10,28,0,10,13,4,27,2,16,23,14,55,21,21,42,97
08/05/2023,SPI,IL,AGL,CE,Towers with Radar,0,2,5,0,7,0,5,3,0,8,0,7,8,0,15,0,5,5,20
08/06/2023,SPI,IL,AGL,CE,Towers with Radar,0,4,9,3,16,0,3,21,3,27,0,7,30,6,43,0,4,4,47
08/07/2023,SPI,IL,AGL,CE,Towers with Radar,2,6,17,2,27,0,1,3,0,4,2,7,20,2,31,0,2,2,33
08/08/2023,SPI,IL,AGL,CE,Towers with Radar,0,6,27,5,38,0,7,21,4,32,0,13,48,9,70,14,14,28,98
08/09/2023,SPI,IL,AGL,CE,Towers with Radar,0,3,13,0,16,0,1,3,0,4,0,4,16,0,20,8,3,11,31
08/10/2023,SPI,IL,AGL,CE,Towers with Radar,2,6,16,8,32,0,3,10,2,15,2,9,26,10,47,14,5,19,66
08/11/2023,SPI,IL,AGL,CE,Towers with Radar,2,9,20,0,31,0,6,5,0,11,2,15,25,0,42,0,1,1,43
08/12/2023,SPI,IL,AGL,CE,Towers with Radar,0,4,23,0,27,0,9,21,0,30,0,13,44,0,57,28,7,35,92
08/13/2023,SPI,IL,AGL,CE,Towers with Radar,2,9,23,1,35,0,5,11,1,17,2,14,34,2,52,8,6,14,66
08/14/2023,SPI,IL,AGL,CE,Towers with Radar,2,6,21,3,32,0,3,10,1,14,2,9,31,4,46,0,27,27,73
08/15/2023,SPI,IL,AGL,CE,Towers with Radar,0,4,16,18,38,0,1,8,1,10,0,5,24,19,48,6,27,33,81
08/16/2023,SPI,IL,AGL,CE,Towers with Radar,0,10,25,2,37,0,5,10,1,16,0,15,35,3,53,62,3,65,118
08/17/2023,SPI,IL,AGL,CE,Towers with Radar,0,8,12,2,22,0,8,9,1,18,0,16,21,3,40,24,8,32,72
08/18/2023,SPI,IL,AGL,CE,Towers with Radar,0,9,16,1,26,0,17,16,1,34,0,26,32,2,60,74,9,83,143
08/19/2023,SPI,IL,AGL,CE,Towers with Radar,0,5,19,9,33,0,10,15,1,26,0,15,34,10,59,12,43,55,114
08/20/2023,SPI,IL,AGL,CE,Towers with Radar,0,5,28,0,33,0,3,23,0,26,0,8,51,0,59,26,8,34,93
08/21/2023,SPI,IL,AGL,CE,Towers with Radar,1,7,17,0,25,0,14,8,0,22,1,21,25,0,47,0,17,17,64
08/22/2023,SPI,IL,AGL,CE,Towers with Radar,2,4,19,5,30,0,9,10,1,20,2,13,29,6,50,0,10,10,60
08/23/2023,SPI,IL,AGL,CE,Towers with Radar,0,4,10,0,14,0,3,6,2,11,0,7,16,2,25,14,4,18,43
08/24/2023,SPI,IL,AGL,CE,Towers with Radar,0,8,20,3,31,0,7,11,0,18,0,15,31,3,49,8,31,39,88
08/25/2023,SPI,IL,AGL,CE,Towers with Radar,0,4,11,0,15,0,8,11,0,19,0,12,22,0,34,4,16,20,54
08/26/2023,SPI,IL,AGL,CE,Towers with Radar,0,3,14,0,17,0,0,5,1,6,0,3,19,1,23,22,0,22,45
08/27/2023,SPI,IL,AGL,CE,Towers with Radar,0,8,16,0,24,0,0,5,0,5,0,8,21,0,29,4,0,4,33
08/28/2023,SPI,IL,AGL,CE,Towers with Radar,0,7,18,3,28,0,8,10,4,22,0,15,28,7,50,4,17,21,71
08/29/2023,SPI,IL,AGL,CE,Towers with Radar,2,5,29,8,44,0,5,16,0,21,2,10,45,8,65,22,20,42,107
08/30/2023,SPI,IL,AGL,CE,Towers with Radar,0,16,19,11,46,0,10,6,2,18,0,26,25,13,64,62,16,78,142
08/31/2023,SPI,IL,AGL,CE,Towers with Radar,0,5,20,5,30,0,7,12,4,23,0,12,32,9,53,40,9,49,102
