01/01/2000,SRQ,FL,ASO,ES,Combined TRACON& Tower with Radar,21,20,53,1,95,19,7,151,3,180,40,27,204,4,275,70,0,70,345
01/02/2000,SRQ,FL,ASO,ES,Combined TRACON& Tower with Radar,38,31,94,0,163,1,0,275,0,276,39,31,369,0,439,160,0,160,599
01/03/2000,SRQ,FL,ASO,ES,Combined TRACON& Tower with Radar,36,30,88,4,158,4,8,340,10,362,40,38,428,14,520,166,0,166,686
01/04/2000,SRQ,FL,ASO,ES,Combined TRACON& Tower with Radar,31,27,78,3,139,3,13,203,0,219,34,40,281,3,358,78,6,84,442
01/05/2000,SRQ,FL,ASO,ES,Combined TRACON& Tower with Radar,35,30,86,0,151,8,9,244,0,261,43,39,330,0,412,134,0,134,546
01/06/2000,SRQ,FL,ASO,ES,Combined TRACON& Tower with Radar,32,29,85,4,150,0,11,197,2,210,32,40,282,6,360,104,0,104,464
01/07/2000,SRQ,FL,ASO,ES,Combined TRACON& Tower with Radar,37,33,115,2,187,0,0,116,0,116,37,33,231,2,303,70,0,70,373
01/08/2000,SRQ,FL,ASO,ES,Combined TRACON& Tower with Radar,40,27,105,2,174,0,0,76,0,76,40,27,181,2,250,32,0,32,282
01/09/2000,SRQ,FL,ASO,ES,Combined TRACON& Tower with Radar,33,28,82,0,143,5,0,275,0,280,38,28,357,0,423,204,0,204,627
01/10/2000,SRQ,FL,ASO,ES,Combined TRACON& Tower with Radar,41,39,122,5,207,0,0,171,20,191,41,39,293,25,398,72,2,74,472
01/11/2000,SRQ,FL,ASO,ES,Combined TRACON& Tower with Radar,35,31,90,4,160,0,6,280,0,286,35,37,370,4,446,136,0,136,582
01/12/2000,SRQ,FL,ASO,ES,Combined TRACON& Tower with Radar,38,33,94,4,169,5,6,318,7,336,43,39,412,11,505,92,4,96,601
01/13/2000,SRQ,FL,ASO,ES,Combined TRACON& Tower with Radar,32,28,80,0,140,2,6,255,0,263,34,34,335,0,403,62,0,62,465
01/14/2000,SRQ,FL,ASO,ES,Combined TRACON& Tower with Radar,29,24,71,0,124,7,9,149,0,165,36,33,220,0,289,42,0,42,331
01/15/2000,SRQ,FL,ASO,ES,Combined TRACON& Tower with Radar,36,25,85,4,150,2,0,216,0,218,38,25,301,4,368,118,0,118,486
01/16/2000,SRQ,FL,ASO,ES,Combined TRACON& Tower with Radar,32,27,75,2,136,5,1,304,0,310,37,28,379,2,446,76,0,76,522
01/17/2000,SRQ,FL,ASO,ES,Combined TRACON& Tower with Radar,39,28,92,3,162,3,0,405,3,411,42,28,497,6,573,84,0,84,657
01/18/2000,SRQ,FL,ASO,ES,Combined TRACON& Tower with Radar,33,28,78,2,141,1,13,242,8,264,34,41,320,10,405,98,6,104,509
01/19/2000,SRQ,FL,ASO,ES,Combined TRACON& Tower with Radar,35,41,123,4,203,0,0,268,6,274,35,41,391,10,477,142,8,150,627
01/20/2000,SRQ,FL,ASO,ES,Combined TRACON& Tower with Radar,33,27,77,2,139,0,4,140,7,151,33,31,217,9,290,80,0,80,370
01/21/2000,SRQ,FL,ASO,ES,Combined TRACON& Tower with Radar,38,34,103,3,178,0,0,317,5,322,38,34,420,8,500,76,0,76,576
01/22/2000,SRQ,FL,ASO,ES,Combined TRACON& Tower with Radar,34,27,79,2,142,2,0,429,0,431,36,27,508,2,573,92,0,92,665
01/23/2000,SRQ,FL,ASO,ES,Combined TRACON& Tower with Radar,32,29,83,3,147,0,7,231,5,243,32,36,314,8,390,130,0,130,520
01/24/2000,SRQ,FL,ASO,ES,Combined TRACON& Tower with Radar,32,27,75,2,136,7,8,177,4,196,39,35,252,6,332,10,0,10,342
01/25/2000,SRQ,FL,ASO,ES,Combined TRACON& Tower with Radar,32,32,94,3,161,0,12,215,1,228,32,44,309,4,389,158,0,158,547
01/26/2000,SRQ,FL,ASO,ES,Combined TRACON& Tower with Radar,36,30,87,0,153,7,20,190,0,217,43,50,277,0,370,80,0,80,450
01/27/2000,SRQ,FL,ASO,ES,Combined TRACON& Tower with Radar,35,32,91,3,161,0,19,262,3,284,35,51,353,6,445,96,0,96,541
01/28/2000,SRQ,FL,ASO,ES,Combined TRACON& Tower with Radar,33,33,97,3,166,0,5,209,3,217,33,38,306,6,383,154,12,166,549
01/29/2000,SRQ,FL,ASO,ES,Combined TRACON& Tower with Radar,31,32,95,3,161,0,7,339,17,363,31,39,434,20,524,116,2,118,642
01/30/2000,SRQ,FL,ASO,ES,Combined TRACON& Tower with Radar,32,29,81,2,144,0,0,267,0,267,32,29,348,2,411,114,0,114,525
01/31/2000,SRQ,FL,ASO,ES,Combined TRACON& Tower with Radar,36,30,88,3,157,1,5,87,10,103,37,35,175,13,260,28,20,48,308
02/01/2000,SRQ,FL,ASO,ES,Combined TRACON& Tower with Radar,36,27,100,2,165,2,12,237,2,253,38,39,337,4,418,114,0,114,532
02/02/2000,SRQ,FL,ASO,ES,Combined TRACON& Tower with Radar,39,29,108,2,178,3,3,167,12,185,42,32,275,14,363,57,0,57,420
02/03/2000,SRQ,FL,ASO,ES,Combined TRACON& Tower with Radar,35,34,126,2,197,0,6,178,0,184,35,40,304,2,381,164,0,164,545
02/04/2000,SRQ,FL,ASO,ES,Combined TRACON& Tower with Radar,37,30,107,2,176,0,2,400,4,406,37,32,507,6,582,144,2,146,728
02/05/2000,SRQ,FL,ASO,ES,Combined TRACON& Tower with Radar,33,26,94,2,155,4,14,342,0,360,37,40,436,2,515,158,0,158,673
02/06/2000,SRQ,FL,ASO,ES,Combined TRACON& Tower with Radar,32,24,89,0,145,3,11,299,0,313,35,35,388,0,458,129,0,129,587
02/07/2000,SRQ,FL,ASO,ES,Combined TRACON& Tower with Radar,40,35,129,3,207,0,10,264,12,286,40,45,393,15,493,158,20,178,671
02/08/2000,SRQ,FL,ASO,ES,Combined TRACON& Tower with Radar,31,25,89,2,147,8,8,220,2,238,39,33,309,4,385,162,0,162,547
02/09/2000,SRQ,FL,ASO,ES,Combined TRACON& Tower with Radar,35,27,97,2,161,5,8,267,12,292,40,35,364,14,453,122,0,122,575
02/10/2000,SRQ,FL,ASO,ES,Combined TRACON& Tower with Radar,36,34,124,3,197,0,5,289,11,305,36,39,413,14,502,128,0,128,630
02/11/2000,SRQ,FL,ASO,ES,Combined TRACON& Tower with Radar,35,26,99,0,160,5,6,268,0,279,40,32,367,0,439,212,0,212,651
02/12/2000,SRQ,FL,ASO,ES,Combined TRACON& Tower with Radar,40,25,108,2,175,3,0,307,0,310,43,25,415,2,485,172,0,172,657
02/13/2000,SRQ,FL,ASO,ES,Combined TRACON& Tower with Radar,32,23,89,2,146,10,0,332,0,342,42,23,421,2,488,88,2,90,578
02/14/2000,SRQ,FL,ASO,ES,Combined TRACON& Tower with Radar,37,27,99,3,166,0,8,141,5,154,37,35,240,8,320,18,0,18,338
02/15/2000,SRQ,FL,ASO,ES,Combined TRACON& Tower with Radar,34,24,91,2,151,2,8,296,0,306,36,32,387,2,457,132,0,132,589
02/16/2000,SRQ,FL,ASO,ES,Combined TRACON& Tower with Radar,35,26,95,3,159,5,4,272,0,281,40,30,367,3,440,142,0,142,582
02/17/2000,SRQ,FL,ASO,ES,Combined TRACON& Tower with Radar,36,32,126,4,198,0,0,329,8,337,36,32,455,12,535,184,0,184,719
02/18/2000,SRQ,FL,ASO,ES,Combined TRACON& Tower with Radar,39,34,126,4,203,0,0,401,6,407,39,34,527,10,610,190,0,190,800
02/19/2000,SRQ,FL,ASO,ES,Combined TRACON& Tower with Radar,40,25,133,0,198,0,0,301,0,301,40,25,434,0,499,202,0,202,701
02/20/2000,SRQ,FL,ASO,ES,Combined TRACON& Tower with Radar,41,25,114,0,180,0,0,282,0,282,41,25,396,0,462,106,0,106,568
02/21/2000,SRQ,FL,ASO,ES,Combined TRACON& Tower with Radar,40,29,110,0,179,0,5,280,0,285,40,34,390,0,464,82,0,82,546
02/22/2000,SRQ,FL,ASO,ES,Combined TRACON& Tower with Radar,37,26,99,3,165,2,13,223,7,245,39,39,322,10,410,56,0,56,466
02/23/2000,SRQ,FL,ASO,ES,Combined TRACON& Tower with Radar,39,31,113,2,185,0,1,223,0,224,39,32,336,2,409,138,0,138,547
02/24/2000,SRQ,FL,ASO,ES,Combined TRACON& Tower with Radar,39,34,126,4,203,0,8,273,8,289,39,42,399,12,492,126,0,126,618
02/25/2000,SRQ,FL,ASO,ES,Combined TRACON& Tower with Radar,37,26,99,2,164,2,8,300,10,320,39,34,399,12,484,186,0,186,670
02/26/2000,SRQ,FL,ASO,ES,Combined TRACON& Tower with Radar,41,26,110,0,177,2,0,366,0,368,43,26,476,0,545,162,0,162,707
02/27/2000,SRQ,FL,ASO,ES,Combined TRACON& Tower with Radar,37,26,99,0,162,2,4,245,0,251,39,30,344,0,413,130,0,130,543
02/28/2000,SRQ,FL,ASO,ES,Combined TRACON& Tower with Radar,38,27,102,2,169,3,4,175,0,182,41,31,277,2,351,84,0,84,435
02/29/2000,SRQ,FL,ASO,ES,Combined TRACON& Tower with Radar,34,24,92,2,152,6,6,261,2,275,40,30,353,4,427,98,0,98,525
03/01/2000,SRQ,FL,ASO,ES,Combined TRACON& Tower with Radar,0,5,77,1,83,0,0,175,1,176,0,5,252,2,259,0,0,0,259
03/02/2000,SRQ,FL,ASO,ES,Combined TRACON& Tower with Radar,0,4,113,2,119,0,0,177,0,177,0,4,290,2,296,0,0,0,296
03/03/2000,SRQ,FL,ASO,ES,Combined TRACON& Tower with Radar,0,8,124,2,134,0,0,97,0,97,0,8,221,2,231,0,0,0,231
03/04/2000,SRQ,FL,ASO,ES,Combined TRACON& Tower with Radar,0,8,76,0,84,0,0,105,0,105,0,8,181,0,189,0,0,0,189
03/05/2000,SRQ,FL,ASO,ES,Combined TRACON& Tower with Radar,0,9,82,0,91,0,0,284,0,284,0,9,366,0,375,0,0,0,375
03/06/2000,SRQ,FL,ASO,ES,Combined TRACON& Tower with Radar,0,11,106,2,119,0,0,151,3,154,0,11,257,5,273,0,0,0,273
03/07/2000,SRQ,FL,ASO,ES,Combined TRACON& Tower with Radar,0,7,85,2,94,0,0,187,0,187,0,7,272,2,281,0,0,0,281
03/08/2000,SRQ,FL,ASO,ES,Combined TRACON& Tower with Radar,0,6,104,0,110,0,0,141,0,141,0,6,245,0,251,0,0,0,251
03/09/2000,SRQ,FL,ASO,ES,Combined TRACON& Tower with Radar,0,6,88,2,96,0,0,222,2,224,0,6,310,4,320,0,0,0,320
03/10/2000,SRQ,FL,ASO,ES,Combined TRACON& Tower with Radar,0,5,100,3,108,0,0,196,3,199,0,5,296,6,307,0,0,0,307
03/11/2000,SRQ,FL,ASO,ES,Combined TRACON& Tower with Radar,0,4,103,0,107,0,0,116,0,116,0,4,219,0,223,0,0,0,223
03/12/2000,SRQ,FL,ASO,ES,Combined TRACON& Tower with Radar,0,3,96,0,99,0,0,82,0,82,0,3,178,0,181,0,0,0,181
03/13/2000,SRQ,FL,ASO,ES,Combined TRACON& Tower with Radar,0,8,93,0,101,0,0,122,0,122,0,8,215,0,223,0,0,0,223
03/14/2000,SRQ,FL,ASO,ES,Combined TRACON& Tower with Radar,0,8,86,3,97,0,0,130,9,139,0,8,216,12,236,0,0,0,236
03/15/2000,SRQ,FL,ASO,ES,Combined TRACON& Tower with Radar,0,11,192,3,206,0,0,0,0,0,0,11,192,3,206,0,0,0,206
03/16/2000,SRQ,FL,ASO,ES,Combined TRACON& Tower with Radar,0,21,102,3,126,0,0,49,10,59,0,21,151,13,185,0,0,0,185
03/17/2000,SRQ,FL,ASO,ES,Combined TRACON& Tower with Radar,0,3,115,0,118,0,0,42,0,42,0,3,157,0,160,0,0,0,160
03/18/2000,SRQ,FL,ASO,ES,Combined TRACON& Tower with Radar,0,3,94,3,100,0,0,109,13,122,0,3,203,16,222,0,0,0,222
03/19/2000,SRQ,FL,ASO,ES,Combined TRACON& Tower with Radar,0,1,76,0,77,0,0,0,0,0,0,1,76,0,77,0,0,0,77
03/20/2000,SRQ,FL,ASO,ES,Combined TRACON& Tower with Radar,0,4,83,1,88,0,0,102,0,102,0,4,185,1,190,0,0,0,190
03/21/2000,SRQ,FL,ASO,ES,Combined TRACON& Tower with Radar,0,4,77,2,83,0,0,168,2,170,0,4,245,4,253,0,0,0,253
03/22/2000,SRQ,FL,ASO,ES,Combined TRACON& Tower with Radar,0,5,103,0,108,0,0,167,0,167,0,5,270,0,275,0,0,0,275
03/23/2000,SRQ,FL,ASO,ES,Combined TRACON& Tower with Radar,0,5,118,0,123,0,0,186,0,186,0,5,304,0,309,0,0,0,309
03/24/2000,SRQ,FL,ASO,ES,Combined TRACON& Tower with Radar,0,13,115,0,128,0,0,139,0,139,0,13,254,0,267,0,0,0,267
03/25/2000,SRQ,FL,ASO,ES,Combined TRACON& Tower with Radar,0,4,95,0,99,0,0,201,0,201,0,4,296,0,300,0,0,0,300
03/26/2000,SRQ,FL,ASO,ES,Combined TRACON& Tower with Radar,0,4,90,2,96,0,0,98,0,98,0,4,188,2,194,0,0,0,194
03/27/2000,SRQ,FL,ASO,ES,Combined TRACON& Tower with Radar,0,8,77,0,85,0,0,40,0,40,0,8,117,0,125,0,0,0,125
03/28/2000,SRQ,FL,ASO,ES,Combined TRACON& Tower with Radar,0,5,97,2,104,0,0,165,5,170,0,5,262,7,274,0,0,0,274
03/29/2000,SRQ,FL,ASO,ES,Combined TRACON& Tower with Radar,0,4,118,2,124,0,0,150,4,154,0,4,268,6,278,0,0,0,278
03/30/2000,SRQ,FL,ASO,ES,Combined TRACON& Tower with Radar,0,5,110,1,116,0,0,136,0,136,0,5,246,1,252,0,0,0,252
03/31/2000,SRQ,FL,ASO,ES,Combined TRACON& Tower with Radar,0,5,124,3,132,0,0,118,5,123,0,5,242,8,255,0,0,0,255
04/01/2000,SRQ,FL,ASO,ES,Combined TRACON& Tower with Radar,39,27,104,1,171,0,0,244,8,252,39,27,348,9,423,76,0,76,499
04/02/2000,SRQ,FL,ASO,ES,Combined TRACON& Tower with Radar,37,26,94,0,157,6,2,159,0,167,43,28,253,0,324,40,0,40,364
04/03/2000,SRQ,FL,ASO,ES,Combined TRACON& Tower with Radar,30,21,76,1,128,13,9,180,1,203,43,30,256,2,331,90,0,90,421
04/04/2000,SRQ,FL,ASO,ES,Combined TRACON& Tower with Radar,36,25,91,1,153,5,5,157,3,170,41,30,248,4,323,86,0,86,409
04/05/2000,SRQ,FL,ASO,ES,Combined TRACON& Tower with Radar,37,25,91,0,153,6,11,364,0,381,43,36,455,0,534,84,0,84,618
04/06/2000,SRQ,FL,ASO,ES,Combined TRACON& Tower with Radar,40,28,100,1,169,3,4,362,6,375,43,32,462,7,544,127,10,137,681
04/07/2000,SRQ,FL,ASO,ES,Combined TRACON& Tower with Radar,38,32,114,0,184,0,4,273,0,277,38,36,387,0,461,114,0,114,575
04/08/2000,SRQ,FL,ASO,ES,Combined TRACON& Tower with Radar,37,25,92,1,155,5,0,287,1,293,42,25,379,2,448,148,0,148,596
04/09/2000,SRQ,FL,ASO,ES,Combined TRACON& Tower with Radar,38,25,95,0,158,3,0,226,0,229,41,25,321,0,387,68,0,68,455
04/10/2000,SRQ,FL,ASO,ES,Combined TRACON& Tower with Radar,34,24,86,1,145,10,12,210,15,247,44,36,296,16,392,126,12,138,530
04/11/2000,SRQ,FL,ASO,ES,Combined TRACON& Tower with Radar,37,24,92,2,155,9,6,226,2,243,46,30,318,4,398,174,0,174,572
04/12/2000,SRQ,FL,ASO,ES,Combined TRACON& Tower with Radar,43,29,107,2,181,0,11,296,8,315,43,40,403,10,496,188,26,214,710
04/13/2000,SRQ,FL,ASO,ES,Combined TRACON& Tower with Radar,44,33,143,3,223,0,0,268,1,269,44,33,411,4,492,100,0,100,592
04/14/2000,SRQ,FL,ASO,ES,Combined TRACON& Tower with Radar,42,35,146,0,223,0,0,187,0,187,42,35,333,0,410,26,0,26,436
04/15/2000,SRQ,FL,ASO,ES,Combined TRACON& Tower with Radar,43,30,115,0,188,0,0,319,0,319,43,30,434,0,507,158,0,158,665
04/16/2000,SRQ,FL,ASO,ES,Combined TRACON& Tower with Radar,36,24,91,0,151,0,0,265,0,265,36,24,356,0,416,76,0,76,492
04/17/2000,SRQ,FL,ASO,ES,Combined TRACON& Tower with Radar,38,24,91,0,153,4,8,262,0,274,42,32,353,0,427,104,0,104,531
04/18/2000,SRQ,FL,ASO,ES,Combined TRACON& Tower with Radar,38,24,91,2,155,2,5,231,2,240,40,29,322,4,395,90,48,138,533
04/19/2000,SRQ,FL,ASO,ES,Combined TRACON& Tower with Radar,41,34,123,2,200,0,14,381,0,395,41,48,504,2,595,128,4,132,727
04/20/2000,SRQ,FL,ASO,ES,Combined TRACON& Tower with Radar,38,32,115,0,185,0,10,429,0,439,38,42,544,0,624,168,0,168,792
04/21/2000,SRQ,FL,ASO,ES,Combined TRACON& Tower with Radar,40,34,124,0,198,0,3,321,0,324,40,37,445,0,522,154,0,154,676
04/22/2000,SRQ,FL,ASO,ES,Combined TRACON& Tower with Radar,39,25,93,0,157,3,1,216,0,220,42,26,309,0,377,74,0,74,451
04/23/2000,SRQ,FL,ASO,ES,Combined TRACON& Tower with Radar,36,24,88,0,148,8,8,185,0,201,44,32,273,0,349,70,0,70,419
04/24/2000,SRQ,FL,ASO,ES,Combined TRACON& Tower with Radar,39,26,95,2,162,6,9,152,4,171,45,35,247,6,333,80,0,80,413
04/25/2000,SRQ,FL,ASO,ES,Combined TRACON& Tower with Radar,38,35,130,3,206,0,4,249,47,300,38,39,379,50,506,89,0,89,595
04/26/2000,SRQ,FL,ASO,ES,Combined TRACON& Tower with Radar,43,29,104,0,176,2,10,337,0,349,45,39,441,0,525,106,0,106,631
04/27/2000,SRQ,FL,ASO,ES,Combined TRACON& Tower with Radar,41,29,108,1,179,0,17,363,15,395,41,46,471,16,574,132,0,132,706
04/28/2000,SRQ,FL,ASO,ES,Combined TRACON& Tower with Radar,37,24,88,1,150,5,8,301,31,345,42,32,389,32,495,158,0,158,653
04/29/2000,SRQ,FL,ASO,ES,Combined TRACON& Tower with Radar,32,19,77,1,129,8,0,284,1,293,40,19,361,2,422,202,0,202,624
04/30/2000,SRQ,FL,ASO,ES,Combined TRACON& Tower with Radar,40,27,101,0,168,0,4,235,0,239,40,31,336,0,407,122,0,122,529
05/01/2000,SRQ,FL,ASO,ES,Combined TRACON& Tower with Radar,40,32,117,4,193,0,3,258,11,272,40,35,375,15,465,154,0,154,619
05/02/2000,SRQ,FL,ASO,ES,Combined TRACON& Tower with Radar,29,25,91,3,148,0,9,272,23,304,29,34,363,26,452,102,0,102,554
05/03/2000,SRQ,FL,ASO,ES,Combined TRACON& Tower with Radar,34,28,104,0,166,0,10,246,0,256,34,38,350,0,422,100,0,100,522
05/04/2000,SRQ,FL,ASO,ES,Combined TRACON& Tower with Radar,29,24,90,2,145,0,35,275,0,310,29,59,365,2,455,156,2,158,613
05/05/2000,SRQ,FL,ASO,ES,Combined TRACON& Tower with Radar,33,29,108,3,173,0,1,192,8,201,33,30,300,11,374,96,0,96,470
05/06/2000,SRQ,FL,ASO,ES,Combined TRACON& Tower with Radar,23,16,70,0,109,9,0,172,0,181,32,16,242,0,290,134,0,134,424
05/07/2000,SRQ,FL,ASO,ES,Combined TRACON& Tower with Radar,30,18,87,3,138,4,0,193,9,206,34,18,280,12,344,86,10,96,440
05/08/2000,SRQ,FL,ASO,ES,Combined TRACON& Tower with Radar,38,30,113,0,181,0,3,231,0,234,38,33,344,0,415,146,0,146,561
05/09/2000,SRQ,FL,ASO,ES,Combined TRACON& Tower with Radar,27,28,106,4,165,0,8,311,22,341,27,36,417,26,506,124,0,124,630
05/10/2000,SRQ,FL,ASO,ES,Combined TRACON& Tower with Radar,35,26,99,4,164,3,1,323,2,329,38,27,422,6,493,195,10,205,698
05/11/2000,SRQ,FL,ASO,ES,Combined TRACON& Tower with Radar,30,23,87,4,144,1,5,341,2,349,31,28,428,6,493,208,4,212,705
05/12/2000,SRQ,FL,ASO,ES,Combined TRACON& Tower with Radar,31,25,95,4,155,0,5,199,48,252,31,30,294,52,407,104,0,104,511
05/13/2000,SRQ,FL,ASO,ES,Combined TRACON& Tower with Radar,28,15,77,2,122,7,0,221,0,228,35,15,298,2,350,196,0,196,546
05/14/2000,SRQ,FL,ASO,ES,Combined TRACON& Tower with Radar,25,19,70,3,117,5,1,195,9,210,30,20,265,12,327,80,0,80,407
05/15/2000,SRQ,FL,ASO,ES,Combined TRACON& Tower with Radar,32,32,122,5,191,0,3,374,4,381,32,35,496,9,572,128,2,130,702
05/16/2000,SRQ,FL,ASO,ES,Combined TRACON& Tower with Radar,25,25,97,4,151,0,14,262,9,285,25,39,359,13,436,270,0,270,706
05/17/2000,SRQ,FL,ASO,ES,Combined TRACON& Tower with Radar,34,29,127,5,195,0,0,314,4,318,34,29,441,9,513,152,0,152,665
05/18/2000,SRQ,FL,ASO,ES,Combined TRACON& Tower with Radar,30,25,94,0,149,0,5,257,0,262,30,30,351,0,411,82,0,82,493
05/19/2000,SRQ,FL,ASO,ES,Combined TRACON& Tower with Radar,30,22,85,4,141,1,9,199,3,212,31,31,284,7,353,98,0,98,451
05/20/2000,SRQ,FL,ASO,ES,Combined TRACON& Tower with Radar,24,18,67,0,109,6,2,238,0,246,30,20,305,0,355,158,0,158,513
05/21/2000,SRQ,FL,ASO,ES,Combined TRACON& Tower with Radar,27,18,76,0,121,3,0,158,0,161,30,18,234,0,282,54,0,54,336
05/22/2000,SRQ,FL,ASO,ES,Combined TRACON& Tower with Radar,32,26,99,4,161,0,6,224,2,232,32,32,323,6,393,24,2,26,419
05/23/2000,SRQ,FL,ASO,ES,Combined TRACON& Tower with Radar,30,22,84,4,140,2,18,156,6,182,32,40,240,10,322,138,0,138,460
05/24/2000,SRQ,FL,ASO,ES,Combined TRACON& Tower with Radar,32,24,94,3,153,0,8,203,2,213,32,32,297,5,366,56,0,56,422
05/25/2000,SRQ,FL,ASO,ES,Combined TRACON& Tower with Radar,28,21,80,0,129,0,8,9,0,17,28,29,89,0,146,76,0,76,222
05/26/2000,SRQ,FL,ASO,ES,Combined TRACON& Tower with Radar,29,22,82,2,135,1,8,229,4,242,30,30,311,6,377,118,0,118,495
05/27/2000,SRQ,FL,ASO,ES,Combined TRACON& Tower with Radar,30,21,83,0,134,6,0,270,0,276,36,21,353,0,410,160,0,160,570
05/28/2000,SRQ,FL,ASO,ES,Combined TRACON& Tower with Radar,19,14,54,0,87,13,5,165,0,183,32,19,219,0,270,20,0,20,290
05/29/2000,SRQ,FL,ASO,ES,Combined TRACON& Tower with Radar,27,20,77,2,126,5,4,269,4,282,32,24,346,6,408,126,0,126,534
05/30/2000,SRQ,FL,ASO,ES,Combined TRACON& Tower with Radar,28,24,92,0,144,0,13,273,0,286,28,37,365,0,430,156,0,156,586
05/31/2000,SRQ,FL,ASO,ES,Combined TRACON& Tower with Radar,33,24,93,3,153,0,15,242,1,258,33,39,335,4,411,72,0,72,483
06/01/2000,SRQ,FL,ASO,ES,Combined TRACON& Tower with Radar,28,24,80,2,134,2,2,332,8,344,30,26,412,10,478,58,0,58,536
06/02/2000,SRQ,FL,ASO,ES,Combined TRACON& Tower with Radar,25,22,71,2,120,3,18,207,4,232,28,40,278,6,352,58,0,58,410
06/03/2000,SRQ,FL,ASO,ES,Combined TRACON& Tower with Radar,19,15,57,0,91,14,0,184,0,198,33,15,241,0,289,90,0,90,379
06/04/2000,SRQ,FL,ASO,ES,Combined TRACON& Tower with Radar,27,21,77,2,127,8,0,162,0,170,35,21,239,2,297,56,0,56,353
06/05/2000,SRQ,FL,ASO,ES,Combined TRACON& Tower with Radar,30,26,89,3,148,0,5,201,15,221,30,31,290,18,369,94,4,98,467
06/06/2000,SRQ,FL,ASO,ES,Combined TRACON& Tower with Radar,24,28,110,4,166,0,0,412,10,422,24,28,522,14,588,170,0,170,758
06/07/2000,SRQ,FL,ASO,ES,Combined TRACON& Tower with Radar,28,24,79,2,133,2,13,235,0,250,30,37,314,2,383,70,0,70,453
06/08/2000,SRQ,FL,ASO,ES,Combined TRACON& Tower with Radar,26,24,80,2,132,0,11,181,0,192,26,35,261,2,324,68,0,68,392
06/09/2000,SRQ,FL,ASO,ES,Combined TRACON& Tower with Radar,29,24,83,4,140,0,4,239,16,259,29,28,322,20,399,106,0,106,505
06/10/2000,SRQ,FL,ASO,ES,Combined TRACON& Tower with Radar,21,16,56,0,93,14,0,259,0,273,35,16,315,0,366,122,0,122,488
06/11/2000,SRQ,FL,ASO,ES,Combined TRACON& Tower with Radar,21,17,58,3,99,9,0,169,3,181,30,17,227,6,280,94,0,94,374
06/12/2000,SRQ,FL,ASO,ES,Combined TRACON& Tower with Radar,24,18,63,3,108,2,15,152,13,182,26,33,215,16,290,62,6,68,358
06/13/2000,SRQ,FL,ASO,ES,Combined TRACON& Tower with Radar,24,29,101,4,158,0,12,330,8,350,24,41,431,12,508,222,0,222,730
06/14/2000,SRQ,FL,ASO,ES,Combined TRACON& Tower with Radar,29,24,84,4,141,0,4,259,3,266,29,28,343,7,407,92,0,92,499
06/15/2000,SRQ,FL,ASO,ES,Combined TRACON& Tower with Radar,23,28,98,4,153,0,0,258,5,263,23,28,356,9,416,102,18,120,536
06/16/2000,SRQ,FL,ASO,ES,Combined TRACON& Tower with Radar,19,15,50,2,86,5,12,174,0,191,24,27,224,2,277,96,0,96,373
06/17/2000,SRQ,FL,ASO,ES,Combined TRACON& Tower with Radar,23,15,62,2,102,0,0,186,0,186,23,15,248,2,288,110,0,110,398
06/18/2000,SRQ,FL,ASO,ES,Combined TRACON& Tower with Radar,31,23,84,2,140,0,0,239,0,239,31,23,323,2,379,136,1,137,516
06/19/2000,SRQ,FL,ASO,ES,Combined TRACON& Tower with Radar,27,21,73,3,124,5,9,222,3,239,32,30,295,6,363,112,4,116,479
06/20/2000,SRQ,FL,ASO,ES,Combined TRACON& Tower with Radar,23,17,60,2,102,0,9,339,0,348,23,26,399,2,450,112,0,112,562
06/21/2000,SRQ,FL,ASO,ES,Combined TRACON& Tower with Radar,28,23,79,3,133,0,6,230,5,241,28,29,309,8,374,118,0,118,492
06/22/2000,SRQ,FL,ASO,ES,Combined TRACON& Tower with Radar,23,20,70,2,115,0,6,218,0,224,23,26,288,2,339,108,0,108,447
06/23/2000,SRQ,FL,ASO,ES,Combined TRACON& Tower with Radar,26,24,82,4,136,0,9,229,6,244,26,33,311,10,380,156,4,160,540
06/24/2000,SRQ,FL,ASO,ES,Combined TRACON& Tower with Radar,26,14,72,3,115,3,0,249,3,255,29,14,321,6,370,148,0,148,518
06/25/2000,SRQ,FL,ASO,ES,Combined TRACON& Tower with Radar,28,21,75,2,126,1,4,177,0,182,29,25,252,2,308,74,0,74,382
06/26/2000,SRQ,FL,ASO,ES,Combined TRACON& Tower with Radar,26,21,75,0,122,0,5,130,0,135,26,26,205,0,257,10,0,10,267
06/27/2000,SRQ,FL,ASO,ES,Combined TRACON& Tower with Radar,27,22,74,2,125,2,8,203,2,215,29,30,277,4,340,116,0,116,456
06/28/2000,SRQ,FL,ASO,ES,Combined TRACON& Tower with Radar,26,23,78,1,128,0,16,198,0,214,26,39,276,1,342,82,24,106,448
06/29/2000,SRQ,FL,ASO,ES,Combined TRACON& Tower with Radar,23,23,80,2,128,0,20,228,4,252,23,43,308,6,380,180,0,180,560
06/30/2000,SRQ,FL,ASO,ES,Combined TRACON& Tower with Radar,26,23,82,0,131,0,10,153,0,163,26,33,235,0,294,44,0,44,338
07/01/2000,SRQ,FL,ASO,ES,Combined TRACON& Tower with Radar,22,12,56,0,90,6,0,62,0,68,28,12,118,0,158,12,0,12,170
07/02/2000,SRQ,FL,ASO,ES,Combined TRACON& Tower with Radar,25,19,68,0,112,0,0,424,0,424,25,19,492,0,536,64,0,64,600
07/03/2000,SRQ,FL,ASO,ES,Combined TRACON& Tower with Radar,23,21,62,2,108,6,2,249,0,257,29,23,311,2,365,96,0,96,461
07/04/2000,SRQ,FL,ASO,ES,Combined TRACON& Tower with Radar,20,18,54,2,94,3,4,168,10,185,23,22,222,12,279,82,0,82,361
07/05/2000,SRQ,FL,ASO,ES,Combined TRACON& Tower with Radar,27,25,74,2,128,0,8,155,9,172,27,33,229,11,300,114,0,114,414
07/06/2000,SRQ,FL,ASO,ES,Combined TRACON& Tower with Radar,23,31,93,3,150,0,6,252,2,260,23,37,345,5,410,46,0,46,456
07/07/2000,SRQ,FL,ASO,ES,Combined TRACON& Tower with Radar,26,22,67,0,115,6,3,137,0,146,32,25,204,0,261,44,0,44,305
07/08/2000,SRQ,FL,ASO,ES,Combined TRACON& Tower with Radar,23,14,56,2,95,3,0,101,1,105,26,14,157,3,200,86,4,90,290
07/09/2000,SRQ,FL,ASO,ES,Combined TRACON& Tower with Radar,21,17,54,0,92,7,0,137,0,144,28,17,191,0,236,60,0,60,296
07/10/2000,SRQ,FL,ASO,ES,Combined TRACON& Tower with Radar,25,25,74,2,126,0,8,255,15,278,25,33,329,17,404,101,0,101,505
07/11/2000,SRQ,FL,ASO,ES,Combined TRACON& Tower with Radar,27,24,70,2,123,0,7,230,2,239,27,31,300,4,362,41,0,41,403
07/12/2000,SRQ,FL,ASO,ES,Combined TRACON& Tower with Radar,24,24,74,3,125,0,4,288,6,298,24,28,362,9,423,100,12,112,535
07/13/2000,SRQ,FL,ASO,ES,Combined TRACON& Tower with Radar,21,18,54,1,94,2,15,162,0,179,23,33,216,1,273,110,0,110,383
07/14/2000,SRQ,FL,ASO,ES,Combined TRACON& Tower with Radar,26,24,73,3,126,0,4,179,1,184,26,28,252,4,310,36,0,36,346
07/15/2000,SRQ,FL,ASO,ES,Combined TRACON& Tower with Radar,19,15,46,2,82,8,2,1,0,11,27,17,47,2,93,0,0,0,93
07/16/2000,SRQ,FL,ASO,ES,Combined TRACON& Tower with Radar,26,15,63,0,104,2,0,243,0,245,28,15,306,0,349,104,0,104,453
07/17/2000,SRQ,FL,ASO,ES,Combined TRACON& Tower with Radar,30,29,88,2,149,0,12,250,0,262,30,41,338,2,411,130,0,130,541
07/18/2000,SRQ,FL,ASO,ES,Combined TRACON& Tower with Radar,24,22,67,0,113,0,6,231,0,237,24,28,298,0,350,98,0,98,448
07/19/2000,SRQ,FL,ASO,ES,Combined TRACON& Tower with Radar,25,23,68,3,119,0,8,199,3,210,25,31,267,6,329,128,0,128,457
07/20/2000,SRQ,FL,ASO,ES,Combined TRACON& Tower with Radar,21,24,71,2,118,0,8,175,0,183,21,32,246,2,301,96,0,96,397
07/21/2000,SRQ,FL,ASO,ES,Combined TRACON& Tower with Radar,28,23,69,3,123,1,8,157,0,166,29,31,226,3,289,84,0,84,373
07/22/2000,SRQ,FL,ASO,ES,Combined TRACON& Tower with Radar,20,16,48,2,86,4,5,201,0,210,24,21,249,2,296,132,0,132,428
07/23/2000,SRQ,FL,ASO,ES,Combined TRACON& Tower with Radar,23,19,58,1,101,3,6,112,0,121,26,25,170,1,222,82,0,82,304
07/24/2000,SRQ,FL,ASO,ES,Combined TRACON& Tower with Radar,21,18,54,0,93,6,9,107,0,122,27,27,161,0,215,82,0,82,297
07/25/2000,SRQ,FL,ASO,ES,Combined TRACON& Tower with Radar,26,20,62,0,108,2,9,165,0,176,28,29,227,0,284,192,0,192,476
07/26/2000,SRQ,FL,ASO,ES,Combined TRACON& Tower with Radar,25,26,77,3,131,0,6,243,12,261,25,32,320,15,392,130,0,130,522
07/27/2000,SRQ,FL,ASO,ES,Combined TRACON& Tower with Radar,22,23,73,2,120,0,0,274,4,278,22,23,347,6,398,166,0,166,564
07/28/2000,SRQ,FL,ASO,ES,Combined TRACON& Tower with Radar,26,21,66,2,115,0,4,265,1,270,26,25,331,3,385,44,0,44,429
07/29/2000,SRQ,FL,ASO,ES,Combined TRACON& Tower with Radar,19,15,46,0,80,4,6,259,0,269,23,21,305,0,349,190,0,190,539
07/30/2000,SRQ,FL,ASO,ES,Combined TRACON& Tower with Radar,23,18,58,0,99,4,2,116,0,122,27,20,174,0,221,58,0,58,279
07/31/2000,SRQ,FL,ASO,ES,Combined TRACON& Tower with Radar,29,24,75,2,130,0,8,212,3,223,29,32,287,5,353,78,0,78,431
08/01/2000,SRQ,FL,ASO,ES,Combined TRACON& Tower with Radar,21,21,59,1,102,5,9,170,1,185,26,30,229,2,287,80,0,80,367
08/02/2000,SRQ,FL,ASO,ES,Combined TRACON& Tower with Radar,22,21,61,0,104,6,7,183,0,196,28,28,244,0,300,110,0,110,410
08/03/2000,SRQ,FL,ASO,ES,Combined TRACON& Tower with Radar,22,31,89,2,144,0,2,249,6,257,22,33,338,8,401,126,0,126,527
08/04/2000,SRQ,FL,ASO,ES,Combined TRACON& Tower with Radar,22,28,81,0,131,0,7,253,0,260,22,35,334,0,391,108,0,108,499
08/05/2000,SRQ,FL,ASO,ES,Combined TRACON& Tower with Radar,23,27,78,0,128,0,0,226,0,226,23,27,304,0,354,80,0,80,434
08/06/2000,SRQ,FL,ASO,ES,Combined TRACON& Tower with Radar,18,17,52,0,87,8,0,183,0,191,26,17,235,0,278,104,0,104,382
08/07/2000,SRQ,FL,ASO,ES,Combined TRACON& Tower with Radar,27,25,74,1,127,4,19,173,4,200,31,44,247,5,327,120,0,120,447
08/08/2000,SRQ,FL,ASO,ES,Combined TRACON& Tower with Radar,26,25,73,1,125,0,20,182,4,206,26,45,255,5,331,50,0,50,381
08/09/2000,SRQ,FL,ASO,ES,Combined TRACON& Tower with Radar,23,24,70,2,119,0,23,210,1,234,23,47,280,3,353,76,0,76,429
08/10/2000,SRQ,FL,ASO,ES,Combined TRACON& Tower with Radar,21,24,72,2,119,0,6,301,6,313,21,30,373,8,432,128,0,128,560
08/11/2000,SRQ,FL,ASO,ES,Combined TRACON& Tower with Radar,27,25,72,2,126,2,6,306,1,315,29,31,378,3,441,46,0,46,487
08/12/2000,SRQ,FL,ASO,ES,Combined TRACON& Tower with Radar,17,15,45,0,77,6,2,47,0,55,23,17,92,0,132,6,0,6,138
08/13/2000,SRQ,FL,ASO,ES,Combined TRACON& Tower with Radar,24,21,64,1,110,3,0,157,0,160,27,21,221,1,270,64,0,64,334
08/14/2000,SRQ,FL,ASO,ES,Combined TRACON& Tower with Radar,20,18,53,2,93,13,9,168,4,194,33,27,221,6,287,172,0,172,459
08/15/2000,SRQ,FL,ASO,ES,Combined TRACON& Tower with Radar,23,21,61,2,107,7,11,171,6,195,30,32,232,8,302,160,4,164,466
08/16/2000,SRQ,FL,ASO,ES,Combined TRACON& Tower with Radar,25,27,80,3,135,0,5,283,7,295,25,32,363,10,430,182,0,182,612
08/17/2000,SRQ,FL,ASO,ES,Combined TRACON& Tower with Radar,25,26,79,3,133,0,5,341,2,348,25,31,420,5,481,138,4,142,623
08/18/2000,SRQ,FL,ASO,ES,Combined TRACON& Tower with Radar,26,28,85,3,142,0,0,372,1,373,26,28,457,4,515,104,0,104,619
08/19/2000,SRQ,FL,ASO,ES,Combined TRACON& Tower with Radar,27,14,70,2,113,1,0,286,0,287,28,14,356,2,400,132,0,132,532
08/20/2000,SRQ,FL,ASO,ES,Combined TRACON& Tower with Radar,20,17,51,2,90,10,3,191,9,213,30,20,242,11,303,110,0,110,413
08/21/2000,SRQ,FL,ASO,ES,Combined TRACON& Tower with Radar,26,23,67,2,118,3,8,263,8,282,29,31,330,10,400,126,0,126,526
08/22/2000,SRQ,FL,ASO,ES,Combined TRACON& Tower with Radar,22,19,58,2,101,5,13,199,2,219,27,32,257,4,320,146,0,146,466
08/23/2000,SRQ,FL,ASO,ES,Combined TRACON& Tower with Radar,22,22,67,0,111,0,7,171,0,178,22,29,238,0,289,92,0,92,381
08/24/2000,SRQ,FL,ASO,ES,Combined TRACON& Tower with Radar,22,23,67,0,112,0,8,190,0,198,22,31,257,0,310,106,0,106,416
08/25/2000,SRQ,FL,ASO,ES,Combined TRACON& Tower with Radar,30,32,101,0,163,0,0,342,0,342,30,32,443,0,505,170,0,170,675
08/26/2000,SRQ,FL,ASO,ES,Combined TRACON& Tower with Radar,22,17,58,1,98,4,0,199,5,208,26,17,257,6,306,158,0,158,464
08/27/2000,SRQ,FL,ASO,ES,Combined TRACON& Tower with Radar,24,21,65,0,110,3,0,185,0,188,27,21,250,0,298,106,0,106,404
08/28/2000,SRQ,FL,ASO,ES,Combined TRACON& Tower with Radar,33,29,89,0,151,2,14,236,0,252,35,43,325,0,403,142,0,142,545
08/29/2000,SRQ,FL,ASO,ES,Combined TRACON& Tower with Radar,27,26,78,2,133,0,11,134,0,145,27,37,212,2,278,78,2,80,358
08/30/2000,SRQ,FL,ASO,ES,Combined TRACON& Tower with Radar,29,35,112,2,178,0,0,269,6,275,29,35,381,8,453,120,0,120,573
08/31/2000,SRQ,FL,ASO,ES,Combined TRACON& Tower with Radar,25,27,82,2,136,0,19,322,3,344,25,46,404,5,480,112,0,112,592
09/01/2000,SRQ,FL,ASO,ES,Combined TRACON& Tower with Radar,26,32,91,0,149,0,3,237,0,240,26,35,328,0,389,68,2,70,459
09/02/2000,SRQ,FL,ASO,ES,Combined TRACON& Tower with Radar,24,28,84,0,136,0,0,309,0,309,24,28,393,0,445,180,0,180,625
09/03/2000,SRQ,FL,ASO,ES,Combined TRACON& Tower with Radar,16,14,46,0,76,4,0,203,0,207,20,14,249,0,283,108,0,108,391
09/04/2000,SRQ,FL,ASO,ES,Combined TRACON& Tower with Radar,23,24,68,0,115,5,7,216,0,228,28,31,284,0,343,56,0,56,399
09/05/2000,SRQ,FL,ASO,ES,Combined TRACON& Tower with Radar,23,23,67,1,114,1,15,140,3,159,24,38,207,4,273,72,0,72,345
09/06/2000,SRQ,FL,ASO,ES,Combined TRACON& Tower with Radar,23,26,76,1,126,0,17,135,1,153,23,43,211,2,279,34,0,34,313
09/07/2000,SRQ,FL,ASO,ES,Combined TRACON& Tower with Radar,26,26,76,0,128,1,3,134,0,138,27,29,210,0,266,36,0,36,302
09/08/2000,SRQ,FL,ASO,ES,Combined TRACON& Tower with Radar,25,33,95,1,154,0,0,253,0,253,25,33,348,1,407,128,0,128,535
09/09/2000,SRQ,FL,ASO,ES,Combined TRACON& Tower with Radar,25,18,93,1,137,0,0,212,7,219,25,18,305,8,356,146,0,146,502
09/10/2000,SRQ,FL,ASO,ES,Combined TRACON& Tower with Radar,22,23,67,0,112,4,5,188,0,197,26,28,255,0,309,124,0,124,433
09/11/2000,SRQ,FL,ASO,ES,Combined TRACON& Tower with Radar,23,28,82,1,134,0,30,192,8,230,23,58,274,9,364,146,0,146,510
09/12/2000,SRQ,FL,ASO,ES,Combined TRACON& Tower with Radar,26,34,96,3,159,0,1,261,5,267,26,35,357,8,426,218,0,218,644
09/13/2000,SRQ,FL,ASO,ES,Combined TRACON& Tower with Radar,27,31,88,0,146,0,25,254,0,279,27,56,342,0,425,162,0,162,587
09/14/2000,SRQ,FL,ASO,ES,Combined TRACON& Tower with Radar,18,31,88,2,139,0,7,317,1,325,18,38,405,3,464,134,0,134,598
09/15/2000,SRQ,FL,ASO,ES,Combined TRACON& Tower with Radar,26,32,87,1,146,0,2,317,0,319,26,34,404,1,465,111,0,111,576
09/16/2000,SRQ,FL,ASO,ES,Combined TRACON& Tower with Radar,20,18,62,2,102,4,0,100,2,106,24,18,162,4,208,100,0,100,308
09/17/2000,SRQ,FL,ASO,ES,Combined TRACON& Tower with Radar,3,3,6,1,13,7,0,0,0,7,10,3,6,1,20,0,0,0,20
09/18/2000,SRQ,FL,ASO,ES,Combined TRACON& Tower with Radar,19,20,57,2,98,6,16,174,4,200,25,36,231,6,298,58,0,58,356
09/19/2000,SRQ,FL,ASO,ES,Combined TRACON& Tower with Radar,24,27,73,2,126,0,7,241,1,249,24,34,314,3,375,50,0,50,425
09/20/2000,SRQ,FL,ASO,ES,Combined TRACON& Tower with Radar,24,27,73,2,126,1,1,147,2,151,25,28,220,4,277,94,0,94,371
09/21/2000,SRQ,FL,ASO,ES,Combined TRACON& Tower with Radar,21,34,93,2,150,0,14,215,0,229,21,48,308,2,379,126,0,126,505
09/22/2000,SRQ,FL,ASO,ES,Combined TRACON& Tower with Radar,26,24,80,1,131,10,0,289,0,299,36,24,369,1,430,134,2,136,566
09/23/2000,SRQ,FL,ASO,ES,Combined TRACON& Tower with Radar,17,18,52,2,89,7,0,208,0,215,24,18,260,2,304,82,0,82,386
09/24/2000,SRQ,FL,ASO,ES,Combined TRACON& Tower with Radar,15,16,44,1,76,11,2,115,2,130,26,18,159,3,206,52,0,52,258
09/25/2000,SRQ,FL,ASO,ES,Combined TRACON& Tower with Radar,23,25,70,2,120,4,9,152,8,173,27,34,222,10,293,110,8,118,411
09/26/2000,SRQ,FL,ASO,ES,Combined TRACON& Tower with Radar,24,27,73,1,125,1,7,250,0,258,25,34,323,1,383,154,0,154,537
09/27/2000,SRQ,FL,ASO,ES,Combined TRACON& Tower with Radar,22,25,68,2,117,3,1,209,0,213,25,26,277,2,330,96,0,96,426
09/28/2000,SRQ,FL,ASO,ES,Combined TRACON& Tower with Radar,21,31,84,2,138,0,25,207,2,234,21,56,291,4,372,104,0,104,476
09/29/2000,SRQ,FL,ASO,ES,Combined TRACON& Tower with Radar,26,29,79,0,134,2,6,239,0,247,28,35,318,0,381,163,0,163,544
09/30/2000,SRQ,FL,ASO,ES,Combined TRACON& Tower with Radar,18,18,56,1,93,10,0,119,1,130,28,18,175,2,223,68,0,68,291
10/01/2000,SRQ,FL,ASO,ES,Combined TRACON& Tower with Radar,19,21,58,0,98,4,4,154,0,162,23,25,212,0,260,36,0,36,296
10/02/2000,SRQ,FL,ASO,ES,Combined TRACON& Tower with Radar,24,29,78,2,133,0,14,153,2,169,24,43,231,4,302,46,0,46,348
10/03/2000,SRQ,FL,ASO,ES,Combined TRACON& Tower with Radar,24,32,88,2,146,0,8,100,5,113,24,40,188,7,259,10,0,10,269
10/04/2000,SRQ,FL,ASO,ES,Combined TRACON& Tower with Radar,25,34,91,2,152,0,8,259,8,275,25,42,350,10,427,54,0,54,481
10/05/2000,SRQ,FL,ASO,ES,Combined TRACON& Tower with Radar,20,34,91,2,147,0,1,250,0,251,20,35,341,2,398,94,0,94,492
10/06/2000,SRQ,FL,ASO,ES,Combined TRACON& Tower with Radar,23,28,76,2,129,2,20,313,0,335,25,48,389,2,464,130,0,130,594
10/07/2000,SRQ,FL,ASO,ES,Combined TRACON& Tower with Radar,23,27,76,2,128,2,0,270,0,272,25,27,346,2,400,170,0,170,570
10/08/2000,SRQ,FL,ASO,ES,Combined TRACON& Tower with Radar,26,24,95,1,146,0,0,132,0,132,26,24,227,1,278,44,0,44,322
10/09/2000,SRQ,FL,ASO,ES,Combined TRACON& Tower with Radar,27,32,93,0,152,0,0,64,0,64,27,32,157,0,216,44,0,44,260
10/10/2000,SRQ,FL,ASO,ES,Combined TRACON& Tower with Radar,26,34,99,3,162,0,0,229,7,236,26,34,328,10,398,110,0,110,508
10/11/2000,SRQ,FL,ASO,ES,Combined TRACON& Tower with Radar,34,40,109,3,186,0,11,255,1,267,34,51,364,4,453,114,0,114,567
10/12/2000,SRQ,FL,ASO,ES,Combined TRACON& Tower with Radar,20,22,64,2,108,1,20,355,3,379,21,42,419,5,487,100,0,100,587
10/13/2000,SRQ,FL,ASO,ES,Combined TRACON& Tower with Radar,27,34,90,0,151,11,22,221,0,254,38,56,311,0,405,0,0,0,405
10/14/2000,SRQ,FL,ASO,ES,Combined TRACON& Tower with Radar,18,24,62,0,104,5,10,219,0,234,23,34,281,0,338,134,0,134,472
10/15/2000,SRQ,FL,ASO,ES,Combined TRACON& Tower with Radar,16,21,53,0,90,9,7,179,0,195,25,28,232,0,285,70,0,70,355
10/16/2000,SRQ,FL,ASO,ES,Combined TRACON& Tower with Radar,26,33,86,0,145,3,6,214,0,223,29,39,300,0,368,158,0,158,526
10/17/2000,SRQ,FL,ASO,ES,Combined TRACON& Tower with Radar,28,36,97,4,165,0,11,293,4,308,28,47,390,8,473,80,0,80,553
10/18/2000,SRQ,FL,ASO,ES,Combined TRACON& Tower with Radar,25,35,91,3,154,0,1,140,3,144,25,36,231,6,298,58,0,58,356
10/19/2000,SRQ,FL,ASO,ES,Combined TRACON& Tower with Radar,22,32,84,3,141,0,7,262,6,275,22,39,346,9,416,104,0,104,520
10/20/2000,SRQ,FL,ASO,ES,Combined TRACON& Tower with Radar,28,37,95,0,160,2,11,180,0,193,30,48,275,0,353,64,0,64,417
10/21/2000,SRQ,FL,ASO,ES,Combined TRACON& Tower with Radar,24,26,81,3,134,2,0,186,2,190,26,26,267,5,324,106,0,106,430
10/22/2000,SRQ,FL,ASO,ES,Combined TRACON& Tower with Radar,21,26,68,0,115,7,7,189,0,203,28,33,257,0,318,74,0,74,392
10/23/2000,SRQ,FL,ASO,ES,Combined TRACON& Tower with Radar,21,26,70,3,120,6,15,140,1,162,27,41,210,4,282,68,0,68,350
10/24/2000,SRQ,FL,ASO,ES,Combined TRACON& Tower with Radar,23,29,77,3,132,1,14,129,1,145,24,43,206,4,277,78,0,78,355
10/25/2000,SRQ,FL,ASO,ES,Combined TRACON& Tower with Radar,21,33,85,3,142,0,6,262,6,274,21,39,347,9,416,72,0,72,488
10/26/2000,SRQ,FL,ASO,ES,Combined TRACON& Tower with Radar,21,30,78,3,132,0,14,369,7,390,21,44,447,10,522,120,0,120,642
10/27/2000,SRQ,FL,ASO,ES,Combined TRACON& Tower with Radar,30,49,128,5,212,0,2,271,44,317,30,51,399,49,529,90,0,90,619
10/28/2000,SRQ,FL,ASO,ES,Combined TRACON& Tower with Radar,25,32,84,0,141,0,3,189,0,192,25,35,273,0,333,196,0,196,529
10/29/2000,SRQ,FL,ASO,ES,Combined TRACON& Tower with Radar,23,29,77,3,132,5,3,105,2,115,28,32,182,5,247,54,0,54,301
10/30/2000,SRQ,FL,ASO,ES,Combined TRACON& Tower with Radar,27,35,91,2,155,0,5,230,11,246,27,40,321,13,401,150,0,150,551
10/31/2000,SRQ,FL,ASO,ES,Combined TRACON& Tower with Radar,26,32,88,2,148,4,0,193,0,197,30,32,281,2,345,198,0,198,543
11/01/2000,SRQ,FL,ASO,ES,Combined TRACON& Tower with Radar,26,29,93,1,149,4,3,188,1,196,30,32,281,2,345,198,0,198,543
11/02/2000,SRQ,FL,ASO,ES,Combined TRACON& Tower with Radar,22,31,97,0,150,0,3,357,0,360,22,34,454,0,510,349,0,349,859
11/03/2000,SRQ,FL,ASO,ES,Combined TRACON& Tower with Radar,24,28,87,1,140,7,2,228,12,249,31,30,315,13,389,146,0,146,535
11/04/2000,SRQ,FL,ASO,ES,Combined TRACON& Tower with Radar,18,19,63,1,101,6,7,216,1,230,24,26,279,2,331,210,0,210,541
11/05/2000,SRQ,FL,ASO,ES,Combined TRACON& Tower with Radar,22,25,78,1,126,1,8,312,7,328,23,33,390,8,454,136,0,136,590
11/06/2000,SRQ,FL,ASO,ES,Combined TRACON& Tower with Radar,27,31,97,1,156,0,4,208,8,220,27,35,305,9,376,120,0,120,496
11/07/2000,SRQ,FL,ASO,ES,Combined TRACON& Tower with Radar,22,24,76,0,122,2,7,208,0,217,24,31,284,0,339,202,0,202,541
11/08/2000,SRQ,FL,ASO,ES,Combined TRACON& Tower with Radar,23,30,104,2,159,0,0,291,0,291,23,30,395,2,450,186,0,186,636
11/09/2000,SRQ,FL,ASO,ES,Combined TRACON& Tower with Radar,23,33,104,2,162,0,3,320,0,323,23,36,424,2,485,138,0,138,623
11/10/2000,SRQ,FL,ASO,ES,Combined TRACON& Tower with Radar,25,30,94,2,151,2,3,225,4,234,27,33,319,6,385,212,0,212,597
11/11/2000,SRQ,FL,ASO,ES,Combined TRACON& Tower with Radar,15,19,58,2,94,6,3,237,0,246,21,22,295,2,340,148,0,148,488
11/12/2000,SRQ,FL,ASO,ES,Combined TRACON& Tower with Radar,22,24,79,0,125,7,0,229,0,236,29,24,308,0,361,84,0,84,445
11/13/2000,SRQ,FL,ASO,ES,Combined TRACON& Tower with Radar,24,30,89,2,145,3,6,284,0,293,27,36,373,2,438,174,0,174,612
11/14/2000,SRQ,FL,ASO,ES,Combined TRACON& Tower with Radar,27,36,108,0,171,0,5,164,0,169,27,41,272,0,340,101,0,101,441
11/15/2000,SRQ,FL,ASO,ES,Combined TRACON& Tower with Radar,23,33,127,0,183,0,0,315,0,315,23,33,442,0,498,136,0,136,634
11/16/2000,SRQ,FL,ASO,ES,Combined TRACON& Tower with Radar,24,27,93,2,146,0,0,409,12,421,24,27,502,14,567,68,0,68,635
11/17/2000,SRQ,FL,ASO,ES,Combined TRACON& Tower with Radar,25,31,93,2,151,0,8,220,0,228,25,39,313,2,379,46,0,46,425
11/18/2000,SRQ,FL,ASO,ES,Combined TRACON& Tower with Radar,23,27,82,2,134,2,5,249,2,258,25,32,331,4,392,120,0,120,512
11/19/2000,SRQ,FL,ASO,ES,Combined TRACON& Tower with Radar,23,26,82,0,131,1,0,215,0,216,24,26,297,0,347,106,0,106,453
11/20/2000,SRQ,FL,ASO,ES,Combined TRACON& Tower with Radar,28,34,106,3,171,0,0,170,5,175,28,34,276,8,346,152,0,152,498
11/21/2000,SRQ,FL,ASO,ES,Combined TRACON& Tower with Radar,22,36,109,3,170,0,7,273,7,287,22,43,382,10,457,118,0,118,575
11/22/2000,SRQ,FL,ASO,ES,Combined TRACON& Tower with Radar,27,34,101,2,164,2,8,297,4,311,29,42,398,6,475,146,0,146,621
11/23/2000,SRQ,FL,ASO,ES,Combined TRACON& Tower with Radar,12,16,46,0,74,10,6,133,0,149,22,22,179,0,223,24,0,24,247
11/24/2000,SRQ,FL,ASO,ES,Combined TRACON& Tower with Radar,20,24,74,2,120,3,6,183,0,192,23,30,257,2,312,52,0,52,364
11/25/2000,SRQ,FL,ASO,ES,Combined TRACON& Tower with Radar,18,23,68,2,111,8,8,41,2,59,26,31,109,4,170,88,0,88,258
11/26/2000,SRQ,FL,ASO,ES,Combined TRACON& Tower with Radar,29,30,128,2,189,0,0,66,0,66,29,30,194,2,255,46,0,46,301
11/27/2000,SRQ,FL,ASO,ES,Combined TRACON& Tower with Radar,31,39,120,2,192,0,1,253,8,262,31,40,373,10,454,114,14,128,582
11/28/2000,SRQ,FL,ASO,ES,Combined TRACON& Tower with Radar,23,38,117,0,178,0,5,349,0,354,23,43,466,0,532,107,0,107,639
11/29/2000,SRQ,FL,ASO,ES,Combined TRACON& Tower with Radar,27,32,97,0,156,0,22,212,0,234,27,54,309,0,390,108,0,108,498
11/30/2000,SRQ,FL,ASO,ES,Combined TRACON& Tower with Radar,20,31,94,1,146,0,31,257,6,294,20,62,351,7,440,124,0,124,564
12/01/2000,SRQ,FL,ASO,ES,Combined TRACON& Tower with Radar,25,38,112,2,177,0,74,174,2,250,25,112,286,4,427,64,0,64,491
12/02/2000,SRQ,FL,ASO,ES,Combined TRACON& Tower with Radar,20,30,88,0,138,0,31,194,0,225,20,61,282,0,363,124,0,124,487
12/03/2000,SRQ,FL,ASO,ES,Combined TRACON& Tower with Radar,25,27,78,1,131,0,0,85,0,85,25,27,163,1,216,42,0,42,258
12/04/2000,SRQ,FL,ASO,ES,Combined TRACON& Tower with Radar,24,24,70,1,119,3,6,235,1,245,27,30,305,2,364,50,0,50,414
12/05/2000,SRQ,FL,ASO,ES,Combined TRACON& Tower with Radar,25,31,89,1,146,0,5,211,6,222,25,36,300,7,368,50,0,50,418
12/06/2000,SRQ,FL,ASO,ES,Combined TRACON& Tower with Radar,24,28,95,1,148,0,0,221,3,224,24,28,316,4,372,52,0,52,424
12/07/2000,SRQ,FL,ASO,ES,Combined TRACON& Tower with Radar,21,28,81,1,131,0,6,238,3,247,21,34,319,4,378,108,2,110,488
12/08/2000,SRQ,FL,ASO,ES,Combined TRACON& Tower with Radar,24,24,71,1,120,1,5,140,3,149,25,29,211,4,269,88,2,90,359
12/09/2000,SRQ,FL,ASO,ES,Combined TRACON& Tower with Radar,21,23,84,1,129,0,0,268,1,269,21,23,352,2,398,118,0,118,516
12/10/2000,SRQ,FL,ASO,ES,Combined TRACON& Tower with Radar,27,30,91,2,150,0,3,201,2,206,27,33,292,4,356,38,0,38,394
12/11/2000,SRQ,FL,ASO,ES,Combined TRACON& Tower with Radar,29,24,112,3,168,0,0,112,13,125,29,24,224,16,293,16,0,16,309
12/12/2000,SRQ,FL,ASO,ES,Combined TRACON& Tower with Radar,25,30,101,0,156,0,0,197,0,197,25,30,298,0,353,84,0,84,437
12/13/2000,SRQ,FL,ASO,ES,Combined TRACON& Tower with Radar,23,29,113,3,168,0,0,156,7,163,23,29,269,10,331,144,0,144,475
12/14/2000,SRQ,FL,ASO,ES,Combined TRACON& Tower with Radar,27,27,86,2,142,0,0,244,2,246,27,27,330,4,388,128,0,128,516
12/15/2000,SRQ,FL,ASO,ES,Combined TRACON& Tower with Radar,34,33,99,2,168,0,0,199,0,199,34,33,298,2,367,32,0,32,399
12/16/2000,SRQ,FL,ASO,ES,Combined TRACON& Tower with Radar,21,20,59,0,100,11,4,222,0,237,32,24,281,0,337,114,0,114,451
12/17/2000,SRQ,FL,ASO,ES,Combined TRACON& Tower with Radar,24,23,67,0,114,8,12,83,0,103,32,35,150,0,217,56,0,56,273
12/18/2000,SRQ,FL,ASO,ES,Combined TRACON& Tower with Radar,33,31,93,2,159,0,4,238,0,242,33,35,331,2,401,74,0,74,475
12/19/2000,SRQ,FL,ASO,ES,Combined TRACON& Tower with Radar,30,20,84,0,134,2,0,79,0,81,32,20,163,0,215,16,0,16,231
12/20/2000,SRQ,FL,ASO,ES,Combined TRACON& Tower with Radar,35,35,101,2,173,0,0,299,6,305,35,35,400,8,478,70,0,70,548
12/21/2000,SRQ,FL,ASO,ES,Combined TRACON& Tower with Radar,29,27,80,1,137,1,1,138,0,140,30,28,218,1,277,30,0,30,307
12/22/2000,SRQ,FL,ASO,ES,Combined TRACON& Tower with Radar,30,29,86,2,147,5,6,314,6,331,35,35,400,8,478,80,0,80,558
12/23/2000,SRQ,FL,ASO,ES,Combined TRACON& Tower with Radar,27,26,76,2,131,6,7,173,4,190,33,33,249,6,321,34,0,34,355
12/24/2000,SRQ,FL,ASO,ES,Combined TRACON& Tower with Radar,20,17,54,0,91,18,0,152,0,170,38,17,206,0,261,24,0,24,285
12/25/2000,SRQ,FL,ASO,ES,Combined TRACON& Tower with Radar,21,20,60,0,101,9,1,16,0,26,30,21,76,0,127,0,0,0,127
12/26/2000,SRQ,FL,ASO,ES,Combined TRACON& Tower with Radar,36,36,107,0,179,0,4,186,0,190,36,40,293,0,369,60,0,60,429
12/27/2000,SRQ,FL,ASO,ES,Combined TRACON& Tower with Radar,33,31,93,0,157,4,2,270,0,276,37,33,363,0,433,74,0,74,507
12/28/2000,SRQ,FL,ASO,ES,Combined TRACON& Tower with Radar,27,25,75,0,127,3,10,22,0,35,30,35,97,0,162,12,0,12,174
12/29/2000,SRQ,FL,ASO,ES,Combined TRACON& Tower with Radar,30,28,84,1,143,4,4,100,4,112,34,32,184,5,255,128,0,128,383
12/30/2000,SRQ,FL,ASO,ES,Combined TRACON& Tower with Radar,30,29,85,0,144,1,5,186,0,192,31,34,271,0,336,118,0,118,454
12/31/2000,SRQ,FL,ASO,ES,Combined TRACON& Tower with Radar,24,22,67,0,113,9,5,177,0,191,33,27,244,0,304,44,0,44,348
01/01/2001,SRQ,FL,ASO,ES,Combined TRACON& Tower with Radar,25,24,76,0,125,8,0,156,0,164,33,24,232,0,289,38,0,38,327
01/02/2001,SRQ,FL,ASO,ES,Combined TRACON& Tower with Radar,30,28,90,0,148,2,8,129,0,139,32,36,219,0,287,76,0,76,363
01/03/2001,SRQ,FL,ASO,ES,Combined TRACON& Tower with Radar,34,31,105,0,170,5,0,218,0,223,39,31,323,0,393,70,0,70,463
01/04/2001,SRQ,FL,ASO,ES,Combined TRACON& Tower with Radar,27,26,82,2,137,9,9,174,0,192,36,35,256,2,329,74,0,74,403
01/05/2001,SRQ,FL,ASO,ES,Combined TRACON& Tower with Radar,30,27,89,4,150,3,0,268,0,271,33,27,357,4,421,84,0,84,505
01/06/2001,SRQ,FL,ASO,ES,Combined TRACON& Tower with Radar,37,31,110,0,178,0,0,263,0,263,37,31,373,0,441,140,0,140,581
01/07/2001,SRQ,FL,ASO,ES,Combined TRACON& Tower with Radar,27,25,82,1,135,7,0,258,0,265,34,25,340,1,400,138,0,138,538
01/08/2001,SRQ,FL,ASO,ES,Combined TRACON& Tower with Radar,22,22,68,3,115,5,6,78,1,90,27,28,146,4,205,22,0,22,227
01/09/2001,SRQ,FL,ASO,ES,Combined TRACON& Tower with Radar,28,30,93,4,155,0,7,181,11,199,28,37,274,15,354,36,0,36,390
01/10/2001,SRQ,FL,ASO,ES,Combined TRACON& Tower with Radar,31,30,94,4,159,3,4,185,11,203,34,34,279,15,362,126,0,126,488
01/11/2001,SRQ,FL,ASO,ES,Combined TRACON& Tower with Radar,28,27,87,1,143,0,7,260,0,267,28,34,347,1,410,114,0,114,524
01/12/2001,SRQ,FL,ASO,ES,Combined TRACON& Tower with Radar,32,29,97,4,162,0,8,237,0,245,32,37,334,4,407,92,0,92,499
01/13/2001,SRQ,FL,ASO,ES,Combined TRACON& Tower with Radar,31,25,98,0,154,0,0,286,0,286,31,25,384,0,440,84,0,84,524
01/14/2001,SRQ,FL,ASO,ES,Combined TRACON& Tower with Radar,33,30,98,0,161,6,4,226,0,236,39,34,324,0,397,144,0,144,541
01/15/2001,SRQ,FL,ASO,ES,Combined TRACON& Tower with Radar,30,30,100,0,160,0,5,205,0,210,30,35,305,0,370,118,0,118,488
01/16/2001,SRQ,FL,ASO,ES,Combined TRACON& Tower with Radar,31,29,106,6,172,0,0,269,10,279,31,29,375,16,451,98,12,110,561
01/17/2001,SRQ,FL,ASO,ES,Combined TRACON& Tower with Radar,30,27,89,1,147,0,17,207,0,224,30,44,296,1,371,68,0,68,439
01/18/2001,SRQ,FL,ASO,ES,Combined TRACON& Tower with Radar,26,26,86,5,143,0,6,221,7,234,26,32,307,12,377,70,0,70,447
01/19/2001,SRQ,FL,ASO,ES,Combined TRACON& Tower with Radar,29,26,85,0,140,0,5,128,0,133,29,31,213,0,273,38,0,38,311
01/20/2001,SRQ,FL,ASO,ES,Combined TRACON& Tower with Radar,29,23,83,5,140,1,0,92,0,93,30,23,175,5,233,20,0,20,253
01/21/2001,SRQ,FL,ASO,ES,Combined TRACON& Tower with Radar,31,29,94,5,159,0,6,254,5,265,31,35,348,10,424,80,0,80,504
01/22/2001,SRQ,FL,ASO,ES,Combined TRACON& Tower with Radar,31,29,107,5,172,0,0,251,0,251,31,29,358,5,423,108,0,108,531
01/23/2001,SRQ,FL,ASO,ES,Combined TRACON& Tower with Radar,28,27,87,0,142,0,7,190,0,197,28,34,277,0,339,20,0,20,359
01/24/2001,SRQ,FL,ASO,ES,Combined TRACON& Tower with Radar,26,24,75,4,129,4,6,247,0,257,30,30,322,4,386,104,0,104,490
01/25/2001,SRQ,FL,ASO,ES,Combined TRACON& Tower with Radar,28,26,85,2,141,0,5,237,0,242,28,31,322,2,383,102,0,102,485
01/26/2001,SRQ,FL,ASO,ES,Combined TRACON& Tower with Radar,32,29,105,2,168,0,0,326,0,326,32,29,431,2,494,184,0,184,678
01/27/2001,SRQ,FL,ASO,ES,Combined TRACON& Tower with Radar,33,32,106,0,171,0,0,234,0,234,33,32,340,0,405,128,0,128,533
01/28/2001,SRQ,FL,ASO,ES,Combined TRACON& Tower with Radar,31,27,90,0,148,4,5,195,0,204,35,32,285,0,352,58,0,58,410
01/29/2001,SRQ,FL,ASO,ES,Combined TRACON& Tower with Radar,32,29,97,0,158,0,18,231,0,249,32,47,328,0,407,52,0,52,459
01/30/2001,SRQ,FL,ASO,ES,Combined TRACON& Tower with Radar,28,25,83,4,140,1,6,138,4,149,29,31,221,8,289,18,18,36,325
01/31/2001,SRQ,FL,ASO,ES,Combined TRACON& Tower with Radar,33,41,136,1,211,0,3,42,0,45,33,44,178,1,256,50,3,53,309
02/01/2001,SRQ,FL,ASO,ES,Combined TRACON& Tower with Radar,29,30,100,2,161,0,7,244,0,251,29,37,344,2,412,152,0,152,564
02/02/2001,SRQ,FL,ASO,ES,Combined TRACON& Tower with Radar,36,22,125,3,186,0,0,37,3,40,36,22,162,6,226,14,0,14,240
02/03/2001,SRQ,FL,ASO,ES,Combined TRACON& Tower with Radar,30,32,114,3,179,0,0,218,1,219,30,32,332,4,398,102,0,102,500
02/04/2001,SRQ,FL,ASO,ES,Combined TRACON& Tower with Radar,34,30,131,3,198,0,0,57,1,58,34,30,188,4,256,0,0,0,256
02/05/2001,SRQ,FL,ASO,ES,Combined TRACON& Tower with Radar,26,25,84,0,135,3,10,232,0,245,29,35,316,0,380,102,0,102,482
02/06/2001,SRQ,FL,ASO,ES,Combined TRACON& Tower with Radar,29,28,94,2,153,3,6,228,15,252,32,34,322,17,405,140,0,140,545
02/07/2001,SRQ,FL,ASO,ES,Combined TRACON& Tower with Radar,24,23,78,1,126,10,9,274,0,293,34,32,352,1,419,52,0,52,471
02/08/2001,SRQ,FL,ASO,ES,Combined TRACON& Tower with Radar,25,27,90,3,145,0,7,232,1,240,25,34,322,4,385,198,0,198,583
02/09/2001,SRQ,FL,ASO,ES,Combined TRACON& Tower with Radar,37,32,127,4,200,1,0,311,5,317,38,32,438,9,517,152,0,152,669
02/10/2001,SRQ,FL,ASO,ES,Combined TRACON& Tower with Radar,29,28,95,3,155,3,7,277,5,292,32,35,372,8,447,96,0,96,543
02/11/2001,SRQ,FL,ASO,ES,Combined TRACON& Tower with Radar,28,28,93,0,149,12,0,212,0,224,40,28,305,0,373,34,0,34,407
02/12/2001,SRQ,FL,ASO,ES,Combined TRACON& Tower with Radar,26,28,88,3,145,9,3,181,1,194,35,31,269,4,339,128,0,128,467
02/13/2001,SRQ,FL,ASO,ES,Combined TRACON& Tower with Radar,31,34,108,4,177,0,12,246,26,284,31,46,354,30,461,76,0,76,537
02/14/2001,SRQ,FL,ASO,ES,Combined TRACON& Tower with Radar,28,29,93,3,153,3,10,276,3,292,31,39,369,6,445,176,18,194,639
02/15/2001,SRQ,FL,ASO,ES,Combined TRACON& Tower with Radar,27,35,113,4,179,0,10,239,9,258,27,45,352,13,437,180,0,180,617
02/16/2001,SRQ,FL,ASO,ES,Combined TRACON& Tower with Radar,32,34,110,4,180,0,13,305,4,322,32,47,415,8,502,66,0,66,568
02/17/2001,SRQ,FL,ASO,ES,Combined TRACON& Tower with Radar,28,30,96,0,154,8,8,237,0,253,36,38,333,0,407,102,0,102,509
02/18/2001,SRQ,FL,ASO,ES,Combined TRACON& Tower with Radar,33,33,148,0,214,0,0,169,0,169,33,33,317,0,383,84,0,84,467
02/19/2001,SRQ,FL,ASO,ES,Combined TRACON& Tower with Radar,28,41,133,5,207,0,28,172,2,202,28,69,305,7,409,126,0,126,535
02/20/2001,SRQ,FL,ASO,ES,Combined TRACON& Tower with Radar,31,39,126,4,200,0,20,282,0,302,31,59,408,4,502,164,0,164,666
02/21/2001,SRQ,FL,ASO,ES,Combined TRACON& Tower with Radar,29,31,99,4,163,2,15,226,4,247,31,46,325,8,410,114,0,114,524
02/22/2001,SRQ,FL,ASO,ES,Combined TRACON& Tower with Radar,29,35,113,0,177,0,9,319,0,328,29,44,432,0,505,212,0,212,717
02/23/2001,SRQ,FL,ASO,ES,Combined TRACON& Tower with Radar,33,38,124,3,198,0,13,244,4,261,33,51,368,7,459,178,4,182,641
02/24/2001,SRQ,FL,ASO,ES,Combined TRACON& Tower with Radar,33,34,116,0,183,0,0,240,0,240,33,34,356,0,423,104,0,104,527
02/25/2001,SRQ,FL,ASO,ES,Combined TRACON& Tower with Radar,29,29,95,2,155,5,14,181,4,204,34,43,276,6,359,76,0,76,435
02/26/2001,SRQ,FL,ASO,ES,Combined TRACON& Tower with Radar,31,31,105,3,170,3,26,246,7,282,34,57,351,10,452,84,0,84,536
02/27/2001,SRQ,FL,ASO,ES,Combined TRACON& Tower with Radar,32,33,109,3,177,0,10,272,1,283,32,43,381,4,460,120,0,120,580
02/28/2001,SRQ,FL,ASO,ES,Combined TRACON& Tower with Radar,32,33,108,0,173,1,20,210,0,231,33,53,318,0,404,138,0,138,542
03/01/2001,SRQ,FL,ASO,ES,Combined TRACON& Tower with Radar,24,49,150,3,226,0,0,239,8,247,24,49,389,11,473,222,0,222,695
03/02/2001,SRQ,FL,ASO,ES,Combined TRACON& Tower with Radar,33,38,104,2,177,1,4,308,4,317,34,42,412,6,494,114,0,114,608
03/03/2001,SRQ,FL,ASO,ES,Combined TRACON& Tower with Radar,25,29,80,0,134,6,6,185,0,197,31,35,265,0,331,36,0,36,367
03/04/2001,SRQ,FL,ASO,ES,Combined TRACON& Tower with Radar,25,28,79,1,133,10,15,2,3,30,35,43,81,4,163,6,0,6,169
03/05/2001,SRQ,FL,ASO,ES,Combined TRACON& Tower with Radar,27,34,95,1,157,0,17,132,11,160,27,51,227,12,317,0,6,6,323
03/06/2001,SRQ,FL,ASO,ES,Combined TRACON& Tower with Radar,32,36,99,1,168,3,29,105,3,140,35,65,204,4,308,56,0,56,364
03/07/2001,SRQ,FL,ASO,ES,Combined TRACON& Tower with Radar,32,39,110,0,181,0,2,339,0,341,32,41,449,0,522,208,0,208,730
03/08/2001,SRQ,FL,ASO,ES,Combined TRACON& Tower with Radar,30,37,101,2,170,0,5,407,0,412,30,42,508,2,582,210,22,232,814
03/09/2001,SRQ,FL,ASO,ES,Combined TRACON& Tower with Radar,33,43,118,2,196,0,6,290,6,302,33,49,408,8,498,170,0,170,668
03/10/2001,SRQ,FL,ASO,ES,Combined TRACON& Tower with Radar,31,31,101,0,163,0,0,268,0,268,31,31,369,0,431,216,0,216,647
03/11/2001,SRQ,FL,ASO,ES,Combined TRACON& Tower with Radar,28,33,88,1,150,7,7,240,1,255,35,40,328,2,405,184,0,184,589
03/12/2001,SRQ,FL,ASO,ES,Combined TRACON& Tower with Radar,32,37,99,2,170,0,18,157,2,177,32,55,256,4,347,34,0,34,381
03/13/2001,SRQ,FL,ASO,ES,Combined TRACON& Tower with Radar,31,36,95,1,163,4,10,36,15,65,35,46,131,16,228,52,10,62,290
03/14/2001,SRQ,FL,ASO,ES,Combined TRACON& Tower with Radar,32,35,107,0,174,0,0,178,0,178,32,35,285,0,352,146,0,146,498
03/15/2001,SRQ,FL,ASO,ES,Combined TRACON& Tower with Radar,37,44,118,2,201,2,2,291,0,295,39,46,409,2,496,98,0,98,594
03/16/2001,SRQ,FL,ASO,ES,Combined TRACON& Tower with Radar,36,47,126,0,209,0,2,159,0,161,36,49,285,0,370,98,0,98,468
03/17/2001,SRQ,FL,ASO,ES,Combined TRACON& Tower with Radar,35,38,122,3,198,0,0,329,3,332,35,38,451,6,530,146,0,146,676
03/18/2001,SRQ,FL,ASO,ES,Combined TRACON& Tower with Radar,32,45,122,0,199,0,7,142,0,149,32,52,264,0,348,148,0,148,496
03/19/2001,SRQ,FL,ASO,ES,Combined TRACON& Tower with Radar,27,32,86,2,147,0,17,23,8,48,27,49,109,10,195,70,2,72,267
03/20/2001,SRQ,FL,ASO,ES,Combined TRACON& Tower with Radar,25,27,79,2,133,9,0,134,0,143,34,27,213,2,276,60,0,60,336
03/21/2001,SRQ,FL,ASO,ES,Combined TRACON& Tower with Radar,38,47,127,1,213,0,8,235,0,243,38,55,362,1,456,162,0,162,618
03/22/2001,SRQ,FL,ASO,ES,Combined TRACON& Tower with Radar,37,47,127,0,211,0,11,262,0,273,37,58,389,0,484,208,0,208,692
03/23/2001,SRQ,FL,ASO,ES,Combined TRACON& Tower with Radar,32,55,147,0,234,0,8,437,0,445,32,63,584,0,679,130,0,130,809
03/24/2001,SRQ,FL,ASO,ES,Combined TRACON& Tower with Radar,24,29,77,0,130,11,13,230,0,254,35,42,307,0,384,221,0,221,605
03/25/2001,SRQ,FL,ASO,ES,Combined TRACON& Tower with Radar,31,41,111,0,183,0,9,189,0,198,31,50,300,0,381,106,0,106,487
03/26/2001,SRQ,FL,ASO,ES,Combined TRACON& Tower with Radar,35,42,112,3,192,2,20,136,16,174,37,62,248,19,366,170,12,182,548
03/27/2001,SRQ,FL,ASO,ES,Combined TRACON& Tower with Radar,31,38,101,0,170,3,8,237,0,248,34,46,338,0,418,213,0,213,631
03/28/2001,SRQ,FL,ASO,ES,Combined TRACON& Tower with Radar,32,39,126,1,198,0,0,316,0,316,32,39,442,1,514,202,6,208,722
03/29/2001,SRQ,FL,ASO,ES,Combined TRACON& Tower with Radar,24,20,77,0,121,15,0,22,0,37,39,20,99,0,158,4,0,4,162
03/30/2001,SRQ,FL,ASO,ES,Combined TRACON& Tower with Radar,42,50,134,0,226,1,8,171,0,180,43,58,305,0,406,124,0,124,530
03/31/2001,SRQ,FL,ASO,ES,Combined TRACON& Tower with Radar,33,37,107,2,179,1,0,99,10,110,34,37,206,12,289,32,6,38,327
04/01/2001,SRQ,FL,ASO,ES,Combined TRACON& Tower with Radar,29,29,97,0,155,5,13,226,2,246,34,42,323,2,401,106,0,106,507
04/02/2001,SRQ,FL,ASO,ES,Combined TRACON& Tower with Radar,26,25,86,0,137,6,15,182,2,205,32,40,268,2,342,0,0,0,342
04/03/2001,SRQ,FL,ASO,ES,Combined TRACON& Tower with Radar,34,32,112,0,178,1,13,330,0,344,35,45,442,0,522,0,0,0,522
04/04/2001,SRQ,FL,ASO,ES,Combined TRACON& Tower with Radar,34,33,113,0,180,1,27,209,0,237,35,60,322,0,417,0,0,0,417
04/05/2001,SRQ,FL,ASO,ES,Combined TRACON& Tower with Radar,33,38,131,0,202,0,21,170,0,191,33,59,301,0,393,0,0,0,393
04/06/2001,SRQ,FL,ASO,ES,Combined TRACON& Tower with Radar,35,38,132,0,205,0,11,254,0,265,35,49,386,0,470,0,0,0,470
04/07/2001,SRQ,FL,ASO,ES,Combined TRACON& Tower with Radar,28,21,93,0,142,2,0,240,0,242,30,21,333,0,384,0,0,0,384
04/08/2001,SRQ,FL,ASO,ES,Combined TRACON& Tower with Radar,26,25,86,0,137,5,5,177,0,187,31,30,263,0,324,0,0,0,324
04/09/2001,SRQ,FL,ASO,ES,Combined TRACON& Tower with Radar,32,31,112,0,175,0,16,182,0,198,32,47,294,0,373,0,0,0,373
04/10/2001,SRQ,FL,ASO,ES,Combined TRACON& Tower with Radar,31,29,99,0,159,0,25,274,0,299,31,54,373,0,458,0,0,0,458
04/11/2001,SRQ,FL,ASO,ES,Combined TRACON& Tower with Radar,35,32,114,0,181,0,16,303,0,319,35,48,417,0,500,0,0,0,500
04/12/2001,SRQ,FL,ASO,ES,Combined TRACON& Tower with Radar,34,40,142,0,216,0,8,219,0,227,34,48,361,0,443,0,0,0,443
04/13/2001,SRQ,FL,ASO,ES,Combined TRACON& Tower with Radar,35,35,124,0,194,0,22,276,0,298,35,57,400,0,492,0,0,0,492
04/14/2001,SRQ,FL,ASO,ES,Combined TRACON& Tower with Radar,27,24,84,0,135,4,6,230,0,240,31,30,314,0,375,0,0,0,375
04/15/2001,SRQ,FL,ASO,ES,Combined TRACON& Tower with Radar,24,21,75,0,120,9,16,98,0,123,33,37,173,0,243,0,0,0,243
04/16/2001,SRQ,FL,ASO,ES,Combined TRACON& Tower with Radar,31,37,131,0,199,0,12,190,0,202,31,49,321,0,401,0,0,0,401
04/17/2001,SRQ,FL,ASO,ES,Combined TRACON& Tower with Radar,32,33,116,0,181,0,8,306,0,314,32,41,422,0,495,0,0,0,495
04/18/2001,SRQ,FL,ASO,ES,Combined TRACON& Tower with Radar,35,41,146,0,222,0,8,326,0,334,35,49,472,0,556,362,2,364,920
04/19/2001,SRQ,FL,ASO,ES,Combined TRACON& Tower with Radar,33,35,122,0,190,0,17,312,0,329,33,52,434,0,519,220,2,222,741
04/20/2001,SRQ,FL,ASO,ES,Combined TRACON& Tower with Radar,35,33,115,0,183,0,11,252,0,263,35,44,367,0,446,267,0,267,713
04/21/2001,SRQ,FL,ASO,ES,Combined TRACON& Tower with Radar,22,20,70,0,112,7,2,164,0,173,29,22,234,0,285,66,0,66,351
04/22/2001,SRQ,FL,ASO,ES,Combined TRACON& Tower with Radar,32,27,105,0,164,0,0,128,0,128,32,27,233,0,292,42,0,42,334
04/23/2001,SRQ,FL,ASO,ES,Combined TRACON& Tower with Radar,31,24,114,0,169,0,0,279,0,279,31,24,393,0,448,314,0,314,762
04/24/2001,SRQ,FL,ASO,ES,Combined TRACON& Tower with Radar,32,26,107,0,165,0,0,303,0,303,32,26,410,0,468,272,0,272,740
04/25/2001,SRQ,FL,ASO,ES,Combined TRACON& Tower with Radar,25,22,79,0,126,9,1,216,0,226,34,23,295,0,352,14,0,14,366
04/26/2001,SRQ,FL,ASO,ES,Combined TRACON& Tower with Radar,26,17,82,0,125,5,0,253,0,258,31,17,335,0,383,108,0,108,491
04/27/2001,SRQ,FL,ASO,ES,Combined TRACON& Tower with Radar,33,20,104,0,157,0,0,245,0,245,33,20,349,0,402,70,0,70,472
04/28/2001,SRQ,FL,ASO,ES,Combined TRACON& Tower with Radar,22,8,72,0,102,5,0,185,0,190,27,8,257,0,292,104,0,104,396
04/29/2001,SRQ,FL,ASO,ES,Combined TRACON& Tower with Radar,24,22,78,0,124,6,2,75,0,83,30,24,153,0,207,80,0,80,287
04/30/2001,SRQ,FL,ASO,ES,Combined TRACON& Tower with Radar,29,23,109,0,161,0,0,31,0,31,29,23,140,0,192,40,0,40,232
05/01/2001,SRQ,FL,ASO,ES,Combined TRACON& Tower with Radar,22,12,74,0,108,9,4,206,0,219,31,16,280,0,327,104,0,104,431
05/02/2001,SRQ,FL,ASO,ES,Combined TRACON& Tower with Radar,17,10,58,0,85,6,6,373,0,385,23,16,431,0,470,162,0,162,632
05/03/2001,SRQ,FL,ASO,ES,Combined TRACON& Tower with Radar,14,9,49,0,72,6,12,139,0,157,20,21,188,0,229,70,0,70,299
05/04/2001,SRQ,FL,ASO,ES,Combined TRACON& Tower with Radar,20,11,70,0,101,6,8,243,0,257,26,19,313,0,358,50,0,50,408
05/05/2001,SRQ,FL,ASO,ES,Combined TRACON& Tower with Radar,18,9,62,0,89,3,0,117,0,120,21,9,179,0,209,118,0,118,327
05/06/2001,SRQ,FL,ASO,ES,Combined TRACON& Tower with Radar,23,15,95,0,133,0,0,95,0,95,23,15,190,0,228,56,0,56,284
05/07/2001,SRQ,FL,ASO,ES,Combined TRACON& Tower with Radar,22,17,107,0,146,0,0,305,0,305,22,17,412,0,451,248,0,248,699
05/08/2001,SRQ,FL,ASO,ES,Combined TRACON& Tower with Radar,22,12,77,0,111,0,12,359,0,371,22,24,436,0,482,224,0,224,706
05/09/2001,SRQ,FL,ASO,ES,Combined TRACON& Tower with Radar,15,8,47,0,70,7,22,429,0,458,22,30,476,0,528,192,0,192,720
05/10/2001,SRQ,FL,ASO,ES,Combined TRACON& Tower with Radar,24,12,76,0,112,0,7,239,0,246,24,19,315,0,358,108,0,108,466
05/11/2001,SRQ,FL,ASO,ES,Combined TRACON& Tower with Radar,23,12,75,0,110,4,16,207,0,227,27,28,282,0,337,160,0,160,497
05/12/2001,SRQ,FL,ASO,ES,Combined TRACON& Tower with Radar,20,13,85,0,118,0,4,213,0,217,20,17,298,0,335,92,0,92,427
05/13/2001,SRQ,FL,ASO,ES,Combined TRACON& Tower with Radar,23,14,90,0,127,0,9,94,0,103,23,23,184,0,230,72,0,72,302
05/14/2001,SRQ,FL,ASO,ES,Combined TRACON& Tower with Radar,28,14,91,0,133,0,1,297,0,298,28,15,388,0,431,252,0,252,683
05/15/2001,SRQ,FL,ASO,ES,Combined TRACON& Tower with Radar,18,10,65,0,93,0,9,319,0,328,18,19,384,0,421,126,0,126,547
05/16/2001,SRQ,FL,ASO,ES,Combined TRACON& Tower with Radar,20,9,63,0,92,3,17,468,0,488,23,26,531,0,580,222,0,222,802
05/17/2001,SRQ,FL,ASO,ES,Combined TRACON& Tower with Radar,20,9,63,0,92,0,7,250,0,257,20,16,313,0,349,196,0,196,545
05/18/2001,SRQ,FL,ASO,ES,Combined TRACON& Tower with Radar,25,14,92,0,131,0,0,192,0,192,25,14,284,0,323,78,0,78,401
05/19/2001,SRQ,FL,ASO,ES,Combined TRACON& Tower with Radar,22,11,91,0,124,0,0,165,0,165,22,11,256,0,289,82,0,82,371
05/20/2001,SRQ,FL,ASO,ES,Combined TRACON& Tower with Radar,23,12,76,0,111,1,0,207,0,208,24,12,283,0,319,222,0,222,541
05/21/2001,SRQ,FL,ASO,ES,Combined TRACON& Tower with Radar,20,10,64,0,94,6,3,323,0,332,26,13,387,0,426,236,0,236,662
05/22/2001,SRQ,FL,ASO,ES,Combined TRACON& Tower with Radar,20,10,69,0,99,0,3,242,0,245,20,13,311,0,344,160,0,160,504
05/23/2001,SRQ,FL,ASO,ES,Combined TRACON& Tower with Radar,14,7,46,0,67,9,7,165,0,181,23,14,211,0,248,54,0,54,302
05/24/2001,SRQ,FL,ASO,ES,Combined TRACON& Tower with Radar,20,10,66,0,96,1,3,204,0,208,21,13,270,0,304,72,0,72,376
05/25/2001,SRQ,FL,ASO,ES,Combined TRACON& Tower with Radar,23,13,88,0,124,0,12,148,0,160,23,25,236,0,284,100,0,100,384
05/26/2001,SRQ,FL,ASO,ES,Combined TRACON& Tower with Radar,20,7,64,0,91,1,0,137,0,138,21,7,201,0,229,124,0,124,353
05/27/2001,SRQ,FL,ASO,ES,Combined TRACON& Tower with Radar,21,2,76,0,99,0,0,214,0,214,21,2,290,0,313,192,0,192,505
05/28/2001,SRQ,FL,ASO,ES,Combined TRACON& Tower with Radar,20,10,65,0,95,1,1,232,0,234,21,11,297,0,329,168,0,168,497
05/29/2001,SRQ,FL,ASO,ES,Combined TRACON& Tower with Radar,22,11,74,0,107,0,11,503,0,514,22,22,577,0,621,110,0,110,731
05/30/2001,SRQ,FL,ASO,ES,Combined TRACON& Tower with Radar,19,9,59,0,87,2,5,341,0,348,21,14,400,0,435,110,0,110,545
05/31/2001,SRQ,FL,ASO,ES,Combined TRACON& Tower with Radar,0,0,0,0,0,22,20,259,0,301,22,20,259,0,301,52,0,52,353
06/01/2001,SRQ,FL,ASO,ES,Combined TRACON& Tower with Radar,22,12,74,0,108,2,1,120,0,123,24,13,194,0,231,20,0,20,251
06/02/2001,SRQ,FL,ASO,ES,Combined TRACON& Tower with Radar,17,8,58,0,83,5,0,135,0,140,22,8,193,0,223,116,0,116,339
06/03/2001,SRQ,FL,ASO,ES,Combined TRACON& Tower with Radar,14,9,49,0,72,7,1,96,0,104,21,10,145,0,176,84,0,84,260
06/04/2001,SRQ,FL,ASO,ES,Combined TRACON& Tower with Radar,20,11,70,0,101,2,3,251,0,256,22,14,321,0,357,190,0,190,547
06/05/2001,SRQ,FL,ASO,ES,Combined TRACON& Tower with Radar,18,10,62,0,90,2,7,187,0,196,20,17,249,0,286,72,0,72,358
06/06/2001,SRQ,FL,ASO,ES,Combined TRACON& Tower with Radar,21,14,95,0,130,0,0,214,0,214,21,14,309,0,344,150,0,150,494
06/07/2001,SRQ,FL,ASO,ES,Combined TRACON& Tower with Radar,19,14,107,0,140,0,0,224,0,224,19,14,331,0,364,204,0,204,568
06/08/2001,SRQ,FL,ASO,ES,Combined TRACON& Tower with Radar,24,12,77,0,113,0,1,168,0,169,24,13,245,0,282,156,0,156,438
06/09/2001,SRQ,FL,ASO,ES,Combined TRACON& Tower with Radar,15,6,47,0,68,4,0,247,0,251,19,6,294,0,319,166,0,166,485
06/10/2001,SRQ,FL,ASO,ES,Combined TRACON& Tower with Radar,23,7,76,0,106,0,0,294,0,294,23,7,370,0,400,212,0,212,612
06/11/2001,SRQ,FL,ASO,ES,Combined TRACON& Tower with Radar,23,12,75,0,110,1,10,180,0,191,24,22,255,0,301,160,0,160,461
06/12/2001,SRQ,FL,ASO,ES,Combined TRACON& Tower with Radar,21,13,85,0,119,0,4,212,0,216,21,17,297,0,335,256,0,256,591
06/13/2001,SRQ,FL,ASO,ES,Combined TRACON& Tower with Radar,25,14,90,0,129,0,3,226,0,229,25,17,316,0,358,152,0,152,510
06/14/2001,SRQ,FL,ASO,ES,Combined TRACON& Tower with Radar,21,14,91,0,126,0,2,220,0,222,21,16,311,0,348,134,0,134,482
06/15/2001,SRQ,FL,ASO,ES,Combined TRACON& Tower with Radar,20,10,65,0,95,3,7,180,0,190,23,17,245,0,285,140,0,140,425
06/16/2001,SRQ,FL,ASO,ES,Combined TRACON& Tower with Radar,20,9,63,0,92,1,4,183,0,188,21,13,246,0,280,130,0,130,410
06/17/2001,SRQ,FL,ASO,ES,Combined TRACON& Tower with Radar,20,9,63,0,92,6,4,193,0,203,26,13,256,0,295,132,0,132,427
06/18/2001,SRQ,FL,ASO,ES,Combined TRACON& Tower with Radar,26,14,92,0,132,0,6,188,0,194,26,20,280,0,326,208,0,208,534
06/19/2001,SRQ,FL,ASO,ES,Combined TRACON& Tower with Radar,20,14,91,0,125,0,6,244,0,250,20,20,335,0,375,142,0,142,517
06/20/2001,SRQ,FL,ASO,ES,Combined TRACON& Tower with Radar,22,12,76,0,110,0,8,207,0,215,22,20,283,0,325,148,0,148,473
06/21/2001,SRQ,FL,ASO,ES,Combined TRACON& Tower with Radar,19,10,64,0,93,0,11,115,0,126,19,21,179,0,219,62,0,62,281
06/22/2001,SRQ,FL,ASO,ES,Combined TRACON& Tower with Radar,21,10,69,0,100,3,10,69,0,82,24,20,138,0,182,68,0,68,250
06/23/2001,SRQ,FL,ASO,ES,Combined TRACON& Tower with Radar,14,5,46,0,65,11,0,49,0,60,25,5,95,0,125,0,0,0,125
06/24/2001,SRQ,FL,ASO,ES,Combined TRACON& Tower with Radar,20,9,66,0,95,5,0,241,0,246,25,9,307,0,341,146,0,146,487
06/25/2001,SRQ,FL,ASO,ES,Combined TRACON& Tower with Radar,24,13,88,0,125,0,12,191,0,203,24,25,279,0,328,134,0,134,462
06/26/2001,SRQ,FL,ASO,ES,Combined TRACON& Tower with Radar,18,9,64,0,91,0,8,306,0,314,18,17,370,0,405,98,0,98,503
06/27/2001,SRQ,FL,ASO,ES,Combined TRACON& Tower with Radar,23,11,76,0,110,0,12,231,0,243,23,23,307,0,353,80,0,80,433
06/28/2001,SRQ,FL,ASO,ES,Combined TRACON& Tower with Radar,20,10,65,0,95,1,10,96,0,107,21,20,161,0,202,108,0,108,310
06/29/2001,SRQ,FL,ASO,ES,Combined TRACON& Tower with Radar,23,11,74,0,108,0,7,148,0,155,23,18,222,0,263,142,0,142,405
06/30/2001,SRQ,FL,ASO,ES,Combined TRACON& Tower with Radar,19,9,59,0,87,1,2,310,0,313,20,11,369,0,400,190,0,190,590
07/01/2001,SRQ,FL,ASO,ES,Combined TRACON& Tower with Radar,17,6,57,0,80,11,0,294,0,305,28,6,351,0,385,108,6,114,499
07/02/2001,SRQ,FL,ASO,ES,Combined TRACON& Tower with Radar,22,14,88,0,124,0,13,228,0,241,22,27,316,0,365,140,0,140,505
07/03/2001,SRQ,FL,ASO,ES,Combined TRACON& Tower with Radar,22,13,85,0,120,0,11,229,0,240,22,24,314,0,360,132,0,132,492
07/04/2001,SRQ,FL,ASO,ES,Combined TRACON& Tower with Radar,14,7,46,0,67,7,0,147,0,154,21,7,193,0,221,98,0,98,319
07/05/2001,SRQ,FL,ASO,ES,Combined TRACON& Tower with Radar,20,11,73,0,104,0,6,177,0,183,20,17,250,0,287,118,0,118,405
07/06/2001,SRQ,FL,ASO,ES,Combined TRACON& Tower with Radar,19,9,61,0,89,5,8,168,0,181,24,17,229,0,270,90,0,90,360
07/07/2001,SRQ,FL,ASO,ES,Combined TRACON& Tower with Radar,21,9,69,0,99,1,0,228,0,229,22,9,297,0,328,149,0,149,477
07/08/2001,SRQ,FL,ASO,ES,Combined TRACON& Tower with Radar,23,14,93,0,130,0,1,257,0,258,23,15,350,0,388,242,6,248,636
07/09/2001,SRQ,FL,ASO,ES,Combined TRACON& Tower with Radar,27,15,102,0,144,0,4,125,0,129,27,19,227,0,273,150,0,150,423
07/10/2001,SRQ,FL,ASO,ES,Combined TRACON& Tower with Radar,21,13,82,0,116,0,4,97,0,101,21,17,179,0,217,100,0,100,317
07/11/2001,SRQ,FL,ASO,ES,Combined TRACON& Tower with Radar,22,15,97,0,134,0,1,127,0,128,22,16,224,0,262,106,0,106,368
07/12/2001,SRQ,FL,ASO,ES,Combined TRACON& Tower with Radar,20,8,60,0,88,1,7,113,0,121,21,15,173,0,209,118,0,118,327
07/13/2001,SRQ,FL,ASO,ES,Combined TRACON& Tower with Radar,26,11,80,0,117,1,10,136,0,147,27,21,216,0,264,120,0,120,384
07/14/2001,SRQ,FL,ASO,ES,Combined TRACON& Tower with Radar,23,9,83,0,115,0,0,214,0,214,23,9,297,0,329,260,0,260,589
07/15/2001,SRQ,FL,ASO,ES,Combined TRACON& Tower with Radar,25,10,87,0,122,0,0,165,0,165,25,10,252,0,287,202,0,202,489
07/16/2001,SRQ,FL,ASO,ES,Combined TRACON& Tower with Radar,23,12,80,0,115,0,7,195,0,202,23,19,275,0,317,190,0,190,507
07/17/2001,SRQ,FL,ASO,ES,Combined TRACON& Tower with Radar,24,10,73,0,107,0,10,163,0,173,24,20,236,0,280,158,0,158,438
07/18/2001,SRQ,FL,ASO,ES,Combined TRACON& Tower with Radar,23,10,73,0,106,0,5,202,0,207,23,15,275,0,313,88,0,88,401
07/19/2001,SRQ,FL,ASO,ES,Combined TRACON& Tower with Radar,22,9,67,0,98,0,7,216,0,223,22,16,283,0,321,140,0,140,461
07/20/2001,SRQ,FL,ASO,ES,Combined TRACON& Tower with Radar,26,11,80,0,117,2,0,255,0,257,28,11,335,0,374,326,0,326,700
07/21/2001,SRQ,FL,ASO,ES,Combined TRACON& Tower with Radar,16,6,47,0,69,7,1,76,0,84,23,7,123,0,153,120,0,120,273
07/22/2001,SRQ,FL,ASO,ES,Combined TRACON& Tower with Radar,18,8,56,0,82,4,2,40,0,46,22,10,96,0,128,62,0,62,190
07/23/2001,SRQ,FL,ASO,ES,Combined TRACON& Tower with Radar,18,8,56,0,82,9,4,17,0,30,27,12,73,0,112,4,0,4,116
07/24/2001,SRQ,FL,ASO,ES,Combined TRACON& Tower with Radar,24,10,75,0,109,0,10,189,0,199,24,20,264,0,308,156,0,156,464
07/25/2001,SRQ,FL,ASO,ES,Combined TRACON& Tower with Radar,21,9,65,0,95,4,2,203,0,209,25,11,268,0,304,76,0,76,380
07/26/2001,SRQ,FL,ASO,ES,Combined TRACON& Tower with Radar,22,11,74,0,107,0,9,187,0,196,22,20,261,0,303,64,0,64,367
07/27/2001,SRQ,FL,ASO,ES,Combined TRACON& Tower with Radar,26,11,80,0,117,2,3,360,0,365,28,14,440,0,482,252,0,252,734
07/28/2001,SRQ,FL,ASO,ES,Combined TRACON& Tower with Radar,23,9,77,0,109,0,0,278,0,278,23,9,355,0,387,216,0,216,603
07/29/2001,SRQ,FL,ASO,ES,Combined TRACON& Tower with Radar,18,8,57,0,83,2,4,212,0,218,20,12,269,0,301,220,0,220,521
07/30/2001,SRQ,FL,ASO,ES,Combined TRACON& Tower with Radar,27,15,110,0,152,0,4,273,0,277,27,19,383,0,429,280,0,280,709
07/31/2001,SRQ,FL,ASO,ES,Combined TRACON& Tower with Radar,21,9,67,0,97,3,5,165,0,173,24,14,232,0,270,134,0,134,404
08/01/2001,SRQ,FL,ASO,ES,Combined TRACON& Tower with Radar,25,11,67,0,103,2,2,153,0,157,27,13,220,0,260,90,0,90,350
08/02/2001,SRQ,FL,ASO,ES,Combined TRACON& Tower with Radar,20,10,62,0,92,0,11,6,0,17,20,21,68,0,109,0,0,0,109
08/03/2001,SRQ,FL,ASO,ES,Combined TRACON& Tower with Radar,25,11,67,0,103,1,2,283,0,286,26,13,350,0,389,276,0,276,665
08/04/2001,SRQ,FL,ASO,ES,Combined TRACON& Tower with Radar,15,5,40,0,60,8,0,146,0,154,23,5,186,0,214,150,0,150,364
08/05/2001,SRQ,FL,ASO,ES,Combined TRACON& Tower with Radar,18,7,55,0,80,0,0,208,0,208,18,7,263,0,288,236,0,236,524
08/06/2001,SRQ,FL,ASO,ES,Combined TRACON& Tower with Radar,20,8,53,0,81,5,4,160,0,169,25,12,213,0,250,86,0,86,336
08/07/2001,SRQ,FL,ASO,ES,Combined TRACON& Tower with Radar,24,10,66,0,100,1,8,146,0,155,25,18,212,0,255,172,0,172,427
08/08/2001,SRQ,FL,ASO,ES,Combined TRACON& Tower with Radar,22,9,58,0,89,2,4,180,0,186,24,13,238,0,275,98,0,98,373
08/09/2001,SRQ,FL,ASO,ES,Combined TRACON& Tower with Radar,25,10,67,0,102,3,1,189,0,193,28,11,256,0,295,126,0,126,421
08/10/2001,SRQ,FL,ASO,ES,Combined TRACON& Tower with Radar,25,10,66,0,101,1,1,197,0,199,26,11,263,0,300,144,0,144,444
08/11/2001,SRQ,FL,ASO,ES,Combined TRACON& Tower with Radar,22,8,59,0,89,2,0,199,0,201,24,8,258,0,290,180,0,180,470
08/12/2001,SRQ,FL,ASO,ES,Combined TRACON& Tower with Radar,19,7,53,0,79,5,7,172,0,184,24,14,225,0,263,152,0,152,415
08/13/2001,SRQ,FL,ASO,ES,Combined TRACON& Tower with Radar,23,8,59,0,90,3,7,199,0,209,26,15,258,0,299,184,0,184,483
08/14/2001,SRQ,FL,ASO,ES,Combined TRACON& Tower with Radar,22,7,55,0,84,0,7,186,0,193,22,14,241,0,277,129,0,129,406
08/15/2001,SRQ,FL,ASO,ES,Combined TRACON& Tower with Radar,24,7,61,0,92,8,0,196,0,204,32,7,257,0,296,148,0,148,444
08/16/2001,SRQ,FL,ASO,ES,Combined TRACON& Tower with Radar,21,11,78,0,110,0,3,307,0,310,21,14,385,0,420,386,0,386,806
08/17/2001,SRQ,FL,ASO,ES,Combined TRACON& Tower with Radar,27,14,97,0,138,0,8,333,0,341,27,22,430,0,479,258,0,258,737
08/18/2001,SRQ,FL,ASO,ES,Combined TRACON& Tower with Radar,25,9,67,0,101,0,2,236,0,238,25,11,303,0,339,264,0,264,603
08/19/2001,SRQ,FL,ASO,ES,Combined TRACON& Tower with Radar,18,6,47,0,71,5,8,171,0,184,23,14,218,0,255,93,0,93,348
08/20/2001,SRQ,FL,ASO,ES,Combined TRACON& Tower with Radar,23,8,59,0,90,0,8,164,0,172,23,16,223,0,262,140,0,140,402
08/21/2001,SRQ,FL,ASO,ES,Combined TRACON& Tower with Radar,22,10,71,0,103,0,10,199,0,209,22,20,270,0,312,158,0,158,470
08/22/2001,SRQ,FL,ASO,ES,Combined TRACON& Tower with Radar,28,12,82,0,122,0,8,229,0,237,28,20,311,0,359,174,0,174,533
08/23/2001,SRQ,FL,ASO,ES,Combined TRACON& Tower with Radar,16,8,61,0,85,0,13,325,0,338,16,21,386,0,423,260,0,260,683
08/24/2001,SRQ,FL,ASO,ES,Combined TRACON& Tower with Radar,28,12,80,0,120,0,0,262,0,262,28,12,342,0,382,268,0,268,650
08/25/2001,SRQ,FL,ASO,ES,Combined TRACON& Tower with Radar,24,9,66,0,99,0,1,195,0,196,24,10,261,0,295,94,0,94,389
08/26/2001,SRQ,FL,ASO,ES,Combined TRACON& Tower with Radar,21,7,54,0,82,2,11,220,0,233,23,18,274,0,315,192,0,192,507
08/27/2001,SRQ,FL,ASO,ES,Combined TRACON& Tower with Radar,20,7,51,0,78,7,11,155,0,173,27,18,206,0,251,122,0,122,373
08/28/2001,SRQ,FL,ASO,ES,Combined TRACON& Tower with Radar,19,7,50,0,76,4,13,174,0,191,23,20,224,0,267,288,0,288,555
08/29/2001,SRQ,FL,ASO,ES,Combined TRACON& Tower with Radar,23,8,59,0,90,4,4,145,0,153,27,12,204,0,243,178,0,178,421
08/30/2001,SRQ,FL,ASO,ES,Combined TRACON& Tower with Radar,21,9,89,0,119,0,0,308,0,308,21,9,397,0,427,298,0,298,725
08/31/2001,SRQ,FL,ASO,ES,Combined TRACON& Tower with Radar,28,12,78,0,118,0,6,357,0,363,28,18,435,0,481,226,0,226,707
09/01/2001,SRQ,FL,ASO,ES,Combined TRACON& Tower with Radar,23,1,81,0,105,0,0,236,0,236,23,1,317,0,341,210,0,210,551
09/02/2001,SRQ,FL,ASO,ES,Combined TRACON& Tower with Radar,11,1,38,0,50,7,0,147,0,154,18,1,185,0,204,108,0,108,312
09/03/2001,SRQ,FL,ASO,ES,Combined TRACON& Tower with Radar,14,1,47,0,62,7,0,154,0,161,21,1,201,0,223,98,0,98,321
09/04/2001,SRQ,FL,ASO,ES,Combined TRACON& Tower with Radar,15,1,53,0,69,4,0,136,0,140,19,1,189,0,209,106,0,106,315
09/05/2001,SRQ,FL,ASO,ES,Combined TRACON& Tower with Radar,17,1,60,0,78,8,0,150,0,158,25,1,210,0,236,142,0,142,378
09/06/2001,SRQ,FL,ASO,ES,Combined TRACON& Tower with Radar,23,0,78,0,101,8,0,245,0,253,31,0,323,0,354,150,0,150,504
09/07/2001,SRQ,FL,ASO,ES,Combined TRACON& Tower with Radar,20,0,72,0,92,0,0,250,0,250,20,0,322,0,342,278,0,278,620
09/08/2001,SRQ,FL,ASO,ES,Combined TRACON& Tower with Radar,19,0,64,0,83,8,0,220,0,228,27,0,284,0,311,198,0,198,509
09/09/2001,SRQ,FL,ASO,ES,Combined TRACON& Tower with Radar,15,0,50,0,65,8,0,70,0,78,23,0,120,0,143,68,0,68,211
09/10/2001,SRQ,FL,ASO,ES,Combined TRACON& Tower with Radar,22,0,74,0,96,5,0,124,0,129,27,0,198,0,225,110,0,110,335
09/11/2001,SRQ,FL,ASO,ES,Combined TRACON& Tower with Radar,3,0,14,0,17,3,0,4,0,7,6,0,18,0,24,0,0,0,24
09/12/2001,SRQ,FL,ASO,ES,Combined TRACON& Tower with Radar,0,0,1,0,1,0,0,7,0,7,0,0,8,0,8,0,0,0,8
09/13/2001,SRQ,FL,ASO,ES,Combined TRACON& Tower with Radar,2,0,2,0,4,2,0,0,0,2,4,0,2,0,6,0,0,0,6
09/14/2001,SRQ,FL,ASO,ES,Combined TRACON& Tower with Radar,16,0,52,0,68,5,0,4,0,9,21,0,56,0,77,0,0,0,77
09/15/2001,SRQ,FL,ASO,ES,Combined TRACON& Tower with Radar,0,0,8,0,8,0,0,0,0,0,0,0,8,0,8,0,0,0,8
09/16/2001,SRQ,FL,ASO,ES,Combined TRACON& Tower with Radar,20,0,62,0,82,4,0,0,0,4,24,0,62,0,86,0,0,0,86
09/17/2001,SRQ,FL,ASO,ES,Combined TRACON& Tower with Radar,24,0,82,0,106,0,0,7,0,7,24,0,89,0,113,0,0,0,113
09/18/2001,SRQ,FL,ASO,ES,Combined TRACON& Tower with Radar,20,0,120,0,140,0,0,49,0,49,20,0,169,0,189,2,0,2,191
09/19/2001,SRQ,FL,ASO,ES,Combined TRACON& Tower with Radar,24,0,112,0,136,0,0,34,0,34,24,0,146,0,170,0,0,0,170
09/20/2001,SRQ,FL,ASO,ES,Combined TRACON& Tower with Radar,27,0,113,0,140,0,0,164,0,164,27,0,277,0,304,0,0,0,304
09/21/2001,SRQ,FL,ASO,ES,Combined TRACON& Tower with Radar,24,0,118,0,142,0,0,145,0,145,24,0,263,0,287,10,0,10,297
09/22/2001,SRQ,FL,ASO,ES,Combined TRACON& Tower with Radar,20,0,62,0,82,1,0,164,0,165,21,0,226,0,247,22,0,22,269
09/23/2001,SRQ,FL,ASO,ES,Combined TRACON& Tower with Radar,23,0,85,0,108,0,0,91,0,91,23,0,176,0,199,136,0,136,335
09/24/2001,SRQ,FL,ASO,ES,Combined TRACON& Tower with Radar,24,0,76,0,100,7,0,104,0,111,31,0,180,0,211,176,0,176,387
09/25/2001,SRQ,FL,ASO,ES,Combined TRACON& Tower with Radar,23,0,73,0,96,0,0,181,0,181,23,0,254,0,277,140,0,140,417
09/26/2001,SRQ,FL,ASO,ES,Combined TRACON& Tower with Radar,26,0,103,0,129,0,0,258,0,258,26,0,361,0,387,226,0,226,613
09/27/2001,SRQ,FL,ASO,ES,Combined TRACON& Tower with Radar,23,0,88,0,111,0,0,204,0,204,23,0,292,0,315,158,0,158,473
09/28/2001,SRQ,FL,ASO,ES,Combined TRACON& Tower with Radar,24,0,86,0,110,0,0,354,0,354,24,0,440,0,464,364,0,364,828
09/29/2001,SRQ,FL,ASO,ES,Combined TRACON& Tower with Radar,23,0,95,0,118,0,0,219,0,219,23,0,314,0,337,250,0,250,587
09/30/2001,SRQ,FL,ASO,ES,Combined TRACON& Tower with Radar,21,0,90,0,111,0,0,144,0,144,21,0,234,0,255,80,0,80,335
10/01/2001,SRQ,FL,ASO,ES,Combined TRACON& Tower with Radar,20,0,75,0,95,3,0,156,0,159,23,0,231,0,254,60,0,60,314
10/02/2001,SRQ,FL,ASO,ES,Combined TRACON& Tower with Radar,20,18,76,2,116,0,5,177,4,186,20,23,253,6,302,195,0,195,497
10/03/2001,SRQ,FL,ASO,ES,Combined TRACON& Tower with Radar,27,25,106,4,162,0,2,313,9,324,27,27,419,13,486,262,40,302,788
10/04/2001,SRQ,FL,ASO,ES,Combined TRACON& Tower with Radar,26,23,114,2,165,0,0,208,0,208,26,23,322,2,373,232,0,232,605
10/05/2001,SRQ,FL,ASO,ES,Combined TRACON& Tower with Radar,25,25,102,2,154,0,9,279,0,288,25,34,381,2,442,216,10,226,668
10/06/2001,SRQ,FL,ASO,ES,Combined TRACON& Tower with Radar,19,16,72,0,107,4,0,162,0,166,23,16,234,0,273,128,0,128,401
10/07/2001,SRQ,FL,ASO,ES,Combined TRACON& Tower with Radar,21,18,77,2,118,1,5,95,3,104,22,23,172,5,222,148,0,148,370
10/08/2001,SRQ,FL,ASO,ES,Combined TRACON& Tower with Radar,15,14,59,2,90,10,0,74,7,91,25,14,133,9,181,162,6,168,349
10/09/2001,SRQ,FL,ASO,ES,Combined TRACON& Tower with Radar,19,16,69,1,105,4,9,121,0,134,23,25,190,1,239,178,0,178,417
10/10/2001,SRQ,FL,ASO,ES,Combined TRACON& Tower with Radar,24,21,89,3,137,3,0,254,1,258,27,21,343,4,395,186,8,194,589
10/11/2001,SRQ,FL,ASO,ES,Combined TRACON& Tower with Radar,21,22,95,3,141,0,14,204,0,218,21,36,299,3,359,266,42,308,667
10/12/2001,SRQ,FL,ASO,ES,Combined TRACON& Tower with Radar,24,20,87,4,135,0,6,168,1,175,24,26,255,5,310,154,0,154,464
10/13/2001,SRQ,FL,ASO,ES,Combined TRACON& Tower with Radar,19,15,66,0,100,4,1,200,0,205,23,16,266,0,305,184,0,184,489
10/14/2001,SRQ,FL,ASO,ES,Combined TRACON& Tower with Radar,20,17,70,0,107,5,13,59,0,77,25,30,129,0,184,26,0,26,210
10/15/2001,SRQ,FL,ASO,ES,Combined TRACON& Tower with Radar,21,17,73,3,114,7,2,116,1,126,28,19,189,4,240,98,0,98,338
10/16/2001,SRQ,FL,ASO,ES,Combined TRACON& Tower with Radar,19,24,106,0,149,0,1,244,0,245,19,25,350,0,394,258,0,258,652
10/17/2001,SRQ,FL,ASO,ES,Combined TRACON& Tower with Radar,24,26,114,5,169,0,1,147,13,161,24,27,261,18,330,119,4,123,453
10/18/2001,SRQ,FL,ASO,ES,Combined TRACON& Tower with Radar,19,22,92,4,137,0,3,319,0,322,19,25,411,4,459,272,0,272,731
10/19/2001,SRQ,FL,ASO,ES,Combined TRACON& Tower with Radar,25,20,88,1,134,2,3,229,0,234,27,23,317,1,368,157,0,157,525
10/20/2001,SRQ,FL,ASO,ES,Combined TRACON& Tower with Radar,18,10,61,1,90,11,0,85,0,96,29,10,146,1,186,66,0,66,252
10/21/2001,SRQ,FL,ASO,ES,Combined TRACON& Tower with Radar,19,15,70,0,104,0,0,87,0,87,19,15,157,0,191,96,0,96,287
10/22/2001,SRQ,FL,ASO,ES,Combined TRACON& Tower with Radar,19,16,67,3,105,2,2,50,1,55,21,18,117,4,160,50,2,52,212
10/23/2001,SRQ,FL,ASO,ES,Combined TRACON& Tower with Radar,20,18,79,4,121,0,4,260,0,264,20,22,339,4,385,278,0,278,663
10/24/2001,SRQ,FL,ASO,ES,Combined TRACON& Tower with Radar,29,25,108,1,163,0,18,118,0,136,29,43,226,1,299,46,0,46,345
10/25/2001,SRQ,FL,ASO,ES,Combined TRACON& Tower with Radar,17,23,99,4,143,0,13,234,0,247,17,36,333,4,390,164,0,164,554
10/26/2001,SRQ,FL,ASO,ES,Combined TRACON& Tower with Radar,24,30,130,6,190,0,8,265,18,291,24,38,395,24,481,210,0,210,691
10/27/2001,SRQ,FL,ASO,ES,Combined TRACON& Tower with Radar,18,15,64,0,97,6,5,185,0,196,24,20,249,0,293,52,0,52,345
10/28/2001,SRQ,FL,ASO,ES,Combined TRACON& Tower with Radar,23,19,83,3,128,4,11,129,8,152,27,30,212,11,280,44,0,44,324
10/29/2001,SRQ,FL,ASO,ES,Combined TRACON& Tower with Radar,22,18,78,1,119,4,7,126,0,137,26,25,204,1,256,60,0,60,316
10/30/2001,SRQ,FL,ASO,ES,Combined TRACON& Tower with Radar,18,20,88,0,126,0,9,239,0,248,18,29,327,0,374,286,0,286,660
10/31/2001,SRQ,FL,ASO,ES,Combined TRACON& Tower with Radar,21,18,75,0,114,6,5,231,0,242,27,23,306,0,356,304,0,304,660
11/01/2001,SRQ,FL,ASO,ES,Combined TRACON& Tower with Radar,21,26,90,3,140,0,8,293,6,307,21,34,383,9,447,248,0,248,695
11/02/2001,SRQ,FL,ASO,ES,Combined TRACON& Tower with Radar,24,23,81,3,131,5,11,198,10,224,29,34,279,13,355,174,4,178,533
11/03/2001,SRQ,FL,ASO,ES,Combined TRACON& Tower with Radar,18,17,61,0,96,10,6,111,0,127,28,23,172,0,223,46,0,46,269
11/04/2001,SRQ,FL,ASO,ES,Combined TRACON& Tower with Radar,15,15,53,0,83,12,4,64,0,80,27,19,117,0,163,92,0,92,255
11/05/2001,SRQ,FL,ASO,ES,Combined TRACON& Tower with Radar,17,17,59,0,93,11,7,187,0,205,28,24,246,0,298,172,0,172,470
11/06/2001,SRQ,FL,ASO,ES,Combined TRACON& Tower with Radar,25,22,108,4,159,0,0,284,0,284,25,22,392,4,443,259,0,259,702
11/07/2001,SRQ,FL,ASO,ES,Combined TRACON& Tower with Radar,23,21,84,3,131,0,0,369,4,373,23,21,453,7,504,180,0,180,684
11/08/2001,SRQ,FL,ASO,ES,Combined TRACON& Tower with Radar,19,20,80,0,119,0,0,292,0,292,19,20,372,0,411,278,0,278,689
11/09/2001,SRQ,FL,ASO,ES,Combined TRACON& Tower with Radar,28,34,118,4,184,0,15,265,10,290,28,49,383,14,474,180,30,210,684
11/10/2001,SRQ,FL,ASO,ES,Combined TRACON& Tower with Radar,22,18,71,0,111,2,0,283,0,285,24,18,354,0,396,166,4,170,566
11/11/2001,SRQ,FL,ASO,ES,Combined TRACON& Tower with Radar,22,20,71,3,116,6,9,200,5,220,28,29,271,8,336,166,0,166,502
11/12/2001,SRQ,FL,ASO,ES,Combined TRACON& Tower with Radar,25,15,80,0,120,0,0,258,0,258,25,15,338,0,378,214,0,214,592
11/13/2001,SRQ,FL,ASO,ES,Combined TRACON& Tower with Radar,25,23,83,0,131,1,12,246,0,259,26,35,329,0,390,258,0,258,648
11/14/2001,SRQ,FL,ASO,ES,Combined TRACON& Tower with Radar,28,22,122,4,176,0,0,288,0,288,28,22,410,4,464,180,2,182,646
11/15/2001,SRQ,FL,ASO,ES,Combined TRACON& Tower with Radar,23,23,81,0,127,0,10,143,0,153,23,33,224,0,280,206,0,206,486
11/16/2001,SRQ,FL,ASO,ES,Combined TRACON& Tower with Radar,19,28,99,4,150,0,3,155,0,158,19,31,254,4,308,140,0,140,448
11/17/2001,SRQ,FL,ASO,ES,Combined TRACON& Tower with Radar,20,22,78,2,122,0,5,197,0,202,20,27,275,2,324,126,0,126,450
11/18/2001,SRQ,FL,ASO,ES,Combined TRACON& Tower with Radar,18,16,59,2,95,5,7,126,0,138,23,23,185,2,233,104,0,104,337
11/19/2001,SRQ,FL,ASO,ES,Combined TRACON& Tower with Radar,23,22,78,3,126,3,10,230,0,243,26,32,308,3,369,258,0,258,627
11/20/2001,SRQ,FL,ASO,ES,Combined TRACON& Tower with Radar,25,29,106,1,161,0,5,482,0,487,25,34,588,1,648,268,10,278,926
11/21/2001,SRQ,FL,ASO,ES,Combined TRACON& Tower with Radar,26,31,112,0,169,0,8,340,0,348,26,39,452,0,517,156,0,156,673
11/22/2001,SRQ,FL,ASO,ES,Combined TRACON& Tower with Radar,13,12,41,0,66,7,8,86,0,101,20,20,127,0,167,18,0,18,185
11/23/2001,SRQ,FL,ASO,ES,Combined TRACON& Tower with Radar,20,19,66,0,105,3,4,213,0,220,23,23,279,0,325,68,0,68,393
11/24/2001,SRQ,FL,ASO,ES,Combined TRACON& Tower with Radar,18,17,62,0,97,5,10,206,0,221,23,27,268,0,318,154,0,154,472
11/25/2001,SRQ,FL,ASO,ES,Combined TRACON& Tower with Radar,29,32,116,0,177,0,10,165,0,175,29,42,281,0,352,142,0,142,494
11/26/2001,SRQ,FL,ASO,ES,Combined TRACON& Tower with Radar,29,26,95,3,153,1,10,239,3,253,30,36,334,6,406,194,0,194,600
11/27/2001,SRQ,FL,ASO,ES,Combined TRACON& Tower with Radar,27,22,90,3,142,5,0,267,4,276,32,22,357,7,418,232,0,232,650
11/28/2001,SRQ,FL,ASO,ES,Combined TRACON& Tower with Radar,23,28,99,3,153,0,0,335,2,337,23,28,434,5,490,222,0,222,712
11/29/2001,SRQ,FL,ASO,ES,Combined TRACON& Tower with Radar,22,20,72,0,114,6,1,332,0,339,28,21,404,0,453,142,0,142,595
11/30/2001,SRQ,FL,ASO,ES,Combined TRACON& Tower with Radar,28,27,95,3,153,0,6,229,17,252,28,33,324,20,405,158,0,158,563
12/01/2001,SRQ,FL,ASO,ES,Combined TRACON& Tower with Radar,19,2,54,1,76,6,0,177,1,184,25,2,231,2,260,86,0,86,346
12/02/2001,SRQ,FL,ASO,ES,Combined TRACON& Tower with Radar,30,14,85,1,130,0,0,218,11,229,30,14,303,12,359,240,0,240,599
12/03/2001,SRQ,FL,ASO,ES,Combined TRACON& Tower with Radar,23,17,62,1,103,5,2,256,1,264,28,19,318,2,367,250,0,250,617
12/04/2001,SRQ,FL,ASO,ES,Combined TRACON& Tower with Radar,18,20,71,1,110,0,4,236,1,241,18,24,307,2,351,230,2,232,583
12/05/2001,SRQ,FL,ASO,ES,Combined TRACON& Tower with Radar,27,21,78,1,127,0,14,197,9,220,27,35,275,10,347,154,0,154,501
12/06/2001,SRQ,FL,ASO,ES,Combined TRACON& Tower with Radar,21,18,65,0,104,0,8,261,0,269,21,26,326,0,373,136,0,136,509
12/07/2001,SRQ,FL,ASO,ES,Combined TRACON& Tower with Radar,27,21,79,0,127,0,2,120,0,122,27,23,199,0,249,66,0,66,315
12/08/2001,SRQ,FL,ASO,ES,Combined TRACON& Tower with Radar,19,14,53,0,86,5,8,102,0,115,24,22,155,0,201,42,0,42,243
12/09/2001,SRQ,FL,ASO,ES,Combined TRACON& Tower with Radar,21,15,56,0,92,4,1,109,0,114,25,16,165,0,206,202,0,202,408
12/10/2001,SRQ,FL,ASO,ES,Combined TRACON& Tower with Radar,24,18,66,1,109,4,5,153,3,165,28,23,219,4,274,230,6,236,510
12/11/2001,SRQ,FL,ASO,ES,Combined TRACON& Tower with Radar,30,24,89,2,145,0,3,258,4,265,30,27,347,6,410,96,0,96,506
12/12/2001,SRQ,FL,ASO,ES,Combined TRACON& Tower with Radar,30,24,91,3,148,0,4,223,3,230,30,28,314,6,378,182,0,182,560
12/13/2001,SRQ,FL,ASO,ES,Combined TRACON& Tower with Radar,23,18,69,0,110,0,10,255,0,265,23,28,324,0,375,128,0,128,503
12/14/2001,SRQ,FL,ASO,ES,Combined TRACON& Tower with Radar,26,22,81,2,131,0,6,178,11,195,26,28,259,13,326,46,8,54,380
12/15/2001,SRQ,FL,ASO,ES,Combined TRACON& Tower with Radar,22,16,70,2,110,0,0,240,2,242,22,16,310,4,352,164,2,166,518
12/16/2001,SRQ,FL,ASO,ES,Combined TRACON& Tower with Radar,23,16,60,2,101,5,0,159,20,184,28,16,219,22,285,170,0,170,455
12/17/2001,SRQ,FL,ASO,ES,Combined TRACON& Tower with Radar,24,15,64,2,105,0,0,173,2,175,24,15,237,4,280,180,4,184,464
12/18/2001,SRQ,FL,ASO,ES,Combined TRACON& Tower with Radar,20,14,55,0,89,0,8,225,0,233,20,22,280,0,322,170,0,170,492
12/19/2001,SRQ,FL,ASO,ES,Combined TRACON& Tower with Radar,27,19,71,2,119,4,4,261,0,269,31,23,332,2,388,100,0,100,488
12/20/2001,SRQ,FL,ASO,ES,Combined TRACON& Tower with Radar,29,19,75,0,123,0,4,272,0,276,29,23,347,0,399,58,0,58,457
12/21/2001,SRQ,FL,ASO,ES,Combined TRACON& Tower with Radar,24,16,63,0,103,6,14,191,0,211,30,30,254,0,314,56,0,56,370
12/22/2001,SRQ,FL,ASO,ES,Combined TRACON& Tower with Radar,18,12,46,0,76,8,5,142,0,155,26,17,188,0,231,50,0,50,281
12/23/2001,SRQ,FL,ASO,ES,Combined TRACON& Tower with Radar,20,14,54,0,88,8,7,173,0,188,28,21,227,0,276,216,0,216,492
12/24/2001,SRQ,FL,ASO,ES,Combined TRACON& Tower with Radar,20,13,52,0,85,8,4,102,0,114,28,17,154,0,199,189,0,189,388
12/25/2001,SRQ,FL,ASO,ES,Combined TRACON& Tower with Radar,18,12,46,0,76,4,4,31,0,39,22,16,77,0,115,0,0,0,115
12/26/2001,SRQ,FL,ASO,ES,Combined TRACON& Tower with Radar,31,31,121,0,183,0,19,195,0,214,31,50,316,0,397,88,0,88,485
12/27/2001,SRQ,FL,ASO,ES,Combined TRACON& Tower with Radar,26,25,97,0,148,0,18,159,0,177,26,43,256,0,325,64,0,64,389
12/28/2001,SRQ,FL,ASO,ES,Combined TRACON& Tower with Radar,30,23,88,1,142,0,6,179,1,186,30,29,267,2,328,126,0,126,454
12/29/2001,SRQ,FL,ASO,ES,Combined TRACON& Tower with Radar,26,17,67,0,110,1,22,127,0,150,27,39,194,0,260,134,0,134,394
12/30/2001,SRQ,FL,ASO,ES,Combined TRACON& Tower with Radar,28,19,74,0,121,1,5,257,0,263,29,24,331,0,384,200,0,200,584
12/31/2001,SRQ,FL,ASO,ES,Combined TRACON& Tower with Radar,24,17,65,0,106,1,0,150,0,151,25,17,215,0,257,110,0,110,367
01/01/2002,SRQ,FL,ASO,ES,Combined TRACON& Tower with Radar,22,21,75,0,118,3,0,166,0,169,25,21,241,0,287,52,0,52,339
01/02/2002,SRQ,FL,ASO,ES,Combined TRACON& Tower with Radar,23,26,90,0,139,0,22,108,0,130,23,48,198,0,269,32,0,32,301
01/03/2002,SRQ,FL,ASO,ES,Combined TRACON& Tower with Radar,19,19,66,0,104,0,1,20,0,21,19,20,86,0,125,4,5,9,134
01/04/2002,SRQ,FL,ASO,ES,Combined TRACON& Tower with Radar,24,22,76,4,126,8,9,152,5,174,32,31,228,9,300,80,0,80,380
01/05/2002,SRQ,FL,ASO,ES,Combined TRACON& Tower with Radar,23,22,78,4,127,6,0,188,4,198,29,22,266,8,325,240,0,240,565
01/06/2002,SRQ,FL,ASO,ES,Combined TRACON& Tower with Radar,19,15,63,3,100,9,0,158,4,171,28,15,221,7,271,116,0,116,387
01/07/2002,SRQ,FL,ASO,ES,Combined TRACON& Tower with Radar,26,27,92,3,148,0,2,158,0,160,26,29,250,3,308,134,0,134,442
01/08/2002,SRQ,FL,ASO,ES,Combined TRACON& Tower with Radar,22,25,86,2,135,0,4,275,0,279,22,29,361,2,414,108,2,110,524
01/09/2002,SRQ,FL,ASO,ES,Combined TRACON& Tower with Radar,24,23,78,4,129,3,7,252,9,271,27,30,330,13,400,70,18,88,488
01/10/2002,SRQ,FL,ASO,ES,Combined TRACON& Tower with Radar,19,18,61,0,98,6,6,157,0,169,25,24,218,0,267,66,0,66,333
01/11/2002,SRQ,FL,ASO,ES,Combined TRACON& Tower with Radar,24,24,79,4,131,4,11,161,12,188,28,35,240,16,319,62,12,74,393
01/12/2002,SRQ,FL,ASO,ES,Combined TRACON& Tower with Radar,25,20,80,1,126,5,0,277,0,282,30,20,357,1,408,276,0,276,684
01/13/2002,SRQ,FL,ASO,ES,Combined TRACON& Tower with Radar,22,22,73,3,120,3,11,82,3,99,25,33,155,6,219,70,0,70,289
01/14/2002,SRQ,FL,ASO,ES,Combined TRACON& Tower with Radar,26,23,79,2,130,3,7,256,0,266,29,30,335,2,396,194,44,238,634
01/15/2002,SRQ,FL,ASO,ES,Combined TRACON& Tower with Radar,25,28,99,6,158,0,6,230,4,240,25,34,329,10,398,114,12,126,524
01/16/2002,SRQ,FL,ASO,ES,Combined TRACON& Tower with Radar,30,26,93,0,149,0,13,235,0,248,30,39,328,0,397,46,0,46,443
01/17/2002,SRQ,FL,ASO,ES,Combined TRACON& Tower with Radar,27,32,113,4,176,0,6,36,0,42,27,38,149,4,218,0,0,0,218
01/18/2002,SRQ,FL,ASO,ES,Combined TRACON& Tower with Radar,26,23,81,5,135,2,7,227,37,273,28,30,308,42,408,61,0,61,469
01/19/2002,SRQ,FL,ASO,ES,Combined TRACON& Tower with Radar,17,12,51,2,82,6,0,242,0,248,23,12,293,2,330,224,0,224,554
01/20/2002,SRQ,FL,ASO,ES,Combined TRACON& Tower with Radar,25,18,78,0,121,2,0,138,0,140,27,18,216,0,261,176,0,176,437
01/21/2002,SRQ,FL,ASO,ES,Combined TRACON& Tower with Radar,31,24,105,6,166,0,0,107,10,117,31,24,212,16,283,74,0,74,357
01/22/2002,SRQ,FL,ASO,ES,Combined TRACON& Tower with Radar,36,39,135,8,218,0,5,35,1,41,36,44,170,9,259,62,0,62,321
01/23/2002,SRQ,FL,ASO,ES,Combined TRACON& Tower with Radar,20,17,61,4,102,3,15,216,8,242,23,32,277,12,344,142,6,148,492
01/24/2002,SRQ,FL,ASO,ES,Combined TRACON& Tower with Radar,21,25,87,0,133,0,0,278,0,278,21,25,365,0,411,120,0,120,531
01/25/2002,SRQ,FL,ASO,ES,Combined TRACON& Tower with Radar,27,26,93,0,146,0,19,211,0,230,27,45,304,0,376,120,0,120,496
01/26/2002,SRQ,FL,ASO,ES,Combined TRACON& Tower with Radar,24,20,74,4,122,0,0,226,0,226,24,20,300,4,348,238,2,240,588
01/27/2002,SRQ,FL,ASO,ES,Combined TRACON& Tower with Radar,28,28,109,3,168,0,0,154,0,154,28,28,263,3,322,136,0,136,458
01/28/2002,SRQ,FL,ASO,ES,Combined TRACON& Tower with Radar,27,26,91,5,149,0,13,170,6,189,27,39,261,11,338,130,44,174,512
01/29/2002,SRQ,FL,ASO,ES,Combined TRACON& Tower with Radar,21,19,65,3,108,1,21,196,0,218,22,40,261,3,326,127,70,197,523
01/30/2002,SRQ,FL,ASO,ES,Combined TRACON& Tower with Radar,29,27,96,2,154,0,3,115,0,118,29,30,211,2,272,56,0,56,328
01/31/2002,SRQ,FL,ASO,ES,Combined TRACON& Tower with Radar,22,23,79,4,128,0,15,219,6,240,22,38,298,10,368,104,4,108,476
02/01/2002,SRQ,FL,ASO,ES,Combined TRACON& Tower with Radar,21,20,74,0,115,8,26,239,5,278,29,46,313,5,393,222,0,222,615
02/02/2002,SRQ,FL,ASO,ES,Combined TRACON& Tower with Radar,23,22,80,0,125,4,17,309,12,342,27,39,389,12,467,300,0,300,767
02/03/2002,SRQ,FL,ASO,ES,Combined TRACON& Tower with Radar,20,20,70,0,110,7,9,169,1,186,27,29,239,1,296,176,0,176,472
02/04/2002,SRQ,FL,ASO,ES,Combined TRACON& Tower with Radar,21,20,73,0,114,3,25,306,10,344,24,45,379,10,458,192,2,194,652
02/05/2002,SRQ,FL,ASO,ES,Combined TRACON& Tower with Radar,18,16,63,1,98,2,22,220,5,249,20,38,283,6,347,84,0,84,431
02/06/2002,SRQ,FL,ASO,ES,Combined TRACON& Tower with Radar,18,16,62,1,97,9,24,66,3,102,27,40,128,4,199,58,0,58,257
02/07/2002,SRQ,FL,ASO,ES,Combined TRACON& Tower with Radar,19,16,65,1,101,10,20,51,4,85,29,36,116,5,186,20,0,20,206
02/08/2002,SRQ,FL,ASO,ES,Combined TRACON& Tower with Radar,26,22,84,1,133,3,33,254,1,291,29,55,338,2,424,233,0,233,657
02/09/2002,SRQ,FL,ASO,ES,Combined TRACON& Tower with Radar,25,21,80,1,127,3,5,289,1,298,28,26,369,2,425,248,0,248,673
02/10/2002,SRQ,FL,ASO,ES,Combined TRACON& Tower with Radar,21,18,67,1,107,6,25,67,1,99,27,43,134,2,206,40,0,40,246
02/11/2002,SRQ,FL,ASO,ES,Combined TRACON& Tower with Radar,26,23,88,0,137,1,20,269,0,290,27,43,357,0,427,192,0,192,619
02/12/2002,SRQ,FL,ASO,ES,Combined TRACON& Tower with Radar,22,23,85,0,130,0,17,184,0,201,22,40,269,0,331,100,0,100,431
02/13/2002,SRQ,FL,ASO,ES,Combined TRACON& Tower with Radar,26,24,91,0,141,0,19,141,0,160,26,43,232,0,301,104,0,104,405
02/14/2002,SRQ,FL,ASO,ES,Combined TRACON& Tower with Radar,26,35,132,0,193,0,21,224,0,245,26,56,356,0,438,82,0,82,520
02/15/2002,SRQ,FL,ASO,ES,Combined TRACON& Tower with Radar,33,35,133,0,201,0,30,248,0,278,33,65,381,0,479,516,0,516,995
02/16/2002,SRQ,FL,ASO,ES,Combined TRACON& Tower with Radar,27,28,107,0,162,0,16,206,0,222,27,44,313,0,384,296,0,296,680
02/17/2002,SRQ,FL,ASO,ES,Combined TRACON& Tower with Radar,27,34,129,0,190,0,13,242,0,255,27,47,371,0,445,130,0,130,575
02/18/2002,SRQ,FL,ASO,ES,Combined TRACON& Tower with Radar,30,36,137,0,203,0,12,260,0,272,30,48,397,0,475,200,0,200,675
02/19/2002,SRQ,FL,ASO,ES,Combined TRACON& Tower with Radar,24,27,102,0,153,0,15,246,0,261,24,42,348,0,414,112,0,112,526
02/20/2002,SRQ,FL,ASO,ES,Combined TRACON& Tower with Radar,26,25,96,0,147,0,11,156,0,167,26,36,252,0,314,58,0,58,372
02/21/2002,SRQ,FL,ASO,ES,Combined TRACON& Tower with Radar,30,29,112,0,171,0,13,128,0,141,30,42,240,0,312,86,0,86,398
02/22/2002,SRQ,FL,ASO,ES,Combined TRACON& Tower with Radar,30,25,66,0,121,6,14,0,0,20,36,39,66,0,141,0,0,0,141
02/23/2002,SRQ,FL,ASO,ES,Combined TRACON& Tower with Radar,24,21,79,0,124,7,5,1,0,13,31,26,80,0,137,0,0,0,137
02/24/2002,SRQ,FL,ASO,ES,Combined TRACON& Tower with Radar,27,25,97,0,149,0,17,263,0,280,27,42,360,0,429,142,0,142,571
02/25/2002,SRQ,FL,ASO,ES,Combined TRACON& Tower with Radar,28,24,93,0,145,1,26,232,0,259,29,50,325,0,404,132,0,132,536
02/26/2002,SRQ,FL,ASO,ES,Combined TRACON& Tower with Radar,22,24,92,0,138,0,22,255,0,277,22,46,347,0,415,102,0,102,517
02/27/2002,SRQ,FL,ASO,ES,Combined TRACON& Tower with Radar,26,22,84,0,132,5,19,120,0,144,31,41,204,0,276,48,0,48,324
02/28/2002,SRQ,FL,ASO,ES,Combined TRACON& Tower with Radar,30,29,112,0,171,0,13,309,0,322,30,42,421,0,493,198,0,198,691
03/01/2002,SRQ,FL,ASO,ES,Combined TRACON& Tower with Radar,28,35,95,0,158,0,13,230,0,243,28,48,325,0,401,236,0,236,637
03/02/2002,SRQ,FL,ASO,ES,Combined TRACON& Tower with Radar,17,18,48,0,83,11,1,45,0,57,28,19,93,0,140,16,0,16,156
03/03/2002,SRQ,FL,ASO,ES,Combined TRACON& Tower with Radar,30,32,84,0,146,5,5,113,0,123,35,37,197,0,269,72,0,72,341
03/04/2002,SRQ,FL,ASO,ES,Combined TRACON& Tower with Radar,26,29,76,0,131,4,16,114,0,134,30,45,190,0,265,104,0,104,369
03/05/2002,SRQ,FL,ASO,ES,Combined TRACON& Tower with Radar,26,27,72,0,125,4,13,204,0,221,30,40,276,0,346,118,0,118,464
03/06/2002,SRQ,FL,ASO,ES,Combined TRACON& Tower with Radar,28,37,97,0,162,0,17,183,0,200,28,54,280,0,362,42,0,42,404
03/07/2002,SRQ,FL,ASO,ES,Combined TRACON& Tower with Radar,30,33,86,0,149,2,7,145,0,154,32,40,231,0,303,208,0,208,511
03/08/2002,SRQ,FL,ASO,ES,Combined TRACON& Tower with Radar,33,44,117,0,194,0,0,279,0,279,33,44,396,0,473,64,0,64,537
03/09/2002,SRQ,FL,ASO,ES,Combined TRACON& Tower with Radar,34,38,98,0,170,5,4,297,0,306,39,42,395,0,476,258,0,258,734
03/10/2002,SRQ,FL,ASO,ES,Combined TRACON& Tower with Radar,31,37,105,0,173,0,0,273,0,273,31,37,378,0,446,164,0,164,610
03/11/2002,SRQ,FL,ASO,ES,Combined TRACON& Tower with Radar,27,32,79,0,138,3,15,217,0,235,30,47,296,0,373,56,0,56,429
03/12/2002,SRQ,FL,ASO,ES,Combined TRACON& Tower with Radar,29,36,94,0,159,0,16,165,0,181,29,52,259,0,340,68,0,68,408
03/13/2002,SRQ,FL,ASO,ES,Combined TRACON& Tower with Radar,27,40,101,0,168,0,2,180,0,182,27,42,281,0,350,72,0,72,422
03/14/2002,SRQ,FL,ASO,ES,Combined TRACON& Tower with Radar,31,36,91,0,158,4,10,295,0,309,35,46,386,0,467,246,0,246,713
03/15/2002,SRQ,FL,ASO,ES,Combined TRACON& Tower with Radar,31,44,111,0,186,0,7,341,0,348,31,51,452,0,534,272,0,272,806
03/16/2002,SRQ,FL,ASO,ES,Combined TRACON& Tower with Radar,28,28,82,0,138,5,0,278,0,283,33,28,360,0,421,245,0,245,666
03/17/2002,SRQ,FL,ASO,ES,Combined TRACON& Tower with Radar,30,33,90,0,153,1,0,214,0,215,31,33,304,0,368,252,0,252,620
03/18/2002,SRQ,FL,ASO,ES,Combined TRACON& Tower with Radar,26,30,77,0,133,6,12,179,0,197,32,42,256,0,330,74,0,74,404
03/19/2002,SRQ,FL,ASO,ES,Combined TRACON& Tower with Radar,29,33,84,0,146,1,14,154,0,169,30,47,238,0,315,76,0,76,391
03/20/2002,SRQ,FL,ASO,ES,Combined TRACON& Tower with Radar,27,32,79,0,138,4,6,189,0,199,31,38,268,0,337,82,0,82,419
03/21/2002,SRQ,FL,ASO,ES,Combined TRACON& Tower with Radar,29,38,95,0,162,0,5,146,0,151,29,43,241,0,313,94,0,94,407
03/22/2002,SRQ,FL,ASO,ES,Combined TRACON& Tower with Radar,36,42,106,0,184,0,86,215,0,301,36,128,321,0,485,122,0,122,607
03/23/2002,SRQ,FL,ASO,ES,Combined TRACON& Tower with Radar,33,43,109,0,185,0,0,238,0,238,33,43,347,0,423,146,0,146,569
03/24/2002,SRQ,FL,ASO,ES,Combined TRACON& Tower with Radar,29,34,85,0,148,0,7,213,0,220,29,41,298,0,368,60,0,60,428
03/25/2002,SRQ,FL,ASO,ES,Combined TRACON& Tower with Radar,30,34,88,0,152,2,10,160,0,172,32,44,248,0,324,90,0,90,414
03/26/2002,SRQ,FL,ASO,ES,Combined TRACON& Tower with Radar,29,33,86,0,148,0,18,278,0,296,29,51,364,0,444,98,0,98,542
03/27/2002,SRQ,FL,ASO,ES,Combined TRACON& Tower with Radar,36,45,128,0,209,0,0,247,0,247,36,45,375,0,456,202,0,202,658
03/28/2002,SRQ,FL,ASO,ES,Combined TRACON& Tower with Radar,32,41,105,0,178,0,15,350,0,365,32,56,455,0,543,202,0,202,745
03/29/2002,SRQ,FL,ASO,ES,Combined TRACON& Tower with Radar,28,46,118,0,192,0,13,343,0,356,28,59,461,0,548,132,0,132,680
03/30/2002,SRQ,FL,ASO,ES,Combined TRACON& Tower with Radar,25,25,73,0,123,5,0,254,0,259,30,25,327,0,382,122,0,122,504
03/31/2002,SRQ,FL,ASO,ES,Combined TRACON& Tower with Radar,24,1,72,0,97,8,0,132,0,140,32,1,204,0,237,36,0,36,273
04/01/2002,SRQ,FL,ASO,ES,Combined TRACON& Tower with Radar,29,47,122,2,200,0,0,228,1,229,29,47,350,3,429,70,0,70,499
04/02/2002,SRQ,FL,ASO,ES,Combined TRACON& Tower with Radar,26,34,86,0,146,0,16,199,0,215,26,50,285,0,361,138,0,138,499
04/03/2002,SRQ,FL,ASO,ES,Combined TRACON& Tower with Radar,24,29,71,1,125,5,16,110,4,135,29,45,181,5,260,92,0,92,352
04/04/2002,SRQ,FL,ASO,ES,Combined TRACON& Tower with Radar,31,39,95,0,165,0,3,310,0,313,31,42,405,0,478,134,0,134,612
04/05/2002,SRQ,FL,ASO,ES,Combined TRACON& Tower with Radar,28,52,127,3,210,0,5,343,0,348,28,57,470,3,558,158,22,180,738
04/06/2002,SRQ,FL,ASO,ES,Combined TRACON& Tower with Radar,30,37,101,2,170,0,0,341,15,356,30,37,442,17,526,168,0,168,694
04/07/2002,SRQ,FL,ASO,ES,Combined TRACON& Tower with Radar,31,37,92,2,162,0,11,174,6,191,31,48,266,8,353,30,0,30,383
04/08/2002,SRQ,FL,ASO,ES,Combined TRACON& Tower with Radar,30,37,91,1,159,0,2,143,0,145,30,39,234,1,304,22,0,22,326
04/09/2002,SRQ,FL,ASO,ES,Combined TRACON& Tower with Radar,25,30,74,1,130,0,10,200,24,234,25,40,274,25,364,121,0,121,485
04/10/2002,SRQ,FL,ASO,ES,Combined TRACON& Tower with Radar,28,34,83,0,145,0,18,225,0,243,28,52,308,0,388,94,0,94,482
04/11/2002,SRQ,FL,ASO,ES,Combined TRACON& Tower with Radar,28,36,89,3,156,0,16,167,5,188,28,52,256,8,344,40,2,42,386
04/12/2002,SRQ,FL,ASO,ES,Combined TRACON& Tower with Radar,29,37,92,3,161,0,0,147,3,150,29,37,239,6,311,50,0,50,361
04/13/2002,SRQ,FL,ASO,ES,Combined TRACON& Tower with Radar,22,23,67,0,112,9,0,124,0,133,31,23,191,0,245,96,0,96,341
04/14/2002,SRQ,FL,ASO,ES,Combined TRACON& Tower with Radar,31,37,95,3,166,0,0,188,3,191,31,37,283,6,357,216,0,216,573
04/15/2002,SRQ,FL,ASO,ES,Combined TRACON& Tower with Radar,27,34,81,0,142,2,15,160,0,177,29,49,241,0,319,70,0,70,389
04/16/2002,SRQ,FL,ASO,ES,Combined TRACON& Tower with Radar,24,34,81,2,141,0,3,199,6,208,24,37,280,8,349,96,0,96,445
04/17/2002,SRQ,FL,ASO,ES,Combined TRACON& Tower with Radar,26,32,77,2,137,2,20,158,22,202,28,52,235,24,339,144,12,156,495
04/18/2002,SRQ,FL,ASO,ES,Combined TRACON& Tower with Radar,27,33,79,2,141,4,8,265,4,281,31,41,344,6,422,40,0,40,462
04/19/2002,SRQ,FL,ASO,ES,Combined TRACON& Tower with Radar,31,40,94,0,165,0,2,300,0,302,31,42,394,0,467,132,0,132,599
04/20/2002,SRQ,FL,ASO,ES,Combined TRACON& Tower with Radar,22,28,66,0,116,9,2,243,0,254,31,30,309,0,370,164,0,164,534
04/21/2002,SRQ,FL,ASO,ES,Combined TRACON& Tower with Radar,29,35,86,3,153,2,0,254,5,261,31,35,340,8,414,220,0,220,634
04/22/2002,SRQ,FL,ASO,ES,Combined TRACON& Tower with Radar,24,30,71,0,125,5,16,176,0,197,29,46,247,0,322,128,0,128,450
04/23/2002,SRQ,FL,ASO,ES,Combined TRACON& Tower with Radar,25,30,72,2,129,0,12,172,1,185,25,42,244,3,314,150,0,150,464
04/24/2002,SRQ,FL,ASO,ES,Combined TRACON& Tower with Radar,28,34,83,1,146,2,10,264,0,276,30,44,347,1,422,108,0,108,530
04/25/2002,SRQ,FL,ASO,ES,Combined TRACON& Tower with Radar,32,42,100,3,177,0,1,339,0,340,32,43,439,3,517,138,0,138,655
04/26/2002,SRQ,FL,ASO,ES,Combined TRACON& Tower with Radar,32,47,114,0,193,0,0,283,0,283,32,47,397,0,476,168,0,168,644
04/27/2002,SRQ,FL,ASO,ES,Combined TRACON& Tower with Radar,22,19,65,0,106,12,0,215,0,227,34,19,280,0,333,182,0,182,515
04/28/2002,SRQ,FL,ASO,ES,Combined TRACON& Tower with Radar,26,33,78,1,138,8,6,144,1,159,34,39,222,2,297,210,0,210,507
04/29/2002,SRQ,FL,ASO,ES,Combined TRACON& Tower with Radar,27,33,81,0,141,0,5,168,0,173,27,38,249,0,314,128,0,128,442
04/30/2002,SRQ,FL,ASO,ES,Combined TRACON& Tower with Radar,24,31,75,1,131,0,11,225,2,238,24,42,300,3,369,84,3,87,456
05/01/2002,SRQ,FL,ASO,ES,Combined TRACON& Tower with Radar,19,25,68,2,114,4,8,317,5,334,23,33,385,7,448,168,36,204,652
05/02/2002,SRQ,FL,ASO,ES,Combined TRACON& Tower with Radar,22,38,97,0,157,0,3,236,0,239,22,41,333,0,396,166,0,166,562
05/03/2002,SRQ,FL,ASO,ES,Combined TRACON& Tower with Radar,19,27,71,2,119,2,15,198,0,215,21,42,269,2,334,140,0,140,474
05/04/2002,SRQ,FL,ASO,ES,Combined TRACON& Tower with Radar,14,18,49,0,81,8,2,168,0,178,22,20,217,0,259,132,0,132,391
05/05/2002,SRQ,FL,ASO,ES,Combined TRACON& Tower with Radar,19,27,71,0,117,6,1,183,0,190,25,28,254,0,307,64,0,64,371
05/06/2002,SRQ,FL,ASO,ES,Combined TRACON& Tower with Radar,21,35,91,2,149,0,4,133,0,137,21,39,224,2,286,66,2,68,354
05/07/2002,SRQ,FL,ASO,ES,Combined TRACON& Tower with Radar,19,32,84,0,135,0,1,190,0,191,19,33,274,0,326,218,0,218,544
05/08/2002,SRQ,FL,ASO,ES,Combined TRACON& Tower with Radar,20,28,74,2,124,4,4,231,0,239,24,32,305,2,363,148,0,148,511
05/09/2002,SRQ,FL,ASO,ES,Combined TRACON& Tower with Radar,21,37,93,0,151,0,4,262,0,266,21,41,355,0,417,150,0,150,567
05/10/2002,SRQ,FL,ASO,ES,Combined TRACON& Tower with Radar,21,36,91,0,148,0,2,260,0,262,21,38,351,0,410,86,0,86,496
05/11/2002,SRQ,FL,ASO,ES,Combined TRACON& Tower with Radar,17,25,63,2,107,4,1,202,0,207,21,26,265,2,314,150,0,150,464
05/12/2002,SRQ,FL,ASO,ES,Combined TRACON& Tower with Radar,18,28,69,2,117,4,1,129,0,134,22,29,198,2,251,72,0,72,323
05/13/2002,SRQ,FL,ASO,ES,Combined TRACON& Tower with Radar,18,28,70,0,116,3,9,166,0,178,21,37,236,0,294,106,0,106,400
05/14/2002,SRQ,FL,ASO,ES,Combined TRACON& Tower with Radar,17,33,83,3,136,0,4,158,1,163,17,37,241,4,299,86,8,94,393
05/15/2002,SRQ,FL,ASO,ES,Combined TRACON& Tower with Radar,19,33,83,2,137,0,8,192,0,200,19,41,275,2,337,74,2,76,413
05/16/2002,SRQ,FL,ASO,ES,Combined TRACON& Tower with Radar,18,29,74,0,121,0,8,181,0,189,18,37,255,0,310,102,0,102,412
05/17/2002,SRQ,FL,ASO,ES,Combined TRACON& Tower with Radar,21,32,82,3,138,0,9,178,10,197,21,41,260,13,335,134,0,134,469
05/18/2002,SRQ,FL,ASO,ES,Combined TRACON& Tower with Radar,18,23,69,3,113,5,0,57,0,62,23,23,126,3,175,64,0,64,239
05/19/2002,SRQ,FL,ASO,ES,Combined TRACON& Tower with Radar,14,21,52,1,88,6,11,141,0,158,20,32,193,1,246,124,0,124,370
05/20/2002,SRQ,FL,ASO,ES,Combined TRACON& Tower with Radar,19,34,93,3,149,0,0,292,1,293,19,34,385,4,442,164,2,166,608
05/21/2002,SRQ,FL,ASO,ES,Combined TRACON& Tower with Radar,21,34,84,3,142,0,12,147,12,171,21,46,231,15,313,60,0,60,373
05/22/2002,SRQ,FL,ASO,ES,Combined TRACON& Tower with Radar,19,35,87,3,144,0,1,220,10,231,19,36,307,13,375,212,0,212,587
05/23/2002,SRQ,FL,ASO,ES,Combined TRACON& Tower with Radar,21,33,90,0,144,0,0,275,0,275,21,33,365,0,419,48,0,48,467
05/24/2002,SRQ,FL,ASO,ES,Combined TRACON& Tower with Radar,22,37,93,0,152,0,2,214,0,216,22,39,307,0,368,138,0,138,506
05/25/2002,SRQ,FL,ASO,ES,Combined TRACON& Tower with Radar,15,21,57,0,93,6,0,166,0,172,21,21,223,0,265,127,0,127,392
05/26/2002,SRQ,FL,ASO,ES,Combined TRACON& Tower with Radar,15,23,58,0,96,6,1,110,0,117,21,24,168,0,213,132,0,132,345
05/27/2002,SRQ,FL,ASO,ES,Combined TRACON& Tower with Radar,20,31,78,0,129,0,12,136,0,148,20,43,214,0,277,146,0,146,423
05/28/2002,SRQ,FL,ASO,ES,Combined TRACON& Tower with Radar,17,29,75,2,123,0,17,242,2,261,17,46,317,4,384,152,0,152,536
05/29/2002,SRQ,FL,ASO,ES,Combined TRACON& Tower with Radar,22,36,91,0,149,0,2,204,0,206,22,38,295,0,355,142,0,142,497
05/30/2002,SRQ,FL,ASO,ES,Combined TRACON& Tower with Radar,19,31,82,2,134,0,0,179,17,196,19,31,261,19,330,126,6,132,462
05/31/2002,SRQ,FL,ASO,ES,Combined TRACON& Tower with Radar,20,31,78,0,129,4,12,204,0,220,24,43,282,0,349,96,0,96,445
06/01/2002,SRQ,FL,ASO,ES,Combined TRACON& Tower with Radar,21,28,72,0,121,0,0,144,0,144,21,28,216,0,265,48,0,48,313
06/02/2002,SRQ,FL,ASO,ES,Combined TRACON& Tower with Radar,21,24,61,0,106,1,6,154,0,161,22,30,215,0,267,138,0,138,405
06/03/2002,SRQ,FL,ASO,ES,Combined TRACON& Tower with Radar,21,24,61,0,106,2,11,156,6,175,23,35,217,6,281,90,0,90,371
06/04/2002,SRQ,FL,ASO,ES,Combined TRACON& Tower with Radar,16,21,52,0,89,0,7,233,0,240,16,28,285,0,329,114,0,114,443
06/05/2002,SRQ,FL,ASO,ES,Combined TRACON& Tower with Radar,20,28,69,0,117,0,2,210,3,215,20,30,279,3,332,205,4,209,541
06/06/2002,SRQ,FL,ASO,ES,Combined TRACON& Tower with Radar,19,31,77,0,127,0,3,201,0,204,19,34,278,0,331,179,0,179,510
06/07/2002,SRQ,FL,ASO,ES,Combined TRACON& Tower with Radar,18,22,55,0,95,6,12,180,1,199,24,34,235,1,294,150,0,150,444
06/08/2002,SRQ,FL,ASO,ES,Combined TRACON& Tower with Radar,19,22,56,0,97,4,1,136,0,141,23,23,192,0,238,18,0,18,256
06/09/2002,SRQ,FL,ASO,ES,Combined TRACON& Tower with Radar,20,25,62,0,107,1,14,132,0,147,21,39,194,0,254,66,0,66,320
06/10/2002,SRQ,FL,ASO,ES,Combined TRACON& Tower with Radar,20,25,62,0,107,0,8,135,0,143,20,33,197,0,250,132,0,132,382
06/11/2002,SRQ,FL,ASO,ES,Combined TRACON& Tower with Radar,17,23,59,0,99,0,4,192,0,196,17,27,251,0,295,80,0,80,375
06/12/2002,SRQ,FL,ASO,ES,Combined TRACON& Tower with Radar,20,27,68,0,115,0,6,205,0,211,20,33,273,0,326,188,0,188,514
06/13/2002,SRQ,FL,ASO,ES,Combined TRACON& Tower with Radar,20,25,59,1,105,1,4,122,7,134,21,29,181,8,239,214,1,215,454
06/14/2002,SRQ,FL,ASO,ES,Combined TRACON& Tower with Radar,22,32,84,0,138,0,0,173,0,173,22,32,257,0,311,52,0,52,363
06/15/2002,SRQ,FL,ASO,ES,Combined TRACON& Tower with Radar,20,27,67,0,114,0,0,104,0,104,20,27,171,0,218,212,0,212,430
06/16/2002,SRQ,FL,ASO,ES,Combined TRACON& Tower with Radar,19,17,55,0,91,4,0,103,0,107,23,17,158,0,198,72,0,72,270
06/17/2002,SRQ,FL,ASO,ES,Combined TRACON& Tower with Radar,19,26,63,0,108,0,9,110,0,119,19,35,173,0,227,177,0,177,404
06/18/2002,SRQ,FL,ASO,ES,Combined TRACON& Tower with Radar,22,29,69,0,120,0,6,67,0,73,22,35,136,0,193,70,0,70,263
06/19/2002,SRQ,FL,ASO,ES,Combined TRACON& Tower with Radar,17,22,52,1,92,1,0,138,1,140,18,22,190,2,232,78,0,78,310
06/20/2002,SRQ,FL,ASO,ES,Combined TRACON& Tower with Radar,22,29,69,1,121,0,2,93,3,98,22,31,162,4,219,120,0,120,339
06/21/2002,SRQ,FL,ASO,ES,Combined TRACON& Tower with Radar,20,26,63,0,109,0,19,80,0,99,20,45,143,0,208,132,0,132,340
06/22/2002,SRQ,FL,ASO,ES,Combined TRACON& Tower with Radar,14,19,44,0,77,9,5,73,0,87,23,24,117,0,164,30,0,30,194
06/23/2002,SRQ,FL,ASO,ES,Combined TRACON& Tower with Radar,17,22,51,0,90,4,5,115,0,124,21,27,166,0,214,110,0,110,324
06/24/2002,SRQ,FL,ASO,ES,Combined TRACON& Tower with Radar,25,34,81,1,141,0,3,158,5,166,25,37,239,6,307,164,0,164,471
06/25/2002,SRQ,FL,ASO,ES,Combined TRACON& Tower with Radar,16,27,65,1,109,0,3,223,3,229,16,30,288,4,338,96,0,96,434
06/26/2002,SRQ,FL,ASO,ES,Combined TRACON& Tower with Radar,18,23,55,0,96,4,7,137,0,148,22,30,192,0,244,126,0,126,370
06/27/2002,SRQ,FL,ASO,ES,Combined TRACON& Tower with Radar,19,27,65,0,111,0,1,155,0,156,19,28,220,0,267,164,0,164,431
06/28/2002,SRQ,FL,ASO,ES,Combined TRACON& Tower with Radar,21,24,64,0,109,2,0,191,0,193,23,24,255,0,302,92,0,92,394
06/29/2002,SRQ,FL,ASO,ES,Combined TRACON& Tower with Radar,19,26,69,0,114,0,0,157,1,158,19,26,226,1,272,84,0,84,356
06/30/2002,SRQ,FL,ASO,ES,Combined TRACON& Tower with Radar,14,18,44,0,76,7,1,75,0,83,21,19,119,0,159,40,0,40,199
07/01/2002,SRQ,FL,ASO,ES,Combined TRACON& Tower with Radar,16,28,69,1,114,0,5,216,1,222,16,33,285,2,336,128,0,128,464
07/02/2002,SRQ,FL,ASO,ES,Combined TRACON& Tower with Radar,19,26,64,1,110,0,4,166,10,180,19,30,230,11,290,106,32,138,428
07/03/2002,SRQ,FL,ASO,ES,Combined TRACON& Tower with Radar,21,30,80,1,132,0,0,161,3,164,21,30,241,4,296,150,0,150,446
07/04/2002,SRQ,FL,ASO,ES,Combined TRACON& Tower with Radar,18,21,52,0,91,0,1,168,0,169,18,22,220,0,260,112,0,112,372
07/05/2002,SRQ,FL,ASO,ES,Combined TRACON& Tower with Radar,17,25,63,1,106,0,6,123,1,130,17,31,186,2,236,164,0,164,400
07/06/2002,SRQ,FL,ASO,ES,Combined TRACON& Tower with Radar,18,21,53,0,92,7,0,184,0,191,25,21,237,0,283,96,0,96,379
07/07/2002,SRQ,FL,ASO,ES,Combined TRACON& Tower with Radar,23,28,69,0,120,0,15,193,0,208,23,43,262,0,328,76,0,76,404
07/08/2002,SRQ,FL,ASO,ES,Combined TRACON& Tower with Radar,19,24,55,0,98,5,6,140,0,151,24,30,195,0,249,84,0,84,333
07/09/2002,SRQ,FL,ASO,ES,Combined TRACON& Tower with Radar,21,30,70,0,121,0,0,245,0,245,21,30,315,0,366,94,0,94,460
07/10/2002,SRQ,FL,ASO,ES,Combined TRACON& Tower with Radar,26,34,81,1,142,0,0,216,2,218,26,34,297,3,360,126,0,126,486
07/11/2002,SRQ,FL,ASO,ES,Combined TRACON& Tower with Radar,21,26,61,0,108,0,7,74,0,81,21,33,135,0,189,64,0,64,253
07/12/2002,SRQ,FL,ASO,ES,Combined TRACON& Tower with Radar,23,29,68,0,120,1,2,85,0,88,24,31,153,0,208,120,0,120,328
07/13/2002,SRQ,FL,ASO,ES,Combined TRACON& Tower with Radar,15,20,45,0,80,6,14,26,0,46,21,34,71,0,126,8,0,8,134
07/14/2002,SRQ,FL,ASO,ES,Combined TRACON& Tower with Radar,18,18,54,2,92,7,0,161,0,168,25,18,215,2,260,100,0,100,360
07/15/2002,SRQ,FL,ASO,ES,Combined TRACON& Tower with Radar,25,30,81,2,138,0,0,248,20,268,25,30,329,22,406,94,0,94,500
07/16/2002,SRQ,FL,ASO,ES,Combined TRACON& Tower with Radar,17,24,66,2,109,0,0,216,0,216,17,24,282,2,325,162,0,162,487
07/17/2002,SRQ,FL,ASO,ES,Combined TRACON& Tower with Radar,21,28,66,2,117,1,4,186,1,192,22,32,252,3,309,172,0,172,481
07/18/2002,SRQ,FL,ASO,ES,Combined TRACON& Tower with Radar,20,27,62,0,109,5,12,95,0,112,25,39,157,0,221,22,0,22,243
07/19/2002,SRQ,FL,ASO,ES,Combined TRACON& Tower with Radar,18,26,59,0,103,0,4,154,0,158,18,30,213,0,261,90,0,90,351
07/20/2002,SRQ,FL,ASO,ES,Combined TRACON& Tower with Radar,18,22,54,0,94,4,9,144,0,157,22,31,198,0,251,150,0,150,401
07/21/2002,SRQ,FL,ASO,ES,Combined TRACON& Tower with Radar,15,19,45,0,79,5,8,102,0,115,20,27,147,0,194,54,0,54,248
07/22/2002,SRQ,FL,ASO,ES,Combined TRACON& Tower with Radar,17,22,54,0,93,0,12,157,0,169,17,34,211,0,262,44,0,44,306
07/23/2002,SRQ,FL,ASO,ES,Combined TRACON& Tower with Radar,14,21,48,0,83,0,5,229,0,234,14,26,277,0,317,198,0,198,515
07/24/2002,SRQ,FL,ASO,ES,Combined TRACON& Tower with Radar,20,25,62,1,108,1,5,270,8,284,21,30,332,9,392,84,0,84,476
07/25/2002,SRQ,FL,ASO,ES,Combined TRACON& Tower with Radar,18,24,59,0,101,0,0,148,0,148,18,24,207,0,249,138,0,138,387
07/26/2002,SRQ,FL,ASO,ES,Combined TRACON& Tower with Radar,20,29,70,1,120,0,7,236,1,244,20,36,306,2,364,96,0,96,460
07/27/2002,SRQ,FL,ASO,ES,Combined TRACON& Tower with Radar,15,16,46,0,77,4,0,208,4,216,19,16,254,4,293,120,0,120,413
07/28/2002,SRQ,FL,ASO,ES,Combined TRACON& Tower with Radar,19,20,60,0,99,2,0,145,0,147,21,20,205,0,246,42,0,42,288
07/29/2002,SRQ,FL,ASO,ES,Combined TRACON& Tower with Radar,22,28,68,0,118,0,11,120,0,131,22,39,188,0,249,50,4,54,303
07/30/2002,SRQ,FL,ASO,ES,Combined TRACON& Tower with Radar,17,30,71,1,119,0,2,205,3,210,17,32,276,4,329,140,10,150,479
07/31/2002,SRQ,FL,ASO,ES,Combined TRACON& Tower with Radar,24,30,72,1,127,0,0,202,5,207,24,30,274,6,334,106,2,108,442
08/01/2002,SRQ,FL,ASO,ES,Combined TRACON& Tower with Radar,18,23,62,0,103,0,7,164,0,171,18,30,226,0,274,74,0,74,348
08/02/2002,SRQ,FL,ASO,ES,Combined TRACON& Tower with Radar,20,25,68,0,113,1,6,85,0,92,21,31,153,0,205,136,0,136,341
08/03/2002,SRQ,FL,ASO,ES,Combined TRACON& Tower with Radar,18,22,58,0,98,3,6,92,0,101,21,28,150,0,199,40,0,40,239
08/04/2002,SRQ,FL,ASO,ES,Combined TRACON& Tower with Radar,20,21,68,0,109,3,0,148,0,151,23,21,216,0,260,80,0,80,340
08/05/2002,SRQ,FL,ASO,ES,Combined TRACON& Tower with Radar,21,34,90,0,145,0,0,269,0,269,21,34,359,0,414,164,0,164,578
08/06/2002,SRQ,FL,ASO,ES,Combined TRACON& Tower with Radar,16,27,75,2,120,0,0,222,1,223,16,27,297,3,343,76,22,98,441
08/07/2002,SRQ,FL,ASO,ES,Combined TRACON& Tower with Radar,23,29,76,0,128,0,5,96,0,101,23,34,172,0,229,70,0,70,299
08/08/2002,SRQ,FL,ASO,ES,Combined TRACON& Tower with Radar,17,32,90,0,139,0,0,196,0,196,17,32,286,0,335,78,30,108,443
08/09/2002,SRQ,FL,ASO,ES,Combined TRACON& Tower with Radar,19,29,76,2,126,0,2,185,8,195,19,31,261,10,321,114,4,118,439
08/10/2002,SRQ,FL,ASO,ES,Combined TRACON& Tower with Radar,15,19,51,0,85,2,4,142,0,148,17,23,193,0,233,74,0,74,307
08/11/2002,SRQ,FL,ASO,ES,Combined TRACON& Tower with Radar,20,26,81,2,129,0,0,111,6,117,20,26,192,8,246,26,0,26,272
08/12/2002,SRQ,FL,ASO,ES,Combined TRACON& Tower with Radar,20,27,68,2,117,1,8,75,1,85,21,35,143,3,202,98,0,98,300
08/13/2002,SRQ,FL,ASO,ES,Combined TRACON& Tower with Radar,17,27,67,3,114,0,20,124,4,148,17,47,191,7,262,90,10,100,362
08/14/2002,SRQ,FL,ASO,ES,Combined TRACON& Tower with Radar,18,24,63,0,105,2,14,145,0,161,20,38,208,0,266,48,0,48,314
08/15/2002,SRQ,FL,ASO,ES,Combined TRACON& Tower with Radar,15,31,81,0,127,0,0,226,0,226,15,31,307,0,353,68,0,68,421
08/16/2002,SRQ,FL,ASO,ES,Combined TRACON& Tower with Radar,19,25,66,1,111,3,5,128,0,136,22,30,194,1,247,42,0,42,289
08/17/2002,SRQ,FL,ASO,ES,Combined TRACON& Tower with Radar,15,19,52,2,88,5,0,160,5,170,20,19,212,7,258,108,6,114,372
08/18/2002,SRQ,FL,ASO,ES,Combined TRACON& Tower with Radar,18,24,62,1,105,0,12,164,0,176,18,36,226,1,281,134,0,134,415
08/19/2002,SRQ,FL,ASO,ES,Combined TRACON& Tower with Radar,19,25,67,0,111,0,0,162,0,162,19,25,229,0,273,118,0,118,391
08/20/2002,SRQ,FL,ASO,ES,Combined TRACON& Tower with Radar,17,22,57,0,96,3,3,129,0,135,20,25,186,0,231,30,0,30,261
08/21/2002,SRQ,FL,ASO,ES,Combined TRACON& Tower with Radar,18,33,83,3,137,0,8,203,11,222,18,41,286,14,359,74,0,74,433
08/22/2002,SRQ,FL,ASO,ES,Combined TRACON& Tower with Radar,14,25,63,0,102,0,8,154,0,162,14,33,217,0,264,90,0,90,354
08/23/2002,SRQ,FL,ASO,ES,Combined TRACON& Tower with Radar,17,24,60,2,103,0,2,156,0,158,17,26,216,2,261,72,0,72,333
08/24/2002,SRQ,FL,ASO,ES,Combined TRACON& Tower with Radar,17,18,59,0,94,3,0,279,0,282,20,18,338,0,376,58,0,58,434
08/25/2002,SRQ,FL,ASO,ES,Combined TRACON& Tower with Radar,21,22,72,2,117,2,0,112,6,120,23,22,184,8,237,52,0,52,289
08/26/2002,SRQ,FL,ASO,ES,Combined TRACON& Tower with Radar,18,25,65,2,110,5,3,162,11,181,23,28,227,13,291,74,4,78,369
08/27/2002,SRQ,FL,ASO,ES,Combined TRACON& Tower with Radar,17,24,61,2,104,2,7,68,2,79,19,31,129,4,183,74,0,74,257
08/28/2002,SRQ,FL,ASO,ES,Combined TRACON& Tower with Radar,20,26,71,2,119,7,0,36,12,55,27,26,107,14,174,8,0,8,182
08/29/2002,SRQ,FL,ASO,ES,Combined TRACON& Tower with Radar,18,30,77,0,125,0,5,162,0,167,18,35,239,0,292,20,0,20,312
08/30/2002,SRQ,FL,ASO,ES,Combined TRACON& Tower with Radar,20,28,72,0,120,7,0,123,0,130,27,28,195,0,250,30,0,30,280
08/31/2002,SRQ,FL,ASO,ES,Combined TRACON& Tower with Radar,10,15,38,0,63,8,6,114,0,128,18,21,152,0,191,100,0,100,291
09/01/2002,SRQ,FL,ASO,ES,Combined TRACON& Tower with Radar,12,17,40,0,69,0,4,95,0,99,12,21,135,0,168,26,0,26,194
09/02/2002,SRQ,FL,ASO,ES,Combined TRACON& Tower with Radar,19,22,53,0,94,1,5,137,0,143,20,27,190,0,237,100,0,100,337
09/03/2002,SRQ,FL,ASO,ES,Combined TRACON& Tower with Radar,19,24,56,2,101,0,2,165,8,175,19,26,221,10,276,162,8,170,446
09/04/2002,SRQ,FL,ASO,ES,Combined TRACON& Tower with Radar,18,25,58,2,103,0,1,162,8,171,18,26,220,10,274,162,8,170,444
09/05/2002,SRQ,FL,ASO,ES,Combined TRACON& Tower with Radar,16,20,46,0,82,0,16,92,0,108,16,36,138,0,190,84,0,84,274
09/06/2002,SRQ,FL,ASO,ES,Combined TRACON& Tower with Radar,18,22,52,0,92,2,7,138,0,147,20,29,190,0,239,90,0,90,329
09/07/2002,SRQ,FL,ASO,ES,Combined TRACON& Tower with Radar,19,23,55,0,97,2,4,110,0,116,21,27,165,0,213,138,2,140,353
09/08/2002,SRQ,FL,ASO,ES,Combined TRACON& Tower with Radar,19,24,56,2,101,3,0,137,0,140,22,24,193,2,241,54,0,54,295
09/09/2002,SRQ,FL,ASO,ES,Combined TRACON& Tower with Radar,21,27,67,2,117,0,0,158,28,186,21,27,225,30,303,75,0,75,378
09/10/2002,SRQ,FL,ASO,ES,Combined TRACON& Tower with Radar,14,24,53,0,91,0,1,237,0,238,14,25,290,0,329,122,0,122,451
09/11/2002,SRQ,FL,ASO,ES,Combined TRACON& Tower with Radar,18,25,56,0,99,0,1,48,0,49,18,26,104,0,148,40,0,40,188
09/12/2002,SRQ,FL,ASO,ES,Combined TRACON& Tower with Radar,13,26,56,0,95,0,3,57,0,60,13,29,113,0,155,52,0,52,207
09/13/2002,SRQ,FL,ASO,ES,Combined TRACON& Tower with Radar,12,17,37,0,66,6,6,173,0,185,18,23,210,0,251,84,0,84,335
09/14/2002,SRQ,FL,ASO,ES,Combined TRACON& Tower with Radar,16,21,47,0,84,1,1,100,0,102,17,22,147,0,186,112,0,112,298
09/15/2002,SRQ,FL,ASO,ES,Combined TRACON& Tower with Radar,17,22,50,0,89,3,8,145,0,156,20,30,195,0,245,186,0,186,431
09/16/2002,SRQ,FL,ASO,ES,Combined TRACON& Tower with Radar,16,21,48,2,87,4,4,185,0,193,20,25,233,2,280,146,10,156,436
09/17/2002,SRQ,FL,ASO,ES,Combined TRACON& Tower with Radar,17,23,51,1,92,2,6,162,0,170,19,29,213,1,262,202,0,202,464
09/18/2002,SRQ,FL,ASO,ES,Combined TRACON& Tower with Radar,19,28,61,3,111,0,10,281,1,292,19,38,342,4,403,152,0,152,555
09/19/2002,SRQ,FL,ASO,ES,Combined TRACON& Tower with Radar,15,28,62,3,108,0,5,216,1,222,15,33,278,4,330,146,4,150,480
09/20/2002,SRQ,FL,ASO,ES,Combined TRACON& Tower with Radar,17,18,51,3,89,2,0,186,1,189,19,18,237,4,278,136,2,138,416
09/21/2002,SRQ,FL,ASO,ES,Combined TRACON& Tower with Radar,20,29,63,3,115,0,7,190,0,197,20,36,253,3,312,122,0,122,434
09/22/2002,SRQ,FL,ASO,ES,Combined TRACON& Tower with Radar,16,20,44,2,82,4,3,98,1,106,20,23,142,3,188,58,0,58,246
09/23/2002,SRQ,FL,ASO,ES,Combined TRACON& Tower with Radar,15,20,44,0,79,6,12,92,0,110,21,32,136,0,189,64,0,64,253
09/24/2002,SRQ,FL,ASO,ES,Combined TRACON& Tower with Radar,14,22,49,2,87,0,7,115,0,122,14,29,164,2,209,128,0,128,337
09/25/2002,SRQ,FL,ASO,ES,Combined TRACON& Tower with Radar,20,27,61,3,111,0,6,54,2,62,20,33,115,5,173,138,0,138,311
09/26/2002,SRQ,FL,ASO,ES,Combined TRACON& Tower with Radar,16,27,61,2,106,0,5,59,3,67,16,32,120,5,173,42,10,52,225
09/27/2002,SRQ,FL,ASO,ES,Combined TRACON& Tower with Radar,17,20,50,2,89,4,0,167,0,171,21,20,217,2,260,158,0,158,418
09/28/2002,SRQ,FL,ASO,ES,Combined TRACON& Tower with Radar,18,16,53,0,87,0,0,209,0,209,18,16,262,0,296,134,0,134,430
09/29/2002,SRQ,FL,ASO,ES,Combined TRACON& Tower with Radar,19,16,57,2,94,2,0,155,0,157,21,16,212,2,251,64,0,64,315
09/30/2002,SRQ,FL,ASO,ES,Combined TRACON& Tower with Radar,22,29,65,2,118,0,5,71,12,88,22,34,136,14,206,38,6,44,250
10/01/2002,SRQ,FL,ASO,ES,Combined TRACON& Tower with Radar,0,0,0,0,0,0,0,0,0,0,0,0,0,0,0,0,0,0,0
10/02/2002,SRQ,FL,ASO,ES,Combined TRACON& Tower with Radar,19,27,69,3,118,4,3,168,3,178,23,30,237,6,296,144,14,158,454
10/03/2002,SRQ,FL,ASO,ES,Combined TRACON& Tower with Radar,19,26,68,0,113,0,8,157,0,165,19,34,225,0,278,122,0,122,400
10/04/2002,SRQ,FL,ASO,ES,Combined TRACON& Tower with Radar,20,27,69,0,116,2,0,260,0,262,22,27,329,0,378,154,0,154,532
10/05/2002,SRQ,FL,ASO,ES,Combined TRACON& Tower with Radar,15,21,55,2,93,4,2,185,0,191,19,23,240,2,284,122,0,122,406
10/06/2002,SRQ,FL,ASO,ES,Combined TRACON& Tower with Radar,22,29,81,4,136,0,0,193,17,210,22,29,274,21,346,64,0,64,410
10/07/2002,SRQ,FL,ASO,ES,Combined TRACON& Tower with Radar,18,24,63,2,107,3,10,150,0,163,21,34,213,2,270,136,0,136,406
10/08/2002,SRQ,FL,ASO,ES,Combined TRACON& Tower with Radar,15,28,72,3,118,0,4,110,7,121,15,32,182,10,239,48,8,56,295
10/09/2002,SRQ,FL,ASO,ES,Combined TRACON& Tower with Radar,17,24,62,0,103,3,1,191,0,195,20,25,253,0,298,108,0,108,406
10/10/2002,SRQ,FL,ASO,ES,Combined TRACON& Tower with Radar,17,24,62,0,103,1,2,169,0,172,18,26,231,0,275,96,0,96,371
10/11/2002,SRQ,FL,ASO,ES,Combined TRACON& Tower with Radar,21,29,76,2,128,0,12,268,0,280,21,41,344,2,408,108,0,108,516
10/12/2002,SRQ,FL,ASO,ES,Combined TRACON& Tower with Radar,15,20,52,0,87,4,7,126,0,137,19,27,178,0,224,70,0,70,294
10/13/2002,SRQ,FL,ASO,ES,Combined TRACON& Tower with Radar,18,25,63,3,109,1,29,75,3,108,19,54,138,6,217,48,0,48,265
10/14/2002,SRQ,FL,ASO,ES,Combined TRACON& Tower with Radar,17,25,66,0,108,0,5,132,0,137,17,30,198,0,245,30,0,30,275
10/15/2002,SRQ,FL,ASO,ES,Combined TRACON& Tower with Radar,14,20,49,0,83,2,3,56,0,61,16,23,105,0,144,60,0,60,204
10/16/2002,SRQ,FL,ASO,ES,Combined TRACON& Tower with Radar,21,31,76,5,133,0,0,167,5,172,21,31,243,10,305,80,0,80,385
10/17/2002,SRQ,FL,ASO,ES,Combined TRACON& Tower with Radar,17,30,75,5,127,0,8,233,11,252,17,38,308,16,379,158,4,162,541
10/18/2002,SRQ,FL,ASO,ES,Combined TRACON& Tower with Radar,18,27,66,4,115,2,2,218,0,222,20,29,284,4,337,104,4,108,445
10/19/2002,SRQ,FL,ASO,ES,Combined TRACON& Tower with Radar,21,33,101,4,159,0,0,312,0,312,21,33,413,4,471,130,4,134,605
10/20/2002,SRQ,FL,ASO,ES,Combined TRACON& Tower with Radar,20,28,73,4,125,1,0,172,0,173,21,28,245,4,298,54,20,74,372
10/21/2002,SRQ,FL,ASO,ES,Combined TRACON& Tower with Radar,21,31,76,0,128,0,5,176,0,181,21,36,252,0,309,100,0,100,409
10/22/2002,SRQ,FL,ASO,ES,Combined TRACON& Tower with Radar,16,25,83,5,129,0,0,175,15,190,16,25,258,20,319,70,14,84,403
10/23/2002,SRQ,FL,ASO,ES,Combined TRACON& Tower with Radar,20,29,86,2,137,0,0,172,0,172,20,29,258,2,309,84,0,84,393
10/24/2002,SRQ,FL,ASO,ES,Combined TRACON& Tower with Radar,17,30,87,5,139,0,0,241,1,242,17,30,328,6,381,74,16,90,471
10/25/2002,SRQ,FL,ASO,ES,Combined TRACON& Tower with Radar,21,31,91,6,149,0,0,161,8,169,21,31,252,14,318,50,18,68,386
10/26/2002,SRQ,FL,ASO,ES,Combined TRACON& Tower with Radar,16,25,60,2,103,10,8,240,0,258,26,33,300,2,361,98,4,102,463
10/27/2002,SRQ,FL,ASO,ES,Combined TRACON& Tower with Radar,20,32,78,4,134,0,6,166,0,172,20,38,244,4,306,92,0,92,398
10/28/2002,SRQ,FL,ASO,ES,Combined TRACON& Tower with Radar,19,29,71,2,121,3,9,133,0,145,22,38,204,2,266,62,24,86,352
10/29/2002,SRQ,FL,ASO,ES,Combined TRACON& Tower with Radar,14,21,50,3,88,3,0,125,7,135,17,21,175,10,223,110,6,116,339
10/30/2002,SRQ,FL,ASO,ES,Combined TRACON& Tower with Radar,22,32,80,0,134,2,5,112,0,119,24,37,192,0,253,38,0,38,291
10/31/2002,SRQ,FL,ASO,ES,Combined TRACON& Tower with Radar,16,28,69,0,113,0,2,150,0,152,16,30,219,0,265,24,0,24,289
11/01/2002,SRQ,FL,ASO,ES,Combined TRACON& Tower with Radar,25,35,94,2,156,2,0,130,10,142,27,35,224,12,298,24,8,32,330
11/02/2002,SRQ,FL,ASO,ES,Combined TRACON& Tower with Radar,17,24,63,0,104,4,4,254,0,262,21,28,317,0,366,124,0,124,490
11/03/2002,SRQ,FL,ASO,ES,Combined TRACON& Tower with Radar,19,26,70,1,116,5,0,207,0,212,24,26,277,1,328,96,0,96,424
11/04/2002,SRQ,FL,ASO,ES,Combined TRACON& Tower with Radar,17,25,65,1,108,5,8,123,10,146,22,33,188,11,254,54,14,68,322
11/05/2002,SRQ,FL,ASO,ES,Combined TRACON& Tower with Radar,19,27,71,1,118,0,6,150,3,159,19,33,221,4,277,56,0,56,333
11/06/2002,SRQ,FL,ASO,ES,Combined TRACON& Tower with Radar,22,25,94,2,143,0,0,141,9,150,22,25,235,11,293,56,23,79,372
11/07/2002,SRQ,FL,ASO,ES,Combined TRACON& Tower with Radar,18,37,97,2,154,0,0,263,4,267,18,37,360,6,421,86,2,88,509
11/08/2002,SRQ,FL,ASO,ES,Combined TRACON& Tower with Radar,19,37,96,0,152,0,12,223,0,235,19,49,319,0,387,0,0,0,387
11/09/2002,SRQ,FL,ASO,ES,Combined TRACON& Tower with Radar,20,29,77,0,126,0,3,192,0,195,20,32,269,0,321,114,0,114,435
11/10/2002,SRQ,FL,ASO,ES,Combined TRACON& Tower with Radar,17,26,64,1,108,3,9,147,1,160,20,35,211,2,268,16,0,16,284
11/11/2002,SRQ,FL,ASO,ES,Combined TRACON& Tower with Radar,14,23,57,2,96,7,3,113,2,125,21,26,170,4,221,120,6,126,347
11/12/2002,SRQ,FL,ASO,ES,Combined TRACON& Tower with Radar,16,26,64,0,106,0,4,115,0,119,16,30,179,0,225,70,0,70,295
11/13/2002,SRQ,FL,ASO,ES,Combined TRACON& Tower with Radar,22,36,88,0,146,1,3,164,0,168,23,39,252,0,314,50,0,50,364
11/14/2002,SRQ,FL,ASO,ES,Combined TRACON& Tower with Radar,18,33,102,3,156,0,0,200,1,201,18,33,302,4,357,51,0,51,408
11/15/2002,SRQ,FL,ASO,ES,Combined TRACON& Tower with Radar,21,34,84,3,142,0,8,164,1,173,21,42,248,4,315,62,0,62,377
11/16/2002,SRQ,FL,ASO,ES,Combined TRACON& Tower with Radar,9,12,33,0,54,7,0,0,0,7,16,12,33,0,61,0,0,0,61
11/17/2002,SRQ,FL,ASO,ES,Combined TRACON& Tower with Radar,18,28,70,2,118,2,12,26,0,40,20,40,96,2,158,0,0,0,158
11/18/2002,SRQ,FL,ASO,ES,Combined TRACON& Tower with Radar,18,30,76,3,127,0,6,182,1,189,18,36,258,4,316,102,0,102,418
11/19/2002,SRQ,FL,ASO,ES,Combined TRACON& Tower with Radar,23,30,94,3,150,0,0,174,26,200,23,30,268,29,350,80,56,136,486
11/20/2002,SRQ,FL,ASO,ES,Combined TRACON& Tower with Radar,18,35,103,3,159,0,0,224,1,225,18,35,327,4,384,68,0,68,452
11/21/2002,SRQ,FL,ASO,ES,Combined TRACON& Tower with Radar,17,30,74,3,124,0,10,189,1,200,17,40,263,4,324,62,0,62,386
11/22/2002,SRQ,FL,ASO,ES,Combined TRACON& Tower with Radar,20,39,97,3,159,0,0,215,2,217,20,39,312,5,376,168,0,168,544
11/23/2002,SRQ,FL,ASO,ES,Combined TRACON& Tower with Radar,20,30,77,2,129,1,8,270,0,279,21,38,347,2,408,104,0,104,512
11/24/2002,SRQ,FL,ASO,ES,Combined TRACON& Tower with Radar,20,28,87,3,138,0,0,193,5,198,20,28,280,8,336,58,0,58,394
11/25/2002,SRQ,FL,ASO,ES,Combined TRACON& Tower with Radar,18,27,69,2,116,5,0,126,12,143,23,27,195,14,259,42,4,46,305
11/26/2002,SRQ,FL,ASO,ES,Combined TRACON& Tower with Radar,22,36,88,0,146,6,3,170,0,179,28,39,258,0,325,99,0,99,424
11/27/2002,SRQ,FL,ASO,ES,Combined TRACON& Tower with Radar,23,41,101,3,168,0,7,242,7,256,23,48,343,10,424,87,0,87,511
11/28/2002,SRQ,FL,ASO,ES,Combined TRACON& Tower with Radar,12,18,47,0,77,5,9,59,0,73,17,27,106,0,150,63,0,63,213
11/29/2002,SRQ,FL,ASO,ES,Combined TRACON& Tower with Radar,17,27,67,0,111,3,3,203,0,209,20,30,270,0,320,58,0,58,378
11/30/2002,SRQ,FL,ASO,ES,Combined TRACON& Tower with Radar,19,29,75,0,123,2,13,217,0,232,21,42,292,0,355,30,0,30,385
12/01/2002,SRQ,FL,ASO,ES,Combined TRACON& Tower with Radar,23,41,121,0,185,0,4,138,0,142,23,45,259,0,327,22,0,22,349
12/02/2002,SRQ,FL,ASO,ES,Combined TRACON& Tower with Radar,18,23,69,2,112,0,11,106,7,124,18,34,175,9,236,10,0,10,246
12/03/2002,SRQ,FL,ASO,ES,Combined TRACON& Tower with Radar,19,19,56,1,95,1,14,191,3,209,20,33,247,4,304,18,2,20,324
12/04/2002,SRQ,FL,ASO,ES,Combined TRACON& Tower with Radar,25,24,72,0,121,0,0,132,0,132,25,24,204,0,253,162,0,162,415
12/05/2002,SRQ,FL,ASO,ES,Combined TRACON& Tower with Radar,15,24,73,2,114,0,6,91,2,99,15,30,164,4,213,28,0,28,241
12/06/2002,SRQ,FL,ASO,ES,Combined TRACON& Tower with Radar,20,43,132,4,199,0,0,76,0,76,20,43,208,4,275,0,0,0,275
12/07/2002,SRQ,FL,ASO,ES,Combined TRACON& Tower with Radar,23,22,66,2,113,7,1,153,20,181,30,23,219,22,294,77,0,77,371
12/08/2002,SRQ,FL,ASO,ES,Combined TRACON& Tower with Radar,24,23,70,0,117,3,0,119,0,122,27,23,189,0,239,60,0,60,299
12/09/2002,SRQ,FL,ASO,ES,Combined TRACON& Tower with Radar,20,19,60,0,99,0,0,15,0,15,20,19,75,0,114,0,0,0,114
12/10/2002,SRQ,FL,ASO,ES,Combined TRACON& Tower with Radar,19,21,64,2,106,0,7,142,6,155,19,28,206,8,261,56,6,62,323
12/11/2002,SRQ,FL,ASO,ES,Combined TRACON& Tower with Radar,22,26,78,0,126,0,0,247,0,247,22,26,325,0,373,116,0,116,489
12/12/2002,SRQ,FL,ASO,ES,Combined TRACON& Tower with Radar,21,24,71,0,116,0,8,67,0,75,21,32,138,0,191,46,0,46,237
12/13/2002,SRQ,FL,ASO,ES,Combined TRACON& Tower with Radar,18,18,51,2,89,2,1,32,8,43,20,19,83,10,132,12,0,12,144
12/14/2002,SRQ,FL,ASO,ES,Combined TRACON& Tower with Radar,20,16,59,0,95,3,0,130,0,133,23,16,189,0,228,110,0,110,338
12/15/2002,SRQ,FL,ASO,ES,Combined TRACON& Tower with Radar,19,7,55,2,83,7,0,103,2,112,26,7,158,4,195,52,0,52,247
12/16/2002,SRQ,FL,ASO,ES,Combined TRACON& Tower with Radar,21,23,68,3,115,0,5,184,12,201,21,28,252,15,316,104,0,104,420
12/17/2002,SRQ,FL,ASO,ES,Combined TRACON& Tower with Radar,20,22,75,2,119,0,0,291,0,291,20,22,366,2,410,83,0,83,493
12/18/2002,SRQ,FL,ASO,ES,Combined TRACON& Tower with Radar,21,29,85,0,135,0,0,220,0,220,21,29,305,0,355,75,0,75,430
12/19/2002,SRQ,FL,ASO,ES,Combined TRACON& Tower with Radar,24,23,72,3,122,4,0,198,0,202,28,23,270,3,324,66,0,66,390
12/20/2002,SRQ,FL,ASO,ES,Combined TRACON& Tower with Radar,26,22,76,2,126,7,0,240,0,247,33,22,316,2,373,56,0,56,429
12/21/2002,SRQ,FL,ASO,ES,Combined TRACON& Tower with Radar,25,30,84,3,142,0,12,95,3,110,25,42,179,6,252,38,2,40,292
12/22/2002,SRQ,FL,ASO,ES,Combined TRACON& Tower with Radar,17,19,53,2,91,10,2,101,0,113,27,21,154,2,204,20,0,20,224
12/23/2002,SRQ,FL,ASO,ES,Combined TRACON& Tower with Radar,20,22,61,2,105,10,1,179,0,190,30,23,240,2,295,56,0,56,351
12/24/2002,SRQ,FL,ASO,ES,Combined TRACON& Tower with Radar,14,15,42,2,73,10,5,8,0,23,24,20,50,2,96,0,2,2,98
12/25/2002,SRQ,FL,ASO,ES,Combined TRACON& Tower with Radar,9,9,28,0,46,21,0,0,0,21,30,9,28,0,67,0,0,0,67
12/26/2002,SRQ,FL,ASO,ES,Combined TRACON& Tower with Radar,23,32,92,1,148,0,5,300,0,305,23,37,392,1,453,93,0,93,546
12/27/2002,SRQ,FL,ASO,ES,Combined TRACON& Tower with Radar,26,32,91,2,151,0,11,247,0,258,26,43,338,2,409,176,0,176,585
12/28/2002,SRQ,FL,ASO,ES,Combined TRACON& Tower with Radar,24,25,72,0,121,3,7,209,0,219,27,32,281,0,340,74,0,74,414
12/29/2002,SRQ,FL,ASO,ES,Combined TRACON& Tower with Radar,21,23,69,0,113,0,6,170,0,176,21,29,239,0,289,36,0,36,325
12/30/2002,SRQ,FL,ASO,ES,Combined TRACON& Tower with Radar,25,27,76,2,130,5,6,203,6,220,30,33,279,8,350,80,12,92,442
12/31/2002,SRQ,FL,ASO,ES,Combined TRACON& Tower with Radar,14,16,45,1,76,12,1,82,3,98,26,17,127,4,174,72,2,74,248
01/01/2003,SRQ,FL,ASO,ES,Combined TRACON& Tower with Radar,20,17,54,0,91,8,1,105,0,114,28,18,159,0,205,34,0,34,239
01/02/2003,SRQ,FL,ASO,ES,Combined TRACON& Tower with Radar,24,25,76,2,127,0,9,212,0,221,24,34,288,2,348,94,0,94,442
01/03/2003,SRQ,FL,ASO,ES,Combined TRACON& Tower with Radar,28,24,76,2,130,0,7,109,9,125,28,31,185,11,255,140,0,140,395
01/04/2003,SRQ,FL,ASO,ES,Combined TRACON& Tower with Radar,32,25,81,0,138,4,3,196,0,203,36,28,277,0,341,108,0,108,449
01/05/2003,SRQ,FL,ASO,ES,Combined TRACON& Tower with Radar,41,23,104,0,168,23,0,141,0,164,64,23,245,0,332,34,0,34,366
01/06/2003,SRQ,FL,ASO,ES,Combined TRACON& Tower with Radar,27,20,68,2,117,1,0,209,12,222,28,20,277,14,339,86,6,92,431
01/07/2003,SRQ,FL,ASO,ES,Combined TRACON& Tower with Radar,27,25,78,3,133,0,0,212,3,215,27,25,290,6,348,124,6,130,478
01/08/2003,SRQ,FL,ASO,ES,Combined TRACON& Tower with Radar,25,21,66,0,112,0,0,214,0,214,25,21,280,0,326,148,0,148,474
01/09/2003,SRQ,FL,ASO,ES,Combined TRACON& Tower with Radar,27,26,82,3,138,0,8,175,5,188,27,34,257,8,326,84,0,84,410
01/10/2003,SRQ,FL,ASO,ES,Combined TRACON& Tower with Radar,34,19,86,1,140,0,0,168,0,168,34,19,254,1,308,110,0,110,418
01/11/2003,SRQ,FL,ASO,ES,Combined TRACON& Tower with Radar,27,20,74,1,122,0,0,167,0,167,27,20,241,1,289,116,0,116,405
01/12/2003,SRQ,FL,ASO,ES,Combined TRACON& Tower with Radar,24,19,64,1,108,0,4,118,0,122,24,23,182,1,230,48,0,48,278
01/13/2003,SRQ,FL,ASO,ES,Combined TRACON& Tower with Radar,28,21,67,3,119,1,8,102,2,113,29,29,169,5,232,74,0,74,306
01/14/2003,SRQ,FL,ASO,ES,Combined TRACON& Tower with Radar,25,19,61,1,106,3,15,154,0,172,28,34,215,1,278,26,0,26,304
01/15/2003,SRQ,FL,ASO,ES,Combined TRACON& Tower with Radar,27,21,72,3,123,0,0,289,2,291,27,21,361,5,414,140,0,140,554
01/16/2003,SRQ,FL,ASO,ES,Combined TRACON& Tower with Radar,23,22,71,2,118,0,6,263,0,269,23,28,334,2,387,96,0,96,483
01/17/2003,SRQ,FL,ASO,ES,Combined TRACON& Tower with Radar,30,23,75,3,131,0,0,119,6,125,30,23,194,9,256,52,0,52,308
01/18/2003,SRQ,FL,ASO,ES,Combined TRACON& Tower with Radar,22,17,55,2,96,5,4,120,0,129,27,21,175,2,225,62,0,62,287
01/19/2003,SRQ,FL,ASO,ES,Combined TRACON& Tower with Radar,23,16,54,0,93,7,2,172,0,181,30,18,226,0,274,64,0,64,338
01/20/2003,SRQ,FL,ASO,ES,Combined TRACON& Tower with Radar,27,20,66,2,115,5,14,203,0,222,32,34,269,2,337,72,0,72,409
01/21/2003,SRQ,FL,ASO,ES,Combined TRACON& Tower with Radar,29,21,69,0,119,0,7,212,0,219,29,28,281,0,338,102,0,102,440
01/22/2003,SRQ,FL,ASO,ES,Combined TRACON& Tower with Radar,30,25,94,4,153,0,0,241,0,241,30,25,335,4,394,146,0,146,540
01/23/2003,SRQ,FL,ASO,ES,Combined TRACON& Tower with Radar,24,22,70,3,119,0,2,57,7,66,24,24,127,10,185,48,28,76,261
01/24/2003,SRQ,FL,ASO,ES,Combined TRACON& Tower with Radar,30,22,81,4,137,0,0,156,4,160,30,22,237,8,297,100,18,118,415
01/25/2003,SRQ,FL,ASO,ES,Combined TRACON& Tower with Radar,23,17,55,0,95,4,5,185,0,194,27,22,240,0,289,152,0,152,441
01/26/2003,SRQ,FL,ASO,ES,Combined TRACON& Tower with Radar,25,19,63,0,107,3,6,169,0,178,28,25,232,0,285,112,0,112,397
01/27/2003,SRQ,FL,ASO,ES,Combined TRACON& Tower with Radar,32,18,88,0,138,0,0,185,0,185,32,18,273,0,323,52,0,52,375
01/28/2003,SRQ,FL,ASO,ES,Combined TRACON& Tower with Radar,25,18,61,0,104,0,2,207,0,209,25,20,268,0,313,100,0,100,413
01/29/2003,SRQ,FL,ASO,ES,Combined TRACON& Tower with Radar,33,24,86,3,146,0,0,219,8,227,33,24,305,11,373,130,42,172,545
01/30/2003,SRQ,FL,ASO,ES,Combined TRACON& Tower with Radar,30,24,80,3,137,0,7,209,7,223,30,31,289,10,360,168,4,172,532
01/31/2003,SRQ,FL,ASO,ES,Combined TRACON& Tower with Radar,28,26,87,3,144,0,8,203,2,213,28,34,290,5,357,90,4,94,451
02/01/2003,SRQ,FL,ASO,ES,Combined TRACON& Tower with Radar,20,19,59,1,99,10,6,100,0,116,30,25,159,1,215,100,0,100,315
02/02/2003,SRQ,FL,ASO,ES,Combined TRACON& Tower with Radar,28,17,83,3,131,2,0,272,2,276,30,17,355,5,407,84,0,84,491
02/03/2003,SRQ,FL,ASO,ES,Combined TRACON& Tower with Radar,28,28,88,3,147,0,3,133,5,141,28,31,221,8,288,94,0,94,382
02/04/2003,SRQ,FL,ASO,ES,Combined TRACON& Tower with Radar,23,22,68,2,115,1,8,70,4,83,24,30,138,6,198,2,0,2,200
02/05/2003,SRQ,FL,ASO,ES,Combined TRACON& Tower with Radar,31,23,99,4,157,0,0,251,16,267,31,23,350,20,424,124,14,138,562
02/06/2003,SRQ,FL,ASO,ES,Combined TRACON& Tower with Radar,29,28,86,2,145,0,4,176,0,180,29,32,262,2,325,98,26,124,449
02/07/2003,SRQ,FL,ASO,ES,Combined TRACON& Tower with Radar,27,36,112,4,179,0,7,42,4,53,27,43,154,8,232,4,0,4,236
02/08/2003,SRQ,FL,ASO,ES,Combined TRACON& Tower with Radar,29,27,85,3,144,0,2,147,7,156,29,29,232,10,300,54,0,54,354
02/09/2003,SRQ,FL,ASO,ES,Combined TRACON& Tower with Radar,31,37,115,0,183,0,7,23,0,30,31,44,138,0,213,18,0,18,231
02/10/2003,SRQ,FL,ASO,ES,Combined TRACON& Tower with Radar,24,22,73,3,122,15,0,18,1,34,39,22,91,4,156,24,0,24,180
02/11/2003,SRQ,FL,ASO,ES,Combined TRACON& Tower with Radar,26,24,74,0,124,0,14,293,0,307,26,38,367,0,431,84,0,84,515
02/12/2003,SRQ,FL,ASO,ES,Combined TRACON& Tower with Radar,30,36,113,2,181,0,9,269,0,278,30,45,382,2,459,34,0,34,493
02/13/2003,SRQ,FL,ASO,ES,Combined TRACON& Tower with Radar,32,32,101,0,165,0,1,244,0,245,32,33,345,0,410,84,0,84,494
02/14/2003,SRQ,FL,ASO,ES,Combined TRACON& Tower with Radar,33,31,100,1,165,0,7,215,0,222,33,38,315,1,387,22,0,22,409
02/15/2003,SRQ,FL,ASO,ES,Combined TRACON& Tower with Radar,25,23,73,0,121,9,8,186,0,203,34,31,259,0,324,30,0,30,354
02/16/2003,SRQ,FL,ASO,ES,Combined TRACON& Tower with Radar,29,25,80,2,136,7,2,20,0,29,36,27,100,2,165,42,0,42,207
02/17/2003,SRQ,FL,ASO,ES,Combined TRACON& Tower with Radar,32,29,92,3,156,0,6,224,0,230,32,35,316,3,386,82,0,82,468
02/18/2003,SRQ,FL,ASO,ES,Combined TRACON& Tower with Radar,27,24,77,0,128,7,13,249,0,269,34,37,326,0,397,122,0,122,519
02/19/2003,SRQ,FL,ASO,ES,Combined TRACON& Tower with Radar,28,33,105,5,171,0,7,312,13,332,28,40,417,18,503,124,4,128,631
02/20/2003,SRQ,FL,ASO,ES,Combined TRACON& Tower with Radar,36,33,104,5,178,1,0,125,4,130,37,33,229,9,308,72,2,74,382
02/21/2003,SRQ,FL,ASO,ES,Combined TRACON& Tower with Radar,32,29,92,4,157,0,6,253,1,260,32,35,345,5,417,192,0,192,609
02/22/2003,SRQ,FL,ASO,ES,Combined TRACON& Tower with Radar,23,18,64,0,105,10,0,55,0,65,33,18,119,0,170,34,0,34,204
02/23/2003,SRQ,FL,ASO,ES,Combined TRACON& Tower with Radar,34,27,111,5,177,0,0,276,4,280,34,27,387,9,457,56,0,56,513
02/24/2003,SRQ,FL,ASO,ES,Combined TRACON& Tower with Radar,29,26,82,4,141,1,10,212,8,231,30,36,294,12,372,86,0,86,458
02/25/2003,SRQ,FL,ASO,ES,Combined TRACON& Tower with Radar,28,24,78,0,130,4,9,211,0,224,32,33,289,0,354,144,0,144,498
02/26/2003,SRQ,FL,ASO,ES,Combined TRACON& Tower with Radar,33,26,92,0,151,1,0,210,0,211,34,26,302,0,362,52,0,52,414
02/27/2003,SRQ,FL,ASO,ES,Combined TRACON& Tower with Radar,26,31,98,4,159,0,9,62,4,75,26,40,160,8,234,8,0,8,242
02/28/2003,SRQ,FL,ASO,ES,Combined TRACON& Tower with Radar,32,26,88,2,148,4,0,12,0,16,36,26,100,2,164,6,0,6,170
03/01/2003,SRQ,FL,ASO,ES,Combined TRACON& Tower with Radar,35,31,102,0,168,7,0,80,0,87,42,31,182,0,255,32,0,32,287
03/02/2003,SRQ,FL,ASO,ES,Combined TRACON& Tower with Radar,33,34,98,0,165,0,2,30,0,32,33,36,128,0,197,16,0,16,213
03/03/2003,SRQ,FL,ASO,ES,Combined TRACON& Tower with Radar,31,32,91,3,157,4,16,123,9,152,35,48,214,12,309,128,2,130,439
03/04/2003,SRQ,FL,ASO,ES,Combined TRACON& Tower with Radar,30,27,89,2,148,4,0,108,6,118,34,27,197,8,266,124,0,124,390
03/05/2003,SRQ,FL,ASO,ES,Combined TRACON& Tower with Radar,23,23,68,1,115,12,6,208,0,226,35,29,276,1,341,218,0,218,559
03/06/2003,SRQ,FL,ASO,ES,Combined TRACON& Tower with Radar,27,25,78,2,132,5,0,212,1,218,32,25,290,3,350,130,0,130,480
03/07/2003,SRQ,FL,ASO,ES,Combined TRACON& Tower with Radar,33,34,98,3,168,4,14,135,5,158,37,48,233,8,326,84,0,84,410
03/08/2003,SRQ,FL,ASO,ES,Combined TRACON& Tower with Radar,34,26,101,3,164,0,0,101,2,103,34,26,202,5,267,46,0,46,313
03/09/2003,SRQ,FL,ASO,ES,Combined TRACON& Tower with Radar,33,33,97,3,166,1,3,159,4,167,34,36,256,7,333,70,0,70,403
03/10/2003,SRQ,FL,ASO,ES,Combined TRACON& Tower with Radar,33,33,118,3,187,0,0,159,1,160,33,33,277,4,347,60,0,60,407
03/11/2003,SRQ,FL,ASO,ES,Combined TRACON& Tower with Radar,32,26,101,3,162,0,0,297,9,306,32,26,398,12,468,114,0,114,582
03/12/2003,SRQ,FL,ASO,ES,Combined TRACON& Tower with Radar,39,39,112,0,190,1,11,222,0,234,40,50,334,0,424,122,0,122,546
03/13/2003,SRQ,FL,ASO,ES,Combined TRACON& Tower with Radar,31,34,100,2,167,0,5,229,0,234,31,39,329,2,401,136,0,136,537
03/14/2003,SRQ,FL,ASO,ES,Combined TRACON& Tower with Radar,33,35,103,4,175,0,10,150,1,161,33,45,253,5,336,66,0,66,402
03/15/2003,SRQ,FL,ASO,ES,Combined TRACON& Tower with Radar,32,28,88,3,151,6,0,188,3,197,38,28,276,6,348,144,12,156,504
03/16/2003,SRQ,FL,ASO,ES,Combined TRACON& Tower with Radar,38,29,109,0,176,0,0,149,0,149,38,29,258,0,325,124,0,124,449
03/17/2003,SRQ,FL,ASO,ES,Combined TRACON& Tower with Radar,29,28,81,3,141,11,5,82,1,99,40,33,163,4,240,88,0,88,328
03/18/2003,SRQ,FL,ASO,ES,Combined TRACON& Tower with Radar,34,36,105,4,179,0,0,105,4,109,34,36,210,8,288,96,4,100,388
03/19/2003,SRQ,FL,ASO,ES,Combined TRACON& Tower with Radar,33,32,96,0,161,0,7,150,0,157,33,39,246,0,318,114,0,114,432
03/20/2003,SRQ,FL,ASO,ES,Combined TRACON& Tower with Radar,37,34,111,0,182,0,0,81,0,81,37,34,192,0,263,36,0,36,299
03/21/2003,SRQ,FL,ASO,ES,Combined TRACON& Tower with Radar,31,32,104,4,171,0,0,124,5,129,31,32,228,9,300,18,8,26,326
03/22/2003,SRQ,FL,ASO,ES,Combined TRACON& Tower with Radar,37,37,109,2,185,0,12,170,0,182,37,49,279,2,367,60,0,60,427
03/23/2003,SRQ,FL,ASO,ES,Combined TRACON& Tower with Radar,35,35,103,0,173,0,11,21,0,32,35,46,124,0,205,10,0,10,215
03/24/2003,SRQ,FL,ASO,ES,Combined TRACON& Tower with Radar,35,38,111,4,188,0,8,225,2,235,35,46,336,6,423,128,8,136,559
03/25/2003,SRQ,FL,ASO,ES,Combined TRACON& Tower with Radar,31,28,86,3,148,3,0,233,1,237,34,28,319,4,385,162,12,174,559
03/26/2003,SRQ,FL,ASO,ES,Combined TRACON& Tower with Radar,32,30,90,4,156,3,12,175,3,193,35,42,265,7,349,78,4,82,431
03/27/2003,SRQ,FL,ASO,ES,Combined TRACON& Tower with Radar,28,30,89,4,151,0,2,144,1,147,28,32,233,5,298,82,0,82,380
03/28/2003,SRQ,FL,ASO,ES,Combined TRACON& Tower with Radar,32,39,125,0,196,0,0,238,0,238,32,39,363,0,434,84,0,84,518
03/29/2003,SRQ,FL,ASO,ES,Combined TRACON& Tower with Radar,38,38,112,0,188,0,2,240,0,242,38,40,352,0,430,202,0,202,632
03/30/2003,SRQ,FL,ASO,ES,Combined TRACON& Tower with Radar,31,30,89,1,151,1,13,36,0,50,32,43,125,1,201,64,0,64,265
03/31/2003,SRQ,FL,ASO,ES,Combined TRACON& Tower with Radar,27,26,78,2,133,1,15,141,5,162,28,41,219,7,295,28,0,28,323
04/01/2003,SRQ,FL,ASO,ES,Combined TRACON& Tower with Radar,24,23,70,1,118,6,0,243,0,249,30,23,313,1,367,120,0,120,487
04/02/2003,SRQ,FL,ASO,ES,Combined TRACON& Tower with Radar,31,31,87,0,149,4,5,219,0,228,35,36,306,0,377,140,0,140,517
04/03/2003,SRQ,FL,ASO,ES,Combined TRACON& Tower with Radar,30,35,99,0,164,0,3,184,0,187,30,38,283,0,351,166,0,166,517
04/04/2003,SRQ,FL,ASO,ES,Combined TRACON& Tower with Radar,35,36,99,2,172,0,2,234,3,239,35,38,333,5,411,80,0,80,491
04/05/2003,SRQ,FL,ASO,ES,Combined TRACON& Tower with Radar,33,27,94,2,156,0,0,198,0,198,33,27,292,2,354,138,2,140,494
04/06/2003,SRQ,FL,ASO,ES,Combined TRACON& Tower with Radar,30,32,91,0,153,0,3,201,0,204,30,35,292,0,357,140,0,140,497
04/07/2003,SRQ,FL,ASO,ES,Combined TRACON& Tower with Radar,28,36,105,3,172,0,2,167,5,174,28,38,272,8,346,62,2,64,410
04/08/2003,SRQ,FL,ASO,ES,Combined TRACON& Tower with Radar,30,30,85,2,147,2,9,162,7,180,32,39,247,9,327,84,12,96,423
04/09/2003,SRQ,FL,ASO,ES,Combined TRACON& Tower with Radar,28,27,80,2,137,5,0,90,6,101,33,27,170,8,238,86,18,104,342
04/10/2003,SRQ,FL,ASO,ES,Combined TRACON& Tower with Radar,27,25,73,3,128,0,4,58,6,68,27,29,131,9,196,0,16,16,212
04/11/2003,SRQ,FL,ASO,ES,Combined TRACON& Tower with Radar,33,32,106,4,175,0,0,261,14,275,33,32,367,18,450,6,2,8,458
04/12/2003,SRQ,FL,ASO,ES,Combined TRACON& Tower with Radar,30,33,96,0,159,0,0,209,0,209,30,33,305,0,368,130,0,130,498
04/13/2003,SRQ,FL,ASO,ES,Combined TRACON& Tower with Radar,32,23,98,2,155,0,0,299,0,299,32,23,397,2,454,108,0,108,562
04/14/2003,SRQ,FL,ASO,ES,Combined TRACON& Tower with Radar,27,21,73,3,124,1,0,149,4,154,28,21,222,7,278,114,16,130,408
04/15/2003,SRQ,FL,ASO,ES,Combined TRACON& Tower with Radar,25,23,68,3,119,2,3,233,3,241,27,26,301,6,360,72,4,76,436
04/16/2003,SRQ,FL,ASO,ES,Combined TRACON& Tower with Radar,27,24,71,2,124,10,12,182,0,204,37,36,253,2,328,142,0,142,470
04/17/2003,SRQ,FL,ASO,ES,Combined TRACON& Tower with Radar,31,32,94,3,160,0,7,202,8,217,31,39,296,11,377,70,0,70,447
04/18/2003,SRQ,FL,ASO,ES,Combined TRACON& Tower with Radar,24,21,64,0,109,8,0,179,0,187,32,21,243,0,296,132,0,132,428
04/19/2003,SRQ,FL,ASO,ES,Combined TRACON& Tower with Radar,34,33,95,2,164,0,3,279,0,282,34,36,374,2,446,54,0,54,500
04/20/2003,SRQ,FL,ASO,ES,Combined TRACON& Tower with Radar,30,35,101,2,168,0,12,171,0,183,30,47,272,2,351,116,0,116,467
04/21/2003,SRQ,FL,ASO,ES,Combined TRACON& Tower with Radar,27,24,72,0,123,3,13,126,0,142,30,37,198,0,265,88,0,88,353
04/22/2003,SRQ,FL,ASO,ES,Combined TRACON& Tower with Radar,30,29,83,3,145,0,4,169,3,176,30,33,252,6,321,80,0,80,401
04/23/2003,SRQ,FL,ASO,ES,Combined TRACON& Tower with Radar,30,28,82,0,140,0,12,209,0,221,30,40,291,0,361,94,0,94,455
04/24/2003,SRQ,FL,ASO,ES,Combined TRACON& Tower with Radar,32,22,85,3,142,1,0,234,9,244,33,22,319,12,386,80,0,80,466
04/25/2003,SRQ,FL,ASO,ES,Combined TRACON& Tower with Radar,31,31,90,2,154,0,4,125,0,129,31,35,215,2,283,34,0,34,317
04/26/2003,SRQ,FL,ASO,ES,Combined TRACON& Tower with Radar,27,24,73,2,126,5,12,105,0,122,32,36,178,2,248,102,22,124,372
04/27/2003,SRQ,FL,ASO,ES,Combined TRACON& Tower with Radar,31,33,98,2,164,0,9,161,1,171,31,42,259,3,335,106,0,106,441
04/28/2003,SRQ,FL,ASO,ES,Combined TRACON& Tower with Radar,29,27,79,2,137,2,9,131,4,146,31,36,210,6,283,122,0,122,405
04/29/2003,SRQ,FL,ASO,ES,Combined TRACON& Tower with Radar,28,29,87,2,146,0,16,132,4,152,28,45,219,6,298,100,0,100,398
04/30/2003,SRQ,FL,ASO,ES,Combined TRACON& Tower with Radar,26,21,72,2,121,8,0,82,0,90,34,21,154,2,211,132,0,132,343
05/01/2003,SRQ,FL,ASO,ES,Combined TRACON& Tower with Radar,26,32,102,0,160,0,11,129,0,140,26,43,231,0,300,124,0,124,424
05/02/2003,SRQ,FL,ASO,ES,Combined TRACON& Tower with Radar,27,25,97,4,153,0,0,180,9,189,27,25,277,13,342,146,5,151,493
05/03/2003,SRQ,FL,ASO,ES,Combined TRACON& Tower with Radar,26,18,85,3,132,0,0,193,17,210,26,18,278,20,342,66,2,68,410
05/04/2003,SRQ,FL,ASO,ES,Combined TRACON& Tower with Radar,22,26,84,0,132,0,1,202,0,203,22,27,286,0,335,62,0,62,397
05/05/2003,SRQ,FL,ASO,ES,Combined TRACON& Tower with Radar,22,23,74,0,119,1,2,143,0,146,23,25,217,0,265,100,0,100,365
05/06/2003,SRQ,FL,ASO,ES,Combined TRACON& Tower with Radar,21,25,80,0,126,0,8,131,0,139,21,33,211,0,265,82,0,82,347
05/07/2003,SRQ,FL,ASO,ES,Combined TRACON& Tower with Radar,22,22,75,0,119,2,0,229,0,231,24,22,304,0,350,96,0,96,446
05/08/2003,SRQ,FL,ASO,ES,Combined TRACON& Tower with Radar,22,24,88,4,138,0,0,214,6,220,22,24,302,10,358,114,8,122,480
05/09/2003,SRQ,FL,ASO,ES,Combined TRACON& Tower with Radar,26,30,102,2,160,0,6,151,0,157,26,36,253,2,317,138,2,140,457
05/10/2003,SRQ,FL,ASO,ES,Combined TRACON& Tower with Radar,20,18,60,0,98,3,7,167,0,177,23,25,227,0,275,242,0,242,517
05/11/2003,SRQ,FL,ASO,ES,Combined TRACON& Tower with Radar,24,22,75,0,121,5,2,148,0,155,29,24,223,0,276,100,0,100,376
05/12/2003,SRQ,FL,ASO,ES,Combined TRACON& Tower with Radar,23,24,79,4,130,0,15,186,2,203,23,39,265,6,333,134,0,134,467
05/13/2003,SRQ,FL,ASO,ES,Combined TRACON& Tower with Radar,15,14,47,0,76,8,8,123,0,139,23,22,170,0,215,78,0,78,293
05/14/2003,SRQ,FL,ASO,ES,Combined TRACON& Tower with Radar,20,19,62,3,104,3,2,150,1,156,23,21,212,4,260,154,14,168,428
05/15/2003,SRQ,FL,ASO,ES,Combined TRACON& Tower with Radar,25,25,84,1,135,0,1,245,0,246,25,26,329,1,381,44,0,44,425
05/16/2003,SRQ,FL,ASO,ES,Combined TRACON& Tower with Radar,20,25,82,4,131,0,4,194,38,236,20,29,276,42,367,80,0,80,447
05/17/2003,SRQ,FL,ASO,ES,Combined TRACON& Tower with Radar,17,16,54,3,90,5,8,175,19,207,22,24,229,22,297,105,0,105,402
05/18/2003,SRQ,FL,ASO,ES,Combined TRACON& Tower with Radar,25,27,92,5,149,0,9,104,33,146,25,36,196,38,295,80,0,80,375
05/19/2003,SRQ,FL,ASO,ES,Combined TRACON& Tower with Radar,20,19,65,4,108,6,6,127,3,142,26,25,192,7,250,102,0,102,352
05/20/2003,SRQ,FL,ASO,ES,Combined TRACON& Tower with Radar,24,23,77,4,128,0,1,264,6,271,24,24,341,10,399,172,4,176,575
05/21/2003,SRQ,FL,ASO,ES,Combined TRACON& Tower with Radar,20,18,62,3,103,2,12,138,3,155,22,30,200,6,258,65,0,65,323
05/22/2003,SRQ,FL,ASO,ES,Combined TRACON& Tower with Radar,21,23,75,0,119,0,4,90,0,94,21,27,165,0,213,70,0,70,283
05/23/2003,SRQ,FL,ASO,ES,Combined TRACON& Tower with Radar,24,24,79,2,129,0,5,52,0,57,24,29,131,2,186,86,0,86,272
05/24/2003,SRQ,FL,ASO,ES,Combined TRACON& Tower with Radar,20,18,62,3,103,4,28,147,3,182,24,46,209,6,285,76,0,76,361
05/25/2003,SRQ,FL,ASO,ES,Combined TRACON& Tower with Radar,15,11,45,0,71,8,0,96,0,104,23,11,141,0,175,76,0,76,251
05/26/2003,SRQ,FL,ASO,ES,Combined TRACON& Tower with Radar,23,23,86,0,132,0,0,195,0,195,23,23,281,0,327,96,0,96,423
05/27/2003,SRQ,FL,ASO,ES,Combined TRACON& Tower with Radar,24,23,78,2,127,0,1,169,0,170,24,24,247,2,297,146,0,146,443
05/28/2003,SRQ,FL,ASO,ES,Combined TRACON& Tower with Radar,26,24,81,3,134,0,0,138,6,144,26,24,219,9,278,230,0,230,508
05/29/2003,SRQ,FL,ASO,ES,Combined TRACON& Tower with Radar,23,25,83,3,134,0,10,153,4,167,23,35,236,7,301,178,0,178,479
05/30/2003,SRQ,FL,ASO,ES,Combined TRACON& Tower with Radar,24,27,91,4,146,0,7,200,18,225,24,34,291,22,371,234,4,238,609
05/31/2003,SRQ,FL,ASO,ES,Combined TRACON& Tower with Radar,15,13,46,2,76,9,20,167,14,210,24,33,213,16,286,80,10,90,376
06/01/2003,SRQ,FL,ASO,ES,Combined TRACON& Tower with Radar,22,16,53,1,92,4,9,78,1,92,26,25,131,2,184,38,0,38,222
06/02/2003,SRQ,FL,ASO,ES,Combined TRACON& Tower with Radar,19,12,46,1,78,11,0,148,1,160,30,12,194,2,238,48,0,48,286
06/03/2003,SRQ,FL,ASO,ES,Combined TRACON& Tower with Radar,23,17,54,0,94,1,1,129,0,131,24,18,183,0,225,152,0,152,377
06/04/2003,SRQ,FL,ASO,ES,Combined TRACON& Tower with Radar,22,15,53,1,91,8,0,121,4,133,30,15,174,5,224,102,0,102,326
06/05/2003,SRQ,FL,ASO,ES,Combined TRACON& Tower with Radar,23,16,54,0,93,1,3,108,0,112,24,19,162,0,205,70,0,70,275
06/06/2003,SRQ,FL,ASO,ES,Combined TRACON& Tower with Radar,23,17,54,0,94,2,6,98,0,106,25,23,152,0,200,72,0,72,272
06/07/2003,SRQ,FL,ASO,ES,Combined TRACON& Tower with Radar,19,13,42,0,74,8,0,81,0,89,27,13,123,0,163,34,0,34,197
06/08/2003,SRQ,FL,ASO,ES,Combined TRACON& Tower with Radar,30,20,65,1,116,0,1,110,1,112,30,21,175,2,228,164,0,164,392
06/09/2003,SRQ,FL,ASO,ES,Combined TRACON& Tower with Radar,26,18,64,1,109,0,0,104,5,109,26,18,168,6,218,40,0,40,258
06/10/2003,SRQ,FL,ASO,ES,Combined TRACON& Tower with Radar,22,18,61,0,101,0,15,157,0,172,22,33,218,0,273,84,0,84,357
06/11/2003,SRQ,FL,ASO,ES,Combined TRACON& Tower with Radar,22,23,76,0,121,0,0,177,0,177,22,23,253,0,298,92,0,92,390
06/12/2003,SRQ,FL,ASO,ES,Combined TRACON& Tower with Radar,23,16,64,2,105,0,0,178,2,180,23,16,242,4,285,70,0,70,355
06/13/2003,SRQ,FL,ASO,ES,Combined TRACON& Tower with Radar,23,21,74,2,120,0,0,191,3,194,23,21,265,5,314,104,6,110,424
06/14/2003,SRQ,FL,ASO,ES,Combined TRACON& Tower with Radar,22,14,49,2,87,5,2,130,0,137,27,16,179,2,224,34,0,34,258
06/15/2003,SRQ,FL,ASO,ES,Combined TRACON& Tower with Radar,24,18,61,0,103,0,3,132,0,135,24,21,193,0,238,78,0,78,316
06/16/2003,SRQ,FL,ASO,ES,Combined TRACON& Tower with Radar,25,16,55,2,98,0,5,114,4,123,25,21,169,6,221,78,0,78,299
06/17/2003,SRQ,FL,ASO,ES,Combined TRACON& Tower with Radar,25,15,61,2,103,0,0,112,8,120,25,15,173,10,223,106,18,124,347
06/18/2003,SRQ,FL,ASO,ES,Combined TRACON& Tower with Radar,26,21,73,0,120,0,7,121,0,128,26,28,194,0,248,90,0,90,338
06/19/2003,SRQ,FL,ASO,ES,Combined TRACON& Tower with Radar,21,13,47,0,81,2,7,27,0,36,23,20,74,0,117,0,0,0,117
06/20/2003,SRQ,FL,ASO,ES,Combined TRACON& Tower with Radar,19,13,44,0,76,5,4,32,0,41,24,17,76,0,117,28,0,28,145
06/21/2003,SRQ,FL,ASO,ES,Combined TRACON& Tower with Radar,22,14,49,1,86,5,16,48,5,74,27,30,97,6,160,106,0,106,266
06/22/2003,SRQ,FL,ASO,ES,Combined TRACON& Tower with Radar,19,8,44,1,72,7,0,25,1,33,26,8,69,2,105,20,10,30,135
06/23/2003,SRQ,FL,ASO,ES,Combined TRACON& Tower with Radar,22,14,50,0,86,3,8,76,0,87,25,22,126,0,173,42,0,42,215
06/24/2003,SRQ,FL,ASO,ES,Combined TRACON& Tower with Radar,22,15,59,1,97,0,0,233,1,234,22,15,292,2,331,54,0,54,385
06/25/2003,SRQ,FL,ASO,ES,Combined TRACON& Tower with Radar,24,14,54,0,92,1,0,311,0,312,25,14,365,0,404,100,0,100,504
06/26/2003,SRQ,FL,ASO,ES,Combined TRACON& Tower with Radar,25,20,74,1,120,0,0,262,11,273,25,20,336,12,393,134,0,134,527
06/27/2003,SRQ,FL,ASO,ES,Combined TRACON& Tower with Radar,24,20,68,1,113,0,4,184,7,195,24,24,252,8,308,90,4,94,402
06/28/2003,SRQ,FL,ASO,ES,Combined TRACON& Tower with Radar,24,10,56,1,91,1,0,83,3,87,25,10,139,4,178,76,2,78,256
06/29/2003,SRQ,FL,ASO,ES,Combined TRACON& Tower with Radar,20,13,45,1,79,4,1,72,1,78,24,14,117,2,157,56,0,56,213
06/30/2003,SRQ,FL,ASO,ES,Combined TRACON& Tower with Radar,26,17,60,1,104,0,3,128,107,238,26,20,188,108,342,82,0,82,424
07/01/2003,SRQ,FL,ASO,ES,Combined TRACON& Tower with Radar,23,17,66,4,110,0,0,259,10,269,23,17,325,14,379,117,0,117,496
07/02/2003,SRQ,FL,ASO,ES,Combined TRACON& Tower with Radar,26,19,62,4,111,8,1,113,1,123,34,20,175,5,234,74,0,74,308
07/03/2003,SRQ,FL,ASO,ES,Combined TRACON& Tower with Radar,23,25,80,4,132,0,6,235,0,241,23,31,315,4,373,166,2,168,541
07/04/2003,SRQ,FL,ASO,ES,Combined TRACON& Tower with Radar,15,8,37,2,62,1,0,124,0,125,16,8,161,2,187,60,0,60,247
07/05/2003,SRQ,FL,ASO,ES,Combined TRACON& Tower with Radar,17,13,41,2,73,12,0,162,2,176,29,13,203,4,249,30,0,30,279
07/06/2003,SRQ,FL,ASO,ES,Combined TRACON& Tower with Radar,25,20,63,2,110,0,12,177,0,189,25,32,240,2,299,60,0,60,359
07/07/2003,SRQ,FL,ASO,ES,Combined TRACON& Tower with Radar,23,18,55,0,96,2,17,114,0,133,25,35,169,0,229,106,0,106,335
07/08/2003,SRQ,FL,ASO,ES,Combined TRACON& Tower with Radar,20,15,49,0,84,4,3,138,0,145,24,18,187,0,229,60,0,60,289
07/09/2003,SRQ,FL,ASO,ES,Combined TRACON& Tower with Radar,23,18,55,3,99,0,3,207,1,211,23,21,262,4,310,120,4,124,434
07/10/2003,SRQ,FL,ASO,ES,Combined TRACON& Tower with Radar,20,21,68,0,109,0,5,179,0,184,20,26,247,0,293,48,0,48,341
07/11/2003,SRQ,FL,ASO,ES,Combined TRACON& Tower with Radar,24,25,79,5,133,0,6,177,5,188,24,31,256,10,321,132,16,148,469
07/12/2003,SRQ,FL,ASO,ES,Combined TRACON& Tower with Radar,21,14,49,0,84,4,0,124,0,128,25,14,173,0,212,48,0,48,260
07/13/2003,SRQ,FL,ASO,ES,Combined TRACON& Tower with Radar,22,16,57,3,98,0,0,88,15,103,22,16,145,18,201,98,8,106,307
07/14/2003,SRQ,FL,ASO,ES,Combined TRACON& Tower with Radar,22,13,52,3,90,3,0,170,0,173,25,13,222,3,263,94,0,94,357
07/15/2003,SRQ,FL,ASO,ES,Combined TRACON& Tower with Radar,23,16,52,4,95,0,3,143,0,146,23,19,195,4,241,152,0,152,393
07/16/2003,SRQ,FL,ASO,ES,Combined TRACON& Tower with Radar,24,16,54,0,94,2,9,147,0,158,26,25,201,0,252,160,0,160,412
07/17/2003,SRQ,FL,ASO,ES,Combined TRACON& Tower with Radar,26,19,64,5,114,0,2,127,29,158,26,21,191,34,272,70,10,80,352
07/18/2003,SRQ,FL,ASO,ES,Combined TRACON& Tower with Radar,19,13,43,3,78,4,5,128,5,142,23,18,171,8,220,117,34,151,371
07/19/2003,SRQ,FL,ASO,ES,Combined TRACON& Tower with Radar,26,15,58,5,104,4,0,159,3,166,30,15,217,8,270,66,10,76,346
07/20/2003,SRQ,FL,ASO,ES,Combined TRACON& Tower with Radar,23,15,51,4,93,2,4,182,0,188,25,19,233,4,281,148,8,156,437
07/21/2003,SRQ,FL,ASO,ES,Combined TRACON& Tower with Radar,24,16,54,1,95,0,1,111,0,112,24,17,165,1,207,14,0,14,221
07/22/2003,SRQ,FL,ASO,ES,Combined TRACON& Tower with Radar,23,16,54,0,93,0,5,140,0,145,23,21,194,0,238,240,0,240,478
07/23/2003,SRQ,FL,ASO,ES,Combined TRACON& Tower with Radar,27,18,60,2,107,0,1,122,0,123,27,19,182,2,230,134,0,134,364
07/24/2003,SRQ,FL,ASO,ES,Combined TRACON& Tower with Radar,25,22,71,2,120,0,0,183,0,183,25,22,254,2,303,104,0,104,407
07/25/2003,SRQ,FL,ASO,ES,Combined TRACON& Tower with Radar,28,12,62,2,104,1,0,136,0,137,29,12,198,2,241,50,0,50,291
07/26/2003,SRQ,FL,ASO,ES,Combined TRACON& Tower with Radar,23,9,50,0,82,3,0,171,0,174,26,9,221,0,256,44,0,44,300
07/27/2003,SRQ,FL,ASO,ES,Combined TRACON& Tower with Radar,24,16,55,4,99,1,0,162,8,171,25,16,217,12,270,68,0,68,338
07/28/2003,SRQ,FL,ASO,ES,Combined TRACON& Tower with Radar,20,14,47,4,85,4,8,120,4,136,24,22,167,8,221,68,0,68,289
07/29/2003,SRQ,FL,ASO,ES,Combined TRACON& Tower with Radar,20,15,50,4,89,0,11,111,8,130,20,26,161,12,219,32,0,32,251
07/30/2003,SRQ,FL,ASO,ES,Combined TRACON& Tower with Radar,26,18,61,0,105,0,1,118,0,119,26,19,179,0,224,70,0,70,294
07/31/2003,SRQ,FL,ASO,ES,Combined TRACON& Tower with Radar,20,16,52,3,91,0,3,152,7,162,20,19,204,10,253,116,4,120,373
08/01/2003,SRQ,FL,ASO,ES,Combined TRACON& Tower with Radar,25,22,63,2,112,0,6,177,0,183,25,28,240,2,295,134,0,134,429
08/02/2003,SRQ,FL,ASO,ES,Combined TRACON& Tower with Radar,18,14,41,0,73,2,7,138,0,147,20,21,179,0,220,100,0,100,320
08/03/2003,SRQ,FL,ASO,ES,Combined TRACON& Tower with Radar,19,17,46,0,82,8,0,124,0,132,27,17,170,0,214,116,0,116,330
08/04/2003,SRQ,FL,ASO,ES,Combined TRACON& Tower with Radar,22,20,55,2,99,0,9,137,2,148,22,29,192,4,247,106,0,106,353
08/05/2003,SRQ,FL,ASO,ES,Combined TRACON& Tower with Radar,23,19,53,2,97,2,2,152,12,168,25,21,205,14,265,126,26,152,417
08/06/2003,SRQ,FL,ASO,ES,Combined TRACON& Tower with Radar,27,25,70,3,125,0,1,179,7,187,27,26,249,10,312,138,8,146,458
08/07/2003,SRQ,FL,ASO,ES,Combined TRACON& Tower with Radar,20,16,45,0,81,1,11,81,0,93,21,27,126,0,174,50,0,50,224
08/08/2003,SRQ,FL,ASO,ES,Combined TRACON& Tower with Radar,21,16,44,0,81,6,10,39,0,55,27,26,83,0,136,34,0,34,170
08/09/2003,SRQ,FL,ASO,ES,Combined TRACON& Tower with Radar,17,14,36,0,67,8,5,19,0,32,25,19,55,0,99,10,0,10,109
08/10/2003,SRQ,FL,ASO,ES,Combined TRACON& Tower with Radar,19,13,43,0,75,6,0,33,0,39,25,13,76,0,114,28,0,28,142
08/11/2003,SRQ,FL,ASO,ES,Combined TRACON& Tower with Radar,23,18,50,0,91,2,0,62,0,64,25,18,112,0,155,28,0,28,183
08/12/2003,SRQ,FL,ASO,ES,Combined TRACON& Tower with Radar,23,18,51,3,95,0,3,197,4,204,23,21,248,7,299,76,20,96,395
08/13/2003,SRQ,FL,ASO,ES,Combined TRACON& Tower with Radar,23,23,66,2,114,0,5,217,0,222,23,28,283,2,336,106,1,107,443
08/14/2003,SRQ,FL,ASO,ES,Combined TRACON& Tower with Radar,24,18,52,2,96,1,2,45,0,48,25,20,97,2,144,6,0,6,150
08/15/2003,SRQ,FL,ASO,ES,Combined TRACON& Tower with Radar,23,18,70,4,115,0,0,152,28,180,23,18,222,32,295,60,0,60,355
08/16/2003,SRQ,FL,ASO,ES,Combined TRACON& Tower with Radar,25,15,54,3,97,1,0,148,5,154,26,15,202,8,251,114,0,114,365
08/17/2003,SRQ,FL,ASO,ES,Combined TRACON& Tower with Radar,20,7,44,0,71,7,0,159,0,166,27,7,203,0,237,126,0,126,363
08/18/2003,SRQ,FL,ASO,ES,Combined TRACON& Tower with Radar,20,15,45,3,83,0,3,76,3,82,20,18,121,6,165,120,0,120,285
08/19/2003,SRQ,FL,ASO,ES,Combined TRACON& Tower with Radar,24,21,62,0,107,0,4,156,0,160,24,25,218,0,267,90,0,90,357
08/20/2003,SRQ,FL,ASO,ES,Combined TRACON& Tower with Radar,22,18,51,0,91,0,5,142,0,147,22,23,193,0,238,104,0,104,342
08/21/2003,SRQ,FL,ASO,ES,Combined TRACON& Tower with Radar,23,23,67,4,117,0,4,151,6,161,23,27,218,10,278,48,24,72,350
08/22/2003,SRQ,FL,ASO,ES,Combined TRACON& Tower with Radar,24,19,63,3,109,0,0,131,0,131,24,19,194,3,240,86,0,86,326
08/23/2003,SRQ,FL,ASO,ES,Combined TRACON& Tower with Radar,24,14,51,3,92,1,0,248,3,252,25,14,299,6,344,106,12,118,462
08/24/2003,SRQ,FL,ASO,ES,Combined TRACON& Tower with Radar,19,12,44,0,75,7,0,192,0,199,26,12,236,0,274,54,0,54,328
08/25/2003,SRQ,FL,ASO,ES,Combined TRACON& Tower with Radar,22,16,49,2,89,5,6,98,2,111,27,22,147,4,200,111,8,119,319
08/26/2003,SRQ,FL,ASO,ES,Combined TRACON& Tower with Radar,26,20,59,2,107,0,6,182,2,190,26,26,241,4,297,20,24,44,341
08/27/2003,SRQ,FL,ASO,ES,Combined TRACON& Tower with Radar,26,25,71,2,124,0,3,184,0,187,26,28,255,2,311,38,0,38,349
08/28/2003,SRQ,FL,ASO,ES,Combined TRACON& Tower with Radar,24,22,66,3,115,0,6,202,29,237,24,28,268,32,352,110,0,110,462
08/29/2003,SRQ,FL,ASO,ES,Combined TRACON& Tower with Radar,25,23,68,3,119,0,6,205,2,213,25,29,273,5,332,109,0,109,441
08/30/2003,SRQ,FL,ASO,ES,Combined TRACON& Tower with Radar,20,15,44,2,81,0,7,178,9,194,20,22,222,11,275,78,0,78,353
08/31/2003,SRQ,FL,ASO,ES,Combined TRACON& Tower with Radar,17,13,38,0,68,8,4,112,0,124,25,17,150,0,192,52,0,52,244
09/01/2003,SRQ,FL,ASO,ES,Combined TRACON& Tower with Radar,23,23,61,0,107,0,4,131,0,135,23,27,192,0,242,44,0,44,286
09/02/2003,SRQ,FL,ASO,ES,Combined TRACON& Tower with Radar,21,20,68,3,112,0,0,110,15,125,21,20,178,18,237,156,0,156,393
09/03/2003,SRQ,FL,ASO,ES,Combined TRACON& Tower with Radar,21,19,50,2,92,6,2,92,2,102,27,21,142,4,194,100,0,100,294
09/04/2003,SRQ,FL,ASO,ES,Combined TRACON& Tower with Radar,16,14,38,0,68,12,3,63,0,78,28,17,101,0,146,134,0,134,280
09/05/2003,SRQ,FL,ASO,ES,Combined TRACON& Tower with Radar,14,13,33,0,60,10,0,1,0,11,24,13,34,0,71,0,0,0,71
09/06/2003,SRQ,FL,ASO,ES,Combined TRACON& Tower with Radar,15,13,35,0,63,8,3,46,0,57,23,16,81,0,120,90,0,90,210
09/07/2003,SRQ,FL,ASO,ES,Combined TRACON& Tower with Radar,24,21,55,0,100,3,7,134,0,144,27,28,189,0,244,74,0,74,318
09/08/2003,SRQ,FL,ASO,ES,Combined TRACON& Tower with Radar,22,20,51,2,95,3,2,219,4,228,25,22,270,6,323,84,1,85,408
09/09/2003,SRQ,FL,ASO,ES,Combined TRACON& Tower with Radar,19,17,46,2,84,3,10,206,0,219,22,27,252,2,303,114,0,114,417
09/10/2003,SRQ,FL,ASO,ES,Combined TRACON& Tower with Radar,26,14,72,0,112,0,0,161,0,161,26,14,233,0,273,44,0,44,317
09/11/2003,SRQ,FL,ASO,ES,Combined TRACON& Tower with Radar,23,19,77,4,123,0,0,238,6,244,23,19,315,10,367,132,32,164,531
09/12/2003,SRQ,FL,ASO,ES,Combined TRACON& Tower with Radar,25,21,59,4,109,2,2,168,0,172,27,23,227,4,281,190,0,190,471
09/13/2003,SRQ,FL,ASO,ES,Combined TRACON& Tower with Radar,22,14,48,3,87,2,0,168,0,170,24,14,216,3,257,174,2,176,433
09/14/2003,SRQ,FL,ASO,ES,Combined TRACON& Tower with Radar,20,16,44,1,81,3,13,147,0,163,23,29,191,1,244,114,0,114,358
09/15/2003,SRQ,FL,ASO,ES,Combined TRACON& Tower with Radar,21,17,46,2,86,4,2,120,0,126,25,19,166,2,212,72,0,72,284
09/16/2003,SRQ,FL,ASO,ES,Combined TRACON& Tower with Radar,22,18,57,0,97,0,0,179,0,179,22,18,236,0,276,144,0,144,420
09/17/2003,SRQ,FL,ASO,ES,Combined TRACON& Tower with Radar,24,24,68,4,120,0,9,165,2,176,24,33,233,6,296,120,0,120,416
09/18/2003,SRQ,FL,ASO,ES,Combined TRACON& Tower with Radar,22,19,52,3,96,0,5,200,0,205,22,24,252,3,301,166,4,170,471
09/19/2003,SRQ,FL,ASO,ES,Combined TRACON& Tower with Radar,18,14,39,0,71,1,12,187,0,200,19,26,226,0,271,96,0,96,367
09/20/2003,SRQ,FL,ASO,ES,Combined TRACON& Tower with Radar,23,18,49,3,93,4,9,93,6,112,27,27,142,9,205,52,8,60,265
09/21/2003,SRQ,FL,ASO,ES,Combined TRACON& Tower with Radar,22,12,54,3,91,0,0,131,0,131,22,12,185,3,222,60,0,60,282
09/22/2003,SRQ,FL,ASO,ES,Combined TRACON& Tower with Radar,25,20,57,0,102,0,31,158,0,189,25,51,215,0,291,60,0,60,351
09/23/2003,SRQ,FL,ASO,ES,Combined TRACON& Tower with Radar,22,19,52,1,94,0,10,213,0,223,22,29,265,1,317,60,0,60,377
09/24/2003,SRQ,FL,ASO,ES,Combined TRACON& Tower with Radar,23,19,51,3,96,7,8,179,1,195,30,27,230,4,291,64,4,68,359
09/25/2003,SRQ,FL,ASO,ES,Combined TRACON& Tower with Radar,22,24,67,4,117,0,2,127,6,135,22,26,194,10,252,82,0,82,334
09/26/2003,SRQ,FL,ASO,ES,Combined TRACON& Tower with Radar,22,23,65,4,114,0,5,132,35,172,22,28,197,39,286,74,0,74,360
09/27/2003,SRQ,FL,ASO,ES,Combined TRACON& Tower with Radar,20,15,43,0,78,10,0,77,0,87,30,15,120,0,165,58,0,58,223
09/28/2003,SRQ,FL,ASO,ES,Combined TRACON& Tower with Radar,24,21,60,3,108,0,0,87,4,91,24,21,147,7,199,164,10,174,373
09/29/2003,SRQ,FL,ASO,ES,Combined TRACON& Tower with Radar,26,27,76,4,133,0,7,16,3,26,26,34,92,7,159,36,0,36,195
09/30/2003,SRQ,FL,ASO,ES,Combined TRACON& Tower with Radar,22,22,62,0,106,0,10,99,0,109,22,32,161,0,215,58,0,58,273
10/01/2003,SRQ,FL,ASO,ES,Combined TRACON& Tower with Radar,24,23,68,2,117,3,0,115,10,128,27,23,183,12,245,90,8,98,343
10/02/2003,SRQ,FL,ASO,ES,Combined TRACON& Tower with Radar,20,21,58,2,101,0,9,118,0,127,20,30,176,2,228,60,0,60,288
10/03/2003,SRQ,FL,ASO,ES,Combined TRACON& Tower with Radar,26,26,72,2,126,1,1,166,2,170,27,27,238,4,296,120,0,120,416
10/04/2003,SRQ,FL,ASO,ES,Combined TRACON& Tower with Radar,22,17,62,0,101,6,0,140,0,146,28,17,202,0,247,62,0,62,309
10/05/2003,SRQ,FL,ASO,ES,Combined TRACON& Tower with Radar,22,23,62,0,107,4,3,106,0,113,26,26,168,0,220,58,0,58,278
10/06/2003,SRQ,FL,ASO,ES,Combined TRACON& Tower with Radar,20,20,56,2,98,8,9,231,0,248,28,29,287,2,346,72,0,72,418
10/07/2003,SRQ,FL,ASO,ES,Combined TRACON& Tower with Radar,17,18,48,1,84,7,8,142,5,162,24,26,190,6,246,90,0,90,336
10/08/2003,SRQ,FL,ASO,ES,Combined TRACON& Tower with Radar,24,23,74,0,121,0,0,228,0,228,24,23,302,0,349,28,0,28,377
10/09/2003,SRQ,FL,ASO,ES,Combined TRACON& Tower with Radar,23,27,76,2,128,0,0,160,3,163,23,27,236,5,291,114,0,114,405
10/10/2003,SRQ,FL,ASO,ES,Combined TRACON& Tower with Radar,25,27,82,3,137,0,0,151,6,157,25,27,233,9,294,78,8,86,380
10/11/2003,SRQ,FL,ASO,ES,Combined TRACON& Tower with Radar,24,13,67,0,104,0,0,153,0,153,24,13,220,0,257,72,0,72,329
10/12/2003,SRQ,FL,ASO,ES,Combined TRACON& Tower with Radar,22,21,60,0,103,4,9,93,0,106,26,30,153,0,209,96,0,96,305
10/13/2003,SRQ,FL,ASO,ES,Combined TRACON& Tower with Radar,24,27,74,1,126,0,6,186,0,192,24,33,260,1,318,166,0,166,484
10/14/2003,SRQ,FL,ASO,ES,Combined TRACON& Tower with Radar,27,22,70,3,122,4,0,196,0,200,31,22,266,3,322,174,6,180,502
10/15/2003,SRQ,FL,ASO,ES,Combined TRACON& Tower with Radar,26,24,71,3,124,0,0,200,3,203,26,24,271,6,327,80,0,80,407
10/16/2003,SRQ,FL,ASO,ES,Combined TRACON& Tower with Radar,24,22,63,3,112,0,5,221,1,227,24,27,284,4,339,146,0,146,485
10/17/2003,SRQ,FL,ASO,ES,Combined TRACON& Tower with Radar,24,24,72,2,122,0,0,148,0,148,24,24,220,2,270,76,0,76,346
10/18/2003,SRQ,FL,ASO,ES,Combined TRACON& Tower with Radar,27,28,75,0,130,0,13,198,0,211,27,41,273,0,341,36,0,36,377
10/19/2003,SRQ,FL,ASO,ES,Combined TRACON& Tower with Radar,23,15,61,0,99,4,0,219,0,223,27,15,280,0,322,58,0,58,380
10/20/2003,SRQ,FL,ASO,ES,Combined TRACON& Tower with Radar,24,23,64,3,114,0,8,182,1,191,24,31,246,4,305,90,0,90,395
10/21/2003,SRQ,FL,ASO,ES,Combined TRACON& Tower with Radar,24,24,66,3,117,0,4,147,3,154,24,28,213,6,271,42,0,42,313
10/22/2003,SRQ,FL,ASO,ES,Combined TRACON& Tower with Radar,24,30,85,3,142,0,11,165,0,176,24,41,250,3,318,54,0,54,372
10/23/2003,SRQ,FL,ASO,ES,Combined TRACON& Tower with Radar,22,24,66,3,115,0,12,159,0,171,22,36,225,3,286,66,0,66,352
10/24/2003,SRQ,FL,ASO,ES,Combined TRACON& Tower with Radar,29,32,88,4,153,0,3,174,10,187,29,35,262,14,340,86,0,86,426
10/25/2003,SRQ,FL,ASO,ES,Combined TRACON& Tower with Radar,20,18,56,3,97,6,0,134,3,143,26,18,190,6,240,86,0,86,326
10/26/2003,SRQ,FL,ASO,ES,Combined TRACON& Tower with Radar,24,30,86,3,143,0,0,133,2,135,24,30,219,5,278,158,0,158,436
10/27/2003,SRQ,FL,ASO,ES,Combined TRACON& Tower with Radar,25,24,67,2,118,1,9,108,0,118,26,33,175,2,236,102,8,110,346
10/28/2003,SRQ,FL,ASO,ES,Combined TRACON& Tower with Radar,23,21,62,2,108,4,5,30,0,39,27,26,92,2,147,62,0,62,209
10/29/2003,SRQ,FL,ASO,ES,Combined TRACON& Tower with Radar,27,28,80,3,138,0,1,233,13,247,27,29,313,16,385,236,6,242,627
10/30/2003,SRQ,FL,ASO,ES,Combined TRACON& Tower with Radar,22,26,72,2,122,0,5,176,5,186,22,31,248,7,308,94,2,96,404
10/31/2003,SRQ,FL,ASO,ES,Combined TRACON& Tower with Radar,25,23,67,2,117,2,13,135,4,154,27,36,202,6,271,109,10,119,390
11/01/2003,SRQ,FL,ASO,ES,Combined TRACON& Tower with Radar,24,20,73,0,117,4,0,129,0,133,28,20,202,0,250,134,0,134,384
11/02/2003,SRQ,FL,ASO,ES,Combined TRACON& Tower with Radar,22,24,68,1,115,1,2,116,3,122,23,26,184,4,237,58,0,58,295
11/03/2003,SRQ,FL,ASO,ES,Combined TRACON& Tower with Radar,23,25,73,1,122,0,6,64,5,75,23,31,137,6,197,4,0,4,201
11/04/2003,SRQ,FL,ASO,ES,Combined TRACON& Tower with Radar,19,20,58,0,97,4,12,132,0,148,23,32,190,0,245,94,0,94,339
11/05/2003,SRQ,FL,ASO,ES,Combined TRACON& Tower with Radar,26,28,80,0,134,0,11,142,0,153,26,39,222,0,287,198,0,198,485
11/06/2003,SRQ,FL,ASO,ES,Combined TRACON& Tower with Radar,17,19,58,0,94,0,12,88,0,100,17,31,146,0,194,112,0,112,306
11/07/2003,SRQ,FL,ASO,ES,Combined TRACON& Tower with Radar,24,32,91,1,148,0,9,211,1,221,24,41,302,2,369,22,30,52,421
11/08/2003,SRQ,FL,ASO,ES,Combined TRACON& Tower with Radar,21,22,64,1,108,7,0,194,1,202,28,22,258,2,310,72,6,78,388
11/09/2003,SRQ,FL,ASO,ES,Combined TRACON& Tower with Radar,24,25,73,1,123,0,8,84,1,93,24,33,157,2,216,0,0,0,216
11/10/2003,SRQ,FL,ASO,ES,Combined TRACON& Tower with Radar,24,32,91,1,148,0,0,113,11,124,24,32,204,12,272,46,0,46,318
11/11/2003,SRQ,FL,ASO,ES,Combined TRACON& Tower with Radar,23,26,74,2,125,0,1,166,0,167,23,27,240,2,292,36,0,36,328
11/12/2003,SRQ,FL,ASO,ES,Combined TRACON& Tower with Radar,23,26,72,1,122,1,4,149,0,154,24,30,221,1,276,106,0,106,382
11/13/2003,SRQ,FL,ASO,ES,Combined TRACON& Tower with Radar,23,24,78,2,127,0,0,126,3,129,23,24,204,5,256,58,0,58,314
11/14/2003,SRQ,FL,ASO,ES,Combined TRACON& Tower with Radar,27,30,84,0,141,0,7,209,0,216,27,37,293,0,357,102,0,102,459
11/15/2003,SRQ,FL,ASO,ES,Combined TRACON& Tower with Radar,20,17,61,0,98,8,0,228,0,236,28,17,289,0,334,108,0,108,442
11/16/2003,SRQ,FL,ASO,ES,Combined TRACON& Tower with Radar,25,29,79,2,135,1,4,176,6,187,26,33,255,8,322,158,0,158,480
11/17/2003,SRQ,FL,ASO,ES,Combined TRACON& Tower with Radar,27,31,86,2,146,0,2,164,3,169,27,33,250,5,315,48,0,48,363
11/18/2003,SRQ,FL,ASO,ES,Combined TRACON& Tower with Radar,21,23,65,2,111,4,7,49,2,62,25,30,114,4,173,36,0,36,209
11/19/2003,SRQ,FL,ASO,ES,Combined TRACON& Tower with Radar,21,22,66,2,111,0,0,151,12,163,21,22,217,14,274,92,8,100,374
11/20/2003,SRQ,FL,ASO,ES,Combined TRACON& Tower with Radar,29,33,89,2,153,0,18,189,61,268,29,51,278,63,421,56,0,56,477
11/21/2003,SRQ,FL,ASO,ES,Combined TRACON& Tower with Radar,26,25,81,2,134,1,0,179,4,184,27,25,260,6,318,62,0,62,380
11/22/2003,SRQ,FL,ASO,ES,Combined TRACON& Tower with Radar,20,20,61,0,101,8,0,190,0,198,28,20,251,0,299,82,0,82,381
11/23/2003,SRQ,FL,ASO,ES,Combined TRACON& Tower with Radar,24,26,72,0,122,3,1,174,0,178,27,27,246,0,300,92,0,92,392
11/24/2003,SRQ,FL,ASO,ES,Combined TRACON& Tower with Radar,21,24,65,1,111,3,4,156,0,163,24,28,221,1,274,64,0,64,338
11/25/2003,SRQ,FL,ASO,ES,Combined TRACON& Tower with Radar,23,41,123,0,187,0,0,103,0,103,23,41,226,0,290,104,0,104,394
11/26/2003,SRQ,FL,ASO,ES,Combined TRACON& Tower with Radar,24,40,110,2,176,0,6,159,2,167,24,46,269,4,343,64,0,64,407
11/27/2003,SRQ,FL,ASO,ES,Combined TRACON& Tower with Radar,15,16,45,0,76,6,1,59,0,66,21,17,104,0,142,74,0,74,216
11/28/2003,SRQ,FL,ASO,ES,Combined TRACON& Tower with Radar,19,22,62,0,103,5,7,163,0,175,24,29,225,0,278,72,0,72,350
11/29/2003,SRQ,FL,ASO,ES,Combined TRACON& Tower with Radar,24,22,75,0,121,5,0,195,0,200,29,22,270,0,321,24,0,24,345
11/30/2003,SRQ,FL,ASO,ES,Combined TRACON& Tower with Radar,26,32,121,0,179,0,0,186,0,186,26,32,307,0,365,28,0,28,393
12/01/2003,SRQ,FL,ASO,ES,Combined TRACON& Tower with Radar,24,31,79,0,134,0,10,135,0,145,24,41,214,0,279,38,0,38,317
12/02/2003,SRQ,FL,ASO,ES,Combined TRACON& Tower with Radar,26,25,67,1,119,0,1,153,3,157,26,26,220,4,276,164,0,164,440
12/03/2003,SRQ,FL,ASO,ES,Combined TRACON& Tower with Radar,20,21,57,1,99,0,5,181,1,187,20,26,238,2,286,134,0,134,420
12/04/2003,SRQ,FL,ASO,ES,Combined TRACON& Tower with Radar,25,33,85,0,143,0,6,203,0,209,25,39,288,0,352,102,0,102,454
12/05/2003,SRQ,FL,ASO,ES,Combined TRACON& Tower with Radar,24,32,92,2,150,0,0,185,0,185,24,32,277,2,335,64,0,64,399
12/06/2003,SRQ,FL,ASO,ES,Combined TRACON& Tower with Radar,20,11,50,1,82,9,0,95,4,108,29,11,145,5,190,0,0,0,190
12/07/2003,SRQ,FL,ASO,ES,Combined TRACON& Tower with Radar,24,23,61,1,109,0,11,137,1,149,24,34,198,2,258,62,0,62,320
12/08/2003,SRQ,FL,ASO,ES,Combined TRACON& Tower with Radar,20,18,50,0,88,6,1,146,0,153,26,19,196,0,241,152,0,152,393
12/09/2003,SRQ,FL,ASO,ES,Combined TRACON& Tower with Radar,25,25,65,2,117,0,5,169,7,181,25,30,234,9,298,56,6,62,360
12/10/2003,SRQ,FL,ASO,ES,Combined TRACON& Tower with Radar,24,29,76,2,131,0,12,81,0,93,24,41,157,2,224,56,0,56,280
12/11/2003,SRQ,FL,ASO,ES,Combined TRACON& Tower with Radar,28,30,92,3,153,0,0,206,5,211,28,30,298,8,364,68,0,68,432
12/12/2003,SRQ,FL,ASO,ES,Combined TRACON& Tower with Radar,30,35,90,0,155,0,5,181,0,186,30,40,271,0,341,100,0,100,441
12/13/2003,SRQ,FL,ASO,ES,Combined TRACON& Tower with Radar,25,14,64,2,105,7,0,173,6,186,32,14,237,8,291,44,0,44,335
12/14/2003,SRQ,FL,ASO,ES,Combined TRACON& Tower with Radar,21,23,55,2,101,1,1,53,8,63,22,24,108,10,164,18,4,22,186
12/15/2003,SRQ,FL,ASO,ES,Combined TRACON& Tower with Radar,22,24,58,0,104,1,6,176,0,183,23,30,234,0,287,114,0,114,401
12/16/2003,SRQ,FL,ASO,ES,Combined TRACON& Tower with Radar,24,29,72,2,127,0,7,166,0,173,24,36,238,2,300,78,0,78,378
12/17/2003,SRQ,FL,ASO,ES,Combined TRACON& Tower with Radar,26,27,66,2,121,0,4,56,2,62,26,31,122,4,183,46,0,46,229
12/18/2003,SRQ,FL,ASO,ES,Combined TRACON& Tower with Radar,32,32,80,2,146,9,5,151,8,173,41,37,231,10,319,0,0,0,319
12/19/2003,SRQ,FL,ASO,ES,Combined TRACON& Tower with Radar,28,32,80,2,142,0,7,145,0,152,28,39,225,2,294,140,0,140,434
12/20/2003,SRQ,FL,ASO,ES,Combined TRACON& Tower with Radar,25,27,66,0,118,4,3,195,0,202,29,30,261,0,320,44,0,44,364
12/21/2003,SRQ,FL,ASO,ES,Combined TRACON& Tower with Radar,30,30,75,0,135,8,2,225,0,235,38,32,300,0,370,62,0,62,432
12/22/2003,SRQ,FL,ASO,ES,Combined TRACON& Tower with Radar,28,27,71,0,126,4,0,213,0,217,32,27,284,0,343,118,0,118,461
12/23/2003,SRQ,FL,ASO,ES,Combined TRACON& Tower with Radar,25,26,66,0,117,5,0,165,0,170,30,26,231,0,287,126,0,126,413
12/24/2003,SRQ,FL,ASO,ES,Combined TRACON& Tower with Radar,18,19,46,0,83,13,4,76,0,93,31,23,122,0,176,14,0,14,190
12/25/2003,SRQ,FL,ASO,ES,Combined TRACON& Tower with Radar,15,16,38,1,70,9,14,29,1,53,24,30,67,2,123,2,0,2,125
12/26/2003,SRQ,FL,ASO,ES,Combined TRACON& Tower with Radar,28,44,109,0,181,0,3,201,0,204,28,47,310,0,385,186,0,186,571
12/27/2003,SRQ,FL,ASO,ES,Combined TRACON& Tower with Radar,35,41,108,0,184,0,0,308,0,308,35,41,416,0,492,112,0,112,604
12/28/2003,SRQ,FL,ASO,ES,Combined TRACON& Tower with Radar,32,25,81,0,138,2,0,183,0,185,34,25,264,0,323,58,0,58,381
12/29/2003,SRQ,FL,ASO,ES,Combined TRACON& Tower with Radar,28,30,75,0,133,3,8,128,0,139,31,38,203,0,272,40,0,40,312
12/30/2003,SRQ,FL,ASO,ES,Combined TRACON& Tower with Radar,32,32,81,0,145,2,2,193,0,197,34,34,274,0,342,90,0,90,432
12/31/2003,SRQ,FL,ASO,ES,Combined TRACON& Tower with Radar,22,23,58,1,104,5,10,169,3,187,27,33,227,4,291,113,0,113,404
01/01/2004,SRQ,FL,ASO,ES,Combined TRACON& Tower with Radar,24,26,72,0,122,0,6,124,0,130,24,32,196,0,252,94,0,94,346
01/02/2004,SRQ,FL,ASO,ES,Combined TRACON& Tower with Radar,30,32,87,0,149,2,3,187,0,192,32,35,274,0,341,68,0,68,409
01/03/2004,SRQ,FL,ASO,ES,Combined TRACON& Tower with Radar,33,36,98,0,167,3,3,174,0,180,36,39,272,0,347,62,0,62,409
01/04/2004,SRQ,FL,ASO,ES,Combined TRACON& Tower with Radar,32,33,101,0,166,0,0,207,0,207,32,33,308,0,373,84,0,84,457
01/05/2004,SRQ,FL,ASO,ES,Combined TRACON& Tower with Radar,25,26,74,0,125,7,3,137,0,147,32,29,211,0,272,16,0,16,288
01/06/2004,SRQ,FL,ASO,ES,Combined TRACON& Tower with Radar,23,24,65,0,112,8,3,152,0,163,31,27,217,0,275,58,0,58,333
01/07/2004,SRQ,FL,ASO,ES,Combined TRACON& Tower with Radar,23,36,96,1,156,0,0,134,10,144,23,36,230,11,300,28,26,54,354
01/08/2004,SRQ,FL,ASO,ES,Combined TRACON& Tower with Radar,21,34,90,0,145,0,3,177,0,180,21,37,267,0,325,100,0,100,425
01/09/2004,SRQ,FL,ASO,ES,Combined TRACON& Tower with Radar,24,27,70,1,122,0,10,170,2,182,24,37,240,3,304,110,0,110,414
01/10/2004,SRQ,FL,ASO,ES,Combined TRACON& Tower with Radar,25,29,74,0,128,3,8,64,0,75,28,37,138,0,203,40,0,40,243
01/11/2004,SRQ,FL,ASO,ES,Combined TRACON& Tower with Radar,26,24,76,0,126,3,0,149,0,152,29,24,225,0,278,58,0,58,336
01/12/2004,SRQ,FL,ASO,ES,Combined TRACON& Tower with Radar,25,29,76,1,131,4,8,137,0,149,29,37,213,1,280,96,16,112,392
01/13/2004,SRQ,FL,ASO,ES,Combined TRACON& Tower with Radar,26,28,79,0,133,6,0,189,0,195,32,28,268,0,328,40,0,40,368
01/14/2004,SRQ,FL,ASO,ES,Combined TRACON& Tower with Radar,23,33,86,0,142,0,13,192,0,205,23,46,278,0,347,30,0,30,377
01/15/2004,SRQ,FL,ASO,ES,Combined TRACON& Tower with Radar,27,37,99,2,165,0,5,184,12,201,27,42,283,14,366,86,0,86,452
01/16/2004,SRQ,FL,ASO,ES,Combined TRACON& Tower with Radar,29,38,99,2,168,0,3,211,0,214,29,41,310,2,382,52,8,60,442
01/17/2004,SRQ,FL,ASO,ES,Combined TRACON& Tower with Radar,28,31,84,0,143,4,0,155,0,159,32,31,239,0,302,88,0,88,390
01/18/2004,SRQ,FL,ASO,ES,Combined TRACON& Tower with Radar,34,20,104,2,160,0,0,82,0,82,34,20,186,2,242,82,4,86,328
01/19/2004,SRQ,FL,ASO,ES,Combined TRACON& Tower with Radar,22,25,67,1,115,6,0,65,5,76,28,25,132,6,191,30,0,30,221
01/20/2004,SRQ,FL,ASO,ES,Combined TRACON& Tower with Radar,29,34,89,2,154,1,9,179,0,189,30,43,268,2,343,70,0,70,413
01/21/2004,SRQ,FL,ASO,ES,Combined TRACON& Tower with Radar,30,36,108,1,175,0,0,183,8,191,30,36,291,9,366,126,0,126,492
01/22/2004,SRQ,FL,ASO,ES,Combined TRACON& Tower with Radar,25,37,96,1,159,0,3,178,10,191,25,40,274,11,350,140,6,146,496
01/23/2004,SRQ,FL,ASO,ES,Combined TRACON& Tower with Radar,30,38,101,0,169,0,8,295,0,303,30,46,396,0,472,94,0,94,566
01/24/2004,SRQ,FL,ASO,ES,Combined TRACON& Tower with Radar,24,27,74,0,125,7,0,219,0,226,31,27,293,0,351,140,0,140,491
01/25/2004,SRQ,FL,ASO,ES,Combined TRACON& Tower with Radar,24,27,73,0,124,4,4,126,0,134,28,31,199,0,258,86,0,86,344
01/26/2004,SRQ,FL,ASO,ES,Combined TRACON& Tower with Radar,24,28,74,0,126,4,0,99,0,103,28,28,173,0,229,48,0,48,277
01/27/2004,SRQ,FL,ASO,ES,Combined TRACON& Tower with Radar,25,29,76,0,130,2,6,61,0,69,27,35,137,0,199,40,0,40,239
01/28/2004,SRQ,FL,ASO,ES,Combined TRACON& Tower with Radar,25,33,87,1,146,0,10,130,1,141,25,43,217,2,287,28,0,28,315
01/29/2004,SRQ,FL,ASO,ES,Combined TRACON& Tower with Radar,28,35,94,0,157,0,11,265,0,276,28,46,359,0,433,116,0,116,549
01/30/2004,SRQ,FL,ASO,ES,Combined TRACON& Tower with Radar,26,40,104,1,171,0,5,117,1,123,26,45,221,2,294,62,0,62,356
01/31/2004,SRQ,FL,ASO,ES,Combined TRACON& Tower with Radar,29,33,89,0,151,6,1,113,0,120,35,34,202,0,271,90,0,90,361
02/01/2004,SRQ,FL,ASO,ES,Combined TRACON& Tower with Radar,24,26,67,1,118,4,8,34,7,53,28,34,101,8,171,0,8,8,179
02/02/2004,SRQ,FL,ASO,ES,Combined TRACON& Tower with Radar,29,38,96,2,165,0,0,74,3,77,29,38,170,5,242,70,8,78,320
02/03/2004,SRQ,FL,ASO,ES,Combined TRACON& Tower with Radar,24,30,78,0,132,0,10,143,0,153,24,40,221,0,285,70,0,70,355
02/04/2004,SRQ,FL,ASO,ES,Combined TRACON& Tower with Radar,32,45,122,0,199,0,0,203,0,203,32,45,325,0,402,112,0,112,514
02/05/2004,SRQ,FL,ASO,ES,Combined TRACON& Tower with Radar,25,33,85,0,143,0,6,217,0,223,25,39,302,0,366,60,0,60,426
02/06/2004,SRQ,FL,ASO,ES,Combined TRACON& Tower with Radar,27,29,76,2,134,3,9,128,4,144,30,38,204,6,278,42,0,42,320
02/07/2004,SRQ,FL,ASO,ES,Combined TRACON& Tower with Radar,28,31,80,2,141,3,1,60,4,68,31,32,140,6,209,20,12,32,241
02/08/2004,SRQ,FL,ASO,ES,Combined TRACON& Tower with Radar,32,34,88,0,154,0,6,102,0,108,32,40,190,0,262,12,0,12,274
02/09/2004,SRQ,FL,ASO,ES,Combined TRACON& Tower with Radar,30,33,85,0,148,1,5,132,0,138,31,38,217,0,286,20,0,20,306
02/10/2004,SRQ,FL,ASO,ES,Combined TRACON& Tower with Radar,33,36,94,2,165,0,0,148,4,152,33,36,242,6,317,14,2,16,333
02/11/2004,SRQ,FL,ASO,ES,Combined TRACON& Tower with Radar,31,39,95,2,167,0,7,113,5,125,31,46,208,7,292,62,0,62,354
02/12/2004,SRQ,FL,ASO,ES,Combined TRACON& Tower with Radar,32,50,122,3,207,0,13,73,12,98,32,63,195,15,305,38,0,38,343
02/13/2004,SRQ,FL,ASO,ES,Combined TRACON& Tower with Radar,39,46,150,0,235,0,0,88,0,88,39,46,238,0,323,28,0,28,351
02/14/2004,SRQ,FL,ASO,ES,Combined TRACON& Tower with Radar,30,35,85,0,150,13,4,67,0,84,43,39,152,0,234,62,0,62,296
02/15/2004,SRQ,FL,ASO,ES,Combined TRACON& Tower with Radar,39,46,114,4,203,0,5,48,9,62,39,51,162,13,265,60,12,72,337
02/16/2004,SRQ,FL,ASO,ES,Combined TRACON& Tower with Radar,36,51,128,0,215,0,0,192,0,192,36,51,320,0,407,128,0,128,535
02/17/2004,SRQ,FL,ASO,ES,Combined TRACON& Tower with Radar,38,44,110,4,196,1,0,79,0,80,39,44,189,4,276,80,0,80,356
02/18/2004,SRQ,FL,ASO,ES,Combined TRACON& Tower with Radar,39,45,112,0,196,1,0,291,0,292,40,45,403,0,488,50,0,50,538
02/19/2004,SRQ,FL,ASO,ES,Combined TRACON& Tower with Radar,32,37,91,0,160,5,1,268,0,274,37,38,359,0,434,50,0,50,484
02/20/2004,SRQ,FL,ASO,ES,Combined TRACON& Tower with Radar,29,33,83,0,145,12,0,217,0,229,41,33,300,0,374,118,0,118,492
02/21/2004,SRQ,FL,ASO,ES,Combined TRACON& Tower with Radar,36,40,102,3,181,0,0,169,5,174,36,40,271,8,355,56,14,70,425
02/22/2004,SRQ,FL,ASO,ES,Combined TRACON& Tower with Radar,36,41,102,3,182,3,3,115,0,121,39,44,217,3,303,40,0,40,343
02/23/2004,SRQ,FL,ASO,ES,Combined TRACON& Tower with Radar,34,40,97,0,171,0,14,161,0,175,34,54,258,0,346,46,0,46,392
02/24/2004,SRQ,FL,ASO,ES,Combined TRACON& Tower with Radar,32,37,92,3,164,4,1,28,7,40,36,38,120,10,204,6,0,6,210
02/25/2004,SRQ,FL,ASO,ES,Combined TRACON& Tower with Radar,32,37,92,0,161,7,7,39,0,53,39,44,131,0,214,16,0,16,230
02/26/2004,SRQ,FL,ASO,ES,Combined TRACON& Tower with Radar,35,44,114,4,197,0,0,213,0,213,35,44,327,4,410,126,0,126,536
02/27/2004,SRQ,FL,ASO,ES,Combined TRACON& Tower with Radar,35,35,119,4,193,0,0,92,6,98,35,35,211,10,291,64,4,68,359
02/28/2004,SRQ,FL,ASO,ES,Combined TRACON& Tower with Radar,30,33,87,0,150,15,0,162,0,177,45,33,249,0,327,50,0,50,377
02/29/2004,SRQ,FL,ASO,ES,Combined TRACON& Tower with Radar,34,35,98,2,169,5,0,173,8,186,39,35,271,10,355,24,0,24,379
03/01/2004,SRQ,FL,ASO,ES,Combined TRACON& Tower with Radar,33,34,83,2,152,5,5,146,2,158,38,39,229,4,310,82,10,92,402
03/02/2004,SRQ,FL,ASO,ES,Combined TRACON& Tower with Radar,32,32,80,0,144,6,7,161,0,174,38,39,241,0,318,88,0,88,406
03/03/2004,SRQ,FL,ASO,ES,Combined TRACON& Tower with Radar,37,41,101,1,180,0,5,226,0,231,37,46,327,1,411,76,0,76,487
03/04/2004,SRQ,FL,ASO,ES,Combined TRACON& Tower with Radar,37,41,103,2,183,0,0,245,0,245,37,41,348,2,428,48,0,48,476
03/05/2004,SRQ,FL,ASO,ES,Combined TRACON& Tower with Radar,39,42,108,3,192,0,0,152,3,155,39,42,260,6,347,48,2,50,397
03/06/2004,SRQ,FL,ASO,ES,Combined TRACON& Tower with Radar,36,36,89,0,161,8,9,133,0,150,44,45,222,0,311,92,0,92,403
03/07/2004,SRQ,FL,ASO,ES,Combined TRACON& Tower with Radar,32,28,93,3,156,0,0,7,8,15,32,28,100,11,171,0,0,0,171
03/08/2004,SRQ,FL,ASO,ES,Combined TRACON& Tower with Radar,36,36,89,0,161,0,3,160,0,163,36,39,249,0,324,64,0,64,388
03/09/2004,SRQ,FL,ASO,ES,Combined TRACON& Tower with Radar,31,31,77,0,139,7,13,253,0,273,38,44,330,0,412,168,0,168,580
03/10/2004,SRQ,FL,ASO,ES,Combined TRACON& Tower with Radar,36,41,100,3,180,0,5,217,0,222,36,46,317,3,402,70,0,70,472
03/11/2004,SRQ,FL,ASO,ES,Combined TRACON& Tower with Radar,30,30,72,2,134,6,6,231,1,244,36,36,303,3,378,144,0,144,522
03/12/2004,SRQ,FL,ASO,ES,Combined TRACON& Tower with Radar,33,42,105,4,184,0,2,222,4,228,33,44,327,8,412,168,0,168,580
03/13/2004,SRQ,FL,ASO,ES,Combined TRACON& Tower with Radar,35,33,85,0,153,8,0,175,0,183,43,33,260,0,336,38,0,38,374
03/14/2004,SRQ,FL,ASO,ES,Combined TRACON& Tower with Radar,35,35,86,1,157,0,11,138,0,149,35,46,224,1,306,22,0,22,328
03/15/2004,SRQ,FL,ASO,ES,Combined TRACON& Tower with Radar,38,36,105,4,183,0,0,103,2,105,38,36,208,6,288,58,18,76,364
03/16/2004,SRQ,FL,ASO,ES,Combined TRACON& Tower with Radar,31,29,73,0,133,3,14,77,0,94,34,43,150,0,227,30,0,30,257
03/17/2004,SRQ,FL,ASO,ES,Combined TRACON& Tower with Radar,41,45,113,4,203,0,4,200,9,213,41,49,313,13,416,104,16,120,536
03/18/2004,SRQ,FL,ASO,ES,Combined TRACON& Tower with Radar,39,39,98,0,176,0,3,256,0,259,39,42,354,0,435,172,0,172,607
03/19/2004,SRQ,FL,ASO,ES,Combined TRACON& Tower with Radar,34,36,91,4,165,0,0,279,4,283,34,36,370,8,448,76,4,80,528
03/20/2004,SRQ,FL,ASO,ES,Combined TRACON& Tower with Radar,37,47,117,0,201,0,1,213,0,214,37,48,330,0,415,66,0,66,481
03/21/2004,SRQ,FL,ASO,ES,Combined TRACON& Tower with Radar,40,37,98,2,177,5,0,195,0,200,45,37,293,2,377,114,0,114,491
03/22/2004,SRQ,FL,ASO,ES,Combined TRACON& Tower with Radar,42,41,102,4,189,1,12,168,10,191,43,53,270,14,380,46,0,46,426
03/23/2004,SRQ,FL,ASO,ES,Combined TRACON& Tower with Radar,29,29,72,3,133,10,6,178,4,198,39,35,250,7,331,96,32,128,459
03/24/2004,SRQ,FL,ASO,ES,Combined TRACON& Tower with Radar,28,27,68,0,123,7,17,175,0,199,35,44,243,0,322,24,0,24,346
03/25/2004,SRQ,FL,ASO,ES,Combined TRACON& Tower with Radar,36,39,99,1,175,0,14,141,0,155,36,53,240,1,330,96,0,96,426
03/26/2004,SRQ,FL,ASO,ES,Combined TRACON& Tower with Radar,36,40,101,4,181,0,5,151,3,159,36,45,252,7,340,60,0,60,400
03/27/2004,SRQ,FL,ASO,ES,Combined TRACON& Tower with Radar,38,37,92,3,170,10,1,159,0,170,48,38,251,3,340,110,0,110,450
03/28/2004,SRQ,FL,ASO,ES,Combined TRACON& Tower with Radar,36,45,113,3,197,0,2,169,4,175,36,47,282,7,372,98,0,98,470
03/29/2004,SRQ,FL,ASO,ES,Combined TRACON& Tower with Radar,37,36,89,2,164,3,12,175,3,193,40,48,264,5,357,110,6,116,473
03/30/2004,SRQ,FL,ASO,ES,Combined TRACON& Tower with Radar,38,37,93,3,171,4,1,253,13,271,42,38,346,16,442,78,0,78,520
03/31/2004,SRQ,FL,ASO,ES,Combined TRACON& Tower with Radar,41,40,100,0,181,0,4,198,0,202,41,44,298,0,383,96,0,96,479
04/01/2004,SRQ,FL,ASO,ES,Combined TRACON& Tower with Radar,34,34,87,1,156,0,1,236,1,238,34,35,323,2,394,10,0,10,404
04/02/2004,SRQ,FL,ASO,ES,Combined TRACON& Tower with Radar,37,36,94,2,169,1,4,204,1,210,38,40,298,3,379,81,0,81,460
04/03/2004,SRQ,FL,ASO,ES,Combined TRACON& Tower with Radar,39,33,99,0,171,13,0,169,0,182,52,33,268,0,353,82,0,82,435
04/04/2004,SRQ,FL,ASO,ES,Combined TRACON& Tower with Radar,35,34,87,1,157,1,7,130,3,141,36,41,217,4,298,50,2,52,350
04/05/2004,SRQ,FL,ASO,ES,Combined TRACON& Tower with Radar,31,30,77,0,138,5,18,166,0,189,36,48,243,0,327,40,0,40,367
04/06/2004,SRQ,FL,ASO,ES,Combined TRACON& Tower with Radar,30,29,76,1,136,7,13,225,5,250,37,42,301,6,386,70,3,73,459
04/07/2004,SRQ,FL,ASO,ES,Combined TRACON& Tower with Radar,33,33,84,1,151,5,14,159,7,185,38,47,243,8,336,106,16,122,458
04/08/2004,SRQ,FL,ASO,ES,Combined TRACON& Tower with Radar,36,47,146,0,229,0,0,157,0,157,36,47,303,0,386,80,0,80,466
04/09/2004,SRQ,FL,ASO,ES,Combined TRACON& Tower with Radar,35,34,90,2,161,0,14,164,0,178,35,48,254,2,339,104,0,104,443
04/10/2004,SRQ,FL,ASO,ES,Combined TRACON& Tower with Radar,38,35,98,1,172,0,0,125,0,125,38,35,223,1,297,48,0,48,345
04/11/2004,SRQ,FL,ASO,ES,Combined TRACON& Tower with Radar,36,36,90,0,162,2,9,125,0,136,38,45,215,0,298,34,0,34,332
04/12/2004,SRQ,FL,ASO,ES,Combined TRACON& Tower with Radar,30,31,76,0,137,2,10,24,0,36,32,41,100,0,173,0,0,0,173
04/13/2004,SRQ,FL,ASO,ES,Combined TRACON& Tower with Radar,35,46,114,2,197,0,6,115,0,121,35,52,229,2,318,6,0,6,324
04/14/2004,SRQ,FL,ASO,ES,Combined TRACON& Tower with Radar,33,44,110,3,190,0,2,153,8,163,33,46,263,11,353,0,0,0,353
04/15/2004,SRQ,FL,ASO,ES,Combined TRACON& Tower with Radar,31,41,100,1,173,0,3,247,0,250,31,44,347,1,423,86,0,86,509
04/16/2004,SRQ,FL,ASO,ES,Combined TRACON& Tower with Radar,35,43,106,2,186,0,10,232,0,242,35,53,338,2,428,72,0,72,500
04/17/2004,SRQ,FL,ASO,ES,Combined TRACON& Tower with Radar,38,36,96,1,171,4,0,191,0,195,42,36,287,1,366,68,0,68,434
04/18/2004,SRQ,FL,ASO,ES,Combined TRACON& Tower with Radar,33,31,84,2,150,6,0,168,5,179,39,31,252,7,329,144,0,144,473
04/19/2004,SRQ,FL,ASO,ES,Combined TRACON& Tower with Radar,35,45,112,3,195,0,5,160,1,166,35,50,272,4,361,48,16,64,425
04/20/2004,SRQ,FL,ASO,ES,Combined TRACON& Tower with Radar,36,28,104,3,171,0,0,205,13,218,36,28,309,16,389,194,18,212,601
04/21/2004,SRQ,FL,ASO,ES,Combined TRACON& Tower with Radar,35,36,91,0,162,3,0,200,0,203,38,36,291,0,365,148,0,148,513
04/22/2004,SRQ,FL,ASO,ES,Combined TRACON& Tower with Radar,33,37,94,3,167,0,5,257,7,269,33,42,351,10,436,130,4,134,570
04/23/2004,SRQ,FL,ASO,ES,Combined TRACON& Tower with Radar,34,36,88,0,158,6,1,155,0,162,40,37,243,0,320,72,0,72,392
04/24/2004,SRQ,FL,ASO,ES,Combined TRACON& Tower with Radar,37,25,94,0,156,5,0,215,0,220,42,25,309,0,376,106,0,106,482
04/25/2004,SRQ,FL,ASO,ES,Combined TRACON& Tower with Radar,33,34,84,0,151,4,4,160,0,168,37,38,244,0,319,48,0,48,367
04/26/2004,SRQ,FL,ASO,ES,Combined TRACON& Tower with Radar,29,29,73,0,131,10,12,230,0,252,39,41,303,0,383,110,0,110,493
04/27/2004,SRQ,FL,ASO,ES,Combined TRACON& Tower with Radar,27,26,68,1,122,11,0,79,0,90,38,26,147,1,212,110,0,110,322
04/28/2004,SRQ,FL,ASO,ES,Combined TRACON& Tower with Radar,34,33,91,2,160,0,0,203,0,203,34,33,294,2,363,132,0,132,495
04/29/2004,SRQ,FL,ASO,ES,Combined TRACON& Tower with Radar,35,35,90,0,160,0,0,150,0,150,35,35,240,0,310,140,0,140,450
04/30/2004,SRQ,FL,ASO,ES,Combined TRACON& Tower with Radar,31,38,98,2,169,0,12,118,3,133,31,50,216,5,302,121,4,125,427
05/01/2004,SRQ,FL,ASO,ES,Combined TRACON& Tower with Radar,31,36,79,0,146,3,1,143,0,147,34,37,222,0,293,96,0,96,389
05/02/2004,SRQ,FL,ASO,ES,Combined TRACON& Tower with Radar,23,35,77,0,135,0,20,125,0,145,23,55,202,0,280,82,0,82,362
05/03/2004,SRQ,FL,ASO,ES,Combined TRACON& Tower with Radar,29,34,74,2,139,0,12,42,15,69,29,46,116,17,208,56,8,64,272
05/04/2004,SRQ,FL,ASO,ES,Combined TRACON& Tower with Radar,30,40,87,3,160,0,31,265,15,311,30,71,352,18,471,92,2,94,565
05/05/2004,SRQ,FL,ASO,ES,Combined TRACON& Tower with Radar,28,35,77,1,141,0,12,194,0,206,28,47,271,1,347,106,0,106,453
05/06/2004,SRQ,FL,ASO,ES,Combined TRACON& Tower with Radar,25,33,73,2,133,0,5,200,1,206,25,38,273,3,339,138,0,138,477
05/07/2004,SRQ,FL,ASO,ES,Combined TRACON& Tower with Radar,25,43,92,0,160,0,0,215,0,215,25,43,307,0,375,136,0,136,511
05/08/2004,SRQ,FL,ASO,ES,Combined TRACON& Tower with Radar,27,29,68,2,126,3,0,171,0,174,30,29,239,2,300,92,0,92,392
05/09/2004,SRQ,FL,ASO,ES,Combined TRACON& Tower with Radar,21,29,62,2,114,0,7,132,0,139,21,36,194,2,253,76,0,76,329
05/10/2004,SRQ,FL,ASO,ES,Combined TRACON& Tower with Radar,25,39,83,0,147,0,24,136,0,160,25,63,219,0,307,242,0,242,549
05/11/2004,SRQ,FL,ASO,ES,Combined TRACON& Tower with Radar,23,33,72,2,130,0,16,159,0,175,23,49,231,2,305,192,0,192,497
05/12/2004,SRQ,FL,ASO,ES,Combined TRACON& Tower with Radar,24,38,82,2,146,0,5,137,8,150,24,43,219,10,296,76,16,92,388
05/13/2004,SRQ,FL,ASO,ES,Combined TRACON& Tower with Radar,21,33,72,2,128,0,4,162,0,166,21,37,234,2,294,88,0,88,382
05/14/2004,SRQ,FL,ASO,ES,Combined TRACON& Tower with Radar,26,39,82,2,149,0,2,157,0,159,26,41,239,2,308,38,0,38,346
05/15/2004,SRQ,FL,ASO,ES,Combined TRACON& Tower with Radar,30,27,84,3,144,0,0,199,2,201,30,27,283,5,345,194,10,204,549
05/16/2004,SRQ,FL,ASO,ES,Combined TRACON& Tower with Radar,24,30,64,2,120,2,0,105,0,107,26,30,169,2,227,80,0,80,307
05/17/2004,SRQ,FL,ASO,ES,Combined TRACON& Tower with Radar,24,31,63,2,120,2,14,132,0,148,26,45,195,2,268,118,0,118,386
05/18/2004,SRQ,FL,ASO,ES,Combined TRACON& Tower with Radar,29,35,73,2,139,5,1,194,0,200,34,36,267,2,339,146,0,146,485
05/19/2004,SRQ,FL,ASO,ES,Combined TRACON& Tower with Radar,25,32,67,3,127,4,6,187,11,208,29,38,254,14,335,136,0,136,471
05/20/2004,SRQ,FL,ASO,ES,Combined TRACON& Tower with Radar,29,37,77,0,143,0,0,213,0,213,29,37,290,0,356,90,0,90,446
05/21/2004,SRQ,FL,ASO,ES,Combined TRACON& Tower with Radar,21,32,76,0,129,0,0,224,0,224,21,32,300,0,353,114,0,114,467
05/22/2004,SRQ,FL,ASO,ES,Combined TRACON& Tower with Radar,24,27,62,0,113,10,0,223,0,233,34,27,285,0,346,92,0,92,438
05/23/2004,SRQ,FL,ASO,ES,Combined TRACON& Tower with Radar,26,32,67,1,126,3,1,140,0,144,29,33,207,1,270,52,0,52,322
05/24/2004,SRQ,FL,ASO,ES,Combined TRACON& Tower with Radar,29,36,76,3,144,5,6,145,8,164,34,42,221,11,308,112,18,130,438
05/25/2004,SRQ,FL,ASO,ES,Combined TRACON& Tower with Radar,21,27,56,2,106,6,3,163,0,172,27,30,219,2,278,114,0,114,392
05/26/2004,SRQ,FL,ASO,ES,Combined TRACON& Tower with Radar,26,33,68,2,129,3,4,207,0,214,29,37,275,2,343,116,0,116,459
05/27/2004,SRQ,FL,ASO,ES,Combined TRACON& Tower with Radar,28,38,79,3,148,0,3,221,5,229,28,41,300,8,377,188,10,198,575
05/28/2004,SRQ,FL,ASO,ES,Combined TRACON& Tower with Radar,27,27,71,0,125,3,0,214,0,217,30,27,285,0,342,102,0,102,444
05/29/2004,SRQ,FL,ASO,ES,Combined TRACON& Tower with Radar,22,26,58,0,106,11,0,126,0,137,33,26,184,0,243,118,0,118,361
05/30/2004,SRQ,FL,ASO,ES,Combined TRACON& Tower with Radar,23,29,61,0,113,7,0,141,0,148,30,29,202,0,261,36,0,36,297
05/31/2004,SRQ,FL,ASO,ES,Combined TRACON& Tower with Radar,26,22,69,0,117,11,0,181,0,192,37,22,250,0,309,108,0,108,417
06/01/2004,SRQ,FL,ASO,ES,Combined TRACON& Tower with Radar,30,29,65,1,125,0,2,151,1,154,30,31,216,2,279,106,2,108,387
06/02/2004,SRQ,FL,ASO,ES,Combined TRACON& Tower with Radar,26,25,56,0,107,5,7,155,0,167,31,32,211,0,274,116,0,116,390
06/03/2004,SRQ,FL,ASO,ES,Combined TRACON& Tower with Radar,25,25,58,0,108,0,0,169,0,169,25,25,227,0,277,128,0,128,405
06/04/2004,SRQ,FL,ASO,ES,Combined TRACON& Tower with Radar,32,30,67,1,130,7,4,131,7,149,39,34,198,8,279,94,0,94,373
06/05/2004,SRQ,FL,ASO,ES,Combined TRACON& Tower with Radar,25,21,53,1,100,5,0,85,21,111,30,21,138,22,211,142,0,142,353
06/06/2004,SRQ,FL,ASO,ES,Combined TRACON& Tower with Radar,24,22,51,0,97,3,4,99,0,106,27,26,150,0,203,78,0,78,281
06/07/2004,SRQ,FL,ASO,ES,Combined TRACON& Tower with Radar,23,22,49,1,95,4,9,76,4,93,27,31,125,5,188,124,0,124,312
06/08/2004,SRQ,FL,ASO,ES,Combined TRACON& Tower with Radar,26,25,56,1,108,0,0,151,1,152,26,25,207,2,260,112,0,112,372
06/09/2004,SRQ,FL,ASO,ES,Combined TRACON& Tower with Radar,29,30,69,1,129,0,0,152,11,163,29,30,221,12,292,142,0,142,434
06/10/2004,SRQ,FL,ASO,ES,Combined TRACON& Tower with Radar,27,22,64,0,113,0,0,171,0,171,27,22,235,0,284,90,0,90,374
06/11/2004,SRQ,FL,ASO,ES,Combined TRACON& Tower with Radar,27,26,62,2,117,0,1,138,6,145,27,27,200,8,262,170,0,170,432
06/12/2004,SRQ,FL,ASO,ES,Combined TRACON& Tower with Radar,24,21,49,0,94,0,4,144,0,148,24,25,193,0,242,50,0,50,292
06/13/2004,SRQ,FL,ASO,ES,Combined TRACON& Tower with Radar,23,20,45,0,88,5,4,118,0,127,28,24,163,0,215,38,0,38,253
06/14/2004,SRQ,FL,ASO,ES,Combined TRACON& Tower with Radar,23,20,46,2,91,6,44,110,0,160,29,64,156,2,251,114,0,114,365
06/15/2004,SRQ,FL,ASO,ES,Combined TRACON& Tower with Radar,25,21,49,2,97,2,2,121,5,130,27,23,170,7,227,128,14,142,369
06/16/2004,SRQ,FL,ASO,ES,Combined TRACON& Tower with Radar,27,25,58,0,110,0,1,96,0,97,27,26,154,0,207,68,0,68,275
06/17/2004,SRQ,FL,ASO,ES,Combined TRACON& Tower with Radar,26,22,57,2,107,0,0,178,2,180,26,22,235,4,287,84,0,84,371
06/18/2004,SRQ,FL,ASO,ES,Combined TRACON& Tower with Radar,24,16,49,0,89,6,0,210,0,216,30,16,259,0,305,188,0,188,493
06/19/2004,SRQ,FL,ASO,ES,Combined TRACON& Tower with Radar,26,29,66,2,123,0,3,173,11,187,26,32,239,13,310,156,0,156,466
06/20/2004,SRQ,FL,ASO,ES,Combined TRACON& Tower with Radar,25,26,58,0,109,0,10,159,0,169,25,36,217,0,278,120,17,137,415
06/21/2004,SRQ,FL,ASO,ES,Combined TRACON& Tower with Radar,25,16,51,0,92,7,0,77,0,84,32,16,128,0,176,50,0,50,226
06/22/2004,SRQ,FL,ASO,ES,Combined TRACON& Tower with Radar,26,22,57,2,107,0,0,136,1,137,26,22,193,3,244,138,2,140,384
06/23/2004,SRQ,FL,ASO,ES,Combined TRACON& Tower with Radar,24,22,59,0,105,0,0,127,0,127,24,22,186,0,232,52,0,52,284
06/24/2004,SRQ,FL,ASO,ES,Combined TRACON& Tower with Radar,22,24,54,2,102,0,4,115,2,121,22,28,169,4,223,130,0,130,353
06/25/2004,SRQ,FL,ASO,ES,Combined TRACON& Tower with Radar,23,26,58,0,107,0,8,147,0,155,23,34,205,0,262,110,0,110,372
06/26/2004,SRQ,FL,ASO,ES,Combined TRACON& Tower with Radar,21,17,41,0,79,5,8,168,0,181,26,25,209,0,260,152,0,152,412
06/27/2004,SRQ,FL,ASO,ES,Combined TRACON& Tower with Radar,25,20,50,0,95,3,0,101,0,104,28,20,151,0,199,114,0,114,313
06/28/2004,SRQ,FL,ASO,ES,Combined TRACON& Tower with Radar,27,24,55,0,106,1,7,115,0,123,28,31,170,0,229,74,0,74,303
06/29/2004,SRQ,FL,ASO,ES,Combined TRACON& Tower with Radar,31,28,64,1,124,0,6,127,1,134,31,34,191,2,258,83,0,83,341
06/30/2004,SRQ,FL,ASO,ES,Combined TRACON& Tower with Radar,29,25,58,0,112,0,0,156,0,156,29,25,214,0,268,110,0,110,378
07/01/2004,SRQ,FL,ASO,ES,Combined TRACON& Tower with Radar,31,22,67,0,120,0,7,186,0,193,31,29,253,0,313,66,0,66,379
07/02/2004,SRQ,FL,ASO,ES,Combined TRACON& Tower with Radar,29,23,70,0,122,0,14,143,0,157,29,37,213,0,279,56,0,56,335
07/03/2004,SRQ,FL,ASO,ES,Combined TRACON& Tower with Radar,20,13,40,0,73,12,0,130,0,142,32,13,170,0,215,190,0,190,405
07/04/2004,SRQ,FL,ASO,ES,Combined TRACON& Tower with Radar,17,9,33,1,60,13,0,170,1,184,30,9,203,2,244,22,3,25,269
07/05/2004,SRQ,FL,ASO,ES,Combined TRACON& Tower with Radar,32,15,65,2,114,0,0,111,10,121,32,15,176,12,235,72,4,76,311
07/06/2004,SRQ,FL,ASO,ES,Combined TRACON& Tower with Radar,26,17,52,0,95,4,7,148,0,159,30,24,200,0,254,64,0,64,318
07/07/2004,SRQ,FL,ASO,ES,Combined TRACON& Tower with Radar,26,17,53,3,99,6,11,93,0,110,32,28,146,3,209,66,6,72,281
07/08/2004,SRQ,FL,ASO,ES,Combined TRACON& Tower with Radar,25,22,68,3,118,0,10,150,3,163,25,32,218,6,281,106,2,108,389
07/09/2004,SRQ,FL,ASO,ES,Combined TRACON& Tower with Radar,30,22,68,3,123,0,10,234,2,246,30,32,302,5,369,122,0,122,491
07/10/2004,SRQ,FL,ASO,ES,Combined TRACON& Tower with Radar,30,15,60,2,107,3,0,169,0,172,33,15,229,2,279,130,0,130,409
07/11/2004,SRQ,FL,ASO,ES,Combined TRACON& Tower with Radar,30,18,59,0,107,2,0,131,0,133,32,18,190,0,240,120,0,120,360
07/12/2004,SRQ,FL,ASO,ES,Combined TRACON& Tower with Radar,26,17,52,3,98,5,3,125,1,134,31,20,177,4,232,119,8,127,359
07/13/2004,SRQ,FL,ASO,ES,Combined TRACON& Tower with Radar,32,21,66,2,121,0,1,119,0,120,32,22,185,2,241,128,0,128,369
07/14/2004,SRQ,FL,ASO,ES,Combined TRACON& Tower with Radar,28,17,60,0,105,0,0,132,0,132,28,17,192,0,237,24,0,24,261
07/15/2004,SRQ,FL,ASO,ES,Combined TRACON& Tower with Radar,26,18,58,0,102,0,8,113,0,121,26,26,171,0,223,86,0,86,309
07/16/2004,SRQ,FL,ASO,ES,Combined TRACON& Tower with Radar,31,19,58,3,111,0,3,94,7,104,31,22,152,10,215,60,0,60,275
07/17/2004,SRQ,FL,ASO,ES,Combined TRACON& Tower with Radar,28,17,53,2,100,3,1,121,0,125,31,18,174,2,225,100,0,100,325
07/18/2004,SRQ,FL,ASO,ES,Combined TRACON& Tower with Radar,27,17,51,3,98,4,5,35,1,45,31,22,86,4,143,8,0,8,151
07/19/2004,SRQ,FL,ASO,ES,Combined TRACON& Tower with Radar,26,16,49,0,91,4,1,44,0,49,30,17,93,0,140,8,0,8,148
07/20/2004,SRQ,FL,ASO,ES,Combined TRACON& Tower with Radar,25,17,52,2,96,0,7,135,0,142,25,24,187,2,238,128,0,128,366
07/21/2004,SRQ,FL,ASO,ES,Combined TRACON& Tower with Radar,27,17,51,3,98,2,11,37,0,50,29,28,88,3,148,4,0,4,152
07/22/2004,SRQ,FL,ASO,ES,Combined TRACON& Tower with Radar,27,17,61,3,108,0,0,192,1,193,27,17,253,4,301,62,0,62,363
07/23/2004,SRQ,FL,ASO,ES,Combined TRACON& Tower with Radar,36,18,69,3,126,3,0,180,0,183,39,18,249,3,309,36,0,36,345
07/24/2004,SRQ,FL,ASO,ES,Combined TRACON& Tower with Radar,31,19,61,0,111,0,0,161,0,161,31,19,222,0,272,146,0,146,418
07/25/2004,SRQ,FL,ASO,ES,Combined TRACON& Tower with Radar,27,11,52,2,92,4,0,109,0,113,31,11,161,2,205,56,0,56,261
07/26/2004,SRQ,FL,ASO,ES,Combined TRACON& Tower with Radar,30,15,57,0,102,1,0,113,0,114,31,15,170,0,216,150,0,150,366
07/27/2004,SRQ,FL,ASO,ES,Combined TRACON& Tower with Radar,27,21,64,2,114,0,2,110,0,112,27,23,174,2,226,54,4,58,284
07/28/2004,SRQ,FL,ASO,ES,Combined TRACON& Tower with Radar,32,19,61,1,113,1,3,110,0,114,33,22,171,1,227,76,0,76,303
07/29/2004,SRQ,FL,ASO,ES,Combined TRACON& Tower with Radar,29,17,78,3,127,0,0,165,19,184,29,17,243,22,311,144,16,160,471
07/30/2004,SRQ,FL,ASO,ES,Combined TRACON& Tower with Radar,34,18,86,3,141,0,0,211,26,237,34,18,297,29,378,90,0,90,468
07/31/2004,SRQ,FL,ASO,ES,Combined TRACON& Tower with Radar,21,13,41,1,76,7,1,124,3,135,28,14,165,4,211,104,0,104,315
08/01/2004,SRQ,FL,ASO,ES,Combined TRACON& Tower with Radar,23,9,47,1,80,15,0,44,1,60,38,9,91,2,140,16,0,16,156
08/02/2004,SRQ,FL,ASO,ES,Combined TRACON& Tower with Radar,26,20,52,0,98,2,5,39,0,46,28,25,91,0,144,24,0,24,168
08/03/2004,SRQ,FL,ASO,ES,Combined TRACON& Tower with Radar,31,21,61,2,115,3,0,43,10,56,34,21,104,12,171,96,16,112,283
08/04/2004,SRQ,FL,ASO,ES,Combined TRACON& Tower with Radar,28,22,60,0,110,0,0,118,0,118,28,22,178,0,228,60,0,60,288
08/05/2004,SRQ,FL,ASO,ES,Combined TRACON& Tower with Radar,24,20,54,2,100,0,2,183,2,187,24,22,237,4,287,76,0,76,363
08/06/2004,SRQ,FL,ASO,ES,Combined TRACON& Tower with Radar,28,25,65,0,118,0,6,150,0,156,28,31,215,0,274,142,0,142,416
08/07/2004,SRQ,FL,ASO,ES,Combined TRACON& Tower with Radar,24,13,48,0,85,10,0,73,0,83,34,13,121,0,168,126,0,126,294
08/08/2004,SRQ,FL,ASO,ES,Combined TRACON& Tower with Radar,25,20,50,0,95,3,3,33,0,39,28,23,83,0,134,16,0,16,150
08/09/2004,SRQ,FL,ASO,ES,Combined TRACON& Tower with Radar,30,25,65,2,122,0,0,113,4,117,30,25,178,6,239,118,0,118,357
08/10/2004,SRQ,FL,ASO,ES,Combined TRACON& Tower with Radar,26,16,52,3,97,1,0,228,2,231,27,16,280,5,328,82,0,82,410
08/11/2004,SRQ,FL,ASO,ES,Combined TRACON& Tower with Radar,31,21,71,3,126,0,0,220,6,226,31,21,291,9,352,181,0,181,533
08/12/2004,SRQ,FL,ASO,ES,Combined TRACON& Tower with Radar,23,19,52,0,94,0,7,115,0,122,23,26,167,0,216,36,0,36,252
08/13/2004,SRQ,FL,ASO,ES,Combined TRACON& Tower with Radar,0,0,3,0,3,0,0,4,0,4,0,0,7,0,7,0,0,0,7
08/14/2004,SRQ,FL,ASO,ES,Combined TRACON& Tower with Radar,19,13,36,2,70,5,3,62,8,78,24,16,98,10,148,28,0,28,176
08/15/2004,SRQ,FL,ASO,ES,Combined TRACON& Tower with Radar,25,18,48,0,91,7,1,81,0,89,32,19,129,0,180,38,0,38,218
08/16/2004,SRQ,FL,ASO,ES,Combined TRACON& Tower with Radar,29,21,58,0,108,0,9,102,0,111,29,30,160,0,219,100,0,100,319
08/17/2004,SRQ,FL,ASO,ES,Combined TRACON& Tower with Radar,23,17,44,2,86,6,4,219,2,231,29,21,263,4,317,54,2,56,373
08/18/2004,SRQ,FL,ASO,ES,Combined TRACON& Tower with Radar,25,21,58,3,107,0,3,204,2,209,25,24,262,5,316,74,0,74,390
08/19/2004,SRQ,FL,ASO,ES,Combined TRACON& Tower with Radar,31,22,73,3,129,0,0,170,6,176,31,22,243,9,305,82,0,82,387
08/20/2004,SRQ,FL,ASO,ES,Combined TRACON& Tower with Radar,28,19,53,0,100,4,4,159,0,167,32,23,212,0,267,154,0,154,421
08/21/2004,SRQ,FL,ASO,ES,Combined TRACON& Tower with Radar,29,23,61,0,113,0,1,194,0,195,29,24,255,0,308,86,0,86,394
08/22/2004,SRQ,FL,ASO,ES,Combined TRACON& Tower with Radar,27,22,59,1,109,0,10,124,0,134,27,32,183,1,243,64,0,64,307
08/23/2004,SRQ,FL,ASO,ES,Combined TRACON& Tower with Radar,30,26,70,3,129,0,2,162,20,184,30,28,232,23,313,100,68,168,481
08/24/2004,SRQ,FL,ASO,ES,Combined TRACON& Tower with Radar,27,20,55,0,102,3,9,147,0,159,30,29,202,0,261,144,0,144,405
08/25/2004,SRQ,FL,ASO,ES,Combined TRACON& Tower with Radar,27,20,55,0,102,4,1,153,0,158,31,21,208,0,260,118,0,118,378
08/26/2004,SRQ,FL,ASO,ES,Combined TRACON& Tower with Radar,24,27,72,0,123,0,1,192,0,193,24,28,264,0,316,72,0,72,388
08/27/2004,SRQ,FL,ASO,ES,Combined TRACON& Tower with Radar,30,21,58,2,111,2,4,168,2,176,32,25,226,4,287,108,0,108,395
08/28/2004,SRQ,FL,ASO,ES,Combined TRACON& Tower with Radar,27,20,55,0,102,1,1,231,0,233,28,21,286,0,335,92,0,92,427
08/29/2004,SRQ,FL,ASO,ES,Combined TRACON& Tower with Radar,26,15,50,1,92,5,0,127,3,135,31,15,177,4,227,126,0,126,353
08/30/2004,SRQ,FL,ASO,ES,Combined TRACON& Tower with Radar,27,22,62,0,111,0,4,105,0,109,27,26,167,0,220,60,0,60,280
08/31/2004,SRQ,FL,ASO,ES,Combined TRACON& Tower with Radar,29,21,58,2,110,0,7,114,16,137,29,28,172,18,247,154,0,154,401
09/01/2004,SRQ,FL,ASO,ES,Combined TRACON& Tower with Radar,30,24,73,0,127,0,0,155,0,155,30,24,228,0,282,86,0,86,368
09/02/2004,SRQ,FL,ASO,ES,Combined TRACON& Tower with Radar,31,20,66,0,117,0,0,189,0,189,31,20,255,0,306,42,0,42,348
09/03/2004,SRQ,FL,ASO,ES,Combined TRACON& Tower with Radar,25,19,55,2,101,10,0,97,0,107,35,19,152,2,208,84,0,84,292
09/04/2004,SRQ,FL,ASO,ES,Combined TRACON& Tower with Radar,10,5,22,0,37,16,0,20,2,38,26,5,42,2,75,38,0,38,113
09/05/2004,SRQ,FL,ASO,ES,Combined TRACON& Tower with Radar,0,0,0,0,0,2,0,0,0,2,2,0,0,0,2,0,0,0,2
09/06/2004,SRQ,FL,ASO,ES,Combined TRACON& Tower with Radar,8,8,19,0,35,8,0,3,2,13,16,8,22,2,48,0,0,0,48
09/07/2004,SRQ,FL,ASO,ES,Combined TRACON& Tower with Radar,27,22,60,0,109,4,6,63,0,73,31,28,123,0,182,12,0,12,194
09/08/2004,SRQ,FL,ASO,ES,Combined TRACON& Tower with Radar,27,20,59,1,107,4,0,136,0,140,31,20,195,1,247,100,2,102,349
09/09/2004,SRQ,FL,ASO,ES,Combined TRACON& Tower with Radar,23,19,50,2,94,4,1,81,12,98,27,20,131,14,192,92,0,92,284
09/10/2004,SRQ,FL,ASO,ES,Combined TRACON& Tower with Radar,27,19,58,0,104,0,0,131,0,131,27,19,189,0,235,126,0,126,361
09/11/2004,SRQ,FL,ASO,ES,Combined TRACON& Tower with Radar,27,20,55,0,102,6,3,95,0,104,33,23,150,0,206,68,0,68,274
09/12/2004,SRQ,FL,ASO,ES,Combined TRACON& Tower with Radar,24,13,48,0,85,7,0,50,0,57,31,13,98,0,142,30,0,30,172
09/13/2004,SRQ,FL,ASO,ES,Combined TRACON& Tower with Radar,21,16,43,0,80,3,12,61,0,76,24,28,104,0,156,30,0,30,186
09/14/2004,SRQ,FL,ASO,ES,Combined TRACON& Tower with Radar,25,19,53,0,97,3,2,43,0,48,28,21,96,0,145,16,0,16,161
09/15/2004,SRQ,FL,ASO,ES,Combined TRACON& Tower with Radar,23,18,47,2,90,5,2,44,7,58,28,20,91,9,148,18,36,54,202
09/16/2004,SRQ,FL,ASO,ES,Combined TRACON& Tower with Radar,23,18,51,3,95,0,11,68,14,93,23,29,119,17,188,30,0,30,218
09/17/2004,SRQ,FL,ASO,ES,Combined TRACON& Tower with Radar,24,18,49,3,94,0,10,175,3,188,24,28,224,6,282,140,6,146,428
09/18/2004,SRQ,FL,ASO,ES,Combined TRACON& Tower with Radar,20,16,41,0,77,9,9,105,0,123,29,25,146,0,200,50,0,50,250
09/19/2004,SRQ,FL,ASO,ES,Combined TRACON& Tower with Radar,23,11,49,0,83,8,0,175,0,183,31,11,224,0,266,90,0,90,356
09/20/2004,SRQ,FL,ASO,ES,Combined TRACON& Tower with Radar,24,21,58,0,103,0,5,59,0,64,24,26,117,0,167,28,0,28,195
09/21/2004,SRQ,FL,ASO,ES,Combined TRACON& Tower with Radar,27,25,101,5,158,0,0,94,22,116,27,25,195,27,274,76,16,92,366
09/22/2004,SRQ,FL,ASO,ES,Combined TRACON& Tower with Radar,26,24,68,2,120,0,9,141,0,150,26,33,209,2,270,108,0,108,378
09/23/2004,SRQ,FL,ASO,ES,Combined TRACON& Tower with Radar,25,22,62,2,111,0,2,179,3,184,25,24,241,5,295,76,0,76,371
09/24/2004,SRQ,FL,ASO,ES,Combined TRACON& Tower with Radar,31,28,77,0,136,0,7,173,0,180,31,35,250,0,316,166,0,166,482
09/25/2004,SRQ,FL,ASO,ES,Combined TRACON& Tower with Radar,26,21,69,2,118,0,0,131,6,137,26,21,200,8,255,54,8,62,317
09/26/2004,SRQ,FL,ASO,ES,Combined TRACON& Tower with Radar,0,0,0,0,0,0,0,0,0,0,0,0,0,0,0,0,0,0,0
09/27/2004,SRQ,FL,ASO,ES,Combined TRACON& Tower with Radar,21,15,44,1,81,2,11,52,0,65,23,26,96,1,146,46,0,46,192
09/28/2004,SRQ,FL,ASO,ES,Combined TRACON& Tower with Radar,23,28,78,0,129,0,14,154,0,168,23,42,232,0,297,48,0,48,345
09/29/2004,SRQ,FL,ASO,ES,Combined TRACON& Tower with Radar,28,34,92,3,157,0,6,202,17,225,28,40,294,20,382,116,14,130,512
09/30/2004,SRQ,FL,ASO,ES,Combined TRACON& Tower with Radar,29,25,74,2,130,0,0,202,0,202,29,25,276,2,332,174,0,174,506
10/01/2004,SRQ,FL,ASO,ES,Combined TRACON& Tower with Radar,32,27,109,2,170,2,3,224,0,229,34,30,333,2,399,80,0,80,479
10/02/2004,SRQ,FL,ASO,ES,Combined TRACON& Tower with Radar,34,22,57,0,113,0,1,157,0,158,34,23,214,0,271,142,0,142,413
10/03/2004,SRQ,FL,ASO,ES,Combined TRACON& Tower with Radar,33,20,79,4,136,0,1,122,0,123,33,21,201,4,259,14,0,14,273
10/04/2004,SRQ,FL,ASO,ES,Combined TRACON& Tower with Radar,28,29,57,4,118,0,4,122,2,128,28,33,179,6,246,46,0,46,292
10/05/2004,SRQ,FL,ASO,ES,Combined TRACON& Tower with Radar,29,17,56,3,105,0,2,178,5,185,29,19,234,8,290,66,14,80,370
10/06/2004,SRQ,FL,ASO,ES,Combined TRACON& Tower with Radar,32,19,73,0,124,0,1,209,0,210,32,20,282,0,334,196,0,196,530
10/07/2004,SRQ,FL,ASO,ES,Combined TRACON& Tower with Radar,27,23,77,8,135,4,1,177,0,182,31,24,254,8,317,54,2,56,373
10/08/2004,SRQ,FL,ASO,ES,Combined TRACON& Tower with Radar,28,32,87,2,149,0,5,191,0,196,28,37,278,2,345,148,0,148,493
10/09/2004,SRQ,FL,ASO,ES,Combined TRACON& Tower with Radar,29,30,66,0,125,0,0,156,0,156,29,30,222,0,281,160,0,160,441
10/10/2004,SRQ,FL,ASO,ES,Combined TRACON& Tower with Radar,29,21,54,0,104,0,0,87,0,87,29,21,141,0,191,50,0,50,241
10/11/2004,SRQ,FL,ASO,ES,Combined TRACON& Tower with Radar,28,19,56,0,103,0,1,42,0,43,28,20,98,0,146,8,0,8,154
10/12/2004,SRQ,FL,ASO,ES,Combined TRACON& Tower with Radar,29,37,76,6,148,0,4,199,4,207,29,41,275,10,355,86,0,86,441
10/13/2004,SRQ,FL,ASO,ES,Combined TRACON& Tower with Radar,25,38,99,1,163,0,0,260,0,260,25,38,359,1,423,122,0,122,545
10/14/2004,SRQ,FL,ASO,ES,Combined TRACON& Tower with Radar,24,32,99,1,156,0,2,239,1,242,24,34,338,2,398,100,0,100,498
10/15/2004,SRQ,FL,ASO,ES,Combined TRACON& Tower with Radar,26,23,66,19,134,1,1,103,1,106,27,24,169,20,240,120,0,120,360
10/16/2004,SRQ,FL,ASO,ES,Combined TRACON& Tower with Radar,32,21,62,2,117,0,0,192,2,194,32,21,254,4,311,144,0,144,455
10/17/2004,SRQ,FL,ASO,ES,Combined TRACON& Tower with Radar,30,21,68,0,119,0,3,148,0,151,30,24,216,0,270,50,0,50,320
10/18/2004,SRQ,FL,ASO,ES,Combined TRACON& Tower with Radar,28,32,71,2,133,0,0,87,0,87,28,32,158,2,220,30,0,30,250
10/19/2004,SRQ,FL,ASO,ES,Combined TRACON& Tower with Radar,29,30,66,2,127,4,5,131,0,140,33,35,197,2,267,78,0,78,345
10/20/2004,SRQ,FL,ASO,ES,Combined TRACON& Tower with Radar,25,35,126,0,186,11,2,151,0,164,36,37,277,0,350,125,0,125,475
10/21/2004,SRQ,FL,ASO,ES,Combined TRACON& Tower with Radar,25,31,116,0,172,0,10,202,6,218,25,41,318,6,390,142,6,148,538
10/22/2004,SRQ,FL,ASO,ES,Combined TRACON& Tower with Radar,25,31,95,6,157,0,1,202,0,203,25,32,297,6,360,134,0,134,494
10/23/2004,SRQ,FL,ASO,ES,Combined TRACON& Tower with Radar,29,29,58,6,122,0,0,129,0,129,29,29,187,6,251,152,0,152,403
10/24/2004,SRQ,FL,ASO,ES,Combined TRACON& Tower with Radar,25,32,77,4,138,0,0,166,1,167,25,32,243,5,305,72,0,72,377
10/25/2004,SRQ,FL,ASO,ES,Combined TRACON& Tower with Radar,30,42,71,8,151,0,0,130,0,130,30,42,201,8,281,98,0,98,379
10/26/2004,SRQ,FL,ASO,ES,Combined TRACON& Tower with Radar,30,32,74,6,142,0,3,227,0,230,30,35,301,6,372,88,0,88,460
10/27/2004,SRQ,FL,ASO,ES,Combined TRACON& Tower with Radar,33,27,102,0,162,0,2,231,0,233,33,29,333,0,395,134,0,134,529
10/28/2004,SRQ,FL,ASO,ES,Combined TRACON& Tower with Radar,24,34,97,11,166,0,2,215,0,217,24,36,312,11,383,172,6,178,561
10/29/2004,SRQ,FL,ASO,ES,Combined TRACON& Tower with Radar,26,38,86,14,164,0,0,161,0,161,26,38,247,14,325,132,10,142,467
10/30/2004,SRQ,FL,ASO,ES,Combined TRACON& Tower with Radar,36,31,76,0,143,0,0,0,0,0,36,31,76,0,143,148,0,148,291
10/31/2004,SRQ,FL,ASO,ES,Combined TRACON& Tower with Radar,26,36,90,1,153,0,1,134,0,135,26,37,224,1,288,20,0,20,308
11/01/2004,SRQ,FL,ASO,ES,Towers with Radar,29,28,63,1,121,0,2,141,3,146,29,30,204,4,267,38,2,40,307
11/02/2004,SRQ,FL,ASO,ES,Towers with Radar,35,28,56,1,120,0,0,171,1,172,35,28,227,2,292,112,0,112,404
11/03/2004,SRQ,FL,ASO,ES,Towers with Radar,27,43,98,0,168,0,0,173,0,173,27,43,271,0,341,162,0,162,503
11/04/2004,SRQ,FL,ASO,ES,Towers with Radar,26,38,72,4,140,0,3,175,2,180,26,41,247,6,320,104,0,104,424
11/05/2004,SRQ,FL,ASO,ES,Towers with Radar,32,26,81,0,139,1,1,106,4,112,33,27,187,4,251,90,0,90,341
11/06/2004,SRQ,FL,ASO,ES,Towers with Radar,35,32,71,0,138,0,0,152,0,152,35,32,223,0,290,48,0,48,338
11/07/2004,SRQ,FL,ASO,ES,Towers with Radar,30,37,87,0,154,0,0,132,0,132,30,37,219,0,286,52,0,52,338
11/08/2004,SRQ,FL,ASO,ES,Towers with Radar,27,31,54,0,112,0,1,163,0,164,27,32,217,0,276,90,0,90,366
11/09/2004,SRQ,FL,ASO,ES,Towers with Radar,32,24,75,4,135,0,1,170,0,171,32,25,245,4,306,94,4,98,404
11/10/2004,SRQ,FL,ASO,ES,Towers with Radar,28,40,89,0,157,0,0,0,0,0,28,40,89,0,157,102,0,102,259
11/11/2004,SRQ,FL,ASO,ES,Towers with Radar,26,28,82,0,136,0,2,179,0,181,26,30,261,0,317,130,0,130,447
11/12/2004,SRQ,FL,ASO,ES,Towers with Radar,26,37,89,0,152,0,2,188,5,195,26,39,277,5,347,150,26,176,523
11/13/2004,SRQ,FL,ASO,ES,Towers with Radar,34,28,78,0,140,0,0,124,0,124,34,28,202,0,264,104,0,104,368
11/14/2004,SRQ,FL,ASO,ES,Towers with Radar,27,47,83,0,157,0,0,120,0,120,27,47,203,0,277,114,0,114,391
11/15/2004,SRQ,FL,ASO,ES,Towers with Radar,28,34,77,7,146,2,3,190,1,196,30,37,267,8,342,54,6,60,402
11/16/2004,SRQ,FL,ASO,ES,Towers with Radar,32,27,62,10,131,0,0,156,2,158,32,27,218,12,289,114,4,118,407
11/17/2004,SRQ,FL,ASO,ES,Towers with Radar,30,28,89,6,153,0,4,195,0,199,30,32,284,6,352,134,6,140,492
11/18/2004,SRQ,FL,ASO,ES,Towers with Radar,27,41,105,1,174,0,9,158,0,167,27,50,263,1,341,96,0,96,437
11/19/2004,SRQ,FL,ASO,ES,Towers with Radar,24,42,79,1,146,7,0,206,1,214,31,42,285,2,360,86,0,86,446
11/20/2004,SRQ,FL,ASO,ES,Towers with Radar,27,29,69,0,125,7,2,176,9,194,34,31,245,9,319,63,0,63,382
11/21/2004,SRQ,FL,ASO,ES,Towers with Radar,27,29,66,0,122,0,0,172,0,172,27,29,238,0,294,60,0,60,354
11/22/2004,SRQ,FL,ASO,ES,Towers with Radar,34,46,57,26,163,0,2,198,12,212,34,48,255,38,375,68,50,118,493
11/23/2004,SRQ,FL,ASO,ES,Towers with Radar,34,39,102,2,177,0,2,228,4,234,34,41,330,6,411,150,2,152,563
11/24/2004,SRQ,FL,ASO,ES,Towers with Radar,30,49,87,6,172,0,0,94,10,104,30,49,181,16,276,16,30,46,322
11/25/2004,SRQ,FL,ASO,ES,Towers with Radar,21,23,28,0,72,0,0,36,0,36,21,23,64,0,108,0,0,0,108
11/26/2004,SRQ,FL,ASO,ES,Towers with Radar,27,29,61,0,117,0,3,186,0,189,27,32,247,0,306,138,0,138,444
11/27/2004,SRQ,FL,ASO,ES,Towers with Radar,40,40,58,0,138,0,4,248,0,252,40,44,306,0,390,80,0,80,470
11/28/2004,SRQ,FL,ASO,ES,Towers with Radar,31,57,150,0,238,0,1,239,0,240,31,58,389,0,478,94,0,94,572
11/29/2004,SRQ,FL,ASO,ES,Towers with Radar,35,44,43,0,122,0,1,163,0,164,35,45,206,0,286,114,0,114,400
11/30/2004,SRQ,FL,ASO,ES,Towers with Radar,34,33,114,1,182,0,3,208,0,211,34,36,322,1,393,54,0,54,447
12/01/2004,SRQ,FL,ASO,ES,Towers with Radar,31,30,93,0,154,0,0,201,0,201,31,30,294,0,355,102,0,102,457
12/02/2004,SRQ,FL,ASO,ES,Towers with Radar,23,30,137,0,190,0,0,51,4,55,23,30,188,4,245,20,0,20,265
12/03/2004,SRQ,FL,ASO,ES,Towers with Radar,24,30,85,0,139,0,3,266,0,269,24,33,351,0,408,170,0,170,578
12/04/2004,SRQ,FL,ASO,ES,Towers with Radar,33,29,74,0,136,1,0,0,0,1,34,29,74,0,137,18,0,18,155
12/05/2004,SRQ,FL,ASO,ES,Towers with Radar,32,34,43,0,109,0,0,181,0,181,32,34,224,0,290,66,0,66,356
12/06/2004,SRQ,FL,ASO,ES,Towers with Radar,32,25,54,9,120,0,4,215,0,219,32,29,269,9,339,114,0,114,453
12/07/2004,SRQ,FL,ASO,ES,Towers with Radar,28,17,73,8,126,0,6,172,42,220,28,23,245,50,346,118,26,144,490
12/08/2004,SRQ,FL,ASO,ES,Towers with Radar,22,29,91,4,146,0,0,179,0,179,22,29,270,4,325,120,2,122,447
12/09/2004,SRQ,FL,ASO,ES,Towers with Radar,24,34,112,6,176,0,5,165,0,170,24,39,277,6,346,106,6,112,458
12/10/2004,SRQ,FL,ASO,ES,Towers with Radar,25,33,77,0,135,0,3,146,0,149,25,36,223,0,284,72,0,72,356
12/11/2004,SRQ,FL,ASO,ES,Towers with Radar,37,19,58,12,126,0,1,165,2,168,37,20,223,14,294,51,0,51,345
12/12/2004,SRQ,FL,ASO,ES,Towers with Radar,31,26,76,0,133,0,4,218,0,222,31,30,294,0,355,118,0,118,473
12/13/2004,SRQ,FL,ASO,ES,Towers with Radar,27,23,58,0,108,0,3,168,6,177,27,26,226,6,285,104,0,104,389
12/14/2004,SRQ,FL,ASO,ES,Towers with Radar,35,34,61,0,130,0,4,237,0,241,35,38,298,0,371,152,0,152,523
12/15/2004,SRQ,FL,ASO,ES,Towers with Radar,26,28,71,9,134,0,1,144,2,147,26,29,215,11,281,76,5,81,362
12/16/2004,SRQ,FL,ASO,ES,Towers with Radar,31,35,99,3,168,0,12,133,0,145,31,47,232,3,313,64,0,64,377
12/17/2004,SRQ,FL,ASO,ES,Towers with Radar,36,36,81,2,155,5,1,156,0,162,41,37,237,2,317,52,0,52,369
12/18/2004,SRQ,FL,ASO,ES,Towers with Radar,48,24,43,0,115,0,7,136,2,145,48,31,179,2,260,46,8,54,314
12/19/2004,SRQ,FL,ASO,ES,Towers with Radar,48,24,90,0,162,0,0,49,0,49,48,24,139,0,211,42,0,42,253
12/20/2004,SRQ,FL,ASO,ES,Towers with Radar,43,24,49,1,117,0,20,173,0,193,43,44,222,1,310,110,0,110,420
12/21/2004,SRQ,FL,ASO,ES,Towers with Radar,43,27,65,0,135,0,0,156,0,156,43,27,221,0,291,88,0,88,379
12/22/2004,SRQ,FL,ASO,ES,Towers with Radar,37,37,84,8,166,0,1,136,0,137,37,38,220,8,303,62,4,66,369
12/23/2004,SRQ,FL,ASO,ES,Towers with Radar,30,36,78,0,144,0,2,64,0,66,30,38,142,0,210,0,0,0,210
12/24/2004,SRQ,FL,ASO,ES,Towers with Radar,29,38,62,0,129,0,0,12,0,12,29,38,74,0,141,0,0,0,141
12/25/2004,SRQ,FL,ASO,ES,Towers with Radar,41,29,12,0,82,0,0,17,0,17,41,29,29,0,99,0,0,0,99
12/26/2004,SRQ,FL,ASO,ES,Towers with Radar,43,34,118,0,195,0,0,42,0,42,43,34,160,0,237,20,0,20,257
12/27/2004,SRQ,FL,ASO,ES,Towers with Radar,47,36,97,0,180,0,1,159,0,160,47,37,256,0,340,140,0,140,480
12/28/2004,SRQ,FL,ASO,ES,Towers with Radar,38,41,100,0,179,0,3,178,4,185,38,44,278,4,364,98,0,98,462
12/29/2004,SRQ,FL,ASO,ES,Towers with Radar,46,36,92,0,174,0,5,215,0,220,46,41,307,0,394,80,0,80,474
12/30/2004,SRQ,FL,ASO,ES,Towers with Radar,37,49,109,0,195,0,2,205,2,209,37,51,314,2,404,114,0,114,518
12/31/2004,SRQ,FL,ASO,ES,Towers with Radar,39,24,87,0,150,0,1,209,0,210,39,25,296,0,360,112,0,112,472
01/01/2005,SRQ,FL,ASO,ES,Towers with Radar,54,27,67,0,148,0,19,167,0,186,54,46,234,0,334,38,0,38,372
01/02/2005,SRQ,FL,ASO,ES,Towers with Radar,48,38,150,0,236,1,1,178,2,182,49,39,328,2,418,41,0,41,459
01/03/2005,SRQ,FL,ASO,ES,Towers with Radar,45,42,96,1,184,0,6,176,1,183,45,48,272,2,367,164,0,164,531
01/04/2005,SRQ,FL,ASO,ES,Towers with Radar,37,32,85,2,156,0,4,278,2,284,37,36,363,4,440,144,22,166,606
01/05/2005,SRQ,FL,ASO,ES,Towers with Radar,36,38,83,2,159,0,50,197,0,247,36,88,280,2,406,150,2,152,558
01/06/2005,SRQ,FL,ASO,ES,Towers with Radar,32,31,99,0,162,0,1,160,0,161,32,32,259,0,323,144,0,144,467
01/07/2005,SRQ,FL,ASO,ES,Towers with Radar,37,39,73,2,151,0,1,223,2,226,37,40,296,4,377,118,0,118,495
01/08/2005,SRQ,FL,ASO,ES,Towers with Radar,49,21,81,0,151,0,2,200,0,202,49,23,281,0,353,120,0,120,473
01/09/2005,SRQ,FL,ASO,ES,Towers with Radar,43,34,81,0,158,0,3,190,0,193,43,37,271,0,351,158,0,158,509
01/10/2005,SRQ,FL,ASO,ES,Towers with Radar,44,33,91,2,170,10,5,184,1,200,54,38,275,3,370,174,0,174,544
01/11/2005,SRQ,FL,ASO,ES,Towers with Radar,38,39,84,0,161,0,3,218,0,221,38,42,302,0,382,150,0,150,532
01/12/2005,SRQ,FL,ASO,ES,Towers with Radar,37,30,83,0,150,0,2,189,0,191,37,32,272,0,341,88,0,88,429
01/13/2005,SRQ,FL,ASO,ES,Towers with Radar,33,43,89,0,165,0,2,102,4,108,33,45,191,4,273,14,0,14,287
01/14/2005,SRQ,FL,ASO,ES,Towers with Radar,42,36,89,0,167,0,1,53,0,54,42,37,142,0,221,6,0,6,227
01/15/2005,SRQ,FL,ASO,ES,Towers with Radar,49,30,86,0,165,0,2,69,0,71,49,32,155,0,236,20,0,20,256
01/16/2005,SRQ,FL,ASO,ES,Towers with Radar,45,25,77,1,148,0,1,82,0,83,45,26,159,1,231,64,0,64,295
01/17/2005,SRQ,FL,ASO,ES,Towers with Radar,44,27,85,0,156,0,3,206,0,209,44,30,291,0,365,134,0,134,499
01/18/2005,SRQ,FL,ASO,ES,Towers with Radar,35,38,105,0,178,0,4,164,2,170,35,42,269,2,348,122,0,122,470
01/19/2005,SRQ,FL,ASO,ES,Towers with Radar,35,45,83,14,177,0,5,162,0,167,35,50,245,14,344,106,0,106,450
01/20/2005,SRQ,FL,ASO,ES,Towers with Radar,42,29,104,6,181,0,2,223,1,226,42,31,327,7,407,192,0,192,599
01/21/2005,SRQ,FL,ASO,ES,Towers with Radar,37,45,93,2,177,0,2,217,0,219,37,47,310,2,396,114,0,114,510
01/22/2005,SRQ,FL,ASO,ES,Towers with Radar,49,25,80,0,154,0,0,191,0,191,49,25,271,0,345,104,0,104,449
01/23/2005,SRQ,FL,ASO,ES,Towers with Radar,43,40,56,0,139,0,2,97,0,99,43,42,153,0,238,64,0,64,302
01/24/2005,SRQ,FL,ASO,ES,Towers with Radar,41,34,74,4,153,0,3,130,1,134,41,37,204,5,287,34,0,34,321
01/25/2005,SRQ,FL,ASO,ES,Towers with Radar,41,28,83,3,155,0,5,172,1,178,41,33,255,4,333,85,2,87,420
01/26/2005,SRQ,FL,ASO,ES,Towers with Radar,37,36,89,2,164,0,5,180,0,185,37,41,269,2,349,80,0,80,429
01/27/2005,SRQ,FL,ASO,ES,Towers with Radar,43,32,105,12,192,0,1,193,8,202,43,33,298,20,394,120,0,120,514
01/28/2005,SRQ,FL,ASO,ES,Towers with Radar,40,40,99,4,183,0,2,187,2,191,40,42,286,6,374,2,0,2,376
01/29/2005,SRQ,FL,ASO,ES,Towers with Radar,32,33,60,2,127,0,2,144,0,146,32,35,204,2,273,122,0,122,395
01/30/2005,SRQ,FL,ASO,ES,Towers with Radar,32,45,120,2,199,0,1,165,0,166,32,46,285,2,365,54,0,54,419
01/31/2005,SRQ,FL,ASO,ES,Towers with Radar,30,34,69,7,140,0,3,156,6,165,30,37,225,13,305,84,0,84,389
02/01/2005,SRQ,FL,ASO,ES,Towers with Radar,30,34,69,7,140,0,3,156,6,165,30,37,225,13,305,84,0,84,389
02/02/2005,SRQ,FL,ASO,ES,Towers with Radar,31,46,97,8,182,0,0,165,4,169,31,46,262,12,351,118,0,118,469
02/03/2005,SRQ,FL,ASO,ES,Towers with Radar,37,32,78,6,153,0,4,193,0,197,37,36,271,6,350,190,0,190,540
02/04/2005,SRQ,FL,ASO,ES,Towers with Radar,43,42,144,3,232,0,3,56,1,60,43,45,200,4,292,0,2,2,294
02/05/2005,SRQ,FL,ASO,ES,Towers with Radar,52,19,91,3,165,0,1,214,0,215,52,20,305,3,380,60,2,62,442
02/06/2005,SRQ,FL,ASO,ES,Towers with Radar,45,30,100,0,175,0,11,157,0,168,45,41,257,0,343,90,0,90,433
02/07/2005,SRQ,FL,ASO,ES,Towers with Radar,38,46,105,1,190,0,0,107,0,107,38,46,212,1,297,96,0,96,393
02/08/2005,SRQ,FL,ASO,ES,Towers with Radar,34,58,74,0,166,0,3,173,0,176,34,61,247,0,342,146,0,146,488
02/09/2005,SRQ,FL,ASO,ES,Towers with Radar,32,44,91,0,167,0,4,233,4,241,32,48,324,4,408,146,0,146,554
02/10/2005,SRQ,FL,ASO,ES,Towers with Radar,39,44,120,8,211,0,1,165,0,166,39,45,285,8,377,0,0,0,377
02/11/2005,SRQ,FL,ASO,ES,Towers with Radar,43,34,91,0,168,0,7,283,2,292,43,41,374,2,460,36,6,42,502
02/12/2005,SRQ,FL,ASO,ES,Towers with Radar,45,27,73,0,145,0,0,207,2,209,45,27,280,2,354,78,0,78,432
02/13/2005,SRQ,FL,ASO,ES,Towers with Radar,45,36,68,1,150,0,0,235,3,238,45,36,303,4,388,98,4,102,490
02/14/2005,SRQ,FL,ASO,ES,Towers with Radar,39,34,114,8,195,0,1,126,0,127,39,35,240,8,322,36,0,36,358
02/15/2005,SRQ,FL,ASO,ES,Towers with Radar,38,34,95,1,168,0,7,183,0,190,38,41,278,1,358,64,0,64,422
02/16/2005,SRQ,FL,ASO,ES,Towers with Radar,38,43,126,10,217,0,6,188,2,196,38,49,314,12,413,100,16,116,529
02/17/2005,SRQ,FL,ASO,ES,Towers with Radar,46,51,163,12,272,0,4,237,0,241,46,55,400,12,513,120,4,124,637
02/18/2005,SRQ,FL,ASO,ES,Towers with Radar,50,41,95,0,186,0,26,412,33,471,50,67,507,33,657,122,0,122,779
02/19/2005,SRQ,FL,ASO,ES,Towers with Radar,50,43,160,0,253,14,0,236,0,250,64,43,396,0,503,94,0,94,597
02/20/2005,SRQ,FL,ASO,ES,Towers with Radar,46,33,160,0,239,3,0,144,2,149,49,33,304,2,388,136,6,142,530
02/21/2005,SRQ,FL,ASO,ES,Towers with Radar,46,33,100,0,179,0,11,230,0,241,46,44,330,0,420,60,0,60,480
02/22/2005,SRQ,FL,ASO,ES,Towers with Radar,44,54,134,2,234,0,3,131,3,137,44,57,265,5,371,78,2,80,451
02/23/2005,SRQ,FL,ASO,ES,Towers with Radar,48,44,125,14,231,0,1,244,2,247,48,45,369,16,478,136,2,138,616
02/24/2005,SRQ,FL,ASO,ES,Towers with Radar,49,37,120,20,226,0,4,292,24,320,49,41,412,44,546,160,14,174,720
02/25/2005,SRQ,FL,ASO,ES,Towers with Radar,51,55,129,1,236,0,1,158,0,159,51,56,287,1,395,52,0,52,447
02/26/2005,SRQ,FL,ASO,ES,Towers with Radar,54,37,110,0,201,0,0,142,0,142,54,37,252,0,343,146,0,146,489
02/27/2005,SRQ,FL,ASO,ES,Towers with Radar,49,32,55,0,136,0,0,1,0,1,49,32,56,0,137,8,0,8,145
02/28/2005,SRQ,FL,ASO,ES,Towers with Radar,45,46,92,1,184,0,5,144,5,154,45,51,236,6,338,30,0,30,368
03/01/2005,SRQ,FL,ASO,ES,Towers with Radar,43,44,126,3,216,0,4,210,5,219,43,48,336,8,435,110,0,110,545
03/02/2005,SRQ,FL,ASO,ES,Towers with Radar,47,35,114,0,196,0,0,265,0,265,47,35,379,0,461,136,0,136,597
03/03/2005,SRQ,FL,ASO,ES,Towers with Radar,53,33,114,0,200,0,4,126,6,136,53,37,240,6,336,92,0,92,428
03/04/2005,SRQ,FL,ASO,ES,Towers with Radar,54,61,95,0,210,0,4,238,0,242,54,65,333,0,452,128,0,128,580
03/05/2005,SRQ,FL,ASO,ES,Towers with Radar,57,36,70,0,163,0,2,296,2,300,57,38,366,2,463,78,0,78,541
03/06/2005,SRQ,FL,ASO,ES,Towers with Radar,58,37,76,0,171,0,1,183,10,194,58,38,259,10,365,56,0,56,421
03/07/2005,SRQ,FL,ASO,ES,Towers with Radar,44,46,87,0,177,0,5,185,0,190,44,51,272,0,367,124,0,124,491
03/08/2005,SRQ,FL,ASO,ES,Towers with Radar,48,40,69,0,157,0,1,68,0,69,48,41,137,0,226,22,0,22,248
03/09/2005,SRQ,FL,ASO,ES,Towers with Radar,48,42,92,0,182,0,2,74,0,76,48,44,166,0,258,29,0,29,287
03/10/2005,SRQ,FL,ASO,ES,Towers with Radar,56,37,92,2,187,0,3,277,0,280,56,40,369,2,467,132,0,132,599
03/11/2005,SRQ,FL,ASO,ES,Towers with Radar,48,43,111,20,222,0,2,239,1,242,48,45,350,21,464,142,46,188,652
03/12/2005,SRQ,FL,ASO,ES,Towers with Radar,54,30,70,7,161,0,3,245,3,251,54,33,315,10,412,112,54,166,578
03/13/2005,SRQ,FL,ASO,ES,Towers with Radar,52,32,80,1,165,0,0,221,0,221,52,32,301,1,386,54,0,54,440
03/14/2005,SRQ,FL,ASO,ES,Towers with Radar,47,40,94,2,183,0,4,131,0,135,47,44,225,2,318,54,0,54,372
03/15/2005,SRQ,FL,ASO,ES,Towers with Radar,49,50,126,0,225,0,0,96,0,96,49,50,222,0,321,92,0,92,413
03/16/2005,SRQ,FL,ASO,ES,Towers with Radar,44,52,85,1,182,0,0,70,5,75,44,52,155,6,257,30,0,30,287
03/17/2005,SRQ,FL,ASO,ES,Towers with Radar,56,39,113,10,218,4,1,87,0,92,60,40,200,10,310,28,8,36,346
03/18/2005,SRQ,FL,ASO,ES,Towers with Radar,53,39,96,0,188,0,44,268,0,312,53,83,364,0,500,96,0,96,596
03/19/2005,SRQ,FL,ASO,ES,Towers with Radar,53,42,123,2,220,3,0,327,0,330,56,42,450,2,550,96,0,96,646
03/20/2005,SRQ,FL,ASO,ES,Towers with Radar,42,38,106,0,186,12,0,265,4,281,54,38,371,4,467,82,0,82,549
03/21/2005,SRQ,FL,ASO,ES,Towers with Radar,46,32,130,0,208,0,12,122,4,138,46,44,252,4,346,66,2,68,414
03/22/2005,SRQ,FL,ASO,ES,Towers with Radar,45,40,93,0,178,0,4,150,2,156,45,44,243,2,334,52,0,52,386
03/23/2005,SRQ,FL,ASO,ES,Towers with Radar,47,50,79,0,176,0,1,64,22,87,47,51,143,22,263,4,0,4,267
03/24/2005,SRQ,FL,ASO,ES,Towers with Radar,53,70,170,2,295,3,1,170,2,176,56,71,340,4,471,56,0,56,527
03/25/2005,SRQ,FL,ASO,ES,Towers with Radar,50,64,105,0,219,0,1,81,0,82,50,65,186,0,301,20,0,20,321
03/26/2005,SRQ,FL,ASO,ES,Towers with Radar,52,44,127,0,223,0,0,100,0,100,52,44,227,0,323,86,0,86,409
03/27/2005,SRQ,FL,ASO,ES,Towers with Radar,46,41,81,0,168,0,0,73,0,73,46,41,154,0,241,2,0,2,243
03/28/2005,SRQ,FL,ASO,ES,Towers with Radar,47,57,111,0,215,0,12,83,0,95,47,69,194,0,310,16,0,16,326
03/29/2005,SRQ,FL,ASO,ES,Towers with Radar,48,37,123,0,208,0,3,276,0,279,48,40,399,0,487,46,0,46,533
03/30/2005,SRQ,FL,ASO,ES,Towers with Radar,52,30,113,1,196,3,0,337,3,343,55,30,450,4,539,178,0,178,717
03/31/2005,SRQ,FL,ASO,ES,Towers with Radar,47,46,115,2,210,0,6,233,0,239,47,52,348,2,449,144,4,148,597
04/01/2005,SRQ,FL,ASO,ES,Towers with Radar,47,38,126,0,211,0,5,213,2,220,47,43,339,2,431,71,0,71,502
04/02/2005,SRQ,FL,ASO,ES,Towers with Radar,57,39,98,0,194,0,0,71,0,71,57,39,169,0,265,12,0,12,277
04/03/2005,SRQ,FL,ASO,ES,Towers with Radar,44,45,133,0,222,0,1,232,0,233,44,46,365,0,455,62,0,62,517
04/04/2005,SRQ,FL,ASO,ES,Towers with Radar,45,39,108,10,202,0,8,237,0,245,45,47,345,10,447,60,12,72,519
04/05/2005,SRQ,FL,ASO,ES,Towers with Radar,39,43,97,0,179,0,6,289,0,295,39,49,386,0,474,110,0,110,584
04/06/2005,SRQ,FL,ASO,ES,Towers with Radar,41,42,116,1,200,0,8,217,0,225,41,50,333,1,425,164,0,164,589
04/07/2005,SRQ,FL,ASO,ES,Towers with Radar,44,53,54,0,151,0,6,86,2,94,44,59,140,2,245,24,0,24,269
04/08/2005,SRQ,FL,ASO,ES,Towers with Radar,42,44,116,0,202,0,8,209,0,217,42,52,325,0,419,138,0,138,557
04/09/2005,SRQ,FL,ASO,ES,Towers with Radar,51,39,127,1,218,0,3,192,0,195,51,42,319,1,413,88,0,88,501
04/10/2005,SRQ,FL,ASO,ES,Towers with Radar,44,37,100,2,183,0,0,195,12,207,44,37,295,14,390,130,0,130,520
04/11/2005,SRQ,FL,ASO,ES,Towers with Radar,41,44,108,2,195,5,4,240,6,255,46,48,348,8,450,82,0,82,532
04/12/2005,SRQ,FL,ASO,ES,Towers with Radar,39,42,61,8,150,0,5,153,0,158,39,47,214,8,308,119,0,119,427
04/13/2005,SRQ,FL,ASO,ES,Towers with Radar,45,63,121,0,229,0,5,225,0,230,45,68,346,0,459,106,0,106,565
04/14/2005,SRQ,FL,ASO,ES,Towers with Radar,47,55,111,2,215,0,8,242,0,250,47,63,353,2,465,54,0,54,519
04/15/2005,SRQ,FL,ASO,ES,Towers with Radar,41,43,107,8,199,0,4,159,0,163,41,47,266,8,362,84,6,90,452
04/16/2005,SRQ,FL,ASO,ES,Towers with Radar,47,29,55,0,131,0,2,182,0,184,47,31,237,0,315,42,0,42,357
04/17/2005,SRQ,FL,ASO,ES,Towers with Radar,44,41,48,2,135,0,3,167,0,170,44,44,215,2,305,80,0,80,385
04/18/2005,SRQ,FL,ASO,ES,Towers with Radar,48,44,107,4,203,0,8,244,0,252,48,52,351,4,455,92,0,92,547
04/19/2005,SRQ,FL,ASO,ES,Towers with Radar,46,42,122,0,210,0,10,281,0,291,46,52,403,0,501,136,0,136,637
04/20/2005,SRQ,FL,ASO,ES,Towers with Radar,42,37,94,0,173,0,13,205,0,218,42,50,299,0,391,112,0,112,503
04/21/2005,SRQ,FL,ASO,ES,Towers with Radar,46,39,77,0,162,0,4,206,0,210,46,43,283,0,372,118,0,118,490
04/22/2005,SRQ,FL,ASO,ES,Towers with Radar,39,49,76,9,173,0,5,183,0,188,39,54,259,9,361,78,6,84,445
04/23/2005,SRQ,FL,ASO,ES,Towers with Radar,49,34,71,0,154,0,3,109,0,112,49,37,180,0,266,150,0,150,416
04/24/2005,SRQ,FL,ASO,ES,Towers with Radar,46,37,107,3,193,1,2,216,0,219,47,39,323,3,412,124,0,124,536
04/25/2005,SRQ,FL,ASO,ES,Towers with Radar,44,40,87,0,171,0,10,243,1,254,44,50,330,1,425,96,0,96,521
04/26/2005,SRQ,FL,ASO,ES,Towers with Radar,45,40,74,0,159,0,5,178,1,184,45,45,252,1,343,33,0,33,376
04/27/2005,SRQ,FL,ASO,ES,Towers with Radar,55,35,89,11,190,0,2,221,0,223,55,37,310,11,413,126,0,126,539
04/28/2005,SRQ,FL,ASO,ES,Towers with Radar,43,44,123,6,216,0,1,212,0,213,43,45,335,6,429,102,0,102,531
04/29/2005,SRQ,FL,ASO,ES,Towers with Radar,47,41,89,2,179,0,7,186,0,193,47,48,275,2,372,68,2,70,442
04/30/2005,SRQ,FL,ASO,ES,Towers with Radar,43,33,44,0,120,0,1,143,0,144,43,34,187,0,264,30,0,30,294
05/01/2005,SRQ,FL,ASO,ES,Towers with Radar,46,31,75,0,152,0,1,88,0,89,46,32,163,0,241,32,0,32,273
05/02/2005,SRQ,FL,ASO,ES,Towers with Radar,40,44,77,4,165,0,5,158,0,163,40,49,235,4,328,154,0,154,482
05/03/2005,SRQ,FL,ASO,ES,Towers with Radar,39,47,37,0,123,0,5,268,0,273,39,52,305,0,396,190,0,190,586
05/04/2005,SRQ,FL,ASO,ES,Towers with Radar,40,36,55,0,131,0,3,29,0,32,40,39,84,0,163,0,0,0,163
05/05/2005,SRQ,FL,ASO,ES,Towers with Radar,40,37,88,2,167,0,0,73,2,75,40,37,161,4,242,52,0,52,294
05/06/2005,SRQ,FL,ASO,ES,Towers with Radar,40,33,112,2,187,0,9,138,0,147,40,42,250,2,334,98,0,98,432
05/07/2005,SRQ,FL,ASO,ES,Towers with Radar,44,26,60,1,131,0,1,203,0,204,44,27,263,1,335,74,0,74,409
05/08/2005,SRQ,FL,ASO,ES,Towers with Radar,38,26,72,1,137,6,9,194,1,210,44,35,266,2,347,100,0,100,447
05/09/2005,SRQ,FL,ASO,ES,Towers with Radar,38,38,87,4,167,0,8,212,0,220,38,46,299,4,387,86,0,86,473
05/10/2005,SRQ,FL,ASO,ES,Towers with Radar,37,44,80,0,161,0,6,190,2,198,37,50,270,2,359,152,0,152,511
05/11/2005,SRQ,FL,ASO,ES,Towers with Radar,43,35,74,5,157,0,6,241,1,248,43,41,315,6,405,216,0,216,621
05/12/2005,SRQ,FL,ASO,ES,Towers with Radar,38,47,111,10,206,2,7,224,2,235,40,54,335,12,441,172,0,172,613
05/13/2005,SRQ,FL,ASO,ES,Towers with Radar,38,42,83,0,163,0,6,164,0,170,38,48,247,0,333,130,0,130,463
05/14/2005,SRQ,FL,ASO,ES,Towers with Radar,40,23,46,0,109,0,5,196,2,203,40,28,242,2,312,174,0,174,486
05/15/2005,SRQ,FL,ASO,ES,Towers with Radar,39,20,79,0,138,0,4,171,0,175,39,24,250,0,313,164,0,164,477
05/16/2005,SRQ,FL,ASO,ES,Towers with Radar,41,29,88,4,162,0,4,276,0,280,41,33,364,4,442,210,14,224,666
05/17/2005,SRQ,FL,ASO,ES,Towers with Radar,38,25,99,12,174,0,7,293,0,300,38,32,392,12,474,142,6,148,622
05/18/2005,SRQ,FL,ASO,ES,Towers with Radar,37,28,107,0,172,0,3,205,4,212,37,31,312,4,384,152,22,174,558
05/19/2005,SRQ,FL,ASO,ES,Towers with Radar,33,37,108,0,178,0,2,151,0,153,33,39,259,0,331,59,0,59,390
05/20/2005,SRQ,FL,ASO,ES,Towers with Radar,30,40,128,0,198,0,4,152,0,156,30,44,280,0,354,90,0,90,444
05/21/2005,SRQ,FL,ASO,ES,Towers with Radar,45,24,92,0,161,0,2,222,0,224,45,26,314,0,385,208,0,208,593
05/22/2005,SRQ,FL,ASO,ES,Towers with Radar,38,34,76,6,154,0,3,197,0,200,38,37,273,6,354,280,2,282,636
05/23/2005,SRQ,FL,ASO,ES,Towers with Radar,40,44,72,0,156,0,4,282,0,286,40,48,354,0,442,274,0,274,716
05/24/2005,SRQ,FL,ASO,ES,Towers with Radar,38,34,123,0,195,0,3,198,2,203,38,37,321,2,398,156,0,156,554
05/25/2005,SRQ,FL,ASO,ES,Towers with Radar,40,39,104,0,183,1,2,87,0,90,41,41,191,0,273,62,0,62,335
05/26/2005,SRQ,FL,ASO,ES,Towers with Radar,42,28,91,0,161,0,7,146,2,155,42,35,237,2,316,130,0,130,446
05/27/2005,SRQ,FL,ASO,ES,Towers with Radar,34,32,142,0,208,0,4,274,0,278,34,36,416,0,486,186,0,186,672
05/28/2005,SRQ,FL,ASO,ES,Towers with Radar,45,16,56,0,117,2,3,158,0,163,47,19,214,0,280,182,0,182,462
05/29/2005,SRQ,FL,ASO,ES,Towers with Radar,38,16,40,0,94,0,0,203,0,203,38,16,243,0,297,138,0,138,435
05/30/2005,SRQ,FL,ASO,ES,Towers with Radar,34,23,102,0,159,0,2,210,7,219,34,25,312,7,378,142,0,142,520
05/31/2005,SRQ,FL,ASO,ES,Towers with Radar,38,31,53,6,128,0,1,144,0,145,38,32,197,6,273,100,6,106,379
06/01/2005,SRQ,FL,ASO,ES,Towers with Radar,37,32,46,0,115,0,5,55,0,60,37,37,101,0,175,56,0,56,231
06/02/2005,SRQ,FL,ASO,ES,Towers with Radar,35,27,82,0,144,1,6,102,0,109,36,33,184,0,253,174,0,174,427
06/03/2005,SRQ,FL,ASO,ES,Towers with Radar,39,32,62,4,137,1,2,95,0,98,40,34,157,4,235,54,0,54,289
06/04/2005,SRQ,FL,ASO,ES,Towers with Radar,39,24,63,0,126,2,1,95,0,98,41,25,158,0,224,130,0,130,354
06/05/2005,SRQ,FL,ASO,ES,Towers with Radar,37,19,79,0,135,0,4,156,0,160,37,23,235,0,295,52,0,52,347
06/06/2005,SRQ,FL,ASO,ES,Towers with Radar,40,21,122,0,183,0,6,169,0,175,40,27,291,0,358,230,0,230,588
06/07/2005,SRQ,FL,ASO,ES,Towers with Radar,37,27,86,8,158,0,5,148,0,153,37,32,234,8,311,180,0,180,491
06/08/2005,SRQ,FL,ASO,ES,Towers with Radar,38,40,77,0,155,0,5,163,0,168,38,45,240,0,323,44,0,44,367
06/09/2005,SRQ,FL,ASO,ES,Towers with Radar,35,36,96,0,167,0,7,126,0,133,35,43,222,0,300,90,0,90,390
06/10/2005,SRQ,FL,ASO,ES,Towers with Radar,31,32,65,0,128,0,6,23,3,32,31,38,88,3,160,52,14,66,226
06/11/2005,SRQ,FL,ASO,ES,Towers with Radar,37,12,48,0,97,0,1,75,0,76,37,13,123,0,173,122,0,122,295
06/12/2005,SRQ,FL,ASO,ES,Towers with Radar,34,13,57,0,104,0,0,91,0,91,34,13,148,0,195,126,0,126,321
06/13/2005,SRQ,FL,ASO,ES,Towers with Radar,35,23,79,4,141,0,0,206,0,206,35,23,285,4,347,150,2,152,499
06/14/2005,SRQ,FL,ASO,ES,Towers with Radar,34,24,69,0,127,0,6,226,2,234,34,30,295,2,361,106,0,106,467
06/15/2005,SRQ,FL,ASO,ES,Towers with Radar,35,28,81,0,144,0,0,148,0,148,35,28,229,0,292,122,0,122,414
06/16/2005,SRQ,FL,ASO,ES,Towers with Radar,35,30,95,0,160,0,2,284,0,286,35,32,379,0,446,124,0,124,570
06/17/2005,SRQ,FL,ASO,ES,Towers with Radar,34,27,89,0,150,0,5,233,0,238,34,32,322,0,388,244,0,244,632
06/18/2005,SRQ,FL,ASO,ES,Towers with Radar,39,14,74,0,127,0,4,236,2,242,39,18,310,2,369,190,0,190,559
06/19/2005,SRQ,FL,ASO,ES,Towers with Radar,35,20,51,0,106,0,4,192,0,196,35,24,243,0,302,52,0,52,354
06/20/2005,SRQ,FL,ASO,ES,Towers with Radar,44,28,58,2,132,0,5,162,4,171,44,33,220,6,303,128,0,128,431
06/21/2005,SRQ,FL,ASO,ES,Towers with Radar,32,36,49,0,117,0,3,117,4,124,32,39,166,4,241,56,0,56,297
06/22/2005,SRQ,FL,ASO,ES,Towers with Radar,35,25,72,0,132,0,4,93,3,100,35,29,165,3,232,42,0,42,274
06/23/2005,SRQ,FL,ASO,ES,Towers with Radar,34,29,86,2,151,0,5,175,3,183,34,34,261,5,334,116,0,116,450
06/24/2005,SRQ,FL,ASO,ES,Towers with Radar,36,27,91,0,154,0,4,177,2,183,36,31,268,2,337,152,0,152,489
06/25/2005,SRQ,FL,ASO,ES,Towers with Radar,35,12,102,0,149,0,22,173,0,195,35,34,275,0,344,176,0,176,520
06/26/2005,SRQ,FL,ASO,ES,Towers with Radar,36,12,75,0,123,0,10,254,6,270,36,22,329,6,393,252,0,252,645
06/27/2005,SRQ,FL,ASO,ES,Towers with Radar,32,37,49,0,118,0,0,162,0,162,32,37,211,0,280,134,0,134,414
06/28/2005,SRQ,FL,ASO,ES,Towers with Radar,34,28,63,8,133,0,5,121,2,128,34,33,184,10,261,70,12,82,343
06/29/2005,SRQ,FL,ASO,ES,Towers with Radar,31,18,76,0,125,0,4,85,0,89,31,22,161,0,214,74,0,74,288
06/30/2005,SRQ,FL,ASO,ES,Towers with Radar,36,37,126,0,199,0,4,157,0,161,36,41,283,0,360,150,0,150,510
07/01/2005,SRQ,FL,ASO,ES,Towers with Radar,35,29,113,0,177,0,4,264,0,268,35,33,377,0,445,106,0,106,551
07/02/2005,SRQ,FL,ASO,ES,Towers with Radar,40,17,67,0,124,0,1,172,0,173,40,18,239,0,297,186,0,186,483
07/03/2005,SRQ,FL,ASO,ES,Towers with Radar,41,23,51,0,115,0,1,281,0,282,41,24,332,0,397,90,0,90,487
07/04/2005,SRQ,FL,ASO,ES,Towers with Radar,35,15,47,0,97,0,0,157,0,157,35,15,204,0,254,78,0,78,332
07/05/2005,SRQ,FL,ASO,ES,Towers with Radar,36,41,66,0,143,0,2,157,0,159,36,43,223,0,302,128,0,128,430
07/06/2005,SRQ,FL,ASO,ES,Towers with Radar,31,29,71,0,131,1,1,160,0,162,32,30,231,0,293,88,0,88,381
07/07/2005,SRQ,FL,ASO,ES,Towers with Radar,35,26,70,0,131,0,4,331,0,335,35,30,401,0,466,152,0,152,618
07/08/2005,SRQ,FL,ASO,ES,Towers with Radar,35,31,115,0,181,0,2,226,0,228,35,33,341,0,409,268,0,268,677
07/09/2005,SRQ,FL,ASO,ES,Towers with Radar,38,15,16,0,69,0,0,14,0,14,38,15,30,0,83,0,0,0,83
07/10/2005,SRQ,FL,ASO,ES,Towers with Radar,25,5,8,0,38,0,0,7,0,7,25,5,15,0,45,0,0,0,45
07/11/2005,SRQ,FL,ASO,ES,Towers with Radar,31,29,46,0,106,0,1,128,0,129,31,30,174,0,235,141,0,141,376
07/12/2005,SRQ,FL,ASO,ES,Towers with Radar,34,29,65,14,142,0,5,181,0,186,34,34,246,14,328,210,0,210,538
07/13/2005,SRQ,FL,ASO,ES,Towers with Radar,35,23,47,0,105,0,2,143,1,146,35,25,190,1,251,54,2,56,307
07/14/2005,SRQ,FL,ASO,ES,Towers with Radar,35,24,58,2,119,1,6,276,0,283,36,30,334,2,402,202,0,202,604
07/15/2005,SRQ,FL,ASO,ES,Towers with Radar,35,17,109,0,161,0,3,248,0,251,35,20,357,0,412,224,0,224,636
07/16/2005,SRQ,FL,ASO,ES,Towers with Radar,38,22,50,0,110,0,0,209,0,209,38,22,259,0,319,176,0,176,495
07/17/2005,SRQ,FL,ASO,ES,Towers with Radar,35,11,53,0,99,0,5,163,0,168,35,16,216,0,267,56,0,56,323
07/18/2005,SRQ,FL,ASO,ES,Towers with Radar,36,24,49,0,109,0,1,123,0,124,36,25,172,0,233,136,0,136,369
07/19/2005,SRQ,FL,ASO,ES,Towers with Radar,34,24,76,0,134,0,5,201,0,206,34,29,277,0,340,112,0,112,452
07/20/2005,SRQ,FL,ASO,ES,Towers with Radar,0,23,136,16,175,35,2,291,0,328,35,25,427,16,503,98,2,100,603
07/21/2005,SRQ,FL,ASO,ES,Towers with Radar,34,26,56,2,118,0,3,147,4,154,34,29,203,6,272,70,0,70,342
07/22/2005,SRQ,FL,ASO,ES,Towers with Radar,37,28,65,5,135,0,5,312,3,320,37,33,377,8,455,170,0,170,625
07/23/2005,SRQ,FL,ASO,ES,Towers with Radar,35,12,51,4,102,0,2,150,0,152,35,14,201,4,254,102,8,110,364
07/24/2005,SRQ,FL,ASO,ES,Towers with Radar,38,23,54,0,115,0,0,133,2,135,38,23,187,2,250,62,0,62,312
07/25/2005,SRQ,FL,ASO,ES,Towers with Radar,32,23,55,0,110,0,2,119,0,121,32,25,174,0,231,104,0,104,335
07/26/2005,SRQ,FL,ASO,ES,Towers with Radar,37,25,47,6,115,0,1,218,4,223,37,26,265,10,338,84,0,84,422
07/27/2005,SRQ,FL,ASO,ES,Towers with Radar,31,19,54,8,112,0,4,255,1,260,31,23,309,9,372,176,10,186,558
07/28/2005,SRQ,FL,ASO,ES,Towers with Radar,41,27,83,7,158,0,3,168,7,178,41,30,251,14,336,78,26,104,440
07/29/2005,SRQ,FL,ASO,ES,Towers with Radar,37,35,65,5,142,0,2,174,1,177,37,37,239,6,319,342,2,344,663
07/30/2005,SRQ,FL,ASO,ES,Towers with Radar,39,15,53,0,107,0,0,158,0,158,39,15,211,0,265,58,0,58,323
07/31/2005,SRQ,FL,ASO,ES,Towers with Radar,39,9,69,0,117,0,2,148,0,150,39,11,217,0,267,74,0,74,341
08/01/2005,SRQ,FL,ASO,ES,Towers with Radar,33,22,60,2,117,0,3,159,8,170,33,25,219,10,287,122,0,122,409
08/02/2005,SRQ,FL,ASO,ES,Towers with Radar,32,24,38,1,95,0,4,211,3,218,32,28,249,4,313,164,0,164,477
08/03/2005,SRQ,FL,ASO,ES,Towers with Radar,34,28,77,0,139,0,3,219,4,226,34,31,296,4,365,150,0,150,515
08/04/2005,SRQ,FL,ASO,ES,Towers with Radar,33,23,75,12,143,0,2,273,4,279,33,25,348,16,422,176,2,178,600
08/05/2005,SRQ,FL,ASO,ES,Towers with Radar,33,33,84,1,151,0,1,168,1,170,33,34,252,2,321,174,0,174,495
08/06/2005,SRQ,FL,ASO,ES,Towers with Radar,35,9,57,0,101,0,0,121,0,121,35,9,178,0,222,102,0,102,324
08/07/2005,SRQ,FL,ASO,ES,Towers with Radar,33,14,50,0,97,0,1,103,4,108,33,15,153,4,205,60,0,60,265
08/08/2005,SRQ,FL,ASO,ES,Towers with Radar,36,20,33,1,90,0,1,121,0,122,36,21,154,1,212,36,0,36,248
08/09/2005,SRQ,FL,ASO,ES,Towers with Radar,32,29,51,8,120,0,6,181,0,187,32,35,232,8,307,234,0,234,541
08/10/2005,SRQ,FL,ASO,ES,Towers with Radar,32,26,81,0,139,0,6,193,0,199,32,32,274,0,338,192,0,192,530
08/11/2005,SRQ,FL,ASO,ES,Towers with Radar,32,18,79,2,131,0,4,264,5,273,32,22,343,7,404,214,3,217,621
08/12/2005,SRQ,FL,ASO,ES,Towers with Radar,35,28,63,1,127,0,3,147,2,152,35,31,210,3,279,156,0,156,435
08/13/2005,SRQ,FL,ASO,ES,Towers with Radar,31,13,61,0,105,0,3,135,0,138,31,16,196,0,243,106,0,106,349
08/14/2005,SRQ,FL,ASO,ES,Towers with Radar,35,16,40,0,91,0,0,157,0,157,35,16,197,0,248,112,0,112,360
08/15/2005,SRQ,FL,ASO,ES,Towers with Radar,31,29,68,0,128,0,1,133,0,134,31,30,201,0,262,64,0,64,326
08/16/2005,SRQ,FL,ASO,ES,Towers with Radar,33,21,52,4,110,0,2,114,0,116,33,23,166,4,226,118,4,122,348
08/17/2005,SRQ,FL,ASO,ES,Towers with Radar,34,31,80,0,145,0,5,225,0,230,34,36,305,0,375,212,0,212,587
08/18/2005,SRQ,FL,ASO,ES,Towers with Radar,34,23,71,0,128,0,2,232,0,234,34,25,303,0,362,126,0,126,488
08/19/2005,SRQ,FL,ASO,ES,Towers with Radar,38,27,55,0,120,0,8,175,0,183,38,35,230,0,303,200,0,200,503
08/20/2005,SRQ,FL,ASO,ES,Towers with Radar,40,15,42,0,97,0,3,227,2,232,40,18,269,2,329,218,0,218,547
08/21/2005,SRQ,FL,ASO,ES,Towers with Radar,36,20,45,0,101,0,0,103,0,103,36,20,148,0,204,124,0,124,328
08/22/2005,SRQ,FL,ASO,ES,Towers with Radar,35,24,69,0,128,0,1,127,0,128,35,25,196,0,256,56,0,56,312
08/23/2005,SRQ,FL,ASO,ES,Towers with Radar,30,32,56,0,118,0,1,201,0,202,30,33,257,0,320,144,0,144,464
08/24/2005,SRQ,FL,ASO,ES,Towers with Radar,38,14,48,7,107,0,0,215,0,215,38,14,263,7,322,118,14,132,454
08/25/2005,SRQ,FL,ASO,ES,Towers with Radar,33,19,75,0,127,0,2,176,0,178,33,21,251,0,305,233,0,233,538
08/26/2005,SRQ,FL,ASO,ES,Towers with Radar,40,12,16,0,68,0,0,58,0,58,40,12,74,0,126,44,0,44,170
08/27/2005,SRQ,FL,ASO,ES,Towers with Radar,34,9,22,0,65,0,0,41,2,43,34,9,63,2,108,34,0,34,142
08/28/2005,SRQ,FL,ASO,ES,Towers with Radar,32,17,25,0,74,0,0,64,0,64,32,17,89,0,138,76,0,76,214
08/29/2005,SRQ,FL,ASO,ES,Towers with Radar,35,30,47,0,112,0,1,96,0,97,35,31,143,0,209,152,0,152,361
08/30/2005,SRQ,FL,ASO,ES,Towers with Radar,31,27,34,0,92,0,10,131,0,141,31,37,165,0,233,192,0,192,425
08/31/2005,SRQ,FL,ASO,ES,Towers with Radar,36,27,69,0,132,0,1,160,2,163,36,28,229,2,295,174,0,174,469
09/01/2005,SRQ,FL,ASO,ES,Towers with Radar,28,36,100,0,164,0,3,171,0,174,28,39,271,0,338,140,0,140,478
09/02/2005,SRQ,FL,ASO,ES,Towers with Radar,41,27,70,0,138,0,7,112,2,121,41,34,182,2,259,28,0,28,287
09/03/2005,SRQ,FL,ASO,ES,Towers with Radar,35,13,68,0,116,0,0,121,0,121,35,13,189,0,237,62,0,62,299
09/04/2005,SRQ,FL,ASO,ES,Towers with Radar,27,14,40,0,81,0,6,131,0,137,27,20,171,0,218,102,0,102,320
09/05/2005,SRQ,FL,ASO,ES,Towers with Radar,36,28,73,0,137,0,2,151,0,153,36,30,224,0,290,108,0,108,398
09/06/2005,SRQ,FL,ASO,ES,Towers with Radar,33,35,76,0,144,0,4,142,0,146,33,39,218,0,290,184,0,184,474
09/07/2005,SRQ,FL,ASO,ES,Towers with Radar,32,19,65,3,119,0,0,172,1,173,32,19,237,4,292,226,0,226,518
09/08/2005,SRQ,FL,ASO,ES,Towers with Radar,32,24,64,9,129,0,1,118,6,125,32,25,182,15,254,144,0,144,398
09/09/2005,SRQ,FL,ASO,ES,Towers with Radar,34,24,61,1,120,0,1,119,0,120,34,25,180,1,240,144,0,144,384
09/10/2005,SRQ,FL,ASO,ES,Towers with Radar,27,11,62,3,103,0,5,132,0,137,27,16,194,3,240,106,0,106,346
09/11/2005,SRQ,FL,ASO,ES,Towers with Radar,28,15,53,0,96,0,3,141,0,144,28,18,194,0,240,42,0,42,282
09/12/2005,SRQ,FL,ASO,ES,Towers with Radar,32,21,71,4,128,0,5,189,0,194,32,26,260,4,322,132,2,134,456
09/13/2005,SRQ,FL,ASO,ES,Towers with Radar,30,23,69,0,122,0,1,184,4,189,30,24,253,4,311,150,0,150,461
09/14/2005,SRQ,FL,ASO,ES,Towers with Radar,29,23,163,4,219,0,8,231,12,251,29,31,394,16,470,214,12,226,696
09/15/2005,SRQ,FL,ASO,ES,Towers with Radar,29,23,97,0,149,0,7,183,2,192,29,30,280,2,341,120,0,120,461
09/16/2005,SRQ,FL,ASO,ES,Towers with Radar,32,28,96,0,156,0,0,116,0,116,32,28,212,0,272,116,0,116,388
09/17/2005,SRQ,FL,ASO,ES,Towers with Radar,33,13,71,10,127,0,0,152,0,152,33,13,223,10,279,100,10,110,389
09/18/2005,SRQ,FL,ASO,ES,Towers with Radar,30,14,51,2,97,0,0,141,0,141,30,14,192,2,238,60,2,62,300
09/19/2005,SRQ,FL,ASO,ES,Towers with Radar,32,29,69,10,140,0,3,135,0,138,32,32,204,10,278,136,2,138,416
09/20/2005,SRQ,FL,ASO,ES,Towers with Radar,29,23,37,0,89,0,3,101,0,104,29,26,138,0,193,78,0,78,271
09/21/2005,SRQ,FL,ASO,ES,Towers with Radar,31,20,69,2,122,0,4,180,2,186,31,24,249,4,308,70,2,72,380
09/22/2005,SRQ,FL,ASO,ES,Towers with Radar,27,30,81,0,138,0,2,77,2,81,27,32,158,2,219,108,2,110,329
09/23/2005,SRQ,FL,ASO,ES,Towers with Radar,33,27,66,3,129,0,2,181,0,183,33,29,247,3,312,190,6,196,508
09/24/2005,SRQ,FL,ASO,ES,Towers with Radar,33,12,40,0,85,0,4,137,0,141,33,16,177,0,226,182,0,182,408
09/25/2005,SRQ,FL,ASO,ES,Towers with Radar,32,15,71,1,119,0,0,114,4,118,32,15,185,5,237,90,0,90,327
09/26/2005,SRQ,FL,ASO,ES,Towers with Radar,31,23,73,0,127,0,7,207,0,214,31,30,280,0,341,158,0,158,499
09/27/2005,SRQ,FL,ASO,ES,Towers with Radar,29,21,83,10,143,0,12,169,4,185,29,33,252,14,328,110,30,140,468
09/28/2005,SRQ,FL,ASO,ES,Towers with Radar,30,19,84,8,141,0,0,235,2,237,30,19,319,10,378,292,6,298,676
09/29/2005,SRQ,FL,ASO,ES,Towers with Radar,30,21,68,2,121,0,6,157,2,165,30,27,225,4,286,107,16,123,409
09/30/2005,SRQ,FL,ASO,ES,Towers with Radar,32,24,69,1,126,0,6,137,0,143,32,30,206,1,269,136,2,138,407
10/01/2005,SRQ,FL,ASO,ES,Towers with Radar,30,16,56,0,102,0,2,131,0,133,30,18,187,0,235,98,0,98,333
10/02/2005,SRQ,FL,ASO,ES,Towers with Radar,30,15,39,0,84,0,2,121,0,123,30,17,160,0,207,52,0,52,259
10/03/2005,SRQ,FL,ASO,ES,Towers with Radar,32,29,73,4,138,0,1,157,2,160,32,30,230,6,298,70,6,76,374
10/04/2005,SRQ,FL,ASO,ES,Towers with Radar,37,27,67,11,142,0,4,120,8,132,37,31,187,19,274,64,24,88,362
10/05/2005,SRQ,FL,ASO,ES,Towers with Radar,36,36,75,0,147,0,3,119,0,122,36,39,194,0,269,70,0,70,339
10/06/2005,SRQ,FL,ASO,ES,Towers with Radar,34,28,85,0,147,0,1,79,0,80,34,29,164,0,227,34,0,34,261
10/07/2005,SRQ,FL,ASO,ES,Towers with Radar,36,34,100,0,170,0,0,97,2,99,36,34,197,2,269,76,0,76,345
10/08/2005,SRQ,FL,ASO,ES,Towers with Radar,35,15,71,0,121,0,1,162,0,163,35,16,233,0,284,92,0,92,376
10/09/2005,SRQ,FL,ASO,ES,Towers with Radar,35,17,80,0,132,0,3,143,0,146,35,20,223,0,278,74,0,74,352
10/10/2005,SRQ,FL,ASO,ES,Towers with Radar,31,24,113,0,168,0,3,229,0,232,31,27,342,0,400,180,0,180,580
10/11/2005,SRQ,FL,ASO,ES,Towers with Radar,37,23,80,16,156,0,1,170,0,171,37,24,250,16,327,158,4,162,489
10/12/2005,SRQ,FL,ASO,ES,Towers with Radar,33,27,97,0,157,0,2,105,0,107,33,29,202,0,264,96,0,96,360
10/13/2005,SRQ,FL,ASO,ES,Towers with Radar,34,28,116,0,178,0,5,117,0,122,34,33,233,0,300,206,0,206,506
10/14/2005,SRQ,FL,ASO,ES,Towers with Radar,35,31,87,5,158,0,1,157,0,158,35,32,244,5,316,122,0,122,438
10/15/2005,SRQ,FL,ASO,ES,Towers with Radar,34,27,67,2,130,0,1,245,0,246,34,28,312,2,376,184,0,184,560
10/16/2005,SRQ,FL,ASO,ES,Towers with Radar,37,14,71,2,124,0,1,173,2,176,37,15,244,4,300,74,6,80,380
10/17/2005,SRQ,FL,ASO,ES,Towers with Radar,40,33,68,0,141,0,2,183,0,185,40,35,251,0,326,148,0,148,474
10/18/2005,SRQ,FL,ASO,ES,Towers with Radar,41,32,56,2,131,0,4,245,20,269,41,36,301,22,400,330,24,354,754
10/19/2005,SRQ,FL,ASO,ES,Towers with Radar,38,33,96,0,167,0,0,185,8,193,38,33,281,8,360,198,10,208,568
10/20/2005,SRQ,FL,ASO,ES,Towers with Radar,36,28,82,4,150,0,2,211,0,213,36,30,293,4,363,110,0,110,473
10/21/2005,SRQ,FL,ASO,ES,Towers with Radar,40,36,53,0,129,0,2,74,0,76,40,38,127,0,205,20,0,20,225
10/22/2005,SRQ,FL,ASO,ES,Towers with Radar,31,8,25,0,64,0,0,51,0,51,31,8,76,0,115,42,0,42,157
10/23/2005,SRQ,FL,ASO,ES,Towers with Radar,38,8,24,0,70,0,1,22,0,23,38,9,46,0,93,4,0,4,97
10/24/2005,SRQ,FL,ASO,ES,Towers with Radar,13,4,8,0,25,0,0,26,2,28,13,4,34,2,53,0,2,2,55
10/25/2005,SRQ,FL,ASO,ES,Towers with Radar,34,33,87,0,154,0,3,169,0,172,34,36,256,0,326,132,0,132,458
10/26/2005,SRQ,FL,ASO,ES,Towers with Radar,41,31,61,0,133,0,2,205,2,209,41,33,266,2,342,266,0,266,608
10/27/2005,SRQ,FL,ASO,ES,Towers with Radar,35,27,82,1,145,0,3,215,0,218,35,30,297,1,363,120,0,120,483
10/28/2005,SRQ,FL,ASO,ES,Towers with Radar,34,36,101,1,172,0,3,189,1,193,34,39,290,2,365,132,2,134,499
10/29/2005,SRQ,FL,ASO,ES,Towers with Radar,40,12,66,0,118,0,0,215,2,217,40,12,281,2,335,270,0,270,605
10/30/2005,SRQ,FL,ASO,ES,Towers with Radar,37,19,72,0,128,0,5,174,4,183,37,24,246,4,311,70,0,70,381
10/31/2005,SRQ,FL,ASO,ES,Towers with Radar,42,36,86,8,172,0,1,211,0,212,42,37,297,8,384,200,4,204,588
11/01/2005,SRQ,FL,ASO,ES,Towers with Radar,38,32,75,6,151,0,4,106,2,112,38,36,181,8,263,68,10,78,341
11/02/2005,SRQ,FL,ASO,ES,Towers with Radar,37,37,80,2,156,0,3,143,0,146,37,40,223,2,302,218,50,268,570
11/03/2005,SRQ,FL,ASO,ES,Towers with Radar,38,48,85,10,181,0,5,165,8,178,38,53,250,18,359,232,0,232,591
11/04/2005,SRQ,FL,ASO,ES,Towers with Radar,35,35,93,6,169,0,5,242,0,247,35,40,335,6,416,184,6,190,606
11/05/2005,SRQ,FL,ASO,ES,Towers with Radar,41,25,90,2,158,0,0,197,0,197,41,25,287,2,355,144,0,144,499
11/06/2005,SRQ,FL,ASO,ES,Towers with Radar,34,35,98,0,167,0,3,146,0,149,34,38,244,0,316,78,0,78,394
11/07/2005,SRQ,FL,ASO,ES,Towers with Radar,40,23,66,14,143,0,6,176,6,188,40,29,242,20,331,174,14,188,519
11/08/2005,SRQ,FL,ASO,ES,Towers with Radar,45,26,95,1,167,0,0,156,0,156,45,26,251,1,323,126,0,126,449
11/09/2005,SRQ,FL,ASO,ES,Towers with Radar,40,35,93,1,169,0,2,155,0,157,40,37,248,1,326,194,0,194,520
11/10/2005,SRQ,FL,ASO,ES,Towers with Radar,35,43,73,0,151,0,4,156,0,160,35,47,229,0,311,140,0,140,451
11/11/2005,SRQ,FL,ASO,ES,Towers with Radar,39,33,92,2,166,0,2,233,0,235,39,35,325,2,401,100,0,100,501
11/12/2005,SRQ,FL,ASO,ES,Towers with Radar,41,34,82,0,157,0,1,198,0,199,41,35,280,0,356,90,0,90,446
11/13/2005,SRQ,FL,ASO,ES,Towers with Radar,38,41,84,4,167,0,1,228,0,229,38,42,312,4,396,154,4,158,554
11/14/2005,SRQ,FL,ASO,ES,Towers with Radar,42,34,84,8,168,0,2,181,12,195,42,36,265,20,363,122,22,144,507
11/15/2005,SRQ,FL,ASO,ES,Towers with Radar,38,46,61,0,145,0,2,158,0,160,38,48,219,0,305,90,0,90,395
11/16/2005,SRQ,FL,ASO,ES,Towers with Radar,49,36,121,20,226,0,4,183,4,191,49,40,304,24,417,184,0,184,601
11/17/2005,SRQ,FL,ASO,ES,Towers with Radar,42,45,96,0,183,0,3,69,2,74,42,48,165,2,257,60,0,60,317
11/18/2005,SRQ,FL,ASO,ES,Towers with Radar,42,45,88,0,175,0,5,171,0,176,42,50,259,0,351,134,0,134,485
11/19/2005,SRQ,FL,ASO,ES,Towers with Radar,48,19,75,0,142,0,1,181,0,182,48,20,256,0,324,160,0,160,484
11/20/2005,SRQ,FL,ASO,ES,Towers with Radar,46,24,91,0,161,0,1,106,0,107,46,25,197,0,268,80,0,80,348
11/21/2005,SRQ,FL,ASO,ES,Towers with Radar,43,38,32,5,118,0,0,113,0,113,43,38,145,5,231,138,8,146,377
11/22/2005,SRQ,FL,ASO,ES,Towers with Radar,48,38,100,0,186,0,1,138,4,143,48,39,238,4,329,106,0,106,435
11/23/2005,SRQ,FL,ASO,ES,Towers with Radar,41,48,114,0,203,0,3,182,0,185,41,51,296,0,388,198,0,198,586
11/24/2005,SRQ,FL,ASO,ES,Towers with Radar,40,19,19,0,78,0,1,85,0,86,40,20,104,0,164,16,0,16,180
11/25/2005,SRQ,FL,ASO,ES,Towers with Radar,41,33,52,0,126,0,3,237,0,240,41,36,289,0,366,144,0,144,510
11/26/2005,SRQ,FL,ASO,ES,Towers with Radar,48,40,104,0,192,0,0,222,0,222,48,40,326,0,414,58,0,58,472
11/27/2005,SRQ,FL,ASO,ES,Towers with Radar,49,42,146,0,237,0,3,172,0,175,49,45,318,0,412,36,0,36,448
11/28/2005,SRQ,FL,ASO,ES,Towers with Radar,40,35,75,6,156,0,3,94,4,101,40,38,169,10,257,138,0,138,395
11/29/2005,SRQ,FL,ASO,ES,Towers with Radar,41,43,53,0,137,0,0,62,0,62,41,43,115,0,199,58,0,58,257
11/30/2005,SRQ,FL,ASO,ES,Towers with Radar,37,45,77,6,165,0,6,128,0,134,37,51,205,6,299,76,0,76,375
12/01/2005,SRQ,FL,ASO,ES,Towers with Radar,46,35,85,12,178,0,1,223,0,224,46,36,308,12,402,144,2,146,548
12/02/2005,SRQ,FL,ASO,ES,Towers with Radar,42,29,67,14,152,0,2,190,0,192,42,31,257,14,344,206,0,206,550
12/03/2005,SRQ,FL,ASO,ES,Towers with Radar,45,24,73,8,150,0,2,240,0,242,45,26,313,8,392,156,0,156,548
12/04/2005,SRQ,FL,ASO,ES,Towers with Radar,45,16,66,0,127,0,0,159,0,159,45,16,225,0,286,152,0,152,438
12/05/2005,SRQ,FL,ASO,ES,Towers with Radar,43,36,49,0,128,0,0,155,0,155,43,36,204,0,283,72,0,72,355
12/06/2005,SRQ,FL,ASO,ES,Towers with Radar,37,32,97,0,166,0,2,61,0,63,37,34,158,0,229,82,0,82,311
12/07/2005,SRQ,FL,ASO,ES,Towers with Radar,39,32,80,0,151,0,1,101,0,102,39,33,181,0,253,28,0,28,281
12/08/2005,SRQ,FL,ASO,ES,Towers with Radar,40,34,135,9,218,0,0,135,0,135,40,34,270,9,353,82,10,92,445
12/09/2005,SRQ,FL,ASO,ES,Towers with Radar,34,39,128,6,207,0,0,85,0,85,34,39,213,6,292,54,2,56,348
12/10/2005,SRQ,FL,ASO,ES,Towers with Radar,42,29,121,0,192,0,0,131,0,131,42,29,252,0,323,82,0,82,405
12/11/2005,SRQ,FL,ASO,ES,Towers with Radar,43,25,69,2,139,0,0,121,0,121,43,25,190,2,260,112,0,112,372
12/12/2005,SRQ,FL,ASO,ES,Towers with Radar,44,24,59,6,133,1,3,174,0,178,45,27,233,6,311,162,0,162,473
12/13/2005,SRQ,FL,ASO,ES,Towers with Radar,39,37,71,5,152,0,3,201,2,206,39,40,272,7,358,168,16,184,542
12/14/2005,SRQ,FL,ASO,ES,Towers with Radar,43,31,76,5,155,0,2,180,1,183,43,33,256,6,338,70,0,70,408
12/15/2005,SRQ,FL,ASO,ES,Towers with Radar,42,39,75,6,162,0,2,151,4,157,42,41,226,10,319,8,18,26,345
12/16/2005,SRQ,FL,ASO,ES,Towers with Radar,40,44,99,13,196,0,2,185,2,189,40,46,284,15,385,130,6,136,521
12/17/2005,SRQ,FL,ASO,ES,Towers with Radar,50,27,83,0,160,0,1,79,0,80,50,28,162,0,240,56,0,56,296
12/18/2005,SRQ,FL,ASO,ES,Towers with Radar,50,30,102,2,184,0,0,75,2,77,50,30,177,4,261,46,0,46,307
12/19/2005,SRQ,FL,ASO,ES,Towers with Radar,46,39,69,0,154,0,1,65,0,66,46,40,134,0,220,6,0,6,226
12/20/2005,SRQ,FL,ASO,ES,Towers with Radar,49,26,78,0,153,0,4,117,2,123,49,30,195,2,276,220,0,220,496
12/21/2005,SRQ,FL,ASO,ES,Towers with Radar,44,29,78,0,151,0,5,140,1,146,44,34,218,1,297,106,0,106,403
12/22/2005,SRQ,FL,ASO,ES,Towers with Radar,49,39,89,18,195,0,1,282,4,287,49,40,371,22,482,206,2,208,690
12/23/2005,SRQ,FL,ASO,ES,Towers with Radar,44,44,114,0,202,0,3,217,0,220,44,47,331,0,422,72,0,72,494
12/24/2005,SRQ,FL,ASO,ES,Towers with Radar,55,23,28,0,106,0,1,151,0,152,55,24,179,0,258,80,0,80,338
12/25/2005,SRQ,FL,ASO,ES,Towers with Radar,48,16,16,0,80,0,0,16,0,16,48,16,32,0,96,0,0,0,96
12/26/2005,SRQ,FL,ASO,ES,Towers with Radar,50,53,110,0,213,0,7,155,0,162,50,60,265,0,375,63,0,63,438
12/27/2005,SRQ,FL,ASO,ES,Towers with Radar,46,57,93,0,196,0,4,172,0,176,46,61,265,0,372,162,0,162,534
12/28/2005,SRQ,FL,ASO,ES,Towers with Radar,42,53,82,0,177,0,5,224,0,229,42,58,306,0,406,96,0,96,502
12/29/2005,SRQ,FL,ASO,ES,Towers with Radar,50,56,82,13,201,0,2,270,0,272,50,58,352,13,473,176,6,182,655
12/30/2005,SRQ,FL,ASO,ES,Towers with Radar,48,41,122,0,211,0,4,349,2,355,48,45,471,2,566,238,0,238,804
12/31/2005,SRQ,FL,ASO,ES,Towers with Radar,52,21,54,0,127,0,1,187,0,188,52,22,241,0,315,134,0,134,449
01/01/2006,SRQ,FL,ASO,ES,Towers with Radar,51,35,82,4,172,0,1,66,0,67,51,36,148,4,239,10,0,10,249
01/02/2006,SRQ,FL,ASO,ES,Towers with Radar,47,40,90,0,177,0,1,111,0,112,47,41,201,0,289,120,0,120,409
01/03/2006,SRQ,FL,ASO,ES,Towers with Radar,47,53,91,0,191,0,3,90,0,93,47,56,181,0,284,90,0,90,374
01/04/2006,SRQ,FL,ASO,ES,Towers with Radar,43,38,112,22,215,0,7,253,0,260,43,45,365,22,475,174,8,182,657
01/05/2006,SRQ,FL,ASO,ES,Towers with Radar,50,31,85,0,166,0,3,183,2,188,50,34,268,2,354,170,0,170,524
01/06/2006,SRQ,FL,ASO,ES,Towers with Radar,45,38,97,24,204,0,2,192,2,196,45,40,289,26,400,174,6,180,580
01/07/2006,SRQ,FL,ASO,ES,Towers with Radar,51,16,61,0,128,0,3,169,4,176,51,19,230,4,304,148,0,148,452
01/08/2006,SRQ,FL,ASO,ES,Towers with Radar,44,26,70,4,144,0,0,167,1,168,44,26,237,5,312,94,0,94,406
01/09/2006,SRQ,FL,ASO,ES,Towers with Radar,45,35,60,6,146,0,3,156,0,159,45,38,216,6,305,58,2,60,365
01/10/2006,SRQ,FL,ASO,ES,Towers with Radar,46,38,83,0,167,0,3,170,0,173,46,41,253,0,340,98,0,98,438
01/11/2006,SRQ,FL,ASO,ES,Towers with Radar,46,29,92,2,169,0,3,210,2,215,46,32,302,4,384,52,0,52,436
01/12/2006,SRQ,FL,ASO,ES,Towers with Radar,48,37,109,2,196,0,4,142,0,146,48,41,251,2,342,150,0,150,492
01/13/2006,SRQ,FL,ASO,ES,Towers with Radar,46,30,84,11,171,0,2,104,3,109,46,32,188,14,280,86,0,86,366
01/14/2006,SRQ,FL,ASO,ES,Towers with Radar,54,27,49,0,130,0,6,29,0,35,54,33,78,0,165,4,0,4,169
01/15/2006,SRQ,FL,ASO,ES,Towers with Radar,52,14,72,4,142,0,2,214,0,216,52,16,286,4,358,36,2,38,396
01/16/2006,SRQ,FL,ASO,ES,Towers with Radar,46,26,113,10,195,0,4,202,0,206,46,30,315,10,401,174,6,180,581
01/17/2006,SRQ,FL,ASO,ES,Towers with Radar,0,0,0,0,0,48,32,154,5,239,48,32,154,5,239,24,10,34,273
01/18/2006,SRQ,FL,ASO,ES,Towers with Radar,47,31,89,13,180,0,5,232,1,238,47,36,321,14,418,122,6,128,546
01/19/2006,SRQ,FL,ASO,ES,Towers with Radar,51,29,120,0,200,0,3,221,0,224,51,32,341,0,424,188,0,188,612
01/20/2006,SRQ,FL,ASO,ES,Towers with Radar,45,41,135,4,225,0,2,217,0,219,45,43,352,4,444,228,10,238,682
01/21/2006,SRQ,FL,ASO,ES,Towers with Radar,51,16,87,2,156,0,5,237,0,242,51,21,324,2,398,244,14,258,656
01/22/2006,SRQ,FL,ASO,ES,Towers with Radar,52,27,92,0,171,0,2,156,0,158,52,29,248,0,329,42,0,42,371
01/23/2006,SRQ,FL,ASO,ES,Towers with Radar,47,30,95,2,174,0,2,159,2,163,47,32,254,4,337,74,2,76,413
01/24/2006,SRQ,FL,ASO,ES,Towers with Radar,50,34,75,0,159,0,7,118,0,125,50,41,193,0,284,118,0,118,402
01/25/2006,SRQ,FL,ASO,ES,Towers with Radar,48,35,80,16,179,0,2,181,18,201,48,37,261,34,380,90,6,96,476
01/26/2006,SRQ,FL,ASO,ES,Towers with Radar,53,29,82,4,168,0,1,199,0,200,53,30,281,4,368,106,0,106,474
01/27/2006,SRQ,FL,ASO,ES,Towers with Radar,51,34,143,0,228,0,3,229,0,232,51,37,372,0,460,166,0,166,626
01/28/2006,SRQ,FL,ASO,ES,Towers with Radar,55,20,59,0,134,0,4,223,0,227,55,24,282,0,361,160,4,164,525
01/29/2006,SRQ,FL,ASO,ES,Towers with Radar,52,39,89,0,180,0,1,127,0,128,52,40,216,0,308,80,0,80,388
01/30/2006,SRQ,FL,ASO,ES,Towers with Radar,47,36,48,0,131,0,3,60,0,63,47,39,108,0,194,20,0,20,214
01/31/2006,SRQ,FL,ASO,ES,Towers with Radar,50,21,64,0,135,0,3,233,0,236,50,24,297,0,371,178,0,178,549
02/01/2006,SRQ,FL,ASO,ES,Towers with Radar,51,24,112,25,212,0,11,278,8,297,51,35,390,33,509,152,6,158,667
02/02/2006,SRQ,FL,ASO,ES,Towers with Radar,50,26,69,0,145,0,1,126,0,127,50,27,195,0,272,36,0,36,308
02/03/2006,SRQ,FL,ASO,ES,Towers with Radar,55,25,82,0,162,0,3,79,0,82,55,28,161,0,244,42,0,42,286
02/04/2006,SRQ,FL,ASO,ES,Towers with Radar,59,19,41,0,119,0,2,29,0,31,59,21,70,0,150,18,0,18,168
02/05/2006,SRQ,FL,ASO,ES,Towers with Radar,49,22,44,2,117,0,4,221,0,225,49,26,265,2,342,192,0,192,534
02/06/2006,SRQ,FL,ASO,ES,Towers with Radar,42,28,59,24,153,0,7,179,10,196,42,35,238,34,349,60,6,66,415
02/07/2006,SRQ,FL,ASO,ES,Towers with Radar,49,25,90,13,177,0,4,135,0,139,49,29,225,13,316,24,0,24,340
02/08/2006,SRQ,FL,ASO,ES,Towers with Radar,51,36,92,0,179,0,3,236,0,239,51,39,328,0,418,138,0,138,556
02/09/2006,SRQ,FL,ASO,ES,Towers with Radar,58,36,72,10,176,0,7,307,2,316,58,43,379,12,492,76,10,86,578
02/10/2006,SRQ,FL,ASO,ES,Towers with Radar,55,35,122,6,218,0,3,311,3,317,55,38,433,9,535,228,0,228,763
02/11/2006,SRQ,FL,ASO,ES,Towers with Radar,59,20,86,1,166,0,3,133,1,137,59,23,219,2,303,128,0,128,431
02/12/2006,SRQ,FL,ASO,ES,Towers with Radar,37,28,101,5,171,0,2,56,1,59,37,30,157,6,230,12,2,14,244
02/13/2006,SRQ,FL,ASO,ES,Towers with Radar,63,36,93,3,195,0,2,141,0,143,63,38,234,3,338,110,0,110,448
02/14/2006,SRQ,FL,ASO,ES,Towers with Radar,50,28,111,0,189,0,7,241,0,248,50,35,352,0,437,132,0,132,569
02/15/2006,SRQ,FL,ASO,ES,Towers with Radar,52,32,142,3,229,0,0,217,3,220,52,32,359,6,449,112,0,112,561
02/16/2006,SRQ,FL,ASO,ES,Towers with Radar,63,40,141,2,246,0,4,326,4,334,63,44,467,6,580,212,0,212,792
02/17/2006,SRQ,FL,ASO,ES,Towers with Radar,61,39,147,0,247,0,2,249,4,255,61,41,396,4,502,198,0,198,700
02/18/2006,SRQ,FL,ASO,ES,Towers with Radar,69,27,104,0,200,0,2,293,0,295,69,29,397,0,495,130,0,130,625
02/19/2006,SRQ,FL,ASO,ES,Towers with Radar,48,39,82,1,170,0,7,166,0,173,48,46,248,1,343,72,0,72,415
02/20/2006,SRQ,FL,ASO,ES,Towers with Radar,54,38,125,0,217,0,2,175,2,179,54,40,300,2,396,142,0,142,538
02/21/2006,SRQ,FL,ASO,ES,Towers with Radar,54,38,95,8,195,0,1,193,8,202,54,39,288,16,397,175,0,175,572
02/22/2006,SRQ,FL,ASO,ES,Towers with Radar,55,38,110,1,204,0,1,226,0,227,55,39,336,1,431,146,0,146,577
02/23/2006,SRQ,FL,ASO,ES,Towers with Radar,65,56,165,0,286,0,0,89,0,89,65,56,254,0,375,4,0,4,379
02/24/2006,SRQ,FL,ASO,ES,Towers with Radar,55,34,167,0,256,0,0,87,4,91,55,34,254,4,347,28,0,28,375
02/25/2006,SRQ,FL,ASO,ES,Towers with Radar,67,33,67,0,167,0,1,190,0,191,67,34,257,0,358,54,0,54,412
02/26/2006,SRQ,FL,ASO,ES,Towers with Radar,53,38,102,0,193,0,0,40,6,46,53,38,142,6,239,12,0,12,251
02/27/2006,SRQ,FL,ASO,ES,Towers with Radar,54,32,99,12,197,0,4,172,0,176,54,36,271,12,373,130,2,132,505
02/28/2006,SRQ,FL,ASO,ES,Towers with Radar,57,31,60,3,151,0,4,268,0,272,57,35,328,3,423,108,2,110,533
03/01/2006,SRQ,FL,ASO,ES,Towers with Radar,58,37,123,2,220,0,0,221,0,221,58,37,344,2,441,38,0,38,479
03/02/2006,SRQ,FL,ASO,ES,Towers with Radar,63,50,62,0,175,0,2,285,4,291,63,52,347,4,466,185,0,185,651
03/03/2006,SRQ,FL,ASO,ES,Towers with Radar,55,44,138,1,238,0,3,229,4,236,55,47,367,5,474,64,0,64,538
03/04/2006,SRQ,FL,ASO,ES,Towers with Radar,74,30,67,2,173,0,4,212,3,219,74,34,279,5,392,194,8,202,594
03/05/2006,SRQ,FL,ASO,ES,Towers with Radar,55,39,73,0,167,0,2,130,0,132,55,41,203,0,299,42,0,42,341
03/06/2006,SRQ,FL,ASO,ES,Towers with Radar,55,37,106,24,222,0,0,140,0,140,55,37,246,24,362,56,0,56,418
03/07/2006,SRQ,FL,ASO,ES,Towers with Radar,56,36,73,1,166,0,2,185,3,190,56,38,258,4,356,120,0,120,476
03/08/2006,SRQ,FL,ASO,ES,Towers with Radar,60,42,135,0,237,0,1,205,0,206,60,43,340,0,443,224,0,224,667
03/09/2006,SRQ,FL,ASO,ES,Towers with Radar,66,31,79,25,201,0,4,223,2,229,66,35,302,27,430,126,14,140,570
03/10/2006,SRQ,FL,ASO,ES,Towers with Radar,57,35,127,6,225,0,5,219,0,224,57,40,346,6,449,210,6,216,665
03/11/2006,SRQ,FL,ASO,ES,Towers with Radar,72,32,72,6,182,0,0,215,0,215,72,32,287,6,397,60,6,66,463
03/12/2006,SRQ,FL,ASO,ES,Towers with Radar,63,40,94,0,197,0,1,216,0,217,63,41,310,0,414,86,0,86,500
03/13/2006,SRQ,FL,ASO,ES,Towers with Radar,55,43,91,1,190,0,3,161,0,164,55,46,252,1,354,74,0,74,428
03/14/2006,SRQ,FL,ASO,ES,Towers with Radar,60,40,100,0,200,0,4,206,0,210,60,44,306,0,410,198,0,198,608
03/15/2006,SRQ,FL,ASO,ES,Towers with Radar,58,35,97,0,190,0,5,213,0,218,58,40,310,0,408,140,0,140,548
03/16/2006,SRQ,FL,ASO,ES,Towers with Radar,65,39,123,0,227,0,2,227,0,229,65,41,350,0,456,158,0,158,614
03/17/2006,SRQ,FL,ASO,ES,Towers with Radar,55,51,150,1,257,0,4,207,12,223,55,55,357,13,480,116,0,116,596
03/18/2006,SRQ,FL,ASO,ES,Towers with Radar,69,33,87,1,190,0,5,235,0,240,69,38,322,1,430,126,0,126,556
03/19/2006,SRQ,FL,ASO,ES,Towers with Radar,62,41,93,0,196,0,1,208,0,209,62,42,301,0,405,154,0,154,559
03/20/2006,SRQ,FL,ASO,ES,Towers with Radar,53,35,78,0,166,0,1,138,0,139,53,36,216,0,305,30,0,30,335
03/21/2006,SRQ,FL,ASO,ES,Towers with Radar,59,29,85,19,192,0,2,159,7,168,59,31,244,26,360,196,4,200,560
03/22/2006,SRQ,FL,ASO,ES,Towers with Radar,55,43,104,13,215,0,2,283,1,286,55,45,387,14,501,140,14,154,655
03/23/2006,SRQ,FL,ASO,ES,Towers with Radar,67,30,119,6,222,0,4,169,2,175,67,34,288,8,397,140,10,150,547
03/24/2006,SRQ,FL,ASO,ES,Towers with Radar,59,38,131,0,228,0,3,194,2,199,59,41,325,2,427,158,0,158,585
03/25/2006,SRQ,FL,ASO,ES,Towers with Radar,63,49,112,0,224,0,0,227,0,227,63,49,339,0,451,116,0,116,567
03/26/2006,SRQ,FL,ASO,ES,Towers with Radar,59,33,79,1,172,0,0,264,0,264,59,33,343,1,436,110,0,110,546
03/27/2006,SRQ,FL,ASO,ES,Towers with Radar,53,47,84,0,184,0,2,181,0,183,53,49,265,0,367,84,0,84,451
03/28/2006,SRQ,FL,ASO,ES,Towers with Radar,58,32,117,4,211,0,3,184,0,187,58,35,301,4,398,86,0,86,484
03/29/2006,SRQ,FL,ASO,ES,Towers with Radar,56,32,128,0,216,0,1,256,0,257,56,33,384,0,473,188,0,188,661
03/30/2006,SRQ,FL,ASO,ES,Towers with Radar,60,45,111,2,218,0,5,272,1,278,60,50,383,3,496,296,0,296,792
03/31/2006,SRQ,FL,ASO,ES,Towers with Radar,51,43,115,3,212,0,5,196,0,201,51,48,311,3,413,94,2,96,509
04/01/2006,SRQ,FL,ASO,ES,Towers with Radar,74,30,72,0,176,0,1,214,1,216,74,31,286,1,392,106,0,106,498
04/02/2006,SRQ,FL,ASO,ES,Towers with Radar,53,40,98,2,193,0,0,171,2,173,53,40,269,4,366,58,20,78,444
04/03/2006,SRQ,FL,ASO,ES,Towers with Radar,50,37,89,4,180,0,2,210,0,212,50,39,299,4,392,132,0,132,524
04/04/2006,SRQ,FL,ASO,ES,Towers with Radar,54,29,79,1,163,0,1,169,0,170,54,30,248,1,333,180,0,180,513
04/05/2006,SRQ,FL,ASO,ES,Towers with Radar,57,33,90,0,180,0,1,243,2,246,57,34,333,2,426,116,0,116,542
04/06/2006,SRQ,FL,ASO,ES,Towers with Radar,62,33,113,6,214,0,4,255,10,269,62,37,368,16,483,270,2,272,755
04/07/2006,SRQ,FL,ASO,ES,Towers with Radar,54,35,87,15,191,0,7,204,5,216,54,42,291,20,407,136,6,142,549
04/08/2006,SRQ,FL,ASO,ES,Towers with Radar,66,22,71,0,159,0,0,115,0,115,66,22,186,0,274,38,0,38,312
04/09/2006,SRQ,FL,ASO,ES,Towers with Radar,48,38,86,12,184,0,0,215,0,215,48,38,301,12,399,53,0,53,452
04/10/2006,SRQ,FL,ASO,ES,Towers with Radar,50,36,100,6,192,0,0,170,3,173,50,36,270,9,365,150,10,160,525
04/11/2006,SRQ,FL,ASO,ES,Towers with Radar,55,35,83,21,194,0,1,232,2,235,55,36,315,23,429,104,14,118,547
04/12/2006,SRQ,FL,ASO,ES,Towers with Radar,55,34,75,0,164,0,3,261,0,264,55,37,336,0,428,198,0,198,626
04/13/2006,SRQ,FL,ASO,ES,Towers with Radar,57,42,125,8,232,0,4,178,4,186,57,46,303,12,418,152,0,152,570
04/14/2006,SRQ,FL,ASO,ES,Towers with Radar,52,32,78,0,162,0,3,165,0,168,52,35,243,0,330,116,0,116,446
04/15/2006,SRQ,FL,ASO,ES,Towers with Radar,59,32,70,0,161,0,1,180,0,181,59,33,250,0,342,142,0,142,484
04/16/2006,SRQ,FL,ASO,ES,Towers with Radar,52,27,47,0,126,0,1,117,0,118,52,28,164,0,244,36,0,36,280
04/17/2006,SRQ,FL,ASO,ES,Towers with Radar,58,61,115,8,242,0,6,267,2,275,58,67,382,10,517,170,4,174,691
04/18/2006,SRQ,FL,ASO,ES,Towers with Radar,55,31,95,2,183,0,3,137,2,142,55,34,232,4,325,70,0,70,395
04/19/2006,SRQ,FL,ASO,ES,Towers with Radar,50,25,120,16,211,0,2,257,0,259,50,27,377,16,470,174,10,184,654
04/20/2006,SRQ,FL,ASO,ES,Towers with Radar,54,31,113,2,200,0,0,162,2,164,54,31,275,4,364,192,0,192,556
04/21/2006,SRQ,FL,ASO,ES,Towers with Radar,54,38,96,13,201,0,3,203,8,214,54,41,299,21,415,68,0,68,483
04/22/2006,SRQ,FL,ASO,ES,Towers with Radar,68,25,70,20,183,0,0,118,10,128,68,25,188,30,311,54,28,82,393
04/23/2006,SRQ,FL,ASO,ES,Towers with Radar,52,40,80,2,174,0,0,163,1,164,52,40,243,3,338,160,8,168,506
04/24/2006,SRQ,FL,ASO,ES,Towers with Radar,52,34,115,4,205,0,2,149,4,155,52,36,264,8,360,84,4,88,448
04/25/2006,SRQ,FL,ASO,ES,Towers with Radar,54,30,62,13,159,0,1,191,3,195,54,31,253,16,354,242,20,262,616
04/26/2006,SRQ,FL,ASO,ES,Towers with Radar,60,31,90,0,181,0,1,257,0,258,60,32,347,0,439,162,0,162,601
04/27/2006,SRQ,FL,ASO,ES,Towers with Radar,60,29,105,26,220,0,0,165,0,165,60,29,270,26,385,124,12,136,521
04/28/2006,SRQ,FL,ASO,ES,Towers with Radar,54,35,102,0,191,0,3,195,0,198,54,38,297,0,389,140,0,140,529
04/29/2006,SRQ,FL,ASO,ES,Towers with Radar,58,16,68,4,146,0,1,146,0,147,58,17,214,4,293,46,0,46,339
04/30/2006,SRQ,FL,ASO,ES,Towers with Radar,52,28,63,12,155,0,1,156,2,159,52,29,219,14,314,64,0,64,378
05/01/2006,SRQ,FL,ASO,ES,Towers with Radar,49,43,44,2,138,0,3,224,0,227,49,46,268,2,365,78,0,78,443
05/02/2006,SRQ,FL,ASO,ES,Towers with Radar,45,32,71,0,148,0,6,201,0,207,45,38,272,0,355,250,0,250,605
05/03/2006,SRQ,FL,ASO,ES,Towers with Radar,44,30,131,6,211,0,3,193,0,196,44,33,324,6,407,116,0,116,523
05/04/2006,SRQ,FL,ASO,ES,Towers with Radar,48,36,123,4,211,0,2,229,6,237,48,38,352,10,448,78,2,80,528
05/05/2006,SRQ,FL,ASO,ES,Towers with Radar,43,29,81,4,157,0,3,219,3,225,43,32,300,7,382,58,10,68,450
05/06/2006,SRQ,FL,ASO,ES,Towers with Radar,47,29,95,0,171,0,0,164,2,166,47,29,259,2,337,62,0,62,399
05/07/2006,SRQ,FL,ASO,ES,Towers with Radar,42,30,75,1,148,0,1,201,0,202,42,31,276,1,350,90,0,90,440
05/08/2006,SRQ,FL,ASO,ES,Towers with Radar,41,29,104,2,176,0,6,197,3,206,41,35,301,5,382,242,0,242,624
05/09/2006,SRQ,FL,ASO,ES,Towers with Radar,39,33,73,0,145,0,2,137,0,139,39,35,210,0,284,150,0,150,434
05/10/2006,SRQ,FL,ASO,ES,Towers with Radar,38,34,99,4,175,0,3,182,4,189,38,37,281,8,364,162,0,162,526
05/11/2006,SRQ,FL,ASO,ES,Towers with Radar,38,28,88,0,154,0,0,159,0,159,38,28,247,0,313,70,0,70,383
05/12/2006,SRQ,FL,ASO,ES,Towers with Radar,37,45,94,0,176,0,2,202,0,204,37,47,296,0,380,58,0,58,438
05/13/2006,SRQ,FL,ASO,ES,Towers with Radar,39,27,58,0,124,0,1,187,0,188,39,28,245,0,312,68,0,68,380
05/14/2006,SRQ,FL,ASO,ES,Towers with Radar,34,42,52,8,136,0,0,136,0,136,34,42,188,8,272,88,6,94,366
05/15/2006,SRQ,FL,ASO,ES,Towers with Radar,38,22,78,0,138,0,0,143,0,143,38,22,221,0,281,232,0,232,513
05/16/2006,SRQ,FL,ASO,ES,Towers with Radar,37,29,55,6,127,0,1,31,0,32,37,30,86,6,159,6,0,6,165
05/17/2006,SRQ,FL,ASO,ES,Towers with Radar,37,26,113,8,184,0,2,241,0,243,37,28,354,8,427,110,0,110,537
05/18/2006,SRQ,FL,ASO,ES,Towers with Radar,37,25,124,10,196,0,1,227,0,228,37,26,351,10,424,208,8,216,640
05/19/2006,SRQ,FL,ASO,ES,Towers with Radar,35,32,97,13,177,0,2,157,1,160,35,34,254,14,337,98,20,118,455
05/20/2006,SRQ,FL,ASO,ES,Towers with Radar,38,24,67,0,129,0,0,249,0,249,38,24,316,0,378,98,0,98,476
05/21/2006,SRQ,FL,ASO,ES,Towers with Radar,37,36,83,12,168,0,2,196,0,198,37,38,279,12,366,86,0,86,452
05/22/2006,SRQ,FL,ASO,ES,Towers with Radar,35,43,84,0,162,0,3,104,0,107,35,46,188,0,269,164,0,164,433
05/23/2006,SRQ,FL,ASO,ES,Towers with Radar,36,35,68,6,145,0,4,145,0,149,36,39,213,6,294,166,0,166,460
05/24/2006,SRQ,FL,ASO,ES,Towers with Radar,40,21,94,2,157,0,1,151,0,152,40,22,245,2,309,166,2,168,477
05/25/2006,SRQ,FL,ASO,ES,Towers with Radar,35,33,83,17,168,0,5,150,4,159,35,38,233,21,327,82,12,94,421
05/26/2006,SRQ,FL,ASO,ES,Towers with Radar,35,33,79,0,147,0,1,177,0,178,35,34,256,0,325,152,0,152,477
05/27/2006,SRQ,FL,ASO,ES,Towers with Radar,38,20,44,0,102,0,0,139,0,139,38,20,183,0,241,102,0,102,343
05/28/2006,SRQ,FL,ASO,ES,Towers with Radar,34,17,53,0,104,0,0,184,0,184,34,17,237,0,288,132,0,132,420
05/29/2006,SRQ,FL,ASO,ES,Towers with Radar,39,22,84,0,145,0,2,206,0,208,39,24,290,0,353,124,0,124,477
05/30/2006,SRQ,FL,ASO,ES,Towers with Radar,34,30,87,0,151,0,4,276,0,280,34,34,363,0,431,260,0,260,691
05/31/2006,SRQ,FL,ASO,ES,Towers with Radar,36,20,70,6,132,0,0,208,0,208,36,20,278,6,340,238,8,246,586
06/01/2006,SRQ,FL,ASO,ES,Towers with Radar,37,17,60,0,114,0,3,169,2,174,37,20,229,2,288,176,0,176,464
06/02/2006,SRQ,FL,ASO,ES,Towers with Radar,35,32,75,11,153,0,1,160,0,161,35,33,235,11,314,96,24,120,434
06/03/2006,SRQ,FL,ASO,ES,Towers with Radar,37,16,53,10,116,0,0,228,0,228,37,16,281,10,344,148,6,154,498
06/04/2006,SRQ,FL,ASO,ES,Towers with Radar,35,25,56,2,118,0,4,173,4,181,35,29,229,6,299,60,24,84,383
06/05/2006,SRQ,FL,ASO,ES,Towers with Radar,38,33,55,2,128,0,2,179,0,181,38,35,234,2,309,70,0,70,379
06/06/2006,SRQ,FL,ASO,ES,Towers with Radar,36,26,84,2,148,0,3,279,0,282,36,29,363,2,430,156,0,156,586
06/07/2006,SRQ,FL,ASO,ES,Towers with Radar,36,27,81,4,148,0,1,162,0,163,36,28,243,4,311,102,20,122,433
06/08/2006,SRQ,FL,ASO,ES,Towers with Radar,34,23,81,6,144,0,4,186,0,190,34,27,267,6,334,94,6,100,434
06/09/2006,SRQ,FL,ASO,ES,Towers with Radar,32,29,78,4,143,0,2,167,0,169,32,31,245,4,312,56,2,58,370
06/10/2006,SRQ,FL,ASO,ES,Towers with Radar,36,14,67,0,117,0,0,223,0,223,36,14,290,0,340,164,0,164,504
06/11/2006,SRQ,FL,ASO,ES,Towers with Radar,30,24,76,0,130,0,2,55,0,57,30,26,131,0,187,68,0,68,255
06/12/2006,SRQ,FL,ASO,ES,Towers with Radar,39,27,19,0,85,0,2,26,0,28,39,29,45,0,113,0,0,0,113
06/13/2006,SRQ,FL,ASO,ES,Towers with Radar,39,21,37,0,97,0,0,50,4,54,39,21,87,4,151,6,0,6,157
06/14/2006,SRQ,FL,ASO,ES,Towers with Radar,38,20,70,0,128,0,1,109,0,110,38,21,179,0,238,162,0,162,400
06/15/2006,SRQ,FL,ASO,ES,Towers with Radar,34,28,89,0,151,0,2,185,2,189,34,30,274,2,340,90,0,90,430
06/16/2006,SRQ,FL,ASO,ES,Towers with Radar,30,25,69,3,127,0,2,151,0,153,30,27,220,3,280,78,0,78,358
06/17/2006,SRQ,FL,ASO,ES,Towers with Radar,32,22,77,0,131,0,0,126,0,126,32,22,203,0,257,88,0,88,345
06/18/2006,SRQ,FL,ASO,ES,Towers with Radar,36,24,73,0,133,0,2,148,2,152,36,26,221,2,285,90,0,90,375
06/19/2006,SRQ,FL,ASO,ES,Towers with Radar,33,22,84,0,139,0,3,119,2,124,33,25,203,2,263,94,0,94,357
06/20/2006,SRQ,FL,ASO,ES,Towers with Radar,33,21,85,15,154,0,0,172,1,173,33,21,257,16,327,124,8,132,459
06/21/2006,SRQ,FL,ASO,ES,Towers with Radar,36,27,88,2,153,0,1,189,2,192,36,28,277,4,345,167,0,167,512
06/22/2006,SRQ,FL,ASO,ES,Towers with Radar,34,26,77,1,138,0,4,290,2,296,34,30,367,3,434,128,0,128,562
06/23/2006,SRQ,FL,ASO,ES,Towers with Radar,30,29,84,0,143,0,2,196,0,198,30,31,280,0,341,113,0,113,454
06/24/2006,SRQ,FL,ASO,ES,Towers with Radar,35,16,43,0,94,0,1,104,0,105,35,17,147,0,199,32,0,32,231
06/25/2006,SRQ,FL,ASO,ES,Towers with Radar,33,30,53,0,116,0,0,73,0,73,33,30,126,0,189,62,0,62,251
06/26/2006,SRQ,FL,ASO,ES,Towers with Radar,32,36,60,6,134,0,2,136,0,138,32,38,196,6,272,118,0,118,390
06/27/2006,SRQ,FL,ASO,ES,Towers with Radar,38,27,99,10,174,0,8,195,0,203,38,35,294,10,377,144,0,144,521
06/28/2006,SRQ,FL,ASO,ES,Towers with Radar,34,28,88,0,150,0,1,208,0,209,34,29,296,0,359,124,0,124,483
06/29/2006,SRQ,FL,ASO,ES,Towers with Radar,36,25,80,4,145,0,1,187,0,188,36,26,267,4,333,204,4,208,541
06/30/2006,SRQ,FL,ASO,ES,Towers with Radar,32,34,103,0,169,0,1,145,0,146,32,35,248,0,315,44,0,44,359
07/01/2006,SRQ,FL,ASO,ES,Towers with Radar,33,22,59,0,114,0,0,134,0,134,33,22,193,0,248,88,0,88,336
07/02/2006,SRQ,FL,ASO,ES,Towers with Radar,29,17,24,0,70,0,0,156,0,156,29,17,180,0,226,18,0,18,244
07/03/2006,SRQ,FL,ASO,ES,Towers with Radar,31,25,52,0,108,0,2,107,6,115,31,27,159,6,223,56,0,56,279
07/04/2006,SRQ,FL,ASO,ES,Towers with Radar,25,16,51,2,94,0,1,154,0,155,25,17,205,2,249,44,0,44,293
07/05/2006,SRQ,FL,ASO,ES,Towers with Radar,35,27,64,2,128,0,1,152,0,153,35,28,216,2,281,160,0,160,441
07/06/2006,SRQ,FL,ASO,ES,Towers with Radar,31,22,56,0,109,0,1,133,10,144,31,23,189,10,253,110,10,120,373
07/07/2006,SRQ,FL,ASO,ES,Towers with Radar,39,19,52,2,112,2,1,68,2,73,41,20,120,4,185,46,0,46,231
07/08/2006,SRQ,FL,ASO,ES,Towers with Radar,35,20,59,0,114,0,0,70,0,70,35,20,129,0,184,82,0,82,266
07/09/2006,SRQ,FL,ASO,ES,Towers with Radar,28,21,52,10,111,0,4,172,4,180,28,25,224,14,291,54,0,54,345
07/10/2006,SRQ,FL,ASO,ES,Towers with Radar,32,26,68,0,126,0,0,227,4,231,32,26,295,4,357,111,12,123,480
07/11/2006,SRQ,FL,ASO,ES,Towers with Radar,35,20,63,0,118,0,5,128,0,133,35,25,191,0,251,160,0,160,411
07/12/2006,SRQ,FL,ASO,ES,Towers with Radar,36,27,66,0,129,0,0,105,0,105,36,27,171,0,234,72,0,72,306
07/13/2006,SRQ,FL,ASO,ES,Towers with Radar,31,25,57,0,113,0,2,87,2,91,31,27,144,2,204,20,0,20,224
07/14/2006,SRQ,FL,ASO,ES,Towers with Radar,31,26,99,5,161,0,0,290,2,292,31,26,389,7,453,156,18,174,627
07/15/2006,SRQ,FL,ASO,ES,Towers with Radar,29,20,101,0,150,0,0,317,0,317,29,20,418,0,467,254,0,254,721
07/16/2006,SRQ,FL,ASO,ES,Towers with Radar,27,18,86,8,139,0,0,212,0,212,27,18,298,8,351,154,0,154,505
07/17/2006,SRQ,FL,ASO,ES,Towers with Radar,30,25,72,4,131,0,1,165,4,170,30,26,237,8,301,126,4,130,431
07/18/2006,SRQ,FL,ASO,ES,Towers with Radar,36,29,58,0,123,0,2,177,0,179,36,31,235,0,302,94,0,94,396
07/19/2006,SRQ,FL,ASO,ES,Towers with Radar,33,18,64,1,116,0,2,149,0,151,33,20,213,1,267,76,0,76,343
07/20/2006,SRQ,FL,ASO,ES,Towers with Radar,30,19,66,0,115,0,3,136,0,139,30,22,202,0,254,94,0,94,348
07/21/2006,SRQ,FL,ASO,ES,Towers with Radar,32,26,57,0,115,0,6,158,0,164,32,32,215,0,279,144,0,144,423
07/22/2006,SRQ,FL,ASO,ES,Towers with Radar,33,12,50,2,97,0,0,89,2,91,33,12,139,4,188,48,0,48,236
07/23/2006,SRQ,FL,ASO,ES,Towers with Radar,26,22,46,16,110,0,0,113,2,115,26,22,159,18,225,104,6,110,335
07/24/2006,SRQ,FL,ASO,ES,Towers with Radar,31,23,61,0,115,0,0,161,2,163,31,23,222,2,278,252,0,252,530
07/25/2006,SRQ,FL,ASO,ES,Towers with Radar,34,24,67,14,139,0,1,293,0,294,34,25,360,14,433,179,0,179,612
07/26/2006,SRQ,FL,ASO,ES,Towers with Radar,33,22,75,0,130,0,6,203,0,209,33,28,278,0,339,122,0,122,461
07/27/2006,SRQ,FL,ASO,ES,Towers with Radar,30,29,49,0,108,0,3,139,0,142,30,32,188,0,250,40,0,40,290
07/28/2006,SRQ,FL,ASO,ES,Towers with Radar,30,27,49,0,106,0,3,150,0,153,30,30,199,0,259,60,0,60,319
07/29/2006,SRQ,FL,ASO,ES,Towers with Radar,31,18,58,0,107,0,1,152,0,153,31,19,210,0,260,88,0,88,348
07/30/2006,SRQ,FL,ASO,ES,Towers with Radar,28,19,79,0,126,0,0,132,0,132,28,19,211,0,258,168,0,168,426
07/31/2006,SRQ,FL,ASO,ES,Towers with Radar,32,28,70,9,139,0,2,171,0,173,32,30,241,9,312,178,0,178,490
08/01/2006,SRQ,FL,ASO,ES,Towers with Radar,34,17,74,0,125,0,2,199,0,201,34,19,273,0,326,174,0,174,500
08/02/2006,SRQ,FL,ASO,ES,Towers with Radar,32,19,64,2,117,0,1,178,3,182,32,20,242,5,299,150,28,178,477
08/03/2006,SRQ,FL,ASO,ES,Towers with Radar,31,22,88,10,151,0,1,145,2,148,31,23,233,12,299,138,0,138,437
08/04/2006,SRQ,FL,ASO,ES,Towers with Radar,30,26,48,0,104,0,2,158,0,160,30,28,206,0,264,130,0,130,394
08/05/2006,SRQ,FL,ASO,ES,Towers with Radar,31,16,54,6,107,0,0,150,0,150,31,16,204,6,257,154,6,160,417
08/06/2006,SRQ,FL,ASO,ES,Towers with Radar,27,18,41,0,86,0,2,133,0,135,27,20,174,0,221,124,0,124,345
08/07/2006,SRQ,FL,ASO,ES,Towers with Radar,31,29,47,4,111,0,4,249,2,255,31,33,296,6,366,204,2,206,572
08/08/2006,SRQ,FL,ASO,ES,Towers with Radar,37,30,81,8,156,0,3,205,2,210,37,33,286,10,366,114,7,121,487
08/09/2006,SRQ,FL,ASO,ES,Towers with Radar,29,19,86,0,134,0,3,207,0,210,29,22,293,0,344,80,0,80,424
08/10/2006,SRQ,FL,ASO,ES,Towers with Radar,28,27,56,8,119,0,3,144,2,149,28,30,200,10,268,114,0,114,382
08/11/2006,SRQ,FL,ASO,ES,Towers with Radar,27,34,62,3,126,0,21,163,0,184,27,55,225,3,310,68,0,68,378
08/12/2006,SRQ,FL,ASO,ES,Towers with Radar,29,23,52,3,107,0,0,176,4,180,29,23,228,7,287,192,0,192,479
08/13/2006,SRQ,FL,ASO,ES,Towers with Radar,29,22,56,4,111,0,1,97,0,98,29,23,153,4,209,20,0,20,229
08/14/2006,SRQ,FL,ASO,ES,Towers with Radar,31,25,55,4,115,0,3,93,0,96,31,28,148,4,211,70,4,74,285
08/15/2006,SRQ,FL,ASO,ES,Towers with Radar,35,12,70,7,124,0,5,154,2,161,35,17,224,9,285,222,6,228,513
08/16/2006,SRQ,FL,ASO,ES,Towers with Radar,31,26,49,0,106,0,0,161,0,161,31,26,210,0,267,90,0,90,357
08/17/2006,SRQ,FL,ASO,ES,Towers with Radar,33,23,6,2,64,0,1,177,2,180,33,24,183,4,244,114,0,114,358
08/18/2006,SRQ,FL,ASO,ES,Towers with Radar,34,33,62,9,138,0,4,195,0,199,34,37,257,9,337,126,0,126,463
08/19/2006,SRQ,FL,ASO,ES,Towers with Radar,36,18,50,10,114,0,1,165,0,166,36,19,215,10,280,114,0,114,394
08/20/2006,SRQ,FL,ASO,ES,Towers with Radar,26,25,51,6,108,0,0,158,0,158,26,25,209,6,266,144,0,144,410
08/21/2006,SRQ,FL,ASO,ES,Towers with Radar,24,33,85,0,142,0,0,190,0,190,24,33,275,0,332,202,0,202,534
08/22/2006,SRQ,FL,ASO,ES,Towers with Radar,33,25,65,4,127,0,0,154,1,155,33,25,219,5,282,210,4,214,496
08/23/2006,SRQ,FL,ASO,ES,Towers with Radar,30,26,49,20,125,0,5,150,1,156,30,31,199,21,281,138,12,150,431
08/24/2006,SRQ,FL,ASO,ES,Towers with Radar,27,26,43,8,104,0,2,109,6,117,27,28,152,14,221,46,6,52,273
08/25/2006,SRQ,FL,ASO,ES,Towers with Radar,29,36,59,11,135,0,1,168,0,169,29,37,227,11,304,160,4,164,468
08/26/2006,SRQ,FL,ASO,ES,Towers with Radar,31,24,40,6,101,0,1,122,2,125,31,25,162,8,226,170,0,170,396
08/27/2006,SRQ,FL,ASO,ES,Towers with Radar,24,22,52,0,98,0,2,95,0,97,24,24,147,0,195,64,0,64,259
08/28/2006,SRQ,FL,ASO,ES,Towers with Radar,30,26,81,0,137,0,7,164,0,171,30,33,245,0,308,130,0,130,438
08/29/2006,SRQ,FL,ASO,ES,Towers with Radar,38,36,38,0,112,0,2,178,0,180,38,38,216,0,292,212,0,212,504
08/30/2006,SRQ,FL,ASO,ES,Towers with Radar,25,19,27,0,71,0,0,29,0,29,25,19,56,0,100,36,0,36,136
08/31/2006,SRQ,FL,ASO,ES,Towers with Radar,29,24,43,0,96,0,0,104,0,104,29,24,147,0,200,142,0,142,342
09/01/2006,SRQ,FL,ASO,ES,Towers with Radar,29,38,86,0,153,0,2,163,2,167,29,40,249,2,320,68,0,68,388
09/02/2006,SRQ,FL,ASO,ES,Towers with Radar,35,16,67,0,118,0,0,183,0,183,35,16,250,0,301,154,0,154,455
09/03/2006,SRQ,FL,ASO,ES,Towers with Radar,22,17,31,0,70,0,0,84,0,84,22,17,115,0,154,136,0,136,290
09/04/2006,SRQ,FL,ASO,ES,Towers with Radar,34,24,45,0,103,0,1,161,0,162,34,25,206,0,265,170,8,178,443
09/05/2006,SRQ,FL,ASO,ES,Towers with Radar,32,27,51,0,110,0,0,168,0,168,32,27,219,0,278,208,0,208,486
09/06/2006,SRQ,FL,ASO,ES,Towers with Radar,30,36,59,10,135,0,3,97,0,100,30,39,156,10,235,118,6,124,359
09/07/2006,SRQ,FL,ASO,ES,Towers with Radar,34,22,73,4,133,0,1,159,2,162,34,23,232,6,295,94,0,94,389
09/08/2006,SRQ,FL,ASO,ES,Towers with Radar,29,38,58,4,129,0,1,139,0,140,29,39,197,4,269,72,0,72,341
09/09/2006,SRQ,FL,ASO,ES,Towers with Radar,26,19,93,0,138,0,1,225,0,226,26,20,318,0,364,208,0,208,572
09/10/2006,SRQ,FL,ASO,ES,Towers with Radar,28,32,65,0,125,0,1,119,4,124,28,33,184,4,249,116,0,116,365
09/11/2006,SRQ,FL,ASO,ES,Towers with Radar,37,19,64,2,122,0,2,136,4,142,37,21,200,6,264,130,2,132,396
09/12/2006,SRQ,FL,ASO,ES,Towers with Radar,34,24,49,1,108,0,1,153,2,156,34,25,202,3,264,112,0,112,376
09/13/2006,SRQ,FL,ASO,ES,Towers with Radar,28,29,45,0,102,0,2,79,0,81,28,31,124,0,183,38,0,38,221
09/14/2006,SRQ,FL,ASO,ES,Towers with Radar,31,27,48,4,110,0,4,167,2,173,31,31,215,6,283,84,4,88,371
09/15/2006,SRQ,FL,ASO,ES,Towers with Radar,30,26,73,1,130,0,3,217,0,220,30,29,290,1,350,178,0,178,528
09/16/2006,SRQ,FL,ASO,ES,Towers with Radar,33,16,79,2,130,0,0,239,0,239,33,16,318,2,369,220,0,220,589
09/17/2006,SRQ,FL,ASO,ES,Towers with Radar,33,13,42,5,93,0,3,234,0,237,33,16,276,5,330,143,0,143,473
09/18/2006,SRQ,FL,ASO,ES,Towers with Radar,36,20,40,2,98,0,1,140,1,142,36,21,180,3,240,100,0,100,340
09/19/2006,SRQ,FL,ASO,ES,Towers with Radar,39,20,58,2,119,0,3,107,0,110,39,23,165,2,229,126,0,126,355
09/20/2006,SRQ,FL,ASO,ES,Towers with Radar,31,27,65,2,125,0,0,76,4,80,31,27,141,6,205,29,0,29,234
09/21/2006,SRQ,FL,ASO,ES,Towers with Radar,41,31,63,6,141,0,4,220,2,226,41,35,283,8,367,148,4,152,519
09/22/2006,SRQ,FL,ASO,ES,Towers with Radar,37,31,70,11,149,0,0,233,9,242,37,31,303,20,391,118,0,118,509
09/23/2006,SRQ,FL,ASO,ES,Towers with Radar,35,21,48,0,104,0,2,230,0,232,35,23,278,0,336,118,0,118,454
09/24/2006,SRQ,FL,ASO,ES,Towers with Radar,31,38,81,2,152,0,1,212,24,237,31,39,293,26,389,144,2,146,535
09/25/2006,SRQ,FL,ASO,ES,Towers with Radar,34,23,75,8,140,0,2,209,4,215,34,25,284,12,355,82,28,110,465
09/26/2006,SRQ,FL,ASO,ES,Towers with Radar,37,25,89,4,155,0,1,158,0,159,37,26,247,4,314,102,0,102,416
09/27/2006,SRQ,FL,ASO,ES,Towers with Radar,32,31,85,16,164,0,4,142,0,146,32,35,227,16,310,70,2,72,382
09/28/2006,SRQ,FL,ASO,ES,Towers with Radar,31,22,88,0,141,0,7,224,0,231,31,29,312,0,372,114,0,114,486
09/29/2006,SRQ,FL,ASO,ES,Towers with Radar,37,31,67,4,139,0,1,193,0,194,37,32,260,4,333,92,0,92,425
09/30/2006,SRQ,FL,ASO,ES,Towers with Radar,43,17,57,0,117,0,0,208,0,208,43,17,265,0,325,162,0,162,487
10/01/2006,SRQ,FL,ASO,ES,Towers with Radar,34,15,65,0,114,0,0,152,0,152,34,15,217,0,266,82,0,82,348
10/02/2006,SRQ,FL,ASO,ES,Towers with Radar,35,23,54,4,116,0,1,226,2,229,35,24,280,6,345,132,0,132,477
10/03/2006,SRQ,FL,ASO,ES,Towers with Radar,34,18,70,2,124,0,2,163,0,165,34,20,233,2,289,190,0,190,479
10/04/2006,SRQ,FL,ASO,ES,Towers with Radar,36,24,62,1,123,0,0,200,0,200,36,24,262,1,323,62,0,62,385
10/05/2006,SRQ,FL,ASO,ES,Towers with Radar,39,18,77,6,140,0,0,150,0,150,39,18,227,6,290,108,4,112,402
10/06/2006,SRQ,FL,ASO,ES,Towers with Radar,40,28,68,9,145,0,1,177,0,178,40,29,245,9,323,78,0,78,401
10/07/2006,SRQ,FL,ASO,ES,Towers with Radar,36,19,57,0,112,0,0,172,0,172,36,19,229,0,284,110,0,110,394
10/08/2006,SRQ,FL,ASO,ES,Towers with Radar,38,27,65,0,130,0,0,84,4,88,38,27,149,4,218,6,0,6,224
10/09/2006,SRQ,FL,ASO,ES,Towers with Radar,35,20,66,9,130,0,0,136,10,146,35,20,202,19,276,108,0,108,384
10/10/2006,SRQ,FL,ASO,ES,Towers with Radar,37,23,100,7,167,0,5,214,3,222,37,28,314,10,389,152,0,152,541
10/11/2006,SRQ,FL,ASO,ES,Towers with Radar,36,20,91,0,147,0,0,246,0,246,36,20,337,0,393,48,0,48,441
10/12/2006,SRQ,FL,ASO,ES,Towers with Radar,36,18,54,6,114,0,1,159,9,169,36,19,213,15,283,140,0,140,423
10/13/2006,SRQ,FL,ASO,ES,Towers with Radar,39,29,79,0,147,10,2,244,0,256,49,31,323,0,403,106,0,106,509
10/14/2006,SRQ,FL,ASO,ES,Towers with Radar,39,19,63,0,121,0,0,220,9,229,39,19,283,9,350,134,0,134,484
10/15/2006,SRQ,FL,ASO,ES,Towers with Radar,37,16,81,1,135,0,0,140,4,144,37,16,221,5,279,24,0,24,303
10/16/2006,SRQ,FL,ASO,ES,Towers with Radar,35,21,57,17,130,0,2,231,0,233,35,23,288,17,363,76,14,90,453
10/17/2006,SRQ,FL,ASO,ES,Towers with Radar,36,28,97,9,170,0,1,170,0,171,36,29,267,9,341,112,6,118,459
10/18/2006,SRQ,FL,ASO,ES,Towers with Radar,41,23,77,10,151,0,2,194,0,196,41,25,271,10,347,118,0,118,465
10/19/2006,SRQ,FL,ASO,ES,Towers with Radar,34,32,87,4,157,0,0,270,1,271,34,32,357,5,428,142,0,142,570
10/20/2006,SRQ,FL,ASO,ES,Towers with Radar,35,29,106,4,174,0,0,223,0,223,35,29,329,4,397,150,0,150,547
10/21/2006,SRQ,FL,ASO,ES,Towers with Radar,33,23,48,2,106,0,0,168,2,170,33,23,216,4,276,118,0,118,394
10/22/2006,SRQ,FL,ASO,ES,Towers with Radar,34,27,83,0,144,0,0,142,12,154,34,27,225,12,298,74,0,74,372
10/23/2006,SRQ,FL,ASO,ES,Towers with Radar,36,29,83,6,154,0,0,102,5,107,36,29,185,11,261,62,8,70,331
10/24/2006,SRQ,FL,ASO,ES,Towers with Radar,39,26,39,6,110,0,0,135,2,137,39,26,174,8,247,164,0,164,411
10/25/2006,SRQ,FL,ASO,ES,Towers with Radar,39,18,60,1,118,0,0,238,4,242,39,18,298,5,360,134,0,134,494
10/26/2006,SRQ,FL,ASO,ES,Towers with Radar,35,31,112,0,178,0,2,183,0,185,35,33,295,0,363,80,0,80,443
10/27/2006,SRQ,FL,ASO,ES,Towers with Radar,31,26,54,30,141,0,1,175,0,176,31,27,229,30,317,56,0,56,373
10/28/2006,SRQ,FL,ASO,ES,Towers with Radar,34,19,52,6,111,0,0,44,3,47,34,19,96,9,158,16,0,16,174
10/29/2006,SRQ,FL,ASO,ES,Towers with Radar,44,17,92,0,153,0,2,186,0,188,44,19,278,0,341,90,0,90,431
10/30/2006,SRQ,FL,ASO,ES,Towers with Radar,40,24,55,4,123,0,0,214,0,214,40,24,269,4,337,102,6,108,445
10/31/2006,SRQ,FL,ASO,ES,Towers with Radar,40,23,64,0,127,0,0,170,2,172,40,23,234,2,299,132,0,132,431
11/01/2006,SRQ,FL,ASO,ES,Towers with Radar,38,40,86,0,164,0,1,163,0,164,38,41,249,0,328,34,0,34,362
11/02/2006,SRQ,FL,ASO,ES,Towers with Radar,37,38,125,0,200,0,2,127,0,129,37,40,252,0,329,124,0,124,453
11/03/2006,SRQ,FL,ASO,ES,Towers with Radar,37,38,96,28,199,0,0,202,2,204,37,38,298,30,403,106,7,113,516
11/04/2006,SRQ,FL,ASO,ES,Towers with Radar,40,16,65,2,123,0,0,114,0,114,40,16,179,2,237,32,2,34,271
11/05/2006,SRQ,FL,ASO,ES,Towers with Radar,38,40,81,0,159,0,0,153,2,155,38,40,234,2,314,66,2,68,382
11/06/2006,SRQ,FL,ASO,ES,Towers with Radar,33,28,81,0,142,0,0,111,0,111,33,28,192,0,253,36,0,36,289
11/07/2006,SRQ,FL,ASO,ES,Towers with Radar,45,24,56,4,129,0,0,45,0,45,45,24,101,4,174,46,0,46,220
11/08/2006,SRQ,FL,ASO,ES,Towers with Radar,43,23,93,2,161,0,1,159,0,160,43,24,252,2,321,218,0,218,539
11/09/2006,SRQ,FL,ASO,ES,Towers with Radar,46,33,99,23,201,0,1,240,3,244,46,34,339,26,445,182,18,200,645
11/10/2006,SRQ,FL,ASO,ES,Towers with Radar,42,29,96,0,167,0,0,348,0,348,42,29,444,0,515,160,0,160,675
11/11/2006,SRQ,FL,ASO,ES,Towers with Radar,44,21,92,0,157,0,0,181,0,181,44,21,273,0,338,120,0,120,458
11/12/2006,SRQ,FL,ASO,ES,Towers with Radar,45,38,94,2,179,0,1,143,0,144,45,39,237,2,323,84,4,88,411
11/13/2006,SRQ,FL,ASO,ES,Towers with Radar,42,26,110,11,189,0,1,170,5,176,42,27,280,16,365,108,6,114,479
11/14/2006,SRQ,FL,ASO,ES,Towers with Radar,42,28,90,7,167,0,0,234,2,236,42,28,324,9,403,126,2,128,531
11/15/2006,SRQ,FL,ASO,ES,Towers with Radar,44,30,113,0,187,0,0,235,2,237,44,30,348,2,424,142,0,142,566
11/16/2006,SRQ,FL,ASO,ES,Towers with Radar,45,30,66,0,141,0,0,104,0,104,45,30,170,0,245,36,0,36,281
11/17/2006,SRQ,FL,ASO,ES,Towers with Radar,44,27,77,5,153,0,3,197,0,200,44,30,274,5,353,91,11,102,455
11/18/2006,SRQ,FL,ASO,ES,Towers with Radar,44,15,80,6,145,0,1,195,4,200,44,16,275,10,345,120,0,120,465
11/19/2006,SRQ,FL,ASO,ES,Towers with Radar,48,34,66,1,149,0,4,152,0,156,48,38,218,1,305,20,0,20,325
11/20/2006,SRQ,FL,ASO,ES,Towers with Radar,50,23,59,2,134,0,0,141,2,143,50,23,200,4,277,60,4,64,341
11/21/2006,SRQ,FL,ASO,ES,Towers with Radar,51,32,109,4,196,0,0,173,1,174,51,32,282,5,370,52,0,52,422
11/22/2006,SRQ,FL,ASO,ES,Towers with Radar,47,29,95,0,171,0,0,206,0,206,47,29,301,0,377,45,0,45,422
11/23/2006,SRQ,FL,ASO,ES,Towers with Radar,43,19,30,0,92,0,1,104,0,105,43,20,134,0,197,52,0,52,249
11/24/2006,SRQ,FL,ASO,ES,Towers with Radar,43,29,69,0,141,0,2,215,0,217,43,31,284,0,358,80,0,80,438
11/25/2006,SRQ,FL,ASO,ES,Towers with Radar,49,38,75,0,162,0,6,211,0,217,49,44,286,0,379,72,0,72,451
11/26/2006,SRQ,FL,ASO,ES,Towers with Radar,48,43,156,0,247,0,2,161,0,163,48,45,317,0,410,44,0,44,454
11/27/2006,SRQ,FL,ASO,ES,Towers with Radar,50,33,79,0,162,0,0,114,0,114,50,33,193,0,276,70,0,70,346
11/28/2006,SRQ,FL,ASO,ES,Towers with Radar,47,24,74,2,147,0,1,198,4,203,47,25,272,6,350,102,6,108,458
11/29/2006,SRQ,FL,ASO,ES,Towers with Radar,43,31,95,0,169,0,1,270,0,271,43,32,365,0,440,92,0,92,532
11/30/2006,SRQ,FL,ASO,ES,Towers with Radar,47,24,95,0,166,0,2,185,4,191,47,26,280,4,357,130,0,130,487
12/01/2006,SRQ,FL,ASO,ES,Towers with Radar,41,31,105,1,178,0,2,161,6,169,41,33,266,7,347,76,0,76,423
12/02/2006,SRQ,FL,ASO,ES,Towers with Radar,48,18,65,0,131,0,0,217,2,219,48,18,282,2,350,302,12,314,664
12/03/2006,SRQ,FL,ASO,ES,Towers with Radar,48,17,66,0,131,0,1,175,0,176,48,18,241,0,307,138,0,138,445
12/04/2006,SRQ,FL,ASO,ES,Towers with Radar,50,25,74,2,151,0,0,138,0,138,50,25,212,2,289,141,0,141,430
12/05/2006,SRQ,FL,ASO,ES,Towers with Radar,48,16,95,6,165,0,0,223,0,223,48,16,318,6,388,80,6,86,474
12/06/2006,SRQ,FL,ASO,ES,Towers with Radar,47,24,105,6,182,0,0,199,3,202,47,24,304,9,384,104,6,110,494
12/07/2006,SRQ,FL,ASO,ES,Towers with Radar,50,14,115,4,183,0,5,156,2,163,50,19,271,6,346,176,0,176,522
12/08/2006,SRQ,FL,ASO,ES,Towers with Radar,46,33,103,0,182,0,2,146,0,148,46,35,249,0,330,118,0,118,448
12/09/2006,SRQ,FL,ASO,ES,Towers with Radar,44,16,56,2,118,0,1,153,0,154,44,17,209,2,272,110,0,110,382
12/10/2006,SRQ,FL,ASO,ES,Towers with Radar,49,26,51,0,126,0,2,211,0,213,49,28,262,0,339,52,0,52,391
12/11/2006,SRQ,FL,ASO,ES,Towers with Radar,44,21,84,0,149,0,0,164,0,164,44,21,248,0,313,130,0,130,443
12/12/2006,SRQ,FL,ASO,ES,Towers with Radar,49,17,95,1,162,0,2,192,0,194,49,19,287,1,356,156,0,156,512
12/13/2006,SRQ,FL,ASO,ES,Towers with Radar,50,24,80,10,164,0,1,163,6,170,50,25,243,16,334,128,18,146,480
12/14/2006,SRQ,FL,ASO,ES,Towers with Radar,38,32,118,16,204,0,0,99,0,99,38,32,217,16,303,96,14,110,413
12/15/2006,SRQ,FL,ASO,ES,Towers with Radar,57,43,115,2,217,0,3,37,4,44,57,46,152,6,261,20,0,20,281
12/16/2006,SRQ,FL,ASO,ES,Towers with Radar,55,29,66,0,150,0,6,91,4,101,55,35,157,4,251,82,0,82,333
12/17/2006,SRQ,FL,ASO,ES,Towers with Radar,57,19,58,2,136,0,2,127,1,130,57,21,185,3,266,70,0,70,336
12/18/2006,SRQ,FL,ASO,ES,Towers with Radar,52,27,85,3,167,0,0,150,2,152,52,27,235,5,319,80,0,80,399
12/19/2006,SRQ,FL,ASO,ES,Towers with Radar,56,38,77,0,171,0,0,175,0,175,56,38,252,0,346,92,0,92,438
12/20/2006,SRQ,FL,ASO,ES,Towers with Radar,59,29,94,2,184,0,0,298,0,298,59,29,392,2,482,110,0,110,592
12/21/2006,SRQ,FL,ASO,ES,Towers with Radar,61,33,109,0,203,0,3,224,0,227,61,36,333,0,430,140,0,140,570
12/22/2006,SRQ,FL,ASO,ES,Towers with Radar,59,24,77,0,160,0,1,141,0,142,59,25,218,0,302,40,0,40,342
12/23/2006,SRQ,FL,ASO,ES,Towers with Radar,61,24,50,0,135,0,0,72,0,72,61,24,122,0,207,74,0,74,281
12/24/2006,SRQ,FL,ASO,ES,Towers with Radar,55,26,24,0,105,0,0,32,0,32,55,26,56,0,137,46,0,46,183
12/25/2006,SRQ,FL,ASO,ES,Towers with Radar,54,20,21,0,95,0,0,2,0,2,54,20,23,0,97,2,0,2,99
12/26/2006,SRQ,FL,ASO,ES,Towers with Radar,63,52,122,0,237,0,0,85,0,85,63,52,207,0,322,6,0,6,328
12/27/2006,SRQ,FL,ASO,ES,Towers with Radar,61,54,91,10,216,0,2,242,0,244,61,56,333,10,460,66,6,72,532
12/28/2006,SRQ,FL,ASO,ES,Towers with Radar,59,30,68,0,157,0,5,249,0,254,59,35,317,0,411,166,0,166,577
12/29/2006,SRQ,FL,ASO,ES,Towers with Radar,62,40,134,6,242,0,2,277,0,279,62,42,411,6,521,194,0,194,715
12/30/2006,SRQ,FL,ASO,ES,Towers with Radar,65,19,83,0,167,0,1,163,0,164,65,20,246,0,331,108,0,108,439
12/31/2006,SRQ,FL,ASO,ES,Towers with Radar,61,21,29,0,111,0,0,115,0,115,61,21,144,0,226,100,0,100,326
01/01/2007,SRQ,FL,ASO,ES,Towers with Radar,61,31,56,0,148,0,2,48,0,50,61,33,104,0,198,0,0,0,198
01/02/2007,SRQ,FL,ASO,ES,Towers with Radar,59,39,97,0,195,0,1,193,0,194,59,40,290,0,389,42,0,42,431
01/03/2007,SRQ,FL,ASO,ES,Towers with Radar,58,35,95,0,188,0,3,170,0,173,58,38,265,0,361,76,0,76,437
01/04/2007,SRQ,FL,ASO,ES,Towers with Radar,57,20,100,0,177,0,0,155,0,155,57,20,255,0,332,70,0,70,402
01/05/2007,SRQ,FL,ASO,ES,Towers with Radar,61,22,63,0,146,0,1,161,0,162,61,23,224,0,308,36,0,36,344
01/06/2007,SRQ,FL,ASO,ES,Towers with Radar,56,23,93,19,191,0,0,177,2,179,56,23,270,21,370,110,30,140,510
01/07/2007,SRQ,FL,ASO,ES,Towers with Radar,56,28,81,0,165,0,0,106,4,110,56,28,187,4,275,52,0,52,327
01/08/2007,SRQ,FL,ASO,ES,Towers with Radar,53,20,108,4,185,0,0,60,0,60,53,20,168,4,245,42,4,46,291
01/09/2007,SRQ,FL,ASO,ES,Towers with Radar,60,23,54,6,143,0,1,193,2,196,60,24,247,8,339,104,4,108,447
01/10/2007,SRQ,FL,ASO,ES,Towers with Radar,55,21,95,0,171,0,0,172,0,172,55,21,267,0,343,63,0,63,406
01/11/2007,SRQ,FL,ASO,ES,Towers with Radar,57,29,83,4,173,0,2,180,6,188,57,31,263,10,361,40,6,46,407
01/12/2007,SRQ,FL,ASO,ES,Towers with Radar,57,25,109,7,198,0,0,217,2,219,57,25,326,9,417,94,0,94,511
01/13/2007,SRQ,FL,ASO,ES,Towers with Radar,60,15,71,1,147,0,0,165,0,165,60,15,236,1,312,126,0,126,438
01/14/2007,SRQ,FL,ASO,ES,Towers with Radar,56,21,57,0,134,0,2,121,4,127,56,23,178,4,261,40,0,40,301
01/15/2007,SRQ,FL,ASO,ES,Towers with Radar,60,28,99,2,189,0,0,218,1,219,60,28,317,3,408,58,0,58,466
01/16/2007,SRQ,FL,ASO,ES,Towers with Radar,61,18,106,4,189,0,2,90,4,96,61,20,196,8,285,70,0,70,355
01/17/2007,SRQ,FL,ASO,ES,Towers with Radar,56,16,107,6,185,0,1,165,0,166,56,17,272,6,351,66,0,66,417
01/18/2007,SRQ,FL,ASO,ES,Towers with Radar,58,37,120,21,236,0,1,69,0,70,58,38,189,21,306,88,0,88,394
01/19/2007,SRQ,FL,ASO,ES,Towers with Radar,62,25,84,7,178,0,0,76,0,76,62,25,160,7,254,54,4,58,312
01/20/2007,SRQ,FL,ASO,ES,Towers with Radar,56,11,62,8,137,0,0,257,0,257,56,11,319,8,394,188,4,192,586
01/21/2007,SRQ,FL,ASO,ES,Towers with Radar,56,39,62,9,166,0,3,164,1,168,56,42,226,10,334,80,0,80,414
01/22/2007,SRQ,FL,ASO,ES,Towers with Radar,57,22,61,2,142,0,1,136,0,137,57,23,197,2,279,56,2,58,337
01/23/2007,SRQ,FL,ASO,ES,Towers with Radar,60,23,101,2,186,0,6,129,0,135,60,29,230,2,321,70,0,70,391
01/24/2007,SRQ,FL,ASO,ES,Towers with Radar,55,39,100,2,196,0,1,106,0,107,55,40,206,2,303,38,0,38,341
01/25/2007,SRQ,FL,ASO,ES,Towers with Radar,57,30,98,0,185,0,0,70,0,70,57,30,168,0,255,72,0,72,327
01/26/2007,SRQ,FL,ASO,ES,Towers with Radar,56,20,74,2,152,0,0,215,0,215,56,20,289,2,367,102,0,102,469
01/27/2007,SRQ,FL,ASO,ES,Towers with Radar,50,22,62,4,138,0,1,153,2,156,50,23,215,6,294,102,0,102,396
01/28/2007,SRQ,FL,ASO,ES,Towers with Radar,60,25,69,0,154,0,1,50,6,57,60,26,119,6,211,10,0,10,221
01/29/2007,SRQ,FL,ASO,ES,Towers with Radar,58,24,86,0,168,0,6,219,2,227,58,30,305,2,395,96,2,98,493
01/30/2007,SRQ,FL,ASO,ES,Towers with Radar,60,21,84,16,181,0,2,216,1,219,60,23,300,17,400,136,16,152,552
01/31/2007,SRQ,FL,ASO,ES,Towers with Radar,59,27,91,4,181,0,1,199,0,200,59,28,290,4,381,182,0,182,563
02/01/2007,SRQ,FL,ASO,ES,Towers with Radar,56,29,74,0,159,0,0,92,0,92,56,29,166,0,251,44,0,44,295
02/02/2007,SRQ,FL,ASO,ES,Towers with Radar,58,23,75,4,160,0,3,29,1,33,58,26,104,5,193,20,0,20,213
02/03/2007,SRQ,FL,ASO,ES,Towers with Radar,56,21,95,0,172,0,0,78,0,78,56,21,173,0,250,182,0,182,432
02/04/2007,SRQ,FL,ASO,ES,Towers with Radar,56,16,58,0,130,0,0,93,0,93,56,16,151,0,223,22,0,22,245
02/05/2007,SRQ,FL,ASO,ES,Towers with Radar,57,30,91,4,182,0,5,77,4,86,57,35,168,8,268,112,0,112,380
02/06/2007,SRQ,FL,ASO,ES,Towers with Radar,57,24,66,1,148,0,2,202,0,204,57,26,268,1,352,114,0,114,466
02/07/2007,SRQ,FL,ASO,ES,Towers with Radar,57,26,98,13,194,0,1,248,1,250,57,27,346,14,444,176,0,176,620
02/08/2007,SRQ,FL,ASO,ES,Towers with Radar,58,27,87,0,172,0,7,272,1,280,58,34,359,1,452,116,0,116,568
02/09/2007,SRQ,FL,ASO,ES,Towers with Radar,59,28,100,2,189,0,1,181,0,182,59,29,281,2,371,58,0,58,429
02/10/2007,SRQ,FL,ASO,ES,Towers with Radar,55,20,128,0,203,0,2,272,0,274,55,22,400,0,477,44,0,44,521
02/11/2007,SRQ,FL,ASO,ES,Towers with Radar,61,23,104,0,188,0,0,189,0,189,61,23,293,0,377,64,0,64,441
02/12/2007,SRQ,FL,ASO,ES,Towers with Radar,55,34,82,0,171,0,1,43,1,45,55,35,125,1,216,24,0,24,240
02/13/2007,SRQ,FL,ASO,ES,Towers with Radar,53,31,78,0,162,0,1,80,0,81,53,32,158,0,243,42,0,42,285
02/14/2007,SRQ,FL,ASO,ES,Towers with Radar,51,31,112,4,198,0,2,252,15,269,51,33,364,19,467,56,0,56,523
02/15/2007,SRQ,FL,ASO,ES,Towers with Radar,57,38,198,3,296,0,3,156,5,164,57,41,354,8,460,110,6,116,576
02/16/2007,SRQ,FL,ASO,ES,Towers with Radar,64,27,140,22,253,0,3,103,0,106,64,30,243,22,359,84,0,84,443
02/17/2007,SRQ,FL,ASO,ES,Towers with Radar,62,27,86,0,175,0,4,278,0,282,62,31,364,0,457,66,0,66,523
02/18/2007,SRQ,FL,ASO,ES,Towers with Radar,65,22,83,0,170,0,0,54,0,54,65,22,137,0,224,0,0,0,224
02/19/2007,SRQ,FL,ASO,ES,Towers with Radar,59,28,113,2,202,0,2,216,2,220,59,30,329,4,422,88,2,90,512
02/20/2007,SRQ,FL,ASO,ES,Towers with Radar,65,24,66,2,157,0,0,255,0,255,65,24,321,2,412,110,0,110,522
02/21/2007,SRQ,FL,ASO,ES,Towers with Radar,62,28,97,2,189,0,1,248,4,253,62,29,345,6,442,147,0,147,589
02/22/2007,SRQ,FL,ASO,ES,Towers with Radar,63,43,104,4,214,0,6,191,0,197,63,49,295,4,411,54,0,54,465
02/23/2007,SRQ,FL,ASO,ES,Towers with Radar,58,36,80,0,174,0,7,210,2,219,58,43,290,2,393,76,6,82,475
02/24/2007,SRQ,FL,ASO,ES,Towers with Radar,64,26,78,0,168,0,1,205,0,206,64,27,283,0,374,68,0,68,442
02/25/2007,SRQ,FL,ASO,ES,Towers with Radar,61,40,106,2,209,0,1,141,2,144,61,41,247,4,353,38,0,38,391
02/26/2007,SRQ,FL,ASO,ES,Towers with Radar,65,38,94,0,197,0,4,74,0,78,65,42,168,0,275,28,0,28,303
02/27/2007,SRQ,FL,ASO,ES,Towers with Radar,70,34,110,0,214,0,0,142,2,144,70,34,252,2,358,60,0,60,418
02/28/2007,SRQ,FL,ASO,ES,Towers with Radar,68,28,84,0,180,0,3,213,0,216,68,31,297,0,396,6,0,6,402
03/01/2007,SRQ,FL,ASO,ES,Towers with Radar,61,26,106,7,200,0,1,186,0,187,61,27,292,7,387,44,0,44,431
03/02/2007,SRQ,FL,ASO,ES,Towers with Radar,67,40,93,9,209,0,2,36,1,39,67,42,129,10,248,4,0,4,252
03/03/2007,SRQ,FL,ASO,ES,Towers with Radar,65,18,80,0,163,0,0,33,0,33,65,18,113,0,196,30,0,30,226
03/04/2007,SRQ,FL,ASO,ES,Towers with Radar,61,26,127,6,220,0,2,188,0,190,61,28,315,6,410,88,5,93,503
03/05/2007,SRQ,FL,ASO,ES,Towers with Radar,60,34,118,0,212,0,2,232,0,234,60,36,350,0,446,76,0,76,522
03/06/2007,SRQ,FL,ASO,ES,Towers with Radar,60,37,86,0,183,0,3,213,0,216,60,40,299,0,399,52,0,52,451
03/07/2007,SRQ,FL,ASO,ES,Towers with Radar,62,29,79,2,172,0,0,254,0,254,62,29,333,2,426,54,0,54,480
03/08/2007,SRQ,FL,ASO,ES,Towers with Radar,67,32,117,2,218,0,4,265,0,269,67,36,382,2,487,182,0,182,669
03/09/2007,SRQ,FL,ASO,ES,Towers with Radar,63,30,99,6,198,0,0,203,0,203,63,30,302,6,401,74,4,78,479
03/10/2007,SRQ,FL,ASO,ES,Towers with Radar,71,26,99,0,196,0,0,136,0,136,71,26,235,0,332,52,0,52,384
03/11/2007,SRQ,FL,ASO,ES,Towers with Radar,65,33,70,10,178,0,1,221,4,226,65,34,291,14,404,74,2,76,480
03/12/2007,SRQ,FL,ASO,ES,Towers with Radar,67,29,72,0,168,0,3,256,2,261,67,32,328,2,429,68,0,68,497
03/13/2007,SRQ,FL,ASO,ES,Towers with Radar,65,20,72,14,171,0,0,201,2,203,65,20,273,16,374,84,0,84,458
03/14/2007,SRQ,FL,ASO,ES,Towers with Radar,61,33,62,4,160,0,1,135,0,136,61,34,197,4,296,6,0,6,302
03/15/2007,SRQ,FL,ASO,ES,Towers with Radar,64,34,87,2,187,0,0,130,0,130,64,34,217,2,317,8,0,8,325
03/16/2007,SRQ,FL,ASO,ES,Towers with Radar,54,33,90,1,178,0,2,48,1,51,54,35,138,2,229,24,0,24,253
03/17/2007,SRQ,FL,ASO,ES,Towers with Radar,60,31,67,0,158,0,0,144,6,150,60,31,211,6,308,18,0,18,326
03/18/2007,SRQ,FL,ASO,ES,Towers with Radar,72,39,131,5,247,0,2,157,0,159,72,41,288,5,406,52,0,52,458
03/19/2007,SRQ,FL,ASO,ES,Towers with Radar,61,26,74,0,161,0,3,187,0,190,61,29,261,0,351,58,0,58,409
03/20/2007,SRQ,FL,ASO,ES,Towers with Radar,66,32,97,4,199,0,1,134,0,135,66,33,231,4,334,68,0,68,402
03/21/2007,SRQ,FL,ASO,ES,Towers with Radar,65,26,90,1,182,0,0,148,1,149,65,26,238,2,331,72,0,72,403
03/22/2007,SRQ,FL,ASO,ES,Towers with Radar,63,43,138,8,252,0,1,139,0,140,63,44,277,8,392,122,6,128,520
03/23/2007,SRQ,FL,ASO,ES,Towers with Radar,61,40,141,7,249,0,2,225,0,227,61,42,366,7,476,66,4,70,546
03/24/2007,SRQ,FL,ASO,ES,Towers with Radar,69,39,94,0,202,0,0,247,0,247,69,39,341,0,449,68,0,68,517
03/25/2007,SRQ,FL,ASO,ES,Towers with Radar,62,25,70,0,157,0,1,187,0,188,62,26,257,0,345,24,0,24,369
03/26/2007,SRQ,FL,ASO,ES,Towers with Radar,66,28,77,0,171,0,3,245,0,248,66,31,322,0,419,128,0,128,547
03/27/2007,SRQ,FL,ASO,ES,Towers with Radar,61,27,87,2,177,0,2,168,2,172,61,29,255,4,349,92,0,92,441
03/28/2007,SRQ,FL,ASO,ES,Towers with Radar,65,26,79,5,175,0,0,212,1,213,65,26,291,6,388,60,0,60,448
03/29/2007,SRQ,FL,ASO,ES,Towers with Radar,66,38,93,0,197,0,2,222,0,224,66,40,315,0,421,80,0,80,501
03/30/2007,SRQ,FL,ASO,ES,Towers with Radar,65,41,102,2,210,0,2,157,2,161,65,43,259,4,371,94,4,98,469
03/31/2007,SRQ,FL,ASO,ES,Towers with Radar,65,35,96,2,198,0,0,155,0,155,65,35,251,2,353,18,0,18,371
04/01/2007,SRQ,FL,ASO,ES,Towers with Radar,63,42,116,1,222,0,1,161,6,168,63,43,277,7,390,25,19,44,434
04/02/2007,SRQ,FL,ASO,ES,Towers with Radar,67,27,61,0,155,0,2,176,5,183,67,29,237,5,338,54,0,54,392
04/03/2007,SRQ,FL,ASO,ES,Towers with Radar,61,24,76,0,161,0,1,220,1,222,61,25,296,1,383,90,0,90,473
04/04/2007,SRQ,FL,ASO,ES,Towers with Radar,65,29,92,0,186,0,2,280,0,282,65,31,372,0,468,56,0,56,524
04/05/2007,SRQ,FL,ASO,ES,Towers with Radar,63,28,128,0,219,0,0,180,0,180,63,28,308,0,399,192,0,192,591
04/06/2007,SRQ,FL,ASO,ES,Towers with Radar,62,36,97,0,195,0,0,232,2,234,62,36,329,2,429,66,2,68,497
04/07/2007,SRQ,FL,ASO,ES,Towers with Radar,71,22,118,0,211,0,0,141,0,141,71,22,259,0,352,40,0,40,392
04/08/2007,SRQ,FL,ASO,ES,Towers with Radar,63,24,79,0,166,0,0,149,0,149,63,24,228,0,315,22,0,22,337
04/09/2007,SRQ,FL,ASO,ES,Towers with Radar,65,37,97,2,201,0,0,164,0,164,65,37,261,2,365,70,0,70,435
04/10/2007,SRQ,FL,ASO,ES,Towers with Radar,64,27,51,0,142,0,0,25,2,27,64,27,76,2,169,18,0,18,187
04/11/2007,SRQ,FL,ASO,ES,Towers with Radar,64,32,88,0,184,0,0,210,0,210,64,32,298,0,394,114,0,114,508
04/12/2007,SRQ,FL,ASO,ES,Towers with Radar,65,24,114,1,204,0,1,170,0,171,65,25,284,1,375,66,0,66,441
04/13/2007,SRQ,FL,ASO,ES,Towers with Radar,62,36,112,6,216,0,2,322,1,325,62,38,434,7,541,104,4,108,649
04/14/2007,SRQ,FL,ASO,ES,Towers with Radar,67,21,89,0,177,0,1,124,0,125,67,22,213,0,302,128,2,130,432
04/15/2007,SRQ,FL,ASO,ES,Towers with Radar,60,31,69,0,160,0,1,25,0,26,60,32,94,0,186,0,0,0,186
04/16/2007,SRQ,FL,ASO,ES,Towers with Radar,62,19,67,6,154,0,2,140,0,142,62,21,207,6,296,36,2,38,334
04/17/2007,SRQ,FL,ASO,ES,Towers with Radar,57,39,93,6,195,0,1,162,2,165,57,40,255,8,360,56,6,62,422
04/18/2007,SRQ,FL,ASO,ES,Towers with Radar,56,32,84,2,174,0,3,178,0,181,56,35,262,2,355,120,0,120,475
04/19/2007,SRQ,FL,ASO,ES,Towers with Radar,59,32,99,0,190,0,2,221,0,223,59,34,320,0,413,70,0,70,483
04/20/2007,SRQ,FL,ASO,ES,Towers with Radar,58,35,127,1,221,0,4,198,1,203,58,39,325,2,424,118,0,118,542
04/21/2007,SRQ,FL,ASO,ES,Towers with Radar,64,22,55,0,141,0,1,205,0,206,64,23,260,0,347,116,0,116,463
04/22/2007,SRQ,FL,ASO,ES,Towers with Radar,63,19,94,0,176,0,1,169,0,170,63,20,263,0,346,56,0,56,402
04/23/2007,SRQ,FL,ASO,ES,Towers with Radar,62,17,94,8,181,0,0,173,0,173,62,17,267,8,354,34,0,34,388
04/24/2007,SRQ,FL,ASO,ES,Towers with Radar,62,16,83,2,163,0,0,221,0,221,62,16,304,2,384,160,0,160,544
04/25/2007,SRQ,FL,ASO,ES,Towers with Radar,58,20,77,3,158,0,0,145,0,145,58,20,222,3,303,64,0,64,367
04/26/2007,SRQ,FL,ASO,ES,Towers with Radar,61,26,76,11,174,0,0,162,7,169,61,26,238,18,343,76,7,83,426
04/27/2007,SRQ,FL,ASO,ES,Towers with Radar,58,25,103,0,186,0,5,204,0,209,58,30,307,0,395,76,0,76,471
04/28/2007,SRQ,FL,ASO,ES,Towers with Radar,57,23,85,0,165,0,1,196,0,197,57,24,281,0,362,102,0,102,464
04/29/2007,SRQ,FL,ASO,ES,Towers with Radar,63,27,79,0,169,0,1,188,0,189,63,28,267,0,358,52,0,52,410
04/30/2007,SRQ,FL,ASO,ES,Towers with Radar,55,25,62,0,142,0,0,144,0,144,55,25,206,0,286,154,0,154,440
05/01/2007,SRQ,FL,ASO,ES,Towers with Radar,56,16,68,0,140,0,0,180,6,186,56,16,248,6,326,90,0,90,416
05/02/2007,SRQ,FL,ASO,ES,Towers with Radar,50,22,98,0,170,0,0,172,2,174,50,22,270,2,344,152,0,152,496
05/03/2007,SRQ,FL,ASO,ES,Towers with Radar,45,27,114,4,190,0,2,184,2,188,45,29,298,6,378,176,0,176,554
05/04/2007,SRQ,FL,ASO,ES,Towers with Radar,43,25,65,2,135,0,0,154,0,154,43,25,219,2,289,74,0,74,363
05/05/2007,SRQ,FL,ASO,ES,Towers with Radar,47,15,37,2,101,0,0,131,0,131,47,15,168,2,232,150,0,150,382
05/06/2007,SRQ,FL,ASO,ES,Towers with Radar,47,16,60,0,123,0,0,170,0,170,47,16,230,0,293,126,0,126,419
05/07/2007,SRQ,FL,ASO,ES,Towers with Radar,44,30,44,0,118,0,0,84,0,84,44,30,128,0,202,28,0,28,230
05/08/2007,SRQ,FL,ASO,ES,Towers with Radar,41,25,75,14,155,0,1,68,3,72,41,26,143,17,227,2,10,12,239
05/09/2007,SRQ,FL,ASO,ES,Towers with Radar,46,24,70,5,145,0,0,159,0,159,46,24,229,5,304,122,8,130,434
05/10/2007,SRQ,FL,ASO,ES,Towers with Radar,43,25,79,4,151,0,1,165,4,170,43,26,244,8,321,110,12,122,443
05/11/2007,SRQ,FL,ASO,ES,Towers with Radar,46,15,90,8,159,0,0,72,0,72,46,15,162,8,231,101,10,111,342
05/12/2007,SRQ,FL,ASO,ES,Towers with Radar,44,16,71,0,131,0,0,80,0,80,44,16,151,0,211,62,0,62,273
05/13/2007,SRQ,FL,ASO,ES,Towers with Radar,43,20,58,0,121,0,0,83,0,83,43,20,141,0,204,14,0,14,218
05/14/2007,SRQ,FL,ASO,ES,Towers with Radar,44,23,74,0,141,0,0,117,2,119,44,23,191,2,260,58,2,60,320
05/15/2007,SRQ,FL,ASO,ES,Towers with Radar,43,20,51,0,114,0,0,217,0,217,43,20,268,0,331,166,0,166,497
05/16/2007,SRQ,FL,ASO,ES,Towers with Radar,42,25,62,6,135,0,0,163,2,165,42,25,225,8,300,124,0,124,424
05/17/2007,SRQ,FL,ASO,ES,Towers with Radar,42,25,93,0,160,0,3,175,10,188,42,28,268,10,348,138,6,144,492
05/18/2007,SRQ,FL,ASO,ES,Towers with Radar,43,21,72,2,138,0,1,161,0,162,43,22,233,2,300,104,2,106,406
05/19/2007,SRQ,FL,ASO,ES,Towers with Radar,42,9,42,0,93,0,1,139,0,140,42,10,181,0,233,76,0,76,309
05/20/2007,SRQ,FL,ASO,ES,Towers with Radar,44,27,82,0,153,0,2,124,0,126,44,29,206,0,279,68,0,68,347
05/21/2007,SRQ,FL,ASO,ES,Towers with Radar,41,32,77,0,150,0,1,175,0,176,41,33,252,0,326,130,0,130,456
05/22/2007,SRQ,FL,ASO,ES,Towers with Radar,43,18,81,2,144,0,2,211,2,215,43,20,292,4,359,156,2,158,517
05/23/2007,SRQ,FL,ASO,ES,Towers with Radar,42,25,74,0,141,0,1,192,0,193,42,26,266,0,334,114,0,114,448
05/24/2007,SRQ,FL,ASO,ES,Towers with Radar,42,25,92,5,164,0,0,135,0,135,42,25,227,5,299,84,4,88,387
05/25/2007,SRQ,FL,ASO,ES,Towers with Radar,43,27,68,0,138,0,1,181,0,182,43,28,249,0,320,82,0,82,402
05/26/2007,SRQ,FL,ASO,ES,Towers with Radar,39,16,51,0,106,0,1,96,0,97,39,17,147,0,203,74,0,74,277
05/27/2007,SRQ,FL,ASO,ES,Towers with Radar,44,17,42,0,103,0,0,133,0,133,44,17,175,0,236,30,0,30,266
05/28/2007,SRQ,FL,ASO,ES,Towers with Radar,39,30,92,0,161,2,0,134,3,139,41,30,226,3,300,68,0,68,368
05/29/2007,SRQ,FL,ASO,ES,Towers with Radar,43,24,55,2,124,0,3,140,0,143,43,27,195,2,267,72,0,72,339
05/30/2007,SRQ,FL,ASO,ES,Towers with Radar,41,19,68,0,128,0,0,116,0,116,41,19,184,0,244,20,0,20,264
05/31/2007,SRQ,FL,ASO,ES,Towers with Radar,43,36,71,0,150,0,6,97,0,103,43,42,168,0,253,66,0,66,319
06/01/2007,SRQ,FL,ASO,ES,Towers with Radar,42,25,32,4,103,0,1,40,0,41,42,26,72,4,144,130,4,134,278
06/02/2007,SRQ,FL,ASO,ES,Towers with Radar,42,13,17,0,72,0,0,13,0,13,42,13,30,0,85,4,0,4,89
06/03/2007,SRQ,FL,ASO,ES,Towers with Radar,43,16,66,0,125,0,0,59,0,59,43,16,125,0,184,54,0,54,238
06/04/2007,SRQ,FL,ASO,ES,Towers with Radar,43,13,99,0,155,0,1,122,2,125,43,14,221,2,280,124,0,124,404
06/05/2007,SRQ,FL,ASO,ES,Towers with Radar,43,18,70,0,131,0,0,73,0,73,43,18,143,0,204,54,0,54,258
06/06/2007,SRQ,FL,ASO,ES,Towers with Radar,41,19,77,6,143,1,2,123,2,128,42,21,200,8,271,112,8,120,391
06/07/2007,SRQ,FL,ASO,ES,Towers with Radar,42,16,78,1,137,0,2,168,0,170,42,18,246,1,307,82,0,82,389
06/08/2007,SRQ,FL,ASO,ES,Towers with Radar,39,18,85,6,148,0,0,163,2,165,39,18,248,8,313,64,8,72,385
06/09/2007,SRQ,FL,ASO,ES,Towers with Radar,44,10,40,0,94,0,0,145,0,145,44,10,185,0,239,140,0,140,379
06/10/2007,SRQ,FL,ASO,ES,Towers with Radar,40,22,54,0,116,0,0,97,1,98,40,22,151,1,214,36,0,36,250
06/11/2007,SRQ,FL,ASO,ES,Towers with Radar,42,16,76,4,138,0,1,102,1,104,42,17,178,5,242,92,2,94,336
06/12/2007,SRQ,FL,ASO,ES,Towers with Radar,39,12,45,0,96,0,0,161,0,161,39,12,206,0,257,122,20,142,399
06/13/2007,SRQ,FL,ASO,ES,Towers with Radar,38,18,79,1,136,0,1,102,0,103,38,19,181,1,239,82,0,82,321
06/14/2007,SRQ,FL,ASO,ES,Towers with Radar,39,12,103,0,154,0,0,243,0,243,39,12,346,0,397,141,0,141,538
06/15/2007,SRQ,FL,ASO,ES,Towers with Radar,41,16,75,0,132,0,1,166,0,167,41,17,241,0,299,96,0,96,395
06/16/2007,SRQ,FL,ASO,ES,Towers with Radar,44,7,56,0,107,0,0,160,0,160,44,7,216,0,267,93,0,93,360
06/17/2007,SRQ,FL,ASO,ES,Towers with Radar,37,3,63,0,103,0,0,123,0,123,37,3,186,0,226,44,0,44,270
06/18/2007,SRQ,FL,ASO,ES,Towers with Radar,39,17,89,0,145,0,2,92,0,94,39,19,181,0,239,68,0,68,307
06/19/2007,SRQ,FL,ASO,ES,Towers with Radar,42,14,62,4,122,0,1,150,6,157,42,15,212,10,279,134,0,134,413
06/20/2007,SRQ,FL,ASO,ES,Towers with Radar,42,15,72,0,129,0,2,215,0,217,42,17,287,0,346,78,0,78,424
06/21/2007,SRQ,FL,ASO,ES,Towers with Radar,44,19,55,0,118,0,1,204,0,205,44,20,259,0,323,262,0,262,585
06/22/2007,SRQ,FL,ASO,ES,Towers with Radar,41,31,90,17,179,2,0,210,1,213,43,31,300,18,392,90,42,132,524
06/23/2007,SRQ,FL,ASO,ES,Towers with Radar,45,16,86,0,147,0,0,256,0,256,45,16,342,0,403,214,0,214,617
06/24/2007,SRQ,FL,ASO,ES,Towers with Radar,36,22,65,4,127,0,0,121,2,123,36,22,186,6,250,22,0,22,272
06/25/2007,SRQ,FL,ASO,ES,Towers with Radar,39,20,43,1,103,0,4,99,2,105,39,24,142,3,208,108,0,108,316
06/26/2007,SRQ,FL,ASO,ES,Towers with Radar,39,17,73,0,129,0,6,251,1,258,39,23,324,1,387,112,2,114,501
06/27/2007,SRQ,FL,ASO,ES,Towers with Radar,40,14,64,9,127,0,2,193,6,201,40,16,257,15,328,52,0,52,380
06/28/2007,SRQ,FL,ASO,ES,Towers with Radar,43,18,59,0,120,0,4,152,2,158,43,22,211,2,278,46,0,46,324
06/29/2007,SRQ,FL,ASO,ES,Towers with Radar,40,16,80,0,136,0,2,123,0,125,40,18,203,0,261,108,0,108,369
06/30/2007,SRQ,FL,ASO,ES,Towers with Radar,42,12,68,0,122,0,1,170,0,171,42,13,238,0,293,102,0,102,395
07/01/2007,SRQ,FL,ASO,ES,Towers with Radar,37,24,34,0,95,0,0,185,0,185,37,24,219,0,280,86,0,86,366
07/02/2007,SRQ,FL,ASO,ES,Towers with Radar,36,26,37,4,103,0,0,98,0,98,36,26,135,4,201,149,8,157,358
07/03/2007,SRQ,FL,ASO,ES,Towers with Radar,40,12,39,0,91,0,4,114,0,118,40,16,153,0,209,144,0,144,353
07/04/2007,SRQ,FL,ASO,ES,Towers with Radar,36,10,25,0,71,0,0,106,0,106,36,10,131,0,177,110,0,110,287
07/05/2007,SRQ,FL,ASO,ES,Towers with Radar,35,14,72,0,121,0,1,125,2,128,35,15,197,2,249,106,0,106,355
07/06/2007,SRQ,FL,ASO,ES,Towers with Radar,40,12,74,2,128,0,1,120,2,123,40,13,194,4,251,36,0,36,287
07/07/2007,SRQ,FL,ASO,ES,Towers with Radar,44,16,59,0,119,0,0,129,4,133,44,16,188,4,252,44,0,44,296
07/08/2007,SRQ,FL,ASO,ES,Towers with Radar,38,16,72,0,126,0,0,218,0,218,38,16,290,0,344,140,0,140,484
07/09/2007,SRQ,FL,ASO,ES,Towers with Radar,39,22,50,7,118,0,1,98,0,99,39,23,148,7,217,96,14,110,327
07/10/2007,SRQ,FL,ASO,ES,Towers with Radar,37,16,65,0,118,0,0,139,2,141,37,16,204,2,259,144,0,144,403
07/11/2007,SRQ,FL,ASO,ES,Towers with Radar,38,14,64,0,116,0,3,134,0,137,38,17,198,0,253,104,0,104,357
07/12/2007,SRQ,FL,ASO,ES,Towers with Radar,38,20,47,0,105,0,0,141,2,143,38,20,188,2,248,15,0,15,263
07/13/2007,SRQ,FL,ASO,ES,Towers with Radar,37,12,57,0,106,0,0,145,2,147,37,12,202,2,253,64,0,64,317
07/14/2007,SRQ,FL,ASO,ES,Towers with Radar,39,14,65,0,118,0,0,173,0,173,39,14,238,0,291,70,1,71,362
07/15/2007,SRQ,FL,ASO,ES,Towers with Radar,36,11,54,0,101,0,0,140,0,140,36,11,194,0,241,102,0,102,343
07/16/2007,SRQ,FL,ASO,ES,Towers with Radar,37,20,46,0,103,0,2,116,6,124,37,22,162,6,227,82,0,82,309
07/17/2007,SRQ,FL,ASO,ES,Towers with Radar,37,17,49,0,103,0,1,183,0,184,37,18,232,0,287,133,0,133,420
07/18/2007,SRQ,FL,ASO,ES,Towers with Radar,35,15,38,6,94,0,1,175,0,176,35,16,213,6,270,68,6,74,344
07/19/2007,SRQ,FL,ASO,ES,Towers with Radar,35,20,67,2,124,0,1,147,0,148,35,21,214,2,272,84,0,84,356
07/20/2007,SRQ,FL,ASO,ES,Towers with Radar,34,14,79,2,129,0,1,134,6,141,34,15,213,8,270,50,0,50,320
07/21/2007,SRQ,FL,ASO,ES,Towers with Radar,38,14,23,0,75,0,0,136,0,136,38,14,159,0,211,42,0,42,253
07/22/2007,SRQ,FL,ASO,ES,Towers with Radar,33,20,61,0,114,0,0,99,2,101,33,20,160,2,215,74,0,74,289
07/23/2007,SRQ,FL,ASO,ES,Towers with Radar,37,27,35,0,99,0,0,55,0,55,37,27,90,0,154,88,0,88,242
07/24/2007,SRQ,FL,ASO,ES,Towers with Radar,36,26,60,1,123,0,0,149,1,150,36,26,209,2,273,122,0,122,395
07/25/2007,SRQ,FL,ASO,ES,Towers with Radar,38,20,54,0,112,2,4,236,0,242,40,24,290,0,354,198,0,198,552
07/26/2007,SRQ,FL,ASO,ES,Towers with Radar,35,14,71,0,120,0,0,197,11,208,35,14,268,11,328,80,0,80,408
07/27/2007,SRQ,FL,ASO,ES,Towers with Radar,38,21,66,9,134,0,0,144,2,146,38,21,210,11,280,68,0,68,348
07/28/2007,SRQ,FL,ASO,ES,Towers with Radar,47,17,53,0,117,0,0,137,2,139,47,17,190,2,256,156,0,156,412
07/29/2007,SRQ,FL,ASO,ES,Towers with Radar,34,14,62,5,115,0,0,72,0,72,34,14,134,5,187,72,0,72,259
07/30/2007,SRQ,FL,ASO,ES,Towers with Radar,32,18,60,6,116,0,6,105,2,113,32,24,165,8,229,70,8,78,307
07/31/2007,SRQ,FL,ASO,ES,Towers with Radar,39,31,36,8,114,0,0,62,0,62,39,31,98,8,176,116,0,116,292
08/01/2007,SRQ,FL,ASO,ES,Towers with Radar,37,24,38,12,111,0,1,78,2,81,37,25,116,14,192,84,8,92,284
08/02/2007,SRQ,FL,ASO,ES,Towers with Radar,38,13,37,0,88,0,5,57,0,62,38,18,94,0,150,28,0,28,178
08/03/2007,SRQ,FL,ASO,ES,Towers with Radar,36,13,71,0,120,0,2,223,0,225,36,15,294,0,345,210,0,210,555
08/04/2007,SRQ,FL,ASO,ES,Towers with Radar,42,9,40,0,91,0,1,162,0,163,42,10,202,0,254,182,0,182,436
08/05/2007,SRQ,FL,ASO,ES,Towers with Radar,35,8,43,0,86,0,0,125,0,125,35,8,168,0,211,90,0,90,301
08/06/2007,SRQ,FL,ASO,ES,Towers with Radar,38,28,71,0,137,0,3,165,2,170,38,31,236,2,307,220,1,221,528
08/07/2007,SRQ,FL,ASO,ES,Towers with Radar,40,23,44,2,109,0,1,149,4,154,40,24,193,6,263,174,0,174,437
08/08/2007,SRQ,FL,ASO,ES,Towers with Radar,35,18,54,0,107,0,7,194,0,201,35,25,248,0,308,126,0,126,434
08/09/2007,SRQ,FL,ASO,ES,Towers with Radar,35,24,54,0,113,0,2,63,4,69,35,26,117,4,182,34,0,34,216
08/10/2007,SRQ,FL,ASO,ES,Towers with Radar,39,22,70,1,132,0,0,127,0,127,39,22,197,1,259,106,0,106,365
08/11/2007,SRQ,FL,ASO,ES,Towers with Radar,43,10,46,0,99,0,0,126,0,126,43,10,172,0,225,108,0,108,333
08/12/2007,SRQ,FL,ASO,ES,Towers with Radar,35,12,54,1,102,0,0,126,3,129,35,12,180,4,231,38,2,40,271
08/13/2007,SRQ,FL,ASO,ES,Towers with Radar,37,20,58,0,115,0,6,90,0,96,37,26,148,0,211,124,0,124,335
08/14/2007,SRQ,FL,ASO,ES,Towers with Radar,42,12,54,0,108,0,4,195,0,199,42,16,249,0,307,44,0,44,351
08/15/2007,SRQ,FL,ASO,ES,Towers with Radar,34,16,51,0,101,0,1,126,0,127,34,17,177,0,228,126,0,126,354
08/16/2007,SRQ,FL,ASO,ES,Towers with Radar,34,15,50,3,102,0,2,235,1,238,34,17,285,4,340,86,0,86,426
08/17/2007,SRQ,FL,ASO,ES,Towers with Radar,31,15,47,0,93,1,1,137,0,139,32,16,184,0,232,88,0,88,320
08/18/2007,SRQ,FL,ASO,ES,Towers with Radar,41,10,40,0,91,0,0,129,0,129,41,10,169,0,220,58,0,58,278
08/19/2007,SRQ,FL,ASO,ES,Towers with Radar,30,8,48,4,90,0,0,101,6,107,30,8,149,10,197,52,0,52,249
08/20/2007,SRQ,FL,ASO,ES,Towers with Radar,34,28,48,0,110,0,22,111,0,133,34,50,159,0,243,40,0,40,283
08/21/2007,SRQ,FL,ASO,ES,Towers with Radar,32,18,47,0,97,0,3,147,0,150,32,21,194,0,247,52,0,52,299
08/22/2007,SRQ,FL,ASO,ES,Towers with Radar,32,22,66,0,120,0,0,169,2,171,32,22,235,2,291,86,0,86,377
08/23/2007,SRQ,FL,ASO,ES,Towers with Radar,32,17,55,0,104,0,0,145,0,145,32,17,200,0,249,74,0,74,323
08/24/2007,SRQ,FL,ASO,ES,Towers with Radar,30,17,66,0,113,0,1,107,8,116,30,18,173,8,229,48,0,48,277
08/25/2007,SRQ,FL,ASO,ES,Towers with Radar,34,10,42,0,86,0,0,97,0,97,34,10,139,0,183,62,0,62,245
08/26/2007,SRQ,FL,ASO,ES,Towers with Radar,29,9,28,0,66,0,0,112,0,112,29,9,140,0,178,116,0,116,294
08/27/2007,SRQ,FL,ASO,ES,Towers with Radar,30,18,49,22,119,0,1,110,0,111,30,19,159,22,230,84,0,84,314
08/28/2007,SRQ,FL,ASO,ES,Towers with Radar,33,22,42,6,103,0,3,139,0,142,33,25,181,6,245,76,0,76,321
08/29/2007,SRQ,FL,ASO,ES,Towers with Radar,33,19,72,5,129,0,2,171,8,181,33,21,243,13,310,98,0,98,408
08/30/2007,SRQ,FL,ASO,ES,Towers with Radar,33,21,90,0,144,0,3,173,2,178,33,24,263,2,322,88,0,88,410
08/31/2007,SRQ,FL,ASO,ES,Towers with Radar,35,21,87,11,154,0,2,159,2,163,35,23,246,13,317,74,12,86,403
09/01/2007,SRQ,FL,ASO,ES,Towers with Radar,34,10,63,0,107,0,0,113,0,113,34,10,176,0,220,66,3,69,289
09/02/2007,SRQ,FL,ASO,ES,Towers with Radar,32,9,13,0,54,0,0,72,0,72,32,9,85,0,126,48,0,48,174
09/03/2007,SRQ,FL,ASO,ES,Towers with Radar,34,24,51,0,109,0,0,80,0,80,34,24,131,0,189,58,0,58,247
09/04/2007,SRQ,FL,ASO,ES,Towers with Radar,34,15,47,2,98,0,1,120,1,122,34,16,167,3,220,50,4,54,274
09/05/2007,SRQ,FL,ASO,ES,Towers with Radar,31,19,36,0,86,0,2,156,0,158,31,21,192,0,244,86,0,86,330
09/06/2007,SRQ,FL,ASO,ES,Towers with Radar,34,16,63,26,139,0,4,188,0,192,34,20,251,26,331,66,24,90,421
09/07/2007,SRQ,FL,ASO,ES,Towers with Radar,34,20,58,9,121,0,1,134,2,137,34,21,192,11,258,84,22,106,364
09/08/2007,SRQ,FL,ASO,ES,Towers with Radar,35,15,78,4,132,0,2,161,0,163,35,17,239,4,295,86,4,90,385
09/09/2007,SRQ,FL,ASO,ES,Towers with Radar,33,13,28,0,74,0,0,108,0,108,33,13,136,0,182,62,0,62,244
09/10/2007,SRQ,FL,ASO,ES,Towers with Radar,34,17,53,4,108,0,0,77,0,77,34,17,130,4,185,22,2,24,209
09/11/2007,SRQ,FL,ASO,ES,Towers with Radar,32,17,52,12,113,0,1,144,12,157,32,18,196,24,270,88,10,98,368
09/12/2007,SRQ,FL,ASO,ES,Towers with Radar,33,16,55,0,104,0,2,152,2,156,33,18,207,2,260,56,0,56,316
09/13/2007,SRQ,FL,ASO,ES,Towers with Radar,38,15,58,10,121,0,1,173,4,178,38,16,231,14,299,66,6,72,371
09/14/2007,SRQ,FL,ASO,ES,Towers with Radar,32,16,87,1,136,0,2,178,0,180,32,18,265,1,316,172,0,172,488
09/15/2007,SRQ,FL,ASO,ES,Towers with Radar,31,20,30,0,81,0,2,209,0,211,31,22,239,0,292,136,0,136,428
09/16/2007,SRQ,FL,ASO,ES,Towers with Radar,32,14,52,0,98,0,0,78,0,78,32,14,130,0,176,18,0,18,194
09/17/2007,SRQ,FL,ASO,ES,Towers with Radar,33,15,45,2,95,0,2,76,18,96,33,17,121,20,191,50,6,56,247
09/18/2007,SRQ,FL,ASO,ES,Towers with Radar,36,19,59,8,122,20,1,135,0,156,56,20,194,8,278,80,0,80,358
09/19/2007,SRQ,FL,ASO,ES,Towers with Radar,33,13,53,4,103,0,1,90,4,95,33,14,143,8,198,68,2,70,268
09/20/2007,SRQ,FL,ASO,ES,Towers with Radar,32,21,48,0,101,0,2,36,0,38,32,23,84,0,139,18,0,18,157
09/21/2007,SRQ,FL,ASO,ES,Towers with Radar,32,20,64,0,116,0,1,118,0,119,32,21,182,0,235,21,0,21,256
09/22/2007,SRQ,FL,ASO,ES,Towers with Radar,35,13,82,3,133,0,1,92,0,93,35,14,174,3,226,142,0,142,368
09/23/2007,SRQ,FL,ASO,ES,Towers with Radar,35,14,46,0,95,0,1,60,0,61,35,15,106,0,156,58,0,58,214
09/24/2007,SRQ,FL,ASO,ES,Towers with Radar,35,17,39,4,95,0,3,59,0,62,35,20,98,4,157,74,0,74,231
09/25/2007,SRQ,FL,ASO,ES,Towers with Radar,32,23,57,4,116,0,1,114,2,117,32,24,171,6,233,82,2,84,317
09/26/2007,SRQ,FL,ASO,ES,Towers with Radar,44,13,62,0,119,0,4,171,6,181,44,17,233,6,300,42,0,42,342
09/27/2007,SRQ,FL,ASO,ES,Towers with Radar,32,14,61,0,107,0,4,122,0,126,32,18,183,0,233,238,0,238,471
09/28/2007,SRQ,FL,ASO,ES,Towers with Radar,36,21,74,0,131,0,1,159,0,160,36,22,233,0,291,80,0,80,371
09/29/2007,SRQ,FL,ASO,ES,Towers with Radar,35,10,43,0,88,0,1,125,0,126,35,11,168,0,214,126,0,126,340
09/30/2007,SRQ,FL,ASO,ES,Towers with Radar,34,11,38,0,83,0,0,66,0,66,34,11,104,0,149,58,0,58,207
10/01/2007,SRQ,FL,ASO,ES,Towers with Radar,33,15,57,0,105,0,2,77,2,81,33,17,134,2,186,36,0,36,222
10/02/2007,SRQ,FL,ASO,ES,Towers with Radar,33,19,59,12,123,0,2,90,8,100,33,21,149,20,223,52,0,52,276
10/03/2007,SRQ,FL,ASO,ES,Towers with Radar,32,25,69,0,126,0,2,84,0,86,32,27,153,0,212,64,0,64,280
10/04/2007,SRQ,FL,ASO,ES,Towers with Radar,37,16,69,0,122,0,2,125,0,127,37,18,194,0,249,69,0,69,320
10/05/2007,SRQ,FL,ASO,ES,Towers with Radar,31,27,225,0,283,0,0,0,0,0,31,27,225,0,283,70,0,70,353
10/06/2007,SRQ,FL,ASO,ES,Towers with Radar,38,12,47,2,99,0,0,116,0,116,38,12,163,2,215,106,0,106,331
10/07/2007,SRQ,FL,ASO,ES,Towers with Radar,31,21,54,0,106,0,1,141,0,142,31,22,195,0,248,86,0,86,334
10/08/2007,SRQ,FL,ASO,ES,Towers with Radar,32,19,80,0,131,0,0,160,0,160,32,19,240,0,291,82,0,82,373
10/09/2007,SRQ,FL,ASO,ES,Towers with Radar,31,21,90,0,142,0,1,208,0,209,31,22,298,0,351,138,0,138,558
10/10/2007,SRQ,FL,ASO,ES,Towers with Radar,35,29,99,0,163,0,1,154,2,157,35,30,253,2,320,96,0,96,453
10/11/2007,SRQ,FL,ASO,ES,Towers with Radar,32,25,105,2,164,0,4,259,0,263,32,29,364,2,427,206,2,208,680
10/12/2007,SRQ,FL,ASO,ES,Towers with Radar,31,24,80,0,135,0,1,263,0,264,31,25,343,0,399,30,0,30,453
10/13/2007,SRQ,FL,ASO,ES,Towers with Radar,36,12,66,0,114,0,1,176,0,177,36,13,242,0,291,48,0,48,339
10/14/2007,SRQ,FL,ASO,ES,Towers with Radar,33,26,50,0,109,0,0,113,3,116,33,26,163,3,225,50,0,50,275
10/15/2007,SRQ,FL,ASO,ES,Towers with Radar,35,24,54,4,117,0,10,132,3,145,35,34,186,7,262,76,2,78,345
10/16/2007,SRQ,FL,ASO,ES,Towers with Radar,34,21,94,2,151,0,2,144,0,146,34,23,238,2,297,158,1,159,483
10/17/2007,SRQ,FL,ASO,ES,Towers with Radar,34,20,70,0,124,0,6,181,0,187,34,26,251,0,311,96,0,96,429
10/18/2007,SRQ,FL,ASO,ES,Towers with Radar,36,13,65,0,114,0,6,216,0,222,36,19,281,0,336,118,0,118,466
10/19/2007,SRQ,FL,ASO,ES,Towers with Radar,34,15,65,1,115,0,0,162,0,162,34,15,227,1,277,128,2,130,423
10/20/2007,SRQ,FL,ASO,ES,Towers with Radar,39,15,48,1,103,0,0,107,0,107,39,15,155,1,210,102,0,102,312
10/21/2007,SRQ,FL,ASO,ES,Towers with Radar,33,33,61,0,127,0,0,61,0,61,33,33,122,0,188,38,0,38,226
10/22/2007,SRQ,FL,ASO,ES,Towers with Radar,31,16,92,10,149,1,1,184,0,186,32,17,276,10,335,128,6,134,472
10/23/2007,SRQ,FL,ASO,ES,Towers with Radar,36,22,86,8,152,0,3,134,0,137,36,25,220,8,289,76,6,82,378
10/24/2007,SRQ,FL,ASO,ES,Towers with Radar,31,22,55,0,108,0,0,11,0,11,31,22,66,0,119,4,0,4,124
10/25/2007,SRQ,FL,ASO,ES,Towers with Radar,35,21,89,4,149,0,5,153,0,158,35,26,242,4,307,92,0,92,408
10/26/2007,SRQ,FL,ASO,ES,Towers with Radar,32,24,100,0,156,0,5,109,0,114,32,29,209,0,270,74,0,74,344
10/27/2007,SRQ,FL,ASO,ES,Towers with Radar,37,18,81,0,136,0,0,83,2,85,37,18,164,2,221,148,0,148,373
10/28/2007,SRQ,FL,ASO,ES,Towers with Radar,35,17,81,0,133,0,3,95,0,98,35,20,176,0,231,104,0,104,335
10/29/2007,SRQ,FL,ASO,ES,Towers with Radar,35,16,66,4,121,0,2,86,2,90,35,18,152,6,211,26,4,30,248
10/30/2007,SRQ,FL,ASO,ES,Towers with Radar,33,25,58,2,118,0,0,36,0,36,33,25,94,2,154,2,0,2,169
10/31/2007,SRQ,FL,ASO,ES,Towers with Radar,35,14,50,0,99,0,3,85,0,88,35,17,135,0,187,56,0,56,265
11/01/2007,SRQ,FL,ASO,ES,Towers with Radar,33,45,80,0,158,0,1,110,2,113,33,46,190,2,271,40,0,40,335
11/02/2007,SRQ,FL,ASO,ES,Towers with Radar,37,23,72,0,132,0,1,166,0,167,37,24,238,0,299,72,4,76,395
11/03/2007,SRQ,FL,ASO,ES,Towers with Radar,46,15,66,0,127,0,0,231,0,231,46,15,297,0,358,170,0,170,549
11/04/2007,SRQ,FL,ASO,ES,Towers with Radar,39,30,45,0,114,0,0,151,0,151,39,30,196,0,265,70,0,70,336
11/05/2007,SRQ,FL,ASO,ES,Towers with Radar,38,25,36,18,117,0,2,144,0,146,38,27,180,18,263,154,4,158,427
11/06/2007,SRQ,FL,ASO,ES,Towers with Radar,38,25,82,13,158,0,5,223,0,228,38,30,305,13,386,64,0,64,477
11/07/2007,SRQ,FL,ASO,ES,Towers with Radar,45,17,106,14,182,0,1,223,0,224,45,18,329,14,406,70,10,80,505
11/08/2007,SRQ,FL,ASO,ES,Towers with Radar,44,29,70,0,143,3,1,221,0,225,47,30,291,0,368,51,0,51,442
11/09/2007,SRQ,FL,ASO,ES,Towers with Radar,40,28,85,3,156,0,2,211,1,214,40,30,296,4,370,90,4,94,484
11/10/2007,SRQ,FL,ASO,ES,Towers with Radar,47,27,62,0,136,0,4,285,2,291,47,31,347,2,427,136,0,136,586
11/11/2007,SRQ,FL,ASO,ES,Towers with Radar,46,27,74,0,147,0,0,185,0,185,46,27,259,0,332,108,0,108,441
11/12/2007,SRQ,FL,ASO,ES,Towers with Radar,41,24,128,2,195,0,0,158,2,160,41,24,286,4,355,132,0,132,498
11/13/2007,SRQ,FL,ASO,ES,Towers with Radar,39,28,105,6,178,0,2,158,0,160,39,30,263,6,338,120,10,130,475
11/14/2007,SRQ,FL,ASO,ES,Towers with Radar,43,21,105,2,171,0,5,235,0,240,43,26,340,2,411,93,4,97,518
11/15/2007,SRQ,FL,ASO,ES,Towers with Radar,48,34,73,2,157,1,4,170,0,175,49,38,243,2,332,96,0,96,432
11/16/2007,SRQ,FL,ASO,ES,Towers with Radar,44,23,79,0,146,0,1,122,6,129,44,24,201,6,275,76,0,76,370
11/17/2007,SRQ,FL,ASO,ES,Towers with Radar,52,17,82,0,151,0,7,206,0,213,52,24,288,0,364,88,4,92,468
11/18/2007,SRQ,FL,ASO,ES,Towers with Radar,51,21,52,0,124,0,0,123,2,125,51,21,175,2,249,166,0,166,415
11/19/2007,SRQ,FL,ASO,ES,Towers with Radar,45,33,70,14,162,2,11,95,2,110,47,44,165,16,272,50,14,64,346
11/20/2007,SRQ,FL,ASO,ES,Towers with Radar,46,29,109,0,184,0,5,127,0,132,46,34,236,0,316,74,10,84,410
11/21/2007,SRQ,FL,ASO,ES,Towers with Radar,54,40,115,0,209,0,6,305,0,311,54,46,420,0,520,168,0,168,697
11/22/2007,SRQ,FL,ASO,ES,Towers with Radar,38,9,18,0,65,0,0,34,0,34,38,9,52,0,99,0,0,0,99
11/23/2007,SRQ,FL,ASO,ES,Towers with Radar,40,20,78,0,138,0,2,93,2,97,40,22,171,2,235,114,0,114,349
11/24/2007,SRQ,FL,ASO,ES,Towers with Radar,49,28,97,0,174,0,1,189,0,190,49,29,286,0,364,40,0,40,429
11/25/2007,SRQ,FL,ASO,ES,Towers with Radar,59,48,153,4,264,0,1,139,6,146,59,49,292,10,410,104,8,112,547
11/26/2007,SRQ,FL,ASO,ES,Towers with Radar,45,24,63,8,140,0,4,163,0,167,45,28,226,8,307,32,18,50,374
11/27/2007,SRQ,FL,ASO,ES,Towers with Radar,44,18,96,2,160,0,4,138,0,142,44,22,234,2,302,72,0,72,380
11/28/2007,SRQ,FL,ASO,ES,Towers with Radar,48,24,94,16,182,0,3,178,0,181,48,27,272,16,363,68,6,74,448
11/29/2007,SRQ,FL,ASO,ES,Towers with Radar,46,34,67,0,147,0,3,113,0,116,46,37,180,0,263,78,0,78,341
11/30/2007,SRQ,FL,ASO,ES,Towers with Radar,44,20,96,4,164,0,0,31,0,31,44,20,127,4,195,14,2,16,223
12/01/2007,SRQ,FL,ASO,ES,Towers with Radar,46,15,90,0,151,0,4,152,0,156,46,19,242,0,307,148,0,148,475
12/02/2007,SRQ,FL,ASO,ES,Towers with Radar,48,21,75,0,144,0,2,150,8,160,48,23,225,8,304,96,0,96,410
12/03/2007,SRQ,FL,ASO,ES,Towers with Radar,47,21,96,2,166,0,4,95,0,99,47,25,191,2,265,90,0,90,380
12/04/2007,SRQ,FL,ASO,ES,Towers with Radar,41,24,79,0,144,0,5,218,0,223,41,29,297,0,367,62,0,62,453
12/05/2007,SRQ,FL,ASO,ES,Towers with Radar,44,29,68,0,141,0,5,209,0,214,44,34,277,0,355,80,0,80,435
12/06/2007,SRQ,FL,ASO,ES,Towers with Radar,48,29,82,6,165,0,3,149,0,152,48,32,231,6,317,14,0,14,331
12/07/2007,SRQ,FL,ASO,ES,Towers with Radar,44,30,91,7,172,0,2,202,1,205,44,32,293,8,377,108,12,120,497
12/08/2007,SRQ,FL,ASO,ES,Towers with Radar,48,16,45,0,109,0,0,201,0,201,48,16,246,0,310,88,0,88,425
12/09/2007,SRQ,FL,ASO,ES,Towers with Radar,49,24,66,0,139,0,1,142,2,145,49,25,208,2,284,56,0,56,352
12/10/2007,SRQ,FL,ASO,ES,Towers with Radar,44,26,52,0,122,0,3,115,0,118,44,29,167,0,240,58,0,58,307
12/11/2007,SRQ,FL,ASO,ES,Towers with Radar,48,26,62,0,136,0,2,161,2,165,48,28,223,2,301,37,0,37,338
12/12/2007,SRQ,FL,ASO,ES,Towers with Radar,46,24,59,0,129,0,3,165,2,170,46,27,224,2,299,213,0,213,512
12/13/2007,SRQ,FL,ASO,ES,Towers with Radar,50,23,76,0,149,0,3,149,0,152,50,26,225,0,301,68,0,68,375
12/14/2007,SRQ,FL,ASO,ES,Towers with Radar,51,41,89,3,184,0,5,84,3,92,51,46,173,6,276,47,0,47,337
12/15/2007,SRQ,FL,ASO,ES,Towers with Radar,49,24,50,0,123,0,0,45,0,45,49,24,95,0,168,14,0,14,193
12/16/2007,SRQ,FL,ASO,ES,Towers with Radar,47,23,31,1,102,0,0,44,4,48,47,23,75,5,150,22,0,22,176
12/17/2007,SRQ,FL,ASO,ES,Towers with Radar,57,24,71,0,152,2,3,180,5,190,59,27,251,5,342,30,0,30,406
12/18/2007,SRQ,FL,ASO,ES,Towers with Radar,61,23,70,1,155,0,4,188,4,196,61,27,258,5,351,74,0,74,452
12/19/2007,SRQ,FL,ASO,ES,Towers with Radar,59,31,67,5,162,0,4,174,0,178,59,35,241,5,340,124,0,124,488
12/20/2007,SRQ,FL,ASO,ES,Towers with Radar,66,20,72,0,158,0,2,292,0,294,66,22,364,0,452,120,0,120,586
12/21/2007,SRQ,FL,ASO,ES,Towers with Radar,61,28,82,6,177,0,3,214,3,220,61,31,296,9,397,40,0,40,479
12/22/2007,SRQ,FL,ASO,ES,Towers with Radar,58,30,58,0,146,0,0,205,0,205,58,30,263,0,351,172,0,172,563
12/23/2007,SRQ,FL,ASO,ES,Towers with Radar,63,34,55,0,152,0,0,125,0,125,63,34,180,0,277,88,0,88,369
12/24/2007,SRQ,FL,ASO,ES,Towers with Radar,56,27,38,0,121,0,3,103,0,106,56,30,141,0,227,54,0,54,292
12/25/2007,SRQ,FL,ASO,ES,Towers with Radar,62,24,26,0,112,0,0,102,0,102,62,24,128,0,214,50,0,50,264
12/26/2007,SRQ,FL,ASO,ES,Towers with Radar,67,30,116,0,213,0,6,191,0,197,67,36,307,0,410,24,0,24,435
12/27/2007,SRQ,FL,ASO,ES,Towers with Radar,66,51,115,0,232,0,48,243,0,291,66,99,358,0,523,88,0,88,632
12/28/2007,SRQ,FL,ASO,ES,Towers with Radar,57,40,75,0,172,0,1,168,0,169,57,41,243,0,341,134,0,134,477
12/29/2007,SRQ,FL,ASO,ES,Towers with Radar,62,34,67,0,163,0,1,129,0,130,62,35,196,0,293,84,0,84,388
12/30/2007,SRQ,FL,ASO,ES,Towers with Radar,59,28,59,0,146,0,0,128,0,128,59,28,187,0,274,54,0,54,338
12/31/2007,SRQ,FL,ASO,ES,Towers with Radar,62,32,44,0,138,0,3,125,0,128,62,35,169,0,266,52,0,52,353
01/01/2008,SRQ,FL,ASO,ES,Towers with Radar,65,37,99,0,201,0,1,49,0,50,65,38,148,0,251,0,0,0,261
01/02/2008,SRQ,FL,ASO,ES,Towers with Radar,63,34,74,12,183,0,1,60,0,61,63,35,134,12,244,34,0,34,280
01/03/2008,SRQ,FL,ASO,ES,Towers with Radar,69,29,94,0,192,0,8,141,0,149,69,37,235,0,341,36,0,36,408
01/04/2008,SRQ,FL,ASO,ES,Towers with Radar,57,19,118,8,202,5,1,180,2,188,62,20,298,10,390,82,0,82,509
01/05/2008,SRQ,FL,ASO,ES,Towers with Radar,59,25,69,0,153,0,2,218,0,220,59,27,287,0,373,116,0,116,504
01/06/2008,SRQ,FL,ASO,ES,Towers with Radar,67,23,65,0,155,0,0,182,0,182,67,23,247,0,337,34,0,34,397
01/07/2008,SRQ,FL,ASO,ES,Towers with Radar,58,37,60,2,157,0,18,160,6,184,58,55,220,8,341,54,2,56,406
01/08/2008,SRQ,FL,ASO,ES,Towers with Radar,51,24,63,4,142,0,3,114,11,128,51,27,177,15,270,64,6,70,340
01/09/2008,SRQ,FL,ASO,ES,Towers with Radar,52,22,76,6,156,3,3,125,0,131,55,25,201,6,287,20,0,20,316
01/10/2008,SRQ,FL,ASO,ES,Towers with Radar,61,20,68,16,165,0,0,148,2,150,61,20,216,18,315,70,5,75,422
01/11/2008,SRQ,FL,ASO,ES,Towers with Radar,54,34,86,2,176,0,2,152,0,154,54,36,238,2,330,60,2,62,405
01/12/2008,SRQ,FL,ASO,ES,Towers with Radar,60,17,51,0,128,0,3,156,0,159,60,20,207,0,287,82,0,82,376
01/13/2008,SRQ,FL,ASO,ES,Towers with Radar,65,30,61,0,156,0,0,76,0,76,65,30,137,0,232,44,0,44,276
01/14/2008,SRQ,FL,ASO,ES,Towers with Radar,54,27,72,0,153,0,4,154,0,158,54,31,226,0,311,52,0,52,377
01/15/2008,SRQ,FL,ASO,ES,Towers with Radar,57,29,74,3,163,1,19,140,2,162,58,48,214,5,325,135,12,147,472
01/16/2008,SRQ,FL,ASO,ES,Towers with Radar,45,32,198,73,348,0,0,0,0,0,45,32,198,73,348,64,37,101,449
01/17/2008,SRQ,FL,ASO,ES,Towers with Radar,45,25,101,67,238,0,7,97,6,110,45,32,198,73,348,64,37,101,450
01/18/2008,SRQ,FL,ASO,ES,Towers with Radar,53,32,127,0,212,0,11,36,2,49,53,43,163,2,261,156,0,156,417
01/19/2008,SRQ,FL,ASO,ES,Towers with Radar,54,27,72,5,158,0,1,67,5,73,54,28,139,10,231,62,0,62,293
01/20/2008,SRQ,FL,ASO,ES,Towers with Radar,61,22,69,0,152,0,0,105,0,105,61,22,174,0,257,24,0,24,289
01/21/2008,SRQ,FL,ASO,ES,Towers with Radar,56,30,81,0,167,0,1,165,0,166,56,31,246,0,333,0,0,0,338
01/22/2008,SRQ,FL,ASO,ES,Towers with Radar,52,25,90,6,173,0,3,123,8,134,52,28,213,14,307,94,4,98,426
01/23/2008,SRQ,FL,ASO,ES,Towers with Radar,51,33,129,0,213,0,21,75,0,96,51,54,204,0,309,34,0,34,343
01/24/2008,SRQ,FL,ASO,ES,Towers with Radar,59,28,69,0,156,0,0,4,2,6,59,28,73,2,162,0,0,0,162
01/25/2008,SRQ,FL,ASO,ES,Towers with Radar,55,31,117,12,215,1,2,232,0,235,56,33,349,12,450,124,16,140,597
01/26/2008,SRQ,FL,ASO,ES,Towers with Radar,62,26,84,2,174,0,5,258,0,263,62,31,342,2,437,126,2,128,575
01/27/2008,SRQ,FL,ASO,ES,Towers with Radar,64,32,95,1,192,0,1,97,1,99,64,33,192,2,291,106,0,106,398
01/28/2008,SRQ,FL,ASO,ES,Towers with Radar,48,28,95,4,175,11,3,243,0,257,59,31,338,4,432,146,1,147,585
01/29/2008,SRQ,FL,ASO,ES,Towers with Radar,55,25,90,15,185,0,4,134,4,142,55,29,224,19,327,26,0,26,363
01/30/2008,SRQ,FL,ASO,ES,Towers with Radar,52,17,93,6,168,0,4,114,0,118,52,21,207,6,286,96,6,102,395
01/31/2008,SRQ,FL,ASO,ES,Towers with Radar,58,31,81,0,170,0,7,154,22,183,58,38,235,22,353,58,4,62,421
02/01/2008,SRQ,FL,ASO,ES,Towers with Radar,57,31,81,0,169,0,2,209,1,212,57,33,290,1,381,144,0,144,559
02/02/2008,SRQ,FL,ASO,ES,Towers with Radar,58,26,112,0,196,0,5,290,0,295,58,31,402,0,491,134,0,134,653
02/03/2008,SRQ,FL,ASO,ES,Towers with Radar,64,25,82,2,173,0,0,176,0,176,64,25,258,2,349,66,4,70,421
02/04/2008,SRQ,FL,ASO,ES,Towers with Radar,46,25,82,0,153,0,1,198,18,217,46,26,280,18,370,114,0,114,484
02/05/2008,SRQ,FL,ASO,ES,Towers with Radar,54,30,98,6,188,0,5,206,0,211,54,35,304,6,399,64,6,70,486
02/06/2008,SRQ,FL,ASO,ES,Towers with Radar,52,29,85,0,166,0,6,253,4,263,52,35,338,4,429,72,1,73,524
02/07/2008,SRQ,FL,ASO,ES,Towers with Radar,62,24,191,2,279,0,3,155,2,160,62,27,346,4,439,98,0,98,552
02/08/2008,SRQ,FL,ASO,ES,Towers with Radar,55,29,106,2,192,0,2,90,2,94,55,31,196,4,286,142,0,142,430
02/09/2008,SRQ,FL,ASO,ES,Towers with Radar,64,23,96,0,183,0,1,140,0,141,64,24,236,0,324,60,0,60,384
02/10/2008,SRQ,FL,ASO,ES,Towers with Radar,58,26,137,0,221,0,0,196,0,196,58,26,333,0,417,14,0,14,442
02/11/2008,SRQ,FL,ASO,ES,Towers with Radar,56,27,109,3,195,0,5,389,0,394,56,32,498,3,589,50,0,50,639
02/12/2008,SRQ,FL,ASO,ES,Towers with Radar,25,26,0,0,51,27,0,119,2,148,52,26,119,2,199,78,1,79,279
02/13/2008,SRQ,FL,ASO,ES,Towers with Radar,50,33,79,3,165,0,1,69,5,75,50,34,148,8,240,32,0,32,281
02/14/2008,SRQ,FL,ASO,ES,Towers with Radar,71,42,126,16,255,0,17,307,0,324,71,59,433,16,579,95,10,105,689
02/15/2008,SRQ,FL,ASO,ES,Towers with Radar,68,34,156,34,292,0,20,226,4,250,68,54,382,38,542,44,14,58,635
02/16/2008,SRQ,FL,ASO,ES,Towers with Radar,74,35,94,2,205,0,1,225,0,226,74,36,319,2,431,52,0,52,487
02/17/2008,SRQ,FL,ASO,ES,Towers with Radar,63,44,88,2,197,0,1,191,0,192,63,45,279,2,389,110,0,110,499
02/18/2008,SRQ,FL,ASO,ES,Towers with Radar,62,30,111,3,206,5,4,69,2,80,67,34,180,5,286,70,0,70,360
02/19/2008,SRQ,FL,ASO,ES,Towers with Radar,69,33,85,0,187,0,2,237,0,239,69,35,322,0,426,114,0,114,554
02/20/2008,SRQ,FL,ASO,ES,Towers with Radar,66,39,117,0,222,0,0,218,14,232,66,39,335,14,454,78,34,112,592
02/21/2008,SRQ,FL,ASO,ES,Towers with Radar,65,39,120,9,233,0,5,140,0,145,65,44,260,9,378,92,10,102,481
02/22/2008,SRQ,FL,ASO,ES,Towers with Radar,60,32,79,5,176,0,5,159,1,165,60,37,238,6,341,44,4,48,439
02/23/2008,SRQ,FL,ASO,ES,Towers with Radar,80,28,74,0,182,0,2,34,2,38,80,30,108,2,220,20,0,20,241
02/24/2008,SRQ,FL,ASO,ES,Towers with Radar,70,33,128,0,231,0,2,93,2,97,70,35,221,2,328,18,0,18,346
02/25/2008,SRQ,FL,ASO,ES,Towers with Radar,69,23,73,2,167,0,11,192,10,213,69,34,265,12,380,94,0,94,479
02/26/2008,SRQ,FL,ASO,ES,Towers with Radar,64,31,72,1,168,3,2,43,0,48,67,33,115,1,216,16,0,16,234
02/27/2008,SRQ,FL,ASO,ES,Towers with Radar,68,42,107,2,219,0,4,158,2,164,68,46,265,4,383,56,0,56,449
02/28/2008,SRQ,FL,ASO,ES,Towers with Radar,69,44,115,2,230,0,8,195,0,203,69,52,310,2,433,92,0,92,549
02/29/2008,SRQ,FL,ASO,ES,Towers with Radar,67,45,95,3,210,0,2,188,1,191,67,47,283,4,401,98,1,99,506
03/01/2008,SRQ,FL,ASO,ES,Towers with Radar,76,37,95,1,209,0,0,181,0,181,76,37,276,1,390,130,0,130,520
03/02/2008,SRQ,FL,ASO,ES,Towers with Radar,68,30,83,0,181,0,0,185,0,185,68,30,268,0,366,28,0,28,399
03/03/2008,SRQ,FL,ASO,ES,Towers with Radar,67,29,84,0,180,0,23,161,0,184,67,52,245,0,364,204,0,204,572
03/04/2008,SRQ,FL,ASO,ES,Towers with Radar,64,29,57,16,166,0,4,93,0,97,64,33,150,16,263,48,16,64,329
03/05/2008,SRQ,FL,ASO,ES,Towers with Radar,62,22,80,0,164,0,4,198,1,203,62,26,278,1,367,80,0,80,479
03/06/2008,SRQ,FL,ASO,ES,Towers with Radar,75,28,81,4,188,0,1,99,1,101,75,29,180,5,289,84,8,92,382
03/07/2008,SRQ,FL,ASO,ES,Towers with Radar,67,19,42,2,130,0,0,31,0,31,67,19,73,2,161,0,2,2,163
03/08/2008,SRQ,FL,ASO,ES,Towers with Radar,69,26,62,4,161,0,2,89,2,93,69,28,151,6,254,34,4,38,366
03/09/2008,SRQ,FL,ASO,ES,Towers with Radar,69,24,97,2,192,0,2,139,6,147,69,26,236,8,339,52,1,53,393
03/10/2008,SRQ,FL,ASO,ES,Towers with Radar,67,30,98,27,222,0,12,176,1,189,67,42,274,28,411,60,18,78,501
03/11/2008,SRQ,FL,ASO,ES,Towers with Radar,68,22,86,0,176,0,2,224,0,226,68,24,310,0,402,88,0,88,528
03/12/2008,SRQ,FL,ASO,ES,Towers with Radar,65,43,113,8,229,4,1,194,12,211,69,44,307,20,440,146,12,158,616
03/13/2008,SRQ,FL,ASO,ES,Towers with Radar,66,43,90,10,209,0,3,132,1,136,66,46,222,11,345,84,1,85,444
03/14/2008,SRQ,FL,ASO,ES,Towers with Radar,62,43,73,2,180,0,0,75,1,76,62,43,148,3,256,126,0,126,382
03/15/2008,SRQ,FL,ASO,ES,Towers with Radar,70,24,75,2,171,0,0,99,0,99,70,24,174,2,270,90,0,90,360
03/16/2008,SRQ,FL,ASO,ES,Towers with Radar,67,40,107,4,218,0,3,79,0,82,67,43,186,4,300,40,0,40,340
03/17/2008,SRQ,FL,ASO,ES,Towers with Radar,63,28,70,0,161,0,8,107,0,115,63,36,177,0,276,46,0,46,328
03/18/2008,SRQ,FL,ASO,ES,Towers with Radar,64,35,100,0,199,0,4,195,0,199,64,39,295,0,398,72,0,72,490
03/19/2008,SRQ,FL,ASO,ES,Towers with Radar,62,58,78,26,224,0,4,140,4,148,62,62,218,30,372,56,10,66,462
03/20/2008,SRQ,FL,ASO,ES,Towers with Radar,70,43,123,8,244,0,4,138,2,144,70,47,261,10,388,82,12,94,482
03/21/2008,SRQ,FL,ASO,ES,Towers with Radar,70,39,105,0,214,0,29,160,0,189,70,68,265,0,403,76,0,76,509
03/22/2008,SRQ,FL,ASO,ES,Towers with Radar,76,31,78,0,185,1,0,40,0,41,77,31,118,0,226,78,0,78,307
03/23/2008,SRQ,FL,ASO,ES,Towers with Radar,74,25,67,0,166,0,1,78,0,79,74,26,145,0,245,111,0,111,367
03/24/2008,SRQ,FL,ASO,ES,Towers with Radar,59,46,99,6,210,0,9,145,2,156,59,55,244,8,366,104,0,104,487
03/25/2008,SRQ,FL,ASO,ES,Towers with Radar,65,40,64,0,169,0,12,151,0,163,65,52,215,0,332,119,0,119,478
03/26/2008,SRQ,FL,ASO,ES,Towers with Radar,66,38,91,0,195,0,2,197,0,199,66,40,288,0,394,120,0,120,538
03/27/2008,SRQ,FL,ASO,ES,Towers with Radar,67,32,121,2,222,0,19,282,2,303,67,51,403,4,525,119,0,119,661
03/28/2008,SRQ,FL,ASO,ES,Towers with Radar,68,35,82,3,188,0,2,215,0,217,68,37,297,3,405,118,0,118,525
03/29/2008,SRQ,FL,ASO,ES,Towers with Radar,80,37,70,2,189,0,0,163,5,168,80,37,233,7,357,126,0,126,506
03/30/2008,SRQ,FL,ASO,ES,Towers with Radar,69,42,118,0,229,0,0,161,2,163,69,42,279,2,392,31,0,31,442
03/31/2008,SRQ,FL,ASO,ES,Towers with Radar,61,27,60,7,155,0,1,93,0,94,61,28,153,7,249,27,4,31,287
04/01/2008,SRQ,FL,ASO,ES,Towers with Radar,69,32,43,4,148,0,2,140,4,146,69,34,183,8,294,154,0,154,460
04/02/2008,SRQ,FL,ASO,ES,Towers with Radar,60,24,56,0,140,0,2,131,0,133,60,26,187,0,273,136,0,136,445
04/03/2008,SRQ,FL,ASO,ES,Towers with Radar,71,23,74,2,170,0,13,210,4,227,71,36,284,6,397,200,0,200,632
04/04/2008,SRQ,FL,ASO,ES,Towers with Radar,63,23,76,10,172,0,2,248,0,250,63,25,324,10,422,66,16,82,539
04/05/2008,SRQ,FL,ASO,ES,Towers with Radar,79,15,57,1,152,0,0,46,7,53,79,15,103,8,205,38,0,38,244
04/06/2008,SRQ,FL,ASO,ES,Towers with Radar,69,20,68,1,158,0,0,153,0,153,69,20,221,1,311,47,0,47,358
04/07/2008,SRQ,FL,ASO,ES,Towers with Radar,60,20,102,2,184,0,3,189,0,192,60,23,291,2,376,94,0,94,475
04/08/2008,SRQ,FL,ASO,ES,Towers with Radar,57,34,86,0,177,0,2,145,0,147,57,36,231,0,324,66,0,66,414
04/09/2008,SRQ,FL,ASO,ES,Towers with Radar,58,28,89,2,177,0,6,151,0,157,58,34,240,2,334,92,0,92,439
04/10/2008,SRQ,FL,ASO,ES,Towers with Radar,58,47,99,0,204,0,1,392,2,395,58,48,491,2,599,38,0,38,637
04/11/2008,SRQ,FL,ASO,ES,Towers with Radar,59,51,115,6,231,0,8,153,1,162,59,59,268,7,393,88,0,88,481
04/12/2008,SRQ,FL,ASO,ES,Towers with Radar,66,27,104,0,197,0,1,268,10,279,66,28,372,10,476,100,0,100,586
04/13/2008,SRQ,FL,ASO,ES,Towers with Radar,56,29,84,1,170,0,0,90,0,90,56,29,174,1,260,54,6,60,322
04/14/2008,SRQ,FL,ASO,ES,Towers with Radar,53,31,105,17,206,0,11,137,6,154,53,42,242,23,360,52,6,58,435
04/15/2008,SRQ,FL,ASO,ES,Towers with Radar,66,41,89,10,206,0,3,75,2,80,66,44,164,12,286,91,0,91,380
04/16/2008,SRQ,FL,ASO,ES,Towers with Radar,52,27,79,0,158,0,9,164,0,173,52,36,243,0,331,86,0,86,431
04/17/2008,SRQ,FL,ASO,ES,Towers with Radar,56,21,121,2,200,0,5,208,2,215,56,26,329,4,415,90,0,90,505
04/18/2008,SRQ,FL,ASO,ES,Towers with Radar,56,28,125,0,209,0,26,226,0,252,56,54,351,0,461,104,0,104,580
04/19/2008,SRQ,FL,ASO,ES,Towers with Radar,60,23,75,0,158,0,2,285,0,287,60,25,360,0,445,116,0,116,613
04/20/2008,SRQ,FL,ASO,ES,Towers with Radar,58,41,103,0,202,0,1,85,0,86,58,42,188,0,288,65,0,65,369
04/21/2008,SRQ,FL,ASO,ES,Towers with Radar,52,34,84,0,170,0,4,184,0,188,52,38,268,0,358,94,20,114,526
04/22/2008,SRQ,FL,ASO,ES,Towers with Radar,54,19,82,0,155,0,1,207,4,212,54,20,289,4,367,88,0,88,486
04/23/2008,SRQ,FL,ASO,ES,Towers with Radar,47,27,87,2,163,0,22,157,1,180,47,49,244,3,343,109,0,109,467
04/24/2008,SRQ,FL,ASO,ES,Towers with Radar,56,27,77,2,162,0,9,221,0,230,56,36,298,2,392,18,0,18,410
04/25/2008,SRQ,FL,ASO,ES,Towers with Radar,54,27,101,0,182,0,1,191,2,194,54,28,292,2,376,76,0,76,469
04/26/2008,SRQ,FL,ASO,ES,Towers with Radar,66,24,61,0,151,0,0,215,0,215,66,24,276,0,366,72,0,72,457
04/27/2008,SRQ,FL,ASO,ES,Towers with Radar,48,33,57,2,140,0,2,130,0,132,48,35,187,2,272,80,0,80,376
04/28/2008,SRQ,FL,ASO,ES,Towers with Radar,43,29,83,6,161,0,4,149,0,153,43,33,232,6,314,46,6,52,377
04/29/2008,SRQ,FL,ASO,ES,Towers with Radar,47,22,87,3,159,0,1,166,7,174,47,23,253,10,333,103,0,103,484
04/30/2008,SRQ,FL,ASO,ES,Towers with Radar,46,30,75,5,156,0,25,153,5,183,46,55,228,10,339,151,0,151,490
05/01/2008,SRQ,FL,ASO,ES,Towers with Radar,42,27,84,6,159,0,1,177,0,178,42,28,261,6,337,57,0,57,406
05/02/2008,SRQ,FL,ASO,ES,Towers with Radar,46,25,74,4,149,0,2,160,0,162,46,27,234,4,311,95,4,99,432
05/03/2008,SRQ,FL,ASO,ES,Towers with Radar,45,29,41,6,121,0,1,167,0,168,45,30,208,6,289,106,6,112,418
05/04/2008,SRQ,FL,ASO,ES,Towers with Radar,46,21,65,1,133,0,2,134,0,136,46,23,199,1,269,121,0,121,430
05/05/2008,SRQ,FL,ASO,ES,Towers with Radar,38,24,73,0,135,0,1,110,1,112,38,25,183,1,247,94,0,94,348
05/06/2008,SRQ,FL,ASO,ES,Towers with Radar,43,19,70,10,142,0,28,239,9,276,43,47,309,19,418,98,10,108,556
05/07/2008,SRQ,FL,ASO,ES,Towers with Radar,40,26,85,0,151,0,3,180,0,183,40,29,265,0,334,229,0,229,563
05/08/2008,SRQ,FL,ASO,ES,Towers with Radar,43,22,97,0,162,0,1,217,0,218,43,23,314,0,380,88,0,88,477
05/09/2008,SRQ,FL,ASO,ES,Towers with Radar,42,15,77,2,136,0,3,156,2,161,42,18,233,4,297,38,0,38,361
05/10/2008,SRQ,FL,ASO,ES,Towers with Radar,40,20,78,0,138,0,0,129,0,129,40,20,207,0,267,176,0,176,455
05/11/2008,SRQ,FL,ASO,ES,Towers with Radar,41,18,57,0,116,0,0,62,4,66,41,18,119,4,182,56,0,56,244
05/12/2008,SRQ,FL,ASO,ES,Towers with Radar,39,28,49,9,125,0,1,129,0,130,39,29,178,9,255,122,40,162,419
05/13/2008,SRQ,FL,ASO,ES,Towers with Radar,52,30,55,4,141,0,14,192,0,206,52,44,247,4,347,167,0,167,514
05/14/2008,SRQ,FL,ASO,ES,Towers with Radar,40,19,65,4,128,0,12,131,0,143,40,31,196,4,271,62,0,62,337
05/15/2008,SRQ,FL,ASO,ES,Towers with Radar,43,22,93,1,159,0,8,206,2,216,43,30,299,3,375,108,26,134,527
05/16/2008,SRQ,FL,ASO,ES,Towers with Radar,43,40,108,0,191,0,2,221,0,223,43,42,329,0,414,62,0,62,478
05/17/2008,SRQ,FL,ASO,ES,Towers with Radar,44,20,69,0,133,0,0,92,0,92,44,20,161,0,225,58,0,58,293
05/18/2008,SRQ,FL,ASO,ES,Towers with Radar,39,42,74,0,155,0,1,60,0,61,39,43,134,0,216,60,0,60,283
05/19/2008,SRQ,FL,ASO,ES,Towers with Radar,42,31,83,6,162,0,1,140,0,141,42,32,223,6,303,26,0,26,363
05/20/2008,SRQ,FL,ASO,ES,Towers with Radar,38,21,73,8,140,0,5,109,2,116,38,26,182,10,256,50,8,58,316
05/21/2008,SRQ,FL,ASO,ES,Towers with Radar,38,27,68,2,135,0,2,107,2,111,38,29,175,4,246,60,4,64,310
05/22/2008,SRQ,FL,ASO,ES,Towers with Radar,41,30,95,0,166,0,0,121,0,121,41,30,216,0,287,128,0,128,437
05/23/2008,SRQ,FL,ASO,ES,Towers with Radar,36,45,96,5,182,0,7,153,0,160,36,52,249,5,342,142,1,143,506
05/24/2008,SRQ,FL,ASO,ES,Towers with Radar,43,25,68,2,138,0,0,122,2,124,43,25,190,4,262,85,0,85,349
05/25/2008,SRQ,FL,ASO,ES,Towers with Radar,36,14,40,0,90,0,0,150,0,150,36,14,190,0,240,64,0,64,328
05/26/2008,SRQ,FL,ASO,ES,Towers with Radar,40,35,75,0,150,0,1,180,0,181,40,36,255,0,331,162,0,162,497
05/27/2008,SRQ,FL,ASO,ES,Towers with Radar,38,34,69,4,145,0,4,184,1,189,38,38,253,5,334,48,0,48,382
05/28/2008,SRQ,FL,ASO,ES,Towers with Radar,40,23,76,0,139,1,2,251,0,254,41,25,327,0,393,172,1,173,599
05/29/2008,SRQ,FL,ASO,ES,Towers with Radar,40,26,77,0,143,1,0,216,4,221,41,26,293,4,364,196,0,196,591
05/30/2008,SRQ,FL,ASO,ES,Towers with Radar,38,27,64,0,129,0,1,193,0,194,38,28,257,0,323,146,0,146,483
05/31/2008,SRQ,FL,ASO,ES,Towers with Radar,37,26,54,0,117,0,0,116,0,116,37,26,170,0,233,136,0,136,375
06/01/2008,SRQ,FL,ASO,ES,Towers with Radar,39,13,51,0,103,3,0,114,0,117,42,13,165,0,220,80,0,80,303
06/02/2008,SRQ,FL,ASO,ES,Towers with Radar,36,39,45,6,126,2,2,103,0,107,38,41,148,6,233,48,0,48,281
06/03/2008,SRQ,FL,ASO,ES,Towers with Radar,39,32,43,1,115,0,2,122,2,126,39,34,165,3,241,84,0,84,325
06/04/2008,SRQ,FL,ASO,ES,Towers with Radar,36,28,81,2,147,0,2,165,0,167,36,30,246,2,314,132,2,134,456
06/05/2008,SRQ,FL,ASO,ES,Towers with Radar,38,32,98,1,169,0,0,222,0,222,38,32,320,1,391,108,0,108,515
06/06/2008,SRQ,FL,ASO,ES,Towers with Radar,39,21,83,0,143,0,0,193,0,193,39,21,276,0,336,160,0,160,520
06/07/2008,SRQ,FL,ASO,ES,Towers with Radar,36,12,75,0,123,0,1,165,0,166,36,13,240,0,289,90,0,90,382
06/08/2008,SRQ,FL,ASO,ES,Towers with Radar,38,13,53,0,104,0,0,130,3,133,38,13,183,3,237,77,2,79,318
06/09/2008,SRQ,FL,ASO,ES,Towers with Radar,39,27,66,0,132,0,0,123,0,123,39,27,189,0,255,48,0,48,303
06/10/2008,SRQ,FL,ASO,ES,Towers with Radar,39,31,101,0,171,0,1,156,2,159,39,32,257,2,330,116,18,134,467
06/11/2008,SRQ,FL,ASO,ES,Towers with Radar,33,27,97,0,157,0,5,167,0,172,33,32,264,0,329,90,0,90,429
06/12/2008,SRQ,FL,ASO,ES,Towers with Radar,31,27,66,0,124,0,0,143,4,147,31,27,209,4,271,82,4,86,377
06/13/2008,SRQ,FL,ASO,ES,Towers with Radar,29,18,49,7,103,0,0,95,2,97,29,18,144,9,200,142,4,146,357
06/14/2008,SRQ,FL,ASO,ES,Towers with Radar,33,18,59,0,110,0,1,206,0,207,33,19,265,0,317,176,0,176,527
06/15/2008,SRQ,FL,ASO,ES,Towers with Radar,30,20,164,1,215,0,0,0,0,0,30,20,164,1,215,80,1,81,302
06/16/2008,SRQ,FL,ASO,ES,Towers with Radar,39,21,61,0,121,0,6,131,0,137,39,27,192,0,258,52,0,52,326
06/17/2008,SRQ,FL,ASO,ES,Towers with Radar,28,23,75,16,142,0,2,121,6,129,28,25,196,22,271,102,2,104,377
06/18/2008,SRQ,FL,ASO,ES,Towers with Radar,30,25,75,0,130,0,0,171,2,173,30,25,246,2,303,136,0,136,459
06/19/2008,SRQ,FL,ASO,ES,Towers with Radar,34,19,85,0,138,0,5,99,0,104,34,24,184,0,242,90,0,90,340
06/20/2008,SRQ,FL,ASO,ES,Towers with Radar,34,30,127,6,197,1,0,260,3,264,35,30,387,9,461,278,0,278,793
06/21/2008,SRQ,FL,ASO,ES,Towers with Radar,47,17,25,2,91,0,0,98,0,98,47,17,123,2,189,117,0,117,310
06/22/2008,SRQ,FL,ASO,ES,Towers with Radar,39,19,28,0,86,0,2,57,0,59,39,21,85,0,145,158,0,158,304
06/23/2008,SRQ,FL,ASO,ES,Towers with Radar,30,28,57,7,122,0,2,114,0,116,30,30,171,7,238,100,0,100,339
06/24/2008,SRQ,FL,ASO,ES,Towers with Radar,35,25,72,2,134,0,4,211,8,223,35,29,283,10,357,133,0,133,552
06/25/2008,SRQ,FL,ASO,ES,Towers with Radar,31,32,74,0,137,0,0,122,0,122,31,32,196,0,259,74,0,74,346
06/26/2008,SRQ,FL,ASO,ES,Towers with Radar,27,31,98,4,160,1,7,85,0,93,28,38,183,4,253,29,0,29,290
06/27/2008,SRQ,FL,ASO,ES,Towers with Radar,27,19,77,2,125,0,1,105,2,108,27,20,182,4,233,138,0,138,386
06/28/2008,SRQ,FL,ASO,ES,Towers with Radar,31,6,55,3,95,0,0,133,0,133,31,6,188,3,228,126,2,128,366
06/29/2008,SRQ,FL,ASO,ES,Towers with Radar,0,0,0,0,0,30,15,98,2,145,30,15,98,2,145,0,0,0,145
06/30/2008,SRQ,FL,ASO,ES,Towers with Radar,30,32,205,0,267,30,0,0,0,30,60,32,205,0,297,124,0,124,428
07/01/2008,SRQ,FL,ASO,ES,Towers with Radar,27,24,58,2,111,0,8,67,0,75,27,32,125,2,186,70,0,70,256
07/02/2008,SRQ,FL,ASO,ES,Towers with Radar,28,18,78,0,124,0,1,61,0,62,28,19,139,0,186,76,0,76,262
07/03/2008,SRQ,FL,ASO,ES,Towers with Radar,31,24,55,8,118,0,9,54,0,63,31,33,109,8,181,100,0,100,281
07/04/2008,SRQ,FL,ASO,ES,Towers with Radar,26,11,21,0,58,0,6,115,0,121,26,17,136,0,179,152,0,152,331
07/05/2008,SRQ,FL,ASO,ES,Towers with Radar,30,14,37,0,81,0,3,108,0,111,30,17,145,0,192,84,0,84,276
07/06/2008,SRQ,FL,ASO,ES,Towers with Radar,34,19,43,0,96,0,0,89,0,89,34,19,132,0,185,26,0,26,211
07/07/2008,SRQ,FL,ASO,ES,Towers with Radar,26,24,43,4,97,0,1,58,0,59,26,25,101,4,156,80,0,80,236
07/08/2008,SRQ,FL,ASO,ES,Towers with Radar,30,25,61,0,116,0,11,55,8,74,30,36,116,8,190,48,8,56,246
07/09/2008,SRQ,FL,ASO,ES,Towers with Radar,29,24,56,0,109,0,8,80,0,88,29,32,136,0,197,74,0,74,271
07/10/2008,SRQ,FL,ASO,ES,Towers with Radar,23,28,57,6,114,1,7,101,0,109,24,35,158,6,223,178,6,184,407
07/11/2008,SRQ,FL,ASO,ES,Towers with Radar,25,29,55,4,113,0,4,81,0,85,25,33,136,4,198,154,4,158,356
07/12/2008,SRQ,FL,ASO,ES,Towers with Radar,35,10,48,4,97,0,0,62,0,62,35,10,110,4,159,144,0,144,303
07/13/2008,SRQ,FL,ASO,ES,Towers with Radar,26,17,40,2,85,0,1,15,0,16,26,18,55,2,101,24,0,24,125
07/14/2008,SRQ,FL,ASO,ES,Towers with Radar,26,29,68,3,126,0,7,76,3,86,26,36,144,6,212,136,0,136,348
07/15/2008,SRQ,FL,ASO,ES,Towers with Radar,29,24,55,0,108,0,7,27,0,34,29,31,82,0,142,84,2,86,228
07/16/2008,SRQ,FL,ASO,ES,Towers with Radar,28,29,41,10,108,0,5,63,0,68,28,34,104,10,176,68,0,68,244
07/17/2008,SRQ,FL,ASO,ES,Towers with Radar,26,29,53,1,109,0,11,141,3,155,26,40,194,4,264,196,0,196,460
07/18/2008,SRQ,FL,ASO,ES,Towers with Radar,29,23,86,13,151,0,3,111,0,114,29,26,197,13,265,180,4,184,449
07/19/2008,SRQ,FL,ASO,ES,Towers with Radar,32,16,39,0,87,0,5,126,0,131,32,21,165,0,218,76,0,76,294
07/20/2008,SRQ,FL,ASO,ES,Towers with Radar,31,23,49,0,103,0,2,87,0,89,31,25,136,0,192,88,0,88,280
07/21/2008,SRQ,FL,ASO,ES,Towers with Radar,27,20,36,5,88,0,3,98,0,101,27,23,134,5,189,184,2,186,375
07/22/2008,SRQ,FL,ASO,ES,Towers with Radar,27,23,55,4,109,0,6,90,1,97,27,29,145,5,206,178,0,178,384
07/23/2008,SRQ,FL,ASO,ES,Towers with Radar,29,17,73,10,129,0,5,105,0,110,29,22,178,10,239,140,4,144,383
07/24/2008,SRQ,FL,ASO,ES,Towers with Radar,22,24,74,5,125,0,6,67,2,75,22,30,141,7,200,146,16,162,362
07/25/2008,SRQ,FL,ASO,ES,Towers with Radar,29,27,81,0,137,0,5,128,1,134,29,32,209,1,271,134,0,134,405
07/26/2008,SRQ,FL,ASO,ES,Towers with Radar,32,15,49,10,106,0,5,96,6,107,32,20,145,16,213,68,4,72,285
07/27/2008,SRQ,FL,ASO,ES,Towers with Radar,26,23,28,0,77,0,0,92,0,92,26,23,120,0,169,60,0,60,229
07/28/2008,SRQ,FL,ASO,ES,Towers with Radar,28,14,39,8,89,0,6,47,0,53,28,20,86,8,142,154,0,154,296
07/29/2008,SRQ,FL,ASO,ES,Towers with Radar,27,16,47,0,90,0,14,59,2,75,27,30,106,2,165,62,0,62,227
07/30/2008,SRQ,FL,ASO,ES,Towers with Radar,28,14,57,0,99,0,7,63,1,71,28,21,120,1,170,216,0,216,386
07/31/2008,SRQ,FL,ASO,ES,Towers with Radar,29,24,77,0,130,1,5,69,0,75,30,29,146,0,205,120,0,120,325
08/01/2008,SRQ,FL,ASO,ES,Towers with Radar,28,23,73,0,124,0,0,89,0,89,28,23,162,0,213,100,0,100,313
08/02/2008,SRQ,FL,ASO,ES,Towers with Radar,31,15,73,0,119,0,1,81,0,82,31,16,154,0,201,102,0,102,303
08/03/2008,SRQ,FL,ASO,ES,Towers with Radar,29,17,29,0,75,0,0,58,0,58,29,17,87,0,133,76,0,76,209
08/04/2008,SRQ,FL,ASO,ES,Towers with Radar,29,25,74,0,128,0,12,73,0,85,29,37,147,0,213,66,0,66,279
08/05/2008,SRQ,FL,ASO,ES,Towers with Radar,26,21,53,6,106,0,17,93,0,110,26,38,146,6,216,306,2,308,524
08/06/2008,SRQ,FL,ASO,ES,Towers with Radar,47,16,87,0,150,0,7,105,0,112,47,23,192,0,262,96,0,96,358
08/07/2008,SRQ,FL,ASO,ES,Towers with Radar,26,19,72,0,117,0,8,103,1,112,26,27,175,1,229,148,0,148,377
08/08/2008,SRQ,FL,ASO,ES,Towers with Radar,28,23,44,0,95,0,1,56,0,57,28,24,100,0,152,20,0,20,172
08/09/2008,SRQ,FL,ASO,ES,Towers with Radar,32,14,41,0,87,0,0,24,0,24,32,14,65,0,111,56,0,56,167
08/10/2008,SRQ,FL,ASO,ES,Towers with Radar,31,19,55,2,107,0,0,63,1,64,31,19,118,3,171,92,0,92,263
08/11/2008,SRQ,FL,ASO,ES,Towers with Radar,28,21,58,0,107,0,15,82,2,99,28,36,140,2,206,128,0,128,334
08/12/2008,SRQ,FL,ASO,ES,Towers with Radar,26,10,37,0,73,0,13,81,0,94,26,23,118,0,167,144,0,144,311
08/13/2008,SRQ,FL,ASO,ES,Towers with Radar,30,24,80,6,140,0,10,113,0,123,30,34,193,6,263,134,0,134,397
08/14/2008,SRQ,FL,ASO,ES,Towers with Radar,28,18,52,0,98,0,4,57,0,61,28,22,109,0,159,152,0,152,311
08/15/2008,SRQ,FL,ASO,ES,Towers with Radar,29,21,73,8,131,0,7,59,0,66,29,28,132,8,197,56,0,56,253
08/16/2008,SRQ,FL,ASO,ES,Towers with Radar,34,13,38,0,85,0,3,134,0,137,34,16,172,0,222,160,0,160,382
08/17/2008,SRQ,FL,ASO,ES,Towers with Radar,34,29,37,0,100,0,2,65,0,67,34,31,102,0,167,92,0,92,259
08/18/2008,SRQ,FL,ASO,ES,Towers with Radar,26,17,48,0,91,0,8,70,0,78,26,25,118,0,169,100,0,100,269
08/19/2008,SRQ,FL,ASO,ES,Towers with Radar,7,3,6,0,16,0,1,0,0,1,7,4,6,0,17,0,0,0,17
08/20/2008,SRQ,FL,ASO,ES,Towers with Radar,32,9,51,0,92,0,0,19,0,19,32,9,70,0,111,14,0,14,125
08/21/2008,SRQ,FL,ASO,ES,Towers with Radar,27,15,79,0,121,0,5,30,0,35,27,20,109,0,156,20,0,20,176
08/22/2008,SRQ,FL,ASO,ES,Towers with Radar,29,20,50,2,101,0,8,24,0,32,29,28,74,2,133,62,8,70,203
08/23/2008,SRQ,FL,ASO,ES,Towers with Radar,31,12,32,2,77,0,5,32,0,37,31,17,64,2,114,65,0,65,179
08/24/2008,SRQ,FL,ASO,ES,Towers with Radar,31,18,43,4,96,0,2,57,0,59,31,20,100,4,155,56,0,56,211
08/25/2008,SRQ,FL,ASO,ES,Towers with Radar,26,19,46,6,97,0,5,114,0,119,26,24,160,6,216,182,0,182,398
08/26/2008,SRQ,FL,ASO,ES,Towers with Radar,23,20,78,4,125,0,10,143,0,153,23,30,221,4,278,196,0,196,474
08/27/2008,SRQ,FL,ASO,ES,Towers with Radar,30,19,65,4,118,0,18,91,1,110,30,37,156,5,228,200,0,200,428
08/28/2008,SRQ,FL,ASO,ES,Towers with Radar,28,28,48,0,104,0,12,92,0,104,28,40,140,0,208,52,0,52,260
08/29/2008,SRQ,FL,ASO,ES,Towers with Radar,28,15,75,4,122,0,13,113,0,126,28,28,188,4,248,156,0,156,404
08/30/2008,SRQ,FL,ASO,ES,Towers with Radar,30,15,49,0,94,0,5,35,0,40,30,20,84,0,134,180,0,180,314
08/31/2008,SRQ,FL,ASO,ES,Towers with Radar,26,7,15,0,48,0,1,3,0,4,26,8,18,0,52,1,0,1,53
09/01/2008,SRQ,FL,ASO,ES,Towers with Radar,28,19,40,0,87,0,1,40,0,41,28,20,80,0,128,51,0,51,179
09/02/2008,SRQ,FL,ASO,ES,Towers with Radar,28,16,49,0,93,0,5,78,1,84,28,21,127,1,177,106,0,106,283
09/03/2008,SRQ,FL,ASO,ES,Towers with Radar,24,16,47,2,89,0,3,100,0,103,24,19,147,2,192,135,0,135,327
09/04/2008,SRQ,FL,ASO,ES,Towers with Radar,23,14,54,0,91,0,24,70,6,100,23,38,124,6,191,98,0,98,289
09/05/2008,SRQ,FL,ASO,ES,Towers with Radar,24,18,64,8,114,0,11,70,1,82,24,29,134,9,196,130,4,134,330
09/06/2008,SRQ,FL,ASO,ES,Towers with Radar,22,10,46,0,78,0,10,147,0,157,22,20,193,0,235,182,0,182,417
09/07/2008,SRQ,FL,ASO,ES,Towers with Radar,24,12,27,2,65,0,1,96,1,98,24,13,123,3,163,54,0,54,217
09/08/2008,SRQ,FL,ASO,ES,Towers with Radar,24,21,32,2,79,0,5,68,1,74,24,26,100,3,153,72,2,74,227
09/09/2008,SRQ,FL,ASO,ES,Towers with Radar,24,14,49,4,91,0,2,31,0,33,24,16,80,4,124,110,2,112,236
09/10/2008,SRQ,FL,ASO,ES,Towers with Radar,24,12,25,0,61,0,4,11,0,15,24,16,36,0,76,16,0,16,92
09/11/2008,SRQ,FL,ASO,ES,Towers with Radar,24,16,51,11,102,0,15,57,0,72,24,31,108,11,174,34,6,40,214
09/12/2008,SRQ,FL,ASO,ES,Towers with Radar,24,21,76,2,123,0,5,106,2,113,24,26,182,4,236,154,0,154,390
09/13/2008,SRQ,FL,ASO,ES,Towers with Radar,24,14,52,0,90,0,1,136,0,137,24,15,188,0,227,279,0,279,506
09/14/2008,SRQ,FL,ASO,ES,Towers with Radar,25,13,37,0,75,0,0,69,0,69,25,13,106,0,144,26,0,26,170
09/15/2008,SRQ,FL,ASO,ES,Towers with Radar,24,15,24,8,71,0,7,80,0,87,24,22,104,8,158,96,4,100,258
09/16/2008,SRQ,FL,ASO,ES,Towers with Radar,26,17,50,12,105,0,12,89,0,101,26,29,139,12,206,204,14,218,424
09/17/2008,SRQ,FL,ASO,ES,Towers with Radar,24,20,60,4,108,0,5,73,0,78,24,25,133,4,186,68,4,72,258
09/18/2008,SRQ,FL,ASO,ES,Towers with Radar,23,25,63,2,113,0,11,96,0,107,23,36,159,2,220,70,0,70,290
09/19/2008,SRQ,FL,ASO,ES,Towers with Radar,24,16,64,0,104,0,10,109,0,119,24,26,173,0,223,113,0,113,336
09/20/2008,SRQ,FL,ASO,ES,Towers with Radar,22,9,47,0,78,0,2,127,0,129,22,11,174,0,207,130,0,130,337
09/21/2008,SRQ,FL,ASO,ES,Towers with Radar,24,13,77,0,114,0,1,57,1,59,24,14,134,1,173,66,0,66,239
09/22/2008,SRQ,FL,ASO,ES,Towers with Radar,25,15,33,1,74,0,2,45,1,48,25,17,78,2,122,20,0,20,142
09/23/2008,SRQ,FL,ASO,ES,Towers with Radar,25,16,51,1,93,0,10,59,1,70,25,26,110,2,163,64,0,64,227
09/24/2008,SRQ,FL,ASO,ES,Towers with Radar,23,14,51,6,94,0,11,88,2,101,23,25,139,8,195,71,0,71,266
09/25/2008,SRQ,FL,ASO,ES,Towers with Radar,24,17,61,0,102,0,4,104,1,109,24,21,165,1,211,58,0,58,269
09/26/2008,SRQ,FL,ASO,ES,Towers with Radar,24,14,69,12,119,0,2,135,6,143,24,16,204,18,262,91,0,91,353
09/27/2008,SRQ,FL,ASO,ES,Towers with Radar,22,10,41,0,73,0,0,89,0,89,22,10,130,0,162,62,0,62,224
09/28/2008,SRQ,FL,ASO,ES,Towers with Radar,23,14,33,0,70,0,0,53,0,53,23,14,86,0,123,114,0,114,237
09/29/2008,SRQ,FL,ASO,ES,Towers with Radar,25,17,48,0,90,0,6,47,0,53,25,23,95,0,143,54,0,54,197
09/30/2008,SRQ,FL,ASO,ES,Towers with Radar,24,16,62,7,109,0,10,45,8,63,24,26,107,15,172,160,0,160,332
10/01/2008,SRQ,FL,ASO,ES,Towers with Radar,23,25,69,10,127,0,15,99,6,120,23,40,168,16,247,86,8,94,341
10/02/2008,SRQ,FL,ASO,ES,Towers with Radar,28,10,44,15,97,0,9,99,8,116,28,19,143,23,213,234,6,240,453
10/03/2008,SRQ,FL,ASO,ES,Towers with Radar,26,13,44,11,94,0,6,79,3,88,26,19,123,14,182,92,0,92,274
10/04/2008,SRQ,FL,ASO,ES,Towers with Radar,25,11,35,2,73,0,12,117,0,129,25,23,152,2,202,150,0,150,352
10/05/2008,SRQ,FL,ASO,ES,Towers with Radar,24,15,50,2,91,0,2,41,2,45,24,17,91,4,136,27,2,29,165
10/06/2008,SRQ,FL,ASO,ES,Towers with Radar,27,13,38,8,86,0,2,34,1,37,27,15,72,9,123,56,0,56,179
10/07/2008,SRQ,FL,ASO,ES,Towers with Radar,32,12,43,8,95,0,7,62,3,72,32,19,105,11,167,80,2,82,249
10/08/2008,SRQ,FL,ASO,ES,Towers with Radar,29,12,58,2,101,0,4,90,8,102,29,16,148,10,203,90,0,90,293
10/09/2008,SRQ,FL,ASO,ES,Towers with Radar,31,17,52,5,105,0,11,61,4,76,31,28,113,9,181,150,0,150,331
10/10/2008,SRQ,FL,ASO,ES,Towers with Radar,28,9,45,1,83,0,4,93,1,98,28,13,138,2,181,122,0,122,303
10/11/2008,SRQ,FL,ASO,ES,Towers with Radar,28,8,71,0,107,0,0,118,0,118,28,8,189,0,225,198,0,198,423
10/12/2008,SRQ,FL,ASO,ES,Towers with Radar,26,17,40,2,85,0,2,52,1,55,26,19,92,3,140,66,0,66,206
10/13/2008,SRQ,FL,ASO,ES,Towers with Radar,28,11,34,0,73,0,20,49,1,70,28,31,83,1,143,38,0,38,181
10/14/2008,SRQ,FL,ASO,ES,Towers with Radar,32,14,58,13,117,0,7,62,2,71,32,21,120,15,188,78,12,90,278
10/15/2008,SRQ,FL,ASO,ES,Towers with Radar,29,16,68,1,114,0,17,70,1,88,29,33,138,2,202,24,0,24,226
10/16/2008,SRQ,FL,ASO,ES,Towers with Radar,31,14,69,0,114,0,23,90,0,113,31,37,159,0,227,71,0,71,298
10/17/2008,SRQ,FL,ASO,ES,Towers with Radar,27,16,56,1,100,0,15,109,1,125,27,31,165,2,225,98,0,98,323
10/18/2008,SRQ,FL,ASO,ES,Towers with Radar,29,7,44,0,80,0,0,129,1,130,29,7,173,1,210,176,0,176,386
10/19/2008,SRQ,FL,ASO,ES,Towers with Radar,25,13,49,8,95,0,4,84,0,88,25,17,133,8,183,36,8,44,227
10/20/2008,SRQ,FL,ASO,ES,Towers with Radar,30,22,55,0,107,0,23,76,0,99,30,45,131,0,206,78,0,78,284
10/21/2008,SRQ,FL,ASO,ES,Towers with Radar,29,6,56,0,91,0,4,110,1,115,29,10,166,1,206,150,0,150,356
10/22/2008,SRQ,FL,ASO,ES,Towers with Radar,29,12,60,6,107,0,12,93,0,105,29,24,153,6,212,48,2,50,262
10/23/2008,SRQ,FL,ASO,ES,Towers with Radar,29,13,55,9,106,0,4,30,0,34,29,17,85,9,140,34,6,40,180
10/24/2008,SRQ,FL,ASO,ES,Towers with Radar,26,14,39,11,90,0,6,21,8,35,26,20,60,19,125,38,16,54,179
10/25/2008,SRQ,FL,ASO,ES,Towers with Radar,24,13,48,1,86,0,0,57,0,57,24,13,105,1,143,29,0,29,172
10/26/2008,SRQ,FL,ASO,ES,Towers with Radar,27,12,44,0,83,0,0,75,0,75,27,12,119,0,158,28,0,28,186
10/27/2008,SRQ,FL,ASO,ES,Towers with Radar,30,10,32,0,72,0,6,85,0,91,30,16,117,0,163,96,0,96,259
10/28/2008,SRQ,FL,ASO,ES,Towers with Radar,29,19,54,3,105,0,9,93,4,106,29,28,147,7,211,98,6,104,315
10/29/2008,SRQ,FL,ASO,ES,Towers with Radar,30,13,57,2,102,0,12,96,5,113,30,25,153,7,215,94,0,94,309
10/30/2008,SRQ,FL,ASO,ES,Towers with Radar,30,16,71,2,119,0,14,100,0,114,30,30,171,2,233,66,0,66,299
10/31/2008,SRQ,FL,ASO,ES,Towers with Radar,31,27,83,2,143,0,7,118,3,128,31,34,201,5,271,92,0,92,363
11/01/2008,SRQ,FL,ASO,ES,Towers with Radar,28,14,42,0,84,0,0,97,0,97,28,14,139,0,181,78,0,78,259
11/02/2008,SRQ,FL,ASO,ES,Towers with Radar,34,19,66,6,125,0,2,78,0,80,34,21,144,6,205,76,0,76,281
11/03/2008,SRQ,FL,ASO,ES,Towers with Radar,38,10,51,0,99,0,2,69,0,71,38,12,120,0,170,72,0,72,242
11/04/2008,SRQ,FL,ASO,ES,Towers with Radar,32,10,68,6,116,0,0,11,0,11,32,10,79,6,127,28,0,28,155
11/05/2008,SRQ,FL,ASO,ES,Towers with Radar,34,17,80,2,133,0,9,78,2,89,34,26,158,4,222,98,0,98,320
11/06/2008,SRQ,FL,ASO,ES,Towers with Radar,35,22,62,4,123,0,7,113,0,120,35,29,175,4,243,78,0,78,321
11/07/2008,SRQ,FL,ASO,ES,Towers with Radar,34,19,63,3,119,0,5,134,4,143,34,24,197,7,262,114,0,114,376
11/08/2008,SRQ,FL,ASO,ES,Towers with Radar,33,19,58,0,110,0,5,117,0,122,33,24,175,0,232,54,0,54,286
11/09/2008,SRQ,FL,ASO,ES,Towers with Radar,35,20,57,0,112,0,2,78,3,83,35,22,135,3,195,42,0,42,237
11/10/2008,SRQ,FL,ASO,ES,Towers with Radar,37,8,55,12,112,0,4,99,0,103,37,12,154,12,215,90,0,90,305
11/11/2008,SRQ,FL,ASO,ES,Towers with Radar,31,16,64,2,113,0,6,105,0,111,31,22,169,2,224,52,0,52,276
11/12/2008,SRQ,FL,ASO,ES,Towers with Radar,32,19,67,2,120,0,7,76,0,83,32,26,143,2,203,112,0,112,315
11/13/2008,SRQ,FL,ASO,ES,Towers with Radar,36,19,71,0,126,0,7,79,0,86,36,26,150,0,212,46,0,46,258
11/14/2008,SRQ,FL,ASO,ES,Towers with Radar,34,15,85,1,135,0,3,97,0,100,34,18,182,1,235,108,0,108,343
11/15/2008,SRQ,FL,ASO,ES,Towers with Radar,32,13,55,0,100,0,3,34,0,37,32,16,89,0,137,58,0,58,195
11/16/2008,SRQ,FL,ASO,ES,Towers with Radar,35,12,51,0,98,0,4,73,0,77,35,16,124,0,175,92,0,92,267
11/17/2008,SRQ,FL,ASO,ES,Towers with Radar,33,13,56,0,102,0,2,92,0,94,33,15,148,0,196,82,0,82,278
11/18/2008,SRQ,FL,ASO,ES,Towers with Radar,35,17,55,20,127,0,10,87,0,97,35,27,142,20,224,46,8,54,278
11/19/2008,SRQ,FL,ASO,ES,Towers with Radar,34,3,63,6,106,0,9,91,0,100,34,12,154,6,206,42,0,42,248
11/20/2008,SRQ,FL,ASO,ES,Towers with Radar,37,17,64,0,118,0,7,131,1,139,37,24,195,1,257,100,0,100,357
11/21/2008,SRQ,FL,ASO,ES,Towers with Radar,40,18,64,8,130,0,0,96,0,96,40,18,160,8,226,145,0,145,371
11/22/2008,SRQ,FL,ASO,ES,Towers with Radar,40,10,50,0,100,0,3,78,0,81,40,13,128,0,181,92,0,92,273
11/23/2008,SRQ,FL,ASO,ES,Towers with Radar,41,14,43,2,100,0,2,91,0,93,41,16,134,2,193,74,0,74,267
11/24/2008,SRQ,FL,ASO,ES,Towers with Radar,41,16,54,0,111,0,10,99,0,109,41,26,153,0,220,104,0,104,324
11/25/2008,SRQ,FL,ASO,ES,Towers with Radar,42,24,83,6,155,0,6,112,0,118,42,30,195,6,273,226,8,234,507
11/26/2008,SRQ,FL,ASO,ES,Towers with Radar,40,14,82,0,136,0,9,101,0,110,40,23,183,0,246,111,0,111,357
11/27/2008,SRQ,FL,ASO,ES,Towers with Radar,31,11,33,1,76,0,2,39,0,41,31,13,72,1,117,48,0,48,165
11/28/2008,SRQ,FL,ASO,ES,Towers with Radar,34,17,42,0,93,0,4,83,0,87,34,21,125,0,180,96,0,96,276
11/29/2008,SRQ,FL,ASO,ES,Towers with Radar,43,28,61,0,132,0,2,96,0,98,43,30,157,0,230,58,0,58,288
11/30/2008,SRQ,FL,ASO,ES,Towers with Radar,44,23,66,2,135,0,1,6,0,7,44,24,72,2,142,0,0,0,142
12/01/2008,SRQ,FL,ASO,ES,Towers with Radar,39,12,56,0,107,0,0,57,0,57,39,12,113,0,164,74,0,74,238
12/02/2008,SRQ,FL,ASO,ES,Towers with Radar,39,7,58,0,104,0,6,73,11,90,39,13,131,11,194,42,0,42,236
12/03/2008,SRQ,FL,ASO,ES,Towers with Radar,36,13,54,0,103,0,5,127,0,132,36,18,181,0,235,234,0,234,469
12/04/2008,SRQ,FL,ASO,ES,Towers with Radar,36,16,76,0,128,0,6,109,0,115,36,22,185,0,243,140,0,140,383
12/05/2008,SRQ,FL,ASO,ES,Towers with Radar,34,14,69,0,117,0,8,95,0,103,34,22,164,0,220,100,0,100,320
12/06/2008,SRQ,FL,ASO,ES,Towers with Radar,35,11,46,0,92,0,5,113,1,119,35,16,159,1,211,68,0,68,279
12/07/2008,SRQ,FL,ASO,ES,Towers with Radar,65,31,65,4,165,0,1,181,0,182,65,32,246,4,347,62,4,66,413
12/08/2008,SRQ,FL,ASO,ES,Towers with Radar,35,14,62,0,111,0,1,104,0,105,35,15,166,0,216,55,0,55,271
12/09/2008,SRQ,FL,ASO,ES,Towers with Radar,35,3,59,0,97,0,9,92,0,101,35,12,151,0,198,96,0,96,294
12/10/2008,SRQ,FL,ASO,ES,Towers with Radar,33,19,64,0,116,0,10,58,0,68,33,29,122,0,184,24,0,24,208
12/11/2008,SRQ,FL,ASO,ES,Towers with Radar,32,21,36,12,101,0,8,22,0,30,32,29,58,12,131,20,0,20,151
12/12/2008,SRQ,FL,ASO,ES,Towers with Radar,35,11,94,2,142,0,7,58,0,65,35,18,152,2,207,60,8,68,275
12/13/2008,SRQ,FL,ASO,ES,Towers with Radar,34,19,53,0,106,0,8,103,0,111,34,27,156,0,217,106,0,106,323
12/14/2008,SRQ,FL,ASO,ES,Towers with Radar,32,10,44,0,86,0,3,79,0,82,32,13,123,0,168,140,0,140,308
12/15/2008,SRQ,FL,ASO,ES,Towers with Radar,38,10,80,10,138,0,12,62,4,78,38,22,142,14,216,186,4,190,406
12/16/2008,SRQ,FL,ASO,ES,Towers with Radar,35,7,84,7,133,0,2,99,7,108,35,9,183,14,241,106,0,106,347
12/17/2008,SRQ,FL,ASO,ES,Towers with Radar,37,13,71,8,129,0,7,99,0,106,37,20,170,8,235,152,10,162,397
12/18/2008,SRQ,FL,ASO,ES,Towers with Radar,43,10,83,4,140,0,2,92,2,96,43,12,175,6,236,94,0,94,330
12/19/2008,SRQ,FL,ASO,ES,Towers with Radar,39,21,55,9,124,0,6,104,8,118,39,27,159,17,242,40,2,42,284
12/20/2008,SRQ,FL,ASO,ES,Towers with Radar,41,12,63,0,116,0,6,118,0,124,41,18,181,0,240,140,0,140,380
12/21/2008,SRQ,FL,ASO,ES,Towers with Radar,41,13,39,5,98,0,2,69,2,73,41,15,108,7,171,178,0,178,349
12/22/2008,SRQ,FL,ASO,ES,Towers with Radar,41,10,45,0,96,0,1,82,0,83,41,11,127,0,179,30,0,30,209
12/23/2008,SRQ,FL,ASO,ES,Towers with Radar,40,10,72,8,130,0,15,74,0,89,40,25,146,8,219,10,0,10,229
12/24/2008,SRQ,FL,ASO,ES,Towers with Radar,43,16,35,0,94,0,10,51,0,61,43,26,86,0,155,14,0,14,169
12/25/2008,SRQ,FL,ASO,ES,Towers with Radar,41,4,36,0,81,0,1,24,0,25,41,5,60,0,106,22,0,22,128
12/26/2008,SRQ,FL,ASO,ES,Towers with Radar,46,44,96,0,186,0,3,80,0,83,46,47,176,0,269,42,0,42,311
12/27/2008,SRQ,FL,ASO,ES,Towers with Radar,50,17,99,0,166,0,0,96,0,96,50,17,195,0,262,61,0,61,323
12/28/2008,SRQ,FL,ASO,ES,Towers with Radar,44,15,65,0,124,0,1,87,0,88,44,16,152,0,212,34,0,34,246
12/29/2008,SRQ,FL,ASO,ES,Towers with Radar,41,16,85,6,148,0,6,79,1,86,41,22,164,7,234,104,10,114,348
12/30/2008,SRQ,FL,ASO,ES,Towers with Radar,52,19,69,5,145,0,6,105,0,111,52,25,174,5,256,70,0,70,326
12/31/2008,SRQ,FL,ASO,ES,Towers with Radar,49,17,85,0,151,0,3,102,2,107,49,20,187,2,258,82,0,82,340
01/01/2009,SRQ,FL,ASO,ES,Towers with Radar,44,3,49,0,96,0,0,60,0,60,44,3,109,0,156,32,0,32,188
01/02/2009,SRQ,FL,ASO,ES,Towers with Radar,50,18,75,0,143,0,6,122,0,128,50,24,197,0,271,62,0,62,333
01/03/2009,SRQ,FL,ASO,ES,Towers with Radar,46,14,81,0,141,0,0,103,0,103,46,14,184,0,244,60,0,60,304
01/04/2009,SRQ,FL,ASO,ES,Towers with Radar,42,28,79,8,157,0,2,81,0,83,42,30,160,8,240,62,10,72,312
01/05/2009,SRQ,FL,ASO,ES,Towers with Radar,44,11,66,0,121,0,8,60,0,68,44,19,126,0,189,90,0,90,279
01/06/2009,SRQ,FL,ASO,ES,Towers with Radar,40,8,40,0,88,0,5,98,2,105,40,13,138,2,193,76,0,76,269
01/07/2009,SRQ,FL,ASO,ES,Towers with Radar,38,15,38,12,103,0,11,37,0,48,38,26,75,12,151,44,12,56,207
01/08/2009,SRQ,FL,ASO,ES,Towers with Radar,38,11,92,20,161,0,9,111,0,120,38,20,203,20,281,134,12,146,427
01/09/2009,SRQ,FL,ASO,ES,Towers with Radar,38,15,70,0,123,0,8,120,1,129,38,23,190,1,252,124,0,124,376
01/10/2009,SRQ,FL,ASO,ES,Towers with Radar,36,11,63,1,111,0,1,147,1,149,36,12,210,2,260,208,0,208,468
01/11/2009,SRQ,FL,ASO,ES,Towers with Radar,37,20,75,0,132,0,4,92,2,98,37,24,167,2,230,48,2,50,280
01/12/2009,SRQ,FL,ASO,ES,Towers with Radar,37,10,76,7,130,0,6,27,0,33,37,16,103,7,163,22,0,22,185
01/13/2009,SRQ,FL,ASO,ES,Towers with Radar,38,14,62,4,118,0,6,48,0,54,38,20,110,4,172,28,0,28,200
01/14/2009,SRQ,FL,ASO,ES,Towers with Radar,36,20,72,6,134,0,18,117,5,140,36,38,189,11,274,104,0,104,378
01/15/2009,SRQ,FL,ASO,ES,Towers with Radar,40,27,76,4,147,0,7,97,0,104,40,34,173,4,251,74,6,80,331
01/16/2009,SRQ,FL,ASO,ES,Towers with Radar,37,19,88,1,145,0,7,115,5,127,37,26,203,6,272,98,12,110,382
01/17/2009,SRQ,FL,ASO,ES,Towers with Radar,39,4,67,0,110,0,6,178,0,184,39,10,245,0,294,136,0,136,430
01/18/2009,SRQ,FL,ASO,ES,Towers with Radar,37,21,68,0,126,0,4,94,0,98,37,25,162,0,224,52,0,52,276
01/19/2009,SRQ,FL,ASO,ES,Towers with Radar,37,13,62,0,112,0,4,87,0,91,37,17,149,0,203,42,0,42,245
01/20/2009,SRQ,FL,ASO,ES,Towers with Radar,39,12,59,7,117,0,7,45,0,52,39,19,104,7,169,48,0,48,217
01/21/2009,SRQ,FL,ASO,ES,Towers with Radar,38,12,73,4,127,0,15,96,0,111,38,27,169,4,238,42,0,42,280
01/22/2009,SRQ,FL,ASO,ES,Towers with Radar,38,12,66,8,124,0,8,118,5,131,38,20,184,13,255,78,0,78,333
01/23/2009,SRQ,FL,ASO,ES,Towers with Radar,36,6,59,5,106,0,6,150,1,157,36,12,209,6,263,172,0,172,435
01/24/2009,SRQ,FL,ASO,ES,Towers with Radar,37,11,52,0,100,0,3,141,0,144,37,14,193,0,244,94,0,94,338
01/25/2009,SRQ,FL,ASO,ES,Towers with Radar,37,14,67,0,118,0,2,126,0,128,37,16,193,0,246,24,0,24,270
01/26/2009,SRQ,FL,ASO,ES,Towers with Radar,38,12,70,2,122,0,8,89,2,99,38,20,159,4,221,96,0,96,317
01/27/2009,SRQ,FL,ASO,ES,Towers with Radar,36,10,62,6,114,0,16,83,2,101,36,26,145,8,215,42,12,54,269
01/28/2009,SRQ,FL,ASO,ES,Towers with Radar,31,16,57,0,104,0,11,94,2,107,31,27,151,2,211,86,0,86,297
01/29/2009,SRQ,FL,ASO,ES,Towers with Radar,37,32,80,4,153,0,12,52,3,67,37,44,132,7,220,34,10,44,264
01/30/2009,SRQ,FL,ASO,ES,Towers with Radar,37,32,69,0,138,0,2,47,0,49,37,34,116,0,187,92,0,92,279
01/31/2009,SRQ,FL,ASO,ES,Towers with Radar,37,21,66,0,124,0,0,108,0,108,37,21,174,0,232,96,0,96,328
02/01/2009,SRQ,FL,ASO,ES,Towers with Radar,35,14,40,0,89,0,0,94,0,94,35,14,134,0,183,26,0,26,209
02/02/2009,SRQ,FL,ASO,ES,Towers with Radar,42,33,61,8,144,0,5,8,0,13,42,38,69,8,157,6,6,12,169
02/03/2009,SRQ,FL,ASO,ES,Towers with Radar,40,20,54,19,133,0,12,52,5,69,40,32,106,24,202,32,23,55,257
02/04/2009,SRQ,FL,ASO,ES,Towers with Radar,38,28,36,17,119,0,28,62,9,99,38,56,98,26,218,62,2,64,282
02/05/2009,SRQ,FL,ASO,ES,Towers with Radar,38,28,87,2,155,0,8,134,8,150,38,36,221,10,305,112,0,112,417
02/06/2009,SRQ,FL,ASO,ES,Towers with Radar,37,20,77,4,138,0,12,141,0,153,37,32,218,4,291,96,0,96,387
02/07/2009,SRQ,FL,ASO,ES,Towers with Radar,37,16,63,8,124,0,10,138,9,157,37,26,201,17,281,86,2,88,369
02/08/2009,SRQ,FL,ASO,ES,Towers with Radar,37,28,61,9,135,0,6,102,0,108,37,34,163,9,243,30,0,30,273
02/09/2009,SRQ,FL,ASO,ES,Towers with Radar,38,25,56,4,123,0,9,111,7,127,38,34,167,11,250,52,0,52,302
02/10/2009,SRQ,FL,ASO,ES,Towers with Radar,38,16,106,8,168,0,19,128,5,152,38,35,234,13,320,114,0,114,434
02/11/2009,SRQ,FL,ASO,ES,Towers with Radar,38,11,62,2,113,0,11,92,0,103,38,22,154,2,216,74,0,74,290
02/12/2009,SRQ,FL,ASO,ES,Towers with Radar,51,35,113,0,199,0,1,6,0,7,51,36,119,0,206,2,0,2,208
02/13/2009,SRQ,FL,ASO,ES,Towers with Radar,50,22,105,4,181,0,10,140,0,150,50,32,245,4,331,192,0,192,523
02/14/2009,SRQ,FL,ASO,ES,Towers with Radar,47,22,81,0,150,0,11,126,0,137,47,33,207,0,287,98,0,98,385
02/15/2009,SRQ,FL,ASO,ES,Towers with Radar,50,20,95,0,165,0,1,5,0,6,50,21,100,0,171,24,0,24,195
02/16/2009,SRQ,FL,ASO,ES,Towers with Radar,48,26,99,1,174,0,3,99,0,102,48,29,198,1,276,64,0,64,340
02/17/2009,SRQ,FL,ASO,ES,Towers with Radar,50,16,87,3,156,0,4,146,1,151,50,20,233,4,307,74,0,74,381
02/18/2009,SRQ,FL,ASO,ES,Towers with Radar,48,18,74,0,140,0,2,99,0,101,48,20,173,0,241,56,0,56,297
02/19/2009,SRQ,FL,ASO,ES,Towers with Radar,49,23,85,4,161,0,12,35,0,47,49,35,120,4,208,41,4,45,253
02/20/2009,SRQ,FL,ASO,ES,Towers with Radar,51,19,86,0,156,0,9,111,0,120,51,28,197,0,276,76,0,76,352
02/21/2009,SRQ,FL,ASO,ES,Towers with Radar,48,31,65,1,145,0,6,197,0,203,48,37,262,1,348,102,2,104,452
02/22/2009,SRQ,FL,ASO,ES,Towers with Radar,46,24,91,4,165,0,0,107,1,108,46,24,198,5,273,48,0,48,321
02/23/2009,SRQ,FL,ASO,ES,Towers with Radar,50,14,51,5,120,0,12,84,4,100,50,26,135,9,220,65,0,65,285
02/24/2009,SRQ,FL,ASO,ES,Towers with Radar,48,15,69,0,132,0,25,117,2,144,48,40,186,2,276,76,0,76,352
02/25/2009,SRQ,FL,ASO,ES,Towers with Radar,50,19,74,2,145,0,17,109,3,129,50,36,183,5,274,106,0,106,380
02/26/2009,SRQ,FL,ASO,ES,Towers with Radar,48,20,102,20,190,0,7,123,0,130,48,27,225,20,320,108,20,128,448
02/27/2009,SRQ,FL,ASO,ES,Towers with Radar,46,10,94,0,150,0,13,118,0,131,46,23,212,0,281,60,0,60,341
02/28/2009,SRQ,FL,ASO,ES,Towers with Radar,47,25,70,0,142,0,6,160,0,166,47,31,230,0,308,40,0,40,348
03/01/2009,SRQ,FL,ASO,ES,Towers with Radar,32,13,65,6,116,0,3,18,3,24,32,16,83,9,140,0,0,0,140
03/02/2009,SRQ,FL,ASO,ES,Towers with Radar,37,15,47,0,99,0,9,62,0,71,37,24,109,0,170,40,0,40,210
03/03/2009,SRQ,FL,ASO,ES,Towers with Radar,48,14,65,0,127,0,8,105,0,113,48,22,170,0,240,233,0,233,473
03/04/2009,SRQ,FL,ASO,ES,Towers with Radar,52,12,82,4,150,0,23,129,0,152,52,35,211,4,302,58,2,60,362
03/05/2009,SRQ,FL,ASO,ES,Towers with Radar,50,8,54,11,123,0,25,115,0,140,50,33,169,11,263,76,10,86,349
03/06/2009,SRQ,FL,ASO,ES,Towers with Radar,52,25,90,21,188,0,26,156,5,187,52,51,246,26,375,92,26,118,493
03/07/2009,SRQ,FL,ASO,ES,Towers with Radar,51,16,64,0,131,0,12,153,0,165,51,28,217,0,296,78,0,78,374
03/08/2009,SRQ,FL,ASO,ES,Towers with Radar,45,28,64,1,138,0,3,132,0,135,45,31,196,1,273,32,0,32,305
03/09/2009,SRQ,FL,ASO,ES,Towers with Radar,49,20,58,0,127,0,12,104,0,116,49,32,162,0,243,70,0,70,313
03/10/2009,SRQ,FL,ASO,ES,Towers with Radar,50,30,61,4,145,0,10,101,0,111,50,40,162,4,256,38,4,42,298
03/11/2009,SRQ,FL,ASO,ES,Towers with Radar,50,9,69,2,130,0,13,130,0,143,50,22,199,2,273,88,2,90,363
03/12/2009,SRQ,FL,ASO,ES,Towers with Radar,50,17,78,0,145,1,6,139,0,146,51,23,217,0,291,140,0,140,431
03/13/2009,SRQ,FL,ASO,ES,Towers with Radar,50,12,80,6,148,0,7,86,0,93,50,19,166,6,241,102,10,112,353
03/14/2009,SRQ,FL,ASO,ES,Towers with Radar,51,13,59,0,123,0,5,93,0,98,51,18,152,0,221,72,0,72,293
03/15/2009,SRQ,FL,ASO,ES,Towers with Radar,46,18,58,0,122,0,0,102,0,102,46,18,160,0,224,78,0,78,302
03/16/2009,SRQ,FL,ASO,ES,Towers with Radar,47,16,84,4,151,0,12,126,8,146,47,28,210,12,297,92,10,102,399
03/17/2009,SRQ,FL,ASO,ES,Towers with Radar,50,23,61,0,134,0,7,58,0,65,50,30,119,0,199,66,0,66,265
03/18/2009,SRQ,FL,ASO,ES,Towers with Radar,50,17,65,3,135,0,12,105,0,117,50,29,170,3,252,80,2,82,334
03/19/2009,SRQ,FL,ASO,ES,Towers with Radar,49,26,73,11,159,0,9,122,2,133,49,35,195,13,292,102,10,112,404
03/20/2009,SRQ,FL,ASO,ES,Towers with Radar,50,19,68,0,137,0,20,127,3,150,50,39,195,3,287,82,0,82,369
03/21/2009,SRQ,FL,ASO,ES,Towers with Radar,51,27,86,4,168,0,11,106,0,117,51,38,192,4,285,78,22,100,385
03/22/2009,SRQ,FL,ASO,ES,Towers with Radar,45,31,69,0,145,0,6,80,0,86,45,37,149,0,231,210,0,210,441
03/23/2009,SRQ,FL,ASO,ES,Towers with Radar,50,16,85,0,151,0,2,48,2,52,50,18,133,2,203,28,4,32,235
03/24/2009,SRQ,FL,ASO,ES,Towers with Radar,50,21,63,2,136,0,10,132,0,142,50,31,195,2,278,86,0,86,364
03/25/2009,SRQ,FL,ASO,ES,Towers with Radar,52,13,90,5,160,0,11,125,1,137,52,24,215,6,297,132,4,136,433
03/26/2009,SRQ,FL,ASO,ES,Towers with Radar,50,21,94,8,173,0,11,141,1,153,50,32,235,9,326,112,4,116,442
03/27/2009,SRQ,FL,ASO,ES,Towers with Radar,50,23,89,0,162,0,19,140,2,161,50,42,229,2,323,78,0,78,401
03/28/2009,SRQ,FL,ASO,ES,Towers with Radar,52,17,54,0,123,0,6,47,0,53,52,23,101,0,176,24,0,24,200
03/29/2009,SRQ,FL,ASO,ES,Towers with Radar,45,27,73,0,145,0,0,17,0,17,45,27,90,0,162,0,0,0,162
03/30/2009,SRQ,FL,ASO,ES,Towers with Radar,50,15,93,4,162,0,3,126,2,131,50,18,219,6,293,168,0,168,461
03/31/2009,SRQ,FL,ASO,ES,Towers with Radar,50,23,83,0,156,0,15,76,0,91,50,38,159,0,247,62,0,62,309
04/01/2009,SRQ,FL,ASO,ES,Towers with Radar,52,27,99,0,178,0,16,83,0,99,52,43,182,0,277,48,0,48,325
04/02/2009,SRQ,FL,ASO,ES,Towers with Radar,48,34,74,0,156,0,12,48,0,60,48,46,122,0,216,84,0,84,300
04/03/2009,SRQ,FL,ASO,ES,Towers with Radar,52,27,61,6,146,0,13,32,0,45,52,40,93,6,191,44,0,44,235
04/04/2009,SRQ,FL,ASO,ES,Towers with Radar,53,25,74,0,152,0,2,166,0,168,53,27,240,0,320,52,0,52,372
04/05/2009,SRQ,FL,ASO,ES,Towers with Radar,45,31,58,11,145,0,4,81,7,92,45,35,139,18,237,38,0,38,275
04/06/2009,SRQ,FL,ASO,ES,Towers with Radar,50,11,39,6,106,0,2,23,0,25,50,13,62,6,131,26,6,32,163
04/07/2009,SRQ,FL,ASO,ES,Towers with Radar,51,10,51,6,118,0,12,41,0,53,51,22,92,6,171,18,4,22,193
04/08/2009,SRQ,FL,ASO,ES,Towers with Radar,49,22,86,0,157,0,6,193,0,199,49,28,279,0,356,150,0,150,506
04/09/2009,SRQ,FL,ASO,ES,Towers with Radar,50,29,109,2,190,0,21,150,1,172,50,50,259,3,362,102,0,102,464
04/10/2009,SRQ,FL,ASO,ES,Towers with Radar,48,14,94,12,168,0,8,136,0,144,48,22,230,12,312,78,0,78,390
04/11/2009,SRQ,FL,ASO,ES,Towers with Radar,53,14,74,0,141,0,6,73,0,79,53,20,147,0,220,104,0,104,324
04/12/2009,SRQ,FL,ASO,ES,Towers with Radar,45,22,83,0,150,0,1,41,0,42,45,23,124,0,192,44,0,44,236
04/13/2009,SRQ,FL,ASO,ES,Towers with Radar,49,19,79,8,155,0,8,59,0,67,49,27,138,8,222,58,8,66,288
04/14/2009,SRQ,FL,ASO,ES,Towers with Radar,49,8,28,0,85,0,5,17,0,22,49,13,45,0,107,0,0,0,107
04/15/2009,SRQ,FL,ASO,ES,Towers with Radar,48,13,76,4,141,0,11,119,0,130,48,24,195,4,271,148,4,152,423
04/16/2009,SRQ,FL,ASO,ES,Towers with Radar,50,10,77,0,137,0,11,146,0,157,50,21,223,0,294,120,0,120,414
04/17/2009,SRQ,FL,ASO,ES,Towers with Radar,48,17,85,0,150,0,8,88,0,96,48,25,173,0,246,24,0,24,270
04/18/2009,SRQ,FL,ASO,ES,Towers with Radar,51,9,59,0,119,0,11,130,0,141,51,20,189,0,260,100,0,100,360
04/19/2009,SRQ,FL,ASO,ES,Towers with Radar,43,25,74,5,147,0,3,100,1,104,43,28,174,6,251,28,0,28,279
04/20/2009,SRQ,FL,ASO,ES,Towers with Radar,46,7,58,1,112,0,8,39,1,48,46,15,97,2,160,26,0,26,186
04/21/2009,SRQ,FL,ASO,ES,Towers with Radar,44,17,61,0,122,0,15,125,0,140,44,32,186,0,262,84,0,84,346
04/22/2009,SRQ,FL,ASO,ES,Towers with Radar,44,14,81,1,140,0,19,166,0,185,44,33,247,1,325,70,0,70,395
04/23/2009,SRQ,FL,ASO,ES,Towers with Radar,43,27,71,0,141,0,17,151,0,168,43,44,222,0,309,164,0,164,473
04/24/2009,SRQ,FL,ASO,ES,Towers with Radar,43,17,85,4,149,1,10,117,2,130,44,27,202,6,279,110,0,110,389
04/25/2009,SRQ,FL,ASO,ES,Towers with Radar,47,3,63,4,117,0,8,142,2,152,47,11,205,6,269,52,2,54,323
04/26/2009,SRQ,FL,ASO,ES,Towers with Radar,42,24,90,1,157,0,0,89,0,89,42,24,179,1,246,90,0,90,336
04/27/2009,SRQ,FL,ASO,ES,Towers with Radar,43,8,75,15,141,0,8,89,0,97,43,16,164,15,238,50,14,64,302
04/28/2009,SRQ,FL,ASO,ES,Towers with Radar,42,20,63,2,127,0,9,102,2,113,42,29,165,4,240,178,0,178,418
04/29/2009,SRQ,FL,ASO,ES,Towers with Radar,42,18,73,0,133,0,11,142,0,153,42,29,215,0,286,64,0,64,350
04/30/2009,SRQ,FL,ASO,ES,Towers with Radar,44,10,91,0,145,0,22,136,1,159,44,32,227,1,304,82,0,82,386
05/01/2009,SRQ,FL,ASO,ES,Towers with Radar,38,14,73,3,128,0,13,128,0,141,38,27,201,3,269,38,0,38,307
05/02/2009,SRQ,FL,ASO,ES,Towers with Radar,38,13,41,0,92,0,7,106,0,113,38,20,147,0,205,116,0,116,321
05/03/2009,SRQ,FL,ASO,ES,Towers with Radar,36,19,60,3,118,0,0,94,1,95,36,19,154,4,213,108,0,108,321
05/04/2009,SRQ,FL,ASO,ES,Towers with Radar,37,8,64,4,113,0,14,72,1,87,37,22,136,5,200,62,10,72,272
05/05/2009,SRQ,FL,ASO,ES,Towers with Radar,34,9,63,1,107,0,17,97,4,118,34,26,160,5,225,193,0,193,418
05/06/2009,SRQ,FL,ASO,ES,Towers with Radar,33,10,65,8,116,0,23,143,4,170,33,33,208,12,286,54,4,58,344
05/07/2009,SRQ,FL,ASO,ES,Towers with Radar,36,17,71,0,124,0,18,131,1,150,36,35,202,1,274,90,0,90,364
05/08/2009,SRQ,FL,ASO,ES,Towers with Radar,35,4,57,4,100,0,18,101,0,119,35,22,158,4,219,82,0,82,301
05/09/2009,SRQ,FL,ASO,ES,Towers with Radar,37,9,54,0,100,0,5,133,0,138,37,14,187,0,238,128,0,128,366
05/10/2009,SRQ,FL,ASO,ES,Towers with Radar,34,12,34,0,80,0,1,94,0,95,34,13,128,0,175,62,0,62,237
05/11/2009,SRQ,FL,ASO,ES,Towers with Radar,33,8,77,2,120,0,14,97,0,111,33,22,174,2,231,46,0,46,277
05/12/2009,SRQ,FL,ASO,ES,Towers with Radar,41,7,57,3,108,0,14,101,5,120,41,21,158,8,228,54,6,60,288
05/13/2009,SRQ,FL,ASO,ES,Towers with Radar,34,16,39,0,89,0,13,84,0,97,34,29,123,0,186,86,0,86,272
05/14/2009,SRQ,FL,ASO,ES,Towers with Radar,33,16,78,0,127,0,18,83,0,101,33,34,161,0,228,76,0,76,304
05/15/2009,SRQ,FL,ASO,ES,Towers with Radar,36,14,82,0,132,0,7,84,0,91,36,21,166,0,223,84,0,84,307
05/16/2009,SRQ,FL,ASO,ES,Towers with Radar,34,6,51,4,95,0,1,150,0,151,34,7,201,4,246,220,0,220,466
05/17/2009,SRQ,FL,ASO,ES,Towers with Radar,35,19,44,0,98,0,3,69,0,72,35,22,113,0,170,94,0,94,264
05/18/2009,SRQ,FL,ASO,ES,Towers with Radar,34,9,43,0,86,0,3,14,0,17,34,12,57,0,103,2,0,2,105
05/19/2009,SRQ,FL,ASO,ES,Towers with Radar,34,33,43,12,122,0,2,17,0,19,34,35,60,12,141,52,10,62,203
05/20/2009,SRQ,FL,ASO,ES,Towers with Radar,37,10,53,10,110,0,14,25,2,41,37,24,78,12,151,12,14,26,177
05/21/2009,SRQ,FL,ASO,ES,Towers with Radar,38,21,66,0,125,0,8,33,0,41,38,29,99,0,166,34,0,34,200
05/22/2009,SRQ,FL,ASO,ES,Towers with Radar,38,32,95,4,169,0,12,52,0,64,38,44,147,4,233,84,4,88,321
05/23/2009,SRQ,FL,ASO,ES,Towers with Radar,36,17,36,0,89,0,6,69,0,75,36,23,105,0,164,120,0,120,284
05/24/2009,SRQ,FL,ASO,ES,Towers with Radar,34,3,39,0,76,0,3,52,0,55,34,6,91,0,131,48,0,48,179
05/25/2009,SRQ,FL,ASO,ES,Towers with Radar,38,19,64,0,121,0,1,75,0,76,38,20,139,0,197,54,0,54,251
05/26/2009,SRQ,FL,ASO,ES,Towers with Radar,38,5,47,2,92,0,9,110,0,119,38,14,157,2,211,88,0,88,299
05/27/2009,SRQ,FL,ASO,ES,Towers with Radar,38,11,47,10,106,0,33,81,1,115,38,44,128,11,221,4,10,14,235
05/28/2009,SRQ,FL,ASO,ES,Towers with Radar,37,9,76,0,122,0,10,77,0,87,37,19,153,0,209,94,0,94,303
05/29/2009,SRQ,FL,ASO,ES,Towers with Radar,38,14,46,0,98,0,12,56,0,68,38,26,102,0,166,40,0,40,206
05/30/2009,SRQ,FL,ASO,ES,Towers with Radar,37,9,39,0,85,0,3,83,0,86,37,12,122,0,171,131,0,131,302
05/31/2009,SRQ,FL,ASO,ES,Towers with Radar,36,7,53,2,98,0,1,113,0,114,36,8,166,2,212,76,0,76,288
06/01/2009,SRQ,FL,ASO,ES,Towers with Radar,40,10,68,0,118,0,22,113,0,135,40,32,181,0,253,168,0,168,421
06/02/2009,SRQ,FL,ASO,ES,Towers with Radar,36,3,33,4,76,0,4,76,0,80,36,7,109,4,156,198,4,202,358
06/03/2009,SRQ,FL,ASO,ES,Towers with Radar,34,13,43,0,90,0,11,87,0,98,34,24,130,0,188,94,0,94,282
06/04/2009,SRQ,FL,ASO,ES,Towers with Radar,35,13,59,0,107,0,6,46,0,52,35,19,105,0,159,130,0,130,289
06/05/2009,SRQ,FL,ASO,ES,Towers with Radar,38,9,35,0,82,0,4,57,0,61,38,13,92,0,143,86,0,86,229
06/06/2009,SRQ,FL,ASO,ES,Towers with Radar,35,10,29,0,74,0,2,60,0,62,35,12,89,0,136,146,0,146,282
06/07/2009,SRQ,FL,ASO,ES,Towers with Radar,34,9,38,0,81,0,0,61,0,61,34,9,99,0,142,74,0,74,216
06/08/2009,SRQ,FL,ASO,ES,Towers with Radar,38,5,51,0,94,0,8,59,0,67,38,13,110,0,161,118,0,118,279
06/09/2009,SRQ,FL,ASO,ES,Towers with Radar,34,3,62,0,99,0,5,107,0,112,34,8,169,0,211,98,0,98,309
06/10/2009,SRQ,FL,ASO,ES,Towers with Radar,33,11,54,0,98,0,8,118,0,126,33,19,172,0,224,125,2,127,351
06/11/2009,SRQ,FL,ASO,ES,Towers with Radar,33,9,54,4,100,0,22,113,4,139,33,31,167,8,239,126,0,126,365
06/12/2009,SRQ,FL,ASO,ES,Towers with Radar,33,9,55,0,97,0,6,102,0,108,33,15,157,0,205,56,0,56,261
06/13/2009,SRQ,FL,ASO,ES,Towers with Radar,32,7,49,1,89,0,10,98,2,110,32,17,147,3,199,42,0,42,241
06/14/2009,SRQ,FL,ASO,ES,Towers with Radar,34,7,38,1,80,0,1,72,0,73,34,8,110,1,153,84,0,84,237
06/15/2009,SRQ,FL,ASO,ES,Towers with Radar,32,6,41,5,84,0,8,67,5,80,32,14,108,10,164,86,0,86,250
06/16/2009,SRQ,FL,ASO,ES,Towers with Radar,36,7,38,3,84,0,14,112,0,126,36,21,150,3,210,130,4,134,344
06/17/2009,SRQ,FL,ASO,ES,Towers with Radar,33,9,45,0,87,0,0,94,0,94,33,9,139,0,181,78,0,78,259
06/18/2009,SRQ,FL,ASO,ES,Towers with Radar,37,9,57,0,103,0,4,64,0,68,37,13,121,0,171,78,0,78,249
06/19/2009,SRQ,FL,ASO,ES,Towers with Radar,34,6,61,0,101,0,5,96,0,101,34,11,157,0,202,86,0,86,288
06/20/2009,SRQ,FL,ASO,ES,Towers with Radar,34,8,35,0,77,0,7,143,0,150,34,15,178,0,227,178,0,178,405
06/21/2009,SRQ,FL,ASO,ES,Towers with Radar,34,12,43,0,89,0,0,51,0,51,34,12,94,0,140,68,0,68,208
06/22/2009,SRQ,FL,ASO,ES,Towers with Radar,33,13,56,0,102,0,12,78,1,91,33,25,134,1,193,68,0,68,261
06/23/2009,SRQ,FL,ASO,ES,Towers with Radar,35,16,40,6,97,0,14,58,0,72,35,30,98,6,169,126,2,128,297
06/24/2009,SRQ,FL,ASO,ES,Towers with Radar,34,11,64,0,109,0,8,92,0,100,34,19,156,0,209,120,0,120,329
06/25/2009,SRQ,FL,ASO,ES,Towers with Radar,34,8,82,0,124,0,10,84,0,94,34,18,166,0,218,86,0,86,304
06/26/2009,SRQ,FL,ASO,ES,Towers with Radar,38,12,39,0,89,0,0,28,0,28,38,12,67,0,117,32,0,32,149
06/27/2009,SRQ,FL,ASO,ES,Towers with Radar,34,9,50,2,95,0,0,57,0,57,34,9,107,2,152,156,0,156,308
06/28/2009,SRQ,FL,ASO,ES,Towers with Radar,34,14,45,0,93,0,0,58,0,58,34,14,103,0,151,90,0,90,241
06/29/2009,SRQ,FL,ASO,ES,Towers with Radar,34,8,37,1,80,0,3,40,3,46,34,11,77,4,126,122,0,122,248
06/30/2009,SRQ,FL,ASO,ES,Towers with Radar,34,15,34,2,85,0,6,50,0,56,34,21,84,2,141,54,4,58,199
07/01/2009,SRQ,FL,ASO,ES,Towers with Radar,32,6,56,2,96,0,1,19,0,20,32,7,75,2,116,26,0,26,142
07/02/2009,SRQ,FL,ASO,ES,Towers with Radar,35,13,53,1,102,0,12,43,0,55,35,25,96,1,157,122,0,122,279
07/03/2009,SRQ,FL,ASO,ES,Towers with Radar,32,7,53,0,92,0,9,92,0,101,32,16,145,0,193,84,0,84,277
07/04/2009,SRQ,FL,ASO,ES,Towers with Radar,29,6,28,0,63,0,3,67,0,70,29,9,95,0,133,24,0,24,157
07/05/2009,SRQ,FL,ASO,ES,Towers with Radar,29,14,45,1,89,0,3,149,0,152,29,17,194,1,241,54,0,54,295
07/06/2009,SRQ,FL,ASO,ES,Towers with Radar,33,14,48,2,97,0,0,76,1,77,33,14,124,3,174,46,14,60,234
07/07/2009,SRQ,FL,ASO,ES,Towers with Radar,36,4,44,0,84,0,5,61,0,66,36,9,105,0,150,112,0,112,262
07/08/2009,SRQ,FL,ASO,ES,Towers with Radar,34,6,49,12,101,0,10,78,0,88,34,16,127,12,189,160,18,178,367
07/09/2009,SRQ,FL,ASO,ES,Towers with Radar,34,8,48,0,90,0,2,62,0,64,34,10,110,0,154,40,0,40,194
07/10/2009,SRQ,FL,ASO,ES,Towers with Radar,36,7,70,0,113,0,10,75,0,85,36,17,145,0,198,64,0,64,262
07/11/2009,SRQ,FL,ASO,ES,Towers with Radar,33,11,33,2,79,0,3,93,0,96,33,14,126,2,175,136,4,140,315
07/12/2009,SRQ,FL,ASO,ES,Towers with Radar,30,14,47,0,91,0,2,50,0,52,30,16,97,0,143,22,0,22,165
07/13/2009,SRQ,FL,ASO,ES,Towers with Radar,32,9,45,12,98,0,18,78,1,97,32,27,123,13,195,68,10,78,273
07/14/2009,SRQ,FL,ASO,ES,Towers with Radar,33,10,55,1,99,0,6,89,1,96,33,16,144,2,195,164,0,164,359
07/15/2009,SRQ,FL,ASO,ES,Towers with Radar,37,13,41,0,91,0,6,110,0,116,37,19,151,0,207,176,0,176,383
07/16/2009,SRQ,FL,ASO,ES,Towers with Radar,34,10,54,0,98,0,13,95,0,108,34,23,149,0,206,68,0,68,274
07/17/2009,SRQ,FL,ASO,ES,Towers with Radar,31,11,45,0,87,0,10,94,0,104,31,21,139,0,191,118,0,118,309
07/18/2009,SRQ,FL,ASO,ES,Towers with Radar,34,7,31,0,72,0,6,142,0,148,34,13,173,0,220,76,0,76,296
07/19/2009,SRQ,FL,ASO,ES,Towers with Radar,28,15,27,8,78,0,0,41,0,41,28,15,68,8,119,62,10,72,191
07/20/2009,SRQ,FL,ASO,ES,Towers with Radar,34,5,41,0,80,0,2,57,0,59,34,7,98,0,139,76,0,76,215
07/21/2009,SRQ,FL,ASO,ES,Towers with Radar,35,5,40,0,80,0,3,74,3,80,35,8,114,3,160,50,2,52,212
07/22/2009,SRQ,FL,ASO,ES,Towers with Radar,34,6,47,14,101,0,12,108,0,120,34,18,155,14,221,130,12,142,363
07/23/2009,SRQ,FL,ASO,ES,Towers with Radar,33,6,38,0,77,0,7,90,2,99,33,13,128,2,176,39,0,39,215
07/24/2009,SRQ,FL,ASO,ES,Towers with Radar,35,9,61,8,113,0,6,82,4,92,35,15,143,12,205,80,8,88,293
07/25/2009,SRQ,FL,ASO,ES,Towers with Radar,31,12,41,0,84,0,2,110,0,112,31,14,151,0,196,90,0,90,286
07/26/2009,SRQ,FL,ASO,ES,Towers with Radar,33,11,48,0,92,0,3,45,0,48,33,14,93,0,140,72,0,72,212
07/27/2009,SRQ,FL,ASO,ES,Towers with Radar,30,8,43,0,81,0,4,62,1,67,30,12,105,1,148,18,6,24,172
07/28/2009,SRQ,FL,ASO,ES,Towers with Radar,35,6,37,0,78,0,6,92,0,98,35,12,129,0,176,54,0,54,230
07/29/2009,SRQ,FL,ASO,ES,Towers with Radar,33,6,31,8,78,0,9,90,0,99,33,15,121,8,177,98,2,100,277
07/30/2009,SRQ,FL,ASO,ES,Towers with Radar,46,5,23,4,78,0,6,57,2,65,46,11,80,6,143,48,0,48,191
07/31/2009,SRQ,FL,ASO,ES,Towers with Radar,33,13,60,4,110,0,8,66,2,76,33,21,126,6,186,90,12,102,288
08/01/2009,SRQ,FL,ASO,ES,Towers with Radar,31,12,29,0,72,0,5,112,0,117,31,17,141,0,189,120,0,120,309
08/02/2009,SRQ,FL,ASO,ES,Towers with Radar,30,10,39,1,80,0,1,60,1,62,30,11,99,2,142,28,0,28,170
08/03/2009,SRQ,FL,ASO,ES,Towers with Radar,34,7,50,0,91,0,2,85,0,87,34,9,135,0,178,138,0,138,316
08/04/2009,SRQ,FL,ASO,ES,Towers with Radar,34,5,44,4,87,0,11,80,0,91,34,16,124,4,178,94,4,98,276
08/05/2009,SRQ,FL,ASO,ES,Towers with Radar,34,3,59,2,98,0,12,96,0,108,34,15,155,2,206,113,6,119,325
08/06/2009,SRQ,FL,ASO,ES,Towers with Radar,34,3,58,0,95,0,3,59,0,62,34,6,117,0,157,50,0,50,207
08/07/2009,SRQ,FL,ASO,ES,Towers with Radar,32,10,53,0,95,0,1,66,0,67,32,11,119,0,162,120,0,120,282
08/08/2009,SRQ,FL,ASO,ES,Towers with Radar,32,11,24,0,67,0,3,94,0,97,32,14,118,0,164,126,0,126,290
08/09/2009,SRQ,FL,ASO,ES,Towers with Radar,31,12,37,0,80,0,0,68,0,68,31,12,105,0,148,20,0,20,168
08/10/2009,SRQ,FL,ASO,ES,Towers with Radar,34,7,29,2,72,0,4,63,0,67,34,11,92,2,139,24,0,24,163
08/11/2009,SRQ,FL,ASO,ES,Towers with Radar,33,7,35,8,83,0,3,79,0,82,33,10,114,8,165,74,8,82,247
08/12/2009,SRQ,FL,ASO,ES,Towers with Radar,29,6,54,4,93,0,0,80,0,80,29,6,134,4,173,48,8,56,229
08/13/2009,SRQ,FL,ASO,ES,Towers with Radar,37,15,46,0,98,0,2,76,0,78,37,17,122,0,176,94,0,94,270
08/14/2009,SRQ,FL,ASO,ES,Towers with Radar,34,11,58,4,107,0,0,83,0,83,34,11,141,4,190,104,4,108,298
08/15/2009,SRQ,FL,ASO,ES,Towers with Radar,32,7,27,0,66,0,1,102,0,103,32,8,129,0,169,62,0,62,231
08/16/2009,SRQ,FL,ASO,ES,Towers with Radar,30,11,34,0,75,0,2,44,0,46,30,13,78,0,121,44,0,44,165
08/17/2009,SRQ,FL,ASO,ES,Towers with Radar,34,7,28,0,69,0,0,55,0,55,34,7,83,0,124,52,0,52,176
08/18/2009,SRQ,FL,ASO,ES,Towers with Radar,31,10,51,4,96,0,4,75,0,79,31,14,126,4,175,32,4,36,211
08/19/2009,SRQ,FL,ASO,ES,Towers with Radar,30,6,39,0,75,0,1,96,0,97,30,7,135,0,172,26,0,26,198
08/20/2009,SRQ,FL,ASO,ES,Towers with Radar,30,9,48,1,88,0,0,75,3,78,30,9,123,4,166,104,2,106,272
08/21/2009,SRQ,FL,ASO,ES,Towers with Radar,30,7,37,0,74,0,0,78,0,78,30,7,115,0,152,116,0,116,268
08/22/2009,SRQ,FL,ASO,ES,Towers with Radar,26,7,37,7,77,0,1,95,2,98,26,8,132,9,175,164,0,164,339
08/23/2009,SRQ,FL,ASO,ES,Towers with Radar,27,11,53,1,92,0,6,77,3,86,27,17,130,4,178,38,0,38,216
08/24/2009,SRQ,FL,ASO,ES,Towers with Radar,30,10,32,0,72,0,4,75,0,79,30,14,107,0,151,102,0,102,253
08/25/2009,SRQ,FL,ASO,ES,Towers with Radar,29,5,33,1,68,0,4,75,0,79,29,9,108,1,147,78,0,78,225
08/26/2009,SRQ,FL,ASO,ES,Towers with Radar,35,8,44,7,94,0,3,82,6,91,35,11,126,13,185,92,12,104,289
08/27/2009,SRQ,FL,ASO,ES,Towers with Radar,32,6,50,2,90,0,4,94,0,98,32,10,144,2,188,204,2,206,394
08/28/2009,SRQ,FL,ASO,ES,Towers with Radar,29,11,50,2,92,0,2,74,0,76,29,13,124,2,168,164,0,164,332
08/29/2009,SRQ,FL,ASO,ES,Towers with Radar,29,12,26,2,69,0,8,79,0,87,29,20,105,2,156,120,0,120,276
08/30/2009,SRQ,FL,ASO,ES,Towers with Radar,28,7,27,0,62,0,3,85,0,88,28,10,112,0,150,50,0,50,200
08/31/2009,SRQ,FL,ASO,ES,Towers with Radar,31,4,31,4,70,0,8,60,0,68,31,12,91,4,138,34,4,38,176
09/01/2009,SRQ,FL,ASO,ES,Towers with Radar,33,5,40,0,78,0,9,57,0,66,33,14,97,0,144,24,0,24,168
09/02/2009,SRQ,FL,ASO,ES,Towers with Radar,32,12,33,4,81,0,9,34,0,43,32,21,67,4,124,58,0,58,182
09/03/2009,SRQ,FL,ASO,ES,Towers with Radar,31,8,39,0,78,0,7,47,0,54,31,15,86,0,132,112,0,112,244
09/04/2009,SRQ,FL,ASO,ES,Towers with Radar,32,14,56,0,102,0,7,134,0,141,32,21,190,0,243,229,0,229,472
09/05/2009,SRQ,FL,ASO,ES,Towers with Radar,24,6,19,0,49,0,5,91,0,96,24,11,110,0,145,116,0,116,261
09/06/2009,SRQ,FL,ASO,ES,Towers with Radar,25,11,27,10,73,0,3,59,0,62,25,14,86,10,135,36,12,48,183
09/07/2009,SRQ,FL,ASO,ES,Towers with Radar,31,10,42,0,83,0,2,65,1,68,31,12,107,1,151,102,0,102,253
09/08/2009,SRQ,FL,ASO,ES,Towers with Radar,29,6,55,0,90,0,4,78,0,82,29,10,133,0,172,52,0,52,224
09/09/2009,SRQ,FL,ASO,ES,Towers with Radar,23,6,41,0,70,0,7,97,1,105,23,13,138,1,175,282,0,282,457
09/10/2009,SRQ,FL,ASO,ES,Towers with Radar,24,8,45,0,77,0,0,109,0,109,24,8,154,0,186,146,0,146,332
09/11/2009,SRQ,FL,ASO,ES,Towers with Radar,24,11,35,0,70,0,0,96,0,96,24,11,131,0,166,90,0,90,256
09/12/2009,SRQ,FL,ASO,ES,Towers with Radar,22,10,9,0,41,0,0,4,0,4,22,10,13,0,45,0,0,0,45
09/13/2009,SRQ,FL,ASO,ES,Towers with Radar,22,11,27,0,60,0,2,45,0,47,22,13,72,0,107,60,0,60,167
09/14/2009,SRQ,FL,ASO,ES,Towers with Radar,24,13,39,6,82,0,4,79,0,83,24,17,118,6,165,87,6,93,258
09/15/2009,SRQ,FL,ASO,ES,Towers with Radar,25,12,56,2,95,0,2,58,0,60,25,14,114,2,155,174,0,174,329
09/16/2009,SRQ,FL,ASO,ES,Towers with Radar,24,10,44,0,78,0,5,75,2,82,24,15,119,2,160,76,0,76,236
09/17/2009,SRQ,FL,ASO,ES,Towers with Radar,24,14,51,2,91,0,7,100,0,107,24,21,151,2,198,92,2,94,292
09/18/2009,SRQ,FL,ASO,ES,Towers with Radar,24,12,64,8,108,0,4,70,2,76,24,16,134,10,184,86,8,94,278
09/19/2009,SRQ,FL,ASO,ES,Towers with Radar,22,16,30,8,76,0,7,110,0,117,22,23,140,8,193,36,4,40,233
09/20/2009,SRQ,FL,ASO,ES,Towers with Radar,23,16,36,15,90,0,0,69,1,70,23,16,105,16,160,34,14,48,208
09/21/2009,SRQ,FL,ASO,ES,Towers with Radar,23,11,28,4,66,0,8,105,0,113,23,19,133,4,179,97,10,107,286
09/22/2009,SRQ,FL,ASO,ES,Towers with Radar,24,5,33,1,63,0,2,72,1,75,24,7,105,2,138,126,10,136,274
09/23/2009,SRQ,FL,ASO,ES,Towers with Radar,24,5,39,0,68,0,11,84,0,95,24,16,123,0,163,88,0,88,251
09/24/2009,SRQ,FL,ASO,ES,Towers with Radar,23,4,54,4,85,0,8,81,0,89,23,12,135,4,174,50,0,50,224
09/25/2009,SRQ,FL,ASO,ES,Towers with Radar,24,10,33,2,69,0,19,90,1,110,24,29,123,3,179,36,2,38,217
09/26/2009,SRQ,FL,ASO,ES,Towers with Radar,22,13,22,0,57,0,0,95,1,96,22,13,117,1,153,138,0,138,291
09/27/2009,SRQ,FL,ASO,ES,Towers with Radar,21,9,34,10,74,0,0,57,0,57,21,9,91,10,131,48,12,60,191
09/28/2009,SRQ,FL,ASO,ES,Towers with Radar,26,8,46,0,80,0,2,87,0,89,26,10,133,0,169,112,0,112,281
09/29/2009,SRQ,FL,ASO,ES,Towers with Radar,25,9,49,5,88,0,5,91,1,97,25,14,140,6,185,84,8,92,277
09/30/2009,SRQ,FL,ASO,ES,Towers with Radar,24,22,67,0,113,0,1,117,0,118,24,23,184,0,231,46,0,46,277
10/01/2009,SRQ,FL,ASO,ES,Towers with Radar,26,13,54,2,95,0,4,113,7,124,26,17,167,9,219,64,10,74,293
10/02/2009,SRQ,FL,ASO,ES,Towers with Radar,28,5,61,4,98,0,6,119,1,126,28,11,180,5,224,80,6,86,310
10/03/2009,SRQ,FL,ASO,ES,Towers with Radar,26,2,27,0,55,0,6,99,1,106,26,8,126,1,161,44,0,44,205
10/04/2009,SRQ,FL,ASO,ES,Towers with Radar,31,8,37,6,82,0,0,77,0,77,31,8,114,6,159,44,0,44,203
10/05/2009,SRQ,FL,ASO,ES,Towers with Radar,28,5,37,6,76,0,0,56,2,58,28,5,93,8,134,6,6,12,146
10/06/2009,SRQ,FL,ASO,ES,Towers with Radar,30,6,40,2,78,0,7,82,0,89,30,13,122,2,167,58,2,60,227
10/07/2009,SRQ,FL,ASO,ES,Towers with Radar,30,4,54,8,96,0,1,83,0,84,30,5,137,8,180,38,10,48,228
10/08/2009,SRQ,FL,ASO,ES,Towers with Radar,32,13,54,0,99,0,0,103,0,103,32,13,157,0,202,26,0,26,228
10/09/2009,SRQ,FL,ASO,ES,Towers with Radar,32,11,73,5,121,0,4,107,2,113,32,15,180,7,234,56,2,58,292
10/10/2009,SRQ,FL,ASO,ES,Towers with Radar,29,8,36,0,73,0,8,71,0,79,29,16,107,0,152,46,0,46,198
10/11/2009,SRQ,FL,ASO,ES,Towers with Radar,30,19,50,1,100,0,0,75,1,76,30,19,125,2,176,60,0,60,236
10/12/2009,SRQ,FL,ASO,ES,Towers with Radar,32,16,62,5,115,0,10,107,0,117,32,26,169,5,232,54,12,66,298
10/13/2009,SRQ,FL,ASO,ES,Towers with Radar,32,3,50,2,87,0,13,106,4,123,32,16,156,6,210,78,8,86,296
10/14/2009,SRQ,FL,ASO,ES,Towers with Radar,34,8,49,4,95,0,1,87,0,88,34,9,136,4,183,148,4,152,335
10/15/2009,SRQ,FL,ASO,ES,Towers with Radar,31,12,36,5,84,0,0,78,1,79,31,12,114,6,163,60,6,66,229
10/16/2009,SRQ,FL,ASO,ES,Towers with Radar,32,10,39,0,81,0,4,34,0,38,32,14,73,0,119,34,0,34,153
10/17/2009,SRQ,FL,ASO,ES,Towers with Radar,28,8,51,3,90,0,0,79,3,82,28,8,130,6,172,134,0,134,306
10/18/2009,SRQ,FL,ASO,ES,Towers with Radar,32,14,46,10,102,0,0,54,0,54,32,14,100,10,156,62,0,62,218
10/19/2009,SRQ,FL,ASO,ES,Towers with Radar,30,9,47,5,91,0,2,59,6,67,30,11,106,11,158,112,0,112,270
10/20/2009,SRQ,FL,ASO,ES,Towers with Radar,30,14,45,0,89,0,11,79,0,90,30,25,124,0,179,66,0,66,245
10/21/2009,SRQ,FL,ASO,ES,Towers with Radar,32,11,47,2,92,0,7,110,0,117,32,18,157,2,209,58,0,58,267
10/22/2009,SRQ,FL,ASO,ES,Towers with Radar,32,9,52,0,93,0,12,72,0,84,32,21,124,0,177,36,0,36,213
10/23/2009,SRQ,FL,ASO,ES,Towers with Radar,30,28,47,4,109,0,16,101,1,118,30,44,148,5,227,74,4,78,305
10/24/2009,SRQ,FL,ASO,ES,Towers with Radar,30,5,36,5,76,0,2,110,0,112,30,7,146,5,188,106,0,106,294
10/25/2009,SRQ,FL,ASO,ES,Towers with Radar,32,21,45,0,98,0,0,61,0,61,32,21,106,0,159,40,0,40,199
10/26/2009,SRQ,FL,ASO,ES,Towers with Radar,43,21,62,7,133,0,2,70,0,72,43,23,132,7,205,91,0,91,296
10/27/2009,SRQ,FL,ASO,ES,Towers with Radar,31,15,31,10,87,0,14,26,3,43,31,29,57,13,130,42,7,49,179
10/28/2009,SRQ,FL,ASO,ES,Towers with Radar,32,8,53,15,108,0,4,89,0,93,32,12,142,15,201,166,14,180,381
10/29/2009,SRQ,FL,ASO,ES,Towers with Radar,32,15,79,10,136,0,9,99,0,108,32,24,178,10,244,64,6,70,314
10/30/2009,SRQ,FL,ASO,ES,Towers with Radar,29,16,70,2,117,0,1,104,0,105,29,17,174,2,222,104,0,104,326
10/31/2009,SRQ,FL,ASO,ES,Towers with Radar,28,9,45,0,82,0,1,125,0,126,28,10,170,0,208,144,0,144,352
11/01/2009,SRQ,FL,ASO,ES,Towers with Radar,33,20,49,0,102,0,0,69,0,69,33,20,118,0,171,22,0,22,193
11/02/2009,SRQ,FL,ASO,ES,Towers with Radar,30,15,54,1,100,0,8,53,1,62,30,23,107,2,162,48,0,48,210
11/03/2009,SRQ,FL,ASO,ES,Towers with Radar,31,12,54,11,108,0,11,101,0,112,31,23,155,11,220,138,0,138,358
11/04/2009,SRQ,FL,ASO,ES,Towers with Radar,32,17,44,5,98,0,19,101,6,126,32,36,145,11,224,90,2,92,316
11/05/2009,SRQ,FL,ASO,ES,Towers with Radar,36,24,67,9,136,0,9,96,11,116,36,33,163,20,252,138,56,194,446
11/06/2009,SRQ,FL,ASO,ES,Towers with Radar,36,16,44,10,106,0,13,99,16,128,36,29,143,26,234,88,18,106,340
11/07/2009,SRQ,FL,ASO,ES,Towers with Radar,34,9,33,0,76,0,7,82,7,96,34,16,115,7,172,58,0,58,230
11/08/2009,SRQ,FL,ASO,ES,Towers with Radar,38,13,48,4,103,0,4,40,0,44,38,17,88,4,147,6,8,14,161
11/09/2009,SRQ,FL,ASO,ES,Towers with Radar,34,14,65,0,113,0,9,71,1,81,34,23,136,1,194,20,0,20,214
11/10/2009,SRQ,FL,ASO,ES,Towers with Radar,30,15,20,0,65,0,6,43,0,49,30,21,63,0,114,55,0,55,169
11/11/2009,SRQ,FL,ASO,ES,Towers with Radar,34,20,73,0,127,0,0,37,0,37,34,20,110,0,164,59,0,59,223
11/12/2009,SRQ,FL,ASO,ES,Towers with Radar,36,24,87,6,153,0,11,54,5,70,36,35,141,11,223,126,4,130,353
11/13/2009,SRQ,FL,ASO,ES,Towers with Radar,36,21,44,5,106,0,12,165,4,181,36,33,209,9,287,170,6,176,463
11/14/2009,SRQ,FL,ASO,ES,Towers with Radar,36,6,46,5,93,0,0,123,7,130,36,6,169,12,223,170,0,170,393
11/15/2009,SRQ,FL,ASO,ES,Towers with Radar,38,10,65,1,114,0,6,128,3,137,38,16,193,4,251,84,0,84,335
11/16/2009,SRQ,FL,ASO,ES,Towers with Radar,35,20,62,2,119,0,8,111,3,122,35,28,173,5,241,76,0,76,317
11/17/2009,SRQ,FL,ASO,ES,Towers with Radar,31,11,67,2,111,0,8,136,2,146,31,19,203,4,257,92,0,92,349
11/18/2009,SRQ,FL,ASO,ES,Towers with Radar,34,24,54,0,112,0,20,135,0,155,34,44,189,0,267,100,0,100,367
11/19/2009,SRQ,FL,ASO,ES,Towers with Radar,40,14,64,0,118,0,16,103,0,119,40,30,167,0,237,74,0,74,311
11/20/2009,SRQ,FL,ASO,ES,Towers with Radar,38,15,87,0,140,0,11,90,0,101,38,26,177,0,241,130,0,130,371
11/21/2009,SRQ,FL,ASO,ES,Towers with Radar,36,9,58,0,103,0,0,155,0,155,36,9,213,0,258,180,0,180,438
11/22/2009,SRQ,FL,ASO,ES,Towers with Radar,42,24,53,0,119,0,3,64,0,67,42,27,117,0,186,36,0,36,222
11/23/2009,SRQ,FL,ASO,ES,Towers with Radar,36,9,65,0,110,0,4,118,0,122,36,13,183,0,232,190,0,190,422
11/24/2009,SRQ,FL,ASO,ES,Towers with Radar,43,20,79,4,146,0,13,44,1,58,43,33,123,5,204,109,0,109,313
11/25/2009,SRQ,FL,ASO,ES,Towers with Radar,40,20,62,0,122,0,0,4,0,4,40,20,66,0,126,4,0,4,130
11/26/2009,SRQ,FL,ASO,ES,Towers with Radar,28,5,26,0,59,0,4,23,0,27,28,9,49,0,86,10,0,10,96
11/27/2009,SRQ,FL,ASO,ES,Towers with Radar,32,21,53,0,106,0,3,138,0,141,32,24,191,0,247,68,0,68,315
11/28/2009,SRQ,FL,ASO,ES,Towers with Radar,38,13,52,0,103,0,0,110,0,110,38,13,162,0,213,102,0,102,315
11/29/2009,SRQ,FL,ASO,ES,Towers with Radar,38,34,104,0,176,0,2,99,0,101,38,36,203,0,277,56,0,56,333
11/30/2009,SRQ,FL,ASO,ES,Towers with Radar,38,18,69,7,132,0,2,96,3,101,38,20,165,10,233,102,6,108,341
12/01/2009,SRQ,FL,ASO,ES,Towers with Radar,36,18,49,0,103,1,5,111,3,120,37,23,160,3,223,60,0,60,283
12/02/2009,SRQ,FL,ASO,ES,Towers with Radar,38,13,27,0,78,0,0,19,4,23,38,13,46,4,101,6,6,12,113
12/03/2009,SRQ,FL,ASO,ES,Towers with Radar,38,18,57,3,116,0,3,43,13,59,38,21,100,16,175,36,32,68,243
12/04/2009,SRQ,FL,ASO,ES,Towers with Radar,38,19,47,1,105,0,1,22,0,23,38,20,69,1,128,94,4,98,226
12/05/2009,SRQ,FL,ASO,ES,Towers with Radar,36,6,30,0,72,0,0,18,0,18,36,6,48,0,90,54,0,54,144
12/06/2009,SRQ,FL,ASO,ES,Towers with Radar,40,18,47,0,105,0,0,114,0,114,40,18,161,0,219,116,0,116,335
12/07/2009,SRQ,FL,ASO,ES,Towers with Radar,31,21,108,2,162,0,4,35,0,39,31,25,143,2,201,42,0,42,243
12/08/2009,SRQ,FL,ASO,ES,Towers with Radar,35,12,55,21,123,0,12,114,0,126,35,24,169,21,249,84,14,98,347
12/09/2009,SRQ,FL,ASO,ES,Towers with Radar,40,14,80,0,134,0,0,3,0,3,40,14,83,0,137,16,0,16,153
12/10/2009,SRQ,FL,ASO,ES,Towers with Radar,40,21,70,6,137,0,4,34,0,38,40,25,104,6,175,12,0,12,187
12/11/2009,SRQ,FL,ASO,ES,Towers with Radar,38,23,87,5,153,0,8,56,1,65,38,31,143,6,218,50,0,50,268
12/12/2009,SRQ,FL,ASO,ES,Towers with Radar,36,8,38,6,88,0,0,106,6,112,36,8,144,12,200,60,0,60,260
12/13/2009,SRQ,FL,ASO,ES,Towers with Radar,39,14,42,0,95,0,1,80,0,81,39,15,122,0,176,164,0,164,340
12/14/2009,SRQ,FL,ASO,ES,Towers with Radar,31,18,59,8,116,0,6,69,1,76,31,24,128,9,192,64,4,68,260
12/15/2009,SRQ,FL,ASO,ES,Towers with Radar,35,11,55,7,108,0,29,111,7,147,35,40,166,14,255,186,0,186,441
12/16/2009,SRQ,FL,ASO,ES,Towers with Radar,38,10,75,2,125,0,14,79,0,93,38,24,154,2,218,66,2,68,286
12/17/2009,SRQ,FL,ASO,ES,Towers with Radar,40,13,57,6,116,0,10,72,1,83,40,23,129,7,199,76,0,76,275
12/18/2009,SRQ,FL,ASO,ES,Towers with Radar,39,13,46,6,104,0,0,7,2,9,39,13,53,8,113,0,0,0,113
12/19/2009,SRQ,FL,ASO,ES,Towers with Radar,40,9,58,0,107,0,0,114,0,114,40,9,172,0,221,112,0,112,333
12/20/2009,SRQ,FL,ASO,ES,Towers with Radar,38,13,34,0,85,0,3,61,0,64,38,16,95,0,149,52,0,52,201
12/21/2009,SRQ,FL,ASO,ES,Towers with Radar,48,11,58,0,117,0,10,119,0,129,48,21,177,0,246,110,0,110,356
12/22/2009,SRQ,FL,ASO,ES,Towers with Radar,45,19,43,0,107,0,8,134,2,144,45,27,177,2,251,68,2,70,321
12/23/2009,SRQ,FL,ASO,ES,Towers with Radar,46,18,62,0,126,0,0,141,0,141,46,18,203,0,267,64,0,64,331
12/24/2009,SRQ,FL,ASO,ES,Towers with Radar,43,11,25,3,82,14,0,59,0,73,57,11,84,3,155,16,24,40,195
12/25/2009,SRQ,FL,ASO,ES,Towers with Radar,40,12,9,0,61,0,1,9,0,10,40,13,18,0,71,0,0,0,71
12/26/2009,SRQ,FL,ASO,ES,Towers with Radar,44,30,82,0,156,0,2,97,0,99,44,32,179,0,255,40,0,40,295
12/27/2009,SRQ,FL,ASO,ES,Towers with Radar,45,32,81,0,158,0,0,67,0,67,45,32,148,0,225,46,0,46,271
12/28/2009,SRQ,FL,ASO,ES,Towers with Radar,48,36,57,0,141,0,1,81,0,82,48,37,138,0,223,78,0,78,301
12/29/2009,SRQ,FL,ASO,ES,Towers with Radar,48,22,87,4,161,0,4,115,4,123,48,26,202,8,284,150,0,150,434
12/30/2009,SRQ,FL,ASO,ES,Towers with Radar,47,27,96,0,170,0,0,162,0,162,47,27,258,0,332,150,0,150,482
12/31/2009,SRQ,FL,ASO,ES,Towers with Radar,45,22,39,0,106,0,9,133,0,142,45,31,172,0,248,160,0,160,408
01/01/2010,SRQ,FL,ASO,ES,Towers with Radar,40,16,20,0,76,0,4,10,0,14,40,20,30,0,90,2,0,2,92
01/02/2010,SRQ,FL,ASO,ES,Towers with Radar,42,26,65,0,133,0,10,140,0,150,42,36,205,0,283,46,0,46,329
01/03/2010,SRQ,FL,ASO,ES,Towers with Radar,45,28,83,0,156,0,3,73,1,77,45,31,156,1,233,60,0,60,293
01/04/2010,SRQ,FL,ASO,ES,Towers with Radar,42,15,43,0,100,0,5,107,0,112,42,20,150,0,212,86,0,86,298
01/05/2010,SRQ,FL,ASO,ES,Towers with Radar,48,18,56,4,126,0,7,101,3,111,48,25,157,7,237,59,4,63,300
01/06/2010,SRQ,FL,ASO,ES,Towers with Radar,47,16,64,0,127,0,0,121,2,123,47,16,185,2,250,80,0,80,330
01/07/2010,SRQ,FL,ASO,ES,Towers with Radar,45,19,42,2,108,0,3,134,2,139,45,22,176,4,247,110,4,114,361
01/08/2010,SRQ,FL,ASO,ES,Towers with Radar,46,22,71,9,148,0,0,45,0,45,46,22,116,9,193,56,2,58,251
01/09/2010,SRQ,FL,ASO,ES,Towers with Radar,46,8,25,0,79,0,0,8,0,8,46,8,33,0,87,4,0,4,91
01/10/2010,SRQ,FL,ASO,ES,Towers with Radar,46,14,38,2,100,0,1,71,0,72,46,15,109,2,172,34,0,34,206
01/11/2010,SRQ,FL,ASO,ES,Towers with Radar,47,12,45,10,114,0,6,99,3,108,47,18,144,13,222,150,6,156,378
01/12/2010,SRQ,FL,ASO,ES,Towers with Radar,47,11,60,0,118,0,6,122,2,130,47,17,182,2,248,78,0,78,326
01/13/2010,SRQ,FL,ASO,ES,Towers with Radar,55,13,58,4,130,0,5,135,3,143,55,18,193,7,273,111,0,111,384
01/14/2010,SRQ,FL,ASO,ES,Towers with Radar,48,11,87,1,147,0,5,138,0,143,48,16,225,1,290,80,0,80,370
01/15/2010,SRQ,FL,ASO,ES,Towers with Radar,50,20,76,0,146,0,1,159,0,160,50,21,235,0,306,70,0,70,376
01/16/2010,SRQ,FL,ASO,ES,Towers with Radar,41,4,35,4,84,0,0,86,0,86,41,4,121,4,170,56,0,56,226
01/17/2010,SRQ,FL,ASO,ES,Towers with Radar,44,16,41,0,101,0,2,64,0,66,44,18,105,0,167,42,0,42,209
01/18/2010,SRQ,FL,ASO,ES,Towers with Radar,48,12,89,0,149,0,6,102,0,108,48,18,191,0,257,92,0,92,349
01/19/2010,SRQ,FL,ASO,ES,Towers with Radar,48,16,66,0,130,0,1,158,0,159,48,17,224,0,289,164,0,164,453
01/20/2010,SRQ,FL,ASO,ES,Towers with Radar,48,14,76,2,140,0,2,158,0,160,48,16,234,2,300,54,0,54,354
01/21/2010,SRQ,FL,ASO,ES,Towers with Radar,46,25,60,0,131,0,1,30,0,31,46,26,90,0,162,20,0,20,182
01/22/2010,SRQ,FL,ASO,ES,Towers with Radar,46,23,68,0,137,0,0,9,0,9,46,23,77,0,146,16,0,16,162
01/23/2010,SRQ,FL,ASO,ES,Towers with Radar,46,15,65,0,126,0,2,82,1,85,46,17,147,1,211,38,0,38,249
01/24/2010,SRQ,FL,ASO,ES,Towers with Radar,43,18,57,0,118,0,3,41,0,44,43,21,98,0,162,10,0,10,172
01/25/2010,SRQ,FL,ASO,ES,Towers with Radar,45,12,81,0,138,0,7,93,0,100,45,19,174,0,238,58,0,58,296
01/26/2010,SRQ,FL,ASO,ES,Towers with Radar,48,19,69,2,138,0,4,196,5,205,48,23,265,7,343,128,4,132,475
01/27/2010,SRQ,FL,ASO,ES,Towers with Radar,48,18,93,0,159,0,0,189,0,189,48,18,282,0,348,82,0,82,430
01/28/2010,SRQ,FL,ASO,ES,Towers with Radar,47,23,71,4,145,0,2,112,0,114,47,25,183,4,259,86,10,96,355
01/29/2010,SRQ,FL,ASO,ES,Towers with Radar,47,10,82,16,155,0,5,82,0,87,47,15,164,16,242,22,4,26,268
01/30/2010,SRQ,FL,ASO,ES,Towers with Radar,44,9,46,0,99,0,3,13,0,16,44,12,59,0,115,4,0,4,119
01/31/2010,SRQ,FL,ASO,ES,Towers with Radar,48,16,72,2,138,0,3,67,2,72,48,19,139,4,210,126,0,126,336
02/01/2010,SRQ,FL,ASO,ES,Towers with Radar,48,11,66,0,125,0,4,51,0,55,48,15,117,0,180,62,0,62,242
02/02/2010,SRQ,FL,ASO,ES,Towers with Radar,50,19,57,4,130,0,2,29,0,31,50,21,86,4,161,16,2,18,179
02/03/2010,SRQ,FL,ASO,ES,Towers with Radar,46,14,78,0,138,0,4,145,0,149,46,18,223,0,287,80,0,80,367
02/04/2010,SRQ,FL,ASO,ES,Towers with Radar,48,14,75,2,139,0,1,147,0,148,48,15,222,2,287,6,0,6,293
02/05/2010,SRQ,FL,ASO,ES,Towers with Radar,47,15,54,2,118,0,2,16,0,18,47,17,70,2,136,4,0,4,140
02/06/2010,SRQ,FL,ASO,ES,Towers with Radar,43,8,70,11,132,0,1,69,5,75,43,9,139,16,207,74,0,74,281
02/07/2010,SRQ,FL,ASO,ES,Towers with Radar,44,23,73,5,145,0,2,105,1,108,44,25,178,6,253,106,0,106,359
02/08/2010,SRQ,FL,ASO,ES,Towers with Radar,48,17,112,0,177,0,3,112,0,115,48,20,224,0,292,156,0,156,448
02/09/2010,SRQ,FL,ASO,ES,Towers with Radar,47,24,35,0,106,0,0,51,0,51,47,24,86,0,157,12,0,12,169
02/10/2010,SRQ,FL,ASO,ES,Towers with Radar,38,22,71,0,131,0,6,111,0,117,38,28,182,0,248,84,0,84,332
02/11/2010,SRQ,FL,ASO,ES,Towers with Radar,49,20,114,15,198,0,3,163,1,167,49,23,277,16,365,78,4,82,447
02/12/2010,SRQ,FL,ASO,ES,Towers with Radar,41,32,63,0,136,0,5,39,0,44,41,37,102,0,180,78,0,78,258
02/13/2010,SRQ,FL,ASO,ES,Towers with Radar,45,17,95,0,157,0,1,83,0,84,45,18,178,0,241,76,0,76,317
02/14/2010,SRQ,FL,ASO,ES,Towers with Radar,55,5,81,0,141,0,1,113,0,114,55,6,194,0,255,111,0,111,366
02/15/2010,SRQ,FL,ASO,ES,Towers with Radar,44,24,92,0,160,0,0,119,0,119,44,24,211,0,279,108,0,108,387
02/16/2010,SRQ,FL,ASO,ES,Towers with Radar,50,27,78,2,157,0,6,117,1,124,50,33,195,3,281,74,0,74,355
02/17/2010,SRQ,FL,ASO,ES,Towers with Radar,52,17,69,0,138,0,7,123,0,130,52,24,192,0,268,52,0,52,320
02/18/2010,SRQ,FL,ASO,ES,Towers with Radar,50,26,80,3,159,0,6,175,3,184,50,32,255,6,343,114,0,114,457
02/19/2010,SRQ,FL,ASO,ES,Towers with Radar,50,18,73,5,146,0,5,148,4,157,50,23,221,9,303,54,0,54,357
02/20/2010,SRQ,FL,ASO,ES,Towers with Radar,55,11,85,0,151,0,0,147,3,150,55,11,232,3,301,150,2,152,453
02/21/2010,SRQ,FL,ASO,ES,Towers with Radar,52,25,98,1,176,0,3,130,0,133,52,28,228,1,309,100,0,100,409
02/22/2010,SRQ,FL,ASO,ES,Towers with Radar,50,29,65,11,155,0,0,55,2,57,50,29,120,13,212,40,0,40,252
02/23/2010,SRQ,FL,ASO,ES,Towers with Radar,48,26,103,5,182,0,4,80,2,86,48,30,183,7,268,110,6,116,384
02/24/2010,SRQ,FL,ASO,ES,Towers with Radar,47,26,88,11,172,0,5,15,0,20,47,31,103,11,192,30,2,32,224
02/25/2010,SRQ,FL,ASO,ES,Towers with Radar,50,15,66,12,143,0,0,72,0,72,50,15,138,12,215,20,24,44,259
02/26/2010,SRQ,FL,ASO,ES,Towers with Radar,48,14,82,0,144,0,4,93,0,97,48,18,175,0,241,133,0,133,374
02/27/2010,SRQ,FL,ASO,ES,Towers with Radar,51,10,41,0,102,0,1,23,0,24,51,11,64,0,126,22,0,22,148
02/28/2010,SRQ,FL,ASO,ES,Towers with Radar,53,16,64,0,133,0,5,175,0,180,53,21,239,0,313,128,0,128,441
03/01/2010,SRQ,FL,ASO,ES,Towers with Radar,48,14,74,0,136,0,4,140,1,145,48,18,214,1,281,72,0,72,353
03/02/2010,SRQ,FL,ASO,ES,Towers with Radar,48,24,42,5,119,0,0,27,0,27,48,24,69,5,146,24,0,24,170
03/03/2010,SRQ,FL,ASO,ES,Towers with Radar,50,24,62,0,136,0,3,58,0,61,50,27,120,0,197,10,0,10,207
03/04/2010,SRQ,FL,ASO,ES,Towers with Radar,49,15,87,2,153,0,0,114,0,114,49,15,201,2,267,58,0,58,325
03/05/2010,SRQ,FL,ASO,ES,Towers with Radar,50,19,87,6,162,0,1,104,0,105,50,20,191,6,267,100,8,108,375
03/06/2010,SRQ,FL,ASO,ES,Towers with Radar,54,11,68,0,133,0,1,154,1,156,54,12,222,1,289,94,0,94,383
03/07/2010,SRQ,FL,ASO,ES,Towers with Radar,50,22,67,0,139,0,0,144,0,144,50,22,211,0,283,88,0,88,371
03/08/2010,SRQ,FL,ASO,ES,Towers with Radar,50,16,83,0,149,0,2,137,2,141,50,18,220,2,290,130,0,130,420
03/09/2010,SRQ,FL,ASO,ES,Towers with Radar,49,13,76,2,140,0,1,130,2,133,49,14,206,4,273,68,0,68,341
03/10/2010,SRQ,FL,ASO,ES,Towers with Radar,49,17,63,6,135,0,6,120,8,134,49,23,183,14,269,44,0,44,313
03/11/2010,SRQ,FL,ASO,ES,Towers with Radar,50,13,51,0,114,0,0,11,1,12,50,13,62,1,126,0,0,0,126
03/12/2010,SRQ,FL,ASO,ES,Towers with Radar,46,26,51,0,123,0,1,14,0,15,46,27,65,0,138,16,0,16,154
03/13/2010,SRQ,FL,ASO,ES,Towers with Radar,51,14,88,0,153,0,7,118,1,126,51,21,206,1,279,144,0,144,423
03/14/2010,SRQ,FL,ASO,ES,Towers with Radar,47,20,88,0,155,0,7,131,0,138,47,27,219,0,293,130,0,130,423
03/15/2010,SRQ,FL,ASO,ES,Towers with Radar,52,10,104,0,166,0,2,123,3,128,52,12,227,3,294,68,0,68,362
03/16/2010,SRQ,FL,ASO,ES,Towers with Radar,50,20,75,0,145,0,2,169,0,171,50,22,244,0,316,178,0,178,494
03/17/2010,SRQ,FL,ASO,ES,Towers with Radar,50,20,89,0,159,0,2,95,0,97,50,22,184,0,256,200,0,200,456
03/18/2010,SRQ,FL,ASO,ES,Towers with Radar,52,20,80,0,152,0,5,147,14,166,52,25,227,14,318,104,30,134,452
03/19/2010,SRQ,FL,ASO,ES,Towers with Radar,50,23,102,0,175,0,9,147,0,156,50,32,249,0,331,130,0,130,461
03/20/2010,SRQ,FL,ASO,ES,Towers with Radar,54,19,82,0,155,0,0,214,0,214,54,19,296,0,369,188,0,188,557
03/21/2010,SRQ,FL,ASO,ES,Towers with Radar,53,13,52,0,118,0,0,9,0,9,53,13,61,0,127,0,0,0,127
03/22/2010,SRQ,FL,ASO,ES,Towers with Radar,50,11,70,12,143,0,3,104,12,119,50,14,174,24,262,36,2,38,300
03/23/2010,SRQ,FL,ASO,ES,Towers with Radar,50,28,54,8,140,1,5,143,0,149,51,33,197,8,289,53,24,77,366
03/24/2010,SRQ,FL,ASO,ES,Towers with Radar,47,17,94,0,158,0,1,117,0,118,47,18,211,0,276,74,0,74,350
03/25/2010,SRQ,FL,ASO,ES,Towers with Radar,48,20,78,0,146,0,2,91,0,93,48,22,169,0,239,82,0,82,321
03/26/2010,SRQ,FL,ASO,ES,Towers with Radar,50,27,91,0,168,0,0,60,0,60,50,27,151,0,228,64,0,64,292
03/27/2010,SRQ,FL,ASO,ES,Towers with Radar,54,24,91,0,169,0,2,130,0,132,54,26,221,0,301,134,0,134,435
03/28/2010,SRQ,FL,ASO,ES,Towers with Radar,55,16,56,2,129,0,5,48,0,53,55,21,104,2,182,28,0,28,210
03/29/2010,SRQ,FL,ASO,ES,Towers with Radar,48,23,62,0,133,0,6,25,0,31,48,29,87,0,164,4,0,4,168
03/30/2010,SRQ,FL,ASO,ES,Towers with Radar,51,31,63,3,148,0,17,123,5,145,51,48,186,8,293,42,8,50,343
03/31/2010,SRQ,FL,ASO,ES,Towers with Radar,52,29,103,3,187,0,3,191,1,195,52,32,294,4,382,102,0,102,484
04/01/2010,SRQ,FL,ASO,ES,Towers with Radar,50,39,98,7,194,0,10,125,0,135,50,49,223,7,329,76,2,78,407
04/02/2010,SRQ,FL,ASO,ES,Towers with Radar,52,38,88,0,178,0,0,157,2,159,52,38,245,2,337,146,0,146,483
04/03/2010,SRQ,FL,ASO,ES,Towers with Radar,56,14,80,0,150,0,0,185,0,185,56,14,265,0,335,64,0,64,399
04/04/2010,SRQ,FL,ASO,ES,Towers with Radar,52,24,50,0,126,0,1,41,0,42,52,25,91,0,168,14,0,14,182
04/05/2010,SRQ,FL,ASO,ES,Towers with Radar,50,14,92,0,156,0,3,126,0,129,50,17,218,0,285,34,0,34,319
04/06/2010,SRQ,FL,ASO,ES,Towers with Radar,44,21,64,1,130,0,5,128,0,133,44,26,192,1,263,50,0,50,313
04/07/2010,SRQ,FL,ASO,ES,Towers with Radar,43,18,81,6,148,0,0,108,2,110,43,18,189,8,258,34,0,34,292
04/08/2010,SRQ,FL,ASO,ES,Towers with Radar,43,18,71,4,136,0,6,99,3,108,43,24,170,7,244,56,0,56,300
04/09/2010,SRQ,FL,ASO,ES,Towers with Radar,43,26,98,2,169,0,2,105,0,107,43,28,203,2,276,59,0,59,335
04/10/2010,SRQ,FL,ASO,ES,Towers with Radar,52,19,69,0,140,0,5,144,0,149,52,24,213,0,289,122,0,122,411
04/11/2010,SRQ,FL,ASO,ES,Towers with Radar,45,25,89,0,159,0,3,47,0,50,45,28,136,0,209,38,0,38,247
04/12/2010,SRQ,FL,ASO,ES,Towers with Radar,43,23,64,4,134,0,3,114,4,121,43,26,178,8,255,98,0,98,353
04/13/2010,SRQ,FL,ASO,ES,Towers with Radar,44,15,55,4,118,0,1,99,0,100,44,16,154,4,218,72,4,76,294
04/14/2010,SRQ,FL,ASO,ES,Towers with Radar,42,11,78,2,133,0,6,119,0,125,42,17,197,2,258,126,0,126,384
04/15/2010,SRQ,FL,ASO,ES,Towers with Radar,42,20,97,0,159,0,0,109,0,109,42,20,206,0,268,87,0,87,355
04/16/2010,SRQ,FL,ASO,ES,Towers with Radar,44,20,67,0,131,0,7,138,0,145,44,27,205,0,276,34,0,34,310
04/17/2010,SRQ,FL,ASO,ES,Towers with Radar,50,3,68,0,121,0,4,129,0,133,50,7,197,0,254,68,0,68,322
04/18/2010,SRQ,FL,ASO,ES,Towers with Radar,46,17,90,2,155,0,2,38,1,41,46,19,128,3,196,42,0,42,238
04/19/2010,SRQ,FL,ASO,ES,Towers with Radar,45,16,79,0,140,0,5,92,0,97,45,21,171,0,237,12,0,12,249
04/20/2010,SRQ,FL,ASO,ES,Towers with Radar,44,10,95,4,153,0,2,108,0,110,44,12,203,4,263,88,0,88,351
04/21/2010,SRQ,FL,ASO,ES,Towers with Radar,42,17,81,0,140,0,3,128,1,132,42,20,209,1,272,101,0,101,373
04/22/2010,SRQ,FL,ASO,ES,Towers with Radar,42,28,84,4,158,0,6,157,4,167,42,34,241,8,325,170,10,180,505
04/23/2010,SRQ,FL,ASO,ES,Towers with Radar,42,22,91,1,156,0,12,156,1,169,42,34,247,2,325,108,0,108,433
04/24/2010,SRQ,FL,ASO,ES,Towers with Radar,45,8,57,1,111,0,1,138,1,140,45,9,195,2,251,30,0,30,281
04/25/2010,SRQ,FL,ASO,ES,Towers with Radar,50,29,68,0,147,0,4,38,0,42,50,33,106,0,189,16,0,16,205
04/26/2010,SRQ,FL,ASO,ES,Towers with Radar,40,21,80,2,143,0,11,83,0,94,40,32,163,2,237,58,0,58,295
04/27/2010,SRQ,FL,ASO,ES,Towers with Radar,42,12,65,0,119,0,6,129,0,135,42,18,194,0,254,62,0,62,316
04/28/2010,SRQ,FL,ASO,ES,Towers with Radar,40,17,89,2,148,0,6,115,0,121,40,23,204,2,269,118,0,118,387
04/29/2010,SRQ,FL,ASO,ES,Towers with Radar,40,19,105,0,164,0,5,101,0,106,40,24,206,0,270,96,0,96,366
04/30/2010,SRQ,FL,ASO,ES,Towers with Radar,40,20,61,2,123,0,4,102,0,106,40,24,163,2,229,36,0,36,265
05/01/2010,SRQ,FL,ASO,ES,Towers with Radar,44,10,46,0,100,0,4,98,0,102,44,14,144,0,202,26,0,26,228
05/02/2010,SRQ,FL,ASO,ES,Towers with Radar,36,14,58,0,108,0,3,80,0,83,36,17,138,0,191,35,0,35,226
05/03/2010,SRQ,FL,ASO,ES,Towers with Radar,39,15,50,0,104,0,11,88,0,99,39,26,138,0,203,72,0,72,275
05/04/2010,SRQ,FL,ASO,ES,Towers with Radar,36,17,86,0,139,0,4,71,0,75,36,21,157,0,214,40,0,40,254
05/05/2010,SRQ,FL,ASO,ES,Towers with Radar,34,18,82,0,134,0,6,76,0,82,34,24,158,0,216,88,0,88,304
05/06/2010,SRQ,FL,ASO,ES,Towers with Radar,34,22,85,0,141,0,2,115,0,117,34,24,200,0,258,184,0,184,442
05/07/2010,SRQ,FL,ASO,ES,Towers with Radar,36,16,87,4,143,0,9,106,3,118,36,25,193,7,261,50,4,54,315
05/08/2010,SRQ,FL,ASO,ES,Towers with Radar,40,6,57,0,103,0,5,119,0,124,40,11,176,0,227,32,0,32,259
05/09/2010,SRQ,FL,ASO,ES,Towers with Radar,37,15,56,0,108,0,5,83,0,88,37,20,139,0,196,32,0,32,228
05/10/2010,SRQ,FL,ASO,ES,Towers with Radar,36,15,57,2,110,0,2,72,0,74,36,17,129,2,184,60,0,60,244
05/11/2010,SRQ,FL,ASO,ES,Towers with Radar,34,10,56,10,110,0,8,81,1,90,34,18,137,11,200,54,0,54,254
05/12/2010,SRQ,FL,ASO,ES,Towers with Radar,35,19,41,4,99,0,1,123,0,124,35,20,164,4,223,77,0,77,300
05/13/2010,SRQ,FL,ASO,ES,Towers with Radar,34,24,69,0,127,0,5,102,0,107,34,29,171,0,234,84,0,84,318
05/14/2010,SRQ,FL,ASO,ES,Towers with Radar,34,14,64,13,125,0,5,102,1,108,34,19,166,14,233,84,0,84,317
05/15/2010,SRQ,FL,ASO,ES,Towers with Radar,42,12,47,0,101,0,2,212,4,218,42,14,259,4,319,90,0,90,409
05/16/2010,SRQ,FL,ASO,ES,Towers with Radar,36,15,63,0,114,0,3,66,0,69,36,18,129,0,183,16,0,16,199
05/17/2010,SRQ,FL,ASO,ES,Towers with Radar,35,20,70,17,142,0,0,27,1,28,35,20,97,18,170,36,0,36,206
05/18/2010,SRQ,FL,ASO,ES,Towers with Radar,35,12,99,4,150,0,3,89,3,95,35,15,188,7,245,68,0,68,313
05/19/2010,SRQ,FL,ASO,ES,Towers with Radar,34,16,78,2,130,0,6,111,6,123,34,22,189,8,253,82,10,92,345
05/20/2010,SRQ,FL,ASO,ES,Towers with Radar,33,23,74,3,133,0,12,100,0,112,33,35,174,3,245,68,2,70,315
05/21/2010,SRQ,FL,ASO,ES,Towers with Radar,33,22,79,2,136,0,9,119,2,130,33,31,198,4,266,60,4,64,330
05/22/2010,SRQ,FL,ASO,ES,Towers with Radar,42,13,41,0,96,0,2,87,0,89,42,15,128,0,185,4,0,4,189
05/23/2010,SRQ,FL,ASO,ES,Towers with Radar,36,9,49,0,94,0,0,71,0,71,36,9,120,0,165,52,0,52,217
05/24/2010,SRQ,FL,ASO,ES,Towers with Radar,34,6,50,7,97,0,1,73,2,76,34,7,123,9,173,40,1,41,214
05/25/2010,SRQ,FL,ASO,ES,Towers with Radar,34,11,55,8,108,0,5,93,0,98,34,16,148,8,206,60,10,70,276
05/26/2010,SRQ,FL,ASO,ES,Towers with Radar,34,11,83,0,128,0,4,139,0,143,34,15,222,0,271,66,0,66,337
05/27/2010,SRQ,FL,ASO,ES,Towers with Radar,34,16,78,0,128,0,6,106,0,112,34,22,184,0,240,72,0,72,312
05/28/2010,SRQ,FL,ASO,ES,Towers with Radar,31,14,73,0,118,0,8,105,2,115,31,22,178,2,233,70,0,70,303
05/29/2010,SRQ,FL,ASO,ES,Towers with Radar,68,15,69,0,152,0,7,145,0,152,68,22,214,0,304,82,0,82,386
05/30/2010,SRQ,FL,ASO,ES,Towers with Radar,48,1,44,0,93,1,3,84,0,88,49,4,128,0,181,20,0,20,201
05/31/2010,SRQ,FL,ASO,ES,Towers with Radar,71,33,131,0,235,0,3,136,0,139,71,36,267,0,374,86,0,86,460
06/01/2010,SRQ,FL,ASO,ES,Towers with Radar,48,46,96,6,196,0,5,129,2,136,48,51,225,8,332,62,0,62,394
06/02/2010,SRQ,FL,ASO,ES,Towers with Radar,33,14,39,1,87,0,1,91,0,92,33,15,130,1,179,58,4,62,241
06/03/2010,SRQ,FL,ASO,ES,Towers with Radar,37,11,58,0,106,0,0,111,0,111,37,11,169,0,217,74,0,74,291
06/04/2010,SRQ,FL,ASO,ES,Towers with Radar,34,23,56,15,128,0,1,81,1,83,34,24,137,16,211,58,0,58,269
06/05/2010,SRQ,FL,ASO,ES,Towers with Radar,34,18,36,3,91,0,10,85,1,96,34,28,121,4,187,62,0,62,249
06/06/2010,SRQ,FL,ASO,ES,Towers with Radar,36,6,44,2,88,0,1,66,0,67,36,7,110,2,155,50,0,50,205
06/07/2010,SRQ,FL,ASO,ES,Towers with Radar,34,8,69,0,111,0,3,54,0,57,34,11,123,0,168,48,0,48,216
06/08/2010,SRQ,FL,ASO,ES,Towers with Radar,34,12,49,0,95,0,7,87,1,95,34,19,136,1,190,102,0,102,292
06/09/2010,SRQ,FL,ASO,ES,Towers with Radar,34,13,49,0,96,0,1,101,0,102,34,14,150,0,198,92,0,92,290
06/10/2010,SRQ,FL,ASO,ES,Towers with Radar,31,9,49,1,90,0,1,121,0,122,31,10,170,1,212,36,0,36,248
06/11/2010,SRQ,FL,ASO,ES,Towers with Radar,32,15,63,0,110,0,9,125,0,134,32,24,188,0,244,138,0,138,382
06/12/2010,SRQ,FL,ASO,ES,Towers with Radar,30,12,38,0,80,0,5,79,1,85,30,17,117,1,165,20,0,20,185
06/13/2010,SRQ,FL,ASO,ES,Towers with Radar,32,4,39,2,77,0,6,67,1,74,32,10,106,3,151,42,0,42,193
06/14/2010,SRQ,FL,ASO,ES,Towers with Radar,32,9,40,16,97,0,6,83,3,92,32,15,123,19,189,86,16,102,291
06/15/2010,SRQ,FL,ASO,ES,Towers with Radar,31,6,36,4,77,0,5,95,8,108,31,11,131,12,185,128,12,140,325
06/16/2010,SRQ,FL,ASO,ES,Towers with Radar,30,11,69,2,112,0,13,77,1,91,30,24,146,3,203,24,4,28,231
06/17/2010,SRQ,FL,ASO,ES,Towers with Radar,28,9,62,0,99,0,3,60,2,65,28,12,122,2,164,104,0,104,268
06/18/2010,SRQ,FL,ASO,ES,Towers with Radar,28,22,50,2,102,0,2,74,0,76,28,24,124,2,178,78,0,78,256
06/19/2010,SRQ,FL,ASO,ES,Towers with Radar,29,9,24,0,62,0,3,104,0,107,29,12,128,0,169,18,0,18,187
06/20/2010,SRQ,FL,ASO,ES,Towers with Radar,32,8,50,0,90,0,0,69,0,69,32,8,119,0,159,40,0,40,199
06/21/2010,SRQ,FL,ASO,ES,Towers with Radar,28,9,53,4,94,0,1,48,0,49,28,10,101,4,143,14,6,20,163
06/22/2010,SRQ,FL,ASO,ES,Towers with Radar,28,9,35,0,72,0,8,115,2,125,28,17,150,2,197,152,0,152,349
06/23/2010,SRQ,FL,ASO,ES,Towers with Radar,30,9,52,8,99,0,6,89,3,98,30,15,141,11,197,6,0,6,203
06/24/2010,SRQ,FL,ASO,ES,Towers with Radar,28,15,71,12,126,0,5,158,13,176,28,20,229,25,302,82,6,88,390
06/25/2010,SRQ,FL,ASO,ES,Towers with Radar,32,18,53,0,103,0,5,108,0,113,32,23,161,0,216,82,0,82,298
06/26/2010,SRQ,FL,ASO,ES,Towers with Radar,56,15,83,0,154,0,6,114,1,121,56,21,197,1,275,40,0,40,315
06/27/2010,SRQ,FL,ASO,ES,Towers with Radar,55,16,54,0,125,0,1,62,0,63,55,17,116,0,188,32,0,32,220
06/28/2010,SRQ,FL,ASO,ES,Towers with Radar,42,15,38,0,95,0,5,65,0,70,42,20,103,0,165,24,0,24,189
06/29/2010,SRQ,FL,ASO,ES,Towers with Radar,30,16,41,1,88,0,4,64,11,79,30,20,105,12,167,40,10,50,217
06/30/2010,SRQ,FL,ASO,ES,Towers with Radar,28,9,31,4,72,0,3,68,0,71,28,12,99,4,143,40,2,42,185
07/01/2010,SRQ,FL,ASO,ES,Towers with Radar,26,14,53,0,93,0,9,102,6,117,26,23,155,6,210,26,0,26,236
07/02/2010,SRQ,FL,ASO,ES,Towers with Radar,28,17,47,0,92,0,2,44,0,46,28,19,91,0,138,0,0,0,138
07/03/2010,SRQ,FL,ASO,ES,Towers with Radar,28,6,28,0,62,0,2,16,3,21,28,8,44,3,83,0,0,0,83
07/04/2010,SRQ,FL,ASO,ES,Towers with Radar,24,3,13,0,40,0,5,24,0,29,24,8,37,0,69,12,0,12,81
07/05/2010,SRQ,FL,ASO,ES,Towers with Radar,28,13,49,0,90,0,2,13,0,15,28,15,62,0,105,12,0,12,117
07/06/2010,SRQ,FL,ASO,ES,Towers with Radar,28,19,41,0,88,0,3,90,0,93,28,22,131,0,181,40,0,40,221
07/07/2010,SRQ,FL,ASO,ES,Towers with Radar,28,13,37,2,80,0,0,52,6,58,28,13,89,8,138,40,2,42,180
07/08/2010,SRQ,FL,ASO,ES,Towers with Radar,30,8,70,0,108,0,2,109,0,111,30,10,179,0,219,46,0,46,265
07/09/2010,SRQ,FL,ASO,ES,Towers with Radar,27,11,41,2,81,0,7,100,0,107,27,18,141,2,188,22,0,22,210
07/10/2010,SRQ,FL,ASO,ES,Towers with Radar,28,11,43,0,82,0,0,79,0,79,28,11,122,0,161,52,0,52,213
07/11/2010,SRQ,FL,ASO,ES,Towers with Radar,32,7,59,2,100,0,0,71,0,71,32,7,130,2,171,16,0,16,187
07/12/2010,SRQ,FL,ASO,ES,Towers with Radar,23,11,60,0,94,0,0,69,0,69,23,11,129,0,163,18,0,18,181
07/13/2010,SRQ,FL,ASO,ES,Towers with Radar,28,11,47,0,86,0,7,89,1,97,28,18,136,1,183,98,0,98,281
07/14/2010,SRQ,FL,ASO,ES,Towers with Radar,28,8,58,0,94,0,3,116,0,119,28,11,174,0,213,66,0,66,279
07/15/2010,SRQ,FL,ASO,ES,Towers with Radar,28,12,41,1,82,0,7,89,1,97,28,19,130,2,179,56,0,56,235
07/16/2010,SRQ,FL,ASO,ES,Towers with Radar,28,9,34,3,74,0,10,112,3,125,28,19,146,6,199,48,0,48,247
07/17/2010,SRQ,FL,ASO,ES,Towers with Radar,28,10,46,0,84,0,3,99,0,102,28,13,145,0,186,42,0,42,228
07/18/2010,SRQ,FL,ASO,ES,Towers with Radar,30,1,52,8,91,0,2,61,2,65,30,3,113,10,156,66,8,74,230
07/19/2010,SRQ,FL,ASO,ES,Towers with Radar,28,9,43,1,81,0,0,97,0,97,28,9,140,1,178,90,0,90,268
07/20/2010,SRQ,FL,ASO,ES,Towers with Radar,28,16,59,0,103,0,4,137,0,141,28,20,196,0,244,76,0,76,320
07/21/2010,SRQ,FL,ASO,ES,Towers with Radar,28,14,49,0,91,0,3,117,0,120,28,17,166,0,211,18,0,18,229
07/22/2010,SRQ,FL,ASO,ES,Towers with Radar,28,15,76,16,135,0,3,146,5,154,28,18,222,21,289,56,8,64,353
07/23/2010,SRQ,FL,ASO,ES,Towers with Radar,27,11,40,0,78,0,0,55,2,57,27,11,95,2,135,40,2,42,177
07/24/2010,SRQ,FL,ASO,ES,Towers with Radar,28,8,42,0,78,0,0,57,0,57,28,8,99,0,135,12,0,12,147
07/25/2010,SRQ,FL,ASO,ES,Towers with Radar,30,5,34,4,73,0,2,68,0,70,30,7,102,4,143,12,4,16,159
07/26/2010,SRQ,FL,ASO,ES,Towers with Radar,27,7,60,2,96,0,1,90,3,94,27,8,150,5,190,36,4,40,230
07/27/2010,SRQ,FL,ASO,ES,Towers with Radar,28,12,39,0,79,0,8,86,0,94,28,20,125,0,173,60,0,60,233
07/28/2010,SRQ,FL,ASO,ES,Towers with Radar,28,17,64,0,109,0,0,132,0,132,28,17,196,0,241,34,0,34,275
07/29/2010,SRQ,FL,ASO,ES,Towers with Radar,28,10,57,0,95,0,5,98,0,103,28,15,155,0,198,102,0,102,300
07/30/2010,SRQ,FL,ASO,ES,Towers with Radar,28,10,82,0,120,0,1,139,0,140,28,11,221,0,260,110,0,110,370
07/31/2010,SRQ,FL,ASO,ES,Towers with Radar,28,5,59,0,92,0,1,81,0,82,28,6,140,0,174,36,0,36,210
08/01/2010,SRQ,FL,ASO,ES,Towers with Radar,26,9,45,1,81,0,1,46,0,47,26,10,91,1,128,44,0,44,172
08/02/2010,SRQ,FL,ASO,ES,Towers with Radar,28,15,40,5,88,0,6,74,0,80,28,21,114,5,168,88,0,88,256
08/03/2010,SRQ,FL,ASO,ES,Towers with Radar,28,10,29,1,68,0,2,119,10,131,28,12,148,11,199,98,0,98,297
08/04/2010,SRQ,FL,ASO,ES,Towers with Radar,30,9,32,2,73,0,14,66,1,81,30,23,98,3,154,6,0,6,160
08/05/2010,SRQ,FL,ASO,ES,Towers with Radar,26,17,46,1,90,0,0,136,0,136,26,17,182,1,226,82,0,82,308
08/06/2010,SRQ,FL,ASO,ES,Towers with Radar,26,11,71,1,109,0,1,101,0,102,26,12,172,1,211,34,0,34,245
08/07/2010,SRQ,FL,ASO,ES,Towers with Radar,30,8,48,0,86,0,3,68,1,72,30,11,116,1,158,76,0,76,234
08/08/2010,SRQ,FL,ASO,ES,Towers with Radar,30,11,21,0,62,0,0,8,0,8,30,11,29,0,70,20,0,20,90
08/09/2010,SRQ,FL,ASO,ES,Towers with Radar,28,12,41,0,81,0,4,82,2,88,28,16,123,2,169,118,0,118,287
08/10/2010,SRQ,FL,ASO,ES,Towers with Radar,28,11,49,4,92,0,0,50,0,50,28,11,99,4,142,76,0,76,218
08/11/2010,SRQ,FL,ASO,ES,Towers with Radar,26,11,38,4,79,0,3,31,0,34,26,14,69,4,113,72,0,72,185
08/12/2010,SRQ,FL,ASO,ES,Towers with Radar,30,9,83,0,122,0,0,111,0,111,30,9,194,0,233,152,0,152,385
08/13/2010,SRQ,FL,ASO,ES,Towers with Radar,28,9,49,8,94,0,19,105,0,124,28,28,154,8,218,64,8,72,290
08/14/2010,SRQ,FL,ASO,ES,Towers with Radar,28,7,42,0,77,0,1,85,0,86,28,8,127,0,163,112,0,112,275
08/15/2010,SRQ,FL,ASO,ES,Towers with Radar,32,13,45,1,91,0,1,58,2,61,32,14,103,3,152,118,4,122,274
08/16/2010,SRQ,FL,ASO,ES,Towers with Radar,28,6,67,8,109,0,5,78,4,87,28,11,145,12,196,138,12,150,346
08/17/2010,SRQ,FL,ASO,ES,Towers with Radar,26,8,43,12,89,0,7,114,0,121,26,15,157,12,210,100,0,100,310
08/18/2010,SRQ,FL,ASO,ES,Towers with Radar,26,11,61,0,98,0,4,131,3,138,26,15,192,3,236,80,0,80,316
08/19/2010,SRQ,FL,ASO,ES,Towers with Radar,26,12,72,0,110,0,9,128,1,138,26,21,200,1,248,72,0,72,320
08/20/2010,SRQ,FL,ASO,ES,Towers with Radar,27,13,41,17,98,0,5,116,6,127,27,18,157,23,225,66,0,66,291
08/21/2010,SRQ,FL,ASO,ES,Towers with Radar,26,8,37,4,75,0,6,74,0,80,26,14,111,4,155,54,0,54,209
08/22/2010,SRQ,FL,ASO,ES,Towers with Radar,28,9,43,0,80,0,0,55,0,55,28,9,98,0,135,36,0,36,171
08/23/2010,SRQ,FL,ASO,ES,Towers with Radar,26,7,29,0,62,0,0,0,0,0,26,7,29,0,62,10,0,10,72
08/24/2010,SRQ,FL,ASO,ES,Towers with Radar,26,15,41,3,85,0,0,14,5,19,26,15,55,8,104,0,0,0,104
08/25/2010,SRQ,FL,ASO,ES,Towers with Radar,25,6,39,8,78,0,0,22,2,24,25,6,61,10,102,6,0,6,108
08/26/2010,SRQ,FL,ASO,ES,Towers with Radar,26,14,63,0,103,0,3,135,1,139,26,17,198,1,242,69,4,73,315
08/27/2010,SRQ,FL,ASO,ES,Towers with Radar,26,12,46,12,96,0,6,103,1,110,26,18,149,13,206,150,6,156,362
08/28/2010,SRQ,FL,ASO,ES,Towers with Radar,26,5,48,3,82,0,2,97,1,100,26,7,145,4,182,88,2,90,272
08/29/2010,SRQ,FL,ASO,ES,Towers with Radar,28,8,45,1,82,0,3,76,0,79,28,11,121,1,161,44,0,44,205
08/30/2010,SRQ,FL,ASO,ES,Towers with Radar,26,9,40,5,80,0,4,89,3,96,26,13,129,8,176,29,0,29,205
08/31/2010,SRQ,FL,ASO,ES,Towers with Radar,26,18,39,4,87,0,12,144,0,156,26,30,183,4,243,28,0,28,271
09/01/2010,SRQ,FL,ASO,ES,Towers with Radar,26,7,47,7,87,0,3,126,4,133,26,10,173,11,220,34,10,44,264
09/02/2010,SRQ,FL,ASO,ES,Towers with Radar,26,8,76,6,116,0,2,127,1,130,26,10,203,7,246,78,0,78,324
09/03/2010,SRQ,FL,ASO,ES,Towers with Radar,28,20,68,0,116,0,4,94,0,98,28,24,162,0,214,76,0,76,290
09/04/2010,SRQ,FL,ASO,ES,Towers with Radar,24,12,32,0,68,0,6,69,0,75,24,18,101,0,143,50,0,50,193
09/05/2010,SRQ,FL,ASO,ES,Towers with Radar,22,1,26,0,49,0,5,46,0,51,22,6,72,0,100,40,0,40,140
09/06/2010,SRQ,FL,ASO,ES,Towers with Radar,28,9,66,6,109,0,0,68,6,74,28,9,134,12,183,46,6,52,235
09/07/2010,SRQ,FL,ASO,ES,Towers with Radar,26,8,52,0,86,0,2,61,0,63,26,10,113,0,149,28,0,28,177
09/08/2010,SRQ,FL,ASO,ES,Towers with Radar,26,13,40,0,79,0,3,80,0,83,26,16,120,0,162,48,0,48,210
09/09/2010,SRQ,FL,ASO,ES,Towers with Radar,26,15,47,0,88,0,6,111,0,117,26,21,158,0,205,50,0,50,255
09/10/2010,SRQ,FL,ASO,ES,Towers with Radar,28,11,64,0,103,0,4,106,0,110,28,15,170,0,213,86,0,86,299
09/11/2010,SRQ,FL,ASO,ES,Towers with Radar,28,6,40,0,74,0,0,102,0,102,28,6,142,0,176,92,0,92,268
09/12/2010,SRQ,FL,ASO,ES,Towers with Radar,28,7,44,0,79,0,0,74,0,74,28,7,118,0,153,24,0,24,177
09/13/2010,SRQ,FL,ASO,ES,Towers with Radar,26,7,40,0,73,0,6,66,0,72,26,13,106,0,145,20,0,20,165
09/14/2010,SRQ,FL,ASO,ES,Towers with Radar,26,15,62,0,103,0,4,67,0,71,26,19,129,0,174,32,0,32,206
09/15/2010,SRQ,FL,ASO,ES,Towers with Radar,37,15,51,0,103,0,5,83,0,88,37,20,134,0,191,42,0,42,233
09/16/2010,SRQ,FL,ASO,ES,Towers with Radar,42,9,64,0,115,0,2,84,1,87,42,11,148,1,202,16,0,16,218
09/17/2010,SRQ,FL,ASO,ES,Towers with Radar,28,11,51,4,94,0,4,77,0,81,28,15,128,4,175,50,0,50,225
09/18/2010,SRQ,FL,ASO,ES,Towers with Radar,28,4,27,0,59,0,8,85,0,93,28,12,112,0,152,28,0,28,180
09/19/2010,SRQ,FL,ASO,ES,Towers with Radar,28,9,39,0,76,0,2,67,0,69,28,11,106,0,145,24,0,24,169
09/20/2010,SRQ,FL,ASO,ES,Towers with Radar,26,9,40,0,75,0,2,74,0,76,26,11,114,0,151,30,0,30,181
09/21/2010,SRQ,FL,ASO,ES,Towers with Radar,24,11,33,2,70,0,6,105,0,111,24,17,138,2,181,44,0,44,225
09/22/2010,SRQ,FL,ASO,ES,Towers with Radar,24,8,48,1,81,0,4,79,1,84,24,12,127,2,165,18,0,18,183
09/23/2010,SRQ,FL,ASO,ES,Towers with Radar,26,5,50,1,82,0,3,78,0,81,26,8,128,1,163,46,0,46,209
09/24/2010,SRQ,FL,ASO,ES,Towers with Radar,28,12,42,2,84,0,2,96,0,98,28,14,138,2,182,114,0,114,296
09/25/2010,SRQ,FL,ASO,ES,Towers with Radar,26,4,34,0,64,0,1,73,3,77,26,5,107,3,141,56,30,86,227
09/26/2010,SRQ,FL,ASO,ES,Towers with Radar,27,8,32,0,67,0,0,86,0,86,27,8,118,0,153,26,0,26,179
09/27/2010,SRQ,FL,ASO,ES,Towers with Radar,26,9,25,4,64,0,4,65,0,69,26,13,90,4,133,68,0,68,201
09/28/2010,SRQ,FL,ASO,ES,Towers with Radar,24,6,38,0,68,0,0,54,0,54,24,6,92,0,122,60,0,60,182
09/29/2010,SRQ,FL,ASO,ES,Towers with Radar,24,12,30,6,72,0,3,44,2,49,24,15,74,8,121,57,0,57,178
09/30/2010,SRQ,FL,ASO,ES,Towers with Radar,27,13,52,0,92,0,6,97,0,103,27,19,149,0,195,70,0,70,265
10/01/2010,SRQ,FL,ASO,ES,Towers with Radar,32,15,44,8,99,0,7,113,0,120,32,22,157,8,219,48,8,56,275
10/02/2010,SRQ,FL,ASO,ES,Towers with Radar,30,5,63,0,98,0,1,96,0,97,30,6,159,0,195,14,0,14,209
10/03/2010,SRQ,FL,ASO,ES,Towers with Radar,32,5,47,0,84,0,2,102,0,104,32,7,149,0,188,44,0,44,232
10/04/2010,SRQ,FL,ASO,ES,Towers with Radar,30,10,31,0,71,0,3,92,0,95,30,13,123,0,166,10,0,10,176
10/05/2010,SRQ,FL,ASO,ES,Towers with Radar,30,10,45,0,85,0,6,104,0,110,30,16,149,0,195,42,0,42,237
10/06/2010,SRQ,FL,ASO,ES,Towers with Radar,28,16,53,0,97,0,4,97,8,109,28,20,150,8,206,68,14,82,288
10/07/2010,SRQ,FL,ASO,ES,Towers with Radar,33,16,51,2,102,0,6,104,0,110,33,22,155,2,212,104,2,106,318
10/08/2010,SRQ,FL,ASO,ES,Towers with Radar,34,10,41,2,87,0,6,99,2,107,34,16,140,4,194,160,0,160,354
10/09/2010,SRQ,FL,ASO,ES,Towers with Radar,32,14,37,4,87,0,2,107,4,113,32,16,144,8,200,50,6,56,256
10/10/2010,SRQ,FL,ASO,ES,Towers with Radar,30,10,23,0,63,0,8,79,4,91,30,18,102,4,154,48,6,54,208
10/11/2010,SRQ,FL,ASO,ES,Towers with Radar,32,10,60,0,102,0,0,63,0,63,32,10,123,0,165,34,0,34,199
10/12/2010,SRQ,FL,ASO,ES,Towers with Radar,30,13,43,4,90,0,0,85,0,85,30,13,128,4,175,76,0,76,251
10/13/2010,SRQ,FL,ASO,ES,Towers with Radar,30,19,52,5,106,0,5,83,0,88,30,24,135,5,194,26,0,26,220
10/14/2010,SRQ,FL,ASO,ES,Towers with Radar,32,17,67,0,116,0,1,72,0,73,32,18,139,0,189,36,0,36,225
10/15/2010,SRQ,FL,ASO,ES,Towers with Radar,32,10,51,2,95,0,8,87,0,95,32,18,138,2,190,44,0,44,234
10/16/2010,SRQ,FL,ASO,ES,Towers with Radar,32,5,49,2,88,0,4,123,2,129,32,9,172,4,217,108,2,110,327
10/17/2010,SRQ,FL,ASO,ES,Towers with Radar,32,14,68,0,114,0,3,114,4,121,32,17,182,4,235,54,2,56,291
10/18/2010,SRQ,FL,ASO,ES,Towers with Radar,32,14,54,11,111,0,2,57,1,60,32,16,111,12,171,18,6,24,195
10/19/2010,SRQ,FL,ASO,ES,Towers with Radar,30,10,54,0,94,0,6,84,0,90,30,16,138,0,184,102,0,102,286
10/20/2010,SRQ,FL,ASO,ES,Towers with Radar,30,16,47,0,93,0,0,98,0,98,30,16,145,0,191,82,0,82,273
10/21/2010,SRQ,FL,ASO,ES,Towers with Radar,34,17,56,28,135,0,7,98,3,108,34,24,154,31,243,50,4,54,297
10/22/2010,SRQ,FL,ASO,ES,Towers with Radar,32,7,74,0,113,0,3,117,0,120,32,10,191,0,233,74,0,74,307
10/23/2010,SRQ,FL,ASO,ES,Towers with Radar,32,6,51,0,89,0,6,122,1,129,32,12,173,1,218,42,0,42,260
10/24/2010,SRQ,FL,ASO,ES,Towers with Radar,34,10,54,0,98,0,1,105,0,106,34,11,159,0,204,10,0,10,214
10/25/2010,SRQ,FL,ASO,ES,Towers with Radar,33,13,51,2,99,0,0,70,1,71,33,13,121,3,170,64,0,64,234
10/26/2010,SRQ,FL,ASO,ES,Towers with Radar,30,8,49,8,95,0,1,115,2,118,30,9,164,10,213,92,0,92,305
10/27/2010,SRQ,FL,ASO,ES,Towers with Radar,27,11,56,0,94,0,5,55,3,63,27,16,111,3,157,126,0,126,283
10/28/2010,SRQ,FL,ASO,ES,Towers with Radar,33,16,60,13,122,0,6,78,0,84,33,22,138,13,206,66,0,66,272
10/29/2010,SRQ,FL,ASO,ES,Towers with Radar,32,19,75,8,134,0,1,76,2,79,32,20,151,10,213,70,0,70,283
10/30/2010,SRQ,FL,ASO,ES,Towers with Radar,32,11,26,0,69,0,3,125,7,135,32,14,151,7,204,90,10,100,304
10/31/2010,SRQ,FL,ASO,ES,Towers with Radar,36,11,49,0,96,0,0,70,0,70,36,11,119,0,166,34,0,34,200
11/01/2010,SRQ,FL,ASO,ES,Towers with Radar,33,21,61,2,117,0,0,56,0,56,33,21,117,2,173,0,0,0,173
11/02/2010,SRQ,FL,ASO,ES,Towers with Radar,30,12,64,2,108,0,3,43,2,48,30,15,107,4,156,56,0,56,212
11/03/2010,SRQ,FL,ASO,ES,Towers with Radar,30,17,39,0,86,0,9,76,2,87,30,26,115,2,173,126,0,126,299
11/04/2010,SRQ,FL,ASO,ES,Towers with Radar,38,12,61,0,111,0,2,28,0,30,38,14,89,0,141,36,0,36,177
11/05/2010,SRQ,FL,ASO,ES,Towers with Radar,36,10,63,7,116,0,2,85,0,87,36,12,148,7,203,60,0,60,263
11/06/2010,SRQ,FL,ASO,ES,Towers with Radar,38,3,43,0,84,0,3,70,0,73,38,6,113,0,157,46,0,46,203
11/07/2010,SRQ,FL,ASO,ES,Towers with Radar,40,10,74,5,129,0,7,88,2,97,40,17,162,7,226,48,0,48,274
11/08/2010,SRQ,FL,ASO,ES,Towers with Radar,36,10,36,0,82,0,6,79,0,85,36,16,115,0,167,34,0,34,201
11/09/2010,SRQ,FL,ASO,ES,Towers with Radar,31,14,61,4,110,0,6,92,6,104,31,20,153,10,214,106,6,112,326
11/10/2010,SRQ,FL,ASO,ES,Towers with Radar,30,14,90,0,134,0,1,114,0,115,30,15,204,0,249,48,0,48,297
11/11/2010,SRQ,FL,ASO,ES,Towers with Radar,36,16,73,2,127,0,3,88,0,91,36,19,161,2,218,88,0,88,306
11/12/2010,SRQ,FL,ASO,ES,Towers with Radar,37,19,55,1,112,0,9,136,0,145,37,28,191,1,257,106,0,106,363
11/13/2010,SRQ,FL,ASO,ES,Towers with Radar,36,13,36,0,85,1,8,130,0,139,37,21,166,0,224,32,0,32,256
11/14/2010,SRQ,FL,ASO,ES,Towers with Radar,38,11,68,2,119,0,0,99,0,99,38,11,167,2,218,102,0,102,320
11/15/2010,SRQ,FL,ASO,ES,Towers with Radar,36,11,58,0,105,0,3,85,1,89,36,14,143,1,194,52,0,52,246
11/16/2010,SRQ,FL,ASO,ES,Towers with Radar,30,8,83,0,121,0,7,93,1,101,30,15,176,1,222,60,0,60,282
11/17/2010,SRQ,FL,ASO,ES,Towers with Radar,32,14,81,6,133,0,9,75,7,91,32,23,156,13,224,44,26,70,294
11/18/2010,SRQ,FL,ASO,ES,Towers with Radar,38,12,70,6,126,0,4,111,1,116,38,16,181,7,242,86,0,86,328
11/19/2010,SRQ,FL,ASO,ES,Towers with Radar,40,15,91,2,148,0,6,124,0,130,40,21,215,2,278,126,0,126,404
11/20/2010,SRQ,FL,ASO,ES,Towers with Radar,42,12,55,0,109,0,3,170,0,173,42,15,225,0,282,78,0,78,360
11/21/2010,SRQ,FL,ASO,ES,Towers with Radar,41,12,78,0,131,0,3,90,3,96,41,15,168,3,227,116,20,136,363
11/22/2010,SRQ,FL,ASO,ES,Towers with Radar,40,8,55,0,103,0,0,96,1,97,40,8,151,1,200,76,0,76,276
11/23/2010,SRQ,FL,ASO,ES,Towers with Radar,40,18,66,4,128,0,5,134,1,140,40,23,200,5,268,158,0,158,426
11/24/2010,SRQ,FL,ASO,ES,Towers with Radar,40,18,97,0,155,0,3,122,0,125,40,21,219,0,280,134,0,134,414
11/25/2010,SRQ,FL,ASO,ES,Towers with Radar,27,9,26,0,62,0,1,32,0,33,27,10,58,0,95,28,0,28,123
11/26/2010,SRQ,FL,ASO,ES,Towers with Radar,35,22,54,8,119,0,0,73,0,73,35,22,127,8,192,56,0,56,248
11/27/2010,SRQ,FL,ASO,ES,Towers with Radar,46,12,68,0,126,0,6,33,0,39,46,18,101,0,165,34,0,34,199
11/28/2010,SRQ,FL,ASO,ES,Towers with Radar,42,32,133,0,207,0,0,108,0,108,42,32,241,0,315,76,0,76,391
11/29/2010,SRQ,FL,ASO,ES,Towers with Radar,37,21,70,11,139,0,1,81,1,83,37,22,151,12,222,88,8,96,318
11/30/2010,SRQ,FL,ASO,ES,Towers with Radar,38,7,41,2,88,0,6,68,2,76,38,13,109,4,164,95,0,95,259
12/01/2010,SRQ,FL,ASO,ES,Towers with Radar,31,8,63,4,106,0,0,35,11,46,31,8,98,15,152,56,8,64,216
12/02/2010,SRQ,FL,ASO,ES,Towers with Radar,44,8,54,0,106,0,3,79,0,82,44,11,133,0,188,68,0,68,256
12/03/2010,SRQ,FL,ASO,ES,Towers with Radar,40,13,66,4,123,0,2,95,0,97,40,15,161,4,220,66,6,72,292
12/04/2010,SRQ,FL,ASO,ES,Towers with Radar,42,11,45,2,100,0,3,144,0,147,42,14,189,2,247,42,2,44,291
12/05/2010,SRQ,FL,ASO,ES,Towers with Radar,44,8,35,0,87,0,0,56,0,56,44,8,91,0,143,46,0,46,189
12/06/2010,SRQ,FL,ASO,ES,Towers with Radar,38,8,67,1,114,0,5,88,1,94,38,13,155,2,208,42,0,42,250
12/07/2010,SRQ,FL,ASO,ES,Towers with Radar,34,1,45,0,80,0,13,90,8,111,34,14,135,8,191,74,20,94,285
12/08/2010,SRQ,FL,ASO,ES,Towers with Radar,34,7,61,0,102,0,6,129,1,136,34,13,190,1,238,100,26,126,364
12/09/2010,SRQ,FL,ASO,ES,Towers with Radar,38,7,87,12,144,0,3,110,11,124,38,10,197,23,268,54,54,108,376
12/10/2010,SRQ,FL,ASO,ES,Towers with Radar,40,16,99,0,155,0,11,113,0,124,40,27,212,0,279,58,0,58,337
12/11/2010,SRQ,FL,ASO,ES,Towers with Radar,42,9,69,0,120,0,5,63,0,68,42,14,132,0,188,104,0,104,292
12/12/2010,SRQ,FL,ASO,ES,Towers with Radar,38,10,43,0,91,0,2,27,0,29,38,12,70,0,120,2,0,2,122
12/13/2010,SRQ,FL,ASO,ES,Towers with Radar,38,7,46,0,91,0,1,23,0,24,38,8,69,0,115,2,0,2,117
12/14/2010,SRQ,FL,ASO,ES,Towers with Radar,34,12,62,0,108,0,3,68,3,74,34,15,130,3,182,40,0,40,222
12/15/2010,SRQ,FL,ASO,ES,Towers with Radar,37,8,83,4,132,0,8,151,1,160,37,16,234,5,292,112,0,112,404
12/16/2010,SRQ,FL,ASO,ES,Towers with Radar,38,12,55,0,105,0,7,144,0,151,38,19,199,0,256,86,0,86,342
12/17/2010,SRQ,FL,ASO,ES,Towers with Radar,42,19,50,2,113,0,4,108,0,112,42,23,158,2,225,76,0,76,301
12/18/2010,SRQ,FL,ASO,ES,Towers with Radar,44,13,42,2,101,0,0,13,1,14,44,13,55,3,115,30,0,30,145
12/19/2010,SRQ,FL,ASO,ES,Towers with Radar,44,13,63,2,122,0,0,11,0,11,44,13,74,2,133,6,0,6,139
12/20/2010,SRQ,FL,ASO,ES,Towers with Radar,44,17,65,2,128,0,6,151,0,157,44,23,216,2,285,84,0,84,369
12/21/2010,SRQ,FL,ASO,ES,Towers with Radar,46,8,67,0,121,0,13,140,2,155,46,21,207,2,276,114,0,114,390
12/22/2010,SRQ,FL,ASO,ES,Towers with Radar,46,22,65,2,135,0,0,158,5,163,46,22,223,7,298,112,0,112,410
12/23/2010,SRQ,FL,ASO,ES,Towers with Radar,46,22,61,0,129,0,2,129,0,131,46,24,190,0,260,72,0,72,332
12/24/2010,SRQ,FL,ASO,ES,Towers with Radar,42,18,18,0,78,0,2,71,0,73,42,20,89,0,151,98,0,98,249
12/25/2010,SRQ,FL,ASO,ES,Towers with Radar,36,6,14,0,56,0,0,28,0,28,36,6,42,0,84,0,0,0,84
12/26/2010,SRQ,FL,ASO,ES,Towers with Radar,38,29,60,0,127,0,1,9,0,10,38,30,69,0,137,0,0,0,137
12/27/2010,SRQ,FL,ASO,ES,Towers with Radar,44,31,93,0,168,0,4,101,0,105,44,35,194,0,273,42,0,42,315
12/28/2010,SRQ,FL,ASO,ES,Towers with Radar,47,45,83,2,177,0,1,174,1,176,47,46,257,3,353,64,0,64,417
12/29/2010,SRQ,FL,ASO,ES,Towers with Radar,49,24,74,0,147,0,3,162,2,167,49,27,236,2,314,82,2,84,398
12/30/2010,SRQ,FL,ASO,ES,Towers with Radar,50,23,99,0,172,0,0,159,0,159,50,23,258,0,331,42,0,42,373
12/31/2010,SRQ,FL,ASO,ES,Towers with Radar,43,18,54,0,115,0,4,82,0,86,43,22,136,0,201,64,0,64,265
01/01/2011,SRQ,FL,ASO,ES,Towers with Radar,47,16,55,0,118,0,0,39,0,39,47,16,94,0,157,0,0,0,157
01/02/2011,SRQ,FL,ASO,ES,Towers with Radar,44,28,94,0,166,0,0,59,0,59,44,28,153,0,225,16,0,16,241
01/03/2011,SRQ,FL,ASO,ES,Towers with Radar,46,12,102,0,160,0,0,28,0,28,46,12,130,0,188,24,0,24,212
01/04/2011,SRQ,FL,ASO,ES,Towers with Radar,40,23,64,4,131,0,5,103,6,114,40,28,167,10,245,60,6,66,311
01/05/2011,SRQ,FL,ASO,ES,Towers with Radar,39,14,56,4,113,0,1,111,0,112,39,15,167,4,225,70,0,70,295
01/06/2011,SRQ,FL,ASO,ES,Towers with Radar,44,13,52,0,109,0,1,29,0,30,44,14,81,0,139,40,0,40,179
01/07/2011,SRQ,FL,ASO,ES,Towers with Radar,44,8,79,1,132,0,0,142,4,146,44,8,221,5,278,118,0,118,396
01/08/2011,SRQ,FL,ASO,ES,Towers with Radar,47,7,50,0,104,0,0,132,0,132,47,7,182,0,236,46,0,46,282
01/09/2011,SRQ,FL,ASO,ES,Towers with Radar,43,12,42,0,97,0,0,97,0,97,43,12,139,0,194,36,0,36,230
01/10/2011,SRQ,FL,ASO,ES,Towers with Radar,23,17,58,2,100,0,7,27,2,36,23,24,85,4,136,0,0,0,136
01/11/2011,SRQ,FL,ASO,ES,Towers with Radar,17,10,71,13,111,0,2,76,1,79,17,12,147,14,190,90,1,91,281
01/12/2011,SRQ,FL,ASO,ES,Towers with Radar,30,9,64,3,106,0,0,114,2,116,30,9,178,5,222,64,0,64,286
01/13/2011,SRQ,FL,ASO,ES,Towers with Radar,44,21,69,0,134,0,8,145,0,153,44,29,214,0,287,114,0,114,401
01/14/2011,SRQ,FL,ASO,ES,Towers with Radar,44,21,80,8,153,0,8,128,0,136,44,29,208,8,289,82,0,82,371
01/15/2011,SRQ,FL,ASO,ES,Towers with Radar,49,7,74,0,130,0,4,193,0,197,49,11,267,0,327,98,0,98,425
01/16/2011,SRQ,FL,ASO,ES,Towers with Radar,46,14,61,0,121,0,2,100,0,102,46,16,161,0,223,60,0,60,283
01/17/2011,SRQ,FL,ASO,ES,Towers with Radar,48,18,32,0,98,0,0,10,0,10,48,18,42,0,108,0,0,0,108
01/18/2011,SRQ,FL,ASO,ES,Towers with Radar,50,16,87,0,153,0,3,54,0,57,50,19,141,0,210,84,0,84,294
01/19/2011,SRQ,FL,ASO,ES,Towers with Radar,40,13,93,5,151,0,4,104,0,108,40,17,197,5,259,116,8,124,383
01/20/2011,SRQ,FL,ASO,ES,Towers with Radar,44,17,88,2,151,0,5,114,2,121,44,22,202,4,272,50,0,50,322
01/21/2011,SRQ,FL,ASO,ES,Towers with Radar,44,14,55,2,115,0,2,5,0,7,44,16,60,2,122,4,0,4,126
01/22/2011,SRQ,FL,ASO,ES,Towers with Radar,47,15,45,0,107,0,0,67,0,67,47,15,112,0,174,44,0,44,218
01/23/2011,SRQ,FL,ASO,ES,Towers with Radar,47,9,65,2,123,0,4,117,2,123,47,13,182,4,246,56,2,58,304
01/24/2011,SRQ,FL,ASO,ES,Towers with Radar,43,11,72,2,128,0,1,139,2,142,43,12,211,4,270,56,0,56,326
01/25/2011,SRQ,FL,ASO,ES,Towers with Radar,39,11,35,0,85,0,2,34,0,36,39,13,69,0,121,2,0,2,123
01/26/2011,SRQ,FL,ASO,ES,Towers with Radar,39,13,67,12,131,0,2,64,0,66,39,15,131,12,197,26,0,26,223
01/27/2011,SRQ,FL,ASO,ES,Towers with Radar,37,21,92,2,152,0,1,127,2,130,37,22,219,4,282,54,2,56,338
01/28/2011,SRQ,FL,ASO,ES,Towers with Radar,44,19,116,2,181,0,0,138,3,141,44,19,254,5,322,62,4,66,388
01/29/2011,SRQ,FL,ASO,ES,Towers with Radar,47,7,55,2,111,0,1,125,2,128,47,8,180,4,239,85,0,85,324
01/30/2011,SRQ,FL,ASO,ES,Towers with Radar,45,15,69,4,133,0,3,95,0,98,45,18,164,4,231,66,0,66,297
01/31/2011,SRQ,FL,ASO,ES,Towers with Radar,44,7,83,16,150,0,2,96,0,98,44,9,179,16,248,39,0,39,287
02/01/2011,SRQ,FL,ASO,ES,Towers with Radar,32,10,45,0,87,0,0,110,0,110,32,10,155,0,197,38,0,38,235
02/02/2011,SRQ,FL,ASO,ES,Towers with Radar,30,15,48,4,97,0,14,22,4,40,30,29,70,8,137,62,2,64,201
02/03/2011,SRQ,FL,ASO,ES,Towers with Radar,44,30,94,0,168,0,4,56,0,60,44,34,150,0,228,50,0,50,278
02/04/2011,SRQ,FL,ASO,ES,Towers with Radar,43,23,78,6,150,0,5,116,3,124,43,28,194,9,274,56,48,104,378
02/05/2011,SRQ,FL,ASO,ES,Towers with Radar,48,16,59,0,123,0,0,3,0,3,48,16,62,0,126,0,0,0,126
02/06/2011,SRQ,FL,ASO,ES,Towers with Radar,46,11,75,0,132,0,0,36,0,36,46,11,111,0,168,58,0,58,226
02/07/2011,SRQ,FL,ASO,ES,Towers with Radar,43,11,63,0,117,0,0,2,0,2,43,11,65,0,119,0,0,0,119
02/08/2011,SRQ,FL,ASO,ES,Towers with Radar,46,20,91,6,163,0,3,118,4,125,46,23,209,10,288,66,0,66,354
02/09/2011,SRQ,FL,ASO,ES,Towers with Radar,40,12,72,20,144,0,4,133,2,139,40,16,205,22,283,94,0,94,377
02/10/2011,SRQ,FL,ASO,ES,Towers with Radar,44,12,55,0,111,0,0,1,0,1,44,12,56,0,112,0,0,0,112
02/11/2011,SRQ,FL,ASO,ES,Towers with Radar,44,23,75,0,142,0,2,46,0,48,44,25,121,0,190,36,0,36,226
02/12/2011,SRQ,FL,ASO,ES,Towers with Radar,51,7,81,2,141,0,1,202,2,205,51,8,283,4,346,104,0,104,450
02/13/2011,SRQ,FL,ASO,ES,Towers with Radar,46,8,87,0,141,0,13,151,0,164,46,21,238,0,305,80,0,80,385
02/14/2011,SRQ,FL,ASO,ES,Towers with Radar,42,9,67,0,118,0,2,157,0,159,42,11,224,0,277,84,0,84,361
02/15/2011,SRQ,FL,ASO,ES,Towers with Radar,42,14,107,0,163,0,1,164,0,165,42,15,271,0,328,72,0,72,400
02/16/2011,SRQ,FL,ASO,ES,Towers with Radar,42,15,80,0,137,0,1,146,0,147,42,16,226,0,284,80,0,80,364
02/17/2011,SRQ,FL,ASO,ES,Towers with Radar,44,14,85,19,162,0,0,166,1,167,44,14,251,20,329,140,0,140,469
02/18/2011,SRQ,FL,ASO,ES,Towers with Radar,46,23,103,0,172,0,0,130,0,130,46,23,233,0,302,20,0,20,322
02/19/2011,SRQ,FL,ASO,ES,Towers with Radar,50,20,62,0,132,0,0,180,0,180,50,20,242,0,312,52,0,52,364
02/20/2011,SRQ,FL,ASO,ES,Towers with Radar,48,21,84,0,153,0,1,150,0,151,48,22,234,0,304,46,0,46,350
02/21/2011,SRQ,FL,ASO,ES,Towers with Radar,46,16,91,0,153,0,0,115,0,115,46,16,206,0,268,116,2,118,386
02/22/2011,SRQ,FL,ASO,ES,Towers with Radar,44,19,90,0,153,0,1,118,4,123,44,20,208,4,276,44,0,44,320
02/23/2011,SRQ,FL,ASO,ES,Towers with Radar,44,18,79,0,141,0,2,100,0,102,44,20,179,0,243,115,0,115,358
02/24/2011,SRQ,FL,ASO,ES,Towers with Radar,44,21,91,2,158,0,5,98,0,103,44,26,189,2,261,120,0,120,381
02/25/2011,SRQ,FL,ASO,ES,Towers with Radar,44,29,111,2,186,0,4,155,0,159,44,33,266,2,345,136,2,138,483
02/26/2011,SRQ,FL,ASO,ES,Towers with Radar,53,14,91,0,158,0,6,203,0,209,53,20,294,0,367,68,0,68,435
02/27/2011,SRQ,FL,ASO,ES,Towers with Radar,50,15,99,0,164,0,6,139,0,145,50,21,238,0,309,32,0,32,341
02/28/2011,SRQ,FL,ASO,ES,Towers with Radar,43,21,67,1,132,0,1,85,0,86,43,22,152,1,218,64,0,64,282
03/01/2011,SRQ,FL,ASO,ES,Towers with Radar,43,14,99,2,158,0,0,35,0,35,43,14,134,2,193,36,0,36,229
03/02/2011,SRQ,FL,ASO,ES,Towers with Radar,45,24,106,1,176,0,3,157,0,160,45,27,263,1,336,128,0,128,464
03/03/2011,SRQ,FL,ASO,ES,Towers with Radar,46,15,62,2,125,0,2,96,3,101,46,17,158,5,226,26,4,30,256
03/04/2011,SRQ,FL,ASO,ES,Towers with Radar,46,13,73,6,138,0,7,93,2,102,46,20,166,8,240,18,0,18,258
03/05/2011,SRQ,FL,ASO,ES,Towers with Radar,51,5,68,0,124,0,4,113,2,119,51,9,181,2,243,72,0,72,315
03/06/2011,SRQ,FL,ASO,ES,Towers with Radar,50,13,56,3,122,0,0,46,1,47,50,13,102,4,169,72,0,72,241
03/07/2011,SRQ,FL,ASO,ES,Towers with Radar,46,11,75,2,134,0,0,102,0,102,46,11,177,2,236,62,0,62,298
03/08/2011,SRQ,FL,ASO,ES,Towers with Radar,48,11,73,0,132,0,8,116,0,124,48,19,189,0,256,90,0,90,346
03/09/2011,SRQ,FL,ASO,ES,Towers with Radar,47,11,56,0,114,0,4,111,0,115,47,15,167,0,229,68,0,68,297
03/10/2011,SRQ,FL,ASO,ES,Towers with Radar,48,20,87,0,155,0,1,46,0,47,48,21,133,0,202,22,0,22,224
03/11/2011,SRQ,FL,ASO,ES,Towers with Radar,48,15,102,2,167,0,1,162,3,166,48,16,264,5,333,18,0,18,351
03/12/2011,SRQ,FL,ASO,ES,Towers with Radar,54,12,74,1,141,0,8,160,0,168,54,20,234,1,309,104,0,104,413
03/13/2011,SRQ,FL,ASO,ES,Towers with Radar,52,14,72,0,138,0,4,132,0,136,52,18,204,0,274,44,0,44,318
03/14/2011,SRQ,FL,ASO,ES,Towers with Radar,48,19,74,7,148,0,1,138,4,143,48,20,212,11,291,93,18,111,402
03/15/2011,SRQ,FL,ASO,ES,Towers with Radar,48,12,74,8,142,0,0,151,0,151,48,12,225,8,293,42,0,42,335
03/16/2011,SRQ,FL,ASO,ES,Towers with Radar,48,8,65,0,121,0,0,173,1,174,48,8,238,1,295,78,0,78,373
03/17/2011,SRQ,FL,ASO,ES,Towers with Radar,48,17,88,2,155,0,1,151,0,152,48,18,239,2,307,22,0,22,329
03/18/2011,SRQ,FL,ASO,ES,Towers with Radar,48,22,106,22,198,0,1,187,1,189,48,23,293,23,387,146,2,148,535
03/19/2011,SRQ,FL,ASO,ES,Towers with Radar,55,19,80,2,156,0,4,160,2,166,55,23,240,4,322,76,20,96,418
03/20/2011,SRQ,FL,ASO,ES,Towers with Radar,57,29,92,0,178,0,2,120,0,122,57,31,212,0,300,16,0,16,316
03/21/2011,SRQ,FL,ASO,ES,Towers with Radar,48,15,54,4,121,0,8,119,0,127,48,23,173,4,248,105,0,105,353
03/22/2011,SRQ,FL,ASO,ES,Towers with Radar,48,16,73,0,137,0,0,141,0,141,48,16,214,0,278,90,0,90,368
03/23/2011,SRQ,FL,ASO,ES,Towers with Radar,50,16,65,1,132,0,7,123,1,131,50,23,188,2,263,134,0,134,397
03/24/2011,SRQ,FL,ASO,ES,Towers with Radar,48,23,95,4,170,0,2,117,2,121,48,25,212,6,291,58,0,58,349
03/25/2011,SRQ,FL,ASO,ES,Towers with Radar,48,19,84,3,154,0,4,169,4,177,48,23,253,7,331,68,0,68,399
03/26/2011,SRQ,FL,ASO,ES,Towers with Radar,54,33,61,0,148,0,4,114,0,118,54,37,175,0,266,92,0,92,358
03/27/2011,SRQ,FL,ASO,ES,Towers with Radar,52,37,90,9,188,0,0,92,2,94,52,37,182,11,282,106,0,106,388
03/28/2011,SRQ,FL,ASO,ES,Towers with Radar,48,28,34,13,123,0,3,39,17,59,48,31,73,30,182,74,22,96,278
03/29/2011,SRQ,FL,ASO,ES,Towers with Radar,48,13,72,2,135,0,0,133,0,133,48,13,205,2,268,120,0,120,388
03/30/2011,SRQ,FL,ASO,ES,Towers with Radar,48,10,95,0,153,0,1,33,0,34,48,11,128,0,187,0,0,0,187
03/31/2011,SRQ,FL,ASO,ES,Towers with Radar,43,15,28,1,87,0,2,9,1,12,43,17,37,2,99,0,0,0,99
04/01/2011,SRQ,FL,ASO,ES,Towers with Radar,46,29,104,1,180,0,4,155,1,160,46,33,259,2,340,54,0,54,394
04/02/2011,SRQ,FL,ASO,ES,Towers with Radar,49,22,59,0,130,0,6,155,0,161,49,28,214,0,291,38,0,38,329
04/03/2011,SRQ,FL,ASO,ES,Towers with Radar,47,10,90,0,147,0,0,145,0,145,47,10,235,0,292,34,0,34,326
04/04/2011,SRQ,FL,ASO,ES,Towers with Radar,50,16,52,6,124,0,1,102,8,111,50,17,154,14,235,34,12,46,281
04/05/2011,SRQ,FL,ASO,ES,Towers with Radar,46,16,38,11,111,0,1,16,0,17,46,17,54,11,128,6,0,6,134
04/06/2011,SRQ,FL,ASO,ES,Towers with Radar,46,10,90,9,155,0,2,179,3,184,46,12,269,12,339,104,0,104,443
04/07/2011,SRQ,FL,ASO,ES,Towers with Radar,50,14,91,4,159,0,6,167,12,185,50,20,258,16,344,64,14,78,422
04/08/2011,SRQ,FL,ASO,ES,Towers with Radar,46,18,85,4,153,0,5,123,0,128,46,23,208,4,281,64,2,66,347
04/09/2011,SRQ,FL,ASO,ES,Towers with Radar,52,12,65,0,129,0,0,101,0,101,52,12,166,0,230,44,0,44,274
04/10/2011,SRQ,FL,ASO,ES,Towers with Radar,47,14,81,0,142,0,2,118,0,120,47,16,199,0,262,36,0,36,298
04/11/2011,SRQ,FL,ASO,ES,Towers with Radar,45,13,51,6,115,0,2,111,1,114,45,15,162,7,229,80,6,86,315
04/12/2011,SRQ,FL,ASO,ES,Towers with Radar,46,26,45,4,121,0,3,100,4,107,46,29,145,8,228,82,4,86,314
04/13/2011,SRQ,FL,ASO,ES,Towers with Radar,46,25,57,2,130,0,3,159,2,164,46,28,216,4,294,96,0,96,390
04/14/2011,SRQ,FL,ASO,ES,Towers with Radar,45,26,65,0,136,0,1,130,0,131,45,27,195,0,267,78,0,78,345
04/15/2011,SRQ,FL,ASO,ES,Towers with Radar,46,28,92,18,184,0,5,131,9,145,46,33,223,27,329,38,4,42,371
04/16/2011,SRQ,FL,ASO,ES,Towers with Radar,51,19,39,0,109,0,3,121,0,124,51,22,160,0,233,60,0,60,293
04/17/2011,SRQ,FL,ASO,ES,Towers with Radar,51,14,50,2,117,0,0,114,6,120,51,14,164,8,237,4,20,24,261
04/18/2011,SRQ,FL,ASO,ES,Towers with Radar,46,8,78,5,137,0,3,137,3,143,46,11,215,8,280,36,0,36,316
04/19/2011,SRQ,FL,ASO,ES,Towers with Radar,46,26,50,8,130,0,8,121,0,129,46,34,171,8,259,60,4,64,323
04/20/2011,SRQ,FL,ASO,ES,Towers with Radar,46,16,55,2,119,0,8,138,0,146,46,24,193,2,265,108,2,110,375
04/21/2011,SRQ,FL,ASO,ES,Towers with Radar,46,15,76,10,147,0,0,112,2,114,46,15,188,12,261,40,0,40,301
04/22/2011,SRQ,FL,ASO,ES,Towers with Radar,46,24,68,1,139,0,5,138,1,144,46,29,206,2,283,30,0,30,313
04/23/2011,SRQ,FL,ASO,ES,Towers with Radar,50,22,56,0,128,0,7,157,0,164,50,29,213,0,292,90,0,90,382
04/24/2011,SRQ,FL,ASO,ES,Towers with Radar,50,26,56,0,132,0,3,47,0,50,50,29,103,0,182,46,0,46,228
04/25/2011,SRQ,FL,ASO,ES,Towers with Radar,46,21,93,2,162,0,1,128,0,129,46,22,221,2,291,86,0,86,377
04/26/2011,SRQ,FL,ASO,ES,Towers with Radar,46,18,47,3,114,0,2,98,2,102,46,20,145,5,216,92,0,92,308
04/27/2011,SRQ,FL,ASO,ES,Towers with Radar,45,16,73,2,136,0,0,169,1,170,45,16,242,3,306,202,0,202,508
04/28/2011,SRQ,FL,ASO,ES,Towers with Radar,43,16,74,6,139,0,8,112,2,122,43,24,186,8,261,82,0,82,343
04/29/2011,SRQ,FL,ASO,ES,Towers with Radar,46,16,95,0,157,0,1,163,0,164,46,17,258,0,321,78,0,78,399
04/30/2011,SRQ,FL,ASO,ES,Towers with Radar,52,12,69,0,133,0,4,132,0,136,52,16,201,0,269,66,0,66,335
05/01/2011,SRQ,FL,ASO,ES,Towers with Radar,48,18,95,0,161,0,12,117,0,129,48,30,212,0,290,84,0,84,374
05/02/2011,SRQ,FL,ASO,ES,Towers with Radar,43,10,55,6,114,0,8,114,0,122,43,18,169,6,236,98,2,100,336
05/03/2011,SRQ,FL,ASO,ES,Towers with Radar,40,8,41,8,97,0,7,164,0,171,40,15,205,8,268,98,0,98,366
05/04/2011,SRQ,FL,ASO,ES,Towers with Radar,30,13,66,4,113,0,7,143,0,150,30,20,209,4,263,52,0,52,315
05/05/2011,SRQ,FL,ASO,ES,Towers with Radar,32,13,59,2,106,0,5,124,2,131,32,18,183,4,237,150,14,164,401
05/06/2011,SRQ,FL,ASO,ES,Towers with Radar,31,11,81,16,139,0,0,73,5,78,31,11,154,21,217,82,0,82,299
05/07/2011,SRQ,FL,ASO,ES,Towers with Radar,35,4,63,2,104,0,5,147,0,152,35,9,210,2,256,44,2,46,302
05/08/2011,SRQ,FL,ASO,ES,Towers with Radar,33,4,35,5,77,0,4,74,3,81,33,8,109,8,158,32,0,32,190
05/09/2011,SRQ,FL,ASO,ES,Towers with Radar,32,8,67,10,117,0,4,95,0,99,32,12,162,10,216,58,0,58,274
05/10/2011,SRQ,FL,ASO,ES,Towers with Radar,30,13,58,12,113,0,3,144,19,166,30,16,202,31,279,70,20,90,369
05/11/2011,SRQ,FL,ASO,ES,Towers with Radar,30,11,51,8,100,0,0,149,3,152,30,11,200,11,252,92,8,100,352
05/12/2011,SRQ,FL,ASO,ES,Towers with Radar,31,14,74,11,130,0,3,117,5,125,31,17,191,16,255,110,4,114,369
05/13/2011,SRQ,FL,ASO,ES,Towers with Radar,31,12,63,5,111,0,5,101,3,109,31,17,164,8,220,58,2,60,280
05/14/2011,SRQ,FL,ASO,ES,Towers with Radar,36,9,39,0,84,0,0,79,0,79,36,9,118,0,163,138,0,138,301
05/15/2011,SRQ,FL,ASO,ES,Towers with Radar,33,18,56,9,116,0,2,80,0,82,33,20,136,9,198,58,0,58,256
05/16/2011,SRQ,FL,ASO,ES,Towers with Radar,33,24,70,6,133,0,3,110,0,113,33,27,180,6,246,20,0,20,266
05/17/2011,SRQ,FL,ASO,ES,Towers with Radar,30,12,79,2,123,0,4,128,1,133,30,16,207,3,256,37,0,37,293
05/18/2011,SRQ,FL,ASO,ES,Towers with Radar,30,17,59,19,125,0,6,131,0,137,30,23,190,19,262,116,18,134,396
05/19/2011,SRQ,FL,ASO,ES,Towers with Radar,34,10,77,11,132,0,3,117,2,122,34,13,194,13,254,24,12,36,290
05/20/2011,SRQ,FL,ASO,ES,Towers with Radar,32,18,79,19,148,0,2,133,1,136,32,20,212,20,284,82,12,94,378
05/21/2011,SRQ,FL,ASO,ES,Towers with Radar,34,11,44,1,90,0,3,129,1,133,34,14,173,2,223,76,0,76,299
05/22/2011,SRQ,FL,ASO,ES,Towers with Radar,36,17,56,0,109,0,6,139,0,145,36,23,195,0,254,136,0,136,390
05/23/2011,SRQ,FL,ASO,ES,Towers with Radar,29,16,69,0,114,0,1,93,0,94,29,17,162,0,208,58,0,58,266
05/24/2011,SRQ,FL,ASO,ES,Towers with Radar,30,17,58,0,105,0,4,113,0,117,30,21,171,0,222,28,0,28,250
05/25/2011,SRQ,FL,ASO,ES,Towers with Radar,32,10,92,0,134,0,3,136,0,139,32,13,228,0,273,74,0,74,347
05/26/2011,SRQ,FL,ASO,ES,Towers with Radar,28,10,67,7,112,0,4,114,0,118,28,14,181,7,230,90,0,90,320
05/27/2011,SRQ,FL,ASO,ES,Towers with Radar,30,12,66,14,122,0,4,66,1,71,30,16,132,15,193,174,10,184,377
05/28/2011,SRQ,FL,ASO,ES,Towers with Radar,34,5,31,0,70,0,3,116,0,119,34,8,147,0,189,84,0,84,273
05/29/2011,SRQ,FL,ASO,ES,Towers with Radar,25,4,25,0,54,0,5,81,0,86,25,9,106,0,140,40,0,40,180
05/30/2011,SRQ,FL,ASO,ES,Towers with Radar,30,17,57,2,106,0,6,73,0,79,30,23,130,2,185,30,0,30,215
05/31/2011,SRQ,FL,ASO,ES,Towers with Radar,30,15,57,0,102,0,2,84,0,86,30,17,141,0,188,42,0,42,230
06/01/2011,SRQ,FL,ASO,ES,Towers with Radar,32,8,49,0,89,0,2,95,2,99,32,10,144,2,188,14,0,14,202
06/02/2011,SRQ,FL,ASO,ES,Towers with Radar,30,7,53,0,90,0,2,125,0,127,30,9,178,0,217,76,0,76,293
06/03/2011,SRQ,FL,ASO,ES,Towers with Radar,30,12,44,0,86,1,1,110,1,113,31,13,154,1,199,110,0,110,309
06/04/2011,SRQ,FL,ASO,ES,Towers with Radar,36,10,42,2,90,0,1,104,0,105,36,11,146,2,195,62,0,62,257
06/05/2011,SRQ,FL,ASO,ES,Towers with Radar,31,8,42,0,81,0,8,96,0,104,31,16,138,0,185,52,0,52,237
06/06/2011,SRQ,FL,ASO,ES,Towers with Radar,32,9,37,0,78,0,1,70,0,71,32,10,107,0,149,40,0,40,189
06/07/2011,SRQ,FL,ASO,ES,Towers with Radar,30,6,29,4,69,0,3,91,0,94,30,9,120,4,163,112,0,112,275
06/08/2011,SRQ,FL,ASO,ES,Towers with Radar,30,14,75,5,124,0,2,86,0,88,30,16,161,5,212,92,2,94,306
06/09/2011,SRQ,FL,ASO,ES,Towers with Radar,27,11,29,0,67,0,6,99,0,105,27,17,128,0,172,76,0,76,248
06/10/2011,SRQ,FL,ASO,ES,Towers with Radar,26,12,44,6,88,0,5,96,0,101,26,17,140,6,189,94,4,98,287
06/11/2011,SRQ,FL,ASO,ES,Towers with Radar,32,3,54,0,89,0,1,105,0,106,32,4,159,0,195,52,0,52,247
06/12/2011,SRQ,FL,ASO,ES,Towers with Radar,27,6,48,0,81,0,1,99,0,100,27,7,147,0,181,46,0,46,227
06/13/2011,SRQ,FL,ASO,ES,Towers with Radar,24,8,57,0,89,0,1,111,4,116,24,9,168,4,205,120,14,134,339
06/14/2011,SRQ,FL,ASO,ES,Towers with Radar,26,12,33,4,75,0,8,92,0,100,26,20,125,4,175,56,4,60,235
06/15/2011,SRQ,FL,ASO,ES,Towers with Radar,24,8,63,0,95,0,2,61,2,65,24,10,124,2,160,62,0,62,222
06/16/2011,SRQ,FL,ASO,ES,Towers with Radar,23,9,59,4,95,0,10,91,0,101,23,19,150,4,196,124,0,124,320
06/17/2011,SRQ,FL,ASO,ES,Towers with Radar,25,9,61,2,97,0,3,95,0,98,25,12,156,2,195,36,0,36,231
06/18/2011,SRQ,FL,ASO,ES,Towers with Radar,32,7,36,2,77,0,5,142,4,151,32,12,178,6,228,88,8,96,324
06/19/2011,SRQ,FL,ASO,ES,Towers with Radar,26,8,46,2,82,0,0,78,3,81,26,8,124,5,163,58,4,62,225
06/20/2011,SRQ,FL,ASO,ES,Towers with Radar,24,12,46,0,82,0,3,92,0,95,24,15,138,0,177,114,0,114,291
06/21/2011,SRQ,FL,ASO,ES,Towers with Radar,25,6,47,0,78,0,2,82,1,85,25,8,129,1,163,90,0,90,253
06/22/2011,SRQ,FL,ASO,ES,Towers with Radar,25,6,40,1,72,0,7,90,5,102,25,13,130,6,174,46,6,52,226
06/23/2011,SRQ,FL,ASO,ES,Towers with Radar,22,9,45,2,78,0,4,79,0,83,22,13,124,2,161,86,0,86,247
06/24/2011,SRQ,FL,ASO,ES,Towers with Radar,26,15,56,5,102,0,0,84,1,85,26,15,140,6,187,60,0,60,247
06/25/2011,SRQ,FL,ASO,ES,Towers with Radar,29,12,40,0,81,0,1,38,0,39,29,13,78,0,120,70,0,70,190
06/26/2011,SRQ,FL,ASO,ES,Towers with Radar,26,8,41,0,75,0,1,28,0,29,26,9,69,0,104,8,0,8,112
06/27/2011,SRQ,FL,ASO,ES,Towers with Radar,24,6,44,12,86,0,2,74,2,78,24,8,118,14,164,120,5,125,289
06/28/2011,SRQ,FL,ASO,ES,Towers with Radar,25,5,39,3,72,0,5,48,1,54,25,10,87,4,126,74,18,92,218
06/29/2011,SRQ,FL,ASO,ES,Towers with Radar,27,7,49,10,93,0,0,102,0,102,27,7,151,10,195,140,0,140,335
06/30/2011,SRQ,FL,ASO,ES,Towers with Radar,34,19,61,2,116,0,1,64,6,71,34,20,125,8,187,0,6,6,193
07/01/2011,SRQ,FL,ASO,ES,Towers with Radar,26,11,51,0,88,0,2,74,0,76,26,13,125,0,164,66,0,66,230
07/02/2011,SRQ,FL,ASO,ES,Towers with Radar,32,10,28,3,73,0,2,62,0,64,32,12,90,3,137,86,0,86,223
07/03/2011,SRQ,FL,ASO,ES,Towers with Radar,24,7,43,0,74,0,4,124,1,129,24,11,167,1,203,40,0,40,243
07/04/2011,SRQ,FL,ASO,ES,Towers with Radar,25,2,31,6,64,0,2,62,0,64,25,4,93,6,128,4,4,8,136
07/05/2011,SRQ,FL,ASO,ES,Towers with Radar,25,6,56,0,87,0,3,88,0,91,25,9,144,0,178,20,0,20,198
07/06/2011,SRQ,FL,ASO,ES,Towers with Radar,25,11,41,0,77,0,3,72,2,77,25,14,113,2,154,68,0,68,222
07/07/2011,SRQ,FL,ASO,ES,Towers with Radar,27,10,35,0,72,0,5,61,0,66,27,15,96,0,138,44,0,44,182
07/08/2011,SRQ,FL,ASO,ES,Towers with Radar,25,13,40,0,78,0,0,8,0,8,25,13,48,0,86,0,0,0,86
07/09/2011,SRQ,FL,ASO,ES,Towers with Radar,30,6,36,0,72,0,1,100,0,101,30,7,136,0,173,88,0,88,261
07/10/2011,SRQ,FL,ASO,ES,Towers with Radar,28,8,37,8,81,0,2,79,0,81,28,10,116,8,162,66,4,70,232
07/11/2011,SRQ,FL,ASO,ES,Towers with Radar,24,6,46,0,76,0,1,83,0,84,24,7,129,0,160,96,4,100,260
07/12/2011,SRQ,FL,ASO,ES,Towers with Radar,28,6,29,8,71,0,0,91,0,91,28,6,120,8,162,70,0,70,232
07/13/2011,SRQ,FL,ASO,ES,Towers with Radar,25,3,40,3,71,0,2,94,2,98,25,5,134,5,169,114,0,114,283
07/14/2011,SRQ,FL,ASO,ES,Towers with Radar,25,9,42,0,76,0,1,118,0,119,25,10,160,0,195,10,0,10,205
07/15/2011,SRQ,FL,ASO,ES,Towers with Radar,28,12,51,3,94,0,5,96,0,101,28,17,147,3,195,86,0,86,281
07/16/2011,SRQ,FL,ASO,ES,Towers with Radar,32,4,31,0,67,0,0,96,1,97,32,4,127,1,164,62,0,62,226
07/17/2011,SRQ,FL,ASO,ES,Towers with Radar,30,6,35,0,71,0,0,88,0,88,30,6,123,0,159,68,0,68,227
07/18/2011,SRQ,FL,ASO,ES,Towers with Radar,26,8,59,1,94,0,2,95,1,98,26,10,154,2,192,70,2,72,264
07/19/2011,SRQ,FL,ASO,ES,Towers with Radar,26,4,27,0,57,0,1,127,0,128,26,5,154,0,185,112,0,112,297
07/20/2011,SRQ,FL,ASO,ES,Towers with Radar,24,12,38,0,74,0,5,126,2,133,24,17,164,2,207,146,0,146,353
07/21/2011,SRQ,FL,ASO,ES,Towers with Radar,24,8,57,0,89,0,2,99,0,101,24,10,156,0,190,40,0,40,230
07/22/2011,SRQ,FL,ASO,ES,Towers with Radar,26,12,51,2,91,0,3,107,0,110,26,15,158,2,201,70,0,70,271
07/23/2011,SRQ,FL,ASO,ES,Towers with Radar,30,3,25,0,58,0,10,117,0,127,30,13,142,0,185,98,0,98,283
07/24/2011,SRQ,FL,ASO,ES,Towers with Radar,27,4,26,0,57,0,4,90,0,94,27,8,116,0,151,48,0,48,199
07/25/2011,SRQ,FL,ASO,ES,Towers with Radar,26,4,41,0,71,0,6,66,16,88,26,10,107,16,159,154,0,154,313
07/26/2011,SRQ,FL,ASO,ES,Towers with Radar,25,11,34,6,76,0,0,67,2,69,25,11,101,8,145,54,0,54,199
07/27/2011,SRQ,FL,ASO,ES,Towers with Radar,25,5,35,0,65,0,0,60,0,60,25,5,95,0,125,60,0,60,185
07/28/2011,SRQ,FL,ASO,ES,Towers with Radar,24,6,39,0,69,0,3,78,0,81,24,9,117,0,150,42,0,42,192
07/29/2011,SRQ,FL,ASO,ES,Towers with Radar,25,13,65,0,103,0,12,102,0,114,25,25,167,0,217,58,0,58,275
07/30/2011,SRQ,FL,ASO,ES,Towers with Radar,32,1,16,0,49,0,4,79,0,83,32,5,95,0,132,56,0,56,188
07/31/2011,SRQ,FL,ASO,ES,Towers with Radar,29,6,35,2,72,0,2,50,4,56,29,8,85,6,128,10,0,10,138
08/01/2011,SRQ,FL,ASO,ES,Towers with Radar,26,5,40,0,71,0,2,47,0,49,26,7,87,0,120,50,0,50,170
08/02/2011,SRQ,FL,ASO,ES,Towers with Radar,27,7,37,9,80,0,1,81,2,84,27,8,118,11,164,64,0,64,228
08/03/2011,SRQ,FL,ASO,ES,Towers with Radar,26,14,52,0,92,0,4,113,4,121,26,18,165,4,213,52,2,54,267
08/04/2011,SRQ,FL,ASO,ES,Towers with Radar,26,14,24,0,64,0,5,111,0,116,26,19,135,0,180,78,0,78,258
08/05/2011,SRQ,FL,ASO,ES,Towers with Radar,27,13,34,0,74,0,3,99,0,102,27,16,133,0,176,74,0,74,250
08/06/2011,SRQ,FL,ASO,ES,Towers with Radar,32,8,30,0,70,0,1,94,0,95,32,9,124,0,165,42,0,42,207
08/07/2011,SRQ,FL,ASO,ES,Towers with Radar,26,4,27,0,57,0,1,40,0,41,26,5,67,0,98,44,0,44,142
08/08/2011,SRQ,FL,ASO,ES,Towers with Radar,25,3,33,6,67,0,3,64,0,67,25,6,97,6,134,98,0,98,232
08/09/2011,SRQ,FL,ASO,ES,Towers with Radar,27,8,19,0,54,0,2,31,0,33,27,10,50,0,87,38,0,38,125
08/10/2011,SRQ,FL,ASO,ES,Towers with Radar,23,11,28,0,62,0,0,13,0,13,23,11,41,0,75,0,0,0,75
08/11/2011,SRQ,FL,ASO,ES,Towers with Radar,25,11,45,0,81,0,8,98,0,106,25,19,143,0,187,92,0,92,279
08/12/2011,SRQ,FL,ASO,ES,Towers with Radar,25,11,45,2,83,0,1,101,3,105,25,12,146,5,188,82,0,82,270
08/13/2011,SRQ,FL,ASO,ES,Towers with Radar,34,4,28,0,66,0,3,98,0,101,34,7,126,0,167,100,0,100,267
08/14/2011,SRQ,FL,ASO,ES,Towers with Radar,29,7,41,7,84,0,0,86,1,87,29,7,127,8,171,58,0,58,229
08/15/2011,SRQ,FL,ASO,ES,Towers with Radar,25,6,29,12,72,0,1,63,6,70,25,7,92,18,142,78,12,90,232
08/16/2011,SRQ,FL,ASO,ES,Towers with Radar,25,12,28,2,67,0,0,91,0,91,25,12,119,2,158,20,0,20,178
08/17/2011,SRQ,FL,ASO,ES,Towers with Radar,27,7,37,0,71,0,5,63,3,71,27,12,100,3,142,100,4,104,246
08/18/2011,SRQ,FL,ASO,ES,Towers with Radar,25,7,29,0,61,0,3,89,0,92,25,10,118,0,153,90,0,90,243
08/19/2011,SRQ,FL,ASO,ES,Towers with Radar,26,10,41,2,79,0,2,88,0,90,26,12,129,2,169,88,0,88,257
08/20/2011,SRQ,FL,ASO,ES,Towers with Radar,32,9,26,0,67,0,1,112,0,113,32,10,138,0,180,94,0,94,274
08/21/2011,SRQ,FL,ASO,ES,Towers with Radar,27,14,52,0,93,0,4,93,0,97,27,18,145,0,190,54,0,54,244
08/22/2011,SRQ,FL,ASO,ES,Towers with Radar,26,7,32,0,65,0,0,91,2,93,26,7,123,2,158,20,0,20,178
08/23/2011,SRQ,FL,ASO,ES,Towers with Radar,28,6,28,1,63,0,3,67,1,71,28,9,95,2,134,44,0,44,178
08/24/2011,SRQ,FL,ASO,ES,Towers with Radar,28,8,53,8,97,0,0,113,0,113,28,8,166,8,210,106,12,118,328
08/25/2011,SRQ,FL,ASO,ES,Towers with Radar,26,10,29,4,69,0,1,53,1,55,26,11,82,5,124,32,0,32,156
08/26/2011,SRQ,FL,ASO,ES,Towers with Radar,25,10,38,0,73,0,3,74,0,77,25,13,112,0,150,72,0,72,222
08/27/2011,SRQ,FL,ASO,ES,Towers with Radar,31,2,38,0,71,0,0,55,0,55,31,2,93,0,126,22,0,22,148
08/28/2011,SRQ,FL,ASO,ES,Towers with Radar,24,4,38,1,67,0,2,63,0,65,24,6,101,1,132,58,0,58,190
08/29/2011,SRQ,FL,ASO,ES,Towers with Radar,25,10,22,0,57,0,0,35,0,35,25,10,57,0,92,24,0,24,116
08/30/2011,SRQ,FL,ASO,ES,Towers with Radar,26,8,23,1,58,0,5,70,0,75,26,13,93,1,133,68,0,68,201
08/31/2011,SRQ,FL,ASO,ES,Towers with Radar,26,3,51,0,80,0,0,77,0,77,26,3,128,0,157,14,0,14,171
09/01/2011,SRQ,FL,ASO,ES,Towers with Radar,27,18,39,0,84,0,4,87,0,91,27,22,126,0,175,44,0,44,219
09/02/2011,SRQ,FL,ASO,ES,Towers with Radar,25,13,67,3,108,0,2,103,0,105,25,15,170,3,213,60,16,76,289
09/03/2011,SRQ,FL,ASO,ES,Towers with Radar,29,10,35,0,74,0,5,109,0,114,29,15,144,0,188,102,0,102,290
09/04/2011,SRQ,FL,ASO,ES,Towers with Radar,22,3,9,0,34,0,4,60,0,64,22,7,69,0,98,64,0,64,162
09/05/2011,SRQ,FL,ASO,ES,Towers with Radar,24,15,34,0,73,0,1,40,0,41,24,16,74,0,114,22,0,22,136
09/06/2011,SRQ,FL,ASO,ES,Towers with Radar,26,6,20,5,57,0,3,13,7,23,26,9,33,12,80,14,10,24,104
09/07/2011,SRQ,FL,ASO,ES,Towers with Radar,26,6,44,4,80,0,4,33,0,37,26,10,77,4,117,38,0,38,155
09/08/2011,SRQ,FL,ASO,ES,Towers with Radar,26,11,40,8,85,0,7,70,0,77,26,18,110,8,162,48,2,50,212
09/09/2011,SRQ,FL,ASO,ES,Towers with Radar,26,8,38,0,72,0,2,86,0,88,26,10,124,0,160,24,0,24,184
09/10/2011,SRQ,FL,ASO,ES,Towers with Radar,31,5,26,0,62,0,2,79,0,81,31,7,105,0,143,56,0,56,199
09/11/2011,SRQ,FL,ASO,ES,Towers with Radar,26,7,35,0,68,0,2,75,0,77,26,9,110,0,145,4,0,4,149
09/12/2011,SRQ,FL,ASO,ES,Towers with Radar,26,13,42,3,84,0,1,93,3,97,26,14,135,6,181,84,6,90,271
09/13/2011,SRQ,FL,ASO,ES,Towers with Radar,30,8,43,2,83,0,0,110,3,113,30,8,153,5,196,22,0,22,218
09/14/2011,SRQ,FL,ASO,ES,Towers with Radar,26,5,66,2,99,0,0,108,1,109,26,5,174,3,208,24,0,24,232
09/15/2011,SRQ,FL,ASO,ES,Towers with Radar,28,8,51,0,87,2,2,118,0,122,30,10,169,0,209,48,0,48,257
09/16/2011,SRQ,FL,ASO,ES,Towers with Radar,25,14,50,0,89,0,1,79,0,80,25,15,129,0,169,30,0,30,199
09/17/2011,SRQ,FL,ASO,ES,Towers with Radar,29,7,34,0,70,0,1,127,0,128,29,8,161,0,198,64,1,65,263
09/18/2011,SRQ,FL,ASO,ES,Towers with Radar,27,5,36,0,68,0,0,59,2,61,27,5,95,2,129,22,0,22,151
09/19/2011,SRQ,FL,ASO,ES,Towers with Radar,26,7,79,6,118,0,2,43,0,45,26,9,122,6,163,22,0,22,185
09/20/2011,SRQ,FL,ASO,ES,Towers with Radar,26,11,42,0,79,0,0,65,0,65,26,11,107,0,144,30,0,30,174
09/21/2011,SRQ,FL,ASO,ES,Towers with Radar,26,15,47,0,88,0,11,99,0,110,26,26,146,0,198,30,0,30,228
09/22/2011,SRQ,FL,ASO,ES,Towers with Radar,30,17,46,0,93,0,0,55,0,55,30,17,101,0,148,62,0,62,210
09/23/2011,SRQ,FL,ASO,ES,Towers with Radar,25,14,50,8,97,0,1,82,4,87,25,15,132,12,184,50,0,50,234
09/24/2011,SRQ,FL,ASO,ES,Towers with Radar,29,4,32,0,65,0,4,75,0,79,29,8,107,0,144,82,0,82,226
09/25/2011,SRQ,FL,ASO,ES,Towers with Radar,28,14,39,0,81,0,0,34,0,34,28,14,73,0,115,0,0,0,115
09/26/2011,SRQ,FL,ASO,ES,Towers with Radar,26,17,31,0,74,0,0,41,0,41,26,17,72,0,115,56,0,56,171
09/27/2011,SRQ,FL,ASO,ES,Towers with Radar,26,7,58,0,91,0,4,63,2,69,26,11,121,2,160,20,0,20,180
09/28/2011,SRQ,FL,ASO,ES,Towers with Radar,26,7,72,10,115,0,0,117,2,119,26,7,189,12,234,148,0,148,382
09/29/2011,SRQ,FL,ASO,ES,Towers with Radar,25,13,49,2,89,0,6,173,0,179,25,19,222,2,268,120,0,120,388
09/30/2011,SRQ,FL,ASO,ES,Towers with Radar,26,10,47,4,87,0,2,115,0,117,26,12,162,4,204,52,0,52,256
10/01/2011,SRQ,FL,ASO,ES,Towers with Radar,31,8,32,0,71,0,0,124,0,124,31,8,156,0,195,66,0,66,261
10/02/2011,SRQ,FL,ASO,ES,Towers with Radar,29,13,29,1,72,0,10,83,1,94,29,23,112,2,166,52,0,52,218
10/03/2011,SRQ,FL,ASO,ES,Towers with Radar,28,5,44,14,91,0,2,97,0,99,28,7,141,14,190,18,6,24,214
10/04/2011,SRQ,FL,ASO,ES,Towers with Radar,30,8,38,1,77,0,3,104,1,108,30,11,142,2,185,48,20,68,253
10/05/2011,SRQ,FL,ASO,ES,Towers with Radar,27,8,67,4,106,0,0,148,0,148,27,8,215,4,254,112,0,112,366
10/06/2011,SRQ,FL,ASO,ES,Towers with Radar,24,11,58,2,95,0,0,73,7,80,24,11,131,9,175,36,30,66,241
10/07/2011,SRQ,FL,ASO,ES,Towers with Radar,25,18,50,4,97,0,2,77,4,83,25,20,127,8,180,68,0,68,248
10/08/2011,SRQ,FL,ASO,ES,Towers with Radar,32,2,25,8,67,0,6,18,0,24,32,8,43,8,91,34,0,34,125
10/09/2011,SRQ,FL,ASO,ES,Towers with Radar,29,5,39,0,73,0,1,6,0,7,29,6,45,0,80,0,0,0,80
10/10/2011,SRQ,FL,ASO,ES,Towers with Radar,27,9,39,0,75,0,3,56,0,59,27,12,95,0,134,16,8,24,158
10/11/2011,SRQ,FL,ASO,ES,Towers with Radar,29,10,43,0,82,0,2,107,0,109,29,12,150,0,191,30,0,30,221
10/12/2011,SRQ,FL,ASO,ES,Towers with Radar,27,8,46,10,91,0,3,125,0,128,27,11,171,10,219,78,0,78,297
10/13/2011,SRQ,FL,ASO,ES,Towers with Radar,29,9,42,0,80,0,3,65,0,68,29,12,107,0,148,118,0,118,266
10/14/2011,SRQ,FL,ASO,ES,Towers with Radar,30,8,69,0,107,0,1,126,0,127,30,9,195,0,234,142,0,142,376
10/15/2011,SRQ,FL,ASO,ES,Towers with Radar,32,11,42,0,85,0,1,146,0,147,32,12,188,0,232,90,0,90,322
10/16/2011,SRQ,FL,ASO,ES,Towers with Radar,31,5,31,0,67,0,0,53,0,53,31,5,84,0,120,20,0,20,140
10/17/2011,SRQ,FL,ASO,ES,Towers with Radar,29,9,40,6,84,0,0,44,0,44,29,9,84,6,128,26,0,26,154
10/18/2011,SRQ,FL,ASO,ES,Towers with Radar,28,7,29,4,68,0,0,9,0,9,28,7,38,4,77,8,0,8,85
10/19/2011,SRQ,FL,ASO,ES,Towers with Radar,25,6,49,8,88,0,5,32,0,37,25,11,81,8,125,12,0,12,137
10/20/2011,SRQ,FL,ASO,ES,Towers with Radar,29,12,89,1,131,0,5,95,12,112,29,17,184,13,243,44,20,64,307
10/21/2011,SRQ,FL,ASO,ES,Towers with Radar,29,12,65,7,113,0,6,133,2,141,29,18,198,9,254,36,0,36,290
10/22/2011,SRQ,FL,ASO,ES,Towers with Radar,36,8,52,0,96,0,0,127,0,127,36,8,179,0,223,100,0,100,323
10/23/2011,SRQ,FL,ASO,ES,Towers with Radar,31,12,62,0,105,0,4,119,0,123,31,16,181,0,228,82,0,82,310
10/24/2011,SRQ,FL,ASO,ES,Towers with Radar,30,10,66,14,120,0,10,112,0,122,30,20,178,14,242,28,0,28,270
10/25/2011,SRQ,FL,ASO,ES,Towers with Radar,28,7,53,9,97,0,0,96,0,96,28,7,149,9,193,86,0,86,279
10/26/2011,SRQ,FL,ASO,ES,Towers with Radar,28,11,58,4,101,0,0,128,0,128,28,11,186,4,229,42,0,42,271
10/27/2011,SRQ,FL,ASO,ES,Towers with Radar,28,17,51,2,98,0,4,118,4,126,28,21,169,6,224,100,0,100,324
10/28/2011,SRQ,FL,ASO,ES,Towers with Radar,29,20,51,0,100,0,1,31,0,32,29,21,82,0,132,12,0,12,144
10/29/2011,SRQ,FL,ASO,ES,Towers with Radar,32,6,49,0,87,0,3,36,0,39,32,9,85,0,126,50,0,50,176
10/30/2011,SRQ,FL,ASO,ES,Towers with Radar,34,7,43,1,85,0,2,60,0,62,34,9,103,1,147,52,0,52,199
10/31/2011,SRQ,FL,ASO,ES,Towers with Radar,30,11,45,6,92,0,4,31,0,35,30,15,76,6,127,26,0,26,153
11/01/2011,SRQ,FL,ASO,ES,Towers with Radar,28,9,50,1,88,0,4,98,2,104,28,13,148,3,192,34,0,34,226
11/02/2011,SRQ,FL,ASO,ES,Towers with Radar,28,19,61,0,108,0,2,131,0,133,28,21,192,0,241,106,0,106,347
11/03/2011,SRQ,FL,ASO,ES,Towers with Radar,32,9,65,4,110,0,17,139,0,156,32,26,204,4,266,104,4,108,374
11/04/2011,SRQ,FL,ASO,ES,Towers with Radar,32,17,79,6,134,0,0,81,0,81,32,17,160,6,215,30,0,30,245
11/05/2011,SRQ,FL,ASO,ES,Towers with Radar,38,17,33,0,88,0,0,101,0,101,38,17,134,0,189,91,0,91,280
11/06/2011,SRQ,FL,ASO,ES,Towers with Radar,38,24,55,4,121,0,1,74,0,75,38,25,129,4,196,74,4,78,274
11/07/2011,SRQ,FL,ASO,ES,Towers with Radar,32,7,57,0,96,0,2,123,0,125,32,9,180,0,221,78,0,78,299
11/08/2011,SRQ,FL,ASO,ES,Towers with Radar,28,11,76,6,121,0,4,125,0,129,28,15,201,6,250,100,0,100,350
11/09/2011,SRQ,FL,ASO,ES,Towers with Radar,27,13,68,10,118,0,5,137,3,145,27,18,205,13,263,68,2,70,333
11/10/2011,SRQ,FL,ASO,ES,Towers with Radar,38,14,74,9,135,0,0,121,2,123,38,14,195,11,258,88,0,88,346
11/11/2011,SRQ,FL,ASO,ES,Towers with Radar,38,14,40,0,92,0,0,119,0,119,38,14,159,0,211,126,0,126,337
11/12/2011,SRQ,FL,ASO,ES,Towers with Radar,44,8,30,0,82,0,4,118,0,122,44,12,148,0,204,58,0,58,262
11/13/2011,SRQ,FL,ASO,ES,Towers with Radar,40,11,50,1,102,0,0,116,0,116,40,11,166,1,218,40,0,40,258
11/14/2011,SRQ,FL,ASO,ES,Towers with Radar,40,21,72,4,137,0,3,100,0,103,40,24,172,4,240,14,0,14,254
11/15/2011,SRQ,FL,ASO,ES,Towers with Radar,27,19,86,0,132,0,0,33,0,33,27,19,119,0,165,0,0,0,165
11/16/2011,SRQ,FL,ASO,ES,Towers with Radar,27,19,76,0,122,0,1,53,0,54,27,20,129,0,176,14,0,14,190
11/17/2011,SRQ,FL,ASO,ES,Towers with Radar,41,21,55,0,117,0,1,133,0,134,41,22,188,0,251,96,0,96,347
11/18/2011,SRQ,FL,ASO,ES,Towers with Radar,42,20,52,0,114,0,5,54,0,59,42,25,106,0,173,10,0,10,183
11/19/2011,SRQ,FL,ASO,ES,Towers with Radar,45,12,53,0,110,0,0,182,2,184,45,12,235,2,294,106,0,106,400
11/20/2011,SRQ,FL,ASO,ES,Towers with Radar,43,13,73,0,129,0,5,95,0,100,43,18,168,0,229,70,0,70,299
11/21/2011,SRQ,FL,ASO,ES,Towers with Radar,40,14,75,10,139,0,1,91,0,92,40,15,166,10,231,52,6,58,289
11/22/2011,SRQ,FL,ASO,ES,Towers with Radar,41,22,66,6,135,0,1,124,0,125,41,23,190,6,260,68,0,68,328
11/23/2011,SRQ,FL,ASO,ES,Towers with Radar,40,19,64,1,124,0,0,96,0,96,40,19,160,1,220,76,0,76,296
11/24/2011,SRQ,FL,ASO,ES,Towers with Radar,27,6,32,0,65,0,0,71,0,71,27,6,103,0,136,60,0,60,196
11/25/2011,SRQ,FL,ASO,ES,Towers with Radar,33,9,41,0,83,0,6,100,0,106,33,15,141,0,189,34,0,34,223
11/26/2011,SRQ,FL,ASO,ES,Towers with Radar,46,16,50,0,112,0,1,118,0,119,46,17,168,0,231,88,0,88,319
11/27/2011,SRQ,FL,ASO,ES,Towers with Radar,44,37,85,0,166,0,4,79,0,83,44,41,164,0,249,40,0,40,289
11/28/2011,SRQ,FL,ASO,ES,Towers with Radar,40,12,55,0,107,0,0,19,0,19,40,12,74,0,126,0,0,0,126
11/29/2011,SRQ,FL,ASO,ES,Towers with Radar,34,11,43,10,98,0,1,92,1,94,34,12,135,11,192,20,8,28,220
11/30/2011,SRQ,FL,ASO,ES,Towers with Radar,36,10,76,1,123,0,0,134,1,135,36,10,210,2,258,164,0,164,422
12/01/2011,SRQ,FL,ASO,ES,Towers with Radar,40,17,55,0,112,0,3,149,0,152,40,20,204,0,264,70,0,70,334
12/02/2011,SRQ,FL,ASO,ES,Towers with Radar,40,6,55,6,107,0,7,102,1,110,40,13,157,7,217,54,0,54,271
12/03/2011,SRQ,FL,ASO,ES,Towers with Radar,43,6,43,0,92,0,0,104,0,104,43,6,147,0,196,60,0,60,256
12/04/2011,SRQ,FL,ASO,ES,Towers with Radar,41,13,51,0,105,0,2,72,0,74,41,15,123,0,179,22,0,22,201
12/05/2011,SRQ,FL,ASO,ES,Towers with Radar,39,12,51,2,104,0,0,81,0,81,39,12,132,2,185,14,4,18,203
12/06/2011,SRQ,FL,ASO,ES,Towers with Radar,29,15,53,0,97,0,0,119,4,123,29,15,172,4,220,31,0,31,251
12/07/2011,SRQ,FL,ASO,ES,Towers with Radar,30,4,52,0,86,0,0,126,0,126,30,4,178,0,212,84,0,84,296
12/08/2011,SRQ,FL,ASO,ES,Towers with Radar,39,13,66,0,118,0,4,123,1,128,39,17,189,1,246,118,0,118,364
12/09/2011,SRQ,FL,ASO,ES,Towers with Radar,38,15,52,2,107,0,5,113,2,120,38,20,165,4,227,96,8,104,331
12/10/2011,SRQ,FL,ASO,ES,Towers with Radar,43,11,62,0,116,0,1,59,0,60,43,12,121,0,176,22,0,22,198
12/11/2011,SRQ,FL,ASO,ES,Towers with Radar,41,11,51,0,103,0,0,77,0,77,41,11,128,0,180,24,0,24,204
12/12/2011,SRQ,FL,ASO,ES,Towers with Radar,40,7,56,0,103,0,0,77,0,77,40,7,133,0,180,64,0,64,244
12/13/2011,SRQ,FL,ASO,ES,Towers with Radar,30,8,40,0,78,0,1,104,0,105,30,9,144,0,183,62,0,62,245
12/14/2011,SRQ,FL,ASO,ES,Towers with Radar,30,13,51,2,96,0,1,139,2,142,30,14,190,4,238,138,0,138,376
12/15/2011,SRQ,FL,ASO,ES,Towers with Radar,40,17,57,12,126,0,0,107,0,107,40,17,164,12,233,68,0,68,301
12/16/2011,SRQ,FL,ASO,ES,Towers with Radar,41,18,62,11,132,0,1,150,1,152,41,19,212,12,284,136,0,136,420
12/17/2011,SRQ,FL,ASO,ES,Towers with Radar,46,13,47,0,106,0,6,210,0,216,46,19,257,0,322,52,0,52,374
12/18/2011,SRQ,FL,ASO,ES,Towers with Radar,44,9,49,0,102,0,0,116,0,116,44,9,165,0,218,22,0,22,240
12/19/2011,SRQ,FL,ASO,ES,Towers with Radar,43,11,49,1,104,0,3,120,0,123,43,14,169,1,227,0,0,0,227
12/20/2011,SRQ,FL,ASO,ES,Towers with Radar,38,9,53,2,102,0,2,120,0,122,38,11,173,2,224,82,0,82,306
12/21/2011,SRQ,FL,ASO,ES,Towers with Radar,37,7,49,0,93,0,10,148,0,158,37,17,197,0,251,44,0,44,295
12/22/2011,SRQ,FL,ASO,ES,Towers with Radar,43,16,60,0,119,0,7,115,0,122,43,23,175,0,241,42,0,42,283
12/23/2011,SRQ,FL,ASO,ES,Towers with Radar,44,15,41,0,100,0,6,135,0,141,44,21,176,0,241,78,0,78,319
12/24/2011,SRQ,FL,ASO,ES,Towers with Radar,43,5,32,0,80,0,0,35,0,35,43,5,67,0,115,0,0,0,115
12/25/2011,SRQ,FL,ASO,ES,Towers with Radar,36,13,8,0,57,0,4,25,2,31,36,17,33,2,88,0,0,0,88
12/26/2011,SRQ,FL,ASO,ES,Towers with Radar,47,30,95,0,172,0,5,81,0,86,47,35,176,0,258,16,0,16,274
12/27/2011,SRQ,FL,ASO,ES,Towers with Radar,48,30,74,0,152,0,3,34,0,37,48,33,108,0,189,4,0,4,193
12/28/2011,SRQ,FL,ASO,ES,Towers with Radar,48,37,62,0,147,0,4,128,1,133,48,41,190,1,280,60,0,60,340
12/29/2011,SRQ,FL,ASO,ES,Towers with Radar,48,24,75,0,147,0,0,168,0,168,48,24,243,0,315,110,0,110,425
12/30/2011,SRQ,FL,ASO,ES,Towers with Radar,48,21,67,0,136,0,3,144,0,147,48,24,211,0,283,80,0,80,363
12/31/2011,SRQ,FL,ASO,ES,Towers with Radar,43,6,65,0,114,0,3,89,0,92,43,9,154,0,206,34,0,34,240
01/01/2012,SRQ,FL,ASO,ES,Towers with Radar,39,21,49,4,113,0,1,61,0,62,39,22,110,4,175,32,0,32,207
01/02/2012,SRQ,FL,ASO,ES,Towers with Radar,46,23,79,0,148,0,0,56,0,56,46,23,135,0,204,56,0,56,260
01/03/2012,SRQ,FL,ASO,ES,Towers with Radar,48,15,46,0,109,0,0,61,0,61,48,15,107,0,170,14,0,14,184
01/04/2012,SRQ,FL,ASO,ES,Towers with Radar,42,28,52,1,123,0,4,132,1,137,42,32,184,2,260,80,0,80,340
01/05/2012,SRQ,FL,ASO,ES,Towers with Radar,45,17,57,6,125,0,6,134,7,147,45,23,191,13,272,26,4,30,302
01/06/2012,SRQ,FL,ASO,ES,Towers with Radar,42,26,70,0,138,0,9,129,0,138,42,35,199,0,276,50,0,50,326
01/07/2012,SRQ,FL,ASO,ES,Towers with Radar,45,13,45,0,103,0,0,111,0,111,45,13,156,0,214,24,0,24,238
01/08/2012,SRQ,FL,ASO,ES,Towers with Radar,41,16,49,7,113,0,4,104,4,112,41,20,153,11,225,58,4,62,287
01/09/2012,SRQ,FL,ASO,ES,Towers with Radar,42,8,58,5,113,0,0,107,1,108,42,8,165,6,221,26,0,26,247
01/10/2012,SRQ,FL,ASO,ES,Towers with Radar,34,14,76,0,124,0,0,103,4,107,34,14,179,4,231,24,0,24,255
01/11/2012,SRQ,FL,ASO,ES,Towers with Radar,36,11,57,5,109,0,2,30,0,32,36,13,87,5,141,4,0,4,145
01/12/2012,SRQ,FL,ASO,ES,Towers with Radar,42,22,58,2,124,0,3,108,1,112,42,25,166,3,236,34,0,34,270
01/13/2012,SRQ,FL,ASO,ES,Towers with Radar,43,17,58,0,118,0,1,111,0,112,43,18,169,0,230,64,0,64,294
01/14/2012,SRQ,FL,ASO,ES,Towers with Radar,45,9,54,0,108,0,0,107,0,107,45,9,161,0,215,108,0,108,323
01/15/2012,SRQ,FL,ASO,ES,Towers with Radar,41,17,43,0,101,0,2,113,0,115,41,19,156,0,216,76,0,76,292
01/16/2012,SRQ,FL,ASO,ES,Towers with Radar,40,13,60,0,113,0,2,97,0,99,40,15,157,0,212,88,0,88,300
01/17/2012,SRQ,FL,ASO,ES,Towers with Radar,34,8,44,0,86,0,7,138,1,146,34,15,182,1,232,130,2,132,364
01/18/2012,SRQ,FL,ASO,ES,Towers with Radar,36,14,62,0,112,0,3,95,0,98,36,17,157,0,210,38,0,38,248
01/19/2012,SRQ,FL,ASO,ES,Towers with Radar,42,12,67,0,121,0,1,120,0,121,42,13,187,0,242,42,0,42,284
01/20/2012,SRQ,FL,ASO,ES,Towers with Radar,42,12,68,2,124,0,1,132,0,133,42,13,200,2,257,82,0,82,339
01/21/2012,SRQ,FL,ASO,ES,Towers with Radar,45,6,49,26,126,0,2,166,1,169,45,8,215,27,295,126,8,134,429
01/22/2012,SRQ,FL,ASO,ES,Towers with Radar,41,13,60,5,119,0,3,86,0,89,41,16,146,5,208,80,0,80,288
01/23/2012,SRQ,FL,ASO,ES,Towers with Radar,40,11,63,17,131,0,0,82,1,83,40,11,145,18,214,68,0,68,282
01/24/2012,SRQ,FL,ASO,ES,Towers with Radar,34,14,43,3,94,0,3,128,2,133,34,17,171,5,227,87,0,87,314
01/25/2012,SRQ,FL,ASO,ES,Towers with Radar,36,17,75,6,134,0,2,101,0,103,36,19,176,6,237,32,0,32,269
01/26/2012,SRQ,FL,ASO,ES,Towers with Radar,45,24,69,2,140,0,0,95,0,95,45,24,164,2,235,6,0,6,241
01/27/2012,SRQ,FL,ASO,ES,Towers with Radar,42,18,76,0,136,0,0,35,6,41,42,18,111,6,177,26,0,26,203
01/28/2012,SRQ,FL,ASO,ES,Towers with Radar,45,13,47,2,107,0,1,113,1,115,45,14,160,3,222,50,0,50,272
01/29/2012,SRQ,FL,ASO,ES,Towers with Radar,43,13,60,0,116,0,1,110,1,112,43,14,170,1,228,30,0,30,258
01/30/2012,SRQ,FL,ASO,ES,Towers with Radar,41,13,46,0,100,0,6,103,0,109,41,19,149,0,209,48,1,49,258
01/31/2012,SRQ,FL,ASO,ES,Towers with Radar,36,13,58,2,109,0,4,162,0,166,36,17,220,2,275,85,0,85,360
02/01/2012,SRQ,FL,ASO,ES,Towers with Radar,36,13,58,20,127,0,5,141,15,161,36,18,199,35,288,122,42,164,452
02/02/2012,SRQ,FL,ASO,ES,Towers with Radar,42,14,60,0,116,0,4,119,0,123,42,18,179,0,239,96,0,96,335
02/03/2012,SRQ,FL,ASO,ES,Towers with Radar,42,15,71,1,129,0,5,115,2,122,42,20,186,3,251,44,0,44,295
02/04/2012,SRQ,FL,ASO,ES,Towers with Radar,45,15,45,0,105,0,4,137,1,142,45,19,182,1,247,58,0,58,305
02/05/2012,SRQ,FL,ASO,ES,Towers with Radar,41,7,39,14,101,0,5,121,0,126,41,12,160,14,227,130,4,134,361
02/06/2012,SRQ,FL,ASO,ES,Towers with Radar,44,23,74,48,189,0,1,70,4,75,44,24,144,52,264,46,50,96,360
02/07/2012,SRQ,FL,ASO,ES,Towers with Radar,34,17,72,7,130,0,0,41,1,42,34,17,113,8,172,34,0,34,206
02/08/2012,SRQ,FL,ASO,ES,Towers with Radar,36,16,67,2,121,0,2,158,5,165,36,18,225,7,286,106,0,106,392
02/09/2012,SRQ,FL,ASO,ES,Towers with Radar,42,19,98,4,163,0,2,99,2,103,42,21,197,6,266,120,0,120,386
02/10/2012,SRQ,FL,ASO,ES,Towers with Radar,44,20,79,0,143,0,1,75,1,77,44,21,154,1,220,112,0,112,332
02/11/2012,SRQ,FL,ASO,ES,Towers with Radar,45,7,79,0,131,0,0,61,2,63,45,7,140,2,194,80,0,80,274
02/12/2012,SRQ,FL,ASO,ES,Towers with Radar,41,10,65,1,117,0,1,83,8,92,41,11,148,9,209,110,12,122,331
02/13/2012,SRQ,FL,ASO,ES,Towers with Radar,40,15,45,6,106,0,2,95,0,97,40,17,140,6,203,86,6,92,295
02/14/2012,SRQ,FL,ASO,ES,Towers with Radar,38,13,45,2,98,0,2,152,0,154,38,15,197,2,252,106,0,106,358
02/15/2012,SRQ,FL,ASO,ES,Towers with Radar,42,24,76,16,158,0,1,159,2,162,42,25,235,18,320,172,0,172,492
02/16/2012,SRQ,FL,ASO,ES,Towers with Radar,44,19,90,6,159,0,0,131,0,131,44,19,221,6,290,172,0,172,462
02/17/2012,SRQ,FL,ASO,ES,Towers with Radar,44,29,104,6,183,0,1,50,1,52,44,30,154,7,235,68,0,68,303
02/18/2012,SRQ,FL,ASO,ES,Towers with Radar,49,19,69,0,137,0,0,124,4,128,49,19,193,4,265,78,0,78,343
02/19/2012,SRQ,FL,ASO,ES,Towers with Radar,45,11,58,4,118,0,0,21,0,21,45,11,79,4,139,40,0,40,179
02/20/2012,SRQ,FL,ASO,ES,Towers with Radar,44,12,86,0,142,0,2,120,0,122,44,14,206,0,264,124,0,124,388
02/21/2012,SRQ,FL,ASO,ES,Towers with Radar,44,14,65,3,126,0,0,166,16,182,44,14,231,19,308,152,0,152,460
02/22/2012,SRQ,FL,ASO,ES,Towers with Radar,46,16,80,8,150,0,0,147,3,150,46,16,227,11,300,156,18,174,474
02/23/2012,SRQ,FL,ASO,ES,Towers with Radar,45,17,93,2,157,0,0,54,0,54,45,17,147,2,211,26,0,26,237
02/24/2012,SRQ,FL,ASO,ES,Towers with Radar,43,27,70,12,152,0,0,109,15,124,43,27,179,27,276,40,14,54,330
02/25/2012,SRQ,FL,ASO,ES,Towers with Radar,50,10,87,1,148,0,10,117,5,132,50,20,204,6,280,120,0,120,400
02/26/2012,SRQ,FL,ASO,ES,Towers with Radar,44,23,93,0,160,0,0,70,0,70,44,23,163,0,230,50,0,50,280
02/27/2012,SRQ,FL,ASO,ES,Towers with Radar,44,16,66,13,139,0,0,65,1,66,44,16,131,14,205,82,0,82,287
02/28/2012,SRQ,FL,ASO,ES,Towers with Radar,44,14,74,6,138,0,3,89,1,93,44,17,163,7,231,138,2,140,371
02/29/2012,SRQ,FL,ASO,ES,Towers with Radar,44,16,49,12,121,0,3,137,0,140,44,19,186,12,261,98,6,104,365
03/01/2012,SRQ,FL,ASO,ES,Towers with Radar,44,12,54,36,146,0,7,156,1,164,44,19,210,37,310,216,32,248,558
03/02/2012,SRQ,FL,ASO,ES,Towers with Radar,46,19,84,8,157,0,4,94,0,98,46,23,178,8,255,0,0,0,255
03/03/2012,SRQ,FL,ASO,ES,Towers with Radar,55,19,76,0,150,0,0,54,4,58,55,19,130,4,208,60,0,60,268
03/04/2012,SRQ,FL,ASO,ES,Towers with Radar,47,25,64,1,137,0,0,22,1,23,47,25,86,2,160,0,0,0,160
03/05/2012,SRQ,FL,ASO,ES,Towers with Radar,50,12,80,0,142,0,5,111,0,116,50,17,191,0,258,114,8,122,380
03/06/2012,SRQ,FL,ASO,ES,Towers with Radar,46,21,73,1,141,0,3,69,3,75,46,24,142,4,216,26,0,26,242
03/07/2012,SRQ,FL,ASO,ES,Towers with Radar,45,13,68,8,134,0,5,134,1,140,45,18,202,9,274,140,4,144,418
03/08/2012,SRQ,FL,ASO,ES,Towers with Radar,48,9,75,1,133,0,5,130,0,135,48,14,205,1,268,81,0,81,349
03/09/2012,SRQ,FL,ASO,ES,Towers with Radar,48,24,75,2,149,0,3,114,0,117,48,27,189,2,266,68,34,102,368
03/10/2012,SRQ,FL,ASO,ES,Towers with Radar,54,10,84,0,148,0,0,78,0,78,54,10,162,0,226,70,0,70,296
03/11/2012,SRQ,FL,ASO,ES,Towers with Radar,49,24,67,0,140,0,3,60,2,65,49,27,127,2,205,42,0,42,247
03/12/2012,SRQ,FL,ASO,ES,Towers with Radar,45,15,62,0,122,0,1,103,12,116,45,16,165,12,238,91,18,109,347
03/13/2012,SRQ,FL,ASO,ES,Towers with Radar,46,20,50,2,118,0,2,158,3,163,46,22,208,5,281,132,0,132,413
03/14/2012,SRQ,FL,ASO,ES,Towers with Radar,46,26,69,1,142,0,2,144,1,147,46,28,213,2,289,76,0,76,365
03/15/2012,SRQ,FL,ASO,ES,Towers with Radar,46,18,65,6,135,0,8,134,0,142,46,26,199,6,277,102,14,116,393
03/16/2012,SRQ,FL,ASO,ES,Towers with Radar,46,20,95,4,165,0,4,144,3,151,46,24,239,7,316,114,4,118,434
03/17/2012,SRQ,FL,ASO,ES,Towers with Radar,53,30,98,19,200,0,5,199,9,213,53,35,297,28,413,88,30,118,531
03/18/2012,SRQ,FL,ASO,ES,Towers with Radar,46,24,57,0,127,0,5,133,0,138,46,29,190,0,265,90,0,90,355
03/19/2012,SRQ,FL,ASO,ES,Towers with Radar,46,18,68,0,132,0,3,101,0,104,46,21,169,0,236,66,0,66,302
03/20/2012,SRQ,FL,ASO,ES,Towers with Radar,46,18,63,0,127,0,4,93,0,97,46,22,156,0,224,83,0,83,307
03/21/2012,SRQ,FL,ASO,ES,Towers with Radar,46,20,67,0,133,0,2,78,0,80,46,22,145,0,213,36,0,36,249
03/22/2012,SRQ,FL,ASO,ES,Towers with Radar,45,18,97,11,171,0,3,133,1,137,45,21,230,12,308,66,2,68,376
03/23/2012,SRQ,FL,ASO,ES,Towers with Radar,46,24,73,0,143,0,8,116,0,124,46,32,189,0,267,56,0,56,323
03/24/2012,SRQ,FL,ASO,ES,Towers with Radar,54,23,41,0,118,0,7,106,0,113,54,30,147,0,231,38,0,38,269
03/25/2012,SRQ,FL,ASO,ES,Towers with Radar,47,22,87,0,156,0,10,97,0,107,47,32,184,0,263,72,0,72,335
03/26/2012,SRQ,FL,ASO,ES,Towers with Radar,46,17,50,0,113,0,2,151,0,153,46,19,201,0,266,32,0,32,298
03/27/2012,SRQ,FL,ASO,ES,Towers with Radar,46,17,83,4,150,0,2,223,5,230,46,19,306,9,380,96,8,104,484
03/28/2012,SRQ,FL,ASO,ES,Towers with Radar,46,15,77,1,139,0,3,202,0,205,46,18,279,1,344,48,6,54,398
03/29/2012,SRQ,FL,ASO,ES,Towers with Radar,46,23,79,11,159,0,6,126,2,134,46,29,205,13,293,80,12,92,385
03/30/2012,SRQ,FL,ASO,ES,Towers with Radar,44,23,93,1,161,0,6,163,1,170,44,29,256,2,331,90,0,90,421
03/31/2012,SRQ,FL,ASO,ES,Towers with Radar,54,29,52,0,135,0,0,98,0,98,54,29,150,0,233,40,0,40,273
04/01/2012,SRQ,FL,ASO,ES,Towers with Radar,47,24,85,1,157,0,2,126,0,128,47,26,211,1,285,76,0,76,361
04/02/2012,SRQ,FL,ASO,ES,Towers with Radar,46,17,46,1,110,0,1,123,11,135,46,18,169,12,245,116,14,130,375
04/03/2012,SRQ,FL,ASO,ES,Towers with Radar,46,17,80,34,177,0,4,138,13,155,46,21,218,47,332,106,12,118,450
04/04/2012,SRQ,FL,ASO,ES,Towers with Radar,48,20,97,0,165,0,4,141,2,147,48,24,238,2,312,116,0,116,428
04/05/2012,SRQ,FL,ASO,ES,Towers with Radar,46,27,82,2,157,0,1,107,0,108,46,28,189,2,265,94,0,94,359
04/06/2012,SRQ,FL,ASO,ES,Towers with Radar,46,21,73,2,142,0,3,96,0,99,46,24,169,2,241,12,0,12,253
04/07/2012,SRQ,FL,ASO,ES,Towers with Radar,53,26,67,0,146,0,1,119,0,120,53,27,186,0,266,110,0,110,376
04/08/2012,SRQ,FL,ASO,ES,Towers with Radar,47,11,49,0,107,0,5,53,0,58,47,16,102,0,165,58,0,58,223
04/09/2012,SRQ,FL,ASO,ES,Towers with Radar,49,17,68,6,140,0,5,139,0,144,49,22,207,6,284,120,0,120,404
04/10/2012,SRQ,FL,ASO,ES,Towers with Radar,38,15,69,4,126,0,2,142,0,144,38,17,211,4,270,154,0,154,424
04/11/2012,SRQ,FL,ASO,ES,Towers with Radar,38,22,91,2,153,0,3,133,16,152,38,25,224,18,305,102,18,120,425
04/12/2012,SRQ,FL,ASO,ES,Towers with Radar,38,13,66,0,117,0,4,149,0,153,38,17,215,0,270,86,0,86,356
04/13/2012,SRQ,FL,ASO,ES,Towers with Radar,40,12,70,4,126,0,7,80,7,94,40,19,150,11,220,80,4,84,304
04/14/2012,SRQ,FL,ASO,ES,Towers with Radar,45,11,84,0,140,0,1,110,0,111,45,12,194,0,251,60,0,60,311
04/15/2012,SRQ,FL,ASO,ES,Towers with Radar,39,18,70,0,127,0,1,114,0,115,39,19,184,0,242,48,0,48,290
04/16/2012,SRQ,FL,ASO,ES,Towers with Radar,36,14,58,19,127,0,4,108,2,114,36,18,166,21,241,78,28,106,347
04/17/2012,SRQ,FL,ASO,ES,Towers with Radar,36,16,45,0,97,0,3,100,0,103,36,19,145,0,200,40,0,40,240
04/18/2012,SRQ,FL,ASO,ES,Towers with Radar,36,9,49,4,98,0,3,111,4,118,36,12,160,8,216,132,0,132,348
04/19/2012,SRQ,FL,ASO,ES,Towers with Radar,38,25,68,0,131,0,10,70,0,80,38,35,138,0,211,98,0,98,309
04/20/2012,SRQ,FL,ASO,ES,Towers with Radar,36,11,68,0,115,0,7,117,0,124,36,18,185,0,239,127,0,127,366
04/21/2012,SRQ,FL,ASO,ES,Towers with Radar,51,9,40,0,100,0,2,93,0,95,51,11,133,0,195,44,0,44,239
04/22/2012,SRQ,FL,ASO,ES,Towers with Radar,41,16,46,0,103,0,1,28,0,29,41,17,74,0,132,2,0,2,134
04/23/2012,SRQ,FL,ASO,ES,Towers with Radar,35,22,57,4,118,0,4,107,0,111,35,26,164,4,229,126,0,126,355
04/24/2012,SRQ,FL,ASO,ES,Towers with Radar,36,9,50,0,95,0,5,158,0,163,36,14,208,0,258,92,0,92,350
04/25/2012,SRQ,FL,ASO,ES,Towers with Radar,37,10,55,2,104,0,4,151,0,155,37,14,206,2,259,152,0,152,411
04/26/2012,SRQ,FL,ASO,ES,Towers with Radar,36,26,63,2,127,0,4,138,0,142,36,30,201,2,269,130,1,131,400
04/27/2012,SRQ,FL,ASO,ES,Towers with Radar,36,22,68,5,131,0,8,130,5,143,36,30,198,10,274,108,0,108,382
04/28/2012,SRQ,FL,ASO,ES,Towers with Radar,45,15,47,0,107,0,3,114,0,117,45,18,161,0,224,40,0,40,264
04/29/2012,SRQ,FL,ASO,ES,Towers with Radar,39,15,66,1,121,0,1,82,1,84,39,16,148,2,205,90,0,90,295
04/30/2012,SRQ,FL,ASO,ES,Towers with Radar,36,10,44,0,90,0,1,73,0,74,36,11,117,0,164,16,0,16,180
05/01/2012,SRQ,FL,ASO,ES,Towers with Radar,32,10,62,6,110,0,8,95,0,103,32,18,157,6,213,44,0,44,257
05/02/2012,SRQ,FL,ASO,ES,Towers with Radar,32,15,59,8,114,0,1,113,0,114,32,16,172,8,228,118,0,118,346
05/03/2012,SRQ,FL,ASO,ES,Towers with Radar,36,22,71,0,129,0,1,109,0,110,36,23,180,0,239,166,0,166,405
05/04/2012,SRQ,FL,ASO,ES,Towers with Radar,36,17,70,2,125,0,7,110,0,117,36,24,180,2,242,162,0,162,404
05/05/2012,SRQ,FL,ASO,ES,Towers with Radar,43,9,22,0,74,0,2,97,0,99,43,11,119,0,173,54,0,54,227
05/06/2012,SRQ,FL,ASO,ES,Towers with Radar,36,9,58,0,103,0,4,66,0,70,36,13,124,0,173,50,0,50,223
05/07/2012,SRQ,FL,ASO,ES,Towers with Radar,38,14,69,0,121,0,1,88,6,95,38,15,157,6,216,198,18,216,432
05/08/2012,SRQ,FL,ASO,ES,Towers with Radar,32,23,78,0,133,0,5,127,0,132,32,28,205,0,265,128,0,128,393
05/09/2012,SRQ,FL,ASO,ES,Towers with Radar,32,16,85,0,133,0,3,92,0,95,32,19,177,0,228,166,0,166,394
05/10/2012,SRQ,FL,ASO,ES,Towers with Radar,36,16,53,0,105,0,1,103,0,104,36,17,156,0,209,68,0,68,277
05/11/2012,SRQ,FL,ASO,ES,Towers with Radar,40,17,65,0,122,0,0,100,0,100,40,17,165,0,222,84,0,84,306
05/12/2012,SRQ,FL,ASO,ES,Towers with Radar,43,12,42,1,98,0,3,105,2,110,43,15,147,3,208,76,10,86,294
05/13/2012,SRQ,FL,ASO,ES,Towers with Radar,37,14,45,0,96,0,1,70,0,71,37,15,115,0,167,30,0,30,197
05/14/2012,SRQ,FL,ASO,ES,Towers with Radar,36,15,64,0,115,0,4,87,0,91,36,19,151,0,206,46,0,46,252
05/15/2012,SRQ,FL,ASO,ES,Towers with Radar,32,22,81,0,135,0,3,75,0,78,32,25,156,0,213,74,0,74,287
05/16/2012,SRQ,FL,ASO,ES,Towers with Radar,32,5,57,2,96,0,0,54,0,54,32,5,111,2,150,94,0,94,244
05/17/2012,SRQ,FL,ASO,ES,Towers with Radar,36,9,80,0,125,0,0,126,0,126,36,9,206,0,251,80,0,80,331
05/18/2012,SRQ,FL,ASO,ES,Towers with Radar,36,18,69,0,123,0,6,130,0,136,36,24,199,0,259,74,0,74,333
05/19/2012,SRQ,FL,ASO,ES,Towers with Radar,43,8,69,0,120,0,0,86,2,88,43,8,155,2,208,46,0,46,254
05/20/2012,SRQ,FL,ASO,ES,Towers with Radar,37,13,52,0,102,0,0,110,0,110,37,13,162,0,212,116,0,116,328
05/21/2012,SRQ,FL,ASO,ES,Towers with Radar,36,13,79,15,143,0,0,185,1,186,36,13,264,16,329,228,0,228,557
05/22/2012,SRQ,FL,ASO,ES,Towers with Radar,30,12,82,10,134,0,4,140,0,144,30,16,222,10,278,254,0,254,532
05/23/2012,SRQ,FL,ASO,ES,Towers with Radar,32,14,64,1,111,0,0,118,3,121,32,14,182,4,232,132,0,132,364
05/24/2012,SRQ,FL,ASO,ES,Towers with Radar,36,16,60,2,114,0,2,103,3,108,36,18,163,5,222,92,0,92,314
05/25/2012,SRQ,FL,ASO,ES,Towers with Radar,36,22,77,0,135,0,5,113,3,121,36,27,190,3,256,118,0,118,374
05/26/2012,SRQ,FL,ASO,ES,Towers with Radar,42,8,50,0,100,0,2,95,0,97,42,10,145,0,197,94,0,94,291
05/27/2012,SRQ,FL,ASO,ES,Towers with Radar,36,10,43,0,89,0,4,45,0,49,36,14,88,0,138,6,0,6,144
05/28/2012,SRQ,FL,ASO,ES,Towers with Radar,38,18,43,0,99,0,7,51,0,58,38,25,94,0,157,40,0,40,197
05/29/2012,SRQ,FL,ASO,ES,Towers with Radar,34,15,53,2,104,0,0,40,0,40,34,15,93,2,144,26,0,26,170
05/30/2012,SRQ,FL,ASO,ES,Towers with Radar,32,16,63,0,111,0,6,98,0,104,32,22,161,0,215,76,0,76,291
05/31/2012,SRQ,FL,ASO,ES,Towers with Radar,34,19,80,0,133,0,4,112,0,116,34,23,192,0,249,106,0,106,355
06/01/2012,SRQ,FL,ASO,ES,Towers with Radar,29,14,65,0,108,0,0,8,0,8,29,14,73,0,116,19,0,19,135
06/02/2012,SRQ,FL,ASO,ES,Towers with Radar,40,11,60,0,111,0,0,146,0,146,40,11,206,0,257,156,0,156,413
06/03/2012,SRQ,FL,ASO,ES,Towers with Radar,29,9,48,0,86,0,0,129,0,129,29,9,177,0,215,156,0,156,371
06/04/2012,SRQ,FL,ASO,ES,Towers with Radar,30,4,49,0,83,0,3,112,11,126,30,7,161,11,209,138,24,162,371
06/05/2012,SRQ,FL,ASO,ES,Towers with Radar,28,9,57,1,95,0,4,62,7,73,28,13,119,8,168,70,14,84,252
06/06/2012,SRQ,FL,ASO,ES,Towers with Radar,28,11,68,10,117,0,0,55,6,61,28,11,123,16,178,58,16,74,252
06/07/2012,SRQ,FL,ASO,ES,Towers with Radar,26,4,77,0,107,0,0,24,0,24,26,4,101,0,131,48,0,48,179
06/08/2012,SRQ,FL,ASO,ES,Towers with Radar,28,15,47,0,90,0,0,79,3,82,28,15,126,3,172,162,12,174,346
06/09/2012,SRQ,FL,ASO,ES,Towers with Radar,37,12,49,6,104,0,5,111,0,116,37,17,160,6,220,82,0,82,302
06/10/2012,SRQ,FL,ASO,ES,Towers with Radar,25,7,65,0,97,0,0,95,0,95,25,7,160,0,192,112,0,112,304
06/11/2012,SRQ,FL,ASO,ES,Towers with Radar,27,5,64,4,100,0,6,126,0,132,27,11,190,4,232,80,26,106,338
06/12/2012,SRQ,FL,ASO,ES,Towers with Radar,28,8,60,0,96,0,4,109,0,113,28,12,169,0,209,57,0,57,266
06/13/2012,SRQ,FL,ASO,ES,Towers with Radar,26,8,52,4,90,0,2,102,0,104,26,10,154,4,194,90,0,90,284
06/14/2012,SRQ,FL,ASO,ES,Towers with Radar,28,9,53,3,93,0,4,115,0,119,28,13,168,3,212,90,2,92,304
06/15/2012,SRQ,FL,ASO,ES,Towers with Radar,30,3,52,0,85,0,0,101,0,101,30,3,153,0,186,73,0,73,259
06/16/2012,SRQ,FL,ASO,ES,Towers with Radar,41,4,51,0,96,0,1,147,0,148,41,5,198,0,244,122,0,122,366
06/17/2012,SRQ,FL,ASO,ES,Towers with Radar,31,8,40,0,79,0,4,92,0,96,31,12,132,0,175,94,0,94,269
06/18/2012,SRQ,FL,ASO,ES,Towers with Radar,30,5,47,2,84,0,0,103,0,103,30,5,150,2,187,162,0,162,349
06/19/2012,SRQ,FL,ASO,ES,Towers with Radar,30,8,34,2,74,0,5,128,0,133,30,13,162,2,207,72,0,72,279
06/20/2012,SRQ,FL,ASO,ES,Towers with Radar,30,7,45,1,83,0,4,52,1,57,30,11,97,2,140,94,0,94,234
06/21/2012,SRQ,FL,ASO,ES,Towers with Radar,33,9,41,0,83,0,3,59,0,62,33,12,100,0,145,68,0,68,213
06/22/2012,SRQ,FL,ASO,ES,Towers with Radar,28,7,31,0,66,0,2,70,0,72,28,9,101,0,138,140,0,140,278
06/23/2012,SRQ,FL,ASO,ES,Towers with Radar,39,8,21,6,74,0,1,37,0,38,39,9,58,6,112,86,0,86,198
06/24/2012,SRQ,FL,ASO,ES,Towers with Radar,31,8,18,0,57,0,0,0,0,0,31,8,18,0,57,0,0,0,57
06/25/2012,SRQ,FL,ASO,ES,Towers with Radar,28,10,14,0,52,0,0,1,0,1,28,10,15,0,53,0,0,0,53
06/26/2012,SRQ,FL,ASO,ES,Towers with Radar,30,5,14,0,49,0,0,5,0,5,30,5,19,0,54,0,0,0,54
06/27/2012,SRQ,FL,ASO,ES,Towers with Radar,29,5,27,0,61,0,0,105,0,105,29,5,132,0,166,152,0,152,318
06/28/2012,SRQ,FL,ASO,ES,Towers with Radar,30,14,64,0,108,0,0,157,4,161,30,14,221,4,269,162,0,162,431
06/29/2012,SRQ,FL,ASO,ES,Towers with Radar,30,12,67,1,110,0,2,142,0,144,30,14,209,1,254,140,0,140,394
06/30/2012,SRQ,FL,ASO,ES,Towers with Radar,41,8,44,0,93,0,16,130,0,146,41,24,174,0,239,124,0,124,363
07/01/2012,SRQ,FL,ASO,ES,Towers with Radar,30,9,41,0,80,0,0,126,0,126,30,9,167,0,206,106,0,106,312
07/02/2012,SRQ,FL,ASO,ES,Towers with Radar,30,8,59,6,103,0,3,96,0,99,30,11,155,6,202,98,0,98,300
07/03/2012,SRQ,FL,ASO,ES,Towers with Radar,29,15,31,12,87,0,2,100,0,102,29,17,131,12,189,164,6,170,359
07/04/2012,SRQ,FL,ASO,ES,Towers with Radar,26,9,22,0,57,0,6,73,0,79,26,15,95,0,136,38,1,39,175
07/05/2012,SRQ,FL,ASO,ES,Towers with Radar,30,7,33,0,70,0,2,120,0,122,30,9,153,0,192,138,0,138,330
07/06/2012,SRQ,FL,ASO,ES,Towers with Radar,30,7,54,0,91,0,0,116,1,117,30,7,170,1,208,92,0,92,300
07/07/2012,SRQ,FL,ASO,ES,Towers with Radar,41,7,54,0,102,0,2,118,0,120,41,9,172,0,222,70,0,70,292
07/08/2012,SRQ,FL,ASO,ES,Towers with Radar,35,13,59,0,107,0,1,95,0,96,35,14,154,0,203,106,0,106,309
07/09/2012,SRQ,FL,ASO,ES,Towers with Radar,28,9,39,5,81,0,0,65,0,65,28,9,104,5,146,134,0,134,280
07/10/2012,SRQ,FL,ASO,ES,Towers with Radar,27,4,28,0,59,0,0,70,0,70,27,4,98,0,129,34,0,34,163
07/11/2012,SRQ,FL,ASO,ES,Towers with Radar,31,8,56,4,99,0,0,101,0,101,31,8,157,4,200,88,0,88,288
07/12/2012,SRQ,FL,ASO,ES,Towers with Radar,29,4,36,2,71,0,9,76,0,85,29,13,112,2,156,162,0,162,318
07/13/2012,SRQ,FL,ASO,ES,Towers with Radar,27,10,63,4,104,0,11,109,0,120,27,21,172,4,224,144,0,144,368
07/14/2012,SRQ,FL,ASO,ES,Towers with Radar,41,11,34,0,86,0,3,96,0,99,41,14,130,0,185,44,0,44,229
07/15/2012,SRQ,FL,ASO,ES,Towers with Radar,30,5,38,0,73,0,1,44,0,45,30,6,82,0,118,20,0,20,138
07/16/2012,SRQ,FL,ASO,ES,Towers with Radar,29,2,57,12,100,0,5,71,0,76,29,7,128,12,176,140,0,140,316
07/17/2012,SRQ,FL,ASO,ES,Towers with Radar,28,8,40,0,76,0,1,99,1,101,28,9,139,1,177,92,0,92,269
07/18/2012,SRQ,FL,ASO,ES,Towers with Radar,29,4,45,0,78,0,5,136,2,143,29,9,181,2,221,67,0,67,288
07/19/2012,SRQ,FL,ASO,ES,Towers with Radar,27,2,53,0,82,0,4,127,1,132,27,6,180,1,214,144,0,144,358
07/20/2012,SRQ,FL,ASO,ES,Towers with Radar,30,8,65,0,103,0,7,139,0,146,30,15,204,0,249,184,0,184,433
07/21/2012,SRQ,FL,ASO,ES,Towers with Radar,36,14,29,3,82,0,4,149,2,155,36,18,178,5,237,126,2,128,365
07/22/2012,SRQ,FL,ASO,ES,Towers with Radar,32,14,43,0,89,0,1,67,0,68,32,15,110,0,157,88,0,88,245
07/23/2012,SRQ,FL,ASO,ES,Towers with Radar,29,3,41,0,73,0,1,82,0,83,29,4,123,0,156,140,0,140,296
07/24/2012,SRQ,FL,ASO,ES,Towers with Radar,29,2,29,2,62,0,0,68,0,68,29,2,97,2,130,80,4,84,214
07/25/2012,SRQ,FL,ASO,ES,Towers with Radar,30,0,50,1,81,0,2,108,1,111,30,2,158,2,192,58,0,58,250
07/26/2012,SRQ,FL,ASO,ES,Towers with Radar,29,1,45,8,83,0,4,116,0,120,29,5,161,8,203,66,0,66,269
07/27/2012,SRQ,FL,ASO,ES,Towers with Radar,33,10,50,8,101,0,1,116,1,118,33,11,166,9,219,114,2,116,335
07/28/2012,SRQ,FL,ASO,ES,Towers with Radar,38,5,47,18,108,0,0,75,3,78,38,5,122,21,186,94,10,104,290
07/29/2012,SRQ,FL,ASO,ES,Towers with Radar,29,10,40,6,85,0,2,81,2,85,29,12,121,8,170,51,0,51,221
07/30/2012,SRQ,FL,ASO,ES,Towers with Radar,32,6,44,8,90,0,0,81,2,83,32,6,125,10,173,42,14,56,229
07/31/2012,SRQ,FL,ASO,ES,Towers with Radar,31,11,43,1,86,0,0,111,1,112,31,11,154,2,198,96,0,96,294
08/01/2012,SRQ,FL,ASO,ES,Towers with Radar,29,3,62,1,95,0,0,120,1,121,29,3,182,2,216,72,0,72,288
08/02/2012,SRQ,FL,ASO,ES,Towers with Radar,29,1,51,0,81,0,1,111,0,112,29,2,162,0,193,54,0,54,247
08/03/2012,SRQ,FL,ASO,ES,Towers with Radar,31,10,45,0,86,0,1,89,0,90,31,11,134,0,176,80,0,80,256
08/04/2012,SRQ,FL,ASO,ES,Towers with Radar,36,3,40,0,79,0,0,74,0,74,36,3,114,0,153,29,0,29,182
08/05/2012,SRQ,FL,ASO,ES,Towers with Radar,29,7,33,6,75,0,0,40,0,40,29,7,73,6,115,22,0,22,137
08/06/2012,SRQ,FL,ASO,ES,Towers with Radar,29,3,24,0,56,0,6,63,0,69,29,9,87,0,125,32,0,32,157
08/07/2012,SRQ,FL,ASO,ES,Towers with Radar,31,4,47,0,82,0,2,109,6,117,31,6,156,6,199,88,12,100,299
08/08/2012,SRQ,FL,ASO,ES,Towers with Radar,29,2,55,5,91,0,0,90,2,92,29,2,145,7,183,30,6,36,219
08/09/2012,SRQ,FL,ASO,ES,Towers with Radar,28,4,57,6,95,0,2,93,0,95,28,6,150,6,190,100,0,100,290
08/10/2012,SRQ,FL,ASO,ES,Towers with Radar,31,7,52,4,94,0,1,102,12,115,31,8,154,16,209,122,16,138,347
08/11/2012,SRQ,FL,ASO,ES,Towers with Radar,37,3,33,0,73,0,0,94,1,95,37,3,127,1,168,112,0,112,280
08/12/2012,SRQ,FL,ASO,ES,Towers with Radar,24,6,27,0,57,0,2,41,0,43,24,8,68,0,100,10,0,10,110
08/13/2012,SRQ,FL,ASO,ES,Towers with Radar,23,7,44,8,82,0,0,80,2,82,23,7,124,10,164,86,0,86,250
08/14/2012,SRQ,FL,ASO,ES,Towers with Radar,22,11,49,4,86,0,2,116,1,119,22,13,165,5,205,116,4,120,325
08/15/2012,SRQ,FL,ASO,ES,Towers with Radar,22,7,47,14,90,0,1,107,4,112,22,8,154,18,202,172,0,172,374
08/16/2012,SRQ,FL,ASO,ES,Towers with Radar,20,11,50,0,81,0,2,85,0,87,20,13,135,0,168,56,0,56,224
08/17/2012,SRQ,FL,ASO,ES,Towers with Radar,20,10,67,2,99,0,0,123,2,125,20,10,190,4,224,114,0,114,338
08/18/2012,SRQ,FL,ASO,ES,Towers with Radar,30,4,25,0,59,0,3,102,0,105,30,7,127,0,164,52,0,52,216
08/19/2012,SRQ,FL,ASO,ES,Towers with Radar,22,6,35,0,63,0,2,68,1,71,22,8,103,1,134,72,0,72,206
08/20/2012,SRQ,FL,ASO,ES,Towers with Radar,21,6,49,4,80,0,1,84,0,85,21,7,133,4,165,40,0,40,205
08/21/2012,SRQ,FL,ASO,ES,Towers with Radar,25,10,16,2,53,0,2,61,0,63,25,12,77,2,116,64,0,64,180
08/22/2012,SRQ,FL,ASO,ES,Towers with Radar,22,5,35,0,62,0,4,71,0,75,22,9,106,0,137,48,0,48,185
08/23/2012,SRQ,FL,ASO,ES,Towers with Radar,24,13,49,2,88,0,6,108,0,114,24,19,157,2,202,124,0,124,326
08/24/2012,SRQ,FL,ASO,ES,Towers with Radar,22,5,48,1,76,0,3,126,1,130,22,8,174,2,206,84,0,84,290
08/25/2012,SRQ,FL,ASO,ES,Towers with Radar,26,5,49,0,80,0,0,70,0,70,26,5,119,0,150,94,0,94,244
08/26/2012,SRQ,FL,ASO,ES,Towers with Radar,23,7,29,0,59,0,0,3,0,3,23,7,32,0,62,0,0,0,62
08/27/2012,SRQ,FL,ASO,ES,Towers with Radar,22,2,3,0,27,0,0,1,0,1,22,2,4,0,28,0,0,0,28
08/28/2012,SRQ,FL,ASO,ES,Towers with Radar,24,11,38,0,73,0,1,19,0,20,24,12,57,0,93,10,0,10,103
08/29/2012,SRQ,FL,ASO,ES,Towers with Radar,22,13,49,1,85,0,0,61,6,67,22,13,110,7,152,50,8,58,210
08/30/2012,SRQ,FL,ASO,ES,Towers with Radar,22,11,36,1,70,0,1,57,5,63,22,12,93,6,133,122,0,122,255
08/31/2012,SRQ,FL,ASO,ES,Towers with Radar,22,13,55,3,93,0,2,115,0,117,22,15,170,3,210,60,8,68,278
09/01/2012,SRQ,FL,ASO,ES,Towers with Radar,20,9,40,4,73,0,2,124,0,126,20,11,164,4,199,102,0,102,301
09/02/2012,SRQ,FL,ASO,ES,Towers with Radar,17,9,25,0,51,0,3,100,0,103,17,12,125,0,154,88,0,88,242
09/03/2012,SRQ,FL,ASO,ES,Towers with Radar,19,15,50,0,84,0,4,111,0,115,19,19,161,0,199,96,0,96,295
09/04/2012,SRQ,FL,ASO,ES,Towers with Radar,23,8,25,15,71,0,1,92,0,93,23,9,117,15,164,100,0,100,264
09/05/2012,SRQ,FL,ASO,ES,Towers with Radar,24,9,47,0,80,0,4,97,1,102,24,13,144,1,182,188,0,188,370
09/06/2012,SRQ,FL,ASO,ES,Towers with Radar,23,7,41,3,74,0,3,117,3,123,23,10,158,6,197,144,0,144,341
09/07/2012,SRQ,FL,ASO,ES,Towers with Radar,24,9,42,0,75,0,4,73,0,77,24,13,115,0,152,64,0,64,216
09/08/2012,SRQ,FL,ASO,ES,Towers with Radar,25,5,32,0,62,0,0,49,2,51,25,5,81,2,113,2,0,2,115
09/09/2012,SRQ,FL,ASO,ES,Towers with Radar,20,13,26,0,59,0,2,24,4,30,20,15,50,4,89,24,48,72,161
09/10/2012,SRQ,FL,ASO,ES,Towers with Radar,20,21,35,2,78,0,0,88,0,88,20,21,123,2,166,92,0,92,258
09/11/2012,SRQ,FL,ASO,ES,Towers with Radar,22,4,42,2,70,0,0,107,0,107,22,4,149,2,177,182,0,182,359
09/12/2012,SRQ,FL,ASO,ES,Towers with Radar,22,4,47,0,73,0,0,113,0,113,22,4,160,0,186,128,0,128,314
09/13/2012,SRQ,FL,ASO,ES,Towers with Radar,21,3,47,0,71,0,2,98,0,100,21,5,145,0,171,96,0,96,267
09/14/2012,SRQ,FL,ASO,ES,Towers with Radar,22,5,57,0,84,0,0,94,0,94,22,5,151,0,178,96,0,96,274
09/15/2012,SRQ,FL,ASO,ES,Towers with Radar,23,3,28,0,54,0,3,183,0,186,23,6,211,0,240,96,0,96,336
09/16/2012,SRQ,FL,ASO,ES,Towers with Radar,20,6,33,0,59,0,2,72,0,74,20,8,105,0,133,110,0,110,243
09/17/2012,SRQ,FL,ASO,ES,Towers with Radar,22,2,45,2,71,0,2,70,0,72,22,4,115,2,143,114,0,114,257
09/18/2012,SRQ,FL,ASO,ES,Towers with Radar,26,4,38,0,68,0,2,47,1,50,26,6,85,1,118,78,0,78,196
09/19/2012,SRQ,FL,ASO,ES,Towers with Radar,21,7,45,2,75,0,3,82,0,85,21,10,127,2,160,156,0,156,316
09/20/2012,SRQ,FL,ASO,ES,Towers with Radar,21,7,68,3,99,0,1,95,0,96,21,8,163,3,195,96,0,96,291
09/21/2012,SRQ,FL,ASO,ES,Towers with Radar,22,7,59,0,88,2,3,99,0,104,24,10,158,0,192,52,0,52,244
09/22/2012,SRQ,FL,ASO,ES,Towers with Radar,23,4,26,0,53,0,2,128,0,130,23,6,154,0,183,78,0,78,261
09/23/2012,SRQ,FL,ASO,ES,Towers with Radar,20,4,58,16,98,0,3,109,1,113,20,7,167,17,211,126,2,128,339
09/24/2012,SRQ,FL,ASO,ES,Towers with Radar,22,6,37,0,65,0,2,101,0,103,22,8,138,0,168,90,0,90,258
09/25/2012,SRQ,FL,ASO,ES,Towers with Radar,22,6,51,0,79,0,0,116,0,116,22,6,167,0,195,100,0,100,295
09/26/2012,SRQ,FL,ASO,ES,Towers with Radar,22,8,49,2,81,0,3,93,1,97,22,11,142,3,178,90,0,90,268
09/27/2012,SRQ,FL,ASO,ES,Towers with Radar,21,17,77,6,121,0,0,119,2,121,21,17,196,8,242,42,12,54,296
09/28/2012,SRQ,FL,ASO,ES,Towers with Radar,21,8,66,0,95,0,0,148,0,148,21,8,214,0,243,70,0,70,313
09/29/2012,SRQ,FL,ASO,ES,Towers with Radar,23,5,48,0,76,0,0,103,0,103,23,5,151,0,179,92,0,92,271
09/30/2012,SRQ,FL,ASO,ES,Towers with Radar,21,12,36,0,69,0,2,119,0,121,21,14,155,0,190,138,0,138,328
10/01/2012,SRQ,FL,ASO,ES,Towers with Radar,23,9,51,16,99,0,1,63,0,64,23,10,114,16,163,81,0,81,244
10/02/2012,SRQ,FL,ASO,ES,Towers with Radar,24,19,56,4,103,0,3,49,0,52,24,22,105,4,155,124,0,124,279
10/03/2012,SRQ,FL,ASO,ES,Towers with Radar,23,13,41,6,83,0,4,33,0,37,23,17,74,6,120,50,0,50,170
10/04/2012,SRQ,FL,ASO,ES,Towers with Radar,23,4,63,5,95,0,0,81,2,83,23,4,144,7,178,80,6,86,264
10/05/2012,SRQ,FL,ASO,ES,Towers with Radar,25,12,67,0,104,0,14,89,0,103,25,26,156,0,207,68,0,68,275
10/06/2012,SRQ,FL,ASO,ES,Towers with Radar,26,5,44,0,75,0,5,108,0,113,26,10,152,0,188,88,0,88,276
10/07/2012,SRQ,FL,ASO,ES,Towers with Radar,22,20,47,0,89,0,2,77,0,79,22,22,124,0,168,40,0,40,208
10/08/2012,SRQ,FL,ASO,ES,Towers with Radar,25,10,57,0,92,0,3,99,0,102,25,13,156,0,194,70,0,70,264
10/09/2012,SRQ,FL,ASO,ES,Towers with Radar,26,11,49,16,102,0,2,100,4,106,26,13,149,20,208,158,26,184,392
10/10/2012,SRQ,FL,ASO,ES,Towers with Radar,25,13,54,4,96,0,0,135,5,140,25,13,189,9,236,69,0,69,305
10/11/2012,SRQ,FL,ASO,ES,Towers with Radar,26,13,52,0,91,0,0,116,0,116,26,13,168,0,207,144,0,144,351
10/12/2012,SRQ,FL,ASO,ES,Towers with Radar,26,15,67,0,108,0,4,137,0,141,26,19,204,0,249,146,0,146,395
10/13/2012,SRQ,FL,ASO,ES,Towers with Radar,25,13,34,0,72,0,0,108,0,108,25,13,142,0,180,84,0,84,264
10/14/2012,SRQ,FL,ASO,ES,Towers with Radar,24,9,61,0,94,0,2,110,0,112,24,11,171,0,206,52,0,52,258
10/15/2012,SRQ,FL,ASO,ES,Towers with Radar,25,7,59,0,91,0,10,94,0,104,25,17,153,0,195,110,0,110,305
10/16/2012,SRQ,FL,ASO,ES,Towers with Radar,25,14,36,0,75,0,2,80,0,82,25,16,116,0,157,76,0,76,233
10/17/2012,SRQ,FL,ASO,ES,Towers with Radar,25,14,47,0,86,0,4,72,2,78,25,18,119,2,164,94,0,94,258
10/18/2012,SRQ,FL,ASO,ES,Towers with Radar,25,13,71,8,117,0,2,113,0,115,25,15,184,8,232,69,6,75,307
10/19/2012,SRQ,FL,ASO,ES,Towers with Radar,23,6,79,10,118,0,7,120,3,130,23,13,199,13,248,68,2,70,318
10/20/2012,SRQ,FL,ASO,ES,Towers with Radar,25,5,40,0,70,0,0,157,0,157,25,5,197,0,227,126,0,126,353
10/21/2012,SRQ,FL,ASO,ES,Towers with Radar,25,13,51,0,89,0,2,117,0,119,25,15,168,0,208,116,0,116,324
10/22/2012,SRQ,FL,ASO,ES,Towers with Radar,25,15,49,0,89,0,2,96,0,98,25,17,145,0,187,96,0,96,283
10/23/2012,SRQ,FL,ASO,ES,Towers with Radar,27,3,71,0,101,0,5,87,0,92,27,8,158,0,193,70,0,70,263
10/24/2012,SRQ,FL,ASO,ES,Towers with Radar,27,7,70,5,109,0,5,79,2,86,27,12,149,7,195,50,0,50,245
10/25/2012,SRQ,FL,ASO,ES,Towers with Radar,25,17,79,2,123,0,6,47,0,53,25,23,126,2,176,51,0,51,227
10/26/2012,SRQ,FL,ASO,ES,Towers with Radar,28,15,54,0,97,0,2,45,0,47,28,17,99,0,144,12,0,12,156
10/27/2012,SRQ,FL,ASO,ES,Towers with Radar,24,15,18,0,57,0,0,27,0,27,24,15,45,0,84,14,0,14,98
10/28/2012,SRQ,FL,ASO,ES,Towers with Radar,28,10,54,1,93,0,0,43,0,43,28,10,97,1,136,24,0,24,160
10/29/2012,SRQ,FL,ASO,ES,Towers with Radar,16,15,55,2,88,0,1,68,0,69,16,16,123,2,157,26,0,26,183
10/30/2012,SRQ,FL,ASO,ES,Towers with Radar,18,11,31,1,61,0,2,58,14,74,18,13,89,15,135,6,44,50,185
10/31/2012,SRQ,FL,ASO,ES,Towers with Radar,15,11,65,3,94,0,0,61,0,61,15,11,126,3,155,12,0,12,167
11/01/2012,SRQ,FL,ASO,ES,Towers with Radar,22,21,90,1,134,1,4,89,9,103,23,25,179,10,237,54,16,70,307
11/02/2012,SRQ,FL,ASO,ES,Towers with Radar,25,17,88,3,133,0,4,123,1,128,25,21,211,4,261,48,8,56,317
11/03/2012,SRQ,FL,ASO,ES,Towers with Radar,29,17,52,0,98,0,2,147,0,149,29,19,199,0,247,108,0,108,355
11/04/2012,SRQ,FL,ASO,ES,Towers with Radar,30,22,81,2,135,0,0,92,0,92,30,22,173,2,227,88,0,88,315
11/05/2012,SRQ,FL,ASO,ES,Towers with Radar,28,12,58,1,99,0,0,104,9,113,28,12,162,10,212,56,12,68,280
11/06/2012,SRQ,FL,ASO,ES,Towers with Radar,25,7,78,0,110,0,2,63,0,65,25,9,141,0,175,46,0,46,221
11/07/2012,SRQ,FL,ASO,ES,Towers with Radar,26,11,70,4,111,0,11,145,0,156,26,22,215,4,267,60,0,60,327
11/08/2012,SRQ,FL,ASO,ES,Towers with Radar,29,13,83,4,129,0,3,113,0,116,29,16,196,4,245,95,0,95,340
11/09/2012,SRQ,FL,ASO,ES,Towers with Radar,29,10,74,5,118,0,3,110,0,113,29,13,184,5,231,40,0,40,271
11/10/2012,SRQ,FL,ASO,ES,Towers with Radar,30,11,57,0,98,0,1,109,0,110,30,12,166,0,208,78,0,78,286
11/11/2012,SRQ,FL,ASO,ES,Towers with Radar,30,7,54,0,91,0,6,93,0,99,30,13,147,0,190,118,0,118,308
11/12/2012,SRQ,FL,ASO,ES,Towers with Radar,30,8,82,0,120,0,1,89,0,90,30,9,171,0,210,94,0,94,304
11/13/2012,SRQ,FL,ASO,ES,Towers with Radar,26,10,47,0,83,0,1,73,0,74,26,11,120,0,157,48,0,48,205
11/14/2012,SRQ,FL,ASO,ES,Towers with Radar,25,10,101,0,136,0,1,74,0,75,25,11,175,0,211,68,0,68,279
11/15/2012,SRQ,FL,ASO,ES,Towers with Radar,29,12,80,0,121,0,0,46,0,46,29,12,126,0,167,138,0,138,305
11/16/2012,SRQ,FL,ASO,ES,Towers with Radar,28,14,103,10,155,0,3,48,0,51,28,17,151,10,206,48,6,54,260
11/17/2012,SRQ,FL,ASO,ES,Towers with Radar,30,11,57,0,98,0,3,182,0,185,30,14,239,0,283,88,0,88,371
11/18/2012,SRQ,FL,ASO,ES,Towers with Radar,31,7,60,0,98,0,3,66,0,69,31,10,126,0,167,70,0,70,237
11/19/2012,SRQ,FL,ASO,ES,Towers with Radar,28,17,92,2,139,0,7,128,0,135,28,24,220,2,274,164,0,164,438
11/20/2012,SRQ,FL,ASO,ES,Towers with Radar,30,11,108,3,152,0,4,130,7,141,30,15,238,10,293,108,12,120,413
11/21/2012,SRQ,FL,ASO,ES,Towers with Radar,30,19,101,0,150,0,4,123,1,128,30,23,224,1,278,54,0,54,332
11/22/2012,SRQ,FL,ASO,ES,Towers with Radar,20,4,22,0,46,0,5,42,0,47,20,9,64,0,93,24,0,24,117
11/23/2012,SRQ,FL,ASO,ES,Towers with Radar,24,20,54,0,98,0,1,107,0,108,24,21,161,0,206,110,0,110,316
11/24/2012,SRQ,FL,ASO,ES,Towers with Radar,31,19,65,0,115,0,0,136,0,136,31,19,201,0,251,48,0,48,299
11/25/2012,SRQ,FL,ASO,ES,Towers with Radar,32,28,107,0,167,0,4,117,0,121,32,32,224,0,288,134,0,134,422
11/26/2012,SRQ,FL,ASO,ES,Towers with Radar,30,18,63,0,111,0,0,89,0,89,30,18,152,0,200,48,0,48,248
11/27/2012,SRQ,FL,ASO,ES,Towers with Radar,26,19,40,7,92,0,0,101,1,102,26,19,141,8,194,114,0,114,308
11/28/2012,SRQ,FL,ASO,ES,Towers with Radar,25,24,90,0,139,0,0,70,0,70,25,24,160,0,209,76,0,76,285
11/29/2012,SRQ,FL,ASO,ES,Towers with Radar,30,9,62,12,113,0,8,122,2,132,30,17,184,14,245,98,24,122,367
11/30/2012,SRQ,FL,ASO,ES,Towers with Radar,30,11,77,0,118,0,3,122,6,131,30,14,199,6,249,107,6,113,362
12/01/2012,SRQ,FL,ASO,ES,Towers with Radar,29,14,46,0,89,0,0,118,1,119,29,14,164,1,208,62,0,62,270
12/02/2012,SRQ,FL,ASO,ES,Towers with Radar,32,11,63,2,108,0,2,122,0,124,32,13,185,2,232,114,0,114,346
12/03/2012,SRQ,FL,ASO,ES,Towers with Radar,27,14,81,8,130,0,5,89,0,94,27,19,170,8,224,80,0,80,304
12/04/2012,SRQ,FL,ASO,ES,Towers with Radar,25,12,84,0,121,0,2,134,0,136,25,14,218,0,257,72,0,72,329
12/05/2012,SRQ,FL,ASO,ES,Towers with Radar,27,8,79,4,118,0,4,102,0,106,27,12,181,4,224,96,0,96,320
12/06/2012,SRQ,FL,ASO,ES,Towers with Radar,30,10,67,11,118,0,3,152,0,155,30,13,219,11,273,74,0,74,347
12/07/2012,SRQ,FL,ASO,ES,Towers with Radar,32,6,63,0,101,0,0,102,0,102,32,6,165,0,203,128,0,128,331
12/08/2012,SRQ,FL,ASO,ES,Towers with Radar,29,6,63,2,100,0,0,70,2,72,29,6,133,4,172,44,0,44,216
12/09/2012,SRQ,FL,ASO,ES,Towers with Radar,31,11,70,0,112,0,7,44,0,51,31,18,114,0,163,74,0,74,237
12/10/2012,SRQ,FL,ASO,ES,Towers with Radar,28,13,66,0,107,0,1,24,0,25,28,14,90,0,132,17,0,17,149
12/11/2012,SRQ,FL,ASO,ES,Towers with Radar,24,3,48,4,79,0,2,32,8,42,24,5,80,12,121,44,16,60,181
12/12/2012,SRQ,FL,ASO,ES,Towers with Radar,25,4,63,0,92,0,1,44,0,45,25,5,107,0,137,30,0,30,167
12/13/2012,SRQ,FL,ASO,ES,Towers with Radar,28,10,77,0,115,0,3,74,0,77,28,13,151,0,192,104,0,104,296
12/14/2012,SRQ,FL,ASO,ES,Towers with Radar,32,7,107,23,169,0,2,85,0,87,32,9,192,23,256,119,0,119,375
12/15/2012,SRQ,FL,ASO,ES,Towers with Radar,33,9,53,0,95,0,3,118,0,121,33,12,171,0,216,110,0,110,326
12/16/2012,SRQ,FL,ASO,ES,Towers with Radar,34,4,62,1,101,0,0,81,0,81,34,4,143,1,182,72,0,72,254
12/17/2012,SRQ,FL,ASO,ES,Towers with Radar,34,8,36,7,85,0,2,56,7,65,34,10,92,14,150,82,10,92,242
12/18/2012,SRQ,FL,ASO,ES,Towers with Radar,34,4,63,0,101,0,2,45,0,47,34,6,108,0,148,143,0,143,291
12/19/2012,SRQ,FL,ASO,ES,Towers with Radar,36,17,61,4,118,0,2,134,0,136,36,19,195,4,254,85,0,85,339
12/20/2012,SRQ,FL,ASO,ES,Towers with Radar,35,14,50,0,99,0,2,75,2,79,35,16,125,2,178,31,0,31,209
12/21/2012,SRQ,FL,ASO,ES,Towers with Radar,34,5,59,0,98,0,2,38,2,42,34,7,97,2,140,39,4,43,183
12/22/2012,SRQ,FL,ASO,ES,Towers with Radar,37,17,47,0,101,0,4,107,0,111,37,21,154,0,212,108,0,108,320
12/23/2012,SRQ,FL,ASO,ES,Towers with Radar,34,17,47,0,98,0,3,96,0,99,34,20,143,0,197,111,0,111,308
12/24/2012,SRQ,FL,ASO,ES,Towers with Radar,30,7,24,0,61,0,4,36,2,42,30,11,60,2,103,45,0,45,148
12/25/2012,SRQ,FL,ASO,ES,Towers with Radar,32,11,11,0,54,0,0,17,0,17,32,11,28,0,71,0,0,0,71
12/26/2012,SRQ,FL,ASO,ES,Towers with Radar,39,26,71,0,136,0,5,31,0,36,39,31,102,0,172,35,0,35,207
12/27/2012,SRQ,FL,ASO,ES,Towers with Radar,37,28,93,3,161,0,3,126,0,129,37,31,219,3,290,160,1,161,451
12/28/2012,SRQ,FL,ASO,ES,Towers with Radar,35,25,54,11,125,0,5,75,2,82,35,30,129,13,207,13,0,13,220
12/29/2012,SRQ,FL,ASO,ES,Towers with Radar,39,29,51,0,119,0,4,13,0,17,39,33,64,0,136,10,0,10,146
12/30/2012,SRQ,FL,ASO,ES,Towers with Radar,36,6,54,0,96,0,2,103,0,105,36,8,157,0,201,46,0,46,247
12/31/2012,SRQ,FL,ASO,ES,Towers with Radar,33,6,61,2,102,0,2,103,2,107,33,8,164,4,209,60,0,60,269
01/01/2013,SRQ,FL,ASO,ES,Towers with Radar,31,17,58,0,106,0,0,88,0,88,31,17,146,0,194,109,0,109,303
01/02/2013,SRQ,FL,ASO,ES,Towers with Radar,36,20,57,0,113,0,0,84,0,84,36,20,141,0,197,103,0,103,300
01/03/2013,SRQ,FL,ASO,ES,Towers with Radar,35,16,73,0,124,0,2,55,0,57,35,18,128,0,181,97,0,97,278
01/04/2013,SRQ,FL,ASO,ES,Towers with Radar,39,23,88,0,150,0,0,13,0,13,39,23,101,0,163,52,0,52,215
01/05/2013,SRQ,FL,ASO,ES,Towers with Radar,34,17,53,0,104,0,1,69,0,70,34,18,122,0,174,148,0,148,322
01/06/2013,SRQ,FL,ASO,ES,Towers with Radar,33,20,72,1,126,0,3,45,1,49,33,23,117,2,175,50,0,50,225
01/07/2013,SRQ,FL,ASO,ES,Towers with Radar,32,12,57,0,101,0,1,33,0,34,32,13,90,0,135,48,0,48,183
01/08/2013,SRQ,FL,ASO,ES,Towers with Radar,32,17,60,7,116,0,4,116,1,121,32,21,176,8,237,165,0,165,402
01/09/2013,SRQ,FL,ASO,ES,Towers with Radar,32,5,58,3,98,0,2,94,2,98,32,7,152,5,196,146,0,146,342
01/10/2013,SRQ,FL,ASO,ES,Towers with Radar,34,7,58,6,105,0,4,116,1,121,34,11,174,7,226,78,16,94,320
01/11/2013,SRQ,FL,ASO,ES,Towers with Radar,34,13,96,17,160,0,5,98,3,106,34,18,194,20,266,37,0,37,303
01/12/2013,SRQ,FL,ASO,ES,Towers with Radar,32,12,52,0,96,0,6,111,0,117,32,18,163,0,213,115,0,115,328
01/13/2013,SRQ,FL,ASO,ES,Towers with Radar,32,9,52,0,93,0,3,79,1,83,32,12,131,1,176,51,0,51,227
01/14/2013,SRQ,FL,ASO,ES,Towers with Radar,32,14,45,10,101,0,4,83,8,95,32,18,128,18,196,71,0,71,267
01/15/2013,SRQ,FL,ASO,ES,Towers with Radar,30,9,55,8,102,0,2,102,0,104,30,11,157,8,206,58,0,58,264
01/16/2013,SRQ,FL,ASO,ES,Towers with Radar,29,10,53,2,94,0,2,94,0,96,29,12,147,2,190,50,0,50,240
01/17/2013,SRQ,FL,ASO,ES,Towers with Radar,33,16,64,22,135,0,0,17,1,18,33,16,81,23,153,34,0,34,187
01/18/2013,SRQ,FL,ASO,ES,Towers with Radar,34,19,95,2,150,0,3,84,0,87,34,22,179,2,237,86,0,86,323
01/19/2013,SRQ,FL,ASO,ES,Towers with Radar,32,8,55,0,95,0,2,86,3,91,32,10,141,3,186,66,0,66,252
01/20/2013,SRQ,FL,ASO,ES,Towers with Radar,30,12,83,1,126,0,1,68,2,71,30,13,151,3,197,98,0,98,295
01/21/2013,SRQ,FL,ASO,ES,Towers with Radar,31,26,81,0,138,0,1,87,0,88,31,27,168,0,226,85,0,85,311
01/22/2013,SRQ,FL,ASO,ES,Towers with Radar,32,15,78,2,127,0,3,107,0,110,32,18,185,2,237,68,0,68,305
01/23/2013,SRQ,FL,ASO,ES,Towers with Radar,30,16,60,6,112,0,2,119,6,127,30,18,179,12,239,76,8,84,323
01/24/2013,SRQ,FL,ASO,ES,Towers with Radar,32,24,76,4,136,0,0,144,0,144,32,24,220,4,280,83,0,83,363
01/25/2013,SRQ,FL,ASO,ES,Towers with Radar,31,22,67,1,121,0,6,140,1,147,31,28,207,2,268,139,0,139,407
01/26/2013,SRQ,FL,ASO,ES,Towers with Radar,35,16,77,0,128,0,2,107,0,109,35,18,184,0,237,104,0,104,341
01/27/2013,SRQ,FL,ASO,ES,Towers with Radar,31,14,79,0,124,0,5,88,1,94,31,19,167,1,218,78,0,78,296
01/28/2013,SRQ,FL,ASO,ES,Towers with Radar,32,9,73,3,117,0,2,102,1,105,32,11,175,4,222,60,0,60,282
01/29/2013,SRQ,FL,ASO,ES,Towers with Radar,30,12,87,2,131,0,7,84,0,91,30,19,171,2,222,41,0,41,263
01/30/2013,SRQ,FL,ASO,ES,Towers with Radar,29,12,57,6,104,0,6,74,0,80,29,18,131,6,184,28,0,28,212
01/31/2013,SRQ,FL,ASO,ES,Towers with Radar,33,8,76,20,137,0,3,73,0,76,33,11,149,20,213,70,0,70,283
02/01/2013,SRQ,FL,ASO,ES,Towers with Radar,36,11,68,0,115,0,3,81,0,84,36,14,149,0,199,111,0,111,310
02/02/2013,SRQ,FL,ASO,ES,Towers with Radar,32,12,48,2,94,0,4,124,0,128,32,16,172,2,222,0,0,0,222
02/03/2013,SRQ,FL,ASO,ES,Towers with Radar,30,8,70,0,108,0,2,82,0,84,30,10,152,0,192,53,0,53,245
02/04/2013,SRQ,FL,ASO,ES,Towers with Radar,32,8,72,4,116,0,4,91,1,96,32,12,163,5,212,90,0,90,302
02/05/2013,SRQ,FL,ASO,ES,Towers with Radar,30,8,66,4,108,0,8,108,9,125,30,16,174,13,233,124,21,145,378
02/06/2013,SRQ,FL,ASO,ES,Towers with Radar,32,10,82,9,133,0,3,111,0,114,32,13,193,9,247,104,0,104,351
02/07/2013,SRQ,FL,ASO,ES,Towers with Radar,33,16,86,9,144,0,5,108,0,113,33,21,194,9,257,83,4,87,344
02/08/2013,SRQ,FL,ASO,ES,Towers with Radar,28,14,88,0,130,0,2,107,0,109,28,16,195,0,239,71,0,71,310
02/09/2013,SRQ,FL,ASO,ES,Towers with Radar,27,11,59,0,97,0,7,85,0,92,27,18,144,0,189,69,0,69,258
02/10/2013,SRQ,FL,ASO,ES,Towers with Radar,33,13,75,0,121,0,2,69,10,81,33,15,144,10,202,38,0,38,240
02/11/2013,SRQ,FL,ASO,ES,Towers with Radar,33,11,91,12,147,0,0,99,0,99,33,11,190,12,246,89,0,89,335
02/12/2013,SRQ,FL,ASO,ES,Towers with Radar,30,12,73,10,125,0,1,99,0,100,30,13,172,10,225,80,0,80,305
02/13/2013,SRQ,FL,ASO,ES,Towers with Radar,33,14,73,2,122,0,0,17,0,17,33,14,90,2,139,2,0,2,141
02/14/2013,SRQ,FL,ASO,ES,Towers with Radar,33,15,88,0,136,0,0,24,0,24,33,15,112,0,160,20,0,20,180
02/15/2013,SRQ,FL,ASO,ES,Towers with Radar,36,30,84,0,150,0,0,54,0,54,36,30,138,0,204,30,0,30,234
02/16/2013,SRQ,FL,ASO,ES,Towers with Radar,41,17,49,4,111,0,1,98,0,99,41,18,147,4,210,30,0,30,240
02/17/2013,SRQ,FL,ASO,ES,Towers with Radar,37,19,60,0,116,0,0,71,0,71,37,19,131,0,187,82,0,82,269
02/18/2013,SRQ,FL,ASO,ES,Towers with Radar,41,15,72,0,128,0,2,88,0,90,41,17,160,0,218,54,0,54,272
02/19/2013,SRQ,FL,ASO,ES,Towers with Radar,35,8,81,0,124,0,2,116,0,118,35,10,197,0,242,86,0,86,328
02/20/2013,SRQ,FL,ASO,ES,Towers with Radar,36,18,84,0,138,0,0,84,0,84,36,18,168,0,222,48,0,48,270
02/21/2013,SRQ,FL,ASO,ES,Towers with Radar,38,20,80,4,142,0,3,83,0,86,38,23,163,4,228,174,0,174,402
02/22/2013,SRQ,FL,ASO,ES,Towers with Radar,33,10,77,6,126,0,1,119,0,120,33,11,196,6,246,116,0,116,362
02/23/2013,SRQ,FL,ASO,ES,Towers with Radar,40,21,85,0,146,0,3,52,0,55,40,24,137,0,201,47,0,47,248
02/24/2013,SRQ,FL,ASO,ES,Towers with Radar,37,31,92,0,160,0,0,34,0,34,37,31,126,0,194,35,0,35,229
02/25/2013,SRQ,FL,ASO,ES,Towers with Radar,35,9,59,4,107,0,1,72,0,73,35,10,131,4,180,110,0,110,290
02/26/2013,SRQ,FL,ASO,ES,Towers with Radar,34,8,46,0,88,0,1,26,0,27,34,9,72,0,115,69,0,69,184
02/27/2013,SRQ,FL,ASO,ES,Towers with Radar,34,10,80,2,126,0,4,87,0,91,34,14,167,2,217,126,0,126,343
02/28/2013,SRQ,FL,ASO,ES,Towers with Radar,37,13,79,2,131,0,3,116,0,119,37,16,195,2,250,115,0,115,365
03/01/2013,SRQ,FL,ASO,ES,Towers with Radar,35,16,87,4,142,0,2,89,0,91,35,18,176,4,233,100,0,100,333
03/02/2013,SRQ,FL,ASO,ES,Towers with Radar,41,23,56,2,122,0,2,56,0,58,41,25,112,2,180,43,0,43,223
03/03/2013,SRQ,FL,ASO,ES,Towers with Radar,36,19,58,0,113,0,2,69,0,71,36,21,127,0,184,72,0,72,256
03/04/2013,SRQ,FL,ASO,ES,Towers with Radar,36,14,87,2,139,0,4,102,4,110,36,18,189,6,249,119,0,119,368
03/05/2013,SRQ,FL,ASO,ES,Towers with Radar,36,14,66,12,128,0,6,112,4,122,36,20,178,16,250,153,8,161,411
03/06/2013,SRQ,FL,ASO,ES,Towers with Radar,36,6,50,3,95,0,2,67,6,75,36,8,117,9,170,49,0,49,219
03/07/2013,SRQ,FL,ASO,ES,Towers with Radar,36,13,61,2,112,0,7,132,0,139,36,20,193,2,251,63,0,63,314
03/08/2013,SRQ,FL,ASO,ES,Towers with Radar,37,19,88,4,148,0,2,114,0,116,37,21,202,4,264,99,0,99,363
03/09/2013,SRQ,FL,ASO,ES,Towers with Radar,41,21,61,1,124,0,0,111,1,112,41,21,172,2,236,105,14,119,355
03/10/2013,SRQ,FL,ASO,ES,Towers with Radar,37,21,72,0,130,0,0,85,0,85,37,21,157,0,215,36,1,37,252
03/11/2013,SRQ,FL,ASO,ES,Towers with Radar,36,8,74,12,130,0,2,93,11,106,36,10,167,23,236,99,28,127,363
03/12/2013,SRQ,FL,ASO,ES,Towers with Radar,36,7,77,9,129,0,0,19,2,21,36,7,96,11,150,8,12,20,170
03/13/2013,SRQ,FL,ASO,ES,Towers with Radar,36,16,70,4,126,0,6,132,18,156,36,22,202,22,282,154,24,178,460
03/14/2013,SRQ,FL,ASO,ES,Towers with Radar,36,21,62,7,126,0,1,113,3,117,36,22,175,10,243,95,8,103,346
03/15/2013,SRQ,FL,ASO,ES,Towers with Radar,36,18,105,2,161,0,4,134,0,138,36,22,239,2,299,179,0,179,478
03/16/2013,SRQ,FL,ASO,ES,Towers with Radar,40,28,68,0,136,0,0,135,1,136,40,28,203,1,272,136,0,136,408
03/17/2013,SRQ,FL,ASO,ES,Towers with Radar,38,33,64,0,135,0,2,95,0,97,38,35,159,0,232,40,0,40,272
03/18/2013,SRQ,FL,ASO,ES,Towers with Radar,34,18,49,0,101,0,0,48,2,50,34,18,97,2,151,92,0,92,243
03/19/2013,SRQ,FL,ASO,ES,Towers with Radar,35,14,51,0,100,0,0,86,2,88,35,14,137,2,188,190,46,236,424
03/20/2013,SRQ,FL,ASO,ES,Towers with Radar,36,21,40,6,103,0,0,31,2,33,36,21,71,8,136,30,8,38,174
03/21/2013,SRQ,FL,ASO,ES,Towers with Radar,36,12,72,4,124,0,7,115,0,122,36,19,187,4,246,128,0,128,374
03/22/2013,SRQ,FL,ASO,ES,Towers with Radar,36,25,75,4,140,0,6,117,0,123,36,31,192,4,263,119,0,119,382
03/23/2013,SRQ,FL,ASO,ES,Towers with Radar,41,32,135,10,218,0,0,19,0,19,41,32,154,10,237,32,0,32,269
03/24/2013,SRQ,FL,ASO,ES,Towers with Radar,39,27,68,0,134,0,0,6,0,6,39,27,74,0,140,16,0,16,156
03/25/2013,SRQ,FL,ASO,ES,Towers with Radar,37,16,64,6,123,0,0,90,6,96,37,16,154,12,219,64,14,78,297
03/26/2013,SRQ,FL,ASO,ES,Towers with Radar,37,16,67,7,127,0,4,78,1,83,37,20,145,8,210,5,0,5,215
03/27/2013,SRQ,FL,ASO,ES,Towers with Radar,35,19,72,5,131,0,0,124,7,131,35,19,196,12,262,47,16,63,325
03/28/2013,SRQ,FL,ASO,ES,Towers with Radar,35,29,79,0,143,0,2,114,3,119,35,31,193,3,262,163,0,163,425
03/29/2013,SRQ,FL,ASO,ES,Towers with Radar,39,26,88,0,153,0,4,132,0,136,39,30,220,0,289,150,0,150,439
03/30/2013,SRQ,FL,ASO,ES,Towers with Radar,43,25,63,0,131,0,3,150,1,154,43,28,213,1,285,112,0,112,397
03/31/2013,SRQ,FL,ASO,ES,Towers with Radar,37,14,51,4,106,0,0,64,0,64,37,14,115,4,170,67,10,77,247
04/01/2013,SRQ,FL,ASO,ES,Towers with Radar,36,26,92,10,164,0,4,86,0,90,36,30,178,10,254,81,0,81,335
04/02/2013,SRQ,FL,ASO,ES,Towers with Radar,36,22,64,0,122,0,1,98,0,99,36,23,162,0,221,137,0,137,358
04/03/2013,SRQ,FL,ASO,ES,Towers with Radar,38,20,78,5,141,0,1,147,3,151,38,21,225,8,292,164,0,164,456
04/04/2013,SRQ,FL,ASO,ES,Towers with Radar,36,30,44,0,110,0,1,19,0,20,36,31,63,0,130,5,0,5,135
04/05/2013,SRQ,FL,ASO,ES,Towers with Radar,36,28,74,1,139,0,5,37,1,43,36,33,111,2,182,45,0,45,227
04/06/2013,SRQ,FL,ASO,ES,Towers with Radar,41,26,63,0,130,0,2,129,0,131,41,28,192,0,261,64,0,64,325
04/07/2013,SRQ,FL,ASO,ES,Towers with Radar,37,27,84,0,148,0,2,106,2,110,37,29,190,2,258,72,8,80,338
04/08/2013,SRQ,FL,ASO,ES,Towers with Radar,35,17,82,4,138,0,4,113,0,117,35,21,195,4,255,126,0,126,381
04/09/2013,SRQ,FL,ASO,ES,Towers with Radar,34,16,65,4,119,0,1,113,0,114,34,17,178,4,233,51,0,51,284
04/10/2013,SRQ,FL,ASO,ES,Towers with Radar,34,14,84,0,132,0,4,127,0,131,34,18,211,0,263,20,0,20,283
04/11/2013,SRQ,FL,ASO,ES,Towers with Radar,34,13,71,0,118,0,6,71,0,77,34,19,142,0,195,29,0,29,224
04/12/2013,SRQ,FL,ASO,ES,Towers with Radar,36,14,88,11,149,0,1,46,0,47,36,15,134,11,196,40,10,50,246
04/13/2013,SRQ,FL,ASO,ES,Towers with Radar,41,14,65,0,120,0,4,83,0,87,41,18,148,0,207,44,0,44,251
04/14/2013,SRQ,FL,ASO,ES,Towers with Radar,35,17,76,0,128,0,1,75,1,77,35,18,151,1,205,21,0,21,226
04/15/2013,SRQ,FL,ASO,ES,Towers with Radar,33,14,86,3,136,0,4,101,0,105,33,18,187,3,241,48,0,48,289
04/16/2013,SRQ,FL,ASO,ES,Towers with Radar,34,12,74,4,124,0,2,114,0,116,34,14,188,4,240,120,0,120,360
04/17/2013,SRQ,FL,ASO,ES,Towers with Radar,32,12,59,4,107,0,4,102,0,106,32,16,161,4,213,93,0,93,306
04/18/2013,SRQ,FL,ASO,ES,Towers with Radar,30,14,77,0,121,0,0,128,0,128,30,14,205,0,249,174,0,174,423
04/19/2013,SRQ,FL,ASO,ES,Towers with Radar,31,16,74,4,125,0,7,77,0,84,31,23,151,4,209,55,0,55,264
04/20/2013,SRQ,FL,ASO,ES,Towers with Radar,41,12,82,0,135,0,2,100,0,102,41,14,182,0,237,112,0,112,349
04/21/2013,SRQ,FL,ASO,ES,Towers with Radar,35,23,55,0,113,0,1,57,2,60,35,24,112,2,173,32,0,32,205
04/22/2013,SRQ,FL,ASO,ES,Towers with Radar,32,15,80,2,129,0,1,56,0,57,32,16,136,2,186,102,0,102,288
04/23/2013,SRQ,FL,ASO,ES,Towers with Radar,32,31,70,0,133,0,3,108,0,111,32,34,178,0,244,133,0,133,377
04/24/2013,SRQ,FL,ASO,ES,Towers with Radar,32,15,78,0,125,0,3,165,0,168,32,18,243,0,293,73,0,73,366
04/25/2013,SRQ,FL,ASO,ES,Towers with Radar,32,12,79,6,129,0,4,153,0,157,32,16,232,6,286,75,0,75,361
04/26/2013,SRQ,FL,ASO,ES,Towers with Radar,32,14,86,0,132,0,2,118,0,120,32,16,204,0,252,42,0,42,294
04/27/2013,SRQ,FL,ASO,ES,Towers with Radar,41,16,49,0,106,0,2,129,0,131,41,18,178,0,237,79,0,79,316
04/28/2013,SRQ,FL,ASO,ES,Towers with Radar,35,21,46,0,102,0,4,72,2,78,35,25,118,2,180,71,0,71,251
04/29/2013,SRQ,FL,ASO,ES,Towers with Radar,32,9,55,10,106,0,2,83,4,89,32,11,138,14,195,32,0,32,227
04/30/2013,SRQ,FL,ASO,ES,Towers with Radar,32,16,61,0,109,0,0,96,0,96,32,16,157,0,205,159,0,159,364
05/01/2013,SRQ,FL,ASO,ES,Towers with Radar,30,12,63,1,106,0,1,39,3,43,30,13,102,4,149,12,0,12,161
05/02/2013,SRQ,FL,ASO,ES,Towers with Radar,36,7,107,0,150,0,1,34,0,35,36,8,141,0,185,28,0,28,213
05/03/2013,SRQ,FL,ASO,ES,Towers with Radar,30,13,79,6,128,0,1,94,0,95,30,14,173,6,223,105,0,105,328
05/04/2013,SRQ,FL,ASO,ES,Towers with Radar,32,10,73,0,115,0,0,62,0,62,32,10,135,0,177,123,0,123,300
05/05/2013,SRQ,FL,ASO,ES,Towers with Radar,31,14,65,0,110,0,0,102,0,102,31,14,167,0,212,77,0,77,289
05/06/2013,SRQ,FL,ASO,ES,Towers with Radar,29,19,74,11,133,0,4,107,1,112,29,23,181,12,245,85,8,93,338
05/07/2013,SRQ,FL,ASO,ES,Towers with Radar,29,15,56,4,104,0,0,96,0,96,29,15,152,4,200,55,0,55,255
05/08/2013,SRQ,FL,ASO,ES,Towers with Radar,28,11,59,0,98,0,0,152,0,152,28,11,211,0,250,127,0,127,377
05/09/2013,SRQ,FL,ASO,ES,Towers with Radar,28,20,72,0,120,0,3,102,0,105,28,23,174,0,225,130,1,131,356
05/10/2013,SRQ,FL,ASO,ES,Towers with Radar,30,12,63,6,111,0,3,124,0,127,30,15,187,6,238,89,0,89,327
05/11/2013,SRQ,FL,ASO,ES,Towers with Radar,31,17,51,0,99,0,0,62,1,63,31,17,113,1,162,55,0,55,217
05/12/2013,SRQ,FL,ASO,ES,Towers with Radar,29,15,49,1,94,0,1,55,1,57,29,16,104,2,151,49,0,49,200
05/13/2013,SRQ,FL,ASO,ES,Towers with Radar,28,12,66,0,106,0,0,88,0,88,28,12,154,0,194,62,0,62,256
05/14/2013,SRQ,FL,ASO,ES,Towers with Radar,26,19,55,12,112,0,3,108,0,111,26,22,163,12,223,40,0,40,263
05/15/2013,SRQ,FL,ASO,ES,Towers with Radar,27,19,65,6,117,0,5,102,0,107,27,24,167,6,224,80,0,80,304
05/16/2013,SRQ,FL,ASO,ES,Towers with Radar,27,18,72,14,131,0,2,106,0,108,27,20,178,14,239,50,0,50,289
05/17/2013,SRQ,FL,ASO,ES,Towers with Radar,28,11,58,1,98,0,4,86,1,91,28,15,144,2,189,143,0,143,332
05/18/2013,SRQ,FL,ASO,ES,Towers with Radar,32,9,49,4,94,0,8,120,0,128,32,17,169,4,222,89,0,89,311
05/19/2013,SRQ,FL,ASO,ES,Towers with Radar,29,16,67,1,113,0,5,79,3,87,29,21,146,4,200,31,0,31,231
05/20/2013,SRQ,FL,ASO,ES,Towers with Radar,28,14,85,0,127,0,2,66,0,68,28,16,151,0,195,136,0,136,331
05/21/2013,SRQ,FL,ASO,ES,Towers with Radar,28,18,67,8,121,0,0,107,0,107,28,18,174,8,228,92,0,92,320
05/22/2013,SRQ,FL,ASO,ES,Towers with Radar,28,9,68,0,105,0,0,102,0,102,28,9,170,0,207,127,0,127,334
05/23/2013,SRQ,FL,ASO,ES,Towers with Radar,28,17,67,10,122,0,0,87,8,95,28,17,154,18,217,95,0,95,312
05/24/2013,SRQ,FL,ASO,ES,Towers with Radar,28,15,58,10,111,0,5,107,6,118,28,20,165,16,229,85,30,115,344
05/25/2013,SRQ,FL,ASO,ES,Towers with Radar,29,11,42,0,82,0,1,92,0,93,29,12,134,0,175,96,0,96,271
05/26/2013,SRQ,FL,ASO,ES,Towers with Radar,26,3,44,0,73,0,4,62,0,66,26,7,106,0,139,22,0,22,161
05/27/2013,SRQ,FL,ASO,ES,Towers with Radar,26,14,46,0,86,0,4,73,0,77,26,18,119,0,163,34,0,34,197
05/28/2013,SRQ,FL,ASO,ES,Towers with Radar,29,8,42,10,89,0,0,49,3,52,29,8,91,13,141,26,2,28,169
05/29/2013,SRQ,FL,ASO,ES,Towers with Radar,28,8,68,0,104,0,1,68,2,71,28,9,136,2,175,55,0,55,230
05/30/2013,SRQ,FL,ASO,ES,Towers with Radar,28,10,50,0,88,0,0,67,0,67,28,10,117,0,155,28,0,28,183
05/31/2013,SRQ,FL,ASO,ES,Towers with Radar,29,14,82,2,127,0,0,64,0,64,29,14,146,2,191,64,0,64,255
06/01/2013,SRQ,FL,ASO,ES,Towers with Radar,30,13,36,1,80,0,0,40,0,40,30,13,76,1,120,61,0,61,181
06/02/2013,SRQ,FL,ASO,ES,Towers with Radar,29,9,57,6,101,0,1,63,0,64,29,10,120,6,165,46,0,46,211
06/03/2013,SRQ,FL,ASO,ES,Towers with Radar,30,5,52,0,87,0,0,25,1,26,30,5,77,1,113,32,0,32,145
06/04/2013,SRQ,FL,ASO,ES,Towers with Radar,28,13,45,2,88,0,4,58,0,62,28,17,103,2,150,58,0,58,208
06/05/2013,SRQ,FL,ASO,ES,Towers with Radar,27,9,53,0,89,0,0,60,0,60,27,9,113,0,149,69,0,69,218
06/06/2013,SRQ,FL,ASO,ES,Towers with Radar,28,3,11,0,42,0,0,0,0,0,28,3,11,0,42,0,0,0,42
06/07/2013,SRQ,FL,ASO,ES,Towers with Radar,27,15,82,4,128,0,1,71,0,72,27,16,153,4,200,97,0,97,297
06/08/2013,SRQ,FL,ASO,ES,Towers with Radar,30,11,47,0,88,0,2,57,0,59,30,13,104,0,147,57,0,57,204
06/09/2013,SRQ,FL,ASO,ES,Towers with Radar,31,11,45,0,87,0,4,44,1,49,31,15,89,1,136,63,0,63,199
06/10/2013,SRQ,FL,ASO,ES,Towers with Radar,28,13,47,1,89,0,2,60,0,62,28,15,107,1,151,52,9,61,212
06/11/2013,SRQ,FL,ASO,ES,Towers with Radar,30,9,51,5,95,0,1,84,3,88,30,10,135,8,183,20,5,25,208
06/12/2013,SRQ,FL,ASO,ES,Towers with Radar,28,15,61,1,105,0,0,78,0,78,28,15,139,1,183,135,6,141,324
06/13/2013,SRQ,FL,ASO,ES,Towers with Radar,27,12,74,2,115,0,0,90,0,90,27,12,164,2,205,91,0,91,296
06/14/2013,SRQ,FL,ASO,ES,Towers with Radar,28,14,67,0,109,0,0,106,1,107,28,14,173,1,216,48,0,48,264
06/15/2013,SRQ,FL,ASO,ES,Towers with Radar,28,16,42,4,90,0,2,111,0,113,28,18,153,4,203,98,0,98,301
06/16/2013,SRQ,FL,ASO,ES,Towers with Radar,30,7,61,0,98,0,0,68,0,68,30,7,129,0,166,26,0,26,192
06/17/2013,SRQ,FL,ASO,ES,Towers with Radar,27,12,51,1,91,0,0,77,5,82,27,12,128,6,173,75,12,87,260
06/18/2013,SRQ,FL,ASO,ES,Towers with Radar,25,8,36,0,69,0,1,95,0,96,25,9,131,0,165,113,0,113,278
06/19/2013,SRQ,FL,ASO,ES,Towers with Radar,26,6,45,8,85,0,2,62,2,66,26,8,107,10,151,56,12,68,219
06/20/2013,SRQ,FL,ASO,ES,Towers with Radar,28,16,34,0,78,0,1,83,1,85,28,17,117,1,163,90,0,90,253
06/21/2013,SRQ,FL,ASO,ES,Towers with Radar,28,9,52,4,93,0,1,85,3,89,28,10,137,7,182,19,4,23,205
06/22/2013,SRQ,FL,ASO,ES,Towers with Radar,28,15,46,0,89,0,4,90,0,94,28,19,136,0,183,11,0,11,194
06/23/2013,SRQ,FL,ASO,ES,Towers with Radar,30,12,55,0,97,0,0,74,0,74,30,12,129,0,171,89,0,89,260
06/24/2013,SRQ,FL,ASO,ES,Towers with Radar,27,10,39,0,76,0,0,56,0,56,27,10,95,0,132,111,0,111,243
06/25/2013,SRQ,FL,ASO,ES,Towers with Radar,27,12,42,2,83,0,0,78,0,78,27,12,120,2,161,64,0,64,225
06/26/2013,SRQ,FL,ASO,ES,Towers with Radar,26,12,37,0,75,0,2,79,3,84,26,14,116,3,159,32,0,32,191
06/27/2013,SRQ,FL,ASO,ES,Towers with Radar,26,13,36,0,75,0,0,64,3,67,26,13,100,3,142,70,0,70,212
06/28/2013,SRQ,FL,ASO,ES,Towers with Radar,28,6,51,0,85,0,0,61,0,61,28,6,112,0,146,51,0,51,197
06/29/2013,SRQ,FL,ASO,ES,Towers with Radar,28,15,33,0,76,0,1,48,0,49,28,16,81,0,125,105,0,105,230
06/30/2013,SRQ,FL,ASO,ES,Towers with Radar,30,17,41,0,88,0,0,27,0,27,30,17,68,0,115,15,0,15,130
07/01/2013,SRQ,FL,ASO,ES,Towers with Radar,26,18,44,0,88,0,0,9,0,9,26,18,53,0,97,28,0,28,125
07/02/2013,SRQ,FL,ASO,ES,Towers with Radar,28,11,30,0,69,0,0,61,0,61,28,11,91,0,130,73,0,73,203
07/03/2013,SRQ,FL,ASO,ES,Towers with Radar,25,9,42,2,78,0,0,60,0,60,25,9,102,2,138,97,0,97,235
07/04/2013,SRQ,FL,ASO,ES,Towers with Radar,23,3,29,0,55,0,0,47,1,48,23,3,76,1,103,3,0,3,106
07/05/2013,SRQ,FL,ASO,ES,Towers with Radar,25,12,30,0,67,0,0,61,0,61,25,12,91,0,128,44,0,44,172
07/06/2013,SRQ,FL,ASO,ES,Towers with Radar,26,14,24,0,64,0,0,54,0,54,26,14,78,0,118,20,0,20,138
07/07/2013,SRQ,FL,ASO,ES,Towers with Radar,30,18,61,0,109,0,0,84,0,84,30,18,145,0,193,43,0,43,236
07/08/2013,SRQ,FL,ASO,ES,Towers with Radar,28,12,49,0,89,0,2,74,0,76,28,14,123,0,165,0,0,0,165
07/09/2013,SRQ,FL,ASO,ES,Towers with Radar,27,13,45,8,93,0,2,53,0,55,27,15,98,8,148,82,2,84,232
07/10/2013,SRQ,FL,ASO,ES,Towers with Radar,28,17,44,0,89,0,0,73,0,73,28,17,117,0,162,65,0,65,227
07/11/2013,SRQ,FL,ASO,ES,Towers with Radar,27,4,36,2,69,0,0,56,0,56,27,4,92,2,125,100,0,100,225
07/12/2013,SRQ,FL,ASO,ES,Towers with Radar,29,7,54,2,92,0,0,53,0,53,29,7,107,2,145,88,0,88,233
07/13/2013,SRQ,FL,ASO,ES,Towers with Radar,28,19,35,1,83,0,3,49,0,52,28,22,84,1,135,63,0,63,198
07/14/2013,SRQ,FL,ASO,ES,Towers with Radar,30,6,34,1,71,0,0,29,0,29,30,6,63,1,100,86,0,86,186
07/15/2013,SRQ,FL,ASO,ES,Towers with Radar,28,9,61,2,100,0,0,86,0,86,28,9,147,2,186,107,0,107,293
07/16/2013,SRQ,FL,ASO,ES,Towers with Radar,26,2,42,2,72,0,3,94,2,99,26,5,136,4,171,59,5,64,235
07/17/2013,SRQ,FL,ASO,ES,Towers with Radar,25,2,63,1,91,0,0,114,1,115,25,2,177,2,206,184,0,184,390
07/18/2013,SRQ,FL,ASO,ES,Towers with Radar,34,9,44,8,95,0,2,58,22,82,34,11,102,30,177,72,56,128,305
07/19/2013,SRQ,FL,ASO,ES,Towers with Radar,28,14,59,4,105,0,4,56,2,62,28,18,115,6,167,122,4,126,293
07/20/2013,SRQ,FL,ASO,ES,Towers with Radar,28,17,42,16,103,0,2,93,10,105,28,19,135,26,208,74,10,84,292
07/21/2013,SRQ,FL,ASO,ES,Towers with Radar,28,11,55,0,94,0,1,51,1,53,28,12,106,1,147,93,0,93,240
07/22/2013,SRQ,FL,ASO,ES,Towers with Radar,28,6,58,11,103,0,0,84,3,87,28,6,142,14,190,89,12,101,291
07/23/2013,SRQ,FL,ASO,ES,Towers with Radar,28,7,45,19,99,0,0,73,5,78,28,7,118,24,177,119,38,157,334
07/24/2013,SRQ,FL,ASO,ES,Towers with Radar,26,10,55,2,93,0,2,113,0,115,26,12,168,2,208,146,0,146,354
07/25/2013,SRQ,FL,ASO,ES,Towers with Radar,28,7,64,0,99,0,2,82,0,84,28,9,146,0,183,99,0,99,282
07/26/2013,SRQ,FL,ASO,ES,Towers with Radar,27,15,54,4,100,0,4,78,0,82,27,19,132,4,182,137,0,137,319
07/27/2013,SRQ,FL,ASO,ES,Towers with Radar,27,9,45,1,82,0,5,103,0,108,27,14,148,1,190,71,0,71,261
07/28/2013,SRQ,FL,ASO,ES,Towers with Radar,30,9,38,0,77,0,2,80,0,82,30,11,118,0,159,80,0,80,239
07/29/2013,SRQ,FL,ASO,ES,Towers with Radar,29,10,56,1,96,0,4,98,0,102,29,14,154,1,198,73,0,73,271
07/30/2013,SRQ,FL,ASO,ES,Towers with Radar,27,13,40,8,88,0,2,70,0,72,27,15,110,8,160,77,2,79,239
07/31/2013,SRQ,FL,ASO,ES,Towers with Radar,25,7,48,12,92,0,2,76,4,82,25,9,124,16,174,34,6,40,214
08/01/2013,SRQ,FL,ASO,ES,Towers with Radar,31,12,55,7,105,0,2,94,0,96,31,14,149,7,201,143,0,143,344
08/02/2013,SRQ,FL,ASO,ES,Towers with Radar,30,12,51,5,98,0,1,77,1,79,30,13,128,6,177,53,0,53,230
08/03/2013,SRQ,FL,ASO,ES,Towers with Radar,28,12,33,0,73,0,4,96,0,100,28,16,129,0,173,48,0,48,221
08/04/2013,SRQ,FL,ASO,ES,Towers with Radar,29,12,54,12,107,0,2,51,0,53,29,14,105,12,160,39,0,39,199
08/05/2013,SRQ,FL,ASO,ES,Towers with Radar,27,5,58,6,96,0,5,99,0,104,27,10,157,6,200,154,0,154,354
08/06/2013,SRQ,FL,ASO,ES,Towers with Radar,26,5,45,8,84,0,0,57,0,57,26,5,102,8,141,71,1,72,213
08/07/2013,SRQ,FL,ASO,ES,Towers with Radar,26,2,66,2,96,0,1,100,0,101,26,3,166,2,197,101,0,101,298
08/08/2013,SRQ,FL,ASO,ES,Towers with Radar,28,6,57,4,95,0,1,109,0,110,28,7,166,4,205,183,0,183,388
08/09/2013,SRQ,FL,ASO,ES,Towers with Radar,28,12,46,4,90,0,0,70,0,70,28,12,116,4,160,76,0,76,236
08/10/2013,SRQ,FL,ASO,ES,Towers with Radar,28,8,52,0,88,0,0,89,0,89,28,8,141,0,177,70,0,70,247
08/11/2013,SRQ,FL,ASO,ES,Towers with Radar,30,8,42,6,86,0,2,86,0,88,30,10,128,6,174,37,0,37,211
08/12/2013,SRQ,FL,ASO,ES,Towers with Radar,27,7,71,0,105,0,4,93,0,97,27,11,164,0,202,145,0,145,347
08/13/2013,SRQ,FL,ASO,ES,Towers with Radar,26,7,53,0,86,0,4,121,0,125,26,11,174,0,211,72,0,72,283
08/14/2013,SRQ,FL,ASO,ES,Towers with Radar,34,10,66,10,120,0,0,116,0,116,34,10,182,10,236,106,0,106,342
08/15/2013,SRQ,FL,ASO,ES,Towers with Radar,27,11,51,3,92,0,0,84,3,87,27,11,135,6,179,179,0,179,358
08/16/2013,SRQ,FL,ASO,ES,Towers with Radar,27,8,72,5,112,0,4,90,5,99,27,12,162,10,211,86,10,96,307
08/17/2013,SRQ,FL,ASO,ES,Towers with Radar,28,4,34,0,66,0,2,98,0,100,28,6,132,0,166,98,7,105,271
08/18/2013,SRQ,FL,ASO,ES,Towers with Radar,30,5,34,9,78,0,0,56,0,56,30,5,90,9,134,24,0,24,158
08/19/2013,SRQ,FL,ASO,ES,Towers with Radar,27,8,34,3,72,0,3,53,0,56,27,11,87,3,128,111,0,111,239
08/20/2013,SRQ,FL,ASO,ES,Towers with Radar,24,6,41,0,71,0,1,81,0,82,24,7,122,0,153,134,0,134,287
08/21/2013,SRQ,FL,ASO,ES,Towers with Radar,26,3,47,0,76,0,3,81,0,84,26,6,128,0,160,95,0,95,255
08/22/2013,SRQ,FL,ASO,ES,Towers with Radar,26,7,49,4,86,0,2,70,0,72,26,9,119,4,158,98,0,98,256
08/23/2013,SRQ,FL,ASO,ES,Towers with Radar,26,9,39,3,77,0,0,102,0,102,26,9,141,3,179,109,0,109,288
08/24/2013,SRQ,FL,ASO,ES,Towers with Radar,28,5,32,0,65,0,3,80,0,83,28,8,112,0,148,68,0,68,216
08/25/2013,SRQ,FL,ASO,ES,Towers with Radar,28,7,28,0,63,0,1,32,0,33,28,8,60,0,96,36,0,36,132
08/26/2013,SRQ,FL,ASO,ES,Towers with Radar,23,5,45,2,75,0,2,69,2,73,23,7,114,4,148,77,3,80,228
08/27/2013,SRQ,FL,ASO,ES,Towers with Radar,24,6,41,2,73,0,1,87,2,90,24,7,128,4,163,118,0,118,281
08/28/2013,SRQ,FL,ASO,ES,Towers with Radar,26,14,58,6,104,0,2,77,0,79,26,16,135,6,183,104,6,110,293
08/29/2013,SRQ,FL,ASO,ES,Towers with Radar,28,12,52,4,96,0,0,101,0,101,28,12,153,4,197,62,0,62,259
08/30/2013,SRQ,FL,ASO,ES,Towers with Radar,26,7,58,0,91,0,1,80,0,81,26,8,138,0,172,56,0,56,228
08/31/2013,SRQ,FL,ASO,ES,Towers with Radar,26,12,45,0,83,0,0,75,0,75,26,12,120,0,158,47,0,47,205
09/01/2013,SRQ,FL,ASO,ES,Towers with Radar,26,3,15,0,44,0,7,52,0,59,26,10,67,0,103,42,0,42,145
09/02/2013,SRQ,FL,ASO,ES,Towers with Radar,26,11,53,0,90,0,5,64,0,69,26,16,117,0,159,82,0,82,241
09/03/2013,SRQ,FL,ASO,ES,Towers with Radar,24,13,47,0,84,0,5,70,0,75,24,18,117,0,159,111,0,111,270
09/04/2013,SRQ,FL,ASO,ES,Towers with Radar,24,17,50,15,106,0,1,106,0,107,24,18,156,15,213,120,0,120,333
09/05/2013,SRQ,FL,ASO,ES,Towers with Radar,26,8,52,6,92,0,4,95,2,101,26,12,147,8,193,136,29,165,358
09/06/2013,SRQ,FL,ASO,ES,Towers with Radar,26,7,47,5,85,0,2,89,3,94,26,9,136,8,179,185,0,185,364
09/07/2013,SRQ,FL,ASO,ES,Towers with Radar,24,4,38,0,66,0,4,83,0,87,24,8,121,0,153,79,0,79,232
09/08/2013,SRQ,FL,ASO,ES,Towers with Radar,26,8,36,1,71,0,1,73,1,75,26,9,109,2,146,89,0,89,235
09/09/2013,SRQ,FL,ASO,ES,Towers with Radar,24,11,45,4,84,0,0,94,0,94,24,11,139,4,178,172,0,172,350
09/10/2013,SRQ,FL,ASO,ES,Towers with Radar,20,9,57,6,92,0,3,90,0,93,20,12,147,6,185,54,0,54,239
09/11/2013,SRQ,FL,ASO,ES,Towers with Radar,24,7,45,2,78,0,1,71,0,72,24,8,116,2,150,96,0,96,246
09/12/2013,SRQ,FL,ASO,ES,Towers with Radar,25,14,49,0,88,0,0,57,0,57,25,14,106,0,145,50,0,50,195
09/13/2013,SRQ,FL,ASO,ES,Towers with Radar,27,7,62,8,104,0,0,105,0,105,27,7,167,8,209,69,0,69,278
09/14/2013,SRQ,FL,ASO,ES,Towers with Radar,24,9,39,0,72,0,2,99,0,101,24,11,138,0,173,80,0,80,253
09/15/2013,SRQ,FL,ASO,ES,Towers with Radar,26,9,46,0,81,0,0,79,0,79,26,9,125,0,160,50,0,50,210
09/16/2013,SRQ,FL,ASO,ES,Towers with Radar,24,4,30,2,60,0,1,66,0,67,24,5,96,2,127,150,0,150,277
09/17/2013,SRQ,FL,ASO,ES,Towers with Radar,20,8,27,0,55,0,2,79,0,81,20,10,106,0,136,56,0,56,192
09/18/2013,SRQ,FL,ASO,ES,Towers with Radar,24,11,50,0,85,0,0,74,0,74,24,11,124,0,159,95,0,95,254
09/19/2013,SRQ,FL,ASO,ES,Towers with Radar,26,16,48,0,90,0,1,89,0,90,26,17,137,0,180,120,0,120,300
09/20/2013,SRQ,FL,ASO,ES,Towers with Radar,26,13,62,0,101,0,2,88,0,90,26,15,150,0,191,0,0,0,191
09/21/2013,SRQ,FL,ASO,ES,Towers with Radar,24,11,47,0,82,0,0,162,0,162,24,11,209,0,244,92,0,92,336
09/22/2013,SRQ,FL,ASO,ES,Towers with Radar,28,14,57,6,105,0,1,48,0,49,28,15,105,6,154,34,0,34,188
09/23/2013,SRQ,FL,ASO,ES,Towers with Radar,24,3,43,0,70,0,0,8,0,8,24,3,51,0,78,6,0,6,84
09/24/2013,SRQ,FL,ASO,ES,Towers with Radar,20,16,39,0,75,0,0,5,0,5,20,16,44,0,80,0,0,0,80
09/25/2013,SRQ,FL,ASO,ES,Towers with Radar,24,12,39,5,80,0,1,17,0,18,24,13,56,5,98,0,0,0,98
09/26/2013,SRQ,FL,ASO,ES,Towers with Radar,26,26,69,3,124,0,3,74,2,79,26,29,143,5,203,85,0,85,288
09/27/2013,SRQ,FL,ASO,ES,Towers with Radar,26,12,85,1,124,0,1,105,1,107,26,13,190,2,231,134,4,138,369
09/28/2013,SRQ,FL,ASO,ES,Towers with Radar,24,8,61,0,93,0,4,105,0,109,24,12,166,0,202,134,0,134,336
09/29/2013,SRQ,FL,ASO,ES,Towers with Radar,26,8,50,0,84,0,6,85,0,91,26,14,135,0,175,101,0,101,276
09/30/2013,SRQ,FL,ASO,ES,Towers with Radar,25,11,56,0,92,0,0,115,0,115,25,11,171,0,207,0,0,0,207
10/01/2013,SRQ,FL,ASO,ES,Towers with Radar,22,7,57,4,90,0,1,77,0,78,22,8,134,4,168,50,0,50,218
10/02/2013,SRQ,FL,ASO,ES,Towers with Radar,26,8,55,0,89,0,0,107,0,107,26,8,162,0,196,97,0,97,293
10/03/2013,SRQ,FL,ASO,ES,Towers with Radar,28,9,61,4,102,0,4,74,0,78,28,13,135,4,180,101,0,101,281
10/04/2013,SRQ,FL,ASO,ES,Towers with Radar,28,13,81,0,122,0,3,117,0,120,28,16,198,0,242,67,0,67,309
10/05/2013,SRQ,FL,ASO,ES,Towers with Radar,26,10,37,0,73,0,6,127,2,135,26,16,164,2,208,68,0,68,276
10/06/2013,SRQ,FL,ASO,ES,Towers with Radar,28,9,43,0,80,0,0,83,0,83,28,9,126,0,163,48,0,48,211
10/07/2013,SRQ,FL,ASO,ES,Towers with Radar,30,17,40,0,87,0,0,27,0,27,30,17,67,0,114,50,0,50,164
10/08/2013,SRQ,FL,ASO,ES,Towers with Radar,27,6,79,2,114,0,2,109,0,111,27,8,188,2,225,134,0,134,359
10/09/2013,SRQ,FL,ASO,ES,Towers with Radar,29,17,90,2,138,0,3,62,0,65,29,20,152,2,203,138,0,138,341
10/10/2013,SRQ,FL,ASO,ES,Towers with Radar,30,19,66,1,116,0,0,116,0,116,30,19,182,1,232,145,0,145,377
10/11/2013,SRQ,FL,ASO,ES,Towers with Radar,30,18,69,5,122,0,0,117,1,118,30,18,186,6,240,53,9,62,302
10/12/2013,SRQ,FL,ASO,ES,Towers with Radar,26,11,73,0,110,0,0,115,0,115,26,11,188,0,225,102,0,102,327
10/13/2013,SRQ,FL,ASO,ES,Towers with Radar,28,9,69,0,106,0,2,77,0,79,28,11,146,0,185,44,0,44,229
10/14/2013,SRQ,FL,ASO,ES,Towers with Radar,28,16,79,0,123,0,0,75,0,75,28,16,154,0,198,52,0,52,250
10/15/2013,SRQ,FL,ASO,ES,Towers with Radar,26,25,88,10,149,0,3,89,8,100,26,28,177,18,249,77,18,95,344
10/16/2013,SRQ,FL,ASO,ES,Towers with Radar,28,8,93,0,129,0,1,92,0,93,28,9,185,0,222,54,0,54,276
10/17/2013,SRQ,FL,ASO,ES,Towers with Radar,28,15,57,7,107,0,0,105,0,105,28,15,162,7,212,0,0,0,212
10/18/2013,SRQ,FL,ASO,ES,Towers with Radar,28,10,82,4,124,0,1,121,0,122,28,11,203,4,246,85,10,95,341
10/19/2013,SRQ,FL,ASO,ES,Towers with Radar,26,10,38,0,74,0,3,106,0,109,26,13,144,0,183,79,0,79,262
10/20/2013,SRQ,FL,ASO,ES,Towers with Radar,29,14,79,0,122,0,1,59,0,60,29,15,138,0,182,51,0,51,233
10/21/2013,SRQ,FL,ASO,ES,Towers with Radar,28,16,77,29,150,0,4,83,3,90,28,20,160,32,240,13,6,19,259
10/22/2013,SRQ,FL,ASO,ES,Towers with Radar,26,12,73,6,117,0,0,57,0,57,26,12,130,6,174,66,0,66,240
10/23/2013,SRQ,FL,ASO,ES,Towers with Radar,28,13,66,7,114,0,0,50,4,54,28,13,116,11,168,85,10,95,263
10/24/2013,SRQ,FL,ASO,ES,Towers with Radar,28,15,74,7,124,0,2,107,0,109,28,17,181,7,233,43,10,53,286
10/25/2013,SRQ,FL,ASO,ES,Towers with Radar,26,18,93,6,143,0,0,118,0,118,26,18,211,6,261,39,0,39,300
10/26/2013,SRQ,FL,ASO,ES,Towers with Radar,26,13,45,0,84,0,1,120,0,121,26,14,165,0,205,61,0,61,266
10/27/2013,SRQ,FL,ASO,ES,Towers with Radar,32,14,72,0,118,0,0,77,0,77,32,14,149,0,195,40,0,40,235
10/28/2013,SRQ,FL,ASO,ES,Towers with Radar,28,13,64,0,105,0,1,91,0,92,28,14,155,0,197,34,0,34,231
10/29/2013,SRQ,FL,ASO,ES,Towers with Radar,28,14,63,3,108,0,1,104,41,146,28,15,167,44,254,42,38,80,334
10/30/2013,SRQ,FL,ASO,ES,Towers with Radar,31,15,69,2,117,0,1,83,2,86,31,16,152,4,203,95,11,106,309
10/31/2013,SRQ,FL,ASO,ES,Towers with Radar,28,3,65,2,98,0,0,94,0,94,28,3,159,2,192,57,0,57,249
11/01/2013,SRQ,FL,ASO,ES,Towers with Radar,30,15,66,2,113,0,1,126,0,127,30,16,192,2,240,38,0,38,278
11/02/2013,SRQ,FL,ASO,ES,Towers with Radar,30,11,35,0,76,0,0,20,0,20,30,11,55,0,96,22,15,37,133
11/03/2013,SRQ,FL,ASO,ES,Towers with Radar,32,12,52,0,96,0,1,57,0,58,32,13,109,0,154,88,0,88,242
11/04/2013,SRQ,FL,ASO,ES,Towers with Radar,28,13,56,6,103,0,0,75,0,75,28,13,131,6,178,31,30,61,239
11/05/2013,SRQ,FL,ASO,ES,Towers with Radar,28,9,64,0,101,0,0,27,0,27,28,9,91,0,128,34,0,34,162
11/06/2013,SRQ,FL,ASO,ES,Towers with Radar,29,16,75,16,136,0,2,110,10,122,29,18,185,26,258,58,13,71,329
11/07/2013,SRQ,FL,ASO,ES,Towers with Radar,30,16,70,4,120,0,1,67,4,72,30,17,137,8,192,52,0,52,244
11/08/2013,SRQ,FL,ASO,ES,Towers with Radar,30,11,86,0,127,0,0,63,0,63,30,11,149,0,190,4,0,4,194
11/09/2013,SRQ,FL,ASO,ES,Towers with Radar,30,15,45,0,90,0,3,70,0,73,30,18,115,0,163,93,0,93,256
11/10/2013,SRQ,FL,ASO,ES,Towers with Radar,32,20,72,0,124,0,4,76,0,80,32,24,148,0,204,38,0,38,242
11/11/2013,SRQ,FL,ASO,ES,Towers with Radar,28,9,62,0,99,0,1,100,0,101,28,10,162,0,200,98,0,98,298
11/12/2013,SRQ,FL,ASO,ES,Towers with Radar,28,6,72,4,110,0,3,84,1,88,28,9,156,5,198,74,0,74,272
11/13/2013,SRQ,FL,ASO,ES,Towers with Radar,30,9,63,0,102,0,2,65,0,67,30,11,128,0,169,5,0,5,174
11/14/2013,SRQ,FL,ASO,ES,Towers with Radar,30,21,100,2,153,0,2,96,2,100,30,23,196,4,253,47,0,47,300
11/15/2013,SRQ,FL,ASO,ES,Towers with Radar,30,14,86,5,135,0,1,56,4,61,30,15,142,9,196,0,0,0,196
11/16/2013,SRQ,FL,ASO,ES,Towers with Radar,27,16,56,1,100,0,1,40,0,41,27,17,96,1,141,62,0,62,203
11/17/2013,SRQ,FL,ASO,ES,Towers with Radar,32,19,47,5,103,0,1,94,0,95,32,20,141,5,198,95,0,95,293
11/18/2013,SRQ,FL,ASO,ES,Towers with Radar,28,20,58,0,106,0,5,70,0,75,28,25,128,0,181,51,0,51,232
11/19/2013,SRQ,FL,ASO,ES,Towers with Radar,28,15,83,12,138,0,8,69,0,77,28,23,152,12,215,121,0,121,336
11/20/2013,SRQ,FL,ASO,ES,Towers with Radar,30,11,82,1,124,0,1,62,2,65,30,12,144,3,189,3,0,3,192
11/21/2013,SRQ,FL,ASO,ES,Towers with Radar,32,21,87,2,142,0,0,101,1,102,32,21,188,3,244,99,0,99,343
11/22/2013,SRQ,FL,ASO,ES,Towers with Radar,31,17,91,10,149,0,5,97,0,102,31,22,188,10,251,122,0,122,373
11/23/2013,SRQ,FL,ASO,ES,Towers with Radar,30,17,49,0,96,0,2,114,0,116,30,19,163,0,212,97,0,97,309
11/24/2013,SRQ,FL,ASO,ES,Towers with Radar,32,12,65,0,109,0,1,24,0,25,32,13,89,0,134,22,0,22,156
11/25/2013,SRQ,FL,ASO,ES,Towers with Radar,28,14,51,6,99,0,0,55,0,55,28,14,106,6,154,72,18,90,244
11/26/2013,SRQ,FL,ASO,ES,Towers with Radar,31,25,73,0,129,0,0,11,0,11,31,25,84,0,140,0,0,0,140
11/27/2013,SRQ,FL,ASO,ES,Towers with Radar,31,14,86,0,131,0,2,38,1,41,31,16,124,1,172,0,0,0,172
11/28/2013,SRQ,FL,ASO,ES,Towers with Radar,20,9,17,0,46,0,0,47,0,47,20,9,64,0,93,24,0,24,117
11/29/2013,SRQ,FL,ASO,ES,Towers with Radar,22,10,68,0,100,0,2,110,0,112,22,12,178,0,212,175,0,175,387
11/30/2013,SRQ,FL,ASO,ES,Towers with Radar,32,26,68,0,126,0,2,91,0,93,32,28,159,0,219,48,0,48,267
12/01/2013,SRQ,FL,ASO,ES,Towers with Radar,33,34,101,0,168,0,0,49,0,49,33,34,150,0,217,86,0,86,303
12/02/2013,SRQ,FL,ASO,ES,Towers with Radar,31,17,79,0,127,0,5,71,0,76,31,22,150,0,203,53,0,53,256
12/03/2013,SRQ,FL,ASO,ES,Towers with Radar,28,23,72,2,125,0,1,78,0,79,28,24,150,2,204,26,0,26,230
12/04/2013,SRQ,FL,ASO,ES,Towers with Radar,28,23,97,3,151,0,1,98,2,101,28,24,195,5,252,55,0,55,307
12/05/2013,SRQ,FL,ASO,ES,Towers with Radar,28,8,81,0,117,0,2,117,0,119,28,10,198,0,236,107,0,107,343
12/06/2013,SRQ,FL,ASO,ES,Towers with Radar,30,10,53,11,104,0,3,94,2,99,30,13,147,13,203,43,0,43,246
12/07/2013,SRQ,FL,ASO,ES,Towers with Radar,28,16,48,0,92,0,0,94,0,94,28,16,142,0,186,168,0,168,354
12/08/2013,SRQ,FL,ASO,ES,Towers with Radar,31,12,52,16,111,0,4,74,3,81,31,16,126,19,192,17,0,17,209
12/09/2013,SRQ,FL,ASO,ES,Towers with Radar,27,10,53,0,90,0,0,86,3,89,27,10,139,3,179,73,10,83,262
12/10/2013,SRQ,FL,ASO,ES,Towers with Radar,27,15,46,4,92,0,1,113,0,114,27,16,159,4,206,84,0,84,290
12/11/2013,SRQ,FL,ASO,ES,Towers with Radar,27,15,67,2,111,0,0,128,0,128,27,15,195,2,239,107,0,107,346
12/12/2013,SRQ,FL,ASO,ES,Towers with Radar,31,15,103,2,151,0,0,61,0,61,31,15,164,2,212,50,0,50,262
12/13/2013,SRQ,FL,ASO,ES,Towers with Radar,32,6,68,4,110,0,0,129,0,129,32,6,197,4,239,96,0,96,335
12/14/2013,SRQ,FL,ASO,ES,Towers with Radar,28,10,38,0,76,0,0,99,0,99,28,10,137,0,175,81,0,81,256
12/15/2013,SRQ,FL,ASO,ES,Towers with Radar,32,15,63,0,110,0,0,43,0,43,32,15,106,0,153,70,0,70,223
12/16/2013,SRQ,FL,ASO,ES,Towers with Radar,28,9,83,0,120,0,2,107,0,109,28,11,190,0,229,113,0,113,342
12/17/2013,SRQ,FL,ASO,ES,Towers with Radar,30,6,70,4,110,0,0,129,0,129,30,6,199,4,239,158,0,158,397
12/18/2013,SRQ,FL,ASO,ES,Towers with Radar,32,8,60,0,100,0,0,109,0,109,32,8,169,0,209,39,0,39,248
12/19/2013,SRQ,FL,ASO,ES,Towers with Radar,35,9,81,0,125,0,2,114,0,116,35,11,195,0,241,49,0,49,290
12/20/2013,SRQ,FL,ASO,ES,Towers with Radar,38,11,75,0,124,0,4,121,0,125,38,15,196,0,249,85,0,85,334
12/21/2013,SRQ,FL,ASO,ES,Towers with Radar,38,24,64,0,126,0,6,72,0,78,38,30,136,0,204,68,0,68,272
12/22/2013,SRQ,FL,ASO,ES,Towers with Radar,38,12,36,0,86,0,5,63,0,68,38,17,99,0,154,51,0,51,205
12/23/2013,SRQ,FL,ASO,ES,Towers with Radar,34,22,59,9,124,0,2,53,0,55,34,24,112,9,179,45,0,45,224
12/24/2013,SRQ,FL,ASO,ES,Towers with Radar,28,10,44,0,82,0,4,36,0,40,28,14,80,0,122,29,0,29,151
12/25/2013,SRQ,FL,ASO,ES,Towers with Radar,34,13,12,0,59,0,0,15,0,15,34,13,27,0,74,27,0,27,101
12/26/2013,SRQ,FL,ASO,ES,Towers with Radar,38,24,99,0,161,0,1,113,0,114,38,25,212,0,275,125,0,125,400
12/27/2013,SRQ,FL,ASO,ES,Towers with Radar,38,52,99,0,189,0,1,77,0,78,38,53,176,0,267,137,0,137,404
12/28/2013,SRQ,FL,ASO,ES,Towers with Radar,38,26,59,0,123,0,1,58,0,59,38,27,117,0,182,110,0,110,292
12/29/2013,SRQ,FL,ASO,ES,Towers with Radar,36,32,61,0,129,0,0,8,0,8,36,32,69,0,137,42,0,42,179
12/30/2013,SRQ,FL,ASO,ES,Towers with Radar,38,24,103,0,165,0,0,69,0,69,38,24,172,0,234,134,0,134,368
12/31/2013,SRQ,FL,ASO,ES,Towers with Radar,32,25,59,12,128,0,1,83,0,84,32,26,142,12,212,93,0,93,305
01/01/2014,SRQ,FL,ASO,ES,Towers with Radar,30,27,56,0,113,0,0,13,0,13,30,27,69,0,126,0,0,0,126
01/02/2014,SRQ,FL,ASO,ES,Towers with Radar,33,38,47,0,118,0,0,27,0,27,33,38,74,0,145,19,0,19,164
01/03/2014,SRQ,FL,ASO,ES,Towers with Radar,35,33,69,0,137,0,3,67,0,70,35,36,136,0,207,56,0,56,263
01/04/2014,SRQ,FL,ASO,ES,Towers with Radar,32,31,91,0,154,0,0,95,0,95,32,31,186,0,249,32,0,32,281
01/05/2014,SRQ,FL,ASO,ES,Towers with Radar,30,36,69,0,135,0,1,89,0,90,30,37,158,0,225,50,0,50,275
01/06/2014,SRQ,FL,ASO,ES,Towers with Radar,25,21,61,10,117,0,0,21,0,21,25,21,82,10,138,26,6,32,170
01/07/2014,SRQ,FL,ASO,ES,Towers with Radar,19,14,73,2,108,0,2,72,0,74,19,16,145,2,182,50,0,50,232
01/08/2014,SRQ,FL,ASO,ES,Towers with Radar,33,4,56,4,97,1,0,55,0,56,34,4,111,4,153,88,1,89,242
01/09/2014,SRQ,FL,ASO,ES,Towers with Radar,32,18,71,6,127,0,0,19,0,19,32,18,90,6,146,106,0,106,252
01/10/2014,SRQ,FL,ASO,ES,Towers with Radar,30,10,76,10,126,0,4,111,0,115,30,14,187,10,241,158,0,158,399
01/11/2014,SRQ,FL,ASO,ES,Towers with Radar,30,9,48,2,89,0,1,44,0,45,30,10,92,2,134,66,0,66,200
01/12/2014,SRQ,FL,ASO,ES,Towers with Radar,31,12,66,4,113,0,0,138,0,138,31,12,204,4,251,84,0,84,335
01/13/2014,SRQ,FL,ASO,ES,Towers with Radar,31,9,53,4,97,0,1,74,0,75,31,10,127,4,172,135,9,144,316
01/14/2014,SRQ,FL,ASO,ES,Towers with Radar,30,12,54,1,97,0,0,33,2,35,30,12,87,3,132,63,0,63,195
01/15/2014,SRQ,FL,ASO,ES,Towers with Radar,32,6,60,0,98,0,1,96,0,97,32,7,156,0,195,63,0,63,258
01/16/2014,SRQ,FL,ASO,ES,Towers with Radar,30,19,76,0,125,0,4,95,0,99,30,23,171,0,224,67,1,68,292
01/17/2014,SRQ,FL,ASO,ES,Towers with Radar,34,19,98,0,151,0,4,104,0,108,34,23,202,0,259,8,0,8,267
01/18/2014,SRQ,FL,ASO,ES,Towers with Radar,33,11,36,0,80,0,3,120,1,124,33,14,156,1,204,0,0,0,204
01/19/2014,SRQ,FL,ASO,ES,Towers with Radar,29,24,75,2,130,0,3,95,1,99,29,27,170,3,229,81,0,81,310
01/20/2014,SRQ,FL,ASO,ES,Towers with Radar,30,15,68,0,113,0,6,83,0,89,30,21,151,0,202,124,0,124,326
01/21/2014,SRQ,FL,ASO,ES,Towers with Radar,27,17,43,0,87,0,0,62,0,62,27,17,105,0,149,155,0,155,304
01/22/2014,SRQ,FL,ASO,ES,Towers with Radar,29,5,73,6,113,0,4,117,0,121,29,9,190,6,234,146,0,146,380
01/23/2014,SRQ,FL,ASO,ES,Towers with Radar,32,15,89,0,136,0,3,103,0,106,32,18,192,0,242,25,0,25,267
01/24/2014,SRQ,FL,ASO,ES,Towers with Radar,32,13,77,0,122,0,0,122,0,122,32,13,199,0,244,78,0,78,322
01/25/2014,SRQ,FL,ASO,ES,Towers with Radar,33,15,59,0,107,0,4,125,0,129,33,19,184,0,236,96,0,96,332
01/26/2014,SRQ,FL,ASO,ES,Towers with Radar,31,15,69,0,115,0,1,20,0,21,31,16,89,0,136,22,0,22,158
01/27/2014,SRQ,FL,ASO,ES,Towers with Radar,30,17,66,0,113,0,3,26,0,29,30,20,92,0,142,44,0,44,186
01/28/2014,SRQ,FL,ASO,ES,Towers with Radar,26,16,64,0,106,0,0,120,0,120,26,16,184,0,226,93,0,93,319
01/29/2014,SRQ,FL,ASO,ES,Towers with Radar,26,6,50,10,92,0,0,25,2,27,26,6,75,12,119,57,0,57,176
01/30/2014,SRQ,FL,ASO,ES,Towers with Radar,29,10,107,0,146,0,0,0,0,0,29,10,107,0,146,0,0,0,146
01/31/2014,SRQ,FL,ASO,ES,Towers with Radar,34,23,88,0,145,0,0,0,0,0,34,23,88,0,145,0,0,0,145
02/01/2014,SRQ,FL,ASO,ES,Towers with Radar,34,15,47,0,96,0,2,84,0,86,34,17,131,0,182,113,0,113,295
02/02/2014,SRQ,FL,ASO,ES,Towers with Radar,29,11,83,0,123,0,1,139,0,140,29,12,222,0,263,146,0,146,409
02/03/2014,SRQ,FL,ASO,ES,Towers with Radar,23,20,87,4,134,0,2,88,0,90,23,22,175,4,224,71,0,71,295
02/04/2014,SRQ,FL,ASO,ES,Towers with Radar,30,22,87,0,139,0,1,134,0,135,30,23,221,0,274,107,0,107,381
02/05/2014,SRQ,FL,ASO,ES,Towers with Radar,28,11,85,0,124,0,0,14,0,14,28,11,99,0,138,16,0,16,154
02/06/2014,SRQ,FL,ASO,ES,Towers with Radar,33,14,102,0,149,0,0,43,0,43,33,14,145,0,192,71,0,71,263
02/07/2014,SRQ,FL,ASO,ES,Towers with Radar,32,21,107,3,163,0,0,72,0,72,32,21,179,3,235,111,0,111,346
02/08/2014,SRQ,FL,ASO,ES,Towers with Radar,33,14,104,0,151,0,0,7,0,7,33,14,111,0,158,36,0,36,194
02/09/2014,SRQ,FL,ASO,ES,Towers with Radar,31,24,84,1,140,0,1,100,0,101,31,25,184,1,241,105,0,105,346
02/10/2014,SRQ,FL,ASO,ES,Towers with Radar,30,8,78,8,124,0,0,136,1,137,30,8,214,9,261,167,0,167,428
02/11/2014,SRQ,FL,ASO,ES,Towers with Radar,27,20,70,12,129,0,2,113,3,118,27,22,183,15,247,138,27,165,412
02/12/2014,SRQ,FL,ASO,ES,Towers with Radar,20,23,76,8,127,0,0,67,0,67,20,23,143,8,194,81,0,81,275
02/13/2014,SRQ,FL,ASO,ES,Towers with Radar,19,18,107,20,164,0,2,54,0,56,19,20,161,20,220,40,0,40,260
02/14/2014,SRQ,FL,ASO,ES,Towers with Radar,36,29,95,0,160,0,4,172,0,176,36,33,267,0,336,140,0,140,476
02/15/2014,SRQ,FL,ASO,ES,Towers with Radar,36,24,73,0,133,0,2,113,1,116,36,26,186,1,249,80,0,80,329
02/16/2014,SRQ,FL,ASO,ES,Towers with Radar,36,20,73,5,134,0,0,130,1,131,36,20,203,6,265,102,0,102,367
02/17/2014,SRQ,FL,ASO,ES,Towers with Radar,36,18,91,0,145,0,1,129,0,130,36,19,220,0,275,120,0,120,395
02/18/2014,SRQ,FL,ASO,ES,Towers with Radar,36,19,64,0,119,0,3,104,0,107,36,22,168,0,226,95,0,95,321
02/19/2014,SRQ,FL,ASO,ES,Towers with Radar,35,20,94,15,164,0,0,125,2,127,35,20,219,17,291,100,4,104,395
02/20/2014,SRQ,FL,ASO,ES,Towers with Radar,35,17,109,6,167,0,2,128,0,130,35,19,237,6,297,144,0,144,441
02/21/2014,SRQ,FL,ASO,ES,Towers with Radar,36,15,82,0,133,0,1,44,0,45,36,16,126,0,178,91,0,91,269
02/22/2014,SRQ,FL,ASO,ES,Towers with Radar,40,22,64,0,126,0,2,11,1,14,40,24,75,1,140,16,0,16,156
02/23/2014,SRQ,FL,ASO,ES,Towers with Radar,36,41,73,0,150,0,0,8,0,8,36,41,81,0,158,21,0,21,179
02/24/2014,SRQ,FL,ASO,ES,Towers with Radar,34,15,104,2,155,0,0,64,1,65,34,15,168,3,220,139,0,139,359
02/25/2014,SRQ,FL,ASO,ES,Towers with Radar,36,11,92,4,143,0,0,87,0,87,36,11,179,4,230,118,0,118,348
02/26/2014,SRQ,FL,ASO,ES,Towers with Radar,39,12,93,10,154,0,0,30,0,30,39,12,123,10,184,8,0,8,192
02/27/2014,SRQ,FL,ASO,ES,Towers with Radar,37,13,120,11,181,0,0,55,2,57,37,13,175,13,238,136,0,136,374
02/28/2014,SRQ,FL,ASO,ES,Towers with Radar,36,17,99,19,171,0,2,165,1,168,36,19,264,20,339,169,0,169,508
03/01/2014,SRQ,FL,ASO,ES,Towers with Radar,38,19,68,0,125,0,4,162,0,166,38,23,230,0,291,121,0,121,412
03/02/2014,SRQ,FL,ASO,ES,Towers with Radar,35,20,95,8,158,0,5,147,2,154,35,25,242,10,312,143,0,143,455
03/03/2014,SRQ,FL,ASO,ES,Towers with Radar,32,16,88,12,148,0,1,146,8,155,32,17,234,20,303,89,44,133,436
03/04/2014,SRQ,FL,ASO,ES,Towers with Radar,37,15,107,0,159,0,0,82,0,82,37,15,189,0,241,72,0,72,313
03/05/2014,SRQ,FL,ASO,ES,Towers with Radar,37,15,90,18,160,0,1,103,4,108,37,16,193,22,268,180,8,188,456
03/06/2014,SRQ,FL,ASO,ES,Towers with Radar,36,25,59,4,124,0,0,10,0,10,36,25,69,4,134,5,0,5,139
03/07/2014,SRQ,FL,ASO,ES,Towers with Radar,39,48,97,23,207,0,0,60,0,60,39,48,157,23,267,44,0,44,311
03/08/2014,SRQ,FL,ASO,ES,Towers with Radar,45,29,88,0,162,0,1,176,1,178,45,30,264,1,340,158,0,158,498
03/09/2014,SRQ,FL,ASO,ES,Towers with Radar,36,28,120,12,196,0,1,113,0,114,36,29,233,12,310,91,0,91,401
03/10/2014,SRQ,FL,ASO,ES,Towers with Radar,37,25,84,2,148,0,1,137,2,140,37,26,221,4,288,128,0,128,416
03/11/2014,SRQ,FL,ASO,ES,Towers with Radar,37,20,92,4,153,0,1,131,0,132,37,21,223,4,285,113,0,113,398
03/12/2014,SRQ,FL,ASO,ES,Towers with Radar,36,15,78,0,129,0,0,62,0,62,36,15,140,0,191,0,0,0,191
03/13/2014,SRQ,FL,ASO,ES,Towers with Radar,36,21,94,0,151,0,2,97,2,101,36,23,191,2,252,65,0,65,317
03/14/2014,SRQ,FL,ASO,ES,Towers with Radar,38,29,114,11,192,0,3,164,5,172,38,32,278,16,364,57,12,69,433
03/15/2014,SRQ,FL,ASO,ES,Towers with Radar,42,25,66,0,133,0,0,190,0,190,42,25,256,0,323,149,0,149,472
03/16/2014,SRQ,FL,ASO,ES,Towers with Radar,36,19,74,21,150,0,0,62,5,67,36,19,136,26,217,27,0,27,244
03/17/2014,SRQ,FL,ASO,ES,Towers with Radar,38,9,28,2,77,0,0,4,2,6,38,9,32,4,83,48,0,48,131
03/18/2014,SRQ,FL,ASO,ES,Towers with Radar,36,26,62,0,124,0,1,97,3,101,36,27,159,3,225,94,0,94,319
03/19/2014,SRQ,FL,ASO,ES,Towers with Radar,37,22,81,8,148,0,2,85,2,89,37,24,166,10,237,24,16,40,277
03/20/2014,SRQ,FL,ASO,ES,Towers with Radar,36,17,94,4,151,0,5,105,6,116,36,22,199,10,267,61,11,72,339
03/21/2014,SRQ,FL,ASO,ES,Towers with Radar,36,18,80,2,136,0,2,146,0,148,36,20,226,2,284,111,0,111,395
03/22/2014,SRQ,FL,ASO,ES,Towers with Radar,42,28,78,4,152,0,3,96,0,99,42,31,174,4,251,60,0,60,311
03/23/2014,SRQ,FL,ASO,ES,Towers with Radar,35,34,90,4,163,0,2,75,0,77,35,36,165,4,240,70,0,70,310
03/24/2014,SRQ,FL,ASO,ES,Towers with Radar,36,18,61,7,122,0,0,6,0,6,36,18,67,7,128,0,0,0,128
03/25/2014,SRQ,FL,ASO,ES,Towers with Radar,37,20,80,7,144,0,2,44,19,65,37,22,124,26,209,54,30,84,293
03/26/2014,SRQ,FL,ASO,ES,Towers with Radar,36,13,90,6,145,0,0,124,0,124,36,13,214,6,269,85,13,98,367
03/27/2014,SRQ,FL,ASO,ES,Towers with Radar,38,19,82,4,143,0,2,85,0,87,38,21,167,4,230,135,0,135,365
03/28/2014,SRQ,FL,ASO,ES,Towers with Radar,37,16,90,0,143,0,0,71,1,72,37,16,161,1,215,16,2,18,233
03/29/2014,SRQ,FL,ASO,ES,Towers with Radar,48,19,56,0,123,0,0,10,0,10,48,19,66,0,133,0,0,0,133
03/30/2014,SRQ,FL,ASO,ES,Towers with Radar,35,30,93,0,158,0,3,80,0,83,35,33,173,0,241,94,0,94,335
03/31/2014,SRQ,FL,ASO,ES,Towers with Radar,36,8,93,4,141,0,0,149,0,149,36,8,242,4,290,74,0,74,364
04/01/2014,SRQ,FL,ASO,ES,Towers with Radar,34,15,82,2,133,0,0,162,1,163,34,15,244,3,296,136,0,136,432
04/02/2014,SRQ,FL,ASO,ES,Towers with Radar,32,12,82,2,128,0,0,150,0,150,32,12,232,2,278,133,0,133,411
04/03/2014,SRQ,FL,ASO,ES,Towers with Radar,32,26,84,8,150,0,1,139,2,142,32,27,223,10,292,181,61,242,534
04/04/2014,SRQ,FL,ASO,ES,Towers with Radar,34,12,97,16,159,0,4,154,0,158,34,16,251,16,317,67,0,67,384
04/05/2014,SRQ,FL,ASO,ES,Towers with Radar,35,18,71,13,137,0,7,113,0,120,35,25,184,13,257,41,0,41,298
04/06/2014,SRQ,FL,ASO,ES,Towers with Radar,32,13,104,0,149,0,3,110,0,113,32,16,214,0,262,38,0,38,300
04/07/2014,SRQ,FL,ASO,ES,Towers with Radar,31,19,49,0,99,0,3,70,0,73,31,22,119,0,172,4,0,4,176
04/08/2014,SRQ,FL,ASO,ES,Towers with Radar,33,15,54,2,104,0,0,17,0,17,33,15,71,2,121,38,0,38,159
04/09/2014,SRQ,FL,ASO,ES,Towers with Radar,32,14,64,3,113,0,1,97,1,99,32,15,161,4,212,107,2,109,321
04/10/2014,SRQ,FL,ASO,ES,Towers with Radar,32,16,67,0,115,0,1,143,0,144,32,17,210,0,259,0,0,0,259
04/11/2014,SRQ,FL,ASO,ES,Towers with Radar,32,28,92,3,155,0,0,135,2,137,32,28,227,5,292,111,0,111,403
04/12/2014,SRQ,FL,ASO,ES,Towers with Radar,36,29,77,10,152,0,0,151,0,151,36,29,228,10,303,102,0,102,405
04/13/2014,SRQ,FL,ASO,ES,Towers with Radar,32,25,61,0,118,0,0,96,0,96,32,25,157,0,214,109,0,109,323
04/14/2014,SRQ,FL,ASO,ES,Towers with Radar,32,14,70,3,119,0,0,101,3,104,32,14,171,6,223,188,0,188,411
04/15/2014,SRQ,FL,ASO,ES,Towers with Radar,28,18,57,0,103,0,0,33,0,33,28,18,90,0,136,53,0,53,189
04/16/2014,SRQ,FL,ASO,ES,Towers with Radar,32,14,69,0,115,0,0,84,0,84,32,14,153,0,199,104,0,104,303
04/17/2014,SRQ,FL,ASO,ES,Towers with Radar,32,23,74,9,138,0,0,56,1,57,32,23,130,10,195,67,0,67,262
04/18/2014,SRQ,FL,ASO,ES,Towers with Radar,32,18,46,0,96,0,0,20,0,20,32,18,66,0,116,11,0,11,127
04/19/2014,SRQ,FL,ASO,ES,Towers with Radar,36,21,68,1,126,0,0,81,0,81,36,21,149,1,207,100,0,100,307
04/20/2014,SRQ,FL,ASO,ES,Towers with Radar,32,29,70,0,131,0,0,43,0,43,32,29,113,0,174,111,0,111,285
04/21/2014,SRQ,FL,ASO,ES,Towers with Radar,32,15,111,1,159,0,2,84,0,86,32,17,195,1,245,144,0,144,389
04/22/2014,SRQ,FL,ASO,ES,Towers with Radar,32,18,67,2,119,0,2,104,0,106,32,20,171,2,225,87,0,87,312
04/23/2014,SRQ,FL,ASO,ES,Towers with Radar,30,20,100,2,152,0,8,128,0,136,30,28,228,2,288,121,0,121,409
04/24/2014,SRQ,FL,ASO,ES,Towers with Radar,30,14,100,2,146,0,1,118,1,120,30,15,218,3,266,89,0,89,355
04/25/2014,SRQ,FL,ASO,ES,Towers with Radar,30,17,91,9,147,0,0,141,3,144,30,17,232,12,291,158,0,158,449
04/26/2014,SRQ,FL,ASO,ES,Towers with Radar,34,17,57,4,112,0,0,103,0,103,34,17,160,4,215,50,0,50,265
04/27/2014,SRQ,FL,ASO,ES,Towers with Radar,30,24,78,0,132,0,4,115,1,120,30,28,193,1,252,98,6,104,356
04/28/2014,SRQ,FL,ASO,ES,Towers with Radar,30,12,57,0,99,0,2,71,0,73,30,14,128,0,172,84,1,85,257
04/29/2014,SRQ,FL,ASO,ES,Towers with Radar,34,15,70,0,119,0,1,110,0,111,34,16,180,0,230,127,0,127,357
04/30/2014,SRQ,FL,ASO,ES,Towers with Radar,28,18,56,4,106,0,6,72,1,79,28,24,128,5,185,136,0,136,321
05/01/2014,SRQ,FL,ASO,ES,Towers with Radar,27,14,65,2,108,0,2,69,0,71,27,16,134,2,179,122,0,122,301
05/02/2014,SRQ,FL,ASO,ES,Towers with Radar,28,18,45,0,91,0,0,7,0,7,28,18,52,0,98,46,0,46,144
05/03/2014,SRQ,FL,ASO,ES,Towers with Radar,28,16,33,0,77,0,0,3,0,3,28,16,36,0,80,0,0,0,80
05/04/2014,SRQ,FL,ASO,ES,Towers with Radar,26,29,88,1,144,0,1,139,1,141,26,30,227,2,285,143,0,143,428
05/05/2014,SRQ,FL,ASO,ES,Towers with Radar,28,5,71,0,104,0,0,111,0,111,28,5,182,0,215,69,0,69,284
05/06/2014,SRQ,FL,ASO,ES,Towers with Radar,26,12,58,0,96,0,0,111,0,111,26,12,169,0,207,48,0,48,255
05/07/2014,SRQ,FL,ASO,ES,Towers with Radar,26,12,44,4,86,0,2,111,0,113,26,14,155,4,199,46,0,46,245
05/08/2014,SRQ,FL,ASO,ES,Towers with Radar,28,17,72,0,117,0,8,141,0,149,28,25,213,0,266,144,0,144,410
05/09/2014,SRQ,FL,ASO,ES,Towers with Radar,23,18,80,0,121,0,4,116,0,120,23,22,196,0,241,148,0,148,389
05/10/2014,SRQ,FL,ASO,ES,Towers with Radar,24,17,63,0,104,0,2,81,0,83,24,19,144,0,187,83,0,83,270
05/11/2014,SRQ,FL,ASO,ES,Towers with Radar,24,13,38,0,75,0,0,63,0,63,24,13,101,0,138,70,0,70,208
05/12/2014,SRQ,FL,ASO,ES,Towers with Radar,25,13,53,0,91,0,3,95,0,98,25,16,148,0,189,42,0,42,231
05/13/2014,SRQ,FL,ASO,ES,Towers with Radar,25,13,44,0,82,0,2,74,0,76,25,15,118,0,158,81,0,81,239
05/14/2014,SRQ,FL,ASO,ES,Towers with Radar,27,11,63,0,101,0,0,50,0,50,27,11,113,0,151,8,0,8,159
05/15/2014,SRQ,FL,ASO,ES,Towers with Radar,30,17,47,4,98,0,0,28,0,28,30,17,75,4,126,78,0,78,204
05/16/2014,SRQ,FL,ASO,ES,Towers with Radar,30,24,89,2,145,0,0,93,3,96,30,24,182,5,241,92,0,92,333
05/17/2014,SRQ,FL,ASO,ES,Towers with Radar,28,17,48,0,93,0,1,118,6,125,28,18,166,6,218,116,0,116,334
05/18/2014,SRQ,FL,ASO,ES,Towers with Radar,26,17,59,0,102,0,1,91,0,92,26,18,150,0,194,128,0,128,322
05/19/2014,SRQ,FL,ASO,ES,Towers with Radar,28,17,69,5,119,0,0,92,1,93,28,17,161,6,212,73,0,73,285
05/20/2014,SRQ,FL,ASO,ES,Towers with Radar,26,11,72,3,112,0,0,96,1,97,26,11,168,4,209,122,0,122,331
05/21/2014,SRQ,FL,ASO,ES,Towers with Radar,26,21,82,5,134,0,1,137,0,138,26,22,219,5,272,131,0,131,403
05/22/2014,SRQ,FL,ASO,ES,Towers with Radar,26,17,83,0,126,0,2,127,0,129,26,19,210,0,255,139,0,139,394
05/23/2014,SRQ,FL,ASO,ES,Towers with Radar,26,17,81,0,124,0,0,112,1,113,26,17,193,1,237,154,0,154,391
05/24/2014,SRQ,FL,ASO,ES,Towers with Radar,26,14,43,0,83,0,1,102,1,104,26,15,145,1,187,65,0,65,252
05/25/2014,SRQ,FL,ASO,ES,Towers with Radar,24,10,28,0,62,0,5,49,0,54,24,15,77,0,116,94,0,94,210
05/26/2014,SRQ,FL,ASO,ES,Towers with Radar,26,19,47,2,94,0,1,75,0,76,26,20,122,2,170,29,0,29,199
05/27/2014,SRQ,FL,ASO,ES,Towers with Radar,26,16,61,6,109,0,3,71,2,76,26,19,132,8,185,156,22,178,363
05/28/2014,SRQ,FL,ASO,ES,Towers with Radar,28,18,51,8,105,0,4,96,0,100,28,22,147,8,205,101,0,101,306
05/29/2014,SRQ,FL,ASO,ES,Towers with Radar,24,16,38,3,81,0,0,63,3,66,24,16,101,6,147,123,22,145,292
05/30/2014,SRQ,FL,ASO,ES,Towers with Radar,26,6,44,2,78,0,2,74,1,77,26,8,118,3,155,61,0,61,216
05/31/2014,SRQ,FL,ASO,ES,Towers with Radar,26,15,48,2,91,0,6,91,1,98,26,21,139,3,189,72,0,72,261
06/01/2014,SRQ,FL,ASO,ES,Towers with Radar,25,13,45,0,83,0,0,61,0,61,25,13,106,0,144,52,0,52,196
06/02/2014,SRQ,FL,ASO,ES,Towers with Radar,27,12,57,3,99,0,0,39,2,41,27,12,96,5,140,39,0,39,179
06/03/2014,SRQ,FL,ASO,ES,Towers with Radar,26,9,44,8,87,0,0,77,7,84,26,9,121,15,171,135,22,157,328
06/04/2014,SRQ,FL,ASO,ES,Towers with Radar,26,16,67,2,111,0,2,98,0,100,26,18,165,2,211,82,0,82,293
06/05/2014,SRQ,FL,ASO,ES,Towers with Radar,27,12,55,5,99,0,1,122,6,129,27,13,177,11,228,87,0,87,315
06/06/2014,SRQ,FL,ASO,ES,Towers with Radar,29,5,72,3,109,0,1,129,0,130,29,6,201,3,239,104,0,104,343
06/07/2014,SRQ,FL,ASO,ES,Towers with Radar,26,8,46,4,84,0,0,123,1,124,26,8,169,5,208,95,0,95,303
06/08/2014,SRQ,FL,ASO,ES,Towers with Radar,26,13,52,3,94,0,1,86,1,88,26,14,138,4,182,109,0,109,291
06/09/2014,SRQ,FL,ASO,ES,Towers with Radar,28,10,41,6,85,0,1,79,9,89,28,11,120,15,174,64,6,70,244
06/10/2014,SRQ,FL,ASO,ES,Towers with Radar,25,4,47,2,78,0,0,72,0,72,25,4,119,2,150,0,0,0,150
06/11/2014,SRQ,FL,ASO,ES,Towers with Radar,28,3,38,0,69,0,0,43,0,43,28,3,81,0,112,135,0,135,247
06/12/2014,SRQ,FL,ASO,ES,Towers with Radar,28,6,56,2,92,0,3,77,0,80,28,9,133,2,172,154,0,154,326
06/13/2014,SRQ,FL,ASO,ES,Towers with Radar,28,4,45,5,82,0,0,59,0,59,28,4,104,5,141,75,0,75,216
06/14/2014,SRQ,FL,ASO,ES,Towers with Radar,26,9,23,3,61,0,0,72,0,72,26,9,95,3,133,142,0,142,275
06/15/2014,SRQ,FL,ASO,ES,Towers with Radar,24,19,29,0,72,0,0,88,0,88,24,19,117,0,160,127,0,127,287
06/16/2014,SRQ,FL,ASO,ES,Towers with Radar,28,10,35,7,80,0,0,94,3,97,28,10,129,10,177,172,3,175,352
06/17/2014,SRQ,FL,ASO,ES,Towers with Radar,28,3,41,6,78,0,1,75,0,76,28,4,116,6,154,184,0,184,338
06/18/2014,SRQ,FL,ASO,ES,Towers with Radar,30,11,41,4,86,0,0,70,0,70,30,11,111,4,156,152,0,152,308
06/19/2014,SRQ,FL,ASO,ES,Towers with Radar,25,8,43,3,79,0,0,99,1,100,25,8,142,4,179,79,0,79,258
06/20/2014,SRQ,FL,ASO,ES,Towers with Radar,25,22,73,3,123,0,3,110,4,117,25,25,183,7,240,184,0,184,424
06/21/2014,SRQ,FL,ASO,ES,Towers with Radar,26,10,44,8,88,0,0,101,0,101,26,10,145,8,189,190,0,190,379
06/22/2014,SRQ,FL,ASO,ES,Towers with Radar,25,9,66,1,101,0,0,63,0,63,25,9,129,1,164,113,0,113,277
06/23/2014,SRQ,FL,ASO,ES,Towers with Radar,25,8,48,2,83,0,0,72,1,73,25,8,120,3,156,105,0,105,261
06/24/2014,SRQ,FL,ASO,ES,Towers with Radar,25,2,55,0,82,0,1,102,0,103,25,3,157,0,185,138,0,138,323
06/25/2014,SRQ,FL,ASO,ES,Towers with Radar,26,7,49,3,85,0,2,81,1,84,26,9,130,4,169,106,0,106,275
06/26/2014,SRQ,FL,ASO,ES,Towers with Radar,26,17,50,6,99,0,1,90,1,92,26,18,140,7,191,133,0,133,324
06/27/2014,SRQ,FL,ASO,ES,Towers with Radar,29,10,53,2,94,0,2,88,2,92,29,12,141,4,186,69,0,69,255
06/28/2014,SRQ,FL,ASO,ES,Towers with Radar,26,10,38,3,77,0,1,83,1,85,26,11,121,4,162,91,0,91,253
06/29/2014,SRQ,FL,ASO,ES,Towers with Radar,25,9,39,4,77,0,1,96,0,97,25,10,135,4,174,108,0,108,282
06/30/2014,SRQ,FL,ASO,ES,Towers with Radar,27,5,59,2,93,0,0,57,2,59,27,5,116,4,152,78,0,78,230
07/01/2014,SRQ,FL,ASO,ES,Towers with Radar,26,12,44,3,85,0,1,84,0,85,26,13,128,3,170,147,0,147,317
07/02/2014,SRQ,FL,ASO,ES,Towers with Radar,26,12,38,18,94,0,0,85,2,87,26,12,123,20,181,69,8,77,258
07/03/2014,SRQ,FL,ASO,ES,Towers with Radar,29,16,49,3,97,0,0,43,0,43,29,16,92,3,140,97,0,97,237
07/04/2014,SRQ,FL,ASO,ES,Towers with Radar,20,9,20,4,53,0,1,60,0,61,20,10,80,4,114,39,2,41,155
07/05/2014,SRQ,FL,ASO,ES,Towers with Radar,24,11,22,0,57,0,1,49,0,50,24,12,71,0,107,156,0,156,263
07/06/2014,SRQ,FL,ASO,ES,Towers with Radar,28,20,53,10,111,0,0,87,2,89,28,20,140,12,200,45,0,45,245
07/07/2014,SRQ,FL,ASO,ES,Towers with Radar,24,20,45,2,91,0,1,48,0,49,24,21,93,2,140,152,0,152,292
07/08/2014,SRQ,FL,ASO,ES,Towers with Radar,28,14,48,2,92,0,1,62,0,63,28,15,110,2,155,98,0,98,253
07/09/2014,SRQ,FL,ASO,ES,Towers with Radar,28,7,51,4,90,0,0,61,10,71,28,7,112,14,161,152,5,157,318
07/10/2014,SRQ,FL,ASO,ES,Towers with Radar,24,7,38,6,75,0,0,62,14,76,24,7,100,20,151,132,23,155,306
07/11/2014,SRQ,FL,ASO,ES,Towers with Radar,25,17,57,1,100,0,0,68,1,69,25,17,125,2,169,119,5,124,293
07/12/2014,SRQ,FL,ASO,ES,Towers with Radar,26,7,44,2,79,0,1,74,0,75,26,8,118,2,154,79,0,79,233
07/13/2014,SRQ,FL,ASO,ES,Towers with Radar,26,14,57,0,97,0,1,67,0,68,26,15,124,0,165,139,0,139,304
07/14/2014,SRQ,FL,ASO,ES,Towers with Radar,26,21,56,2,105,0,0,75,0,75,26,21,131,2,180,118,0,118,298
07/15/2014,SRQ,FL,ASO,ES,Towers with Radar,25,7,40,4,76,0,2,52,1,55,25,9,92,5,131,45,0,45,176
07/16/2014,SRQ,FL,ASO,ES,Towers with Radar,25,9,42,4,80,0,0,35,0,35,25,9,77,4,115,45,0,45,160
07/17/2014,SRQ,FL,ASO,ES,Towers with Radar,26,18,19,6,69,0,0,70,0,70,26,18,89,6,139,116,4,120,259
07/18/2014,SRQ,FL,ASO,ES,Towers with Radar,30,6,57,31,124,0,0,137,1,138,30,6,194,32,262,117,0,117,379
07/19/2014,SRQ,FL,ASO,ES,Towers with Radar,27,9,53,0,89,0,2,119,1,122,27,11,172,1,211,86,0,86,297
07/20/2014,SRQ,FL,ASO,ES,Towers with Radar,26,14,46,0,86,0,0,80,0,80,26,14,126,0,166,44,0,44,210
07/21/2014,SRQ,FL,ASO,ES,Towers with Radar,25,9,35,22,91,0,0,50,0,50,25,9,85,22,141,64,0,64,205
07/22/2014,SRQ,FL,ASO,ES,Towers with Radar,28,4,59,4,95,0,0,92,0,92,28,4,151,4,187,151,0,151,338
07/23/2014,SRQ,FL,ASO,ES,Towers with Radar,26,6,57,10,99,0,0,63,0,63,26,6,120,10,162,62,0,62,224
07/24/2014,SRQ,FL,ASO,ES,Towers with Radar,26,10,50,0,86,0,0,82,0,82,26,10,132,0,168,112,0,112,280
07/25/2014,SRQ,FL,ASO,ES,Towers with Radar,26,8,72,22,128,0,2,108,0,110,26,10,180,22,238,229,0,229,467
07/26/2014,SRQ,FL,ASO,ES,Towers with Radar,26,12,36,4,78,0,0,100,3,103,26,12,136,7,181,169,0,169,350
07/27/2014,SRQ,FL,ASO,ES,Towers with Radar,24,4,76,20,124,0,1,78,5,84,24,5,154,25,208,101,8,109,317
07/28/2014,SRQ,FL,ASO,ES,Towers with Radar,26,8,46,9,89,0,1,88,3,92,26,9,134,12,181,64,0,64,245
07/29/2014,SRQ,FL,ASO,ES,Towers with Radar,26,10,59,1,96,0,0,53,1,54,26,10,112,2,150,60,0,60,210
07/30/2014,SRQ,FL,ASO,ES,Towers with Radar,27,6,40,6,79,0,2,94,2,98,27,8,134,8,177,169,0,169,346
07/31/2014,SRQ,FL,ASO,ES,Towers with Radar,27,18,45,6,96,0,3,94,4,101,27,21,139,10,197,70,0,70,267
08/01/2014,SRQ,FL,ASO,ES,Towers with Radar,25,11,43,0,79,0,0,92,0,92,25,11,135,0,171,96,0,96,267
08/02/2014,SRQ,FL,ASO,ES,Towers with Radar,25,4,51,3,83,0,0,68,2,70,25,4,119,5,153,49,0,49,202
08/03/2014,SRQ,FL,ASO,ES,Towers with Radar,30,5,48,1,84,0,4,61,3,68,30,9,109,4,152,37,2,39,191
08/04/2014,SRQ,FL,ASO,ES,Towers with Radar,28,15,28,0,71,0,2,50,0,52,28,17,78,0,123,113,0,113,236
08/05/2014,SRQ,FL,ASO,ES,Towers with Radar,28,11,50,0,89,0,2,59,0,61,28,13,109,0,150,83,0,83,233
08/06/2014,SRQ,FL,ASO,ES,Towers with Radar,26,14,59,2,101,0,1,93,0,94,26,15,152,2,195,83,0,83,278
08/07/2014,SRQ,FL,ASO,ES,Towers with Radar,25,14,43,5,87,0,2,95,4,101,25,16,138,9,188,139,13,152,340
08/08/2014,SRQ,FL,ASO,ES,Towers with Radar,24,10,39,2,75,0,1,107,0,108,24,11,146,2,183,97,0,97,280
08/09/2014,SRQ,FL,ASO,ES,Towers with Radar,25,9,27,3,64,0,1,84,0,85,25,10,111,3,149,49,0,49,198
08/10/2014,SRQ,FL,ASO,ES,Towers with Radar,26,15,39,9,89,0,0,77,0,77,26,15,116,9,166,71,0,71,237
08/11/2014,SRQ,FL,ASO,ES,Towers with Radar,26,14,48,19,107,0,1,73,0,74,26,15,121,19,181,102,0,102,283
08/12/2014,SRQ,FL,ASO,ES,Towers with Radar,25,10,50,6,91,0,1,69,4,74,25,11,119,10,165,64,0,64,229
08/13/2014,SRQ,FL,ASO,ES,Towers with Radar,27,7,36,12,82,0,0,55,13,68,27,7,91,25,150,137,26,163,313
08/14/2014,SRQ,FL,ASO,ES,Towers with Radar,26,9,40,8,83,0,0,68,0,68,26,9,108,8,151,33,0,33,184
08/15/2014,SRQ,FL,ASO,ES,Towers with Radar,26,14,27,0,67,0,0,14,0,14,26,14,41,0,81,8,0,8,89
08/16/2014,SRQ,FL,ASO,ES,Towers with Radar,28,5,31,7,71,0,0,55,3,58,28,5,86,10,129,90,16,106,235
08/17/2014,SRQ,FL,ASO,ES,Towers with Radar,26,7,32,1,66,0,0,56,0,56,26,7,88,1,122,144,0,144,266
08/18/2014,SRQ,FL,ASO,ES,Towers with Radar,24,9,31,22,86,0,2,98,4,104,24,11,129,26,190,177,8,185,375
08/19/2014,SRQ,FL,ASO,ES,Towers with Radar,22,7,38,0,67,0,0,75,0,75,22,7,113,0,142,78,0,78,220
08/20/2014,SRQ,FL,ASO,ES,Towers with Radar,22,11,57,16,106,0,3,102,0,105,22,14,159,16,211,100,0,100,311
08/21/2014,SRQ,FL,ASO,ES,Towers with Radar,24,5,62,0,91,0,1,66,1,68,24,6,128,1,159,58,0,58,217
08/22/2014,SRQ,FL,ASO,ES,Towers with Radar,24,16,61,3,104,0,0,98,15,113,24,16,159,18,217,24,0,24,241
08/23/2014,SRQ,FL,ASO,ES,Towers with Radar,23,10,24,5,62,0,0,105,1,106,23,10,129,6,168,98,0,98,266
08/24/2014,SRQ,FL,ASO,ES,Towers with Radar,25,12,37,9,83,0,0,79,3,82,25,12,116,12,165,39,0,39,204
08/25/2014,SRQ,FL,ASO,ES,Towers with Radar,24,12,38,7,81,0,3,75,3,81,24,15,113,10,162,62,0,62,224
08/26/2014,SRQ,FL,ASO,ES,Towers with Radar,22,14,43,0,79,0,3,86,2,91,22,17,129,2,170,96,0,96,266
08/27/2014,SRQ,FL,ASO,ES,Towers with Radar,24,3,39,2,68,0,0,103,1,104,24,3,142,3,172,154,0,154,326
08/28/2014,SRQ,FL,ASO,ES,Towers with Radar,23,8,39,2,72,0,2,71,0,73,23,10,110,2,145,47,0,47,192
08/29/2014,SRQ,FL,ASO,ES,Towers with Radar,28,15,44,2,89,0,3,48,0,51,28,18,92,2,140,99,0,99,239
08/30/2014,SRQ,FL,ASO,ES,Towers with Radar,23,7,23,1,54,0,1,71,1,73,23,8,94,2,127,61,0,61,188
08/31/2014,SRQ,FL,ASO,ES,Towers with Radar,22,6,30,2,60,0,0,50,3,53,22,6,80,5,113,77,0,77,190
09/01/2014,SRQ,FL,ASO,ES,Towers with Radar,25,10,32,2,69,0,0,57,0,57,25,10,89,2,126,17,0,17,143
09/02/2014,SRQ,FL,ASO,ES,Towers with Radar,23,6,41,6,76,0,1,65,2,68,23,7,106,8,144,34,0,34,178
09/03/2014,SRQ,FL,ASO,ES,Towers with Radar,22,4,43,3,72,0,0,59,3,62,22,4,102,6,134,97,0,97,231
09/04/2014,SRQ,FL,ASO,ES,Towers with Radar,24,4,45,1,74,0,1,85,1,87,24,5,130,2,161,34,0,34,195
09/05/2014,SRQ,FL,ASO,ES,Towers with Radar,22,3,62,0,87,0,3,57,2,62,22,6,119,2,149,94,0,94,243
09/06/2014,SRQ,FL,ASO,ES,Towers with Radar,22,3,40,2,67,0,1,71,0,72,22,4,111,2,139,28,0,28,167
09/07/2014,SRQ,FL,ASO,ES,Towers with Radar,24,6,43,0,73,0,0,29,0,29,24,6,72,0,102,40,0,40,142
09/08/2014,SRQ,FL,ASO,ES,Towers with Radar,24,11,34,5,74,0,0,52,1,53,24,11,86,6,127,101,0,101,228
09/09/2014,SRQ,FL,ASO,ES,Towers with Radar,22,11,41,2,76,0,2,78,0,80,22,13,119,2,156,75,0,75,231
09/10/2014,SRQ,FL,ASO,ES,Towers with Radar,24,11,43,0,78,0,2,84,1,87,24,13,127,1,165,80,0,80,245
09/11/2014,SRQ,FL,ASO,ES,Towers with Radar,24,10,63,5,102,0,0,85,1,86,24,10,148,6,188,53,0,53,241
09/12/2014,SRQ,FL,ASO,ES,Towers with Radar,24,13,44,9,90,0,1,78,2,81,24,14,122,11,171,48,3,51,222
09/13/2014,SRQ,FL,ASO,ES,Towers with Radar,24,4,27,3,58,0,3,67,1,71,24,7,94,4,129,0,0,0,129
09/14/2014,SRQ,FL,ASO,ES,Towers with Radar,24,16,35,8,83,0,0,37,0,37,24,16,72,8,120,41,0,41,161
09/15/2014,SRQ,FL,ASO,ES,Towers with Radar,24,11,48,5,88,0,0,51,7,58,24,11,99,12,146,48,0,48,194
09/16/2014,SRQ,FL,ASO,ES,Towers with Radar,22,17,69,0,108,0,0,77,4,81,22,17,146,4,189,78,66,144,333
09/17/2014,SRQ,FL,ASO,ES,Towers with Radar,24,8,45,2,79,0,0,17,0,17,24,8,62,2,96,26,0,26,122
09/18/2014,SRQ,FL,ASO,ES,Towers with Radar,23,12,70,4,109,0,0,102,5,107,23,12,172,9,216,68,0,68,284
09/19/2014,SRQ,FL,ASO,ES,Towers with Radar,24,11,55,0,90,0,1,18,0,19,24,12,73,0,109,31,0,31,140
09/20/2014,SRQ,FL,ASO,ES,Towers with Radar,24,3,40,8,75,0,1,25,0,26,24,4,65,8,101,76,0,76,177
09/21/2014,SRQ,FL,ASO,ES,Towers with Radar,24,9,38,4,75,0,2,55,0,57,24,11,93,4,132,77,0,77,209
09/22/2014,SRQ,FL,ASO,ES,Towers with Radar,24,6,33,0,63,0,2,29,0,31,24,8,62,0,94,40,0,40,134
09/23/2014,SRQ,FL,ASO,ES,Towers with Radar,22,11,44,8,85,0,0,62,0,62,22,11,106,8,147,128,0,128,275
09/24/2014,SRQ,FL,ASO,ES,Towers with Radar,24,9,78,12,123,0,1,32,0,33,24,10,110,12,156,36,0,36,192
09/25/2014,SRQ,FL,ASO,ES,Towers with Radar,23,13,68,0,104,0,0,31,0,31,23,13,99,0,135,43,0,43,178
09/26/2014,SRQ,FL,ASO,ES,Towers with Radar,21,7,69,9,106,0,0,52,0,52,21,7,121,9,158,0,0,0,158
09/27/2014,SRQ,FL,ASO,ES,Towers with Radar,26,7,45,0,78,0,0,68,0,68,26,7,113,0,146,88,0,88,234
09/28/2014,SRQ,FL,ASO,ES,Towers with Radar,25,10,46,3,84,0,1,50,0,51,25,11,96,3,135,33,0,33,168
09/29/2014,SRQ,FL,ASO,ES,Towers with Radar,24,8,55,0,87,0,0,59,4,63,24,8,114,4,150,48,0,48,198
09/30/2014,SRQ,FL,ASO,ES,Towers with Radar,22,10,70,0,102,0,1,27,1,29,22,11,97,1,131,119,0,119,250
10/01/2014,SRQ,FL,ASO,ES,Towers with Radar,24,16,57,10,107,0,0,63,0,63,24,16,120,10,170,69,0,69,239
10/02/2014,SRQ,FL,ASO,ES,Towers with Radar,27,25,88,1,141,0,1,72,1,74,27,26,160,2,215,116,0,116,331
10/03/2014,SRQ,FL,ASO,ES,Towers with Radar,26,14,47,10,97,0,0,105,2,107,26,14,152,12,204,79,0,79,283
10/04/2014,SRQ,FL,ASO,ES,Towers with Radar,26,7,40,0,73,0,4,29,2,35,26,11,69,2,108,68,0,68,176
10/05/2014,SRQ,FL,ASO,ES,Towers with Radar,26,29,60,6,121,0,0,112,0,112,26,29,172,6,233,40,0,40,273
10/06/2014,SRQ,FL,ASO,ES,Towers with Radar,26,11,45,4,86,0,0,68,8,76,26,11,113,12,162,91,0,91,253
10/07/2014,SRQ,FL,ASO,ES,Towers with Radar,26,22,46,18,112,0,4,61,0,65,26,26,107,18,177,68,10,78,255
10/08/2014,SRQ,FL,ASO,ES,Towers with Radar,26,9,56,2,93,0,1,104,6,111,26,10,160,8,204,142,2,144,348
10/09/2014,SRQ,FL,ASO,ES,Towers with Radar,26,20,56,2,104,0,0,103,0,103,26,20,159,2,207,42,0,42,249
10/10/2014,SRQ,FL,ASO,ES,Towers with Radar,24,10,61,2,97,0,0,98,0,98,24,10,159,2,195,161,0,161,356
10/11/2014,SRQ,FL,ASO,ES,Towers with Radar,26,4,33,4,67,0,0,110,2,112,26,4,143,6,179,143,0,143,322
10/12/2014,SRQ,FL,ASO,ES,Towers with Radar,26,11,47,0,84,0,1,91,1,93,26,12,138,1,177,52,0,52,229
10/13/2014,SRQ,FL,ASO,ES,Towers with Radar,26,11,44,2,83,0,3,62,0,65,26,14,106,2,148,104,0,104,252
10/14/2014,SRQ,FL,ASO,ES,Towers with Radar,26,19,33,0,78,0,0,19,0,19,26,19,52,0,97,77,0,77,174
10/15/2014,SRQ,FL,ASO,ES,Towers with Radar,26,18,70,11,125,0,0,77,10,87,26,18,147,21,212,110,0,110,322
10/16/2014,SRQ,FL,ASO,ES,Towers with Radar,28,22,85,2,137,0,1,123,4,128,28,23,208,6,265,79,0,79,344
10/17/2014,SRQ,FL,ASO,ES,Towers with Radar,28,13,66,5,112,0,3,118,0,121,28,16,184,5,233,179,0,179,412
10/18/2014,SRQ,FL,ASO,ES,Towers with Radar,26,19,46,6,97,0,4,123,0,127,26,23,169,6,224,110,0,110,334
10/19/2014,SRQ,FL,ASO,ES,Towers with Radar,28,16,51,0,95,0,3,95,0,98,28,19,146,0,193,116,0,116,309
10/20/2014,SRQ,FL,ASO,ES,Towers with Radar,28,14,55,0,97,0,2,94,2,98,28,16,149,2,195,90,2,92,287
10/21/2014,SRQ,FL,ASO,ES,Towers with Radar,26,16,55,5,102,0,4,72,1,77,26,20,127,6,179,81,0,81,260
10/22/2014,SRQ,FL,ASO,ES,Towers with Radar,25,12,54,2,93,0,2,111,2,115,25,14,165,4,208,84,0,84,292
10/23/2014,SRQ,FL,ASO,ES,Towers with Radar,26,30,50,8,114,0,1,100,2,103,26,31,150,10,217,164,0,164,381
10/24/2014,SRQ,FL,ASO,ES,Towers with Radar,26,16,49,2,93,0,2,85,0,87,26,18,134,2,180,65,0,65,245
10/25/2014,SRQ,FL,ASO,ES,Towers with Radar,26,6,47,0,79,0,6,116,0,122,26,12,163,0,201,41,0,41,242
10/26/2014,SRQ,FL,ASO,ES,Towers with Radar,28,18,83,0,129,0,1,131,0,132,28,19,214,0,261,199,0,199,460
10/27/2014,SRQ,FL,ASO,ES,Towers with Radar,28,15,52,9,104,0,1,68,5,74,28,16,120,14,178,107,12,119,297
10/28/2014,SRQ,FL,ASO,ES,Towers with Radar,27,28,53,1,109,0,2,84,1,87,27,30,137,2,196,22,0,22,218
10/29/2014,SRQ,FL,ASO,ES,Towers with Radar,29,18,73,2,122,0,3,121,3,127,29,21,194,5,249,76,0,76,325
10/30/2014,SRQ,FL,ASO,ES,Towers with Radar,28,18,48,2,96,0,2,66,0,68,28,20,114,2,164,152,0,152,316
10/31/2014,SRQ,FL,ASO,ES,Towers with Radar,28,18,49,0,95,0,2,79,0,81,28,20,128,0,176,75,0,75,251
11/01/2014,SRQ,FL,ASO,ES,Towers with Radar,26,16,34,0,76,0,2,35,0,37,26,18,69,0,113,18,0,18,131
11/02/2014,SRQ,FL,ASO,ES,Towers with Radar,30,28,43,0,101,0,2,67,0,69,30,30,110,0,170,39,0,39,209
11/03/2014,SRQ,FL,ASO,ES,Towers with Radar,28,13,46,1,88,0,0,104,1,105,28,13,150,2,193,85,0,85,278
11/04/2014,SRQ,FL,ASO,ES,Towers with Radar,26,25,64,2,117,0,0,93,5,98,26,25,157,7,215,110,11,121,336
11/05/2014,SRQ,FL,ASO,ES,Towers with Radar,28,12,51,0,91,0,0,106,0,106,28,12,157,0,197,82,0,82,279
11/06/2014,SRQ,FL,ASO,ES,Towers with Radar,28,30,76,23,157,0,6,105,1,112,28,36,181,24,269,64,34,98,367
11/07/2014,SRQ,FL,ASO,ES,Towers with Radar,28,30,87,2,147,0,1,105,1,107,28,31,192,3,254,94,0,94,348
11/08/2014,SRQ,FL,ASO,ES,Towers with Radar,32,16,54,0,102,0,0,87,0,87,32,16,141,0,189,52,0,52,241
11/09/2014,SRQ,FL,ASO,ES,Towers with Radar,29,28,68,1,126,0,0,33,0,33,29,28,101,1,159,77,0,77,236
11/10/2014,SRQ,FL,ASO,ES,Towers with Radar,26,26,66,5,123,0,3,123,0,126,26,29,189,5,249,117,0,117,366
11/11/2014,SRQ,FL,ASO,ES,Towers with Radar,28,18,61,0,107,0,2,130,0,132,28,20,191,0,239,96,0,96,335
11/12/2014,SRQ,FL,ASO,ES,Towers with Radar,28,21,107,2,158,0,3,117,2,122,28,24,224,4,280,49,0,49,329
11/13/2014,SRQ,FL,ASO,ES,Towers with Radar,28,19,63,15,125,0,8,125,7,140,28,27,188,22,265,100,14,114,379
11/14/2014,SRQ,FL,ASO,ES,Towers with Radar,28,17,94,10,149,0,2,75,0,77,28,19,169,10,226,51,0,51,277
11/15/2014,SRQ,FL,ASO,ES,Towers with Radar,34,4,44,14,96,0,2,147,3,152,34,6,191,17,248,98,6,104,352
11/16/2014,SRQ,FL,ASO,ES,Towers with Radar,30,26,64,2,122,0,5,97,0,102,30,31,161,2,224,133,0,133,357
11/17/2014,SRQ,FL,ASO,ES,Towers with Radar,26,21,45,6,98,0,0,41,0,41,26,21,86,6,139,4,0,4,143
11/18/2014,SRQ,FL,ASO,ES,Towers with Radar,28,26,87,17,158,0,0,59,0,59,28,26,146,17,217,53,0,53,270
11/19/2014,SRQ,FL,ASO,ES,Towers with Radar,28,13,54,2,97,0,2,89,0,91,28,15,143,2,188,40,0,40,228
11/20/2014,SRQ,FL,ASO,ES,Towers with Radar,28,24,65,0,117,0,9,132,0,141,28,33,197,0,258,153,0,153,411
11/21/2014,SRQ,FL,ASO,ES,Towers with Radar,28,26,80,9,143,0,3,78,1,82,28,29,158,10,225,58,10,68,293
11/22/2014,SRQ,FL,ASO,ES,Towers with Radar,32,22,66,0,120,0,0,62,0,62,32,22,128,0,182,44,0,44,226
11/23/2014,SRQ,FL,ASO,ES,Towers with Radar,30,25,46,0,101,0,2,26,0,28,30,27,72,0,129,42,0,42,171
11/24/2014,SRQ,FL,ASO,ES,Towers with Radar,26,16,68,0,110,0,3,40,0,43,26,19,108,0,153,37,0,37,190
11/25/2014,SRQ,FL,ASO,ES,Towers with Radar,27,16,63,0,106,0,0,0,0,0,27,16,63,0,106,0,0,0,106
11/26/2014,SRQ,FL,ASO,ES,Towers with Radar,28,29,75,4,136,0,0,54,0,54,28,29,129,4,190,51,0,51,241
11/27/2014,SRQ,FL,ASO,ES,Towers with Radar,21,8,20,0,49,0,1,39,0,40,21,9,59,0,89,44,0,44,133
11/28/2014,SRQ,FL,ASO,ES,Towers with Radar,22,17,56,3,98,0,3,89,3,95,22,20,145,6,193,43,10,53,246
11/29/2014,SRQ,FL,ASO,ES,Towers with Radar,34,31,68,0,133,0,4,123,0,127,34,35,191,0,260,118,4,122,382
11/30/2014,SRQ,FL,ASO,ES,Towers with Radar,32,51,82,0,165,0,4,80,0,84,32,55,162,0,249,27,0,27,276
12/01/2014,SRQ,FL,ASO,ES,Towers with Radar,29,24,73,0,126,0,4,87,0,91,29,28,160,0,217,36,0,36,253
12/02/2014,SRQ,FL,ASO,ES,Towers with Radar,27,17,68,2,114,0,5,89,2,96,27,22,157,4,210,89,0,89,299
12/03/2014,SRQ,FL,ASO,ES,Towers with Radar,28,22,46,0,96,0,5,96,0,101,28,27,142,0,197,36,0,36,233
12/04/2014,SRQ,FL,ASO,ES,Towers with Radar,30,26,72,0,128,0,9,96,0,105,30,35,168,0,233,74,0,74,307
12/05/2014,SRQ,FL,ASO,ES,Towers with Radar,28,19,56,12,115,0,2,73,0,75,28,21,129,12,190,91,0,91,281
12/06/2014,SRQ,FL,ASO,ES,Towers with Radar,30,20,60,2,112,0,2,118,0,120,30,22,178,2,232,75,0,75,307
12/07/2014,SRQ,FL,ASO,ES,Towers with Radar,32,13,81,0,126,0,1,19,0,20,32,14,100,0,146,26,0,26,172
12/08/2014,SRQ,FL,ASO,ES,Towers with Radar,26,12,52,0,90,0,3,17,0,20,26,15,69,0,110,16,0,16,126
12/09/2014,SRQ,FL,ASO,ES,Towers with Radar,25,14,46,4,89,0,0,76,0,76,25,14,122,4,165,12,0,12,177
12/10/2014,SRQ,FL,ASO,ES,Towers with Radar,29,7,67,6,109,0,3,120,2,125,29,10,187,8,234,80,0,80,314
12/11/2014,SRQ,FL,ASO,ES,Towers with Radar,28,15,45,4,92,0,5,111,0,116,28,20,156,4,208,99,0,99,307
12/12/2014,SRQ,FL,ASO,ES,Towers with Radar,28,19,58,0,105,0,3,114,0,117,28,22,172,0,222,63,0,63,285
12/13/2014,SRQ,FL,ASO,ES,Towers with Radar,30,15,61,4,110,0,6,131,2,139,30,21,192,6,249,103,6,109,358
12/14/2014,SRQ,FL,ASO,ES,Towers with Radar,30,12,52,0,94,0,6,91,0,97,30,18,143,0,191,57,0,57,248
12/15/2014,SRQ,FL,ASO,ES,Towers with Radar,30,25,37,2,94,0,5,91,0,96,30,30,128,2,190,97,0,97,287
12/16/2014,SRQ,FL,ASO,ES,Towers with Radar,28,20,69,10,127,0,6,91,0,97,28,26,160,10,224,40,0,40,264
12/17/2014,SRQ,FL,ASO,ES,Towers with Radar,30,13,73,0,116,0,4,86,0,90,30,17,159,0,206,86,0,86,292
12/18/2014,SRQ,FL,ASO,ES,Towers with Radar,34,24,71,0,129,0,6,133,2,141,34,30,204,2,270,94,1,95,365
12/19/2014,SRQ,FL,ASO,ES,Towers with Radar,31,17,95,13,156,0,4,101,0,105,31,21,196,13,261,62,0,62,323
12/20/2014,SRQ,FL,ASO,ES,Towers with Radar,39,13,78,2,132,0,6,105,0,111,39,19,183,2,243,48,0,48,291
12/21/2014,SRQ,FL,ASO,ES,Towers with Radar,35,17,53,1,106,0,4,56,0,60,35,21,109,1,166,12,0,12,178
12/22/2014,SRQ,FL,ASO,ES,Towers with Radar,31,22,83,2,138,0,0,40,0,40,31,22,123,2,178,62,0,62,240
12/23/2014,SRQ,FL,ASO,ES,Towers with Radar,32,29,52,26,139,0,0,48,0,48,32,29,100,26,187,26,0,26,213
12/24/2014,SRQ,FL,ASO,ES,Towers with Radar,29,19,9,0,57,0,2,15,1,18,29,21,24,1,75,59,0,59,134
12/25/2014,SRQ,FL,ASO,ES,Towers with Radar,29,19,20,0,68,0,2,27,0,29,29,21,47,0,97,12,0,12,109
12/26/2014,SRQ,FL,ASO,ES,Towers with Radar,38,27,113,0,178,0,2,98,0,100,38,29,211,0,278,70,0,70,348
12/27/2014,SRQ,FL,ASO,ES,Towers with Radar,43,23,95,0,161,0,1,60,0,61,43,24,155,0,222,97,0,97,319
12/28/2014,SRQ,FL,ASO,ES,Towers with Radar,39,35,64,0,138,0,6,92,0,98,39,41,156,0,236,86,0,86,322
12/29/2014,SRQ,FL,ASO,ES,Towers with Radar,37,27,77,0,141,0,5,81,0,86,37,32,158,0,227,54,0,54,281
12/30/2014,SRQ,FL,ASO,ES,Towers with Radar,41,26,104,0,171,0,0,14,0,14,41,26,118,0,185,15,0,15,200
12/31/2014,SRQ,FL,ASO,ES,Towers with Radar,33,16,58,0,107,0,0,9,0,9,33,16,67,0,116,6,0,6,122
01/01/2015,SRQ,FL,ASO,ES,Towers with Radar,31,20,41,0,92,0,0,27,0,27,31,20,68,0,119,4,0,4,123
01/02/2015,SRQ,FL,ASO,ES,Towers with Radar,38,37,82,0,157,0,2,62,0,64,38,39,144,0,221,18,0,18,239
01/03/2015,SRQ,FL,ASO,ES,Towers with Radar,39,26,101,0,166,0,1,111,0,112,39,27,212,0,278,78,0,78,356
01/04/2015,SRQ,FL,ASO,ES,Towers with Radar,35,34,99,0,168,0,1,72,0,73,35,35,171,0,241,47,0,47,288
01/05/2015,SRQ,FL,ASO,ES,Towers with Radar,34,21,120,0,175,0,0,78,0,78,34,21,198,0,253,43,0,43,296
01/06/2015,SRQ,FL,ASO,ES,Towers with Radar,32,21,60,4,117,0,3,94,0,97,32,24,154,4,214,139,0,139,353
01/07/2015,SRQ,FL,ASO,ES,Towers with Radar,33,20,71,8,132,0,8,146,1,155,33,28,217,9,287,96,0,96,383
01/08/2015,SRQ,FL,ASO,ES,Towers with Radar,32,16,42,0,90,0,0,83,0,83,32,16,125,0,173,47,0,47,220
01/09/2015,SRQ,FL,ASO,ES,Towers with Radar,34,27,81,6,148,0,2,83,0,85,34,29,164,6,233,38,0,38,271
01/10/2015,SRQ,FL,ASO,ES,Towers with Radar,30,13,55,9,107,0,4,126,0,130,30,17,181,9,237,60,0,60,297
01/11/2015,SRQ,FL,ASO,ES,Towers with Radar,34,29,75,0,138,0,0,66,0,66,34,29,141,0,204,63,0,63,267
01/12/2015,SRQ,FL,ASO,ES,Towers with Radar,32,13,53,28,126,0,0,9,0,9,32,13,62,28,135,0,0,0,135
01/13/2015,SRQ,FL,ASO,ES,Towers with Radar,32,19,55,12,118,0,1,105,18,124,32,20,160,30,242,89,16,105,347
01/14/2015,SRQ,FL,ASO,ES,Towers with Radar,36,17,80,0,133,0,0,29,0,29,36,17,109,0,162,12,0,12,174
01/15/2015,SRQ,FL,ASO,ES,Towers with Radar,34,21,101,0,156,0,0,5,0,5,34,21,106,0,161,0,0,0,161
01/16/2015,SRQ,FL,ASO,ES,Towers with Radar,36,22,98,9,165,0,1,132,1,134,36,23,230,10,299,72,0,72,371
01/17/2015,SRQ,FL,ASO,ES,Towers with Radar,28,21,84,0,133,0,3,153,0,156,28,24,237,0,289,141,1,142,431
01/18/2015,SRQ,FL,ASO,ES,Towers with Radar,32,20,56,5,113,0,6,101,3,110,32,26,157,8,223,73,0,73,296
01/19/2015,SRQ,FL,ASO,ES,Towers with Radar,32,18,87,0,137,0,2,138,0,140,32,20,225,0,277,134,0,134,411
01/20/2015,SRQ,FL,ASO,ES,Towers with Radar,34,17,50,6,107,0,3,106,12,121,34,20,156,18,228,80,24,104,332
01/21/2015,SRQ,FL,ASO,ES,Towers with Radar,34,21,61,0,116,0,1,129,0,130,34,22,190,0,246,82,0,82,328
01/22/2015,SRQ,FL,ASO,ES,Towers with Radar,34,16,86,2,138,0,2,111,0,113,34,18,197,2,251,52,0,52,303
01/23/2015,SRQ,FL,ASO,ES,Towers with Radar,36,20,65,4,125,0,4,48,10,62,36,24,113,14,187,21,11,32,219
01/24/2015,SRQ,FL,ASO,ES,Towers with Radar,28,24,45,4,101,0,3,20,0,23,28,27,65,4,124,9,0,9,133
01/25/2015,SRQ,FL,ASO,ES,Towers with Radar,36,23,73,0,132,0,5,149,0,154,36,28,222,0,286,66,0,66,352
01/26/2015,SRQ,FL,ASO,ES,Towers with Radar,29,16,32,4,81,0,3,50,0,53,29,19,82,4,134,20,0,20,154
01/27/2015,SRQ,FL,ASO,ES,Towers with Radar,25,18,76,2,121,0,0,93,0,93,25,18,169,2,214,89,0,89,303
01/28/2015,SRQ,FL,ASO,ES,Towers with Radar,32,13,49,2,96,0,2,81,8,91,32,15,130,10,187,89,16,105,292
01/29/2015,SRQ,FL,ASO,ES,Towers with Radar,34,23,96,0,153,0,1,116,0,117,34,24,212,0,270,94,0,94,364
01/30/2015,SRQ,FL,ASO,ES,Towers with Radar,34,15,77,1,127,0,3,131,2,136,34,18,208,3,263,148,0,148,411
01/31/2015,SRQ,FL,ASO,ES,Towers with Radar,28,13,51,1,93,0,4,98,6,108,28,17,149,7,201,106,0,106,307
02/01/2015,SRQ,FL,ASO,ES,Towers with Radar,26,19,39,0,84,0,0,92,0,92,26,19,131,0,176,52,0,52,228
02/02/2015,SRQ,FL,ASO,ES,Towers with Radar,26,22,49,4,101,0,0,43,0,43,26,22,92,4,144,6,0,6,150
02/03/2015,SRQ,FL,ASO,ES,Towers with Radar,30,13,65,0,108,0,5,118,0,123,30,18,183,0,231,92,0,92,323
02/04/2015,SRQ,FL,ASO,ES,Towers with Radar,33,9,59,4,105,0,1,110,2,113,33,10,169,6,218,33,2,35,253
02/05/2015,SRQ,FL,ASO,ES,Towers with Radar,34,16,75,0,125,0,0,26,0,26,34,16,101,0,151,62,0,62,213
02/06/2015,SRQ,FL,ASO,ES,Towers with Radar,34,19,61,3,117,0,3,143,6,152,34,22,204,9,269,50,5,55,324
02/07/2015,SRQ,FL,ASO,ES,Towers with Radar,30,20,65,2,117,0,1,129,0,130,30,21,194,2,247,74,0,74,321
02/08/2015,SRQ,FL,ASO,ES,Towers with Radar,34,31,66,5,136,0,2,154,1,157,34,33,220,6,293,120,0,120,413
02/09/2015,SRQ,FL,ASO,ES,Towers with Radar,24,15,52,2,93,0,0,20,0,20,24,15,72,2,113,20,0,20,133
02/10/2015,SRQ,FL,ASO,ES,Towers with Radar,32,16,76,4,128,0,0,60,0,60,32,16,136,4,188,84,0,84,272
02/11/2015,SRQ,FL,ASO,ES,Towers with Radar,34,15,81,9,139,0,1,137,1,139,34,16,218,10,278,92,0,92,370
02/12/2015,SRQ,FL,ASO,ES,Towers with Radar,38,24,79,7,148,0,3,102,5,110,38,27,181,12,258,106,20,126,384
02/13/2015,SRQ,FL,ASO,ES,Towers with Radar,40,23,86,16,165,0,1,160,4,165,40,24,246,20,330,88,0,88,418
02/14/2015,SRQ,FL,ASO,ES,Towers with Radar,41,20,55,2,118,0,2,113,0,115,41,22,168,2,233,71,0,71,304
02/15/2015,SRQ,FL,ASO,ES,Towers with Radar,37,27,57,4,125,0,1,81,1,83,37,28,138,5,208,18,0,18,226
02/16/2015,SRQ,FL,ASO,ES,Towers with Radar,38,19,56,1,114,0,1,147,0,148,38,20,203,1,262,132,0,132,394
02/17/2015,SRQ,FL,ASO,ES,Towers with Radar,34,11,79,1,125,0,1,53,1,55,34,12,132,2,180,65,0,65,245
02/18/2015,SRQ,FL,ASO,ES,Towers with Radar,39,24,104,4,171,0,5,117,0,122,39,29,221,4,293,154,0,154,447
02/19/2015,SRQ,FL,ASO,ES,Towers with Radar,40,20,71,8,139,0,2,76,2,80,40,22,147,10,219,60,0,60,279
02/20/2015,SRQ,FL,ASO,ES,Towers with Radar,40,28,97,23,188,0,0,127,1,128,40,28,224,24,316,98,0,98,414
02/21/2015,SRQ,FL,ASO,ES,Towers with Radar,40,15,62,8,125,0,0,163,0,163,40,15,225,8,288,122,0,122,410
02/22/2015,SRQ,FL,ASO,ES,Towers with Radar,40,26,82,2,150,0,2,130,0,132,40,28,212,2,282,170,0,170,452
02/23/2015,SRQ,FL,ASO,ES,Towers with Radar,38,17,68,8,131,0,3,38,0,41,38,20,106,8,172,99,0,99,271
02/24/2015,SRQ,FL,ASO,ES,Towers with Radar,43,18,76,2,139,0,0,9,0,9,43,18,85,2,148,48,0,48,196
02/25/2015,SRQ,FL,ASO,ES,Towers with Radar,38,16,86,0,140,0,2,13,0,15,38,18,99,0,155,72,0,72,227
02/26/2015,SRQ,FL,ASO,ES,Towers with Radar,37,19,86,16,158,0,0,54,0,54,37,19,140,16,212,115,0,115,327
02/27/2015,SRQ,FL,ASO,ES,Towers with Radar,40,16,94,2,152,0,2,48,0,50,40,18,142,2,202,50,0,50,252
02/28/2015,SRQ,FL,ASO,ES,Towers with Radar,43,16,54,0,113,0,0,7,0,7,43,16,61,0,120,20,0,20,140
03/01/2015,SRQ,FL,ASO,ES,Towers with Radar,42,23,101,0,166,0,6,59,0,65,42,29,160,0,231,71,0,71,302
03/02/2015,SRQ,FL,ASO,ES,Towers with Radar,41,19,79,2,141,0,4,105,4,113,41,23,184,6,254,134,0,134,388
03/03/2015,SRQ,FL,ASO,ES,Towers with Radar,38,25,78,2,143,0,0,112,0,112,38,25,190,2,255,83,0,83,338
03/04/2015,SRQ,FL,ASO,ES,Towers with Radar,42,9,69,2,122,0,0,134,2,136,42,9,203,4,258,55,0,55,313
03/05/2015,SRQ,FL,ASO,ES,Towers with Radar,34,16,75,3,128,0,2,118,5,125,34,18,193,8,253,129,6,135,388
03/06/2015,SRQ,FL,ASO,ES,Towers with Radar,39,23,92,2,156,0,1,47,0,48,39,24,139,2,204,116,0,116,320
03/07/2015,SRQ,FL,ASO,ES,Towers with Radar,48,20,102,0,170,0,2,66,0,68,48,22,168,0,238,118,0,118,356
03/08/2015,SRQ,FL,ASO,ES,Towers with Radar,43,18,80,1,142,0,6,120,3,129,43,24,200,4,271,82,0,82,353
03/09/2015,SRQ,FL,ASO,ES,Towers with Radar,43,13,74,10,140,0,2,135,6,143,43,15,209,16,283,153,0,153,436
03/10/2015,SRQ,FL,ASO,ES,Towers with Radar,42,12,66,12,132,0,2,125,22,149,42,14,191,34,281,107,36,143,424
03/11/2015,SRQ,FL,ASO,ES,Towers with Radar,39,14,82,4,139,0,2,129,18,149,39,16,211,22,288,108,12,120,408
03/12/2015,SRQ,FL,ASO,ES,Towers with Radar,45,15,84,7,151,0,2,109,21,132,45,17,193,28,283,109,0,109,392
03/13/2015,SRQ,FL,ASO,ES,Towers with Radar,42,25,96,10,173,0,4,110,8,122,42,29,206,18,295,91,0,91,386
03/14/2015,SRQ,FL,ASO,ES,Towers with Radar,47,27,86,2,162,0,5,121,0,126,47,32,207,2,288,143,1,144,432
03/15/2015,SRQ,FL,ASO,ES,Towers with Radar,45,37,111,1,194,0,2,77,1,80,45,39,188,2,274,127,0,127,401
03/16/2015,SRQ,FL,ASO,ES,Towers with Radar,42,25,72,6,145,0,2,104,0,106,42,27,176,6,251,81,0,81,332
03/17/2015,SRQ,FL,ASO,ES,Towers with Radar,42,31,40,7,120,0,3,137,5,145,42,34,177,12,265,110,0,110,375
03/18/2015,SRQ,FL,ASO,ES,Towers with Radar,42,18,89,13,162,0,1,129,4,134,42,19,218,17,296,72,11,83,379
03/19/2015,SRQ,FL,ASO,ES,Towers with Radar,42,20,90,4,156,0,3,95,0,98,42,23,185,4,254,62,0,62,316
03/20/2015,SRQ,FL,ASO,ES,Towers with Radar,42,39,86,8,175,0,4,158,9,171,42,43,244,17,346,140,14,154,500
03/21/2015,SRQ,FL,ASO,ES,Towers with Radar,47,31,82,10,170,0,1,173,1,175,47,32,255,11,345,98,14,112,457
03/22/2015,SRQ,FL,ASO,ES,Towers with Radar,45,37,69,1,152,0,5,91,0,96,45,42,160,1,248,77,0,77,325
03/23/2015,SRQ,FL,ASO,ES,Towers with Radar,42,23,41,12,118,0,2,34,0,36,42,25,75,12,154,118,0,118,272
03/24/2015,SRQ,FL,ASO,ES,Towers with Radar,40,23,102,0,165,0,0,119,0,119,40,23,221,0,284,188,0,188,472
03/25/2015,SRQ,FL,ASO,ES,Towers with Radar,42,26,90,3,161,0,4,142,1,147,42,30,232,4,308,157,0,157,465
03/26/2015,SRQ,FL,ASO,ES,Towers with Radar,42,25,79,6,152,0,2,113,0,115,42,27,192,6,267,61,0,61,328
03/27/2015,SRQ,FL,ASO,ES,Towers with Radar,42,21,85,4,152,0,2,45,0,47,42,23,130,4,199,0,0,0,199
03/28/2015,SRQ,FL,ASO,ES,Towers with Radar,47,21,83,0,151,0,2,103,0,105,47,23,186,0,256,23,0,23,279
03/29/2015,SRQ,FL,ASO,ES,Towers with Radar,43,32,78,0,153,0,0,115,0,115,43,32,193,0,268,29,0,29,297
03/30/2015,SRQ,FL,ASO,ES,Towers with Radar,42,16,78,4,140,0,0,150,2,152,42,16,228,6,292,120,0,120,412
03/31/2015,SRQ,FL,ASO,ES,Towers with Radar,42,20,67,3,132,0,0,149,2,151,42,20,216,5,283,67,0,67,350
04/01/2015,SRQ,FL,ASO,ES,Towers with Radar,42,20,76,8,146,0,3,139,6,148,42,23,215,14,294,110,0,110,404
04/02/2015,SRQ,FL,ASO,ES,Towers with Radar,42,30,110,12,194,0,1,159,0,160,42,31,269,12,354,135,0,135,489
04/03/2015,SRQ,FL,ASO,ES,Towers with Radar,42,22,105,0,169,0,6,155,0,161,42,28,260,0,330,74,0,74,404
04/04/2015,SRQ,FL,ASO,ES,Towers with Radar,46,21,67,0,134,0,1,100,0,101,46,22,167,0,235,181,0,181,416
04/05/2015,SRQ,FL,ASO,ES,Towers with Radar,41,26,65,0,132,0,4,60,0,64,41,30,125,0,196,94,0,94,290
04/06/2015,SRQ,FL,ASO,ES,Towers with Radar,42,22,79,10,153,0,3,101,2,106,42,25,180,12,259,129,0,129,388
04/07/2015,SRQ,FL,ASO,ES,Towers with Radar,36,20,71,0,127,0,1,84,0,85,36,21,155,0,212,100,0,100,312
04/08/2015,SRQ,FL,ASO,ES,Towers with Radar,36,20,69,2,127,0,1,120,0,121,36,21,189,2,248,173,1,174,422
04/09/2015,SRQ,FL,ASO,ES,Towers with Radar,36,23,74,4,137,0,2,87,2,91,36,25,161,6,228,114,0,114,342
04/10/2015,SRQ,FL,ASO,ES,Towers with Radar,32,35,70,51,188,0,0,91,16,107,32,35,161,67,295,116,27,143,438
04/11/2015,SRQ,FL,ASO,ES,Towers with Radar,39,18,89,0,146,0,0,102,4,106,39,18,191,4,252,265,0,265,517
04/12/2015,SRQ,FL,ASO,ES,Towers with Radar,37,38,84,29,188,0,4,83,1,88,37,42,167,30,276,202,0,202,478
04/13/2015,SRQ,FL,ASO,ES,Towers with Radar,36,13,68,4,121,0,1,79,0,80,36,14,147,4,201,249,0,249,450
04/14/2015,SRQ,FL,ASO,ES,Towers with Radar,36,16,57,14,123,0,3,115,4,122,36,19,172,18,245,160,0,160,405
04/15/2015,SRQ,FL,ASO,ES,Towers with Radar,36,11,52,23,122,0,2,130,15,147,36,13,182,38,269,131,2,133,402
04/16/2015,SRQ,FL,ASO,ES,Towers with Radar,36,17,79,15,147,0,1,136,16,153,36,18,215,31,300,122,0,122,422
04/17/2015,SRQ,FL,ASO,ES,Towers with Radar,36,16,91,10,153,0,1,72,0,73,36,17,163,10,226,74,0,74,300
04/18/2015,SRQ,FL,ASO,ES,Towers with Radar,37,16,83,0,136,0,8,120,0,128,37,24,203,0,264,118,0,118,382
04/19/2015,SRQ,FL,ASO,ES,Towers with Radar,40,36,63,6,145,0,3,91,4,98,40,39,154,10,243,60,5,65,308
04/20/2015,SRQ,FL,ASO,ES,Towers with Radar,33,22,76,5,136,0,0,68,0,68,33,22,144,5,204,136,0,136,340
04/21/2015,SRQ,FL,ASO,ES,Towers with Radar,37,14,52,0,103,0,0,102,0,102,37,14,154,0,205,161,0,161,366
04/22/2015,SRQ,FL,ASO,ES,Towers with Radar,36,16,89,9,150,1,1,126,3,131,37,17,215,12,281,214,0,214,495
04/23/2015,SRQ,FL,ASO,ES,Towers with Radar,38,17,86,0,141,0,0,71,0,71,38,17,157,0,212,101,0,101,313
04/24/2015,SRQ,FL,ASO,ES,Towers with Radar,36,22,90,1,149,0,1,116,3,120,36,23,206,4,269,161,0,161,430
04/25/2015,SRQ,FL,ASO,ES,Towers with Radar,37,7,49,0,93,0,0,91,2,93,37,7,140,2,186,22,0,22,208
04/26/2015,SRQ,FL,ASO,ES,Towers with Radar,37,15,69,1,122,0,0,48,2,50,37,15,117,3,172,158,0,158,330
04/27/2015,SRQ,FL,ASO,ES,Towers with Radar,34,18,79,8,139,0,0,76,4,80,34,18,155,12,219,126,2,128,347
04/28/2015,SRQ,FL,ASO,ES,Towers with Radar,36,12,59,0,107,0,0,41,0,41,36,12,100,0,148,29,0,29,177
04/29/2015,SRQ,FL,ASO,ES,Towers with Radar,37,24,76,3,140,0,3,109,15,127,37,27,185,18,267,142,18,160,427
04/30/2015,SRQ,FL,ASO,ES,Towers with Radar,36,20,81,0,137,0,1,75,3,79,36,21,156,3,216,98,0,98,314
05/01/2015,SRQ,FL,ASO,ES,Towers with Radar,32,24,56,6,118,0,2,147,12,161,32,26,203,18,279,47,0,47,326
05/02/2015,SRQ,FL,ASO,ES,Towers with Radar,37,14,73,0,124,0,4,118,1,123,37,18,191,1,247,132,0,132,379
05/03/2015,SRQ,FL,ASO,ES,Towers with Radar,33,13,63,0,109,0,3,81,0,84,33,16,144,0,193,148,0,148,341
05/04/2015,SRQ,FL,ASO,ES,Towers with Radar,32,17,45,10,104,0,3,94,1,98,32,20,139,11,202,84,0,84,286
05/05/2015,SRQ,FL,ASO,ES,Towers with Radar,32,16,69,6,123,0,0,70,11,81,32,16,139,17,204,124,22,146,350
05/06/2015,SRQ,FL,ASO,ES,Towers with Radar,30,26,83,0,139,0,0,116,0,116,30,26,199,0,255,0,0,0,255
05/07/2015,SRQ,FL,ASO,ES,Towers with Radar,28,19,84,13,144,0,0,130,0,130,28,19,214,13,274,143,10,153,427
05/08/2015,SRQ,FL,ASO,ES,Towers with Radar,26,19,74,0,119,0,0,115,0,115,26,19,189,0,234,104,0,104,338
05/09/2015,SRQ,FL,ASO,ES,Towers with Radar,28,11,67,6,112,0,2,114,0,116,28,13,181,6,228,87,0,87,315
05/10/2015,SRQ,FL,ASO,ES,Towers with Radar,25,14,56,0,95,0,0,72,0,72,25,14,128,0,167,186,0,186,353
05/11/2015,SRQ,FL,ASO,ES,Towers with Radar,27,16,59,1,103,0,4,131,1,136,27,20,190,2,239,181,0,181,420
05/12/2015,SRQ,FL,ASO,ES,Towers with Radar,26,10,55,2,93,0,0,93,2,95,26,10,148,4,188,120,0,120,308
05/13/2015,SRQ,FL,ASO,ES,Towers with Radar,26,10,63,1,100,0,0,107,1,108,26,10,170,2,208,146,0,146,354
05/14/2015,SRQ,FL,ASO,ES,Towers with Radar,28,17,89,4,138,0,3,78,0,81,28,20,167,4,219,78,0,78,297
05/15/2015,SRQ,FL,ASO,ES,Towers with Radar,26,15,91,0,132,0,0,112,2,114,26,15,203,2,246,60,0,60,306
05/16/2015,SRQ,FL,ASO,ES,Towers with Radar,28,13,56,0,97,0,7,120,0,127,28,20,176,0,224,119,0,119,343
05/17/2015,SRQ,FL,ASO,ES,Towers with Radar,27,9,60,0,96,0,2,59,0,61,27,11,119,0,157,74,0,74,231
05/18/2015,SRQ,FL,ASO,ES,Towers with Radar,25,14,77,0,116,0,2,123,0,125,25,16,200,0,241,125,0,125,366
05/19/2015,SRQ,FL,ASO,ES,Towers with Radar,25,20,50,0,95,0,0,102,0,102,25,20,152,0,197,141,0,141,338
05/20/2015,SRQ,FL,ASO,ES,Towers with Radar,28,20,78,9,135,0,2,121,1,124,28,22,199,10,259,85,6,91,350
05/21/2015,SRQ,FL,ASO,ES,Towers with Radar,28,16,64,6,114,0,1,88,0,89,28,17,152,6,203,115,0,115,318
05/22/2015,SRQ,FL,ASO,ES,Towers with Radar,26,19,63,11,119,0,0,102,7,109,26,19,165,18,228,103,16,119,347
05/23/2015,SRQ,FL,ASO,ES,Towers with Radar,30,11,61,0,102,0,2,103,1,106,30,13,164,1,208,84,0,84,292
05/24/2015,SRQ,FL,ASO,ES,Towers with Radar,22,6,39,0,67,0,2,68,0,70,22,8,107,0,137,79,0,79,216
05/25/2015,SRQ,FL,ASO,ES,Towers with Radar,25,17,49,0,91,0,2,48,0,50,25,19,97,0,141,53,0,53,194
05/26/2015,SRQ,FL,ASO,ES,Towers with Radar,25,14,33,5,77,0,0,65,1,66,25,14,98,6,143,86,0,86,229
05/27/2015,SRQ,FL,ASO,ES,Towers with Radar,26,13,50,1,90,0,0,98,1,99,26,13,148,2,189,109,0,109,298
05/28/2015,SRQ,FL,ASO,ES,Towers with Radar,29,15,50,0,94,0,2,112,1,115,29,17,162,1,209,119,0,119,328
05/29/2015,SRQ,FL,ASO,ES,Towers with Radar,26,14,56,4,100,0,4,118,2,124,26,18,174,6,224,56,0,56,280
05/30/2015,SRQ,FL,ASO,ES,Towers with Radar,28,14,52,0,94,0,5,112,1,118,28,19,164,1,212,96,0,96,308
05/31/2015,SRQ,FL,ASO,ES,Towers with Radar,26,10,39,0,75,0,2,59,0,61,26,12,98,0,136,103,0,103,239
06/01/2015,SRQ,FL,ASO,ES,Towers with Radar,23,6,65,10,104,0,2,50,2,54,23,8,115,12,158,17,0,17,175
06/02/2015,SRQ,FL,ASO,ES,Towers with Radar,26,23,50,10,109,0,1,19,0,20,26,24,69,10,129,0,8,8,137
06/03/2015,SRQ,FL,ASO,ES,Towers with Radar,26,11,63,0,100,0,0,102,2,104,26,11,165,2,204,46,0,46,250
06/04/2015,SRQ,FL,ASO,ES,Towers with Radar,27,10,64,6,107,0,2,122,4,128,27,12,186,10,235,127,0,127,362
06/05/2015,SRQ,FL,ASO,ES,Towers with Radar,26,10,54,0,90,0,0,96,0,96,26,10,150,0,186,68,0,68,254
06/06/2015,SRQ,FL,ASO,ES,Towers with Radar,30,10,39,0,79,0,1,53,2,56,30,11,92,2,135,25,0,25,160
06/07/2015,SRQ,FL,ASO,ES,Towers with Radar,26,16,52,0,94,0,0,51,0,51,26,16,103,0,145,4,0,4,149
06/08/2015,SRQ,FL,ASO,ES,Towers with Radar,28,17,60,7,112,0,7,73,21,101,28,24,133,28,213,46,32,78,291
06/09/2015,SRQ,FL,ASO,ES,Towers with Radar,25,10,35,7,77,0,1,62,3,66,25,11,97,10,143,37,15,52,195
06/10/2015,SRQ,FL,ASO,ES,Towers with Radar,26,15,50,2,93,0,0,56,0,56,26,15,106,2,149,81,0,81,230
06/11/2015,SRQ,FL,ASO,ES,Towers with Radar,26,25,53,6,110,0,0,89,0,89,26,25,142,6,199,24,0,24,223
06/12/2015,SRQ,FL,ASO,ES,Towers with Radar,26,15,50,0,91,0,0,98,0,98,26,15,148,0,189,34,0,34,223
06/13/2015,SRQ,FL,ASO,ES,Towers with Radar,29,20,42,0,91,0,2,94,1,97,29,22,136,1,188,59,0,59,247
06/14/2015,SRQ,FL,ASO,ES,Towers with Radar,27,31,36,0,94,0,3,90,1,94,27,34,126,1,188,52,0,52,240
06/15/2015,SRQ,FL,ASO,ES,Towers with Radar,25,12,34,2,73,0,0,85,2,87,25,12,119,4,160,24,2,26,186
06/16/2015,SRQ,FL,ASO,ES,Towers with Radar,26,7,45,0,78,0,1,97,0,98,26,8,142,0,176,62,0,62,238
06/17/2015,SRQ,FL,ASO,ES,Towers with Radar,24,14,33,2,73,0,0,85,0,85,24,14,118,2,158,80,0,80,238
06/18/2015,SRQ,FL,ASO,ES,Towers with Radar,26,10,35,8,79,0,3,83,0,86,26,13,118,8,165,113,0,113,278
06/19/2015,SRQ,FL,ASO,ES,Towers with Radar,25,11,38,0,74,0,0,50,0,50,25,11,88,0,124,61,0,61,185
06/20/2015,SRQ,FL,ASO,ES,Towers with Radar,28,14,32,0,74,0,0,86,0,86,28,14,118,0,160,25,0,25,185
06/21/2015,SRQ,FL,ASO,ES,Towers with Radar,28,15,35,0,78,0,0,62,1,63,28,15,97,1,141,10,0,10,151
06/22/2015,SRQ,FL,ASO,ES,Towers with Radar,28,14,49,0,91,0,4,81,0,85,28,18,130,0,176,72,0,72,248
06/23/2015,SRQ,FL,ASO,ES,Towers with Radar,25,10,38,0,73,0,0,74,0,74,25,10,112,0,147,78,0,78,225
06/24/2015,SRQ,FL,ASO,ES,Towers with Radar,25,16,44,0,85,0,0,99,2,101,25,16,143,2,186,152,0,152,338
06/25/2015,SRQ,FL,ASO,ES,Towers with Radar,34,17,57,8,116,0,0,68,0,68,34,17,125,8,184,48,0,48,232
06/26/2015,SRQ,FL,ASO,ES,Towers with Radar,26,16,48,7,97,0,0,94,4,98,26,16,142,11,195,50,0,50,245
06/27/2015,SRQ,FL,ASO,ES,Towers with Radar,29,12,53,0,94,0,5,85,0,90,29,17,138,0,184,91,0,91,275
06/28/2015,SRQ,FL,ASO,ES,Towers with Radar,28,25,39,0,92,0,0,63,0,63,28,25,102,0,155,3,0,3,158
06/29/2015,SRQ,FL,ASO,ES,Towers with Radar,28,23,44,3,98,0,2,58,11,71,28,25,102,14,169,30,14,44,213
06/30/2015,SRQ,FL,ASO,ES,Towers with Radar,26,19,60,10,115,0,2,85,6,93,26,21,145,16,208,133,0,133,341
07/01/2015,SRQ,FL,ASO,ES,Towers with Radar,25,16,46,4,91,0,2,71,2,75,25,18,117,6,166,105,0,105,271
07/02/2015,SRQ,FL,ASO,ES,Towers with Radar,27,20,46,8,101,0,0,71,0,71,27,20,117,8,172,65,7,72,244
07/03/2015,SRQ,FL,ASO,ES,Towers with Radar,25,15,34,0,74,0,0,113,0,113,25,15,147,0,187,78,0,78,265
07/04/2015,SRQ,FL,ASO,ES,Towers with Radar,26,11,28,0,65,0,3,74,0,77,26,14,102,0,142,48,0,48,190
07/05/2015,SRQ,FL,ASO,ES,Towers with Radar,28,11,37,0,76,0,2,75,1,78,28,13,112,1,154,31,0,31,185
07/06/2015,SRQ,FL,ASO,ES,Towers with Radar,26,15,40,0,81,0,0,73,0,73,26,15,113,0,154,64,0,64,218
07/07/2015,SRQ,FL,ASO,ES,Towers with Radar,26,10,20,2,58,0,2,54,0,56,26,12,74,2,114,73,0,73,187
07/08/2015,SRQ,FL,ASO,ES,Towers with Radar,24,8,40,0,72,0,2,76,0,78,24,10,116,0,150,51,0,51,201
07/09/2015,SRQ,FL,ASO,ES,Towers with Radar,28,7,41,0,76,0,4,80,0,84,28,11,121,0,160,111,0,111,271
07/10/2015,SRQ,FL,ASO,ES,Towers with Radar,26,17,49,4,96,0,0,100,0,100,26,17,149,4,196,61,0,61,257
07/11/2015,SRQ,FL,ASO,ES,Towers with Radar,30,11,53,7,101,0,0,87,0,87,30,11,140,7,188,46,4,50,238
07/12/2015,SRQ,FL,ASO,ES,Towers with Radar,26,12,33,0,71,0,0,35,0,35,26,12,68,0,106,24,0,24,130
07/13/2015,SRQ,FL,ASO,ES,Towers with Radar,23,9,44,10,86,0,4,81,5,90,23,13,125,15,176,177,0,177,353
07/14/2015,SRQ,FL,ASO,ES,Towers with Radar,25,16,30,8,79,0,0,62,0,62,25,16,92,8,141,96,0,96,237
07/15/2015,SRQ,FL,ASO,ES,Towers with Radar,25,9,51,0,85,0,3,57,0,60,25,12,108,0,145,116,0,116,261
07/16/2015,SRQ,FL,ASO,ES,Towers with Radar,28,11,51,0,90,0,2,35,0,37,28,13,86,0,127,18,0,18,145
07/17/2015,SRQ,FL,ASO,ES,Towers with Radar,26,12,40,0,78,0,0,17,0,17,26,12,57,0,95,10,0,10,105
07/18/2015,SRQ,FL,ASO,ES,Towers with Radar,26,8,48,2,84,0,2,51,0,53,26,10,99,2,137,82,0,82,219
07/19/2015,SRQ,FL,ASO,ES,Towers with Radar,27,11,38,1,77,0,9,60,1,70,27,20,98,2,147,44,0,44,191
07/20/2015,SRQ,FL,ASO,ES,Towers with Radar,26,12,36,1,75,0,2,97,4,103,26,14,133,5,178,84,2,86,264
07/21/2015,SRQ,FL,ASO,ES,Towers with Radar,25,11,48,2,86,0,1,90,0,91,25,12,138,2,177,49,0,49,226
07/22/2015,SRQ,FL,ASO,ES,Towers with Radar,25,11,50,9,95,0,1,91,7,99,25,12,141,16,194,105,13,118,312
07/23/2015,SRQ,FL,ASO,ES,Towers with Radar,28,14,76,8,126,0,0,62,4,66,28,14,138,12,192,50,0,50,242
07/24/2015,SRQ,FL,ASO,ES,Towers with Radar,25,17,54,8,104,0,0,28,0,28,25,17,82,8,132,46,0,46,178
07/25/2015,SRQ,FL,ASO,ES,Towers with Radar,30,19,11,0,60,0,0,11,0,11,30,19,22,0,71,57,0,57,128
07/26/2015,SRQ,FL,ASO,ES,Towers with Radar,26,20,24,0,70,0,0,25,0,25,26,20,49,0,95,39,0,39,134
07/27/2015,SRQ,FL,ASO,ES,Towers with Radar,25,8,29,0,62,0,0,19,2,21,25,8,48,2,83,0,0,0,83
07/28/2015,SRQ,FL,ASO,ES,Towers with Radar,26,10,44,0,80,0,0,43,0,43,26,10,87,0,123,37,0,37,160
07/29/2015,SRQ,FL,ASO,ES,Towers with Radar,28,15,46,2,91,0,0,65,0,65,28,15,111,2,156,134,0,134,290
07/30/2015,SRQ,FL,ASO,ES,Towers with Radar,26,10,51,0,87,0,0,50,0,50,26,10,101,0,137,63,0,63,200
07/31/2015,SRQ,FL,ASO,ES,Towers with Radar,27,11,49,0,87,0,0,69,0,69,27,11,118,0,156,72,0,72,228
08/01/2015,SRQ,FL,ASO,ES,Towers with Radar,42,5,30,0,77,0,0,45,0,45,42,5,75,0,122,77,0,77,199
08/02/2015,SRQ,FL,ASO,ES,Towers with Radar,26,15,41,0,82,0,0,22,1,23,26,15,63,1,105,14,0,14,119
08/03/2015,SRQ,FL,ASO,ES,Towers with Radar,26,10,32,2,70,0,0,27,0,27,26,10,59,2,97,32,0,32,129
08/04/2015,SRQ,FL,ASO,ES,Towers with Radar,26,10,56,0,92,0,3,102,1,106,26,13,158,1,198,163,0,163,361
08/05/2015,SRQ,FL,ASO,ES,Towers with Radar,26,20,49,6,101,0,0,98,6,104,26,20,147,12,205,74,3,77,282
08/06/2015,SRQ,FL,ASO,ES,Towers with Radar,27,10,44,17,98,0,0,76,0,76,27,10,120,17,174,82,0,82,256
08/07/2015,SRQ,FL,ASO,ES,Towers with Radar,26,9,60,20,115,0,2,98,1,101,26,11,158,21,216,111,2,113,329
08/08/2015,SRQ,FL,ASO,ES,Towers with Radar,30,13,41,0,84,0,0,50,2,52,30,13,91,2,136,84,0,84,220
08/09/2015,SRQ,FL,ASO,ES,Towers with Radar,28,18,65,2,113,0,0,91,1,92,28,18,156,3,205,54,0,54,259
08/10/2015,SRQ,FL,ASO,ES,Towers with Radar,27,6,45,0,78,0,0,86,0,86,27,6,131,0,164,82,0,82,246
08/11/2015,SRQ,FL,ASO,ES,Towers with Radar,26,9,77,0,112,0,3,95,0,98,26,12,172,0,210,98,0,98,308
08/12/2015,SRQ,FL,ASO,ES,Towers with Radar,28,11,53,6,98,0,4,95,14,113,28,15,148,20,211,92,14,106,317
08/13/2015,SRQ,FL,ASO,ES,Towers with Radar,36,12,86,4,138,0,0,53,0,53,36,12,139,4,191,54,0,54,245
08/14/2015,SRQ,FL,ASO,ES,Towers with Radar,26,14,50,6,96,0,1,78,0,79,26,15,128,6,175,75,0,75,250
08/15/2015,SRQ,FL,ASO,ES,Towers with Radar,28,13,41,4,86,0,3,95,0,98,28,16,136,4,184,93,0,93,277
08/16/2015,SRQ,FL,ASO,ES,Towers with Radar,28,17,36,2,83,0,0,60,0,60,28,17,96,2,143,71,0,71,214
08/17/2015,SRQ,FL,ASO,ES,Towers with Radar,24,18,36,4,82,0,0,81,0,81,24,18,117,4,163,102,0,102,265
08/18/2015,SRQ,FL,ASO,ES,Towers with Radar,24,6,34,2,66,0,0,76,0,76,24,6,110,2,142,49,0,49,191
08/19/2015,SRQ,FL,ASO,ES,Towers with Radar,21,13,45,7,86,0,0,92,1,93,21,13,137,8,179,82,2,84,263
08/20/2015,SRQ,FL,ASO,ES,Towers with Radar,26,10,40,0,76,0,2,97,0,99,26,12,137,0,175,72,0,72,247
08/21/2015,SRQ,FL,ASO,ES,Towers with Radar,24,14,55,2,95,0,2,72,0,74,24,16,127,2,169,43,0,43,212
08/22/2015,SRQ,FL,ASO,ES,Towers with Radar,26,19,32,5,82,0,0,99,1,100,26,19,131,6,182,56,0,56,238
08/23/2015,SRQ,FL,ASO,ES,Towers with Radar,26,11,29,0,66,0,0,51,0,51,26,11,80,0,117,47,0,47,164
08/24/2015,SRQ,FL,ASO,ES,Towers with Radar,24,8,39,4,75,0,2,72,0,74,24,10,111,4,149,30,0,30,179
08/25/2015,SRQ,FL,ASO,ES,Towers with Radar,24,9,43,10,86,0,2,97,1,100,24,11,140,11,186,74,0,74,260
08/26/2015,SRQ,FL,ASO,ES,Towers with Radar,27,11,53,7,98,0,0,83,4,87,27,11,136,11,185,84,3,87,272
08/27/2015,SRQ,FL,ASO,ES,Towers with Radar,27,10,46,2,85,0,4,37,0,41,27,14,83,2,126,50,0,50,176
08/28/2015,SRQ,FL,ASO,ES,Towers with Radar,24,10,39,4,77,0,2,71,0,73,24,12,110,4,150,62,0,62,212
08/29/2015,SRQ,FL,ASO,ES,Towers with Radar,26,8,35,0,69,0,0,77,0,77,26,8,112,0,146,72,0,72,218
08/30/2015,SRQ,FL,ASO,ES,Towers with Radar,26,8,27,0,61,0,2,26,0,28,26,10,53,0,89,9,0,9,98
08/31/2015,SRQ,FL,ASO,ES,Towers with Radar,24,5,24,8,61,0,1,31,3,35,24,6,55,11,96,32,0,32,128
09/01/2015,SRQ,FL,ASO,ES,Towers with Radar,24,10,52,0,86,0,0,70,0,70,24,10,122,0,156,84,0,84,240
09/02/2015,SRQ,FL,ASO,ES,Towers with Radar,24,9,50,0,83,0,0,118,0,118,24,9,168,0,201,99,0,99,300
09/03/2015,SRQ,FL,ASO,ES,Towers with Radar,24,13,76,0,113,0,3,113,0,116,24,16,189,0,229,92,0,92,321
09/04/2015,SRQ,FL,ASO,ES,Towers with Radar,24,19,61,0,104,0,2,99,14,115,24,21,160,14,219,67,12,79,298
09/05/2015,SRQ,FL,ASO,ES,Towers with Radar,27,11,52,0,90,0,0,102,0,102,27,11,154,0,192,49,0,49,241
09/06/2015,SRQ,FL,ASO,ES,Towers with Radar,19,7,27,1,54,0,2,48,0,50,19,9,75,1,104,8,0,8,112
09/07/2015,SRQ,FL,ASO,ES,Towers with Radar,20,15,54,1,90,0,1,31,0,32,20,16,85,1,122,2,0,2,124
09/08/2015,SRQ,FL,ASO,ES,Towers with Radar,22,13,83,0,118,0,0,60,2,62,22,13,143,2,180,106,0,106,286
09/09/2015,SRQ,FL,ASO,ES,Towers with Radar,24,7,65,10,106,0,0,104,3,107,24,7,169,13,213,42,0,42,255
09/10/2015,SRQ,FL,ASO,ES,Towers with Radar,23,17,77,3,120,0,6,108,0,114,23,23,185,3,234,80,0,80,314
09/11/2015,SRQ,FL,ASO,ES,Towers with Radar,26,9,82,40,157,0,5,108,0,113,26,14,190,40,270,103,0,103,373
09/12/2015,SRQ,FL,ASO,ES,Towers with Radar,25,13,38,0,76,0,1,38,0,39,25,14,76,0,115,96,0,96,211
09/13/2015,SRQ,FL,ASO,ES,Towers with Radar,24,20,64,18,126,0,3,58,2,63,24,23,122,20,189,78,0,78,267
09/14/2015,SRQ,FL,ASO,ES,Towers with Radar,26,18,80,2,126,0,2,104,1,107,26,20,184,3,233,52,0,52,285
09/15/2015,SRQ,FL,ASO,ES,Towers with Radar,24,7,60,10,101,0,2,62,6,70,24,9,122,16,171,70,0,70,241
09/16/2015,SRQ,FL,ASO,ES,Towers with Radar,26,11,36,0,73,0,0,48,6,54,26,11,84,6,127,74,0,74,201
09/17/2015,SRQ,FL,ASO,ES,Towers with Radar,26,7,64,1,98,0,0,21,0,21,26,7,85,1,119,35,0,35,154
09/18/2015,SRQ,FL,ASO,ES,Towers with Radar,24,19,65,0,108,0,0,64,0,64,24,19,129,0,172,88,0,88,260
09/19/2015,SRQ,FL,ASO,ES,Towers with Radar,26,17,44,12,99,0,0,124,0,124,26,17,168,12,223,156,0,156,379
09/20/2015,SRQ,FL,ASO,ES,Towers with Radar,25,21,45,0,91,0,2,76,0,78,25,23,121,0,169,33,0,33,202
09/21/2015,SRQ,FL,ASO,ES,Towers with Radar,23,14,64,0,101,0,4,97,0,101,23,18,161,0,202,55,0,55,257
09/22/2015,SRQ,FL,ASO,ES,Towers with Radar,24,15,65,0,104,0,2,95,1,98,24,17,160,1,202,53,0,53,255
09/23/2015,SRQ,FL,ASO,ES,Towers with Radar,28,9,72,6,115,0,1,102,0,103,28,10,174,6,218,113,0,113,331
09/24/2015,SRQ,FL,ASO,ES,Towers with Radar,26,14,68,2,110,0,0,94,0,94,26,14,162,2,204,53,0,53,257
09/25/2015,SRQ,FL,ASO,ES,Towers with Radar,28,22,47,13,110,0,1,97,5,103,28,23,144,18,213,82,6,88,301
09/26/2015,SRQ,FL,ASO,ES,Towers with Radar,27,9,53,0,89,0,4,96,0,100,27,13,149,0,189,71,0,71,260
09/27/2015,SRQ,FL,ASO,ES,Towers with Radar,27,17,42,0,86,0,0,37,0,37,27,17,79,0,123,24,0,24,147
09/28/2015,SRQ,FL,ASO,ES,Towers with Radar,26,12,51,4,93,0,2,52,0,54,26,14,103,4,147,72,0,72,219
09/29/2015,SRQ,FL,ASO,ES,Towers with Radar,24,13,51,0,88,0,2,38,0,40,24,15,89,0,128,86,0,86,214
09/30/2015,SRQ,FL,ASO,ES,Towers with Radar,26,19,69,0,114,0,5,116,2,123,26,24,185,2,237,34,0,34,271
10/01/2015,SRQ,FL,ASO,ES,Towers with Radar,29,12,59,0,100,0,0,79,0,79,29,12,138,0,179,144,0,144,323
10/02/2015,SRQ,FL,ASO,ES,Towers with Radar,27,21,55,19,122,0,4,57,1,62,27,25,112,20,184,34,0,34,218
10/03/2015,SRQ,FL,ASO,ES,Towers with Radar,31,17,44,2,94,0,5,74,0,79,31,22,118,2,173,58,0,58,231
10/04/2015,SRQ,FL,ASO,ES,Towers with Radar,31,8,35,0,74,0,0,36,1,37,31,8,71,1,111,5,0,5,116
10/05/2015,SRQ,FL,ASO,ES,Towers with Radar,29,19,68,5,121,0,3,54,1,58,29,22,122,6,179,16,0,16,195
10/06/2015,SRQ,FL,ASO,ES,Towers with Radar,30,14,79,4,127,0,2,94,0,96,30,16,173,4,223,46,0,46,269
10/07/2015,SRQ,FL,ASO,ES,Towers with Radar,30,17,60,4,111,0,0,116,1,117,30,17,176,5,228,115,0,115,343
10/08/2015,SRQ,FL,ASO,ES,Towers with Radar,30,19,60,2,111,0,0,81,10,91,30,19,141,12,202,103,0,103,305
10/09/2015,SRQ,FL,ASO,ES,Towers with Radar,28,17,71,2,118,0,1,109,0,110,28,18,180,2,228,80,0,80,308
10/10/2015,SRQ,FL,ASO,ES,Towers with Radar,31,10,77,0,118,0,3,74,0,77,31,13,151,0,195,154,0,154,349
10/11/2015,SRQ,FL,ASO,ES,Towers with Radar,29,19,60,0,108,0,10,53,4,67,29,29,113,4,175,46,0,46,221
10/12/2015,SRQ,FL,ASO,ES,Towers with Radar,30,18,57,0,105,0,2,92,1,95,30,20,149,1,200,53,0,53,253
10/13/2015,SRQ,FL,ASO,ES,Towers with Radar,29,15,75,1,120,0,1,93,1,95,29,16,168,2,215,99,0,99,314
10/14/2015,SRQ,FL,ASO,ES,Towers with Radar,28,24,66,2,120,0,4,104,0,108,28,28,170,2,228,95,0,95,323
10/15/2015,SRQ,FL,ASO,ES,Towers with Radar,30,23,91,4,148,0,3,108,0,111,30,26,199,4,259,118,0,118,377
10/16/2015,SRQ,FL,ASO,ES,Towers with Radar,30,19,71,0,120,0,2,93,0,95,30,21,164,0,215,80,0,80,295
10/17/2015,SRQ,FL,ASO,ES,Towers with Radar,31,19,33,2,85,0,2,172,0,174,31,21,205,2,259,103,0,103,362
10/18/2015,SRQ,FL,ASO,ES,Towers with Radar,29,22,72,6,129,0,0,76,3,79,29,22,148,9,208,71,0,71,279
10/19/2015,SRQ,FL,ASO,ES,Towers with Radar,30,12,52,0,94,0,0,40,0,40,30,12,92,0,134,22,0,22,156
10/20/2015,SRQ,FL,ASO,ES,Towers with Radar,31,18,69,12,130,0,0,68,2,70,31,18,137,14,200,28,0,28,228
10/21/2015,SRQ,FL,ASO,ES,Towers with Radar,30,15,59,0,104,0,7,98,0,105,30,22,157,0,209,116,0,116,325
10/22/2015,SRQ,FL,ASO,ES,Towers with Radar,32,19,81,0,132,0,4,90,0,94,32,23,171,0,226,31,0,31,257
10/23/2015,SRQ,FL,ASO,ES,Towers with Radar,30,22,94,2,148,0,0,84,0,84,30,22,178,2,232,88,0,88,320
10/24/2015,SRQ,FL,ASO,ES,Towers with Radar,30,16,41,1,88,0,3,119,0,122,30,19,160,1,210,52,0,52,262
10/25/2015,SRQ,FL,ASO,ES,Towers with Radar,28,20,74,0,122,0,2,73,0,75,28,22,147,0,197,32,0,32,229
10/26/2015,SRQ,FL,ASO,ES,Towers with Radar,29,20,53,12,114,0,0,72,1,73,29,20,125,13,187,37,0,37,224
10/27/2015,SRQ,FL,ASO,ES,Towers with Radar,27,16,61,4,108,0,0,26,0,26,27,16,87,4,134,15,0,15,149
10/28/2015,SRQ,FL,ASO,ES,Towers with Radar,27,14,52,4,97,0,0,47,0,47,27,14,99,4,144,46,0,46,190
10/29/2015,SRQ,FL,ASO,ES,Towers with Radar,36,17,75,0,128,0,2,106,0,108,36,19,181,0,236,67,0,67,303
10/30/2015,SRQ,FL,ASO,ES,Towers with Radar,29,24,72,4,129,0,5,123,3,131,29,29,195,7,260,30,12,42,302
10/31/2015,SRQ,FL,ASO,ES,Towers with Radar,30,15,57,1,103,0,1,122,3,126,30,16,179,4,229,68,0,68,297
11/01/2015,SRQ,FL,ASO,ES,Towers with Radar,32,27,54,0,113,0,2,70,0,72,32,29,124,0,185,65,0,65,250
11/02/2015,SRQ,FL,ASO,ES,Towers with Radar,30,23,66,5,124,0,1,85,7,93,30,24,151,12,217,68,0,68,285
11/03/2015,SRQ,FL,ASO,ES,Towers with Radar,30,24,74,4,132,0,4,102,0,106,30,28,176,4,238,68,0,68,306
11/04/2015,SRQ,FL,ASO,ES,Towers with Radar,34,29,73,0,136,0,0,51,1,52,34,29,124,1,188,58,0,58,246
11/05/2015,SRQ,FL,ASO,ES,Towers with Radar,31,31,77,10,149,0,2,109,13,124,31,33,186,23,273,71,25,96,369
11/06/2015,SRQ,FL,ASO,ES,Towers with Radar,29,20,80,14,143,0,3,107,12,122,29,23,187,26,265,106,8,114,379
11/07/2015,SRQ,FL,ASO,ES,Towers with Radar,33,9,50,0,92,0,6,145,0,151,33,15,195,0,243,111,0,111,354
11/08/2015,SRQ,FL,ASO,ES,Towers with Radar,30,35,76,2,143,0,3,69,1,73,30,38,145,3,216,48,0,48,264
11/09/2015,SRQ,FL,ASO,ES,Towers with Radar,29,22,47,4,102,0,2,82,0,84,29,24,129,4,186,125,0,125,311
11/10/2015,SRQ,FL,ASO,ES,Towers with Radar,30,18,79,0,127,0,4,101,2,107,30,22,180,2,234,116,2,118,352
11/11/2015,SRQ,FL,ASO,ES,Towers with Radar,32,23,83,8,146,0,6,72,0,78,32,29,155,8,224,92,0,92,316
11/12/2015,SRQ,FL,ASO,ES,Towers with Radar,32,23,66,20,141,0,2,130,2,134,32,25,196,22,275,91,0,91,366
11/13/2015,SRQ,FL,ASO,ES,Towers with Radar,30,18,82,7,137,0,3,101,0,104,30,21,183,7,241,89,0,89,330
11/14/2015,SRQ,FL,ASO,ES,Towers with Radar,34,23,44,3,104,0,3,121,0,124,34,26,165,3,228,105,0,105,333
11/15/2015,SRQ,FL,ASO,ES,Towers with Radar,30,35,71,4,140,0,2,45,1,48,30,37,116,5,188,57,0,57,245
11/16/2015,SRQ,FL,ASO,ES,Towers with Radar,28,19,59,4,110,0,3,124,12,139,28,22,183,16,249,30,10,40,289
11/17/2015,SRQ,FL,ASO,ES,Towers with Radar,29,19,57,6,111,0,0,87,2,89,29,19,144,8,200,60,0,60,260
11/18/2015,SRQ,FL,ASO,ES,Towers with Radar,31,9,55,4,99,0,7,92,4,103,31,16,147,8,202,106,2,108,310
11/19/2015,SRQ,FL,ASO,ES,Towers with Radar,32,16,73,0,121,0,4,50,0,54,32,20,123,0,175,66,0,66,241
11/20/2015,SRQ,FL,ASO,ES,Towers with Radar,30,33,83,21,167,0,3,34,3,40,30,36,117,24,207,40,0,40,247
11/21/2015,SRQ,FL,ASO,ES,Towers with Radar,33,19,61,0,113,0,3,129,1,133,33,22,190,1,246,88,0,88,334
11/22/2015,SRQ,FL,ASO,ES,Towers with Radar,31,33,70,4,138,0,0,17,0,17,31,33,87,4,155,80,0,80,235
11/23/2015,SRQ,FL,ASO,ES,Towers with Radar,28,25,97,6,156,0,5,118,0,123,28,30,215,6,279,75,2,77,356
11/24/2015,SRQ,FL,ASO,ES,Towers with Radar,30,54,76,0,160,0,0,109,0,109,30,54,185,0,269,0,0,0,269
11/25/2015,SRQ,FL,ASO,ES,Towers with Radar,32,38,106,0,176,0,3,97,3,103,32,41,203,3,279,106,0,106,385
11/26/2015,SRQ,FL,ASO,ES,Towers with Radar,27,4,18,0,49,0,0,34,1,35,27,4,52,1,84,14,0,14,98
11/27/2015,SRQ,FL,ASO,ES,Towers with Radar,28,17,35,0,80,0,7,67,0,74,28,24,102,0,154,46,0,46,200
11/28/2015,SRQ,FL,ASO,ES,Towers with Radar,38,38,86,0,162,0,0,123,0,123,38,38,209,0,285,116,0,116,401
11/29/2015,SRQ,FL,ASO,ES,Towers with Radar,34,41,111,0,186,0,0,94,0,94,34,41,205,0,280,149,0,149,429
11/30/2015,SRQ,FL,ASO,ES,Towers with Radar,30,28,110,0,168,0,0,101,0,101,30,28,211,0,269,53,0,53,322
12/01/2015,SRQ,FL,ASO,ES,Towers with Radar,28,37,39,13,117,0,7,97,1,105,28,44,136,14,222,192,0,192,414
12/02/2015,SRQ,FL,ASO,ES,Towers with Radar,32,27,71,6,136,0,3,103,0,106,32,30,174,6,242,93,0,93,335
12/03/2015,SRQ,FL,ASO,ES,Towers with Radar,32,24,67,3,126,0,0,29,3,32,32,24,96,6,158,146,0,146,304
12/04/2015,SRQ,FL,ASO,ES,Towers with Radar,32,14,108,4,158,0,0,36,1,37,32,14,144,5,195,60,0,60,255
12/05/2015,SRQ,FL,ASO,ES,Towers with Radar,30,25,50,3,108,0,0,96,0,96,30,25,146,3,204,97,0,97,301
12/06/2015,SRQ,FL,ASO,ES,Towers with Radar,30,16,56,2,104,0,0,77,0,77,30,16,133,2,181,52,0,52,233
12/07/2015,SRQ,FL,ASO,ES,Towers with Radar,28,22,70,1,121,0,4,58,3,65,28,26,128,4,186,118,0,118,304
12/08/2015,SRQ,FL,ASO,ES,Towers with Radar,28,22,79,2,131,0,2,90,0,92,28,24,169,2,223,150,0,150,373
12/09/2015,SRQ,FL,ASO,ES,Towers with Radar,32,22,70,4,128,0,2,114,0,116,32,24,184,4,244,66,0,66,310
12/10/2015,SRQ,FL,ASO,ES,Towers with Radar,32,19,70,7,128,0,9,113,0,122,32,28,183,7,250,76,0,76,326
12/11/2015,SRQ,FL,ASO,ES,Towers with Radar,30,26,67,6,129,0,5,113,0,118,30,31,180,6,247,55,0,55,302
12/12/2015,SRQ,FL,ASO,ES,Towers with Radar,30,16,42,0,88,0,4,125,1,130,30,20,167,1,218,156,0,156,374
12/13/2015,SRQ,FL,ASO,ES,Towers with Radar,30,26,60,11,127,0,2,56,0,58,30,28,116,11,185,68,0,68,253
12/14/2015,SRQ,FL,ASO,ES,Towers with Radar,30,22,51,5,108,0,2,72,1,75,30,24,123,6,183,120,0,120,303
12/15/2015,SRQ,FL,ASO,ES,Towers with Radar,30,23,65,2,120,0,0,71,0,71,30,23,136,2,191,206,0,206,397
12/16/2015,SRQ,FL,ASO,ES,Towers with Radar,32,18,48,6,104,0,8,104,0,112,32,26,152,6,216,102,0,102,318
12/17/2015,SRQ,FL,ASO,ES,Towers with Radar,38,15,78,24,155,0,2,71,0,73,38,17,149,24,228,60,0,60,288
12/18/2015,SRQ,FL,ASO,ES,Towers with Radar,40,17,49,4,110,0,0,27,0,27,40,17,76,4,137,59,0,59,196
12/19/2015,SRQ,FL,ASO,ES,Towers with Radar,43,15,35,3,96,0,2,109,3,114,43,17,144,6,210,78,0,78,288
12/20/2015,SRQ,FL,ASO,ES,Towers with Radar,42,22,49,35,148,0,2,75,10,87,42,24,124,45,235,57,34,91,326
12/21/2015,SRQ,FL,ASO,ES,Towers with Radar,40,19,60,13,132,0,2,84,1,87,40,21,144,14,219,36,8,44,263
12/22/2015,SRQ,FL,ASO,ES,Towers with Radar,40,20,47,2,109,0,0,72,0,72,40,20,119,2,181,110,16,126,307
12/23/2015,SRQ,FL,ASO,ES,Towers with Radar,39,20,49,2,110,0,2,43,0,45,39,22,92,2,155,87,0,87,242
12/24/2015,SRQ,FL,ASO,ES,Towers with Radar,35,10,20,0,65,0,4,23,0,27,35,14,43,0,92,72,0,72,164
12/25/2015,SRQ,FL,ASO,ES,Towers with Radar,38,16,21,0,75,0,0,13,0,13,38,16,34,0,88,0,0,0,88
12/26/2015,SRQ,FL,ASO,ES,Towers with Radar,43,35,106,0,184,0,0,89,0,89,43,35,195,0,273,56,0,56,329
12/27/2015,SRQ,FL,ASO,ES,Towers with Radar,42,42,65,0,149,0,4,70,1,75,42,46,135,1,224,114,0,114,338
12/28/2015,SRQ,FL,ASO,ES,Towers with Radar,37,29,89,0,155,0,0,87,0,87,37,29,176,0,242,70,0,70,312
12/29/2015,SRQ,FL,ASO,ES,Towers with Radar,39,32,85,6,162,0,1,119,0,120,39,33,204,6,282,84,0,84,366
12/30/2015,SRQ,FL,ASO,ES,Towers with Radar,39,28,103,10,180,0,0,87,0,87,39,28,190,10,267,48,4,52,319
12/31/2015,SRQ,FL,ASO,ES,Towers with Radar,35,20,39,10,104,0,2,56,0,58,35,22,95,10,162,46,0,46,208
01/01/2016,SRQ,FL,ASO,ES,Towers with Radar,37,23,42,0,102,0,2,61,1,64,37,25,103,1,166,38,0,38,204
01/02/2016,SRQ,FL,ASO,ES,Towers with Radar,43,45,117,0,205,0,0,21,0,21,43,45,138,0,226,4,0,4,230
01/03/2016,SRQ,FL,ASO,ES,Towers with Radar,43,35,83,0,161,0,0,2,0,2,43,35,85,0,163,0,0,0,163
01/04/2016,SRQ,FL,ASO,ES,Towers with Radar,41,25,72,14,152,0,3,102,2,107,41,28,174,16,259,70,12,82,341
01/05/2016,SRQ,FL,ASO,ES,Towers with Radar,38,25,53,0,116,0,9,70,0,79,38,34,123,0,195,76,0,76,271
01/06/2016,SRQ,FL,ASO,ES,Towers with Radar,40,19,79,4,142,0,0,62,0,62,40,19,141,4,204,52,0,52,256
01/07/2016,SRQ,FL,ASO,ES,Towers with Radar,38,14,95,2,149,0,2,53,0,55,38,16,148,2,204,40,0,40,244
01/08/2016,SRQ,FL,ASO,ES,Towers with Radar,39,20,77,20,156,0,0,81,0,81,39,20,158,20,237,44,8,52,289
01/09/2016,SRQ,FL,ASO,ES,Towers with Radar,40,10,39,0,89,0,2,45,0,47,40,12,84,0,136,76,0,76,212
01/10/2016,SRQ,FL,ASO,ES,Towers with Radar,41,23,55,0,119,0,1,78,0,79,41,24,133,0,198,39,0,39,237
01/11/2016,SRQ,FL,ASO,ES,Towers with Radar,34,18,49,8,109,0,4,120,1,125,34,22,169,9,234,96,0,96,330
01/12/2016,SRQ,FL,ASO,ES,Towers with Radar,37,14,74,5,130,0,2,142,1,145,37,16,216,6,275,110,0,110,385
01/13/2016,SRQ,FL,ASO,ES,Towers with Radar,38,13,79,6,136,0,4,136,17,157,38,17,215,23,293,123,12,135,428
01/14/2016,SRQ,FL,ASO,ES,Towers with Radar,37,23,75,10,145,0,0,96,20,116,37,23,171,30,261,84,12,96,357
01/15/2016,SRQ,FL,ASO,ES,Towers with Radar,41,22,57,2,122,0,2,38,0,40,41,24,95,2,162,44,0,44,206
01/16/2016,SRQ,FL,ASO,ES,Towers with Radar,37,26,70,4,137,0,5,194,6,205,37,31,264,10,342,130,0,130,472
01/17/2016,SRQ,FL,ASO,ES,Towers with Radar,38,11,33,0,82,0,1,18,0,19,38,12,51,0,101,0,0,0,101
01/18/2016,SRQ,FL,ASO,ES,Towers with Radar,36,29,128,0,193,0,2,137,0,139,36,31,265,0,332,98,0,98,430
01/19/2016,SRQ,FL,ASO,ES,Towers with Radar,36,14,85,2,137,0,1,98,12,111,36,15,183,14,248,113,0,113,361
01/20/2016,SRQ,FL,ASO,ES,Towers with Radar,38,11,70,4,123,0,2,118,0,120,38,13,188,4,243,113,0,113,356
01/21/2016,SRQ,FL,ASO,ES,Towers with Radar,35,14,98,13,160,0,2,142,20,164,35,16,240,33,324,127,22,149,473
01/22/2016,SRQ,FL,ASO,ES,Towers with Radar,28,13,42,2,85,0,0,9,0,9,28,13,51,2,94,8,0,8,102
01/23/2016,SRQ,FL,ASO,ES,Towers with Radar,26,14,32,0,72,0,3,16,0,19,26,17,48,0,91,0,0,0,91
01/24/2016,SRQ,FL,ASO,ES,Towers with Radar,34,15,60,0,109,0,7,130,1,138,34,22,190,1,247,84,0,84,331
01/25/2016,SRQ,FL,ASO,ES,Towers with Radar,35,24,88,4,151,0,3,129,0,132,35,27,217,4,283,38,0,38,321
01/26/2016,SRQ,FL,ASO,ES,Towers with Radar,36,16,87,4,143,0,3,158,0,161,36,19,245,4,304,172,0,172,476
01/27/2016,SRQ,FL,ASO,ES,Towers with Radar,37,13,58,0,108,0,0,6,0,6,37,13,64,0,114,16,0,16,130
01/28/2016,SRQ,FL,ASO,ES,Towers with Radar,37,24,82,0,143,0,1,6,0,7,37,25,88,0,150,22,0,22,172
01/29/2016,SRQ,FL,ASO,ES,Towers with Radar,40,23,94,0,157,0,0,125,0,125,40,23,219,0,282,67,0,67,349
01/30/2016,SRQ,FL,ASO,ES,Towers with Radar,40,20,80,4,144,0,0,205,0,205,40,20,285,4,349,168,0,168,517
01/31/2016,SRQ,FL,ASO,ES,Towers with Radar,44,23,78,0,145,0,13,114,0,127,44,36,192,0,272,78,0,78,350
02/01/2016,SRQ,FL,ASO,ES,Towers with Radar,36,23,96,0,155,0,2,109,1,112,36,25,205,1,267,101,0,101,368
02/02/2016,SRQ,FL,ASO,ES,Towers with Radar,36,22,89,3,150,0,0,93,2,95,36,22,182,5,245,120,0,120,365
02/03/2016,SRQ,FL,ASO,ES,Towers with Radar,38,22,71,10,141,0,4,95,2,101,38,26,166,12,242,85,3,88,330
02/04/2016,SRQ,FL,ASO,ES,Towers with Radar,35,22,72,2,131,0,0,19,7,26,35,22,91,9,157,38,6,44,201
02/05/2016,SRQ,FL,ASO,ES,Towers with Radar,40,15,97,3,155,0,1,108,1,110,40,16,205,4,265,80,0,80,345
02/06/2016,SRQ,FL,ASO,ES,Towers with Radar,39,19,84,0,142,0,0,44,0,44,39,19,128,0,186,38,0,38,224
02/07/2016,SRQ,FL,ASO,ES,Towers with Radar,34,29,43,4,110,0,1,40,0,41,34,30,83,4,151,3,0,3,154
02/08/2016,SRQ,FL,ASO,ES,Towers with Radar,34,22,71,6,133,0,1,111,0,112,34,23,182,6,245,110,0,110,355
02/09/2016,SRQ,FL,ASO,ES,Towers with Radar,38,29,76,19,162,0,2,57,0,59,38,31,133,19,221,61,13,74,295
02/10/2016,SRQ,FL,ASO,ES,Towers with Radar,40,20,97,11,168,0,0,125,0,125,40,20,222,11,293,129,0,129,422
02/11/2016,SRQ,FL,ASO,ES,Towers with Radar,40,21,102,10,173,0,5,150,2,157,40,26,252,12,330,113,0,113,443
02/12/2016,SRQ,FL,ASO,ES,Towers with Radar,44,31,115,13,203,0,3,177,4,184,44,34,292,17,387,167,10,177,564
02/13/2016,SRQ,FL,ASO,ES,Towers with Radar,39,21,75,6,141,0,2,160,0,162,39,23,235,6,303,102,0,102,405
02/14/2016,SRQ,FL,ASO,ES,Towers with Radar,39,27,67,2,135,0,0,154,4,158,39,27,221,6,293,107,0,107,400
02/15/2016,SRQ,FL,ASO,ES,Towers with Radar,35,17,75,5,132,0,3,78,0,81,35,20,153,5,213,101,0,101,314
02/16/2016,SRQ,FL,ASO,ES,Towers with Radar,34,13,66,36,149,0,2,102,5,109,34,15,168,41,258,177,19,196,454
02/17/2016,SRQ,FL,ASO,ES,Towers with Radar,41,24,96,14,175,1,0,145,0,146,42,24,241,14,321,186,0,186,507
02/18/2016,SRQ,FL,ASO,ES,Towers with Radar,42,43,97,8,190,0,6,135,4,145,42,49,232,12,335,90,4,94,429
02/19/2016,SRQ,FL,ASO,ES,Towers with Radar,43,40,65,21,169,0,0,100,0,100,43,40,165,21,269,112,0,112,381
02/20/2016,SRQ,FL,ASO,ES,Towers with Radar,45,37,76,2,160,0,1,153,0,154,45,38,229,2,314,118,0,118,432
02/21/2016,SRQ,FL,ASO,ES,Towers with Radar,46,25,59,0,130,0,7,110,0,117,46,32,169,0,247,122,0,122,369
02/22/2016,SRQ,FL,ASO,ES,Towers with Radar,42,22,77,5,146,0,0,102,1,103,42,22,179,6,249,129,2,131,380
02/23/2016,SRQ,FL,ASO,ES,Towers with Radar,44,25,85,23,177,0,1,99,0,100,44,26,184,23,277,43,2,45,322
02/24/2016,SRQ,FL,ASO,ES,Towers with Radar,39,24,29,0,92,0,0,2,0,2,39,24,31,0,94,20,0,20,114
02/25/2016,SRQ,FL,ASO,ES,Towers with Radar,39,30,76,4,149,0,2,91,2,95,39,32,167,6,244,27,0,27,271
02/26/2016,SRQ,FL,ASO,ES,Towers with Radar,43,30,89,4,166,0,6,147,1,154,43,36,236,5,320,75,0,75,395
02/27/2016,SRQ,FL,ASO,ES,Towers with Radar,44,27,65,0,136,0,6,136,0,142,44,33,201,0,278,193,0,193,471
02/28/2016,SRQ,FL,ASO,ES,Towers with Radar,48,32,87,1,168,0,0,124,0,124,48,32,211,1,292,86,0,86,378
02/29/2016,SRQ,FL,ASO,ES,Towers with Radar,42,18,74,4,138,0,1,125,11,137,42,19,199,15,275,125,10,135,410
03/01/2016,SRQ,FL,ASO,ES,Towers with Radar,41,18,94,0,153,0,3,99,0,102,41,21,193,0,255,151,0,151,406
03/02/2016,SRQ,FL,ASO,ES,Towers with Radar,44,31,88,5,168,0,3,99,4,106,44,34,187,9,274,110,0,110,384
03/03/2016,SRQ,FL,ASO,ES,Towers with Radar,44,21,95,4,164,0,3,125,12,140,44,24,220,16,304,120,0,120,424
03/04/2016,SRQ,FL,ASO,ES,Towers with Radar,46,31,84,2,163,0,3,121,0,124,46,34,205,2,287,128,0,128,415
03/05/2016,SRQ,FL,ASO,ES,Towers with Radar,51,21,63,8,143,0,3,151,1,155,51,24,214,9,298,132,0,132,430
03/06/2016,SRQ,FL,ASO,ES,Towers with Radar,45,25,88,1,159,0,0,127,2,129,45,25,215,3,288,115,0,115,403
03/07/2016,SRQ,FL,ASO,ES,Towers with Radar,43,27,83,0,153,0,1,111,0,112,43,28,194,0,265,108,2,110,375
03/08/2016,SRQ,FL,ASO,ES,Towers with Radar,44,25,82,3,154,0,4,137,1,142,44,29,219,4,296,129,0,129,425
03/09/2016,SRQ,FL,ASO,ES,Towers with Radar,42,12,70,0,124,0,4,85,0,89,42,16,155,0,213,82,0,82,295
03/10/2016,SRQ,FL,ASO,ES,Towers with Radar,43,26,68,6,143,0,1,102,4,107,43,27,170,10,250,44,0,44,294
03/11/2016,SRQ,FL,ASO,ES,Towers with Radar,45,11,81,0,137,0,4,99,7,110,45,15,180,7,247,48,0,48,295
03/12/2016,SRQ,FL,ASO,ES,Towers with Radar,51,21,69,0,141,0,3,99,1,103,51,24,168,1,244,50,0,50,294
03/13/2016,SRQ,FL,ASO,ES,Towers with Radar,47,26,74,7,154,0,2,37,1,40,47,28,111,8,194,45,0,45,239
03/14/2016,SRQ,FL,ASO,ES,Towers with Radar,39,22,85,3,149,0,4,73,13,90,39,26,158,16,239,36,0,36,275
03/15/2016,SRQ,FL,ASO,ES,Towers with Radar,44,21,91,0,156,0,0,3,0,3,44,21,94,0,159,4,0,4,163
03/16/2016,SRQ,FL,ASO,ES,Towers with Radar,46,22,113,0,181,0,3,50,0,53,46,25,163,0,234,105,0,105,339
03/17/2016,SRQ,FL,ASO,ES,Towers with Radar,44,33,86,2,165,0,8,93,7,108,44,41,179,9,273,82,12,94,367
03/18/2016,SRQ,FL,ASO,ES,Towers with Radar,46,29,98,19,192,0,4,142,17,163,46,33,240,36,355,44,5,49,404
03/19/2016,SRQ,FL,ASO,ES,Towers with Radar,48,22,65,5,140,0,0,55,0,55,48,22,120,5,195,37,0,37,232
03/20/2016,SRQ,FL,ASO,ES,Towers with Radar,46,21,91,1,159,0,8,54,0,62,46,29,145,1,221,66,0,66,287
03/21/2016,SRQ,FL,ASO,ES,Towers with Radar,43,21,85,2,151,0,1,72,1,74,43,22,157,3,225,61,0,61,286
03/22/2016,SRQ,FL,ASO,ES,Towers with Radar,45,37,72,9,163,0,15,161,11,187,45,52,233,20,350,138,14,152,502
03/23/2016,SRQ,FL,ASO,ES,Towers with Radar,42,20,101,0,163,0,2,163,0,165,42,22,264,0,328,128,0,128,456
03/24/2016,SRQ,FL,ASO,ES,Towers with Radar,45,23,107,6,181,0,3,96,9,108,45,26,203,15,289,164,10,174,463
03/25/2016,SRQ,FL,ASO,ES,Towers with Radar,44,25,101,6,176,0,1,65,0,66,44,26,166,6,242,42,0,42,284
03/26/2016,SRQ,FL,ASO,ES,Towers with Radar,50,16,61,0,127,0,8,66,0,74,50,24,127,0,201,40,0,40,241
03/27/2016,SRQ,FL,ASO,ES,Towers with Radar,45,22,58,0,125,0,2,36,0,38,45,24,94,0,163,54,0,54,217
03/28/2016,SRQ,FL,ASO,ES,Towers with Radar,44,21,89,2,156,0,0,25,0,25,44,21,114,2,181,94,0,94,275
03/29/2016,SRQ,FL,ASO,ES,Towers with Radar,46,24,70,6,146,0,0,32,0,32,46,24,102,6,178,62,0,62,240
03/30/2016,SRQ,FL,ASO,ES,Towers with Radar,42,34,94,4,174,0,1,115,2,118,42,35,209,6,292,140,0,140,432
03/31/2016,SRQ,FL,ASO,ES,Towers with Radar,46,40,82,9,177,0,9,110,3,122,46,49,192,12,299,116,4,120,419
04/01/2016,SRQ,FL,ASO,ES,Towers with Radar,50,28,87,2,167,0,3,84,0,87,50,31,171,2,254,48,0,48,302
04/02/2016,SRQ,FL,ASO,ES,Towers with Radar,50,31,62,0,143,0,0,12,0,12,50,31,74,0,155,64,0,64,219
04/03/2016,SRQ,FL,ASO,ES,Towers with Radar,46,36,121,0,203,0,0,119,0,119,46,36,240,0,322,129,0,129,451
04/04/2016,SRQ,FL,ASO,ES,Towers with Radar,39,29,65,0,133,0,0,135,0,135,39,29,200,0,268,104,0,104,372
04/05/2016,SRQ,FL,ASO,ES,Towers with Radar,39,24,71,0,134,0,2,148,0,150,39,26,219,0,284,130,0,130,414
04/06/2016,SRQ,FL,ASO,ES,Towers with Radar,38,23,60,2,123,0,1,107,0,108,38,24,167,2,231,102,0,102,333
04/07/2016,SRQ,FL,ASO,ES,Towers with Radar,37,23,89,0,149,0,1,108,0,109,37,24,197,0,258,226,0,226,484
04/08/2016,SRQ,FL,ASO,ES,Towers with Radar,39,22,99,4,164,0,2,127,2,131,39,24,226,6,295,54,0,54,349
04/09/2016,SRQ,FL,ASO,ES,Towers with Radar,40,16,58,0,114,0,4,108,0,112,40,20,166,0,226,42,0,42,268
04/10/2016,SRQ,FL,ASO,ES,Towers with Radar,40,20,73,5,138,0,1,97,1,99,40,21,170,6,237,50,0,50,287
04/11/2016,SRQ,FL,ASO,ES,Towers with Radar,37,26,73,2,138,0,5,105,1,111,37,31,178,3,249,94,0,94,343
04/12/2016,SRQ,FL,ASO,ES,Towers with Radar,41,18,58,10,127,0,10,144,0,154,41,28,202,10,281,192,0,192,473
04/13/2016,SRQ,FL,ASO,ES,Towers with Radar,36,20,72,5,133,0,0,147,1,148,36,20,219,6,281,128,0,128,409
04/14/2016,SRQ,FL,ASO,ES,Towers with Radar,38,29,67,0,134,0,2,76,2,80,38,31,143,2,214,94,0,94,308
04/15/2016,SRQ,FL,ASO,ES,Towers with Radar,42,15,92,0,149,0,0,54,4,58,42,15,146,4,207,83,0,83,290
04/16/2016,SRQ,FL,ASO,ES,Towers with Radar,41,22,50,1,114,0,2,60,1,63,41,24,110,2,177,51,0,51,228
04/17/2016,SRQ,FL,ASO,ES,Towers with Radar,39,19,71,10,139,4,5,84,0,93,43,24,155,10,232,70,0,70,302
04/18/2016,SRQ,FL,ASO,ES,Towers with Radar,33,24,55,4,116,6,5,88,2,101,39,29,143,6,217,137,0,137,354
04/19/2016,SRQ,FL,ASO,ES,Towers with Radar,38,15,93,0,146,5,7,152,0,164,43,22,245,0,310,67,0,67,377
04/20/2016,SRQ,FL,ASO,ES,Towers with Radar,37,16,57,2,112,0,2,107,0,109,37,18,164,2,221,124,0,124,345
04/21/2016,SRQ,FL,ASO,ES,Towers with Radar,37,9,68,0,114,0,2,115,0,117,37,11,183,0,231,28,0,28,259
04/22/2016,SRQ,FL,ASO,ES,Towers with Radar,38,21,58,2,119,0,0,100,0,100,38,21,158,2,219,69,0,69,288
04/23/2016,SRQ,FL,ASO,ES,Towers with Radar,40,19,58,1,118,0,5,112,0,117,40,24,170,1,235,138,0,138,373
04/24/2016,SRQ,FL,ASO,ES,Towers with Radar,40,16,48,0,104,0,6,100,0,106,40,22,148,0,210,99,0,99,309
04/25/2016,SRQ,FL,ASO,ES,Towers with Radar,35,17,64,1,117,0,0,85,0,85,35,17,149,1,202,122,0,122,324
04/26/2016,SRQ,FL,ASO,ES,Towers with Radar,37,12,54,0,103,0,5,105,10,120,37,17,159,10,223,116,10,126,349
04/27/2016,SRQ,FL,ASO,ES,Towers with Radar,37,21,53,0,111,0,0,111,0,111,37,21,164,0,222,86,0,86,308
04/28/2016,SRQ,FL,ASO,ES,Towers with Radar,36,10,83,8,137,0,4,155,6,165,36,14,238,14,302,116,0,116,418
04/29/2016,SRQ,FL,ASO,ES,Towers with Radar,39,23,78,1,141,0,2,100,1,103,39,25,178,2,244,72,0,72,316
04/30/2016,SRQ,FL,ASO,ES,Towers with Radar,40,24,66,0,130,0,3,119,0,122,40,27,185,0,252,30,0,30,282
05/01/2016,SRQ,FL,ASO,ES,Towers with Radar,34,30,72,0,136,0,0,75,0,75,34,30,147,0,211,61,0,61,272
05/02/2016,SRQ,FL,ASO,ES,Towers with Radar,33,27,60,0,120,0,7,88,1,96,33,34,148,1,216,20,0,20,236
05/03/2016,SRQ,FL,ASO,ES,Towers with Radar,34,25,82,0,141,0,3,77,0,80,34,28,159,0,221,74,0,74,295
05/04/2016,SRQ,FL,ASO,ES,Towers with Radar,34,18,33,6,91,0,0,2,0,2,34,18,35,6,93,0,0,0,93
05/05/2016,SRQ,FL,ASO,ES,Towers with Radar,30,28,81,2,141,0,0,103,0,103,30,28,184,2,244,97,0,97,341
05/06/2016,SRQ,FL,ASO,ES,Towers with Radar,32,22,66,2,122,0,2,104,0,106,32,24,170,2,228,59,0,59,287
05/07/2016,SRQ,FL,ASO,ES,Towers with Radar,31,14,59,0,104,0,4,114,1,119,31,18,173,1,223,64,0,64,287
05/08/2016,SRQ,FL,ASO,ES,Towers with Radar,31,14,53,2,100,0,3,59,1,63,31,17,112,3,163,76,0,76,239
05/09/2016,SRQ,FL,ASO,ES,Towers with Radar,30,11,78,2,121,0,4,81,0,85,30,15,159,2,206,92,0,92,298
05/10/2016,SRQ,FL,ASO,ES,Towers with Radar,29,31,79,0,139,0,1,114,0,115,29,32,193,0,254,93,0,93,347
05/11/2016,SRQ,FL,ASO,ES,Towers with Radar,30,24,51,2,107,0,0,107,2,109,30,24,158,4,216,152,0,152,368
05/12/2016,SRQ,FL,ASO,ES,Towers with Radar,29,21,53,0,103,1,0,121,0,122,30,21,174,0,225,151,0,151,376
05/13/2016,SRQ,FL,ASO,ES,Towers with Radar,32,20,78,5,135,0,6,87,5,98,32,26,165,10,233,120,8,128,361
05/14/2016,SRQ,FL,ASO,ES,Towers with Radar,31,23,52,4,110,0,3,98,0,101,31,26,150,4,211,116,0,116,327
05/15/2016,SRQ,FL,ASO,ES,Towers with Radar,30,29,77,26,162,0,5,90,0,95,30,34,167,26,257,29,0,29,286
05/16/2016,SRQ,FL,ASO,ES,Towers with Radar,31,31,80,6,148,0,0,107,0,107,31,31,187,6,255,130,0,130,385
05/17/2016,SRQ,FL,ASO,ES,Towers with Radar,27,21,66,0,114,0,2,37,0,39,27,23,103,0,153,38,0,38,191
05/18/2016,SRQ,FL,ASO,ES,Towers with Radar,28,14,54,1,97,0,3,78,3,84,28,17,132,4,181,176,8,184,365
05/19/2016,SRQ,FL,ASO,ES,Towers with Radar,27,18,74,0,119,0,2,80,20,102,27,20,154,20,221,90,20,110,331
05/20/2016,SRQ,FL,ASO,ES,Towers with Radar,28,17,66,34,145,0,0,73,0,73,28,17,139,34,218,67,0,67,285
05/21/2016,SRQ,FL,ASO,ES,Towers with Radar,27,22,38,4,91,0,2,132,2,136,27,24,170,6,227,124,0,124,351
05/22/2016,SRQ,FL,ASO,ES,Towers with Radar,28,12,49,0,89,0,0,87,0,87,28,12,136,0,176,116,0,116,292
05/23/2016,SRQ,FL,ASO,ES,Towers with Radar,28,11,47,4,90,0,2,101,0,103,28,13,148,4,193,85,0,85,278
05/24/2016,SRQ,FL,ASO,ES,Towers with Radar,29,16,46,2,93,0,2,129,0,131,29,18,175,2,224,124,0,124,348
05/25/2016,SRQ,FL,ASO,ES,Towers with Radar,28,24,64,8,124,0,4,117,0,121,28,28,181,8,245,96,0,96,341
05/26/2016,SRQ,FL,ASO,ES,Towers with Radar,28,19,72,4,123,0,5,116,2,123,28,24,188,6,246,72,0,72,318
05/27/2016,SRQ,FL,ASO,ES,Towers with Radar,26,20,75,0,121,0,1,102,6,109,26,21,177,6,230,47,8,55,285
05/28/2016,SRQ,FL,ASO,ES,Towers with Radar,27,15,31,0,73,0,4,72,0,76,27,19,103,0,149,77,0,77,226
05/29/2016,SRQ,FL,ASO,ES,Towers with Radar,28,8,29,0,65,0,4,63,1,68,28,12,92,1,133,68,0,68,201
05/30/2016,SRQ,FL,ASO,ES,Towers with Radar,28,23,45,0,96,0,1,59,0,60,28,24,104,0,156,31,0,31,187
05/31/2016,SRQ,FL,ASO,ES,Towers with Radar,29,20,45,4,98,0,2,79,1,82,29,22,124,5,180,128,0,128,308
06/01/2016,SRQ,FL,ASO,ES,Towers with Radar,31,21,70,26,148,0,5,109,0,114,31,26,179,26,262,87,0,87,349
06/02/2016,SRQ,FL,ASO,ES,Towers with Radar,26,17,64,6,113,0,4,86,0,90,26,21,150,6,203,115,0,115,318
06/03/2016,SRQ,FL,ASO,ES,Towers with Radar,25,20,70,0,115,0,2,75,0,77,25,22,145,0,192,157,0,157,349
06/04/2016,SRQ,FL,ASO,ES,Towers with Radar,28,19,65,0,112,0,0,125,0,125,28,19,190,0,237,88,0,88,325
06/05/2016,SRQ,FL,ASO,ES,Towers with Radar,28,16,56,0,100,0,0,47,0,47,28,16,103,0,147,100,0,100,247
06/06/2016,SRQ,FL,ASO,ES,Towers with Radar,31,11,6,1,49,0,0,0,0,0,31,11,6,1,49,0,0,0,49
06/07/2016,SRQ,FL,ASO,ES,Towers with Radar,25,17,31,0,73,0,0,8,0,8,25,17,39,0,81,42,0,42,123
06/08/2016,SRQ,FL,ASO,ES,Towers with Radar,26,16,72,0,114,0,2,43,0,45,26,18,115,0,159,102,0,102,261
06/09/2016,SRQ,FL,ASO,ES,Towers with Radar,24,21,63,0,108,0,2,45,0,47,24,23,108,0,155,115,0,115,270
06/10/2016,SRQ,FL,ASO,ES,Towers with Radar,28,26,67,15,136,0,0,35,1,36,28,26,102,16,172,95,4,99,271
06/11/2016,SRQ,FL,ASO,ES,Towers with Radar,24,13,54,0,91,0,0,96,0,96,24,13,150,0,187,90,0,90,277
06/12/2016,SRQ,FL,ASO,ES,Towers with Radar,24,10,49,0,83,0,0,81,1,82,24,10,130,1,165,58,0,58,223
06/13/2016,SRQ,FL,ASO,ES,Towers with Radar,24,10,78,0,112,0,1,81,4,86,24,11,159,4,198,123,8,131,329
06/14/2016,SRQ,FL,ASO,ES,Towers with Radar,23,11,57,1,92,0,2,93,0,95,23,13,150,1,187,118,0,118,305
06/15/2016,SRQ,FL,ASO,ES,Towers with Radar,23,9,55,3,90,0,0,125,0,125,23,9,180,3,215,174,0,174,389
06/16/2016,SRQ,FL,ASO,ES,Towers with Radar,23,14,69,1,107,0,0,93,1,94,23,14,162,2,201,112,0,112,313
06/17/2016,SRQ,FL,ASO,ES,Towers with Radar,22,24,43,4,93,0,6,56,2,64,22,30,99,6,157,62,0,62,219
06/18/2016,SRQ,FL,ASO,ES,Towers with Radar,28,8,42,0,78,0,1,98,0,99,28,9,140,0,177,93,0,93,270
06/19/2016,SRQ,FL,ASO,ES,Towers with Radar,24,10,47,3,84,0,3,51,2,56,24,13,98,5,140,127,4,131,271
06/20/2016,SRQ,FL,ASO,ES,Towers with Radar,24,17,36,2,79,0,0,70,0,70,24,17,106,2,149,72,0,72,221
06/21/2016,SRQ,FL,ASO,ES,Towers with Radar,27,14,57,5,103,0,0,117,11,128,27,14,174,16,231,153,2,155,386
06/22/2016,SRQ,FL,ASO,ES,Towers with Radar,23,20,45,0,88,0,1,110,0,111,23,21,155,0,199,44,0,44,243
06/23/2016,SRQ,FL,ASO,ES,Towers with Radar,23,11,41,0,75,0,1,82,0,83,23,12,123,0,158,152,0,152,310
06/24/2016,SRQ,FL,ASO,ES,Towers with Radar,23,9,74,0,106,0,2,82,0,84,23,11,156,0,190,73,0,73,263
06/25/2016,SRQ,FL,ASO,ES,Towers with Radar,24,12,54,0,90,0,0,90,0,90,24,12,144,0,180,66,0,66,246
06/26/2016,SRQ,FL,ASO,ES,Towers with Radar,23,17,41,0,81,0,0,74,0,74,23,17,115,0,155,39,0,39,194
06/27/2016,SRQ,FL,ASO,ES,Towers with Radar,22,7,36,0,65,0,1,93,0,94,22,8,129,0,159,41,0,41,200
06/28/2016,SRQ,FL,ASO,ES,Towers with Radar,22,9,63,0,94,0,0,88,4,92,22,9,151,4,186,64,0,64,250
06/29/2016,SRQ,FL,ASO,ES,Towers with Radar,24,12,63,3,102,0,0,87,5,92,24,12,150,8,194,56,0,56,250
06/30/2016,SRQ,FL,ASO,ES,Towers with Radar,21,13,61,0,95,0,0,94,0,94,21,13,155,0,189,85,0,85,274
07/01/2016,SRQ,FL,ASO,ES,Towers with Radar,23,18,53,0,94,0,0,128,0,128,23,18,181,0,222,85,0,85,307
07/02/2016,SRQ,FL,ASO,ES,Towers with Radar,21,7,49,0,77,0,3,98,2,103,21,10,147,2,180,14,0,14,194
07/03/2016,SRQ,FL,ASO,ES,Towers with Radar,22,17,23,0,62,0,2,83,1,86,22,19,106,1,148,22,0,22,170
07/04/2016,SRQ,FL,ASO,ES,Towers with Radar,20,6,21,0,47,0,0,44,0,44,20,6,65,0,91,62,0,62,153
07/05/2016,SRQ,FL,ASO,ES,Towers with Radar,21,8,45,4,78,0,2,88,0,90,21,10,133,4,168,67,0,67,235
07/06/2016,SRQ,FL,ASO,ES,Towers with Radar,23,9,53,0,85,0,4,89,2,95,23,13,142,2,180,167,0,167,347
07/07/2016,SRQ,FL,ASO,ES,Towers with Radar,24,9,36,3,72,0,0,86,3,89,24,9,122,6,161,92,0,92,253
07/08/2016,SRQ,FL,ASO,ES,Towers with Radar,22,5,41,4,72,0,1,75,2,78,22,6,116,6,150,30,0,30,180
07/09/2016,SRQ,FL,ASO,ES,Towers with Radar,23,7,39,2,71,0,1,89,2,92,23,8,128,4,163,70,0,70,233
07/10/2016,SRQ,FL,ASO,ES,Towers with Radar,23,4,59,6,92,0,7,45,4,56,23,11,104,10,148,32,8,40,188
07/11/2016,SRQ,FL,ASO,ES,Towers with Radar,21,7,42,4,74,0,3,79,1,83,21,10,121,5,157,71,0,71,228
07/12/2016,SRQ,FL,ASO,ES,Towers with Radar,25,12,43,4,84,0,1,86,0,87,25,13,129,4,171,98,0,98,269
07/13/2016,SRQ,FL,ASO,ES,Towers with Radar,22,7,39,0,68,0,0,74,0,74,22,7,113,0,142,63,0,63,205
07/14/2016,SRQ,FL,ASO,ES,Towers with Radar,22,10,55,0,87,0,2,66,0,68,22,12,121,0,155,32,0,32,187
07/15/2016,SRQ,FL,ASO,ES,Towers with Radar,22,5,41,6,74,0,0,74,2,76,22,5,115,8,150,30,0,30,180
07/16/2016,SRQ,FL,ASO,ES,Towers with Radar,21,10,36,1,68,0,0,77,0,77,21,10,113,1,145,66,4,70,215
07/17/2016,SRQ,FL,ASO,ES,Towers with Radar,23,14,50,5,92,0,2,65,0,67,23,16,115,5,159,28,0,28,187
07/18/2016,SRQ,FL,ASO,ES,Towers with Radar,23,8,38,0,69,0,2,70,0,72,23,10,108,0,141,83,2,85,226
07/19/2016,SRQ,FL,ASO,ES,Towers with Radar,23,8,41,1,73,0,2,69,1,72,23,10,110,2,145,64,0,64,209
07/20/2016,SRQ,FL,ASO,ES,Towers with Radar,23,17,39,10,89,0,0,95,1,96,23,17,134,11,185,73,0,73,258
07/21/2016,SRQ,FL,ASO,ES,Towers with Radar,23,15,50,2,90,0,0,61,0,61,23,15,111,2,151,34,0,34,185
07/22/2016,SRQ,FL,ASO,ES,Towers with Radar,28,12,58,52,150,0,1,74,4,79,28,13,132,56,229,154,8,162,391
07/23/2016,SRQ,FL,ASO,ES,Towers with Radar,23,7,34,0,64,0,0,91,1,92,23,7,125,1,156,158,0,158,314
07/24/2016,SRQ,FL,ASO,ES,Towers with Radar,22,16,52,4,94,0,2,56,5,63,22,18,108,9,157,57,6,63,220
07/25/2016,SRQ,FL,ASO,ES,Towers with Radar,21,16,36,7,80,0,0,79,3,82,21,16,115,10,162,84,2,86,248
07/26/2016,SRQ,FL,ASO,ES,Towers with Radar,20,16,56,4,96,0,5,89,0,94,20,21,145,4,190,72,0,72,262
07/27/2016,SRQ,FL,ASO,ES,Towers with Radar,21,4,50,1,76,0,1,84,1,86,21,5,134,2,162,79,0,79,241
07/28/2016,SRQ,FL,ASO,ES,Towers with Radar,21,9,64,4,98,0,2,104,0,106,21,11,168,4,204,99,0,99,303
07/29/2016,SRQ,FL,ASO,ES,Towers with Radar,22,9,48,0,79,0,0,77,0,77,22,9,125,0,156,28,0,28,184
07/30/2016,SRQ,FL,ASO,ES,Towers with Radar,22,9,33,0,64,0,0,71,0,71,22,9,104,0,135,19,0,19,154
07/31/2016,SRQ,FL,ASO,ES,Towers with Radar,23,18,39,0,80,0,2,65,0,67,23,20,104,0,147,21,0,21,168
08/01/2016,SRQ,FL,ASO,ES,Towers with Radar,23,11,33,8,75,0,0,79,26,105,23,11,112,34,180,90,32,122,302
08/02/2016,SRQ,FL,ASO,ES,Towers with Radar,24,9,55,0,88,0,0,53,0,53,24,9,108,0,141,67,0,67,208
08/03/2016,SRQ,FL,ASO,ES,Towers with Radar,25,5,60,1,91,0,0,69,4,73,25,5,129,5,164,55,8,63,227
08/04/2016,SRQ,FL,ASO,ES,Towers with Radar,23,10,50,1,84,0,0,50,0,50,23,10,100,1,134,61,0,61,195
08/05/2016,SRQ,FL,ASO,ES,Towers with Radar,23,8,50,2,83,0,3,53,0,56,23,11,103,2,139,25,0,25,164
08/06/2016,SRQ,FL,ASO,ES,Towers with Radar,25,9,34,0,68,0,2,48,0,50,25,11,82,0,118,79,0,79,197
08/07/2016,SRQ,FL,ASO,ES,Towers with Radar,22,12,49,0,83,0,0,17,0,17,22,12,66,0,100,46,0,46,146
08/08/2016,SRQ,FL,ASO,ES,Towers with Radar,18,7,35,2,62,0,0,16,0,16,18,7,51,2,78,29,0,29,107
08/09/2016,SRQ,FL,ASO,ES,Towers with Radar,18,16,31,0,65,0,0,24,0,24,18,16,55,0,89,24,0,24,113
08/10/2016,SRQ,FL,ASO,ES,Towers with Radar,21,25,47,2,95,0,3,86,0,89,21,28,133,2,184,62,0,62,246
08/11/2016,SRQ,FL,ASO,ES,Towers with Radar,23,12,44,4,83,0,0,68,0,68,23,12,112,4,151,95,0,95,246
08/12/2016,SRQ,FL,ASO,ES,Towers with Radar,23,13,52,0,88,0,0,65,0,65,23,13,117,0,153,32,0,32,185
08/13/2016,SRQ,FL,ASO,ES,Towers with Radar,23,14,38,0,75,0,4,90,0,94,23,18,128,0,169,28,0,28,197
08/14/2016,SRQ,FL,ASO,ES,Towers with Radar,23,11,56,0,90,0,0,65,2,67,23,11,121,2,157,49,0,49,206
08/15/2016,SRQ,FL,ASO,ES,Towers with Radar,22,14,46,0,82,0,0,63,0,63,22,14,109,0,145,42,0,42,187
08/16/2016,SRQ,FL,ASO,ES,Towers with Radar,21,8,25,12,66,0,2,72,0,74,21,10,97,12,140,112,0,112,252
08/17/2016,SRQ,FL,ASO,ES,Towers with Radar,21,13,45,0,79,0,0,109,0,109,21,13,154,0,188,95,0,95,283
08/18/2016,SRQ,FL,ASO,ES,Towers with Radar,23,20,64,16,123,0,2,74,0,76,23,22,138,16,199,121,0,121,320
08/19/2016,SRQ,FL,ASO,ES,Towers with Radar,22,17,42,6,87,0,2,82,0,84,22,19,124,6,171,80,0,80,251
08/20/2016,SRQ,FL,ASO,ES,Towers with Radar,19,19,50,0,88,0,3,116,0,119,19,22,166,0,207,94,0,94,301
08/21/2016,SRQ,FL,ASO,ES,Towers with Radar,22,16,43,2,83,0,2,88,0,90,22,18,131,2,173,80,0,80,253
08/22/2016,SRQ,FL,ASO,ES,Towers with Radar,25,13,63,2,103,0,0,75,0,75,25,13,138,2,178,76,0,76,254
08/23/2016,SRQ,FL,ASO,ES,Towers with Radar,19,20,55,25,119,0,0,91,3,94,19,20,146,28,213,39,14,53,266
08/24/2016,SRQ,FL,ASO,ES,Towers with Radar,21,9,59,9,98,0,0,88,7,95,21,9,147,16,193,128,12,140,333
08/25/2016,SRQ,FL,ASO,ES,Towers with Radar,24,8,66,0,98,0,3,97,0,100,24,11,163,0,198,58,0,58,256
08/26/2016,SRQ,FL,ASO,ES,Towers with Radar,24,9,58,0,91,0,0,89,0,89,24,9,147,0,180,64,0,64,244
08/27/2016,SRQ,FL,ASO,ES,Towers with Radar,18,5,52,0,75,0,4,73,0,77,18,9,125,0,152,106,0,106,258
08/28/2016,SRQ,FL,ASO,ES,Towers with Radar,24,10,29,0,63,0,0,43,0,43,24,10,72,0,106,40,0,40,146
08/29/2016,SRQ,FL,ASO,ES,Towers with Radar,23,6,41,0,70,0,0,48,0,48,23,6,89,0,118,124,0,124,242
08/30/2016,SRQ,FL,ASO,ES,Towers with Radar,19,7,46,16,88,0,0,28,4,32,19,7,74,20,120,40,14,54,174
08/31/2016,SRQ,FL,ASO,ES,Towers with Radar,25,9,14,0,48,0,0,2,0,2,25,9,16,0,50,0,0,0,50
09/01/2016,SRQ,FL,ASO,ES,Towers with Radar,18,9,17,0,44,0,0,8,0,8,18,9,25,0,52,0,0,0,52
09/02/2016,SRQ,FL,ASO,ES,Towers with Radar,19,12,30,0,61,0,0,8,0,8,19,12,38,0,69,0,0,0,69
09/03/2016,SRQ,FL,ASO,ES,Towers with Radar,16,21,36,0,73,0,0,88,0,88,16,21,124,0,161,91,0,91,252
09/04/2016,SRQ,FL,ASO,ES,Towers with Radar,19,2,24,0,45,0,0,63,0,63,19,2,87,0,108,93,0,93,201
09/05/2016,SRQ,FL,ASO,ES,Towers with Radar,21,15,61,0,97,0,2,67,0,69,21,17,128,0,166,87,0,87,253
09/06/2016,SRQ,FL,ASO,ES,Towers with Radar,17,24,70,0,111,0,3,82,0,85,17,27,152,0,196,128,0,128,324
09/07/2016,SRQ,FL,ASO,ES,Towers with Radar,21,23,50,0,94,0,0,85,0,85,21,23,135,0,179,79,0,79,258
09/08/2016,SRQ,FL,ASO,ES,Towers with Radar,22,19,94,4,139,0,8,94,0,102,22,27,188,4,241,108,0,108,349
09/09/2016,SRQ,FL,ASO,ES,Towers with Radar,20,21,73,15,129,0,0,113,11,124,20,21,186,26,253,0,0,0,253
09/10/2016,SRQ,FL,ASO,ES,Towers with Radar,16,16,45,0,77,0,0,122,0,122,16,16,167,0,199,84,0,84,283
09/11/2016,SRQ,FL,ASO,ES,Towers with Radar,23,18,38,0,79,0,0,63,0,63,23,18,101,0,142,164,0,164,306
09/12/2016,SRQ,FL,ASO,ES,Towers with Radar,23,17,56,0,96,0,0,43,0,43,23,17,99,0,139,78,0,78,217
09/13/2016,SRQ,FL,ASO,ES,Towers with Radar,19,14,79,21,133,0,1,80,7,88,19,15,159,28,221,82,12,94,315
09/14/2016,SRQ,FL,ASO,ES,Towers with Radar,21,11,71,4,107,0,0,75,0,75,21,11,146,4,182,34,0,34,216
09/15/2016,SRQ,FL,ASO,ES,Towers with Radar,23,13,59,8,103,0,0,81,2,83,23,13,140,10,186,103,0,103,289
09/16/2016,SRQ,FL,ASO,ES,Towers with Radar,22,12,69,0,103,0,0,93,0,93,22,12,162,0,196,14,0,14,210
09/17/2016,SRQ,FL,ASO,ES,Towers with Radar,18,9,45,0,72,0,1,130,0,131,18,10,175,0,203,51,0,51,254
09/18/2016,SRQ,FL,ASO,ES,Towers with Radar,24,16,57,0,97,0,0,67,0,67,24,16,124,0,164,65,0,65,229
09/19/2016,SRQ,FL,ASO,ES,Towers with Radar,22,11,59,0,92,0,1,66,1,68,22,12,125,1,160,59,0,59,219
09/20/2016,SRQ,FL,ASO,ES,Towers with Radar,19,12,80,16,127,0,1,79,0,80,19,13,159,16,207,60,0,60,267
09/21/2016,SRQ,FL,ASO,ES,Towers with Radar,21,15,71,0,107,0,0,116,0,116,21,15,187,0,223,132,0,132,355
09/22/2016,SRQ,FL,ASO,ES,Towers with Radar,23,14,58,3,98,0,3,77,0,80,23,17,135,3,178,26,0,26,204
09/23/2016,SRQ,FL,ASO,ES,Towers with Radar,22,12,63,5,102,0,6,80,8,94,22,18,143,13,196,69,8,77,273
09/24/2016,SRQ,FL,ASO,ES,Towers with Radar,17,20,43,0,80,0,0,118,0,118,17,20,161,0,198,98,0,98,296
09/25/2016,SRQ,FL,ASO,ES,Towers with Radar,24,25,68,0,117,0,0,61,0,61,24,25,129,0,178,73,0,73,251
09/26/2016,SRQ,FL,ASO,ES,Towers with Radar,23,7,39,0,69,0,0,61,0,61,23,7,100,0,130,141,0,141,271
09/27/2016,SRQ,FL,ASO,ES,Towers with Radar,21,9,47,0,77,0,0,58,0,58,21,9,105,0,135,82,0,82,217
09/28/2016,SRQ,FL,ASO,ES,Towers with Radar,19,7,67,0,93,0,3,90,0,93,19,10,157,0,186,70,0,70,256
09/29/2016,SRQ,FL,ASO,ES,Towers with Radar,23,15,62,4,104,0,0,53,0,53,23,15,115,4,157,42,0,42,199
09/30/2016,SRQ,FL,ASO,ES,Towers with Radar,25,19,61,2,107,0,0,71,0,71,25,19,132,2,178,109,0,109,287
10/01/2016,SRQ,FL,ASO,ES,Towers with Radar,19,10,52,0,81,0,5,82,0,87,19,15,134,0,168,90,0,90,258
10/02/2016,SRQ,FL,ASO,ES,Towers with Radar,25,18,45,1,89,0,1,81,0,82,25,19,126,1,171,52,0,52,223
10/03/2016,SRQ,FL,ASO,ES,Towers with Radar,23,14,37,1,75,0,0,37,0,37,23,14,74,1,112,64,0,64,176
10/04/2016,SRQ,FL,ASO,ES,Towers with Radar,19,13,56,0,88,0,0,68,0,68,19,13,124,0,156,86,0,86,242
10/05/2016,SRQ,FL,ASO,ES,Towers with Radar,23,15,72,0,110,0,0,68,2,70,23,15,140,2,180,26,0,26,206
10/06/2016,SRQ,FL,ASO,ES,Towers with Radar,25,16,49,1,91,0,0,26,1,27,25,16,75,2,118,0,0,0,118
10/07/2016,SRQ,FL,ASO,ES,Towers with Radar,25,17,20,0,62,0,1,16,0,17,25,18,36,0,79,0,0,0,79
10/08/2016,SRQ,FL,ASO,ES,Towers with Radar,21,15,42,0,78,0,4,109,1,114,21,19,151,1,192,58,0,58,250
10/09/2016,SRQ,FL,ASO,ES,Towers with Radar,28,17,41,0,86,0,3,89,0,92,28,20,130,0,178,61,0,61,239
10/10/2016,SRQ,FL,ASO,ES,Towers with Radar,24,22,53,0,99,0,3,99,0,102,24,25,152,0,201,70,0,70,271
10/11/2016,SRQ,FL,ASO,ES,Towers with Radar,23,15,55,4,97,0,0,86,0,86,23,15,141,4,183,54,0,54,237
10/12/2016,SRQ,FL,ASO,ES,Towers with Radar,25,15,59,0,99,0,0,88,0,88,25,15,147,0,187,84,0,84,271
10/13/2016,SRQ,FL,ASO,ES,Towers with Radar,25,14,53,0,92,0,0,88,0,88,25,14,141,0,180,58,0,58,238
10/14/2016,SRQ,FL,ASO,ES,Towers with Radar,24,12,65,0,101,0,9,109,0,118,24,21,174,0,219,98,0,98,317
10/15/2016,SRQ,FL,ASO,ES,Towers with Radar,22,9,40,4,75,0,5,101,0,106,22,14,141,4,181,69,0,69,250
10/16/2016,SRQ,FL,ASO,ES,Towers with Radar,27,17,59,1,104,0,0,56,0,56,27,17,115,1,160,50,0,50,210
10/17/2016,SRQ,FL,ASO,ES,Towers with Radar,25,21,56,7,109,0,1,98,0,99,25,22,154,7,208,83,0,83,291
10/18/2016,SRQ,FL,ASO,ES,Towers with Radar,23,20,76,0,119,0,2,110,0,112,23,22,186,0,231,95,0,95,326
10/19/2016,SRQ,FL,ASO,ES,Towers with Radar,26,14,51,15,106,0,0,119,1,120,26,14,170,16,226,81,0,81,307
10/20/2016,SRQ,FL,ASO,ES,Towers with Radar,25,13,80,2,120,0,4,76,0,80,25,17,156,2,200,118,0,118,318
10/21/2016,SRQ,FL,ASO,ES,Towers with Radar,25,12,68,1,106,0,2,101,1,104,25,14,169,2,210,79,0,79,289
10/22/2016,SRQ,FL,ASO,ES,Towers with Radar,21,14,42,1,78,0,2,99,0,101,21,16,141,1,179,54,0,54,233
10/23/2016,SRQ,FL,ASO,ES,Towers with Radar,28,20,70,1,119,0,2,79,1,82,28,22,149,2,201,25,0,25,226
10/24/2016,SRQ,FL,ASO,ES,Towers with Radar,27,26,66,0,119,0,0,78,0,78,27,26,144,0,197,32,0,32,229
10/25/2016,SRQ,FL,ASO,ES,Towers with Radar,21,16,66,0,103,0,0,98,0,98,21,16,164,0,201,100,0,100,301
10/26/2016,SRQ,FL,ASO,ES,Towers with Radar,24,15,69,2,110,0,1,97,0,98,24,16,166,2,208,58,0,58,266
10/27/2016,SRQ,FL,ASO,ES,Towers with Radar,25,16,74,4,119,0,1,90,11,102,25,17,164,15,221,52,0,52,273
10/28/2016,SRQ,FL,ASO,ES,Towers with Radar,25,17,75,2,119,0,3,69,0,72,25,20,144,2,191,40,0,40,231
10/29/2016,SRQ,FL,ASO,ES,Towers with Radar,21,11,60,0,92,0,0,97,0,97,21,11,157,0,189,8,0,8,197
10/30/2016,SRQ,FL,ASO,ES,Towers with Radar,26,16,47,1,90,0,2,79,11,92,26,18,126,12,182,61,10,71,253
10/31/2016,SRQ,FL,ASO,ES,Towers with Radar,23,12,37,6,78,0,1,67,0,68,23,13,104,6,146,62,0,62,208
11/01/2016,SRQ,FL,ASO,ES,Towers with Radar,24,32,49,14,119,0,2,80,0,82,24,34,129,14,201,86,0,86,287
11/02/2016,SRQ,FL,ASO,ES,Towers with Radar,25,13,63,2,103,0,3,88,2,93,25,16,151,4,196,49,0,49,245
11/03/2016,SRQ,FL,ASO,ES,Towers with Radar,24,16,63,4,107,0,2,86,0,88,24,18,149,4,195,133,0,133,328
11/04/2016,SRQ,FL,ASO,ES,Towers with Radar,32,21,74,9,136,0,2,109,3,114,32,23,183,12,250,35,0,35,285
11/05/2016,SRQ,FL,ASO,ES,Towers with Radar,31,13,38,6,88,0,2,105,0,107,31,15,143,6,195,68,0,68,263
11/06/2016,SRQ,FL,ASO,ES,Towers with Radar,28,16,63,7,114,0,3,100,1,104,28,19,163,8,218,38,0,38,256
11/07/2016,SRQ,FL,ASO,ES,Towers with Radar,27,21,54,0,102,0,0,76,1,77,27,21,130,1,179,78,0,78,257
11/08/2016,SRQ,FL,ASO,ES,Towers with Radar,23,17,45,4,89,0,2,96,0,98,23,19,141,4,187,92,0,92,279
11/09/2016,SRQ,FL,ASO,ES,Towers with Radar,27,23,43,14,107,0,0,89,12,101,27,23,132,26,208,183,26,209,417
11/10/2016,SRQ,FL,ASO,ES,Towers with Radar,27,21,65,0,113,0,0,125,0,125,27,21,190,0,238,83,0,83,321
11/11/2016,SRQ,FL,ASO,ES,Towers with Radar,27,22,49,0,98,0,5,120,0,125,27,27,169,0,223,146,0,146,369
11/12/2016,SRQ,FL,ASO,ES,Towers with Radar,28,18,55,0,101,0,11,115,0,126,28,29,170,0,227,54,0,54,281
11/13/2016,SRQ,FL,ASO,ES,Towers with Radar,29,28,80,0,137,0,4,89,0,93,29,32,169,0,230,51,0,51,281
11/14/2016,SRQ,FL,ASO,ES,Towers with Radar,25,19,69,0,113,0,5,69,0,74,25,24,138,0,187,56,0,56,243
11/15/2016,SRQ,FL,ASO,ES,Towers with Radar,25,11,53,6,95,0,6,78,4,88,25,17,131,10,183,32,0,32,215
11/16/2016,SRQ,FL,ASO,ES,Towers with Radar,28,13,71,3,115,0,0,111,2,113,28,13,182,5,228,58,0,58,286
11/17/2016,SRQ,FL,ASO,ES,Towers with Radar,29,15,66,0,110,0,5,135,1,141,29,20,201,1,251,60,0,60,311
11/18/2016,SRQ,FL,ASO,ES,Towers with Radar,29,27,77,0,133,0,0,101,0,101,29,27,178,0,234,55,0,55,289
11/19/2016,SRQ,FL,ASO,ES,Towers with Radar,27,26,44,0,97,0,2,148,0,150,27,28,192,0,247,126,0,126,373
11/20/2016,SRQ,FL,ASO,ES,Towers with Radar,30,33,66,0,129,0,3,60,0,63,30,36,126,0,192,62,0,62,254
11/21/2016,SRQ,FL,ASO,ES,Towers with Radar,27,22,66,12,127,0,3,83,6,92,27,25,149,18,219,111,36,147,366
11/22/2016,SRQ,FL,ASO,ES,Towers with Radar,25,38,94,8,165,0,0,114,1,115,25,38,208,9,280,148,2,150,430
11/23/2016,SRQ,FL,ASO,ES,Towers with Radar,29,34,96,1,160,0,4,111,0,115,29,38,207,1,275,132,4,136,411
11/24/2016,SRQ,FL,ASO,ES,Towers with Radar,21,2,15,0,38,0,1,42,0,43,21,3,57,0,81,14,0,14,95
11/25/2016,SRQ,FL,ASO,ES,Towers with Radar,26,14,59,4,103,0,1,113,0,114,26,15,172,4,217,46,6,52,269
11/26/2016,SRQ,FL,ASO,ES,Towers with Radar,33,38,51,0,122,0,3,108,3,114,33,41,159,3,236,52,4,56,292
11/27/2016,SRQ,FL,ASO,ES,Towers with Radar,31,63,100,3,197,0,4,90,8,102,31,67,190,11,299,72,8,80,379
11/28/2016,SRQ,FL,ASO,ES,Towers with Radar,27,23,73,3,126,0,2,62,6,70,27,25,135,9,196,71,5,76,272
11/29/2016,SRQ,FL,ASO,ES,Towers with Radar,26,25,61,2,114,0,5,123,9,137,26,30,184,11,251,55,25,80,331
11/30/2016,SRQ,FL,ASO,ES,Towers with Radar,28,15,63,6,112,0,1,52,6,59,28,16,115,12,171,62,18,80,251
12/01/2016,SRQ,FL,ASO,ES,Towers with Radar,34,28,69,2,133,0,2,49,2,53,34,30,118,4,186,22,0,22,208
12/02/2016,SRQ,FL,ASO,ES,Towers with Radar,32,15,60,18,125,0,0,78,2,80,32,15,138,20,205,94,0,94,299
12/03/2016,SRQ,FL,ASO,ES,Towers with Radar,26,13,67,0,106,0,4,129,0,133,26,17,196,0,239,84,0,84,323
12/04/2016,SRQ,FL,ASO,ES,Towers with Radar,34,12,56,0,102,0,3,98,1,102,34,15,154,1,204,54,0,54,258
12/05/2016,SRQ,FL,ASO,ES,Towers with Radar,26,7,64,2,99,0,4,25,0,29,26,11,89,2,128,18,0,18,146
12/06/2016,SRQ,FL,ASO,ES,Towers with Radar,24,15,31,5,75,0,0,4,0,4,24,15,35,5,79,8,0,8,87
12/07/2016,SRQ,FL,ASO,ES,Towers with Radar,28,24,94,18,164,0,3,96,0,99,28,27,190,18,263,104,0,104,367
12/08/2016,SRQ,FL,ASO,ES,Towers with Radar,30,25,74,3,132,0,4,83,1,88,30,29,157,4,220,150,0,150,370
12/09/2016,SRQ,FL,ASO,ES,Towers with Radar,32,16,77,1,126,0,2,79,2,83,32,18,156,3,209,57,0,57,266
12/10/2016,SRQ,FL,ASO,ES,Towers with Radar,26,12,59,1,98,0,3,107,0,110,26,15,166,1,208,18,0,18,226
12/11/2016,SRQ,FL,ASO,ES,Towers with Radar,28,22,69,1,120,0,0,72,2,74,28,22,141,3,194,35,0,35,229
12/12/2016,SRQ,FL,ASO,ES,Towers with Radar,25,18,69,0,112,0,4,76,0,80,25,22,145,0,192,126,0,126,318
12/13/2016,SRQ,FL,ASO,ES,Towers with Radar,34,23,82,2,141,0,2,55,0,57,34,25,137,2,198,66,0,66,264
12/14/2016,SRQ,FL,ASO,ES,Towers with Radar,30,25,56,0,111,0,0,87,0,87,30,25,143,0,198,69,0,69,267
12/15/2016,SRQ,FL,ASO,ES,Towers with Radar,31,12,84,2,129,0,2,84,4,90,31,14,168,6,219,95,2,97,316
12/16/2016,SRQ,FL,ASO,ES,Towers with Radar,36,25,69,1,131,0,3,105,3,111,36,28,174,4,242,33,0,33,275
12/17/2016,SRQ,FL,ASO,ES,Towers with Radar,32,20,54,0,106,0,4,128,0,132,32,24,182,0,238,73,0,73,311
12/18/2016,SRQ,FL,ASO,ES,Towers with Radar,39,13,61,4,117,0,4,44,0,48,39,17,105,4,165,58,0,58,223
12/19/2016,SRQ,FL,ASO,ES,Towers with Radar,33,9,67,0,109,0,4,40,0,44,33,13,107,0,153,55,0,55,208
12/20/2016,SRQ,FL,ASO,ES,Towers with Radar,33,24,77,0,134,0,0,19,0,19,33,24,96,0,153,13,0,13,166
12/21/2016,SRQ,FL,ASO,ES,Towers with Radar,35,33,73,2,143,0,5,33,0,38,35,38,106,2,181,43,0,43,224
12/22/2016,SRQ,FL,ASO,ES,Towers with Radar,38,24,62,0,124,0,6,101,0,107,38,30,163,0,231,50,0,50,281
12/23/2016,SRQ,FL,ASO,ES,Towers with Radar,40,20,72,2,134,0,1,79,0,80,40,21,151,2,214,58,0,58,272
12/24/2016,SRQ,FL,ASO,ES,Towers with Radar,32,25,27,0,84,0,0,54,0,54,32,25,81,0,138,23,0,23,161
12/25/2016,SRQ,FL,ASO,ES,Towers with Radar,40,16,11,0,67,0,3,19,0,22,40,19,30,0,89,0,0,0,89
12/26/2016,SRQ,FL,ASO,ES,Towers with Radar,42,52,113,0,207,0,1,77,1,79,42,53,190,1,286,41,0,41,327
12/27/2016,SRQ,FL,ASO,ES,Towers with Radar,44,31,86,0,161,0,5,88,0,93,44,36,174,0,254,66,0,66,320
12/28/2016,SRQ,FL,ASO,ES,Towers with Radar,45,43,67,0,155,0,2,128,0,130,45,45,195,0,285,66,0,66,351
12/29/2016,SRQ,FL,ASO,ES,Towers with Radar,45,26,61,2,134,0,0,103,3,106,45,26,164,5,240,38,8,46,286
12/30/2016,SRQ,FL,ASO,ES,Towers with Radar,43,35,64,0,142,0,2,72,6,80,43,37,136,6,222,12,0,12,234
12/31/2016,SRQ,FL,ASO,ES,Towers with Radar,32,32,46,0,110,0,0,123,0,123,32,32,169,0,233,45,0,45,278
01/01/2017,SRQ,FL,ASO,ES,Towers with Radar,42,30,47,0,119,0,8,35,1,44,42,38,82,1,163,24,0,24,187
01/02/2017,SRQ,FL,ASO,ES,Towers with Radar,38,29,119,0,186,0,4,84,0,88,38,33,203,0,274,41,2,43,317
01/03/2017,SRQ,FL,ASO,ES,Towers with Radar,33,41,115,0,189,0,0,35,0,35,33,41,150,0,224,32,0,32,256
01/04/2017,SRQ,FL,ASO,ES,Towers with Radar,34,32,67,6,139,0,4,80,4,88,34,36,147,10,227,54,0,54,281
01/05/2017,SRQ,FL,ASO,ES,Towers with Radar,32,33,89,0,154,0,2,99,0,101,32,35,188,0,255,70,0,70,325
01/06/2017,SRQ,FL,ASO,ES,Towers with Radar,31,20,84,19,154,0,2,90,1,93,31,22,174,20,247,91,0,91,338
01/07/2017,SRQ,FL,ASO,ES,Towers with Radar,22,20,51,0,93,0,0,12,2,14,22,20,63,2,107,6,0,6,113
01/08/2017,SRQ,FL,ASO,ES,Towers with Radar,35,32,54,18,139,0,6,65,0,71,35,38,119,18,210,88,0,88,298
01/09/2017,SRQ,FL,ASO,ES,Towers with Radar,34,23,59,7,123,0,2,121,1,124,34,25,180,8,247,76,4,80,327
01/10/2017,SRQ,FL,ASO,ES,Towers with Radar,31,9,82,0,122,0,4,113,2,119,31,13,195,2,241,154,0,154,395
01/11/2017,SRQ,FL,ASO,ES,Towers with Radar,34,10,71,5,120,0,6,100,4,110,34,16,171,9,230,82,10,92,322
01/12/2017,SRQ,FL,ASO,ES,Towers with Radar,38,19,67,1,125,0,0,100,1,101,38,19,167,2,226,113,0,113,339
01/13/2017,SRQ,FL,ASO,ES,Towers with Radar,36,25,76,4,141,0,4,98,2,104,36,29,174,6,245,83,4,87,332
01/14/2017,SRQ,FL,ASO,ES,Towers with Radar,31,21,74,0,126,0,8,103,0,111,31,29,177,0,237,99,0,99,336
01/15/2017,SRQ,FL,ASO,ES,Towers with Radar,39,28,45,2,114,0,0,99,1,100,39,28,144,3,214,72,0,72,286
01/16/2017,SRQ,FL,ASO,ES,Towers with Radar,32,25,87,0,144,0,2,108,0,110,32,27,195,0,254,95,0,95,349
01/17/2017,SRQ,FL,ASO,ES,Towers with Radar,30,13,74,4,121,0,1,114,0,115,30,14,188,4,236,100,0,100,336
01/18/2017,SRQ,FL,ASO,ES,Towers with Radar,32,12,63,1,108,0,0,101,9,110,32,12,164,10,218,60,18,78,296
01/19/2017,SRQ,FL,ASO,ES,Towers with Radar,31,30,75,2,138,0,1,117,4,122,31,31,192,6,260,86,6,92,352
01/20/2017,SRQ,FL,ASO,ES,Towers with Radar,36,30,67,14,147,0,4,95,6,105,36,34,162,20,252,88,0,88,340
01/21/2017,SRQ,FL,ASO,ES,Towers with Radar,32,22,68,1,123,0,3,140,0,143,32,25,208,1,266,48,0,48,314
01/22/2017,SRQ,FL,ASO,ES,Towers with Radar,37,14,43,11,105,0,0,7,3,10,37,14,50,14,115,2,0,2,117
01/23/2017,SRQ,FL,ASO,ES,Towers with Radar,31,26,44,0,101,0,1,15,2,18,31,27,59,2,119,6,0,6,125
01/24/2017,SRQ,FL,ASO,ES,Towers with Radar,30,23,81,0,134,0,2,104,2,108,30,25,185,2,242,109,0,109,351
01/25/2017,SRQ,FL,ASO,ES,Towers with Radar,32,23,96,2,153,0,0,144,0,144,32,23,240,2,297,158,0,158,455
01/26/2017,SRQ,FL,ASO,ES,Towers with Radar,34,26,93,1,154,0,3,70,14,87,34,29,163,15,241,98,0,98,339
01/27/2017,SRQ,FL,ASO,ES,Towers with Radar,35,21,71,0,127,0,9,110,1,120,35,30,181,1,247,96,0,96,343
01/28/2017,SRQ,FL,ASO,ES,Towers with Radar,32,25,50,0,107,0,0,110,3,113,32,25,160,3,220,70,0,70,290
01/29/2017,SRQ,FL,ASO,ES,Towers with Radar,33,32,66,2,133,0,1,28,2,31,33,33,94,4,164,2,0,2,166
01/30/2017,SRQ,FL,ASO,ES,Towers with Radar,32,23,45,0,100,0,0,75,2,77,32,23,120,2,177,36,0,36,213
01/31/2017,SRQ,FL,ASO,ES,Towers with Radar,32,35,75,8,150,0,0,130,0,130,32,35,205,8,280,114,0,114,394
02/01/2017,SRQ,FL,ASO,ES,Towers with Radar,34,28,93,0,155,0,0,109,0,109,34,28,202,0,264,96,0,96,360
02/02/2017,SRQ,FL,ASO,ES,Towers with Radar,38,17,87,0,142,0,5,138,3,146,38,22,225,3,288,66,0,66,354
02/03/2017,SRQ,FL,ASO,ES,Towers with Radar,37,24,93,7,161,0,3,139,0,142,37,27,232,7,303,73,0,73,376
02/04/2017,SRQ,FL,ASO,ES,Towers with Radar,31,16,87,0,134,0,3,98,1,102,31,19,185,1,236,56,0,56,292
02/05/2017,SRQ,FL,ASO,ES,Towers with Radar,40,20,70,0,130,0,3,87,0,90,40,23,157,0,220,75,0,75,295
02/06/2017,SRQ,FL,ASO,ES,Towers with Radar,32,15,109,2,158,0,4,76,0,80,32,19,185,2,238,56,0,56,294
02/07/2017,SRQ,FL,ASO,ES,Towers with Radar,29,18,71,2,120,0,1,94,0,95,29,19,165,2,215,90,0,90,305
02/08/2017,SRQ,FL,ASO,ES,Towers with Radar,32,40,116,19,207,0,3,63,3,69,32,43,179,22,276,50,0,50,326
02/09/2017,SRQ,FL,ASO,ES,Towers with Radar,27,37,84,0,148,0,1,73,0,74,27,38,157,0,222,64,0,64,286
02/10/2017,SRQ,FL,ASO,ES,Towers with Radar,34,27,97,8,166,0,3,150,2,155,34,30,247,10,321,122,0,122,443
02/11/2017,SRQ,FL,ASO,ES,Towers with Radar,36,24,60,4,124,0,4,142,1,147,36,28,202,5,271,93,0,93,364
02/12/2017,SRQ,FL,ASO,ES,Towers with Radar,38,31,57,3,129,0,0,134,5,139,38,31,191,8,268,54,0,54,322
02/13/2017,SRQ,FL,ASO,ES,Towers with Radar,28,30,83,2,143,0,0,54,0,54,28,30,137,2,197,8,0,8,205
02/14/2017,SRQ,FL,ASO,ES,Towers with Radar,32,33,86,17,168,0,2,104,7,113,32,35,190,24,281,48,0,48,329
02/15/2017,SRQ,FL,ASO,ES,Towers with Radar,34,32,71,4,141,0,1,45,0,46,34,33,116,4,187,12,0,12,199
02/16/2017,SRQ,FL,ASO,ES,Towers with Radar,42,43,79,8,172,0,3,121,0,124,42,46,200,8,296,65,0,65,361
02/17/2017,SRQ,FL,ASO,ES,Towers with Radar,41,43,82,12,178,0,8,126,0,134,41,51,208,12,312,69,0,69,381
02/18/2017,SRQ,FL,ASO,ES,Towers with Radar,36,19,57,8,120,0,1,95,6,102,36,20,152,14,222,115,0,115,337
02/19/2017,SRQ,FL,ASO,ES,Towers with Radar,42,31,89,2,164,0,0,66,0,66,42,31,155,2,230,65,0,65,295
02/20/2017,SRQ,FL,ASO,ES,Towers with Radar,39,36,82,0,157,0,2,114,0,116,39,38,196,0,273,76,0,76,349
02/21/2017,SRQ,FL,ASO,ES,Towers with Radar,40,24,86,21,171,0,2,136,1,139,40,26,222,22,310,77,0,77,387
02/22/2017,SRQ,FL,ASO,ES,Towers with Radar,40,27,69,19,155,0,2,10,1,13,40,29,79,20,168,32,0,32,200
02/23/2017,SRQ,FL,ASO,ES,Towers with Radar,40,30,110,0,180,0,0,35,2,37,40,30,145,2,217,54,0,54,271
02/24/2017,SRQ,FL,ASO,ES,Towers with Radar,44,24,84,7,159,0,1,92,1,94,44,25,176,8,253,94,0,94,347
02/25/2017,SRQ,FL,ASO,ES,Towers with Radar,39,26,78,0,143,0,0,94,1,95,39,26,172,1,238,20,0,20,258
02/26/2017,SRQ,FL,ASO,ES,Towers with Radar,45,50,102,0,197,0,3,105,0,108,45,53,207,0,305,35,0,35,340
02/27/2017,SRQ,FL,ASO,ES,Towers with Radar,38,31,63,3,135,0,1,111,1,113,38,32,174,4,248,63,0,63,311
02/28/2017,SRQ,FL,ASO,ES,Towers with Radar,39,29,88,9,165,0,1,90,6,97,39,30,178,15,262,130,0,130,392
03/01/2017,SRQ,FL,ASO,ES,Towers with Radar,37,34,69,7,147,0,2,114,1,117,37,36,183,8,264,146,0,146,410
03/02/2017,SRQ,FL,ASO,ES,Towers with Radar,43,18,69,3,133,0,4,117,1,122,43,22,186,4,255,72,0,72,327
03/03/2017,SRQ,FL,ASO,ES,Towers with Radar,41,20,74,2,137,0,0,107,0,107,41,20,181,2,244,75,0,75,319
03/04/2017,SRQ,FL,ASO,ES,Towers with Radar,41,18,59,0,118,0,2,93,0,95,41,20,152,0,213,0,0,0,213
03/05/2017,SRQ,FL,ASO,ES,Towers with Radar,46,21,71,0,138,0,3,47,0,50,46,24,118,0,188,24,0,24,212
03/06/2017,SRQ,FL,ASO,ES,Towers with Radar,42,26,72,4,144,0,0,57,4,61,42,26,129,8,205,12,0,12,217
03/07/2017,SRQ,FL,ASO,ES,Towers with Radar,39,19,68,0,126,0,0,102,0,102,39,19,170,0,228,86,0,86,314
03/08/2017,SRQ,FL,ASO,ES,Towers with Radar,41,21,83,2,147,0,8,156,14,178,41,29,239,16,325,82,0,82,407
03/09/2017,SRQ,FL,ASO,ES,Towers with Radar,50,24,109,1,184,0,1,129,1,131,50,25,238,2,315,86,0,86,401
03/10/2017,SRQ,FL,ASO,ES,Towers with Radar,43,31,81,0,155,0,2,130,2,134,43,33,211,2,289,75,0,75,364
03/11/2017,SRQ,FL,ASO,ES,Towers with Radar,50,25,74,0,149,0,3,118,0,121,50,28,192,0,270,34,0,34,304
03/12/2017,SRQ,FL,ASO,ES,Towers with Radar,50,27,62,0,139,0,0,84,0,84,50,27,146,0,223,36,0,36,259
03/13/2017,SRQ,FL,ASO,ES,Towers with Radar,41,22,94,18,175,0,2,42,2,46,41,24,136,20,221,46,4,50,271
03/14/2017,SRQ,FL,ASO,ES,Towers with Radar,32,5,80,0,117,0,1,57,3,61,32,6,137,3,178,56,0,56,234
03/15/2017,SRQ,FL,ASO,ES,Towers with Radar,42,34,89,5,170,0,4,115,4,123,42,38,204,9,293,72,10,82,375
03/16/2017,SRQ,FL,ASO,ES,Towers with Radar,46,30,109,0,185,0,6,125,2,133,46,36,234,2,318,69,1,70,388
03/17/2017,SRQ,FL,ASO,ES,Towers with Radar,44,39,91,6,180,0,1,123,4,128,44,40,214,10,308,75,0,75,383
03/18/2017,SRQ,FL,ASO,ES,Towers with Radar,50,34,98,4,186,0,0,120,0,120,50,34,218,4,306,53,0,53,359
03/19/2017,SRQ,FL,ASO,ES,Towers with Radar,52,36,92,0,180,0,5,80,0,85,52,41,172,0,265,85,0,85,350
03/20/2017,SRQ,FL,ASO,ES,Towers with Radar,42,16,66,0,124,0,0,101,2,103,42,16,167,2,227,54,0,54,281
03/21/2017,SRQ,FL,ASO,ES,Towers with Radar,40,27,69,11,147,0,5,103,7,115,40,32,172,18,262,78,0,78,340
03/22/2017,SRQ,FL,ASO,ES,Towers with Radar,42,21,77,4,144,0,0,110,0,110,42,21,187,4,254,148,0,148,402
03/23/2017,SRQ,FL,ASO,ES,Towers with Radar,45,31,70,0,146,0,1,94,0,95,45,32,164,0,241,114,0,114,355
03/24/2017,SRQ,FL,ASO,ES,Towers with Radar,43,31,91,4,169,0,0,105,0,105,43,31,196,4,274,18,0,18,292
03/25/2017,SRQ,FL,ASO,ES,Towers with Radar,49,35,74,0,158,0,4,108,0,112,49,39,182,0,270,43,0,43,313
03/26/2017,SRQ,FL,ASO,ES,Towers with Radar,52,28,68,0,148,0,2,89,0,91,52,30,157,0,239,51,0,51,290
03/27/2017,SRQ,FL,ASO,ES,Towers with Radar,42,18,81,4,145,0,6,97,0,103,42,24,178,4,248,70,0,70,318
03/28/2017,SRQ,FL,ASO,ES,Towers with Radar,40,14,75,0,129,0,2,124,0,126,40,16,199,0,255,66,0,66,321
03/29/2017,SRQ,FL,ASO,ES,Towers with Radar,42,18,65,0,125,0,3,146,6,155,42,21,211,6,280,68,0,68,348
03/30/2017,SRQ,FL,ASO,ES,Towers with Radar,48,26,89,1,164,0,2,102,5,109,48,28,191,6,273,52,0,52,325
03/31/2017,SRQ,FL,ASO,ES,Towers with Radar,45,33,73,0,151,0,1,56,2,59,45,34,129,2,210,28,0,28,238
04/01/2017,SRQ,FL,ASO,ES,Towers with Radar,42,19,93,2,156,0,2,128,3,133,42,21,221,5,289,44,0,44,333
04/02/2017,SRQ,FL,ASO,ES,Towers with Radar,46,20,72,0,138,0,0,113,1,114,46,20,185,1,252,81,0,81,333
04/03/2017,SRQ,FL,ASO,ES,Towers with Radar,38,21,75,0,134,0,5,74,0,79,38,26,149,0,213,109,0,109,322
04/04/2017,SRQ,FL,ASO,ES,Towers with Radar,35,21,50,3,109,0,0,81,6,87,35,21,131,9,196,122,4,126,322
04/05/2017,SRQ,FL,ASO,ES,Towers with Radar,31,28,71,17,147,0,0,85,3,88,31,28,156,20,235,94,0,94,329
04/06/2017,SRQ,FL,ASO,ES,Towers with Radar,27,31,90,0,148,0,3,76,4,83,27,34,166,4,231,38,0,38,269
04/07/2017,SRQ,FL,ASO,ES,Towers with Radar,32,30,96,4,162,0,2,105,0,107,32,32,201,4,269,38,0,38,307
04/08/2017,SRQ,FL,ASO,ES,Towers with Radar,41,23,68,0,132,0,0,123,0,123,41,23,191,0,255,118,0,118,373
04/09/2017,SRQ,FL,ASO,ES,Towers with Radar,41,25,72,4,142,0,6,83,0,89,41,31,155,4,231,68,0,68,299
04/10/2017,SRQ,FL,ASO,ES,Towers with Radar,36,19,70,2,127,0,3,104,0,107,36,22,174,2,234,118,0,118,352
04/11/2017,SRQ,FL,ASO,ES,Towers with Radar,36,10,88,2,136,0,2,108,5,115,36,12,196,7,251,109,0,109,360
04/12/2017,SRQ,FL,ASO,ES,Towers with Radar,35,25,80,0,140,0,0,141,0,141,35,25,221,0,281,140,0,140,421
04/13/2017,SRQ,FL,ASO,ES,Towers with Radar,38,27,105,0,170,0,6,139,0,145,38,33,244,0,315,173,0,173,488
04/14/2017,SRQ,FL,ASO,ES,Towers with Radar,38,33,92,1,164,0,0,97,2,99,38,33,189,3,263,62,0,62,325
04/15/2017,SRQ,FL,ASO,ES,Towers with Radar,45,20,62,0,127,0,0,143,6,149,45,20,205,6,276,58,0,58,334
04/16/2017,SRQ,FL,ASO,ES,Towers with Radar,42,20,32,0,94,0,0,62,0,62,42,20,94,0,156,20,0,20,176
04/17/2017,SRQ,FL,ASO,ES,Towers with Radar,36,30,102,2,170,0,3,115,1,119,36,33,217,3,289,67,0,67,356
04/18/2017,SRQ,FL,ASO,ES,Towers with Radar,34,17,76,4,131,0,0,105,0,105,34,17,181,4,236,131,0,131,367
04/19/2017,SRQ,FL,ASO,ES,Towers with Radar,36,19,89,0,144,0,2,136,0,138,36,21,225,0,282,66,0,66,348
04/20/2017,SRQ,FL,ASO,ES,Towers with Radar,36,24,86,8,154,0,3,110,4,117,36,27,196,12,271,132,0,132,403
04/21/2017,SRQ,FL,ASO,ES,Towers with Radar,38,20,80,1,139,0,0,105,2,107,38,20,185,3,246,54,0,54,300
04/22/2017,SRQ,FL,ASO,ES,Towers with Radar,44,10,63,0,117,0,2,93,4,99,44,12,156,4,216,135,0,135,351
04/23/2017,SRQ,FL,ASO,ES,Towers with Radar,42,16,55,2,115,0,1,60,1,62,42,17,115,3,177,20,0,20,197
04/24/2017,SRQ,FL,ASO,ES,Towers with Radar,34,25,95,0,154,0,6,49,1,56,34,31,144,1,210,36,0,36,246
04/25/2017,SRQ,FL,ASO,ES,Towers with Radar,34,28,47,0,109,0,2,118,0,120,34,30,165,0,229,180,0,180,409
04/26/2017,SRQ,FL,ASO,ES,Towers with Radar,36,22,60,4,122,0,1,120,2,123,36,23,180,6,245,186,0,186,431
04/27/2017,SRQ,FL,ASO,ES,Towers with Radar,38,15,84,0,137,0,2,95,0,97,38,17,179,0,234,44,0,44,278
04/28/2017,SRQ,FL,ASO,ES,Towers with Radar,37,23,108,3,171,0,3,94,1,98,37,26,202,4,269,20,0,20,289
04/29/2017,SRQ,FL,ASO,ES,Towers with Radar,42,17,80,0,139,0,3,100,0,103,42,20,180,0,242,109,0,109,351
04/30/2017,SRQ,FL,ASO,ES,Towers with Radar,42,35,67,0,144,0,0,70,0,70,42,35,137,0,214,34,0,34,248
05/01/2017,SRQ,FL,ASO,ES,Towers with Radar,34,18,78,2,132,0,4,101,2,107,34,22,179,4,239,93,0,93,332
05/02/2017,SRQ,FL,ASO,ES,Towers with Radar,33,14,74,4,125,0,1,123,3,127,33,15,197,7,252,199,6,205,457
05/03/2017,SRQ,FL,ASO,ES,Towers with Radar,36,16,77,2,131,0,2,127,1,130,36,18,204,3,261,180,0,180,441
05/04/2017,SRQ,FL,ASO,ES,Towers with Radar,36,13,95,15,159,0,0,92,2,94,36,13,187,17,253,69,0,69,322
05/05/2017,SRQ,FL,ASO,ES,Towers with Radar,31,17,83,3,134,0,1,80,1,82,31,18,163,4,216,74,0,74,290
05/06/2017,SRQ,FL,ASO,ES,Towers with Radar,32,11,64,0,107,0,0,75,0,75,32,11,139,0,182,66,0,66,248
05/07/2017,SRQ,FL,ASO,ES,Towers with Radar,29,33,63,0,125,0,0,91,0,91,29,33,154,0,216,16,0,16,232
05/08/2017,SRQ,FL,ASO,ES,Towers with Radar,31,35,52,2,120,0,7,116,0,123,31,42,168,2,243,108,0,108,351
05/09/2017,SRQ,FL,ASO,ES,Towers with Radar,30,27,71,6,134,0,2,133,0,135,30,29,204,6,269,112,0,112,381
05/10/2017,SRQ,FL,ASO,ES,Towers with Radar,30,19,73,1,123,0,2,144,1,147,30,21,217,2,270,70,0,70,340
05/11/2017,SRQ,FL,ASO,ES,Towers with Radar,36,16,88,6,146,0,0,113,7,120,36,16,201,13,266,165,0,165,431
05/12/2017,SRQ,FL,ASO,ES,Towers with Radar,31,34,92,1,158,0,0,103,1,104,31,34,195,2,262,160,0,160,422
05/13/2017,SRQ,FL,ASO,ES,Towers with Radar,32,18,43,3,96,0,0,49,0,49,32,18,92,3,145,92,6,98,243
05/14/2017,SRQ,FL,ASO,ES,Towers with Radar,32,15,64,3,114,0,4,82,1,87,32,19,146,4,201,39,0,39,240
05/15/2017,SRQ,FL,ASO,ES,Towers with Radar,30,16,64,0,110,0,2,66,0,68,30,18,130,0,178,121,0,121,299
05/16/2017,SRQ,FL,ASO,ES,Towers with Radar,30,3,47,0,80,0,1,104,0,105,30,4,151,0,185,157,0,157,342
05/17/2017,SRQ,FL,ASO,ES,Towers with Radar,29,17,73,2,121,0,0,116,0,116,29,17,189,2,237,82,0,82,319
05/18/2017,SRQ,FL,ASO,ES,Towers with Radar,36,21,77,0,134,0,2,84,0,86,36,23,161,0,220,63,0,63,283
05/19/2017,SRQ,FL,ASO,ES,Towers with Radar,28,16,54,6,104,0,2,65,0,67,28,18,119,6,171,38,0,38,209
05/20/2017,SRQ,FL,ASO,ES,Towers with Radar,31,22,55,0,108,0,2,105,0,107,31,24,160,0,215,121,0,121,336
05/21/2017,SRQ,FL,ASO,ES,Towers with Radar,34,20,72,0,126,0,3,88,0,91,34,23,160,0,217,84,0,84,301
05/22/2017,SRQ,FL,ASO,ES,Towers with Radar,28,23,79,7,137,0,0,96,2,98,28,23,175,9,235,120,0,120,355
05/23/2017,SRQ,FL,ASO,ES,Towers with Radar,28,27,77,18,150,0,4,45,17,66,28,31,122,35,216,43,19,62,278
05/24/2017,SRQ,FL,ASO,ES,Towers with Radar,31,19,39,0,89,0,4,7,0,11,31,23,46,0,100,0,0,0,100
05/25/2017,SRQ,FL,ASO,ES,Towers with Radar,31,24,74,0,129,0,2,71,8,81,31,26,145,8,210,58,0,58,268
05/26/2017,SRQ,FL,ASO,ES,Towers with Radar,28,29,93,6,156,0,3,145,0,148,28,32,238,6,304,90,0,90,394
05/27/2017,SRQ,FL,ASO,ES,Towers with Radar,27,20,50,0,97,0,2,105,0,107,27,22,155,0,204,113,0,113,317
05/28/2017,SRQ,FL,ASO,ES,Towers with Radar,30,9,33,0,72,0,4,79,5,88,30,13,112,5,160,53,8,61,221
05/29/2017,SRQ,FL,ASO,ES,Towers with Radar,28,22,67,0,117,0,3,84,6,93,28,25,151,6,210,40,0,40,250
05/30/2017,SRQ,FL,ASO,ES,Towers with Radar,28,12,74,10,124,0,4,106,0,110,28,16,180,10,234,128,0,128,362
05/31/2017,SRQ,FL,ASO,ES,Towers with Radar,28,23,51,2,104,0,2,134,0,136,28,25,185,2,240,148,0,148,388
06/01/2017,SRQ,FL,ASO,ES,Towers with Radar,32,13,73,0,118,0,1,111,0,112,32,14,184,0,230,109,0,109,339
06/02/2017,SRQ,FL,ASO,ES,Towers with Radar,28,15,54,0,97,0,0,49,0,49,28,15,103,0,146,100,0,100,246
06/03/2017,SRQ,FL,ASO,ES,Towers with Radar,28,18,33,0,79,0,2,57,0,59,28,20,90,0,138,66,0,66,204
06/04/2017,SRQ,FL,ASO,ES,Towers with Radar,30,10,42,0,82,0,1,32,0,33,30,11,74,0,115,23,0,23,138
06/05/2017,SRQ,FL,ASO,ES,Towers with Radar,26,12,46,0,84,0,1,14,0,15,26,13,60,0,99,6,0,6,105
06/06/2017,SRQ,FL,ASO,ES,Towers with Radar,25,11,31,2,69,0,0,19,0,19,25,11,50,2,88,29,0,29,117
06/07/2017,SRQ,FL,ASO,ES,Towers with Radar,26,11,39,2,78,0,0,15,2,17,26,11,54,4,95,0,0,0,95
06/08/2017,SRQ,FL,ASO,ES,Towers with Radar,28,6,79,2,115,0,0,47,4,51,28,6,126,6,166,68,0,68,234
06/09/2017,SRQ,FL,ASO,ES,Towers with Radar,23,21,82,9,135,0,3,106,7,116,23,24,188,16,251,77,0,77,328
06/10/2017,SRQ,FL,ASO,ES,Towers with Radar,26,8,50,0,84,0,3,35,0,38,26,11,85,0,122,69,0,69,191
06/11/2017,SRQ,FL,ASO,ES,Towers with Radar,28,19,40,0,87,0,2,30,0,32,28,21,70,0,119,103,0,103,222
06/12/2017,SRQ,FL,ASO,ES,Towers with Radar,24,9,70,4,107,0,0,47,0,47,24,9,117,4,154,46,0,46,200
06/13/2017,SRQ,FL,ASO,ES,Towers with Radar,26,7,49,6,88,0,0,56,12,68,26,7,105,18,156,87,8,95,251
06/14/2017,SRQ,FL,ASO,ES,Towers with Radar,26,12,61,2,101,0,3,82,0,85,26,15,143,2,186,108,0,108,294
06/15/2017,SRQ,FL,ASO,ES,Towers with Radar,23,10,55,3,91,0,0,74,2,76,23,10,129,5,167,84,0,84,251
06/16/2017,SRQ,FL,ASO,ES,Towers with Radar,23,4,67,0,94,0,2,83,2,87,23,6,150,2,181,36,0,36,217
06/17/2017,SRQ,FL,ASO,ES,Towers with Radar,35,15,99,0,149,0,1,112,1,114,35,16,211,1,263,22,0,22,285
06/18/2017,SRQ,FL,ASO,ES,Towers with Radar,24,12,44,0,80,0,2,47,0,49,24,14,91,0,129,24,0,24,153
06/19/2017,SRQ,FL,ASO,ES,Towers with Radar,22,22,53,0,97,0,2,24,0,26,22,24,77,0,123,69,0,69,192
06/20/2017,SRQ,FL,ASO,ES,Towers with Radar,25,9,102,1,137,0,0,57,5,62,25,9,159,6,199,45,0,45,244
06/21/2017,SRQ,FL,ASO,ES,Towers with Radar,23,9,72,2,106,0,0,99,0,99,23,9,171,2,205,64,0,64,269
06/22/2017,SRQ,FL,ASO,ES,Towers with Radar,24,12,82,6,124,0,0,95,2,97,24,12,177,8,221,79,0,79,300
06/23/2017,SRQ,FL,ASO,ES,Towers with Radar,22,19,102,2,145,0,1,107,6,114,22,20,209,8,259,61,0,61,320
06/24/2017,SRQ,FL,ASO,ES,Towers with Radar,24,6,45,0,75,0,0,89,0,89,24,6,134,0,164,24,0,24,188
06/25/2017,SRQ,FL,ASO,ES,Towers with Radar,24,14,54,0,92,0,0,55,1,56,24,14,109,1,148,64,0,64,212
06/26/2017,SRQ,FL,ASO,ES,Towers with Radar,24,14,56,0,94,0,0,63,0,63,24,14,119,0,157,25,0,25,182
06/27/2017,SRQ,FL,ASO,ES,Towers with Radar,23,12,52,4,91,0,0,68,2,70,23,12,120,6,161,20,0,20,181
06/28/2017,SRQ,FL,ASO,ES,Towers with Radar,24,18,68,0,110,0,0,76,0,76,24,18,144,0,186,56,0,56,242
06/29/2017,SRQ,FL,ASO,ES,Towers with Radar,24,16,62,2,104,0,2,93,0,95,24,18,155,2,199,77,0,77,276
06/30/2017,SRQ,FL,ASO,ES,Towers with Radar,23,22,59,4,108,0,2,68,0,70,23,24,127,4,178,0,0,0,178
07/01/2017,SRQ,FL,ASO,ES,Towers with Radar,26,12,52,0,90,0,0,94,0,94,26,12,146,0,184,63,0,63,247
07/02/2017,SRQ,FL,ASO,ES,Towers with Radar,19,17,37,0,73,0,0,101,0,101,19,17,138,0,174,24,0,24,198
07/03/2017,SRQ,FL,ASO,ES,Towers with Radar,21,4,49,0,74,0,0,89,0,89,21,4,138,0,163,61,0,61,224
07/04/2017,SRQ,FL,ASO,ES,Towers with Radar,22,5,22,0,49,0,0,58,1,59,22,5,80,1,108,44,0,44,152
07/05/2017,SRQ,FL,ASO,ES,Towers with Radar,24,3,61,0,88,0,3,123,0,126,24,6,184,0,214,37,0,37,251
07/06/2017,SRQ,FL,ASO,ES,Towers with Radar,24,12,67,4,107,0,3,91,0,94,24,15,158,4,201,79,0,79,280
07/07/2017,SRQ,FL,ASO,ES,Towers with Radar,25,9,54,2,90,0,1,116,0,117,25,10,170,2,207,88,0,88,295
07/08/2017,SRQ,FL,ASO,ES,Towers with Radar,25,9,46,0,80,0,0,65,0,65,25,9,111,0,145,0,0,0,145
07/09/2017,SRQ,FL,ASO,ES,Towers with Radar,21,18,43,0,82,0,3,64,2,69,21,21,107,2,151,20,0,20,171
07/10/2017,SRQ,FL,ASO,ES,Towers with Radar,25,11,26,0,62,0,2,73,2,77,25,13,99,2,139,93,0,93,232
07/11/2017,SRQ,FL,ASO,ES,Towers with Radar,24,1,55,0,80,0,5,81,0,86,24,6,136,0,166,36,0,36,202
07/12/2017,SRQ,FL,ASO,ES,Towers with Radar,27,8,46,0,81,0,0,89,0,89,27,8,135,0,170,46,0,46,216
07/13/2017,SRQ,FL,ASO,ES,Towers with Radar,23,10,57,10,100,0,2,82,0,84,23,12,139,10,184,60,6,66,250
07/14/2017,SRQ,FL,ASO,ES,Towers with Radar,25,18,47,9,99,0,4,93,0,97,25,22,140,9,196,156,0,156,352
07/15/2017,SRQ,FL,ASO,ES,Towers with Radar,27,6,54,0,87,0,0,123,0,123,27,6,177,0,210,70,0,70,280
07/16/2017,SRQ,FL,ASO,ES,Towers with Radar,26,8,54,16,104,0,0,82,4,86,26,8,136,20,190,74,8,82,272
07/17/2017,SRQ,FL,ASO,ES,Towers with Radar,28,7,47,2,84,0,0,74,0,74,28,7,121,2,158,59,0,59,217
07/18/2017,SRQ,FL,ASO,ES,Towers with Radar,22,9,54,2,87,0,0,79,0,79,22,9,133,2,166,55,0,55,221
07/19/2017,SRQ,FL,ASO,ES,Towers with Radar,25,4,42,0,71,0,1,86,0,87,25,5,128,0,158,130,0,130,288
07/20/2017,SRQ,FL,ASO,ES,Towers with Radar,28,12,64,0,104,0,0,81,0,81,28,12,145,0,185,134,0,134,319
07/21/2017,SRQ,FL,ASO,ES,Towers with Radar,25,6,43,2,76,0,3,90,1,94,25,9,133,3,170,62,0,62,232
07/22/2017,SRQ,FL,ASO,ES,Towers with Radar,30,14,57,0,101,0,0,17,0,17,30,14,74,0,118,3,0,3,121
07/23/2017,SRQ,FL,ASO,ES,Towers with Radar,22,10,34,0,66,0,2,23,0,25,22,12,57,0,91,4,0,4,95
07/24/2017,SRQ,FL,ASO,ES,Towers with Radar,25,7,44,17,93,0,6,65,0,71,25,13,109,17,164,74,0,74,238
07/25/2017,SRQ,FL,ASO,ES,Towers with Radar,25,10,59,0,94,0,3,121,1,125,25,13,180,1,219,79,0,79,298
07/26/2017,SRQ,FL,ASO,ES,Towers with Radar,25,13,63,3,104,0,1,94,11,106,25,14,157,14,210,119,12,131,341
07/27/2017,SRQ,FL,ASO,ES,Towers with Radar,26,11,35,1,73,0,1,82,0,83,26,12,117,1,156,97,0,97,253
07/28/2017,SRQ,FL,ASO,ES,Towers with Radar,23,9,51,0,83,0,0,107,2,109,23,9,158,2,192,52,0,52,244
07/29/2017,SRQ,FL,ASO,ES,Towers with Radar,27,7,43,0,77,0,2,65,0,67,27,9,108,0,144,53,0,53,197
07/30/2017,SRQ,FL,ASO,ES,Towers with Radar,24,5,49,0,78,0,2,26,0,28,24,7,75,0,106,10,0,10,116
07/31/2017,SRQ,FL,ASO,ES,Towers with Radar,24,8,27,0,59,0,0,3,0,3,24,8,30,0,62,12,0,12,74
08/01/2017,SRQ,FL,ASO,ES,Towers with Radar,25,6,48,2,81,0,1,83,4,88,25,7,131,6,169,94,0,94,263
08/02/2017,SRQ,FL,ASO,ES,Towers with Radar,23,13,67,1,104,0,0,47,0,47,23,13,114,1,151,86,0,86,237
08/03/2017,SRQ,FL,ASO,ES,Towers with Radar,26,11,70,2,109,0,1,98,1,100,26,12,168,3,209,160,0,160,369
08/04/2017,SRQ,FL,ASO,ES,Towers with Radar,26,10,71,3,110,0,0,125,1,126,26,10,196,4,236,149,0,149,385
08/05/2017,SRQ,FL,ASO,ES,Towers with Radar,27,13,50,2,92,0,6,82,0,88,27,19,132,2,180,128,0,128,308
08/06/2017,SRQ,FL,ASO,ES,Towers with Radar,23,13,39,0,75,0,4,62,0,66,23,17,101,0,141,34,0,34,175
08/07/2017,SRQ,FL,ASO,ES,Towers with Radar,24,7,60,10,101,0,0,80,0,80,24,7,140,10,181,104,0,104,285
08/08/2017,SRQ,FL,ASO,ES,Towers with Radar,24,16,77,17,134,1,0,99,0,100,25,16,176,17,234,52,0,52,286
08/09/2017,SRQ,FL,ASO,ES,Towers with Radar,26,11,62,4,103,0,2,94,1,97,26,13,156,5,200,128,0,128,328
08/10/2017,SRQ,FL,ASO,ES,Towers with Radar,26,5,80,10,121,0,6,113,0,119,26,11,193,10,240,116,0,116,356
08/11/2017,SRQ,FL,ASO,ES,Towers with Radar,24,12,77,2,115,0,0,77,1,78,24,12,154,3,193,70,0,70,263
08/12/2017,SRQ,FL,ASO,ES,Towers with Radar,27,12,37,0,76,0,1,83,5,89,27,13,120,5,165,102,0,102,267
08/13/2017,SRQ,FL,ASO,ES,Towers with Radar,24,12,57,0,93,0,0,69,0,69,24,12,126,0,162,62,0,62,224
08/14/2017,SRQ,FL,ASO,ES,Towers with Radar,25,24,46,4,99,0,0,68,0,68,25,24,114,4,167,71,0,71,238
08/15/2017,SRQ,FL,ASO,ES,Towers with Radar,22,14,67,8,111,0,0,111,8,119,22,14,178,16,230,174,0,174,404
08/16/2017,SRQ,FL,ASO,ES,Towers with Radar,21,10,71,0,102,0,0,116,0,116,21,10,187,0,218,128,0,128,346
08/17/2017,SRQ,FL,ASO,ES,Towers with Radar,24,12,38,0,74,0,2,96,1,99,24,14,134,1,173,98,0,98,271
08/18/2017,SRQ,FL,ASO,ES,Towers with Radar,25,6,67,0,98,0,0,106,0,106,25,6,173,0,204,188,0,188,392
08/19/2017,SRQ,FL,ASO,ES,Towers with Radar,24,14,63,0,101,0,2,141,0,143,24,16,204,0,244,115,0,115,359
08/20/2017,SRQ,FL,ASO,ES,Towers with Radar,24,12,38,1,75,0,5,74,0,79,24,17,112,1,154,51,0,51,205
08/21/2017,SRQ,FL,ASO,ES,Towers with Radar,25,15,82,0,122,0,0,100,0,100,25,15,182,0,222,111,0,111,333
08/22/2017,SRQ,FL,ASO,ES,Towers with Radar,21,11,66,2,100,0,2,107,7,116,21,13,173,9,216,88,0,88,304
08/23/2017,SRQ,FL,ASO,ES,Towers with Radar,22,9,53,9,93,0,2,65,1,68,22,11,118,10,161,48,0,48,209
08/24/2017,SRQ,FL,ASO,ES,Towers with Radar,27,11,60,0,98,0,0,55,0,55,27,11,115,0,153,54,0,54,207
08/25/2017,SRQ,FL,ASO,ES,Towers with Radar,24,14,98,0,136,0,0,19,0,19,24,14,117,0,155,0,0,0,155
08/26/2017,SRQ,FL,ASO,ES,Towers with Radar,20,8,28,0,56,0,0,20,0,20,20,8,48,0,76,12,0,12,88
08/27/2017,SRQ,FL,ASO,ES,Towers with Radar,26,22,21,0,69,0,1,2,0,3,26,23,23,0,72,0,0,0,72
08/28/2017,SRQ,FL,ASO,ES,Towers with Radar,23,5,23,0,51,0,0,4,0,4,23,5,27,0,55,36,0,36,91
08/29/2017,SRQ,FL,ASO,ES,Towers with Radar,24,5,47,2,78,0,3,61,1,65,24,8,108,3,143,99,0,99,242
08/30/2017,SRQ,FL,ASO,ES,Towers with Radar,22,11,84,4,121,0,5,104,0,109,22,16,188,4,230,38,0,38,268
08/31/2017,SRQ,FL,ASO,ES,Towers with Radar,24,12,51,4,91,0,2,93,6,101,24,14,144,10,192,98,0,98,290
09/01/2017,SRQ,FL,ASO,ES,Towers with Radar,23,18,69,0,110,0,6,78,0,84,23,24,147,0,194,106,0,106,300
09/02/2017,SRQ,FL,ASO,ES,Towers with Radar,19,8,36,0,63,0,0,40,0,40,19,8,76,0,103,39,0,39,142
09/03/2017,SRQ,FL,ASO,ES,Towers with Radar,17,4,34,0,55,0,2,45,1,48,17,6,79,1,103,49,0,49,152
09/04/2017,SRQ,FL,ASO,ES,Towers with Radar,22,10,39,0,71,0,0,75,0,75,22,10,114,0,146,53,0,53,199
09/05/2017,SRQ,FL,ASO,ES,Towers with Radar,21,9,71,0,101,0,2,99,2,103,21,11,170,2,204,108,0,108,312
09/06/2017,SRQ,FL,ASO,ES,Towers with Radar,23,24,96,0,143,0,0,55,4,59,23,24,151,4,202,39,0,39,241
09/07/2017,SRQ,FL,ASO,ES,Towers with Radar,26,51,92,1,170,0,1,86,2,89,26,52,178,3,259,18,0,18,277
09/08/2017,SRQ,FL,ASO,ES,Towers with Radar,22,61,165,0,248,0,0,39,4,43,22,61,204,4,291,42,0,42,333
09/09/2017,SRQ,FL,ASO,ES,Towers with Radar,8,18,87,0,113,0,0,22,0,22,8,18,109,0,135,0,0,0,135
09/10/2017,SRQ,FL,ASO,ES,Towers with Radar,0,0,0,0,0,0,0,0,0,0,0,0,0,0,0,0,0,0,0
09/11/2017,SRQ,FL,ASO,ES,Towers with Radar,0,1,3,0,4,0,0,4,0,4,0,1,7,0,8,0,0,0,8
09/12/2017,SRQ,FL,ASO,ES,Towers with Radar,13,20,73,0,106,0,3,16,0,19,13,23,89,0,125,0,0,0,125
09/13/2017,SRQ,FL,ASO,ES,Towers with Radar,18,19,65,0,102,0,3,53,0,56,18,22,118,0,158,32,0,32,190
09/14/2017,SRQ,FL,ASO,ES,Towers with Radar,24,14,66,1,105,0,4,36,0,40,24,18,102,1,145,44,0,44,189
09/15/2017,SRQ,FL,ASO,ES,Towers with Radar,24,17,58,0,99,0,1,68,0,69,24,18,126,0,168,88,0,88,256
09/16/2017,SRQ,FL,ASO,ES,Towers with Radar,22,19,48,0,89,0,3,84,0,87,22,22,132,0,176,56,0,56,232
09/17/2017,SRQ,FL,ASO,ES,Towers with Radar,24,25,51,0,100,0,4,78,2,84,24,29,129,2,184,55,0,55,239
09/18/2017,SRQ,FL,ASO,ES,Towers with Radar,24,25,60,0,109,0,6,79,0,85,24,31,139,0,194,40,0,40,234
09/19/2017,SRQ,FL,ASO,ES,Towers with Radar,20,9,56,1,86,0,0,81,1,82,20,9,137,2,168,72,0,72,240
09/20/2017,SRQ,FL,ASO,ES,Towers with Radar,20,18,56,8,102,0,4,120,0,124,20,22,176,8,226,102,0,102,328
09/21/2017,SRQ,FL,ASO,ES,Towers with Radar,24,15,50,0,89,0,2,96,0,98,24,17,146,0,187,32,0,32,219
09/22/2017,SRQ,FL,ASO,ES,Towers with Radar,23,14,75,3,115,0,0,86,0,86,23,14,161,3,201,50,0,50,251
09/23/2017,SRQ,FL,ASO,ES,Towers with Radar,21,17,36,0,74,0,4,68,0,72,21,21,104,0,146,60,0,60,206
09/24/2017,SRQ,FL,ASO,ES,Towers with Radar,24,11,47,1,83,0,0,49,0,49,24,11,96,1,132,24,0,24,156
09/25/2017,SRQ,FL,ASO,ES,Towers with Radar,23,20,52,3,98,0,1,97,1,99,23,21,149,4,197,55,0,55,252
09/26/2017,SRQ,FL,ASO,ES,Towers with Radar,22,4,52,2,80,0,3,103,6,112,22,7,155,8,192,74,0,74,266
09/27/2017,SRQ,FL,ASO,ES,Towers with Radar,22,2,60,0,84,0,4,89,0,93,22,6,149,0,177,86,0,86,263
09/28/2017,SRQ,FL,ASO,ES,Towers with Radar,26,25,52,3,106,0,1,104,1,106,26,26,156,4,212,56,0,56,268
09/29/2017,SRQ,FL,ASO,ES,Towers with Radar,26,15,63,0,104,0,2,60,0,62,26,17,123,0,166,61,0,61,227
09/30/2017,SRQ,FL,ASO,ES,Towers with Radar,26,10,34,0,70,0,0,52,0,52,26,10,86,0,122,89,0,89,211
10/01/2017,SRQ,FL,ASO,ES,Towers with Radar,26,14,55,3,98,0,0,71,0,71,26,14,126,3,169,18,0,18,187
10/02/2017,SRQ,FL,ASO,ES,Towers with Radar,26,15,53,0,94,0,4,44,1,49,26,19,97,1,143,27,0,27,170
10/03/2017,SRQ,FL,ASO,ES,Towers with Radar,24,12,58,2,96,0,2,35,0,37,24,14,93,2,133,55,0,55,188
10/04/2017,SRQ,FL,ASO,ES,Towers with Radar,27,12,63,0,102,0,0,60,0,60,27,12,123,0,162,35,0,35,197
10/05/2017,SRQ,FL,ASO,ES,Towers with Radar,28,19,51,7,105,0,1,16,7,24,28,20,67,14,129,24,0,24,153
10/06/2017,SRQ,FL,ASO,ES,Towers with Radar,28,14,60,4,106,0,4,69,0,73,28,18,129,4,179,88,0,88,267
10/07/2017,SRQ,FL,ASO,ES,Towers with Radar,29,8,32,0,69,0,5,68,0,73,29,13,100,0,142,58,0,58,200
10/08/2017,SRQ,FL,ASO,ES,Towers with Radar,30,18,41,0,89,0,0,30,0,30,30,18,71,0,119,2,0,2,121
10/09/2017,SRQ,FL,ASO,ES,Towers with Radar,27,12,45,0,84,0,0,97,2,99,27,12,142,2,183,40,0,40,223
10/10/2017,SRQ,FL,ASO,ES,Towers with Radar,24,25,53,0,102,0,0,112,0,112,24,25,165,0,214,72,0,72,286
10/11/2017,SRQ,FL,ASO,ES,Towers with Radar,24,15,50,0,89,0,0,108,4,112,24,15,158,4,201,130,0,130,331
10/12/2017,SRQ,FL,ASO,ES,Towers with Radar,26,25,64,7,122,0,0,140,0,140,26,25,204,7,262,138,0,138,400
10/13/2017,SRQ,FL,ASO,ES,Towers with Radar,26,21,70,4,121,0,1,110,0,111,26,22,180,4,232,72,0,72,304
10/14/2017,SRQ,FL,ASO,ES,Towers with Radar,26,15,50,0,91,0,4,71,0,75,26,19,121,0,166,77,0,77,243
10/15/2017,SRQ,FL,ASO,ES,Towers with Radar,28,17,60,1,106,0,1,48,0,49,28,18,108,1,155,52,0,52,207
10/16/2017,SRQ,FL,ASO,ES,Towers with Radar,26,22,59,4,111,0,6,118,0,124,26,28,177,4,235,116,0,116,351
10/17/2017,SRQ,FL,ASO,ES,Towers with Radar,24,10,55,0,89,0,1,68,0,69,24,11,123,0,158,160,0,160,318
10/18/2017,SRQ,FL,ASO,ES,Towers with Radar,24,15,78,0,117,0,4,96,1,101,24,19,174,1,218,61,0,61,279
10/19/2017,SRQ,FL,ASO,ES,Towers with Radar,26,26,79,0,131,0,4,107,0,111,26,30,186,0,242,122,0,122,364
10/20/2017,SRQ,FL,ASO,ES,Towers with Radar,26,25,61,5,117,0,4,123,1,128,26,29,184,6,245,144,0,144,389
10/21/2017,SRQ,FL,ASO,ES,Towers with Radar,28,6,83,1,118,0,3,151,2,156,28,9,234,3,274,27,0,27,301
10/22/2017,SRQ,FL,ASO,ES,Towers with Radar,32,20,81,1,134,0,2,102,0,104,32,22,183,1,238,104,0,104,342
10/23/2017,SRQ,FL,ASO,ES,Towers with Radar,27,17,71,1,116,0,1,48,11,60,27,18,119,12,176,64,10,74,250
10/24/2017,SRQ,FL,ASO,ES,Towers with Radar,21,21,95,8,145,0,0,94,0,94,21,21,189,8,239,70,0,70,309
10/25/2017,SRQ,FL,ASO,ES,Towers with Radar,21,23,73,0,117,0,2,134,0,136,21,25,207,0,253,107,2,109,362
10/26/2017,SRQ,FL,ASO,ES,Towers with Radar,31,27,79,12,149,0,2,151,3,156,31,29,230,15,305,160,0,160,465
10/27/2017,SRQ,FL,ASO,ES,Towers with Radar,26,18,69,0,113,0,1,115,0,116,26,19,184,0,229,124,0,124,353
10/28/2017,SRQ,FL,ASO,ES,Towers with Radar,26,12,38,0,76,0,0,61,0,61,26,12,99,0,137,56,0,56,193
10/29/2017,SRQ,FL,ASO,ES,Towers with Radar,31,19,68,0,118,0,4,32,0,36,31,23,100,0,154,10,0,10,164
10/30/2017,SRQ,FL,ASO,ES,Towers with Radar,27,14,57,1,99,0,0,83,0,83,27,14,140,1,182,107,0,107,289
10/31/2017,SRQ,FL,ASO,ES,Towers with Radar,24,25,76,4,129,0,2,89,11,102,24,27,165,15,231,120,0,120,351
11/01/2017,SRQ,FL,ASO,ES,Towers with Radar,24,22,77,1,124,0,4,121,2,127,24,26,198,3,251,118,0,118,369
11/02/2017,SRQ,FL,ASO,ES,Towers with Radar,27,18,73,2,120,0,2,78,2,82,27,20,151,4,202,60,0,60,262
11/03/2017,SRQ,FL,ASO,ES,Towers with Radar,29,24,53,2,108,0,2,91,0,93,29,26,144,2,201,51,0,51,252
11/04/2017,SRQ,FL,ASO,ES,Towers with Radar,31,15,59,8,113,0,2,95,0,97,31,17,154,8,210,74,0,74,284
11/05/2017,SRQ,FL,ASO,ES,Towers with Radar,33,29,53,0,115,0,0,114,0,114,33,29,167,0,229,56,0,56,285
11/06/2017,SRQ,FL,ASO,ES,Towers with Radar,28,10,55,0,93,0,1,60,0,61,28,11,115,0,154,70,0,70,224
11/07/2017,SRQ,FL,ASO,ES,Towers with Radar,24,15,66,0,105,0,12,125,2,139,24,27,191,2,244,138,0,138,382
11/08/2017,SRQ,FL,ASO,ES,Towers with Radar,27,19,66,1,113,0,2,120,2,124,27,21,186,3,237,194,0,194,431
11/09/2017,SRQ,FL,ASO,ES,Towers with Radar,31,30,80,6,147,0,4,108,2,114,31,34,188,8,261,54,0,54,315
11/10/2017,SRQ,FL,ASO,ES,Towers with Radar,32,27,85,0,144,0,2,32,0,34,32,29,117,0,178,30,0,30,208
11/11/2017,SRQ,FL,ASO,ES,Towers with Radar,28,22,42,0,92,0,3,112,2,117,28,25,154,2,209,109,0,109,318
11/12/2017,SRQ,FL,ASO,ES,Towers with Radar,34,20,71,0,125,0,0,22,0,22,34,20,93,0,147,15,0,15,162
11/13/2017,SRQ,FL,ASO,ES,Towers with Radar,32,33,70,0,135,0,2,74,0,76,32,35,144,0,211,77,0,77,288
11/14/2017,SRQ,FL,ASO,ES,Towers with Radar,24,19,96,0,139,0,6,119,1,126,24,25,215,1,265,116,0,116,381
11/15/2017,SRQ,FL,ASO,ES,Towers with Radar,26,25,76,0,127,0,0,137,4,141,26,25,213,4,268,117,0,117,385
11/16/2017,SRQ,FL,ASO,ES,Towers with Radar,30,29,111,7,177,0,2,85,1,88,30,31,196,8,265,54,0,54,319
11/17/2017,SRQ,FL,ASO,ES,Towers with Radar,32,20,91,6,149,0,4,110,2,116,32,24,201,8,265,68,0,68,333
11/18/2017,SRQ,FL,ASO,ES,Towers with Radar,29,40,69,2,140,0,0,149,2,151,29,40,218,4,291,40,0,40,331
11/19/2017,SRQ,FL,ASO,ES,Towers with Radar,32,24,87,4,147,0,1,71,0,72,32,25,158,4,219,58,0,58,277
11/20/2017,SRQ,FL,ASO,ES,Towers with Radar,30,29,69,0,128,0,0,87,2,89,30,29,156,2,217,79,0,79,296
11/21/2017,SRQ,FL,ASO,ES,Towers with Radar,26,48,80,0,154,0,0,52,1,53,26,48,132,1,207,61,0,61,268
11/22/2017,SRQ,FL,ASO,ES,Towers with Radar,30,26,83,3,142,0,2,110,3,115,30,28,193,6,257,24,0,24,281
11/23/2017,SRQ,FL,ASO,ES,Towers with Radar,21,12,15,0,48,0,0,4,0,4,21,12,19,0,52,0,0,0,52
11/24/2017,SRQ,FL,ASO,ES,Towers with Radar,27,19,67,0,113,0,1,19,0,20,27,20,86,0,133,28,0,28,161
11/25/2017,SRQ,FL,ASO,ES,Towers with Radar,34,25,69,1,129,0,1,117,0,118,34,26,186,1,247,72,0,72,319
11/26/2017,SRQ,FL,ASO,ES,Towers with Radar,35,51,85,0,171,0,2,79,4,85,35,53,164,4,256,42,0,42,298
11/27/2017,SRQ,FL,ASO,ES,Towers with Radar,35,25,61,0,121,0,4,88,0,92,35,29,149,0,213,40,0,40,253
11/28/2017,SRQ,FL,ASO,ES,Towers with Radar,25,23,85,0,133,0,5,133,0,138,25,28,218,0,271,68,0,68,339
11/29/2017,SRQ,FL,ASO,ES,Towers with Radar,26,15,70,0,111,0,0,92,2,94,26,15,162,2,205,48,0,48,253
11/30/2017,SRQ,FL,ASO,ES,Towers with Radar,32,17,73,2,124,0,0,122,2,124,32,17,195,4,248,74,0,74,322
12/01/2017,SRQ,FL,ASO,ES,Towers with Radar,30,33,67,0,130,0,8,87,0,95,30,41,154,0,225,57,0,57,282
12/02/2017,SRQ,FL,ASO,ES,Towers with Radar,28,14,53,4,99,0,1,136,4,141,28,15,189,8,240,89,0,89,329
12/03/2017,SRQ,FL,ASO,ES,Towers with Radar,30,16,56,0,102,0,2,115,1,118,30,18,171,1,220,61,0,61,281
12/04/2017,SRQ,FL,ASO,ES,Towers with Radar,28,24,73,1,126,0,1,85,4,90,28,25,158,5,216,82,0,82,298
12/05/2017,SRQ,FL,ASO,ES,Towers with Radar,24,14,55,4,97,0,4,78,0,82,24,18,133,4,179,122,0,122,301
12/06/2017,SRQ,FL,ASO,ES,Towers with Radar,26,19,90,9,144,0,2,85,3,90,26,21,175,12,234,98,0,98,332
12/07/2017,SRQ,FL,ASO,ES,Towers with Radar,28,26,78,8,140,0,0,41,6,47,28,26,119,14,187,18,22,40,227
12/08/2017,SRQ,FL,ASO,ES,Towers with Radar,23,20,59,10,112,0,0,23,4,27,23,20,82,14,139,8,20,28,167
12/09/2017,SRQ,FL,ASO,ES,Towers with Radar,24,12,41,2,79,0,0,12,0,12,24,12,53,2,91,20,0,20,111
12/10/2017,SRQ,FL,ASO,ES,Towers with Radar,30,24,52,0,106,0,1,67,1,69,30,25,119,1,175,97,0,97,272
12/11/2017,SRQ,FL,ASO,ES,Towers with Radar,28,22,78,1,129,0,3,108,2,113,28,25,186,3,242,116,8,124,366
12/12/2017,SRQ,FL,ASO,ES,Towers with Radar,24,20,80,6,130,0,1,128,4,133,24,21,208,10,263,102,4,106,369
12/13/2017,SRQ,FL,ASO,ES,Towers with Radar,26,19,108,2,155,0,0,121,4,125,26,19,229,6,280,95,8,103,383
12/14/2017,SRQ,FL,ASO,ES,Towers with Radar,29,26,96,2,153,0,0,91,2,93,29,26,187,4,246,24,0,24,270
12/15/2017,SRQ,FL,ASO,ES,Towers with Radar,29,22,63,4,118,0,0,117,2,119,29,22,180,6,237,85,0,85,322
12/16/2017,SRQ,FL,ASO,ES,Towers with Radar,30,32,72,0,134,0,0,129,0,129,30,32,201,0,263,114,0,114,377
12/17/2017,SRQ,FL,ASO,ES,Towers with Radar,24,18,53,2,97,0,9,78,0,87,24,27,131,2,184,86,0,86,270
12/18/2017,SRQ,FL,ASO,ES,Towers with Radar,30,23,76,2,131,0,5,85,2,92,30,28,161,4,223,22,0,22,245
12/19/2017,SRQ,FL,ASO,ES,Towers with Radar,27,18,91,1,137,0,4,87,1,92,27,22,178,2,229,45,0,45,274
12/20/2017,SRQ,FL,ASO,ES,Towers with Radar,30,25,86,5,146,0,2,116,2,120,30,27,202,7,266,114,0,114,380
12/21/2017,SRQ,FL,ASO,ES,Towers with Radar,42,35,77,0,154,0,6,90,2,98,42,41,167,2,252,74,0,74,326
12/22/2017,SRQ,FL,ASO,ES,Towers with Radar,44,25,85,0,154,0,2,94,0,96,44,27,179,0,250,52,0,52,302
12/23/2017,SRQ,FL,ASO,ES,Towers with Radar,45,24,59,0,128,0,4,73,0,77,45,28,132,0,205,94,0,94,299
12/24/2017,SRQ,FL,ASO,ES,Towers with Radar,34,18,25,0,77,0,2,66,0,68,34,20,91,0,145,80,0,80,225
12/25/2017,SRQ,FL,ASO,ES,Towers with Radar,35,17,14,0,66,0,0,28,0,28,35,17,42,0,94,27,0,27,121
12/26/2017,SRQ,FL,ASO,ES,Towers with Radar,44,71,122,1,238,0,2,104,0,106,44,73,226,1,344,91,0,91,435
12/27/2017,SRQ,FL,ASO,ES,Towers with Radar,43,46,102,0,191,0,3,117,2,122,43,49,219,2,313,119,0,119,432
12/28/2017,SRQ,FL,ASO,ES,Towers with Radar,45,52,71,7,175,0,1,114,1,116,45,53,185,8,291,117,0,117,408
12/29/2017,SRQ,FL,ASO,ES,Towers with Radar,42,29,81,4,156,0,0,50,4,54,42,29,131,8,210,116,0,116,326
12/30/2017,SRQ,FL,ASO,ES,Towers with Radar,43,36,71,0,150,0,0,96,0,96,43,36,167,0,246,71,0,71,317
12/31/2017,SRQ,FL,ASO,ES,Towers with Radar,35,26,48,0,109,0,2,102,0,104,35,28,150,0,213,54,0,54,267
01/01/2018,SRQ,FL,ASO,ES,Towers with Radar,41,33,61,0,135,0,0,2,0,2,41,33,63,0,137,0,0,0,137
01/02/2018,SRQ,FL,ASO,ES,Towers with Radar,46,24,95,0,165,0,0,52,0,52,46,24,147,0,217,74,0,74,291
01/03/2018,SRQ,FL,ASO,ES,Towers with Radar,37,34,44,0,115,0,1,36,0,37,37,35,80,0,152,63,0,63,215
01/04/2018,SRQ,FL,ASO,ES,Towers with Radar,28,21,97,0,146,0,0,125,6,131,28,21,222,6,277,58,0,58,335
01/05/2018,SRQ,FL,ASO,ES,Towers with Radar,31,35,104,12,182,0,1,158,2,161,31,36,262,14,343,154,0,154,497
01/06/2018,SRQ,FL,ASO,ES,Towers with Radar,38,26,79,0,143,0,1,144,0,145,38,27,223,0,288,102,0,102,390
01/07/2018,SRQ,FL,ASO,ES,Towers with Radar,31,36,82,9,158,0,4,115,0,119,31,40,197,9,277,144,0,144,421
01/08/2018,SRQ,FL,ASO,ES,Towers with Radar,32,30,71,0,133,0,3,111,2,116,32,33,182,2,249,65,0,65,314
01/09/2018,SRQ,FL,ASO,ES,Towers with Radar,31,23,110,3,167,0,0,54,8,62,31,23,164,11,229,54,13,67,296
01/10/2018,SRQ,FL,ASO,ES,Towers with Radar,32,22,76,6,136,0,2,80,0,82,32,24,156,6,218,92,0,92,310
01/11/2018,SRQ,FL,ASO,ES,Towers with Radar,33,13,96,4,146,0,0,62,2,64,33,13,158,6,210,54,0,54,264
01/12/2018,SRQ,FL,ASO,ES,Towers with Radar,35,24,76,2,137,0,5,23,6,34,35,29,99,8,171,52,0,52,223
01/13/2018,SRQ,FL,ASO,ES,Towers with Radar,34,36,63,4,137,0,0,51,4,55,34,36,114,8,192,86,0,86,278
01/14/2018,SRQ,FL,ASO,ES,Towers with Radar,29,21,72,0,122,0,4,107,0,111,29,25,179,0,233,85,0,85,318
01/15/2018,SRQ,FL,ASO,ES,Towers with Radar,32,46,83,0,161,0,11,146,2,159,32,57,229,2,320,115,0,115,435
01/16/2018,SRQ,FL,ASO,ES,Towers with Radar,30,15,69,18,132,0,2,129,0,131,30,17,198,18,263,56,0,56,319
01/17/2018,SRQ,FL,ASO,ES,Towers with Radar,20,20,64,13,117,0,2,83,6,91,20,22,147,19,208,80,6,86,294
01/18/2018,SRQ,FL,ASO,ES,Towers with Radar,28,23,75,4,130,0,6,93,12,111,28,29,168,16,241,116,8,124,365
01/19/2018,SRQ,FL,ASO,ES,Towers with Radar,31,26,75,5,137,0,5,124,3,132,31,31,199,8,269,71,0,71,340
01/20/2018,SRQ,FL,ASO,ES,Towers with Radar,39,26,37,0,102,0,2,115,0,117,39,28,152,0,219,89,0,89,308
01/21/2018,SRQ,FL,ASO,ES,Towers with Radar,30,27,63,13,133,0,3,79,3,85,30,30,142,16,218,82,0,82,300
01/22/2018,SRQ,FL,ASO,ES,Towers with Radar,32,28,100,6,166,0,2,61,0,63,32,30,161,6,229,81,0,81,310
01/23/2018,SRQ,FL,ASO,ES,Towers with Radar,33,20,92,10,155,0,4,33,0,37,33,24,125,10,192,22,0,22,214
01/24/2018,SRQ,FL,ASO,ES,Towers with Radar,34,29,84,1,148,0,6,147,1,154,34,35,231,2,302,138,0,138,440
01/25/2018,SRQ,FL,ASO,ES,Towers with Radar,33,21,73,4,131,0,0,98,0,98,33,21,171,4,229,107,0,107,336
01/26/2018,SRQ,FL,ASO,ES,Towers with Radar,33,33,79,0,145,0,4,82,0,86,33,37,161,0,231,35,0,35,266
01/27/2018,SRQ,FL,ASO,ES,Towers with Radar,38,18,77,0,133,0,5,88,0,93,38,23,165,0,226,43,0,43,269
01/28/2018,SRQ,FL,ASO,ES,Towers with Radar,30,22,64,0,116,0,0,51,0,51,30,22,115,0,167,52,0,52,219
01/29/2018,SRQ,FL,ASO,ES,Towers with Radar,33,25,85,6,149,0,0,10,0,10,33,25,95,6,159,0,0,0,159
01/30/2018,SRQ,FL,ASO,ES,Towers with Radar,30,22,73,0,125,0,8,130,2,140,30,30,203,2,265,42,0,42,307
01/31/2018,SRQ,FL,ASO,ES,Towers with Radar,34,24,73,0,131,0,0,106,0,106,34,24,179,0,237,60,2,62,299
02/01/2018,SRQ,FL,ASO,ES,Towers with Radar,35,31,72,0,138,0,6,145,0,151,35,37,217,0,289,76,0,76,365
02/02/2018,SRQ,FL,ASO,ES,Towers with Radar,33,34,75,0,142,0,9,131,0,140,33,43,206,0,282,99,0,99,381
02/03/2018,SRQ,FL,ASO,ES,Towers with Radar,36,16,59,8,119,0,1,85,1,87,36,17,144,9,206,59,0,59,265
02/04/2018,SRQ,FL,ASO,ES,Towers with Radar,27,19,57,0,103,0,2,49,0,51,27,21,106,0,154,14,0,14,168
02/05/2018,SRQ,FL,ASO,ES,Towers with Radar,32,36,96,2,166,0,0,51,0,51,32,36,147,2,217,91,0,91,308
02/06/2018,SRQ,FL,ASO,ES,Towers with Radar,31,19,79,1,130,0,4,113,3,120,31,23,192,4,250,142,0,142,392
02/07/2018,SRQ,FL,ASO,ES,Towers with Radar,29,20,95,13,157,0,0,136,0,136,29,20,231,13,293,113,7,120,413
02/08/2018,SRQ,FL,ASO,ES,Towers with Radar,35,47,99,4,185,0,2,85,2,89,35,49,184,6,274,205,0,205,479
02/09/2018,SRQ,FL,ASO,ES,Towers with Radar,33,36,80,3,152,0,6,110,1,117,33,42,190,4,269,86,0,86,355
02/10/2018,SRQ,FL,ASO,ES,Towers with Radar,38,25,80,0,143,0,3,105,6,114,38,28,185,6,257,64,0,64,321
02/11/2018,SRQ,FL,ASO,ES,Towers with Radar,30,54,94,2,180,0,0,60,2,62,30,54,154,4,242,51,0,51,293
02/12/2018,SRQ,FL,ASO,ES,Towers with Radar,30,25,78,7,140,0,5,98,2,105,30,30,176,9,245,94,0,94,339
02/13/2018,SRQ,FL,ASO,ES,Towers with Radar,31,34,106,10,181,0,1,87,6,94,31,35,193,16,275,106,0,106,381
02/14/2018,SRQ,FL,ASO,ES,Towers with Radar,33,32,95,0,160,0,0,105,0,105,33,32,200,0,265,138,0,138,403
02/15/2018,SRQ,FL,ASO,ES,Towers with Radar,37,46,143,5,231,0,3,106,12,121,37,49,249,17,352,74,0,74,426
02/16/2018,SRQ,FL,ASO,ES,Towers with Radar,37,46,116,0,199,0,10,143,0,153,37,56,259,0,352,100,0,100,452
02/17/2018,SRQ,FL,ASO,ES,Towers with Radar,40,37,91,0,168,0,3,150,0,153,40,40,241,0,321,46,0,46,367
02/18/2018,SRQ,FL,ASO,ES,Towers with Radar,40,40,105,0,185,0,8,110,0,118,40,48,215,0,303,66,0,66,369
02/19/2018,SRQ,FL,ASO,ES,Towers with Radar,40,37,112,0,189,0,6,122,1,129,40,43,234,1,318,53,0,53,371
02/20/2018,SRQ,FL,ASO,ES,Towers with Radar,40,40,83,2,165,0,4,106,4,114,40,44,189,6,279,115,0,115,394
02/21/2018,SRQ,FL,ASO,ES,Towers with Radar,40,30,68,8,146,0,1,126,2,129,40,31,194,10,275,120,0,120,395
02/22/2018,SRQ,FL,ASO,ES,Towers with Radar,39,44,105,0,188,0,2,152,0,154,39,46,257,0,342,81,0,81,423
02/23/2018,SRQ,FL,ASO,ES,Towers with Radar,40,38,111,14,203,0,5,95,2,102,40,43,206,16,305,103,0,103,408
02/24/2018,SRQ,FL,ASO,ES,Towers with Radar,42,32,79,3,156,0,6,148,2,156,42,38,227,5,312,89,2,91,403
02/25/2018,SRQ,FL,ASO,ES,Towers with Radar,42,31,86,1,160,0,4,87,2,93,42,35,173,3,253,90,0,90,343
02/26/2018,SRQ,FL,ASO,ES,Towers with Radar,39,26,92,11,168,0,6,89,0,95,39,32,181,11,263,65,0,65,328
02/27/2018,SRQ,FL,ASO,ES,Towers with Radar,42,18,87,3,150,0,2,76,0,78,42,20,163,3,228,64,0,64,292
02/28/2018,SRQ,FL,ASO,ES,Towers with Radar,41,27,102,2,172,0,2,173,3,178,41,29,275,5,350,86,0,86,436
03/01/2018,SRQ,FL,ASO,ES,Towers with Radar,42,42,111,16,211,0,6,120,0,126,42,48,231,16,337,100,0,100,437
03/02/2018,SRQ,FL,ASO,ES,Towers with Radar,39,36,90,16,181,0,3,90,4,97,39,39,180,20,278,100,10,110,388
03/03/2018,SRQ,FL,ASO,ES,Towers with Radar,45,30,66,0,141,0,4,110,3,117,45,34,176,3,258,48,0,48,306
03/04/2018,SRQ,FL,ASO,ES,Towers with Radar,44,31,93,5,173,0,0,96,0,96,44,31,189,5,269,48,0,48,317
03/05/2018,SRQ,FL,ASO,ES,Towers with Radar,39,18,77,11,145,0,3,156,3,162,39,21,233,14,307,91,0,91,398
03/06/2018,SRQ,FL,ASO,ES,Towers with Radar,39,26,70,16,151,0,12,174,2,188,39,38,244,18,339,100,0,100,439
03/07/2018,SRQ,FL,ASO,ES,Towers with Radar,37,30,90,9,166,0,9,160,0,169,37,39,250,9,335,168,0,168,503
03/08/2018,SRQ,FL,ASO,ES,Towers with Radar,40,28,83,3,154,0,9,113,13,135,40,37,196,16,289,95,0,95,384
03/09/2018,SRQ,FL,ASO,ES,Towers with Radar,39,30,81,20,170,0,4,160,2,166,39,34,241,22,336,39,6,45,381
03/10/2018,SRQ,FL,ASO,ES,Towers with Radar,45,32,72,4,153,0,0,104,0,104,45,32,176,4,257,108,0,108,365
03/11/2018,SRQ,FL,ASO,ES,Towers with Radar,42,27,68,0,137,0,0,60,0,60,42,27,128,0,197,58,0,58,255
03/12/2018,SRQ,FL,ASO,ES,Towers with Radar,40,24,66,2,132,0,0,40,0,40,40,24,106,2,172,21,0,21,193
03/13/2018,SRQ,FL,ASO,ES,Towers with Radar,36,24,87,1,148,0,8,152,8,168,36,32,239,9,316,60,0,60,376
03/14/2018,SRQ,FL,ASO,ES,Towers with Radar,39,19,83,2,143,0,4,135,2,141,39,23,218,4,284,54,34,88,372
03/15/2018,SRQ,FL,ASO,ES,Towers with Radar,39,33,90,2,164,0,4,131,2,137,39,37,221,4,301,88,0,88,389
03/16/2018,SRQ,FL,ASO,ES,Towers with Radar,41,39,103,2,185,0,6,142,2,150,41,45,245,4,335,156,0,156,491
03/17/2018,SRQ,FL,ASO,ES,Towers with Radar,48,44,80,12,184,0,5,179,7,191,48,49,259,19,375,44,14,58,433
03/18/2018,SRQ,FL,ASO,ES,Towers with Radar,45,43,86,0,174,0,1,104,0,105,45,44,190,0,279,54,0,54,333
03/19/2018,SRQ,FL,ASO,ES,Towers with Radar,39,18,105,0,162,0,0,60,0,60,39,18,165,0,222,90,0,90,312
03/20/2018,SRQ,FL,ASO,ES,Towers with Radar,38,22,48,0,108,0,2,8,4,14,38,24,56,4,122,6,0,6,128
03/21/2018,SRQ,FL,ASO,ES,Towers with Radar,38,16,81,4,139,0,8,71,0,79,38,24,152,4,218,24,0,24,242
03/22/2018,SRQ,FL,ASO,ES,Towers with Radar,38,36,74,2,150,0,1,144,6,151,38,37,218,8,301,199,0,199,500
03/23/2018,SRQ,FL,ASO,ES,Towers with Radar,39,45,106,7,197,0,3,131,0,134,39,48,237,7,331,101,0,101,432
03/24/2018,SRQ,FL,ASO,ES,Towers with Radar,44,40,73,0,157,0,0,117,3,120,44,40,190,3,277,85,0,85,362
03/25/2018,SRQ,FL,ASO,ES,Towers with Radar,46,41,68,0,155,0,4,69,3,76,46,45,137,3,231,77,0,77,308
03/26/2018,SRQ,FL,ASO,ES,Towers with Radar,43,39,72,0,154,0,3,78,0,81,43,42,150,0,235,84,0,84,319
03/27/2018,SRQ,FL,ASO,ES,Towers with Radar,41,25,77,8,151,0,2,100,0,102,41,27,177,8,253,54,0,54,307
03/28/2018,SRQ,FL,ASO,ES,Towers with Radar,40,34,109,6,189,0,1,157,0,158,40,35,266,6,347,72,0,72,419
03/29/2018,SRQ,FL,ASO,ES,Towers with Radar,40,30,88,0,158,0,1,116,4,121,40,31,204,4,279,118,12,130,409
03/30/2018,SRQ,FL,ASO,ES,Towers with Radar,39,42,81,0,162,0,4,113,2,119,39,46,194,2,281,90,0,90,371
03/31/2018,SRQ,FL,ASO,ES,Towers with Radar,45,42,92,0,179,0,0,50,2,52,45,42,142,2,231,62,0,62,293
04/01/2018,SRQ,FL,ASO,ES,Towers with Radar,45,26,50,4,125,0,3,70,0,73,45,29,120,4,198,41,0,41,239
04/02/2018,SRQ,FL,ASO,ES,Towers with Radar,39,33,84,7,163,0,0,156,1,157,39,33,240,8,320,175,0,175,495
04/03/2018,SRQ,FL,ASO,ES,Towers with Radar,37,33,78,0,148,0,1,130,3,134,37,34,208,3,282,202,0,202,484
04/04/2018,SRQ,FL,ASO,ES,Towers with Radar,34,29,82,3,148,0,7,137,1,145,34,36,219,4,293,166,0,166,459
04/05/2018,SRQ,FL,ASO,ES,Towers with Radar,37,30,106,0,173,0,3,146,5,154,37,33,252,5,327,78,0,78,405
04/06/2018,SRQ,FL,ASO,ES,Towers with Radar,39,45,73,4,161,0,2,183,4,189,39,47,256,8,350,108,4,112,462
04/07/2018,SRQ,FL,ASO,ES,Towers with Radar,38,35,71,6,150,0,2,51,0,53,38,37,122,6,203,92,0,92,295
04/08/2018,SRQ,FL,ASO,ES,Towers with Radar,40,50,86,0,176,0,1,57,0,58,40,51,143,0,234,110,0,110,344
04/09/2018,SRQ,FL,ASO,ES,Towers with Radar,42,21,80,0,143,0,2,107,2,111,42,23,187,2,254,102,1,103,357
04/10/2018,SRQ,FL,ASO,ES,Towers with Radar,40,18,39,1,98,1,1,24,3,29,41,19,63,4,127,31,22,53,180
04/11/2018,SRQ,FL,ASO,ES,Towers with Radar,39,17,106,8,170,0,2,136,0,138,39,19,242,8,308,108,0,108,416
04/12/2018,SRQ,FL,ASO,ES,Towers with Radar,37,23,72,2,134,0,4,139,0,143,37,27,211,2,277,116,0,116,393
04/13/2018,SRQ,FL,ASO,ES,Towers with Radar,43,36,73,6,158,0,4,113,2,119,43,40,186,8,277,88,0,88,365
04/14/2018,SRQ,FL,ASO,ES,Towers with Radar,41,25,79,0,145,0,3,171,0,174,41,28,250,0,319,180,0,180,499
04/15/2018,SRQ,FL,ASO,ES,Towers with Radar,37,25,43,1,106,0,0,13,0,13,37,25,56,1,119,5,0,5,124
04/16/2018,SRQ,FL,ASO,ES,Towers with Radar,36,22,74,20,152,0,4,65,0,69,36,26,139,20,221,44,14,58,279
04/17/2018,SRQ,FL,ASO,ES,Towers with Radar,37,34,76,1,148,0,4,142,5,151,37,38,218,6,299,233,0,233,532
04/18/2018,SRQ,FL,ASO,ES,Towers with Radar,39,27,92,1,159,0,11,178,4,193,39,38,270,5,352,158,0,158,510
04/19/2018,SRQ,FL,ASO,ES,Towers with Radar,41,25,76,4,146,0,9,149,0,158,41,34,225,4,304,128,0,128,432
04/20/2018,SRQ,FL,ASO,ES,Towers with Radar,44,34,70,13,161,0,2,156,3,161,44,36,226,16,322,79,0,79,401
04/21/2018,SRQ,FL,ASO,ES,Towers with Radar,44,21,62,0,127,0,0,124,2,126,44,21,186,2,253,159,0,159,412
04/22/2018,SRQ,FL,ASO,ES,Towers with Radar,39,32,69,1,141,0,0,57,0,57,39,32,126,1,198,56,0,56,254
04/23/2018,SRQ,FL,ASO,ES,Towers with Radar,42,23,60,1,126,0,2,49,1,52,42,25,109,2,178,64,0,64,242
04/24/2018,SRQ,FL,ASO,ES,Towers with Radar,33,37,96,2,168,0,2,114,0,116,33,39,210,2,284,150,0,150,434
04/25/2018,SRQ,FL,ASO,ES,Towers with Radar,38,24,103,0,165,0,13,140,0,153,38,37,243,0,318,220,0,220,538
04/26/2018,SRQ,FL,ASO,ES,Towers with Radar,36,31,91,0,158,0,0,156,5,161,36,31,247,5,319,188,0,188,507
04/27/2018,SRQ,FL,ASO,ES,Towers with Radar,42,24,86,7,159,0,7,122,1,130,42,31,208,8,289,182,0,182,471
04/28/2018,SRQ,FL,ASO,ES,Towers with Radar,43,29,50,2,124,0,4,159,0,163,43,33,209,2,287,190,0,190,477
04/29/2018,SRQ,FL,ASO,ES,Towers with Radar,36,25,73,1,135,0,3,114,1,118,36,28,187,2,253,66,0,66,319
04/30/2018,SRQ,FL,ASO,ES,Towers with Radar,37,28,50,3,118,0,9,95,5,109,37,37,145,8,227,39,9,48,275
05/01/2018,SRQ,FL,ASO,ES,Towers with Radar,36,14,71,0,121,0,3,128,2,133,36,17,199,2,254,141,36,177,431
05/02/2018,SRQ,FL,ASO,ES,Towers with Radar,38,12,65,5,120,0,2,146,3,151,38,14,211,8,271,164,34,198,469
05/03/2018,SRQ,FL,ASO,ES,Towers with Radar,34,26,59,0,119,0,6,121,0,127,34,32,180,0,246,122,0,122,368
05/04/2018,SRQ,FL,ASO,ES,Towers with Radar,36,26,72,0,134,0,3,156,0,159,36,29,228,0,293,199,0,199,492
05/05/2018,SRQ,FL,ASO,ES,Towers with Radar,36,30,39,0,105,0,1,104,0,105,36,31,143,0,210,70,0,70,280
05/06/2018,SRQ,FL,ASO,ES,Towers with Radar,34,24,78,0,136,0,6,26,0,32,34,30,104,0,168,48,0,48,216
05/07/2018,SRQ,FL,ASO,ES,Towers with Radar,35,25,73,8,141,0,6,136,2,144,35,31,209,10,285,130,0,130,415
05/08/2018,SRQ,FL,ASO,ES,Towers with Radar,34,27,54,0,115,0,3,128,0,131,34,30,182,0,246,124,0,124,370
05/09/2018,SRQ,FL,ASO,ES,Towers with Radar,39,22,63,5,129,0,4,142,8,154,39,26,205,13,283,142,0,142,425
05/10/2018,SRQ,FL,ASO,ES,Towers with Radar,34,20,69,2,125,0,1,133,0,134,34,21,202,2,259,198,0,198,457
05/11/2018,SRQ,FL,ASO,ES,Towers with Radar,36,38,75,3,152,0,5,133,7,145,36,43,208,10,297,174,6,180,477
05/12/2018,SRQ,FL,ASO,ES,Towers with Radar,36,23,58,0,117,0,0,97,0,97,36,23,155,0,214,136,0,136,350
05/13/2018,SRQ,FL,ASO,ES,Towers with Radar,32,18,54,0,104,0,0,23,0,23,32,18,77,0,127,78,0,78,205
05/14/2018,SRQ,FL,ASO,ES,Towers with Radar,35,17,90,0,142,0,0,10,0,10,35,17,100,0,152,79,0,79,231
05/15/2018,SRQ,FL,ASO,ES,Towers with Radar,34,19,46,4,103,0,1,70,2,73,34,20,116,6,176,95,0,95,271
05/16/2018,SRQ,FL,ASO,ES,Towers with Radar,36,34,60,2,132,0,0,75,0,75,36,34,135,2,207,136,0,136,343
05/17/2018,SRQ,FL,ASO,ES,Towers with Radar,38,28,70,3,139,0,7,33,1,41,38,35,103,4,180,132,0,132,312
05/18/2018,SRQ,FL,ASO,ES,Towers with Radar,37,23,73,4,137,0,3,109,0,112,37,26,182,4,249,147,0,147,396
05/19/2018,SRQ,FL,ASO,ES,Towers with Radar,36,22,51,2,111,0,3,118,1,122,36,25,169,3,233,147,8,155,388
05/20/2018,SRQ,FL,ASO,ES,Towers with Radar,35,35,68,5,143,0,0,14,2,16,35,35,82,7,159,18,0,18,177
05/21/2018,SRQ,FL,ASO,ES,Towers with Radar,36,19,63,1,119,0,0,26,1,27,36,19,89,2,146,14,0,14,160
05/22/2018,SRQ,FL,ASO,ES,Towers with Radar,35,33,75,0,143,0,1,55,0,56,35,34,130,0,199,137,0,137,336
05/23/2018,SRQ,FL,ASO,ES,Towers with Radar,38,40,72,0,150,0,2,110,2,114,38,42,182,2,264,140,0,140,404
05/24/2018,SRQ,FL,ASO,ES,Towers with Radar,36,28,77,4,145,0,4,122,2,128,36,32,199,6,273,120,0,120,393
05/25/2018,SRQ,FL,ASO,ES,Towers with Radar,38,18,91,0,147,0,0,54,0,54,38,18,145,0,201,72,0,72,273
05/26/2018,SRQ,FL,ASO,ES,Towers with Radar,33,11,37,0,81,0,0,20,0,20,33,11,57,0,101,88,0,88,189
05/27/2018,SRQ,FL,ASO,ES,Towers with Radar,34,11,21,0,66,0,0,10,0,10,34,11,31,0,76,25,0,25,101
05/28/2018,SRQ,FL,ASO,ES,Towers with Radar,33,8,40,0,81,0,2,14,0,16,33,10,54,0,97,4,0,4,101
05/29/2018,SRQ,FL,ASO,ES,Towers with Radar,33,12,74,21,140,0,0,66,1,67,33,12,140,22,207,94,0,94,301
05/30/2018,SRQ,FL,ASO,ES,Towers with Radar,35,15,82,0,132,0,2,45,0,47,35,17,127,0,179,10,0,10,189
05/31/2018,SRQ,FL,ASO,ES,Towers with Radar,36,16,72,0,124,0,0,133,0,133,36,16,205,0,257,280,0,280,537
06/01/2018,SRQ,FL,ASO,ES,Towers with Radar,32,18,73,2,125,0,0,239,0,239,32,18,312,2,364,0,0,0,364
06/02/2018,SRQ,FL,ASO,ES,Towers with Radar,33,28,55,1,117,0,2,104,0,106,33,30,159,1,223,147,0,147,370
06/03/2018,SRQ,FL,ASO,ES,Towers with Radar,35,19,61,1,116,0,2,91,0,93,35,21,152,1,209,121,0,121,330
06/04/2018,SRQ,FL,ASO,ES,Towers with Radar,35,12,78,0,125,0,4,74,0,78,35,16,152,0,203,145,0,145,348
06/05/2018,SRQ,FL,ASO,ES,Towers with Radar,32,20,73,0,125,0,0,78,0,78,32,20,151,0,203,31,0,31,234
06/06/2018,SRQ,FL,ASO,ES,Towers with Radar,36,26,56,0,118,0,2,78,0,80,36,28,134,0,198,81,0,81,279
06/07/2018,SRQ,FL,ASO,ES,Towers with Radar,39,19,57,3,118,0,0,124,4,128,39,19,181,7,246,88,0,88,334
06/08/2018,SRQ,FL,ASO,ES,Towers with Radar,33,20,63,8,124,0,3,140,4,147,33,23,203,12,271,160,2,162,433
06/09/2018,SRQ,FL,ASO,ES,Towers with Radar,30,18,43,2,93,0,0,134,2,136,30,18,177,4,229,207,0,207,436
06/10/2018,SRQ,FL,ASO,ES,Towers with Radar,37,25,52,4,118,0,11,93,1,105,37,36,145,5,223,151,0,151,374
06/11/2018,SRQ,FL,ASO,ES,Towers with Radar,30,30,68,1,129,0,8,91,3,102,30,38,159,4,231,72,0,72,303
06/12/2018,SRQ,FL,ASO,ES,Towers with Radar,29,21,68,0,118,0,3,90,2,95,29,24,158,2,213,51,0,51,264
06/13/2018,SRQ,FL,ASO,ES,Towers with Radar,32,16,57,0,105,0,1,98,0,99,32,17,155,0,204,102,0,102,306
06/14/2018,SRQ,FL,ASO,ES,Towers with Radar,33,13,83,0,129,0,1,112,0,113,33,14,195,0,242,98,0,98,340
06/15/2018,SRQ,FL,ASO,ES,Towers with Radar,26,18,76,0,120,0,2,116,0,118,26,20,192,0,238,135,0,135,373
06/16/2018,SRQ,FL,ASO,ES,Towers with Radar,26,25,75,1,127,0,7,135,0,142,26,32,210,1,269,96,0,96,365
06/17/2018,SRQ,FL,ASO,ES,Towers with Radar,32,22,61,0,115,0,4,74,4,82,32,26,135,4,197,28,0,28,225
06/18/2018,SRQ,FL,ASO,ES,Towers with Radar,27,24,69,0,120,0,3,110,2,115,27,27,179,2,235,69,0,69,304
06/19/2018,SRQ,FL,ASO,ES,Towers with Radar,24,19,84,2,129,0,1,103,5,109,24,20,187,7,238,74,0,74,312
06/20/2018,SRQ,FL,ASO,ES,Towers with Radar,30,16,69,3,118,0,6,100,3,109,30,22,169,6,227,126,0,126,353
06/21/2018,SRQ,FL,ASO,ES,Towers with Radar,33,12,69,0,114,0,0,91,2,93,33,12,160,2,207,138,0,138,345
06/22/2018,SRQ,FL,ASO,ES,Towers with Radar,32,21,62,6,121,0,4,94,2,100,32,25,156,8,221,115,0,115,336
06/23/2018,SRQ,FL,ASO,ES,Towers with Radar,28,22,38,1,89,0,1,114,2,117,28,23,152,3,206,105,1,106,312
06/24/2018,SRQ,FL,ASO,ES,Towers with Radar,36,14,37,0,87,0,0,46,2,48,36,14,83,2,135,55,0,55,190
06/25/2018,SRQ,FL,ASO,ES,Towers with Radar,31,16,54,1,102,0,5,95,4,104,31,21,149,5,206,18,0,18,224
06/26/2018,SRQ,FL,ASO,ES,Towers with Radar,29,9,62,1,101,0,2,94,7,103,29,11,156,8,204,50,10,60,264
06/27/2018,SRQ,FL,ASO,ES,Towers with Radar,33,14,34,0,81,0,0,105,1,106,33,14,139,1,187,152,0,152,339
06/28/2018,SRQ,FL,ASO,ES,Towers with Radar,32,18,67,0,117,0,4,121,1,126,32,22,188,1,243,112,0,112,355
06/29/2018,SRQ,FL,ASO,ES,Towers with Radar,32,20,63,3,118,0,3,80,0,83,32,23,143,3,201,167,4,171,372
06/30/2018,SRQ,FL,ASO,ES,Towers with Radar,32,11,47,0,90,0,0,55,0,55,32,11,102,0,145,143,1,144,289
07/01/2018,SRQ,FL,ASO,ES,Towers with Radar,37,14,47,1,99,0,0,77,2,79,37,14,124,3,178,139,0,139,317
07/02/2018,SRQ,FL,ASO,ES,Towers with Radar,30,14,63,0,107,0,4,90,4,98,30,18,153,4,205,124,20,144,349
07/03/2018,SRQ,FL,ASO,ES,Towers with Radar,32,14,68,8,122,0,3,106,3,112,32,17,174,11,234,98,12,110,344
07/04/2018,SRQ,FL,ASO,ES,Towers with Radar,30,6,19,0,55,0,0,70,0,70,30,6,89,0,125,42,0,42,167
07/05/2018,SRQ,FL,ASO,ES,Towers with Radar,33,7,51,0,91,0,2,92,0,94,33,9,143,0,185,80,0,80,265
07/06/2018,SRQ,FL,ASO,ES,Towers with Radar,29,8,66,2,105,0,0,91,5,96,29,8,157,7,201,102,2,104,305
07/07/2018,SRQ,FL,ASO,ES,Towers with Radar,32,13,63,2,110,0,1,110,3,114,32,14,173,5,224,229,0,229,453
07/08/2018,SRQ,FL,ASO,ES,Towers with Radar,32,25,56,5,118,0,0,65,4,69,32,25,121,9,187,44,0,44,231
07/09/2018,SRQ,FL,ASO,ES,Towers with Radar,33,17,49,0,99,0,0,59,2,61,33,17,108,2,160,112,0,112,272
07/10/2018,SRQ,FL,ASO,ES,Towers with Radar,36,15,36,0,87,0,2,112,4,118,36,17,148,4,205,102,0,102,307
07/11/2018,SRQ,FL,ASO,ES,Towers with Radar,34,6,47,0,87,0,2,105,2,109,34,8,152,2,196,140,0,140,336
07/12/2018,SRQ,FL,ASO,ES,Towers with Radar,33,10,66,2,111,0,7,94,1,102,33,17,160,3,213,108,0,108,321
07/13/2018,SRQ,FL,ASO,ES,Towers with Radar,32,9,70,1,112,0,0,91,2,93,32,9,161,3,205,106,0,106,311
07/14/2018,SRQ,FL,ASO,ES,Towers with Radar,30,10,46,0,86,0,3,92,2,97,30,13,138,2,183,113,0,113,296
07/15/2018,SRQ,FL,ASO,ES,Towers with Radar,33,23,52,0,108,0,1,82,8,91,33,24,134,8,199,87,0,87,286
07/16/2018,SRQ,FL,ASO,ES,Towers with Radar,33,11,50,0,94,0,3,82,0,85,33,14,132,0,179,139,0,139,318
07/17/2018,SRQ,FL,ASO,ES,Towers with Radar,30,13,47,0,90,0,5,95,10,110,30,18,142,10,200,66,0,66,266
07/18/2018,SRQ,FL,ASO,ES,Towers with Radar,31,8,42,0,81,0,2,64,0,66,31,10,106,0,147,100,0,100,247
07/19/2018,SRQ,FL,ASO,ES,Towers with Radar,32,16,59,4,111,0,5,67,4,76,32,21,126,8,187,140,0,140,327
07/20/2018,SRQ,FL,ASO,ES,Towers with Radar,32,19,49,2,102,0,0,61,0,61,32,19,110,2,163,40,0,40,203
07/21/2018,SRQ,FL,ASO,ES,Towers with Radar,29,13,31,0,73,0,0,64,0,64,29,13,95,0,137,123,0,123,260
07/22/2018,SRQ,FL,ASO,ES,Towers with Radar,38,13,38,0,89,0,1,47,0,48,38,14,85,0,137,0,0,0,137
07/23/2018,SRQ,FL,ASO,ES,Towers with Radar,31,22,42,0,95,0,6,48,2,56,31,28,90,2,151,49,0,49,200
07/24/2018,SRQ,FL,ASO,ES,Towers with Radar,33,12,53,0,98,0,6,81,8,95,33,18,134,8,193,87,18,105,298
07/25/2018,SRQ,FL,ASO,ES,Towers with Radar,29,20,73,8,130,0,0,83,0,83,29,20,156,8,213,155,3,158,371
07/26/2018,SRQ,FL,ASO,ES,Towers with Radar,38,18,64,4,124,0,2,84,1,87,38,20,148,5,211,74,8,82,293
07/27/2018,SRQ,FL,ASO,ES,Towers with Radar,31,7,66,1,105,0,10,120,1,131,31,17,186,2,236,98,0,98,334
07/28/2018,SRQ,FL,ASO,ES,Towers with Radar,37,16,55,6,114,0,2,76,6,84,37,18,131,12,198,178,14,192,390
07/29/2018,SRQ,FL,ASO,ES,Towers with Radar,42,15,48,0,105,0,0,62,6,68,42,15,110,6,173,137,0,137,310
07/30/2018,SRQ,FL,ASO,ES,Towers with Radar,34,7,40,0,81,0,0,28,2,30,34,7,68,2,111,64,0,64,175
07/31/2018,SRQ,FL,ASO,ES,Towers with Radar,29,5,59,0,93,0,2,80,1,83,29,7,139,1,176,129,1,130,306
08/01/2018,SRQ,FL,ASO,ES,Towers with Radar,33,15,54,0,102,0,2,112,2,116,33,17,166,2,218,71,0,71,289
08/02/2018,SRQ,FL,ASO,ES,Towers with Radar,31,16,50,12,109,0,4,89,0,93,31,20,139,12,202,78,0,78,280
08/03/2018,SRQ,FL,ASO,ES,Towers with Radar,32,20,56,10,118,0,2,101,0,103,32,22,157,10,221,150,8,158,379
08/04/2018,SRQ,FL,ASO,ES,Towers with Radar,29,13,50,2,94,0,2,90,3,95,29,15,140,5,189,144,0,144,333
08/05/2018,SRQ,FL,ASO,ES,Towers with Radar,32,7,33,0,72,0,2,56,4,62,32,9,89,4,134,26,0,26,160
08/06/2018,SRQ,FL,ASO,ES,Towers with Radar,32,6,43,1,82,0,5,107,11,123,32,11,150,12,205,89,0,89,294
08/07/2018,SRQ,FL,ASO,ES,Towers with Radar,30,13,43,7,93,0,2,108,13,123,30,15,151,20,216,149,0,149,365
08/08/2018,SRQ,FL,ASO,ES,Towers with Radar,29,14,48,1,92,0,4,115,9,128,29,18,163,10,220,167,0,167,387
08/09/2018,SRQ,FL,ASO,ES,Towers with Radar,31,14,56,5,106,0,1,100,13,114,31,15,156,18,220,124,0,124,344
08/10/2018,SRQ,FL,ASO,ES,Towers with Radar,33,18,58,11,120,0,1,78,7,86,33,19,136,18,206,66,0,66,272
08/11/2018,SRQ,FL,ASO,ES,Towers with Radar,32,5,44,0,81,0,1,52,2,55,32,6,96,2,136,128,0,128,264
08/12/2018,SRQ,FL,ASO,ES,Towers with Radar,33,11,36,0,80,0,0,49,6,55,33,11,85,6,135,27,0,27,162
08/13/2018,SRQ,FL,ASO,ES,Towers with Radar,31,18,52,0,101,0,2,84,0,86,31,20,136,0,187,104,0,104,291
08/14/2018,SRQ,FL,ASO,ES,Towers with Radar,31,12,49,2,94,0,3,81,1,85,31,15,130,3,179,99,0,99,278
08/15/2018,SRQ,FL,ASO,ES,Towers with Radar,31,11,79,5,126,0,1,101,0,102,31,12,180,5,228,50,6,56,284
08/16/2018,SRQ,FL,ASO,ES,Towers with Radar,35,10,60,4,109,0,9,96,4,109,35,19,156,8,218,78,0,78,296
08/17/2018,SRQ,FL,ASO,ES,Towers with Radar,31,11,64,12,118,0,0,100,2,102,31,11,164,14,220,60,6,66,286
08/18/2018,SRQ,FL,ASO,ES,Towers with Radar,27,24,66,0,117,0,0,138,0,138,27,24,204,0,255,97,0,97,352
08/19/2018,SRQ,FL,ASO,ES,Towers with Radar,35,9,48,0,92,0,0,63,0,63,35,9,111,0,155,52,0,52,207
08/20/2018,SRQ,FL,ASO,ES,Towers with Radar,31,9,44,0,84,0,4,99,0,103,31,13,143,0,187,101,0,101,288
08/21/2018,SRQ,FL,ASO,ES,Towers with Radar,28,8,47,6,89,0,2,114,18,134,28,10,161,24,223,58,27,85,308
08/22/2018,SRQ,FL,ASO,ES,Towers with Radar,33,14,44,14,105,0,0,75,6,81,33,14,119,20,186,83,7,90,276
08/23/2018,SRQ,FL,ASO,ES,Towers with Radar,40,9,40,0,89,0,0,75,0,75,40,9,115,0,164,115,1,116,280
08/24/2018,SRQ,FL,ASO,ES,Towers with Radar,32,7,43,2,84,0,0,80,0,80,32,7,123,2,164,24,0,24,188
08/25/2018,SRQ,FL,ASO,ES,Towers with Radar,25,2,34,0,61,0,0,77,0,77,25,2,111,0,138,92,0,92,230
08/26/2018,SRQ,FL,ASO,ES,Towers with Radar,35,19,28,0,82,0,2,44,0,46,35,21,72,0,128,0,0,0,128
08/27/2018,SRQ,FL,ASO,ES,Towers with Radar,29,17,28,4,78,0,6,74,2,82,29,23,102,6,160,98,0,98,258
08/28/2018,SRQ,FL,ASO,ES,Towers with Radar,27,7,61,2,97,0,2,94,0,96,27,9,155,2,193,68,0,68,261
08/29/2018,SRQ,FL,ASO,ES,Towers with Radar,28,15,36,0,79,0,2,62,0,64,28,17,98,0,143,32,0,32,175
08/30/2018,SRQ,FL,ASO,ES,Towers with Radar,37,15,67,0,119,0,4,90,0,94,37,19,157,0,213,51,0,51,264
08/31/2018,SRQ,FL,ASO,ES,Towers with Radar,29,28,74,0,131,0,3,93,0,96,29,31,167,0,227,68,0,68,295
09/01/2018,SRQ,FL,ASO,ES,Towers with Radar,23,7,41,0,71,0,3,91,2,96,23,10,132,2,167,106,0,106,273
09/02/2018,SRQ,FL,ASO,ES,Towers with Radar,29,7,32,0,68,0,4,44,3,51,29,11,76,3,119,0,0,0,119
09/03/2018,SRQ,FL,ASO,ES,Towers with Radar,27,11,27,2,67,0,0,28,2,30,27,11,55,4,97,34,0,34,131
09/04/2018,SRQ,FL,ASO,ES,Towers with Radar,27,6,61,1,95,0,0,53,0,53,27,6,114,1,148,40,0,40,188
09/05/2018,SRQ,FL,ASO,ES,Towers with Radar,29,9,55,4,97,0,0,96,1,97,29,9,151,5,194,118,0,118,312
09/06/2018,SRQ,FL,ASO,ES,Towers with Radar,36,12,57,1,106,0,7,72,1,80,36,19,129,2,186,98,0,98,284
09/07/2018,SRQ,FL,ASO,ES,Towers with Radar,30,14,61,5,110,0,0,72,5,77,30,14,133,10,187,40,0,40,227
09/08/2018,SRQ,FL,ASO,ES,Towers with Radar,26,9,40,4,79,0,4,99,6,109,26,13,139,10,188,164,0,164,352
09/09/2018,SRQ,FL,ASO,ES,Towers with Radar,37,11,56,4,108,0,4,81,3,88,37,15,137,7,196,47,2,49,245
09/10/2018,SRQ,FL,ASO,ES,Towers with Radar,31,24,55,13,123,0,4,93,8,105,31,28,148,21,228,62,0,62,290
09/11/2018,SRQ,FL,ASO,ES,Towers with Radar,29,13,70,8,120,0,4,123,11,138,29,17,193,19,258,87,6,93,351
09/12/2018,SRQ,FL,ASO,ES,Towers with Radar,31,32,68,0,131,0,0,98,4,102,31,32,166,4,233,86,0,86,319
09/13/2018,SRQ,FL,ASO,ES,Towers with Radar,35,15,52,0,102,0,2,106,0,108,35,17,158,0,210,96,0,96,306
09/14/2018,SRQ,FL,ASO,ES,Towers with Radar,30,14,68,0,112,0,4,88,2,94,30,18,156,2,206,189,0,189,395
09/15/2018,SRQ,FL,ASO,ES,Towers with Radar,25,20,37,0,82,0,2,104,4,110,25,22,141,4,192,132,0,132,324
09/16/2018,SRQ,FL,ASO,ES,Towers with Radar,37,22,29,0,88,0,3,71,2,76,37,25,100,2,164,141,0,141,305
09/17/2018,SRQ,FL,ASO,ES,Towers with Radar,31,20,90,1,142,0,4,112,15,131,31,24,202,16,273,88,15,103,376
09/18/2018,SRQ,FL,ASO,ES,Towers with Radar,29,19,56,0,104,0,4,131,2,137,29,23,187,2,241,73,0,73,314
09/19/2018,SRQ,FL,ASO,ES,Towers with Radar,30,15,67,4,116,0,4,111,0,115,30,19,178,4,231,82,0,82,313
09/20/2018,SRQ,FL,ASO,ES,Towers with Radar,37,34,74,0,145,0,5,123,0,128,37,39,197,0,273,56,0,56,329
09/21/2018,SRQ,FL,ASO,ES,Towers with Radar,31,25,66,0,122,0,4,89,5,98,31,29,155,5,220,198,0,198,418
09/22/2018,SRQ,FL,ASO,ES,Towers with Radar,27,10,48,1,86,0,8,116,6,130,27,18,164,7,216,118,0,118,334
09/23/2018,SRQ,FL,ASO,ES,Towers with Radar,38,20,59,0,117,0,0,84,3,87,38,20,143,3,204,40,0,40,244
09/24/2018,SRQ,FL,ASO,ES,Towers with Radar,33,21,51,2,107,0,1,86,0,87,33,22,137,2,194,21,0,21,215
09/25/2018,SRQ,FL,ASO,ES,Towers with Radar,28,18,70,3,119,0,1,85,0,86,28,19,155,3,205,74,0,74,279
09/26/2018,SRQ,FL,ASO,ES,Towers with Radar,30,10,58,2,100,0,3,97,0,100,30,13,155,2,200,54,4,58,258
09/27/2018,SRQ,FL,ASO,ES,Towers with Radar,38,16,56,1,111,0,4,85,0,89,38,20,141,1,200,58,0,58,258
09/28/2018,SRQ,FL,ASO,ES,Towers with Radar,32,16,50,8,106,0,4,99,1,104,32,20,149,9,210,118,0,118,328
09/29/2018,SRQ,FL,ASO,ES,Towers with Radar,26,23,44,0,93,0,2,90,4,96,26,25,134,4,189,66,0,66,255
09/30/2018,SRQ,FL,ASO,ES,Towers with Radar,35,28,59,1,123,0,18,60,6,84,35,46,119,7,207,35,0,35,242
10/01/2018,SRQ,FL,ASO,ES,Towers with Radar,30,20,63,0,113,0,1,96,2,99,30,21,159,2,212,60,0,60,272
10/02/2018,SRQ,FL,ASO,ES,Towers with Radar,30,18,67,9,124,0,4,102,0,106,30,22,169,9,230,73,0,73,303
10/03/2018,SRQ,FL,ASO,ES,Towers with Radar,31,16,59,1,107,0,1,101,0,102,31,17,160,1,209,63,0,63,272
10/04/2018,SRQ,FL,ASO,ES,Towers with Radar,40,19,60,4,123,0,8,109,3,120,40,27,169,7,243,196,8,204,447
10/05/2018,SRQ,FL,ASO,ES,Towers with Radar,35,19,64,20,138,0,11,122,4,137,35,30,186,24,275,121,0,121,396
10/06/2018,SRQ,FL,ASO,ES,Towers with Radar,33,18,35,0,86,0,5,92,2,99,33,23,127,2,185,42,6,48,233
10/07/2018,SRQ,FL,ASO,ES,Towers with Radar,43,28,55,6,132,0,4,59,5,68,43,32,114,11,200,10,0,10,210
10/08/2018,SRQ,FL,ASO,ES,Towers with Radar,36,14,52,0,102,0,1,45,0,46,36,15,97,0,148,71,0,71,219
10/09/2018,SRQ,FL,ASO,ES,Towers with Radar,31,28,43,0,102,0,0,28,2,30,31,28,71,2,132,35,0,35,167
10/10/2018,SRQ,FL,ASO,ES,Towers with Radar,31,21,18,0,70,0,0,1,0,1,31,21,19,0,71,0,0,0,71
10/11/2018,SRQ,FL,ASO,ES,Towers with Radar,39,22,50,8,119,0,0,41,1,42,39,22,91,9,161,78,0,78,239
10/12/2018,SRQ,FL,ASO,ES,Towers with Radar,37,26,56,0,119,0,1,106,4,111,37,27,162,4,230,180,0,180,410
10/13/2018,SRQ,FL,ASO,ES,Towers with Radar,34,32,54,3,123,0,4,151,1,156,34,36,205,4,279,279,0,279,558
10/14/2018,SRQ,FL,ASO,ES,Towers with Radar,42,31,75,0,148,0,1,90,2,93,42,32,165,2,241,18,0,18,259
10/15/2018,SRQ,FL,ASO,ES,Towers with Radar,35,22,80,4,141,0,6,103,3,112,35,28,183,7,253,37,0,37,290
10/16/2018,SRQ,FL,ASO,ES,Towers with Radar,33,14,76,0,123,0,4,127,0,131,33,18,203,0,254,110,0,110,364
10/17/2018,SRQ,FL,ASO,ES,Towers with Radar,34,13,74,0,121,0,1,128,0,129,34,14,202,0,250,199,0,199,449
10/18/2018,SRQ,FL,ASO,ES,Towers with Radar,41,14,101,2,158,0,7,119,0,126,41,21,220,2,284,122,0,122,406
10/19/2018,SRQ,FL,ASO,ES,Towers with Radar,37,29,92,43,201,0,4,126,7,137,37,33,218,50,338,143,10,153,491
10/20/2018,SRQ,FL,ASO,ES,Towers with Radar,33,18,46,0,97,0,0,158,2,160,33,18,204,2,257,96,0,96,353
10/21/2018,SRQ,FL,ASO,ES,Towers with Radar,43,28,88,9,168,0,4,94,7,105,43,32,182,16,273,74,12,86,359
10/22/2018,SRQ,FL,ASO,ES,Towers with Radar,35,20,60,4,119,0,6,108,2,116,35,26,168,6,235,60,0,60,295
10/23/2018,SRQ,FL,ASO,ES,Towers with Radar,31,26,64,18,139,0,8,123,2,133,31,34,187,20,272,97,14,111,383
10/24/2018,SRQ,FL,ASO,ES,Towers with Radar,33,24,82,2,141,0,4,123,4,131,33,28,205,6,272,194,0,194,466
10/25/2018,SRQ,FL,ASO,ES,Towers with Radar,37,34,65,5,141,0,0,149,3,152,37,34,214,8,293,92,40,132,425
10/26/2018,SRQ,FL,ASO,ES,Towers with Radar,36,26,79,2,143,0,2,60,0,62,36,28,139,2,205,36,0,36,241
10/27/2018,SRQ,FL,ASO,ES,Towers with Radar,35,14,68,19,136,0,2,113,0,115,35,16,181,19,251,133,34,167,418
10/28/2018,SRQ,FL,ASO,ES,Towers with Radar,43,34,67,0,144,0,0,91,2,93,43,34,158,2,237,84,0,84,321
10/29/2018,SRQ,FL,ASO,ES,Towers with Radar,35,18,75,7,135,0,0,85,7,92,35,18,160,14,227,115,9,124,351
10/30/2018,SRQ,FL,ASO,ES,Towers with Radar,30,20,72,8,130,0,6,145,4,155,30,26,217,12,285,77,0,77,362
10/31/2018,SRQ,FL,ASO,ES,Towers with Radar,30,15,86,5,136,0,6,122,2,130,30,21,208,7,266,176,0,176,442
11/01/2018,SRQ,FL,ASO,ES,Towers with Radar,38,23,64,21,146,0,2,127,28,157,38,25,191,49,303,161,80,241,544
11/02/2018,SRQ,FL,ASO,ES,Towers with Radar,36,21,58,0,115,0,0,22,0,22,36,21,80,0,137,0,4,4,141
11/03/2018,SRQ,FL,ASO,ES,Towers with Radar,37,21,51,4,113,0,0,108,1,109,37,21,159,5,222,285,0,285,507
11/04/2018,SRQ,FL,ASO,ES,Towers with Radar,47,22,41,4,114,0,4,55,0,59,47,26,96,4,173,74,0,74,247
11/05/2018,SRQ,FL,ASO,ES,Towers with Radar,36,23,77,10,146,0,2,136,2,140,36,25,213,12,286,94,0,94,380
11/06/2018,SRQ,FL,ASO,ES,Towers with Radar,33,21,57,3,114,0,10,129,0,139,33,31,186,3,253,94,0,94,347
11/07/2018,SRQ,FL,ASO,ES,Towers with Radar,30,34,62,8,134,0,1,126,0,127,30,35,188,8,261,157,0,157,418
11/08/2018,SRQ,FL,ASO,ES,Towers with Radar,35,19,88,20,162,0,0,115,14,129,35,19,203,34,291,329,60,389,680
11/09/2018,SRQ,FL,ASO,ES,Towers with Radar,41,24,106,0,171,0,2,127,2,131,41,26,233,2,302,296,0,296,598
11/10/2018,SRQ,FL,ASO,ES,Towers with Radar,35,25,86,2,148,0,4,80,0,84,35,29,166,2,232,126,0,126,358
11/11/2018,SRQ,FL,ASO,ES,Towers with Radar,42,33,85,3,163,0,3,82,0,85,42,36,167,3,248,30,0,30,278
11/12/2018,SRQ,FL,ASO,ES,Towers with Radar,35,26,71,0,132,0,8,106,0,114,35,34,177,0,246,53,0,53,299
11/13/2018,SRQ,FL,ASO,ES,Towers with Radar,31,20,83,25,159,0,3,116,0,119,31,23,199,25,278,112,0,112,390
11/14/2018,SRQ,FL,ASO,ES,Towers with Radar,34,23,80,10,147,0,1,48,2,51,34,24,128,12,198,20,0,20,218
11/15/2018,SRQ,FL,ASO,ES,Towers with Radar,36,31,79,0,146,0,0,35,0,35,36,31,114,0,181,42,0,42,223
11/16/2018,SRQ,FL,ASO,ES,Towers with Radar,34,27,84,1,146,0,2,137,0,139,34,29,221,1,285,150,0,150,435
11/17/2018,SRQ,FL,ASO,ES,Towers with Radar,37,32,66,0,135,0,0,190,2,192,37,32,256,2,327,133,0,133,460
11/18/2018,SRQ,FL,ASO,ES,Towers with Radar,41,29,66,0,136,0,3,112,2,117,41,32,178,2,253,139,0,139,392
11/19/2018,SRQ,FL,ASO,ES,Towers with Radar,41,25,71,0,137,0,0,144,0,144,41,25,215,0,281,125,0,125,406
11/20/2018,SRQ,FL,ASO,ES,Towers with Radar,35,38,91,0,164,0,2,90,0,92,35,40,181,0,256,131,0,131,387
11/21/2018,SRQ,FL,ASO,ES,Towers with Radar,39,27,106,0,172,0,0,166,0,166,39,27,272,0,338,183,0,183,521
11/22/2018,SRQ,FL,ASO,ES,Towers with Radar,21,15,15,0,51,0,0,30,0,30,21,15,45,0,81,2,0,2,83
11/23/2018,SRQ,FL,ASO,ES,Towers with Radar,28,26,48,0,102,0,2,107,2,111,28,28,155,2,213,175,0,175,388
11/24/2018,SRQ,FL,ASO,ES,Towers with Radar,40,35,60,0,135,0,0,149,0,149,40,35,209,0,284,252,0,252,536
11/25/2018,SRQ,FL,ASO,ES,Towers with Radar,39,34,135,0,208,0,2,101,0,103,39,36,236,0,311,216,0,216,527
11/26/2018,SRQ,FL,ASO,ES,Towers with Radar,37,28,118,3,186,0,0,36,0,36,37,28,154,3,222,76,0,76,298
11/27/2018,SRQ,FL,ASO,ES,Towers with Radar,28,26,56,0,110,0,1,90,0,91,28,27,146,0,201,50,0,50,251
11/28/2018,SRQ,FL,ASO,ES,Towers with Radar,31,28,75,2,136,0,2,112,5,119,31,30,187,7,255,129,0,129,384
11/29/2018,SRQ,FL,ASO,ES,Towers with Radar,39,18,75,0,132,0,7,122,0,129,39,25,197,0,261,189,0,189,450
11/30/2018,SRQ,FL,ASO,ES,Towers with Radar,41,23,67,15,146,0,12,152,0,164,41,35,219,15,310,139,8,147,457
12/01/2018,SRQ,FL,ASO,ES,Towers with Radar,38,24,50,0,112,0,5,75,0,80,38,29,125,0,192,150,0,150,342
12/02/2018,SRQ,FL,ASO,ES,Towers with Radar,48,28,61,0,137,0,6,40,2,48,48,34,101,2,185,2,0,2,187
12/03/2018,SRQ,FL,ASO,ES,Towers with Radar,39,26,93,16,174,0,0,28,0,28,39,26,121,16,202,35,0,35,237
12/04/2018,SRQ,FL,ASO,ES,Towers with Radar,33,24,66,0,123,0,0,46,0,46,33,24,112,0,169,92,0,92,261
12/05/2018,SRQ,FL,ASO,ES,Towers with Radar,35,17,56,0,108,0,6,124,0,130,35,23,180,0,238,106,0,106,344
12/06/2018,SRQ,FL,ASO,ES,Towers with Radar,39,16,69,2,126,0,0,101,7,108,39,16,170,9,234,92,0,92,326
12/07/2018,SRQ,FL,ASO,ES,Towers with Radar,41,17,71,3,132,0,2,134,0,136,41,19,205,3,268,140,0,140,408
12/08/2018,SRQ,FL,ASO,ES,Towers with Radar,36,20,39,2,97,0,4,115,0,119,36,24,154,2,216,122,0,122,338
12/09/2018,SRQ,FL,ASO,ES,Towers with Radar,42,20,31,1,94,0,0,0,2,2,42,20,31,3,96,0,0,0,96
12/10/2018,SRQ,FL,ASO,ES,Towers with Radar,40,31,98,15,184,0,4,61,1,66,40,35,159,16,250,93,1,94,344
12/11/2018,SRQ,FL,ASO,ES,Towers with Radar,31,13,74,8,126,0,1,116,6,123,31,14,190,14,249,172,0,172,421
12/12/2018,SRQ,FL,ASO,ES,Towers with Radar,37,32,66,1,136,0,0,129,1,130,37,32,195,2,266,150,0,150,416
12/13/2018,SRQ,FL,ASO,ES,Towers with Radar,39,41,86,2,168,0,5,146,4,155,39,46,232,6,323,54,2,56,379
12/14/2018,SRQ,FL,ASO,ES,Towers with Radar,41,21,34,0,96,0,0,8,0,8,41,21,42,0,104,0,0,0,104
12/15/2018,SRQ,FL,ASO,ES,Towers with Radar,38,15,43,1,97,0,0,37,2,39,38,15,80,3,136,62,0,62,198
12/16/2018,SRQ,FL,ASO,ES,Towers with Radar,41,33,65,1,140,0,6,116,2,124,41,39,181,3,264,197,0,197,461
12/17/2018,SRQ,FL,ASO,ES,Towers with Radar,43,17,56,2,118,0,0,93,5,98,43,17,149,7,216,76,0,76,292
12/18/2018,SRQ,FL,ASO,ES,Towers with Radar,33,34,76,0,143,0,0,141,4,145,33,34,217,4,288,120,0,120,408
12/19/2018,SRQ,FL,ASO,ES,Towers with Radar,44,31,76,6,157,0,1,70,0,71,44,32,146,6,228,33,0,33,261
12/20/2018,SRQ,FL,ASO,ES,Towers with Radar,45,16,32,0,93,0,0,3,0,3,45,16,35,0,96,0,0,0,96
12/21/2018,SRQ,FL,ASO,ES,Towers with Radar,49,21,29,5,104,0,0,4,0,4,49,21,33,5,108,0,0,0,108
12/22/2018,SRQ,FL,ASO,ES,Towers with Radar,54,21,70,0,145,0,0,127,0,127,54,21,197,0,272,94,0,94,366
12/23/2018,SRQ,FL,ASO,ES,Towers with Radar,61,27,52,1,141,0,11,78,3,92,61,38,130,4,233,86,0,86,319
12/24/2018,SRQ,FL,ASO,ES,Towers with Radar,48,15,19,0,82,0,0,86,4,90,48,15,105,4,172,100,4,104,276
12/25/2018,SRQ,FL,ASO,ES,Towers with Radar,40,15,13,0,68,0,0,35,1,36,40,15,48,1,104,4,0,4,108
12/26/2018,SRQ,FL,ASO,ES,Towers with Radar,55,55,118,0,228,0,6,97,0,103,55,61,215,0,331,76,0,76,407
12/27/2018,SRQ,FL,ASO,ES,Towers with Radar,53,55,96,26,230,0,2,86,2,90,53,57,182,28,320,12,4,16,336
12/28/2018,SRQ,FL,ASO,ES,Towers with Radar,58,49,68,4,179,0,8,66,0,74,58,57,134,4,253,112,0,112,365
12/29/2018,SRQ,FL,ASO,ES,Towers with Radar,53,25,101,0,179,0,0,80,0,80,53,25,181,0,259,64,0,64,323
12/30/2018,SRQ,FL,ASO,ES,Towers with Radar,59,17,59,0,135,0,9,78,0,87,59,26,137,0,222,121,0,121,343
12/31/2018,SRQ,FL,ASO,ES,Towers with Radar,50,13,65,0,128,0,0,125,0,125,50,13,190,0,253,78,0,78,331
01/01/2019,SRQ,FL,ASO,ES,Towers with Radar,43,36,58,0,137,0,0,97,0,97,43,36,155,0,234,0,0,0,234
01/02/2019,SRQ,FL,ASO,ES,Towers with Radar,50,36,98,2,186,0,9,135,5,149,50,45,233,7,335,155,0,155,490
01/03/2019,SRQ,FL,ASO,ES,Towers with Radar,46,40,80,0,166,0,3,117,4,124,46,43,197,4,290,224,0,224,514
01/04/2019,SRQ,FL,ASO,ES,Towers with Radar,53,35,85,0,173,0,0,21,0,21,53,35,106,0,194,0,0,0,194
01/05/2019,SRQ,FL,ASO,ES,Towers with Radar,48,37,98,0,183,0,8,133,0,141,48,45,231,0,324,140,0,140,464
01/06/2019,SRQ,FL,ASO,ES,Towers with Radar,51,37,101,0,189,0,0,155,6,161,51,37,256,6,350,32,0,32,382
01/07/2019,SRQ,FL,ASO,ES,Towers with Radar,48,21,76,0,145,0,6,142,3,151,48,27,218,3,296,111,2,113,409
01/08/2019,SRQ,FL,ASO,ES,Towers with Radar,40,23,62,0,125,0,5,149,8,162,40,28,211,8,287,112,0,112,399
01/09/2019,SRQ,FL,ASO,ES,Towers with Radar,42,18,69,2,131,0,0,121,2,123,42,18,190,4,254,194,8,202,456
01/10/2019,SRQ,FL,ASO,ES,Towers with Radar,50,36,80,2,168,0,3,260,4,267,50,39,340,6,435,0,0,0,435
01/11/2019,SRQ,FL,ASO,ES,Towers with Radar,50,31,54,16,151,0,2,135,3,140,50,33,189,19,291,102,0,102,393
01/12/2019,SRQ,FL,ASO,ES,Towers with Radar,45,32,60,0,137,0,0,126,0,126,45,32,186,0,263,129,0,129,392
01/13/2019,SRQ,FL,ASO,ES,Towers with Radar,50,22,84,2,158,0,8,126,1,135,50,30,210,3,293,144,0,144,437
01/14/2019,SRQ,FL,ASO,ES,Towers with Radar,50,9,55,0,114,0,2,111,0,113,50,11,166,0,227,155,0,155,382
01/15/2019,SRQ,FL,ASO,ES,Towers with Radar,42,19,71,2,134,0,2,129,0,131,42,21,200,2,265,118,0,118,383
01/16/2019,SRQ,FL,ASO,ES,Towers with Radar,42,16,97,0,155,0,4,171,0,175,42,20,268,0,330,84,0,84,414
01/17/2019,SRQ,FL,ASO,ES,Towers with Radar,49,23,75,1,148,0,4,157,4,165,49,27,232,5,313,86,0,86,399
01/18/2019,SRQ,FL,ASO,ES,Towers with Radar,50,33,103,6,192,0,10,174,3,187,50,43,277,9,379,152,0,152,531
01/19/2019,SRQ,FL,ASO,ES,Towers with Radar,35,19,51,0,105,0,5,164,0,169,35,24,215,0,274,68,0,68,342
01/20/2019,SRQ,FL,ASO,ES,Towers with Radar,40,19,45,6,110,0,0,17,7,24,40,19,62,13,134,6,12,18,152
01/21/2019,SRQ,FL,ASO,ES,Towers with Radar,54,30,96,1,181,0,2,122,5,129,54,32,218,6,310,49,0,49,359
01/22/2019,SRQ,FL,ASO,ES,Towers with Radar,37,30,61,0,128,0,5,129,5,139,37,35,190,5,267,28,0,28,295
01/23/2019,SRQ,FL,ASO,ES,Towers with Radar,43,23,83,2,151,0,10,116,0,126,43,33,199,2,277,12,0,12,289
01/24/2019,SRQ,FL,ASO,ES,Towers with Radar,50,30,82,2,164,0,2,62,4,68,50,32,144,6,232,127,18,145,377
01/25/2019,SRQ,FL,ASO,ES,Towers with Radar,47,41,95,10,193,0,10,182,6,198,47,51,277,16,391,53,32,85,476
01/26/2019,SRQ,FL,ASO,ES,Towers with Radar,44,28,85,8,165,0,3,178,1,182,44,31,263,9,347,195,2,197,544
01/27/2019,SRQ,FL,ASO,ES,Towers with Radar,47,20,64,1,132,0,0,0,0,0,47,20,64,1,132,0,0,0,132
01/28/2019,SRQ,FL,ASO,ES,Towers with Radar,47,23,87,2,159,0,1,89,0,90,47,24,176,2,249,23,0,23,272
01/29/2019,SRQ,FL,ASO,ES,Towers with Radar,40,23,48,3,114,0,4,154,4,162,40,27,202,7,276,90,0,90,366
01/30/2019,SRQ,FL,ASO,ES,Towers with Radar,36,20,83,0,139,0,3,120,4,127,36,23,203,4,266,157,0,157,423
01/31/2019,SRQ,FL,ASO,ES,Towers with Radar,47,24,92,3,166,0,4,130,5,139,47,28,222,8,305,224,22,246,551
02/01/2019,SRQ,FL,ASO,ES,Towers with Radar,50,30,104,3,187,0,4,122,3,129,50,34,226,6,316,292,0,292,608
02/02/2019,SRQ,FL,ASO,ES,Towers with Radar,44,11,71,3,129,0,9,116,3,128,44,20,187,6,257,245,0,245,502
02/03/2019,SRQ,FL,ASO,ES,Towers with Radar,52,40,47,0,139,0,0,6,0,6,52,40,53,0,145,0,0,0,145
02/04/2019,SRQ,FL,ASO,ES,Towers with Radar,50,44,109,0,203,0,3,70,0,73,50,47,179,0,276,87,0,87,363
02/05/2019,SRQ,FL,ASO,ES,Towers with Radar,42,24,88,2,156,0,2,122,1,125,42,26,210,3,281,140,0,140,421
02/06/2019,SRQ,FL,ASO,ES,Towers with Radar,42,21,75,6,144,0,0,179,4,183,42,21,254,10,327,300,10,310,637
02/07/2019,SRQ,FL,ASO,ES,Towers with Radar,44,37,97,1,179,0,6,161,7,174,44,43,258,8,353,223,0,223,576
02/08/2019,SRQ,FL,ASO,ES,Towers with Radar,50,39,112,0,201,0,11,167,4,182,50,50,279,4,383,196,0,196,579
02/09/2019,SRQ,FL,ASO,ES,Towers with Radar,44,17,77,2,140,0,6,143,8,157,44,23,220,10,297,118,10,128,425
02/10/2019,SRQ,FL,ASO,ES,Towers with Radar,50,20,112,0,182,0,1,93,5,99,50,21,205,5,281,43,0,43,324
02/11/2019,SRQ,FL,ASO,ES,Towers with Radar,50,27,94,1,172,0,3,120,11,134,50,30,214,12,306,87,7,94,400
02/12/2019,SRQ,FL,ASO,ES,Towers with Radar,37,23,91,7,158,0,1,81,0,82,37,24,172,7,240,188,14,202,442
02/13/2019,SRQ,FL,ASO,ES,Towers with Radar,44,32,169,3,248,0,0,45,3,48,44,32,214,6,296,362,0,362,658
02/14/2019,SRQ,FL,ASO,ES,Towers with Radar,56,20,110,1,187,0,0,197,5,202,56,20,307,6,389,250,0,250,639
02/15/2019,SRQ,FL,ASO,ES,Towers with Radar,52,43,106,3,204,0,4,144,10,158,52,47,250,13,362,118,8,126,488
02/16/2019,SRQ,FL,ASO,ES,Towers with Radar,52,42,86,0,180,0,13,156,2,171,52,55,242,2,351,185,0,185,536
02/17/2019,SRQ,FL,ASO,ES,Towers with Radar,53,25,88,5,171,0,5,103,4,112,53,30,191,9,283,63,0,63,346
02/18/2019,SRQ,FL,ASO,ES,Towers with Radar,53,47,123,0,223,0,0,74,0,74,53,47,197,0,297,68,0,68,365
02/19/2019,SRQ,FL,ASO,ES,Towers with Radar,43,21,88,4,156,0,2,104,0,106,43,23,192,4,262,120,0,120,382
02/20/2019,SRQ,FL,ASO,ES,Towers with Radar,41,33,121,13,208,0,8,134,6,148,41,41,255,19,356,84,10,94,450
02/21/2019,SRQ,FL,ASO,ES,Towers with Radar,49,36,129,1,215,0,11,133,4,148,49,47,262,5,363,267,0,267,630
02/22/2019,SRQ,FL,ASO,ES,Towers with Radar,57,28,89,11,185,0,4,178,1,183,57,32,267,12,368,260,8,268,636
02/23/2019,SRQ,FL,ASO,ES,Towers with Radar,56,35,78,1,170,0,2,91,2,95,56,37,169,3,265,135,0,135,400
02/24/2019,SRQ,FL,ASO,ES,Towers with Radar,53,34,117,2,206,0,2,14,2,18,53,36,131,4,224,0,0,0,224
02/25/2019,SRQ,FL,ASO,ES,Towers with Radar,54,30,82,0,166,0,4,82,0,86,54,34,164,0,252,135,0,135,387
02/26/2019,SRQ,FL,ASO,ES,Towers with Radar,46,25,67,16,154,0,0,55,0,55,46,25,122,16,209,122,0,122,331
02/27/2019,SRQ,FL,ASO,ES,Towers with Radar,44,43,104,6,197,0,3,77,8,88,44,46,181,14,285,122,0,122,407
02/28/2019,SRQ,FL,ASO,ES,Towers with Radar,55,53,152,3,263,0,6,115,10,131,55,59,267,13,394,160,10,170,564
03/01/2019,SRQ,FL,ASO,ES,Towers with Radar,55,82,113,6,256,0,2,136,3,141,55,84,249,9,397,99,0,99,496
03/02/2019,SRQ,FL,ASO,ES,Towers with Radar,56,37,100,0,193,0,12,147,2,161,56,49,247,2,354,149,0,149,503
03/03/2019,SRQ,FL,ASO,ES,Towers with Radar,56,43,83,0,182,0,10,111,0,121,56,53,194,0,303,29,0,29,332
03/04/2019,SRQ,FL,ASO,ES,Towers with Radar,56,27,87,0,170,0,2,37,4,43,56,29,124,4,213,52,0,52,265
03/05/2019,SRQ,FL,ASO,ES,Towers with Radar,45,15,80,2,142,0,0,29,5,34,45,15,109,7,176,6,0,6,182
03/06/2019,SRQ,FL,ASO,ES,Towers with Radar,50,23,89,4,166,0,4,130,1,135,50,27,219,5,301,100,16,116,417
03/07/2019,SRQ,FL,ASO,ES,Towers with Radar,53,28,96,3,180,0,6,136,4,146,53,34,232,7,326,145,0,145,471
03/08/2019,SRQ,FL,ASO,ES,Towers with Radar,57,43,76,11,187,0,8,161,10,179,57,51,237,21,366,62,0,62,428
03/09/2019,SRQ,FL,ASO,ES,Towers with Radar,62,21,88,4,175,0,5,170,3,178,62,26,258,7,353,118,4,122,475
03/10/2019,SRQ,FL,ASO,ES,Towers with Radar,61,46,75,0,182,0,5,55,0,60,61,51,130,0,242,75,0,75,317
03/11/2019,SRQ,FL,ASO,ES,Towers with Radar,54,32,84,4,174,0,4,87,0,91,54,36,171,4,265,67,0,67,332
03/12/2019,SRQ,FL,ASO,ES,Towers with Radar,46,19,87,0,152,0,0,46,0,46,46,19,133,0,198,52,0,52,250
03/13/2019,SRQ,FL,ASO,ES,Towers with Radar,47,19,75,0,141,0,11,130,1,142,47,30,205,1,283,96,0,96,379
03/14/2019,SRQ,FL,ASO,ES,Towers with Radar,53,43,108,2,206,0,15,143,4,162,53,58,251,6,368,138,0,138,506
03/15/2019,SRQ,FL,ASO,ES,Towers with Radar,57,59,89,6,211,0,7,162,0,169,57,66,251,6,380,178,0,178,558
03/16/2019,SRQ,FL,ASO,ES,Towers with Radar,66,21,84,0,171,0,0,30,4,34,66,21,114,4,205,54,0,54,259
03/17/2019,SRQ,FL,ASO,ES,Towers with Radar,60,36,84,30,210,0,1,40,6,47,60,37,124,36,257,26,4,30,287
03/18/2019,SRQ,FL,ASO,ES,Towers with Radar,58,45,57,0,160,0,2,70,0,72,58,47,127,0,232,62,0,62,294
03/19/2019,SRQ,FL,ASO,ES,Towers with Radar,47,15,85,4,151,0,0,24,0,24,47,15,109,4,175,86,0,86,261
03/20/2019,SRQ,FL,ASO,ES,Towers with Radar,48,26,102,0,176,0,3,114,3,120,48,29,216,3,296,164,0,164,460
03/21/2019,SRQ,FL,ASO,ES,Towers with Radar,50,28,97,0,175,0,10,132,6,148,50,38,229,6,323,42,6,48,371
03/22/2019,SRQ,FL,ASO,ES,Towers with Radar,64,30,92,10,196,0,4,180,5,189,64,34,272,15,385,95,0,95,480
03/23/2019,SRQ,FL,ASO,ES,Towers with Radar,66,52,109,9,236,0,6,219,8,233,66,58,328,17,469,52,0,52,521
03/24/2019,SRQ,FL,ASO,ES,Towers with Radar,62,63,90,8,223,0,5,153,3,161,62,68,243,11,384,17,0,17,401
03/25/2019,SRQ,FL,ASO,ES,Towers with Radar,65,36,73,8,182,0,8,139,0,147,65,44,212,8,329,130,0,130,459
03/26/2019,SRQ,FL,ASO,ES,Towers with Radar,47,25,96,8,176,0,5,163,7,175,47,30,259,15,351,100,0,100,451
03/27/2019,SRQ,FL,ASO,ES,Towers with Radar,47,43,88,5,183,0,0,99,0,99,47,43,187,5,282,107,0,107,389
03/28/2019,SRQ,FL,ASO,ES,Towers with Radar,56,21,87,0,164,0,5,126,0,131,56,26,213,0,295,36,0,36,331
03/29/2019,SRQ,FL,ASO,ES,Towers with Radar,60,31,104,0,195,0,2,191,3,196,60,33,295,3,391,76,0,76,467
03/30/2019,SRQ,FL,ASO,ES,Towers with Radar,65,37,103,2,207,0,2,172,0,174,65,39,275,2,381,79,6,85,466
03/31/2019,SRQ,FL,ASO,ES,Towers with Radar,59,52,91,0,202,0,2,114,1,117,59,54,205,1,319,54,0,54,373
04/01/2019,SRQ,FL,ASO,ES,Towers with Radar,57,31,93,0,181,0,1,114,2,117,57,32,207,2,298,87,0,87,385
04/02/2019,SRQ,FL,ASO,ES,Towers with Radar,40,41,69,0,150,0,0,53,0,53,40,41,122,0,203,52,0,52,255
04/03/2019,SRQ,FL,ASO,ES,Towers with Radar,51,6,90,1,148,0,8,171,2,181,51,14,261,3,329,152,0,152,481
04/04/2019,SRQ,FL,ASO,ES,Towers with Radar,56,21,75,0,152,0,2,128,2,132,56,23,203,2,284,144,0,144,428
04/05/2019,SRQ,FL,ASO,ES,Towers with Radar,58,26,78,16,178,0,11,91,0,102,58,37,169,16,280,10,0,10,290
04/06/2019,SRQ,FL,ASO,ES,Towers with Radar,58,22,82,0,162,0,10,121,11,142,58,32,203,11,304,81,0,81,385
04/07/2019,SRQ,FL,ASO,ES,Towers with Radar,60,36,54,1,151,0,2,56,1,59,60,38,110,2,210,8,0,8,218
04/08/2019,SRQ,FL,ASO,ES,Towers with Radar,54,23,72,0,149,0,2,88,0,90,54,25,160,0,239,56,0,56,295
04/09/2019,SRQ,FL,ASO,ES,Towers with Radar,44,20,73,4,141,0,0,52,4,56,44,20,125,8,197,69,0,69,266
04/10/2019,SRQ,FL,ASO,ES,Towers with Radar,52,38,87,0,177,0,6,153,3,162,52,44,240,3,339,48,0,48,387
04/11/2019,SRQ,FL,ASO,ES,Towers with Radar,56,39,75,2,172,0,6,203,0,209,56,45,278,2,381,110,0,110,491
04/12/2019,SRQ,FL,ASO,ES,Towers with Radar,58,37,81,0,176,0,9,128,5,142,58,46,209,5,318,104,0,104,422
04/13/2019,SRQ,FL,ASO,ES,Towers with Radar,58,18,79,19,174,0,2,146,10,158,58,20,225,29,332,46,12,58,390
04/14/2019,SRQ,FL,ASO,ES,Towers with Radar,53,23,54,0,130,0,3,25,0,28,53,26,79,0,158,12,0,12,170
04/15/2019,SRQ,FL,ASO,ES,Towers with Radar,58,31,96,0,185,0,13,116,0,129,58,44,212,0,314,90,0,90,404
04/16/2019,SRQ,FL,ASO,ES,Towers with Radar,42,19,92,2,155,0,4,150,8,162,42,23,242,10,317,158,0,158,475
04/17/2019,SRQ,FL,ASO,ES,Towers with Radar,48,38,92,0,178,0,11,182,4,197,48,49,274,4,375,100,0,100,475
04/18/2019,SRQ,FL,ASO,ES,Towers with Radar,54,23,135,13,225,0,6,154,3,163,54,29,289,16,388,70,4,74,462
04/19/2019,SRQ,FL,ASO,ES,Towers with Radar,49,24,28,4,105,0,0,9,0,9,49,24,37,4,114,6,0,6,120
04/20/2019,SRQ,FL,ASO,ES,Towers with Radar,64,47,49,0,160,0,2,99,0,101,64,49,148,0,261,28,0,28,289
04/21/2019,SRQ,FL,ASO,ES,Towers with Radar,60,33,45,3,141,0,6,75,0,81,60,39,120,3,222,30,0,30,252
04/22/2019,SRQ,FL,ASO,ES,Towers with Radar,62,42,108,6,218,0,16,127,0,143,62,58,235,6,361,140,0,140,501
04/23/2019,SRQ,FL,ASO,ES,Towers with Radar,44,26,100,2,172,0,6,149,0,155,44,32,249,2,327,78,0,78,405
04/24/2019,SRQ,FL,ASO,ES,Towers with Radar,49,34,105,0,188,0,11,207,1,219,49,45,312,1,407,119,0,119,526
04/25/2019,SRQ,FL,ASO,ES,Towers with Radar,54,37,97,0,188,0,13,140,0,153,54,50,237,0,341,69,0,69,410
04/26/2019,SRQ,FL,ASO,ES,Towers with Radar,58,24,51,0,133,0,5,29,0,34,58,29,80,0,167,32,0,32,199
04/27/2019,SRQ,FL,ASO,ES,Towers with Radar,61,26,41,0,128,0,4,120,0,124,61,30,161,0,252,48,0,48,300
04/28/2019,SRQ,FL,ASO,ES,Towers with Radar,63,36,74,1,174,0,4,76,1,81,63,40,150,2,255,48,0,48,303
04/29/2019,SRQ,FL,ASO,ES,Towers with Radar,64,31,66,2,163,0,6,124,0,130,64,37,190,2,293,61,0,61,354
04/30/2019,SRQ,FL,ASO,ES,Towers with Radar,41,17,69,0,127,0,2,108,3,113,41,19,177,3,240,60,0,60,300
05/01/2019,SRQ,FL,ASO,ES,Towers with Radar,42,13,75,2,132,0,0,119,0,119,42,13,194,2,251,78,0,78,329
05/02/2019,SRQ,FL,ASO,ES,Towers with Radar,49,21,97,0,167,0,2,58,0,60,49,23,155,0,227,96,0,96,323
05/03/2019,SRQ,FL,ASO,ES,Towers with Radar,49,31,77,2,159,0,4,154,5,163,49,35,231,7,322,144,0,144,466
05/04/2019,SRQ,FL,ASO,ES,Towers with Radar,40,30,50,2,122,0,0,111,2,113,40,30,161,4,235,188,0,188,423
05/05/2019,SRQ,FL,ASO,ES,Towers with Radar,51,18,70,0,139,0,2,27,4,33,51,20,97,4,172,7,0,7,179
05/06/2019,SRQ,FL,ASO,ES,Towers with Radar,53,16,84,0,153,0,2,125,0,127,53,18,209,0,280,218,0,218,498
05/07/2019,SRQ,FL,ASO,ES,Towers with Radar,36,30,68,0,134,0,3,157,1,161,36,33,225,1,295,202,0,202,497
05/08/2019,SRQ,FL,ASO,ES,Towers with Radar,40,17,73,2,132,0,0,131,4,135,40,17,204,6,267,118,0,118,385
05/09/2019,SRQ,FL,ASO,ES,Towers with Radar,48,43,73,2,166,0,1,108,0,109,48,44,181,2,275,102,0,102,377
05/10/2019,SRQ,FL,ASO,ES,Towers with Radar,50,42,93,0,185,0,2,113,0,115,50,44,206,0,300,128,0,128,428
05/11/2019,SRQ,FL,ASO,ES,Towers with Radar,41,21,57,3,122,0,0,162,3,165,41,21,219,6,287,141,0,141,428
05/12/2019,SRQ,FL,ASO,ES,Towers with Radar,55,21,36,1,113,0,3,67,3,73,55,24,103,4,186,66,0,66,252
05/13/2019,SRQ,FL,ASO,ES,Towers with Radar,55,12,82,4,153,0,4,48,6,58,55,16,130,10,211,87,0,87,298
05/14/2019,SRQ,FL,ASO,ES,Towers with Radar,39,23,70,0,132,0,2,70,0,72,39,25,140,0,204,140,0,140,344
05/15/2019,SRQ,FL,ASO,ES,Towers with Radar,42,28,80,2,152,0,6,142,0,148,42,34,222,2,300,152,0,152,452
05/16/2019,SRQ,FL,ASO,ES,Towers with Radar,49,25,94,1,169,0,5,126,1,132,49,30,220,2,301,130,0,130,431
05/17/2019,SRQ,FL,ASO,ES,Towers with Radar,46,31,96,0,173,0,4,149,0,153,46,35,245,0,326,70,0,70,396
05/18/2019,SRQ,FL,ASO,ES,Towers with Radar,40,32,66,0,138,0,11,134,0,145,40,43,200,0,283,104,0,104,387
05/19/2019,SRQ,FL,ASO,ES,Towers with Radar,50,21,52,0,123,0,4,102,0,106,50,25,154,0,229,76,0,76,305
05/20/2019,SRQ,FL,ASO,ES,Towers with Radar,47,12,71,0,130,0,2,126,2,130,47,14,197,2,260,110,0,110,370
05/21/2019,SRQ,FL,ASO,ES,Towers with Radar,37,25,65,0,127,0,4,115,2,121,37,29,180,2,248,98,4,102,350
05/22/2019,SRQ,FL,ASO,ES,Towers with Radar,43,18,74,0,135,0,8,159,0,167,43,26,233,0,302,156,2,158,460
05/23/2019,SRQ,FL,ASO,ES,Towers with Radar,49,30,93,7,179,0,6,155,2,163,49,36,248,9,342,110,0,110,452
05/24/2019,SRQ,FL,ASO,ES,Towers with Radar,47,22,80,0,149,0,3,150,0,153,47,25,230,0,302,166,0,166,468
05/25/2019,SRQ,FL,ASO,ES,Towers with Radar,43,31,43,0,117,0,6,118,0,124,43,37,161,0,241,46,0,46,287
05/26/2019,SRQ,FL,ASO,ES,Towers with Radar,47,22,48,3,120,0,6,65,1,72,47,28,113,4,192,96,0,96,288
05/27/2019,SRQ,FL,ASO,ES,Towers with Radar,43,31,54,2,130,0,8,117,0,125,43,39,171,2,255,159,0,159,414
05/28/2019,SRQ,FL,ASO,ES,Towers with Radar,37,20,57,0,114,0,2,98,6,106,37,22,155,6,220,141,7,148,368
05/29/2019,SRQ,FL,ASO,ES,Towers with Radar,41,24,66,0,131,0,12,129,0,141,41,36,195,0,272,167,0,167,439
05/30/2019,SRQ,FL,ASO,ES,Towers with Radar,45,20,50,2,117,0,0,132,0,132,45,20,182,2,249,116,0,116,365
05/31/2019,SRQ,FL,ASO,ES,Towers with Radar,46,25,72,0,143,0,5,112,4,121,46,30,184,4,264,60,0,60,324
06/01/2019,SRQ,FL,ASO,ES,Towers with Radar,40,15,49,0,104,0,9,114,0,123,40,24,163,0,227,214,0,214,441
06/02/2019,SRQ,FL,ASO,ES,Towers with Radar,47,29,61,2,139,0,7,84,0,91,47,36,145,2,230,100,0,100,330
06/03/2019,SRQ,FL,ASO,ES,Towers with Radar,47,33,49,4,133,0,2,100,0,102,47,35,149,4,235,80,0,80,315
06/04/2019,SRQ,FL,ASO,ES,Towers with Radar,38,18,70,2,128,0,3,127,0,130,38,21,197,2,258,103,0,103,361
06/05/2019,SRQ,FL,ASO,ES,Towers with Radar,40,21,62,1,124,0,2,160,7,169,40,23,222,8,293,94,6,100,393
06/06/2019,SRQ,FL,ASO,ES,Towers with Radar,43,36,89,1,169,0,7,124,1,132,43,43,213,2,301,75,0,75,376
06/07/2019,SRQ,FL,ASO,ES,Towers with Radar,45,14,83,7,149,0,2,111,6,119,45,16,194,13,268,146,0,146,414
06/08/2019,SRQ,FL,ASO,ES,Towers with Radar,44,15,45,1,105,0,1,72,0,73,44,16,117,1,178,125,0,125,303
06/09/2019,SRQ,FL,ASO,ES,Towers with Radar,43,23,52,0,118,0,1,40,0,41,43,24,92,0,159,54,0,54,213
06/10/2019,SRQ,FL,ASO,ES,Towers with Radar,42,19,75,0,136,0,10,100,2,112,42,29,175,2,248,86,0,86,334
06/11/2019,SRQ,FL,ASO,ES,Towers with Radar,37,11,97,0,145,0,2,114,2,118,37,13,211,2,263,168,0,168,431
06/12/2019,SRQ,FL,ASO,ES,Towers with Radar,38,20,56,0,114,0,2,115,0,117,38,22,171,0,231,106,0,106,337
06/13/2019,SRQ,FL,ASO,ES,Towers with Radar,42,26,60,4,132,0,4,70,4,78,42,30,130,8,210,128,0,128,338
06/14/2019,SRQ,FL,ASO,ES,Towers with Radar,47,21,65,0,133,0,0,94,13,107,47,21,159,13,240,75,6,81,321
06/15/2019,SRQ,FL,ASO,ES,Towers with Radar,42,24,48,0,114,0,4,148,0,152,42,28,196,0,266,78,0,78,344
06/16/2019,SRQ,FL,ASO,ES,Towers with Radar,43,22,33,0,98,0,5,35,0,40,43,27,68,0,138,39,0,39,177
06/17/2019,SRQ,FL,ASO,ES,Towers with Radar,43,16,79,0,138,0,0,92,0,92,43,16,171,0,230,161,0,161,391
06/18/2019,SRQ,FL,ASO,ES,Towers with Radar,33,11,71,0,115,0,0,91,6,97,33,11,162,6,212,128,2,130,342
06/19/2019,SRQ,FL,ASO,ES,Towers with Radar,48,18,81,0,147,0,2,114,2,118,48,20,195,2,265,140,0,140,405
06/20/2019,SRQ,FL,ASO,ES,Towers with Radar,36,41,84,4,165,0,10,161,7,178,36,51,245,11,343,173,12,185,528
06/21/2019,SRQ,FL,ASO,ES,Towers with Radar,42,35,64,9,150,0,6,142,0,148,42,41,206,9,298,90,0,90,388
06/22/2019,SRQ,FL,ASO,ES,Towers with Radar,40,19,59,0,118,0,6,114,0,120,40,25,173,0,238,167,0,167,405
06/23/2019,SRQ,FL,ASO,ES,Towers with Radar,42,20,65,3,130,0,14,118,0,132,42,34,183,3,262,123,1,124,386
06/24/2019,SRQ,FL,ASO,ES,Towers with Radar,40,15,63,2,120,0,6,138,2,146,40,21,201,4,266,84,0,84,350
06/25/2019,SRQ,FL,ASO,ES,Towers with Radar,36,15,46,0,97,0,8,109,2,119,36,23,155,2,216,102,0,102,318
06/26/2019,SRQ,FL,ASO,ES,Towers with Radar,37,16,60,1,114,0,0,113,0,113,37,16,173,1,227,74,0,74,301
06/27/2019,SRQ,FL,ASO,ES,Towers with Radar,43,22,75,1,141,0,6,106,6,118,43,28,181,7,259,122,0,122,381
06/28/2019,SRQ,FL,ASO,ES,Towers with Radar,42,15,64,2,123,0,0,89,10,99,42,15,153,12,222,44,12,56,278
06/29/2019,SRQ,FL,ASO,ES,Towers with Radar,45,10,74,0,129,0,4,95,1,100,45,14,169,1,229,45,0,45,274
06/30/2019,SRQ,FL,ASO,ES,Towers with Radar,47,23,57,0,127,0,4,78,0,82,47,27,135,0,209,115,0,115,324
07/01/2019,SRQ,FL,ASO,ES,Towers with Radar,41,11,93,5,150,0,2,109,1,112,41,13,202,6,262,53,0,53,315
07/02/2019,SRQ,FL,ASO,ES,Towers with Radar,33,23,70,4,130,0,8,129,4,141,33,31,199,8,271,102,12,114,385
07/03/2019,SRQ,FL,ASO,ES,Towers with Radar,36,11,62,4,113,0,5,79,4,88,36,16,141,8,201,118,10,128,329
07/04/2019,SRQ,FL,ASO,ES,Towers with Radar,36,9,21,1,67,0,1,76,3,80,36,10,97,4,147,29,0,29,176
07/05/2019,SRQ,FL,ASO,ES,Towers with Radar,40,13,44,0,97,0,4,90,0,94,40,17,134,0,191,102,8,110,301
07/06/2019,SRQ,FL,ASO,ES,Towers with Radar,42,24,51,0,117,0,0,96,0,96,42,24,147,0,213,96,0,96,309
07/07/2019,SRQ,FL,ASO,ES,Towers with Radar,47,18,65,0,130,0,0,77,0,77,47,18,142,0,207,24,0,24,231
07/08/2019,SRQ,FL,ASO,ES,Towers with Radar,46,19,52,0,117,0,0,35,0,35,46,19,87,0,152,34,0,34,186
07/09/2019,SRQ,FL,ASO,ES,Towers with Radar,34,3,46,0,83,0,0,23,0,23,34,3,69,0,106,29,0,29,135
07/10/2019,SRQ,FL,ASO,ES,Towers with Radar,36,13,91,6,146,0,0,103,0,103,36,13,194,6,249,158,0,158,407
07/11/2019,SRQ,FL,ASO,ES,Towers with Radar,45,12,44,0,101,0,0,35,8,43,45,12,79,8,144,22,8,30,174
07/12/2019,SRQ,FL,ASO,ES,Towers with Radar,46,10,74,0,130,0,1,85,0,86,46,11,159,0,216,66,0,66,282
07/13/2019,SRQ,FL,ASO,ES,Towers with Radar,37,22,50,0,109,0,7,116,3,126,37,29,166,3,235,112,0,112,347
07/14/2019,SRQ,FL,ASO,ES,Towers with Radar,42,12,58,0,112,0,2,74,0,76,42,14,132,0,188,103,0,103,291
07/15/2019,SRQ,FL,ASO,ES,Towers with Radar,43,18,53,4,118,0,3,99,1,103,43,21,152,5,221,87,0,87,308
07/16/2019,SRQ,FL,ASO,ES,Towers with Radar,35,13,79,0,127,0,3,108,8,119,35,16,187,8,246,28,10,38,284
07/17/2019,SRQ,FL,ASO,ES,Towers with Radar,37,21,77,0,135,0,1,114,0,115,37,22,191,0,250,102,0,102,352
07/18/2019,SRQ,FL,ASO,ES,Towers with Radar,39,24,68,0,131,0,0,134,0,134,39,24,202,0,265,138,0,138,403
07/19/2019,SRQ,FL,ASO,ES,Towers with Radar,41,12,68,15,136,0,3,130,0,133,41,15,198,15,269,81,0,81,350
07/20/2019,SRQ,FL,ASO,ES,Towers with Radar,38,16,54,0,108,0,0,171,0,171,38,16,225,0,279,73,0,73,352
07/21/2019,SRQ,FL,ASO,ES,Towers with Radar,42,18,70,0,130,0,0,54,0,54,42,18,124,0,184,107,0,107,291
07/22/2019,SRQ,FL,ASO,ES,Towers with Radar,43,14,80,1,138,0,1,124,0,125,43,15,204,1,263,134,0,134,397
07/23/2019,SRQ,FL,ASO,ES,Towers with Radar,42,25,59,0,126,0,3,81,0,84,42,28,140,0,210,132,0,132,342
07/24/2019,SRQ,FL,ASO,ES,Towers with Radar,37,11,52,2,102,0,0,80,0,80,37,11,132,2,182,104,0,104,286
07/25/2019,SRQ,FL,ASO,ES,Towers with Radar,45,21,47,6,119,0,0,65,4,69,45,21,112,10,188,116,1,117,305
07/26/2019,SRQ,FL,ASO,ES,Towers with Radar,44,13,55,4,116,0,12,79,0,91,44,25,134,4,207,77,0,77,284
07/27/2019,SRQ,FL,ASO,ES,Towers with Radar,39,29,51,0,119,0,7,109,0,116,39,36,160,0,235,122,0,122,357
07/28/2019,SRQ,FL,ASO,ES,Towers with Radar,42,20,41,0,103,0,5,106,0,111,42,25,147,0,214,190,0,190,404
07/29/2019,SRQ,FL,ASO,ES,Towers with Radar,41,18,58,0,117,0,1,109,0,110,41,19,167,0,227,105,0,105,332
07/30/2019,SRQ,FL,ASO,ES,Towers with Radar,34,12,81,3,130,0,6,152,1,159,34,18,233,4,289,210,0,210,499
07/31/2019,SRQ,FL,ASO,ES,Towers with Radar,36,17,62,0,115,0,0,103,0,103,36,17,165,0,218,97,0,97,315
08/01/2019,SRQ,FL,ASO,ES,Towers with Radar,41,20,50,0,111,0,1,78,0,79,41,21,128,0,190,82,0,82,272
08/02/2019,SRQ,FL,ASO,ES,Towers with Radar,39,14,53,0,106,0,2,40,0,42,39,16,93,0,148,124,0,124,272
08/03/2019,SRQ,FL,ASO,ES,Towers with Radar,40,22,39,1,102,0,2,104,1,107,40,24,143,2,209,272,0,272,481
08/04/2019,SRQ,FL,ASO,ES,Towers with Radar,45,33,41,0,119,0,3,50,0,53,45,36,91,0,172,73,0,73,245
08/05/2019,SRQ,FL,ASO,ES,Towers with Radar,42,12,43,11,108,0,0,44,5,49,42,12,87,16,157,98,12,110,267
08/06/2019,SRQ,FL,ASO,ES,Towers with Radar,37,10,49,0,96,0,4,91,7,102,37,14,140,7,198,156,0,156,354
08/07/2019,SRQ,FL,ASO,ES,Towers with Radar,33,14,53,4,104,0,6,56,2,64,33,20,109,6,168,126,0,126,294
08/08/2019,SRQ,FL,ASO,ES,Towers with Radar,40,20,59,10,129,0,2,108,2,112,40,22,167,12,241,136,0,136,377
08/09/2019,SRQ,FL,ASO,ES,Towers with Radar,39,17,65,0,121,0,4,109,2,115,39,21,174,2,236,72,0,72,308
08/10/2019,SRQ,FL,ASO,ES,Towers with Radar,41,13,41,0,95,0,6,74,0,80,41,19,115,0,175,127,0,127,302
08/11/2019,SRQ,FL,ASO,ES,Towers with Radar,44,21,37,1,103,0,0,52,4,56,44,21,89,5,159,93,0,93,252
08/12/2019,SRQ,FL,ASO,ES,Towers with Radar,40,15,65,5,125,0,2,66,0,68,40,17,131,5,193,78,0,78,271
08/13/2019,SRQ,FL,ASO,ES,Towers with Radar,36,15,69,1,121,0,0,63,2,65,36,15,132,3,186,100,0,100,286
08/14/2019,SRQ,FL,ASO,ES,Towers with Radar,32,9,87,0,128,0,0,46,0,46,32,9,133,0,174,142,0,142,316
08/15/2019,SRQ,FL,ASO,ES,Towers with Radar,42,20,44,6,112,0,1,24,2,27,42,21,68,8,139,28,0,28,167
08/16/2019,SRQ,FL,ASO,ES,Towers with Radar,39,22,46,0,107,0,2,9,3,14,39,24,55,3,121,29,1,30,151
08/17/2019,SRQ,FL,ASO,ES,Towers with Radar,36,14,32,0,82,0,0,27,0,27,36,14,59,0,109,62,0,62,171
08/18/2019,SRQ,FL,ASO,ES,Towers with Radar,45,24,62,0,131,0,1,94,0,95,45,25,156,0,226,110,0,110,336
08/19/2019,SRQ,FL,ASO,ES,Towers with Radar,34,8,70,4,116,0,3,106,5,114,34,11,176,9,230,155,0,155,385
08/20/2019,SRQ,FL,ASO,ES,Towers with Radar,30,18,66,0,114,0,5,95,2,102,30,23,161,2,216,50,0,50,266
08/21/2019,SRQ,FL,ASO,ES,Towers with Radar,32,11,64,6,113,0,0,111,6,117,32,11,175,12,230,124,10,134,364
08/22/2019,SRQ,FL,ASO,ES,Towers with Radar,42,32,84,1,159,0,4,134,0,138,42,36,218,1,297,72,0,72,369
08/23/2019,SRQ,FL,ASO,ES,Towers with Radar,36,14,52,0,102,0,2,113,0,115,36,16,165,0,217,138,0,138,355
08/24/2019,SRQ,FL,ASO,ES,Towers with Radar,35,21,50,2,108,0,6,85,2,93,35,27,135,4,201,142,0,142,343
08/25/2019,SRQ,FL,ASO,ES,Towers with Radar,47,25,46,1,119,0,2,94,0,96,47,27,140,1,215,90,0,90,305
08/26/2019,SRQ,FL,ASO,ES,Towers with Radar,36,16,73,4,129,0,8,81,0,89,36,24,154,4,218,123,0,123,341
08/27/2019,SRQ,FL,ASO,ES,Towers with Radar,28,18,70,2,118,0,9,86,4,99,28,27,156,6,217,134,0,134,351
08/28/2019,SRQ,FL,ASO,ES,Towers with Radar,35,17,44,0,96,0,4,80,0,84,35,21,124,0,180,130,0,130,310
08/29/2019,SRQ,FL,ASO,ES,Towers with Radar,45,13,79,2,139,0,4,134,2,140,45,17,213,4,279,138,0,138,417
08/30/2019,SRQ,FL,ASO,ES,Towers with Radar,37,14,50,0,101,0,1,80,0,81,37,15,130,0,182,122,0,122,304
08/31/2019,SRQ,FL,ASO,ES,Towers with Radar,29,13,29,2,73,0,0,70,1,71,29,13,99,3,144,64,0,64,208
09/01/2019,SRQ,FL,ASO,ES,Towers with Radar,42,4,33,0,79,0,1,45,0,46,42,5,78,0,125,104,0,104,229
09/02/2019,SRQ,FL,ASO,ES,Towers with Radar,36,6,26,0,68,0,0,37,0,37,36,6,63,0,105,103,0,103,208
09/03/2019,SRQ,FL,ASO,ES,Towers with Radar,27,5,62,0,94,0,0,55,1,56,27,5,117,1,150,55,0,55,205
09/04/2019,SRQ,FL,ASO,ES,Towers with Radar,34,8,77,0,119,0,4,84,3,91,34,12,161,3,210,74,0,74,284
09/05/2019,SRQ,FL,ASO,ES,Towers with Radar,44,24,86,0,154,0,1,98,0,99,44,25,184,0,253,114,0,114,367
09/06/2019,SRQ,FL,ASO,ES,Towers with Radar,38,20,65,6,129,0,1,98,1,100,38,21,163,7,229,88,0,88,317
09/07/2019,SRQ,FL,ASO,ES,Towers with Radar,30,20,57,0,107,0,6,130,0,136,30,26,187,0,243,148,0,148,391
09/08/2019,SRQ,FL,ASO,ES,Towers with Radar,43,26,57,14,140,0,8,79,0,87,43,34,136,14,227,45,0,45,272
09/09/2019,SRQ,FL,ASO,ES,Towers with Radar,39,12,66,10,127,0,2,76,2,80,39,14,142,12,207,81,0,81,288
09/10/2019,SRQ,FL,ASO,ES,Towers with Radar,28,21,46,3,98,0,4,126,0,130,28,25,172,3,228,89,0,89,317
09/11/2019,SRQ,FL,ASO,ES,Towers with Radar,36,24,38,0,98,0,4,149,1,154,36,28,187,1,252,82,0,82,334
09/12/2019,SRQ,FL,ASO,ES,Towers with Radar,43,15,75,0,133,0,1,124,0,125,43,16,199,0,258,86,0,86,344
09/13/2019,SRQ,FL,ASO,ES,Towers with Radar,37,16,55,0,108,0,1,77,0,78,37,17,132,0,186,40,0,40,226
09/14/2019,SRQ,FL,ASO,ES,Towers with Radar,32,12,24,0,68,0,0,85,0,85,32,12,109,0,153,70,0,70,223
09/15/2019,SRQ,FL,ASO,ES,Towers with Radar,44,28,42,2,116,0,2,102,0,104,44,30,144,2,220,141,0,141,361
09/16/2019,SRQ,FL,ASO,ES,Towers with Radar,38,12,52,0,102,0,0,125,0,125,38,12,177,0,227,90,0,90,317
09/17/2019,SRQ,FL,ASO,ES,Towers with Radar,29,20,56,2,107,0,7,155,0,162,29,27,211,2,269,84,0,84,353
09/18/2019,SRQ,FL,ASO,ES,Towers with Radar,48,20,59,0,127,0,0,120,1,121,48,20,179,1,248,110,0,110,358
09/19/2019,SRQ,FL,ASO,ES,Towers with Radar,46,17,58,3,124,0,13,121,2,136,46,30,179,5,260,68,0,68,328
09/20/2019,SRQ,FL,ASO,ES,Towers with Radar,38,17,56,0,111,0,1,81,0,82,38,18,137,0,193,86,0,86,279
09/21/2019,SRQ,FL,ASO,ES,Towers with Radar,32,11,30,0,73,0,2,122,0,124,32,13,152,0,197,44,0,44,241
09/22/2019,SRQ,FL,ASO,ES,Towers with Radar,44,16,24,0,84,0,1,61,0,62,44,17,85,0,146,42,0,42,188
09/23/2019,SRQ,FL,ASO,ES,Towers with Radar,37,23,54,1,115,0,10,104,0,114,37,33,158,1,229,108,0,108,337
09/24/2019,SRQ,FL,ASO,ES,Towers with Radar,31,26,44,3,104,0,11,136,2,149,31,37,180,5,253,100,0,100,353
09/25/2019,SRQ,FL,ASO,ES,Towers with Radar,38,18,63,1,120,0,0,138,8,146,38,18,201,9,266,128,0,128,394
09/26/2019,SRQ,FL,ASO,ES,Towers with Radar,44,17,56,2,119,0,6,133,12,151,44,23,189,14,270,132,4,136,406
09/27/2019,SRQ,FL,ASO,ES,Towers with Radar,38,26,69,0,133,0,11,101,4,116,38,37,170,4,249,98,0,98,347
09/28/2019,SRQ,FL,ASO,ES,Towers with Radar,35,22,47,0,104,0,9,124,4,137,35,31,171,4,241,146,0,146,387
09/29/2019,SRQ,FL,ASO,ES,Towers with Radar,44,25,65,1,135,0,4,73,1,78,44,29,138,2,213,71,0,71,284
09/30/2019,SRQ,FL,ASO,ES,Towers with Radar,38,17,57,0,112,0,7,84,0,91,38,24,141,0,203,70,0,70,273
10/01/2019,SRQ,FL,ASO,ES,Towers with Radar,32,13,50,0,95,0,8,97,0,105,32,21,147,0,200,56,0,56,256
10/02/2019,SRQ,FL,ASO,ES,Towers with Radar,35,28,59,1,123,0,7,94,0,101,35,35,153,1,224,90,0,90,314
10/03/2019,SRQ,FL,ASO,ES,Towers with Radar,46,18,76,2,142,0,3,129,8,140,46,21,205,10,282,152,0,152,434
10/04/2019,SRQ,FL,ASO,ES,Towers with Radar,40,29,66,13,148,0,12,96,6,114,40,41,162,19,262,66,16,82,344
10/05/2019,SRQ,FL,ASO,ES,Towers with Radar,41,15,45,1,102,0,4,124,0,128,41,19,169,1,230,158,0,158,388
10/06/2019,SRQ,FL,ASO,ES,Towers with Radar,52,25,49,1,127,0,2,46,2,50,52,27,95,3,177,38,0,38,215
10/07/2019,SRQ,FL,ASO,ES,Towers with Radar,44,19,69,1,133,0,0,45,0,45,44,19,114,1,178,58,0,58,236
10/08/2019,SRQ,FL,ASO,ES,Towers with Radar,34,16,56,0,106,0,0,64,0,64,34,16,120,0,170,151,8,159,329
10/09/2019,SRQ,FL,ASO,ES,Towers with Radar,42,44,50,0,136,0,0,24,3,27,42,44,74,3,163,58,0,58,221
10/10/2019,SRQ,FL,ASO,ES,Towers with Radar,45,25,77,0,147,0,0,115,7,122,45,25,192,7,269,188,4,192,461
10/11/2019,SRQ,FL,ASO,ES,Towers with Radar,45,21,64,0,130,0,12,121,4,137,45,33,185,4,267,130,0,130,397
10/12/2019,SRQ,FL,ASO,ES,Towers with Radar,46,20,45,0,111,0,8,109,3,120,46,28,154,3,231,139,0,139,370
10/13/2019,SRQ,FL,ASO,ES,Towers with Radar,50,30,48,4,132,0,3,61,4,68,50,33,109,8,200,73,0,73,273
10/14/2019,SRQ,FL,ASO,ES,Towers with Radar,46,18,71,0,135,0,4,118,0,122,46,22,189,0,257,81,0,81,338
10/15/2019,SRQ,FL,ASO,ES,Towers with Radar,33,25,72,0,130,0,11,103,0,114,33,36,175,0,244,110,0,110,354
10/16/2019,SRQ,FL,ASO,ES,Towers with Radar,42,26,53,3,124,0,7,108,2,117,42,33,161,5,241,128,0,128,369
10/17/2019,SRQ,FL,ASO,ES,Towers with Radar,47,29,80,4,160,0,9,113,3,125,47,38,193,7,285,98,0,98,383
10/18/2019,SRQ,FL,ASO,ES,Towers with Radar,43,17,88,0,148,0,0,113,1,114,43,17,201,1,262,120,0,120,382
10/19/2019,SRQ,FL,ASO,ES,Towers with Radar,46,15,24,0,85,0,0,5,0,5,46,15,29,0,90,10,0,10,100
10/20/2019,SRQ,FL,ASO,ES,Towers with Radar,53,47,54,1,155,0,1,117,1,119,53,48,171,2,274,117,0,117,391
10/21/2019,SRQ,FL,ASO,ES,Towers with Radar,43,23,51,4,121,0,5,54,0,59,43,28,105,4,180,88,0,88,268
10/22/2019,SRQ,FL,ASO,ES,Towers with Radar,34,25,76,0,135,0,2,104,2,108,34,27,180,2,243,142,0,142,385
10/23/2019,SRQ,FL,ASO,ES,Towers with Radar,42,39,72,6,159,0,5,143,0,148,42,44,215,6,307,204,0,204,511
10/24/2019,SRQ,FL,ASO,ES,Towers with Radar,48,39,74,2,163,0,2,125,5,132,48,41,199,7,295,122,0,122,417
10/25/2019,SRQ,FL,ASO,ES,Towers with Radar,43,21,82,10,156,0,0,92,0,92,43,21,174,10,248,46,10,56,304
10/26/2019,SRQ,FL,ASO,ES,Towers with Radar,44,16,51,0,111,0,2,68,2,72,44,18,119,2,183,68,0,68,251
10/27/2019,SRQ,FL,ASO,ES,Towers with Radar,58,30,84,0,172,0,2,71,0,73,58,32,155,0,245,110,0,110,355
10/28/2019,SRQ,FL,ASO,ES,Towers with Radar,52,22,91,2,167,0,0,99,0,99,52,22,190,2,266,62,0,62,328
10/29/2019,SRQ,FL,ASO,ES,Towers with Radar,38,21,71,0,130,0,8,83,2,93,38,29,154,2,223,34,2,36,259
10/30/2019,SRQ,FL,ASO,ES,Towers with Radar,45,28,73,5,151,0,6,133,6,145,45,34,206,11,296,176,10,186,482
10/31/2019,SRQ,FL,ASO,ES,Towers with Radar,50,24,87,11,172,0,2,138,1,141,50,26,225,12,313,112,8,120,433
11/01/2019,SRQ,FL,ASO,ES,Towers with Radar,48,33,106,3,190,0,2,68,2,72,48,35,174,5,262,91,0,91,353
11/02/2019,SRQ,FL,ASO,ES,Towers with Radar,54,20,58,0,132,0,6,101,2,109,54,26,159,2,241,124,0,124,365
11/03/2019,SRQ,FL,ASO,ES,Towers with Radar,58,51,80,8,197,0,4,72,0,76,58,55,152,8,273,64,0,64,337
11/04/2019,SRQ,FL,ASO,ES,Towers with Radar,55,27,83,6,171,0,2,88,0,90,55,29,171,6,261,107,0,107,368
11/05/2019,SRQ,FL,ASO,ES,Towers with Radar,40,25,69,2,136,0,8,133,1,142,40,33,202,3,278,190,0,190,468
11/06/2019,SRQ,FL,ASO,ES,Towers with Radar,48,23,96,0,167,0,3,72,0,75,48,26,168,0,242,170,0,170,412
11/07/2019,SRQ,FL,ASO,ES,Towers with Radar,62,34,92,0,188,0,2,134,2,138,62,36,226,2,326,110,0,110,436
11/08/2019,SRQ,FL,ASO,ES,Towers with Radar,51,39,93,0,183,0,2,92,0,94,51,41,185,0,277,134,0,134,411
11/09/2019,SRQ,FL,ASO,ES,Towers with Radar,55,26,71,0,152,0,0,78,2,80,55,26,149,2,232,100,0,100,332
11/10/2019,SRQ,FL,ASO,ES,Towers with Radar,58,36,55,0,149,0,1,114,0,115,58,37,169,0,264,132,0,132,396
11/11/2019,SRQ,FL,ASO,ES,Towers with Radar,55,22,76,2,155,0,15,130,4,149,55,37,206,6,304,120,0,120,424
11/12/2019,SRQ,FL,ASO,ES,Towers with Radar,42,24,71,7,144,0,1,135,0,136,42,25,206,7,280,138,0,138,418
11/13/2019,SRQ,FL,ASO,ES,Towers with Radar,48,28,60,2,138,0,2,81,0,83,48,30,141,2,221,196,0,196,417
11/14/2019,SRQ,FL,ASO,ES,Towers with Radar,62,28,81,2,173,0,3,102,0,105,62,31,183,2,278,142,0,142,420
11/15/2019,SRQ,FL,ASO,ES,Towers with Radar,58,17,75,15,165,0,0,37,1,38,58,17,112,16,203,194,8,202,405
11/16/2019,SRQ,FL,ASO,ES,Towers with Radar,54,13,77,0,144,0,1,74,0,75,54,14,151,0,219,162,0,162,381
11/17/2019,SRQ,FL,ASO,ES,Towers with Radar,61,30,84,0,175,0,0,12,0,12,61,30,96,0,187,75,0,75,262
11/18/2019,SRQ,FL,ASO,ES,Towers with Radar,59,33,61,5,158,0,3,145,2,150,59,36,206,7,308,185,0,185,493
11/19/2019,SRQ,FL,ASO,ES,Towers with Radar,48,24,64,0,136,0,3,130,6,139,48,27,194,6,275,58,0,58,333
11/20/2019,SRQ,FL,ASO,ES,Towers with Radar,51,45,61,8,165,0,8,142,2,152,51,53,203,10,317,142,0,142,459
11/21/2019,SRQ,FL,ASO,ES,Towers with Radar,63,30,85,2,180,0,6,180,5,191,63,36,265,7,371,86,0,86,457
11/22/2019,SRQ,FL,ASO,ES,Towers with Radar,57,51,87,2,197,0,6,124,2,132,57,57,211,4,329,88,0,88,417
11/23/2019,SRQ,FL,ASO,ES,Towers with Radar,57,37,60,4,158,0,10,129,2,141,57,47,189,6,299,76,0,76,375
11/24/2019,SRQ,FL,ASO,ES,Towers with Radar,66,27,58,4,155,0,0,65,0,65,66,27,123,4,220,35,0,35,255
11/25/2019,SRQ,FL,ASO,ES,Towers with Radar,65,29,61,0,155,0,4,107,2,113,65,33,168,2,268,36,22,58,326
11/26/2019,SRQ,FL,ASO,ES,Towers with Radar,63,42,90,1,196,0,8,128,4,140,63,50,218,5,336,136,0,136,472
11/27/2019,SRQ,FL,ASO,ES,Towers with Radar,66,31,64,4,165,0,9,132,7,148,66,40,196,11,313,66,6,72,385
11/28/2019,SRQ,FL,ASO,ES,Towers with Radar,50,13,25,0,88,0,0,50,0,50,50,13,75,0,138,108,0,108,246
11/29/2019,SRQ,FL,ASO,ES,Towers with Radar,52,24,63,0,139,0,2,107,2,111,52,26,170,2,250,128,0,128,378
11/30/2019,SRQ,FL,ASO,ES,Towers with Radar,64,54,71,0,189,0,4,153,0,157,64,58,224,0,346,110,0,110,456
12/01/2019,SRQ,FL,ASO,ES,Towers with Radar,71,57,110,3,241,0,5,81,1,87,71,62,191,4,328,130,0,130,458
12/02/2019,SRQ,FL,ASO,ES,Towers with Radar,57,33,67,2,159,0,8,48,0,56,57,41,115,2,215,41,0,41,256
12/03/2019,SRQ,FL,ASO,ES,Towers with Radar,47,30,96,0,173,0,10,92,6,108,47,40,188,6,281,167,0,167,448
12/04/2019,SRQ,FL,ASO,ES,Towers with Radar,47,24,107,6,184,0,0,123,2,125,47,24,230,8,309,152,0,152,461
12/05/2019,SRQ,FL,ASO,ES,Towers with Radar,69,33,77,2,181,0,1,137,1,139,69,34,214,3,320,136,0,136,456
12/06/2019,SRQ,FL,ASO,ES,Towers with Radar,64,24,88,6,182,0,2,118,0,120,64,26,206,6,302,153,0,153,455
12/07/2019,SRQ,FL,ASO,ES,Towers with Radar,55,13,60,0,128,0,2,178,0,180,55,15,238,0,308,151,0,151,459
12/08/2019,SRQ,FL,ASO,ES,Towers with Radar,70,23,65,0,158,0,0,136,4,140,70,23,201,4,298,148,0,148,446
12/09/2019,SRQ,FL,ASO,ES,Towers with Radar,59,27,76,10,172,0,2,104,6,112,59,29,180,16,284,86,0,86,370
12/10/2019,SRQ,FL,ASO,ES,Towers with Radar,41,20,88,6,155,0,4,98,6,108,41,24,186,12,263,78,6,84,347
12/11/2019,SRQ,FL,ASO,ES,Towers with Radar,49,32,85,8,174,0,1,66,19,86,49,33,151,27,260,164,18,182,442
12/12/2019,SRQ,FL,ASO,ES,Towers with Radar,65,25,82,2,174,0,0,25,0,25,65,25,107,2,199,34,0,34,233
12/13/2019,SRQ,FL,ASO,ES,Towers with Radar,60,47,89,7,203,0,13,124,7,144,60,60,213,14,347,176,8,184,531
12/14/2019,SRQ,FL,ASO,ES,Towers with Radar,55,20,56,0,131,0,6,81,2,89,55,26,137,2,220,50,0,50,270
12/15/2019,SRQ,FL,ASO,ES,Towers with Radar,69,30,70,0,169,0,2,126,2,130,69,32,196,2,299,136,0,136,435
12/16/2019,SRQ,FL,ASO,ES,Towers with Radar,61,24,75,6,166,0,2,152,6,160,61,26,227,12,326,83,0,83,409
12/17/2019,SRQ,FL,ASO,ES,Towers with Radar,44,21,78,5,148,0,0,53,5,58,44,21,131,10,206,60,2,62,268
12/18/2019,SRQ,FL,ASO,ES,Towers with Radar,53,31,97,1,182,0,0,51,9,60,53,31,148,10,242,124,0,124,366
12/19/2019,SRQ,FL,ASO,ES,Towers with Radar,80,23,84,0,187,0,2,97,2,101,80,25,181,2,288,158,0,158,446
12/20/2019,SRQ,FL,ASO,ES,Towers with Radar,71,38,64,1,174,0,6,93,4,103,71,44,157,5,277,163,0,163,440
12/21/2019,SRQ,FL,ASO,ES,Towers with Radar,82,32,57,0,171,0,2,74,2,78,82,34,131,2,249,96,0,96,345
12/22/2019,SRQ,FL,ASO,ES,Towers with Radar,88,11,31,0,130,0,0,0,0,0,88,11,31,0,130,22,0,22,152
12/23/2019,SRQ,FL,ASO,ES,Towers with Radar,85,27,62,4,178,0,0,47,0,47,85,27,109,4,225,72,0,72,297
12/24/2019,SRQ,FL,ASO,ES,Towers with Radar,59,13,40,0,112,0,2,33,0,35,59,15,73,0,147,49,0,49,196
12/25/2019,SRQ,FL,ASO,ES,Towers with Radar,62,24,24,0,110,0,0,22,0,22,62,24,46,0,132,58,0,58,190
12/26/2019,SRQ,FL,ASO,ES,Towers with Radar,95,53,122,2,272,0,2,97,0,99,95,55,219,2,371,126,0,126,497
12/27/2019,SRQ,FL,ASO,ES,Towers with Radar,84,58,125,0,267,0,0,70,8,78,84,58,195,8,345,76,0,76,421
12/28/2019,SRQ,FL,ASO,ES,Towers with Radar,83,43,85,2,213,0,0,24,0,24,83,43,109,2,237,35,0,35,272
12/29/2019,SRQ,FL,ASO,ES,Towers with Radar,88,37,74,0,199,0,0,59,0,59,88,37,133,0,258,58,0,58,316
12/30/2019,SRQ,FL,ASO,ES,Towers with Radar,83,27,91,0,201,0,1,35,0,36,83,28,126,0,237,78,0,78,315
12/31/2019,SRQ,FL,ASO,ES,Towers with Radar,64,31,58,0,153,0,4,151,4,159,64,35,209,4,312,121,0,121,433
01/01/2020,SRQ,FL,ASO,ES,Towers with Radar,62,33,63,1,159,0,3,130,3,136,62,36,193,4,295,144,0,144,439
01/02/2020,SRQ,FL,ASO,ES,Towers with Radar,87,44,73,0,204,0,4,147,11,162,87,48,220,11,366,78,0,78,444
01/03/2020,SRQ,FL,ASO,ES,Towers with Radar,83,33,105,6,227,0,6,61,0,67,83,39,166,6,294,11,0,11,305
01/04/2020,SRQ,FL,ASO,ES,Towers with Radar,71,32,66,0,169,0,1,12,0,13,71,33,78,0,182,52,0,52,234
01/05/2020,SRQ,FL,ASO,ES,Towers with Radar,82,32,129,0,243,0,5,133,0,138,82,37,262,0,381,152,0,152,533
01/06/2020,SRQ,FL,ASO,ES,Towers with Radar,79,43,70,8,200,0,7,159,12,178,79,50,229,20,378,227,18,245,623
01/07/2020,SRQ,FL,ASO,ES,Towers with Radar,53,22,97,0,172,0,12,141,0,153,53,34,238,0,325,145,0,145,470
01/08/2020,SRQ,FL,ASO,ES,Towers with Radar,58,16,78,8,160,0,2,127,0,129,58,18,205,8,289,142,0,142,431
01/09/2020,SRQ,FL,ASO,ES,Towers with Radar,76,30,83,4,193,0,2,102,2,106,76,32,185,6,299,80,0,80,379
01/10/2020,SRQ,FL,ASO,ES,Towers with Radar,74,34,70,5,183,0,4,92,6,102,74,38,162,11,285,72,0,72,357
01/11/2020,SRQ,FL,ASO,ES,Towers with Radar,60,17,67,12,156,0,6,64,2,72,60,23,131,14,228,80,0,80,308
01/12/2020,SRQ,FL,ASO,ES,Towers with Radar,73,27,77,26,203,0,2,112,13,127,73,29,189,39,330,129,0,129,459
01/13/2020,SRQ,FL,ASO,ES,Towers with Radar,73,29,99,0,201,0,6,133,0,139,73,35,232,0,340,175,0,175,515
01/14/2020,SRQ,FL,ASO,ES,Towers with Radar,54,19,74,8,155,0,3,178,22,203,54,22,252,30,358,140,14,154,512
01/15/2020,SRQ,FL,ASO,ES,Towers with Radar,59,28,84,0,171,0,6,136,1,143,59,34,220,1,314,188,0,188,502
01/16/2020,SRQ,FL,ASO,ES,Towers with Radar,75,26,81,8,190,0,10,125,3,138,75,36,206,11,328,240,0,240,568
01/17/2020,SRQ,FL,ASO,ES,Towers with Radar,72,35,89,0,196,0,1,113,0,114,72,36,202,0,310,104,0,104,414
01/18/2020,SRQ,FL,ASO,ES,Towers with Radar,64,33,65,0,162,0,14,197,0,211,64,47,262,0,373,0,0,0,373
01/19/2020,SRQ,FL,ASO,ES,Towers with Radar,72,32,68,0,172,0,0,67,0,67,72,32,135,0,239,68,0,68,307
01/20/2020,SRQ,FL,ASO,ES,Towers with Radar,71,30,94,0,195,0,10,137,6,153,71,40,231,6,348,240,0,240,588
01/21/2020,SRQ,FL,ASO,ES,Towers with Radar,53,28,66,0,147,0,3,112,1,116,53,31,178,1,263,70,0,70,333
01/22/2020,SRQ,FL,ASO,ES,Towers with Radar,59,24,89,0,172,0,1,100,2,103,59,25,189,2,275,194,0,194,469
01/23/2020,SRQ,FL,ASO,ES,Towers with Radar,72,45,92,0,209,0,4,106,5,115,72,49,198,5,324,158,0,158,482
01/24/2020,SRQ,FL,ASO,ES,Towers with Radar,72,29,84,5,190,0,1,132,2,135,72,30,216,7,325,150,2,152,477
01/25/2020,SRQ,FL,ASO,ES,Towers with Radar,67,21,74,0,162,0,2,165,0,167,67,23,239,0,329,144,0,144,473
01/26/2020,SRQ,FL,ASO,ES,Towers with Radar,75,39,81,2,197,0,0,130,3,133,75,39,211,5,330,92,2,94,424
01/27/2020,SRQ,FL,ASO,ES,Towers with Radar,71,20,85,15,191,0,1,105,8,114,71,21,190,23,305,144,14,158,463
01/28/2020,SRQ,FL,ASO,ES,Towers with Radar,54,24,72,0,150,0,9,154,4,167,54,33,226,4,317,158,0,158,475
01/29/2020,SRQ,FL,ASO,ES,Towers with Radar,60,29,71,8,168,0,9,126,2,137,60,38,197,10,305,308,6,314,619
01/30/2020,SRQ,FL,ASO,ES,Towers with Radar,76,24,102,8,210,0,0,36,0,36,76,24,138,8,246,130,0,130,376
01/31/2020,SRQ,FL,ASO,ES,Towers with Radar,70,20,130,14,234,0,2,84,2,88,70,22,214,16,322,153,8,161,483
02/01/2020,SRQ,FL,ASO,ES,Towers with Radar,66,30,70,2,168,0,1,9,0,10,66,31,79,2,178,10,0,10,188
02/02/2020,SRQ,FL,ASO,ES,Towers with Radar,71,27,57,0,155,0,7,120,2,129,71,34,177,2,284,100,0,100,384
02/03/2020,SRQ,FL,ASO,ES,Towers with Radar,73,43,77,1,194,0,10,159,2,171,73,53,236,3,365,148,0,148,513
02/04/2020,SRQ,FL,ASO,ES,Towers with Radar,54,28,99,0,181,0,14,115,0,129,54,42,214,0,310,136,0,136,446
02/05/2020,SRQ,FL,ASO,ES,Towers with Radar,60,31,91,7,189,0,8,131,8,147,60,39,222,15,336,142,26,168,504
02/06/2020,SRQ,FL,ASO,ES,Towers with Radar,65,23,63,1,152,0,0,20,0,20,65,23,83,1,172,4,0,4,176
02/07/2020,SRQ,FL,ASO,ES,Towers with Radar,74,38,99,0,211,0,4,82,0,86,74,42,181,0,297,52,0,52,349
02/08/2020,SRQ,FL,ASO,ES,Towers with Radar,65,21,78,2,166,0,5,161,0,166,65,26,239,2,332,83,0,83,415
02/09/2020,SRQ,FL,ASO,ES,Towers with Radar,74,31,58,2,165,0,6,81,0,87,74,37,139,2,252,6,0,6,258
02/10/2020,SRQ,FL,ASO,ES,Towers with Radar,72,24,105,1,202,0,8,118,5,131,72,32,223,6,333,98,0,98,431
02/11/2020,SRQ,FL,ASO,ES,Towers with Radar,53,34,112,0,199,0,9,156,6,171,53,43,268,6,370,195,0,195,565
02/12/2020,SRQ,FL,ASO,ES,Towers with Radar,62,25,101,8,196,0,2,94,2,98,62,27,195,10,294,109,0,109,403
02/13/2020,SRQ,FL,ASO,ES,Towers with Radar,74,46,115,9,244,0,11,113,7,131,74,57,228,16,375,96,24,120,495
02/14/2020,SRQ,FL,ASO,ES,Towers with Radar,71,31,103,2,207,0,0,37,0,37,71,31,140,2,244,24,0,24,268
02/15/2020,SRQ,FL,ASO,ES,Towers with Radar,87,26,82,0,195,0,6,171,3,180,87,32,253,3,375,138,0,138,513
02/16/2020,SRQ,FL,ASO,ES,Towers with Radar,77,25,98,0,200,0,7,82,0,89,77,32,180,0,289,142,0,142,431
02/17/2020,SRQ,FL,ASO,ES,Towers with Radar,78,40,118,6,242,0,8,127,6,141,78,48,245,12,383,113,0,113,496
02/18/2020,SRQ,FL,ASO,ES,Towers with Radar,61,36,105,22,224,0,10,134,20,164,61,46,239,42,388,112,22,134,522
02/19/2020,SRQ,FL,ASO,ES,Towers with Radar,68,32,89,3,192,0,7,148,4,159,68,39,237,7,351,255,8,263,614
02/20/2020,SRQ,FL,ASO,ES,Towers with Radar,82,34,136,15,267,0,2,114,24,140,82,36,250,39,407,148,18,166,573
02/21/2020,SRQ,FL,ASO,ES,Towers with Radar,75,36,91,1,203,0,1,37,0,38,75,37,128,1,241,51,0,51,292
02/22/2020,SRQ,FL,ASO,ES,Towers with Radar,86,42,112,2,242,0,2,192,1,195,86,44,304,3,437,226,0,226,663
02/23/2020,SRQ,FL,ASO,ES,Towers with Radar,87,37,90,0,214,0,4,141,2,147,87,41,231,2,361,195,0,195,556
02/24/2020,SRQ,FL,ASO,ES,Towers with Radar,74,26,88,18,206,0,0,95,1,96,74,26,183,19,302,114,8,122,424
02/25/2020,SRQ,FL,ASO,ES,Towers with Radar,58,26,70,6,160,0,6,76,2,84,58,32,146,8,244,126,0,126,370
02/26/2020,SRQ,FL,ASO,ES,Towers with Radar,67,23,54,3,147,0,2,49,0,51,67,25,103,3,198,136,0,136,334
02/27/2020,SRQ,FL,ASO,ES,Towers with Radar,82,35,97,3,217,0,6,108,0,114,82,41,205,3,331,38,0,38,369
02/28/2020,SRQ,FL,ASO,ES,Towers with Radar,75,38,68,3,184,0,2,110,4,116,75,40,178,7,300,150,0,150,450
02/29/2020,SRQ,FL,ASO,ES,Towers with Radar,81,23,61,1,166,0,5,75,0,80,81,28,136,1,246,88,0,88,334
03/01/2020,SRQ,FL,ASO,ES,Towers with Radar,81,39,91,0,211,0,1,101,1,103,81,40,192,1,314,104,0,104,418
03/02/2020,SRQ,FL,ASO,ES,Towers with Radar,76,36,64,5,181,0,4,90,5,99,76,40,154,10,280,100,5,105,385
03/03/2020,SRQ,FL,ASO,ES,Towers with Radar,60,39,73,22,194,0,9,94,10,113,60,48,167,32,307,172,0,172,479
03/04/2020,SRQ,FL,ASO,ES,Towers with Radar,69,33,87,10,199,0,2,90,6,98,69,35,177,16,297,54,8,62,359
03/05/2020,SRQ,FL,ASO,ES,Towers with Radar,82,27,83,10,202,0,4,52,0,56,82,31,135,10,258,48,0,48,306
03/06/2020,SRQ,FL,ASO,ES,Towers with Radar,77,36,112,2,227,0,2,72,0,74,77,38,184,2,301,78,0,78,379
03/07/2020,SRQ,FL,ASO,ES,Towers with Radar,97,37,85,0,219,0,2,127,0,129,97,39,212,0,348,89,0,89,437
03/08/2020,SRQ,FL,ASO,ES,Towers with Radar,87,38,93,4,222,0,4,98,4,106,87,42,191,8,328,123,0,123,451
03/09/2020,SRQ,FL,ASO,ES,Towers with Radar,74,38,65,0,177,0,5,123,0,128,74,43,188,0,305,179,1,180,485
03/10/2020,SRQ,FL,ASO,ES,Towers with Radar,63,37,94,12,206,0,5,135,6,146,63,42,229,18,352,214,0,214,566
03/11/2020,SRQ,FL,ASO,ES,Towers with Radar,65,20,93,1,179,0,8,170,1,179,65,28,263,2,358,148,0,148,506
03/12/2020,SRQ,FL,ASO,ES,Towers with Radar,78,40,90,0,208,0,11,148,2,161,78,51,238,2,369,132,0,132,501
03/13/2020,SRQ,FL,ASO,ES,Towers with Radar,81,55,102,1,239,0,0,152,2,154,81,55,254,3,393,95,0,95,488
03/14/2020,SRQ,FL,ASO,ES,Towers with Radar,93,45,114,0,252,0,2,99,0,101,93,47,213,0,353,86,0,86,439
03/15/2020,SRQ,FL,ASO,ES,Towers with Radar,88,48,84,3,223,0,6,119,2,127,88,54,203,5,350,320,18,338,688
03/16/2020,SRQ,FL,ASO,ES,Towers with Radar,76,34,89,9,208,0,3,85,7,95,76,37,174,16,303,142,0,142,445
03/17/2020,SRQ,FL,ASO,ES,Towers with Radar,71,35,80,4,190,0,4,117,12,133,71,39,197,16,323,114,0,114,437
03/18/2020,SRQ,FL,ASO,ES,Towers with Radar,67,41,127,3,238,0,6,141,0,147,67,47,268,3,385,144,0,144,529
03/19/2020,SRQ,FL,ASO,ES,Towers with Radar,72,40,85,6,203,0,0,96,2,98,72,40,181,8,301,88,0,88,389
03/20/2020,SRQ,FL,ASO,ES,Towers with Radar,69,29,80,0,178,0,0,97,4,101,69,29,177,4,279,102,0,102,381
03/21/2020,SRQ,FL,ASO,ES,Towers with Radar,82,33,67,2,184,0,3,96,2,101,82,36,163,4,285,124,0,124,409
03/22/2020,SRQ,FL,ASO,ES,Towers with Radar,72,39,53,1,165,0,0,105,1,106,72,39,158,2,271,153,0,153,424
03/23/2020,SRQ,FL,ASO,ES,Towers with Radar,52,28,52,0,132,0,4,83,8,95,52,32,135,8,227,173,2,175,402
03/24/2020,SRQ,FL,ASO,ES,Towers with Radar,32,26,58,9,125,0,4,107,14,125,32,30,165,23,250,120,0,120,370
03/25/2020,SRQ,FL,ASO,ES,Towers with Radar,28,16,61,8,113,0,0,73,3,76,28,16,134,11,189,18,6,24,213
03/26/2020,SRQ,FL,ASO,ES,Towers with Radar,24,28,47,15,114,0,2,117,0,119,24,30,164,15,233,96,8,104,337
03/27/2020,SRQ,FL,ASO,ES,Towers with Radar,32,19,55,0,106,0,2,90,0,92,32,21,145,0,198,100,0,100,298
03/28/2020,SRQ,FL,ASO,ES,Towers with Radar,26,30,44,6,106,0,5,110,0,115,26,35,154,6,221,222,0,222,443
03/29/2020,SRQ,FL,ASO,ES,Towers with Radar,25,24,42,2,93,0,6,79,0,85,25,30,121,2,178,91,0,91,269
03/30/2020,SRQ,FL,ASO,ES,Towers with Radar,23,11,41,6,81,0,0,75,0,75,23,11,116,6,156,129,6,135,291
03/31/2020,SRQ,FL,ASO,ES,Towers with Radar,13,18,46,0,77,0,0,34,6,40,13,18,80,6,117,78,10,88,205
04/01/2020,SRQ,FL,ASO,ES,Towers with Radar,17,9,34,0,60,0,2,68,2,72,17,11,102,2,132,47,0,47,179
04/02/2020,SRQ,FL,ASO,ES,Towers with Radar,25,17,41,4,87,0,5,123,0,128,25,22,164,4,215,111,0,111,326
04/03/2020,SRQ,FL,ASO,ES,Towers with Radar,28,17,38,4,87,0,6,62,4,72,28,23,100,8,159,32,0,32,191
04/04/2020,SRQ,FL,ASO,ES,Towers with Radar,20,9,28,4,61,0,0,58,2,60,20,9,86,6,121,68,0,68,189
04/05/2020,SRQ,FL,ASO,ES,Towers with Radar,17,16,23,0,56,0,0,9,0,9,17,16,32,0,65,40,0,40,105
04/06/2020,SRQ,FL,ASO,ES,Towers with Radar,16,13,30,0,59,0,5,42,0,47,16,18,72,0,106,44,0,44,150
04/07/2020,SRQ,FL,ASO,ES,Towers with Radar,18,15,31,0,64,0,4,63,1,68,18,19,94,1,132,42,0,42,174
04/08/2020,SRQ,FL,ASO,ES,Towers with Radar,19,13,44,4,80,0,0,88,1,89,19,13,132,5,169,36,0,36,205
04/09/2020,SRQ,FL,ASO,ES,Towers with Radar,26,16,34,10,86,0,4,34,2,40,26,20,68,12,126,55,0,55,181
04/10/2020,SRQ,FL,ASO,ES,Towers with Radar,24,15,35,15,89,0,6,38,3,47,24,21,73,18,136,77,0,77,213
04/11/2020,SRQ,FL,ASO,ES,Towers with Radar,22,17,40,0,79,0,4,116,5,125,22,21,156,5,204,125,0,125,329
04/12/2020,SRQ,FL,ASO,ES,Towers with Radar,19,5,9,0,33,0,5,19,0,24,19,10,28,0,57,57,0,57,114
04/13/2020,SRQ,FL,ASO,ES,Towers with Radar,25,3,44,1,73,0,0,21,1,22,25,3,65,2,95,14,0,14,109
04/14/2020,SRQ,FL,ASO,ES,Towers with Radar,22,4,48,4,78,0,9,25,0,34,22,13,73,4,112,72,0,72,184
04/15/2020,SRQ,FL,ASO,ES,Towers with Radar,20,7,46,24,97,0,0,5,0,5,20,7,51,24,102,0,0,0,102
04/16/2020,SRQ,FL,ASO,ES,Towers with Radar,17,10,49,0,76,0,0,5,0,5,17,10,54,0,81,6,0,6,87
04/17/2020,SRQ,FL,ASO,ES,Towers with Radar,19,9,61,2,91,0,3,85,0,88,19,12,146,2,179,172,0,172,351
04/18/2020,SRQ,FL,ASO,ES,Towers with Radar,18,11,42,5,76,0,0,75,4,79,18,11,117,9,155,161,6,167,322
04/19/2020,SRQ,FL,ASO,ES,Towers with Radar,20,16,41,4,81,0,2,82,0,84,20,18,123,4,165,131,0,131,296
04/20/2020,SRQ,FL,ASO,ES,Towers with Radar,13,4,17,0,34,0,2,2,0,4,13,6,19,0,38,9,0,9,47
04/21/2020,SRQ,FL,ASO,ES,Towers with Radar,15,8,60,0,83,0,4,109,0,113,15,12,169,0,196,93,0,93,289
04/22/2020,SRQ,FL,ASO,ES,Towers with Radar,16,13,77,8,114,0,2,133,1,136,16,15,210,9,250,85,0,85,335
04/23/2020,SRQ,FL,ASO,ES,Towers with Radar,22,8,33,1,64,0,0,53,4,57,22,8,86,5,121,34,0,34,155
04/24/2020,SRQ,FL,ASO,ES,Towers with Radar,22,14,12,0,48,0,0,0,0,0,22,14,12,0,48,0,0,0,48
04/25/2020,SRQ,FL,ASO,ES,Towers with Radar,18,9,30,8,65,0,0,65,1,66,18,9,95,9,131,152,0,152,283
04/26/2020,SRQ,FL,ASO,ES,Towers with Radar,22,13,37,0,72,0,0,46,0,46,22,13,83,0,118,62,2,64,182
04/27/2020,SRQ,FL,ASO,ES,Towers with Radar,20,8,59,9,96,0,1,151,11,163,20,9,210,20,259,158,14,172,431
04/28/2020,SRQ,FL,ASO,ES,Towers with Radar,14,13,72,7,106,0,0,164,7,171,14,13,236,14,277,75,0,75,352
04/29/2020,SRQ,FL,ASO,ES,Towers with Radar,18,5,58,0,81,0,1,150,4,155,18,6,208,4,236,197,0,197,433
04/30/2020,SRQ,FL,ASO,ES,Towers with Radar,28,19,29,2,78,0,2,48,8,58,28,21,77,10,136,36,0,36,172
05/01/2020,SRQ,FL,ASO,ES,Towers with Radar,30,34,64,0,128,0,2,130,0,132,30,36,194,0,260,71,0,71,331
05/02/2020,SRQ,FL,ASO,ES,Towers with Radar,17,21,61,0,99,0,0,126,0,126,17,21,187,0,225,149,0,149,374
05/03/2020,SRQ,FL,ASO,ES,Towers with Radar,32,19,52,4,107,0,0,112,0,112,32,19,164,4,219,90,0,90,309
05/04/2020,SRQ,FL,ASO,ES,Towers with Radar,23,7,59,2,91,0,10,85,0,95,23,17,144,2,186,47,0,47,233
05/05/2020,SRQ,FL,ASO,ES,Towers with Radar,14,14,50,0,78,0,3,111,0,114,14,17,161,0,192,0,0,0,192
05/06/2020,SRQ,FL,ASO,ES,Towers with Radar,13,17,58,6,94,0,3,128,0,131,13,20,186,6,225,214,0,214,439
05/07/2020,SRQ,FL,ASO,ES,Towers with Radar,24,18,51,0,93,1,0,120,4,125,25,18,171,4,218,36,0,36,254
05/08/2020,SRQ,FL,ASO,ES,Towers with Radar,26,16,56,2,100,0,2,110,0,112,26,18,166,2,212,176,0,176,388
05/09/2020,SRQ,FL,ASO,ES,Towers with Radar,15,18,37,3,73,1,0,137,3,141,16,18,174,6,214,190,0,190,404
05/10/2020,SRQ,FL,ASO,ES,Towers with Radar,24,24,33,2,83,0,0,9,12,21,24,24,42,14,104,6,18,24,128
05/11/2020,SRQ,FL,ASO,ES,Towers with Radar,19,15,64,4,102,0,1,93,0,94,19,16,157,4,196,128,0,128,324
05/12/2020,SRQ,FL,ASO,ES,Towers with Radar,11,19,66,4,100,0,12,129,1,142,11,31,195,5,242,94,4,98,340
05/13/2020,SRQ,FL,ASO,ES,Towers with Radar,12,15,54,0,81,0,0,108,2,110,12,15,162,2,191,62,0,62,253
05/14/2020,SRQ,FL,ASO,ES,Towers with Radar,27,29,57,6,119,0,0,77,0,77,27,29,134,6,196,28,0,28,224
05/15/2020,SRQ,FL,ASO,ES,Towers with Radar,23,26,42,3,94,0,0,33,5,38,23,26,75,8,132,74,0,74,206
05/16/2020,SRQ,FL,ASO,ES,Towers with Radar,18,19,48,0,85,1,0,90,2,93,19,19,138,2,178,206,0,206,384
05/17/2020,SRQ,FL,ASO,ES,Towers with Radar,27,21,62,0,110,0,0,129,0,129,27,21,191,0,239,132,0,132,371
05/18/2020,SRQ,FL,ASO,ES,Towers with Radar,22,19,48,5,94,1,0,3,0,4,23,19,51,5,98,18,0,18,116
05/19/2020,SRQ,FL,ASO,ES,Towers with Radar,11,42,79,3,135,0,0,110,2,112,11,42,189,5,247,116,0,116,363
05/20/2020,SRQ,FL,ASO,ES,Towers with Radar,12,26,78,2,118,0,1,168,4,173,12,27,246,6,291,82,2,84,375
05/21/2020,SRQ,FL,ASO,ES,Towers with Radar,24,32,106,8,170,0,3,117,4,124,24,35,223,12,294,72,0,72,366
05/22/2020,SRQ,FL,ASO,ES,Towers with Radar,21,22,72,0,115,2,5,101,4,112,23,27,173,4,227,116,0,116,343
05/23/2020,SRQ,FL,ASO,ES,Towers with Radar,21,25,67,0,113,1,0,88,0,89,22,25,155,0,202,44,0,44,246
05/24/2020,SRQ,FL,ASO,ES,Towers with Radar,22,24,40,0,86,0,0,26,4,30,22,24,66,4,116,134,0,134,250
05/25/2020,SRQ,FL,ASO,ES,Towers with Radar,22,22,48,0,92,0,0,14,0,14,22,22,62,0,106,8,0,8,114
05/26/2020,SRQ,FL,ASO,ES,Towers with Radar,10,21,86,16,133,0,3,79,8,90,10,24,165,24,223,142,6,148,371
05/27/2020,SRQ,FL,ASO,ES,Towers with Radar,12,25,81,19,137,0,2,129,3,134,12,27,210,22,271,290,0,290,561
05/28/2020,SRQ,FL,ASO,ES,Towers with Radar,22,29,85,10,146,0,0,91,0,91,22,29,176,10,237,92,0,92,329
05/29/2020,SRQ,FL,ASO,ES,Towers with Radar,22,23,63,1,109,0,0,128,5,133,22,23,191,6,242,86,0,86,328
05/30/2020,SRQ,FL,ASO,ES,Towers with Radar,20,42,73,8,143,0,0,132,0,132,20,42,205,8,275,89,0,89,364
05/31/2020,SRQ,FL,ASO,ES,Towers with Radar,25,29,94,0,148,0,3,75,4,82,25,32,169,4,230,54,0,54,284
06/01/2020,SRQ,FL,ASO,ES,Towers with Radar,20,32,81,0,133,0,2,77,2,81,20,34,158,2,214,92,0,92,306
06/02/2020,SRQ,FL,ASO,ES,Towers with Radar,12,33,64,0,109,0,0,69,0,69,12,33,133,0,178,82,0,82,260
06/03/2020,SRQ,FL,ASO,ES,Towers with Radar,12,29,56,8,105,0,0,66,0,66,12,29,122,8,171,40,0,40,211
06/04/2020,SRQ,FL,ASO,ES,Towers with Radar,24,25,53,0,102,0,1,17,2,20,24,26,70,2,122,34,0,34,156
06/05/2020,SRQ,FL,ASO,ES,Towers with Radar,24,23,87,1,135,0,0,56,1,57,24,23,143,2,192,84,0,84,276
06/06/2020,SRQ,FL,ASO,ES,Towers with Radar,25,24,23,0,72,0,0,3,2,5,25,24,26,2,77,0,0,0,77
06/07/2020,SRQ,FL,ASO,ES,Towers with Radar,27,24,42,0,93,1,1,14,0,16,28,25,56,0,109,30,0,30,139
06/08/2020,SRQ,FL,ASO,ES,Towers with Radar,23,18,61,6,108,0,0,73,2,75,23,18,134,8,183,154,0,154,337
06/09/2020,SRQ,FL,ASO,ES,Towers with Radar,10,17,73,4,104,0,2,98,0,100,10,19,171,4,204,70,0,70,274
06/10/2020,SRQ,FL,ASO,ES,Towers with Radar,12,26,76,4,118,0,1,109,2,112,12,27,185,6,230,160,0,160,390
06/11/2020,SRQ,FL,ASO,ES,Towers with Radar,28,30,76,0,134,0,0,138,1,139,28,30,214,1,273,148,0,148,421
06/12/2020,SRQ,FL,ASO,ES,Towers with Radar,22,34,84,0,140,0,0,146,4,150,22,34,230,4,290,67,0,67,357
06/13/2020,SRQ,FL,ASO,ES,Towers with Radar,27,22,63,2,114,0,1,45,0,46,27,23,108,2,160,63,0,63,223
06/14/2020,SRQ,FL,ASO,ES,Towers with Radar,28,28,54,0,110,0,4,104,0,108,28,32,158,0,218,119,0,119,337
06/15/2020,SRQ,FL,ASO,ES,Towers with Radar,23,25,51,10,109,0,2,89,0,91,23,27,140,10,200,160,0,160,360
06/16/2020,SRQ,FL,ASO,ES,Towers with Radar,12,25,64,3,104,0,0,103,2,105,12,25,167,5,209,142,0,142,351
06/17/2020,SRQ,FL,ASO,ES,Towers with Radar,14,16,76,2,108,0,1,129,0,130,14,17,205,2,238,136,0,136,374
06/18/2020,SRQ,FL,ASO,ES,Towers with Radar,27,34,76,6,143,0,3,116,14,133,27,37,192,20,276,128,6,134,410
06/19/2020,SRQ,FL,ASO,ES,Towers with Radar,20,18,61,0,99,0,0,69,0,69,20,18,130,0,168,104,0,104,272
06/20/2020,SRQ,FL,ASO,ES,Towers with Radar,28,21,75,0,124,0,0,144,0,144,28,21,219,0,268,58,0,58,326
06/21/2020,SRQ,FL,ASO,ES,Towers with Radar,28,32,56,0,116,2,0,64,0,66,30,32,120,0,182,52,0,52,234
06/22/2020,SRQ,FL,ASO,ES,Towers with Radar,21,16,56,0,93,1,0,97,0,98,22,16,153,0,191,93,0,93,284
06/23/2020,SRQ,FL,ASO,ES,Towers with Radar,12,20,75,10,117,0,2,92,4,98,12,22,167,14,215,116,0,116,331
06/24/2020,SRQ,FL,ASO,ES,Towers with Radar,15,29,78,0,122,0,2,140,2,144,15,31,218,2,266,201,0,201,467
06/25/2020,SRQ,FL,ASO,ES,Towers with Radar,27,21,71,3,122,0,0,128,4,132,27,21,199,7,254,96,0,96,350
06/26/2020,SRQ,FL,ASO,ES,Towers with Radar,20,23,70,1,114,0,1,93,4,98,20,24,163,5,212,103,0,103,315
06/27/2020,SRQ,FL,ASO,ES,Towers with Radar,27,21,53,0,101,0,0,113,1,114,27,21,166,1,215,70,0,70,285
06/28/2020,SRQ,FL,ASO,ES,Towers with Radar,27,26,59,0,112,0,1,79,0,80,27,27,138,0,192,58,0,58,250
06/29/2020,SRQ,FL,ASO,ES,Towers with Radar,23,22,44,0,89,0,2,41,1,44,23,24,85,1,133,112,0,112,245
06/30/2020,SRQ,FL,ASO,ES,Towers with Radar,11,16,71,10,108,0,0,87,0,87,11,16,158,10,195,158,2,160,355
07/01/2020,SRQ,FL,ASO,ES,Towers with Radar,20,14,89,14,137,0,4,89,0,93,20,18,178,14,230,238,20,258,488
07/02/2020,SRQ,FL,ASO,ES,Towers with Radar,28,29,68,0,125,0,0,133,0,133,28,29,201,0,258,125,0,125,383
07/03/2020,SRQ,FL,ASO,ES,Towers with Radar,28,13,58,0,99,0,0,132,0,132,28,13,190,0,231,158,0,158,389
07/04/2020,SRQ,FL,ASO,ES,Towers with Radar,29,11,24,0,64,0,0,61,2,63,29,11,85,2,127,48,0,48,175
07/05/2020,SRQ,FL,ASO,ES,Towers with Radar,30,30,62,0,122,0,0,53,0,53,30,30,115,0,175,85,0,85,260
07/06/2020,SRQ,FL,ASO,ES,Towers with Radar,23,28,66,5,122,0,0,83,3,86,23,28,149,8,208,75,10,85,293
07/07/2020,SRQ,FL,ASO,ES,Towers with Radar,18,27,58,21,124,0,0,128,3,131,18,27,186,24,255,134,8,142,397
07/08/2020,SRQ,FL,ASO,ES,Towers with Radar,26,24,70,7,127,0,0,110,2,112,26,24,180,9,239,68,0,68,307
07/09/2020,SRQ,FL,ASO,ES,Towers with Radar,32,11,70,4,117,1,2,122,3,128,33,13,192,7,245,76,4,80,325
07/10/2020,SRQ,FL,ASO,ES,Towers with Radar,36,23,53,0,112,0,1,77,0,78,36,24,130,0,190,50,0,50,240
07/11/2020,SRQ,FL,ASO,ES,Towers with Radar,43,13,39,2,97,0,0,59,3,62,43,13,98,5,159,62,0,62,221
07/12/2020,SRQ,FL,ASO,ES,Towers with Radar,36,13,67,0,116,0,0,93,0,93,36,13,160,0,209,98,0,98,307
07/13/2020,SRQ,FL,ASO,ES,Towers with Radar,30,12,64,1,107,0,2,82,1,85,30,14,146,2,192,134,0,134,326
07/14/2020,SRQ,FL,ASO,ES,Towers with Radar,22,19,46,0,87,0,2,96,0,98,22,21,142,0,185,198,0,198,383
07/15/2020,SRQ,FL,ASO,ES,Towers with Radar,29,15,56,2,102,0,0,81,2,83,29,15,137,4,185,126,0,126,311
07/16/2020,SRQ,FL,ASO,ES,Towers with Radar,36,22,58,0,116,0,1,91,0,92,36,23,149,0,208,150,0,150,358
07/17/2020,SRQ,FL,ASO,ES,Towers with Radar,33,20,53,3,109,0,0,74,1,75,33,20,127,4,184,76,0,76,260
07/18/2020,SRQ,FL,ASO,ES,Towers with Radar,44,17,50,8,119,0,0,53,4,57,44,17,103,12,176,130,0,130,306
07/19/2020,SRQ,FL,ASO,ES,Towers with Radar,39,21,51,12,123,0,0,105,1,106,39,21,156,13,229,154,10,164,393
07/20/2020,SRQ,FL,ASO,ES,Towers with Radar,32,19,47,0,98,0,0,72,1,73,32,19,119,1,171,44,0,44,215
07/21/2020,SRQ,FL,ASO,ES,Towers with Radar,20,11,38,0,69,0,2,85,6,93,20,13,123,6,162,118,0,118,280
07/22/2020,SRQ,FL,ASO,ES,Towers with Radar,28,18,56,7,109,0,0,94,1,95,28,18,150,8,204,121,9,130,334
07/23/2020,SRQ,FL,ASO,ES,Towers with Radar,37,15,63,0,115,0,0,51,0,51,37,15,114,0,166,45,2,47,213
07/24/2020,SRQ,FL,ASO,ES,Towers with Radar,34,18,64,3,119,0,4,69,1,74,34,22,133,4,193,47,0,47,240
07/25/2020,SRQ,FL,ASO,ES,Towers with Radar,42,23,72,2,139,1,0,99,2,102,43,23,171,4,241,36,0,36,277
07/26/2020,SRQ,FL,ASO,ES,Towers with Radar,38,18,38,2,96,0,0,57,2,59,38,18,95,4,155,22,0,22,177
07/27/2020,SRQ,FL,ASO,ES,Towers with Radar,33,20,49,2,104,0,1,105,3,109,33,21,154,5,213,144,0,144,357
07/28/2020,SRQ,FL,ASO,ES,Towers with Radar,20,14,62,8,104,0,2,73,8,83,20,16,135,16,187,144,32,176,363
07/29/2020,SRQ,FL,ASO,ES,Towers with Radar,25,14,53,11,103,0,3,81,22,106,25,17,134,33,209,92,22,114,323
07/30/2020,SRQ,FL,ASO,ES,Towers with Radar,39,19,77,4,139,0,0,115,0,115,39,19,192,4,254,36,0,36,290
07/31/2020,SRQ,FL,ASO,ES,Towers with Radar,34,38,94,3,169,0,0,96,1,97,34,38,190,4,266,54,0,54,320
08/01/2020,SRQ,FL,ASO,ES,Towers with Radar,42,17,50,0,109,0,1,87,1,89,42,18,137,1,198,85,0,85,283
08/02/2020,SRQ,FL,ASO,ES,Towers with Radar,42,9,40,0,91,0,0,28,0,28,42,9,68,0,119,32,0,32,151
08/03/2020,SRQ,FL,ASO,ES,Towers with Radar,36,25,70,0,131,0,0,89,0,89,36,25,159,0,220,99,0,99,319
08/04/2020,SRQ,FL,ASO,ES,Towers with Radar,22,17,48,2,89,0,0,116,2,118,22,17,164,4,207,144,0,144,351
08/05/2020,SRQ,FL,ASO,ES,Towers with Radar,26,27,48,29,130,0,2,78,2,82,26,29,126,31,212,130,4,134,346
08/06/2020,SRQ,FL,ASO,ES,Towers with Radar,40,14,58,4,116,1,3,93,0,97,41,17,151,4,213,122,0,122,335
08/07/2020,SRQ,FL,ASO,ES,Towers with Radar,34,15,58,0,107,1,1,95,2,99,35,16,153,2,206,78,0,78,284
08/08/2020,SRQ,FL,ASO,ES,Towers with Radar,45,18,62,0,125,0,0,120,0,120,45,18,182,0,245,44,4,48,293
08/09/2020,SRQ,FL,ASO,ES,Towers with Radar,40,17,44,0,101,0,0,64,0,64,40,17,108,0,165,68,0,68,233
08/10/2020,SRQ,FL,ASO,ES,Towers with Radar,35,30,61,2,128,0,4,92,3,99,35,34,153,5,227,102,4,106,333
08/11/2020,SRQ,FL,ASO,ES,Towers with Radar,25,16,39,7,87,0,2,66,0,68,25,18,105,7,155,80,0,80,235
08/12/2020,SRQ,FL,ASO,ES,Towers with Radar,23,11,53,0,87,0,3,84,2,89,23,14,137,2,176,163,0,163,339
08/13/2020,SRQ,FL,ASO,ES,Towers with Radar,39,17,60,4,120,0,3,83,1,87,39,20,143,5,207,137,0,137,344
08/14/2020,SRQ,FL,ASO,ES,Towers with Radar,35,30,76,6,147,0,2,112,3,117,35,32,188,9,264,98,0,98,362
08/15/2020,SRQ,FL,ASO,ES,Towers with Radar,44,17,38,0,99,0,0,83,0,83,44,17,121,0,182,66,0,66,248
08/16/2020,SRQ,FL,ASO,ES,Towers with Radar,40,20,64,0,124,0,0,58,0,58,40,20,122,0,182,28,0,28,210
08/17/2020,SRQ,FL,ASO,ES,Towers with Radar,35,13,46,2,96,0,0,47,0,47,35,13,93,2,143,104,0,104,247
08/18/2020,SRQ,FL,ASO,ES,Towers with Radar,22,20,52,4,98,0,1,79,2,82,22,21,131,6,180,210,16,226,406
08/19/2020,SRQ,FL,ASO,ES,Towers with Radar,22,15,56,0,93,0,5,40,4,49,22,20,96,4,142,64,4,68,210
08/20/2020,SRQ,FL,ASO,ES,Towers with Radar,38,17,47,2,104,0,0,94,4,98,38,17,141,6,202,242,4,246,448
08/21/2020,SRQ,FL,ASO,ES,Towers with Radar,33,20,88,0,141,0,1,75,0,76,33,21,163,0,217,105,0,105,322
08/22/2020,SRQ,FL,ASO,ES,Towers with Radar,37,9,46,0,92,0,0,55,0,55,37,9,101,0,147,68,0,68,215
08/23/2020,SRQ,FL,ASO,ES,Towers with Radar,38,15,63,0,116,0,0,98,0,98,38,15,161,0,214,57,0,57,271
08/24/2020,SRQ,FL,ASO,ES,Towers with Radar,31,4,36,4,75,0,0,51,2,53,31,4,87,6,128,52,0,52,180
08/25/2020,SRQ,FL,ASO,ES,Towers with Radar,23,20,47,7,97,0,2,73,3,78,23,22,120,10,175,88,0,88,263
08/26/2020,SRQ,FL,ASO,ES,Towers with Radar,22,19,94,0,135,0,1,87,5,93,22,20,181,5,228,84,2,86,314
08/27/2020,SRQ,FL,ASO,ES,Towers with Radar,38,17,59,5,119,0,0,102,1,103,38,17,161,6,222,110,2,112,334
08/28/2020,SRQ,FL,ASO,ES,Towers with Radar,33,24,63,0,120,0,3,123,0,126,33,27,186,0,246,106,0,106,352
08/29/2020,SRQ,FL,ASO,ES,Towers with Radar,42,12,47,15,116,0,2,90,2,94,42,14,137,17,210,102,4,106,316
08/30/2020,SRQ,FL,ASO,ES,Towers with Radar,39,12,37,0,88,0,1,48,0,49,39,13,85,0,137,132,0,132,269
08/31/2020,SRQ,FL,ASO,ES,Towers with Radar,34,19,61,1,115,0,2,34,4,40,34,21,95,5,155,56,16,72,227
09/01/2020,SRQ,FL,ASO,ES,Towers with Radar,23,18,41,1,83,0,2,81,1,84,23,20,122,2,167,101,0,101,268
09/02/2020,SRQ,FL,ASO,ES,Towers with Radar,21,15,62,0,98,0,1,108,4,113,21,16,170,4,211,87,28,115,326
09/03/2020,SRQ,FL,ASO,ES,Towers with Radar,38,13,57,4,112,0,6,98,8,112,38,19,155,12,224,62,0,62,286
09/04/2020,SRQ,FL,ASO,ES,Towers with Radar,35,29,66,8,138,0,4,99,0,103,35,33,165,8,241,87,0,87,328
09/05/2020,SRQ,FL,ASO,ES,Towers with Radar,40,8,43,0,91,0,1,104,2,107,40,9,147,2,198,76,0,76,274
09/06/2020,SRQ,FL,ASO,ES,Towers with Radar,35,16,30,0,81,0,0,79,0,79,35,16,109,0,160,54,0,54,214
09/07/2020,SRQ,FL,ASO,ES,Towers with Radar,35,15,59,0,109,0,0,65,3,68,35,15,124,3,177,54,0,54,231
09/08/2020,SRQ,FL,ASO,ES,Towers with Radar,20,24,52,1,97,0,0,57,2,59,20,24,109,3,156,48,0,48,204
09/09/2020,SRQ,FL,ASO,ES,Towers with Radar,22,30,73,4,129,0,0,36,0,36,22,30,109,4,165,50,0,50,215
09/10/2020,SRQ,FL,ASO,ES,Towers with Radar,36,12,61,0,109,0,2,54,0,56,36,14,115,0,165,38,0,38,203
09/11/2020,SRQ,FL,ASO,ES,Towers with Radar,29,15,47,0,91,0,0,65,0,65,29,15,112,0,156,106,0,106,262
09/12/2020,SRQ,FL,ASO,ES,Towers with Radar,34,12,32,0,78,0,0,24,1,25,34,12,56,1,103,70,0,70,173
09/13/2020,SRQ,FL,ASO,ES,Towers with Radar,37,13,24,0,74,0,0,1,0,1,37,13,25,0,75,0,0,0,75
09/14/2020,SRQ,FL,ASO,ES,Towers with Radar,29,15,45,0,89,0,0,28,4,32,29,15,73,4,121,34,0,34,155
09/15/2020,SRQ,FL,ASO,ES,Towers with Radar,19,10,81,2,112,0,0,88,0,88,19,10,169,2,200,74,0,74,274
09/16/2020,SRQ,FL,ASO,ES,Towers with Radar,22,18,65,2,107,0,2,132,0,134,22,20,197,2,241,72,0,72,313
09/17/2020,SRQ,FL,ASO,ES,Towers with Radar,34,14,46,2,96,0,2,84,2,88,34,16,130,4,184,154,4,158,342
09/18/2020,SRQ,FL,ASO,ES,Towers with Radar,29,33,101,6,169,0,2,54,7,63,29,35,155,13,232,34,0,34,266
09/19/2020,SRQ,FL,ASO,ES,Towers with Radar,34,22,56,0,112,0,4,144,1,149,34,26,200,1,261,88,0,88,349
09/20/2020,SRQ,FL,ASO,ES,Towers with Radar,35,12,61,0,108,0,1,20,0,21,35,13,81,0,129,82,0,82,211
09/21/2020,SRQ,FL,ASO,ES,Towers with Radar,30,7,48,0,85,0,0,39,2,41,30,7,87,2,126,34,0,34,160
09/22/2020,SRQ,FL,ASO,ES,Towers with Radar,20,24,86,2,132,0,6,104,0,110,20,30,190,2,242,67,0,67,309
09/23/2020,SRQ,FL,ASO,ES,Towers with Radar,21,20,85,6,132,0,4,134,1,139,21,24,219,7,271,153,0,153,424
09/24/2020,SRQ,FL,ASO,ES,Towers with Radar,35,30,107,22,194,0,3,111,2,116,35,33,218,24,310,74,0,74,384
09/25/2020,SRQ,FL,ASO,ES,Towers with Radar,30,24,93,0,147,0,0,67,4,71,30,24,160,4,218,60,0,60,278
09/26/2020,SRQ,FL,ASO,ES,Towers with Radar,34,19,56,0,109,0,2,108,0,110,34,21,164,0,219,212,0,212,431
09/27/2020,SRQ,FL,ASO,ES,Towers with Radar,38,28,59,0,125,0,0,60,2,62,38,28,119,2,187,120,0,120,307
09/28/2020,SRQ,FL,ASO,ES,Towers with Radar,30,24,71,4,129,0,2,50,0,52,30,26,121,4,181,56,0,56,237
09/29/2020,SRQ,FL,ASO,ES,Towers with Radar,20,17,63,10,110,0,0,70,0,70,20,17,133,10,180,124,0,124,304
09/30/2020,SRQ,FL,ASO,ES,Towers with Radar,23,24,61,0,108,0,0,93,10,103,23,24,154,10,211,152,6,158,369
10/01/2020,SRQ,FL,ASO,ES,Towers with Radar,48,24,95,1,168,0,0,98,5,103,48,24,193,6,271,152,4,156,427
10/02/2020,SRQ,FL,ASO,ES,Towers with Radar,40,31,60,4,135,0,1,73,0,74,40,32,133,4,209,50,0,50,259
10/03/2020,SRQ,FL,ASO,ES,Towers with Radar,44,18,61,0,123,0,1,74,0,75,44,19,135,0,198,100,0,100,298
10/04/2020,SRQ,FL,ASO,ES,Towers with Radar,56,29,67,0,152,0,0,5,0,5,56,29,72,0,157,0,0,0,157
10/05/2020,SRQ,FL,ASO,ES,Towers with Radar,40,14,97,4,155,0,0,45,0,45,40,14,142,4,200,44,0,44,244
10/06/2020,SRQ,FL,ASO,ES,Towers with Radar,29,26,107,10,172,0,0,99,11,110,29,26,206,21,282,14,8,22,304
10/07/2020,SRQ,FL,ASO,ES,Towers with Radar,29,37,98,2,166,0,4,95,2,101,29,41,193,4,267,88,0,88,355
10/08/2020,SRQ,FL,ASO,ES,Towers with Radar,53,16,104,1,174,0,2,125,1,128,53,18,229,2,302,46,1,47,349
10/09/2020,SRQ,FL,ASO,ES,Towers with Radar,40,20,101,0,161,0,0,117,2,119,40,20,218,2,280,116,0,116,396
10/10/2020,SRQ,FL,ASO,ES,Towers with Radar,50,28,66,0,144,1,0,88,0,89,51,28,154,0,233,68,0,68,301
10/11/2020,SRQ,FL,ASO,ES,Towers with Radar,46,26,50,0,122,0,0,48,0,48,46,26,98,0,170,56,0,56,226
10/12/2020,SRQ,FL,ASO,ES,Towers with Radar,42,26,82,0,150,0,2,92,0,94,42,28,174,0,244,66,0,66,310
10/13/2020,SRQ,FL,ASO,ES,Towers with Radar,30,33,84,3,150,0,3,114,4,121,30,36,198,7,271,167,0,167,438
10/14/2020,SRQ,FL,ASO,ES,Towers with Radar,30,30,63,0,123,0,3,137,0,140,30,33,200,0,263,116,0,116,379
10/15/2020,SRQ,FL,ASO,ES,Towers with Radar,51,42,84,2,179,0,7,132,4,143,51,49,216,6,322,104,0,104,426
10/16/2020,SRQ,FL,ASO,ES,Towers with Radar,41,31,83,7,162,0,1,102,2,105,41,32,185,9,267,104,0,104,371
10/17/2020,SRQ,FL,ASO,ES,Towers with Radar,50,30,67,4,151,0,0,87,0,87,50,30,154,4,238,102,0,102,340
10/18/2020,SRQ,FL,ASO,ES,Towers with Radar,52,30,67,4,153,0,0,42,2,44,52,30,109,6,197,84,0,84,281
10/19/2020,SRQ,FL,ASO,ES,Towers with Radar,38,26,60,2,126,0,0,39,0,39,38,26,99,2,165,30,0,30,195
10/20/2020,SRQ,FL,ASO,ES,Towers with Radar,29,31,58,6,124,0,0,71,2,73,29,31,129,8,197,67,0,67,264
10/21/2020,SRQ,FL,ASO,ES,Towers with Radar,31,27,81,0,139,0,0,64,0,64,31,27,145,0,203,54,0,54,257
10/22/2020,SRQ,FL,ASO,ES,Towers with Radar,55,37,99,2,193,0,5,98,2,105,55,42,197,4,298,94,0,94,392
10/23/2020,SRQ,FL,ASO,ES,Towers with Radar,39,27,76,0,142,0,8,107,2,117,39,35,183,2,259,86,0,86,345
10/24/2020,SRQ,FL,ASO,ES,Towers with Radar,49,38,59,1,147,0,13,106,16,135,49,51,165,17,282,80,22,102,384
10/25/2020,SRQ,FL,ASO,ES,Towers with Radar,49,28,93,6,176,2,2,45,0,49,51,30,138,6,225,48,0,48,273
10/26/2020,SRQ,FL,ASO,ES,Towers with Radar,39,25,77,0,141,0,2,87,2,91,39,27,164,2,232,52,0,52,284
10/27/2020,SRQ,FL,ASO,ES,Towers with Radar,27,28,72,6,133,0,0,103,0,103,27,28,175,6,236,126,0,126,362
10/28/2020,SRQ,FL,ASO,ES,Towers with Radar,30,29,86,10,155,0,3,109,1,113,30,32,195,11,268,34,0,34,302
10/29/2020,SRQ,FL,ASO,ES,Towers with Radar,51,19,105,3,178,0,0,83,0,83,51,19,188,3,261,122,0,122,383
10/30/2020,SRQ,FL,ASO,ES,Towers with Radar,39,29,73,0,141,0,3,125,0,128,39,32,198,0,269,111,0,111,380
10/31/2020,SRQ,FL,ASO,ES,Towers with Radar,41,29,78,0,148,0,6,108,0,114,41,35,186,0,262,138,0,138,400
11/01/2020,SRQ,FL,ASO,ES,Towers with Radar,46,30,50,0,126,0,0,122,0,122,46,30,172,0,248,123,0,123,371
11/02/2020,SRQ,FL,ASO,ES,Towers with Radar,42,28,47,0,117,0,0,76,0,76,42,28,123,0,193,32,0,32,225
11/03/2020,SRQ,FL,ASO,ES,Towers with Radar,18,29,79,5,131,0,3,98,11,112,18,32,177,16,243,90,0,90,333
11/04/2020,SRQ,FL,ASO,ES,Towers with Radar,34,31,59,5,129,0,2,82,0,84,34,33,141,5,213,90,0,90,303
11/05/2020,SRQ,FL,ASO,ES,Towers with Radar,54,28,97,0,179,0,5,115,3,123,54,33,212,3,302,80,0,80,382
11/06/2020,SRQ,FL,ASO,ES,Towers with Radar,47,31,76,2,156,1,5,116,3,125,48,36,192,5,281,72,22,94,375
11/07/2020,SRQ,FL,ASO,ES,Towers with Radar,46,28,67,0,141,0,0,56,0,56,46,28,123,0,197,0,0,0,197
11/08/2020,SRQ,FL,ASO,ES,Towers with Radar,57,45,43,0,145,0,0,10,0,10,57,45,53,0,155,16,0,16,171
11/09/2020,SRQ,FL,ASO,ES,Towers with Radar,52,17,25,4,98,0,0,2,0,2,52,17,27,4,100,2,0,2,102
11/10/2020,SRQ,FL,ASO,ES,Towers with Radar,24,19,36,2,81,0,0,12,4,16,24,19,48,6,97,41,0,41,138
11/11/2020,SRQ,FL,ASO,ES,Towers with Radar,20,8,12,0,40,0,0,0,0,0,20,8,12,0,40,0,0,0,40
11/12/2020,SRQ,FL,ASO,ES,Towers with Radar,52,43,57,0,152,0,1,26,0,27,52,44,83,0,179,42,0,42,221
11/13/2020,SRQ,FL,ASO,ES,Towers with Radar,50,32,95,0,177,1,0,148,1,150,51,32,243,1,327,133,0,133,460
11/14/2020,SRQ,FL,ASO,ES,Towers with Radar,48,33,87,0,168,0,0,164,0,164,48,33,251,0,332,116,0,116,448
11/15/2020,SRQ,FL,ASO,ES,Towers with Radar,56,34,72,0,162,0,0,136,3,139,56,34,208,3,301,82,0,82,383
11/16/2020,SRQ,FL,ASO,ES,Towers with Radar,47,30,93,5,175,0,0,123,0,123,47,30,216,5,298,142,0,142,440
11/17/2020,SRQ,FL,ASO,ES,Towers with Radar,24,26,54,1,105,0,4,144,1,149,24,30,198,2,254,70,0,70,324
11/18/2020,SRQ,FL,ASO,ES,Towers with Radar,29,47,96,0,172,0,3,97,0,100,29,50,193,0,272,24,0,24,296
11/19/2020,SRQ,FL,ASO,ES,Towers with Radar,53,34,88,2,177,0,0,92,0,92,53,34,180,2,269,63,0,63,332
11/20/2020,SRQ,FL,ASO,ES,Towers with Radar,63,50,114,0,227,0,7,140,7,154,63,57,254,7,381,174,0,174,555
11/21/2020,SRQ,FL,ASO,ES,Towers with Radar,61,36,121,0,218,1,0,39,0,40,62,36,160,0,258,28,0,28,286
11/22/2020,SRQ,FL,ASO,ES,Towers with Radar,62,52,79,0,193,0,0,63,0,63,62,52,142,0,256,30,0,30,286
11/23/2020,SRQ,FL,ASO,ES,Towers with Radar,58,31,123,1,213,0,4,93,16,113,58,35,216,17,326,31,0,31,357
11/24/2020,SRQ,FL,ASO,ES,Towers with Radar,64,29,108,0,201,0,3,160,0,163,64,32,268,0,364,146,0,146,510
11/25/2020,SRQ,FL,ASO,ES,Towers with Radar,69,23,78,0,170,0,0,124,0,124,69,23,202,0,294,112,0,112,406
11/26/2020,SRQ,FL,ASO,ES,Towers with Radar,23,13,8,0,44,0,0,43,0,43,23,13,51,0,87,12,0,12,99
11/27/2020,SRQ,FL,ASO,ES,Towers with Radar,42,21,73,0,136,0,1,98,2,101,42,22,171,2,237,96,0,96,333
11/28/2020,SRQ,FL,ASO,ES,Towers with Radar,69,47,88,0,204,0,4,153,0,157,69,51,241,0,361,86,0,86,447
11/29/2020,SRQ,FL,ASO,ES,Towers with Radar,66,66,130,0,262,3,1,99,0,103,69,67,229,0,365,36,0,36,401
11/30/2020,SRQ,FL,ASO,ES,Towers with Radar,54,39,82,6,181,0,0,24,6,30,54,39,106,12,211,23,6,29,240
12/01/2020,SRQ,FL,ASO,ES,Towers with Radar,36,38,100,30,204,0,4,96,0,100,36,42,196,30,304,52,14,66,370
12/02/2020,SRQ,FL,ASO,ES,Towers with Radar,38,28,107,0,173,0,2,133,0,135,38,30,240,0,308,66,0,66,374
12/03/2020,SRQ,FL,ASO,ES,Towers with Radar,53,33,70,0,156,0,1,135,3,139,53,34,205,3,295,50,2,52,347
12/04/2020,SRQ,FL,ASO,ES,Towers with Radar,56,27,70,24,177,0,2,82,2,86,56,29,152,26,263,82,10,92,355
12/05/2020,SRQ,FL,ASO,ES,Towers with Radar,57,30,66,6,159,1,1,57,0,59,58,31,123,6,218,34,0,34,252
12/06/2020,SRQ,FL,ASO,ES,Towers with Radar,54,39,72,2,167,0,0,117,0,117,54,39,189,2,284,68,0,68,352
12/07/2020,SRQ,FL,ASO,ES,Towers with Radar,56,21,54,2,133,0,6,13,8,27,56,27,67,10,160,30,8,38,198
12/08/2020,SRQ,FL,ASO,ES,Towers with Radar,32,22,78,4,136,0,6,135,5,146,32,28,213,9,282,61,0,61,343
12/09/2020,SRQ,FL,ASO,ES,Towers with Radar,34,17,81,5,137,0,4,142,0,146,34,21,223,5,283,112,0,112,395
12/10/2020,SRQ,FL,ASO,ES,Towers with Radar,55,36,96,4,191,0,4,175,0,179,55,40,271,4,370,66,0,66,436
12/11/2020,SRQ,FL,ASO,ES,Towers with Radar,57,25,76,6,164,2,0,144,0,146,59,25,220,6,310,132,0,132,442
12/12/2020,SRQ,FL,ASO,ES,Towers with Radar,58,22,74,18,172,0,0,97,0,97,58,22,171,18,269,83,0,83,352
12/13/2020,SRQ,FL,ASO,ES,Towers with Radar,56,23,98,0,177,0,1,79,0,80,56,24,177,0,257,108,0,108,365
12/14/2020,SRQ,FL,ASO,ES,Towers with Radar,58,24,88,0,170,0,1,52,0,53,58,25,140,0,223,64,0,64,287
12/15/2020,SRQ,FL,ASO,ES,Towers with Radar,30,32,106,4,172,0,1,83,2,86,30,33,189,6,258,170,0,170,428
12/16/2020,SRQ,FL,ASO,ES,Towers with Radar,33,35,49,0,117,0,1,57,2,60,33,36,106,2,177,86,0,86,263
12/17/2020,SRQ,FL,ASO,ES,Towers with Radar,47,46,82,4,179,0,6,81,6,93,47,52,163,10,272,88,4,92,364
12/18/2020,SRQ,FL,ASO,ES,Towers with Radar,84,19,87,0,190,0,2,133,0,135,84,21,220,0,325,104,0,104,429
12/19/2020,SRQ,FL,ASO,ES,Towers with Radar,79,47,103,0,229,0,2,127,0,129,79,49,230,0,358,128,0,128,486
12/20/2020,SRQ,FL,ASO,ES,Towers with Radar,73,28,70,0,171,0,0,49,0,49,73,28,119,0,220,24,0,24,244
12/21/2020,SRQ,FL,ASO,ES,Towers with Radar,79,22,86,0,187,0,0,139,2,141,79,22,225,2,328,178,0,178,506
12/22/2020,SRQ,FL,ASO,ES,Towers with Radar,69,28,76,0,173,0,5,173,1,179,69,33,249,1,352,143,0,143,495
12/23/2020,SRQ,FL,ASO,ES,Towers with Radar,77,36,93,0,206,0,5,145,2,152,77,41,238,2,358,120,0,120,478
12/24/2020,SRQ,FL,ASO,ES,Towers with Radar,70,21,20,0,111,0,0,69,0,69,70,21,89,0,180,72,0,72,252
12/25/2020,SRQ,FL,ASO,ES,Towers with Radar,37,28,16,0,81,0,0,12,0,12,37,28,28,0,93,0,0,0,93
12/26/2020,SRQ,FL,ASO,ES,Towers with Radar,75,61,159,0,295,1,0,98,0,99,76,61,257,0,394,22,0,22,416
12/27/2020,SRQ,FL,ASO,ES,Towers with Radar,85,65,114,1,265,0,0,99,1,100,85,65,213,2,365,30,0,30,395
12/28/2020,SRQ,FL,ASO,ES,Towers with Radar,79,66,75,7,227,2,7,134,4,147,81,73,209,11,374,70,4,74,448
12/29/2020,SRQ,FL,ASO,ES,Towers with Radar,68,40,123,0,231,0,4,156,0,160,68,44,279,0,391,128,0,128,519
12/30/2020,SRQ,FL,ASO,ES,Towers with Radar,74,40,93,0,207,1,2,107,0,110,75,42,200,0,317,116,0,116,433
12/31/2020,SRQ,FL,ASO,ES,Towers with Radar,69,26,40,0,135,0,0,92,0,92,69,26,132,0,227,28,0,28,255
01/01/2021,SRQ,FL,ASO,ES,Towers with Radar,55,34,58,0,147,0,6,52,0,58,55,40,110,0,205,70,0,70,275
01/02/2021,SRQ,FL,ASO,ES,Towers with Radar,81,46,132,0,259,0,0,27,0,27,81,46,159,0,286,0,0,0,286
01/03/2021,SRQ,FL,ASO,ES,Towers with Radar,85,48,125,0,258,0,0,23,0,23,85,48,148,0,281,18,0,18,299
01/04/2021,SRQ,FL,ASO,ES,Towers with Radar,68,40,95,0,203,0,2,103,2,107,68,42,198,2,310,112,0,112,422
01/05/2021,SRQ,FL,ASO,ES,Towers with Radar,41,42,76,0,159,0,2,123,4,129,41,44,199,4,288,82,0,82,370
01/06/2021,SRQ,FL,ASO,ES,Towers with Radar,45,31,82,1,159,0,6,139,2,147,45,37,221,3,306,112,4,116,422
01/07/2021,SRQ,FL,ASO,ES,Towers with Radar,70,32,81,2,185,0,1,116,0,117,70,33,197,2,302,80,0,80,382
01/08/2021,SRQ,FL,ASO,ES,Towers with Radar,64,48,81,1,194,0,4,100,6,110,64,52,181,7,304,64,0,64,368
01/09/2021,SRQ,FL,ASO,ES,Towers with Radar,56,38,74,0,168,0,0,113,0,113,56,38,187,0,281,116,0,116,397
01/10/2021,SRQ,FL,ASO,ES,Towers with Radar,71,35,84,0,190,0,0,123,4,127,71,35,207,4,317,46,0,46,363
01/11/2021,SRQ,FL,ASO,ES,Towers with Radar,65,28,89,16,198,0,3,111,4,118,65,31,200,20,316,101,0,101,417
01/12/2021,SRQ,FL,ASO,ES,Towers with Radar,39,34,109,11,193,0,0,28,1,29,39,34,137,12,222,156,0,156,378
01/13/2021,SRQ,FL,ASO,ES,Towers with Radar,44,31,87,15,177,1,0,33,3,37,45,31,120,18,214,100,0,100,314
01/14/2021,SRQ,FL,ASO,ES,Towers with Radar,69,32,91,3,195,0,0,157,15,172,69,32,248,18,367,172,0,172,539
01/15/2021,SRQ,FL,ASO,ES,Towers with Radar,66,44,117,6,233,0,0,126,8,134,66,44,243,14,367,36,8,44,411
01/16/2021,SRQ,FL,ASO,ES,Towers with Radar,54,48,64,0,166,1,0,103,0,104,55,48,167,0,270,88,0,88,358
01/17/2021,SRQ,FL,ASO,ES,Towers with Radar,69,25,87,0,181,0,0,142,0,142,69,25,229,0,323,227,0,227,550
01/18/2021,SRQ,FL,ASO,ES,Towers with Radar,68,48,105,0,221,0,6,176,0,182,68,54,281,0,403,80,0,80,483
01/19/2021,SRQ,FL,ASO,ES,Towers with Radar,37,27,83,13,160,0,6,154,2,162,37,33,237,15,322,105,0,105,427
01/20/2021,SRQ,FL,ASO,ES,Towers with Radar,46,26,61,26,159,0,3,177,0,180,46,29,238,26,339,102,18,120,459
01/21/2021,SRQ,FL,ASO,ES,Towers with Radar,71,25,106,6,208,0,4,159,4,167,71,29,265,10,375,124,2,126,501
01/22/2021,SRQ,FL,ASO,ES,Towers with Radar,67,39,105,4,215,1,4,166,0,171,68,43,271,4,386,152,0,152,538
01/23/2021,SRQ,FL,ASO,ES,Towers with Radar,49,27,80,4,160,0,0,86,0,86,49,27,166,4,246,76,0,76,322
01/24/2021,SRQ,FL,ASO,ES,Towers with Radar,75,37,58,4,174,0,2,61,2,65,75,39,119,6,239,40,0,40,279
01/25/2021,SRQ,FL,ASO,ES,Towers with Radar,67,32,86,16,201,0,0,111,10,121,67,32,197,26,322,120,15,135,457
01/26/2021,SRQ,FL,ASO,ES,Towers with Radar,37,18,99,23,177,0,0,163,3,166,37,18,262,26,343,183,10,193,536
01/27/2021,SRQ,FL,ASO,ES,Towers with Radar,51,22,86,7,166,0,0,32,0,32,51,22,118,7,198,22,0,22,220
01/28/2021,SRQ,FL,ASO,ES,Towers with Radar,62,28,97,4,191,0,0,125,8,133,62,28,222,12,324,40,22,62,386
01/29/2021,SRQ,FL,ASO,ES,Towers with Radar,66,33,88,1,188,1,2,185,0,188,67,35,273,1,376,130,0,130,506
01/30/2021,SRQ,FL,ASO,ES,Towers with Radar,53,40,103,1,197,1,0,179,0,180,54,40,282,1,377,70,0,70,447
01/31/2021,SRQ,FL,ASO,ES,Towers with Radar,65,46,73,0,184,0,0,106,0,106,65,46,179,0,290,22,0,22,312
02/01/2021,SRQ,FL,ASO,ES,Towers with Radar,58,29,56,7,150,0,0,20,1,21,58,29,76,8,171,6,0,6,177
02/02/2021,SRQ,FL,ASO,ES,Towers with Radar,36,20,74,10,140,0,0,44,3,47,36,20,118,13,187,3,0,3,190
02/03/2021,SRQ,FL,ASO,ES,Towers with Radar,44,29,92,0,165,0,1,169,0,170,44,30,261,0,335,38,0,38,373
02/04/2021,SRQ,FL,ASO,ES,Towers with Radar,69,35,82,0,186,0,7,185,4,196,69,42,267,4,382,74,0,74,456
02/05/2021,SRQ,FL,ASO,ES,Towers with Radar,69,36,90,0,195,0,3,123,0,126,69,39,213,0,321,76,0,76,397
02/06/2021,SRQ,FL,ASO,ES,Towers with Radar,57,37,56,0,150,0,0,35,0,35,57,37,91,0,185,42,0,42,227
02/07/2021,SRQ,FL,ASO,ES,Towers with Radar,69,29,45,0,143,0,0,17,0,17,69,29,62,0,160,14,0,14,174
02/08/2021,SRQ,FL,ASO,ES,Towers with Radar,70,44,122,2,238,0,0,72,0,72,70,44,194,2,310,140,0,140,450
02/09/2021,SRQ,FL,ASO,ES,Towers with Radar,40,30,94,0,164,0,0,69,0,69,40,30,163,0,233,72,0,72,305
02/10/2021,SRQ,FL,ASO,ES,Towers with Radar,52,35,101,2,190,0,1,165,0,166,52,36,266,2,356,0,0,0,356
02/11/2021,SRQ,FL,ASO,ES,Towers with Radar,73,45,117,18,253,0,2,146,23,171,73,47,263,41,424,94,28,122,546
02/12/2021,SRQ,FL,ASO,ES,Towers with Radar,80,38,95,13,226,0,0,183,4,187,80,38,278,17,413,128,6,134,547
02/13/2021,SRQ,FL,ASO,ES,Towers with Radar,70,45,74,0,189,1,2,73,2,78,71,47,147,2,267,134,0,134,401
02/14/2021,SRQ,FL,ASO,ES,Towers with Radar,88,35,64,1,188,0,0,21,0,21,88,35,85,1,209,32,0,32,241
02/15/2021,SRQ,FL,ASO,ES,Towers with Radar,80,44,99,0,223,0,2,58,0,60,80,46,157,0,283,6,0,6,289
02/16/2021,SRQ,FL,ASO,ES,Towers with Radar,45,41,129,14,229,0,0,82,2,84,45,41,211,16,313,114,0,114,427
02/17/2021,SRQ,FL,ASO,ES,Towers with Radar,60,33,138,10,241,0,0,21,0,21,60,33,159,10,262,36,6,42,304
02/18/2021,SRQ,FL,ASO,ES,Towers with Radar,69,24,105,0,198,0,4,92,0,96,69,28,197,0,294,48,0,48,342
02/19/2021,SRQ,FL,ASO,ES,Towers with Radar,92,32,87,0,211,0,0,4,0,4,92,32,91,0,215,20,0,20,235
02/20/2021,SRQ,FL,ASO,ES,Towers with Radar,84,58,105,7,254,0,0,206,3,209,84,58,311,10,463,32,0,32,495
02/21/2021,SRQ,FL,ASO,ES,Towers with Radar,93,57,114,0,264,0,0,114,0,114,93,57,228,0,378,47,0,47,425
02/22/2021,SRQ,FL,ASO,ES,Towers with Radar,92,45,124,12,273,0,5,108,0,113,92,50,232,12,386,49,0,49,435
02/23/2021,SRQ,FL,ASO,ES,Towers with Radar,52,32,119,2,205,0,6,194,13,213,52,38,313,15,418,60,20,80,498
02/24/2021,SRQ,FL,ASO,ES,Towers with Radar,61,48,104,13,226,1,5,161,10,177,62,53,265,23,403,70,20,90,493
02/25/2021,SRQ,FL,ASO,ES,Towers with Radar,85,28,105,5,223,0,2,220,5,227,85,30,325,10,450,243,8,251,701
02/26/2021,SRQ,FL,ASO,ES,Towers with Radar,86,48,86,1,221,0,6,192,2,200,86,54,278,3,421,64,0,64,485
02/27/2021,SRQ,FL,ASO,ES,Towers with Radar,91,46,94,0,231,1,1,168,0,170,92,47,262,0,401,116,0,116,517
02/28/2021,SRQ,FL,ASO,ES,Towers with Radar,99,65,96,0,260,0,0,128,2,130,99,65,224,2,390,16,0,16,406
03/01/2021,SRQ,FL,ASO,ES,Towers with Radar,98,49,105,0,252,1,2,106,0,109,99,51,211,0,361,67,0,67,428
03/02/2021,SRQ,FL,ASO,ES,Towers with Radar,57,31,123,0,211,0,0,105,3,108,57,31,228,3,319,164,0,164,483
03/03/2021,SRQ,FL,ASO,ES,Towers with Radar,68,40,101,15,224,0,0,59,5,64,68,40,160,20,288,68,8,76,364
03/04/2021,SRQ,FL,ASO,ES,Towers with Radar,104,56,86,2,248,0,1,153,3,157,104,57,239,5,405,160,0,160,565
03/05/2021,SRQ,FL,ASO,ES,Towers with Radar,104,41,114,0,259,3,8,180,0,191,107,49,294,0,450,104,0,104,554
03/06/2021,SRQ,FL,ASO,ES,Towers with Radar,98,37,84,0,219,0,0,29,0,29,98,37,113,0,248,8,0,8,256
03/07/2021,SRQ,FL,ASO,ES,Towers with Radar,106,32,127,0,265,2,2,112,0,116,108,34,239,0,381,81,0,81,462
03/08/2021,SRQ,FL,ASO,ES,Towers with Radar,104,44,80,1,229,0,0,124,3,127,104,44,204,4,356,80,0,80,436
03/09/2021,SRQ,FL,ASO,ES,Towers with Radar,70,41,87,0,198,0,3,122,2,127,70,44,209,2,325,70,0,70,395
03/10/2021,SRQ,FL,ASO,ES,Towers with Radar,79,39,111,1,230,0,8,163,4,175,79,47,274,5,405,0,0,0,405
03/11/2021,SRQ,FL,ASO,ES,Towers with Radar,106,32,125,0,263,0,3,181,0,184,106,35,306,0,447,178,0,178,625
03/12/2021,SRQ,FL,ASO,ES,Towers with Radar,105,47,111,4,267,1,8,156,0,165,106,55,267,4,432,84,0,84,516
03/13/2021,SRQ,FL,ASO,ES,Towers with Radar,113,65,129,0,307,1,6,179,4,190,114,71,308,4,497,82,0,82,579
03/14/2021,SRQ,FL,ASO,ES,Towers with Radar,108,40,105,2,255,3,1,128,3,135,111,41,233,5,390,120,0,120,510
03/15/2021,SRQ,FL,ASO,ES,Towers with Radar,101,47,92,10,250,5,5,130,3,143,106,52,222,13,393,94,4,98,491
03/16/2021,SRQ,FL,ASO,ES,Towers with Radar,84,25,73,16,198,0,0,149,5,154,84,25,222,21,352,124,6,130,482
03/17/2021,SRQ,FL,ASO,ES,Towers with Radar,89,42,112,16,259,1,2,149,11,163,90,44,261,27,422,60,36,96,518
03/18/2021,SRQ,FL,ASO,ES,Towers with Radar,113,29,109,1,252,0,2,29,2,33,113,31,138,3,285,0,0,0,285
03/19/2021,SRQ,FL,ASO,ES,Towers with Radar,108,58,124,5,295,4,4,125,0,133,112,62,249,5,428,51,0,51,479
03/20/2021,SRQ,FL,ASO,ES,Towers with Radar,112,77,132,0,321,1,1,123,0,125,113,78,255,0,446,24,0,24,470
03/21/2021,SRQ,FL,ASO,ES,Towers with Radar,114,41,151,1,307,0,0,50,0,50,114,41,201,1,357,116,0,116,473
03/22/2021,SRQ,FL,ASO,ES,Towers with Radar,109,43,104,12,268,1,1,35,0,37,110,44,139,12,305,36,6,42,347
03/23/2021,SRQ,FL,ASO,ES,Towers with Radar,87,38,113,6,244,0,4,133,0,137,87,42,246,6,381,36,0,36,417
03/24/2021,SRQ,FL,ASO,ES,Towers with Radar,90,39,121,6,256,1,2,145,0,148,91,41,266,6,404,179,2,181,585
03/25/2021,SRQ,FL,ASO,ES,Towers with Radar,105,24,121,13,263,0,2,124,2,128,105,26,245,15,391,84,0,84,475
03/26/2021,SRQ,FL,ASO,ES,Towers with Radar,109,41,124,7,281,0,1,123,4,128,109,42,247,11,409,72,0,72,481
03/27/2021,SRQ,FL,ASO,ES,Towers with Radar,113,85,139,0,337,1,4,172,0,177,114,89,311,0,514,70,0,70,584
03/28/2021,SRQ,FL,ASO,ES,Towers with Radar,109,58,108,3,278,0,0,101,5,106,109,58,209,8,384,42,0,42,426
03/29/2021,SRQ,FL,ASO,ES,Towers with Radar,107,40,93,9,249,0,1,50,3,54,107,41,143,12,303,102,0,102,405
03/30/2021,SRQ,FL,ASO,ES,Towers with Radar,85,37,76,7,205,0,0,104,3,107,85,37,180,10,312,96,4,100,412
03/31/2021,SRQ,FL,ASO,ES,Towers with Radar,92,42,101,3,238,0,0,98,0,98,92,42,199,3,336,119,0,119,455
04/01/2021,SRQ,FL,ASO,ES,Towers with Radar,108,51,129,15,303,0,2,47,4,53,108,53,176,19,356,40,0,40,396
04/02/2021,SRQ,FL,ASO,ES,Towers with Radar,112,54,108,0,274,0,0,134,0,134,112,54,242,0,408,70,0,70,478
04/03/2021,SRQ,FL,ASO,ES,Towers with Radar,122,68,103,0,293,0,0,136,0,136,122,68,239,0,429,68,0,68,497
04/04/2021,SRQ,FL,ASO,ES,Towers with Radar,107,45,66,5,223,0,1,106,3,110,107,46,172,8,333,43,0,43,376
04/05/2021,SRQ,FL,ASO,ES,Towers with Radar,107,48,101,7,263,0,9,101,1,111,107,57,202,8,374,78,0,78,452
04/06/2021,SRQ,FL,ASO,ES,Towers with Radar,82,55,91,4,232,0,5,174,1,180,82,60,265,5,412,60,0,60,472
04/07/2021,SRQ,FL,ASO,ES,Towers with Radar,90,36,97,5,228,0,4,154,2,160,90,40,251,7,388,53,0,53,441
04/08/2021,SRQ,FL,ASO,ES,Towers with Radar,109,51,111,12,283,0,4,181,1,186,109,55,292,13,469,146,16,162,631
04/09/2021,SRQ,FL,ASO,ES,Towers with Radar,109,55,118,0,282,0,2,150,0,152,109,57,268,0,434,108,0,108,542
04/10/2021,SRQ,FL,ASO,ES,Towers with Radar,121,64,97,0,282,0,1,74,2,77,121,65,171,2,359,32,0,32,391
04/11/2021,SRQ,FL,ASO,ES,Towers with Radar,84,47,62,0,193,0,0,12,0,12,84,47,74,0,205,0,0,0,205
04/12/2021,SRQ,FL,ASO,ES,Towers with Radar,100,52,138,0,290,0,0,98,0,98,100,52,236,0,388,60,0,60,448
04/13/2021,SRQ,FL,ASO,ES,Towers with Radar,84,28,98,4,214,0,2,184,1,187,84,30,282,5,401,205,2,207,608
04/14/2021,SRQ,FL,ASO,ES,Towers with Radar,77,38,82,0,197,0,1,116,0,117,77,39,198,0,314,102,0,102,416
04/15/2021,SRQ,FL,ASO,ES,Towers with Radar,106,55,137,3,301,0,4,109,8,121,106,59,246,11,422,126,4,130,552
04/16/2021,SRQ,FL,ASO,ES,Towers with Radar,104,44,104,4,256,0,0,112,1,113,104,44,216,5,369,96,0,96,465
04/17/2021,SRQ,FL,ASO,ES,Towers with Radar,100,70,69,0,239,0,0,99,0,99,100,70,168,0,338,78,0,78,416
04/18/2021,SRQ,FL,ASO,ES,Towers with Radar,106,41,121,0,268,0,0,50,0,50,106,41,171,0,318,46,0,46,364
04/19/2021,SRQ,FL,ASO,ES,Towers with Radar,102,30,82,0,214,0,0,16,0,16,102,30,98,0,230,52,0,52,282
04/20/2021,SRQ,FL,ASO,ES,Towers with Radar,84,19,57,4,164,0,0,16,0,16,84,19,73,4,180,0,0,0,180
04/21/2021,SRQ,FL,ASO,ES,Towers with Radar,75,40,100,0,215,0,8,144,2,154,75,48,244,2,369,158,0,158,527
04/22/2021,SRQ,FL,ASO,ES,Towers with Radar,106,37,125,3,271,0,4,189,5,198,106,41,314,8,469,96,0,96,565
04/23/2021,SRQ,FL,ASO,ES,Towers with Radar,103,48,111,2,264,0,2,184,1,187,103,50,295,3,451,58,0,58,509
04/24/2021,SRQ,FL,ASO,ES,Towers with Radar,95,34,63,0,192,0,0,87,0,87,95,34,150,0,279,16,0,16,295
04/25/2021,SRQ,FL,ASO,ES,Towers with Radar,115,57,115,0,287,0,0,31,0,31,115,57,146,0,318,21,0,21,339
04/26/2021,SRQ,FL,ASO,ES,Towers with Radar,100,44,95,8,247,0,1,143,2,146,100,45,238,10,393,136,0,136,529
04/27/2021,SRQ,FL,ASO,ES,Towers with Radar,80,37,85,5,207,0,4,169,15,188,80,41,254,20,395,191,0,191,586
04/28/2021,SRQ,FL,ASO,ES,Towers with Radar,71,34,90,1,196,0,1,158,0,159,71,35,248,1,355,190,0,190,545
04/29/2021,SRQ,FL,ASO,ES,Towers with Radar,103,33,92,0,228,0,2,197,2,201,103,35,289,2,429,186,0,186,615
04/30/2021,SRQ,FL,ASO,ES,Towers with Radar,96,51,109,0,256,0,0,141,2,143,96,51,250,2,399,116,0,116,515
05/01/2021,SRQ,FL,ASO,ES,Towers with Radar,93,36,60,2,191,0,6,97,0,103,93,42,157,2,294,244,0,244,538
05/02/2021,SRQ,FL,ASO,ES,Towers with Radar,104,31,91,0,226,0,0,137,3,140,104,31,228,3,366,137,0,137,503
05/03/2021,SRQ,FL,ASO,ES,Towers with Radar,93,32,82,2,209,0,1,97,0,98,93,33,179,2,307,59,0,59,366
05/04/2021,SRQ,FL,ASO,ES,Towers with Radar,74,27,68,22,191,0,0,121,0,121,74,27,189,22,312,135,16,151,463
05/05/2021,SRQ,FL,ASO,ES,Towers with Radar,71,25,93,4,193,0,0,120,0,120,71,25,213,4,313,144,2,146,459
05/06/2021,SRQ,FL,ASO,ES,Towers with Radar,97,54,102,0,253,0,1,65,0,66,97,55,167,0,319,106,0,106,425
05/07/2021,SRQ,FL,ASO,ES,Towers with Radar,93,42,130,17,282,0,1,145,14,160,93,43,275,31,442,84,14,98,540
05/08/2021,SRQ,FL,ASO,ES,Towers with Radar,86,35,100,8,229,0,14,169,0,183,86,49,269,8,412,122,0,122,534
05/09/2021,SRQ,FL,ASO,ES,Towers with Radar,99,33,73,1,206,0,0,105,1,106,99,33,178,2,312,93,0,93,405
05/10/2021,SRQ,FL,ASO,ES,Towers with Radar,98,22,65,2,187,0,9,110,4,123,98,31,175,6,310,154,0,154,464
05/11/2021,SRQ,FL,ASO,ES,Towers with Radar,68,44,78,4,194,0,0,135,0,135,68,44,213,4,329,268,0,268,597
05/12/2021,SRQ,FL,ASO,ES,Towers with Radar,69,42,89,13,213,0,2,142,10,154,69,44,231,23,367,186,20,206,573
05/13/2021,SRQ,FL,ASO,ES,Towers with Radar,101,48,96,2,247,0,4,87,0,91,101,52,183,2,338,106,0,106,444
05/14/2021,SRQ,FL,ASO,ES,Towers with Radar,98,31,104,0,233,0,0,139,6,145,98,31,243,6,378,102,0,102,480
05/15/2021,SRQ,FL,ASO,ES,Towers with Radar,86,31,75,0,192,0,1,170,0,171,86,32,245,0,363,124,0,124,487
05/16/2021,SRQ,FL,ASO,ES,Towers with Radar,101,37,101,0,239,0,0,110,0,110,101,37,211,0,349,26,0,26,375
05/17/2021,SRQ,FL,ASO,ES,Towers with Radar,99,29,91,2,221,0,3,123,0,126,99,32,214,2,347,130,0,130,477
05/18/2021,SRQ,FL,ASO,ES,Towers with Radar,70,41,76,2,189,0,1,114,0,115,70,42,190,2,304,64,0,64,368
05/19/2021,SRQ,FL,ASO,ES,Towers with Radar,72,33,69,0,174,0,4,65,0,69,72,37,134,0,243,22,0,22,265
05/20/2021,SRQ,FL,ASO,ES,Towers with Radar,101,41,79,11,232,0,1,55,11,67,101,42,134,22,299,100,0,100,399
05/21/2021,SRQ,FL,ASO,ES,Towers with Radar,104,39,90,11,244,0,0,78,1,79,104,39,168,12,323,46,0,46,369
05/22/2021,SRQ,FL,ASO,ES,Towers with Radar,88,34,84,5,211,0,1,114,5,120,88,35,198,10,331,52,8,60,391
05/23/2021,SRQ,FL,ASO,ES,Towers with Radar,100,34,91,6,231,0,0,136,2,138,100,34,227,8,369,118,0,118,487
05/24/2021,SRQ,FL,ASO,ES,Towers with Radar,96,39,79,4,218,0,7,151,0,158,96,46,230,4,376,100,0,100,476
05/25/2021,SRQ,FL,ASO,ES,Towers with Radar,76,33,81,3,193,0,3,151,3,157,76,36,232,6,350,155,0,155,505
05/26/2021,SRQ,FL,ASO,ES,Towers with Radar,75,26,102,3,206,0,1,131,1,133,75,27,233,4,339,92,0,92,431
05/27/2021,SRQ,FL,ASO,ES,Towers with Radar,100,45,90,0,235,0,2,112,5,119,100,47,202,5,354,110,4,114,468
05/28/2021,SRQ,FL,ASO,ES,Towers with Radar,97,31,94,0,222,0,3,155,0,158,97,34,249,0,380,96,0,96,476
05/29/2021,SRQ,FL,ASO,ES,Towers with Radar,95,30,69,0,194,0,0,142,0,142,95,30,211,0,336,56,0,56,392
05/30/2021,SRQ,FL,ASO,ES,Towers with Radar,100,28,35,1,164,0,0,49,1,50,100,28,84,2,214,12,0,12,226
05/31/2021,SRQ,FL,ASO,ES,Towers with Radar,94,29,74,0,197,0,0,93,0,93,94,29,167,0,290,0,0,0,290
06/01/2021,SRQ,FL,ASO,ES,Towers with Radar,78,30,88,0,196,0,2,109,0,111,78,32,197,0,307,106,0,106,413
06/02/2021,SRQ,FL,ASO,ES,Towers with Radar,85,29,74,0,188,0,2,93,0,95,85,31,167,0,283,103,0,103,386
06/03/2021,SRQ,FL,ASO,ES,Towers with Radar,97,28,75,0,200,0,0,76,0,76,97,28,151,0,276,146,0,146,422
06/04/2021,SRQ,FL,ASO,ES,Towers with Radar,95,26,63,20,204,0,0,75,1,76,95,26,138,21,280,42,10,52,332
06/05/2021,SRQ,FL,ASO,ES,Towers with Radar,99,28,75,0,202,0,0,104,0,104,99,28,179,0,306,122,0,122,428
06/06/2021,SRQ,FL,ASO,ES,Towers with Radar,104,49,81,1,235,0,1,106,1,108,104,50,187,2,343,88,4,92,435
06/07/2021,SRQ,FL,ASO,ES,Towers with Radar,97,47,72,28,244,0,0,93,3,96,97,47,165,31,340,50,18,68,408
06/08/2021,SRQ,FL,ASO,ES,Towers with Radar,79,36,72,4,191,0,1,115,1,117,79,37,187,5,308,84,0,84,392
06/09/2021,SRQ,FL,ASO,ES,Towers with Radar,84,26,98,4,212,0,0,156,0,156,84,26,254,4,368,114,0,114,482
06/10/2021,SRQ,FL,ASO,ES,Towers with Radar,100,31,91,6,228,0,2,152,3,157,100,33,243,9,385,136,0,136,521
06/11/2021,SRQ,FL,ASO,ES,Towers with Radar,96,42,98,7,243,0,0,156,12,168,96,42,254,19,411,146,20,166,577
06/12/2021,SRQ,FL,ASO,ES,Towers with Radar,109,37,68,0,214,0,2,142,3,147,109,39,210,3,361,155,0,155,516
06/13/2021,SRQ,FL,ASO,ES,Towers with Radar,112,24,91,1,228,0,1,119,0,120,112,25,210,1,348,86,0,86,434
06/14/2021,SRQ,FL,ASO,ES,Towers with Radar,101,26,69,4,200,0,0,49,0,49,101,26,118,4,249,37,0,37,286
06/15/2021,SRQ,FL,ASO,ES,Towers with Radar,81,21,74,4,180,0,0,68,2,70,81,21,142,6,250,159,2,161,411
06/16/2021,SRQ,FL,ASO,ES,Towers with Radar,89,31,52,0,172,0,0,93,9,102,89,31,145,9,274,154,0,154,428
06/17/2021,SRQ,FL,ASO,ES,Towers with Radar,102,24,95,0,221,0,0,93,0,93,102,24,188,0,314,114,0,114,428
06/18/2021,SRQ,FL,ASO,ES,Towers with Radar,95,21,93,0,209,0,4,150,0,154,95,25,243,0,363,172,0,172,535
06/19/2021,SRQ,FL,ASO,ES,Towers with Radar,109,26,70,0,205,0,0,103,0,103,109,26,173,0,308,124,0,124,432
06/20/2021,SRQ,FL,ASO,ES,Towers with Radar,104,26,59,0,189,0,0,56,0,56,104,26,115,0,245,64,0,64,309
06/21/2021,SRQ,FL,ASO,ES,Towers with Radar,93,19,73,1,186,0,1,128,4,133,93,20,201,5,319,85,0,85,404
06/22/2021,SRQ,FL,ASO,ES,Towers with Radar,87,18,67,2,174,0,0,100,0,100,87,18,167,2,274,105,0,105,379
06/23/2021,SRQ,FL,ASO,ES,Towers with Radar,93,23,91,1,208,0,0,135,21,156,93,23,226,22,364,190,0,190,554
06/24/2021,SRQ,FL,ASO,ES,Towers with Radar,105,22,72,0,199,0,0,84,8,92,105,22,156,8,291,106,16,122,413
06/25/2021,SRQ,FL,ASO,ES,Towers with Radar,97,23,101,3,224,0,0,121,1,122,97,23,222,4,346,118,0,118,464
06/26/2021,SRQ,FL,ASO,ES,Towers with Radar,103,24,87,2,216,0,3,112,0,115,103,27,199,2,331,54,0,54,385
06/27/2021,SRQ,FL,ASO,ES,Towers with Radar,106,32,87,0,225,0,2,143,0,145,106,34,230,0,370,40,0,40,410
06/28/2021,SRQ,FL,ASO,ES,Towers with Radar,96,22,92,0,210,0,0,84,6,90,96,22,176,6,300,85,12,97,397
06/29/2021,SRQ,FL,ASO,ES,Towers with Radar,88,7,78,2,175,0,2,87,2,91,88,9,165,4,266,152,4,156,422
06/30/2021,SRQ,FL,ASO,ES,Towers with Radar,87,18,72,0,177,0,0,90,1,91,87,18,162,1,268,94,0,94,362
07/01/2021,SRQ,FL,ASO,ES,Towers with Radar,104,27,102,4,237,0,1,88,1,90,104,28,190,5,327,168,0,168,495
07/02/2021,SRQ,FL,ASO,ES,Towers with Radar,97,28,73,6,204,0,4,70,2,76,97,32,143,8,280,114,0,114,394
07/03/2021,SRQ,FL,ASO,ES,Towers with Radar,112,28,59,2,201,0,6,73,1,80,112,34,132,3,281,118,0,118,399
07/04/2021,SRQ,FL,ASO,ES,Towers with Radar,102,19,48,0,169,0,0,79,0,79,102,19,127,0,248,64,0,64,312
07/05/2021,SRQ,FL,ASO,ES,Towers with Radar,103,33,67,0,203,0,0,80,0,80,103,33,147,0,283,40,0,40,323
07/06/2021,SRQ,FL,ASO,ES,Towers with Radar,50,12,36,0,98,0,0,6,0,6,50,12,42,0,104,12,0,12,116
07/07/2021,SRQ,FL,ASO,ES,Towers with Radar,75,29,30,0,134,0,0,16,0,16,75,29,46,0,150,12,0,12,162
07/08/2021,SRQ,FL,ASO,ES,Towers with Radar,109,27,104,0,240,0,2,136,3,141,109,29,240,3,381,150,0,150,531
07/09/2021,SRQ,FL,ASO,ES,Towers with Radar,96,18,74,5,193,0,4,133,0,137,96,22,207,5,330,154,0,154,484
07/10/2021,SRQ,FL,ASO,ES,Towers with Radar,107,26,63,0,196,0,2,155,2,159,107,28,218,2,355,78,0,78,433
07/11/2021,SRQ,FL,ASO,ES,Towers with Radar,96,38,69,5,208,0,2,124,5,131,96,40,193,10,339,50,8,58,397
07/12/2021,SRQ,FL,ASO,ES,Towers with Radar,103,20,68,0,191,0,5,65,3,73,103,25,133,3,264,30,2,32,296
07/13/2021,SRQ,FL,ASO,ES,Towers with Radar,86,20,77,2,185,0,0,89,0,89,86,20,166,2,274,114,0,114,388
07/14/2021,SRQ,FL,ASO,ES,Towers with Radar,91,35,93,0,219,0,0,110,5,115,91,35,203,5,334,102,0,102,436
07/15/2021,SRQ,FL,ASO,ES,Towers with Radar,97,26,66,0,189,0,2,139,0,141,97,28,205,0,330,131,0,131,461
07/16/2021,SRQ,FL,ASO,ES,Towers with Radar,97,21,74,25,217,0,0,94,6,100,97,21,168,31,317,110,6,116,433
07/17/2021,SRQ,FL,ASO,ES,Towers with Radar,104,21,62,0,187,0,0,93,0,93,104,21,155,0,280,86,0,86,366
07/18/2021,SRQ,FL,ASO,ES,Towers with Radar,100,28,87,6,221,0,5,103,1,109,100,33,190,7,330,43,0,43,373
07/19/2021,SRQ,FL,ASO,ES,Towers with Radar,92,26,75,12,205,0,4,102,3,109,92,30,177,15,314,92,8,100,414
07/20/2021,SRQ,FL,ASO,ES,Towers with Radar,88,22,89,35,234,0,0,138,3,141,88,22,227,38,375,117,19,136,511
07/21/2021,SRQ,FL,ASO,ES,Towers with Radar,92,31,73,4,200,0,0,177,3,180,92,31,250,7,380,129,0,129,509
07/22/2021,SRQ,FL,ASO,ES,Towers with Radar,100,22,84,16,222,0,2,106,0,108,100,24,190,16,330,86,4,90,420
07/23/2021,SRQ,FL,ASO,ES,Towers with Radar,96,26,56,7,185,0,0,104,0,104,96,26,160,7,289,58,0,58,347
07/24/2021,SRQ,FL,ASO,ES,Towers with Radar,107,25,56,0,188,0,1,78,0,79,107,26,134,0,267,166,0,166,433
07/25/2021,SRQ,FL,ASO,ES,Towers with Radar,105,32,77,1,215,0,0,85,0,85,105,32,162,1,300,49,0,49,349
07/26/2021,SRQ,FL,ASO,ES,Towers with Radar,91,27,62,4,184,0,0,63,0,63,91,27,125,4,247,76,0,76,323
07/27/2021,SRQ,FL,ASO,ES,Towers with Radar,81,22,46,0,149,0,0,67,2,69,81,22,113,2,218,80,0,80,298
07/28/2021,SRQ,FL,ASO,ES,Towers with Radar,98,30,85,0,213,0,0,65,0,65,98,30,150,0,278,75,0,75,353
07/29/2021,SRQ,FL,ASO,ES,Towers with Radar,101,24,61,10,196,0,0,67,2,69,101,24,128,12,265,86,0,86,351
07/30/2021,SRQ,FL,ASO,ES,Towers with Radar,99,18,123,6,246,0,6,145,6,157,99,24,268,12,403,60,0,60,463
07/31/2021,SRQ,FL,ASO,ES,Towers with Radar,102,21,64,1,188,0,9,106,0,115,102,30,170,1,303,0,0,0,303
08/01/2021,SRQ,FL,ASO,ES,Towers with Radar,100,29,75,0,204,0,0,113,4,117,100,29,188,4,321,40,0,40,361
08/02/2021,SRQ,FL,ASO,ES,Towers with Radar,98,16,63,21,198,0,3,93,1,97,98,19,156,22,295,48,14,62,357
08/03/2021,SRQ,FL,ASO,ES,Towers with Radar,83,12,36,7,138,0,0,33,4,37,83,12,69,11,175,57,8,65,240
08/04/2021,SRQ,FL,ASO,ES,Towers with Radar,82,19,68,9,178,0,0,8,7,15,82,19,76,16,193,14,46,60,253
08/05/2021,SRQ,FL,ASO,ES,Towers with Radar,97,20,67,27,211,0,0,55,0,55,97,20,122,27,266,56,6,62,328
08/06/2021,SRQ,FL,ASO,ES,Towers with Radar,93,28,77,6,204,0,2,144,2,148,93,30,221,8,352,84,0,84,436
08/07/2021,SRQ,FL,ASO,ES,Towers with Radar,101,18,54,0,173,0,0,73,0,73,101,18,127,0,246,68,0,68,314
08/08/2021,SRQ,FL,ASO,ES,Towers with Radar,95,21,53,0,169,0,2,90,0,92,95,23,143,0,261,50,0,50,311
08/09/2021,SRQ,FL,ASO,ES,Towers with Radar,87,22,55,1,165,0,0,79,3,82,87,22,134,4,247,101,4,105,352
08/10/2021,SRQ,FL,ASO,ES,Towers with Radar,76,28,56,7,167,0,0,91,9,100,76,28,147,16,267,74,8,82,349
08/11/2021,SRQ,FL,ASO,ES,Towers with Radar,78,30,74,6,188,0,4,119,0,123,78,34,193,6,311,84,0,84,395
08/12/2021,SRQ,FL,ASO,ES,Towers with Radar,91,12,53,10,166,0,0,103,4,107,91,12,156,14,273,112,0,112,385
08/13/2021,SRQ,FL,ASO,ES,Towers with Radar,89,20,63,2,174,0,0,90,0,90,89,20,153,2,264,92,0,92,356
08/14/2021,SRQ,FL,ASO,ES,Towers with Radar,101,12,37,0,150,0,0,66,0,66,101,12,103,0,216,94,0,94,310
08/15/2021,SRQ,FL,ASO,ES,Towers with Radar,92,20,28,0,140,0,0,27,0,27,92,20,55,0,167,14,0,14,181
08/16/2021,SRQ,FL,ASO,ES,Towers with Radar,86,14,61,2,163,0,0,57,0,57,86,14,118,2,220,92,0,92,312
08/17/2021,SRQ,FL,ASO,ES,Towers with Radar,73,24,76,5,178,0,0,142,1,143,73,24,218,6,321,214,0,214,535
08/18/2021,SRQ,FL,ASO,ES,Towers with Radar,76,11,59,0,146,0,0,110,1,111,76,11,169,1,257,86,0,86,343
08/19/2021,SRQ,FL,ASO,ES,Towers with Radar,88,16,57,0,161,0,4,125,3,132,88,20,182,3,293,172,0,172,465
08/20/2021,SRQ,FL,ASO,ES,Towers with Radar,86,14,69,0,169,0,0,98,4,102,86,14,167,4,271,112,0,112,383
08/21/2021,SRQ,FL,ASO,ES,Towers with Radar,92,18,64,2,176,0,0,106,1,107,92,18,170,3,283,82,0,82,365
08/22/2021,SRQ,FL,ASO,ES,Towers with Radar,86,18,63,0,167,0,1,123,0,124,86,19,186,0,291,112,0,112,403
08/23/2021,SRQ,FL,ASO,ES,Towers with Radar,85,16,71,0,172,0,1,78,3,82,85,17,149,3,254,90,0,90,344
08/24/2021,SRQ,FL,ASO,ES,Towers with Radar,78,17,59,1,155,0,2,82,12,96,78,19,141,13,251,76,14,90,341
08/25/2021,SRQ,FL,ASO,ES,Towers with Radar,73,15,65,0,153,0,6,122,0,128,73,21,187,0,281,94,0,94,375
08/26/2021,SRQ,FL,ASO,ES,Towers with Radar,84,21,64,4,173,0,0,78,0,78,84,21,142,4,251,120,0,120,371
08/27/2021,SRQ,FL,ASO,ES,Towers with Radar,88,13,59,5,165,0,0,110,1,111,88,13,169,6,276,94,0,94,370
08/28/2021,SRQ,FL,ASO,ES,Towers with Radar,92,20,42,0,154,0,0,75,3,78,92,20,117,3,232,32,0,32,264
08/29/2021,SRQ,FL,ASO,ES,Towers with Radar,89,21,52,0,162,0,0,74,2,76,89,21,126,2,238,110,0,110,348
08/30/2021,SRQ,FL,ASO,ES,Towers with Radar,87,26,70,0,183,0,4,98,0,102,87,30,168,0,285,74,0,74,359
08/31/2021,SRQ,FL,ASO,ES,Towers with Radar,69,27,63,19,178,0,5,161,7,173,69,32,224,26,351,169,6,175,526
09/01/2021,SRQ,FL,ASO,ES,Towers with Radar,70,14,35,0,119,0,0,55,0,55,70,14,90,0,174,68,0,68,242
09/02/2021,SRQ,FL,ASO,ES,Towers with Radar,83,34,65,0,182,0,0,24,0,24,83,34,89,0,206,72,0,72,278
09/03/2021,SRQ,FL,ASO,ES,Towers with Radar,87,17,94,0,198,0,0,139,2,141,87,17,233,2,339,177,0,177,516
09/04/2021,SRQ,FL,ASO,ES,Towers with Radar,95,21,58,0,174,0,2,131,0,133,95,23,189,0,307,101,0,101,408
09/05/2021,SRQ,FL,ASO,ES,Towers with Radar,87,17,53,0,157,0,0,143,0,143,87,17,196,0,300,197,0,197,497
09/06/2021,SRQ,FL,ASO,ES,Towers with Radar,88,29,86,0,203,0,0,109,0,109,88,29,195,0,312,119,0,119,431
09/07/2021,SRQ,FL,ASO,ES,Towers with Radar,64,22,80,0,166,0,4,90,3,97,64,26,170,3,263,166,0,166,429
09/08/2021,SRQ,FL,ASO,ES,Towers with Radar,62,13,68,0,143,0,1,114,0,115,62,14,182,0,258,180,0,180,438
09/09/2021,SRQ,FL,ASO,ES,Towers with Radar,76,22,71,2,171,0,4,116,2,122,76,26,187,4,293,96,0,96,389
09/10/2021,SRQ,FL,ASO,ES,Towers with Radar,69,29,89,3,190,0,1,147,4,152,69,30,236,7,342,228,0,228,570
09/11/2021,SRQ,FL,ASO,ES,Towers with Radar,61,13,44,0,118,0,2,101,0,103,61,15,145,0,221,139,0,139,360
09/12/2021,SRQ,FL,ASO,ES,Towers with Radar,80,22,57,0,159,0,0,94,0,94,80,22,151,0,253,62,0,62,315
09/13/2021,SRQ,FL,ASO,ES,Towers with Radar,67,20,81,9,177,0,4,80,2,86,67,24,161,11,263,76,10,86,349
09/14/2021,SRQ,FL,ASO,ES,Towers with Radar,51,23,85,1,160,0,4,131,22,157,51,27,216,23,317,106,16,122,439
09/15/2021,SRQ,FL,ASO,ES,Towers with Radar,57,29,76,5,167,0,8,130,0,138,57,37,206,5,305,125,0,125,430
09/16/2021,SRQ,FL,ASO,ES,Towers with Radar,72,19,58,3,152,0,0,33,2,35,72,19,91,5,187,42,0,42,229
09/17/2021,SRQ,FL,ASO,ES,Towers with Radar,67,32,107,0,206,0,0,50,0,50,67,32,157,0,256,82,0,82,338
09/18/2021,SRQ,FL,ASO,ES,Towers with Radar,58,11,66,0,135,0,0,103,0,103,58,11,169,0,238,124,0,124,362
09/19/2021,SRQ,FL,ASO,ES,Towers with Radar,82,32,64,0,178,0,0,106,1,107,82,32,170,1,285,106,0,106,391
09/20/2021,SRQ,FL,ASO,ES,Towers with Radar,66,17,88,3,174,0,2,133,6,141,66,19,221,9,315,334,6,340,655
09/21/2021,SRQ,FL,ASO,ES,Towers with Radar,50,28,67,1,146,0,0,125,1,126,50,28,192,2,272,208,0,208,480
09/22/2021,SRQ,FL,ASO,ES,Towers with Radar,57,18,93,1,169,0,0,158,1,159,57,18,251,2,328,300,0,300,628
09/23/2021,SRQ,FL,ASO,ES,Towers with Radar,66,31,92,0,189,0,2,190,0,192,66,33,282,0,381,194,0,194,575
09/24/2021,SRQ,FL,ASO,ES,Towers with Radar,63,22,86,5,176,0,2,150,6,158,63,24,236,11,334,132,4,136,470
09/25/2021,SRQ,FL,ASO,ES,Towers with Radar,58,22,66,0,146,0,4,165,0,169,58,26,231,0,315,186,0,186,501
09/26/2021,SRQ,FL,ASO,ES,Towers with Radar,79,33,69,0,181,0,0,151,6,157,79,33,220,6,338,108,0,108,446
09/27/2021,SRQ,FL,ASO,ES,Towers with Radar,64,19,71,4,158,0,4,131,1,136,64,23,202,5,294,198,0,198,492
09/28/2021,SRQ,FL,ASO,ES,Towers with Radar,52,33,86,0,171,0,13,159,0,172,52,46,245,0,343,102,0,102,445
09/29/2021,SRQ,FL,ASO,ES,Towers with Radar,57,28,80,4,169,0,8,132,0,140,57,36,212,4,309,126,0,126,435
09/30/2021,SRQ,FL,ASO,ES,Towers with Radar,68,50,110,0,228,0,6,164,2,172,68,56,274,2,400,156,0,156,556
10/01/2021,SRQ,FL,ASO,ES,Towers with Radar,69,13,83,8,173,0,13,117,4,134,69,26,200,12,307,86,0,86,393
10/02/2021,SRQ,FL,ASO,ES,Towers with Radar,61,21,63,0,145,0,2,110,0,112,61,23,173,0,257,114,0,114,371
10/03/2021,SRQ,FL,ASO,ES,Towers with Radar,76,38,78,6,198,0,3,145,2,150,76,41,223,8,348,119,0,119,467
10/04/2021,SRQ,FL,ASO,ES,Towers with Radar,64,37,79,2,182,0,12,159,0,171,64,49,238,2,353,257,0,257,610
10/05/2021,SRQ,FL,ASO,ES,Towers with Radar,58,36,71,2,167,0,5,146,2,153,58,41,217,4,320,132,8,140,460
10/06/2021,SRQ,FL,ASO,ES,Towers with Radar,73,29,90,19,211,0,2,161,2,165,73,31,251,21,376,214,10,224,600
10/07/2021,SRQ,FL,ASO,ES,Towers with Radar,95,34,98,4,231,0,0,132,3,135,95,34,230,7,366,186,4,190,556
10/08/2021,SRQ,FL,ASO,ES,Towers with Radar,88,27,89,8,212,0,1,75,0,76,88,28,164,8,288,188,0,188,476
10/09/2021,SRQ,FL,ASO,ES,Towers with Radar,75,32,65,0,172,0,0,130,0,130,75,32,195,0,302,118,0,118,420
10/10/2021,SRQ,FL,ASO,ES,Towers with Radar,84,26,100,1,211,1,0,127,0,128,85,26,227,1,339,96,0,96,435
10/11/2021,SRQ,FL,ASO,ES,Towers with Radar,90,31,87,0,208,0,4,164,2,170,90,35,251,2,378,258,0,258,636
10/12/2021,SRQ,FL,ASO,ES,Towers with Radar,75,38,75,2,190,0,6,154,0,160,75,44,229,2,350,130,0,130,480
10/13/2021,SRQ,FL,ASO,ES,Towers with Radar,82,26,114,0,222,0,0,154,0,154,82,26,268,0,376,132,0,132,508
10/14/2021,SRQ,FL,ASO,ES,Towers with Radar,87,45,101,14,247,0,2,156,0,158,87,47,257,14,405,132,6,138,543
10/15/2021,SRQ,FL,ASO,ES,Towers with Radar,92,30,114,19,255,0,3,156,10,169,92,33,270,29,424,195,12,207,631
10/16/2021,SRQ,FL,ASO,ES,Towers with Radar,88,25,66,2,181,0,0,137,10,147,88,25,203,12,328,128,0,128,456
10/17/2021,SRQ,FL,ASO,ES,Towers with Radar,96,37,90,3,226,0,2,77,1,80,96,39,167,4,306,58,0,58,364
10/18/2021,SRQ,FL,ASO,ES,Towers with Radar,90,35,95,0,220,0,4,166,4,174,90,39,261,4,394,234,0,234,628
10/19/2021,SRQ,FL,ASO,ES,Towers with Radar,77,41,84,4,206,1,3,124,0,128,78,44,208,4,334,92,0,92,426
10/20/2021,SRQ,FL,ASO,ES,Towers with Radar,80,44,96,0,220,0,6,131,3,140,80,50,227,3,360,144,0,144,504
10/21/2021,SRQ,FL,ASO,ES,Towers with Radar,91,36,112,5,244,0,5,161,6,172,91,41,273,11,416,214,0,214,630
10/22/2021,SRQ,FL,ASO,ES,Towers with Radar,95,40,83,3,221,0,2,141,1,144,95,42,224,4,365,124,0,124,489
10/23/2021,SRQ,FL,ASO,ES,Towers with Radar,81,31,75,14,201,0,0,117,2,119,81,31,192,16,320,108,0,108,428
10/24/2021,SRQ,FL,ASO,ES,Towers with Radar,92,40,83,0,215,0,0,69,0,69,92,40,152,0,284,105,0,105,389
10/25/2021,SRQ,FL,ASO,ES,Towers with Radar,90,34,78,5,207,0,1,69,4,74,90,35,147,9,281,202,6,208,489
10/26/2021,SRQ,FL,ASO,ES,Towers with Radar,71,32,126,3,232,0,2,143,5,150,71,34,269,8,382,176,0,176,558
10/27/2021,SRQ,FL,ASO,ES,Towers with Radar,78,36,115,2,231,0,1,215,1,217,78,37,330,3,448,202,0,202,650
10/28/2021,SRQ,FL,ASO,ES,Towers with Radar,91,32,63,5,191,0,0,9,0,9,91,32,72,5,200,0,0,0,200
10/29/2021,SRQ,FL,ASO,ES,Towers with Radar,90,25,63,13,191,0,0,49,3,52,90,25,112,16,243,14,0,14,257
10/30/2021,SRQ,FL,ASO,ES,Towers with Radar,76,36,92,0,204,0,0,83,0,83,76,36,175,0,287,68,0,68,355
10/31/2021,SRQ,FL,ASO,ES,Towers with Radar,91,39,100,4,234,0,0,150,1,151,91,39,250,5,385,129,0,129,514
11/01/2021,SRQ,FL,ASO,ES,Towers with Radar,100,46,100,9,255,0,0,106,3,109,100,46,206,12,364,140,0,140,504
11/02/2021,SRQ,FL,ASO,ES,Towers with Radar,76,44,95,5,220,0,0,136,3,139,76,44,231,8,359,116,0,116,475
11/03/2021,SRQ,FL,ASO,ES,Towers with Radar,89,38,71,7,205,0,4,151,1,156,89,42,222,8,361,130,0,130,491
11/04/2021,SRQ,FL,ASO,ES,Towers with Radar,100,36,110,0,246,0,4,102,0,106,100,40,212,0,352,164,0,164,516
11/05/2021,SRQ,FL,ASO,ES,Towers with Radar,106,33,56,0,195,0,0,1,0,1,106,33,57,0,196,0,0,0,196
11/06/2021,SRQ,FL,ASO,ES,Towers with Radar,88,33,78,4,203,0,0,32,0,32,88,33,110,4,235,32,0,32,267
11/07/2021,SRQ,FL,ASO,ES,Towers with Radar,106,47,128,0,281,0,1,146,0,147,106,48,274,0,428,78,0,78,506
11/08/2021,SRQ,FL,ASO,ES,Towers with Radar,107,37,97,5,246,0,4,175,3,182,107,41,272,8,428,144,0,144,572
11/09/2021,SRQ,FL,ASO,ES,Towers with Radar,83,29,117,2,231,0,1,149,2,152,83,30,266,4,383,127,0,127,510
11/10/2021,SRQ,FL,ASO,ES,Towers with Radar,94,56,104,8,262,0,1,115,3,119,94,57,219,11,381,124,0,124,505
11/11/2021,SRQ,FL,ASO,ES,Towers with Radar,106,45,120,0,271,0,13,134,8,155,106,58,254,8,426,142,0,142,568
11/12/2021,SRQ,FL,ASO,ES,Towers with Radar,106,41,103,4,254,0,2,99,4,105,106,43,202,8,359,128,0,128,487
11/13/2021,SRQ,FL,ASO,ES,Towers with Radar,89,38,60,2,189,0,2,87,2,91,89,40,147,4,280,64,0,64,344
11/14/2021,SRQ,FL,ASO,ES,Towers with Radar,111,49,94,0,254,0,0,157,0,157,111,49,251,0,411,88,0,88,499
11/15/2021,SRQ,FL,ASO,ES,Towers with Radar,108,57,117,7,289,0,3,80,8,91,108,60,197,15,380,142,0,142,522
11/16/2021,SRQ,FL,ASO,ES,Towers with Radar,81,29,92,16,218,0,2,154,6,162,81,31,246,22,380,120,0,120,500
11/17/2021,SRQ,FL,ASO,ES,Towers with Radar,90,50,87,0,227,1,9,104,0,114,91,59,191,0,341,88,0,88,429
11/18/2021,SRQ,FL,ASO,ES,Towers with Radar,116,42,82,1,241,0,0,53,1,54,116,42,135,2,295,70,0,70,365
11/19/2021,SRQ,FL,ASO,ES,Towers with Radar,115,62,124,16,317,0,0,112,2,114,115,62,236,18,431,112,0,112,543
11/20/2021,SRQ,FL,ASO,ES,Towers with Radar,111,54,123,1,289,0,0,38,6,44,111,54,161,7,333,16,0,16,349
11/21/2021,SRQ,FL,ASO,ES,Towers with Radar,118,46,103,2,269,0,1,77,4,82,118,47,180,6,351,56,0,56,407
11/22/2021,SRQ,FL,ASO,ES,Towers with Radar,115,38,101,6,260,0,2,38,1,41,115,40,139,7,301,54,0,54,355
11/23/2021,SRQ,FL,ASO,ES,Towers with Radar,127,68,121,6,322,0,2,132,17,151,127,70,253,23,473,78,10,88,561
11/24/2021,SRQ,FL,ASO,ES,Towers with Radar,132,44,126,2,304,0,3,113,2,118,132,47,239,4,422,40,0,40,462
11/25/2021,SRQ,FL,ASO,ES,Towers with Radar,73,12,19,0,104,1,0,46,0,47,74,12,65,0,151,8,0,8,159
11/26/2021,SRQ,FL,ASO,ES,Towers with Radar,86,48,88,0,222,0,1,134,0,135,86,49,222,0,357,122,0,122,479
11/27/2021,SRQ,FL,ASO,ES,Towers with Radar,127,51,111,0,289,0,4,143,0,147,127,55,254,0,436,18,0,18,454
11/28/2021,SRQ,FL,ASO,ES,Towers with Radar,135,59,159,0,353,0,0,144,0,144,135,59,303,0,497,29,0,29,526
11/29/2021,SRQ,FL,ASO,ES,Towers with Radar,135,45,110,2,292,0,5,112,10,127,135,50,222,12,419,96,10,106,525
11/30/2021,SRQ,FL,ASO,ES,Towers with Radar,93,60,114,9,276,0,5,136,0,141,93,65,250,9,417,98,0,98,515
12/01/2021,SRQ,FL,ASO,ES,Towers with Radar,88,47,85,10,230,0,0,149,1,150,88,47,234,11,380,124,0,124,504
12/02/2021,SRQ,FL,ASO,ES,Towers with Radar,109,40,84,0,233,0,5,128,2,135,109,45,212,2,368,84,0,84,452
12/03/2021,SRQ,FL,ASO,ES,Towers with Radar,114,59,84,0,257,0,8,151,2,161,114,67,235,2,418,66,4,70,488
12/04/2021,SRQ,FL,ASO,ES,Towers with Radar,85,42,67,0,194,0,0,110,0,110,85,42,177,0,304,96,0,96,400
12/05/2021,SRQ,FL,ASO,ES,Towers with Radar,101,42,76,0,219,0,2,117,0,119,101,44,193,0,338,98,0,98,436
12/06/2021,SRQ,FL,ASO,ES,Towers with Radar,105,68,93,41,307,0,1,135,37,173,105,69,228,78,480,126,44,170,650
12/07/2021,SRQ,FL,ASO,ES,Towers with Radar,82,54,103,2,241,0,4,106,0,110,82,58,209,2,351,96,0,96,447
12/08/2021,SRQ,FL,ASO,ES,Towers with Radar,89,44,76,6,215,0,3,142,0,145,89,47,218,6,360,118,0,118,478
12/09/2021,SRQ,FL,ASO,ES,Towers with Radar,106,42,106,1,255,0,5,92,2,99,106,47,198,3,354,94,0,94,448
12/10/2021,SRQ,FL,ASO,ES,Towers with Radar,110,29,97,10,246,0,0,106,8,114,110,29,203,18,360,56,30,86,446
12/11/2021,SRQ,FL,ASO,ES,Towers with Radar,84,19,61,0,164,0,0,134,0,134,84,19,195,0,298,126,0,126,424
12/12/2021,SRQ,FL,ASO,ES,Towers with Radar,102,46,116,11,275,0,2,116,7,125,102,48,232,18,400,34,0,34,434
12/13/2021,SRQ,FL,ASO,ES,Towers with Radar,106,27,95,0,228,0,2,123,0,125,106,29,218,0,353,96,0,96,449
12/14/2021,SRQ,FL,ASO,ES,Towers with Radar,80,25,91,0,196,0,2,76,0,78,80,27,167,0,274,126,0,126,400
12/15/2021,SRQ,FL,ASO,ES,Towers with Radar,88,32,115,0,235,0,2,165,0,167,88,34,280,0,402,211,0,211,613
12/16/2021,SRQ,FL,ASO,ES,Towers with Radar,113,41,106,0,260,1,5,119,0,125,114,46,225,0,385,86,0,86,471
12/17/2021,SRQ,FL,ASO,ES,Towers with Radar,126,74,135,4,339,0,2,149,0,151,126,76,284,4,490,66,0,66,556
12/18/2021,SRQ,FL,ASO,ES,Towers with Radar,120,49,95,3,267,0,2,167,1,170,120,51,262,4,437,40,0,40,477
12/19/2021,SRQ,FL,ASO,ES,Towers with Radar,125,42,77,10,254,0,0,14,0,14,125,42,91,10,268,6,14,20,288
12/20/2021,SRQ,FL,ASO,ES,Towers with Radar,124,52,81,4,261,0,0,47,5,52,124,52,128,9,313,96,6,102,415
12/21/2021,SRQ,FL,ASO,ES,Towers with Radar,121,40,57,2,220,0,0,6,0,6,121,40,63,2,226,12,0,12,238
12/22/2021,SRQ,FL,ASO,ES,Towers with Radar,129,33,102,0,264,0,1,121,4,126,129,34,223,4,390,75,0,75,465
12/23/2021,SRQ,FL,ASO,ES,Towers with Radar,138,34,97,0,269,0,0,173,0,173,138,34,270,0,442,60,0,60,502
12/24/2021,SRQ,FL,ASO,ES,Towers with Radar,116,27,37,0,180,0,0,121,2,123,116,27,158,2,303,44,0,44,347
12/25/2021,SRQ,FL,ASO,ES,Towers with Radar,96,33,13,0,142,0,0,25,0,25,96,33,38,0,167,2,0,2,169
12/26/2021,SRQ,FL,ASO,ES,Towers with Radar,135,52,143,0,330,0,0,115,0,115,135,52,258,0,445,34,0,34,479
12/27/2021,SRQ,FL,ASO,ES,Towers with Radar,124,62,136,2,324,3,1,158,4,166,127,63,294,6,490,26,0,26,516
12/28/2021,SRQ,FL,ASO,ES,Towers with Radar,124,66,126,0,316,0,0,146,0,146,124,66,272,0,462,50,0,50,512
12/29/2021,SRQ,FL,ASO,ES,Towers with Radar,132,62,89,0,283,0,2,159,0,161,132,64,248,0,444,52,0,52,496
12/30/2021,SRQ,FL,ASO,ES,Towers with Radar,130,55,112,1,298,0,0,44,0,44,130,55,156,1,342,0,0,0,342
12/31/2021,SRQ,FL,ASO,ES,Towers with Radar,117,32,89,0,238,0,0,89,0,89,117,32,178,0,327,0,0,0,327
01/01/2022,SRQ,FL,ASO,ES,Towers with Radar,109,46,65,0,220,0,0,72,0,72,109,46,137,0,292,8,0,8,300
01/02/2022,SRQ,FL,ASO,ES,Towers with Radar,116,57,112,3,288,0,0,41,0,41,116,57,153,3,329,16,0,16,345
01/03/2022,SRQ,FL,ASO,ES,Towers with Radar,112,63,113,4,292,0,0,87,2,89,112,63,200,6,381,45,0,45,426
01/04/2022,SRQ,FL,ASO,ES,Towers with Radar,81,66,106,0,253,0,2,135,4,141,81,68,241,4,394,97,0,97,491
01/05/2022,SRQ,FL,ASO,ES,Towers with Radar,75,48,104,7,234,0,2,109,3,114,75,50,213,10,348,65,10,75,423
01/06/2022,SRQ,FL,ASO,ES,Towers with Radar,94,39,87,4,224,0,2,150,0,152,94,41,237,4,376,150,0,150,526
01/07/2022,SRQ,FL,ASO,ES,Towers with Radar,101,42,108,3,254,0,4,166,6,176,101,46,274,9,430,162,0,162,592
01/08/2022,SRQ,FL,ASO,ES,Towers with Radar,90,36,96,0,222,1,0,115,0,116,91,36,211,0,338,88,0,88,426
01/09/2022,SRQ,FL,ASO,ES,Towers with Radar,104,38,96,2,240,0,0,96,0,96,104,38,192,2,336,101,0,101,437
01/10/2022,SRQ,FL,ASO,ES,Towers with Radar,111,47,117,2,277,0,1,123,5,129,111,48,240,7,406,75,8,83,489
01/11/2022,SRQ,FL,ASO,ES,Towers with Radar,80,33,88,4,205,0,0,103,2,105,80,33,191,6,310,120,0,120,430
01/12/2022,SRQ,FL,ASO,ES,Towers with Radar,86,37,113,2,238,0,2,135,2,139,86,39,248,4,377,124,2,126,503
01/13/2022,SRQ,FL,ASO,ES,Towers with Radar,109,47,133,2,291,0,4,163,14,181,109,51,296,16,472,96,0,96,568
01/14/2022,SRQ,FL,ASO,ES,Towers with Radar,111,57,111,3,282,0,2,190,2,194,111,59,301,5,476,68,0,68,544
01/15/2022,SRQ,FL,ASO,ES,Towers with Radar,92,44,110,2,248,0,4,198,0,202,92,48,308,2,450,94,0,94,544
01/16/2022,SRQ,FL,ASO,ES,Towers with Radar,96,39,46,0,181,0,1,11,0,12,96,40,57,0,193,14,0,14,207
01/17/2022,SRQ,FL,ASO,ES,Towers with Radar,110,54,122,7,293,0,1,66,4,71,110,55,188,11,364,30,0,30,394
01/18/2022,SRQ,FL,ASO,ES,Towers with Radar,76,41,99,6,222,0,0,191,4,195,76,41,290,10,417,160,0,160,577
01/19/2022,SRQ,FL,ASO,ES,Towers with Radar,82,41,121,2,246,0,0,146,3,149,82,41,267,5,395,98,0,98,493
01/20/2022,SRQ,FL,ASO,ES,Towers with Radar,108,46,119,17,290,0,0,197,8,205,108,46,316,25,495,112,0,112,607
01/21/2022,SRQ,FL,ASO,ES,Towers with Radar,117,44,123,4,288,0,0,167,0,167,117,44,290,4,455,64,0,64,519
01/22/2022,SRQ,FL,ASO,ES,Towers with Radar,92,41,76,0,209,0,0,10,0,10,92,41,86,0,219,12,0,12,231
01/23/2022,SRQ,FL,ASO,ES,Towers with Radar,112,42,105,0,259,0,0,31,0,31,112,42,136,0,290,54,0,54,344
01/24/2022,SRQ,FL,ASO,ES,Towers with Radar,113,42,111,6,272,0,3,152,3,158,113,45,263,9,430,88,8,96,526
01/25/2022,SRQ,FL,ASO,ES,Towers with Radar,78,36,113,0,227,0,3,59,2,64,78,39,172,2,291,36,6,42,333
01/26/2022,SRQ,FL,ASO,ES,Towers with Radar,80,39,112,11,242,0,0,1,0,1,80,39,113,11,243,10,0,10,253
01/27/2022,SRQ,FL,ASO,ES,Towers with Radar,113,47,127,0,287,0,1,59,0,60,113,48,186,0,347,76,0,76,423
01/28/2022,SRQ,FL,ASO,ES,Towers with Radar,115,46,105,5,271,0,0,13,0,13,115,46,118,5,284,36,0,36,320
01/29/2022,SRQ,FL,ASO,ES,Towers with Radar,80,35,44,3,162,0,1,43,4,48,80,36,87,7,210,30,0,30,240
01/30/2022,SRQ,FL,ASO,ES,Towers with Radar,112,48,99,0,259,0,0,168,0,168,112,48,267,0,427,110,0,110,537
01/31/2022,SRQ,FL,ASO,ES,Towers with Radar,116,35,101,0,252,0,0,196,2,198,116,35,297,2,450,174,0,174,624
02/01/2022,SRQ,FL,ASO,ES,Towers with Radar,82,38,112,0,232,0,1,154,0,155,82,39,266,0,387,130,0,130,517
02/02/2022,SRQ,FL,ASO,ES,Towers with Radar,80,40,96,4,220,0,1,147,0,148,80,41,243,4,368,112,0,112,480
02/03/2022,SRQ,FL,ASO,ES,Towers with Radar,96,49,114,5,264,0,9,151,3,163,96,58,265,8,427,70,0,70,497
02/04/2022,SRQ,FL,ASO,ES,Towers with Radar,91,52,120,4,267,0,3,137,2,142,91,55,257,6,409,134,0,134,543
02/05/2022,SRQ,FL,ASO,ES,Towers with Radar,96,37,105,2,240,0,0,20,0,20,96,37,125,2,260,58,0,58,318
02/06/2022,SRQ,FL,ASO,ES,Towers with Radar,116,49,141,2,308,0,0,9,0,9,116,49,150,2,317,0,0,0,317
02/07/2022,SRQ,FL,ASO,ES,Towers with Radar,122,45,126,13,306,0,0,154,1,155,122,45,280,14,461,92,0,92,553
02/08/2022,SRQ,FL,ASO,ES,Towers with Radar,87,39,82,4,212,0,0,9,4,13,87,39,91,8,225,34,0,34,259
02/09/2022,SRQ,FL,ASO,ES,Towers with Radar,84,56,107,2,249,0,2,163,2,167,84,58,270,4,416,138,0,138,554
02/10/2022,SRQ,FL,ASO,ES,Towers with Radar,117,45,113,22,297,0,7,261,2,270,117,52,374,24,567,170,0,170,737
02/11/2022,SRQ,FL,ASO,ES,Towers with Radar,120,48,130,6,304,0,2,227,1,230,120,50,357,7,534,122,0,122,656
02/12/2022,SRQ,FL,ASO,ES,Towers with Radar,103,46,108,2,259,0,0,165,1,166,103,46,273,3,425,80,0,80,505
02/13/2022,SRQ,FL,ASO,ES,Towers with Radar,113,30,99,1,243,0,0,54,0,54,113,30,153,1,297,68,0,68,365
02/14/2022,SRQ,FL,ASO,ES,Towers with Radar,119,46,142,2,309,0,1,133,0,134,119,47,275,2,443,54,0,54,497
02/15/2022,SRQ,FL,ASO,ES,Towers with Radar,84,57,108,23,272,0,0,131,5,136,84,57,239,28,408,32,2,34,442
02/16/2022,SRQ,FL,ASO,ES,Towers with Radar,98,47,115,3,263,0,0,126,2,128,98,47,241,5,391,34,0,34,425
02/17/2022,SRQ,FL,ASO,ES,Towers with Radar,110,49,135,9,303,0,0,155,7,162,110,49,290,16,465,134,0,134,599
02/18/2022,SRQ,FL,ASO,ES,Towers with Radar,122,51,127,0,300,0,0,3,0,3,122,51,130,0,303,0,0,0,303
02/19/2022,SRQ,FL,ASO,ES,Towers with Radar,117,75,116,0,308,0,3,94,0,97,117,78,210,0,405,56,0,56,461
02/20/2022,SRQ,FL,ASO,ES,Towers with Radar,116,64,123,0,303,0,0,162,0,162,116,64,285,0,465,88,0,88,553
02/21/2022,SRQ,FL,ASO,ES,Towers with Radar,121,58,143,0,322,0,0,137,2,139,121,58,280,2,461,54,0,54,515
02/22/2022,SRQ,FL,ASO,ES,Towers with Radar,86,49,123,0,258,0,2,152,0,154,86,51,275,0,412,80,0,80,492
02/23/2022,SRQ,FL,ASO,ES,Towers with Radar,99,45,120,0,264,0,0,145,0,145,99,45,265,0,409,92,0,92,501
02/24/2022,SRQ,FL,ASO,ES,Towers with Radar,119,57,109,4,289,0,2,153,4,159,119,59,262,8,448,114,0,114,562
02/25/2022,SRQ,FL,ASO,ES,Towers with Radar,110,44,114,3,271,0,8,200,1,209,110,52,314,4,480,140,0,140,620
02/26/2022,SRQ,FL,ASO,ES,Towers with Radar,114,55,108,0,277,0,0,180,0,180,114,55,288,0,457,140,0,140,597
02/27/2022,SRQ,FL,ASO,ES,Towers with Radar,112,62,105,6,285,0,2,122,0,124,112,64,227,6,409,106,4,110,519
02/28/2022,SRQ,FL,ASO,ES,Towers with Radar,116,34,116,0,266,0,0,78,8,86,116,34,194,8,352,138,0,138,490
03/01/2022,SRQ,FL,ASO,ES,Towers with Radar,83,45,112,16,256,0,0,78,4,82,83,45,190,20,338,154,4,158,496
03/02/2022,SRQ,FL,ASO,ES,Towers with Radar,100,43,109,0,252,0,2,181,5,188,100,45,290,5,440,134,0,134,574
03/03/2022,SRQ,FL,ASO,ES,Towers with Radar,124,46,131,4,305,0,8,171,3,182,124,54,302,7,487,96,0,96,583
03/04/2022,SRQ,FL,ASO,ES,Towers with Radar,121,77,115,12,325,0,4,158,17,179,121,81,273,29,504,72,8,80,584
03/05/2022,SRQ,FL,ASO,ES,Towers with Radar,118,47,108,2,275,0,0,132,2,134,118,47,240,4,409,64,0,64,473
03/06/2022,SRQ,FL,ASO,ES,Towers with Radar,119,48,115,1,283,0,0,109,2,111,119,48,224,3,394,54,0,54,448
03/07/2022,SRQ,FL,ASO,ES,Towers with Radar,120,54,86,4,264,0,0,85,2,87,120,54,171,6,351,36,0,36,387
03/08/2022,SRQ,FL,ASO,ES,Towers with Radar,86,21,95,2,204,0,0,110,4,114,86,21,205,6,318,44,0,44,362
03/09/2022,SRQ,FL,ASO,ES,Towers with Radar,101,43,108,18,270,0,2,72,19,93,101,45,180,37,363,34,20,54,417
03/10/2022,SRQ,FL,ASO,ES,Towers with Radar,117,37,87,12,253,0,1,57,0,58,117,38,144,12,311,68,0,68,379
03/11/2022,SRQ,FL,ASO,ES,Towers with Radar,106,60,103,13,282,0,1,73,4,78,106,61,176,17,360,44,10,54,414
03/12/2022,SRQ,FL,ASO,ES,Towers with Radar,104,53,73,0,230,0,0,24,0,24,104,53,97,0,254,4,0,4,258
03/13/2022,SRQ,FL,ASO,ES,Towers with Radar,109,55,125,0,289,0,0,162,0,162,109,55,287,0,451,80,0,80,531
03/14/2022,SRQ,FL,ASO,ES,Towers with Radar,121,42,125,2,290,0,0,180,0,180,121,42,305,2,470,158,0,158,628
03/15/2022,SRQ,FL,ASO,ES,Towers with Radar,94,37,101,4,236,0,0,132,0,132,94,37,233,4,368,76,0,76,444
03/16/2022,SRQ,FL,ASO,ES,Towers with Radar,111,43,99,0,253,0,1,31,2,34,111,44,130,2,287,34,0,34,321
03/17/2022,SRQ,FL,ASO,ES,Towers with Radar,118,39,127,2,286,0,2,223,0,225,118,41,350,2,511,134,0,134,645
03/18/2022,SRQ,FL,ASO,ES,Towers with Radar,112,55,133,0,300,0,0,194,0,194,112,55,327,0,494,130,0,130,624
03/19/2022,SRQ,FL,ASO,ES,Towers with Radar,129,88,136,0,353,0,0,98,0,98,129,88,234,0,451,2,0,2,453
03/20/2022,SRQ,FL,ASO,ES,Towers with Radar,116,59,161,0,336,0,0,133,0,133,116,59,294,0,469,124,0,124,593
03/21/2022,SRQ,FL,ASO,ES,Towers with Radar,119,47,95,0,261,0,1,182,0,183,119,48,277,0,444,98,0,98,542
03/22/2022,SRQ,FL,ASO,ES,Towers with Radar,91,43,85,1,220,0,3,154,7,164,91,46,239,8,384,78,26,104,488
03/23/2022,SRQ,FL,ASO,ES,Towers with Radar,112,33,108,2,255,0,0,96,7,103,112,33,204,9,358,28,28,56,414
03/24/2022,SRQ,FL,ASO,ES,Towers with Radar,121,34,89,0,244,0,0,10,0,10,121,34,99,0,254,0,0,0,254
03/25/2022,SRQ,FL,ASO,ES,Towers with Radar,125,61,126,22,334,0,9,202,0,211,125,70,328,22,545,64,0,64,609
03/26/2022,SRQ,FL,ASO,ES,Towers with Radar,137,48,138,0,323,0,0,194,0,194,137,48,332,0,517,28,12,40,557
03/27/2022,SRQ,FL,ASO,ES,Towers with Radar,115,34,137,1,287,0,0,202,2,204,115,34,339,3,491,98,10,108,599
03/28/2022,SRQ,FL,ASO,ES,Towers with Radar,119,28,117,15,279,0,0,186,0,186,119,28,303,15,465,116,0,116,581
03/29/2022,SRQ,FL,ASO,ES,Towers with Radar,90,59,139,8,296,0,2,185,9,196,90,61,324,17,492,58,6,64,556
03/30/2022,SRQ,FL,ASO,ES,Towers with Radar,105,37,90,21,253,0,2,122,6,130,105,39,212,27,383,38,0,38,421
03/31/2022,SRQ,FL,ASO,ES,Towers with Radar,106,40,66,5,217,0,0,27,4,31,106,40,93,9,248,4,2,6,254
04/01/2022,SRQ,FL,ASO,ES,Towers with Radar,118,45,136,4,303,0,4,46,0,50,118,49,182,4,353,22,0,22,375
04/02/2022,SRQ,FL,ASO,ES,Towers with Radar,70,41,81,0,192,0,0,31,1,32,70,41,112,1,224,78,0,78,302
04/03/2022,SRQ,FL,ASO,ES,Towers with Radar,101,56,152,7,316,0,3,72,2,77,101,59,224,9,393,116,0,116,509
04/04/2022,SRQ,FL,ASO,ES,Towers with Radar,106,49,118,2,275,0,0,165,0,165,106,49,283,2,440,129,0,129,569
04/05/2022,SRQ,FL,ASO,ES,Towers with Radar,88,51,127,3,269,0,4,88,4,96,88,55,215,7,365,30,0,30,395
04/06/2022,SRQ,FL,ASO,ES,Towers with Radar,98,56,154,4,312,0,0,110,0,110,98,56,264,4,422,46,0,46,468
04/07/2022,SRQ,FL,ASO,ES,Towers with Radar,82,35,88,0,205,0,0,13,0,13,82,35,101,0,218,32,0,32,250
04/08/2022,SRQ,FL,ASO,ES,Towers with Radar,107,63,131,5,306,0,2,166,9,177,107,65,297,14,483,36,0,36,519
04/09/2022,SRQ,FL,ASO,ES,Towers with Radar,107,46,109,2,264,0,2,116,0,118,107,48,225,2,382,84,0,84,466
04/10/2022,SRQ,FL,ASO,ES,Towers with Radar,102,57,126,0,285,0,1,219,1,221,102,58,345,1,506,116,0,116,622
04/11/2022,SRQ,FL,ASO,ES,Towers with Radar,109,55,114,18,296,0,4,162,0,166,109,59,276,18,462,76,0,76,538
04/12/2022,SRQ,FL,ASO,ES,Towers with Radar,86,34,96,2,218,0,0,172,1,173,86,34,268,3,391,132,0,132,523
04/13/2022,SRQ,FL,ASO,ES,Towers with Radar,102,47,140,0,289,0,5,150,4,159,102,52,290,4,448,54,0,54,502
04/14/2022,SRQ,FL,ASO,ES,Towers with Radar,99,50,145,0,294,0,2,145,3,150,99,52,290,3,444,110,2,112,556
04/15/2022,SRQ,FL,ASO,ES,Towers with Radar,109,68,97,0,274,0,0,161,0,161,109,68,258,0,435,141,0,141,576
04/16/2022,SRQ,FL,ASO,ES,Towers with Radar,111,40,83,4,238,0,3,220,0,223,111,43,303,4,461,74,0,74,535
04/17/2022,SRQ,FL,ASO,ES,Towers with Radar,104,33,49,0,186,0,0,69,0,69,104,33,118,0,255,120,0,120,375
04/18/2022,SRQ,FL,ASO,ES,Towers with Radar,103,69,131,2,305,0,1,155,0,156,103,70,286,2,461,148,0,148,609
04/19/2022,SRQ,FL,ASO,ES,Towers with Radar,84,52,114,0,250,0,2,152,1,155,84,54,266,1,405,88,0,88,493
04/20/2022,SRQ,FL,ASO,ES,Towers with Radar,93,49,106,7,255,0,1,153,1,155,93,50,259,8,410,44,0,44,454
04/21/2022,SRQ,FL,ASO,ES,Towers with Radar,104,66,103,10,283,0,1,141,4,146,104,67,244,14,429,80,0,80,509
04/22/2022,SRQ,FL,ASO,ES,Towers with Radar,105,50,114,8,277,0,1,130,6,137,105,51,244,14,414,90,8,98,512
04/23/2022,SRQ,FL,ASO,ES,Towers with Radar,102,39,84,2,227,0,0,119,4,123,102,39,203,6,350,52,0,52,402
04/24/2022,SRQ,FL,ASO,ES,Towers with Radar,102,60,105,0,267,0,0,134,0,134,102,60,239,0,401,68,0,68,469
04/25/2022,SRQ,FL,ASO,ES,Towers with Radar,108,48,101,4,261,0,3,173,7,183,108,51,274,11,444,170,0,170,614
04/26/2022,SRQ,FL,ASO,ES,Towers with Radar,80,37,104,22,243,0,4,161,4,169,80,41,265,26,412,74,14,88,500
04/27/2022,SRQ,FL,ASO,ES,Towers with Radar,91,25,115,0,231,0,0,176,2,178,91,25,291,2,409,134,0,134,543
04/28/2022,SRQ,FL,ASO,ES,Towers with Radar,105,43,118,2,268,0,2,119,1,122,105,45,237,3,390,72,0,72,462
04/29/2022,SRQ,FL,ASO,ES,Towers with Radar,104,43,100,0,247,0,3,99,2,104,104,46,199,2,351,86,0,86,437
04/30/2022,SRQ,FL,ASO,ES,Towers with Radar,97,37,75,0,209,0,0,83,0,83,97,37,158,0,292,64,0,64,356
05/01/2022,SRQ,FL,ASO,ES,Towers with Radar,103,39,102,0,244,0,0,78,0,78,103,39,180,0,322,78,0,78,400
05/02/2022,SRQ,FL,ASO,ES,Towers with Radar,105,44,115,1,265,0,0,168,0,168,105,44,283,1,433,114,0,114,547
05/03/2022,SRQ,FL,ASO,ES,Towers with Radar,82,39,112,1,234,0,0,185,0,185,82,39,297,1,419,140,0,140,559
05/04/2022,SRQ,FL,ASO,ES,Towers with Radar,87,50,114,2,253,0,0,136,20,156,87,50,250,22,409,150,14,164,573
05/05/2022,SRQ,FL,ASO,ES,Towers with Radar,94,51,126,0,271,0,0,182,2,184,94,51,308,2,455,149,0,149,604
05/06/2022,SRQ,FL,ASO,ES,Towers with Radar,88,56,95,7,246,1,3,199,1,204,89,59,294,8,450,102,0,102,552
05/07/2022,SRQ,FL,ASO,ES,Towers with Radar,77,31,74,0,182,0,0,22,0,22,77,31,96,0,204,6,0,6,210
05/08/2022,SRQ,FL,ASO,ES,Towers with Radar,88,39,95,0,222,0,2,97,0,99,88,41,192,0,321,70,0,70,391
05/09/2022,SRQ,FL,ASO,ES,Towers with Radar,93,34,117,6,250,0,2,163,4,169,93,36,280,10,419,66,0,66,485
05/10/2022,SRQ,FL,ASO,ES,Towers with Radar,65,38,106,5,214,0,2,158,0,160,65,40,264,5,374,68,0,68,442
05/11/2022,SRQ,FL,ASO,ES,Towers with Radar,72,41,117,0,230,0,1,176,0,177,72,42,293,0,407,130,0,130,537
05/12/2022,SRQ,FL,ASO,ES,Towers with Radar,89,45,81,3,218,0,4,184,7,195,89,49,265,10,413,122,0,122,535
05/13/2022,SRQ,FL,ASO,ES,Towers with Radar,87,35,110,0,232,0,5,220,3,228,87,40,330,3,460,199,0,199,659
05/14/2022,SRQ,FL,ASO,ES,Towers with Radar,77,36,90,0,203,0,2,165,0,167,77,38,255,0,370,131,0,131,501
05/15/2022,SRQ,FL,ASO,ES,Towers with Radar,89,44,102,0,235,0,0,124,0,124,89,44,226,0,359,104,0,104,463
05/16/2022,SRQ,FL,ASO,ES,Towers with Radar,82,39,109,2,232,0,2,154,0,156,82,41,263,2,388,156,0,156,544
05/17/2022,SRQ,FL,ASO,ES,Towers with Radar,67,30,107,3,207,0,1,128,1,130,67,31,235,4,337,190,8,198,535
05/18/2022,SRQ,FL,ASO,ES,Towers with Radar,75,41,124,0,240,0,4,127,0,131,75,45,251,0,371,147,0,147,518
05/19/2022,SRQ,FL,ASO,ES,Towers with Radar,91,42,111,0,244,0,4,128,0,132,91,46,239,0,376,81,0,81,457
05/20/2022,SRQ,FL,ASO,ES,Towers with Radar,73,36,77,0,186,0,0,22,0,22,73,36,99,0,208,0,0,0,208
05/21/2022,SRQ,FL,ASO,ES,Towers with Radar,78,28,78,0,184,0,0,14,0,14,78,28,92,0,198,40,0,40,238
05/22/2022,SRQ,FL,ASO,ES,Towers with Radar,90,21,70,0,181,0,0,40,0,40,90,21,110,0,221,38,0,38,259
05/23/2022,SRQ,FL,ASO,ES,Towers with Radar,87,29,118,7,241,0,4,85,3,92,87,33,203,10,333,64,0,64,397
05/24/2022,SRQ,FL,ASO,ES,Towers with Radar,68,35,80,2,185,0,8,101,0,109,68,43,181,2,294,36,8,44,338
05/25/2022,SRQ,FL,ASO,ES,Towers with Radar,76,27,90,8,201,0,2,108,0,110,76,29,198,8,311,60,0,60,371
05/26/2022,SRQ,FL,ASO,ES,Towers with Radar,87,50,122,10,269,0,4,139,0,143,87,54,261,10,412,82,0,82,494
05/27/2022,SRQ,FL,ASO,ES,Towers with Radar,77,39,95,4,215,0,2,78,0,80,77,41,173,4,295,88,0,88,383
05/28/2022,SRQ,FL,ASO,ES,Towers with Radar,77,25,54,0,156,0,0,69,1,70,77,25,123,1,226,144,0,144,370
05/29/2022,SRQ,FL,ASO,ES,Towers with Radar,95,14,58,0,167,0,0,80,0,80,95,14,138,0,247,87,0,87,334
05/30/2022,SRQ,FL,ASO,ES,Towers with Radar,86,16,82,0,184,0,1,79,0,80,86,17,161,0,264,68,0,68,332
05/31/2022,SRQ,FL,ASO,ES,Towers with Radar,64,29,74,0,167,0,0,94,0,94,64,29,168,0,261,44,0,44,305
06/01/2022,SRQ,FL,ASO,ES,Towers with Radar,72,51,127,0,250,1,2,101,0,104,73,53,228,0,354,96,0,96,450
06/02/2022,SRQ,FL,ASO,ES,Towers with Radar,77,49,105,0,231,0,6,90,2,98,77,55,195,2,329,104,0,104,433
06/03/2022,SRQ,FL,ASO,ES,Towers with Radar,73,33,69,0,175,0,0,26,0,26,73,33,95,0,201,35,0,35,236
06/04/2022,SRQ,FL,ASO,ES,Towers with Radar,77,20,33,1,131,0,0,22,1,23,77,20,55,2,154,18,0,18,172
06/05/2022,SRQ,FL,ASO,ES,Towers with Radar,72,44,103,0,219,0,0,111,2,113,72,44,214,2,332,82,0,82,414
06/06/2022,SRQ,FL,ASO,ES,Towers with Radar,65,41,93,0,199,0,0,119,0,119,65,41,212,0,318,132,0,132,450
06/07/2022,SRQ,FL,ASO,ES,Towers with Radar,51,29,106,3,189,0,4,123,2,129,51,33,229,5,318,87,0,87,405
06/08/2022,SRQ,FL,ASO,ES,Towers with Radar,64,34,94,2,194,0,4,109,2,115,64,38,203,4,309,80,0,80,389
06/09/2022,SRQ,FL,ASO,ES,Towers with Radar,78,34,91,0,203,0,0,69,2,71,78,34,160,2,274,83,0,83,357
06/10/2022,SRQ,FL,ASO,ES,Towers with Radar,63,25,81,1,170,0,0,78,5,83,63,25,159,6,253,60,0,60,313
06/11/2022,SRQ,FL,ASO,ES,Towers with Radar,76,28,78,0,182,0,0,34,0,34,76,28,112,0,216,105,0,105,321
06/12/2022,SRQ,FL,ASO,ES,Towers with Radar,65,28,109,0,202,0,0,57,0,57,65,28,166,0,259,126,0,126,385
06/13/2022,SRQ,FL,ASO,ES,Towers with Radar,66,27,111,0,204,0,4,129,0,133,66,31,240,0,337,65,0,65,402
06/14/2022,SRQ,FL,ASO,ES,Towers with Radar,53,23,83,7,166,0,4,125,3,132,53,27,208,10,298,99,16,115,413
06/15/2022,SRQ,FL,ASO,ES,Towers with Radar,61,25,65,0,151,0,2,87,4,93,61,27,152,4,244,92,0,92,336
06/16/2022,SRQ,FL,ASO,ES,Towers with Radar,64,33,84,0,181,0,0,102,2,104,64,33,186,2,285,134,0,134,419
06/17/2022,SRQ,FL,ASO,ES,Towers with Radar,63,23,76,0,162,0,6,114,0,120,63,29,190,0,282,76,0,76,358
06/18/2022,SRQ,FL,ASO,ES,Towers with Radar,74,30,78,0,182,0,4,82,2,88,74,34,160,2,270,92,0,92,362
06/19/2022,SRQ,FL,ASO,ES,Towers with Radar,75,34,75,0,184,0,0,67,0,67,75,34,142,0,251,26,0,26,277
06/20/2022,SRQ,FL,ASO,ES,Towers with Radar,70,20,63,0,153,0,0,80,0,80,70,20,143,0,233,84,0,84,317
06/21/2022,SRQ,FL,ASO,ES,Towers with Radar,53,19,89,0,161,0,2,151,4,157,53,21,240,4,318,133,0,133,451
06/22/2022,SRQ,FL,ASO,ES,Towers with Radar,62,22,62,0,146,0,0,144,0,144,62,22,206,0,290,165,0,165,455
06/23/2022,SRQ,FL,ASO,ES,Towers with Radar,70,24,95,2,191,0,0,154,0,154,70,24,249,2,345,122,0,122,467
06/24/2022,SRQ,FL,ASO,ES,Towers with Radar,68,42,105,0,215,0,2,83,0,85,68,44,188,0,300,101,0,101,401
06/25/2022,SRQ,FL,ASO,ES,Towers with Radar,75,23,83,0,181,0,0,88,0,88,75,23,171,0,269,138,0,138,407
06/26/2022,SRQ,FL,ASO,ES,Towers with Radar,63,28,84,0,175,0,0,43,0,43,63,28,127,0,218,124,0,124,342
06/27/2022,SRQ,FL,ASO,ES,Towers with Radar,65,17,84,1,167,0,0,101,1,102,65,17,185,2,269,116,0,116,385
06/28/2022,SRQ,FL,ASO,ES,Towers with Radar,51,26,71,1,149,0,2,98,1,101,51,28,169,2,250,66,0,66,316
06/29/2022,SRQ,FL,ASO,ES,Towers with Radar,65,27,62,4,158,0,0,115,2,117,65,27,177,6,275,131,0,131,406
06/30/2022,SRQ,FL,ASO,ES,Towers with Radar,75,24,93,0,192,0,0,105,6,111,75,24,198,6,303,66,0,66,369
07/01/2022,SRQ,FL,ASO,ES,Towers with Radar,61,36,85,0,182,0,4,95,4,103,61,40,180,4,285,64,0,64,349
07/02/2022,SRQ,FL,ASO,ES,Towers with Radar,74,25,69,0,168,0,0,92,0,92,74,25,161,0,260,125,0,125,385
07/03/2022,SRQ,FL,ASO,ES,Towers with Radar,61,17,48,0,126,0,0,78,0,78,61,17,126,0,204,66,0,66,270
07/04/2022,SRQ,FL,ASO,ES,Towers with Radar,62,16,35,0,113,0,0,51,0,51,62,16,86,0,164,41,0,41,205
07/05/2022,SRQ,FL,ASO,ES,Towers with Radar,62,19,106,4,191,0,0,77,3,80,62,19,183,7,271,20,4,24,295
07/06/2022,SRQ,FL,ASO,ES,Towers with Radar,59,31,78,0,168,0,0,93,0,93,59,31,171,0,261,209,0,209,470
07/07/2022,SRQ,FL,ASO,ES,Towers with Radar,70,23,60,2,155,0,1,77,8,86,70,24,137,10,241,164,0,164,405
07/08/2022,SRQ,FL,ASO,ES,Towers with Radar,63,24,50,0,137,0,3,114,0,117,63,27,164,0,254,130,0,130,384
07/09/2022,SRQ,FL,ASO,ES,Towers with Radar,74,20,58,0,152,0,2,65,0,67,74,22,123,0,219,123,0,123,342
07/10/2022,SRQ,FL,ASO,ES,Towers with Radar,69,19,62,0,150,0,0,83,0,83,69,19,145,0,233,112,0,112,345
07/11/2022,SRQ,FL,ASO,ES,Towers with Radar,62,20,68,11,161,0,1,78,1,80,62,21,146,12,241,182,24,206,447
07/12/2022,SRQ,FL,ASO,ES,Towers with Radar,47,37,92,15,191,0,2,159,6,167,47,39,251,21,358,157,22,179,537
07/13/2022,SRQ,FL,ASO,ES,Towers with Radar,62,28,55,2,147,0,0,107,2,109,62,28,162,4,256,116,0,116,372
07/14/2022,SRQ,FL,ASO,ES,Towers with Radar,65,31,68,2,166,0,2,67,4,73,65,33,135,6,239,131,0,131,370
07/15/2022,SRQ,FL,ASO,ES,Towers with Radar,61,23,87,0,171,3,0,107,2,112,64,23,194,2,283,193,0,193,476
07/16/2022,SRQ,FL,ASO,ES,Towers with Radar,71,22,66,0,159,0,0,86,2,88,71,22,152,2,247,151,0,151,398
07/17/2022,SRQ,FL,ASO,ES,Towers with Radar,63,21,69,2,155,0,1,82,0,83,63,22,151,2,238,84,0,84,322
07/18/2022,SRQ,FL,ASO,ES,Towers with Radar,58,18,101,1,178,0,0,112,0,112,58,18,213,1,290,143,0,143,433
07/19/2022,SRQ,FL,ASO,ES,Towers with Radar,47,17,83,2,149,0,0,102,4,106,47,17,185,6,255,244,0,244,499
07/20/2022,SRQ,FL,ASO,ES,Towers with Radar,62,16,83,2,163,0,0,110,2,112,62,16,193,4,275,200,0,200,475
07/21/2022,SRQ,FL,ASO,ES,Towers with Radar,69,16,82,10,177,0,2,116,0,118,69,18,198,10,295,132,0,132,427
07/22/2022,SRQ,FL,ASO,ES,Towers with Radar,60,21,97,0,178,0,0,133,0,133,60,21,230,0,311,78,0,78,389
07/23/2022,SRQ,FL,ASO,ES,Towers with Radar,83,21,59,1,164,0,2,88,1,91,83,23,147,2,255,107,0,107,362
07/24/2022,SRQ,FL,ASO,ES,Towers with Radar,64,23,85,0,172,0,0,107,0,107,64,23,192,0,279,97,0,97,376
07/25/2022,SRQ,FL,ASO,ES,Towers with Radar,60,18,57,4,139,0,4,59,0,63,60,22,116,4,202,111,0,111,313
07/26/2022,SRQ,FL,ASO,ES,Towers with Radar,49,18,68,3,138,0,4,65,3,72,49,22,133,6,210,128,0,128,338
07/27/2022,SRQ,FL,ASO,ES,Towers with Radar,58,30,67,6,161,0,2,116,0,118,58,32,183,6,279,146,0,146,425
07/28/2022,SRQ,FL,ASO,ES,Towers with Radar,68,19,93,0,180,0,8,121,0,129,68,27,214,0,309,175,0,175,484
07/29/2022,SRQ,FL,ASO,ES,Towers with Radar,60,32,78,2,172,0,0,110,0,110,60,32,188,2,282,178,0,178,460
07/30/2022,SRQ,FL,ASO,ES,Towers with Radar,76,22,62,0,160,0,2,89,7,98,76,24,151,7,258,118,0,118,376
07/31/2022,SRQ,FL,ASO,ES,Towers with Radar,68,22,83,4,177,0,2,83,0,85,68,24,166,4,262,79,0,79,341
08/01/2022,SRQ,FL,ASO,ES,Towers with Radar,63,22,73,0,158,0,3,94,1,98,63,25,167,1,256,178,0,178,434
08/02/2022,SRQ,FL,ASO,ES,Towers with Radar,46,18,70,4,138,0,0,71,4,75,46,18,141,8,213,126,0,126,339
08/03/2022,SRQ,FL,ASO,ES,Towers with Radar,54,16,77,6,153,0,3,89,0,92,54,19,166,6,245,77,0,77,322
08/04/2022,SRQ,FL,ASO,ES,Towers with Radar,65,15,60,0,140,0,0,78,4,82,65,15,138,4,222,131,0,131,353
08/05/2022,SRQ,FL,ASO,ES,Towers with Radar,59,20,66,0,145,0,2,105,0,107,59,22,171,0,252,125,0,125,377
08/06/2022,SRQ,FL,ASO,ES,Towers with Radar,67,27,63,0,157,0,2,85,0,87,67,29,148,0,244,80,0,80,324
08/07/2022,SRQ,FL,ASO,ES,Towers with Radar,67,35,74,0,176,0,0,66,0,66,67,35,140,0,242,31,0,31,273
08/08/2022,SRQ,FL,ASO,ES,Towers with Radar,59,24,58,0,141,0,4,81,6,91,59,28,139,6,232,119,0,119,351
08/09/2022,SRQ,FL,ASO,ES,Towers with Radar,46,18,53,11,128,0,0,77,3,80,46,18,130,14,208,185,0,185,393
08/10/2022,SRQ,FL,ASO,ES,Towers with Radar,55,28,80,0,163,0,0,130,2,132,55,28,210,2,295,184,0,184,479
08/11/2022,SRQ,FL,ASO,ES,Towers with Radar,64,25,68,7,164,0,0,98,6,104,64,25,166,13,268,124,4,128,396
08/12/2022,SRQ,FL,ASO,ES,Towers with Radar,61,21,80,13,175,0,0,92,4,96,61,21,172,17,271,163,6,169,440
08/13/2022,SRQ,FL,ASO,ES,Towers with Radar,69,19,50,0,138,0,0,74,0,74,69,19,124,0,212,168,0,168,380
08/14/2022,SRQ,FL,ASO,ES,Towers with Radar,71,21,47,1,140,0,0,44,0,44,71,21,91,1,184,71,0,71,255
08/15/2022,SRQ,FL,ASO,ES,Towers with Radar,59,32,59,0,150,0,0,35,0,35,59,32,94,0,185,82,0,82,267
08/16/2022,SRQ,FL,ASO,ES,Towers with Radar,48,31,78,3,160,0,1,127,1,129,48,32,205,4,289,115,0,115,404
08/17/2022,SRQ,FL,ASO,ES,Towers with Radar,52,17,78,0,147,0,0,101,4,105,52,17,179,4,252,182,0,182,434
08/18/2022,SRQ,FL,ASO,ES,Towers with Radar,53,29,75,4,161,0,2,88,4,94,53,31,163,8,255,178,0,178,433
08/19/2022,SRQ,FL,ASO,ES,Towers with Radar,57,18,68,4,147,0,1,99,3,103,57,19,167,7,250,197,0,197,447
08/20/2022,SRQ,FL,ASO,ES,Towers with Radar,61,16,55,0,132,0,0,131,2,133,61,16,186,2,265,95,0,95,360
08/21/2022,SRQ,FL,ASO,ES,Towers with Radar,49,19,83,2,153,0,3,80,0,83,49,22,163,2,236,117,0,117,353
08/22/2022,SRQ,FL,ASO,ES,Towers with Radar,54,24,42,17,137,0,0,106,5,111,54,24,148,22,248,100,8,108,356
08/23/2022,SRQ,FL,ASO,ES,Towers with Radar,44,23,81,0,148,0,2,97,0,99,44,25,178,0,247,78,0,78,325
08/24/2022,SRQ,FL,ASO,ES,Towers with Radar,51,18,74,2,145,0,0,102,0,102,51,18,176,2,247,87,0,87,334
08/25/2022,SRQ,FL,ASO,ES,Towers with Radar,53,26,83,4,166,0,1,92,0,93,53,27,175,4,259,142,0,142,401
08/26/2022,SRQ,FL,ASO,ES,Towers with Radar,58,25,74,2,159,0,5,59,0,64,58,30,133,2,223,58,0,58,281
08/27/2022,SRQ,FL,ASO,ES,Towers with Radar,60,19,55,0,134,0,0,46,2,48,60,19,101,2,182,75,10,85,267
08/28/2022,SRQ,FL,ASO,ES,Towers with Radar,57,19,81,0,157,0,0,49,0,49,57,19,130,0,206,50,0,50,256
08/29/2022,SRQ,FL,ASO,ES,Towers with Radar,52,21,66,10,149,0,1,96,0,97,52,22,162,10,246,106,0,106,352
08/30/2022,SRQ,FL,ASO,ES,Towers with Radar,44,15,86,3,148,0,1,76,2,79,44,16,162,5,227,200,0,200,427
08/31/2022,SRQ,FL,ASO,ES,Towers with Radar,49,18,89,4,160,0,2,117,8,127,49,20,206,12,287,120,0,120,407
09/01/2022,SRQ,FL,ASO,ES,Towers with Radar,61,22,82,2,167,0,0,71,0,71,61,22,153,2,238,187,0,187,425
09/02/2022,SRQ,FL,ASO,ES,Towers with Radar,56,29,83,4,172,0,0,70,2,72,56,29,153,6,244,74,0,74,318
09/03/2022,SRQ,FL,ASO,ES,Towers with Radar,56,24,60,0,140,0,0,66,0,66,56,24,126,0,206,112,0,112,318
09/04/2022,SRQ,FL,ASO,ES,Towers with Radar,49,23,57,0,129,0,0,79,0,79,49,23,136,0,208,18,0,18,226
09/05/2022,SRQ,FL,ASO,ES,Towers with Radar,60,31,79,0,170,0,0,88,0,88,60,31,167,0,258,96,0,96,354
09/06/2022,SRQ,FL,ASO,ES,Towers with Radar,49,23,81,0,153,0,0,72,0,72,49,23,153,0,225,108,0,108,333
09/07/2022,SRQ,FL,ASO,ES,Towers with Radar,46,19,66,2,133,0,0,86,2,88,46,19,152,4,221,117,4,121,342
09/08/2022,SRQ,FL,ASO,ES,Towers with Radar,57,35,47,0,139,0,2,40,2,44,57,37,87,2,183,64,2,66,249
09/09/2022,SRQ,FL,ASO,ES,Towers with Radar,59,25,54,4,142,0,0,21,0,21,59,25,75,4,163,24,0,24,187
09/10/2022,SRQ,FL,ASO,ES,Towers with Radar,58,17,44,0,119,0,0,37,0,37,58,17,81,0,156,50,0,50,206
09/11/2022,SRQ,FL,ASO,ES,Towers with Radar,56,21,51,4,132,0,0,64,0,64,56,21,115,4,196,69,0,69,265
09/12/2022,SRQ,FL,ASO,ES,Towers with Radar,55,35,79,0,169,0,4,78,2,84,55,39,157,2,253,62,0,62,315
09/13/2022,SRQ,FL,ASO,ES,Towers with Radar,42,34,91,3,170,0,0,98,3,101,42,34,189,6,271,138,0,138,409
09/14/2022,SRQ,FL,ASO,ES,Towers with Radar,50,25,83,0,158,0,0,66,0,66,50,25,149,0,224,143,0,143,367
09/15/2022,SRQ,FL,ASO,ES,Towers with Radar,57,38,69,0,164,0,0,72,0,72,57,38,141,0,236,118,0,118,354
09/16/2022,SRQ,FL,ASO,ES,Towers with Radar,53,31,65,4,153,0,0,61,1,62,53,31,126,5,215,67,0,67,282
09/17/2022,SRQ,FL,ASO,ES,Towers with Radar,55,23,49,4,131,0,0,77,0,77,55,23,126,4,208,51,0,51,259
09/18/2022,SRQ,FL,ASO,ES,Towers with Radar,56,29,67,0,152,0,0,38,0,38,56,29,105,0,190,69,0,69,259
09/19/2022,SRQ,FL,ASO,ES,Towers with Radar,57,28,66,0,151,0,7,96,2,105,57,35,162,2,256,90,0,90,346
09/20/2022,SRQ,FL,ASO,ES,Towers with Radar,42,18,77,2,139,0,0,106,2,108,42,18,183,4,247,81,0,81,328
09/21/2022,SRQ,FL,ASO,ES,Towers with Radar,45,26,88,3,162,0,9,118,5,132,45,35,206,8,294,149,0,149,443
09/22/2022,SRQ,FL,ASO,ES,Towers with Radar,57,33,87,4,181,0,0,124,4,128,57,33,211,8,309,86,0,86,395
09/23/2022,SRQ,FL,ASO,ES,Towers with Radar,62,38,69,0,169,0,4,104,0,108,62,42,173,0,277,69,0,69,346
09/24/2022,SRQ,FL,ASO,ES,Towers with Radar,56,22,58,0,136,0,0,84,3,87,56,22,142,3,223,93,4,97,320
09/25/2022,SRQ,FL,ASO,ES,Towers with Radar,57,29,77,0,163,0,0,85,0,85,57,29,162,0,248,82,0,82,330
09/26/2022,SRQ,FL,ASO,ES,Towers with Radar,57,58,81,0,196,0,0,61,0,61,57,58,142,0,257,34,0,34,291
09/27/2022,SRQ,FL,ASO,ES,Towers with Radar,31,56,63,2,152,0,0,12,0,12,31,56,75,2,164,0,0,0,164
09/28/2022,SRQ,FL,ASO,ES,Towers with Radar,0,0,0,0,0,0,0,0,0,0,0,0,0,0,0,0,0,0,0
09/29/2022,SRQ,FL,ASO,ES,Towers with Radar,0,0,0,0,0,0,0,2,0,2,0,0,2,0,2,0,0,0,2
09/30/2022,SRQ,FL,ASO,ES,Towers with Radar,15,12,53,3,83,0,0,46,4,50,15,12,99,7,133,0,0,0,133
10/01/2022,SRQ,FL,ASO,ES,Towers with Radar,51,32,51,0,134,0,1,90,8,99,51,33,141,8,233,74,0,74,307
10/02/2022,SRQ,FL,ASO,ES,Towers with Radar,50,21,73,0,144,0,2,103,6,111,50,23,176,6,255,96,0,96,351
10/03/2022,SRQ,FL,ASO,ES,Towers with Radar,58,43,69,2,172,0,0,128,8,136,58,43,197,10,308,63,0,63,371
10/04/2022,SRQ,FL,ASO,ES,Towers with Radar,46,32,97,0,175,0,0,113,0,113,46,32,210,0,288,170,0,170,458
10/05/2022,SRQ,FL,ASO,ES,Towers with Radar,67,43,76,0,186,0,4,97,2,103,67,47,173,2,289,192,0,192,481
10/06/2022,SRQ,FL,ASO,ES,Towers with Radar,79,44,75,0,198,0,0,109,0,109,79,44,184,0,307,164,0,164,471
10/07/2022,SRQ,FL,ASO,ES,Towers with Radar,69,55,78,1,203,0,0,121,3,124,69,55,199,4,327,98,0,98,425
10/08/2022,SRQ,FL,ASO,ES,Towers with Radar,84,31,44,0,159,0,0,112,0,112,84,31,156,0,271,93,0,93,364
10/09/2022,SRQ,FL,ASO,ES,Towers with Radar,84,49,61,7,201,0,0,106,6,112,84,49,167,13,313,104,2,106,419
10/10/2022,SRQ,FL,ASO,ES,Towers with Radar,74,42,76,0,192,0,0,81,0,81,74,42,157,0,273,114,0,114,387
10/11/2022,SRQ,FL,ASO,ES,Towers with Radar,57,33,63,0,153,0,1,104,0,105,57,34,167,0,258,188,0,188,446
10/12/2022,SRQ,FL,ASO,ES,Towers with Radar,70,36,78,0,184,0,0,82,0,82,70,36,160,0,266,139,0,139,405
10/13/2022,SRQ,FL,ASO,ES,Towers with Radar,84,41,57,1,183,0,0,54,2,56,84,41,111,3,239,137,0,137,376
10/14/2022,SRQ,FL,ASO,ES,Towers with Radar,75,50,97,15,237,0,0,104,3,107,75,50,201,18,344,68,0,68,412
10/15/2022,SRQ,FL,ASO,ES,Towers with Radar,82,25,57,1,165,0,0,132,0,132,82,25,189,1,297,34,0,34,331
10/16/2022,SRQ,FL,ASO,ES,Towers with Radar,81,33,95,0,209,0,0,85,2,87,81,33,180,2,296,18,0,18,314
10/17/2022,SRQ,FL,ASO,ES,Towers with Radar,75,48,86,3,212,0,0,89,3,92,75,48,175,6,304,32,0,32,336
10/18/2022,SRQ,FL,ASO,ES,Towers with Radar,58,48,68,4,178,0,0,55,0,55,58,48,123,4,233,167,0,167,400
10/19/2022,SRQ,FL,ASO,ES,Towers with Radar,68,35,95,11,209,0,2,86,1,89,68,37,181,12,298,91,4,95,393
10/20/2022,SRQ,FL,ASO,ES,Towers with Radar,82,56,101,1,240,0,2,121,1,124,82,58,222,2,364,94,0,94,458
10/21/2022,SRQ,FL,ASO,ES,Towers with Radar,73,48,102,0,223,0,2,124,0,126,73,50,226,0,349,82,0,82,431
10/22/2022,SRQ,FL,ASO,ES,Towers with Radar,80,54,88,0,222,0,0,105,0,105,80,54,193,0,327,152,0,152,479
10/23/2022,SRQ,FL,ASO,ES,Towers with Radar,82,40,75,0,197,0,0,95,0,95,82,40,170,0,292,76,0,76,368
10/24/2022,SRQ,FL,ASO,ES,Towers with Radar,72,51,68,0,191,0,2,93,0,95,72,53,161,0,286,164,0,164,450
10/25/2022,SRQ,FL,ASO,ES,Towers with Radar,52,30,79,0,161,0,2,146,1,149,52,32,225,1,310,137,0,137,447
10/26/2022,SRQ,FL,ASO,ES,Towers with Radar,68,55,97,2,222,0,0,110,7,117,68,55,207,9,339,142,0,142,481
10/27/2022,SRQ,FL,ASO,ES,Towers with Radar,81,55,115,3,254,0,0,121,1,122,81,55,236,4,376,122,4,126,502
10/28/2022,SRQ,FL,ASO,ES,Towers with Radar,72,37,108,0,217,0,2,97,0,99,72,39,205,0,316,133,0,133,449
10/29/2022,SRQ,FL,ASO,ES,Towers with Radar,77,24,94,0,195,0,2,81,0,83,77,26,175,0,278,126,0,126,404
10/30/2022,SRQ,FL,ASO,ES,Towers with Radar,82,35,90,2,209,0,1,90,0,91,82,36,180,2,300,62,0,62,362
10/31/2022,SRQ,FL,ASO,ES,Towers with Radar,74,23,78,0,175,0,2,84,0,86,74,25,162,0,261,106,0,106,367
11/01/2022,SRQ,FL,ASO,ES,Towers with Radar,60,19,97,0,176,0,0,72,2,74,60,19,169,2,250,89,0,89,339
11/02/2022,SRQ,FL,ASO,ES,Towers with Radar,78,45,96,0,219,0,1,53,0,54,78,46,149,0,273,55,0,55,328
11/03/2022,SRQ,FL,ASO,ES,Towers with Radar,91,45,114,0,250,0,0,118,4,122,91,45,232,4,372,95,0,95,467
11/04/2022,SRQ,FL,ASO,ES,Towers with Radar,82,46,94,2,224,0,0,114,2,116,82,46,208,4,340,156,10,166,506
11/05/2022,SRQ,FL,ASO,ES,Towers with Radar,88,37,67,1,193,0,0,119,4,123,88,37,186,5,316,107,0,107,423
11/06/2022,SRQ,FL,ASO,ES,Towers with Radar,94,42,77,2,215,0,0,75,0,75,94,42,152,2,290,74,0,74,364
11/07/2022,SRQ,FL,ASO,ES,Towers with Radar,84,45,79,1,209,0,0,86,3,89,84,45,165,4,298,124,0,124,422
11/08/2022,SRQ,FL,ASO,ES,Towers with Radar,70,19,88,0,177,0,0,65,4,69,70,19,153,4,246,117,0,117,363
11/09/2022,SRQ,FL,ASO,ES,Towers with Radar,81,47,53,4,185,0,0,3,0,3,81,47,56,4,188,0,0,0,188
11/10/2022,SRQ,FL,ASO,ES,Towers with Radar,89,8,10,0,107,0,0,0,0,0,89,8,10,0,107,0,0,0,107
11/11/2022,SRQ,FL,ASO,ES,Towers with Radar,82,21,83,0,186,0,0,89,0,89,82,21,172,0,275,124,0,124,399
11/12/2022,SRQ,FL,ASO,ES,Towers with Radar,95,47,79,4,225,0,0,110,0,110,95,47,189,4,335,107,0,107,442
11/13/2022,SRQ,FL,ASO,ES,Towers with Radar,94,42,111,0,247,0,0,51,0,51,94,42,162,0,298,84,0,84,382
11/14/2022,SRQ,FL,ASO,ES,Towers with Radar,87,39,137,0,263,0,1,128,2,131,87,40,265,2,394,124,0,124,518
11/15/2022,SRQ,FL,ASO,ES,Towers with Radar,71,44,105,25,245,0,4,141,5,150,71,48,246,30,395,158,0,158,553
11/16/2022,SRQ,FL,ASO,ES,Towers with Radar,76,40,131,2,249,0,0,33,0,33,76,40,164,2,282,71,0,71,353
11/17/2022,SRQ,FL,ASO,ES,Towers with Radar,95,56,97,0,248,0,0,139,1,140,95,56,236,1,388,168,1,169,557
11/18/2022,SRQ,FL,ASO,ES,Towers with Radar,93,66,114,6,279,0,1,173,2,176,93,67,287,8,455,80,4,84,539
11/19/2022,SRQ,FL,ASO,ES,Towers with Radar,111,58,105,0,274,0,0,124,4,128,111,58,229,4,402,80,0,80,482
11/20/2022,SRQ,FL,ASO,ES,Towers with Radar,104,49,88,0,241,0,0,8,0,8,104,49,96,0,249,26,0,26,275
11/21/2022,SRQ,FL,ASO,ES,Towers with Radar,95,43,99,0,237,0,0,54,0,54,95,43,153,0,291,101,0,101,392
11/22/2022,SRQ,FL,ASO,ES,Towers with Radar,110,68,137,2,317,0,0,25,0,25,110,68,162,2,342,74,0,74,416
11/23/2022,SRQ,FL,ASO,ES,Towers with Radar,128,42,101,0,271,0,0,45,0,45,128,42,146,0,316,81,0,81,397
11/24/2022,SRQ,FL,ASO,ES,Towers with Radar,63,15,17,0,95,0,0,22,0,22,63,15,39,0,117,8,0,8,125
11/25/2022,SRQ,FL,ASO,ES,Towers with Radar,81,35,77,0,193,0,0,74,0,74,81,35,151,0,267,84,0,84,351
11/26/2022,SRQ,FL,ASO,ES,Towers with Radar,122,56,102,1,281,0,0,64,0,64,122,56,166,1,345,56,0,56,401
11/27/2022,SRQ,FL,ASO,ES,Towers with Radar,107,77,132,0,316,0,1,43,1,45,107,78,175,1,361,0,0,0,361
11/28/2022,SRQ,FL,ASO,ES,Towers with Radar,114,59,150,5,328,0,0,130,1,131,114,59,280,6,459,60,0,60,519
11/29/2022,SRQ,FL,ASO,ES,Towers with Radar,71,30,82,1,184,0,0,149,0,149,71,30,231,1,333,129,0,129,462
11/30/2022,SRQ,FL,ASO,ES,Towers with Radar,82,36,85,8,211,0,3,117,1,121,82,39,202,9,332,116,10,126,458
12/01/2022,SRQ,FL,ASO,ES,Towers with Radar,98,32,79,4,213,0,2,112,2,116,98,34,191,6,329,78,0,78,407
12/02/2022,SRQ,FL,ASO,ES,Towers with Radar,81,32,87,1,201,0,0,99,1,100,81,32,186,2,301,100,0,100,401
12/03/2022,SRQ,FL,ASO,ES,Towers with Radar,95,37,68,0,200,0,7,154,0,161,95,44,222,0,361,47,0,47,408
12/04/2022,SRQ,FL,ASO,ES,Towers with Radar,100,43,72,0,215,0,0,83,0,83,100,43,155,0,298,143,0,143,441
12/05/2022,SRQ,FL,ASO,ES,Towers with Radar,83,35,107,10,235,0,4,118,2,124,83,39,225,12,359,107,0,107,466
12/06/2022,SRQ,FL,ASO,ES,Towers with Radar,69,35,84,4,192,0,2,133,2,137,69,37,217,6,329,106,0,106,435
12/07/2022,SRQ,FL,ASO,ES,Towers with Radar,85,37,101,15,238,0,3,137,5,145,85,40,238,20,383,137,6,143,526
12/08/2022,SRQ,FL,ASO,ES,Towers with Radar,100,35,76,3,214,0,2,96,5,103,100,37,172,8,317,122,0,122,439
12/09/2022,SRQ,FL,ASO,ES,Towers with Radar,85,48,97,4,234,0,3,118,0,121,85,51,215,4,355,130,0,130,485
12/10/2022,SRQ,FL,ASO,ES,Towers with Radar,96,33,63,0,192,0,0,92,0,92,96,33,155,0,284,99,0,99,383
12/11/2022,SRQ,FL,ASO,ES,Towers with Radar,100,46,76,0,222,0,2,10,0,12,100,48,86,0,234,18,0,18,252
12/12/2022,SRQ,FL,ASO,ES,Towers with Radar,84,46,102,2,234,0,3,76,0,79,84,49,178,2,313,78,0,78,391
12/13/2022,SRQ,FL,ASO,ES,Towers with Radar,71,28,91,3,193,0,5,117,6,128,71,33,208,9,321,151,0,151,472
12/14/2022,SRQ,FL,ASO,ES,Towers with Radar,74,47,88,4,213,0,0,81,0,81,74,47,169,4,294,53,0,53,347
12/15/2022,SRQ,FL,ASO,ES,Towers with Radar,99,49,55,0,203,0,0,1,0,1,99,49,56,0,204,0,0,0,204
12/16/2022,SRQ,FL,ASO,ES,Towers with Radar,103,60,87,7,257,0,2,133,8,143,103,62,220,15,400,62,0,62,462
12/17/2022,SRQ,FL,ASO,ES,Towers with Radar,114,25,86,7,232,0,2,146,4,152,114,27,232,11,384,92,0,92,476
12/18/2022,SRQ,FL,ASO,ES,Towers with Radar,112,31,61,0,204,0,4,72,0,76,112,35,133,0,280,152,0,152,432
12/19/2022,SRQ,FL,ASO,ES,Towers with Radar,110,45,93,2,250,0,2,106,4,112,110,47,199,6,362,85,0,85,447
12/20/2022,SRQ,FL,ASO,ES,Towers with Radar,110,37,60,0,207,0,0,43,0,43,110,37,103,0,250,108,0,108,358
12/21/2022,SRQ,FL,ASO,ES,Towers with Radar,123,69,136,0,328,0,6,52,1,59,123,75,188,1,387,115,0,115,502
12/22/2022,SRQ,FL,ASO,ES,Towers with Radar,108,48,114,8,278,0,0,30,0,30,108,48,144,8,308,46,0,46,354
12/23/2022,SRQ,FL,ASO,ES,Towers with Radar,82,26,73,0,181,0,0,32,0,32,82,26,105,0,213,14,0,14,227
12/24/2022,SRQ,FL,ASO,ES,Towers with Radar,100,25,26,1,152,0,0,34,2,36,100,25,60,3,188,41,0,41,229
12/25/2022,SRQ,FL,ASO,ES,Towers with Radar,76,40,25,0,141,0,0,10,0,10,76,40,35,0,151,0,0,0,151
12/26/2022,SRQ,FL,ASO,ES,Towers with Radar,86,76,122,1,285,0,0,96,4,100,86,76,218,5,385,87,0,87,472
12/27/2022,SRQ,FL,ASO,ES,Towers with Radar,97,94,149,0,340,0,0,112,0,112,97,94,261,0,452,20,0,20,472
12/28/2022,SRQ,FL,ASO,ES,Towers with Radar,105,92,98,0,295,0,2,138,3,143,105,94,236,3,438,49,0,49,487
12/29/2022,SRQ,FL,ASO,ES,Towers with Radar,99,68,97,1,265,0,3,98,5,106,99,71,195,6,371,56,0,56,427
12/30/2022,SRQ,FL,ASO,ES,Towers with Radar,111,75,105,0,291,0,1,85,0,86,111,76,190,0,377,96,0,96,473
12/31/2022,SRQ,FL,ASO,ES,Towers with Radar,127,43,71,0,241,0,0,21,0,21,127,43,92,0,262,16,0,16,278
01/01/2023,SRQ,FL,ASO,ES,Towers with Radar,95,47,74,0,216,0,0,28,0,28,95,47,102,0,244,0,0,0,244
01/02/2023,SRQ,FL,ASO,ES,Towers with Radar,102,45,131,0,278,0,3,92,0,95,102,48,223,0,373,48,0,48,421
01/03/2023,SRQ,FL,ASO,ES,Towers with Radar,110,57,114,0,281,0,3,108,0,111,110,60,222,0,392,115,0,115,507
01/04/2023,SRQ,FL,ASO,ES,Towers with Radar,85,41,78,17,221,0,2,77,0,79,85,43,155,17,300,64,0,64,364
01/05/2023,SRQ,FL,ASO,ES,Towers with Radar,116,44,89,1,250,0,1,50,2,53,116,45,139,3,303,63,0,63,366
01/06/2023,SRQ,FL,ASO,ES,Towers with Radar,106,42,97,8,253,0,2,126,6,134,106,44,223,14,387,162,0,162,549
01/07/2023,SRQ,FL,ASO,ES,Towers with Radar,114,67,86,3,270,0,0,126,1,127,114,67,212,4,397,50,0,50,447
01/08/2023,SRQ,FL,ASO,ES,Towers with Radar,114,55,103,13,285,0,0,98,1,99,114,55,201,14,384,54,0,54,438
01/09/2023,SRQ,FL,ASO,ES,Towers with Radar,102,31,90,0,223,0,3,123,3,129,102,34,213,3,352,88,4,92,444
01/10/2023,SRQ,FL,ASO,ES,Towers with Radar,80,40,107,0,227,0,2,132,10,144,80,42,239,10,371,94,0,94,465
01/11/2023,SRQ,FL,ASO,ES,Towers with Radar,81,35,102,0,218,0,2,119,0,121,81,37,221,0,339,123,0,123,462
01/12/2023,SRQ,FL,ASO,ES,Towers with Radar,101,52,122,17,292,0,2,131,1,134,101,54,253,18,426,134,0,134,560
01/13/2023,SRQ,FL,ASO,ES,Towers with Radar,97,46,97,0,240,0,0,20,2,22,97,46,117,2,262,12,0,12,274
01/14/2023,SRQ,FL,ASO,ES,Towers with Radar,106,35,70,0,211,0,0,73,0,73,106,35,143,0,284,18,0,18,302
01/15/2023,SRQ,FL,ASO,ES,Towers with Radar,107,45,80,0,232,0,0,88,0,88,107,45,168,0,320,70,0,70,390
01/16/2023,SRQ,FL,ASO,ES,Towers with Radar,102,60,88,1,251,0,6,127,1,134,102,66,215,2,385,74,0,74,459
01/17/2023,SRQ,FL,ASO,ES,Towers with Radar,78,45,88,6,217,0,5,148,10,163,78,50,236,16,380,74,12,86,466
01/18/2023,SRQ,FL,ASO,ES,Towers with Radar,86,41,98,8,233,0,4,133,0,137,86,45,231,8,370,127,0,127,497
01/19/2023,SRQ,FL,ASO,ES,Towers with Radar,108,52,106,12,278,0,1,101,1,103,108,53,207,13,381,35,0,35,416
01/20/2023,SRQ,FL,ASO,ES,Towers with Radar,95,38,126,3,262,0,0,78,0,78,95,38,204,3,340,132,0,132,472
01/21/2023,SRQ,FL,ASO,ES,Towers with Radar,114,28,70,0,212,0,0,68,0,68,114,28,138,0,280,76,0,76,356
01/22/2023,SRQ,FL,ASO,ES,Towers with Radar,104,51,76,0,231,0,0,43,0,43,104,51,119,0,274,0,0,0,274
01/23/2023,SRQ,FL,ASO,ES,Towers with Radar,104,35,116,10,265,0,0,107,2,109,104,35,223,12,374,53,0,53,427
01/24/2023,SRQ,FL,ASO,ES,Towers with Radar,76,47,104,4,231,0,1,132,0,133,76,48,236,4,364,128,0,128,492
01/25/2023,SRQ,FL,ASO,ES,Towers with Radar,82,32,71,3,188,0,0,64,1,65,82,32,135,4,253,32,10,42,295
01/26/2023,SRQ,FL,ASO,ES,Towers with Radar,102,47,123,2,274,0,2,104,0,106,102,49,227,2,380,86,0,86,466
01/27/2023,SRQ,FL,ASO,ES,Towers with Radar,96,46,114,3,259,0,4,127,5,136,96,50,241,8,395,116,0,116,511
01/28/2023,SRQ,FL,ASO,ES,Towers with Radar,115,38,95,0,248,0,1,84,0,85,115,39,179,0,333,82,0,82,415
01/29/2023,SRQ,FL,ASO,ES,Towers with Radar,107,42,105,0,254,0,0,90,2,92,107,42,195,2,346,46,0,46,392
01/30/2023,SRQ,FL,ASO,ES,Towers with Radar,95,57,78,16,246,0,1,126,1,128,95,58,204,17,374,100,0,100,474
01/31/2023,SRQ,FL,ASO,ES,Towers with Radar,73,41,94,12,220,1,2,135,8,146,74,43,229,20,366,119,0,119,485
02/01/2023,SRQ,FL,ASO,ES,Towers with Radar,84,53,109,11,257,0,2,108,1,111,84,55,217,12,368,84,0,84,452
02/02/2023,SRQ,FL,ASO,ES,Towers with Radar,103,42,101,4,250,0,7,160,0,167,103,49,261,4,417,111,0,111,528
02/03/2023,SRQ,FL,ASO,ES,Towers with Radar,100,37,115,5,257,0,0,23,0,23,100,37,138,5,280,16,0,16,296
02/04/2023,SRQ,FL,ASO,ES,Towers with Radar,110,36,74,1,221,0,0,98,1,99,110,36,172,2,320,79,0,79,399
02/05/2023,SRQ,FL,ASO,ES,Towers with Radar,118,41,101,0,260,0,2,113,0,115,118,43,214,0,375,68,0,68,443
02/06/2023,SRQ,FL,ASO,ES,Towers with Radar,99,42,89,0,230,0,1,128,0,129,99,43,217,0,359,131,0,131,490
02/07/2023,SRQ,FL,ASO,ES,Towers with Radar,82,58,83,2,225,0,2,151,6,159,82,60,234,8,384,61,0,61,445
02/08/2023,SRQ,FL,ASO,ES,Towers with Radar,94,48,104,0,246,0,5,161,2,168,94,53,265,2,414,105,0,105,519
02/09/2023,SRQ,FL,ASO,ES,Towers with Radar,107,50,103,2,262,0,0,115,4,119,107,50,218,6,381,79,0,79,460
02/10/2023,SRQ,FL,ASO,ES,Towers with Radar,103,50,99,4,256,0,0,94,3,97,103,50,193,7,353,96,0,96,449
02/11/2023,SRQ,FL,ASO,ES,Towers with Radar,111,46,58,0,215,1,0,49,0,50,112,46,107,0,265,27,0,27,292
02/12/2023,SRQ,FL,ASO,ES,Towers with Radar,118,48,57,2,225,0,0,21,0,21,118,48,78,2,246,14,0,14,260
02/13/2023,SRQ,FL,ASO,ES,Towers with Radar,107,36,105,0,248,0,3,171,1,175,107,39,276,1,423,62,0,62,485
02/14/2023,SRQ,FL,ASO,ES,Towers with Radar,85,61,94,0,240,0,4,147,0,151,85,65,241,0,391,149,0,149,540
02/15/2023,SRQ,FL,ASO,ES,Towers with Radar,95,57,120,0,272,0,1,156,0,157,95,58,276,0,429,117,0,117,546
02/16/2023,SRQ,FL,ASO,ES,Towers with Radar,118,63,120,10,311,0,4,145,15,164,118,67,265,25,475,104,12,116,591
02/17/2023,SRQ,FL,ASO,ES,Towers with Radar,117,49,123,2,291,0,0,117,0,117,117,49,240,2,408,75,0,75,483
02/18/2023,SRQ,FL,ASO,ES,Towers with Radar,122,56,98,0,276,0,0,178,0,178,122,56,276,0,454,32,0,32,486
02/19/2023,SRQ,FL,ASO,ES,Towers with Radar,123,47,110,1,281,0,0,73,4,77,123,47,183,5,358,99,4,103,461
02/20/2023,SRQ,FL,ASO,ES,Towers with Radar,118,43,116,0,277,0,0,103,0,103,118,43,219,0,380,92,0,92,472
02/21/2023,SRQ,FL,ASO,ES,Towers with Radar,93,55,149,2,299,0,0,95,0,95,93,55,244,2,394,80,2,82,476
02/22/2023,SRQ,FL,ASO,ES,Towers with Radar,91,64,116,9,280,0,4,125,1,130,91,68,241,10,410,47,8,55,465
02/23/2023,SRQ,FL,ASO,ES,Towers with Radar,110,68,94,1,273,0,4,164,6,174,110,72,258,7,447,121,0,121,568
02/24/2023,SRQ,FL,ASO,ES,Towers with Radar,117,59,117,0,293,0,2,164,9,175,117,61,281,9,468,80,0,80,548
02/25/2023,SRQ,FL,ASO,ES,Towers with Radar,118,36,87,2,243,0,3,128,23,154,118,39,215,25,397,73,0,73,470
02/26/2023,SRQ,FL,ASO,ES,Towers with Radar,121,63,83,0,267,0,0,147,23,170,121,63,230,23,437,52,0,52,489
02/27/2023,SRQ,FL,ASO,ES,Towers with Radar,117,47,78,1,243,0,7,107,2,116,117,54,185,3,359,76,0,76,435
02/28/2023,SRQ,FL,ASO,ES,Towers with Radar,86,44,110,5,245,0,3,144,3,150,86,47,254,8,395,64,0,64,459
03/01/2023,SRQ,FL,ASO,ES,Towers with Radar,97,47,93,0,237,0,2,111,0,113,97,49,204,0,350,146,0,146,496
03/02/2023,SRQ,FL,ASO,ES,Towers with Radar,112,42,112,19,285,0,2,149,2,153,112,44,261,21,438,110,0,110,548
03/03/2023,SRQ,FL,ASO,ES,Towers with Radar,113,53,74,11,251,0,5,53,1,59,113,58,127,12,310,67,0,67,377
03/04/2023,SRQ,FL,ASO,ES,Towers with Radar,114,49,79,6,248,0,4,112,0,116,114,53,191,6,364,63,0,63,427
03/05/2023,SRQ,FL,ASO,ES,Towers with Radar,118,54,118,12,302,0,0,104,0,104,118,54,222,12,406,91,0,91,497
03/06/2023,SRQ,FL,ASO,ES,Towers with Radar,114,50,121,0,285,0,2,109,0,111,114,52,230,0,396,88,0,88,484
03/07/2023,SRQ,FL,ASO,ES,Towers with Radar,85,38,92,6,221,0,2,126,2,130,85,40,218,8,351,66,0,66,417
03/08/2023,SRQ,FL,ASO,ES,Towers with Radar,97,57,100,0,254,0,1,106,0,107,97,58,206,0,361,152,0,152,513
03/09/2023,SRQ,FL,ASO,ES,Towers with Radar,121,60,104,0,285,0,2,159,2,163,121,62,263,2,448,93,0,93,541
03/10/2023,SRQ,FL,ASO,ES,Towers with Radar,126,49,91,6,272,0,2,126,1,129,126,51,217,7,401,89,0,89,490
03/11/2023,SRQ,FL,ASO,ES,Towers with Radar,145,63,99,0,307,0,2,137,0,139,145,65,236,0,446,43,0,43,489
03/12/2023,SRQ,FL,ASO,ES,Towers with Radar,126,55,104,0,285,1,2,104,0,107,127,57,208,0,392,132,0,132,524
03/13/2023,SRQ,FL,ASO,ES,Towers with Radar,125,47,95,0,267,0,0,9,2,11,125,47,104,2,278,38,0,38,316
03/14/2023,SRQ,FL,ASO,ES,Towers with Radar,97,47,97,0,241,0,0,135,6,141,97,47,232,6,382,110,0,110,492
03/15/2023,SRQ,FL,ASO,ES,Towers with Radar,110,46,77,0,233,0,3,85,6,94,110,49,162,6,327,172,0,172,499
03/16/2023,SRQ,FL,ASO,ES,Towers with Radar,124,57,105,1,287,0,3,156,4,163,124,60,261,5,450,76,0,76,526
03/17/2023,SRQ,FL,ASO,ES,Towers with Radar,126,59,94,0,279,0,2,116,0,118,126,61,210,0,397,89,0,89,486
03/18/2023,SRQ,FL,ASO,ES,Towers with Radar,147,55,92,0,294,0,0,110,0,110,147,55,202,0,404,37,0,37,441
03/19/2023,SRQ,FL,ASO,ES,Towers with Radar,134,65,120,0,319,0,0,64,0,64,134,65,184,0,383,56,0,56,439
03/20/2023,SRQ,FL,ASO,ES,Towers with Radar,127,43,84,4,258,0,0,111,0,111,127,43,195,4,369,108,0,108,477
03/21/2023,SRQ,FL,ASO,ES,Towers with Radar,102,31,84,2,219,0,0,153,8,161,102,31,237,10,380,110,8,118,498
03/22/2023,SRQ,FL,ASO,ES,Towers with Radar,113,39,82,0,234,0,0,149,0,149,113,39,231,0,383,213,0,213,596
03/23/2023,SRQ,FL,ASO,ES,Towers with Radar,126,36,117,9,288,0,1,204,4,209,126,37,321,13,497,164,0,164,661
03/24/2023,SRQ,FL,ASO,ES,Towers with Radar,127,49,126,0,302,0,1,141,4,146,127,50,267,4,448,74,0,74,522
03/25/2023,SRQ,FL,ASO,ES,Towers with Radar,144,54,125,0,323,0,0,78,0,78,144,54,203,0,401,38,0,38,439
03/26/2023,SRQ,FL,ASO,ES,Towers with Radar,133,59,133,0,325,0,0,98,0,98,133,59,231,0,423,49,0,49,472
03/27/2023,SRQ,FL,ASO,ES,Towers with Radar,127,49,82,16,274,0,1,120,3,124,127,50,202,19,398,80,5,85,483
03/28/2023,SRQ,FL,ASO,ES,Towers with Radar,102,36,88,2,228,0,5,103,1,109,102,41,191,3,337,116,0,116,453
03/29/2023,SRQ,FL,ASO,ES,Towers with Radar,111,45,99,1,256,0,4,102,6,112,111,49,201,7,368,175,0,175,543
03/30/2023,SRQ,FL,ASO,ES,Towers with Radar,127,54,85,2,268,0,0,137,2,139,127,54,222,4,407,153,0,153,560
03/31/2023,SRQ,FL,ASO,ES,Towers with Radar,122,64,111,4,301,0,2,107,3,112,122,66,218,7,413,103,0,103,516
04/01/2023,SRQ,FL,ASO,ES,Towers with Radar,138,56,99,0,293,0,0,94,0,94,138,56,193,0,387,72,0,72,459
04/02/2023,SRQ,FL,ASO,ES,Towers with Radar,136,50,138,2,326,0,1,65,0,66,136,51,203,2,392,10,0,10,402
04/03/2023,SRQ,FL,ASO,ES,Towers with Radar,124,57,87,5,273,0,5,92,2,99,124,62,179,7,372,135,5,140,512
04/04/2023,SRQ,FL,ASO,ES,Towers with Radar,101,45,109,4,259,0,0,130,0,130,101,45,239,4,389,73,0,73,462
04/05/2023,SRQ,FL,ASO,ES,Towers with Radar,106,35,97,2,240,0,0,152,0,152,106,35,249,2,392,203,0,203,595
04/06/2023,SRQ,FL,ASO,ES,Towers with Radar,122,85,103,0,310,0,0,141,6,147,122,85,244,6,457,52,0,52,509
04/07/2023,SRQ,FL,ASO,ES,Towers with Radar,122,60,98,0,280,0,0,147,0,147,122,60,245,0,427,122,0,122,549
04/08/2023,SRQ,FL,ASO,ES,Towers with Radar,150,61,86,1,298,0,4,150,2,156,150,65,236,3,454,93,0,93,547
04/09/2023,SRQ,FL,ASO,ES,Towers with Radar,137,44,51,0,232,0,0,26,0,26,137,44,77,0,258,34,0,34,292
04/10/2023,SRQ,FL,ASO,ES,Towers with Radar,122,65,124,3,314,0,0,64,2,66,122,65,188,5,380,74,0,74,454
04/11/2023,SRQ,FL,ASO,ES,Towers with Radar,88,49,86,2,225,0,0,89,4,93,88,49,175,6,318,23,0,23,341
04/12/2023,SRQ,FL,ASO,ES,Towers with Radar,96,41,86,0,223,0,0,15,0,15,96,41,101,0,238,30,0,30,268
04/13/2023,SRQ,FL,ASO,ES,Towers with Radar,114,57,115,0,286,0,2,106,0,108,114,59,221,0,394,120,0,120,514
04/14/2023,SRQ,FL,ASO,ES,Towers with Radar,116,48,125,4,293,0,0,126,4,130,116,48,251,8,423,61,0,61,484
04/15/2023,SRQ,FL,ASO,ES,Towers with Radar,105,42,98,0,245,0,2,105,1,108,105,44,203,1,353,16,0,16,369
04/16/2023,SRQ,FL,ASO,ES,Towers with Radar,119,43,102,0,264,0,0,112,1,113,119,43,214,1,377,102,0,102,479
04/17/2023,SRQ,FL,ASO,ES,Towers with Radar,109,51,97,0,257,0,2,59,4,65,109,53,156,4,322,87,6,93,415
04/18/2023,SRQ,FL,ASO,ES,Towers with Radar,82,52,94,0,228,0,3,134,6,143,82,55,228,6,371,180,0,180,551
04/19/2023,SRQ,FL,ASO,ES,Towers with Radar,87,35,96,2,220,0,4,151,6,161,87,39,247,8,381,159,0,159,540
04/20/2023,SRQ,FL,ASO,ES,Towers with Radar,109,47,87,2,245,0,4,138,15,157,109,51,225,17,402,106,7,113,515
04/21/2023,SRQ,FL,ASO,ES,Towers with Radar,106,60,115,28,309,0,1,162,1,164,106,61,277,29,473,164,0,164,637
04/22/2023,SRQ,FL,ASO,ES,Towers with Radar,101,44,78,0,223,0,2,131,0,133,101,46,209,0,356,119,0,119,475
04/23/2023,SRQ,FL,ASO,ES,Towers with Radar,120,53,84,3,260,0,0,97,1,98,120,53,181,4,358,95,0,95,453
04/24/2023,SRQ,FL,ASO,ES,Towers with Radar,105,40,91,2,238,0,1,75,0,76,105,41,166,2,314,120,2,122,436
04/25/2023,SRQ,FL,ASO,ES,Towers with Radar,83,38,105,2,228,0,7,117,0,124,83,45,222,2,352,139,0,139,491
04/26/2023,SRQ,FL,ASO,ES,Towers with Radar,85,51,106,2,244,0,1,109,0,110,85,52,215,2,354,140,0,140,494
04/27/2023,SRQ,FL,ASO,ES,Towers with Radar,96,46,83,2,227,0,3,159,5,167,96,49,242,7,394,115,0,115,509
04/28/2023,SRQ,FL,ASO,ES,Towers with Radar,106,46,82,3,237,0,0,56,0,56,106,46,138,3,293,43,0,43,336
04/29/2023,SRQ,FL,ASO,ES,Towers with Radar,101,27,63,0,191,0,0,32,0,32,101,27,95,0,223,130,0,130,353
04/30/2023,SRQ,FL,ASO,ES,Towers with Radar,120,63,62,1,246,0,0,4,8,12,120,63,66,9,258,0,0,0,258
05/01/2023,SRQ,FL,ASO,ES,Towers with Radar,105,59,107,0,271,0,1,128,0,129,105,60,235,0,400,91,0,91,491
05/02/2023,SRQ,FL,ASO,ES,Towers with Radar,75,46,112,2,235,0,1,132,2,135,75,47,244,4,370,80,0,80,450
05/03/2023,SRQ,FL,ASO,ES,Towers with Radar,85,54,113,4,256,0,2,150,5,157,85,56,263,9,413,131,0,131,544
05/04/2023,SRQ,FL,ASO,ES,Towers with Radar,107,45,103,0,255,0,2,121,3,126,107,47,224,3,381,182,0,182,563
05/05/2023,SRQ,FL,ASO,ES,Towers with Radar,90,45,119,0,254,0,1,108,1,110,90,46,227,1,364,70,0,70,434
05/06/2023,SRQ,FL,ASO,ES,Towers with Radar,86,25,79,9,199,0,0,93,1,94,86,25,172,10,293,58,16,74,367
05/07/2023,SRQ,FL,ASO,ES,Towers with Radar,104,35,84,4,227,0,0,96,0,96,104,35,180,4,323,104,0,104,427
05/08/2023,SRQ,FL,ASO,ES,Towers with Radar,89,64,82,10,245,0,7,124,4,135,89,71,206,14,380,16,0,16,396
05/09/2023,SRQ,FL,ASO,ES,Towers with Radar,61,55,76,8,200,0,6,140,2,148,61,61,216,10,348,59,22,81,429
05/10/2023,SRQ,FL,ASO,ES,Towers with Radar,68,42,67,2,179,0,0,118,0,118,68,42,185,2,297,79,0,79,376
05/11/2023,SRQ,FL,ASO,ES,Towers with Radar,92,40,99,3,234,0,4,131,4,139,92,44,230,7,373,139,2,141,514
05/12/2023,SRQ,FL,ASO,ES,Towers with Radar,85,46,77,2,210,0,3,131,2,136,85,49,208,4,346,117,0,117,463
05/13/2023,SRQ,FL,ASO,ES,Towers with Radar,85,42,62,0,189,0,0,117,3,120,85,42,179,3,309,51,6,57,366
05/14/2023,SRQ,FL,ASO,ES,Towers with Radar,94,28,62,0,184,0,0,90,1,91,94,28,152,1,275,71,0,71,346
05/15/2023,SRQ,FL,ASO,ES,Towers with Radar,89,70,107,4,270,0,1,114,0,115,89,71,221,4,385,113,0,113,498
05/16/2023,SRQ,FL,ASO,ES,Towers with Radar,63,44,87,1,195,0,3,133,3,139,63,47,220,4,334,109,6,115,449
05/17/2023,SRQ,FL,ASO,ES,Towers with Radar,65,44,100,8,217,0,0,119,9,128,65,44,219,17,345,164,6,170,515
05/18/2023,SRQ,FL,ASO,ES,Towers with Radar,92,43,105,4,244,0,0,123,3,126,92,43,228,7,370,165,0,165,535
05/19/2023,SRQ,FL,ASO,ES,Towers with Radar,77,51,80,3,211,0,1,123,1,125,77,52,203,4,336,109,0,109,445
05/20/2023,SRQ,FL,ASO,ES,Towers with Radar,81,44,59,5,189,0,0,135,0,135,81,44,194,5,324,24,0,24,348
05/21/2023,SRQ,FL,ASO,ES,Towers with Radar,108,34,83,7,232,0,4,72,0,76,108,38,155,7,308,105,0,105,413
05/22/2023,SRQ,FL,ASO,ES,Towers with Radar,79,61,95,5,240,0,0,107,3,110,79,61,202,8,350,104,0,104,454
05/23/2023,SRQ,FL,ASO,ES,Towers with Radar,65,30,95,6,196,0,2,88,4,94,65,32,183,10,290,180,10,190,480
05/24/2023,SRQ,FL,ASO,ES,Towers with Radar,76,54,78,0,208,0,0,75,0,75,76,54,153,0,283,83,0,83,366
05/25/2023,SRQ,FL,ASO,ES,Towers with Radar,87,48,84,0,219,0,2,35,0,37,87,50,119,0,256,120,0,120,376
05/26/2023,SRQ,FL,ASO,ES,Towers with Radar,77,34,78,1,190,0,0,88,1,89,77,34,166,2,279,113,0,113,392
05/27/2023,SRQ,FL,ASO,ES,Towers with Radar,85,37,58,0,180,0,1,130,0,131,85,38,188,0,311,78,0,78,389
05/28/2023,SRQ,FL,ASO,ES,Towers with Radar,99,23,57,1,180,0,0,77,1,78,99,23,134,2,258,119,0,119,377
05/29/2023,SRQ,FL,ASO,ES,Towers with Radar,82,36,75,0,193,0,4,93,0,97,82,40,168,0,290,97,0,97,387
05/30/2023,SRQ,FL,ASO,ES,Towers with Radar,66,33,95,0,194,0,2,129,0,131,66,35,224,0,325,164,0,164,489
05/31/2023,SRQ,FL,ASO,ES,Towers with Radar,71,26,57,0,154,0,0,50,0,50,71,26,107,0,204,134,0,134,338
06/01/2023,SRQ,FL,ASO,ES,Towers with Radar,89,36,96,1,222,0,4,64,0,68,89,40,160,1,290,184,0,184,474
06/02/2023,SRQ,FL,ASO,ES,Towers with Radar,76,32,47,0,155,0,0,70,0,70,76,32,117,0,225,133,0,133,358
06/03/2023,SRQ,FL,ASO,ES,Towers with Radar,82,34,61,0,177,0,0,85,2,87,82,34,146,2,264,96,0,96,360
06/04/2023,SRQ,FL,ASO,ES,Towers with Radar,90,27,59,2,178,0,0,53,0,53,90,27,112,2,231,22,2,24,255
06/05/2023,SRQ,FL,ASO,ES,Towers with Radar,74,38,84,8,204,0,2,84,1,87,74,40,168,9,291,142,4,146,437
06/06/2023,SRQ,FL,ASO,ES,Towers with Radar,51,42,108,6,207,0,0,153,4,157,51,42,261,10,364,96,0,96,460
06/07/2023,SRQ,FL,ASO,ES,Towers with Radar,57,30,79,4,170,0,2,118,0,120,57,32,197,4,290,201,0,201,491
06/08/2023,SRQ,FL,ASO,ES,Towers with Radar,85,40,82,5,212,0,0,126,0,126,85,40,208,5,338,190,0,190,528
06/09/2023,SRQ,FL,ASO,ES,Towers with Radar,71,29,73,22,195,0,5,124,17,146,71,34,197,39,341,126,18,144,485
06/10/2023,SRQ,FL,ASO,ES,Towers with Radar,90,48,72,2,212,0,4,161,0,165,90,52,233,2,377,98,12,110,487
06/11/2023,SRQ,FL,ASO,ES,Towers with Radar,92,42,85,1,220,0,4,105,1,110,92,46,190,2,330,60,0,60,390
06/12/2023,SRQ,FL,ASO,ES,Towers with Radar,73,34,79,3,189,0,3,104,4,111,73,37,183,7,300,195,0,195,495
06/13/2023,SRQ,FL,ASO,ES,Towers with Radar,52,42,80,13,187,0,4,127,5,136,52,46,207,18,323,182,2,184,507
06/14/2023,SRQ,FL,ASO,ES,Towers with Radar,57,45,97,2,201,0,0,96,5,101,57,45,193,7,302,159,0,159,461
06/15/2023,SRQ,FL,ASO,ES,Towers with Radar,73,31,65,0,169,0,4,106,0,110,73,35,171,0,279,129,0,129,408
06/16/2023,SRQ,FL,ASO,ES,Towers with Radar,71,53,79,0,203,0,0,65,0,65,71,53,144,0,268,124,0,124,392
06/17/2023,SRQ,FL,ASO,ES,Towers with Radar,84,21,70,0,175,0,0,57,10,67,84,21,127,10,242,110,0,110,352
06/18/2023,SRQ,FL,ASO,ES,Towers with Radar,88,36,42,0,166,0,0,24,0,24,88,36,66,0,190,26,0,26,216
06/19/2023,SRQ,FL,ASO,ES,Towers with Radar,87,30,85,0,202,0,8,142,0,150,87,38,227,0,352,136,0,136,488
06/20/2023,SRQ,FL,ASO,ES,Towers with Radar,50,32,83,0,165,0,2,71,2,75,50,34,154,2,240,120,0,120,360
06/21/2023,SRQ,FL,ASO,ES,Towers with Radar,65,21,51,1,138,0,4,32,0,36,65,25,83,1,174,96,0,96,270
06/22/2023,SRQ,FL,ASO,ES,Towers with Radar,82,46,88,7,223,0,4,121,4,129,82,50,209,11,352,176,0,176,528
06/23/2023,SRQ,FL,ASO,ES,Towers with Radar,68,31,89,0,188,0,0,113,6,119,68,31,202,6,307,237,4,241,548
06/24/2023,SRQ,FL,ASO,ES,Towers with Radar,83,37,73,0,193,0,4,111,0,115,83,41,184,0,308,162,0,162,470
06/25/2023,SRQ,FL,ASO,ES,Towers with Radar,88,42,81,0,211,0,0,101,0,101,88,42,182,0,312,144,0,144,456
06/26/2023,SRQ,FL,ASO,ES,Towers with Radar,63,37,83,1,184,1,2,109,1,113,64,39,192,2,297,0,0,0,297
06/27/2023,SRQ,FL,ASO,ES,Towers with Radar,47,38,77,0,162,0,6,128,0,134,47,44,205,0,296,164,0,164,460
06/28/2023,SRQ,FL,ASO,ES,Towers with Radar,60,42,72,5,179,1,2,102,1,106,61,44,174,6,285,148,0,148,433
06/29/2023,SRQ,FL,ASO,ES,Towers with Radar,81,19,79,8,187,0,5,88,0,93,81,24,167,8,280,143,0,143,423
06/30/2023,SRQ,FL,ASO,ES,Towers with Radar,72,32,81,4,189,0,4,137,4,145,72,36,218,8,334,161,0,161,495
07/01/2023,SRQ,FL,ASO,ES,Towers with Radar,83,35,83,1,202,0,3,152,4,159,83,38,235,5,361,171,0,171,532
07/02/2023,SRQ,FL,ASO,ES,Towers with Radar,87,13,55,0,155,0,3,118,0,121,87,16,173,0,276,161,0,161,437
07/03/2023,SRQ,FL,ASO,ES,Towers with Radar,65,21,67,7,160,0,0,99,1,100,65,21,166,8,260,245,2,247,507
07/04/2023,SRQ,FL,ASO,ES,Towers with Radar,44,23,39,0,106,0,0,107,0,107,44,23,146,0,213,89,0,89,302
07/05/2023,SRQ,FL,ASO,ES,Towers with Radar,61,17,87,5,170,0,2,76,1,79,61,19,163,6,249,159,0,159,408
07/06/2023,SRQ,FL,ASO,ES,Towers with Radar,81,26,82,0,189,0,0,116,2,118,81,26,198,2,307,133,0,133,440
07/07/2023,SRQ,FL,ASO,ES,Towers with Radar,69,29,77,3,178,0,4,76,3,83,69,33,153,6,261,201,0,201,462
07/08/2023,SRQ,FL,ASO,ES,Towers with Radar,84,19,51,12,166,0,0,107,2,109,84,19,158,14,275,118,0,118,393
07/09/2023,SRQ,FL,ASO,ES,Towers with Radar,87,30,80,2,199,0,0,87,4,91,87,30,167,6,290,123,3,126,416
07/10/2023,SRQ,FL,ASO,ES,Towers with Radar,67,17,61,0,145,0,6,91,1,98,67,23,152,1,243,176,1,177,420
07/11/2023,SRQ,FL,ASO,ES,Towers with Radar,51,16,65,0,132,0,4,117,0,121,51,20,182,0,253,204,0,204,457
07/12/2023,SRQ,FL,ASO,ES,Towers with Radar,64,34,87,0,185,0,2,97,2,101,64,36,184,2,286,127,0,127,413
07/13/2023,SRQ,FL,ASO,ES,Towers with Radar,84,40,88,2,214,0,4,133,0,137,84,44,221,2,351,137,0,137,488
07/14/2023,SRQ,FL,ASO,ES,Towers with Radar,67,19,74,2,162,0,10,131,3,144,67,29,205,5,306,166,0,166,472
07/15/2023,SRQ,FL,ASO,ES,Towers with Radar,88,25,52,0,165,0,1,81,0,82,88,26,133,0,247,158,0,158,405
07/16/2023,SRQ,FL,ASO,ES,Towers with Radar,101,30,59,6,196,0,1,97,0,98,101,31,156,6,294,138,0,138,432
07/17/2023,SRQ,FL,ASO,ES,Towers with Radar,71,31,80,7,189,0,0,91,3,94,71,31,171,10,283,115,0,115,398
07/18/2023,SRQ,FL,ASO,ES,Towers with Radar,51,17,68,2,138,0,0,63,0,63,51,17,131,2,201,170,0,170,371
07/19/2023,SRQ,FL,ASO,ES,Towers with Radar,75,32,65,2,174,0,2,106,2,110,75,34,171,4,284,59,0,59,343
07/20/2023,SRQ,FL,ASO,ES,Towers with Radar,84,17,73,0,174,0,4,128,0,132,84,21,201,0,306,225,0,225,531
07/21/2023,SRQ,FL,ASO,ES,Towers with Radar,69,35,86,0,190,0,0,134,0,134,69,35,220,0,324,164,0,164,488
07/22/2023,SRQ,FL,ASO,ES,Towers with Radar,88,29,79,0,196,0,0,95,0,95,88,29,174,0,291,77,0,77,368
07/23/2023,SRQ,FL,ASO,ES,Towers with Radar,94,32,71,4,201,0,0,75,2,77,94,32,146,6,278,79,0,79,357
07/24/2023,SRQ,FL,ASO,ES,Towers with Radar,75,31,71,0,177,0,0,84,2,86,75,31,155,2,263,169,0,169,432
07/25/2023,SRQ,FL,ASO,ES,Towers with Radar,53,38,54,4,149,0,7,93,2,102,53,45,147,6,251,200,0,200,451
07/26/2023,SRQ,FL,ASO,ES,Towers with Radar,66,25,77,0,168,0,0,116,2,118,66,25,193,2,286,112,0,112,398
07/27/2023,SRQ,FL,ASO,ES,Towers with Radar,85,40,77,2,204,0,2,110,4,116,85,42,187,6,320,217,0,217,537
07/28/2023,SRQ,FL,ASO,ES,Towers with Radar,71,34,71,0,176,0,0,115,0,115,71,34,186,0,291,94,0,94,385
07/29/2023,SRQ,FL,ASO,ES,Towers with Radar,82,25,60,0,167,0,2,102,0,104,82,27,162,0,271,46,0,46,317
07/30/2023,SRQ,FL,ASO,ES,Towers with Radar,93,20,74,0,187,0,2,93,0,95,93,22,167,0,282,114,0,114,396
07/31/2023,SRQ,FL,ASO,ES,Towers with Radar,77,25,42,2,146,0,5,69,2,76,77,30,111,4,222,257,0,257,479
08/01/2023,SRQ,FL,ASO,ES,Towers with Radar,48,32,51,0,131,0,1,101,0,102,48,33,152,0,233,243,0,243,476
08/02/2023,SRQ,FL,ASO,ES,Towers with Radar,66,31,58,1,156,0,2,106,3,111,66,33,164,4,267,224,0,224,491
08/03/2023,SRQ,FL,ASO,ES,Towers with Radar,87,25,72,0,184,0,0,104,3,107,87,25,176,3,291,214,0,214,505
08/04/2023,SRQ,FL,ASO,ES,Towers with Radar,66,44,94,0,204,0,4,108,1,113,66,48,202,1,317,180,0,180,497
08/05/2023,SRQ,FL,ASO,ES,Towers with Radar,81,28,79,2,190,0,2,86,1,89,81,30,165,3,279,214,0,214,493
08/06/2023,SRQ,FL,ASO,ES,Towers with Radar,82,39,36,0,157,0,0,71,0,71,82,39,107,0,228,103,0,103,331
08/07/2023,SRQ,FL,ASO,ES,Towers with Radar,59,30,82,0,171,0,2,131,0,133,59,32,213,0,304,118,0,118,422
08/08/2023,SRQ,FL,ASO,ES,Towers with Radar,55,26,72,2,155,0,2,121,4,127,55,28,193,6,282,233,0,233,515
08/09/2023,SRQ,FL,ASO,ES,Towers with Radar,65,22,48,0,135,0,2,115,6,123,65,24,163,6,258,208,0,208,466
08/10/2023,SRQ,FL,ASO,ES,Towers with Radar,85,28,79,0,192,0,2,123,2,127,85,30,202,2,319,197,0,197,516
08/11/2023,SRQ,FL,ASO,ES,Towers with Radar,62,42,65,0,169,0,5,121,0,126,62,47,186,0,295,0,0,0,295
08/12/2023,SRQ,FL,ASO,ES,Towers with Radar,82,18,56,0,156,0,3,122,0,125,82,21,178,0,281,0,0,0,281
08/13/2023,SRQ,FL,ASO,ES,Towers with Radar,92,28,54,0,174,0,0,69,0,69,92,28,123,0,243,128,0,128,371
08/14/2023,SRQ,FL,ASO,ES,Towers with Radar,60,23,52,0,135,1,3,49,2,55,61,26,101,2,190,82,0,82,272
08/15/2023,SRQ,FL,ASO,ES,Towers with Radar,54,31,88,0,173,0,0,152,4,156,54,31,240,4,329,183,0,183,512
08/16/2023,SRQ,FL,ASO,ES,Towers with Radar,58,42,56,0,156,0,4,93,0,97,58,46,149,0,253,205,0,205,458
08/17/2023,SRQ,FL,ASO,ES,Towers with Radar,80,12,56,0,148,0,0,45,0,45,80,12,101,0,193,150,0,150,343
08/18/2023,SRQ,FL,ASO,ES,Towers with Radar,58,30,53,0,141,0,0,49,0,49,58,30,102,0,190,214,0,214,404
08/19/2023,SRQ,FL,ASO,ES,Towers with Radar,69,23,45,0,137,0,2,126,2,130,69,25,171,2,267,107,0,107,374
08/20/2023,SRQ,FL,ASO,ES,Towers with Radar,78,25,49,0,152,0,0,58,2,60,78,25,107,2,212,120,0,120,332
08/21/2023,SRQ,FL,ASO,ES,Towers with Radar,62,16,69,0,147,0,0,90,0,90,62,16,159,0,237,94,0,94,331
08/22/2023,SRQ,FL,ASO,ES,Towers with Radar,48,21,88,4,161,0,2,109,2,113,48,23,197,6,274,239,0,239,513
08/23/2023,SRQ,FL,ASO,ES,Towers with Radar,58,18,70,2,148,0,5,138,1,144,58,23,208,3,292,128,0,128,420
08/24/2023,SRQ,FL,ASO,ES,Towers with Radar,77,31,61,2,171,0,6,95,0,101,77,37,156,2,272,139,0,139,411
08/25/2023,SRQ,FL,ASO,ES,Towers with Radar,56,30,71,6,163,0,0,132,0,132,56,30,203,6,295,152,0,152,447
08/26/2023,SRQ,FL,ASO,ES,Towers with Radar,69,24,51,0,144,0,0,105,4,109,69,24,156,4,253,208,0,208,461
08/27/2023,SRQ,FL,ASO,ES,Towers with Radar,75,25,43,0,143,0,0,65,4,69,75,25,108,4,212,126,0,126,338
08/28/2023,SRQ,FL,ASO,ES,Towers with Radar,61,26,78,0,165,0,0,55,0,55,61,26,133,0,220,46,0,46,266
08/29/2023,SRQ,FL,ASO,ES,Towers with Radar,36,21,23,0,80,0,0,6,0,6,36,21,29,0,86,26,0,26,112
08/30/2023,SRQ,FL,ASO,ES,Towers with Radar,15,0,14,0,29,0,0,0,0,0,15,0,14,0,29,0,0,0,29
08/31/2023,SRQ,FL,ASO,ES,Towers with Radar,77,15,61,0,153,0,0,38,0,38,77,15,99,0,191,139,0,139,330
