01/01/2000,SSF,TX,ASW,CE,Federal Contract Tower,0,0,0,0,0,0,0,44,0,44,0,0,44,0,44,48,0,48,92
01/02/2000,SSF,TX,ASW,CE,Federal Contract Tower,0,0,2,0,2,0,0,42,0,42,0,0,44,0,44,70,0,70,114
01/03/2000,SSF,TX,ASW,CE,Federal Contract Tower,0,0,1,0,1,0,0,66,0,66,0,0,67,0,67,102,0,102,169
01/04/2000,SSF,TX,ASW,CE,Federal Contract Tower,0,0,15,13,28,0,0,62,7,69,0,0,77,20,97,164,0,164,261
01/05/2000,SSF,TX,ASW,CE,Federal Contract Tower,0,0,18,15,33,0,0,101,1,102,0,0,119,16,135,164,0,164,299
01/06/2000,SSF,TX,ASW,CE,Federal Contract Tower,0,0,20,18,38,0,0,122,0,122,0,0,142,18,160,350,0,350,510
01/07/2000,SSF,TX,ASW,CE,Federal Contract Tower,0,0,13,10,23,0,0,11,0,11,0,0,24,10,34,14,0,14,48
01/08/2000,SSF,TX,ASW,CE,Federal Contract Tower,0,0,11,4,15,0,0,134,0,134,0,0,145,4,149,358,0,358,507
01/09/2000,SSF,TX,ASW,CE,Federal Contract Tower,0,0,9,0,9,0,0,123,0,123,0,0,132,0,132,230,0,230,362
01/10/2000,SSF,TX,ASW,CE,Federal Contract Tower,0,0,9,8,17,0,0,95,4,99,0,0,104,12,116,246,0,246,362
01/11/2000,SSF,TX,ASW,CE,Federal Contract Tower,0,0,19,17,36,0,0,88,11,99,0,0,107,28,135,110,0,110,245
01/12/2000,SSF,TX,ASW,CE,Federal Contract Tower,0,0,27,20,47,0,0,66,0,66,0,0,93,20,113,228,0,228,341
01/13/2000,SSF,TX,ASW,CE,Federal Contract Tower,0,0,19,16,35,0,0,118,8,126,0,0,137,24,161,164,0,164,325
01/14/2000,SSF,TX,ASW,CE,Federal Contract Tower,0,0,22,19,41,0,0,110,9,119,0,0,132,28,160,264,0,264,424
01/15/2000,SSF,TX,ASW,CE,Federal Contract Tower,0,0,4,2,6,0,0,112,0,112,0,0,116,2,118,210,0,210,328
01/16/2000,SSF,TX,ASW,CE,Federal Contract Tower,0,0,8,0,8,0,0,109,0,109,0,0,117,0,117,286,0,286,403
01/17/2000,SSF,TX,ASW,CE,Federal Contract Tower,0,0,2,0,2,0,0,117,0,117,0,0,119,0,119,208,0,208,327
01/18/2000,SSF,TX,ASW,CE,Federal Contract Tower,0,0,17,12,29,0,0,126,14,140,0,0,143,26,169,242,0,242,411
01/19/2000,SSF,TX,ASW,CE,Federal Contract Tower,0,0,16,12,28,0,0,121,4,125,0,0,137,16,153,224,0,224,377
01/20/2000,SSF,TX,ASW,CE,Federal Contract Tower,0,0,12,4,16,0,0,104,0,104,0,0,116,4,120,202,0,202,322
01/21/2000,SSF,TX,ASW,CE,Federal Contract Tower,0,0,16,10,26,0,0,88,0,88,0,0,104,10,114,206,0,206,320
01/22/2000,SSF,TX,ASW,CE,Federal Contract Tower,0,0,10,0,10,0,0,100,0,100,0,0,110,0,110,208,0,208,318
01/23/2000,SSF,TX,ASW,CE,Federal Contract Tower,0,0,7,4,11,0,0,119,0,119,0,0,126,4,130,250,0,250,380
01/24/2000,SSF,TX,ASW,CE,Federal Contract Tower,0,0,10,8,18,0,0,86,8,94,0,0,96,16,112,208,0,208,320
01/25/2000,SSF,TX,ASW,CE,Federal Contract Tower,0,0,12,8,20,0,0,126,10,136,0,0,138,18,156,210,0,210,366
01/26/2000,SSF,TX,ASW,CE,Federal Contract Tower,0,0,21,14,35,0,3,90,0,93,0,3,111,14,128,280,0,280,408
01/27/2000,SSF,TX,ASW,CE,Federal Contract Tower,0,0,17,0,17,0,0,25,0,25,0,0,42,0,42,46,0,46,88
01/28/2000,SSF,TX,ASW,CE,Federal Contract Tower,0,0,19,14,33,0,0,41,6,47,0,0,60,20,80,92,0,92,172
01/29/2000,SSF,TX,ASW,CE,Federal Contract Tower,0,0,5,0,5,0,0,87,0,87,0,0,92,0,92,310,0,310,402
01/30/2000,SSF,TX,ASW,CE,Federal Contract Tower,0,0,6,0,6,0,0,88,0,88,0,0,94,0,94,206,0,206,300
01/31/2000,SSF,TX,ASW,CE,Federal Contract Tower,0,0,15,0,15,0,0,56,0,56,0,0,71,0,71,137,0,137,208
02/01/2000,SSF,TX,ASW,CE,Federal Contract Tower,0,0,10,0,10,0,0,29,0,29,0,0,39,0,39,38,0,38,77
02/02/2000,SSF,TX,ASW,CE,Federal Contract Tower,0,0,13,8,21,0,0,52,0,52,0,0,65,8,73,98,0,98,171
02/03/2000,SSF,TX,ASW,CE,Federal Contract Tower,0,1,18,16,35,0,1,99,8,108,0,2,117,24,143,310,0,310,453
02/04/2000,SSF,TX,ASW,CE,Federal Contract Tower,0,0,12,11,23,0,0,98,3,101,0,0,110,14,124,72,0,72,196
02/05/2000,SSF,TX,ASW,CE,Federal Contract Tower,0,0,6,2,8,0,0,160,0,160,0,0,166,2,168,410,0,410,578
02/06/2000,SSF,TX,ASW,CE,Federal Contract Tower,0,0,8,0,8,0,0,140,0,140,0,0,148,0,148,406,0,406,554
02/07/2000,SSF,TX,ASW,CE,Federal Contract Tower,0,0,14,14,28,0,0,95,2,97,0,0,109,16,125,514,0,514,639
02/08/2000,SSF,TX,ASW,CE,Federal Contract Tower,0,0,10,10,20,0,0,101,8,109,0,0,111,18,129,384,0,384,513
02/09/2000,SSF,TX,ASW,CE,Federal Contract Tower,0,0,17,17,34,0,0,76,7,83,0,0,93,24,117,162,0,162,279
02/10/2000,SSF,TX,ASW,CE,Federal Contract Tower,0,0,21,20,41,0,0,114,6,120,0,0,135,26,161,250,0,250,411
02/11/2000,SSF,TX,ASW,CE,Federal Contract Tower,0,0,13,13,26,0,2,133,1,136,0,2,146,14,162,394,0,394,556
02/12/2000,SSF,TX,ASW,CE,Federal Contract Tower,0,0,14,0,14,0,0,99,0,99,0,0,113,0,113,260,0,260,373
02/13/2000,SSF,TX,ASW,CE,Federal Contract Tower,0,0,3,3,6,0,0,103,1,104,0,0,106,4,110,230,0,230,340
02/14/2000,SSF,TX,ASW,CE,Federal Contract Tower,0,0,11,11,22,0,0,107,3,110,0,0,118,14,132,400,0,400,532
02/15/2000,SSF,TX,ASW,CE,Federal Contract Tower,0,0,16,15,31,0,0,113,5,118,0,0,129,20,149,300,0,300,449
02/16/2000,SSF,TX,ASW,CE,Federal Contract Tower,0,0,24,20,44,0,0,90,0,90,0,0,114,20,134,262,10,272,406
02/17/2000,SSF,TX,ASW,CE,Federal Contract Tower,0,0,18,16,34,0,0,78,8,86,0,0,96,24,120,186,0,186,306
02/18/2000,SSF,TX,ASW,CE,Federal Contract Tower,0,0,13,10,23,0,0,93,0,93,0,0,106,10,116,210,0,210,326
02/19/2000,SSF,TX,ASW,CE,Federal Contract Tower,0,0,7,0,7,0,0,187,0,187,0,0,194,0,194,332,0,332,526
02/20/2000,SSF,TX,ASW,CE,Federal Contract Tower,0,0,6,4,10,0,0,115,0,115,0,0,121,4,125,360,0,360,485
02/21/2000,SSF,TX,ASW,CE,Federal Contract Tower,0,0,9,0,9,0,0,70,0,70,0,0,79,0,79,136,0,136,215
02/22/2000,SSF,TX,ASW,CE,Federal Contract Tower,0,0,25,23,48,0,0,53,1,54,0,0,78,24,102,146,0,146,248
02/23/2000,SSF,TX,ASW,CE,Federal Contract Tower,0,0,27,24,51,0,0,202,7,209,0,0,229,31,260,496,12,508,768
02/24/2000,SSF,TX,ASW,CE,Federal Contract Tower,0,0,20,18,38,0,0,87,4,91,0,0,107,22,129,204,0,204,333
02/25/2000,SSF,TX,ASW,CE,Federal Contract Tower,0,0,13,12,25,0,0,121,0,121,0,0,134,12,146,338,0,338,484
02/26/2000,SSF,TX,ASW,CE,Federal Contract Tower,0,0,5,3,8,0,0,139,3,142,0,0,144,6,150,364,0,364,514
02/27/2000,SSF,TX,ASW,CE,Federal Contract Tower,0,0,8,6,14,0,0,154,0,154,0,0,162,6,168,492,0,492,660
02/28/2000,SSF,TX,ASW,CE,Federal Contract Tower,0,0,7,6,13,0,0,120,4,124,0,0,127,10,137,140,0,140,277
02/29/2000,SSF,TX,ASW,CE,Federal Contract Tower,0,0,19,16,35,0,0,148,4,152,0,0,167,20,187,254,0,254,441
03/01/2000,SSF,TX,ASW,CE,Federal Contract Tower,0,0,18,10,28,0,0,93,0,93,0,0,111,10,121,190,0,190,311
03/02/2000,SSF,TX,ASW,CE,Federal Contract Tower,0,0,23,12,35,0,0,85,4,89,0,0,108,16,124,188,0,188,312
03/03/2000,SSF,TX,ASW,CE,Federal Contract Tower,0,0,22,11,33,0,0,120,1,121,0,0,142,12,154,230,0,230,384
03/04/2000,SSF,TX,ASW,CE,Federal Contract Tower,0,0,9,5,14,0,0,174,3,177,0,0,183,8,191,450,0,450,641
03/05/2000,SSF,TX,ASW,CE,Federal Contract Tower,0,0,21,4,25,0,0,123,0,123,0,0,144,4,148,304,0,304,452
03/06/2000,SSF,TX,ASW,CE,Federal Contract Tower,0,0,20,11,31,0,0,61,3,64,0,0,81,14,95,126,0,126,221
03/07/2000,SSF,TX,ASW,CE,Federal Contract Tower,0,0,17,9,26,0,0,44,3,47,0,0,61,12,73,32,0,32,105
03/08/2000,SSF,TX,ASW,CE,Federal Contract Tower,0,0,17,9,26,0,0,147,1,148,0,0,164,10,174,398,16,414,588
03/09/2000,SSF,TX,ASW,CE,Federal Contract Tower,0,0,26,13,39,0,0,111,13,124,0,0,137,26,163,286,0,286,449
03/10/2000,SSF,TX,ASW,CE,Federal Contract Tower,0,0,26,14,40,0,0,120,0,120,0,0,146,14,160,100,0,100,260
03/11/2000,SSF,TX,ASW,CE,Federal Contract Tower,0,0,5,3,8,0,0,153,3,156,0,0,158,6,164,0,172,172,336
03/12/2000,SSF,TX,ASW,CE,Federal Contract Tower,0,0,7,0,7,0,0,124,0,124,0,0,131,0,131,308,0,308,439
03/13/2000,SSF,TX,ASW,CE,Federal Contract Tower,0,0,21,8,29,0,0,96,0,96,0,0,117,8,125,294,0,294,419
03/14/2000,SSF,TX,ASW,CE,Federal Contract Tower,0,0,14,0,14,0,0,28,0,28,0,0,42,0,42,22,0,22,64
03/15/2000,SSF,TX,ASW,CE,Federal Contract Tower,0,0,16,8,24,0,0,154,4,158,0,0,170,12,182,348,0,348,530
03/16/2000,SSF,TX,ASW,CE,Federal Contract Tower,0,0,20,10,30,0,0,124,6,130,0,0,144,16,160,350,8,358,518
03/17/2000,SSF,TX,ASW,CE,Federal Contract Tower,0,0,25,12,37,0,0,60,0,60,0,0,85,12,97,136,0,136,233
03/18/2000,SSF,TX,ASW,CE,Federal Contract Tower,0,0,17,2,19,0,0,71,0,71,0,0,88,2,90,270,0,270,360
03/19/2000,SSF,TX,ASW,CE,Federal Contract Tower,0,0,5,0,5,0,0,100,0,100,0,0,105,0,105,214,0,214,319
03/20/2000,SSF,TX,ASW,CE,Federal Contract Tower,0,0,19,8,27,0,0,94,16,110,0,0,113,24,137,262,0,262,399
03/21/2000,SSF,TX,ASW,CE,Federal Contract Tower,0,0,27,12,39,0,0,46,4,50,0,0,73,16,89,164,0,164,253
03/22/2000,SSF,TX,ASW,CE,Federal Contract Tower,0,0,25,11,36,0,0,61,3,64,0,0,86,14,100,72,8,80,180
03/23/2000,SSF,TX,ASW,CE,Federal Contract Tower,0,0,39,10,49,0,0,105,0,105,0,0,144,10,154,278,0,278,432
03/24/2000,SSF,TX,ASW,CE,Federal Contract Tower,0,0,26,10,36,0,0,150,0,150,0,0,176,10,186,356,0,356,542
03/25/2000,SSF,TX,ASW,CE,Federal Contract Tower,0,0,29,2,31,0,0,177,0,177,0,0,206,2,208,480,0,480,688
03/26/2000,SSF,TX,ASW,CE,Federal Contract Tower,0,0,17,6,23,0,0,109,0,109,0,0,126,6,132,318,0,318,450
03/27/2000,SSF,TX,ASW,CE,Federal Contract Tower,0,0,25,12,37,0,0,152,4,156,0,0,177,16,193,418,0,418,611
03/28/2000,SSF,TX,ASW,CE,Federal Contract Tower,0,0,27,12,39,0,0,108,8,116,0,0,135,20,155,302,0,302,457
03/29/2000,SSF,TX,ASW,CE,Federal Contract Tower,0,0,29,14,43,0,0,131,12,143,0,0,160,26,186,298,0,298,484
03/30/2000,SSF,TX,ASW,CE,Federal Contract Tower,0,0,13,2,15,0,0,191,0,191,0,0,204,2,206,430,0,430,636
03/31/2000,SSF,TX,ASW,CE,Federal Contract Tower,0,0,19,2,21,0,0,110,0,110,0,0,129,2,131,166,0,166,297
04/01/2000,SSF,TX,ASW,CE,Federal Contract Tower,0,0,8,2,10,0,0,6,0,6,0,0,14,2,16,0,0,0,16
04/02/2000,SSF,TX,ASW,CE,Federal Contract Tower,0,0,3,0,3,0,0,14,0,14,0,0,17,0,17,44,0,44,61
04/03/2000,SSF,TX,ASW,CE,Federal Contract Tower,0,0,6,6,12,0,0,120,2,122,0,0,126,8,134,292,0,292,426
04/04/2000,SSF,TX,ASW,CE,Federal Contract Tower,0,0,12,11,23,0,0,166,7,173,0,0,178,18,196,366,0,366,562
04/05/2000,SSF,TX,ASW,CE,Federal Contract Tower,0,0,19,17,36,0,0,175,5,180,0,0,194,22,216,326,0,326,542
04/06/2000,SSF,TX,ASW,CE,Federal Contract Tower,0,0,20,17,37,0,0,106,3,109,0,0,126,20,146,236,0,236,382
04/07/2000,SSF,TX,ASW,CE,Federal Contract Tower,0,0,15,6,21,0,0,142,0,142,0,0,157,6,163,252,0,252,415
04/08/2000,SSF,TX,ASW,CE,Federal Contract Tower,0,0,4,4,8,0,0,134,0,134,0,0,138,4,142,294,0,294,436
04/09/2000,SSF,TX,ASW,CE,Federal Contract Tower,0,0,4,2,6,0,0,139,0,139,0,0,143,2,145,423,0,423,568
04/10/2000,SSF,TX,ASW,CE,Federal Contract Tower,0,0,26,12,38,0,0,72,0,72,0,0,98,12,110,323,0,323,433
04/11/2000,SSF,TX,ASW,CE,Federal Contract Tower,0,0,28,24,52,0,0,96,2,98,0,0,124,26,150,358,0,358,508
04/12/2000,SSF,TX,ASW,CE,Federal Contract Tower,0,0,20,16,36,0,0,108,0,108,0,0,128,16,144,372,0,372,516
04/13/2000,SSF,TX,ASW,CE,Federal Contract Tower,0,0,16,14,30,0,0,133,2,135,0,0,149,16,165,468,0,468,633
04/14/2000,SSF,TX,ASW,CE,Federal Contract Tower,0,0,9,4,13,0,0,119,0,119,0,0,128,4,132,344,0,344,476
04/15/2000,SSF,TX,ASW,CE,Federal Contract Tower,0,0,16,4,20,0,0,157,0,157,0,0,173,4,177,370,0,370,547
04/16/2000,SSF,TX,ASW,CE,Federal Contract Tower,0,0,4,0,4,0,0,118,0,118,0,0,122,0,122,400,0,400,522
04/17/2000,SSF,TX,ASW,CE,Federal Contract Tower,0,0,26,21,47,0,0,131,5,136,0,0,157,26,183,350,0,350,533
04/18/2000,SSF,TX,ASW,CE,Federal Contract Tower,0,0,38,20,58,0,0,134,0,134,0,0,172,20,192,322,0,322,514
04/19/2000,SSF,TX,ASW,CE,Federal Contract Tower,0,0,25,20,45,0,0,173,4,177,0,0,198,24,222,386,0,386,608
04/20/2000,SSF,TX,ASW,CE,Federal Contract Tower,0,0,8,5,13,0,0,166,3,169,0,0,174,8,182,180,0,180,362
04/21/2000,SSF,TX,ASW,CE,Federal Contract Tower,0,0,18,14,32,0,0,179,10,189,0,0,197,24,221,538,0,538,759
04/22/2000,SSF,TX,ASW,CE,Federal Contract Tower,0,0,2,0,2,0,0,168,0,168,0,0,170,0,170,380,0,380,550
04/23/2000,SSF,TX,ASW,CE,Federal Contract Tower,0,0,2,0,2,0,0,59,2,61,0,0,61,2,63,72,0,72,135
04/24/2000,SSF,TX,ASW,CE,Federal Contract Tower,0,0,15,12,27,0,0,157,10,167,0,0,172,22,194,414,0,414,608
04/25/2000,SSF,TX,ASW,CE,Federal Contract Tower,0,0,28,22,50,0,0,144,26,170,0,0,172,48,220,384,0,384,604
04/26/2000,SSF,TX,ASW,CE,Federal Contract Tower,0,0,28,22,50,0,0,195,8,203,0,0,223,30,253,358,0,358,611
04/27/2000,SSF,TX,ASW,CE,Federal Contract Tower,0,0,22,16,38,0,0,159,0,159,0,0,181,16,197,316,0,316,513
04/28/2000,SSF,TX,ASW,CE,Federal Contract Tower,0,0,10,6,16,0,0,151,0,151,0,0,161,6,167,380,12,392,559
04/29/2000,SSF,TX,ASW,CE,Federal Contract Tower,0,0,19,2,21,0,0,123,0,123,0,0,142,2,144,388,0,388,532
04/30/2000,SSF,TX,ASW,CE,Federal Contract Tower,0,0,24,19,43,0,0,42,3,45,0,0,66,22,88,142,0,142,230
05/01/2000,SSF,TX,ASW,CE,Federal Contract Tower,0,0,11,10,21,0,0,70,4,74,0,0,81,14,95,234,0,234,329
05/02/2000,SSF,TX,ASW,CE,Federal Contract Tower,0,0,10,6,16,0,0,83,0,83,0,0,93,6,99,218,0,218,317
05/03/2000,SSF,TX,ASW,CE,Federal Contract Tower,0,0,19,16,35,0,0,161,0,161,0,0,180,16,196,296,4,300,496
05/04/2000,SSF,TX,ASW,CE,Federal Contract Tower,0,0,32,18,50,0,0,149,0,149,0,0,181,18,199,212,0,212,411
05/05/2000,SSF,TX,ASW,CE,Federal Contract Tower,0,0,16,4,20,0,0,182,0,182,0,0,198,4,202,254,0,254,456
05/06/2000,SSF,TX,ASW,CE,Federal Contract Tower,0,0,15,2,17,0,0,118,0,118,0,0,133,2,135,352,0,352,487
05/07/2000,SSF,TX,ASW,CE,Federal Contract Tower,0,0,13,4,17,0,0,96,0,96,0,0,109,4,113,386,0,386,499
05/08/2000,SSF,TX,ASW,CE,Federal Contract Tower,0,0,19,16,35,0,0,131,8,139,0,0,150,24,174,326,0,326,500
05/09/2000,SSF,TX,ASW,CE,Federal Contract Tower,0,0,26,22,48,0,0,107,0,107,0,0,133,22,155,284,0,284,439
05/10/2000,SSF,TX,ASW,CE,Federal Contract Tower,0,0,19,16,35,0,0,145,2,147,0,0,164,18,182,270,0,270,452
05/11/2000,SSF,TX,ASW,CE,Federal Contract Tower,0,0,20,17,37,0,0,140,3,143,0,0,160,20,180,264,0,264,444
05/12/2000,SSF,TX,ASW,CE,Federal Contract Tower,0,0,23,18,41,0,0,170,0,170,0,0,193,18,211,342,0,342,553
05/13/2000,SSF,TX,ASW,CE,Federal Contract Tower,0,0,11,4,15,0,0,64,0,64,0,0,75,4,79,82,0,82,161
05/14/2000,SSF,TX,ASW,CE,Federal Contract Tower,0,0,8,2,10,0,0,108,0,108,0,0,116,2,118,268,0,268,386
05/15/2000,SSF,TX,ASW,CE,Federal Contract Tower,0,0,11,9,20,0,0,129,1,130,0,0,140,10,150,428,0,428,578
05/16/2000,SSF,TX,ASW,CE,Federal Contract Tower,0,0,12,9,21,0,0,159,9,168,0,0,171,18,189,346,0,346,535
05/17/2000,SSF,TX,ASW,CE,Federal Contract Tower,0,0,28,22,50,0,0,108,10,118,0,0,136,32,168,250,0,250,418
05/18/2000,SSF,TX,ASW,CE,Federal Contract Tower,0,0,35,28,63,0,0,106,12,118,0,0,141,40,181,240,0,240,421
05/19/2000,SSF,TX,ASW,CE,Federal Contract Tower,0,0,16,13,29,0,0,82,5,87,0,0,98,18,116,152,0,152,268
05/20/2000,SSF,TX,ASW,CE,Federal Contract Tower,0,0,23,0,23,0,0,82,0,82,0,0,105,0,105,210,0,210,315
05/21/2000,SSF,TX,ASW,CE,Federal Contract Tower,0,0,4,2,6,0,0,132,0,132,0,0,136,2,138,304,0,304,442
05/22/2000,SSF,TX,ASW,CE,Federal Contract Tower,0,0,22,18,40,0,0,124,20,144,0,0,146,38,184,288,0,288,472
05/23/2000,SSF,TX,ASW,CE,Federal Contract Tower,0,0,25,20,45,0,0,178,14,192,0,0,203,34,237,378,0,378,615
05/24/2000,SSF,TX,ASW,CE,Federal Contract Tower,0,0,29,24,53,0,0,145,12,157,0,0,174,36,210,336,0,336,546
05/25/2000,SSF,TX,ASW,CE,Federal Contract Tower,0,0,20,10,30,0,0,181,0,181,0,0,201,10,211,286,0,286,497
05/26/2000,SSF,TX,ASW,CE,Federal Contract Tower,0,0,13,0,13,0,0,128,0,128,0,0,141,0,141,176,0,176,317
05/27/2000,SSF,TX,ASW,CE,Federal Contract Tower,0,0,5,4,9,0,0,86,0,86,0,0,91,4,95,264,0,264,359
05/28/2000,SSF,TX,ASW,CE,Federal Contract Tower,0,0,2,0,2,0,0,95,0,95,0,0,97,0,97,196,0,196,293
05/29/2000,SSF,TX,ASW,CE,Federal Contract Tower,0,0,12,4,16,0,0,122,0,122,0,0,134,4,138,282,0,282,420
05/30/2000,SSF,TX,ASW,CE,Federal Contract Tower,0,0,16,13,29,0,0,129,7,136,0,0,145,20,165,232,0,232,397
05/31/2000,SSF,TX,ASW,CE,Federal Contract Tower,0,0,23,19,42,0,0,129,15,144,0,0,152,34,186,292,0,292,478
06/01/2000,SSF,TX,ASW,CE,Federal Contract Tower,0,0,15,14,29,0,0,145,0,145,0,0,160,14,174,284,6,290,464
06/02/2000,SSF,TX,ASW,CE,Federal Contract Tower,0,0,16,14,30,0,0,120,0,120,0,0,136,14,150,336,0,336,486
06/03/2000,SSF,TX,ASW,CE,Federal Contract Tower,0,0,7,4,11,0,0,118,0,118,0,0,125,4,129,408,8,416,545
06/04/2000,SSF,TX,ASW,CE,Federal Contract Tower,0,0,3,2,5,0,0,64,0,64,0,0,67,2,69,150,0,150,219
06/05/2000,SSF,TX,ASW,CE,Federal Contract Tower,0,0,24,23,47,0,0,71,1,72,0,0,95,24,119,218,0,218,337
06/06/2000,SSF,TX,ASW,CE,Federal Contract Tower,0,0,18,17,35,0,0,139,9,148,0,0,157,26,183,354,0,354,537
06/07/2000,SSF,TX,ASW,CE,Federal Contract Tower,0,0,13,13,26,0,0,156,5,161,0,0,169,18,187,354,0,354,541
06/08/2000,SSF,TX,ASW,CE,Federal Contract Tower,0,0,15,10,25,0,0,100,0,100,0,0,115,10,125,228,0,228,353
06/09/2000,SSF,TX,ASW,CE,Federal Contract Tower,0,0,9,4,13,0,0,12,0,12,0,0,21,4,25,8,0,8,33
06/10/2000,SSF,TX,ASW,CE,Federal Contract Tower,0,0,5,5,10,0,0,22,9,31,0,0,27,14,41,30,0,30,71
06/11/2000,SSF,TX,ASW,CE,Federal Contract Tower,0,0,5,2,7,0,0,25,0,25,0,0,30,2,32,50,0,50,82
06/12/2000,SSF,TX,ASW,CE,Federal Contract Tower,0,0,8,7,15,0,0,33,0,33,0,0,41,7,48,96,0,96,144
06/13/2000,SSF,TX,ASW,CE,Federal Contract Tower,0,0,22,24,46,0,0,188,4,192,0,0,210,28,238,550,0,550,788
06/14/2000,SSF,TX,ASW,CE,Federal Contract Tower,0,0,29,32,61,0,0,154,2,156,0,0,183,34,217,438,6,444,661
06/15/2000,SSF,TX,ASW,CE,Federal Contract Tower,0,0,17,16,33,0,0,92,0,92,0,0,109,16,125,290,0,290,415
06/16/2000,SSF,TX,ASW,CE,Federal Contract Tower,0,0,10,11,21,0,0,135,7,142,0,0,145,18,163,358,0,358,521
06/17/2000,SSF,TX,ASW,CE,Federal Contract Tower,0,0,7,0,7,0,0,120,0,120,0,0,127,0,127,346,0,346,473
06/18/2000,SSF,TX,ASW,CE,Federal Contract Tower,0,0,4,0,4,0,0,43,0,43,0,0,47,0,47,88,0,88,135
06/19/2000,SSF,TX,ASW,CE,Federal Contract Tower,0,0,14,10,24,0,0,125,0,125,0,0,139,10,149,256,0,256,405
06/20/2000,SSF,TX,ASW,CE,Federal Contract Tower,0,0,23,24,47,0,0,100,4,104,0,0,123,28,151,262,0,262,413
06/21/2000,SSF,TX,ASW,CE,Federal Contract Tower,0,0,24,26,50,0,0,116,14,130,0,0,140,40,180,220,0,220,400
06/22/2000,SSF,TX,ASW,CE,Federal Contract Tower,0,0,15,16,31,0,0,159,0,159,0,0,174,16,190,392,0,392,582
06/23/2000,SSF,TX,ASW,CE,Federal Contract Tower,0,0,13,14,27,0,0,133,4,137,0,0,146,18,164,254,0,254,418
06/24/2000,SSF,TX,ASW,CE,Federal Contract Tower,0,0,5,0,5,0,0,145,0,145,0,0,150,0,150,400,0,400,550
06/25/2000,SSF,TX,ASW,CE,Federal Contract Tower,0,0,3,0,3,0,0,127,0,127,0,0,130,0,130,344,0,344,474
06/26/2000,SSF,TX,ASW,CE,Federal Contract Tower,0,0,18,20,38,0,0,117,4,121,0,0,135,24,159,298,0,298,457
06/27/2000,SSF,TX,ASW,CE,Federal Contract Tower,0,0,15,16,31,0,0,143,8,151,0,0,158,24,182,362,8,370,552
06/28/2000,SSF,TX,ASW,CE,Federal Contract Tower,0,0,19,20,39,0,0,138,6,144,0,0,157,26,183,354,0,354,537
06/29/2000,SSF,TX,ASW,CE,Federal Contract Tower,0,0,16,17,33,0,0,137,3,140,0,0,153,20,173,300,10,310,483
06/30/2000,SSF,TX,ASW,CE,Federal Contract Tower,0,0,12,13,25,0,0,101,5,106,0,0,113,18,131,204,0,204,335
07/01/2000,SSF,TX,ASW,CE,Federal Contract Tower,0,0,3,0,3,0,0,157,0,157,0,0,160,0,160,436,0,436,596
07/02/2000,SSF,TX,ASW,CE,Federal Contract Tower,0,0,4,0,4,0,0,129,0,129,0,0,133,0,133,286,0,286,419
07/03/2000,SSF,TX,ASW,CE,Federal Contract Tower,0,0,4,0,4,0,0,155,0,155,0,0,159,0,159,242,0,242,401
07/04/2000,SSF,TX,ASW,CE,Federal Contract Tower,0,0,3,0,3,0,0,95,0,95,0,0,98,0,98,214,0,214,312
07/05/2000,SSF,TX,ASW,CE,Federal Contract Tower,0,0,15,28,43,0,0,119,2,121,0,0,134,30,164,196,0,196,360
07/06/2000,SSF,TX,ASW,CE,Federal Contract Tower,0,0,17,31,48,0,0,131,1,132,0,0,148,32,180,268,0,268,448
07/07/2000,SSF,TX,ASW,CE,Federal Contract Tower,0,0,10,16,26,0,0,128,0,128,0,0,138,16,154,248,0,248,402
07/08/2000,SSF,TX,ASW,CE,Federal Contract Tower,0,0,4,0,4,0,0,175,0,175,0,0,179,0,179,410,0,410,589
07/09/2000,SSF,TX,ASW,CE,Federal Contract Tower,0,0,3,0,3,0,0,107,0,107,0,0,110,0,110,286,0,286,396
07/10/2000,SSF,TX,ASW,CE,Federal Contract Tower,0,0,13,25,38,0,0,118,5,123,0,0,131,30,161,292,2,294,455
07/11/2000,SSF,TX,ASW,CE,Federal Contract Tower,0,0,11,20,31,0,0,145,2,147,0,0,156,22,178,196,0,196,374
07/12/2000,SSF,TX,ASW,CE,Federal Contract Tower,0,0,16,29,45,0,0,142,1,143,0,0,158,30,188,268,0,268,456
07/13/2000,SSF,TX,ASW,CE,Federal Contract Tower,0,0,9,19,28,0,0,118,3,121,0,0,127,22,149,218,0,218,367
07/14/2000,SSF,TX,ASW,CE,Federal Contract Tower,0,0,9,18,27,0,0,143,0,143,0,0,152,18,170,228,0,228,398
07/15/2000,SSF,TX,ASW,CE,Federal Contract Tower,0,0,3,4,7,0,0,140,0,140,0,0,143,4,147,300,0,300,447
07/16/2000,SSF,TX,ASW,CE,Federal Contract Tower,0,0,4,10,14,0,0,110,2,112,0,0,114,12,126,262,0,262,388
07/17/2000,SSF,TX,ASW,CE,Federal Contract Tower,0,0,10,20,30,0,0,120,6,126,0,0,130,26,156,228,0,228,384
07/18/2000,SSF,TX,ASW,CE,Federal Contract Tower,0,0,7,15,22,0,0,163,7,170,0,0,170,22,192,490,0,490,682
07/19/2000,SSF,TX,ASW,CE,Federal Contract Tower,0,0,10,20,30,0,0,162,4,166,0,0,172,24,196,408,0,408,604
07/20/2000,SSF,TX,ASW,CE,Federal Contract Tower,0,0,12,16,28,0,0,164,0,164,0,0,176,16,192,306,0,306,498
07/21/2000,SSF,TX,ASW,CE,Federal Contract Tower,0,0,10,22,32,0,0,171,2,173,0,0,181,24,205,430,0,430,635
07/22/2000,SSF,TX,ASW,CE,Federal Contract Tower,0,0,4,4,8,0,0,187,0,187,0,0,191,4,195,374,0,374,569
07/23/2000,SSF,TX,ASW,CE,Federal Contract Tower,0,0,3,7,10,0,0,61,3,64,0,0,64,10,74,138,0,138,212
07/24/2000,SSF,TX,ASW,CE,Federal Contract Tower,0,0,10,21,31,0,0,99,3,102,0,0,109,24,133,186,0,186,319
07/25/2000,SSF,TX,ASW,CE,Federal Contract Tower,0,0,11,23,34,0,0,151,3,154,0,0,162,26,188,300,0,300,488
07/26/2000,SSF,TX,ASW,CE,Federal Contract Tower,0,0,6,12,18,0,0,142,8,150,0,0,148,20,168,256,2,258,426
07/27/2000,SSF,TX,ASW,CE,Federal Contract Tower,0,0,11,22,33,0,0,190,0,190,0,0,201,22,223,346,0,346,569
07/28/2000,SSF,TX,ASW,CE,Federal Contract Tower,0,0,8,18,26,0,0,174,0,174,0,0,182,18,200,306,0,306,506
07/29/2000,SSF,TX,ASW,CE,Federal Contract Tower,0,0,4,6,10,0,0,132,0,132,0,0,136,6,142,324,0,324,466
07/30/2000,SSF,TX,ASW,CE,Federal Contract Tower,0,0,1,0,1,0,0,66,0,66,0,0,67,0,67,120,0,120,187
07/31/2000,SSF,TX,ASW,CE,Federal Contract Tower,0,0,8,16,24,0,0,91,2,93,0,0,99,18,117,216,0,216,333
08/01/2000,SSF,TX,ASW,CE,Federal Contract Tower,0,0,5,6,11,0,0,141,0,141,0,0,146,6,152,184,0,184,336
08/02/2000,SSF,TX,ASW,CE,Federal Contract Tower,0,0,15,25,40,0,0,145,9,154,0,0,160,34,194,382,0,382,576
08/03/2000,SSF,TX,ASW,CE,Federal Contract Tower,0,0,10,16,26,0,0,142,2,144,0,0,152,18,170,346,0,346,516
08/04/2000,SSF,TX,ASW,CE,Federal Contract Tower,0,0,14,23,37,0,0,136,5,141,0,0,150,28,178,246,0,246,424
08/05/2000,SSF,TX,ASW,CE,Federal Contract Tower,0,0,3,2,5,0,0,199,0,199,0,0,202,2,204,418,0,418,622
08/06/2000,SSF,TX,ASW,CE,Federal Contract Tower,0,0,0,0,0,0,0,62,0,62,0,0,62,0,62,228,0,228,290
08/07/2000,SSF,TX,ASW,CE,Federal Contract Tower,0,0,11,16,27,0,0,148,0,148,0,0,159,16,175,216,0,216,391
08/08/2000,SSF,TX,ASW,CE,Federal Contract Tower,0,0,13,22,35,0,0,113,4,117,0,0,126,26,152,234,0,234,386
08/09/2000,SSF,TX,ASW,CE,Federal Contract Tower,0,0,16,28,44,0,0,135,0,135,0,0,151,28,179,242,0,242,421
08/10/2000,SSF,TX,ASW,CE,Federal Contract Tower,0,0,8,13,21,0,0,197,3,200,0,0,205,16,221,338,0,338,559
08/11/2000,SSF,TX,ASW,CE,Federal Contract Tower,0,0,3,3,6,0,0,165,7,172,0,0,168,10,178,292,0,292,470
08/12/2000,SSF,TX,ASW,CE,Federal Contract Tower,0,0,3,5,8,0,0,199,1,200,0,0,202,6,208,450,0,450,658
08/13/2000,SSF,TX,ASW,CE,Federal Contract Tower,0,0,1,0,1,0,0,126,0,126,0,0,127,0,127,441,0,441,568
08/14/2000,SSF,TX,ASW,CE,Federal Contract Tower,0,0,12,19,31,0,0,113,4,117,0,0,125,23,148,210,0,210,358
08/15/2000,SSF,TX,ASW,CE,Federal Contract Tower,0,0,19,28,47,0,0,156,0,156,0,0,175,28,203,344,0,344,547
08/16/2000,SSF,TX,ASW,CE,Federal Contract Tower,0,0,14,20,34,0,0,184,0,184,0,0,198,20,218,256,0,256,474
08/17/2000,SSF,TX,ASW,CE,Federal Contract Tower,0,0,13,24,37,0,0,191,0,191,0,0,204,24,228,362,0,362,590
08/18/2000,SSF,TX,ASW,CE,Federal Contract Tower,0,0,9,19,28,0,0,166,5,171,0,0,175,24,199,306,0,306,505
08/19/2000,SSF,TX,ASW,CE,Federal Contract Tower,0,0,2,0,2,0,0,211,0,211,0,0,213,0,213,418,0,418,631
08/20/2000,SSF,TX,ASW,CE,Federal Contract Tower,0,0,8,0,8,0,0,137,0,137,0,0,145,0,145,334,0,334,479
08/21/2000,SSF,TX,ASW,CE,Federal Contract Tower,0,0,16,29,45,0,0,93,1,94,0,0,109,30,139,218,0,218,357
08/22/2000,SSF,TX,ASW,CE,Federal Contract Tower,0,0,7,14,21,0,0,113,0,113,0,0,120,14,134,186,0,186,320
08/23/2000,SSF,TX,ASW,CE,Federal Contract Tower,0,0,8,15,23,0,0,180,7,187,0,0,188,22,210,342,0,342,552
08/24/2000,SSF,TX,ASW,CE,Federal Contract Tower,0,0,16,29,45,0,0,173,1,174,0,0,189,30,219,348,0,348,567
08/25/2000,SSF,TX,ASW,CE,Federal Contract Tower,0,0,4,10,14,0,0,181,10,191,0,0,185,20,205,206,0,206,411
08/26/2000,SSF,TX,ASW,CE,Federal Contract Tower,0,0,4,6,10,0,0,165,0,165,0,0,169,6,175,354,0,354,529
08/27/2000,SSF,TX,ASW,CE,Federal Contract Tower,0,0,1,4,5,0,0,123,0,123,0,0,124,4,128,346,0,346,474
08/28/2000,SSF,TX,ASW,CE,Federal Contract Tower,0,0,12,24,36,0,0,141,6,147,0,0,153,30,183,330,0,330,513
08/29/2000,SSF,TX,ASW,CE,Federal Contract Tower,0,0,14,22,36,0,0,170,0,170,0,0,184,22,206,410,0,410,616
08/30/2000,SSF,TX,ASW,CE,Federal Contract Tower,0,0,14,28,42,0,0,182,4,186,0,0,196,32,228,372,0,372,600
08/31/2000,SSF,TX,ASW,CE,Federal Contract Tower,0,0,11,22,33,0,0,191,8,199,0,0,202,30,232,366,0,366,598
09/01/2000,SSF,TX,ASW,CE,Federal Contract Tower,0,0,7,6,13,0,0,178,2,180,0,0,185,8,193,246,0,246,439
09/02/2000,SSF,TX,ASW,CE,Federal Contract Tower,0,0,12,0,12,0,0,165,0,165,0,0,177,0,177,288,0,288,465
09/03/2000,SSF,TX,ASW,CE,Federal Contract Tower,0,0,8,2,10,0,0,111,0,111,0,0,119,2,121,264,0,264,385
09/04/2000,SSF,TX,ASW,CE,Federal Contract Tower,0,0,8,0,8,0,0,134,0,134,0,0,142,0,142,198,0,198,340
09/05/2000,SSF,TX,ASW,CE,Federal Contract Tower,0,0,13,12,25,0,0,132,10,142,0,0,145,22,167,300,0,300,467
09/06/2000,SSF,TX,ASW,CE,Federal Contract Tower,0,0,17,16,33,0,0,118,14,132,0,0,135,30,165,180,0,180,345
09/07/2000,SSF,TX,ASW,CE,Federal Contract Tower,0,0,26,23,49,0,0,138,17,155,0,0,164,40,204,372,0,372,576
09/08/2000,SSF,TX,ASW,CE,Federal Contract Tower,0,0,28,25,53,0,0,191,14,205,0,0,219,39,258,378,0,378,636
09/09/2000,SSF,TX,ASW,CE,Federal Contract Tower,0,0,17,0,17,0,0,127,0,127,0,0,144,0,144,248,0,248,392
09/10/2000,SSF,TX,ASW,CE,Federal Contract Tower,0,0,12,2,14,0,0,185,0,185,0,0,197,2,199,98,0,98,297
09/11/2000,SSF,TX,ASW,CE,Federal Contract Tower,0,0,21,18,39,0,0,116,2,118,0,0,137,20,157,160,0,160,317
09/12/2000,SSF,TX,ASW,CE,Federal Contract Tower,0,0,37,32,69,0,0,158,4,162,0,0,195,36,231,290,0,290,521
09/13/2000,SSF,TX,ASW,CE,Federal Contract Tower,0,0,17,6,23,0,0,121,0,121,0,0,138,6,144,172,0,172,316
09/14/2000,SSF,TX,ASW,CE,Federal Contract Tower,0,0,28,2,30,0,0,151,0,151,0,0,179,2,181,58,0,58,239
09/15/2000,SSF,TX,ASW,CE,Federal Contract Tower,0,0,22,20,42,0,0,127,24,151,0,0,149,44,193,296,4,300,493
09/16/2000,SSF,TX,ASW,CE,Federal Contract Tower,0,0,4,2,6,0,0,203,0,203,0,0,207,2,209,368,10,378,587
09/17/2000,SSF,TX,ASW,CE,Federal Contract Tower,0,0,4,0,4,0,0,150,0,150,0,0,154,0,154,246,0,246,400
09/18/2000,SSF,TX,ASW,CE,Federal Contract Tower,0,0,14,11,25,0,2,162,9,173,0,2,176,20,198,310,0,310,508
09/19/2000,SSF,TX,ASW,CE,Federal Contract Tower,0,0,10,8,18,0,0,157,8,165,0,0,167,16,183,374,0,374,557
09/20/2000,SSF,TX,ASW,CE,Federal Contract Tower,0,0,27,22,49,0,0,184,12,196,0,0,211,34,245,364,0,364,609
09/21/2000,SSF,TX,ASW,CE,Federal Contract Tower,0,0,20,12,32,0,0,113,0,113,0,0,133,12,145,354,0,354,499
09/22/2000,SSF,TX,ASW,CE,Federal Contract Tower,0,0,13,8,21,0,0,127,0,127,0,0,140,8,148,180,0,180,328
09/23/2000,SSF,TX,ASW,CE,Federal Contract Tower,0,0,19,14,33,0,0,140,0,140,0,0,159,14,173,326,0,326,499
09/24/2000,SSF,TX,ASW,CE,Federal Contract Tower,0,0,9,0,9,0,0,91,0,91,0,0,100,0,100,218,0,218,318
09/25/2000,SSF,TX,ASW,CE,Federal Contract Tower,0,0,10,8,18,0,0,89,6,95,0,0,99,14,113,100,0,100,213
09/26/2000,SSF,TX,ASW,CE,Federal Contract Tower,0,0,10,8,18,0,0,164,2,166,0,0,174,10,184,342,0,342,526
09/27/2000,SSF,TX,ASW,CE,Federal Contract Tower,0,0,17,0,17,0,0,193,0,193,0,0,210,0,210,62,0,62,272
09/28/2000,SSF,TX,ASW,CE,Federal Contract Tower,0,0,6,0,6,0,0,186,0,186,0,0,192,0,192,270,0,270,462
09/29/2000,SSF,TX,ASW,CE,Federal Contract Tower,0,0,9,6,15,0,0,202,0,202,0,0,211,6,217,286,0,286,503
09/30/2000,SSF,TX,ASW,CE,Federal Contract Tower,0,0,6,0,6,0,0,233,0,233,0,0,239,0,239,118,0,118,357
10/01/2000,SSF,TX,ASW,CE,Federal Contract Tower,0,0,15,0,15,0,0,188,0,188,0,0,203,0,203,162,0,162,365
10/02/2000,SSF,TX,ASW,CE,Federal Contract Tower,0,0,13,8,21,0,0,135,6,141,0,0,148,14,162,270,0,270,432
10/03/2000,SSF,TX,ASW,CE,Federal Contract Tower,0,0,27,16,43,0,0,122,4,126,0,0,149,20,169,280,0,280,449
10/04/2000,SSF,TX,ASW,CE,Federal Contract Tower,0,0,33,20,53,0,0,111,10,121,0,0,144,30,174,320,0,320,494
10/05/2000,SSF,TX,ASW,CE,Federal Contract Tower,0,0,44,26,70,0,0,139,6,145,0,0,183,32,215,356,0,356,571
10/06/2000,SSF,TX,ASW,CE,Federal Contract Tower,0,0,17,0,17,0,0,59,0,59,0,0,76,0,76,74,0,74,150
10/07/2000,SSF,TX,ASW,CE,Federal Contract Tower,0,0,17,0,17,0,0,18,0,18,0,0,35,0,35,18,0,18,53
10/08/2000,SSF,TX,ASW,CE,Federal Contract Tower,0,0,5,0,5,0,0,6,0,6,0,0,11,0,11,0,0,0,11
10/09/2000,SSF,TX,ASW,CE,Federal Contract Tower,0,0,5,0,5,0,0,33,0,33,0,0,38,0,38,90,0,90,128
10/10/2000,SSF,TX,ASW,CE,Federal Contract Tower,0,0,30,14,44,0,0,118,0,118,0,0,148,14,162,322,0,322,484
10/11/2000,SSF,TX,ASW,CE,Federal Contract Tower,0,0,37,14,51,0,0,112,0,112,0,0,149,14,163,372,0,372,535
10/12/2000,SSF,TX,ASW,CE,Federal Contract Tower,0,0,40,23,63,0,0,122,11,133,0,0,162,34,196,242,0,242,438
10/13/2000,SSF,TX,ASW,CE,Federal Contract Tower,0,0,23,14,37,0,0,168,4,172,0,0,191,18,209,380,0,380,589
10/14/2000,SSF,TX,ASW,CE,Federal Contract Tower,0,0,6,2,8,0,0,195,0,195,0,0,201,2,203,494,0,494,697
10/15/2000,SSF,TX,ASW,CE,Federal Contract Tower,0,0,6,0,6,0,0,76,0,76,0,0,82,0,82,300,0,300,382
10/16/2000,SSF,TX,ASW,CE,Federal Contract Tower,0,0,16,10,26,0,0,167,0,167,0,0,183,10,193,378,0,378,571
10/17/2000,SSF,TX,ASW,CE,Federal Contract Tower,0,0,21,11,32,0,0,14,5,19,0,0,35,16,51,56,0,56,107
10/18/2000,SSF,TX,ASW,CE,Federal Contract Tower,0,0,30,16,46,0,0,119,14,133,0,0,149,30,179,356,0,356,535
10/19/2000,SSF,TX,ASW,CE,Federal Contract Tower,0,0,24,13,37,0,0,163,7,170,0,0,187,20,207,446,0,446,653
10/20/2000,SSF,TX,ASW,CE,Federal Contract Tower,0,0,13,6,19,0,0,145,6,151,0,0,158,12,170,390,14,404,574
10/21/2000,SSF,TX,ASW,CE,Federal Contract Tower,0,0,16,0,16,0,0,22,0,22,0,0,38,0,38,18,0,18,56
10/22/2000,SSF,TX,ASW,CE,Federal Contract Tower,0,0,17,0,17,0,0,30,0,30,0,0,47,0,47,52,0,52,99
10/23/2000,SSF,TX,ASW,CE,Federal Contract Tower,0,0,8,0,8,0,0,42,0,42,0,0,50,0,50,30,0,30,80
10/24/2000,SSF,TX,ASW,CE,Federal Contract Tower,0,0,12,2,14,0,0,93,0,93,0,0,105,2,107,170,0,170,277
10/25/2000,SSF,TX,ASW,CE,Federal Contract Tower,0,0,29,16,45,0,0,122,6,128,0,0,151,22,173,390,0,390,563
10/26/2000,SSF,TX,ASW,CE,Federal Contract Tower,0,0,34,19,53,0,0,149,5,154,0,0,183,24,207,464,0,464,671
10/27/2000,SSF,TX,ASW,CE,Federal Contract Tower,0,0,20,11,31,0,0,136,5,141,0,0,156,16,172,306,0,306,478
10/28/2000,SSF,TX,ASW,CE,Federal Contract Tower,0,0,16,8,24,0,0,129,0,129,0,0,145,8,153,222,0,222,375
10/29/2000,SSF,TX,ASW,CE,Federal Contract Tower,0,0,6,0,6,0,0,107,0,107,0,0,113,0,113,366,0,366,479
10/30/2000,SSF,TX,ASW,CE,Federal Contract Tower,0,0,25,14,39,0,0,158,4,162,0,0,183,18,201,308,0,308,509
10/31/2000,SSF,TX,ASW,CE,Federal Contract Tower,0,0,32,17,49,0,0,131,7,138,0,0,163,24,187,274,0,274,461
11/01/2000,SSF,TX,ASW,CE,Federal Contract Tower,0,0,20,22,42,0,0,66,0,66,0,0,86,22,108,156,0,156,264
11/02/2000,SSF,TX,ASW,CE,Federal Contract Tower,0,0,23,26,49,0,0,82,0,82,0,0,105,26,131,218,0,218,349
11/03/2000,SSF,TX,ASW,CE,Federal Contract Tower,0,0,5,0,5,0,0,34,0,34,0,0,39,0,39,4,0,4,43
11/04/2000,SSF,TX,ASW,CE,Federal Contract Tower,0,0,6,0,6,0,0,34,0,34,0,0,40,0,40,120,0,120,160
11/05/2000,SSF,TX,ASW,CE,Federal Contract Tower,0,0,2,1,3,0,0,11,1,12,0,0,13,2,15,22,0,22,37
11/06/2000,SSF,TX,ASW,CE,Federal Contract Tower,0,0,16,19,35,0,0,198,11,209,0,0,214,30,244,386,0,386,630
11/07/2000,SSF,TX,ASW,CE,Federal Contract Tower,0,0,11,10,21,0,0,90,0,90,0,0,101,10,111,252,0,252,363
11/08/2000,SSF,TX,ASW,CE,Federal Contract Tower,0,0,20,23,43,0,0,93,3,96,0,0,113,26,139,184,0,184,323
11/09/2000,SSF,TX,ASW,CE,Federal Contract Tower,0,0,15,16,31,0,2,192,17,211,0,2,207,33,242,398,0,398,640
11/10/2000,SSF,TX,ASW,CE,Federal Contract Tower,0,0,7,0,7,0,0,223,0,223,0,0,230,0,230,322,0,322,552
11/11/2000,SSF,TX,ASW,CE,Federal Contract Tower,0,0,15,0,15,0,0,33,0,33,0,0,48,0,48,84,0,84,132
11/12/2000,SSF,TX,ASW,CE,Federal Contract Tower,0,0,6,2,8,0,0,171,0,171,0,0,177,2,179,410,0,410,589
11/13/2000,SSF,TX,ASW,CE,Federal Contract Tower,0,0,11,13,24,0,0,185,5,190,0,0,196,18,214,350,0,350,564
11/14/2000,SSF,TX,ASW,CE,Federal Contract Tower,0,0,16,18,34,0,0,216,12,228,0,0,232,30,262,504,0,504,766
11/15/2000,SSF,TX,ASW,CE,Federal Contract Tower,0,0,26,32,58,0,0,88,0,88,0,0,114,32,146,282,0,282,428
11/16/2000,SSF,TX,ASW,CE,Federal Contract Tower,0,0,29,35,64,0,0,180,3,183,0,0,209,38,247,390,0,390,637
11/17/2000,SSF,TX,ASW,CE,Federal Contract Tower,0,0,6,9,15,0,0,144,11,155,0,0,150,20,170,300,12,312,482
11/18/2000,SSF,TX,ASW,CE,Federal Contract Tower,0,0,3,0,3,0,0,27,0,27,0,0,30,0,30,2,0,2,32
11/19/2000,SSF,TX,ASW,CE,Federal Contract Tower,0,0,13,4,17,0,0,147,0,147,0,0,160,4,164,419,0,419,583
11/20/2000,SSF,TX,ASW,CE,Federal Contract Tower,0,0,12,16,28,0,0,182,6,188,0,0,194,22,216,386,0,386,602
11/21/2000,SSF,TX,ASW,CE,Federal Contract Tower,0,0,16,21,37,0,0,232,13,245,0,0,248,34,282,558,0,558,840
11/22/2000,SSF,TX,ASW,CE,Federal Contract Tower,0,0,31,32,63,0,0,81,0,81,0,0,112,32,144,124,0,124,268
11/23/2000,SSF,TX,ASW,CE,Federal Contract Tower,0,0,2,0,2,0,0,32,0,32,0,0,34,0,34,42,0,42,76
11/24/2000,SSF,TX,ASW,CE,Federal Contract Tower,0,0,7,4,11,0,0,140,0,140,0,0,147,4,151,98,0,98,249
11/25/2000,SSF,TX,ASW,CE,Federal Contract Tower,0,0,3,0,3,0,0,197,0,197,0,0,200,0,200,348,0,348,548
11/26/2000,SSF,TX,ASW,CE,Federal Contract Tower,0,0,3,0,3,0,0,130,0,130,0,0,133,0,133,378,0,378,511
11/27/2000,SSF,TX,ASW,CE,Federal Contract Tower,0,0,19,23,42,0,0,137,13,150,0,0,156,36,192,466,0,466,658
11/28/2000,SSF,TX,ASW,CE,Federal Contract Tower,0,0,27,33,60,0,0,110,19,129,0,0,137,52,189,436,0,436,625
11/29/2000,SSF,TX,ASW,CE,Federal Contract Tower,0,0,14,17,31,0,0,123,5,128,0,0,137,22,159,354,0,354,513
11/30/2000,SSF,TX,ASW,CE,Federal Contract Tower,0,0,10,13,23,0,0,194,1,195,0,0,204,14,218,510,0,510,728
12/01/2000,SSF,TX,ASW,CE,Federal Contract Tower,0,0,12,16,28,0,0,53,0,53,0,0,65,16,81,92,26,118,199
12/02/2000,SSF,TX,ASW,CE,Federal Contract Tower,0,0,3,0,3,0,0,144,0,144,0,0,147,0,147,256,0,256,403
12/03/2000,SSF,TX,ASW,CE,Federal Contract Tower,0,0,2,0,2,0,0,20,0,20,0,0,22,0,22,58,0,58,80
12/04/2000,SSF,TX,ASW,CE,Federal Contract Tower,0,0,19,26,45,0,0,77,10,87,0,0,96,36,132,291,0,291,423
12/05/2000,SSF,TX,ASW,CE,Federal Contract Tower,0,0,30,41,71,0,0,117,5,122,0,0,147,46,193,324,8,332,525
12/06/2000,SSF,TX,ASW,CE,Federal Contract Tower,0,0,21,26,47,0,0,130,0,130,0,0,151,26,177,234,0,234,411
12/07/2000,SSF,TX,ASW,CE,Federal Contract Tower,0,0,9,11,20,0,0,205,5,210,0,0,214,16,230,400,0,400,630
12/08/2000,SSF,TX,ASW,CE,Federal Contract Tower,0,0,11,15,26,0,0,145,11,156,0,0,156,26,182,308,0,308,490
12/09/2000,SSF,TX,ASW,CE,Federal Contract Tower,0,0,7,8,15,0,0,53,0,53,0,0,60,8,68,98,0,98,166
12/10/2000,SSF,TX,ASW,CE,Federal Contract Tower,0,0,7,8,15,0,0,26,0,26,0,0,33,8,41,40,0,40,81
12/11/2000,SSF,TX,ASW,CE,Federal Contract Tower,0,0,14,19,33,0,0,45,1,46,0,0,59,20,79,64,0,64,143
12/12/2000,SSF,TX,ASW,CE,Federal Contract Tower,0,0,2,0,2,0,0,22,0,22,0,0,24,0,24,14,0,14,38
12/13/2000,SSF,TX,ASW,CE,Federal Contract Tower,0,0,12,14,26,0,0,37,0,37,0,0,49,14,63,80,0,80,143
12/14/2000,SSF,TX,ASW,CE,Federal Contract Tower,0,0,17,24,41,0,0,136,4,140,0,0,153,28,181,416,18,434,615
12/15/2000,SSF,TX,ASW,CE,Federal Contract Tower,0,0,5,0,5,0,0,8,0,8,0,0,13,0,13,10,0,10,23
12/16/2000,SSF,TX,ASW,CE,Federal Contract Tower,0,0,1,0,1,0,0,142,0,142,0,0,143,0,143,16,0,16,159
12/17/2000,SSF,TX,ASW,CE,Federal Contract Tower,0,0,4,6,10,0,0,178,2,180,0,0,182,8,190,278,0,278,468
12/18/2000,SSF,TX,ASW,CE,Federal Contract Tower,0,0,10,15,25,0,0,106,9,115,0,0,116,24,140,134,2,136,276
12/19/2000,SSF,TX,ASW,CE,Federal Contract Tower,0,0,14,21,35,0,0,167,9,176,0,0,181,30,211,460,0,460,671
12/20/2000,SSF,TX,ASW,CE,Federal Contract Tower,0,0,6,11,17,0,0,141,5,146,0,0,147,16,163,318,0,318,481
12/21/2000,SSF,TX,ASW,CE,Federal Contract Tower,0,0,2,4,6,0,0,84,0,84,0,0,86,4,90,102,0,102,192
12/22/2000,SSF,TX,ASW,CE,Federal Contract Tower,0,0,5,0,5,0,0,153,0,153,0,0,158,0,158,304,0,304,462
12/23/2000,SSF,TX,ASW,CE,Federal Contract Tower,0,0,1,0,1,0,0,7,0,7,0,0,8,0,8,20,0,20,28
12/24/2000,SSF,TX,ASW,CE,Federal Contract Tower,0,0,3,0,3,0,0,0,0,0,0,0,3,0,3,8,0,8,11
12/25/2000,SSF,TX,ASW,CE,Federal Contract Tower,0,0,2,0,2,0,0,3,0,3,0,0,5,0,5,0,0,0,5
12/26/2000,SSF,TX,ASW,CE,Federal Contract Tower,0,0,2,0,2,0,0,16,0,16,0,0,18,0,18,8,0,8,26
12/27/2000,SSF,TX,ASW,CE,Federal Contract Tower,0,0,9,15,24,0,0,74,7,81,0,0,83,22,105,166,0,166,271
12/28/2000,SSF,TX,ASW,CE,Federal Contract Tower,0,0,9,14,23,0,0,163,0,163,0,0,172,14,186,340,0,340,526
12/29/2000,SSF,TX,ASW,CE,Federal Contract Tower,0,0,2,4,6,0,0,191,0,191,0,0,193,4,197,296,0,296,493
12/30/2000,SSF,TX,ASW,CE,Federal Contract Tower,0,0,1,0,1,0,0,194,0,194,0,0,195,0,195,348,0,348,543
12/31/2000,SSF,TX,ASW,CE,Federal Contract Tower,0,0,1,0,1,0,0,29,0,29,0,0,30,0,30,60,0,60,90
01/01/2001,SSF,TX,ASW,CE,Federal Contract Tower,0,0,2,0,2,0,0,7,0,7,0,0,9,0,9,0,0,0,9
01/02/2001,SSF,TX,ASW,CE,Federal Contract Tower,0,0,7,8,15,0,0,50,0,50,0,0,57,8,65,66,0,66,131
01/03/2001,SSF,TX,ASW,CE,Federal Contract Tower,0,0,12,18,30,0,0,112,8,120,0,0,124,26,150,396,0,396,546
01/04/2001,SSF,TX,ASW,CE,Federal Contract Tower,0,0,12,18,30,0,0,191,8,199,0,0,203,26,229,428,0,428,657
01/05/2001,SSF,TX,ASW,CE,Federal Contract Tower,0,0,12,18,30,0,0,176,10,186,0,0,188,28,216,372,26,398,614
01/06/2001,SSF,TX,ASW,CE,Federal Contract Tower,0,0,3,4,7,0,0,218,0,218,0,0,221,4,225,500,0,500,725
01/07/2001,SSF,TX,ASW,CE,Federal Contract Tower,0,0,4,4,8,0,0,84,0,84,0,0,88,4,92,94,0,94,186
01/08/2001,SSF,TX,ASW,CE,Federal Contract Tower,0,0,19,29,48,0,0,87,17,104,0,0,106,46,152,462,0,462,614
01/09/2001,SSF,TX,ASW,CE,Federal Contract Tower,0,0,23,36,59,0,0,135,18,153,0,0,158,54,212,316,0,316,528
01/10/2001,SSF,TX,ASW,CE,Federal Contract Tower,0,0,5,0,5,0,0,13,0,13,0,0,18,0,18,12,0,12,30
01/11/2001,SSF,TX,ASW,CE,Federal Contract Tower,0,0,15,23,38,0,0,115,3,118,0,0,130,26,156,240,0,240,396
01/12/2001,SSF,TX,ASW,CE,Federal Contract Tower,0,0,4,0,4,0,0,6,0,6,0,0,10,0,10,0,0,0,10
01/13/2001,SSF,TX,ASW,CE,Federal Contract Tower,0,0,9,0,9,0,0,15,0,15,0,0,24,0,24,80,0,80,104
01/14/2001,SSF,TX,ASW,CE,Federal Contract Tower,0,0,3,2,5,0,0,185,0,185,0,0,188,2,190,422,0,422,612
01/15/2001,SSF,TX,ASW,CE,Federal Contract Tower,0,0,4,4,8,0,0,159,0,159,0,0,163,4,167,360,0,360,527
01/16/2001,SSF,TX,ASW,CE,Federal Contract Tower,0,0,8,0,8,0,0,11,0,11,0,0,19,0,19,0,0,0,19
01/17/2001,SSF,TX,ASW,CE,Federal Contract Tower,0,0,11,2,13,0,0,46,0,46,0,0,57,2,59,8,8,16,75
01/18/2001,SSF,TX,ASW,CE,Federal Contract Tower,0,0,18,26,44,0,0,28,0,28,0,0,46,26,72,74,0,74,146
01/19/2001,SSF,TX,ASW,CE,Federal Contract Tower,0,0,11,20,31,0,0,125,2,127,0,0,136,22,158,138,0,138,296
01/20/2001,SSF,TX,ASW,CE,Federal Contract Tower,0,0,6,6,12,0,0,213,0,213,0,0,219,6,225,386,0,386,611
01/21/2001,SSF,TX,ASW,CE,Federal Contract Tower,0,0,2,2,4,0,0,160,0,160,0,0,162,2,164,328,0,328,492
01/22/2001,SSF,TX,ASW,CE,Federal Contract Tower,0,0,26,42,68,0,0,159,16,175,0,0,185,58,243,390,0,390,633
01/23/2001,SSF,TX,ASW,CE,Federal Contract Tower,0,0,20,33,53,0,0,153,11,164,0,0,173,44,217,328,0,328,545
01/24/2001,SSF,TX,ASW,CE,Federal Contract Tower,0,0,27,44,71,0,0,147,10,157,0,0,174,54,228,438,18,456,684
01/25/2001,SSF,TX,ASW,CE,Federal Contract Tower,0,0,19,31,50,0,0,157,1,158,0,0,176,32,208,298,0,298,506
01/26/2001,SSF,TX,ASW,CE,Federal Contract Tower,0,0,16,26,42,0,0,164,2,166,0,0,180,28,208,312,6,318,526
01/27/2001,SSF,TX,ASW,CE,Federal Contract Tower,0,0,5,2,7,0,0,29,0,29,0,0,34,2,36,14,0,14,50
01/28/2001,SSF,TX,ASW,CE,Federal Contract Tower,0,0,5,0,5,0,0,36,0,36,0,0,41,0,41,62,0,62,103
01/29/2001,SSF,TX,ASW,CE,Federal Contract Tower,0,0,6,8,14,0,0,134,0,134,0,0,140,8,148,258,0,258,406
01/30/2001,SSF,TX,ASW,CE,Federal Contract Tower,0,0,8,14,22,0,0,226,2,228,0,0,234,16,250,476,0,476,726
01/31/2001,SSF,TX,ASW,CE,Federal Contract Tower,0,0,22,35,57,0,0,157,9,166,0,0,179,44,223,300,16,316,539
02/01/2001,SSF,TX,ASW,CE,Federal Contract Tower,0,0,39,32,71,0,0,142,14,156,0,0,181,46,227,428,0,428,655
02/02/2001,SSF,TX,ASW,CE,Federal Contract Tower,0,0,25,20,45,0,0,154,20,174,0,0,179,40,219,414,0,414,633
02/03/2001,SSF,TX,ASW,CE,Federal Contract Tower,0,0,6,0,6,0,0,253,0,253,0,0,259,0,259,364,0,364,623
02/04/2001,SSF,TX,ASW,CE,Federal Contract Tower,0,0,6,0,6,0,0,150,0,150,0,0,156,0,156,148,0,148,304
02/05/2001,SSF,TX,ASW,CE,Federal Contract Tower,0,0,13,12,25,0,0,156,11,167,0,0,169,23,192,266,4,270,462
02/06/2001,SSF,TX,ASW,CE,Federal Contract Tower,0,0,14,12,26,0,0,142,6,148,0,0,156,18,174,254,0,254,428
02/07/2001,SSF,TX,ASW,CE,Federal Contract Tower,0,0,35,28,63,0,0,109,8,117,0,0,144,36,180,284,0,284,464
02/08/2001,SSF,TX,ASW,CE,Federal Contract Tower,0,0,28,22,50,0,0,48,0,48,0,0,76,22,98,64,0,64,162
02/09/2001,SSF,TX,ASW,CE,Federal Contract Tower,0,0,14,12,26,0,0,102,10,112,0,0,116,22,138,122,0,122,260
02/10/2001,SSF,TX,ASW,CE,Federal Contract Tower,0,0,3,0,3,0,0,151,0,151,0,0,154,0,154,352,0,352,506
02/11/2001,SSF,TX,ASW,CE,Federal Contract Tower,0,0,12,0,12,0,0,73,0,73,0,0,85,0,85,220,0,220,305
02/12/2001,SSF,TX,ASW,CE,Federal Contract Tower,0,0,8,0,8,0,0,7,0,7,0,0,15,0,15,0,0,0,15
02/13/2001,SSF,TX,ASW,CE,Federal Contract Tower,0,0,15,12,27,0,0,30,0,30,0,0,45,12,57,56,0,56,113
02/14/2001,SSF,TX,ASW,CE,Federal Contract Tower,0,0,21,16,37,0,0,75,8,83,0,0,96,24,120,226,0,226,346
02/15/2001,SSF,TX,ASW,CE,Federal Contract Tower,0,0,21,10,31,0,0,47,0,47,0,0,68,10,78,70,0,70,148
02/16/2001,SSF,TX,ASW,CE,Federal Contract Tower,0,0,23,17,40,0,0,144,11,155,0,0,167,28,195,198,0,198,393
02/17/2001,SSF,TX,ASW,CE,Federal Contract Tower,0,0,8,0,8,0,0,208,0,208,0,0,216,0,216,314,0,314,530
02/18/2001,SSF,TX,ASW,CE,Federal Contract Tower,0,0,3,2,5,0,0,115,2,117,0,0,118,4,122,184,0,184,306
02/19/2001,SSF,TX,ASW,CE,Federal Contract Tower,0,0,7,4,11,0,0,133,0,133,0,0,140,4,144,216,0,216,360
02/20/2001,SSF,TX,ASW,CE,Federal Contract Tower,0,0,13,9,22,0,0,136,3,139,0,0,149,12,161,462,0,462,623
02/21/2001,SSF,TX,ASW,CE,Federal Contract Tower,0,0,33,20,53,0,0,36,0,36,0,0,69,20,89,76,0,76,165
02/22/2001,SSF,TX,ASW,CE,Federal Contract Tower,0,0,41,22,63,0,0,27,0,27,0,0,68,22,90,74,0,74,164
02/23/2001,SSF,TX,ASW,CE,Federal Contract Tower,0,0,6,0,6,0,0,23,0,23,0,0,29,0,29,8,0,8,37
02/24/2001,SSF,TX,ASW,CE,Federal Contract Tower,0,0,8,2,10,0,0,147,0,147,0,0,155,2,157,234,0,234,391
02/25/2001,SSF,TX,ASW,CE,Federal Contract Tower,0,0,12,2,14,0,0,193,0,193,0,0,205,2,207,344,0,344,551
02/26/2001,SSF,TX,ASW,CE,Federal Contract Tower,0,0,30,18,48,0,0,89,0,89,0,0,119,18,137,241,0,241,378
02/27/2001,SSF,TX,ASW,CE,Federal Contract Tower,0,0,14,11,25,0,0,79,3,82,0,0,93,14,107,220,0,220,327
02/28/2001,SSF,TX,ASW,CE,Federal Contract Tower,0,0,14,2,16,0,0,29,0,29,0,0,43,2,45,40,0,40,85
03/01/2001,SSF,TX,ASW,CE,Federal Contract Tower,0,0,20,12,32,0,0,30,0,30,0,0,50,12,62,36,0,36,98
03/02/2001,SSF,TX,ASW,CE,Federal Contract Tower,0,0,25,30,55,0,0,59,2,61,0,0,84,32,116,88,0,88,204
03/03/2001,SSF,TX,ASW,CE,Federal Contract Tower,0,0,16,4,20,0,0,111,0,111,0,0,127,4,131,154,0,154,285
03/04/2001,SSF,TX,ASW,CE,Federal Contract Tower,0,0,5,2,7,0,0,196,0,196,0,0,201,2,203,416,0,416,619
03/05/2001,SSF,TX,ASW,CE,Federal Contract Tower,0,0,14,16,30,0,0,218,10,228,0,0,232,26,258,472,0,472,730
03/06/2001,SSF,TX,ASW,CE,Federal Contract Tower,0,0,23,27,50,0,0,214,5,219,0,0,237,32,269,510,0,510,779
03/07/2001,SSF,TX,ASW,CE,Federal Contract Tower,0,0,30,38,68,0,0,199,22,221,0,0,229,60,289,558,0,558,847
03/08/2001,SSF,TX,ASW,CE,Federal Contract Tower,0,0,21,26,47,0,0,99,6,105,0,0,120,32,152,198,4,202,354
03/09/2001,SSF,TX,ASW,CE,Federal Contract Tower,0,0,15,19,34,0,0,205,9,214,0,0,220,28,248,424,0,424,672
03/10/2001,SSF,TX,ASW,CE,Federal Contract Tower,0,0,8,4,12,0,0,206,0,206,0,0,214,4,218,512,0,512,730
03/11/2001,SSF,TX,ASW,CE,Federal Contract Tower,0,0,6,2,8,0,0,22,0,22,0,0,28,2,30,76,0,76,106
03/12/2001,SSF,TX,ASW,CE,Federal Contract Tower,0,0,23,28,51,0,0,211,14,225,0,0,234,42,276,546,0,546,822
03/13/2001,SSF,TX,ASW,CE,Federal Contract Tower,0,0,18,21,39,0,0,216,9,225,0,0,234,30,264,424,0,424,688
03/14/2001,SSF,TX,ASW,CE,Federal Contract Tower,0,0,12,16,28,0,0,65,2,67,0,0,77,18,95,76,0,76,171
03/15/2001,SSF,TX,ASW,CE,Federal Contract Tower,0,0,13,18,31,0,0,203,8,211,0,0,216,26,242,290,6,296,538
03/16/2001,SSF,TX,ASW,CE,Federal Contract Tower,0,0,12,17,29,0,0,205,11,216,0,0,217,28,245,362,0,362,607
03/17/2001,SSF,TX,ASW,CE,Federal Contract Tower,0,0,1,0,1,0,0,111,0,111,0,0,112,0,112,260,0,260,372
03/18/2001,SSF,TX,ASW,CE,Federal Contract Tower,0,0,2,7,9,0,0,0,8,8,0,0,2,15,17,4,0,4,21
03/19/2001,SSF,TX,ASW,CE,Federal Contract Tower,0,0,11,15,26,0,0,159,1,160,0,0,170,16,186,368,0,368,554
03/20/2001,SSF,TX,ASW,CE,Federal Contract Tower,0,0,18,23,41,0,0,247,7,254,0,0,265,30,295,322,0,322,617
03/21/2001,SSF,TX,ASW,CE,Federal Contract Tower,0,0,22,28,50,0,0,223,12,235,0,0,245,40,285,464,0,464,749
03/22/2001,SSF,TX,ASW,CE,Federal Contract Tower,0,0,15,18,33,0,0,198,0,198,0,0,213,18,231,350,0,350,581
03/23/2001,SSF,TX,ASW,CE,Federal Contract Tower,0,0,20,16,36,0,0,128,0,128,0,0,148,16,164,248,0,248,412
03/24/2001,SSF,TX,ASW,CE,Federal Contract Tower,0,0,8,6,14,0,0,116,0,116,0,0,124,6,130,296,0,296,426
03/25/2001,SSF,TX,ASW,CE,Federal Contract Tower,0,0,6,4,10,0,0,149,0,149,0,0,155,4,159,313,0,313,472
03/26/2001,SSF,TX,ASW,CE,Federal Contract Tower,0,0,16,22,38,0,0,125,8,133,0,0,141,30,171,318,0,318,489
03/27/2001,SSF,TX,ASW,CE,Federal Contract Tower,0,0,11,0,11,0,0,14,0,14,0,0,25,0,25,0,0,0,25
03/28/2001,SSF,TX,ASW,CE,Federal Contract Tower,0,0,15,0,15,0,0,28,0,28,0,0,43,0,43,12,0,12,55
03/29/2001,SSF,TX,ASW,CE,Federal Contract Tower,0,0,25,24,49,0,0,182,0,182,0,0,207,24,231,438,0,438,669
03/30/2001,SSF,TX,ASW,CE,Federal Contract Tower,0,0,18,22,40,0,0,164,0,164,0,0,182,22,204,302,0,302,506
03/31/2001,SSF,TX,ASW,CE,Federal Contract Tower,0,0,13,14,27,0,0,130,0,130,0,0,143,14,157,286,0,286,443
04/01/2001,SSF,TX,ASW,CE,Federal Contract Tower,0,0,8,0,8,0,0,78,2,80,0,0,86,2,88,342,0,342,430
04/02/2001,SSF,TX,ASW,CE,Federal Contract Tower,0,0,31,19,50,0,0,66,1,67,0,0,97,20,117,140,0,140,257
04/03/2001,SSF,TX,ASW,CE,Federal Contract Tower,0,0,50,21,71,0,0,79,1,80,0,0,129,22,151,92,2,94,245
04/04/2001,SSF,TX,ASW,CE,Federal Contract Tower,0,0,28,10,38,0,0,69,0,69,0,0,97,10,107,204,0,204,311
04/05/2001,SSF,TX,ASW,CE,Federal Contract Tower,0,0,23,17,40,0,0,151,9,160,0,0,174,26,200,244,0,244,444
04/06/2001,SSF,TX,ASW,CE,Federal Contract Tower,0,0,25,17,42,0,0,100,1,101,0,0,125,18,143,76,0,76,219
04/07/2001,SSF,TX,ASW,CE,Federal Contract Tower,0,0,19,2,21,0,0,114,0,114,0,0,133,2,135,358,0,358,493
04/08/2001,SSF,TX,ASW,CE,Federal Contract Tower,0,0,9,6,15,0,0,141,0,141,0,0,150,6,156,192,0,192,348
04/09/2001,SSF,TX,ASW,CE,Federal Contract Tower,0,0,20,28,48,0,0,125,0,125,0,0,145,28,173,202,0,202,375
04/10/2001,SSF,TX,ASW,CE,Federal Contract Tower,0,0,28,22,50,0,0,116,0,116,0,0,144,22,166,140,0,140,306
04/11/2001,SSF,TX,ASW,CE,Federal Contract Tower,0,0,11,30,41,0,0,117,2,119,0,0,128,32,160,178,0,178,338
04/12/2001,SSF,TX,ASW,CE,Federal Contract Tower,0,0,42,14,56,0,0,69,2,71,0,0,111,16,127,208,0,208,335
04/13/2001,SSF,TX,ASW,CE,Federal Contract Tower,0,0,31,4,35,0,0,31,0,31,0,0,62,4,66,38,0,38,104
04/14/2001,SSF,TX,ASW,CE,Federal Contract Tower,0,0,12,0,12,0,0,122,0,122,0,0,134,0,134,302,0,302,436
04/15/2001,SSF,TX,ASW,CE,Federal Contract Tower,0,0,2,0,2,0,0,33,0,33,0,0,35,0,35,52,0,52,87
04/16/2001,SSF,TX,ASW,CE,Federal Contract Tower,0,0,10,30,40,0,0,152,0,152,0,0,162,30,192,276,0,276,468
04/17/2001,SSF,TX,ASW,CE,Federal Contract Tower,0,0,18,0,18,0,0,41,0,41,0,0,59,0,59,8,0,8,67
04/18/2001,SSF,TX,ASW,CE,Federal Contract Tower,0,0,11,36,47,0,0,178,0,178,0,0,189,36,225,340,0,340,565
04/19/2001,SSF,TX,ASW,CE,Federal Contract Tower,0,0,24,32,56,0,0,127,4,131,0,0,151,36,187,226,0,226,413
04/20/2001,SSF,TX,ASW,CE,Federal Contract Tower,0,0,15,18,33,0,0,105,4,109,0,0,120,22,142,130,0,130,272
04/21/2001,SSF,TX,ASW,CE,Federal Contract Tower,0,0,19,0,19,0,0,84,0,84,0,0,103,0,103,132,0,132,235
04/22/2001,SSF,TX,ASW,CE,Federal Contract Tower,0,0,18,2,20,0,0,61,0,61,0,0,79,2,81,102,0,102,183
04/23/2001,SSF,TX,ASW,CE,Federal Contract Tower,0,0,11,2,13,0,0,2,0,2,0,0,13,2,15,0,0,0,15
04/24/2001,SSF,TX,ASW,CE,Federal Contract Tower,0,0,11,28,39,0,1,163,0,164,0,1,174,28,203,316,0,316,519
04/25/2001,SSF,TX,ASW,CE,Federal Contract Tower,0,0,10,32,42,0,0,256,0,256,0,0,266,32,298,364,0,364,662
04/26/2001,SSF,TX,ASW,CE,Federal Contract Tower,0,0,18,36,54,0,0,198,4,202,0,0,216,40,256,394,0,394,650
04/27/2001,SSF,TX,ASW,CE,Federal Contract Tower,0,0,14,34,48,0,0,248,0,248,0,0,262,34,296,402,0,402,698
04/28/2001,SSF,TX,ASW,CE,Federal Contract Tower,0,0,11,2,13,0,0,184,0,184,0,0,195,2,197,246,0,246,443
04/29/2001,SSF,TX,ASW,CE,Federal Contract Tower,0,0,8,0,8,0,0,136,0,136,0,0,144,0,144,260,0,260,404
04/30/2001,SSF,TX,ASW,CE,Federal Contract Tower,0,0,13,32,45,0,0,112,0,112,0,0,125,32,157,294,0,294,451
05/01/2001,SSF,TX,ASW,CE,Federal Contract Tower,0,0,17,35,52,0,0,174,1,175,0,0,191,36,227,386,0,386,613
05/02/2001,SSF,TX,ASW,CE,Federal Contract Tower,0,0,32,23,55,0,0,174,1,175,0,0,206,24,230,341,0,341,571
05/03/2001,SSF,TX,ASW,CE,Federal Contract Tower,0,0,19,24,43,0,0,120,0,120,0,0,139,24,163,270,0,270,433
05/04/2001,SSF,TX,ASW,CE,Federal Contract Tower,0,0,12,52,64,0,0,65,0,65,0,0,77,52,129,76,0,76,205
05/05/2001,SSF,TX,ASW,CE,Federal Contract Tower,0,0,7,10,17,0,0,82,0,82,0,0,89,10,99,254,0,254,353
05/06/2001,SSF,TX,ASW,CE,Federal Contract Tower,0,0,8,10,18,0,0,70,4,74,0,0,78,14,92,178,16,194,286
05/07/2001,SSF,TX,ASW,CE,Federal Contract Tower,0,0,17,52,69,0,0,143,2,145,0,0,160,54,214,175,2,177,391
05/08/2001,SSF,TX,ASW,CE,Federal Contract Tower,0,0,17,24,41,0,0,122,0,122,0,0,139,24,163,174,0,174,337
05/09/2001,SSF,TX,ASW,CE,Federal Contract Tower,0,0,25,33,58,0,0,165,11,176,0,0,190,44,234,372,0,372,606
05/10/2001,SSF,TX,ASW,CE,Federal Contract Tower,0,2,21,54,77,0,0,135,1,136,0,2,156,55,213,210,16,226,439
05/11/2001,SSF,TX,ASW,CE,Federal Contract Tower,0,0,17,46,63,0,0,155,6,161,0,0,172,52,224,380,0,380,604
05/12/2001,SSF,TX,ASW,CE,Federal Contract Tower,0,0,1,2,3,0,0,147,0,147,0,0,148,2,150,365,0,365,515
05/13/2001,SSF,TX,ASW,CE,Federal Contract Tower,0,0,4,2,6,0,0,79,0,79,0,0,83,2,85,148,0,148,233
05/14/2001,SSF,TX,ASW,CE,Federal Contract Tower,0,0,16,42,58,0,0,161,0,161,0,0,177,42,219,298,0,298,517
05/15/2001,SSF,TX,ASW,CE,Federal Contract Tower,0,0,8,11,19,0,0,164,1,165,0,0,172,12,184,284,0,284,468
05/16/2001,SSF,TX,ASW,CE,Federal Contract Tower,0,0,9,13,22,0,0,186,1,187,0,0,195,14,209,496,4,500,709
05/17/2001,SSF,TX,ASW,CE,Federal Contract Tower,0,0,14,18,32,0,0,127,0,127,0,0,141,18,159,306,0,306,465
05/18/2001,SSF,TX,ASW,CE,Federal Contract Tower,0,0,19,10,29,0,0,147,0,147,0,0,166,10,176,348,0,348,524
05/19/2001,SSF,TX,ASW,CE,Federal Contract Tower,0,0,23,6,29,0,0,77,0,77,0,0,100,6,106,285,0,285,391
05/20/2001,SSF,TX,ASW,CE,Federal Contract Tower,0,0,12,2,14,0,0,76,1,77,0,0,88,3,91,186,0,186,277
05/21/2001,SSF,TX,ASW,CE,Federal Contract Tower,0,0,14,10,24,0,0,76,2,78,0,0,90,12,102,68,0,68,170
05/22/2001,SSF,TX,ASW,CE,Federal Contract Tower,0,0,15,21,36,0,0,171,7,178,0,0,186,28,214,318,0,318,532
05/23/2001,SSF,TX,ASW,CE,Federal Contract Tower,0,0,18,18,36,0,0,211,0,211,0,0,229,18,247,422,0,422,669
05/24/2001,SSF,TX,ASW,CE,Federal Contract Tower,0,0,12,14,26,0,0,201,0,201,0,0,213,14,227,414,0,414,641
05/25/2001,SSF,TX,ASW,CE,Federal Contract Tower,0,0,13,16,29,0,0,133,0,133,0,0,146,16,162,380,0,380,542
05/26/2001,SSF,TX,ASW,CE,Federal Contract Tower,0,0,15,0,15,0,0,134,2,136,0,0,149,2,151,226,0,226,377
05/27/2001,SSF,TX,ASW,CE,Federal Contract Tower,0,0,15,0,15,0,0,84,0,84,0,0,99,0,99,58,0,58,157
05/28/2001,SSF,TX,ASW,CE,Federal Contract Tower,0,0,28,0,28,0,0,106,0,106,0,0,134,0,134,138,0,138,272
05/29/2001,SSF,TX,ASW,CE,Federal Contract Tower,0,0,22,30,52,0,0,155,6,161,0,0,177,36,213,328,0,328,541
05/30/2001,SSF,TX,ASW,CE,Federal Contract Tower,0,0,14,20,34,0,0,160,2,162,0,0,174,22,196,278,0,278,474
05/31/2001,SSF,TX,ASW,CE,Federal Contract Tower,0,0,10,4,14,0,0,125,0,125,0,0,135,4,139,228,0,228,367
06/01/2001,SSF,TX,ASW,CE,Federal Contract Tower,0,0,14,26,40,0,0,127,0,127,0,0,141,26,167,234,0,234,401
06/02/2001,SSF,TX,ASW,CE,Federal Contract Tower,0,0,9,6,15,0,0,144,0,144,0,0,153,6,159,236,0,236,395
06/03/2001,SSF,TX,ASW,CE,Federal Contract Tower,0,0,11,4,15,0,0,111,0,111,0,0,122,4,126,114,0,114,240
06/04/2001,SSF,TX,ASW,CE,Federal Contract Tower,0,0,10,20,30,0,0,115,0,115,0,0,125,20,145,242,0,242,387
06/05/2001,SSF,TX,ASW,CE,Federal Contract Tower,0,0,13,18,31,0,0,168,0,168,0,0,181,18,199,516,0,516,715
06/06/2001,SSF,TX,ASW,CE,Federal Contract Tower,0,0,7,15,22,0,0,167,3,170,0,0,174,18,192,446,0,446,638
06/07/2001,SSF,TX,ASW,CE,Federal Contract Tower,0,0,8,12,20,0,0,168,0,168,0,0,176,12,188,348,0,348,536
06/08/2001,SSF,TX,ASW,CE,Federal Contract Tower,0,0,12,21,33,0,0,124,3,127,0,0,136,24,160,320,0,320,480
06/09/2001,SSF,TX,ASW,CE,Federal Contract Tower,0,0,13,4,17,0,0,133,0,133,0,0,146,4,150,296,0,296,446
06/10/2001,SSF,TX,ASW,CE,Federal Contract Tower,0,0,7,0,7,0,0,141,0,141,0,0,148,0,148,288,0,288,436
06/11/2001,SSF,TX,ASW,CE,Federal Contract Tower,0,0,12,24,36,0,0,187,6,193,0,0,199,30,229,414,0,414,643
06/12/2001,SSF,TX,ASW,CE,Federal Contract Tower,0,0,11,23,34,0,0,217,1,218,0,0,228,24,252,630,0,630,882
06/13/2001,SSF,TX,ASW,CE,Federal Contract Tower,0,0,17,35,52,0,0,169,5,174,0,0,186,40,226,426,0,426,652
06/14/2001,SSF,TX,ASW,CE,Federal Contract Tower,0,0,13,26,39,0,0,182,0,182,0,0,195,26,221,432,0,432,653
06/15/2001,SSF,TX,ASW,CE,Federal Contract Tower,0,0,9,22,31,0,0,185,0,185,0,0,194,22,216,246,0,246,462
06/16/2001,SSF,TX,ASW,CE,Federal Contract Tower,0,0,10,8,18,0,0,159,0,159,0,0,169,8,177,392,0,392,569
06/17/2001,SSF,TX,ASW,CE,Federal Contract Tower,0,0,8,0,8,0,0,115,0,115,0,0,123,0,123,172,0,172,295
06/18/2001,SSF,TX,ASW,CE,Federal Contract Tower,0,0,6,20,26,0,0,172,0,172,0,0,178,20,198,464,0,464,662
06/19/2001,SSF,TX,ASW,CE,Federal Contract Tower,0,0,7,16,23,0,0,247,0,247,0,0,254,16,270,756,0,756,1026
06/20/2001,SSF,TX,ASW,CE,Federal Contract Tower,0,0,14,26,40,0,0,248,0,248,0,0,262,26,288,580,0,580,868
06/21/2001,SSF,TX,ASW,CE,Federal Contract Tower,0,0,8,42,50,0,0,180,0,180,0,0,188,42,230,400,0,400,630
06/22/2001,SSF,TX,ASW,CE,Federal Contract Tower,0,0,11,26,37,0,0,164,0,164,0,0,175,26,201,462,0,462,663
06/23/2001,SSF,TX,ASW,CE,Federal Contract Tower,0,0,20,0,20,0,0,176,0,176,0,0,196,0,196,446,0,446,642
06/24/2001,SSF,TX,ASW,CE,Federal Contract Tower,0,0,4,1,5,0,0,109,1,110,0,0,113,2,115,296,0,296,411
06/25/2001,SSF,TX,ASW,CE,Federal Contract Tower,0,0,7,34,41,0,0,166,0,166,0,0,173,34,207,372,0,372,579
06/26/2001,SSF,TX,ASW,CE,Federal Contract Tower,0,0,19,30,49,0,0,214,0,214,0,0,233,30,263,442,0,442,705
06/27/2001,SSF,TX,ASW,CE,Federal Contract Tower,0,0,10,21,31,0,0,209,17,226,0,0,219,38,257,382,0,382,639
06/28/2001,SSF,TX,ASW,CE,Federal Contract Tower,0,0,22,34,56,0,0,193,0,193,0,0,215,34,249,496,6,502,751
06/29/2001,SSF,TX,ASW,CE,Federal Contract Tower,0,0,11,24,35,0,0,164,0,164,0,0,175,24,199,504,2,506,705
06/30/2001,SSF,TX,ASW,CE,Federal Contract Tower,0,0,14,8,22,0,0,147,0,147,0,0,161,8,169,464,0,464,633
07/01/2001,SSF,TX,ASW,CE,Federal Contract Tower,0,0,3,2,5,0,0,33,0,33,0,0,36,2,38,126,0,126,164
07/02/2001,SSF,TX,ASW,CE,Federal Contract Tower,0,0,10,20,30,0,0,118,0,118,0,0,128,20,148,300,0,300,448
07/03/2001,SSF,TX,ASW,CE,Federal Contract Tower,0,0,15,27,42,0,0,127,11,138,0,0,142,38,180,414,0,414,594
07/04/2001,SSF,TX,ASW,CE,Federal Contract Tower,0,0,6,0,6,0,0,108,0,108,0,0,114,0,114,166,0,166,280
07/05/2001,SSF,TX,ASW,CE,Federal Contract Tower,0,0,23,0,23,0,0,172,0,172,0,0,195,0,195,436,0,436,631
07/06/2001,SSF,TX,ASW,CE,Federal Contract Tower,0,0,13,19,32,0,0,192,7,199,0,0,205,26,231,378,0,378,609
07/07/2001,SSF,TX,ASW,CE,Federal Contract Tower,0,0,5,2,7,0,0,156,0,156,0,0,161,2,163,280,0,280,443
07/08/2001,SSF,TX,ASW,CE,Federal Contract Tower,0,0,5,2,7,0,0,109,0,109,0,0,114,2,116,216,0,216,332
07/09/2001,SSF,TX,ASW,CE,Federal Contract Tower,0,0,6,32,38,0,0,210,0,210,0,0,216,32,248,542,0,542,790
07/10/2001,SSF,TX,ASW,CE,Federal Contract Tower,0,0,12,21,33,0,0,229,3,232,0,0,241,24,265,550,0,550,815
07/11/2001,SSF,TX,ASW,CE,Federal Contract Tower,0,0,13,22,35,0,0,201,10,211,0,0,214,32,246,546,0,546,792
07/12/2001,SSF,TX,ASW,CE,Federal Contract Tower,0,0,23,34,57,0,0,185,0,185,0,0,208,34,242,526,6,532,774
07/13/2001,SSF,TX,ASW,CE,Federal Contract Tower,0,0,9,36,45,0,0,218,0,218,0,0,227,36,263,336,0,336,599
07/14/2001,SSF,TX,ASW,CE,Federal Contract Tower,0,0,6,0,6,0,0,185,0,185,0,0,191,0,191,562,0,562,753
07/15/2001,SSF,TX,ASW,CE,Federal Contract Tower,0,0,1,4,5,0,0,119,0,119,0,0,120,4,124,200,0,200,324
07/16/2001,SSF,TX,ASW,CE,Federal Contract Tower,0,0,14,2,16,0,0,184,0,184,0,0,198,2,200,328,0,328,528
07/17/2001,SSF,TX,ASW,CE,Federal Contract Tower,0,0,17,30,47,0,0,193,6,199,0,0,210,36,246,548,0,548,794
07/18/2001,SSF,TX,ASW,CE,Federal Contract Tower,0,0,17,36,53,0,0,165,0,165,0,0,182,36,218,446,0,446,664
07/19/2001,SSF,TX,ASW,CE,Federal Contract Tower,0,0,17,40,57,0,0,188,0,188,0,0,205,40,245,386,0,386,631
07/20/2001,SSF,TX,ASW,CE,Federal Contract Tower,0,0,18,22,40,0,0,200,0,200,0,0,218,22,240,448,0,448,688
07/21/2001,SSF,TX,ASW,CE,Federal Contract Tower,0,0,9,2,11,0,0,171,0,171,0,0,180,2,182,360,0,360,542
07/22/2001,SSF,TX,ASW,CE,Federal Contract Tower,0,0,3,3,6,0,0,135,5,140,0,0,138,8,146,152,0,152,298
07/23/2001,SSF,TX,ASW,CE,Federal Contract Tower,0,0,13,32,45,0,0,189,0,189,0,0,202,32,234,440,6,446,680
07/24/2001,SSF,TX,ASW,CE,Federal Contract Tower,0,0,12,18,30,0,0,190,12,202,0,0,202,30,232,530,0,530,762
07/25/2001,SSF,TX,ASW,CE,Federal Contract Tower,0,0,12,26,38,0,0,250,0,250,0,0,262,26,288,668,0,668,956
07/26/2001,SSF,TX,ASW,CE,Federal Contract Tower,0,0,35,26,61,0,0,173,2,175,0,0,208,28,236,574,0,574,810
07/27/2001,SSF,TX,ASW,CE,Federal Contract Tower,0,0,21,28,49,0,0,175,0,175,0,0,196,28,224,438,4,442,666
07/28/2001,SSF,TX,ASW,CE,Federal Contract Tower,0,0,25,2,27,0,0,173,0,173,0,0,198,2,200,358,0,358,558
07/29/2001,SSF,TX,ASW,CE,Federal Contract Tower,0,0,1,4,5,0,0,112,0,112,0,0,113,4,117,178,0,178,295
07/30/2001,SSF,TX,ASW,CE,Federal Contract Tower,0,0,16,40,56,0,0,166,0,166,0,0,182,40,222,312,0,312,534
07/31/2001,SSF,TX,ASW,CE,Federal Contract Tower,0,0,13,20,33,0,0,168,0,168,0,0,181,20,201,366,0,366,567
08/01/2001,SSF,TX,ASW,CE,Federal Contract Tower,0,0,14,22,36,0,0,186,0,186,0,0,200,22,222,480,0,480,702
08/02/2001,SSF,TX,ASW,CE,Federal Contract Tower,0,0,12,30,42,0,0,167,0,167,0,0,179,30,209,414,0,414,623
08/03/2001,SSF,TX,ASW,CE,Federal Contract Tower,0,0,10,8,18,0,0,196,0,196,0,0,206,8,214,340,0,340,554
08/04/2001,SSF,TX,ASW,CE,Federal Contract Tower,0,0,5,1,6,0,0,216,1,217,0,0,221,2,223,482,0,482,705
08/05/2001,SSF,TX,ASW,CE,Federal Contract Tower,0,0,9,0,9,0,0,91,2,93,0,0,100,2,102,230,0,230,332
08/06/2001,SSF,TX,ASW,CE,Federal Contract Tower,0,0,4,22,26,0,0,178,0,178,0,0,182,22,204,268,0,268,472
08/07/2001,SSF,TX,ASW,CE,Federal Contract Tower,0,0,13,10,23,0,0,222,4,226,0,0,235,14,249,644,0,644,893
08/08/2001,SSF,TX,ASW,CE,Federal Contract Tower,0,0,32,28,60,0,0,186,4,190,0,0,218,32,250,464,0,464,714
08/09/2001,SSF,TX,ASW,CE,Federal Contract Tower,0,0,16,18,34,0,0,219,9,228,0,0,235,27,262,302,0,302,564
08/10/2001,SSF,TX,ASW,CE,Federal Contract Tower,0,0,17,16,33,0,0,225,0,225,0,0,242,16,258,424,0,424,682
08/11/2001,SSF,TX,ASW,CE,Federal Contract Tower,0,0,12,0,12,0,0,221,0,221,0,0,233,0,233,402,0,402,635
08/12/2001,SSF,TX,ASW,CE,Federal Contract Tower,0,0,9,2,11,0,0,59,0,59,0,0,68,2,70,164,0,164,234
08/13/2001,SSF,TX,ASW,CE,Federal Contract Tower,0,0,12,16,28,0,0,169,0,169,0,0,181,16,197,386,0,386,583
08/14/2001,SSF,TX,ASW,CE,Federal Contract Tower,0,0,9,18,27,0,0,136,0,136,0,0,145,18,163,390,0,390,553
08/15/2001,SSF,TX,ASW,CE,Federal Contract Tower,0,0,5,14,19,0,0,184,2,186,0,0,189,16,205,424,0,424,629
08/16/2001,SSF,TX,ASW,CE,Federal Contract Tower,0,0,15,30,45,0,0,145,0,145,0,0,160,30,190,224,0,224,414
08/17/2001,SSF,TX,ASW,CE,Federal Contract Tower,0,0,13,14,27,0,0,172,0,172,0,0,185,14,199,332,0,332,531
08/18/2001,SSF,TX,ASW,CE,Federal Contract Tower,0,0,11,0,11,0,0,136,0,136,0,0,147,0,147,288,0,288,435
08/19/2001,SSF,TX,ASW,CE,Federal Contract Tower,0,0,9,0,9,0,0,51,0,51,0,0,60,0,60,64,0,64,124
08/20/2001,SSF,TX,ASW,CE,Federal Contract Tower,0,0,16,20,36,0,0,194,0,194,0,0,210,20,230,328,0,328,558
08/21/2001,SSF,TX,ASW,CE,Federal Contract Tower,0,0,16,12,28,0,0,161,0,161,0,0,177,12,189,418,0,418,607
08/22/2001,SSF,TX,ASW,CE,Federal Contract Tower,0,0,24,28,52,0,0,151,4,155,0,0,175,32,207,424,0,424,631
08/23/2001,SSF,TX,ASW,CE,Federal Contract Tower,0,0,17,30,47,0,0,158,0,158,0,0,175,30,205,310,0,310,515
08/24/2001,SSF,TX,ASW,CE,Federal Contract Tower,0,1,22,24,47,0,0,151,0,151,0,1,173,24,198,256,0,256,454
08/25/2001,SSF,TX,ASW,CE,Federal Contract Tower,0,0,28,0,28,0,0,158,0,158,0,0,186,0,186,304,0,304,490
08/26/2001,SSF,TX,ASW,CE,Federal Contract Tower,0,0,9,0,9,0,0,110,0,110,0,0,119,0,119,304,0,304,423
08/27/2001,SSF,TX,ASW,CE,Federal Contract Tower,0,0,7,36,43,0,0,144,0,144,0,0,151,36,187,454,0,454,641
08/28/2001,SSF,TX,ASW,CE,Federal Contract Tower,0,0,24,16,40,0,0,93,0,93,0,0,117,16,133,210,0,210,343
08/29/2001,SSF,TX,ASW,CE,Federal Contract Tower,0,0,31,0,31,0,0,1,0,1,0,0,32,0,32,26,0,26,58
08/30/2001,SSF,TX,ASW,CE,Federal Contract Tower,0,0,20,0,20,0,0,22,0,22,0,0,42,0,42,0,0,0,42
08/31/2001,SSF,TX,ASW,CE,Federal Contract Tower,0,0,42,20,62,0,0,116,0,116,0,0,158,20,178,172,0,172,350
09/01/2001,SSF,TX,ASW,CE,Federal Contract Tower,0,0,8,0,8,0,0,124,0,124,0,0,132,0,132,288,0,288,420
09/02/2001,SSF,TX,ASW,CE,Federal Contract Tower,0,0,7,0,7,0,0,45,0,45,0,0,52,0,52,48,0,48,100
09/03/2001,SSF,TX,ASW,CE,Federal Contract Tower,0,0,25,0,25,0,0,137,0,137,0,0,162,0,162,330,0,330,492
09/04/2001,SSF,TX,ASW,CE,Federal Contract Tower,0,0,13,23,36,0,0,197,0,197,0,0,210,23,233,510,34,544,777
09/05/2001,SSF,TX,ASW,CE,Federal Contract Tower,0,0,24,6,30,0,0,98,0,98,0,0,122,6,128,262,0,262,390
09/06/2001,SSF,TX,ASW,CE,Federal Contract Tower,0,0,67,32,99,0,0,111,0,111,0,0,178,32,210,388,0,388,598
09/07/2001,SSF,TX,ASW,CE,Federal Contract Tower,0,0,27,19,46,0,0,199,0,199,0,0,226,19,245,448,0,448,693
09/08/2001,SSF,TX,ASW,CE,Federal Contract Tower,0,0,35,8,43,0,0,163,4,167,0,0,198,12,210,378,0,378,588
09/09/2001,SSF,TX,ASW,CE,Federal Contract Tower,0,0,22,4,26,0,0,57,0,57,0,0,79,4,83,192,0,192,275
09/10/2001,SSF,TX,ASW,CE,Federal Contract Tower,0,0,19,32,51,0,0,147,0,147,0,0,166,32,198,356,0,356,554
09/11/2001,SSF,TX,ASW,CE,Federal Contract Tower,0,0,2,4,6,0,0,3,0,3,0,0,5,4,9,0,0,0,9
09/12/2001,SSF,TX,ASW,CE,Federal Contract Tower,0,0,1,0,1,0,0,0,0,0,0,0,1,0,1,0,0,0,1
09/13/2001,SSF,TX,ASW,CE,Federal Contract Tower,0,3,0,4,7,0,0,2,0,2,0,3,2,4,9,0,0,0,9
09/14/2001,SSF,TX,ASW,CE,Federal Contract Tower,0,3,11,12,26,0,5,13,0,18,0,8,24,12,44,0,0,0,44
09/15/2001,SSF,TX,ASW,CE,Federal Contract Tower,0,0,16,2,18,0,0,9,0,9,0,0,25,2,27,0,0,0,27
09/16/2001,SSF,TX,ASW,CE,Federal Contract Tower,0,0,9,14,23,0,0,0,3,3,0,0,9,17,26,0,0,0,26
09/17/2001,SSF,TX,ASW,CE,Federal Contract Tower,0,7,20,22,49,0,0,10,0,10,0,7,30,22,59,0,0,0,59
09/18/2001,SSF,TX,ASW,CE,Federal Contract Tower,0,8,29,26,63,0,0,30,4,34,0,8,59,30,97,2,0,2,99
09/19/2001,SSF,TX,ASW,CE,Federal Contract Tower,0,6,24,22,52,0,1,15,0,16,0,7,39,22,68,42,0,42,110
09/20/2001,SSF,TX,ASW,CE,Federal Contract Tower,0,4,24,14,42,0,0,39,0,39,0,4,63,14,81,64,0,64,145
09/21/2001,SSF,TX,ASW,CE,Federal Contract Tower,0,3,10,16,29,0,0,65,0,65,0,3,75,16,94,36,0,36,130
09/22/2001,SSF,TX,ASW,CE,Federal Contract Tower,0,0,13,4,17,0,0,60,0,60,0,0,73,4,77,156,0,156,233
09/23/2001,SSF,TX,ASW,CE,Federal Contract Tower,0,0,6,6,12,0,0,96,2,98,0,0,102,8,110,198,0,198,308
09/24/2001,SSF,TX,ASW,CE,Federal Contract Tower,0,6,14,14,34,0,2,101,4,107,0,8,115,18,141,166,0,166,307
09/25/2001,SSF,TX,ASW,CE,Federal Contract Tower,0,2,38,18,58,0,1,174,0,175,0,3,212,18,233,378,0,378,611
09/26/2001,SSF,TX,ASW,CE,Federal Contract Tower,0,3,22,10,35,0,3,192,0,195,0,6,214,10,230,354,0,354,584
09/27/2001,SSF,TX,ASW,CE,Federal Contract Tower,0,2,16,0,18,0,0,182,0,182,0,2,198,0,200,352,0,352,552
09/28/2001,SSF,TX,ASW,CE,Federal Contract Tower,0,2,14,0,16,0,1,192,0,193,0,3,206,0,209,476,0,476,685
09/29/2001,SSF,TX,ASW,CE,Federal Contract Tower,0,0,12,0,12,0,0,169,0,169,0,0,181,0,181,326,0,326,507
09/30/2001,SSF,TX,ASW,CE,Federal Contract Tower,0,0,15,1,16,0,0,103,0,103,0,0,118,1,119,112,4,116,235
10/01/2001,SSF,TX,ASW,CE,Federal Contract Tower,0,2,19,30,51,0,2,131,0,133,0,4,150,30,184,388,0,388,572
10/02/2001,SSF,TX,ASW,CE,Federal Contract Tower,0,1,18,20,39,0,4,163,0,167,0,5,181,20,206,348,0,348,554
10/03/2001,SSF,TX,ASW,CE,Federal Contract Tower,0,2,33,26,61,0,0,168,0,168,0,2,201,26,229,562,0,562,791
10/04/2001,SSF,TX,ASW,CE,Federal Contract Tower,0,1,32,26,59,0,0,140,0,140,0,1,172,26,199,390,0,390,589
10/05/2001,SSF,TX,ASW,CE,Federal Contract Tower,0,1,40,12,53,0,0,73,0,73,0,1,113,12,126,302,0,302,428
10/06/2001,SSF,TX,ASW,CE,Federal Contract Tower,0,0,10,0,10,0,0,138,0,138,0,0,148,0,148,234,0,234,382
10/07/2001,SSF,TX,ASW,CE,Federal Contract Tower,0,0,12,0,12,0,0,120,0,120,0,0,132,0,132,206,0,206,338
10/08/2001,SSF,TX,ASW,CE,Federal Contract Tower,0,0,37,0,37,0,0,99,0,99,0,0,136,0,136,326,0,326,462
10/09/2001,SSF,TX,ASW,CE,Federal Contract Tower,0,3,51,16,70,0,1,113,0,114,0,4,164,16,184,274,0,274,458
10/10/2001,SSF,TX,ASW,CE,Federal Contract Tower,0,1,24,28,53,0,1,134,0,135,0,2,158,28,188,380,0,380,568
10/11/2001,SSF,TX,ASW,CE,Federal Contract Tower,0,1,20,28,49,0,0,102,2,104,0,1,122,30,153,258,0,258,411
10/12/2001,SSF,TX,ASW,CE,Federal Contract Tower,0,1,37,2,40,0,0,50,2,52,0,1,87,4,92,88,0,88,180
10/13/2001,SSF,TX,ASW,CE,Federal Contract Tower,0,0,10,2,12,0,0,136,2,138,0,0,146,4,150,206,16,222,372
10/14/2001,SSF,TX,ASW,CE,Federal Contract Tower,0,0,27,0,27,0,0,119,0,119,0,0,146,0,146,146,0,146,292
10/15/2001,SSF,TX,ASW,CE,Federal Contract Tower,0,0,21,12,33,0,1,194,0,195,0,1,215,12,228,404,0,404,632
10/16/2001,SSF,TX,ASW,CE,Federal Contract Tower,0,0,10,32,42,0,3,146,0,149,0,3,156,32,191,314,0,314,505
10/17/2001,SSF,TX,ASW,CE,Federal Contract Tower,0,1,16,44,61,0,0,223,4,227,0,1,239,48,288,524,0,524,812
10/18/2001,SSF,TX,ASW,CE,Federal Contract Tower,0,1,15,60,76,0,0,221,4,225,0,1,236,64,301,552,26,578,879
10/19/2001,SSF,TX,ASW,CE,Federal Contract Tower,0,0,13,28,41,0,0,248,0,248,0,0,261,28,289,504,0,504,793
10/20/2001,SSF,TX,ASW,CE,Federal Contract Tower,0,0,12,0,12,0,0,176,0,176,0,0,188,0,188,376,0,376,564
10/21/2001,SSF,TX,ASW,CE,Federal Contract Tower,0,0,16,4,20,0,0,123,0,123,0,0,139,4,143,338,0,338,481
10/22/2001,SSF,TX,ASW,CE,Federal Contract Tower,0,1,36,28,65,0,0,128,0,128,0,1,164,28,193,256,0,256,449
10/23/2001,SSF,TX,ASW,CE,Federal Contract Tower,0,1,34,42,77,0,2,176,0,178,0,3,210,42,255,512,0,512,767
10/24/2001,SSF,TX,ASW,CE,Federal Contract Tower,0,0,45,32,77,0,3,160,0,163,0,3,205,32,240,466,0,466,706
10/25/2001,SSF,TX,ASW,CE,Federal Contract Tower,0,0,14,36,50,0,0,226,0,226,0,0,240,36,276,550,0,550,826
10/26/2001,SSF,TX,ASW,CE,Federal Contract Tower,0,0,12,24,36,0,0,225,0,225,0,0,237,24,261,460,0,460,721
10/27/2001,SSF,TX,ASW,CE,Federal Contract Tower,0,0,22,10,32,0,0,210,0,210,0,0,232,10,242,380,0,380,622
10/28/2001,SSF,TX,ASW,CE,Federal Contract Tower,0,0,7,2,9,0,0,136,0,136,0,0,143,2,145,240,0,240,385
10/29/2001,SSF,TX,ASW,CE,Federal Contract Tower,0,0,14,20,34,0,2,225,0,227,0,2,239,20,261,502,0,502,763
10/30/2001,SSF,TX,ASW,CE,Federal Contract Tower,0,0,25,26,51,0,1,166,0,167,0,1,191,26,218,436,0,436,654
10/31/2001,SSF,TX,ASW,CE,Federal Contract Tower,0,0,21,28,49,0,0,179,0,179,0,0,200,28,228,406,0,406,634
11/01/2001,SSF,TX,ASW,CE,Federal Contract Tower,0,1,20,24,45,0,1,151,0,152,0,2,171,24,197,334,0,334,531
11/02/2001,SSF,TX,ASW,CE,Federal Contract Tower,0,0,25,22,47,0,0,161,0,161,0,0,186,22,208,350,0,350,558
11/03/2001,SSF,TX,ASW,CE,Federal Contract Tower,0,0,14,0,14,0,0,173,0,173,0,0,187,0,187,448,0,448,635
11/04/2001,SSF,TX,ASW,CE,Federal Contract Tower,0,0,10,4,14,0,0,126,2,128,0,0,136,6,142,188,12,200,342
11/05/2001,SSF,TX,ASW,CE,Federal Contract Tower,0,1,37,32,70,0,1,177,0,178,0,2,214,32,248,326,0,326,574
11/06/2001,SSF,TX,ASW,CE,Federal Contract Tower,0,0,27,26,53,0,2,199,0,201,0,2,226,26,254,396,0,396,650
11/07/2001,SSF,TX,ASW,CE,Federal Contract Tower,0,0,15,38,53,0,2,191,2,195,0,2,206,40,248,440,0,440,688
11/08/2001,SSF,TX,ASW,CE,Federal Contract Tower,0,1,23,30,54,0,0,173,0,173,0,1,196,30,227,330,0,330,557
11/09/2001,SSF,TX,ASW,CE,Federal Contract Tower,0,1,28,30,59,0,0,175,2,177,0,1,203,32,236,322,0,322,558
11/10/2001,SSF,TX,ASW,CE,Federal Contract Tower,0,0,22,0,22,0,0,166,2,168,0,0,188,2,190,470,0,470,660
11/11/2001,SSF,TX,ASW,CE,Federal Contract Tower,0,0,14,0,14,0,0,119,0,119,0,0,133,0,133,302,0,302,435
11/12/2001,SSF,TX,ASW,CE,Federal Contract Tower,0,0,29,0,29,0,0,130,0,130,0,0,159,0,159,352,0,352,511
11/13/2001,SSF,TX,ASW,CE,Federal Contract Tower,0,0,40,28,68,0,2,130,0,132,0,2,170,28,200,384,0,384,584
11/14/2001,SSF,TX,ASW,CE,Federal Contract Tower,0,1,26,0,27,0,0,24,0,24,0,1,50,0,51,58,0,58,109
11/15/2001,SSF,TX,ASW,CE,Federal Contract Tower,0,1,10,0,11,0,0,29,0,29,0,1,39,0,40,0,0,0,40
11/16/2001,SSF,TX,ASW,CE,Federal Contract Tower,0,0,15,2,17,0,0,59,0,59,0,0,74,2,76,78,0,78,154
11/17/2001,SSF,TX,ASW,CE,Federal Contract Tower,0,0,28,6,34,0,0,30,2,32,0,0,58,8,66,32,0,32,98
11/18/2001,SSF,TX,ASW,CE,Federal Contract Tower,0,0,19,0,19,0,0,88,0,88,0,0,107,0,107,178,0,178,285
11/19/2001,SSF,TX,ASW,CE,Federal Contract Tower,0,3,30,0,33,0,0,23,0,23,0,3,53,0,56,18,0,18,74
11/20/2001,SSF,TX,ASW,CE,Federal Contract Tower,0,1,25,22,48,0,2,221,0,223,0,3,246,22,271,502,0,502,773
11/21/2001,SSF,TX,ASW,CE,Federal Contract Tower,0,1,26,30,57,0,0,210,0,210,0,1,236,30,267,366,6,372,639
11/22/2001,SSF,TX,ASW,CE,Federal Contract Tower,0,0,0,0,0,0,0,0,78,78,0,0,0,78,78,62,0,62,140
11/23/2001,SSF,TX,ASW,CE,Federal Contract Tower,0,0,30,0,30,0,0,150,2,152,0,0,180,2,182,158,0,158,340
11/24/2001,SSF,TX,ASW,CE,Federal Contract Tower,0,0,20,0,20,0,0,175,0,175,0,0,195,0,195,312,0,312,507
11/25/2001,SSF,TX,ASW,CE,Federal Contract Tower,0,0,6,0,6,0,0,140,0,140,0,0,146,0,146,248,0,248,394
11/26/2001,SSF,TX,ASW,CE,Federal Contract Tower,0,0,27,30,57,0,3,143,0,146,0,3,170,30,203,280,0,280,483
11/27/2001,SSF,TX,ASW,CE,Federal Contract Tower,0,3,27,14,44,0,0,87,0,87,0,3,114,14,131,172,0,172,303
11/28/2001,SSF,TX,ASW,CE,Federal Contract Tower,0,1,18,0,19,0,0,22,0,22,0,1,40,0,41,46,0,46,87
11/29/2001,SSF,TX,ASW,CE,Federal Contract Tower,0,0,29,38,67,0,2,203,0,205,0,2,232,38,272,416,0,416,688
11/30/2001,SSF,TX,ASW,CE,Federal Contract Tower,0,0,20,32,52,0,0,225,2,227,0,0,245,34,279,374,0,374,653
12/01/2001,SSF,TX,ASW,CE,Federal Contract Tower,0,0,50,5,55,0,0,96,5,101,0,0,146,10,156,250,0,250,406
12/02/2001,SSF,TX,ASW,CE,Federal Contract Tower,0,0,15,0,15,0,0,2,0,2,0,0,17,0,17,0,0,0,17
12/03/2001,SSF,TX,ASW,CE,Federal Contract Tower,0,2,8,3,13,0,0,7,1,8,0,2,15,4,21,0,0,0,21
12/04/2001,SSF,TX,ASW,CE,Federal Contract Tower,0,1,36,26,63,0,0,109,0,109,0,1,145,26,172,384,0,384,556
12/05/2001,SSF,TX,ASW,CE,Federal Contract Tower,0,1,35,25,61,0,1,157,1,159,0,2,192,26,220,470,10,480,700
12/06/2001,SSF,TX,ASW,CE,Federal Contract Tower,0,0,38,25,63,0,1,166,1,168,0,1,204,26,231,338,0,338,569
12/07/2001,SSF,TX,ASW,CE,Federal Contract Tower,0,0,57,11,68,0,1,119,3,123,0,1,176,14,191,204,0,204,395
12/08/2001,SSF,TX,ASW,CE,Federal Contract Tower,0,0,25,0,25,0,0,80,0,80,0,0,105,0,105,156,0,156,261
12/09/2001,SSF,TX,ASW,CE,Federal Contract Tower,0,0,12,1,13,0,0,158,1,159,0,0,170,2,172,250,0,250,422
12/10/2001,SSF,TX,ASW,CE,Federal Contract Tower,0,0,21,24,45,0,0,249,0,249,0,0,270,24,294,468,0,468,762
12/11/2001,SSF,TX,ASW,CE,Federal Contract Tower,0,0,13,0,13,0,4,3,0,7,0,4,16,0,20,0,0,0,20
12/12/2001,SSF,TX,ASW,CE,Federal Contract Tower,0,0,54,26,80,0,0,76,0,76,0,0,130,26,156,252,0,252,408
12/13/2001,SSF,TX,ASW,CE,Federal Contract Tower,0,1,34,24,59,0,0,165,0,165,0,1,199,24,224,230,0,230,454
12/14/2001,SSF,TX,ASW,CE,Federal Contract Tower,0,0,26,36,62,0,0,251,2,253,0,0,277,38,315,472,0,472,787
12/15/2001,SSF,TX,ASW,CE,Federal Contract Tower,0,0,13,0,13,0,0,17,0,17,0,0,30,0,30,8,0,8,38
12/16/2001,SSF,TX,ASW,CE,Federal Contract Tower,0,0,24,4,28,0,0,26,0,26,0,0,50,4,54,58,0,58,112
12/17/2001,SSF,TX,ASW,CE,Federal Contract Tower,0,0,20,22,42,0,0,223,0,223,0,0,243,22,265,444,0,444,709
12/18/2001,SSF,TX,ASW,CE,Federal Contract Tower,0,0,23,22,45,0,2,266,0,268,0,2,289,22,313,562,0,562,875
12/19/2001,SSF,TX,ASW,CE,Federal Contract Tower,0,0,20,50,70,0,2,197,0,199,0,2,217,50,269,296,0,296,565
12/20/2001,SSF,TX,ASW,CE,Federal Contract Tower,0,4,11,42,57,0,0,202,0,202,0,4,213,42,259,376,0,376,635
12/21/2001,SSF,TX,ASW,CE,Federal Contract Tower,0,5,29,28,62,0,0,168,0,168,0,5,197,28,230,296,0,296,526
12/22/2001,SSF,TX,ASW,CE,Federal Contract Tower,0,0,19,0,19,0,0,126,0,126,0,0,145,0,145,274,0,274,419
12/23/2001,SSF,TX,ASW,CE,Federal Contract Tower,0,0,13,0,13,0,0,103,0,103,0,0,116,0,116,204,0,204,320
12/24/2001,SSF,TX,ASW,CE,Federal Contract Tower,0,0,10,0,10,0,0,97,0,97,0,0,107,0,107,166,0,166,273
12/25/2001,SSF,TX,ASW,CE,Federal Contract Tower,0,0,0,0,0,0,0,31,0,31,0,0,31,0,31,0,0,0,31
12/26/2001,SSF,TX,ASW,CE,Federal Contract Tower,0,0,6,0,6,0,2,159,0,161,0,2,165,0,167,420,0,420,587
12/27/2001,SSF,TX,ASW,CE,Federal Contract Tower,0,0,11,4,15,0,1,178,0,179,0,1,189,4,194,190,0,190,384
12/28/2001,SSF,TX,ASW,CE,Federal Contract Tower,0,0,17,12,29,0,1,201,0,202,0,1,218,12,231,374,10,384,615
12/29/2001,SSF,TX,ASW,CE,Federal Contract Tower,0,0,12,0,12,0,0,138,0,138,0,0,150,0,150,216,0,216,366
12/30/2001,SSF,TX,ASW,CE,Federal Contract Tower,0,0,10,0,10,0,0,116,0,116,0,0,126,0,126,214,0,214,340
12/31/2001,SSF,TX,ASW,CE,Federal Contract Tower,0,3,12,0,15,0,0,146,0,146,0,3,158,0,161,172,0,172,333
01/01/2002,SSF,TX,ASW,CE,Federal Contract Tower,0,0,0,0,0,0,0,22,0,22,0,0,22,0,22,70,0,70,92
01/02/2002,SSF,TX,ASW,CE,Federal Contract Tower,0,1,6,6,13,0,3,114,0,117,0,4,120,6,130,206,0,206,336
01/03/2002,SSF,TX,ASW,CE,Federal Contract Tower,0,0,13,15,28,0,1,165,1,167,0,1,178,16,195,388,0,388,583
01/04/2002,SSF,TX,ASW,CE,Federal Contract Tower,0,3,32,29,64,0,0,98,1,99,0,3,130,30,163,298,0,298,461
01/05/2002,SSF,TX,ASW,CE,Federal Contract Tower,0,0,15,1,16,0,0,71,1,72,0,0,86,2,88,196,0,196,284
01/06/2002,SSF,TX,ASW,CE,Federal Contract Tower,0,0,13,0,13,0,0,159,2,161,0,0,172,2,174,302,0,302,476
01/07/2002,SSF,TX,ASW,CE,Federal Contract Tower,0,0,8,29,37,0,0,159,1,160,0,0,167,30,197,342,0,342,539
01/08/2002,SSF,TX,ASW,CE,Federal Contract Tower,0,0,16,37,53,0,3,191,1,195,0,3,207,38,248,392,0,392,640
01/09/2002,SSF,TX,ASW,CE,Federal Contract Tower,0,0,20,35,55,0,3,162,1,166,0,3,182,36,221,252,0,252,473
01/10/2002,SSF,TX,ASW,CE,Federal Contract Tower,0,0,33,61,94,0,0,142,1,143,0,0,175,62,237,372,0,372,609
01/11/2002,SSF,TX,ASW,CE,Federal Contract Tower,0,1,23,24,48,0,0,115,0,115,0,1,138,24,163,178,0,178,341
01/12/2002,SSF,TX,ASW,CE,Federal Contract Tower,0,0,8,10,18,0,0,210,2,212,0,0,218,12,230,338,0,338,568
01/13/2002,SSF,TX,ASW,CE,Federal Contract Tower,0,0,14,0,14,0,0,141,0,141,0,0,155,0,155,268,0,268,423
01/14/2002,SSF,TX,ASW,CE,Federal Contract Tower,0,0,7,46,53,0,0,170,0,170,0,0,177,46,223,156,0,156,379
01/15/2002,SSF,TX,ASW,CE,Federal Contract Tower,0,0,14,50,64,0,0,206,0,206,0,0,220,50,270,518,0,518,788
01/16/2002,SSF,TX,ASW,CE,Federal Contract Tower,0,2,28,36,66,0,0,177,0,177,0,2,205,36,243,562,0,562,805
01/17/2002,SSF,TX,ASW,CE,Federal Contract Tower,0,0,48,50,98,0,0,129,2,131,0,0,177,52,229,336,0,336,565
01/18/2002,SSF,TX,ASW,CE,Federal Contract Tower,0,1,51,33,85,0,0,64,0,64,0,1,115,33,149,252,0,252,401
01/19/2002,SSF,TX,ASW,CE,Federal Contract Tower,0,0,9,0,9,0,0,137,0,137,0,0,146,0,146,240,0,240,386
01/20/2002,SSF,TX,ASW,CE,Federal Contract Tower,0,0,18,0,18,0,0,118,0,118,0,0,136,0,136,288,0,288,424
01/21/2002,SSF,TX,ASW,CE,Federal Contract Tower,0,0,10,2,12,0,0,221,0,221,0,0,231,2,233,420,0,420,653
01/22/2002,SSF,TX,ASW,CE,Federal Contract Tower,0,1,17,14,32,0,0,52,0,52,0,1,69,14,84,116,0,116,200
01/23/2002,SSF,TX,ASW,CE,Federal Contract Tower,0,0,38,20,58,0,0,126,0,126,0,0,164,20,184,318,0,318,502
01/24/2002,SSF,TX,ASW,CE,Federal Contract Tower,0,1,15,2,18,0,1,242,30,273,0,2,257,32,291,412,0,412,703
01/25/2002,SSF,TX,ASW,CE,Federal Contract Tower,0,0,4,4,8,0,0,200,0,200,0,0,204,4,208,434,0,434,642
01/26/2002,SSF,TX,ASW,CE,Federal Contract Tower,0,0,5,0,5,0,0,163,0,163,0,0,168,0,168,420,0,420,588
01/27/2002,SSF,TX,ASW,CE,Federal Contract Tower,0,0,0,0,0,0,0,0,0,0,0,0,0,0,0,0,0,0,0
01/28/2002,SSF,TX,ASW,CE,Federal Contract Tower,0,3,16,24,43,0,0,77,0,77,0,3,93,24,120,168,0,168,288
01/29/2002,SSF,TX,ASW,CE,Federal Contract Tower,0,0,42,26,68,0,0,115,0,115,0,0,157,26,183,252,0,252,435
01/30/2002,SSF,TX,ASW,CE,Federal Contract Tower,0,0,23,34,57,0,0,115,0,115,0,0,138,34,172,224,0,224,396
01/31/2002,SSF,TX,ASW,CE,Federal Contract Tower,0,0,30,8,38,0,1,92,0,93,0,1,122,8,131,58,0,58,189
02/01/2002,SSF,TX,ASW,CE,Federal Contract Tower,0,0,8,34,42,0,0,123,0,123,0,0,131,34,165,230,0,230,395
02/02/2002,SSF,TX,ASW,CE,Federal Contract Tower,0,0,19,0,19,0,0,201,0,201,0,0,220,0,220,522,0,522,742
02/03/2002,SSF,TX,ASW,CE,Federal Contract Tower,0,0,6,0,6,0,0,151,0,151,0,0,157,0,157,198,0,198,355
02/04/2002,SSF,TX,ASW,CE,Federal Contract Tower,0,1,25,40,66,0,1,170,0,171,0,2,195,40,237,348,0,348,585
02/05/2002,SSF,TX,ASW,CE,Federal Contract Tower,0,1,21,2,24,0,0,10,0,10,0,1,31,2,34,4,0,4,38
02/06/2002,SSF,TX,ASW,CE,Federal Contract Tower,0,1,36,35,72,0,0,165,3,168,0,1,201,38,240,418,0,418,658
02/07/2002,SSF,TX,ASW,CE,Federal Contract Tower,0,0,23,28,51,0,0,206,4,210,0,0,229,32,261,396,0,396,657
02/08/2002,SSF,TX,ASW,CE,Federal Contract Tower,0,0,28,30,58,0,0,211,0,211,0,0,239,30,269,284,0,284,553
02/09/2002,SSF,TX,ASW,CE,Federal Contract Tower,0,0,16,2,18,0,0,187,0,187,0,0,203,2,205,396,0,396,601
02/10/2002,SSF,TX,ASW,CE,Federal Contract Tower,0,0,16,2,18,0,0,40,0,40,0,0,56,2,58,48,0,48,106
02/11/2002,SSF,TX,ASW,CE,Federal Contract Tower,0,0,18,8,26,0,1,222,0,223,0,1,240,8,249,400,0,400,649
02/12/2002,SSF,TX,ASW,CE,Federal Contract Tower,0,0,21,32,53,0,1,248,0,249,0,1,269,32,302,478,0,478,780
02/13/2002,SSF,TX,ASW,CE,Federal Contract Tower,0,0,28,24,52,0,1,228,0,229,0,1,256,24,281,676,0,676,957
02/14/2002,SSF,TX,ASW,CE,Federal Contract Tower,0,0,22,57,79,0,0,193,0,193,0,0,215,57,272,458,0,458,730
02/15/2002,SSF,TX,ASW,CE,Federal Contract Tower,0,0,15,32,47,0,0,180,0,180,0,0,195,32,227,340,0,340,567
02/16/2002,SSF,TX,ASW,CE,Federal Contract Tower,0,0,18,0,18,0,0,190,0,190,0,0,208,0,208,396,0,396,604
02/17/2002,SSF,TX,ASW,CE,Federal Contract Tower,0,0,26,0,26,0,0,151,0,151,0,0,177,0,177,378,0,378,555
02/18/2002,SSF,TX,ASW,CE,Federal Contract Tower,0,0,28,0,28,0,0,75,0,75,0,0,103,0,103,132,0,132,235
02/19/2002,SSF,TX,ASW,CE,Federal Contract Tower,0,1,23,44,68,0,0,134,0,134,0,1,157,44,202,208,0,208,410
02/20/2002,SSF,TX,ASW,CE,Federal Contract Tower,0,0,14,62,76,0,1,213,2,216,0,1,227,64,292,304,0,304,596
02/21/2002,SSF,TX,ASW,CE,Federal Contract Tower,0,0,10,20,30,0,2,124,0,126,0,2,134,20,156,262,0,262,418
02/22/2002,SSF,TX,ASW,CE,Federal Contract Tower,0,0,6,26,32,0,0,207,0,207,0,0,213,26,239,378,0,378,617
02/23/2002,SSF,TX,ASW,CE,Federal Contract Tower,0,0,23,0,23,0,0,233,0,233,0,0,256,0,256,356,0,356,612
02/24/2002,SSF,TX,ASW,CE,Federal Contract Tower,0,0,12,0,12,0,0,96,0,96,0,0,108,0,108,173,0,173,281
02/25/2002,SSF,TX,ASW,CE,Federal Contract Tower,0,0,28,42,70,0,0,173,12,185,0,0,201,54,255,468,0,468,723
02/26/2002,SSF,TX,ASW,CE,Federal Contract Tower,0,0,3,38,41,0,0,53,0,53,0,0,56,38,94,30,0,30,124
02/27/2002,SSF,TX,ASW,CE,Federal Contract Tower,0,1,12,42,55,0,0,247,0,247,0,1,259,42,302,434,0,434,736
02/28/2002,SSF,TX,ASW,CE,Federal Contract Tower,0,0,30,24,54,0,0,142,0,142,0,0,172,24,196,414,0,414,610
03/01/2002,SSF,TX,ASW,CE,Federal Contract Tower,0,0,16,10,26,0,0,37,0,37,0,0,53,10,63,52,0,52,115
03/02/2002,SSF,TX,ASW,CE,Federal Contract Tower,0,0,6,0,6,0,0,23,0,23,0,0,29,0,29,70,0,70,99
03/03/2002,SSF,TX,ASW,CE,Federal Contract Tower,0,0,18,2,20,0,0,100,4,104,0,0,118,6,124,164,0,164,288
03/04/2002,SSF,TX,ASW,CE,Federal Contract Tower,0,0,16,32,48,0,0,191,0,191,0,0,207,32,239,470,0,470,709
03/05/2002,SSF,TX,ASW,CE,Federal Contract Tower,0,0,21,18,39,0,0,144,2,146,0,0,165,20,185,200,0,200,385
03/06/2002,SSF,TX,ASW,CE,Federal Contract Tower,0,0,21,26,47,0,3,196,0,199,0,3,217,26,246,384,0,384,630
03/07/2002,SSF,TX,ASW,CE,Federal Contract Tower,0,0,46,16,62,0,0,100,2,102,0,0,146,18,164,234,0,234,398
03/08/2002,SSF,TX,ASW,CE,Federal Contract Tower,0,0,31,24,55,0,0,42,2,44,0,0,73,26,99,126,10,136,235
03/09/2002,SSF,TX,ASW,CE,Federal Contract Tower,0,0,9,6,15,0,0,37,0,37,0,0,46,6,52,20,0,20,72
03/10/2002,SSF,TX,ASW,CE,Federal Contract Tower,0,0,17,0,17,0,0,138,2,140,0,0,155,2,157,262,0,262,419
03/11/2002,SSF,TX,ASW,CE,Federal Contract Tower,0,1,25,22,48,0,0,56,0,56,0,1,81,22,104,48,0,48,152
03/12/2002,SSF,TX,ASW,CE,Federal Contract Tower,0,0,7,18,25,0,0,226,0,226,0,0,233,18,251,530,0,530,781
03/13/2002,SSF,TX,ASW,CE,Federal Contract Tower,0,0,16,34,50,0,0,266,0,266,0,0,282,34,316,490,0,490,806
03/14/2002,SSF,TX,ASW,CE,Federal Contract Tower,0,2,24,28,54,0,0,157,0,157,0,2,181,28,211,300,0,300,511
03/15/2002,SSF,TX,ASW,CE,Federal Contract Tower,0,0,21,52,73,0,0,203,2,205,0,0,224,54,278,368,14,382,660
03/16/2002,SSF,TX,ASW,CE,Federal Contract Tower,0,0,30,4,34,0,0,161,4,165,0,0,191,8,199,402,0,402,601
03/17/2002,SSF,TX,ASW,CE,Federal Contract Tower,0,0,29,0,29,0,0,42,0,42,0,0,71,0,71,150,0,150,221
03/18/2002,SSF,TX,ASW,CE,Federal Contract Tower,0,0,27,28,55,0,0,56,0,56,0,0,83,28,111,134,0,134,245
03/19/2002,SSF,TX,ASW,CE,Federal Contract Tower,0,0,21,52,73,0,0,40,0,40,0,0,61,52,113,126,0,126,239
03/20/2002,SSF,TX,ASW,CE,Federal Contract Tower,0,0,10,18,28,0,0,177,0,177,0,0,187,18,205,208,0,208,413
03/21/2002,SSF,TX,ASW,CE,Federal Contract Tower,0,0,18,32,50,0,0,263,0,263,0,0,281,32,313,506,0,506,819
03/22/2002,SSF,TX,ASW,CE,Federal Contract Tower,0,0,11,10,21,0,0,221,0,221,0,0,232,10,242,368,0,368,610
03/23/2002,SSF,TX,ASW,CE,Federal Contract Tower,0,0,34,10,44,0,0,228,0,228,0,0,262,10,272,347,0,347,619
03/24/2002,SSF,TX,ASW,CE,Federal Contract Tower,0,0,9,6,15,0,0,87,4,91,0,0,96,10,106,108,4,112,218
03/25/2002,SSF,TX,ASW,CE,Federal Contract Tower,0,0,34,43,77,0,0,61,0,61,0,0,95,43,138,290,0,290,428
03/26/2002,SSF,TX,ASW,CE,Federal Contract Tower,0,0,14,24,38,0,0,192,0,192,0,0,206,24,230,410,0,410,640
03/27/2002,SSF,TX,ASW,CE,Federal Contract Tower,0,0,12,34,46,0,0,229,0,229,0,0,241,34,275,514,0,514,789
03/28/2002,SSF,TX,ASW,CE,Federal Contract Tower,0,0,14,6,20,0,0,181,0,181,0,0,195,6,201,352,0,352,553
03/29/2002,SSF,TX,ASW,CE,Federal Contract Tower,0,0,28,2,30,0,0,128,0,128,0,0,156,2,158,346,0,346,504
03/30/2002,SSF,TX,ASW,CE,Federal Contract Tower,0,0,10,0,10,0,0,95,0,95,0,0,105,0,105,264,0,264,369
03/31/2002,SSF,TX,ASW,CE,Federal Contract Tower,0,0,2,2,4,0,0,90,0,90,0,0,92,2,94,110,0,110,204
04/01/2002,SSF,TX,ASW,CE,Federal Contract Tower,0,0,10,44,54,0,0,204,0,204,0,0,214,44,258,356,0,356,614
04/02/2002,SSF,TX,ASW,CE,Federal Contract Tower,0,0,16,40,56,0,0,209,0,209,0,0,225,40,265,488,0,488,753
04/03/2002,SSF,TX,ASW,CE,Federal Contract Tower,0,0,27,42,69,0,0,149,0,149,0,0,176,42,218,354,0,354,572
04/04/2002,SSF,TX,ASW,CE,Federal Contract Tower,0,1,28,34,63,0,0,183,0,183,0,1,211,34,246,510,0,510,756
04/05/2002,SSF,TX,ASW,CE,Federal Contract Tower,0,1,17,20,38,0,0,168,2,170,0,1,185,22,208,452,0,452,660
04/06/2002,SSF,TX,ASW,CE,Federal Contract Tower,0,0,35,2,37,0,0,26,0,26,0,0,61,2,63,204,0,204,267
04/07/2002,SSF,TX,ASW,CE,Federal Contract Tower,0,0,4,0,4,0,0,4,0,4,0,0,8,0,8,16,0,16,24
04/08/2002,SSF,TX,ASW,CE,Federal Contract Tower,0,0,18,24,42,0,0,226,0,226,0,0,244,24,268,450,0,450,718
04/09/2002,SSF,TX,ASW,CE,Federal Contract Tower,0,0,18,26,44,0,1,237,0,238,0,1,255,26,282,450,0,450,732
04/10/2002,SSF,TX,ASW,CE,Federal Contract Tower,0,0,13,40,53,0,0,224,0,224,0,0,237,40,277,680,0,680,957
04/11/2002,SSF,TX,ASW,CE,Federal Contract Tower,0,0,39,38,77,0,1,184,0,185,0,1,223,38,262,360,0,360,622
04/12/2002,SSF,TX,ASW,CE,Federal Contract Tower,0,0,45,34,79,0,2,186,0,188,0,2,231,34,267,334,0,334,601
04/13/2002,SSF,TX,ASW,CE,Federal Contract Tower,0,0,18,0,18,0,0,193,2,195,0,0,211,2,213,488,0,488,701
04/14/2002,SSF,TX,ASW,CE,Federal Contract Tower,0,0,7,2,9,0,0,137,0,137,0,0,144,2,146,260,0,260,406
04/15/2002,SSF,TX,ASW,CE,Federal Contract Tower,0,0,15,20,35,0,0,125,0,125,0,0,140,20,160,256,0,256,416
04/16/2002,SSF,TX,ASW,CE,Federal Contract Tower,0,0,10,38,48,0,0,95,0,95,0,0,105,38,143,146,0,146,289
04/17/2002,SSF,TX,ASW,CE,Federal Contract Tower,0,0,39,43,82,0,0,131,3,134,0,0,170,46,216,184,10,194,410
04/18/2002,SSF,TX,ASW,CE,Federal Contract Tower,0,0,32,32,64,0,1,100,0,101,0,1,132,32,165,283,0,283,448
04/19/2002,SSF,TX,ASW,CE,Federal Contract Tower,0,0,28,34,62,0,0,132,0,132,0,0,160,34,194,266,0,266,460
04/20/2002,SSF,TX,ASW,CE,Federal Contract Tower,0,0,29,10,39,0,0,84,0,84,0,0,113,10,123,174,0,174,297
04/21/2002,SSF,TX,ASW,CE,Federal Contract Tower,0,0,8,9,17,0,0,81,1,82,0,0,89,10,99,212,0,212,311
04/22/2002,SSF,TX,ASW,CE,Federal Contract Tower,0,0,25,28,53,0,1,159,0,160,0,1,184,28,213,368,0,368,581
04/23/2002,SSF,TX,ASW,CE,Federal Contract Tower,0,0,23,28,51,0,0,161,0,161,0,0,184,28,212,420,0,420,632
04/24/2002,SSF,TX,ASW,CE,Federal Contract Tower,0,0,28,32,60,0,0,183,0,183,0,0,211,32,243,388,0,388,631
04/25/2002,SSF,TX,ASW,CE,Federal Contract Tower,0,0,34,36,70,0,0,114,0,114,0,0,148,36,184,272,0,272,456
04/26/2002,SSF,TX,ASW,CE,Federal Contract Tower,0,0,35,30,65,0,1,119,1,121,0,1,154,31,186,158,0,158,344
04/27/2002,SSF,TX,ASW,CE,Federal Contract Tower,0,0,28,6,34,0,0,126,0,126,0,0,154,6,160,336,0,336,496
04/28/2002,SSF,TX,ASW,CE,Federal Contract Tower,0,0,16,0,16,0,0,102,0,102,0,0,118,0,118,182,0,182,300
04/29/2002,SSF,TX,ASW,CE,Federal Contract Tower,0,0,26,19,45,0,0,198,0,198,0,0,224,19,243,532,0,532,775
04/30/2002,SSF,TX,ASW,CE,Federal Contract Tower,0,0,14,24,38,0,0,235,0,235,0,0,249,24,273,492,0,492,765
05/01/2002,SSF,TX,ASW,CE,Federal Contract Tower,0,0,23,19,42,0,0,238,2,240,0,0,261,21,282,352,12,364,646
05/02/2002,SSF,TX,ASW,CE,Federal Contract Tower,0,0,19,46,65,0,1,155,0,156,0,1,174,46,221,236,0,236,457
05/03/2002,SSF,TX,ASW,CE,Federal Contract Tower,0,0,23,16,39,0,0,146,0,146,0,0,169,16,185,278,0,278,463
05/04/2002,SSF,TX,ASW,CE,Federal Contract Tower,0,0,35,0,35,0,0,70,0,70,0,0,105,0,105,332,0,332,437
05/05/2002,SSF,TX,ASW,CE,Federal Contract Tower,0,0,18,0,18,0,0,127,0,127,0,0,145,0,145,226,0,226,371
05/06/2002,SSF,TX,ASW,CE,Federal Contract Tower,0,0,18,10,28,0,0,153,0,153,0,0,171,10,181,332,0,332,513
05/07/2002,SSF,TX,ASW,CE,Federal Contract Tower,0,0,28,21,49,0,0,188,7,195,0,0,216,28,244,448,0,448,692
05/08/2002,SSF,TX,ASW,CE,Federal Contract Tower,0,0,22,14,36,0,0,172,0,172,0,0,194,14,208,304,0,304,512
05/09/2002,SSF,TX,ASW,CE,Federal Contract Tower,0,0,45,14,59,0,0,183,0,183,0,0,228,14,242,522,0,522,764
05/10/2002,SSF,TX,ASW,CE,Federal Contract Tower,0,0,23,24,47,0,0,165,2,167,0,0,188,26,214,254,0,254,468
05/11/2002,SSF,TX,ASW,CE,Federal Contract Tower,0,0,18,0,18,0,0,91,0,91,0,0,109,0,109,174,0,174,283
05/12/2002,SSF,TX,ASW,CE,Federal Contract Tower,0,0,21,2,23,0,0,81,0,81,0,0,102,2,104,210,0,210,314
05/13/2002,SSF,TX,ASW,CE,Federal Contract Tower,0,0,7,18,25,0,0,129,0,129,0,0,136,18,154,218,0,218,372
05/14/2002,SSF,TX,ASW,CE,Federal Contract Tower,0,0,12,22,34,0,0,241,0,241,0,0,253,22,275,436,0,436,711
05/15/2002,SSF,TX,ASW,CE,Federal Contract Tower,0,0,11,32,43,0,0,234,0,234,0,0,245,32,277,510,0,510,787
05/16/2002,SSF,TX,ASW,CE,Federal Contract Tower,0,0,20,26,46,0,1,203,0,204,0,1,223,26,250,396,0,396,646
05/17/2002,SSF,TX,ASW,CE,Federal Contract Tower,0,0,13,0,13,0,0,106,0,106,0,0,119,0,119,242,0,242,361
05/18/2002,SSF,TX,ASW,CE,Federal Contract Tower,0,0,3,2,5,0,0,190,2,192,0,0,193,4,197,318,0,318,515
05/19/2002,SSF,TX,ASW,CE,Federal Contract Tower,0,0,13,2,15,0,0,170,2,172,0,0,183,4,187,394,0,394,581
05/20/2002,SSF,TX,ASW,CE,Federal Contract Tower,0,0,5,14,19,0,0,170,0,170,0,0,175,14,189,348,0,348,537
05/21/2002,SSF,TX,ASW,CE,Federal Contract Tower,0,0,8,14,22,0,0,194,0,194,0,0,202,14,216,372,0,372,588
05/22/2002,SSF,TX,ASW,CE,Federal Contract Tower,0,0,12,20,32,0,1,126,0,127,0,1,138,20,159,168,0,168,327
05/23/2002,SSF,TX,ASW,CE,Federal Contract Tower,0,0,17,22,39,0,0,115,0,115,0,0,132,22,154,182,0,182,336
05/24/2002,SSF,TX,ASW,CE,Federal Contract Tower,0,0,36,14,50,0,0,122,0,122,0,0,158,14,172,356,0,356,528
05/25/2002,SSF,TX,ASW,CE,Federal Contract Tower,0,0,28,0,28,0,0,109,0,109,0,0,137,0,137,322,0,322,459
05/26/2002,SSF,TX,ASW,CE,Federal Contract Tower,0,0,13,0,13,0,0,96,0,96,0,0,109,0,109,252,0,252,361
05/27/2002,SSF,TX,ASW,CE,Federal Contract Tower,0,0,17,0,17,0,0,138,0,138,0,0,155,0,155,310,0,310,465
05/28/2002,SSF,TX,ASW,CE,Federal Contract Tower,0,0,17,24,41,0,0,156,0,156,0,0,173,24,197,428,0,428,625
05/29/2002,SSF,TX,ASW,CE,Federal Contract Tower,0,0,18,30,48,0,0,179,0,179,0,0,197,30,227,506,0,506,733
05/30/2002,SSF,TX,ASW,CE,Federal Contract Tower,0,0,27,22,49,0,0,176,0,176,0,0,203,22,225,358,0,358,583
05/31/2002,SSF,TX,ASW,CE,Federal Contract Tower,0,0,24,26,50,0,0,180,2,182,0,0,204,28,232,378,4,382,614
06/01/2002,SSF,TX,ASW,CE,Federal Contract Tower,0,0,19,0,19,0,0,150,0,150,0,0,169,0,169,356,0,356,525
06/02/2002,SSF,TX,ASW,CE,Federal Contract Tower,0,0,5,6,11,0,0,100,0,100,0,0,105,6,111,224,0,224,335
06/03/2002,SSF,TX,ASW,CE,Federal Contract Tower,0,0,20,26,46,0,1,145,0,146,0,1,165,26,192,220,0,220,412
06/04/2002,SSF,TX,ASW,CE,Federal Contract Tower,0,0,22,32,54,0,0,137,0,137,0,0,159,32,191,316,0,316,507
06/05/2002,SSF,TX,ASW,CE,Federal Contract Tower,0,0,19,24,43,0,0,174,0,174,0,0,193,24,217,330,0,330,547
06/06/2002,SSF,TX,ASW,CE,Federal Contract Tower,0,0,17,28,45,0,0,226,0,226,0,0,243,28,271,350,0,350,621
06/07/2002,SSF,TX,ASW,CE,Federal Contract Tower,0,0,23,14,37,0,2,181,0,183,0,2,204,14,220,242,0,242,462
06/08/2002,SSF,TX,ASW,CE,Federal Contract Tower,0,0,11,4,15,0,0,145,0,145,0,0,156,4,160,258,0,258,418
06/09/2002,SSF,TX,ASW,CE,Federal Contract Tower,0,0,11,2,13,0,0,91,0,91,0,0,102,2,104,122,0,122,226
06/10/2002,SSF,TX,ASW,CE,Federal Contract Tower,0,0,31,18,49,0,1,150,0,151,0,1,181,18,200,284,0,284,484
06/11/2002,SSF,TX,ASW,CE,Federal Contract Tower,0,0,27,14,41,0,0,223,0,223,0,0,250,14,264,532,0,532,796
06/12/2002,SSF,TX,ASW,CE,Federal Contract Tower,0,0,28,30,58,0,1,180,2,183,0,1,208,32,241,326,0,326,567
06/13/2002,SSF,TX,ASW,CE,Federal Contract Tower,0,0,32,34,66,0,1,218,0,219,0,1,250,34,285,306,0,306,591
06/14/2002,SSF,TX,ASW,CE,Federal Contract Tower,0,0,14,8,22,0,1,190,0,191,0,1,204,8,213,342,0,342,555
06/15/2002,SSF,TX,ASW,CE,Federal Contract Tower,0,0,7,6,13,0,0,144,0,144,0,0,151,6,157,212,0,212,369
06/16/2002,SSF,TX,ASW,CE,Federal Contract Tower,0,0,5,4,9,0,0,116,0,116,0,0,121,4,125,198,0,198,323
06/17/2002,SSF,TX,ASW,CE,Federal Contract Tower,0,0,3,18,21,0,2,186,0,188,0,2,189,18,209,270,0,270,479
06/18/2002,SSF,TX,ASW,CE,Federal Contract Tower,0,0,12,26,38,0,0,223,0,223,0,0,235,26,261,558,0,558,819
06/19/2002,SSF,TX,ASW,CE,Federal Contract Tower,0,0,14,32,46,0,0,212,0,212,0,0,226,32,258,360,0,360,618
06/20/2002,SSF,TX,ASW,CE,Federal Contract Tower,0,0,11,34,45,0,0,162,0,162,0,0,173,34,207,294,0,294,501
06/21/2002,SSF,TX,ASW,CE,Federal Contract Tower,0,1,31,16,48,0,2,202,0,204,0,3,233,16,252,342,0,342,594
06/22/2002,SSF,TX,ASW,CE,Federal Contract Tower,0,0,27,0,27,0,0,146,0,146,0,0,173,0,173,310,0,310,483
06/23/2002,SSF,TX,ASW,CE,Federal Contract Tower,0,0,18,6,24,0,0,115,0,115,0,0,133,6,139,204,0,204,343
06/24/2002,SSF,TX,ASW,CE,Federal Contract Tower,0,0,10,18,28,0,3,199,0,202,0,3,209,18,230,326,0,326,556
06/25/2002,SSF,TX,ASW,CE,Federal Contract Tower,0,0,14,16,30,0,1,252,0,253,0,1,266,16,283,456,0,456,739
06/26/2002,SSF,TX,ASW,CE,Federal Contract Tower,0,0,14,12,26,0,0,192,7,199,0,0,206,19,225,374,24,398,623
06/27/2002,SSF,TX,ASW,CE,Federal Contract Tower,0,0,16,22,38,0,0,226,0,226,0,0,242,22,264,442,0,442,706
06/28/2002,SSF,TX,ASW,CE,Federal Contract Tower,0,0,14,18,32,0,1,108,4,113,0,1,122,22,145,250,0,250,395
06/29/2002,SSF,TX,ASW,CE,Federal Contract Tower,0,0,49,0,49,0,0,41,0,41,0,0,90,0,90,162,0,162,252
06/30/2002,SSF,TX,ASW,CE,Federal Contract Tower,0,0,9,0,9,0,0,3,0,3,0,0,12,0,12,2,0,2,14
07/01/2002,SSF,TX,ASW,CE,Federal Contract Tower,0,4,14,0,18,0,0,22,0,22,0,4,36,0,40,20,0,20,60
07/02/2002,SSF,TX,ASW,CE,Federal Contract Tower,0,1,9,2,12,0,0,51,0,51,0,1,60,2,63,2,0,2,65
07/03/2002,SSF,TX,ASW,CE,Federal Contract Tower,0,0,3,0,3,0,1,117,10,128,0,1,120,10,131,196,0,196,327
07/04/2002,SSF,TX,ASW,CE,Federal Contract Tower,0,0,16,0,16,0,0,48,0,48,0,0,64,0,64,38,0,38,102
07/05/2002,SSF,TX,ASW,CE,Federal Contract Tower,0,0,11,0,11,0,0,62,3,65,0,0,73,3,76,50,0,50,126
07/06/2002,SSF,TX,ASW,CE,Federal Contract Tower,0,0,16,0,16,0,0,156,2,158,0,0,172,2,174,274,0,274,448
07/07/2002,SSF,TX,ASW,CE,Federal Contract Tower,0,0,8,0,8,0,0,141,0,141,0,0,149,0,149,174,0,174,323
07/08/2002,SSF,TX,ASW,CE,Federal Contract Tower,0,0,7,8,15,0,0,296,2,298,0,0,303,10,313,392,0,392,705
07/09/2002,SSF,TX,ASW,CE,Federal Contract Tower,0,0,17,18,35,0,0,162,0,162,0,0,179,18,197,332,0,332,529
07/10/2002,SSF,TX,ASW,CE,Federal Contract Tower,0,0,10,14,24,0,0,159,0,159,0,0,169,14,183,496,0,496,679
07/11/2002,SSF,TX,ASW,CE,Federal Contract Tower,0,0,19,38,57,0,0,258,0,258,0,0,277,38,315,602,0,602,917
07/12/2002,SSF,TX,ASW,CE,Federal Contract Tower,0,0,31,20,51,0,1,208,2,211,0,1,239,22,262,418,0,418,680
07/13/2002,SSF,TX,ASW,CE,Federal Contract Tower,0,0,9,0,9,0,0,121,0,121,0,0,130,0,130,252,0,252,382
07/14/2002,SSF,TX,ASW,CE,Federal Contract Tower,0,0,31,4,35,0,0,92,0,92,0,0,123,4,127,282,0,282,409
07/15/2002,SSF,TX,ASW,CE,Federal Contract Tower,0,3,17,14,34,0,1,51,0,52,0,4,68,14,86,112,0,112,198
07/16/2002,SSF,TX,ASW,CE,Federal Contract Tower,0,1,15,0,16,0,0,38,0,38,0,1,53,0,54,72,0,72,126
07/17/2002,SSF,TX,ASW,CE,Federal Contract Tower,0,0,29,14,43,0,0,71,0,71,0,0,100,14,114,220,0,220,334
07/18/2002,SSF,TX,ASW,CE,Federal Contract Tower,0,0,40,32,72,0,0,241,0,241,0,0,281,32,313,549,0,549,862
07/19/2002,SSF,TX,ASW,CE,Federal Contract Tower,0,0,34,28,62,0,1,193,0,194,0,1,227,28,256,292,0,292,548
07/20/2002,SSF,TX,ASW,CE,Federal Contract Tower,0,0,32,4,36,0,0,221,0,221,0,0,253,4,257,504,0,504,761
07/21/2002,SSF,TX,ASW,CE,Federal Contract Tower,0,0,9,2,11,0,0,134,0,134,0,0,143,2,145,268,0,268,413
07/22/2002,SSF,TX,ASW,CE,Federal Contract Tower,0,0,12,24,36,0,0,207,0,207,0,0,219,24,243,340,0,340,583
07/23/2002,SSF,TX,ASW,CE,Federal Contract Tower,0,0,25,24,49,0,0,204,0,204,0,0,229,24,253,610,0,610,863
07/24/2002,SSF,TX,ASW,CE,Federal Contract Tower,0,0,19,24,43,0,0,223,2,225,0,0,242,26,268,560,0,560,828
07/25/2002,SSF,TX,ASW,CE,Federal Contract Tower,0,0,15,24,39,0,0,243,0,243,0,0,258,24,282,358,0,358,640
07/26/2002,SSF,TX,ASW,CE,Federal Contract Tower,0,0,15,32,47,0,1,184,0,185,0,1,199,32,232,426,0,426,658
07/27/2002,SSF,TX,ASW,CE,Federal Contract Tower,0,0,18,0,18,0,0,166,2,168,0,0,184,2,186,336,0,336,522
07/28/2002,SSF,TX,ASW,CE,Federal Contract Tower,0,0,25,0,25,0,0,95,0,95,0,0,120,0,120,114,0,114,234
07/29/2002,SSF,TX,ASW,CE,Federal Contract Tower,0,0,20,24,44,0,0,188,0,188,0,0,208,24,232,474,0,474,706
07/30/2002,SSF,TX,ASW,CE,Federal Contract Tower,0,0,31,20,51,0,0,195,0,195,0,0,226,20,246,550,0,550,796
07/31/2002,SSF,TX,ASW,CE,Federal Contract Tower,0,0,18,38,56,0,0,227,0,227,0,0,245,38,283,514,0,514,797
08/01/2002,SSF,TX,ASW,CE,Federal Contract Tower,0,0,30,44,74,0,0,285,0,285,0,0,315,44,359,520,0,520,879
08/02/2002,SSF,TX,ASW,CE,Federal Contract Tower,0,0,40,36,76,0,2,223,0,225,0,2,263,36,301,442,0,442,743
08/03/2002,SSF,TX,ASW,CE,Federal Contract Tower,0,0,13,14,27,0,0,245,0,245,0,0,258,14,272,398,0,398,670
08/04/2002,SSF,TX,ASW,CE,Federal Contract Tower,0,0,15,2,17,0,0,127,0,127,0,0,142,2,144,236,0,236,380
08/05/2002,SSF,TX,ASW,CE,Federal Contract Tower,0,0,8,22,30,0,0,206,0,206,0,0,214,22,236,458,0,458,694
08/06/2002,SSF,TX,ASW,CE,Federal Contract Tower,0,0,18,28,46,0,0,256,0,256,0,0,274,28,302,418,0,418,720
08/07/2002,SSF,TX,ASW,CE,Federal Contract Tower,0,0,10,26,36,0,1,256,0,257,0,1,266,26,293,426,0,426,719
08/08/2002,SSF,TX,ASW,CE,Federal Contract Tower,0,0,16,21,37,0,0,178,1,179,0,0,194,22,216,270,0,270,486
08/09/2002,SSF,TX,ASW,CE,Federal Contract Tower,0,0,20,26,46,0,0,164,0,164,0,0,184,26,210,252,0,252,462
08/10/2002,SSF,TX,ASW,CE,Federal Contract Tower,0,0,9,0,9,0,0,101,0,101,0,0,110,0,110,224,0,224,334
08/11/2002,SSF,TX,ASW,CE,Federal Contract Tower,0,0,13,0,13,0,0,85,0,85,0,0,98,0,98,178,0,178,276
08/12/2002,SSF,TX,ASW,CE,Federal Contract Tower,0,0,19,26,45,0,0,190,0,190,0,0,209,26,235,420,0,420,655
08/13/2002,SSF,TX,ASW,CE,Federal Contract Tower,0,0,41,20,61,0,0,254,0,254,0,0,295,20,315,610,0,610,925
08/14/2002,SSF,TX,ASW,CE,Federal Contract Tower,0,0,31,20,51,0,0,216,0,216,0,0,247,20,267,574,0,574,841
08/15/2002,SSF,TX,ASW,CE,Federal Contract Tower,0,0,51,24,75,0,0,193,2,195,0,0,244,26,270,494,0,494,764
08/16/2002,SSF,TX,ASW,CE,Federal Contract Tower,0,0,17,18,35,0,0,205,2,207,0,0,222,20,242,404,0,404,646
08/17/2002,SSF,TX,ASW,CE,Federal Contract Tower,0,0,32,5,37,0,0,156,1,157,0,0,188,6,194,534,0,534,728
08/18/2002,SSF,TX,ASW,CE,Federal Contract Tower,0,0,9,0,9,0,0,99,0,99,0,0,108,0,108,188,0,188,296
08/19/2002,SSF,TX,ASW,CE,Federal Contract Tower,0,0,38,36,74,0,0,198,0,198,0,0,236,36,272,504,0,504,776
08/20/2002,SSF,TX,ASW,CE,Federal Contract Tower,0,0,22,30,52,0,0,221,3,224,0,0,243,33,276,508,28,536,812
08/21/2002,SSF,TX,ASW,CE,Federal Contract Tower,0,0,26,24,50,0,0,188,0,188,0,0,214,24,238,258,0,258,496
08/22/2002,SSF,TX,ASW,CE,Federal Contract Tower,0,0,40,28,68,0,0,183,4,187,0,0,223,32,255,290,6,296,551
08/23/2002,SSF,TX,ASW,CE,Federal Contract Tower,0,0,45,22,67,0,0,191,0,191,0,0,236,22,258,390,0,390,648
08/24/2002,SSF,TX,ASW,CE,Federal Contract Tower,0,0,31,6,37,0,0,140,0,140,0,0,171,6,177,202,0,202,379
08/25/2002,SSF,TX,ASW,CE,Federal Contract Tower,0,0,11,0,11,0,0,110,0,110,0,0,121,0,121,162,0,162,283
08/26/2002,SSF,TX,ASW,CE,Federal Contract Tower,0,0,27,26,53,0,0,178,0,178,0,0,205,26,231,338,0,338,569
08/27/2002,SSF,TX,ASW,CE,Federal Contract Tower,0,0,21,36,57,0,0,198,0,198,0,0,219,36,255,484,0,484,739
08/28/2002,SSF,TX,ASW,CE,Federal Contract Tower,0,0,16,52,68,0,0,195,0,195,0,0,211,52,263,410,0,410,673
08/29/2002,SSF,TX,ASW,CE,Federal Contract Tower,0,0,16,8,24,0,0,120,0,120,0,0,136,8,144,166,0,166,310
08/30/2002,SSF,TX,ASW,CE,Federal Contract Tower,0,0,20,18,38,0,1,191,2,194,0,1,211,20,232,352,0,352,584
08/31/2002,SSF,TX,ASW,CE,Federal Contract Tower,0,0,18,0,18,0,0,122,0,122,0,0,140,0,140,188,0,188,328
09/01/2002,SSF,TX,ASW,CE,Federal Contract Tower,0,0,8,0,8,0,0,87,0,87,0,0,95,0,95,112,0,112,207
09/02/2002,SSF,TX,ASW,CE,Federal Contract Tower,0,0,21,4,25,0,0,155,0,155,0,0,176,4,180,232,0,232,412
09/03/2002,SSF,TX,ASW,CE,Federal Contract Tower,0,0,23,26,49,0,0,211,0,211,0,0,234,26,260,418,0,418,678
09/04/2002,SSF,TX,ASW,CE,Federal Contract Tower,0,0,35,34,69,0,0,162,2,164,0,0,197,36,233,486,10,496,729
09/05/2002,SSF,TX,ASW,CE,Federal Contract Tower,0,0,14,38,52,0,0,188,2,190,0,0,202,40,242,316,0,316,558
09/06/2002,SSF,TX,ASW,CE,Federal Contract Tower,0,0,18,22,40,0,0,194,0,194,0,0,212,22,234,272,0,272,506
09/07/2002,SSF,TX,ASW,CE,Federal Contract Tower,0,0,1,0,1,0,0,4,0,4,0,0,5,0,5,0,0,0,5
09/08/2002,SSF,TX,ASW,CE,Federal Contract Tower,0,0,5,0,5,0,0,2,0,2,0,0,7,0,7,0,0,0,7
09/09/2002,SSF,TX,ASW,CE,Federal Contract Tower,0,1,21,2,24,0,0,26,0,26,0,1,47,2,50,28,0,28,78
09/10/2002,SSF,TX,ASW,CE,Federal Contract Tower,0,0,30,41,71,0,0,212,3,215,0,0,242,44,286,514,0,514,800
09/11/2002,SSF,TX,ASW,CE,Federal Contract Tower,0,0,35,26,61,0,0,231,2,233,0,0,266,28,294,688,0,688,982
09/12/2002,SSF,TX,ASW,CE,Federal Contract Tower,0,0,37,34,71,0,0,234,0,234,0,0,271,34,305,532,0,532,837
09/13/2002,SSF,TX,ASW,CE,Federal Contract Tower,0,0,46,4,50,0,1,201,0,202,0,1,247,4,252,414,0,414,666
09/14/2002,SSF,TX,ASW,CE,Federal Contract Tower,0,0,35,16,51,0,0,101,0,101,0,0,136,16,152,326,0,326,478
09/15/2002,SSF,TX,ASW,CE,Federal Contract Tower,0,0,6,0,6,0,0,27,0,27,0,0,33,0,33,40,0,40,73
09/16/2002,SSF,TX,ASW,CE,Federal Contract Tower,0,2,32,30,64,0,0,29,0,29,0,2,61,30,93,118,0,118,211
09/17/2002,SSF,TX,ASW,CE,Federal Contract Tower,0,0,19,18,37,0,0,157,0,157,0,0,176,18,194,508,0,508,702
09/18/2002,SSF,TX,ASW,CE,Federal Contract Tower,0,1,32,34,67,0,0,199,1,200,0,1,231,35,267,408,0,408,675
09/19/2002,SSF,TX,ASW,CE,Federal Contract Tower,0,2,25,0,27,0,1,86,0,87,0,3,111,0,114,94,0,94,208
09/20/2002,SSF,TX,ASW,CE,Federal Contract Tower,0,0,30,12,42,0,0,292,0,292,0,0,322,12,334,490,0,490,824
09/21/2002,SSF,TX,ASW,CE,Federal Contract Tower,0,0,22,4,26,0,0,246,0,246,0,0,268,4,272,424,0,424,696
09/22/2002,SSF,TX,ASW,CE,Federal Contract Tower,0,0,17,2,19,0,0,114,0,114,0,0,131,2,133,106,0,106,239
09/23/2002,SSF,TX,ASW,CE,Federal Contract Tower,0,0,17,26,43,0,0,214,0,214,0,0,231,26,257,552,0,552,809
09/24/2002,SSF,TX,ASW,CE,Federal Contract Tower,0,0,24,44,68,0,0,208,0,208,0,0,232,44,276,356,0,356,632
09/25/2002,SSF,TX,ASW,CE,Federal Contract Tower,0,0,34,26,60,0,0,287,0,287,0,0,321,26,347,318,0,318,665
09/26/2002,SSF,TX,ASW,CE,Federal Contract Tower,0,0,32,8,40,0,0,282,0,282,0,0,314,8,322,602,0,602,924
09/27/2002,SSF,TX,ASW,CE,Federal Contract Tower,0,0,17,2,19,0,0,279,0,279,0,0,296,2,298,436,0,436,734
09/28/2002,SSF,TX,ASW,CE,Federal Contract Tower,0,0,25,0,25,0,0,289,0,289,0,0,314,0,314,384,0,384,698
09/29/2002,SSF,TX,ASW,CE,Federal Contract Tower,0,0,41,0,41,0,0,177,0,177,0,0,218,0,218,404,0,404,622
09/30/2002,SSF,TX,ASW,CE,Federal Contract Tower,0,0,38,4,42,0,0,181,0,181,0,0,219,4,223,446,0,446,669
10/01/2002,SSF,TX,ASW,CE,Federal Contract Tower,0,0,22,44,66,0,1,212,0,213,0,1,234,44,279,376,0,376,655
10/02/2002,SSF,TX,ASW,CE,Federal Contract Tower,0,0,29,38,67,0,0,195,0,195,0,0,224,38,262,466,0,466,728
10/03/2002,SSF,TX,ASW,CE,Federal Contract Tower,0,0,25,34,59,0,0,157,0,157,0,0,182,34,216,284,0,284,500
10/04/2002,SSF,TX,ASW,CE,Federal Contract Tower,0,0,32,34,66,0,0,178,0,178,0,0,210,34,244,384,0,384,628
10/05/2002,SSF,TX,ASW,CE,Federal Contract Tower,0,0,30,2,32,0,0,127,2,129,0,0,157,4,161,424,0,424,585
10/06/2002,SSF,TX,ASW,CE,Federal Contract Tower,0,0,9,10,19,0,0,110,0,110,0,0,119,10,129,326,0,326,455
10/07/2002,SSF,TX,ASW,CE,Federal Contract Tower,0,0,17,14,31,0,0,58,0,58,0,0,75,14,89,100,0,100,189
10/08/2002,SSF,TX,ASW,CE,Federal Contract Tower,0,0,17,28,45,0,1,60,0,61,0,1,77,28,106,220,0,220,326
10/09/2002,SSF,TX,ASW,CE,Federal Contract Tower,0,0,21,20,41,0,0,126,0,126,0,0,147,20,167,362,0,362,529
10/10/2002,SSF,TX,ASW,CE,Federal Contract Tower,0,0,33,30,63,0,0,209,0,209,0,0,242,30,272,486,0,486,758
10/11/2002,SSF,TX,ASW,CE,Federal Contract Tower,0,0,25,30,55,0,1,235,3,239,0,1,260,33,294,324,10,334,628
10/12/2002,SSF,TX,ASW,CE,Federal Contract Tower,0,0,25,2,27,0,0,128,0,128,0,0,153,2,155,224,0,224,379
10/13/2002,SSF,TX,ASW,CE,Federal Contract Tower,0,0,12,0,12,0,0,36,2,38,0,0,48,2,50,68,4,72,122
10/14/2002,SSF,TX,ASW,CE,Federal Contract Tower,0,0,43,16,59,0,0,66,0,66,0,0,109,16,125,150,0,150,275
10/15/2002,SSF,TX,ASW,CE,Federal Contract Tower,0,0,21,34,55,0,1,233,5,239,0,1,254,39,294,360,20,380,674
10/16/2002,SSF,TX,ASW,CE,Federal Contract Tower,0,0,15,0,15,0,0,293,0,293,0,0,308,0,308,496,0,496,804
10/17/2002,SSF,TX,ASW,CE,Federal Contract Tower,0,1,15,48,64,0,0,230,0,230,0,1,245,48,294,261,0,261,555
10/18/2002,SSF,TX,ASW,CE,Federal Contract Tower,0,0,26,46,72,0,0,74,0,74,0,0,100,46,146,230,0,230,376
10/19/2002,SSF,TX,ASW,CE,Federal Contract Tower,0,0,13,6,19,0,0,45,0,45,0,0,58,6,64,94,0,94,158
10/20/2002,SSF,TX,ASW,CE,Federal Contract Tower,0,0,25,12,37,0,0,110,0,110,0,0,135,12,147,244,0,244,391
10/21/2002,SSF,TX,ASW,CE,Federal Contract Tower,0,2,33,20,55,0,0,24,0,24,0,2,57,20,79,42,0,42,121
10/22/2002,SSF,TX,ASW,CE,Federal Contract Tower,0,0,34,36,70,0,0,153,0,153,0,0,187,36,223,420,0,420,643
10/23/2002,SSF,TX,ASW,CE,Federal Contract Tower,0,1,43,28,72,0,0,168,0,168,0,1,211,28,240,438,0,438,678
10/24/2002,SSF,TX,ASW,CE,Federal Contract Tower,0,1,9,2,12,0,0,39,4,43,0,1,48,6,55,10,8,18,73
10/25/2002,SSF,TX,ASW,CE,Federal Contract Tower,0,1,32,12,45,0,0,20,0,20,0,1,52,12,65,70,0,70,135
10/26/2002,SSF,TX,ASW,CE,Federal Contract Tower,0,0,4,2,6,0,0,15,0,15,0,0,19,2,21,22,0,22,43
10/27/2002,SSF,TX,ASW,CE,Federal Contract Tower,0,0,18,2,20,0,0,16,0,16,0,0,34,2,36,40,0,40,76
10/28/2002,SSF,TX,ASW,CE,Federal Contract Tower,0,4,6,2,12,0,0,0,0,0,0,4,6,2,12,0,0,0,12
10/29/2002,SSF,TX,ASW,CE,Federal Contract Tower,0,1,11,36,48,0,0,254,4,258,0,1,265,40,306,544,0,544,850
10/30/2002,SSF,TX,ASW,CE,Federal Contract Tower,0,0,17,52,69,0,0,245,0,245,0,0,262,52,314,360,0,360,674
10/31/2002,SSF,TX,ASW,CE,Federal Contract Tower,0,0,30,38,68,0,0,148,14,162,0,0,178,52,230,180,0,180,410
11/01/2002,SSF,TX,ASW,CE,Federal Contract Tower,0,0,19,28,47,0,0,99,0,99,0,0,118,28,146,192,0,192,338
11/02/2002,SSF,TX,ASW,CE,Federal Contract Tower,0,0,12,0,12,0,0,3,0,3,0,0,15,0,15,0,0,0,15
11/03/2002,SSF,TX,ASW,CE,Federal Contract Tower,0,0,6,0,6,0,0,0,0,0,0,0,6,0,6,0,0,0,6
11/04/2002,SSF,TX,ASW,CE,Federal Contract Tower,0,1,9,0,10,0,0,8,0,8,0,1,17,0,18,2,0,2,20
11/05/2002,SSF,TX,ASW,CE,Federal Contract Tower,0,0,10,24,34,0,0,237,4,241,0,0,247,28,275,434,0,434,709
11/06/2002,SSF,TX,ASW,CE,Federal Contract Tower,0,0,14,20,34,0,0,271,2,273,0,0,285,22,307,396,0,396,703
11/07/2002,SSF,TX,ASW,CE,Federal Contract Tower,0,0,12,60,72,0,0,247,0,247,0,0,259,60,319,414,0,414,733
11/08/2002,SSF,TX,ASW,CE,Federal Contract Tower,0,0,18,40,58,0,0,211,0,211,0,0,229,40,269,426,0,426,695
11/09/2002,SSF,TX,ASW,CE,Federal Contract Tower,0,0,4,0,4,0,0,161,12,173,0,0,165,12,177,394,0,394,571
11/10/2002,SSF,TX,ASW,CE,Federal Contract Tower,0,0,14,2,16,0,0,108,6,114,0,0,122,8,130,244,4,248,378
11/11/2002,SSF,TX,ASW,CE,Federal Contract Tower,0,0,8,0,8,0,0,238,0,238,0,0,246,0,246,442,0,442,688
11/12/2002,SSF,TX,ASW,CE,Federal Contract Tower,0,0,8,38,46,0,0,255,0,255,0,0,263,38,301,330,0,330,631
11/13/2002,SSF,TX,ASW,CE,Federal Contract Tower,0,0,23,33,56,0,0,264,11,275,0,0,287,44,331,434,0,434,765
11/14/2002,SSF,TX,ASW,CE,Federal Contract Tower,0,0,20,36,56,0,0,225,0,225,0,0,245,36,281,342,0,342,623
11/15/2002,SSF,TX,ASW,CE,Federal Contract Tower,0,0,27,48,75,0,0,259,4,263,0,0,286,52,338,432,0,432,770
11/16/2002,SSF,TX,ASW,CE,Federal Contract Tower,0,0,22,0,22,0,0,204,2,206,0,0,226,2,228,248,0,248,476
11/17/2002,SSF,TX,ASW,CE,Federal Contract Tower,0,0,9,2,11,0,0,128,11,139,0,0,137,13,150,158,0,158,308
11/18/2002,SSF,TX,ASW,CE,Federal Contract Tower,0,0,18,48,66,0,0,179,0,179,0,0,197,48,245,166,0,166,411
11/19/2002,SSF,TX,ASW,CE,Federal Contract Tower,0,0,12,38,50,0,0,214,0,214,0,0,226,38,264,436,54,490,754
11/20/2002,SSF,TX,ASW,CE,Federal Contract Tower,0,0,9,48,57,0,0,259,0,259,0,0,268,48,316,278,0,278,594
11/21/2002,SSF,TX,ASW,CE,Federal Contract Tower,0,0,16,20,36,0,0,206,0,206,0,0,222,20,242,346,0,346,588
11/22/2002,SSF,TX,ASW,CE,Federal Contract Tower,0,0,12,10,22,0,0,252,2,254,0,0,264,12,276,484,4,488,764
11/23/2002,SSF,TX,ASW,CE,Federal Contract Tower,0,0,21,6,27,0,0,170,0,170,0,0,191,6,197,248,0,248,445
11/24/2002,SSF,TX,ASW,CE,Federal Contract Tower,0,0,8,6,14,0,0,93,0,93,0,0,101,6,107,124,0,124,231
11/25/2002,SSF,TX,ASW,CE,Federal Contract Tower,0,1,38,52,91,0,0,90,2,92,0,1,128,54,183,132,0,132,315
11/26/2002,SSF,TX,ASW,CE,Federal Contract Tower,0,1,29,0,30,0,0,29,0,29,0,1,58,0,59,68,0,68,127
11/27/2002,SSF,TX,ASW,CE,Federal Contract Tower,0,1,11,46,58,0,0,133,0,133,0,1,144,46,191,284,12,296,487
11/28/2002,SSF,TX,ASW,CE,Federal Contract Tower,0,0,2,0,2,0,0,32,0,32,0,0,34,0,34,20,0,20,54
11/29/2002,SSF,TX,ASW,CE,Federal Contract Tower,0,0,13,0,13,0,0,169,0,169,0,0,182,0,182,242,0,242,424
11/30/2002,SSF,TX,ASW,CE,Federal Contract Tower,0,0,5,0,5,0,0,161,0,161,0,0,166,0,166,208,0,208,374
12/01/2002,SSF,TX,ASW,CE,Federal Contract Tower,0,0,0,0,0,0,0,141,0,141,0,0,141,0,141,148,0,148,289
12/02/2002,SSF,TX,ASW,CE,Federal Contract Tower,0,1,20,35,56,0,0,179,1,180,0,1,199,36,236,346,20,366,602
12/03/2002,SSF,TX,ASW,CE,Federal Contract Tower,0,0,13,19,32,0,0,34,1,35,0,0,47,20,67,42,0,42,109
12/04/2002,SSF,TX,ASW,CE,Federal Contract Tower,0,0,22,25,47,0,0,104,5,109,0,0,126,30,156,208,0,208,364
12/05/2002,SSF,TX,ASW,CE,Federal Contract Tower,0,0,28,19,47,0,0,141,1,142,0,0,169,20,189,208,0,208,397
12/06/2002,SSF,TX,ASW,CE,Federal Contract Tower,0,0,12,31,43,0,0,262,1,263,0,0,274,32,306,406,0,406,712
12/07/2002,SSF,TX,ASW,CE,Federal Contract Tower,0,0,16,1,17,0,0,216,3,219,0,0,232,4,236,468,4,472,708
12/08/2002,SSF,TX,ASW,CE,Federal Contract Tower,0,0,14,0,14,0,0,0,0,0,0,0,14,0,14,0,0,0,14
12/09/2002,SSF,TX,ASW,CE,Federal Contract Tower,0,0,30,18,48,0,0,19,0,19,0,0,49,18,67,72,0,72,139
12/10/2002,SSF,TX,ASW,CE,Federal Contract Tower,0,0,22,35,57,0,0,207,8,215,0,0,229,43,272,450,0,450,722
12/11/2002,SSF,TX,ASW,CE,Federal Contract Tower,0,0,29,34,63,0,0,172,0,172,0,0,201,34,235,472,4,476,711
12/12/2002,SSF,TX,ASW,CE,Federal Contract Tower,0,0,6,26,32,0,0,133,2,135,0,0,139,28,167,282,0,282,449
12/13/2002,SSF,TX,ASW,CE,Federal Contract Tower,0,0,15,30,45,0,0,202,4,206,0,0,217,34,251,288,0,288,539
12/14/2002,SSF,TX,ASW,CE,Federal Contract Tower,0,0,17,14,31,0,0,210,0,210,0,0,227,14,241,248,0,248,489
12/15/2002,SSF,TX,ASW,CE,Federal Contract Tower,0,0,12,8,20,0,0,128,0,128,0,0,140,8,148,196,0,196,344
12/16/2002,SSF,TX,ASW,CE,Federal Contract Tower,0,0,16,22,38,0,0,104,0,104,0,0,120,22,142,228,0,228,370
12/17/2002,SSF,TX,ASW,CE,Federal Contract Tower,0,0,6,18,24,0,0,156,0,156,0,0,162,18,180,248,0,248,428
12/18/2002,SSF,TX,ASW,CE,Federal Contract Tower,0,0,23,22,45,0,0,164,0,164,0,0,187,22,209,386,0,386,595
12/19/2002,SSF,TX,ASW,CE,Federal Contract Tower,0,0,6,26,32,0,0,138,0,138,0,0,144,26,170,244,0,244,414
12/20/2002,SSF,TX,ASW,CE,Federal Contract Tower,0,0,10,24,34,0,0,188,0,188,0,0,198,24,222,440,0,440,662
12/21/2002,SSF,TX,ASW,CE,Federal Contract Tower,0,0,14,0,14,0,0,162,0,162,0,0,176,0,176,264,0,264,440
12/22/2002,SSF,TX,ASW,CE,Federal Contract Tower,0,0,15,0,15,0,0,38,0,38,0,0,53,0,53,76,0,76,129
12/23/2002,SSF,TX,ASW,CE,Federal Contract Tower,0,0,12,0,12,0,0,24,0,24,0,0,36,0,36,56,0,56,92
12/24/2002,SSF,TX,ASW,CE,Federal Contract Tower,0,0,6,0,6,0,0,75,0,75,0,0,81,0,81,110,0,110,191
12/25/2002,SSF,TX,ASW,CE,Federal Contract Tower,0,0,0,0,0,0,0,23,0,23,0,0,23,0,23,0,0,0,23
12/26/2002,SSF,TX,ASW,CE,Federal Contract Tower,0,1,12,0,13,0,0,97,0,97,0,1,109,0,110,230,0,230,340
12/27/2002,SSF,TX,ASW,CE,Federal Contract Tower,0,0,6,6,12,0,1,176,0,177,0,1,182,6,189,214,0,214,403
12/28/2002,SSF,TX,ASW,CE,Federal Contract Tower,0,0,7,0,7,0,0,146,0,146,0,0,153,0,153,272,0,272,425
12/29/2002,SSF,TX,ASW,CE,Federal Contract Tower,0,0,12,0,12,0,0,8,0,8,0,0,20,0,20,10,0,10,30
12/30/2002,SSF,TX,ASW,CE,Federal Contract Tower,0,1,9,2,12,0,0,27,0,27,0,1,36,2,39,108,0,108,147
12/31/2002,SSF,TX,ASW,CE,Federal Contract Tower,0,0,4,0,4,0,0,152,0,152,0,0,156,0,156,158,0,158,314
01/01/2003,SSF,TX,ASW,CE,Federal Contract Tower,0,0,1,0,1,0,0,79,0,79,0,0,80,0,80,72,0,72,152
01/02/2003,SSF,TX,ASW,CE,Federal Contract Tower,0,0,6,10,16,0,0,120,0,120,0,0,126,10,136,226,0,226,362
01/03/2003,SSF,TX,ASW,CE,Federal Contract Tower,0,0,12,28,40,0,0,165,0,165,0,0,177,28,205,226,0,226,431
01/04/2003,SSF,TX,ASW,CE,Federal Contract Tower,0,0,3,0,3,0,0,165,0,165,0,0,168,0,168,314,0,314,482
01/05/2003,SSF,TX,ASW,CE,Federal Contract Tower,0,0,5,0,5,0,0,92,0,92,0,0,97,0,97,152,0,152,249
01/06/2003,SSF,TX,ASW,CE,Federal Contract Tower,0,0,15,42,57,0,0,64,0,64,0,0,79,42,121,144,0,144,265
01/07/2003,SSF,TX,ASW,CE,Federal Contract Tower,0,0,10,34,44,0,0,158,0,158,0,0,168,34,202,296,0,296,498
01/08/2003,SSF,TX,ASW,CE,Federal Contract Tower,0,0,8,32,40,0,0,237,0,237,0,0,245,32,277,378,0,378,655
01/09/2003,SSF,TX,ASW,CE,Federal Contract Tower,0,0,12,34,46,0,0,207,0,207,0,0,219,34,253,406,14,420,673
01/10/2003,SSF,TX,ASW,CE,Federal Contract Tower,0,0,5,58,63,0,0,204,0,204,0,0,209,58,267,308,16,324,591
01/11/2003,SSF,TX,ASW,CE,Federal Contract Tower,0,0,14,6,20,0,0,57,2,59,0,0,71,8,79,62,0,62,141
01/12/2003,SSF,TX,ASW,CE,Federal Contract Tower,0,0,3,0,3,0,0,1,0,1,0,0,4,0,4,0,0,0,4
01/13/2003,SSF,TX,ASW,CE,Federal Contract Tower,0,0,31,50,81,0,0,50,2,52,0,0,81,52,133,130,0,130,263
01/14/2003,SSF,TX,ASW,CE,Federal Contract Tower,0,0,17,40,57,0,0,158,0,158,0,0,175,40,215,304,0,304,519
01/15/2003,SSF,TX,ASW,CE,Federal Contract Tower,0,0,13,26,39,0,0,130,2,132,0,0,143,28,171,286,2,288,459
01/16/2003,SSF,TX,ASW,CE,Federal Contract Tower,0,0,6,8,14,0,0,40,4,44,0,0,46,12,58,40,0,40,98
01/17/2003,SSF,TX,ASW,CE,Federal Contract Tower,0,0,12,18,30,0,0,199,0,199,0,0,211,18,229,262,0,262,491
01/18/2003,SSF,TX,ASW,CE,Federal Contract Tower,0,0,8,0,8,0,0,195,0,195,0,0,203,0,203,198,0,198,401
01/19/2003,SSF,TX,ASW,CE,Federal Contract Tower,0,0,8,4,12,0,0,129,0,129,0,0,137,4,141,146,0,146,287
01/20/2003,SSF,TX,ASW,CE,Federal Contract Tower,0,0,11,6,17,0,0,86,0,86,0,0,97,6,103,74,0,74,177
01/21/2003,SSF,TX,ASW,CE,Federal Contract Tower,0,0,14,22,36,0,0,144,0,144,0,0,158,22,180,242,0,242,422
01/22/2003,SSF,TX,ASW,CE,Federal Contract Tower,0,0,31,44,75,0,0,104,0,104,0,0,135,44,179,252,6,258,437
01/23/2003,SSF,TX,ASW,CE,Federal Contract Tower,0,0,14,8,22,0,0,160,4,164,0,0,174,12,186,108,0,108,294
01/24/2003,SSF,TX,ASW,CE,Federal Contract Tower,0,0,18,28,46,0,0,149,5,154,0,0,167,33,200,344,12,356,556
01/25/2003,SSF,TX,ASW,CE,Federal Contract Tower,0,2,11,0,13,0,0,0,0,0,0,2,11,0,13,0,0,0,13
01/26/2003,SSF,TX,ASW,CE,Federal Contract Tower,0,0,14,6,20,0,0,5,0,5,0,0,19,6,25,8,0,8,33
01/27/2003,SSF,TX,ASW,CE,Federal Contract Tower,0,1,31,24,56,0,0,45,0,45,0,1,76,24,101,132,0,132,233
01/28/2003,SSF,TX,ASW,CE,Federal Contract Tower,0,1,24,4,29,0,0,11,2,13,0,1,35,6,42,0,0,0,42
01/29/2003,SSF,TX,ASW,CE,Federal Contract Tower,0,0,27,12,39,0,0,150,2,152,0,0,177,14,191,296,10,306,497
01/30/2003,SSF,TX,ASW,CE,Federal Contract Tower,0,0,35,20,55,0,0,168,9,177,0,0,203,29,232,214,14,228,460
01/31/2003,SSF,TX,ASW,CE,Federal Contract Tower,0,0,16,8,24,0,0,122,0,122,0,0,138,8,146,196,0,196,342
02/01/2003,SSF,TX,ASW,CE,Federal Contract Tower,0,0,13,0,13,0,0,178,0,178,0,0,191,0,191,308,0,308,499
02/02/2003,SSF,TX,ASW,CE,Federal Contract Tower,0,0,7,6,13,0,0,40,0,40,0,0,47,6,53,112,0,112,165
02/03/2003,SSF,TX,ASW,CE,Federal Contract Tower,0,0,7,20,27,0,0,138,0,138,0,0,145,20,165,304,0,304,469
02/04/2003,SSF,TX,ASW,CE,Federal Contract Tower,0,0,26,21,47,0,0,105,11,116,0,0,131,32,163,218,0,218,381
02/05/2003,SSF,TX,ASW,CE,Federal Contract Tower,0,0,23,14,37,0,0,35,0,35,0,0,58,14,72,36,0,36,108
02/06/2003,SSF,TX,ASW,CE,Federal Contract Tower,0,0,8,32,40,0,0,91,0,91,0,0,99,32,131,172,0,172,303
02/07/2003,SSF,TX,ASW,CE,Federal Contract Tower,0,0,14,0,14,0,0,37,0,37,0,0,51,0,51,20,0,20,71
02/08/2003,SSF,TX,ASW,CE,Federal Contract Tower,0,0,4,0,4,0,0,1,0,1,0,0,5,0,5,0,0,0,5
02/09/2003,SSF,TX,ASW,CE,Federal Contract Tower,0,0,6,0,6,0,0,77,0,77,0,0,83,0,83,156,14,170,253
02/10/2003,SSF,TX,ASW,CE,Federal Contract Tower,0,0,7,23,30,0,0,223,1,224,0,0,230,24,254,276,0,276,530
02/11/2003,SSF,TX,ASW,CE,Federal Contract Tower,0,0,30,30,60,0,0,211,0,211,0,0,241,30,271,424,0,424,695
02/12/2003,SSF,TX,ASW,CE,Federal Contract Tower,0,0,18,0,18,0,0,7,0,7,0,0,25,0,25,14,0,14,39
02/13/2003,SSF,TX,ASW,CE,Federal Contract Tower,0,0,18,18,36,0,0,20,0,20,0,0,38,18,56,0,0,0,56
02/14/2003,SSF,TX,ASW,CE,Federal Contract Tower,0,2,19,6,27,0,0,16,0,16,0,2,35,6,43,26,0,26,69
02/15/2003,SSF,TX,ASW,CE,Federal Contract Tower,0,0,24,2,26,0,0,72,0,72,0,0,96,2,98,172,0,172,270
02/16/2003,SSF,TX,ASW,CE,Federal Contract Tower,0,0,5,2,7,0,0,137,0,137,0,0,142,2,144,250,0,250,394
02/17/2003,SSF,TX,ASW,CE,Federal Contract Tower,0,0,9,4,13,0,0,211,0,211,0,0,220,4,224,280,0,280,504
02/18/2003,SSF,TX,ASW,CE,Federal Contract Tower,0,0,35,16,51,0,0,111,0,111,0,0,146,16,162,236,0,236,398
02/19/2003,SSF,TX,ASW,CE,Federal Contract Tower,0,0,38,8,46,0,0,63,0,63,0,0,101,8,109,158,0,158,267
02/20/2003,SSF,TX,ASW,CE,Federal Contract Tower,0,2,8,0,10,0,0,10,0,10,0,2,18,0,20,8,0,8,28
02/21/2003,SSF,TX,ASW,CE,Federal Contract Tower,0,0,9,0,9,0,0,17,2,19,0,0,26,2,28,24,0,24,52
02/22/2003,SSF,TX,ASW,CE,Federal Contract Tower,0,0,11,4,15,0,0,271,0,271,0,0,282,4,286,316,0,316,602
02/23/2003,SSF,TX,ASW,CE,Federal Contract Tower,0,0,4,8,12,0,0,191,0,191,0,0,195,8,203,282,0,282,485
02/24/2003,SSF,TX,ASW,CE,Federal Contract Tower,0,0,10,10,20,0,0,21,0,21,0,0,31,10,41,12,0,12,53
02/25/2003,SSF,TX,ASW,CE,Federal Contract Tower,0,0,7,0,7,0,0,0,0,0,0,0,7,0,7,0,0,0,7
02/26/2003,SSF,TX,ASW,CE,Federal Contract Tower,0,0,11,8,19,0,0,32,0,32,0,0,43,8,51,102,0,102,153
02/27/2003,SSF,TX,ASW,CE,Federal Contract Tower,0,0,18,36,54,0,0,179,0,179,0,0,197,36,233,384,0,384,617
02/28/2003,SSF,TX,ASW,CE,Federal Contract Tower,0,0,36,34,70,0,0,56,0,56,0,0,92,34,126,216,0,216,342
03/01/2003,SSF,TX,ASW,CE,Federal Contract Tower,0,0,10,0,10,0,0,0,0,0,0,0,10,0,10,0,0,0,10
03/02/2003,SSF,TX,ASW,CE,Federal Contract Tower,0,0,12,0,12,0,0,2,0,2,0,0,14,0,14,0,0,0,14
03/03/2003,SSF,TX,ASW,CE,Federal Contract Tower,0,2,14,16,32,0,0,48,0,48,0,2,62,16,80,102,0,102,182
03/04/2003,SSF,TX,ASW,CE,Federal Contract Tower,0,0,43,32,75,0,0,119,0,119,0,0,162,32,194,294,0,294,488
03/05/2003,SSF,TX,ASW,CE,Federal Contract Tower,0,0,23,4,27,0,0,17,0,17,0,0,40,4,44,0,0,0,44
03/06/2003,SSF,TX,ASW,CE,Federal Contract Tower,0,0,24,40,64,0,0,208,0,208,0,0,232,40,272,276,0,276,548
03/07/2003,SSF,TX,ASW,CE,Federal Contract Tower,0,0,22,36,58,0,0,245,2,247,0,0,267,38,305,356,0,356,661
03/08/2003,SSF,TX,ASW,CE,Federal Contract Tower,0,0,43,40,83,0,0,143,0,143,0,0,186,40,226,324,0,324,550
03/09/2003,SSF,TX,ASW,CE,Federal Contract Tower,0,1,24,6,31,0,0,88,2,90,0,1,112,8,121,194,0,194,315
03/10/2003,SSF,TX,ASW,CE,Federal Contract Tower,0,0,19,28,47,0,0,175,0,175,0,0,194,28,222,322,6,328,550
03/11/2003,SSF,TX,ASW,CE,Federal Contract Tower,0,1,15,4,20,0,0,2,0,2,0,1,17,4,22,0,0,0,22
03/12/2003,SSF,TX,ASW,CE,Federal Contract Tower,0,0,40,20,60,0,0,48,6,54,0,0,88,26,114,172,0,172,286
03/13/2003,SSF,TX,ASW,CE,Federal Contract Tower,0,0,25,24,49,0,0,136,0,136,0,0,161,24,185,264,0,264,449
03/14/2003,SSF,TX,ASW,CE,Federal Contract Tower,0,0,21,20,41,0,0,211,0,211,0,0,232,20,252,262,0,262,514
03/15/2003,SSF,TX,ASW,CE,Federal Contract Tower,0,0,33,4,37,0,0,52,0,52,0,0,85,4,89,154,0,154,243
03/16/2003,SSF,TX,ASW,CE,Federal Contract Tower,0,0,13,0,13,0,0,116,0,116,0,0,129,0,129,244,0,244,373
03/17/2003,SSF,TX,ASW,CE,Federal Contract Tower,0,0,32,28,60,0,0,84,0,84,0,0,116,28,144,100,0,100,244
03/18/2003,SSF,TX,ASW,CE,Federal Contract Tower,0,0,17,26,43,0,0,105,0,105,0,0,122,26,148,68,0,68,216
03/19/2003,SSF,TX,ASW,CE,Federal Contract Tower,0,0,1,10,11,0,0,127,2,129,0,0,128,12,140,82,0,82,222
03/20/2003,SSF,TX,ASW,CE,Federal Contract Tower,0,0,26,22,48,0,0,215,3,218,0,0,241,25,266,236,0,236,502
03/21/2003,SSF,TX,ASW,CE,Federal Contract Tower,0,0,7,28,35,0,0,227,2,229,0,0,234,30,264,368,0,368,632
03/22/2003,SSF,TX,ASW,CE,Federal Contract Tower,0,0,15,4,19,0,0,63,0,63,0,0,78,4,82,160,0,160,242
03/23/2003,SSF,TX,ASW,CE,Federal Contract Tower,0,0,17,9,26,0,0,147,1,148,0,0,164,10,174,200,0,200,374
03/24/2003,SSF,TX,ASW,CE,Federal Contract Tower,0,0,35,12,47,0,0,112,0,112,0,0,147,12,159,90,0,90,249
03/25/2003,SSF,TX,ASW,CE,Federal Contract Tower,0,0,36,8,44,0,0,31,6,37,0,0,67,14,81,26,0,26,107
03/26/2003,SSF,TX,ASW,CE,Federal Contract Tower,0,0,21,28,49,0,0,236,4,240,0,0,257,32,289,366,24,390,679
03/27/2003,SSF,TX,ASW,CE,Federal Contract Tower,0,1,16,6,23,0,0,208,0,208,0,1,224,6,231,258,0,258,489
03/28/2003,SSF,TX,ASW,CE,Federal Contract Tower,0,0,12,0,12,0,0,82,0,82,0,0,94,0,94,29,0,29,123
03/29/2003,SSF,TX,ASW,CE,Federal Contract Tower,0,0,5,0,5,0,0,108,0,108,0,0,113,0,113,112,0,112,225
03/30/2003,SSF,TX,ASW,CE,Federal Contract Tower,0,0,12,2,14,0,0,170,0,170,0,0,182,2,184,254,0,254,438
03/31/2003,SSF,TX,ASW,CE,Federal Contract Tower,0,0,8,24,32,0,0,199,0,199,0,0,207,24,231,214,0,214,445
04/01/2003,SSF,TX,ASW,CE,Federal Contract Tower,0,0,8,18,26,0,0,163,0,163,0,0,171,18,189,124,0,124,313
04/02/2003,SSF,TX,ASW,CE,Federal Contract Tower,0,0,31,22,53,0,0,135,0,135,0,0,166,22,188,196,0,196,384
04/03/2003,SSF,TX,ASW,CE,Federal Contract Tower,0,0,55,36,91,0,0,154,0,154,0,0,209,36,245,274,0,274,519
04/04/2003,SSF,TX,ASW,CE,Federal Contract Tower,0,2,40,32,74,0,0,146,0,146,0,2,186,32,220,268,0,268,488
04/05/2003,SSF,TX,ASW,CE,Federal Contract Tower,0,0,35,2,37,0,0,124,0,124,0,0,159,2,161,208,0,208,369
04/06/2003,SSF,TX,ASW,CE,Federal Contract Tower,0,0,25,8,33,0,0,32,2,34,0,0,57,10,67,44,0,44,111
04/07/2003,SSF,TX,ASW,CE,Federal Contract Tower,0,0,45,20,65,0,0,109,0,109,0,0,154,20,174,204,0,204,378
04/08/2003,SSF,TX,ASW,CE,Federal Contract Tower,0,0,6,14,20,0,0,92,0,92,0,0,98,14,112,48,0,48,160
04/09/2003,SSF,TX,ASW,CE,Federal Contract Tower,0,0,22,36,58,0,0,309,2,311,0,0,331,38,369,438,0,438,807
04/10/2003,SSF,TX,ASW,CE,Federal Contract Tower,0,0,20,34,54,0,0,302,7,309,0,0,322,41,363,408,0,408,771
04/11/2003,SSF,TX,ASW,CE,Federal Contract Tower,0,0,25,32,57,0,0,248,0,248,0,0,273,32,305,380,0,380,685
04/12/2003,SSF,TX,ASW,CE,Federal Contract Tower,0,0,8,4,12,0,0,183,0,183,0,0,191,4,195,206,0,206,401
04/13/2003,SSF,TX,ASW,CE,Federal Contract Tower,0,0,9,10,19,0,0,115,2,117,0,0,124,12,136,142,0,142,278
04/14/2003,SSF,TX,ASW,CE,Federal Contract Tower,0,0,17,36,53,0,0,151,0,151,0,0,168,36,204,142,0,142,346
04/15/2003,SSF,TX,ASW,CE,Federal Contract Tower,0,0,23,44,67,0,0,110,0,110,0,0,133,44,177,154,0,154,331
04/16/2003,SSF,TX,ASW,CE,Federal Contract Tower,0,0,9,26,35,0,0,142,0,142,0,0,151,26,177,120,0,120,297
04/17/2003,SSF,TX,ASW,CE,Federal Contract Tower,0,0,30,36,66,0,0,161,0,161,0,0,191,36,227,250,0,250,477
04/18/2003,SSF,TX,ASW,CE,Federal Contract Tower,0,0,29,50,79,0,0,108,0,108,0,0,137,50,187,164,0,164,351
04/19/2003,SSF,TX,ASW,CE,Federal Contract Tower,0,0,31,0,31,0,0,16,0,16,0,0,47,0,47,48,0,48,95
04/20/2003,SSF,TX,ASW,CE,Federal Contract Tower,0,0,4,6,10,0,0,41,0,41,0,0,45,6,51,112,0,112,163
04/21/2003,SSF,TX,ASW,CE,Federal Contract Tower,0,0,20,36,56,0,0,172,0,172,0,0,192,36,228,256,0,256,484
04/22/2003,SSF,TX,ASW,CE,Federal Contract Tower,0,0,30,10,40,0,0,35,0,35,0,0,65,10,75,62,0,62,137
04/23/2003,SSF,TX,ASW,CE,Federal Contract Tower,0,0,48,36,84,0,0,48,0,48,0,0,96,36,132,88,0,88,220
04/24/2003,SSF,TX,ASW,CE,Federal Contract Tower,0,0,20,30,50,0,0,181,0,181,0,0,201,30,231,280,0,280,511
04/25/2003,SSF,TX,ASW,CE,Federal Contract Tower,0,0,10,42,52,0,0,207,4,211,0,0,217,46,263,236,0,236,499
04/26/2003,SSF,TX,ASW,CE,Federal Contract Tower,0,0,7,4,11,0,0,178,0,178,0,0,185,4,189,192,0,192,381
04/27/2003,SSF,TX,ASW,CE,Federal Contract Tower,0,0,9,10,19,0,0,104,4,108,0,0,113,14,127,126,0,126,253
04/28/2003,SSF,TX,ASW,CE,Federal Contract Tower,0,2,29,26,57,0,0,159,0,159,0,2,188,26,216,322,0,322,538
04/29/2003,SSF,TX,ASW,CE,Federal Contract Tower,0,1,84,22,107,0,0,0,0,0,0,1,84,22,107,62,0,62,169
04/30/2003,SSF,TX,ASW,CE,Federal Contract Tower,0,0,29,40,69,0,0,171,2,173,0,0,200,42,242,316,0,316,558
05/01/2003,SSF,TX,ASW,CE,Federal Contract Tower,0,0,44,32,76,0,0,138,0,138,0,0,182,32,214,310,0,310,524
05/02/2003,SSF,TX,ASW,CE,Federal Contract Tower,0,0,41,32,73,0,0,96,0,96,0,0,137,32,169,222,0,222,391
05/03/2003,SSF,TX,ASW,CE,Federal Contract Tower,0,0,26,4,30,0,0,57,0,57,0,0,83,4,87,166,0,166,253
05/04/2003,SSF,TX,ASW,CE,Federal Contract Tower,0,0,19,8,27,0,0,35,0,35,0,0,54,8,62,72,0,72,134
05/05/2003,SSF,TX,ASW,CE,Federal Contract Tower,0,0,34,20,54,0,0,103,0,103,0,0,137,20,157,188,0,188,345
05/06/2003,SSF,TX,ASW,CE,Federal Contract Tower,0,0,35,24,59,0,0,89,0,89,0,0,124,24,148,256,2,258,406
05/07/2003,SSF,TX,ASW,CE,Federal Contract Tower,0,0,28,26,54,0,0,154,0,154,0,0,182,26,208,394,0,394,602
05/08/2003,SSF,TX,ASW,CE,Federal Contract Tower,0,0,39,28,67,0,1,115,0,116,0,1,154,28,183,94,0,94,277
05/09/2003,SSF,TX,ASW,CE,Federal Contract Tower,0,0,60,28,88,0,0,93,0,93,0,0,153,28,181,204,0,204,385
05/10/2003,SSF,TX,ASW,CE,Federal Contract Tower,0,0,37,0,37,0,0,82,0,82,0,0,119,0,119,280,0,280,399
05/11/2003,SSF,TX,ASW,CE,Federal Contract Tower,0,0,19,2,21,0,0,28,0,28,0,0,47,2,49,30,0,30,79
05/12/2003,SSF,TX,ASW,CE,Federal Contract Tower,0,0,21,10,31,0,0,136,0,136,0,0,157,10,167,342,0,342,509
05/13/2003,SSF,TX,ASW,CE,Federal Contract Tower,0,4,40,16,60,0,0,172,0,172,0,4,212,16,232,440,0,440,672
05/14/2003,SSF,TX,ASW,CE,Federal Contract Tower,0,0,27,18,45,0,0,164,0,164,0,0,191,18,209,338,0,338,547
05/15/2003,SSF,TX,ASW,CE,Federal Contract Tower,0,0,30,34,64,0,0,169,0,169,0,0,199,34,233,244,0,244,477
05/16/2003,SSF,TX,ASW,CE,Federal Contract Tower,0,0,20,24,44,0,0,147,3,150,0,0,167,27,194,196,0,196,390
05/17/2003,SSF,TX,ASW,CE,Federal Contract Tower,0,0,12,6,18,0,0,167,0,167,0,0,179,6,185,236,0,236,421
05/18/2003,SSF,TX,ASW,CE,Federal Contract Tower,0,0,6,0,6,0,0,122,3,125,0,0,128,3,131,154,6,160,291
05/19/2003,SSF,TX,ASW,CE,Federal Contract Tower,0,0,8,30,38,0,0,179,0,179,0,0,187,30,217,244,0,244,461
05/20/2003,SSF,TX,ASW,CE,Federal Contract Tower,0,0,23,42,65,0,0,179,0,179,0,0,202,42,244,284,0,284,528
05/21/2003,SSF,TX,ASW,CE,Federal Contract Tower,0,0,20,4,24,0,0,190,0,190,0,0,210,4,214,408,0,408,622
05/22/2003,SSF,TX,ASW,CE,Federal Contract Tower,0,0,26,24,50,0,0,145,0,145,0,0,171,24,195,314,2,316,511
05/23/2003,SSF,TX,ASW,CE,Federal Contract Tower,0,0,18,34,52,0,0,170,2,172,0,0,188,36,224,360,0,360,584
05/24/2003,SSF,TX,ASW,CE,Federal Contract Tower,0,0,12,0,12,0,0,125,0,125,0,0,137,0,137,278,0,278,415
05/25/2003,SSF,TX,ASW,CE,Federal Contract Tower,0,0,9,0,9,0,0,62,0,62,0,0,71,0,71,36,0,36,107
05/26/2003,SSF,TX,ASW,CE,Federal Contract Tower,0,0,20,0,20,0,0,118,0,118,0,0,138,0,138,210,0,210,348
05/27/2003,SSF,TX,ASW,CE,Federal Contract Tower,0,0,28,30,58,0,0,85,0,85,0,0,113,30,143,330,0,330,473
05/28/2003,SSF,TX,ASW,CE,Federal Contract Tower,0,0,17,26,43,0,0,216,0,216,0,0,233,26,259,416,0,416,675
05/29/2003,SSF,TX,ASW,CE,Federal Contract Tower,0,0,1,32,33,0,0,164,0,164,0,0,165,32,197,312,0,312,509
05/30/2003,SSF,TX,ASW,CE,Federal Contract Tower,0,0,5,36,41,0,0,145,6,151,0,0,150,42,192,302,0,302,494
05/31/2003,SSF,TX,ASW,CE,Federal Contract Tower,0,0,7,0,7,0,0,116,0,116,0,0,123,0,123,260,0,260,383
06/01/2003,SSF,TX,ASW,CE,Federal Contract Tower,0,0,6,8,14,0,0,40,0,40,0,0,46,8,54,60,0,60,114
06/02/2003,SSF,TX,ASW,CE,Federal Contract Tower,0,0,11,20,31,0,0,115,0,115,0,0,126,20,146,198,0,198,344
06/03/2003,SSF,TX,ASW,CE,Federal Contract Tower,0,0,21,10,31,0,0,80,0,80,0,0,101,10,111,134,0,134,245
06/04/2003,SSF,TX,ASW,CE,Federal Contract Tower,0,0,12,32,44,0,0,144,4,148,0,0,156,36,192,330,10,340,532
06/05/2003,SSF,TX,ASW,CE,Federal Contract Tower,0,0,11,16,27,0,0,87,0,87,0,0,98,16,114,108,0,108,222
06/06/2003,SSF,TX,ASW,CE,Federal Contract Tower,0,0,25,36,61,0,0,96,0,96,0,0,121,36,157,104,0,104,261
06/07/2003,SSF,TX,ASW,CE,Federal Contract Tower,0,0,22,14,36,0,0,158,0,158,0,0,180,14,194,210,0,210,404
06/08/2003,SSF,TX,ASW,CE,Federal Contract Tower,0,0,1,4,5,0,0,22,0,22,0,0,23,4,27,4,0,4,31
06/09/2003,SSF,TX,ASW,CE,Federal Contract Tower,0,0,25,2,27,0,0,125,0,125,0,0,150,2,152,258,0,258,410
06/10/2003,SSF,TX,ASW,CE,Federal Contract Tower,0,0,11,18,29,0,0,112,0,112,0,0,123,18,141,114,0,114,255
06/11/2003,SSF,TX,ASW,CE,Federal Contract Tower,0,0,31,30,61,0,0,184,2,186,0,0,215,32,247,378,24,402,649
06/12/2003,SSF,TX,ASW,CE,Federal Contract Tower,0,0,37,38,75,0,0,100,0,100,0,0,137,38,175,196,0,196,371
06/13/2003,SSF,TX,ASW,CE,Federal Contract Tower,0,0,14,24,38,0,0,100,0,100,0,0,114,24,138,170,0,170,308
06/14/2003,SSF,TX,ASW,CE,Federal Contract Tower,0,0,6,0,6,0,0,143,0,143,0,0,149,0,149,272,0,272,421
06/15/2003,SSF,TX,ASW,CE,Federal Contract Tower,0,0,9,0,9,0,0,53,0,53,0,0,62,0,62,32,0,32,94
06/16/2003,SSF,TX,ASW,CE,Federal Contract Tower,0,0,12,24,36,0,0,126,0,126,0,0,138,24,162,230,0,230,392
06/17/2003,SSF,TX,ASW,CE,Federal Contract Tower,0,0,8,30,38,0,0,137,0,137,0,0,145,30,175,235,0,235,410
06/18/2003,SSF,TX,ASW,CE,Federal Contract Tower,0,0,4,30,34,0,0,172,0,172,0,0,176,30,206,304,0,304,510
06/19/2003,SSF,TX,ASW,CE,Federal Contract Tower,0,0,13,28,41,0,0,130,4,134,0,0,143,32,175,270,0,270,445
06/20/2003,SSF,TX,ASW,CE,Federal Contract Tower,0,0,8,20,28,0,0,140,0,140,0,0,148,20,168,276,0,276,444
06/21/2003,SSF,TX,ASW,CE,Federal Contract Tower,0,0,19,4,23,0,0,101,0,101,0,0,120,4,124,280,0,280,404
06/22/2003,SSF,TX,ASW,CE,Federal Contract Tower,0,0,20,10,30,0,0,53,0,53,0,0,73,10,83,68,0,68,151
06/23/2003,SSF,TX,ASW,CE,Federal Contract Tower,0,0,9,52,61,0,0,135,0,135,0,0,144,52,196,238,0,238,434
06/24/2003,SSF,TX,ASW,CE,Federal Contract Tower,0,0,20,16,36,0,0,125,0,125,0,0,145,16,161,242,0,242,403
06/25/2003,SSF,TX,ASW,CE,Federal Contract Tower,0,0,16,32,48,0,0,144,0,144,0,0,160,32,192,258,0,258,450
06/26/2003,SSF,TX,ASW,CE,Federal Contract Tower,0,0,4,44,48,0,0,179,0,179,0,0,183,44,227,382,0,382,609
06/27/2003,SSF,TX,ASW,CE,Federal Contract Tower,0,0,15,34,49,0,0,130,4,134,0,0,145,38,183,180,4,184,367
06/28/2003,SSF,TX,ASW,CE,Federal Contract Tower,0,0,14,4,18,0,0,110,0,110,0,0,124,4,128,278,0,278,406
06/29/2003,SSF,TX,ASW,CE,Federal Contract Tower,0,0,15,14,29,0,0,72,0,72,0,0,87,14,101,90,0,90,191
06/30/2003,SSF,TX,ASW,CE,Federal Contract Tower,0,0,20,20,40,0,0,97,0,97,0,0,117,20,137,192,0,192,329
07/01/2003,SSF,TX,ASW,CE,Federal Contract Tower,0,0,12,24,36,0,0,114,6,120,0,0,126,30,156,222,0,222,378
07/02/2003,SSF,TX,ASW,CE,Federal Contract Tower,0,0,21,28,49,0,0,123,0,123,0,0,144,28,172,244,0,244,416
07/03/2003,SSF,TX,ASW,CE,Federal Contract Tower,0,0,9,0,9,0,0,117,0,117,0,0,126,0,126,175,0,175,301
07/04/2003,SSF,TX,ASW,CE,Federal Contract Tower,0,0,5,0,5,0,0,38,0,38,0,0,43,0,43,60,0,60,103
07/05/2003,SSF,TX,ASW,CE,Federal Contract Tower,0,0,3,0,3,0,0,13,0,13,0,0,16,0,16,22,0,22,38
07/06/2003,SSF,TX,ASW,CE,Federal Contract Tower,0,0,6,0,6,0,0,37,0,37,0,0,43,0,43,46,0,46,89
07/07/2003,SSF,TX,ASW,CE,Federal Contract Tower,0,0,10,26,36,0,0,122,0,122,0,0,132,26,158,290,0,290,448
07/08/2003,SSF,TX,ASW,CE,Federal Contract Tower,0,0,16,2,18,0,0,18,0,18,0,0,34,2,36,8,0,8,44
07/09/2003,SSF,TX,ASW,CE,Federal Contract Tower,0,0,35,30,65,0,0,117,0,117,0,0,152,30,182,360,0,360,542
07/10/2003,SSF,TX,ASW,CE,Federal Contract Tower,0,0,24,38,62,0,0,190,0,190,0,0,214,38,252,360,4,364,616
07/11/2003,SSF,TX,ASW,CE,Federal Contract Tower,0,0,29,20,49,0,0,161,2,163,0,0,190,22,212,258,0,258,470
07/12/2003,SSF,TX,ASW,CE,Federal Contract Tower,0,0,5,0,5,0,0,170,2,172,0,0,175,2,177,336,0,336,513
07/13/2003,SSF,TX,ASW,CE,Federal Contract Tower,0,0,8,4,12,0,0,78,0,78,0,0,86,4,90,150,0,150,240
07/14/2003,SSF,TX,ASW,CE,Federal Contract Tower,0,0,5,26,31,0,0,165,2,167,0,0,170,28,198,374,0,374,572
07/15/2003,SSF,TX,ASW,CE,Federal Contract Tower,0,0,7,24,31,0,0,51,0,51,0,0,58,24,82,64,0,64,146
07/16/2003,SSF,TX,ASW,CE,Federal Contract Tower,0,0,7,12,19,0,0,36,0,36,0,0,43,12,55,104,0,104,159
07/17/2003,SSF,TX,ASW,CE,Federal Contract Tower,0,0,16,14,30,0,0,87,0,87,0,0,103,14,117,290,0,290,407
07/18/2003,SSF,TX,ASW,CE,Federal Contract Tower,0,0,15,20,35,0,0,121,0,121,0,0,136,20,156,214,0,214,370
07/19/2003,SSF,TX,ASW,CE,Federal Contract Tower,0,0,24,4,28,0,0,108,0,108,0,0,132,4,136,246,0,246,382
07/20/2003,SSF,TX,ASW,CE,Federal Contract Tower,0,0,3,8,11,0,0,85,0,85,0,0,88,8,96,130,0,130,226
07/21/2003,SSF,TX,ASW,CE,Federal Contract Tower,0,0,11,38,49,0,0,164,0,164,0,0,175,38,213,322,0,322,535
07/22/2003,SSF,TX,ASW,CE,Federal Contract Tower,0,0,10,42,52,0,0,156,0,156,0,0,166,42,208,312,0,312,520
07/23/2003,SSF,TX,ASW,CE,Federal Contract Tower,0,0,11,26,37,0,0,100,4,104,0,0,111,30,141,144,0,144,285
07/24/2003,SSF,TX,ASW,CE,Federal Contract Tower,0,2,13,46,61,0,0,175,0,175,0,2,188,46,236,250,0,250,486
07/25/2003,SSF,TX,ASW,CE,Federal Contract Tower,0,0,35,28,63,0,0,156,0,156,0,0,191,28,219,330,0,330,549
07/26/2003,SSF,TX,ASW,CE,Federal Contract Tower,0,0,16,0,16,0,0,102,0,102,0,0,118,0,118,198,0,198,316
07/27/2003,SSF,TX,ASW,CE,Federal Contract Tower,0,0,13,2,15,0,0,49,0,49,0,0,62,2,64,74,6,80,144
07/28/2003,SSF,TX,ASW,CE,Federal Contract Tower,0,0,13,34,47,0,0,70,0,70,0,0,83,34,117,176,0,176,293
07/29/2003,SSF,TX,ASW,CE,Federal Contract Tower,0,0,13,38,51,0,0,121,2,123,0,0,134,40,174,220,6,226,400
07/30/2003,SSF,TX,ASW,CE,Federal Contract Tower,0,0,13,18,31,0,0,150,0,150,0,0,163,18,181,270,0,270,451
07/31/2003,SSF,TX,ASW,CE,Federal Contract Tower,0,0,17,24,41,0,0,149,0,149,0,0,166,24,190,228,0,228,418
08/01/2003,SSF,TX,ASW,CE,Federal Contract Tower,0,0,54,48,102,0,0,135,0,135,0,0,189,48,237,286,4,290,527
08/02/2003,SSF,TX,ASW,CE,Federal Contract Tower,0,0,15,4,19,0,0,110,0,110,0,0,125,4,129,250,0,250,379
08/03/2003,SSF,TX,ASW,CE,Federal Contract Tower,0,0,11,4,15,0,0,62,2,64,0,0,73,6,79,62,0,62,141
08/04/2003,SSF,TX,ASW,CE,Federal Contract Tower,0,0,9,46,55,0,0,135,0,135,0,0,144,46,190,188,0,188,378
08/05/2003,SSF,TX,ASW,CE,Federal Contract Tower,0,0,17,46,63,0,0,175,4,179,0,0,192,50,242,284,0,284,526
08/06/2003,SSF,TX,ASW,CE,Federal Contract Tower,0,0,16,22,38,0,0,156,2,158,0,0,172,24,196,356,0,356,552
08/07/2003,SSF,TX,ASW,CE,Federal Contract Tower,0,0,7,30,37,0,0,173,1,174,0,0,180,31,211,296,0,296,507
08/08/2003,SSF,TX,ASW,CE,Federal Contract Tower,0,0,11,22,33,0,0,138,0,138,0,0,149,22,171,226,12,238,409
08/09/2003,SSF,TX,ASW,CE,Federal Contract Tower,0,0,10,0,10,0,0,107,0,107,0,0,117,0,117,174,0,174,291
08/10/2003,SSF,TX,ASW,CE,Federal Contract Tower,0,0,12,6,18,0,0,55,0,55,0,0,67,6,73,96,0,96,169
08/11/2003,SSF,TX,ASW,CE,Federal Contract Tower,0,0,8,32,40,0,0,104,2,106,0,0,112,34,146,168,6,174,320
08/12/2003,SSF,TX,ASW,CE,Federal Contract Tower,0,0,16,18,34,0,0,98,1,99,0,0,114,19,133,116,0,116,249
08/13/2003,SSF,TX,ASW,CE,Federal Contract Tower,0,0,12,24,36,0,2,145,0,147,0,2,157,24,183,330,0,330,513
08/14/2003,SSF,TX,ASW,CE,Federal Contract Tower,0,0,14,44,58,0,0,81,2,83,0,0,95,46,141,170,0,170,311
08/15/2003,SSF,TX,ASW,CE,Federal Contract Tower,0,0,13,10,23,0,0,139,0,139,0,0,152,10,162,262,0,262,424
08/16/2003,SSF,TX,ASW,CE,Federal Contract Tower,0,0,13,0,13,0,0,104,0,104,0,0,117,0,117,262,0,262,379
08/17/2003,SSF,TX,ASW,CE,Federal Contract Tower,0,0,7,10,17,0,0,72,0,72,0,0,79,10,89,102,0,102,191
08/18/2003,SSF,TX,ASW,CE,Federal Contract Tower,0,0,16,28,44,0,0,145,0,145,0,0,161,28,189,238,0,238,427
08/19/2003,SSF,TX,ASW,CE,Federal Contract Tower,0,0,15,24,39,0,0,141,0,141,0,0,156,24,180,312,0,312,492
08/20/2003,SSF,TX,ASW,CE,Federal Contract Tower,0,0,11,26,37,0,0,133,0,133,0,0,144,26,170,226,0,226,396
08/21/2003,SSF,TX,ASW,CE,Federal Contract Tower,0,0,18,26,44,0,0,146,0,146,0,0,164,26,190,208,0,208,398
08/22/2003,SSF,TX,ASW,CE,Federal Contract Tower,0,0,20,20,40,0,0,104,0,104,0,0,124,20,144,104,0,104,248
08/23/2003,SSF,TX,ASW,CE,Federal Contract Tower,0,0,14,0,14,0,0,63,0,63,0,0,77,0,77,92,0,92,169
08/24/2003,SSF,TX,ASW,CE,Federal Contract Tower,0,0,9,0,9,0,0,73,0,73,0,0,82,0,82,76,0,76,158
08/25/2003,SSF,TX,ASW,CE,Federal Contract Tower,0,0,21,18,39,0,0,127,0,127,0,0,148,18,166,124,0,124,290
08/26/2003,SSF,TX,ASW,CE,Federal Contract Tower,0,0,11,32,43,0,0,155,0,155,0,0,166,32,198,226,0,226,424
08/27/2003,SSF,TX,ASW,CE,Federal Contract Tower,0,0,20,18,38,0,0,156,0,156,0,0,176,18,194,248,0,248,442
08/28/2003,SSF,TX,ASW,CE,Federal Contract Tower,0,0,22,22,44,0,0,145,0,145,0,0,167,22,189,278,0,278,467
08/29/2003,SSF,TX,ASW,CE,Federal Contract Tower,0,0,28,8,36,0,0,144,0,144,0,0,172,8,180,310,0,310,490
08/30/2003,SSF,TX,ASW,CE,Federal Contract Tower,0,0,15,4,19,0,0,100,0,100,0,0,115,4,119,292,0,292,411
08/31/2003,SSF,TX,ASW,CE,Federal Contract Tower,0,0,9,0,9,0,0,15,4,19,0,0,24,4,28,28,0,28,56
09/01/2003,SSF,TX,ASW,CE,Federal Contract Tower,0,0,11,0,11,0,0,56,0,56,0,0,67,0,67,172,0,172,239
09/02/2003,SSF,TX,ASW,CE,Federal Contract Tower,0,0,21,40,61,0,0,99,2,101,0,0,120,42,162,310,16,326,488
09/03/2003,SSF,TX,ASW,CE,Federal Contract Tower,0,0,24,18,42,0,0,115,0,115,0,0,139,18,157,216,0,216,373
09/04/2003,SSF,TX,ASW,CE,Federal Contract Tower,0,2,21,18,41,0,0,168,0,168,0,2,189,18,209,308,0,308,517
09/05/2003,SSF,TX,ASW,CE,Federal Contract Tower,0,0,12,10,22,0,0,108,0,108,0,0,120,10,130,148,0,148,278
09/06/2003,SSF,TX,ASW,CE,Federal Contract Tower,0,0,18,0,18,0,0,174,0,174,0,0,192,0,192,304,0,304,496
09/07/2003,SSF,TX,ASW,CE,Federal Contract Tower,0,0,12,10,22,0,0,118,0,118,0,0,130,10,140,134,0,134,274
09/08/2003,SSF,TX,ASW,CE,Federal Contract Tower,0,0,28,12,40,0,0,169,0,169,0,0,197,12,209,340,6,346,555
09/09/2003,SSF,TX,ASW,CE,Federal Contract Tower,0,0,27,16,43,0,0,153,0,153,0,0,180,16,196,312,0,312,508
09/10/2003,SSF,TX,ASW,CE,Federal Contract Tower,0,0,36,30,66,0,0,182,0,182,0,0,218,30,248,470,0,470,718
09/11/2003,SSF,TX,ASW,CE,Federal Contract Tower,0,0,37,30,67,0,0,76,0,76,0,0,113,30,143,110,0,110,253
09/12/2003,SSF,TX,ASW,CE,Federal Contract Tower,0,0,14,28,42,0,0,146,0,146,0,0,160,28,188,312,0,312,500
09/13/2003,SSF,TX,ASW,CE,Federal Contract Tower,0,0,12,2,14,0,0,144,0,144,0,0,156,2,158,158,0,158,316
09/14/2003,SSF,TX,ASW,CE,Federal Contract Tower,0,0,8,6,14,0,0,16,0,16,0,0,24,6,30,16,0,16,46
09/15/2003,SSF,TX,ASW,CE,Federal Contract Tower,0,0,23,10,33,0,0,136,0,136,0,0,159,10,169,298,0,298,467
09/16/2003,SSF,TX,ASW,CE,Federal Contract Tower,0,0,47,10,57,0,0,150,0,150,0,0,197,10,207,282,0,282,489
09/17/2003,SSF,TX,ASW,CE,Federal Contract Tower,0,0,35,24,59,0,0,133,0,133,0,0,168,24,192,314,0,314,506
09/18/2003,SSF,TX,ASW,CE,Federal Contract Tower,0,0,19,0,19,0,0,50,0,50,0,0,69,0,69,40,0,40,109
09/19/2003,SSF,TX,ASW,CE,Federal Contract Tower,0,0,42,16,58,0,0,132,7,139,0,0,174,23,197,450,24,474,671
09/20/2003,SSF,TX,ASW,CE,Federal Contract Tower,0,0,38,0,38,0,0,73,0,73,0,0,111,0,111,272,0,272,383
09/21/2003,SSF,TX,ASW,CE,Federal Contract Tower,0,0,20,2,22,0,0,8,0,8,0,0,28,2,30,8,0,8,38
09/22/2003,SSF,TX,ASW,CE,Federal Contract Tower,0,0,19,24,43,0,0,200,0,200,0,0,219,24,243,316,0,316,559
09/23/2003,SSF,TX,ASW,CE,Federal Contract Tower,0,0,17,16,33,0,0,206,0,206,0,0,223,16,239,374,0,374,613
09/24/2003,SSF,TX,ASW,CE,Federal Contract Tower,0,0,35,12,47,0,0,223,0,223,0,0,258,12,270,518,0,518,788
09/25/2003,SSF,TX,ASW,CE,Federal Contract Tower,0,0,33,10,43,0,0,194,0,194,0,0,227,10,237,320,0,320,557
09/26/2003,SSF,TX,ASW,CE,Federal Contract Tower,0,0,21,10,31,0,0,148,0,148,0,0,169,10,179,216,0,216,395
09/27/2003,SSF,TX,ASW,CE,Federal Contract Tower,0,0,15,0,15,0,0,176,0,176,0,0,191,0,191,270,0,270,461
09/28/2003,SSF,TX,ASW,CE,Federal Contract Tower,0,0,9,0,9,0,0,84,0,84,0,0,93,0,93,60,0,60,153
09/29/2003,SSF,TX,ASW,CE,Federal Contract Tower,0,0,21,2,23,0,0,205,0,205,0,0,226,2,228,282,0,282,510
09/30/2003,SSF,TX,ASW,CE,Federal Contract Tower,0,0,4,0,4,0,0,206,0,206,0,0,210,0,210,408,0,408,618
10/01/2003,SSF,TX,ASW,CE,Federal Contract Tower,0,0,14,6,20,0,0,184,2,186,0,0,198,8,206,248,0,248,454
10/02/2003,SSF,TX,ASW,CE,Federal Contract Tower,0,0,9,12,21,0,0,189,0,189,0,0,198,12,210,334,0,334,544
10/03/2003,SSF,TX,ASW,CE,Federal Contract Tower,0,0,21,16,37,0,0,179,6,185,0,0,200,22,222,278,0,278,500
10/04/2003,SSF,TX,ASW,CE,Federal Contract Tower,0,0,29,0,29,0,0,45,0,45,0,0,74,0,74,108,0,108,182
10/05/2003,SSF,TX,ASW,CE,Federal Contract Tower,0,0,6,2,8,0,0,34,0,34,0,0,40,2,42,38,0,38,80
10/06/2003,SSF,TX,ASW,CE,Federal Contract Tower,0,0,10,12,22,0,0,97,2,99,0,0,107,14,121,136,0,136,257
10/07/2003,SSF,TX,ASW,CE,Federal Contract Tower,0,0,32,26,58,0,0,138,2,140,0,0,170,28,198,372,4,376,574
10/08/2003,SSF,TX,ASW,CE,Federal Contract Tower,0,0,31,0,31,0,0,46,0,46,0,0,77,0,77,74,0,74,151
10/09/2003,SSF,TX,ASW,CE,Federal Contract Tower,0,0,33,26,59,0,0,90,6,96,0,0,123,32,155,84,16,100,255
10/10/2003,SSF,TX,ASW,CE,Federal Contract Tower,0,0,39,26,65,0,0,67,0,67,0,0,106,26,132,168,0,168,300
10/11/2003,SSF,TX,ASW,CE,Federal Contract Tower,0,0,39,0,39,0,0,16,0,16,0,0,55,0,55,76,0,76,131
10/12/2003,SSF,TX,ASW,CE,Federal Contract Tower,0,0,13,4,17,0,0,19,0,19,0,0,32,4,36,20,0,20,56
10/13/2003,SSF,TX,ASW,CE,Federal Contract Tower,0,0,24,0,24,0,0,42,0,42,0,0,66,0,66,104,0,104,170
10/14/2003,SSF,TX,ASW,CE,Federal Contract Tower,0,0,10,2,12,0,0,118,0,118,0,0,128,2,130,120,0,120,250
10/15/2003,SSF,TX,ASW,CE,Federal Contract Tower,0,0,13,32,45,0,0,244,2,246,0,0,257,34,291,468,2,470,761
10/16/2003,SSF,TX,ASW,CE,Federal Contract Tower,0,0,33,24,57,0,0,197,0,197,0,0,230,24,254,312,0,312,566
10/17/2003,SSF,TX,ASW,CE,Federal Contract Tower,0,0,15,28,43,0,0,169,0,169,0,0,184,28,212,274,0,274,486
10/18/2003,SSF,TX,ASW,CE,Federal Contract Tower,0,0,19,0,19,0,0,182,0,182,0,0,201,0,201,320,0,320,521
10/19/2003,SSF,TX,ASW,CE,Federal Contract Tower,0,0,20,2,22,0,0,83,0,83,0,0,103,2,105,100,0,100,205
10/20/2003,SSF,TX,ASW,CE,Federal Contract Tower,0,0,7,30,37,0,0,198,0,198,0,0,205,30,235,354,0,354,589
10/21/2003,SSF,TX,ASW,CE,Federal Contract Tower,0,0,6,34,40,0,0,182,0,182,0,0,188,34,222,362,0,362,584
10/22/2003,SSF,TX,ASW,CE,Federal Contract Tower,0,0,12,50,62,0,0,225,3,228,0,0,237,53,290,322,36,358,648
10/23/2003,SSF,TX,ASW,CE,Federal Contract Tower,0,0,19,26,45,0,0,199,0,199,0,0,218,26,244,298,0,298,542
10/24/2003,SSF,TX,ASW,CE,Federal Contract Tower,0,0,11,34,45,0,0,198,2,200,0,0,209,36,245,362,0,362,607
10/25/2003,SSF,TX,ASW,CE,Federal Contract Tower,0,0,25,6,31,0,0,93,0,93,0,0,118,6,124,212,0,212,336
10/26/2003,SSF,TX,ASW,CE,Federal Contract Tower,0,0,11,2,13,0,0,17,0,17,0,0,28,2,30,20,0,20,50
10/27/2003,SSF,TX,ASW,CE,Federal Contract Tower,0,0,10,24,34,0,0,138,8,146,0,0,148,32,180,156,0,156,336
10/28/2003,SSF,TX,ASW,CE,Federal Contract Tower,0,0,9,46,55,0,0,242,2,244,0,0,251,48,299,608,0,608,907
10/29/2003,SSF,TX,ASW,CE,Federal Contract Tower,0,0,21,22,43,0,0,206,3,209,0,0,227,25,252,358,14,372,624
10/30/2003,SSF,TX,ASW,CE,Federal Contract Tower,0,0,39,0,39,0,0,58,0,58,0,0,97,0,97,148,0,148,245
10/31/2003,SSF,TX,ASW,CE,Federal Contract Tower,0,0,26,5,31,0,0,109,0,109,0,0,135,5,140,374,0,374,514
11/01/2003,SSF,TX,ASW,CE,Federal Contract Tower,0,0,15,2,17,0,0,67,0,67,0,0,82,2,84,140,0,140,224
11/02/2003,SSF,TX,ASW,CE,Federal Contract Tower,0,0,20,0,20,0,0,41,2,43,0,0,61,2,63,52,24,76,139
11/03/2003,SSF,TX,ASW,CE,Federal Contract Tower,0,0,23,10,33,0,0,120,0,120,0,0,143,10,153,236,0,236,389
11/04/2003,SSF,TX,ASW,CE,Federal Contract Tower,0,0,37,34,71,0,0,181,14,195,0,0,218,48,266,486,0,486,752
11/05/2003,SSF,TX,ASW,CE,Federal Contract Tower,0,0,29,54,83,0,0,163,2,165,0,0,192,56,248,430,0,430,678
11/06/2003,SSF,TX,ASW,CE,Federal Contract Tower,0,0,32,36,68,0,0,54,0,54,0,0,86,36,122,120,0,120,242
11/07/2003,SSF,TX,ASW,CE,Federal Contract Tower,0,0,36,2,38,0,0,22,0,22,0,0,58,2,60,0,0,0,60
11/08/2003,SSF,TX,ASW,CE,Federal Contract Tower,0,0,16,0,16,0,0,24,0,24,0,0,40,0,40,76,0,76,116
11/09/2003,SSF,TX,ASW,CE,Federal Contract Tower,0,0,16,4,20,0,0,9,0,9,0,0,25,4,29,6,0,6,35
11/10/2003,SSF,TX,ASW,CE,Federal Contract Tower,0,0,26,32,58,0,0,123,0,123,0,0,149,32,181,266,0,266,447
11/11/2003,SSF,TX,ASW,CE,Federal Contract Tower,0,0,27,0,27,0,0,118,0,118,0,0,145,0,145,246,0,246,391
11/12/2003,SSF,TX,ASW,CE,Federal Contract Tower,0,0,15,12,27,0,0,165,0,165,0,0,180,12,192,334,0,334,526
11/13/2003,SSF,TX,ASW,CE,Federal Contract Tower,0,0,34,22,56,0,0,110,0,110,0,0,144,22,166,176,0,176,342
11/14/2003,SSF,TX,ASW,CE,Federal Contract Tower,0,0,38,38,76,0,0,120,0,120,0,0,158,38,196,216,0,216,412
11/15/2003,SSF,TX,ASW,CE,Federal Contract Tower,0,0,20,8,28,0,0,64,0,64,0,0,84,8,92,140,0,140,232
11/16/2003,SSF,TX,ASW,CE,Federal Contract Tower,0,0,7,6,13,0,0,53,2,55,0,0,60,8,68,182,0,182,250
11/17/2003,SSF,TX,ASW,CE,Federal Contract Tower,0,0,9,16,25,0,0,51,0,51,0,0,60,16,76,68,0,68,144
11/18/2003,SSF,TX,ASW,CE,Federal Contract Tower,0,0,10,18,28,0,0,90,0,90,0,0,100,18,118,74,0,74,192
11/19/2003,SSF,TX,ASW,CE,Federal Contract Tower,0,0,14,50,64,0,0,219,2,221,0,0,233,52,285,322,0,322,607
11/20/2003,SSF,TX,ASW,CE,Federal Contract Tower,0,0,10,48,58,0,0,192,2,194,0,0,202,50,252,392,2,394,646
11/21/2003,SSF,TX,ASW,CE,Federal Contract Tower,0,0,26,20,46,0,0,164,0,164,0,0,190,20,210,364,0,364,574
11/22/2003,SSF,TX,ASW,CE,Federal Contract Tower,0,0,25,0,25,0,0,108,0,108,0,0,133,0,133,212,0,212,345
11/23/2003,SSF,TX,ASW,CE,Federal Contract Tower,0,0,3,0,3,0,0,26,6,32,0,0,29,6,35,6,0,6,41
11/24/2003,SSF,TX,ASW,CE,Federal Contract Tower,0,0,18,34,52,0,0,178,0,178,0,0,196,34,230,386,0,386,616
11/25/2003,SSF,TX,ASW,CE,Federal Contract Tower,0,0,4,30,34,0,0,155,0,155,0,0,159,30,189,328,0,328,517
11/26/2003,SSF,TX,ASW,CE,Federal Contract Tower,0,0,23,38,61,0,0,119,3,122,0,0,142,41,183,300,8,308,491
11/27/2003,SSF,TX,ASW,CE,Federal Contract Tower,0,0,3,0,3,0,0,27,0,27,0,0,30,0,30,30,0,30,60
11/28/2003,SSF,TX,ASW,CE,Federal Contract Tower,0,0,4,0,4,0,0,169,0,169,0,0,173,0,173,284,0,284,457
11/29/2003,SSF,TX,ASW,CE,Federal Contract Tower,0,0,13,0,13,0,0,128,0,128,0,0,141,0,141,210,0,210,351
11/30/2003,SSF,TX,ASW,CE,Federal Contract Tower,0,0,12,0,12,0,0,44,0,44,0,0,56,0,56,56,0,56,112
12/01/2003,SSF,TX,ASW,CE,Federal Contract Tower,0,0,29,22,51,0,0,89,0,89,0,0,118,22,140,242,0,242,382
12/02/2003,SSF,TX,ASW,CE,Federal Contract Tower,0,0,13,32,45,0,0,144,0,144,0,0,157,32,189,350,0,350,539
12/03/2003,SSF,TX,ASW,CE,Federal Contract Tower,0,0,15,34,49,0,0,90,2,92,0,0,105,36,141,262,0,262,403
12/04/2003,SSF,TX,ASW,CE,Federal Contract Tower,0,0,12,34,46,0,0,193,4,197,0,0,205,38,243,514,0,514,757
12/05/2003,SSF,TX,ASW,CE,Federal Contract Tower,0,0,6,14,20,0,0,100,0,100,0,0,106,14,120,224,0,224,344
12/06/2003,SSF,TX,ASW,CE,Federal Contract Tower,0,0,15,2,17,0,0,153,3,156,0,0,168,5,173,326,4,330,503
12/07/2003,SSF,TX,ASW,CE,Federal Contract Tower,0,0,23,0,23,0,0,73,0,73,0,0,96,0,96,86,0,86,182
12/08/2003,SSF,TX,ASW,CE,Federal Contract Tower,0,0,18,26,44,0,0,94,0,94,0,0,112,26,138,122,0,122,260
12/09/2003,SSF,TX,ASW,CE,Federal Contract Tower,0,0,15,34,49,0,0,84,0,84,0,0,99,34,133,92,0,92,225
12/10/2003,SSF,TX,ASW,CE,Federal Contract Tower,0,4,22,28,54,0,0,220,0,220,0,4,242,28,274,302,0,302,576
12/11/2003,SSF,TX,ASW,CE,Federal Contract Tower,0,0,17,26,43,0,0,146,0,146,0,0,163,26,189,348,0,348,537
12/12/2003,SSF,TX,ASW,CE,Federal Contract Tower,0,0,21,2,23,0,0,1,0,1,0,0,22,2,24,0,0,0,24
12/13/2003,SSF,TX,ASW,CE,Federal Contract Tower,0,0,10,0,10,0,0,133,0,133,0,0,143,0,143,212,0,212,355
12/14/2003,SSF,TX,ASW,CE,Federal Contract Tower,0,0,9,4,13,0,0,77,0,77,0,0,86,4,90,84,0,84,174
12/15/2003,SSF,TX,ASW,CE,Federal Contract Tower,0,0,13,28,41,0,0,113,0,113,0,0,126,28,154,132,30,162,316
12/16/2003,SSF,TX,ASW,CE,Federal Contract Tower,0,2,7,26,35,0,0,75,0,75,0,2,82,26,110,114,0,114,224
12/17/2003,SSF,TX,ASW,CE,Federal Contract Tower,0,0,12,10,22,0,5,191,13,209,0,5,203,23,231,306,0,306,537
12/18/2003,SSF,TX,ASW,CE,Federal Contract Tower,0,0,4,28,32,0,0,119,0,119,0,0,123,28,151,248,0,248,399
12/19/2003,SSF,TX,ASW,CE,Federal Contract Tower,0,0,3,10,13,0,0,146,0,146,0,0,149,10,159,280,0,280,439
12/20/2003,SSF,TX,ASW,CE,Federal Contract Tower,0,0,12,0,12,0,0,113,0,113,0,0,125,0,125,204,0,204,329
12/21/2003,SSF,TX,ASW,CE,Federal Contract Tower,0,0,15,2,17,0,0,39,0,39,0,0,54,2,56,50,0,50,106
12/22/2003,SSF,TX,ASW,CE,Federal Contract Tower,0,0,14,24,38,0,0,84,0,84,0,0,98,24,122,178,0,178,300
12/23/2003,SSF,TX,ASW,CE,Federal Contract Tower,0,0,6,0,6,0,0,101,0,101,0,0,107,0,107,124,0,124,231
12/24/2003,SSF,TX,ASW,CE,Federal Contract Tower,0,0,10,0,10,0,0,83,0,83,0,0,93,0,93,50,0,50,143
12/25/2003,SSF,TX,ASW,CE,Federal Contract Tower,0,0,2,0,2,0,0,11,0,11,0,0,13,0,13,0,0,0,13
12/26/2003,SSF,TX,ASW,CE,Federal Contract Tower,0,0,14,0,14,0,0,21,0,21,0,0,35,0,35,22,0,22,57
12/27/2003,SSF,TX,ASW,CE,Federal Contract Tower,0,0,11,0,11,0,0,25,0,25,0,0,36,0,36,54,0,54,90
12/28/2003,SSF,TX,ASW,CE,Federal Contract Tower,0,0,5,0,5,0,0,29,0,29,0,0,34,0,34,26,0,26,60
12/29/2003,SSF,TX,ASW,CE,Federal Contract Tower,0,0,18,0,18,0,0,130,0,130,0,0,148,0,148,124,0,124,272
12/30/2003,SSF,TX,ASW,CE,Federal Contract Tower,0,0,11,2,13,0,0,153,4,157,0,0,164,6,170,251,0,251,421
12/31/2003,SSF,TX,ASW,CE,Federal Contract Tower,0,0,20,0,20,0,0,76,0,76,0,0,96,0,96,202,0,202,298
01/01/2004,SSF,TX,ASW,CE,Federal Contract Tower,0,0,4,0,4,0,0,16,0,16,0,0,20,0,20,6,0,6,26
01/02/2004,SSF,TX,ASW,CE,Federal Contract Tower,0,0,9,0,9,0,0,73,0,73,0,0,82,0,82,208,0,208,290
01/03/2004,SSF,TX,ASW,CE,Federal Contract Tower,0,0,11,0,11,0,0,50,0,50,0,0,61,0,61,92,0,92,153
01/04/2004,SSF,TX,ASW,CE,Federal Contract Tower,0,0,7,0,7,0,0,28,0,28,0,0,35,0,35,56,0,56,91
01/05/2004,SSF,TX,ASW,CE,Federal Contract Tower,0,0,11,14,25,0,0,53,0,53,0,0,64,14,78,82,0,82,160
01/06/2004,SSF,TX,ASW,CE,Federal Contract Tower,0,0,5,48,53,0,0,85,4,89,0,0,90,52,142,172,0,172,314
01/07/2004,SSF,TX,ASW,CE,Federal Contract Tower,0,0,16,48,64,0,0,97,2,99,0,0,113,50,163,390,0,390,553
01/08/2004,SSF,TX,ASW,CE,Federal Contract Tower,0,0,14,34,48,0,0,79,0,79,0,0,93,34,127,190,0,190,317
01/09/2004,SSF,TX,ASW,CE,Federal Contract Tower,0,0,4,30,34,0,0,125,4,129,0,0,129,34,163,280,2,282,445
01/10/2004,SSF,TX,ASW,CE,Federal Contract Tower,0,0,3,0,3,0,0,158,0,158,0,0,161,0,161,238,0,238,399
01/11/2004,SSF,TX,ASW,CE,Federal Contract Tower,0,0,1,6,7,0,0,54,6,60,0,0,55,12,67,56,0,56,123
01/12/2004,SSF,TX,ASW,CE,Federal Contract Tower,0,0,10,50,60,0,0,112,0,112,0,0,122,50,172,188,0,188,360
01/13/2004,SSF,TX,ASW,CE,Federal Contract Tower,0,0,17,40,57,0,0,104,0,104,0,0,121,40,161,444,0,444,605
01/14/2004,SSF,TX,ASW,CE,Federal Contract Tower,0,0,13,10,23,0,0,4,0,4,0,0,17,10,27,0,0,0,27
01/15/2004,SSF,TX,ASW,CE,Federal Contract Tower,0,0,12,0,12,0,0,0,0,0,0,0,12,0,12,0,0,0,12
01/16/2004,SSF,TX,ASW,CE,Federal Contract Tower,0,0,11,0,11,0,0,10,0,10,0,0,21,0,21,14,0,14,35
01/17/2004,SSF,TX,ASW,CE,Federal Contract Tower,0,0,8,2,10,0,0,63,0,63,0,0,71,2,73,140,0,140,213
01/18/2004,SSF,TX,ASW,CE,Federal Contract Tower,0,0,14,2,16,0,0,34,0,34,0,0,48,2,50,0,0,0,50
01/19/2004,SSF,TX,ASW,CE,Federal Contract Tower,0,0,13,0,13,0,0,174,2,176,0,0,187,2,189,284,0,284,473
01/20/2004,SSF,TX,ASW,CE,Federal Contract Tower,0,0,10,18,28,0,0,144,2,146,0,0,154,20,174,407,0,407,581
01/21/2004,SSF,TX,ASW,CE,Federal Contract Tower,0,0,15,40,55,0,0,137,1,138,0,0,152,41,193,292,0,292,485
01/22/2004,SSF,TX,ASW,CE,Federal Contract Tower,0,0,14,23,37,0,0,83,0,83,0,0,97,23,120,226,0,226,346
01/23/2004,SSF,TX,ASW,CE,Federal Contract Tower,0,0,24,20,44,0,0,66,4,70,0,0,90,24,114,222,14,236,350
01/24/2004,SSF,TX,ASW,CE,Federal Contract Tower,0,0,2,2,4,0,0,12,4,16,0,0,14,6,20,36,58,94,114
01/25/2004,SSF,TX,ASW,CE,Federal Contract Tower,0,0,10,10,20,0,0,79,2,81,0,0,89,12,101,136,4,140,241
01/26/2004,SSF,TX,ASW,CE,Federal Contract Tower,0,0,41,27,68,0,0,43,0,43,0,0,84,27,111,122,0,122,233
01/27/2004,SSF,TX,ASW,CE,Federal Contract Tower,0,0,14,8,22,0,0,168,0,168,0,0,182,8,190,564,0,564,754
01/28/2004,SSF,TX,ASW,CE,Federal Contract Tower,0,0,17,34,51,0,0,148,0,148,0,0,165,34,199,404,0,404,603
01/29/2004,SSF,TX,ASW,CE,Federal Contract Tower,0,0,13,0,13,0,0,0,0,0,0,0,13,0,13,0,0,0,13
01/30/2004,SSF,TX,ASW,CE,Federal Contract Tower,0,0,17,44,61,0,0,123,0,123,0,0,140,44,184,314,2,316,500
01/31/2004,SSF,TX,ASW,CE,Federal Contract Tower,0,0,17,6,23,0,0,71,0,71,0,0,88,6,94,164,0,164,258
02/01/2004,SSF,TX,ASW,CE,Federal Contract Tower,0,0,11,14,25,0,0,1,2,3,0,0,12,16,28,0,0,0,28
02/02/2004,SSF,TX,ASW,CE,Federal Contract Tower,0,0,10,24,34,0,0,132,14,146,0,0,142,38,180,144,0,144,324
02/03/2004,SSF,TX,ASW,CE,Federal Contract Tower,0,0,11,26,37,0,0,133,0,133,0,0,144,26,170,394,0,394,564
02/04/2004,SSF,TX,ASW,CE,Federal Contract Tower,0,0,19,8,27,0,0,0,0,0,0,0,19,8,27,0,0,0,27
02/05/2004,SSF,TX,ASW,CE,Federal Contract Tower,0,0,10,32,42,0,0,202,0,202,0,0,212,32,244,560,0,560,804
02/06/2004,SSF,TX,ASW,CE,Federal Contract Tower,0,0,10,32,42,0,0,128,0,128,0,0,138,32,170,370,0,370,540
02/07/2004,SSF,TX,ASW,CE,Federal Contract Tower,0,0,11,6,17,0,0,175,0,175,0,0,186,6,192,372,0,372,564
02/08/2004,SSF,TX,ASW,CE,Federal Contract Tower,0,0,5,0,5,0,0,41,0,41,0,0,46,0,46,126,0,126,172
02/09/2004,SSF,TX,ASW,CE,Federal Contract Tower,0,0,23,30,53,0,0,26,0,26,0,0,49,30,79,104,0,104,183
02/10/2004,SSF,TX,ASW,CE,Federal Contract Tower,0,0,9,0,9,0,0,3,0,3,0,0,12,0,12,0,0,0,12
02/11/2004,SSF,TX,ASW,CE,Federal Contract Tower,0,0,18,10,28,0,0,31,0,31,0,0,49,10,59,134,0,134,193
02/12/2004,SSF,TX,ASW,CE,Federal Contract Tower,0,0,10,6,16,0,0,47,0,47,0,0,57,6,63,24,4,28,91
02/13/2004,SSF,TX,ASW,CE,Federal Contract Tower,0,0,11,0,11,0,0,13,0,13,0,0,24,0,24,10,0,10,34
02/14/2004,SSF,TX,ASW,CE,Federal Contract Tower,0,0,5,2,7,0,0,104,0,104,0,0,109,2,111,164,0,164,275
02/15/2004,SSF,TX,ASW,CE,Federal Contract Tower,0,0,15,2,17,0,0,105,0,105,0,0,120,2,122,266,0,266,388
02/16/2004,SSF,TX,ASW,CE,Federal Contract Tower,0,0,12,0,12,0,0,182,0,182,0,0,194,0,194,264,0,264,458
02/17/2004,SSF,TX,ASW,CE,Federal Contract Tower,0,0,10,20,30,0,0,213,0,213,0,0,223,20,243,368,0,368,611
02/18/2004,SSF,TX,ASW,CE,Federal Contract Tower,0,1,11,42,54,0,0,208,6,214,0,1,219,48,268,546,4,550,818
02/19/2004,SSF,TX,ASW,CE,Federal Contract Tower,0,3,19,34,56,0,0,103,0,103,0,3,122,34,159,52,0,52,211
02/20/2004,SSF,TX,ASW,CE,Federal Contract Tower,0,1,12,18,31,0,0,214,0,214,0,1,226,18,245,368,0,368,613
02/21/2004,SSF,TX,ASW,CE,Federal Contract Tower,0,0,5,0,5,0,0,179,2,181,0,0,184,2,186,328,0,328,514
02/22/2004,SSF,TX,ASW,CE,Federal Contract Tower,0,0,11,8,19,0,0,9,0,9,0,0,20,8,28,16,0,16,44
02/23/2004,SSF,TX,ASW,CE,Federal Contract Tower,0,0,19,22,41,0,0,48,0,48,0,0,67,22,89,16,6,22,111
02/24/2004,SSF,TX,ASW,CE,Federal Contract Tower,0,0,28,30,58,0,0,44,0,44,0,0,72,30,102,96,0,96,198
02/25/2004,SSF,TX,ASW,CE,Federal Contract Tower,0,0,21,6,27,0,0,83,0,83,0,0,104,6,110,70,0,70,180
02/26/2004,SSF,TX,ASW,CE,Federal Contract Tower,0,0,18,28,46,0,0,207,1,208,0,0,225,29,254,458,0,458,712
02/27/2004,SSF,TX,ASW,CE,Federal Contract Tower,0,0,7,28,35,0,0,152,0,152,0,0,159,28,187,230,0,230,417
02/28/2004,SSF,TX,ASW,CE,Federal Contract Tower,0,0,21,6,27,0,0,54,0,54,0,0,75,6,81,190,0,190,271
02/29/2004,SSF,TX,ASW,CE,Federal Contract Tower,0,0,0,2,2,0,0,46,0,46,0,0,46,2,48,32,0,32,80
03/01/2004,SSF,TX,ASW,CE,Federal Contract Tower,0,0,16,34,50,0,0,197,0,197,0,0,213,34,247,358,0,358,605
03/02/2004,SSF,TX,ASW,CE,Federal Contract Tower,0,0,23,18,41,0,0,6,0,6,0,0,29,18,47,0,0,0,47
03/03/2004,SSF,TX,ASW,CE,Federal Contract Tower,0,0,33,38,71,0,0,73,0,73,0,0,106,38,144,226,0,226,370
03/04/2004,SSF,TX,ASW,CE,Federal Contract Tower,0,0,12,20,32,0,0,34,0,34,0,0,46,20,66,64,0,64,130
03/05/2004,SSF,TX,ASW,CE,Federal Contract Tower,0,0,10,18,28,0,0,162,0,162,0,0,172,18,190,328,0,328,518
03/06/2004,SSF,TX,ASW,CE,Federal Contract Tower,0,0,4,4,8,0,0,161,0,161,0,0,165,4,169,306,0,306,475
03/07/2004,SSF,TX,ASW,CE,Federal Contract Tower,0,0,10,2,12,0,0,91,0,91,0,0,101,2,103,112,0,112,215
03/08/2004,SSF,TX,ASW,CE,Federal Contract Tower,0,0,4,28,32,0,0,159,0,159,0,0,163,28,191,322,0,322,513
03/09/2004,SSF,TX,ASW,CE,Federal Contract Tower,0,0,21,18,39,0,0,168,0,168,0,0,189,18,207,424,0,424,631
03/10/2004,SSF,TX,ASW,CE,Federal Contract Tower,0,0,17,28,45,0,0,175,8,183,0,0,192,36,228,442,0,442,670
03/11/2004,SSF,TX,ASW,CE,Federal Contract Tower,0,0,25,34,59,0,0,144,4,148,0,0,169,38,207,308,0,308,515
03/12/2004,SSF,TX,ASW,CE,Federal Contract Tower,0,0,30,18,48,0,0,20,2,22,0,0,50,20,70,54,18,72,142
03/13/2004,SSF,TX,ASW,CE,Federal Contract Tower,0,0,19,1,20,0,0,6,10,16,0,0,25,11,36,28,14,42,78
03/14/2004,SSF,TX,ASW,CE,Federal Contract Tower,0,0,1,4,5,0,0,21,0,21,0,0,22,4,26,16,0,16,42
03/15/2004,SSF,TX,ASW,CE,Federal Contract Tower,0,0,27,36,63,0,0,114,0,114,0,0,141,36,177,292,0,292,469
03/16/2004,SSF,TX,ASW,CE,Federal Contract Tower,0,0,42,32,74,0,0,170,0,170,0,0,212,32,244,458,0,458,702
03/17/2004,SSF,TX,ASW,CE,Federal Contract Tower,0,0,16,26,42,0,0,131,0,131,0,0,147,26,173,306,0,306,479
03/18/2004,SSF,TX,ASW,CE,Federal Contract Tower,0,1,41,38,80,0,0,65,4,69,0,1,106,42,149,158,0,158,307
03/19/2004,SSF,TX,ASW,CE,Federal Contract Tower,0,0,26,7,33,0,0,12,0,12,0,0,38,7,45,16,18,34,79
03/20/2004,SSF,TX,ASW,CE,Federal Contract Tower,0,0,15,2,17,0,0,36,4,40,0,0,51,6,57,100,0,100,157
03/21/2004,SSF,TX,ASW,CE,Federal Contract Tower,0,0,13,6,19,0,0,22,2,24,0,0,35,8,43,12,0,12,55
03/22/2004,SSF,TX,ASW,CE,Federal Contract Tower,0,0,12,28,40,0,0,107,2,109,0,0,119,30,149,266,0,266,415
03/23/2004,SSF,TX,ASW,CE,Federal Contract Tower,0,2,17,38,57,0,0,50,0,50,0,2,67,38,107,148,0,148,255
03/24/2004,SSF,TX,ASW,CE,Federal Contract Tower,0,0,26,36,62,0,0,79,0,79,0,0,105,36,141,145,0,145,286
03/25/2004,SSF,TX,ASW,CE,Federal Contract Tower,0,0,24,26,50,0,0,111,2,113,0,0,135,28,163,322,0,322,485
03/26/2004,SSF,TX,ASW,CE,Federal Contract Tower,0,0,27,34,61,0,0,87,0,87,0,0,114,34,148,341,0,341,489
03/27/2004,SSF,TX,ASW,CE,Federal Contract Tower,0,2,10,0,12,0,0,88,0,88,0,2,98,0,100,200,0,200,300
03/28/2004,SSF,TX,ASW,CE,Federal Contract Tower,0,0,12,4,16,0,0,22,0,22,0,0,34,4,38,78,0,78,116
03/29/2004,SSF,TX,ASW,CE,Federal Contract Tower,0,0,7,4,11,0,0,115,0,115,0,0,122,4,126,318,0,318,444
03/30/2004,SSF,TX,ASW,CE,Federal Contract Tower,0,1,12,21,34,0,0,256,0,256,0,1,268,21,290,498,0,498,788
03/31/2004,SSF,TX,ASW,CE,Federal Contract Tower,0,0,5,26,31,0,0,232,4,236,0,0,237,30,267,476,2,478,745
04/01/2004,SSF,TX,ASW,CE,Federal Contract Tower,0,0,13,18,31,0,0,208,0,208,0,0,221,18,239,330,0,330,569
04/02/2004,SSF,TX,ASW,CE,Federal Contract Tower,0,4,11,0,15,0,0,11,0,11,0,4,22,0,26,0,0,0,26
04/03/2004,SSF,TX,ASW,CE,Federal Contract Tower,0,8,19,0,27,0,0,81,0,81,0,8,100,0,108,154,0,154,262
04/04/2004,SSF,TX,ASW,CE,Federal Contract Tower,0,0,4,2,6,0,0,10,0,10,0,0,14,2,16,10,0,10,26
04/05/2004,SSF,TX,ASW,CE,Federal Contract Tower,0,0,16,2,18,0,0,76,0,76,0,0,92,2,94,134,0,134,228
04/06/2004,SSF,TX,ASW,CE,Federal Contract Tower,0,0,13,0,13,0,0,98,0,98,0,0,111,0,111,264,0,264,375
04/07/2004,SSF,TX,ASW,CE,Federal Contract Tower,0,2,16,12,30,0,0,189,0,189,0,2,205,12,219,286,0,286,505
04/08/2004,SSF,TX,ASW,CE,Federal Contract Tower,0,5,12,4,21,0,0,201,5,206,0,5,213,9,227,334,0,334,561
04/09/2004,SSF,TX,ASW,CE,Federal Contract Tower,0,0,9,22,31,0,0,182,0,182,0,0,191,22,213,262,0,262,475
04/10/2004,SSF,TX,ASW,CE,Federal Contract Tower,0,0,18,2,20,0,0,44,0,44,0,0,62,2,64,88,0,88,152
04/11/2004,SSF,TX,ASW,CE,Federal Contract Tower,0,0,6,2,8,0,0,5,0,5,0,0,11,2,13,0,0,0,13
04/12/2004,SSF,TX,ASW,CE,Federal Contract Tower,0,0,8,24,32,0,0,109,0,109,0,0,117,24,141,212,0,212,353
04/13/2004,SSF,TX,ASW,CE,Federal Contract Tower,0,0,4,6,10,0,0,167,0,167,0,0,171,6,177,284,0,284,461
04/14/2004,SSF,TX,ASW,CE,Federal Contract Tower,0,0,4,2,6,0,0,182,0,182,0,0,186,2,188,374,0,374,562
04/15/2004,SSF,TX,ASW,CE,Federal Contract Tower,0,0,11,2,13,0,0,145,0,145,0,0,156,2,158,274,0,274,432
04/16/2004,SSF,TX,ASW,CE,Federal Contract Tower,0,0,20,4,24,0,0,95,0,95,0,0,115,4,119,270,0,270,389
04/17/2004,SSF,TX,ASW,CE,Federal Contract Tower,0,0,34,4,38,0,0,76,0,76,0,0,110,4,114,50,0,50,164
04/18/2004,SSF,TX,ASW,CE,Federal Contract Tower,0,0,12,17,29,0,0,26,0,26,0,0,38,17,55,12,18,30,85
04/19/2004,SSF,TX,ASW,CE,Federal Contract Tower,0,0,20,38,58,0,0,85,0,85,0,0,105,38,143,154,0,154,297
04/20/2004,SSF,TX,ASW,CE,Federal Contract Tower,0,0,32,60,92,0,0,109,0,109,0,0,141,60,201,329,0,329,530
04/21/2004,SSF,TX,ASW,CE,Federal Contract Tower,0,0,33,38,71,0,0,118,0,118,0,0,151,38,189,316,0,316,505
04/22/2004,SSF,TX,ASW,CE,Federal Contract Tower,0,0,24,50,74,0,0,93,0,93,0,0,117,50,167,228,0,228,395
04/23/2004,SSF,TX,ASW,CE,Federal Contract Tower,0,0,24,14,38,0,0,33,0,33,0,0,57,14,71,28,0,28,99
04/24/2004,SSF,TX,ASW,CE,Federal Contract Tower,0,0,10,2,12,0,0,46,0,46,0,0,56,2,58,100,0,100,158
04/25/2004,SSF,TX,ASW,CE,Federal Contract Tower,0,0,10,4,14,0,0,7,0,7,0,0,17,4,21,12,0,12,33
04/26/2004,SSF,TX,ASW,CE,Federal Contract Tower,0,0,13,22,35,0,0,93,0,93,0,0,106,22,128,130,0,130,258
04/27/2004,SSF,TX,ASW,CE,Federal Contract Tower,0,0,10,26,36,0,0,184,0,184,0,0,194,26,220,368,2,370,590
04/28/2004,SSF,TX,ASW,CE,Federal Contract Tower,0,0,26,26,52,0,0,136,0,136,0,0,162,26,188,250,0,250,438
04/29/2004,SSF,TX,ASW,CE,Federal Contract Tower,0,0,27,56,83,0,0,72,0,72,0,0,99,56,155,136,0,136,291
04/30/2004,SSF,TX,ASW,CE,Federal Contract Tower,0,0,31,22,53,0,0,104,0,104,0,0,135,22,157,228,0,228,385
05/01/2004,SSF,TX,ASW,CE,Federal Contract Tower,0,0,6,0,6,0,0,19,0,19,0,0,25,0,25,16,0,16,41
05/02/2004,SSF,TX,ASW,CE,Federal Contract Tower,0,0,8,0,8,0,0,74,0,74,0,0,82,0,82,44,0,44,126
05/03/2004,SSF,TX,ASW,CE,Federal Contract Tower,0,0,9,21,30,0,0,188,0,188,0,0,197,21,218,236,0,236,454
05/04/2004,SSF,TX,ASW,CE,Federal Contract Tower,0,0,7,22,29,0,0,168,0,168,0,0,175,22,197,306,0,306,503
05/05/2004,SSF,TX,ASW,CE,Federal Contract Tower,0,0,22,14,36,0,0,156,0,156,0,0,178,14,192,252,0,252,444
05/06/2004,SSF,TX,ASW,CE,Federal Contract Tower,0,0,14,22,36,0,0,126,0,126,0,0,140,22,162,254,0,254,416
05/07/2004,SSF,TX,ASW,CE,Federal Contract Tower,0,0,21,24,45,0,0,67,6,73,0,0,88,30,118,102,0,102,220
05/08/2004,SSF,TX,ASW,CE,Federal Contract Tower,0,2,14,0,16,0,0,108,0,108,0,2,122,0,124,212,0,212,336
05/09/2004,SSF,TX,ASW,CE,Federal Contract Tower,0,0,5,6,11,0,0,23,0,23,0,0,28,6,34,52,0,52,86
05/10/2004,SSF,TX,ASW,CE,Federal Contract Tower,0,0,16,17,33,0,0,91,1,92,0,0,107,18,125,124,0,124,249
05/11/2004,SSF,TX,ASW,CE,Federal Contract Tower,0,0,10,6,16,0,0,44,0,44,0,0,54,6,60,152,0,152,212
05/12/2004,SSF,TX,ASW,CE,Federal Contract Tower,0,0,21,34,55,0,0,83,4,87,0,0,104,38,142,290,0,290,432
05/13/2004,SSF,TX,ASW,CE,Federal Contract Tower,0,0,6,10,16,0,0,42,0,42,0,0,48,10,58,32,0,32,90
05/14/2004,SSF,TX,ASW,CE,Federal Contract Tower,0,0,27,4,31,0,0,113,1,114,0,0,140,5,145,198,0,198,343
05/15/2004,SSF,TX,ASW,CE,Federal Contract Tower,0,0,9,2,11,0,0,103,0,103,0,0,112,2,114,100,0,100,214
05/16/2004,SSF,TX,ASW,CE,Federal Contract Tower,0,0,17,6,23,0,0,69,0,69,0,0,86,6,92,88,0,88,180
05/17/2004,SSF,TX,ASW,CE,Federal Contract Tower,0,0,16,28,44,0,0,206,0,206,0,0,222,28,250,274,0,274,524
05/18/2004,SSF,TX,ASW,CE,Federal Contract Tower,0,0,28,42,70,0,0,252,0,252,0,0,280,42,322,420,0,420,742
05/19/2004,SSF,TX,ASW,CE,Federal Contract Tower,0,0,27,30,57,0,0,204,0,204,0,0,231,30,261,384,0,384,645
05/20/2004,SSF,TX,ASW,CE,Federal Contract Tower,0,0,27,40,67,0,0,190,0,190,0,0,217,40,257,346,0,346,603
05/21/2004,SSF,TX,ASW,CE,Federal Contract Tower,0,0,12,24,36,0,0,153,0,153,0,0,165,24,189,400,0,400,589
05/22/2004,SSF,TX,ASW,CE,Federal Contract Tower,0,0,15,6,21,0,0,104,2,106,0,0,119,8,127,438,0,438,565
05/23/2004,SSF,TX,ASW,CE,Federal Contract Tower,0,0,4,0,4,0,0,56,0,56,0,0,60,0,60,46,0,46,106
05/24/2004,SSF,TX,ASW,CE,Federal Contract Tower,0,0,11,32,43,0,0,175,2,177,0,0,186,34,220,458,0,458,678
05/25/2004,SSF,TX,ASW,CE,Federal Contract Tower,0,0,35,22,57,0,0,190,2,192,0,0,225,24,249,676,0,676,925
05/26/2004,SSF,TX,ASW,CE,Federal Contract Tower,0,0,13,38,51,0,0,177,2,179,0,0,190,40,230,414,0,414,644
05/27/2004,SSF,TX,ASW,CE,Federal Contract Tower,0,0,25,32,57,0,0,168,0,168,0,0,193,32,225,476,0,476,701
05/28/2004,SSF,TX,ASW,CE,Federal Contract Tower,0,0,23,24,47,0,0,177,0,177,0,0,200,24,224,552,0,552,776
05/29/2004,SSF,TX,ASW,CE,Federal Contract Tower,0,0,9,0,9,0,0,99,0,99,0,0,108,0,108,138,0,138,246
05/30/2004,SSF,TX,ASW,CE,Federal Contract Tower,0,0,8,0,8,0,0,17,0,17,0,0,25,0,25,20,0,20,45
05/31/2004,SSF,TX,ASW,CE,Federal Contract Tower,0,0,10,0,10,0,0,118,0,118,0,0,128,0,128,168,0,168,296
06/01/2004,SSF,TX,ASW,CE,Federal Contract Tower,0,0,21,17,38,0,0,176,5,181,0,0,197,22,219,228,0,228,447
06/02/2004,SSF,TX,ASW,CE,Federal Contract Tower,0,0,29,23,52,0,0,168,5,173,0,0,197,28,225,330,0,330,555
06/03/2004,SSF,TX,ASW,CE,Federal Contract Tower,0,0,31,26,57,0,0,187,10,197,0,0,218,36,254,354,0,354,608
06/04/2004,SSF,TX,ASW,CE,Federal Contract Tower,0,0,27,22,49,0,0,100,4,104,0,0,127,26,153,238,0,238,391
06/05/2004,SSF,TX,ASW,CE,Federal Contract Tower,0,0,7,6,13,0,0,117,0,117,0,0,124,6,130,220,0,220,350
06/06/2004,SSF,TX,ASW,CE,Federal Contract Tower,0,0,14,8,22,0,0,40,0,40,0,0,54,8,62,28,0,28,90
06/07/2004,SSF,TX,ASW,CE,Federal Contract Tower,0,0,14,13,27,0,0,41,1,42,0,0,55,14,69,44,0,44,113
06/08/2004,SSF,TX,ASW,CE,Federal Contract Tower,0,0,5,0,5,0,0,30,0,30,0,0,35,0,35,28,0,28,63
06/09/2004,SSF,TX,ASW,CE,Federal Contract Tower,0,0,6,4,10,0,0,24,0,24,0,0,30,4,34,0,0,0,34
06/10/2004,SSF,TX,ASW,CE,Federal Contract Tower,0,0,21,18,39,0,0,149,10,159,0,0,170,28,198,322,0,322,520
06/11/2004,SSF,TX,ASW,CE,Federal Contract Tower,0,0,16,0,16,0,0,152,0,152,0,0,168,0,168,240,0,240,408
06/12/2004,SSF,TX,ASW,CE,Federal Contract Tower,0,0,16,2,18,0,0,115,0,115,0,0,131,2,133,200,0,200,333
06/13/2004,SSF,TX,ASW,CE,Federal Contract Tower,0,0,10,6,16,0,0,91,0,91,0,0,101,6,107,134,0,134,241
06/14/2004,SSF,TX,ASW,CE,Federal Contract Tower,0,0,30,25,55,0,0,142,5,147,0,0,172,30,202,152,0,152,354
06/15/2004,SSF,TX,ASW,CE,Federal Contract Tower,0,0,27,22,49,0,0,89,6,95,0,0,116,28,144,200,0,200,344
06/16/2004,SSF,TX,ASW,CE,Federal Contract Tower,0,0,33,26,59,0,0,112,6,118,0,0,145,32,177,276,0,276,453
06/17/2004,SSF,TX,ASW,CE,Federal Contract Tower,0,0,27,12,39,0,0,165,0,165,0,0,192,12,204,476,0,476,680
06/18/2004,SSF,TX,ASW,CE,Federal Contract Tower,0,0,24,19,43,0,0,132,1,133,0,0,156,20,176,342,0,342,518
06/19/2004,SSF,TX,ASW,CE,Federal Contract Tower,0,0,15,0,15,0,0,133,0,133,0,0,148,0,148,138,0,138,286
06/20/2004,SSF,TX,ASW,CE,Federal Contract Tower,0,0,8,0,8,0,2,39,0,41,0,2,47,0,49,50,0,50,99
06/21/2004,SSF,TX,ASW,CE,Federal Contract Tower,0,0,19,14,33,0,0,140,8,148,0,0,159,22,181,400,0,400,581
06/22/2004,SSF,TX,ASW,CE,Federal Contract Tower,0,0,17,12,29,0,0,44,6,50,0,0,61,18,79,162,0,162,241
06/23/2004,SSF,TX,ASW,CE,Federal Contract Tower,0,0,17,10,27,0,0,138,0,138,0,0,155,10,165,328,0,328,493
06/24/2004,SSF,TX,ASW,CE,Federal Contract Tower,0,0,14,10,24,0,0,97,0,97,0,0,111,10,121,246,0,246,367
06/25/2004,SSF,TX,ASW,CE,Federal Contract Tower,0,0,23,18,41,0,0,44,6,50,0,0,67,24,91,142,0,142,233
06/26/2004,SSF,TX,ASW,CE,Federal Contract Tower,0,0,13,3,16,0,0,68,0,68,0,0,81,3,84,184,6,190,274
06/27/2004,SSF,TX,ASW,CE,Federal Contract Tower,0,0,4,3,7,0,0,29,1,30,0,0,33,4,37,104,0,104,141
06/28/2004,SSF,TX,ASW,CE,Federal Contract Tower,0,0,8,4,12,0,0,97,0,97,0,0,105,4,109,160,0,160,269
06/29/2004,SSF,TX,ASW,CE,Federal Contract Tower,0,0,10,2,12,0,0,11,0,11,0,0,21,2,23,38,0,38,61
06/30/2004,SSF,TX,ASW,CE,Federal Contract Tower,0,0,14,11,25,0,0,50,7,57,0,0,64,18,82,2,4,6,88
07/01/2004,SSF,TX,ASW,CE,Federal Contract Tower,0,0,20,32,52,0,0,134,6,140,0,0,154,38,192,340,0,340,532
07/02/2004,SSF,TX,ASW,CE,Federal Contract Tower,0,0,8,10,18,0,0,165,0,165,0,0,173,10,183,210,0,210,393
07/03/2004,SSF,TX,ASW,CE,Federal Contract Tower,0,0,6,0,6,0,0,82,0,82,0,0,88,0,88,142,0,142,230
07/04/2004,SSF,TX,ASW,CE,Federal Contract Tower,0,0,2,0,2,0,0,46,0,46,0,0,48,0,48,44,0,44,92
07/05/2004,SSF,TX,ASW,CE,Federal Contract Tower,0,0,9,13,22,0,0,70,0,70,0,0,79,13,92,196,18,214,306
07/06/2004,SSF,TX,ASW,CE,Federal Contract Tower,0,0,27,45,72,0,0,140,9,149,0,0,167,54,221,366,0,366,587
07/07/2004,SSF,TX,ASW,CE,Federal Contract Tower,0,0,16,18,34,0,0,150,0,150,0,0,166,18,184,312,0,312,496
07/08/2004,SSF,TX,ASW,CE,Federal Contract Tower,0,0,23,38,61,0,0,109,12,121,0,0,132,50,182,354,0,354,536
07/09/2004,SSF,TX,ASW,CE,Federal Contract Tower,0,0,21,34,55,0,0,117,12,129,0,0,138,46,184,282,0,282,466
07/10/2004,SSF,TX,ASW,CE,Federal Contract Tower,0,0,2,2,4,0,0,81,0,81,0,0,83,2,85,212,0,212,297
07/11/2004,SSF,TX,ASW,CE,Federal Contract Tower,0,0,5,4,9,0,0,27,0,27,0,0,32,4,36,38,0,38,74
07/12/2004,SSF,TX,ASW,CE,Federal Contract Tower,0,0,16,25,41,0,0,111,5,116,0,0,127,30,157,166,0,166,323
07/13/2004,SSF,TX,ASW,CE,Federal Contract Tower,0,0,10,15,25,0,0,142,1,143,0,0,152,16,168,294,0,294,462
07/14/2004,SSF,TX,ASW,CE,Federal Contract Tower,0,0,16,25,41,0,0,181,3,184,0,0,197,28,225,324,0,324,549
07/15/2004,SSF,TX,ASW,CE,Federal Contract Tower,0,0,16,25,41,0,0,155,13,168,0,0,171,38,209,260,0,260,469
07/16/2004,SSF,TX,ASW,CE,Federal Contract Tower,0,0,10,17,27,0,0,120,1,121,0,0,130,18,148,168,0,168,316
07/17/2004,SSF,TX,ASW,CE,Federal Contract Tower,0,0,4,2,6,0,0,126,0,126,0,0,130,2,132,106,0,106,238
07/18/2004,SSF,TX,ASW,CE,Federal Contract Tower,0,0,3,2,5,0,0,73,0,73,0,0,76,2,78,126,0,126,204
07/19/2004,SSF,TX,ASW,CE,Federal Contract Tower,0,0,15,27,42,0,0,155,3,158,0,0,170,30,200,161,0,161,361
07/20/2004,SSF,TX,ASW,CE,Federal Contract Tower,0,0,7,13,20,0,0,150,4,154,0,0,157,17,174,204,44,248,422
07/21/2004,SSF,TX,ASW,CE,Federal Contract Tower,0,0,13,16,29,0,0,146,0,146,0,0,159,16,175,298,0,298,473
07/22/2004,SSF,TX,ASW,CE,Federal Contract Tower,0,0,16,26,42,0,0,156,0,156,0,0,172,26,198,306,0,306,504
07/23/2004,SSF,TX,ASW,CE,Federal Contract Tower,0,0,21,24,45,0,0,82,0,82,0,0,103,24,127,114,0,114,241
07/24/2004,SSF,TX,ASW,CE,Federal Contract Tower,0,0,3,0,3,0,0,98,0,98,0,0,101,0,101,210,0,210,311
07/25/2004,SSF,TX,ASW,CE,Federal Contract Tower,0,0,1,2,3,0,0,66,0,66,0,0,67,2,69,73,0,73,142
07/26/2004,SSF,TX,ASW,CE,Federal Contract Tower,0,0,14,22,36,0,0,138,0,138,0,0,152,22,174,222,0,222,396
07/27/2004,SSF,TX,ASW,CE,Federal Contract Tower,0,0,18,31,49,0,0,137,15,152,0,0,155,46,201,232,0,232,433
07/28/2004,SSF,TX,ASW,CE,Federal Contract Tower,0,0,13,23,36,0,0,114,1,115,0,0,127,24,151,150,10,160,311
07/29/2004,SSF,TX,ASW,CE,Federal Contract Tower,0,0,18,33,51,0,0,96,9,105,0,0,114,42,156,222,0,222,378
07/30/2004,SSF,TX,ASW,CE,Federal Contract Tower,0,0,8,10,18,0,0,122,0,122,0,0,130,10,140,190,2,192,332
07/31/2004,SSF,TX,ASW,CE,Federal Contract Tower,0,0,2,4,6,0,0,122,0,122,0,0,124,4,128,180,0,180,308
08/01/2004,SSF,TX,ASW,CE,Federal Contract Tower,0,0,4,7,11,0,0,91,1,92,0,0,95,8,103,88,0,88,191
08/02/2004,SSF,TX,ASW,CE,Federal Contract Tower,0,0,13,20,33,0,0,139,0,139,0,0,152,20,172,206,0,206,378
08/03/2004,SSF,TX,ASW,CE,Federal Contract Tower,0,0,19,34,53,0,0,156,0,156,0,0,175,34,209,220,0,220,429
08/04/2004,SSF,TX,ASW,CE,Federal Contract Tower,0,0,17,24,41,0,0,187,0,187,0,0,204,24,228,480,0,480,708
08/05/2004,SSF,TX,ASW,CE,Federal Contract Tower,0,0,13,24,37,0,0,129,0,129,0,0,142,24,166,186,0,186,352
08/06/2004,SSF,TX,ASW,CE,Federal Contract Tower,0,0,9,14,23,0,0,116,0,116,0,0,125,14,139,196,0,196,335
08/07/2004,SSF,TX,ASW,CE,Federal Contract Tower,0,0,12,12,24,0,0,79,0,79,0,0,91,12,103,152,0,152,255
08/08/2004,SSF,TX,ASW,CE,Federal Contract Tower,0,0,5,4,9,0,0,49,0,49,0,0,54,4,58,70,0,70,128
08/09/2004,SSF,TX,ASW,CE,Federal Contract Tower,0,0,25,45,70,0,0,119,7,126,0,0,144,52,196,148,0,148,344
08/10/2004,SSF,TX,ASW,CE,Federal Contract Tower,0,0,18,33,51,0,0,171,7,178,0,0,189,40,229,294,0,294,523
08/11/2004,SSF,TX,ASW,CE,Federal Contract Tower,0,0,20,36,56,0,0,101,7,108,0,0,121,43,164,190,26,216,380
08/12/2004,SSF,TX,ASW,CE,Federal Contract Tower,0,0,16,29,45,0,0,118,9,127,0,0,134,38,172,184,0,184,356
08/13/2004,SSF,TX,ASW,CE,Federal Contract Tower,0,0,6,11,17,0,0,113,7,120,0,0,119,18,137,276,4,280,417
08/14/2004,SSF,TX,ASW,CE,Federal Contract Tower,0,0,7,2,9,0,0,128,0,128,0,0,135,2,137,154,0,154,291
08/15/2004,SSF,TX,ASW,CE,Federal Contract Tower,0,0,11,18,29,0,0,48,0,48,0,0,59,18,77,28,0,28,105
08/16/2004,SSF,TX,ASW,CE,Federal Contract Tower,0,0,15,26,41,0,0,121,8,129,0,0,136,34,170,294,0,294,464
08/17/2004,SSF,TX,ASW,CE,Federal Contract Tower,0,0,13,26,39,0,0,153,0,153,0,0,166,26,192,310,0,310,502
08/18/2004,SSF,TX,ASW,CE,Federal Contract Tower,0,0,17,32,49,0,1,126,0,127,0,1,143,32,176,226,0,226,402
08/19/2004,SSF,TX,ASW,CE,Federal Contract Tower,0,0,13,25,38,0,0,114,3,117,0,0,127,28,155,318,0,318,473
08/20/2004,SSF,TX,ASW,CE,Federal Contract Tower,0,0,6,13,19,0,0,153,5,158,0,0,159,18,177,272,0,272,449
08/21/2004,SSF,TX,ASW,CE,Federal Contract Tower,0,0,5,6,11,0,0,36,0,36,0,0,41,6,47,80,0,80,127
08/22/2004,SSF,TX,ASW,CE,Federal Contract Tower,0,0,6,12,18,0,0,29,0,29,0,0,35,12,47,36,0,36,83
08/23/2004,SSF,TX,ASW,CE,Federal Contract Tower,0,0,16,30,46,0,0,77,4,81,0,0,93,34,127,166,0,166,293
08/24/2004,SSF,TX,ASW,CE,Federal Contract Tower,0,0,11,22,33,0,0,143,4,147,0,0,154,26,180,238,0,238,418
08/25/2004,SSF,TX,ASW,CE,Federal Contract Tower,0,0,12,24,36,0,0,125,4,129,0,0,137,28,165,280,0,280,445
08/26/2004,SSF,TX,ASW,CE,Federal Contract Tower,0,0,13,26,39,0,0,135,0,135,0,0,148,26,174,196,0,196,370
08/27/2004,SSF,TX,ASW,CE,Federal Contract Tower,0,0,10,20,30,0,0,115,0,115,0,0,125,20,145,326,0,326,471
08/28/2004,SSF,TX,ASW,CE,Federal Contract Tower,0,0,5,5,10,0,0,81,0,81,0,0,86,5,91,164,0,164,255
08/29/2004,SSF,TX,ASW,CE,Federal Contract Tower,0,0,1,2,3,0,0,53,0,53,0,0,54,2,56,68,0,68,124
08/30/2004,SSF,TX,ASW,CE,Federal Contract Tower,0,0,8,17,25,0,0,111,1,112,0,0,119,18,137,234,0,234,371
08/31/2004,SSF,TX,ASW,CE,Federal Contract Tower,0,0,10,19,29,0,0,113,1,114,0,0,123,20,143,198,0,198,341
09/01/2004,SSF,TX,ASW,CE,Federal Contract Tower,0,0,21,26,47,0,0,128,4,132,0,0,149,30,179,260,0,260,439
09/02/2004,SSF,TX,ASW,CE,Federal Contract Tower,0,0,20,23,43,0,0,150,5,155,0,0,170,28,198,246,0,246,444
09/03/2004,SSF,TX,ASW,CE,Federal Contract Tower,0,0,17,21,38,0,0,105,3,108,0,0,122,24,146,180,0,180,326
09/04/2004,SSF,TX,ASW,CE,Federal Contract Tower,0,0,5,0,5,0,0,38,0,38,0,0,43,0,43,60,0,60,103
09/05/2004,SSF,TX,ASW,CE,Federal Contract Tower,0,0,0,0,0,0,0,42,0,42,0,0,42,0,42,32,0,32,74
09/06/2004,SSF,TX,ASW,CE,Federal Contract Tower,0,0,3,0,3,0,0,33,0,33,0,0,36,0,36,60,0,60,96
09/07/2004,SSF,TX,ASW,CE,Federal Contract Tower,0,0,17,19,36,0,0,165,15,180,0,0,182,34,216,240,0,240,456
09/08/2004,SSF,TX,ASW,CE,Federal Contract Tower,0,0,16,18,34,0,0,155,12,167,0,0,171,30,201,406,0,406,607
09/09/2004,SSF,TX,ASW,CE,Federal Contract Tower,0,0,14,16,30,0,0,146,10,156,0,0,160,26,186,430,0,430,616
09/10/2004,SSF,TX,ASW,CE,Federal Contract Tower,0,0,10,6,16,0,0,179,0,179,0,0,189,6,195,350,0,350,545
09/11/2004,SSF,TX,ASW,CE,Federal Contract Tower,0,0,7,7,14,0,0,100,5,105,0,0,107,12,119,122,8,130,249
09/12/2004,SSF,TX,ASW,CE,Federal Contract Tower,0,0,6,6,12,0,0,96,0,96,0,0,102,6,108,106,0,106,214
09/13/2004,SSF,TX,ASW,CE,Federal Contract Tower,0,0,18,20,38,0,2,83,2,87,0,2,101,22,125,118,0,118,243
09/14/2004,SSF,TX,ASW,CE,Federal Contract Tower,0,0,17,18,35,0,0,121,0,121,0,0,138,18,156,418,0,418,574
09/15/2004,SSF,TX,ASW,CE,Federal Contract Tower,0,0,28,32,60,0,0,125,0,125,0,0,153,32,185,330,0,330,515
09/16/2004,SSF,TX,ASW,CE,Federal Contract Tower,0,0,22,25,47,0,0,148,15,163,0,0,170,40,210,342,0,342,552
09/17/2004,SSF,TX,ASW,CE,Federal Contract Tower,0,0,20,24,44,0,0,137,2,139,0,0,157,26,183,272,0,272,455
09/18/2004,SSF,TX,ASW,CE,Federal Contract Tower,0,0,8,2,10,0,0,142,0,142,0,0,150,2,152,180,0,180,332
09/19/2004,SSF,TX,ASW,CE,Federal Contract Tower,0,0,10,8,18,0,0,53,0,53,0,0,63,8,71,40,0,40,111
09/20/2004,SSF,TX,ASW,CE,Federal Contract Tower,0,0,13,16,29,0,0,96,4,100,0,0,109,20,129,218,0,218,347
09/21/2004,SSF,TX,ASW,CE,Federal Contract Tower,0,0,20,26,46,0,0,143,6,149,0,0,163,32,195,234,0,234,429
09/22/2004,SSF,TX,ASW,CE,Federal Contract Tower,0,0,22,28,50,0,0,129,0,129,0,0,151,28,179,412,0,412,591
09/23/2004,SSF,TX,ASW,CE,Federal Contract Tower,0,0,13,17,30,0,0,174,3,177,0,0,187,20,207,542,0,542,749
09/24/2004,SSF,TX,ASW,CE,Federal Contract Tower,0,0,16,20,36,0,0,141,4,145,0,0,157,24,181,266,0,266,447
09/25/2004,SSF,TX,ASW,CE,Federal Contract Tower,0,0,3,2,5,0,0,95,0,95,0,0,98,2,100,188,0,188,288
09/26/2004,SSF,TX,ASW,CE,Federal Contract Tower,0,0,5,0,5,0,0,67,0,67,0,0,72,0,72,124,0,124,196
09/27/2004,SSF,TX,ASW,CE,Federal Contract Tower,0,0,14,18,32,0,0,107,0,107,0,0,121,18,139,214,0,214,353
09/28/2004,SSF,TX,ASW,CE,Federal Contract Tower,0,0,9,4,13,0,2,137,0,139,0,2,146,4,152,304,0,304,456
09/29/2004,SSF,TX,ASW,CE,Federal Contract Tower,0,0,3,0,3,0,0,188,0,188,0,0,191,0,191,372,0,372,563
09/30/2004,SSF,TX,ASW,CE,Federal Contract Tower,0,0,5,0,5,0,2,167,0,169,0,2,172,0,174,345,0,345,519
10/01/2004,SSF,TX,ASW,CE,Federal Contract Tower,0,0,22,16,38,0,0,157,0,157,0,0,179,16,195,342,0,342,537
10/02/2004,SSF,TX,ASW,CE,Federal Contract Tower,0,0,6,0,6,0,0,16,0,16,0,0,22,0,22,20,0,20,42
10/03/2004,SSF,TX,ASW,CE,Federal Contract Tower,0,0,3,4,7,0,0,72,0,72,0,0,75,4,79,116,0,116,195
10/04/2004,SSF,TX,ASW,CE,Federal Contract Tower,0,0,16,24,40,0,0,100,0,100,0,0,116,24,140,260,0,260,400
10/05/2004,SSF,TX,ASW,CE,Federal Contract Tower,0,0,19,46,65,0,0,107,2,109,0,0,126,48,174,290,10,300,474
10/06/2004,SSF,TX,ASW,CE,Federal Contract Tower,0,0,24,14,38,0,0,114,0,114,0,0,138,14,152,310,10,320,472
10/07/2004,SSF,TX,ASW,CE,Federal Contract Tower,0,0,11,34,45,0,0,63,0,63,0,0,74,34,108,102,0,102,210
10/08/2004,SSF,TX,ASW,CE,Federal Contract Tower,0,0,20,36,56,0,0,117,2,119,0,0,137,38,175,232,4,236,411
10/09/2004,SSF,TX,ASW,CE,Federal Contract Tower,0,0,2,2,4,0,0,111,0,111,0,0,113,2,115,146,0,146,261
10/10/2004,SSF,TX,ASW,CE,Federal Contract Tower,0,0,5,0,5,0,0,59,0,59,0,0,64,0,64,98,0,98,162
10/11/2004,SSF,TX,ASW,CE,Federal Contract Tower,0,0,12,0,12,0,0,174,0,174,0,0,186,0,186,314,0,314,500
10/12/2004,SSF,TX,ASW,CE,Federal Contract Tower,0,1,9,30,40,0,0,205,0,205,0,1,214,30,245,428,0,428,673
10/13/2004,SSF,TX,ASW,CE,Federal Contract Tower,0,0,8,34,42,0,0,138,0,138,0,0,146,34,180,254,0,254,434
10/14/2004,SSF,TX,ASW,CE,Federal Contract Tower,0,0,4,32,36,0,0,93,0,93,0,0,97,32,129,100,0,100,229
10/15/2004,SSF,TX,ASW,CE,Federal Contract Tower,0,0,8,30,38,0,0,152,0,152,0,0,160,30,190,184,0,184,374
10/16/2004,SSF,TX,ASW,CE,Federal Contract Tower,0,0,12,0,12,0,0,117,4,121,0,0,129,4,133,196,0,196,329
10/17/2004,SSF,TX,ASW,CE,Federal Contract Tower,0,0,9,4,13,0,0,47,0,47,0,0,56,4,60,46,0,46,106
10/18/2004,SSF,TX,ASW,CE,Federal Contract Tower,0,0,18,42,60,0,0,107,0,107,0,0,125,42,167,210,0,210,377
10/19/2004,SSF,TX,ASW,CE,Federal Contract Tower,0,0,14,32,46,0,0,103,2,105,0,0,117,34,151,264,0,264,415
10/20/2004,SSF,TX,ASW,CE,Federal Contract Tower,0,0,16,36,52,0,0,132,0,132,0,0,148,36,184,266,0,266,450
10/21/2004,SSF,TX,ASW,CE,Federal Contract Tower,0,0,9,48,57,0,0,120,0,120,0,0,129,48,177,322,0,322,499
10/22/2004,SSF,TX,ASW,CE,Federal Contract Tower,0,0,14,28,42,0,0,113,0,113,0,0,127,28,155,258,10,268,423
10/23/2004,SSF,TX,ASW,CE,Federal Contract Tower,0,0,20,2,22,0,0,19,0,19,0,0,39,2,41,72,0,72,113
10/24/2004,SSF,TX,ASW,CE,Federal Contract Tower,0,1,17,0,18,0,0,8,0,8,0,1,25,0,26,10,0,10,36
10/25/2004,SSF,TX,ASW,CE,Federal Contract Tower,0,1,11,36,48,0,0,105,0,105,0,1,116,36,153,328,0,328,481
10/26/2004,SSF,TX,ASW,CE,Federal Contract Tower,0,0,25,34,59,0,0,150,6,156,0,0,175,40,215,314,0,314,529
10/27/2004,SSF,TX,ASW,CE,Federal Contract Tower,0,0,16,22,38,0,0,100,0,100,0,0,116,22,138,232,0,232,370
10/28/2004,SSF,TX,ASW,CE,Federal Contract Tower,0,0,20,52,72,0,0,87,0,87,0,0,107,52,159,162,0,162,321
10/29/2004,SSF,TX,ASW,CE,Federal Contract Tower,0,0,33,4,37,0,0,118,4,122,0,0,151,8,159,290,0,290,449
10/30/2004,SSF,TX,ASW,CE,Federal Contract Tower,0,0,14,0,14,0,0,85,0,85,0,0,99,0,99,172,0,172,271
10/31/2004,SSF,TX,ASW,CE,Federal Contract Tower,0,0,7,6,13,0,0,45,0,45,0,0,52,6,58,56,0,56,114
11/01/2004,SSF,TX,ASW,CE,Federal Contract Tower,0,0,22,32,54,0,0,34,0,34,0,0,56,32,88,164,0,164,252
11/02/2004,SSF,TX,ASW,CE,Federal Contract Tower,0,0,12,22,34,0,0,132,0,132,0,0,144,22,166,282,0,282,448
11/03/2004,SSF,TX,ASW,CE,Federal Contract Tower,0,0,10,24,34,0,0,148,6,154,0,0,158,30,188,238,0,238,426
11/04/2004,SSF,TX,ASW,CE,Federal Contract Tower,0,0,7,42,49,0,0,179,2,181,0,0,186,44,230,214,0,214,444
11/05/2004,SSF,TX,ASW,CE,Federal Contract Tower,0,0,16,27,43,0,0,161,1,162,0,0,177,28,205,120,0,120,325
11/06/2004,SSF,TX,ASW,CE,Federal Contract Tower,0,0,16,2,18,0,0,105,0,105,0,0,121,2,123,88,0,88,211
11/07/2004,SSF,TX,ASW,CE,Federal Contract Tower,0,0,11,0,11,0,0,90,2,92,0,0,101,2,103,80,0,80,183
11/08/2004,SSF,TX,ASW,CE,Federal Contract Tower,0,0,4,40,44,0,0,142,0,142,0,0,146,40,186,362,0,362,548
11/09/2004,SSF,TX,ASW,CE,Federal Contract Tower,0,0,8,18,26,0,0,176,2,178,0,0,184,20,204,352,0,352,556
11/10/2004,SSF,TX,ASW,CE,Federal Contract Tower,0,0,4,28,32,0,0,180,0,180,0,0,184,28,212,288,0,288,500
11/11/2004,SSF,TX,ASW,CE,Federal Contract Tower,0,0,5,0,5,0,0,112,0,112,0,0,117,0,117,208,0,208,325
11/12/2004,SSF,TX,ASW,CE,Federal Contract Tower,0,0,18,32,50,0,0,111,0,111,0,0,129,32,161,286,0,286,447
11/13/2004,SSF,TX,ASW,CE,Federal Contract Tower,0,0,12,0,12,0,0,19,0,19,0,0,31,0,31,82,0,82,113
11/14/2004,SSF,TX,ASW,CE,Federal Contract Tower,0,0,14,0,14,0,0,4,0,4,0,0,18,0,18,0,0,0,18
11/15/2004,SSF,TX,ASW,CE,Federal Contract Tower,0,0,10,0,10,0,0,0,0,0,0,0,10,0,10,0,0,0,10
11/16/2004,SSF,TX,ASW,CE,Federal Contract Tower,0,0,18,22,40,0,0,37,0,37,0,0,55,22,77,0,0,0,77
11/17/2004,SSF,TX,ASW,CE,Federal Contract Tower,0,0,27,32,59,0,0,80,0,80,0,0,107,32,139,104,0,104,243
11/18/2004,SSF,TX,ASW,CE,Federal Contract Tower,0,0,16,26,42,0,0,160,0,160,0,0,176,26,202,260,0,260,462
11/19/2004,SSF,TX,ASW,CE,Federal Contract Tower,0,0,18,42,60,0,0,161,2,163,0,0,179,44,223,308,0,308,531
11/20/2004,SSF,TX,ASW,CE,Federal Contract Tower,0,0,14,0,14,0,0,0,0,0,0,0,14,0,14,0,0,0,14
11/21/2004,SSF,TX,ASW,CE,Federal Contract Tower,0,0,3,0,3,0,0,0,0,0,0,0,3,0,3,0,0,0,3
11/22/2004,SSF,TX,ASW,CE,Federal Contract Tower,0,0,15,0,15,0,0,24,4,28,0,0,39,4,43,0,0,0,43
11/23/2004,SSF,TX,ASW,CE,Federal Contract Tower,0,0,10,0,10,0,0,58,0,58,0,0,68,0,68,44,0,44,112
11/24/2004,SSF,TX,ASW,CE,Federal Contract Tower,0,0,16,36,52,0,0,147,2,149,0,0,163,38,201,200,0,200,401
11/25/2004,SSF,TX,ASW,CE,Federal Contract Tower,0,0,0,0,0,0,0,45,0,45,0,0,45,0,45,48,0,48,93
11/26/2004,SSF,TX,ASW,CE,Federal Contract Tower,0,0,22,0,22,0,0,86,0,86,0,0,108,0,108,108,0,108,216
11/27/2004,SSF,TX,ASW,CE,Federal Contract Tower,0,0,20,0,20,0,0,85,0,85,0,0,105,0,105,81,0,81,186
11/28/2004,SSF,TX,ASW,CE,Federal Contract Tower,0,0,6,0,6,0,0,75,0,75,0,0,81,0,81,100,0,100,181
11/29/2004,SSF,TX,ASW,CE,Federal Contract Tower,0,0,18,48,66,0,0,77,0,77,0,0,95,48,143,102,0,102,245
11/30/2004,SSF,TX,ASW,CE,Federal Contract Tower,0,0,18,32,50,0,0,119,0,119,0,0,137,32,169,234,0,234,403
12/01/2004,SSF,TX,ASW,CE,Federal Contract Tower,0,0,4,40,44,0,0,168,0,168,0,0,172,40,212,332,0,332,544
12/02/2004,SSF,TX,ASW,CE,Federal Contract Tower,0,0,23,36,59,0,0,177,2,179,0,0,200,38,238,406,0,406,644
12/03/2004,SSF,TX,ASW,CE,Federal Contract Tower,0,0,26,30,56,0,0,110,0,110,0,0,136,30,166,300,0,300,466
12/04/2004,SSF,TX,ASW,CE,Federal Contract Tower,0,0,22,18,40,0,0,80,0,80,0,0,102,18,120,178,0,178,298
12/05/2004,SSF,TX,ASW,CE,Federal Contract Tower,0,0,11,6,17,0,0,2,0,2,0,0,13,6,19,0,0,0,19
12/06/2004,SSF,TX,ASW,CE,Federal Contract Tower,0,0,21,10,31,0,0,4,0,4,0,0,25,10,35,10,0,10,45
12/07/2004,SSF,TX,ASW,CE,Federal Contract Tower,0,0,5,48,53,0,0,157,0,157,0,0,162,48,210,300,0,300,510
12/08/2004,SSF,TX,ASW,CE,Federal Contract Tower,0,0,23,36,59,0,0,123,0,123,0,0,146,36,182,311,0,311,493
12/09/2004,SSF,TX,ASW,CE,Federal Contract Tower,0,0,8,18,26,0,0,176,2,178,0,0,184,20,204,352,0,352,556
12/10/2004,SSF,TX,ASW,CE,Federal Contract Tower,0,0,7,22,29,0,0,131,0,131,0,0,138,22,160,186,0,186,346
12/11/2004,SSF,TX,ASW,CE,Federal Contract Tower,0,0,3,4,7,0,0,167,0,167,0,0,170,4,174,146,0,146,320
12/12/2004,SSF,TX,ASW,CE,Federal Contract Tower,0,0,1,10,11,0,0,74,0,74,0,0,75,10,85,74,0,74,159
12/13/2004,SSF,TX,ASW,CE,Federal Contract Tower,0,0,8,30,38,0,0,31,0,31,0,0,39,30,69,28,2,30,99
12/14/2004,SSF,TX,ASW,CE,Federal Contract Tower,0,0,9,20,29,0,0,117,0,117,0,0,126,20,146,144,0,144,290
12/15/2004,SSF,TX,ASW,CE,Federal Contract Tower,0,0,5,20,25,0,0,153,0,153,0,0,158,20,178,364,8,372,550
12/16/2004,SSF,TX,ASW,CE,Federal Contract Tower,0,2,39,16,57,0,0,53,0,53,0,2,92,16,110,98,0,98,208
12/17/2004,SSF,TX,ASW,CE,Federal Contract Tower,0,0,14,22,36,0,0,128,0,128,0,0,142,22,164,310,0,310,474
12/18/2004,SSF,TX,ASW,CE,Federal Contract Tower,0,0,12,4,16,0,0,134,0,134,0,0,146,4,150,102,0,102,252
12/19/2004,SSF,TX,ASW,CE,Federal Contract Tower,0,0,0,8,8,0,0,85,0,85,0,0,85,8,93,192,0,192,285
12/20/2004,SSF,TX,ASW,CE,Federal Contract Tower,0,0,7,30,37,0,0,118,0,118,0,0,125,30,155,188,0,188,343
12/21/2004,SSF,TX,ASW,CE,Federal Contract Tower,0,0,9,24,33,0,0,183,2,185,0,0,192,26,218,340,0,340,558
12/22/2004,SSF,TX,ASW,CE,Federal Contract Tower,0,0,3,36,39,0,0,52,2,54,0,0,55,38,93,62,0,62,155
12/23/2004,SSF,TX,ASW,CE,Federal Contract Tower,0,0,12,0,12,0,0,59,0,59,0,0,71,0,71,74,0,74,145
12/24/2004,SSF,TX,ASW,CE,Federal Contract Tower,0,0,6,0,6,0,0,17,0,17,0,0,23,0,23,64,0,64,87
12/25/2004,SSF,TX,ASW,CE,Federal Contract Tower,0,0,0,0,0,0,0,13,0,13,0,0,13,0,13,6,0,6,19
12/26/2004,SSF,TX,ASW,CE,Federal Contract Tower,0,0,0,0,0,0,0,48,0,48,0,0,48,0,48,16,0,16,64
12/27/2004,SSF,TX,ASW,CE,Federal Contract Tower,0,0,14,0,14,0,0,134,4,138,0,0,148,4,152,152,0,152,304
12/28/2004,SSF,TX,ASW,CE,Federal Contract Tower,0,0,19,6,25,0,0,72,0,72,0,0,91,6,97,108,0,108,205
12/29/2004,SSF,TX,ASW,CE,Federal Contract Tower,0,0,11,0,11,0,0,71,0,71,0,0,82,0,82,148,0,148,230
12/30/2004,SSF,TX,ASW,CE,Federal Contract Tower,0,0,27,0,27,0,0,101,0,101,0,0,128,0,128,92,0,92,220
12/31/2004,SSF,TX,ASW,CE,Federal Contract Tower,0,0,7,0,7,0,0,52,0,52,0,0,59,0,59,66,0,66,125
01/01/2005,SSF,TX,ASW,CE,Federal Contract Tower,0,0,4,0,4,0,0,10,0,10,0,0,14,0,14,18,0,18,32
01/02/2005,SSF,TX,ASW,CE,Federal Contract Tower,0,0,4,0,4,0,0,8,0,8,0,0,12,0,12,44,0,44,56
01/03/2005,SSF,TX,ASW,CE,Federal Contract Tower,0,0,11,10,21,0,0,50,0,50,0,0,61,10,71,150,0,150,221
01/04/2005,SSF,TX,ASW,CE,Federal Contract Tower,0,0,12,20,32,0,0,64,0,64,0,0,76,20,96,178,0,178,274
01/05/2005,SSF,TX,ASW,CE,Federal Contract Tower,0,0,18,44,62,0,0,34,0,34,0,0,52,44,96,114,0,114,210
01/06/2005,SSF,TX,ASW,CE,Federal Contract Tower,0,2,8,58,68,0,0,85,4,89,0,2,93,62,157,198,0,198,355
01/07/2005,SSF,TX,ASW,CE,Federal Contract Tower,0,0,15,16,31,0,0,78,0,78,0,0,93,16,109,194,0,194,303
01/08/2005,SSF,TX,ASW,CE,Federal Contract Tower,0,0,13,0,13,0,0,132,0,132,0,0,145,0,145,226,0,226,371
01/09/2005,SSF,TX,ASW,CE,Federal Contract Tower,0,0,17,6,23,0,0,40,0,40,0,0,57,6,63,196,0,196,259
01/10/2005,SSF,TX,ASW,CE,Federal Contract Tower,0,0,23,32,55,0,0,72,0,72,0,0,95,32,127,180,0,180,307
01/11/2005,SSF,TX,ASW,CE,Federal Contract Tower,0,2,12,28,42,0,0,124,4,128,0,2,136,32,170,316,0,316,486
01/12/2005,SSF,TX,ASW,CE,Federal Contract Tower,0,0,12,36,48,0,0,75,2,77,0,0,87,38,125,132,0,132,257
01/13/2005,SSF,TX,ASW,CE,Federal Contract Tower,0,0,7,46,53,0,0,129,0,129,0,0,136,46,182,136,0,136,318
01/14/2005,SSF,TX,ASW,CE,Federal Contract Tower,0,0,11,14,25,0,0,95,0,95,0,0,106,14,120,158,0,158,278
01/15/2005,SSF,TX,ASW,CE,Federal Contract Tower,0,0,18,2,20,0,0,96,0,96,0,0,114,2,116,92,0,92,208
01/16/2005,SSF,TX,ASW,CE,Federal Contract Tower,0,0,1,0,1,0,0,74,0,74,0,0,75,0,75,102,0,102,177
01/17/2005,SSF,TX,ASW,CE,Federal Contract Tower,0,0,6,4,10,0,0,116,0,116,0,0,122,4,126,176,0,176,302
01/18/2005,SSF,TX,ASW,CE,Federal Contract Tower,0,0,14,36,50,0,0,110,0,110,0,0,124,36,160,282,0,282,442
01/19/2005,SSF,TX,ASW,CE,Federal Contract Tower,0,2,19,38,59,0,0,79,0,79,0,2,98,38,138,112,0,112,250
01/20/2005,SSF,TX,ASW,CE,Federal Contract Tower,0,0,19,48,67,0,0,84,0,84,0,0,103,48,151,82,0,82,233
01/21/2005,SSF,TX,ASW,CE,Federal Contract Tower,0,0,9,20,29,0,0,145,0,145,0,0,154,20,174,254,0,254,428
01/22/2005,SSF,TX,ASW,CE,Federal Contract Tower,0,0,9,2,11,0,0,58,0,58,0,0,67,2,69,84,0,84,153
01/23/2005,SSF,TX,ASW,CE,Federal Contract Tower,0,0,3,4,7,0,0,57,0,57,0,0,60,4,64,50,0,50,114
01/24/2005,SSF,TX,ASW,CE,Federal Contract Tower,0,0,6,20,26,0,0,92,0,92,0,0,98,20,118,114,0,114,232
01/25/2005,SSF,TX,ASW,CE,Federal Contract Tower,0,0,11,26,37,0,0,122,0,122,0,0,133,26,159,250,0,250,409
01/26/2005,SSF,TX,ASW,CE,Federal Contract Tower,0,0,8,14,22,0,0,138,0,138,0,0,146,14,160,212,0,212,372
01/27/2005,SSF,TX,ASW,CE,Federal Contract Tower,0,0,14,0,14,0,0,4,0,4,0,0,18,0,18,0,0,0,18
01/28/2005,SSF,TX,ASW,CE,Federal Contract Tower,0,0,16,14,30,0,0,58,4,62,0,0,74,18,92,214,0,214,306
01/29/2005,SSF,TX,ASW,CE,Federal Contract Tower,0,0,20,4,24,0,0,25,0,25,0,0,45,4,49,120,0,120,169
01/30/2005,SSF,TX,ASW,CE,Federal Contract Tower,0,0,0,0,0,0,0,0,0,0,0,0,0,0,0,0,0,0,0
01/31/2005,SSF,TX,ASW,CE,Federal Contract Tower,0,0,17,4,21,0,0,24,0,24,0,0,41,4,45,80,0,80,125
02/01/2005,SSF,TX,ASW,CE,Federal Contract Tower,0,0,10,0,10,0,0,11,0,11,0,0,21,0,21,54,0,54,75
02/02/2005,SSF,TX,ASW,CE,Federal Contract Tower,0,0,28,32,60,0,0,105,2,107,0,0,133,34,167,194,0,194,361
02/03/2005,SSF,TX,ASW,CE,Federal Contract Tower,0,0,13,56,69,0,0,146,0,146,0,0,159,56,215,238,0,238,453
02/04/2005,SSF,TX,ASW,CE,Federal Contract Tower,0,0,8,26,34,0,0,114,0,114,0,0,122,26,148,158,0,158,306
02/05/2005,SSF,TX,ASW,CE,Federal Contract Tower,0,0,15,0,15,0,0,90,0,90,0,0,105,0,105,146,0,146,251
02/06/2005,SSF,TX,ASW,CE,Federal Contract Tower,0,0,6,0,6,0,0,39,0,39,0,0,45,0,45,154,0,154,199
02/07/2005,SSF,TX,ASW,CE,Federal Contract Tower,0,0,18,40,58,0,0,76,0,76,0,0,94,40,134,196,0,196,330
02/08/2005,SSF,TX,ASW,CE,Federal Contract Tower,0,0,17,2,19,0,0,0,0,0,0,0,17,2,19,0,0,0,19
02/09/2005,SSF,TX,ASW,CE,Federal Contract Tower,0,0,25,34,59,0,0,49,0,49,0,0,74,34,108,182,0,182,290
02/10/2005,SSF,TX,ASW,CE,Federal Contract Tower,0,0,10,34,44,0,0,126,0,126,0,0,136,34,170,178,0,178,348
02/11/2005,SSF,TX,ASW,CE,Federal Contract Tower,0,0,9,20,29,0,0,126,0,126,0,0,135,20,155,264,0,264,419
02/12/2005,SSF,TX,ASW,CE,Federal Contract Tower,0,0,21,0,21,0,0,32,0,32,0,0,53,0,53,84,0,84,137
02/13/2005,SSF,TX,ASW,CE,Federal Contract Tower,0,0,7,0,7,0,0,49,4,53,0,0,56,4,60,78,0,78,138
02/14/2005,SSF,TX,ASW,CE,Federal Contract Tower,0,0,8,28,36,0,0,140,0,140,0,0,148,28,176,126,0,126,302
02/15/2005,SSF,TX,ASW,CE,Federal Contract Tower,0,0,13,28,41,0,0,156,0,156,0,0,169,28,197,294,0,294,491
02/16/2005,SSF,TX,ASW,CE,Federal Contract Tower,0,0,18,46,64,0,0,96,0,96,0,0,114,46,160,246,0,246,406
02/17/2005,SSF,TX,ASW,CE,Federal Contract Tower,0,0,16,32,48,0,0,66,0,66,0,0,82,32,114,152,0,152,266
02/18/2005,SSF,TX,ASW,CE,Federal Contract Tower,0,0,19,44,63,0,0,76,0,76,0,0,95,44,139,176,0,176,315
02/19/2005,SSF,TX,ASW,CE,Federal Contract Tower,0,0,7,2,9,0,0,8,0,8,0,0,15,2,17,116,0,116,133
02/20/2005,SSF,TX,ASW,CE,Federal Contract Tower,0,0,8,0,8,0,0,16,0,16,0,0,24,0,24,112,0,112,136
02/21/2005,SSF,TX,ASW,CE,Federal Contract Tower,0,0,28,0,28,0,0,55,0,55,0,0,83,0,83,96,0,96,179
02/22/2005,SSF,TX,ASW,CE,Federal Contract Tower,0,0,20,30,50,0,0,85,0,85,0,0,105,30,135,138,0,138,273
02/23/2005,SSF,TX,ASW,CE,Federal Contract Tower,0,0,22,6,28,0,0,65,0,65,0,0,87,6,93,62,0,62,155
02/24/2005,SSF,TX,ASW,CE,Federal Contract Tower,0,0,29,10,39,0,0,43,0,43,0,0,72,10,82,110,0,110,192
02/25/2005,SSF,TX,ASW,CE,Federal Contract Tower,0,0,24,34,58,0,0,44,0,44,0,0,68,34,102,92,0,92,194
02/26/2005,SSF,TX,ASW,CE,Federal Contract Tower,0,0,6,0,6,0,0,1,0,1,0,0,7,0,7,0,0,0,7
02/27/2005,SSF,TX,ASW,CE,Federal Contract Tower,0,0,14,4,18,0,0,114,0,114,0,0,128,4,132,276,0,276,408
02/28/2005,SSF,TX,ASW,CE,Federal Contract Tower,0,0,8,22,30,0,0,181,3,184,0,0,189,25,214,280,0,280,494
03/01/2005,SSF,TX,ASW,CE,Federal Contract Tower,0,0,13,38,51,0,0,144,0,144,0,0,157,38,195,258,0,258,453
03/02/2005,SSF,TX,ASW,CE,Federal Contract Tower,0,0,23,20,43,0,0,32,0,32,0,0,55,20,75,68,0,68,143
03/03/2005,SSF,TX,ASW,CE,Federal Contract Tower,0,0,10,34,44,0,0,127,6,133,0,0,137,40,177,234,0,234,411
03/04/2005,SSF,TX,ASW,CE,Federal Contract Tower,0,0,29,30,59,0,0,103,0,103,0,0,132,30,162,194,0,194,356
03/05/2005,SSF,TX,ASW,CE,Federal Contract Tower,0,0,11,2,13,0,0,47,0,47,0,0,58,2,60,108,0,108,168
03/06/2005,SSF,TX,ASW,CE,Federal Contract Tower,0,0,10,4,14,0,0,0,0,0,0,0,10,4,14,0,0,0,14
03/07/2005,SSF,TX,ASW,CE,Federal Contract Tower,0,0,6,10,16,0,0,75,2,77,0,0,81,12,93,114,0,114,207
03/08/2005,SSF,TX,ASW,CE,Federal Contract Tower,0,0,15,36,51,0,0,128,0,128,0,0,143,36,179,252,0,252,431
03/09/2005,SSF,TX,ASW,CE,Federal Contract Tower,0,0,12,36,48,0,0,122,0,122,0,0,134,36,170,192,0,192,362
03/10/2005,SSF,TX,ASW,CE,Federal Contract Tower,0,0,10,20,30,0,0,166,0,166,0,0,176,20,196,298,0,298,494
03/11/2005,SSF,TX,ASW,CE,Federal Contract Tower,0,0,10,27,37,0,0,121,0,121,0,0,131,27,158,140,14,154,312
03/12/2005,SSF,TX,ASW,CE,Federal Contract Tower,0,0,15,0,15,0,0,129,0,129,0,0,144,0,144,74,0,74,218
03/13/2005,SSF,TX,ASW,CE,Federal Contract Tower,0,0,10,0,10,0,0,73,0,73,0,0,83,0,83,48,0,48,131
03/14/2005,SSF,TX,ASW,CE,Federal Contract Tower,0,0,12,40,52,0,0,103,0,103,0,0,115,40,155,324,0,324,479
03/15/2005,SSF,TX,ASW,CE,Federal Contract Tower,0,2,28,46,76,0,0,45,0,45,0,2,73,46,121,54,0,54,175
03/16/2005,SSF,TX,ASW,CE,Federal Contract Tower,0,2,9,34,45,0,0,48,10,58,0,2,57,44,103,156,0,156,259
03/17/2005,SSF,TX,ASW,CE,Federal Contract Tower,0,0,15,22,37,0,0,147,2,149,0,0,162,24,186,320,0,320,506
03/18/2005,SSF,TX,ASW,CE,Federal Contract Tower,0,0,16,20,36,0,0,97,0,97,0,0,113,20,133,162,0,162,295
03/19/2005,SSF,TX,ASW,CE,Federal Contract Tower,0,0,12,2,14,0,0,66,5,71,0,0,78,7,85,158,6,164,249
03/20/2005,SSF,TX,ASW,CE,Federal Contract Tower,0,0,16,4,20,0,0,59,0,59,0,0,75,4,79,76,0,76,155
03/21/2005,SSF,TX,ASW,CE,Federal Contract Tower,0,0,4,10,14,0,0,62,0,62,0,0,66,10,76,104,0,104,180
03/22/2005,SSF,TX,ASW,CE,Federal Contract Tower,0,0,4,50,54,0,0,181,0,181,0,0,185,50,235,372,0,372,607
03/23/2005,SSF,TX,ASW,CE,Federal Contract Tower,0,0,4,32,36,0,0,148,0,148,0,0,152,32,184,346,0,346,530
03/24/2005,SSF,TX,ASW,CE,Federal Contract Tower,0,0,13,30,43,0,0,129,2,131,0,0,142,32,174,172,2,174,348
03/25/2005,SSF,TX,ASW,CE,Federal Contract Tower,0,0,18,22,40,0,0,95,4,99,0,0,113,26,139,246,0,246,385
03/26/2005,SSF,TX,ASW,CE,Federal Contract Tower,0,0,7,0,7,0,0,19,0,19,0,0,26,0,26,23,0,23,49
03/27/2005,SSF,TX,ASW,CE,Federal Contract Tower,0,0,10,0,10,0,0,52,2,54,0,0,62,2,64,12,0,12,76
03/28/2005,SSF,TX,ASW,CE,Federal Contract Tower,0,0,14,42,56,0,0,149,0,149,0,0,163,42,205,226,0,226,431
03/29/2005,SSF,TX,ASW,CE,Federal Contract Tower,0,0,31,40,71,0,0,106,0,106,0,0,137,40,177,232,0,232,409
03/30/2005,SSF,TX,ASW,CE,Federal Contract Tower,0,0,9,46,55,0,0,143,0,143,0,0,152,46,198,216,0,216,414
03/31/2005,SSF,TX,ASW,CE,Federal Contract Tower,0,0,13,46,59,0,0,175,0,175,0,0,188,46,234,226,0,226,460
04/01/2005,SSF,TX,ASW,CE,Federal Contract Tower,0,0,11,14,25,0,0,53,4,57,0,0,64,18,82,0,0,0,82
04/02/2005,SSF,TX,ASW,CE,Federal Contract Tower,0,0,12,4,16,0,0,172,0,172,0,0,184,4,188,346,0,346,534
04/03/2005,SSF,TX,ASW,CE,Federal Contract Tower,0,0,6,0,6,0,0,60,0,60,0,0,66,0,66,154,0,154,220
04/04/2005,SSF,TX,ASW,CE,Federal Contract Tower,0,0,13,20,33,0,0,97,0,97,0,0,110,20,130,246,0,246,376
04/05/2005,SSF,TX,ASW,CE,Federal Contract Tower,0,0,19,32,51,0,0,74,0,74,0,0,93,32,125,222,0,222,347
04/06/2005,SSF,TX,ASW,CE,Federal Contract Tower,0,0,6,26,32,0,0,156,0,156,0,0,162,26,188,132,0,132,320
04/07/2005,SSF,TX,ASW,CE,Federal Contract Tower,0,0,11,22,33,0,0,177,0,177,0,0,188,22,210,210,0,210,420
04/08/2005,SSF,TX,ASW,CE,Federal Contract Tower,0,0,15,14,29,0,0,117,0,117,0,0,132,14,146,244,0,244,390
04/09/2005,SSF,TX,ASW,CE,Federal Contract Tower,0,0,15,2,17,0,0,66,0,66,0,0,81,2,83,68,0,68,151
04/10/2005,SSF,TX,ASW,CE,Federal Contract Tower,0,0,4,2,6,0,0,39,0,39,0,0,43,2,45,154,0,154,199
04/11/2005,SSF,TX,ASW,CE,Federal Contract Tower,0,0,4,14,18,0,0,108,0,108,0,0,112,14,126,194,0,194,320
04/12/2005,SSF,TX,ASW,CE,Federal Contract Tower,0,0,5,16,21,0,0,139,0,139,0,0,144,16,160,245,0,245,405
04/13/2005,SSF,TX,ASW,CE,Federal Contract Tower,0,0,11,18,29,0,0,168,0,168,0,0,179,18,197,260,20,280,477
04/14/2005,SSF,TX,ASW,CE,Federal Contract Tower,0,0,18,34,52,0,0,142,2,144,0,0,160,36,196,214,0,214,410
04/15/2005,SSF,TX,ASW,CE,Federal Contract Tower,0,0,20,34,54,0,0,128,0,128,0,0,148,34,182,258,0,258,440
04/16/2005,SSF,TX,ASW,CE,Federal Contract Tower,0,0,8,8,16,0,0,79,3,82,0,0,87,11,98,144,8,152,250
04/17/2005,SSF,TX,ASW,CE,Federal Contract Tower,0,0,14,2,16,0,0,54,0,54,0,0,68,2,70,94,0,94,164
04/18/2005,SSF,TX,ASW,CE,Federal Contract Tower,0,0,24,34,58,0,0,56,0,56,0,0,80,34,114,76,0,76,190
04/19/2005,SSF,TX,ASW,CE,Federal Contract Tower,0,0,27,48,75,0,0,78,0,78,0,0,105,48,153,174,0,174,327
04/20/2005,SSF,TX,ASW,CE,Federal Contract Tower,0,0,27,36,63,0,0,47,0,47,0,0,74,36,110,218,0,218,328
04/21/2005,SSF,TX,ASW,CE,Federal Contract Tower,0,0,24,36,60,0,0,105,2,107,0,0,129,38,167,250,0,250,417
04/22/2005,SSF,TX,ASW,CE,Federal Contract Tower,0,0,23,36,59,0,0,89,0,89,0,0,112,36,148,64,0,64,212
04/23/2005,SSF,TX,ASW,CE,Federal Contract Tower,0,0,9,0,9,0,0,90,0,90,0,0,99,0,99,46,0,46,145
04/24/2005,SSF,TX,ASW,CE,Federal Contract Tower,0,0,11,4,15,0,0,78,0,78,0,0,89,4,93,118,0,118,211
04/25/2005,SSF,TX,ASW,CE,Federal Contract Tower,0,1,23,48,72,0,0,51,0,51,0,1,74,48,123,134,0,134,257
04/26/2005,SSF,TX,ASW,CE,Federal Contract Tower,0,1,19,24,44,0,0,147,0,147,0,1,166,24,191,192,0,192,383
04/27/2005,SSF,TX,ASW,CE,Federal Contract Tower,0,0,10,22,32,0,0,128,4,132,0,0,138,26,164,228,8,236,400
04/28/2005,SSF,TX,ASW,CE,Federal Contract Tower,0,0,22,15,37,0,0,120,0,120,0,0,142,15,157,248,0,248,405
04/29/2005,SSF,TX,ASW,CE,Federal Contract Tower,0,0,32,10,42,0,0,94,2,96,0,0,126,12,138,98,0,98,236
04/30/2005,SSF,TX,ASW,CE,Federal Contract Tower,0,0,11,4,15,0,0,41,0,41,0,0,52,4,56,54,0,54,110
05/01/2005,SSF,TX,ASW,CE,Federal Contract Tower,0,0,8,0,8,0,0,85,28,113,0,0,93,28,121,74,0,74,195
05/02/2005,SSF,TX,ASW,CE,Federal Contract Tower,0,0,14,40,54,0,0,118,0,118,0,0,132,40,172,240,0,240,412
05/03/2005,SSF,TX,ASW,CE,Federal Contract Tower,0,0,20,26,46,0,0,104,0,104,0,0,124,26,150,360,0,360,510
05/04/2005,SSF,TX,ASW,CE,Federal Contract Tower,0,0,19,34,53,0,0,106,0,106,0,0,125,34,159,218,0,218,377
05/05/2005,SSF,TX,ASW,CE,Federal Contract Tower,0,0,17,44,61,0,0,137,0,137,0,0,154,44,198,235,0,235,433
05/06/2005,SSF,TX,ASW,CE,Federal Contract Tower,0,0,17,40,57,0,0,150,0,150,0,0,167,40,207,168,0,168,375
05/07/2005,SSF,TX,ASW,CE,Federal Contract Tower,0,0,11,2,13,0,0,51,0,51,0,0,62,2,64,84,0,84,148
05/08/2005,SSF,TX,ASW,CE,Federal Contract Tower,0,0,5,0,5,0,0,4,0,4,0,0,9,0,9,4,0,4,13
05/09/2005,SSF,TX,ASW,CE,Federal Contract Tower,0,0,16,30,46,0,0,91,0,91,0,0,107,30,137,166,0,166,303
05/10/2005,SSF,TX,ASW,CE,Federal Contract Tower,0,0,48,30,78,0,0,93,2,95,0,0,141,32,173,290,0,290,463
05/11/2005,SSF,TX,ASW,CE,Federal Contract Tower,0,0,14,28,42,0,0,105,0,105,0,0,119,28,147,214,0,214,361
05/12/2005,SSF,TX,ASW,CE,Federal Contract Tower,0,0,18,28,46,0,0,83,0,83,0,0,101,28,129,160,0,160,289
05/13/2005,SSF,TX,ASW,CE,Federal Contract Tower,0,0,25,24,49,0,0,100,0,100,0,0,125,24,149,176,0,176,325
05/14/2005,SSF,TX,ASW,CE,Federal Contract Tower,0,0,10,0,10,0,0,96,0,96,0,0,106,0,106,100,0,100,206
05/15/2005,SSF,TX,ASW,CE,Federal Contract Tower,0,0,3,2,5,0,0,101,0,101,0,0,104,2,106,162,0,162,268
05/16/2005,SSF,TX,ASW,CE,Federal Contract Tower,0,0,16,28,44,0,0,142,0,142,0,0,158,28,186,240,0,240,426
05/17/2005,SSF,TX,ASW,CE,Federal Contract Tower,0,0,19,28,47,0,0,156,0,156,0,0,175,28,203,314,0,314,517
05/18/2005,SSF,TX,ASW,CE,Federal Contract Tower,0,0,25,42,67,0,0,151,0,151,0,0,176,42,218,202,0,202,420
05/19/2005,SSF,TX,ASW,CE,Federal Contract Tower,0,0,15,26,41,0,0,161,0,161,0,0,176,26,202,414,0,414,616
05/20/2005,SSF,TX,ASW,CE,Federal Contract Tower,0,0,13,26,39,0,0,167,0,167,0,0,180,26,206,428,0,428,634
05/21/2005,SSF,TX,ASW,CE,Federal Contract Tower,0,0,10,0,10,0,0,143,0,143,0,0,153,0,153,378,0,378,531
05/22/2005,SSF,TX,ASW,CE,Federal Contract Tower,0,0,2,2,4,0,0,48,0,48,0,0,50,2,52,110,0,110,162
05/23/2005,SSF,TX,ASW,CE,Federal Contract Tower,0,0,5,34,39,0,0,173,2,175,0,0,178,36,214,404,0,404,618
05/24/2005,SSF,TX,ASW,CE,Federal Contract Tower,0,0,13,22,35,0,0,157,0,157,0,0,170,22,192,492,0,492,684
05/25/2005,SSF,TX,ASW,CE,Federal Contract Tower,0,0,16,0,16,0,0,196,0,196,0,0,212,0,212,570,0,570,782
05/26/2005,SSF,TX,ASW,CE,Federal Contract Tower,0,0,11,28,39,0,0,84,2,86,0,0,95,30,125,224,0,224,349
05/27/2005,SSF,TX,ASW,CE,Federal Contract Tower,0,0,17,0,17,0,0,148,0,148,0,0,165,0,165,536,0,536,701
05/28/2005,SSF,TX,ASW,CE,Federal Contract Tower,0,0,7,0,7,0,0,106,0,106,0,0,113,0,113,294,0,294,407
05/29/2005,SSF,TX,ASW,CE,Federal Contract Tower,0,0,5,0,5,0,0,26,0,26,0,0,31,0,31,88,0,88,119
05/30/2005,SSF,TX,ASW,CE,Federal Contract Tower,0,0,9,0,9,0,0,126,0,126,0,0,135,0,135,296,0,296,431
05/31/2005,SSF,TX,ASW,CE,Federal Contract Tower,0,0,8,50,58,0,0,139,0,139,0,0,147,50,197,192,0,192,389
06/01/2005,SSF,TX,ASW,CE,Federal Contract Tower,0,0,9,36,45,0,0,157,2,159,0,0,166,38,204,288,0,288,492
06/02/2005,SSF,TX,ASW,CE,Federal Contract Tower,0,0,16,28,44,0,0,155,0,155,0,0,171,28,199,182,0,182,381
06/03/2005,SSF,TX,ASW,CE,Federal Contract Tower,0,0,20,26,46,0,0,72,0,72,0,0,92,26,118,154,0,154,272
06/04/2005,SSF,TX,ASW,CE,Federal Contract Tower,0,0,17,2,19,0,0,45,0,45,0,0,62,2,64,100,0,100,164
06/05/2005,SSF,TX,ASW,CE,Federal Contract Tower,0,0,15,4,19,0,0,75,0,75,0,0,90,4,94,164,0,164,258
06/06/2005,SSF,TX,ASW,CE,Federal Contract Tower,0,1,14,32,47,0,0,160,0,160,0,1,174,32,207,302,0,302,509
06/07/2005,SSF,TX,ASW,CE,Federal Contract Tower,0,0,22,28,50,0,0,122,2,124,0,0,144,30,174,352,0,352,526
06/08/2005,SSF,TX,ASW,CE,Federal Contract Tower,0,0,19,42,61,0,0,113,0,113,0,0,132,42,174,302,0,302,476
06/09/2005,SSF,TX,ASW,CE,Federal Contract Tower,0,0,7,28,35,0,0,123,12,135,0,0,130,40,170,282,0,282,452
06/10/2005,SSF,TX,ASW,CE,Federal Contract Tower,0,0,18,28,46,0,0,103,0,103,0,0,121,28,149,170,0,170,319
06/11/2005,SSF,TX,ASW,CE,Federal Contract Tower,0,0,26,0,26,0,0,78,0,78,0,0,104,0,104,250,0,250,354
06/12/2005,SSF,TX,ASW,CE,Federal Contract Tower,0,0,5,4,9,0,0,48,0,48,0,0,53,4,57,126,0,126,183
06/13/2005,SSF,TX,ASW,CE,Federal Contract Tower,0,0,23,26,49,0,0,78,0,78,0,0,101,26,127,322,2,324,451
06/14/2005,SSF,TX,ASW,CE,Federal Contract Tower,0,0,13,34,47,0,0,136,0,136,0,0,149,34,183,378,0,378,561
06/15/2005,SSF,TX,ASW,CE,Federal Contract Tower,0,0,22,36,58,0,0,162,0,162,0,0,184,36,220,440,0,440,660
06/16/2005,SSF,TX,ASW,CE,Federal Contract Tower,0,0,0,14,14,0,0,0,8,8,0,0,0,22,22,190,0,190,212
06/17/2005,SSF,TX,ASW,CE,Federal Contract Tower,0,0,24,12,36,0,0,113,2,115,0,0,137,14,151,192,0,192,343
06/18/2005,SSF,TX,ASW,CE,Federal Contract Tower,0,0,10,4,14,0,0,64,0,64,0,0,74,4,78,114,0,114,192
06/19/2005,SSF,TX,ASW,CE,Federal Contract Tower,0,0,7,2,9,0,0,32,0,32,0,0,39,2,41,20,0,20,61
06/20/2005,SSF,TX,ASW,CE,Federal Contract Tower,0,0,17,26,43,0,0,89,0,89,0,0,106,26,132,162,0,162,294
06/21/2005,SSF,TX,ASW,CE,Federal Contract Tower,0,0,15,22,37,0,0,115,0,115,0,0,130,22,152,232,22,254,406
06/22/2005,SSF,TX,ASW,CE,Federal Contract Tower,0,0,15,22,37,0,0,152,5,157,0,0,167,27,194,332,10,342,536
06/23/2005,SSF,TX,ASW,CE,Federal Contract Tower,0,0,12,28,40,0,0,130,0,130,0,0,142,28,170,270,0,270,440
06/24/2005,SSF,TX,ASW,CE,Federal Contract Tower,0,0,8,8,16,0,0,151,0,151,0,0,159,8,167,230,0,230,397
06/25/2005,SSF,TX,ASW,CE,Federal Contract Tower,0,0,8,4,12,0,0,136,0,136,0,0,144,4,148,132,0,132,280
06/26/2005,SSF,TX,ASW,CE,Federal Contract Tower,0,2,3,0,5,0,0,64,0,64,0,2,67,0,69,78,0,78,147
06/27/2005,SSF,TX,ASW,CE,Federal Contract Tower,0,0,9,26,35,0,0,113,0,113,0,0,122,26,148,314,0,314,462
06/28/2005,SSF,TX,ASW,CE,Federal Contract Tower,0,0,13,46,59,0,0,147,0,147,0,0,160,46,206,320,0,320,526
06/29/2005,SSF,TX,ASW,CE,Federal Contract Tower,0,2,13,14,29,0,0,125,2,127,0,2,138,16,156,308,0,308,464
06/30/2005,SSF,TX,ASW,CE,Federal Contract Tower,0,0,16,14,30,0,0,126,0,126,0,0,142,14,156,174,0,174,330
07/01/2005,SSF,TX,ASW,CE,Federal Contract Tower,0,0,15,0,15,0,0,109,0,109,0,0,124,0,124,156,0,156,280
07/02/2005,SSF,TX,ASW,CE,Federal Contract Tower,0,0,13,0,13,0,0,82,0,82,0,0,95,0,95,108,0,108,203
07/03/2005,SSF,TX,ASW,CE,Federal Contract Tower,0,0,5,2,7,0,0,38,0,38,0,0,43,2,45,44,0,44,89
07/04/2005,SSF,TX,ASW,CE,Federal Contract Tower,0,0,3,0,3,0,0,64,0,64,0,0,67,0,67,74,0,74,141
07/05/2005,SSF,TX,ASW,CE,Federal Contract Tower,0,0,18,18,36,0,0,114,0,114,0,0,132,18,150,264,0,264,414
07/06/2005,SSF,TX,ASW,CE,Federal Contract Tower,0,0,11,20,31,0,0,161,0,161,0,0,172,20,192,264,0,264,456
07/07/2005,SSF,TX,ASW,CE,Federal Contract Tower,0,0,10,18,28,0,0,161,0,161,0,0,171,18,189,212,0,212,401
07/08/2005,SSF,TX,ASW,CE,Federal Contract Tower,0,0,11,16,27,0,0,122,0,122,0,0,133,16,149,302,0,302,451
07/09/2005,SSF,TX,ASW,CE,Federal Contract Tower,0,0,10,4,14,0,0,114,0,114,0,0,124,4,128,148,0,148,276
07/10/2005,SSF,TX,ASW,CE,Federal Contract Tower,0,0,17,10,27,0,0,54,4,58,0,0,71,14,85,216,0,216,301
07/11/2005,SSF,TX,ASW,CE,Federal Contract Tower,0,0,4,44,48,0,0,131,0,131,0,0,135,44,179,284,0,284,463
07/12/2005,SSF,TX,ASW,CE,Federal Contract Tower,0,0,8,26,34,0,0,141,0,141,0,0,149,26,175,344,0,344,519
07/13/2005,SSF,TX,ASW,CE,Federal Contract Tower,0,0,11,48,59,0,0,123,0,123,0,0,134,48,182,236,0,236,418
07/14/2005,SSF,TX,ASW,CE,Federal Contract Tower,0,0,9,22,31,0,0,120,0,120,0,0,129,22,151,214,0,214,365
07/15/2005,SSF,TX,ASW,CE,Federal Contract Tower,0,0,17,14,31,0,0,93,2,95,0,0,110,16,126,178,8,186,312
07/16/2005,SSF,TX,ASW,CE,Federal Contract Tower,0,0,4,2,6,0,0,77,0,77,0,0,81,2,83,112,0,112,195
07/17/2005,SSF,TX,ASW,CE,Federal Contract Tower,0,0,8,4,12,0,0,18,0,18,0,0,26,4,30,52,0,52,82
07/18/2005,SSF,TX,ASW,CE,Federal Contract Tower,0,4,7,28,39,0,0,76,0,76,0,4,83,28,115,204,0,204,319
07/19/2005,SSF,TX,ASW,CE,Federal Contract Tower,0,0,8,34,42,0,0,104,0,104,0,0,112,34,146,220,0,220,366
07/20/2005,SSF,TX,ASW,CE,Federal Contract Tower,0,0,15,20,35,0,0,49,0,49,0,0,64,20,84,130,0,130,214
07/21/2005,SSF,TX,ASW,CE,Federal Contract Tower,0,0,12,8,20,0,0,70,0,70,0,0,82,8,90,138,0,138,228
07/22/2005,SSF,TX,ASW,CE,Federal Contract Tower,0,0,19,20,39,0,0,133,0,133,0,0,152,20,172,248,0,248,420
07/23/2005,SSF,TX,ASW,CE,Federal Contract Tower,0,0,9,6,15,0,0,98,0,98,0,0,107,6,113,162,0,162,275
07/24/2005,SSF,TX,ASW,CE,Federal Contract Tower,0,0,2,4,6,0,0,31,0,31,0,0,33,4,37,82,0,82,119
07/25/2005,SSF,TX,ASW,CE,Federal Contract Tower,0,0,9,20,29,0,0,120,0,120,0,0,129,20,149,354,0,354,503
07/26/2005,SSF,TX,ASW,CE,Federal Contract Tower,0,0,6,20,26,0,0,116,0,116,0,0,122,20,142,208,0,208,350
07/27/2005,SSF,TX,ASW,CE,Federal Contract Tower,0,0,22,24,46,0,0,94,0,94,0,0,116,24,140,262,0,262,402
07/28/2005,SSF,TX,ASW,CE,Federal Contract Tower,0,0,6,24,30,0,0,155,2,157,0,0,161,26,187,464,12,476,663
07/29/2005,SSF,TX,ASW,CE,Federal Contract Tower,0,0,7,14,21,0,0,98,0,98,0,0,105,14,119,132,20,152,271
07/30/2005,SSF,TX,ASW,CE,Federal Contract Tower,0,0,5,6,11,0,0,92,0,92,0,0,97,6,103,118,0,118,221
07/31/2005,SSF,TX,ASW,CE,Federal Contract Tower,0,0,4,8,12,0,0,60,0,60,0,0,64,8,72,126,0,126,198
08/01/2005,SSF,TX,ASW,CE,Federal Contract Tower,0,0,4,6,10,0,0,130,0,130,0,0,134,6,140,270,0,270,410
08/02/2005,SSF,TX,ASW,CE,Federal Contract Tower,0,0,4,24,28,0,0,144,0,144,0,0,148,24,172,248,0,248,420
08/03/2005,SSF,TX,ASW,CE,Federal Contract Tower,0,0,4,40,44,0,0,126,0,126,0,0,130,40,170,270,2,272,442
08/04/2005,SSF,TX,ASW,CE,Federal Contract Tower,0,0,10,34,44,0,0,93,0,93,0,0,103,34,137,190,8,198,335
08/05/2005,SSF,TX,ASW,CE,Federal Contract Tower,0,0,8,22,30,0,0,112,0,112,0,0,120,22,142,150,0,150,292
08/06/2005,SSF,TX,ASW,CE,Federal Contract Tower,0,0,16,0,16,0,0,90,0,90,0,0,106,0,106,126,0,126,232
08/07/2005,SSF,TX,ASW,CE,Federal Contract Tower,0,0,1,2,3,0,0,36,0,36,0,0,37,2,39,54,0,54,93
08/08/2005,SSF,TX,ASW,CE,Federal Contract Tower,0,0,9,0,9,0,0,140,0,140,0,0,149,0,149,392,0,392,541
08/09/2005,SSF,TX,ASW,CE,Federal Contract Tower,0,0,16,22,38,0,0,75,0,75,0,0,91,22,113,294,0,294,407
08/10/2005,SSF,TX,ASW,CE,Federal Contract Tower,0,0,15,2,17,0,0,17,22,39,0,0,32,24,56,0,0,0,56
08/11/2005,SSF,TX,ASW,CE,Federal Contract Tower,0,0,20,30,50,0,0,91,0,91,0,0,111,30,141,188,0,188,329
08/12/2005,SSF,TX,ASW,CE,Federal Contract Tower,0,0,25,28,53,0,0,139,0,139,0,0,164,28,192,258,0,258,450
08/13/2005,SSF,TX,ASW,CE,Federal Contract Tower,0,0,8,4,12,0,0,85,0,85,0,0,93,4,97,134,0,134,231
08/14/2005,SSF,TX,ASW,CE,Federal Contract Tower,0,0,4,0,4,0,0,46,0,46,0,0,50,0,50,34,0,34,84
08/15/2005,SSF,TX,ASW,CE,Federal Contract Tower,0,0,13,36,49,0,0,100,0,100,0,0,113,36,149,286,0,286,435
08/16/2005,SSF,TX,ASW,CE,Federal Contract Tower,0,0,16,40,56,0,0,114,0,114,0,0,130,40,170,230,0,230,400
08/17/2005,SSF,TX,ASW,CE,Federal Contract Tower,0,0,6,30,36,0,0,136,0,136,0,0,142,30,172,320,0,320,492
08/18/2005,SSF,TX,ASW,CE,Federal Contract Tower,0,0,14,36,50,0,0,149,0,149,0,0,163,36,199,236,0,236,435
08/19/2005,SSF,TX,ASW,CE,Federal Contract Tower,0,0,25,22,47,0,0,102,0,102,0,0,127,22,149,132,0,132,281
08/20/2005,SSF,TX,ASW,CE,Federal Contract Tower,0,0,9,2,11,0,0,114,0,114,0,0,123,2,125,112,0,112,237
08/21/2005,SSF,TX,ASW,CE,Federal Contract Tower,0,0,12,4,16,0,0,40,0,40,0,0,52,4,56,46,0,46,102
08/22/2005,SSF,TX,ASW,CE,Federal Contract Tower,0,0,4,36,40,0,0,184,0,184,0,0,188,36,224,398,0,398,622
08/23/2005,SSF,TX,ASW,CE,Federal Contract Tower,0,0,10,24,34,0,0,161,0,161,0,0,171,24,195,412,0,412,607
08/24/2005,SSF,TX,ASW,CE,Federal Contract Tower,0,0,7,28,35,0,0,125,0,125,0,0,132,28,160,208,0,208,368
08/25/2005,SSF,TX,ASW,CE,Federal Contract Tower,0,0,31,24,55,0,0,114,28,142,0,0,145,52,197,166,12,178,375
08/26/2005,SSF,TX,ASW,CE,Federal Contract Tower,0,0,15,24,39,0,0,140,0,140,0,0,155,24,179,226,0,226,405
08/27/2005,SSF,TX,ASW,CE,Federal Contract Tower,0,0,9,14,23,0,0,115,0,115,0,0,124,14,138,106,0,106,244
08/28/2005,SSF,TX,ASW,CE,Federal Contract Tower,0,0,7,4,11,0,0,42,0,42,0,0,49,4,53,18,0,18,71
08/29/2005,SSF,TX,ASW,CE,Federal Contract Tower,0,0,11,16,27,0,0,100,0,100,0,0,111,16,127,84,0,84,211
08/30/2005,SSF,TX,ASW,CE,Federal Contract Tower,0,0,5,36,41,0,0,114,0,114,0,0,119,36,155,188,0,188,343
08/31/2005,SSF,TX,ASW,CE,Federal Contract Tower,0,0,12,22,34,0,0,130,2,132,0,0,142,24,166,222,4,226,392
09/01/2005,SSF,TX,ASW,CE,Federal Contract Tower,0,0,15,16,31,0,0,96,0,96,0,0,111,16,127,146,0,146,273
09/02/2005,SSF,TX,ASW,CE,Federal Contract Tower,0,0,15,14,29,0,0,118,0,118,0,0,133,14,147,136,0,136,283
09/03/2005,SSF,TX,ASW,CE,Federal Contract Tower,0,0,14,0,14,0,0,76,0,76,0,0,90,0,90,105,0,105,195
09/04/2005,SSF,TX,ASW,CE,Federal Contract Tower,0,0,6,0,6,0,0,29,0,29,0,0,35,0,35,16,0,16,51
09/05/2005,SSF,TX,ASW,CE,Federal Contract Tower,0,0,6,0,6,0,0,85,0,85,0,0,91,0,91,102,0,102,193
09/06/2005,SSF,TX,ASW,CE,Federal Contract Tower,0,0,14,18,32,0,0,94,0,94,0,0,108,18,126,148,0,148,274
09/07/2005,SSF,TX,ASW,CE,Federal Contract Tower,0,0,9,22,31,0,0,147,0,147,0,0,156,22,178,200,0,200,378
09/08/2005,SSF,TX,ASW,CE,Federal Contract Tower,0,0,11,26,37,0,0,113,0,113,0,0,124,26,150,186,0,186,336
09/09/2005,SSF,TX,ASW,CE,Federal Contract Tower,0,0,16,24,40,0,0,104,0,104,0,0,120,24,144,162,0,162,306
09/10/2005,SSF,TX,ASW,CE,Federal Contract Tower,0,0,28,2,30,0,0,78,0,78,0,0,106,2,108,168,0,168,276
09/11/2005,SSF,TX,ASW,CE,Federal Contract Tower,0,0,4,0,4,0,0,1,0,1,0,0,5,0,5,0,0,0,5
09/12/2005,SSF,TX,ASW,CE,Federal Contract Tower,0,0,14,10,24,0,0,57,0,57,0,0,71,10,81,104,0,104,185
09/13/2005,SSF,TX,ASW,CE,Federal Contract Tower,0,0,22,12,34,0,0,129,0,129,0,0,151,12,163,326,0,326,489
09/14/2005,SSF,TX,ASW,CE,Federal Contract Tower,0,0,27,16,43,0,0,146,0,146,0,0,173,16,189,220,0,220,409
09/15/2005,SSF,TX,ASW,CE,Federal Contract Tower,0,0,31,6,37,0,0,135,0,135,0,0,166,6,172,154,0,154,326
09/16/2005,SSF,TX,ASW,CE,Federal Contract Tower,0,0,18,20,38,0,0,130,0,130,0,0,148,20,168,296,0,296,464
09/17/2005,SSF,TX,ASW,CE,Federal Contract Tower,0,0,14,0,14,0,0,148,0,148,0,0,162,0,162,242,0,242,404
09/18/2005,SSF,TX,ASW,CE,Federal Contract Tower,0,0,5,6,11,0,0,57,0,57,0,0,62,6,68,96,0,96,164
09/19/2005,SSF,TX,ASW,CE,Federal Contract Tower,0,0,8,22,30,0,0,163,0,163,0,0,171,22,193,380,0,380,573
09/20/2005,SSF,TX,ASW,CE,Federal Contract Tower,0,0,22,18,40,0,0,157,0,157,0,0,179,18,197,286,0,286,483
09/21/2005,SSF,TX,ASW,CE,Federal Contract Tower,0,0,10,18,28,0,0,188,2,190,0,0,198,20,218,216,0,216,434
09/22/2005,SSF,TX,ASW,CE,Federal Contract Tower,0,0,11,18,29,0,0,171,0,171,0,0,182,18,200,164,0,164,364
09/23/2005,SSF,TX,ASW,CE,Federal Contract Tower,0,0,9,2,11,0,0,67,2,69,0,0,76,4,80,26,0,26,106
09/24/2005,SSF,TX,ASW,CE,Federal Contract Tower,0,0,4,2,6,0,0,51,0,51,0,0,55,2,57,12,0,12,69
09/25/2005,SSF,TX,ASW,CE,Federal Contract Tower,0,0,4,2,6,0,0,67,0,67,0,0,71,2,73,64,0,64,137
09/26/2005,SSF,TX,ASW,CE,Federal Contract Tower,0,0,16,24,40,0,0,124,216,340,0,0,140,240,380,228,0,228,608
09/27/2005,SSF,TX,ASW,CE,Federal Contract Tower,0,0,10,20,30,0,0,107,0,107,0,0,117,20,137,232,0,232,369
09/28/2005,SSF,TX,ASW,CE,Federal Contract Tower,0,0,7,6,13,0,0,120,2,122,0,0,127,8,135,208,0,208,343
09/29/2005,SSF,TX,ASW,CE,Federal Contract Tower,0,0,13,4,17,0,0,114,0,114,0,0,127,4,131,190,0,190,321
09/30/2005,SSF,TX,ASW,CE,Federal Contract Tower,0,0,22,0,22,0,0,136,0,136,0,0,158,0,158,224,0,224,382
10/01/2005,SSF,TX,ASW,CE,Federal Contract Tower,0,0,18,0,18,0,0,90,0,90,0,0,108,0,108,174,0,174,282
10/02/2005,SSF,TX,ASW,CE,Federal Contract Tower,0,0,4,0,4,0,0,47,0,47,0,0,51,0,51,70,0,70,121
10/03/2005,SSF,TX,ASW,CE,Federal Contract Tower,0,0,26,28,54,0,0,89,0,89,0,0,115,28,143,192,0,192,335
10/04/2005,SSF,TX,ASW,CE,Federal Contract Tower,0,0,30,32,62,0,0,97,0,97,0,0,127,32,159,228,0,228,387
10/05/2005,SSF,TX,ASW,CE,Federal Contract Tower,0,0,16,42,58,0,0,141,0,141,0,0,157,42,199,316,0,316,515
10/06/2005,SSF,TX,ASW,CE,Federal Contract Tower,0,0,12,32,44,0,0,112,2,114,0,0,124,34,158,146,0,146,304
10/07/2005,SSF,TX,ASW,CE,Federal Contract Tower,0,0,19,0,19,0,0,42,0,42,0,0,61,0,61,64,0,64,125
10/08/2005,SSF,TX,ASW,CE,Federal Contract Tower,0,0,13,6,19,0,0,122,0,122,0,0,135,6,141,164,0,164,305
10/09/2005,SSF,TX,ASW,CE,Federal Contract Tower,0,0,6,4,10,0,0,85,0,85,0,0,91,4,95,96,0,96,191
10/10/2005,SSF,TX,ASW,CE,Federal Contract Tower,0,0,5,8,13,0,0,78,0,78,0,0,83,8,91,210,0,210,301
10/11/2005,SSF,TX,ASW,CE,Federal Contract Tower,0,0,7,10,17,0,0,45,0,45,0,0,52,10,62,58,6,64,126
10/12/2005,SSF,TX,ASW,CE,Federal Contract Tower,0,0,9,34,43,0,0,158,0,158,0,0,167,34,201,346,2,348,549
10/13/2005,SSF,TX,ASW,CE,Federal Contract Tower,0,0,18,28,46,0,0,107,0,107,0,0,125,28,153,276,0,276,429
10/14/2005,SSF,TX,ASW,CE,Federal Contract Tower,0,0,7,20,27,0,0,141,0,141,0,0,148,20,168,276,0,276,444
10/15/2005,SSF,TX,ASW,CE,Federal Contract Tower,0,0,3,4,7,0,0,97,0,97,0,0,100,4,104,188,0,188,292
10/16/2005,SSF,TX,ASW,CE,Federal Contract Tower,0,0,1,8,9,0,0,64,0,64,0,0,65,8,73,90,0,90,163
10/17/2005,SSF,TX,ASW,CE,Federal Contract Tower,0,0,8,34,42,0,0,134,0,134,0,0,142,34,176,218,0,218,394
10/18/2005,SSF,TX,ASW,CE,Federal Contract Tower,0,2,13,40,55,0,0,130,2,132,0,2,143,42,187,312,0,312,499
10/19/2005,SSF,TX,ASW,CE,Federal Contract Tower,0,0,4,32,36,0,0,159,0,159,0,0,163,32,195,282,0,282,477
10/20/2005,SSF,TX,ASW,CE,Federal Contract Tower,0,0,15,36,51,0,0,104,0,104,0,0,119,36,155,188,0,188,343
10/21/2005,SSF,TX,ASW,CE,Federal Contract Tower,0,0,11,46,57,0,0,143,0,143,0,0,154,46,200,224,0,224,424
10/22/2005,SSF,TX,ASW,CE,Federal Contract Tower,0,0,15,4,19,0,0,113,0,113,0,0,128,4,132,168,0,168,300
10/23/2005,SSF,TX,ASW,CE,Federal Contract Tower,0,0,20,6,26,0,0,52,2,54,0,0,72,8,80,22,12,34,114
10/24/2005,SSF,TX,ASW,CE,Federal Contract Tower,0,0,11,16,27,0,0,119,0,119,0,0,130,16,146,188,0,188,334
10/25/2005,SSF,TX,ASW,CE,Federal Contract Tower,0,0,5,42,47,0,0,176,2,178,0,0,181,44,225,296,6,302,527
10/26/2005,SSF,TX,ASW,CE,Federal Contract Tower,0,0,6,26,32,0,0,161,2,163,0,0,167,28,195,164,0,164,359
10/27/2005,SSF,TX,ASW,CE,Federal Contract Tower,0,0,15,22,37,0,0,75,0,75,0,0,90,22,112,52,0,52,164
10/28/2005,SSF,TX,ASW,CE,Federal Contract Tower,0,0,7,24,31,0,0,160,0,160,0,0,167,24,191,260,0,260,451
10/29/2005,SSF,TX,ASW,CE,Federal Contract Tower,0,0,11,0,11,0,0,112,6,118,0,0,123,6,129,136,0,136,265
10/30/2005,SSF,TX,ASW,CE,Federal Contract Tower,0,0,2,4,6,0,0,42,0,42,0,0,44,4,48,46,0,46,94
10/31/2005,SSF,TX,ASW,CE,Federal Contract Tower,0,0,16,16,32,0,0,61,0,61,0,0,77,16,93,90,4,94,187
11/01/2005,SSF,TX,ASW,CE,Federal Contract Tower,0,0,5,26,31,0,0,159,2,161,0,0,164,28,192,360,0,360,552
11/02/2005,SSF,TX,ASW,CE,Federal Contract Tower,0,0,4,16,20,0,0,189,2,191,0,0,193,18,211,332,0,332,543
11/03/2005,SSF,TX,ASW,CE,Federal Contract Tower,0,0,10,0,10,0,0,181,0,181,0,0,191,0,191,270,0,270,461
11/04/2005,SSF,TX,ASW,CE,Federal Contract Tower,0,0,8,4,12,0,0,185,0,185,0,0,193,4,197,176,0,176,373
11/05/2005,SSF,TX,ASW,CE,Federal Contract Tower,0,0,11,0,11,0,0,82,0,82,0,0,93,0,93,102,0,102,195
11/06/2005,SSF,TX,ASW,CE,Federal Contract Tower,0,0,7,0,7,0,0,49,0,49,0,0,56,0,56,74,0,74,130
11/07/2005,SSF,TX,ASW,CE,Federal Contract Tower,0,0,7,8,15,0,0,105,0,105,0,0,112,8,120,94,0,94,214
11/08/2005,SSF,TX,ASW,CE,Federal Contract Tower,0,0,12,44,56,0,0,136,0,136,0,0,148,44,192,230,0,230,422
11/09/2005,SSF,TX,ASW,CE,Federal Contract Tower,0,0,14,34,48,0,0,162,0,162,0,0,176,34,210,280,0,280,490
11/10/2005,SSF,TX,ASW,CE,Federal Contract Tower,0,0,12,40,52,0,0,164,0,164,0,0,176,40,216,464,0,464,680
11/11/2005,SSF,TX,ASW,CE,Federal Contract Tower,0,0,9,0,9,0,0,95,0,95,0,0,104,0,104,210,0,210,314
11/12/2005,SSF,TX,ASW,CE,Federal Contract Tower,0,0,8,2,10,0,0,79,0,79,0,0,87,2,89,112,0,112,201
11/13/2005,SSF,TX,ASW,CE,Federal Contract Tower,0,0,19,0,19,0,0,25,0,25,0,0,44,0,44,38,0,38,82
11/14/2005,SSF,TX,ASW,CE,Federal Contract Tower,0,0,20,10,30,0,0,127,0,127,0,0,147,10,157,264,0,264,421
11/15/2005,SSF,TX,ASW,CE,Federal Contract Tower,0,0,4,20,24,0,0,68,0,68,0,0,72,20,92,206,0,206,298
11/16/2005,SSF,TX,ASW,CE,Federal Contract Tower,0,0,11,16,27,0,0,159,0,159,0,0,170,16,186,166,0,166,352
11/17/2005,SSF,TX,ASW,CE,Federal Contract Tower,0,0,2,36,38,0,0,174,0,174,0,0,176,36,212,318,0,318,530
11/18/2005,SSF,TX,ASW,CE,Federal Contract Tower,0,0,19,32,51,0,0,191,0,191,0,0,210,32,242,442,0,442,684
11/19/2005,SSF,TX,ASW,CE,Federal Contract Tower,0,0,15,0,15,0,0,122,0,122,0,0,137,0,137,254,0,254,391
11/20/2005,SSF,TX,ASW,CE,Federal Contract Tower,0,0,3,2,5,0,0,39,0,39,0,0,42,2,44,16,0,16,60
11/21/2005,SSF,TX,ASW,CE,Federal Contract Tower,0,0,10,24,34,0,0,139,0,139,0,0,149,24,173,256,0,256,429
11/22/2005,SSF,TX,ASW,CE,Federal Contract Tower,0,0,9,28,37,0,0,181,0,181,0,0,190,28,218,316,0,316,534
11/23/2005,SSF,TX,ASW,CE,Federal Contract Tower,0,0,5,20,25,0,0,164,0,164,0,0,169,20,189,202,0,202,391
11/24/2005,SSF,TX,ASW,CE,Federal Contract Tower,0,0,1,0,1,0,0,26,0,26,0,0,27,0,27,20,0,20,47
11/25/2005,SSF,TX,ASW,CE,Federal Contract Tower,0,0,7,0,7,0,0,51,0,51,0,0,58,0,58,20,0,20,78
11/26/2005,SSF,TX,ASW,CE,Federal Contract Tower,0,0,3,0,3,0,0,54,0,54,0,0,57,0,57,102,0,102,159
11/27/2005,SSF,TX,ASW,CE,Federal Contract Tower,0,0,1,0,1,0,0,61,0,61,0,0,62,0,62,34,0,34,96
11/28/2005,SSF,TX,ASW,CE,Federal Contract Tower,0,0,2,28,30,0,0,109,10,119,0,0,111,38,149,154,0,154,303
11/29/2005,SSF,TX,ASW,CE,Federal Contract Tower,0,0,4,16,20,0,0,150,2,152,0,0,154,18,172,276,0,276,448
11/30/2005,SSF,TX,ASW,CE,Federal Contract Tower,0,0,12,20,32,0,0,174,0,174,0,0,186,20,206,250,0,250,456
12/01/2005,SSF,TX,ASW,CE,Federal Contract Tower,0,0,11,28,39,0,0,121,0,121,0,0,132,28,160,106,0,106,266
12/02/2005,SSF,TX,ASW,CE,Federal Contract Tower,0,0,13,18,31,0,0,142,0,142,0,0,155,18,173,250,0,250,423
12/03/2005,SSF,TX,ASW,CE,Federal Contract Tower,0,0,21,0,21,0,0,84,2,86,0,0,105,2,107,76,12,88,195
12/04/2005,SSF,TX,ASW,CE,Federal Contract Tower,0,0,20,16,36,0,0,33,0,33,0,0,53,16,69,36,0,36,105
12/05/2005,SSF,TX,ASW,CE,Federal Contract Tower,0,0,7,10,17,0,0,160,0,160,0,0,167,10,177,177,0,177,354
12/06/2005,SSF,TX,ASW,CE,Federal Contract Tower,0,0,4,10,14,0,0,173,0,173,0,0,177,10,187,374,0,374,561
12/07/2005,SSF,TX,ASW,CE,Federal Contract Tower,0,0,23,0,23,0,0,14,0,14,0,0,37,0,37,14,0,14,51
12/08/2005,SSF,TX,ASW,CE,Federal Contract Tower,0,0,18,6,24,0,0,70,0,70,0,0,88,6,94,126,0,126,220
12/09/2005,SSF,TX,ASW,CE,Federal Contract Tower,0,0,13,28,41,0,0,151,0,151,0,0,164,28,192,298,0,298,490
12/10/2005,SSF,TX,ASW,CE,Federal Contract Tower,0,0,9,0,9,0,0,86,0,86,0,0,95,0,95,202,0,202,297
12/11/2005,SSF,TX,ASW,CE,Federal Contract Tower,0,0,6,0,6,0,0,66,0,66,0,0,72,0,72,106,0,106,178
12/12/2005,SSF,TX,ASW,CE,Federal Contract Tower,0,0,9,24,33,0,0,132,0,132,0,0,141,24,165,296,0,296,461
12/13/2005,SSF,TX,ASW,CE,Federal Contract Tower,0,0,17,40,57,0,0,112,2,114,0,0,129,42,171,242,0,242,413
12/14/2005,SSF,TX,ASW,CE,Federal Contract Tower,0,0,5,4,9,0,0,49,2,51,0,0,54,6,60,78,0,78,138
12/15/2005,SSF,TX,ASW,CE,Federal Contract Tower,0,0,6,10,16,0,0,193,0,193,0,0,199,10,209,344,0,344,553
12/16/2005,SSF,TX,ASW,CE,Federal Contract Tower,0,0,12,18,30,0,0,86,0,86,0,0,98,18,116,206,0,206,322
12/17/2005,SSF,TX,ASW,CE,Federal Contract Tower,0,0,4,2,6,0,0,69,0,69,0,0,73,2,75,188,0,188,263
12/18/2005,SSF,TX,ASW,CE,Federal Contract Tower,0,0,4,0,4,0,0,60,2,62,0,0,64,2,66,276,0,276,342
12/19/2005,SSF,TX,ASW,CE,Federal Contract Tower,0,0,3,22,25,0,0,129,0,129,0,0,132,22,154,308,0,308,462
12/20/2005,SSF,TX,ASW,CE,Federal Contract Tower,0,0,29,30,59,0,0,79,0,79,0,0,108,30,138,236,0,236,374
12/21/2005,SSF,TX,ASW,CE,Federal Contract Tower,0,0,11,32,43,0,0,181,6,187,0,0,192,38,230,294,38,332,562
12/22/2005,SSF,TX,ASW,CE,Federal Contract Tower,0,0,17,10,27,0,0,158,0,158,0,0,175,10,185,160,0,160,345
12/23/2005,SSF,TX,ASW,CE,Federal Contract Tower,0,0,4,0,4,0,0,95,0,95,0,0,99,0,99,132,0,132,231
12/24/2005,SSF,TX,ASW,CE,Federal Contract Tower,0,0,5,0,5,0,0,22,0,22,0,0,27,0,27,0,0,0,27
12/25/2005,SSF,TX,ASW,CE,Federal Contract Tower,0,0,1,0,1,0,0,28,0,28,0,0,29,0,29,16,0,16,45
12/26/2005,SSF,TX,ASW,CE,Federal Contract Tower,0,0,6,0,6,0,0,108,0,108,0,0,114,0,114,210,0,210,324
12/27/2005,SSF,TX,ASW,CE,Federal Contract Tower,0,0,19,0,19,0,0,71,0,71,0,0,90,0,90,146,0,146,236
12/28/2005,SSF,TX,ASW,CE,Federal Contract Tower,0,0,3,0,3,0,0,146,0,146,0,0,149,0,149,168,0,168,317
12/29/2005,SSF,TX,ASW,CE,Federal Contract Tower,0,0,3,6,9,0,0,149,0,149,0,0,152,6,158,108,0,108,266
12/30/2005,SSF,TX,ASW,CE,Federal Contract Tower,0,0,24,12,36,0,0,105,1,106,0,0,129,13,142,90,8,98,240
12/31/2005,SSF,TX,ASW,CE,Federal Contract Tower,0,0,9,0,9,0,0,104,0,104,0,0,113,0,113,68,0,68,181
01/01/2006,SSF,TX,ASW,CE,Federal Contract Tower,0,0,5,0,5,0,0,22,0,22,0,0,27,0,27,22,0,22,49
01/02/2006,SSF,TX,ASW,CE,Federal Contract Tower,0,0,5,0,5,0,0,114,0,114,0,0,119,0,119,120,0,120,239
01/03/2006,SSF,TX,ASW,CE,Federal Contract Tower,0,0,7,8,15,0,0,142,0,142,0,0,149,8,157,278,0,278,435
01/04/2006,SSF,TX,ASW,CE,Federal Contract Tower,0,0,4,36,40,0,0,99,0,99,0,0,103,36,139,182,0,182,321
01/05/2006,SSF,TX,ASW,CE,Federal Contract Tower,0,0,2,14,16,0,0,115,0,115,0,0,117,14,131,92,26,118,249
01/06/2006,SSF,TX,ASW,CE,Federal Contract Tower,0,0,5,40,45,0,0,150,0,150,0,0,155,40,195,166,0,166,361
01/07/2006,SSF,TX,ASW,CE,Federal Contract Tower,0,0,6,0,6,0,0,95,0,95,0,0,101,0,101,176,0,176,277
01/08/2006,SSF,TX,ASW,CE,Federal Contract Tower,0,0,6,2,8,0,0,38,2,40,0,0,44,4,48,38,0,38,86
01/09/2006,SSF,TX,ASW,CE,Federal Contract Tower,0,0,6,16,22,0,0,95,0,95,0,0,101,16,117,184,0,184,301
01/10/2006,SSF,TX,ASW,CE,Federal Contract Tower,0,0,4,34,38,0,0,147,0,147,0,0,151,34,185,252,0,252,437
01/11/2006,SSF,TX,ASW,CE,Federal Contract Tower,0,0,8,30,38,0,0,175,0,175,0,0,183,30,213,272,4,276,489
01/12/2006,SSF,TX,ASW,CE,Federal Contract Tower,0,0,20,50,70,0,0,95,0,95,0,0,115,50,165,178,6,184,349
01/13/2006,SSF,TX,ASW,CE,Federal Contract Tower,0,0,5,20,25,0,0,126,2,128,0,0,131,22,153,118,0,118,271
01/14/2006,SSF,TX,ASW,CE,Federal Contract Tower,0,0,9,0,9,0,0,166,0,166,0,0,175,0,175,170,0,170,345
01/15/2006,SSF,TX,ASW,CE,Federal Contract Tower,0,0,11,4,15,0,0,59,0,59,0,0,70,4,74,72,0,72,146
01/16/2006,SSF,TX,ASW,CE,Federal Contract Tower,0,0,9,4,13,0,0,70,0,70,0,0,79,4,83,258,0,258,341
01/17/2006,SSF,TX,ASW,CE,Federal Contract Tower,0,0,0,32,32,0,0,100,0,100,0,0,100,32,132,98,0,98,230
01/18/2006,SSF,TX,ASW,CE,Federal Contract Tower,0,0,9,27,36,0,0,153,5,158,0,0,162,32,194,156,30,186,380
01/19/2006,SSF,TX,ASW,CE,Federal Contract Tower,0,0,10,26,36,0,0,94,0,94,0,0,104,26,130,146,0,146,276
01/20/2006,SSF,TX,ASW,CE,Federal Contract Tower,0,0,10,26,36,0,0,107,2,109,0,0,117,28,145,214,0,214,359
01/21/2006,SSF,TX,ASW,CE,Federal Contract Tower,0,0,4,2,6,0,0,93,0,93,0,0,97,2,99,100,0,100,199
01/22/2006,SSF,TX,ASW,CE,Federal Contract Tower,0,0,9,0,9,0,0,10,0,10,0,0,19,0,19,42,0,42,61
01/23/2006,SSF,TX,ASW,CE,Federal Contract Tower,0,0,7,22,29,0,0,139,0,139,0,0,146,22,168,150,0,150,318
01/24/2006,SSF,TX,ASW,CE,Federal Contract Tower,0,0,5,32,37,0,0,162,0,162,0,0,167,32,199,226,0,226,425
01/25/2006,SSF,TX,ASW,CE,Federal Contract Tower,0,0,8,14,22,0,0,163,0,163,0,0,171,14,185,260,0,260,445
01/26/2006,SSF,TX,ASW,CE,Federal Contract Tower,0,0,5,40,45,0,0,160,0,160,0,0,165,40,205,322,0,322,527
01/27/2006,SSF,TX,ASW,CE,Federal Contract Tower,0,0,21,36,57,0,0,60,0,60,0,0,81,36,117,100,0,100,217
01/28/2006,SSF,TX,ASW,CE,Federal Contract Tower,0,0,12,2,14,0,0,33,0,33,0,0,45,2,47,58,0,58,105
01/29/2006,SSF,TX,ASW,CE,Federal Contract Tower,0,0,4,2,6,0,0,114,0,114,0,0,118,2,120,256,0,256,376
01/30/2006,SSF,TX,ASW,CE,Federal Contract Tower,0,0,5,8,13,0,0,174,0,174,0,0,179,8,187,244,0,244,431
01/31/2006,SSF,TX,ASW,CE,Federal Contract Tower,0,0,9,14,23,0,0,147,0,147,0,0,156,14,170,264,0,264,434
02/01/2006,SSF,TX,ASW,CE,Federal Contract Tower,0,0,7,26,33,0,0,57,0,57,0,0,64,26,90,88,0,88,178
02/02/2006,SSF,TX,ASW,CE,Federal Contract Tower,0,0,5,14,19,0,0,155,0,155,0,0,160,14,174,228,0,228,402
02/03/2006,SSF,TX,ASW,CE,Federal Contract Tower,0,0,3,14,17,0,0,98,4,102,0,0,101,18,119,162,0,162,281
02/04/2006,SSF,TX,ASW,CE,Federal Contract Tower,0,0,9,2,11,0,0,141,0,141,0,0,150,2,152,260,0,260,412
02/05/2006,SSF,TX,ASW,CE,Federal Contract Tower,0,0,1,8,9,0,0,49,0,49,0,0,50,8,58,62,0,62,120
02/06/2006,SSF,TX,ASW,CE,Federal Contract Tower,0,0,4,12,16,0,0,56,4,60,0,0,60,16,76,64,0,64,140
02/07/2006,SSF,TX,ASW,CE,Federal Contract Tower,0,0,6,14,20,0,0,181,0,181,0,0,187,14,201,344,0,344,545
02/08/2006,SSF,TX,ASW,CE,Federal Contract Tower,0,0,4,26,30,0,0,170,2,172,0,0,174,28,202,470,24,494,696
02/09/2006,SSF,TX,ASW,CE,Federal Contract Tower,0,0,8,26,34,0,0,185,0,185,0,0,193,26,219,368,24,392,611
02/10/2006,SSF,TX,ASW,CE,Federal Contract Tower,0,0,7,30,37,0,0,35,0,35,0,0,42,30,72,10,0,10,82
02/11/2006,SSF,TX,ASW,CE,Federal Contract Tower,0,0,3,0,3,0,0,73,0,73,0,0,76,0,76,68,0,68,144
02/12/2006,SSF,TX,ASW,CE,Federal Contract Tower,0,0,5,2,7,0,0,71,0,71,0,0,76,2,78,176,0,176,254
02/13/2006,SSF,TX,ASW,CE,Federal Contract Tower,0,0,4,36,40,0,0,143,0,143,0,0,147,36,183,276,0,276,459
02/14/2006,SSF,TX,ASW,CE,Federal Contract Tower,0,0,4,24,28,0,0,147,0,147,0,0,151,24,175,299,0,299,474
02/15/2006,SSF,TX,ASW,CE,Federal Contract Tower,0,0,14,30,44,0,0,135,0,135,0,0,149,30,179,148,0,148,327
02/16/2006,SSF,TX,ASW,CE,Federal Contract Tower,0,0,17,38,55,0,0,146,8,154,0,0,163,46,209,198,24,222,431
02/17/2006,SSF,TX,ASW,CE,Federal Contract Tower,0,0,15,20,35,0,0,27,0,27,0,0,42,20,62,2,0,2,64
02/18/2006,SSF,TX,ASW,CE,Federal Contract Tower,0,0,1,0,1,0,0,11,0,11,0,0,12,0,12,12,0,12,24
02/19/2006,SSF,TX,ASW,CE,Federal Contract Tower,0,0,2,0,2,0,0,11,0,11,0,0,13,0,13,16,0,16,29
02/20/2006,SSF,TX,ASW,CE,Federal Contract Tower,0,0,13,2,15,0,0,0,0,0,0,0,13,2,15,0,0,0,15
02/21/2006,SSF,TX,ASW,CE,Federal Contract Tower,0,0,14,16,30,0,0,0,0,0,0,0,14,16,30,0,0,0,30
02/22/2006,SSF,TX,ASW,CE,Federal Contract Tower,0,0,31,16,47,0,0,68,0,68,0,0,99,16,115,80,0,80,195
02/23/2006,SSF,TX,ASW,CE,Federal Contract Tower,0,0,18,42,60,0,0,110,2,112,0,0,128,44,172,222,0,222,394
02/24/2006,SSF,TX,ASW,CE,Federal Contract Tower,0,0,16,30,46,0,0,51,0,51,0,0,67,30,97,176,0,176,273
02/25/2006,SSF,TX,ASW,CE,Federal Contract Tower,0,0,14,2,16,0,0,33,0,33,0,0,47,2,49,54,0,54,103
02/26/2006,SSF,TX,ASW,CE,Federal Contract Tower,0,0,13,10,23,0,0,135,0,135,0,0,148,10,158,222,0,222,380
02/27/2006,SSF,TX,ASW,CE,Federal Contract Tower,0,0,12,20,32,0,0,124,0,124,0,0,136,20,156,150,0,150,306
02/28/2006,SSF,TX,ASW,CE,Federal Contract Tower,0,0,14,16,30,0,0,139,0,139,0,0,153,16,169,234,0,234,403
03/01/2006,SSF,TX,ASW,CE,Federal Contract Tower,0,0,21,22,43,0,0,173,0,173,0,0,194,22,216,218,0,218,434
03/02/2006,SSF,TX,ASW,CE,Federal Contract Tower,0,0,15,8,23,0,0,179,0,179,0,0,194,8,202,288,0,288,490
03/03/2006,SSF,TX,ASW,CE,Federal Contract Tower,0,0,19,24,43,0,0,171,8,179,0,0,190,32,222,266,0,266,488
03/04/2006,SSF,TX,ASW,CE,Federal Contract Tower,0,0,8,0,8,0,0,119,0,119,0,0,127,0,127,208,0,208,335
03/05/2006,SSF,TX,ASW,CE,Federal Contract Tower,0,0,8,4,12,0,0,76,18,94,0,0,84,22,106,88,0,88,194
03/06/2006,SSF,TX,ASW,CE,Federal Contract Tower,0,0,19,34,53,0,0,98,0,98,0,0,117,34,151,242,0,242,393
03/07/2006,SSF,TX,ASW,CE,Federal Contract Tower,0,0,20,32,52,0,0,111,0,111,0,0,131,32,163,146,0,146,309
03/08/2006,SSF,TX,ASW,CE,Federal Contract Tower,0,0,14,38,52,0,0,70,0,70,0,0,84,38,122,68,10,78,200
03/09/2006,SSF,TX,ASW,CE,Federal Contract Tower,0,0,7,10,17,0,0,128,0,128,0,0,135,10,145,124,0,124,269
03/10/2006,SSF,TX,ASW,CE,Federal Contract Tower,0,0,12,10,22,0,0,161,0,161,0,0,173,10,183,191,0,191,374
03/11/2006,SSF,TX,ASW,CE,Federal Contract Tower,0,0,22,2,24,0,0,119,0,119,0,0,141,2,143,298,0,298,441
03/12/2006,SSF,TX,ASW,CE,Federal Contract Tower,0,0,13,2,15,0,0,76,0,76,0,0,89,2,91,122,0,122,213
03/13/2006,SSF,TX,ASW,CE,Federal Contract Tower,0,4,12,22,38,0,0,90,0,90,0,4,102,22,128,160,0,160,288
03/14/2006,SSF,TX,ASW,CE,Federal Contract Tower,0,0,8,32,40,0,0,167,0,167,0,0,175,32,207,320,2,322,529
03/15/2006,SSF,TX,ASW,CE,Federal Contract Tower,0,0,20,54,74,0,0,108,8,116,0,0,128,62,190,218,0,218,408
03/16/2006,SSF,TX,ASW,CE,Federal Contract Tower,0,0,26,18,44,0,0,38,2,40,0,0,64,20,84,106,6,112,196
03/17/2006,SSF,TX,ASW,CE,Federal Contract Tower,0,0,22,12,34,0,0,87,0,87,0,0,109,12,121,148,0,148,269
03/18/2006,SSF,TX,ASW,CE,Federal Contract Tower,0,0,6,4,10,0,0,51,0,51,0,0,57,4,61,64,0,64,125
03/19/2006,SSF,TX,ASW,CE,Federal Contract Tower,0,0,5,0,5,0,0,27,0,27,0,0,32,0,32,138,0,138,170
03/20/2006,SSF,TX,ASW,CE,Federal Contract Tower,0,0,2,26,28,0,0,79,2,81,0,0,81,28,109,114,0,114,223
03/21/2006,SSF,TX,ASW,CE,Federal Contract Tower,0,0,4,22,26,0,0,178,0,178,0,0,182,22,204,308,0,308,512
03/22/2006,SSF,TX,ASW,CE,Federal Contract Tower,0,0,21,30,51,0,0,161,0,161,0,0,182,30,212,236,0,236,448
03/23/2006,SSF,TX,ASW,CE,Federal Contract Tower,0,0,12,26,38,0,0,64,0,64,0,0,76,26,102,74,0,74,176
03/24/2006,SSF,TX,ASW,CE,Federal Contract Tower,0,0,13,16,29,0,0,165,0,165,0,0,178,16,194,412,0,412,606
03/25/2006,SSF,TX,ASW,CE,Federal Contract Tower,0,0,11,0,11,0,0,209,0,209,0,0,220,0,220,330,0,330,550
03/26/2006,SSF,TX,ASW,CE,Federal Contract Tower,0,0,6,4,10,0,0,82,0,82,0,0,88,4,92,208,0,208,300
03/27/2006,SSF,TX,ASW,CE,Federal Contract Tower,0,0,17,30,47,0,0,36,0,36,0,0,53,30,83,133,0,133,216
03/28/2006,SSF,TX,ASW,CE,Federal Contract Tower,0,0,16,22,38,0,0,57,0,57,0,0,73,22,95,146,0,146,241
03/29/2006,SSF,TX,ASW,CE,Federal Contract Tower,0,0,17,40,57,0,0,87,0,87,0,0,104,40,144,118,0,118,262
03/30/2006,SSF,TX,ASW,CE,Federal Contract Tower,0,0,26,28,54,0,0,92,0,92,0,0,118,28,146,192,0,192,338
03/31/2006,SSF,TX,ASW,CE,Federal Contract Tower,0,2,11,10,23,0,0,94,0,94,0,2,105,10,117,170,0,170,287
04/01/2006,SSF,TX,ASW,CE,Federal Contract Tower,0,0,13,0,13,0,0,79,0,79,0,0,92,0,92,112,0,112,204
04/02/2006,SSF,TX,ASW,CE,Federal Contract Tower,0,0,8,2,10,0,0,68,0,68,0,0,76,2,78,146,0,146,224
04/03/2006,SSF,TX,ASW,CE,Federal Contract Tower,0,0,6,22,28,0,0,94,0,94,0,0,100,22,122,134,0,134,256
04/04/2006,SSF,TX,ASW,CE,Federal Contract Tower,0,0,7,20,27,0,0,142,0,142,0,0,149,20,169,284,0,284,453
04/05/2006,SSF,TX,ASW,CE,Federal Contract Tower,0,0,13,40,53,0,0,134,0,134,0,0,147,40,187,198,2,200,387
04/06/2006,SSF,TX,ASW,CE,Federal Contract Tower,0,0,7,28,35,0,0,141,0,141,0,0,148,28,176,156,0,156,332
04/07/2006,SSF,TX,ASW,CE,Federal Contract Tower,0,0,15,24,39,0,0,123,4,127,0,0,138,28,166,192,0,192,358
04/08/2006,SSF,TX,ASW,CE,Federal Contract Tower,0,0,13,0,13,0,0,126,0,126,0,0,139,0,139,226,0,226,365
04/09/2006,SSF,TX,ASW,CE,Federal Contract Tower,0,0,2,16,18,0,0,92,0,92,0,0,94,16,110,170,0,170,280
04/10/2006,SSF,TX,ASW,CE,Federal Contract Tower,0,0,3,22,25,0,0,171,0,171,0,0,174,22,196,294,0,294,490
04/11/2006,SSF,TX,ASW,CE,Federal Contract Tower,0,0,13,26,39,0,0,160,0,160,0,0,173,26,199,316,0,316,515
04/12/2006,SSF,TX,ASW,CE,Federal Contract Tower,0,0,14,30,44,0,0,102,0,102,0,0,116,30,146,294,2,296,442
04/13/2006,SSF,TX,ASW,CE,Federal Contract Tower,0,0,13,22,35,0,0,136,0,136,0,0,149,22,171,218,0,218,389
04/14/2006,SSF,TX,ASW,CE,Federal Contract Tower,0,0,21,26,47,0,0,122,2,124,0,0,143,28,171,216,0,216,387
04/15/2006,SSF,TX,ASW,CE,Federal Contract Tower,0,0,5,0,5,0,0,68,4,72,0,0,73,4,77,120,16,136,213
04/16/2006,SSF,TX,ASW,CE,Federal Contract Tower,0,0,3,0,3,0,0,42,0,42,0,0,45,0,45,78,0,78,123
04/17/2006,SSF,TX,ASW,CE,Federal Contract Tower,0,0,7,14,21,0,0,114,0,114,0,0,121,14,135,218,0,218,353
04/18/2006,SSF,TX,ASW,CE,Federal Contract Tower,0,0,9,20,29,0,0,148,0,148,0,0,157,20,177,350,0,350,527
04/19/2006,SSF,TX,ASW,CE,Federal Contract Tower,0,2,8,16,26,0,0,109,0,109,0,2,117,16,135,254,0,254,389
04/20/2006,SSF,TX,ASW,CE,Federal Contract Tower,0,0,11,14,25,0,0,100,0,100,0,0,111,14,125,144,0,144,269
04/21/2006,SSF,TX,ASW,CE,Federal Contract Tower,0,0,24,28,52,0,0,107,2,109,0,0,131,30,161,226,0,226,387
04/22/2006,SSF,TX,ASW,CE,Federal Contract Tower,0,0,5,0,5,0,0,142,0,142,0,0,147,0,147,192,0,192,339
04/23/2006,SSF,TX,ASW,CE,Federal Contract Tower,0,0,6,2,8,0,0,61,0,61,0,0,67,2,69,172,0,172,241
04/24/2006,SSF,TX,ASW,CE,Federal Contract Tower,0,0,28,20,48,0,0,103,0,103,0,0,131,20,151,114,0,114,265
04/25/2006,SSF,TX,ASW,CE,Federal Contract Tower,0,0,20,26,46,0,0,82,0,82,0,0,102,26,128,116,0,116,244
04/26/2006,SSF,TX,ASW,CE,Federal Contract Tower,0,0,11,28,39,0,0,154,0,154,0,0,165,28,193,234,0,234,427
04/27/2006,SSF,TX,ASW,CE,Federal Contract Tower,0,0,26,18,44,0,0,113,0,113,0,0,139,18,157,236,0,236,393
04/28/2006,SSF,TX,ASW,CE,Federal Contract Tower,0,0,11,20,31,0,0,64,0,64,0,0,75,20,95,76,0,76,171
04/29/2006,SSF,TX,ASW,CE,Federal Contract Tower,0,0,6,4,10,0,0,103,0,103,0,0,109,4,113,162,0,162,275
04/30/2006,SSF,TX,ASW,CE,Federal Contract Tower,0,0,4,2,6,0,0,109,0,109,0,0,113,2,115,188,0,188,303
05/01/2006,SSF,TX,ASW,CE,Federal Contract Tower,0,0,18,20,38,0,0,135,0,135,0,0,153,20,173,256,0,256,429
05/02/2006,SSF,TX,ASW,CE,Federal Contract Tower,0,0,6,22,28,0,0,99,0,99,0,0,105,22,127,116,0,116,243
05/03/2006,SSF,TX,ASW,CE,Federal Contract Tower,0,0,7,36,43,0,0,170,0,170,0,0,177,36,213,300,0,300,513
05/04/2006,SSF,TX,ASW,CE,Federal Contract Tower,0,0,25,36,61,0,0,121,0,121,0,0,146,36,182,234,0,234,416
05/05/2006,SSF,TX,ASW,CE,Federal Contract Tower,0,0,6,16,22,0,0,137,2,139,0,0,143,18,161,100,0,100,261
05/06/2006,SSF,TX,ASW,CE,Federal Contract Tower,0,0,4,2,6,0,0,41,0,41,0,0,45,2,47,52,0,52,99
05/07/2006,SSF,TX,ASW,CE,Federal Contract Tower,0,0,11,0,11,0,0,60,0,60,0,0,71,0,71,276,0,276,347
05/08/2006,SSF,TX,ASW,CE,Federal Contract Tower,0,0,19,34,53,0,0,100,0,100,0,0,119,34,153,226,0,226,379
05/09/2006,SSF,TX,ASW,CE,Federal Contract Tower,0,0,10,10,20,0,0,113,0,113,0,0,123,10,133,238,0,238,371
05/10/2006,SSF,TX,ASW,CE,Federal Contract Tower,0,0,12,26,38,0,0,113,0,113,0,0,125,26,151,172,0,172,323
05/11/2006,SSF,TX,ASW,CE,Federal Contract Tower,0,2,13,24,39,0,0,160,0,160,0,2,173,24,199,282,0,282,481
05/12/2006,SSF,TX,ASW,CE,Federal Contract Tower,0,0,3,24,27,0,0,158,0,158,0,0,161,24,185,290,0,290,475
05/13/2006,SSF,TX,ASW,CE,Federal Contract Tower,0,0,8,0,8,0,0,133,0,133,0,0,141,0,141,214,0,214,355
05/14/2006,SSF,TX,ASW,CE,Federal Contract Tower,0,0,3,2,5,0,0,32,2,34,0,0,35,4,39,58,0,58,97
05/15/2006,SSF,TX,ASW,CE,Federal Contract Tower,0,0,5,42,47,0,0,93,0,93,0,0,98,42,140,138,0,138,278
05/16/2006,SSF,TX,ASW,CE,Federal Contract Tower,0,4,4,32,40,0,0,171,0,171,0,4,175,32,211,298,0,298,509
05/17/2006,SSF,TX,ASW,CE,Federal Contract Tower,0,2,8,24,34,0,0,181,0,181,0,2,189,24,215,320,0,320,535
05/18/2006,SSF,TX,ASW,CE,Federal Contract Tower,0,0,5,32,37,0,0,173,5,178,0,0,178,37,215,412,12,424,639
05/19/2006,SSF,TX,ASW,CE,Federal Contract Tower,0,0,8,38,46,0,0,157,0,157,0,0,165,38,203,250,2,252,455
05/20/2006,SSF,TX,ASW,CE,Federal Contract Tower,0,0,15,0,15,0,0,129,4,133,0,0,144,4,148,224,0,224,372
05/21/2006,SSF,TX,ASW,CE,Federal Contract Tower,0,0,6,6,12,0,0,37,0,37,0,0,43,6,49,96,0,96,145
05/22/2006,SSF,TX,ASW,CE,Federal Contract Tower,0,0,5,16,21,0,0,133,0,133,0,0,138,16,154,252,0,252,406
05/23/2006,SSF,TX,ASW,CE,Federal Contract Tower,0,0,18,34,52,0,0,154,0,154,0,0,172,34,206,174,0,174,380
05/24/2006,SSF,TX,ASW,CE,Federal Contract Tower,0,0,6,40,46,0,0,175,0,175,0,0,181,40,221,222,0,222,443
05/25/2006,SSF,TX,ASW,CE,Federal Contract Tower,0,0,20,33,53,0,0,151,3,154,0,0,171,36,207,146,2,148,355
05/26/2006,SSF,TX,ASW,CE,Federal Contract Tower,0,0,26,42,68,0,0,120,0,120,0,0,146,42,188,108,0,108,296
05/27/2006,SSF,TX,ASW,CE,Federal Contract Tower,0,0,11,0,11,0,0,114,0,114,0,0,125,0,125,188,0,188,313
05/28/2006,SSF,TX,ASW,CE,Federal Contract Tower,0,0,7,0,7,0,0,32,0,32,0,0,39,0,39,108,0,108,147
05/29/2006,SSF,TX,ASW,CE,Federal Contract Tower,0,0,9,2,11,0,0,61,0,61,0,0,70,2,72,122,0,122,194
05/30/2006,SSF,TX,ASW,CE,Federal Contract Tower,0,0,8,32,40,0,0,124,0,124,0,0,132,32,164,298,0,298,462
05/31/2006,SSF,TX,ASW,CE,Federal Contract Tower,0,0,8,28,36,0,0,100,0,100,0,0,108,28,136,170,0,170,306
06/01/2006,SSF,TX,ASW,CE,Federal Contract Tower,0,0,6,22,28,0,0,68,0,68,0,0,74,22,96,74,0,74,170
06/02/2006,SSF,TX,ASW,CE,Federal Contract Tower,0,0,11,32,43,0,0,117,0,117,0,0,128,32,160,250,0,250,410
06/03/2006,SSF,TX,ASW,CE,Federal Contract Tower,0,0,4,0,4,0,0,166,0,166,0,0,170,0,170,212,0,212,382
06/04/2006,SSF,TX,ASW,CE,Federal Contract Tower,0,0,5,0,5,0,0,82,0,82,0,0,87,0,87,174,0,174,261
06/05/2006,SSF,TX,ASW,CE,Federal Contract Tower,0,0,2,20,22,0,0,158,0,158,0,0,160,20,180,310,0,310,490
06/06/2006,SSF,TX,ASW,CE,Federal Contract Tower,0,0,110,12,122,0,0,61,0,61,0,0,171,12,183,380,0,380,563
06/07/2006,SSF,TX,ASW,CE,Federal Contract Tower,0,0,9,30,39,0,0,171,0,171,0,0,180,30,210,390,0,390,600
06/08/2006,SSF,TX,ASW,CE,Federal Contract Tower,0,0,2,24,26,0,0,143,0,143,0,0,145,24,169,234,0,234,403
06/09/2006,SSF,TX,ASW,CE,Federal Contract Tower,0,0,3,22,25,0,0,141,0,141,0,0,144,22,166,264,0,264,430
06/10/2006,SSF,TX,ASW,CE,Federal Contract Tower,0,0,13,0,13,0,0,146,0,146,0,0,159,0,159,266,0,266,425
06/11/2006,SSF,TX,ASW,CE,Federal Contract Tower,0,0,4,6,10,0,0,77,0,77,0,0,81,6,87,142,0,142,229
06/12/2006,SSF,TX,ASW,CE,Federal Contract Tower,0,0,8,14,22,0,0,115,0,115,0,0,123,14,137,381,0,381,518
06/13/2006,SSF,TX,ASW,CE,Federal Contract Tower,0,0,6,30,36,0,0,154,0,154,0,0,160,30,190,326,0,326,516
06/14/2006,SSF,TX,ASW,CE,Federal Contract Tower,0,0,8,20,28,0,0,181,0,181,0,0,189,20,209,312,0,312,521
06/15/2006,SSF,TX,ASW,CE,Federal Contract Tower,0,0,9,22,31,0,0,143,4,147,0,0,152,26,178,190,0,190,368
06/16/2006,SSF,TX,ASW,CE,Federal Contract Tower,0,0,7,48,55,0,0,110,3,113,0,0,117,51,168,144,14,158,326
06/17/2006,SSF,TX,ASW,CE,Federal Contract Tower,0,0,0,6,6,0,0,73,0,73,0,0,73,6,79,146,0,146,225
06/18/2006,SSF,TX,ASW,CE,Federal Contract Tower,0,0,7,0,7,0,0,54,0,54,0,0,61,0,61,142,0,142,203
06/19/2006,SSF,TX,ASW,CE,Federal Contract Tower,0,0,9,30,39,0,0,102,0,102,0,0,111,30,141,234,0,234,375
06/20/2006,SSF,TX,ASW,CE,Federal Contract Tower,0,0,9,28,37,0,0,114,0,114,0,0,123,28,151,238,0,238,389
06/21/2006,SSF,TX,ASW,CE,Federal Contract Tower,0,0,12,36,48,0,0,114,0,114,0,0,126,36,162,322,0,322,484
06/22/2006,SSF,TX,ASW,CE,Federal Contract Tower,0,0,5,22,27,0,0,123,0,123,0,0,128,22,150,356,0,356,506
06/23/2006,SSF,TX,ASW,CE,Federal Contract Tower,0,0,9,16,25,0,0,157,0,157,0,0,166,16,182,338,0,338,520
06/24/2006,SSF,TX,ASW,CE,Federal Contract Tower,0,0,12,0,12,0,0,124,0,124,0,0,136,0,136,202,0,202,338
06/25/2006,SSF,TX,ASW,CE,Federal Contract Tower,0,0,5,8,13,0,0,63,0,63,0,0,68,8,76,50,0,50,126
06/26/2006,SSF,TX,ASW,CE,Federal Contract Tower,0,0,8,28,36,0,0,160,0,160,0,0,168,28,196,292,0,292,488
06/27/2006,SSF,TX,ASW,CE,Federal Contract Tower,0,0,9,28,37,0,0,174,0,174,0,0,183,28,211,408,6,414,625
06/28/2006,SSF,TX,ASW,CE,Federal Contract Tower,0,0,4,20,24,0,0,159,0,159,0,0,163,20,183,288,0,288,471
06/29/2006,SSF,TX,ASW,CE,Federal Contract Tower,0,0,13,28,41,0,0,174,0,174,0,0,187,28,215,250,6,256,471
06/30/2006,SSF,TX,ASW,CE,Federal Contract Tower,0,0,5,24,29,0,0,119,0,119,0,0,124,24,148,358,0,358,506
07/01/2006,SSF,TX,ASW,CE,Federal Contract Tower,0,0,4,0,4,0,0,36,0,36,0,0,40,0,40,0,0,0,40
07/02/2006,SSF,TX,ASW,CE,Federal Contract Tower,0,0,5,0,5,0,0,6,0,6,0,0,11,0,11,24,0,24,35
07/03/2006,SSF,TX,ASW,CE,Federal Contract Tower,0,0,14,0,14,0,0,52,0,52,0,0,66,0,66,112,0,112,178
07/04/2006,SSF,TX,ASW,CE,Federal Contract Tower,0,0,5,0,5,0,0,54,0,54,0,0,59,0,59,44,0,44,103
07/05/2006,SSF,TX,ASW,CE,Federal Contract Tower,0,0,17,12,29,0,0,108,0,108,0,0,125,12,137,420,0,420,557
07/06/2006,SSF,TX,ASW,CE,Federal Contract Tower,0,0,26,24,50,0,0,109,0,109,0,0,135,24,159,216,0,216,375
07/07/2006,SSF,TX,ASW,CE,Federal Contract Tower,0,0,11,32,43,0,0,143,0,143,0,0,154,32,186,328,6,334,520
07/08/2006,SSF,TX,ASW,CE,Federal Contract Tower,0,0,7,0,7,0,0,149,0,149,0,0,156,0,156,228,0,228,384
07/09/2006,SSF,TX,ASW,CE,Federal Contract Tower,0,0,3,0,3,0,0,88,0,88,0,0,91,0,91,154,0,154,245
07/10/2006,SSF,TX,ASW,CE,Federal Contract Tower,0,0,2,12,14,0,0,153,0,153,0,0,155,12,167,152,0,152,319
07/11/2006,SSF,TX,ASW,CE,Federal Contract Tower,0,0,6,22,28,0,0,132,0,132,0,0,138,22,160,178,0,178,338
07/12/2006,SSF,TX,ASW,CE,Federal Contract Tower,0,0,4,28,32,0,0,139,0,139,0,0,143,28,171,300,0,300,471
07/13/2006,SSF,TX,ASW,CE,Federal Contract Tower,0,0,3,12,15,0,0,184,0,184,0,0,187,12,199,306,0,306,505
07/14/2006,SSF,TX,ASW,CE,Federal Contract Tower,0,0,8,10,18,0,0,158,2,160,0,0,166,12,178,346,0,346,524
07/15/2006,SSF,TX,ASW,CE,Federal Contract Tower,0,0,9,0,9,0,0,170,0,170,0,0,179,0,179,248,0,248,427
07/16/2006,SSF,TX,ASW,CE,Federal Contract Tower,0,0,3,0,3,0,0,69,0,69,0,0,72,0,72,114,0,114,186
07/17/2006,SSF,TX,ASW,CE,Federal Contract Tower,0,0,5,14,19,0,0,153,0,153,0,0,158,14,172,320,0,320,492
07/18/2006,SSF,TX,ASW,CE,Federal Contract Tower,0,0,3,4,7,0,0,200,0,200,0,0,203,4,207,444,0,444,651
07/19/2006,SSF,TX,ASW,CE,Federal Contract Tower,0,0,13,12,25,0,0,123,0,123,0,0,136,12,148,222,0,222,370
07/20/2006,SSF,TX,ASW,CE,Federal Contract Tower,0,1,12,12,25,0,0,159,0,159,0,1,171,12,184,286,0,286,470
07/21/2006,SSF,TX,ASW,CE,Federal Contract Tower,0,0,19,14,33,0,0,141,0,141,0,0,160,14,174,326,0,326,500
07/22/2006,SSF,TX,ASW,CE,Federal Contract Tower,0,0,1,0,1,0,0,140,0,140,0,0,141,0,141,254,0,254,395
07/23/2006,SSF,TX,ASW,CE,Federal Contract Tower,0,0,7,2,9,0,0,66,0,66,0,0,73,2,75,126,0,126,201
07/24/2006,SSF,TX,ASW,CE,Federal Contract Tower,0,0,2,40,42,0,0,160,0,160,0,0,162,40,202,302,0,302,504
07/25/2006,SSF,TX,ASW,CE,Federal Contract Tower,0,0,15,20,35,0,0,91,0,91,0,0,106,20,126,186,0,186,312
07/26/2006,SSF,TX,ASW,CE,Federal Contract Tower,0,0,11,0,11,0,0,118,0,118,0,0,129,0,129,308,0,308,437
07/27/2006,SSF,TX,ASW,CE,Federal Contract Tower,0,0,6,24,30,0,0,83,0,83,0,0,89,24,113,116,0,116,229
07/28/2006,SSF,TX,ASW,CE,Federal Contract Tower,0,0,16,16,32,0,0,119,0,119,0,0,135,16,151,256,0,256,407
07/29/2006,SSF,TX,ASW,CE,Federal Contract Tower,0,0,18,0,18,0,0,117,0,117,0,0,135,0,135,172,0,172,307
07/30/2006,SSF,TX,ASW,CE,Federal Contract Tower,0,0,14,4,18,0,0,61,0,61,0,0,75,4,79,58,0,58,137
07/31/2006,SSF,TX,ASW,CE,Federal Contract Tower,0,0,6,18,24,0,0,102,0,102,0,0,108,18,126,166,0,166,292
08/01/2006,SSF,TX,ASW,CE,Federal Contract Tower,0,0,16,20,36,0,0,142,0,142,0,0,158,20,178,202,0,202,380
08/02/2006,SSF,TX,ASW,CE,Federal Contract Tower,0,2,13,44,59,0,0,162,0,162,0,2,175,44,221,334,0,334,555
08/03/2006,SSF,TX,ASW,CE,Federal Contract Tower,0,0,9,16,25,0,0,142,8,150,0,0,151,24,175,290,0,290,465
08/04/2006,SSF,TX,ASW,CE,Federal Contract Tower,0,0,22,30,52,0,0,142,4,146,0,0,164,34,198,330,0,330,528
08/05/2006,SSF,TX,ASW,CE,Federal Contract Tower,0,0,18,0,18,0,0,136,0,136,0,0,154,0,154,224,0,224,378
08/06/2006,SSF,TX,ASW,CE,Federal Contract Tower,0,0,3,4,7,0,0,41,0,41,0,0,44,4,48,134,0,134,182
08/07/2006,SSF,TX,ASW,CE,Federal Contract Tower,0,0,6,14,20,0,0,102,0,102,0,0,108,14,122,252,0,252,374
08/08/2006,SSF,TX,ASW,CE,Federal Contract Tower,0,0,3,42,45,0,0,158,0,158,0,0,161,42,203,358,0,358,561
08/09/2006,SSF,TX,ASW,CE,Federal Contract Tower,0,0,11,48,59,0,0,123,0,123,0,0,134,48,182,324,0,324,506
08/10/2006,SSF,TX,ASW,CE,Federal Contract Tower,0,0,13,34,47,0,0,136,0,136,0,0,149,34,183,288,0,288,471
08/11/2006,SSF,TX,ASW,CE,Federal Contract Tower,0,0,22,20,42,0,0,170,0,170,0,0,192,20,212,240,0,240,452
08/12/2006,SSF,TX,ASW,CE,Federal Contract Tower,0,4,14,0,18,0,0,94,0,94,0,4,108,0,112,148,0,148,260
08/13/2006,SSF,TX,ASW,CE,Federal Contract Tower,0,0,2,2,4,0,0,88,0,88,0,0,90,2,92,164,0,164,256
08/14/2006,SSF,TX,ASW,CE,Federal Contract Tower,0,0,12,36,48,0,0,132,0,132,0,0,144,36,180,268,0,268,448
08/15/2006,SSF,TX,ASW,CE,Federal Contract Tower,0,0,11,36,47,0,0,188,0,188,0,0,199,36,235,306,0,306,541
08/16/2006,SSF,TX,ASW,CE,Federal Contract Tower,0,0,8,30,38,0,0,114,0,114,0,0,122,30,152,226,0,226,378
08/17/2006,SSF,TX,ASW,CE,Federal Contract Tower,0,0,5,26,31,0,0,141,0,141,0,0,146,26,172,304,0,304,476
08/18/2006,SSF,TX,ASW,CE,Federal Contract Tower,0,0,8,10,18,0,0,139,0,139,0,0,147,10,157,150,0,150,307
08/19/2006,SSF,TX,ASW,CE,Federal Contract Tower,0,0,2,0,2,0,0,129,0,129,0,0,131,0,131,184,0,184,315
08/20/2006,SSF,TX,ASW,CE,Federal Contract Tower,0,0,3,10,13,0,0,93,0,93,0,0,96,10,106,294,0,294,400
08/21/2006,SSF,TX,ASW,CE,Federal Contract Tower,0,0,9,10,19,0,0,160,0,160,0,0,169,10,179,286,0,286,465
08/22/2006,SSF,TX,ASW,CE,Federal Contract Tower,0,0,12,8,20,0,0,131,0,131,0,0,143,8,151,244,0,244,395
08/23/2006,SSF,TX,ASW,CE,Federal Contract Tower,0,0,8,16,24,0,0,124,0,124,0,0,132,16,148,296,0,296,444
08/24/2006,SSF,TX,ASW,CE,Federal Contract Tower,0,0,13,26,39,0,0,137,0,137,0,0,150,26,176,314,0,314,490
08/25/2006,SSF,TX,ASW,CE,Federal Contract Tower,0,0,14,22,36,0,0,131,0,131,0,0,145,22,167,272,0,272,439
08/26/2006,SSF,TX,ASW,CE,Federal Contract Tower,0,0,6,0,6,0,0,130,0,130,0,0,136,0,136,304,0,304,440
08/27/2006,SSF,TX,ASW,CE,Federal Contract Tower,0,0,0,4,4,0,0,63,0,63,0,0,63,4,67,160,0,160,227
08/28/2006,SSF,TX,ASW,CE,Federal Contract Tower,0,0,12,16,28,0,0,149,0,149,0,0,161,16,177,246,0,246,423
08/29/2006,SSF,TX,ASW,CE,Federal Contract Tower,0,0,1,30,31,0,0,110,0,110,0,0,111,30,141,284,0,284,425
08/30/2006,SSF,TX,ASW,CE,Federal Contract Tower,0,0,23,30,53,0,0,173,0,173,0,0,196,30,226,286,0,286,512
08/31/2006,SSF,TX,ASW,CE,Federal Contract Tower,0,0,8,20,28,0,0,156,0,156,0,0,164,20,184,344,0,344,528
09/01/2006,SSF,TX,ASW,CE,Federal Contract Tower,0,0,14,24,38,0,0,176,0,176,0,0,190,24,214,410,0,410,624
09/02/2006,SSF,TX,ASW,CE,Federal Contract Tower,0,0,1,0,1,0,0,193,0,193,0,0,194,0,194,236,0,236,430
09/03/2006,SSF,TX,ASW,CE,Federal Contract Tower,0,0,3,0,3,0,0,65,14,79,0,0,68,14,82,82,0,82,164
09/04/2006,SSF,TX,ASW,CE,Federal Contract Tower,0,0,4,0,4,0,0,83,0,83,0,0,87,0,87,132,0,132,219
09/05/2006,SSF,TX,ASW,CE,Federal Contract Tower,0,0,12,21,33,0,0,33,0,33,0,0,45,21,66,20,0,20,86
09/06/2006,SSF,TX,ASW,CE,Federal Contract Tower,0,0,18,30,48,0,0,160,0,160,0,0,178,30,208,282,0,282,490
09/07/2006,SSF,TX,ASW,CE,Federal Contract Tower,0,0,6,34,40,0,0,162,0,162,0,0,168,34,202,264,0,264,466
09/08/2006,SSF,TX,ASW,CE,Federal Contract Tower,0,0,3,22,25,0,0,138,0,138,0,0,141,22,163,220,0,220,383
09/09/2006,SSF,TX,ASW,CE,Federal Contract Tower,0,0,19,2,21,0,0,54,2,56,0,0,73,4,77,110,0,110,187
09/10/2006,SSF,TX,ASW,CE,Federal Contract Tower,0,0,15,2,17,0,0,59,0,59,0,0,74,2,76,96,0,96,172
09/11/2006,SSF,TX,ASW,CE,Federal Contract Tower,0,0,10,0,10,0,0,14,0,14,0,0,24,0,24,44,0,44,68
09/12/2006,SSF,TX,ASW,CE,Federal Contract Tower,0,0,15,28,43,0,0,89,0,89,0,0,104,28,132,256,6,262,394
09/13/2006,SSF,TX,ASW,CE,Federal Contract Tower,0,0,21,18,39,0,0,197,0,197,0,0,218,18,236,548,22,570,806
09/14/2006,SSF,TX,ASW,CE,Federal Contract Tower,0,0,14,28,42,0,0,165,0,165,0,0,179,28,207,318,0,318,525
09/15/2006,SSF,TX,ASW,CE,Federal Contract Tower,0,0,8,30,38,0,0,149,0,149,0,0,157,30,187,310,0,310,497
09/16/2006,SSF,TX,ASW,CE,Federal Contract Tower,0,0,23,4,27,0,0,89,0,89,0,0,112,4,116,216,0,216,332
09/17/2006,SSF,TX,ASW,CE,Federal Contract Tower,0,0,21,0,21,0,0,27,0,27,0,0,48,0,48,62,0,62,110
09/18/2006,SSF,TX,ASW,CE,Federal Contract Tower,0,0,14,38,52,0,0,119,0,119,0,0,133,38,171,268,0,268,439
09/19/2006,SSF,TX,ASW,CE,Federal Contract Tower,0,0,5,38,43,0,0,179,0,179,0,0,184,38,222,240,0,240,462
09/20/2006,SSF,TX,ASW,CE,Federal Contract Tower,0,0,3,22,25,0,0,185,0,185,0,0,188,22,210,352,0,352,562
09/21/2006,SSF,TX,ASW,CE,Federal Contract Tower,0,0,19,38,57,0,0,129,0,129,0,0,148,38,186,216,0,216,402
09/22/2006,SSF,TX,ASW,CE,Federal Contract Tower,0,0,21,34,55,0,0,126,0,126,0,0,147,34,181,256,0,256,437
09/23/2006,SSF,TX,ASW,CE,Federal Contract Tower,0,0,9,0,9,0,0,63,0,63,0,0,72,0,72,151,0,151,223
09/24/2006,SSF,TX,ASW,CE,Federal Contract Tower,0,0,6,0,6,0,0,56,0,56,0,0,62,0,62,130,2,132,194
09/25/2006,SSF,TX,ASW,CE,Federal Contract Tower,0,2,1,24,27,0,0,157,0,157,0,2,158,24,184,220,0,220,404
09/26/2006,SSF,TX,ASW,CE,Federal Contract Tower,0,0,5,18,23,0,0,178,0,178,0,0,183,18,201,284,0,284,485
09/27/2006,SSF,TX,ASW,CE,Federal Contract Tower,0,0,17,12,29,0,0,143,0,143,0,0,160,12,172,236,0,236,408
09/28/2006,SSF,TX,ASW,CE,Federal Contract Tower,0,0,3,4,7,0,0,164,0,164,0,0,167,4,171,298,0,298,469
09/29/2006,SSF,TX,ASW,CE,Federal Contract Tower,0,0,18,2,20,0,0,144,0,144,0,0,162,2,164,328,0,328,492
09/30/2006,SSF,TX,ASW,CE,Federal Contract Tower,0,0,13,0,13,0,0,94,0,94,0,0,107,0,107,144,0,144,251
10/01/2006,SSF,TX,ASW,CE,Federal Contract Tower,0,0,9,0,9,0,0,68,0,68,0,0,77,0,77,108,0,108,185
10/02/2006,SSF,TX,ASW,CE,Federal Contract Tower,0,0,7,24,31,0,0,134,0,134,0,0,141,24,165,300,0,300,465
10/03/2006,SSF,TX,ASW,CE,Federal Contract Tower,0,0,15,14,29,0,0,129,0,129,0,0,144,14,158,150,0,150,308
10/04/2006,SSF,TX,ASW,CE,Federal Contract Tower,0,0,14,32,46,0,0,136,4,140,0,0,150,36,186,400,0,400,586
10/05/2006,SSF,TX,ASW,CE,Federal Contract Tower,0,0,10,34,44,0,0,172,0,172,0,0,182,34,216,286,0,286,502
10/06/2006,SSF,TX,ASW,CE,Federal Contract Tower,0,0,10,40,50,0,0,218,0,218,0,0,228,40,268,400,0,400,668
10/07/2006,SSF,TX,ASW,CE,Federal Contract Tower,0,0,18,4,22,0,0,98,0,98,0,0,116,4,120,208,0,208,328
10/08/2006,SSF,TX,ASW,CE,Federal Contract Tower,0,0,6,0,6,0,0,88,0,88,0,0,94,0,94,158,0,158,252
10/09/2006,SSF,TX,ASW,CE,Federal Contract Tower,0,0,9,6,15,0,0,97,0,97,0,0,106,6,112,120,0,120,232
10/10/2006,SSF,TX,ASW,CE,Federal Contract Tower,0,0,9,10,19,0,0,49,0,49,0,0,58,10,68,108,0,108,176
10/11/2006,SSF,TX,ASW,CE,Federal Contract Tower,0,0,32,8,40,0,0,139,0,139,0,0,171,8,179,306,0,306,485
10/12/2006,SSF,TX,ASW,CE,Federal Contract Tower,0,0,32,27,59,0,0,102,1,103,0,0,134,28,162,174,0,174,336
10/13/2006,SSF,TX,ASW,CE,Federal Contract Tower,0,0,36,52,88,0,0,81,0,81,0,0,117,52,169,132,0,132,301
10/14/2006,SSF,TX,ASW,CE,Federal Contract Tower,0,0,15,2,17,0,0,23,0,23,0,0,38,2,40,120,0,120,160
10/15/2006,SSF,TX,ASW,CE,Federal Contract Tower,0,0,6,4,10,0,0,22,0,22,0,0,28,4,32,58,0,58,90
10/16/2006,SSF,TX,ASW,CE,Federal Contract Tower,0,0,8,18,26,0,0,83,0,83,0,0,91,18,109,194,0,194,303
10/17/2006,SSF,TX,ASW,CE,Federal Contract Tower,0,0,4,28,32,0,0,192,0,192,0,0,196,28,224,294,0,294,518
10/18/2006,SSF,TX,ASW,CE,Federal Contract Tower,0,0,28,40,68,0,0,106,0,106,0,0,134,40,174,264,0,264,438
10/19/2006,SSF,TX,ASW,CE,Federal Contract Tower,0,0,20,30,50,0,0,137,0,137,0,0,157,30,187,168,0,168,355
10/20/2006,SSF,TX,ASW,CE,Federal Contract Tower,0,0,21,29,50,0,0,209,0,209,0,0,230,29,259,416,0,416,675
10/21/2006,SSF,TX,ASW,CE,Federal Contract Tower,0,0,12,0,12,0,0,137,0,137,0,0,149,0,149,218,0,218,367
10/22/2006,SSF,TX,ASW,CE,Federal Contract Tower,0,0,3,4,7,0,0,65,0,65,0,0,68,4,72,106,0,106,178
10/23/2006,SSF,TX,ASW,CE,Federal Contract Tower,0,0,8,30,38,0,0,119,0,119,0,0,127,30,157,228,0,228,385
10/24/2006,SSF,TX,ASW,CE,Federal Contract Tower,0,0,14,14,28,0,0,118,0,118,0,0,132,14,146,298,0,298,444
10/25/2006,SSF,TX,ASW,CE,Federal Contract Tower,0,0,16,26,42,0,0,15,0,15,0,0,31,26,57,0,0,0,57
10/26/2006,SSF,TX,ASW,CE,Federal Contract Tower,0,0,22,22,44,0,0,110,0,110,0,0,132,22,154,224,0,224,378
10/27/2006,SSF,TX,ASW,CE,Federal Contract Tower,0,0,20,8,28,0,0,96,0,96,0,0,116,8,124,146,0,146,270
10/28/2006,SSF,TX,ASW,CE,Federal Contract Tower,0,0,9,0,9,0,0,199,0,199,0,0,208,0,208,336,0,336,544
10/29/2006,SSF,TX,ASW,CE,Federal Contract Tower,0,0,5,2,7,0,0,108,0,108,0,0,113,2,115,174,0,174,289
10/30/2006,SSF,TX,ASW,CE,Federal Contract Tower,0,0,9,10,19,0,0,117,0,117,0,0,126,10,136,214,0,214,350
10/31/2006,SSF,TX,ASW,CE,Federal Contract Tower,0,0,4,8,12,0,0,142,0,142,0,0,146,8,154,310,0,310,464
11/01/2006,SSF,TX,ASW,CE,Federal Contract Tower,0,0,32,34,66,0,0,84,0,84,0,0,116,34,150,140,0,140,290
11/02/2006,SSF,TX,ASW,CE,Federal Contract Tower,0,0,26,24,50,0,0,141,0,141,0,0,167,24,191,146,0,146,337
11/03/2006,SSF,TX,ASW,CE,Federal Contract Tower,0,0,18,2,20,0,0,176,4,180,0,0,194,6,200,148,0,148,348
11/04/2006,SSF,TX,ASW,CE,Federal Contract Tower,0,0,10,0,10,0,0,102,3,105,0,0,112,3,115,178,30,208,323
11/05/2006,SSF,TX,ASW,CE,Federal Contract Tower,0,0,7,0,7,0,0,63,2,65,0,0,70,2,72,94,0,94,166
11/06/2006,SSF,TX,ASW,CE,Federal Contract Tower,0,0,13,12,25,0,0,132,0,132,0,0,145,12,157,128,0,128,285
11/07/2006,SSF,TX,ASW,CE,Federal Contract Tower,0,1,5,8,14,0,0,137,0,137,0,1,142,8,151,176,0,176,327
11/08/2006,SSF,TX,ASW,CE,Federal Contract Tower,0,1,11,44,56,0,0,166,0,166,0,1,177,44,222,178,0,178,400
11/09/2006,SSF,TX,ASW,CE,Federal Contract Tower,0,0,8,0,8,0,0,149,0,149,0,0,157,0,157,256,0,256,413
11/10/2006,SSF,TX,ASW,CE,Federal Contract Tower,0,0,25,2,27,0,0,114,0,114,0,0,139,2,141,242,0,242,383
11/11/2006,SSF,TX,ASW,CE,Federal Contract Tower,0,0,1,0,1,0,0,118,0,118,0,0,119,0,119,148,0,148,267
11/12/2006,SSF,TX,ASW,CE,Federal Contract Tower,0,0,1,0,1,0,0,94,0,94,0,0,95,0,95,174,0,174,269
11/13/2006,SSF,TX,ASW,CE,Federal Contract Tower,0,0,21,32,53,0,0,93,0,93,0,0,114,32,146,170,0,170,316
11/14/2006,SSF,TX,ASW,CE,Federal Contract Tower,0,1,8,30,39,0,0,155,0,155,0,1,163,30,194,316,0,316,510
11/15/2006,SSF,TX,ASW,CE,Federal Contract Tower,0,1,1,16,18,0,0,49,0,49,0,1,50,16,67,72,0,72,139
11/16/2006,SSF,TX,ASW,CE,Federal Contract Tower,0,0,8,38,46,0,0,182,0,182,0,0,190,38,228,306,0,306,534
11/17/2006,SSF,TX,ASW,CE,Federal Contract Tower,0,0,20,20,40,0,0,188,0,188,0,0,208,20,228,198,0,198,426
11/18/2006,SSF,TX,ASW,CE,Federal Contract Tower,0,0,8,0,8,0,0,148,1,149,0,0,156,1,157,218,14,232,389
11/19/2006,SSF,TX,ASW,CE,Federal Contract Tower,0,0,4,6,10,0,0,104,0,104,0,0,108,6,114,174,0,174,288
11/20/2006,SSF,TX,ASW,CE,Federal Contract Tower,0,0,4,22,26,0,0,187,0,187,0,0,191,22,213,354,0,354,567
11/21/2006,SSF,TX,ASW,CE,Federal Contract Tower,0,1,8,36,45,0,0,184,0,184,0,1,192,36,229,290,0,290,519
11/22/2006,SSF,TX,ASW,CE,Federal Contract Tower,0,0,8,28,36,0,0,157,0,157,0,0,165,28,193,272,0,272,465
11/23/2006,SSF,TX,ASW,CE,Federal Contract Tower,0,0,3,0,3,0,0,21,0,21,0,0,24,0,24,10,0,10,34
11/24/2006,SSF,TX,ASW,CE,Federal Contract Tower,0,0,13,0,13,0,0,122,0,122,0,0,135,0,135,162,0,162,297
11/25/2006,SSF,TX,ASW,CE,Federal Contract Tower,0,0,9,0,9,0,0,107,0,107,0,0,116,0,116,148,0,148,264
11/26/2006,SSF,TX,ASW,CE,Federal Contract Tower,0,0,3,0,3,0,0,50,0,50,0,0,53,0,53,66,0,66,119
11/27/2006,SSF,TX,ASW,CE,Federal Contract Tower,0,0,19,52,71,0,0,96,0,96,0,0,115,52,167,210,0,210,377
11/28/2006,SSF,TX,ASW,CE,Federal Contract Tower,0,1,17,40,58,0,0,101,0,101,0,1,118,40,159,158,0,158,317
11/29/2006,SSF,TX,ASW,CE,Federal Contract Tower,0,0,17,48,65,0,0,88,0,88,0,0,105,48,153,92,0,92,245
11/30/2006,SSF,TX,ASW,CE,Federal Contract Tower,0,0,3,14,17,0,2,35,0,37,0,2,38,14,54,12,0,12,66
12/01/2006,SSF,TX,ASW,CE,Federal Contract Tower,0,0,11,38,49,0,0,179,0,179,0,0,190,38,228,252,0,252,480
12/02/2006,SSF,TX,ASW,CE,Federal Contract Tower,0,0,11,4,15,0,3,145,2,150,0,3,156,6,165,0,186,186,351
12/03/2006,SSF,TX,ASW,CE,Federal Contract Tower,0,0,5,6,11,0,0,81,0,81,0,0,86,6,92,22,0,22,114
12/04/2006,SSF,TX,ASW,CE,Federal Contract Tower,0,0,6,16,22,0,0,121,0,121,0,0,127,16,143,200,0,200,343
12/05/2006,SSF,TX,ASW,CE,Federal Contract Tower,0,0,13,20,33,0,0,135,0,135,0,0,148,20,168,334,0,334,502
12/06/2006,SSF,TX,ASW,CE,Federal Contract Tower,0,2,8,22,32,0,0,114,0,114,0,2,122,22,146,254,0,254,400
12/07/2006,SSF,TX,ASW,CE,Federal Contract Tower,0,1,14,6,21,0,0,56,10,66,0,1,70,16,87,46,0,46,133
12/08/2006,SSF,TX,ASW,CE,Federal Contract Tower,0,0,4,14,18,0,0,116,0,116,0,0,120,14,134,152,0,152,286
12/09/2006,SSF,TX,ASW,CE,Federal Contract Tower,0,0,8,0,8,0,0,130,0,130,0,0,138,0,138,230,0,230,368
12/10/2006,SSF,TX,ASW,CE,Federal Contract Tower,0,0,4,0,4,0,0,0,0,0,0,0,4,0,4,0,0,0,4
12/11/2006,SSF,TX,ASW,CE,Federal Contract Tower,0,0,28,18,46,0,0,41,0,41,0,0,69,18,87,68,0,68,155
12/12/2006,SSF,TX,ASW,CE,Federal Contract Tower,0,0,11,20,31,0,0,134,3,137,0,0,145,23,168,272,4,276,444
12/13/2006,SSF,TX,ASW,CE,Federal Contract Tower,0,0,8,28,36,0,0,157,0,157,0,0,165,28,193,244,0,244,437
12/14/2006,SSF,TX,ASW,CE,Federal Contract Tower,0,0,26,26,52,0,0,68,0,68,0,0,94,26,120,88,0,88,208
12/15/2006,SSF,TX,ASW,CE,Federal Contract Tower,0,0,14,24,38,0,0,125,0,125,0,0,139,24,163,240,0,240,403
12/16/2006,SSF,TX,ASW,CE,Federal Contract Tower,0,0,8,0,8,0,0,143,0,143,0,0,151,0,151,156,0,156,307
12/17/2006,SSF,TX,ASW,CE,Federal Contract Tower,0,0,32,2,34,0,0,47,0,47,0,0,79,2,81,152,0,152,233
12/18/2006,SSF,TX,ASW,CE,Federal Contract Tower,0,0,22,32,54,0,0,111,0,111,0,0,133,32,165,234,0,234,399
12/19/2006,SSF,TX,ASW,CE,Federal Contract Tower,0,0,9,2,11,0,0,0,0,0,0,0,9,2,11,0,0,0,11
12/20/2006,SSF,TX,ASW,CE,Federal Contract Tower,0,0,13,26,39,0,0,79,2,81,0,0,92,28,120,222,0,222,342
12/21/2006,SSF,TX,ASW,CE,Federal Contract Tower,0,2,15,4,21,0,0,94,6,100,0,2,109,10,121,162,0,162,283
12/22/2006,SSF,TX,ASW,CE,Federal Contract Tower,0,0,9,12,21,0,0,123,0,123,0,0,132,12,144,174,0,174,318
12/23/2006,SSF,TX,ASW,CE,Federal Contract Tower,0,0,2,0,2,0,0,18,0,18,0,0,20,0,20,10,0,10,30
12/24/2006,SSF,TX,ASW,CE,Federal Contract Tower,0,0,6,0,6,0,0,3,0,3,0,0,9,0,9,0,0,0,9
12/25/2006,SSF,TX,ASW,CE,Federal Contract Tower,0,0,3,0,3,0,0,5,0,5,0,0,8,0,8,0,0,0,8
12/26/2006,SSF,TX,ASW,CE,Federal Contract Tower,0,0,3,0,3,0,0,97,0,97,0,0,100,0,100,130,0,130,230
12/27/2006,SSF,TX,ASW,CE,Federal Contract Tower,0,0,10,6,16,0,0,145,2,147,0,0,155,8,163,156,0,156,319
12/28/2006,SSF,TX,ASW,CE,Federal Contract Tower,0,0,20,4,24,0,0,47,0,47,0,0,67,4,71,40,0,40,111
12/29/2006,SSF,TX,ASW,CE,Federal Contract Tower,0,0,10,4,14,0,0,27,0,27,0,0,37,4,41,4,0,4,45
12/30/2006,SSF,TX,ASW,CE,Federal Contract Tower,0,0,8,0,8,0,0,86,0,86,0,0,94,0,94,154,0,154,248
12/31/2006,SSF,TX,ASW,CE,Federal Contract Tower,0,0,7,0,7,0,0,50,0,50,0,0,57,0,57,36,0,36,93
01/01/2007,SSF,TX,ASW,CE,Federal Contract Tower,0,0,4,0,4,0,0,44,0,44,0,0,48,0,48,72,0,72,120
01/02/2007,SSF,TX,ASW,CE,Federal Contract Tower,0,0,6,1,7,0,0,112,0,112,0,0,118,1,119,182,0,182,301
01/03/2007,SSF,TX,ASW,CE,Federal Contract Tower,0,0,13,8,21,0,0,33,0,33,0,0,46,8,54,122,16,138,192
01/04/2007,SSF,TX,ASW,CE,Federal Contract Tower,0,0,7,12,19,0,0,105,11,116,0,0,112,23,135,204,0,204,339
01/05/2007,SSF,TX,ASW,CE,Federal Contract Tower,0,0,24,24,48,0,0,129,9,138,0,0,153,33,186,158,0,158,344
01/06/2007,SSF,TX,ASW,CE,Federal Contract Tower,0,0,12,0,12,0,0,12,0,12,0,0,24,0,24,30,0,30,54
01/07/2007,SSF,TX,ASW,CE,Federal Contract Tower,0,0,4,6,10,0,0,103,0,103,0,0,107,6,113,118,0,118,231
01/08/2007,SSF,TX,ASW,CE,Federal Contract Tower,0,0,1,34,35,0,0,132,0,132,0,0,133,34,167,256,0,256,423
01/09/2007,SSF,TX,ASW,CE,Federal Contract Tower,0,0,5,48,53,0,0,159,0,159,0,0,164,48,212,204,0,204,416
01/10/2007,SSF,TX,ASW,CE,Federal Contract Tower,0,0,7,55,62,0,0,137,0,137,0,0,144,55,199,254,4,258,457
01/11/2007,SSF,TX,ASW,CE,Federal Contract Tower,0,0,23,46,69,0,0,73,0,73,0,0,96,46,142,108,0,108,250
01/12/2007,SSF,TX,ASW,CE,Federal Contract Tower,0,0,19,46,65,0,0,58,0,58,0,0,77,46,123,120,0,120,243
01/13/2007,SSF,TX,ASW,CE,Federal Contract Tower,0,0,1,0,1,0,0,2,0,2,0,0,3,0,3,0,0,0,3
01/14/2007,SSF,TX,ASW,CE,Federal Contract Tower,0,0,5,2,7,0,0,0,0,0,0,0,5,2,7,0,0,0,7
01/15/2007,SSF,TX,ASW,CE,Federal Contract Tower,0,0,1,0,1,0,0,19,0,19,0,0,20,0,20,22,0,22,42
01/16/2007,SSF,TX,ASW,CE,Federal Contract Tower,0,0,2,0,2,0,0,6,0,6,0,0,8,0,8,0,0,0,8
01/17/2007,SSF,TX,ASW,CE,Federal Contract Tower,0,4,8,0,12,0,0,10,0,10,0,4,18,0,22,0,0,0,22
01/18/2007,SSF,TX,ASW,CE,Federal Contract Tower,0,2,22,22,46,0,0,77,14,91,0,2,99,36,137,246,0,246,383
01/19/2007,SSF,TX,ASW,CE,Federal Contract Tower,0,0,24,34,58,0,0,22,0,22,0,0,46,34,80,48,0,48,128
01/20/2007,SSF,TX,ASW,CE,Federal Contract Tower,0,0,3,0,3,0,0,3,0,3,0,0,6,0,6,0,0,0,6
01/21/2007,SSF,TX,ASW,CE,Federal Contract Tower,0,0,1,10,11,0,0,105,2,107,0,0,106,12,118,230,18,248,366
01/22/2007,SSF,TX,ASW,CE,Federal Contract Tower,0,0,22,20,42,0,0,76,2,78,0,0,98,22,120,112,10,122,242
01/23/2007,SSF,TX,ASW,CE,Federal Contract Tower,0,1,22,32,55,0,0,79,0,79,0,1,101,32,134,188,30,218,352
01/24/2007,SSF,TX,ASW,CE,Federal Contract Tower,0,1,23,60,84,0,0,39,5,44,0,1,62,65,128,32,4,36,164
01/25/2007,SSF,TX,ASW,CE,Federal Contract Tower,0,0,15,34,49,0,0,172,0,172,0,0,187,34,221,334,0,334,555
01/26/2007,SSF,TX,ASW,CE,Federal Contract Tower,0,0,14,27,41,0,0,145,0,145,0,0,159,27,186,322,0,322,508
01/27/2007,SSF,TX,ASW,CE,Federal Contract Tower,0,0,10,1,11,0,0,115,4,119,0,0,125,5,130,244,0,244,374
01/28/2007,SSF,TX,ASW,CE,Federal Contract Tower,0,0,5,3,8,0,0,110,0,110,0,0,115,3,118,98,0,98,216
01/29/2007,SSF,TX,ASW,CE,Federal Contract Tower,0,0,20,38,58,0,0,92,8,100,0,0,112,46,158,216,68,284,442
01/30/2007,SSF,TX,ASW,CE,Federal Contract Tower,0,0,27,35,62,0,0,104,2,106,0,0,131,37,168,130,16,146,314
01/31/2007,SSF,TX,ASW,CE,Federal Contract Tower,0,0,21,17,38,0,0,100,4,104,0,0,121,21,142,372,20,392,534
02/01/2007,SSF,TX,ASW,CE,Federal Contract Tower,0,0,24,18,42,0,0,85,0,85,0,0,109,18,127,220,0,220,347
02/02/2007,SSF,TX,ASW,CE,Federal Contract Tower,0,0,22,16,38,0,0,81,2,83,0,0,103,18,121,124,0,124,245
02/03/2007,SSF,TX,ASW,CE,Federal Contract Tower,0,0,10,7,17,0,0,127,4,131,0,0,137,11,148,238,0,238,386
02/04/2007,SSF,TX,ASW,CE,Federal Contract Tower,0,0,3,6,9,0,0,77,0,77,0,0,80,6,86,102,0,102,188
02/05/2007,SSF,TX,ASW,CE,Federal Contract Tower,0,0,6,22,28,0,0,151,1,152,0,0,157,23,180,254,12,266,446
02/06/2007,SSF,TX,ASW,CE,Federal Contract Tower,0,0,6,34,40,0,0,158,2,160,0,0,164,36,200,242,20,262,462
02/07/2007,SSF,TX,ASW,CE,Federal Contract Tower,0,0,13,26,39,0,0,158,2,160,0,0,171,28,199,152,0,152,351
02/08/2007,SSF,TX,ASW,CE,Federal Contract Tower,0,0,25,24,49,0,0,20,0,20,0,0,45,24,69,6,0,6,75
02/09/2007,SSF,TX,ASW,CE,Federal Contract Tower,0,0,35,24,59,0,0,57,0,57,0,0,92,24,116,64,0,64,180
02/10/2007,SSF,TX,ASW,CE,Federal Contract Tower,0,0,28,5,33,0,0,112,0,112,0,0,140,5,145,290,0,290,435
02/11/2007,SSF,TX,ASW,CE,Federal Contract Tower,0,0,27,4,31,0,0,28,0,28,0,0,55,4,59,92,0,92,151
02/12/2007,SSF,TX,ASW,CE,Federal Contract Tower,0,0,13,18,31,0,0,78,0,78,0,0,91,18,109,134,0,134,243
02/13/2007,SSF,TX,ASW,CE,Federal Contract Tower,0,0,4,30,34,0,0,153,0,153,0,0,157,30,187,228,0,228,415
02/14/2007,SSF,TX,ASW,CE,Federal Contract Tower,0,0,5,6,11,0,0,196,2,198,0,0,201,8,209,224,0,224,433
02/15/2007,SSF,TX,ASW,CE,Federal Contract Tower,0,0,9,30,39,0,0,144,0,144,0,0,153,30,183,264,0,264,447
02/16/2007,SSF,TX,ASW,CE,Federal Contract Tower,0,0,5,22,27,0,0,163,6,169,0,0,168,28,196,178,0,178,374
02/17/2007,SSF,TX,ASW,CE,Federal Contract Tower,0,0,5,2,7,0,0,129,11,140,0,0,134,13,147,78,18,96,243
02/18/2007,SSF,TX,ASW,CE,Federal Contract Tower,0,0,3,0,3,0,0,149,0,149,0,0,152,0,152,184,0,184,336
02/19/2007,SSF,TX,ASW,CE,Federal Contract Tower,0,0,1,6,7,0,0,125,5,130,0,0,126,11,137,173,0,173,310
02/20/2007,SSF,TX,ASW,CE,Federal Contract Tower,0,0,8,34,42,0,0,148,2,150,0,0,156,36,192,404,6,410,602
02/21/2007,SSF,TX,ASW,CE,Federal Contract Tower,0,1,5,26,32,0,0,187,4,191,0,1,192,30,223,448,0,448,671
02/22/2007,SSF,TX,ASW,CE,Federal Contract Tower,0,0,7,18,25,0,0,186,4,190,0,0,193,22,215,352,0,352,567
02/23/2007,SSF,TX,ASW,CE,Federal Contract Tower,0,0,18,26,44,0,0,69,0,69,0,0,87,26,113,118,0,118,231
02/24/2007,SSF,TX,ASW,CE,Federal Contract Tower,0,0,2,4,6,0,0,52,5,57,0,0,54,9,63,150,0,150,213
02/25/2007,SSF,TX,ASW,CE,Federal Contract Tower,0,0,3,6,9,0,0,159,3,162,0,0,162,9,171,298,0,298,469
02/26/2007,SSF,TX,ASW,CE,Federal Contract Tower,0,0,7,28,35,0,0,178,0,178,0,0,185,28,213,302,0,302,515
02/27/2007,SSF,TX,ASW,CE,Federal Contract Tower,0,0,7,24,31,0,0,150,0,150,0,0,157,24,181,278,0,278,459
02/28/2007,SSF,TX,ASW,CE,Federal Contract Tower,0,0,19,22,41,0,0,131,3,134,0,0,150,25,175,292,10,302,477
03/01/2007,SSF,TX,ASW,CE,Federal Contract Tower,0,0,10,24,34,0,0,110,0,110,0,0,120,24,144,60,0,60,204
03/02/2007,SSF,TX,ASW,CE,Federal Contract Tower,0,0,14,30,44,0,0,195,0,195,0,0,209,30,239,368,0,368,607
03/03/2007,SSF,TX,ASW,CE,Federal Contract Tower,0,2,2,9,13,0,0,67,1,68,0,2,69,10,81,90,0,90,171
03/04/2007,SSF,TX,ASW,CE,Federal Contract Tower,0,0,3,11,14,0,0,73,0,73,0,0,76,11,87,64,0,64,151
03/05/2007,SSF,TX,ASW,CE,Federal Contract Tower,0,0,4,28,32,0,0,160,0,160,0,0,164,28,192,274,0,274,466
03/06/2007,SSF,TX,ASW,CE,Federal Contract Tower,0,0,7,28,35,0,0,152,0,152,0,0,159,28,187,322,0,322,509
03/07/2007,SSF,TX,ASW,CE,Federal Contract Tower,0,0,7,34,41,0,0,192,0,192,0,0,199,34,233,408,0,408,641
03/08/2007,SSF,TX,ASW,CE,Federal Contract Tower,0,0,12,38,50,0,0,160,6,166,0,0,172,44,216,286,0,286,502
03/09/2007,SSF,TX,ASW,CE,Federal Contract Tower,0,0,11,25,36,0,0,107,0,107,0,0,118,25,143,302,0,302,445
03/10/2007,SSF,TX,ASW,CE,Federal Contract Tower,0,0,26,0,26,0,0,116,2,118,0,0,142,2,144,186,0,186,330
03/11/2007,SSF,TX,ASW,CE,Federal Contract Tower,0,0,6,12,18,0,0,3,0,3,0,0,9,12,21,0,0,0,21
03/12/2007,SSF,TX,ASW,CE,Federal Contract Tower,0,0,8,3,11,0,0,127,0,127,0,0,135,3,138,292,0,292,430
03/13/2007,SSF,TX,ASW,CE,Federal Contract Tower,0,0,13,14,27,0,0,11,0,11,0,0,24,14,38,0,0,0,38
03/14/2007,SSF,TX,ASW,CE,Federal Contract Tower,0,0,15,2,17,0,0,49,0,49,0,0,64,2,66,102,0,102,168
03/15/2007,SSF,TX,ASW,CE,Federal Contract Tower,0,0,13,32,45,0,0,169,0,169,0,0,182,32,214,372,0,372,586
03/16/2007,SSF,TX,ASW,CE,Federal Contract Tower,0,0,16,28,44,0,0,137,0,137,0,0,153,28,181,276,0,276,457
03/17/2007,SSF,TX,ASW,CE,Federal Contract Tower,0,0,4,0,4,0,0,181,0,181,0,0,185,0,185,527,0,527,712
03/18/2007,SSF,TX,ASW,CE,Federal Contract Tower,0,0,11,4,15,0,0,34,0,34,0,0,45,4,49,110,0,110,159
03/19/2007,SSF,TX,ASW,CE,Federal Contract Tower,0,0,17,52,69,0,0,82,0,82,0,0,99,52,151,250,0,250,401
03/20/2007,SSF,TX,ASW,CE,Federal Contract Tower,0,0,25,40,65,0,0,70,0,70,0,0,95,40,135,288,0,288,423
03/21/2007,SSF,TX,ASW,CE,Federal Contract Tower,0,0,18,40,58,0,0,182,0,182,0,0,200,40,240,480,0,480,720
03/22/2007,SSF,TX,ASW,CE,Federal Contract Tower,0,2,24,40,66,0,0,63,0,63,0,2,87,40,129,156,0,156,285
03/23/2007,SSF,TX,ASW,CE,Federal Contract Tower,0,0,27,40,67,0,0,89,0,89,0,0,116,40,156,292,0,292,448
03/24/2007,SSF,TX,ASW,CE,Federal Contract Tower,0,2,17,0,19,0,0,131,2,133,0,2,148,2,152,394,0,394,546
03/25/2007,SSF,TX,ASW,CE,Federal Contract Tower,0,0,6,0,6,0,0,22,0,22,0,0,28,0,28,46,0,46,74
03/26/2007,SSF,TX,ASW,CE,Federal Contract Tower,0,0,10,12,22,0,0,9,0,9,0,0,19,12,31,0,0,0,31
03/27/2007,SSF,TX,ASW,CE,Federal Contract Tower,0,0,19,22,41,0,0,92,0,92,0,0,111,22,133,342,0,342,475
03/28/2007,SSF,TX,ASW,CE,Federal Contract Tower,0,1,19,26,46,0,0,146,2,148,0,1,165,28,194,468,0,468,662
03/29/2007,SSF,TX,ASW,CE,Federal Contract Tower,0,0,27,48,75,0,0,58,0,58,0,0,85,48,133,148,6,154,287
03/30/2007,SSF,TX,ASW,CE,Federal Contract Tower,0,0,7,2,9,0,0,22,0,22,0,0,29,2,31,48,0,48,79
03/31/2007,SSF,TX,ASW,CE,Federal Contract Tower,0,0,11,0,11,0,0,178,2,180,0,0,189,2,191,390,2,392,583
04/01/2007,SSF,TX,ASW,CE,Federal Contract Tower,0,0,5,2,7,0,0,128,0,128,0,0,133,2,135,306,0,306,441
04/02/2007,SSF,TX,ASW,CE,Federal Contract Tower,0,0,23,34,57,0,0,95,0,95,0,0,118,34,152,302,0,302,454
04/03/2007,SSF,TX,ASW,CE,Federal Contract Tower,0,0,19,20,39,0,0,138,0,138,0,0,157,20,177,368,0,368,545
04/04/2007,SSF,TX,ASW,CE,Federal Contract Tower,0,0,15,24,39,0,0,142,0,142,0,0,157,24,181,428,0,428,609
04/05/2007,SSF,TX,ASW,CE,Federal Contract Tower,0,0,14,34,48,0,0,216,0,216,0,0,230,34,264,402,0,402,666
04/06/2007,SSF,TX,ASW,CE,Federal Contract Tower,0,2,9,6,17,0,0,182,0,182,0,2,191,6,199,310,0,310,509
04/07/2007,SSF,TX,ASW,CE,Federal Contract Tower,0,0,1,0,1,0,0,9,0,9,0,0,10,0,10,0,0,0,10
04/08/2007,SSF,TX,ASW,CE,Federal Contract Tower,0,0,7,6,13,0,0,22,0,22,0,0,29,6,35,10,0,10,45
04/09/2007,SSF,TX,ASW,CE,Federal Contract Tower,0,0,25,32,57,0,0,67,0,67,0,0,92,32,124,352,0,352,476
04/10/2007,SSF,TX,ASW,CE,Federal Contract Tower,0,1,15,24,40,0,0,111,0,111,0,1,126,24,151,353,0,353,504
04/11/2007,SSF,TX,ASW,CE,Federal Contract Tower,0,1,20,26,47,0,0,219,0,219,0,1,239,26,266,534,0,534,800
04/12/2007,SSF,TX,ASW,CE,Federal Contract Tower,0,0,15,17,32,0,0,155,5,160,0,0,170,22,192,372,0,372,564
04/13/2007,SSF,TX,ASW,CE,Federal Contract Tower,0,0,33,40,73,0,0,114,0,114,0,0,147,40,187,318,2,320,507
04/14/2007,SSF,TX,ASW,CE,Federal Contract Tower,0,0,6,4,10,0,0,70,2,72,0,0,76,6,82,85,0,85,167
04/15/2007,SSF,TX,ASW,CE,Federal Contract Tower,0,0,1,0,1,0,0,159,3,162,0,0,160,3,163,300,0,300,463
04/16/2007,SSF,TX,ASW,CE,Federal Contract Tower,0,0,2,18,20,0,0,113,0,113,0,0,115,18,133,156,0,156,289
04/17/2007,SSF,TX,ASW,CE,Federal Contract Tower,0,0,31,14,45,0,0,57,2,59,0,0,88,16,104,118,14,132,236
04/18/2007,SSF,TX,ASW,CE,Federal Contract Tower,0,0,10,38,48,0,0,246,3,249,0,0,256,41,297,518,0,518,815
04/19/2007,SSF,TX,ASW,CE,Federal Contract Tower,0,0,12,18,30,0,0,236,0,236,0,0,248,18,266,474,0,474,740
04/20/2007,SSF,TX,ASW,CE,Federal Contract Tower,0,2,16,24,42,0,0,175,0,175,0,2,191,24,217,306,0,306,523
04/21/2007,SSF,TX,ASW,CE,Federal Contract Tower,0,0,13,0,13,0,0,172,0,172,0,0,185,0,185,264,0,264,449
04/22/2007,SSF,TX,ASW,CE,Federal Contract Tower,0,0,14,0,14,0,0,9,0,9,0,0,23,0,23,16,0,16,39
04/23/2007,SSF,TX,ASW,CE,Federal Contract Tower,0,0,28,28,56,0,0,83,0,83,0,0,111,28,139,136,6,142,281
04/24/2007,SSF,TX,ASW,CE,Federal Contract Tower,0,0,18,12,30,0,0,19,0,19,0,0,37,12,49,0,0,0,49
04/25/2007,SSF,TX,ASW,CE,Federal Contract Tower,0,0,13,26,39,0,0,182,0,182,0,0,195,26,221,358,0,358,579
04/26/2007,SSF,TX,ASW,CE,Federal Contract Tower,0,0,13,12,25,0,0,216,2,218,0,0,229,14,243,374,0,374,617
04/27/2007,SSF,TX,ASW,CE,Federal Contract Tower,0,0,6,22,28,0,0,174,0,174,0,0,180,22,202,170,0,170,372
04/28/2007,SSF,TX,ASW,CE,Federal Contract Tower,0,0,18,6,24,0,0,116,0,116,0,0,134,6,140,164,0,164,304
04/29/2007,SSF,TX,ASW,CE,Federal Contract Tower,0,0,30,8,38,0,0,44,6,50,0,0,74,14,88,130,0,130,218
04/30/2007,SSF,TX,ASW,CE,Federal Contract Tower,0,0,9,0,9,0,0,50,0,50,0,0,59,0,59,64,0,64,123
05/01/2007,SSF,TX,ASW,CE,Federal Contract Tower,0,1,19,48,68,0,0,105,0,105,0,1,124,48,173,152,0,152,325
05/02/2007,SSF,TX,ASW,CE,Federal Contract Tower,0,0,15,44,59,0,0,67,2,69,0,0,82,46,128,154,12,166,294
05/03/2007,SSF,TX,ASW,CE,Federal Contract Tower,0,0,14,30,44,0,0,160,2,162,0,0,174,32,206,458,0,458,664
05/04/2007,SSF,TX,ASW,CE,Federal Contract Tower,0,0,28,10,38,0,0,83,0,83,0,0,111,10,121,228,0,228,349
05/05/2007,SSF,TX,ASW,CE,Federal Contract Tower,0,0,20,2,22,0,0,58,0,58,0,0,78,2,80,192,0,192,272
05/06/2007,SSF,TX,ASW,CE,Federal Contract Tower,0,0,4,0,4,0,0,12,0,12,0,0,16,0,16,6,0,6,22
05/07/2007,SSF,TX,ASW,CE,Federal Contract Tower,0,0,6,30,36,0,0,142,0,142,0,0,148,30,178,280,8,288,466
05/08/2007,SSF,TX,ASW,CE,Federal Contract Tower,0,0,12,26,38,0,0,136,20,156,0,0,148,46,194,340,0,340,534
05/09/2007,SSF,TX,ASW,CE,Federal Contract Tower,0,0,10,28,38,0,0,145,0,145,0,0,155,28,183,338,0,338,521
05/10/2007,SSF,TX,ASW,CE,Federal Contract Tower,0,0,22,10,32,0,0,158,3,161,0,0,180,13,193,424,6,430,623
05/11/2007,SSF,TX,ASW,CE,Federal Contract Tower,0,0,9,22,31,0,0,178,3,181,0,0,187,25,212,320,6,326,538
05/12/2007,SSF,TX,ASW,CE,Federal Contract Tower,0,0,8,0,8,0,0,161,0,161,0,0,169,0,169,256,0,256,425
05/13/2007,SSF,TX,ASW,CE,Federal Contract Tower,0,0,5,2,7,0,0,70,2,72,0,0,75,4,79,120,0,120,199
05/14/2007,SSF,TX,ASW,CE,Federal Contract Tower,0,0,4,8,12,0,0,177,0,177,0,0,181,8,189,404,0,404,593
05/15/2007,SSF,TX,ASW,CE,Federal Contract Tower,0,0,16,16,32,0,0,203,0,203,0,0,219,16,235,326,0,326,561
05/16/2007,SSF,TX,ASW,CE,Federal Contract Tower,0,0,12,16,28,0,0,206,0,206,0,0,218,16,234,540,6,546,780
05/17/2007,SSF,TX,ASW,CE,Federal Contract Tower,0,0,8,12,20,0,0,203,0,203,0,0,211,12,223,410,0,410,633
05/18/2007,SSF,TX,ASW,CE,Federal Contract Tower,0,0,7,18,25,0,0,175,0,175,0,0,182,18,200,336,0,336,536
05/19/2007,SSF,TX,ASW,CE,Federal Contract Tower,0,0,10,0,10,0,0,135,2,137,0,0,145,2,147,236,0,236,383
05/20/2007,SSF,TX,ASW,CE,Federal Contract Tower,0,0,11,16,27,0,0,47,0,47,0,0,58,16,74,244,0,244,318
05/21/2007,SSF,TX,ASW,CE,Federal Contract Tower,0,0,20,32,52,0,0,95,0,95,0,0,115,32,147,148,0,148,295
05/22/2007,SSF,TX,ASW,CE,Federal Contract Tower,0,0,21,22,43,0,0,183,4,187,0,0,204,26,230,397,0,397,627
05/23/2007,SSF,TX,ASW,CE,Federal Contract Tower,0,0,34,18,52,0,0,167,0,167,0,0,201,18,219,500,0,500,719
05/24/2007,SSF,TX,ASW,CE,Federal Contract Tower,0,0,24,36,60,0,0,111,0,111,0,0,135,36,171,272,0,272,443
05/25/2007,SSF,TX,ASW,CE,Federal Contract Tower,0,0,6,0,6,0,0,84,0,84,0,0,90,0,90,186,0,186,276
05/26/2007,SSF,TX,ASW,CE,Federal Contract Tower,0,0,15,0,15,0,0,114,0,114,0,0,129,0,129,318,0,318,447
05/27/2007,SSF,TX,ASW,CE,Federal Contract Tower,0,0,3,0,3,0,0,42,0,42,0,0,45,0,45,146,0,146,191
05/28/2007,SSF,TX,ASW,CE,Federal Contract Tower,0,0,16,6,22,0,0,163,0,163,0,0,179,6,185,534,0,534,719
05/29/2007,SSF,TX,ASW,CE,Federal Contract Tower,0,0,28,28,56,0,0,201,0,201,0,0,229,28,257,426,0,426,683
05/30/2007,SSF,TX,ASW,CE,Federal Contract Tower,0,0,20,32,52,0,0,174,0,174,0,0,194,32,226,600,0,600,826
05/31/2007,SSF,TX,ASW,CE,Federal Contract Tower,0,0,14,22,36,0,0,158,0,158,0,0,172,22,194,528,0,528,722
06/01/2007,SSF,TX,ASW,CE,Federal Contract Tower,0,0,17,30,47,0,0,162,0,162,0,0,179,30,209,448,56,504,713
06/02/2007,SSF,TX,ASW,CE,Federal Contract Tower,0,0,7,10,17,0,0,174,2,176,0,0,181,12,193,494,8,502,695
06/03/2007,SSF,TX,ASW,CE,Federal Contract Tower,0,0,10,2,12,0,0,122,2,124,0,0,132,4,136,306,8,314,450
06/04/2007,SSF,TX,ASW,CE,Federal Contract Tower,0,0,12,26,38,0,0,167,0,167,0,0,179,26,205,372,0,372,577
06/05/2007,SSF,TX,ASW,CE,Federal Contract Tower,0,0,10,16,26,0,0,160,2,162,0,0,170,18,188,484,0,484,672
06/06/2007,SSF,TX,ASW,CE,Federal Contract Tower,0,0,22,28,50,0,0,119,0,119,0,0,141,28,169,280,0,280,449
06/07/2007,SSF,TX,ASW,CE,Federal Contract Tower,0,0,23,30,53,0,0,138,0,138,0,0,161,30,191,368,0,368,559
06/08/2007,SSF,TX,ASW,CE,Federal Contract Tower,0,2,8,16,26,0,0,188,0,188,0,2,196,16,214,550,0,550,764
06/09/2007,SSF,TX,ASW,CE,Federal Contract Tower,0,0,19,9,28,0,0,133,1,134,0,0,152,10,162,362,0,362,524
06/10/2007,SSF,TX,ASW,CE,Federal Contract Tower,0,0,10,4,14,0,0,89,4,93,0,0,99,8,107,128,0,128,235
06/11/2007,SSF,TX,ASW,CE,Federal Contract Tower,0,0,6,18,24,0,0,140,0,140,0,0,146,18,164,452,0,452,616
06/12/2007,SSF,TX,ASW,CE,Federal Contract Tower,0,0,7,28,35,0,0,164,0,164,0,0,171,28,199,398,0,398,597
06/13/2007,SSF,TX,ASW,CE,Federal Contract Tower,0,0,16,30,46,0,0,169,2,171,0,0,185,32,217,452,0,452,669
06/14/2007,SSF,TX,ASW,CE,Federal Contract Tower,0,0,15,24,39,0,0,154,0,154,0,0,169,24,193,330,0,330,523
06/15/2007,SSF,TX,ASW,CE,Federal Contract Tower,0,0,13,30,43,0,0,182,0,182,0,0,195,30,225,344,6,350,575
06/16/2007,SSF,TX,ASW,CE,Federal Contract Tower,0,0,3,0,3,0,1,97,0,98,0,1,100,0,101,160,0,160,261
06/17/2007,SSF,TX,ASW,CE,Federal Contract Tower,0,0,13,2,15,0,0,53,8,61,0,0,66,10,76,128,0,128,204
06/18/2007,SSF,TX,ASW,CE,Federal Contract Tower,0,0,10,20,30,0,0,164,0,164,0,0,174,20,194,420,0,420,614
06/19/2007,SSF,TX,ASW,CE,Federal Contract Tower,0,0,21,14,35,0,0,161,0,161,0,0,182,14,196,362,0,362,558
06/20/2007,SSF,TX,ASW,CE,Federal Contract Tower,0,0,7,16,23,0,0,36,0,36,0,0,43,16,59,86,0,86,145
06/21/2007,SSF,TX,ASW,CE,Federal Contract Tower,0,0,26,2,28,0,0,103,0,103,0,0,129,2,131,182,0,182,313
06/22/2007,SSF,TX,ASW,CE,Federal Contract Tower,0,1,28,30,59,0,0,59,0,59,0,1,87,30,118,72,0,72,190
06/23/2007,SSF,TX,ASW,CE,Federal Contract Tower,0,0,12,0,12,0,0,135,0,135,0,0,147,0,147,328,0,328,475
06/24/2007,SSF,TX,ASW,CE,Federal Contract Tower,0,0,19,0,19,0,0,40,0,40,0,0,59,0,59,154,0,154,213
06/25/2007,SSF,TX,ASW,CE,Federal Contract Tower,0,0,16,18,34,0,0,77,0,77,0,0,93,18,111,254,0,254,365
06/26/2007,SSF,TX,ASW,CE,Federal Contract Tower,0,2,10,46,58,0,0,104,0,104,0,2,114,46,162,292,0,292,454
06/27/2007,SSF,TX,ASW,CE,Federal Contract Tower,0,0,12,11,23,0,0,158,0,158,0,0,170,11,181,414,0,414,595
06/28/2007,SSF,TX,ASW,CE,Federal Contract Tower,0,0,11,0,11,0,0,50,2,52,0,0,61,2,63,76,0,76,139
06/29/2007,SSF,TX,ASW,CE,Federal Contract Tower,0,0,13,18,31,0,0,178,0,178,0,0,191,18,209,380,4,384,593
06/30/2007,SSF,TX,ASW,CE,Federal Contract Tower,0,0,12,5,17,0,0,118,1,119,0,0,130,6,136,326,0,326,462
07/01/2007,SSF,TX,ASW,CE,Federal Contract Tower,0,0,3,1,4,0,0,36,0,36,0,0,39,1,40,100,0,100,140
07/02/2007,SSF,TX,ASW,CE,Federal Contract Tower,0,0,31,38,69,0,0,107,0,107,0,0,138,38,176,274,0,274,450
07/03/2007,SSF,TX,ASW,CE,Federal Contract Tower,0,0,14,22,36,0,0,111,0,111,0,0,125,22,147,334,0,334,481
07/04/2007,SSF,TX,ASW,CE,Federal Contract Tower,0,0,1,0,1,0,0,19,0,19,0,0,20,0,20,20,0,20,40
07/05/2007,SSF,TX,ASW,CE,Federal Contract Tower,0,0,33,0,33,0,0,126,0,126,0,0,159,0,159,502,0,502,661
07/06/2007,SSF,TX,ASW,CE,Federal Contract Tower,0,2,11,5,18,0,0,92,6,98,0,2,103,11,116,314,2,316,432
07/07/2007,SSF,TX,ASW,CE,Federal Contract Tower,0,0,9,4,13,0,0,91,3,94,0,0,100,7,107,188,16,204,311
07/08/2007,SSF,TX,ASW,CE,Federal Contract Tower,0,0,7,3,10,0,0,66,0,66,0,0,73,3,76,206,0,206,282
07/09/2007,SSF,TX,ASW,CE,Federal Contract Tower,0,0,24,36,60,0,0,151,0,151,0,0,175,36,211,482,0,482,693
07/10/2007,SSF,TX,ASW,CE,Federal Contract Tower,0,0,10,50,60,0,0,216,0,216,0,0,226,50,276,450,0,450,726
07/11/2007,SSF,TX,ASW,CE,Federal Contract Tower,0,0,28,46,74,0,0,173,0,173,0,0,201,46,247,482,0,482,729
07/12/2007,SSF,TX,ASW,CE,Federal Contract Tower,0,0,23,24,47,0,0,144,0,144,0,0,167,24,191,418,0,418,609
07/13/2007,SSF,TX,ASW,CE,Federal Contract Tower,0,0,9,21,30,0,0,181,0,181,0,0,190,21,211,272,0,272,483
07/14/2007,SSF,TX,ASW,CE,Federal Contract Tower,0,0,17,7,24,0,0,97,1,98,0,0,114,8,122,362,0,362,484
07/15/2007,SSF,TX,ASW,CE,Federal Contract Tower,0,0,11,0,11,0,0,92,1,93,0,0,103,1,104,244,0,244,348
07/16/2007,SSF,TX,ASW,CE,Federal Contract Tower,0,0,21,8,29,0,0,172,0,172,0,0,193,8,201,406,0,406,607
07/17/2007,SSF,TX,ASW,CE,Federal Contract Tower,0,0,21,22,43,0,0,85,0,85,0,0,106,22,128,154,0,154,282
07/18/2007,SSF,TX,ASW,CE,Federal Contract Tower,0,0,18,24,42,0,0,75,0,75,0,0,93,24,117,126,0,126,243
07/19/2007,SSF,TX,ASW,CE,Federal Contract Tower,0,0,40,18,58,0,0,68,0,68,0,0,108,18,126,108,0,108,234
07/20/2007,SSF,TX,ASW,CE,Federal Contract Tower,0,0,15,4,19,0,0,31,0,31,0,0,46,4,50,10,0,10,60
07/21/2007,SSF,TX,ASW,CE,Federal Contract Tower,0,0,21,0,21,0,0,36,0,36,0,0,57,0,57,8,0,8,65
07/22/2007,SSF,TX,ASW,CE,Federal Contract Tower,0,0,16,6,22,0,0,87,0,87,0,0,103,6,109,254,0,254,363
07/23/2007,SSF,TX,ASW,CE,Federal Contract Tower,0,0,12,20,32,0,0,145,0,145,0,0,157,20,177,370,0,370,547
07/24/2007,SSF,TX,ASW,CE,Federal Contract Tower,0,0,19,18,37,0,0,137,0,137,0,0,156,18,174,308,0,308,482
07/25/2007,SSF,TX,ASW,CE,Federal Contract Tower,0,0,12,6,18,0,0,16,4,20,0,0,28,10,38,10,0,10,48
07/26/2007,SSF,TX,ASW,CE,Federal Contract Tower,0,0,24,18,42,0,0,42,0,42,0,0,66,18,84,132,0,132,216
07/27/2007,SSF,TX,ASW,CE,Federal Contract Tower,0,0,23,26,49,0,0,138,4,142,0,0,161,30,191,312,10,322,513
07/28/2007,SSF,TX,ASW,CE,Federal Contract Tower,0,0,17,0,17,0,0,139,1,140,0,0,156,1,157,342,0,342,499
07/29/2007,SSF,TX,ASW,CE,Federal Contract Tower,0,0,11,0,11,0,0,61,0,61,0,0,72,0,72,130,0,130,202
07/30/2007,SSF,TX,ASW,CE,Federal Contract Tower,0,0,19,20,39,0,0,146,0,146,0,0,165,20,185,348,0,348,533
07/31/2007,SSF,TX,ASW,CE,Federal Contract Tower,0,0,9,12,21,0,0,217,0,217,0,0,226,12,238,410,0,410,648
08/01/2007,SSF,TX,ASW,CE,Federal Contract Tower,0,0,7,34,41,0,0,205,2,207,0,0,212,36,248,464,0,464,712
08/02/2007,SSF,TX,ASW,CE,Federal Contract Tower,0,0,21,32,53,0,0,211,0,211,0,0,232,32,264,548,0,548,812
08/03/2007,SSF,TX,ASW,CE,Federal Contract Tower,0,0,21,26,47,0,0,120,0,120,0,0,141,26,167,242,0,242,409
08/04/2007,SSF,TX,ASW,CE,Federal Contract Tower,0,0,17,0,17,0,0,139,2,141,0,0,156,2,158,298,20,318,476
08/05/2007,SSF,TX,ASW,CE,Federal Contract Tower,0,0,16,0,16,0,0,94,0,94,0,0,110,0,110,252,0,252,362
08/06/2007,SSF,TX,ASW,CE,Federal Contract Tower,0,0,25,22,47,0,0,151,0,151,0,0,176,22,198,292,0,292,490
08/07/2007,SSF,TX,ASW,CE,Federal Contract Tower,0,0,28,26,54,0,0,171,0,171,0,0,199,26,225,390,0,390,615
08/08/2007,SSF,TX,ASW,CE,Federal Contract Tower,0,0,17,42,59,0,0,208,2,210,0,0,225,44,269,550,0,550,819
08/09/2007,SSF,TX,ASW,CE,Federal Contract Tower,0,0,22,38,60,0,0,200,0,200,0,0,222,38,260,422,0,422,682
08/10/2007,SSF,TX,ASW,CE,Federal Contract Tower,0,0,13,18,31,0,0,189,2,191,0,0,202,20,222,478,0,478,700
08/11/2007,SSF,TX,ASW,CE,Federal Contract Tower,0,0,12,0,12,0,0,208,0,208,0,0,220,0,220,536,0,536,756
08/12/2007,SSF,TX,ASW,CE,Federal Contract Tower,0,0,5,0,5,0,0,99,0,99,0,0,104,0,104,224,0,224,328
08/13/2007,SSF,TX,ASW,CE,Federal Contract Tower,0,0,10,30,40,0,0,198,0,198,0,0,208,30,238,390,0,390,628
08/14/2007,SSF,TX,ASW,CE,Federal Contract Tower,0,0,14,18,32,0,0,176,0,176,0,0,190,18,208,428,0,428,636
08/15/2007,SSF,TX,ASW,CE,Federal Contract Tower,0,0,20,10,30,0,0,229,0,229,0,0,249,10,259,665,0,665,924
08/16/2007,SSF,TX,ASW,CE,Federal Contract Tower,0,0,8,0,8,0,0,38,2,40,0,0,46,2,48,0,0,0,48
08/17/2007,SSF,TX,ASW,CE,Federal Contract Tower,0,0,11,18,29,0,0,137,0,137,0,0,148,18,166,238,0,238,404
08/18/2007,SSF,TX,ASW,CE,Federal Contract Tower,0,0,10,0,10,0,0,195,0,195,0,0,205,0,205,518,0,518,723
08/19/2007,SSF,TX,ASW,CE,Federal Contract Tower,0,0,11,4,15,0,0,93,0,93,0,0,104,4,108,272,0,272,380
08/20/2007,SSF,TX,ASW,CE,Federal Contract Tower,0,0,21,34,55,0,0,199,0,199,0,0,220,34,254,430,0,430,684
08/21/2007,SSF,TX,ASW,CE,Federal Contract Tower,0,0,23,28,51,0,0,179,4,183,0,0,202,32,234,438,14,452,686
08/22/2007,SSF,TX,ASW,CE,Federal Contract Tower,0,0,26,24,50,0,0,182,0,182,0,0,208,24,232,542,0,542,774
08/23/2007,SSF,TX,ASW,CE,Federal Contract Tower,0,2,29,16,47,0,0,129,0,129,0,2,158,16,176,454,0,454,630
08/24/2007,SSF,TX,ASW,CE,Federal Contract Tower,0,0,24,16,40,0,0,181,2,183,0,0,205,18,223,374,16,390,613
08/25/2007,SSF,TX,ASW,CE,Federal Contract Tower,0,0,8,6,14,0,0,149,0,149,0,0,157,6,163,364,0,364,527
08/26/2007,SSF,TX,ASW,CE,Federal Contract Tower,0,0,14,18,32,0,0,102,0,102,0,0,116,18,134,412,0,412,546
08/27/2007,SSF,TX,ASW,CE,Federal Contract Tower,0,0,14,28,42,0,0,191,0,191,0,0,205,28,233,520,0,520,753
08/28/2007,SSF,TX,ASW,CE,Federal Contract Tower,0,1,20,46,67,0,0,163,0,163,0,1,183,46,230,466,0,466,696
08/29/2007,SSF,TX,ASW,CE,Federal Contract Tower,0,1,12,30,43,0,0,176,0,176,0,1,188,30,219,562,0,562,781
08/30/2007,SSF,TX,ASW,CE,Federal Contract Tower,0,0,13,22,35,0,0,213,1,214,0,0,226,23,249,626,6,632,881
08/31/2007,SSF,TX,ASW,CE,Federal Contract Tower,0,0,16,10,26,0,0,143,8,151,0,0,159,18,177,350,0,350,527
09/01/2007,SSF,TX,ASW,CE,Federal Contract Tower,0,0,5,0,5,0,0,132,0,132,0,0,137,0,137,242,0,242,379
09/02/2007,SSF,TX,ASW,CE,Federal Contract Tower,0,0,3,0,3,0,0,70,0,70,0,0,73,0,73,174,0,174,247
09/03/2007,SSF,TX,ASW,CE,Federal Contract Tower,0,0,14,0,14,0,0,105,0,105,0,0,119,0,119,290,0,290,409
09/04/2007,SSF,TX,ASW,CE,Federal Contract Tower,0,0,20,38,58,0,0,35,0,35,0,0,55,38,93,108,0,108,201
09/05/2007,SSF,TX,ASW,CE,Federal Contract Tower,0,0,35,26,61,0,0,169,2,171,0,0,204,28,232,368,0,368,600
09/06/2007,SSF,TX,ASW,CE,Federal Contract Tower,0,0,15,36,51,0,0,181,0,181,0,0,196,36,232,614,0,614,846
09/07/2007,SSF,TX,ASW,CE,Federal Contract Tower,0,2,17,27,46,0,0,209,6,215,0,2,226,33,261,408,14,422,683
09/08/2007,SSF,TX,ASW,CE,Federal Contract Tower,0,0,20,0,20,0,0,186,4,190,0,0,206,4,210,426,10,436,646
09/09/2007,SSF,TX,ASW,CE,Federal Contract Tower,0,0,2,9,11,0,0,110,2,112,0,0,112,11,123,380,0,380,503
09/10/2007,SSF,TX,ASW,CE,Federal Contract Tower,0,0,13,30,43,0,0,154,0,154,0,0,167,30,197,494,0,494,691
09/11/2007,SSF,TX,ASW,CE,Federal Contract Tower,0,2,25,4,31,0,0,58,0,58,0,2,83,4,89,182,0,182,271
09/12/2007,SSF,TX,ASW,CE,Federal Contract Tower,0,0,14,28,42,0,0,202,4,206,0,0,216,32,248,564,0,564,812
09/13/2007,SSF,TX,ASW,CE,Federal Contract Tower,0,0,20,28,48,0,0,167,2,169,0,0,187,30,217,378,0,378,595
09/14/2007,SSF,TX,ASW,CE,Federal Contract Tower,0,2,17,28,47,0,0,198,0,198,0,2,215,28,245,506,0,506,751
09/15/2007,SSF,TX,ASW,CE,Federal Contract Tower,0,0,3,0,3,0,0,167,0,167,0,0,170,0,170,422,0,422,592
09/16/2007,SSF,TX,ASW,CE,Federal Contract Tower,2,0,4,4,10,0,0,138,0,138,2,0,142,4,148,380,0,380,528
09/17/2007,SSF,TX,ASW,CE,Federal Contract Tower,0,0,18,34,52,0,0,158,0,158,0,0,176,34,210,472,0,472,682
09/18/2007,SSF,TX,ASW,CE,Federal Contract Tower,0,0,25,36,61,0,0,187,0,187,0,0,212,36,248,542,0,542,790
09/19/2007,SSF,TX,ASW,CE,Federal Contract Tower,0,0,49,29,78,0,0,181,0,181,0,0,230,29,259,480,0,480,739
09/20/2007,SSF,TX,ASW,CE,Federal Contract Tower,0,0,24,24,48,0,0,252,0,252,0,0,276,24,300,518,0,518,818
09/21/2007,SSF,TX,ASW,CE,Federal Contract Tower,0,0,25,16,41,0,0,236,0,236,0,0,261,16,277,326,0,326,603
09/22/2007,SSF,TX,ASW,CE,Federal Contract Tower,0,0,15,0,15,0,0,189,0,189,0,0,204,0,204,372,0,372,576
09/23/2007,SSF,TX,ASW,CE,Federal Contract Tower,0,0,32,4,36,0,0,167,0,167,0,0,199,4,203,312,0,312,515
09/24/2007,SSF,TX,ASW,CE,Federal Contract Tower,0,0,12,34,46,0,0,182,0,182,0,0,194,34,228,508,0,508,736
09/25/2007,SSF,TX,ASW,CE,Federal Contract Tower,0,0,16,14,30,0,0,172,0,172,0,0,188,14,202,562,0,562,764
09/26/2007,SSF,TX,ASW,CE,Federal Contract Tower,0,0,14,24,38,0,0,197,5,202,0,0,211,29,240,336,28,364,604
09/27/2007,SSF,TX,ASW,CE,Federal Contract Tower,0,0,25,20,45,0,0,157,4,161,0,0,182,24,206,414,0,414,620
09/28/2007,SSF,TX,ASW,CE,Federal Contract Tower,0,0,13,6,19,0,0,161,0,161,0,0,174,6,180,292,0,292,472
09/29/2007,SSF,TX,ASW,CE,Federal Contract Tower,0,0,18,0,18,0,0,83,0,83,0,0,101,0,101,122,0,122,223
09/30/2007,SSF,TX,ASW,CE,Federal Contract Tower,0,0,22,0,22,0,0,112,0,112,0,0,134,0,134,310,0,310,444
10/01/2007,SSF,TX,ASW,CE,Federal Contract Tower,0,0,17,22,39,0,0,119,0,119,0,0,136,22,158,402,0,402,560
10/02/2007,SSF,TX,ASW,CE,Federal Contract Tower,0,0,22,24,46,0,0,161,0,161,0,0,183,24,207,322,0,322,529
10/03/2007,SSF,TX,ASW,CE,Federal Contract Tower,0,0,19,18,37,0,0,208,0,208,0,0,227,18,245,496,0,496,741
10/04/2007,SSF,TX,ASW,CE,Federal Contract Tower,0,0,23,40,63,0,0,193,0,193,0,0,216,40,256,354,0,354,610
10/05/2007,SSF,TX,ASW,CE,Federal Contract Tower,0,0,19,18,37,0,0,186,0,186,0,0,205,18,223,294,0,294,517
10/06/2007,SSF,TX,ASW,CE,Federal Contract Tower,0,0,9,0,9,0,0,150,0,150,0,0,159,0,159,316,0,316,475
10/07/2007,SSF,TX,ASW,CE,Federal Contract Tower,0,0,11,0,11,0,0,71,0,71,0,0,82,0,82,190,0,190,272
10/08/2007,SSF,TX,ASW,CE,Federal Contract Tower,0,0,13,0,13,0,0,75,0,75,0,0,88,0,88,164,0,164,252
10/09/2007,SSF,TX,ASW,CE,Federal Contract Tower,0,0,14,34,48,0,0,152,2,154,0,0,166,36,202,310,0,310,512
10/10/2007,SSF,TX,ASW,CE,Federal Contract Tower,0,0,25,32,57,0,0,225,0,225,0,0,250,32,282,418,0,418,700
10/11/2007,SSF,TX,ASW,CE,Federal Contract Tower,0,0,31,34,65,0,0,152,6,158,0,0,183,40,223,366,0,366,589
10/12/2007,SSF,TX,ASW,CE,Federal Contract Tower,0,0,11,20,31,0,0,177,4,181,0,0,188,24,212,312,0,312,524
10/13/2007,SSF,TX,ASW,CE,Federal Contract Tower,0,0,13,4,17,0,0,150,0,150,0,0,163,4,167,200,0,200,367
10/14/2007,SSF,TX,ASW,CE,Federal Contract Tower,0,0,12,0,12,0,0,64,0,64,0,0,76,0,76,84,0,84,160
10/15/2007,SSF,TX,ASW,CE,Federal Contract Tower,0,0,15,34,49,0,0,122,3,125,0,0,137,37,174,226,34,260,434
10/16/2007,SSF,TX,ASW,CE,Federal Contract Tower,0,0,49,40,89,0,0,6,0,6,0,0,55,40,95,16,0,16,111
10/17/2007,SSF,TX,ASW,CE,Federal Contract Tower,0,0,18,44,62,0,0,164,0,164,0,0,182,44,226,232,0,232,458
10/18/2007,SSF,TX,ASW,CE,Federal Contract Tower,0,0,24,42,66,0,0,153,6,159,0,0,177,48,225,384,34,418,643
10/19/2007,SSF,TX,ASW,CE,Federal Contract Tower,0,0,15,30,45,0,0,164,0,164,0,0,179,30,209,242,0,242,451
10/20/2007,SSF,TX,ASW,CE,Federal Contract Tower,0,0,9,0,9,0,0,179,0,179,0,0,188,0,188,312,0,312,500
10/21/2007,SSF,TX,ASW,CE,Federal Contract Tower,0,0,13,0,13,0,0,57,0,57,0,0,70,0,70,140,0,140,210
10/22/2007,SSF,TX,ASW,CE,Federal Contract Tower,0,0,5,18,23,0,0,27,0,27,0,0,32,18,50,24,0,24,74
10/23/2007,SSF,TX,ASW,CE,Federal Contract Tower,0,0,28,16,44,0,0,147,0,147,0,0,175,16,191,260,0,260,451
10/24/2007,SSF,TX,ASW,CE,Federal Contract Tower,0,0,14,30,44,0,0,136,0,136,0,0,150,30,180,160,0,160,340
10/25/2007,SSF,TX,ASW,CE,Federal Contract Tower,0,0,14,25,39,0,0,158,3,161,0,0,172,28,200,256,0,256,456
10/26/2007,SSF,TX,ASW,CE,Federal Contract Tower,0,0,22,28,50,0,0,164,0,164,0,0,186,28,214,290,12,302,516
10/27/2007,SSF,TX,ASW,CE,Federal Contract Tower,0,0,15,4,19,0,0,147,0,147,0,0,162,4,166,362,0,362,528
10/28/2007,SSF,TX,ASW,CE,Federal Contract Tower,0,0,4,2,6,0,0,104,3,107,0,0,108,5,113,140,0,140,253
10/29/2007,SSF,TX,ASW,CE,Federal Contract Tower,0,0,9,20,29,0,0,143,0,143,0,0,152,20,172,372,0,372,544
10/30/2007,SSF,TX,ASW,CE,Federal Contract Tower,0,0,9,24,33,0,0,171,0,171,0,0,180,24,204,416,0,416,620
10/31/2007,SSF,TX,ASW,CE,Federal Contract Tower,0,0,17,24,41,0,0,203,2,205,0,0,220,26,246,576,16,592,838
11/01/2007,SSF,TX,ASW,CE,Federal Contract Tower,0,0,7,4,11,0,0,210,0,210,0,0,217,4,221,422,0,422,643
11/02/2007,SSF,TX,ASW,CE,Federal Contract Tower,0,0,19,6,25,0,0,163,0,163,0,0,182,6,188,416,2,418,606
11/03/2007,SSF,TX,ASW,CE,Federal Contract Tower,0,0,15,0,15,0,0,91,9,100,0,0,106,9,115,226,0,226,341
11/04/2007,SSF,TX,ASW,CE,Federal Contract Tower,0,0,4,0,4,0,0,96,2,98,0,0,100,2,102,184,0,184,286
11/05/2007,SSF,TX,ASW,CE,Federal Contract Tower,0,0,9,10,19,0,0,142,1,143,0,0,151,11,162,304,0,304,466
11/06/2007,SSF,TX,ASW,CE,Federal Contract Tower,0,0,18,16,34,0,0,94,6,100,0,0,112,22,134,216,0,216,350
11/07/2007,SSF,TX,ASW,CE,Federal Contract Tower,0,0,27,14,41,0,0,138,6,144,0,0,165,20,185,286,0,286,471
11/08/2007,SSF,TX,ASW,CE,Federal Contract Tower,0,0,10,26,36,0,0,40,0,40,0,0,50,26,76,42,0,42,118
11/09/2007,SSF,TX,ASW,CE,Federal Contract Tower,0,0,21,14,35,0,0,125,0,125,0,0,146,14,160,244,0,244,404
11/10/2007,SSF,TX,ASW,CE,Federal Contract Tower,0,0,15,0,15,0,0,127,0,127,0,0,142,0,142,216,0,216,358
11/11/2007,SSF,TX,ASW,CE,Federal Contract Tower,0,0,17,2,19,0,0,100,0,100,0,0,117,2,119,332,0,332,451
11/12/2007,SSF,TX,ASW,CE,Federal Contract Tower,0,0,24,4,28,0,0,149,0,149,0,0,173,4,177,400,0,400,577
11/13/2007,SSF,TX,ASW,CE,Federal Contract Tower,0,0,17,10,27,0,0,172,0,172,0,0,189,10,199,364,0,364,563
11/14/2007,SSF,TX,ASW,CE,Federal Contract Tower,0,0,18,26,44,0,0,182,6,188,0,0,200,32,232,646,0,646,878
11/15/2007,SSF,TX,ASW,CE,Federal Contract Tower,0,0,5,16,21,0,0,129,0,129,0,0,134,16,150,182,0,182,332
11/16/2007,SSF,TX,ASW,CE,Federal Contract Tower,0,0,21,28,49,0,0,206,0,206,0,0,227,28,255,436,0,436,691
11/17/2007,SSF,TX,ASW,CE,Federal Contract Tower,0,0,12,0,12,0,0,46,0,46,0,0,58,0,58,170,0,170,228
11/18/2007,SSF,TX,ASW,CE,Federal Contract Tower,0,0,16,10,26,0,0,19,0,19,0,0,35,10,45,110,0,110,155
11/19/2007,SSF,TX,ASW,CE,Federal Contract Tower,0,0,27,8,35,0,0,97,0,97,0,0,124,8,132,254,0,254,386
11/20/2007,SSF,TX,ASW,CE,Federal Contract Tower,0,0,28,54,82,0,0,152,4,156,0,0,180,58,238,412,0,412,650
11/21/2007,SSF,TX,ASW,CE,Federal Contract Tower,0,0,25,0,25,0,0,154,0,154,0,0,179,0,179,336,0,336,515
11/22/2007,SSF,TX,ASW,CE,Federal Contract Tower,0,0,1,0,1,0,0,40,0,40,0,0,41,0,41,86,0,86,127
11/23/2007,SSF,TX,ASW,CE,Federal Contract Tower,0,0,8,0,8,0,0,87,2,89,0,0,95,2,97,324,0,324,421
11/24/2007,SSF,TX,ASW,CE,Federal Contract Tower,0,0,4,0,4,0,0,2,0,2,0,0,6,0,6,0,0,0,6
11/25/2007,SSF,TX,ASW,CE,Federal Contract Tower,0,0,4,0,4,0,0,30,0,30,0,0,34,0,34,16,0,16,50
11/26/2007,SSF,TX,ASW,CE,Federal Contract Tower,0,0,9,30,39,0,0,188,0,188,0,0,197,30,227,428,0,428,655
11/27/2007,SSF,TX,ASW,CE,Federal Contract Tower,0,0,6,40,46,0,0,223,2,225,0,0,229,42,271,404,6,410,681
11/28/2007,SSF,TX,ASW,CE,Federal Contract Tower,0,0,25,32,57,0,0,139,3,142,0,0,164,35,199,234,12,246,445
11/29/2007,SSF,TX,ASW,CE,Federal Contract Tower,0,0,18,18,36,0,0,169,0,169,0,0,187,18,205,480,6,486,691
11/30/2007,SSF,TX,ASW,CE,Federal Contract Tower,0,0,45,38,83,0,0,43,0,43,0,0,88,38,126,96,0,96,222
12/01/2007,SSF,TX,ASW,CE,Federal Contract Tower,0,0,25,5,30,0,0,34,0,34,0,0,59,5,64,34,0,34,98
12/02/2007,SSF,TX,ASW,CE,Federal Contract Tower,0,0,24,6,30,0,0,71,0,71,0,0,95,6,101,214,0,214,315
12/03/2007,SSF,TX,ASW,CE,Federal Contract Tower,0,0,37,30,67,0,0,165,0,165,0,0,202,30,232,430,0,430,662
12/04/2007,SSF,TX,ASW,CE,Federal Contract Tower,0,0,12,34,46,0,0,202,2,204,0,0,214,36,250,478,0,478,728
12/05/2007,SSF,TX,ASW,CE,Federal Contract Tower,0,0,11,26,37,0,0,222,2,224,0,0,233,28,261,792,0,792,1053
12/06/2007,SSF,TX,ASW,CE,Federal Contract Tower,0,0,17,22,39,0,0,117,0,117,0,0,134,22,156,290,0,290,446
12/07/2007,SSF,TX,ASW,CE,Federal Contract Tower,0,0,23,26,49,0,0,140,0,140,0,0,163,26,189,300,0,300,489
12/08/2007,SSF,TX,ASW,CE,Federal Contract Tower,0,1,17,0,18,0,0,114,3,117,0,1,131,3,135,214,0,214,349
12/09/2007,SSF,TX,ASW,CE,Federal Contract Tower,0,0,13,2,15,0,0,53,2,55,0,0,66,4,70,100,0,100,170
12/10/2007,SSF,TX,ASW,CE,Federal Contract Tower,0,0,10,0,10,0,0,0,0,0,0,0,10,0,10,0,0,0,10
12/11/2007,SSF,TX,ASW,CE,Federal Contract Tower,0,0,10,6,16,0,0,62,0,62,0,0,72,6,78,116,0,116,194
12/12/2007,SSF,TX,ASW,CE,Federal Contract Tower,0,1,27,0,28,0,0,15,0,15,0,1,42,0,43,0,0,0,43
12/13/2007,SSF,TX,ASW,CE,Federal Contract Tower,0,0,31,2,33,0,0,165,0,165,0,0,196,2,198,344,0,344,542
12/14/2007,SSF,TX,ASW,CE,Federal Contract Tower,0,0,10,0,10,0,0,0,0,0,0,0,10,0,10,0,0,0,10
12/15/2007,SSF,TX,ASW,CE,Federal Contract Tower,0,0,3,0,3,0,0,90,0,90,0,0,93,0,93,220,0,220,313
12/16/2007,SSF,TX,ASW,CE,Federal Contract Tower,0,0,6,2,8,0,0,192,0,192,0,0,198,2,200,548,0,548,748
12/17/2007,SSF,TX,ASW,CE,Federal Contract Tower,0,0,13,24,37,0,0,185,0,185,0,0,198,24,222,254,0,254,476
12/18/2007,SSF,TX,ASW,CE,Federal Contract Tower,0,0,3,22,25,0,0,181,2,183,0,0,184,24,208,344,14,358,566
12/19/2007,SSF,TX,ASW,CE,Federal Contract Tower,0,0,37,18,55,0,0,40,0,40,0,0,77,18,95,78,0,78,173
12/20/2007,SSF,TX,ASW,CE,Federal Contract Tower,0,0,3,26,29,0,0,200,2,202,0,0,203,28,231,232,0,232,463
12/21/2007,SSF,TX,ASW,CE,Federal Contract Tower,0,0,15,6,21,0,0,172,0,172,0,0,187,6,193,324,0,324,517
12/22/2007,SSF,TX,ASW,CE,Federal Contract Tower,0,0,2,0,2,0,0,65,0,65,0,0,67,0,67,126,0,126,193
12/23/2007,SSF,TX,ASW,CE,Federal Contract Tower,0,0,4,0,4,0,0,56,0,56,0,0,60,0,60,138,0,138,198
12/24/2007,SSF,TX,ASW,CE,Federal Contract Tower,0,0,1,0,1,0,0,55,0,55,0,0,56,0,56,138,0,138,194
12/25/2007,SSF,TX,ASW,CE,Federal Contract Tower,0,0,0,0,0,0,0,21,0,21,0,0,21,0,21,30,0,30,51
12/26/2007,SSF,TX,ASW,CE,Federal Contract Tower,0,0,2,2,4,0,0,77,0,77,0,0,79,2,81,46,0,46,127
12/27/2007,SSF,TX,ASW,CE,Federal Contract Tower,0,0,23,0,23,0,0,96,0,96,0,0,119,0,119,176,0,176,295
12/28/2007,SSF,TX,ASW,CE,Federal Contract Tower,0,0,4,0,4,0,0,116,2,118,0,0,120,2,122,152,0,152,274
12/29/2007,SSF,TX,ASW,CE,Federal Contract Tower,0,0,8,0,8,0,0,136,0,136,0,0,144,0,144,176,0,176,320
12/30/2007,SSF,TX,ASW,CE,Federal Contract Tower,0,0,8,0,8,0,0,117,0,117,0,0,125,0,125,192,0,192,317
12/31/2007,SSF,TX,ASW,CE,Federal Contract Tower,0,0,4,1,5,0,0,103,0,103,0,0,107,1,108,146,0,146,254
01/01/2008,SSF,TX,ASW,CE,Federal Contract Tower,0,0,0,0,0,0,0,41,0,41,0,0,41,0,41,18,0,18,59
01/02/2008,SSF,TX,ASW,CE,Federal Contract Tower,0,0,5,0,5,0,0,157,15,172,0,0,162,15,177,348,8,356,533
01/03/2008,SSF,TX,ASW,CE,Federal Contract Tower,0,0,17,0,17,0,0,193,8,201,0,0,210,8,218,354,0,354,572
01/04/2008,SSF,TX,ASW,CE,Federal Contract Tower,0,0,16,22,38,0,0,164,14,178,0,0,180,36,216,357,10,367,583
01/05/2008,SSF,TX,ASW,CE,Federal Contract Tower,0,0,11,3,14,0,0,117,1,118,0,0,128,4,132,182,6,188,320
01/06/2008,SSF,TX,ASW,CE,Federal Contract Tower,0,0,9,6,15,0,0,51,0,51,0,0,60,6,66,158,0,158,224
01/07/2008,SSF,TX,ASW,CE,Federal Contract Tower,0,0,22,42,64,0,0,87,0,87,0,0,109,42,151,256,0,256,407
01/08/2008,SSF,TX,ASW,CE,Federal Contract Tower,0,2,9,34,45,0,0,97,2,99,0,2,106,36,144,196,4,200,344
01/09/2008,SSF,TX,ASW,CE,Federal Contract Tower,0,0,15,28,43,0,0,183,0,183,0,0,198,28,226,488,0,488,714
01/10/2008,SSF,TX,ASW,CE,Federal Contract Tower,0,0,5,22,27,0,0,242,0,242,0,0,247,22,269,430,0,430,699
01/11/2008,SSF,TX,ASW,CE,Federal Contract Tower,0,1,27,18,46,0,3,210,0,213,0,4,237,18,259,488,0,488,747
01/12/2008,SSF,TX,ASW,CE,Federal Contract Tower,0,0,24,0,24,0,0,135,0,135,0,0,159,0,159,366,0,366,525
01/13/2008,SSF,TX,ASW,CE,Federal Contract Tower,0,2,7,4,13,0,0,82,0,82,0,2,89,4,95,276,0,276,371
01/14/2008,SSF,TX,ASW,CE,Federal Contract Tower,0,0,7,12,19,0,0,175,6,181,0,0,182,18,200,344,6,350,550
01/15/2008,SSF,TX,ASW,CE,Federal Contract Tower,0,0,13,51,64,0,0,96,0,96,0,0,109,51,160,268,0,268,428
01/16/2008,SSF,TX,ASW,CE,Federal Contract Tower,0,0,14,24,38,0,0,52,3,55,0,0,66,27,93,80,14,94,187
01/17/2008,SSF,TX,ASW,CE,Federal Contract Tower,0,0,13,24,37,0,0,147,2,149,0,0,160,26,186,456,0,456,642
01/18/2008,SSF,TX,ASW,CE,Federal Contract Tower,0,0,9,8,17,0,0,6,0,6,0,0,15,8,23,0,0,0,23
01/19/2008,SSF,TX,ASW,CE,Federal Contract Tower,0,0,1,0,1,0,0,200,0,200,0,0,201,0,201,474,0,474,675
01/20/2008,SSF,TX,ASW,CE,Federal Contract Tower,0,0,4,0,4,0,0,130,0,130,0,0,134,0,134,292,0,292,426
01/21/2008,SSF,TX,ASW,CE,Federal Contract Tower,0,0,1,0,1,0,0,0,0,0,0,0,1,0,1,0,0,0,1
01/22/2008,SSF,TX,ASW,CE,Federal Contract Tower,0,0,28,14,42,0,0,49,0,49,0,0,77,14,91,126,0,126,217
01/23/2008,SSF,TX,ASW,CE,Federal Contract Tower,0,0,13,0,13,0,0,2,0,2,0,0,15,0,15,0,0,0,15
01/24/2008,SSF,TX,ASW,CE,Federal Contract Tower,0,0,34,18,52,0,0,72,0,72,0,0,106,18,124,292,0,292,416
01/25/2008,SSF,TX,ASW,CE,Federal Contract Tower,0,0,10,10,20,0,0,0,0,0,0,0,10,10,20,0,0,0,20
01/26/2008,SSF,TX,ASW,CE,Federal Contract Tower,0,0,3,0,3,0,0,187,0,187,0,0,190,0,190,458,0,458,648
01/27/2008,SSF,TX,ASW,CE,Federal Contract Tower,0,0,5,6,11,0,0,150,2,152,0,0,155,8,163,344,0,344,507
01/28/2008,SSF,TX,ASW,CE,Federal Contract Tower,0,0,16,4,20,0,0,61,0,61,0,0,77,4,81,104,0,104,185
01/29/2008,SSF,TX,ASW,CE,Federal Contract Tower,0,0,19,40,59,0,0,106,0,106,0,0,125,40,165,202,0,202,367
01/30/2008,SSF,TX,ASW,CE,Federal Contract Tower,0,0,16,28,44,0,0,214,0,214,0,0,230,28,258,618,0,618,876
01/31/2008,SSF,TX,ASW,CE,Federal Contract Tower,0,0,8,22,30,0,0,66,0,66,0,0,74,22,96,82,0,82,178
02/01/2008,SSF,TX,ASW,CE,Federal Contract Tower,0,0,17,30,47,0,0,223,0,223,0,0,240,30,270,504,0,504,774
02/02/2008,SSF,TX,ASW,CE,Federal Contract Tower,0,0,18,0,18,0,0,223,0,223,0,0,241,0,241,388,0,388,629
02/03/2008,SSF,TX,ASW,CE,Federal Contract Tower,0,0,22,2,24,0,0,103,0,103,0,0,125,2,127,370,0,370,497
02/04/2008,SSF,TX,ASW,CE,Federal Contract Tower,0,0,25,42,67,0,0,114,0,114,0,0,139,42,181,338,0,338,519
02/05/2008,SSF,TX,ASW,CE,Federal Contract Tower,0,2,13,28,43,0,0,101,2,103,0,2,114,30,146,212,0,212,358
02/06/2008,SSF,TX,ASW,CE,Federal Contract Tower,0,2,6,22,30,0,0,263,0,263,0,2,269,22,293,614,0,614,907
02/07/2008,SSF,TX,ASW,CE,Federal Contract Tower,0,0,28,20,48,0,0,215,4,219,0,0,243,24,267,534,0,534,801
02/08/2008,SSF,TX,ASW,CE,Federal Contract Tower,0,0,21,16,37,0,0,207,0,207,0,0,228,16,244,390,0,390,634
02/09/2008,SSF,TX,ASW,CE,Federal Contract Tower,0,0,29,0,29,0,0,165,0,165,0,0,194,0,194,238,0,238,432
02/10/2008,SSF,TX,ASW,CE,Federal Contract Tower,0,0,14,2,16,0,0,77,0,77,0,0,91,2,93,364,0,364,457
02/11/2008,SSF,TX,ASW,CE,Federal Contract Tower,0,1,33,36,70,0,0,52,0,52,0,1,85,36,122,120,0,120,242
02/12/2008,SSF,TX,ASW,CE,Federal Contract Tower,0,0,17,20,37,0,0,102,0,102,0,0,119,20,139,152,0,152,291
02/13/2008,SSF,TX,ASW,CE,Federal Contract Tower,0,0,12,22,34,0,0,264,0,264,0,0,276,22,298,676,0,676,974
02/14/2008,SSF,TX,ASW,CE,Federal Contract Tower,0,0,5,12,17,0,0,189,4,193,0,0,194,16,210,238,0,238,448
02/15/2008,SSF,TX,ASW,CE,Federal Contract Tower,0,0,23,28,51,0,0,38,0,38,0,0,61,28,89,108,0,108,197
02/16/2008,SSF,TX,ASW,CE,Federal Contract Tower,0,0,3,0,3,0,0,2,0,2,0,0,5,0,5,0,0,0,5
02/17/2008,SSF,TX,ASW,CE,Federal Contract Tower,0,0,1,0,1,0,0,157,0,157,0,0,158,0,158,394,0,394,552
02/18/2008,SSF,TX,ASW,CE,Federal Contract Tower,0,0,13,0,13,0,0,153,0,153,0,0,166,0,166,294,0,294,460
02/19/2008,SSF,TX,ASW,CE,Federal Contract Tower,0,0,11,26,37,0,0,206,0,206,0,0,217,26,243,482,0,482,725
02/20/2008,SSF,TX,ASW,CE,Federal Contract Tower,0,0,20,34,54,0,0,86,0,86,0,0,106,34,140,310,0,310,450
02/21/2008,SSF,TX,ASW,CE,Federal Contract Tower,0,0,29,18,47,0,0,120,1,121,0,0,149,19,168,286,0,286,454
02/22/2008,SSF,TX,ASW,CE,Federal Contract Tower,0,0,15,22,37,0,0,194,2,196,0,0,209,24,233,348,14,362,595
02/23/2008,SSF,TX,ASW,CE,Federal Contract Tower,0,0,14,11,25,0,0,126,0,126,0,0,140,11,151,376,14,390,541
02/24/2008,SSF,TX,ASW,CE,Federal Contract Tower,0,0,11,11,22,0,0,125,1,126,0,0,136,12,148,266,0,266,414
02/25/2008,SSF,TX,ASW,CE,Federal Contract Tower,0,0,8,8,16,0,0,100,0,100,0,0,108,8,116,146,0,146,262
02/26/2008,SSF,TX,ASW,CE,Federal Contract Tower,0,0,3,22,25,0,0,62,2,64,0,0,65,24,89,88,0,88,177
02/27/2008,SSF,TX,ASW,CE,Federal Contract Tower,0,0,19,20,39,0,0,221,5,226,0,0,240,25,265,638,0,638,903
02/28/2008,SSF,TX,ASW,CE,Federal Contract Tower,0,0,12,14,26,0,0,189,14,203,0,0,201,28,229,354,0,354,583
02/29/2008,SSF,TX,ASW,CE,Federal Contract Tower,0,0,21,14,35,0,0,133,0,133,0,0,154,14,168,440,0,440,608
03/01/2008,SSF,TX,ASW,CE,Federal Contract Tower,0,0,18,0,18,0,0,102,0,102,0,0,120,0,120,548,0,548,668
03/02/2008,SSF,TX,ASW,CE,Federal Contract Tower,0,0,17,0,17,0,0,17,0,17,0,0,34,0,34,17,0,17,51
03/03/2008,SSF,TX,ASW,CE,Federal Contract Tower,0,0,2,4,6,0,0,25,0,25,0,0,27,4,31,30,0,30,61
03/04/2008,SSF,TX,ASW,CE,Federal Contract Tower,0,0,32,6,38,0,0,236,2,238,0,0,268,8,276,512,0,512,788
03/05/2008,SSF,TX,ASW,CE,Federal Contract Tower,0,0,29,14,43,0,0,233,0,233,0,0,262,14,276,488,0,488,764
03/06/2008,SSF,TX,ASW,CE,Federal Contract Tower,0,0,9,0,9,0,0,9,0,9,0,0,18,0,18,0,0,0,18
03/07/2008,SSF,TX,ASW,CE,Federal Contract Tower,0,0,7,6,13,0,0,69,0,69,0,0,76,6,82,50,0,50,132
03/08/2008,SSF,TX,ASW,CE,Federal Contract Tower,0,0,8,4,12,0,0,242,0,242,0,0,250,4,254,442,0,442,696
03/09/2008,SSF,TX,ASW,CE,Federal Contract Tower,0,0,6,2,8,0,0,62,2,64,0,0,68,4,72,196,4,200,272
03/10/2008,SSF,TX,ASW,CE,Federal Contract Tower,0,0,22,0,22,0,0,22,0,22,0,0,44,0,44,62,0,62,106
03/11/2008,SSF,TX,ASW,CE,Federal Contract Tower,0,0,24,22,46,0,0,160,0,160,0,0,184,22,206,416,0,416,622
03/12/2008,SSF,TX,ASW,CE,Federal Contract Tower,0,0,8,34,42,0,0,246,2,248,0,0,254,36,290,776,0,776,1066
03/13/2008,SSF,TX,ASW,CE,Federal Contract Tower,0,0,36,37,73,0,0,89,11,100,0,0,125,48,173,294,0,294,467
03/14/2008,SSF,TX,ASW,CE,Federal Contract Tower,0,0,25,10,35,0,0,121,0,121,0,0,146,10,156,229,0,229,385
03/15/2008,SSF,TX,ASW,CE,Federal Contract Tower,0,0,9,4,13,0,0,160,33,193,0,0,169,37,206,440,0,440,646
03/16/2008,SSF,TX,ASW,CE,Federal Contract Tower,0,0,13,0,13,0,0,53,0,53,0,0,66,0,66,254,0,254,320
03/17/2008,SSF,TX,ASW,CE,Federal Contract Tower,0,0,19,32,51,0,0,66,0,66,0,0,85,32,117,180,0,180,297
03/18/2008,SSF,TX,ASW,CE,Federal Contract Tower,0,2,14,0,16,0,0,43,3,46,0,2,57,3,62,156,10,166,228
03/19/2008,SSF,TX,ASW,CE,Federal Contract Tower,0,0,16,22,38,0,0,186,0,186,0,0,202,22,224,414,0,414,638
03/20/2008,SSF,TX,ASW,CE,Federal Contract Tower,0,0,18,32,50,0,0,212,0,212,0,0,230,32,262,458,0,458,720
03/21/2008,SSF,TX,ASW,CE,Federal Contract Tower,0,0,12,24,36,0,0,176,0,176,0,0,188,24,212,356,0,356,568
03/22/2008,SSF,TX,ASW,CE,Federal Contract Tower,0,0,11,0,11,0,0,179,0,179,0,0,190,0,190,440,0,440,630
03/23/2008,SSF,TX,ASW,CE,Federal Contract Tower,0,0,3,0,3,0,0,35,0,35,0,0,38,0,38,58,0,58,96
03/24/2008,SSF,TX,ASW,CE,Federal Contract Tower,0,0,10,42,52,0,0,147,0,147,0,0,157,42,199,208,0,208,407
03/25/2008,SSF,TX,ASW,CE,Federal Contract Tower,0,0,13,42,55,0,0,120,2,122,0,0,133,44,177,212,0,212,389
03/26/2008,SSF,TX,ASW,CE,Federal Contract Tower,0,0,26,38,64,0,0,153,2,155,0,0,179,40,219,226,6,232,451
03/27/2008,SSF,TX,ASW,CE,Federal Contract Tower,0,0,23,34,57,0,0,111,2,113,0,0,134,36,170,244,0,244,414
03/28/2008,SSF,TX,ASW,CE,Federal Contract Tower,0,0,21,20,41,0,0,80,14,94,0,0,101,34,135,165,0,165,300
03/29/2008,SSF,TX,ASW,CE,Federal Contract Tower,0,0,17,0,17,0,0,34,0,34,0,0,51,0,51,52,0,52,103
03/30/2008,SSF,TX,ASW,CE,Federal Contract Tower,0,0,20,4,24,0,0,24,2,26,0,0,44,6,50,40,0,40,90
03/31/2008,SSF,TX,ASW,CE,Federal Contract Tower,0,0,24,9,33,0,0,51,0,51,0,0,75,9,84,152,0,152,236
04/01/2008,SSF,TX,ASW,CE,Federal Contract Tower,0,0,25,14,39,0,0,130,10,140,0,0,155,24,179,568,0,568,747
04/02/2008,SSF,TX,ASW,CE,Federal Contract Tower,0,0,45,30,75,0,0,114,0,114,0,0,159,30,189,498,0,498,687
04/03/2008,SSF,TX,ASW,CE,Federal Contract Tower,0,0,26,9,35,0,0,131,3,134,0,0,157,12,169,270,0,270,439
04/04/2008,SSF,TX,ASW,CE,Federal Contract Tower,0,0,38,0,38,0,0,102,0,102,0,0,140,0,140,154,0,154,294
04/05/2008,SSF,TX,ASW,CE,Federal Contract Tower,0,0,25,9,34,0,1,181,2,184,0,1,206,11,218,394,0,394,612
04/06/2008,SSF,TX,ASW,CE,Federal Contract Tower,0,0,20,1,21,0,0,73,0,73,0,0,93,1,94,78,0,78,172
04/07/2008,SSF,TX,ASW,CE,Federal Contract Tower,0,3,45,2,50,0,0,120,2,122,0,3,165,4,172,240,0,240,412
04/08/2008,SSF,TX,ASW,CE,Federal Contract Tower,0,4,46,6,56,0,0,144,4,148,0,4,190,10,204,350,0,350,554
04/09/2008,SSF,TX,ASW,CE,Federal Contract Tower,0,0,49,18,67,0,0,1,0,1,0,0,50,18,68,52,0,52,120
04/10/2008,SSF,TX,ASW,CE,Federal Contract Tower,0,0,11,16,27,0,0,238,0,238,0,0,249,16,265,592,0,592,857
04/11/2008,SSF,TX,ASW,CE,Federal Contract Tower,0,0,14,12,26,0,0,200,4,204,0,0,214,16,230,298,0,298,528
04/12/2008,SSF,TX,ASW,CE,Federal Contract Tower,0,0,10,0,10,0,0,150,2,152,0,0,160,2,162,308,4,312,474
04/13/2008,SSF,TX,ASW,CE,Federal Contract Tower,0,0,12,10,22,0,0,124,0,124,0,0,136,10,146,236,0,236,382
04/14/2008,SSF,TX,ASW,CE,Federal Contract Tower,0,2,4,34,40,0,0,181,0,181,0,2,185,34,221,290,140,430,651
04/15/2008,SSF,TX,ASW,CE,Federal Contract Tower,0,0,9,48,57,0,0,220,0,220,0,0,229,48,277,524,0,524,801
04/16/2008,SSF,TX,ASW,CE,Federal Contract Tower,0,1,32,27,60,0,0,144,2,146,0,1,176,29,206,320,8,328,534
04/17/2008,SSF,TX,ASW,CE,Federal Contract Tower,0,0,34,20,54,0,0,76,0,76,0,0,110,20,130,96,0,96,226
04/18/2008,SSF,TX,ASW,CE,Federal Contract Tower,0,0,5,34,39,0,0,248,0,248,0,0,253,34,287,544,0,544,831
04/19/2008,SSF,TX,ASW,CE,Federal Contract Tower,0,0,3,0,3,0,0,277,0,277,0,0,280,0,280,646,0,646,926
04/20/2008,SSF,TX,ASW,CE,Federal Contract Tower,0,0,20,4,24,0,0,57,0,57,0,0,77,4,81,64,0,64,145
04/21/2008,SSF,TX,ASW,CE,Federal Contract Tower,0,0,17,20,37,0,0,121,0,121,0,0,138,20,158,276,0,276,434
04/22/2008,SSF,TX,ASW,CE,Federal Contract Tower,0,0,8,16,24,0,0,204,0,204,0,0,212,16,228,576,0,576,804
04/23/2008,SSF,TX,ASW,CE,Federal Contract Tower,0,0,35,26,61,0,0,159,3,162,0,0,194,29,223,676,22,698,921
04/24/2008,SSF,TX,ASW,CE,Federal Contract Tower,0,0,15,24,39,0,0,222,0,222,0,0,237,24,261,750,0,750,1011
04/25/2008,SSF,TX,ASW,CE,Federal Contract Tower,0,0,38,20,58,0,0,110,4,114,0,0,148,24,172,344,0,344,516
04/26/2008,SSF,TX,ASW,CE,Federal Contract Tower,0,0,13,0,13,0,0,166,0,166,0,0,179,0,179,344,0,344,523
04/27/2008,SSF,TX,ASW,CE,Federal Contract Tower,0,0,3,0,3,0,0,44,0,44,0,0,47,0,47,0,0,0,47
04/28/2008,SSF,TX,ASW,CE,Federal Contract Tower,0,0,7,14,21,0,0,243,0,243,0,0,250,14,264,448,0,448,712
04/29/2008,SSF,TX,ASW,CE,Federal Contract Tower,0,0,7,23,30,0,0,206,2,208,0,0,213,25,238,504,4,508,746
04/30/2008,SSF,TX,ASW,CE,Federal Contract Tower,0,0,17,20,37,0,0,221,3,224,0,0,238,23,261,416,60,476,737
05/01/2008,SSF,TX,ASW,CE,Federal Contract Tower,0,0,32,30,62,0,0,179,0,179,0,0,211,30,241,586,0,586,827
05/02/2008,SSF,TX,ASW,CE,Federal Contract Tower,0,0,20,6,26,0,0,198,7,205,0,0,218,13,231,484,10,494,725
05/03/2008,SSF,TX,ASW,CE,Federal Contract Tower,0,0,17,2,19,0,0,73,0,73,0,0,90,2,92,128,0,128,220
05/04/2008,SSF,TX,ASW,CE,Federal Contract Tower,0,0,20,2,22,0,0,74,0,74,0,0,94,2,96,244,0,244,340
05/05/2008,SSF,TX,ASW,CE,Federal Contract Tower,0,0,14,4,18,0,0,92,0,92,0,0,106,4,110,338,0,338,448
05/06/2008,SSF,TX,ASW,CE,Federal Contract Tower,0,0,17,26,43,0,0,137,2,139,0,0,154,28,182,376,28,404,586
05/07/2008,SSF,TX,ASW,CE,Federal Contract Tower,0,0,29,48,77,0,0,201,1,202,0,0,230,49,279,360,4,364,643
05/08/2008,SSF,TX,ASW,CE,Federal Contract Tower,0,2,12,22,36,0,0,282,3,285,0,2,294,25,321,728,0,728,1049
05/09/2008,SSF,TX,ASW,CE,Federal Contract Tower,0,0,29,6,35,0,0,158,2,160,0,0,187,8,195,386,0,386,581
05/10/2008,SSF,TX,ASW,CE,Federal Contract Tower,0,0,18,2,20,0,0,102,0,102,0,0,120,2,122,262,0,262,384
05/11/2008,SSF,TX,ASW,CE,Federal Contract Tower,0,0,16,0,16,0,0,48,0,48,0,0,64,0,64,136,0,136,200
05/12/2008,SSF,TX,ASW,CE,Federal Contract Tower,0,0,13,12,25,0,0,196,0,196,0,0,209,12,221,412,0,412,633
05/13/2008,SSF,TX,ASW,CE,Federal Contract Tower,0,0,19,10,29,0,0,113,0,113,0,0,132,10,142,310,0,310,452
05/14/2008,SSF,TX,ASW,CE,Federal Contract Tower,0,2,14,10,26,0,0,136,0,136,0,2,150,10,162,418,0,418,580
05/15/2008,SSF,TX,ASW,CE,Federal Contract Tower,0,0,7,20,27,0,0,183,0,183,0,0,190,20,210,480,0,480,690
05/16/2008,SSF,TX,ASW,CE,Federal Contract Tower,0,0,11,6,17,0,0,169,0,169,0,0,180,6,186,248,0,248,434
05/17/2008,SSF,TX,ASW,CE,Federal Contract Tower,0,0,4,0,4,0,0,163,0,163,0,0,167,0,167,264,0,264,431
05/18/2008,SSF,TX,ASW,CE,Federal Contract Tower,0,0,12,0,12,0,0,109,0,109,0,0,121,0,121,196,0,196,317
05/19/2008,SSF,TX,ASW,CE,Federal Contract Tower,0,0,6,20,26,0,0,189,2,191,0,0,195,22,217,380,0,380,597
05/20/2008,SSF,TX,ASW,CE,Federal Contract Tower,0,0,11,12,23,0,0,212,0,212,0,0,223,12,235,436,0,436,671
05/21/2008,SSF,TX,ASW,CE,Federal Contract Tower,0,0,11,23,34,0,0,159,0,159,0,0,170,23,193,358,2,360,553
05/22/2008,SSF,TX,ASW,CE,Federal Contract Tower,0,0,18,2,20,0,0,134,6,140,0,0,152,8,160,314,0,314,474
05/23/2008,SSF,TX,ASW,CE,Federal Contract Tower,0,0,7,14,21,0,0,169,0,169,0,0,176,14,190,338,0,338,528
05/24/2008,SSF,TX,ASW,CE,Federal Contract Tower,0,0,6,0,6,0,0,173,0,173,0,0,179,0,179,554,0,554,733
05/25/2008,SSF,TX,ASW,CE,Federal Contract Tower,0,0,5,0,5,0,0,66,0,66,0,0,71,0,71,84,0,84,155
05/26/2008,SSF,TX,ASW,CE,Federal Contract Tower,0,0,9,0,9,0,0,86,0,86,0,0,95,0,95,274,0,274,369
05/27/2008,SSF,TX,ASW,CE,Federal Contract Tower,0,0,24,16,40,0,0,131,0,131,0,0,155,16,171,264,0,264,435
05/28/2008,SSF,TX,ASW,CE,Federal Contract Tower,0,0,9,22,31,0,0,197,4,201,0,0,206,26,232,358,0,358,590
05/29/2008,SSF,TX,ASW,CE,Federal Contract Tower,0,0,18,22,40,0,0,221,4,225,0,0,239,26,265,588,0,588,853
05/30/2008,SSF,TX,ASW,CE,Federal Contract Tower,0,0,18,20,38,0,0,204,0,204,0,0,222,20,242,438,0,438,680
05/31/2008,SSF,TX,ASW,CE,Federal Contract Tower,0,0,8,0,8,0,0,151,2,153,0,0,159,2,161,350,0,350,511
06/01/2008,SSF,TX,ASW,CE,Federal Contract Tower,0,0,6,0,6,0,0,82,3,85,0,0,88,3,91,244,0,244,335
06/02/2008,SSF,TX,ASW,CE,Federal Contract Tower,0,0,16,22,38,0,0,196,0,196,0,0,212,22,234,400,0,400,634
06/03/2008,SSF,TX,ASW,CE,Federal Contract Tower,0,0,25,17,42,0,0,153,2,155,0,0,178,19,197,320,14,334,531
06/04/2008,SSF,TX,ASW,CE,Federal Contract Tower,0,0,10,22,32,0,0,119,0,119,0,0,129,22,151,142,0,142,293
06/05/2008,SSF,TX,ASW,CE,Federal Contract Tower,0,0,25,12,37,0,0,37,2,39,0,0,62,14,76,22,6,28,104
06/06/2008,SSF,TX,ASW,CE,Federal Contract Tower,0,0,29,20,49,0,0,127,0,127,0,0,156,20,176,356,0,356,532
06/07/2008,SSF,TX,ASW,CE,Federal Contract Tower,0,0,8,0,8,0,0,144,0,144,0,0,152,0,152,236,0,236,388
06/08/2008,SSF,TX,ASW,CE,Federal Contract Tower,0,0,19,0,19,0,0,83,0,83,0,0,102,0,102,150,0,150,252
06/09/2008,SSF,TX,ASW,CE,Federal Contract Tower,0,0,17,8,25,0,0,141,0,141,0,0,158,8,166,366,0,366,532
06/10/2008,SSF,TX,ASW,CE,Federal Contract Tower,0,0,15,24,39,0,0,216,0,216,0,0,231,24,255,520,2,522,777
06/11/2008,SSF,TX,ASW,CE,Federal Contract Tower,0,0,10,18,28,0,0,215,0,215,0,0,225,18,243,596,0,596,839
06/12/2008,SSF,TX,ASW,CE,Federal Contract Tower,0,0,13,18,31,0,0,199,0,199,0,0,212,18,230,548,0,548,778
06/13/2008,SSF,TX,ASW,CE,Federal Contract Tower,0,0,17,20,37,0,0,165,20,185,0,0,182,40,222,508,0,508,730
06/14/2008,SSF,TX,ASW,CE,Federal Contract Tower,0,0,6,2,8,0,0,133,0,133,0,0,139,2,141,310,0,310,451
06/15/2008,SSF,TX,ASW,CE,Federal Contract Tower,0,0,9,0,9,0,0,92,0,92,0,0,101,0,101,88,0,88,189
06/16/2008,SSF,TX,ASW,CE,Federal Contract Tower,0,0,10,14,24,0,0,173,0,173,0,0,183,14,197,318,0,318,515
06/17/2008,SSF,TX,ASW,CE,Federal Contract Tower,0,0,18,9,27,0,0,173,0,173,0,0,191,9,200,374,2,376,576
06/18/2008,SSF,TX,ASW,CE,Federal Contract Tower,0,0,5,14,19,0,0,252,0,252,0,0,257,14,271,548,0,548,819
06/19/2008,SSF,TX,ASW,CE,Federal Contract Tower,0,0,7,10,17,0,0,180,0,180,0,0,187,10,197,416,0,416,613
06/20/2008,SSF,TX,ASW,CE,Federal Contract Tower,0,0,7,6,13,0,0,165,6,171,0,0,172,12,184,350,4,354,538
06/21/2008,SSF,TX,ASW,CE,Federal Contract Tower,0,0,8,0,8,0,0,144,0,144,0,0,152,0,152,364,0,364,516
06/22/2008,SSF,TX,ASW,CE,Federal Contract Tower,0,0,0,0,0,0,0,100,0,100,0,0,100,0,100,152,0,152,252
06/23/2008,SSF,TX,ASW,CE,Federal Contract Tower,0,0,3,14,17,0,0,195,0,195,0,0,198,14,212,340,0,340,552
06/24/2008,SSF,TX,ASW,CE,Federal Contract Tower,0,0,19,16,35,0,0,131,0,131,0,0,150,16,166,338,0,338,504
06/25/2008,SSF,TX,ASW,CE,Federal Contract Tower,0,2,20,20,42,0,0,109,10,119,0,2,129,30,161,390,0,390,551
06/26/2008,SSF,TX,ASW,CE,Federal Contract Tower,0,0,21,20,41,0,0,156,0,156,0,0,177,20,197,456,0,456,653
06/27/2008,SSF,TX,ASW,CE,Federal Contract Tower,0,0,14,16,30,0,0,190,0,190,0,0,204,16,220,372,2,374,594
06/28/2008,SSF,TX,ASW,CE,Federal Contract Tower,0,0,9,0,9,0,0,151,5,156,0,0,160,5,165,256,2,258,423
06/29/2008,SSF,TX,ASW,CE,Federal Contract Tower,0,0,6,2,8,0,0,94,0,94,0,0,100,2,102,238,0,238,340
06/30/2008,SSF,TX,ASW,CE,Federal Contract Tower,0,0,11,26,37,0,0,153,0,153,0,0,164,26,190,384,0,384,574
07/01/2008,SSF,TX,ASW,CE,Federal Contract Tower,0,0,7,16,23,0,0,136,18,154,0,0,143,34,177,250,0,250,427
07/02/2008,SSF,TX,ASW,CE,Federal Contract Tower,0,0,13,0,13,0,0,142,0,142,0,0,155,0,155,446,0,446,601
07/03/2008,SSF,TX,ASW,CE,Federal Contract Tower,0,0,32,26,58,0,0,140,0,140,0,0,172,26,198,456,0,456,654
07/04/2008,SSF,TX,ASW,CE,Federal Contract Tower,0,0,23,0,23,0,0,49,0,49,0,0,72,0,72,60,0,60,132
07/05/2008,SSF,TX,ASW,CE,Federal Contract Tower,0,0,1,0,1,0,0,133,0,133,0,0,134,0,134,206,0,206,340
07/06/2008,SSF,TX,ASW,CE,Federal Contract Tower,0,0,9,0,9,0,0,125,0,125,0,0,134,0,134,304,0,304,438
07/07/2008,SSF,TX,ASW,CE,Federal Contract Tower,0,0,23,0,23,0,0,81,0,81,0,0,104,0,104,250,0,250,354
07/08/2008,SSF,TX,ASW,CE,Federal Contract Tower,0,0,20,12,32,0,0,103,12,115,0,0,123,24,147,218,0,218,365
07/09/2008,SSF,TX,ASW,CE,Federal Contract Tower,0,0,37,12,49,0,0,162,0,162,0,0,199,12,211,594,0,594,805
07/10/2008,SSF,TX,ASW,CE,Federal Contract Tower,0,0,12,26,38,0,0,185,2,187,0,0,197,28,225,506,0,506,731
07/11/2008,SSF,TX,ASW,CE,Federal Contract Tower,0,0,22,34,56,0,0,122,0,122,0,0,144,34,178,236,6,242,420
07/12/2008,SSF,TX,ASW,CE,Federal Contract Tower,0,0,3,2,5,0,0,166,3,169,0,0,169,5,174,310,0,310,484
07/13/2008,SSF,TX,ASW,CE,Federal Contract Tower,0,0,6,4,10,0,0,102,0,102,0,0,108,4,112,224,0,224,336
07/14/2008,SSF,TX,ASW,CE,Federal Contract Tower,0,0,4,22,26,0,0,151,0,151,0,0,155,22,177,290,0,290,467
07/15/2008,SSF,TX,ASW,CE,Federal Contract Tower,0,0,11,32,43,0,0,194,0,194,0,0,205,32,237,456,0,456,693
07/16/2008,SSF,TX,ASW,CE,Federal Contract Tower,0,0,16,32,48,0,0,205,0,205,0,0,221,32,253,474,0,474,727
07/17/2008,SSF,TX,ASW,CE,Federal Contract Tower,0,0,14,26,40,0,0,203,0,203,0,0,217,26,243,528,0,528,771
07/18/2008,SSF,TX,ASW,CE,Federal Contract Tower,0,0,14,4,18,0,0,200,0,200,0,0,214,4,218,0,276,276,494
07/19/2008,SSF,TX,ASW,CE,Federal Contract Tower,0,0,9,0,9,0,0,178,0,178,0,0,187,0,187,156,0,156,343
07/20/2008,SSF,TX,ASW,CE,Federal Contract Tower,0,0,16,2,18,0,0,103,2,105,0,0,119,4,123,62,0,62,185
07/21/2008,SSF,TX,ASW,CE,Federal Contract Tower,0,0,13,8,21,0,0,196,2,198,0,0,209,10,219,468,0,468,687
07/22/2008,SSF,TX,ASW,CE,Federal Contract Tower,0,0,2,20,22,0,0,160,0,160,0,0,162,20,182,380,0,380,562
07/23/2008,SSF,TX,ASW,CE,Federal Contract Tower,0,0,8,13,21,0,0,73,0,73,0,0,81,13,94,314,0,314,408
07/24/2008,SSF,TX,ASW,CE,Federal Contract Tower,0,0,4,0,4,0,0,31,0,31,0,0,35,0,35,248,0,248,283
07/25/2008,SSF,TX,ASW,CE,Federal Contract Tower,0,0,13,9,22,0,0,164,0,164,0,0,177,9,186,210,0,210,396
07/26/2008,SSF,TX,ASW,CE,Federal Contract Tower,0,1,14,4,19,0,1,153,6,160,0,2,167,10,179,273,0,273,452
07/27/2008,SSF,TX,ASW,CE,Federal Contract Tower,0,0,6,6,12,0,0,116,6,122,0,0,122,12,134,206,0,206,340
07/28/2008,SSF,TX,ASW,CE,Federal Contract Tower,0,0,10,8,18,0,0,148,0,148,0,0,158,8,166,222,0,222,388
07/29/2008,SSF,TX,ASW,CE,Federal Contract Tower,0,0,18,8,26,0,0,160,8,168,0,0,178,16,194,276,0,276,470
07/30/2008,SSF,TX,ASW,CE,Federal Contract Tower,0,0,28,14,42,0,0,174,0,174,0,0,202,14,216,314,0,314,530
07/31/2008,SSF,TX,ASW,CE,Federal Contract Tower,0,0,17,14,31,0,0,162,0,162,0,0,179,14,193,368,0,368,561
08/01/2008,SSF,TX,ASW,CE,Federal Contract Tower,0,0,14,22,36,0,0,164,0,164,0,0,178,22,200,229,0,229,429
08/02/2008,SSF,TX,ASW,CE,Federal Contract Tower,0,0,7,0,7,0,0,178,0,178,0,0,185,0,185,334,0,334,519
08/03/2008,SSF,TX,ASW,CE,Federal Contract Tower,0,0,7,2,9,0,0,67,0,67,0,0,74,2,76,106,0,106,182
08/04/2008,SSF,TX,ASW,CE,Federal Contract Tower,0,0,5,8,13,0,0,133,0,133,0,0,138,8,146,331,10,341,487
08/05/2008,SSF,TX,ASW,CE,Federal Contract Tower,0,0,7,12,19,0,0,105,0,105,0,0,112,12,124,220,10,230,354
08/06/2008,SSF,TX,ASW,CE,Federal Contract Tower,0,0,19,7,26,0,0,125,0,125,0,0,144,7,151,256,31,287,438
08/07/2008,SSF,TX,ASW,CE,Federal Contract Tower,0,0,13,8,21,0,0,115,0,115,0,0,128,8,136,368,0,368,504
08/08/2008,SSF,TX,ASW,CE,Federal Contract Tower,0,0,17,11,28,0,0,153,3,156,0,0,170,14,184,388,22,410,594
08/09/2008,SSF,TX,ASW,CE,Federal Contract Tower,0,0,18,0,18,0,0,131,0,131,0,0,149,0,149,197,0,197,346
08/10/2008,SSF,TX,ASW,CE,Federal Contract Tower,0,0,16,1,17,0,0,57,0,57,0,0,73,1,74,119,0,119,193
08/11/2008,SSF,TX,ASW,CE,Federal Contract Tower,0,0,25,10,35,0,0,135,3,138,0,0,160,13,173,308,18,326,499
08/12/2008,SSF,TX,ASW,CE,Federal Contract Tower,0,0,12,0,12,0,0,46,2,48,0,0,58,2,60,236,0,236,296
08/13/2008,SSF,TX,ASW,CE,Federal Contract Tower,0,0,18,9,27,0,4,169,0,173,0,4,187,9,200,650,18,668,868
08/14/2008,SSF,TX,ASW,CE,Federal Contract Tower,0,0,16,17,33,0,2,120,1,123,0,2,136,18,156,451,34,485,641
08/15/2008,SSF,TX,ASW,CE,Federal Contract Tower,0,0,9,19,28,0,2,109,1,112,0,2,118,20,140,353,38,391,531
08/16/2008,SSF,TX,ASW,CE,Federal Contract Tower,0,0,12,0,12,0,0,66,0,66,0,0,78,0,78,187,0,187,265
08/17/2008,SSF,TX,ASW,CE,Federal Contract Tower,0,0,5,3,8,0,0,28,0,28,0,0,33,3,36,70,0,70,106
08/18/2008,SSF,TX,ASW,CE,Federal Contract Tower,0,0,8,1,9,0,0,13,0,13,0,0,21,1,22,12,0,12,34
08/19/2008,SSF,TX,ASW,CE,Federal Contract Tower,0,0,11,9,20,0,0,56,0,56,0,0,67,9,76,158,16,174,250
08/20/2008,SSF,TX,ASW,CE,Federal Contract Tower,0,0,6,10,16,0,0,143,1,144,0,0,149,11,160,544,20,564,724
08/21/2008,SSF,TX,ASW,CE,Federal Contract Tower,0,0,20,12,32,0,0,98,0,98,0,0,118,12,130,396,14,410,540
08/22/2008,SSF,TX,ASW,CE,Federal Contract Tower,0,0,20,4,24,0,0,71,1,72,0,0,91,5,96,296,6,302,398
08/23/2008,SSF,TX,ASW,CE,Federal Contract Tower,0,0,34,0,34,0,0,89,0,89,0,0,123,0,123,114,0,114,237
08/24/2008,SSF,TX,ASW,CE,Federal Contract Tower,0,0,5,1,6,0,0,83,1,84,0,0,88,2,90,166,2,168,258
08/25/2008,SSF,TX,ASW,CE,Federal Contract Tower,0,0,9,8,17,0,0,184,1,185,0,0,193,9,202,386,16,402,604
08/26/2008,SSF,TX,ASW,CE,Federal Contract Tower,0,0,8,18,26,0,0,211,0,211,0,0,219,18,237,455,10,465,702
08/27/2008,SSF,TX,ASW,CE,Federal Contract Tower,0,0,16,8,24,0,0,146,1,147,0,0,162,9,171,402,10,412,583
08/28/2008,SSF,TX,ASW,CE,Federal Contract Tower,0,0,20,6,26,0,0,125,0,125,0,0,145,6,151,422,8,430,581
08/29/2008,SSF,TX,ASW,CE,Federal Contract Tower,0,0,19,6,25,0,0,129,0,129,0,0,148,6,154,355,10,365,519
08/30/2008,SSF,TX,ASW,CE,Federal Contract Tower,0,2,7,0,9,0,1,147,0,148,0,3,154,0,157,316,0,316,473
08/31/2008,SSF,TX,ASW,CE,Federal Contract Tower,0,0,2,0,2,0,0,144,0,144,0,0,146,0,146,269,0,269,415
09/01/2008,SSF,TX,ASW,CE,Federal Contract Tower,0,0,9,0,9,0,0,79,0,79,0,0,88,0,88,222,0,222,310
09/02/2008,SSF,TX,ASW,CE,Federal Contract Tower,0,0,9,6,15,0,0,178,4,182,0,0,187,10,197,456,0,456,653
09/03/2008,SSF,TX,ASW,CE,Federal Contract Tower,0,0,10,10,20,0,0,189,2,191,0,0,199,12,211,477,20,497,708
09/04/2008,SSF,TX,ASW,CE,Federal Contract Tower,0,0,6,5,11,0,0,147,0,147,0,0,153,5,158,276,12,288,446
09/05/2008,SSF,TX,ASW,CE,Federal Contract Tower,0,0,15,7,22,0,0,129,0,129,0,0,144,7,151,256,14,270,421
09/06/2008,SSF,TX,ASW,CE,Federal Contract Tower,0,0,14,2,16,0,0,150,0,150,0,0,164,2,166,427,4,431,597
09/07/2008,SSF,TX,ASW,CE,Federal Contract Tower,0,0,10,6,16,0,0,103,10,113,0,0,113,16,129,198,10,208,337
09/08/2008,SSF,TX,ASW,CE,Federal Contract Tower,0,0,11,20,31,0,0,128,13,141,0,0,139,33,172,324,17,341,513
09/09/2008,SSF,TX,ASW,CE,Federal Contract Tower,0,0,12,16,28,0,0,106,2,108,0,0,118,18,136,177,14,191,327
09/10/2008,SSF,TX,ASW,CE,Federal Contract Tower,0,0,16,11,27,0,0,191,0,191,0,0,207,11,218,574,24,598,816
09/11/2008,SSF,TX,ASW,CE,Federal Contract Tower,0,0,22,0,22,0,0,159,0,159,0,0,181,0,181,288,0,288,469
09/12/2008,SSF,TX,ASW,CE,Federal Contract Tower,0,0,10,0,10,0,0,138,0,138,0,0,148,0,148,250,0,250,398
09/13/2008,SSF,TX,ASW,CE,Federal Contract Tower,0,0,1,2,3,0,0,73,0,73,0,0,74,2,76,24,0,24,100
09/14/2008,SSF,TX,ASW,CE,Federal Contract Tower,0,0,3,1,4,0,0,69,1,70,0,0,72,2,74,86,2,88,162
09/15/2008,SSF,TX,ASW,CE,Federal Contract Tower,0,0,24,11,35,0,0,136,0,136,0,0,160,11,171,64,16,80,251
09/16/2008,SSF,TX,ASW,CE,Federal Contract Tower,0,0,12,22,34,0,0,200,2,202,0,0,212,24,236,411,30,441,677
09/17/2008,SSF,TX,ASW,CE,Federal Contract Tower,0,0,12,20,32,0,0,153,7,160,0,0,165,27,192,346,30,376,568
09/18/2008,SSF,TX,ASW,CE,Federal Contract Tower,0,0,16,21,37,0,0,156,0,156,0,0,172,21,193,470,30,500,693
09/19/2008,SSF,TX,ASW,CE,Federal Contract Tower,0,0,10,12,22,0,0,148,0,148,0,0,158,12,170,454,24,478,648
09/20/2008,SSF,TX,ASW,CE,Federal Contract Tower,0,0,11,0,11,0,0,117,0,117,0,0,128,0,128,390,0,390,518
09/21/2008,SSF,TX,ASW,CE,Federal Contract Tower,0,0,7,3,10,0,0,94,2,96,0,0,101,5,106,252,4,256,362
09/22/2008,SSF,TX,ASW,CE,Federal Contract Tower,0,0,14,21,35,0,0,123,5,128,0,0,137,26,163,266,34,300,463
09/23/2008,SSF,TX,ASW,CE,Federal Contract Tower,0,0,26,15,41,0,0,111,7,118,0,0,137,22,159,443,34,477,636
09/24/2008,SSF,TX,ASW,CE,Federal Contract Tower,0,0,11,22,33,0,0,185,1,186,0,0,196,23,219,750,42,792,1011
09/25/2008,SSF,TX,ASW,CE,Federal Contract Tower,0,0,10,14,24,0,0,125,2,127,0,0,135,16,151,360,22,382,533
09/26/2008,SSF,TX,ASW,CE,Federal Contract Tower,0,0,8,0,8,0,0,158,0,158,0,0,166,0,166,370,0,370,536
09/27/2008,SSF,TX,ASW,CE,Federal Contract Tower,0,0,6,0,6,0,0,116,0,116,0,0,122,0,122,275,0,275,397
09/28/2008,SSF,TX,ASW,CE,Federal Contract Tower,0,2,4,1,7,0,0,68,0,68,0,2,72,1,75,171,4,175,250
09/29/2008,SSF,TX,ASW,CE,Federal Contract Tower,0,0,3,10,13,0,0,121,2,123,0,0,124,12,136,178,20,198,334
09/30/2008,SSF,TX,ASW,CE,Federal Contract Tower,0,0,7,10,17,0,0,102,3,105,0,0,109,13,122,251,19,270,392
10/01/2008,SSF,TX,ASW,CE,Federal Contract Tower,0,0,9,15,24,0,0,124,0,124,0,0,133,15,148,350,30,380,528
10/02/2008,SSF,TX,ASW,CE,Federal Contract Tower,0,2,7,6,15,0,0,92,2,94,0,2,99,8,109,336,14,350,459
10/03/2008,SSF,TX,ASW,CE,Federal Contract Tower,0,0,4,9,13,0,0,98,0,98,0,0,102,9,111,296,18,314,425
10/04/2008,SSF,TX,ASW,CE,Federal Contract Tower,0,0,4,1,5,0,0,106,0,106,0,0,110,1,111,166,2,168,279
10/05/2008,SSF,TX,ASW,CE,Federal Contract Tower,0,0,1,0,1,0,0,75,0,75,0,0,76,0,76,128,0,128,204
10/06/2008,SSF,TX,ASW,CE,Federal Contract Tower,0,0,6,5,11,0,0,98,0,98,0,0,104,5,109,133,10,143,252
10/07/2008,SSF,TX,ASW,CE,Federal Contract Tower,0,0,4,16,20,0,0,76,4,80,0,0,80,20,100,130,30,160,260
10/08/2008,SSF,TX,ASW,CE,Federal Contract Tower,0,0,9,9,18,0,0,126,0,126,0,0,135,9,144,452,18,470,614
10/09/2008,SSF,TX,ASW,CE,Federal Contract Tower,0,0,10,18,28,0,0,79,0,79,0,0,89,18,107,188,34,222,329
10/10/2008,SSF,TX,ASW,CE,Federal Contract Tower,0,0,15,11,26,0,0,104,0,104,0,0,119,11,130,216,20,236,366
10/11/2008,SSF,TX,ASW,CE,Federal Contract Tower,0,0,3,0,3,0,0,86,0,86,0,0,89,0,89,168,0,168,257
10/12/2008,SSF,TX,ASW,CE,Federal Contract Tower,0,0,14,0,14,0,0,58,0,58,0,0,72,0,72,98,0,98,170
10/13/2008,SSF,TX,ASW,CE,Federal Contract Tower,0,0,12,0,12,0,0,58,0,58,0,0,70,0,70,90,0,90,160
10/14/2008,SSF,TX,ASW,CE,Federal Contract Tower,0,0,15,14,29,0,0,64,0,64,0,0,79,14,93,177,25,202,295
10/15/2008,SSF,TX,ASW,CE,Federal Contract Tower,0,0,21,7,28,0,0,32,0,32,0,0,53,7,60,190,14,204,264
10/16/2008,SSF,TX,ASW,CE,Federal Contract Tower,0,0,17,22,39,0,0,99,0,99,0,0,116,22,138,490,44,534,672
10/17/2008,SSF,TX,ASW,CE,Federal Contract Tower,0,0,11,14,25,0,0,115,0,115,0,0,126,14,140,238,16,254,394
10/18/2008,SSF,TX,ASW,CE,Federal Contract Tower,0,0,10,0,10,0,0,87,0,87,0,0,97,0,97,150,0,150,247
10/19/2008,SSF,TX,ASW,CE,Federal Contract Tower,0,0,7,1,8,0,0,112,0,112,0,0,119,1,120,227,2,229,349
10/20/2008,SSF,TX,ASW,CE,Federal Contract Tower,0,0,9,12,21,0,0,111,0,111,0,0,120,12,132,338,20,358,490
10/21/2008,SSF,TX,ASW,CE,Federal Contract Tower,0,0,15,9,24,0,0,125,4,129,0,0,140,13,153,304,17,321,474
10/22/2008,SSF,TX,ASW,CE,Federal Contract Tower,0,0,7,9,16,0,0,98,0,98,0,0,105,9,114,276,16,292,406
10/23/2008,SSF,TX,ASW,CE,Federal Contract Tower,0,0,6,19,25,0,0,118,0,118,0,0,124,19,143,374,34,408,551
10/24/2008,SSF,TX,ASW,CE,Federal Contract Tower,0,0,10,18,28,0,0,119,1,120,0,0,129,19,148,356,26,382,530
10/25/2008,SSF,TX,ASW,CE,Federal Contract Tower,0,0,13,0,13,0,0,107,0,107,0,0,120,0,120,282,0,282,402
10/26/2008,SSF,TX,ASW,CE,Federal Contract Tower,0,0,12,6,18,0,0,62,6,68,0,0,74,12,86,100,12,112,198
10/27/2008,SSF,TX,ASW,CE,Federal Contract Tower,0,0,6,11,17,0,0,72,2,74,0,0,78,13,91,172,22,194,285
10/28/2008,SSF,TX,ASW,CE,Federal Contract Tower,0,0,3,19,22,0,0,142,6,148,0,0,145,25,170,348,26,374,544
10/29/2008,SSF,TX,ASW,CE,Federal Contract Tower,0,0,8,3,11,0,0,139,3,142,0,0,147,6,153,574,14,588,741
10/30/2008,SSF,TX,ASW,CE,Federal Contract Tower,0,0,11,7,18,0,0,121,0,121,0,0,132,7,139,304,86,390,529
10/31/2008,SSF,TX,ASW,CE,Federal Contract Tower,0,0,8,5,13,0,0,134,0,134,0,0,142,5,147,276,8,284,431
11/01/2008,SSF,TX,ASW,CE,Federal Contract Tower,0,0,8,0,8,0,0,52,0,52,0,0,60,0,60,172,0,172,232
11/02/2008,SSF,TX,ASW,CE,Federal Contract Tower,0,0,4,1,5,0,0,63,0,63,0,0,67,1,68,68,0,68,136
11/03/2008,SSF,TX,ASW,CE,Federal Contract Tower,0,0,9,9,18,0,0,134,0,134,0,0,143,9,152,372,12,384,536
11/04/2008,SSF,TX,ASW,CE,Federal Contract Tower,0,0,10,14,24,0,0,111,2,113,0,0,121,16,137,268,26,294,431
11/05/2008,SSF,TX,ASW,CE,Federal Contract Tower,0,0,9,6,15,0,0,85,0,85,0,0,94,6,100,350,12,362,462
11/06/2008,SSF,TX,ASW,CE,Federal Contract Tower,0,0,19,6,25,0,0,105,0,105,0,0,124,6,130,454,14,468,598
11/07/2008,SSF,TX,ASW,CE,Federal Contract Tower,0,0,18,16,34,0,0,128,0,128,0,0,146,16,162,250,18,268,430
11/08/2008,SSF,TX,ASW,CE,Federal Contract Tower,0,2,5,1,8,0,0,152,0,152,0,2,157,1,160,400,0,400,560
11/09/2008,SSF,TX,ASW,CE,Federal Contract Tower,0,2,2,0,4,0,0,89,0,89,0,2,91,0,93,162,0,162,255
11/10/2008,SSF,TX,ASW,CE,Federal Contract Tower,0,0,13,21,34,0,0,53,0,53,0,0,66,21,87,136,42,178,265
11/11/2008,SSF,TX,ASW,CE,Federal Contract Tower,0,0,24,0,24,0,0,102,0,102,0,0,126,0,126,312,0,312,438
11/12/2008,SSF,TX,ASW,CE,Federal Contract Tower,0,0,23,13,36,0,0,141,6,147,0,0,164,19,183,444,23,467,650
11/13/2008,SSF,TX,ASW,CE,Federal Contract Tower,0,0,13,13,26,0,0,142,4,146,0,0,155,17,172,484,26,510,682
11/14/2008,SSF,TX,ASW,CE,Federal Contract Tower,0,0,9,9,18,0,0,108,0,108,0,0,117,9,126,216,10,226,352
11/15/2008,SSF,TX,ASW,CE,Federal Contract Tower,0,2,5,0,7,0,0,60,0,60,0,2,65,0,67,107,0,107,174
11/16/2008,SSF,TX,ASW,CE,Federal Contract Tower,0,0,2,0,2,0,0,119,0,119,0,0,121,0,121,264,0,264,385
11/17/2008,SSF,TX,ASW,CE,Federal Contract Tower,0,0,4,17,21,0,0,175,5,180,0,0,179,22,201,324,32,356,557
11/18/2008,SSF,TX,ASW,CE,Federal Contract Tower,0,0,10,11,21,0,0,202,8,210,0,0,212,19,231,528,23,551,782
11/19/2008,SSF,TX,ASW,CE,Federal Contract Tower,0,0,4,12,16,0,0,159,0,159,0,0,163,12,175,310,18,328,503
11/20/2008,SSF,TX,ASW,CE,Federal Contract Tower,0,0,11,11,22,0,0,110,0,110,0,0,121,11,132,306,22,328,460
11/21/2008,SSF,TX,ASW,CE,Federal Contract Tower,0,0,14,20,34,0,0,102,0,102,0,0,116,20,136,294,24,318,454
11/22/2008,SSF,TX,ASW,CE,Federal Contract Tower,0,0,18,0,18,0,0,61,0,61,0,0,79,0,79,170,0,170,249
11/23/2008,SSF,TX,ASW,CE,Federal Contract Tower,0,0,5,1,6,0,0,48,1,49,0,0,53,2,55,158,0,158,213
11/24/2008,SSF,TX,ASW,CE,Federal Contract Tower,0,2,14,11,27,0,4,105,0,109,0,6,119,11,136,230,20,250,386
11/25/2008,SSF,TX,ASW,CE,Federal Contract Tower,0,0,10,2,12,0,0,141,0,141,0,0,151,2,153,360,2,362,515
11/26/2008,SSF,TX,ASW,CE,Federal Contract Tower,0,0,17,10,27,0,0,96,0,96,0,0,113,10,123,428,20,448,571
11/27/2008,SSF,TX,ASW,CE,Federal Contract Tower,0,0,1,0,1,0,0,1,0,1,0,0,2,0,2,0,0,0,2
11/28/2008,SSF,TX,ASW,CE,Federal Contract Tower,0,0,9,0,9,0,0,49,0,49,0,0,58,0,58,86,0,86,144
11/29/2008,SSF,TX,ASW,CE,Federal Contract Tower,0,0,9,0,9,0,0,126,0,126,0,0,135,0,135,446,0,446,581
11/30/2008,SSF,TX,ASW,CE,Federal Contract Tower,0,0,7,0,7,0,0,84,0,84,0,0,91,0,91,242,0,242,333
12/01/2008,SSF,TX,ASW,CE,Federal Contract Tower,0,0,6,30,36,0,0,98,0,98,0,0,104,30,134,194,18,212,346
12/02/2008,SSF,TX,ASW,CE,Federal Contract Tower,0,1,7,11,19,0,0,114,0,114,0,1,121,11,133,306,10,316,449
12/03/2008,SSF,TX,ASW,CE,Federal Contract Tower,0,0,7,7,14,0,0,90,2,92,0,0,97,9,106,398,6,404,510
12/04/2008,SSF,TX,ASW,CE,Federal Contract Tower,0,0,2,16,18,0,0,125,0,125,0,0,127,16,143,270,28,298,441
12/05/2008,SSF,TX,ASW,CE,Federal Contract Tower,0,0,8,16,24,0,0,125,0,125,0,0,133,16,149,370,20,390,539
12/06/2008,SSF,TX,ASW,CE,Federal Contract Tower,0,1,9,0,10,0,0,130,0,130,0,1,139,0,140,326,0,326,466
12/07/2008,SSF,TX,ASW,CE,Federal Contract Tower,0,0,5,0,5,0,0,82,0,82,0,0,87,0,87,88,0,88,175
12/08/2008,SSF,TX,ASW,CE,Federal Contract Tower,0,0,24,3,27,0,0,63,1,64,0,0,87,4,91,120,6,126,217
12/09/2008,SSF,TX,ASW,CE,Federal Contract Tower,0,0,12,0,12,0,0,78,0,78,0,0,90,0,90,288,10,298,388
12/10/2008,SSF,TX,ASW,CE,Federal Contract Tower,0,1,1,10,12,0,0,101,0,101,0,1,102,10,113,390,18,408,521
12/11/2008,SSF,TX,ASW,CE,Federal Contract Tower,0,0,11,28,39,0,0,119,0,119,0,0,130,28,158,408,42,450,608
12/12/2008,SSF,TX,ASW,CE,Federal Contract Tower,0,0,12,1,13,0,0,129,0,129,0,0,141,1,142,340,2,342,484
12/13/2008,SSF,TX,ASW,CE,Federal Contract Tower,0,0,5,0,5,0,0,81,2,83,0,0,86,2,88,82,4,86,174
12/14/2008,SSF,TX,ASW,CE,Federal Contract Tower,0,0,9,0,9,0,0,90,0,90,0,0,99,0,99,140,0,140,239
12/15/2008,SSF,TX,ASW,CE,Federal Contract Tower,0,0,10,1,11,0,0,20,2,22,0,0,30,3,33,6,0,6,39
12/16/2008,SSF,TX,ASW,CE,Federal Contract Tower,0,0,11,0,11,0,0,19,0,19,0,0,30,0,30,18,0,18,48
12/17/2008,SSF,TX,ASW,CE,Federal Contract Tower,0,1,7,2,10,0,0,1,0,1,0,1,8,2,11,0,0,0,11
12/18/2008,SSF,TX,ASW,CE,Federal Contract Tower,0,0,0,0,0,0,0,0,0,0,0,0,0,0,0,0,0,0,0
12/19/2008,SSF,TX,ASW,CE,Federal Contract Tower,0,0,17,2,19,0,0,79,0,79,0,0,96,2,98,280,2,282,380
12/20/2008,SSF,TX,ASW,CE,Federal Contract Tower,0,0,17,0,17,0,0,76,0,76,0,0,93,0,93,222,0,222,315
12/21/2008,SSF,TX,ASW,CE,Federal Contract Tower,0,0,0,5,5,0,0,14,0,14,0,0,14,5,19,0,0,0,19
12/22/2008,SSF,TX,ASW,CE,Federal Contract Tower,0,1,10,24,35,0,0,117,0,117,0,1,127,24,152,224,43,267,419
12/23/2008,SSF,TX,ASW,CE,Federal Contract Tower,0,0,6,0,6,0,0,0,0,0,0,0,6,0,6,0,0,0,6
12/24/2008,SSF,TX,ASW,CE,Federal Contract Tower,0,0,4,0,4,0,0,62,0,62,0,0,66,0,66,210,0,210,276
12/25/2008,SSF,TX,ASW,CE,Federal Contract Tower,0,0,1,0,1,0,0,8,0,8,0,0,9,0,9,0,0,0,9
12/26/2008,SSF,TX,ASW,CE,Federal Contract Tower,0,0,21,0,21,0,0,62,0,62,0,0,83,0,83,34,0,34,117
12/27/2008,SSF,TX,ASW,CE,Federal Contract Tower,0,0,3,0,3,0,0,66,0,66,0,0,69,0,69,94,0,94,163
12/28/2008,SSF,TX,ASW,CE,Federal Contract Tower,0,0,7,0,7,0,0,100,0,100,0,0,107,0,107,244,0,244,351
12/29/2008,SSF,TX,ASW,CE,Federal Contract Tower,0,0,8,0,8,0,0,143,0,143,0,0,151,0,151,218,0,218,369
12/30/2008,SSF,TX,ASW,CE,Federal Contract Tower,0,0,8,2,10,0,0,163,0,163,0,0,171,2,173,354,0,354,527
12/31/2008,SSF,TX,ASW,CE,Federal Contract Tower,0,0,10,1,11,0,0,78,0,78,0,0,88,1,89,186,0,186,275
01/01/2009,SSF,TX,ASW,CE,Federal Contract Tower,0,0,2,0,2,0,0,23,0,23,0,0,25,0,25,32,0,32,57
01/02/2009,SSF,TX,ASW,CE,Federal Contract Tower,0,0,23,0,23,0,0,52,7,59,0,0,75,7,82,48,8,56,138
01/03/2009,SSF,TX,ASW,CE,Federal Contract Tower,0,0,8,0,8,0,0,92,6,98,0,0,100,6,106,178,4,182,288
01/04/2009,SSF,TX,ASW,CE,Federal Contract Tower,0,0,8,0,8,0,0,31,0,31,0,0,39,0,39,96,0,96,135
01/05/2009,SSF,TX,ASW,CE,Federal Contract Tower,0,0,10,1,11,0,0,13,3,16,0,0,23,4,27,56,12,68,95
01/06/2009,SSF,TX,ASW,CE,Federal Contract Tower,0,0,5,6,11,0,0,72,0,72,0,0,77,6,83,236,6,242,325
01/07/2009,SSF,TX,ASW,CE,Federal Contract Tower,0,0,6,14,20,0,0,105,0,105,0,0,111,14,125,336,22,358,483
01/08/2009,SSF,TX,ASW,CE,Federal Contract Tower,0,0,7,27,34,0,0,138,0,138,0,0,145,27,172,730,40,770,942
01/09/2009,SSF,TX,ASW,CE,Federal Contract Tower,0,0,25,2,27,0,0,90,2,92,0,0,115,4,119,216,0,216,335
01/10/2009,SSF,TX,ASW,CE,Federal Contract Tower,0,0,2,0,2,0,0,48,0,48,0,0,50,0,50,76,0,76,126
01/11/2009,SSF,TX,ASW,CE,Federal Contract Tower,0,0,14,2,16,0,0,80,2,82,0,0,94,4,98,82,4,86,184
01/12/2009,SSF,TX,ASW,CE,Federal Contract Tower,0,0,7,24,31,0,0,108,0,108,0,0,115,24,139,346,44,390,529
01/13/2009,SSF,TX,ASW,CE,Federal Contract Tower,0,0,7,21,28,0,0,93,0,93,0,0,100,21,121,248,22,270,391
01/14/2009,SSF,TX,ASW,CE,Federal Contract Tower,0,0,10,37,47,0,0,129,0,129,0,0,139,37,176,356,40,396,572
01/15/2009,SSF,TX,ASW,CE,Federal Contract Tower,0,1,3,25,29,0,0,124,0,124,0,1,127,25,153,330,22,352,505
01/16/2009,SSF,TX,ASW,CE,Federal Contract Tower,0,0,20,15,35,0,0,51,0,51,0,0,71,15,86,126,22,148,234
01/17/2009,SSF,TX,ASW,CE,Federal Contract Tower,0,0,9,1,10,0,0,60,0,60,0,0,69,1,70,246,8,254,324
01/18/2009,SSF,TX,ASW,CE,Federal Contract Tower,0,0,4,0,4,0,0,97,0,97,0,0,101,0,101,182,0,182,283
01/19/2009,SSF,TX,ASW,CE,Federal Contract Tower,0,0,5,0,5,0,0,99,1,100,0,0,104,1,105,228,0,228,333
01/20/2009,SSF,TX,ASW,CE,Federal Contract Tower,0,0,12,36,48,0,0,82,0,82,0,0,94,36,130,164,34,198,328
01/21/2009,SSF,TX,ASW,CE,Federal Contract Tower,0,0,16,25,41,0,0,169,0,169,0,0,185,25,210,510,44,554,764
01/22/2009,SSF,TX,ASW,CE,Federal Contract Tower,0,0,15,24,39,0,0,132,0,132,0,0,147,24,171,320,24,344,515
01/23/2009,SSF,TX,ASW,CE,Federal Contract Tower,0,0,13,16,29,0,0,136,0,136,0,0,149,16,165,404,20,424,589
01/24/2009,SSF,TX,ASW,CE,Federal Contract Tower,0,0,3,4,7,0,0,68,0,68,0,0,71,4,75,192,8,200,275
01/25/2009,SSF,TX,ASW,CE,Federal Contract Tower,0,0,16,0,16,0,0,86,0,86,0,0,102,0,102,174,0,174,276
01/26/2009,SSF,TX,ASW,CE,Federal Contract Tower,0,0,6,9,15,0,0,39,0,39,0,0,45,9,54,62,18,80,134
01/27/2009,SSF,TX,ASW,CE,Federal Contract Tower,0,0,16,1,17,0,0,16,0,16,0,0,32,1,33,28,2,30,63
01/28/2009,SSF,TX,ASW,CE,Federal Contract Tower,0,0,6,19,25,0,0,118,0,118,0,0,124,19,143,288,14,302,445
01/29/2009,SSF,TX,ASW,CE,Federal Contract Tower,0,0,5,8,13,0,0,158,0,158,0,0,163,8,171,402,12,414,585
01/30/2009,SSF,TX,ASW,CE,Federal Contract Tower,0,0,7,5,12,0,0,172,0,172,0,0,179,5,184,418,6,424,608
01/31/2009,SSF,TX,ASW,CE,Federal Contract Tower,0,0,1,0,1,0,0,110,0,110,0,0,111,0,111,226,0,226,337
02/01/2009,SSF,TX,ASW,CE,Federal Contract Tower,0,0,7,5,12,0,0,86,3,89,0,0,93,8,101,106,10,116,217
02/02/2009,SSF,TX,ASW,CE,Federal Contract Tower,0,0,5,8,13,0,0,121,0,121,0,0,126,8,134,218,14,232,366
02/03/2009,SSF,TX,ASW,CE,Federal Contract Tower,0,0,6,22,28,0,0,185,5,190,0,0,191,27,218,358,38,396,614
02/04/2009,SSF,TX,ASW,CE,Federal Contract Tower,0,0,7,23,30,0,0,202,0,202,0,0,209,23,232,522,40,562,794
02/05/2009,SSF,TX,ASW,CE,Federal Contract Tower,0,0,19,8,27,0,0,130,0,130,0,0,149,8,157,276,12,288,445
02/06/2009,SSF,TX,ASW,CE,Federal Contract Tower,0,0,8,6,14,0,0,76,0,76,0,0,84,6,90,174,10,184,274
02/07/2009,SSF,TX,ASW,CE,Federal Contract Tower,0,0,12,0,12,0,0,50,0,50,0,0,62,0,62,112,0,112,174
02/08/2009,SSF,TX,ASW,CE,Federal Contract Tower,0,0,7,0,7,0,0,21,0,21,0,0,28,0,28,60,0,60,88
02/09/2009,SSF,TX,ASW,CE,Federal Contract Tower,0,0,4,13,17,0,0,125,0,125,0,0,129,13,142,410,18,428,570
02/10/2009,SSF,TX,ASW,CE,Federal Contract Tower,0,0,10,0,10,0,0,62,0,62,0,0,72,0,72,206,12,218,290
02/11/2009,SSF,TX,ASW,CE,Federal Contract Tower,0,0,7,15,22,0,0,166,4,170,0,0,173,19,192,370,46,416,608
02/12/2009,SSF,TX,ASW,CE,Federal Contract Tower,0,0,8,22,30,0,0,137,0,137,0,0,145,22,167,392,34,426,593
02/13/2009,SSF,TX,ASW,CE,Federal Contract Tower,0,0,23,3,26,0,0,117,0,117,0,0,140,3,143,318,6,324,467
02/14/2009,SSF,TX,ASW,CE,Federal Contract Tower,0,0,4,0,4,0,0,116,0,116,0,0,120,0,120,180,0,180,300
02/15/2009,SSF,TX,ASW,CE,Federal Contract Tower,0,0,7,0,7,0,0,73,0,73,0,0,80,0,80,100,0,100,180
02/16/2009,SSF,TX,ASW,CE,Federal Contract Tower,0,0,13,8,21,0,0,68,6,74,0,0,81,14,95,174,0,174,269
02/17/2009,SSF,TX,ASW,CE,Federal Contract Tower,0,0,6,5,11,0,0,11,0,11,0,0,17,5,22,0,2,2,24
02/18/2009,SSF,TX,ASW,CE,Federal Contract Tower,0,0,11,31,42,0,0,176,0,176,0,0,187,31,218,458,22,480,698
02/19/2009,SSF,TX,ASW,CE,Federal Contract Tower,0,0,12,23,35,0,0,178,2,180,0,0,190,25,215,433,40,473,688
02/20/2009,SSF,TX,ASW,CE,Federal Contract Tower,0,1,6,20,27,0,2,152,0,154,0,3,158,20,181,388,22,410,591
02/21/2009,SSF,TX,ASW,CE,Federal Contract Tower,0,0,8,0,8,0,0,4,63,67,0,0,12,63,75,122,0,122,197
02/22/2009,SSF,TX,ASW,CE,Federal Contract Tower,0,0,9,1,10,0,0,132,0,132,0,0,141,1,142,294,2,296,438
02/23/2009,SSF,TX,ASW,CE,Federal Contract Tower,0,0,9,14,23,0,0,128,0,128,0,0,137,14,151,294,12,306,457
02/24/2009,SSF,TX,ASW,CE,Federal Contract Tower,0,0,10,19,29,0,0,141,0,141,0,0,151,19,170,396,26,422,592
02/25/2009,SSF,TX,ASW,CE,Federal Contract Tower,0,0,9,10,19,0,0,120,0,120,0,0,129,10,139,386,16,402,541
02/26/2009,SSF,TX,ASW,CE,Federal Contract Tower,0,0,14,12,26,0,0,87,0,87,0,0,101,12,113,338,20,358,471
02/27/2009,SSF,TX,ASW,CE,Federal Contract Tower,0,1,24,11,36,0,0,89,0,89,0,1,113,11,125,288,12,300,425
02/28/2009,SSF,TX,ASW,CE,Federal Contract Tower,0,0,3,0,3,0,0,18,0,18,0,0,21,0,21,20,0,20,41
03/01/2009,SSF,TX,ASW,CE,Federal Contract Tower,0,0,4,9,13,0,0,118,0,118,0,0,122,9,131,296,4,300,431
03/02/2009,SSF,TX,ASW,CE,Federal Contract Tower,0,0,11,2,13,0,0,151,0,151,0,0,162,2,164,300,6,306,470
03/03/2009,SSF,TX,ASW,CE,Federal Contract Tower,0,0,7,6,13,0,0,145,0,145,0,0,152,6,158,220,8,228,386
03/04/2009,SSF,TX,ASW,CE,Federal Contract Tower,0,1,16,5,22,0,0,122,1,123,0,1,138,6,145,282,6,288,433
03/05/2009,SSF,TX,ASW,CE,Federal Contract Tower,0,0,6,11,17,0,0,97,0,97,0,0,103,11,114,326,14,340,454
03/06/2009,SSF,TX,ASW,CE,Federal Contract Tower,0,0,15,10,25,0,0,81,0,81,0,0,96,10,106,220,14,234,340
03/07/2009,SSF,TX,ASW,CE,Federal Contract Tower,0,0,9,2,11,0,0,54,2,56,0,0,63,4,67,92,2,94,161
03/08/2009,SSF,TX,ASW,CE,Federal Contract Tower,0,0,10,4,14,0,0,80,0,80,0,0,90,4,94,192,3,195,289
03/09/2009,SSF,TX,ASW,CE,Federal Contract Tower,0,0,17,14,31,0,0,82,0,82,0,0,99,14,113,126,22,148,261
03/10/2009,SSF,TX,ASW,CE,Federal Contract Tower,0,0,28,14,42,0,0,149,0,149,0,0,177,14,191,414,22,436,627
03/11/2009,SSF,TX,ASW,CE,Federal Contract Tower,0,0,10,0,10,0,0,17,0,17,0,0,27,0,27,8,0,8,35
03/12/2009,SSF,TX,ASW,CE,Federal Contract Tower,0,1,8,2,11,0,0,10,0,10,0,1,18,2,21,0,4,4,25
03/13/2009,SSF,TX,ASW,CE,Federal Contract Tower,0,0,5,0,5,0,0,8,0,8,0,0,13,0,13,1,0,1,14
03/14/2009,SSF,TX,ASW,CE,Federal Contract Tower,0,0,35,1,36,0,0,119,0,119,0,0,154,1,155,354,2,356,511
03/15/2009,SSF,TX,ASW,CE,Federal Contract Tower,0,1,15,2,18,0,0,111,0,111,0,1,126,2,129,278,2,280,409
03/16/2009,SSF,TX,ASW,CE,Federal Contract Tower,0,0,7,16,23,0,0,250,0,250,0,0,257,16,273,372,28,400,673
03/17/2009,SSF,TX,ASW,CE,Federal Contract Tower,0,0,18,10,28,0,0,224,0,224,0,0,242,10,252,499,15,514,766
03/18/2009,SSF,TX,ASW,CE,Federal Contract Tower,0,0,21,17,38,0,0,277,6,283,0,0,298,23,321,478,36,514,835
03/19/2009,SSF,TX,ASW,CE,Federal Contract Tower,0,0,7,15,22,0,0,180,0,180,0,0,187,15,202,572,26,598,800
03/20/2009,SSF,TX,ASW,CE,Federal Contract Tower,0,0,8,23,31,0,0,242,0,242,0,0,250,23,273,468,32,500,773
03/21/2009,SSF,TX,ASW,CE,Federal Contract Tower,0,0,24,0,24,0,0,138,0,138,0,0,162,0,162,190,0,190,352
03/22/2009,SSF,TX,ASW,CE,Federal Contract Tower,0,0,8,2,10,0,0,64,0,64,0,0,72,2,74,38,0,38,112
03/23/2009,SSF,TX,ASW,CE,Federal Contract Tower,0,0,10,18,28,0,0,47,3,50,0,0,57,21,78,40,17,57,135
03/24/2009,SSF,TX,ASW,CE,Federal Contract Tower,0,0,24,21,45,0,0,118,0,118,0,0,142,21,163,236,26,262,425
03/25/2009,SSF,TX,ASW,CE,Federal Contract Tower,0,0,38,8,46,0,0,154,0,154,0,0,192,8,200,436,8,444,644
03/26/2009,SSF,TX,ASW,CE,Federal Contract Tower,0,0,7,1,8,0,0,88,0,88,0,0,95,1,96,264,2,266,362
03/27/2009,SSF,TX,ASW,CE,Federal Contract Tower,0,0,9,6,15,0,0,48,0,48,0,0,57,6,63,42,8,50,113
03/28/2009,SSF,TX,ASW,CE,Federal Contract Tower,0,0,5,0,5,0,0,123,0,123,0,0,128,0,128,332,4,336,464
03/29/2009,SSF,TX,ASW,CE,Federal Contract Tower,0,0,12,1,13,0,0,134,0,134,0,0,146,1,147,320,0,320,467
03/30/2009,SSF,TX,ASW,CE,Federal Contract Tower,0,0,12,20,32,0,0,200,0,200,0,0,212,20,232,454,26,480,712
03/31/2009,SSF,TX,ASW,CE,Federal Contract Tower,0,0,11,11,22,0,0,168,0,168,0,0,179,11,190,406,6,412,602
04/01/2009,SSF,TX,ASW,CE,Federal Contract Tower,0,0,7,30,37,0,0,176,2,178,0,0,183,32,215,372,62,434,649
04/02/2009,SSF,TX,ASW,CE,Federal Contract Tower,0,0,9,7,16,0,0,34,0,34,0,0,43,7,50,54,8,62,112
04/03/2009,SSF,TX,ASW,CE,Federal Contract Tower,0,0,21,21,42,0,0,205,0,205,0,0,226,21,247,334,24,358,605
04/04/2009,SSF,TX,ASW,CE,Federal Contract Tower,0,0,22,1,23,0,0,160,0,160,0,0,182,1,183,358,0,358,541
04/05/2009,SSF,TX,ASW,CE,Federal Contract Tower,0,0,5,8,13,0,0,25,4,29,0,0,30,12,42,20,10,30,72
04/06/2009,SSF,TX,ASW,CE,Federal Contract Tower,0,0,22,12,34,0,0,136,0,136,0,0,158,12,170,228,24,252,422
04/07/2009,SSF,TX,ASW,CE,Federal Contract Tower,0,0,3,12,15,0,0,229,0,229,0,0,232,12,244,356,10,366,610
04/08/2009,SSF,TX,ASW,CE,Federal Contract Tower,0,0,15,20,35,0,0,160,0,160,0,0,175,20,195,340,26,366,561
04/09/2009,SSF,TX,ASW,CE,Federal Contract Tower,0,0,34,15,49,0,0,102,6,108,0,0,136,21,157,274,26,300,457
04/10/2009,SSF,TX,ASW,CE,Federal Contract Tower,0,0,15,0,15,0,0,84,0,84,0,0,99,0,99,134,0,134,233
04/11/2009,SSF,TX,ASW,CE,Federal Contract Tower,0,0,9,0,9,0,0,70,0,70,0,0,79,0,79,198,0,198,277
04/12/2009,SSF,TX,ASW,CE,Federal Contract Tower,0,0,2,0,2,0,0,20,0,20,0,0,22,0,22,40,0,40,62
04/13/2009,SSF,TX,ASW,CE,Federal Contract Tower,0,0,17,20,37,0,0,126,0,126,0,0,143,20,163,272,24,296,459
04/14/2009,SSF,TX,ASW,CE,Federal Contract Tower,0,0,3,13,16,0,0,209,3,212,0,0,212,16,228,482,10,492,720
04/15/2009,SSF,TX,ASW,CE,Federal Contract Tower,0,0,13,13,26,0,0,167,0,167,0,0,180,13,193,338,20,358,551
04/16/2009,SSF,TX,ASW,CE,Federal Contract Tower,0,0,22,21,43,0,0,22,2,24,0,0,44,23,67,36,22,58,125
04/17/2009,SSF,TX,ASW,CE,Federal Contract Tower,0,0,7,0,7,0,0,9,0,9,0,0,16,0,16,2,0,2,18
04/18/2009,SSF,TX,ASW,CE,Federal Contract Tower,0,0,3,0,3,0,0,43,0,43,0,0,46,0,46,67,0,67,113
04/19/2009,SSF,TX,ASW,CE,Federal Contract Tower,0,0,6,2,8,0,0,89,0,89,0,0,95,2,97,116,4,120,217
04/20/2009,SSF,TX,ASW,CE,Federal Contract Tower,0,0,8,13,21,0,0,168,0,168,0,0,176,13,189,344,24,368,557
04/21/2009,SSF,TX,ASW,CE,Federal Contract Tower,0,0,7,7,14,0,0,185,0,185,0,0,192,7,199,404,12,416,615
04/22/2009,SSF,TX,ASW,CE,Federal Contract Tower,0,0,7,19,26,0,0,188,0,188,0,0,195,19,214,360,24,384,598
04/23/2009,SSF,TX,ASW,CE,Federal Contract Tower,0,0,13,23,36,0,0,138,3,141,0,0,151,26,177,202,40,242,419
04/24/2009,SSF,TX,ASW,CE,Federal Contract Tower,0,1,13,19,33,0,0,66,0,66,0,1,79,19,99,40,20,60,159
04/25/2009,SSF,TX,ASW,CE,Federal Contract Tower,0,0,25,0,25,0,0,83,0,83,0,0,108,0,108,134,0,134,242
04/26/2009,SSF,TX,ASW,CE,Federal Contract Tower,0,0,15,4,19,0,0,41,0,41,0,0,56,4,60,44,4,48,108
04/27/2009,SSF,TX,ASW,CE,Federal Contract Tower,0,0,11,4,15,0,0,40,0,40,0,0,51,4,55,60,8,68,123
04/28/2009,SSF,TX,ASW,CE,Federal Contract Tower,0,0,20,26,46,0,0,104,2,106,0,0,124,28,152,320,22,342,494
04/29/2009,SSF,TX,ASW,CE,Federal Contract Tower,0,0,29,19,48,0,0,88,0,88,0,0,117,19,136,242,26,268,404
04/30/2009,SSF,TX,ASW,CE,Federal Contract Tower,0,0,26,10,36,0,0,139,0,139,0,0,165,10,175,450,20,470,645
05/01/2009,SSF,TX,ASW,CE,Federal Contract Tower,0,0,33,23,56,0,0,138,0,138,0,0,171,23,194,410,22,432,626
05/02/2009,SSF,TX,ASW,CE,Federal Contract Tower,0,0,16,5,21,0,0,104,4,108,0,0,120,9,129,330,30,360,489
05/03/2009,SSF,TX,ASW,CE,Federal Contract Tower,0,0,4,1,5,0,107,0,0,107,0,107,4,1,112,216,2,218,330
05/04/2009,SSF,TX,ASW,CE,Federal Contract Tower,0,0,25,13,38,0,0,186,0,186,0,0,211,13,224,580,20,600,824
05/05/2009,SSF,TX,ASW,CE,Federal Contract Tower,0,0,36,14,50,0,0,159,0,159,0,0,195,14,209,582,16,598,807
05/06/2009,SSF,TX,ASW,CE,Federal Contract Tower,0,0,19,19,38,0,0,188,3,191,0,0,207,22,229,682,26,708,937
05/07/2009,SSF,TX,ASW,CE,Federal Contract Tower,0,0,23,12,35,0,0,146,0,146,0,0,169,12,181,400,20,420,601
05/08/2009,SSF,TX,ASW,CE,Federal Contract Tower,0,2,19,14,35,0,0,113,0,113,0,2,132,14,148,272,22,294,442
05/09/2009,SSF,TX,ASW,CE,Federal Contract Tower,0,0,12,1,13,0,0,147,0,147,0,0,159,1,160,456,2,458,618
05/10/2009,SSF,TX,ASW,CE,Federal Contract Tower,0,0,4,3,7,0,0,55,0,55,0,0,59,3,62,84,6,90,152
05/11/2009,SSF,TX,ASW,CE,Federal Contract Tower,0,0,12,13,25,0,0,170,0,170,0,0,182,13,195,410,24,434,629
05/12/2009,SSF,TX,ASW,CE,Federal Contract Tower,0,0,12,18,30,0,0,167,0,167,0,0,179,18,197,254,10,264,461
05/13/2009,SSF,TX,ASW,CE,Federal Contract Tower,0,0,26,18,44,0,0,149,0,149,0,0,175,18,193,408,22,430,623
05/14/2009,SSF,TX,ASW,CE,Federal Contract Tower,0,0,27,16,43,0,0,183,0,183,0,0,210,16,226,460,26,486,712
05/15/2009,SSF,TX,ASW,CE,Federal Contract Tower,0,0,30,1,31,0,0,112,0,112,0,0,142,1,143,386,2,388,531
05/16/2009,SSF,TX,ASW,CE,Federal Contract Tower,0,0,17,2,19,0,0,41,0,41,0,0,58,2,60,224,2,226,286
05/17/2009,SSF,TX,ASW,CE,Federal Contract Tower,0,0,6,2,8,0,0,87,0,87,0,0,93,2,95,131,4,135,230
05/18/2009,SSF,TX,ASW,CE,Federal Contract Tower,0,0,11,12,23,0,0,174,0,174,0,0,185,12,197,494,24,518,715
05/19/2009,SSF,TX,ASW,CE,Federal Contract Tower,0,0,11,19,30,0,0,213,0,213,0,0,224,19,243,602,24,626,869
05/20/2009,SSF,TX,ASW,CE,Federal Contract Tower,0,0,13,13,26,0,0,251,0,251,0,0,264,13,277,706,14,720,997
05/21/2009,SSF,TX,ASW,CE,Federal Contract Tower,0,0,18,21,39,0,0,210,0,210,0,0,228,21,249,596,30,626,875
05/22/2009,SSF,TX,ASW,CE,Federal Contract Tower,0,0,11,15,26,0,0,141,0,141,0,0,152,15,167,406,16,422,589
05/23/2009,SSF,TX,ASW,CE,Federal Contract Tower,0,0,6,0,6,0,0,99,0,99,0,0,105,0,105,190,0,190,295
05/24/2009,SSF,TX,ASW,CE,Federal Contract Tower,0,0,4,0,4,0,0,91,0,91,0,0,95,0,95,172,0,172,267
05/25/2009,SSF,TX,ASW,CE,Federal Contract Tower,0,0,13,2,15,0,0,148,0,148,0,0,161,2,163,315,0,315,478
05/26/2009,SSF,TX,ASW,CE,Federal Contract Tower,0,0,19,7,26,0,0,194,0,194,0,0,213,7,220,546,6,552,772
05/27/2009,SSF,TX,ASW,CE,Federal Contract Tower,0,0,13,11,24,0,0,147,0,147,0,0,160,11,171,502,14,516,687
05/28/2009,SSF,TX,ASW,CE,Federal Contract Tower,0,0,13,16,29,0,0,182,0,182,0,0,195,16,211,552,14,566,777
05/29/2009,SSF,TX,ASW,CE,Federal Contract Tower,0,0,17,19,36,0,0,155,0,155,0,0,172,19,191,290,18,308,499
05/30/2009,SSF,TX,ASW,CE,Federal Contract Tower,0,0,4,1,5,0,0,148,0,148,0,0,152,1,153,278,2,280,433
05/31/2009,SSF,TX,ASW,CE,Federal Contract Tower,0,0,3,8,11,0,0,88,0,88,0,0,91,8,99,152,8,160,259
06/01/2009,SSF,TX,ASW,CE,Federal Contract Tower,0,0,9,13,22,0,0,124,0,124,0,0,133,13,146,254,20,274,420
06/02/2009,SSF,TX,ASW,CE,Federal Contract Tower,0,0,13,22,35,0,0,148,0,148,0,0,161,22,183,390,28,418,601
06/03/2009,SSF,TX,ASW,CE,Federal Contract Tower,0,0,15,11,26,0,0,134,0,134,0,0,149,11,160,386,20,406,566
06/04/2009,SSF,TX,ASW,CE,Federal Contract Tower,0,0,19,19,38,0,0,159,0,159,0,0,178,19,197,480,20,500,697
06/05/2009,SSF,TX,ASW,CE,Federal Contract Tower,0,0,11,9,20,0,0,148,0,148,0,0,159,9,168,420,10,430,598
06/06/2009,SSF,TX,ASW,CE,Federal Contract Tower,0,0,5,1,6,0,0,147,0,147,0,0,152,1,153,230,0,230,383
06/07/2009,SSF,TX,ASW,CE,Federal Contract Tower,0,0,5,2,7,0,0,83,0,83,0,0,88,2,90,132,4,136,226
06/08/2009,SSF,TX,ASW,CE,Federal Contract Tower,0,1,22,18,41,0,1,130,0,131,0,2,152,18,172,288,20,308,480
06/09/2009,SSF,TX,ASW,CE,Federal Contract Tower,0,0,13,10,23,0,0,149,0,149,0,0,162,10,172,318,16,334,506
06/10/2009,SSF,TX,ASW,CE,Federal Contract Tower,0,0,32,20,52,0,0,174,0,174,0,0,206,20,226,322,20,342,568
06/11/2009,SSF,TX,ASW,CE,Federal Contract Tower,0,0,20,9,29,0,0,139,0,139,0,0,159,9,168,408,14,422,590
06/12/2009,SSF,TX,ASW,CE,Federal Contract Tower,0,0,25,9,34,0,0,154,0,154,0,0,179,9,188,258,10,268,456
06/13/2009,SSF,TX,ASW,CE,Federal Contract Tower,0,0,15,1,16,0,0,131,0,131,0,0,146,1,147,204,0,204,351
06/14/2009,SSF,TX,ASW,CE,Federal Contract Tower,0,0,7,0,7,0,0,108,0,108,0,0,115,0,115,236,0,236,351
06/15/2009,SSF,TX,ASW,CE,Federal Contract Tower,0,0,6,7,13,0,0,108,0,108,0,0,114,7,121,216,8,224,345
06/16/2009,SSF,TX,ASW,CE,Federal Contract Tower,0,0,11,20,31,0,0,96,0,96,0,0,107,20,127,174,31,205,332
06/17/2009,SSF,TX,ASW,CE,Federal Contract Tower,0,0,21,14,35,0,0,167,0,167,0,0,188,14,202,288,20,308,510
06/18/2009,SSF,TX,ASW,CE,Federal Contract Tower,0,0,14,13,27,0,0,122,0,122,0,0,136,13,149,431,20,451,600
06/19/2009,SSF,TX,ASW,CE,Federal Contract Tower,0,0,17,21,38,0,0,140,0,140,0,0,157,21,178,402,22,424,602
06/20/2009,SSF,TX,ASW,CE,Federal Contract Tower,0,0,10,1,11,0,0,101,0,101,0,0,111,1,112,240,2,242,354
06/21/2009,SSF,TX,ASW,CE,Federal Contract Tower,0,0,9,0,9,0,0,67,0,67,0,0,76,0,76,184,0,184,260
06/22/2009,SSF,TX,ASW,CE,Federal Contract Tower,0,0,14,20,34,0,0,151,0,151,0,0,165,20,185,350,26,376,561
06/23/2009,SSF,TX,ASW,CE,Federal Contract Tower,0,3,21,19,43,0,0,205,0,205,0,3,226,19,248,398,36,434,682
06/24/2009,SSF,TX,ASW,CE,Federal Contract Tower,0,0,5,18,23,0,0,173,3,176,0,0,178,21,199,366,48,414,613
06/25/2009,SSF,TX,ASW,CE,Federal Contract Tower,0,0,15,18,33,0,0,180,2,182,0,0,195,20,215,446,28,474,689
06/26/2009,SSF,TX,ASW,CE,Federal Contract Tower,0,0,5,0,5,0,0,169,0,169,0,0,174,0,174,330,0,330,504
06/27/2009,SSF,TX,ASW,CE,Federal Contract Tower,0,0,12,0,12,0,0,153,0,153,0,0,165,0,165,390,0,390,555
06/28/2009,SSF,TX,ASW,CE,Federal Contract Tower,0,0,5,0,5,0,0,81,0,81,0,0,86,0,86,166,0,166,252
06/29/2009,SSF,TX,ASW,CE,Federal Contract Tower,0,0,6,19,25,0,0,147,0,147,0,0,153,19,172,240,26,266,438
06/30/2009,SSF,TX,ASW,CE,Federal Contract Tower,0,0,6,25,31,0,0,150,0,150,0,0,156,25,181,388,32,420,601
07/01/2009,SSF,TX,ASW,CE,Federal Contract Tower,0,0,3,11,14,0,0,184,2,186,0,0,187,13,200,404,18,422,622
07/02/2009,SSF,TX,ASW,CE,Federal Contract Tower,0,0,9,20,29,0,0,171,0,171,0,0,180,20,200,412,30,442,642
07/03/2009,SSF,TX,ASW,CE,Federal Contract Tower,0,0,8,0,8,0,0,162,0,162,0,0,170,0,170,242,0,242,412
07/04/2009,SSF,TX,ASW,CE,Federal Contract Tower,0,0,7,0,7,0,0,56,0,56,0,0,63,0,63,38,0,38,101
07/05/2009,SSF,TX,ASW,CE,Federal Contract Tower,0,0,5,4,9,0,0,90,0,90,0,0,95,4,99,200,4,204,303
07/06/2009,SSF,TX,ASW,CE,Federal Contract Tower,0,0,9,0,9,0,0,91,0,91,0,0,100,0,100,306,0,306,406
07/07/2009,SSF,TX,ASW,CE,Federal Contract Tower,0,0,8,1,9,0,0,154,0,154,0,0,162,1,163,278,2,280,443
07/08/2009,SSF,TX,ASW,CE,Federal Contract Tower,0,0,11,21,32,0,0,179,10,189,0,0,190,31,221,364,24,388,609
07/09/2009,SSF,TX,ASW,CE,Federal Contract Tower,0,0,14,24,38,0,0,190,0,190,0,0,204,24,228,454,32,486,714
07/10/2009,SSF,TX,ASW,CE,Federal Contract Tower,0,0,22,18,40,0,0,137,0,137,0,0,159,18,177,306,24,330,507
07/11/2009,SSF,TX,ASW,CE,Federal Contract Tower,0,0,10,4,14,0,0,135,0,135,0,0,145,4,149,338,4,342,491
07/12/2009,SSF,TX,ASW,CE,Federal Contract Tower,0,0,13,0,13,0,0,80,0,80,0,0,93,0,93,292,0,292,385
07/13/2009,SSF,TX,ASW,CE,Federal Contract Tower,0,0,11,4,15,0,0,157,0,157,0,0,168,4,172,380,4,384,556
07/14/2009,SSF,TX,ASW,CE,Federal Contract Tower,0,0,12,0,12,0,0,202,0,202,0,0,214,0,214,321,6,327,541
07/15/2009,SSF,TX,ASW,CE,Federal Contract Tower,0,0,10,7,17,0,0,155,0,155,0,0,165,7,172,234,10,244,416
07/16/2009,SSF,TX,ASW,CE,Federal Contract Tower,0,0,11,18,29,0,0,194,0,194,0,0,205,18,223,478,28,506,729
07/17/2009,SSF,TX,ASW,CE,Federal Contract Tower,0,0,12,6,18,0,0,125,0,125,0,0,137,6,143,232,10,242,385
07/18/2009,SSF,TX,ASW,CE,Federal Contract Tower,0,0,8,0,8,0,0,144,0,144,0,0,152,0,152,262,0,262,414
07/19/2009,SSF,TX,ASW,CE,Federal Contract Tower,0,0,2,4,6,0,0,76,0,76,0,0,78,4,82,166,2,168,250
07/20/2009,SSF,TX,ASW,CE,Federal Contract Tower,0,0,14,10,24,0,0,83,0,83,0,0,97,10,107,66,14,80,187
07/21/2009,SSF,TX,ASW,CE,Federal Contract Tower,0,0,9,13,22,0,0,8,0,8,0,0,17,13,30,328,14,342,372
07/22/2009,SSF,TX,ASW,CE,Federal Contract Tower,0,0,18,14,32,0,0,168,0,168,0,0,186,14,200,512,16,528,728
07/23/2009,SSF,TX,ASW,CE,Federal Contract Tower,0,0,16,10,26,0,0,167,0,167,0,0,183,10,193,334,16,350,543
07/24/2009,SSF,TX,ASW,CE,Federal Contract Tower,0,0,9,16,25,0,0,178,0,178,0,0,187,16,203,430,22,452,655
07/25/2009,SSF,TX,ASW,CE,Federal Contract Tower,0,0,11,0,11,0,0,184,0,184,0,0,195,0,195,358,0,358,553
07/26/2009,SSF,TX,ASW,CE,Federal Contract Tower,0,0,13,0,13,0,0,78,0,78,0,0,91,0,91,94,0,94,185
07/27/2009,SSF,TX,ASW,CE,Federal Contract Tower,0,0,7,8,15,0,2,190,0,192,0,2,197,8,207,268,14,282,489
07/28/2009,SSF,TX,ASW,CE,Federal Contract Tower,0,0,9,12,21,0,0,183,0,183,0,0,192,12,204,328,16,344,548
07/29/2009,SSF,TX,ASW,CE,Federal Contract Tower,0,0,17,25,42,0,0,160,0,160,0,0,177,25,202,532,30,562,764
07/30/2009,SSF,TX,ASW,CE,Federal Contract Tower,0,0,15,13,28,0,0,100,0,100,0,0,115,13,128,222,26,248,376
07/31/2009,SSF,TX,ASW,CE,Federal Contract Tower,0,0,25,24,49,0,0,134,0,134,0,0,159,24,183,294,24,318,501
08/01/2009,SSF,TX,ASW,CE,Federal Contract Tower,0,0,25,0,25,0,0,132,0,132,0,0,157,0,157,276,0,276,433
08/02/2009,SSF,TX,ASW,CE,Federal Contract Tower,0,0,19,0,19,0,0,83,0,83,0,0,102,0,102,192,0,192,294
08/03/2009,SSF,TX,ASW,CE,Federal Contract Tower,0,0,11,21,32,0,0,166,1,167,0,0,177,22,199,318,24,342,541
08/04/2009,SSF,TX,ASW,CE,Federal Contract Tower,0,0,12,34,46,0,0,151,0,151,0,0,163,34,197,282,34,316,513
08/05/2009,SSF,TX,ASW,CE,Federal Contract Tower,0,0,11,14,25,0,0,180,0,180,0,0,191,14,205,352,16,368,573
08/06/2009,SSF,TX,ASW,CE,Federal Contract Tower,0,0,6,24,30,0,0,156,0,156,0,0,162,24,186,392,28,420,606
08/07/2009,SSF,TX,ASW,CE,Federal Contract Tower,0,0,6,9,15,0,0,159,0,159,0,0,165,9,174,256,6,262,436
08/08/2009,SSF,TX,ASW,CE,Federal Contract Tower,0,0,15,0,15,0,0,97,0,97,0,0,112,0,112,304,0,304,416
08/09/2009,SSF,TX,ASW,CE,Federal Contract Tower,0,0,12,0,12,0,0,55,2,57,0,0,67,2,69,122,0,122,191
08/10/2009,SSF,TX,ASW,CE,Federal Contract Tower,0,0,2,24,26,0,0,118,0,118,0,0,120,24,144,196,30,226,370
08/11/2009,SSF,TX,ASW,CE,Federal Contract Tower,0,0,4,22,26,0,0,133,0,133,0,0,137,22,159,386,34,420,579
08/12/2009,SSF,TX,ASW,CE,Federal Contract Tower,0,0,3,11,14,0,0,90,0,90,0,0,93,11,104,324,18,342,446
08/13/2009,SSF,TX,ASW,CE,Federal Contract Tower,0,0,5,6,11,0,0,124,3,127,0,0,129,9,138,254,10,264,402
08/14/2009,SSF,TX,ASW,CE,Federal Contract Tower,0,0,6,11,17,0,0,157,0,157,0,0,163,11,174,382,14,396,570
08/15/2009,SSF,TX,ASW,CE,Federal Contract Tower,0,0,5,0,5,0,0,151,0,151,0,0,156,0,156,308,0,308,464
08/16/2009,SSF,TX,ASW,CE,Federal Contract Tower,0,0,14,2,16,0,0,94,0,94,0,0,108,2,110,220,4,224,334
08/17/2009,SSF,TX,ASW,CE,Federal Contract Tower,0,0,7,20,27,0,0,143,0,143,0,0,150,20,170,292,16,308,478
08/18/2009,SSF,TX,ASW,CE,Federal Contract Tower,0,0,5,18,23,0,0,166,0,166,0,0,171,18,189,434,18,452,641
08/19/2009,SSF,TX,ASW,CE,Federal Contract Tower,0,0,7,15,22,0,0,154,0,154,0,0,161,15,176,364,22,386,562
08/20/2009,SSF,TX,ASW,CE,Federal Contract Tower,0,0,9,18,27,0,0,187,0,187,0,0,196,18,214,428,16,444,658
08/21/2009,SSF,TX,ASW,CE,Federal Contract Tower,0,0,12,30,42,0,0,133,0,133,0,0,145,30,175,346,32,378,553
08/22/2009,SSF,TX,ASW,CE,Federal Contract Tower,0,0,8,0,8,0,0,189,0,189,0,0,197,0,197,434,0,434,631
08/23/2009,SSF,TX,ASW,CE,Federal Contract Tower,0,0,6,0,6,0,0,112,0,112,0,0,118,0,118,238,0,238,356
08/24/2009,SSF,TX,ASW,CE,Federal Contract Tower,0,0,3,18,21,0,0,145,0,145,0,0,148,18,166,322,24,346,512
08/25/2009,SSF,TX,ASW,CE,Federal Contract Tower,0,0,5,24,29,0,0,178,0,178,0,0,183,24,207,498,22,520,727
08/26/2009,SSF,TX,ASW,CE,Federal Contract Tower,0,0,10,24,34,0,0,168,0,168,0,0,178,24,202,440,30,470,672
08/27/2009,SSF,TX,ASW,CE,Federal Contract Tower,0,0,7,15,22,0,0,163,3,166,0,0,170,18,188,404,30,434,622
08/28/2009,SSF,TX,ASW,CE,Federal Contract Tower,0,0,7,25,32,0,0,140,0,140,0,0,147,25,172,278,34,312,484
08/29/2009,SSF,TX,ASW,CE,Federal Contract Tower,0,0,12,1,13,0,0,177,0,177,0,0,189,1,190,352,2,354,544
08/30/2009,SSF,TX,ASW,CE,Federal Contract Tower,0,0,5,0,5,0,0,98,0,98,0,0,103,0,103,160,0,160,263
08/31/2009,SSF,TX,ASW,CE,Federal Contract Tower,0,0,14,26,40,0,0,152,0,152,0,0,166,26,192,298,28,326,518
09/01/2009,SSF,TX,ASW,CE,Federal Contract Tower,0,0,13,19,32,0,0,147,0,147,0,0,160,19,179,342,28,370,549
09/02/2009,SSF,TX,ASW,CE,Federal Contract Tower,0,0,2,12,14,0,0,177,0,177,0,0,179,12,191,470,16,486,677
09/03/2009,SSF,TX,ASW,CE,Federal Contract Tower,0,0,11,31,42,0,0,169,3,172,0,0,180,34,214,438,40,478,692
09/04/2009,SSF,TX,ASW,CE,Federal Contract Tower,0,0,7,8,15,0,0,148,0,148,0,0,155,8,163,394,12,406,569
09/05/2009,SSF,TX,ASW,CE,Federal Contract Tower,0,0,6,0,6,0,0,159,0,159,0,0,165,0,165,296,0,296,461
09/06/2009,SSF,TX,ASW,CE,Federal Contract Tower,0,0,7,0,7,0,0,97,0,97,0,0,104,0,104,164,0,164,268
09/07/2009,SSF,TX,ASW,CE,Federal Contract Tower,0,0,10,0,10,0,0,105,0,105,0,0,115,0,115,296,0,296,411
09/08/2009,SSF,TX,ASW,CE,Federal Contract Tower,0,0,16,8,24,0,0,133,2,135,0,0,149,10,159,250,76,326,485
09/09/2009,SSF,TX,ASW,CE,Federal Contract Tower,0,0,9,2,11,0,0,85,2,87,0,0,94,4,98,194,16,210,308
09/10/2009,SSF,TX,ASW,CE,Federal Contract Tower,0,0,19,4,23,0,0,45,8,53,0,0,64,12,76,46,0,46,122
09/11/2009,SSF,TX,ASW,CE,Federal Contract Tower,0,0,30,0,30,0,0,23,0,23,0,0,53,0,53,30,0,30,83
09/12/2009,SSF,TX,ASW,CE,Federal Contract Tower,0,0,20,3,23,0,0,34,0,34,0,0,54,3,57,70,2,72,129
09/13/2009,SSF,TX,ASW,CE,Federal Contract Tower,0,0,8,0,8,0,0,76,0,76,0,0,84,0,84,258,0,258,342
09/14/2009,SSF,TX,ASW,CE,Federal Contract Tower,0,0,13,14,27,0,0,154,0,154,0,0,167,14,181,330,28,358,539
09/15/2009,SSF,TX,ASW,CE,Federal Contract Tower,0,0,6,20,26,0,0,210,0,210,0,0,216,20,236,492,24,516,752
09/16/2009,SSF,TX,ASW,CE,Federal Contract Tower,0,0,14,14,28,0,0,155,0,155,0,0,169,14,183,368,20,388,571
09/17/2009,SSF,TX,ASW,CE,Federal Contract Tower,0,0,8,17,25,0,0,166,0,166,0,0,174,17,191,362,20,382,573
09/18/2009,SSF,TX,ASW,CE,Federal Contract Tower,0,0,18,6,24,0,0,147,0,147,0,0,165,6,171,308,6,314,485
09/19/2009,SSF,TX,ASW,CE,Federal Contract Tower,0,1,9,0,10,0,0,115,0,115,0,1,124,0,125,336,0,336,461
09/20/2009,SSF,TX,ASW,CE,Federal Contract Tower,0,2,6,2,10,0,0,85,0,85,0,2,91,2,95,204,2,206,301
09/21/2009,SSF,TX,ASW,CE,Federal Contract Tower,0,0,1,9,10,0,0,154,0,154,0,0,155,9,164,434,10,444,608
09/22/2009,SSF,TX,ASW,CE,Federal Contract Tower,0,0,14,0,14,0,0,19,0,19,0,0,33,0,33,24,0,24,57
09/23/2009,SSF,TX,ASW,CE,Federal Contract Tower,0,0,14,7,21,0,0,81,2,83,0,0,95,9,104,168,8,176,280
09/24/2009,SSF,TX,ASW,CE,Federal Contract Tower,0,0,7,2,9,0,0,78,0,78,0,0,85,2,87,282,2,284,371
09/25/2009,SSF,TX,ASW,CE,Federal Contract Tower,0,0,6,4,10,0,0,187,0,187,0,0,193,4,197,494,2,496,693
09/26/2009,SSF,TX,ASW,CE,Federal Contract Tower,0,0,8,0,8,0,0,147,0,147,0,0,155,0,155,274,0,274,429
09/27/2009,SSF,TX,ASW,CE,Federal Contract Tower,0,0,3,0,3,0,0,93,0,93,0,0,96,0,96,176,0,176,272
09/28/2009,SSF,TX,ASW,CE,Federal Contract Tower,0,0,3,5,8,0,0,143,0,143,0,0,146,5,151,302,6,308,459
09/29/2009,SSF,TX,ASW,CE,Federal Contract Tower,0,0,12,30,42,0,0,189,6,195,0,0,201,36,237,404,30,434,671
09/30/2009,SSF,TX,ASW,CE,Federal Contract Tower,0,0,28,27,55,0,0,120,0,120,0,0,148,27,175,388,48,436,611
10/01/2009,SSF,TX,ASW,CE,Federal Contract Tower,0,0,26,18,44,0,0,173,6,179,0,0,199,24,223,456,30,486,709
10/02/2009,SSF,TX,ASW,CE,Federal Contract Tower,0,0,18,21,39,0,0,184,0,184,0,0,202,21,223,336,18,354,577
10/03/2009,SSF,TX,ASW,CE,Federal Contract Tower,0,0,10,0,10,0,0,11,0,11,0,0,21,0,21,48,0,48,69
10/04/2009,SSF,TX,ASW,CE,Federal Contract Tower,0,0,10,0,10,0,0,27,2,29,0,0,37,2,39,50,6,56,95
10/05/2009,SSF,TX,ASW,CE,Federal Contract Tower,0,0,7,8,15,0,0,88,4,92,0,0,95,12,107,140,12,152,259
10/06/2009,SSF,TX,ASW,CE,Federal Contract Tower,0,0,15,21,36,0,0,151,0,151,0,0,166,21,187,416,24,440,627
10/07/2009,SSF,TX,ASW,CE,Federal Contract Tower,0,0,22,21,43,0,0,127,9,136,0,0,149,30,179,358,34,392,571
10/08/2009,SSF,TX,ASW,CE,Federal Contract Tower,0,0,13,5,18,0,0,60,3,63,0,0,73,8,81,160,12,172,253
10/09/2009,SSF,TX,ASW,CE,Federal Contract Tower,0,0,26,0,26,0,0,70,0,70,0,0,96,0,96,192,0,192,288
10/10/2009,SSF,TX,ASW,CE,Federal Contract Tower,0,0,36,0,36,0,0,57,0,57,0,0,93,0,93,172,0,172,265
10/11/2009,SSF,TX,ASW,CE,Federal Contract Tower,0,0,18,0,18,0,0,0,0,0,0,0,18,0,18,0,0,0,18
10/12/2009,SSF,TX,ASW,CE,Federal Contract Tower,0,0,22,0,22,0,0,15,0,15,0,0,37,0,37,30,0,30,67
10/13/2009,SSF,TX,ASW,CE,Federal Contract Tower,0,0,9,8,17,0,0,97,0,97,0,0,106,8,114,288,4,292,406
10/14/2009,SSF,TX,ASW,CE,Federal Contract Tower,0,0,24,14,38,0,0,194,4,198,0,0,218,18,236,538,38,576,812
10/15/2009,SSF,TX,ASW,CE,Federal Contract Tower,0,0,21,13,34,0,0,219,0,219,0,0,240,13,253,388,16,404,657
10/16/2009,SSF,TX,ASW,CE,Federal Contract Tower,0,0,19,14,33,0,0,124,0,124,0,0,143,14,157,123,30,153,310
10/17/2009,SSF,TX,ASW,CE,Federal Contract Tower,0,0,2,0,2,0,0,182,0,182,0,0,184,0,184,314,0,314,498
10/18/2009,SSF,TX,ASW,CE,Federal Contract Tower,0,0,11,0,11,0,0,157,0,157,0,0,168,0,168,210,0,210,378
10/19/2009,SSF,TX,ASW,CE,Federal Contract Tower,0,0,6,14,20,0,0,162,0,162,0,0,168,14,182,228,16,244,426
10/20/2009,SSF,TX,ASW,CE,Federal Contract Tower,0,0,14,16,30,0,0,227,0,227,0,0,241,16,257,346,20,366,623
10/21/2009,SSF,TX,ASW,CE,Federal Contract Tower,0,0,22,10,32,0,0,74,2,76,0,0,96,12,108,152,20,172,280
10/22/2009,SSF,TX,ASW,CE,Federal Contract Tower,0,0,25,9,34,0,0,128,0,128,0,0,153,9,162,252,8,260,422
10/23/2009,SSF,TX,ASW,CE,Federal Contract Tower,0,0,10,18,28,0,0,172,0,172,0,0,182,18,200,306,14,320,520
10/24/2009,SSF,TX,ASW,CE,Federal Contract Tower,0,0,9,0,9,0,0,128,0,128,0,0,137,0,137,240,0,240,377
10/25/2009,SSF,TX,ASW,CE,Federal Contract Tower,0,0,12,0,12,0,0,90,0,90,0,0,102,0,102,178,0,178,280
10/26/2009,SSF,TX,ASW,CE,Federal Contract Tower,0,0,21,0,21,0,0,22,0,22,0,0,43,0,43,48,0,48,91
10/27/2009,SSF,TX,ASW,CE,Federal Contract Tower,0,0,13,19,32,0,0,184,0,184,0,0,197,19,216,384,20,404,620
10/28/2009,SSF,TX,ASW,CE,Federal Contract Tower,0,0,35,23,58,0,0,79,0,79,0,0,114,23,137,154,40,194,331
10/29/2009,SSF,TX,ASW,CE,Federal Contract Tower,0,0,30,30,60,0,0,55,0,55,0,0,85,30,115,148,38,186,301
10/30/2009,SSF,TX,ASW,CE,Federal Contract Tower,0,0,20,16,36,0,0,147,0,147,0,0,167,16,183,308,14,322,505
10/31/2009,SSF,TX,ASW,CE,Federal Contract Tower,0,0,7,0,7,0,0,163,0,163,0,0,170,0,170,288,0,288,458
11/01/2009,SSF,TX,ASW,CE,Federal Contract Tower,0,0,5,2,7,0,0,119,0,119,0,0,124,2,126,208,2,210,336
11/02/2009,SSF,TX,ASW,CE,Federal Contract Tower,0,0,10,23,33,0,0,157,0,157,0,0,167,23,190,326,38,364,554
11/03/2009,SSF,TX,ASW,CE,Federal Contract Tower,0,0,12,24,36,0,0,188,0,188,0,0,200,24,224,472,32,504,728
11/04/2009,SSF,TX,ASW,CE,Federal Contract Tower,0,0,6,32,38,0,0,216,2,218,0,0,222,34,256,384,36,420,676
11/05/2009,SSF,TX,ASW,CE,Federal Contract Tower,0,0,18,3,21,0,0,184,0,184,0,0,202,3,205,300,6,306,511
11/06/2009,SSF,TX,ASW,CE,Federal Contract Tower,0,0,28,4,32,0,0,96,0,96,0,0,124,4,128,174,0,174,302
11/07/2009,SSF,TX,ASW,CE,Federal Contract Tower,0,0,16,0,16,0,0,91,2,93,0,0,107,2,109,138,0,138,247
11/08/2009,SSF,TX,ASW,CE,Federal Contract Tower,0,0,14,0,14,0,0,9,0,9,0,0,23,0,23,10,0,10,33
11/09/2009,SSF,TX,ASW,CE,Federal Contract Tower,0,0,19,8,27,0,0,105,0,105,0,0,124,8,132,204,20,224,356
11/10/2009,SSF,TX,ASW,CE,Federal Contract Tower,0,0,20,38,58,0,0,180,0,180,0,0,200,38,238,422,48,470,708
11/11/2009,SSF,TX,ASW,CE,Federal Contract Tower,0,0,16,0,16,0,0,161,0,161,0,0,177,0,177,350,0,350,527
11/12/2009,SSF,TX,ASW,CE,Federal Contract Tower,0,0,11,31,42,0,0,164,0,164,0,0,175,31,206,300,50,350,556
11/13/2009,SSF,TX,ASW,CE,Federal Contract Tower,0,0,30,9,39,0,0,123,0,123,0,0,153,9,162,218,10,228,390
11/14/2009,SSF,TX,ASW,CE,Federal Contract Tower,0,0,12,0,12,0,0,129,3,132,0,0,141,3,144,226,0,226,370
11/15/2009,SSF,TX,ASW,CE,Federal Contract Tower,0,0,13,4,17,0,0,29,0,29,0,0,42,4,46,74,2,76,122
11/16/2009,SSF,TX,ASW,CE,Federal Contract Tower,0,0,17,17,34,0,0,134,0,134,0,0,151,17,168,296,20,316,484
11/17/2009,SSF,TX,ASW,CE,Federal Contract Tower,0,0,7,25,32,0,0,154,0,154,0,0,161,25,186,288,46,334,520
11/18/2009,SSF,TX,ASW,CE,Federal Contract Tower,0,0,13,28,41,0,0,215,0,215,0,0,228,28,256,246,42,288,544
11/19/2009,SSF,TX,ASW,CE,Federal Contract Tower,0,0,31,21,52,0,0,129,2,131,0,0,160,23,183,312,22,334,517
11/20/2009,SSF,TX,ASW,CE,Federal Contract Tower,0,0,8,0,8,0,0,15,0,15,0,0,23,0,23,2,0,2,25
11/21/2009,SSF,TX,ASW,CE,Federal Contract Tower,0,0,12,0,12,0,0,66,3,69,0,0,78,3,81,146,24,170,251
11/22/2009,SSF,TX,ASW,CE,Federal Contract Tower,0,0,11,0,11,0,0,72,0,72,0,0,83,0,83,264,0,264,347
11/23/2009,SSF,TX,ASW,CE,Federal Contract Tower,0,0,23,17,40,0,0,151,2,153,0,0,174,19,193,306,30,336,529
11/24/2009,SSF,TX,ASW,CE,Federal Contract Tower,0,0,10,5,15,0,0,103,0,103,0,0,113,5,118,266,0,266,384
11/25/2009,SSF,TX,ASW,CE,Federal Contract Tower,0,0,21,6,27,0,0,197,0,197,0,0,218,6,224,402,8,410,634
11/26/2009,SSF,TX,ASW,CE,Federal Contract Tower,0,0,0,0,0,0,0,32,0,32,0,0,32,0,32,94,0,94,126
11/27/2009,SSF,TX,ASW,CE,Federal Contract Tower,0,0,19,0,19,0,0,152,0,152,0,0,171,0,171,198,0,198,369
11/28/2009,SSF,TX,ASW,CE,Federal Contract Tower,0,0,35,0,35,0,0,77,0,77,0,0,112,0,112,214,0,214,326
11/29/2009,SSF,TX,ASW,CE,Federal Contract Tower,0,0,18,0,18,0,0,16,3,19,0,0,34,3,37,16,0,16,53
11/30/2009,SSF,TX,ASW,CE,Federal Contract Tower,0,0,9,0,9,0,0,75,3,78,0,0,84,3,87,32,0,32,119
12/01/2009,SSF,TX,ASW,CE,Federal Contract Tower,0,0,18,4,22,0,0,11,0,11,0,0,29,4,33,14,0,14,47
12/02/2009,SSF,TX,ASW,CE,Federal Contract Tower,0,0,15,9,24,0,0,118,0,118,0,0,133,9,142,310,12,322,464
12/03/2009,SSF,TX,ASW,CE,Federal Contract Tower,0,0,21,10,31,0,0,122,2,124,0,0,143,12,155,180,14,194,349
12/04/2009,SSF,TX,ASW,CE,Federal Contract Tower,0,0,4,0,4,0,0,54,0,54,0,0,58,0,58,70,0,70,128
12/05/2009,SSF,TX,ASW,CE,Federal Contract Tower,0,0,11,0,11,0,0,127,0,127,0,0,138,0,138,278,4,282,420
12/06/2009,SSF,TX,ASW,CE,Federal Contract Tower,0,0,5,4,9,0,0,17,0,17,0,0,22,4,26,66,0,66,92
12/07/2009,SSF,TX,ASW,CE,Federal Contract Tower,0,0,20,2,22,0,0,5,0,5,0,0,25,2,27,9,0,9,36
12/08/2009,SSF,TX,ASW,CE,Federal Contract Tower,0,0,51,12,63,0,0,6,0,6,0,0,57,12,69,0,0,0,69
12/09/2009,SSF,TX,ASW,CE,Federal Contract Tower,0,0,17,18,35,0,0,199,2,201,0,0,216,20,236,306,14,320,556
12/10/2009,SSF,TX,ASW,CE,Federal Contract Tower,0,0,15,9,24,0,0,167,0,167,0,0,182,9,191,264,18,282,473
12/11/2009,SSF,TX,ASW,CE,Federal Contract Tower,0,0,6,5,11,0,0,6,0,6,0,0,12,5,17,0,0,0,17
12/12/2009,SSF,TX,ASW,CE,Federal Contract Tower,0,0,19,5,24,0,0,21,0,21,0,0,40,5,45,6,0,6,51
12/13/2009,SSF,TX,ASW,CE,Federal Contract Tower,0,0,0,0,0,0,0,35,0,35,0,0,35,0,35,70,0,70,105
12/14/2009,SSF,TX,ASW,CE,Federal Contract Tower,0,0,4,0,4,0,0,0,0,0,0,0,4,0,4,0,0,0,4
12/15/2009,SSF,TX,ASW,CE,Federal Contract Tower,0,0,23,22,45,0,0,58,0,58,0,0,81,22,103,47,18,65,168
12/16/2009,SSF,TX,ASW,CE,Federal Contract Tower,0,0,29,20,49,0,0,75,0,75,0,0,104,20,124,206,30,236,360
12/17/2009,SSF,TX,ASW,CE,Federal Contract Tower,0,0,43,12,55,0,0,36,0,36,0,0,79,12,91,94,16,110,201
12/18/2009,SSF,TX,ASW,CE,Federal Contract Tower,0,0,34,9,43,0,0,115,0,115,0,0,149,9,158,302,14,316,474
12/19/2009,SSF,TX,ASW,CE,Federal Contract Tower,0,0,12,0,12,0,0,158,0,158,0,0,170,0,170,228,0,228,398
12/20/2009,SSF,TX,ASW,CE,Federal Contract Tower,0,0,3,0,3,0,0,84,0,84,0,0,87,0,87,218,0,218,305
12/21/2009,SSF,TX,ASW,CE,Federal Contract Tower,0,0,20,10,30,0,0,125,1,126,0,0,145,11,156,184,48,232,388
12/22/2009,SSF,TX,ASW,CE,Federal Contract Tower,0,0,29,5,34,0,0,94,0,94,0,0,123,5,128,218,4,222,350
12/23/2009,SSF,TX,ASW,CE,Federal Contract Tower,0,0,39,2,41,0,0,104,0,104,0,0,143,2,145,200,4,204,349
12/24/2009,SSF,TX,ASW,CE,Federal Contract Tower,0,0,6,0,6,0,0,17,0,17,0,0,23,0,23,16,0,16,39
12/25/2009,SSF,TX,ASW,CE,Federal Contract Tower,0,0,1,0,1,0,0,13,0,13,0,0,14,0,14,0,0,0,14
12/26/2009,SSF,TX,ASW,CE,Federal Contract Tower,0,0,18,0,18,0,0,125,0,125,0,0,143,0,143,280,0,280,423
12/27/2009,SSF,TX,ASW,CE,Federal Contract Tower,0,0,9,0,9,0,0,105,0,105,0,0,114,0,114,150,0,150,264
12/28/2009,SSF,TX,ASW,CE,Federal Contract Tower,0,0,17,0,17,0,0,114,0,114,0,0,131,0,131,214,0,214,345
12/29/2009,SSF,TX,ASW,CE,Federal Contract Tower,0,0,3,1,4,0,0,0,0,0,0,0,3,1,4,0,0,0,4
12/30/2009,SSF,TX,ASW,CE,Federal Contract Tower,0,0,25,1,26,0,0,104,0,104,0,0,129,1,130,78,0,78,208
12/31/2009,SSF,TX,ASW,CE,Federal Contract Tower,0,0,13,0,13,0,0,115,0,115,0,0,128,0,128,98,0,98,226
01/01/2010,SSF,TX,ASW,CE,Federal Contract Tower,0,0,1,0,1,0,0,50,0,50,0,0,51,0,51,66,0,66,117
01/02/2010,SSF,TX,ASW,CE,Federal Contract Tower,0,0,9,0,9,0,0,150,0,150,0,0,159,0,159,190,0,190,349
01/03/2010,SSF,TX,ASW,CE,Federal Contract Tower,0,0,15,0,15,0,0,53,0,53,0,0,68,0,68,162,0,162,230
01/04/2010,SSF,TX,ASW,CE,Federal Contract Tower,0,0,19,2,21,0,0,124,0,124,0,0,143,2,145,180,0,180,325
01/05/2010,SSF,TX,ASW,CE,Federal Contract Tower,0,0,12,0,12,0,0,164,2,166,0,0,176,2,178,264,0,264,442
01/06/2010,SSF,TX,ASW,CE,Federal Contract Tower,0,0,38,22,60,0,0,26,2,28,0,0,64,24,88,70,22,92,180
01/07/2010,SSF,TX,ASW,CE,Federal Contract Tower,0,0,5,6,11,0,0,32,0,32,0,0,37,6,43,60,0,60,103
01/08/2010,SSF,TX,ASW,CE,Federal Contract Tower,0,0,20,2,22,0,0,102,17,119,0,0,122,19,141,106,2,108,249
01/09/2010,SSF,TX,ASW,CE,Federal Contract Tower,0,0,21,2,23,0,0,72,2,74,0,0,93,4,97,58,0,58,155
01/10/2010,SSF,TX,ASW,CE,Federal Contract Tower,0,0,1,0,1,0,0,115,0,115,0,0,116,0,116,232,0,232,348
01/11/2010,SSF,TX,ASW,CE,Federal Contract Tower,0,0,21,13,34,0,0,151,0,151,0,0,172,13,185,274,18,292,477
01/12/2010,SSF,TX,ASW,CE,Federal Contract Tower,0,0,18,22,40,0,0,121,0,121,0,0,139,22,161,262,24,286,447
01/13/2010,SSF,TX,ASW,CE,Federal Contract Tower,0,0,23,12,35,0,0,8,0,8,0,0,31,12,43,10,26,36,79
01/14/2010,SSF,TX,ASW,CE,Federal Contract Tower,0,0,1,0,1,0,0,0,0,0,0,0,1,0,1,0,0,0,1
01/15/2010,SSF,TX,ASW,CE,Federal Contract Tower,0,0,2,0,2,0,0,6,0,6,0,0,8,0,8,18,0,18,26
01/16/2010,SSF,TX,ASW,CE,Federal Contract Tower,0,0,11,0,11,0,0,78,1,79,0,0,89,1,90,132,0,132,222
01/17/2010,SSF,TX,ASW,CE,Federal Contract Tower,0,0,2,0,2,0,0,103,0,103,0,0,105,0,105,190,0,190,295
01/18/2010,SSF,TX,ASW,CE,Federal Contract Tower,0,0,31,0,31,0,0,107,0,107,0,0,138,0,138,246,2,248,386
01/19/2010,SSF,TX,ASW,CE,Federal Contract Tower,0,0,17,10,27,0,0,104,0,104,0,0,121,10,131,306,12,318,449
01/20/2010,SSF,TX,ASW,CE,Federal Contract Tower,0,0,32,15,47,0,0,89,0,89,0,0,121,15,136,260,24,284,420
01/21/2010,SSF,TX,ASW,CE,Federal Contract Tower,0,0,17,11,28,0,0,180,2,182,0,0,197,13,210,288,22,310,520
01/22/2010,SSF,TX,ASW,CE,Federal Contract Tower,0,2,29,9,40,0,0,104,0,104,0,2,133,9,144,184,10,194,338
01/23/2010,SSF,TX,ASW,CE,Federal Contract Tower,0,0,14,3,17,0,0,109,2,111,0,0,123,5,128,140,2,142,270
01/24/2010,SSF,TX,ASW,CE,Federal Contract Tower,0,0,2,4,6,0,0,54,0,54,0,0,56,4,60,28,4,32,92
01/25/2010,SSF,TX,ASW,CE,Federal Contract Tower,0,0,8,5,13,0,0,181,0,181,0,0,189,5,194,352,8,360,554
01/26/2010,SSF,TX,ASW,CE,Federal Contract Tower,0,0,13,8,21,0,0,159,0,159,0,0,172,8,180,308,10,318,498
01/27/2010,SSF,TX,ASW,CE,Federal Contract Tower,0,0,30,10,40,0,0,81,0,81,0,0,111,10,121,134,16,150,271
01/28/2010,SSF,TX,ASW,CE,Federal Contract Tower,0,0,3,0,3,0,0,17,4,21,0,0,20,4,24,8,16,24,48
01/29/2010,SSF,TX,ASW,CE,Federal Contract Tower,0,0,13,3,16,0,0,108,0,108,0,0,121,3,124,236,4,240,364
01/30/2010,SSF,TX,ASW,CE,Federal Contract Tower,0,0,13,1,14,0,0,123,0,123,0,0,136,1,137,152,2,154,291
01/31/2010,SSF,TX,ASW,CE,Federal Contract Tower,0,0,9,0,9,0,0,11,0,11,0,0,20,0,20,42,0,42,62
02/01/2010,SSF,TX,ASW,CE,Federal Contract Tower,0,0,3,0,3,0,0,0,0,0,0,0,3,0,3,0,0,0,3
02/02/2010,SSF,TX,ASW,CE,Federal Contract Tower,0,0,11,0,11,0,0,0,0,0,0,0,11,0,11,0,0,0,11
02/03/2010,SSF,TX,ASW,CE,Federal Contract Tower,0,0,5,0,5,0,0,0,0,0,0,0,5,0,5,0,0,0,5
02/04/2010,SSF,TX,ASW,CE,Federal Contract Tower,0,0,7,2,9,0,0,5,0,5,0,0,12,2,14,10,2,12,26
02/05/2010,SSF,TX,ASW,CE,Federal Contract Tower,0,0,24,7,31,0,0,150,0,150,0,0,174,7,181,373,12,385,566
02/06/2010,SSF,TX,ASW,CE,Federal Contract Tower,0,0,1,0,1,0,0,181,0,181,0,0,182,0,182,334,0,334,516
02/07/2010,SSF,TX,ASW,CE,Federal Contract Tower,0,0,12,1,13,0,0,26,0,26,0,0,38,1,39,96,2,98,137
02/08/2010,SSF,TX,ASW,CE,Federal Contract Tower,0,0,4,14,18,0,0,24,0,24,0,0,28,14,42,58,16,74,116
02/09/2010,SSF,TX,ASW,CE,Federal Contract Tower,0,0,5,9,14,0,0,143,2,145,0,0,148,11,159,176,28,204,363
02/10/2010,SSF,TX,ASW,CE,Federal Contract Tower,0,0,14,4,18,0,0,54,3,57,0,0,68,7,75,88,64,152,227
02/11/2010,SSF,TX,ASW,CE,Federal Contract Tower,0,0,5,1,6,0,0,8,0,8,0,0,13,1,14,14,0,14,28
02/12/2010,SSF,TX,ASW,CE,Federal Contract Tower,0,0,27,1,28,0,0,164,0,164,0,0,191,1,192,334,0,334,526
02/13/2010,SSF,TX,ASW,CE,Federal Contract Tower,0,0,10,0,10,0,0,158,0,158,0,0,168,0,168,182,0,182,350
02/14/2010,SSF,TX,ASW,CE,Federal Contract Tower,0,0,12,0,12,0,0,91,0,91,0,0,103,0,103,74,0,74,177
02/15/2010,SSF,TX,ASW,CE,Federal Contract Tower,0,0,5,0,5,0,0,141,0,141,0,0,146,0,146,178,0,178,324
02/16/2010,SSF,TX,ASW,CE,Federal Contract Tower,0,0,12,13,25,0,0,194,0,194,0,0,206,13,219,364,16,380,599
02/17/2010,SSF,TX,ASW,CE,Federal Contract Tower,0,0,9,14,23,0,0,160,0,160,0,0,169,14,183,368,20,388,571
02/18/2010,SSF,TX,ASW,CE,Federal Contract Tower,0,2,12,10,24,0,0,157,0,157,0,2,169,10,181,282,12,294,475
02/19/2010,SSF,TX,ASW,CE,Federal Contract Tower,0,0,35,14,49,0,0,33,0,33,0,0,68,14,82,44,0,44,126
02/20/2010,SSF,TX,ASW,CE,Federal Contract Tower,0,0,14,0,14,0,0,46,0,46,0,0,60,0,60,66,0,66,126
02/21/2010,SSF,TX,ASW,CE,Federal Contract Tower,0,0,16,1,17,0,0,91,0,91,0,0,107,1,108,150,2,152,260
02/22/2010,SSF,TX,ASW,CE,Federal Contract Tower,0,0,8,13,21,0,0,148,0,148,0,0,156,13,169,236,20,256,425
02/23/2010,SSF,TX,ASW,CE,Federal Contract Tower,0,0,5,0,5,0,0,22,0,22,0,0,27,0,27,28,0,28,55
02/24/2010,SSF,TX,ASW,CE,Federal Contract Tower,0,1,28,17,46,0,0,194,3,197,0,1,222,20,243,336,34,370,613
02/25/2010,SSF,TX,ASW,CE,Federal Contract Tower,0,0,13,16,29,0,0,129,0,129,0,0,142,16,158,192,26,218,376
02/26/2010,SSF,TX,ASW,CE,Federal Contract Tower,0,0,25,24,49,0,0,113,0,113,0,0,138,24,162,156,14,170,332
02/27/2010,SSF,TX,ASW,CE,Federal Contract Tower,0,0,6,0,6,0,0,175,0,175,0,0,181,0,181,254,0,254,435
02/28/2010,SSF,TX,ASW,CE,Federal Contract Tower,0,1,3,3,7,0,0,65,0,65,0,1,68,3,72,43,6,49,121
03/01/2010,SSF,TX,ASW,CE,Federal Contract Tower,0,0,15,10,25,0,0,47,0,47,0,0,62,10,72,66,14,80,152
03/02/2010,SSF,TX,ASW,CE,Federal Contract Tower,0,0,10,5,15,0,0,187,0,187,0,0,197,5,202,336,8,344,546
03/03/2010,SSF,TX,ASW,CE,Federal Contract Tower,0,0,8,9,17,0,0,183,0,183,0,0,191,9,200,410,16,426,626
03/04/2010,SSF,TX,ASW,CE,Federal Contract Tower,0,0,12,15,27,0,0,127,0,127,0,0,139,15,154,280,28,308,462
03/05/2010,SSF,TX,ASW,CE,Federal Contract Tower,0,0,33,7,40,0,0,88,0,88,0,0,121,7,128,164,14,178,306
03/06/2010,SSF,TX,ASW,CE,Federal Contract Tower,0,0,13,2,15,0,0,72,0,72,0,0,85,2,87,204,2,206,293
03/07/2010,SSF,TX,ASW,CE,Federal Contract Tower,0,0,15,0,15,0,0,18,0,18,0,0,33,0,33,72,0,72,105
03/08/2010,SSF,TX,ASW,CE,Federal Contract Tower,0,0,5,10,15,0,0,24,0,24,0,0,29,10,39,122,6,128,167
03/09/2010,SSF,TX,ASW,CE,Federal Contract Tower,0,0,17,9,26,0,0,175,2,177,0,0,192,11,203,298,16,314,517
03/10/2010,SSF,TX,ASW,CE,Federal Contract Tower,0,0,15,9,24,0,0,112,0,112,0,0,127,9,136,204,18,222,358
03/11/2010,SSF,TX,ASW,CE,Federal Contract Tower,0,0,15,16,31,0,0,203,5,208,0,0,218,21,239,344,36,380,619
03/12/2010,SSF,TX,ASW,CE,Federal Contract Tower,0,0,16,23,39,0,0,246,0,246,0,0,262,23,285,370,28,398,683
03/13/2010,SSF,TX,ASW,CE,Federal Contract Tower,0,0,6,1,7,0,0,152,0,152,0,0,158,1,159,300,2,302,461
03/14/2010,SSF,TX,ASW,CE,Federal Contract Tower,0,0,9,0,9,0,0,59,0,59,0,0,68,0,68,160,0,160,228
03/15/2010,SSF,TX,ASW,CE,Federal Contract Tower,0,0,21,6,27,0,0,94,0,94,0,0,115,6,121,164,6,170,291
03/16/2010,SSF,TX,ASW,CE,Federal Contract Tower,0,0,23,0,23,0,0,78,0,78,0,0,101,0,101,60,0,60,161
03/17/2010,SSF,TX,ASW,CE,Federal Contract Tower,0,0,13,10,23,0,0,198,0,198,0,0,211,10,221,254,18,272,493
03/18/2010,SSF,TX,ASW,CE,Federal Contract Tower,0,0,3,20,23,0,0,241,0,241,0,0,244,20,264,366,30,396,660
03/19/2010,SSF,TX,ASW,CE,Federal Contract Tower,0,0,17,14,31,0,0,151,0,151,0,0,168,14,182,236,28,264,446
03/20/2010,SSF,TX,ASW,CE,Federal Contract Tower,0,0,12,0,12,0,0,30,0,30,0,0,42,0,42,0,0,0,42
03/21/2010,SSF,TX,ASW,CE,Federal Contract Tower,0,0,5,2,7,0,0,56,0,56,0,0,61,2,63,88,0,88,151
03/22/2010,SSF,TX,ASW,CE,Federal Contract Tower,0,0,13,18,31,0,0,204,4,208,0,0,217,22,239,252,20,272,511
03/23/2010,SSF,TX,ASW,CE,Federal Contract Tower,0,0,23,28,51,0,0,181,0,181,0,0,204,28,232,364,44,408,640
03/24/2010,SSF,TX,ASW,CE,Federal Contract Tower,0,0,12,1,13,0,0,13,0,13,0,0,25,1,26,40,0,40,66
03/25/2010,SSF,TX,ASW,CE,Federal Contract Tower,0,0,14,23,37,0,0,187,7,194,0,0,201,30,231,294,56,350,581
03/26/2010,SSF,TX,ASW,CE,Federal Contract Tower,0,0,18,15,33,0,0,186,0,186,0,0,204,15,219,250,24,274,493
03/27/2010,SSF,TX,ASW,CE,Federal Contract Tower,0,0,29,1,30,0,0,155,0,155,0,0,184,1,185,156,0,156,341
03/28/2010,SSF,TX,ASW,CE,Federal Contract Tower,0,0,12,4,16,0,0,112,0,112,0,0,124,4,128,118,4,122,250
03/29/2010,SSF,TX,ASW,CE,Federal Contract Tower,0,0,9,10,19,0,0,160,0,160,0,0,169,10,179,300,20,320,499
03/30/2010,SSF,TX,ASW,CE,Federal Contract Tower,0,0,31,12,43,0,0,194,2,196,0,0,225,14,239,260,14,274,513
03/31/2010,SSF,TX,ASW,CE,Federal Contract Tower,0,0,17,13,30,0,0,188,8,196,0,0,205,21,226,304,16,320,546
04/01/2010,SSF,TX,ASW,CE,Federal Contract Tower,0,0,16,9,25,0,0,100,0,100,0,0,116,9,125,42,18,60,185
04/02/2010,SSF,TX,ASW,CE,Federal Contract Tower,0,0,36,6,42,0,0,85,0,85,0,0,121,6,127,166,12,178,305
04/03/2010,SSF,TX,ASW,CE,Federal Contract Tower,0,0,21,0,21,0,0,234,0,234,0,0,255,0,255,322,0,322,577
04/04/2010,SSF,TX,ASW,CE,Federal Contract Tower,0,0,8,0,8,0,0,35,0,35,0,0,43,0,43,28,0,28,71
04/05/2010,SSF,TX,ASW,CE,Federal Contract Tower,0,0,52,7,59,0,0,131,0,131,0,0,183,7,190,220,6,226,416
04/06/2010,SSF,TX,ASW,CE,Federal Contract Tower,0,0,35,12,47,0,0,132,0,132,0,0,167,12,179,276,20,296,475
04/07/2010,SSF,TX,ASW,CE,Federal Contract Tower,0,0,15,22,37,0,0,76,0,76,0,0,91,22,113,112,32,144,257
04/08/2010,SSF,TX,ASW,CE,Federal Contract Tower,0,0,25,4,29,0,0,247,3,250,0,0,272,7,279,348,8,356,635
04/09/2010,SSF,TX,ASW,CE,Federal Contract Tower,0,0,17,13,30,0,0,211,0,211,0,0,228,13,241,322,20,342,583
04/10/2010,SSF,TX,ASW,CE,Federal Contract Tower,0,0,16,0,16,0,0,93,0,93,0,0,109,0,109,208,0,208,317
04/11/2010,SSF,TX,ASW,CE,Federal Contract Tower,0,0,8,3,11,0,0,3,0,3,0,0,11,3,14,20,4,24,38
04/12/2010,SSF,TX,ASW,CE,Federal Contract Tower,0,0,14,15,29,0,0,97,0,97,0,0,111,15,126,210,22,232,358
04/13/2010,SSF,TX,ASW,CE,Federal Contract Tower,0,0,26,15,41,0,0,145,0,145,0,0,171,15,186,222,16,238,424
04/14/2010,SSF,TX,ASW,CE,Federal Contract Tower,0,0,33,7,40,0,0,38,0,38,0,0,71,7,78,122,16,138,216
04/15/2010,SSF,TX,ASW,CE,Federal Contract Tower,0,0,4,0,4,0,0,5,0,5,0,0,9,0,9,2,0,2,11
04/16/2010,SSF,TX,ASW,CE,Federal Contract Tower,0,0,9,2,11,0,0,37,0,37,0,0,46,2,48,34,2,36,84
04/17/2010,SSF,TX,ASW,CE,Federal Contract Tower,0,0,7,0,7,0,0,16,0,16,0,0,23,0,23,4,0,4,27
04/18/2010,SSF,TX,ASW,CE,Federal Contract Tower,0,0,12,8,20,0,0,95,0,95,0,0,107,8,115,252,8,260,375
04/19/2010,SSF,TX,ASW,CE,Federal Contract Tower,0,0,34,10,44,0,0,162,2,164,0,0,196,12,208,224,14,238,446
04/20/2010,SSF,TX,ASW,CE,Federal Contract Tower,0,0,23,12,35,0,0,112,0,112,0,0,135,12,147,210,18,228,375
04/21/2010,SSF,TX,ASW,CE,Federal Contract Tower,0,0,38,5,43,0,0,211,0,211,0,0,249,5,254,410,10,420,674
04/22/2010,SSF,TX,ASW,CE,Federal Contract Tower,0,0,31,9,40,0,0,50,0,50,0,0,81,9,90,110,14,124,214
04/23/2010,SSF,TX,ASW,CE,Federal Contract Tower,0,0,35,11,46,0,0,137,0,137,0,0,172,11,183,176,20,196,379
04/24/2010,SSF,TX,ASW,CE,Federal Contract Tower,0,0,21,5,26,0,0,129,0,129,0,0,150,5,155,164,10,174,329
04/25/2010,SSF,TX,ASW,CE,Federal Contract Tower,0,0,11,1,12,0,0,117,0,117,0,0,128,1,129,164,2,166,295
04/26/2010,SSF,TX,ASW,CE,Federal Contract Tower,0,1,14,24,39,0,0,165,0,165,0,1,179,24,204,196,18,214,418
04/27/2010,SSF,TX,ASW,CE,Federal Contract Tower,0,1,12,31,44,0,0,198,2,200,0,1,210,33,244,372,34,406,650
04/28/2010,SSF,TX,ASW,CE,Federal Contract Tower,0,0,15,5,20,0,0,216,2,218,0,0,231,7,238,14,4,18,256
04/29/2010,SSF,TX,ASW,CE,Federal Contract Tower,0,0,45,11,56,0,0,130,0,130,0,0,175,11,186,274,20,294,480
04/30/2010,SSF,TX,ASW,CE,Federal Contract Tower,0,0,51,1,52,0,0,118,0,118,0,0,169,1,170,202,2,204,374
05/01/2010,SSF,TX,ASW,CE,Federal Contract Tower,0,0,31,0,31,0,0,129,0,129,0,0,160,0,160,172,0,172,332
05/02/2010,SSF,TX,ASW,CE,Federal Contract Tower,0,0,19,0,19,0,0,95,0,95,0,0,114,0,114,122,0,122,236
05/03/2010,SSF,TX,ASW,CE,Federal Contract Tower,0,0,3,7,10,0,0,164,0,164,0,0,167,7,174,310,10,320,494
05/04/2010,SSF,TX,ASW,CE,Federal Contract Tower,0,0,11,15,26,0,0,239,0,239,0,0,250,15,265,394,22,416,681
05/05/2010,SSF,TX,ASW,CE,Federal Contract Tower,0,2,8,2,12,0,0,156,0,156,0,2,164,2,168,270,8,278,446
05/06/2010,SSF,TX,ASW,CE,Federal Contract Tower,0,0,22,8,30,0,0,199,0,199,0,0,221,8,229,358,14,372,601
05/07/2010,SSF,TX,ASW,CE,Federal Contract Tower,0,0,24,9,33,0,0,139,0,139,0,0,163,9,172,212,10,222,394
05/08/2010,SSF,TX,ASW,CE,Federal Contract Tower,0,0,8,1,9,0,0,62,0,62,0,0,70,1,71,70,0,70,141
05/09/2010,SSF,TX,ASW,CE,Federal Contract Tower,0,0,7,0,7,0,0,26,0,26,0,0,33,0,33,80,0,80,113
05/10/2010,SSF,TX,ASW,CE,Federal Contract Tower,0,0,44,12,56,0,0,87,0,87,0,0,131,12,143,134,16,150,293
05/11/2010,SSF,TX,ASW,CE,Federal Contract Tower,0,0,47,9,56,0,0,132,0,132,0,0,179,9,188,238,12,250,438
05/12/2010,SSF,TX,ASW,CE,Federal Contract Tower,0,0,14,15,29,0,0,116,0,116,0,0,130,15,145,278,30,308,453
05/13/2010,SSF,TX,ASW,CE,Federal Contract Tower,0,1,23,12,36,0,1,110,0,111,0,2,133,12,147,282,22,304,451
05/14/2010,SSF,TX,ASW,CE,Federal Contract Tower,0,0,4,0,4,0,0,21,0,21,0,0,25,0,25,12,0,12,37
05/15/2010,SSF,TX,ASW,CE,Federal Contract Tower,0,0,14,0,14,0,0,144,0,144,0,0,158,0,158,262,0,262,420
05/16/2010,SSF,TX,ASW,CE,Federal Contract Tower,0,0,6,0,6,0,0,37,0,37,0,0,43,0,43,152,0,152,195
05/17/2010,SSF,TX,ASW,CE,Federal Contract Tower,0,0,23,11,34,0,0,113,0,113,0,0,136,11,147,294,14,308,455
05/18/2010,SSF,TX,ASW,CE,Federal Contract Tower,0,0,26,8,34,0,0,147,0,147,0,0,173,8,181,318,6,324,505
05/19/2010,SSF,TX,ASW,CE,Federal Contract Tower,0,2,38,7,47,0,0,115,0,115,0,2,153,7,162,206,14,220,382
05/20/2010,SSF,TX,ASW,CE,Federal Contract Tower,0,0,33,6,39,0,0,94,0,94,0,0,127,6,133,158,10,168,301
05/21/2010,SSF,TX,ASW,CE,Federal Contract Tower,0,0,40,15,55,0,0,158,0,158,0,0,198,15,213,284,20,304,517
05/22/2010,SSF,TX,ASW,CE,Federal Contract Tower,0,0,24,1,25,0,0,104,1,105,0,0,128,2,130,170,0,170,300
05/23/2010,SSF,TX,ASW,CE,Federal Contract Tower,0,0,15,0,15,0,0,51,0,51,0,0,66,0,66,100,0,100,166
05/24/2010,SSF,TX,ASW,CE,Federal Contract Tower,0,0,23,9,32,0,0,70,0,70,0,0,93,9,102,118,16,134,236
05/25/2010,SSF,TX,ASW,CE,Federal Contract Tower,0,0,11,4,15,0,0,66,0,66,0,0,77,4,81,98,6,104,185
05/26/2010,SSF,TX,ASW,CE,Federal Contract Tower,0,0,39,9,48,0,0,200,0,200,0,0,239,9,248,496,16,512,760
05/27/2010,SSF,TX,ASW,CE,Federal Contract Tower,0,0,34,7,41,0,0,190,0,190,0,0,224,7,231,418,10,428,659
05/28/2010,SSF,TX,ASW,CE,Federal Contract Tower,0,0,22,1,23,0,0,152,0,152,0,0,174,1,175,170,2,172,347
05/29/2010,SSF,TX,ASW,CE,Federal Contract Tower,0,0,9,1,10,0,0,110,0,110,0,0,119,1,120,122,0,122,242
05/30/2010,SSF,TX,ASW,CE,Federal Contract Tower,0,0,4,0,4,0,0,80,0,80,0,0,84,0,84,124,0,124,208
05/31/2010,SSF,TX,ASW,CE,Federal Contract Tower,0,0,21,0,21,0,0,119,0,119,0,0,140,0,140,220,0,220,360
06/01/2010,SSF,TX,ASW,CE,Federal Contract Tower,0,0,20,16,36,0,0,128,0,128,0,0,148,16,164,138,24,162,326
06/02/2010,SSF,TX,ASW,CE,Federal Contract Tower,0,0,17,16,33,0,0,125,0,125,0,0,142,16,158,313,30,343,501
06/03/2010,SSF,TX,ASW,CE,Federal Contract Tower,0,0,20,16,36,0,0,133,0,133,0,0,153,16,169,270,26,296,465
06/04/2010,SSF,TX,ASW,CE,Federal Contract Tower,0,0,18,5,23,0,0,128,0,128,0,0,146,5,151,294,8,302,453
06/05/2010,SSF,TX,ASW,CE,Federal Contract Tower,0,0,8,2,10,0,0,100,0,100,0,0,108,2,110,156,2,158,268
06/06/2010,SSF,TX,ASW,CE,Federal Contract Tower,0,0,15,1,16,0,0,77,0,77,0,0,92,1,93,170,2,172,265
06/07/2010,SSF,TX,ASW,CE,Federal Contract Tower,0,0,32,6,38,0,0,147,0,147,0,0,179,6,185,226,8,234,419
06/08/2010,SSF,TX,ASW,CE,Federal Contract Tower,0,0,11,1,12,0,0,41,0,41,0,0,52,1,53,134,0,134,187
06/09/2010,SSF,TX,ASW,CE,Federal Contract Tower,0,0,17,12,29,0,0,95,1,96,0,0,112,13,125,178,30,208,333
06/10/2010,SSF,TX,ASW,CE,Federal Contract Tower,0,0,11,16,27,0,0,115,5,120,0,0,126,21,147,240,44,284,431
06/11/2010,SSF,TX,ASW,CE,Federal Contract Tower,0,0,15,13,28,0,0,123,2,125,0,0,138,15,153,112,42,154,307
06/12/2010,SSF,TX,ASW,CE,Federal Contract Tower,0,0,18,2,20,0,0,86,2,88,0,0,104,4,108,86,4,90,198
06/13/2010,SSF,TX,ASW,CE,Federal Contract Tower,0,0,13,0,13,0,0,91,0,91,0,0,104,0,104,114,0,114,218
06/14/2010,SSF,TX,ASW,CE,Federal Contract Tower,0,0,20,17,37,0,0,124,4,128,0,0,144,21,165,218,46,264,429
06/15/2010,SSF,TX,ASW,CE,Federal Contract Tower,0,0,4,11,15,0,0,172,0,172,0,0,176,11,187,452,20,472,659
06/16/2010,SSF,TX,ASW,CE,Federal Contract Tower,0,0,10,15,25,0,0,193,0,193,0,0,203,15,218,362,30,392,610
06/17/2010,SSF,TX,ASW,CE,Federal Contract Tower,0,0,13,13,26,0,0,114,0,114,0,0,127,13,140,260,24,284,424
06/18/2010,SSF,TX,ASW,CE,Federal Contract Tower,0,0,36,12,48,0,0,130,3,133,0,0,166,15,181,186,18,204,385
06/19/2010,SSF,TX,ASW,CE,Federal Contract Tower,0,0,20,4,24,0,0,129,1,130,0,0,149,5,154,252,16,268,422
06/20/2010,SSF,TX,ASW,CE,Federal Contract Tower,0,0,5,0,5,0,0,81,0,81,0,0,86,0,86,96,0,96,182
06/21/2010,SSF,TX,ASW,CE,Federal Contract Tower,0,0,16,27,43,0,0,115,0,115,0,0,131,27,158,184,32,216,374
06/22/2010,SSF,TX,ASW,CE,Federal Contract Tower,0,2,17,18,37,0,0,4,4,8,0,2,21,22,45,486,34,520,565
06/23/2010,SSF,TX,ASW,CE,Federal Contract Tower,0,0,16,24,40,0,0,145,0,145,0,0,161,24,185,298,46,344,529
06/24/2010,SSF,TX,ASW,CE,Federal Contract Tower,0,0,14,17,31,0,0,125,0,125,0,0,139,17,156,228,30,258,414
06/25/2010,SSF,TX,ASW,CE,Federal Contract Tower,0,0,11,18,29,0,0,143,0,143,0,0,154,18,172,344,28,372,544
06/26/2010,SSF,TX,ASW,CE,Federal Contract Tower,0,0,25,1,26,0,0,96,0,96,0,0,121,1,122,76,2,78,200
06/27/2010,SSF,TX,ASW,CE,Federal Contract Tower,0,0,9,0,9,0,0,82,2,84,0,0,91,2,93,138,0,138,231
06/28/2010,SSF,TX,ASW,CE,Federal Contract Tower,0,0,8,27,35,0,0,148,0,148,0,0,156,27,183,230,36,266,449
06/29/2010,SSF,TX,ASW,CE,Federal Contract Tower,0,0,1017,0,1017,0,0,119,0,119,0,0,1136,0,1136,236,18,254,1390
06/30/2010,SSF,TX,ASW,CE,Federal Contract Tower,0,0,8,14,22,0,0,63,0,63,0,0,71,14,85,82,28,110,195
07/01/2010,SSF,TX,ASW,CE,Federal Contract Tower,0,0,6,0,6,0,0,15,0,15,0,0,21,0,21,10,0,10,31
07/02/2010,SSF,TX,ASW,CE,Federal Contract Tower,0,0,5,0,5,0,0,18,0,18,0,0,23,0,23,10,0,10,33
07/03/2010,SSF,TX,ASW,CE,Federal Contract Tower,0,0,16,0,16,0,0,31,0,31,0,0,47,0,47,92,0,92,139
07/04/2010,SSF,TX,ASW,CE,Federal Contract Tower,0,0,10,0,10,0,0,24,0,24,0,0,34,0,34,68,0,68,102
07/05/2010,SSF,TX,ASW,CE,Federal Contract Tower,0,0,11,0,11,0,0,139,1,140,0,0,150,1,151,284,0,284,435
07/06/2010,SSF,TX,ASW,CE,Federal Contract Tower,0,0,25,24,49,0,0,157,0,157,0,0,182,24,206,274,26,300,506
07/07/2010,SSF,TX,ASW,CE,Federal Contract Tower,0,0,15,30,45,0,0,172,0,172,0,0,187,30,217,360,36,396,613
07/08/2010,SSF,TX,ASW,CE,Federal Contract Tower,0,0,11,0,11,0,0,28,0,28,0,0,39,0,39,34,0,34,73
07/09/2010,SSF,TX,ASW,CE,Federal Contract Tower,0,1,26,11,38,0,0,64,4,68,0,1,90,15,106,200,20,220,326
07/10/2010,SSF,TX,ASW,CE,Federal Contract Tower,0,0,11,0,11,0,0,111,0,111,0,0,122,0,122,168,0,168,290
07/11/2010,SSF,TX,ASW,CE,Federal Contract Tower,0,0,8,0,8,0,0,108,0,108,0,0,116,0,116,144,0,144,260
07/12/2010,SSF,TX,ASW,CE,Federal Contract Tower,0,0,11,25,36,0,0,141,0,141,0,0,152,25,177,202,28,230,407
07/13/2010,SSF,TX,ASW,CE,Federal Contract Tower,0,0,28,14,42,0,0,111,0,111,0,0,139,14,153,204,34,238,391
07/14/2010,SSF,TX,ASW,CE,Federal Contract Tower,0,0,20,14,34,0,0,165,0,165,0,0,185,14,199,256,26,282,481
07/15/2010,SSF,TX,ASW,CE,Federal Contract Tower,0,0,19,12,31,0,0,187,0,187,0,0,206,12,218,412,22,434,652
07/16/2010,SSF,TX,ASW,CE,Federal Contract Tower,0,0,29,11,40,0,0,167,2,169,0,0,196,13,209,260,8,268,477
07/17/2010,SSF,TX,ASW,CE,Federal Contract Tower,0,0,10,3,13,0,0,168,0,168,0,0,178,3,181,134,6,140,321
07/18/2010,SSF,TX,ASW,CE,Federal Contract Tower,0,0,4,2,6,0,0,70,1,71,0,0,74,3,77,84,2,86,163
07/19/2010,SSF,TX,ASW,CE,Federal Contract Tower,0,0,13,12,25,0,0,133,2,135,0,0,146,14,160,292,18,310,470
07/20/2010,SSF,TX,ASW,CE,Federal Contract Tower,0,0,27,10,37,0,0,124,2,126,0,0,151,12,163,224,8,232,395
07/21/2010,SSF,TX,ASW,CE,Federal Contract Tower,0,1,15,11,27,0,0,113,0,113,0,1,128,11,140,234,22,256,396
07/22/2010,SSF,TX,ASW,CE,Federal Contract Tower,0,0,25,6,31,0,0,72,0,72,0,0,97,6,103,158,12,170,273
07/23/2010,SSF,TX,ASW,CE,Federal Contract Tower,0,0,32,6,38,0,0,111,1,112,0,0,143,7,150,224,14,238,388
07/24/2010,SSF,TX,ASW,CE,Federal Contract Tower,0,0,17,2,19,0,0,114,0,114,0,0,131,2,133,134,2,136,269
07/25/2010,SSF,TX,ASW,CE,Federal Contract Tower,0,0,5,4,9,0,0,97,0,97,0,0,102,4,106,158,4,162,268
07/26/2010,SSF,TX,ASW,CE,Federal Contract Tower,0,0,7,5,12,0,0,78,0,78,0,0,85,5,90,110,8,118,208
07/27/2010,SSF,TX,ASW,CE,Federal Contract Tower,0,0,20,8,28,0,0,73,0,73,0,0,93,8,101,244,20,264,365
07/28/2010,SSF,TX,ASW,CE,Federal Contract Tower,0,2,16,4,22,0,0,49,0,49,0,2,65,4,71,90,8,98,169
07/29/2010,SSF,TX,ASW,CE,Federal Contract Tower,0,0,19,1,20,0,0,161,0,161,0,0,180,1,181,244,2,246,427
07/30/2010,SSF,TX,ASW,CE,Federal Contract Tower,0,0,29,5,34,0,0,160,0,160,0,0,189,5,194,286,8,294,488
07/31/2010,SSF,TX,ASW,CE,Federal Contract Tower,0,0,8,1,9,0,0,116,0,116,0,0,124,1,125,81,2,83,208
08/01/2010,SSF,TX,ASW,CE,Federal Contract Tower,0,0,12,2,14,0,0,111,0,111,0,0,123,2,125,184,4,188,313
08/02/2010,SSF,TX,ASW,CE,Federal Contract Tower,0,0,11,8,19,0,0,138,0,138,0,0,149,8,157,138,10,148,305
08/03/2010,SSF,TX,ASW,CE,Federal Contract Tower,0,0,9,15,24,0,0,135,0,135,0,0,144,15,159,260,16,276,435
08/04/2010,SSF,TX,ASW,CE,Federal Contract Tower,0,0,19,10,29,0,0,200,0,200,0,0,219,10,229,362,16,378,607
08/05/2010,SSF,TX,ASW,CE,Federal Contract Tower,0,0,10,18,28,0,0,147,2,149,0,0,157,20,177,232,22,254,431
08/06/2010,SSF,TX,ASW,CE,Federal Contract Tower,0,0,23,14,37,0,0,162,0,162,0,0,185,14,199,244,14,258,457
08/07/2010,SSF,TX,ASW,CE,Federal Contract Tower,0,0,16,0,16,0,0,130,0,130,0,0,146,0,146,132,0,132,278
08/08/2010,SSF,TX,ASW,CE,Federal Contract Tower,0,0,12,5,17,0,0,91,0,91,0,0,103,5,108,130,8,138,246
08/09/2010,SSF,TX,ASW,CE,Federal Contract Tower,0,0,11,20,31,0,0,180,0,180,0,0,191,20,211,244,32,276,487
08/10/2010,SSF,TX,ASW,CE,Federal Contract Tower,0,0,18,15,33,0,0,186,1,187,0,0,204,16,220,208,24,232,452
08/11/2010,SSF,TX,ASW,CE,Federal Contract Tower,0,0,15,13,28,0,0,176,0,176,0,0,191,13,204,362,20,382,586
08/12/2010,SSF,TX,ASW,CE,Federal Contract Tower,0,0,17,12,29,0,0,171,8,179,0,0,188,20,208,192,28,220,428
08/13/2010,SSF,TX,ASW,CE,Federal Contract Tower,0,0,25,18,43,0,0,132,0,132,0,0,157,18,175,184,18,202,377
08/14/2010,SSF,TX,ASW,CE,Federal Contract Tower,0,0,33,0,33,0,0,170,0,170,0,0,203,0,203,168,0,168,371
08/15/2010,SSF,TX,ASW,CE,Federal Contract Tower,0,0,15,1,16,0,0,81,0,81,0,0,96,1,97,68,0,68,165
08/16/2010,SSF,TX,ASW,CE,Federal Contract Tower,0,0,7,16,23,0,0,121,0,121,0,0,128,16,144,158,46,204,348
08/17/2010,SSF,TX,ASW,CE,Federal Contract Tower,0,0,10,25,35,0,0,226,0,226,0,0,236,25,261,368,36,404,665
08/18/2010,SSF,TX,ASW,CE,Federal Contract Tower,0,0,11,23,34,0,0,191,0,191,0,0,202,23,225,328,34,362,587
08/19/2010,SSF,TX,ASW,CE,Federal Contract Tower,0,0,14,15,29,0,0,211,0,211,0,0,225,15,240,434,20,454,694
08/20/2010,SSF,TX,ASW,CE,Federal Contract Tower,0,0,15,18,33,0,0,166,0,166,0,0,181,18,199,180,14,194,393
08/21/2010,SSF,TX,ASW,CE,Federal Contract Tower,0,0,17,6,23,0,0,193,0,193,0,0,210,6,216,144,8,152,368
08/22/2010,SSF,TX,ASW,CE,Federal Contract Tower,0,0,4,0,4,0,0,112,0,112,0,0,116,0,116,90,0,90,206
08/23/2010,SSF,TX,ASW,CE,Federal Contract Tower,0,0,3,8,11,0,0,170,0,170,0,0,173,8,181,180,12,192,373
08/24/2010,SSF,TX,ASW,CE,Federal Contract Tower,0,0,4,6,10,0,0,140,8,148,0,0,144,14,158,142,10,152,310
08/25/2010,SSF,TX,ASW,CE,Federal Contract Tower,0,0,17,6,23,0,0,164,0,164,0,0,181,6,187,306,12,318,505
08/26/2010,SSF,TX,ASW,CE,Federal Contract Tower,0,0,29,14,43,0,0,153,2,155,0,0,182,16,198,320,26,346,544
08/27/2010,SSF,TX,ASW,CE,Federal Contract Tower,0,0,20,7,27,0,0,147,0,147,0,0,167,7,174,252,8,260,434
08/28/2010,SSF,TX,ASW,CE,Federal Contract Tower,0,0,2,0,2,0,0,139,0,139,0,0,141,0,141,188,0,188,329
08/29/2010,SSF,TX,ASW,CE,Federal Contract Tower,0,0,2,4,6,0,0,90,0,90,0,0,92,4,96,170,6,176,272
08/30/2010,SSF,TX,ASW,CE,Federal Contract Tower,0,0,15,10,25,0,0,85,0,85,0,0,100,10,110,192,16,208,318
08/31/2010,SSF,TX,ASW,CE,Federal Contract Tower,0,0,21,20,41,0,0,193,2,195,0,0,214,22,236,228,34,262,498
09/01/2010,SSF,TX,ASW,CE,Federal Contract Tower,0,0,21,6,27,0,0,149,0,149,0,0,170,6,176,332,4,336,512
09/02/2010,SSF,TX,ASW,CE,Federal Contract Tower,0,0,10,10,20,0,0,156,0,156,0,0,166,10,176,228,16,244,420
09/03/2010,SSF,TX,ASW,CE,Federal Contract Tower,0,0,16,0,16,0,0,132,0,132,0,0,148,0,148,132,0,132,280
09/04/2010,SSF,TX,ASW,CE,Federal Contract Tower,0,0,7,0,7,0,0,201,0,201,0,0,208,0,208,266,0,266,474
09/05/2010,SSF,TX,ASW,CE,Federal Contract Tower,0,0,5,0,5,0,0,152,0,152,0,0,157,0,157,214,0,214,371
09/06/2010,SSF,TX,ASW,CE,Federal Contract Tower,0,0,11,0,11,0,0,51,0,51,0,0,62,0,62,36,0,36,98
09/07/2010,SSF,TX,ASW,CE,Federal Contract Tower,0,0,0,0,0,0,0,16,0,16,0,0,16,0,16,10,0,10,26
09/08/2010,SSF,TX,ASW,CE,Federal Contract Tower,0,0,16,0,16,0,0,54,0,54,0,0,70,0,70,154,0,154,224
09/09/2010,SSF,TX,ASW,CE,Federal Contract Tower,0,0,21,19,40,0,0,121,0,121,0,0,142,19,161,148,22,170,331
09/10/2010,SSF,TX,ASW,CE,Federal Contract Tower,0,0,31,10,41,0,0,106,0,106,0,0,137,10,147,160,12,172,319
09/11/2010,SSF,TX,ASW,CE,Federal Contract Tower,0,0,23,0,23,0,0,138,0,138,0,0,161,0,161,178,4,182,343
09/12/2010,SSF,TX,ASW,CE,Federal Contract Tower,0,0,5,2,7,0,0,60,0,60,0,0,65,2,67,88,2,90,157
09/13/2010,SSF,TX,ASW,CE,Federal Contract Tower,0,0,15,13,28,0,0,117,0,117,0,0,132,13,145,108,16,124,269
09/14/2010,SSF,TX,ASW,CE,Federal Contract Tower,0,0,32,9,41,0,0,120,0,120,0,0,152,9,161,202,18,220,381
09/15/2010,SSF,TX,ASW,CE,Federal Contract Tower,0,0,24,6,30,0,0,101,0,101,0,0,125,6,131,130,12,142,273
09/16/2010,SSF,TX,ASW,CE,Federal Contract Tower,0,0,16,9,25,0,0,141,0,141,0,0,157,9,166,270,18,288,454
09/17/2010,SSF,TX,ASW,CE,Federal Contract Tower,0,0,16,10,26,0,0,62,0,62,0,0,78,10,88,132,2,134,222
09/18/2010,SSF,TX,ASW,CE,Federal Contract Tower,0,0,9,0,9,0,0,30,0,30,0,0,39,0,39,6,0,6,45
09/19/2010,SSF,TX,ASW,CE,Federal Contract Tower,0,2,7,4,13,0,0,12,0,12,0,2,19,4,25,36,8,44,69
09/20/2010,SSF,TX,ASW,CE,Federal Contract Tower,0,0,15,8,23,0,0,91,0,91,0,0,106,8,114,224,12,236,350
09/21/2010,SSF,TX,ASW,CE,Federal Contract Tower,0,0,16,21,37,0,0,78,0,78,0,0,94,21,115,144,22,166,281
09/22/2010,SSF,TX,ASW,CE,Federal Contract Tower,0,0,33,4,37,0,0,68,0,68,0,0,101,4,105,176,8,184,289
09/23/2010,SSF,TX,ASW,CE,Federal Contract Tower,0,0,31,18,49,0,0,94,2,96,0,0,125,20,145,192,30,222,367
09/24/2010,SSF,TX,ASW,CE,Federal Contract Tower,0,0,34,8,42,0,0,108,0,108,0,0,142,8,150,282,8,290,440
09/25/2010,SSF,TX,ASW,CE,Federal Contract Tower,0,0,19,2,21,0,0,76,0,76,0,0,95,2,97,96,2,98,195
09/26/2010,SSF,TX,ASW,CE,Federal Contract Tower,0,0,2,0,2,0,0,67,0,67,0,0,69,0,69,63,0,63,132
09/27/2010,SSF,TX,ASW,CE,Federal Contract Tower,0,0,3,12,15,0,0,166,0,166,0,0,169,12,181,222,18,240,421
09/28/2010,SSF,TX,ASW,CE,Federal Contract Tower,0,0,7,18,25,0,0,194,0,194,0,0,201,18,219,226,32,258,477
09/29/2010,SSF,TX,ASW,CE,Federal Contract Tower,0,0,3,15,18,0,0,156,0,156,0,0,159,15,174,344,26,370,544
09/30/2010,SSF,TX,ASW,CE,Federal Contract Tower,0,0,8,10,18,0,0,156,0,156,0,0,164,10,174,240,16,256,430
10/01/2010,SSF,TX,ASW,CE,Federal Contract Tower,0,0,8,24,32,0,0,122,0,122,0,0,130,24,154,226,24,250,404
10/02/2010,SSF,TX,ASW,CE,Federal Contract Tower,0,0,3,0,3,0,0,126,2,128,0,0,129,2,131,207,4,211,342
10/03/2010,SSF,TX,ASW,CE,Federal Contract Tower,0,0,8,0,8,0,0,85,0,85,0,0,93,0,93,134,0,134,227
10/04/2010,SSF,TX,ASW,CE,Federal Contract Tower,0,0,4,0,4,0,0,108,0,108,0,0,112,0,112,270,30,300,412
10/05/2010,SSF,TX,ASW,CE,Federal Contract Tower,0,0,4,14,18,0,0,195,1,196,0,0,199,15,214,366,14,380,594
10/06/2010,SSF,TX,ASW,CE,Federal Contract Tower,0,0,5,7,12,0,0,172,3,175,0,0,177,10,187,410,12,422,609
10/07/2010,SSF,TX,ASW,CE,Federal Contract Tower,0,0,12,18,30,0,0,188,0,188,0,0,200,18,218,338,26,364,582
10/08/2010,SSF,TX,ASW,CE,Federal Contract Tower,0,0,11,17,28,0,0,167,0,167,0,0,178,17,195,262,16,278,473
10/09/2010,SSF,TX,ASW,CE,Federal Contract Tower,0,0,12,0,12,0,0,172,0,172,0,0,184,0,184,228,0,228,412
10/10/2010,SSF,TX,ASW,CE,Federal Contract Tower,0,0,13,0,13,0,0,72,0,72,0,0,85,0,85,208,0,208,293
10/11/2010,SSF,TX,ASW,CE,Federal Contract Tower,0,0,7,1,8,0,0,96,0,96,0,0,103,1,104,182,2,184,288
10/12/2010,SSF,TX,ASW,CE,Federal Contract Tower,0,0,8,9,17,0,0,132,0,132,0,0,140,9,149,354,14,368,517
10/13/2010,SSF,TX,ASW,CE,Federal Contract Tower,0,0,0,4,4,0,0,41,0,41,0,0,41,4,45,52,8,60,105
10/14/2010,SSF,TX,ASW,CE,Federal Contract Tower,0,0,1,11,12,0,0,32,0,32,0,0,33,11,44,42,18,60,104
10/15/2010,SSF,TX,ASW,CE,Federal Contract Tower,0,0,11,10,21,0,0,170,0,170,0,0,181,10,191,292,14,306,497
10/16/2010,SSF,TX,ASW,CE,Federal Contract Tower,0,0,4,4,8,0,0,88,0,88,0,0,92,4,96,76,6,82,178
10/17/2010,SSF,TX,ASW,CE,Federal Contract Tower,0,0,10,0,10,0,0,60,0,60,0,0,70,0,70,110,0,110,180
10/18/2010,SSF,TX,ASW,CE,Federal Contract Tower,0,0,2,5,7,0,0,124,0,124,0,0,126,5,131,252,10,262,393
10/19/2010,SSF,TX,ASW,CE,Federal Contract Tower,0,0,19,10,29,0,0,189,4,193,0,0,208,14,222,396,20,416,638
10/20/2010,SSF,TX,ASW,CE,Federal Contract Tower,0,0,6,16,22,0,0,237,0,237,0,0,243,16,259,384,30,414,673
10/21/2010,SSF,TX,ASW,CE,Federal Contract Tower,0,0,14,19,33,0,0,139,0,139,0,0,153,19,172,268,22,290,462
10/22/2010,SSF,TX,ASW,CE,Federal Contract Tower,0,0,7,16,23,0,0,142,1,143,0,0,149,17,166,208,36,244,410
10/23/2010,SSF,TX,ASW,CE,Federal Contract Tower,0,0,12,0,12,0,0,110,0,110,0,0,122,0,122,97,0,97,219
10/24/2010,SSF,TX,ASW,CE,Federal Contract Tower,0,0,4,0,4,0,0,104,3,107,0,0,108,3,111,158,14,172,283
10/25/2010,SSF,TX,ASW,CE,Federal Contract Tower,0,0,5,16,21,0,0,62,0,62,0,0,67,16,83,172,24,196,279
10/26/2010,SSF,TX,ASW,CE,Federal Contract Tower,0,0,13,17,30,0,0,124,2,126,0,0,137,19,156,214,34,248,404
10/27/2010,SSF,TX,ASW,CE,Federal Contract Tower,0,0,7,17,24,0,0,76,0,76,0,0,83,17,100,110,24,134,234
10/28/2010,SSF,TX,ASW,CE,Federal Contract Tower,0,0,4,0,4,0,0,58,3,61,0,0,62,3,65,70,8,78,143
10/29/2010,SSF,TX,ASW,CE,Federal Contract Tower,0,0,6,24,30,0,0,147,0,147,0,0,153,24,177,324,26,350,527
10/30/2010,SSF,TX,ASW,CE,Federal Contract Tower,0,0,3,0,3,0,0,79,0,79,0,0,82,0,82,190,0,190,272
10/31/2010,SSF,TX,ASW,CE,Federal Contract Tower,0,0,6,4,10,0,0,79,0,79,0,0,85,4,89,122,8,130,219
11/01/2010,SSF,TX,ASW,CE,Federal Contract Tower,0,0,9,19,28,0,0,78,0,78,0,0,87,19,106,134,30,164,270
11/02/2010,SSF,TX,ASW,CE,Federal Contract Tower,0,0,8,10,18,0,0,104,0,104,0,0,112,10,122,120,16,136,258
11/03/2010,SSF,TX,ASW,CE,Federal Contract Tower,0,0,5,12,17,0,0,56,0,56,0,0,61,12,73,0,0,0,73
11/04/2010,SSF,TX,ASW,CE,Federal Contract Tower,0,1,4,7,12,0,0,155,0,155,0,1,159,7,167,158,0,158,325
11/05/2010,SSF,TX,ASW,CE,Federal Contract Tower,0,0,14,13,27,0,0,185,0,185,0,0,199,13,212,216,12,228,440
11/06/2010,SSF,TX,ASW,CE,Federal Contract Tower,0,0,5,0,5,0,0,93,0,93,0,0,98,0,98,182,0,182,280
11/07/2010,SSF,TX,ASW,CE,Federal Contract Tower,0,0,5,0,5,0,0,63,0,63,0,0,68,0,68,134,0,134,202
11/08/2010,SSF,TX,ASW,CE,Federal Contract Tower,0,0,3,15,18,0,0,158,0,158,0,0,161,15,176,316,20,336,512
11/09/2010,SSF,TX,ASW,CE,Federal Contract Tower,0,0,7,11,18,0,0,111,0,111,0,0,118,11,129,226,14,240,369
11/10/2010,SSF,TX,ASW,CE,Federal Contract Tower,0,2,13,13,28,0,0,185,6,191,0,2,198,19,219,272,64,336,555
11/11/2010,SSF,TX,ASW,CE,Federal Contract Tower,0,0,24,0,24,0,0,115,0,115,0,0,139,0,139,336,0,336,475
11/12/2010,SSF,TX,ASW,CE,Federal Contract Tower,0,0,17,26,43,0,0,86,0,86,0,0,103,26,129,250,22,272,401
11/13/2010,SSF,TX,ASW,CE,Federal Contract Tower,0,0,15,0,15,0,0,133,0,133,0,0,148,0,148,190,0,190,338
11/14/2010,SSF,TX,ASW,CE,Federal Contract Tower,0,0,7,4,11,0,0,64,0,64,0,0,71,4,75,144,2,146,221
11/15/2010,SSF,TX,ASW,CE,Federal Contract Tower,0,0,18,12,30,0,0,88,0,88,0,0,106,12,118,172,18,190,308
11/16/2010,SSF,TX,ASW,CE,Federal Contract Tower,0,0,7,12,19,0,0,196,2,198,0,0,203,14,217,400,16,416,633
11/17/2010,SSF,TX,ASW,CE,Federal Contract Tower,0,0,9,12,21,0,0,170,0,170,0,0,179,12,191,346,12,358,549
11/18/2010,SSF,TX,ASW,CE,Federal Contract Tower,0,0,4,16,20,0,0,202,0,202,0,0,206,16,222,386,22,408,630
11/19/2010,SSF,TX,ASW,CE,Federal Contract Tower,0,0,4,21,25,0,0,172,0,172,0,0,176,21,197,376,22,398,595
11/20/2010,SSF,TX,ASW,CE,Federal Contract Tower,0,0,16,1,17,0,0,109,0,109,0,0,125,1,126,162,2,164,290
11/21/2010,SSF,TX,ASW,CE,Federal Contract Tower,0,0,10,7,17,0,0,28,0,28,0,0,38,7,45,8,10,18,63
11/22/2010,SSF,TX,ASW,CE,Federal Contract Tower,0,0,7,16,23,0,0,114,0,114,0,0,121,16,137,240,24,264,401
11/23/2010,SSF,TX,ASW,CE,Federal Contract Tower,0,0,6,21,27,0,0,74,9,83,0,0,80,30,110,202,78,280,390
11/24/2010,SSF,TX,ASW,CE,Federal Contract Tower,0,0,12,5,17,0,0,83,0,83,0,0,95,5,100,102,10,112,212
11/25/2010,SSF,TX,ASW,CE,Federal Contract Tower,0,0,9,0,9,0,0,28,0,28,0,0,37,0,37,70,0,70,107
11/26/2010,SSF,TX,ASW,CE,Federal Contract Tower,0,0,2,0,2,0,0,89,0,89,0,0,91,0,91,126,0,126,217
11/27/2010,SSF,TX,ASW,CE,Federal Contract Tower,0,0,0,0,0,0,0,81,0,81,0,0,81,0,81,88,0,88,169
11/28/2010,SSF,TX,ASW,CE,Federal Contract Tower,0,0,6,0,6,0,0,59,0,59,0,0,65,0,65,122,0,122,187
11/29/2010,SSF,TX,ASW,CE,Federal Contract Tower,0,0,4,12,16,0,0,98,4,102,0,0,102,16,118,166,68,234,352
11/30/2010,SSF,TX,ASW,CE,Federal Contract Tower,0,4,4,6,14,0,0,116,4,120,0,4,120,10,134,210,44,254,388
12/01/2010,SSF,TX,ASW,CE,Federal Contract Tower,0,3,3,15,21,0,0,123,3,126,0,3,126,18,147,302,50,352,499
12/02/2010,SSF,TX,ASW,CE,Federal Contract Tower,0,0,4,14,18,0,0,149,0,149,0,0,153,14,167,390,26,416,583
12/03/2010,SSF,TX,ASW,CE,Federal Contract Tower,0,0,15,14,29,0,0,151,0,151,0,0,166,14,180,360,14,374,554
12/04/2010,SSF,TX,ASW,CE,Federal Contract Tower,0,0,16,7,23,0,0,126,0,126,0,0,142,7,149,198,4,202,351
12/05/2010,SSF,TX,ASW,CE,Federal Contract Tower,0,0,5,0,5,0,0,71,0,71,0,0,76,0,76,186,0,186,262
12/06/2010,SSF,TX,ASW,CE,Federal Contract Tower,0,0,6,10,16,0,0,115,0,115,0,0,121,10,131,216,18,234,365
12/07/2010,SSF,TX,ASW,CE,Federal Contract Tower,0,0,15,20,35,0,0,115,0,115,0,0,130,20,150,140,24,164,314
12/08/2010,SSF,TX,ASW,CE,Federal Contract Tower,0,0,8,15,23,0,0,162,2,164,0,0,170,17,187,216,60,276,463
12/09/2010,SSF,TX,ASW,CE,Federal Contract Tower,0,0,8,13,21,0,0,145,0,145,0,0,153,13,166,320,18,338,504
12/10/2010,SSF,TX,ASW,CE,Federal Contract Tower,0,0,8,8,16,0,0,123,0,123,0,0,131,8,139,180,4,184,323
12/11/2010,SSF,TX,ASW,CE,Federal Contract Tower,0,0,4,3,7,0,0,56,0,56,0,0,60,3,63,46,0,46,109
12/12/2010,SSF,TX,ASW,CE,Federal Contract Tower,0,0,1,4,5,0,0,79,0,79,0,0,80,4,84,132,6,138,222
12/13/2010,SSF,TX,ASW,CE,Federal Contract Tower,0,0,6,7,13,0,0,130,6,136,0,0,136,13,149,230,32,262,411
12/14/2010,SSF,TX,ASW,CE,Federal Contract Tower,0,0,8,15,23,0,0,122,2,124,0,0,130,17,147,238,20,258,405
12/15/2010,SSF,TX,ASW,CE,Federal Contract Tower,0,2,21,5,28,0,0,104,0,104,0,2,125,5,132,234,8,242,374
12/16/2010,SSF,TX,ASW,CE,Federal Contract Tower,0,0,7,16,23,0,0,134,0,134,0,0,141,16,157,274,10,284,441
12/17/2010,SSF,TX,ASW,CE,Federal Contract Tower,0,0,19,16,35,0,0,99,0,99,0,0,118,16,134,228,12,240,374
12/18/2010,SSF,TX,ASW,CE,Federal Contract Tower,0,0,14,0,14,0,0,106,0,106,0,0,120,0,120,244,0,244,364
12/19/2010,SSF,TX,ASW,CE,Federal Contract Tower,0,0,5,1,6,0,0,94,0,94,0,0,99,1,100,68,2,70,170
12/20/2010,SSF,TX,ASW,CE,Federal Contract Tower,0,0,1,8,9,0,0,91,0,91,0,0,92,8,100,198,10,208,308
12/21/2010,SSF,TX,ASW,CE,Federal Contract Tower,0,0,7,4,11,0,0,95,0,95,0,0,102,4,106,262,2,264,370
12/22/2010,SSF,TX,ASW,CE,Federal Contract Tower,0,0,9,0,9,0,0,36,0,36,0,0,45,0,45,72,0,72,117
12/23/2010,SSF,TX,ASW,CE,Federal Contract Tower,0,0,18,0,18,0,0,99,0,99,0,0,117,0,117,114,0,114,231
12/24/2010,SSF,TX,ASW,CE,Federal Contract Tower,0,0,1,0,1,0,0,16,0,16,0,0,17,0,17,8,0,8,25
12/25/2010,SSF,TX,ASW,CE,Federal Contract Tower,0,0,2,0,2,0,0,15,0,15,0,0,17,0,17,2,0,2,19
12/26/2010,SSF,TX,ASW,CE,Federal Contract Tower,0,0,8,0,8,0,0,92,0,92,0,0,100,0,100,154,0,154,254
12/27/2010,SSF,TX,ASW,CE,Federal Contract Tower,0,0,11,1,12,0,0,129,0,129,0,0,140,1,141,176,0,176,317
12/28/2010,SSF,TX,ASW,CE,Federal Contract Tower,0,0,1,1,2,0,0,7,0,7,0,0,8,1,9,14,0,14,23
12/29/2010,SSF,TX,ASW,CE,Federal Contract Tower,0,1,14,5,20,0,0,108,2,110,0,1,122,7,130,240,32,272,402
12/30/2010,SSF,TX,ASW,CE,Federal Contract Tower,0,0,18,0,18,0,0,110,3,113,0,0,128,3,131,202,26,228,359
12/31/2010,SSF,TX,ASW,CE,Federal Contract Tower,0,0,14,0,14,0,0,91,0,91,0,0,105,0,105,176,0,176,281
01/01/2011,SSF,TX,ASW,CE,Federal Contract Tower,0,0,0,2,2,0,0,61,0,61,0,0,61,2,63,34,0,34,97
01/02/2011,SSF,TX,ASW,CE,Federal Contract Tower,0,0,6,0,6,0,0,68,0,68,0,0,74,0,74,156,0,156,230
01/03/2011,SSF,TX,ASW,CE,Federal Contract Tower,0,0,7,1,8,0,0,73,0,73,0,0,80,1,81,274,0,274,355
01/04/2011,SSF,TX,ASW,CE,Federal Contract Tower,0,0,12,4,16,0,0,0,0,0,0,0,12,4,16,0,0,0,16
01/05/2011,SSF,TX,ASW,CE,Federal Contract Tower,0,5,18,3,26,0,0,136,19,155,0,5,154,22,181,126,4,130,311
01/06/2011,SSF,TX,ASW,CE,Federal Contract Tower,0,1,3,6,10,0,0,155,14,169,0,1,158,20,179,260,8,268,447
01/07/2011,SSF,TX,ASW,CE,Federal Contract Tower,0,0,15,10,25,0,0,103,15,118,0,0,118,25,143,146,38,184,327
01/08/2011,SSF,TX,ASW,CE,Federal Contract Tower,0,0,4,0,4,0,0,86,0,86,0,0,90,0,90,158,0,158,248
01/09/2011,SSF,TX,ASW,CE,Federal Contract Tower,0,0,5,0,5,0,0,39,0,39,0,0,44,0,44,48,0,48,92
01/10/2011,SSF,TX,ASW,CE,Federal Contract Tower,0,0,10,5,15,0,0,0,0,0,0,0,10,5,15,0,0,0,15
01/11/2011,SSF,TX,ASW,CE,Federal Contract Tower,0,0,12,14,26,0,0,100,0,100,0,0,112,14,126,248,18,266,392
01/12/2011,SSF,TX,ASW,CE,Federal Contract Tower,0,0,16,17,33,0,0,121,0,121,0,0,137,17,154,342,32,374,528
01/13/2011,SSF,TX,ASW,CE,Federal Contract Tower,0,0,5,18,23,0,0,156,0,156,0,0,161,18,179,376,24,400,579
01/14/2011,SSF,TX,ASW,CE,Federal Contract Tower,0,0,15,22,37,0,0,2,0,2,0,0,17,22,39,12,22,34,73
01/15/2011,SSF,TX,ASW,CE,Federal Contract Tower,0,0,4,0,4,0,0,0,0,0,0,0,4,0,4,0,0,0,4
01/16/2011,SSF,TX,ASW,CE,Federal Contract Tower,0,0,5,0,5,0,0,9,0,9,0,0,14,0,14,16,0,16,30
01/17/2011,SSF,TX,ASW,CE,Federal Contract Tower,0,0,30,2,32,0,0,39,0,39,0,0,69,2,71,38,4,42,113
01/18/2011,SSF,TX,ASW,CE,Federal Contract Tower,0,0,13,12,25,0,0,154,2,156,0,0,167,14,181,350,22,372,553
01/19/2011,SSF,TX,ASW,CE,Federal Contract Tower,0,0,16,10,26,0,0,155,1,156,0,0,171,11,182,472,16,488,670
01/20/2011,SSF,TX,ASW,CE,Federal Contract Tower,0,0,3,7,10,0,0,20,0,20,0,0,23,7,30,11,6,17,47
01/21/2011,SSF,TX,ASW,CE,Federal Contract Tower,0,0,11,16,27,0,0,141,0,141,0,0,152,16,168,262,16,278,446
01/22/2011,SSF,TX,ASW,CE,Federal Contract Tower,0,0,6,0,6,0,0,173,4,177,0,0,179,4,183,170,20,190,373
01/23/2011,SSF,TX,ASW,CE,Federal Contract Tower,0,0,13,2,15,0,0,87,6,93,0,0,100,8,108,236,26,262,370
01/24/2011,SSF,TX,ASW,CE,Federal Contract Tower,0,0,3,16,19,0,0,155,0,155,0,0,158,16,174,288,24,312,486
01/25/2011,SSF,TX,ASW,CE,Federal Contract Tower,0,0,0,5,5,0,0,147,3,150,0,0,147,8,155,382,42,424,579
01/26/2011,SSF,TX,ASW,CE,Federal Contract Tower,0,0,4,6,10,0,0,159,0,159,0,0,163,6,169,364,18,382,551
01/27/2011,SSF,TX,ASW,CE,Federal Contract Tower,0,0,12,16,28,0,0,152,0,152,0,0,164,16,180,266,20,286,466
01/28/2011,SSF,TX,ASW,CE,Federal Contract Tower,0,0,5,24,29,0,0,137,0,137,0,0,142,24,166,162,22,184,350
01/29/2011,SSF,TX,ASW,CE,Federal Contract Tower,0,0,19,1,20,0,0,89,0,89,0,0,108,1,109,190,2,192,301
01/30/2011,SSF,TX,ASW,CE,Federal Contract Tower,0,0,6,2,8,0,0,80,0,80,0,0,86,2,88,150,0,150,238
01/31/2011,SSF,TX,ASW,CE,Federal Contract Tower,0,0,10,2,12,0,0,81,0,81,0,0,91,2,93,128,4,132,225
02/01/2011,SSF,TX,ASW,CE,Federal Contract Tower,0,3,0,5,8,0,0,58,0,58,0,3,58,5,66,42,10,52,118
02/02/2011,SSF,TX,ASW,CE,Federal Contract Tower,0,0,4,2,6,0,0,54,0,54,0,0,58,2,60,120,4,124,184
02/03/2011,SSF,TX,ASW,CE,Federal Contract Tower,0,1,13,4,18,0,0,74,0,74,0,1,87,4,92,186,8,194,286
02/04/2011,SSF,TX,ASW,CE,Federal Contract Tower,0,0,5,0,5,0,0,91,0,91,0,0,96,0,96,96,0,96,192
02/05/2011,SSF,TX,ASW,CE,Federal Contract Tower,0,0,14,0,14,0,0,132,0,132,0,0,146,0,146,220,0,220,366
02/06/2011,SSF,TX,ASW,CE,Federal Contract Tower,0,0,8,0,8,0,0,78,0,78,0,0,86,0,86,146,0,146,232
02/07/2011,SSF,TX,ASW,CE,Federal Contract Tower,0,0,7,6,13,0,0,133,0,133,0,0,140,6,146,178,12,190,336
02/08/2011,SSF,TX,ASW,CE,Federal Contract Tower,0,0,10,11,21,0,0,123,2,125,0,0,133,13,146,314,22,336,482
02/09/2011,SSF,TX,ASW,CE,Federal Contract Tower,0,0,8,10,18,0,0,43,3,46,0,0,51,13,64,42,12,54,118
02/10/2011,SSF,TX,ASW,CE,Federal Contract Tower,0,0,27,13,40,0,0,189,0,189,0,0,216,13,229,260,18,278,507
02/11/2011,SSF,TX,ASW,CE,Federal Contract Tower,0,0,16,2,18,0,0,215,0,215,0,0,231,2,233,332,4,336,569
02/12/2011,SSF,TX,ASW,CE,Federal Contract Tower,0,0,14,1,15,0,0,174,0,174,0,0,188,1,189,290,2,292,481
02/13/2011,SSF,TX,ASW,CE,Federal Contract Tower,0,0,4,0,4,0,0,115,0,115,0,0,119,0,119,72,0,72,191
02/14/2011,SSF,TX,ASW,CE,Federal Contract Tower,0,0,10,6,16,0,0,178,0,178,0,0,188,6,194,226,6,232,426
02/15/2011,SSF,TX,ASW,CE,Federal Contract Tower,0,0,14,17,31,0,0,75,0,75,0,0,89,17,106,66,30,96,202
02/16/2011,SSF,TX,ASW,CE,Federal Contract Tower,0,0,16,18,34,0,0,68,3,71,0,0,84,21,105,116,52,168,273
02/17/2011,SSF,TX,ASW,CE,Federal Contract Tower,0,0,25,22,47,0,0,88,0,88,0,0,113,22,135,156,34,190,325
02/18/2011,SSF,TX,ASW,CE,Federal Contract Tower,0,0,27,10,37,0,0,95,0,95,0,0,122,10,132,170,14,184,316
02/19/2011,SSF,TX,ASW,CE,Federal Contract Tower,0,0,15,0,15,0,0,47,0,47,0,0,62,0,62,104,0,104,166
02/20/2011,SSF,TX,ASW,CE,Federal Contract Tower,0,0,13,0,13,0,0,89,0,89,0,0,102,0,102,124,0,124,226
02/21/2011,SSF,TX,ASW,CE,Federal Contract Tower,0,0,19,0,19,0,0,79,0,79,0,0,98,0,98,236,0,236,334
02/22/2011,SSF,TX,ASW,CE,Federal Contract Tower,0,0,32,32,64,0,0,71,4,75,0,0,103,36,139,186,44,230,369
02/23/2011,SSF,TX,ASW,CE,Federal Contract Tower,0,0,32,8,40,0,0,97,0,97,0,0,129,8,137,278,16,294,431
02/24/2011,SSF,TX,ASW,CE,Federal Contract Tower,0,0,35,12,47,0,0,95,0,95,0,0,130,12,142,200,14,214,356
02/25/2011,SSF,TX,ASW,CE,Federal Contract Tower,0,0,17,21,38,0,0,187,0,187,0,0,204,21,225,344,24,368,593
02/26/2011,SSF,TX,ASW,CE,Federal Contract Tower,0,0,20,0,20,0,0,69,3,72,0,0,89,3,92,156,24,180,272
02/27/2011,SSF,TX,ASW,CE,Federal Contract Tower,0,0,4,0,4,0,0,80,0,80,0,0,84,0,84,112,0,112,196
02/28/2011,SSF,TX,ASW,CE,Federal Contract Tower,0,0,5,14,19,0,0,141,0,141,0,0,146,14,160,234,24,258,418
03/01/2011,SSF,TX,ASW,CE,Federal Contract Tower,0,0,9,20,29,0,0,210,0,210,0,0,219,20,239,166,14,180,419
03/02/2011,SSF,TX,ASW,CE,Federal Contract Tower,0,0,11,22,33,0,0,199,0,199,0,0,210,22,232,394,34,428,660
03/03/2011,SSF,TX,ASW,CE,Federal Contract Tower,0,0,17,14,31,0,0,157,0,157,0,0,174,14,188,346,24,370,558
03/04/2011,SSF,TX,ASW,CE,Federal Contract Tower,0,0,21,18,39,0,0,101,0,101,0,0,122,18,140,242,22,264,404
03/05/2011,SSF,TX,ASW,CE,Federal Contract Tower,0,0,1,2,3,0,0,43,0,43,0,0,44,2,46,52,2,54,100
03/06/2011,SSF,TX,ASW,CE,Federal Contract Tower,0,0,3,0,3,0,0,145,0,145,0,0,148,0,148,306,0,306,454
03/07/2011,SSF,TX,ASW,CE,Federal Contract Tower,0,0,8,11,19,0,0,96,2,98,0,0,104,13,117,258,16,274,391
03/08/2011,SSF,TX,ASW,CE,Federal Contract Tower,0,0,10,15,25,0,0,88,0,88,0,0,98,15,113,198,36,234,347
03/09/2011,SSF,TX,ASW,CE,Federal Contract Tower,0,0,5,17,22,0,0,155,0,155,0,0,160,17,177,188,34,222,399
03/10/2011,SSF,TX,ASW,CE,Federal Contract Tower,0,0,7,12,19,0,0,181,0,181,0,0,188,12,200,384,12,396,596
03/11/2011,SSF,TX,ASW,CE,Federal Contract Tower,0,1,13,19,33,0,0,163,0,163,0,1,176,19,196,228,26,254,450
03/12/2011,SSF,TX,ASW,CE,Federal Contract Tower,0,0,7,0,7,0,0,154,0,154,0,0,161,0,161,140,0,140,301
03/13/2011,SSF,TX,ASW,CE,Federal Contract Tower,0,0,9,2,11,0,0,75,0,75,0,0,84,2,86,196,2,198,284
03/14/2011,SSF,TX,ASW,CE,Federal Contract Tower,0,0,14,7,21,0,0,117,0,117,0,0,131,7,138,274,12,286,424
03/15/2011,SSF,TX,ASW,CE,Federal Contract Tower,0,0,13,10,23,0,0,181,0,181,0,0,194,10,204,338,20,358,562
03/16/2011,SSF,TX,ASW,CE,Federal Contract Tower,0,0,29,7,36,0,0,123,0,123,0,0,152,7,159,118,14,132,291
03/17/2011,SSF,TX,ASW,CE,Federal Contract Tower,0,2,14,10,26,0,0,119,0,119,0,2,133,10,145,212,16,228,373
03/18/2011,SSF,TX,ASW,CE,Federal Contract Tower,0,0,17,9,26,0,0,161,0,161,0,0,178,9,187,252,14,266,453
03/19/2011,SSF,TX,ASW,CE,Federal Contract Tower,0,0,27,4,31,0,0,104,0,104,0,0,131,4,135,212,4,216,351
03/20/2011,SSF,TX,ASW,CE,Federal Contract Tower,0,0,15,0,15,0,0,61,0,61,0,0,76,0,76,76,0,76,152
03/21/2011,SSF,TX,ASW,CE,Federal Contract Tower,0,0,13,19,32,0,0,119,0,119,0,0,132,19,151,168,24,192,343
03/22/2011,SSF,TX,ASW,CE,Federal Contract Tower,0,0,10,9,19,0,0,128,0,128,0,0,138,9,147,256,10,266,413
03/23/2011,SSF,TX,ASW,CE,Federal Contract Tower,0,0,14,15,29,0,0,129,3,132,0,0,143,18,161,308,46,354,515
03/24/2011,SSF,TX,ASW,CE,Federal Contract Tower,0,0,20,11,31,0,0,151,2,153,0,0,171,13,184,292,18,310,494
03/25/2011,SSF,TX,ASW,CE,Federal Contract Tower,0,0,26,15,41,0,0,179,0,179,0,0,205,15,220,236,28,264,484
03/26/2011,SSF,TX,ASW,CE,Federal Contract Tower,0,0,23,3,26,0,0,140,0,140,0,0,163,3,166,224,0,224,390
03/27/2011,SSF,TX,ASW,CE,Federal Contract Tower,0,0,16,0,16,0,0,100,0,100,0,0,116,0,116,138,0,138,254
03/28/2011,SSF,TX,ASW,CE,Federal Contract Tower,0,0,24,21,45,0,0,65,2,67,0,0,89,23,112,106,38,144,256
03/29/2011,SSF,TX,ASW,CE,Federal Contract Tower,0,0,15,6,21,0,0,25,0,25,0,0,40,6,46,6,10,16,62
03/30/2011,SSF,TX,ASW,CE,Federal Contract Tower,0,0,16,12,28,0,0,144,2,146,0,0,160,14,174,248,22,270,444
03/31/2011,SSF,TX,ASW,CE,Federal Contract Tower,0,0,33,17,50,0,0,156,3,159,0,0,189,20,209,474,36,510,719
04/01/2011,SSF,TX,ASW,CE,Federal Contract Tower,0,0,14,12,26,0,0,136,2,138,0,0,150,14,164,188,12,200,364
04/02/2011,SSF,TX,ASW,CE,Federal Contract Tower,0,0,17,6,23,0,0,111,3,114,0,0,128,9,137,202,18,220,357
04/03/2011,SSF,TX,ASW,CE,Federal Contract Tower,0,0,17,1,18,0,0,103,0,103,0,0,120,1,121,220,2,222,343
04/04/2011,SSF,TX,ASW,CE,Federal Contract Tower,0,0,14,4,18,0,0,65,0,65,0,0,79,4,83,100,19,119,202
04/05/2011,SSF,TX,ASW,CE,Federal Contract Tower,0,0,5,11,16,0,0,170,0,170,0,0,175,11,186,272,24,296,482
04/06/2011,SSF,TX,ASW,CE,Federal Contract Tower,0,0,7,9,16,0,0,123,0,123,0,0,130,9,139,266,12,278,417
04/07/2011,SSF,TX,ASW,CE,Federal Contract Tower,0,0,31,9,40,0,0,163,2,165,0,0,194,11,205,446,12,458,663
04/08/2011,SSF,TX,ASW,CE,Federal Contract Tower,0,0,23,10,33,0,0,142,0,142,0,0,165,10,175,286,7,293,468
04/09/2011,SSF,TX,ASW,CE,Federal Contract Tower,0,0,12,0,12,0,0,158,0,158,0,0,170,0,170,224,0,224,394
04/10/2011,SSF,TX,ASW,CE,Federal Contract Tower,0,0,5,0,5,0,0,40,0,40,0,0,45,0,45,40,0,40,85
04/11/2011,SSF,TX,ASW,CE,Federal Contract Tower,0,0,3,3,6,0,0,101,0,101,0,0,104,3,107,170,6,176,283
04/12/2011,SSF,TX,ASW,CE,Federal Contract Tower,0,0,13,8,21,0,0,202,4,206,0,0,215,12,227,382,14,396,623
04/13/2011,SSF,TX,ASW,CE,Federal Contract Tower,0,0,17,10,27,0,0,160,0,160,0,0,177,10,187,300,20,320,507
04/14/2011,SSF,TX,ASW,CE,Federal Contract Tower,0,0,26,14,40,0,0,121,0,121,0,0,147,14,161,236,12,248,409
04/15/2011,SSF,TX,ASW,CE,Federal Contract Tower,0,0,15,9,24,0,0,178,0,178,0,0,193,9,202,104,8,112,314
04/16/2011,SSF,TX,ASW,CE,Federal Contract Tower,0,0,16,3,19,0,0,243,0,243,0,0,259,3,262,294,4,298,560
04/17/2011,SSF,TX,ASW,CE,Federal Contract Tower,0,3,6,4,13,0,0,84,0,84,0,3,90,4,97,112,4,116,213
04/18/2011,SSF,TX,ASW,CE,Federal Contract Tower,0,0,12,18,30,0,0,109,0,109,0,0,121,18,139,160,22,182,321
04/19/2011,SSF,TX,ASW,CE,Federal Contract Tower,0,0,27,17,44,0,0,124,0,124,0,0,151,17,168,294,20,314,482
04/20/2011,SSF,TX,ASW,CE,Federal Contract Tower,0,0,26,17,43,0,0,100,0,100,0,0,126,17,143,394,24,418,561
04/21/2011,SSF,TX,ASW,CE,Federal Contract Tower,0,0,27,8,35,0,0,95,0,95,0,0,122,8,130,182,16,198,328
04/22/2011,SSF,TX,ASW,CE,Federal Contract Tower,0,0,13,0,13,0,0,119,0,119,0,0,132,0,132,206,0,206,338
04/23/2011,SSF,TX,ASW,CE,Federal Contract Tower,0,0,5,2,7,0,0,131,0,131,0,0,136,2,138,166,2,168,306
04/24/2011,SSF,TX,ASW,CE,Federal Contract Tower,0,0,5,0,5,0,0,38,0,38,0,0,43,0,43,34,0,34,77
04/25/2011,SSF,TX,ASW,CE,Federal Contract Tower,0,0,25,6,31,0,0,99,0,99,0,0,124,6,130,174,8,182,312
04/26/2011,SSF,TX,ASW,CE,Federal Contract Tower,0,1,21,7,29,0,0,229,0,229,0,1,250,7,258,416,6,422,680
04/27/2011,SSF,TX,ASW,CE,Federal Contract Tower,0,0,8,9,17,0,0,228,6,234,0,0,236,15,251,386,6,392,643
04/28/2011,SSF,TX,ASW,CE,Federal Contract Tower,0,0,9,15,24,0,0,253,2,255,0,0,262,17,279,358,22,380,659
04/29/2011,SSF,TX,ASW,CE,Federal Contract Tower,0,0,26,13,39,0,0,168,0,168,0,0,194,13,207,142,20,162,369
04/30/2011,SSF,TX,ASW,CE,Federal Contract Tower,0,3,27,0,30,0,0,217,0,217,0,3,244,0,247,264,6,270,517
05/01/2011,SSF,TX,ASW,CE,Federal Contract Tower,0,0,5,10,15,0,0,131,0,131,0,0,136,10,146,42,8,50,196
05/02/2011,SSF,TX,ASW,CE,Federal Contract Tower,0,0,9,11,20,0,0,28,0,28,0,0,37,11,48,4,16,20,68
05/03/2011,SSF,TX,ASW,CE,Federal Contract Tower,0,0,9,6,15,0,0,148,0,148,0,0,157,6,163,208,4,212,375
05/04/2011,SSF,TX,ASW,CE,Federal Contract Tower,0,0,10,10,20,0,0,162,0,162,0,0,172,10,182,253,20,273,455
05/05/2011,SSF,TX,ASW,CE,Federal Contract Tower,0,0,10,19,29,0,0,143,0,143,0,0,153,19,172,350,24,374,546
05/06/2011,SSF,TX,ASW,CE,Federal Contract Tower,0,0,22,10,32,0,0,126,3,129,0,0,148,13,161,206,20,226,387
05/07/2011,SSF,TX,ASW,CE,Federal Contract Tower,0,0,15,0,15,0,0,121,0,121,0,0,136,0,136,164,0,164,300
05/08/2011,SSF,TX,ASW,CE,Federal Contract Tower,0,0,4,0,4,0,0,64,0,64,0,0,68,0,68,12,0,12,80
05/09/2011,SSF,TX,ASW,CE,Federal Contract Tower,0,0,3,16,19,0,0,89,0,89,0,0,92,16,108,184,26,210,318
05/10/2011,SSF,TX,ASW,CE,Federal Contract Tower,0,1,24,16,41,0,0,87,2,89,0,1,111,18,130,176,36,212,342
05/11/2011,SSF,TX,ASW,CE,Federal Contract Tower,0,0,12,13,25,0,0,80,2,82,0,0,92,15,107,174,30,204,311
05/12/2011,SSF,TX,ASW,CE,Federal Contract Tower,0,0,10,6,16,0,0,64,0,64,0,0,74,6,80,90,10,100,180
05/13/2011,SSF,TX,ASW,CE,Federal Contract Tower,0,0,18,10,28,0,0,144,0,144,0,0,162,10,172,210,16,226,398
05/14/2011,SSF,TX,ASW,CE,Federal Contract Tower,0,0,17,1,18,0,0,168,1,169,0,0,185,2,187,260,2,262,449
05/15/2011,SSF,TX,ASW,CE,Federal Contract Tower,0,0,7,1,8,0,0,74,0,74,0,0,81,1,82,78,1,79,161
05/16/2011,SSF,TX,ASW,CE,Federal Contract Tower,0,0,8,17,25,0,0,166,0,166,0,0,174,17,191,296,20,316,507
05/17/2011,SSF,TX,ASW,CE,Federal Contract Tower,0,0,12,13,25,0,0,148,10,158,0,0,160,23,183,246,28,274,457
05/18/2011,SSF,TX,ASW,CE,Federal Contract Tower,0,0,14,12,26,0,0,115,0,115,0,0,129,12,141,420,22,442,583
05/19/2011,SSF,TX,ASW,CE,Federal Contract Tower,0,0,27,20,47,0,0,42,0,42,0,0,69,20,89,256,22,278,367
05/20/2011,SSF,TX,ASW,CE,Federal Contract Tower,0,0,9,19,28,0,0,81,0,81,0,0,90,19,109,110,20,130,239
05/21/2011,SSF,TX,ASW,CE,Federal Contract Tower,0,0,31,3,34,0,0,77,0,77,0,0,108,3,111,118,2,120,231
05/22/2011,SSF,TX,ASW,CE,Federal Contract Tower,0,0,6,4,10,0,0,52,0,52,0,0,58,4,62,78,4,82,144
05/23/2011,SSF,TX,ASW,CE,Federal Contract Tower,0,0,14,18,32,0,0,120,2,122,0,0,134,20,154,244,26,270,424
05/24/2011,SSF,TX,ASW,CE,Federal Contract Tower,0,1,9,15,25,0,0,119,0,119,0,1,128,15,144,122,50,172,316
05/25/2011,SSF,TX,ASW,CE,Federal Contract Tower,0,4,11,5,20,0,0,143,0,143,0,4,154,5,163,462,10,472,635
05/26/2011,SSF,TX,ASW,CE,Federal Contract Tower,0,2,10,12,24,0,0,174,0,174,0,2,184,12,198,276,24,300,498
05/27/2011,SSF,TX,ASW,CE,Federal Contract Tower,0,0,6,12,18,0,0,131,2,133,0,0,137,14,151,186,20,206,357
05/28/2011,SSF,TX,ASW,CE,Federal Contract Tower,0,0,10,0,10,0,0,102,0,102,0,0,112,0,112,169,0,169,281
05/29/2011,SSF,TX,ASW,CE,Federal Contract Tower,0,0,2,0,2,0,0,59,0,59,0,0,61,0,61,12,0,12,73
05/30/2011,SSF,TX,ASW,CE,Federal Contract Tower,0,0,6,0,6,0,0,40,0,40,0,0,46,0,46,34,0,34,80
05/31/2011,SSF,TX,ASW,CE,Federal Contract Tower,0,0,15,13,28,0,0,151,0,151,0,0,166,13,179,352,26,378,557
06/01/2011,SSF,TX,ASW,CE,Federal Contract Tower,0,0,10,7,17,0,0,115,0,115,0,0,125,7,132,296,14,310,442
06/02/2011,SSF,TX,ASW,CE,Federal Contract Tower,0,0,10,9,19,0,0,122,0,122,0,0,132,9,141,178,16,194,335
06/03/2011,SSF,TX,ASW,CE,Federal Contract Tower,0,0,8,9,17,0,0,154,1,155,0,0,162,10,172,191,18,209,381
06/04/2011,SSF,TX,ASW,CE,Federal Contract Tower,0,0,5,0,5,0,0,138,0,138,0,0,143,0,143,176,0,176,319
06/05/2011,SSF,TX,ASW,CE,Federal Contract Tower,0,0,1,2,3,0,0,97,0,97,0,0,98,2,100,82,10,92,192
06/06/2011,SSF,TX,ASW,CE,Federal Contract Tower,0,0,1,16,17,0,0,126,0,126,0,0,127,16,143,204,24,228,371
06/07/2011,SSF,TX,ASW,CE,Federal Contract Tower,0,0,12,23,35,0,0,147,6,153,0,0,159,29,188,162,36,198,386
06/08/2011,SSF,TX,ASW,CE,Federal Contract Tower,0,0,13,15,28,0,0,153,0,153,0,0,166,15,181,238,30,268,449
06/09/2011,SSF,TX,ASW,CE,Federal Contract Tower,0,0,7,16,23,0,0,117,0,117,0,0,124,16,140,202,26,228,368
06/10/2011,SSF,TX,ASW,CE,Federal Contract Tower,0,0,16,16,32,0,0,94,0,94,0,0,110,16,126,198,26,224,350
06/11/2011,SSF,TX,ASW,CE,Federal Contract Tower,0,0,11,7,18,0,0,118,0,118,0,0,129,7,136,132,8,140,276
06/12/2011,SSF,TX,ASW,CE,Federal Contract Tower,0,0,7,2,9,0,0,49,0,49,0,0,56,2,58,102,2,104,162
06/13/2011,SSF,TX,ASW,CE,Federal Contract Tower,0,0,9,10,19,0,0,114,0,114,0,0,123,10,133,270,16,286,419
06/14/2011,SSF,TX,ASW,CE,Federal Contract Tower,0,0,8,20,28,0,0,138,0,138,0,0,146,20,166,158,36,194,360
06/15/2011,SSF,TX,ASW,CE,Federal Contract Tower,0,0,14,12,26,0,0,160,3,163,0,0,174,15,189,378,62,440,629
06/16/2011,SSF,TX,ASW,CE,Federal Contract Tower,0,0,6,23,29,0,0,93,7,100,0,0,99,30,129,128,70,198,327
06/17/2011,SSF,TX,ASW,CE,Federal Contract Tower,0,0,6,9,15,0,0,98,3,101,0,0,104,12,116,110,28,138,254
06/18/2011,SSF,TX,ASW,CE,Federal Contract Tower,0,0,7,2,9,0,0,151,6,157,0,0,158,8,166,228,2,230,396
06/19/2011,SSF,TX,ASW,CE,Federal Contract Tower,0,0,6,0,6,0,0,64,0,64,0,0,70,0,70,76,0,76,146
06/20/2011,SSF,TX,ASW,CE,Federal Contract Tower,0,0,1,17,18,0,0,113,0,113,0,0,114,17,131,158,20,178,309
06/21/2011,SSF,TX,ASW,CE,Federal Contract Tower,0,0,14,27,41,0,0,134,0,134,0,0,148,27,175,324,42,366,541
06/22/2011,SSF,TX,ASW,CE,Federal Contract Tower,0,2,7,12,21,0,0,118,0,118,0,2,125,12,139,336,14,350,489
06/23/2011,SSF,TX,ASW,CE,Federal Contract Tower,0,0,23,6,29,0,0,141,3,144,0,0,164,9,173,294,26,320,493
06/24/2011,SSF,TX,ASW,CE,Federal Contract Tower,0,0,28,9,37,0,0,126,0,126,0,0,154,9,163,358,10,368,531
06/25/2011,SSF,TX,ASW,CE,Federal Contract Tower,0,0,12,0,12,0,0,121,0,121,0,0,133,0,133,332,0,332,465
06/26/2011,SSF,TX,ASW,CE,Federal Contract Tower,0,0,8,2,10,0,0,65,0,65,0,0,73,2,75,98,0,98,173
06/27/2011,SSF,TX,ASW,CE,Federal Contract Tower,0,0,12,22,34,0,0,107,0,107,0,0,119,22,141,176,30,206,347
06/28/2011,SSF,TX,ASW,CE,Federal Contract Tower,0,0,11,12,23,0,0,148,0,148,0,0,159,12,171,328,22,350,521
06/29/2011,SSF,TX,ASW,CE,Federal Contract Tower,0,1,25,14,40,0,0,162,0,162,0,1,187,14,202,316,18,334,536
06/30/2011,SSF,TX,ASW,CE,Federal Contract Tower,0,1,21,9,31,0,0,155,4,159,0,1,176,13,190,286,24,310,500
07/01/2011,SSF,TX,ASW,CE,Federal Contract Tower,0,0,28,6,34,0,0,121,0,121,0,0,149,6,155,276,8,284,439
07/02/2011,SSF,TX,ASW,CE,Federal Contract Tower,0,0,7,0,7,0,0,134,0,134,0,0,141,0,141,250,0,250,391
07/03/2011,SSF,TX,ASW,CE,Federal Contract Tower,0,0,5,2,7,0,0,76,0,76,0,0,81,2,83,110,2,112,195
07/04/2011,SSF,TX,ASW,CE,Federal Contract Tower,0,0,4,0,4,0,0,60,0,60,0,0,64,0,64,52,0,52,116
07/05/2011,SSF,TX,ASW,CE,Federal Contract Tower,0,0,11,16,27,0,0,145,0,145,0,0,156,16,172,238,32,270,442
07/06/2011,SSF,TX,ASW,CE,Federal Contract Tower,0,0,20,13,33,0,0,156,0,156,0,0,176,13,189,340,24,364,553
07/07/2011,SSF,TX,ASW,CE,Federal Contract Tower,0,0,13,22,35,0,0,153,0,153,0,0,166,22,188,328,30,358,546
07/08/2011,SSF,TX,ASW,CE,Federal Contract Tower,0,0,15,10,25,0,0,147,0,147,0,0,162,10,172,242,20,262,434
07/09/2011,SSF,TX,ASW,CE,Federal Contract Tower,0,0,10,3,13,0,0,135,0,135,0,0,145,3,148,268,6,274,422
07/10/2011,SSF,TX,ASW,CE,Federal Contract Tower,0,0,15,6,21,0,0,48,0,48,0,0,63,6,69,64,0,64,133
07/11/2011,SSF,TX,ASW,CE,Federal Contract Tower,0,0,7,21,28,0,0,124,0,124,0,0,131,21,152,314,32,346,498
07/12/2011,SSF,TX,ASW,CE,Federal Contract Tower,0,0,13,13,26,0,0,160,0,160,0,0,173,13,186,276,22,298,484
07/13/2011,SSF,TX,ASW,CE,Federal Contract Tower,0,2,14,13,29,0,0,136,0,136,0,2,150,13,165,218,20,238,403
07/14/2011,SSF,TX,ASW,CE,Federal Contract Tower,0,0,17,16,33,0,0,145,0,145,0,0,162,16,178,206,20,226,404
07/15/2011,SSF,TX,ASW,CE,Federal Contract Tower,0,0,14,18,32,0,0,147,0,147,0,0,161,18,179,128,24,152,331
07/16/2011,SSF,TX,ASW,CE,Federal Contract Tower,0,0,21,2,23,0,0,131,0,131,0,0,152,2,154,208,2,210,364
07/17/2011,SSF,TX,ASW,CE,Federal Contract Tower,0,0,2,0,2,0,0,62,0,62,0,0,64,0,64,76,0,76,140
07/18/2011,SSF,TX,ASW,CE,Federal Contract Tower,0,0,5,4,9,0,0,134,0,134,0,0,139,4,143,226,6,232,375
07/19/2011,SSF,TX,ASW,CE,Federal Contract Tower,0,0,13,4,17,0,0,139,0,139,0,0,152,4,156,270,8,278,434
07/20/2011,SSF,TX,ASW,CE,Federal Contract Tower,0,0,4,12,16,0,0,174,0,174,0,0,178,12,190,4,0,4,194
07/21/2011,SSF,TX,ASW,CE,Federal Contract Tower,0,0,26,9,35,0,0,142,0,142,0,0,168,9,177,228,12,240,417
07/22/2011,SSF,TX,ASW,CE,Federal Contract Tower,0,1,16,13,30,0,0,151,0,151,0,1,167,13,181,312,16,328,509
07/23/2011,SSF,TX,ASW,CE,Federal Contract Tower,0,0,11,0,11,0,0,100,0,100,0,0,111,0,111,102,0,102,213
07/24/2011,SSF,TX,ASW,CE,Federal Contract Tower,0,0,13,0,13,0,0,80,0,80,0,0,93,0,93,132,0,132,225
07/25/2011,SSF,TX,ASW,CE,Federal Contract Tower,0,0,7,10,17,0,0,133,0,133,0,0,140,10,150,154,14,168,318
07/26/2011,SSF,TX,ASW,CE,Federal Contract Tower,0,0,7,11,18,0,0,137,3,140,0,0,144,14,158,250,18,268,426
07/27/2011,SSF,TX,ASW,CE,Federal Contract Tower,0,1,2,8,11,0,0,193,0,193,0,1,195,8,204,342,16,358,562
07/28/2011,SSF,TX,ASW,CE,Federal Contract Tower,0,2,13,13,28,0,0,121,0,121,0,2,134,13,149,266,12,278,427
07/29/2011,SSF,TX,ASW,CE,Federal Contract Tower,0,0,14,6,20,0,0,109,0,109,0,0,123,6,129,142,10,152,281
07/30/2011,SSF,TX,ASW,CE,Federal Contract Tower,0,0,6,2,8,0,0,64,0,64,0,0,70,2,72,122,4,126,198
07/31/2011,SSF,TX,ASW,CE,Federal Contract Tower,0,0,4,5,9,0,0,69,0,69,0,0,73,5,78,148,4,152,230
08/01/2011,SSF,TX,ASW,CE,Federal Contract Tower,0,2,7,12,21,0,0,121,0,121,0,2,128,12,142,234,14,248,390
08/02/2011,SSF,TX,ASW,CE,Federal Contract Tower,0,0,7,6,13,0,0,122,0,122,0,0,129,6,135,150,10,160,295
08/03/2011,SSF,TX,ASW,CE,Federal Contract Tower,0,0,3,3,6,0,0,171,0,171,0,0,174,3,177,322,14,336,513
08/04/2011,SSF,TX,ASW,CE,Federal Contract Tower,0,0,4,15,19,0,0,135,0,135,0,0,139,15,154,236,20,256,410
08/05/2011,SSF,TX,ASW,CE,Federal Contract Tower,0,0,7,9,16,0,0,150,0,150,0,0,157,9,166,176,12,188,354
08/06/2011,SSF,TX,ASW,CE,Federal Contract Tower,0,0,5,0,5,0,0,105,0,105,0,0,110,0,110,226,0,226,336
08/07/2011,SSF,TX,ASW,CE,Federal Contract Tower,0,0,4,0,4,0,0,65,0,65,0,0,69,0,69,72,0,72,141
08/08/2011,SSF,TX,ASW,CE,Federal Contract Tower,0,0,8,6,14,0,0,175,0,175,0,0,183,6,189,292,6,298,487
08/09/2011,SSF,TX,ASW,CE,Federal Contract Tower,0,0,7,15,22,0,0,148,0,148,0,0,155,15,170,240,16,256,426
08/10/2011,SSF,TX,ASW,CE,Federal Contract Tower,0,1,16,20,37,0,0,133,0,133,0,1,149,20,170,246,6,252,422
08/11/2011,SSF,TX,ASW,CE,Federal Contract Tower,1,0,8,29,38,0,0,123,0,123,1,0,131,29,161,238,38,276,437
08/12/2011,SSF,TX,ASW,CE,Federal Contract Tower,0,0,8,19,27,0,0,139,4,143,0,0,147,23,170,224,30,254,424
08/13/2011,SSF,TX,ASW,CE,Federal Contract Tower,0,0,5,0,5,0,0,145,0,145,0,0,150,0,150,244,0,244,394
08/14/2011,SSF,TX,ASW,CE,Federal Contract Tower,0,0,9,1,10,0,0,61,0,61,0,0,70,1,71,124,2,126,197
08/15/2011,SSF,TX,ASW,CE,Federal Contract Tower,0,0,5,24,29,0,0,134,0,134,0,0,139,24,163,118,32,150,313
08/16/2011,SSF,TX,ASW,CE,Federal Contract Tower,0,0,8,29,37,0,0,148,0,148,0,0,156,29,185,164,34,198,383
08/17/2011,SSF,TX,ASW,CE,Federal Contract Tower,0,0,10,16,26,0,0,167,6,173,0,0,177,22,199,310,26,336,535
08/18/2011,SSF,TX,ASW,CE,Federal Contract Tower,0,0,9,19,28,0,0,158,3,161,0,0,167,22,189,320,38,358,547
08/19/2011,SSF,TX,ASW,CE,Federal Contract Tower,0,0,7,18,25,0,0,172,0,172,0,0,179,18,197,296,26,322,519
08/20/2011,SSF,TX,ASW,CE,Federal Contract Tower,0,0,9,0,9,0,0,137,0,137,0,0,146,0,146,234,0,234,380
08/21/2011,SSF,TX,ASW,CE,Federal Contract Tower,0,0,1,5,6,0,0,82,0,82,0,0,83,5,88,184,4,188,276
08/22/2011,SSF,TX,ASW,CE,Federal Contract Tower,0,0,7,24,31,0,0,113,0,113,0,0,120,24,144,244,30,274,418
08/23/2011,SSF,TX,ASW,CE,Federal Contract Tower,0,0,6,15,21,0,0,130,0,130,0,0,136,15,151,142,24,166,317
08/24/2011,SSF,TX,ASW,CE,Federal Contract Tower,0,0,5,12,17,0,0,170,0,170,0,0,175,12,187,336,24,360,547
08/25/2011,SSF,TX,ASW,CE,Federal Contract Tower,0,0,15,10,25,0,0,102,0,102,0,0,117,10,127,154,20,174,301
08/26/2011,SSF,TX,ASW,CE,Federal Contract Tower,0,0,17,19,36,0,0,114,0,114,0,0,131,19,150,264,19,283,433
08/27/2011,SSF,TX,ASW,CE,Federal Contract Tower,0,0,13,4,17,0,0,113,2,115,0,0,126,6,132,238,4,242,374
08/28/2011,SSF,TX,ASW,CE,Federal Contract Tower,0,0,3,0,3,0,0,70,0,70,0,0,73,0,73,76,0,76,149
08/29/2011,SSF,TX,ASW,CE,Federal Contract Tower,0,0,8,20,28,0,0,107,0,107,0,0,115,20,135,220,20,240,375
08/30/2011,SSF,TX,ASW,CE,Federal Contract Tower,0,0,9,19,28,0,0,128,0,128,0,0,137,19,156,196,34,230,386
08/31/2011,SSF,TX,ASW,CE,Federal Contract Tower,0,0,12,20,32,0,0,126,0,126,0,0,138,20,158,258,32,290,448
09/01/2011,SSF,TX,ASW,CE,Federal Contract Tower,0,0,6,27,33,0,0,130,0,130,0,0,136,27,163,230,34,264,427
09/02/2011,SSF,TX,ASW,CE,Federal Contract Tower,0,0,15,14,29,0,0,135,0,135,0,0,150,14,164,230,10,240,404
09/03/2011,SSF,TX,ASW,CE,Federal Contract Tower,0,0,7,0,7,0,0,124,0,124,0,0,131,0,131,122,0,122,253
09/04/2011,SSF,TX,ASW,CE,Federal Contract Tower,0,0,7,2,9,0,0,45,0,45,0,0,52,2,54,50,0,50,104
09/05/2011,SSF,TX,ASW,CE,Federal Contract Tower,0,0,8,0,8,0,0,68,0,68,0,0,76,0,76,40,0,40,116
09/06/2011,SSF,TX,ASW,CE,Federal Contract Tower,0,0,7,18,25,0,0,110,2,112,0,0,117,20,137,160,50,210,347
09/07/2011,SSF,TX,ASW,CE,Federal Contract Tower,0,0,5,13,18,0,0,147,2,149,0,0,152,15,167,198,24,222,389
09/08/2011,SSF,TX,ASW,CE,Federal Contract Tower,0,0,11,16,27,0,0,165,0,165,0,0,176,16,192,176,24,200,392
09/09/2011,SSF,TX,ASW,CE,Federal Contract Tower,0,0,7,2,9,0,0,137,0,137,0,0,144,2,146,165,4,169,315
09/10/2011,SSF,TX,ASW,CE,Federal Contract Tower,0,0,14,2,16,0,0,133,0,133,0,0,147,2,149,199,2,201,350
09/11/2011,SSF,TX,ASW,CE,Federal Contract Tower,0,0,3,0,3,0,0,0,0,0,0,0,3,0,3,116,0,116,119
09/12/2011,SSF,TX,ASW,CE,Federal Contract Tower,0,0,4,24,28,0,0,114,0,114,0,0,118,24,142,158,28,186,328
09/13/2011,SSF,TX,ASW,CE,Federal Contract Tower,0,1,19,17,37,0,0,118,0,118,0,1,137,17,155,240,28,268,423
09/14/2011,SSF,TX,ASW,CE,Federal Contract Tower,0,1,15,10,26,0,0,118,0,118,0,1,133,10,144,226,20,246,390
09/15/2011,SSF,TX,ASW,CE,Federal Contract Tower,0,0,23,24,47,0,0,116,3,119,0,0,139,27,166,224,26,250,416
09/16/2011,SSF,TX,ASW,CE,Federal Contract Tower,0,0,15,6,21,0,0,74,0,74,0,0,89,6,95,190,6,196,291
09/17/2011,SSF,TX,ASW,CE,Federal Contract Tower,0,0,22,0,22,0,0,74,0,74,0,0,96,0,96,142,0,142,238
09/18/2011,SSF,TX,ASW,CE,Federal Contract Tower,0,0,23,0,23,0,0,61,0,61,0,0,84,0,84,144,0,144,228
09/19/2011,SSF,TX,ASW,CE,Federal Contract Tower,0,0,7,13,20,0,0,97,0,97,0,0,104,13,117,186,22,208,325
09/20/2011,SSF,TX,ASW,CE,Federal Contract Tower,0,0,10,18,28,0,0,153,0,153,0,0,163,18,181,316,22,338,519
09/21/2011,SSF,TX,ASW,CE,Federal Contract Tower,0,0,11,26,37,0,0,118,0,118,0,0,129,26,155,286,28,314,469
09/22/2011,SSF,TX,ASW,CE,Federal Contract Tower,0,0,7,11,18,0,0,123,0,123,0,0,130,11,141,286,14,300,441
09/23/2011,SSF,TX,ASW,CE,Federal Contract Tower,0,0,6,9,15,0,0,121,1,122,0,0,127,10,137,206,10,216,353
09/24/2011,SSF,TX,ASW,CE,Federal Contract Tower,0,0,9,0,9,0,0,107,0,107,0,0,116,0,116,198,0,198,314
09/25/2011,SSF,TX,ASW,CE,Federal Contract Tower,0,0,5,2,7,0,0,62,0,62,0,0,67,2,69,44,2,46,115
09/26/2011,SSF,TX,ASW,CE,Federal Contract Tower,0,0,10,7,17,0,0,102,2,104,0,0,112,9,121,172,12,184,305
09/27/2011,SSF,TX,ASW,CE,Federal Contract Tower,0,0,10,10,20,0,0,136,5,141,0,0,146,15,161,246,38,284,445
09/28/2011,SSF,TX,ASW,CE,Federal Contract Tower,0,0,16,8,24,0,0,109,10,119,0,0,125,18,143,192,14,206,349
09/29/2011,SSF,TX,ASW,CE,Federal Contract Tower,0,0,7,3,10,0,0,84,12,96,0,0,91,15,106,154,6,160,266
09/30/2011,SSF,TX,ASW,CE,Federal Contract Tower,0,0,13,8,21,0,0,110,3,113,0,0,123,11,134,276,8,284,418
10/01/2011,SSF,TX,ASW,CE,Federal Contract Tower,0,0,9,0,9,0,0,143,0,143,0,0,152,0,152,266,0,266,418
10/02/2011,SSF,TX,ASW,CE,Federal Contract Tower,0,0,7,2,9,0,0,92,0,92,0,0,99,2,101,114,2,116,217
10/03/2011,SSF,TX,ASW,CE,Federal Contract Tower,0,0,29,4,33,0,0,153,0,153,0,0,182,4,186,144,6,150,336
10/04/2011,SSF,TX,ASW,CE,Federal Contract Tower,0,0,12,20,32,0,0,182,0,182,0,0,194,20,214,322,32,354,568
10/05/2011,SSF,TX,ASW,CE,Federal Contract Tower,0,0,18,12,30,0,0,140,0,140,0,0,158,12,170,224,24,248,418
10/06/2011,SSF,TX,ASW,CE,Federal Contract Tower,0,0,23,22,45,0,0,126,0,126,0,0,149,22,171,218,56,274,445
10/07/2011,SSF,TX,ASW,CE,Federal Contract Tower,0,0,34,9,43,0,0,78,0,78,0,0,112,9,121,180,14,194,315
10/08/2011,SSF,TX,ASW,CE,Federal Contract Tower,0,0,5,0,5,0,0,55,0,55,0,0,60,0,60,60,0,60,120
10/09/2011,SSF,TX,ASW,CE,Federal Contract Tower,0,1,15,0,16,0,0,19,0,19,0,1,34,0,35,12,0,12,47
10/10/2011,SSF,TX,ASW,CE,Federal Contract Tower,0,0,13,3,16,0,0,77,0,77,0,0,90,3,93,88,2,90,183
10/11/2011,SSF,TX,ASW,CE,Federal Contract Tower,0,0,14,13,27,0,0,159,0,159,0,0,173,13,186,280,16,296,482
10/12/2011,SSF,TX,ASW,CE,Federal Contract Tower,0,0,18,4,22,0,0,121,4,125,0,0,139,8,147,320,6,326,473
10/13/2011,SSF,TX,ASW,CE,Federal Contract Tower,0,0,14,9,23,0,0,137,3,140,0,0,151,12,163,216,20,236,399
10/14/2011,SSF,TX,ASW,CE,Federal Contract Tower,0,0,11,19,30,0,0,120,0,120,0,0,131,19,150,186,18,204,354
10/15/2011,SSF,TX,ASW,CE,Federal Contract Tower,0,0,25,0,25,0,0,124,2,126,0,0,149,2,151,198,0,198,349
10/16/2011,SSF,TX,ASW,CE,Federal Contract Tower,0,0,7,2,9,0,0,59,2,61,0,0,66,4,70,28,2,30,100
10/17/2011,SSF,TX,ASW,CE,Federal Contract Tower,0,0,10,17,27,0,0,87,0,87,0,0,97,17,114,156,22,178,292
10/18/2011,SSF,TX,ASW,CE,Federal Contract Tower,0,0,7,16,23,0,0,35,2,37,0,0,42,18,60,22,18,40,100
10/19/2011,SSF,TX,ASW,CE,Federal Contract Tower,0,0,22,9,31,0,0,151,0,151,0,0,173,9,182,320,18,338,520
10/20/2011,SSF,TX,ASW,CE,Federal Contract Tower,0,0,8,19,27,0,0,188,2,190,0,0,196,21,217,386,28,414,631
10/21/2011,SSF,TX,ASW,CE,Federal Contract Tower,0,0,8,21,29,0,0,172,1,173,0,0,180,22,202,262,26,288,490
10/22/2011,SSF,TX,ASW,CE,Federal Contract Tower,0,0,22,3,25,0,0,137,0,137,0,0,159,3,162,318,4,322,484
10/23/2011,SSF,TX,ASW,CE,Federal Contract Tower,0,0,12,1,13,0,0,59,0,59,0,0,71,1,72,194,2,196,268
10/24/2011,SSF,TX,ASW,CE,Federal Contract Tower,0,0,12,18,30,0,0,141,0,141,0,0,153,18,171,240,22,262,433
10/25/2011,SSF,TX,ASW,CE,Federal Contract Tower,0,0,15,19,34,0,0,167,0,167,0,0,182,19,201,330,18,348,549
10/26/2011,SSF,TX,ASW,CE,Federal Contract Tower,0,0,5,14,19,0,0,150,0,150,0,0,155,14,169,344,20,364,533
10/27/2011,SSF,TX,ASW,CE,Federal Contract Tower,0,2,16,2,20,0,0,84,0,84,0,2,100,2,104,152,2,154,258
10/28/2011,SSF,TX,ASW,CE,Federal Contract Tower,0,0,25,2,27,0,0,98,0,98,0,0,123,2,125,122,0,122,247
10/29/2011,SSF,TX,ASW,CE,Federal Contract Tower,0,0,4,2,6,0,0,129,0,129,0,0,133,2,135,244,0,244,379
10/30/2011,SSF,TX,ASW,CE,Federal Contract Tower,0,0,9,4,13,0,0,76,0,76,0,0,85,4,89,98,4,102,191
10/31/2011,SSF,TX,ASW,CE,Federal Contract Tower,0,0,4,13,17,0,0,157,0,157,0,0,161,13,174,210,14,224,398
11/01/2011,SSF,TX,ASW,CE,Federal Contract Tower,0,0,11,16,27,0,0,131,1,132,0,0,142,17,159,241,20,261,420
11/02/2011,SSF,TX,ASW,CE,Federal Contract Tower,0,0,10,9,19,0,0,126,0,126,0,0,136,9,145,236,14,250,395
11/03/2011,SSF,TX,ASW,CE,Federal Contract Tower,0,0,6,11,17,0,0,127,2,129,0,0,133,13,146,176,10,186,332
11/04/2011,SSF,TX,ASW,CE,Federal Contract Tower,0,0,11,9,20,0,0,175,4,179,0,0,186,13,199,296,8,304,503
11/05/2011,SSF,TX,ASW,CE,Federal Contract Tower,0,0,11,0,11,0,0,146,2,148,0,0,157,2,159,164,0,164,323
11/06/2011,SSF,TX,ASW,CE,Federal Contract Tower,0,0,15,0,15,0,0,36,0,36,0,0,51,0,51,70,0,70,121
11/07/2011,SSF,TX,ASW,CE,Federal Contract Tower,0,0,15,22,37,0,0,62,0,62,0,0,77,22,99,98,26,124,223
11/08/2011,SSF,TX,ASW,CE,Federal Contract Tower,0,0,10,8,18,0,0,93,2,95,0,0,103,10,113,172,14,186,299
11/09/2011,SSF,TX,ASW,CE,Federal Contract Tower,0,0,12,8,20,0,0,78,7,85,0,0,90,15,105,118,38,156,261
11/10/2011,SSF,TX,ASW,CE,Federal Contract Tower,0,0,10,17,27,0,0,161,0,161,0,0,171,17,188,329,18,347,535
11/11/2011,SSF,TX,ASW,CE,Federal Contract Tower,0,0,25,2,27,0,0,160,0,160,0,0,185,2,187,324,2,326,513
11/12/2011,SSF,TX,ASW,CE,Federal Contract Tower,0,0,6,0,6,0,0,135,0,135,0,0,141,0,141,280,0,280,421
11/13/2011,SSF,TX,ASW,CE,Federal Contract Tower,0,0,16,0,16,0,0,58,0,58,0,0,74,0,74,114,0,114,188
11/14/2011,SSF,TX,ASW,CE,Federal Contract Tower,0,0,20,31,51,0,0,72,2,74,0,0,92,33,125,144,32,176,301
11/15/2011,SSF,TX,ASW,CE,Federal Contract Tower,0,0,13,16,29,0,0,85,0,85,0,0,98,16,114,162,14,176,290
11/16/2011,SSF,TX,ASW,CE,Federal Contract Tower,0,0,15,11,26,0,0,172,0,172,0,0,187,11,198,350,8,358,556
11/17/2011,SSF,TX,ASW,CE,Federal Contract Tower,0,0,13,22,35,0,0,116,0,116,0,0,129,22,151,334,30,364,515
11/18/2011,SSF,TX,ASW,CE,Federal Contract Tower,0,0,34,26,60,0,0,149,2,151,0,0,183,28,211,226,44,270,481
11/19/2011,SSF,TX,ASW,CE,Federal Contract Tower,0,0,20,3,23,0,0,85,0,85,0,0,105,3,108,142,0,142,250
11/20/2011,SSF,TX,ASW,CE,Federal Contract Tower,0,0,9,0,9,0,0,50,0,50,0,0,59,0,59,88,0,88,147
11/21/2011,SSF,TX,ASW,CE,Federal Contract Tower,0,0,18,21,39,0,0,44,2,46,0,0,62,23,85,84,36,120,205
11/22/2011,SSF,TX,ASW,CE,Federal Contract Tower,0,0,13,19,32,0,0,158,2,160,0,0,171,21,192,310,22,332,524
11/23/2011,SSF,TX,ASW,CE,Federal Contract Tower,0,0,5,10,15,0,0,192,0,192,0,0,197,10,207,350,14,364,571
11/24/2011,SSF,TX,ASW,CE,Federal Contract Tower,0,0,0,0,0,0,0,56,0,56,0,0,56,0,56,178,0,178,234
11/25/2011,SSF,TX,ASW,CE,Federal Contract Tower,0,0,7,0,7,0,0,61,0,61,0,0,68,0,68,180,0,180,248
11/26/2011,SSF,TX,ASW,CE,Federal Contract Tower,0,0,4,0,4,0,0,38,0,38,0,0,42,0,42,40,0,40,82
11/27/2011,SSF,TX,ASW,CE,Federal Contract Tower,0,0,4,0,4,0,0,53,0,53,0,0,57,0,57,68,0,68,125
11/28/2011,SSF,TX,ASW,CE,Federal Contract Tower,0,0,1,15,16,0,0,144,2,146,0,0,145,17,162,226,20,246,408
11/29/2011,SSF,TX,ASW,CE,Federal Contract Tower,0,0,4,16,20,0,0,168,0,168,0,0,172,16,188,330,22,352,540
11/30/2011,SSF,TX,ASW,CE,Federal Contract Tower,0,0,20,9,29,0,0,168,0,168,0,0,188,9,197,258,14,272,469
12/01/2011,SSF,TX,ASW,CE,Federal Contract Tower,0,2,23,21,46,0,0,120,0,120,0,2,143,21,166,262,26,288,454
12/02/2011,SSF,TX,ASW,CE,Federal Contract Tower,0,0,14,14,28,0,0,4,0,4,0,0,18,14,32,24,26,50,82
12/03/2011,SSF,TX,ASW,CE,Federal Contract Tower,0,0,14,3,17,0,0,52,0,52,0,0,66,3,69,114,2,116,185
12/04/2011,SSF,TX,ASW,CE,Federal Contract Tower,0,0,10,2,12,0,0,0,0,0,0,0,10,2,12,0,0,0,12
12/05/2011,SSF,TX,ASW,CE,Federal Contract Tower,0,0,22,19,41,0,0,53,0,53,0,0,75,19,94,142,20,162,256
12/06/2011,SSF,TX,ASW,CE,Federal Contract Tower,0,0,11,22,33,0,0,107,2,109,0,0,118,24,142,140,32,172,314
12/07/2011,SSF,TX,ASW,CE,Federal Contract Tower,0,0,13,12,25,0,0,151,0,151,0,0,164,12,176,331,24,355,531
12/08/2011,SSF,TX,ASW,CE,Federal Contract Tower,0,0,20,12,32,0,0,147,0,147,0,0,167,12,179,234,20,254,433
12/09/2011,SSF,TX,ASW,CE,Federal Contract Tower,0,0,21,19,40,0,0,105,0,105,0,0,126,19,145,288,28,316,461
12/10/2011,SSF,TX,ASW,CE,Federal Contract Tower,0,1,4,0,5,0,0,78,0,78,0,1,82,0,83,124,0,124,207
12/11/2011,SSF,TX,ASW,CE,Federal Contract Tower,0,0,5,0,5,0,0,45,0,45,0,0,50,0,50,92,0,92,142
12/12/2011,SSF,TX,ASW,CE,Federal Contract Tower,0,0,10,25,35,0,0,39,0,39,0,0,49,25,74,40,30,70,144
12/13/2011,SSF,TX,ASW,CE,Federal Contract Tower,0,0,9,8,17,0,0,22,0,22,0,0,31,8,39,30,10,40,79
12/14/2011,SSF,TX,ASW,CE,Federal Contract Tower,0,0,28,10,38,0,0,45,0,45,0,0,73,10,83,100,4,104,187
12/15/2011,SSF,TX,ASW,CE,Federal Contract Tower,0,0,25,8,33,0,0,37,0,37,0,0,62,8,70,70,10,80,150
12/16/2011,SSF,TX,ASW,CE,Federal Contract Tower,0,0,25,4,29,0,0,68,4,72,0,0,93,8,101,176,4,180,281
12/17/2011,SSF,TX,ASW,CE,Federal Contract Tower,0,0,13,0,13,0,0,109,0,109,0,0,122,0,122,260,0,260,382
12/18/2011,SSF,TX,ASW,CE,Federal Contract Tower,0,0,11,2,13,0,0,27,0,27,0,0,38,2,40,54,4,58,98
12/19/2011,SSF,TX,ASW,CE,Federal Contract Tower,0,0,10,0,10,0,0,42,0,42,0,0,52,0,52,176,2,178,230
12/20/2011,SSF,TX,ASW,CE,Federal Contract Tower,0,0,10,20,30,0,0,129,0,129,0,0,139,20,159,238,20,258,417
12/21/2011,SSF,TX,ASW,CE,Federal Contract Tower,0,0,15,14,29,0,0,144,0,144,0,0,159,14,173,254,18,272,445
12/22/2011,SSF,TX,ASW,CE,Federal Contract Tower,0,0,9,14,23,0,0,109,0,109,0,0,118,14,132,138,20,158,290
12/23/2011,SSF,TX,ASW,CE,Federal Contract Tower,0,0,25,2,27,0,0,84,0,84,0,0,109,2,111,138,2,140,251
12/24/2011,SSF,TX,ASW,CE,Federal Contract Tower,0,0,4,0,4,0,0,3,0,3,0,0,7,0,7,10,0,10,17
12/25/2011,SSF,TX,ASW,CE,Federal Contract Tower,0,0,2,0,2,0,0,16,0,16,0,0,18,0,18,36,0,36,54
12/26/2011,SSF,TX,ASW,CE,Federal Contract Tower,0,0,7,0,7,0,0,111,0,111,0,0,118,0,118,208,0,208,326
12/27/2011,SSF,TX,ASW,CE,Federal Contract Tower,0,0,9,0,9,0,0,158,0,158,0,0,167,0,167,172,0,172,339
12/28/2011,SSF,TX,ASW,CE,Federal Contract Tower,0,0,12,0,12,0,0,0,0,0,0,0,12,0,12,188,0,188,200
12/29/2011,SSF,TX,ASW,CE,Federal Contract Tower,0,0,14,0,14,0,0,157,0,157,0,0,171,0,171,194,0,194,365
12/30/2011,SSF,TX,ASW,CE,Federal Contract Tower,0,0,9,0,9,0,0,151,0,151,0,0,160,0,160,176,0,176,336
12/31/2011,SSF,TX,ASW,CE,Federal Contract Tower,0,0,2,0,2,0,0,110,0,110,0,0,112,0,112,118,0,118,230
01/01/2012,SSF,TX,ASW,CE,Federal Contract Tower,0,0,2,0,2,0,0,28,0,28,0,0,30,0,30,6,0,6,36
01/02/2012,SSF,TX,ASW,CE,Federal Contract Tower,0,0,8,1,9,0,0,93,0,93,0,0,101,1,102,166,0,166,268
01/03/2012,SSF,TX,ASW,CE,Federal Contract Tower,0,0,5,10,15,0,0,83,0,83,0,0,88,10,98,176,14,190,288
01/04/2012,SSF,TX,ASW,CE,Federal Contract Tower,0,0,11,16,27,0,0,113,18,131,0,0,124,34,158,178,74,252,410
01/05/2012,SSF,TX,ASW,CE,Federal Contract Tower,0,2,23,3,28,0,0,112,19,131,0,2,135,22,159,194,56,250,409
01/06/2012,SSF,TX,ASW,CE,Federal Contract Tower,0,0,12,6,18,0,0,125,0,125,0,0,137,6,143,296,6,302,445
01/07/2012,SSF,TX,ASW,CE,Federal Contract Tower,0,0,8,2,10,0,0,166,0,166,0,0,174,2,176,226,22,248,424
01/08/2012,SSF,TX,ASW,CE,Federal Contract Tower,0,0,16,0,16,0,0,22,0,22,0,0,38,0,38,34,0,34,72
01/09/2012,SSF,TX,ASW,CE,Federal Contract Tower,0,0,6,14,20,0,0,26,0,26,0,0,32,14,46,82,22,104,150
01/10/2012,SSF,TX,ASW,CE,Federal Contract Tower,0,0,7,21,28,0,0,108,0,108,0,0,115,21,136,204,20,224,360
01/11/2012,SSF,TX,ASW,CE,Federal Contract Tower,0,0,23,40,63,0,0,133,4,137,0,0,156,44,200,244,82,326,526
01/12/2012,SSF,TX,ASW,CE,Federal Contract Tower,0,0,10,30,40,0,0,100,9,109,0,0,110,39,149,146,80,226,375
01/13/2012,SSF,TX,ASW,CE,Federal Contract Tower,0,0,15,18,33,0,0,131,0,131,0,0,146,18,164,264,18,282,446
01/14/2012,SSF,TX,ASW,CE,Federal Contract Tower,0,0,11,2,13,0,0,140,6,146,0,0,151,8,159,249,4,253,412
01/15/2012,SSF,TX,ASW,CE,Federal Contract Tower,0,0,6,1,7,0,0,47,0,47,0,0,53,1,54,18,2,20,74
01/16/2012,SSF,TX,ASW,CE,Federal Contract Tower,0,0,11,1,12,0,0,49,0,49,0,0,60,1,61,58,2,60,121
01/17/2012,SSF,TX,ASW,CE,Federal Contract Tower,0,1,21,17,39,0,0,87,2,89,0,1,108,19,128,143,40,183,311
01/18/2012,SSF,TX,ASW,CE,Federal Contract Tower,0,0,11,23,34,0,0,135,0,135,0,0,146,23,169,232,20,252,421
01/19/2012,SSF,TX,ASW,CE,Federal Contract Tower,0,0,15,22,37,0,0,138,0,138,0,0,153,22,175,332,22,354,529
01/20/2012,SSF,TX,ASW,CE,Federal Contract Tower,0,0,11,6,17,0,0,38,0,38,0,0,49,6,55,36,6,42,97
01/21/2012,SSF,TX,ASW,CE,Federal Contract Tower,0,2,17,12,31,0,0,133,0,133,0,2,150,12,164,312,16,328,492
01/22/2012,SSF,TX,ASW,CE,Federal Contract Tower,0,0,9,1,10,0,0,22,0,22,0,0,31,1,32,24,2,26,58
01/23/2012,SSF,TX,ASW,CE,Federal Contract Tower,0,0,1,0,1,0,0,109,0,109,0,0,110,0,110,183,0,183,293
01/24/2012,SSF,TX,ASW,CE,Federal Contract Tower,0,0,7,14,21,0,0,6,8,14,0,0,13,22,35,0,6,6,41
01/25/2012,SSF,TX,ASW,CE,Federal Contract Tower,0,0,28,15,43,0,0,66,0,66,0,0,94,15,109,254,14,268,377
01/26/2012,SSF,TX,ASW,CE,Federal Contract Tower,0,0,18,11,29,0,0,130,0,130,0,0,148,11,159,218,16,234,393
01/27/2012,SSF,TX,ASW,CE,Federal Contract Tower,0,0,13,26,39,0,0,125,1,126,0,0,138,27,165,184,18,202,367
01/28/2012,SSF,TX,ASW,CE,Federal Contract Tower,0,0,12,0,12,0,0,100,16,116,0,0,112,16,128,104,0,104,232
01/29/2012,SSF,TX,ASW,CE,Federal Contract Tower,0,1,17,1,19,0,0,101,1,102,0,1,118,2,121,124,0,124,245
01/30/2012,SSF,TX,ASW,CE,Federal Contract Tower,0,0,14,14,28,0,0,18,0,18,0,0,32,14,46,6,14,20,66
01/31/2012,SSF,TX,ASW,CE,Federal Contract Tower,0,2,32,12,46,0,0,41,2,43,0,2,73,14,89,138,24,162,251
02/01/2012,SSF,TX,ASW,CE,Federal Contract Tower,0,0,19,12,31,0,0,62,5,67,0,0,81,17,98,198,40,238,336
02/02/2012,SSF,TX,ASW,CE,Federal Contract Tower,0,0,30,9,39,0,0,34,3,37,0,0,64,12,76,140,40,180,256
02/03/2012,SSF,TX,ASW,CE,Federal Contract Tower,0,0,20,6,26,0,0,55,0,55,0,0,75,6,81,100,6,106,187
02/04/2012,SSF,TX,ASW,CE,Federal Contract Tower,0,0,6,4,10,0,0,81,0,81,0,0,87,4,91,134,0,134,225
02/05/2012,SSF,TX,ASW,CE,Federal Contract Tower,0,0,3,0,3,0,0,31,0,31,0,0,34,0,34,24,0,24,58
02/06/2012,SSF,TX,ASW,CE,Federal Contract Tower,0,0,14,12,26,0,0,156,0,156,0,0,170,12,182,301,12,313,495
02/07/2012,SSF,TX,ASW,CE,Federal Contract Tower,0,2,17,13,32,0,0,164,0,164,0,2,181,13,196,328,12,340,536
02/08/2012,SSF,TX,ASW,CE,Federal Contract Tower,0,0,24,10,34,0,0,171,2,173,0,0,195,12,207,354,42,396,603
02/09/2012,SSF,TX,ASW,CE,Federal Contract Tower,0,0,12,8,20,0,0,159,3,162,0,0,171,11,182,394,14,408,590
02/10/2012,SSF,TX,ASW,CE,Federal Contract Tower,0,0,18,0,18,0,0,104,2,106,0,0,122,2,124,249,0,249,373
02/11/2012,SSF,TX,ASW,CE,Federal Contract Tower,0,0,22,2,24,0,0,143,0,143,0,0,165,2,167,193,2,195,362
02/12/2012,SSF,TX,ASW,CE,Federal Contract Tower,0,0,6,2,8,0,0,35,2,37,0,0,41,4,45,4,24,28,73
02/13/2012,SSF,TX,ASW,CE,Federal Contract Tower,0,0,12,10,22,0,0,99,0,99,0,0,111,10,121,130,10,140,261
02/14/2012,SSF,TX,ASW,CE,Federal Contract Tower,0,0,4,14,18,0,0,171,0,171,0,0,175,14,189,189,16,205,394
02/15/2012,SSF,TX,ASW,CE,Federal Contract Tower,0,2,11,12,25,0,2,124,8,134,0,4,135,20,159,196,24,220,379
02/16/2012,SSF,TX,ASW,CE,Federal Contract Tower,0,0,10,20,30,0,6,129,0,135,0,6,139,20,165,258,20,278,443
02/17/2012,SSF,TX,ASW,CE,Federal Contract Tower,0,0,8,2,10,0,0,12,0,12,0,0,20,2,22,0,0,0,22
02/18/2012,SSF,TX,ASW,CE,Federal Contract Tower,0,0,9,0,9,0,0,35,1,36,0,0,44,1,45,16,0,16,61
02/19/2012,SSF,TX,ASW,CE,Federal Contract Tower,0,0,7,2,9,0,0,131,0,131,0,0,138,2,140,149,6,155,295
02/20/2012,SSF,TX,ASW,CE,Federal Contract Tower,0,0,39,1,40,0,0,127,2,129,0,0,166,3,169,502,0,502,671
02/21/2012,SSF,TX,ASW,CE,Federal Contract Tower,0,3,18,14,35,0,0,114,0,114,0,3,132,14,149,216,28,244,393
02/22/2012,SSF,TX,ASW,CE,Federal Contract Tower,0,0,26,16,42,0,0,109,0,109,0,0,135,16,151,173,16,189,340
02/23/2012,SSF,TX,ASW,CE,Federal Contract Tower,0,2,11,18,31,0,0,166,7,173,0,2,177,25,204,336,44,380,584
02/24/2012,SSF,TX,ASW,CE,Federal Contract Tower,0,0,6,4,10,0,0,47,9,56,0,0,53,13,66,98,3,101,167
02/25/2012,SSF,TX,ASW,CE,Federal Contract Tower,0,0,15,8,23,0,0,154,22,176,0,0,169,30,199,251,8,259,458
02/26/2012,SSF,TX,ASW,CE,Federal Contract Tower,0,0,11,3,14,0,0,61,8,69,0,0,72,11,83,58,0,58,141
02/27/2012,SSF,TX,ASW,CE,Federal Contract Tower,0,0,4,3,7,0,0,2,0,2,0,0,6,3,9,6,0,6,15
02/28/2012,SSF,TX,ASW,CE,Federal Contract Tower,0,1,16,3,20,0,0,56,0,56,0,1,72,3,76,94,6,100,176
02/29/2012,SSF,TX,ASW,CE,Federal Contract Tower,0,0,27,36,63,0,0,120,3,123,0,0,147,39,186,302,4,306,492
03/01/2012,SSF,TX,ASW,CE,Federal Contract Tower,0,0,22,26,48,0,0,27,2,29,0,0,49,28,77,144,28,172,249
03/02/2012,SSF,TX,ASW,CE,Federal Contract Tower,0,0,9,14,23,0,0,114,2,116,0,0,123,16,139,213,14,227,366
03/03/2012,SSF,TX,ASW,CE,Federal Contract Tower,0,0,14,1,15,0,0,81,3,84,0,0,95,4,99,99,4,103,202
03/04/2012,SSF,TX,ASW,CE,Federal Contract Tower,0,0,8,2,10,0,0,130,2,132,0,0,138,4,142,159,2,161,303
03/05/2012,SSF,TX,ASW,CE,Federal Contract Tower,0,0,4,8,12,0,0,167,2,169,0,0,171,10,181,307,10,317,498
03/06/2012,SSF,TX,ASW,CE,Federal Contract Tower,0,0,6,15,21,0,0,94,4,98,0,0,100,19,119,132,18,150,269
03/07/2012,SSF,TX,ASW,CE,Federal Contract Tower,0,0,31,18,49,0,0,41,0,41,0,0,72,18,90,146,4,150,240
03/08/2012,SSF,TX,ASW,CE,Federal Contract Tower,0,0,24,21,45,0,0,71,0,71,0,0,95,21,116,164,26,190,306
03/09/2012,SSF,TX,ASW,CE,Federal Contract Tower,0,0,13,2,15,0,0,10,0,10,0,0,23,2,25,16,2,18,43
03/10/2012,SSF,TX,ASW,CE,Federal Contract Tower,0,0,3,0,3,0,0,2,0,2,0,0,5,0,5,24,0,24,29
03/11/2012,SSF,TX,ASW,CE,Federal Contract Tower,0,0,10,0,10,0,0,98,0,98,0,0,108,0,108,162,0,162,270
03/12/2012,SSF,TX,ASW,CE,Federal Contract Tower,0,1,11,6,18,0,0,153,1,154,0,1,164,7,172,240,10,250,422
03/13/2012,SSF,TX,ASW,CE,Federal Contract Tower,0,0,26,22,48,0,0,98,0,98,0,0,124,22,146,186,14,200,346
03/14/2012,SSF,TX,ASW,CE,Federal Contract Tower,0,0,33,28,61,0,0,101,0,101,0,0,134,28,162,126,26,152,314
03/15/2012,SSF,TX,ASW,CE,Federal Contract Tower,0,0,39,16,55,0,0,100,6,106,0,0,139,22,161,170,26,196,357
03/16/2012,SSF,TX,ASW,CE,Federal Contract Tower,0,0,22,18,40,0,0,64,0,64,0,0,86,18,104,109,16,125,229
03/17/2012,SSF,TX,ASW,CE,Federal Contract Tower,0,0,21,4,25,0,0,80,2,82,0,0,101,6,107,137,10,147,254
03/18/2012,SSF,TX,ASW,CE,Federal Contract Tower,0,0,12,5,17,0,0,45,1,46,0,0,57,6,63,90,4,94,157
03/19/2012,SSF,TX,ASW,CE,Federal Contract Tower,0,0,6,7,13,0,0,22,0,22,0,0,28,7,35,40,10,50,85
03/20/2012,SSF,TX,ASW,CE,Federal Contract Tower,0,0,13,15,28,0,0,107,0,107,0,0,120,15,135,87,18,105,240
03/21/2012,SSF,TX,ASW,CE,Federal Contract Tower,0,1,13,28,42,0,0,153,8,161,0,1,166,36,203,198,58,256,459
03/22/2012,SSF,TX,ASW,CE,Federal Contract Tower,0,1,19,17,37,0,0,139,5,144,0,1,158,22,181,393,64,457,638
03/23/2012,SSF,TX,ASW,CE,Federal Contract Tower,0,0,15,21,36,0,0,206,2,208,0,0,221,23,244,292,32,324,568
03/24/2012,SSF,TX,ASW,CE,Federal Contract Tower,0,0,3,1,4,0,0,94,0,94,0,0,97,1,98,76,0,76,174
03/25/2012,SSF,TX,ASW,CE,Federal Contract Tower,0,0,16,2,18,0,0,99,0,99,0,0,115,2,117,40,2,42,159
03/26/2012,SSF,TX,ASW,CE,Federal Contract Tower,0,0,10,19,29,0,0,123,0,123,0,0,133,19,152,236,20,256,408
03/27/2012,SSF,TX,ASW,CE,Federal Contract Tower,0,0,22,13,35,0,0,93,6,99,0,0,115,19,134,162,8,170,304
03/28/2012,SSF,TX,ASW,CE,Federal Contract Tower,0,0,22,20,42,0,0,100,8,108,0,0,122,28,150,176,38,214,364
03/29/2012,SSF,TX,ASW,CE,Federal Contract Tower,0,0,34,20,54,0,0,108,7,115,0,0,142,27,169,268,26,294,463
03/30/2012,SSF,TX,ASW,CE,Federal Contract Tower,0,0,25,3,28,0,0,125,1,126,0,0,150,4,154,188,32,220,374
03/31/2012,SSF,TX,ASW,CE,Federal Contract Tower,0,0,14,1,15,0,0,130,0,130,0,0,144,1,145,202,2,204,349
04/01/2012,SSF,TX,ASW,CE,Federal Contract Tower,0,0,18,2,20,0,0,95,0,95,0,0,113,2,115,136,2,138,253
04/02/2012,SSF,TX,ASW,CE,Federal Contract Tower,0,0,12,20,32,0,0,112,0,112,0,0,124,20,144,128,24,152,296
04/03/2012,SSF,TX,ASW,CE,Federal Contract Tower,0,0,27,29,56,0,0,110,0,110,0,0,137,29,166,274,32,306,472
04/04/2012,SSF,TX,ASW,CE,Federal Contract Tower,0,0,25,21,46,0,0,170,0,170,0,0,195,21,216,274,20,294,510
04/05/2012,SSF,TX,ASW,CE,Federal Contract Tower,0,0,27,14,41,0,0,125,1,126,0,0,152,15,167,276,14,290,457
04/06/2012,SSF,TX,ASW,CE,Federal Contract Tower,0,0,19,12,31,0,0,127,0,127,0,0,146,12,158,150,12,162,320
04/07/2012,SSF,TX,ASW,CE,Federal Contract Tower,0,0,11,0,11,0,0,76,0,76,0,0,87,0,87,194,0,194,281
04/08/2012,SSF,TX,ASW,CE,Federal Contract Tower,0,0,5,0,5,0,0,51,0,51,0,0,56,0,56,66,0,66,122
04/09/2012,SSF,TX,ASW,CE,Federal Contract Tower,0,2,4,9,15,0,0,130,0,130,0,2,134,9,145,262,10,272,417
04/10/2012,SSF,TX,ASW,CE,Federal Contract Tower,0,0,10,10,20,0,0,130,0,130,0,0,140,10,150,198,12,210,360
04/11/2012,SSF,TX,ASW,CE,Federal Contract Tower,0,1,25,38,64,0,0,116,0,116,0,1,141,38,180,168,36,204,384
04/12/2012,SSF,TX,ASW,CE,Federal Contract Tower,0,1,30,52,83,0,0,81,12,93,0,1,111,64,176,270,68,338,514
04/13/2012,SSF,TX,ASW,CE,Federal Contract Tower,0,3,23,38,64,0,0,75,0,75,0,3,98,38,139,176,34,210,349
04/14/2012,SSF,TX,ASW,CE,Federal Contract Tower,0,0,9,16,25,0,0,72,0,72,0,0,81,16,97,34,14,48,145
04/15/2012,SSF,TX,ASW,CE,Federal Contract Tower,0,0,9,5,14,0,0,40,0,40,0,0,49,5,54,56,8,64,118
04/16/2012,SSF,TX,ASW,CE,Federal Contract Tower,0,0,4,16,20,0,0,98,0,98,0,0,102,16,118,148,18,166,284
04/17/2012,SSF,TX,ASW,CE,Federal Contract Tower,0,0,3,28,31,0,0,166,4,170,0,0,169,32,201,300,14,314,515
04/18/2012,SSF,TX,ASW,CE,Federal Contract Tower,0,0,19,13,32,0,0,133,0,133,0,0,152,13,165,316,16,332,497
04/19/2012,SSF,TX,ASW,CE,Federal Contract Tower,0,0,18,40,58,0,0,148,5,153,0,0,166,45,211,266,36,302,513
04/20/2012,SSF,TX,ASW,CE,Federal Contract Tower,0,0,17,6,23,0,0,71,0,71,0,0,88,6,94,100,6,106,200
04/21/2012,SSF,TX,ASW,CE,Federal Contract Tower,0,0,6,4,10,0,0,163,0,163,0,0,169,4,173,214,4,218,391
04/22/2012,SSF,TX,ASW,CE,Federal Contract Tower,0,0,11,1,12,0,0,111,1,112,0,0,122,2,124,220,0,220,344
04/23/2012,SSF,TX,ASW,CE,Federal Contract Tower,0,0,3,19,22,0,0,134,0,134,0,0,137,19,156,222,20,242,398
04/24/2012,SSF,TX,ASW,CE,Federal Contract Tower,0,0,5,16,21,0,0,137,0,137,0,0,142,16,158,116,8,124,282
04/25/2012,SSF,TX,ASW,CE,Federal Contract Tower,0,0,30,14,44,0,0,147,3,150,0,0,177,17,194,240,14,254,448
04/26/2012,SSF,TX,ASW,CE,Federal Contract Tower,0,0,6,7,13,0,0,120,0,120,0,0,126,7,133,304,4,308,441
04/27/2012,SSF,TX,ASW,CE,Federal Contract Tower,0,0,11,4,15,0,0,111,2,113,0,0,122,6,128,124,4,128,256
04/28/2012,SSF,TX,ASW,CE,Federal Contract Tower,0,0,2,2,4,0,0,94,0,94,0,0,96,2,98,148,2,150,248
04/29/2012,SSF,TX,ASW,CE,Federal Contract Tower,0,1,4,2,7,0,0,53,0,53,0,1,57,2,60,72,2,74,134
04/30/2012,SSF,TX,ASW,CE,Federal Contract Tower,0,0,8,11,19,0,0,67,0,67,0,0,75,11,86,158,10,168,254
05/01/2012,SSF,TX,ASW,CE,Federal Contract Tower,0,0,7,18,25,0,0,140,2,142,0,0,147,20,167,258,20,278,445
05/02/2012,SSF,TX,ASW,CE,Federal Contract Tower,0,0,21,12,33,0,0,139,2,141,0,0,160,14,174,324,12,336,510
05/03/2012,SSF,TX,ASW,CE,Federal Contract Tower,0,0,9,25,34,0,0,122,7,129,0,0,131,32,163,204,24,228,391
05/04/2012,SSF,TX,ASW,CE,Federal Contract Tower,0,0,15,14,29,0,0,126,30,156,0,0,141,44,185,246,14,260,445
05/05/2012,SSF,TX,ASW,CE,Federal Contract Tower,0,0,16,0,16,0,0,101,6,107,0,0,117,6,123,206,0,206,329
05/06/2012,SSF,TX,ASW,CE,Federal Contract Tower,0,0,6,0,6,0,0,84,6,90,0,0,90,6,96,120,0,120,216
05/07/2012,SSF,TX,ASW,CE,Federal Contract Tower,0,0,7,26,33,0,0,130,1,131,0,0,137,27,164,154,20,174,338
05/08/2012,SSF,TX,ASW,CE,Federal Contract Tower,0,0,0,4,4,0,0,31,0,31,0,0,31,4,35,56,0,56,91
05/09/2012,SSF,TX,ASW,CE,Federal Contract Tower,0,0,27,31,58,0,0,131,0,131,0,0,158,31,189,376,24,400,589
05/10/2012,SSF,TX,ASW,CE,Federal Contract Tower,0,0,3,0,3,0,0,11,0,11,0,0,14,0,14,6,0,6,20
05/11/2012,SSF,TX,ASW,CE,Federal Contract Tower,0,0,4,26,30,0,0,94,0,94,0,0,98,26,124,122,26,148,272
05/12/2012,SSF,TX,ASW,CE,Federal Contract Tower,0,1,5,2,8,0,0,104,0,104,0,1,109,2,112,182,2,184,296
05/13/2012,SSF,TX,ASW,CE,Federal Contract Tower,0,0,3,0,3,0,0,72,0,72,0,0,75,0,75,170,0,170,245
05/14/2012,SSF,TX,ASW,CE,Federal Contract Tower,0,0,9,22,31,0,0,128,4,132,0,0,137,26,163,166,24,190,353
05/15/2012,SSF,TX,ASW,CE,Federal Contract Tower,0,0,6,9,15,0,0,59,0,59,0,0,65,9,74,68,10,78,152
05/16/2012,SSF,TX,ASW,CE,Federal Contract Tower,0,0,21,20,41,0,0,179,5,184,0,0,200,25,225,318,24,342,567
05/17/2012,SSF,TX,ASW,CE,Federal Contract Tower,0,0,16,14,30,0,0,167,2,169,0,0,183,16,199,340,12,352,551
05/18/2012,SSF,TX,ASW,CE,Federal Contract Tower,0,0,28,14,42,0,0,111,1,112,0,0,139,15,154,184,22,206,360
05/19/2012,SSF,TX,ASW,CE,Federal Contract Tower,0,1,11,4,16,0,0,133,2,135,0,1,144,6,151,104,0,104,255
05/20/2012,SSF,TX,ASW,CE,Federal Contract Tower,0,0,7,2,9,0,0,76,0,76,0,0,83,2,85,206,0,206,291
05/21/2012,SSF,TX,ASW,CE,Federal Contract Tower,0,0,7,22,29,0,0,126,1,127,0,0,133,23,156,206,34,240,396
05/22/2012,SSF,TX,ASW,CE,Federal Contract Tower,0,4,14,16,34,0,0,159,7,166,0,4,173,23,200,292,18,310,510
05/23/2012,SSF,TX,ASW,CE,Federal Contract Tower,0,0,17,26,43,0,0,98,3,101,0,0,115,29,144,256,30,286,430
05/24/2012,SSF,TX,ASW,CE,Federal Contract Tower,0,0,20,9,29,0,0,96,7,103,0,0,116,16,132,218,32,250,382
05/25/2012,SSF,TX,ASW,CE,Federal Contract Tower,0,0,16,2,18,0,0,102,0,102,0,0,118,2,120,176,2,178,298
05/26/2012,SSF,TX,ASW,CE,Federal Contract Tower,0,0,13,0,13,0,0,75,3,78,0,0,88,3,91,52,2,54,145
05/27/2012,SSF,TX,ASW,CE,Federal Contract Tower,0,0,11,0,11,0,0,82,0,82,0,0,93,0,93,100,4,104,197
05/28/2012,SSF,TX,ASW,CE,Federal Contract Tower,0,0,13,0,13,0,0,0,0,0,0,0,13,0,13,84,2,86,99
05/29/2012,SSF,TX,ASW,CE,Federal Contract Tower,0,0,7,32,39,0,0,123,0,123,0,0,130,32,162,202,28,230,392
05/30/2012,SSF,TX,ASW,CE,Federal Contract Tower,0,0,20,40,60,0,0,122,0,122,0,0,142,40,182,142,42,184,366
05/31/2012,SSF,TX,ASW,CE,Federal Contract Tower,0,1,19,28,48,0,0,82,0,82,0,1,101,28,130,182,22,204,334
06/01/2012,SSF,TX,ASW,CE,Federal Contract Tower,0,0,8,20,28,0,0,128,3,131,0,0,136,23,159,222,20,242,401
06/02/2012,SSF,TX,ASW,CE,Federal Contract Tower,0,0,15,4,19,0,0,103,2,105,0,0,118,6,124,90,10,100,224
06/03/2012,SSF,TX,ASW,CE,Federal Contract Tower,0,0,8,8,16,0,0,68,0,68,0,0,76,8,84,42,10,52,136
06/04/2012,SSF,TX,ASW,CE,Federal Contract Tower,0,0,13,57,70,0,0,84,2,86,0,0,97,59,156,114,34,148,304
06/05/2012,SSF,TX,ASW,CE,Federal Contract Tower,0,0,15,24,39,0,0,110,7,117,0,0,125,31,156,228,34,262,418
06/06/2012,SSF,TX,ASW,CE,Federal Contract Tower,0,0,18,26,44,0,0,177,7,184,0,0,195,33,228,248,34,282,510
06/07/2012,SSF,TX,ASW,CE,Federal Contract Tower,0,0,11,23,34,0,0,103,1,104,0,0,114,24,138,198,22,220,358
06/08/2012,SSF,TX,ASW,CE,Federal Contract Tower,0,0,18,20,38,0,0,83,9,92,0,0,101,29,130,236,34,270,400
06/09/2012,SSF,TX,ASW,CE,Federal Contract Tower,0,0,12,3,15,0,0,127,5,132,0,0,139,8,147,180,2,182,329
06/10/2012,SSF,TX,ASW,CE,Federal Contract Tower,0,0,12,2,14,0,0,69,0,69,0,0,81,2,83,30,2,32,115
06/11/2012,SSF,TX,ASW,CE,Federal Contract Tower,0,0,9,14,23,0,0,102,0,102,0,0,111,14,125,152,12,164,289
06/12/2012,SSF,TX,ASW,CE,Federal Contract Tower,0,2,7,30,39,0,0,134,0,134,0,2,141,30,173,208,26,234,407
06/13/2012,SSF,TX,ASW,CE,Federal Contract Tower,0,0,23,26,49,0,0,96,0,96,0,0,119,26,145,168,24,192,337
06/14/2012,SSF,TX,ASW,CE,Federal Contract Tower,0,0,11,16,27,0,0,164,5,169,0,0,175,21,196,488,28,516,712
06/15/2012,SSF,TX,ASW,CE,Federal Contract Tower,0,0,17,11,28,0,0,91,2,93,0,0,108,13,121,172,10,182,303
06/16/2012,SSF,TX,ASW,CE,Federal Contract Tower,0,0,8,2,10,0,0,126,0,126,0,0,134,2,136,254,2,256,392
06/17/2012,SSF,TX,ASW,CE,Federal Contract Tower,0,0,13,2,15,0,0,93,0,93,0,0,106,2,108,178,2,180,288
06/18/2012,SSF,TX,ASW,CE,Federal Contract Tower,0,0,4,20,24,0,0,123,13,136,0,0,127,33,160,158,20,178,338
06/19/2012,SSF,TX,ASW,CE,Federal Contract Tower,0,0,10,6,16,0,0,82,13,95,0,0,92,19,111,70,4,74,185
06/20/2012,SSF,TX,ASW,CE,Federal Contract Tower,0,0,14,19,33,0,0,105,3,108,0,0,119,22,141,179,22,201,342
06/21/2012,SSF,TX,ASW,CE,Federal Contract Tower,0,0,12,3,15,0,0,93,8,101,0,0,105,11,116,294,20,314,430
06/22/2012,SSF,TX,ASW,CE,Federal Contract Tower,0,0,10,4,14,0,0,189,0,189,0,0,199,4,203,184,2,186,389
06/23/2012,SSF,TX,ASW,CE,Federal Contract Tower,0,2,3,1,6,0,0,136,0,136,0,2,139,1,142,180,0,180,322
06/24/2012,SSF,TX,ASW,CE,Federal Contract Tower,0,0,4,0,4,0,0,81,1,82,0,0,85,1,86,78,0,78,164
06/25/2012,SSF,TX,ASW,CE,Federal Contract Tower,0,1,11,6,18,0,0,97,0,97,0,1,108,6,115,144,4,148,263
06/26/2012,SSF,TX,ASW,CE,Federal Contract Tower,0,0,8,18,26,0,0,109,0,109,0,0,117,18,135,128,18,146,281
06/27/2012,SSF,TX,ASW,CE,Federal Contract Tower,0,0,4,10,14,0,0,100,5,105,0,0,104,15,119,242,24,266,385
06/28/2012,SSF,TX,ASW,CE,Federal Contract Tower,0,0,10,16,26,0,0,108,3,111,0,0,118,19,137,142,26,168,305
06/29/2012,SSF,TX,ASW,CE,Federal Contract Tower,0,0,9,14,23,0,0,62,1,63,0,0,71,15,86,83,14,97,183
06/30/2012,SSF,TX,ASW,CE,Federal Contract Tower,0,1,7,0,8,0,0,74,0,74,0,1,81,0,82,178,0,178,260
07/01/2012,SSF,TX,ASW,CE,Federal Contract Tower,0,0,11,2,13,0,0,33,0,33,0,0,44,2,46,30,2,32,78
07/02/2012,SSF,TX,ASW,CE,Federal Contract Tower,0,0,14,32,46,0,0,66,0,66,0,0,80,32,112,122,20,142,254
07/03/2012,SSF,TX,ASW,CE,Federal Contract Tower,0,0,17,16,33,0,0,93,0,93,0,0,110,16,126,184,12,196,322
07/04/2012,SSF,TX,ASW,CE,Federal Contract Tower,0,0,3,0,3,0,0,52,0,52,0,0,55,0,55,42,0,42,97
07/05/2012,SSF,TX,ASW,CE,Federal Contract Tower,0,0,10,0,10,0,0,110,3,113,0,0,120,3,123,218,6,224,347
07/06/2012,SSF,TX,ASW,CE,Federal Contract Tower,0,0,5,22,27,0,0,116,2,118,0,0,121,24,145,366,24,390,535
07/07/2012,SSF,TX,ASW,CE,Federal Contract Tower,0,0,5,2,7,0,0,105,0,105,0,0,110,2,112,122,2,124,236
07/08/2012,SSF,TX,ASW,CE,Federal Contract Tower,0,0,2,0,2,0,0,68,0,68,0,0,70,0,70,108,0,108,178
07/09/2012,SSF,TX,ASW,CE,Federal Contract Tower,0,0,4,14,18,0,0,80,0,80,0,0,84,14,98,128,16,144,242
07/10/2012,SSF,TX,ASW,CE,Federal Contract Tower,0,0,21,12,33,0,0,58,0,58,0,0,79,12,91,140,14,154,245
07/11/2012,SSF,TX,ASW,CE,Federal Contract Tower,0,0,8,0,8,0,0,12,0,12,0,0,20,0,20,12,0,12,32
07/12/2012,SSF,TX,ASW,CE,Federal Contract Tower,0,1,8,18,27,0,0,106,1,107,0,1,114,19,134,178,16,194,328
07/13/2012,SSF,TX,ASW,CE,Federal Contract Tower,0,1,10,28,39,0,0,98,0,98,0,1,108,28,137,214,20,234,371
07/14/2012,SSF,TX,ASW,CE,Federal Contract Tower,0,1,14,5,20,0,0,97,1,98,0,1,111,6,118,250,18,268,386
07/15/2012,SSF,TX,ASW,CE,Federal Contract Tower,0,0,12,3,15,0,0,52,2,54,0,0,64,5,69,94,14,108,177
07/16/2012,SSF,TX,ASW,CE,Federal Contract Tower,0,0,15,36,51,0,0,85,0,85,0,0,100,36,136,178,34,212,348
07/17/2012,SSF,TX,ASW,CE,Federal Contract Tower,0,0,4,0,4,0,0,59,0,59,0,0,63,0,63,92,0,92,155
07/18/2012,SSF,TX,ASW,CE,Federal Contract Tower,0,0,22,14,36,0,0,44,0,44,0,0,66,14,80,20,14,34,114
07/19/2012,SSF,TX,ASW,CE,Federal Contract Tower,0,0,23,30,53,0,0,117,2,119,0,0,140,32,172,298,28,326,498
07/20/2012,SSF,TX,ASW,CE,Federal Contract Tower,0,0,14,2,16,0,0,138,0,138,0,0,152,2,154,326,2,328,482
07/21/2012,SSF,TX,ASW,CE,Federal Contract Tower,0,0,3,7,10,0,0,130,15,145,0,0,133,22,155,146,4,150,305
07/22/2012,SSF,TX,ASW,CE,Federal Contract Tower,0,0,5,6,11,0,0,87,0,87,0,0,92,6,98,152,2,154,252
07/23/2012,SSF,TX,ASW,CE,Federal Contract Tower,0,0,7,16,23,0,0,103,0,103,0,0,110,16,126,132,14,146,272
07/24/2012,SSF,TX,ASW,CE,Federal Contract Tower,0,0,19,22,41,0,0,133,4,137,0,0,152,26,178,196,32,228,406
07/25/2012,SSF,TX,ASW,CE,Federal Contract Tower,0,0,25,12,37,0,0,107,5,112,0,0,132,17,149,170,22,192,341
07/26/2012,SSF,TX,ASW,CE,Federal Contract Tower,0,2,26,2,30,0,0,132,3,135,0,2,158,5,165,254,10,264,429
07/27/2012,SSF,TX,ASW,CE,Federal Contract Tower,0,5,14,5,24,0,0,69,0,69,0,5,83,5,93,80,4,84,177
07/28/2012,SSF,TX,ASW,CE,Federal Contract Tower,0,0,8,2,10,0,0,103,9,112,0,0,111,11,122,186,34,220,342
07/29/2012,SSF,TX,ASW,CE,Federal Contract Tower,0,0,4,1,5,0,0,59,3,62,0,0,63,4,67,70,6,76,143
07/30/2012,SSF,TX,ASW,CE,Federal Contract Tower,0,0,0,12,12,0,0,106,2,108,0,0,106,14,120,128,12,140,260
07/31/2012,SSF,TX,ASW,CE,Federal Contract Tower,0,0,5,6,11,0,0,132,2,134,0,0,137,8,145,246,14,260,405
08/01/2012,SSF,TX,ASW,CE,Federal Contract Tower,0,0,13,6,19,0,0,133,6,139,0,0,146,12,158,238,8,246,404
08/02/2012,SSF,TX,ASW,CE,Federal Contract Tower,0,2,17,20,39,0,0,133,3,136,0,2,150,23,175,188,28,216,391
08/03/2012,SSF,TX,ASW,CE,Federal Contract Tower,0,3,9,30,42,0,0,120,0,120,0,3,129,30,162,264,30,294,456
08/04/2012,SSF,TX,ASW,CE,Federal Contract Tower,0,0,9,7,16,0,0,136,3,139,0,0,145,10,155,270,8,278,433
08/05/2012,SSF,TX,ASW,CE,Federal Contract Tower,0,0,5,0,5,0,0,51,0,51,0,0,56,0,56,66,0,66,122
08/06/2012,SSF,TX,ASW,CE,Federal Contract Tower,0,0,3,24,27,0,0,100,2,102,0,0,103,26,129,164,24,188,317
08/07/2012,SSF,TX,ASW,CE,Federal Contract Tower,0,2,11,12,25,0,0,119,9,128,0,2,130,21,153,256,24,280,433
08/08/2012,SSF,TX,ASW,CE,Federal Contract Tower,0,0,14,13,27,0,0,157,0,157,0,0,171,13,184,348,16,364,548
08/09/2012,SSF,TX,ASW,CE,Federal Contract Tower,0,1,6,21,28,0,0,125,8,133,0,1,131,29,161,210,34,244,405
08/10/2012,SSF,TX,ASW,CE,Federal Contract Tower,0,0,8,12,20,0,0,112,4,116,0,0,120,16,136,160,12,172,308
08/11/2012,SSF,TX,ASW,CE,Federal Contract Tower,0,0,7,0,7,0,0,132,1,133,0,0,139,1,140,248,0,248,388
08/12/2012,SSF,TX,ASW,CE,Federal Contract Tower,0,0,4,10,14,0,0,60,0,60,0,0,64,10,74,76,2,78,152
08/13/2012,SSF,TX,ASW,CE,Federal Contract Tower,0,0,5,30,35,0,0,104,0,104,0,0,109,30,139,100,24,124,263
08/14/2012,SSF,TX,ASW,CE,Federal Contract Tower,0,0,10,19,29,0,0,112,3,115,0,0,122,22,144,232,18,250,394
08/15/2012,SSF,TX,ASW,CE,Federal Contract Tower,0,0,7,28,35,0,0,97,0,97,0,0,104,28,132,60,34,94,226
08/16/2012,SSF,TX,ASW,CE,Federal Contract Tower,0,0,10,34,44,0,0,105,2,107,0,0,115,36,151,162,32,194,345
08/17/2012,SSF,TX,ASW,CE,Federal Contract Tower,0,0,11,14,25,0,0,78,0,78,0,0,89,14,103,124,14,138,241
08/18/2012,SSF,TX,ASW,CE,Federal Contract Tower,0,1,5,2,8,0,0,114,9,123,0,1,119,11,131,228,2,230,361
08/19/2012,SSF,TX,ASW,CE,Federal Contract Tower,0,0,2,0,2,0,0,48,0,48,0,0,50,0,50,70,0,70,120
08/20/2012,SSF,TX,ASW,CE,Federal Contract Tower,0,0,6,16,22,0,0,93,0,93,0,0,99,16,115,96,14,110,225
08/21/2012,SSF,TX,ASW,CE,Federal Contract Tower,0,0,7,7,14,0,0,131,3,134,0,0,138,10,148,224,6,230,378
08/22/2012,SSF,TX,ASW,CE,Federal Contract Tower,0,0,9,32,41,0,0,143,10,153,0,0,152,42,194,276,64,340,534
08/23/2012,SSF,TX,ASW,CE,Federal Contract Tower,0,0,21,24,45,0,0,122,7,129,0,0,143,31,174,268,30,298,472
08/24/2012,SSF,TX,ASW,CE,Federal Contract Tower,0,0,10,24,34,0,0,119,0,119,0,0,129,24,153,154,16,170,323
08/25/2012,SSF,TX,ASW,CE,Federal Contract Tower,0,0,4,0,4,0,0,92,1,93,0,0,96,1,97,194,0,194,291
08/26/2012,SSF,TX,ASW,CE,Federal Contract Tower,0,0,4,8,12,0,0,40,0,40,0,0,44,8,52,92,8,100,152
08/27/2012,SSF,TX,ASW,CE,Federal Contract Tower,0,0,1,16,17,0,0,89,2,91,0,0,90,18,108,176,16,192,300
08/28/2012,SSF,TX,ASW,CE,Federal Contract Tower,0,2,5,14,21,0,0,142,0,142,0,2,147,14,163,164,14,178,341
08/29/2012,SSF,TX,ASW,CE,Federal Contract Tower,0,0,8,8,16,0,0,106,2,108,0,0,114,10,124,110,20,130,254
08/30/2012,SSF,TX,ASW,CE,Federal Contract Tower,0,0,6,21,27,0,0,134,3,137,0,0,140,24,164,158,18,176,340
08/31/2012,SSF,TX,ASW,CE,Federal Contract Tower,0,0,16,13,29,0,0,104,11,115,0,0,120,24,144,252,10,262,406
09/01/2012,SSF,TX,ASW,CE,Federal Contract Tower,0,0,7,5,12,0,0,76,5,81,0,0,83,10,93,190,0,190,283
09/02/2012,SSF,TX,ASW,CE,Federal Contract Tower,0,0,3,0,3,0,0,45,3,48,0,0,48,3,51,48,0,48,99
09/03/2012,SSF,TX,ASW,CE,Federal Contract Tower,0,0,10,0,10,0,0,66,0,66,0,0,76,0,76,182,0,182,258
09/04/2012,SSF,TX,ASW,CE,Federal Contract Tower,0,0,10,21,31,0,0,62,3,65,0,0,72,24,96,54,22,76,172
09/05/2012,SSF,TX,ASW,CE,Federal Contract Tower,0,0,16,18,34,0,0,121,2,123,0,0,137,20,157,266,14,280,437
09/06/2012,SSF,TX,ASW,CE,Federal Contract Tower,0,0,17,24,41,0,0,108,1,109,0,0,125,25,150,264,28,292,442
09/07/2012,SSF,TX,ASW,CE,Federal Contract Tower,0,0,10,16,26,0,0,90,5,95,0,0,100,21,121,196,28,224,345
09/08/2012,SSF,TX,ASW,CE,Federal Contract Tower,0,0,1,0,1,0,0,66,0,66,0,0,67,0,67,104,0,104,171
09/09/2012,SSF,TX,ASW,CE,Federal Contract Tower,2,0,5,10,17,0,0,40,0,40,2,0,45,10,57,78,8,86,143
09/10/2012,SSF,TX,ASW,CE,Federal Contract Tower,0,0,3,24,27,0,0,98,0,98,0,0,101,24,125,148,24,172,297
09/11/2012,SSF,TX,ASW,CE,Federal Contract Tower,0,1,8,18,27,0,0,152,4,156,0,1,160,22,183,326,28,354,537
09/12/2012,SSF,TX,ASW,CE,Federal Contract Tower,0,0,13,8,21,0,0,90,0,90,0,0,103,8,111,192,8,200,311
09/13/2012,SSF,TX,ASW,CE,Federal Contract Tower,0,0,17,10,27,0,0,86,0,86,0,0,103,10,113,154,10,164,277
09/14/2012,SSF,TX,ASW,CE,Federal Contract Tower,0,0,9,8,17,0,0,38,0,38,0,0,47,8,55,70,8,78,133
09/15/2012,SSF,TX,ASW,CE,Federal Contract Tower,0,0,16,8,24,0,0,50,0,50,0,0,66,8,74,188,0,188,262
09/16/2012,SSF,TX,ASW,CE,Federal Contract Tower,0,1,5,0,6,0,0,3,0,3,0,1,8,0,9,26,0,26,35
09/17/2012,SSF,TX,ASW,CE,Federal Contract Tower,0,0,8,15,23,0,0,115,1,116,0,0,123,16,139,300,16,316,455
09/18/2012,SSF,TX,ASW,CE,Federal Contract Tower,0,2,25,28,55,0,0,140,6,146,0,2,165,34,201,388,20,408,609
09/19/2012,SSF,TX,ASW,CE,Federal Contract Tower,0,2,8,2,12,0,0,115,0,115,0,2,123,2,127,278,2,280,407
09/20/2012,SSF,TX,ASW,CE,Federal Contract Tower,0,0,13,20,33,0,0,121,2,123,0,0,134,22,156,166,18,184,340
09/21/2012,SSF,TX,ASW,CE,Federal Contract Tower,0,0,9,2,11,0,0,143,1,144,0,0,152,3,155,264,2,266,421
09/22/2012,SSF,TX,ASW,CE,Federal Contract Tower,0,0,4,4,8,0,0,111,0,111,0,0,115,4,119,250,4,254,373
09/23/2012,SSF,TX,ASW,CE,Federal Contract Tower,0,0,2,4,6,0,0,45,0,45,0,0,47,4,51,68,4,72,123
09/24/2012,SSF,TX,ASW,CE,Federal Contract Tower,0,0,5,10,15,0,0,115,0,115,0,0,120,10,130,204,10,214,344
09/25/2012,SSF,TX,ASW,CE,Federal Contract Tower,0,0,7,12,19,0,0,81,0,81,0,0,88,12,100,178,12,190,290
09/26/2012,SSF,TX,ASW,CE,Federal Contract Tower,0,0,12,18,30,0,0,127,3,130,0,0,139,21,160,204,32,236,396
09/27/2012,SSF,TX,ASW,CE,Federal Contract Tower,0,0,11,33,44,0,0,114,2,116,0,0,125,35,160,306,42,348,508
09/28/2012,SSF,TX,ASW,CE,Federal Contract Tower,0,0,13,4,17,0,0,17,0,17,0,0,30,4,34,44,4,48,82
09/29/2012,SSF,TX,ASW,CE,Federal Contract Tower,0,0,2,0,2,0,0,15,0,15,0,0,17,0,17,10,0,10,27
09/30/2012,SSF,TX,ASW,CE,Federal Contract Tower,0,0,17,0,17,0,0,34,0,34,0,0,51,0,51,42,0,42,93
10/01/2012,SSF,TX,ASW,CE,Federal Contract Tower,0,2,0,0,2,0,0,67,0,67,0,2,67,0,69,140,8,148,217
10/02/2012,SSF,TX,ASW,CE,Federal Contract Tower,0,0,3,21,24,0,0,138,0,138,0,0,141,21,162,216,22,238,400
10/03/2012,SSF,TX,ASW,CE,Federal Contract Tower,0,0,11,32,43,0,0,121,0,121,0,0,132,32,164,194,30,224,388
10/04/2012,SSF,TX,ASW,CE,Federal Contract Tower,0,0,15,12,27,0,0,85,0,85,0,0,100,12,112,166,10,176,288
10/05/2012,SSF,TX,ASW,CE,Federal Contract Tower,0,0,13,14,27,0,0,116,4,120,0,0,129,18,147,158,40,198,345
10/06/2012,SSF,TX,ASW,CE,Federal Contract Tower,0,0,11,6,17,0,0,66,0,66,0,0,77,6,83,154,4,158,241
10/07/2012,SSF,TX,ASW,CE,Federal Contract Tower,0,2,9,0,11,0,0,26,0,26,0,2,35,0,37,14,0,14,51
10/08/2012,SSF,TX,ASW,CE,Federal Contract Tower,0,0,2,6,8,0,0,88,0,88,0,0,90,6,96,170,6,176,272
10/09/2012,SSF,TX,ASW,CE,Federal Contract Tower,0,0,19,30,49,0,0,113,3,116,0,0,132,33,165,230,26,256,421
10/10/2012,SSF,TX,ASW,CE,Federal Contract Tower,0,1,21,13,35,0,0,119,3,122,0,1,140,16,157,334,34,368,525
10/11/2012,SSF,TX,ASW,CE,Federal Contract Tower,0,1,22,16,39,0,0,63,6,69,0,1,85,22,108,44,38,82,190
10/12/2012,SSF,TX,ASW,CE,Federal Contract Tower,0,0,13,4,17,0,0,56,2,58,0,0,69,6,75,176,8,184,259
10/13/2012,SSF,TX,ASW,CE,Federal Contract Tower,0,0,15,6,21,0,0,47,0,47,0,0,62,6,68,79,2,81,149
10/14/2012,SSF,TX,ASW,CE,Federal Contract Tower,0,0,14,10,24,0,0,45,0,45,0,0,59,10,69,90,10,100,169
10/15/2012,SSF,TX,ASW,CE,Federal Contract Tower,0,0,8,16,24,0,0,99,0,99,0,0,107,16,123,124,8,132,255
10/16/2012,SSF,TX,ASW,CE,Federal Contract Tower,0,0,14,20,34,0,0,73,1,74,0,0,87,21,108,126,18,144,252
10/17/2012,SSF,TX,ASW,CE,Federal Contract Tower,0,0,21,12,33,0,0,75,8,83,0,0,96,20,116,196,68,264,380
10/18/2012,SSF,TX,ASW,CE,Federal Contract Tower,0,0,2,30,32,0,0,81,0,81,0,0,83,30,113,162,30,192,305
10/19/2012,SSF,TX,ASW,CE,Federal Contract Tower,0,0,5,28,33,0,0,122,3,125,0,0,127,31,158,222,28,250,408
10/20/2012,SSF,TX,ASW,CE,Federal Contract Tower,0,0,13,3,16,0,0,99,3,102,0,0,112,6,118,226,0,226,344
10/21/2012,SSF,TX,ASW,CE,Federal Contract Tower,0,0,5,0,5,0,0,57,0,57,0,0,62,0,62,108,0,108,170
10/22/2012,SSF,TX,ASW,CE,Federal Contract Tower,0,0,5,43,48,0,0,67,0,67,0,0,72,43,115,94,34,128,243
10/23/2012,SSF,TX,ASW,CE,Federal Contract Tower,0,0,17,32,49,0,0,89,0,89,0,0,106,32,138,206,34,240,378
10/24/2012,SSF,TX,ASW,CE,Federal Contract Tower,0,0,12,32,44,0,0,100,2,102,0,0,112,34,146,118,30,148,294
10/25/2012,SSF,TX,ASW,CE,Federal Contract Tower,0,2,14,26,42,0,0,108,0,108,0,2,122,26,150,262,24,286,436
10/26/2012,SSF,TX,ASW,CE,Federal Contract Tower,0,0,8,2,10,0,0,54,0,54,0,0,62,2,64,48,2,50,114
10/27/2012,SSF,TX,ASW,CE,Federal Contract Tower,0,0,6,0,6,0,0,99,0,99,0,0,105,0,105,156,0,156,261
10/28/2012,SSF,TX,ASW,CE,Federal Contract Tower,0,0,7,6,13,0,0,68,0,68,0,0,75,6,81,106,4,110,191
10/29/2012,SSF,TX,ASW,CE,Federal Contract Tower,0,0,8,18,26,0,0,109,1,110,0,0,117,19,136,94,14,108,244
10/30/2012,SSF,TX,ASW,CE,Federal Contract Tower,0,0,6,24,30,0,0,114,0,114,0,0,120,24,144,182,24,206,350
10/31/2012,SSF,TX,ASW,CE,Federal Contract Tower,0,0,11,20,31,0,0,137,0,137,0,0,148,20,168,216,20,236,404
11/01/2012,SSF,TX,ASW,CE,Federal Contract Tower,0,0,26,12,38,0,0,90,0,90,0,0,116,12,128,158,12,170,298
11/02/2012,SSF,TX,ASW,CE,Federal Contract Tower,0,0,7,10,17,0,0,91,0,91,0,0,98,10,108,186,10,196,304
11/03/2012,SSF,TX,ASW,CE,Federal Contract Tower,0,1,13,0,14,0,0,78,4,82,0,1,91,4,96,100,0,100,196
11/04/2012,SSF,TX,ASW,CE,Federal Contract Tower,0,0,6,0,6,0,0,55,0,55,0,0,61,0,61,112,0,112,173
11/05/2012,SSF,TX,ASW,CE,Federal Contract Tower,0,0,4,14,18,0,0,107,0,107,0,0,111,14,125,138,14,152,277
11/06/2012,SSF,TX,ASW,CE,Federal Contract Tower,0,0,8,14,22,0,0,122,0,122,0,0,130,14,144,204,12,216,360
11/07/2012,SSF,TX,ASW,CE,Federal Contract Tower,0,0,8,14,22,0,0,157,4,161,0,0,165,18,183,280,22,302,485
11/08/2012,SSF,TX,ASW,CE,Federal Contract Tower,0,2,16,18,36,0,0,150,0,150,0,2,166,18,186,194,16,210,396
11/09/2012,SSF,TX,ASW,CE,Federal Contract Tower,0,0,13,10,23,0,0,82,0,82,0,0,95,10,105,188,10,198,303
11/10/2012,SSF,TX,ASW,CE,Federal Contract Tower,0,0,1,0,1,0,0,77,0,77,0,0,78,0,78,34,0,34,112
11/11/2012,SSF,TX,ASW,CE,Federal Contract Tower,0,0,5,0,5,0,0,42,0,42,0,0,47,0,47,14,0,14,61
11/12/2012,SSF,TX,ASW,CE,Federal Contract Tower,0,2,3,0,5,0,0,77,0,77,0,2,80,0,82,184,0,184,266
11/13/2012,SSF,TX,ASW,CE,Federal Contract Tower,0,0,5,4,9,0,0,74,2,76,0,0,79,6,85,128,4,132,217
11/14/2012,SSF,TX,ASW,CE,Federal Contract Tower,0,0,15,16,31,0,0,137,3,140,0,0,152,19,171,260,28,288,459
11/15/2012,SSF,TX,ASW,CE,Federal Contract Tower,0,0,16,6,22,0,0,113,0,113,0,0,129,6,135,158,6,164,299
11/16/2012,SSF,TX,ASW,CE,Federal Contract Tower,0,0,9,6,15,0,0,125,0,125,0,0,134,6,140,134,6,140,280
11/17/2012,SSF,TX,ASW,CE,Federal Contract Tower,0,3,3,4,10,0,1,89,0,90,0,4,92,4,100,188,4,192,292
11/18/2012,SSF,TX,ASW,CE,Federal Contract Tower,0,1,2,8,11,0,0,51,0,51,0,1,53,8,62,118,8,126,188
11/19/2012,SSF,TX,ASW,CE,Federal Contract Tower,0,0,11,18,29,0,0,85,0,85,0,0,96,18,114,155,16,171,285
11/20/2012,SSF,TX,ASW,CE,Federal Contract Tower,0,0,12,20,32,0,0,134,0,134,0,0,146,20,166,344,18,362,528
11/21/2012,SSF,TX,ASW,CE,Federal Contract Tower,0,0,4,0,4,0,0,85,0,85,0,0,89,0,89,188,0,188,277
11/22/2012,SSF,TX,ASW,CE,Federal Contract Tower,0,0,7,0,7,0,0,35,0,35,0,0,42,0,42,28,0,28,70
11/23/2012,SSF,TX,ASW,CE,Federal Contract Tower,0,0,10,0,10,0,0,45,0,45,0,0,55,0,55,78,0,78,133
11/24/2012,SSF,TX,ASW,CE,Federal Contract Tower,0,0,9,0,9,0,0,79,0,79,0,0,88,0,88,94,0,94,182
11/25/2012,SSF,TX,ASW,CE,Federal Contract Tower,0,0,6,0,6,0,0,38,0,38,0,0,44,0,44,18,0,18,62
11/26/2012,SSF,TX,ASW,CE,Federal Contract Tower,0,0,3,20,23,0,0,70,0,70,0,0,73,20,93,154,18,172,265
11/27/2012,SSF,TX,ASW,CE,Federal Contract Tower,0,0,11,36,47,0,0,118,2,120,0,0,129,38,167,278,34,312,479
11/28/2012,SSF,TX,ASW,CE,Federal Contract Tower,0,0,5,18,23,0,0,114,0,114,0,0,119,18,137,116,16,132,269
11/29/2012,SSF,TX,ASW,CE,Federal Contract Tower,0,0,15,32,47,0,0,98,0,98,0,0,113,32,145,80,34,114,259
11/30/2012,SSF,TX,ASW,CE,Federal Contract Tower,0,0,14,17,31,0,0,94,0,94,0,0,108,17,125,100,12,112,237
12/01/2012,SSF,TX,ASW,CE,Federal Contract Tower,0,0,9,4,13,0,0,67,0,67,0,0,76,4,80,38,4,42,122
12/02/2012,SSF,TX,ASW,CE,Federal Contract Tower,0,0,12,12,24,0,0,71,0,71,0,0,83,12,95,140,8,148,243
12/03/2012,SSF,TX,ASW,CE,Federal Contract Tower,0,0,11,18,29,0,0,89,0,89,0,0,100,18,118,266,14,280,398
12/04/2012,SSF,TX,ASW,CE,Federal Contract Tower,0,0,8,18,26,0,0,71,4,75,0,0,79,22,101,184,12,196,297
12/05/2012,SSF,TX,ASW,CE,Federal Contract Tower,0,0,5,20,25,0,0,112,2,114,0,0,117,22,139,190,24,214,353
12/06/2012,SSF,TX,ASW,CE,Federal Contract Tower,0,0,12,12,24,0,0,124,0,124,0,0,136,12,148,248,12,260,408
12/07/2012,SSF,TX,ASW,CE,Federal Contract Tower,0,0,15,26,41,0,0,59,0,59,0,0,74,26,100,52,30,82,182
12/08/2012,SSF,TX,ASW,CE,Federal Contract Tower,0,0,8,0,8,0,0,53,0,53,0,0,61,0,61,162,0,162,223
12/09/2012,SSF,TX,ASW,CE,Federal Contract Tower,0,1,6,0,7,0,0,25,0,25,0,1,31,0,32,38,0,38,70
12/10/2012,SSF,TX,ASW,CE,Federal Contract Tower,0,0,7,16,23,0,0,59,2,61,0,0,66,18,84,72,18,90,174
12/11/2012,SSF,TX,ASW,CE,Federal Contract Tower,0,0,12,26,38,0,0,109,0,109,0,0,121,26,147,222,26,248,395
12/12/2012,SSF,TX,ASW,CE,Federal Contract Tower,0,1,15,8,24,0,0,115,0,115,0,1,130,8,139,156,6,162,301
12/13/2012,SSF,TX,ASW,CE,Federal Contract Tower,0,0,12,29,41,0,0,125,5,130,0,0,137,34,171,372,44,416,587
12/14/2012,SSF,TX,ASW,CE,Federal Contract Tower,0,0,15,2,17,0,0,41,0,41,0,0,56,2,58,46,2,48,106
12/15/2012,SSF,TX,ASW,CE,Federal Contract Tower,0,0,13,2,15,0,0,38,0,38,0,0,51,2,53,28,2,30,83
12/16/2012,SSF,TX,ASW,CE,Federal Contract Tower,0,0,9,4,13,0,0,33,2,35,0,0,42,6,48,80,4,84,132
12/17/2012,SSF,TX,ASW,CE,Federal Contract Tower,0,0,4,15,19,0,0,98,1,99,0,0,102,16,118,126,10,136,254
12/18/2012,SSF,TX,ASW,CE,Federal Contract Tower,0,0,5,8,13,0,0,85,2,87,0,0,90,10,100,90,16,106,206
12/19/2012,SSF,TX,ASW,CE,Federal Contract Tower,0,0,12,10,22,0,0,67,4,71,0,0,79,14,93,220,22,242,335
12/20/2012,SSF,TX,ASW,CE,Federal Contract Tower,0,0,11,10,21,0,0,54,2,56,0,0,65,12,77,50,10,60,137
12/21/2012,SSF,TX,ASW,CE,Federal Contract Tower,0,0,6,0,6,0,0,118,0,118,0,0,124,0,124,206,0,206,330
12/22/2012,SSF,TX,ASW,CE,Federal Contract Tower,0,0,2,0,2,0,0,87,4,91,0,0,89,4,93,82,0,82,175
12/23/2012,SSF,TX,ASW,CE,Federal Contract Tower,0,0,1,0,1,0,0,39,0,39,0,0,40,0,40,26,0,26,66
12/24/2012,SSF,TX,ASW,CE,Federal Contract Tower,0,0,7,0,7,0,0,55,0,55,0,0,62,0,62,124,0,124,186
12/25/2012,SSF,TX,ASW,CE,Federal Contract Tower,0,0,1,0,1,0,0,13,0,13,0,0,14,0,14,0,0,0,14
12/26/2012,SSF,TX,ASW,CE,Federal Contract Tower,0,0,2,0,2,0,0,61,0,61,0,0,63,0,63,32,0,32,95
12/27/2012,SSF,TX,ASW,CE,Federal Contract Tower,0,0,16,0,16,0,0,18,0,18,0,0,34,0,34,44,0,44,78
12/28/2012,SSF,TX,ASW,CE,Federal Contract Tower,0,0,7,1,8,0,0,80,4,84,0,0,87,5,92,58,8,66,158
12/29/2012,SSF,TX,ASW,CE,Federal Contract Tower,0,0,3,0,3,0,0,115,0,115,0,0,118,0,118,258,0,258,376
12/30/2012,SSF,TX,ASW,CE,Federal Contract Tower,0,0,7,0,7,0,0,59,0,59,0,0,66,0,66,28,0,28,94
12/31/2012,SSF,TX,ASW,CE,Federal Contract Tower,0,0,0,0,0,0,0,1,0,1,0,0,1,0,1,0,0,0,1
01/01/2013,SSF,TX,ASW,CE,Federal Contract Tower,0,0,8,0,8,0,0,28,0,28,0,0,36,0,36,16,0,16,52
01/02/2013,SSF,TX,ASW,CE,Federal Contract Tower,0,0,5,4,9,0,0,94,0,94,0,0,99,4,103,162,2,164,267
01/03/2013,SSF,TX,ASW,CE,Federal Contract Tower,0,0,8,2,10,0,0,96,9,105,0,0,104,11,115,112,2,114,229
01/04/2013,SSF,TX,ASW,CE,Federal Contract Tower,0,0,4,0,4,0,0,24,0,24,0,0,28,0,28,38,0,38,66
01/05/2013,SSF,TX,ASW,CE,Federal Contract Tower,0,0,7,0,7,0,0,53,2,55,0,0,60,2,62,30,2,32,94
01/06/2013,SSF,TX,ASW,CE,Federal Contract Tower,0,0,3,6,9,0,0,60,21,81,0,0,63,27,90,46,8,54,144
01/07/2013,SSF,TX,ASW,CE,Federal Contract Tower,0,0,2,11,13,0,0,65,0,65,0,0,67,11,78,112,10,122,200
01/08/2013,SSF,TX,ASW,CE,Federal Contract Tower,0,0,2,0,2,0,0,0,0,0,0,0,2,0,2,0,0,0,2
01/09/2013,SSF,TX,ASW,CE,Federal Contract Tower,0,0,9,0,9,0,0,39,0,39,0,0,48,0,48,36,0,36,84
01/10/2013,SSF,TX,ASW,CE,Federal Contract Tower,0,0,12,24,36,0,0,121,8,129,0,0,133,32,165,118,60,178,343
01/11/2013,SSF,TX,ASW,CE,Federal Contract Tower,0,0,23,26,49,0,0,42,0,42,0,0,65,26,91,106,26,132,223
01/12/2013,SSF,TX,ASW,CE,Federal Contract Tower,0,0,18,0,18,0,0,47,0,47,0,0,65,0,65,78,0,78,143
01/13/2013,SSF,TX,ASW,CE,Federal Contract Tower,0,0,4,2,6,0,0,45,0,45,0,0,49,2,51,62,0,62,113
01/14/2013,SSF,TX,ASW,CE,Federal Contract Tower,0,1,12,14,27,0,0,77,0,77,0,1,89,14,104,100,14,114,218
01/15/2013,SSF,TX,ASW,CE,Federal Contract Tower,0,0,7,29,36,0,0,57,0,57,0,0,64,29,93,152,26,178,271
01/16/2013,SSF,TX,ASW,CE,Federal Contract Tower,0,2,14,12,28,0,0,104,11,115,0,2,118,23,143,214,22,236,379
01/17/2013,SSF,TX,ASW,CE,Federal Contract Tower,0,0,5,12,17,0,0,107,3,110,0,0,112,15,127,142,16,158,285
01/18/2013,SSF,TX,ASW,CE,Federal Contract Tower,0,0,4,12,16,0,0,96,3,99,0,0,100,15,115,122,26,148,263
01/19/2013,SSF,TX,ASW,CE,Federal Contract Tower,0,0,7,2,9,0,0,85,0,85,0,0,92,2,94,78,0,78,172
01/20/2013,SSF,TX,ASW,CE,Federal Contract Tower,0,0,7,0,7,0,0,45,0,45,0,0,52,0,52,58,0,58,110
01/21/2013,SSF,TX,ASW,CE,Federal Contract Tower,0,0,14,0,14,0,0,88,0,88,0,0,102,0,102,234,0,234,336
01/22/2013,SSF,TX,ASW,CE,Federal Contract Tower,0,0,9,18,27,0,0,108,2,110,0,0,117,20,137,212,16,228,365
01/23/2013,SSF,TX,ASW,CE,Federal Contract Tower,0,0,17,24,41,0,0,77,2,79,0,0,94,26,120,236,20,256,376
01/24/2013,SSF,TX,ASW,CE,Federal Contract Tower,0,0,10,22,32,0,0,65,6,71,0,0,75,28,103,304,40,344,447
01/25/2013,SSF,TX,ASW,CE,Federal Contract Tower,0,0,12,24,36,0,0,78,3,81,0,0,90,27,117,198,30,228,345
01/26/2013,SSF,TX,ASW,CE,Federal Contract Tower,0,0,18,2,20,0,0,51,0,51,0,0,69,2,71,64,0,64,135
01/27/2013,SSF,TX,ASW,CE,Federal Contract Tower,0,0,11,0,11,0,0,27,0,27,0,0,38,0,38,30,0,30,68
01/28/2013,SSF,TX,ASW,CE,Federal Contract Tower,0,1,9,20,30,0,0,47,0,47,0,1,56,20,77,54,20,74,151
01/29/2013,SSF,TX,ASW,CE,Federal Contract Tower,0,0,9,14,23,0,0,77,5,82,0,0,86,19,105,208,14,222,327
01/30/2013,SSF,TX,ASW,CE,Federal Contract Tower,0,0,4,14,18,0,0,88,2,90,0,0,92,16,108,178,18,196,304
01/31/2013,SSF,TX,ASW,CE,Federal Contract Tower,0,0,7,18,25,0,0,146,0,146,0,0,153,18,171,218,20,238,409
02/01/2013,SSF,TX,ASW,CE,Federal Contract Tower,0,0,7,22,29,0,0,124,4,128,0,0,131,26,157,96,24,120,277
02/02/2013,SSF,TX,ASW,CE,Federal Contract Tower,0,0,3,2,5,0,0,102,6,108,0,0,105,8,113,158,2,160,273
02/03/2013,SSF,TX,ASW,CE,Federal Contract Tower,0,0,5,0,5,0,0,58,1,59,0,0,63,1,64,90,2,92,156
02/04/2013,SSF,TX,ASW,CE,Federal Contract Tower,0,0,9,9,18,0,0,75,0,75,0,0,84,9,93,104,8,112,205
02/05/2013,SSF,TX,ASW,CE,Federal Contract Tower,0,0,11,19,30,0,0,79,0,79,0,0,90,19,109,70,16,86,195
02/06/2013,SSF,TX,ASW,CE,Federal Contract Tower,0,0,6,10,16,0,0,77,5,82,0,0,83,15,98,220,26,246,344
02/07/2013,SSF,TX,ASW,CE,Federal Contract Tower,0,0,19,12,31,0,0,89,0,89,0,0,108,12,120,154,10,164,284
02/08/2013,SSF,TX,ASW,CE,Federal Contract Tower,0,0,9,12,21,0,0,130,4,134,0,0,139,16,155,206,8,214,369
02/09/2013,SSF,TX,ASW,CE,Federal Contract Tower,0,0,6,0,6,0,0,0,0,0,0,0,6,0,6,0,0,0,6
02/10/2013,SSF,TX,ASW,CE,Federal Contract Tower,0,0,15,9,24,0,0,50,0,50,0,0,65,9,74,84,0,84,158
02/11/2013,SSF,TX,ASW,CE,Federal Contract Tower,0,0,8,6,14,0,0,43,0,43,0,0,51,6,57,54,6,60,117
02/12/2013,SSF,TX,ASW,CE,Federal Contract Tower,0,0,2,16,18,0,0,96,2,98,0,0,98,18,116,140,16,156,272
02/13/2013,SSF,TX,ASW,CE,Federal Contract Tower,0,0,13,20,33,0,0,107,0,107,0,0,120,20,140,234,18,252,392
02/14/2013,SSF,TX,ASW,CE,Federal Contract Tower,0,0,5,26,31,0,0,193,2,195,0,0,198,28,226,260,36,296,522
02/15/2013,SSF,TX,ASW,CE,Federal Contract Tower,0,0,3,14,17,0,0,125,4,129,0,0,128,18,146,182,14,196,342
02/16/2013,SSF,TX,ASW,CE,Federal Contract Tower,0,0,16,0,16,0,0,134,15,149,0,0,150,15,165,204,2,206,371
02/17/2013,SSF,TX,ASW,CE,Federal Contract Tower,0,0,3,2,5,0,0,49,8,57,0,0,52,10,62,56,8,64,126
02/18/2013,SSF,TX,ASW,CE,Federal Contract Tower,0,0,12,0,12,0,0,71,0,71,0,0,83,0,83,228,0,228,311
02/19/2013,SSF,TX,ASW,CE,Federal Contract Tower,0,0,12,18,30,0,0,101,4,105,0,0,113,22,135,152,20,172,307
02/20/2013,SSF,TX,ASW,CE,Federal Contract Tower,0,0,4,20,24,0,0,27,0,27,0,0,31,20,51,84,20,104,155
02/21/2013,SSF,TX,ASW,CE,Federal Contract Tower,0,0,11,20,31,0,0,112,6,118,0,0,123,26,149,170,18,188,337
02/22/2013,SSF,TX,ASW,CE,Federal Contract Tower,0,0,2,10,12,0,0,118,2,120,0,0,120,12,132,128,10,138,270
02/23/2013,SSF,TX,ASW,CE,Federal Contract Tower,0,0,11,0,11,0,0,141,2,143,0,0,152,2,154,110,6,116,270
02/24/2013,SSF,TX,ASW,CE,Federal Contract Tower,0,0,9,0,9,0,0,26,0,26,0,0,35,0,35,8,0,8,43
02/25/2013,SSF,TX,ASW,CE,Federal Contract Tower,0,0,1,8,9,0,0,14,0,14,0,0,15,8,23,18,8,26,49
02/26/2013,SSF,TX,ASW,CE,Federal Contract Tower,0,0,9,16,25,0,0,141,4,145,0,0,150,20,170,158,34,192,362
02/27/2013,SSF,TX,ASW,CE,Federal Contract Tower,0,0,7,6,13,0,0,146,0,146,0,0,153,6,159,148,6,154,313
02/28/2013,SSF,TX,ASW,CE,Federal Contract Tower,0,0,8,25,33,0,0,96,6,102,0,0,104,31,135,148,38,186,321
03/01/2013,SSF,TX,ASW,CE,Federal Contract Tower,0,0,8,12,20,0,0,108,0,108,0,0,116,12,128,204,14,218,346
03/02/2013,SSF,TX,ASW,CE,Federal Contract Tower,0,0,1,0,1,0,0,115,3,118,0,0,116,3,119,118,0,118,237
03/03/2013,SSF,TX,ASW,CE,Federal Contract Tower,0,0,8,4,12,0,0,59,0,59,0,0,67,4,71,50,4,54,125
03/04/2013,SSF,TX,ASW,CE,Federal Contract Tower,0,0,2,24,26,0,0,80,0,80,0,0,82,24,106,104,22,126,232
03/05/2013,SSF,TX,ASW,CE,Federal Contract Tower,0,0,6,14,20,0,0,56,0,56,0,0,62,14,76,72,12,84,160
03/06/2013,SSF,TX,ASW,CE,Federal Contract Tower,0,0,15,26,41,0,0,120,10,130,0,0,135,36,171,142,24,166,337
03/07/2013,SSF,TX,ASW,CE,Federal Contract Tower,0,0,10,22,32,0,0,97,0,97,0,0,107,22,129,206,22,228,357
03/08/2013,SSF,TX,ASW,CE,Federal Contract Tower,0,0,28,28,56,0,0,30,0,30,0,0,58,28,86,78,28,106,192
03/09/2013,SSF,TX,ASW,CE,Federal Contract Tower,0,0,13,2,15,0,0,35,0,35,0,0,48,2,50,58,2,60,110
03/10/2013,SSF,TX,ASW,CE,Federal Contract Tower,0,0,5,0,5,0,0,40,0,40,0,0,45,0,45,6,0,6,51
03/11/2013,SSF,TX,ASW,CE,Federal Contract Tower,0,0,1,20,21,0,0,91,3,94,0,0,92,23,115,140,20,160,275
03/12/2013,SSF,TX,ASW,CE,Federal Contract Tower,0,0,6,14,20,0,0,145,0,145,0,0,151,14,165,284,14,298,463
03/13/2013,SSF,TX,ASW,CE,Federal Contract Tower,0,1,8,4,13,0,0,126,0,126,0,1,134,4,139,192,10,202,341
03/14/2013,SSF,TX,ASW,CE,Federal Contract Tower,0,0,5,24,29,0,0,125,0,125,0,0,130,24,154,210,24,234,388
03/15/2013,SSF,TX,ASW,CE,Federal Contract Tower,0,0,14,10,24,0,0,94,0,94,0,0,108,10,118,80,10,90,208
03/16/2013,SSF,TX,ASW,CE,Federal Contract Tower,0,0,6,0,6,0,0,104,0,104,0,0,110,0,110,132,0,132,242
03/17/2013,SSF,TX,ASW,CE,Federal Contract Tower,0,8,12,0,20,0,0,50,8,58,0,8,62,8,78,118,8,126,204
03/18/2013,SSF,TX,ASW,CE,Federal Contract Tower,0,0,8,20,28,0,0,83,0,83,0,0,91,20,111,120,20,140,251
03/19/2013,SSF,TX,ASW,CE,Federal Contract Tower,0,0,18,12,30,0,0,150,0,150,0,0,168,12,180,208,14,222,402
03/20/2013,SSF,TX,ASW,CE,Federal Contract Tower,0,0,21,10,31,0,0,108,0,108,0,0,129,10,139,310,8,318,457
03/21/2013,SSF,TX,ASW,CE,Federal Contract Tower,0,0,19,34,53,0,0,109,0,109,0,0,128,34,162,236,34,270,432
03/22/2013,SSF,TX,ASW,CE,Federal Contract Tower,0,0,19,16,35,0,0,84,2,86,0,0,103,18,121,42,10,52,173
03/23/2013,SSF,TX,ASW,CE,Federal Contract Tower,0,0,13,4,17,0,0,74,2,76,0,0,87,6,93,148,0,148,241
03/24/2013,SSF,TX,ASW,CE,Federal Contract Tower,0,0,12,0,12,0,0,74,0,74,0,0,86,0,86,16,0,16,102
03/25/2013,SSF,TX,ASW,CE,Federal Contract Tower,0,0,5,10,15,0,0,113,1,114,0,0,118,11,129,146,8,154,283
03/26/2013,SSF,TX,ASW,CE,Federal Contract Tower,0,0,7,26,33,0,0,139,2,141,0,0,146,28,174,216,30,246,420
03/27/2013,SSF,TX,ASW,CE,Federal Contract Tower,0,0,6,26,32,0,0,99,0,99,0,0,105,26,131,158,20,178,309
03/28/2013,SSF,TX,ASW,CE,Federal Contract Tower,0,0,16,29,45,0,0,84,4,88,0,0,100,33,133,140,30,170,303
03/29/2013,SSF,TX,ASW,CE,Federal Contract Tower,0,0,12,16,28,0,0,81,0,81,0,0,93,16,109,110,16,126,235
03/30/2013,SSF,TX,ASW,CE,Federal Contract Tower,0,0,7,0,7,0,0,61,0,61,0,0,68,0,68,122,0,122,190
03/31/2013,SSF,TX,ASW,CE,Federal Contract Tower,0,0,11,0,11,0,0,19,0,19,0,0,30,0,30,24,0,24,54
04/01/2013,SSF,TX,ASW,CE,Federal Contract Tower,0,0,10,24,34,0,0,109,0,109,0,0,119,24,143,254,14,268,411
04/02/2013,SSF,TX,ASW,CE,Federal Contract Tower,0,0,8,24,32,0,0,50,0,50,0,0,58,24,82,84,20,104,186
04/03/2013,SSF,TX,ASW,CE,Federal Contract Tower,0,0,6,0,6,0,0,22,0,22,0,0,28,0,28,188,0,188,216
04/04/2013,SSF,TX,ASW,CE,Federal Contract Tower,0,0,11,20,31,0,0,109,1,110,0,0,120,21,141,258,70,328,469
04/05/2013,SSF,TX,ASW,CE,Federal Contract Tower,0,0,10,2,12,0,0,112,0,112,0,0,122,2,124,140,2,142,266
04/06/2013,SSF,TX,ASW,CE,Federal Contract Tower,0,0,6,0,6,0,0,104,5,109,0,0,110,5,115,200,0,200,315
04/07/2013,SSF,TX,ASW,CE,Federal Contract Tower,0,0,6,0,6,0,0,34,0,34,0,0,40,0,40,24,0,24,64
04/08/2013,SSF,TX,ASW,CE,Federal Contract Tower,0,0,13,24,37,0,0,67,0,67,0,0,80,24,104,114,22,136,240
04/09/2013,SSF,TX,ASW,CE,Federal Contract Tower,0,0,19,16,35,0,0,69,2,71,0,0,88,18,106,168,28,196,302
04/10/2013,SSF,TX,ASW,CE,Federal Contract Tower,0,2,12,12,26,0,0,57,2,59,0,2,69,14,85,22,10,32,117
04/11/2013,SSF,TX,ASW,CE,Federal Contract Tower,0,0,9,6,15,0,0,166,4,170,0,0,175,10,185,144,50,194,379
04/12/2013,SSF,TX,ASW,CE,Federal Contract Tower,0,0,12,10,22,0,0,152,0,152,0,0,164,10,174,132,10,142,316
04/13/2013,SSF,TX,ASW,CE,Federal Contract Tower,0,0,5,0,5,0,0,72,0,72,0,0,77,0,77,96,0,96,173
04/14/2013,SSF,TX,ASW,CE,Federal Contract Tower,0,0,13,0,13,0,0,48,0,48,0,0,61,0,61,88,0,88,149
04/15/2013,SSF,TX,ASW,CE,Federal Contract Tower,0,0,11,4,15,0,0,109,1,110,0,0,120,5,125,186,2,188,313
04/16/2013,SSF,TX,ASW,CE,Federal Contract Tower,0,0,19,22,41,0,0,92,0,92,0,0,111,22,133,102,22,124,257
04/17/2013,SSF,TX,ASW,CE,Federal Contract Tower,0,1,32,29,62,0,0,53,8,61,0,1,85,37,123,100,20,120,243
04/18/2013,SSF,TX,ASW,CE,Federal Contract Tower,0,0,6,11,17,0,0,75,3,78,0,0,81,14,95,108,8,116,211
04/19/2013,SSF,TX,ASW,CE,Federal Contract Tower,0,1,8,7,16,0,0,122,3,125,0,1,130,10,141,168,6,174,315
04/20/2013,SSF,TX,ASW,CE,Federal Contract Tower,0,0,2,0,2,0,0,116,0,116,0,0,118,0,118,76,0,76,194
04/21/2013,SSF,TX,ASW,CE,Federal Contract Tower,0,0,6,0,6,0,0,73,0,73,0,0,79,0,79,82,0,82,161
04/22/2013,SSF,TX,ASW,CE,Federal Contract Tower,0,0,17,7,24,0,0,94,5,99,0,0,111,12,123,136,4,140,263
04/23/2013,SSF,TX,ASW,CE,Federal Contract Tower,0,0,21,28,49,0,0,55,2,57,0,0,76,30,106,184,24,208,314
04/24/2013,SSF,TX,ASW,CE,Federal Contract Tower,0,0,6,8,14,0,0,57,4,61,0,0,63,12,75,116,28,144,219
04/25/2013,SSF,TX,ASW,CE,Federal Contract Tower,0,0,12,24,36,0,0,98,3,101,0,0,110,27,137,92,48,140,277
04/26/2013,SSF,TX,ASW,CE,Federal Contract Tower,0,0,12,4,16,0,0,38,0,38,0,0,50,4,54,12,2,14,68
04/27/2013,SSF,TX,ASW,CE,Federal Contract Tower,0,0,19,0,19,0,0,89,0,89,0,0,108,0,108,128,0,128,236
04/28/2013,SSF,TX,ASW,CE,Federal Contract Tower,0,0,2,4,6,0,0,24,0,24,0,0,26,4,30,40,0,40,70
04/29/2013,SSF,TX,ASW,CE,Federal Contract Tower,0,0,11,18,29,0,0,61,0,61,0,0,72,18,90,122,16,138,228
04/30/2013,SSF,TX,ASW,CE,Federal Contract Tower,0,0,22,22,44,0,0,87,0,87,0,0,109,22,131,298,22,320,451
05/01/2013,SSF,TX,ASW,CE,Federal Contract Tower,0,0,20,22,42,0,0,113,0,113,0,0,133,22,155,232,20,252,407
05/02/2013,SSF,TX,ASW,CE,Federal Contract Tower,0,0,15,15,30,0,0,45,0,45,0,0,60,15,75,184,14,198,273
05/03/2013,SSF,TX,ASW,CE,Federal Contract Tower,0,0,7,20,27,0,0,139,5,144,0,0,146,25,171,258,32,290,461
05/04/2013,SSF,TX,ASW,CE,Federal Contract Tower,0,0,7,0,7,0,0,110,0,110,0,0,117,0,117,92,0,92,209
05/05/2013,SSF,TX,ASW,CE,Federal Contract Tower,0,0,0,4,4,0,0,49,3,52,0,0,49,7,56,70,0,70,126
05/06/2013,SSF,TX,ASW,CE,Federal Contract Tower,0,0,6,27,33,0,0,83,1,84,0,0,89,28,117,110,26,136,253
05/07/2013,SSF,TX,ASW,CE,Federal Contract Tower,0,0,11,18,29,0,0,114,1,115,0,0,125,19,144,242,16,258,402
05/08/2013,SSF,TX,ASW,CE,Federal Contract Tower,0,0,13,10,23,0,0,59,2,61,0,0,72,12,84,86,38,124,208
05/09/2013,SSF,TX,ASW,CE,Federal Contract Tower,0,0,20,18,38,0,0,33,4,37,0,0,53,22,75,76,24,100,175
05/10/2013,SSF,TX,ASW,CE,Federal Contract Tower,0,0,3,0,3,0,0,44,2,46,0,0,47,2,49,82,2,84,133
05/11/2013,SSF,TX,ASW,CE,Federal Contract Tower,0,0,7,0,7,0,0,52,0,52,0,0,59,0,59,84,0,84,143
05/12/2013,SSF,TX,ASW,CE,Federal Contract Tower,0,0,4,0,4,0,0,30,0,30,0,0,34,0,34,104,0,104,138
05/13/2013,SSF,TX,ASW,CE,Federal Contract Tower,0,4,5,12,21,0,0,116,0,116,0,4,121,12,137,246,22,268,405
05/14/2013,SSF,TX,ASW,CE,Federal Contract Tower,0,0,20,26,46,0,0,83,2,85,0,0,103,28,131,84,34,118,249
05/15/2013,SSF,TX,ASW,CE,Federal Contract Tower,0,0,22,24,46,0,0,48,0,48,0,0,70,24,94,10,18,28,122
05/16/2013,SSF,TX,ASW,CE,Federal Contract Tower,0,0,26,26,52,0,0,82,6,88,0,0,108,32,140,121,28,149,289
05/17/2013,SSF,TX,ASW,CE,Federal Contract Tower,0,0,12,9,21,0,0,110,0,110,0,0,122,9,131,208,8,216,347
05/18/2013,SSF,TX,ASW,CE,Federal Contract Tower,0,0,2,0,2,0,0,64,1,65,0,0,66,1,67,108,0,108,175
05/19/2013,SSF,TX,ASW,CE,Federal Contract Tower,0,0,12,0,12,0,0,62,0,62,0,0,74,0,74,92,0,92,166
05/20/2013,SSF,TX,ASW,CE,Federal Contract Tower,0,0,6,22,28,0,0,68,0,68,0,0,74,22,96,142,20,162,258
05/21/2013,SSF,TX,ASW,CE,Federal Contract Tower,0,1,31,18,50,0,0,87,2,89,0,1,118,20,139,224,44,268,407
05/22/2013,SSF,TX,ASW,CE,Federal Contract Tower,0,0,18,16,34,0,0,127,0,127,0,0,145,16,161,242,14,256,417
05/23/2013,SSF,TX,ASW,CE,Federal Contract Tower,0,0,18,14,32,0,0,94,2,96,0,0,112,16,128,128,16,144,272
05/24/2013,SSF,TX,ASW,CE,Federal Contract Tower,0,0,4,0,4,0,0,24,2,26,0,0,28,2,30,20,4,24,54
05/25/2013,SSF,TX,ASW,CE,Federal Contract Tower,0,0,2,0,2,0,0,54,0,54,0,0,56,0,56,100,0,100,156
05/26/2013,SSF,TX,ASW,CE,Federal Contract Tower,0,0,0,0,0,0,0,23,0,23,0,0,23,0,23,50,0,50,73
05/27/2013,SSF,TX,ASW,CE,Federal Contract Tower,0,0,9,1,10,0,0,44,2,46,0,0,53,3,56,88,0,88,144
05/28/2013,SSF,TX,ASW,CE,Federal Contract Tower,0,0,6,30,36,0,0,75,2,77,0,0,81,32,113,206,28,234,347
05/29/2013,SSF,TX,ASW,CE,Federal Contract Tower,0,0,11,16,27,0,0,55,2,57,0,0,66,18,84,66,10,76,160
05/30/2013,SSF,TX,ASW,CE,Federal Contract Tower,0,0,25,16,41,0,0,106,0,106,0,0,131,16,147,316,14,330,477
05/31/2013,SSF,TX,ASW,CE,Federal Contract Tower,0,0,12,20,32,0,0,90,0,90,0,0,102,20,122,246,18,264,386
06/01/2013,SSF,TX,ASW,CE,Federal Contract Tower,0,0,15,0,15,0,0,95,0,95,0,0,110,0,110,160,0,160,270
06/02/2013,SSF,TX,ASW,CE,Federal Contract Tower,0,0,5,0,5,0,0,50,1,51,0,0,55,1,56,96,0,96,152
06/03/2013,SSF,TX,ASW,CE,Federal Contract Tower,0,0,1,12,13,0,0,131,0,131,0,0,132,12,144,166,6,172,316
06/04/2013,SSF,TX,ASW,CE,Federal Contract Tower,0,0,5,20,25,0,0,117,0,117,0,0,122,20,142,136,20,156,298
06/05/2013,SSF,TX,ASW,CE,Federal Contract Tower,0,0,22,20,42,0,0,98,5,103,0,0,120,25,145,242,32,274,419
06/06/2013,SSF,TX,ASW,CE,Federal Contract Tower,0,0,9,18,27,0,0,134,2,136,0,0,143,20,163,152,30,182,345
06/07/2013,SSF,TX,ASW,CE,Federal Contract Tower,0,0,9,4,13,0,0,74,0,74,0,0,83,4,87,170,4,174,261
06/08/2013,SSF,TX,ASW,CE,Federal Contract Tower,0,0,11,0,11,0,0,123,0,123,0,0,134,0,134,92,0,92,226
06/09/2013,SSF,TX,ASW,CE,Federal Contract Tower,0,0,5,2,7,0,0,39,0,39,0,0,44,2,46,64,0,64,110
06/10/2013,SSF,TX,ASW,CE,Federal Contract Tower,0,0,13,18,31,0,0,107,0,107,0,0,120,18,138,190,18,208,346
06/11/2013,SSF,TX,ASW,CE,Federal Contract Tower,0,0,13,13,26,0,0,89,0,89,0,0,102,13,115,160,12,172,287
06/12/2013,SSF,TX,ASW,CE,Federal Contract Tower,0,0,10,19,29,0,0,64,0,64,0,0,74,19,93,104,18,122,215
06/13/2013,SSF,TX,ASW,CE,Federal Contract Tower,0,0,10,9,19,0,0,40,0,40,0,0,50,9,59,34,8,42,101
06/14/2013,SSF,TX,ASW,CE,Federal Contract Tower,0,0,4,16,20,0,0,34,0,34,0,0,38,16,54,34,16,50,104
06/15/2013,SSF,TX,ASW,CE,Federal Contract Tower,0,0,7,0,7,0,0,76,3,79,0,0,83,3,86,40,0,40,126
06/16/2013,SSF,TX,ASW,CE,Federal Contract Tower,0,0,4,0,4,0,0,62,0,62,0,0,66,0,66,152,0,152,218
06/17/2013,SSF,TX,ASW,CE,Federal Contract Tower,0,0,6,34,40,0,0,100,0,100,0,0,106,34,140,170,34,204,344
06/18/2013,SSF,TX,ASW,CE,Federal Contract Tower,0,0,11,36,47,0,0,98,4,102,0,0,109,40,149,121,43,164,313
06/19/2013,SSF,TX,ASW,CE,Federal Contract Tower,0,0,12,20,32,0,0,116,6,122,0,0,128,26,154,146,38,184,338
06/20/2013,SSF,TX,ASW,CE,Federal Contract Tower,0,0,9,33,42,0,0,111,2,113,0,0,120,35,155,166,28,194,349
06/21/2013,SSF,TX,ASW,CE,Federal Contract Tower,0,0,9,24,33,0,0,87,2,89,0,0,96,26,122,106,40,146,268
06/22/2013,SSF,TX,ASW,CE,Federal Contract Tower,0,0,14,6,20,0,0,73,3,76,0,0,87,9,96,64,20,84,180
06/23/2013,SSF,TX,ASW,CE,Federal Contract Tower,0,0,16,0,16,0,0,38,0,38,0,0,54,0,54,2,0,2,56
06/24/2013,SSF,TX,ASW,CE,Federal Contract Tower,0,0,4,18,22,0,0,62,0,62,0,0,66,18,84,32,24,56,140
06/25/2013,SSF,TX,ASW,CE,Federal Contract Tower,0,0,8,24,32,0,0,97,0,97,0,0,105,24,129,196,20,216,345
06/26/2013,SSF,TX,ASW,CE,Federal Contract Tower,0,0,15,14,29,0,0,103,2,105,0,0,118,16,134,138,26,164,298
06/27/2013,SSF,TX,ASW,CE,Federal Contract Tower,0,0,8,38,46,0,0,149,7,156,0,0,157,45,202,164,62,226,428
06/28/2013,SSF,TX,ASW,CE,Federal Contract Tower,0,0,3,0,3,0,0,123,4,127,0,0,126,4,130,192,8,200,330
06/29/2013,SSF,TX,ASW,CE,Federal Contract Tower,0,0,3,0,3,0,0,104,0,104,0,0,107,0,107,154,0,154,261
06/30/2013,SSF,TX,ASW,CE,Federal Contract Tower,0,0,0,0,0,0,0,32,0,32,0,0,32,0,32,28,0,28,60
07/01/2013,SSF,TX,ASW,CE,Federal Contract Tower,0,0,4,32,36,0,0,120,0,120,0,0,124,32,156,214,28,242,398
07/02/2013,SSF,TX,ASW,CE,Federal Contract Tower,0,0,16,18,34,0,0,116,8,124,0,0,132,26,158,182,10,192,350
07/03/2013,SSF,TX,ASW,CE,Federal Contract Tower,0,0,1,12,13,0,0,127,0,127,0,0,128,12,140,162,12,174,314
07/04/2013,SSF,TX,ASW,CE,Federal Contract Tower,0,0,4,0,4,0,0,71,0,71,0,0,75,0,75,78,0,78,153
07/05/2013,SSF,TX,ASW,CE,Federal Contract Tower,0,0,4,1,5,0,0,96,1,97,0,0,100,2,102,66,0,66,168
07/06/2013,SSF,TX,ASW,CE,Federal Contract Tower,0,0,14,0,14,0,0,59,8,67,0,0,73,8,81,90,4,94,175
07/07/2013,SSF,TX,ASW,CE,Federal Contract Tower,0,0,2,0,2,0,0,24,0,24,0,0,26,0,26,12,0,12,38
07/08/2013,SSF,TX,ASW,CE,Federal Contract Tower,0,2,19,16,37,0,0,52,4,56,0,2,71,20,93,64,32,96,189
07/09/2013,SSF,TX,ASW,CE,Federal Contract Tower,0,0,6,16,22,0,0,70,0,70,0,0,76,16,92,188,14,202,294
07/10/2013,SSF,TX,ASW,CE,Federal Contract Tower,0,0,6,12,18,0,0,89,44,133,0,0,95,56,151,86,10,96,247
07/11/2013,SSF,TX,ASW,CE,Federal Contract Tower,0,0,7,19,26,0,0,117,0,117,0,0,124,19,143,184,14,198,341
07/12/2013,SSF,TX,ASW,CE,Federal Contract Tower,0,4,12,0,16,0,0,120,0,120,0,4,132,0,136,74,0,74,210
07/13/2013,SSF,TX,ASW,CE,Federal Contract Tower,0,0,4,0,4,0,0,86,0,86,0,0,90,0,90,170,0,170,260
07/14/2013,SSF,TX,ASW,CE,Federal Contract Tower,0,0,5,6,11,0,0,47,0,47,0,0,52,6,58,62,2,64,122
07/15/2013,SSF,TX,ASW,CE,Federal Contract Tower,0,0,9,18,27,0,0,32,0,32,0,0,41,18,59,80,16,96,155
07/16/2013,SSF,TX,ASW,CE,Federal Contract Tower,0,0,15,8,23,0,0,40,0,40,0,0,55,8,63,106,4,110,173
07/17/2013,SSF,TX,ASW,CE,Federal Contract Tower,0,0,33,2,35,0,0,29,0,29,0,0,62,2,64,112,2,114,178
07/18/2013,SSF,TX,ASW,CE,Federal Contract Tower,0,0,13,24,37,0,0,113,5,118,0,0,126,29,155,218,42,260,415
07/19/2013,SSF,TX,ASW,CE,Federal Contract Tower,0,0,9,2,11,0,0,84,0,84,0,0,93,2,95,158,2,160,255
07/20/2013,SSF,TX,ASW,CE,Federal Contract Tower,0,0,16,0,16,0,0,123,0,123,0,0,139,0,139,146,0,146,285
07/21/2013,SSF,TX,ASW,CE,Federal Contract Tower,0,0,7,3,10,0,0,52,0,52,0,0,59,3,62,116,0,116,178
07/22/2013,SSF,TX,ASW,CE,Federal Contract Tower,0,0,7,6,13,0,0,66,0,66,0,0,73,6,79,40,6,46,125
07/23/2013,SSF,TX,ASW,CE,Federal Contract Tower,0,0,14,2,16,0,0,85,0,85,0,0,99,2,101,126,2,128,229
07/24/2013,SSF,TX,ASW,CE,Federal Contract Tower,0,4,9,10,23,0,0,107,2,109,0,4,116,12,132,154,28,182,314
07/25/2013,SSF,TX,ASW,CE,Federal Contract Tower,0,0,15,10,25,0,0,108,3,111,0,0,123,13,136,210,18,228,364
07/26/2013,SSF,TX,ASW,CE,Federal Contract Tower,0,2,7,4,13,0,0,73,0,73,0,2,80,4,86,124,4,128,214
07/27/2013,SSF,TX,ASW,CE,Federal Contract Tower,0,0,10,0,10,0,0,80,0,80,0,0,90,0,90,76,0,76,166
07/28/2013,SSF,TX,ASW,CE,Federal Contract Tower,0,0,5,1,6,0,0,43,0,43,0,0,48,1,49,70,0,70,119
07/29/2013,SSF,TX,ASW,CE,Federal Contract Tower,0,2,16,18,36,0,0,90,0,90,0,2,106,18,126,184,12,196,322
07/30/2013,SSF,TX,ASW,CE,Federal Contract Tower,0,0,14,28,42,0,0,105,0,105,0,0,119,28,147,274,28,302,449
07/31/2013,SSF,TX,ASW,CE,Federal Contract Tower,0,0,11,26,37,0,0,110,15,125,0,0,121,41,162,246,22,268,430
08/01/2013,SSF,TX,ASW,CE,Federal Contract Tower,0,0,7,20,27,0,0,117,0,117,0,0,124,20,144,188,16,204,348
08/02/2013,SSF,TX,ASW,CE,Federal Contract Tower,0,0,8,6,14,0,0,109,0,109,0,0,117,6,123,190,2,192,315
08/03/2013,SSF,TX,ASW,CE,Federal Contract Tower,0,0,4,0,4,0,0,66,9,75,0,0,70,9,79,104,8,112,191
08/04/2013,SSF,TX,ASW,CE,Federal Contract Tower,0,0,9,4,13,0,0,35,0,35,0,0,44,4,48,110,2,112,160
08/05/2013,SSF,TX,ASW,CE,Federal Contract Tower,0,0,4,36,40,0,0,104,0,104,0,0,108,36,144,188,28,216,360
08/06/2013,SSF,TX,ASW,CE,Federal Contract Tower,0,0,5,28,33,0,0,124,2,126,0,0,129,30,159,314,44,358,517
08/07/2013,SSF,TX,ASW,CE,Federal Contract Tower,0,2,17,28,47,0,0,117,0,117,0,2,134,28,164,164,24,188,352
08/08/2013,SSF,TX,ASW,CE,Federal Contract Tower,0,3,12,24,39,0,0,108,0,108,0,3,120,24,147,122,24,146,293
08/09/2013,SSF,TX,ASW,CE,Federal Contract Tower,0,1,5,10,16,0,0,112,4,116,0,1,117,14,132,190,0,190,322
08/10/2013,SSF,TX,ASW,CE,Federal Contract Tower,0,0,8,4,12,0,0,89,22,111,0,0,97,26,123,204,6,210,333
08/11/2013,SSF,TX,ASW,CE,Federal Contract Tower,0,0,10,6,16,0,0,32,7,39,0,0,42,13,55,64,6,70,125
08/12/2013,SSF,TX,ASW,CE,Federal Contract Tower,0,0,13,26,39,0,0,84,0,84,0,0,97,26,123,184,22,206,329
08/13/2013,SSF,TX,ASW,CE,Federal Contract Tower,0,3,7,30,40,0,0,99,5,104,0,3,106,35,144,166,36,202,346
08/14/2013,SSF,TX,ASW,CE,Federal Contract Tower,0,0,10,38,48,0,0,131,3,134,0,0,141,41,182,126,48,174,356
08/15/2013,SSF,TX,ASW,CE,Federal Contract Tower,0,0,7,26,33,0,0,105,0,105,0,0,112,26,138,191,20,211,349
08/16/2013,SSF,TX,ASW,CE,Federal Contract Tower,0,0,3,0,3,0,0,86,4,90,0,0,89,4,93,294,6,300,393
08/17/2013,SSF,TX,ASW,CE,Federal Contract Tower,0,0,5,2,7,0,0,98,5,103,0,0,103,7,110,94,2,96,206
08/18/2013,SSF,TX,ASW,CE,Federal Contract Tower,0,0,6,0,6,0,0,44,4,48,0,0,50,4,54,54,0,54,108
08/19/2013,SSF,TX,ASW,CE,Federal Contract Tower,0,0,0,40,40,0,0,79,0,79,0,0,79,40,119,208,36,244,363
08/20/2013,SSF,TX,ASW,CE,Federal Contract Tower,0,0,6,30,36,0,0,79,0,79,0,0,85,30,115,106,30,136,251
08/21/2013,SSF,TX,ASW,CE,Federal Contract Tower,0,0,9,22,31,0,0,74,2,76,0,0,83,24,107,180,34,214,321
08/22/2013,SSF,TX,ASW,CE,Federal Contract Tower,0,2,8,32,42,0,0,89,2,91,0,2,97,34,133,178,42,220,353
08/23/2013,SSF,TX,ASW,CE,Federal Contract Tower,0,0,8,20,28,0,0,104,2,106,0,0,112,22,134,206,18,224,358
08/24/2013,SSF,TX,ASW,CE,Federal Contract Tower,0,0,6,0,6,0,0,135,2,137,0,0,141,2,143,288,0,288,431
08/25/2013,SSF,TX,ASW,CE,Federal Contract Tower,0,0,8,2,10,0,0,35,2,37,0,0,43,4,47,50,0,50,97
08/26/2013,SSF,TX,ASW,CE,Federal Contract Tower,0,1,5,10,16,0,0,49,0,49,0,1,54,10,65,136,10,146,211
08/27/2013,SSF,TX,ASW,CE,Federal Contract Tower,0,1,7,28,36,0,0,67,0,67,0,1,74,28,103,212,28,240,343
08/28/2013,SSF,TX,ASW,CE,Federal Contract Tower,0,0,22,26,48,0,0,101,2,103,0,0,123,28,151,258,24,282,433
08/29/2013,SSF,TX,ASW,CE,Federal Contract Tower,0,2,5,30,37,0,0,126,3,129,0,2,131,33,166,350,30,380,546
08/30/2013,SSF,TX,ASW,CE,Federal Contract Tower,0,2,12,4,18,0,0,102,4,106,0,2,114,8,124,172,4,176,300
08/31/2013,SSF,TX,ASW,CE,Federal Contract Tower,0,0,4,0,4,0,0,101,3,104,0,0,105,3,108,148,0,148,256
09/01/2013,SSF,TX,ASW,CE,Federal Contract Tower,0,0,6,0,6,0,0,42,2,44,0,0,48,2,50,92,0,92,142
09/02/2013,SSF,TX,ASW,CE,Federal Contract Tower,0,0,9,0,9,0,0,92,0,92,0,0,101,0,101,122,0,122,223
09/03/2013,SSF,TX,ASW,CE,Federal Contract Tower,0,0,9,12,21,0,0,90,4,94,0,0,99,16,115,200,12,212,327
09/04/2013,SSF,TX,ASW,CE,Federal Contract Tower,0,0,3,16,19,0,0,90,8,98,0,0,93,24,117,86,42,128,245
09/05/2013,SSF,TX,ASW,CE,Federal Contract Tower,0,1,6,26,33,0,0,122,1,123,0,1,128,27,156,246,22,268,424
09/06/2013,SSF,TX,ASW,CE,Federal Contract Tower,0,2,8,16,26,0,0,89,2,91,0,2,97,18,117,190,16,206,323
09/07/2013,SSF,TX,ASW,CE,Federal Contract Tower,0,1,3,0,4,0,0,85,6,91,0,1,88,6,95,106,0,106,201
09/08/2013,SSF,TX,ASW,CE,Federal Contract Tower,0,0,0,0,0,0,0,13,2,15,0,0,13,2,15,44,0,44,59
09/09/2013,SSF,TX,ASW,CE,Federal Contract Tower,0,0,10,12,22,0,0,51,0,51,0,0,61,12,73,34,10,44,117
09/10/2013,SSF,TX,ASW,CE,Federal Contract Tower,0,0,11,6,17,0,0,21,0,21,0,0,32,6,38,54,6,60,98
09/11/2013,SSF,TX,ASW,CE,Federal Contract Tower,0,0,13,12,25,0,0,42,1,43,0,0,55,13,68,70,12,82,150
09/12/2013,SSF,TX,ASW,CE,Federal Contract Tower,0,0,19,20,39,0,0,110,0,110,0,0,129,20,149,162,20,182,331
09/13/2013,SSF,TX,ASW,CE,Federal Contract Tower,0,0,4,10,14,0,0,120,2,122,0,0,124,12,136,134,10,144,280
09/14/2013,SSF,TX,ASW,CE,Federal Contract Tower,0,0,12,0,12,0,0,82,1,83,0,0,94,1,95,186,0,186,281
09/15/2013,SSF,TX,ASW,CE,Federal Contract Tower,0,0,5,9,14,0,0,48,2,50,0,0,53,11,64,48,46,94,158
09/16/2013,SSF,TX,ASW,CE,Federal Contract Tower,0,0,7,4,11,0,0,30,0,30,0,0,37,4,41,32,10,42,83
09/17/2013,SSF,TX,ASW,CE,Federal Contract Tower,0,0,14,12,26,0,0,41,6,47,0,0,55,18,73,86,16,102,175
09/18/2013,SSF,TX,ASW,CE,Federal Contract Tower,0,0,12,10,22,0,0,36,0,36,0,0,48,10,58,174,10,184,242
09/19/2013,SSF,TX,ASW,CE,Federal Contract Tower,0,0,17,14,31,0,0,63,0,63,0,0,80,14,94,136,14,150,244
09/20/2013,SSF,TX,ASW,CE,Federal Contract Tower,0,0,3,0,3,0,0,16,0,16,0,0,19,0,19,24,0,24,43
09/21/2013,SSF,TX,ASW,CE,Federal Contract Tower,0,0,7,1,8,0,0,49,2,51,0,0,56,3,59,72,10,82,141
09/22/2013,SSF,TX,ASW,CE,Federal Contract Tower,0,2,7,2,11,0,0,73,1,74,0,2,80,3,85,70,0,70,155
09/23/2013,SSF,TX,ASW,CE,Federal Contract Tower,0,0,3,18,21,0,0,115,0,115,0,0,118,18,136,214,14,228,364
09/24/2013,SSF,TX,ASW,CE,Federal Contract Tower,0,0,10,30,40,0,0,98,2,100,0,0,108,32,140,144,30,174,314
09/25/2013,SSF,TX,ASW,CE,Federal Contract Tower,0,0,6,22,28,0,0,99,0,99,0,0,105,22,127,192,20,212,339
09/26/2013,SSF,TX,ASW,CE,Federal Contract Tower,0,0,20,20,40,0,0,112,2,114,0,0,132,22,154,194,20,214,368
09/27/2013,SSF,TX,ASW,CE,Federal Contract Tower,0,4,14,0,18,0,0,45,0,45,0,4,59,0,63,62,2,64,127
09/28/2013,SSF,TX,ASW,CE,Federal Contract Tower,0,0,12,1,13,0,0,40,0,40,0,0,52,1,53,76,0,76,129
09/29/2013,SSF,TX,ASW,CE,Federal Contract Tower,0,0,20,2,22,0,0,27,2,29,0,0,47,4,51,18,0,18,69
09/30/2013,SSF,TX,ASW,CE,Federal Contract Tower,0,0,7,20,27,0,0,99,0,99,0,0,106,20,126,246,20,266,392
10/01/2013,SSF,TX,ASW,CE,Federal Contract Tower,0,4,10,16,30,0,0,60,0,60,0,4,70,16,90,117,16,133,223
10/02/2013,SSF,TX,ASW,CE,Federal Contract Tower,0,0,12,28,40,0,0,82,0,82,0,0,94,28,122,194,28,222,344
10/03/2013,SSF,TX,ASW,CE,Federal Contract Tower,0,0,18,28,46,0,0,88,0,88,0,0,106,28,134,202,28,230,364
10/04/2013,SSF,TX,ASW,CE,Federal Contract Tower,0,0,14,22,36,0,0,51,0,51,0,0,65,22,87,62,22,84,171
10/05/2013,SSF,TX,ASW,CE,Federal Contract Tower,0,0,10,0,10,0,0,120,0,120,0,0,130,0,130,218,0,218,348
10/06/2013,SSF,TX,ASW,CE,Federal Contract Tower,0,0,2,0,2,0,0,49,0,49,0,0,51,0,51,52,0,52,103
10/07/2013,SSF,TX,ASW,CE,Federal Contract Tower,0,0,11,18,29,0,0,100,0,100,0,0,111,18,129,198,14,212,341
10/08/2013,SSF,TX,ASW,CE,Federal Contract Tower,0,0,4,26,30,0,0,111,0,111,0,0,115,26,141,248,22,270,411
10/09/2013,SSF,TX,ASW,CE,Federal Contract Tower,0,0,17,22,39,0,0,120,0,120,0,0,137,22,159,286,22,308,467
10/10/2013,SSF,TX,ASW,CE,Federal Contract Tower,0,0,18,26,44,0,0,109,2,111,0,0,127,28,155,320,24,344,499
10/11/2013,SSF,TX,ASW,CE,Federal Contract Tower,0,0,20,26,46,0,0,77,0,77,0,0,97,26,123,372,26,398,521
10/12/2013,SSF,TX,ASW,CE,Federal Contract Tower,0,0,10,0,10,0,0,63,2,65,0,0,73,2,75,176,0,176,251
10/13/2013,SSF,TX,ASW,CE,Federal Contract Tower,0,0,7,0,7,0,0,0,0,0,0,0,7,0,7,2,0,2,9
10/14/2013,SSF,TX,ASW,CE,Federal Contract Tower,0,0,19,0,19,0,0,54,0,54,0,0,73,0,73,116,0,116,189
10/15/2013,SSF,TX,ASW,CE,Federal Contract Tower,0,0,19,18,37,0,0,87,0,87,0,0,106,18,124,176,18,194,318
10/16/2013,SSF,TX,ASW,CE,Federal Contract Tower,0,0,14,0,14,0,0,3,0,3,0,0,17,0,17,10,0,10,27
10/17/2013,SSF,TX,ASW,CE,Federal Contract Tower,0,0,4,22,26,0,0,116,0,116,0,0,120,22,142,260,22,282,424
10/18/2013,SSF,TX,ASW,CE,Federal Contract Tower,0,2,35,2,39,0,0,52,0,52,0,2,87,2,91,156,2,158,249
10/19/2013,SSF,TX,ASW,CE,Federal Contract Tower,0,0,5,2,7,0,0,55,0,55,0,0,60,2,62,114,0,114,176
10/20/2013,SSF,TX,ASW,CE,Federal Contract Tower,0,1,7,0,8,0,0,56,0,56,0,1,63,0,64,82,0,82,146
10/21/2013,SSF,TX,ASW,CE,Federal Contract Tower,0,0,6,39,45,0,0,77,0,77,0,0,83,39,122,116,38,154,276
10/22/2013,SSF,TX,ASW,CE,Federal Contract Tower,0,0,6,36,42,0,0,82,0,82,0,0,88,36,124,196,38,234,358
10/23/2013,SSF,TX,ASW,CE,Federal Contract Tower,0,0,13,28,41,0,0,104,6,110,0,0,117,34,151,194,60,254,405
10/24/2013,SSF,TX,ASW,CE,Federal Contract Tower,0,2,10,36,48,0,0,121,2,123,0,2,131,38,171,270,36,306,477
10/25/2013,SSF,TX,ASW,CE,Federal Contract Tower,0,0,6,24,30,0,0,123,3,126,0,0,129,27,156,318,36,354,510
10/26/2013,SSF,TX,ASW,CE,Federal Contract Tower,0,1,14,0,15,0,7,53,0,60,0,8,67,0,75,158,0,158,233
10/27/2013,SSF,TX,ASW,CE,Federal Contract Tower,0,0,9,4,13,0,0,30,0,30,0,0,39,4,43,94,2,96,139
10/28/2013,SSF,TX,ASW,CE,Federal Contract Tower,0,7,12,35,54,0,2,62,0,64,0,9,74,35,118,178,26,204,322
10/29/2013,SSF,TX,ASW,CE,Federal Contract Tower,0,0,11,30,41,0,0,60,0,60,0,0,71,30,101,226,26,252,353
10/30/2013,SSF,TX,ASW,CE,Federal Contract Tower,0,2,9,10,21,0,0,34,0,34,0,2,43,10,55,176,2,178,233
10/31/2013,SSF,TX,ASW,CE,Federal Contract Tower,0,1,10,28,39,0,0,77,0,77,0,1,87,28,116,102,18,120,236
11/01/2013,SSF,TX,ASW,CE,Federal Contract Tower,0,0,5,18,23,0,2,137,3,142,0,2,142,21,165,298,18,316,481
11/02/2013,SSF,TX,ASW,CE,Federal Contract Tower,0,0,1,0,1,0,5,107,1,113,0,5,108,1,114,150,0,150,264
11/03/2013,SSF,TX,ASW,CE,Federal Contract Tower,0,0,4,6,10,0,9,62,0,71,0,9,66,6,81,100,6,106,187
11/04/2013,SSF,TX,ASW,CE,Federal Contract Tower,0,0,4,14,18,0,18,87,0,105,0,18,91,14,123,308,12,320,443
11/05/2013,SSF,TX,ASW,CE,Federal Contract Tower,0,2,9,24,35,0,7,71,4,82,0,9,80,28,117,236,26,262,379
11/06/2013,SSF,TX,ASW,CE,Federal Contract Tower,0,1,12,10,23,0,1,49,8,58,0,2,61,18,81,130,26,156,237
11/07/2013,SSF,TX,ASW,CE,Federal Contract Tower,0,1,13,9,23,0,4,82,4,90,0,5,95,13,113,112,8,120,233
11/08/2013,SSF,TX,ASW,CE,Federal Contract Tower,0,0,13,2,15,0,1,106,0,107,0,1,119,2,122,214,2,216,338
11/09/2013,SSF,TX,ASW,CE,Federal Contract Tower,0,0,15,2,17,0,19,81,0,100,0,19,96,2,117,128,2,130,247
11/10/2013,SSF,TX,ASW,CE,Federal Contract Tower,0,0,15,2,17,0,0,31,0,31,0,0,46,2,48,22,2,24,72
11/11/2013,SSF,TX,ASW,CE,Federal Contract Tower,0,2,3,0,5,0,0,98,0,98,0,2,101,0,103,254,0,254,357
11/12/2013,SSF,TX,ASW,CE,Federal Contract Tower,0,0,9,18,27,0,10,36,0,46,0,10,45,18,73,2,14,16,89
11/13/2013,SSF,TX,ASW,CE,Federal Contract Tower,0,0,11,14,25,0,0,97,2,99,0,0,108,16,124,180,12,192,316
11/14/2013,SSF,TX,ASW,CE,Federal Contract Tower,0,0,14,24,38,0,4,121,6,131,0,4,135,30,169,164,26,190,359
11/15/2013,SSF,TX,ASW,CE,Federal Contract Tower,0,0,10,18,28,0,0,88,10,98,0,0,98,28,126,162,20,182,308
11/16/2013,SSF,TX,ASW,CE,Federal Contract Tower,0,0,10,0,10,0,6,38,9,53,0,6,48,9,63,62,4,66,129
11/17/2013,SSF,TX,ASW,CE,Federal Contract Tower,0,0,5,1,6,0,4,51,2,57,0,4,56,3,63,76,0,76,139
11/18/2013,SSF,TX,ASW,CE,Federal Contract Tower,0,0,5,28,33,0,1,94,2,97,0,1,99,30,130,223,26,249,379
11/19/2013,SSF,TX,ASW,CE,Federal Contract Tower,0,0,15,26,41,0,0,91,4,95,0,0,106,30,136,194,26,220,356
11/20/2013,SSF,TX,ASW,CE,Federal Contract Tower,0,6,23,42,71,0,6,92,0,98,0,12,115,42,169,174,34,208,377
11/21/2013,SSF,TX,ASW,CE,Federal Contract Tower,0,0,23,30,53,0,0,74,3,77,0,0,97,33,130,158,32,190,320
11/22/2013,SSF,TX,ASW,CE,Federal Contract Tower,0,0,5,0,5,0,0,8,0,8,0,0,13,0,13,2,0,2,15
11/23/2013,SSF,TX,ASW,CE,Federal Contract Tower,0,0,15,0,15,0,0,16,6,22,0,0,31,6,37,0,84,84,121
11/24/2013,SSF,TX,ASW,CE,Federal Contract Tower,0,0,0,4,4,0,2,0,0,2,0,2,0,4,6,0,4,4,10
11/25/2013,SSF,TX,ASW,CE,Federal Contract Tower,0,0,0,2,2,0,2,11,0,13,0,2,11,2,15,78,0,78,93
11/26/2013,SSF,TX,ASW,CE,Federal Contract Tower,0,0,5,6,11,0,0,53,8,61,0,0,58,14,72,98,4,102,174
11/27/2013,SSF,TX,ASW,CE,Federal Contract Tower,0,0,10,4,14,0,0,71,0,71,0,0,81,4,85,110,4,114,199
11/28/2013,SSF,TX,ASW,CE,Federal Contract Tower,0,0,1,0,1,0,2,13,0,15,0,2,14,0,16,8,0,8,24
11/29/2013,SSF,TX,ASW,CE,Federal Contract Tower,0,0,9,0,9,0,0,87,0,87,0,0,96,0,96,164,0,164,260
11/30/2013,SSF,TX,ASW,CE,Federal Contract Tower,0,0,9,0,9,0,0,83,0,83,0,0,92,0,92,146,0,146,238
12/01/2013,SSF,TX,ASW,CE,Federal Contract Tower,0,0,8,0,8,0,2,38,0,40,0,2,46,0,48,22,0,22,70
12/02/2013,SSF,TX,ASW,CE,Federal Contract Tower,0,0,10,18,28,0,7,94,0,101,0,7,104,18,129,168,10,178,307
12/03/2013,SSF,TX,ASW,CE,Federal Contract Tower,0,0,15,22,37,0,7,127,5,139,0,7,142,27,176,176,24,200,376
12/04/2013,SSF,TX,ASW,CE,Federal Contract Tower,0,0,14,20,34,0,2,84,2,88,0,2,98,22,122,196,16,212,334
12/05/2013,SSF,TX,ASW,CE,Federal Contract Tower,0,2,8,18,28,0,0,19,0,19,0,2,27,18,47,0,16,16,63
12/06/2013,SSF,TX,ASW,CE,Federal Contract Tower,0,0,9,0,9,0,0,52,0,52,0,0,61,0,61,100,0,100,161
12/07/2013,SSF,TX,ASW,CE,Federal Contract Tower,0,0,4,0,4,0,0,38,0,38,0,0,42,0,42,58,0,58,100
12/08/2013,SSF,TX,ASW,CE,Federal Contract Tower,0,0,11,2,13,0,0,40,0,40,0,0,51,2,53,68,0,68,121
12/09/2013,SSF,TX,ASW,CE,Federal Contract Tower,0,4,3,0,7,0,10,6,0,16,0,14,9,0,23,22,0,22,45
12/10/2013,SSF,TX,ASW,CE,Federal Contract Tower,0,0,12,22,34,0,5,109,0,114,0,5,121,22,148,198,22,220,368
12/11/2013,SSF,TX,ASW,CE,Federal Contract Tower,0,0,17,20,37,0,0,117,4,121,0,0,134,24,158,272,20,292,450
12/12/2013,SSF,TX,ASW,CE,Federal Contract Tower,0,2,17,20,39,0,9,94,7,110,0,11,111,27,149,192,12,204,353
12/13/2013,SSF,TX,ASW,CE,Federal Contract Tower,0,0,22,10,32,0,0,31,0,31,0,0,53,10,63,58,10,68,131
12/14/2013,SSF,TX,ASW,CE,Federal Contract Tower,0,0,6,6,12,0,24,63,10,97,0,24,69,16,109,164,8,172,281
12/15/2013,SSF,TX,ASW,CE,Federal Contract Tower,0,0,3,2,5,0,10,58,2,70,0,10,61,4,75,84,2,86,161
12/16/2013,SSF,TX,ASW,CE,Federal Contract Tower,0,0,6,20,26,0,11,102,0,113,0,11,108,20,139,144,18,162,301
12/17/2013,SSF,TX,ASW,CE,Federal Contract Tower,0,2,5,24,31,0,10,76,6,92,0,12,81,30,123,126,22,148,271
12/18/2013,SSF,TX,ASW,CE,Federal Contract Tower,0,0,10,18,28,0,2,92,0,94,0,2,102,18,122,278,18,296,418
12/19/2013,SSF,TX,ASW,CE,Federal Contract Tower,0,0,19,38,57,0,0,54,0,54,0,0,73,38,111,116,38,154,265
12/20/2013,SSF,TX,ASW,CE,Federal Contract Tower,0,0,7,22,29,0,17,46,8,71,0,17,53,30,100,128,26,154,254
12/21/2013,SSF,TX,ASW,CE,Federal Contract Tower,0,0,2,0,2,0,9,24,0,33,0,9,26,0,35,6,0,6,41
12/22/2013,SSF,TX,ASW,CE,Federal Contract Tower,0,0,4,0,4,0,2,97,0,99,0,2,101,0,103,122,0,122,225
12/23/2013,SSF,TX,ASW,CE,Federal Contract Tower,0,0,2,2,4,0,4,59,0,63,0,4,61,2,67,70,0,70,137
12/24/2013,SSF,TX,ASW,CE,Federal Contract Tower,0,0,0,0,0,0,2,36,0,38,0,2,36,0,38,14,0,14,52
12/25/2013,SSF,TX,ASW,CE,Federal Contract Tower,0,0,3,0,3,0,5,10,0,15,0,5,13,0,18,0,0,0,18
12/26/2013,SSF,TX,ASW,CE,Federal Contract Tower,0,2,13,0,15,0,4,50,0,54,0,6,63,0,69,50,0,50,119
12/27/2013,SSF,TX,ASW,CE,Federal Contract Tower,0,0,14,0,14,0,2,26,1,29,0,2,40,1,43,56,0,56,99
12/28/2013,SSF,TX,ASW,CE,Federal Contract Tower,0,0,2,0,2,0,20,62,23,105,0,20,64,23,107,158,0,158,265
12/29/2013,SSF,TX,ASW,CE,Federal Contract Tower,0,0,12,0,12,0,2,16,9,27,0,2,28,9,39,38,0,38,77
12/30/2013,SSF,TX,ASW,CE,Federal Contract Tower,0,0,7,3,10,0,10,60,0,70,0,10,67,3,80,203,6,209,289
12/31/2013,SSF,TX,ASW,CE,Federal Contract Tower,0,0,4,0,4,0,7,70,2,79,0,7,74,2,83,110,2,112,195
01/01/2014,SSF,TX,ASW,CE,Federal Contract Tower,0,0,5,0,5,0,12,21,0,33,0,12,26,0,38,0,0,0,38
01/02/2014,SSF,TX,ASW,CE,Federal Contract Tower,0,0,16,0,16,0,27,80,5,112,0,27,96,5,128,74,0,74,202
01/03/2014,SSF,TX,ASW,CE,Federal Contract Tower,0,0,6,5,11,0,2,88,0,90,0,2,94,5,101,200,4,204,305
01/04/2014,SSF,TX,ASW,CE,Federal Contract Tower,0,0,9,0,9,0,14,53,9,76,0,14,62,9,85,128,20,148,233
01/05/2014,SSF,TX,ASW,CE,Federal Contract Tower,0,0,1,0,1,0,1,17,0,18,0,1,18,0,19,2,0,2,21
01/06/2014,SSF,TX,ASW,CE,Federal Contract Tower,0,0,2,10,12,0,6,37,5,48,0,6,39,15,60,44,12,56,116
01/07/2014,SSF,TX,ASW,CE,Federal Contract Tower,0,1,7,14,22,0,17,59,18,94,0,18,66,32,116,58,30,88,204
01/08/2014,SSF,TX,ASW,CE,Federal Contract Tower,0,0,12,0,12,0,0,0,0,0,0,0,12,0,12,0,0,0,12
01/09/2014,SSF,TX,ASW,CE,Federal Contract Tower,0,2,12,6,20,0,3,27,0,30,0,5,39,6,50,160,6,166,216
01/10/2014,SSF,TX,ASW,CE,Federal Contract Tower,0,0,12,4,16,0,6,40,0,46,0,6,52,4,62,60,2,62,124
01/11/2014,SSF,TX,ASW,CE,Federal Contract Tower,0,0,9,8,17,0,10,100,1,111,0,10,109,9,128,94,8,102,230
01/12/2014,SSF,TX,ASW,CE,Federal Contract Tower,0,0,11,0,11,0,7,34,1,42,0,7,45,1,53,116,16,132,185
01/13/2014,SSF,TX,ASW,CE,Federal Contract Tower,0,0,7,12,19,0,20,42,3,65,0,20,49,15,84,80,10,90,174
01/14/2014,SSF,TX,ASW,CE,Federal Contract Tower,0,0,7,24,31,0,25,69,0,94,0,25,76,24,125,116,24,140,265
01/15/2014,SSF,TX,ASW,CE,Federal Contract Tower,0,0,6,16,22,0,9,101,2,112,0,9,107,18,134,228,14,242,376
01/16/2014,SSF,TX,ASW,CE,Federal Contract Tower,0,0,5,26,31,0,5,105,2,112,0,5,110,28,143,170,26,196,339
01/17/2014,SSF,TX,ASW,CE,Federal Contract Tower,0,0,36,22,58,0,11,88,9,108,0,11,124,31,166,200,112,312,478
01/18/2014,SSF,TX,ASW,CE,Federal Contract Tower,0,0,4,1,5,0,5,72,14,91,0,5,76,15,96,78,0,78,174
01/19/2014,SSF,TX,ASW,CE,Federal Contract Tower,0,0,6,2,8,0,12,47,7,66,0,12,53,9,74,88,2,90,164
01/20/2014,SSF,TX,ASW,CE,Federal Contract Tower,0,0,10,0,10,0,12,78,5,95,0,12,88,5,105,388,0,388,493
01/21/2014,SSF,TX,ASW,CE,Federal Contract Tower,0,0,7,18,25,0,17,72,0,89,0,17,79,18,114,114,12,126,240
01/22/2014,SSF,TX,ASW,CE,Federal Contract Tower,0,0,5,20,25,0,12,120,6,138,0,12,125,26,163,138,16,154,317
01/23/2014,SSF,TX,ASW,CE,Federal Contract Tower,0,0,6,0,6,0,3,18,0,21,0,3,24,0,27,76,0,76,103
01/24/2014,SSF,TX,ASW,CE,Federal Contract Tower,0,0,4,0,4,0,7,22,0,29,0,7,26,0,33,68,0,68,101
01/25/2014,SSF,TX,ASW,CE,Federal Contract Tower,0,0,13,0,13,0,11,94,0,105,0,11,107,0,118,132,0,132,250
01/26/2014,SSF,TX,ASW,CE,Federal Contract Tower,0,0,5,2,7,0,21,46,10,77,0,21,51,12,84,60,30,90,174
01/27/2014,SSF,TX,ASW,CE,Federal Contract Tower,0,2,3,38,43,0,2,30,6,38,0,4,33,44,81,6,26,32,113
01/28/2014,SSF,TX,ASW,CE,Federal Contract Tower,0,0,0,4,4,0,7,10,0,17,0,7,10,4,21,4,4,8,29
01/29/2014,SSF,TX,ASW,CE,Federal Contract Tower,0,0,9,24,33,0,5,121,0,126,0,5,130,24,159,294,24,318,477
01/30/2014,SSF,TX,ASW,CE,Federal Contract Tower,0,0,35,18,53,0,4,106,1,111,0,4,141,19,164,174,30,204,368
01/31/2014,SSF,TX,ASW,CE,Federal Contract Tower,0,0,9,10,19,0,4,73,0,77,0,4,82,10,96,112,10,122,218
02/01/2014,SSF,TX,ASW,CE,Federal Contract Tower,0,0,17,0,17,0,4,50,0,54,0,4,67,0,71,128,6,134,205
02/02/2014,SSF,TX,ASW,CE,Federal Contract Tower,0,0,1,0,1,0,0,2,0,2,0,0,3,0,3,0,0,0,3
02/03/2014,SSF,TX,ASW,CE,Federal Contract Tower,0,0,22,24,46,0,0,23,0,23,0,0,45,24,69,46,22,68,137
02/04/2014,SSF,TX,ASW,CE,Federal Contract Tower,0,0,10,22,32,0,14,59,2,75,0,14,69,24,107,108,24,132,239
02/05/2014,SSF,TX,ASW,CE,Federal Contract Tower,0,0,11,12,23,0,23,81,2,106,0,23,92,14,129,120,12,132,261
02/06/2014,SSF,TX,ASW,CE,Federal Contract Tower,0,0,2,26,28,0,11,85,3,99,0,11,87,29,127,132,40,172,299
02/07/2014,SSF,TX,ASW,CE,Federal Contract Tower,0,0,3,0,3,0,0,0,0,0,0,0,3,0,3,0,0,0,3
02/08/2014,SSF,TX,ASW,CE,Federal Contract Tower,0,1,13,4,18,0,12,74,4,90,0,13,87,8,108,158,2,160,268
02/09/2014,SSF,TX,ASW,CE,Federal Contract Tower,0,0,4,4,8,0,6,52,0,58,0,6,56,4,66,120,2,122,188
02/10/2014,SSF,TX,ASW,CE,Federal Contract Tower,0,0,3,0,3,0,0,16,0,16,0,0,19,0,19,70,0,70,89
02/11/2014,SSF,TX,ASW,CE,Federal Contract Tower,0,0,5,0,5,0,0,5,0,5,0,0,10,0,10,18,0,18,28
02/12/2014,SSF,TX,ASW,CE,Federal Contract Tower,0,1,16,8,25,0,1,142,2,145,0,2,158,10,170,246,6,252,422
02/13/2014,SSF,TX,ASW,CE,Federal Contract Tower,0,0,7,28,35,0,30,166,0,196,0,30,173,28,231,280,16,296,527
02/14/2014,SSF,TX,ASW,CE,Federal Contract Tower,0,0,15,8,23,0,6,154,4,164,0,6,169,12,187,296,8,304,491
02/15/2014,SSF,TX,ASW,CE,Federal Contract Tower,0,0,8,0,8,0,67,124,7,198,0,67,132,7,206,152,2,154,360
02/16/2014,SSF,TX,ASW,CE,Federal Contract Tower,0,1,14,2,17,0,10,27,0,37,0,11,41,2,54,60,2,62,116
02/17/2014,SSF,TX,ASW,CE,Federal Contract Tower,0,0,16,0,16,0,6,45,1,52,0,6,61,1,68,110,14,124,192
02/18/2014,SSF,TX,ASW,CE,Federal Contract Tower,0,1,25,34,60,0,14,61,1,76,0,15,86,35,136,98,32,130,266
02/19/2014,SSF,TX,ASW,CE,Federal Contract Tower,0,0,15,24,39,0,14,69,6,89,0,14,84,30,128,132,24,156,284
02/20/2014,SSF,TX,ASW,CE,Federal Contract Tower,0,0,19,14,33,0,6,74,4,84,0,6,93,18,117,146,16,162,279
02/21/2014,SSF,TX,ASW,CE,Federal Contract Tower,0,0,17,0,17,0,20,118,0,138,0,20,135,0,155,134,0,134,289
02/22/2014,SSF,TX,ASW,CE,Federal Contract Tower,0,0,8,8,16,0,31,72,0,103,0,31,80,8,119,208,4,212,331
02/23/2014,SSF,TX,ASW,CE,Federal Contract Tower,0,0,8,2,10,0,2,63,4,69,0,2,71,6,79,98,18,116,195
02/24/2014,SSF,TX,ASW,CE,Federal Contract Tower,0,0,17,18,35,0,5,45,0,50,0,5,62,18,85,114,22,136,221
02/25/2014,SSF,TX,ASW,CE,Federal Contract Tower,0,0,14,38,52,0,3,34,0,37,0,3,48,38,89,36,34,70,159
02/26/2014,SSF,TX,ASW,CE,Federal Contract Tower,0,0,6,0,6,0,0,8,0,8,0,0,14,0,14,0,0,0,14
02/27/2014,SSF,TX,ASW,CE,Federal Contract Tower,0,0,14,30,44,0,13,110,7,130,0,13,124,37,174,146,50,196,370
02/28/2014,SSF,TX,ASW,CE,Federal Contract Tower,0,0,11,36,47,0,5,83,0,88,0,5,94,36,135,134,32,166,301
03/01/2014,SSF,TX,ASW,CE,Federal Contract Tower,0,0,5,0,5,0,23,34,2,59,0,23,39,2,64,102,2,104,168
03/02/2014,SSF,TX,ASW,CE,Federal Contract Tower,0,0,6,4,10,0,2,6,0,8,0,2,12,4,18,22,2,24,42
03/03/2014,SSF,TX,ASW,CE,Federal Contract Tower,0,0,10,28,38,0,1,39,0,40,0,1,49,28,78,24,26,50,128
03/04/2014,SSF,TX,ASW,CE,Federal Contract Tower,0,0,4,18,22,0,14,47,0,61,0,14,51,18,83,170,16,186,269
03/05/2014,SSF,TX,ASW,CE,Federal Contract Tower,0,0,16,34,50,0,0,51,5,56,0,0,67,39,106,116,32,148,254
03/06/2014,SSF,TX,ASW,CE,Federal Contract Tower,0,2,6,24,32,0,7,100,2,109,0,9,106,26,141,158,38,196,337
03/07/2014,SSF,TX,ASW,CE,Federal Contract Tower,0,2,2,26,30,0,8,87,4,99,0,10,89,30,129,226,26,252,381
03/08/2014,SSF,TX,ASW,CE,Federal Contract Tower,0,0,8,2,10,0,4,11,2,17,0,4,19,4,27,10,0,10,37
03/09/2014,SSF,TX,ASW,CE,Federal Contract Tower,0,2,8,10,20,0,4,2,0,6,0,6,10,10,26,0,4,4,30
03/10/2014,SSF,TX,ASW,CE,Federal Contract Tower,0,0,6,16,22,0,0,34,0,34,0,0,40,16,56,40,16,56,112
03/11/2014,SSF,TX,ASW,CE,Federal Contract Tower,0,0,10,26,36,0,24,95,0,119,0,24,105,26,155,178,18,196,351
03/12/2014,SSF,TX,ASW,CE,Federal Contract Tower,0,0,2,16,18,0,27,31,4,62,0,27,33,20,80,0,18,18,98
03/13/2014,SSF,TX,ASW,CE,Federal Contract Tower,0,0,4,16,20,0,12,143,4,159,0,12,147,20,179,266,16,282,461
03/14/2014,SSF,TX,ASW,CE,Federal Contract Tower,0,0,20,12,32,0,39,63,2,104,0,39,83,14,136,142,10,152,288
03/15/2014,SSF,TX,ASW,CE,Federal Contract Tower,0,0,6,0,6,0,24,46,3,73,0,24,52,3,79,108,2,110,189
03/16/2014,SSF,TX,ASW,CE,Federal Contract Tower,0,0,2,0,2,0,0,13,3,16,0,0,15,3,18,6,24,30,48
03/17/2014,SSF,TX,ASW,CE,Federal Contract Tower,0,0,10,14,24,0,4,98,0,102,0,4,108,14,126,156,14,170,296
03/18/2014,SSF,TX,ASW,CE,Federal Contract Tower,0,6,10,25,41,0,12,106,2,120,0,18,116,27,161,212,26,238,399
03/19/2014,SSF,TX,ASW,CE,Federal Contract Tower,0,0,7,26,33,0,16,46,4,66,0,16,53,30,99,86,18,104,203
03/20/2014,SSF,TX,ASW,CE,Federal Contract Tower,2,1,15,20,38,0,5,107,0,112,2,6,122,20,150,230,18,248,398
03/21/2014,SSF,TX,ASW,CE,Federal Contract Tower,0,1,18,32,51,0,42,47,0,89,0,43,65,32,140,38,32,70,210
03/22/2014,SSF,TX,ASW,CE,Federal Contract Tower,0,0,30,0,30,0,22,54,0,76,0,22,84,0,106,148,0,148,254
03/23/2014,SSF,TX,ASW,CE,Federal Contract Tower,0,1,7,2,10,0,10,14,0,24,0,11,21,2,34,12,0,12,46
03/24/2014,SSF,TX,ASW,CE,Federal Contract Tower,0,0,10,24,34,0,1,40,2,43,0,1,50,26,77,94,24,118,195
03/25/2014,SSF,TX,ASW,CE,Federal Contract Tower,0,0,13,28,41,0,12,95,9,116,0,12,108,37,157,166,24,190,347
03/26/2014,SSF,TX,ASW,CE,Federal Contract Tower,0,0,6,0,6,0,0,13,0,13,0,0,19,0,19,4,2,6,25
03/27/2014,SSF,TX,ASW,CE,Federal Contract Tower,0,0,10,6,16,0,2,49,0,51,0,2,59,6,67,100,4,104,171
03/28/2014,SSF,TX,ASW,CE,Federal Contract Tower,0,0,6,9,15,0,12,67,0,79,0,12,73,9,94,226,4,230,324
03/29/2014,SSF,TX,ASW,CE,Federal Contract Tower,0,0,6,3,9,0,15,87,0,102,0,15,93,3,111,290,2,292,403
03/30/2014,SSF,TX,ASW,CE,Federal Contract Tower,0,1,5,0,6,0,9,40,0,49,0,10,45,0,55,128,0,128,183
03/31/2014,SSF,TX,ASW,CE,Federal Contract Tower,0,0,5,32,37,0,10,75,0,85,0,10,80,32,122,120,22,142,264
04/01/2014,SSF,TX,ASW,CE,Federal Contract Tower,0,5,13,26,44,0,6,82,0,88,0,11,95,26,132,176,22,198,330
04/02/2014,SSF,TX,ASW,CE,Federal Contract Tower,0,2,12,16,30,0,10,52,1,63,0,12,64,17,93,170,12,182,275
04/03/2014,SSF,TX,ASW,CE,Federal Contract Tower,0,2,22,14,38,0,17,81,0,98,0,19,103,14,136,376,18,394,530
04/04/2014,SSF,TX,ASW,CE,Federal Contract Tower,0,0,6,20,26,0,16,70,2,88,0,16,76,22,114,108,20,128,242
04/05/2014,SSF,TX,ASW,CE,Federal Contract Tower,0,0,10,1,11,0,17,47,4,68,0,17,57,5,79,130,2,132,211
04/06/2014,SSF,TX,ASW,CE,Federal Contract Tower,0,0,4,0,4,0,4,8,0,12,0,4,12,0,16,20,0,20,36
04/07/2014,SSF,TX,ASW,CE,Federal Contract Tower,0,0,6,18,24,0,3,54,2,59,0,3,60,20,83,154,12,166,249
04/08/2014,SSF,TX,ASW,CE,Federal Contract Tower,0,0,10,23,33,0,17,100,2,119,0,17,110,25,152,104,22,126,278
04/09/2014,SSF,TX,ASW,CE,Federal Contract Tower,0,2,3,20,25,0,0,2,118,120,0,2,5,138,145,140,20,160,305
04/10/2014,SSF,TX,ASW,CE,Federal Contract Tower,0,1,6,20,27,0,7,90,6,103,0,8,96,26,130,182,16,198,328
04/11/2014,SSF,TX,ASW,CE,Federal Contract Tower,0,0,17,10,27,0,16,87,0,103,0,16,104,10,130,226,10,236,366
04/12/2014,SSF,TX,ASW,CE,Federal Contract Tower,0,0,8,2,10,0,40,49,1,90,0,40,57,3,100,76,0,76,176
04/13/2014,SSF,TX,ASW,CE,Federal Contract Tower,0,1,8,0,9,0,0,28,2,30,0,1,36,2,39,40,0,40,79
04/14/2014,SSF,TX,ASW,CE,Federal Contract Tower,0,2,3,6,11,0,0,9,0,9,0,2,12,6,20,0,4,4,24
04/15/2014,SSF,TX,ASW,CE,Federal Contract Tower,0,0,2,20,22,0,6,105,0,111,0,6,107,20,133,218,20,238,371
04/16/2014,SSF,TX,ASW,CE,Federal Contract Tower,0,0,5,18,23,0,4,116,0,120,0,4,121,18,143,246,16,262,405
04/17/2014,SSF,TX,ASW,CE,Federal Contract Tower,0,0,13,22,35,0,7,40,2,49,0,7,53,24,84,136,20,156,240
04/18/2014,SSF,TX,ASW,CE,Federal Contract Tower,0,0,8,14,22,0,11,100,0,111,0,11,108,14,133,324,14,338,471
04/19/2014,SSF,TX,ASW,CE,Federal Contract Tower,0,0,14,1,15,0,29,60,0,89,0,29,74,1,104,104,0,104,208
04/20/2014,SSF,TX,ASW,CE,Federal Contract Tower,0,2,8,2,12,0,8,25,0,33,0,10,33,2,45,40,0,40,85
04/21/2014,SSF,TX,ASW,CE,Federal Contract Tower,0,0,8,27,35,0,7,51,0,58,0,7,59,27,93,128,26,154,247
04/22/2014,SSF,TX,ASW,CE,Federal Contract Tower,0,2,7,22,31,0,21,116,0,137,0,23,123,22,168,152,20,172,340
04/23/2014,SSF,TX,ASW,CE,Federal Contract Tower,0,1,3,16,20,0,9,94,4,107,0,10,97,20,127,206,24,230,357
04/24/2014,SSF,TX,ASW,CE,Federal Contract Tower,0,0,14,34,48,0,3,108,2,113,0,3,122,36,161,228,32,260,421
04/25/2014,SSF,TX,ASW,CE,Federal Contract Tower,0,1,11,21,33,0,16,75,4,95,0,17,86,25,128,134,28,162,290
04/26/2014,SSF,TX,ASW,CE,Federal Contract Tower,0,0,13,2,15,0,26,35,1,62,0,26,48,3,77,66,2,68,145
04/27/2014,SSF,TX,ASW,CE,Federal Contract Tower,0,0,11,3,14,0,0,35,0,35,0,0,46,3,49,36,6,42,91
04/28/2014,SSF,TX,ASW,CE,Federal Contract Tower,0,3,3,18,24,0,3,94,0,97,0,6,97,18,121,174,18,192,313
04/29/2014,SSF,TX,ASW,CE,Federal Contract Tower,0,0,5,26,31,0,19,106,2,127,0,19,111,28,158,178,26,204,362
04/30/2014,SSF,TX,ASW,CE,Federal Contract Tower,0,0,4,22,26,0,25,112,7,144,0,25,116,29,170,292,26,318,488
05/01/2014,SSF,TX,ASW,CE,Federal Contract Tower,0,0,9,14,23,0,4,104,7,115,0,4,113,21,138,186,26,212,350
05/02/2014,SSF,TX,ASW,CE,Federal Contract Tower,0,3,7,8,18,0,25,83,3,111,0,28,90,11,129,96,12,108,237
05/03/2014,SSF,TX,ASW,CE,Federal Contract Tower,0,0,3,6,9,0,26,102,13,141,0,26,105,19,150,66,22,88,238
05/04/2014,SSF,TX,ASW,CE,Federal Contract Tower,0,10,45,4,59,0,1,65,0,66,0,11,110,4,125,24,2,26,151
05/05/2014,SSF,TX,ASW,CE,Federal Contract Tower,0,0,3,8,11,0,4,64,0,68,0,4,67,8,79,136,8,144,223
05/06/2014,SSF,TX,ASW,CE,Federal Contract Tower,0,2,14,16,32,0,8,73,4,85,0,10,87,20,117,128,24,152,269
05/07/2014,SSF,TX,ASW,CE,Federal Contract Tower,0,3,18,18,39,0,11,54,0,65,0,14,72,18,104,124,18,142,246
05/08/2014,SSF,TX,ASW,CE,Federal Contract Tower,0,4,16,0,20,0,3,16,0,19,0,7,32,0,39,22,0,22,61
05/09/2014,SSF,TX,ASW,CE,Federal Contract Tower,0,3,12,0,15,0,10,42,0,52,0,13,54,0,67,106,0,106,173
05/10/2014,SSF,TX,ASW,CE,Federal Contract Tower,0,2,7,2,11,0,19,88,3,110,0,21,95,5,121,181,2,183,304
05/11/2014,SSF,TX,ASW,CE,Federal Contract Tower,0,0,7,0,7,0,3,54,2,59,0,3,61,2,66,98,0,98,164
05/12/2014,SSF,TX,ASW,CE,Federal Contract Tower,0,0,5,16,21,0,18,29,0,47,0,18,34,16,68,12,12,24,92
05/13/2014,SSF,TX,ASW,CE,Federal Contract Tower,0,0,13,10,23,0,24,31,0,55,0,24,44,10,78,88,8,96,174
05/14/2014,SSF,TX,ASW,CE,Federal Contract Tower,0,0,3,16,19,0,34,95,0,129,0,34,98,16,148,156,16,172,320
05/15/2014,SSF,TX,ASW,CE,Federal Contract Tower,0,0,6,6,12,0,9,123,0,132,0,9,129,6,144,150,4,154,298
05/16/2014,SSF,TX,ASW,CE,Federal Contract Tower,0,0,3,0,3,0,4,87,6,97,0,4,90,6,100,198,38,236,336
05/17/2014,SSF,TX,ASW,CE,Federal Contract Tower,0,0,1,0,1,0,30,57,2,89,0,30,58,2,90,106,0,106,196
05/18/2014,SSF,TX,ASW,CE,Federal Contract Tower,0,0,6,7,13,0,12,66,0,78,0,12,72,7,91,88,6,94,185
05/19/2014,SSF,TX,ASW,CE,Federal Contract Tower,0,0,6,10,16,0,8,101,3,112,0,8,107,13,128,176,12,188,316
05/20/2014,SSF,TX,ASW,CE,Federal Contract Tower,0,0,4,23,27,0,16,110,8,134,0,16,114,31,161,86,36,122,283
05/21/2014,SSF,TX,ASW,CE,Federal Contract Tower,0,0,9,8,17,0,9,79,7,95,0,9,88,15,112,252,12,264,376
05/22/2014,SSF,TX,ASW,CE,Federal Contract Tower,0,0,24,0,24,0,2,78,9,89,0,2,102,9,113,194,24,218,331
05/23/2014,SSF,TX,ASW,CE,Federal Contract Tower,0,0,18,0,18,0,9,61,0,70,0,9,79,0,88,132,0,132,220
05/24/2014,SSF,TX,ASW,CE,Federal Contract Tower,0,0,9,0,9,0,19,41,0,60,0,19,50,0,69,156,0,156,225
05/25/2014,SSF,TX,ASW,CE,Federal Contract Tower,0,0,6,0,6,0,4,26,0,30,0,4,32,0,36,18,0,18,54
05/26/2014,SSF,TX,ASW,CE,Federal Contract Tower,0,0,5,0,5,0,1,15,0,16,0,1,20,0,21,34,0,34,55
05/27/2014,SSF,TX,ASW,CE,Federal Contract Tower,0,2,3,0,5,0,18,15,0,33,0,20,18,0,38,0,28,28,66
05/28/2014,SSF,TX,ASW,CE,Federal Contract Tower,0,0,2,36,38,0,9,103,0,112,0,9,105,36,150,286,30,316,466
05/29/2014,SSF,TX,ASW,CE,Federal Contract Tower,0,1,4,6,11,0,0,12,121,133,0,1,16,127,144,156,6,162,306
05/30/2014,SSF,TX,ASW,CE,Federal Contract Tower,0,2,4,12,18,0,22,85,2,109,0,24,89,14,127,162,14,176,303
05/31/2014,SSF,TX,ASW,CE,Federal Contract Tower,0,0,6,0,6,0,2,70,7,79,0,2,76,7,85,114,4,118,203
06/01/2014,SSF,TX,ASW,CE,Federal Contract Tower,0,1,3,2,6,0,7,24,0,31,0,8,27,2,37,62,2,64,101
06/02/2014,SSF,TX,ASW,CE,Federal Contract Tower,0,0,6,24,30,0,0,62,3,65,0,0,68,27,95,141,24,165,260
06/03/2014,SSF,TX,ASW,CE,Federal Contract Tower,0,0,8,36,44,0,4,60,2,66,0,4,68,38,110,182,42,224,334
06/04/2014,SSF,TX,ASW,CE,Federal Contract Tower,0,0,16,22,38,0,11,43,3,57,0,11,59,25,95,166,28,194,289
06/05/2014,SSF,TX,ASW,CE,Federal Contract Tower,0,0,10,36,46,0,3,73,0,76,0,3,83,36,122,180,34,214,336
06/06/2014,SSF,TX,ASW,CE,Federal Contract Tower,0,0,4,5,9,0,14,67,0,81,0,14,71,5,90,188,2,190,280
06/07/2014,SSF,TX,ASW,CE,Federal Contract Tower,0,0,10,0,10,0,6,72,4,82,0,6,82,4,92,218,0,218,310
06/08/2014,SSF,TX,ASW,CE,Federal Contract Tower,0,0,7,0,7,0,5,23,0,28,0,5,30,0,35,68,0,68,103
06/09/2014,SSF,TX,ASW,CE,Federal Contract Tower,0,0,1,12,13,0,6,25,2,33,0,6,26,14,46,28,18,46,92
06/10/2014,SSF,TX,ASW,CE,Federal Contract Tower,0,0,11,26,37,0,10,96,0,106,0,10,107,26,143,210,28,238,381
06/11/2014,SSF,TX,ASW,CE,Federal Contract Tower,0,4,3,12,19,0,12,79,12,103,0,16,82,24,122,162,32,194,316
06/12/2014,SSF,TX,ASW,CE,Federal Contract Tower,0,0,5,22,27,0,6,46,0,52,0,6,51,22,79,52,20,72,151
06/13/2014,SSF,TX,ASW,CE,Federal Contract Tower,0,0,8,10,18,0,18,69,1,88,0,18,77,11,106,174,10,184,290
06/14/2014,SSF,TX,ASW,CE,Federal Contract Tower,0,0,3,4,7,0,24,54,0,78,0,24,57,4,85,110,2,112,197
06/15/2014,SSF,TX,ASW,CE,Federal Contract Tower,0,0,10,3,13,0,0,48,0,48,0,0,58,3,61,50,2,52,113
06/16/2014,SSF,TX,ASW,CE,Federal Contract Tower,0,0,7,14,21,0,3,82,0,85,0,3,89,14,106,140,14,154,260
06/17/2014,SSF,TX,ASW,CE,Federal Contract Tower,0,3,10,33,46,0,8,62,7,77,0,11,72,40,123,162,42,204,327
06/18/2014,SSF,TX,ASW,CE,Federal Contract Tower,0,9,8,20,37,0,25,67,0,92,0,34,75,20,129,124,16,140,269
06/19/2014,SSF,TX,ASW,CE,Federal Contract Tower,0,1,13,18,32,0,27,74,0,101,0,28,87,18,133,106,16,122,255
06/20/2014,SSF,TX,ASW,CE,Federal Contract Tower,0,2,12,19,33,0,1,87,2,90,0,3,99,21,123,174,20,194,317
06/21/2014,SSF,TX,ASW,CE,Federal Contract Tower,0,0,9,0,9,0,25,46,10,81,0,25,55,10,90,40,0,40,130
06/22/2014,SSF,TX,ASW,CE,Federal Contract Tower,0,0,6,2,8,0,4,51,0,55,0,4,57,2,63,50,2,52,115
06/23/2014,SSF,TX,ASW,CE,Federal Contract Tower,0,1,5,24,30,0,4,78,10,92,0,5,83,34,122,124,48,172,294
06/24/2014,SSF,TX,ASW,CE,Federal Contract Tower,0,0,7,6,13,0,17,59,2,78,0,17,66,8,91,134,4,138,229
06/25/2014,SSF,TX,ASW,CE,Federal Contract Tower,0,2,15,16,33,0,2,51,0,53,0,4,66,16,86,174,10,184,270
06/26/2014,SSF,TX,ASW,CE,Federal Contract Tower,0,0,19,4,23,0,0,47,7,54,0,0,66,11,77,56,16,72,149
06/27/2014,SSF,TX,ASW,CE,Federal Contract Tower,0,0,14,22,36,0,17,58,0,75,0,17,72,22,111,160,22,182,293
06/28/2014,SSF,TX,ASW,CE,Federal Contract Tower,0,0,5,5,10,0,17,41,1,59,0,17,46,6,69,122,4,126,195
06/29/2014,SSF,TX,ASW,CE,Federal Contract Tower,0,0,11,1,12,0,4,29,0,33,0,4,40,1,45,59,2,61,106
06/30/2014,SSF,TX,ASW,CE,Federal Contract Tower,0,0,7,10,17,0,20,56,1,77,0,20,63,11,94,74,10,84,178
07/01/2014,SSF,TX,ASW,CE,Federal Contract Tower,0,1,4,30,35,0,11,93,2,106,0,12,97,32,141,180,24,204,345
07/02/2014,SSF,TX,ASW,CE,Federal Contract Tower,0,7,17,24,48,0,18,76,4,98,0,25,93,28,146,252,22,274,420
07/03/2014,SSF,TX,ASW,CE,Federal Contract Tower,0,4,6,14,24,0,28,92,2,122,0,32,98,16,146,160,14,174,320
07/04/2014,SSF,TX,ASW,CE,Federal Contract Tower,0,0,2,0,2,0,39,29,0,68,0,39,31,0,70,170,0,170,240
07/05/2014,SSF,TX,ASW,CE,Federal Contract Tower,0,0,4,1,5,0,27,59,2,88,0,27,63,3,93,110,4,114,207
07/06/2014,SSF,TX,ASW,CE,Federal Contract Tower,0,0,5,0,5,0,2,42,0,44,0,2,47,0,49,48,0,48,97
07/07/2014,SSF,TX,ASW,CE,Federal Contract Tower,0,1,4,2,7,0,12,90,0,102,0,13,94,2,109,200,2,202,311
07/08/2014,SSF,TX,ASW,CE,Federal Contract Tower,0,0,27,26,53,0,12,70,0,82,0,12,97,26,135,114,32,146,281
07/09/2014,SSF,TX,ASW,CE,Federal Contract Tower,0,0,15,38,53,0,16,107,3,126,0,16,122,41,179,434,68,502,681
07/10/2014,SSF,TX,ASW,CE,Federal Contract Tower,0,0,11,26,37,0,12,77,0,89,0,12,88,26,126,216,24,240,366
07/11/2014,SSF,TX,ASW,CE,Federal Contract Tower,0,0,14,24,38,0,17,47,0,64,0,17,61,24,102,112,28,140,242
07/12/2014,SSF,TX,ASW,CE,Federal Contract Tower,0,0,11,0,11,0,17,104,6,127,0,17,115,6,138,176,0,176,314
07/13/2014,SSF,TX,ASW,CE,Federal Contract Tower,0,0,2,2,4,0,4,54,2,60,0,4,56,4,64,30,2,32,96
07/14/2014,SSF,TX,ASW,CE,Federal Contract Tower,0,0,11,12,23,0,8,70,5,83,0,8,81,17,106,86,16,102,208
07/15/2014,SSF,TX,ASW,CE,Federal Contract Tower,0,2,8,22,32,0,6,45,2,53,0,8,53,24,85,94,18,112,197
07/16/2014,SSF,TX,ASW,CE,Federal Contract Tower,0,2,17,18,37,0,14,55,5,74,0,16,72,23,111,64,28,92,203
07/17/2014,SSF,TX,ASW,CE,Federal Contract Tower,0,0,16,0,16,0,2,59,2,63,0,2,75,2,79,64,0,64,143
07/18/2014,SSF,TX,ASW,CE,Federal Contract Tower,0,0,13,2,15,0,28,41,0,69,0,28,54,2,84,148,2,150,234
07/19/2014,SSF,TX,ASW,CE,Federal Contract Tower,0,0,10,12,22,0,36,59,2,97,0,36,69,14,119,176,18,194,313
07/20/2014,SSF,TX,ASW,CE,Federal Contract Tower,0,0,2,0,2,0,10,35,1,46,0,10,37,1,48,108,0,108,156
07/21/2014,SSF,TX,ASW,CE,Federal Contract Tower,0,0,4,0,4,0,4,79,2,85,0,4,83,2,89,156,0,156,245
07/22/2014,SSF,TX,ASW,CE,Federal Contract Tower,0,0,3,0,3,0,15,70,0,85,0,15,73,0,88,144,0,144,232
07/23/2014,SSF,TX,ASW,CE,Federal Contract Tower,0,0,11,4,15,0,0,79,0,79,0,0,90,4,94,132,4,136,230
07/24/2014,SSF,TX,ASW,CE,Federal Contract Tower,0,0,4,0,4,0,3,81,12,96,0,3,85,12,100,92,12,104,204
07/25/2014,SSF,TX,ASW,CE,Federal Contract Tower,0,0,11,2,13,0,16,64,0,80,0,16,75,2,93,152,2,154,247
07/26/2014,SSF,TX,ASW,CE,Federal Contract Tower,0,0,5,0,5,0,32,56,0,88,0,32,61,0,93,92,0,92,185
07/27/2014,SSF,TX,ASW,CE,Federal Contract Tower,0,0,3,0,3,0,6,32,0,38,0,6,35,0,41,23,0,23,64
07/28/2014,SSF,TX,ASW,CE,Federal Contract Tower,0,0,1,0,1,0,15,44,3,62,0,15,45,3,63,106,14,120,183
07/29/2014,SSF,TX,ASW,CE,Federal Contract Tower,0,0,6,0,6,0,15,86,0,101,0,15,92,0,107,214,0,214,321
07/30/2014,SSF,TX,ASW,CE,Federal Contract Tower,0,0,5,10,15,0,14,106,8,128,0,14,111,18,143,142,12,154,297
07/31/2014,SSF,TX,ASW,CE,Federal Contract Tower,0,2,3,0,5,0,14,99,6,119,0,16,102,6,124,232,0,232,356
08/01/2014,SSF,TX,ASW,CE,Federal Contract Tower,0,0,11,6,17,0,12,72,0,84,0,12,83,6,101,206,6,212,313
08/02/2014,SSF,TX,ASW,CE,Federal Contract Tower,0,0,1,0,1,0,18,75,5,98,0,18,76,5,99,220,4,224,323
08/03/2014,SSF,TX,ASW,CE,Federal Contract Tower,0,2,3,0,5,0,0,42,0,42,0,2,45,0,47,58,0,58,105
08/04/2014,SSF,TX,ASW,CE,Federal Contract Tower,0,1,2,10,13,0,2,74,0,76,0,3,76,10,89,146,10,156,245
08/05/2014,SSF,TX,ASW,CE,Federal Contract Tower,0,0,2,20,22,0,28,113,2,143,0,28,115,22,165,138,22,160,325
08/06/2014,SSF,TX,ASW,CE,Federal Contract Tower,0,2,7,29,38,0,0,7,88,95,0,2,14,117,133,262,28,290,423
08/07/2014,SSF,TX,ASW,CE,Federal Contract Tower,0,2,20,10,32,0,18,96,0,114,0,20,116,10,146,136,14,150,296
08/08/2014,SSF,TX,ASW,CE,Federal Contract Tower,0,0,14,15,29,0,9,76,0,85,0,9,90,15,114,182,18,200,314
08/09/2014,SSF,TX,ASW,CE,Federal Contract Tower,0,0,8,0,8,0,26,81,2,109,0,26,89,2,117,108,0,108,225
08/10/2014,SSF,TX,ASW,CE,Federal Contract Tower,0,0,4,1,5,0,4,62,1,67,0,4,66,2,72,80,2,82,154
08/11/2014,SSF,TX,ASW,CE,Federal Contract Tower,0,0,6,14,20,0,6,52,0,58,0,6,58,14,78,184,14,198,276
08/12/2014,SSF,TX,ASW,CE,Federal Contract Tower,0,0,9,24,33,0,9,76,0,85,0,9,85,24,118,226,24,250,368
08/13/2014,SSF,TX,ASW,CE,Federal Contract Tower,0,0,3,26,29,0,5,104,6,115,0,5,107,32,144,244,30,274,418
08/14/2014,SSF,TX,ASW,CE,Federal Contract Tower,0,2,5,18,25,0,6,89,0,95,0,8,94,18,120,132,20,152,272
08/15/2014,SSF,TX,ASW,CE,Federal Contract Tower,0,0,12,16,28,0,29,69,5,103,0,29,81,21,131,148,14,162,293
08/16/2014,SSF,TX,ASW,CE,Federal Contract Tower,0,0,15,1,16,0,13,70,24,107,0,13,85,25,123,76,2,78,201
08/17/2014,SSF,TX,ASW,CE,Federal Contract Tower,0,0,6,0,6,0,4,32,7,43,0,4,38,7,49,98,20,118,167
08/18/2014,SSF,TX,ASW,CE,Federal Contract Tower,0,0,5,22,27,0,12,50,0,62,0,12,55,22,89,64,22,86,175
08/19/2014,SSF,TX,ASW,CE,Federal Contract Tower,0,0,9,12,21,0,19,89,0,108,0,19,98,12,129,164,16,180,309
08/20/2014,SSF,TX,ASW,CE,Federal Contract Tower,0,2,21,16,39,0,4,69,6,79,0,6,90,22,118,174,12,186,304
08/21/2014,SSF,TX,ASW,CE,Federal Contract Tower,0,0,11,2,13,0,10,81,0,91,0,10,92,2,104,116,4,120,224
08/22/2014,SSF,TX,ASW,CE,Federal Contract Tower,0,0,8,2,10,0,12,94,2,108,0,12,102,4,118,192,2,194,312
08/23/2014,SSF,TX,ASW,CE,Federal Contract Tower,0,0,7,1,8,0,45,72,2,119,0,45,79,3,127,182,0,182,309
08/24/2014,SSF,TX,ASW,CE,Federal Contract Tower,0,0,8,2,10,0,6,51,2,59,0,6,59,4,69,36,2,38,107
08/25/2014,SSF,TX,ASW,CE,Federal Contract Tower,0,0,15,14,29,0,4,73,0,77,0,4,88,14,106,119,14,133,239
08/26/2014,SSF,TX,ASW,CE,Federal Contract Tower,0,0,7,18,25,0,4,84,3,91,0,4,91,21,116,104,48,152,268
08/27/2014,SSF,TX,ASW,CE,Federal Contract Tower,0,2,9,19,30,0,19,68,7,94,0,21,77,26,124,106,18,124,248
08/28/2014,SSF,TX,ASW,CE,Federal Contract Tower,0,0,7,20,27,0,8,74,3,85,0,8,81,23,112,152,34,186,298
08/29/2014,SSF,TX,ASW,CE,Federal Contract Tower,0,0,11,33,44,0,10,96,3,109,0,10,107,36,153,126,58,184,337
08/30/2014,SSF,TX,ASW,CE,Federal Contract Tower,0,0,6,0,6,0,14,84,0,98,0,14,90,0,104,286,0,286,390
08/31/2014,SSF,TX,ASW,CE,Federal Contract Tower,0,0,0,0,0,0,4,26,2,32,0,4,26,2,32,136,0,136,168
09/01/2014,SSF,TX,ASW,CE,Federal Contract Tower,0,0,4,0,4,0,10,27,0,37,0,10,31,0,41,84,0,84,125
09/02/2014,SSF,TX,ASW,CE,Federal Contract Tower,0,0,5,48,53,0,10,69,0,79,0,10,74,48,132,56,44,100,232
09/03/2014,SSF,TX,ASW,CE,Federal Contract Tower,0,0,9,18,27,0,8,43,0,51,0,8,52,18,78,56,14,70,148
09/04/2014,SSF,TX,ASW,CE,Federal Contract Tower,0,14,10,0,24,0,4,34,2,40,0,18,44,2,64,44,12,56,120
09/05/2014,SSF,TX,ASW,CE,Federal Contract Tower,0,0,11,8,19,0,2,45,0,47,0,2,56,8,66,44,8,52,118
09/06/2014,SSF,TX,ASW,CE,Federal Contract Tower,0,0,4,2,6,0,4,53,1,58,0,4,57,3,64,114,2,116,180
09/07/2014,SSF,TX,ASW,CE,Federal Contract Tower,0,0,15,3,18,0,6,36,0,42,0,6,51,3,60,62,2,64,124
09/08/2014,SSF,TX,ASW,CE,Federal Contract Tower,0,0,12,26,38,0,0,47,1,48,0,0,59,27,86,86,20,106,192
09/09/2014,SSF,TX,ASW,CE,Federal Contract Tower,0,0,23,18,41,0,14,68,0,82,0,14,91,18,123,100,18,118,241
09/10/2014,SSF,TX,ASW,CE,Federal Contract Tower,0,0,15,26,41,0,22,106,4,132,0,22,121,30,173,102,28,130,303
09/11/2014,SSF,TX,ASW,CE,Federal Contract Tower,0,1,12,22,35,0,13,93,3,109,0,14,105,25,144,194,30,224,368
09/12/2014,SSF,TX,ASW,CE,Federal Contract Tower,0,0,15,14,29,0,10,58,1,69,0,10,73,15,98,124,14,138,236
09/13/2014,SSF,TX,ASW,CE,Federal Contract Tower,0,0,3,0,3,0,0,24,0,24,0,0,27,0,27,80,0,80,107
09/14/2014,SSF,TX,ASW,CE,Federal Contract Tower,0,1,11,2,14,0,3,29,0,32,0,4,40,2,46,62,2,64,110
09/15/2014,SSF,TX,ASW,CE,Federal Contract Tower,0,1,8,16,25,0,14,53,0,67,0,15,61,16,92,110,14,124,216
09/16/2014,SSF,TX,ASW,CE,Federal Contract Tower,0,0,3,18,21,0,7,50,0,57,0,7,53,18,78,140,18,158,236
09/17/2014,SSF,TX,ASW,CE,Federal Contract Tower,0,0,21,15,36,0,12,40,0,52,0,12,61,15,88,162,14,176,264
09/18/2014,SSF,TX,ASW,CE,Federal Contract Tower,0,0,10,12,22,0,6,70,3,79,0,6,80,15,101,210,12,222,323
09/19/2014,SSF,TX,ASW,CE,Federal Contract Tower,0,0,6,13,19,0,7,37,1,45,0,7,43,14,64,82,10,92,156
09/20/2014,SSF,TX,ASW,CE,Federal Contract Tower,0,0,20,4,24,0,10,50,0,60,0,10,70,4,84,40,0,40,124
09/21/2014,SSF,TX,ASW,CE,Federal Contract Tower,0,0,2,0,2,0,2,70,0,72,0,2,72,0,74,36,0,36,110
09/22/2014,SSF,TX,ASW,CE,Federal Contract Tower,0,0,7,20,27,0,16,90,0,106,0,16,97,20,133,114,20,134,267
09/23/2014,SSF,TX,ASW,CE,Federal Contract Tower,0,0,4,21,25,0,8,68,2,78,0,8,72,23,103,98,30,128,231
09/24/2014,SSF,TX,ASW,CE,Federal Contract Tower,0,0,12,38,50,0,6,78,0,84,0,6,90,38,134,154,38,192,326
09/25/2014,SSF,TX,ASW,CE,Federal Contract Tower,0,0,11,20,31,0,12,99,0,111,0,12,110,20,142,134,20,154,296
09/26/2014,SSF,TX,ASW,CE,Federal Contract Tower,0,0,15,18,33,0,2,35,0,37,0,2,50,18,70,62,18,80,150
09/27/2014,SSF,TX,ASW,CE,Federal Contract Tower,0,0,4,0,4,0,13,21,0,34,0,13,25,0,38,38,0,38,76
09/28/2014,SSF,TX,ASW,CE,Federal Contract Tower,0,0,11,5,16,0,10,52,0,62,0,10,63,5,78,70,6,76,154
09/29/2014,SSF,TX,ASW,CE,Federal Contract Tower,0,0,1,18,19,0,10,88,3,101,0,10,89,21,120,114,38,152,272
09/30/2014,SSF,TX,ASW,CE,Federal Contract Tower,0,0,23,28,51,0,16,96,0,112,0,16,119,28,163,140,28,168,331
10/01/2014,SSF,TX,ASW,CE,Federal Contract Tower,0,3,14,32,49,0,14,92,2,108,0,17,106,34,157,136,32,168,325
10/02/2014,SSF,TX,ASW,CE,Federal Contract Tower,0,0,14,16,30,0,10,86,2,98,0,10,100,18,128,132,20,152,280
10/03/2014,SSF,TX,ASW,CE,Federal Contract Tower,0,0,16,14,30,0,4,127,4,135,0,4,143,18,165,226,12,238,403
10/04/2014,SSF,TX,ASW,CE,Federal Contract Tower,0,0,7,0,7,0,37,74,0,111,0,37,81,0,118,134,0,134,252
10/05/2014,SSF,TX,ASW,CE,Federal Contract Tower,0,0,21,0,21,0,4,44,0,48,0,4,65,0,69,48,0,48,117
10/06/2014,SSF,TX,ASW,CE,Federal Contract Tower,0,0,3,30,33,0,4,64,0,68,0,4,67,30,101,90,94,184,285
10/07/2014,SSF,TX,ASW,CE,Federal Contract Tower,0,0,8,18,26,0,14,68,4,86,0,14,76,22,112,168,30,198,310
10/08/2014,SSF,TX,ASW,CE,Federal Contract Tower,0,2,16,16,34,0,4,97,0,101,0,6,113,16,135,218,16,234,369
10/09/2014,SSF,TX,ASW,CE,Federal Contract Tower,0,0,21,12,33,0,18,91,5,114,0,18,112,17,147,150,24,174,321
10/10/2014,SSF,TX,ASW,CE,Federal Contract Tower,0,0,7,8,15,0,9,62,0,71,0,9,69,8,86,84,8,92,178
10/11/2014,SSF,TX,ASW,CE,Federal Contract Tower,0,0,3,0,3,0,6,22,0,28,0,6,25,0,31,46,0,46,77
10/12/2014,SSF,TX,ASW,CE,Federal Contract Tower,0,0,25,0,25,0,8,23,0,31,0,8,48,0,56,96,0,96,152
10/13/2014,SSF,TX,ASW,CE,Federal Contract Tower,0,0,6,0,6,0,5,82,0,87,0,5,88,0,93,108,0,108,201
10/14/2014,SSF,TX,ASW,CE,Federal Contract Tower,0,0,13,20,33,0,10,109,2,121,0,10,122,22,154,186,30,216,370
10/15/2014,SSF,TX,ASW,CE,Federal Contract Tower,0,0,5,18,23,0,8,119,0,127,0,8,124,18,150,236,18,254,404
10/16/2014,SSF,TX,ASW,CE,Federal Contract Tower,0,0,13,10,23,0,19,83,0,102,0,19,96,10,125,106,8,114,239
10/17/2014,SSF,TX,ASW,CE,Federal Contract Tower,0,1,6,8,15,0,18,105,0,123,0,19,111,8,138,164,4,168,306
10/18/2014,SSF,TX,ASW,CE,Federal Contract Tower,0,1,22,0,23,0,19,73,1,93,0,20,95,1,116,132,0,132,248
10/19/2014,SSF,TX,ASW,CE,Federal Contract Tower,0,0,14,4,18,0,2,52,0,54,0,2,66,4,72,154,2,156,228
10/20/2014,SSF,TX,ASW,CE,Federal Contract Tower,0,2,3,28,33,0,6,89,0,95,0,8,92,28,128,214,26,240,368
10/21/2014,SSF,TX,ASW,CE,Federal Contract Tower,0,0,11,34,45,0,11,102,2,115,0,11,113,36,160,256,62,318,478
10/22/2014,SSF,TX,ASW,CE,Federal Contract Tower,0,2,11,22,35,0,18,104,0,122,0,20,115,22,157,188,20,208,365
10/23/2014,SSF,TX,ASW,CE,Federal Contract Tower,0,0,18,34,52,0,10,107,4,121,0,10,125,38,173,132,28,160,333
10/24/2014,SSF,TX,ASW,CE,Federal Contract Tower,0,0,4,18,22,0,8,126,0,134,0,8,130,18,156,214,18,232,388
10/25/2014,SSF,TX,ASW,CE,Federal Contract Tower,0,0,7,1,8,0,15,77,3,95,0,15,84,4,103,234,0,234,337
10/26/2014,SSF,TX,ASW,CE,Federal Contract Tower,0,0,2,0,2,0,4,69,0,73,0,4,71,0,75,46,0,46,121
10/27/2014,SSF,TX,ASW,CE,Federal Contract Tower,0,0,1,32,33,0,4,54,0,58,0,4,55,32,91,58,28,86,177
10/28/2014,SSF,TX,ASW,CE,Federal Contract Tower,0,1,5,22,28,0,8,74,4,86,0,9,79,26,114,144,24,168,282
10/29/2014,SSF,TX,ASW,CE,Federal Contract Tower,0,0,10,22,32,0,23,102,0,125,0,23,112,22,157,208,22,230,387
10/30/2014,SSF,TX,ASW,CE,Federal Contract Tower,0,0,7,6,13,0,10,94,0,104,0,10,101,6,117,106,6,112,229
10/31/2014,SSF,TX,ASW,CE,Federal Contract Tower,0,0,3,1,4,0,2,82,2,86,0,2,85,3,90,108,34,142,232
11/01/2014,SSF,TX,ASW,CE,Federal Contract Tower,0,0,2,2,4,0,6,61,18,85,0,6,63,20,89,86,4,90,179
11/02/2014,SSF,TX,ASW,CE,Federal Contract Tower,0,0,4,1,5,0,11,52,1,64,0,11,56,2,69,46,2,48,117
11/03/2014,SSF,TX,ASW,CE,Federal Contract Tower,0,0,9,20,29,0,6,54,0,60,0,6,63,20,89,94,20,114,203
11/04/2014,SSF,TX,ASW,CE,Federal Contract Tower,0,0,7,24,31,0,8,42,14,64,0,8,49,38,95,82,10,92,187
11/05/2014,SSF,TX,ASW,CE,Federal Contract Tower,0,0,11,0,11,0,0,5,0,5,0,0,16,0,16,6,0,6,22
11/06/2014,SSF,TX,ASW,CE,Federal Contract Tower,0,0,7,18,25,0,0,49,0,49,0,0,56,18,74,114,10,124,198
11/07/2014,SSF,TX,ASW,CE,Federal Contract Tower,0,2,3,12,17,0,7,99,0,106,0,9,102,12,123,154,12,166,289
11/08/2014,SSF,TX,ASW,CE,Federal Contract Tower,0,0,9,0,9,0,20,80,0,100,0,20,89,0,109,146,0,146,255
11/09/2014,SSF,TX,ASW,CE,Federal Contract Tower,0,0,1,0,1,0,0,80,0,80,0,0,81,0,81,148,0,148,229
11/10/2014,SSF,TX,ASW,CE,Federal Contract Tower,0,0,2,8,10,0,0,86,0,86,0,0,88,8,96,144,10,154,250
11/11/2014,SSF,TX,ASW,CE,Federal Contract Tower,0,0,15,0,15,0,6,71,0,77,0,6,86,0,92,26,0,26,118
11/12/2014,SSF,TX,ASW,CE,Federal Contract Tower,0,0,17,12,29,0,2,89,0,91,0,2,106,12,120,156,12,168,288
11/13/2014,SSF,TX,ASW,CE,Federal Contract Tower,0,1,15,4,20,0,0,95,0,95,0,1,110,4,115,92,4,96,211
11/14/2014,SSF,TX,ASW,CE,Federal Contract Tower,0,0,11,2,13,0,4,95,0,99,0,4,106,2,112,108,2,110,222
11/15/2014,SSF,TX,ASW,CE,Federal Contract Tower,0,0,5,4,9,0,0,0,0,0,0,0,5,4,9,0,2,2,11
11/16/2014,SSF,TX,ASW,CE,Federal Contract Tower,0,0,11,6,17,0,0,3,0,3,0,0,14,6,20,4,4,8,28
11/17/2014,SSF,TX,ASW,CE,Federal Contract Tower,0,0,10,24,34,0,6,84,0,90,0,6,94,24,124,130,24,154,278
11/18/2014,SSF,TX,ASW,CE,Federal Contract Tower,0,5,6,8,19,0,19,93,0,112,0,24,99,8,131,224,8,232,363
11/19/2014,SSF,TX,ASW,CE,Federal Contract Tower,0,1,2,12,15,0,8,94,0,102,0,9,96,12,117,72,12,84,201
11/20/2014,SSF,TX,ASW,CE,Federal Contract Tower,0,0,15,12,27,0,2,28,3,33,0,2,43,15,60,86,24,110,170
11/21/2014,SSF,TX,ASW,CE,Federal Contract Tower,0,0,10,2,12,0,8,10,0,18,0,8,20,2,30,14,2,16,46
11/22/2014,SSF,TX,ASW,CE,Federal Contract Tower,0,0,2,0,2,0,0,4,0,4,0,0,6,0,6,18,0,18,24
11/23/2014,SSF,TX,ASW,CE,Federal Contract Tower,0,0,6,5,11,0,0,113,0,113,0,0,119,5,124,98,4,102,226
11/24/2014,SSF,TX,ASW,CE,Federal Contract Tower,0,0,4,8,12,0,6,76,0,82,0,6,80,8,94,186,8,194,288
11/25/2014,SSF,TX,ASW,CE,Federal Contract Tower,0,0,4,20,24,0,10,80,0,90,0,10,84,20,114,100,20,120,234
11/26/2014,SSF,TX,ASW,CE,Federal Contract Tower,0,0,10,4,14,0,14,90,2,106,0,14,100,6,120,146,4,150,270
11/27/2014,SSF,TX,ASW,CE,Federal Contract Tower,0,0,1,0,1,0,2,14,0,16,0,2,15,0,17,36,0,36,53
11/28/2014,SSF,TX,ASW,CE,Federal Contract Tower,0,0,6,0,6,0,6,64,0,70,0,6,70,0,76,146,0,146,222
11/29/2014,SSF,TX,ASW,CE,Federal Contract Tower,0,0,3,0,3,0,15,46,0,61,0,15,49,0,64,146,0,146,210
11/30/2014,SSF,TX,ASW,CE,Federal Contract Tower,0,0,13,0,13,0,4,48,0,52,0,4,61,0,65,40,0,40,105
12/01/2014,SSF,TX,ASW,CE,Federal Contract Tower,0,0,5,16,21,0,8,24,0,32,0,8,29,16,53,82,16,98,151
12/02/2014,SSF,TX,ASW,CE,Federal Contract Tower,0,0,12,36,48,0,6,32,2,40,0,6,44,38,88,136,54,190,278
12/03/2014,SSF,TX,ASW,CE,Federal Contract Tower,0,0,4,6,10,0,0,12,0,12,0,0,16,6,22,0,4,4,26
12/04/2014,SSF,TX,ASW,CE,Federal Contract Tower,0,0,11,12,23,0,0,29,0,29,0,0,40,12,52,72,12,84,136
12/05/2014,SSF,TX,ASW,CE,Federal Contract Tower,0,0,14,9,23,0,6,61,0,67,0,6,75,9,90,88,8,96,186
12/06/2014,SSF,TX,ASW,CE,Federal Contract Tower,0,0,5,0,5,0,6,93,0,99,0,6,98,0,104,174,0,174,278
12/07/2014,SSF,TX,ASW,CE,Federal Contract Tower,0,0,5,0,5,0,4,41,0,45,0,4,46,0,50,150,0,150,200
12/08/2014,SSF,TX,ASW,CE,Federal Contract Tower,0,1,8,10,19,0,2,74,4,80,0,3,82,14,99,118,12,130,229
12/09/2014,SSF,TX,ASW,CE,Federal Contract Tower,0,1,11,10,22,0,6,84,4,94,0,7,95,14,116,234,34,268,384
12/10/2014,SSF,TX,ASW,CE,Federal Contract Tower,0,0,1,10,11,0,16,70,25,111,0,16,71,35,122,134,26,160,282
12/11/2014,SSF,TX,ASW,CE,Federal Contract Tower,0,2,12,24,38,0,8,29,2,39,0,10,41,26,77,18,26,44,121
12/12/2014,SSF,TX,ASW,CE,Federal Contract Tower,0,0,7,26,33,0,6,72,0,78,0,6,79,26,111,270,26,296,407
12/13/2014,SSF,TX,ASW,CE,Federal Contract Tower,0,0,7,2,9,0,12,55,0,67,0,12,62,2,76,90,0,90,166
12/14/2014,SSF,TX,ASW,CE,Federal Contract Tower,0,0,6,5,11,0,2,27,0,29,0,2,33,5,40,52,2,54,94
12/15/2014,SSF,TX,ASW,CE,Federal Contract Tower,0,0,4,10,14,0,0,99,5,104,0,0,103,15,118,180,12,192,310
12/16/2014,SSF,TX,ASW,CE,Federal Contract Tower,0,0,3,28,31,0,12,72,7,91,0,12,75,35,122,144,24,168,290
12/17/2014,SSF,TX,ASW,CE,Federal Contract Tower,0,0,5,14,19,0,2,42,0,44,0,2,47,14,63,158,16,174,237
12/18/2014,SSF,TX,ASW,CE,Federal Contract Tower,0,0,13,20,33,0,0,39,0,39,0,0,52,20,72,92,24,116,188
12/19/2014,SSF,TX,ASW,CE,Federal Contract Tower,0,0,8,10,18,0,0,71,0,71,0,0,79,10,89,148,8,156,245
12/20/2014,SSF,TX,ASW,CE,Federal Contract Tower,0,0,16,2,18,0,0,74,0,74,0,0,90,2,92,206,2,208,300
12/21/2014,SSF,TX,ASW,CE,Federal Contract Tower,0,0,6,0,6,0,8,1,0,9,0,8,7,0,15,8,0,8,23
12/22/2014,SSF,TX,ASW,CE,Federal Contract Tower,0,0,6,12,18,0,28,79,4,111,0,28,85,16,129,138,12,150,279
12/23/2014,SSF,TX,ASW,CE,Federal Contract Tower,0,0,3,4,7,0,12,38,0,50,0,12,41,4,57,42,2,44,101
12/24/2014,SSF,TX,ASW,CE,Federal Contract Tower,0,0,7,0,7,0,0,61,0,61,0,0,68,0,68,72,0,72,140
12/25/2014,SSF,TX,ASW,CE,Federal Contract Tower,0,0,0,0,0,0,0,11,0,11,0,0,11,0,11,38,0,38,49
12/26/2014,SSF,TX,ASW,CE,Federal Contract Tower,0,4,7,0,11,0,16,73,0,89,0,20,80,0,100,172,0,172,272
12/27/2014,SSF,TX,ASW,CE,Federal Contract Tower,0,0,6,0,6,0,12,9,0,21,0,12,15,0,27,28,0,28,55
12/28/2014,SSF,TX,ASW,CE,Federal Contract Tower,0,0,12,0,12,0,0,46,0,46,0,0,58,0,58,56,0,56,114
12/29/2014,SSF,TX,ASW,CE,Federal Contract Tower,0,0,3,0,3,0,23,85,2,110,0,23,88,2,113,192,12,204,317
12/30/2014,SSF,TX,ASW,CE,Federal Contract Tower,0,0,3,0,3,0,12,3,0,15,0,12,6,0,18,0,0,0,18
12/31/2014,SSF,TX,ASW,CE,Federal Contract Tower,0,0,1,0,1,0,6,16,0,22,0,6,17,0,23,26,0,26,49
01/01/2015,SSF,TX,ASW,CE,Federal Contract Tower,0,0,0,0,0,0,0,0,0,0,0,0,0,0,0,0,0,0,0
01/02/2015,SSF,TX,ASW,CE,Federal Contract Tower,0,0,12,1,13,0,0,0,0,0,0,0,12,1,13,0,0,0,13
01/03/2015,SSF,TX,ASW,CE,Federal Contract Tower,0,0,10,0,10,0,18,61,2,81,0,18,71,2,91,104,4,108,199
01/04/2015,SSF,TX,ASW,CE,Federal Contract Tower,0,0,5,0,5,0,2,57,16,75,0,2,62,16,80,44,8,52,132
01/05/2015,SSF,TX,ASW,CE,Federal Contract Tower,0,1,8,1,10,0,6,63,2,71,0,7,71,3,81,110,0,110,191
01/06/2015,SSF,TX,ASW,CE,Federal Contract Tower,0,1,3,22,26,0,4,70,0,74,0,5,73,22,100,78,22,100,200
01/07/2015,SSF,TX,ASW,CE,Federal Contract Tower,0,0,6,16,22,0,6,44,0,50,0,6,50,16,72,72,8,80,152
01/08/2015,SSF,TX,ASW,CE,Federal Contract Tower,0,0,4,12,16,0,3,77,8,88,0,3,81,20,104,152,36,188,292
01/09/2015,SSF,TX,ASW,CE,Federal Contract Tower,0,0,11,0,11,0,0,0,0,0,0,0,11,0,11,2,0,2,13
01/10/2015,SSF,TX,ASW,CE,Federal Contract Tower,0,0,0,0,0,0,0,1,0,1,0,0,1,0,1,0,0,0,1
01/11/2015,SSF,TX,ASW,CE,Federal Contract Tower,0,0,15,2,17,0,4,20,0,24,0,4,35,2,41,36,2,38,79
01/12/2015,SSF,TX,ASW,CE,Federal Contract Tower,0,0,16,19,35,0,0,45,0,45,0,0,61,19,80,80,18,98,178
01/13/2015,SSF,TX,ASW,CE,Federal Contract Tower,0,0,15,38,53,0,12,68,0,80,0,12,83,38,133,154,34,188,321
01/14/2015,SSF,TX,ASW,CE,Federal Contract Tower,0,0,7,25,32,0,0,2,4,6,0,0,9,29,38,4,18,22,60
01/15/2015,SSF,TX,ASW,CE,Federal Contract Tower,0,4,15,41,60,0,8,83,3,94,0,12,98,44,154,84,34,118,272
01/16/2015,SSF,TX,ASW,CE,Federal Contract Tower,0,0,7,23,30,0,2,74,1,77,0,2,81,24,107,116,22,138,245
01/17/2015,SSF,TX,ASW,CE,Federal Contract Tower,0,0,4,6,10,0,21,80,8,109,0,21,84,14,119,104,12,116,235
01/18/2015,SSF,TX,ASW,CE,Federal Contract Tower,0,0,4,0,4,0,0,57,0,57,0,0,61,0,61,62,0,62,123
01/19/2015,SSF,TX,ASW,CE,Federal Contract Tower,0,0,12,0,12,0,2,72,0,74,0,2,84,0,86,244,0,244,330
01/20/2015,SSF,TX,ASW,CE,Federal Contract Tower,0,0,5,22,27,0,12,76,2,90,0,12,81,24,117,106,16,122,239
01/21/2015,SSF,TX,ASW,CE,Federal Contract Tower,0,6,1,18,25,0,3,23,0,26,0,9,24,18,51,242,18,260,311
01/22/2015,SSF,TX,ASW,CE,Federal Contract Tower,0,0,1,0,1,0,0,1,0,1,0,0,2,0,2,0,0,0,2
01/23/2015,SSF,TX,ASW,CE,Federal Contract Tower,0,0,7,14,21,0,6,42,0,48,0,6,49,14,69,76,4,80,149
01/24/2015,SSF,TX,ASW,CE,Federal Contract Tower,0,1,4,9,14,0,17,100,4,121,0,18,104,13,135,244,16,260,395
01/25/2015,SSF,TX,ASW,CE,Federal Contract Tower,0,0,4,4,8,0,4,66,0,70,0,4,70,4,78,108,3,111,189
01/26/2015,SSF,TX,ASW,CE,Federal Contract Tower,0,0,5,20,25,0,12,60,2,74,0,12,65,22,99,116,20,136,235
01/27/2015,SSF,TX,ASW,CE,Federal Contract Tower,0,0,3,20,23,0,8,97,8,113,0,8,100,28,136,222,30,252,388
01/28/2015,SSF,TX,ASW,CE,Federal Contract Tower,0,0,7,22,29,0,4,99,5,108,0,4,106,27,137,322,18,340,477
01/29/2015,SSF,TX,ASW,CE,Federal Contract Tower,0,0,14,18,32,0,8,103,2,113,0,8,117,20,145,264,30,294,439
01/30/2015,SSF,TX,ASW,CE,Federal Contract Tower,0,0,9,14,23,0,0,65,3,68,0,0,74,17,91,160,18,178,269
01/31/2015,SSF,TX,ASW,CE,Federal Contract Tower,0,0,2,0,2,0,0,1,0,1,0,0,3,0,3,20,0,20,23
02/01/2015,SSF,TX,ASW,CE,Federal Contract Tower,0,0,2,0,2,0,6,36,0,42,0,6,38,0,44,32,0,32,76
02/02/2015,SSF,TX,ASW,CE,Federal Contract Tower,0,0,8,20,28,0,8,82,2,92,0,8,90,22,120,238,20,258,378
02/03/2015,SSF,TX,ASW,CE,Federal Contract Tower,0,0,13,42,55,0,0,16,0,16,0,0,29,42,71,74,42,116,187
02/04/2015,SSF,TX,ASW,CE,Federal Contract Tower,0,0,21,20,41,0,4,21,0,25,0,4,42,20,66,108,24,132,198
02/05/2015,SSF,TX,ASW,CE,Federal Contract Tower,0,0,16,14,30,0,6,90,2,98,0,6,106,16,128,232,10,242,370
02/06/2015,SSF,TX,ASW,CE,Federal Contract Tower,0,0,12,16,28,0,21,89,5,115,0,21,101,21,143,316,16,332,475
02/07/2015,SSF,TX,ASW,CE,Federal Contract Tower,0,0,18,7,25,0,15,80,18,113,0,15,98,25,138,192,10,202,340
02/08/2015,SSF,TX,ASW,CE,Federal Contract Tower,0,0,6,6,12,0,2,51,8,61,0,2,57,14,73,146,4,150,223
02/09/2015,SSF,TX,ASW,CE,Federal Contract Tower,0,0,1,30,31,0,10,90,0,100,0,10,91,30,131,330,26,356,487
02/10/2015,SSF,TX,ASW,CE,Federal Contract Tower,0,0,11,18,29,0,20,123,4,147,0,20,134,22,176,308,16,324,500
02/11/2015,SSF,TX,ASW,CE,Federal Contract Tower,0,0,6,26,32,0,17,97,0,114,0,17,103,26,146,250,22,272,418
02/12/2015,SSF,TX,ASW,CE,Federal Contract Tower,0,0,7,6,13,0,16,86,0,102,0,16,93,6,115,254,4,258,373
02/13/2015,SSF,TX,ASW,CE,Federal Contract Tower,0,0,7,6,13,0,26,95,6,127,0,26,102,12,140,266,6,272,412
02/14/2015,SSF,TX,ASW,CE,Federal Contract Tower,0,0,9,0,9,0,100,89,2,191,0,100,98,2,200,268,0,268,468
02/15/2015,SSF,TX,ASW,CE,Federal Contract Tower,0,0,13,0,13,0,32,18,0,50,0,32,31,0,63,62,0,62,125
02/16/2015,SSF,TX,ASW,CE,Federal Contract Tower,0,0,5,0,5,0,2,29,0,31,0,2,34,0,36,46,0,46,82
02/17/2015,SSF,TX,ASW,CE,Federal Contract Tower,0,0,7,0,7,0,31,79,0,110,0,31,86,0,117,242,0,242,359
02/18/2015,SSF,TX,ASW,CE,Federal Contract Tower,0,2,15,4,21,0,6,90,12,108,0,8,105,16,129,158,14,172,301
02/19/2015,SSF,TX,ASW,CE,Federal Contract Tower,0,0,6,4,10,0,2,111,4,117,0,2,117,8,127,208,0,208,335
02/20/2015,SSF,TX,ASW,CE,Federal Contract Tower,0,0,20,7,27,0,14,58,0,72,0,14,78,7,99,220,4,224,323
02/21/2015,SSF,TX,ASW,CE,Federal Contract Tower,0,1,8,3,12,0,42,73,1,116,0,43,81,4,128,242,4,246,374
02/22/2015,SSF,TX,ASW,CE,Federal Contract Tower,0,0,6,7,13,0,0,12,0,12,0,0,18,7,25,32,6,38,63
02/23/2015,SSF,TX,ASW,CE,Federal Contract Tower,0,0,0,0,0,0,2,11,0,13,0,2,11,0,13,24,0,24,37
02/24/2015,SSF,TX,ASW,CE,Federal Contract Tower,0,0,7,2,9,0,6,27,0,33,0,6,34,2,42,138,2,140,182
02/25/2015,SSF,TX,ASW,CE,Federal Contract Tower,0,0,3,22,25,0,16,77,5,98,0,16,80,27,123,404,30,434,557
02/26/2015,SSF,TX,ASW,CE,Federal Contract Tower,0,0,11,28,39,0,2,73,1,76,0,2,84,29,115,168,22,190,305
02/27/2015,SSF,TX,ASW,CE,Federal Contract Tower,0,0,1,2,3,0,2,30,0,32,0,2,31,2,35,78,2,80,115
02/28/2015,SSF,TX,ASW,CE,Federal Contract Tower,0,0,2,0,2,0,0,0,0,0,0,0,2,0,2,0,0,0,2
03/01/2015,SSF,TX,ASW,CE,Federal Contract Tower,0,0,3,0,3,0,0,0,0,0,0,0,3,0,3,1,0,1,4
03/02/2015,SSF,TX,ASW,CE,Federal Contract Tower,0,0,1,12,13,0,0,0,0,0,0,0,1,12,13,0,12,12,25
03/03/2015,SSF,TX,ASW,CE,Federal Contract Tower,0,0,3,14,17,0,0,0,0,0,0,0,3,14,17,0,4,4,21
03/04/2015,SSF,TX,ASW,CE,Federal Contract Tower,0,0,9,2,11,0,1,10,0,11,0,1,19,2,22,68,0,68,90
03/05/2015,SSF,TX,ASW,CE,Federal Contract Tower,0,2,10,38,50,0,0,86,4,90,0,2,96,42,140,186,26,212,352
03/06/2015,SSF,TX,ASW,CE,Federal Contract Tower,0,0,8,14,22,0,7,114,10,131,0,7,122,24,153,290,56,346,499
03/07/2015,SSF,TX,ASW,CE,Federal Contract Tower,0,1,7,1,9,0,18,104,3,125,0,19,111,4,134,340,0,340,474
03/08/2015,SSF,TX,ASW,CE,Federal Contract Tower,0,0,3,1,4,0,0,3,0,3,0,0,6,1,7,2,0,2,9
03/09/2015,SSF,TX,ASW,CE,Federal Contract Tower,0,0,2,4,6,0,0,6,0,6,0,0,8,4,12,40,2,42,54
03/10/2015,SSF,TX,ASW,CE,Federal Contract Tower,0,0,17,18,35,0,13,85,2,100,0,13,102,20,135,270,14,284,419
03/11/2015,SSF,TX,ASW,CE,Federal Contract Tower,0,0,38,27,65,0,10,77,4,91,0,10,115,31,156,196,52,248,404
03/12/2015,SSF,TX,ASW,CE,Federal Contract Tower,0,0,4,20,24,0,11,112,4,127,0,11,116,24,151,342,16,358,509
03/13/2015,SSF,TX,ASW,CE,Federal Contract Tower,0,1,14,14,29,0,21,110,0,131,0,22,124,14,160,318,16,334,494
03/14/2015,SSF,TX,ASW,CE,Federal Contract Tower,0,0,8,0,8,0,37,116,7,160,0,37,124,7,168,174,0,174,342
03/15/2015,SSF,TX,ASW,CE,Federal Contract Tower,0,0,4,2,6,0,4,67,0,71,0,4,71,2,77,180,2,182,259
03/16/2015,SSF,TX,ASW,CE,Federal Contract Tower,0,1,7,20,28,0,3,73,0,76,0,4,80,20,104,208,16,224,328
03/17/2015,SSF,TX,ASW,CE,Federal Contract Tower,0,0,9,14,23,0,13,43,0,56,0,13,52,14,79,140,12,152,231
03/18/2015,SSF,TX,ASW,CE,Federal Contract Tower,0,0,5,26,31,0,19,67,0,86,0,19,72,26,117,360,24,384,501
03/19/2015,SSF,TX,ASW,CE,Federal Contract Tower,0,0,19,2,21,0,10,44,0,54,0,10,63,2,75,308,2,310,385
03/20/2015,SSF,TX,ASW,CE,Federal Contract Tower,0,0,4,0,4,0,0,90,0,90,0,0,94,0,94,202,0,202,296
03/21/2015,SSF,TX,ASW,CE,Federal Contract Tower,0,0,8,0,8,0,12,8,0,20,0,12,16,0,28,112,0,112,140
03/22/2015,SSF,TX,ASW,CE,Federal Contract Tower,0,0,9,4,13,0,4,97,0,101,0,4,106,4,114,252,2,254,368
03/23/2015,SSF,TX,ASW,CE,Federal Contract Tower,0,0,3,6,9,0,9,128,2,139,0,9,131,8,148,532,6,538,686
03/24/2015,SSF,TX,ASW,CE,Federal Contract Tower,0,0,20,18,38,0,9,115,0,124,0,9,135,18,162,400,20,420,582
03/25/2015,SSF,TX,ASW,CE,Federal Contract Tower,0,0,13,22,35,0,0,99,12,111,0,0,112,34,146,374,24,398,544
03/26/2015,SSF,TX,ASW,CE,Federal Contract Tower,0,2,5,24,31,0,6,66,5,77,0,8,71,29,108,160,38,198,306
03/27/2015,SSF,TX,ASW,CE,Federal Contract Tower,0,0,6,16,22,0,6,132,6,144,0,6,138,22,166,326,16,342,508
03/28/2015,SSF,TX,ASW,CE,Federal Contract Tower,0,0,7,2,9,0,33,115,9,157,0,33,122,11,166,424,2,426,592
03/29/2015,SSF,TX,ASW,CE,Federal Contract Tower,0,0,9,1,10,0,2,56,1,59,0,2,65,2,69,114,0,114,183
03/30/2015,SSF,TX,ASW,CE,Federal Contract Tower,0,0,16,33,49,0,12,71,0,83,0,12,87,33,132,102,30,132,264
03/31/2015,SSF,TX,ASW,CE,Federal Contract Tower,0,0,16,32,48,0,0,76,0,76,0,0,92,32,124,388,28,416,540
04/01/2015,SSF,TX,ASW,CE,Federal Contract Tower,0,0,10,22,32,0,12,69,0,81,0,12,79,22,113,434,20,454,567
04/02/2015,SSF,TX,ASW,CE,Federal Contract Tower,0,0,18,28,46,0,0,95,0,95,0,0,113,28,141,430,28,458,599
04/03/2015,SSF,TX,ASW,CE,Federal Contract Tower,0,0,15,21,36,0,4,29,0,33,0,4,44,21,69,242,14,256,325
04/04/2015,SSF,TX,ASW,CE,Federal Contract Tower,0,0,16,0,16,0,23,68,0,91,0,23,84,0,107,294,0,294,401
04/05/2015,SSF,TX,ASW,CE,Federal Contract Tower,0,0,11,0,11,0,8,14,0,22,0,8,25,0,33,30,0,30,63
04/06/2015,SSF,TX,ASW,CE,Federal Contract Tower,0,0,9,18,27,0,8,89,0,97,0,8,98,18,124,294,16,310,434
04/07/2015,SSF,TX,ASW,CE,Federal Contract Tower,0,0,12,16,28,0,0,11,108,119,0,0,23,124,147,330,16,346,493
04/08/2015,SSF,TX,ASW,CE,Federal Contract Tower,0,0,25,24,49,0,12,89,0,101,0,12,114,24,150,282,24,306,456
04/09/2015,SSF,TX,ASW,CE,Federal Contract Tower,0,0,18,12,30,0,15,77,0,92,0,15,95,12,122,212,12,224,346
04/10/2015,SSF,TX,ASW,CE,Federal Contract Tower,0,2,8,2,12,0,6,65,0,71,0,8,73,2,83,224,0,224,307
04/11/2015,SSF,TX,ASW,CE,Federal Contract Tower,0,0,4,0,4,0,0,6,0,6,0,0,10,0,10,38,0,38,48
04/12/2015,SSF,TX,ASW,CE,Federal Contract Tower,0,0,0,0,0,0,4,18,0,22,0,4,18,0,22,12,0,12,34
04/13/2015,SSF,TX,ASW,CE,Federal Contract Tower,0,0,2,2,4,0,0,81,0,81,0,0,83,2,85,312,2,314,399
04/14/2015,SSF,TX,ASW,CE,Federal Contract Tower,0,0,7,8,15,0,13,93,4,110,0,13,100,12,125,170,0,170,295
04/15/2015,SSF,TX,ASW,CE,Federal Contract Tower,0,0,12,20,32,0,6,105,4,115,0,6,117,24,147,352,20,372,519
04/16/2015,SSF,TX,ASW,CE,Federal Contract Tower,0,4,21,2,27,0,6,29,0,35,0,10,50,2,62,214,2,216,278
04/17/2015,SSF,TX,ASW,CE,Federal Contract Tower,0,0,6,10,16,0,0,3,0,3,0,0,9,10,19,24,10,34,53
04/18/2015,SSF,TX,ASW,CE,Federal Contract Tower,0,0,11,0,11,0,6,52,0,58,0,6,63,0,69,178,0,178,247
04/19/2015,SSF,TX,ASW,CE,Federal Contract Tower,0,0,8,2,10,0,0,222,2,224,0,0,230,4,234,176,0,176,410
04/20/2015,SSF,TX,ASW,CE,Federal Contract Tower,0,0,6,10,16,0,2,96,0,98,0,2,102,10,114,216,8,224,338
04/21/2015,SSF,TX,ASW,CE,Federal Contract Tower,0,0,7,8,15,0,11,112,2,125,0,11,119,10,140,420,8,428,568
04/22/2015,SSF,TX,ASW,CE,Federal Contract Tower,0,2,18,24,44,0,2,87,0,89,0,4,105,24,133,316,24,340,473
04/23/2015,SSF,TX,ASW,CE,Federal Contract Tower,0,1,10,8,19,0,7,70,0,77,0,8,80,8,96,262,8,270,366
04/24/2015,SSF,TX,ASW,CE,Federal Contract Tower,0,0,18,10,28,0,14,71,2,87,0,14,89,12,115,284,12,296,411
04/25/2015,SSF,TX,ASW,CE,Federal Contract Tower,0,0,6,2,8,0,19,123,4,146,0,19,129,6,154,254,0,254,408
04/26/2015,SSF,TX,ASW,CE,Federal Contract Tower,0,0,10,4,14,0,2,34,0,36,0,2,44,4,50,36,0,36,86
04/27/2015,SSF,TX,ASW,CE,Federal Contract Tower,0,0,0,30,30,0,6,110,4,120,0,6,110,34,150,282,44,326,476
04/28/2015,SSF,TX,ASW,CE,Federal Contract Tower,0,0,10,24,34,0,20,116,14,150,0,20,126,38,184,168,18,186,370
04/29/2015,SSF,TX,ASW,CE,Federal Contract Tower,0,0,10,14,24,0,11,123,17,151,0,11,133,31,175,446,24,470,645
04/30/2015,SSF,TX,ASW,CE,Federal Contract Tower,0,2,1,18,21,0,13,107,3,123,0,15,108,21,144,262,18,280,424
05/01/2015,SSF,TX,ASW,CE,Federal Contract Tower,0,0,10,10,20,0,16,138,7,161,0,16,148,17,181,272,8,280,461
05/02/2015,SSF,TX,ASW,CE,Federal Contract Tower,0,0,11,0,11,0,24,142,0,166,0,24,153,0,177,268,0,268,445
05/03/2015,SSF,TX,ASW,CE,Federal Contract Tower,0,0,4,0,4,0,10,60,0,70,0,10,64,0,74,132,0,132,206
05/04/2015,SSF,TX,ASW,CE,Federal Contract Tower,0,0,9,18,27,0,4,70,0,74,0,4,79,18,101,136,18,154,255
05/05/2015,SSF,TX,ASW,CE,Federal Contract Tower,0,0,11,17,28,0,6,67,11,84,0,6,78,28,112,216,20,236,348
05/06/2015,SSF,TX,ASW,CE,Federal Contract Tower,0,0,15,30,45,0,0,85,2,87,0,0,100,32,132,276,28,304,436
05/07/2015,SSF,TX,ASW,CE,Federal Contract Tower,0,0,16,26,42,0,8,45,10,63,0,8,61,36,105,76,32,108,213
05/08/2015,SSF,TX,ASW,CE,Federal Contract Tower,0,0,6,16,22,0,17,17,0,34,0,17,23,16,56,82,18,100,156
05/09/2015,SSF,TX,ASW,CE,Federal Contract Tower,0,0,7,2,9,0,21,55,1,77,0,21,62,3,86,114,10,124,210
05/10/2015,SSF,TX,ASW,CE,Federal Contract Tower,0,0,5,12,17,0,2,27,0,29,0,2,32,12,46,80,10,90,136
05/11/2015,SSF,TX,ASW,CE,Federal Contract Tower,0,0,6,4,10,0,4,16,0,20,0,4,22,4,30,62,2,64,94
05/12/2015,SSF,TX,ASW,CE,Federal Contract Tower,0,0,12,8,20,0,11,52,0,63,0,11,64,8,83,138,6,144,227
05/13/2015,SSF,TX,ASW,CE,Federal Contract Tower,0,0,3,0,3,0,0,12,0,12,0,0,15,0,15,0,0,0,15
05/14/2015,SSF,TX,ASW,CE,Federal Contract Tower,0,0,13,8,21,0,0,39,0,39,0,0,52,8,60,162,8,170,230
05/15/2015,SSF,TX,ASW,CE,Federal Contract Tower,0,0,4,0,4,0,2,40,0,42,0,2,44,0,46,98,0,98,144
05/16/2015,SSF,TX,ASW,CE,Federal Contract Tower,0,0,14,0,14,0,8,28,0,36,0,8,42,0,50,92,0,92,142
05/17/2015,SSF,TX,ASW,CE,Federal Contract Tower,0,0,12,0,12,0,0,19,0,19,0,0,31,0,31,16,0,16,47
05/18/2015,SSF,TX,ASW,CE,Federal Contract Tower,0,0,17,28,45,0,11,50,0,61,0,11,67,28,106,128,26,154,260
05/19/2015,SSF,TX,ASW,CE,Federal Contract Tower,0,0,16,29,45,0,13,72,1,86,0,13,88,30,131,180,28,208,339
05/20/2015,SSF,TX,ASW,CE,Federal Contract Tower,0,0,14,34,48,0,8,86,0,94,0,8,100,34,142,312,36,348,490
05/21/2015,SSF,TX,ASW,CE,Federal Contract Tower,0,0,17,28,45,0,10,56,0,66,0,10,73,28,111,146,28,174,285
05/22/2015,SSF,TX,ASW,CE,Federal Contract Tower,0,0,14,2,16,0,7,37,0,44,0,7,51,2,60,92,2,94,154
05/23/2015,SSF,TX,ASW,CE,Federal Contract Tower,0,0,9,0,9,0,16,14,0,30,0,16,23,0,39,14,0,14,53
05/24/2015,SSF,TX,ASW,CE,Federal Contract Tower,0,0,6,1,7,0,0,25,0,25,0,0,31,1,32,92,0,92,124
05/25/2015,SSF,TX,ASW,CE,Federal Contract Tower,0,0,3,0,3,0,10,12,1,23,0,10,15,1,26,140,0,140,166
05/26/2015,SSF,TX,ASW,CE,Federal Contract Tower,0,0,20,22,42,0,12,74,2,88,0,12,94,24,130,246,22,268,398
05/27/2015,SSF,TX,ASW,CE,Federal Contract Tower,0,0,55,26,81,0,14,90,0,104,0,14,145,26,185,202,26,228,413
05/28/2015,SSF,TX,ASW,CE,Federal Contract Tower,0,0,14,20,34,0,7,47,0,54,0,7,61,20,88,122,10,132,220
05/29/2015,SSF,TX,ASW,CE,Federal Contract Tower,0,0,2,10,12,0,3,81,0,84,0,3,83,10,96,128,8,136,232
05/30/2015,SSF,TX,ASW,CE,Federal Contract Tower,0,0,1,0,1,0,17,65,0,82,0,17,66,0,83,106,0,106,189
05/31/2015,SSF,TX,ASW,CE,Federal Contract Tower,0,0,12,0,12,0,12,78,1,91,0,12,90,1,103,158,0,158,261
06/01/2015,SSF,TX,ASW,CE,Federal Contract Tower,0,0,2,10,12,0,2,95,0,97,0,2,97,10,109,114,8,122,231
06/02/2015,SSF,TX,ASW,CE,Federal Contract Tower,0,0,13,8,21,0,7,129,2,138,0,7,142,10,159,240,8,248,407
06/03/2015,SSF,TX,ASW,CE,Federal Contract Tower,0,0,22,16,38,0,8,101,14,123,0,8,123,30,161,266,26,292,453
06/04/2015,SSF,TX,ASW,CE,Federal Contract Tower,0,3,15,24,42,0,14,115,0,129,0,17,130,24,171,278,24,302,473
06/05/2015,SSF,TX,ASW,CE,Federal Contract Tower,0,0,15,28,43,0,6,116,2,124,0,6,131,30,167,462,30,492,659
06/06/2015,SSF,TX,ASW,CE,Federal Contract Tower,0,0,9,0,9,0,33,94,0,127,0,33,103,0,136,158,0,158,294
06/07/2015,SSF,TX,ASW,CE,Federal Contract Tower,0,0,9,4,13,0,0,72,6,78,0,0,81,10,91,86,20,106,197
06/08/2015,SSF,TX,ASW,CE,Federal Contract Tower,0,0,7,4,11,0,6,91,0,97,0,6,98,4,108,194,4,198,306
06/09/2015,SSF,TX,ASW,CE,Federal Contract Tower,0,0,5,8,13,0,2,89,0,91,0,2,94,8,104,94,8,102,206
06/10/2015,SSF,TX,ASW,CE,Federal Contract Tower,0,0,7,26,33,0,10,99,2,111,0,10,106,28,144,152,36,188,332
06/11/2015,SSF,TX,ASW,CE,Federal Contract Tower,0,15,12,0,27,0,7,92,0,99,0,22,104,0,126,118,16,134,260
06/12/2015,SSF,TX,ASW,CE,Federal Contract Tower,0,0,16,26,42,0,11,56,0,67,0,11,72,26,109,114,28,142,251
06/13/2015,SSF,TX,ASW,CE,Federal Contract Tower,0,0,12,3,15,0,24,43,2,69,0,24,55,5,84,80,2,82,166
06/14/2015,SSF,TX,ASW,CE,Federal Contract Tower,0,0,3,0,3,0,0,9,0,9,0,0,12,0,12,44,0,44,56
06/15/2015,SSF,TX,ASW,CE,Federal Contract Tower,0,0,9,30,39,0,3,44,0,47,0,3,53,30,86,230,28,258,344
06/16/2015,SSF,TX,ASW,CE,Federal Contract Tower,0,0,0,8,8,0,0,38,2,40,0,0,38,10,48,108,8,116,164
06/17/2015,SSF,TX,ASW,CE,Federal Contract Tower,0,0,7,20,27,0,14,51,0,65,0,14,58,20,92,282,28,310,402
06/18/2015,SSF,TX,ASW,CE,Federal Contract Tower,0,0,10,18,28,0,5,38,0,43,0,5,48,18,71,94,18,112,183
06/19/2015,SSF,TX,ASW,CE,Federal Contract Tower,0,1,6,17,24,0,2,45,0,47,0,3,51,17,71,116,18,134,205
06/20/2015,SSF,TX,ASW,CE,Federal Contract Tower,0,0,9,0,9,0,17,39,0,56,0,17,48,0,65,78,0,78,143
06/21/2015,SSF,TX,ASW,CE,Federal Contract Tower,0,1,6,0,7,0,2,10,0,12,0,3,16,0,19,6,0,6,25
06/22/2015,SSF,TX,ASW,CE,Federal Contract Tower,0,0,19,30,49,0,8,54,0,62,0,8,73,30,111,106,24,130,241
06/23/2015,SSF,TX,ASW,CE,Federal Contract Tower,0,0,12,24,36,0,12,79,4,95,0,12,91,28,131,162,66,228,359
06/24/2015,SSF,TX,ASW,CE,Federal Contract Tower,0,0,22,16,38,0,7,129,2,138,0,7,151,18,176,302,16,318,494
06/25/2015,SSF,TX,ASW,CE,Federal Contract Tower,0,0,12,8,20,0,19,79,0,98,0,19,91,8,118,244,6,250,368
06/26/2015,SSF,TX,ASW,CE,Federal Contract Tower,0,0,19,20,39,0,9,76,0,85,0,9,95,20,124,162,16,178,302
06/27/2015,SSF,TX,ASW,CE,Federal Contract Tower,0,0,17,0,17,0,21,44,2,67,0,21,61,2,84,124,4,128,212
06/28/2015,SSF,TX,ASW,CE,Federal Contract Tower,0,0,4,2,6,0,4,51,0,55,0,4,55,2,61,104,2,106,167
06/29/2015,SSF,TX,ASW,CE,Federal Contract Tower,0,2,6,16,24,0,0,73,0,73,0,2,79,16,97,56,16,72,169
06/30/2015,SSF,TX,ASW,CE,Federal Contract Tower,0,2,11,6,19,0,11,55,2,68,0,13,66,8,87,156,16,172,259
07/01/2015,SSF,TX,ASW,CE,Federal Contract Tower,0,0,13,12,25,0,0,72,2,74,0,0,85,14,99,134,24,158,257
07/02/2015,SSF,TX,ASW,CE,Federal Contract Tower,0,0,3,0,3,0,10,106,2,118,0,10,109,2,121,96,20,116,237
07/03/2015,SSF,TX,ASW,CE,Federal Contract Tower,0,0,9,0,9,0,20,113,0,133,0,20,122,0,142,172,0,172,314
07/04/2015,SSF,TX,ASW,CE,Federal Contract Tower,0,0,8,1,9,0,53,75,0,128,0,53,83,1,137,86,0,86,223
07/05/2015,SSF,TX,ASW,CE,Federal Contract Tower,0,0,8,1,9,0,8,91,0,99,0,8,99,1,108,48,0,48,156
07/06/2015,SSF,TX,ASW,CE,Federal Contract Tower,0,0,3,36,39,0,14,73,0,87,0,14,76,36,126,76,38,114,240
07/07/2015,SSF,TX,ASW,CE,Federal Contract Tower,0,2,7,26,35,0,0,90,0,90,0,2,97,26,125,76,26,102,227
07/08/2015,SSF,TX,ASW,CE,Federal Contract Tower,0,0,11,20,31,0,15,83,0,98,0,15,94,20,129,111,18,129,258
07/09/2015,SSF,TX,ASW,CE,Federal Contract Tower,0,0,11,20,31,0,6,89,0,95,0,6,100,20,126,210,26,236,362
07/10/2015,SSF,TX,ASW,CE,Federal Contract Tower,0,0,8,12,20,0,10,88,0,98,0,10,96,12,118,188,12,200,318
07/11/2015,SSF,TX,ASW,CE,Federal Contract Tower,0,0,8,2,10,0,11,95,14,120,0,11,103,16,130,102,2,104,234
07/12/2015,SSF,TX,ASW,CE,Federal Contract Tower,0,0,2,4,6,0,6,53,0,59,0,6,55,4,65,80,4,84,149
07/13/2015,SSF,TX,ASW,CE,Federal Contract Tower,0,0,9,12,21,0,12,72,0,84,0,12,81,12,105,72,12,84,189
07/14/2015,SSF,TX,ASW,CE,Federal Contract Tower,0,1,11,8,20,0,34,98,0,132,0,35,109,8,152,112,8,120,272
07/15/2015,SSF,TX,ASW,CE,Federal Contract Tower,0,0,3,12,15,0,12,75,0,87,0,12,78,12,102,58,12,70,172
07/16/2015,SSF,TX,ASW,CE,Federal Contract Tower,0,0,1,6,7,0,21,99,0,120,0,21,100,6,127,138,4,142,269
07/17/2015,SSF,TX,ASW,CE,Federal Contract Tower,0,0,10,8,18,0,8,82,0,90,0,8,92,8,108,140,12,152,260
07/18/2015,SSF,TX,ASW,CE,Federal Contract Tower,0,0,5,0,5,0,18,76,0,94,0,18,81,0,99,222,0,222,321
07/19/2015,SSF,TX,ASW,CE,Federal Contract Tower,0,0,6,0,6,0,6,46,0,52,0,6,52,0,58,44,0,44,102
07/20/2015,SSF,TX,ASW,CE,Federal Contract Tower,0,0,6,26,32,0,4,67,0,71,0,4,73,26,103,150,24,174,277
07/21/2015,SSF,TX,ASW,CE,Federal Contract Tower,0,2,10,14,26,0,2,76,4,82,0,4,86,18,108,120,14,134,242
07/22/2015,SSF,TX,ASW,CE,Federal Contract Tower,0,0,15,16,31,0,15,86,0,101,0,15,101,16,132,298,16,314,446
07/23/2015,SSF,TX,ASW,CE,Federal Contract Tower,0,0,7,12,19,0,14,91,4,109,0,14,98,16,128,206,24,230,358
07/24/2015,SSF,TX,ASW,CE,Federal Contract Tower,0,0,11,20,31,0,23,86,3,112,0,23,97,23,143,192,24,216,359
07/25/2015,SSF,TX,ASW,CE,Federal Contract Tower,0,0,4,2,6,0,14,62,2,78,0,14,66,4,84,102,0,102,186
07/26/2015,SSF,TX,ASW,CE,Federal Contract Tower,0,0,8,4,12,0,0,50,0,50,0,0,58,4,62,50,4,54,116
07/27/2015,SSF,TX,ASW,CE,Federal Contract Tower,0,0,4,14,18,0,4,93,0,97,0,4,97,14,115,176,14,190,305
07/28/2015,SSF,TX,ASW,CE,Federal Contract Tower,0,1,13,22,36,0,4,72,1,77,0,5,85,23,113,116,20,136,249
07/29/2015,SSF,TX,ASW,CE,Federal Contract Tower,0,1,2,12,15,0,19,95,0,114,0,20,97,12,129,160,12,172,301
07/30/2015,SSF,TX,ASW,CE,Federal Contract Tower,0,2,5,2,9,0,2,94,0,96,0,4,99,2,105,176,2,178,283
07/31/2015,SSF,TX,ASW,CE,Federal Contract Tower,0,0,6,12,18,0,8,54,0,62,0,8,60,12,80,124,10,134,214
08/01/2015,SSF,TX,ASW,CE,Federal Contract Tower,0,0,5,0,5,0,12,78,0,90,0,12,83,0,95,254,0,254,349
08/02/2015,SSF,TX,ASW,CE,Federal Contract Tower,0,0,6,0,6,0,6,46,0,52,0,6,52,0,58,36,0,36,94
08/03/2015,SSF,TX,ASW,CE,Federal Contract Tower,0,0,5,28,33,0,8,83,0,91,0,8,88,28,124,128,26,154,278
08/04/2015,SSF,TX,ASW,CE,Federal Contract Tower,0,0,8,30,38,0,4,99,0,103,0,4,107,30,141,260,32,292,433
08/05/2015,SSF,TX,ASW,CE,Federal Contract Tower,0,0,10,28,38,0,18,89,9,116,0,18,99,37,154,210,26,236,390
08/06/2015,SSF,TX,ASW,CE,Federal Contract Tower,0,4,14,10,28,0,6,81,0,87,0,10,95,10,115,134,10,144,259
08/07/2015,SSF,TX,ASW,CE,Federal Contract Tower,0,0,18,28,46,0,27,71,0,98,0,27,89,28,144,150,28,178,322
08/08/2015,SSF,TX,ASW,CE,Federal Contract Tower,0,0,2,0,2,0,17,80,11,108,0,17,82,11,110,246,0,246,356
08/09/2015,SSF,TX,ASW,CE,Federal Contract Tower,0,0,11,2,13,0,0,40,0,40,0,0,51,2,53,62,2,64,117
08/10/2015,SSF,TX,ASW,CE,Federal Contract Tower,0,0,6,22,28,0,8,81,0,89,0,8,87,22,117,70,20,90,207
08/11/2015,SSF,TX,ASW,CE,Federal Contract Tower,0,0,5,24,29,0,11,87,6,104,0,11,92,30,133,224,22,246,379
08/12/2015,SSF,TX,ASW,CE,Federal Contract Tower,0,0,6,12,18,0,4,81,2,87,0,4,87,14,105,86,14,100,205
08/13/2015,SSF,TX,ASW,CE,Federal Contract Tower,0,0,5,28,33,0,4,74,0,78,0,4,79,28,111,140,28,168,279
08/14/2015,SSF,TX,ASW,CE,Federal Contract Tower,0,0,5,16,21,0,31,104,0,135,0,31,109,16,156,258,16,274,430
08/15/2015,SSF,TX,ASW,CE,Federal Contract Tower,0,0,3,2,5,0,30,66,2,98,0,30,69,4,103,214,4,218,321
08/16/2015,SSF,TX,ASW,CE,Federal Contract Tower,0,0,4,0,4,0,11,32,0,43,0,11,36,0,47,48,0,48,95
08/17/2015,SSF,TX,ASW,CE,Federal Contract Tower,0,0,4,30,34,0,15,93,0,108,0,15,97,30,142,136,30,166,308
08/18/2015,SSF,TX,ASW,CE,Federal Contract Tower,0,3,7,36,46,0,4,53,0,57,0,7,60,36,103,166,36,202,305
08/19/2015,SSF,TX,ASW,CE,Federal Contract Tower,0,0,10,20,30,0,16,68,2,86,0,16,78,22,116,266,20,286,402
08/20/2015,SSF,TX,ASW,CE,Federal Contract Tower,0,2,4,10,16,0,4,42,0,46,0,6,46,10,62,116,10,126,188
08/21/2015,SSF,TX,ASW,CE,Federal Contract Tower,0,0,4,14,18,0,4,36,2,42,0,4,40,16,60,84,16,100,160
08/22/2015,SSF,TX,ASW,CE,Federal Contract Tower,0,0,15,2,17,0,32,68,0,100,0,32,83,2,117,142,0,142,259
08/23/2015,SSF,TX,ASW,CE,Federal Contract Tower,0,0,5,0,5,0,4,48,0,52,0,4,53,0,57,78,0,78,135
08/24/2015,SSF,TX,ASW,CE,Federal Contract Tower,0,0,12,22,34,0,4,78,0,82,0,4,90,22,116,162,22,184,300
08/25/2015,SSF,TX,ASW,CE,Federal Contract Tower,0,0,8,8,16,0,7,69,0,76,0,7,77,8,92,148,12,160,252
08/26/2015,SSF,TX,ASW,CE,Federal Contract Tower,0,2,8,18,28,0,12,81,2,95,0,14,89,20,123,198,32,230,353
08/27/2015,SSF,TX,ASW,CE,Federal Contract Tower,0,2,13,4,19,0,14,52,3,69,0,16,65,7,88,116,16,132,220
08/28/2015,SSF,TX,ASW,CE,Federal Contract Tower,0,0,8,2,10,0,21,70,0,91,0,21,78,2,101,134,2,136,237
08/29/2015,SSF,TX,ASW,CE,Federal Contract Tower,0,0,10,0,10,0,38,67,0,105,0,38,77,0,115,140,0,140,255
08/30/2015,SSF,TX,ASW,CE,Federal Contract Tower,0,0,6,12,18,0,4,36,0,40,0,4,42,12,58,132,12,144,202
08/31/2015,SSF,TX,ASW,CE,Federal Contract Tower,0,0,7,16,23,0,11,75,0,86,0,11,82,16,109,92,12,104,213
09/01/2015,SSF,TX,ASW,CE,Federal Contract Tower,0,0,5,34,39,0,8,63,0,71,0,8,68,34,110,124,8,132,242
09/02/2015,SSF,TX,ASW,CE,Federal Contract Tower,0,1,9,16,26,0,8,95,2,105,0,9,104,18,131,258,34,292,423
09/03/2015,SSF,TX,ASW,CE,Federal Contract Tower,0,0,14,26,40,0,12,74,0,86,0,12,88,26,126,98,26,124,250
09/04/2015,SSF,TX,ASW,CE,Federal Contract Tower,0,0,14,0,14,0,24,83,0,107,0,24,97,0,121,196,0,196,317
09/05/2015,SSF,TX,ASW,CE,Federal Contract Tower,0,0,5,0,5,0,42,45,0,87,0,42,50,0,92,82,0,82,174
09/06/2015,SSF,TX,ASW,CE,Federal Contract Tower,0,0,1,0,1,0,2,37,0,39,0,2,38,0,40,108,0,108,148
09/07/2015,SSF,TX,ASW,CE,Federal Contract Tower,0,0,4,0,4,0,4,39,0,43,0,4,43,0,47,50,0,50,97
09/08/2015,SSF,TX,ASW,CE,Federal Contract Tower,0,2,9,36,47,0,16,76,0,92,0,18,85,36,139,214,28,242,381
09/09/2015,SSF,TX,ASW,CE,Federal Contract Tower,0,0,14,14,28,0,22,102,5,129,0,22,116,19,157,322,46,368,525
09/10/2015,SSF,TX,ASW,CE,Federal Contract Tower,0,0,3,26,29,0,2,78,0,80,0,2,81,26,109,250,26,276,385
09/11/2015,SSF,TX,ASW,CE,Federal Contract Tower,0,2,10,26,38,0,5,43,7,55,0,7,53,33,93,180,30,210,303
09/12/2015,SSF,TX,ASW,CE,Federal Contract Tower,0,0,1,2,3,0,5,82,6,93,0,5,83,8,96,220,2,222,318
09/13/2015,SSF,TX,ASW,CE,Federal Contract Tower,0,0,4,3,7,0,6,57,5,68,0,6,61,8,75,86,16,102,177
09/14/2015,SSF,TX,ASW,CE,Federal Contract Tower,0,0,0,20,20,0,2,78,0,80,0,2,78,20,100,194,20,214,314
09/15/2015,SSF,TX,ASW,CE,Federal Contract Tower,0,2,14,28,44,0,0,77,1,78,0,2,91,29,122,140,28,168,290
09/16/2015,SSF,TX,ASW,CE,Federal Contract Tower,0,0,14,16,30,0,4,48,4,56,0,4,62,20,86,144,16,160,246
09/17/2015,SSF,TX,ASW,CE,Federal Contract Tower,0,1,12,22,35,0,0,76,1,77,0,1,88,23,112,172,22,194,306
09/18/2015,SSF,TX,ASW,CE,Federal Contract Tower,0,1,15,8,24,0,5,87,5,97,0,6,102,13,121,216,8,224,345
09/19/2015,SSF,TX,ASW,CE,Federal Contract Tower,0,0,13,5,18,0,20,40,12,72,0,20,53,17,90,10,2,12,102
09/20/2015,SSF,TX,ASW,CE,Federal Contract Tower,0,0,12,9,21,0,11,27,4,42,0,11,39,13,63,72,8,80,143
09/21/2015,SSF,TX,ASW,CE,Federal Contract Tower,0,0,3,16,19,0,6,90,0,96,0,6,93,16,115,172,14,186,301
09/22/2015,SSF,TX,ASW,CE,Federal Contract Tower,0,5,10,7,22,0,6,86,2,94,0,11,96,9,116,68,6,74,190
09/23/2015,SSF,TX,ASW,CE,Federal Contract Tower,0,1,12,8,21,0,0,90,3,93,0,1,102,11,114,248,38,286,400
09/24/2015,SSF,TX,ASW,CE,Federal Contract Tower,0,1,10,18,29,0,3,90,0,93,0,4,100,18,122,176,16,192,314
09/25/2015,SSF,TX,ASW,CE,Federal Contract Tower,0,0,7,26,33,0,22,54,0,76,0,22,61,26,109,70,20,90,199
09/26/2015,SSF,TX,ASW,CE,Federal Contract Tower,0,0,2,0,2,0,20,53,2,75,0,20,55,2,77,186,0,186,263
09/27/2015,SSF,TX,ASW,CE,Federal Contract Tower,0,1,4,0,5,0,2,34,4,40,0,3,38,4,45,8,6,14,59
09/28/2015,SSF,TX,ASW,CE,Federal Contract Tower,0,2,7,26,35,0,4,61,0,65,0,6,68,26,100,118,20,138,238
09/29/2015,SSF,TX,ASW,CE,Federal Contract Tower,0,2,4,19,25,0,17,95,0,112,0,19,99,19,137,308,16,324,461
09/30/2015,SSF,TX,ASW,CE,Federal Contract Tower,0,0,8,12,20,0,6,103,0,109,0,6,111,12,129,236,12,248,377
10/01/2015,SSF,TX,ASW,CE,Federal Contract Tower,0,0,1,26,27,0,4,89,0,93,0,4,90,26,120,284,26,310,430
10/02/2015,SSF,TX,ASW,CE,Federal Contract Tower,0,0,1,4,5,0,2,100,0,102,0,2,101,4,107,292,2,294,401
10/03/2015,SSF,TX,ASW,CE,Federal Contract Tower,0,0,4,2,6,0,20,43,0,63,0,20,47,2,69,164,2,166,235
10/04/2015,SSF,TX,ASW,CE,Federal Contract Tower,0,0,4,6,10,0,2,30,0,32,0,2,34,6,42,98,4,102,144
10/05/2015,SSF,TX,ASW,CE,Federal Contract Tower,0,0,2,22,24,0,11,92,0,103,0,11,94,22,127,240,16,256,383
10/06/2015,SSF,TX,ASW,CE,Federal Contract Tower,0,2,3,26,31,0,4,117,0,121,0,6,120,26,152,282,26,308,460
10/07/2015,SSF,TX,ASW,CE,Federal Contract Tower,0,0,1,18,19,0,27,90,4,121,0,27,91,22,140,180,16,196,336
10/08/2015,SSF,TX,ASW,CE,Federal Contract Tower,0,0,8,22,30,0,2,77,0,79,0,2,85,22,109,224,20,244,353
10/09/2015,SSF,TX,ASW,CE,Federal Contract Tower,0,0,11,12,23,0,0,39,0,39,0,0,50,12,62,178,12,190,252
10/10/2015,SSF,TX,ASW,CE,Federal Contract Tower,0,0,1,0,1,0,0,41,14,55,0,0,42,14,56,118,0,118,174
10/11/2015,SSF,TX,ASW,CE,Federal Contract Tower,0,0,4,0,4,0,1,45,0,46,0,1,49,0,50,60,0,60,110
10/12/2015,SSF,TX,ASW,CE,Federal Contract Tower,0,0,10,0,10,0,10,67,1,78,0,10,77,1,88,228,0,228,316
10/13/2015,SSF,TX,ASW,CE,Federal Contract Tower,0,2,11,22,35,0,14,74,0,88,0,16,85,22,123,318,26,344,467
10/14/2015,SSF,TX,ASW,CE,Federal Contract Tower,0,0,8,32,40,0,20,84,1,105,0,20,92,33,145,284,26,310,455
10/15/2015,SSF,TX,ASW,CE,Federal Contract Tower,0,0,7,16,23,0,8,98,3,109,0,8,105,19,132,304,14,318,450
10/16/2015,SSF,TX,ASW,CE,Federal Contract Tower,0,0,8,17,25,0,8,101,15,124,0,8,109,32,149,304,6,310,459
10/17/2015,SSF,TX,ASW,CE,Federal Contract Tower,0,0,9,1,10,0,21,68,0,89,0,21,77,1,99,294,2,296,395
10/18/2015,SSF,TX,ASW,CE,Federal Contract Tower,0,0,8,2,10,0,4,49,2,55,0,4,57,4,65,58,22,80,145
10/19/2015,SSF,TX,ASW,CE,Federal Contract Tower,0,0,4,26,30,0,3,60,0,63,0,3,64,26,93,180,26,206,299
10/20/2015,SSF,TX,ASW,CE,Federal Contract Tower,0,0,4,38,42,0,24,119,0,143,0,24,123,38,185,422,26,448,633
10/21/2015,SSF,TX,ASW,CE,Federal Contract Tower,0,0,9,29,38,0,14,73,1,88,0,14,82,30,126,126,22,148,274
10/22/2015,SSF,TX,ASW,CE,Federal Contract Tower,0,0,2,10,12,0,0,7,0,7,0,0,9,10,19,22,8,30,49
10/23/2015,SSF,TX,ASW,CE,Federal Contract Tower,0,0,2,0,2,0,2,54,0,56,0,2,56,0,58,94,0,94,152
10/24/2015,SSF,TX,ASW,CE,Federal Contract Tower,0,0,0,0,0,0,0,4,0,4,0,0,4,0,4,10,0,10,14
10/25/2015,SSF,TX,ASW,CE,Federal Contract Tower,0,0,12,0,12,0,6,19,9,34,0,6,31,9,46,66,0,66,112
10/26/2015,SSF,TX,ASW,CE,Federal Contract Tower,0,2,10,8,20,0,15,97,0,112,0,17,107,8,132,196,8,204,336
10/27/2015,SSF,TX,ASW,CE,Federal Contract Tower,0,0,7,16,23,0,21,129,11,161,0,21,136,27,184,390,26,416,600
10/28/2015,SSF,TX,ASW,CE,Federal Contract Tower,0,3,6,8,17,0,18,82,2,102,0,21,88,10,119,292,8,300,419
10/29/2015,SSF,TX,ASW,CE,Federal Contract Tower,0,0,7,6,13,0,5,101,13,119,0,5,108,19,132,392,6,398,530
10/30/2015,SSF,TX,ASW,CE,Federal Contract Tower,0,0,7,0,7,0,3,17,2,22,0,3,24,2,29,36,2,38,67
10/31/2015,SSF,TX,ASW,CE,Federal Contract Tower,0,0,12,2,14,0,10,55,4,69,0,10,67,6,83,74,0,74,157
11/01/2015,SSF,TX,ASW,CE,Federal Contract Tower,0,0,9,4,13,0,6,50,1,57,0,6,59,5,70,174,4,178,248
11/02/2015,SSF,TX,ASW,CE,Federal Contract Tower,0,0,12,3,15,0,2,113,1,116,0,2,125,4,131,130,12,142,273
11/03/2015,SSF,TX,ASW,CE,Federal Contract Tower,0,0,8,18,26,0,10,97,0,107,0,10,105,18,133,350,18,368,501
11/04/2015,SSF,TX,ASW,CE,Federal Contract Tower,0,0,16,40,56,0,6,62,3,71,0,6,78,43,127,326,46,372,499
11/05/2015,SSF,TX,ASW,CE,Federal Contract Tower,0,0,0,22,22,0,8,59,2,69,0,8,59,24,91,240,18,258,349
11/06/2015,SSF,TX,ASW,CE,Federal Contract Tower,0,0,8,30,38,0,2,60,10,72,0,2,68,40,110,166,56,222,332
11/07/2015,SSF,TX,ASW,CE,Federal Contract Tower,0,0,0,6,6,0,19,20,0,39,0,19,20,6,45,142,6,148,193
11/08/2015,SSF,TX,ASW,CE,Federal Contract Tower,0,0,8,4,12,0,10,74,0,84,0,10,82,4,96,166,4,170,266
11/09/2015,SSF,TX,ASW,CE,Federal Contract Tower,0,0,1,14,15,0,4,97,0,101,0,4,98,14,116,148,14,162,278
11/10/2015,SSF,TX,ASW,CE,Federal Contract Tower,0,0,12,31,43,0,15,84,0,99,0,15,96,31,142,188,28,216,358
11/11/2015,SSF,TX,ASW,CE,Federal Contract Tower,0,0,8,0,8,0,12,122,0,134,0,12,130,0,142,440,0,440,582
11/12/2015,SSF,TX,ASW,CE,Federal Contract Tower,0,3,8,10,21,0,7,117,0,124,0,10,125,10,145,366,10,376,521
11/13/2015,SSF,TX,ASW,CE,Federal Contract Tower,0,0,5,9,14,0,10,95,0,105,0,10,100,9,119,236,4,240,359
11/14/2015,SSF,TX,ASW,CE,Federal Contract Tower,0,0,11,1,12,0,18,40,2,60,0,18,51,3,72,38,6,44,116
11/15/2015,SSF,TX,ASW,CE,Federal Contract Tower,0,0,11,6,17,0,8,31,0,39,0,8,42,6,56,122,6,128,184
11/16/2015,SSF,TX,ASW,CE,Federal Contract Tower,0,0,16,16,32,0,4,6,0,10,0,4,22,16,42,48,16,64,106
11/17/2015,SSF,TX,ASW,CE,Federal Contract Tower,0,0,5,29,34,0,6,68,0,74,0,6,73,29,108,150,20,170,278
11/18/2015,SSF,TX,ASW,CE,Federal Contract Tower,0,0,3,14,17,0,11,89,2,102,0,11,92,16,119,244,14,258,377
11/19/2015,SSF,TX,ASW,CE,Federal Contract Tower,0,4,20,0,24,0,12,110,4,126,0,16,130,4,150,414,20,434,584
11/20/2015,SSF,TX,ASW,CE,Federal Contract Tower,0,0,10,16,26,0,4,116,3,123,0,4,126,19,149,432,16,448,597
11/21/2015,SSF,TX,ASW,CE,Federal Contract Tower,0,0,0,0,0,0,0,18,0,18,0,0,18,0,18,48,0,48,66
11/22/2015,SSF,TX,ASW,CE,Federal Contract Tower,0,0,4,0,4,0,3,72,0,75,0,3,76,0,79,116,0,116,195
11/23/2015,SSF,TX,ASW,CE,Federal Contract Tower,0,0,5,20,25,0,5,74,4,83,0,5,79,24,108,142,44,186,294
11/24/2015,SSF,TX,ASW,CE,Federal Contract Tower,0,0,12,22,34,0,18,73,2,93,0,18,85,24,127,314,22,336,463
11/25/2015,SSF,TX,ASW,CE,Federal Contract Tower,0,0,10,6,16,0,12,14,2,28,0,12,24,8,44,22,4,26,70
11/26/2015,SSF,TX,ASW,CE,Federal Contract Tower,0,0,8,0,8,0,6,6,0,12,0,6,14,0,20,30,0,30,50
11/27/2015,SSF,TX,ASW,CE,Federal Contract Tower,0,0,1,0,1,0,10,15,0,25,0,10,16,0,26,24,0,24,50
11/28/2015,SSF,TX,ASW,CE,Federal Contract Tower,0,0,6,0,6,0,0,2,0,2,0,0,8,0,8,0,0,0,8
11/29/2015,SSF,TX,ASW,CE,Federal Contract Tower,0,0,6,0,6,0,4,12,0,16,0,4,18,0,22,44,0,44,66
11/30/2015,SSF,TX,ASW,CE,Federal Contract Tower,0,0,1,32,33,0,0,38,0,38,0,0,39,32,71,12,30,42,113
12/01/2015,SSF,TX,ASW,CE,Federal Contract Tower,0,2,20,39,61,0,16,82,6,104,0,18,102,45,165,310,50,360,525
12/02/2015,SSF,TX,ASW,CE,Federal Contract Tower,0,0,8,25,33,0,8,97,0,105,0,8,105,25,138,312,14,326,464
12/03/2015,SSF,TX,ASW,CE,Federal Contract Tower,0,1,5,30,36,0,4,93,0,97,0,5,98,30,133,332,30,362,495
12/04/2015,SSF,TX,ASW,CE,Federal Contract Tower,0,0,4,24,28,0,9,92,8,109,0,9,96,32,137,208,22,230,367
12/05/2015,SSF,TX,ASW,CE,Federal Contract Tower,0,0,7,0,7,0,33,106,4,143,0,33,113,4,150,250,0,250,400
12/06/2015,SSF,TX,ASW,CE,Federal Contract Tower,0,2,6,2,10,0,12,53,0,65,0,14,59,2,75,226,2,228,303
12/07/2015,SSF,TX,ASW,CE,Federal Contract Tower,0,0,2,22,24,0,6,66,15,87,0,6,68,37,111,70,34,104,215
12/08/2015,SSF,TX,ASW,CE,Federal Contract Tower,0,4,7,28,39,0,28,112,0,140,0,32,119,28,179,346,26,372,551
12/09/2015,SSF,TX,ASW,CE,Federal Contract Tower,0,0,3,11,14,0,4,114,0,118,0,4,117,11,132,420,12,432,564
12/10/2015,SSF,TX,ASW,CE,Federal Contract Tower,0,0,7,12,19,0,2,66,10,78,0,2,73,22,97,66,70,136,233
12/11/2015,SSF,TX,ASW,CE,Federal Contract Tower,0,0,9,16,25,0,15,56,3,74,0,15,65,19,99,252,26,278,377
12/12/2015,SSF,TX,ASW,CE,Federal Contract Tower,0,0,11,0,11,0,10,9,0,19,0,10,20,0,30,22,0,22,52
12/13/2015,SSF,TX,ASW,CE,Federal Contract Tower,0,0,7,10,17,0,10,30,0,40,0,10,37,10,57,68,8,76,133
12/14/2015,SSF,TX,ASW,CE,Federal Contract Tower,0,0,8,10,18,0,4,129,7,140,0,4,137,17,158,322,8,330,488
12/15/2015,SSF,TX,ASW,CE,Federal Contract Tower,0,0,18,21,39,0,16,62,0,78,0,16,80,21,117,0,0,0,117
12/16/2015,SSF,TX,ASW,CE,Federal Contract Tower,0,0,24,4,28,0,15,96,2,113,0,15,120,6,141,168,6,174,315
12/17/2015,SSF,TX,ASW,CE,Federal Contract Tower,0,0,4,10,14,0,6,115,0,121,0,6,119,10,135,265,6,271,406
12/18/2015,SSF,TX,ASW,CE,Federal Contract Tower,0,0,6,6,12,0,8,85,0,93,0,8,91,6,105,234,6,240,345
12/19/2015,SSF,TX,ASW,CE,Federal Contract Tower,0,0,5,0,5,0,26,95,3,124,0,26,100,3,129,164,4,168,297
12/20/2015,SSF,TX,ASW,CE,Federal Contract Tower,0,0,14,0,14,0,2,33,0,35,0,2,47,0,49,46,0,46,95
12/21/2015,SSF,TX,ASW,CE,Federal Contract Tower,0,0,6,22,28,0,18,73,0,91,0,18,79,22,119,224,22,246,365
12/22/2015,SSF,TX,ASW,CE,Federal Contract Tower,0,0,12,4,16,0,27,132,11,170,0,27,144,15,186,318,4,322,508
12/23/2015,SSF,TX,ASW,CE,Federal Contract Tower,0,0,5,0,5,0,18,107,0,125,0,18,112,0,130,202,0,202,332
12/24/2015,SSF,TX,ASW,CE,Federal Contract Tower,0,0,2,0,2,0,0,24,0,24,0,0,26,0,26,56,0,56,82
12/25/2015,SSF,TX,ASW,CE,Federal Contract Tower,0,0,0,0,0,0,0,8,0,8,0,0,8,0,8,40,0,40,48
12/26/2015,SSF,TX,ASW,CE,Federal Contract Tower,0,0,1,0,1,0,26,10,0,36,0,26,11,0,37,32,0,32,69
12/27/2015,SSF,TX,ASW,CE,Federal Contract Tower,0,0,1,0,1,0,0,6,0,6,0,0,7,0,7,10,0,10,17
12/28/2015,SSF,TX,ASW,CE,Federal Contract Tower,0,0,5,0,5,0,14,54,0,68,0,14,59,0,73,92,0,92,165
12/29/2015,SSF,TX,ASW,CE,Federal Contract Tower,0,0,10,3,13,0,33,76,8,117,0,33,86,11,130,150,14,164,294
12/30/2015,SSF,TX,ASW,CE,Federal Contract Tower,0,0,2,4,6,0,20,53,2,75,0,20,55,6,81,114,2,116,197
12/31/2015,SSF,TX,ASW,CE,Federal Contract Tower,0,0,10,0,10,0,10,48,0,58,0,10,58,0,68,120,0,120,188
01/01/2016,SSF,TX,ASW,CE,Federal Contract Tower,0,0,5,0,5,0,2,7,0,9,0,2,12,0,14,6,0,6,20
01/02/2016,SSF,TX,ASW,CE,Federal Contract Tower,0,0,7,0,7,0,12,2,0,14,0,12,9,0,21,30,0,30,51
01/03/2016,SSF,TX,ASW,CE,Federal Contract Tower,0,0,9,0,9,0,0,62,0,62,0,0,71,0,71,60,0,60,131
01/04/2016,SSF,TX,ASW,CE,Federal Contract Tower,0,0,2,24,26,0,8,96,0,104,0,8,98,24,130,160,24,184,314
01/05/2016,SSF,TX,ASW,CE,Federal Contract Tower,0,0,1,22,23,0,10,71,2,83,0,10,72,24,106,286,18,304,410
01/06/2016,SSF,TX,ASW,CE,Federal Contract Tower,0,0,11,21,32,0,2,5,0,7,0,2,16,21,39,6,16,22,61
01/07/2016,SSF,TX,ASW,CE,Federal Contract Tower,0,2,7,12,21,0,0,81,2,83,0,2,88,14,104,222,8,230,334
01/08/2016,SSF,TX,ASW,CE,Federal Contract Tower,0,1,6,4,11,0,0,35,9,44,0,1,41,13,55,40,2,42,97
01/09/2016,SSF,TX,ASW,CE,Federal Contract Tower,0,0,5,0,5,0,15,57,8,80,0,15,62,8,85,94,6,100,185
01/10/2016,SSF,TX,ASW,CE,Federal Contract Tower,0,0,6,4,10,0,0,47,13,60,0,0,53,17,70,94,18,112,182
01/11/2016,SSF,TX,ASW,CE,Federal Contract Tower,0,0,0,34,34,0,0,62,0,62,0,0,62,34,96,68,32,100,196
01/13/2016,SSF,TX,ASW,CE,Federal Contract Tower,0,0,6,32,38,0,5,91,4,100,0,5,97,36,138,298,68,366,504
01/14/2016,SSF,TX,ASW,CE,Federal Contract Tower,0,0,6,32,38,0,7,81,0,88,0,7,87,32,126,174,30,204,330
01/15/2016,SSF,TX,ASW,CE,Federal Contract Tower,0,4,4,20,28,0,11,95,0,106,0,15,99,20,134,112,22,134,268
01/16/2016,SSF,TX,ASW,CE,Federal Contract Tower,0,0,14,0,14,0,17,53,0,70,0,17,67,0,84,186,0,186,270
01/17/2016,SSF,TX,ASW,CE,Federal Contract Tower,0,0,9,0,9,0,12,73,0,85,0,12,82,0,94,210,0,210,304
01/18/2016,SSF,TX,ASW,CE,Federal Contract Tower,0,2,4,0,6,0,4,90,0,94,0,6,94,0,100,420,0,420,520
01/19/2016,SSF,TX,ASW,CE,Federal Contract Tower,0,1,6,12,19,0,14,64,2,80,0,15,70,14,99,88,12,100,199
01/20/2016,SSF,TX,ASW,CE,Federal Contract Tower,0,0,21,26,47,0,6,39,0,45,0,6,60,26,92,96,26,122,214
01/21/2016,SSF,TX,ASW,CE,Federal Contract Tower,0,0,11,32,43,0,6,51,3,60,0,6,62,35,103,60,36,96,199
01/22/2016,SSF,TX,ASW,CE,Federal Contract Tower,0,0,7,20,27,0,0,100,0,100,0,0,107,20,127,228,16,244,371
01/23/2016,SSF,TX,ASW,CE,Federal Contract Tower,0,0,9,0,9,0,28,82,0,110,0,28,91,0,119,142,0,142,261
01/24/2016,SSF,TX,ASW,CE,Federal Contract Tower,0,0,1,4,5,0,4,35,0,39,0,4,36,4,44,60,4,64,108
01/25/2016,SSF,TX,ASW,CE,Federal Contract Tower,0,1,6,16,23,0,15,64,0,79,0,16,70,16,102,148,16,164,266
01/26/2016,SSF,TX,ASW,CE,Federal Contract Tower,0,0,1,2,3,0,4,44,0,48,0,4,45,2,51,124,2,126,177
01/27/2016,SSF,TX,ASW,CE,Federal Contract Tower,0,0,9,18,27,0,6,95,10,111,0,6,104,28,138,228,28,256,394
01/28/2016,SSF,TX,ASW,CE,Federal Contract Tower,0,0,9,20,29,0,4,101,0,105,0,4,110,20,134,234,14,248,382
01/29/2016,SSF,TX,ASW,CE,Federal Contract Tower,0,0,9,16,25,0,4,75,2,81,0,4,84,18,106,120,14,134,240
01/30/2016,SSF,TX,ASW,CE,Federal Contract Tower,0,0,10,0,10,0,27,61,3,91,0,27,71,3,101,104,0,104,205
01/31/2016,SSF,TX,ASW,CE,Federal Contract Tower,0,0,7,0,7,0,11,32,0,43,0,11,39,0,50,68,0,68,118
02/01/2016,SSF,TX,ASW,CE,Federal Contract Tower,0,0,8,22,30,0,2,50,0,52,0,2,58,22,82,162,22,184,266
02/02/2016,SSF,TX,ASW,CE,Federal Contract Tower,0,0,1,24,25,0,10,105,2,117,0,10,106,26,142,208,22,230,372
02/03/2016,SSF,TX,ASW,CE,Federal Contract Tower,0,0,5,20,25,0,6,145,0,151,0,6,150,20,176,406,20,426,602
02/04/2016,SSF,TX,ASW,CE,Federal Contract Tower,0,2,7,28,37,0,2,70,0,72,0,4,77,28,109,362,26,388,497
02/05/2016,SSF,TX,ASW,CE,Federal Contract Tower,0,0,6,23,29,0,6,98,0,104,0,6,104,23,133,182,18,200,333
02/06/2016,SSF,TX,ASW,CE,Federal Contract Tower,0,0,6,0,6,0,28,17,9,54,0,28,23,9,60,36,0,36,96
02/07/2016,SSF,TX,ASW,CE,Federal Contract Tower,0,0,3,4,7,0,13,44,0,57,0,13,47,4,64,94,4,98,162
02/08/2016,SSF,TX,ASW,CE,Federal Contract Tower,0,0,4,38,42,0,8,52,2,62,0,8,56,40,104,194,62,256,360
02/09/2016,SSF,TX,ASW,CE,Federal Contract Tower,0,2,3,30,35,0,4,11,2,17,0,6,14,32,52,226,28,254,306
02/10/2016,SSF,TX,ASW,CE,Federal Contract Tower,0,0,7,28,35,0,9,123,0,132,0,9,130,28,167,290,28,318,485
02/11/2016,SSF,TX,ASW,CE,Federal Contract Tower,0,0,4,24,28,0,8,79,0,87,0,8,83,24,115,242,20,262,377
02/12/2016,SSF,TX,ASW,CE,Federal Contract Tower,0,0,6,0,6,0,18,83,0,101,0,18,89,0,107,284,0,284,391
02/13/2016,SSF,TX,ASW,CE,Federal Contract Tower,0,1,17,0,18,0,79,55,2,136,0,80,72,2,154,136,0,136,290
02/14/2016,SSF,TX,ASW,CE,Federal Contract Tower,0,0,2,2,4,0,66,52,0,118,0,66,54,2,122,64,2,66,188
02/15/2016,SSF,TX,ASW,CE,Federal Contract Tower,0,0,3,8,11,0,2,113,0,115,0,2,116,8,126,126,16,142,268
02/16/2016,SSF,TX,ASW,CE,Federal Contract Tower,0,0,14,32,46,0,4,100,0,104,0,4,114,32,150,288,26,314,464
02/17/2016,SSF,TX,ASW,CE,Federal Contract Tower,0,0,3,12,15,0,19,82,0,101,0,19,85,12,116,218,14,232,348
02/18/2016,SSF,TX,ASW,CE,Federal Contract Tower,0,0,0,10,10,0,8,81,0,89,0,8,81,10,99,158,10,168,267
02/19/2016,SSF,TX,ASW,CE,Federal Contract Tower,0,0,9,24,33,0,23,93,2,118,0,23,102,26,151,256,10,266,417
02/20/2016,SSF,TX,ASW,CE,Federal Contract Tower,0,4,5,2,11,0,25,53,0,78,0,29,58,2,89,240,2,242,331
02/21/2016,SSF,TX,ASW,CE,Federal Contract Tower,0,1,17,0,18,0,10,24,0,34,0,11,41,0,52,6,0,6,58
02/22/2016,SSF,TX,ASW,CE,Federal Contract Tower,0,2,7,12,21,0,3,39,0,42,0,5,46,12,63,204,14,218,281
02/23/2016,SSF,TX,ASW,CE,Federal Contract Tower,0,0,3,26,29,0,8,37,0,45,0,8,40,26,74,86,16,102,176
02/24/2016,SSF,TX,ASW,CE,Federal Contract Tower,0,0,6,20,26,0,6,95,15,116,0,6,101,35,142,330,20,350,492
02/25/2016,SSF,TX,ASW,CE,Federal Contract Tower,0,1,7,14,22,0,10,75,0,85,0,11,82,14,107,296,8,304,411
02/26/2016,SSF,TX,ASW,CE,Federal Contract Tower,0,1,6,26,33,0,4,80,0,84,0,5,86,26,117,152,24,176,293
02/27/2016,SSF,TX,ASW,CE,Federal Contract Tower,0,5,33,0,38,0,14,77,0,91,0,19,110,0,129,118,4,122,251
02/28/2016,SSF,TX,ASW,CE,Federal Contract Tower,0,0,4,0,4,0,8,29,0,37,0,8,33,0,41,20,10,30,71
02/29/2016,SSF,TX,ASW,CE,Federal Contract Tower,0,0,5,18,23,0,4,36,0,40,0,4,41,18,63,30,16,46,109
03/01/2016,SSF,TX,ASW,CE,Federal Contract Tower,0,0,6,28,34,0,8,50,4,62,0,8,56,32,96,104,28,132,228
03/02/2016,SSF,TX,ASW,CE,Federal Contract Tower,0,0,11,22,33,0,12,82,4,98,0,12,93,26,131,254,56,310,441
03/03/2016,SSF,TX,ASW,CE,Federal Contract Tower,0,0,5,8,13,0,0,56,13,69,0,0,61,21,82,230,18,248,330
03/04/2016,SSF,TX,ASW,CE,Federal Contract Tower,0,0,2,10,12,0,2,86,0,88,0,2,88,10,100,348,10,358,458
03/05/2016,SSF,TX,ASW,CE,Federal Contract Tower,0,0,9,4,13,0,17,62,6,85,0,17,71,10,98,188,6,194,292
03/06/2016,SSF,TX,ASW,CE,Federal Contract Tower,0,0,13,0,13,0,0,21,0,21,0,0,34,0,34,48,0,48,82
03/07/2016,SSF,TX,ASW,CE,Federal Contract Tower,0,0,9,22,31,0,4,16,0,20,0,4,25,22,51,58,18,76,127
03/08/2016,SSF,TX,ASW,CE,Federal Contract Tower,0,1,2,12,15,0,2,66,2,70,0,3,68,14,85,304,14,318,403
03/09/2016,SSF,TX,ASW,CE,Federal Contract Tower,0,0,5,0,5,0,9,27,0,36,0,9,32,0,41,130,0,130,171
03/10/2016,SSF,TX,ASW,CE,Federal Contract Tower,0,0,7,4,11,0,1,19,3,23,0,1,26,7,34,76,10,86,120
03/11/2016,SSF,TX,ASW,CE,Federal Contract Tower,0,0,8,26,34,0,10,67,0,77,0,10,75,26,111,370,20,390,501
03/12/2016,SSF,TX,ASW,CE,Federal Contract Tower,0,1,14,2,17,0,16,93,9,118,0,17,107,11,135,184,2,186,321
03/13/2016,SSF,TX,ASW,CE,Federal Contract Tower,0,0,9,0,9,0,2,83,0,85,0,2,92,0,94,132,0,132,226
03/14/2016,SSF,TX,ASW,CE,Federal Contract Tower,0,0,2,20,22,0,0,65,3,68,0,0,67,23,90,130,20,150,240
03/15/2016,SSF,TX,ASW,CE,Federal Contract Tower,0,2,5,6,13,0,17,49,0,66,0,19,54,6,79,132,6,138,217
03/16/2016,SSF,TX,ASW,CE,Federal Contract Tower,0,0,8,20,28,0,4,85,0,89,0,4,93,20,117,420,14,434,551
03/17/2016,SSF,TX,ASW,CE,Federal Contract Tower,0,0,4,10,14,0,8,27,0,35,0,8,31,10,49,82,10,92,141
03/18/2016,SSF,TX,ASW,CE,Federal Contract Tower,0,4,9,2,15,0,11,25,0,36,0,15,34,2,51,128,2,130,181
03/19/2016,SSF,TX,ASW,CE,Federal Contract Tower,0,0,5,0,5,0,9,42,0,51,0,9,47,0,56,68,0,68,124
03/20/2016,SSF,TX,ASW,CE,Federal Contract Tower,0,0,2,3,5,0,2,60,0,62,0,2,62,3,67,106,8,114,181
03/21/2016,SSF,TX,ASW,CE,Federal Contract Tower,0,0,9,0,9,0,12,90,2,104,0,12,99,2,113,386,6,392,505
03/22/2016,SSF,TX,ASW,CE,Federal Contract Tower,0,0,2,9,11,0,6,109,1,116,0,6,111,10,127,274,8,282,409
03/23/2016,SSF,TX,ASW,CE,Federal Contract Tower,0,0,9,15,24,0,4,65,1,70,0,4,74,16,94,250,14,264,358
03/24/2016,SSF,TX,ASW,CE,Federal Contract Tower,0,0,3,22,25,0,8,89,0,97,0,8,92,22,122,306,22,328,450
03/25/2016,SSF,TX,ASW,CE,Federal Contract Tower,0,0,11,10,21,0,12,117,3,132,0,12,128,13,153,436,8,444,597
03/26/2016,SSF,TX,ASW,CE,Federal Contract Tower,0,0,10,3,13,0,18,60,3,81,0,18,70,6,94,184,16,200,294
03/27/2016,SSF,TX,ASW,CE,Federal Contract Tower,0,0,4,0,4,0,6,14,0,20,0,6,18,0,24,34,0,34,58
03/28/2016,SSF,TX,ASW,CE,Federal Contract Tower,0,0,13,12,25,0,2,62,0,64,0,2,75,12,89,192,12,204,293
03/29/2016,SSF,TX,ASW,CE,Federal Contract Tower,0,0,9,12,21,0,4,23,0,27,0,4,32,12,48,204,12,216,264
03/30/2016,SSF,TX,ASW,CE,Federal Contract Tower,0,0,0,2,2,0,0,27,0,27,0,0,27,2,29,238,2,240,269
03/31/2016,SSF,TX,ASW,CE,Federal Contract Tower,0,1,12,14,27,0,12,100,0,112,0,13,112,14,139,312,12,324,463
04/01/2016,SSF,TX,ASW,CE,Federal Contract Tower,0,1,8,4,13,0,2,45,4,51,0,3,53,8,64,80,4,84,148
04/02/2016,SSF,TX,ASW,CE,Federal Contract Tower,0,2,8,0,10,0,28,88,19,135,0,30,96,19,145,228,6,234,379
04/03/2016,SSF,TX,ASW,CE,Federal Contract Tower,0,0,4,6,10,0,2,76,2,80,0,2,80,8,90,212,6,218,308
04/04/2016,SSF,TX,ASW,CE,Federal Contract Tower,0,0,2,8,10,0,4,84,0,88,0,4,86,8,98,222,8,230,328
04/05/2016,SSF,TX,ASW,CE,Federal Contract Tower,0,0,3,16,19,0,4,127,6,137,0,4,130,22,156,504,32,536,692
04/06/2016,SSF,TX,ASW,CE,Federal Contract Tower,0,2,9,24,35,0,2,86,0,88,0,4,95,24,123,338,24,362,485
04/07/2016,SSF,TX,ASW,CE,Federal Contract Tower,0,0,2,16,18,0,2,101,0,103,0,2,103,16,121,172,16,188,309
04/08/2016,SSF,TX,ASW,CE,Federal Contract Tower,0,0,3,20,23,0,8,97,2,107,0,8,100,22,130,288,18,306,436
04/09/2016,SSF,TX,ASW,CE,Federal Contract Tower,0,0,5,0,5,0,34,47,0,81,0,34,52,0,86,176,0,176,262
04/10/2016,SSF,TX,ASW,CE,Federal Contract Tower,0,0,7,4,11,0,2,20,0,22,0,2,27,4,33,20,4,24,57
04/11/2016,SSF,TX,ASW,CE,Federal Contract Tower,0,0,4,16,20,0,14,62,2,78,0,14,66,18,98,168,18,186,284
04/12/2016,SSF,TX,ASW,CE,Federal Contract Tower,0,0,12,24,36,0,4,57,0,61,0,4,69,24,97,196,24,220,317
04/13/2016,SSF,TX,ASW,CE,Federal Contract Tower,0,0,4,8,12,0,14,76,0,90,0,14,80,8,102,428,8,436,538
04/14/2016,SSF,TX,ASW,CE,Federal Contract Tower,0,0,3,16,19,0,0,76,0,76,0,0,79,16,95,306,20,326,421
04/15/2016,SSF,TX,ASW,CE,Federal Contract Tower,0,0,7,12,19,0,4,55,0,59,0,4,62,12,78,82,18,100,178
04/16/2016,SSF,TX,ASW,CE,Federal Contract Tower,0,0,6,8,14,0,0,7,0,7,0,0,13,8,21,22,2,24,45
04/17/2016,SSF,TX,ASW,CE,Federal Contract Tower,0,0,1,0,1,0,0,0,0,0,0,0,1,0,1,0,0,0,1
04/18/2016,SSF,TX,ASW,CE,Federal Contract Tower,0,0,1,0,1,0,0,27,0,27,0,0,28,0,28,156,0,156,184
04/19/2016,SSF,TX,ASW,CE,Federal Contract Tower,0,0,11,30,41,0,10,81,7,98,0,10,92,37,139,444,32,476,615
04/20/2016,SSF,TX,ASW,CE,Federal Contract Tower,0,0,4,10,14,0,4,65,3,72,0,4,69,13,86,336,74,410,496
04/21/2016,SSF,TX,ASW,CE,Federal Contract Tower,0,0,7,0,7,0,4,49,4,57,0,4,56,4,64,180,2,182,246
04/22/2016,SSF,TX,ASW,CE,Federal Contract Tower,0,0,6,12,18,0,4,109,8,121,0,4,115,20,139,272,8,280,419
04/23/2016,SSF,TX,ASW,CE,Federal Contract Tower,0,0,2,0,2,0,15,91,0,106,0,15,93,0,108,156,0,156,264
04/24/2016,SSF,TX,ASW,CE,Federal Contract Tower,0,0,5,0,5,0,4,16,0,20,0,4,21,0,25,26,0,26,51
04/25/2016,SSF,TX,ASW,CE,Federal Contract Tower,0,0,2,7,9,0,12,55,2,69,0,12,57,9,78,108,6,114,192
04/26/2016,SSF,TX,ASW,CE,Federal Contract Tower,0,0,5,16,21,0,10,88,0,98,0,10,93,16,119,290,14,304,423
04/27/2016,SSF,TX,ASW,CE,Federal Contract Tower,0,0,6,16,22,0,12,99,4,115,0,12,105,20,137,520,26,546,683
04/28/2016,SSF,TX,ASW,CE,Federal Contract Tower,0,0,9,13,22,0,12,64,3,79,0,12,73,16,101,346,12,358,459
04/29/2016,SSF,TX,ASW,CE,Federal Contract Tower,0,2,13,13,28,0,4,41,5,50,0,6,54,18,78,264,24,288,366
04/30/2016,SSF,TX,ASW,CE,Federal Contract Tower,0,0,2,0,2,0,19,116,0,135,0,19,118,0,137,136,0,136,273
05/01/2016,SSF,TX,ASW,CE,Federal Contract Tower,0,0,7,1,8,0,8,32,0,40,0,8,39,1,48,34,0,34,82
05/02/2016,SSF,TX,ASW,CE,Federal Contract Tower,0,0,1,11,12,0,4,69,0,73,0,4,70,11,85,196,10,206,291
05/03/2016,SSF,TX,ASW,CE,Federal Contract Tower,0,0,10,14,24,0,9,154,5,168,0,9,164,19,192,412,14,426,618
05/04/2016,SSF,TX,ASW,CE,Federal Contract Tower,0,0,4,10,14,0,10,155,2,167,0,10,159,12,181,470,6,476,657
05/05/2016,SSF,TX,ASW,CE,Federal Contract Tower,0,0,2,6,8,0,0,115,6,121,0,0,117,12,129,476,40,516,645
05/06/2016,SSF,TX,ASW,CE,Federal Contract Tower,0,0,2,16,18,0,13,122,2,137,0,13,124,18,155,276,32,308,463
05/07/2016,SSF,TX,ASW,CE,Federal Contract Tower,0,0,13,3,16,0,27,69,12,108,0,27,82,15,124,344,2,346,470
05/08/2016,SSF,TX,ASW,CE,Federal Contract Tower,0,0,1,0,1,0,6,16,0,22,0,6,17,0,23,32,0,32,55
05/09/2016,SSF,TX,ASW,CE,Federal Contract Tower,0,0,10,12,22,0,2,81,0,83,0,2,91,12,105,208,12,220,325
05/10/2016,SSF,TX,ASW,CE,Federal Contract Tower,0,0,5,20,25,0,18,76,4,98,0,18,81,24,123,264,16,280,403
05/11/2016,SSF,TX,ASW,CE,Federal Contract Tower,0,0,6,12,18,0,2,106,0,108,0,2,112,12,126,338,10,348,474
05/12/2016,SSF,TX,ASW,CE,Federal Contract Tower,0,0,12,10,22,0,0,55,0,55,0,0,67,10,77,332,12,344,421
05/13/2016,SSF,TX,ASW,CE,Federal Contract Tower,0,0,12,6,18,0,13,76,12,101,0,13,88,18,119,346,10,356,475
05/14/2016,SSF,TX,ASW,CE,Federal Contract Tower,0,0,9,0,9,0,28,24,4,56,0,28,33,4,65,138,22,160,225
05/15/2016,SSF,TX,ASW,CE,Federal Contract Tower,0,0,4,0,4,0,0,1,0,1,0,0,5,0,5,0,0,0,5
05/16/2016,SSF,TX,ASW,CE,Federal Contract Tower,0,0,11,10,21,0,4,49,0,53,0,4,60,10,74,78,10,88,162
05/17/2016,SSF,TX,ASW,CE,Federal Contract Tower,0,3,9,16,28,0,4,25,1,30,0,7,34,17,58,142,14,156,214
05/18/2016,SSF,TX,ASW,CE,Federal Contract Tower,0,0,7,18,25,0,9,60,0,69,0,9,67,18,94,204,18,222,316
05/19/2016,SSF,TX,ASW,CE,Federal Contract Tower,0,0,2,0,2,0,0,25,0,25,0,0,27,0,27,164,0,164,191
05/20/2016,SSF,TX,ASW,CE,Federal Contract Tower,0,1,10,20,31,0,6,76,0,82,0,7,86,20,113,138,20,158,271
05/21/2016,SSF,TX,ASW,CE,Federal Contract Tower,0,2,8,0,10,0,15,33,0,48,0,17,41,0,58,76,0,76,134
05/22/2016,SSF,TX,ASW,CE,Federal Contract Tower,0,0,4,0,4,0,4,42,0,46,0,4,46,0,50,70,0,70,120
05/23/2016,SSF,TX,ASW,CE,Federal Contract Tower,0,0,5,14,19,0,14,49,0,63,0,14,54,14,82,128,14,142,224
05/24/2016,SSF,TX,ASW,CE,Federal Contract Tower,0,0,9,55,64,0,15,91,0,106,0,15,100,55,170,298,70,368,538
05/25/2016,SSF,TX,ASW,CE,Federal Contract Tower,0,2,6,21,29,0,4,68,0,72,0,6,74,21,101,208,28,236,337
05/26/2016,SSF,TX,ASW,CE,Federal Contract Tower,0,18,4,0,22,0,2,45,2,49,0,20,49,2,71,64,0,64,135
05/27/2016,SSF,TX,ASW,CE,Federal Contract Tower,0,0,9,0,9,0,12,66,0,78,0,12,75,0,87,338,0,338,425
05/28/2016,SSF,TX,ASW,CE,Federal Contract Tower,0,0,18,0,18,0,15,49,0,64,0,15,67,0,82,128,0,128,210
05/29/2016,SSF,TX,ASW,CE,Federal Contract Tower,0,0,3,0,3,0,4,48,0,52,0,4,51,0,55,94,0,94,149
05/30/2016,SSF,TX,ASW,CE,Federal Contract Tower,0,0,3,0,3,0,14,60,3,77,0,14,63,3,80,142,0,142,222
05/31/2016,SSF,TX,ASW,CE,Federal Contract Tower,0,1,8,12,21,0,6,39,0,45,0,7,47,12,66,134,10,144,210
06/01/2016,SSF,TX,ASW,CE,Federal Contract Tower,0,0,2,18,20,0,12,91,10,113,0,12,93,28,133,380,28,408,541
06/02/2016,SSF,TX,ASW,CE,Federal Contract Tower,0,0,2,6,8,0,16,58,0,74,0,16,60,6,82,160,6,166,248
06/03/2016,SSF,TX,ASW,CE,Federal Contract Tower,0,0,5,22,27,0,4,35,0,39,0,4,40,22,66,184,16,200,266
06/04/2016,SSF,TX,ASW,CE,Federal Contract Tower,0,0,5,0,5,0,22,54,0,76,0,22,59,0,81,156,0,156,237
06/05/2016,SSF,TX,ASW,CE,Federal Contract Tower,0,0,5,2,7,0,4,58,0,62,0,4,63,2,69,74,2,76,145
06/06/2016,SSF,TX,ASW,CE,Federal Contract Tower,0,0,3,22,25,0,11,77,0,88,0,11,80,22,113,104,22,126,239
06/07/2016,SSF,TX,ASW,CE,Federal Contract Tower,0,0,3,14,17,0,8,108,4,120,0,8,111,18,137,184,14,198,335
06/08/2016,SSF,TX,ASW,CE,Federal Contract Tower,0,2,2,6,10,0,22,101,0,123,0,24,103,6,133,168,8,176,309
06/09/2016,SSF,TX,ASW,CE,Federal Contract Tower,0,0,3,6,9,0,9,82,2,93,0,9,85,8,102,126,8,134,236
06/10/2016,SSF,TX,ASW,CE,Federal Contract Tower,0,4,20,10,34,0,11,55,0,66,0,15,75,10,100,104,10,114,214
06/11/2016,SSF,TX,ASW,CE,Federal Contract Tower,0,0,9,4,13,0,15,53,4,72,0,15,62,8,85,90,12,102,187
06/12/2016,SSF,TX,ASW,CE,Federal Contract Tower,0,0,4,0,4,0,6,57,0,63,0,6,61,0,67,58,0,58,125
06/13/2016,SSF,TX,ASW,CE,Federal Contract Tower,0,0,4,21,25,0,7,78,0,85,0,7,82,21,110,78,20,98,208
06/14/2016,SSF,TX,ASW,CE,Federal Contract Tower,0,1,3,30,34,0,15,61,3,79,0,16,64,33,113,40,62,102,215
06/15/2016,SSF,TX,ASW,CE,Federal Contract Tower,0,4,3,18,25,0,17,81,6,104,0,21,84,24,129,142,22,164,293
06/16/2016,SSF,TX,ASW,CE,Federal Contract Tower,0,0,7,10,17,0,2,88,6,96,0,2,95,16,113,188,6,194,307
06/17/2016,SSF,TX,ASW,CE,Federal Contract Tower,0,2,8,16,26,0,8,69,0,77,0,10,77,16,103,68,16,84,187
06/18/2016,SSF,TX,ASW,CE,Federal Contract Tower,0,0,4,0,4,0,22,57,0,79,0,22,61,0,83,92,0,92,175
06/19/2016,SSF,TX,ASW,CE,Federal Contract Tower,0,0,4,4,8,0,4,50,0,54,0,4,54,4,62,76,4,80,142
06/20/2016,SSF,TX,ASW,CE,Federal Contract Tower,0,0,6,22,28,0,4,68,0,72,0,4,74,22,100,152,8,160,260
06/21/2016,SSF,TX,ASW,CE,Federal Contract Tower,0,0,4,30,34,0,20,109,0,129,0,20,113,30,163,370,26,396,559
06/22/2016,SSF,TX,ASW,CE,Federal Contract Tower,0,2,7,8,17,0,0,0,0,0,0,2,7,8,17,238,6,244,261
06/23/2016,SSF,TX,ASW,CE,Federal Contract Tower,0,2,5,12,19,0,25,116,0,141,0,27,121,12,160,242,12,254,414
06/24/2016,SSF,TX,ASW,CE,Federal Contract Tower,0,0,2,12,14,0,17,80,0,97,0,17,82,12,111,116,12,128,239
06/25/2016,SSF,TX,ASW,CE,Federal Contract Tower,0,0,4,0,4,0,2,43,1,46,0,2,47,1,50,114,28,142,192
06/26/2016,SSF,TX,ASW,CE,Federal Contract Tower,0,0,9,0,9,0,4,37,2,43,0,4,46,2,52,82,0,82,134
06/27/2016,SSF,TX,ASW,CE,Federal Contract Tower,0,0,4,10,14,0,6,78,0,84,0,6,82,10,98,140,10,150,248
06/28/2016,SSF,TX,ASW,CE,Federal Contract Tower,0,0,1,22,23,0,6,118,7,131,0,6,119,29,154,250,22,272,426
06/29/2016,SSF,TX,ASW,CE,Federal Contract Tower,0,0,11,20,31,0,16,110,0,126,0,16,121,20,157,282,14,296,453
06/30/2016,SSF,TX,ASW,CE,Federal Contract Tower,0,0,7,4,11,0,16,90,0,106,0,16,97,4,117,134,4,138,255
07/01/2016,SSF,TX,ASW,CE,Federal Contract Tower,0,0,5,0,5,0,8,87,0,95,0,8,92,0,100,120,0,120,220
07/02/2016,SSF,TX,ASW,CE,Federal Contract Tower,0,0,9,0,9,0,33,36,0,69,0,33,45,0,78,78,0,78,156
07/03/2016,SSF,TX,ASW,CE,Federal Contract Tower,0,0,4,0,4,0,6,29,0,35,0,6,33,0,39,34,0,34,73
07/04/2016,SSF,TX,ASW,CE,Federal Contract Tower,0,0,3,0,3,0,17,84,0,101,0,17,87,0,104,154,0,154,258
07/05/2016,SSF,TX,ASW,CE,Federal Contract Tower,0,0,5,2,7,0,8,87,0,95,0,8,92,2,102,224,2,226,328
07/06/2016,SSF,TX,ASW,CE,Federal Contract Tower,0,0,8,4,12,0,6,90,0,96,0,6,98,4,108,172,4,176,284
07/07/2016,SSF,TX,ASW,CE,Federal Contract Tower,0,0,9,8,17,8,2,69,0,79,8,2,78,8,96,40,6,46,142
07/08/2016,SSF,TX,ASW,CE,Federal Contract Tower,0,0,6,9,15,0,11,76,0,87,0,11,82,9,102,194,8,202,304
07/09/2016,SSF,TX,ASW,CE,Federal Contract Tower,0,0,10,4,14,0,10,49,0,59,0,10,59,4,73,160,4,164,237
07/10/2016,SSF,TX,ASW,CE,Federal Contract Tower,0,0,1,4,5,0,6,26,0,32,0,6,27,4,37,64,4,68,105
07/11/2016,SSF,TX,ASW,CE,Federal Contract Tower,0,1,2,21,24,0,15,41,6,62,0,16,43,27,86,40,41,81,167
07/12/2016,SSF,TX,ASW,CE,Federal Contract Tower,0,2,2,21,25,0,8,89,5,102,0,10,91,26,127,90,54,144,271
07/13/2016,SSF,TX,ASW,CE,Federal Contract Tower,0,0,14,6,20,0,3,74,6,83,0,3,88,12,103,104,6,110,213
07/14/2016,SSF,TX,ASW,CE,Federal Contract Tower,0,0,5,10,15,0,1,76,0,77,0,1,81,10,92,154,8,162,254
07/15/2016,SSF,TX,ASW,CE,Federal Contract Tower,0,0,5,2,7,0,24,50,0,74,0,24,55,2,81,78,2,80,161
07/16/2016,SSF,TX,ASW,CE,Federal Contract Tower,0,0,12,0,12,0,16,66,1,83,0,16,78,1,95,80,0,80,175
07/17/2016,SSF,TX,ASW,CE,Federal Contract Tower,0,0,6,4,10,0,4,34,3,41,0,4,40,7,51,76,4,80,131
07/18/2016,SSF,TX,ASW,CE,Federal Contract Tower,0,0,3,18,21,0,11,97,0,108,0,11,100,18,129,144,18,162,291
07/19/2016,SSF,TX,ASW,CE,Federal Contract Tower,0,1,4,12,17,0,5,103,0,108,0,6,107,12,125,178,12,190,315
07/20/2016,SSF,TX,ASW,CE,Federal Contract Tower,0,2,9,10,21,0,48,101,23,172,0,50,110,33,193,234,20,254,447
07/21/2016,SSF,TX,ASW,CE,Federal Contract Tower,0,0,2,10,12,0,11,86,0,97,0,11,88,10,109,76,6,82,191
07/22/2016,SSF,TX,ASW,CE,Federal Contract Tower,0,1,2,6,9,0,14,105,0,119,0,15,107,6,128,136,4,140,268
07/23/2016,SSF,TX,ASW,CE,Federal Contract Tower,0,0,13,0,13,0,7,39,0,46,0,7,52,0,59,30,0,30,89
07/24/2016,SSF,TX,ASW,CE,Federal Contract Tower,0,0,2,0,2,0,0,49,0,49,0,0,51,0,51,44,0,44,95
07/25/2016,SSF,TX,ASW,CE,Federal Contract Tower,0,0,8,8,16,0,19,30,0,49,0,19,38,8,65,96,6,102,167
07/26/2016,SSF,TX,ASW,CE,Federal Contract Tower,0,3,9,2,14,0,3,39,3,45,0,6,48,5,59,94,50,144,203
07/27/2016,SSF,TX,ASW,CE,Federal Contract Tower,0,0,3,7,10,0,4,37,0,41,0,4,40,7,51,122,2,124,175
07/28/2016,SSF,TX,ASW,CE,Federal Contract Tower,0,0,3,8,11,0,6,50,0,56,0,6,53,8,67,230,6,236,303
07/29/2016,SSF,TX,ASW,CE,Federal Contract Tower,0,0,9,0,9,0,7,50,0,57,0,7,59,0,66,82,0,82,148
07/30/2016,SSF,TX,ASW,CE,Federal Contract Tower,0,0,7,0,7,0,26,54,0,80,0,26,61,0,87,156,0,156,243
07/31/2016,SSF,TX,ASW,CE,Federal Contract Tower,0,0,2,2,4,0,6,55,0,61,0,6,57,2,65,24,2,26,91
08/01/2016,SSF,TX,ASW,CE,Federal Contract Tower,0,0,1,14,15,0,14,70,0,84,0,14,71,14,99,108,14,122,221
08/02/2016,SSF,TX,ASW,CE,Federal Contract Tower,0,0,7,18,25,0,23,104,1,128,0,23,111,19,153,262,18,280,433
08/03/2016,SSF,TX,ASW,CE,Federal Contract Tower,0,0,15,22,37,0,16,90,0,106,0,16,105,22,143,150,18,168,311
08/04/2016,SSF,TX,ASW,CE,Federal Contract Tower,0,2,9,10,21,0,2,102,2,106,0,4,111,12,127,296,10,306,433
08/05/2016,SSF,TX,ASW,CE,Federal Contract Tower,0,0,11,10,21,0,19,74,0,93,0,19,85,10,114,90,10,100,214
08/06/2016,SSF,TX,ASW,CE,Federal Contract Tower,0,0,12,0,12,0,20,59,0,79,0,20,71,0,91,150,0,150,241
08/08/2016,SSF,TX,ASW,CE,Federal Contract Tower,0,0,5,18,23,0,7,61,0,68,0,7,66,18,91,112,18,130,221
08/09/2016,SSF,TX,ASW,CE,Federal Contract Tower,0,2,19,21,42,0,27,102,2,131,0,29,121,23,173,234,16,250,423
08/10/2016,SSF,TX,ASW,CE,Federal Contract Tower,0,0,17,22,39,0,4,129,0,133,0,4,146,22,172,228,22,250,422
08/11/2016,SSF,TX,ASW,CE,Federal Contract Tower,0,1,14,12,27,0,6,97,3,106,0,7,111,15,133,104,24,128,261
08/12/2016,SSF,TX,ASW,CE,Federal Contract Tower,0,0,11,8,19,0,18,54,0,72,0,18,65,8,91,164,8,172,263
08/13/2016,SSF,TX,ASW,CE,Federal Contract Tower,0,0,6,2,8,0,15,19,0,34,0,15,25,2,42,40,0,40,82
08/14/2016,SSF,TX,ASW,CE,Federal Contract Tower,0,0,5,0,5,0,0,12,0,12,0,0,17,0,17,34,0,34,51
08/15/2016,SSF,TX,ASW,CE,Federal Contract Tower,0,0,4,0,4,0,0,9,0,9,0,0,13,0,13,10,0,10,23
08/16/2016,SSF,TX,ASW,CE,Federal Contract Tower,0,0,1,2,3,0,2,23,0,25,0,2,24,2,28,16,2,18,46
08/17/2016,SSF,TX,ASW,CE,Federal Contract Tower,0,0,7,4,11,0,3,33,0,36,0,3,40,4,47,88,14,102,149
08/18/2016,SSF,TX,ASW,CE,Federal Contract Tower,0,0,4,10,14,0,0,40,0,40,0,0,44,10,54,80,10,90,144
08/19/2016,SSF,TX,ASW,CE,Federal Contract Tower,0,0,4,25,29,0,11,128,6,145,0,11,132,31,174,234,24,258,432
08/20/2016,SSF,TX,ASW,CE,Federal Contract Tower,0,0,4,0,4,0,4,6,0,10,0,4,10,0,14,20,0,20,34
08/21/2016,SSF,TX,ASW,CE,Federal Contract Tower,0,0,3,0,3,0,2,18,0,20,0,2,21,0,23,56,0,56,79
08/22/2016,SSF,TX,ASW,CE,Federal Contract Tower,0,0,9,6,15,0,4,51,0,55,0,4,60,6,70,264,8,272,342
08/23/2016,SSF,TX,ASW,CE,Federal Contract Tower,0,2,12,20,34,0,22,103,8,133,0,24,115,28,167,228,36,264,431
08/24/2016,SSF,TX,ASW,CE,Federal Contract Tower,0,2,6,18,26,0,17,87,6,110,0,19,93,24,136,170,16,186,322
08/25/2016,SSF,TX,ASW,CE,Federal Contract Tower,0,1,10,20,31,0,5,85,4,94,0,6,95,24,125,208,20,228,353
08/26/2016,SSF,TX,ASW,CE,Federal Contract Tower,0,0,4,0,4,0,18,45,12,75,0,18,49,12,79,84,14,98,177
08/27/2016,SSF,TX,ASW,CE,Federal Contract Tower,0,0,11,0,11,0,20,71,16,107,0,20,82,16,118,150,2,152,270
08/28/2016,SSF,TX,ASW,CE,Federal Contract Tower,0,0,4,0,4,0,8,45,1,54,0,8,49,1,58,100,0,100,158
08/29/2016,SSF,TX,ASW,CE,Federal Contract Tower,0,0,6,4,10,0,4,49,2,55,0,4,55,6,65,138,30,168,233
08/30/2016,SSF,TX,ASW,CE,Federal Contract Tower,0,0,12,8,20,0,6,46,0,52,0,6,58,8,72,170,4,174,246
08/31/2016,SSF,TX,ASW,CE,Federal Contract Tower,0,2,5,14,21,0,10,94,2,106,0,12,99,16,127,158,32,190,317
09/01/2016,SSF,TX,ASW,CE,Federal Contract Tower,0,2,3,4,9,0,9,82,0,91,0,11,85,4,100,200,4,204,304
09/02/2016,SSF,TX,ASW,CE,Federal Contract Tower,0,0,6,12,18,0,2,68,0,70,0,2,74,12,88,128,0,128,216
09/03/2016,SSF,TX,ASW,CE,Federal Contract Tower,0,0,3,0,3,0,16,71,0,87,0,16,74,0,90,120,0,120,210
09/04/2016,SSF,TX,ASW,CE,Federal Contract Tower,0,0,6,0,6,0,24,0,0,24,0,24,6,0,30,42,0,42,72
09/05/2016,SSF,TX,ASW,CE,Federal Contract Tower,0,0,14,0,14,0,8,41,0,49,0,8,55,0,63,94,0,94,157
09/06/2016,SSF,TX,ASW,CE,Federal Contract Tower,0,0,7,22,29,0,2,66,5,73,0,2,73,27,102,134,18,152,254
09/07/2016,SSF,TX,ASW,CE,Federal Contract Tower,0,0,9,26,35,0,6,76,0,82,0,6,85,26,117,126,22,148,265
09/08/2016,SSF,TX,ASW,CE,Federal Contract Tower,0,3,5,28,36,0,0,62,0,62,0,3,67,28,98,94,30,124,222
09/09/2016,SSF,TX,ASW,CE,Federal Contract Tower,0,1,7,12,20,0,4,62,0,66,0,5,69,12,86,74,12,86,172
09/10/2016,SSF,TX,ASW,CE,Federal Contract Tower,0,0,12,0,12,0,8,45,0,53,0,8,57,0,65,78,0,78,143
09/11/2016,SSF,TX,ASW,CE,Federal Contract Tower,0,0,1,0,1,0,9,55,0,64,0,9,56,0,65,104,0,104,169
09/12/2016,SSF,TX,ASW,CE,Federal Contract Tower,0,1,3,6,10,0,4,84,4,92,0,5,87,10,102,142,14,156,258
09/13/2016,SSF,TX,ASW,CE,Federal Contract Tower,0,1,1,32,34,0,4,67,13,84,0,5,68,45,118,180,28,208,326
09/14/2016,SSF,TX,ASW,CE,Federal Contract Tower,0,0,6,28,34,0,8,85,17,110,0,8,91,45,144,156,16,172,316
09/15/2016,SSF,TX,ASW,CE,Federal Contract Tower,0,2,6,24,32,0,2,74,0,76,0,4,80,24,108,110,18,128,236
09/16/2016,SSF,TX,ASW,CE,Federal Contract Tower,0,0,4,14,18,0,5,97,2,104,0,5,101,16,122,174,10,184,306
09/17/2016,SSF,TX,ASW,CE,Federal Contract Tower,0,0,4,2,6,0,17,52,0,69,0,17,56,2,75,158,0,158,233
09/18/2016,SSF,TX,ASW,CE,Federal Contract Tower,0,0,4,2,6,0,5,38,0,43,0,5,42,2,49,32,4,36,85
09/19/2016,SSF,TX,ASW,CE,Federal Contract Tower,0,1,4,18,23,0,2,58,0,60,0,3,62,18,83,96,18,114,197
09/20/2016,SSF,TX,ASW,CE,Federal Contract Tower,0,3,3,10,16,0,2,84,0,86,0,5,87,10,102,138,10,148,250
09/21/2016,SSF,TX,ASW,CE,Federal Contract Tower,0,2,13,24,39,0,17,91,8,116,0,19,104,32,155,124,44,168,323
09/22/2016,SSF,TX,ASW,CE,Federal Contract Tower,0,2,1,8,11,0,13,93,0,106,0,15,94,8,117,286,8,294,411
09/23/2016,SSF,TX,ASW,CE,Federal Contract Tower,0,2,11,8,21,0,12,69,0,81,0,14,80,8,102,54,6,60,162
09/24/2016,SSF,TX,ASW,CE,Federal Contract Tower,0,0,5,1,6,0,30,84,1,115,0,30,89,2,121,56,0,56,177
09/25/2016,SSF,TX,ASW,CE,Federal Contract Tower,0,0,4,0,4,0,1,10,0,11,0,1,14,0,15,92,0,92,107
09/26/2016,SSF,TX,ASW,CE,Federal Contract Tower,0,0,10,8,18,0,0,28,1,29,0,0,38,9,47,80,10,90,137
09/27/2016,SSF,TX,ASW,CE,Federal Contract Tower,0,1,9,10,20,0,2,58,0,60,0,3,67,10,80,110,12,122,202
09/28/2016,SSF,TX,ASW,CE,Federal Contract Tower,0,2,3,32,37,0,14,131,0,145,0,16,134,32,182,170,32,202,384
09/29/2016,SSF,TX,ASW,CE,Federal Contract Tower,0,1,4,16,21,0,8,90,2,100,0,9,94,18,121,146,22,168,289
09/30/2016,SSF,TX,ASW,CE,Federal Contract Tower,0,0,4,12,16,0,2,120,0,122,0,2,124,12,138,212,12,224,362
10/01/2016,SSF,TX,ASW,CE,Federal Contract Tower,0,0,5,0,5,0,14,53,0,67,0,14,58,0,72,130,0,130,202
10/02/2016,SSF,TX,ASW,CE,Federal Contract Tower,0,0,3,0,3,0,23,43,0,66,0,23,46,0,69,74,0,74,143
10/03/2016,SSF,TX,ASW,CE,Federal Contract Tower,0,0,0,4,4,0,4,87,0,91,0,4,87,4,95,146,4,150,245
10/04/2016,SSF,TX,ASW,CE,Federal Contract Tower,0,6,12,8,26,0,10,102,4,116,0,16,114,12,142,244,32,276,418
10/05/2016,SSF,TX,ASW,CE,Federal Contract Tower,0,0,15,16,31,0,16,93,0,109,0,16,108,16,140,120,12,132,272
10/06/2016,SSF,TX,ASW,CE,Federal Contract Tower,0,0,12,18,30,0,12,66,3,81,0,12,78,21,111,66,32,98,209
10/07/2016,SSF,TX,ASW,CE,Federal Contract Tower,0,0,9,10,19,0,10,26,0,36,0,10,35,10,55,14,10,24,79
10/08/2016,SSF,TX,ASW,CE,Federal Contract Tower,0,0,7,0,7,0,10,87,0,97,0,10,94,0,104,106,0,106,210
10/09/2016,SSF,TX,ASW,CE,Federal Contract Tower,0,0,13,0,13,0,0,62,0,62,0,0,75,0,75,66,0,66,141
10/10/2016,SSF,TX,ASW,CE,Federal Contract Tower,0,2,10,0,12,0,4,93,0,97,0,6,103,0,109,232,0,232,341
10/11/2016,SSF,TX,ASW,CE,Federal Contract Tower,0,2,0,12,14,0,8,102,0,110,0,10,102,12,124,42,11,53,177
10/12/2016,SSF,TX,ASW,CE,Federal Contract Tower,0,4,5,14,23,0,6,73,7,86,0,10,78,21,109,120,24,144,253
10/13/2016,SSF,TX,ASW,CE,Federal Contract Tower,0,4,10,2,16,0,10,67,4,81,0,14,77,6,97,154,12,166,263
10/14/2016,SSF,TX,ASW,CE,Federal Contract Tower,0,6,7,12,25,0,2,59,0,61,0,8,66,12,86,34,10,44,130
10/15/2016,SSF,TX,ASW,CE,Federal Contract Tower,0,0,7,2,9,0,12,36,3,51,0,12,43,5,60,110,12,122,182
10/16/2016,SSF,TX,ASW,CE,Federal Contract Tower,0,0,5,0,5,0,6,41,8,55,0,6,46,8,60,42,0,42,102
10/17/2016,SSF,TX,ASW,CE,Federal Contract Tower,0,1,1,16,18,0,12,66,0,78,0,13,67,16,96,88,12,100,196
10/18/2016,SSF,TX,ASW,CE,Federal Contract Tower,0,7,11,24,42,0,4,103,0,107,0,11,114,24,149,228,32,260,409
10/19/2016,SSF,TX,ASW,CE,Federal Contract Tower,0,0,10,14,24,0,30,88,0,118,0,30,98,14,142,172,14,186,328
10/20/2016,SSF,TX,ASW,CE,Federal Contract Tower,0,0,6,26,32,0,0,52,2,54,0,0,58,28,86,66,36,102,188
10/21/2016,SSF,TX,ASW,CE,Federal Contract Tower,0,0,3,0,3,0,12,48,3,63,0,12,51,3,66,68,4,72,138
10/22/2016,SSF,TX,ASW,CE,Federal Contract Tower,0,0,6,0,6,0,18,60,0,78,0,18,66,0,84,56,0,56,140
10/23/2016,SSF,TX,ASW,CE,Federal Contract Tower,0,0,8,2,10,0,4,48,0,52,0,4,56,2,62,86,2,88,150
10/24/2016,SSF,TX,ASW,CE,Federal Contract Tower,0,0,6,20,26,0,1,62,3,66,0,1,68,23,92,166,24,190,282
10/25/2016,SSF,TX,ASW,CE,Federal Contract Tower,0,2,9,10,21,0,6,57,0,63,0,8,66,10,84,62,10,72,156
10/26/2016,SSF,TX,ASW,CE,Federal Contract Tower,0,0,9,28,37,0,2,88,0,90,0,2,97,28,127,160,26,186,313
10/27/2016,SSF,TX,ASW,CE,Federal Contract Tower,0,3,5,2,10,0,6,100,3,109,0,9,105,5,119,250,12,262,381
10/28/2016,SSF,TX,ASW,CE,Federal Contract Tower,0,1,9,10,20,0,7,70,0,77,0,8,79,10,97,136,10,146,243
10/29/2016,SSF,TX,ASW,CE,Federal Contract Tower,0,0,12,0,12,0,16,57,2,75,0,16,69,2,87,154,14,168,255
10/30/2016,SSF,TX,ASW,CE,Federal Contract Tower,0,0,2,12,14,0,8,66,0,74,0,8,68,12,88,88,12,100,188
10/31/2016,SSF,TX,ASW,CE,Federal Contract Tower,0,0,12,12,24,0,4,22,0,26,0,4,34,12,50,36,12,48,98
11/01/2016,SSF,TX,ASW,CE,Federal Contract Tower,0,0,7,42,49,0,8,99,0,107,0,8,106,42,156,280,42,322,478
11/02/2016,SSF,TX,ASW,CE,Federal Contract Tower,0,0,10,16,26,0,2,45,2,49,0,2,55,18,75,108,30,138,213
11/03/2016,SSF,TX,ASW,CE,Federal Contract Tower,0,3,7,10,20,0,3,45,0,48,0,6,52,10,68,232,10,242,310
11/04/2016,SSF,TX,ASW,CE,Federal Contract Tower,0,3,13,10,26,0,0,50,0,50,0,3,63,10,76,352,10,362,438
11/05/2016,SSF,TX,ASW,CE,Federal Contract Tower,0,0,21,0,21,0,12,38,0,50,0,12,59,0,71,214,0,214,285
11/06/2016,SSF,TX,ASW,CE,Federal Contract Tower,0,0,6,0,6,0,11,0,0,11,0,11,6,0,17,78,0,78,95
11/07/2016,SSF,TX,ASW,CE,Federal Contract Tower,0,0,14,24,38,0,6,20,0,26,0,6,34,24,64,56,32,88,152
11/08/2016,SSF,TX,ASW,CE,Federal Contract Tower,0,1,12,30,43,0,4,46,0,50,0,5,58,30,93,240,26,266,359
11/09/2016,SSF,TX,ASW,CE,Federal Contract Tower,0,2,10,10,22,0,0,18,0,18,0,2,28,10,40,58,10,68,108
11/10/2016,SSF,TX,ASW,CE,Federal Contract Tower,0,4,4,30,38,0,6,62,0,68,0,10,66,30,106,174,28,202,308
11/11/2016,SSF,TX,ASW,CE,Federal Contract Tower,0,0,8,2,10,0,16,85,1,102,0,16,93,3,112,160,0,160,272
11/12/2016,SSF,TX,ASW,CE,Federal Contract Tower,0,1,12,2,15,0,6,77,0,83,0,7,89,2,98,138,0,138,236
11/13/2016,SSF,TX,ASW,CE,Federal Contract Tower,0,0,6,0,6,0,0,73,2,75,0,0,79,2,81,160,2,162,243
11/14/2016,SSF,TX,ASW,CE,Federal Contract Tower,0,2,16,18,36,0,2,53,0,55,0,4,69,18,91,164,18,182,273
11/15/2016,SSF,TX,ASW,CE,Federal Contract Tower,0,0,14,18,32,0,2,126,7,135,0,2,140,25,167,416,18,434,601
11/16/2016,SSF,TX,ASW,CE,Federal Contract Tower,0,0,16,14,30,0,5,115,9,129,0,5,131,23,159,466,20,486,645
11/17/2016,SSF,TX,ASW,CE,Federal Contract Tower,0,2,4,6,12,0,8,45,0,53,0,10,49,6,65,74,6,80,145
11/18/2016,SSF,TX,ASW,CE,Federal Contract Tower,0,0,8,14,22,0,11,61,0,72,0,11,69,14,94,124,8,132,226
11/19/2016,SSF,TX,ASW,CE,Federal Contract Tower,0,3,14,0,17,0,10,80,0,90,0,13,94,0,107,146,0,146,253
11/20/2016,SSF,TX,ASW,CE,Federal Contract Tower,0,1,5,4,10,0,12,91,0,103,0,13,96,4,113,92,0,92,205
11/21/2016,SSF,TX,ASW,CE,Federal Contract Tower,0,0,5,8,13,0,10,78,0,88,0,10,83,8,101,152,6,158,259
11/22/2016,SSF,TX,ASW,CE,Federal Contract Tower,0,0,12,28,40,0,8,76,0,84,0,8,88,28,124,242,36,278,402
11/23/2016,SSF,TX,ASW,CE,Federal Contract Tower,0,0,16,6,22,0,12,73,0,85,0,12,89,6,107,220,4,224,331
11/24/2016,SSF,TX,ASW,CE,Federal Contract Tower,0,0,4,0,4,0,4,32,0,36,0,4,36,0,40,172,0,172,212
11/25/2016,SSF,TX,ASW,CE,Federal Contract Tower,0,0,7,0,7,0,11,22,0,33,0,11,29,0,40,156,0,156,196
11/26/2016,SSF,TX,ASW,CE,Federal Contract Tower,0,0,21,0,21,0,20,57,0,77,0,20,78,0,98,108,0,108,206
11/27/2016,SSF,TX,ASW,CE,Federal Contract Tower,0,0,17,0,17,0,2,29,0,31,0,2,46,0,48,88,0,88,136
11/28/2016,SSF,TX,ASW,CE,Federal Contract Tower,0,0,3,20,23,0,16,60,0,76,0,16,63,20,99,270,18,288,387
11/29/2016,SSF,TX,ASW,CE,Federal Contract Tower,0,4,18,6,28,0,21,109,6,136,0,25,127,12,164,302,4,306,470
11/30/2016,SSF,TX,ASW,CE,Federal Contract Tower,0,0,4,14,18,0,0,98,0,98,0,0,102,14,116,240,34,274,390
12/01/2016,SSF,TX,ASW,CE,Federal Contract Tower,0,3,6,2,11,0,2,103,0,105,0,5,109,2,116,278,8,286,402
12/02/2016,SSF,TX,ASW,CE,Federal Contract Tower,0,0,12,14,26,0,4,12,0,16,0,4,24,14,42,68,14,82,124
12/03/2016,SSF,TX,ASW,CE,Federal Contract Tower,0,0,5,0,5,0,0,1,0,1,0,0,6,0,6,24,0,24,30
12/04/2016,SSF,TX,ASW,CE,Federal Contract Tower,0,0,6,0,6,0,0,12,0,12,0,0,18,0,18,72,0,72,90
12/05/2016,SSF,TX,ASW,CE,Federal Contract Tower,0,0,10,18,28,0,2,13,0,15,0,2,23,18,43,108,18,126,169
12/06/2016,SSF,TX,ASW,CE,Federal Contract Tower,0,1,3,24,28,0,11,116,0,127,0,12,119,24,155,442,24,466,621
12/07/2016,SSF,TX,ASW,CE,Federal Contract Tower,0,7,15,35,57,0,2,67,2,71,0,9,82,37,128,452,38,490,618
12/08/2016,SSF,TX,ASW,CE,Federal Contract Tower,0,5,2,4,11,0,8,40,0,48,0,13,42,4,59,106,4,110,169
12/09/2016,SSF,TX,ASW,CE,Federal Contract Tower,0,0,4,6,10,0,10,35,0,45,0,10,39,6,55,224,6,230,285
12/10/2016,SSF,TX,ASW,CE,Federal Contract Tower,0,0,13,0,13,0,18,25,0,43,0,18,38,0,56,110,0,110,166
12/11/2016,SSF,TX,ASW,CE,Federal Contract Tower,0,0,10,0,10,0,0,0,0,0,0,0,10,0,10,2,0,2,12
12/12/2016,SSF,TX,ASW,CE,Federal Contract Tower,0,0,5,12,17,0,8,83,0,91,0,8,88,12,108,264,12,276,384
12/13/2016,SSF,TX,ASW,CE,Federal Contract Tower,0,0,19,15,34,0,4,25,0,29,0,4,44,15,63,74,10,84,147
12/14/2016,SSF,TX,ASW,CE,Federal Contract Tower,0,1,12,18,31,0,2,60,0,62,0,3,72,18,93,216,16,232,325
12/15/2016,SSF,TX,ASW,CE,Federal Contract Tower,0,0,10,4,14,0,2,26,0,28,0,2,36,4,42,136,4,140,182
12/16/2016,SSF,TX,ASW,CE,Federal Contract Tower,0,0,9,0,9,0,0,0,0,0,0,0,9,0,9,2,0,2,11
12/17/2016,SSF,TX,ASW,CE,Federal Contract Tower,0,0,13,0,13,0,15,37,0,52,0,15,50,0,65,64,0,64,129
12/18/2016,SSF,TX,ASW,CE,Federal Contract Tower,0,0,2,0,2,0,0,29,0,29,0,0,31,0,31,20,0,20,51
12/19/2016,SSF,TX,ASW,CE,Federal Contract Tower,0,1,7,4,12,0,1,69,0,70,0,2,76,4,82,244,8,252,334
12/20/2016,SSF,TX,ASW,CE,Federal Contract Tower,0,5,20,22,47,0,8,84,0,92,0,13,104,22,139,292,16,308,447
12/21/2016,SSF,TX,ASW,CE,Federal Contract Tower,0,0,13,16,29,0,16,86,2,104,0,16,99,18,133,252,16,268,401
12/22/2016,SSF,TX,ASW,CE,Federal Contract Tower,0,1,12,12,25,0,9,96,0,105,0,10,108,12,130,260,12,272,402
12/23/2016,SSF,TX,ASW,CE,Federal Contract Tower,0,0,5,0,5,0,0,3,0,3,0,0,8,0,8,30,0,30,38
12/24/2016,SSF,TX,ASW,CE,Federal Contract Tower,0,0,7,0,7,0,4,18,0,22,0,4,25,0,29,100,0,100,129
12/25/2016,SSF,TX,ASW,CE,Federal Contract Tower,0,0,5,0,5,0,8,14,0,22,0,8,19,0,27,128,0,128,155
12/26/2016,SSF,TX,ASW,CE,Federal Contract Tower,0,0,12,2,14,0,10,69,0,79,0,10,81,2,93,284,6,290,383
12/27/2016,SSF,TX,ASW,CE,Federal Contract Tower,0,2,17,2,21,0,17,68,0,85,0,19,85,2,106,254,2,256,362
12/28/2016,SSF,TX,ASW,CE,Federal Contract Tower,0,0,21,0,21,0,6,39,4,49,0,6,60,4,70,168,20,188,258
12/29/2016,SSF,TX,ASW,CE,Federal Contract Tower,0,0,8,0,8,0,0,39,0,39,0,0,47,0,47,105,0,105,152
12/30/2016,SSF,TX,ASW,CE,Federal Contract Tower,0,0,10,0,10,0,21,71,4,96,0,21,81,4,106,204,22,226,332
12/31/2016,SSF,TX,ASW,CE,Federal Contract Tower,0,0,4,0,4,0,16,35,0,51,0,16,39,0,55,160,0,160,215
01/01/2017,SSF,TX,ASW,CE,Federal Contract Tower,0,2,6,0,8,0,9,44,7,60,0,11,50,7,68,118,20,138,206
01/02/2017,SSF,TX,ASW,CE,Federal Contract Tower,0,0,0,0,0,0,11,89,3,103,0,11,89,3,103,208,18,226,329
01/03/2017,SSF,TX,ASW,CE,Federal Contract Tower,0,0,11,0,11,0,10,98,0,108,0,10,109,0,119,366,0,366,485
01/04/2017,SSF,TX,ASW,CE,Federal Contract Tower,0,0,8,36,44,0,13,74,16,103,0,13,82,52,147,176,36,212,359
01/05/2017,SSF,TX,ASW,CE,Federal Contract Tower,0,0,8,27,35,0,11,50,0,61,0,11,58,27,96,192,26,218,314
01/06/2017,SSF,TX,ASW,CE,Federal Contract Tower,0,0,2,0,2,0,0,14,0,14,0,0,16,0,16,2,0,2,18
01/07/2017,SSF,TX,ASW,CE,Federal Contract Tower,0,0,15,8,23,0,18,69,0,87,0,18,84,8,110,182,0,182,292
01/08/2017,SSF,TX,ASW,CE,Federal Contract Tower,0,0,3,0,3,0,2,54,13,69,0,2,57,13,72,116,0,116,188
01/09/2017,SSF,TX,ASW,CE,Federal Contract Tower,0,0,6,23,29,0,0,71,0,71,0,0,77,23,100,86,22,108,208
01/10/2017,SSF,TX,ASW,CE,Federal Contract Tower,0,3,15,8,26,0,16,70,4,90,0,19,85,12,116,276,44,320,436
01/11/2017,SSF,TX,ASW,CE,Federal Contract Tower,0,0,19,20,39,0,6,59,0,65,0,6,78,20,104,206,16,222,326
01/12/2017,SSF,TX,ASW,CE,Federal Contract Tower,0,0,10,21,31,0,12,87,1,100,0,12,97,22,131,288,14,302,433
01/13/2017,SSF,TX,ASW,CE,Federal Contract Tower,0,0,8,26,34,0,0,32,4,36,0,0,40,30,70,166,26,192,262
01/14/2017,SSF,TX,ASW,CE,Federal Contract Tower,0,0,18,0,18,0,9,30,0,39,0,9,48,0,57,268,0,268,325
01/15/2017,SSF,TX,ASW,CE,Federal Contract Tower,0,0,2,5,7,0,0,8,0,8,0,0,10,5,15,38,0,38,53
01/16/2017,SSF,TX,ASW,CE,Federal Contract Tower,0,2,5,0,7,0,17,30,0,47,0,19,35,0,54,114,0,114,168
01/17/2017,SSF,TX,ASW,CE,Federal Contract Tower,0,0,5,2,7,0,0,15,0,15,0,0,20,2,22,130,2,132,154
01/18/2017,SSF,TX,ASW,CE,Federal Contract Tower,0,0,9,30,39,0,8,26,0,34,0,8,35,30,73,80,60,140,213
01/19/2017,SSF,TX,ASW,CE,Federal Contract Tower,0,0,15,30,45,0,0,59,0,59,0,0,74,30,104,202,30,232,336
01/20/2017,SSF,TX,ASW,CE,Federal Contract Tower,0,0,5,4,9,0,2,36,0,38,0,2,41,4,47,154,2,156,203
01/21/2017,SSF,TX,ASW,CE,Federal Contract Tower,0,0,4,0,4,0,14,64,3,81,0,14,68,3,85,104,2,106,191
01/22/2017,SSF,TX,ASW,CE,Federal Contract Tower,0,0,0,0,0,0,0,15,0,15,0,0,15,0,15,28,0,28,43
01/23/2017,SSF,TX,ASW,CE,Federal Contract Tower,0,0,6,12,18,0,0,94,0,94,0,0,100,12,112,242,10,252,364
01/24/2017,SSF,TX,ASW,CE,Federal Contract Tower,0,0,5,14,19,0,4,147,0,151,0,4,152,14,170,392,14,406,576
01/25/2017,SSF,TX,ASW,CE,Federal Contract Tower,0,0,10,22,32,0,27,113,0,140,0,27,123,22,172,360,8,368,540
01/26/2017,SSF,TX,ASW,CE,Federal Contract Tower,0,1,7,14,22,0,18,98,0,116,0,19,105,14,138,498,10,508,646
01/27/2017,SSF,TX,ASW,CE,Federal Contract Tower,0,0,8,26,34,0,8,64,0,72,0,8,72,26,106,212,28,240,346
01/28/2017,SSF,TX,ASW,CE,Federal Contract Tower,0,0,7,2,9,0,2,81,3,86,0,2,88,5,95,160,30,190,285
01/29/2017,SSF,TX,ASW,CE,Federal Contract Tower,0,0,5,2,7,0,4,75,0,79,0,4,80,2,86,98,2,100,186
01/30/2017,SSF,TX,ASW,CE,Federal Contract Tower,0,0,11,18,29,0,0,84,0,84,0,0,95,18,113,316,18,334,447
01/31/2017,SSF,TX,ASW,CE,Federal Contract Tower,0,0,7,34,41,0,8,122,0,130,0,8,129,34,171,386,36,422,593
02/01/2017,SSF,TX,ASW,CE,Federal Contract Tower,0,0,10,24,34,0,13,91,0,104,0,13,101,24,138,200,26,226,364
02/02/2017,SSF,TX,ASW,CE,Federal Contract Tower,0,0,15,18,33,0,6,55,0,61,0,6,70,18,94,246,10,256,350
02/03/2017,SSF,TX,ASW,CE,Federal Contract Tower,0,0,22,14,36,0,8,39,5,52,0,8,61,19,88,184,14,198,286
02/04/2017,SSF,TX,ASW,CE,Federal Contract Tower,0,0,16,0,16,0,0,3,0,3,0,0,19,0,19,34,0,34,53
02/05/2017,SSF,TX,ASW,CE,Federal Contract Tower,0,0,5,0,5,0,0,6,0,6,0,0,11,0,11,0,0,0,11
02/06/2017,SSF,TX,ASW,CE,Federal Contract Tower,0,2,4,18,24,0,8,60,0,68,0,10,64,18,92,120,18,138,230
02/07/2017,SSF,TX,ASW,CE,Federal Contract Tower,0,0,11,16,27,0,11,10,0,21,0,11,21,16,48,388,18,406,454
02/08/2017,SSF,TX,ASW,CE,Federal Contract Tower,0,0,1,14,15,0,21,114,0,135,0,21,115,14,150,362,12,374,524
02/09/2017,SSF,TX,ASW,CE,Federal Contract Tower,0,0,1,20,21,0,4,104,0,108,0,4,105,20,129,338,18,356,485
02/10/2017,SSF,TX,ASW,CE,Federal Contract Tower,0,0,9,4,13,0,2,61,2,65,0,2,70,6,78,214,4,218,296
02/11/2017,SSF,TX,ASW,CE,Federal Contract Tower,0,0,15,0,15,0,18,46,3,67,0,18,61,3,82,92,2,94,176
02/12/2017,SSF,TX,ASW,CE,Federal Contract Tower,0,0,10,0,10,0,10,72,0,82,0,10,82,0,92,90,0,90,182
02/13/2017,SSF,TX,ASW,CE,Federal Contract Tower,0,0,13,24,37,0,5,40,0,45,0,5,53,24,82,74,22,96,178
02/14/2017,SSF,TX,ASW,CE,Federal Contract Tower,0,0,11,20,31,0,52,76,0,128,0,52,87,20,159,116,18,134,293
02/15/2017,SSF,TX,ASW,CE,Federal Contract Tower,0,0,6,6,12,0,15,98,4,117,0,15,104,10,129,244,46,290,419
02/16/2017,SSF,TX,ASW,CE,Federal Contract Tower,0,0,8,4,12,0,9,105,3,117,0,9,113,7,129,204,4,208,337
02/17/2017,SSF,TX,ASW,CE,Federal Contract Tower,0,2,4,6,12,0,10,105,0,115,0,12,109,6,127,234,6,240,367
02/18/2017,SSF,TX,ASW,CE,Federal Contract Tower,0,0,9,0,9,0,15,73,0,88,0,15,82,0,97,166,0,166,263
02/19/2017,SSF,TX,ASW,CE,Federal Contract Tower,0,0,12,2,14,0,6,28,0,34,0,6,40,2,48,58,2,60,108
02/20/2017,SSF,TX,ASW,CE,Federal Contract Tower,0,0,17,0,17,0,4,78,0,82,0,4,95,0,99,244,0,244,343
02/21/2017,SSF,TX,ASW,CE,Federal Contract Tower,0,0,11,22,33,0,9,115,0,124,0,9,126,22,157,346,8,354,511
02/22/2017,SSF,TX,ASW,CE,Federal Contract Tower,0,0,16,18,34,0,16,96,0,112,0,16,112,18,146,324,14,338,484
02/23/2017,SSF,TX,ASW,CE,Federal Contract Tower,0,0,9,10,19,0,7,93,0,100,0,7,102,10,119,204,10,214,333
02/24/2017,SSF,TX,ASW,CE,Federal Contract Tower,0,0,7,10,17,0,6,68,0,74,0,6,75,10,91,228,8,236,327
02/25/2017,SSF,TX,ASW,CE,Federal Contract Tower,0,0,8,0,8,0,16,64,0,80,0,16,72,0,88,152,0,152,240
02/26/2017,SSF,TX,ASW,CE,Federal Contract Tower,0,0,8,2,10,0,2,24,0,26,0,2,32,2,36,38,2,40,76
02/27/2017,SSF,TX,ASW,CE,Federal Contract Tower,0,0,5,16,21,0,0,42,0,42,0,0,47,16,63,66,14,80,143
02/28/2017,SSF,TX,ASW,CE,Federal Contract Tower,0,0,9,12,21,0,17,94,4,115,0,17,103,16,136,342,30,372,508
03/01/2017,SSF,TX,ASW,CE,Federal Contract Tower,0,0,5,18,23,0,12,74,0,86,0,12,79,18,109,198,12,210,319
03/02/2017,SSF,TX,ASW,CE,Federal Contract Tower,0,2,5,20,27,0,1,71,1,73,0,3,76,21,100,176,20,196,296
03/03/2017,SSF,TX,ASW,CE,Federal Contract Tower,0,0,2,30,32,0,9,111,0,120,0,9,113,30,152,324,30,354,506
03/04/2017,SSF,TX,ASW,CE,Federal Contract Tower,0,0,10,0,10,0,4,4,0,8,0,4,14,0,18,0,0,0,18
03/05/2017,SSF,TX,ASW,CE,Federal Contract Tower,0,0,19,0,19,0,0,9,0,9,0,0,28,0,28,22,0,22,50
03/06/2017,SSF,TX,ASW,CE,Federal Contract Tower,0,2,7,16,25,0,6,37,0,43,0,8,44,16,68,38,14,52,120
03/07/2017,SSF,TX,ASW,CE,Federal Contract Tower,0,3,24,20,47,0,10,45,1,56,0,13,69,21,103,164,20,184,287
03/08/2017,SSF,TX,ASW,CE,Federal Contract Tower,0,0,20,20,40,0,4,65,0,69,0,4,85,20,109,250,18,268,377
03/09/2017,SSF,TX,ASW,CE,Federal Contract Tower,0,0,5,2,7,0,0,18,2,20,0,0,23,4,27,34,0,34,61
03/10/2017,SSF,TX,ASW,CE,Federal Contract Tower,0,0,20,2,22,0,12,10,0,22,0,12,30,2,44,83,2,85,129
03/11/2017,SSF,TX,ASW,CE,Federal Contract Tower,0,0,10,0,10,0,0,9,0,9,0,0,19,0,19,18,0,18,37
03/12/2017,SSF,TX,ASW,CE,Federal Contract Tower,0,0,13,4,17,0,0,16,0,16,0,0,29,4,33,14,4,18,51
03/13/2017,SSF,TX,ASW,CE,Federal Contract Tower,0,0,7,10,17,0,17,50,0,67,0,17,57,10,84,84,8,92,176
03/14/2017,SSF,TX,ASW,CE,Federal Contract Tower,0,0,2,26,28,0,28,115,4,147,0,28,117,30,175,202,50,252,427
03/15/2017,SSF,TX,ASW,CE,Federal Contract Tower,0,0,19,16,35,0,10,125,0,135,0,10,144,16,170,532,16,548,718
03/16/2017,SSF,TX,ASW,CE,Federal Contract Tower,0,1,18,10,29,0,14,48,0,62,0,15,66,10,91,248,12,260,351
03/17/2017,SSF,TX,ASW,CE,Federal Contract Tower,0,0,11,10,21,0,12,63,0,75,0,12,74,10,96,122,10,132,228
03/18/2017,SSF,TX,ASW,CE,Federal Contract Tower,0,2,19,0,21,0,24,68,4,96,0,26,87,4,117,84,4,88,205
03/19/2017,SSF,TX,ASW,CE,Federal Contract Tower,0,1,10,0,11,0,43,84,0,127,0,44,94,0,138,110,0,110,248
03/20/2017,SSF,TX,ASW,CE,Federal Contract Tower,0,0,9,16,25,0,10,73,0,83,0,10,82,16,108,180,16,196,304
03/21/2017,SSF,TX,ASW,CE,Federal Contract Tower,0,0,14,24,38,0,26,102,0,128,0,26,116,24,166,336,22,358,524
03/22/2017,SSF,TX,ASW,CE,Federal Contract Tower,0,0,17,12,29,0,10,62,0,72,0,10,79,12,101,136,16,152,253
03/23/2017,SSF,TX,ASW,CE,Federal Contract Tower,0,0,8,20,28,0,15,50,2,67,0,15,58,22,95,136,16,152,247
03/24/2017,SSF,TX,ASW,CE,Federal Contract Tower,0,2,10,10,22,0,8,45,0,53,0,10,55,10,75,90,8,98,173
03/25/2017,SSF,TX,ASW,CE,Federal Contract Tower,0,0,7,0,7,0,18,78,7,103,0,18,85,7,110,144,8,152,262
03/26/2017,SSF,TX,ASW,CE,Federal Contract Tower,0,0,10,0,10,0,4,43,0,47,0,4,53,0,57,32,0,32,89
03/27/2017,SSF,TX,ASW,CE,Federal Contract Tower,0,0,10,27,37,0,3,61,0,64,0,3,71,27,101,104,24,128,229
03/28/2017,SSF,TX,ASW,CE,Federal Contract Tower,0,2,8,30,40,0,24,27,4,55,0,26,35,34,95,146,22,168,263
03/29/2017,SSF,TX,ASW,CE,Federal Contract Tower,0,0,10,16,26,0,12,104,0,116,0,12,114,16,142,236,20,256,398
03/30/2017,SSF,TX,ASW,CE,Federal Contract Tower,0,0,12,10,22,0,2,92,0,94,0,2,104,10,116,270,16,286,402
03/31/2017,SSF,TX,ASW,CE,Federal Contract Tower,0,0,2,0,2,0,9,89,0,98,0,9,91,0,100,152,0,152,252
04/01/2017,SSF,TX,ASW,CE,Federal Contract Tower,0,0,10,0,10,0,12,17,0,29,0,12,27,0,39,74,0,74,113
04/02/2017,SSF,TX,ASW,CE,Federal Contract Tower,0,0,4,0,4,0,0,29,1,30,0,0,33,1,34,32,0,32,66
04/03/2017,SSF,TX,ASW,CE,Federal Contract Tower,0,0,5,16,21,0,6,89,0,95,0,6,94,16,116,106,14,120,236
04/04/2017,SSF,TX,ASW,CE,Federal Contract Tower,0,0,5,20,25,0,17,95,2,114,0,17,100,22,139,312,18,330,469
04/05/2017,SSF,TX,ASW,CE,Federal Contract Tower,0,0,8,28,36,0,8,79,0,87,0,8,87,28,123,240,24,264,387
04/06/2017,SSF,TX,ASW,CE,Federal Contract Tower,0,0,7,8,15,0,10,81,0,91,0,10,88,8,106,138,8,146,252
04/07/2017,SSF,TX,ASW,CE,Federal Contract Tower,0,2,7,10,19,0,6,88,0,94,0,8,95,10,113,274,10,284,397
04/08/2017,SSF,TX,ASW,CE,Federal Contract Tower,0,0,11,2,13,0,23,86,0,109,0,23,97,2,122,292,2,294,416
04/09/2017,SSF,TX,ASW,CE,Federal Contract Tower,1,0,7,0,8,0,10,26,0,36,1,10,33,0,44,28,0,28,72
04/10/2017,SSF,TX,ASW,CE,Federal Contract Tower,0,0,14,14,28,0,4,27,0,31,0,4,41,14,59,126,12,138,197
04/11/2017,SSF,TX,ASW,CE,Federal Contract Tower,0,0,22,6,28,0,3,11,0,14,0,3,33,6,42,82,6,88,130
04/12/2017,SSF,TX,ASW,CE,Federal Contract Tower,0,0,11,28,39,0,2,61,0,63,0,2,72,28,102,262,24,286,388
04/13/2017,SSF,TX,ASW,CE,Federal Contract Tower,0,0,19,6,25,0,16,65,3,84,0,16,84,9,109,120,32,152,261
04/14/2017,SSF,TX,ASW,CE,Federal Contract Tower,0,0,6,2,8,0,23,82,0,105,0,23,88,2,113,264,2,266,379
04/15/2017,SSF,TX,ASW,CE,Federal Contract Tower,0,0,16,0,16,0,33,43,0,76,0,33,59,0,92,142,0,142,234
04/16/2017,SSF,TX,ASW,CE,Federal Contract Tower,0,0,8,0,8,3,23,0,0,26,3,23,8,0,34,50,0,50,84
04/17/2017,SSF,TX,ASW,CE,Federal Contract Tower,0,2,6,10,18,0,9,30,0,39,0,11,36,10,57,72,10,82,139
04/18/2017,SSF,TX,ASW,CE,Federal Contract Tower,0,0,11,32,43,0,11,119,0,130,0,11,130,32,173,342,50,392,565
04/19/2017,SSF,TX,ASW,CE,Federal Contract Tower,0,0,11,16,27,0,9,117,0,126,0,9,128,16,153,252,10,262,415
04/20/2017,SSF,TX,ASW,CE,Federal Contract Tower,0,0,23,12,35,0,13,74,0,87,0,13,97,12,122,296,8,304,426
04/21/2017,SSF,TX,ASW,CE,Federal Contract Tower,0,0,10,10,20,0,16,85,0,101,0,16,95,10,121,238,8,246,367
04/22/2017,SSF,TX,ASW,CE,Federal Contract Tower,0,0,13,0,13,0,18,20,0,38,0,18,33,0,51,140,0,140,191
04/23/2017,SSF,TX,ASW,CE,Federal Contract Tower,0,0,11,0,11,0,10,72,0,82,0,10,83,0,93,182,0,182,275
04/24/2017,SSF,TX,ASW,CE,Federal Contract Tower,0,0,1,12,13,0,2,70,0,72,0,2,71,12,85,164,12,176,261
04/25/2017,SSF,TX,ASW,CE,Federal Contract Tower,0,0,9,20,29,0,11,85,0,96,0,11,94,20,125,271,22,293,418
04/26/2017,SSF,TX,ASW,CE,Federal Contract Tower,0,2,3,10,15,0,1,54,0,55,0,3,57,10,70,180,10,190,260
04/27/2017,SSF,TX,ASW,CE,Federal Contract Tower,0,0,8,16,24,0,7,155,4,166,0,7,163,20,190,390,20,410,600
04/28/2017,SSF,TX,ASW,CE,Federal Contract Tower,0,0,5,18,23,0,4,85,0,89,0,4,90,18,112,416,18,434,546
04/29/2017,SSF,TX,ASW,CE,Federal Contract Tower,0,0,4,0,4,0,33,38,0,71,0,33,42,0,75,116,0,116,191
04/30/2017,SSF,TX,ASW,CE,Federal Contract Tower,0,2,2,1,5,0,2,60,0,62,0,4,62,1,67,88,0,88,155
05/01/2017,SSF,TX,ASW,CE,Federal Contract Tower,0,1,4,12,17,0,4,82,0,86,0,5,86,12,103,206,12,218,321
05/02/2017,SSF,TX,ASW,CE,Federal Contract Tower,0,0,10,14,24,0,7,77,3,87,0,7,87,17,111,232,60,292,403
05/03/2017,SSF,TX,ASW,CE,Federal Contract Tower,0,0,13,22,35,0,0,109,0,109,0,0,122,22,144,302,18,320,464
05/04/2017,SSF,TX,ASW,CE,Federal Contract Tower,0,0,2,19,21,0,5,106,0,111,0,5,108,19,132,202,16,218,350
05/05/2017,SSF,TX,ASW,CE,Federal Contract Tower,0,0,9,10,19,0,10,117,0,127,0,10,126,10,146,386,10,396,542
05/06/2017,SSF,TX,ASW,CE,Federal Contract Tower,0,0,5,2,7,0,16,241,9,266,0,16,246,11,273,154,10,164,437
05/07/2017,SSF,TX,ASW,CE,Federal Contract Tower,0,0,7,0,7,0,0,73,0,73,0,0,80,0,80,116,0,116,196
05/08/2017,SSF,TX,ASW,CE,Federal Contract Tower,0,0,4,20,24,0,4,68,0,72,0,4,72,20,96,144,20,164,260
05/09/2017,SSF,TX,ASW,CE,Federal Contract Tower,0,0,7,24,31,0,4,29,0,33,0,4,36,24,64,212,22,234,298
05/10/2017,SSF,TX,ASW,CE,Federal Contract Tower,0,0,18,10,28,0,6,89,0,95,0,6,107,10,123,440,10,450,573
05/11/2017,SSF,TX,ASW,CE,Federal Contract Tower,0,2,6,8,16,0,1,77,0,78,0,3,83,8,94,380,8,388,482
05/12/2017,SSF,TX,ASW,CE,Federal Contract Tower,0,0,8,6,14,0,7,103,0,110,0,7,111,6,124,190,4,194,318
05/13/2017,SSF,TX,ASW,CE,Federal Contract Tower,0,0,9,4,13,0,22,61,5,88,0,22,70,9,101,190,4,194,295
05/14/2017,SSF,TX,ASW,CE,Federal Contract Tower,0,0,1,2,3,0,0,55,0,55,0,0,56,2,58,44,2,46,104
05/15/2017,SSF,TX,ASW,CE,Federal Contract Tower,0,0,15,14,29,0,2,79,0,81,0,2,94,14,110,128,12,140,250
05/16/2017,SSF,TX,ASW,CE,Federal Contract Tower,0,2,15,16,33,0,8,61,0,69,0,10,76,16,102,200,14,214,316
05/17/2017,SSF,TX,ASW,CE,Federal Contract Tower,0,0,16,14,30,0,4,69,0,73,0,4,85,14,103,193,12,205,308
05/18/2017,SSF,TX,ASW,CE,Federal Contract Tower,0,2,16,16,34,0,22,76,0,98,0,24,92,16,132,188,18,206,338
05/19/2017,SSF,TX,ASW,CE,Federal Contract Tower,0,0,8,0,8,0,10,56,2,68,0,10,64,2,76,200,0,200,276
05/20/2017,SSF,TX,ASW,CE,Federal Contract Tower,0,0,5,0,5,0,8,34,0,42,0,8,39,0,47,124,0,124,171
05/21/2017,SSF,TX,ASW,CE,Federal Contract Tower,0,0,5,0,5,0,6,25,0,31,0,6,30,0,36,112,0,112,148
05/22/2017,SSF,TX,ASW,CE,Federal Contract Tower,0,1,12,50,63,0,9,45,0,54,0,10,57,50,117,180,62,242,359
05/23/2017,SSF,TX,ASW,CE,Federal Contract Tower,0,0,4,13,17,0,6,59,0,65,0,6,63,13,82,112,16,128,210
05/24/2017,SSF,TX,ASW,CE,Federal Contract Tower,0,3,10,14,27,0,0,120,0,120,0,3,130,14,147,342,14,356,503
05/25/2017,SSF,TX,ASW,CE,Federal Contract Tower,0,0,2,10,12,0,12,88,0,100,0,12,90,10,112,328,10,338,450
05/26/2017,SSF,TX,ASW,CE,Federal Contract Tower,0,2,24,0,26,0,4,97,0,101,0,6,121,0,127,302,0,302,429
05/27/2017,SSF,TX,ASW,CE,Federal Contract Tower,0,0,11,0,11,0,10,67,1,78,0,10,78,1,89,88,0,88,177
05/28/2017,SSF,TX,ASW,CE,Federal Contract Tower,0,0,8,0,8,0,8,20,0,28,0,8,28,0,36,104,0,104,140
05/29/2017,SSF,TX,ASW,CE,Federal Contract Tower,0,0,8,0,8,0,0,39,0,39,0,0,47,0,47,182,0,182,229
05/30/2017,SSF,TX,ASW,CE,Federal Contract Tower,0,0,10,18,28,0,2,81,0,83,0,2,91,18,111,290,18,308,419
05/31/2017,SSF,TX,ASW,CE,Federal Contract Tower,0,0,11,18,29,0,0,30,2,32,0,0,41,20,61,148,38,186,247
06/01/2017,SSF,TX,ASW,CE,Federal Contract Tower,0,0,17,32,49,0,0,32,1,33,0,0,49,33,82,212,32,244,326
06/02/2017,SSF,TX,ASW,CE,Federal Contract Tower,0,2,10,16,28,0,2,56,0,58,0,4,66,16,86,262,16,278,364
06/03/2017,SSF,TX,ASW,CE,Federal Contract Tower,0,0,20,2,22,0,23,46,0,69,0,23,66,2,91,208,2,210,301
06/04/2017,SSF,TX,ASW,CE,Federal Contract Tower,0,0,4,0,4,0,6,28,0,34,0,6,32,0,38,58,0,58,96
06/05/2017,SSF,TX,ASW,CE,Federal Contract Tower,0,0,6,20,26,0,2,88,10,100,0,2,94,30,126,84,20,104,230
06/06/2017,SSF,TX,ASW,CE,Federal Contract Tower,0,0,4,16,20,0,8,112,2,122,0,8,116,18,142,180,16,196,338
06/07/2017,SSF,TX,ASW,CE,Federal Contract Tower,0,0,8,18,26,0,6,118,0,124,0,6,126,18,150,386,18,404,554
06/08/2017,SSF,TX,ASW,CE,Federal Contract Tower,0,0,12,18,30,0,8,84,0,92,0,8,96,18,122,204,18,222,344
06/09/2017,SSF,TX,ASW,CE,Federal Contract Tower,0,0,6,10,16,0,0,62,0,62,0,0,68,10,78,122,10,132,210
06/10/2017,SSF,TX,ASW,CE,Federal Contract Tower,0,0,18,0,18,0,0,54,0,54,0,0,72,0,72,110,0,110,182
06/11/2017,SSF,TX,ASW,CE,Federal Contract Tower,0,0,2,0,2,0,4,44,0,48,0,4,46,0,50,42,0,42,92
06/12/2017,SSF,TX,ASW,CE,Federal Contract Tower,0,0,10,18,28,0,4,100,0,104,0,4,110,18,132,180,24,204,336
06/13/2017,SSF,TX,ASW,CE,Federal Contract Tower,0,0,6,14,20,0,18,69,0,87,0,18,75,14,107,238,14,252,359
06/14/2017,SSF,TX,ASW,CE,Federal Contract Tower,0,0,9,18,27,0,2,89,0,91,0,2,98,18,118,234,18,252,370
06/15/2017,SSF,TX,ASW,CE,Federal Contract Tower,0,1,17,12,30,0,4,85,1,90,0,5,102,13,120,194,12,206,326
06/16/2017,SSF,TX,ASW,CE,Federal Contract Tower,0,0,5,14,19,0,6,66,0,72,0,6,71,14,91,108,14,122,213
06/17/2017,SSF,TX,ASW,CE,Federal Contract Tower,0,1,3,2,6,0,21,43,12,76,0,22,46,14,82,58,2,60,142
06/18/2017,SSF,TX,ASW,CE,Federal Contract Tower,0,0,3,0,3,0,4,26,8,38,0,4,29,8,41,54,0,54,95
06/19/2017,SSF,TX,ASW,CE,Federal Contract Tower,0,0,10,2,12,0,12,80,0,92,0,12,90,2,104,114,2,116,220
06/20/2017,SSF,TX,ASW,CE,Federal Contract Tower,0,0,6,22,28,0,2,100,0,102,0,2,106,22,130,294,26,320,450
06/21/2017,SSF,TX,ASW,CE,Federal Contract Tower,0,2,5,8,15,0,17,73,0,90,0,19,78,8,105,104,8,112,217
06/22/2017,SSF,TX,ASW,CE,Federal Contract Tower,0,0,4,14,18,0,12,78,0,90,0,12,82,14,108,186,14,200,308
06/23/2017,SSF,TX,ASW,CE,Federal Contract Tower,0,2,5,10,17,0,2,60,1,63,0,4,65,11,80,180,10,190,270
06/24/2017,SSF,TX,ASW,CE,Federal Contract Tower,0,0,6,0,6,0,20,18,0,38,0,20,24,0,44,104,0,104,148
06/25/2017,SSF,TX,ASW,CE,Federal Contract Tower,0,0,5,0,5,0,6,24,0,30,0,6,29,0,35,66,0,66,101
06/26/2017,SSF,TX,ASW,CE,Federal Contract Tower,0,0,2,30,32,0,6,46,0,52,0,6,48,30,84,56,28,84,168
06/27/2017,SSF,TX,ASW,CE,Federal Contract Tower,0,2,5,12,19,0,4,38,0,42,0,6,43,12,61,100,12,112,173
06/28/2017,SSF,TX,ASW,CE,Federal Contract Tower,0,1,21,22,44,0,12,50,0,62,0,13,71,22,106,136,24,160,266
06/29/2017,SSF,TX,ASW,CE,Federal Contract Tower,0,0,10,10,20,0,10,68,0,78,0,10,78,10,98,96,10,106,204
06/30/2017,SSF,TX,ASW,CE,Federal Contract Tower,0,0,8,14,22,0,18,41,0,59,0,18,49,14,81,140,18,158,239
07/01/2017,SSF,TX,ASW,CE,Federal Contract Tower,0,0,12,5,17,0,24,57,4,85,0,24,69,9,102,54,0,54,156
07/02/2017,SSF,TX,ASW,CE,Federal Contract Tower,0,2,5,0,7,0,0,45,0,45,0,2,50,0,52,70,0,70,122
07/03/2017,SSF,TX,ASW,CE,Federal Contract Tower,0,0,10,0,10,0,6,41,0,47,0,6,51,0,57,22,0,22,79
07/04/2017,SSF,TX,ASW,CE,Federal Contract Tower,0,0,7,0,7,0,113,92,0,205,0,113,99,0,212,228,0,228,440
07/05/2017,SSF,TX,ASW,CE,Federal Contract Tower,0,0,11,12,23,0,12,87,0,99,0,12,98,12,122,94,10,104,226
07/06/2017,SSF,TX,ASW,CE,Federal Contract Tower,0,0,19,14,33,0,0,77,0,77,0,0,96,14,110,256,14,270,380
07/07/2017,SSF,TX,ASW,CE,Federal Contract Tower,0,0,4,4,8,0,13,69,0,82,0,13,73,4,90,94,4,98,188
07/08/2017,SSF,TX,ASW,CE,Federal Contract Tower,0,0,11,4,15,0,15,69,1,85,0,15,80,5,100,166,4,170,270
07/09/2017,SSF,TX,ASW,CE,Federal Contract Tower,0,0,4,3,7,0,4,40,0,44,0,4,44,3,51,30,2,32,83
07/10/2017,SSF,TX,ASW,CE,Federal Contract Tower,0,0,0,6,6,0,6,76,0,82,0,6,76,6,88,116,6,122,210
07/11/2017,SSF,TX,ASW,CE,Federal Contract Tower,0,0,6,20,26,0,2,93,0,95,0,2,99,20,121,78,20,98,219
07/12/2017,SSF,TX,ASW,CE,Federal Contract Tower,0,2,10,14,26,0,10,52,0,62,0,12,62,14,88,90,12,102,190
07/13/2017,SSF,TX,ASW,CE,Federal Contract Tower,0,1,14,8,23,0,5,97,2,104,0,6,111,10,127,166,8,174,301
07/14/2017,SSF,TX,ASW,CE,Federal Contract Tower,0,0,6,10,16,0,2,95,0,97,0,2,101,10,113,268,10,278,391
07/15/2017,SSF,TX,ASW,CE,Federal Contract Tower,0,0,11,1,12,0,6,58,13,77,0,6,69,14,89,126,0,126,215
07/16/2017,SSF,TX,ASW,CE,Federal Contract Tower,0,0,7,0,7,0,8,57,4,69,0,8,64,4,76,86,0,86,162
07/17/2017,SSF,TX,ASW,CE,Federal Contract Tower,0,2,6,4,12,0,2,56,0,58,0,4,62,4,70,126,2,128,198
07/18/2017,SSF,TX,ASW,CE,Federal Contract Tower,0,1,7,14,22,0,7,103,0,110,0,8,110,14,132,190,18,208,340
07/19/2017,SSF,TX,ASW,CE,Federal Contract Tower,0,0,7,6,13,0,0,91,3,94,0,0,98,9,107,178,20,198,305
07/20/2017,SSF,TX,ASW,CE,Federal Contract Tower,0,0,4,10,14,0,19,68,0,87,0,19,72,10,101,112,10,122,223
07/21/2017,SSF,TX,ASW,CE,Federal Contract Tower,0,0,4,4,8,0,7,100,0,107,0,7,104,4,115,312,6,318,433
07/22/2017,SSF,TX,ASW,CE,Federal Contract Tower,0,0,0,2,2,0,2,59,0,61,0,2,59,2,63,134,2,136,199
07/23/2017,SSF,TX,ASW,CE,Federal Contract Tower,0,0,2,0,2,0,10,41,0,51,0,10,43,0,53,122,0,122,175
07/24/2017,SSF,TX,ASW,CE,Federal Contract Tower,0,0,0,2,2,0,3,59,0,62,0,3,59,2,64,42,2,44,108
07/25/2017,SSF,TX,ASW,CE,Federal Contract Tower,0,0,6,12,18,0,14,60,0,74,0,14,66,12,92,98,16,114,206
07/26/2017,SSF,TX,ASW,CE,Federal Contract Tower,0,0,1,8,9,0,6,91,0,97,0,6,92,8,106,184,6,190,296
07/27/2017,SSF,TX,ASW,CE,Federal Contract Tower,0,0,1,14,15,0,2,105,4,111,0,2,106,18,126,244,16,260,386
07/28/2017,SSF,TX,ASW,CE,Federal Contract Tower,0,0,5,8,13,0,4,68,0,72,0,4,73,8,85,82,2,84,169
07/29/2017,SSF,TX,ASW,CE,Federal Contract Tower,0,0,6,6,12,0,27,44,11,82,0,27,50,17,94,164,76,240,334
07/30/2017,SSF,TX,ASW,CE,Federal Contract Tower,0,0,4,0,4,0,0,47,0,47,0,0,51,0,51,72,0,72,123
07/31/2017,SSF,TX,ASW,CE,Federal Contract Tower,0,0,8,10,18,0,6,85,1,92,0,6,93,11,110,180,10,190,300
08/01/2017,SSF,TX,ASW,CE,Federal Contract Tower,0,1,6,12,19,0,10,117,0,127,0,11,123,12,146,188,12,200,346
08/02/2017,SSF,TX,ASW,CE,Federal Contract Tower,0,0,12,8,20,0,8,76,2,86,0,8,88,10,106,290,8,298,404
08/03/2017,SSF,TX,ASW,CE,Federal Contract Tower,0,0,8,16,24,0,2,73,0,75,0,2,81,16,99,336,16,352,451
08/04/2017,SSF,TX,ASW,CE,Federal Contract Tower,0,0,4,4,8,0,12,99,0,111,0,12,103,4,119,228,4,232,351
08/05/2017,SSF,TX,ASW,CE,Federal Contract Tower,0,0,5,6,11,0,4,67,2,73,0,4,72,8,84,236,4,240,324
08/06/2017,SSF,TX,ASW,CE,Federal Contract Tower,0,0,9,2,11,0,4,50,0,54,0,4,59,2,65,68,2,70,135
08/07/2017,SSF,TX,ASW,CE,Federal Contract Tower,0,0,7,2,9,0,6,16,0,22,0,6,23,2,31,34,2,36,67
08/08/2017,SSF,TX,ASW,CE,Federal Contract Tower,0,0,8,12,20,0,6,88,0,94,0,6,96,12,114,424,14,438,552
08/09/2017,SSF,TX,ASW,CE,Federal Contract Tower,0,0,10,22,32,0,20,55,0,75,0,20,65,22,107,348,40,388,495
08/10/2017,SSF,TX,ASW,CE,Federal Contract Tower,0,0,6,6,12,0,7,72,0,79,0,7,78,6,91,428,6,434,525
08/11/2017,SSF,TX,ASW,CE,Federal Contract Tower,0,0,10,6,16,0,12,82,0,94,0,12,92,6,110,358,6,364,474
08/12/2017,SSF,TX,ASW,CE,Federal Contract Tower,0,0,8,0,8,0,10,53,0,63,0,10,61,0,71,106,0,106,177
08/13/2017,SSF,TX,ASW,CE,Federal Contract Tower,0,0,5,0,5,0,0,55,0,55,0,0,60,0,60,142,0,142,202
08/14/2017,SSF,TX,ASW,CE,Federal Contract Tower,0,0,1,18,19,0,6,66,0,72,0,6,67,18,91,130,16,146,237
08/15/2017,SSF,TX,ASW,CE,Federal Contract Tower,0,2,12,20,34,0,6,90,0,96,0,8,102,20,130,226,18,244,374
08/16/2017,SSF,TX,ASW,CE,Federal Contract Tower,0,0,8,16,24,0,15,78,0,93,0,15,86,16,117,336,14,350,467
08/17/2017,SSF,TX,ASW,CE,Federal Contract Tower,0,0,10,14,24,0,8,88,0,96,0,8,98,14,120,312,12,324,444
08/18/2017,SSF,TX,ASW,CE,Federal Contract Tower,0,0,13,24,37,0,16,68,0,84,0,16,81,24,121,206,24,230,351
08/19/2017,SSF,TX,ASW,CE,Federal Contract Tower,0,0,12,2,14,0,16,60,0,76,0,16,72,2,90,118,2,120,210
08/20/2017,SSF,TX,ASW,CE,Federal Contract Tower,0,0,6,2,8,0,1,51,2,54,0,1,57,4,62,44,2,46,108
08/21/2017,SSF,TX,ASW,CE,Federal Contract Tower,0,0,4,18,22,0,8,95,0,103,0,8,99,18,125,156,16,172,297
08/22/2017,SSF,TX,ASW,CE,Federal Contract Tower,0,1,2,20,23,0,0,102,0,102,0,1,104,20,125,298,20,318,443
08/23/2017,SSF,TX,ASW,CE,Federal Contract Tower,0,1,3,16,20,0,4,97,5,106,0,5,100,21,126,308,22,330,456
08/24/2017,SSF,TX,ASW,CE,Federal Contract Tower,0,0,6,18,24,0,10,76,4,90,0,10,82,22,114,266,16,282,396
08/25/2017,SSF,TX,ASW,CE,Federal Contract Tower,0,0,3,0,3,0,8,30,0,38,0,8,33,0,41,72,0,72,113
08/26/2017,SSF,TX,ASW,CE,Federal Contract Tower,0,0,0,0,0,0,0,8,0,8,0,0,8,0,8,0,0,0,8
08/27/2017,SSF,TX,ASW,CE,Federal Contract Tower,0,2,3,0,5,0,5,22,6,33,0,7,25,6,38,4,0,4,42
08/28/2017,SSF,TX,ASW,CE,Federal Contract Tower,0,0,9,1,10,0,4,20,0,24,0,4,29,1,34,22,2,24,58
08/29/2017,SSF,TX,ASW,CE,Federal Contract Tower,0,5,13,2,20,0,8,82,1,91,0,13,95,3,111,212,0,212,323
08/30/2017,SSF,TX,ASW,CE,Federal Contract Tower,0,0,3,11,14,0,33,98,3,134,0,33,101,14,148,300,8,308,456
08/31/2017,SSF,TX,ASW,CE,Federal Contract Tower,0,2,2,16,20,0,40,69,7,116,0,42,71,23,136,52,6,58,194
09/01/2017,SSF,TX,ASW,CE,Federal Contract Tower,0,4,6,2,12,0,18,78,6,102,0,22,84,8,114,198,0,198,312
09/02/2017,SSF,TX,ASW,CE,Federal Contract Tower,0,15,18,0,33,0,20,61,2,83,0,35,79,2,116,138,0,138,254
09/03/2017,SSF,TX,ASW,CE,Federal Contract Tower,0,9,5,10,24,0,0,58,2,60,0,9,63,12,84,150,0,150,234
09/04/2017,SSF,TX,ASW,CE,Federal Contract Tower,0,2,11,0,13,0,2,32,0,34,0,4,43,0,47,16,0,16,63
09/05/2017,SSF,TX,ASW,CE,Federal Contract Tower,0,2,11,42,55,0,8,66,0,74,0,10,77,42,129,152,18,170,299
09/06/2017,SSF,TX,ASW,CE,Federal Contract Tower,0,1,7,25,33,0,4,54,4,62,0,5,61,29,95,164,22,186,281
09/07/2017,SSF,TX,ASW,CE,Federal Contract Tower,0,2,5,20,27,0,6,69,0,75,0,8,74,20,102,120,12,132,234
09/08/2017,SSF,TX,ASW,CE,Federal Contract Tower,0,1,8,16,25,0,0,64,2,66,0,1,72,18,91,110,16,126,217
09/09/2017,SSF,TX,ASW,CE,Federal Contract Tower,0,1,8,10,19,0,26,61,0,87,0,27,69,10,106,126,10,136,242
09/10/2017,SSF,TX,ASW,CE,Federal Contract Tower,0,0,5,0,5,0,8,55,0,63,0,8,60,0,68,88,0,88,156
09/11/2017,SSF,TX,ASW,CE,Federal Contract Tower,0,0,5,14,19,0,0,81,0,81,0,0,86,14,100,140,10,150,250
09/12/2017,SSF,TX,ASW,CE,Federal Contract Tower,0,0,5,20,25,0,12,140,28,180,0,12,145,48,205,322,20,342,547
09/13/2017,SSF,TX,ASW,CE,Federal Contract Tower,0,0,11,18,29,0,11,76,4,91,0,11,87,22,120,224,18,242,362
09/14/2017,SSF,TX,ASW,CE,Federal Contract Tower,0,0,6,28,34,0,6,96,0,102,0,6,102,28,136,164,22,186,322
09/15/2017,SSF,TX,ASW,CE,Federal Contract Tower,0,0,12,20,32,0,6,74,0,80,0,6,86,20,112,190,18,208,320
09/16/2017,SSF,TX,ASW,CE,Federal Contract Tower,0,0,20,6,26,0,5,34,0,39,0,5,54,6,65,86,4,90,155
09/17/2017,SSF,TX,ASW,CE,Federal Contract Tower,0,0,11,0,11,0,10,43,0,53,0,10,54,0,64,78,0,78,142
09/18/2017,SSF,TX,ASW,CE,Federal Contract Tower,0,0,9,16,25,0,6,62,0,68,0,6,71,16,93,124,12,136,229
09/19/2017,SSF,TX,ASW,CE,Federal Contract Tower,0,0,5,12,17,0,18,81,10,109,0,18,86,22,126,260,16,276,402
09/20/2017,SSF,TX,ASW,CE,Federal Contract Tower,0,2,3,22,27,0,8,82,3,93,0,10,85,25,120,258,36,294,414
09/21/2017,SSF,TX,ASW,CE,Federal Contract Tower,0,0,9,28,37,0,4,56,0,60,0,4,65,28,97,182,28,210,307
09/22/2017,SSF,TX,ASW,CE,Federal Contract Tower,0,0,8,4,12,0,0,107,0,107,0,0,115,4,119,210,8,218,337
09/23/2017,SSF,TX,ASW,CE,Federal Contract Tower,0,0,7,0,7,0,9,121,0,130,0,9,128,0,137,108,0,108,245
09/24/2017,SSF,TX,ASW,CE,Federal Contract Tower,0,0,12,0,12,0,0,43,0,43,0,0,55,0,55,78,0,78,133
09/25/2017,SSF,TX,ASW,CE,Federal Contract Tower,0,0,2,12,14,0,5,40,0,45,0,5,42,12,59,90,12,102,161
09/26/2017,SSF,TX,ASW,CE,Federal Contract Tower,0,0,16,0,16,0,0,14,0,14,0,0,30,0,30,62,0,62,92
09/27/2017,SSF,TX,ASW,CE,Federal Contract Tower,0,0,11,10,21,0,0,21,0,21,0,0,32,10,42,36,10,46,88
09/28/2017,SSF,TX,ASW,CE,Federal Contract Tower,0,0,20,16,36,0,2,33,0,35,0,2,53,16,71,144,12,156,227
09/29/2017,SSF,TX,ASW,CE,Federal Contract Tower,0,0,14,20,34,0,2,50,0,52,0,2,64,20,86,194,20,214,300
09/30/2017,SSF,TX,ASW,CE,Federal Contract Tower,0,2,5,0,7,0,16,100,0,116,0,18,105,0,123,146,0,146,269
10/01/2017,SSF,TX,ASW,CE,Federal Contract Tower,0,0,4,0,4,0,2,57,0,59,0,2,61,0,63,100,0,100,163
10/02/2017,SSF,TX,ASW,CE,Federal Contract Tower,0,0,4,16,20,0,6,60,0,66,0,6,64,16,86,158,18,176,262
10/03/2017,SSF,TX,ASW,CE,Federal Contract Tower,0,0,9,20,29,0,0,22,0,22,0,0,31,20,51,44,22,66,117
10/04/2017,SSF,TX,ASW,CE,Federal Contract Tower,0,2,11,15,28,0,0,61,0,61,0,2,72,15,89,220,10,230,319
10/05/2017,SSF,TX,ASW,CE,Federal Contract Tower,0,0,12,28,40,0,0,70,0,70,0,0,82,28,110,204,24,228,338
10/06/2017,SSF,TX,ASW,CE,Federal Contract Tower,0,0,19,18,37,0,9,104,0,113,0,9,123,18,150,216,18,234,384
10/07/2017,SSF,TX,ASW,CE,Federal Contract Tower,0,0,10,2,12,0,12,89,0,101,0,12,99,2,113,156,2,158,271
10/08/2017,SSF,TX,ASW,CE,Federal Contract Tower,0,0,10,0,10,0,0,64,0,64,0,0,74,0,74,134,0,134,208
10/09/2017,SSF,TX,ASW,CE,Federal Contract Tower,0,0,7,2,9,0,2,69,0,71,0,2,76,2,80,128,2,130,210
10/10/2017,SSF,TX,ASW,CE,Federal Contract Tower,0,1,13,30,44,0,8,51,5,64,0,9,64,35,108,152,68,220,328
10/11/2017,SSF,TX,ASW,CE,Federal Contract Tower,0,0,8,20,28,0,16,88,2,106,0,16,96,22,134,378,22,400,534
10/12/2017,SSF,TX,ASW,CE,Federal Contract Tower,0,0,7,32,39,0,13,91,0,104,0,13,98,32,143,214,34,248,391
10/13/2017,SSF,TX,ASW,CE,Federal Contract Tower,0,0,5,20,25,0,9,45,0,54,0,9,50,20,79,180,14,194,273
10/14/2017,SSF,TX,ASW,CE,Federal Contract Tower,0,0,8,0,8,0,14,53,0,67,0,14,61,0,75,206,0,206,281
10/15/2017,SSF,TX,ASW,CE,Federal Contract Tower,0,0,5,20,25,0,6,27,0,33,0,6,32,20,58,88,16,104,162
10/16/2017,SSF,TX,ASW,CE,Federal Contract Tower,0,0,2,10,12,0,2,83,2,87,0,2,85,12,99,92,14,106,205
10/17/2017,SSF,TX,ASW,CE,Federal Contract Tower,0,0,26,14,40,0,20,98,4,122,0,20,124,18,162,326,14,340,502
10/18/2017,SSF,TX,ASW,CE,Federal Contract Tower,0,1,9,0,10,0,2,95,0,97,0,3,104,0,107,254,8,262,369
10/19/2017,SSF,TX,ASW,CE,Federal Contract Tower,0,1,3,2,6,0,2,86,3,91,0,3,89,5,97,296,12,308,405
10/20/2017,SSF,TX,ASW,CE,Federal Contract Tower,0,0,37,12,49,0,0,26,0,26,0,0,63,12,75,26,6,32,107
10/21/2017,SSF,TX,ASW,CE,Federal Contract Tower,0,0,10,2,12,0,0,24,0,24,0,0,34,2,36,88,2,90,126
10/22/2017,SSF,TX,ASW,CE,Federal Contract Tower,0,0,3,0,3,0,4,35,0,39,0,4,38,0,42,72,0,72,114
10/23/2017,SSF,TX,ASW,CE,Federal Contract Tower,0,0,4,6,10,0,7,67,0,74,0,7,71,6,84,74,4,78,162
10/24/2017,SSF,TX,ASW,CE,Federal Contract Tower,0,2,13,2,17,0,14,68,0,82,0,16,81,2,99,302,2,304,403
10/25/2017,SSF,TX,ASW,CE,Federal Contract Tower,0,5,7,4,16,0,14,109,0,123,0,19,116,4,139,148,10,158,297
10/26/2017,SSF,TX,ASW,CE,Federal Contract Tower,0,3,4,14,21,0,20,81,0,101,0,23,85,14,122,268,14,282,404
10/27/2017,SSF,TX,ASW,CE,Federal Contract Tower,0,0,6,33,39,0,8,28,0,36,0,8,34,33,75,42,34,76,151
10/28/2017,SSF,TX,ASW,CE,Federal Contract Tower,0,0,1,0,1,0,33,72,3,108,0,33,73,3,109,158,12,170,279
10/29/2017,SSF,TX,ASW,CE,Federal Contract Tower,0,0,4,0,4,0,0,56,0,56,0,0,60,0,60,96,0,96,156
10/30/2017,SSF,TX,ASW,CE,Federal Contract Tower,0,0,1,26,27,0,4,70,0,74,0,4,71,26,101,132,28,160,261
10/31/2017,SSF,TX,ASW,CE,Federal Contract Tower,0,0,14,24,38,0,8,21,0,29,0,8,35,24,67,122,24,146,213
11/01/2017,SSF,TX,ASW,CE,Federal Contract Tower,0,0,4,6,10,0,8,49,4,61,0,8,53,10,71,220,6,226,297
11/02/2017,SSF,TX,ASW,CE,Federal Contract Tower,0,0,7,18,25,0,2,40,4,46,0,2,47,22,71,66,12,78,149
11/03/2017,SSF,TX,ASW,CE,Federal Contract Tower,0,0,18,5,23,0,6,40,0,46,0,6,58,5,69,104,4,108,177
11/04/2017,SSF,TX,ASW,CE,Federal Contract Tower,0,0,20,0,20,0,11,27,0,38,0,11,47,0,58,92,0,92,150
11/05/2017,SSF,TX,ASW,CE,Federal Contract Tower,0,0,10,14,24,0,9,52,0,61,0,9,62,14,85,52,0,52,137
11/06/2017,SSF,TX,ASW,CE,Federal Contract Tower,0,0,7,22,29,0,6,72,0,78,0,6,79,22,107,106,18,124,231
11/07/2017,SSF,TX,ASW,CE,Federal Contract Tower,0,0,10,26,36,0,17,63,3,83,0,17,73,29,119,330,32,362,481
11/08/2017,SSF,TX,ASW,CE,Federal Contract Tower,0,0,13,24,37,0,0,20,4,24,0,0,33,28,61,0,78,78,139
11/09/2017,SSF,TX,ASW,CE,Federal Contract Tower,0,0,19,0,19,0,6,45,0,51,0,6,64,0,70,120,0,120,190
11/10/2017,SSF,TX,ASW,CE,Federal Contract Tower,0,0,9,0,9,0,2,67,0,69,0,2,76,0,78,91,0,91,169
11/11/2017,SSF,TX,ASW,CE,Federal Contract Tower,0,0,18,0,18,0,11,57,0,68,0,11,75,0,86,122,0,122,208
11/12/2017,SSF,TX,ASW,CE,Federal Contract Tower,0,0,12,0,12,0,0,1,0,1,0,0,13,0,13,2,0,2,15
11/13/2017,SSF,TX,ASW,CE,Federal Contract Tower,0,0,20,34,54,0,1,72,0,73,0,1,92,34,127,146,32,178,305
11/14/2017,SSF,TX,ASW,CE,Federal Contract Tower,0,0,9,26,35,0,2,86,2,90,0,2,95,28,125,240,26,266,391
11/15/2017,SSF,TX,ASW,CE,Federal Contract Tower,0,0,15,26,41,0,9,81,0,90,0,9,96,26,131,264,16,280,411
11/16/2017,SSF,TX,ASW,CE,Federal Contract Tower,0,0,18,18,36,0,13,67,0,80,0,13,85,18,116,318,12,330,446
11/17/2017,SSF,TX,ASW,CE,Federal Contract Tower,0,0,15,29,44,0,0,72,0,72,0,0,87,29,116,198,26,224,340
11/18/2017,SSF,TX,ASW,CE,Federal Contract Tower,0,1,4,4,9,0,7,45,0,52,0,8,49,4,61,184,4,188,249
11/19/2017,SSF,TX,ASW,CE,Federal Contract Tower,0,1,2,0,3,0,4,71,0,75,0,5,73,0,78,92,0,92,170
11/20/2017,SSF,TX,ASW,CE,Federal Contract Tower,0,0,2,18,20,0,9,115,1,125,0,9,117,19,145,336,16,352,497
11/21/2017,SSF,TX,ASW,CE,Federal Contract Tower,0,0,7,17,24,0,6,90,2,98,0,6,97,19,122,220,18,238,360
11/22/2017,SSF,TX,ASW,CE,Federal Contract Tower,0,0,14,8,22,0,0,68,0,68,0,0,82,8,90,190,8,198,288
11/23/2017,SSF,TX,ASW,CE,Federal Contract Tower,0,0,1,2,3,0,2,21,0,23,0,2,22,2,26,50,0,50,76
11/24/2017,SSF,TX,ASW,CE,Federal Contract Tower,0,0,1,0,1,0,10,75,0,85,0,10,76,0,86,166,0,166,252
11/25/2017,SSF,TX,ASW,CE,Federal Contract Tower,0,0,6,0,6,0,13,78,0,91,0,13,84,0,97,190,0,190,287
11/26/2017,SSF,TX,ASW,CE,Federal Contract Tower,0,0,11,0,11,0,8,66,0,74,0,8,77,0,85,56,0,56,141
11/27/2017,SSF,TX,ASW,CE,Federal Contract Tower,0,0,8,23,31,0,4,81,0,85,0,4,89,23,116,224,22,246,362
11/28/2017,SSF,TX,ASW,CE,Federal Contract Tower,0,2,4,16,22,0,15,111,2,128,0,17,115,18,150,282,48,330,480
11/29/2017,SSF,TX,ASW,CE,Federal Contract Tower,0,0,14,22,36,0,4,84,0,88,0,4,98,22,124,188,24,212,336
11/30/2017,SSF,TX,ASW,CE,Federal Contract Tower,0,3,8,28,39,0,2,119,0,121,0,5,127,28,160,422,16,438,598
12/01/2017,SSF,TX,ASW,CE,Federal Contract Tower,0,0,11,18,29,0,0,96,0,96,0,0,107,18,125,284,8,292,417
12/02/2017,SSF,TX,ASW,CE,Federal Contract Tower,0,0,7,0,7,0,2,88,0,90,0,2,95,0,97,192,0,192,289
12/03/2017,SSF,TX,ASW,CE,Federal Contract Tower,0,0,8,2,10,0,4,27,0,31,0,4,35,2,41,70,2,72,113
12/04/2017,SSF,TX,ASW,CE,Federal Contract Tower,0,0,4,32,36,0,4,60,0,64,0,4,64,32,100,96,26,122,222
12/05/2017,SSF,TX,ASW,CE,Federal Contract Tower,0,2,5,14,21,0,10,40,2,52,0,12,45,16,73,106,12,118,191
12/06/2017,SSF,TX,ASW,CE,Federal Contract Tower,0,0,0,2,2,0,0,6,2,8,0,0,6,4,10,0,22,22,32
12/07/2017,SSF,TX,ASW,CE,Federal Contract Tower,0,0,0,0,0,0,0,15,2,17,0,0,15,2,17,84,24,108,125
12/08/2017,SSF,TX,ASW,CE,Federal Contract Tower,0,0,13,0,13,0,5,74,6,85,0,5,87,6,98,144,6,150,248
12/09/2017,SSF,TX,ASW,CE,Federal Contract Tower,0,0,3,2,5,0,20,62,3,85,0,20,65,5,90,199,2,201,291
12/10/2017,SSF,TX,ASW,CE,Federal Contract Tower,0,0,10,0,10,0,20,60,0,80,0,20,70,0,90,106,2,108,198
12/11/2017,SSF,TX,ASW,CE,Federal Contract Tower,0,0,2,26,28,0,24,88,0,112,0,24,90,26,140,236,16,252,392
12/12/2017,SSF,TX,ASW,CE,Federal Contract Tower,0,1,5,24,30,0,10,92,0,102,0,11,97,24,132,356,24,380,512
12/13/2017,SSF,TX,ASW,CE,Federal Contract Tower,0,1,11,33,45,0,5,77,0,82,0,6,88,33,127,232,28,260,387
12/14/2017,SSF,TX,ASW,CE,Federal Contract Tower,0,3,4,24,31,0,8,81,0,89,0,11,85,24,120,198,20,218,338
12/15/2017,SSF,TX,ASW,CE,Federal Contract Tower,0,2,18,16,36,0,2,53,0,55,0,4,71,16,91,110,14,124,215
12/16/2017,SSF,TX,ASW,CE,Federal Contract Tower,0,0,13,0,13,0,22,34,0,56,0,22,47,0,69,108,0,108,177
12/17/2017,SSF,TX,ASW,CE,Federal Contract Tower,0,0,13,6,19,0,0,2,0,2,0,0,15,6,21,0,6,6,27
12/18/2017,SSF,TX,ASW,CE,Federal Contract Tower,0,1,0,2,3,0,0,0,0,0,0,1,0,2,3,0,0,0,3
12/19/2017,SSF,TX,ASW,CE,Federal Contract Tower,0,0,3,0,3,0,0,6,0,6,0,0,9,0,9,52,0,52,61
12/20/2017,SSF,TX,ASW,CE,Federal Contract Tower,0,2,14,6,22,0,19,96,4,119,0,21,110,10,141,298,56,354,495
12/21/2017,SSF,TX,ASW,CE,Federal Contract Tower,0,0,10,12,22,0,13,93,0,106,0,13,103,12,128,412,10,422,550
12/22/2017,SSF,TX,ASW,CE,Federal Contract Tower,0,0,1,14,15,0,0,29,0,29,0,0,30,14,44,170,14,184,228
12/23/2017,SSF,TX,ASW,CE,Federal Contract Tower,0,0,4,0,4,0,24,86,0,110,0,24,90,0,114,156,0,156,270
12/24/2017,SSF,TX,ASW,CE,Federal Contract Tower,0,0,5,0,5,0,8,39,0,47,0,8,44,0,52,224,0,224,276
12/25/2017,SSF,TX,ASW,CE,Federal Contract Tower,0,0,3,0,3,0,0,26,0,26,0,0,29,0,29,96,0,96,125
12/26/2017,SSF,TX,ASW,CE,Federal Contract Tower,0,0,2,0,2,0,0,0,0,0,0,0,2,0,2,0,0,0,2
12/27/2017,SSF,TX,ASW,CE,Federal Contract Tower,0,0,3,0,3,0,0,17,0,17,0,0,20,0,20,140,0,140,160
12/28/2017,SSF,TX,ASW,CE,Federal Contract Tower,0,0,4,18,22,0,0,45,0,45,0,0,49,18,67,260,28,288,355
12/29/2017,SSF,TX,ASW,CE,Federal Contract Tower,0,0,8,2,10,0,2,29,0,31,0,2,37,2,41,156,2,158,199
12/30/2017,SSF,TX,ASW,CE,Federal Contract Tower,0,0,16,0,16,0,14,23,0,37,0,14,39,0,53,66,0,66,119
12/31/2017,SSF,TX,ASW,CE,Federal Contract Tower,0,2,1,0,3,0,0,5,0,5,0,2,6,0,8,6,0,6,14
01/01/2018,SSF,TX,ASW,CE,Federal Contract Tower,0,0,0,0,0,0,0,8,0,8,0,0,8,0,8,30,0,30,38
01/02/2018,SSF,TX,ASW,CE,Federal Contract Tower,0,0,0,0,0,0,10,38,0,48,0,10,38,0,48,84,0,84,132
01/03/2018,SSF,TX,ASW,CE,Federal Contract Tower,0,2,10,4,16,0,4,89,0,93,0,6,99,4,109,230,2,232,341
01/04/2018,SSF,TX,ASW,CE,Federal Contract Tower,0,0,8,9,17,0,6,83,0,89,0,6,91,9,106,246,10,256,362
01/05/2018,SSF,TX,ASW,CE,Federal Contract Tower,0,0,4,10,14,0,8,70,29,107,0,8,74,39,121,112,10,122,243
01/06/2018,SSF,TX,ASW,CE,Federal Contract Tower,0,0,9,0,9,0,22,67,0,89,0,22,76,0,98,172,0,172,270
01/07/2018,SSF,TX,ASW,CE,Federal Contract Tower,0,0,4,2,6,0,7,37,0,44,0,7,41,2,50,80,2,82,132
01/08/2018,SSF,TX,ASW,CE,Federal Contract Tower,0,0,3,28,31,0,2,87,4,93,0,2,90,32,124,200,22,222,346
01/09/2018,SSF,TX,ASW,CE,Federal Contract Tower,0,0,7,20,27,0,12,109,0,121,0,12,116,20,148,192,26,218,366
01/10/2018,SSF,TX,ASW,CE,Federal Contract Tower,0,0,8,12,20,0,10,47,5,62,0,10,55,17,82,86,66,152,234
01/11/2018,SSF,TX,ASW,CE,Federal Contract Tower,0,1,5,18,24,0,2,40,2,44,0,3,45,20,68,128,10,138,206
01/12/2018,SSF,TX,ASW,CE,Federal Contract Tower,0,1,8,18,27,0,15,93,3,111,0,16,101,21,138,192,14,206,344
01/13/2018,SSF,TX,ASW,CE,Federal Contract Tower,0,0,4,0,4,0,20,93,6,119,0,20,97,6,123,188,0,188,311
01/14/2018,SSF,TX,ASW,CE,Federal Contract Tower,0,0,2,0,2,0,12,56,0,68,0,12,58,0,70,138,0,138,208
01/15/2018,SSF,TX,ASW,CE,Federal Contract Tower,0,2,5,0,7,0,1,56,0,57,0,3,61,0,64,508,0,508,572
01/16/2018,SSF,TX,ASW,CE,Federal Contract Tower,0,0,1,0,1,0,0,4,0,4,0,0,5,0,5,16,0,16,21
01/17/2018,SSF,TX,ASW,CE,Federal Contract Tower,0,0,8,16,24,0,6,51,4,61,0,6,59,20,85,254,16,270,355
01/18/2018,SSF,TX,ASW,CE,Federal Contract Tower,0,0,1,22,23,0,4,59,0,63,0,4,60,22,86,140,16,156,242
01/19/2018,SSF,TX,ASW,CE,Federal Contract Tower,0,0,7,14,21,0,0,12,0,12,0,0,19,14,33,56,6,62,95
01/20/2018,SSF,TX,ASW,CE,Federal Contract Tower,0,0,8,0,8,0,5,19,0,24,0,5,27,0,32,106,0,106,138
01/21/2018,SSF,TX,ASW,CE,Federal Contract Tower,0,0,1,0,1,0,2,19,0,21,0,2,20,0,22,40,0,40,62
01/22/2018,SSF,TX,ASW,CE,Federal Contract Tower,0,0,6,12,18,0,0,83,0,83,0,0,89,12,101,210,10,220,321
01/23/2018,SSF,TX,ASW,CE,Federal Contract Tower,0,0,5,18,23,0,16,106,0,122,0,16,111,18,145,342,16,358,503
01/24/2018,SSF,TX,ASW,CE,Federal Contract Tower,0,0,14,14,28,0,14,103,0,117,0,14,117,14,145,350,8,358,503
01/25/2018,SSF,TX,ASW,CE,Federal Contract Tower,0,0,19,26,45,0,6,93,1,100,0,6,112,27,145,248,22,270,415
01/26/2018,SSF,TX,ASW,CE,Federal Contract Tower,0,0,6,20,26,0,0,7,0,7,0,0,13,20,33,46,20,66,99
01/27/2018,SSF,TX,ASW,CE,Federal Contract Tower,0,0,7,0,7,0,4,24,0,28,0,4,31,0,35,32,0,32,67
01/28/2018,SSF,TX,ASW,CE,Federal Contract Tower,0,0,6,0,6,0,16,86,0,102,0,16,92,0,108,191,0,191,299
01/29/2018,SSF,TX,ASW,CE,Federal Contract Tower,0,0,3,14,17,0,6,89,0,95,0,6,92,14,112,122,14,136,248
01/30/2018,SSF,TX,ASW,CE,Federal Contract Tower,0,0,5,26,31,0,16,99,2,117,0,16,104,28,148,396,34,430,578
01/31/2018,SSF,TX,ASW,CE,Federal Contract Tower,0,0,11,0,11,0,6,76,0,82,0,6,87,0,93,328,0,328,421
02/01/2018,SSF,TX,ASW,CE,Federal Contract Tower,0,0,4,0,4,0,4,102,2,108,0,4,106,2,112,410,0,410,522
02/02/2018,SSF,TX,ASW,CE,Federal Contract Tower,0,0,5,2,7,0,10,55,0,65,0,10,60,2,72,144,6,150,222
02/03/2018,SSF,TX,ASW,CE,Federal Contract Tower,0,3,14,0,17,0,2,15,0,17,0,5,29,0,34,88,0,88,122
02/04/2018,SSF,TX,ASW,CE,Federal Contract Tower,0,0,16,4,20,0,8,48,0,56,0,8,64,4,76,96,0,96,172
02/05/2018,SSF,TX,ASW,CE,Federal Contract Tower,0,2,9,4,15,0,2,40,0,42,0,4,49,4,57,214,6,220,277
02/06/2018,SSF,TX,ASW,CE,Federal Contract Tower,0,0,1,2,3,0,0,0,0,0,0,0,1,2,3,0,0,0,3
02/07/2018,SSF,TX,ASW,CE,Federal Contract Tower,0,0,4,0,4,0,2,40,0,42,0,2,44,0,46,124,0,124,170
02/08/2018,SSF,TX,ASW,CE,Federal Contract Tower,0,6,11,5,22,0,2,91,0,93,0,8,102,5,115,244,4,248,363
02/09/2018,SSF,TX,ASW,CE,Federal Contract Tower,0,0,10,2,12,0,8,10,0,18,0,8,20,2,30,26,2,28,58
02/10/2018,SSF,TX,ASW,CE,Federal Contract Tower,0,0,9,0,9,0,10,7,0,17,0,10,16,0,26,12,0,12,38
02/11/2018,SSF,TX,ASW,CE,Federal Contract Tower,0,0,2,0,2,0,0,16,0,16,0,0,18,0,18,30,0,30,48
02/12/2018,SSF,TX,ASW,CE,Federal Contract Tower,0,0,8,4,12,0,2,117,10,129,0,2,125,14,141,298,22,320,461
02/13/2018,SSF,TX,ASW,CE,Federal Contract Tower,0,0,5,8,13,0,0,2,0,2,0,0,7,8,15,0,4,4,19
02/14/2018,SSF,TX,ASW,CE,Federal Contract Tower,0,0,10,0,10,0,60,36,0,96,0,60,46,0,106,206,0,206,312
02/15/2018,SSF,TX,ASW,CE,Federal Contract Tower,0,0,10,0,10,0,10,26,0,36,0,10,36,0,46,108,0,108,154
02/16/2018,SSF,TX,ASW,CE,Federal Contract Tower,0,0,8,0,8,0,10,47,0,57,0,10,55,0,65,104,0,104,169
02/17/2018,SSF,TX,ASW,CE,Federal Contract Tower,0,0,17,2,19,0,20,25,0,45,0,20,42,2,64,100,2,102,166
02/18/2018,SSF,TX,ASW,CE,Federal Contract Tower,0,0,6,4,10,0,4,28,0,32,0,4,34,4,42,56,4,60,102
02/19/2018,SSF,TX,ASW,CE,Federal Contract Tower,0,0,18,0,18,0,12,43,0,55,0,12,61,0,73,170,0,170,243
02/20/2018,SSF,TX,ASW,CE,Federal Contract Tower,0,1,6,2,9,0,6,16,0,22,0,7,22,2,31,122,2,124,155
02/21/2018,SSF,TX,ASW,CE,Federal Contract Tower,2,0,2,2,6,0,0,13,0,13,2,0,15,2,19,100,0,100,119
02/22/2018,SSF,TX,ASW,CE,Federal Contract Tower,0,0,2,0,2,0,0,0,0,0,0,0,2,0,2,0,0,0,2
02/23/2018,SSF,TX,ASW,CE,Federal Contract Tower,0,0,2,0,2,0,0,4,0,4,0,0,6,0,6,6,0,6,12
02/24/2018,SSF,TX,ASW,CE,Federal Contract Tower,0,0,10,0,10,0,4,33,0,37,0,4,43,0,47,80,2,82,129
02/25/2018,SSF,TX,ASW,CE,Federal Contract Tower,0,0,4,20,24,0,8,48,0,56,0,8,52,20,80,118,0,118,198
02/26/2018,SSF,TX,ASW,CE,Federal Contract Tower,0,0,3,12,15,0,2,112,0,114,0,2,115,12,129,168,6,174,303
02/27/2018,SSF,TX,ASW,CE,Federal Contract Tower,0,2,14,26,42,0,12,75,1,88,0,14,89,27,130,42,78,120,250
02/28/2018,SSF,TX,ASW,CE,Federal Contract Tower,0,0,6,30,36,0,6,59,2,67,0,6,65,32,103,86,42,128,231
03/01/2018,SSF,TX,ASW,CE,Federal Contract Tower,0,0,7,6,13,0,8,118,0,126,0,8,125,6,139,196,6,202,341
03/02/2018,SSF,TX,ASW,CE,Federal Contract Tower,0,0,7,12,19,0,0,69,0,69,0,0,76,12,88,136,8,144,232
03/03/2018,SSF,TX,ASW,CE,Federal Contract Tower,0,0,8,0,8,0,6,6,0,12,0,6,14,0,20,22,0,22,42
03/04/2018,SSF,TX,ASW,CE,Federal Contract Tower,0,0,3,4,7,0,22,28,0,50,0,22,31,4,57,108,4,112,169
03/05/2018,SSF,TX,ASW,CE,Federal Contract Tower,0,0,10,18,28,0,6,41,0,47,0,6,51,18,75,224,18,242,317
03/06/2018,SSF,TX,ASW,CE,Federal Contract Tower,0,0,4,16,20,0,10,118,20,148,0,10,122,36,168,300,16,316,484
03/07/2018,SSF,TX,ASW,CE,Federal Contract Tower,4,0,5,48,57,0,14,114,8,136,4,14,119,56,193,226,34,260,453
03/08/2018,SSF,TX,ASW,CE,Federal Contract Tower,0,0,18,25,43,0,4,175,4,183,0,4,193,29,226,316,22,338,564
03/09/2018,SSF,TX,ASW,CE,Federal Contract Tower,0,0,21,20,41,0,16,89,2,107,0,16,110,22,148,284,20,304,452
03/10/2018,SSF,TX,ASW,CE,Federal Contract Tower,0,0,12,0,12,0,10,64,0,74,0,10,76,0,86,100,0,100,186
03/11/2018,SSF,TX,ASW,CE,Federal Contract Tower,0,0,13,2,15,0,8,25,0,33,0,8,38,2,48,60,2,62,110
03/12/2018,SSF,TX,ASW,CE,Federal Contract Tower,0,1,3,18,22,0,13,77,0,90,0,14,80,18,112,192,10,202,314
03/13/2018,SSF,TX,ASW,CE,Federal Contract Tower,0,0,8,22,30,0,20,95,0,115,0,20,103,22,145,260,16,276,421
03/14/2018,SSF,TX,ASW,CE,Federal Contract Tower,0,0,12,20,32,0,35,122,0,157,0,35,134,20,189,262,18,280,469
03/15/2018,SSF,TX,ASW,CE,Federal Contract Tower,0,0,13,18,31,0,12,44,24,80,0,12,57,42,111,92,10,102,213
03/16/2018,SSF,TX,ASW,CE,Federal Contract Tower,0,0,10,6,16,0,18,38,0,56,0,18,48,6,72,66,4,70,142
03/17/2018,SSF,TX,ASW,CE,Federal Contract Tower,0,0,10,6,16,0,26,56,0,82,0,26,66,6,98,102,4,106,204
03/18/2018,SSF,TX,ASW,CE,Federal Contract Tower,0,0,6,10,16,0,2,26,0,28,0,2,32,10,44,32,10,42,86
03/19/2018,SSF,TX,ASW,CE,Federal Contract Tower,0,0,8,20,28,0,4,88,0,92,0,4,96,20,120,158,32,190,310
03/20/2018,SSF,TX,ASW,CE,Federal Contract Tower,0,0,3,22,25,0,20,120,32,172,0,20,123,54,197,454,28,482,679
03/21/2018,SSF,TX,ASW,CE,Federal Contract Tower,0,0,10,18,28,0,9,92,2,103,0,9,102,20,131,378,12,390,521
03/22/2018,SSF,TX,ASW,CE,Federal Contract Tower,0,0,5,22,27,0,10,77,16,103,0,10,82,38,130,232,16,248,378
03/23/2018,SSF,TX,ASW,CE,Federal Contract Tower,0,0,21,2,23,0,10,40,2,52,0,10,61,4,75,136,0,136,211
03/24/2018,SSF,TX,ASW,CE,Federal Contract Tower,0,0,13,4,17,0,10,54,0,64,0,10,67,4,81,186,4,190,271
03/25/2018,SSF,TX,ASW,CE,Federal Contract Tower,0,0,8,0,8,0,14,23,0,37,0,14,31,0,45,82,0,82,127
03/26/2018,SSF,TX,ASW,CE,Federal Contract Tower,0,3,2,28,33,0,8,63,0,71,0,11,65,28,104,172,24,196,300
03/27/2018,SSF,TX,ASW,CE,Federal Contract Tower,0,0,6,54,60,0,4,63,8,75,0,4,69,62,135,426,22,448,583
03/28/2018,SSF,TX,ASW,CE,Federal Contract Tower,0,0,6,10,16,0,0,22,0,22,0,0,28,10,38,64,10,74,112
03/29/2018,SSF,TX,ASW,CE,Federal Contract Tower,0,0,9,14,23,0,4,104,6,114,0,4,113,20,137,294,22,316,453
03/30/2018,SSF,TX,ASW,CE,Federal Contract Tower,0,9,13,12,34,0,4,85,0,89,0,13,98,12,123,140,6,146,269
03/31/2018,SSF,TX,ASW,CE,Federal Contract Tower,0,7,26,2,35,0,36,77,0,113,0,43,103,2,148,154,2,156,304
04/01/2018,SSF,TX,ASW,CE,Federal Contract Tower,0,2,20,0,22,0,12,52,0,64,0,14,72,0,86,140,0,140,226
04/02/2018,SSF,TX,ASW,CE,Federal Contract Tower,0,0,14,18,32,0,14,70,0,84,0,14,84,18,116,198,20,218,334
04/03/2018,SSF,TX,ASW,CE,Federal Contract Tower,0,8,30,36,74,0,24,68,0,92,0,32,98,36,166,276,26,302,468
04/04/2018,SSF,TX,ASW,CE,Federal Contract Tower,0,0,12,6,18,0,15,94,2,111,0,15,106,8,129,210,6,216,345
04/05/2018,SSF,TX,ASW,CE,Federal Contract Tower,0,4,18,16,38,0,10,75,0,85,0,14,93,16,123,346,16,362,485
04/06/2018,SSF,TX,ASW,CE,Federal Contract Tower,0,2,9,24,35,0,6,50,0,56,0,8,59,24,91,104,20,124,215
04/07/2018,SSF,TX,ASW,CE,Federal Contract Tower,0,0,4,22,26,0,9,23,3,35,0,9,27,25,61,76,46,122,183
04/08/2018,SSF,TX,ASW,CE,Federal Contract Tower,0,0,12,0,12,0,16,37,0,53,0,16,49,0,65,76,0,76,141
04/09/2018,SSF,TX,ASW,CE,Federal Contract Tower,0,0,11,4,15,0,3,18,0,21,0,3,29,4,36,84,4,88,124
04/10/2018,SSF,TX,ASW,CE,Federal Contract Tower,0,1,2,31,34,0,6,119,30,155,0,7,121,61,189,430,40,470,659
04/11/2018,SSF,TX,ASW,CE,Federal Contract Tower,0,2,12,12,26,0,11,145,150,306,0,13,157,162,332,252,10,262,594
04/12/2018,SSF,TX,ASW,CE,Federal Contract Tower,0,0,5,16,21,0,5,81,8,94,0,5,86,24,115,306,16,322,437
04/13/2018,SSF,TX,ASW,CE,Federal Contract Tower,0,4,7,22,33,0,4,53,6,63,0,8,60,28,96,134,16,150,246
04/14/2018,SSF,TX,ASW,CE,Federal Contract Tower,0,0,4,0,4,0,26,34,5,65,0,26,38,5,69,44,6,50,119
04/15/2018,SSF,TX,ASW,CE,Federal Contract Tower,0,0,7,0,7,0,3,57,0,60,0,3,64,0,67,158,0,158,225
04/16/2018,SSF,TX,ASW,CE,Federal Contract Tower,0,0,1,6,7,0,3,102,0,105,0,3,103,6,112,440,6,446,558
04/17/2018,SSF,TX,ASW,CE,Federal Contract Tower,0,0,2,22,24,0,16,124,15,155,0,16,126,37,179,298,58,356,535
04/18/2018,SSF,TX,ASW,CE,Federal Contract Tower,0,0,19,40,59,0,32,89,13,134,0,32,108,53,193,262,36,298,491
04/19/2018,SSF,TX,ASW,CE,Federal Contract Tower,0,0,6,14,20,0,2,88,3,93,0,2,94,17,113,224,22,246,359
04/20/2018,SSF,TX,ASW,CE,Federal Contract Tower,0,0,5,20,25,0,13,67,5,85,0,13,72,25,110,314,66,380,490
04/21/2018,SSF,TX,ASW,CE,Federal Contract Tower,0,0,15,0,15,0,5,5,0,10,0,5,20,0,25,0,0,0,25
04/22/2018,SSF,TX,ASW,CE,Federal Contract Tower,0,0,7,6,13,0,7,63,0,70,0,7,70,6,83,114,4,118,201
04/23/2018,SSF,TX,ASW,CE,Federal Contract Tower,0,0,4,24,28,0,2,123,0,125,0,2,127,24,153,246,24,270,423
04/24/2018,SSF,TX,ASW,CE,Federal Contract Tower,0,0,13,16,29,0,18,113,3,134,0,18,126,19,163,342,28,370,533
04/25/2018,SSF,TX,ASW,CE,Federal Contract Tower,0,0,13,10,23,0,0,64,8,72,0,0,77,18,95,138,8,146,241
04/26/2018,SSF,TX,ASW,CE,Federal Contract Tower,0,0,15,23,38,0,6,106,12,124,0,6,121,35,162,432,20,452,614
04/27/2018,SSF,TX,ASW,CE,Federal Contract Tower,0,0,6,16,22,0,9,116,9,134,0,9,122,25,156,274,12,286,442
04/28/2018,SSF,TX,ASW,CE,Federal Contract Tower,0,0,11,2,13,0,26,86,0,112,0,26,97,2,125,186,0,186,311
04/29/2018,SSF,TX,ASW,CE,Federal Contract Tower,0,0,13,0,13,0,6,56,1,63,0,6,69,1,76,84,0,84,160
04/30/2018,SSF,TX,ASW,CE,Federal Contract Tower,0,0,12,32,44,0,8,61,0,69,0,8,73,32,113,226,26,252,365
05/01/2018,SSF,TX,ASW,CE,Federal Contract Tower,0,0,9,22,31,0,18,25,16,59,0,18,34,38,90,114,52,166,256
05/02/2018,SSF,TX,ASW,CE,Federal Contract Tower,0,0,11,30,41,0,8,42,0,50,0,8,53,30,91,190,20,210,301
05/03/2018,SSF,TX,ASW,CE,Federal Contract Tower,0,0,4,22,26,0,2,37,2,41,0,2,41,24,67,316,26,342,409
05/04/2018,SSF,TX,ASW,CE,Federal Contract Tower,0,0,12,0,12,0,0,8,0,8,0,0,20,0,20,4,0,4,24
05/05/2018,SSF,TX,ASW,CE,Federal Contract Tower,0,0,12,1,13,0,30,98,20,148,0,30,110,21,161,112,4,116,277
05/06/2018,SSF,TX,ASW,CE,Federal Contract Tower,0,0,4,3,7,0,11,48,9,68,0,11,52,12,75,56,0,56,131
05/07/2018,SSF,TX,ASW,CE,Federal Contract Tower,0,2,15,12,29,0,12,81,0,93,0,14,96,12,122,192,10,202,324
05/08/2018,SSF,TX,ASW,CE,Federal Contract Tower,0,0,6,14,20,0,13,116,18,147,0,13,122,32,167,232,16,248,415
05/09/2018,SSF,TX,ASW,CE,Federal Contract Tower,0,0,13,16,29,0,25,91,24,140,0,25,104,40,169,314,18,332,501
05/10/2018,SSF,TX,ASW,CE,Federal Contract Tower,0,0,22,12,34,0,11,95,2,108,0,11,117,14,142,270,6,276,418
05/11/2018,SSF,TX,ASW,CE,Federal Contract Tower,0,0,14,8,22,0,14,84,44,142,0,14,98,52,164,264,8,272,436
05/12/2018,SSF,TX,ASW,CE,Federal Contract Tower,0,0,10,0,10,0,32,49,0,81,0,32,59,0,91,70,0,70,161
05/13/2018,SSF,TX,ASW,CE,Federal Contract Tower,0,0,11,4,15,0,2,24,0,26,0,2,35,4,41,68,4,72,113
05/14/2018,SSF,TX,ASW,CE,Federal Contract Tower,0,0,2,17,19,0,4,84,0,88,0,4,86,17,107,192,32,224,331
05/15/2018,SSF,TX,ASW,CE,Federal Contract Tower,0,0,6,22,28,0,24,101,0,125,0,24,107,22,153,432,26,458,611
05/16/2018,SSF,TX,ASW,CE,Federal Contract Tower,0,0,13,6,19,0,2,104,0,106,0,2,117,6,125,518,6,524,649
05/17/2018,SSF,TX,ASW,CE,Federal Contract Tower,0,0,8,38,46,0,6,110,2,118,0,6,118,40,164,250,34,284,448
05/18/2018,SSF,TX,ASW,CE,Federal Contract Tower,0,0,9,10,19,0,8,83,2,93,0,8,92,12,112,166,22,188,300
05/19/2018,SSF,TX,ASW,CE,Federal Contract Tower,0,0,3,10,13,0,30,36,4,70,0,30,39,14,83,22,8,30,113
05/20/2018,SSF,TX,ASW,CE,Federal Contract Tower,0,0,8,0,8,0,5,10,0,15,0,5,18,0,23,16,0,16,39
05/21/2018,SSF,TX,ASW,CE,Federal Contract Tower,0,0,4,20,24,0,0,86,0,86,0,0,90,20,110,266,18,284,394
05/22/2018,SSF,TX,ASW,CE,Federal Contract Tower,0,0,7,32,39,0,10,98,14,122,0,10,105,46,161,344,26,370,531
05/23/2018,SSF,TX,ASW,CE,Federal Contract Tower,0,0,3,16,19,0,25,95,0,120,0,25,98,16,139,174,16,190,329
05/24/2018,SSF,TX,ASW,CE,Federal Contract Tower,0,0,9,25,34,0,26,90,0,116,0,26,99,25,150,266,36,302,452
05/25/2018,SSF,TX,ASW,CE,Federal Contract Tower,0,0,6,4,10,0,15,91,0,106,0,15,97,4,116,232,2,234,350
05/26/2018,SSF,TX,ASW,CE,Federal Contract Tower,0,0,12,0,12,0,44,97,0,141,0,44,109,0,153,134,0,134,287
05/27/2018,SSF,TX,ASW,CE,Federal Contract Tower,0,0,1,0,1,0,0,41,0,41,0,0,42,0,42,52,0,52,94
05/28/2018,SSF,TX,ASW,CE,Federal Contract Tower,0,0,6,0,6,0,8,74,5,87,0,8,80,5,93,162,0,162,255
05/29/2018,SSF,TX,ASW,CE,Federal Contract Tower,0,0,3,10,13,0,23,132,10,165,0,23,135,20,178,364,14,378,556
05/30/2018,SSF,TX,ASW,CE,Federal Contract Tower,0,0,6,22,28,0,8,110,2,120,0,8,116,24,148,352,34,386,534
05/31/2018,SSF,TX,ASW,CE,Federal Contract Tower,0,0,7,6,13,0,6,90,2,98,0,6,97,8,111,141,10,151,262
06/01/2018,SSF,TX,ASW,CE,Federal Contract Tower,0,0,14,8,22,0,10,66,10,86,0,10,80,18,108,62,6,68,176
06/02/2018,SSF,TX,ASW,CE,Federal Contract Tower,0,0,14,0,14,0,24,72,16,112,0,24,86,16,126,164,0,164,290
06/03/2018,SSF,TX,ASW,CE,Federal Contract Tower,0,0,7,0,7,0,14,49,2,65,0,14,56,2,72,118,2,120,192
06/04/2018,SSF,TX,ASW,CE,Federal Contract Tower,0,0,6,4,10,0,6,111,6,123,0,6,117,10,133,460,6,466,599
06/05/2018,SSF,TX,ASW,CE,Federal Contract Tower,0,0,7,10,17,0,18,96,2,116,0,18,103,12,133,268,8,276,409
06/06/2018,SSF,TX,ASW,CE,Federal Contract Tower,0,0,9,12,21,0,20,100,0,120,0,20,109,12,141,256,30,286,427
06/07/2018,SSF,TX,ASW,CE,Federal Contract Tower,0,0,6,18,24,0,12,109,0,121,0,12,115,18,145,336,14,350,495
06/08/2018,SSF,TX,ASW,CE,Federal Contract Tower,0,0,8,16,24,0,0,75,14,89,0,0,83,30,113,128,14,142,255
06/09/2018,SSF,TX,ASW,CE,Federal Contract Tower,0,0,16,6,22,0,9,40,2,51,0,9,56,8,73,50,2,52,125
06/10/2018,SSF,TX,ASW,CE,Federal Contract Tower,0,0,12,0,12,0,2,57,0,59,0,2,69,0,71,86,0,86,157
06/11/2018,SSF,TX,ASW,CE,Federal Contract Tower,0,0,10,6,16,0,0,80,0,80,0,0,90,6,96,120,6,126,222
06/12/2018,SSF,TX,ASW,CE,Federal Contract Tower,0,0,5,10,15,0,9,91,4,104,0,9,96,14,119,170,20,190,309
06/13/2018,SSF,TX,ASW,CE,Federal Contract Tower,0,0,7,6,13,0,6,110,14,130,0,6,117,20,143,324,6,330,473
06/14/2018,SSF,TX,ASW,CE,Federal Contract Tower,0,1,8,6,15,0,18,85,0,103,0,19,93,6,118,200,6,206,324
06/15/2018,SSF,TX,ASW,CE,Federal Contract Tower,0,0,19,4,23,0,13,56,2,71,0,13,75,6,94,216,2,218,312
06/16/2018,SSF,TX,ASW,CE,Federal Contract Tower,0,0,15,0,15,0,20,84,0,104,0,20,99,0,119,204,0,204,323
06/17/2018,SSF,TX,ASW,CE,Federal Contract Tower,0,0,2,4,6,0,13,27,0,40,0,13,29,4,46,54,2,56,102
06/18/2018,SSF,TX,ASW,CE,Federal Contract Tower,0,0,6,18,24,0,11,40,0,51,0,11,46,18,75,122,18,140,215
06/19/2018,SSF,TX,ASW,CE,Federal Contract Tower,0,0,2,0,2,0,4,7,0,11,0,4,9,0,13,40,0,40,53
06/20/2018,SSF,TX,ASW,CE,Federal Contract Tower,0,0,7,2,9,0,8,34,0,42,0,8,41,2,51,254,0,254,305
06/21/2018,SSF,TX,ASW,CE,Federal Contract Tower,0,0,13,18,31,0,11,92,0,103,0,11,105,18,134,260,16,276,410
06/22/2018,SSF,TX,ASW,CE,Federal Contract Tower,0,0,15,0,15,0,20,103,4,127,0,20,118,4,142,184,16,200,342
06/23/2018,SSF,TX,ASW,CE,Federal Contract Tower,0,0,6,2,8,0,32,53,5,90,0,32,59,7,98,126,2,128,226
06/24/2018,SSF,TX,ASW,CE,Federal Contract Tower,0,0,0,0,0,0,4,39,0,43,0,4,39,0,43,106,0,106,149
06/25/2018,SSF,TX,ASW,CE,Federal Contract Tower,0,0,6,0,6,0,4,85,0,89,0,4,91,0,95,300,0,300,395
06/26/2018,SSF,TX,ASW,CE,Federal Contract Tower,0,0,1,18,19,0,18,96,2,116,0,18,97,20,135,228,32,260,395
06/27/2018,SSF,TX,ASW,CE,Federal Contract Tower,0,0,15,7,22,0,10,120,3,133,0,10,135,10,155,262,2,264,419
06/28/2018,SSF,TX,ASW,CE,Federal Contract Tower,0,0,9,16,25,0,18,111,0,129,0,18,120,16,154,250,20,270,424
06/29/2018,SSF,TX,ASW,CE,Federal Contract Tower,0,0,15,8,23,0,26,96,24,146,0,26,111,32,169,104,2,106,275
06/30/2018,SSF,TX,ASW,CE,Federal Contract Tower,0,0,10,0,10,0,24,49,3,76,0,24,59,3,86,68,0,68,154
07/01/2018,SSF,TX,ASW,CE,Federal Contract Tower,0,0,8,0,8,0,8,51,0,59,0,8,59,0,67,122,0,122,189
07/02/2018,SSF,TX,ASW,CE,Federal Contract Tower,0,0,5,18,23,0,11,81,0,92,0,11,86,18,115,280,18,298,413
07/03/2018,SSF,TX,ASW,CE,Federal Contract Tower,0,0,3,22,25,0,35,108,2,145,0,35,111,24,170,194,24,218,388
07/04/2018,SSF,TX,ASW,CE,Federal Contract Tower,0,0,3,0,3,0,15,40,0,55,0,15,43,0,58,172,0,172,230
07/05/2018,SSF,TX,ASW,CE,Federal Contract Tower,0,0,2,0,2,0,9,77,3,89,0,9,79,3,91,204,42,246,337
07/06/2018,SSF,TX,ASW,CE,Federal Contract Tower,0,2,0,0,2,0,12,75,0,87,0,14,75,0,89,200,0,200,289
07/07/2018,SSF,TX,ASW,CE,Federal Contract Tower,0,0,6,0,6,0,14,42,0,56,0,14,48,0,62,84,0,84,146
07/08/2018,SSF,TX,ASW,CE,Federal Contract Tower,0,0,9,5,14,0,9,15,2,26,0,9,24,7,40,42,24,66,106
07/09/2018,SSF,TX,ASW,CE,Federal Contract Tower,0,1,3,10,14,0,2,19,0,21,0,3,22,10,35,36,4,40,75
07/10/2018,SSF,TX,ASW,CE,Federal Contract Tower,0,3,13,26,42,0,26,64,3,93,0,29,77,29,135,192,56,248,383
07/11/2018,SSF,TX,ASW,CE,Federal Contract Tower,0,0,0,22,22,0,31,95,14,140,0,31,95,36,162,304,14,318,480
07/12/2018,SSF,TX,ASW,CE,Federal Contract Tower,0,0,4,39,43,0,19,85,3,107,0,19,89,42,150,184,36,220,370
07/13/2018,SSF,TX,ASW,CE,Federal Contract Tower,0,0,2,16,18,0,12,104,5,121,0,12,106,21,139,248,66,314,453
07/14/2018,SSF,TX,ASW,CE,Federal Contract Tower,0,0,8,2,10,0,47,62,2,111,0,47,70,4,121,138,4,142,263
07/15/2018,SSF,TX,ASW,CE,Federal Contract Tower,0,0,1,0,1,0,18,26,0,44,0,18,27,0,45,76,0,76,121
07/16/2018,SSF,TX,ASW,CE,Federal Contract Tower,0,2,6,26,34,0,9,87,0,96,0,11,93,26,130,132,24,156,286
07/17/2018,SSF,TX,ASW,CE,Federal Contract Tower,0,0,6,6,12,0,21,121,0,142,0,21,127,6,154,380,10,390,544
07/18/2018,SSF,TX,ASW,CE,Federal Contract Tower,0,0,23,10,33,0,22,158,2,182,0,22,181,12,215,374,14,388,603
07/19/2018,SSF,TX,ASW,CE,Federal Contract Tower,0,0,5,20,25,0,14,78,1,93,0,14,83,21,118,194,20,214,332
07/20/2018,SSF,TX,ASW,CE,Federal Contract Tower,0,0,4,4,8,0,19,79,0,98,0,19,83,4,106,190,0,190,296
07/21/2018,SSF,TX,ASW,CE,Federal Contract Tower,0,0,3,0,3,0,8,83,7,98,0,8,86,7,101,172,2,174,275
07/22/2018,SSF,TX,ASW,CE,Federal Contract Tower,0,0,6,0,6,0,4,51,2,57,0,4,57,2,63,86,0,86,149
07/23/2018,SSF,TX,ASW,CE,Federal Contract Tower,0,0,4,24,28,0,9,92,0,101,0,9,96,24,129,308,22,330,459
07/24/2018,SSF,TX,ASW,CE,Federal Contract Tower,0,0,5,14,19,0,23,125,0,148,0,23,130,14,167,322,22,344,511
07/25/2018,SSF,TX,ASW,CE,Federal Contract Tower,0,0,5,13,18,0,19,137,1,157,0,19,142,14,175,326,8,334,509
07/26/2018,SSF,TX,ASW,CE,Federal Contract Tower,0,0,3,12,15,0,12,85,8,105,0,12,88,20,120,254,8,262,382
07/27/2018,SSF,TX,ASW,CE,Federal Contract Tower,0,0,0,6,6,0,7,92,0,99,0,7,92,6,105,197,6,203,308
07/28/2018,SSF,TX,ASW,CE,Federal Contract Tower,0,0,11,0,11,0,30,48,0,78,0,30,59,0,89,220,0,220,309
07/29/2018,SSF,TX,ASW,CE,Federal Contract Tower,0,0,8,8,16,0,39,2,0,41,0,39,10,8,57,56,8,64,121
07/30/2018,SSF,TX,ASW,CE,Federal Contract Tower,0,0,1,18,19,0,6,82,0,88,0,6,83,18,107,16,0,16,123
07/31/2018,SSF,TX,ASW,CE,Federal Contract Tower,0,1,19,16,36,0,16,78,10,104,0,17,97,26,140,292,36,328,468
08/01/2018,SSF,TX,ASW,CE,Federal Contract Tower,0,0,6,20,26,0,8,107,2,117,0,8,113,22,143,264,22,286,429
08/02/2018,SSF,TX,ASW,CE,Federal Contract Tower,0,0,3,10,13,0,17,92,0,109,0,17,95,10,122,314,10,324,446
08/03/2018,SSF,TX,ASW,CE,Federal Contract Tower,0,0,4,22,26,0,36,118,5,159,0,36,122,27,185,250,22,272,457
08/04/2018,SSF,TX,ASW,CE,Federal Contract Tower,0,2,6,0,8,0,42,57,17,116,0,44,63,17,124,94,2,96,220
08/05/2018,SSF,TX,ASW,CE,Federal Contract Tower,0,0,11,4,15,0,0,34,0,34,0,0,45,4,49,82,4,86,135
08/06/2018,SSF,TX,ASW,CE,Federal Contract Tower,0,2,2,18,22,0,11,76,0,87,0,13,78,18,109,272,14,286,395
08/07/2018,SSF,TX,ASW,CE,Federal Contract Tower,0,4,13,26,43,0,14,112,30,156,0,18,125,56,199,388,86,474,673
08/08/2018,SSF,TX,ASW,CE,Federal Contract Tower,0,0,8,10,18,0,22,113,22,157,0,22,121,32,175,280,8,288,463
08/09/2018,SSF,TX,ASW,CE,Federal Contract Tower,0,0,7,13,20,0,6,106,18,130,0,6,113,31,150,298,14,312,462
08/10/2018,SSF,TX,ASW,CE,Federal Contract Tower,0,2,16,24,42,0,8,97,0,105,0,10,113,24,147,174,26,200,347
08/11/2018,SSF,TX,ASW,CE,Federal Contract Tower,0,0,8,0,8,0,14,33,0,47,0,14,41,0,55,88,0,88,143
08/12/2018,SSF,TX,ASW,CE,Federal Contract Tower,0,0,7,0,7,0,0,11,0,11,0,0,18,0,18,12,0,12,30
08/13/2018,SSF,TX,ASW,CE,Federal Contract Tower,0,0,2,22,24,0,6,79,0,85,0,6,81,22,109,162,22,184,293
08/14/2018,SSF,TX,ASW,CE,Federal Contract Tower,0,0,8,26,34,0,12,111,0,123,0,12,119,26,157,232,22,254,411
08/15/2018,SSF,TX,ASW,CE,Federal Contract Tower,0,0,12,26,38,0,8,88,11,107,0,8,100,37,145,340,22,362,507
08/16/2018,SSF,TX,ASW,CE,Federal Contract Tower,0,0,11,14,25,0,18,68,2,88,0,18,79,16,113,112,10,122,235
08/17/2018,SSF,TX,ASW,CE,Federal Contract Tower,0,0,5,0,5,0,19,86,8,113,0,19,91,8,118,206,0,206,324
08/18/2018,SSF,TX,ASW,CE,Federal Contract Tower,0,2,5,0,7,0,34,50,2,86,0,36,55,2,93,94,12,106,199
08/19/2018,SSF,TX,ASW,CE,Federal Contract Tower,0,0,6,14,20,0,10,34,0,44,0,10,40,14,64,136,8,144,208
08/20/2018,SSF,TX,ASW,CE,Federal Contract Tower,0,0,9,19,28,0,16,85,5,106,0,16,94,24,134,204,16,220,354
08/21/2018,SSF,TX,ASW,CE,Federal Contract Tower,0,0,14,18,32,0,21,95,12,128,0,21,109,30,160,218,16,234,394
08/22/2018,SSF,TX,ASW,CE,Federal Contract Tower,0,0,6,20,26,0,9,89,14,112,0,9,95,34,138,356,14,370,508
08/23/2018,SSF,TX,ASW,CE,Federal Contract Tower,0,2,3,16,21,0,10,101,10,121,0,12,104,26,142,258,20,278,420
08/24/2018,SSF,TX,ASW,CE,Federal Contract Tower,0,0,4,14,18,0,28,92,0,120,0,28,96,14,138,112,10,122,260
08/25/2018,SSF,TX,ASW,CE,Federal Contract Tower,0,0,8,0,8,0,26,52,0,78,0,26,60,0,86,122,0,122,208
08/26/2018,SSF,TX,ASW,CE,Federal Contract Tower,0,0,8,0,8,0,8,50,0,58,0,8,58,0,66,82,0,82,148
08/27/2018,SSF,TX,ASW,CE,Federal Contract Tower,0,0,1,16,17,0,2,61,1,64,0,2,62,17,81,84,14,98,179
08/28/2018,SSF,TX,ASW,CE,Federal Contract Tower,0,0,5,28,33,0,28,87,5,120,0,28,92,33,153,258,64,322,475
08/29/2018,SSF,TX,ASW,CE,Federal Contract Tower,0,0,6,48,54,0,11,138,2,151,0,11,144,50,205,322,42,364,569
08/30/2018,SSF,TX,ASW,CE,Federal Contract Tower,0,4,2,28,34,0,11,103,2,116,0,15,105,30,150,246,30,276,426
08/31/2018,SSF,TX,ASW,CE,Federal Contract Tower,0,0,11,2,13,0,10,99,0,109,0,10,110,2,122,164,10,174,296
09/01/2018,SSF,TX,ASW,CE,Federal Contract Tower,0,0,16,0,16,0,21,53,6,80,0,21,69,6,96,104,0,104,200
09/02/2018,SSF,TX,ASW,CE,Federal Contract Tower,0,0,3,0,3,0,8,28,0,36,0,8,31,0,39,28,0,28,67
09/03/2018,SSF,TX,ASW,CE,Federal Contract Tower,0,0,11,0,11,0,2,37,0,39,0,2,48,0,50,188,0,188,238
09/04/2018,SSF,TX,ASW,CE,Federal Contract Tower,0,1,3,0,4,0,0,40,0,40,0,1,43,0,44,198,0,198,242
09/05/2018,SSF,TX,ASW,CE,Federal Contract Tower,0,1,2,18,21,0,20,61,0,81,0,21,63,18,102,334,22,356,458
09/06/2018,SSF,TX,ASW,CE,Federal Contract Tower,0,1,9,14,24,0,1,27,2,30,0,2,36,16,54,38,24,62,116
09/07/2018,SSF,TX,ASW,CE,Federal Contract Tower,0,0,7,10,17,0,9,64,0,73,0,9,71,10,90,142,4,146,236
09/08/2018,SSF,TX,ASW,CE,Federal Contract Tower,0,0,8,0,8,0,21,52,0,73,0,21,60,0,81,188,0,188,269
09/09/2018,SSF,TX,ASW,CE,Federal Contract Tower,0,0,8,0,8,0,7,16,0,23,0,7,24,0,31,84,0,84,115
09/10/2018,SSF,TX,ASW,CE,Federal Contract Tower,0,0,10,8,18,0,0,12,0,12,0,0,22,8,30,14,0,14,44
09/11/2018,SSF,TX,ASW,CE,Federal Contract Tower,0,0,9,18,27,0,11,67,16,94,0,11,76,34,121,444,26,470,591
09/12/2018,SSF,TX,ASW,CE,Federal Contract Tower,0,0,9,16,25,0,10,69,0,79,0,10,78,16,104,188,12,200,304
09/13/2018,SSF,TX,ASW,CE,Federal Contract Tower,0,0,12,8,20,0,2,41,3,46,0,2,53,11,66,90,34,124,190
09/14/2018,SSF,TX,ASW,CE,Federal Contract Tower,0,0,7,2,9,0,6,28,0,34,0,6,35,2,43,106,2,108,151
09/15/2018,SSF,TX,ASW,CE,Federal Contract Tower,0,0,2,0,2,0,0,2,0,2,0,0,4,0,4,42,0,42,46
09/16/2018,SSF,TX,ASW,CE,Federal Contract Tower,0,0,5,0,5,0,4,11,0,15,0,4,16,0,20,10,0,10,30
09/17/2018,SSF,TX,ASW,CE,Federal Contract Tower,0,0,3,18,21,0,15,102,0,117,0,15,105,18,138,224,16,240,378
09/18/2018,SSF,TX,ASW,CE,Federal Contract Tower,0,0,13,18,31,0,18,125,23,166,0,18,138,41,197,338,22,360,557
09/19/2018,SSF,TX,ASW,CE,Federal Contract Tower,0,0,15,0,15,0,10,92,0,102,0,10,107,0,117,150,0,150,267
09/20/2018,SSF,TX,ASW,CE,Federal Contract Tower,0,0,11,0,11,0,12,55,0,67,0,12,66,0,78,122,0,122,200
09/21/2018,SSF,TX,ASW,CE,Federal Contract Tower,0,2,5,18,25,0,4,85,0,89,0,6,90,18,114,212,16,228,342
09/22/2018,SSF,TX,ASW,CE,Federal Contract Tower,0,0,10,2,12,0,18,15,0,33,0,18,25,2,45,92,2,94,139
09/23/2018,SSF,TX,ASW,CE,Federal Contract Tower,0,0,12,2,14,0,8,42,0,50,0,8,54,2,64,52,0,52,116
09/24/2018,SSF,TX,ASW,CE,Federal Contract Tower,0,0,12,28,40,0,12,90,0,102,0,12,102,28,142,304,26,330,472
09/25/2018,SSF,TX,ASW,CE,Federal Contract Tower,0,0,11,26,37,0,12,123,0,135,0,12,134,26,172,308,22,330,502
09/26/2018,SSF,TX,ASW,CE,Federal Contract Tower,0,1,10,14,25,0,4,57,0,61,0,5,67,14,86,264,16,280,366
09/27/2018,SSF,TX,ASW,CE,Federal Contract Tower,0,0,11,22,33,0,10,104,0,114,0,10,115,22,147,182,16,198,345
09/28/2018,SSF,TX,ASW,CE,Federal Contract Tower,0,0,15,24,39,0,10,90,6,106,0,10,105,30,145,316,12,328,473
09/29/2018,SSF,TX,ASW,CE,Federal Contract Tower,0,0,11,2,13,0,22,25,0,47,0,22,36,2,60,156,2,158,218
09/30/2018,SSF,TX,ASW,CE,Federal Contract Tower,0,0,8,0,8,0,12,49,0,61,0,12,57,0,69,304,0,304,373
10/01/2018,SSF,TX,ASW,CE,Federal Contract Tower,0,0,5,10,15,0,4,52,0,56,0,4,57,10,71,110,8,118,189
10/02/2018,SSF,TX,ASW,CE,Federal Contract Tower,0,0,12,10,22,0,16,122,8,146,0,16,134,18,168,436,16,452,620
10/03/2018,SSF,TX,ASW,CE,Federal Contract Tower,0,0,8,18,26,0,2,100,16,118,0,2,108,34,144,304,14,318,462
10/04/2018,SSF,TX,ASW,CE,Federal Contract Tower,0,2,11,16,29,0,9,97,2,108,0,11,108,18,137,268,8,276,413
10/05/2018,SSF,TX,ASW,CE,Federal Contract Tower,0,0,12,4,16,0,0,58,0,58,0,0,70,4,74,136,2,138,212
10/06/2018,SSF,TX,ASW,CE,Federal Contract Tower,0,0,9,0,9,0,67,64,0,131,0,67,73,0,140,138,0,138,278
10/07/2018,SSF,TX,ASW,CE,Federal Contract Tower,0,0,13,0,13,0,15,45,0,60,0,15,58,0,73,210,0,210,283
10/08/2018,SSF,TX,ASW,CE,Federal Contract Tower,0,0,8,0,8,0,0,38,0,38,0,0,46,0,46,118,0,118,164
10/09/2018,SSF,TX,ASW,CE,Federal Contract Tower,0,0,8,2,10,0,21,22,0,43,0,21,30,2,53,124,2,126,179
10/10/2018,SSF,TX,ASW,CE,Federal Contract Tower,0,0,13,18,31,0,6,138,18,162,0,6,151,36,193,472,16,488,681
10/11/2018,SSF,TX,ASW,CE,Federal Contract Tower,0,0,11,20,31,0,15,116,0,131,0,15,127,20,162,338,10,348,510
10/12/2018,SSF,TX,ASW,CE,Federal Contract Tower,0,0,8,38,46,0,18,134,6,158,0,18,142,44,204,344,34,378,582
10/13/2018,SSF,TX,ASW,CE,Federal Contract Tower,0,0,3,6,9,0,28,49,0,77,0,28,52,6,86,108,6,114,200
10/14/2018,SSF,TX,ASW,CE,Federal Contract Tower,0,0,10,0,10,0,6,46,1,53,0,6,56,1,63,266,0,266,329
10/15/2018,SSF,TX,ASW,CE,Federal Contract Tower,0,0,3,0,3,0,1,9,0,10,0,1,12,0,13,18,0,18,31
10/16/2018,SSF,TX,ASW,CE,Federal Contract Tower,0,0,17,6,23,0,5,31,0,36,0,5,48,6,59,176,4,180,239
10/17/2018,SSF,TX,ASW,CE,Federal Contract Tower,0,0,11,24,35,0,6,49,0,55,0,6,60,24,90,334,24,358,448
10/18/2018,SSF,TX,ASW,CE,Federal Contract Tower,0,0,3,6,9,0,0,10,0,10,0,0,13,6,19,28,6,34,53
10/19/2018,SSF,TX,ASW,CE,Federal Contract Tower,0,0,6,0,6,0,0,5,0,5,0,0,11,0,11,4,0,4,15
10/20/2018,SSF,TX,ASW,CE,Federal Contract Tower,0,0,9,6,15,0,6,55,3,64,0,6,64,9,79,148,50,198,277
10/21/2018,SSF,TX,ASW,CE,Federal Contract Tower,0,0,4,0,4,0,4,138,0,142,0,4,142,0,146,172,0,172,318
10/22/2018,SSF,TX,ASW,CE,Federal Contract Tower,0,0,10,16,26,0,0,75,0,75,0,0,85,16,101,188,16,204,305
10/23/2018,SSF,TX,ASW,CE,Federal Contract Tower,0,0,7,19,26,0,12,81,2,95,0,12,88,21,121,288,12,300,421
10/24/2018,SSF,TX,ASW,CE,Federal Contract Tower,0,3,3,0,6,0,0,3,0,3,0,3,6,0,9,2,0,2,11
10/25/2018,SSF,TX,ASW,CE,Federal Contract Tower,0,0,24,16,40,0,7,84,0,91,0,7,108,16,131,248,14,262,393
10/26/2018,SSF,TX,ASW,CE,Federal Contract Tower,0,1,4,8,13,0,6,116,9,131,0,7,120,17,144,222,8,230,374
10/27/2018,SSF,TX,ASW,CE,Federal Contract Tower,0,0,9,0,9,0,34,101,2,137,0,34,110,2,146,92,0,92,238
10/28/2018,SSF,TX,ASW,CE,Federal Contract Tower,0,0,7,0,7,0,6,99,0,105,0,6,106,0,112,145,0,145,257
10/29/2018,SSF,TX,ASW,CE,Federal Contract Tower,0,2,13,14,29,0,3,133,14,150,0,5,146,28,179,328,12,340,519
10/30/2018,SSF,TX,ASW,CE,Federal Contract Tower,0,0,26,28,54,0,2,110,4,116,0,2,136,32,170,406,72,478,648
10/31/2018,SSF,TX,ASW,CE,Federal Contract Tower,0,5,11,26,42,0,6,48,0,54,0,11,59,26,96,300,18,318,414
11/01/2018,SSF,TX,ASW,CE,Federal Contract Tower,0,0,9,18,27,0,6,96,1,103,0,6,105,19,130,305,24,329,459
11/02/2018,SSF,TX,ASW,CE,Federal Contract Tower,0,0,17,10,27,0,6,128,8,142,0,6,145,18,169,288,4,292,461
11/03/2018,SSF,TX,ASW,CE,Federal Contract Tower,0,0,12,2,14,0,29,102,42,173,0,29,114,44,187,170,4,174,361
11/04/2018,SSF,TX,ASW,CE,Federal Contract Tower,0,0,14,2,16,0,17,54,0,71,0,17,68,2,87,162,2,164,251
11/05/2018,SSF,TX,ASW,CE,Federal Contract Tower,0,1,5,14,20,0,4,49,0,53,0,5,54,14,73,106,10,116,189
11/06/2018,SSF,TX,ASW,CE,Federal Contract Tower,0,1,23,10,34,0,14,77,2,93,0,15,100,12,127,296,10,306,433
11/07/2018,SSF,TX,ASW,CE,Federal Contract Tower,0,11,27,28,66,0,8,54,7,69,0,19,81,35,135,380,66,446,581
11/08/2018,SSF,TX,ASW,CE,Federal Contract Tower,0,1,11,26,38,0,2,16,0,18,0,3,27,26,56,70,26,96,152
11/09/2018,SSF,TX,ASW,CE,Federal Contract Tower,0,0,14,0,14,0,0,37,24,61,0,0,51,24,75,134,0,134,209
11/10/2018,SSF,TX,ASW,CE,Federal Contract Tower,0,0,13,0,13,0,10,82,0,92,0,10,95,0,105,168,0,168,273
11/11/2018,SSF,TX,ASW,CE,Federal Contract Tower,0,0,0,0,0,0,0,2,0,2,0,0,2,0,2,0,0,0,2
11/12/2018,SSF,TX,ASW,CE,Federal Contract Tower,0,3,6,0,9,0,2,22,0,24,0,5,28,0,33,88,0,88,121
11/13/2018,SSF,TX,ASW,CE,Federal Contract Tower,0,0,12,26,38,0,2,114,15,131,0,2,126,41,169,350,28,378,547
11/14/2018,SSF,TX,ASW,CE,Federal Contract Tower,0,0,13,16,29,0,26,138,7,171,0,26,151,23,200,488,72,560,760
11/15/2018,SSF,TX,ASW,CE,Federal Contract Tower,0,2,7,26,35,0,18,125,11,154,0,20,132,37,189,238,36,274,463
11/16/2018,SSF,TX,ASW,CE,Federal Contract Tower,0,0,1,14,15,0,9,131,29,169,0,9,132,43,184,386,24,410,594
11/17/2018,SSF,TX,ASW,CE,Federal Contract Tower,0,0,20,2,22,0,14,120,11,145,0,14,140,13,167,330,24,354,521
11/18/2018,SSF,TX,ASW,CE,Federal Contract Tower,0,0,16,10,26,0,0,23,2,25,0,0,39,12,51,76,10,86,137
11/19/2018,SSF,TX,ASW,CE,Federal Contract Tower,0,0,10,14,24,0,7,44,3,54,0,7,54,17,78,198,42,240,318
11/20/2018,SSF,TX,ASW,CE,Federal Contract Tower,0,0,5,18,23,0,10,174,24,208,0,10,179,42,231,352,94,446,677
11/21/2018,SSF,TX,ASW,CE,Federal Contract Tower,0,0,5,16,21,0,12,104,5,121,0,12,109,21,142,424,16,440,582
11/22/2018,SSF,TX,ASW,CE,Federal Contract Tower,0,0,2,0,2,0,0,22,0,22,0,0,24,0,24,58,0,58,82
11/23/2018,SSF,TX,ASW,CE,Federal Contract Tower,0,0,5,0,5,0,13,48,0,61,0,13,53,0,66,126,0,126,192
11/24/2018,SSF,TX,ASW,CE,Federal Contract Tower,0,0,5,0,5,0,23,69,0,92,0,23,74,0,97,144,0,144,241
11/25/2018,SSF,TX,ASW,CE,Federal Contract Tower,0,0,4,0,4,0,10,42,0,52,0,10,46,0,56,38,0,38,94
11/26/2018,SSF,TX,ASW,CE,Federal Contract Tower,0,0,7,12,19,0,3,103,0,106,0,3,110,12,125,232,12,244,369
11/27/2018,SSF,TX,ASW,CE,Federal Contract Tower,0,0,7,20,27,0,14,139,2,155,0,14,146,22,182,280,36,316,498
11/28/2018,SSF,TX,ASW,CE,Federal Contract Tower,0,0,7,20,27,0,8,101,18,127,0,8,108,38,154,292,38,330,484
11/29/2018,SSF,TX,ASW,CE,Federal Contract Tower,0,0,10,6,16,0,7,42,6,55,0,7,52,12,71,210,30,240,311
11/30/2018,SSF,TX,ASW,CE,Federal Contract Tower,0,0,11,10,21,0,9,44,3,56,0,9,55,13,77,136,24,160,237
12/01/2018,SSF,TX,ASW,CE,Federal Contract Tower,0,0,3,3,6,0,18,48,33,99,0,18,51,36,105,132,6,138,243
12/02/2018,SSF,TX,ASW,CE,Federal Contract Tower,0,0,6,4,10,0,6,88,0,94,0,6,94,4,104,230,4,234,338
12/03/2018,SSF,TX,ASW,CE,Federal Contract Tower,0,0,5,18,23,0,2,73,2,77,0,2,78,20,100,130,24,154,254
12/04/2018,SSF,TX,ASW,CE,Federal Contract Tower,0,2,7,20,29,0,19,157,2,178,0,21,164,22,207,450,16,466,673
12/05/2018,SSF,TX,ASW,CE,Federal Contract Tower,0,0,11,2,13,0,15,99,0,114,0,15,110,2,127,384,2,386,513
12/06/2018,SSF,TX,ASW,CE,Federal Contract Tower,0,0,13,16,29,0,2,16,0,18,0,2,29,16,47,46,12,58,105
12/07/2018,SSF,TX,ASW,CE,Federal Contract Tower,0,0,1,4,5,0,0,0,0,0,0,0,1,4,5,0,0,0,5
12/08/2018,SSF,TX,ASW,CE,Federal Contract Tower,0,0,3,2,5,0,27,38,0,65,0,27,41,2,70,168,0,168,238
12/09/2018,SSF,TX,ASW,CE,Federal Contract Tower,0,0,2,0,2,0,13,86,0,99,0,13,88,0,101,222,0,222,323
12/10/2018,SSF,TX,ASW,CE,Federal Contract Tower,0,0,5,10,15,0,2,108,0,110,0,2,113,10,125,282,10,292,417
12/11/2018,SSF,TX,ASW,CE,Federal Contract Tower,0,0,7,40,47,0,16,125,16,157,0,16,132,56,204,212,62,274,478
12/12/2018,SSF,TX,ASW,CE,Federal Contract Tower,0,3,3,46,52,0,19,115,6,140,0,22,118,52,192,348,62,410,602
12/13/2018,SSF,TX,ASW,CE,Federal Contract Tower,0,0,1,10,11,0,13,35,0,48,0,13,36,10,59,68,10,78,137
12/14/2018,SSF,TX,ASW,CE,Federal Contract Tower,0,4,4,14,22,0,19,38,45,102,0,23,42,59,124,132,16,148,272
12/16/2018,SSF,TX,ASW,CE,Federal Contract Tower,0,3,7,2,12,0,9,77,0,86,0,12,84,2,98,150,2,152,250
12/17/2018,SSF,TX,ASW,CE,Federal Contract Tower,0,0,9,18,27,0,21,116,4,141,0,21,125,22,168,456,18,474,642
12/18/2018,SSF,TX,ASW,CE,Federal Contract Tower,0,3,8,9,20,0,14,79,1,94,0,17,87,10,114,358,8,366,480
12/19/2018,SSF,TX,ASW,CE,Federal Contract Tower,0,5,10,18,33,0,15,75,2,92,0,20,85,20,125,294,24,318,443
12/20/2018,SSF,TX,ASW,CE,Federal Contract Tower,0,2,4,34,40,0,6,57,0,63,0,8,61,34,103,158,14,172,275
12/21/2018,SSF,TX,ASW,CE,Federal Contract Tower,0,0,8,20,28,0,4,116,4,124,0,4,124,24,152,250,18,268,420
12/22/2018,SSF,TX,ASW,CE,Federal Contract Tower,0,0,14,0,14,0,32,87,2,121,0,32,101,2,135,98,0,98,233
12/23/2018,SSF,TX,ASW,CE,Federal Contract Tower,0,0,3,0,3,0,15,43,0,58,0,15,46,0,61,58,0,58,119
12/24/2018,SSF,TX,ASW,CE,Federal Contract Tower,0,0,1,0,1,0,20,25,0,45,0,20,26,0,46,152,0,152,198
12/25/2018,SSF,TX,ASW,CE,Federal Contract Tower,0,0,3,0,3,0,6,19,0,25,0,6,22,0,28,68,0,68,96
12/26/2018,SSF,TX,ASW,CE,Federal Contract Tower,0,0,3,0,3,0,3,14,3,20,0,3,17,3,23,56,0,56,79
12/27/2018,SSF,TX,ASW,CE,Federal Contract Tower,0,0,5,0,5,0,22,144,0,166,0,22,149,0,171,360,0,360,531
12/28/2018,SSF,TX,ASW,CE,Federal Contract Tower,0,0,11,0,11,0,20,100,2,122,0,20,111,2,133,198,0,198,331
12/29/2018,SSF,TX,ASW,CE,Federal Contract Tower,0,0,3,0,3,0,28,55,0,83,0,28,58,0,86,192,0,192,278
12/30/2018,SSF,TX,ASW,CE,Federal Contract Tower,0,0,8,0,8,0,4,2,0,6,0,4,10,0,14,0,0,0,14
12/31/2018,SSF,TX,ASW,CE,Federal Contract Tower,0,0,4,0,4,0,14,86,0,100,0,14,90,0,104,204,0,204,308
01/01/2019,SSF,TX,ASW,CE,Federal Contract Tower,0,0,10,0,10,0,23,24,0,47,0,23,34,0,57,136,0,136,193
01/02/2019,SSF,TX,ASW,CE,Federal Contract Tower,0,0,0,0,0,0,0,4,0,4,0,0,4,0,4,20,0,20,24
01/03/2019,SSF,TX,ASW,CE,Federal Contract Tower,0,0,4,32,36,0,14,72,2,88,0,14,76,34,124,158,10,168,292
01/04/2019,SSF,TX,ASW,CE,Federal Contract Tower,0,0,12,14,26,0,11,130,6,147,0,11,142,20,173,380,12,392,565
01/05/2019,SSF,TX,ASW,CE,Federal Contract Tower,0,0,3,0,3,0,16,126,31,173,0,16,129,31,176,286,0,286,462
01/06/2019,SSF,TX,ASW,CE,Federal Contract Tower,0,0,3,2,5,0,10,39,6,55,0,10,42,8,60,44,8,52,112
01/07/2019,SSF,TX,ASW,CE,Federal Contract Tower,0,0,12,24,36,0,0,65,0,65,0,0,77,24,101,198,18,216,317
01/08/2019,SSF,TX,ASW,CE,Federal Contract Tower,0,0,10,10,20,0,16,57,0,73,0,16,67,10,93,216,14,230,323
01/09/2019,SSF,TX,ASW,CE,Federal Contract Tower,0,0,15,26,41,0,20,101,16,137,0,20,116,42,178,354,24,378,556
01/10/2019,SSF,TX,ASW,CE,Federal Contract Tower,0,1,5,18,24,0,9,100,6,115,0,10,105,24,139,314,24,338,477
01/11/2019,SSF,TX,ASW,CE,Federal Contract Tower,0,3,11,26,40,0,9,13,0,22,0,12,24,26,62,36,42,78,140
01/12/2019,SSF,TX,ASW,CE,Federal Contract Tower,0,0,4,6,10,0,6,103,0,109,0,6,107,6,119,162,6,168,287
01/13/2019,SSF,TX,ASW,CE,Federal Contract Tower,0,0,7,4,11,0,8,59,0,67,0,8,66,4,78,80,4,84,162
01/14/2019,SSF,TX,ASW,CE,Federal Contract Tower,0,0,7,28,35,0,0,78,1,79,0,0,85,29,114,142,22,164,278
01/15/2019,SSF,TX,ASW,CE,Federal Contract Tower,0,0,5,28,33,0,6,30,0,36,0,6,35,28,69,114,22,136,205
01/16/2019,SSF,TX,ASW,CE,Federal Contract Tower,0,0,8,16,24,0,0,0,0,0,0,0,8,16,24,0,4,4,28
01/17/2019,SSF,TX,ASW,CE,Federal Contract Tower,0,0,3,12,15,0,2,98,0,100,0,2,101,12,115,266,10,276,391
01/18/2019,SSF,TX,ASW,CE,Federal Contract Tower,0,0,1,0,1,0,0,2,0,2,0,0,3,0,3,0,0,0,3
01/19/2019,SSF,TX,ASW,CE,Federal Contract Tower,0,0,4,4,8,0,19,28,0,47,0,19,32,4,55,74,4,78,133
01/20/2019,SSF,TX,ASW,CE,Federal Contract Tower,0,0,3,0,3,0,12,102,5,119,0,12,105,5,122,226,0,226,348
01/21/2019,SSF,TX,ASW,CE,Federal Contract Tower,0,0,4,0,4,0,11,144,0,155,0,11,148,0,159,348,0,348,507
01/22/2019,SSF,TX,ASW,CE,Federal Contract Tower,2,0,15,4,21,0,15,124,1,140,2,15,139,5,161,632,2,634,795
01/23/2019,SSF,TX,ASW,CE,Federal Contract Tower,0,0,8,30,38,0,17,134,4,155,0,17,142,34,193,398,22,420,613
01/24/2019,SSF,TX,ASW,CE,Federal Contract Tower,0,0,8,26,34,0,9,154,3,166,0,9,162,29,200,436,26,462,662
01/25/2019,SSF,TX,ASW,CE,Federal Contract Tower,0,0,21,18,39,0,20,117,2,139,0,20,138,20,178,332,12,344,522
01/26/2019,SSF,TX,ASW,CE,Federal Contract Tower,0,0,8,2,10,0,19,93,0,112,0,19,101,2,122,262,2,264,386
01/27/2019,SSF,TX,ASW,CE,Federal Contract Tower,0,0,6,0,6,0,9,77,0,86,0,9,83,0,92,206,0,206,298
01/28/2019,SSF,TX,ASW,CE,Federal Contract Tower,0,0,0,14,14,0,10,120,4,134,0,10,120,18,148,274,10,284,432
01/29/2019,SSF,TX,ASW,CE,Federal Contract Tower,0,0,6,38,44,0,18,128,12,158,0,18,134,50,202,472,46,518,720
01/30/2019,SSF,TX,ASW,CE,Federal Contract Tower,0,0,16,12,28,0,15,107,8,130,0,15,123,20,158,296,12,308,466
01/31/2019,SSF,TX,ASW,CE,Federal Contract Tower,0,0,23,36,59,0,1,7,0,8,0,1,30,36,67,36,26,62,129
02/01/2019,SSF,TX,ASW,CE,Federal Contract Tower,0,0,23,9,32,0,0,37,2,39,0,0,60,11,71,104,6,110,181
02/02/2019,SSF,TX,ASW,CE,Federal Contract Tower,0,0,2,0,2,0,6,0,0,6,0,6,2,0,8,8,0,8,16
02/03/2019,SSF,TX,ASW,CE,Federal Contract Tower,0,0,8,1,9,0,4,13,0,17,0,4,21,1,26,14,0,14,40
02/04/2019,SSF,TX,ASW,CE,Federal Contract Tower,0,0,6,6,12,0,1,3,0,4,0,1,9,6,16,10,4,14,30
02/05/2019,SSF,TX,ASW,CE,Federal Contract Tower,0,0,14,12,26,0,28,36,0,64,0,28,50,12,90,224,20,244,334
02/06/2019,SSF,TX,ASW,CE,Federal Contract Tower,0,0,14,7,21,0,10,41,5,56,0,10,55,12,77,192,26,218,295
02/07/2019,SSF,TX,ASW,CE,Federal Contract Tower,0,0,5,34,39,0,17,91,9,117,0,17,96,43,156,162,54,216,372
02/08/2019,SSF,TX,ASW,CE,Federal Contract Tower,0,0,3,18,21,0,4,63,5,72,0,4,66,23,93,218,10,228,321
02/09/2019,SSF,TX,ASW,CE,Federal Contract Tower,0,0,7,0,7,0,2,10,0,12,0,2,17,0,19,42,0,42,61
02/10/2019,SSF,TX,ASW,CE,Federal Contract Tower,0,0,1,0,1,0,0,0,0,0,0,0,1,0,1,0,0,0,1
02/11/2019,SSF,TX,ASW,CE,Federal Contract Tower,0,1,5,13,19,0,1,6,4,11,0,2,11,17,30,2,8,10,40
02/12/2019,SSF,TX,ASW,CE,Federal Contract Tower,0,2,8,24,34,0,24,146,2,172,0,26,154,26,206,394,48,442,648
02/13/2019,SSF,TX,ASW,CE,Federal Contract Tower,0,2,12,10,24,0,0,31,145,176,0,2,43,155,200,518,8,526,726
02/14/2019,SSF,TX,ASW,CE,Federal Contract Tower,0,0,5,24,29,0,60,111,2,173,0,60,116,26,202,333,32,365,567
02/15/2019,SSF,TX,ASW,CE,Federal Contract Tower,0,0,6,16,22,0,17,111,0,128,0,17,117,16,150,346,16,362,512
02/16/2019,SSF,TX,ASW,CE,Federal Contract Tower,0,1,24,4,29,0,64,45,0,109,0,65,69,4,138,204,4,208,346
02/17/2019,SSF,TX,ASW,CE,Federal Contract Tower,2,0,3,2,7,0,24,107,0,131,2,24,110,2,138,200,2,202,340
02/18/2019,SSF,TX,ASW,CE,Federal Contract Tower,0,0,11,0,11,0,18,125,0,143,0,18,136,0,154,184,0,184,338
02/19/2019,SSF,TX,ASW,CE,Federal Contract Tower,0,0,7,8,15,0,0,5,0,5,0,0,12,8,20,40,8,48,68
02/20/2019,SSF,TX,ASW,CE,Federal Contract Tower,0,1,10,20,31,0,13,137,7,157,0,14,147,27,188,568,56,624,812
02/21/2019,SSF,TX,ASW,CE,Federal Contract Tower,0,0,23,24,47,0,2,85,9,96,0,2,108,33,143,364,42,406,549
02/22/2019,SSF,TX,ASW,CE,Federal Contract Tower,0,2,14,21,37,0,0,16,3,19,0,2,30,24,56,120,10,130,186
02/23/2019,SSF,TX,ASW,CE,Federal Contract Tower,0,0,2,2,4,0,8,103,0,111,0,8,105,2,115,238,2,240,355
02/24/2019,SSF,TX,ASW,CE,Federal Contract Tower,0,0,9,0,9,0,5,131,0,136,0,5,140,0,145,224,0,224,369
02/25/2019,SSF,TX,ASW,CE,Federal Contract Tower,0,0,4,6,10,0,8,118,0,126,0,8,122,6,136,306,18,324,460
02/26/2019,SSF,TX,ASW,CE,Federal Contract Tower,0,0,8,16,24,0,21,39,4,64,0,21,47,20,88,288,50,338,426
02/27/2019,SSF,TX,ASW,CE,Federal Contract Tower,0,0,15,14,29,0,21,111,2,134,0,21,126,16,163,496,26,522,685
02/28/2019,SSF,TX,ASW,CE,Federal Contract Tower,0,0,9,0,9,0,1,7,0,8,0,1,16,0,17,14,0,14,31
03/01/2019,SSF,TX,ASW,CE,Federal Contract Tower,0,0,11,2,13,0,10,1,0,11,0,10,12,2,24,4,0,4,28
03/02/2019,SSF,TX,ASW,CE,Federal Contract Tower,0,0,0,0,0,0,6,1,0,7,0,6,1,0,7,4,0,4,11
03/03/2019,SSF,TX,ASW,CE,Federal Contract Tower,0,0,11,6,17,0,10,25,0,35,0,10,36,6,52,28,6,34,86
03/04/2019,SSF,TX,ASW,CE,Federal Contract Tower,2,0,7,16,25,0,4,67,0,71,2,4,74,16,96,226,14,240,336
03/05/2019,SSF,TX,ASW,CE,Federal Contract Tower,0,0,10,30,40,0,21,117,0,138,0,21,127,30,178,324,22,346,524
03/06/2019,SSF,TX,ASW,CE,Federal Contract Tower,0,0,14,14,28,0,31,133,2,166,0,31,147,16,194,406,6,412,606
03/07/2019,SSF,TX,ASW,CE,Federal Contract Tower,0,0,10,22,32,0,13,130,5,148,0,13,140,27,180,680,36,716,896
03/08/2019,SSF,TX,ASW,CE,Federal Contract Tower,0,0,16,12,28,0,7,64,2,73,0,7,80,14,101,136,10,146,247
03/09/2019,SSF,TX,ASW,CE,Federal Contract Tower,0,0,7,0,7,0,68,145,0,213,0,68,152,0,220,312,0,312,532
03/10/2019,SSF,TX,ASW,CE,Federal Contract Tower,0,0,3,4,7,0,34,32,0,66,0,34,35,4,73,148,4,152,225
03/11/2019,SSF,TX,ASW,CE,Federal Contract Tower,0,0,8,10,18,0,3,9,0,12,0,3,17,10,30,70,10,80,110
03/12/2019,SSF,TX,ASW,CE,Federal Contract Tower,0,0,4,8,12,0,29,48,10,87,0,29,52,18,99,234,12,246,345
03/13/2019,SSF,TX,ASW,CE,Federal Contract Tower,0,0,1,16,17,0,18,128,0,146,0,18,129,16,163,366,16,382,545
03/14/2019,SSF,TX,ASW,CE,Federal Contract Tower,0,0,9,8,17,0,13,135,2,150,0,13,144,10,167,296,8,304,471
03/15/2019,SSF,TX,ASW,CE,Federal Contract Tower,0,0,9,8,17,0,29,99,4,132,0,29,108,12,149,216,14,230,379
03/16/2019,SSF,TX,ASW,CE,Federal Contract Tower,0,0,13,2,15,0,21,122,0,143,0,21,135,2,158,198,0,198,356
03/17/2019,SSF,TX,ASW,CE,Federal Contract Tower,0,0,9,4,13,0,12,121,0,133,0,12,130,4,146,124,4,128,274
03/18/2019,SSF,TX,ASW,CE,Federal Contract Tower,0,0,7,28,35,0,9,139,0,148,0,9,146,28,183,352,18,370,553
03/19/2019,SSF,TX,ASW,CE,Federal Contract Tower,0,0,9,38,47,0,14,205,3,222,0,14,214,41,269,398,42,440,709
03/20/2019,SSF,TX,ASW,CE,Federal Contract Tower,0,0,29,19,48,0,15,150,1,166,0,15,179,20,214,626,32,658,872
03/21/2019,SSF,TX,ASW,CE,Federal Contract Tower,0,0,11,10,21,0,15,168,7,190,0,15,179,17,211,494,6,500,711
03/22/2019,SSF,TX,ASW,CE,Federal Contract Tower,0,0,12,11,23,0,16,113,4,133,0,16,125,15,156,386,6,392,548
03/23/2019,SSF,TX,ASW,CE,Federal Contract Tower,0,0,6,1,7,0,20,40,1,61,0,20,46,2,68,80,0,80,148
03/24/2019,SSF,TX,ASW,CE,Federal Contract Tower,0,2,16,2,20,0,8,62,0,70,0,10,78,2,90,126,2,128,218
03/25/2019,SSF,TX,ASW,CE,Federal Contract Tower,0,0,6,18,24,0,12,77,3,92,0,12,83,21,116,144,26,170,286
03/26/2019,SSF,TX,ASW,CE,Federal Contract Tower,0,0,6,22,28,0,9,136,0,145,0,9,142,22,173,268,20,288,461
03/27/2019,SSF,TX,ASW,CE,Federal Contract Tower,0,0,25,14,39,0,7,102,2,111,0,7,127,16,150,320,12,332,482
03/28/2019,SSF,TX,ASW,CE,Federal Contract Tower,0,0,16,12,28,0,4,100,9,113,0,4,116,21,141,388,46,434,575
03/29/2019,SSF,TX,ASW,CE,Federal Contract Tower,0,2,18,0,20,0,15,115,0,130,0,17,133,0,150,357,0,357,507
03/30/2019,SSF,TX,ASW,CE,Federal Contract Tower,0,0,13,0,13,0,36,21,0,57,0,36,34,0,70,148,0,148,218
03/31/2019,SSF,TX,ASW,CE,Federal Contract Tower,0,0,4,0,4,0,22,48,3,73,0,22,52,3,77,222,0,222,299
04/01/2019,SSF,TX,ASW,CE,Federal Contract Tower,0,0,5,18,23,0,8,82,0,90,0,8,87,18,113,276,20,296,409
04/02/2019,SSF,TX,ASW,CE,Federal Contract Tower,0,0,2,18,20,0,28,143,0,171,0,28,145,18,191,336,18,354,545
04/03/2019,SSF,TX,ASW,CE,Federal Contract Tower,0,0,12,48,60,0,4,27,0,31,0,4,39,48,91,110,52,162,253
04/04/2019,SSF,TX,ASW,CE,Federal Contract Tower,0,0,27,14,41,0,7,85,0,92,0,7,112,14,133,222,16,238,371
04/05/2019,SSF,TX,ASW,CE,Federal Contract Tower,0,0,10,8,18,0,16,131,0,147,0,16,141,8,165,324,6,330,495
04/06/2019,SSF,TX,ASW,CE,Federal Contract Tower,0,0,2,0,2,0,19,11,0,30,0,19,13,0,32,36,0,36,68
04/07/2019,SSF,TX,ASW,CE,Federal Contract Tower,0,0,8,2,10,0,12,32,0,44,0,12,40,2,54,54,2,56,110
04/08/2019,SSF,TX,ASW,CE,Federal Contract Tower,0,0,0,26,26,0,13,129,1,143,0,13,129,27,169,216,26,242,411
04/09/2019,SSF,TX,ASW,CE,Federal Contract Tower,0,0,6,24,30,0,16,157,1,174,0,16,163,25,204,460,24,484,688
04/10/2019,SSF,TX,ASW,CE,Federal Contract Tower,0,2,6,20,28,0,28,90,3,121,0,30,96,23,149,410,16,426,575
04/11/2019,SSF,TX,ASW,CE,Federal Contract Tower,0,0,5,12,17,0,16,120,4,140,0,16,125,16,157,260,8,268,425
04/12/2019,SSF,TX,ASW,CE,Federal Contract Tower,0,0,12,12,24,0,20,102,5,127,0,20,114,17,151,216,10,226,377
04/13/2019,SSF,TX,ASW,CE,Federal Contract Tower,0,0,1,2,3,0,11,11,0,22,0,11,12,2,25,6,2,8,33
04/14/2019,SSF,TX,ASW,CE,Federal Contract Tower,0,0,7,0,7,0,7,94,4,105,0,7,101,4,112,122,0,122,234
04/15/2019,SSF,TX,ASW,CE,Federal Contract Tower,0,0,12,30,42,0,6,98,0,104,0,6,110,30,146,232,22,254,400
04/16/2019,SSF,TX,ASW,CE,Federal Contract Tower,0,0,20,34,54,0,10,132,0,142,0,10,152,34,196,448,28,476,672
04/17/2019,SSF,TX,ASW,CE,Federal Contract Tower,0,0,22,28,50,0,20,73,0,93,0,20,95,28,143,272,28,300,443
04/18/2019,SSF,TX,ASW,CE,Federal Contract Tower,0,0,14,6,20,0,24,111,4,139,0,24,125,10,159,330,18,348,507
04/19/2019,SSF,TX,ASW,CE,Federal Contract Tower,0,0,6,8,14,0,27,116,0,143,0,27,122,8,157,268,6,274,431
04/20/2019,SSF,TX,ASW,CE,Federal Contract Tower,0,0,13,0,13,0,20,117,0,137,0,20,130,0,150,206,0,206,356
04/21/2019,SSF,TX,ASW,CE,Federal Contract Tower,0,0,2,0,2,0,6,19,0,25,0,6,21,0,27,24,0,24,51
04/22/2019,SSF,TX,ASW,CE,Federal Contract Tower,0,1,13,10,24,0,7,59,1,67,0,8,72,11,91,146,24,170,261
04/23/2019,SSF,TX,ASW,CE,Federal Contract Tower,0,0,21,26,47,0,10,40,18,68,0,10,61,44,115,154,28,182,297
04/24/2019,SSF,TX,ASW,CE,Federal Contract Tower,0,0,2,0,2,0,3,6,0,9,0,3,8,0,11,78,0,78,89
04/25/2019,SSF,TX,ASW,CE,Federal Contract Tower,0,0,13,26,39,0,8,143,0,151,0,8,156,26,190,334,14,348,538
04/26/2019,SSF,TX,ASW,CE,Federal Contract Tower,0,0,1,12,13,0,18,137,23,178,0,18,138,35,191,402,6,408,599
04/27/2019,SSF,TX,ASW,CE,Federal Contract Tower,0,0,13,0,13,0,40,108,0,148,0,40,121,0,161,480,0,480,641
04/28/2019,SSF,TX,ASW,CE,Federal Contract Tower,0,0,10,2,12,0,9,65,0,74,0,9,75,2,86,212,2,214,300
04/29/2019,SSF,TX,ASW,CE,Federal Contract Tower,0,0,19,6,25,0,16,55,0,71,0,16,74,6,96,144,6,150,246
04/30/2019,SSF,TX,ASW,CE,Federal Contract Tower,0,0,18,21,39,0,11,115,9,135,0,11,133,30,174,408,52,460,634
05/01/2019,SSF,TX,ASW,CE,Federal Contract Tower,0,0,28,18,46,0,9,41,2,52,0,9,69,20,98,210,40,250,348
05/02/2019,SSF,TX,ASW,CE,Federal Contract Tower,0,0,12,6,18,0,5,52,2,59,0,5,64,8,77,230,20,250,327
05/03/2019,SSF,TX,ASW,CE,Federal Contract Tower,0,2,7,2,11,0,12,24,0,36,0,14,31,2,47,104,2,106,153
05/04/2019,SSF,TX,ASW,CE,Federal Contract Tower,0,1,11,0,12,0,18,260,5,283,0,19,271,5,295,168,4,172,467
05/05/2019,SSF,TX,ASW,CE,Federal Contract Tower,0,0,7,0,7,0,20,120,0,140,0,20,127,0,147,194,0,194,341
05/06/2019,SSF,TX,ASW,CE,Federal Contract Tower,0,0,8,9,17,0,8,32,0,40,0,8,40,9,57,94,4,98,155
05/07/2019,SSF,TX,ASW,CE,Federal Contract Tower,0,1,2,12,15,0,12,75,14,101,0,13,77,26,116,378,12,390,506
05/08/2019,SSF,TX,ASW,CE,Federal Contract Tower,0,0,14,4,18,0,10,42,0,52,0,10,56,4,70,282,4,286,356
05/09/2019,SSF,TX,ASW,CE,Federal Contract Tower,0,0,8,16,24,0,7,55,0,62,0,7,63,16,86,228,14,242,328
05/10/2019,SSF,TX,ASW,CE,Federal Contract Tower,0,0,6,2,8,0,10,38,0,48,0,10,44,2,56,234,6,240,296
05/11/2019,SSF,TX,ASW,CE,Federal Contract Tower,0,2,8,0,10,0,16,26,0,42,0,18,34,0,52,62,4,66,118
05/12/2019,SSF,TX,ASW,CE,Federal Contract Tower,0,0,9,2,11,0,10,120,0,130,0,10,129,2,141,164,2,166,307
05/13/2019,SSF,TX,ASW,CE,Federal Contract Tower,0,3,19,8,30,0,11,112,2,125,0,14,131,10,155,196,20,216,371
05/14/2019,SSF,TX,ASW,CE,Federal Contract Tower,0,0,17,35,52,0,15,149,6,170,0,15,166,41,222,382,66,448,670
05/15/2019,SSF,TX,ASW,CE,Federal Contract Tower,0,0,17,22,39,0,29,98,6,133,0,29,115,28,172,340,44,384,556
05/16/2019,SSF,TX,ASW,CE,Federal Contract Tower,0,0,24,22,46,0,4,164,0,168,0,4,188,22,214,386,22,408,622
05/17/2019,SSF,TX,ASW,CE,Federal Contract Tower,0,0,12,10,22,0,15,108,2,125,0,15,120,12,147,140,2,142,289
05/18/2019,SSF,TX,ASW,CE,Federal Contract Tower,0,0,13,0,13,0,22,17,0,39,0,22,30,0,52,54,0,54,106
05/19/2019,SSF,TX,ASW,CE,Federal Contract Tower,0,0,7,0,7,0,3,71,0,74,0,3,78,0,81,254,0,254,335
05/20/2019,SSF,TX,ASW,CE,Federal Contract Tower,0,0,18,22,40,0,4,52,0,56,0,4,70,22,96,106,22,128,224
05/21/2019,SSF,TX,ASW,CE,Federal Contract Tower,0,0,8,10,18,0,32,153,14,199,0,32,161,24,217,548,10,558,775
05/22/2019,SSF,TX,ASW,CE,Federal Contract Tower,0,1,16,20,37,0,32,132,4,168,0,33,148,24,205,354,18,372,577
05/23/2019,SSF,TX,ASW,CE,Federal Contract Tower,0,0,25,10,35,0,23,111,0,134,0,23,136,10,169,364,10,374,543
05/24/2019,SSF,TX,ASW,CE,Federal Contract Tower,0,0,18,2,20,0,12,86,0,98,0,12,104,2,118,200,2,202,320
05/25/2019,SSF,TX,ASW,CE,Federal Contract Tower,0,0,8,0,8,0,20,65,0,85,0,20,73,0,93,168,0,168,261
05/26/2019,SSF,TX,ASW,CE,Federal Contract Tower,0,0,3,0,3,0,17,50,0,67,0,17,53,0,70,140,0,140,210
05/27/2019,SSF,TX,ASW,CE,Federal Contract Tower,0,0,12,0,12,0,4,89,0,93,0,4,101,0,105,298,0,298,403
05/28/2019,SSF,TX,ASW,CE,Federal Contract Tower,0,0,12,19,31,0,28,140,22,190,0,28,152,41,221,372,60,432,653
05/29/2019,SSF,TX,ASW,CE,Federal Contract Tower,0,12,22,22,56,0,28,129,8,165,0,40,151,30,221,268,46,314,535
05/30/2019,SSF,TX,ASW,CE,Federal Contract Tower,0,0,5,14,19,0,5,86,0,91,0,5,91,14,110,320,18,338,448
05/31/2019,SSF,TX,ASW,CE,Federal Contract Tower,0,0,7,8,15,0,21,104,12,137,0,21,111,20,152,274,12,286,438
06/01/2019,SSF,TX,ASW,CE,Federal Contract Tower,0,0,10,1,11,0,27,100,4,131,0,27,110,5,142,166,0,166,308
06/02/2019,SSF,TX,ASW,CE,Federal Contract Tower,0,0,5,2,7,0,10,105,4,119,0,10,110,6,126,206,12,218,344
06/03/2019,SSF,TX,ASW,CE,Federal Contract Tower,0,0,2,16,18,0,15,72,0,87,0,15,74,16,105,254,24,278,383
06/04/2019,SSF,TX,ASW,CE,Federal Contract Tower,0,2,8,6,16,0,9,55,4,68,0,11,63,10,84,288,10,298,382
06/05/2019,SSF,TX,ASW,CE,Federal Contract Tower,0,0,6,14,20,0,28,92,2,122,0,28,98,16,142,382,10,392,534
06/06/2019,SSF,TX,ASW,CE,Federal Contract Tower,0,0,5,10,15,0,8,110,0,118,0,8,115,10,133,308,10,318,451
06/07/2019,SSF,TX,ASW,CE,Federal Contract Tower,0,0,10,8,18,0,21,146,10,177,0,21,156,18,195,254,4,258,453
06/08/2019,SSF,TX,ASW,CE,Federal Contract Tower,0,0,9,0,9,0,32,85,0,117,0,32,94,0,126,160,0,160,286
06/09/2019,SSF,TX,ASW,CE,Federal Contract Tower,0,0,3,0,3,0,13,65,8,86,0,13,68,8,89,122,2,124,213
06/10/2019,SSF,TX,ASW,CE,Federal Contract Tower,0,0,6,24,30,0,6,86,0,92,0,6,92,24,122,164,20,184,306
06/11/2019,SSF,TX,ASW,CE,Federal Contract Tower,0,1,4,14,19,0,8,101,5,114,0,9,105,19,133,244,12,256,389
06/12/2019,SSF,TX,ASW,CE,Federal Contract Tower,0,0,7,12,19,0,25,113,3,141,0,25,120,15,160,274,14,288,448
06/13/2019,SSF,TX,ASW,CE,Federal Contract Tower,0,1,12,10,23,0,17,135,3,155,0,18,147,13,178,270,8,278,456
06/14/2019,SSF,TX,ASW,CE,Federal Contract Tower,0,1,7,18,26,0,12,137,0,149,0,13,144,18,175,262,14,276,451
06/15/2019,SSF,TX,ASW,CE,Federal Contract Tower,0,0,6,0,6,0,13,73,0,86,0,13,79,0,92,90,4,94,186
06/16/2019,SSF,TX,ASW,CE,Federal Contract Tower,0,0,8,4,12,0,4,32,0,36,0,4,40,4,48,24,4,28,76
06/17/2019,SSF,TX,ASW,CE,Federal Contract Tower,0,0,8,0,8,0,8,79,0,87,0,8,87,0,95,208,4,212,307
06/18/2019,SSF,TX,ASW,CE,Federal Contract Tower,0,0,9,2,11,0,14,145,8,167,0,14,154,10,178,228,2,230,408
06/19/2019,SSF,TX,ASW,CE,Federal Contract Tower,0,0,24,14,38,0,24,144,64,232,0,24,168,78,270,566,6,572,842
06/20/2019,SSF,TX,ASW,CE,Federal Contract Tower,0,0,10,12,22,0,9,82,0,91,0,9,92,12,113,274,12,286,399
06/21/2019,SSF,TX,ASW,CE,Federal Contract Tower,0,0,13,10,23,0,20,51,7,78,0,20,64,17,101,110,12,122,223
06/22/2019,SSF,TX,ASW,CE,Federal Contract Tower,0,0,18,2,20,0,34,72,2,108,0,34,90,4,128,192,2,194,322
06/23/2019,SSF,TX,ASW,CE,Federal Contract Tower,0,0,4,0,4,0,17,55,0,72,0,17,59,0,76,130,0,130,206
06/24/2019,SSF,TX,ASW,CE,Federal Contract Tower,0,0,5,4,9,0,4,44,0,48,0,4,49,4,57,30,4,34,91
06/25/2019,SSF,TX,ASW,CE,Federal Contract Tower,0,0,8,16,24,0,15,113,11,139,0,15,121,27,163,408,26,434,597
06/26/2019,SSF,TX,ASW,CE,Federal Contract Tower,0,0,4,10,14,0,19,94,8,121,0,19,98,18,135,326,10,336,471
06/27/2019,SSF,TX,ASW,CE,Federal Contract Tower,0,0,4,8,12,0,14,69,0,83,0,14,73,8,95,216,8,224,319
06/28/2019,SSF,TX,ASW,CE,Federal Contract Tower,0,0,8,12,20,0,20,76,22,118,0,20,84,34,138,212,20,232,370
06/29/2019,SSF,TX,ASW,CE,Federal Contract Tower,0,0,4,1,5,0,21,104,2,127,0,21,108,3,132,282,0,282,414
06/30/2019,SSF,TX,ASW,CE,Federal Contract Tower,0,0,3,2,5,0,22,65,0,87,0,22,68,2,92,72,2,74,166
07/01/2019,SSF,TX,ASW,CE,Federal Contract Tower,0,0,5,16,21,0,2,97,4,103,0,2,102,20,124,200,6,206,330
07/02/2019,SSF,TX,ASW,CE,Federal Contract Tower,0,0,9,11,20,0,0,12,96,108,0,0,21,107,128,308,16,324,452
07/03/2019,SSF,TX,ASW,CE,Federal Contract Tower,0,2,12,0,14,0,0,0,0,0,0,2,12,0,14,396,0,396,410
07/04/2019,SSF,TX,ASW,CE,Federal Contract Tower,0,0,9,0,9,0,14,38,0,52,0,14,47,0,61,70,0,70,131
07/05/2019,SSF,TX,ASW,CE,Federal Contract Tower,0,0,10,0,10,0,29,107,2,138,0,29,117,2,148,324,0,324,472
07/06/2019,SSF,TX,ASW,CE,Federal Contract Tower,0,1,10,0,11,0,15,98,4,117,0,16,108,4,128,110,8,118,246
07/07/2019,SSF,TX,ASW,CE,Federal Contract Tower,0,0,6,2,8,0,8,90,3,101,0,8,96,5,109,110,2,112,221
07/08/2019,SSF,TX,ASW,CE,Federal Contract Tower,0,1,9,2,12,0,9,98,0,107,0,10,107,2,119,112,2,114,233
07/09/2019,SSF,TX,ASW,CE,Federal Contract Tower,0,2,15,24,41,0,19,111,11,141,0,21,126,35,182,340,22,362,544
07/10/2019,SSF,TX,ASW,CE,Federal Contract Tower,0,0,3,19,22,0,13,163,8,184,0,13,166,27,206,454,16,470,676
07/11/2019,SSF,TX,ASW,CE,Federal Contract Tower,0,1,13,6,20,0,8,115,0,123,0,9,128,6,143,172,12,184,327
07/12/2019,SSF,TX,ASW,CE,Federal Contract Tower,0,1,2,22,25,0,22,133,0,155,0,23,135,22,180,246,20,266,446
07/13/2019,SSF,TX,ASW,CE,Federal Contract Tower,0,0,6,0,6,0,60,135,1,196,0,60,141,1,202,312,8,320,522
07/14/2019,SSF,TX,ASW,CE,Federal Contract Tower,0,0,3,2,5,0,13,62,0,75,0,13,65,2,80,64,0,64,144
07/15/2019,SSF,TX,ASW,CE,Federal Contract Tower,0,1,8,26,35,0,6,113,0,119,0,7,121,26,154,264,22,286,440
07/16/2019,SSF,TX,ASW,CE,Federal Contract Tower,0,0,11,15,26,0,6,140,3,149,0,6,151,18,175,360,26,386,561
07/17/2019,SSF,TX,ASW,CE,Federal Contract Tower,0,5,7,4,16,0,25,108,1,134,0,30,115,5,150,420,2,422,572
07/18/2019,SSF,TX,ASW,CE,Federal Contract Tower,0,1,8,4,13,0,8,136,2,146,0,9,144,6,159,190,2,192,351
07/19/2019,SSF,TX,ASW,CE,Federal Contract Tower,0,0,17,12,29,0,6,83,0,89,0,6,100,12,118,264,6,270,388
07/20/2019,SSF,TX,ASW,CE,Federal Contract Tower,0,0,14,0,14,0,25,86,9,120,0,25,100,9,134,208,14,222,356
07/21/2019,SSF,TX,ASW,CE,Federal Contract Tower,0,0,7,2,9,0,12,79,0,91,0,12,86,2,100,144,2,146,246
07/22/2019,SSF,TX,ASW,CE,Federal Contract Tower,0,0,15,10,25,0,9,94,0,103,0,9,109,10,128,114,8,122,250
07/23/2019,SSF,TX,ASW,CE,Federal Contract Tower,0,0,7,8,15,0,13,108,8,129,0,13,115,16,144,210,10,220,364
07/24/2019,SSF,TX,ASW,CE,Federal Contract Tower,0,1,16,14,31,0,16,146,26,188,0,17,162,40,219,564,20,584,803
07/25/2019,SSF,TX,ASW,CE,Federal Contract Tower,0,0,7,34,41,0,16,127,0,143,0,16,134,34,184,404,20,424,608
07/26/2019,SSF,TX,ASW,CE,Federal Contract Tower,0,0,3,15,18,0,5,118,4,127,0,5,121,19,145,224,22,246,391
07/27/2019,SSF,TX,ASW,CE,Federal Contract Tower,0,0,4,0,4,0,5,98,1,104,0,5,102,1,108,228,10,238,346
07/28/2019,SSF,TX,ASW,CE,Federal Contract Tower,0,0,4,1,5,0,5,63,0,68,0,5,67,1,73,58,4,62,135
07/29/2019,SSF,TX,ASW,CE,Federal Contract Tower,0,5,26,0,31,0,4,99,0,103,0,9,125,0,134,260,24,284,418
07/30/2019,SSF,TX,ASW,CE,Federal Contract Tower,0,0,9,14,23,0,31,156,4,191,0,31,165,18,214,468,26,494,708
07/31/2019,SSF,TX,ASW,CE,Federal Contract Tower,0,0,9,22,31,0,16,144,2,162,0,16,153,24,193,406,50,456,649
08/01/2019,SSF,TX,ASW,CE,Federal Contract Tower,0,0,4,22,26,0,11,95,5,111,0,11,99,27,137,250,20,270,407
08/02/2019,SSF,TX,ASW,CE,Federal Contract Tower,0,0,9,10,19,0,16,117,0,133,0,16,126,10,152,260,8,268,420
08/03/2019,SSF,TX,ASW,CE,Federal Contract Tower,0,0,4,5,9,0,30,83,30,143,0,30,87,35,152,172,2,174,326
08/04/2019,SSF,TX,ASW,CE,Federal Contract Tower,0,0,2,2,4,0,10,68,0,78,0,10,70,2,82,194,2,196,278
08/05/2019,SSF,TX,ASW,CE,Federal Contract Tower,0,0,5,14,19,0,24,97,2,123,0,24,102,16,142,298,18,316,458
08/06/2019,SSF,TX,ASW,CE,Federal Contract Tower,0,0,7,20,27,0,6,95,0,101,0,6,102,20,128,296,20,316,444
08/07/2019,SSF,TX,ASW,CE,Federal Contract Tower,0,1,17,16,34,0,16,125,0,141,0,17,142,16,175,282,14,296,471
08/08/2019,SSF,TX,ASW,CE,Federal Contract Tower,0,0,19,10,29,0,14,86,5,105,0,14,105,15,134,230,28,258,392
08/09/2019,SSF,TX,ASW,CE,Federal Contract Tower,0,1,11,12,24,0,6,101,2,109,0,7,112,14,133,282,24,306,439
08/10/2019,SSF,TX,ASW,CE,Federal Contract Tower,0,0,20,1,21,0,12,90,1,103,0,12,110,2,124,192,0,192,316
08/11/2019,SSF,TX,ASW,CE,Federal Contract Tower,0,0,11,2,13,0,12,90,0,102,0,12,101,2,115,124,2,126,241
08/12/2019,SSF,TX,ASW,CE,Federal Contract Tower,0,0,9,8,17,0,9,116,0,125,0,9,125,8,142,252,6,258,400
08/13/2019,SSF,TX,ASW,CE,Federal Contract Tower,0,0,17,4,21,0,15,134,6,155,0,15,151,10,176,472,16,488,664
08/14/2019,SSF,TX,ASW,CE,Federal Contract Tower,0,0,13,10,23,0,16,135,8,159,0,16,148,18,182,408,22,430,612
08/15/2019,SSF,TX,ASW,CE,Federal Contract Tower,0,0,14,9,23,0,15,113,6,134,0,15,127,15,157,282,6,288,445
08/16/2019,SSF,TX,ASW,CE,Federal Contract Tower,0,0,11,2,13,0,8,120,8,136,0,8,131,10,149,256,2,258,407
08/17/2019,SSF,TX,ASW,CE,Federal Contract Tower,0,0,11,0,11,0,61,137,3,201,0,61,148,3,212,340,40,380,592
08/18/2019,SSF,TX,ASW,CE,Federal Contract Tower,0,0,5,0,5,0,48,102,0,150,0,48,107,0,155,130,0,130,285
08/19/2019,SSF,TX,ASW,CE,Federal Contract Tower,0,0,18,10,28,0,2,100,0,102,0,2,118,10,130,174,8,182,312
08/20/2019,SSF,TX,ASW,CE,Federal Contract Tower,0,1,11,12,24,0,24,108,8,140,0,25,119,20,164,338,10,348,512
08/21/2019,SSF,TX,ASW,CE,Federal Contract Tower,0,0,17,23,40,0,10,127,11,148,0,10,144,34,188,452,22,474,662
08/22/2019,SSF,TX,ASW,CE,Federal Contract Tower,0,0,10,22,32,0,14,121,4,139,0,14,131,26,171,252,24,276,447
08/23/2019,SSF,TX,ASW,CE,Federal Contract Tower,0,0,9,20,29,0,21,115,0,136,0,21,124,20,165,262,10,272,437
08/24/2019,SSF,TX,ASW,CE,Federal Contract Tower,0,1,15,1,17,0,10,75,22,107,0,11,90,23,124,128,4,132,256
08/25/2019,SSF,TX,ASW,CE,Federal Contract Tower,0,0,8,0,8,0,7,46,0,53,0,7,54,0,61,80,0,80,141
08/26/2019,SSF,TX,ASW,CE,Federal Contract Tower,0,0,9,30,39,0,5,132,0,137,0,5,141,30,176,298,24,322,498
08/27/2019,SSF,TX,ASW,CE,Federal Contract Tower,0,0,13,22,35,0,39,146,7,192,0,39,159,29,227,488,22,510,737
08/28/2019,SSF,TX,ASW,CE,Federal Contract Tower,0,0,14,16,30,0,17,117,6,140,0,17,131,22,170,466,20,486,656
08/29/2019,SSF,TX,ASW,CE,Federal Contract Tower,0,0,11,22,33,0,2,138,0,140,0,2,149,22,173,182,16,198,371
08/30/2019,SSF,TX,ASW,CE,Federal Contract Tower,0,0,15,1,16,0,15,134,1,150,0,15,149,2,166,278,0,278,444
08/31/2019,SSF,TX,ASW,CE,Federal Contract Tower,0,1,13,0,14,0,31,110,0,141,0,32,123,0,155,146,0,146,301
09/01/2019,SSF,TX,ASW,CE,Federal Contract Tower,0,0,2,0,2,0,7,69,0,76,0,7,71,0,78,128,0,128,206
09/02/2019,SSF,TX,ASW,CE,Federal Contract Tower,0,0,2,0,2,0,2,91,2,95,0,2,93,2,97,384,0,384,481
09/03/2019,SSF,TX,ASW,CE,Federal Contract Tower,0,3,11,18,32,0,23,146,2,171,0,26,157,20,203,414,18,432,635
09/04/2019,SSF,TX,ASW,CE,Federal Contract Tower,0,3,13,24,40,0,32,124,4,160,0,35,137,28,200,310,66,376,576
09/05/2019,SSF,TX,ASW,CE,Federal Contract Tower,0,0,15,18,33,0,9,114,6,129,0,9,129,24,162,368,28,396,558
09/06/2019,SSF,TX,ASW,CE,Federal Contract Tower,0,0,8,10,18,0,9,109,8,126,0,9,117,18,144,288,8,296,440
09/07/2019,SSF,TX,ASW,CE,Federal Contract Tower,0,0,3,2,5,0,20,125,2,147,0,20,128,4,152,282,2,284,436
09/08/2019,SSF,TX,ASW,CE,Federal Contract Tower,0,0,6,4,10,0,13,48,0,61,0,13,54,4,71,92,2,94,165
09/09/2019,SSF,TX,ASW,CE,Federal Contract Tower,0,0,5,18,23,0,4,73,10,87,0,4,78,28,110,204,12,216,326
09/10/2019,SSF,TX,ASW,CE,Federal Contract Tower,0,0,16,20,36,0,10,126,14,150,0,10,142,34,186,420,18,438,624
09/11/2019,SSF,TX,ASW,CE,Federal Contract Tower,0,0,13,16,29,0,4,83,0,87,0,4,96,16,116,284,12,296,412
09/12/2019,SSF,TX,ASW,CE,Federal Contract Tower,0,0,27,14,41,0,5,116,0,121,0,5,143,14,162,198,10,208,370
09/13/2019,SSF,TX,ASW,CE,Federal Contract Tower,0,0,8,8,16,0,6,127,2,135,0,6,135,10,151,226,6,232,383
09/14/2019,SSF,TX,ASW,CE,Federal Contract Tower,0,0,13,0,13,0,28,103,0,131,0,28,116,0,144,202,0,202,346
09/15/2019,SSF,TX,ASW,CE,Federal Contract Tower,0,0,1,2,3,0,14,84,0,98,0,14,85,2,101,234,2,236,337
09/16/2019,SSF,TX,ASW,CE,Federal Contract Tower,0,0,5,12,17,0,6,109,8,123,0,6,114,20,140,178,10,188,328
09/17/2019,SSF,TX,ASW,CE,Federal Contract Tower,0,0,10,34,44,0,23,132,2,157,0,23,142,36,201,344,42,386,587
09/18/2019,SSF,TX,ASW,CE,Federal Contract Tower,0,0,11,22,33,0,20,122,0,142,0,20,133,22,175,374,18,392,567
09/19/2019,SSF,TX,ASW,CE,Federal Contract Tower,0,0,10,12,22,0,13,128,0,141,0,13,138,12,163,228,12,240,403
09/20/2019,SSF,TX,ASW,CE,Federal Contract Tower,0,0,3,6,9,0,18,69,0,87,0,18,72,6,96,94,6,100,196
09/21/2019,SSF,TX,ASW,CE,Federal Contract Tower,0,0,17,0,17,0,31,28,0,59,0,31,45,0,76,106,0,106,182
09/22/2019,SSF,TX,ASW,CE,Federal Contract Tower,0,0,5,10,15,0,4,59,0,63,0,4,64,10,78,118,10,128,206
09/23/2019,SSF,TX,ASW,CE,Federal Contract Tower,0,0,4,16,20,0,8,85,0,93,0,8,89,16,113,118,16,134,247
09/24/2019,SSF,TX,ASW,CE,Federal Contract Tower,0,2,12,14,28,0,12,120,0,132,0,14,132,14,160,282,14,296,456
09/25/2019,SSF,TX,ASW,CE,Federal Contract Tower,0,2,15,18,35,0,30,119,2,151,0,32,134,20,186,362,18,380,566
09/26/2019,SSF,TX,ASW,CE,Federal Contract Tower,0,0,20,10,30,0,17,117,3,137,0,17,137,13,167,192,10,202,369
09/27/2019,SSF,TX,ASW,CE,Federal Contract Tower,0,0,11,28,39,0,15,115,2,132,0,15,126,30,171,170,22,192,363
09/28/2019,SSF,TX,ASW,CE,Federal Contract Tower,0,0,20,0,20,0,26,70,0,96,0,26,90,0,116,166,0,166,282
09/29/2019,SSF,TX,ASW,CE,Federal Contract Tower,0,0,8,0,8,0,10,55,2,67,0,10,63,2,75,30,0,30,105
09/30/2019,SSF,TX,ASW,CE,Federal Contract Tower,0,2,13,18,33,0,5,59,0,64,0,7,72,18,97,110,10,120,217
10/01/2019,SSF,TX,ASW,CE,Federal Contract Tower,0,0,16,24,40,0,31,134,4,169,0,31,150,28,209,384,20,404,613
10/02/2019,SSF,TX,ASW,CE,Federal Contract Tower,0,1,19,16,36,0,10,118,4,132,0,11,137,20,168,354,22,376,544
10/03/2019,SSF,TX,ASW,CE,Federal Contract Tower,0,0,17,16,33,0,7,90,0,97,0,7,107,16,130,212,16,228,358
10/04/2019,SSF,TX,ASW,CE,Federal Contract Tower,0,0,26,4,30,0,10,70,0,80,0,10,96,4,110,90,4,94,204
10/05/2019,SSF,TX,ASW,CE,Federal Contract Tower,0,0,10,2,12,0,31,201,0,232,0,31,211,2,244,198,0,198,442
10/06/2019,SSF,TX,ASW,CE,Federal Contract Tower,0,0,3,4,7,0,16,52,0,68,0,16,55,4,75,88,4,92,167
10/07/2019,SSF,TX,ASW,CE,Federal Contract Tower,0,0,13,16,29,0,14,81,0,95,0,14,94,16,124,84,10,94,218
10/08/2019,SSF,TX,ASW,CE,Federal Contract Tower,0,0,27,20,47,0,16,162,0,178,0,16,189,20,225,292,16,308,533
10/09/2019,SSF,TX,ASW,CE,Federal Contract Tower,0,0,20,12,32,0,14,86,8,108,0,14,106,20,140,326,10,336,476
10/10/2019,SSF,TX,ASW,CE,Federal Contract Tower,0,0,24,16,40,0,11,96,0,107,0,11,120,16,147,138,12,150,297
10/11/2019,SSF,TX,ASW,CE,Federal Contract Tower,0,0,10,0,10,0,2,12,0,14,0,2,22,0,24,4,0,4,28
10/12/2019,SSF,TX,ASW,CE,Federal Contract Tower,0,0,12,0,12,0,25,96,0,121,0,25,108,0,133,86,0,86,219
10/13/2019,SSF,TX,ASW,CE,Federal Contract Tower,0,0,16,0,16,0,14,41,0,55,0,14,57,0,71,80,0,80,151
10/14/2019,SSF,TX,ASW,CE,Federal Contract Tower,0,0,7,0,7,5,62,0,0,67,5,62,7,0,74,132,0,132,206
10/15/2019,SSF,TX,ASW,CE,Federal Contract Tower,0,2,18,13,33,0,7,126,8,141,0,9,144,21,174,298,14,312,486
10/16/2019,SSF,TX,ASW,CE,Federal Contract Tower,0,0,32,0,32,0,6,50,0,56,0,6,82,0,88,146,0,146,234
10/17/2019,SSF,TX,ASW,CE,Federal Contract Tower,0,0,12,20,32,0,5,100,2,107,0,5,112,22,139,168,18,186,325
10/18/2019,SSF,TX,ASW,CE,Federal Contract Tower,0,0,5,8,13,0,21,84,0,105,0,21,89,8,118,158,8,166,284
10/19/2019,SSF,TX,ASW,CE,Federal Contract Tower,0,0,13,0,13,0,20,87,0,107,0,20,100,0,120,144,0,144,264
10/20/2019,SSF,TX,ASW,CE,Federal Contract Tower,0,0,12,0,12,0,9,23,0,32,0,9,35,0,44,38,0,38,82
10/21/2019,SSF,TX,ASW,CE,Federal Contract Tower,0,0,5,22,27,0,13,95,0,108,0,13,100,22,135,88,20,108,243
10/22/2019,SSF,TX,ASW,CE,Federal Contract Tower,0,0,14,14,28,0,22,149,6,177,0,22,163,20,205,194,18,212,417
10/23/2019,SSF,TX,ASW,CE,Federal Contract Tower,0,0,11,20,31,0,25,131,26,182,0,25,142,46,213,164,26,190,403
10/24/2019,SSF,TX,ASW,CE,Federal Contract Tower,0,2,14,22,38,0,6,89,0,95,0,8,103,22,133,126,24,150,283
10/25/2019,SSF,TX,ASW,CE,Federal Contract Tower,0,0,18,8,26,0,13,56,4,73,0,13,74,12,99,116,4,120,219
10/26/2019,SSF,TX,ASW,CE,Federal Contract Tower,0,2,5,0,7,0,35,117,0,152,0,37,122,0,159,190,0,190,349
10/27/2019,SSF,TX,ASW,CE,Federal Contract Tower,0,1,5,8,14,0,15,63,0,78,0,16,68,8,92,48,8,56,148
10/28/2019,SSF,TX,ASW,CE,Federal Contract Tower,0,0,23,18,41,0,7,101,0,108,0,7,124,18,149,184,14,198,347
10/29/2019,SSF,TX,ASW,CE,Federal Contract Tower,0,1,4,0,5,0,0,0,0,0,0,1,4,0,5,0,0,0,5
10/30/2019,SSF,TX,ASW,CE,Federal Contract Tower,0,0,20,8,28,0,0,0,0,0,0,0,20,8,28,25,16,41,69
10/31/2019,SSF,TX,ASW,CE,Federal Contract Tower,0,0,7,16,23,0,5,130,0,135,0,5,137,16,158,228,6,234,392
11/02/2019,SSF,TX,ASW,CE,Federal Contract Tower,0,0,2,4,6,0,2,97,0,99,0,2,99,4,105,160,2,162,267
11/03/2019,SSF,TX,ASW,CE,Federal Contract Tower,0,0,3,4,7,0,2,90,0,92,0,2,93,4,99,84,4,88,187
11/04/2019,SSF,TX,ASW,CE,Federal Contract Tower,0,1,12,18,31,0,8,118,0,126,0,9,130,18,157,126,14,140,297
11/05/2019,SSF,TX,ASW,CE,Federal Contract Tower,0,0,26,23,49,0,5,83,2,90,0,5,109,25,139,148,46,194,333
11/06/2019,SSF,TX,ASW,CE,Federal Contract Tower,0,0,37,30,67,0,2,110,0,112,0,2,147,30,179,284,26,310,489
11/07/2019,SSF,TX,ASW,CE,Federal Contract Tower,0,0,15,0,15,0,2,4,0,6,0,2,19,0,21,0,0,0,21
11/08/2019,SSF,TX,ASW,CE,Federal Contract Tower,0,0,26,4,30,0,12,36,0,48,0,12,62,4,78,86,4,90,168
11/09/2019,SSF,TX,ASW,CE,Federal Contract Tower,0,0,11,6,17,0,39,124,0,163,0,39,135,6,180,252,6,258,438
11/10/2019,SSF,TX,ASW,CE,Federal Contract Tower,0,0,8,0,8,0,8,77,0,85,0,8,85,0,93,112,0,112,205
11/11/2019,SSF,TX,ASW,CE,Federal Contract Tower,0,0,15,0,15,0,6,48,0,54,0,6,63,0,69,146,0,146,215
11/12/2019,SSF,TX,ASW,CE,Federal Contract Tower,0,0,4,12,16,0,18,110,2,130,0,18,114,14,146,170,10,180,326
11/13/2019,SSF,TX,ASW,CE,Federal Contract Tower,0,2,12,20,34,0,0,75,0,75,0,2,87,20,109,66,10,76,185
11/14/2019,SSF,TX,ASW,CE,Federal Contract Tower,0,0,14,2,16,0,2,19,0,21,0,2,33,2,37,52,2,54,91
11/15/2019,SSF,TX,ASW,CE,Federal Contract Tower,0,0,9,4,13,0,6,156,5,167,0,6,165,9,180,246,28,274,454
11/16/2019,SSF,TX,ASW,CE,Federal Contract Tower,0,0,1,0,1,0,8,120,0,128,0,8,121,0,129,152,0,152,281
11/17/2019,SSF,TX,ASW,CE,Federal Contract Tower,0,0,10,2,12,0,12,50,0,62,0,12,60,2,74,106,2,108,182
11/18/2019,SSF,TX,ASW,CE,Federal Contract Tower,0,0,5,22,27,0,7,112,0,119,0,7,117,22,146,134,14,148,294
11/19/2019,SSF,TX,ASW,CE,Federal Contract Tower,0,0,14,22,36,0,2,134,2,138,0,2,148,24,174,244,38,282,456
11/20/2019,SSF,TX,ASW,CE,Federal Contract Tower,0,0,13,16,29,0,8,96,4,108,0,8,109,20,137,180,12,192,329
11/21/2019,SSF,TX,ASW,CE,Federal Contract Tower,0,0,17,14,31,0,6,102,0,108,0,6,119,14,139,218,10,228,367
11/22/2019,SSF,TX,ASW,CE,Federal Contract Tower,0,0,5,14,19,0,7,50,0,57,0,7,55,14,76,140,14,154,230
11/23/2019,SSF,TX,ASW,CE,Federal Contract Tower,0,1,2,0,3,0,8,345,0,353,0,9,347,0,356,590,0,590,946
11/24/2019,SSF,TX,ASW,CE,Federal Contract Tower,0,1,2,0,3,0,10,118,0,128,0,11,120,0,131,196,0,196,327
11/25/2019,SSF,TX,ASW,CE,Federal Contract Tower,0,0,8,13,21,0,4,115,1,120,0,4,123,14,141,128,10,138,279
11/26/2019,SSF,TX,ASW,CE,Federal Contract Tower,0,0,1,12,13,0,3,99,0,102,0,3,100,12,115,116,12,128,243
11/27/2019,SSF,TX,ASW,CE,Federal Contract Tower,0,0,3,16,19,0,20,84,2,106,0,20,87,18,125,136,12,148,273
11/28/2019,SSF,TX,ASW,CE,Federal Contract Tower,0,0,5,0,5,0,5,15,0,20,0,5,20,0,25,46,0,46,71
11/29/2019,SSF,TX,ASW,CE,Federal Contract Tower,0,0,1,0,1,0,0,0,0,0,0,0,1,0,1,0,0,0,1
11/30/2019,SSF,TX,ASW,CE,Federal Contract Tower,0,0,4,0,4,0,25,59,0,84,0,25,63,0,88,172,0,172,260
12/01/2019,SSF,TX,ASW,CE,Federal Contract Tower,0,0,1,0,1,0,12,84,0,96,0,12,85,0,97,92,0,92,189
12/02/2019,SSF,TX,ASW,CE,Federal Contract Tower,0,0,2,28,30,0,2,112,0,114,0,2,114,28,144,120,20,140,284
12/03/2019,SSF,TX,ASW,CE,Federal Contract Tower,0,0,8,18,26,0,10,145,0,155,0,10,153,18,181,266,20,286,467
12/04/2019,SSF,TX,ASW,CE,Federal Contract Tower,0,2,13,24,39,0,12,130,3,145,0,14,143,27,184,370,52,422,606
12/05/2019,SSF,TX,ASW,CE,Federal Contract Tower,0,0,13,8,21,0,2,46,0,48,0,2,59,8,69,176,6,182,251
12/06/2019,SSF,TX,ASW,CE,Federal Contract Tower,0,0,10,0,10,0,13,114,3,130,0,13,124,3,140,324,14,338,478
12/07/2019,SSF,TX,ASW,CE,Federal Contract Tower,0,0,16,0,16,0,17,107,8,132,0,17,123,8,148,262,0,262,410
12/08/2019,SSF,TX,ASW,CE,Federal Contract Tower,0,0,6,0,6,0,17,64,1,82,0,17,70,1,88,114,0,114,202
12/09/2019,SSF,TX,ASW,CE,Federal Contract Tower,0,0,11,14,25,0,5,69,0,74,0,5,80,14,99,134,6,140,239
12/10/2019,SSF,TX,ASW,CE,Federal Contract Tower,0,0,15,7,22,0,4,55,4,63,0,4,70,11,85,226,16,242,327
12/11/2019,SSF,TX,ASW,CE,Federal Contract Tower,0,0,14,34,48,0,8,74,0,82,0,8,88,34,130,312,30,342,472
12/12/2019,SSF,TX,ASW,CE,Federal Contract Tower,0,0,18,12,30,0,5,104,0,109,0,5,122,12,139,314,14,328,467
12/13/2019,SSF,TX,ASW,CE,Federal Contract Tower,0,0,5,18,23,0,11,121,0,132,0,11,126,18,155,256,12,268,423
12/14/2019,SSF,TX,ASW,CE,Federal Contract Tower,0,0,11,2,13,0,33,101,0,134,0,33,112,2,147,154,0,154,301
12/15/2019,SSF,TX,ASW,CE,Federal Contract Tower,0,0,2,1,3,0,2,53,1,56,0,2,55,2,59,62,0,62,121
12/16/2019,SSF,TX,ASW,CE,Federal Contract Tower,0,0,7,14,21,0,0,72,0,72,0,0,79,14,93,94,6,100,193
12/17/2019,SSF,TX,ASW,CE,Federal Contract Tower,0,0,5,24,29,0,0,10,139,149,0,0,15,163,178,174,16,190,368
12/18/2019,SSF,TX,ASW,CE,Federal Contract Tower,0,0,19,16,35,0,18,150,0,168,0,18,169,16,203,444,18,462,665
12/19/2019,SSF,TX,ASW,CE,Federal Contract Tower,0,2,9,16,27,0,18,94,1,113,0,20,103,17,140,226,12,238,378
12/20/2019,SSF,TX,ASW,CE,Federal Contract Tower,0,0,1,0,1,0,0,0,0,0,0,0,1,0,1,0,0,0,1
12/21/2019,SSF,TX,ASW,CE,Federal Contract Tower,0,0,7,0,7,0,15,91,0,106,0,15,98,0,113,190,0,190,303
12/22/2019,SSF,TX,ASW,CE,Federal Contract Tower,0,0,4,0,4,0,23,84,0,107,0,23,88,0,111,110,0,110,221
12/23/2019,SSF,TX,ASW,CE,Federal Contract Tower,0,0,12,2,14,0,6,121,3,130,0,6,133,5,144,206,0,206,350
12/24/2019,SSF,TX,ASW,CE,Federal Contract Tower,0,0,4,0,4,0,6,110,0,116,0,6,114,0,120,216,0,216,336
12/25/2019,SSF,TX,ASW,CE,Federal Contract Tower,0,0,5,0,5,0,3,29,0,32,0,3,34,0,37,70,0,70,107
12/26/2019,SSF,TX,ASW,CE,Federal Contract Tower,0,0,9,0,9,0,3,80,0,83,0,3,89,0,92,248,0,248,340
12/27/2019,SSF,TX,ASW,CE,Federal Contract Tower,0,0,12,0,12,0,21,54,0,75,0,21,66,0,87,158,0,158,245
12/28/2019,SSF,TX,ASW,CE,Federal Contract Tower,0,0,12,0,12,0,27,29,0,56,0,27,41,0,68,110,0,110,178
12/29/2019,SSF,TX,ASW,CE,Federal Contract Tower,0,0,1,0,1,0,19,66,0,85,0,19,67,0,86,93,0,93,179
12/30/2019,SSF,TX,ASW,CE,Federal Contract Tower,0,0,5,0,5,0,18,122,0,140,0,18,127,0,145,212,0,212,357
12/31/2019,SSF,TX,ASW,CE,Federal Contract Tower,0,0,0,0,0,0,8,100,0,108,0,8,100,0,108,106,0,106,214
01/01/2020,SSF,TX,ASW,CE,Federal Contract Tower,0,0,2,0,2,0,3,50,0,53,0,3,52,0,55,111,0,111,166
01/02/2020,SSF,TX,ASW,CE,Federal Contract Tower,0,0,2,0,2,0,14,104,0,118,0,14,106,0,120,246,0,246,366
01/03/2020,SSF,TX,ASW,CE,Federal Contract Tower,0,0,6,2,8,0,12,123,0,135,0,12,129,2,143,308,2,310,453
01/04/2020,SSF,TX,ASW,CE,Federal Contract Tower,0,0,2,0,2,0,34,124,28,186,0,34,126,28,188,294,14,308,496
01/05/2020,SSF,TX,ASW,CE,Federal Contract Tower,0,0,6,0,6,0,13,85,0,98,0,13,91,0,104,218,0,218,322
01/06/2020,SSF,TX,ASW,CE,Federal Contract Tower,0,0,7,10,17,0,3,107,0,110,0,3,114,10,127,88,8,96,223
01/07/2020,SSF,TX,ASW,CE,Federal Contract Tower,0,0,6,26,32,0,4,154,0,158,0,4,160,26,190,344,20,364,554
01/08/2020,SSF,TX,ASW,CE,Federal Contract Tower,0,0,7,22,29,0,22,160,14,196,0,22,167,36,225,178,22,200,425
01/09/2020,SSF,TX,ASW,CE,Federal Contract Tower,0,2,15,26,43,0,19,64,1,84,0,21,79,27,127,218,24,242,369
01/10/2020,SSF,TX,ASW,CE,Federal Contract Tower,0,0,6,6,12,0,14,37,3,54,0,14,43,9,66,126,18,144,210
01/11/2020,SSF,TX,ASW,CE,Federal Contract Tower,0,0,4,0,4,0,7,96,0,103,0,7,100,0,107,228,0,228,335
01/12/2020,SSF,TX,ASW,CE,Federal Contract Tower,0,2,4,2,8,0,0,40,0,40,0,2,44,2,48,94,2,96,144
01/13/2020,SSF,TX,ASW,CE,Federal Contract Tower,0,0,2,0,2,0,0,0,0,0,0,0,2,0,2,0,0,0,2
01/14/2020,SSF,TX,ASW,CE,Federal Contract Tower,0,0,8,8,16,0,6,42,3,51,0,6,50,11,67,262,30,292,359
01/15/2020,SSF,TX,ASW,CE,Federal Contract Tower,0,3,17,11,31,0,16,65,2,83,0,19,82,13,114,278,8,286,400
01/16/2020,SSF,TX,ASW,CE,Federal Contract Tower,0,0,7,4,11,0,0,10,0,10,0,0,17,4,21,18,0,18,39
01/17/2020,SSF,TX,ASW,CE,Federal Contract Tower,0,18,0,0,18,0,0,28,3,31,0,18,28,3,49,58,6,64,113
01/18/2020,SSF,TX,ASW,CE,Federal Contract Tower,0,0,9,2,11,0,23,47,4,74,0,23,56,6,85,114,2,116,201
01/19/2020,SSF,TX,ASW,CE,Federal Contract Tower,0,0,2,0,2,0,20,100,0,120,0,20,102,0,122,168,0,168,290
01/20/2020,SSF,TX,ASW,CE,Federal Contract Tower,0,0,2,0,2,0,10,116,8,134,0,10,118,8,136,166,0,166,302
01/21/2020,SSF,TX,ASW,CE,Federal Contract Tower,0,0,12,20,32,0,2,128,3,133,0,2,140,23,165,248,58,306,471
01/22/2020,SSF,TX,ASW,CE,Federal Contract Tower,0,0,2,0,2,0,0,4,0,4,0,0,6,0,6,0,0,0,6
01/23/2020,SSF,TX,ASW,CE,Federal Contract Tower,0,2,2,20,24,0,6,146,4,156,0,8,148,24,180,292,18,310,490
01/24/2020,SSF,TX,ASW,CE,Federal Contract Tower,0,0,2,6,8,0,9,161,5,175,0,9,163,11,183,246,14,260,443
01/25/2020,SSF,TX,ASW,CE,Federal Contract Tower,0,0,10,6,16,0,19,90,3,112,0,19,100,9,128,320,4,324,452
01/26/2020,SSF,TX,ASW,CE,Federal Contract Tower,0,0,3,2,5,0,3,99,0,102,0,3,102,2,107,168,2,170,277
01/27/2020,SSF,TX,ASW,CE,Federal Contract Tower,0,0,2,6,8,0,7,135,0,142,0,7,137,6,150,164,4,168,318
01/28/2020,SSF,TX,ASW,CE,Federal Contract Tower,0,0,5,14,19,0,9,69,0,78,0,9,74,14,97,184,14,198,295
01/29/2020,SSF,TX,ASW,CE,Federal Contract Tower,0,0,2,16,18,0,16,136,5,157,0,16,138,21,175,334,34,368,543
01/30/2020,SSF,TX,ASW,CE,Federal Contract Tower,0,0,25,22,47,0,0,71,0,71,0,0,96,22,118,226,14,240,358
01/31/2020,SSF,TX,ASW,CE,Federal Contract Tower,0,3,16,22,41,0,7,118,7,132,0,10,134,29,173,260,52,312,485
02/01/2020,SSF,TX,ASW,CE,Federal Contract Tower,0,0,5,0,5,0,11,146,19,176,0,11,151,19,181,176,0,176,357
02/02/2020,SSF,TX,ASW,CE,Federal Contract Tower,0,0,3,2,5,0,3,71,0,74,0,3,74,2,79,34,2,36,115
02/03/2020,SSF,TX,ASW,CE,Federal Contract Tower,0,0,13,8,21,0,0,101,2,103,0,0,114,10,124,188,6,194,318
02/04/2020,SSF,TX,ASW,CE,Federal Contract Tower,0,0,22,20,42,0,8,115,4,127,0,8,137,24,169,320,50,370,539
02/05/2020,SSF,TX,ASW,CE,Federal Contract Tower,0,0,7,26,33,0,7,56,28,91,0,7,63,54,124,171,16,187,311
02/06/2020,SSF,TX,ASW,CE,Federal Contract Tower,0,0,2,18,20,0,4,142,3,149,0,4,144,21,169,216,18,234,403
02/07/2020,SSF,TX,ASW,CE,Federal Contract Tower,0,0,6,12,18,0,9,155,2,166,0,9,161,14,184,292,12,304,488
02/08/2020,SSF,TX,ASW,CE,Federal Contract Tower,0,0,9,0,9,0,4,18,0,22,0,4,27,0,31,34,0,34,65
02/09/2020,SSF,TX,ASW,CE,Federal Contract Tower,0,1,4,0,5,0,3,7,0,10,0,4,11,0,15,2,0,2,17
02/10/2020,SSF,TX,ASW,CE,Federal Contract Tower,0,0,6,2,8,0,0,10,0,10,0,0,16,2,18,32,2,34,52
02/11/2020,SSF,TX,ASW,CE,Federal Contract Tower,0,0,7,0,7,0,0,2,0,2,0,0,9,0,9,0,0,0,9
02/12/2020,SSF,TX,ASW,CE,Federal Contract Tower,0,6,9,12,27,0,12,113,0,125,0,18,122,12,152,170,20,190,342
02/13/2020,SSF,TX,ASW,CE,Federal Contract Tower,0,3,6,24,33,0,14,132,0,146,0,17,138,24,179,256,16,272,451
02/14/2020,SSF,TX,ASW,CE,Federal Contract Tower,0,0,16,12,28,0,34,125,2,161,0,34,141,14,189,274,12,286,475
02/15/2020,SSF,TX,ASW,CE,Federal Contract Tower,0,0,15,4,19,0,50,122,6,178,0,50,137,10,197,286,0,286,483
02/16/2020,SSF,TX,ASW,CE,Federal Contract Tower,0,0,7,0,7,0,14,59,0,73,0,14,66,0,80,122,0,122,202
02/17/2020,SSF,TX,ASW,CE,Federal Contract Tower,0,1,8,0,9,0,8,68,0,76,0,9,76,0,85,144,0,144,229
02/18/2020,SSF,TX,ASW,CE,Federal Contract Tower,0,1,19,10,30,0,9,54,0,63,0,10,73,10,93,90,10,100,193
02/19/2020,SSF,TX,ASW,CE,Federal Contract Tower,0,1,1,2,4,0,0,8,0,8,0,1,9,2,12,38,0,38,50
02/20/2020,SSF,TX,ASW,CE,Federal Contract Tower,0,4,8,1,13,0,12,26,1,39,0,16,34,2,52,24,0,24,76
02/21/2020,SSF,TX,ASW,CE,Federal Contract Tower,0,0,11,19,30,0,7,157,2,166,0,7,168,21,196,296,8,304,500
02/22/2020,SSF,TX,ASW,CE,Federal Contract Tower,0,0,7,0,7,0,4,136,4,144,0,4,143,4,151,282,0,282,433
02/23/2020,SSF,TX,ASW,CE,Federal Contract Tower,0,0,16,0,16,0,3,33,0,36,0,3,49,0,52,46,0,46,98
02/24/2020,SSF,TX,ASW,CE,Federal Contract Tower,0,0,10,22,32,0,4,109,0,113,0,4,119,22,145,214,14,228,373
02/25/2020,SSF,TX,ASW,CE,Federal Contract Tower,0,0,14,24,38,0,28,136,59,223,0,28,150,83,261,238,44,282,543
02/26/2020,SSF,TX,ASW,CE,Federal Contract Tower,0,0,6,16,22,0,8,115,14,137,0,8,121,30,159,250,8,258,417
02/27/2020,SSF,TX,ASW,CE,Federal Contract Tower,0,0,12,12,24,0,3,118,0,121,0,3,130,12,145,272,12,284,429
02/28/2020,SSF,TX,ASW,CE,Federal Contract Tower,0,2,18,12,32,0,2,175,0,177,0,4,193,12,209,398,4,402,611
02/29/2020,SSF,TX,ASW,CE,Federal Contract Tower,0,0,6,0,6,0,10,160,0,170,0,10,166,0,176,276,0,276,452
03/01/2020,SSF,TX,ASW,CE,Federal Contract Tower,0,0,10,2,12,0,0,90,0,90,0,0,100,2,102,220,2,222,324
03/02/2020,SSF,TX,ASW,CE,Federal Contract Tower,0,0,17,34,51,0,3,80,0,83,0,3,97,34,134,200,22,222,356
03/03/2020,SSF,TX,ASW,CE,Federal Contract Tower,0,1,5,34,40,0,11,83,0,94,0,12,88,34,134,256,28,284,418
03/04/2020,SSF,TX,ASW,CE,Federal Contract Tower,0,0,10,26,36,0,8,93,2,103,0,8,103,28,139,206,20,226,365
03/05/2020,SSF,TX,ASW,CE,Federal Contract Tower,0,0,3,22,25,0,2,137,12,151,0,2,140,34,176,268,18,286,462
03/06/2020,SSF,TX,ASW,CE,Federal Contract Tower,0,0,4,8,12,0,4,126,5,135,0,4,130,13,147,268,4,272,419
03/07/2020,SSF,TX,ASW,CE,Federal Contract Tower,0,0,6,1,7,0,3,134,17,154,0,3,140,18,161,292,0,292,453
03/08/2020,SSF,TX,ASW,CE,Federal Contract Tower,0,0,5,0,5,0,14,46,0,60,0,14,51,0,65,70,0,70,135
03/09/2020,SSF,TX,ASW,CE,Federal Contract Tower,0,0,4,14,18,0,2,67,0,69,0,2,71,14,87,164,10,174,261
03/10/2020,SSF,TX,ASW,CE,Federal Contract Tower,0,0,15,6,21,0,10,86,4,100,0,10,101,10,121,276,18,294,415
03/11/2020,SSF,TX,ASW,CE,Federal Contract Tower,0,0,4,8,12,0,4,111,2,117,0,4,115,10,129,220,8,228,357
03/12/2020,SSF,TX,ASW,CE,Federal Contract Tower,0,0,10,14,24,0,10,145,2,157,0,10,155,16,181,284,8,292,473
03/13/2020,SSF,TX,ASW,CE,Federal Contract Tower,0,0,4,6,10,0,11,81,0,92,0,11,85,6,102,206,6,212,314
03/14/2020,SSF,TX,ASW,CE,Federal Contract Tower,0,0,8,2,10,0,10,93,2,105,0,10,101,4,115,230,0,230,345
03/15/2020,SSF,TX,ASW,CE,Federal Contract Tower,0,0,4,0,4,0,4,12,0,16,0,4,16,0,20,50,0,50,70
03/16/2020,SSF,TX,ASW,CE,Federal Contract Tower,0,3,8,26,37,0,4,55,0,59,0,7,63,26,96,106,22,128,224
03/17/2020,SSF,TX,ASW,CE,Federal Contract Tower,0,6,16,20,42,0,12,125,3,140,0,18,141,23,182,342,78,420,602
03/18/2020,SSF,TX,ASW,CE,Federal Contract Tower,0,0,13,12,25,0,18,120,7,145,0,18,133,19,170,320,46,366,536
03/19/2020,SSF,TX,ASW,CE,Federal Contract Tower,0,2,18,12,32,0,11,85,1,97,0,13,103,13,129,156,8,164,293
03/20/2020,SSF,TX,ASW,CE,Federal Contract Tower,0,0,10,0,10,0,6,29,8,43,0,6,39,8,53,110,0,110,163
03/22/2020,SSF,TX,ASW,CE,Federal Contract Tower,0,0,5,4,9,0,0,0,0,0,0,0,5,4,9,0,4,4,13
03/23/2020,SSF,TX,ASW,CE,Federal Contract Tower,0,1,25,8,34,0,4,70,0,74,0,5,95,8,108,170,8,178,286
03/24/2020,SSF,TX,ASW,CE,Federal Contract Tower,0,0,11,20,31,0,8,129,7,144,0,8,140,27,175,312,98,410,585
03/25/2020,SSF,TX,ASW,CE,Federal Contract Tower,0,0,14,8,22,0,0,81,10,91,0,0,95,18,113,258,26,284,397
03/26/2020,SSF,TX,ASW,CE,Federal Contract Tower,0,0,11,27,38,0,0,106,1,107,0,0,117,28,145,94,10,104,249
03/27/2020,SSF,TX,ASW,CE,Federal Contract Tower,0,0,2,8,10,0,1,97,8,106,0,1,99,16,116,242,8,250,366
03/29/2020,SSF,TX,ASW,CE,Federal Contract Tower,0,0,4,0,4,0,2,36,0,38,0,2,40,0,42,16,0,16,58
03/30/2020,SSF,TX,ASW,CE,Federal Contract Tower,0,0,7,2,9,0,0,16,0,16,0,0,23,2,25,42,0,42,67
03/31/2020,SSF,TX,ASW,CE,Federal Contract Tower,0,0,4,2,6,0,0,158,0,158,0,0,162,2,164,118,2,120,284
04/01/2020,SSF,TX,ASW,CE,Federal Contract Tower,0,0,14,4,18,0,7,141,5,153,0,7,155,9,171,136,4,140,311
04/02/2020,SSF,TX,ASW,CE,Federal Contract Tower,0,0,11,2,13,0,2,11,0,13,0,2,22,2,26,40,2,42,68
04/03/2020,SSF,TX,ASW,CE,Federal Contract Tower,0,0,3,0,3,0,1,0,0,1,0,1,3,0,4,2,0,2,6
04/04/2020,SSF,TX,ASW,CE,Federal Contract Tower,0,0,0,0,0,0,0,0,0,0,0,0,0,0,0,0,0,0,0
04/05/2020,SSF,TX,ASW,CE,Federal Contract Tower,0,2,7,0,9,0,0,20,0,20,0,2,27,0,29,44,0,44,73
04/06/2020,SSF,TX,ASW,CE,Federal Contract Tower,0,0,12,2,14,0,3,39,0,42,0,3,51,2,56,62,0,62,118
04/07/2020,SSF,TX,ASW,CE,Federal Contract Tower,0,0,7,0,7,0,0,43,0,43,0,0,50,0,50,64,0,64,114
04/08/2020,SSF,TX,ASW,CE,Federal Contract Tower,0,0,17,0,17,0,3,85,1,89,0,3,102,1,106,196,0,196,302
04/09/2020,SSF,TX,ASW,CE,Federal Contract Tower,0,0,12,0,12,0,10,50,0,60,0,10,62,0,72,86,0,86,158
04/10/2020,SSF,TX,ASW,CE,Federal Contract Tower,0,0,13,14,27,0,6,39,0,45,0,6,52,14,72,148,16,164,236
04/11/2020,SSF,TX,ASW,CE,Federal Contract Tower,0,2,6,0,8,0,5,21,0,26,0,7,27,0,34,54,0,54,88
04/12/2020,SSF,TX,ASW,CE,Federal Contract Tower,0,0,2,0,2,0,4,29,0,33,0,4,31,0,35,20,0,20,55
04/13/2020,SSF,TX,ASW,CE,Federal Contract Tower,0,0,3,2,5,0,10,101,2,113,0,10,104,4,118,124,2,126,244
04/14/2020,SSF,TX,ASW,CE,Federal Contract Tower,0,0,3,14,17,0,22,108,0,130,0,22,111,14,147,178,8,186,333
04/15/2020,SSF,TX,ASW,CE,Federal Contract Tower,0,0,10,0,10,0,2,144,14,160,0,2,154,14,170,352,0,352,522
04/16/2020,SSF,TX,ASW,CE,Federal Contract Tower,0,0,4,4,8,0,0,129,9,138,0,0,133,13,146,238,22,260,406
04/17/2020,SSF,TX,ASW,CE,Federal Contract Tower,0,0,15,6,21,0,0,27,0,27,0,0,42,6,48,42,2,44,92
04/18/2020,SSF,TX,ASW,CE,Federal Contract Tower,0,0,0,12,12,0,0,10,0,10,0,0,10,12,22,38,8,46,68
04/19/2020,SSF,TX,ASW,CE,Federal Contract Tower,0,0,2,0,2,0,1,33,1,35,0,1,35,1,37,64,0,64,101
04/20/2020,SSF,TX,ASW,CE,Federal Contract Tower,0,0,1,4,5,0,1,126,0,127,0,1,127,4,132,210,4,214,346
04/21/2020,SSF,TX,ASW,CE,Federal Contract Tower,0,0,7,12,19,0,2,77,0,79,0,2,84,12,98,228,8,236,334
04/22/2020,SSF,TX,ASW,CE,Federal Contract Tower,0,0,8,2,10,0,2,16,0,18,0,2,24,2,28,70,0,70,98
04/23/2020,SSF,TX,ASW,CE,Federal Contract Tower,0,1,4,18,23,0,4,113,6,123,0,5,117,24,146,182,18,200,346
04/24/2020,SSF,TX,ASW,CE,Federal Contract Tower,0,0,0,0,0,0,2,98,2,102,0,2,98,2,102,90,0,90,192
04/25/2020,SSF,TX,ASW,CE,Federal Contract Tower,0,0,2,4,6,0,12,52,0,64,0,12,54,4,70,60,4,64,134
04/26/2020,SSF,TX,ASW,CE,Federal Contract Tower,0,0,0,0,0,0,2,66,2,70,0,2,66,2,70,46,4,50,120
04/27/2020,SSF,TX,ASW,CE,Federal Contract Tower,0,0,1,8,9,0,2,79,0,81,0,2,80,8,90,134,6,140,230
04/28/2020,SSF,TX,ASW,CE,Federal Contract Tower,0,0,8,12,20,0,4,88,6,98,0,4,96,18,118,314,12,326,444
04/29/2020,SSF,TX,ASW,CE,Federal Contract Tower,0,0,6,10,16,0,6,49,0,55,0,6,55,10,71,228,8,236,307
04/30/2020,SSF,TX,ASW,CE,Federal Contract Tower,0,0,11,14,25,0,0,161,2,163,0,0,172,16,188,320,18,338,526
05/01/2020,SSF,TX,ASW,CE,Federal Contract Tower,0,0,8,10,18,0,5,134,2,141,0,5,142,12,159,404,4,408,567
05/02/2020,SSF,TX,ASW,CE,Federal Contract Tower,0,0,7,8,15,0,3,78,0,81,0,3,85,8,96,140,8,148,244
05/03/2020,SSF,TX,ASW,CE,Federal Contract Tower,0,0,3,0,3,0,2,47,0,49,0,2,50,0,52,96,0,96,148
05/04/2020,SSF,TX,ASW,CE,Federal Contract Tower,0,0,5,10,15,0,2,105,1,108,0,2,110,11,123,192,8,200,323
05/05/2020,SSF,TX,ASW,CE,Federal Contract Tower,0,0,8,18,26,0,0,55,59,114,0,0,63,77,140,118,22,140,280
05/06/2020,SSF,TX,ASW,CE,Federal Contract Tower,0,2,7,20,29,0,6,125,5,136,0,8,132,25,165,350,30,380,545
05/07/2020,SSF,TX,ASW,CE,Federal Contract Tower,0,0,19,18,37,0,6,82,6,94,0,6,101,24,131,302,54,356,487
05/08/2020,SSF,TX,ASW,CE,Federal Contract Tower,0,1,9,6,16,0,14,73,0,87,0,15,82,6,103,178,6,184,287
05/09/2020,SSF,TX,ASW,CE,Federal Contract Tower,0,1,8,14,23,0,3,67,0,70,0,4,75,14,93,108,14,122,215
05/10/2020,SSF,TX,ASW,CE,Federal Contract Tower,0,0,0,0,0,0,0,70,0,70,0,0,70,0,70,52,0,52,122
05/11/2020,SSF,TX,ASW,CE,Federal Contract Tower,0,0,2,14,16,0,5,97,6,108,0,5,99,20,124,192,14,206,330
05/12/2020,SSF,TX,ASW,CE,Federal Contract Tower,0,0,1,2,3,0,2,29,6,37,0,2,30,8,40,36,2,38,78
05/13/2020,SSF,TX,ASW,CE,Federal Contract Tower,0,0,12,10,22,0,6,103,0,109,0,6,115,10,131,198,10,208,339
05/14/2020,SSF,TX,ASW,CE,Federal Contract Tower,0,0,11,20,31,0,1,122,0,123,0,1,133,20,154,186,20,206,360
05/15/2020,SSF,TX,ASW,CE,Federal Contract Tower,0,0,9,8,17,0,5,86,0,91,0,5,95,8,108,192,6,198,306
05/16/2020,SSF,TX,ASW,CE,Federal Contract Tower,0,0,8,12,20,0,16,75,0,91,0,16,83,12,111,176,12,188,299
05/17/2020,SSF,TX,ASW,CE,Federal Contract Tower,0,0,0,0,0,0,5,40,0,45,0,5,40,0,45,76,0,76,121
05/18/2020,SSF,TX,ASW,CE,Federal Contract Tower,0,1,4,2,7,0,0,162,0,162,0,1,166,2,169,260,0,260,429
05/19/2020,SSF,TX,ASW,CE,Federal Contract Tower,0,0,18,6,24,0,10,132,0,142,0,10,150,6,166,252,4,256,422
05/20/2020,SSF,TX,ASW,CE,Federal Contract Tower,0,0,12,18,30,0,7,122,0,129,0,7,134,18,159,460,10,470,629
05/21/2020,SSF,TX,ASW,CE,Federal Contract Tower,0,0,13,18,31,0,6,114,3,123,0,6,127,21,154,290,14,304,458
05/22/2020,SSF,TX,ASW,CE,Federal Contract Tower,0,0,5,2,7,0,3,107,0,110,0,3,112,2,117,282,0,282,399
05/23/2020,SSF,TX,ASW,CE,Federal Contract Tower,0,0,8,1,9,0,16,39,2,57,0,16,47,3,66,52,0,52,118
05/24/2020,SSF,TX,ASW,CE,Federal Contract Tower,0,0,1,0,1,0,5,27,0,32,0,5,28,0,33,10,0,10,43
05/25/2020,SSF,TX,ASW,CE,Federal Contract Tower,0,0,1,0,1,0,1,44,0,45,0,1,45,0,46,48,0,48,94
05/26/2020,SSF,TX,ASW,CE,Federal Contract Tower,0,0,11,2,13,0,8,117,0,125,0,8,128,2,138,288,2,290,428
05/27/2020,SSF,TX,ASW,CE,Federal Contract Tower,0,0,7,8,15,0,2,151,0,153,0,2,158,8,168,392,8,400,568
05/28/2020,SSF,TX,ASW,CE,Federal Contract Tower,0,0,6,10,16,0,4,110,0,114,0,4,116,10,130,326,8,334,464
05/29/2020,SSF,TX,ASW,CE,Federal Contract Tower,0,0,11,26,37,0,8,139,10,157,0,8,150,36,194,278,32,310,504
05/30/2020,SSF,TX,ASW,CE,Federal Contract Tower,0,0,0,0,0,0,4,116,0,120,0,4,116,0,120,160,0,160,280
05/31/2020,SSF,TX,ASW,CE,Federal Contract Tower,0,0,0,6,6,0,9,38,0,47,0,9,38,6,53,56,2,58,111
06/01/2020,SSF,TX,ASW,CE,Federal Contract Tower,0,0,4,6,10,0,0,42,4,46,0,0,46,10,56,64,8,72,128
06/02/2020,SSF,TX,ASW,CE,Federal Contract Tower,0,0,10,18,28,0,9,90,8,107,0,9,100,26,135,78,44,122,257
06/03/2020,SSF,TX,ASW,CE,Federal Contract Tower,0,1,19,16,36,0,8,211,4,223,0,9,230,20,259,454,20,474,733
06/04/2020,SSF,TX,ASW,CE,Federal Contract Tower,0,0,20,8,28,0,5,151,3,159,0,5,171,11,187,296,18,314,501
06/05/2020,SSF,TX,ASW,CE,Federal Contract Tower,0,2,12,12,26,0,5,150,0,155,0,7,162,12,181,290,6,296,477
06/06/2020,SSF,TX,ASW,CE,Federal Contract Tower,0,2,6,6,14,0,7,130,0,137,0,9,136,6,151,258,6,264,415
06/07/2020,SSF,TX,ASW,CE,Federal Contract Tower,0,0,3,8,11,0,4,73,0,77,0,4,76,8,88,72,2,74,162
06/08/2020,SSF,TX,ASW,CE,Federal Contract Tower,0,0,5,18,23,0,3,139,2,144,0,3,144,20,167,196,18,214,381
06/09/2020,SSF,TX,ASW,CE,Federal Contract Tower,0,0,12,17,29,0,4,162,7,173,0,4,174,24,202,344,78,422,624
06/10/2020,SSF,TX,ASW,CE,Federal Contract Tower,0,2,5,26,33,0,18,182,4,204,0,20,187,30,237,400,18,418,655
06/11/2020,SSF,TX,ASW,CE,Federal Contract Tower,0,0,7,26,33,0,2,150,2,154,0,2,157,28,187,354,18,372,559
06/12/2020,SSF,TX,ASW,CE,Federal Contract Tower,0,0,1,20,21,0,12,135,3,150,0,12,136,23,171,240,12,252,423
06/13/2020,SSF,TX,ASW,CE,Federal Contract Tower,0,0,9,2,11,0,19,97,0,116,0,19,106,2,127,234,4,238,365
06/14/2020,SSF,TX,ASW,CE,Federal Contract Tower,0,0,1,2,3,0,6,48,0,54,0,6,49,2,57,66,2,68,125
06/15/2020,SSF,TX,ASW,CE,Federal Contract Tower,0,1,11,4,16,0,2,97,0,99,0,3,108,4,115,184,6,190,305
06/16/2020,SSF,TX,ASW,CE,Federal Contract Tower,0,0,10,8,18,0,7,87,8,102,0,7,97,16,120,172,30,202,322
06/17/2020,SSF,TX,ASW,CE,Federal Contract Tower,0,1,13,6,20,0,24,157,0,181,0,25,170,6,201,382,22,404,605
06/18/2020,SSF,TX,ASW,CE,Federal Contract Tower,0,1,12,4,17,0,8,122,0,130,0,9,134,4,147,238,2,240,387
06/19/2020,SSF,TX,ASW,CE,Federal Contract Tower,0,0,6,0,6,0,5,88,0,93,0,5,94,0,99,166,0,166,265
06/20/2020,SSF,TX,ASW,CE,Federal Contract Tower,0,0,14,6,20,0,21,65,6,92,0,21,79,12,112,182,4,186,298
06/21/2020,SSF,TX,ASW,CE,Federal Contract Tower,0,0,2,4,6,0,6,49,0,55,0,6,51,4,61,32,4,36,97
06/22/2020,SSF,TX,ASW,CE,Federal Contract Tower,0,0,3,12,15,0,2,84,0,86,0,2,87,12,101,120,8,128,229
06/23/2020,SSF,TX,ASW,CE,Federal Contract Tower,0,0,3,8,11,0,11,78,6,95,0,11,81,14,106,172,36,208,314
06/24/2020,SSF,TX,ASW,CE,Federal Contract Tower,0,0,14,22,36,0,3,157,14,174,0,3,171,36,210,306,18,324,534
06/25/2020,SSF,TX,ASW,CE,Federal Contract Tower,0,0,11,28,39,0,5,107,4,116,0,5,118,32,155,194,18,212,367
06/26/2020,SSF,TX,ASW,CE,Federal Contract Tower,0,0,4,0,4,0,0,13,0,13,0,0,17,0,17,8,0,8,25
06/27/2020,SSF,TX,ASW,CE,Federal Contract Tower,0,0,18,4,22,0,17,94,0,111,0,17,112,4,133,304,2,306,439
06/28/2020,SSF,TX,ASW,CE,Federal Contract Tower,0,0,2,0,2,0,9,44,0,53,0,9,46,0,55,124,0,124,179
06/29/2020,SSF,TX,ASW,CE,Federal Contract Tower,0,0,9,18,27,0,1,77,0,78,0,1,86,18,105,182,14,196,301
06/30/2020,SSF,TX,ASW,CE,Federal Contract Tower,0,2,14,12,28,0,4,94,2,100,0,6,108,14,128,246,24,270,398
07/01/2020,SSF,TX,ASW,CE,Federal Contract Tower,0,2,17,10,29,0,5,137,2,144,0,7,154,12,173,296,32,328,501
07/02/2020,SSF,TX,ASW,CE,Federal Contract Tower,0,0,4,18,22,0,0,142,1,143,0,0,146,19,165,208,16,224,389
07/03/2020,SSF,TX,ASW,CE,Federal Contract Tower,0,0,2,0,2,0,15,149,0,164,0,15,151,0,166,348,0,348,514
07/04/2020,SSF,TX,ASW,CE,Federal Contract Tower,0,0,8,0,8,0,6,66,0,72,0,6,74,0,80,176,0,176,256
07/05/2020,SSF,TX,ASW,CE,Federal Contract Tower,0,0,2,0,2,0,1,65,0,66,0,1,67,0,68,108,0,108,176
07/06/2020,SSF,TX,ASW,CE,Federal Contract Tower,0,0,5,0,5,0,9,105,0,114,0,9,110,0,119,170,0,170,289
07/07/2020,SSF,TX,ASW,CE,Federal Contract Tower,0,0,29,16,45,0,11,146,0,157,0,11,175,16,202,336,14,350,552
07/08/2020,SSF,TX,ASW,CE,Federal Contract Tower,0,0,3,10,13,0,3,137,4,144,0,3,140,14,157,273,14,287,444
07/09/2020,SSF,TX,ASW,CE,Federal Contract Tower,0,0,9,12,21,0,6,129,2,137,0,6,138,14,158,270,10,280,438
07/10/2020,SSF,TX,ASW,CE,Federal Contract Tower,0,0,9,16,25,0,2,123,0,125,0,2,132,16,150,308,10,318,468
07/11/2020,SSF,TX,ASW,CE,Federal Contract Tower,0,0,14,4,18,0,13,112,0,125,0,13,126,4,143,218,4,222,365
07/12/2020,SSF,TX,ASW,CE,Federal Contract Tower,0,0,4,0,4,0,0,54,0,54,0,0,58,0,58,68,0,68,126
07/13/2020,SSF,TX,ASW,CE,Federal Contract Tower,0,0,3,14,17,0,3,96,0,99,0,3,99,14,116,178,10,188,304
07/14/2020,SSF,TX,ASW,CE,Federal Contract Tower,0,0,7,13,20,0,14,139,10,163,0,14,146,23,183,280,46,326,509
07/15/2020,SSF,TX,ASW,CE,Federal Contract Tower,0,3,7,14,24,0,2,177,1,180,0,5,184,15,204,510,16,526,730
07/16/2020,SSF,TX,ASW,CE,Federal Contract Tower,0,0,14,18,32,0,2,123,0,125,0,2,137,18,157,454,14,468,625
07/17/2020,SSF,TX,ASW,CE,Federal Contract Tower,0,0,19,24,43,0,0,116,4,120,0,0,135,28,163,288,14,302,465
07/18/2020,SSF,TX,ASW,CE,Federal Contract Tower,0,0,11,0,11,0,2,103,0,105,0,2,114,0,116,250,0,250,366
07/19/2020,SSF,TX,ASW,CE,Federal Contract Tower,0,0,8,2,10,0,4,42,2,48,0,4,50,4,58,34,4,38,96
07/20/2020,SSF,TX,ASW,CE,Federal Contract Tower,0,0,7,22,29,0,0,113,0,113,0,0,120,22,142,216,18,234,376
07/21/2020,SSF,TX,ASW,CE,Federal Contract Tower,0,2,12,14,28,0,9,152,8,169,0,11,164,22,197,450,18,468,665
07/22/2020,SSF,TX,ASW,CE,Federal Contract Tower,0,0,12,6,18,0,19,152,3,174,0,19,164,9,192,330,6,336,528
07/23/2020,SSF,TX,ASW,CE,Federal Contract Tower,0,0,15,18,33,0,5,123,5,133,0,5,138,23,166,278,24,302,468
07/24/2020,SSF,TX,ASW,CE,Federal Contract Tower,0,0,8,16,24,0,4,128,0,132,0,4,136,16,156,264,12,276,432
07/25/2020,SSF,TX,ASW,CE,Federal Contract Tower,0,0,1,0,1,0,2,9,0,11,0,2,10,0,12,6,0,6,18
07/26/2020,SSF,TX,ASW,CE,Federal Contract Tower,0,0,6,0,6,0,2,13,0,15,0,2,19,0,21,34,0,34,55
07/27/2020,SSF,TX,ASW,CE,Federal Contract Tower,0,0,1,36,37,0,2,63,0,65,0,2,64,36,102,158,34,192,294
07/28/2020,SSF,TX,ASW,CE,Federal Contract Tower,0,0,5,18,23,0,0,82,2,84,0,0,87,20,107,108,22,130,237
07/29/2020,SSF,TX,ASW,CE,Federal Contract Tower,0,0,3,13,16,0,1,86,1,88,0,1,89,14,104,214,12,226,330
07/30/2020,SSF,TX,ASW,CE,Federal Contract Tower,0,0,38,16,54,0,11,135,0,146,0,11,173,16,200,264,16,280,480
07/31/2020,SSF,TX,ASW,CE,Federal Contract Tower,0,0,9,20,29,0,9,76,2,87,0,9,85,22,116,184,16,200,316
08/01/2020,SSF,TX,ASW,CE,Federal Contract Tower,0,0,3,2,5,0,4,90,0,94,0,4,93,2,99,170,0,170,269
08/02/2020,SSF,TX,ASW,CE,Federal Contract Tower,0,0,2,0,2,0,8,45,0,53,0,8,47,0,55,54,0,54,109
08/03/2020,SSF,TX,ASW,CE,Federal Contract Tower,0,0,2,18,20,0,7,121,0,128,0,7,123,18,148,170,8,178,326
08/04/2020,SSF,TX,ASW,CE,Federal Contract Tower,0,0,4,11,15,0,6,108,7,121,0,6,112,18,136,356,48,404,540
08/05/2020,SSF,TX,ASW,CE,Federal Contract Tower,0,0,5,22,27,0,10,129,2,141,0,10,134,24,168,306,14,320,488
08/06/2020,SSF,TX,ASW,CE,Federal Contract Tower,0,0,8,24,32,0,6,94,3,103,0,6,102,27,135,214,24,238,373
08/07/2020,SSF,TX,ASW,CE,Federal Contract Tower,0,0,8,12,20,0,4,65,3,72,0,4,73,15,92,88,16,104,196
08/08/2020,SSF,TX,ASW,CE,Federal Contract Tower,0,0,6,2,8,0,12,69,0,81,0,12,75,2,89,146,2,148,237
08/09/2020,SSF,TX,ASW,CE,Federal Contract Tower,0,0,1,4,5,0,10,52,0,62,0,10,53,4,67,62,2,64,131
08/10/2020,SSF,TX,ASW,CE,Federal Contract Tower,0,0,6,20,26,0,2,78,0,80,0,2,84,20,106,196,14,210,316
08/11/2020,SSF,TX,ASW,CE,Federal Contract Tower,0,0,21,14,35,0,2,145,0,147,0,2,166,14,182,186,14,200,382
08/12/2020,SSF,TX,ASW,CE,Federal Contract Tower,0,0,10,22,32,0,11,114,2,127,0,11,124,24,159,200,18,218,377
08/13/2020,SSF,TX,ASW,CE,Federal Contract Tower,0,0,15,24,39,0,9,115,3,127,0,9,130,27,166,176,38,214,380
08/14/2020,SSF,TX,ASW,CE,Federal Contract Tower,0,0,10,30,40,0,8,110,0,118,0,8,120,30,158,152,26,178,336
08/15/2020,SSF,TX,ASW,CE,Federal Contract Tower,0,0,2,0,2,0,8,79,0,87,0,8,81,0,89,116,0,116,205
08/16/2020,SSF,TX,ASW,CE,Federal Contract Tower,0,0,2,0,2,0,0,23,0,23,0,0,25,0,25,38,0,38,63
08/17/2020,SSF,TX,ASW,CE,Federal Contract Tower,0,0,16,10,26,0,4,82,0,86,0,4,98,10,112,82,8,90,202
08/18/2020,SSF,TX,ASW,CE,Federal Contract Tower,0,0,9,2,11,0,4,117,0,121,0,4,126,2,132,252,4,256,388
08/19/2020,SSF,TX,ASW,CE,Federal Contract Tower,0,0,14,16,30,0,8,138,0,146,0,8,152,16,176,248,6,254,430
08/20/2020,SSF,TX,ASW,CE,Federal Contract Tower,0,0,12,16,28,0,0,106,0,106,0,0,118,16,134,226,12,238,372
08/21/2020,SSF,TX,ASW,CE,Federal Contract Tower,0,0,1,14,15,0,10,101,0,111,0,10,102,14,126,212,11,223,349
08/22/2020,SSF,TX,ASW,CE,Federal Contract Tower,0,0,3,0,3,0,10,31,0,41,0,10,34,0,44,62,0,62,106
08/23/2020,SSF,TX,ASW,CE,Federal Contract Tower,0,0,6,0,6,0,0,57,2,59,0,0,63,2,65,72,0,72,137
08/24/2020,SSF,TX,ASW,CE,Federal Contract Tower,0,0,5,14,19,0,0,68,2,70,0,0,73,16,89,198,18,216,305
08/25/2020,SSF,TX,ASW,CE,Federal Contract Tower,0,0,14,22,36,0,8,118,0,126,0,8,132,22,162,186,22,208,370
08/26/2020,SSF,TX,ASW,CE,Federal Contract Tower,0,0,16,26,42,0,0,112,11,123,0,0,128,37,165,272,42,314,479
08/27/2020,SSF,TX,ASW,CE,Federal Contract Tower,0,0,11,28,39,0,8,112,0,120,0,8,123,28,159,202,24,226,385
08/28/2020,SSF,TX,ASW,CE,Federal Contract Tower,0,0,15,0,15,0,13,141,0,154,0,13,156,0,169,204,8,212,381
08/29/2020,SSF,TX,ASW,CE,Federal Contract Tower,0,0,6,2,8,0,10,70,0,80,0,10,76,2,88,124,2,126,214
08/30/2020,SSF,TX,ASW,CE,Federal Contract Tower,0,0,8,0,8,0,8,51,0,59,0,8,59,0,67,30,0,30,97
08/31/2020,SSF,TX,ASW,CE,Federal Contract Tower,0,1,15,30,46,0,2,79,0,81,0,3,94,30,127,100,24,124,251
09/01/2020,SSF,TX,ASW,CE,Federal Contract Tower,0,0,19,14,33,0,6,103,2,111,0,6,122,16,144,186,24,210,354
09/02/2020,SSF,TX,ASW,CE,Federal Contract Tower,0,0,7,24,31,0,6,111,0,117,0,6,118,24,148,184,22,206,354
09/03/2020,SSF,TX,ASW,CE,Federal Contract Tower,0,0,20,15,35,0,0,72,1,73,0,0,92,16,108,92,6,98,206
09/04/2020,SSF,TX,ASW,CE,Federal Contract Tower,0,0,9,4,13,0,0,45,0,45,0,0,54,4,58,114,0,114,172
09/05/2020,SSF,TX,ASW,CE,Federal Contract Tower,0,0,4,0,4,0,14,68,0,82,0,14,72,0,86,178,0,178,264
09/06/2020,SSF,TX,ASW,CE,Federal Contract Tower,0,0,0,0,0,0,9,62,0,71,0,9,62,0,71,100,0,100,171
09/07/2020,SSF,TX,ASW,CE,Federal Contract Tower,0,0,9,0,9,0,6,81,5,92,0,6,90,5,101,82,0,82,183
09/08/2020,SSF,TX,ASW,CE,Federal Contract Tower,0,1,12,18,31,0,1,79,0,80,0,2,91,18,111,74,12,86,197
09/09/2020,SSF,TX,ASW,CE,Federal Contract Tower,0,0,14,0,14,0,1,23,3,27,0,1,37,3,41,22,8,30,71
09/10/2020,SSF,TX,ASW,CE,Federal Contract Tower,0,0,20,2,22,0,3,31,0,34,0,3,51,2,56,58,0,58,114
09/11/2020,SSF,TX,ASW,CE,Federal Contract Tower,0,0,20,9,29,0,2,135,0,137,0,2,155,9,166,206,8,214,380
09/12/2020,SSF,TX,ASW,CE,Federal Contract Tower,0,0,14,4,18,0,14,139,0,153,0,14,153,4,171,216,0,216,387
09/13/2020,SSF,TX,ASW,CE,Federal Contract Tower,0,2,3,0,5,0,8,48,0,56,0,10,51,0,61,118,0,118,179
09/14/2020,SSF,TX,ASW,CE,Federal Contract Tower,0,0,13,28,41,0,4,95,7,106,0,4,108,35,147,110,52,162,309
09/15/2020,SSF,TX,ASW,CE,Federal Contract Tower,0,0,14,23,37,0,5,129,8,142,0,5,143,31,179,298,18,316,495
09/16/2020,SSF,TX,ASW,CE,Federal Contract Tower,0,0,10,24,34,0,6,127,18,151,0,6,137,42,185,266,10,276,461
09/17/2020,SSF,TX,ASW,CE,Federal Contract Tower,0,0,9,4,13,0,7,78,0,85,0,7,87,4,98,114,2,116,214
09/18/2020,SSF,TX,ASW,CE,Federal Contract Tower,0,0,14,26,40,0,12,116,6,134,0,12,130,32,174,164,26,190,364
09/19/2020,SSF,TX,ASW,CE,Federal Contract Tower,0,0,5,0,5,0,8,99,1,108,0,8,104,1,113,116,2,118,231
09/20/2020,SSF,TX,ASW,CE,Federal Contract Tower,0,0,1,0,1,0,12,48,0,60,0,12,49,0,61,54,0,54,115
09/21/2020,SSF,TX,ASW,CE,Federal Contract Tower,0,2,4,0,6,0,1,6,0,7,0,3,10,0,13,10,0,10,23
09/22/2020,SSF,TX,ASW,CE,Federal Contract Tower,0,0,21,20,41,0,10,59,4,73,0,10,80,24,114,210,16,226,340
09/23/2020,SSF,TX,ASW,CE,Federal Contract Tower,0,0,20,37,57,0,1,107,30,138,0,1,127,67,195,436,30,466,661
09/24/2020,SSF,TX,ASW,CE,Federal Contract Tower,0,0,3,8,11,0,5,172,2,179,0,5,175,10,190,384,14,398,588
09/25/2020,SSF,TX,ASW,CE,Federal Contract Tower,0,0,16,0,16,0,4,130,0,134,0,4,146,0,150,356,0,356,506
09/26/2020,SSF,TX,ASW,CE,Federal Contract Tower,0,0,9,0,9,0,11,61,1,73,0,11,70,1,82,68,0,68,150
09/27/2020,SSF,TX,ASW,CE,Federal Contract Tower,0,0,6,2,8,0,6,49,0,55,0,6,55,2,63,72,2,74,137
09/28/2020,SSF,TX,ASW,CE,Federal Contract Tower,0,0,3,18,21,0,0,32,2,34,0,0,35,20,55,28,12,40,95
09/29/2020,SSF,TX,ASW,CE,Federal Contract Tower,0,0,8,20,28,0,6,157,8,171,0,6,165,28,199,366,14,380,579
09/30/2020,SSF,TX,ASW,CE,Federal Contract Tower,0,0,11,14,25,0,4,140,0,144,0,4,151,14,169,250,10,260,429
10/01/2020,SSF,TX,ASW,CE,Federal Contract Tower,0,0,12,12,24,0,4,138,0,142,0,4,150,12,166,318,5,323,489
10/02/2020,SSF,TX,ASW,CE,Federal Contract Tower,0,0,16,30,46,0,6,127,0,133,0,6,143,30,179,290,20,310,489
10/03/2020,SSF,TX,ASW,CE,Federal Contract Tower,0,0,5,10,15,0,14,113,0,127,0,14,118,10,142,282,8,290,432
10/04/2020,SSF,TX,ASW,CE,Federal Contract Tower,0,0,4,0,4,0,4,79,0,83,0,4,83,0,87,98,0,98,185
10/05/2020,SSF,TX,ASW,CE,Federal Contract Tower,0,0,7,16,23,0,8,96,0,104,0,8,103,16,127,346,10,356,483
10/06/2020,SSF,TX,ASW,CE,Federal Contract Tower,0,0,14,18,32,0,4,118,1,123,0,4,132,19,155,300,16,316,471
10/07/2020,SSF,TX,ASW,CE,Federal Contract Tower,0,0,7,22,29,0,0,0,0,0,0,0,7,22,29,308,10,318,347
10/08/2020,SSF,TX,ASW,CE,Federal Contract Tower,0,0,19,33,52,0,3,117,0,120,0,3,136,33,172,178,14,192,364
10/09/2020,SSF,TX,ASW,CE,Federal Contract Tower,0,0,14,26,40,0,0,104,0,104,0,0,118,26,144,238,14,252,396
10/10/2020,SSF,TX,ASW,CE,Federal Contract Tower,0,0,5,0,5,0,18,107,0,125,0,18,112,0,130,212,0,212,342
10/11/2020,SSF,TX,ASW,CE,Federal Contract Tower,0,0,1,0,1,0,10,48,0,58,0,10,49,0,59,108,0,108,167
10/12/2020,SSF,TX,ASW,CE,Federal Contract Tower,0,0,5,0,5,0,7,63,0,70,0,7,68,0,75,158,0,158,233
10/13/2020,SSF,TX,ASW,CE,Federal Contract Tower,0,0,22,20,42,0,4,155,3,162,0,4,177,23,204,322,20,342,546
10/14/2020,SSF,TX,ASW,CE,Federal Contract Tower,0,0,21,18,39,0,8,114,0,122,0,8,135,18,161,334,12,346,507
10/15/2020,SSF,TX,ASW,CE,Federal Contract Tower,0,0,22,16,38,0,0,108,5,113,0,0,130,21,151,140,34,174,325
10/16/2020,SSF,TX,ASW,CE,Federal Contract Tower,0,0,13,9,22,0,1,68,6,75,0,1,81,15,97,80,10,90,187
10/17/2020,SSF,TX,ASW,CE,Federal Contract Tower,0,0,9,0,9,0,0,9,0,9,0,0,18,0,18,34,0,34,52
10/18/2020,SSF,TX,ASW,CE,Federal Contract Tower,0,0,7,0,7,0,3,73,0,76,0,3,80,0,83,96,0,96,179
10/19/2020,SSF,TX,ASW,CE,Federal Contract Tower,0,0,10,10,20,0,1,73,0,74,0,1,83,10,94,84,10,94,188
10/20/2020,SSF,TX,ASW,CE,Federal Contract Tower,0,0,14,26,40,0,6,115,0,121,0,6,129,26,161,332,18,350,511
10/21/2020,SSF,TX,ASW,CE,Federal Contract Tower,0,1,25,14,40,0,13,89,0,102,0,14,114,14,142,290,12,302,444
10/22/2020,SSF,TX,ASW,CE,Federal Contract Tower,0,0,20,8,28,0,0,84,0,84,0,0,104,8,112,140,2,142,254
10/23/2020,SSF,TX,ASW,CE,Federal Contract Tower,0,0,20,23,43,0,8,82,1,91,0,8,102,24,134,288,12,300,434
10/24/2020,SSF,TX,ASW,CE,Federal Contract Tower,0,0,9,0,9,0,17,95,0,112,0,17,104,0,121,232,0,232,353
10/25/2020,SSF,TX,ASW,CE,Federal Contract Tower,0,0,6,0,6,0,0,36,0,36,0,0,42,0,42,52,0,52,94
10/26/2020,SSF,TX,ASW,CE,Federal Contract Tower,0,0,5,14,19,0,2,38,0,40,0,2,43,14,59,48,14,62,121
10/27/2020,SSF,TX,ASW,CE,Federal Contract Tower,0,0,13,8,21,0,0,0,0,0,0,0,13,8,21,0,8,8,29
10/28/2020,SSF,TX,ASW,CE,Federal Contract Tower,0,0,12,18,30,0,1,90,3,94,0,1,102,21,124,256,38,294,418
10/29/2020,SSF,TX,ASW,CE,Federal Contract Tower,0,0,6,18,24,0,2,114,0,116,0,2,120,18,140,190,12,202,342
10/30/2020,SSF,TX,ASW,CE,Federal Contract Tower,0,0,14,22,36,0,3,126,0,129,0,3,140,22,165,210,14,224,389
10/31/2020,SSF,TX,ASW,CE,Federal Contract Tower,0,0,8,2,10,0,15,83,0,98,0,15,91,2,108,198,2,200,308
11/01/2020,SSF,TX,ASW,CE,Federal Contract Tower,0,1,2,0,3,0,7,52,0,59,0,8,54,0,62,117,0,117,179
11/02/2020,SSF,TX,ASW,CE,Federal Contract Tower,0,1,5,22,28,0,0,94,3,97,0,1,99,25,125,161,24,185,310
11/03/2020,SSF,TX,ASW,CE,Federal Contract Tower,0,0,11,12,23,0,3,167,0,170,0,3,178,12,193,312,12,324,517
11/04/2020,SSF,TX,ASW,CE,Federal Contract Tower,0,0,33,36,69,0,17,124,5,146,0,17,157,41,215,314,52,366,581
11/05/2020,SSF,TX,ASW,CE,Federal Contract Tower,0,0,15,14,29,0,3,116,0,119,0,3,131,14,148,218,10,228,376
11/06/2020,SSF,TX,ASW,CE,Federal Contract Tower,0,1,24,14,39,0,1,76,1,78,0,2,100,15,117,190,8,198,315
11/07/2020,SSF,TX,ASW,CE,Federal Contract Tower,0,0,8,4,12,0,0,126,13,139,0,0,134,17,151,246,8,254,405
11/08/2020,SSF,TX,ASW,CE,Federal Contract Tower,0,0,6,0,6,0,2,45,0,47,0,2,51,0,53,63,0,63,116
11/09/2020,SSF,TX,ASW,CE,Federal Contract Tower,0,0,14,30,44,0,2,93,0,95,0,2,107,30,139,216,24,240,379
11/10/2020,SSF,TX,ASW,CE,Federal Contract Tower,0,0,14,12,26,0,0,36,7,43,0,0,50,19,69,94,10,104,173
11/11/2020,SSF,TX,ASW,CE,Federal Contract Tower,0,0,15,0,15,0,8,167,5,180,0,8,182,5,195,350,8,358,553
11/12/2020,SSF,TX,ASW,CE,Federal Contract Tower,0,0,25,6,31,0,2,87,0,89,0,2,112,6,120,162,4,166,286
11/13/2020,SSF,TX,ASW,CE,Federal Contract Tower,0,0,27,16,43,0,0,90,2,92,0,0,117,18,135,238,20,258,393
11/14/2020,SSF,TX,ASW,CE,Federal Contract Tower,0,0,15,2,17,0,12,46,4,62,0,12,61,6,79,92,40,132,211
11/15/2020,SSF,TX,ASW,CE,Federal Contract Tower,0,0,4,8,12,0,9,49,0,58,0,9,53,8,70,72,8,80,150
11/16/2020,SSF,TX,ASW,CE,Federal Contract Tower,0,0,14,12,26,0,0,143,0,143,0,0,157,12,169,198,4,202,371
11/17/2020,SSF,TX,ASW,CE,Federal Contract Tower,0,0,8,14,22,0,6,162,0,168,0,6,170,14,190,228,6,234,424
11/18/2020,SSF,TX,ASW,CE,Federal Contract Tower,0,0,6,30,36,0,6,147,2,155,0,6,153,32,191,242,30,272,463
11/19/2020,SSF,TX,ASW,CE,Federal Contract Tower,0,0,3,22,25,0,2,111,0,113,0,2,114,22,138,126,10,136,274
11/20/2020,SSF,TX,ASW,CE,Federal Contract Tower,0,2,8,16,26,0,7,80,0,87,0,9,88,16,113,184,10,194,307
11/21/2020,SSF,TX,ASW,CE,Federal Contract Tower,0,0,9,18,27,0,6,58,0,64,0,6,67,18,91,168,12,180,271
11/22/2020,SSF,TX,ASW,CE,Federal Contract Tower,0,1,10,0,11,0,10,46,0,56,0,11,56,0,67,102,0,102,169
11/23/2020,SSF,TX,ASW,CE,Federal Contract Tower,0,3,15,32,50,0,2,60,0,62,0,5,75,32,112,88,12,100,212
11/24/2020,SSF,TX,ASW,CE,Federal Contract Tower,0,0,24,17,41,0,9,72,1,82,0,9,96,18,123,84,8,92,215
11/25/2020,SSF,TX,ASW,CE,Federal Contract Tower,0,0,14,18,32,0,4,134,3,141,0,4,148,21,173,262,10,272,445
11/26/2020,SSF,TX,ASW,CE,Federal Contract Tower,0,0,8,0,8,0,0,26,0,26,0,0,34,0,34,14,0,14,48
11/27/2020,SSF,TX,ASW,CE,Federal Contract Tower,0,0,7,0,7,0,8,21,0,29,0,8,28,0,36,84,0,84,120
11/28/2020,SSF,TX,ASW,CE,Federal Contract Tower,0,0,2,0,2,0,0,0,0,0,0,0,2,0,2,0,0,0,2
11/29/2020,SSF,TX,ASW,CE,Federal Contract Tower,0,0,5,2,7,0,10,73,2,85,0,10,78,4,92,94,0,94,186
11/30/2020,SSF,TX,ASW,CE,Federal Contract Tower,0,0,13,30,43,0,7,91,4,102,0,7,104,34,145,134,16,150,295
12/01/2020,SSF,TX,ASW,CE,Federal Contract Tower,0,0,9,18,27,0,20,129,0,149,0,20,138,18,176,202,16,218,394
12/02/2020,SSF,TX,ASW,CE,Federal Contract Tower,0,0,16,22,38,0,6,101,20,127,0,6,117,42,165,244,24,268,433
12/03/2020,SSF,TX,ASW,CE,Federal Contract Tower,0,0,11,16,27,0,4,93,3,100,0,4,104,19,127,176,38,214,341
12/04/2020,SSF,TX,ASW,CE,Federal Contract Tower,0,0,16,16,32,0,8,111,0,119,0,8,127,16,151,224,2,226,377
12/05/2020,SSF,TX,ASW,CE,Federal Contract Tower,0,0,13,2,15,0,12,70,4,86,0,12,83,6,101,160,14,174,275
12/06/2020,SSF,TX,ASW,CE,Federal Contract Tower,0,0,3,4,7,0,10,61,0,71,0,10,64,4,78,96,0,96,174
12/07/2020,SSF,TX,ASW,CE,Federal Contract Tower,0,0,7,22,29,0,5,88,0,93,0,5,95,22,122,184,12,196,318
12/08/2020,SSF,TX,ASW,CE,Federal Contract Tower,0,0,10,14,24,0,15,153,0,168,0,15,163,14,192,208,6,214,406
12/09/2020,SSF,TX,ASW,CE,Federal Contract Tower,0,0,18,14,32,0,3,133,4,140,0,3,151,18,172,324,14,338,510
12/10/2020,SSF,TX,ASW,CE,Federal Contract Tower,0,0,4,16,20,0,16,117,0,133,0,16,121,16,153,208,12,220,373
12/11/2020,SSF,TX,ASW,CE,Federal Contract Tower,0,0,10,16,26,0,11,49,0,60,0,11,59,16,86,154,10,164,250
12/12/2020,SSF,TX,ASW,CE,Federal Contract Tower,0,0,4,0,4,0,40,119,1,160,0,40,123,1,164,310,0,310,474
12/13/2020,SSF,TX,ASW,CE,Federal Contract Tower,0,0,2,0,2,0,6,13,0,19,0,6,15,0,21,6,0,6,27
12/14/2020,SSF,TX,ASW,CE,Federal Contract Tower,0,0,4,18,22,0,13,97,0,110,0,13,101,18,132,184,6,190,322
12/15/2020,SSF,TX,ASW,CE,Federal Contract Tower,0,0,22,32,54,0,12,86,0,98,0,12,108,32,152,196,22,218,370
12/16/2020,SSF,TX,ASW,CE,Federal Contract Tower,0,0,6,12,18,0,6,121,0,127,0,6,127,12,145,252,6,258,403
12/17/2020,SSF,TX,ASW,CE,Federal Contract Tower,0,0,2,16,18,0,8,130,0,138,0,8,132,16,156,256,10,266,422
12/18/2020,SSF,TX,ASW,CE,Federal Contract Tower,0,0,15,22,37,0,8,81,3,92,0,8,96,25,129,276,26,302,431
12/19/2020,SSF,TX,ASW,CE,Federal Contract Tower,0,0,6,0,6,0,19,38,0,57,0,19,44,0,63,94,0,94,157
12/20/2020,SSF,TX,ASW,CE,Federal Contract Tower,0,0,5,0,5,0,8,77,3,88,0,8,82,3,93,134,4,138,231
12/21/2020,SSF,TX,ASW,CE,Federal Contract Tower,0,0,6,12,18,0,7,100,0,107,0,7,106,12,125,206,6,212,337
12/22/2020,SSF,TX,ASW,CE,Federal Contract Tower,0,0,7,12,19,0,22,123,0,145,0,22,130,12,164,228,10,238,402
12/23/2020,SSF,TX,ASW,CE,Federal Contract Tower,0,0,26,0,26,0,32,41,0,73,0,32,67,0,99,96,0,96,195
12/24/2020,SSF,TX,ASW,CE,Federal Contract Tower,0,0,0,0,0,0,2,35,0,37,0,2,35,0,37,52,0,52,89
12/25/2020,SSF,TX,ASW,CE,Federal Contract Tower,0,0,1,0,1,0,1,25,0,26,0,1,26,0,27,60,0,60,87
12/26/2020,SSF,TX,ASW,CE,Federal Contract Tower,0,0,9,0,9,0,25,66,0,91,0,25,75,0,100,224,0,224,324
12/27/2020,SSF,TX,ASW,CE,Federal Contract Tower,0,0,1,0,1,0,6,44,0,50,0,6,45,0,51,54,0,54,105
12/28/2020,SSF,TX,ASW,CE,Federal Contract Tower,0,0,6,0,6,0,4,38,0,42,0,4,44,0,48,78,0,78,126
12/29/2020,SSF,TX,ASW,CE,Federal Contract Tower,0,0,14,2,16,0,3,24,0,27,0,3,38,2,43,12,0,12,55
12/30/2020,SSF,TX,ASW,CE,Federal Contract Tower,0,0,1,0,1,0,0,17,0,17,0,0,18,0,18,22,0,22,40
12/31/2020,SSF,TX,ASW,CE,Federal Contract Tower,0,0,0,0,0,0,1,4,0,5,0,1,4,0,5,8,0,8,13
01/01/2021,SSF,TX,ASW,CE,Federal Contract Tower,0,0,6,0,6,0,0,61,0,61,0,0,67,0,67,202,0,202,269
01/02/2021,SSF,TX,ASW,CE,Federal Contract Tower,0,0,10,4,14,0,23,110,32,165,0,23,120,36,179,276,2,278,457
01/03/2021,SSF,TX,ASW,CE,Federal Contract Tower,0,0,1,0,1,0,10,46,0,56,0,10,47,0,57,64,0,64,121
01/04/2021,SSF,TX,ASW,CE,Federal Contract Tower,0,0,4,0,4,0,2,131,0,133,0,2,135,0,137,328,0,328,465
01/05/2021,SSF,TX,ASW,CE,Federal Contract Tower,0,0,24,14,38,0,5,33,2,40,0,5,57,16,78,100,12,112,190
01/06/2021,SSF,TX,ASW,CE,Federal Contract Tower,0,0,3,4,7,0,5,26,0,31,0,5,29,4,38,58,4,62,100
01/07/2021,SSF,TX,ASW,CE,Federal Contract Tower,0,0,10,7,17,0,8,98,1,107,0,8,108,8,124,124,4,128,252
01/08/2021,SSF,TX,ASW,CE,Federal Contract Tower,0,0,9,14,23,0,12,154,0,166,0,12,163,14,189,320,8,328,517
01/09/2021,SSF,TX,ASW,CE,Federal Contract Tower,0,0,7,0,7,0,8,104,6,118,0,8,111,6,125,190,0,190,315
01/10/2021,SSF,TX,ASW,CE,Federal Contract Tower,0,0,0,0,0,0,0,0,0,0,0,0,0,0,0,0,0,0,0
01/11/2021,SSF,TX,ASW,CE,Federal Contract Tower,0,0,6,14,20,0,1,94,0,95,0,1,100,14,115,128,10,138,253
01/12/2021,SSF,TX,ASW,CE,Federal Contract Tower,0,0,4,12,16,0,0,114,3,117,0,0,118,15,133,280,24,304,437
01/13/2021,SSF,TX,ASW,CE,Federal Contract Tower,0,0,9,8,17,0,8,115,3,126,0,8,124,11,143,286,32,318,461
01/14/2021,SSF,TX,ASW,CE,Federal Contract Tower,0,0,1,16,17,0,10,111,0,121,0,10,112,16,138,188,14,202,340
01/15/2021,SSF,TX,ASW,CE,Federal Contract Tower,0,0,14,12,26,0,12,126,0,138,0,12,140,12,164,278,8,286,450
01/16/2021,SSF,TX,ASW,CE,Federal Contract Tower,0,0,7,0,7,0,10,154,0,164,0,10,161,0,171,274,0,274,445
01/17/2021,SSF,TX,ASW,CE,Federal Contract Tower,0,0,1,0,1,0,11,105,0,116,0,11,106,0,117,144,0,144,261
01/18/2021,SSF,TX,ASW,CE,Federal Contract Tower,0,0,20,0,20,0,0,78,0,78,0,0,98,0,98,112,0,112,210
01/19/2021,SSF,TX,ASW,CE,Federal Contract Tower,0,0,7,16,23,0,0,10,0,10,0,0,17,16,33,14,0,14,47
01/20/2021,SSF,TX,ASW,CE,Federal Contract Tower,0,3,10,2,15,0,0,0,0,0,0,3,10,2,15,6,0,6,21
01/21/2021,SSF,TX,ASW,CE,Federal Contract Tower,0,3,4,14,21,0,4,35,5,44,0,7,39,19,65,138,32,170,235
01/22/2021,SSF,TX,ASW,CE,Federal Contract Tower,0,0,11,18,29,0,4,151,0,155,0,4,162,18,184,292,8,300,484
01/23/2021,SSF,TX,ASW,CE,Federal Contract Tower,0,0,3,2,5,0,0,3,0,3,0,0,6,2,8,24,0,24,32
01/24/2021,SSF,TX,ASW,CE,Federal Contract Tower,0,0,3,0,3,0,0,6,0,6,0,0,9,0,9,48,0,48,57
01/25/2021,SSF,TX,ASW,CE,Federal Contract Tower,0,0,13,32,45,0,1,105,2,108,0,1,118,34,153,144,24,168,321
01/26/2021,SSF,TX,ASW,CE,Federal Contract Tower,0,0,22,25,47,0,12,153,7,172,0,12,175,32,219,388,64,452,671
01/27/2021,SSF,TX,ASW,CE,Federal Contract Tower,0,0,9,29,38,0,5,117,1,123,0,5,126,30,161,310,26,336,497
01/28/2021,SSF,TX,ASW,CE,Federal Contract Tower,0,0,6,13,19,0,4,121,1,126,0,4,127,14,145,232,10,242,387
01/29/2021,SSF,TX,ASW,CE,Federal Contract Tower,0,0,13,17,30,0,8,118,1,127,0,8,131,18,157,262,6,268,425
01/30/2021,SSF,TX,ASW,CE,Federal Contract Tower,0,0,1,0,1,0,8,60,2,70,0,8,61,2,71,136,2,138,209
01/31/2021,SSF,TX,ASW,CE,Federal Contract Tower,0,0,4,0,4,0,6,93,0,99,0,6,97,0,103,136,0,136,239
02/01/2021,SSF,TX,ASW,CE,Federal Contract Tower,0,0,6,15,21,0,7,90,1,98,0,7,96,16,119,224,6,230,349
02/02/2021,SSF,TX,ASW,CE,Federal Contract Tower,0,0,12,28,40,2,6,126,1,135,2,6,138,29,175,306,30,336,511
02/03/2021,SSF,TX,ASW,CE,Federal Contract Tower,0,0,21,16,37,0,8,145,0,153,0,8,166,16,190,374,10,384,574
02/04/2021,SSF,TX,ASW,CE,Federal Contract Tower,0,0,11,26,37,0,5,73,3,81,0,5,84,29,118,116,32,148,266
02/05/2021,SSF,TX,ASW,CE,Federal Contract Tower,0,0,25,10,35,0,1,103,0,104,0,1,128,10,139,310,6,316,455
02/06/2021,SSF,TX,ASW,CE,Federal Contract Tower,0,0,11,4,15,0,15,64,14,93,0,15,75,18,108,218,6,224,332
02/07/2021,SSF,TX,ASW,CE,Federal Contract Tower,0,0,5,0,5,0,8,101,4,113,0,8,106,4,118,170,0,170,288
02/08/2021,SSF,TX,ASW,CE,Federal Contract Tower,0,0,16,20,36,0,2,108,0,110,0,2,124,20,146,278,12,290,436
02/09/2021,SSF,TX,ASW,CE,Federal Contract Tower,0,0,11,25,36,0,5,112,1,118,0,5,123,26,154,234,14,248,402
02/10/2021,SSF,TX,ASW,CE,Federal Contract Tower,0,0,7,0,7,0,0,0,0,0,0,0,7,0,7,0,0,0,7
02/11/2021,SSF,TX,ASW,CE,Federal Contract Tower,0,0,0,0,0,0,0,2,0,2,0,0,2,0,2,0,0,0,2
02/12/2021,SSF,TX,ASW,CE,Federal Contract Tower,0,0,0,0,0,0,15,7,0,22,0,15,7,0,22,68,0,68,90
02/13/2021,SSF,TX,ASW,CE,Federal Contract Tower,0,0,0,0,0,0,0,2,0,2,0,0,2,0,2,0,0,0,2
02/14/2021,SSF,TX,ASW,CE,Federal Contract Tower,0,0,0,0,0,0,0,0,0,0,0,0,0,0,0,0,0,0,0
02/15/2021,SSF,TX,ASW,CE,Federal Contract Tower,0,0,0,0,0,0,1,2,0,3,0,1,2,0,3,0,0,0,3
02/16/2021,SSF,TX,ASW,CE,Federal Contract Tower,0,0,0,0,0,0,6,0,0,6,0,6,0,0,6,0,0,0,6
02/17/2021,SSF,TX,ASW,CE,Federal Contract Tower,0,0,0,0,0,0,0,3,0,3,0,0,3,0,3,0,0,0,3
02/18/2021,SSF,TX,ASW,CE,Federal Contract Tower,0,0,0,0,0,0,0,0,0,0,0,0,0,0,0,0,0,0,0
02/19/2021,SSF,TX,ASW,CE,Federal Contract Tower,0,0,3,0,3,0,3,58,2,63,0,3,61,2,66,58,14,72,138
02/20/2021,SSF,TX,ASW,CE,Federal Contract Tower,0,0,6,2,8,0,9,103,2,114,0,9,109,4,122,186,2,188,310
02/21/2021,SSF,TX,ASW,CE,Federal Contract Tower,0,0,3,0,3,0,10,52,2,64,0,10,55,2,67,88,0,88,155
02/22/2021,SSF,TX,ASW,CE,Federal Contract Tower,0,0,15,18,33,0,6,138,0,144,0,6,153,18,177,198,20,218,395
02/23/2021,SSF,TX,ASW,CE,Federal Contract Tower,0,0,15,28,43,0,5,109,5,119,0,5,124,33,162,248,30,278,440
02/24/2021,SSF,TX,ASW,CE,Federal Contract Tower,0,0,30,30,60,0,1,101,3,105,0,1,131,33,165,228,50,278,443
02/25/2021,SSF,TX,ASW,CE,Federal Contract Tower,0,0,8,8,16,0,0,0,0,0,0,0,8,8,16,2,4,6,22
02/26/2021,SSF,TX,ASW,CE,Federal Contract Tower,0,0,10,21,31,0,2,8,0,10,0,2,18,21,41,24,10,34,75
02/27/2021,SSF,TX,ASW,CE,Federal Contract Tower,0,0,8,16,24,0,9,19,0,28,0,9,27,16,52,30,0,30,82
02/28/2021,SSF,TX,ASW,CE,Federal Contract Tower,0,0,3,0,3,0,9,24,0,33,0,9,27,0,36,70,0,70,106
03/01/2021,SSF,TX,ASW,CE,Federal Contract Tower,0,0,1,12,13,0,2,12,0,14,0,2,13,12,27,10,8,18,45
03/02/2021,SSF,TX,ASW,CE,Federal Contract Tower,0,0,13,16,29,0,12,127,0,139,0,12,140,16,168,340,12,352,520
03/03/2021,SSF,TX,ASW,CE,Federal Contract Tower,0,0,8,28,36,0,6,143,4,153,0,6,151,32,189,220,24,244,433
03/04/2021,SSF,TX,ASW,CE,Federal Contract Tower,0,0,7,26,33,0,8,112,0,120,0,8,119,26,153,182,24,206,359
03/05/2021,SSF,TX,ASW,CE,Federal Contract Tower,0,2,15,24,41,0,6,111,0,117,0,8,126,24,158,192,10,202,360
03/06/2021,SSF,TX,ASW,CE,Federal Contract Tower,0,1,3,0,4,0,6,123,5,134,0,7,126,5,138,256,16,272,410
03/07/2021,SSF,TX,ASW,CE,Federal Contract Tower,0,0,7,0,7,0,10,70,0,80,0,10,77,0,87,74,0,74,161
03/08/2021,SSF,TX,ASW,CE,Federal Contract Tower,0,0,7,20,27,0,0,96,0,96,0,0,103,20,123,134,12,146,269
03/09/2021,SSF,TX,ASW,CE,Federal Contract Tower,0,0,11,16,27,0,0,49,6,55,0,0,60,22,82,122,20,142,224
03/10/2021,SSF,TX,ASW,CE,Federal Contract Tower,0,0,13,12,25,0,2,51,3,56,0,2,64,15,81,86,26,112,193
03/11/2021,SSF,TX,ASW,CE,Federal Contract Tower,0,0,8,34,42,0,5,59,1,65,0,5,67,35,107,62,26,88,195
03/12/2021,SSF,TX,ASW,CE,Federal Contract Tower,0,0,18,23,41,0,18,49,4,71,0,18,67,27,112,164,12,176,288
03/13/2021,SSF,TX,ASW,CE,Federal Contract Tower,0,0,8,1,9,0,11,26,0,37,0,11,34,1,46,102,0,102,148
03/14/2021,SSF,TX,ASW,CE,Federal Contract Tower,0,0,10,0,10,0,9,48,0,57,0,9,58,0,67,128,0,128,195
03/15/2021,SSF,TX,ASW,CE,Federal Contract Tower,0,1,6,28,35,0,6,148,0,154,0,7,154,28,189,224,12,236,425
03/16/2021,SSF,TX,ASW,CE,Federal Contract Tower,0,0,17,22,39,0,0,0,0,0,0,0,17,22,39,152,8,160,199
03/17/2021,SSF,TX,ASW,CE,Federal Contract Tower,0,0,6,14,20,0,3,57,4,64,0,3,63,18,84,170,8,178,262
03/18/2021,SSF,TX,ASW,CE,Federal Contract Tower,0,0,12,18,30,0,6,100,4,110,0,6,112,22,140,120,10,130,270
03/19/2021,SSF,TX,ASW,CE,Federal Contract Tower,0,0,18,6,24,0,8,118,4,130,0,8,136,10,154,138,14,152,306
03/20/2021,SSF,TX,ASW,CE,Federal Contract Tower,0,0,1,0,1,0,33,140,5,178,0,33,141,5,179,258,0,258,437
03/21/2021,SSF,TX,ASW,CE,Federal Contract Tower,0,0,3,0,3,0,8,74,0,82,0,8,77,0,85,78,0,78,163
03/22/2021,SSF,TX,ASW,CE,Federal Contract Tower,0,0,17,14,31,0,6,38,0,44,0,6,55,14,75,40,14,54,129
03/23/2021,SSF,TX,ASW,CE,Federal Contract Tower,0,0,14,10,24,0,2,165,0,167,0,2,179,10,191,339,10,349,540
03/24/2021,SSF,TX,ASW,CE,Federal Contract Tower,0,0,16,8,24,0,10,29,8,47,0,10,45,16,71,78,28,106,177
03/25/2021,SSF,TX,ASW,CE,Federal Contract Tower,0,0,14,20,34,0,2,144,5,151,0,2,158,25,185,262,8,270,455
03/26/2021,SSF,TX,ASW,CE,Federal Contract Tower,0,0,11,17,28,0,8,158,1,167,0,8,169,18,195,300,2,302,497
03/27/2021,SSF,TX,ASW,CE,Federal Contract Tower,0,0,13,4,17,0,24,62,0,86,0,24,75,4,103,152,4,156,259
03/28/2021,SSF,TX,ASW,CE,Federal Contract Tower,0,0,2,0,2,0,5,16,0,21,0,5,18,0,23,56,0,56,79
03/29/2021,SSF,TX,ASW,CE,Federal Contract Tower,0,0,15,18,33,0,4,172,0,176,0,4,187,18,209,254,8,262,471
03/30/2021,SSF,TX,ASW,CE,Federal Contract Tower,0,0,26,6,32,0,4,69,2,75,0,4,95,8,107,204,22,226,333
03/31/2021,SSF,TX,ASW,CE,Federal Contract Tower,0,0,6,14,20,0,4,39,4,47,0,4,45,18,67,50,36,86,153
04/01/2021,SSF,TX,ASW,CE,Federal Contract Tower,0,0,13,14,27,0,5,103,0,108,0,5,116,14,135,188,12,200,335
04/02/2021,SSF,TX,ASW,CE,Federal Contract Tower,0,0,25,0,25,0,20,116,0,136,0,20,141,0,161,272,0,272,433
04/03/2021,SSF,TX,ASW,CE,Federal Contract Tower,0,0,1,0,1,0,33,46,0,79,0,33,47,0,80,86,0,86,166
04/04/2021,SSF,TX,ASW,CE,Federal Contract Tower,0,0,7,0,7,0,4,36,0,40,0,4,43,0,47,66,0,66,113
04/05/2021,SSF,TX,ASW,CE,Federal Contract Tower,0,1,12,23,36,0,12,80,0,92,0,13,92,23,128,190,18,208,336
04/06/2021,SSF,TX,ASW,CE,Federal Contract Tower,0,0,13,20,33,0,7,71,16,94,0,7,84,36,127,118,46,164,291
04/07/2021,SSF,TX,ASW,CE,Federal Contract Tower,0,2,15,40,57,0,6,97,7,110,0,8,112,47,167,366,48,414,581
04/08/2021,SSF,TX,ASW,CE,Federal Contract Tower,0,0,10,8,18,0,0,114,0,114,0,0,124,8,132,156,0,156,288
04/09/2021,SSF,TX,ASW,CE,Federal Contract Tower,0,1,19,13,33,0,19,99,1,119,0,20,118,14,152,228,10,238,390
04/10/2021,SSF,TX,ASW,CE,Federal Contract Tower,0,0,7,0,7,0,10,60,2,72,0,10,67,2,79,88,0,88,167
04/11/2021,SSF,TX,ASW,CE,Federal Contract Tower,0,0,7,0,7,0,14,137,0,151,0,14,144,0,158,276,0,276,434
04/12/2021,SSF,TX,ASW,CE,Federal Contract Tower,0,0,12,16,28,0,4,97,0,101,0,4,109,16,129,186,16,202,331
04/13/2021,SSF,TX,ASW,CE,Federal Contract Tower,0,0,27,20,47,0,3,93,8,104,0,3,120,28,151,206,26,232,383
04/14/2021,SSF,TX,ASW,CE,Federal Contract Tower,0,0,19,20,39,0,12,74,0,86,0,12,93,20,125,250,14,264,389
04/15/2021,SSF,TX,ASW,CE,Federal Contract Tower,0,0,9,0,9,0,0,2,0,2,0,0,11,0,11,2,0,2,13
04/16/2021,SSF,TX,ASW,CE,Federal Contract Tower,0,0,6,2,8,0,0,6,0,6,0,0,12,2,14,32,0,32,46
04/17/2021,SSF,TX,ASW,CE,Federal Contract Tower,0,0,1,0,1,0,10,46,0,56,0,10,47,0,57,54,0,54,111
04/18/2021,SSF,TX,ASW,CE,Federal Contract Tower,0,0,7,0,7,0,6,123,0,129,0,6,130,0,136,164,0,164,300
04/19/2021,SSF,TX,ASW,CE,Federal Contract Tower,0,0,18,15,33,0,2,138,0,140,0,2,156,15,173,338,18,356,529
04/20/2021,SSF,TX,ASW,CE,Federal Contract Tower,0,0,8,18,26,0,0,179,4,183,0,0,187,22,209,292,16,308,517
04/21/2021,SSF,TX,ASW,CE,Federal Contract Tower,0,0,12,18,30,0,4,89,7,100,0,4,101,25,130,204,18,222,352
04/22/2021,SSF,TX,ASW,CE,Federal Contract Tower,0,0,13,2,15,0,3,43,2,48,0,3,56,4,63,66,2,68,131
04/23/2021,SSF,TX,ASW,CE,Federal Contract Tower,0,0,2,0,2,0,3,8,0,11,0,3,10,0,13,16,0,16,29
04/24/2021,SSF,TX,ASW,CE,Federal Contract Tower,0,0,16,2,18,0,25,110,0,135,0,25,126,2,153,270,0,270,423
04/25/2021,SSF,TX,ASW,CE,Federal Contract Tower,0,0,2,0,2,0,8,119,0,127,0,8,121,0,129,150,0,150,279
04/26/2021,SSF,TX,ASW,CE,Federal Contract Tower,0,0,8,4,12,0,4,104,0,108,0,4,112,4,120,124,4,128,248
04/27/2021,SSF,TX,ASW,CE,Federal Contract Tower,0,0,23,19,42,0,0,17,3,20,0,0,40,22,62,66,24,90,152
04/28/2021,SSF,TX,ASW,CE,Federal Contract Tower,0,0,12,9,21,0,4,82,1,87,0,4,94,10,108,182,4,186,294
04/29/2021,SSF,TX,ASW,CE,Federal Contract Tower,0,0,5,9,14,0,0,17,1,18,0,0,22,10,32,50,2,52,84
04/30/2021,SSF,TX,ASW,CE,Federal Contract Tower,0,0,5,0,5,0,4,10,2,16,0,4,15,2,21,60,8,68,89
05/01/2021,SSF,TX,ASW,CE,Federal Contract Tower,0,0,5,0,5,0,5,4,0,9,0,5,9,0,14,12,0,12,26
05/02/2021,SSF,TX,ASW,CE,Federal Contract Tower,0,0,5,0,5,0,6,107,0,113,0,6,112,0,118,256,0,256,374
05/03/2021,SSF,TX,ASW,CE,Federal Contract Tower,0,0,7,2,9,0,2,72,0,74,0,2,79,2,83,162,0,162,245
05/04/2021,SSF,TX,ASW,CE,Federal Contract Tower,0,0,16,14,30,0,4,109,4,117,0,4,125,18,147,162,14,176,323
05/05/2021,SSF,TX,ASW,CE,Federal Contract Tower,0,0,16,12,28,0,3,152,0,155,0,3,168,12,183,266,8,274,457
05/06/2021,SSF,TX,ASW,CE,Federal Contract Tower,0,0,15,11,26,0,4,128,3,135,0,4,143,14,161,228,8,236,397
05/07/2021,SSF,TX,ASW,CE,Federal Contract Tower,0,0,12,12,24,0,2,114,2,118,0,2,126,14,142,252,8,260,402
05/08/2021,SSF,TX,ASW,CE,Federal Contract Tower,0,0,16,1,17,0,11,66,9,86,0,11,82,10,103,130,8,138,241
05/09/2021,SSF,TX,ASW,CE,Federal Contract Tower,0,0,11,0,11,0,23,52,0,75,0,23,63,0,86,144,0,144,230
05/10/2021,SSF,TX,ASW,CE,Federal Contract Tower,0,0,13,20,33,0,0,55,1,56,0,0,68,21,89,182,24,206,295
05/11/2021,SSF,TX,ASW,CE,Federal Contract Tower,0,0,12,4,16,0,0,27,0,27,0,0,39,4,43,50,4,54,97
05/12/2021,SSF,TX,ASW,CE,Federal Contract Tower,0,0,6,12,18,0,6,41,2,49,0,6,47,14,67,158,10,168,235
05/13/2021,SSF,TX,ASW,CE,Federal Contract Tower,0,2,13,19,34,0,3,99,3,105,0,5,112,22,139,290,12,302,441
05/14/2021,SSF,TX,ASW,CE,Federal Contract Tower,0,0,18,14,32,0,2,109,3,114,0,2,127,17,146,260,6,266,412
05/15/2021,SSF,TX,ASW,CE,Federal Contract Tower,0,0,6,2,8,0,1,12,8,21,0,1,18,10,29,16,10,26,55
05/16/2021,SSF,TX,ASW,CE,Federal Contract Tower,0,0,2,4,6,0,10,15,2,27,0,10,17,6,33,18,4,22,55
05/17/2021,SSF,TX,ASW,CE,Federal Contract Tower,0,0,19,19,38,0,2,37,3,42,0,2,56,22,80,56,30,86,166
05/18/2021,SSF,TX,ASW,CE,Federal Contract Tower,0,0,2,12,14,0,4,37,0,41,0,4,39,12,55,62,6,68,123
05/19/2021,SSF,TX,ASW,CE,Federal Contract Tower,0,0,12,6,18,0,0,27,3,30,0,0,39,9,48,92,16,108,156
05/20/2021,SSF,TX,ASW,CE,Federal Contract Tower,0,0,7,25,32,0,4,132,1,137,0,4,139,26,169,194,18,212,381
05/21/2021,SSF,TX,ASW,CE,Federal Contract Tower,0,0,10,35,45,0,10,67,2,79,0,10,77,37,124,166,17,183,307
05/22/2021,SSF,TX,ASW,CE,Federal Contract Tower,0,0,2,0,2,0,6,21,2,29,0,6,23,2,31,58,12,70,101
05/23/2021,SSF,TX,ASW,CE,Federal Contract Tower,0,0,1,0,1,0,12,8,0,20,0,12,9,0,21,62,0,62,83
05/24/2021,SSF,TX,ASW,CE,Federal Contract Tower,0,0,21,22,43,0,0,41,0,41,0,0,62,22,84,132,10,142,226
05/25/2021,SSF,TX,ASW,CE,Federal Contract Tower,0,0,16,20,36,0,13,115,0,128,0,13,131,20,164,218,18,236,400
05/26/2021,SSF,TX,ASW,CE,Federal Contract Tower,0,0,37,20,57,0,8,97,2,107,0,8,134,22,164,368,24,392,556
05/27/2021,SSF,TX,ASW,CE,Federal Contract Tower,0,0,16,17,33,0,6,125,6,137,0,6,141,23,170,404,32,436,606
05/28/2021,SSF,TX,ASW,CE,Federal Contract Tower,0,0,24,0,24,0,23,60,3,86,0,23,84,3,110,238,0,238,348
05/29/2021,SSF,TX,ASW,CE,Federal Contract Tower,0,0,13,0,13,0,20,77,0,97,0,20,90,0,110,144,0,144,254
05/30/2021,SSF,TX,ASW,CE,Federal Contract Tower,0,0,6,0,6,0,20,29,0,49,0,20,35,0,55,102,0,102,157
05/31/2021,SSF,TX,ASW,CE,Federal Contract Tower,0,0,19,0,19,0,0,67,0,67,0,0,86,0,86,86,0,86,172
06/01/2021,SSF,TX,ASW,CE,Federal Contract Tower,0,0,7,14,21,0,1,99,0,100,0,1,106,14,121,202,10,212,333
06/02/2021,SSF,TX,ASW,CE,Federal Contract Tower,0,0,8,16,24,2,11,80,0,93,2,11,88,16,117,252,14,266,383
06/03/2021,SSF,TX,ASW,CE,Federal Contract Tower,0,0,7,2,9,0,8,26,0,34,0,8,33,2,43,40,2,42,85
06/04/2021,SSF,TX,ASW,CE,Federal Contract Tower,0,0,22,16,38,0,8,63,1,72,0,8,85,17,110,248,10,258,368
06/05/2021,SSF,TX,ASW,CE,Federal Contract Tower,0,0,6,0,6,0,20,71,6,97,0,20,77,6,103,154,0,154,257
06/06/2021,SSF,TX,ASW,CE,Federal Contract Tower,0,0,3,0,3,0,2,37,0,39,0,2,40,0,42,54,0,54,96
06/07/2021,SSF,TX,ASW,CE,Federal Contract Tower,0,0,18,18,36,0,2,61,0,63,0,2,79,18,99,154,12,166,265
06/08/2021,SSF,TX,ASW,CE,Federal Contract Tower,0,0,9,15,24,0,13,79,3,95,0,13,88,18,119,180,18,198,317
06/09/2021,SSF,TX,ASW,CE,Federal Contract Tower,0,0,16,24,40,0,9,87,1,97,0,9,103,25,137,258,20,278,415
06/10/2021,SSF,TX,ASW,CE,Federal Contract Tower,0,0,20,10,30,0,13,80,0,93,0,13,100,10,123,198,30,228,351
06/11/2021,SSF,TX,ASW,CE,Federal Contract Tower,0,0,5,18,23,0,3,100,7,110,0,3,105,25,133,200,14,214,347
06/12/2021,SSF,TX,ASW,CE,Federal Contract Tower,0,0,4,0,4,0,8,121,2,131,0,8,125,2,135,154,6,160,295
06/13/2021,SSF,TX,ASW,CE,Federal Contract Tower,0,0,3,2,5,0,5,73,0,78,0,5,76,2,83,128,2,130,213
06/14/2021,SSF,TX,ASW,CE,Federal Contract Tower,0,0,2,24,26,0,2,91,10,103,0,2,93,34,129,196,20,216,345
06/15/2021,SSF,TX,ASW,CE,Federal Contract Tower,0,0,6,18,24,0,0,132,0,132,0,0,138,18,156,264,14,278,434
06/16/2021,SSF,TX,ASW,CE,Federal Contract Tower,0,2,7,22,31,0,7,120,0,127,0,9,127,22,158,194,18,212,370
06/17/2021,SSF,TX,ASW,CE,Federal Contract Tower,0,0,1,24,25,0,7,131,0,138,0,7,132,24,163,218,16,234,397
06/18/2021,SSF,TX,ASW,CE,Federal Contract Tower,0,0,10,0,10,0,12,110,0,122,0,12,120,0,132,272,0,272,404
06/19/2021,SSF,TX,ASW,CE,Federal Contract Tower,0,0,1,0,1,0,26,100,7,133,0,26,101,7,134,222,6,228,362
06/20/2021,SSF,TX,ASW,CE,Federal Contract Tower,0,0,6,0,6,0,10,43,0,53,0,10,49,0,59,32,0,32,91
06/21/2021,SSF,TX,ASW,CE,Federal Contract Tower,0,2,6,26,34,0,14,91,0,105,0,16,97,26,139,170,16,186,325
06/22/2021,SSF,TX,ASW,CE,Federal Contract Tower,0,0,16,22,38,0,2,70,0,72,0,2,86,22,110,220,16,236,346
06/23/2021,SSF,TX,ASW,CE,Federal Contract Tower,0,0,18,18,36,0,10,77,0,87,0,10,95,18,123,174,12,186,309
06/24/2021,SSF,TX,ASW,CE,Federal Contract Tower,0,0,13,26,39,0,8,80,3,91,0,8,93,29,130,162,36,198,328
06/25/2021,SSF,TX,ASW,CE,Federal Contract Tower,0,0,12,23,35,0,15,103,3,121,0,15,115,26,156,186,30,216,372
06/26/2021,SSF,TX,ASW,CE,Federal Contract Tower,0,0,6,0,6,0,12,43,2,57,0,12,49,2,63,66,4,70,133
06/27/2021,SSF,TX,ASW,CE,Federal Contract Tower,0,0,6,0,6,0,6,34,3,43,0,6,40,3,49,50,0,50,99
06/28/2021,SSF,TX,ASW,CE,Federal Contract Tower,0,0,9,6,15,0,2,44,0,46,0,2,53,6,61,104,6,110,171
06/29/2021,SSF,TX,ASW,CE,Federal Contract Tower,0,0,6,8,14,0,5,33,0,38,0,5,39,8,52,86,6,92,144
06/30/2021,SSF,TX,ASW,CE,Federal Contract Tower,0,0,19,10,29,0,1,53,2,56,0,1,72,12,85,88,14,102,187
07/01/2021,SSF,TX,ASW,CE,Federal Contract Tower,0,0,11,8,19,0,0,114,0,114,0,0,125,8,133,236,4,240,373
07/02/2021,SSF,TX,ASW,CE,Federal Contract Tower,0,0,13,1,14,0,6,143,7,156,0,6,156,8,170,378,10,388,558
07/03/2021,SSF,TX,ASW,CE,Federal Contract Tower,0,0,7,0,7,0,15,60,0,75,0,15,67,0,82,150,0,150,232
07/04/2021,SSF,TX,ASW,CE,Federal Contract Tower,0,1,0,0,1,0,1,15,0,16,0,2,15,0,17,28,0,28,45
07/05/2021,SSF,TX,ASW,CE,Federal Contract Tower,0,0,3,0,3,0,4,15,0,19,0,4,18,0,22,0,0,0,22
07/06/2021,SSF,TX,ASW,CE,Federal Contract Tower,0,0,0,7,7,0,0,31,0,31,0,0,31,7,38,28,2,30,68
07/07/2021,SSF,TX,ASW,CE,Federal Contract Tower,0,0,27,6,33,0,1,25,4,30,0,1,52,10,63,70,20,90,153
07/08/2021,SSF,TX,ASW,CE,Federal Contract Tower,0,0,4,20,24,0,0,30,0,30,0,0,34,20,54,48,30,78,132
07/09/2021,SSF,TX,ASW,CE,Federal Contract Tower,0,0,2,0,2,0,0,2,0,2,0,0,4,0,4,2,0,2,6
07/10/2021,SSF,TX,ASW,CE,Federal Contract Tower,0,0,11,2,13,0,0,30,2,32,0,0,41,4,45,40,2,42,87
07/11/2021,SSF,TX,ASW,CE,Federal Contract Tower,0,0,23,0,23,0,16,86,0,102,0,16,109,0,125,186,0,186,311
07/12/2021,SSF,TX,ASW,CE,Federal Contract Tower,0,0,15,24,39,0,1,116,3,120,0,1,131,27,159,144,32,176,335
07/13/2021,SSF,TX,ASW,CE,Federal Contract Tower,0,0,2,8,10,0,0,42,3,45,0,0,44,11,55,98,14,112,167
07/14/2021,SSF,TX,ASW,CE,Federal Contract Tower,0,0,9,6,15,0,9,57,4,70,0,9,66,10,85,66,10,76,161
07/15/2021,SSF,TX,ASW,CE,Federal Contract Tower,0,0,28,16,44,0,8,123,4,135,0,8,151,20,179,222,20,242,421
07/16/2021,SSF,TX,ASW,CE,Federal Contract Tower,0,0,15,22,37,0,0,104,2,106,0,0,119,24,143,160,10,170,313
07/17/2021,SSF,TX,ASW,CE,Federal Contract Tower,0,0,14,0,14,0,20,83,6,109,0,20,97,6,123,148,0,148,271
07/18/2021,SSF,TX,ASW,CE,Federal Contract Tower,0,0,6,0,6,0,9,64,0,73,0,9,70,0,79,100,0,100,179
07/19/2021,SSF,TX,ASW,CE,Federal Contract Tower,0,1,3,20,24,0,5,88,7,100,0,6,91,27,124,118,10,128,252
07/20/2021,SSF,TX,ASW,CE,Federal Contract Tower,0,1,11,16,28,0,12,90,2,104,0,13,101,18,132,150,16,166,298
07/21/2021,SSF,TX,ASW,CE,Federal Contract Tower,0,0,10,22,32,0,4,122,2,128,0,4,132,24,160,210,18,228,388
07/22/2021,SSF,TX,ASW,CE,Federal Contract Tower,0,0,14,12,26,0,5,42,0,47,0,5,56,12,73,108,12,120,193
07/23/2021,SSF,TX,ASW,CE,Federal Contract Tower,0,0,12,19,31,0,9,90,1,100,0,9,102,20,131,142,14,156,287
07/24/2021,SSF,TX,ASW,CE,Federal Contract Tower,0,0,10,0,10,0,10,72,4,86,0,10,82,4,96,94,4,98,194
07/25/2021,SSF,TX,ASW,CE,Federal Contract Tower,0,0,4,0,4,0,17,63,0,80,0,17,67,0,84,60,0,60,144
07/26/2021,SSF,TX,ASW,CE,Federal Contract Tower,0,0,8,15,23,0,1,95,0,96,0,1,103,15,119,264,10,274,393
07/27/2021,SSF,TX,ASW,CE,Federal Contract Tower,0,0,11,20,31,0,4,93,3,100,0,4,104,23,131,216,36,252,383
07/28/2021,SSF,TX,ASW,CE,Federal Contract Tower,0,0,3,22,25,0,12,81,2,95,0,12,84,24,120,82,16,98,218
07/29/2021,SSF,TX,ASW,CE,Federal Contract Tower,0,0,2,22,24,0,7,87,0,94,0,7,89,22,118,156,12,168,286
07/30/2021,SSF,TX,ASW,CE,Federal Contract Tower,0,0,10,18,28,0,13,75,0,88,0,13,85,18,116,154,8,162,278
07/31/2021,SSF,TX,ASW,CE,Federal Contract Tower,0,0,14,0,14,0,12,53,0,65,0,12,67,0,79,32,0,32,111
08/01/2021,SSF,TX,ASW,CE,Federal Contract Tower,0,0,16,0,16,0,4,54,0,58,0,4,70,0,74,94,0,94,168
08/02/2021,SSF,TX,ASW,CE,Federal Contract Tower,0,0,3,8,11,0,2,20,0,22,0,2,23,8,33,48,0,48,81
08/03/2021,SSF,TX,ASW,CE,Federal Contract Tower,0,0,16,24,40,0,1,79,0,80,0,1,95,24,120,136,2,138,258
08/04/2021,SSF,TX,ASW,CE,Federal Contract Tower,0,0,12,16,28,0,6,103,0,109,0,6,115,16,137,172,10,182,319
08/05/2021,SSF,TX,ASW,CE,Federal Contract Tower,0,0,10,12,22,0,0,30,0,30,0,0,40,12,52,60,12,72,124
08/06/2021,SSF,TX,ASW,CE,Federal Contract Tower,0,0,3,16,19,0,8,96,5,109,0,8,99,21,128,188,18,206,334
08/07/2021,SSF,TX,ASW,CE,Federal Contract Tower,0,0,9,0,9,0,24,71,23,118,0,24,80,23,127,128,8,136,263
08/08/2021,SSF,TX,ASW,CE,Federal Contract Tower,0,0,2,2,4,0,17,43,0,60,0,17,45,2,64,114,2,116,180
08/09/2021,SSF,TX,ASW,CE,Federal Contract Tower,0,0,2,28,30,0,5,86,2,93,0,5,88,30,123,122,28,150,273
08/10/2021,SSF,TX,ASW,CE,Federal Contract Tower,0,0,7,22,29,0,6,94,0,100,0,6,101,22,129,94,12,106,235
08/11/2021,SSF,TX,ASW,CE,Federal Contract Tower,0,0,11,24,35,0,5,103,4,112,0,5,114,28,147,146,8,154,301
08/12/2021,SSF,TX,ASW,CE,Federal Contract Tower,0,0,10,24,34,0,3,86,5,94,0,3,96,29,128,200,28,228,356
08/13/2021,SSF,TX,ASW,CE,Federal Contract Tower,0,0,11,8,19,0,15,87,1,103,0,15,98,9,122,172,0,172,294
08/14/2021,SSF,TX,ASW,CE,Federal Contract Tower,0,0,13,10,23,0,22,85,0,107,0,22,98,10,130,172,6,178,308
08/15/2021,SSF,TX,ASW,CE,Federal Contract Tower,0,0,13,6,19,0,3,35,0,38,0,3,48,6,57,40,2,42,99
08/16/2021,SSF,TX,ASW,CE,Federal Contract Tower,0,0,9,14,23,0,2,83,0,85,0,2,92,14,108,108,2,110,218
08/17/2021,SSF,TX,ASW,CE,Federal Contract Tower,0,0,11,14,25,0,2,68,0,70,0,2,79,14,95,162,10,172,267
08/18/2021,SSF,TX,ASW,CE,Federal Contract Tower,0,0,15,16,31,0,6,82,0,88,0,6,97,16,119,178,12,190,309
08/19/2021,SSF,TX,ASW,CE,Federal Contract Tower,0,0,9,16,25,0,5,97,2,104,0,5,106,18,129,152,14,166,295
08/20/2021,SSF,TX,ASW,CE,Federal Contract Tower,0,0,11,24,35,0,7,85,0,92,0,7,96,24,127,116,16,132,259
08/21/2021,SSF,TX,ASW,CE,Federal Contract Tower,0,0,9,0,9,0,16,66,0,82,0,16,75,0,91,84,0,84,175
08/22/2021,SSF,TX,ASW,CE,Federal Contract Tower,0,0,4,0,4,0,6,62,2,70,0,6,66,2,74,104,8,112,186
08/23/2021,SSF,TX,ASW,CE,Federal Contract Tower,0,0,5,14,19,0,4,101,0,105,0,4,106,14,124,150,12,162,286
08/24/2021,SSF,TX,ASW,CE,Federal Contract Tower,0,0,8,28,36,0,0,108,0,108,0,0,116,28,144,162,32,194,338
08/25/2021,SSF,TX,ASW,CE,Federal Contract Tower,0,0,2,24,26,0,0,134,4,138,0,0,136,28,164,156,26,182,346
08/26/2021,SSF,TX,ASW,CE,Federal Contract Tower,0,2,4,12,18,0,4,124,6,134,0,6,128,18,152,244,14,258,410
08/27/2021,SSF,TX,ASW,CE,Federal Contract Tower,0,0,15,14,29,0,13,78,0,91,0,13,93,14,120,58,10,68,188
08/28/2021,SSF,TX,ASW,CE,Federal Contract Tower,0,0,13,2,15,0,20,70,0,90,0,20,83,2,105,130,2,132,237
08/29/2021,SSF,TX,ASW,CE,Federal Contract Tower,0,0,11,4,15,0,20,54,2,76,0,20,65,6,91,84,4,88,179
08/30/2021,SSF,TX,ASW,CE,Federal Contract Tower,0,1,3,8,12,0,2,94,0,96,0,3,97,8,108,88,6,94,202
08/31/2021,SSF,TX,ASW,CE,Federal Contract Tower,0,2,4,26,32,0,4,128,0,132,0,6,132,26,164,160,18,178,342
09/01/2021,SSF,TX,ASW,CE,Federal Contract Tower,0,0,4,14,18,0,2,86,0,88,0,2,90,14,106,118,6,124,230
09/02/2021,SSF,TX,ASW,CE,Federal Contract Tower,0,2,13,14,29,0,8,96,0,104,0,10,109,14,133,114,10,124,257
09/03/2021,SSF,TX,ASW,CE,Federal Contract Tower,0,0,11,2,13,0,0,127,0,127,0,0,138,2,140,216,2,218,358
09/04/2021,SSF,TX,ASW,CE,Federal Contract Tower,0,0,14,0,14,0,16,110,3,129,0,16,124,3,143,174,10,184,327
09/05/2021,SSF,TX,ASW,CE,Federal Contract Tower,0,0,1,0,1,0,9,98,0,107,0,9,99,0,108,88,0,88,196
09/06/2021,SSF,TX,ASW,CE,Federal Contract Tower,0,0,4,0,4,0,1,78,8,87,0,1,82,8,91,142,18,160,251
09/07/2021,SSF,TX,ASW,CE,Federal Contract Tower,0,0,6,12,18,0,0,106,2,108,0,0,112,14,126,92,6,98,224
09/08/2021,SSF,TX,ASW,CE,Federal Contract Tower,0,0,8,26,34,0,2,95,0,97,0,2,103,26,131,168,16,184,315
09/09/2021,SSF,TX,ASW,CE,Federal Contract Tower,0,0,7,14,21,0,4,111,4,119,0,4,118,18,140,214,12,226,366
09/10/2021,SSF,TX,ASW,CE,Federal Contract Tower,0,2,4,2,8,0,4,128,0,132,0,6,132,2,140,156,2,158,298
09/11/2021,SSF,TX,ASW,CE,Federal Contract Tower,0,0,0,2,2,0,16,66,4,86,0,16,66,6,88,102,0,102,190
09/12/2021,SSF,TX,ASW,CE,Federal Contract Tower,0,0,10,2,12,0,9,67,0,76,0,9,77,2,88,96,2,98,186
09/13/2021,SSF,TX,ASW,CE,Federal Contract Tower,0,0,17,0,17,0,1,28,0,29,0,1,45,0,46,16,0,16,62
09/14/2021,SSF,TX,ASW,CE,Federal Contract Tower,0,0,2,8,10,0,0,130,0,130,0,0,132,8,140,194,4,198,338
09/15/2021,SSF,TX,ASW,CE,Federal Contract Tower,0,0,7,2,9,0,4,80,8,92,0,4,87,10,101,210,14,224,325
09/16/2021,SSF,TX,ASW,CE,Federal Contract Tower,0,0,1,20,21,0,12,115,2,129,0,12,116,22,150,254,14,268,418
09/17/2021,SSF,TX,ASW,CE,Federal Contract Tower,0,0,8,6,14,0,6,97,0,103,0,6,105,6,117,144,2,146,263
09/18/2021,SSF,TX,ASW,CE,Federal Contract Tower,0,0,7,14,21,0,15,80,11,106,0,15,87,25,127,148,18,166,293
09/19/2021,SSF,TX,ASW,CE,Federal Contract Tower,0,0,6,0,6,0,10,66,2,78,0,10,72,2,84,144,0,144,228
09/20/2021,SSF,TX,ASW,CE,Federal Contract Tower,0,0,5,11,16,0,5,96,0,101,0,5,101,11,117,74,6,80,197
09/21/2021,SSF,TX,ASW,CE,Federal Contract Tower,0,0,12,6,18,0,1,81,0,82,0,1,93,6,100,190,4,194,294
09/22/2021,SSF,TX,ASW,CE,Federal Contract Tower,0,0,8,16,24,0,2,92,0,94,0,2,100,16,118,106,0,106,224
09/23/2021,SSF,TX,ASW,CE,Federal Contract Tower,0,0,12,12,24,0,0,142,2,144,0,0,154,14,168,312,14,326,494
09/24/2021,SSF,TX,ASW,CE,Federal Contract Tower,0,0,8,6,14,0,6,126,0,132,0,6,134,6,146,184,0,184,330
09/25/2021,SSF,TX,ASW,CE,Federal Contract Tower,0,0,2,0,2,0,20,88,0,108,0,20,90,0,110,198,0,198,308
09/26/2021,SSF,TX,ASW,CE,Federal Contract Tower,0,0,8,0,8,0,6,82,2,90,0,6,90,2,98,120,2,122,220
09/27/2021,SSF,TX,ASW,CE,Federal Contract Tower,0,0,6,16,22,0,2,105,0,107,0,2,111,16,129,120,6,126,255
09/28/2021,SSF,TX,ASW,CE,Federal Contract Tower,0,1,6,10,17,0,3,74,0,77,0,4,80,10,94,150,2,152,246
09/29/2021,SSF,TX,ASW,CE,Federal Contract Tower,0,0,3,12,15,0,8,61,0,69,0,8,64,12,84,84,6,90,174
09/30/2021,SSF,TX,ASW,CE,Federal Contract Tower,0,0,10,10,20,0,7,71,0,78,0,7,81,10,98,108,10,118,216
10/01/2021,SSF,TX,ASW,CE,Federal Contract Tower,0,0,10,6,16,0,0,73,0,73,0,0,83,6,89,220,6,226,315
10/02/2021,SSF,TX,ASW,CE,Federal Contract Tower,0,0,10,0,10,0,5,36,0,41,0,5,46,0,51,64,0,64,115
10/03/2021,SSF,TX,ASW,CE,Federal Contract Tower,0,0,4,0,4,0,2,88,3,93,0,2,92,3,97,140,4,144,241
10/04/2021,SSF,TX,ASW,CE,Federal Contract Tower,0,0,8,8,16,0,3,115,0,118,0,3,123,8,134,220,10,230,364
10/05/2021,SSF,TX,ASW,CE,Federal Contract Tower,0,0,4,4,8,0,2,158,0,160,0,2,162,4,168,182,2,184,352
10/06/2021,SSF,TX,ASW,CE,Federal Contract Tower,0,0,5,17,22,0,4,124,5,133,0,4,129,22,155,168,20,188,343
10/07/2021,SSF,TX,ASW,CE,Federal Contract Tower,0,1,5,9,15,0,2,142,0,144,0,3,147,9,159,136,4,140,299
10/08/2021,SSF,TX,ASW,CE,Federal Contract Tower,0,1,10,6,17,0,2,123,2,127,0,3,133,8,144,138,2,140,284
10/09/2021,SSF,TX,ASW,CE,Federal Contract Tower,0,0,3,0,3,0,1,115,0,116,0,1,118,0,119,128,0,128,247
10/10/2021,SSF,TX,ASW,CE,Federal Contract Tower,0,0,10,0,10,0,9,21,0,30,0,9,31,0,40,18,0,18,58
10/11/2021,SSF,TX,ASW,CE,Federal Contract Tower,0,0,5,0,5,0,2,135,0,137,0,2,140,0,142,114,0,114,256
10/12/2021,SSF,TX,ASW,CE,Federal Contract Tower,0,0,7,2,9,0,1,23,0,24,0,1,30,2,33,46,2,48,81
10/13/2021,SSF,TX,ASW,CE,Federal Contract Tower,0,0,2,2,4,0,1,36,3,40,0,1,38,5,44,44,8,52,96
10/14/2021,SSF,TX,ASW,CE,Federal Contract Tower,0,0,14,2,16,0,6,67,2,75,0,6,81,4,91,128,8,136,227
10/15/2021,SSF,TX,ASW,CE,Federal Contract Tower,0,0,9,2,11,0,5,46,3,54,0,5,55,5,65,46,0,46,111
10/16/2021,SSF,TX,ASW,CE,Federal Contract Tower,0,0,2,4,6,0,17,94,4,115,0,17,96,8,121,130,12,142,263
10/17/2021,SSF,TX,ASW,CE,Federal Contract Tower,0,0,4,0,4,0,2,109,0,111,0,2,113,0,115,240,0,240,355
10/18/2021,SSF,TX,ASW,CE,Federal Contract Tower,0,0,4,8,12,0,8,113,0,121,0,8,117,8,133,194,4,198,331
10/19/2021,SSF,TX,ASW,CE,Federal Contract Tower,0,0,4,10,14,0,9,115,1,125,0,9,119,11,139,152,10,162,301
10/20/2021,SSF,TX,ASW,CE,Federal Contract Tower,0,2,11,8,21,0,4,99,2,105,0,6,110,10,126,264,16,280,406
10/21/2021,SSF,TX,ASW,CE,Federal Contract Tower,0,0,3,18,21,0,2,116,2,120,0,2,119,20,141,356,8,364,505
10/22/2021,SSF,TX,ASW,CE,Federal Contract Tower,0,0,7,10,17,0,6,114,0,120,0,6,121,10,137,254,0,254,391
10/23/2021,SSF,TX,ASW,CE,Federal Contract Tower,0,0,9,2,11,0,0,78,0,78,0,0,87,2,89,146,0,146,235
10/24/2021,SSF,TX,ASW,CE,Federal Contract Tower,0,1,10,2,13,0,0,61,2,63,0,1,71,4,76,170,10,180,256
10/25/2021,SSF,TX,ASW,CE,Federal Contract Tower,0,0,10,26,36,0,0,84,0,84,0,0,94,26,120,116,0,116,236
10/26/2021,SSF,TX,ASW,CE,Federal Contract Tower,0,0,5,22,27,0,0,48,4,52,0,0,53,26,79,84,30,114,193
10/27/2021,SSF,TX,ASW,CE,Federal Contract Tower,0,0,0,2,2,0,0,51,0,51,0,0,51,2,53,52,0,52,105
10/28/2021,SSF,TX,ASW,CE,Federal Contract Tower,0,2,5,23,30,0,6,85,1,92,0,8,90,24,122,118,0,118,240
10/29/2021,SSF,TX,ASW,CE,Federal Contract Tower,0,1,7,8,16,0,25,107,0,132,0,26,114,8,148,114,0,114,262
10/30/2021,SSF,TX,ASW,CE,Federal Contract Tower,0,0,5,0,5,0,8,113,0,121,0,8,118,0,126,136,0,136,262
10/31/2021,SSF,TX,ASW,CE,Federal Contract Tower,0,0,2,0,2,0,0,74,1,75,0,0,76,1,77,184,0,184,261
11/01/2021,SSF,TX,ASW,CE,Federal Contract Tower,0,0,6,16,22,0,3,118,0,121,0,3,124,16,143,218,0,218,361
11/02/2021,SSF,TX,ASW,CE,Federal Contract Tower,0,0,9,11,20,0,5,101,0,106,0,5,110,11,126,162,0,162,288
11/03/2021,SSF,TX,ASW,CE,Federal Contract Tower,0,1,9,4,14,0,0,8,0,8,0,1,17,4,22,0,0,0,22
11/04/2021,SSF,TX,ASW,CE,Federal Contract Tower,0,0,16,20,36,0,5,32,4,41,0,5,48,24,77,96,10,106,183
11/05/2021,SSF,TX,ASW,CE,Federal Contract Tower,0,0,6,8,14,0,2,110,0,112,0,2,116,8,126,206,0,206,332
11/06/2021,SSF,TX,ASW,CE,Federal Contract Tower,0,0,6,2,8,0,2,137,6,145,0,2,143,8,153,282,0,282,435
11/07/2021,SSF,TX,ASW,CE,Federal Contract Tower,0,0,8,0,8,0,10,73,0,83,0,10,81,0,91,126,0,126,217
11/08/2021,SSF,TX,ASW,CE,Federal Contract Tower,0,0,6,22,28,0,0,114,2,116,0,0,120,24,144,280,0,280,424
11/09/2021,SSF,TX,ASW,CE,Federal Contract Tower,0,0,5,12,17,0,1,99,0,100,0,1,104,12,117,152,0,152,269
11/10/2021,SSF,TX,ASW,CE,Federal Contract Tower,0,2,23,10,35,0,2,72,0,74,0,4,95,10,109,158,0,158,267
11/11/2021,SSF,TX,ASW,CE,Federal Contract Tower,0,0,12,2,14,0,4,118,1,123,0,4,130,3,137,164,0,164,301
11/12/2021,SSF,TX,ASW,CE,Federal Contract Tower,0,0,7,18,25,0,11,124,0,135,0,11,131,18,160,234,0,234,394
11/13/2021,SSF,TX,ASW,CE,Federal Contract Tower,0,0,6,0,6,0,17,108,1,126,0,17,114,1,132,120,0,120,252
11/14/2021,SSF,TX,ASW,CE,Federal Contract Tower,0,0,4,2,6,0,1,82,0,83,0,1,86,2,89,162,0,162,251
11/15/2021,SSF,TX,ASW,CE,Federal Contract Tower,0,0,10,14,24,0,2,79,7,88,0,2,89,21,112,216,4,220,332
11/16/2021,SSF,TX,ASW,CE,Federal Contract Tower,0,0,12,2,14,0,0,70,2,72,0,0,82,4,86,62,4,66,152
11/17/2021,SSF,TX,ASW,CE,Federal Contract Tower,0,0,10,8,18,0,4,85,1,90,0,4,95,9,108,206,0,206,314
11/18/2021,SSF,TX,ASW,CE,Federal Contract Tower,0,0,10,6,16,0,6,57,6,69,0,6,67,12,85,98,0,98,183
11/19/2021,SSF,TX,ASW,CE,Federal Contract Tower,0,0,8,15,23,0,6,106,2,114,0,6,114,17,137,224,0,224,361
11/20/2021,SSF,TX,ASW,CE,Federal Contract Tower,0,0,20,14,34,0,2,55,0,57,0,2,75,14,91,172,0,172,263
11/21/2021,SSF,TX,ASW,CE,Federal Contract Tower,0,0,17,0,17,0,15,45,0,60,0,15,62,0,77,160,0,160,237
11/22/2021,SSF,TX,ASW,CE,Federal Contract Tower,0,1,10,16,27,0,0,94,0,94,0,1,104,16,121,90,0,90,211
11/23/2021,SSF,TX,ASW,CE,Federal Contract Tower,0,0,12,23,35,0,6,106,0,112,0,6,118,23,147,198,0,198,345
11/24/2021,SSF,TX,ASW,CE,Federal Contract Tower,0,0,25,18,43,0,2,58,0,60,0,2,83,18,103,124,0,124,227
11/25/2021,SSF,TX,ASW,CE,Federal Contract Tower,0,0,0,0,0,0,1,14,0,15,0,1,14,0,15,0,0,0,15
11/26/2021,SSF,TX,ASW,CE,Federal Contract Tower,0,0,5,2,7,0,2,81,0,83,0,2,86,2,90,162,0,162,252
11/27/2021,SSF,TX,ASW,CE,Federal Contract Tower,0,0,6,0,6,0,0,6,0,6,0,0,12,0,12,2,0,2,14
11/28/2021,SSF,TX,ASW,CE,Federal Contract Tower,0,0,3,0,3,0,12,86,0,98,0,12,89,0,101,162,0,162,263
11/29/2021,SSF,TX,ASW,CE,Federal Contract Tower,0,0,5,18,23,0,1,84,0,85,0,1,89,18,108,202,0,202,310
11/30/2021,SSF,TX,ASW,CE,Federal Contract Tower,0,2,11,22,35,0,3,127,4,134,0,5,138,26,169,226,0,226,395
12/01/2021,SSF,TX,ASW,CE,Federal Contract Tower,0,0,15,14,29,0,0,87,1,88,0,0,102,15,117,192,0,192,309
12/02/2021,SSF,TX,ASW,CE,Federal Contract Tower,0,0,20,4,24,0,5,41,3,49,0,5,61,7,73,118,22,140,213
12/03/2021,SSF,TX,ASW,CE,Federal Contract Tower,0,0,16,6,22,0,6,51,1,58,0,6,67,7,80,112,0,112,192
12/04/2021,SSF,TX,ASW,CE,Federal Contract Tower,0,0,25,0,25,0,6,52,0,58,0,6,77,0,83,118,0,118,201
12/05/2021,SSF,TX,ASW,CE,Federal Contract Tower,0,0,24,5,29,0,2,23,0,25,0,2,47,5,54,72,0,72,126
12/06/2021,SSF,TX,ASW,CE,Federal Contract Tower,0,0,19,16,35,0,0,54,0,54,0,0,73,16,89,48,0,48,137
12/07/2021,SSF,TX,ASW,CE,Federal Contract Tower,0,0,5,15,20,0,2,131,0,133,0,2,136,15,153,132,0,132,285
12/08/2021,SSF,TX,ASW,CE,Federal Contract Tower,0,1,11,11,23,0,5,114,1,120,0,6,125,12,143,198,0,198,341
12/09/2021,SSF,TX,ASW,CE,Federal Contract Tower,0,0,12,10,22,0,6,51,0,57,0,6,63,10,79,104,0,104,183
12/10/2021,SSF,TX,ASW,CE,Federal Contract Tower,0,0,11,16,27,0,8,44,5,57,0,8,55,21,84,88,36,124,208
12/11/2021,SSF,TX,ASW,CE,Federal Contract Tower,0,0,4,4,8,0,15,32,0,47,0,15,36,4,55,34,0,34,89
12/12/2021,SSF,TX,ASW,CE,Federal Contract Tower,0,0,6,4,10,0,9,82,0,91,0,9,88,4,101,82,0,82,183
12/13/2021,SSF,TX,ASW,CE,Federal Contract Tower,0,0,17,15,32,0,7,41,1,49,0,7,58,16,81,176,0,176,257
12/14/2021,SSF,TX,ASW,CE,Federal Contract Tower,0,0,14,16,30,0,0,29,3,32,0,0,43,19,62,74,10,84,146
12/15/2021,SSF,TX,ASW,CE,Federal Contract Tower,0,0,20,23,43,0,13,60,1,74,0,13,80,24,117,100,0,100,217
12/16/2021,SSF,TX,ASW,CE,Federal Contract Tower,0,0,16,12,28,0,2,65,0,67,0,2,81,12,95,178,0,178,273
12/17/2021,SSF,TX,ASW,CE,Federal Contract Tower,0,0,30,6,36,0,14,63,0,77,0,14,93,6,113,52,0,52,165
12/18/2021,SSF,TX,ASW,CE,Federal Contract Tower,0,0,3,0,3,0,11,6,0,17,0,11,9,0,20,28,0,28,48
12/19/2021,SSF,TX,ASW,CE,Federal Contract Tower,0,0,1,0,1,0,12,51,0,63,0,12,52,0,64,48,0,48,112
12/20/2021,SSF,TX,ASW,CE,Federal Contract Tower,0,0,8,4,12,0,1,111,0,112,0,1,119,4,124,166,0,166,290
12/21/2021,SSF,TX,ASW,CE,Federal Contract Tower,0,0,8,20,28,0,7,132,0,139,0,7,140,20,167,128,0,128,295
12/22/2021,SSF,TX,ASW,CE,Federal Contract Tower,0,1,5,27,33,0,19,115,0,134,0,20,120,27,167,100,0,100,267
12/23/2021,SSF,TX,ASW,CE,Federal Contract Tower,0,0,7,0,7,0,2,35,0,37,0,2,42,0,44,90,0,90,134
12/24/2021,SSF,TX,ASW,CE,Federal Contract Tower,0,0,4,0,4,0,0,28,0,28,0,0,32,0,32,50,0,50,82
12/25/2021,SSF,TX,ASW,CE,Federal Contract Tower,0,0,5,0,5,0,0,28,0,28,0,0,33,0,33,4,0,4,37
12/26/2021,SSF,TX,ASW,CE,Federal Contract Tower,0,0,1,0,1,0,1,20,0,21,0,1,21,0,22,8,0,8,30
12/27/2021,SSF,TX,ASW,CE,Federal Contract Tower,0,0,6,2,8,0,0,75,0,75,0,0,81,2,83,100,0,100,183
12/28/2021,SSF,TX,ASW,CE,Federal Contract Tower,0,0,18,0,18,0,2,54,0,56,0,2,72,0,74,198,0,198,272
12/29/2021,SSF,TX,ASW,CE,Federal Contract Tower,0,0,9,1,10,0,9,63,1,73,0,9,72,2,83,76,0,76,159
12/30/2021,SSF,TX,ASW,CE,Federal Contract Tower,0,0,9,0,9,0,14,79,0,93,0,14,88,0,102,116,0,116,218
12/31/2021,SSF,TX,ASW,CE,Federal Contract Tower,0,0,4,0,4,0,1,25,0,26,0,1,29,0,30,22,0,22,52
01/01/2022,SSF,TX,ASW,CE,Federal Contract Tower,0,0,3,0,3,0,3,54,0,57,0,3,57,0,60,58,0,58,118
01/02/2022,SSF,TX,ASW,CE,Federal Contract Tower,0,0,6,0,6,0,6,27,0,33,0,6,33,0,39,24,0,24,63
01/03/2022,SSF,TX,ASW,CE,Federal Contract Tower,0,0,0,0,0,0,7,104,0,111,0,7,104,0,111,148,0,148,259
01/04/2022,SSF,TX,ASW,CE,Federal Contract Tower,0,0,5,2,7,0,1,72,1,74,0,1,77,3,81,42,0,42,123
01/05/2022,SSF,TX,ASW,CE,Federal Contract Tower,0,0,12,11,23,0,6,97,4,107,0,6,109,15,130,206,0,206,336
01/06/2022,SSF,TX,ASW,CE,Federal Contract Tower,0,0,4,8,12,0,0,90,2,92,0,0,94,10,104,126,4,130,234
01/07/2022,SSF,TX,ASW,CE,Federal Contract Tower,0,0,18,10,28,0,6,37,2,45,0,6,55,12,73,120,0,120,193
01/08/2022,SSF,TX,ASW,CE,Federal Contract Tower,0,0,0,0,0,0,0,0,0,0,0,0,0,0,0,0,0,0,0
01/09/2022,SSF,TX,ASW,CE,Federal Contract Tower,0,0,4,8,12,0,5,57,0,62,0,5,61,8,74,146,8,154,228
01/10/2022,SSF,TX,ASW,CE,Federal Contract Tower,0,0,8,18,26,0,4,76,0,80,0,4,84,18,106,84,0,84,190
01/11/2022,SSF,TX,ASW,CE,Federal Contract Tower,0,0,11,18,29,0,5,81,4,90,0,5,92,22,119,130,6,136,255
01/12/2022,SSF,TX,ASW,CE,Federal Contract Tower,0,0,2,22,24,0,4,95,0,99,0,4,97,22,123,244,0,244,367
01/13/2022,SSF,TX,ASW,CE,Federal Contract Tower,0,0,13,24,37,0,2,131,0,133,0,2,144,24,170,256,2,258,428
01/14/2022,SSF,TX,ASW,CE,Federal Contract Tower,0,0,11,12,23,0,4,127,0,131,0,4,138,12,154,172,4,176,330
01/15/2022,SSF,TX,ASW,CE,Federal Contract Tower,0,0,0,0,0,0,2,12,0,14,0,2,12,0,14,0,0,0,14
01/16/2022,SSF,TX,ASW,CE,Federal Contract Tower,0,0,1,0,1,0,10,83,0,93,0,10,84,0,94,88,0,88,182
01/17/2022,SSF,TX,ASW,CE,Federal Contract Tower,0,0,1,4,5,0,3,120,0,123,0,3,121,4,128,168,0,168,296
01/18/2022,SSF,TX,ASW,CE,Federal Contract Tower,0,0,1,10,11,0,3,99,2,104,0,3,100,12,115,130,0,130,245
01/19/2022,SSF,TX,ASW,CE,Federal Contract Tower,0,0,11,18,29,0,1,58,0,59,0,1,69,18,88,160,0,160,248
01/20/2022,SSF,TX,ASW,CE,Federal Contract Tower,0,0,1,17,18,0,0,17,0,17,0,0,18,17,35,54,0,54,89
01/21/2022,SSF,TX,ASW,CE,Federal Contract Tower,0,0,6,16,22,0,3,87,2,92,0,3,93,18,114,182,0,182,296
01/22/2022,SSF,TX,ASW,CE,Federal Contract Tower,0,0,17,13,30,0,8,71,1,80,0,8,88,14,110,142,0,142,252
01/23/2022,SSF,TX,ASW,CE,Federal Contract Tower,0,0,14,2,16,0,0,73,3,76,0,0,87,5,92,156,0,156,248
01/24/2022,SSF,TX,ASW,CE,Federal Contract Tower,0,1,6,16,23,0,0,15,0,15,0,1,21,16,38,22,0,22,60
01/25/2022,SSF,TX,ASW,CE,Federal Contract Tower,0,0,12,8,20,0,3,63,0,66,0,3,75,8,86,160,0,160,246
01/26/2022,SSF,TX,ASW,CE,Federal Contract Tower,0,0,17,10,27,0,6,87,0,93,0,6,104,10,120,260,0,260,380
01/27/2022,SSF,TX,ASW,CE,Federal Contract Tower,0,0,9,12,21,0,1,123,0,124,0,1,132,12,145,230,0,230,375
01/28/2022,SSF,TX,ASW,CE,Federal Contract Tower,0,0,4,28,32,0,10,89,0,99,0,10,93,28,131,122,0,122,253
01/29/2022,SSF,TX,ASW,CE,Federal Contract Tower,0,0,2,4,6,0,16,88,1,105,0,16,90,5,111,134,0,134,245
01/30/2022,SSF,TX,ASW,CE,Federal Contract Tower,0,0,6,0,6,0,3,97,2,102,0,3,103,2,108,130,0,130,238
01/31/2022,SSF,TX,ASW,CE,Federal Contract Tower,0,0,11,0,11,0,0,4,0,4,0,0,15,0,15,8,0,8,23
02/01/2022,SSF,TX,ASW,CE,Federal Contract Tower,0,0,9,11,20,0,5,97,4,106,0,5,106,15,126,220,6,226,352
02/02/2022,SSF,TX,ASW,CE,Federal Contract Tower,0,0,4,0,4,0,0,0,0,0,0,0,4,0,4,0,0,0,4
02/03/2022,SSF,TX,ASW,CE,Federal Contract Tower,0,0,0,0,0,0,0,9,0,9,0,0,9,0,9,0,0,0,9
02/04/2022,SSF,TX,ASW,CE,Federal Contract Tower,0,0,5,0,5,0,5,34,0,39,0,5,39,0,44,32,0,32,76
02/05/2022,SSF,TX,ASW,CE,Federal Contract Tower,0,1,6,0,7,0,8,104,8,120,0,9,110,8,127,160,0,160,287
02/06/2022,SSF,TX,ASW,CE,Federal Contract Tower,0,0,3,0,3,0,6,70,2,78,0,6,73,2,81,126,0,126,207
02/07/2022,SSF,TX,ASW,CE,Federal Contract Tower,0,0,4,11,15,0,3,103,2,108,0,3,107,13,123,62,0,62,185
02/08/2022,SSF,TX,ASW,CE,Federal Contract Tower,0,0,7,10,17,0,0,107,1,108,0,0,114,11,125,248,0,248,373
02/09/2022,SSF,TX,ASW,CE,Federal Contract Tower,0,2,8,16,26,0,2,125,0,127,0,4,133,16,153,188,0,188,341
02/10/2022,SSF,TX,ASW,CE,Federal Contract Tower,0,2,11,18,31,0,6,115,4,125,0,8,126,22,156,206,0,206,362
02/11/2022,SSF,TX,ASW,CE,Federal Contract Tower,0,3,7,8,18,0,3,87,1,91,0,6,94,9,109,130,0,130,239
02/12/2022,SSF,TX,ASW,CE,Federal Contract Tower,0,0,6,8,14,0,27,15,0,42,0,27,21,8,56,12,0,12,68
02/13/2022,SSF,TX,ASW,CE,Federal Contract Tower,0,0,3,8,11,0,29,77,3,109,0,29,80,11,120,214,0,214,334
02/14/2022,SSF,TX,ASW,CE,Federal Contract Tower,0,0,7,17,24,0,36,95,3,134,0,36,102,20,158,196,0,196,354
02/15/2022,SSF,TX,ASW,CE,Federal Contract Tower,0,0,10,23,33,0,5,103,3,111,0,5,113,26,144,266,4,270,414
02/16/2022,SSF,TX,ASW,CE,Federal Contract Tower,0,0,20,13,33,0,0,62,2,64,0,0,82,15,97,180,22,202,299
02/17/2022,SSF,TX,ASW,CE,Federal Contract Tower,0,0,4,6,10,0,5,65,6,76,0,5,69,12,86,74,22,96,182
02/18/2022,SSF,TX,ASW,CE,Federal Contract Tower,0,0,14,16,30,0,22,106,3,131,0,22,120,19,161,164,0,164,325
02/19/2022,SSF,TX,ASW,CE,Federal Contract Tower,0,1,6,0,7,0,13,113,4,130,0,14,119,4,137,200,16,216,353
02/20/2022,SSF,TX,ASW,CE,Federal Contract Tower,0,0,9,0,9,0,13,65,2,80,0,13,74,2,89,158,0,158,247
02/21/2022,SSF,TX,ASW,CE,Federal Contract Tower,0,0,16,0,16,0,4,66,4,74,0,4,82,4,90,52,0,52,142
02/22/2022,SSF,TX,ASW,CE,Federal Contract Tower,0,0,26,16,42,0,8,82,4,94,0,8,108,20,136,174,0,174,310
02/23/2022,SSF,TX,ASW,CE,Federal Contract Tower,0,0,7,0,7,0,3,13,0,16,0,3,20,0,23,22,0,22,45
02/24/2022,SSF,TX,ASW,CE,Federal Contract Tower,0,0,3,12,15,0,0,2,0,2,0,0,5,12,17,0,0,0,17
02/25/2022,SSF,TX,ASW,CE,Federal Contract Tower,0,0,6,10,16,0,6,36,0,42,0,6,42,10,58,140,0,140,198
02/26/2022,SSF,TX,ASW,CE,Federal Contract Tower,0,0,0,2,2,0,0,0,0,0,0,0,0,2,2,0,0,0,2
02/27/2022,SSF,TX,ASW,CE,Federal Contract Tower,0,0,8,4,12,0,9,81,0,90,0,9,89,4,102,90,0,90,192
02/28/2022,SSF,TX,ASW,CE,Federal Contract Tower,0,0,2,19,21,0,1,112,3,116,0,1,114,22,137,188,0,188,325
03/01/2022,SSF,TX,ASW,CE,Federal Contract Tower,0,0,8,18,26,0,0,89,0,89,0,0,97,18,115,110,0,110,225
03/02/2022,SSF,TX,ASW,CE,Federal Contract Tower,0,0,10,16,26,0,4,119,1,124,0,4,129,17,150,160,0,160,310
03/03/2022,SSF,TX,ASW,CE,Federal Contract Tower,0,1,27,14,42,0,3,101,1,105,0,4,128,15,147,274,0,274,421
03/04/2022,SSF,TX,ASW,CE,Federal Contract Tower,0,1,13,4,18,0,2,60,0,62,0,3,73,4,80,122,0,122,202
03/05/2022,SSF,TX,ASW,CE,Federal Contract Tower,0,0,12,0,12,0,15,53,20,88,0,15,65,20,100,180,4,184,284
03/06/2022,SSF,TX,ASW,CE,Federal Contract Tower,0,0,6,0,6,0,0,14,2,16,0,0,20,2,22,46,0,46,68
03/07/2022,SSF,TX,ASW,CE,Federal Contract Tower,0,0,6,25,31,0,0,36,3,39,0,0,42,28,70,64,0,64,134
03/08/2022,SSF,TX,ASW,CE,Federal Contract Tower,0,0,7,24,31,0,2,63,0,65,0,2,70,24,96,100,0,100,196
03/09/2022,SSF,TX,ASW,CE,Federal Contract Tower,0,0,9,24,33,0,0,124,4,128,0,0,133,28,161,216,0,216,377
03/10/2022,SSF,TX,ASW,CE,Federal Contract Tower,0,0,3,27,30,0,0,131,4,135,0,0,134,31,165,182,2,184,349
03/11/2022,SSF,TX,ASW,CE,Federal Contract Tower,0,0,7,15,22,0,5,16,7,28,0,5,23,22,50,14,20,34,84
03/12/2022,SSF,TX,ASW,CE,Federal Contract Tower,0,0,4,2,6,0,12,102,6,120,0,12,106,8,126,154,0,154,280
03/13/2022,SSF,TX,ASW,CE,Federal Contract Tower,0,0,9,2,11,0,21,60,1,82,0,21,69,3,93,128,10,138,231
03/14/2022,SSF,TX,ASW,CE,Federal Contract Tower,0,0,6,26,32,0,5,64,0,69,0,5,70,26,101,48,0,48,149
03/15/2022,SSF,TX,ASW,CE,Federal Contract Tower,0,0,3,14,17,0,7,106,1,114,0,7,109,15,131,180,0,180,311
03/16/2022,SSF,TX,ASW,CE,Federal Contract Tower,0,0,5,16,21,0,12,110,2,124,0,12,115,18,145,124,10,134,279
03/17/2022,SSF,TX,ASW,CE,Federal Contract Tower,0,0,10,26,36,0,10,46,0,56,0,10,56,26,92,176,0,176,268
03/18/2022,SSF,TX,ASW,CE,Federal Contract Tower,0,0,3,12,15,0,9,89,0,98,0,9,92,12,113,110,0,110,223
03/19/2022,SSF,TX,ASW,CE,Federal Contract Tower,0,0,5,0,5,0,26,93,0,119,0,26,98,0,124,234,0,234,358
03/20/2022,SSF,TX,ASW,CE,Federal Contract Tower,0,0,2,2,4,0,16,72,0,88,0,16,74,2,92,198,0,198,290
03/21/2022,SSF,TX,ASW,CE,Federal Contract Tower,0,0,1,0,1,0,4,12,0,16,0,4,13,0,17,12,0,12,29
03/22/2022,SSF,TX,ASW,CE,Federal Contract Tower,0,2,8,28,38,0,2,81,0,83,0,4,89,28,121,102,0,102,223
03/23/2022,SSF,TX,ASW,CE,Federal Contract Tower,0,0,6,27,33,0,2,99,2,103,0,2,105,29,136,212,0,212,348
03/24/2022,SSF,TX,ASW,CE,Federal Contract Tower,0,2,9,16,27,0,1,109,2,112,0,3,118,18,139,178,0,178,317
03/25/2022,SSF,TX,ASW,CE,Federal Contract Tower,0,0,10,2,12,0,3,125,3,131,0,3,135,5,143,248,0,248,391
03/26/2022,SSF,TX,ASW,CE,Federal Contract Tower,0,0,9,18,27,0,4,66,6,76,0,4,75,24,103,180,6,186,289
03/27/2022,SSF,TX,ASW,CE,Federal Contract Tower,0,0,7,0,7,0,3,104,2,109,0,3,111,2,116,172,10,182,298
03/28/2022,SSF,TX,ASW,CE,Federal Contract Tower,0,2,4,22,28,0,6,79,0,85,0,8,83,22,113,160,0,160,273
03/29/2022,SSF,TX,ASW,CE,Federal Contract Tower,0,2,16,20,38,0,2,51,0,53,0,4,67,20,91,98,0,98,189
03/30/2022,SSF,TX,ASW,CE,Federal Contract Tower,0,0,8,5,13,0,3,59,5,67,0,3,67,10,80,62,8,70,150
03/31/2022,SSF,TX,ASW,CE,Federal Contract Tower,0,2,4,10,16,0,8,144,3,155,0,10,148,13,171,324,0,324,495
04/01/2022,SSF,TX,ASW,CE,Federal Contract Tower,0,0,7,33,40,0,7,108,1,116,0,7,115,34,156,232,0,232,388
04/02/2022,SSF,TX,ASW,CE,Federal Contract Tower,0,0,10,2,12,0,20,83,3,106,0,20,93,5,118,132,0,132,250
04/03/2022,SSF,TX,ASW,CE,Federal Contract Tower,0,0,6,4,10,0,4,74,0,78,0,4,80,4,88,112,0,112,200
04/04/2022,SSF,TX,ASW,CE,Federal Contract Tower,0,0,17,27,44,0,0,38,1,39,0,0,55,28,83,80,0,80,163
04/05/2022,SSF,TX,ASW,CE,Federal Contract Tower,0,0,11,38,49,0,1,86,4,91,0,1,97,42,140,90,8,98,238
04/06/2022,SSF,TX,ASW,CE,Federal Contract Tower,0,0,10,16,26,0,3,43,0,46,0,3,53,16,72,56,0,56,128
04/07/2022,SSF,TX,ASW,CE,Federal Contract Tower,0,0,9,31,40,0,2,123,6,131,0,2,132,37,171,138,0,138,309
04/08/2022,SSF,TX,ASW,CE,Federal Contract Tower,0,0,6,20,26,0,12,119,2,133,0,12,125,22,159,230,0,230,389
04/09/2022,SSF,TX,ASW,CE,Federal Contract Tower,0,0,3,0,3,0,10,97,4,111,0,10,100,4,114,102,0,102,216
04/10/2022,SSF,TX,ASW,CE,Federal Contract Tower,0,0,5,1,6,0,2,55,0,57,0,2,60,1,63,106,0,106,169
04/11/2022,SSF,TX,ASW,CE,Federal Contract Tower,0,0,16,22,38,0,2,68,3,73,0,2,84,25,111,258,6,264,375
04/12/2022,SSF,TX,ASW,CE,Federal Contract Tower,0,0,10,18,28,0,1,67,2,70,0,1,77,20,98,180,0,180,278
04/13/2022,SSF,TX,ASW,CE,Federal Contract Tower,0,0,12,16,28,0,6,66,2,74,0,6,78,18,102,74,0,74,176
04/14/2022,SSF,TX,ASW,CE,Federal Contract Tower,0,0,11,28,39,0,2,119,4,125,0,2,130,32,164,220,6,226,390
04/15/2022,SSF,TX,ASW,CE,Federal Contract Tower,0,0,14,19,33,0,16,39,4,59,0,16,53,23,92,142,10,152,244
04/16/2022,SSF,TX,ASW,CE,Federal Contract Tower,0,0,14,0,14,0,10,61,0,71,0,10,75,0,85,198,0,198,283
04/17/2022,SSF,TX,ASW,CE,Federal Contract Tower,0,0,12,4,16,0,1,16,2,19,0,1,28,6,35,6,4,10,45
04/18/2022,SSF,TX,ASW,CE,Federal Contract Tower,0,0,6,24,30,0,8,99,1,108,0,8,105,25,138,254,8,262,400
04/19/2022,SSF,TX,ASW,CE,Federal Contract Tower,0,1,26,8,35,0,2,45,0,47,0,3,71,8,82,208,0,208,290
04/20/2022,SSF,TX,ASW,CE,Federal Contract Tower,0,0,27,6,33,0,6,76,0,82,0,6,103,6,115,166,4,170,285
04/21/2022,SSF,TX,ASW,CE,Federal Contract Tower,0,1,18,8,27,0,0,54,0,54,0,1,72,8,81,80,0,80,161
04/22/2022,SSF,TX,ASW,CE,Federal Contract Tower,0,0,10,0,10,0,10,63,0,73,0,10,73,0,83,68,0,68,151
04/23/2022,SSF,TX,ASW,CE,Federal Contract Tower,0,0,4,0,4,0,2,33,0,35,0,2,37,0,39,46,0,46,85
04/24/2022,SSF,TX,ASW,CE,Federal Contract Tower,0,1,5,0,6,0,13,43,3,59,0,14,48,3,65,42,0,42,107
04/25/2022,SSF,TX,ASW,CE,Federal Contract Tower,0,0,1,0,1,0,0,18,0,18,0,0,19,0,19,2,0,2,21
04/26/2022,SSF,TX,ASW,CE,Federal Contract Tower,0,0,11,8,19,0,1,111,1,113,0,1,122,9,132,118,0,118,250
04/27/2022,SSF,TX,ASW,CE,Federal Contract Tower,0,0,11,13,24,0,0,133,2,135,0,0,144,15,159,256,0,256,415
04/28/2022,SSF,TX,ASW,CE,Federal Contract Tower,0,0,14,25,39,0,2,90,0,92,0,2,104,25,131,76,0,76,207
04/29/2022,SSF,TX,ASW,CE,Federal Contract Tower,0,0,7,18,25,0,8,59,0,67,0,8,66,18,92,146,0,146,238
04/30/2022,SSF,TX,ASW,CE,Federal Contract Tower,0,2,13,0,15,0,6,43,0,49,0,8,56,0,64,100,0,100,164
05/01/2022,SSF,TX,ASW,CE,Federal Contract Tower,0,1,8,1,10,0,14,46,3,63,0,15,54,4,73,60,0,60,133
05/02/2022,SSF,TX,ASW,CE,Federal Contract Tower,0,0,16,18,34,0,2,50,0,52,0,2,66,18,86,74,0,74,160
05/03/2022,SSF,TX,ASW,CE,Federal Contract Tower,0,0,9,25,34,0,2,106,2,110,0,2,115,27,144,303,0,303,447
05/04/2022,SSF,TX,ASW,CE,Federal Contract Tower,0,0,25,2,27,0,7,60,0,67,0,7,85,2,94,0,0,0,94
05/05/2022,SSF,TX,ASW,CE,Federal Contract Tower,0,0,14,16,30,0,2,49,0,51,0,2,63,16,81,68,0,68,149
05/06/2022,SSF,TX,ASW,CE,Federal Contract Tower,0,2,19,16,37,0,6,124,1,131,0,8,143,17,168,115,12,127,295
05/07/2022,SSF,TX,ASW,CE,Federal Contract Tower,0,0,12,0,12,0,16,117,17,150,0,16,129,17,162,96,0,96,258
05/08/2022,SSF,TX,ASW,CE,Federal Contract Tower,0,0,7,0,7,0,12,43,0,55,0,12,50,0,62,74,0,74,136
05/09/2022,SSF,TX,ASW,CE,Federal Contract Tower,0,0,12,14,26,0,2,77,0,79,0,2,89,14,105,44,0,44,149
05/10/2022,SSF,TX,ASW,CE,Federal Contract Tower,0,0,14,24,38,0,0,88,1,89,0,0,102,25,127,150,0,150,277
05/11/2022,SSF,TX,ASW,CE,Federal Contract Tower,0,0,14,23,37,0,1,90,0,91,0,1,104,23,128,134,0,134,262
05/12/2022,SSF,TX,ASW,CE,Federal Contract Tower,0,0,21,14,35,0,0,86,2,88,0,0,107,16,123,120,0,120,243
05/13/2022,SSF,TX,ASW,CE,Federal Contract Tower,0,2,5,18,25,0,4,96,0,100,0,6,101,18,125,120,0,120,245
05/14/2022,SSF,TX,ASW,CE,Federal Contract Tower,0,0,7,0,7,0,18,61,2,81,0,18,68,2,88,66,0,66,154
05/15/2022,SSF,TX,ASW,CE,Federal Contract Tower,0,2,7,0,9,0,5,74,0,79,0,7,81,0,88,99,0,99,187
05/16/2022,SSF,TX,ASW,CE,Federal Contract Tower,0,0,19,16,35,0,2,98,5,105,0,2,117,21,140,144,0,144,284
05/17/2022,SSF,TX,ASW,CE,Federal Contract Tower,0,0,5,14,19,0,4,114,2,120,0,4,119,16,139,104,16,120,259
05/18/2022,SSF,TX,ASW,CE,Federal Contract Tower,0,0,12,26,38,0,3,83,1,87,0,3,95,27,125,116,0,116,241
05/19/2022,SSF,TX,ASW,CE,Federal Contract Tower,0,0,7,24,31,0,0,90,0,90,0,0,97,24,121,96,0,96,217
05/20/2022,SSF,TX,ASW,CE,Federal Contract Tower,0,0,9,14,23,0,7,60,0,67,0,7,69,14,90,70,0,70,160
05/21/2022,SSF,TX,ASW,CE,Federal Contract Tower,0,0,5,0,5,0,9,54,0,63,0,9,59,0,68,134,0,134,202
05/22/2022,SSF,TX,ASW,CE,Federal Contract Tower,0,0,2,4,6,0,0,50,0,50,0,0,52,4,56,80,0,80,136
05/23/2022,SSF,TX,ASW,CE,Federal Contract Tower,0,0,9,16,25,0,0,22,0,22,0,0,31,16,47,28,0,28,75
05/24/2022,SSF,TX,ASW,CE,Federal Contract Tower,0,0,4,10,14,0,2,72,0,74,0,2,76,10,88,74,0,74,162
05/25/2022,SSF,TX,ASW,CE,Federal Contract Tower,0,0,4,10,14,0,1,97,1,99,0,1,101,11,113,212,0,212,325
05/26/2022,SSF,TX,ASW,CE,Federal Contract Tower,0,0,0,18,18,0,2,123,1,126,0,2,123,19,144,222,0,222,366
05/27/2022,SSF,TX,ASW,CE,Federal Contract Tower,0,0,11,2,13,0,4,83,0,87,0,4,94,2,100,180,0,180,280
05/28/2022,SSF,TX,ASW,CE,Federal Contract Tower,0,0,6,1,7,0,16,54,1,71,0,16,60,2,78,66,0,66,144
05/29/2022,SSF,TX,ASW,CE,Federal Contract Tower,0,0,3,0,3,0,6,19,0,25,0,6,22,0,28,6,0,6,34
05/30/2022,SSF,TX,ASW,CE,Federal Contract Tower,0,0,6,0,6,0,0,33,0,33,0,0,39,0,39,44,0,44,83
05/31/2022,SSF,TX,ASW,CE,Federal Contract Tower,0,0,5,29,34,0,3,57,0,60,0,3,62,29,94,70,0,70,164
06/01/2022,SSF,TX,ASW,CE,Federal Contract Tower,0,0,13,6,19,0,0,102,0,102,0,0,115,6,121,222,0,222,343
06/02/2022,SSF,TX,ASW,CE,Federal Contract Tower,0,0,4,6,10,0,1,87,0,88,0,1,91,6,98,254,0,254,352
06/03/2022,SSF,TX,ASW,CE,Federal Contract Tower,0,2,7,10,19,0,8,128,2,138,0,10,135,12,157,320,0,320,477
06/04/2022,SSF,TX,ASW,CE,Federal Contract Tower,0,0,6,0,6,0,9,111,6,126,0,9,117,6,132,232,4,236,368
06/05/2022,SSF,TX,ASW,CE,Federal Contract Tower,0,0,2,0,2,0,4,81,0,85,0,4,83,0,87,154,0,154,241
06/06/2022,SSF,TX,ASW,CE,Federal Contract Tower,0,0,2,6,8,0,9,74,0,83,0,9,76,6,91,68,0,68,159
06/07/2022,SSF,TX,ASW,CE,Federal Contract Tower,0,0,2,24,26,0,5,82,0,87,0,5,84,24,113,106,0,106,219
06/08/2022,SSF,TX,ASW,CE,Federal Contract Tower,0,0,3,21,24,0,0,96,0,96,0,0,99,21,120,134,0,134,254
06/09/2022,SSF,TX,ASW,CE,Federal Contract Tower,0,2,7,14,23,0,10,96,0,106,0,12,103,14,129,238,2,240,369
06/10/2022,SSF,TX,ASW,CE,Federal Contract Tower,0,0,10,12,22,0,11,77,2,90,0,11,87,14,112,202,0,202,314
06/11/2022,SSF,TX,ASW,CE,Federal Contract Tower,0,0,5,0,5,0,7,59,6,72,0,7,64,6,77,72,0,72,149
06/12/2022,SSF,TX,ASW,CE,Federal Contract Tower,0,0,7,0,7,0,2,52,0,54,0,2,59,0,61,46,0,46,107
06/13/2022,SSF,TX,ASW,CE,Federal Contract Tower,0,0,2,20,22,0,0,62,0,62,0,0,64,20,84,40,0,40,124
06/14/2022,SSF,TX,ASW,CE,Federal Contract Tower,0,0,6,22,28,0,0,34,0,34,0,0,40,22,62,80,0,80,142
06/15/2022,SSF,TX,ASW,CE,Federal Contract Tower,0,0,2,34,36,0,4,65,0,69,0,4,67,34,105,158,0,158,263
06/16/2022,SSF,TX,ASW,CE,Federal Contract Tower,0,0,10,12,22,0,5,95,0,100,0,5,105,12,122,68,0,68,190
06/17/2022,SSF,TX,ASW,CE,Federal Contract Tower,0,0,11,12,23,0,7,69,0,76,0,7,80,12,99,94,0,94,193
06/18/2022,SSF,TX,ASW,CE,Federal Contract Tower,0,0,11,1,12,0,10,103,4,117,0,10,114,5,129,234,0,234,363
06/19/2022,SSF,TX,ASW,CE,Federal Contract Tower,0,0,8,0,8,0,0,45,4,49,0,0,53,4,57,64,18,82,139
06/20/2022,SSF,TX,ASW,CE,Federal Contract Tower,0,0,16,0,16,0,11,82,1,94,0,11,98,1,110,126,0,126,236
06/21/2022,SSF,TX,ASW,CE,Federal Contract Tower,0,2,9,24,35,0,2,103,2,107,0,4,112,26,142,178,0,178,320
06/22/2022,SSF,TX,ASW,CE,Federal Contract Tower,0,0,7,18,25,0,10,90,0,100,0,10,97,18,125,166,0,166,291
06/23/2022,SSF,TX,ASW,CE,Federal Contract Tower,0,0,8,18,26,0,0,98,0,98,0,0,106,18,124,202,0,202,326
06/24/2022,SSF,TX,ASW,CE,Federal Contract Tower,0,0,3,20,23,0,7,78,0,85,0,7,81,20,108,130,0,130,238
06/25/2022,SSF,TX,ASW,CE,Federal Contract Tower,0,0,11,1,12,0,6,64,1,71,0,6,75,2,83,90,0,90,173
06/26/2022,SSF,TX,ASW,CE,Federal Contract Tower,0,0,4,4,8,0,0,46,1,47,0,0,50,5,55,214,0,214,269
06/27/2022,SSF,TX,ASW,CE,Federal Contract Tower,0,0,6,14,20,0,2,43,0,45,0,2,49,14,65,108,0,108,173
06/28/2022,SSF,TX,ASW,CE,Federal Contract Tower,0,0,4,10,14,0,2,44,0,46,0,2,48,10,60,26,0,26,86
06/29/2022,SSF,TX,ASW,CE,Federal Contract Tower,0,0,1,24,25,0,2,93,0,95,0,2,94,24,120,196,0,196,316
06/30/2022,SSF,TX,ASW,CE,Federal Contract Tower,0,0,9,10,19,0,2,91,0,93,0,2,100,10,112,232,0,232,344
07/01/2022,SSF,TX,ASW,CE,Federal Contract Tower,0,0,13,0,13,0,0,86,0,86,0,0,99,0,99,180,0,180,279
07/02/2022,SSF,TX,ASW,CE,Federal Contract Tower,0,0,7,0,7,0,1,77,7,85,0,1,84,7,92,152,0,152,244
07/03/2022,SSF,TX,ASW,CE,Federal Contract Tower,0,0,13,0,13,0,0,63,0,63,0,0,76,0,76,96,0,96,172
07/04/2022,SSF,TX,ASW,CE,Federal Contract Tower,0,0,12,0,12,0,0,41,0,41,0,0,53,0,53,12,0,12,65
07/05/2022,SSF,TX,ASW,CE,Federal Contract Tower,0,0,9,20,29,0,0,74,1,75,0,0,83,21,104,140,0,140,244
07/06/2022,SSF,TX,ASW,CE,Federal Contract Tower,0,0,4,18,22,0,2,92,2,96,0,2,96,20,118,118,0,118,236
07/07/2022,SSF,TX,ASW,CE,Federal Contract Tower,0,0,9,16,25,0,0,97,4,101,0,0,106,20,126,240,0,240,366
07/08/2022,SSF,TX,ASW,CE,Federal Contract Tower,0,0,2,11,13,0,0,96,2,98,0,0,98,13,111,150,0,150,261
07/09/2022,SSF,TX,ASW,CE,Federal Contract Tower,0,0,5,2,7,0,4,71,0,75,0,4,76,2,82,124,0,124,206
07/10/2022,SSF,TX,ASW,CE,Federal Contract Tower,0,0,2,2,4,0,0,53,0,53,0,0,55,2,57,70,0,70,127
07/11/2022,SSF,TX,ASW,CE,Federal Contract Tower,0,0,3,18,21,0,2,86,0,88,0,2,89,18,109,126,0,126,235
07/12/2022,SSF,TX,ASW,CE,Federal Contract Tower,0,0,4,22,26,0,4,77,0,81,0,4,81,22,107,196,0,196,303
07/13/2022,SSF,TX,ASW,CE,Federal Contract Tower,0,0,12,22,34,0,0,100,0,100,0,0,112,22,134,210,0,210,344
07/14/2022,SSF,TX,ASW,CE,Federal Contract Tower,0,0,0,14,14,0,0,74,0,74,0,0,74,14,88,158,0,158,246
07/15/2022,SSF,TX,ASW,CE,Federal Contract Tower,0,0,8,16,24,0,0,76,0,76,0,0,84,16,100,92,0,92,192
07/16/2022,SSF,TX,ASW,CE,Federal Contract Tower,0,0,11,0,11,0,3,54,0,57,0,3,65,0,68,86,0,86,154
07/17/2022,SSF,TX,ASW,CE,Federal Contract Tower,0,0,3,2,5,0,2,51,0,53,0,2,54,2,58,92,0,92,150
07/18/2022,SSF,TX,ASW,CE,Federal Contract Tower,0,0,14,20,34,0,2,125,0,127,0,2,139,20,161,186,0,186,347
07/19/2022,SSF,TX,ASW,CE,Federal Contract Tower,0,0,5,28,33,0,5,86,1,92,0,5,91,29,125,122,0,122,247
07/20/2022,SSF,TX,ASW,CE,Federal Contract Tower,0,0,10,16,26,0,0,83,0,83,0,0,93,16,109,90,0,90,199
07/21/2022,SSF,TX,ASW,CE,Federal Contract Tower,0,0,17,26,43,0,0,67,2,69,0,0,84,28,112,234,0,234,346
07/22/2022,SSF,TX,ASW,CE,Federal Contract Tower,0,0,16,28,44,0,6,83,4,93,0,6,99,32,137,96,0,96,233
07/23/2022,SSF,TX,ASW,CE,Federal Contract Tower,0,0,7,0,7,0,8,56,2,66,0,8,63,2,73,74,0,74,147
07/24/2022,SSF,TX,ASW,CE,Federal Contract Tower,0,0,10,0,10,0,5,54,0,59,0,5,64,0,69,88,0,88,157
07/25/2022,SSF,TX,ASW,CE,Federal Contract Tower,0,0,7,12,19,0,2,98,0,100,0,2,105,12,119,132,0,132,251
07/26/2022,SSF,TX,ASW,CE,Federal Contract Tower,0,0,3,22,25,0,2,105,0,107,0,2,108,22,132,186,0,186,318
07/27/2022,SSF,TX,ASW,CE,Federal Contract Tower,0,0,1,12,13,0,2,91,0,93,0,2,92,12,106,176,0,176,282
07/28/2022,SSF,TX,ASW,CE,Federal Contract Tower,0,0,5,0,5,0,11,71,0,82,0,11,76,0,87,130,0,130,217
07/29/2022,SSF,TX,ASW,CE,Federal Contract Tower,0,1,7,4,12,0,12,79,0,91,0,13,86,4,103,162,0,162,265
07/30/2022,SSF,TX,ASW,CE,Federal Contract Tower,0,0,2,0,2,0,10,77,2,89,0,10,79,2,91,86,0,86,177
07/31/2022,SSF,TX,ASW,CE,Federal Contract Tower,0,0,4,0,4,0,0,65,0,65,0,0,69,0,69,128,0,128,197
08/01/2022,SSF,TX,ASW,CE,Federal Contract Tower,0,0,8,14,22,0,6,75,0,81,0,6,83,14,103,156,0,156,259
08/02/2022,SSF,TX,ASW,CE,Federal Contract Tower,0,0,8,16,24,0,7,85,2,94,0,7,93,18,118,110,6,116,234
08/03/2022,SSF,TX,ASW,CE,Federal Contract Tower,0,0,7,10,17,0,6,82,2,90,0,6,89,12,107,140,6,146,253
08/04/2022,SSF,TX,ASW,CE,Federal Contract Tower,0,0,14,12,26,0,5,94,3,102,0,5,108,15,128,182,2,184,312
08/05/2022,SSF,TX,ASW,CE,Federal Contract Tower,0,0,16,12,28,0,18,69,1,88,0,18,85,13,116,126,10,136,252
08/06/2022,SSF,TX,ASW,CE,Federal Contract Tower,0,0,13,0,13,0,20,90,4,114,0,20,103,4,127,168,0,168,295
08/07/2022,SSF,TX,ASW,CE,Federal Contract Tower,0,0,8,0,8,0,9,54,0,63,0,9,62,0,71,146,0,146,217
08/08/2022,SSF,TX,ASW,CE,Federal Contract Tower,0,0,7,14,21,0,0,73,6,79,0,0,80,20,100,164,0,164,264
08/09/2022,SSF,TX,ASW,CE,Federal Contract Tower,0,0,4,14,18,0,0,78,4,82,0,0,82,18,100,200,0,200,300
08/10/2022,SSF,TX,ASW,CE,Federal Contract Tower,0,0,5,14,19,0,4,91,0,95,0,4,96,14,114,174,0,174,288
08/11/2022,SSF,TX,ASW,CE,Federal Contract Tower,0,0,13,16,29,0,8,87,0,95,0,8,100,16,124,220,0,220,344
08/12/2022,SSF,TX,ASW,CE,Federal Contract Tower,0,0,6,10,16,0,3,59,1,63,0,3,65,11,79,136,10,146,225
08/13/2022,SSF,TX,ASW,CE,Federal Contract Tower,0,0,6,0,6,0,11,79,3,93,0,11,85,3,99,168,0,168,267
08/14/2022,SSF,TX,ASW,CE,Federal Contract Tower,0,0,4,0,4,0,11,25,0,36,0,11,29,0,40,68,0,68,108
08/15/2022,SSF,TX,ASW,CE,Federal Contract Tower,0,1,11,10,22,0,1,39,0,40,0,2,50,10,62,94,0,94,156
08/16/2022,SSF,TX,ASW,CE,Federal Contract Tower,0,0,7,8,15,0,2,94,2,98,0,2,101,10,113,124,8,132,245
08/17/2022,SSF,TX,ASW,CE,Federal Contract Tower,0,5,11,8,24,0,4,93,6,103,0,9,104,14,127,178,14,192,319
08/18/2022,SSF,TX,ASW,CE,Federal Contract Tower,0,0,6,10,16,0,4,83,4,91,0,4,89,14,107,60,4,64,171
08/19/2022,SSF,TX,ASW,CE,Federal Contract Tower,0,0,5,12,17,0,4,60,0,64,0,4,65,12,81,74,0,74,155
08/20/2022,SSF,TX,ASW,CE,Federal Contract Tower,0,0,9,0,9,0,16,57,4,77,0,16,66,4,86,72,0,72,158
08/21/2022,SSF,TX,ASW,CE,Federal Contract Tower,0,0,4,0,4,0,12,43,0,55,0,12,47,0,59,52,0,52,111
08/22/2022,SSF,TX,ASW,CE,Federal Contract Tower,0,1,18,18,37,0,1,34,0,35,0,2,52,18,72,58,0,58,130
08/23/2022,SSF,TX,ASW,CE,Federal Contract Tower,0,2,12,8,22,0,6,34,0,40,0,8,46,8,62,66,0,66,128
08/24/2022,SSF,TX,ASW,CE,Federal Contract Tower,0,0,5,8,13,0,2,39,0,41,0,2,44,8,54,76,0,76,130
08/25/2022,SSF,TX,ASW,CE,Federal Contract Tower,0,0,6,18,24,0,5,56,2,63,0,5,62,20,87,152,8,160,247
08/26/2022,SSF,TX,ASW,CE,Federal Contract Tower,0,0,3,18,21,0,2,66,2,70,0,2,69,20,91,184,0,184,275
08/27/2022,SSF,TX,ASW,CE,Federal Contract Tower,0,0,20,9,29,0,16,60,0,76,0,16,80,9,105,100,16,116,221
08/28/2022,SSF,TX,ASW,CE,Federal Contract Tower,0,0,6,2,8,0,6,62,0,68,0,6,68,2,76,82,4,86,162
08/29/2022,SSF,TX,ASW,CE,Federal Contract Tower,0,0,5,18,23,0,3,81,0,84,0,3,86,18,107,108,0,108,215
08/30/2022,SSF,TX,ASW,CE,Federal Contract Tower,0,0,8,14,22,0,0,37,0,37,0,0,45,14,59,82,0,82,141
08/31/2022,SSF,TX,ASW,CE,Federal Contract Tower,0,0,19,18,37,0,1,41,0,42,0,1,60,18,79,112,0,112,191
09/01/2022,SSF,TX,ASW,CE,Federal Contract Tower,0,0,10,16,26,0,4,74,0,78,0,4,84,16,104,200,0,200,304
09/02/2022,SSF,TX,ASW,CE,Federal Contract Tower,0,1,19,0,20,0,3,74,2,79,0,4,93,2,99,178,10,188,287
09/03/2022,SSF,TX,ASW,CE,Federal Contract Tower,0,0,11,0,11,0,10,46,0,56,0,10,57,0,67,102,0,102,169
09/04/2022,SSF,TX,ASW,CE,Federal Contract Tower,0,0,7,0,7,0,13,46,0,59,0,13,53,0,66,72,0,72,138
09/05/2022,SSF,TX,ASW,CE,Federal Contract Tower,0,0,15,0,15,0,9,57,6,72,0,9,72,6,87,58,8,66,153
09/06/2022,SSF,TX,ASW,CE,Federal Contract Tower,0,0,2,24,26,0,0,82,0,82,0,0,84,24,108,106,0,106,214
09/07/2022,SSF,TX,ASW,CE,Federal Contract Tower,0,0,6,18,24,0,2,77,0,79,0,2,83,18,103,86,0,86,189
09/08/2022,SSF,TX,ASW,CE,Federal Contract Tower,0,0,12,22,34,0,0,99,1,100,0,0,111,23,134,130,8,138,272
09/09/2022,SSF,TX,ASW,CE,Federal Contract Tower,0,0,5,22,27,0,2,75,0,77,0,2,80,22,104,104,0,104,208
09/10/2022,SSF,TX,ASW,CE,Federal Contract Tower,0,0,9,16,25,0,14,95,2,111,0,14,104,18,136,164,0,164,300
09/11/2022,SSF,TX,ASW,CE,Federal Contract Tower,0,0,12,2,14,0,0,58,0,58,0,0,70,2,72,116,0,116,188
09/12/2022,SSF,TX,ASW,CE,Federal Contract Tower,0,0,4,18,22,0,8,75,0,83,0,8,79,18,105,100,0,100,205
09/13/2022,SSF,TX,ASW,CE,Federal Contract Tower,0,0,4,28,32,0,0,90,1,91,0,0,94,29,123,110,0,110,233
09/14/2022,SSF,TX,ASW,CE,Federal Contract Tower,0,0,8,22,30,0,7,88,0,95,0,7,96,22,125,144,4,148,273
09/15/2022,SSF,TX,ASW,CE,Federal Contract Tower,0,0,23,14,37,0,12,82,0,94,0,12,105,14,131,170,0,170,301
09/16/2022,SSF,TX,ASW,CE,Federal Contract Tower,0,0,20,22,42,0,12,66,0,78,0,12,86,22,120,102,0,102,222
09/17/2022,SSF,TX,ASW,CE,Federal Contract Tower,0,0,17,0,17,0,10,83,6,99,0,10,100,6,116,98,0,98,214
09/18/2022,SSF,TX,ASW,CE,Federal Contract Tower,0,0,14,0,14,0,8,50,2,60,0,8,64,2,74,98,6,104,178
09/19/2022,SSF,TX,ASW,CE,Federal Contract Tower,0,1,28,24,53,0,5,78,0,83,0,6,106,24,136,128,0,128,264
09/20/2022,SSF,TX,ASW,CE,Federal Contract Tower,0,0,24,19,43,0,0,113,2,115,0,0,137,21,158,160,0,160,318
09/21/2022,SSF,TX,ASW,CE,Federal Contract Tower,0,0,13,20,33,0,6,99,2,107,0,6,112,22,140,156,0,156,296
09/22/2022,SSF,TX,ASW,CE,Federal Contract Tower,0,0,9,32,41,0,2,95,8,105,0,2,104,40,146,160,0,160,306
09/23/2022,SSF,TX,ASW,CE,Federal Contract Tower,0,0,8,20,28,0,10,76,0,86,0,10,84,20,114,96,0,96,210
09/24/2022,SSF,TX,ASW,CE,Federal Contract Tower,0,0,8,0,8,0,4,79,0,83,0,4,87,0,91,114,0,114,205
09/25/2022,SSF,TX,ASW,CE,Federal Contract Tower,0,0,2,0,2,0,0,47,0,47,0,0,49,0,49,46,0,46,95
09/26/2022,SSF,TX,ASW,CE,Federal Contract Tower,0,0,3,6,9,0,0,90,0,90,0,0,93,6,99,90,0,90,189
09/27/2022,SSF,TX,ASW,CE,Federal Contract Tower,0,0,8,18,26,0,0,101,0,101,0,0,109,18,127,120,0,120,247
09/28/2022,SSF,TX,ASW,CE,Federal Contract Tower,0,0,16,12,28,0,1,82,0,83,0,1,98,12,111,174,0,174,285
09/29/2022,SSF,TX,ASW,CE,Federal Contract Tower,0,0,6,14,20,0,3,119,0,122,0,3,125,14,142,212,0,212,354
09/30/2022,SSF,TX,ASW,CE,Federal Contract Tower,0,0,3,4,7,0,8,118,2,128,0,8,121,6,135,188,8,196,331
10/01/2022,SSF,TX,ASW,CE,Federal Contract Tower,0,0,3,0,3,0,4,96,0,100,0,4,99,0,103,116,0,116,219
10/02/2022,SSF,TX,ASW,CE,Federal Contract Tower,0,0,5,0,5,0,10,64,0,74,0,10,69,0,79,70,0,70,149
10/03/2022,SSF,TX,ASW,CE,Federal Contract Tower,0,0,8,8,16,0,3,85,0,88,0,3,93,8,104,142,0,142,246
10/04/2022,SSF,TX,ASW,CE,Federal Contract Tower,0,0,3,10,13,0,2,89,2,93,0,2,92,12,106,146,0,146,252
10/05/2022,SSF,TX,ASW,CE,Federal Contract Tower,0,0,2,22,24,0,3,109,0,112,0,3,111,22,136,158,0,158,294
10/06/2022,SSF,TX,ASW,CE,Federal Contract Tower,0,0,5,12,17,0,4,93,0,97,0,4,98,12,114,210,0,210,324
10/07/2022,SSF,TX,ASW,CE,Federal Contract Tower,0,0,5,10,15,0,0,92,0,92,0,0,97,10,107,236,0,236,343
10/08/2022,SSF,TX,ASW,CE,Federal Contract Tower,0,0,2,0,2,0,11,88,6,105,0,11,90,6,107,112,0,112,219
10/09/2022,SSF,TX,ASW,CE,Federal Contract Tower,0,0,2,0,2,0,2,76,0,78,0,2,78,0,80,82,0,82,162
10/10/2022,SSF,TX,ASW,CE,Federal Contract Tower,0,0,8,4,12,0,2,102,4,108,0,2,110,8,120,170,0,170,290
10/11/2022,SSF,TX,ASW,CE,Federal Contract Tower,0,0,4,4,8,0,1,105,4,110,0,1,109,8,118,212,6,218,336
10/12/2022,SSF,TX,ASW,CE,Federal Contract Tower,0,0,5,8,13,0,9,80,3,92,0,9,85,11,105,112,14,126,231
10/13/2022,SSF,TX,ASW,CE,Federal Contract Tower,0,0,7,18,25,0,0,96,1,97,0,0,103,19,122,214,6,220,342
10/14/2022,SSF,TX,ASW,CE,Federal Contract Tower,0,0,9,14,23,0,1,77,0,78,0,1,86,14,101,132,0,132,233
10/15/2022,SSF,TX,ASW,CE,Federal Contract Tower,0,0,3,0,3,0,6,50,4,60,0,6,53,4,63,66,0,66,129
10/16/2022,SSF,TX,ASW,CE,Federal Contract Tower,0,0,4,2,6,0,4,43,0,47,0,4,47,2,53,60,0,60,113
10/17/2022,SSF,TX,ASW,CE,Federal Contract Tower,0,0,6,12,18,0,2,21,0,23,0,2,27,12,41,16,0,16,57
10/18/2022,SSF,TX,ASW,CE,Federal Contract Tower,0,0,10,20,30,0,2,75,0,77,0,2,85,20,107,148,0,148,255
10/19/2022,SSF,TX,ASW,CE,Federal Contract Tower,0,0,9,16,25,0,0,139,6,145,0,0,148,22,170,186,0,186,356
10/20/2022,SSF,TX,ASW,CE,Federal Contract Tower,0,0,6,14,20,0,1,90,0,91,0,1,96,14,111,192,0,192,303
10/21/2022,SSF,TX,ASW,CE,Federal Contract Tower,0,0,3,16,19,0,0,93,3,96,0,0,96,19,115,168,0,168,283
10/22/2022,SSF,TX,ASW,CE,Federal Contract Tower,0,1,6,0,7,0,1,73,5,79,0,2,79,5,86,36,8,44,130
10/23/2022,SSF,TX,ASW,CE,Federal Contract Tower,0,1,7,2,10,0,5,33,0,38,0,6,40,2,48,52,0,52,100
10/24/2022,SSF,TX,ASW,CE,Federal Contract Tower,0,0,7,10,17,0,0,29,0,29,0,0,36,10,46,84,0,84,130
10/25/2022,SSF,TX,ASW,CE,Federal Contract Tower,0,1,12,4,17,0,0,107,2,109,0,1,119,6,126,216,0,216,342
10/26/2022,SSF,TX,ASW,CE,Federal Contract Tower,0,0,6,10,16,0,6,126,0,132,0,6,132,10,148,216,0,216,364
10/27/2022,SSF,TX,ASW,CE,Federal Contract Tower,0,0,22,10,32,0,9,74,1,84,0,9,96,11,116,122,8,130,246
10/28/2022,SSF,TX,ASW,CE,Federal Contract Tower,0,0,4,4,8,0,0,41,0,41,0,0,45,4,49,0,0,0,49
10/29/2022,SSF,TX,ASW,CE,Federal Contract Tower,0,0,5,2,7,0,10,90,4,104,0,10,95,6,111,136,0,136,247
10/30/2022,SSF,TX,ASW,CE,Federal Contract Tower,0,0,15,0,15,0,3,73,0,76,0,3,88,0,91,80,0,80,171
10/31/2022,SSF,TX,ASW,CE,Federal Contract Tower,0,0,0,20,20,0,8,82,0,90,0,8,82,20,110,132,0,132,242
11/01/2022,SSF,TX,ASW,CE,Federal Contract Tower,0,0,15,22,37,0,0,67,0,67,0,0,82,22,104,238,0,238,342
11/02/2022,SSF,TX,ASW,CE,Federal Contract Tower,0,0,31,12,43,0,0,44,0,44,0,0,75,12,87,184,0,184,271
11/03/2022,SSF,TX,ASW,CE,Federal Contract Tower,0,2,12,6,20,0,0,48,0,48,0,2,60,6,68,110,0,110,178
11/04/2022,SSF,TX,ASW,CE,Federal Contract Tower,0,0,7,2,9,0,0,29,2,31,0,0,36,4,40,30,0,30,70
11/05/2022,SSF,TX,ASW,CE,Federal Contract Tower,0,0,1,4,5,0,3,138,8,149,0,3,139,12,154,238,0,238,392
11/06/2022,SSF,TX,ASW,CE,Federal Contract Tower,0,0,8,2,10,0,12,40,2,54,0,12,48,4,64,82,0,82,146
11/07/2022,SSF,TX,ASW,CE,Federal Contract Tower,0,0,7,22,29,0,2,48,0,50,0,2,55,22,79,84,0,84,163
11/08/2022,SSF,TX,ASW,CE,Federal Contract Tower,0,0,11,16,27,0,0,73,4,77,0,0,84,20,104,270,32,302,406
11/09/2022,SSF,TX,ASW,CE,Federal Contract Tower,0,0,18,16,34,0,2,73,0,75,0,2,91,16,109,190,0,190,299
11/10/2022,SSF,TX,ASW,CE,Federal Contract Tower,0,0,13,20,33,0,3,80,3,86,0,3,93,23,119,274,0,274,393
11/11/2022,SSF,TX,ASW,CE,Federal Contract Tower,0,2,15,2,19,0,0,19,0,19,0,2,34,2,38,82,0,82,120
11/12/2022,SSF,TX,ASW,CE,Federal Contract Tower,0,0,0,2,2,0,14,88,0,102,0,14,88,2,104,110,6,116,220
11/13/2022,SSF,TX,ASW,CE,Federal Contract Tower,0,1,6,0,7,0,12,58,0,70,0,13,64,0,77,42,0,42,119
11/14/2022,SSF,TX,ASW,CE,Federal Contract Tower,0,0,6,2,8,0,0,17,0,17,0,0,23,2,25,12,0,12,37
11/15/2022,SSF,TX,ASW,CE,Federal Contract Tower,0,1,4,16,21,0,4,110,0,114,0,5,114,16,135,182,0,182,317
11/16/2022,SSF,TX,ASW,CE,Federal Contract Tower,0,0,6,8,14,0,0,70,1,71,0,0,76,9,85,98,0,98,183
11/17/2022,SSF,TX,ASW,CE,Federal Contract Tower,0,0,13,20,33,0,6,113,4,123,0,6,126,24,156,218,0,218,374
11/18/2022,SSF,TX,ASW,CE,Federal Contract Tower,0,0,11,9,20,0,4,79,0,83,0,4,90,9,103,254,0,254,357
11/19/2022,SSF,TX,ASW,CE,Federal Contract Tower,0,0,0,0,0,0,0,6,0,6,0,0,6,0,6,20,0,20,26
11/20/2022,SSF,TX,ASW,CE,Federal Contract Tower,0,0,8,0,8,0,6,35,0,41,0,6,43,0,49,68,0,68,117
11/21/2022,SSF,TX,ASW,CE,Federal Contract Tower,0,2,1,0,3,0,0,3,0,3,0,2,4,0,6,14,0,14,20
11/22/2022,SSF,TX,ASW,CE,Federal Contract Tower,0,0,3,16,19,0,0,0,0,0,0,0,3,16,19,0,0,0,19
11/23/2022,SSF,TX,ASW,CE,Federal Contract Tower,0,0,25,16,41,0,0,17,0,17,0,0,42,16,58,102,0,102,160
11/24/2022,SSF,TX,ASW,CE,Federal Contract Tower,0,0,1,0,1,0,0,0,0,0,0,0,1,0,1,0,0,0,1
11/25/2022,SSF,TX,ASW,CE,Federal Contract Tower,0,0,2,0,2,0,0,14,0,14,0,0,16,0,16,12,0,12,28
11/26/2022,SSF,TX,ASW,CE,Federal Contract Tower,0,0,5,0,5,0,14,62,0,76,0,14,67,0,81,86,0,86,167
11/27/2022,SSF,TX,ASW,CE,Federal Contract Tower,0,0,11,0,11,0,1,104,0,105,0,1,115,0,116,126,0,126,242
11/28/2022,SSF,TX,ASW,CE,Federal Contract Tower,0,0,2,10,12,0,3,95,2,100,0,3,97,12,112,180,0,180,292
11/29/2022,SSF,TX,ASW,CE,Federal Contract Tower,0,0,15,12,27,0,2,71,6,79,0,2,86,18,106,174,10,184,290
11/30/2022,SSF,TX,ASW,CE,Federal Contract Tower,0,0,4,22,26,0,4,78,0,82,0,4,82,22,108,94,4,98,206
12/01/2022,SSF,TX,ASW,CE,Federal Contract Tower,0,0,29,12,41,0,2,22,0,24,0,2,51,12,65,46,4,50,115
12/02/2022,SSF,TX,ASW,CE,Federal Contract Tower,0,0,9,2,11,0,0,0,0,0,0,0,9,2,11,0,0,0,11
12/03/2022,SSF,TX,ASW,CE,Federal Contract Tower,0,0,22,0,22,0,13,33,0,46,0,13,55,0,68,72,0,72,140
12/04/2022,SSF,TX,ASW,CE,Federal Contract Tower,0,0,9,0,9,0,0,1,0,1,0,0,10,0,10,0,0,0,10
12/05/2022,SSF,TX,ASW,CE,Federal Contract Tower,0,0,11,16,27,0,0,38,0,38,0,0,49,16,65,46,0,46,111
12/06/2022,SSF,TX,ASW,CE,Federal Contract Tower,0,1,17,22,40,0,0,32,0,32,0,1,49,22,72,46,0,46,118
12/07/2022,SSF,TX,ASW,CE,Federal Contract Tower,0,0,18,12,30,0,6,68,0,74,0,6,86,12,104,150,0,150,254
12/08/2022,SSF,TX,ASW,CE,Federal Contract Tower,0,0,15,20,35,0,2,80,2,84,0,2,95,22,119,222,0,222,341
12/09/2022,SSF,TX,ASW,CE,Federal Contract Tower,0,2,20,4,26,0,16,76,2,94,0,18,96,6,120,162,10,172,292
12/10/2022,SSF,TX,ASW,CE,Federal Contract Tower,0,0,13,0,13,0,4,61,4,69,0,4,74,4,82,214,0,214,296
12/11/2022,SSF,TX,ASW,CE,Federal Contract Tower,0,0,15,0,15,0,5,31,0,36,0,5,46,0,51,50,0,50,101
12/12/2022,SSF,TX,ASW,CE,Federal Contract Tower,0,0,4,6,10,0,0,18,0,18,0,0,22,6,28,56,0,56,84
12/13/2022,SSF,TX,ASW,CE,Federal Contract Tower,0,0,13,19,32,0,6,73,4,83,0,6,86,23,115,134,10,144,259
12/14/2022,SSF,TX,ASW,CE,Federal Contract Tower,0,0,5,16,21,0,2,103,7,112,0,2,108,23,133,70,0,70,203
12/15/2022,SSF,TX,ASW,CE,Federal Contract Tower,0,0,8,12,20,0,6,144,4,154,0,6,152,16,174,252,8,260,434
12/16/2022,SSF,TX,ASW,CE,Federal Contract Tower,0,0,17,26,43,0,0,79,2,81,0,0,96,28,124,120,0,120,244
12/17/2022,SSF,TX,ASW,CE,Federal Contract Tower,0,0,13,0,13,0,6,101,2,109,0,6,114,2,122,142,8,150,272
12/18/2022,SSF,TX,ASW,CE,Federal Contract Tower,0,0,2,0,2,0,9,60,2,71,0,9,62,2,73,88,6,94,167
12/19/2022,SSF,TX,ASW,CE,Federal Contract Tower,0,0,2,0,2,0,2,2,0,4,0,2,4,0,6,2,0,2,8
12/20/2022,SSF,TX,ASW,CE,Federal Contract Tower,0,0,10,23,33,0,10,16,0,26,0,10,26,23,59,110,16,126,185
12/21/2022,SSF,TX,ASW,CE,Federal Contract Tower,0,0,3,24,27,0,1,27,0,28,0,1,30,24,55,74,0,74,129
12/22/2022,SSF,TX,ASW,CE,Federal Contract Tower,0,0,13,8,21,0,6,42,0,48,0,6,55,8,69,94,0,94,163
12/23/2022,SSF,TX,ASW,CE,Federal Contract Tower,0,0,6,0,6,0,2,34,2,38,0,2,40,2,44,52,0,52,96
12/24/2022,SSF,TX,ASW,CE,Federal Contract Tower,0,0,2,0,2,0,1,37,0,38,0,1,39,0,40,42,0,42,82
12/25/2022,SSF,TX,ASW,CE,Federal Contract Tower,0,0,2,0,2,0,2,15,0,17,0,2,17,0,19,0,0,0,19
12/26/2022,SSF,TX,ASW,CE,Federal Contract Tower,0,0,8,0,8,0,18,88,2,108,0,18,96,2,116,150,10,160,276
12/27/2022,SSF,TX,ASW,CE,Federal Contract Tower,0,0,6,0,6,0,8,103,2,113,0,8,109,2,119,138,0,138,257
12/28/2022,SSF,TX,ASW,CE,Federal Contract Tower,0,0,7,0,7,0,7,90,4,101,0,7,97,4,108,166,0,166,274
12/29/2022,SSF,TX,ASW,CE,Federal Contract Tower,0,0,15,0,15,0,2,49,2,53,0,2,64,2,68,154,14,168,236
12/30/2022,SSF,TX,ASW,CE,Federal Contract Tower,0,0,13,0,13,0,22,82,2,106,0,22,95,2,119,192,0,192,311
12/31/2022,SSF,TX,ASW,CE,Federal Contract Tower,0,0,1,0,1,0,0,75,2,77,0,0,76,2,78,84,4,88,166
01/01/2023,SSF,TX,ASW,CE,Federal Contract Tower,0,0,6,0,6,0,2,39,0,41,0,2,45,0,47,58,0,58,105
01/02/2023,SSF,TX,ASW,CE,Federal Contract Tower,0,0,9,0,9,0,2,47,0,49,0,2,56,0,58,80,0,80,138
01/03/2023,SSF,TX,ASW,CE,Federal Contract Tower,0,0,0,0,0,0,0,107,0,107,0,0,107,0,107,126,0,126,233
01/04/2023,SSF,TX,ASW,CE,Federal Contract Tower,0,0,7,12,19,0,2,85,2,89,0,2,92,14,108,158,0,158,266
01/05/2023,SSF,TX,ASW,CE,Federal Contract Tower,0,0,2,2,4,0,0,115,0,115,0,0,117,2,119,166,0,166,285
01/06/2023,SSF,TX,ASW,CE,Federal Contract Tower,0,0,17,8,25,0,20,59,2,81,0,20,76,10,106,150,0,150,256
01/07/2023,SSF,TX,ASW,CE,Federal Contract Tower,0,0,7,0,7,0,4,40,0,44,0,4,47,0,51,74,0,74,125
01/08/2023,SSF,TX,ASW,CE,Federal Contract Tower,0,0,6,0,6,0,9,69,1,79,0,9,75,1,85,80,0,80,165
01/09/2023,SSF,TX,ASW,CE,Federal Contract Tower,0,0,3,20,23,0,5,92,0,97,0,5,95,20,120,216,0,216,336
01/10/2023,SSF,TX,ASW,CE,Federal Contract Tower,0,0,3,16,19,0,0,94,4,98,0,0,97,20,117,132,16,148,265
01/11/2023,SSF,TX,ASW,CE,Federal Contract Tower,0,0,19,2,21,0,3,46,2,51,0,3,65,4,72,78,20,98,170
01/12/2023,SSF,TX,ASW,CE,Federal Contract Tower,0,0,10,6,16,0,6,56,0,62,0,6,66,6,78,78,0,78,156
01/13/2023,SSF,TX,ASW,CE,Federal Contract Tower,0,0,6,12,18,0,2,100,0,102,0,2,106,12,120,224,0,224,344
01/14/2023,SSF,TX,ASW,CE,Federal Contract Tower,0,0,6,0,6,0,8,93,0,101,0,8,99,0,107,162,0,162,269
01/15/2023,SSF,TX,ASW,CE,Federal Contract Tower,0,0,7,0,7,0,12,23,0,35,0,12,30,0,42,16,0,16,58
01/16/2023,SSF,TX,ASW,CE,Federal Contract Tower,0,0,15,2,17,0,0,87,0,87,0,0,102,2,104,206,0,206,310
01/17/2023,SSF,TX,ASW,CE,Federal Contract Tower,0,1,7,10,18,0,0,118,0,118,0,1,125,10,136,224,0,224,360
01/18/2023,SSF,TX,ASW,CE,Federal Contract Tower,0,0,9,18,27,0,1,72,0,73,0,1,81,18,100,98,0,98,198
01/19/2023,SSF,TX,ASW,CE,Federal Contract Tower,0,0,7,16,23,0,8,134,0,142,0,8,141,16,165,214,0,214,379
01/20/2023,SSF,TX,ASW,CE,Federal Contract Tower,0,0,7,14,21,0,5,94,0,99,0,5,101,14,120,186,0,186,306
01/21/2023,SSF,TX,ASW,CE,Federal Contract Tower,0,0,17,2,19,0,16,35,0,51,0,16,52,2,70,72,0,72,142
01/22/2023,SSF,TX,ASW,CE,Federal Contract Tower,0,0,7,4,11,0,8,79,0,87,0,8,86,4,98,132,0,132,230
01/23/2023,SSF,TX,ASW,CE,Federal Contract Tower,0,0,4,17,21,0,1,86,0,87,0,1,90,17,108,188,0,188,296
01/24/2023,SSF,TX,ASW,CE,Federal Contract Tower,0,0,3,16,19,0,1,23,0,24,0,1,26,16,43,14,0,14,57
01/25/2023,SSF,TX,ASW,CE,Federal Contract Tower,0,0,5,17,22,0,2,135,2,139,0,2,140,19,161,198,12,210,371
01/26/2023,SSF,TX,ASW,CE,Federal Contract Tower,0,0,6,22,28,0,1,131,0,132,0,1,137,22,160,218,0,218,378
01/27/2023,SSF,TX,ASW,CE,Federal Contract Tower,0,0,4,8,12,0,0,103,4,107,0,0,107,12,119,248,0,248,367
01/28/2023,SSF,TX,ASW,CE,Federal Contract Tower,0,0,0,0,0,0,0,0,0,0,0,0,0,0,0,0,0,0,0
01/29/2023,SSF,TX,ASW,CE,Federal Contract Tower,0,0,7,0,7,0,6,34,8,48,0,6,41,8,55,60,0,60,115
01/30/2023,SSF,TX,ASW,CE,Federal Contract Tower,0,0,7,0,7,0,0,0,0,0,0,0,7,0,7,0,0,0,7
01/31/2023,SSF,TX,ASW,CE,Federal Contract Tower,0,0,1,0,1,0,0,2,0,2,0,0,3,0,3,0,0,0,3
02/01/2023,SSF,TX,ASW,CE,Federal Contract Tower,0,0,0,0,0,0,0,0,0,0,0,0,0,0,0,0,0,0,0
02/02/2023,SSF,TX,ASW,CE,Federal Contract Tower,0,1,8,14,23,0,1,29,0,30,0,2,37,14,53,156,0,156,209
02/03/2023,SSF,TX,ASW,CE,Federal Contract Tower,0,0,5,12,17,0,7,137,0,144,0,7,142,12,161,208,0,208,369
02/04/2023,SSF,TX,ASW,CE,Federal Contract Tower,0,0,5,0,5,0,8,116,0,124,0,8,121,0,129,122,0,122,251
02/05/2023,SSF,TX,ASW,CE,Federal Contract Tower,0,0,4,0,4,0,4,113,0,117,0,4,117,0,121,142,0,142,263
02/06/2023,SSF,TX,ASW,CE,Federal Contract Tower,0,0,7,16,23,0,2,62,0,64,0,2,69,16,87,82,0,82,169
02/07/2023,SSF,TX,ASW,CE,Federal Contract Tower,0,0,17,14,31,0,0,33,0,33,0,0,50,14,64,156,0,156,220
02/08/2023,SSF,TX,ASW,CE,Federal Contract Tower,0,0,7,2,9,0,0,52,0,52,0,0,59,2,61,152,0,152,213
02/09/2023,SSF,TX,ASW,CE,Federal Contract Tower,0,0,8,12,20,0,1,153,2,156,0,1,161,14,176,266,0,266,442
02/10/2023,SSF,TX,ASW,CE,Federal Contract Tower,0,0,5,10,15,0,12,84,2,98,0,12,89,12,113,104,0,104,217
02/11/2023,SSF,TX,ASW,CE,Federal Contract Tower,0,0,5,0,5,0,14,139,0,153,0,14,144,0,158,144,0,144,302
02/12/2023,SSF,TX,ASW,CE,Federal Contract Tower,0,0,3,0,3,0,1,123,0,124,0,1,126,0,127,96,0,96,223
02/13/2023,SSF,TX,ASW,CE,Federal Contract Tower,0,0,4,18,22,0,8,92,0,100,0,8,96,18,122,154,0,154,276
02/14/2023,SSF,TX,ASW,CE,Federal Contract Tower,0,0,4,12,16,0,41,84,0,125,0,41,88,12,141,176,0,176,317
02/15/2023,SSF,TX,ASW,CE,Federal Contract Tower,0,0,16,10,26,0,5,69,3,77,0,5,85,13,103,90,40,130,233
02/16/2023,SSF,TX,ASW,CE,Federal Contract Tower,0,2,5,12,19,0,10,59,3,72,0,12,64,15,91,120,22,142,233
02/17/2023,SSF,TX,ASW,CE,Federal Contract Tower,0,0,6,22,28,0,10,119,0,129,0,10,125,22,157,216,0,216,373
02/18/2023,SSF,TX,ASW,CE,Federal Contract Tower,0,0,7,0,7,0,18,77,0,95,0,18,84,0,102,108,0,108,210
02/19/2023,SSF,TX,ASW,CE,Federal Contract Tower,0,0,9,0,9,0,2,83,0,85,0,2,92,0,94,95,0,95,189
02/20/2023,SSF,TX,ASW,CE,Federal Contract Tower,0,0,19,2,21,0,0,81,0,81,0,0,100,2,102,194,0,194,296
02/21/2023,SSF,TX,ASW,CE,Federal Contract Tower,0,0,6,18,24,0,0,120,0,120,0,0,126,18,144,138,0,138,282
02/22/2023,SSF,TX,ASW,CE,Federal Contract Tower,0,0,9,22,31,0,0,117,0,117,0,0,126,22,148,206,0,206,354
02/23/2023,SSF,TX,ASW,CE,Federal Contract Tower,0,1,31,22,54,0,1,60,3,64,0,2,91,25,118,156,32,188,306
02/24/2023,SSF,TX,ASW,CE,Federal Contract Tower,0,0,43,18,61,0,4,26,0,30,0,4,69,18,91,136,0,136,227
02/25/2023,SSF,TX,ASW,CE,Federal Contract Tower,0,0,20,2,22,0,24,19,0,43,0,24,39,2,65,34,0,34,99
02/26/2023,SSF,TX,ASW,CE,Federal Contract Tower,0,0,3,0,3,0,6,30,0,36,0,6,33,0,39,44,0,44,83
02/27/2023,SSF,TX,ASW,CE,Federal Contract Tower,0,0,5,16,21,0,7,115,0,122,0,7,120,16,143,184,0,184,327
02/28/2023,SSF,TX,ASW,CE,Federal Contract Tower,0,0,11,6,17,0,4,92,0,96,0,4,103,6,113,176,0,176,289
03/01/2023,SSF,TX,ASW,CE,Federal Contract Tower,0,0,29,19,48,0,3,89,3,95,0,3,118,22,143,192,0,192,335
03/02/2023,SSF,TX,ASW,CE,Federal Contract Tower,0,0,25,21,46,0,0,29,0,29,0,0,54,21,75,152,4,156,231
03/03/2023,SSF,TX,ASW,CE,Federal Contract Tower,0,0,9,10,19,0,4,111,0,115,0,4,120,10,134,70,0,70,204
03/04/2023,SSF,TX,ASW,CE,Federal Contract Tower,0,0,12,0,12,0,1,130,0,131,0,1,142,0,143,132,0,132,275
03/05/2023,SSF,TX,ASW,CE,Federal Contract Tower,0,0,5,0,5,0,5,63,0,68,0,5,68,0,73,86,0,86,159
03/06/2023,SSF,TX,ASW,CE,Federal Contract Tower,0,0,8,8,16,0,8,57,0,65,0,8,65,8,81,138,0,138,219
03/07/2023,SSF,TX,ASW,CE,Federal Contract Tower,0,0,6,4,10,0,4,56,0,60,0,4,62,4,70,158,0,158,228
03/08/2023,SSF,TX,ASW,CE,Federal Contract Tower,0,0,17,12,29,0,4,97,0,101,0,4,114,12,130,312,0,312,442
03/09/2023,SSF,TX,ASW,CE,Federal Contract Tower,0,0,15,14,29,0,6,73,0,79,0,6,88,14,108,160,0,160,268
03/10/2023,SSF,TX,ASW,CE,Federal Contract Tower,0,0,10,8,18,0,4,86,0,90,0,4,96,8,108,202,0,202,310
03/11/2023,SSF,TX,ASW,CE,Federal Contract Tower,0,0,5,0,5,0,4,84,0,88,0,4,89,0,93,138,0,138,231
03/12/2023,SSF,TX,ASW,CE,Federal Contract Tower,0,0,5,0,5,0,8,71,0,79,0,8,76,0,84,90,0,90,174
03/13/2023,SSF,TX,ASW,CE,Federal Contract Tower,0,0,1,13,14,0,4,72,0,76,0,4,73,13,90,76,0,76,166
03/14/2023,SSF,TX,ASW,CE,Federal Contract Tower,0,1,6,18,25,0,3,82,2,87,0,4,88,20,112,216,6,222,334
03/15/2023,SSF,TX,ASW,CE,Federal Contract Tower,0,0,12,8,20,0,5,58,0,63,0,5,70,8,83,140,0,140,223
03/16/2023,SSF,TX,ASW,CE,Federal Contract Tower,0,0,9,3,12,0,5,44,0,49,0,5,53,3,61,94,0,94,155
03/17/2023,SSF,TX,ASW,CE,Federal Contract Tower,0,0,1,5,6,0,2,26,0,28,0,2,27,5,34,40,0,40,74
03/18/2023,SSF,TX,ASW,CE,Federal Contract Tower,0,0,0,0,0,0,10,19,0,29,0,10,19,0,29,14,0,14,43
03/19/2023,SSF,TX,ASW,CE,Federal Contract Tower,0,0,5,0,5,0,23,81,0,104,0,23,86,0,109,174,0,174,283
03/20/2023,SSF,TX,ASW,CE,Federal Contract Tower,0,0,6,8,14,0,3,83,0,86,0,3,89,8,100,150,0,150,250
03/21/2023,SSF,TX,ASW,CE,Federal Contract Tower,0,0,9,2,11,0,0,12,0,12,0,0,21,2,23,16,0,16,39
03/22/2023,SSF,TX,ASW,CE,Federal Contract Tower,0,0,28,18,46,0,0,67,0,67,0,0,95,18,113,142,0,142,255
03/23/2023,SSF,TX,ASW,CE,Federal Contract Tower,0,0,19,2,21,0,3,70,1,74,0,3,89,3,95,114,0,114,209
03/24/2023,SSF,TX,ASW,CE,Federal Contract Tower,0,0,19,4,23,0,4,75,0,79,0,4,94,4,102,76,0,76,178
03/25/2023,SSF,TX,ASW,CE,Federal Contract Tower,0,0,3,4,7,0,15,170,0,185,0,15,173,4,192,250,0,250,442
03/26/2023,SSF,TX,ASW,CE,Federal Contract Tower,0,0,6,2,8,0,9,62,0,71,0,9,68,2,79,80,0,80,159
03/27/2023,SSF,TX,ASW,CE,Federal Contract Tower,0,0,17,14,31,0,0,83,1,84,0,0,100,15,115,208,0,208,323
03/28/2023,SSF,TX,ASW,CE,Federal Contract Tower,0,0,6,14,20,0,2,28,0,30,0,2,34,14,50,70,0,70,120
03/29/2023,SSF,TX,ASW,CE,Federal Contract Tower,0,0,5,22,27,0,2,133,2,137,0,2,138,24,164,312,0,312,476
03/30/2023,SSF,TX,ASW,CE,Federal Contract Tower,0,0,4,4,8,0,0,25,0,25,0,0,29,4,33,52,0,52,85
03/31/2023,SSF,TX,ASW,CE,Federal Contract Tower,0,0,29,26,55,0,6,85,3,94,0,6,114,29,149,238,22,260,409
04/01/2023,SSF,TX,ASW,CE,Federal Contract Tower,0,1,2,0,3,0,20,154,0,174,0,21,156,0,177,238,0,238,415
04/02/2023,SSF,TX,ASW,CE,Federal Contract Tower,0,0,6,2,8,0,18,38,0,56,0,18,44,2,64,128,0,128,192
04/03/2023,SSF,TX,ASW,CE,Federal Contract Tower,0,0,16,26,42,0,8,108,0,116,0,8,124,26,158,176,0,176,334
04/04/2023,SSF,TX,ASW,CE,Federal Contract Tower,0,0,21,14,35,0,3,93,0,96,0,3,114,14,131,218,0,218,349
04/05/2023,SSF,TX,ASW,CE,Federal Contract Tower,0,0,8,14,22,0,3,42,3,48,0,3,50,17,70,40,12,52,122
04/06/2023,SSF,TX,ASW,CE,Federal Contract Tower,0,0,5,0,5,0,0,11,0,11,0,0,16,0,16,0,0,0,16
04/07/2023,SSF,TX,ASW,CE,Federal Contract Tower,0,0,1,0,1,0,0,0,0,0,0,0,1,0,1,0,0,0,1
04/08/2023,SSF,TX,ASW,CE,Federal Contract Tower,0,0,6,0,6,0,9,95,0,104,0,9,101,0,110,210,0,210,320
04/09/2023,SSF,TX,ASW,CE,Federal Contract Tower,0,0,13,0,13,0,10,35,0,45,0,10,48,0,58,78,0,78,136
04/10/2023,SSF,TX,ASW,CE,Federal Contract Tower,0,0,14,26,40,0,0,40,0,40,0,0,54,26,80,90,0,90,170
04/11/2023,SSF,TX,ASW,CE,Federal Contract Tower,0,0,11,22,33,0,2,152,3,157,0,2,163,25,190,188,2,190,380
04/12/2023,SSF,TX,ASW,CE,Federal Contract Tower,0,0,5,18,23,0,2,158,6,166,0,2,163,24,189,312,0,312,501
04/13/2023,SSF,TX,ASW,CE,Federal Contract Tower,0,0,11,4,15,0,8,137,3,148,0,8,148,7,163,226,12,238,401
04/14/2023,SSF,TX,ASW,CE,Federal Contract Tower,0,2,11,16,29,0,7,49,0,56,0,9,60,16,85,140,4,144,229
04/15/2023,SSF,TX,ASW,CE,Federal Contract Tower,0,0,10,0,10,0,13,90,1,104,0,13,100,1,114,92,0,92,206
04/16/2023,SSF,TX,ASW,CE,Federal Contract Tower,0,1,5,1,7,0,13,102,1,116,0,14,107,2,123,82,0,82,205
04/17/2023,SSF,TX,ASW,CE,Federal Contract Tower,0,0,5,12,17,0,0,114,22,136,0,0,119,34,153,58,0,58,211
04/18/2023,SSF,TX,ASW,CE,Federal Contract Tower,0,0,11,8,19,0,2,36,0,38,0,2,47,8,57,72,0,72,129
04/19/2023,SSF,TX,ASW,CE,Federal Contract Tower,0,0,16,20,36,0,5,60,3,68,0,5,76,23,104,112,2,114,218
04/20/2023,SSF,TX,ASW,CE,Federal Contract Tower,0,0,10,10,20,0,3,17,0,20,0,3,27,10,40,38,0,38,78
04/21/2023,SSF,TX,ASW,CE,Federal Contract Tower,0,0,16,15,31,0,2,92,2,96,0,2,108,17,127,150,0,150,277
04/22/2023,SSF,TX,ASW,CE,Federal Contract Tower,0,0,9,1,10,0,13,143,0,156,0,13,152,1,166,184,0,184,350
04/23/2023,SSF,TX,ASW,CE,Federal Contract Tower,0,0,8,1,9,0,20,20,1,41,0,20,28,2,50,4,0,4,54
04/24/2023,SSF,TX,ASW,CE,Federal Contract Tower,0,0,10,20,30,0,2,86,0,88,0,2,96,20,118,206,0,206,324
04/25/2023,SSF,TX,ASW,CE,Federal Contract Tower,0,3,6,8,17,0,4,34,0,38,0,7,40,8,55,144,0,144,199
04/26/2023,SSF,TX,ASW,CE,Federal Contract Tower,0,2,15,10,27,0,0,86,1,87,0,2,101,11,114,244,0,244,358
04/27/2023,SSF,TX,ASW,CE,Federal Contract Tower,0,0,15,14,29,0,10,115,0,125,0,10,130,14,154,248,0,248,402
04/28/2023,SSF,TX,ASW,CE,Federal Contract Tower,0,0,11,6,17,0,8,54,1,63,0,8,65,7,80,36,0,36,116
04/29/2023,SSF,TX,ASW,CE,Federal Contract Tower,0,1,4,2,7,0,16,67,7,90,0,17,71,9,97,58,0,58,155
04/30/2023,SSF,TX,ASW,CE,Federal Contract Tower,0,0,7,0,7,0,44,126,2,172,0,44,133,2,179,142,0,142,321
05/01/2023,SSF,TX,ASW,CE,Federal Contract Tower,0,0,6,22,28,0,7,137,0,144,0,7,143,22,172,192,0,192,364
05/02/2023,SSF,TX,ASW,CE,Federal Contract Tower,0,0,14,18,32,0,2,61,0,63,0,2,75,18,95,164,0,164,259
05/03/2023,SSF,TX,ASW,CE,Federal Contract Tower,0,0,15,27,42,0,4,109,0,113,0,4,124,27,155,226,10,236,391
05/04/2023,SSF,TX,ASW,CE,Federal Contract Tower,0,0,11,22,33,0,0,62,0,62,0,0,73,22,95,150,0,150,245
05/05/2023,SSF,TX,ASW,CE,Federal Contract Tower,0,1,6,0,7,0,20,88,0,108,0,21,94,0,115,158,0,158,273
05/06/2023,SSF,TX,ASW,CE,Federal Contract Tower,0,0,10,0,10,0,27,56,0,83,0,27,66,0,93,142,0,142,235
05/07/2023,SSF,TX,ASW,CE,Federal Contract Tower,0,0,3,0,3,0,21,22,0,43,0,21,25,0,46,40,0,40,86
05/08/2023,SSF,TX,ASW,CE,Federal Contract Tower,0,0,7,10,17,0,0,80,0,80,0,0,87,10,97,76,0,76,173
05/09/2023,SSF,TX,ASW,CE,Federal Contract Tower,0,0,4,0,4,0,0,0,0,0,0,0,4,0,4,70,0,70,74
05/10/2023,SSF,TX,ASW,CE,Federal Contract Tower,0,0,23,20,43,0,1,70,3,74,0,1,93,23,117,196,8,204,321
05/11/2023,SSF,TX,ASW,CE,Federal Contract Tower,0,0,13,16,29,0,0,60,1,61,0,0,73,17,90,216,0,216,306
05/12/2023,SSF,TX,ASW,CE,Federal Contract Tower,0,0,15,28,43,0,30,33,0,63,0,30,48,28,106,138,0,138,244
05/13/2023,SSF,TX,ASW,CE,Federal Contract Tower,0,0,0,0,0,0,7,44,0,51,0,7,44,0,51,58,0,58,109
05/14/2023,SSF,TX,ASW,CE,Federal Contract Tower,0,0,2,0,2,0,34,64,0,98,0,34,66,0,100,134,0,134,234
05/15/2023,SSF,TX,ASW,CE,Federal Contract Tower,0,0,1,14,15,0,0,21,0,21,0,0,22,14,36,36,0,36,72
05/16/2023,SSF,TX,ASW,CE,Federal Contract Tower,0,0,6,6,12,0,1,66,0,67,0,1,72,6,79,96,0,96,175
05/17/2023,SSF,TX,ASW,CE,Federal Contract Tower,0,0,6,10,16,0,3,154,0,157,0,3,160,10,173,348,0,348,521
05/18/2023,SSF,TX,ASW,CE,Federal Contract Tower,0,0,5,10,15,0,4,136,0,140,0,4,141,10,155,272,0,272,427
05/19/2023,SSF,TX,ASW,CE,Federal Contract Tower,0,0,11,6,17,0,18,103,0,121,0,18,114,6,138,104,0,104,242
05/20/2023,SSF,TX,ASW,CE,Federal Contract Tower,0,0,10,2,12,0,34,68,0,102,0,34,78,2,114,174,0,174,288
05/21/2023,SSF,TX,ASW,CE,Federal Contract Tower,0,0,3,0,3,0,8,47,0,55,0,8,50,0,58,100,0,100,158
05/22/2023,SSF,TX,ASW,CE,Federal Contract Tower,0,0,3,12,15,0,0,119,2,121,0,0,122,14,136,294,0,294,430
05/23/2023,SSF,TX,ASW,CE,Federal Contract Tower,0,0,3,18,21,0,3,158,3,164,0,3,161,21,185,251,2,253,438
05/24/2023,SSF,TX,ASW,CE,Federal Contract Tower,0,0,6,26,32,0,7,101,1,109,0,7,107,27,141,232,10,242,383
05/25/2023,SSF,TX,ASW,CE,Federal Contract Tower,0,0,13,20,33,0,4,117,0,121,0,4,130,20,154,290,0,290,444
05/26/2023,SSF,TX,ASW,CE,Federal Contract Tower,0,0,14,0,14,0,33,128,2,163,0,33,142,2,177,294,14,308,485
05/27/2023,SSF,TX,ASW,CE,Federal Contract Tower,0,0,12,0,12,0,20,111,0,131,0,20,123,0,143,196,0,196,339
05/28/2023,SSF,TX,ASW,CE,Federal Contract Tower,0,0,2,0,2,0,20,86,0,106,0,20,88,0,108,108,0,108,216
05/29/2023,SSF,TX,ASW,CE,Federal Contract Tower,0,0,13,0,13,0,1,50,0,51,0,1,63,0,64,186,0,186,250
05/30/2023,SSF,TX,ASW,CE,Federal Contract Tower,0,0,3,30,33,0,1,117,0,118,0,1,120,30,151,230,0,230,381
05/31/2023,SSF,TX,ASW,CE,Federal Contract Tower,0,0,7,12,19,0,4,120,0,124,0,4,127,12,143,246,0,246,389
06/01/2023,SSF,TX,ASW,CE,Federal Contract Tower,0,0,16,17,33,0,0,88,2,90,0,0,104,19,123,298,8,306,429
06/02/2023,SSF,TX,ASW,CE,Federal Contract Tower,0,0,13,14,27,0,24,112,1,137,0,24,125,15,164,262,0,262,426
06/03/2023,SSF,TX,ASW,CE,Federal Contract Tower,0,0,4,0,4,0,15,130,0,145,0,15,134,0,149,172,0,172,321
06/04/2023,SSF,TX,ASW,CE,Federal Contract Tower,0,0,4,0,4,0,6,87,0,93,0,6,91,0,97,78,0,78,175
06/05/2023,SSF,TX,ASW,CE,Federal Contract Tower,0,0,7,10,17,0,6,80,0,86,0,6,87,10,103,138,0,138,241
06/06/2023,SSF,TX,ASW,CE,Federal Contract Tower,0,0,1,14,15,0,6,70,0,76,0,6,71,14,91,132,0,132,223
06/07/2023,SSF,TX,ASW,CE,Federal Contract Tower,0,0,8,4,12,0,4,140,7,151,0,4,148,11,163,296,14,310,473
06/08/2023,SSF,TX,ASW,CE,Federal Contract Tower,0,0,6,10,16,0,14,127,2,143,0,14,133,12,159,202,0,202,361
06/09/2023,SSF,TX,ASW,CE,Federal Contract Tower,0,0,9,20,29,0,3,161,0,164,0,3,170,20,193,214,0,214,407
06/10/2023,SSF,TX,ASW,CE,Federal Contract Tower,0,0,2,0,2,0,11,160,1,172,0,11,162,1,174,192,0,192,366
06/11/2023,SSF,TX,ASW,CE,Federal Contract Tower,0,0,10,0,10,0,21,96,0,117,0,21,106,0,127,152,0,152,279
06/12/2023,SSF,TX,ASW,CE,Federal Contract Tower,0,0,24,6,30,0,2,66,5,73,0,2,90,11,103,136,0,136,239
06/13/2023,SSF,TX,ASW,CE,Federal Contract Tower,0,0,15,10,25,0,14,63,2,79,0,14,78,12,104,230,0,230,334
06/14/2023,SSF,TX,ASW,CE,Federal Contract Tower,0,0,29,14,43,0,4,62,0,66,0,4,91,14,109,224,0,224,333
06/15/2023,SSF,TX,ASW,CE,Federal Contract Tower,0,0,15,12,27,0,1,71,0,72,0,1,86,12,99,116,0,116,215
06/16/2023,SSF,TX,ASW,CE,Federal Contract Tower,0,2,8,10,20,0,14,126,1,141,0,16,134,11,161,188,0,188,349
06/17/2023,SSF,TX,ASW,CE,Federal Contract Tower,0,0,10,0,10,0,12,86,0,98,0,12,96,0,108,186,0,186,294
06/18/2023,SSF,TX,ASW,CE,Federal Contract Tower,0,0,1,0,1,0,34,72,0,106,0,34,73,0,107,136,0,136,243
06/19/2023,SSF,TX,ASW,CE,Federal Contract Tower,0,0,7,2,9,0,19,115,0,134,0,19,122,2,143,196,0,196,339
06/20/2023,SSF,TX,ASW,CE,Federal Contract Tower,0,0,19,14,33,0,3,110,0,113,0,3,129,14,146,198,0,198,344
06/21/2023,SSF,TX,ASW,CE,Federal Contract Tower,0,0,11,6,17,0,7,101,0,108,0,7,112,6,125,148,0,148,273
06/22/2023,SSF,TX,ASW,CE,Federal Contract Tower,0,0,2,6,8,0,4,84,0,88,0,4,86,6,96,150,0,150,246
06/23/2023,SSF,TX,ASW,CE,Federal Contract Tower,0,1,7,16,24,0,7,126,3,136,0,8,133,19,160,174,0,174,334
06/24/2023,SSF,TX,ASW,CE,Federal Contract Tower,0,0,14,4,18,0,13,153,2,168,0,13,167,6,186,150,10,160,346
06/25/2023,SSF,TX,ASW,CE,Federal Contract Tower,0,0,3,0,3,0,26,84,0,110,0,26,87,0,113,102,0,102,215
06/26/2023,SSF,TX,ASW,CE,Federal Contract Tower,0,1,8,20,29,0,1,97,0,98,0,2,105,20,127,116,0,116,243
06/27/2023,SSF,TX,ASW,CE,Federal Contract Tower,0,1,16,18,35,0,2,102,0,104,0,3,118,18,139,130,0,130,269
06/28/2023,SSF,TX,ASW,CE,Federal Contract Tower,0,0,12,18,30,0,3,120,0,123,0,3,132,18,153,184,0,184,337
06/29/2023,SSF,TX,ASW,CE,Federal Contract Tower,0,0,11,14,25,0,4,105,0,109,0,4,116,14,134,250,0,250,384
06/30/2023,SSF,TX,ASW,CE,Federal Contract Tower,0,0,20,8,28,0,4,108,1,113,0,4,128,9,141,240,6,246,387
07/01/2023,SSF,TX,ASW,CE,Federal Contract Tower,0,0,16,0,16,0,14,86,3,103,0,14,102,3,119,122,10,132,251
07/02/2023,SSF,TX,ASW,CE,Federal Contract Tower,0,0,8,0,8,0,22,89,0,111,0,22,97,0,119,132,0,132,251
07/03/2023,SSF,TX,ASW,CE,Federal Contract Tower,0,0,8,0,8,0,6,89,0,95,0,6,97,0,103,232,0,232,335
07/04/2023,SSF,TX,ASW,CE,Federal Contract Tower,0,0,4,0,4,0,8,44,0,52,0,8,48,0,56,52,0,52,108
07/05/2023,SSF,TX,ASW,CE,Federal Contract Tower,0,0,4,8,12,0,2,56,2,60,0,2,60,10,72,92,8,100,172
07/06/2023,SSF,TX,ASW,CE,Federal Contract Tower,0,0,6,20,26,0,4,61,2,67,0,4,67,22,93,184,10,194,287
07/07/2023,SSF,TX,ASW,CE,Federal Contract Tower,0,0,16,6,22,0,12,87,0,99,0,12,103,6,121,250,0,250,371
07/08/2023,SSF,TX,ASW,CE,Federal Contract Tower,0,0,13,0,13,0,17,84,6,107,0,17,97,6,120,122,12,134,254
07/09/2023,SSF,TX,ASW,CE,Federal Contract Tower,0,0,3,0,3,0,14,95,0,109,0,14,98,0,112,118,0,118,230
07/10/2023,SSF,TX,ASW,CE,Federal Contract Tower,0,0,9,8,17,0,0,96,2,98,0,0,105,10,115,120,0,120,235
07/11/2023,SSF,TX,ASW,CE,Federal Contract Tower,0,0,6,6,12,0,3,107,0,110,0,3,113,6,122,168,0,168,290
07/12/2023,SSF,TX,ASW,CE,Federal Contract Tower,0,0,4,20,24,0,8,98,0,106,0,8,102,20,130,136,0,136,266
07/13/2023,SSF,TX,ASW,CE,Federal Contract Tower,0,0,5,18,23,0,2,101,0,103,0,2,106,18,126,266,0,266,392
07/14/2023,SSF,TX,ASW,CE,Federal Contract Tower,0,0,7,12,19,0,7,119,0,126,0,7,126,12,145,158,0,158,303
07/15/2023,SSF,TX,ASW,CE,Federal Contract Tower,0,0,7,0,7,0,18,152,0,170,0,18,159,0,177,154,0,154,331
07/16/2023,SSF,TX,ASW,CE,Federal Contract Tower,0,0,5,4,9,0,50,79,0,129,0,50,84,4,138,108,0,108,246
07/17/2023,SSF,TX,ASW,CE,Federal Contract Tower,0,0,5,14,19,0,2,118,0,120,0,2,123,14,139,196,0,196,335
07/18/2023,SSF,TX,ASW,CE,Federal Contract Tower,0,1,7,10,18,0,0,109,1,110,0,1,116,11,128,180,0,180,308
07/19/2023,SSF,TX,ASW,CE,Federal Contract Tower,0,0,5,12,17,0,4,111,0,115,0,4,116,12,132,72,0,72,204
07/20/2023,SSF,TX,ASW,CE,Federal Contract Tower,0,0,12,6,18,0,4,119,1,124,0,4,131,7,142,202,0,202,344
07/21/2023,SSF,TX,ASW,CE,Federal Contract Tower,0,0,7,14,21,0,6,128,0,134,0,6,135,14,155,200,0,200,355
07/22/2023,SSF,TX,ASW,CE,Federal Contract Tower,0,0,1,2,3,0,5,150,0,155,0,5,151,2,158,182,0,182,340
07/23/2023,SSF,TX,ASW,CE,Federal Contract Tower,0,0,4,4,8,0,0,90,0,90,0,0,94,4,98,128,0,128,226
07/24/2023,SSF,TX,ASW,CE,Federal Contract Tower,0,0,9,18,27,0,0,107,0,107,0,0,116,18,134,184,0,184,318
07/25/2023,SSF,TX,ASW,CE,Federal Contract Tower,0,0,11,14,25,0,2,99,0,101,0,2,110,14,126,168,0,168,294
07/26/2023,SSF,TX,ASW,CE,Federal Contract Tower,0,0,9,16,25,0,7,80,0,87,0,7,89,16,112,76,0,76,188
07/27/2023,SSF,TX,ASW,CE,Federal Contract Tower,0,0,4,4,8,0,7,115,0,122,0,7,119,4,130,224,0,224,354
07/28/2023,SSF,TX,ASW,CE,Federal Contract Tower,0,0,2,14,16,0,10,122,0,132,0,10,124,14,148,92,0,92,240
07/29/2023,SSF,TX,ASW,CE,Federal Contract Tower,0,0,2,0,2,0,10,149,0,159,0,10,151,0,161,186,0,186,347
07/30/2023,SSF,TX,ASW,CE,Federal Contract Tower,0,0,3,0,3,0,42,90,0,132,0,42,93,0,135,92,0,92,227
07/31/2023,SSF,TX,ASW,CE,Federal Contract Tower,0,0,3,2,5,0,0,112,0,112,0,0,115,2,117,230,0,230,347
08/01/2023,SSF,TX,ASW,CE,Federal Contract Tower,0,0,5,14,19,0,0,99,0,99,0,0,104,14,118,172,0,172,290
08/02/2023,SSF,TX,ASW,CE,Federal Contract Tower,0,0,9,18,27,0,9,108,2,119,0,9,117,20,146,186,0,186,332
08/03/2023,SSF,TX,ASW,CE,Federal Contract Tower,0,0,14,14,28,0,4,123,0,127,0,4,137,14,155,236,0,236,391
08/04/2023,SSF,TX,ASW,CE,Federal Contract Tower,0,0,5,12,17,0,6,127,0,133,0,6,132,12,150,158,0,158,308
08/05/2023,SSF,TX,ASW,CE,Federal Contract Tower,0,0,1,0,1,0,38,115,0,153,0,38,116,0,154,172,0,172,326
08/06/2023,SSF,TX,ASW,CE,Federal Contract Tower,0,0,7,4,11,0,24,57,0,81,0,24,64,4,92,70,0,70,162
08/07/2023,SSF,TX,ASW,CE,Federal Contract Tower,0,2,6,26,34,0,5,89,0,94,0,7,95,26,128,110,0,110,238
08/08/2023,SSF,TX,ASW,CE,Federal Contract Tower,0,0,12,8,20,0,10,103,0,113,0,10,115,8,133,200,0,200,333
08/09/2023,SSF,TX,ASW,CE,Federal Contract Tower,0,0,8,21,29,0,0,91,0,91,0,0,99,21,120,106,0,106,226
08/10/2023,SSF,TX,ASW,CE,Federal Contract Tower,0,0,7,24,31,0,12,119,2,133,0,12,126,26,164,220,4,224,388
08/11/2023,SSF,TX,ASW,CE,Federal Contract Tower,0,0,9,16,25,0,6,124,0,130,0,6,133,16,155,222,0,222,377
08/12/2023,SSF,TX,ASW,CE,Federal Contract Tower,0,0,12,0,12,0,8,123,0,131,0,8,135,0,143,120,0,120,263
08/13/2023,SSF,TX,ASW,CE,Federal Contract Tower,0,0,10,0,10,0,26,77,0,103,0,26,87,0,113,82,0,82,195
08/14/2023,SSF,TX,ASW,CE,Federal Contract Tower,0,2,17,20,39,0,4,102,0,106,0,6,119,20,145,192,0,192,337
08/15/2023,SSF,TX,ASW,CE,Federal Contract Tower,0,0,9,2,11,0,0,105,0,105,0,0,114,2,116,190,0,190,306
08/16/2023,SSF,TX,ASW,CE,Federal Contract Tower,0,0,4,8,12,0,2,134,0,136,0,2,138,8,148,168,0,168,316
08/17/2023,SSF,TX,ASW,CE,Federal Contract Tower,0,2,6,10,18,0,5,124,0,129,0,7,130,10,147,214,0,214,361
08/18/2023,SSF,TX,ASW,CE,Federal Contract Tower,0,0,7,14,21,0,13,123,0,136,0,13,130,14,157,156,0,156,313
08/19/2023,SSF,TX,ASW,CE,Federal Contract Tower,0,0,5,0,5,0,32,108,0,140,0,32,113,0,145,182,0,182,327
08/20/2023,SSF,TX,ASW,CE,Federal Contract Tower,0,2,10,0,12,0,13,68,0,81,0,15,78,0,93,126,0,126,219
08/21/2023,SSF,TX,ASW,CE,Federal Contract Tower,0,0,3,10,13,0,2,94,0,96,0,2,97,10,109,176,0,176,285
08/22/2023,SSF,TX,ASW,CE,Federal Contract Tower,0,0,2,6,8,0,2,24,0,26,0,2,26,6,34,118,0,118,152
08/23/2023,SSF,TX,ASW,CE,Federal Contract Tower,0,0,10,24,34,0,1,69,0,70,0,1,79,24,104,196,0,196,300
08/24/2023,SSF,TX,ASW,CE,Federal Contract Tower,0,0,9,8,17,0,5,106,0,111,0,5,115,8,128,174,0,174,302
08/25/2023,SSF,TX,ASW,CE,Federal Contract Tower,0,0,4,20,24,0,6,134,1,141,0,6,138,21,165,264,0,264,429
08/26/2023,SSF,TX,ASW,CE,Federal Contract Tower,0,0,1,0,1,0,18,78,0,96,0,18,79,0,97,112,0,112,209
08/27/2023,SSF,TX,ASW,CE,Federal Contract Tower,0,0,2,0,2,0,28,76,0,104,0,28,78,0,106,66,0,66,172
08/28/2023,SSF,TX,ASW,CE,Federal Contract Tower,0,0,6,2,8,0,7,60,2,69,0,7,66,4,77,74,0,74,151
08/29/2023,SSF,TX,ASW,CE,Federal Contract Tower,0,7,9,14,30,0,11,108,5,124,0,18,117,19,154,160,4,164,318
08/30/2023,SSF,TX,ASW,CE,Federal Contract Tower,0,0,5,18,23,0,3,119,1,123,0,3,124,19,146,277,6,283,429
08/31/2023,SSF,TX,ASW,CE,Federal Contract Tower,0,0,4,22,26,0,0,103,0,103,0,0,107,22,129,157,0,157,286
